fra;vaccin;jour;n_dose1;n_dose2;n_dose3;n_dose4;n_rappel;n_cum_dose1;n_cum_dose2;n_cum_dose3;n_cum_dose4;n_cum_rappel
FR;1;2020-12-27;606;0;0;0;0;606;0;0;0;0
FR;1;2020-12-28;672;1;0;0;0;1278;1;0;0;0
FR;1;2020-12-29;374;0;0;0;0;1652;1;0;0;0
FR;1;2020-12-30;441;0;0;0;0;2093;1;0;0;0
FR;1;2020-12-31;438;1;0;0;0;2531;2;0;0;0
FR;1;2021-01-01;1140;2;0;0;0;3671;4;0;0;0
FR;1;2021-01-02;360;3;0;0;0;4031;7;0;0;0
FR;1;2021-01-03;402;0;0;0;0;4433;7;0;0;0
FR;1;2021-01-04;2095;3;0;0;0;6528;10;0;0;0
FR;1;2021-01-05;7735;3;0;0;0;14263;13;0;0;0
FR;1;2021-01-06;12450;14;0;0;0;26713;27;0;0;0
FR;1;2021-01-07;29453;12;0;0;0;56166;39;0;0;0
FR;1;2021-01-08;37133;12;0;0;0;93299;51;0;0;0
FR;1;2021-01-09;11210;6;0;0;0;104509;57;0;0;0
FR;1;2021-01-10;6000;4;0;0;0;110509;61;0;0;0
FR;1;2021-01-11;39925;19;0;0;0;150434;80;0;0;0
FR;1;2021-01-12;62128;16;0;0;0;212562;96;0;0;0
FR;1;2021-01-13;65113;32;0;0;0;277675;128;0;0;0
FR;1;2021-01-14;81439;101;0;0;0;359114;229;0;0;0
FR;1;2021-01-15;68601;36;0;0;0;427715;265;0;0;0
FR;1;2021-01-16;19895;69;0;0;0;447610;334;0;0;0
FR;1;2021-01-17;10898;50;0;0;0;458508;384;0;0;0
FR;1;2021-01-18;82814;162;0;0;0;541322;546;0;0;0
FR;1;2021-01-19;125909;175;0;0;0;667231;721;0;0;0
FR;1;2021-01-20;132398;177;0;0;0;799629;898;0;0;0
FR;1;2021-01-21;153050;159;0;0;0;952679;1057;0;0;0
FR;1;2021-01-22;115934;206;0;0;0;1068613;1263;0;0;0
FR;1;2021-01-23;36604;67;0;0;0;1105217;1330;0;0;0
FR;1;2021-01-24;9581;79;0;0;0;1114798;1409;0;0;0
FR;1;2021-01-25;74416;1291;0;0;0;1189214;2700;0;0;0
FR;1;2021-01-26;96449;3320;1;0;0;1285663;6020;1;0;0
FR;1;2021-01-27;103632;5976;0;0;0;1389295;11996;1;0;0
FR;1;2021-01-28;120588;15183;0;0;0;1509883;27179;1;0;0
FR;1;2021-01-29;88881;17837;0;0;0;1598764;45016;1;0;0
FR;1;2021-01-30;27984;4344;0;0;0;1626748;49360;1;0;0
FR;1;2021-01-31;5185;1755;0;0;0;1631933;51115;1;0;0
FR;1;2021-02-01;49708;21671;0;0;0;1681641;72786;1;0;0
FR;1;2021-02-02;67800;36055;0;0;0;1749441;108841;1;0;0
FR;1;2021-02-03;67078;38374;0;0;0;1816519;147215;1;0;0
FR;1;2021-02-04;77126;52090;0;0;0;1893645;199305;1;0;0
FR;1;2021-02-05;63409;46324;0;0;0;1957054;245629;1;0;0
FR;1;2021-02-06;19409;10830;0;0;0;1976463;256459;1;0;0
FR;1;2021-02-07;3660;5402;0;0;0;1980123;261861;1;0;0
FR;1;2021-02-08;36489;47107;0;0;0;2016612;308968;1;0;0
FR;1;2021-02-09;50791;75102;0;0;0;2067403;384070;1;0;0
FR;1;2021-02-10;52051;79839;0;0;0;2119454;463909;1;0;0
FR;1;2021-02-11;63363;101812;0;0;0;2182817;565721;1;0;0
FR;1;2021-02-12;55843;74881;0;0;0;2238660;640602;1;0;0
FR;1;2021-02-13;15454;19281;0;0;0;2254114;659883;1;0;0
FR;1;2021-02-14;3745;7284;0;0;0;2257859;667167;1;0;0
FR;1;2021-02-15;24132;73541;0;0;0;2281991;740708;1;0;0
FR;1;2021-02-16;32763;96487;0;0;0;2314754;837195;1;0;0
FR;1;2021-02-17;35106;100588;6;0;0;2349860;937783;7;0;0
FR;1;2021-02-18;49431;115878;0;0;0;2399291;1053661;7;0;0
FR;1;2021-02-19;45371;86787;1;0;0;2444662;1140448;8;0;0
FR;1;2021-02-20;13380;27092;0;0;0;2458042;1167540;8;0;0
FR;1;2021-02-21;2456;6171;0;0;0;2460498;1173711;8;0;0
FR;1;2021-02-22;24713;69504;2;0;0;2485211;1243215;10;0;0
FR;1;2021-02-23;37420;80828;1;0;0;2522631;1324043;11;0;0
FR;1;2021-02-24;40680;78419;1;0;0;2563311;1402462;12;0;0
FR;1;2021-02-25;50138;87992;1;0;0;2613449;1490454;13;0;0
FR;1;2021-02-26;47193;67532;1;0;0;2660642;1557986;14;0;0
FR;1;2021-02-27;15668;21114;1;0;0;2676310;1579100;15;0;0
FR;1;2021-02-28;3553;4216;2;0;0;2679863;1583316;17;0;0
FR;1;2021-03-01;40155;49642;1;0;0;2720018;1632958;18;0;0
FR;1;2021-03-02;55965;61995;2;0;0;2775983;1694953;20;0;0
FR;1;2021-03-03;61219;60565;0;0;0;2837202;1755518;20;0;0
FR;1;2021-03-04;72979;66540;3;0;0;2910181;1822058;23;0;0
FR;1;2021-03-05;74741;58881;3;0;0;2984922;1880939;26;0;0
FR;1;2021-03-06;82439;15966;2;0;0;3067361;1896905;28;0;0
FR;1;2021-03-07;63713;4802;1;0;0;3131074;1901707;29;0;0
FR;1;2021-03-08;60150;41831;2;0;0;3191224;1943538;31;0;0
FR;1;2021-03-09;85976;47865;1;0;0;3277200;1991403;32;0;0
FR;1;2021-03-10;90886;47907;5;0;0;3368086;2039310;37;0;0
FR;1;2021-03-11;105048;54298;1;0;0;3473134;2093608;38;0;0
FR;1;2021-03-12;104096;45023;1;0;0;3577230;2138631;39;0;0
FR;1;2021-03-13;89187;12686;1;0;0;3666417;2151317;40;0;0
FR;1;2021-03-14;44450;2836;1;0;0;3710867;2154153;41;0;0
FR;1;2021-03-15;95484;28538;3;0;0;3806351;2182691;44;0;0
FR;1;2021-03-16;123578;34410;5;0;0;3929929;2217101;49;0;0
FR;1;2021-03-17;129285;34140;4;0;0;4059214;2251241;53;0;0
FR;1;2021-03-18;142866;39501;5;0;0;4202080;2290742;58;0;0
FR;1;2021-03-19;136224;32442;2;0;0;4338304;2323184;60;0;0
FR;1;2021-03-20;75981;9943;1;0;0;4414285;2333127;61;0;0
FR;1;2021-03-21;26496;2264;1;0;0;4440781;2335391;62;0;0
FR;1;2021-03-22;114729;30726;2;0;0;4555510;2366117;64;0;0
FR;1;2021-03-23;143002;38093;1;0;0;4698512;2404210;65;0;0
FR;1;2021-03-24;141977;38520;0;0;0;4840489;2442730;65;0;0
FR;1;2021-03-25;164987;39614;4;0;0;5005476;2482344;69;0;0
FR;1;2021-03-26;166372;37501;4;1;0;5171848;2519845;73;1;0
FR;1;2021-03-27;110870;15336;1;0;0;5282718;2535181;74;1;0
FR;1;2021-03-28;42296;3967;3;0;0;5325014;2539148;77;1;0
FR;1;2021-03-29;129795;49500;4;0;0;5454809;2588648;81;1;0
FR;1;2021-03-30;167704;63592;4;0;0;5622513;2652240;85;1;0
FR;1;2021-03-31;170909;67333;4;0;0;5793422;2719573;89;1;0
FR;1;2021-04-01;194754;81176;10;0;0;5988176;2800749;99;1;0
FR;1;2021-04-02;164425;85244;7;0;0;6152601;2885993;106;1;0
FR;1;2021-04-03;88231;58054;5;0;0;6240832;2944047;111;1;0
FR;1;2021-04-04;33638;17684;0;0;0;6274470;2961731;111;1;0
FR;1;2021-04-05;46385;9911;11;0;0;6320855;2971642;122;1;0
FR;1;2021-04-06;160282;102644;17;0;0;6481137;3074286;139;1;0
FR;1;2021-04-07;196956;108163;16;0;0;6678093;3182449;155;1;0
FR;1;2021-04-08;222073;113033;13;0;0;6900166;3295482;168;1;0
FR;1;2021-04-09;214518;107530;21;0;0;7114684;3403012;189;1;0
FR;1;2021-04-10;117158;73270;14;0;0;7231842;3476282;203;1;0
FR;1;2021-04-11;40879;30081;6;0;0;7272721;3506363;209;1;0
FR;1;2021-04-12;168434;104028;45;0;0;7441155;3610391;254;1;0
FR;1;2021-04-13;203767;127919;97;1;0;7644922;3738310;351;2;0
FR;1;2021-04-14;208587;122690;207;0;0;7853509;3861000;558;2;0
FR;1;2021-04-15;221628;127241;311;0;0;8075137;3988241;869;2;0
FR;1;2021-04-16;206017;125226;308;0;0;8281154;4113467;1177;2;0
FR;1;2021-04-17;122066;67199;103;0;0;8403220;4180666;1280;2;0
FR;1;2021-04-18;35958;20933;41;0;0;8439178;4201599;1321;2;0
FR;1;2021-04-19;163716;121655;432;0;0;8602894;4323254;1753;2;0
FR;1;2021-04-20;189375;149033;531;0;0;8792269;4472287;2284;2;0
FR;1;2021-04-21;193949;147057;758;0;0;8986218;4619344;3042;2;0
FR;1;2021-04-22;208990;163328;777;0;0;9195208;4782672;3819;2;0
FR;1;2021-04-23;198926;157152;671;0;0;9394134;4939824;4490;2;0
FR;1;2021-04-24;126315;95527;148;0;0;9520449;5035351;4638;2;0
FR;1;2021-04-25;53623;30006;46;0;0;9574072;5065357;4684;2;0
FR;1;2021-04-26;181106;138625;539;0;0;9755178;5203982;5223;2;0
FR;1;2021-04-27;221331;161975;900;0;0;9976509;5365957;6123;2;0
FR;1;2021-04-28;238260;155246;1311;1;1;10214769;5521203;7434;3;1
FR;1;2021-04-29;270244;160612;1208;0;0;10485013;5681815;8642;3;1
FR;1;2021-04-30;271943;148246;1070;0;0;10756956;5830061;9712;3;1
FR;1;2021-05-01;141126;40616;172;0;0;10898082;5870677;9884;3;1
FR;1;2021-05-02;81526;28098;81;0;0;10979608;5898775;9965;3;1
FR;1;2021-05-03;250749;144799;800;0;0;11230357;6043574;10765;3;1
FR;1;2021-05-04;265834;187051;1198;0;0;11496191;6230625;11963;3;1
FR;1;2021-05-05;283836;184935;1265;0;0;11780027;6415560;13228;3;1
FR;1;2021-05-06;309916;183421;1501;0;0;12089943;6598981;14729;3;1
FR;1;2021-05-07;284052;195778;1125;0;0;12373995;6794759;15854;3;1
FR;1;2021-05-08;191642;49016;285;0;0;12565637;6843775;16139;3;1
FR;1;2021-05-09;114043;35668;236;0;0;12679680;6879443;16375;3;1
FR;1;2021-05-10;258171;194157;1184;0;0;12937851;7073600;17559;3;1
FR;1;2021-05-11;318845;210985;1462;0;0;13256696;7284585;19021;3;1
FR;1;2021-05-12;356582;185766;1399;0;0;13613278;7470351;20420;3;1
FR;1;2021-05-13;283417;47666;399;0;0;13896695;7518017;20819;3;1
FR;1;2021-05-14;370452;128585;992;0;0;14267147;7646602;21811;3;1
FR;1;2021-05-15;298059;66118;403;0;0;14565206;7712720;22214;3;1
FR;1;2021-05-16;157759;15513;158;0;0;14722965;7728233;22372;3;1
FR;1;2021-05-17;318903;116268;1438;0;0;15041868;7844501;23810;3;1
FR;1;2021-05-18;383291;111247;1796;0;0;15425159;7955748;25606;3;1
FR;1;2021-05-19;395222;102423;2177;0;0;15820381;8058171;27783;3;1
FR;1;2021-05-20;421763;96085;2042;0;0;16242144;8154256;29825;3;1
FR;1;2021-05-21;399776;97171;1756;0;0;16641920;8251427;31581;3;1
FR;1;2021-05-22;275662;42015;602;0;0;16917582;8293442;32183;3;1
FR;1;2021-05-23;123004;11121;224;0;0;17040586;8304563;32407;3;1
FR;1;2021-05-24;243988;26238;568;0;0;17284574;8330801;32975;3;1
FR;1;2021-05-25;366203;131613;2110;1;0;17650777;8462414;35085;4;1
FR;1;2021-05-26;380783;126124;1991;0;0;18031560;8588538;37076;4;1
FR;1;2021-05-27;406111;128057;1974;0;0;18437671;8716595;39050;4;1
FR;1;2021-05-28;365996;145319;1698;0;0;18803667;8861914;40748;4;1
FR;1;2021-05-29;253810;80860;525;0;0;19057477;8942774;41273;4;1
FR;1;2021-05-30;100964;22560;157;0;0;19158441;8965334;41430;4;1
FR;1;2021-05-31;314282;148821;1280;1;1;19472723;9114155;42710;5;2
FR;1;2021-06-01;361559;166450;1724;1;1;19834282;9280605;44434;6;3
FR;1;2021-06-02;365178;153371;1793;0;0;20199460;9433976;46227;6;3
FR;1;2021-06-03;391178;147589;1650;0;0;20590638;9581565;47877;6;3
FR;1;2021-06-04;363686;175516;1492;1;1;20954324;9757081;49369;7;4
FR;1;2021-06-05;258480;112661;596;0;0;21212804;9869742;49965;7;4
FR;1;2021-06-06;126782;37544;215;0;0;21339586;9907286;50180;7;4
FR;1;2021-06-07;300410;207758;1362;0;0;21639996;10115044;51542;7;4
FR;1;2021-06-08;330624;220696;1639;0;0;21970620;10335740;53181;7;4
FR;1;2021-06-09;336464;212044;1609;0;0;22307084;10547784;54790;7;4
FR;1;2021-06-10;343805;201632;1610;0;0;22650889;10749416;56400;7;4
FR;1;2021-06-11;311837;235137;1295;0;0;22962726;10984553;57695;7;4
FR;1;2021-06-12;244048;150646;433;0;0;23206774;11135199;58128;7;4
FR;1;2021-06-13;100352;61000;188;0;0;23307126;11196199;58316;7;4
FR;1;2021-06-14;207785;288608;1317;1;0;23514911;11484807;59633;8;4
FR;1;2021-06-15;256783;281988;1392;1;0;23771694;11766795;61025;9;4
FR;1;2021-06-16;273608;270606;1263;1;0;24045302;12037401;62288;10;4
FR;1;2021-06-17;268157;244796;1232;1;0;24313459;12282197;63520;11;4
FR;1;2021-06-18;260548;295584;1151;1;0;24574007;12577781;64671;12;4
FR;1;2021-06-19;193431;209478;387;0;0;24767438;12787259;65058;12;4
FR;1;2021-06-20;69669;89141;117;0;0;24837107;12876400;65175;12;4
FR;1;2021-06-21;172313;319795;930;1;1;25009420;13196195;66105;13;5
FR;1;2021-06-22;185802;347853;1098;10;2;25195222;13544048;67203;23;7
FR;1;2021-06-23;204151;339478;1048;0;0;25399373;13883526;68251;23;7
FR;1;2021-06-24;203485;282125;1170;0;0;25602858;14165651;69421;23;7
FR;1;2021-06-25;182630;371808;1196;0;0;25785488;14537459;70617;23;7
FR;1;2021-06-26;131368;278359;503;0;0;25916856;14815818;71120;23;7
FR;1;2021-06-27;52384;122905;145;0;0;25969240;14938723;71265;23;7
FR;1;2021-06-28;136618;368158;1060;0;0;26105858;15306881;72325;23;7
FR;1;2021-06-29;154843;390814;1849;0;0;26260701;15697695;74174;23;7
FR;1;2021-06-30;180006;380530;1664;4;2;26440707;16078225;75838;27;9
FR;1;2021-07-01;201325;332200;1886;5;1;26642032;16410425;77724;32;10
FR;1;2021-07-02;193618;367609;1765;5;2;26835650;16778034;79489;37;12
FR;1;2021-07-03;124404;280457;704;3;1;26960054;17058491;80193;40;13
FR;1;2021-07-04;53912;113689;244;0;0;27013966;17172180;80437;40;13
FR;1;2021-07-05;153762;356014;1500;8;2;27167728;17528194;81937;48;15
FR;1;2021-07-06;173365;382505;1601;45;8;27341093;17910699;83538;93;23
FR;1;2021-07-07;190665;362526;1657;24;5;27531758;18273225;85195;117;28
FR;1;2021-07-08;201435;323102;1826;20;6;27733193;18596327;87021;137;34
FR;1;2021-07-09;189757;387786;1851;3;2;27922950;18984113;88872;140;36
FR;1;2021-07-10;129883;281135;814;1;1;28052833;19265248;89686;141;37
FR;1;2021-07-11;57639;102513;261;0;0;28110472;19367761;89947;141;37
FR;1;2021-07-12;149517;417017;1580;4;0;28259989;19784778;91527;145;37
FR;1;2021-07-13;234114;439426;1805;8;1;28494103;20224204;93332;153;38
FR;1;2021-07-14;171771;151520;417;0;0;28665874;20375724;93749;153;38
FR;1;2021-07-15;279542;424699;1857;1;0;28945416;20800423;95606;154;38
FR;1;2021-07-16;290313;401140;1711;3;1;29235729;21201563;97317;157;39
FR;1;2021-07-17;217288;282097;754;1;0;29453017;21483660;98071;158;39
FR;1;2021-07-18;101969;107295;288;0;0;29554986;21590955;98359;158;39
FR;1;2021-07-19;238094;379041;1496;3;0;29793080;21969996;99855;161;39
FR;1;2021-07-20;305623;380633;1468;0;0;30098703;22350629;101323;161;39
FR;1;2021-07-21;333158;353313;1412;4;2;30431861;22703942;102735;165;41
FR;1;2021-07-22;364570;319165;1502;3;2;30796431;23023107;104237;168;43
FR;1;2021-07-23;349278;343480;1586;4;2;31145709;23366587;105823;172;45
FR;1;2021-07-24;238918;240953;696;1;0;31384627;23607540;106519;173;45
FR;1;2021-07-25;112757;76037;219;0;0;31497384;23683577;106738;173;45
FR;1;2021-07-26;299040;289926;1496;2;2;31796424;23973503;108234;175;47
FR;1;2021-07-27;385738;268584;1457;4;2;32182162;24242087;109691;179;49
FR;1;2021-07-28;390119;251348;1460;4;2;32572281;24493435;111151;183;51
FR;1;2021-07-29;406044;228183;1538;2;1;32978325;24721618;112689;185;52
FR;1;2021-07-30;370622;246932;1634;4;1;33348947;24968550;114323;189;53
FR;1;2021-07-31;243362;165127;793;1;0;33592309;25133677;115116;190;53
FR;1;2021-08-01;105531;47228;233;0;0;33697840;25180905;115349;190;53
FR;1;2021-08-02;297074;213165;1476;2;0;33994914;25394070;116825;192;53
FR;1;2021-08-03;331213;209075;1547;2;1;34326127;25603145;118372;194;54
FR;1;2021-08-04;327906;184267;1437;5;3;34654033;25787412;119809;199;57
FR;1;2021-08-05;301155;193500;1482;0;0;34955188;25980912;121291;199;57
FR;1;2021-08-06;290879;224455;1560;3;1;35246067;26205367;122851;202;58
FR;1;2021-08-07;182607;158820;654;4;3;35428674;26364187;123505;206;61
FR;1;2021-08-08;68845;59126;247;0;0;35497519;26423313;123752;206;61
FR;1;2021-08-09;222669;235762;1441;4;3;35720188;26659075;125193;210;64
FR;1;2021-08-10;252601;240526;1488;2;1;35972789;26899601;126681;212;65
FR;1;2021-08-11;236116;232196;1271;5;1;36208905;27131797;127952;217;66
FR;1;2021-08-12;220681;240199;1486;3;1;36429586;27371996;129438;220;67
FR;1;2021-08-13;201653;238613;1357;2;2;36631239;27610609;130795;222;69
FR;1;2021-08-14;122831;174133;645;0;0;36754070;27784742;131440;222;69
FR;1;2021-08-15;34670;46130;199;1;0;36788740;27830872;131639;223;69
FR;1;2021-08-16;156878;289780;1421;0;0;36945618;28120652;133060;223;69
FR;1;2021-08-17;171531;291480;1421;5;1;37117149;28412132;134481;228;70
FR;1;2021-08-18;161363;286981;1391;6;3;37278512;28699113;135872;234;73
FR;1;2021-08-19;148862;277756;1400;1;0;37427374;28976869;137272;235;73
FR;1;2021-08-20;140448;309176;1529;2;2;37567822;29286045;138801;237;75
FR;1;2021-08-21;84249;213239;586;0;0;37652071;29499284;139387;237;75
FR;1;2021-08-22;28547;82692;231;0;0;37680618;29581976;139618;237;75
FR;1;2021-08-23;118605;321142;1422;2;1;37799223;29903118;141040;239;76
FR;1;2021-08-24;126609;319871;1602;5;1;37925832;30222989;142642;244;77
FR;1;2021-08-25;121481;306580;1778;8;3;38047313;30529569;144420;252;80
FR;1;2021-08-26;106559;286196;2157;10;1;38153872;30815765;146577;262;81
FR;1;2021-08-27;107609;321690;2301;9;3;38261481;31137455;148878;271;84
FR;1;2021-08-28;70987;220720;1099;0;0;38332468;31358175;149977;271;84
FR;1;2021-08-29;24136;78175;468;1;0;38356604;31436350;150445;272;84
FR;1;2021-08-30;96822;286513;4309;6;5107;38453426;31722863;154754;278;5191
FR;1;2021-08-31;98037;276387;9287;15;10142;38551463;31999250;164041;293;15333
FR;1;2021-09-01;112049;245356;21109;7;22099;38663512;32244606;185150;300;37432
FR;1;2021-09-02;85209;198012;24529;11;25460;38748721;32442618;209679;311;62892
FR;1;2021-09-03;82353;227604;26948;20;27986;38831074;32670222;236627;331;90878
FR;1;2021-09-04;71604;189728;11139;11;11662;38902678;32859950;247766;342;102540
FR;1;2021-09-05;18605;41178;4121;2;4292;38921283;32901128;251887;344;106832
FR;1;2021-09-06;59497;151584;30174;15;31149;38980780;33052712;282061;359;137981
FR;1;2021-09-07;57268;139715;30203;27;31149;39038048;33192427;312264;386;169130
FR;1;2021-09-08;71667;173871;26917;21;27890;39109715;33366298;339181;407;197020
FR;1;2021-09-09;54336;124551;28603;23;29662;39164051;33490849;367784;430;226682
FR;1;2021-09-10;65977;152127;30434;23;31583;39230028;33642976;398218;453;258265
FR;1;2021-09-11;52517;146617;9728;14;10314;39282545;33789593;407946;467;268579
FR;1;2021-09-12;10784;29247;2482;1;2635;39293329;33818840;410428;468;271214
FR;1;2021-09-13;51396;104557;38736;29;39958;39344725;33923397;449164;497;311172
FR;1;2021-09-14;53248;96075;51257;66;52973;39397973;34019472;500421;563;364145
FR;1;2021-09-15;60417;139322;50469;55;46987;39458390;34158794;550890;618;411132
FR;1;2021-09-16;46553;81461;53304;71;49504;39504943;34240255;604194;689;460636
FR;1;2021-09-17;53157;109401;45050;61;42649;39558100;34349656;649244;750;503285
FR;1;2021-09-18;37849;118496;11794;19;11263;39595949;34468152;661038;769;514548
FR;1;2021-09-19;6499;21034;2037;1;1972;39602448;34489186;663075;770;516520
FR;1;2021-09-20;36464;74928;46180;66;44105;39638912;34564114;709255;836;560625
FR;1;2021-09-21;34145;68159;56239;71;52652;39673057;34632273;765494;907;613277
FR;1;2021-09-22;38793;118549;49841;76;46836;39711850;34750822;815335;983;660113
FR;1;2021-09-23;31972;62868;54474;85;50838;39743822;34813690;869809;1068;710951
FR;1;2021-09-24;36754;90119;43646;91;41895;39780576;34903809;913455;1159;752846
FR;1;2021-09-25;27634;96653;12300;27;12167;39808210;35000462;925755;1186;765013
FR;1;2021-09-26;4363;15196;1772;5;1696;39812573;35015658;927527;1191;766709
FR;1;2021-09-27;27324;60220;42890;89;41584;39839897;35075878;970417;1280;808293
FR;1;2021-09-28;26875;49482;47172;75;44418;39866772;35125360;1017589;1355;852711
FR;1;2021-09-29;35869;80384;47250;87;45539;39902641;35205744;1064839;1442;898250
FR;1;2021-09-30;26020;46850;47508;80;45398;39928661;35252594;1112347;1522;943648
FR;1;2021-10-01;47208;65465;44866;83;44444;39975869;35318059;1157213;1605;988092
FR;1;2021-10-02;32349;62393;16107;32;16302;40008218;35380452;1173320;1637;1004394
FR;1;2021-10-03;4334;8571;2033;3;2027;40012552;35389023;1175353;1640;1006421
FR;1;2021-10-04;28886;44464;47088;79;46903;40041438;35433487;1222441;1719;1053324
FR;1;2021-10-05;24415;41636;49845;116;49207;40065853;35475123;1272286;1835;1102531
FR;1;2021-10-06;34532;61401;57461;102;57166;40100385;35536524;1329747;1937;1159697
FR;1;2021-10-07;21003;39840;53004;75;51825;40121388;35576364;1382751;2012;1211522
FR;1;2021-10-08;35257;59622;60367;83;61072;40156645;35635986;1443118;2095;1272594
FR;1;2021-10-09;27436;47997;25479;29;25985;40184081;35683983;1468597;2124;1298579
FR;1;2021-10-10;3683;5794;2747;7;2850;40187764;35689777;1471344;2131;1301429
FR;1;2021-10-11;24801;38155;54566;88;55177;40212565;35727932;1525910;2219;1356606
FR;1;2021-10-12;23279;36556;58034;127;59107;40235844;35764488;1583944;2346;1415713
FR;1;2021-10-13;32876;47857;64151;124;65635;40268720;35812345;1648095;2470;1481348
FR;1;2021-10-14;21630;34784;53735;103;54307;40290350;35847129;1701830;2573;1535655
FR;1;2021-10-15;32589;48836;72303;165;74933;40322939;35895965;1774133;2738;1610588
FR;1;2021-10-16;25975;35289;34859;44;36395;40348914;35931254;1808992;2782;1646983
FR;1;2021-10-17;3101;4062;3408;2;3315;40352015;35935316;1812400;2784;1650298
FR;1;2021-10-18;23694;34926;66810;131;69671;40375709;35970242;1879210;2915;1719969
FR;1;2021-10-19;20624;34993;75636;135;79534;40396333;36005235;1954846;3050;1799503
FR;1;2021-10-20;29847;44259;96154;178;99793;40426180;36049494;2051000;3228;1899296
FR;1;2021-10-21;19631;35088;83140;107;86996;40445811;36084582;2134140;3335;1986292
FR;1;2021-10-22;29547;47713;103705;196;109595;40475358;36132295;2237845;3531;2095887
FR;1;2021-10-23;23015;35159;44857;57;47362;40498373;36167454;2282702;3588;2143249
FR;1;2021-10-24;2374;3869;3579;6;3731;40500747;36171323;2286281;3594;2146980
FR;1;2021-10-25;22404;30811;82001;143;85777;40523151;36202134;2368282;3737;2232757
FR;1;2021-10-26;19310;27716;86071;162;90290;40542461;36229850;2454353;3899;2323047
FR;1;2021-10-27;26171;39685;107771;252;112629;40568632;36269535;2562124;4151;2435676
FR;1;2021-10-28;18723;27115;86906;150;91615;40587355;36296650;2649030;4301;2527291
FR;1;2021-10-29;25894;40273;114793;200;121548;40613249;36336923;2763823;4501;2648839
FR;1;2021-10-30;17684;28723;49342;74;51916;40630933;36365646;2813165;4575;2700755
FR;1;2021-10-31;2056;3185;3445;2;3679;40632989;36368831;2816610;4577;2704434
FR;1;2021-11-01;7796;4227;3021;3;3267;40640785;36373058;2819631;4580;2707701
FR;1;2021-11-02;22013;33223;92355;156;97707;40662798;36406281;2911986;4736;2805408
FR;1;2021-11-03;26427;41592;117456;215;123814;40689225;36447873;3029442;4951;2929222
FR;1;2021-11-04;19546;30317;105753;213;111845;40708771;36478190;3135195;5164;3041067
FR;1;2021-11-05;26944;42272;138727;228;147317;40735715;36520462;3273922;5392;3188384
FR;1;2021-11-06;18826;29847;63446;123;66430;40754541;36550309;3337368;5515;3254814
FR;1;2021-11-07;1794;3325;4962;6;5296;40756335;36553634;3342330;5521;3260110
FR;1;2021-11-08;17759;32319;125957;224;132540;40774094;36585953;3468287;5745;3392650
FR;1;2021-11-09;19367;37706;159240;335;168971;40793461;36623659;3627527;6080;3561621
FR;1;2021-11-10;28742;49216;181836;440;192387;40822203;36672875;3809363;6520;3754008
FR;1;2021-11-11;3899;5941;12202;26;13010;40826102;36678816;3821565;6546;3767018
FR;1;2021-11-12;25954;46845;174760;244;186368;40852056;36725661;3996325;6790;3953386
FR;1;2021-11-13;18713;29234;76806;111;81741;40870769;36754895;4073131;6901;4035127
FR;1;2021-11-14;2031;3302;6815;5;7376;40872800;36758197;4079946;6906;4042503
FR;1;2021-11-15;18689;34878;156357;304;166139;40891489;36793075;4236303;7210;4208642
FR;1;2021-11-16;21198;37962;192034;377;204831;40912687;36831037;4428337;7587;4413473
FR;1;2021-11-17;28540;45702;193164;399;204949;40941227;36876739;4621501;7986;4618422
FR;1;2021-11-18;21079;39009;182414;458;194401;40962306;36915748;4803915;8444;4812823
FR;1;2021-11-19;30791;53360;230167;529;246588;40993097;36969108;5034082;8973;5059411
FR;1;2021-11-20;23747;33323;96951;201;103591;41016844;37002431;5131033;9174;5163002
FR;1;2021-11-21;2316;3995;9099;19;9960;41019160;37006426;5140132;9193;5172962
FR;1;2021-11-22;21369;30494;175823;465;189339;41040529;37036920;5315955;9658;5362301
FR;1;2021-11-23;23893;41151;221116;539;237824;41064422;37078071;5537071;10197;5600125
FR;1;2021-11-24;30273;49817;217270;703;234406;41094695;37127888;5754341;10900;5834531
FR;1;2021-11-25;23562;44018;244386;718;263966;41118257;37171906;5998727;11618;6098497
FR;1;2021-11-26;30595;66708;356712;833;388405;41148852;37238614;6355439;12451;6486902
FR;1;2021-11-27;21841;45399;202577;371;222564;41170693;37284013;6558016;12822;6709466
FR;1;2021-11-28;3158;9662;54763;63;61033;41173851;37293675;6612779;12885;6770499
FR;1;2021-11-29;17861;49525;326300;840;354303;41191712;37343200;6939079;13725;7124802
FR;1;2021-11-30;22749;64992;431054;952;470632;41214461;37408192;7370133;14677;7595434
FR;1;2021-12-01;25105;69357;442772;1130;481624;41239566;37477549;7812905;15807;8077058
FR;1;2021-12-02;20029;64543;489273;1228;532719;41259595;37542092;8302178;17035;8609777
FR;1;2021-12-03;22859;81939;542633;1307;591627;41282454;37624031;8844811;18342;9201404
FR;1;2021-12-04;16382;53948;299039;652;328875;41298836;37677979;9143850;18994;9530279
FR;1;2021-12-05;3624;13911;81498;143;91057;41302460;37691890;9225348;19137;9621336
FR;1;2021-12-06;23019;62746;415341;1065;455057;41325479;37754636;9640689;20202;10076393
FR;1;2021-12-07;19868;75819;522840;1532;572456;41345347;37830455;10163529;21734;10648849
FR;1;2021-12-08;21597;75877;458259;1543;501968;41366944;37906332;10621788;23277;11150817
FR;1;2021-12-09;19412;74115;492821;1626;540697;41386356;37980447;11114609;24903;11691514
FR;1;2021-12-10;23238;87714;547301;1585;599878;41409594;38068161;11661910;26488;12291392
FR;1;2021-12-11;16526;59088;302692;747;335440;41426120;38127249;11964602;27235;12626832
FR;1;2021-12-12;4346;16036;83185;179;94076;41430466;38143285;12047787;27414;12720908
FR;1;2021-12-13;15716;63860;366848;1093;406201;41446182;38207145;12414635;28507;13127109
FR;1;2021-12-14;20660;80433;464588;1743;515062;41466842;38287578;12879223;30250;13642171
FR;1;2021-12-15;21479;77588;408954;1308;453036;41488321;38365166;13288177;31558;14095207
FR;1;2021-12-16;20004;77430;451738;1574;500524;41508325;38442596;13739915;33132;14595731
FR;1;2021-12-17;22556;86742;479836;1733;530933;41530881;38529338;14219751;34865;15126664
FR;1;2021-12-18;17590;54788;257570;730;288487;41548471;38584126;14477321;35595;15415151
FR;1;2021-12-19;5545;17127;79136;194;90729;41554016;38601253;14556457;35789;15505880
FR;1;2021-12-20;20878;63241;316141;1081;355212;41574894;38664494;14872598;36870;15861092
FR;1;2021-12-21;26134;73284;372652;1420;418019;41601028;38737778;15245250;38290;16279111
FR;1;2021-12-22;24919;66060;310535;1215;349528;41625947;38803838;15555785;39505;16628639
FR;1;2021-12-23;21250;52433;241418;954;273014;41647197;38856271;15797203;40459;16901653
FR;1;2021-12-24;7108;18357;67121;256;77046;41654305;38874628;15864324;40715;16978699
FR;1;2021-12-25;503;2817;5572;15;6532;41654808;38877445;15869896;40730;16985231
FR;1;2021-12-26;2749;7591;26929;70;31450;41657557;38885036;15896825;40800;17016681
FR;1;2021-12-27;18231;53613;235044;706;265710;41675788;38938649;16131869;41506;17282391
FR;1;2021-12-28;23262;62098;291973;1025;330165;41699050;39000747;16423842;42531;17612556
FR;1;2021-12-29;22201;55643;254936;918;288168;41721251;39056390;16678778;43449;17900724
FR;1;2021-12-30;21229;46560;212112;857;239575;41742480;39102950;16890890;44306;18140299
FR;1;2021-12-31;7461;16615;61836;229;70361;41749941;39119565;16952726;44535;18210660
FR;1;2022-01-01;1038;2486;5647;30;6577;41750979;39122051;16958373;44565;18217237
FR;1;2022-01-02;3058;8065;28879;50;33525;41754037;39130116;16987252;44615;18250762
FR;1;2022-01-03;21745;54072;228161;786;257591;41775782;39184188;17215413;45401;18508353
FR;1;2022-01-04;25348;64936;299167;1235;337215;41801130;39249124;17514580;46636;18845568
FR;1;2022-01-05;29960;64093;274788;1097;310143;41831090;39313217;17789368;47733;19155711
FR;1;2022-01-06;26725;66071;306825;1397;346463;41857815;39379288;18096193;49130;19502174
FR;1;2022-01-07;31496;74809;349770;1535;393894;41889311;39454097;18445963;50665;19896068
FR;1;2022-01-08;23368;51389;222473;696;251096;41912679;39505486;18668436;51361;20147164
FR;1;2022-01-09;7076;17168;66013;163;76143;41919755;39522654;18734449;51524;20223307
FR;1;2022-01-10;21682;58836;236715;953;267398;41941437;39581490;18971164;52477;20490705
FR;1;2022-01-11;26571;63421;282218;1277;317786;41968008;39644911;19253382;53754;20808491
FR;1;2022-01-12;28842;62398;246168;1104;277941;41996850;39707309;19499550;54858;21086432
FR;1;2022-01-13;24670;60051;262743;1252;296088;42021520;39767360;19762293;56110;21382520
FR;1;2022-01-14;27911;66606;313921;1366;351201;42049431;39833966;20076214;57476;21733721
FR;1;2022-01-15;19317;44362;199285;619;223860;42068748;39878328;20275499;58095;21957581
FR;1;2022-01-16;5138;12981;51506;135;59570;42073886;39891309;20327005;58230;22017151
FR;1;2022-01-17;16822;39768;184790;780;206841;42090708;39931077;20511795;59010;22223992
FR;1;2022-01-18;19317;45860;212362;1151;236989;42110025;39976937;20724157;60161;22460981
FR;1;2022-01-19;20268;43977;176055;897;197174;42130293;40020914;20900212;61058;22658155
FR;1;2022-01-20;16753;40524;183614;1138;204708;42147046;40061438;21083826;62196;22862863
FR;1;2022-01-21;19881;47004;228908;1406;253329;42166927;40108442;21312734;63602;23116192
FR;1;2022-01-22;13831;33345;144478;578;161372;42180758;40141787;21457212;64180;23277564
FR;1;2022-01-23;3348;8795;33409;131;38324;42184106;40150582;21490621;64311;23315888
FR;1;2022-01-24;11787;32936;142167;707;158245;42195893;40183518;21632788;65018;23474133
FR;1;2022-01-25;14141;38208;163353;1048;181541;42210034;40221726;21796141;66066;23655674
FR;1;2022-01-26;14850;37544;150215;931;166285;42224884;40259270;21946356;66997;23821959
FR;1;2022-01-27;12316;33078;143406;885;157903;42237200;40292348;22089762;67882;23979862
FR;1;2022-01-28;16277;54953;198257;1144;222438;42253477;40347301;22288019;69026;24202300
FR;1;2022-01-29;10265;35436;135182;522;151548;42263742;40382737;22423201;69548;24353848
FR;1;2022-01-30;2477;9282;29668;86;34458;42266219;40392019;22452869;69634;24388306
FR;1;2022-01-31;8740;32375;104312;530;117391;42274959;40424394;22557181;70164;24505697
FR;1;2022-02-01;10492;36346;127035;862;141241;42285451;40460740;22684216;71026;24646938
FR;1;2022-02-02;11639;41271;130327;780;145865;42297090;40502011;22814543;71806;24792803
FR;1;2022-02-03;8892;33564;116971;780;130352;42305982;40535575;22931514;72586;24923155
FR;1;2022-02-04;11441;48170;172539;965;192789;42317423;40583745;23104053;73551;25115944
FR;1;2022-02-05;7980;33908;117561;391;133054;42325403;40617653;23221614;73942;25248998
FR;1;2022-02-06;1694;8038;22738;85;26904;42327097;40625691;23244352;74027;25275902
FR;1;2022-02-07;7209;35463;119057;452;134973;42334306;40661154;23363409;74479;25410875
FR;1;2022-02-08;7605;31718;125611;694;140593;42341911;40692872;23489020;75173;25551468
FR;1;2022-02-09;8507;36339;135225;695;152452;42350418;40729211;23624245;75868;25703920
FR;1;2022-02-10;6624;29549;116321;674;130094;42357042;40758760;23740566;76542;25834014
FR;1;2022-02-11;8580;41421;165086;876;185301;42365622;40800181;23905652;77418;26019315
FR;1;2022-02-12;5302;27561;106678;378;120853;42370924;40827742;24012330;77796;26140168
FR;1;2022-02-13;1226;5706;21711;65;25324;42372150;40833448;24034041;77861;26165492
FR;1;2022-02-14;5394;27148;118051;391;133078;42377544;40860596;24152092;78252;26298570
FR;1;2022-02-15;5613;28285;118875;609;132487;42383157;40888881;24270967;78861;26431057
FR;1;2022-02-16;5675;28337;110388;595;123013;42388832;40917218;24381355;79456;26554070
FR;1;2022-02-17;4450;19586;73108;486;80199;42393282;40936804;24454463;79942;26634269
FR;1;2022-02-18;5545;26694;99159;670;108116;42398827;40963498;24553622;80612;26742385
FR;1;2022-02-19;3539;17152;59467;304;66044;42402366;40980650;24613089;80916;26808429
FR;1;2022-02-20;787;3243;10694;35;12316;42403153;40983893;24623783;80951;26820745
FR;1;2022-02-21;3370;14567;52805;286;57652;42406523;40998460;24676588;81237;26878397
FR;1;2022-02-22;3727;15443;51878;499;55609;42410250;41013903;24728466;81736;26934006
FR;1;2022-02-23;4170;17751;57456;508;62558;42414420;41031654;24785922;82244;26996564
FR;1;2022-02-24;3260;12999;43586;436;46374;42417680;41044653;24829508;82680;27042938
FR;1;2022-02-25;4424;19665;64863;695;68726;42422104;41064318;24894371;83375;27111664
FR;1;2022-02-26;2685;12791;41351;309;45104;42424789;41077109;24935722;83684;27156768
FR;1;2022-02-27;641;2180;7119;42;7984;42425430;41079289;24942841;83726;27164752
FR;1;2022-02-28;2575;10334;34930;303;37355;42428005;41089623;24977771;84029;27202107
FR;1;2022-03-01;3112;10519;38662;390;39590;42431117;41100142;25016433;84419;27241697
FR;1;2022-03-02;3543;11993;41821;390;43875;42434660;41112135;25058254;84809;27285572
FR;1;2022-03-03;2366;7762;26141;324;26459;42437026;41119897;25084395;85133;27312031
FR;1;2022-03-04;2662;10306;35405;577;34885;42439688;41130203;25119800;85710;27346916
FR;1;2022-03-05;1812;6318;21951;278;22339;42441500;41136521;25141751;85988;27369255
FR;1;2022-03-06;351;947;2914;38;3114;42441851;41137468;25144665;86026;27372369
FR;1;2022-03-07;1542;4605;16418;245;15878;42443393;41142073;25161083;86271;27388247
FR;1;2022-03-08;1580;5141;17140;307;15962;42444973;41147214;25178223;86578;27404209
FR;1;2022-03-09;1896;6528;19790;368;19140;42446869;41153742;25198013;86946;27423349
FR;1;2022-03-10;1314;4519;15246;306;14272;42448183;41158261;25213259;87252;27437621
FR;1;2022-03-11;1699;6183;21689;482;19836;42449882;41164444;25234948;87734;27457457
FR;1;2022-03-12;1227;4599;15354;276;14901;42451109;41169043;25250302;88010;27472358
FR;1;2022-03-13;242;605;2108;116;2056;42451351;41169648;25252410;88126;27474414
FR;1;2022-03-14;1083;3594;13378;3876;12501;42452434;41173242;25265788;92002;27486915
FR;1;2022-03-15;1270;3890;14565;6862;13046;42453704;41177132;25280353;98864;27499961
FR;1;2022-03-16;1620;4842;17360;11514;16416;42455324;41181974;25297713;110378;27516377
FR;1;2022-03-17;1108;3242;11695;9641;10790;42456432;41185216;25309408;120019;27527167
FR;1;2022-03-18;1672;4742;17931;16487;16363;42458104;41189958;25327339;136506;27543530
FR;1;2022-03-19;1120;3241;11885;8451;11353;42459224;41193199;25339224;144957;27554883
FR;1;2022-03-20;218;537;1721;1010;1754;42459442;41193736;25340945;145967;27556637
FR;1;2022-03-21;1041;2704;11478;13442;10824;42460483;41196440;25352423;159409;27567461
FR;1;2022-03-22;1195;3088;12229;18686;11218;42461678;41199528;25364652;178095;27578679
FR;1;2022-03-23;1471;4212;15991;20098;15672;42463149;41203740;25380643;198193;27594351
FR;1;2022-03-24;1074;2555;10369;16016;9617;42464223;41206295;25391012;214209;27603968
FR;1;2022-03-25;1504;4078;16703;25287;15348;42465727;41210373;25407715;239496;27619316
FR;1;2022-03-26;1098;2977;10843;11433;10501;42466825;41213350;25418558;250929;27629817
FR;1;2022-03-27;228;537;1738;1379;1790;42467053;41213887;25420296;252308;27631607
FR;1;2022-03-28;1037;2444;9954;15863;9574;42468090;41216331;25430250;268171;27641181
FR;1;2022-03-29;1116;2714;11528;25066;10894;42469206;41219045;25441778;293237;27652075
FR;1;2022-03-30;1608;3485;14135;24164;13669;42470814;41222530;25455913;317401;27665744
FR;1;2022-03-31;1270;2725;11662;22582;11173;42472084;41225255;25467575;339983;27676917
FR;1;2022-04-01;1697;3908;18417;28469;17270;42473781;41229163;25485992;368452;27694187
FR;1;2022-04-02;894;1860;8178;9209;7928;42474675;41231023;25494170;377661;27702115
FR;1;2022-04-03;194;368;1429;1053;1429;42474869;41231391;25495599;378714;27703544
FR;1;2022-04-04;1232;2249;11306;17634;10678;42476101;41233640;25506905;396348;27714222
FR;1;2022-04-05;1317;2547;12955;31128;11980;42477418;41236187;25519860;427476;27726202
FR;1;2022-04-06;1339;2781;12157;23803;11578;42478757;41238968;25532017;451279;27737780
FR;1;2022-04-07;1148;2573;12298;30971;11762;42479905;41241541;25544315;482250;27749542
FR;1;2022-04-08;1560;3497;17499;40440;16414;42481465;41245038;25561814;522690;27765956
FR;1;2022-04-09;810;1978;8389;12480;8085;42482275;41247016;25570203;535170;27774041
FR;1;2022-04-10;191;472;1827;1832;1864;42482466;41247488;25572030;537002;27775905
FR;1;2022-04-11;959;2125;10941;22192;10649;42483425;41249613;25582971;559194;27786554
FR;1;2022-04-12;1220;2405;12756;37879;12249;42484645;41252018;25595727;597073;27798803
FR;1;2022-04-13;1179;2654;12222;30451;11945;42485824;41254672;25607949;627524;27810748
FR;1;2022-04-14;1179;2339;12022;33404;12029;42487003;41257011;25619971;660928;27822777
FR;1;2022-04-15;1441;2837;14340;33071;13711;42488444;41259848;25634311;693999;27836488
FR;1;2022-04-16;653;1389;5826;7974;5747;42489097;41261237;25640137;701973;27842235
FR;1;2022-04-17;150;272;929;1115;971;42489247;41261509;25641066;703088;27843206
FR;1;2022-04-18;129;399;2620;992;2644;42489376;41261908;25643686;704080;27845850
FR;1;2022-04-19;1205;2515;11748;27764;11436;42490581;41264423;25655434;731844;27857286
FR;1;2022-04-20;1287;2552;12131;26760;11958;42491868;41266975;25667565;758604;27869244
FR;1;2022-04-21;1209;2369;11476;33010;11634;42493077;41269344;25679041;791614;27880878
FR;1;2022-04-22;1483;2974;15161;35382;14753;42494560;41272318;25694202;826996;27895631
FR;1;2022-04-23;750;1562;6717;9881;6623;42495310;41273880;25700919;836877;27902254
FR;1;2022-04-24;193;358;1372;1513;1324;42495503;41274238;25702291;838390;27903578
FR;1;2022-04-25;998;2058;9839;19583;9729;42496501;41276296;25712130;857973;27913307
FR;1;2022-04-26;1302;2582;12565;36425;12166;42497803;41278878;25724695;894398;27925473
FR;1;2022-04-27;1288;2366;10600;28978;10743;42499091;41281244;25735295;923376;27936216
FR;1;2022-04-28;1251;2301;11516;33937;11333;42500342;41283545;25746811;957313;27947549
FR;1;2022-04-29;1575;2943;14352;35302;13776;42501917;41286488;25761163;992615;27961325
FR;1;2022-04-30;815;1442;6423;9137;6266;42502732;41287930;25767586;1001752;27967591
FR;1;2022-05-01;163;274;815;946;812;42502895;41288204;25768401;1002698;27968403
FR;1;2022-05-02;958;2067;10291;16736;10173;42503853;41290271;25778692;1019434;27978576
FR;1;2022-05-03;1401;2659;12578;32658;12480;42505254;41292930;25791270;1052092;27991056
FR;1;2022-05-04;1289;2509;11151;23567;11294;42506543;41295439;25802421;1075659;28002350
FR;1;2022-05-05;1342;2382;11847;31494;11726;42507885;41297821;25814268;1107153;28014076
FR;1;2022-05-06;1677;3116;14144;34668;13699;42509562;41300937;25828412;1141821;28027775
FR;1;2022-05-07;839;1455;5948;9073;5981;42510401;41302392;25834360;1150894;28033756
FR;1;2022-05-08;185;323;1054;1455;1115;42510586;41302715;25835414;1152349;28034871
FR;1;2022-05-09;1026;1866;9203;19105;9113;42511612;41304581;25844617;1171454;28043984
FR;1;2022-05-10;1369;2522;12477;36795;12061;42512981;41307103;25857094;1208249;28056045
FR;1;2022-05-11;1380;2195;9828;25798;9727;42514361;41309298;25866922;1234047;28065772
FR;1;2022-05-12;1256;2235;10385;33286;10088;42515617;41311533;25877307;1267333;28075860
FR;1;2022-05-13;1582;2705;12709;35479;12349;42517199;41314238;25890016;1302812;28088209
FR;1;2022-05-14;766;1284;5461;10160;5337;42517965;41315522;25895477;1312972;28093546
FR;1;2022-05-15;208;380;1163;1341;1226;42518173;41315902;25896640;1314313;28094772
FR;1;2022-05-16;939;1671;8003;19900;8046;42519112;41317573;25904643;1334213;28102818
FR;1;2022-05-17;1243;2190;11060;35821;10661;42520355;41319763;25915703;1370034;28113479
FR;1;2022-05-18;1252;2017;8958;25538;8920;42521607;41321780;25924661;1395572;28122399
FR;1;2022-05-19;1155;2285;9763;33599;9821;42522762;41324065;25934424;1429171;28132220
FR;1;2022-05-20;1526;2653;12345;37458;11927;42524288;41326718;25946769;1466629;28144147
FR;1;2022-05-21;760;1347;5229;9356;5143;42525048;41328065;25951998;1475985;28149290
FR;1;2022-05-22;184;281;938;1366;939;42525232;41328346;25952936;1477351;28150229
FR;1;2022-05-23;933;1762;8310;19211;8239;42526165;41330108;25961246;1496562;28158468
FR;1;2022-05-24;1253;2381;10634;36773;10482;42527418;41332489;25971880;1533335;28168950
FR;1;2022-05-25;1242;2209;8724;23479;8863;42528660;41334698;25980604;1556814;28177813
FR;1;2022-05-26;151;288;1540;1094;1531;42528811;41334986;25982144;1557908;28179344
FR;1;2022-05-27;1073;2087;8707;20377;8455;42529884;41337073;25990851;1578285;28187799
FR;1;2022-05-28;477;1025;3675;6518;3713;42530361;41338098;25994526;1584803;28191512
FR;1;2022-05-29;109;249;700;885;707;42530470;41338347;25995226;1585688;28192219
FR;1;2022-05-30;792;1680;6511;18448;6539;42531262;41340027;26001737;1604136;28198758
FR;1;2022-05-31;1235;2103;9163;34157;9047;42532497;41342130;26010900;1638293;28207805
FR;1;2022-06-01;1153;2223;9957;23183;9821;42533650;41344353;26020857;1661476;28217626
FR;1;2022-06-02;1147;2185;10176;33865;9757;42534797;41346538;26031033;1695341;28227383
FR;1;2022-06-03;1332;2641;12203;36945;11658;42536129;41349179;26043236;1732286;28239041
FR;1;2022-06-04;648;1237;4333;8566;4418;42536777;41350416;26047569;1740852;28243459
FR;1;2022-06-05;115;270;762;1001;783;42536892;41350686;26048331;1741853;28244242
FR;1;2022-06-06;131;331;1883;1137;1859;42537023;41351017;26050214;1742990;28246101
FR;1;2022-06-07;1084;2191;9025;33874;8691;42538107;41353208;26059239;1776864;28254792
FR;1;2022-06-08;1049;2126;8318;27309;8194;42539156;41355334;26067557;1804173;28262986
FR;1;2022-06-09;1018;2045;9142;37237;8821;42540174;41357379;26076699;1841410;28271807
FR;1;2022-06-10;1269;2455;11361;42809;10970;42541443;41359834;26088060;1884219;28282777
FR;1;2022-06-11;620;1402;5035;11040;5071;42542063;41361236;26093095;1895259;28287848
FR;1;2022-06-12;136;349;974;1671;1030;42542199;41361585;26094069;1896930;28288878
FR;1;2022-06-13;860;1695;6676;22120;6538;42543059;41363280;26100745;1919050;28295416
FR;1;2022-06-14;1035;2065;9256;42532;8680;42544094;41365345;26110001;1961582;28304096
FR;1;2022-06-15;1002;1788;7401;28970;7203;42545096;41367133;26117402;1990552;28311299
FR;1;2022-06-16;898;1686;8165;38022;7717;42545994;41368819;26125567;2028574;28319016
FR;1;2022-06-17;1168;2392;10141;44510;9630;42547162;41371211;26135708;2073084;28328646
FR;1;2022-06-18;535;1220;4117;10472;4063;42547697;41372431;26139825;2083556;28332709
FR;1;2022-06-19;123;295;977;1505;1045;42547820;41372726;26140802;2085061;28333754
FR;1;2022-06-20;804;1505;6421;24710;6109;42548624;41374231;26147223;2109771;28339863
FR;1;2022-06-21;1044;2009;9124;47375;8229;42549668;41376240;26156347;2157146;28348092
FR;1;2022-06-22;973;1898;7808;36715;7301;42550641;41378138;26164155;2193861;28355393
FR;1;2022-06-23;1002;1997;9228;52228;8494;42551643;41380135;26173383;2246089;28363887
FR;1;2022-06-24;1191;2541;11765;65340;10611;42552834;41382676;26185148;2311429;28374498
FR;1;2022-06-25;645;1424;5493;18745;5303;42553479;41384100;26190641;2330174;28379801
FR;1;2022-06-26;153;351;1445;3438;1353;42553632;41384451;26192086;2333612;28381154
FR;1;2022-06-27;871;1625;8416;45350;7717;42554503;41386076;26200502;2378962;28388871
FR;1;2022-06-28;1138;2394;12900;85242;11507;42555641;41388470;26213402;2464204;28400378
FR;1;2022-06-29;1145;2149;10829;65929;9894;42556786;41390619;26224231;2530133;28410272
FR;1;2022-06-30;1140;2137;12379;86893;10762;42557926;41392756;26236610;2617026;28421034
FR;2;2020-12-27;0;0;0;0;0;0;0;0;0;0
FR;2;2020-12-28;0;0;0;0;0;0;0;0;0;0
FR;2;2020-12-29;0;0;0;0;0;0;0;0;0;0
FR;2;2020-12-30;0;0;0;0;0;0;0;0;0;0
FR;2;2020-12-31;0;0;0;0;0;0;0;0;0;0
FR;2;2021-01-01;0;0;0;0;0;0;0;0;0;0
FR;2;2021-01-02;0;0;0;0;0;0;0;0;0;0
FR;2;2021-01-03;0;0;0;0;0;0;0;0;0;0
FR;2;2021-01-04;0;0;0;0;0;0;0;0;0;0
FR;2;2021-01-05;0;0;0;0;0;0;0;0;0;0
FR;2;2021-01-06;0;0;0;0;0;0;0;0;0;0
FR;2;2021-01-07;0;0;0;0;0;0;0;0;0;0
FR;2;2021-01-08;0;0;0;0;0;0;0;0;0;0
FR;2;2021-01-09;0;0;0;0;0;0;0;0;0;0
FR;2;2021-01-10;0;0;0;0;0;0;0;0;0;0
FR;2;2021-01-11;0;0;0;0;0;0;0;0;0;0
FR;2;2021-01-12;0;0;0;0;0;0;0;0;0;0
FR;2;2021-01-13;0;0;0;0;0;0;0;0;0;0
FR;2;2021-01-14;1681;0;0;0;0;1681;0;0;0;0
FR;2;2021-01-15;396;0;0;0;0;2077;0;0;0;0
FR;2;2021-01-16;315;0;0;0;0;2392;0;0;0;0
FR;2;2021-01-17;81;0;0;0;0;2473;0;0;0;0
FR;2;2021-01-18;3074;2;0;0;0;5547;2;0;0;0
FR;2;2021-01-19;4678;0;0;0;0;10225;2;0;0;0
FR;2;2021-01-20;5135;5;0;0;0;15360;7;0;0;0
FR;2;2021-01-21;5340;9;0;0;0;20700;16;0;0;0
FR;2;2021-01-22;5117;10;0;0;0;25817;26;0;0;0
FR;2;2021-01-23;1867;0;0;0;0;27684;26;0;0;0
FR;2;2021-01-24;160;2;0;0;0;27844;28;0;0;0
FR;2;2021-01-25;3811;3;0;0;0;31655;31;0;0;0
FR;2;2021-01-26;3919;3;0;0;0;35574;34;0;0;0
FR;2;2021-01-27;3599;2;0;0;0;39173;36;0;0;0
FR;2;2021-01-28;3750;7;0;0;0;42923;43;0;0;0
FR;2;2021-01-29;3293;2;0;0;0;46216;45;0;0;0
FR;2;2021-01-30;1130;2;0;0;0;47346;47;0;0;0
FR;2;2021-01-31;45;2;0;0;0;47391;49;0;0;0
FR;2;2021-02-01;3400;4;0;0;0;50791;53;0;0;0
FR;2;2021-02-02;4490;10;0;0;0;55281;63;0;0;0
FR;2;2021-02-03;5219;7;0;0;0;60500;70;0;0;0
FR;2;2021-02-04;4932;10;0;0;0;65432;80;0;0;0
FR;2;2021-02-05;4811;13;0;0;0;70243;93;0;0;0
FR;2;2021-02-06;2040;13;0;0;0;72283;106;0;0;0
FR;2;2021-02-07;101;4;0;0;0;72384;110;0;0;0
FR;2;2021-02-08;7554;22;0;0;0;79938;132;0;0;0
FR;2;2021-02-09;8422;28;0;0;0;88360;160;0;0;0
FR;2;2021-02-10;9338;59;0;0;0;97698;219;0;0;0
FR;2;2021-02-11;10280;102;0;0;0;107978;321;0;0;0
FR;2;2021-02-12;10055;264;0;0;0;118033;585;0;0;0
FR;2;2021-02-13;3120;226;0;0;0;121153;811;0;0;0
FR;2;2021-02-14;355;9;0;0;0;121508;820;0;0;0
FR;2;2021-02-15;3456;3101;0;0;0;124964;3921;0;0;0
FR;2;2021-02-16;5071;4052;0;0;0;130035;7973;0;0;0
FR;2;2021-02-17;4255;4482;0;0;0;134290;12455;0;0;0
FR;2;2021-02-18;5400;5125;0;0;0;139690;17580;0;0;0
FR;2;2021-02-19;5324;4409;0;0;0;145014;21989;0;0;0
FR;2;2021-02-20;1869;1508;0;0;0;146883;23497;0;0;0
FR;2;2021-02-21;242;88;0;0;0;147125;23585;0;0;0
FR;2;2021-02-22;3612;3757;0;0;0;150737;27342;0;0;0
FR;2;2021-02-23;4953;3706;0;0;0;155690;31048;0;0;0
FR;2;2021-02-24;5010;3502;0;0;0;160700;34550;0;0;0
FR;2;2021-02-25;5485;3463;0;0;0;166185;38013;0;0;0
FR;2;2021-02-26;4362;3156;0;0;0;170547;41169;0;0;0
FR;2;2021-02-27;1623;1053;0;0;0;172170;42222;0;0;0
FR;2;2021-02-28;177;29;0;0;0;172347;42251;0;0;0
FR;2;2021-03-01;5180;3724;0;0;0;177527;45975;0;0;0
FR;2;2021-03-02;6529;4732;0;0;0;184056;50707;0;0;0
FR;2;2021-03-03;6536;4926;0;0;0;190592;55633;0;0;0
FR;2;2021-03-04;8403;4081;0;0;0;198995;59714;0;0;0
FR;2;2021-03-05;8028;4063;0;0;0;207023;63777;0;0;0
FR;2;2021-03-06;4785;1683;0;0;0;211808;65460;0;0;0
FR;2;2021-03-07;2372;30;0;0;0;214180;65490;0;0;0
FR;2;2021-03-08;4165;8344;0;0;0;218345;73834;0;0;0
FR;2;2021-03-09;7490;8519;1;0;0;225835;82353;1;0;0
FR;2;2021-03-10;7100;9140;0;0;0;232935;91493;1;0;0
FR;2;2021-03-11;9373;9259;1;0;0;242308;100752;2;0;0
FR;2;2021-03-12;7973;8241;0;0;0;250281;108993;2;0;0
FR;2;2021-03-13;10046;2568;0;0;0;260327;111561;2;0;0
FR;2;2021-03-14;4839;397;0;0;0;265166;111958;2;0;0
FR;2;2021-03-15;10908;3497;0;0;0;276074;115455;2;0;0
FR;2;2021-03-16;16762;4662;1;0;0;292836;120117;3;0;0
FR;2;2021-03-17;20230;3979;0;0;0;313066;124096;3;0;0
FR;2;2021-03-18;23368;5011;0;0;0;336434;129107;3;0;0
FR;2;2021-03-19;23303;4600;0;0;0;359737;133707;3;0;0
FR;2;2021-03-20;25445;1556;0;0;0;385182;135263;3;0;0
FR;2;2021-03-21;17671;151;0;0;0;402853;135414;3;0;0
FR;2;2021-03-22;17783;3157;0;0;0;420636;138571;3;0;0
FR;2;2021-03-23;22687;4210;0;0;0;443323;142781;3;0;0
FR;2;2021-03-24;23955;5012;0;0;0;467278;147793;3;0;0
FR;2;2021-03-25;26746;5151;1;0;0;494024;152944;4;0;0
FR;2;2021-03-26;26979;4220;0;0;0;521003;157164;4;0;0
FR;2;2021-03-27;15918;1332;0;0;0;536921;158496;4;0;0
FR;2;2021-03-28;10561;124;0;0;0;547482;158620;4;0;0
FR;2;2021-03-29;18989;4293;0;0;0;566471;162913;4;0;0
FR;2;2021-03-30;24579;6040;0;0;0;591050;168953;4;0;0
FR;2;2021-03-31;28555;5935;0;0;0;619605;174888;4;0;0
FR;2;2021-04-01;34545;8521;1;0;0;654150;183409;5;0;0
FR;2;2021-04-02;29977;7676;0;0;0;684127;191085;5;0;0
FR;2;2021-04-03;16953;3856;0;0;0;701080;194941;5;0;0
FR;2;2021-04-04;9305;1061;2;0;0;710385;196002;7;0;0
FR;2;2021-04-05;12444;807;0;0;0;722829;196809;7;0;0
FR;2;2021-04-06;27145;7059;0;0;0;749974;203868;7;0;0
FR;2;2021-04-07;30927;7126;1;0;0;780901;210994;8;0;0
FR;2;2021-04-08;36885;8702;1;0;0;817786;219696;9;0;0
FR;2;2021-04-09;33834;8510;28;0;0;851620;228206;37;0;0
FR;2;2021-04-10;19678;9069;1;0;0;871298;237275;38;0;0
FR;2;2021-04-11;7942;4253;1;0;0;879240;241528;39;0;0
FR;2;2021-04-12;17122;11111;0;0;0;896362;252639;39;0;0
FR;2;2021-04-13;19449;16160;1;0;0;915811;268799;40;0;0
FR;2;2021-04-14;18060;16328;7;0;0;933871;285127;47;0;0
FR;2;2021-04-15;22190;21142;27;0;0;956061;306269;74;0;0
FR;2;2021-04-16;20705;20228;45;0;0;976766;326497;119;0;0
FR;2;2021-04-17;13253;22456;5;0;0;990019;348953;124;0;0
FR;2;2021-04-18;5907;14390;6;0;0;995926;363343;130;0;0
FR;2;2021-04-19;16833;16281;24;0;0;1012759;379624;154;0;0
FR;2;2021-04-20;19318;21621;38;0;0;1032077;401245;192;0;0
FR;2;2021-04-21;20283;21726;76;0;0;1052360;422971;268;0;0
FR;2;2021-04-22;23814;24878;41;0;0;1076174;447849;309;0;0
FR;2;2021-04-23;24520;25360;76;0;0;1100694;473209;385;0;0
FR;2;2021-04-24;25303;15072;104;0;0;1125997;488281;489;0;0
FR;2;2021-04-25;9595;8604;5;0;0;1135592;496885;494;0;0
FR;2;2021-04-26;17158;17319;21;0;0;1152750;514204;515;0;0
FR;2;2021-04-27;19241;24197;40;0;0;1171991;538401;555;0;0
FR;2;2021-04-28;22333;26258;112;0;0;1194324;564659;667;0;0
FR;2;2021-04-29;25467;30200;69;0;0;1219791;594859;736;0;0
FR;2;2021-04-30;25529;27770;49;1;0;1245320;622629;785;1;0
FR;2;2021-05-01;14984;9870;6;0;0;1260304;632499;791;1;0
FR;2;2021-05-02;6635;9174;2;0;0;1266939;641673;793;1;0
FR;2;2021-05-03;20013;19217;40;0;0;1286952;660890;833;1;0
FR;2;2021-05-04;18281;29055;33;0;0;1305233;689945;866;1;0
FR;2;2021-05-05;18363;29410;48;0;0;1323596;719355;914;1;0
FR;2;2021-05-06;23541;35281;131;0;0;1347137;754636;1045;1;0
FR;2;2021-05-07;25325;33207;97;0;0;1372462;787843;1142;1;0
FR;2;2021-05-08;21337;9949;14;0;0;1393799;797792;1156;1;0
FR;2;2021-05-09;13162;7814;7;0;0;1406961;805606;1163;1;0
FR;2;2021-05-10;32938;22056;49;0;0;1439899;827662;1212;1;0
FR;2;2021-05-11;43596;20999;101;0;0;1483495;848661;1313;1;0
FR;2;2021-05-12;50043;19793;143;0;0;1533538;868454;1456;1;0
FR;2;2021-05-13;51292;5731;31;0;0;1584830;874185;1487;1;0
FR;2;2021-05-14;61345;12914;132;0;0;1646175;887099;1619;1;0
FR;2;2021-05-15;65929;7131;39;0;0;1712104;894230;1658;1;0
FR;2;2021-05-16;43583;2571;10;0;0;1755687;896801;1668;1;0
FR;2;2021-05-17;44744;12550;114;0;0;1800431;909351;1782;1;0
FR;2;2021-05-18;54639;12241;191;0;0;1855070;921592;1973;1;0
FR;2;2021-05-19;57167;10583;281;0;0;1912237;932175;2254;1;0
FR;2;2021-05-20;63433;10831;288;0;0;1975670;943006;2542;1;0
FR;2;2021-05-21;64293;11639;230;0;0;2039963;954645;2772;1;0
FR;2;2021-05-22;61480;4512;65;0;0;2101443;959157;2837;1;0
FR;2;2021-05-23;37532;571;22;0;0;2138975;959728;2859;1;0
FR;2;2021-05-24;17236;2039;35;0;0;2156211;961767;2894;1;0
FR;2;2021-05-25;21107;12216;240;0;0;2177318;973983;3134;1;0
FR;2;2021-05-26;19934;11464;229;0;0;2197252;985447;3363;1;0
FR;2;2021-05-27;22994;12662;182;0;0;2220246;998109;3545;1;0
FR;2;2021-05-28;29390;14947;190;0;0;2249636;1013056;3735;1;0
FR;2;2021-05-29;30418;8183;57;0;0;2280054;1021239;3792;1;0
FR;2;2021-05-30;4646;1818;6;0;0;2284700;1023057;3798;1;0
FR;2;2021-05-31;28587;18718;184;0;0;2313287;1041775;3982;1;0
FR;2;2021-06-01;45712;19984;224;0;0;2358999;1061759;4206;1;0
FR;2;2021-06-02;37467;19261;182;0;0;2396466;1081020;4388;1;0
FR;2;2021-06-03;51275;23295;161;0;0;2447741;1104315;4549;1;0
FR;2;2021-06-04;65509;24050;215;0;0;2513250;1128365;4764;1;0
FR;2;2021-06-05;34598;24039;52;0;0;2547848;1152404;4816;1;0
FR;2;2021-06-06;4953;6196;10;0;0;2552801;1158600;4826;1;0
FR;2;2021-06-07;28169;23038;146;0;0;2580970;1181638;4972;1;0
FR;2;2021-06-08;46372;22906;143;0;0;2627342;1204544;5115;1;0
FR;2;2021-06-09;34287;20920;107;0;0;2661629;1225464;5222;1;0
FR;2;2021-06-10;42637;19140;95;1;0;2704266;1244604;5317;2;0
FR;2;2021-06-11;55291;25208;134;0;0;2759557;1269812;5451;2;0
FR;2;2021-06-12;30559;19775;53;0;0;2790116;1289587;5504;2;0
FR;2;2021-06-13;3329;9185;13;0;0;2793445;1298772;5517;2;0
FR;2;2021-06-14;25296;24158;92;0;0;2818741;1322930;5609;2;0
FR;2;2021-06-15;39038;22840;154;0;0;2857779;1345770;5763;2;0
FR;2;2021-06-16;30160;21421;134;0;0;2887939;1367191;5897;2;0
FR;2;2021-06-17;36906;25850;150;0;0;2924845;1393041;6047;2;0
FR;2;2021-06-18;46851;28833;122;0;0;2971696;1421874;6169;2;0
FR;2;2021-06-19;24525;24894;39;0;0;2996221;1446768;6208;2;0
FR;2;2021-06-20;3740;10061;10;0;0;2999961;1456829;6218;2;0
FR;2;2021-06-21;17525;42844;87;0;0;3017486;1499673;6305;2;0
FR;2;2021-06-22;28359;49563;110;0;0;3045845;1549236;6415;2;0
FR;2;2021-06-23;21788;49569;107;1;1;3067633;1598805;6522;3;1
FR;2;2021-06-24;28375;50280;133;0;0;3096008;1649085;6655;3;1
FR;2;2021-06-25;33399;60405;127;0;0;3129407;1709490;6782;3;1
FR;2;2021-06-26;16381;59256;54;1;0;3145788;1768746;6836;4;1
FR;2;2021-06-27;2566;29317;22;1;0;3148354;1798063;6858;5;1
FR;2;2021-06-28;12637;54335;83;0;0;3160991;1852398;6941;5;1
FR;2;2021-06-29;19846;59897;178;0;0;3180837;1912295;7119;5;1
FR;2;2021-06-30;16323;57913;252;17;0;3197160;1970208;7371;22;1
FR;2;2021-07-01;20487;59893;227;0;0;3217647;2030101;7598;22;1
FR;2;2021-07-02;24071;62143;184;0;0;3241718;2092244;7782;22;1
FR;2;2021-07-03;12112;57085;153;0;0;3253830;2149329;7935;22;1
FR;2;2021-07-04;1957;23307;18;0;0;3255787;2172636;7953;22;1
FR;2;2021-07-05;9169;29367;106;0;0;3264956;2202003;8059;22;1
FR;2;2021-07-06;14577;36202;135;0;0;3279533;2238205;8194;22;1
FR;2;2021-07-07;14405;33669;139;0;0;3293938;2271874;8333;22;1
FR;2;2021-07-08;19714;40303;162;0;0;3313652;2312177;8495;22;1
FR;2;2021-07-09;27095;54287;202;1;0;3340747;2366464;8697;23;1
FR;2;2021-07-10;13386;33674;107;0;0;3354133;2400138;8804;23;1
FR;2;2021-07-11;1807;4354;16;0;0;3355940;2404492;8820;23;1
FR;2;2021-07-12;12965;37266;119;0;0;3368905;2441758;8939;23;1
FR;2;2021-07-13;37111;53202;150;0;0;3406016;2494960;9089;23;1
FR;2;2021-07-14;6614;3559;15;0;0;3412630;2498519;9104;23;1
FR;2;2021-07-15;47235;47018;156;0;0;3459865;2545537;9260;23;1
FR;2;2021-07-16;64308;55806;187;0;0;3524173;2601343;9447;23;1
FR;2;2021-07-17;31594;23931;96;0;0;3555767;2625274;9543;23;1
FR;2;2021-07-18;6086;4868;19;0;0;3561853;2630142;9562;23;1
FR;2;2021-07-19;32993;28678;94;0;0;3594846;2658820;9656;23;1
FR;2;2021-07-20;51988;44551;155;0;0;3646834;2703371;9811;23;1
FR;2;2021-07-21;45245;34739;93;0;0;3692079;2738110;9904;23;1
FR;2;2021-07-22;56274;41096;128;1;0;3748353;2779206;10032;24;1
FR;2;2021-07-23;68282;49070;170;0;0;3816635;2828276;10202;24;1
FR;2;2021-07-24;36170;21599;82;0;0;3852805;2849875;10284;24;1
FR;2;2021-07-25;6744;2643;10;0;0;3859549;2852518;10294;24;1
FR;2;2021-07-26;36305;22440;91;1;0;3895854;2874958;10385;25;1
FR;2;2021-07-27;62371;34602;180;0;0;3958225;2909560;10565;25;1
FR;2;2021-07-28;55303;26442;132;0;0;4013528;2936002;10697;25;1
FR;2;2021-07-29;68460;32785;189;0;0;4081988;2968787;10886;25;1
FR;2;2021-07-30;74443;37774;222;1;1;4156431;3006561;11108;26;2
FR;2;2021-07-31;34756;16188;104;0;0;4191187;3022749;11212;26;2
FR;2;2021-08-01;5406;2275;19;0;0;4196593;3025024;11231;26;2
FR;2;2021-08-02;35868;16202;101;0;0;4232461;3041226;11332;26;2
FR;2;2021-08-03;55971;28287;142;0;0;4288432;3069513;11474;26;2
FR;2;2021-08-04;46625;20858;128;1;0;4335057;3090371;11602;27;2
FR;2;2021-08-05;54624;31590;215;0;0;4389681;3121961;11817;27;2
FR;2;2021-08-06;58088;42388;242;1;0;4447769;3164349;12059;28;2
FR;2;2021-08-07;25142;17608;89;0;0;4472911;3181957;12148;28;2
FR;2;2021-08-08;3833;3667;21;0;0;4476744;3185624;12169;28;2
FR;2;2021-08-09;29304;21117;92;0;0;4506048;3206741;12261;28;2
FR;2;2021-08-10;44993;33513;154;0;0;4551041;3240254;12415;28;2
FR;2;2021-08-11;35267;25177;151;0;0;4586308;3265431;12566;28;2
FR;2;2021-08-12;41897;35730;162;0;0;4628205;3301161;12728;28;2
FR;2;2021-08-13;42589;37111;218;0;0;4670794;3338272;12946;28;2
FR;2;2021-08-14;18511;22235;93;0;0;4689305;3360507;13039;28;2
FR;2;2021-08-15;3832;3806;17;0;0;4693137;3364313;13056;28;2
FR;2;2021-08-16;25080;27196;110;0;0;4718217;3391509;13166;28;2
FR;2;2021-08-17;38252;43474;205;2;0;4756469;3434983;13371;30;2
FR;2;2021-08-18;32249;36369;195;1;1;4788718;3471352;13566;31;3
FR;2;2021-08-19;37431;46578;224;0;0;4826149;3517930;13790;31;3
FR;2;2021-08-20;40560;55613;269;1;0;4866709;3573543;14059;32;3
FR;2;2021-08-21;18120;24306;115;0;0;4884829;3597849;14174;32;3
FR;2;2021-08-22;2905;4324;22;1;1;4887734;3602173;14196;33;4
FR;2;2021-08-23;19244;35159;131;1;0;4906978;3637332;14327;34;4
FR;2;2021-08-24;31941;56032;235;0;0;4938919;3693364;14562;34;4
FR;2;2021-08-25;25926;43437;250;0;0;4964845;3736801;14812;34;4
FR;2;2021-08-26;32356;55805;387;0;0;4997201;3792606;15199;34;4
FR;2;2021-08-27;36997;65604;479;2;0;5034198;3858210;15678;36;4
FR;2;2021-08-28;17817;28500;300;0;0;5052015;3886710;15978;36;4
FR;2;2021-08-29;2654;5038;47;0;0;5054669;3891748;16025;36;4
FR;2;2021-08-30;18412;37746;400;0;757;5073081;3929494;16425;36;761
FR;2;2021-08-31;28074;57492;887;4;1544;5101155;3986986;17312;40;2305
FR;2;2021-09-01;21592;39837;1308;0;2103;5122747;4026823;18620;40;4408
FR;2;2021-09-02;25481;48633;1962;2;3303;5148228;4075456;20582;42;7711
FR;2;2021-09-03;33405;64496;2988;3;4837;5181633;4139952;23570;45;12548
FR;2;2021-09-04;16829;27711;1442;1;2363;5198462;4167663;25012;46;14911
FR;2;2021-09-05;2262;3610;265;0;411;5200724;4171273;25277;46;15322
FR;2;2021-09-06;14038;28716;1769;1;2932;5214762;4199989;27046;47;18254
FR;2;2021-09-07;21105;41063;3020;13;4869;5235867;4241052;30066;60;23123
FR;2;2021-09-08;17242;31932;2732;6;4471;5253109;4272984;32798;66;27594
FR;2;2021-09-09;20975;40442;4432;3;6764;5274084;4313426;37230;69;34358
FR;2;2021-09-10;28199;51165;5282;4;8835;5302283;4364591;42512;73;43193
FR;2;2021-09-11;13653;22383;2404;5;3950;5315936;4386974;44916;78;47143
FR;2;2021-09-12;1822;2786;285;0;506;5317758;4389760;45201;78;47649
FR;2;2021-09-13;11656;21448;2471;4;4016;5329414;4411208;47672;82;51665
FR;2;2021-09-14;18570;32772;5084;13;9059;5347984;4443980;52756;95;60724
FR;2;2021-09-15;14911;28282;5165;3;7782;5362895;4472262;57921;98;68506
FR;2;2021-09-16;16074;32767;6735;13;10526;5378969;4505029;64656;111;79032
FR;2;2021-09-17;20909;47101;8778;10;14583;5399878;4552130;73434;121;93615
FR;2;2021-09-18;9856;20932;3804;6;6028;5409734;4573062;77238;127;99643
FR;2;2021-09-19;1164;2642;396;0;644;5410898;4575704;77634;127;100287
FR;2;2021-09-20;7493;18772;3852;7;6152;5418391;4594476;81486;134;106439
FR;2;2021-09-21;11211;30005;6494;5;10738;5429602;4624481;87980;139;117177
FR;2;2021-09-22;9407;23538;5491;7;8514;5439009;4648019;93471;146;125691
FR;2;2021-09-23;10723;28884;7880;9;12636;5449732;4676903;101351;155;138327
FR;2;2021-09-24;15068;42880;10875;18;17204;5464800;4719783;112226;173;155531
FR;2;2021-09-25;7257;18756;3963;10;6091;5472057;4738539;116189;183;161622
FR;2;2021-09-26;1079;2556;495;0;632;5473136;4741095;116684;183;162254
FR;2;2021-09-27;6313;16441;4286;8;6548;5479449;4757536;120970;191;168802
FR;2;2021-09-28;9238;25555;7768;13;12073;5488687;4783091;128738;204;180875
FR;2;2021-09-29;8080;20207;6066;25;9261;5496767;4803298;134804;229;190136
FR;2;2021-09-30;9863;25805;9503;16;14083;5506630;4829103;144307;245;204219
FR;2;2021-10-01;13969;35661;12915;25;19251;5520599;4864764;157222;270;223470
FR;2;2021-10-02;6874;15890;4845;6;7013;5527473;4880654;162067;276;230483
FR;2;2021-10-03;841;1932;492;1;511;5528314;4882586;162559;277;230994
FR;2;2021-10-04;5819;13920;5517;5;7861;5534133;4896506;168076;282;238855
FR;2;2021-10-05;9052;22542;11120;19;15716;5543185;4919048;179196;301;254571
FR;2;2021-10-06;7783;17738;8240;11;11070;5550968;4936786;187436;312;265641
FR;2;2021-10-07;9195;22188;12381;15;16845;5560163;4958974;199817;327;282486
FR;2;2021-10-08;13428;32056;17347;27;23540;5573591;4991030;217164;354;306026
FR;2;2021-10-09;5999;12833;6041;6;7884;5579590;5003863;223205;360;313910
FR;2;2021-10-10;884;1630;436;2;629;5580474;5005493;223641;362;314539
FR;2;2021-10-11;5604;11585;6454;17;8828;5586078;5017078;230095;379;323367
FR;2;2021-10-12;8032;17762;12540;13;16739;5594110;5034840;242635;392;340106
FR;2;2021-10-13;6943;14841;10245;12;13606;5601053;5049681;252880;404;353712
FR;2;2021-10-14;8310;17932;14991;13;19450;5609363;5067613;267871;417;373162
FR;2;2021-10-15;11849;26283;20902;26;27951;5621212;5093896;288773;443;401113
FR;2;2021-10-16;5139;8729;1818;0;3209;5626351;5102625;290591;443;404322
FR;2;2021-10-17;651;1180;184;0;372;5627002;5103805;290775;443;404694
FR;2;2021-10-18;4560;7409;661;2;1667;5631562;5111214;291436;445;406361
FR;2;2021-10-19;6236;9889;729;5;2047;5637798;5121103;292165;450;408408
FR;2;2021-10-20;5163;8083;757;3;1683;5642961;5129186;292922;453;410091
FR;2;2021-10-21;6090;9971;779;5;2105;5649051;5139157;293701;458;412196
FR;2;2021-10-22;8448;14581;1148;4;2880;5657499;5153738;294849;462;415076
FR;2;2021-10-23;3840;5999;586;0;1233;5661339;5159737;295435;462;416309
FR;2;2021-10-24;493;891;100;0;206;5661832;5160628;295535;462;416515
FR;2;2021-10-25;3357;5371;305;1;830;5665189;5165999;295840;463;417345
FR;2;2021-10-26;4176;7266;1128;4;2011;5669365;5173265;296968;467;419356
FR;2;2021-10-27;3673;6623;1193;5;1997;5673038;5179888;298161;472;421353
FR;2;2021-10-28;4596;7697;1728;3;2744;5677634;5187585;299889;475;424097
FR;2;2021-10-29;5408;11075;2434;4;3670;5683042;5198660;302323;479;427767
FR;2;2021-10-30;2748;4433;973;1;1426;5685790;5203093;303296;480;429193
FR;2;2021-10-31;364;534;139;1;188;5686154;5203627;303435;481;429381
FR;2;2021-11-01;426;553;176;0;268;5686580;5204180;303611;481;429649
FR;2;2021-11-02;3290;6760;1181;0;1760;5689870;5210940;304792;481;431409
FR;2;2021-11-03;3339;6244;1383;2;1969;5693209;5217184;306175;483;433378
FR;2;2021-11-04;3985;7092;1762;4;2488;5697194;5224276;307937;487;435866
FR;2;2021-11-05;5227;10510;2865;5;3945;5702421;5234786;310802;492;439811
FR;2;2021-11-06;2594;4676;1399;0;1812;5705015;5239462;312201;492;441623
FR;2;2021-11-07;506;865;219;0;288;5705521;5240327;312420;492;441911
FR;2;2021-11-08;2578;5360;1201;3;1675;5708099;5245687;313621;495;443586
FR;2;2021-11-09;2750;6943;2397;6;3179;5710849;5252630;316018;501;446765
FR;2;2021-11-10;2587;5704;5096;6;6276;5713436;5258334;321114;507;453041
FR;2;2021-11-11;441;747;733;2;914;5713877;5259081;321847;509;453955
FR;2;2021-11-12;2951;8113;8967;8;10906;5716828;5267194;330814;517;464861
FR;2;2021-11-13;1535;3389;3865;7;4530;5718363;5270583;334679;524;469391
FR;2;2021-11-14;254;595;349;1;486;5718617;5271178;335028;525;469877
FR;2;2021-11-15;1622;3688;4440;9;5325;5720239;5274866;339468;534;475202
FR;2;2021-11-16;2184;5933;8298;14;10077;5722423;5280799;347766;548;485279
FR;2;2021-11-17;1739;4549;6619;8;7832;5724162;5285348;354385;556;493111
FR;2;2021-11-18;2190;5953;9176;11;11007;5726352;5291301;363561;567;504118
FR;2;2021-11-19;2697;7797;12960;19;15464;5729049;5299098;376521;586;519582
FR;2;2021-11-20;1564;3335;5173;5;6080;5730613;5302433;381694;591;525662
FR;2;2021-11-21;246;521;540;0;662;5730859;5302954;382234;591;526324
FR;2;2021-11-22;1276;2618;4471;5;5400;5732135;5305572;386705;596;531724
FR;2;2021-11-23;1615;4303;8192;9;9898;5733750;5309875;394897;605;541622
FR;2;2021-11-24;1417;3781;7466;14;8723;5735167;5313656;402363;619;550345
FR;2;2021-11-25;1812;4893;11453;21;13655;5736979;5318549;413816;640;564000
FR;2;2021-11-26;2540;7775;22659;31;26070;5739519;5326324;436475;671;590070
FR;2;2021-11-27;1496;4146;12259;18;14005;5741015;5330470;448734;689;604075
FR;2;2021-11-28;292;845;1967;3;2295;5741307;5331315;450701;692;606370
FR;2;2021-11-29;1443;4376;15076;23;17245;5742750;5335691;465777;715;623615
FR;2;2021-11-30;1911;6747;26224;36;29980;5744661;5342438;492001;751;653595
FR;2;2021-12-01;1908;6081;26190;29;29510;5746569;5348519;518191;780;683105
FR;2;2021-12-02;1908;6826;37688;52;41933;5748477;5355345;555879;832;725038
FR;2;2021-12-03;2551;10099;53595;112;59320;5751028;5365444;609474;944;784358
FR;2;2021-12-04;1849;6299;37097;38;40775;5752877;5371743;646571;982;825133
FR;2;2021-12-05;458;2264;14252;14;15990;5753335;5374007;660823;996;841123
FR;2;2021-12-06;2476;9893;77688;109;84738;5755811;5383900;738511;1105;925861
FR;2;2021-12-07;3450;15340;122414;238;133713;5759261;5399240;860925;1343;1059574
FR;2;2021-12-08;3720;16051;133179;330;145378;5762981;5415291;994104;1673;1204952
FR;2;2021-12-09;4546;19640;170158;554;185528;5767527;5434931;1164262;2227;1390480
FR;2;2021-12-10;4672;22819;188617;490;206058;5772199;5457750;1352879;2717;1596538
FR;2;2021-12-11;3681;16624;132427;239;144864;5775880;5474374;1485306;2956;1741402
FR;2;2021-12-12;1256;7134;59083;83;65134;5777136;5481508;1544389;3039;1806536
FR;2;2021-12-13;5525;26862;220662;605;242950;5782661;5508370;1765051;3644;2049486
FR;2;2021-12-14;7018;37532;300723;909;332196;5789679;5545902;2065774;4553;2381682
FR;2;2021-12-15;6559;36239;285186;955;315782;5796238;5582141;2350960;5508;2697464
FR;2;2021-12-16;7762;37913;312108;982;343686;5804000;5620054;2663068;6490;3041150
FR;2;2021-12-17;8678;41249;327842;976;360926;5812678;5661303;2990910;7466;3402076
FR;2;2021-12-18;6513;26572;212326;448;233637;5819191;5687875;3203236;7914;3635713
FR;2;2021-12-19;2600;11474;90206;182;100368;5821791;5699349;3293442;8096;3736081
FR;2;2021-12-20;9551;33603;275171;706;303344;5831342;5732952;3568613;8802;4039425
FR;2;2021-12-21;11556;38335;309603;969;341394;5842898;5771287;3878216;9771;4380819
FR;2;2021-12-22;10457;32848;265089;952;292474;5853355;5804135;4143305;10723;4673293
FR;2;2021-12-23;9428;26702;199471;700;221262;5862783;5830837;4342776;11423;4894555
FR;2;2021-12-24;2782;7506;43848;140;49563;5865565;5838343;4386624;11563;4944118
FR;2;2021-12-25;201;694;2002;10;2495;5865766;5839037;4388626;11573;4946613
FR;2;2021-12-26;1322;4204;25148;71;28673;5867088;5843241;4413774;11644;4975286
FR;2;2021-12-27;8074;29940;218397;659;243326;5875162;5873181;4632171;12303;5218612
FR;2;2021-12-28;9841;36335;272070;741;301951;5885003;5909516;4904241;13044;5520563
FR;2;2021-12-29;9497;32278;246114;766;272679;5894500;5941794;5150355;13810;5793242
FR;2;2021-12-30;9460;28139;208815;662;231469;5903960;5969933;5359170;14472;6024711
FR;2;2021-12-31;3008;8374;54982;177;61237;5906968;5978307;5414152;14649;6085948
FR;2;2022-01-01;227;691;2850;7;3346;5907195;5978998;5417002;14656;6089294
FR;2;2022-01-02;1504;4862;29508;75;33401;5908699;5983860;5446510;14731;6122695
FR;2;2022-01-03;9588;35393;266507;806;293872;5918287;6019253;5713017;15537;6416567
FR;2;2022-01-04;12845;45383;342071;1068;376963;5931132;6064636;6055088;16605;6793530
FR;2;2022-01-05;11269;38665;294156;886;323801;5942401;6103301;6349244;17491;7117331
FR;2;2022-01-06;13651;43515;331933;1298;364719;5956052;6146816;6681177;18789;7482050
FR;2;2022-01-07;14221;47639;361082;1270;396415;5970273;6194455;7042259;20059;7878465
FR;2;2022-01-08;7948;28149;201258;515;221692;5978221;6222604;7243517;20574;8100157
FR;2;2022-01-09;2749;8993;62521;137;69523;5980970;6231597;7306038;20711;8169680
FR;2;2022-01-10;10093;31942;232456;858;255051;5991063;6263539;7538494;21569;8424731
FR;2;2022-01-11;11470;36246;265889;1030;290573;6002533;6299785;7804383;22599;8715304
FR;2;2022-01-12;8758;29826;206309;862;226170;6011291;6329611;8010692;23461;8941474
FR;2;2022-01-13;9387;31352;224470;832;244818;6020678;6360963;8235162;24293;9186292
FR;2;2022-01-14;9743;35645;254521;920;277667;6030421;6396608;8489683;25213;9463959
FR;2;2022-01-15;5358;19455;140774;363;153637;6035779;6416063;8630457;25576;9617596
FR;2;2022-01-16;1511;5518;35875;81;39850;6037290;6421581;8666332;25657;9657446
FR;2;2022-01-17;5546;19304;135391;602;147253;6042836;6440885;8801723;26259;9804699
FR;2;2022-01-18;6418;21522;148611;648;160468;6049254;6462407;8950334;26907;9965167
FR;2;2022-01-19;4389;16355;105087;552;113706;6053643;6478762;9055421;27459;10078873
FR;2;2022-01-20;4867;17602;115281;603;123679;6058510;6496364;9170702;28062;10202552
FR;2;2022-01-21;5195;20069;137324;678;147746;6063705;6516433;9308026;28740;10350298
FR;2;2022-01-22;3029;10954;74257;259;80321;6066734;6527387;9382283;28999;10430619
FR;2;2022-01-23;724;2735;15238;41;16836;6067458;6530122;9397521;29040;10447455
FR;2;2022-01-24;3292;12823;75062;430;81020;6070750;6542945;9472583;29470;10528475
FR;2;2022-01-25;3572;14442;79617;496;85455;6074322;6557387;9552200;29966;10613930
FR;2;2022-01-26;2514;10676;58960;363;62990;6076836;6568063;9611160;30329;10676920
FR;2;2022-01-27;2680;11301;64172;388;67910;6079516;6579364;9675332;30717;10744830
FR;2;2022-01-28;3546;18361;91711;429;98951;6083062;6597725;9767043;31146;10843781
FR;2;2022-01-29;1894;9242;48843;164;52925;6084956;6606967;9815886;31310;10896706
FR;2;2022-01-30;464;2239;9452;38;10606;6085420;6609206;9825338;31348;10907312
FR;2;2022-01-31;1886;9581;43823;208;47339;6087306;6618787;9869161;31556;10954651
FR;2;2022-02-01;1913;10051;47021;279;50105;6089219;6628838;9916182;31835;11004756
FR;2;2022-02-02;1608;9019;41105;251;44172;6090827;6637857;9957287;32086;11048928
FR;2;2022-02-03;1724;8950;40512;204;42911;6092551;6646807;9997799;32290;11091839
FR;2;2022-02-04;2152;15215;66630;297;71347;6094703;6662022;10064429;32587;11163186
FR;2;2022-02-05;1360;8536;35941;131;39235;6096063;6670558;10100370;32718;11202421
FR;2;2022-02-06;274;1773;6124;16;6899;6096337;6672331;10106494;32734;11209320
FR;2;2022-02-07;1350;9586;37747;134;41300;6097687;6681917;10144241;32868;11250620
FR;2;2022-02-08;1300;9819;40928;173;43717;6098987;6691736;10185169;33041;11294337
FR;2;2022-02-09;1160;8825;37038;174;40458;6100147;6700561;10222207;33215;11334795
FR;2;2022-02-10;1025;7988;33833;204;36503;6101172;6708549;10256040;33419;11371298
FR;2;2022-02-11;1390;12080;53338;223;57687;6102562;6720629;10309378;33642;11428985
FR;2;2022-02-12;750;6533;27986;83;30805;6103312;6727162;10337364;33725;11459790
FR;2;2022-02-13;200;1339;4833;20;5574;6103512;6728501;10342197;33745;11465364
FR;2;2022-02-14;835;6726;30265;90;33226;6104347;6735227;10372462;33835;11498590
FR;2;2022-02-15;773;6454;28045;141;29986;6105120;6741681;10400507;33976;11528576
FR;2;2022-02-16;654;5356;22054;123;23619;6105774;6747037;10422561;34099;11552195
FR;2;2022-02-17;516;3777;14145;98;14611;6106290;6750814;10436706;34197;11566806
FR;2;2022-02-18;722;5363;20430;134;21126;6107012;6756177;10457136;34331;11587932
FR;2;2022-02-19;430;3053;10528;66;11242;6107442;6759230;10467664;34397;11599174
FR;2;2022-02-20;101;513;1456;3;1604;6107543;6759743;10469120;34400;11600778
FR;2;2022-02-21;422;2684;9117;65;9494;6107965;6762427;10478237;34465;11610272
FR;2;2022-02-22;390;2564;8890;76;8793;6108355;6764991;10487127;34541;11619065
FR;2;2022-02-23;431;2602;8988;82;9266;6108786;6767593;10496115;34623;11628331
FR;2;2022-02-24;314;2031;6798;81;6827;6109100;6769624;10502913;34704;11635158
FR;2;2022-02-25;456;3199;11414;108;11278;6109556;6772823;10514327;34812;11646436
FR;2;2022-02-26;295;1892;6035;49;6340;6109851;6774715;10520362;34861;11652776
FR;2;2022-02-27;76;313;905;5;948;6109927;6775028;10521267;34866;11653724
FR;2;2022-02-28;330;1683;5523;53;5531;6110257;6776711;10526790;34919;11659255
FR;2;2022-03-01;277;1559;5475;45;5192;6110534;6778270;10532265;34964;11664447
FR;2;2022-03-02;297;1432;5244;45;5086;6110831;6779702;10537509;35009;11669533
FR;2;2022-03-03;225;1107;3705;42;3480;6111056;6780809;10541214;35051;11673013
FR;2;2022-03-04;242;1464;4856;73;4500;6111298;6782273;10546070;35124;11677513
FR;2;2022-03-05;173;904;2979;32;2723;6111471;6783177;10549049;35156;11680236
FR;2;2022-03-06;40;182;279;5;319;6111511;6783359;10549328;35161;11680555
FR;2;2022-03-07;155;655;1985;70;1774;6111666;6784014;10551313;35231;11682329
FR;2;2022-03-08;144;656;2270;51;1902;6111810;6784670;10553583;35282;11684231
FR;2;2022-03-09;154;705;2343;37;2044;6111964;6785375;10555926;35319;11686275
FR;2;2022-03-10;121;600;1691;35;1466;6112085;6785975;10557617;35354;11687741
FR;2;2022-03-11;170;754;2767;57;2366;6112255;6786729;10560384;35411;11690107
FR;2;2022-03-12;145;484;1784;27;1553;6112400;6787213;10562168;35438;11691660
FR;2;2022-03-13;25;75;201;29;202;6112425;6787288;10562369;35467;11691862
FR;2;2022-03-14;125;465;1563;529;1292;6112550;6787753;10563932;35996;11693154
FR;2;2022-03-15;138;420;1707;689;1323;6112688;6788173;10565639;36685;11694477
FR;2;2022-03-16;141;471;2011;1611;1589;6112829;6788644;10567650;38296;11696066
FR;2;2022-03-17;93;412;1407;1193;1143;6112922;6789056;10569057;39489;11697209
FR;2;2022-03-18;145;491;2018;1792;1660;6113067;6789547;10571075;41281;11698869
FR;2;2022-03-19;108;319;1209;940;1014;6113175;6789866;10572284;42221;11699883
FR;2;2022-03-20;13;76;191;59;167;6113188;6789942;10572475;42280;11700050
FR;2;2022-03-21;96;304;1211;1483;1075;6113284;6790246;10573686;43763;11701125
FR;2;2022-03-22;117;384;1528;1829;1290;6113401;6790630;10575214;45592;11702415
FR;2;2022-03-23;139;355;1668;3032;1462;6113540;6790985;10576882;48624;11703877
FR;2;2022-03-24;116;291;1182;1546;998;6113656;6791276;10578064;50170;11704875
FR;2;2022-03-25;119;360;1803;2449;1473;6113775;6791636;10579867;52619;11706348
FR;2;2022-03-26;77;246;1203;1220;952;6113852;6791882;10581070;53839;11707300
FR;2;2022-03-27;19;36;152;100;131;6113871;6791918;10581222;53939;11707431
FR;2;2022-03-28;94;286;1134;1588;993;6113965;6792204;10582356;55527;11708424
FR;2;2022-03-29;108;257;1324;2462;1104;6114073;6792461;10583680;57989;11709528
FR;2;2022-03-30;91;312;1486;3184;1319;6114164;6792773;10585166;61173;11710847
FR;2;2022-03-31;104;281;1271;2330;1086;6114268;6793054;10586437;63503;11711933
FR;2;2022-04-01;121;320;1563;2342;1317;6114389;6793374;10588000;65845;11713250
FR;2;2022-04-02;72;161;845;889;737;6114461;6793535;10588845;66734;11713987
FR;2;2022-04-03;16;53;128;112;142;6114477;6793588;10588973;66846;11714129
FR;2;2022-04-04;109;231;985;1435;793;6114586;6793819;10589958;68281;11714922
FR;2;2022-04-05;143;287;1312;2875;1140;6114729;6794106;10591270;71156;11716062
FR;2;2022-04-06;88;247;1305;2517;1127;6114817;6794353;10592575;73673;11717189
FR;2;2022-04-07;120;214;1297;2681;1036;6114937;6794567;10593872;76354;11718225
FR;2;2022-04-08;124;330;1624;3230;1322;6115061;6794897;10595496;79584;11719547
FR;2;2022-04-09;90;219;899;1045;731;6115151;6795116;10596395;80629;11720278
FR;2;2022-04-10;37;47;143;162;119;6115188;6795163;10596538;80791;11720397
FR;2;2022-04-11;86;186;884;1531;773;6115274;6795349;10597422;82322;11721170
FR;2;2022-04-12;176;261;1178;2733;1055;6115450;6795610;10598600;85055;11722225
FR;2;2022-04-13;144;227;1121;2451;980;6115594;6795837;10599721;87506;11723205
FR;2;2022-04-14;114;219;1084;2669;916;6115708;6796056;10600805;90175;11724121
FR;2;2022-04-15;112;245;1195;2274;1064;6115820;6796301;10602000;92449;11725185
FR;2;2022-04-16;65;108;541;545;452;6115885;6796409;10602541;92994;11725637
FR;2;2022-04-17;15;26;57;53;53;6115900;6796435;10602598;93047;11725690
FR;2;2022-04-18;12;35;119;69;114;6115912;6796470;10602717;93116;11725804
FR;2;2022-04-19;111;235;1115;1707;945;6116023;6796705;10603832;94823;11726749
FR;2;2022-04-20;95;238;1093;2104;922;6116118;6796943;10604925;96927;11727671
FR;2;2022-04-21;111;230;974;1847;831;6116229;6797173;10605899;98774;11728502
FR;2;2022-04-22;96;269;1241;2082;1023;6116325;6797442;10607140;100856;11729525
FR;2;2022-04-23;66;154;644;762;573;6116391;6797596;10607784;101618;11730098
FR;2;2022-04-24;12;28;101;68;79;6116403;6797624;10607885;101686;11730177
FR;2;2022-04-25;103;203;819;1313;708;6116506;6797827;10608704;102999;11730885
FR;2;2022-04-26;109;183;1034;1955;872;6116615;6798010;10609738;104954;11731757
FR;2;2022-04-27;95;177;857;1757;760;6116710;6798187;10610595;106711;11732517
FR;2;2022-04-28;91;214;948;1899;842;6116801;6798401;10611543;108610;11733359
FR;2;2022-04-29;79;279;1127;1689;1036;6116880;6798680;10612670;110299;11734395
FR;2;2022-04-30;65;126;470;536;429;6116945;6798806;10613140;110835;11734824
FR;2;2022-05-01;20;24;83;47;84;6116965;6798830;10613223;110882;11734908
FR;2;2022-05-02;113;215;760;1204;655;6117078;6799045;10613983;112086;11735563
FR;2;2022-05-03;149;225;994;1763;933;6117227;6799270;10614977;113849;11736496
FR;2;2022-05-04;87;220;920;1797;863;6117314;6799490;10615897;115646;11737359
FR;2;2022-05-05;126;191;846;1697;759;6117440;6799681;10616743;117343;11738118
FR;2;2022-05-06;133;239;1096;1848;1009;6117573;6799920;10617839;119191;11739127
FR;2;2022-05-07;40;97;470;504;406;6117613;6800017;10618309;119695;11739533
FR;2;2022-05-08;45;53;106;70;100;6117658;6800070;10618415;119765;11739633
FR;2;2022-05-09;101;173;650;984;602;6117759;6800243;10619065;120749;11740235
FR;2;2022-05-10;118;236;936;1829;891;6117877;6800479;10620001;122578;11741126
FR;2;2022-05-11;99;166;809;1870;787;6117976;6800645;10620810;124448;11741913
FR;2;2022-05-12;110;166;838;2093;799;6118086;6800811;10621648;126541;11742712
FR;2;2022-05-13;96;229;964;2086;891;6118182;6801040;10622612;128627;11743603
FR;2;2022-05-14;76;116;450;554;408;6118258;6801156;10623062;129181;11744011
FR;2;2022-05-15;24;35;93;87;105;6118282;6801191;10623155;129268;11744116
FR;2;2022-05-16;103;169;590;921;528;6118385;6801360;10623745;130189;11744644
FR;2;2022-05-17;95;183;684;1668;654;6118480;6801543;10624429;131857;11745298
FR;2;2022-05-18;80;179;637;1420;642;6118560;6801722;10625066;133277;11745940
FR;2;2022-05-19;68;158;704;1814;745;6118628;6801880;10625770;135091;11746685
FR;2;2022-05-20;105;175;867;1700;774;6118733;6802055;10626637;136791;11747459
FR;2;2022-05-21;47;96;396;517;338;6118780;6802151;10627033;137308;11747797
FR;2;2022-05-22;8;22;68;37;56;6118788;6802173;10627101;137345;11747853
FR;2;2022-05-23;83;128;486;900;469;6118871;6802301;10627587;138245;11748322
FR;2;2022-05-24;86;161;619;1573;603;6118957;6802462;10628206;139818;11748925
FR;2;2022-05-25;69;140;536;1139;489;6119026;6802602;10628742;140957;11749414
FR;2;2022-05-26;8;26;73;41;79;6119034;6802628;10628815;140998;11749493
FR;2;2022-05-27;44;119;450;813;432;6119078;6802747;10629265;141811;11749925
FR;2;2022-05-28;28;60;220;241;220;6119106;6802807;10629485;142052;11750145
FR;2;2022-05-29;10;34;43;25;51;6119116;6802841;10629528;142077;11750196
FR;2;2022-05-30;65;106;412;709;396;6119181;6802947;10629940;142786;11750592
FR;2;2022-05-31;75;132;552;1264;501;6119256;6803079;10630492;144050;11751093
FR;2;2022-06-01;53;150;530;1036;513;6119309;6803229;10631022;145086;11751606
FR;2;2022-06-02;89;165;591;1356;558;6119398;6803394;10631613;146442;11752164
FR;2;2022-06-03;68;154;646;1592;573;6119466;6803548;10632259;148034;11752737
FR;2;2022-06-04;54;92;266;432;252;6119520;6803640;10632525;148466;11752989
FR;2;2022-06-05;11;17;62;57;47;6119531;6803657;10632587;148523;11753036
FR;2;2022-06-06;11;22;84;74;85;6119542;6803679;10632671;148597;11753121
FR;2;2022-06-07;98;214;645;1519;556;6119640;6803893;10633316;150116;11753677
FR;2;2022-06-08;70;115;464;1158;398;6119710;6804008;10633780;151274;11754075
FR;2;2022-06-09;88;162;576;1873;537;6119798;6804170;10634356;153147;11754612
FR;2;2022-06-10;81;161;615;1671;587;6119879;6804331;10634971;154818;11755199
FR;2;2022-06-11;41;78;278;526;253;6119920;6804409;10635249;155344;11755452
FR;2;2022-06-12;18;38;56;77;59;6119938;6804447;10635305;155421;11755511
FR;2;2022-06-13;34;114;374;945;358;6119972;6804561;10635679;156366;11755869
FR;2;2022-06-14;65;150;559;2073;506;6120037;6804711;10636238;158439;11756375
FR;2;2022-06-15;72;96;447;1492;386;6120109;6804807;10636685;159931;11756761
FR;2;2022-06-16;127;118;436;1406;370;6120236;6804925;10637121;161337;11757131
FR;2;2022-06-17;65;125;530;1810;466;6120301;6805050;10637651;163147;11757597
FR;2;2022-06-18;74;89;217;577;190;6120375;6805139;10637868;163724;11757787
FR;2;2022-06-19;9;13;52;70;40;6120384;6805152;10637920;163794;11757827
FR;2;2022-06-20;57;115;353;1026;347;6120441;6805267;10638273;164820;11758174
FR;2;2022-06-21;103;109;502;2099;434;6120544;6805376;10638775;166919;11758608
FR;2;2022-06-22;37;104;425;1870;381;6120581;6805480;10639200;168789;11758989
FR;2;2022-06-23;53;103;499;2273;414;6120634;6805583;10639699;171062;11759403
FR;2;2022-06-24;61;117;658;3165;527;6120695;6805700;10640357;174227;11759930
FR;2;2022-06-25;29;88;286;976;246;6120724;6805788;10640643;175203;11760176
FR;2;2022-06-26;29;25;128;193;92;6120753;6805813;10640771;175396;11760268
FR;2;2022-06-27;77;130;510;2441;416;6120830;6805943;10641281;177837;11760684
FR;2;2022-06-28;106;134;786;4745;634;6120936;6806077;10642067;182582;11761318
FR;2;2022-06-29;69;139;728;4181;588;6121005;6806216;10642795;186763;11761906
FR;2;2022-06-30;65;125;762;4970;561;6121070;6806341;10643557;191733;11762467
FR;3;2020-12-27;0;0;0;0;0;0;0;0;0;0
FR;3;2020-12-28;0;0;0;0;0;0;0;0;0;0
FR;3;2020-12-29;0;0;0;0;0;0;0;0;0;0
FR;3;2020-12-30;0;0;0;0;0;0;0;0;0;0
FR;3;2020-12-31;0;0;0;0;0;0;0;0;0;0
FR;3;2021-01-01;0;0;0;0;0;0;0;0;0;0
FR;3;2021-01-02;0;0;0;0;0;0;0;0;0;0
FR;3;2021-01-03;0;0;0;0;0;0;0;0;0;0
FR;3;2021-01-04;0;0;0;0;0;0;0;0;0;0
FR;3;2021-01-05;0;0;0;0;0;0;0;0;0;0
FR;3;2021-01-06;0;0;0;0;0;0;0;0;0;0
FR;3;2021-01-07;0;0;0;0;0;0;0;0;0;0
FR;3;2021-01-08;0;0;0;0;0;0;0;0;0;0
FR;3;2021-01-09;0;0;0;0;0;0;0;0;0;0
FR;3;2021-01-10;0;0;0;0;0;0;0;0;0;0
FR;3;2021-01-11;0;0;0;0;0;0;0;0;0;0
FR;3;2021-01-12;0;0;0;0;0;0;0;0;0;0
FR;3;2021-01-13;0;0;0;0;0;0;0;0;0;0
FR;3;2021-01-14;0;0;0;0;0;0;0;0;0;0
FR;3;2021-01-15;0;0;0;0;0;0;0;0;0;0
FR;3;2021-01-16;0;0;0;0;0;0;0;0;0;0
FR;3;2021-01-17;0;0;0;0;0;0;0;0;0;0
FR;3;2021-01-18;0;0;0;0;0;0;0;0;0;0
FR;3;2021-01-19;0;0;0;0;0;0;0;0;0;0
FR;3;2021-01-20;0;0;0;0;0;0;0;0;0;0
FR;3;2021-01-21;0;0;0;0;0;0;0;0;0;0
FR;3;2021-01-22;0;0;0;0;0;0;0;0;0;0
FR;3;2021-01-23;0;0;0;0;0;0;0;0;0;0
FR;3;2021-01-24;0;0;0;0;0;0;0;0;0;0
FR;3;2021-01-25;0;0;0;0;0;0;0;0;0;0
FR;3;2021-01-26;0;0;0;0;0;0;0;0;0;0
FR;3;2021-01-27;0;0;0;0;0;0;0;0;0;0
FR;3;2021-01-28;0;0;0;0;0;0;0;0;0;0
FR;3;2021-01-29;0;0;0;0;0;0;0;0;0;0
FR;3;2021-01-30;0;0;0;0;0;0;0;0;0;0
FR;3;2021-01-31;0;0;0;0;0;0;0;0;0;0
FR;3;2021-02-01;0;0;0;0;0;0;0;0;0;0
FR;3;2021-02-02;0;0;0;0;0;0;0;0;0;0
FR;3;2021-02-03;0;0;0;0;0;0;0;0;0;0
FR;3;2021-02-04;0;0;0;0;0;0;0;0;0;0
FR;3;2021-02-05;0;0;0;0;0;0;0;0;0;0
FR;3;2021-02-06;1628;0;0;0;0;1628;0;0;0;0
FR;3;2021-02-07;1423;1;0;0;0;3051;1;0;0;0
FR;3;2021-02-08;2785;1;0;0;0;5836;2;0;0;0
FR;3;2021-02-09;6782;0;0;0;0;12618;2;0;0;0
FR;3;2021-02-10;9605;0;0;0;0;22223;2;0;0;0
FR;3;2021-02-11;13614;0;0;0;0;35837;2;0;0;0
FR;3;2021-02-12;13403;0;0;0;0;49240;2;0;0;0
FR;3;2021-02-13;3788;1;0;0;0;53028;3;0;0;0
FR;3;2021-02-14;972;0;0;0;0;54000;3;0;0;0
FR;3;2021-02-15;10487;1;0;0;0;64487;4;0;0;0
FR;3;2021-02-16;12546;2;0;0;0;77033;6;0;0;0
FR;3;2021-02-17;11153;0;0;0;0;88186;6;0;0;0
FR;3;2021-02-18;14937;2;0;0;0;103123;8;0;0;0
FR;3;2021-02-19;14359;1;0;0;0;117482;9;0;0;0
FR;3;2021-02-20;3329;0;0;0;0;120811;9;0;0;0
FR;3;2021-02-21;618;0;0;0;0;121429;9;0;0;0
FR;3;2021-02-22;9165;0;0;0;0;130594;9;0;0;0
FR;3;2021-02-23;11395;1;0;0;0;141989;10;0;0;0
FR;3;2021-02-24;14299;1;0;0;0;156288;11;0;0;0
FR;3;2021-02-25;44931;1;0;0;0;201219;12;0;0;0
FR;3;2021-02-26;61884;4;0;0;0;263103;16;0;0;0
FR;3;2021-02-27;34801;9;0;0;0;297904;25;0;0;0
FR;3;2021-02-28;2463;0;0;0;0;300367;25;0;0;0
FR;3;2021-03-01;20514;14;0;0;0;320881;39;0;0;0
FR;3;2021-03-02;38867;19;0;0;0;359748;58;0;0;0
FR;3;2021-03-03;48734;15;0;0;0;408482;73;0;0;0
FR;3;2021-03-04;82218;21;0;0;0;490700;94;0;0;0
FR;3;2021-03-05;118127;40;0;0;0;608827;134;0;0;0
FR;3;2021-03-06;120714;57;1;0;0;729541;191;1;0;0
FR;3;2021-03-07;55176;27;0;0;0;784717;218;1;0;0
FR;3;2021-03-08;42811;25;0;0;0;827528;243;1;0;0
FR;3;2021-03-09;78968;45;0;0;0;906496;288;1;0;0
FR;3;2021-03-10;80970;46;0;0;0;987466;334;1;0;0
FR;3;2021-03-11;128426;57;0;0;0;1115892;391;1;0;0
FR;3;2021-03-12;182722;94;0;0;0;1298614;485;1;0;0
FR;3;2021-03-13;132148;69;0;0;0;1430762;554;1;0;0
FR;3;2021-03-14;14055;5;0;0;0;1444817;559;1;0;0
FR;3;2021-03-15;52227;51;0;0;0;1497044;610;1;0;0
FR;3;2021-03-16;1211;27;0;0;0;1498255;637;1;0;0
FR;3;2021-03-17;943;35;0;0;0;1499198;672;1;0;0
FR;3;2021-03-18;1567;16;0;0;0;1500765;688;1;0;0
FR;3;2021-03-19;70451;47;0;0;0;1571216;735;1;0;0
FR;3;2021-03-20;65227;46;0;0;0;1636443;781;1;0;0
FR;3;2021-03-21;5756;7;0;0;0;1642199;788;1;0;0
FR;3;2021-03-22;37498;39;0;0;0;1679697;827;1;0;0
FR;3;2021-03-23;84655;65;0;0;0;1764352;892;1;0;0
FR;3;2021-03-24;90939;90;0;0;0;1855291;982;1;0;0
FR;3;2021-03-25;150051;131;0;0;0;2005342;1113;1;0;0
FR;3;2021-03-26;165416;150;0;0;0;2170758;1263;1;0;0
FR;3;2021-03-27;68456;101;0;0;0;2239214;1364;1;0;0
FR;3;2021-03-28;6472;20;0;0;0;2245686;1384;1;0;0
FR;3;2021-03-29;54161;72;0;0;0;2299847;1456;1;0;0
FR;3;2021-03-30;93167;101;0;0;0;2393014;1557;1;0;0
FR;3;2021-03-31;63528;100;0;0;0;2456542;1657;1;0;0
FR;3;2021-04-01;86122;105;0;0;0;2542664;1762;1;0;0
FR;3;2021-04-02;86898;155;0;0;0;2629562;1917;1;0;0
FR;3;2021-04-03;35872;119;0;0;0;2665434;2036;1;0;0
FR;3;2021-04-04;3571;18;0;0;0;2669005;2054;1;0;0
FR;3;2021-04-05;4487;28;0;0;0;2673492;2082;1;0;0
FR;3;2021-04-06;29745;89;0;0;0;2703237;2171;1;0;0
FR;3;2021-04-07;32340;83;0;0;0;2735577;2254;1;0;0
FR;3;2021-04-08;78813;243;0;0;0;2814390;2497;1;0;0
FR;3;2021-04-09;161747;422;0;0;0;2976137;2919;1;0;0
FR;3;2021-04-10;75758;338;0;0;0;3051895;3257;1;0;0
FR;3;2021-04-11;7309;45;0;0;0;3059204;3302;1;0;0
FR;3;2021-04-12;51470;209;0;0;0;3110674;3511;1;0;0
FR;3;2021-04-13;86222;320;0;0;0;3196896;3831;1;0;0
FR;3;2021-04-14;67835;348;0;0;0;3264731;4179;1;0;0
FR;3;2021-04-15;93222;376;0;0;0;3357953;4555;1;0;0
FR;3;2021-04-16;112517;589;0;0;0;3470470;5144;1;0;0
FR;3;2021-04-17;53314;327;1;0;0;3523784;5471;2;0;0
FR;3;2021-04-18;9745;37;0;0;0;3533529;5508;2;0;0
FR;3;2021-04-19;25104;250;0;0;0;3558633;5758;2;0;0
FR;3;2021-04-20;45673;401;0;0;0;3604306;6159;2;0;0
FR;3;2021-04-21;38971;480;0;0;0;3643277;6639;2;0;0
FR;3;2021-04-22;54705;793;0;0;0;3697982;7432;2;0;0
FR;3;2021-04-23;70485;1031;0;0;0;3768467;8463;2;0;0
FR;3;2021-04-24;37240;1013;0;0;0;3805707;9476;2;0;0
FR;3;2021-04-25;6205;153;0;0;0;3811912;9629;2;0;0
FR;3;2021-04-26;19784;663;0;0;0;3831696;10292;2;0;0
FR;3;2021-04-27;34473;1268;0;0;0;3866169;11560;2;0;0
FR;3;2021-04-28;28967;1954;0;0;0;3895136;13514;2;0;0
FR;3;2021-04-29;45379;5982;0;0;0;3940515;19496;2;0;0
FR;3;2021-04-30;55456;8958;1;0;0;3995971;28454;3;0;0
FR;3;2021-05-01;9511;1992;0;0;0;4005482;30446;3;0;0
FR;3;2021-05-02;3074;486;0;0;0;4008556;30932;3;0;0
FR;3;2021-05-03;13060;3877;0;0;0;4021616;34809;3;0;0
FR;3;2021-05-04;23110;8422;0;0;0;4044726;43231;3;0;0
FR;3;2021-05-05;18754;10652;0;0;0;4063480;53883;3;0;0
FR;3;2021-05-06;34624;20961;0;0;0;4098104;74844;3;0;0
FR;3;2021-05-07;44202;28517;0;0;0;4142306;103361;3;0;0
FR;3;2021-05-08;6786;9027;0;0;0;4149092;112388;3;0;0
FR;3;2021-05-09;1794;2654;0;0;0;4150886;115042;3;0;0
FR;3;2021-05-10;14990;12697;0;0;0;4165876;127739;3;0;0
FR;3;2021-05-11;27093;25909;0;0;0;4192969;153648;3;0;0
FR;3;2021-05-12;17266;27630;0;0;0;4210235;181278;3;0;0
FR;3;2021-05-13;2280;3482;0;0;0;4212515;184760;3;0;0
FR;3;2021-05-14;14514;25844;0;0;0;4227029;210604;3;0;0
FR;3;2021-05-15;7232;20859;0;0;0;4234261;231463;3;0;0
FR;3;2021-05-16;975;2668;0;0;0;4235236;234131;3;0;0
FR;3;2021-05-17;7962;19999;0;0;0;4243198;254130;3;0;0
FR;3;2021-05-18;13411;29775;0;0;0;4256609;283905;3;0;0
FR;3;2021-05-19;9265;31292;0;0;0;4265874;315197;3;0;0
FR;3;2021-05-20;12802;53380;3;0;0;4278676;368577;6;0;0
FR;3;2021-05-21;12759;65671;2;0;0;4291435;434248;8;0;0
FR;3;2021-05-22;4963;33413;1;0;0;4296398;467661;9;0;0
FR;3;2021-05-23;650;2663;0;0;0;4297048;470324;9;0;0
FR;3;2021-05-24;879;4903;0;0;0;4297927;475227;9;0;0
FR;3;2021-05-25;5304;45662;1;0;0;4303231;520889;10;0;0
FR;3;2021-05-26;4972;51318;1;0;0;4308203;572207;11;0;0
FR;3;2021-05-27;6326;78221;3;0;0;4314529;650428;14;0;0
FR;3;2021-05-28;7542;99330;2;0;0;4322071;749758;16;0;0
FR;3;2021-05-29;3347;60506;1;0;0;4325418;810264;17;0;0
FR;3;2021-05-30;547;8211;0;0;0;4325965;818475;17;0;0
FR;3;2021-05-31;2439;35760;3;0;0;4328404;854235;20;0;0
FR;3;2021-06-01;3401;64761;10;0;0;4331805;918996;30;0;0
FR;3;2021-06-02;2728;58409;6;0;0;4334533;977405;36;0;0
FR;3;2021-06-03;3492;87448;10;0;0;4338025;1064853;46;0;0
FR;3;2021-06-04;4114;105249;22;0;0;4342139;1170102;68;0;0
FR;3;2021-06-05;1979;52320;4;0;0;4344118;1222422;72;0;0
FR;3;2021-06-06;506;5380;1;0;0;4344624;1227802;73;0;0
FR;3;2021-06-07;1473;31033;11;0;0;4346097;1258835;84;0;0
FR;3;2021-06-08;2052;47252;18;0;0;4348149;1306087;102;0;0
FR;3;2021-06-09;1789;42160;13;0;0;4349938;1348247;115;0;0
FR;3;2021-06-10;2245;67754;17;0;0;4352183;1416001;132;0;0
FR;3;2021-06-11;2479;96627;34;0;0;4354662;1512628;166;0;0
FR;3;2021-06-12;1176;40770;6;0;0;4355838;1553398;172;0;0
FR;3;2021-06-13;279;3763;3;0;0;4356117;1557161;175;0;0
FR;3;2021-06-14;1043;42531;17;0;0;4357160;1599692;192;0;0
FR;3;2021-06-15;1365;80562;20;0;0;4358525;1680254;212;0;0
FR;3;2021-06-16;1256;65612;20;0;0;4359781;1745866;232;0;0
FR;3;2021-06-17;1661;101899;41;0;0;4361442;1847765;273;0;0
FR;3;2021-06-18;1870;118013;62;0;0;4363312;1965778;335;0;0
FR;3;2021-06-19;801;39378;22;0;0;4364113;2005156;357;0;0
FR;3;2021-06-20;158;3348;0;0;0;4364271;2008504;357;0;0
FR;3;2021-06-21;769;39196;16;0;0;4365040;2047700;373;0;0
FR;3;2021-06-22;1061;69977;52;0;0;4366101;2117677;425;0;0
FR;3;2021-06-23;942;50798;39;0;0;4367043;2168475;464;0;0
FR;3;2021-06-24;1308;77138;48;0;0;4368351;2245613;512;0;0
FR;3;2021-06-25;1401;90078;73;0;0;4369752;2335691;585;0;0
FR;3;2021-06-26;629;33134;29;0;0;4370381;2368825;614;0;0
FR;3;2021-06-27;166;3957;1;0;0;4370547;2372782;615;0;0
FR;3;2021-06-28;649;30326;27;0;0;4371196;2403108;642;0;0
FR;3;2021-06-29;854;56214;95;0;0;4372050;2459322;737;0;0
FR;3;2021-06-30;900;45114;93;0;0;4372950;2504436;830;0;0
FR;3;2021-07-01;1161;65730;108;0;0;4374111;2570166;938;0;0
FR;3;2021-07-02;1302;90378;170;0;0;4375413;2660544;1108;0;0
FR;3;2021-07-03;600;31177;52;0;0;4376013;2691721;1160;0;0
FR;3;2021-07-04;143;4232;3;0;0;4376156;2695953;1163;0;0
FR;3;2021-07-05;609;33841;60;0;0;4376765;2729794;1223;0;0
FR;3;2021-07-06;958;56024;88;0;0;4377723;2785818;1311;0;0
FR;3;2021-07-07;870;43027;80;0;0;4378593;2828845;1391;0;0
FR;3;2021-07-08;1123;60728;99;0;0;4379716;2889573;1490;0;0
FR;3;2021-07-09;1259;68792;128;0;0;4380975;2958365;1618;0;0
FR;3;2021-07-10;642;25056;59;0;0;4381617;2983421;1677;0;0
FR;3;2021-07-11;129;3271;4;0;0;4381746;2986692;1681;0;0
FR;3;2021-07-12;660;23844;59;0;0;4382406;3010536;1740;0;0
FR;3;2021-07-13;1645;34676;90;0;0;4384051;3045212;1830;0;0
FR;3;2021-07-14;264;2589;2;0;0;4384315;3047801;1832;0;0
FR;3;2021-07-15;1935;30604;85;0;0;4386250;3078405;1917;0;0
FR;3;2021-07-16;2520;38829;122;0;0;4388770;3117234;2039;0;0
FR;3;2021-07-17;1046;13736;26;0;0;4389816;3130970;2065;0;0
FR;3;2021-07-18;263;2588;3;0;0;4390079;3133558;2068;0;0
FR;3;2021-07-19;1275;17141;37;0;0;4391354;3150699;2105;0;0
FR;3;2021-07-20;1823;27096;98;0;0;4393177;3177795;2203;0;0
FR;3;2021-07-21;1649;19680;44;0;0;4394826;3197475;2247;0;0
FR;3;2021-07-22;1850;27711;83;0;0;4396676;3225186;2330;0;0
FR;3;2021-07-23;2215;30413;117;0;0;4398891;3255599;2447;0;0
FR;3;2021-07-24;822;6993;25;0;0;4399713;3262592;2472;0;0
FR;3;2021-07-25;210;1336;1;0;0;4399923;3263928;2473;0;0
FR;3;2021-07-26;924;10662;28;0;0;4400847;3274590;2501;0;0
FR;3;2021-07-27;1167;16936;56;0;0;4402014;3291526;2557;0;0
FR;3;2021-07-28;988;12084;40;0;0;4403002;3303610;2597;0;0
FR;3;2021-07-29;1126;15807;63;0;0;4404128;3319417;2660;0;0
FR;3;2021-07-30;1126;18062;79;0;0;4405254;3337479;2739;0;0
FR;3;2021-07-31;406;3741;15;0;0;4405660;3341220;2754;0;0
FR;3;2021-08-01;113;483;1;0;0;4405773;3341703;2755;0;0
FR;3;2021-08-02;419;5134;22;0;0;4406192;3346837;2777;0;0
FR;3;2021-08-03;491;7563;27;0;0;4406683;3354400;2804;0;0
FR;3;2021-08-04;435;4875;26;0;0;4407118;3359275;2830;0;0
FR;3;2021-08-05;429;3722;12;0;0;4407547;3362997;2842;0;0
FR;3;2021-08-06;454;4766;30;0;0;4408001;3367763;2872;0;0
FR;3;2021-08-07;214;1920;11;0;0;4408215;3369683;2883;0;0
FR;3;2021-08-08;249;427;2;0;0;4408464;3370110;2885;0;0
FR;3;2021-08-09;314;2481;11;0;0;4408778;3372591;2896;0;0
FR;3;2021-08-10;364;3858;15;0;0;4409142;3376449;2911;0;0
FR;3;2021-08-11;286;2713;15;0;0;4409428;3379162;2926;0;0
FR;3;2021-08-12;277;2624;12;0;0;4409705;3381786;2938;0;0
FR;3;2021-08-13;277;2257;16;0;0;4409982;3384043;2954;0;0
FR;3;2021-08-14;170;914;1;0;0;4410152;3384957;2955;0;0
FR;3;2021-08-15;55;174;0;0;0;4410207;3385131;2955;0;0
FR;3;2021-08-16;123;1075;8;0;0;4410330;3386206;2963;0;0
FR;3;2021-08-17;186;1491;8;0;0;4410516;3387697;2971;0;0
FR;3;2021-08-18;200;1358;10;0;0;4410716;3389055;2981;0;0
FR;3;2021-08-19;165;1406;10;0;0;4410881;3390461;2991;0;0
FR;3;2021-08-20;167;1625;16;0;0;4411048;3392086;3007;0;0
FR;3;2021-08-21;93;587;2;0;0;4411141;3392673;3009;0;0
FR;3;2021-08-22;41;186;1;0;0;4411182;3392859;3010;0;0
FR;3;2021-08-23;140;923;7;0;0;4411322;3393782;3017;0;0
FR;3;2021-08-24;124;961;10;0;0;4411446;3394743;3027;0;0
FR;3;2021-08-25;137;831;2;0;0;4411583;3395574;3029;0;0
FR;3;2021-08-26;171;864;9;0;0;4411754;3396438;3038;0;0
FR;3;2021-08-27;175;964;9;0;0;4411929;3397402;3047;0;0
FR;3;2021-08-28;98;370;4;0;0;4412027;3397772;3051;0;0
FR;3;2021-08-29;128;135;1;0;0;4412155;3397907;3052;0;0
FR;3;2021-08-30;99;593;0;0;130;4412254;3398500;3052;0;130
FR;3;2021-08-31;130;704;7;0;149;4412384;3399204;3059;0;279
FR;3;2021-09-01;115;473;5;0;119;4412499;3399677;3064;0;398
FR;3;2021-09-02;100;635;22;0;119;4412599;3400312;3086;0;517
FR;3;2021-09-03;115;584;17;0;128;4412714;3400896;3103;0;645
FR;3;2021-09-04;54;301;3;0;56;4412768;3401197;3106;0;701
FR;3;2021-09-05;51;68;5;0;28;4412819;3401265;3111;0;729
FR;3;2021-09-06;115;389;4;0;144;4412934;3401654;3115;0;873
FR;3;2021-09-07;123;467;14;0;127;4413057;3402121;3129;0;1000
FR;3;2021-09-08;119;368;2;0;99;4413176;3402489;3131;0;1099
FR;3;2021-09-09;92;394;8;0;113;4413268;3402883;3139;0;1212
FR;3;2021-09-10;100;416;3;0;101;4413368;3403299;3142;0;1313
FR;3;2021-09-11;76;238;4;0;66;4413444;3403537;3146;0;1379
FR;3;2021-09-12;36;48;1;0;17;4413480;3403585;3147;0;1396
FR;3;2021-09-13;72;317;7;0;107;4413552;3403902;3154;0;1503
FR;3;2021-09-14;72;288;6;0;104;4413624;3404190;3160;0;1607
FR;3;2021-09-15;60;262;3;0;6;4413684;3404452;3163;0;1613
FR;3;2021-09-16;60;333;5;0;5;4413744;3404785;3168;0;1618
FR;3;2021-09-17;51;345;3;0;7;4413795;3405130;3171;0;1625
FR;3;2021-09-18;36;174;1;0;1;4413831;3405304;3172;0;1626
FR;3;2021-09-19;27;32;2;0;1;4413858;3405336;3174;0;1627
FR;3;2021-09-20;79;204;0;0;1;4413937;3405540;3174;0;1628
FR;3;2021-09-21;59;285;6;0;7;4413996;3405825;3180;0;1635
FR;3;2021-09-22;64;228;6;0;7;4414060;3406053;3186;0;1642
FR;3;2021-09-23;36;272;11;0;7;4414096;3406325;3197;0;1649
FR;3;2021-09-24;26;323;12;0;19;4414122;3406648;3209;0;1668
FR;3;2021-09-25;29;148;3;0;3;4414151;3406796;3212;0;1671
FR;3;2021-09-26;15;56;1;0;1;4414166;3406852;3213;0;1672
FR;3;2021-09-27;39;292;3;0;5;4414205;3407144;3216;0;1677
FR;3;2021-09-28;49;253;6;0;10;4414254;3407397;3222;0;1687
FR;3;2021-09-29;35;224;10;0;14;4414289;3407621;3232;0;1701
FR;3;2021-09-30;38;200;8;0;10;4414327;3407821;3240;0;1711
FR;3;2021-10-01;17;168;6;0;6;4414344;3407989;3246;0;1717
FR;3;2021-10-02;14;90;0;0;0;4414358;3408079;3246;0;1717
FR;3;2021-10-03;19;19;1;0;2;4414377;3408098;3247;0;1719
FR;3;2021-10-04;30;159;4;0;4;4414407;3408257;3251;0;1723
FR;3;2021-10-05;16;152;10;0;13;4414423;3408409;3261;0;1736
FR;3;2021-10-06;31;155;8;0;9;4414454;3408564;3269;0;1745
FR;3;2021-10-07;18;139;6;0;6;4414472;3408703;3275;0;1751
FR;3;2021-10-08;22;143;10;0;9;4414494;3408846;3285;0;1760
FR;3;2021-10-09;13;70;1;0;1;4414507;3408916;3286;0;1761
FR;3;2021-10-10;12;16;2;0;2;4414519;3408932;3288;0;1763
FR;3;2021-10-11;15;122;4;0;5;4414534;3409054;3292;0;1768
FR;3;2021-10-12;18;111;5;0;5;4414552;3409165;3297;0;1773
FR;3;2021-10-13;23;118;8;0;6;4414575;3409283;3305;0;1779
FR;3;2021-10-14;16;158;3;0;4;4414591;3409441;3308;0;1783
FR;3;2021-10-15;23;154;8;0;11;4414614;3409595;3316;0;1794
FR;3;2021-10-16;11;78;6;0;8;4414625;3409673;3322;0;1802
FR;3;2021-10-17;11;24;0;0;0;4414636;3409697;3322;0;1802
FR;3;2021-10-18;18;121;2;0;1;4414654;3409818;3324;0;1803
FR;3;2021-10-19;16;123;19;0;21;4414670;3409941;3343;0;1824
FR;3;2021-10-20;22;129;6;0;7;4414692;3410070;3349;0;1831
FR;3;2021-10-21;26;134;17;0;13;4414718;3410204;3366;0;1844
FR;3;2021-10-22;20;125;16;0;20;4414738;3410329;3382;0;1864
FR;3;2021-10-23;12;59;2;0;1;4414750;3410388;3384;0;1865
FR;3;2021-10-24;7;32;0;0;0;4414757;3410420;3384;0;1865
FR;3;2021-10-25;22;150;7;0;7;4414779;3410570;3391;0;1872
FR;3;2021-10-26;19;112;22;0;19;4414798;3410682;3413;0;1891
FR;3;2021-10-27;17;112;9;0;9;4414815;3410794;3422;0;1900
FR;3;2021-10-28;20;124;33;0;36;4414835;3410918;3455;0;1936
FR;3;2021-10-29;11;122;64;0;54;4414846;3411040;3519;0;1990
FR;3;2021-10-30;8;65;11;1;10;4414854;3411105;3530;1;2000
FR;3;2021-10-31;6;22;1;0;1;4414860;3411127;3531;1;2001
FR;3;2021-11-01;8;22;2;0;1;4414868;3411149;3533;1;2002
FR;3;2021-11-02;9;108;8;0;10;4414877;3411257;3541;1;2012
FR;3;2021-11-03;19;115;10;0;10;4414896;3411372;3551;1;2022
FR;3;2021-11-04;18;94;4;0;3;4414914;3411466;3555;1;2025
FR;3;2021-11-05;17;137;8;1;5;4414931;3411603;3563;2;2030
FR;3;2021-11-06;7;63;3;0;3;4414938;3411666;3566;2;2033
FR;3;2021-11-07;6;21;1;0;1;4414944;3411687;3567;2;2034
FR;3;2021-11-08;11;140;7;0;5;4414955;3411827;3574;2;2039
FR;3;2021-11-09;12;147;5;0;5;4414967;3411974;3579;2;2044
FR;3;2021-11-10;13;170;14;0;15;4414980;3412144;3593;2;2059
FR;3;2021-11-11;8;51;3;0;3;4414988;3412195;3596;2;2062
FR;3;2021-11-12;12;149;6;0;4;4415000;3412344;3602;2;2066
FR;3;2021-11-13;7;76;9;0;10;4415007;3412420;3611;2;2076
FR;3;2021-11-14;2;21;0;0;0;4415009;3412441;3611;2;2076
FR;3;2021-11-15;4;190;10;0;11;4415013;3412631;3621;2;2087
FR;3;2021-11-16;3;161;11;0;10;4415016;3412792;3632;2;2097
FR;3;2021-11-17;6;171;10;0;7;4415022;3412963;3642;2;2104
FR;3;2021-11-18;13;172;10;0;11;4415035;3413135;3652;2;2115
FR;3;2021-11-19;9;220;22;0;27;4415044;3413355;3674;2;2142
FR;3;2021-11-20;6;111;5;0;5;4415050;3413466;3679;2;2147
FR;3;2021-11-21;3;26;3;0;3;4415053;3413492;3682;2;2150
FR;3;2021-11-22;11;226;10;0;10;4415064;3413718;3692;2;2160
FR;3;2021-11-23;8;218;15;0;14;4415072;3413936;3707;2;2174
FR;3;2021-11-24;5;224;9;0;17;4415077;3414160;3716;2;2191
FR;3;2021-11-25;9;267;11;0;10;4415086;3414427;3727;2;2201
FR;3;2021-11-26;6;345;35;0;32;4415092;3414772;3762;2;2233
FR;3;2021-11-27;8;161;20;0;21;4415100;3414933;3782;2;2254
FR;3;2021-11-28;3;60;7;0;7;4415103;3414993;3789;2;2261
FR;3;2021-11-29;5;298;19;0;20;4415108;3415291;3808;2;2281
FR;3;2021-11-30;5;388;26;0;29;4415113;3415679;3834;2;2310
FR;3;2021-12-01;22;429;33;0;34;4415135;3416108;3867;2;2344
FR;3;2021-12-02;9;454;33;0;36;4415144;3416562;3900;2;2380
FR;3;2021-12-03;3;531;37;0;38;4415147;3417093;3937;2;2418
FR;3;2021-12-04;3;268;26;0;28;4415150;3417361;3963;2;2446
FR;3;2021-12-05;1;74;5;0;5;4415151;3417435;3968;2;2451
FR;3;2021-12-06;5;478;14;0;16;4415156;3417913;3982;2;2467
FR;3;2021-12-07;4;562;20;0;24;4415160;3418475;4002;2;2491
FR;3;2021-12-08;6;505;29;0;30;4415166;3418980;4031;2;2521
FR;3;2021-12-09;3;568;17;0;22;4415169;3419548;4048;2;2543
FR;3;2021-12-10;9;587;29;0;25;4415178;3420135;4077;2;2568
FR;3;2021-12-11;4;371;10;0;9;4415182;3420506;4087;2;2577
FR;3;2021-12-12;1;117;3;0;3;4415183;3420623;4090;2;2580
FR;3;2021-12-13;2;567;19;0;21;4415185;3421190;4109;2;2601
FR;3;2021-12-14;7;721;18;0;21;4415192;3421911;4127;2;2622
FR;3;2021-12-15;9;684;17;0;21;4415201;3422595;4144;2;2643
FR;3;2021-12-16;10;695;19;0;18;4415211;3423290;4163;2;2661
FR;3;2021-12-17;4;765;18;0;19;4415215;3424055;4181;2;2680
FR;3;2021-12-18;4;405;4;0;5;4415219;3424460;4185;2;2685
FR;3;2021-12-19;3;206;2;0;2;4415222;3424666;4187;2;2687
FR;3;2021-12-20;8;694;23;0;28;4415230;3425360;4210;2;2715
FR;3;2021-12-21;3;780;10;0;13;4415233;3426140;4220;2;2728
FR;3;2021-12-22;7;731;9;0;10;4415240;3426871;4229;2;2738
FR;3;2021-12-23;1;632;9;0;8;4415241;3427503;4238;2;2746
FR;3;2021-12-24;2;261;3;0;6;4415243;3427764;4241;2;2752
FR;3;2021-12-25;0;25;0;0;0;4415243;3427789;4241;2;2752
FR;3;2021-12-26;0;92;1;0;1;4415243;3427881;4242;2;2753
FR;3;2021-12-27;7;529;17;0;19;4415250;3428410;4259;2;2772
FR;3;2021-12-28;1;677;6;0;5;4415251;3429087;4265;2;2777
FR;3;2021-12-29;4;563;14;0;16;4415255;3429650;4279;2;2793
FR;3;2021-12-30;1;592;7;0;10;4415256;3430242;4286;2;2803
FR;3;2021-12-31;0;202;5;0;7;4415256;3430444;4291;2;2810
FR;3;2022-01-01;0;27;0;0;2;4415256;3430471;4291;2;2812
FR;3;2022-01-02;0;82;0;0;0;4415256;3430553;4291;2;2812
FR;3;2022-01-03;4;561;17;0;21;4415260;3431114;4308;2;2833
FR;3;2022-01-04;6;618;9;0;8;4415266;3431732;4317;2;2841
FR;3;2022-01-05;4;548;10;0;14;4415270;3432280;4327;2;2855
FR;3;2022-01-06;5;537;9;0;12;4415275;3432817;4336;2;2867
FR;3;2022-01-07;2;568;11;0;13;4415277;3433385;4347;2;2880
FR;3;2022-01-08;2;280;4;0;5;4415279;3433665;4351;2;2885
FR;3;2022-01-09;0;118;0;0;0;4415279;3433783;4351;2;2885
FR;3;2022-01-10;2;475;12;0;12;4415281;3434258;4363;2;2897
FR;3;2022-01-11;2;523;1;0;1;4415283;3434781;4364;2;2898
FR;3;2022-01-12;2;441;9;0;10;4415285;3435222;4373;2;2908
FR;3;2022-01-13;3;420;11;0;12;4415288;3435642;4384;2;2920
FR;3;2022-01-14;3;469;10;0;13;4415291;3436111;4394;2;2933
FR;3;2022-01-15;0;297;2;0;3;4415291;3436408;4396;2;2936
FR;3;2022-01-16;0;116;1;0;1;4415291;3436524;4397;2;2937
FR;3;2022-01-17;2;345;8;0;9;4415293;3436869;4405;2;2946
FR;3;2022-01-18;2;404;1;0;2;4415295;3437273;4406;2;2948
FR;3;2022-01-19;2;347;5;0;10;4415297;3437620;4411;2;2958
FR;3;2022-01-20;1;377;5;0;3;4415298;3437997;4416;2;2961
FR;3;2022-01-21;4;369;5;0;7;4415302;3438366;4421;2;2968
FR;3;2022-01-22;2;231;1;0;2;4415304;3438597;4422;2;2970
FR;3;2022-01-23;0;82;0;0;1;4415304;3438679;4422;2;2971
FR;3;2022-01-24;2;346;1;0;6;4415306;3439025;4423;2;2977
FR;3;2022-01-25;0;190;0;0;0;4415306;3439215;4423;2;2977
FR;3;2022-01-26;0;86;0;0;0;4415306;3439301;4423;2;2977
FR;3;2022-01-27;0;56;0;0;0;4415306;3439357;4423;2;2977
FR;3;2022-01-28;0;133;0;0;0;4415306;3439490;4423;2;2977
FR;3;2022-01-29;0;110;0;0;0;4415306;3439600;4423;2;2977
FR;3;2022-01-30;0;51;0;0;0;4415306;3439651;4423;2;2977
FR;3;2022-01-31;0;97;0;0;0;4415306;3439748;4423;2;2977
FR;3;2022-02-01;0;108;0;0;1;4415306;3439856;4423;2;2978
FR;3;2022-02-02;0;95;0;0;0;4415306;3439951;4423;2;2978
FR;3;2022-02-03;0;101;0;0;0;4415306;3440052;4423;2;2978
FR;3;2022-02-04;0;123;0;0;0;4415306;3440175;4423;2;2978
FR;3;2022-02-05;0;73;0;0;0;4415306;3440248;4423;2;2978
FR;3;2022-02-06;0;11;0;0;0;4415306;3440259;4423;2;2978
FR;3;2022-02-07;0;89;0;0;1;4415306;3440348;4423;2;2979
FR;3;2022-02-08;0;0;0;0;0;4415306;3440348;4423;2;2979
FR;3;2022-02-09;0;0;0;0;0;4415306;3440348;4423;2;2979
FR;3;2022-02-10;0;0;0;0;0;4415306;3440348;4423;2;2979
FR;3;2022-02-11;0;0;0;0;0;4415306;3440348;4423;2;2979
FR;3;2022-02-12;0;0;0;0;0;4415306;3440348;4423;2;2979
FR;3;2022-02-13;0;0;0;0;0;4415306;3440348;4423;2;2979
FR;3;2022-02-14;0;0;0;0;0;4415306;3440348;4423;2;2979
FR;3;2022-02-15;0;0;0;0;0;4415306;3440348;4423;2;2979
FR;3;2022-02-16;0;0;0;0;0;4415306;3440348;4423;2;2979
FR;3;2022-02-17;0;0;0;0;0;4415306;3440348;4423;2;2979
FR;3;2022-02-18;0;0;0;0;0;4415306;3440348;4423;2;2979
FR;3;2022-02-19;0;0;0;0;0;4415306;3440348;4423;2;2979
FR;3;2022-02-20;0;0;0;0;0;4415306;3440348;4423;2;2979
FR;3;2022-02-21;2;0;0;0;0;4415308;3440348;4423;2;2979
FR;3;2022-02-22;0;0;0;0;0;4415308;3440348;4423;2;2979
FR;3;2022-02-23;0;0;0;0;0;4415308;3440348;4423;2;2979
FR;3;2022-02-24;0;0;0;0;0;4415308;3440348;4423;2;2979
FR;3;2022-02-25;0;0;0;0;0;4415308;3440348;4423;2;2979
FR;3;2022-02-26;0;0;0;0;0;4415308;3440348;4423;2;2979
FR;3;2022-02-27;0;0;0;0;0;4415308;3440348;4423;2;2979
FR;3;2022-02-28;1;0;0;0;0;4415309;3440348;4423;2;2979
FR;3;2022-03-01;1;0;0;0;0;4415310;3440348;4423;2;2979
FR;3;2022-03-02;0;0;0;0;0;4415310;3440348;4423;2;2979
FR;3;2022-03-03;0;0;0;0;0;4415310;3440348;4423;2;2979
FR;3;2022-03-04;0;0;0;0;0;4415310;3440348;4423;2;2979
FR;3;2022-03-05;0;0;0;0;0;4415310;3440348;4423;2;2979
FR;3;2022-03-06;1;0;0;0;0;4415311;3440348;4423;2;2979
FR;3;2022-03-07;0;0;0;0;0;4415311;3440348;4423;2;2979
FR;3;2022-03-08;1;0;0;0;0;4415312;3440348;4423;2;2979
FR;3;2022-03-09;0;0;0;0;0;4415312;3440348;4423;2;2979
FR;3;2022-03-10;0;0;0;0;0;4415312;3440348;4423;2;2979
FR;3;2022-03-11;0;0;0;0;0;4415312;3440348;4423;2;2979
FR;3;2022-03-12;0;0;0;0;0;4415312;3440348;4423;2;2979
FR;3;2022-03-13;0;0;0;0;0;4415312;3440348;4423;2;2979
FR;3;2022-03-14;0;0;0;0;0;4415312;3440348;4423;2;2979
FR;3;2022-03-15;0;0;0;0;0;4415312;3440348;4423;2;2979
FR;3;2022-03-16;0;0;0;0;0;4415312;3440348;4423;2;2979
FR;3;2022-03-17;0;0;0;0;0;4415312;3440348;4423;2;2979
FR;3;2022-03-18;0;0;0;0;0;4415312;3440348;4423;2;2979
FR;3;2022-03-19;0;0;0;0;0;4415312;3440348;4423;2;2979
FR;3;2022-03-20;1;0;0;0;0;4415313;3440348;4423;2;2979
FR;3;2022-03-21;0;0;0;0;0;4415313;3440348;4423;2;2979
FR;3;2022-03-22;0;0;0;0;0;4415313;3440348;4423;2;2979
FR;3;2022-03-23;1;0;0;0;0;4415314;3440348;4423;2;2979
FR;3;2022-03-24;0;0;0;0;0;4415314;3440348;4423;2;2979
FR;3;2022-03-25;1;0;0;0;0;4415315;3440348;4423;2;2979
FR;3;2022-03-26;0;0;0;0;0;4415315;3440348;4423;2;2979
FR;3;2022-03-27;0;0;0;0;0;4415315;3440348;4423;2;2979
FR;3;2022-03-28;0;0;0;0;0;4415315;3440348;4423;2;2979
FR;3;2022-03-29;0;0;0;0;0;4415315;3440348;4423;2;2979
FR;3;2022-03-30;0;0;0;0;0;4415315;3440348;4423;2;2979
FR;3;2022-03-31;0;0;0;0;0;4415315;3440348;4423;2;2979
FR;3;2022-04-01;0;0;0;0;0;4415315;3440348;4423;2;2979
FR;3;2022-04-02;0;0;0;0;0;4415315;3440348;4423;2;2979
FR;3;2022-04-03;0;0;0;0;0;4415315;3440348;4423;2;2979
FR;3;2022-04-04;0;0;0;0;0;4415315;3440348;4423;2;2979
FR;3;2022-04-05;0;0;0;0;0;4415315;3440348;4423;2;2979
FR;3;2022-04-06;0;0;0;0;0;4415315;3440348;4423;2;2979
FR;3;2022-04-07;0;0;0;0;0;4415315;3440348;4423;2;2979
FR;3;2022-04-08;0;0;0;0;0;4415315;3440348;4423;2;2979
FR;3;2022-04-09;0;0;0;0;0;4415315;3440348;4423;2;2979
FR;3;2022-04-10;0;0;0;0;0;4415315;3440348;4423;2;2979
FR;3;2022-04-11;0;0;0;0;0;4415315;3440348;4423;2;2979
FR;3;2022-04-12;0;0;0;0;0;4415315;3440348;4423;2;2979
FR;3;2022-04-13;0;0;0;0;0;4415315;3440348;4423;2;2979
FR;3;2022-04-14;0;0;0;0;0;4415315;3440348;4423;2;2979
FR;3;2022-04-15;1;0;0;0;0;4415316;3440348;4423;2;2979
FR;3;2022-04-16;0;0;0;0;0;4415316;3440348;4423;2;2979
FR;3;2022-04-17;0;0;0;0;0;4415316;3440348;4423;2;2979
FR;3;2022-04-18;0;0;0;0;0;4415316;3440348;4423;2;2979
FR;3;2022-04-19;0;0;0;0;0;4415316;3440348;4423;2;2979
FR;3;2022-04-20;0;0;0;0;0;4415316;3440348;4423;2;2979
FR;3;2022-04-21;0;0;0;0;0;4415316;3440348;4423;2;2979
FR;3;2022-04-22;0;0;0;0;0;4415316;3440348;4423;2;2979
FR;3;2022-04-23;0;0;0;0;0;4415316;3440348;4423;2;2979
FR;3;2022-04-24;0;0;0;0;0;4415316;3440348;4423;2;2979
FR;3;2022-04-25;0;0;0;0;0;4415316;3440348;4423;2;2979
FR;3;2022-04-26;0;0;0;0;0;4415316;3440348;4423;2;2979
FR;3;2022-04-27;0;0;0;0;0;4415316;3440348;4423;2;2979
FR;3;2022-04-28;0;0;0;0;0;4415316;3440348;4423;2;2979
FR;3;2022-04-29;0;0;0;0;0;4415316;3440348;4423;2;2979
FR;3;2022-04-30;0;0;0;0;0;4415316;3440348;4423;2;2979
FR;3;2022-05-01;0;0;0;0;0;4415316;3440348;4423;2;2979
FR;3;2022-05-02;0;0;0;0;0;4415316;3440348;4423;2;2979
FR;3;2022-05-03;0;0;0;0;0;4415316;3440348;4423;2;2979
FR;3;2022-05-04;0;0;0;0;0;4415316;3440348;4423;2;2979
FR;3;2022-05-05;0;0;0;0;0;4415316;3440348;4423;2;2979
FR;3;2022-05-06;0;0;0;0;0;4415316;3440348;4423;2;2979
FR;3;2022-05-07;0;0;0;0;0;4415316;3440348;4423;2;2979
FR;3;2022-05-08;0;0;0;0;0;4415316;3440348;4423;2;2979
FR;3;2022-05-09;0;0;0;0;0;4415316;3440348;4423;2;2979
FR;3;2022-05-10;0;0;0;0;0;4415316;3440348;4423;2;2979
FR;3;2022-05-11;0;0;0;0;0;4415316;3440348;4423;2;2979
FR;3;2022-05-12;0;0;0;0;0;4415316;3440348;4423;2;2979
FR;3;2022-05-13;0;0;0;0;0;4415316;3440348;4423;2;2979
FR;3;2022-05-14;1;0;0;0;0;4415317;3440348;4423;2;2979
FR;3;2022-05-15;0;0;0;0;0;4415317;3440348;4423;2;2979
FR;3;2022-05-16;0;0;0;0;0;4415317;3440348;4423;2;2979
FR;3;2022-05-17;0;0;0;0;0;4415317;3440348;4423;2;2979
FR;3;2022-05-18;0;0;0;0;0;4415317;3440348;4423;2;2979
FR;3;2022-05-19;0;0;0;0;0;4415317;3440348;4423;2;2979
FR;3;2022-05-20;0;0;0;0;0;4415317;3440348;4423;2;2979
FR;3;2022-05-21;0;0;0;0;0;4415317;3440348;4423;2;2979
FR;3;2022-05-22;0;0;0;0;0;4415317;3440348;4423;2;2979
FR;3;2022-05-23;0;0;0;0;0;4415317;3440348;4423;2;2979
FR;3;2022-05-24;0;0;0;0;0;4415317;3440348;4423;2;2979
FR;3;2022-05-25;0;0;0;0;0;4415317;3440348;4423;2;2979
FR;3;2022-05-26;0;0;0;0;0;4415317;3440348;4423;2;2979
FR;3;2022-05-27;0;0;0;0;0;4415317;3440348;4423;2;2979
FR;3;2022-05-28;0;0;0;0;0;4415317;3440348;4423;2;2979
FR;3;2022-05-29;0;0;0;0;0;4415317;3440348;4423;2;2979
FR;3;2022-05-30;0;0;0;0;0;4415317;3440348;4423;2;2979
FR;3;2022-05-31;0;0;0;0;0;4415317;3440348;4423;2;2979
FR;3;2022-06-01;0;0;0;0;0;4415317;3440348;4423;2;2979
FR;3;2022-06-02;0;0;0;0;0;4415317;3440348;4423;2;2979
FR;3;2022-06-03;0;0;0;0;0;4415317;3440348;4423;2;2979
FR;3;2022-06-04;0;0;0;0;0;4415317;3440348;4423;2;2979
FR;3;2022-06-05;0;0;0;0;0;4415317;3440348;4423;2;2979
FR;3;2022-06-06;0;0;0;0;0;4415317;3440348;4423;2;2979
FR;3;2022-06-07;0;0;0;0;0;4415317;3440348;4423;2;2979
FR;3;2022-06-08;0;0;0;0;0;4415317;3440348;4423;2;2979
FR;3;2022-06-09;0;0;0;0;0;4415317;3440348;4423;2;2979
FR;3;2022-06-10;0;0;0;0;0;4415317;3440348;4423;2;2979
FR;3;2022-06-11;0;0;0;0;0;4415317;3440348;4423;2;2979
FR;3;2022-06-12;0;0;0;0;0;4415317;3440348;4423;2;2979
FR;3;2022-06-13;1;0;0;0;0;4415318;3440348;4423;2;2979
FR;3;2022-06-14;0;0;0;0;0;4415318;3440348;4423;2;2979
FR;3;2022-06-15;0;0;0;0;0;4415318;3440348;4423;2;2979
FR;3;2022-06-16;0;0;0;0;0;4415318;3440348;4423;2;2979
FR;3;2022-06-17;0;0;0;0;0;4415318;3440348;4423;2;2979
FR;3;2022-06-18;0;0;0;0;0;4415318;3440348;4423;2;2979
FR;3;2022-06-19;0;0;0;0;0;4415318;3440348;4423;2;2979
FR;3;2022-06-20;0;0;0;0;0;4415318;3440348;4423;2;2979
FR;3;2022-06-21;0;0;0;0;0;4415318;3440348;4423;2;2979
FR;3;2022-06-22;0;0;0;0;0;4415318;3440348;4423;2;2979
FR;3;2022-06-23;0;0;0;0;0;4415318;3440348;4423;2;2979
FR;3;2022-06-24;0;0;0;0;0;4415318;3440348;4423;2;2979
FR;3;2022-06-25;0;0;0;0;0;4415318;3440348;4423;2;2979
FR;3;2022-06-26;0;0;0;0;0;4415318;3440348;4423;2;2979
FR;3;2022-06-27;0;0;0;0;0;4415318;3440348;4423;2;2979
FR;3;2022-06-28;0;0;0;0;0;4415318;3440348;4423;2;2979
FR;3;2022-06-29;1;0;0;0;0;4415319;3440348;4423;2;2979
FR;3;2022-06-30;0;0;0;0;0;4415319;3440348;4423;2;2979
FR;4;2020-12-27;0;0;0;0;0;0;0;0;0;0
FR;4;2020-12-28;0;0;0;0;0;0;0;0;0;0
FR;4;2020-12-29;0;0;0;0;0;0;0;0;0;0
FR;4;2020-12-30;0;0;0;0;0;0;0;0;0;0
FR;4;2020-12-31;0;0;0;0;0;0;0;0;0;0
FR;4;2021-01-01;0;0;0;0;0;0;0;0;0;0
FR;4;2021-01-02;0;0;0;0;0;0;0;0;0;0
FR;4;2021-01-03;0;0;0;0;0;0;0;0;0;0
FR;4;2021-01-04;0;0;0;0;0;0;0;0;0;0
FR;4;2021-01-05;0;0;0;0;0;0;0;0;0;0
FR;4;2021-01-06;0;0;0;0;0;0;0;0;0;0
FR;4;2021-01-07;0;0;0;0;0;0;0;0;0;0
FR;4;2021-01-08;0;0;0;0;0;0;0;0;0;0
FR;4;2021-01-09;0;0;0;0;0;0;0;0;0;0
FR;4;2021-01-10;0;0;0;0;0;0;0;0;0;0
FR;4;2021-01-11;0;0;0;0;0;0;0;0;0;0
FR;4;2021-01-12;0;0;0;0;0;0;0;0;0;0
FR;4;2021-01-13;0;0;0;0;0;0;0;0;0;0
FR;4;2021-01-14;0;0;0;0;0;0;0;0;0;0
FR;4;2021-01-15;0;0;0;0;0;0;0;0;0;0
FR;4;2021-01-16;0;0;0;0;0;0;0;0;0;0
FR;4;2021-01-17;0;0;0;0;0;0;0;0;0;0
FR;4;2021-01-18;0;0;0;0;0;0;0;0;0;0
FR;4;2021-01-19;0;0;0;0;0;0;0;0;0;0
FR;4;2021-01-20;0;0;0;0;0;0;0;0;0;0
FR;4;2021-01-21;0;0;0;0;0;0;0;0;0;0
FR;4;2021-01-22;0;0;0;0;0;0;0;0;0;0
FR;4;2021-01-23;0;0;0;0;0;0;0;0;0;0
FR;4;2021-01-24;0;0;0;0;0;0;0;0;0;0
FR;4;2021-01-25;0;0;0;0;0;0;0;0;0;0
FR;4;2021-01-26;0;0;0;0;0;0;0;0;0;0
FR;4;2021-01-27;0;0;0;0;0;0;0;0;0;0
FR;4;2021-01-28;0;0;0;0;0;0;0;0;0;0
FR;4;2021-01-29;0;0;0;0;0;0;0;0;0;0
FR;4;2021-01-30;0;0;0;0;0;0;0;0;0;0
FR;4;2021-01-31;0;0;0;0;0;0;0;0;0;0
FR;4;2021-02-01;0;0;0;0;0;0;0;0;0;0
FR;4;2021-02-02;0;0;0;0;0;0;0;0;0;0
FR;4;2021-02-03;0;0;0;0;0;0;0;0;0;0
FR;4;2021-02-04;0;0;0;0;0;0;0;0;0;0
FR;4;2021-02-05;0;0;0;0;0;0;0;0;0;0
FR;4;2021-02-06;0;0;0;0;0;0;0;0;0;0
FR;4;2021-02-07;0;0;0;0;0;0;0;0;0;0
FR;4;2021-02-08;0;0;0;0;0;0;0;0;0;0
FR;4;2021-02-09;0;0;0;0;0;0;0;0;0;0
FR;4;2021-02-10;0;0;0;0;0;0;0;0;0;0
FR;4;2021-02-11;0;0;0;0;0;0;0;0;0;0
FR;4;2021-02-12;0;0;0;0;0;0;0;0;0;0
FR;4;2021-02-13;0;0;0;0;0;0;0;0;0;0
FR;4;2021-02-14;0;0;0;0;0;0;0;0;0;0
FR;4;2021-02-15;0;0;0;0;0;0;0;0;0;0
FR;4;2021-02-16;0;0;0;0;0;0;0;0;0;0
FR;4;2021-02-17;0;0;0;0;0;0;0;0;0;0
FR;4;2021-02-18;0;0;0;0;0;0;0;0;0;0
FR;4;2021-02-19;0;0;0;0;0;0;0;0;0;0
FR;4;2021-02-20;0;0;0;0;0;0;0;0;0;0
FR;4;2021-02-21;0;0;0;0;0;0;0;0;0;0
FR;4;2021-02-22;0;0;0;0;0;0;0;0;0;0
FR;4;2021-02-23;0;0;0;0;0;0;0;0;0;0
FR;4;2021-02-24;0;0;0;0;0;0;0;0;0;0
FR;4;2021-02-25;0;0;0;0;0;0;0;0;0;0
FR;4;2021-02-26;0;0;0;0;0;0;0;0;0;0
FR;4;2021-02-27;0;0;0;0;0;0;0;0;0;0
FR;4;2021-02-28;0;0;0;0;0;0;0;0;0;0
FR;4;2021-03-01;0;0;0;0;0;0;0;0;0;0
FR;4;2021-03-02;0;0;0;0;0;0;0;0;0;0
FR;4;2021-03-03;0;0;0;0;0;0;0;0;0;0
FR;4;2021-03-04;0;0;0;0;0;0;0;0;0;0
FR;4;2021-03-05;0;0;0;0;0;0;0;0;0;0
FR;4;2021-03-06;0;0;0;0;0;0;0;0;0;0
FR;4;2021-03-07;0;0;0;0;0;0;0;0;0;0
FR;4;2021-03-08;0;0;0;0;0;0;0;0;0;0
FR;4;2021-03-09;0;0;0;0;0;0;0;0;0;0
FR;4;2021-03-10;0;0;0;0;0;0;0;0;0;0
FR;4;2021-03-11;0;0;0;0;0;0;0;0;0;0
FR;4;2021-03-12;0;0;0;0;0;0;0;0;0;0
FR;4;2021-03-13;0;0;0;0;0;0;0;0;0;0
FR;4;2021-03-14;0;0;0;0;0;0;0;0;0;0
FR;4;2021-03-15;0;0;0;0;0;0;0;0;0;0
FR;4;2021-03-16;0;0;0;0;0;0;0;0;0;0
FR;4;2021-03-17;0;0;0;0;0;0;0;0;0;0
FR;4;2021-03-18;0;0;0;0;0;0;0;0;0;0
FR;4;2021-03-19;0;0;0;0;0;0;0;0;0;0
FR;4;2021-03-20;0;0;0;0;0;0;0;0;0;0
FR;4;2021-03-21;0;0;0;0;0;0;0;0;0;0
FR;4;2021-03-22;0;0;0;0;0;0;0;0;0;0
FR;4;2021-03-23;0;0;0;0;0;0;0;0;0;0
FR;4;2021-03-24;0;0;0;0;0;0;0;0;0;0
FR;4;2021-03-25;0;0;0;0;0;0;0;0;0;0
FR;4;2021-03-26;0;0;0;0;0;0;0;0;0;0
FR;4;2021-03-27;0;0;0;0;0;0;0;0;0;0
FR;4;2021-03-28;0;0;0;0;0;0;0;0;0;0
FR;4;2021-03-29;0;0;0;0;0;0;0;0;0;0
FR;4;2021-03-30;0;0;0;0;0;0;0;0;0;0
FR;4;2021-03-31;0;0;0;0;0;0;0;0;0;0
FR;4;2021-04-01;0;0;0;0;0;0;0;0;0;0
FR;4;2021-04-02;0;0;0;0;0;0;0;0;0;0
FR;4;2021-04-03;0;0;0;0;0;0;0;0;0;0
FR;4;2021-04-04;0;0;0;0;0;0;0;0;0;0
FR;4;2021-04-05;0;0;0;0;0;0;0;0;0;0
FR;4;2021-04-06;0;0;0;0;0;0;0;0;0;0
FR;4;2021-04-07;0;0;0;0;0;0;0;0;0;0
FR;4;2021-04-08;0;0;0;0;0;0;0;0;0;0
FR;4;2021-04-09;0;0;0;0;0;0;0;0;0;0
FR;4;2021-04-10;0;0;0;0;0;0;0;0;0;0
FR;4;2021-04-11;0;0;0;0;0;0;0;0;0;0
FR;4;2021-04-12;0;0;0;0;0;0;0;0;0;0
FR;4;2021-04-13;0;0;0;0;0;0;0;0;0;0
FR;4;2021-04-14;0;0;0;0;0;0;0;0;0;0
FR;4;2021-04-15;0;0;0;0;0;0;0;0;0;0
FR;4;2021-04-16;0;0;0;0;0;0;0;0;0;0
FR;4;2021-04-17;0;0;0;0;0;0;0;0;0;0
FR;4;2021-04-18;0;0;0;0;0;0;0;0;0;0
FR;4;2021-04-19;0;0;0;0;0;0;0;0;0;0
FR;4;2021-04-20;0;0;0;0;0;0;0;0;0;0
FR;4;2021-04-21;0;0;0;0;0;0;0;0;0;0
FR;4;2021-04-22;0;0;0;0;0;0;0;0;0;0
FR;4;2021-04-23;3963;0;0;0;0;3963;0;0;0;0
FR;4;2021-04-24;1569;0;0;0;0;5532;0;0;0;0
FR;4;2021-04-25;125;0;0;0;0;5657;0;0;0;0
FR;4;2021-04-26;2869;1;0;0;0;8526;1;0;0;0
FR;4;2021-04-27;9519;3;0;0;0;18045;4;0;0;0
FR;4;2021-04-28;9904;6;0;0;0;27949;10;0;0;0
FR;4;2021-04-29;15990;8;0;0;0;43939;18;0;0;0
FR;4;2021-04-30;19232;10;0;0;0;63171;28;0;0;0
FR;4;2021-05-01;1994;6;0;0;0;65165;34;0;0;0
FR;4;2021-05-02;482;0;0;0;0;65647;34;0;0;0
FR;4;2021-05-03;5059;2;0;0;0;70706;36;0;0;0
FR;4;2021-05-04;8398;10;0;0;0;79104;46;0;0;0
FR;4;2021-05-05;6183;7;0;0;0;85287;53;0;0;0
FR;4;2021-05-06;11380;11;0;0;0;96667;64;0;0;0
FR;4;2021-05-07;19123;9;0;0;0;115790;73;0;0;0
FR;4;2021-05-08;2377;6;0;0;0;118167;79;0;0;0
FR;4;2021-05-09;686;3;0;0;0;118853;82;0;0;0
FR;4;2021-05-10;7240;5;1;0;0;126093;87;1;0;0
FR;4;2021-05-11;14317;12;0;0;0;140410;99;1;0;0
FR;4;2021-05-12;10165;15;0;0;0;150575;114;1;0;0
FR;4;2021-05-13;1579;3;0;0;0;152154;117;1;0;0
FR;4;2021-05-14;7760;7;0;0;0;159914;124;1;0;0
FR;4;2021-05-15;3718;8;1;0;0;163632;132;2;0;0
FR;4;2021-05-16;417;1;0;0;0;164049;133;2;0;0
FR;4;2021-05-17;4477;6;0;0;0;168526;139;2;0;0
FR;4;2021-05-18;8755;10;0;0;0;177281;149;2;0;0
FR;4;2021-05-19;5690;7;0;0;0;182971;156;2;0;0
FR;4;2021-05-20;9483;7;0;0;0;192454;163;2;0;0
FR;4;2021-05-21;12793;30;0;0;0;205247;193;2;0;0
FR;4;2021-05-22;5056;15;0;0;0;210303;208;2;0;0
FR;4;2021-05-23;494;4;0;0;0;210797;212;2;0;0
FR;4;2021-05-24;1057;7;0;0;0;211854;219;2;0;0
FR;4;2021-05-25;7623;16;0;0;0;219477;235;2;0;0
FR;4;2021-05-26;7725;16;0;0;0;227202;251;2;0;0
FR;4;2021-05-27;14328;35;0;0;0;241530;286;2;0;0
FR;4;2021-05-28;26583;82;1;0;0;268113;368;3;0;0
FR;4;2021-05-29;11382;18;0;0;0;279495;386;3;0;0
FR;4;2021-05-30;971;6;0;0;0;280466;392;3;0;0
FR;4;2021-05-31;12689;21;0;0;0;293155;413;3;0;0
FR;4;2021-06-01;20254;46;1;0;0;313409;459;4;0;0
FR;4;2021-06-02;14519;33;0;0;0;327928;492;4;0;0
FR;4;2021-06-03;19414;24;1;0;0;347342;516;5;0;0
FR;4;2021-06-04;22513;47;0;0;0;369855;563;5;0;0
FR;4;2021-06-05;9713;32;0;0;0;379568;595;5;0;0
FR;4;2021-06-06;1039;1;0;0;0;380607;596;5;0;0
FR;4;2021-06-07;9224;19;0;0;0;389831;615;5;0;0
FR;4;2021-06-08;14609;31;0;0;0;404440;646;5;0;0
FR;4;2021-06-09;12202;25;0;0;0;416642;671;5;0;0
FR;4;2021-06-10;15400;30;0;0;0;432042;701;5;0;0
FR;4;2021-06-11;16982;56;0;0;0;449024;757;5;0;0
FR;4;2021-06-12;7447;27;0;0;0;456471;784;5;0;0
FR;4;2021-06-13;907;2;0;0;0;457378;786;5;0;0
FR;4;2021-06-14;6646;26;0;0;0;464024;812;5;0;0
FR;4;2021-06-15;10882;37;0;0;0;474906;849;5;0;0
FR;4;2021-06-16;8906;15;0;0;0;483812;864;5;0;0
FR;4;2021-06-17;10895;37;0;0;0;494707;901;5;0;0
FR;4;2021-06-18;12420;45;0;0;0;507127;946;5;0;0
FR;4;2021-06-19;5566;25;0;0;0;512693;971;5;0;0
FR;4;2021-06-20;820;5;0;0;0;513513;976;5;0;0
FR;4;2021-06-21;5090;20;0;0;0;518603;996;5;0;0
FR;4;2021-06-22;7906;28;2;0;0;526509;1024;7;0;0
FR;4;2021-06-23;7094;40;2;0;0;533603;1064;9;0;0
FR;4;2021-06-24;8647;46;1;0;0;542250;1110;10;0;0
FR;4;2021-06-25;10171;39;2;0;0;552421;1149;12;0;0
FR;4;2021-06-26;4841;21;0;0;0;557262;1170;12;0;0
FR;4;2021-06-27;763;3;0;0;0;558025;1173;12;0;0
FR;4;2021-06-28;4823;16;1;0;0;562848;1189;13;0;0
FR;4;2021-06-29;7100;27;2;0;0;569948;1216;15;0;0
FR;4;2021-06-30;6713;39;2;0;0;576661;1255;17;0;0
FR;4;2021-07-01;8193;40;0;0;0;584854;1295;17;0;0
FR;4;2021-07-02;9416;52;1;0;0;594270;1347;18;0;0
FR;4;2021-07-03;4846;19;0;0;0;599116;1366;18;0;0
FR;4;2021-07-04;686;5;0;0;0;599802;1371;18;0;0
FR;4;2021-07-05;4768;19;2;0;0;604570;1390;20;0;0
FR;4;2021-07-06;7721;28;4;0;0;612291;1418;24;0;0
FR;4;2021-07-07;7073;34;2;0;0;619364;1452;26;0;0
FR;4;2021-07-08;9223;40;2;0;0;628587;1492;28;0;0
FR;4;2021-07-09;10275;34;1;0;0;638862;1526;29;0;0
FR;4;2021-07-10;4635;14;2;0;0;643497;1540;31;0;0
FR;4;2021-07-11;582;4;1;0;0;644079;1544;32;0;0
FR;4;2021-07-12;5868;29;0;0;0;649947;1573;32;0;0
FR;4;2021-07-13;14229;29;0;0;0;664176;1602;32;0;0
FR;4;2021-07-14;2283;15;0;0;0;666459;1617;32;0;0
FR;4;2021-07-15;18233;36;0;0;0;684692;1653;32;0;0
FR;4;2021-07-16;22822;70;2;0;0;707514;1723;34;0;0
FR;4;2021-07-17;9736;20;0;0;0;717250;1743;34;0;0
FR;4;2021-07-18;1355;4;0;0;0;718605;1747;34;0;0
FR;4;2021-07-19;12987;29;1;0;0;731592;1776;35;0;0
FR;4;2021-07-20;17336;26;1;0;0;748928;1802;36;0;0
FR;4;2021-07-21;15608;33;0;0;0;764536;1835;36;0;0
FR;4;2021-07-22;18239;44;2;0;0;782775;1879;38;0;0
FR;4;2021-07-23;20407;57;7;0;0;803182;1936;45;0;0
FR;4;2021-07-24;9282;32;0;0;0;812464;1968;45;0;0
FR;4;2021-07-25;1350;8;0;0;0;813814;1976;45;0;0
FR;4;2021-07-26;11033;20;0;0;0;824847;1996;45;0;0
FR;4;2021-07-27;14665;35;3;0;0;839512;2031;48;0;0
FR;4;2021-07-28;12927;26;2;0;0;852439;2057;50;0;0
FR;4;2021-07-29;14084;54;4;0;0;866523;2111;54;0;0
FR;4;2021-07-30;15484;45;2;0;0;882007;2156;56;0;0
FR;4;2021-07-31;6833;14;2;0;0;888840;2170;58;0;0
FR;4;2021-08-01;904;1;0;0;0;889744;2171;58;0;0
FR;4;2021-08-02;7906;29;0;0;0;897650;2200;58;0;0
FR;4;2021-08-03;10792;32;2;0;0;908442;2232;60;0;0
FR;4;2021-08-04;9736;29;0;0;0;918178;2261;60;0;0
FR;4;2021-08-05;9817;41;0;0;0;927995;2302;60;0;0
FR;4;2021-08-06;10190;30;3;0;0;938185;2332;63;0;0
FR;4;2021-08-07;5093;30;1;0;0;943278;2362;64;0;0
FR;4;2021-08-08;1218;13;0;0;0;944496;2375;64;0;0
FR;4;2021-08-09;6334;31;0;0;0;950830;2406;64;0;0
FR;4;2021-08-10;8744;18;0;0;0;959574;2424;64;0;0
FR;4;2021-08-11;7935;33;4;0;0;967509;2457;68;0;0
FR;4;2021-08-12;8583;30;1;0;0;976092;2487;69;0;0
FR;4;2021-08-13;7549;24;0;1;0;983641;2511;69;1;0
FR;4;2021-08-14;3788;20;0;0;0;987429;2531;69;1;0
FR;4;2021-08-15;769;5;0;0;0;988198;2536;69;1;0
FR;4;2021-08-16;4005;17;0;0;0;992203;2553;69;1;0
FR;4;2021-08-17;5622;17;1;0;0;997825;2570;70;1;0
FR;4;2021-08-18;5165;36;0;0;0;1002990;2606;70;1;0
FR;4;2021-08-19;5480;33;3;0;0;1008470;2639;73;1;0
FR;4;2021-08-20;5213;24;1;0;0;1013683;2663;74;1;0
FR;4;2021-08-21;2310;21;1;0;0;1015993;2684;75;1;0
FR;4;2021-08-22;402;2;0;0;0;1016395;2686;75;1;0
FR;4;2021-08-23;2927;19;1;0;0;1019322;2705;76;1;0
FR;4;2021-08-24;3750;15;0;0;0;1023072;2720;76;1;0
FR;4;2021-08-25;3540;25;0;0;0;1026612;2745;76;1;0
FR;4;2021-08-26;3706;20;2;0;0;1030318;2765;78;1;0
FR;4;2021-08-27;3606;31;2;0;0;1033924;2796;80;1;0
FR;4;2021-08-28;1725;9;1;0;0;1035649;2805;81;1;0
FR;4;2021-08-29;387;7;1;0;0;1036036;2812;82;1;0
FR;4;2021-08-30;2009;25;0;0;15;1038045;2837;82;1;15
FR;4;2021-08-31;2482;20;0;0;13;1040527;2857;82;1;28
FR;4;2021-09-01;2079;38;1;0;21;1042606;2895;83;1;49
FR;4;2021-09-02;2302;31;4;0;18;1044908;2926;87;1;67
FR;4;2021-09-03;2358;44;5;0;32;1047266;2970;92;1;99
FR;4;2021-09-04;1374;17;0;0;8;1048640;2987;92;1;107
FR;4;2021-09-05;432;2;0;0;2;1049072;2989;92;1;109
FR;4;2021-09-06;1709;60;0;0;21;1050781;3049;92;1;130
FR;4;2021-09-07;1676;18;1;0;9;1052457;3067;93;1;139
FR;4;2021-09-08;1281;26;3;0;19;1053738;3093;96;1;158
FR;4;2021-09-09;1386;23;2;0;9;1055124;3116;98;1;167
FR;4;2021-09-10;1518;31;2;0;23;1056642;3147;100;1;190
FR;4;2021-09-11;742;11;0;0;3;1057384;3158;100;1;193
FR;4;2021-09-12;168;4;0;0;2;1057552;3162;100;1;195
FR;4;2021-09-13;1317;22;1;0;16;1058869;3184;101;1;211
FR;4;2021-09-14;1497;9;2;0;6;1060366;3193;103;1;217
FR;4;2021-09-15;1092;27;1;0;24;1061458;3220;104;1;241
FR;4;2021-09-16;1099;22;2;0;15;1062557;3242;106;1;256
FR;4;2021-09-17;892;21;1;0;12;1063449;3263;107;1;268
FR;4;2021-09-18;462;6;1;0;5;1063911;3269;108;1;273
FR;4;2021-09-19;181;3;0;0;2;1064092;3272;108;1;275
FR;4;2021-09-20;451;19;0;0;13;1064543;3291;108;1;288
FR;4;2021-09-21;424;11;0;0;7;1064967;3302;108;1;295
FR;4;2021-09-22;372;19;2;0;13;1065339;3321;110;1;308
FR;4;2021-09-23;478;16;1;0;15;1065817;3337;111;1;323
FR;4;2021-09-24;411;13;2;0;9;1066228;3350;113;1;332
FR;4;2021-09-25;280;9;1;0;4;1066508;3359;114;1;336
FR;4;2021-09-26;73;2;0;0;1;1066581;3361;114;1;337
FR;4;2021-09-27;262;10;1;0;8;1066843;3371;115;1;345
FR;4;2021-09-28;316;8;0;0;8;1067159;3379;115;1;353
FR;4;2021-09-29;373;18;1;0;12;1067532;3397;116;1;365
FR;4;2021-09-30;361;40;0;0;21;1067893;3437;116;1;386
FR;4;2021-10-01;409;49;0;0;43;1068302;3486;116;1;429
FR;4;2021-10-02;196;22;1;0;13;1068498;3508;117;1;442
FR;4;2021-10-03;85;1;0;0;0;1068583;3509;117;1;442
FR;4;2021-10-04;357;20;1;0;16;1068940;3529;118;1;458
FR;4;2021-10-05;278;19;2;0;15;1069218;3548;120;1;473
FR;4;2021-10-06;245;21;1;0;17;1069463;3569;121;1;490
FR;4;2021-10-07;258;25;2;0;13;1069721;3594;123;1;503
FR;4;2021-10-08;353;23;2;0;19;1070074;3617;125;1;522
FR;4;2021-10-09;193;6;6;0;7;1070267;3623;131;1;529
FR;4;2021-10-10;95;3;2;0;3;1070362;3626;133;1;532
FR;4;2021-10-11;247;15;1;0;14;1070609;3641;134;1;546
FR;4;2021-10-12;205;14;0;0;13;1070814;3655;134;1;559
FR;4;2021-10-13;219;27;1;0;24;1071033;3682;135;1;583
FR;4;2021-10-14;307;21;4;0;15;1071340;3703;139;1;598
FR;4;2021-10-15;321;24;5;0;25;1071661;3727;144;1;623
FR;4;2021-10-16;166;6;2;0;6;1071827;3733;146;1;629
FR;4;2021-10-17;70;2;0;0;1;1071897;3735;146;1;630
FR;4;2021-10-18;278;15;1;0;12;1072175;3750;147;1;642
FR;4;2021-10-19;213;14;2;0;15;1072388;3764;149;1;657
FR;4;2021-10-20;227;27;4;0;15;1072615;3791;153;1;672
FR;4;2021-10-21;236;17;0;0;13;1072851;3808;153;1;685
FR;4;2021-10-22;211;25;2;0;20;1073062;3833;155;1;705
FR;4;2021-10-23;115;16;1;0;15;1073177;3849;156;1;720
FR;4;2021-10-24;38;4;0;0;1;1073215;3853;156;1;721
FR;4;2021-10-25;211;7;2;0;9;1073426;3860;158;1;730
FR;4;2021-10-26;196;14;0;0;12;1073622;3874;158;1;742
FR;4;2021-10-27;194;11;4;0;11;1073816;3885;162;1;753
FR;4;2021-10-28;182;18;4;0;21;1073998;3903;166;1;774
FR;4;2021-10-29;220;15;2;0;13;1074218;3918;168;1;787
FR;4;2021-10-30;102;2;1;0;2;1074320;3920;169;1;789
FR;4;2021-10-31;56;3;2;0;3;1074376;3923;171;1;792
FR;4;2021-11-01;75;27;4;0;24;1074451;3950;175;1;816
FR;4;2021-11-02;156;20;2;0;21;1074607;3970;177;1;837
FR;4;2021-11-03;128;20;8;1;18;1074735;3990;185;2;855
FR;4;2021-11-04;179;15;1;0;12;1074914;4005;186;2;867
FR;4;2021-11-05;128;17;1;0;16;1075042;4022;187;2;883
FR;4;2021-11-06;77;6;1;0;6;1075119;4028;188;2;889
FR;4;2021-11-07;78;2;2;0;4;1075197;4030;190;2;893
FR;4;2021-11-08;158;20;1;0;20;1075355;4050;191;2;913
FR;4;2021-11-09;152;14;3;0;16;1075507;4064;194;2;929
FR;4;2021-11-10;115;29;6;0;31;1075622;4093;200;2;960
FR;4;2021-11-11;88;10;0;0;10;1075710;4103;200;2;970
FR;4;2021-11-12;101;19;2;0;18;1075811;4122;202;2;988
FR;4;2021-11-13;74;15;2;0;14;1075885;4137;204;2;1002
FR;4;2021-11-14;53;5;3;0;7;1075938;4142;207;2;1009
FR;4;2021-11-15;98;26;2;0;24;1076036;4168;209;2;1033
FR;4;2021-11-16;103;12;2;0;14;1076139;4180;211;2;1047
FR;4;2021-11-17;118;29;4;0;29;1076257;4209;215;2;1076
FR;4;2021-11-18;100;34;12;0;41;1076357;4243;227;2;1117
FR;4;2021-11-19;80;19;3;0;20;1076437;4262;230;2;1137
FR;4;2021-11-20;75;8;1;0;8;1076512;4270;231;2;1145
FR;4;2021-11-21;61;7;2;0;9;1076573;4277;233;2;1154
FR;4;2021-11-22;102;27;7;0;30;1076675;4304;240;2;1184
FR;4;2021-11-23;75;29;5;0;26;1076750;4333;245;2;1210
FR;4;2021-11-24;85;23;10;0;23;1076835;4356;255;2;1233
FR;4;2021-11-25;87;28;14;0;30;1076922;4384;269;2;1263
FR;4;2021-11-26;82;43;12;0;45;1077004;4427;281;2;1308
FR;4;2021-11-27;36;22;15;0;25;1077040;4449;296;2;1333
FR;4;2021-11-28;48;8;0;0;7;1077088;4457;296;2;1340
FR;4;2021-11-29;86;31;15;0;39;1077174;4488;311;2;1379
FR;4;2021-11-30;72;36;12;0;40;1077246;4524;323;2;1419
FR;4;2021-12-01;85;59;19;0;66;1077331;4583;342;2;1485
FR;4;2021-12-02;100;48;19;0;53;1077431;4631;361;2;1538
FR;4;2021-12-03;98;36;15;0;44;1077529;4667;376;2;1582
FR;4;2021-12-04;70;31;18;0;44;1077599;4698;394;2;1626
FR;4;2021-12-05;61;5;1;0;6;1077660;4703;395;2;1632
FR;4;2021-12-06;101;46;20;0;60;1077761;4749;415;2;1692
FR;4;2021-12-07;80;35;9;0;34;1077841;4784;424;2;1726
FR;4;2021-12-08;67;29;16;0;35;1077908;4813;440;2;1761
FR;4;2021-12-09;61;32;10;0;38;1077969;4845;450;2;1799
FR;4;2021-12-10;63;64;20;0;68;1078032;4909;470;2;1867
FR;4;2021-12-11;27;34;7;0;34;1078059;4943;477;2;1901
FR;4;2021-12-12;23;10;3;0;13;1078082;4953;480;2;1914
FR;4;2021-12-13;70;39;13;0;48;1078152;4992;493;2;1962
FR;4;2021-12-14;58;43;17;0;54;1078210;5035;510;2;2016
FR;4;2021-12-15;61;63;28;0;83;1078271;5098;538;2;2099
FR;4;2021-12-16;32;44;19;0;57;1078303;5142;557;2;2156
FR;4;2021-12-17;39;55;12;0;60;1078342;5197;569;2;2216
FR;4;2021-12-18;48;29;2;0;30;1078390;5226;571;2;2246
FR;4;2021-12-19;15;4;1;0;4;1078405;5230;572;2;2250
FR;4;2021-12-20;37;38;10;0;41;1078442;5268;582;2;2291
FR;4;2021-12-21;26;30;15;0;36;1078468;5298;597;2;2327
FR;4;2021-12-22;36;37;10;0;38;1078504;5335;607;2;2365
FR;4;2021-12-23;39;45;8;0;49;1078543;5380;615;2;2414
FR;4;2021-12-24;23;26;10;0;30;1078566;5406;625;2;2444
FR;4;2021-12-25;6;3;3;0;4;1078572;5409;628;2;2448
FR;4;2021-12-26;4;3;1;0;2;1078576;5412;629;2;2450
FR;4;2021-12-27;28;41;7;0;41;1078604;5453;636;2;2491
FR;4;2021-12-28;24;28;7;0;29;1078628;5481;643;2;2520
FR;4;2021-12-29;48;25;10;0;29;1078676;5506;653;2;2549
FR;4;2021-12-30;42;18;12;0;21;1078718;5524;665;2;2570
FR;4;2021-12-31;18;5;8;0;10;1078736;5529;673;2;2580
FR;4;2022-01-01;5;4;4;0;6;1078741;5533;677;2;2586
FR;4;2022-01-02;40;5;15;0;19;1078781;5538;692;2;2605
FR;4;2022-01-03;39;53;20;1;58;1078820;5591;712;3;2663
FR;4;2022-01-04;32;27;13;0;30;1078852;5618;725;3;2693
FR;4;2022-01-05;47;21;17;0;22;1078899;5639;742;3;2715
FR;4;2022-01-06;46;20;22;0;34;1078945;5659;764;3;2749
FR;4;2022-01-07;28;20;15;0;20;1078973;5679;779;3;2769
FR;4;2022-01-08;8;5;10;0;12;1078981;5684;789;3;2781
FR;4;2022-01-09;18;2;2;0;3;1078999;5686;791;3;2784
FR;4;2022-01-10;40;22;17;0;34;1079039;5708;808;3;2818
FR;4;2022-01-11;25;30;12;0;34;1079064;5738;820;3;2852
FR;4;2022-01-12;31;21;13;0;23;1079095;5759;833;3;2875
FR;4;2022-01-13;48;19;27;0;37;1079143;5778;860;3;2912
FR;4;2022-01-14;23;28;13;0;31;1079166;5806;873;3;2943
FR;4;2022-01-15;11;6;8;0;12;1079177;5812;881;3;2955
FR;4;2022-01-16;9;9;11;0;19;1079186;5821;892;3;2974
FR;4;2022-01-17;24;18;12;0;24;1079210;5839;904;3;2998
FR;4;2022-01-18;16;13;8;0;18;1079226;5852;912;3;3016
FR;4;2022-01-19;29;23;10;0;31;1079255;5875;922;3;3047
FR;4;2022-01-20;31;34;11;0;37;1079286;5909;933;3;3084
FR;4;2022-01-21;9;12;19;1;16;1079295;5921;952;4;3100
FR;4;2022-01-22;30;9;2;0;9;1079325;5930;954;4;3109
FR;4;2022-01-23;6;2;4;0;6;1079331;5932;958;4;3115
FR;4;2022-01-24;14;21;8;0;27;1079345;5953;966;4;3142
FR;4;2022-01-25;20;31;8;1;35;1079365;5984;974;5;3177
FR;4;2022-01-26;19;14;6;1;15;1079384;5998;980;6;3192
FR;4;2022-01-27;19;18;6;0;22;1079403;6016;986;6;3214
FR;4;2022-01-28;12;23;8;0;26;1079415;6039;994;6;3240
FR;4;2022-01-29;16;6;4;0;9;1079431;6045;998;6;3249
FR;4;2022-01-30;16;3;1;0;4;1079447;6048;999;6;3253
FR;4;2022-01-31;19;27;7;0;30;1079466;6075;1006;6;3283
FR;4;2022-02-01;9;19;11;0;19;1079475;6094;1017;6;3302
FR;4;2022-02-02;17;11;10;2;16;1079492;6105;1027;8;3318
FR;4;2022-02-03;12;22;9;0;25;1079504;6127;1036;8;3343
FR;4;2022-02-04;7;5;7;0;9;1079511;6132;1043;8;3352
FR;4;2022-02-05;6;14;1;0;13;1079517;6146;1044;8;3365
FR;4;2022-02-06;5;3;2;0;4;1079522;6149;1046;8;3369
FR;4;2022-02-07;14;19;7;0;19;1079536;6168;1053;8;3388
FR;4;2022-02-08;16;20;13;1;21;1079552;6188;1066;9;3409
FR;4;2022-02-09;16;11;7;0;14;1079568;6199;1073;9;3423
FR;4;2022-02-10;17;23;9;0;24;1079585;6222;1082;9;3447
FR;4;2022-02-11;18;14;8;0;19;1079603;6236;1090;9;3466
FR;4;2022-02-12;23;6;1;0;5;1079626;6242;1091;9;3471
FR;4;2022-02-13;7;3;3;0;6;1079633;6245;1094;9;3477
FR;4;2022-02-14;18;10;7;0;13;1079651;6255;1101;9;3490
FR;4;2022-02-15;16;7;1;0;7;1079667;6262;1102;9;3497
FR;4;2022-02-16;14;9;10;0;15;1079681;6271;1112;9;3512
FR;4;2022-02-17;10;4;4;0;6;1079691;6275;1116;9;3518
FR;4;2022-02-18;17;15;6;0;19;1079708;6290;1122;9;3537
FR;4;2022-02-19;16;3;2;0;4;1079724;6293;1124;9;3541
FR;4;2022-02-20;7;3;0;0;2;1079731;6296;1124;9;3543
FR;4;2022-02-21;22;3;3;0;4;1079753;6299;1127;9;3547
FR;4;2022-02-22;8;4;8;0;8;1079761;6303;1135;9;3555
FR;4;2022-02-23;16;6;9;0;9;1079777;6309;1144;9;3564
FR;4;2022-02-24;9;5;2;0;5;1079786;6314;1146;9;3569
FR;4;2022-02-25;15;5;7;0;6;1079801;6319;1153;9;3575
FR;4;2022-02-26;26;3;0;0;3;1079827;6322;1153;9;3578
FR;4;2022-02-27;9;0;1;0;1;1079836;6322;1154;9;3579
FR;4;2022-02-28;14;3;2;0;3;1079850;6325;1156;9;3582
FR;4;2022-03-01;6;2;7;0;3;1079856;6327;1163;9;3585
FR;4;2022-03-02;12;2;3;0;4;1079868;6329;1166;9;3589
FR;4;2022-03-03;16;5;1;0;4;1079884;6334;1167;9;3593
FR;4;2022-03-04;6;7;2;1;5;1079890;6341;1169;10;3598
FR;4;2022-03-05;9;2;0;0;2;1079899;6343;1169;10;3600
FR;4;2022-03-06;4;0;1;0;1;1079903;6343;1170;10;3601
FR;4;2022-03-07;10;4;1;0;3;1079913;6347;1171;10;3604
FR;4;2022-03-08;13;2;0;0;2;1079926;6349;1171;10;3606
FR;4;2022-03-09;8;5;2;0;6;1079934;6354;1173;10;3612
FR;4;2022-03-10;5;1;5;0;2;1079939;6355;1178;10;3614
FR;4;2022-03-11;8;2;5;0;1;1079947;6357;1183;10;3615
FR;4;2022-03-12;9;2;0;0;0;1079956;6359;1183;10;3615
FR;4;2022-03-13;5;1;1;0;2;1079961;6360;1184;10;3617
FR;4;2022-03-14;4;1;0;0;1;1079965;6361;1184;10;3618
FR;4;2022-03-15;6;3;1;0;1;1079971;6364;1185;10;3619
FR;4;2022-03-16;7;3;3;0;3;1079978;6367;1188;10;3622
FR;4;2022-03-17;3;4;1;0;5;1079981;6371;1189;10;3627
FR;4;2022-03-18;7;3;0;0;3;1079988;6374;1189;10;3630
FR;4;2022-03-19;1;1;0;0;1;1079989;6375;1189;10;3631
FR;4;2022-03-20;2;0;2;0;1;1079991;6375;1191;10;3632
FR;4;2022-03-21;5;3;0;0;3;1079996;6378;1191;10;3635
FR;4;2022-03-22;3;2;1;0;2;1079999;6380;1192;10;3637
FR;4;2022-03-23;6;4;4;0;7;1080005;6384;1196;10;3644
FR;4;2022-03-24;2;4;3;1;5;1080007;6388;1199;11;3649
FR;4;2022-03-25;3;1;2;0;1;1080010;6389;1201;11;3650
FR;4;2022-03-26;5;5;0;0;5;1080015;6394;1201;11;3655
FR;4;2022-03-27;1;0;1;0;0;1080016;6394;1202;11;3655
FR;4;2022-03-28;4;1;3;0;3;1080020;6395;1205;11;3658
FR;4;2022-03-29;7;0;4;1;0;1080027;6395;1209;12;3658
FR;4;2022-03-30;1;4;0;0;4;1080028;6399;1209;12;3662
FR;4;2022-03-31;1;3;1;1;3;1080029;6402;1210;13;3665
FR;4;2022-04-01;13;2;5;0;5;1080042;6404;1215;13;3670
FR;4;2022-04-02;4;4;0;0;3;1080046;6408;1215;13;3673
FR;4;2022-04-03;0;0;0;0;0;1080046;6408;1215;13;3673
FR;4;2022-04-04;3;3;3;0;3;1080049;6411;1218;13;3676
FR;4;2022-04-05;3;3;1;1;2;1080052;6414;1219;14;3678
FR;4;2022-04-06;4;0;0;0;0;1080056;6414;1219;14;3678
FR;4;2022-04-07;3;2;1;2;3;1080059;6416;1220;16;3681
FR;4;2022-04-08;4;1;1;0;1;1080063;6417;1221;16;3682
FR;4;2022-04-09;0;0;1;1;1;1080063;6417;1222;17;3683
FR;4;2022-04-10;1;2;0;0;2;1080064;6419;1222;17;3685
FR;4;2022-04-11;3;2;4;0;4;1080067;6421;1226;17;3689
FR;4;2022-04-12;3;1;4;0;2;1080070;6422;1230;17;3691
FR;4;2022-04-13;4;7;1;0;8;1080074;6429;1231;17;3699
FR;4;2022-04-14;6;3;1;1;3;1080080;6432;1232;18;3702
FR;4;2022-04-15;5;7;1;0;8;1080085;6439;1233;18;3710
FR;4;2022-04-16;1;0;0;0;0;1080086;6439;1233;18;3710
FR;4;2022-04-17;1;1;0;0;1;1080087;6440;1233;18;3711
FR;4;2022-04-18;1;2;5;0;3;1080088;6442;1238;18;3714
FR;4;2022-04-19;2;0;1;0;0;1080090;6442;1239;18;3714
FR;4;2022-04-20;13;4;1;0;3;1080103;6446;1240;18;3717
FR;4;2022-04-21;5;1;0;0;1;1080108;6447;1240;18;3718
FR;4;2022-04-22;1;0;1;0;0;1080109;6447;1241;18;3718
FR;4;2022-04-23;1;3;2;0;5;1080110;6450;1243;18;3723
FR;4;2022-04-24;0;2;0;0;2;1080110;6452;1243;18;3725
FR;4;2022-04-25;3;4;3;0;7;1080113;6456;1246;18;3732
FR;4;2022-04-26;4;4;1;0;4;1080117;6460;1247;18;3736
FR;4;2022-04-27;4;0;0;0;0;1080121;6460;1247;18;3736
FR;4;2022-04-28;2;5;5;0;6;1080123;6465;1252;18;3742
FR;4;2022-04-29;3;2;0;0;1;1080126;6467;1252;18;3743
FR;4;2022-04-30;0;1;1;0;2;1080126;6468;1253;18;3745
FR;4;2022-05-01;0;0;0;0;0;1080126;6468;1253;18;3745
FR;4;2022-05-02;4;14;6;0;17;1080130;6482;1259;18;3762
FR;4;2022-05-03;0;4;2;0;5;1080130;6486;1261;18;3767
FR;4;2022-05-04;7;4;1;0;4;1080137;6490;1262;18;3771
FR;4;2022-05-05;2;2;1;0;1;1080139;6492;1263;18;3772
FR;4;2022-05-06;2;1;1;0;1;1080141;6493;1264;18;3773
FR;4;2022-05-07;0;0;0;0;0;1080141;6493;1264;18;3773
FR;4;2022-05-08;1;1;0;0;1;1080142;6494;1264;18;3774
FR;4;2022-05-09;5;0;0;0;0;1080147;6494;1264;18;3774
FR;4;2022-05-10;0;1;0;2;3;1080147;6495;1264;20;3777
FR;4;2022-05-11;2;2;1;0;3;1080149;6497;1265;20;3780
FR;4;2022-05-12;5;3;1;1;4;1080154;6500;1266;21;3784
FR;4;2022-05-13;0;0;2;0;2;1080154;6500;1268;21;3786
FR;4;2022-05-14;0;2;0;0;2;1080154;6502;1268;21;3788
FR;4;2022-05-15;1;2;0;0;0;1080155;6504;1268;21;3788
FR;4;2022-05-16;5;2;1;0;2;1080160;6506;1269;21;3790
FR;4;2022-05-17;3;1;1;0;2;1080163;6507;1270;21;3792
FR;4;2022-05-18;0;4;0;0;4;1080163;6511;1270;21;3796
FR;4;2022-05-19;2;2;3;0;4;1080165;6513;1273;21;3800
FR;4;2022-05-20;2;1;3;0;1;1080167;6514;1276;21;3801
FR;4;2022-05-21;2;0;1;0;1;1080169;6514;1277;21;3802
FR;4;2022-05-22;0;0;1;0;1;1080169;6514;1278;21;3803
FR;4;2022-05-23;0;0;2;0;0;1080169;6514;1280;21;3803
FR;4;2022-05-24;1;2;0;0;2;1080170;6516;1280;21;3805
FR;4;2022-05-25;1;3;0;0;1;1080171;6519;1280;21;3806
FR;4;2022-05-26;2;0;0;0;0;1080173;6519;1280;21;3806
FR;4;2022-05-27;0;1;0;0;1;1080173;6520;1280;21;3807
FR;4;2022-05-28;1;0;0;0;0;1080174;6520;1280;21;3807
FR;4;2022-05-29;0;0;0;0;0;1080174;6520;1280;21;3807
FR;4;2022-05-30;2;3;2;0;4;1080176;6523;1282;21;3811
FR;4;2022-05-31;2;0;0;0;0;1080178;6523;1282;21;3811
FR;4;2022-06-01;0;10;7;0;14;1080178;6533;1289;21;3825
FR;4;2022-06-02;2;2;1;0;2;1080180;6535;1290;21;3827
FR;4;2022-06-03;0;5;4;1;6;1080180;6540;1294;22;3833
FR;4;2022-06-04;0;1;0;0;1;1080180;6541;1294;22;3834
FR;4;2022-06-05;0;0;0;0;0;1080180;6541;1294;22;3834
FR;4;2022-06-06;4;0;1;0;0;1080184;6541;1295;22;3834
FR;4;2022-06-07;3;0;0;1;0;1080187;6541;1295;23;3834
FR;4;2022-06-08;0;4;1;0;5;1080187;6545;1296;23;3839
FR;4;2022-06-09;1;0;0;0;0;1080188;6545;1296;23;3839
FR;4;2022-06-10;0;0;3;1;1;1080188;6545;1299;24;3840
FR;4;2022-06-11;0;0;0;0;0;1080188;6545;1299;24;3840
FR;4;2022-06-12;3;0;0;0;0;1080191;6545;1299;24;3840
FR;4;2022-06-13;3;0;1;0;1;1080194;6545;1300;24;3841
FR;4;2022-06-14;3;2;1;0;2;1080197;6547;1301;24;3843
FR;4;2022-06-15;2;0;2;0;0;1080199;6547;1303;24;3843
FR;4;2022-06-16;0;2;0;1;1;1080199;6549;1303;25;3844
FR;4;2022-06-17;2;0;0;0;0;1080201;6549;1303;25;3844
FR;4;2022-06-18;0;0;0;0;0;1080201;6549;1303;25;3844
FR;4;2022-06-19;0;0;0;0;0;1080201;6549;1303;25;3844
FR;4;2022-06-20;2;0;1;0;1;1080203;6549;1304;25;3845
FR;4;2022-06-21;1;2;2;1;3;1080204;6551;1306;26;3848
FR;4;2022-06-22;2;1;0;0;1;1080206;6552;1306;26;3849
FR;4;2022-06-23;3;0;3;0;2;1080209;6552;1309;26;3851
FR;4;2022-06-24;0;0;0;0;0;1080209;6552;1309;26;3851
FR;4;2022-06-25;0;0;0;0;0;1080209;6552;1309;26;3851
FR;4;2022-06-26;0;0;0;0;0;1080209;6552;1309;26;3851
FR;4;2022-06-27;1;2;0;3;2;1080210;6554;1309;29;3853
FR;4;2022-06-28;0;2;2;1;3;1080210;6556;1311;30;3856
FR;4;2022-06-29;0;0;0;0;0;1080210;6556;1311;30;3856
FR;4;2022-06-30;3;0;0;0;0;1080213;6556;1311;30;3856
FR;5;2020-12-27;0;0;0;0;0;0;0;0;0;0
FR;5;2020-12-28;0;0;0;0;0;0;0;0;0;0
FR;5;2020-12-29;0;0;0;0;0;0;0;0;0;0
FR;5;2020-12-30;0;0;0;0;0;0;0;0;0;0
FR;5;2020-12-31;0;0;0;0;0;0;0;0;0;0
FR;5;2021-01-01;0;0;0;0;0;0;0;0;0;0
FR;5;2021-01-02;0;0;0;0;0;0;0;0;0;0
FR;5;2021-01-03;0;0;0;0;0;0;0;0;0;0
FR;5;2021-01-04;0;0;0;0;0;0;0;0;0;0
FR;5;2021-01-05;0;0;0;0;0;0;0;0;0;0
FR;5;2021-01-06;0;0;0;0;0;0;0;0;0;0
FR;5;2021-01-07;0;0;0;0;0;0;0;0;0;0
FR;5;2021-01-08;0;0;0;0;0;0;0;0;0;0
FR;5;2021-01-09;0;0;0;0;0;0;0;0;0;0
FR;5;2021-01-10;0;0;0;0;0;0;0;0;0;0
FR;5;2021-01-11;0;0;0;0;0;0;0;0;0;0
FR;5;2021-01-12;0;0;0;0;0;0;0;0;0;0
FR;5;2021-01-13;0;0;0;0;0;0;0;0;0;0
FR;5;2021-01-14;0;0;0;0;0;0;0;0;0;0
FR;5;2021-01-15;0;0;0;0;0;0;0;0;0;0
FR;5;2021-01-16;0;0;0;0;0;0;0;0;0;0
FR;5;2021-01-17;0;0;0;0;0;0;0;0;0;0
FR;5;2021-01-18;0;0;0;0;0;0;0;0;0;0
FR;5;2021-01-19;0;0;0;0;0;0;0;0;0;0
FR;5;2021-01-20;0;0;0;0;0;0;0;0;0;0
FR;5;2021-01-21;0;0;0;0;0;0;0;0;0;0
FR;5;2021-01-22;0;0;0;0;0;0;0;0;0;0
FR;5;2021-01-23;0;0;0;0;0;0;0;0;0;0
FR;5;2021-01-24;0;0;0;0;0;0;0;0;0;0
FR;5;2021-01-25;0;0;0;0;0;0;0;0;0;0
FR;5;2021-01-26;0;0;0;0;0;0;0;0;0;0
FR;5;2021-01-27;0;0;0;0;0;0;0;0;0;0
FR;5;2021-01-28;0;0;0;0;0;0;0;0;0;0
FR;5;2021-01-29;0;0;0;0;0;0;0;0;0;0
FR;5;2021-01-30;0;0;0;0;0;0;0;0;0;0
FR;5;2021-01-31;0;0;0;0;0;0;0;0;0;0
FR;5;2021-02-01;0;0;0;0;0;0;0;0;0;0
FR;5;2021-02-02;0;0;0;0;0;0;0;0;0;0
FR;5;2021-02-03;0;0;0;0;0;0;0;0;0;0
FR;5;2021-02-04;0;0;0;0;0;0;0;0;0;0
FR;5;2021-02-05;0;0;0;0;0;0;0;0;0;0
FR;5;2021-02-06;0;0;0;0;0;0;0;0;0;0
FR;5;2021-02-07;0;0;0;0;0;0;0;0;0;0
FR;5;2021-02-08;0;0;0;0;0;0;0;0;0;0
FR;5;2021-02-09;0;0;0;0;0;0;0;0;0;0
FR;5;2021-02-10;0;0;0;0;0;0;0;0;0;0
FR;5;2021-02-11;0;0;0;0;0;0;0;0;0;0
FR;5;2021-02-12;0;0;0;0;0;0;0;0;0;0
FR;5;2021-02-13;0;0;0;0;0;0;0;0;0;0
FR;5;2021-02-14;0;0;0;0;0;0;0;0;0;0
FR;5;2021-02-15;0;0;0;0;0;0;0;0;0;0
FR;5;2021-02-16;0;0;0;0;0;0;0;0;0;0
FR;5;2021-02-17;0;0;0;0;0;0;0;0;0;0
FR;5;2021-02-18;0;0;0;0;0;0;0;0;0;0
FR;5;2021-02-19;0;0;0;0;0;0;0;0;0;0
FR;5;2021-02-20;0;0;0;0;0;0;0;0;0;0
FR;5;2021-02-21;0;0;0;0;0;0;0;0;0;0
FR;5;2021-02-22;0;0;0;0;0;0;0;0;0;0
FR;5;2021-02-23;0;0;0;0;0;0;0;0;0;0
FR;5;2021-02-24;0;0;0;0;0;0;0;0;0;0
FR;5;2021-02-25;0;0;0;0;0;0;0;0;0;0
FR;5;2021-02-26;0;0;0;0;0;0;0;0;0;0
FR;5;2021-02-27;0;0;0;0;0;0;0;0;0;0
FR;5;2021-02-28;0;0;0;0;0;0;0;0;0;0
FR;5;2021-03-01;0;0;0;0;0;0;0;0;0;0
FR;5;2021-03-02;0;0;0;0;0;0;0;0;0;0
FR;5;2021-03-03;0;0;0;0;0;0;0;0;0;0
FR;5;2021-03-04;0;0;0;0;0;0;0;0;0;0
FR;5;2021-03-05;0;0;0;0;0;0;0;0;0;0
FR;5;2021-03-06;0;0;0;0;0;0;0;0;0;0
FR;5;2021-03-07;0;0;0;0;0;0;0;0;0;0
FR;5;2021-03-08;0;0;0;0;0;0;0;0;0;0
FR;5;2021-03-09;0;0;0;0;0;0;0;0;0;0
FR;5;2021-03-10;0;0;0;0;0;0;0;0;0;0
FR;5;2021-03-11;0;0;0;0;0;0;0;0;0;0
FR;5;2021-03-12;0;0;0;0;0;0;0;0;0;0
FR;5;2021-03-13;0;0;0;0;0;0;0;0;0;0
FR;5;2021-03-14;0;0;0;0;0;0;0;0;0;0
FR;5;2021-03-15;0;0;0;0;0;0;0;0;0;0
FR;5;2021-03-16;0;0;0;0;0;0;0;0;0;0
FR;5;2021-03-17;0;0;0;0;0;0;0;0;0;0
FR;5;2021-03-18;0;0;0;0;0;0;0;0;0;0
FR;5;2021-03-19;0;0;0;0;0;0;0;0;0;0
FR;5;2021-03-20;0;0;0;0;0;0;0;0;0;0
FR;5;2021-03-21;0;0;0;0;0;0;0;0;0;0
FR;5;2021-03-22;0;0;0;0;0;0;0;0;0;0
FR;5;2021-03-23;0;0;0;0;0;0;0;0;0;0
FR;5;2021-03-24;0;0;0;0;0;0;0;0;0;0
FR;5;2021-03-25;0;0;0;0;0;0;0;0;0;0
FR;5;2021-03-26;0;0;0;0;0;0;0;0;0;0
FR;5;2021-03-27;0;0;0;0;0;0;0;0;0;0
FR;5;2021-03-28;0;0;0;0;0;0;0;0;0;0
FR;5;2021-03-29;0;0;0;0;0;0;0;0;0;0
FR;5;2021-03-30;0;0;0;0;0;0;0;0;0;0
FR;5;2021-03-31;0;0;0;0;0;0;0;0;0;0
FR;5;2021-04-01;0;0;0;0;0;0;0;0;0;0
FR;5;2021-04-02;0;0;0;0;0;0;0;0;0;0
FR;5;2021-04-03;0;0;0;0;0;0;0;0;0;0
FR;5;2021-04-04;0;0;0;0;0;0;0;0;0;0
FR;5;2021-04-05;0;0;0;0;0;0;0;0;0;0
FR;5;2021-04-06;0;0;0;0;0;0;0;0;0;0
FR;5;2021-04-07;0;0;0;0;0;0;0;0;0;0
FR;5;2021-04-08;0;0;0;0;0;0;0;0;0;0
FR;5;2021-04-09;0;0;0;0;0;0;0;0;0;0
FR;5;2021-04-10;0;0;0;0;0;0;0;0;0;0
FR;5;2021-04-11;0;0;0;0;0;0;0;0;0;0
FR;5;2021-04-12;0;0;0;0;0;0;0;0;0;0
FR;5;2021-04-13;0;0;0;0;0;0;0;0;0;0
FR;5;2021-04-14;0;0;0;0;0;0;0;0;0;0
FR;5;2021-04-15;0;0;0;0;0;0;0;0;0;0
FR;5;2021-04-16;0;0;0;0;0;0;0;0;0;0
FR;5;2021-04-17;0;0;0;0;0;0;0;0;0;0
FR;5;2021-04-18;0;0;0;0;0;0;0;0;0;0
FR;5;2021-04-19;0;0;0;0;0;0;0;0;0;0
FR;5;2021-04-20;0;0;0;0;0;0;0;0;0;0
FR;5;2021-04-21;0;0;0;0;0;0;0;0;0;0
FR;5;2021-04-22;0;0;0;0;0;0;0;0;0;0
FR;5;2021-04-23;0;0;0;0;0;0;0;0;0;0
FR;5;2021-04-24;0;0;0;0;0;0;0;0;0;0
FR;5;2021-04-25;0;0;0;0;0;0;0;0;0;0
FR;5;2021-04-26;0;0;0;0;0;0;0;0;0;0
FR;5;2021-04-27;0;0;0;0;0;0;0;0;0;0
FR;5;2021-04-28;0;0;0;0;0;0;0;0;0;0
FR;5;2021-04-29;0;0;0;0;0;0;0;0;0;0
FR;5;2021-04-30;0;0;0;0;0;0;0;0;0;0
FR;5;2021-05-01;0;0;0;0;0;0;0;0;0;0
FR;5;2021-05-02;0;0;0;0;0;0;0;0;0;0
FR;5;2021-05-03;0;0;0;0;0;0;0;0;0;0
FR;5;2021-05-04;0;0;0;0;0;0;0;0;0;0
FR;5;2021-05-05;0;0;0;0;0;0;0;0;0;0
FR;5;2021-05-06;0;0;0;0;0;0;0;0;0;0
FR;5;2021-05-07;0;0;0;0;0;0;0;0;0;0
FR;5;2021-05-08;0;0;0;0;0;0;0;0;0;0
FR;5;2021-05-09;0;0;0;0;0;0;0;0;0;0
FR;5;2021-05-10;0;0;0;0;0;0;0;0;0;0
FR;5;2021-05-11;0;0;0;0;0;0;0;0;0;0
FR;5;2021-05-12;0;0;0;0;0;0;0;0;0;0
FR;5;2021-05-13;0;0;0;0;0;0;0;0;0;0
FR;5;2021-05-14;0;0;0;0;0;0;0;0;0;0
FR;5;2021-05-15;0;0;0;0;0;0;0;0;0;0
FR;5;2021-05-16;0;0;0;0;0;0;0;0;0;0
FR;5;2021-05-17;0;0;0;0;0;0;0;0;0;0
FR;5;2021-05-18;0;0;0;0;0;0;0;0;0;0
FR;5;2021-05-19;0;0;0;0;0;0;0;0;0;0
FR;5;2021-05-20;0;0;0;0;0;0;0;0;0;0
FR;5;2021-05-21;0;0;0;0;0;0;0;0;0;0
FR;5;2021-05-22;0;0;0;0;0;0;0;0;0;0
FR;5;2021-05-23;0;0;0;0;0;0;0;0;0;0
FR;5;2021-05-24;0;0;0;0;0;0;0;0;0;0
FR;5;2021-05-25;0;0;0;0;0;0;0;0;0;0
FR;5;2021-05-26;0;0;0;0;0;0;0;0;0;0
FR;5;2021-05-27;0;0;0;0;0;0;0;0;0;0
FR;5;2021-05-28;0;0;0;0;0;0;0;0;0;0
FR;5;2021-05-29;0;0;0;0;0;0;0;0;0;0
FR;5;2021-05-30;0;0;0;0;0;0;0;0;0;0
FR;5;2021-05-31;0;0;0;0;0;0;0;0;0;0
FR;5;2021-06-01;0;0;0;0;0;0;0;0;0;0
FR;5;2021-06-02;0;0;0;0;0;0;0;0;0;0
FR;5;2021-06-03;0;0;0;0;0;0;0;0;0;0
FR;5;2021-06-04;0;0;0;0;0;0;0;0;0;0
FR;5;2021-06-05;0;0;0;0;0;0;0;0;0;0
FR;5;2021-06-06;0;0;0;0;0;0;0;0;0;0
FR;5;2021-06-07;0;0;0;0;0;0;0;0;0;0
FR;5;2021-06-08;0;0;0;0;0;0;0;0;0;0
FR;5;2021-06-09;0;0;0;0;0;0;0;0;0;0
FR;5;2021-06-10;0;0;0;0;0;0;0;0;0;0
FR;5;2021-06-11;0;0;0;0;0;0;0;0;0;0
FR;5;2021-06-12;0;0;0;0;0;0;0;0;0;0
FR;5;2021-06-13;0;0;0;0;0;0;0;0;0;0
FR;5;2021-06-14;0;0;0;0;0;0;0;0;0;0
FR;5;2021-06-15;0;0;0;0;0;0;0;0;0;0
FR;5;2021-06-16;0;0;0;0;0;0;0;0;0;0
FR;5;2021-06-17;0;0;0;0;0;0;0;0;0;0
FR;5;2021-06-18;0;0;0;0;0;0;0;0;0;0
FR;5;2021-06-19;0;0;0;0;0;0;0;0;0;0
FR;5;2021-06-20;0;0;0;0;0;0;0;0;0;0
FR;5;2021-06-21;0;0;0;0;0;0;0;0;0;0
FR;5;2021-06-22;0;0;0;0;0;0;0;0;0;0
FR;5;2021-06-23;0;0;0;0;0;0;0;0;0;0
FR;5;2021-06-24;0;0;0;0;0;0;0;0;0;0
FR;5;2021-06-25;0;0;0;0;0;0;0;0;0;0
FR;5;2021-06-26;0;0;0;0;0;0;0;0;0;0
FR;5;2021-06-27;0;0;0;0;0;0;0;0;0;0
FR;5;2021-06-28;0;0;0;0;0;0;0;0;0;0
FR;5;2021-06-29;0;0;0;0;0;0;0;0;0;0
FR;5;2021-06-30;0;0;0;0;0;0;0;0;0;0
FR;5;2021-07-01;0;0;0;0;0;0;0;0;0;0
FR;5;2021-07-02;0;0;0;0;0;0;0;0;0;0
FR;5;2021-07-03;0;0;0;0;0;0;0;0;0;0
FR;5;2021-07-04;0;0;0;0;0;0;0;0;0;0
FR;5;2021-07-05;0;0;0;0;0;0;0;0;0;0
FR;5;2021-07-06;0;0;0;0;0;0;0;0;0;0
FR;5;2021-07-07;0;0;0;0;0;0;0;0;0;0
FR;5;2021-07-08;0;0;0;0;0;0;0;0;0;0
FR;5;2021-07-09;0;0;0;0;0;0;0;0;0;0
FR;5;2021-07-10;0;0;0;0;0;0;0;0;0;0
FR;5;2021-07-11;0;0;0;0;0;0;0;0;0;0
FR;5;2021-07-12;0;0;0;0;0;0;0;0;0;0
FR;5;2021-07-13;0;0;0;0;0;0;0;0;0;0
FR;5;2021-07-14;0;0;0;0;0;0;0;0;0;0
FR;5;2021-07-15;0;0;0;0;0;0;0;0;0;0
FR;5;2021-07-16;0;0;0;0;0;0;0;0;0;0
FR;5;2021-07-17;0;0;0;0;0;0;0;0;0;0
FR;5;2021-07-18;0;0;0;0;0;0;0;0;0;0
FR;5;2021-07-19;0;0;0;0;0;0;0;0;0;0
FR;5;2021-07-20;0;0;0;0;0;0;0;0;0;0
FR;5;2021-07-21;0;0;0;0;0;0;0;0;0;0
FR;5;2021-07-22;0;0;0;0;0;0;0;0;0;0
FR;5;2021-07-23;0;0;0;0;0;0;0;0;0;0
FR;5;2021-07-24;0;0;0;0;0;0;0;0;0;0
FR;5;2021-07-25;0;0;0;0;0;0;0;0;0;0
FR;5;2021-07-26;0;0;0;0;0;0;0;0;0;0
FR;5;2021-07-27;0;0;0;0;0;0;0;0;0;0
FR;5;2021-07-28;0;0;0;0;0;0;0;0;0;0
FR;5;2021-07-29;0;0;0;0;0;0;0;0;0;0
FR;5;2021-07-30;0;0;0;0;0;0;0;0;0;0
FR;5;2021-07-31;0;0;0;0;0;0;0;0;0;0
FR;5;2021-08-01;0;0;0;0;0;0;0;0;0;0
FR;5;2021-08-02;0;0;0;0;0;0;0;0;0;0
FR;5;2021-08-03;0;0;0;0;0;0;0;0;0;0
FR;5;2021-08-04;0;0;0;0;0;0;0;0;0;0
FR;5;2021-08-05;0;0;0;0;0;0;0;0;0;0
FR;5;2021-08-06;0;0;0;0;0;0;0;0;0;0
FR;5;2021-08-07;0;0;0;0;0;0;0;0;0;0
FR;5;2021-08-08;0;0;0;0;0;0;0;0;0;0
FR;5;2021-08-09;0;0;0;0;0;0;0;0;0;0
FR;5;2021-08-10;0;0;0;0;0;0;0;0;0;0
FR;5;2021-08-11;0;0;0;0;0;0;0;0;0;0
FR;5;2021-08-12;0;0;0;0;0;0;0;0;0;0
FR;5;2021-08-13;0;0;0;0;0;0;0;0;0;0
FR;5;2021-08-14;0;0;0;0;0;0;0;0;0;0
FR;5;2021-08-15;0;0;0;0;0;0;0;0;0;0
FR;5;2021-08-16;0;0;0;0;0;0;0;0;0;0
FR;5;2021-08-17;0;0;0;0;0;0;0;0;0;0
FR;5;2021-08-18;0;0;0;0;0;0;0;0;0;0
FR;5;2021-08-19;0;0;0;0;0;0;0;0;0;0
FR;5;2021-08-20;0;0;0;0;0;0;0;0;0;0
FR;5;2021-08-21;0;0;0;0;0;0;0;0;0;0
FR;5;2021-08-22;0;0;0;0;0;0;0;0;0;0
FR;5;2021-08-23;0;0;0;0;0;0;0;0;0;0
FR;5;2021-08-24;0;0;0;0;0;0;0;0;0;0
FR;5;2021-08-25;0;0;0;0;0;0;0;0;0;0
FR;5;2021-08-26;0;0;0;0;0;0;0;0;0;0
FR;5;2021-08-27;0;0;0;0;0;0;0;0;0;0
FR;5;2021-08-28;0;0;0;0;0;0;0;0;0;0
FR;5;2021-08-29;0;0;0;0;0;0;0;0;0;0
FR;5;2021-08-30;0;0;0;0;0;0;0;0;0;0
FR;5;2021-08-31;0;0;0;0;0;0;0;0;0;0
FR;5;2021-09-01;0;0;0;0;0;0;0;0;0;0
FR;5;2021-09-02;0;0;0;0;0;0;0;0;0;0
FR;5;2021-09-03;0;0;0;0;0;0;0;0;0;0
FR;5;2021-09-04;0;0;0;0;0;0;0;0;0;0
FR;5;2021-09-05;0;0;0;0;0;0;0;0;0;0
FR;5;2021-09-06;0;0;0;0;0;0;0;0;0;0
FR;5;2021-09-07;0;0;0;0;0;0;0;0;0;0
FR;5;2021-09-08;0;0;0;0;0;0;0;0;0;0
FR;5;2021-09-09;0;0;0;0;0;0;0;0;0;0
FR;5;2021-09-10;0;0;0;0;0;0;0;0;0;0
FR;5;2021-09-11;0;0;0;0;0;0;0;0;0;0
FR;5;2021-09-12;0;0;0;0;0;0;0;0;0;0
FR;5;2021-09-13;0;0;0;0;0;0;0;0;0;0
FR;5;2021-09-14;0;0;0;0;0;0;0;0;0;0
FR;5;2021-09-15;0;0;0;0;0;0;0;0;0;0
FR;5;2021-09-16;0;0;0;0;0;0;0;0;0;0
FR;5;2021-09-17;0;0;0;0;0;0;0;0;0;0
FR;5;2021-09-18;0;0;0;0;0;0;0;0;0;0
FR;5;2021-09-19;0;0;0;0;0;0;0;0;0;0
FR;5;2021-09-20;0;0;0;0;0;0;0;0;0;0
FR;5;2021-09-21;0;0;0;0;0;0;0;0;0;0
FR;5;2021-09-22;0;0;0;0;0;0;0;0;0;0
FR;5;2021-09-23;0;0;0;0;0;0;0;0;0;0
FR;5;2021-09-24;0;0;0;0;0;0;0;0;0;0
FR;5;2021-09-25;0;0;0;0;0;0;0;0;0;0
FR;5;2021-09-26;0;0;0;0;0;0;0;0;0;0
FR;5;2021-09-27;0;0;0;0;0;0;0;0;0;0
FR;5;2021-09-28;0;0;0;0;0;0;0;0;0;0
FR;5;2021-09-29;0;0;0;0;0;0;0;0;0;0
FR;5;2021-09-30;0;0;0;0;0;0;0;0;0;0
FR;5;2021-10-01;0;0;0;0;0;0;0;0;0;0
FR;5;2021-10-02;0;0;0;0;0;0;0;0;0;0
FR;5;2021-10-03;0;0;0;0;0;0;0;0;0;0
FR;5;2021-10-04;0;0;0;0;0;0;0;0;0;0
FR;5;2021-10-05;0;0;0;0;0;0;0;0;0;0
FR;5;2021-10-06;0;0;0;0;0;0;0;0;0;0
FR;5;2021-10-07;0;0;0;0;0;0;0;0;0;0
FR;5;2021-10-08;0;0;0;0;0;0;0;0;0;0
FR;5;2021-10-09;0;0;0;0;0;0;0;0;0;0
FR;5;2021-10-10;0;0;0;0;0;0;0;0;0;0
FR;5;2021-10-11;0;0;0;0;0;0;0;0;0;0
FR;5;2021-10-12;0;0;0;0;0;0;0;0;0;0
FR;5;2021-10-13;0;0;0;0;0;0;0;0;0;0
FR;5;2021-10-14;0;0;0;0;0;0;0;0;0;0
FR;5;2021-10-15;0;0;0;0;0;0;0;0;0;0
FR;5;2021-10-16;0;0;0;0;0;0;0;0;0;0
FR;5;2021-10-17;0;0;0;0;0;0;0;0;0;0
FR;5;2021-10-18;0;0;0;0;0;0;0;0;0;0
FR;5;2021-10-19;0;0;0;0;0;0;0;0;0;0
FR;5;2021-10-20;0;0;0;0;0;0;0;0;0;0
FR;5;2021-10-21;0;0;0;0;0;0;0;0;0;0
FR;5;2021-10-22;0;0;0;0;0;0;0;0;0;0
FR;5;2021-10-23;0;0;0;0;0;0;0;0;0;0
FR;5;2021-10-24;0;0;0;0;0;0;0;0;0;0
FR;5;2021-10-25;0;0;0;0;0;0;0;0;0;0
FR;5;2021-10-26;0;0;0;0;0;0;0;0;0;0
FR;5;2021-10-27;0;0;0;0;0;0;0;0;0;0
FR;5;2021-10-28;0;0;0;0;0;0;0;0;0;0
FR;5;2021-10-29;0;0;0;0;0;0;0;0;0;0
FR;5;2021-10-30;0;0;0;0;0;0;0;0;0;0
FR;5;2021-10-31;0;0;0;0;0;0;0;0;0;0
FR;5;2021-11-01;0;0;0;0;0;0;0;0;0;0
FR;5;2021-11-02;0;0;0;0;0;0;0;0;0;0
FR;5;2021-11-03;0;0;0;0;0;0;0;0;0;0
FR;5;2021-11-04;0;0;0;0;0;0;0;0;0;0
FR;5;2021-11-05;0;0;0;0;0;0;0;0;0;0
FR;5;2021-11-06;0;0;0;0;0;0;0;0;0;0
FR;5;2021-11-07;0;0;0;0;0;0;0;0;0;0
FR;5;2021-11-08;0;0;0;0;0;0;0;0;0;0
FR;5;2021-11-09;0;0;0;0;0;0;0;0;0;0
FR;5;2021-11-10;0;0;0;0;0;0;0;0;0;0
FR;5;2021-11-11;0;0;0;0;0;0;0;0;0;0
FR;5;2021-11-12;0;0;0;0;0;0;0;0;0;0
FR;5;2021-11-13;0;0;0;0;0;0;0;0;0;0
FR;5;2021-11-14;0;0;0;0;0;0;0;0;0;0
FR;5;2021-11-15;0;0;0;0;0;0;0;0;0;0
FR;5;2021-11-16;0;0;0;0;0;0;0;0;0;0
FR;5;2021-11-17;0;0;0;0;0;0;0;0;0;0
FR;5;2021-11-18;0;0;0;0;0;0;0;0;0;0
FR;5;2021-11-19;0;0;0;0;0;0;0;0;0;0
FR;5;2021-11-20;0;0;0;0;0;0;0;0;0;0
FR;5;2021-11-21;0;0;0;0;0;0;0;0;0;0
FR;5;2021-11-22;0;0;0;0;0;0;0;0;0;0
FR;5;2021-11-23;0;0;0;0;0;0;0;0;0;0
FR;5;2021-11-24;0;0;0;0;0;0;0;0;0;0
FR;5;2021-11-25;0;0;0;0;0;0;0;0;0;0
FR;5;2021-11-26;0;0;0;0;0;0;0;0;0;0
FR;5;2021-11-27;0;0;0;0;0;0;0;0;0;0
FR;5;2021-11-28;0;0;0;0;0;0;0;0;0;0
FR;5;2021-11-29;0;0;0;0;0;0;0;0;0;0
FR;5;2021-11-30;0;0;0;0;0;0;0;0;0;0
FR;5;2021-12-01;0;0;0;0;0;0;0;0;0;0
FR;5;2021-12-02;0;0;0;0;0;0;0;0;0;0
FR;5;2021-12-03;0;0;0;0;0;0;0;0;0;0
FR;5;2021-12-04;0;0;0;0;0;0;0;0;0;0
FR;5;2021-12-05;0;0;0;0;0;0;0;0;0;0
FR;5;2021-12-06;0;0;0;0;0;0;0;0;0;0
FR;5;2021-12-07;0;0;0;0;0;0;0;0;0;0
FR;5;2021-12-08;0;0;0;0;0;0;0;0;0;0
FR;5;2021-12-09;0;0;0;0;0;0;0;0;0;0
FR;5;2021-12-10;0;0;0;0;0;0;0;0;0;0
FR;5;2021-12-11;0;0;0;0;0;0;0;0;0;0
FR;5;2021-12-12;0;0;0;0;0;0;0;0;0;0
FR;5;2021-12-13;0;0;0;0;0;0;0;0;0;0
FR;5;2021-12-14;29;45;77;0;88;29;45;77;0;88
FR;5;2021-12-15;196;44;37;0;49;225;89;114;0;137
FR;5;2021-12-16;181;21;44;0;48;406;110;158;0;185
FR;5;2021-12-17;310;16;72;0;74;716;126;230;0;259
FR;5;2021-12-18;765;24;22;0;29;1481;150;252;0;288
FR;5;2021-12-19;586;15;15;0;17;2067;165;267;0;305
FR;5;2021-12-20;1223;31;35;0;38;3290;196;302;0;343
FR;5;2021-12-21;1536;22;54;1;60;4826;218;356;1;403
FR;5;2021-12-22;4069;40;37;0;46;8895;258;393;1;449
FR;5;2021-12-23;3042;16;21;0;25;11937;274;414;1;474
FR;5;2021-12-24;759;19;9;0;15;12696;293;423;1;489
FR;5;2021-12-25;61;5;1;0;2;12757;298;424;1;491
FR;5;2021-12-26;623;6;3;0;4;13380;304;427;1;495
FR;5;2021-12-27;4080;25;21;0;23;17460;329;448;1;518
FR;5;2021-12-28;5204;23;41;1;43;22664;352;489;2;561
FR;5;2021-12-29;8106;34;66;2;69;30770;386;555;4;630
FR;5;2021-12-30;5173;18;33;0;39;35943;404;588;4;669
FR;5;2021-12-31;1553;8;10;0;11;37496;412;598;4;680
FR;5;2022-01-01;185;2;2;0;3;37681;414;600;4;683
FR;5;2022-01-02;1489;1;1;0;1;39170;415;601;4;684
FR;5;2022-01-03;3061;36;33;0;32;42231;451;634;4;716
FR;5;2022-01-04;3034;39;33;0;42;45265;490;667;4;758
FR;5;2022-01-05;19323;203;97;1;108;64588;693;764;5;866
FR;5;2022-01-06;3746;133;122;0;142;68334;826;886;5;1008
FR;5;2022-01-07;5007;200;48;2;56;73341;1026;934;7;1064
FR;5;2022-01-08;13658;514;45;0;52;86999;1540;979;7;1116
FR;5;2022-01-09;5755;399;15;0;20;92754;1939;994;7;1136
FR;5;2022-01-10;3453;326;25;0;29;96207;2265;1019;7;1165
FR;5;2022-01-11;3668;284;38;0;41;99875;2549;1057;7;1206
FR;5;2022-01-12;22653;3004;90;0;113;122528;5553;1147;7;1319
FR;5;2022-01-13;4035;622;30;0;32;126563;6175;1177;7;1351
FR;5;2022-01-14;4843;581;44;0;51;131406;6756;1221;7;1402
FR;5;2022-01-15;14683;1746;38;3;49;146089;8502;1259;10;1451
FR;5;2022-01-16;4727;666;3;0;5;150816;9168;1262;10;1456
FR;5;2022-01-17;2298;715;26;0;29;153114;9883;1288;10;1485
FR;5;2022-01-18;2430;870;30;0;40;155544;10753;1318;10;1525
FR;5;2022-01-19;18482;6422;74;2;142;174026;17175;1392;12;1667
FR;5;2022-01-20;1920;1067;25;0;34;175946;18242;1417;12;1701
FR;5;2022-01-21;3076;1371;47;1;59;179022;19613;1464;13;1760
FR;5;2022-01-22;10721;3454;33;1;43;189743;23067;1497;14;1803
FR;5;2022-01-23;2629;1415;5;0;9;192372;24482;1502;14;1812
FR;5;2022-01-24;1159;1340;19;0;23;193531;25822;1521;14;1835
FR;5;2022-01-25;1220;1548;19;2;29;194751;27370;1540;16;1864
FR;5;2022-01-26;10751;12027;50;1;89;205502;39397;1590;17;1953
FR;5;2022-01-27;1291;1693;10;0;17;206793;41090;1600;17;1970
FR;5;2022-01-28;1695;3347;16;0;19;208488;44437;1616;17;1989
FR;5;2022-01-29;6237;8040;68;0;96;214725;52477;1684;17;2085
FR;5;2022-01-30;1509;2950;5;0;18;216234;55427;1689;17;2103
FR;5;2022-01-31;589;1773;23;0;24;216823;57200;1712;17;2127
FR;5;2022-02-01;712;1703;10;0;15;217535;58903;1722;17;2142
FR;5;2022-02-02;6957;15654;52;0;94;224492;74557;1774;17;2236
FR;5;2022-02-03;491;1690;14;0;13;224983;76247;1788;17;2249
FR;5;2022-02-04;943;3001;19;0;31;225926;79248;1807;17;2280
FR;5;2022-02-05;3533;8916;23;0;37;229459;88164;1830;17;2317
FR;5;2022-02-06;737;2397;10;0;19;230196;90561;1840;17;2336
FR;5;2022-02-07;883;1596;22;0;24;231079;92157;1862;17;2360
FR;5;2022-02-08;722;1287;18;0;20;231801;93444;1880;17;2380
FR;5;2022-02-09;4539;12876;44;0;76;236340;106320;1924;17;2456
FR;5;2022-02-10;646;1059;14;0;15;236986;107379;1938;17;2471
FR;5;2022-02-11;793;2026;16;0;21;237779;109405;1954;17;2492
FR;5;2022-02-12;2285;6811;33;0;53;240064;116216;1987;17;2545
FR;5;2022-02-13;465;1540;8;0;8;240529;117756;1995;17;2553
FR;5;2022-02-14;678;1288;10;0;13;241207;119044;2005;17;2566
FR;5;2022-02-15;482;885;9;0;14;241689;119929;2014;17;2580
FR;5;2022-02-16;2980;9123;41;1;58;244669;129052;2055;18;2638
FR;5;2022-02-17;435;809;6;0;7;245104;129861;2061;18;2645
FR;5;2022-02-18;649;1407;13;0;17;245753;131268;2074;18;2662
FR;5;2022-02-19;1372;4315;16;0;28;247125;135583;2090;18;2690
FR;5;2022-02-20;247;879;6;0;8;247372;136462;2096;18;2698
FR;5;2022-02-21;221;607;2;0;4;247593;137069;2098;18;2702
FR;5;2022-02-22;262;545;17;0;17;247855;137614;2115;18;2719
FR;5;2022-02-23;1909;6926;22;1;42;249764;144540;2137;19;2761
FR;5;2022-02-24;182;374;6;1;7;249946;144914;2143;20;2768
FR;5;2022-02-25;336;949;13;0;12;250282;145863;2156;20;2780
FR;5;2022-02-26;972;3069;10;0;14;251254;148932;2166;20;2794
FR;5;2022-02-27;149;506;0;0;3;251403;149438;2166;20;2797
FR;5;2022-02-28;162;369;1;0;1;251565;149807;2167;20;2798
FR;5;2022-03-01;129;280;6;0;7;251694;150087;2173;20;2805
FR;5;2022-03-02;1240;4156;28;3;40;252934;154243;2201;23;2845
FR;5;2022-03-03;121;251;5;0;10;253055;154494;2206;23;2855
FR;5;2022-03-04;194;488;13;0;14;253249;154982;2219;23;2869
FR;5;2022-03-05;676;1990;8;0;16;253925;156972;2227;23;2885
FR;5;2022-03-06;108;260;0;0;0;254033;157232;2227;23;2885
FR;5;2022-03-07;71;228;5;0;3;254104;157460;2232;23;2888
FR;5;2022-03-08;46;130;7;1;7;254150;157590;2239;24;2895
FR;5;2022-03-09;909;3076;24;0;36;255059;160666;2263;24;2931
FR;5;2022-03-10;82;201;8;0;12;255141;160867;2271;24;2943
FR;5;2022-03-11;147;369;13;1;15;255288;161236;2284;25;2958
FR;5;2022-03-12;758;1613;13;1;30;256046;162849;2297;26;2988
FR;5;2022-03-13;76;100;0;0;0;256122;162949;2297;26;2988
FR;5;2022-03-14;67;119;7;1;7;256189;163068;2304;27;2995
FR;5;2022-03-15;83;99;4;0;7;256272;163167;2308;27;3002
FR;5;2022-03-16;883;1827;15;3;36;257155;164994;2323;30;3038
FR;5;2022-03-17;66;123;8;4;10;257221;165117;2331;34;3048
FR;5;2022-03-18;172;318;13;4;18;257393;165435;2344;38;3066
FR;5;2022-03-19;750;1162;12;5;33;258143;166597;2356;43;3099
FR;5;2022-03-20;45;93;1;0;1;258188;166690;2357;43;3100
FR;5;2022-03-21;71;120;10;6;15;258259;166810;2367;49;3115
FR;5;2022-03-22;56;119;8;8;9;258315;166929;2375;57;3124
FR;5;2022-03-23;804;1461;14;8;36;259119;168390;2389;65;3160
FR;5;2022-03-24;70;93;8;7;7;259189;168483;2397;72;3167
FR;5;2022-03-25;222;291;14;8;18;259411;168774;2411;80;3185
FR;5;2022-03-26;707;853;12;5;26;260118;169627;2423;85;3211
FR;5;2022-03-27;74;80;0;0;3;260192;169707;2423;85;3214
FR;5;2022-03-28;81;91;1;2;3;260273;169798;2424;87;3217
FR;5;2022-03-29;71;82;10;4;12;260344;169880;2434;91;3229
FR;5;2022-03-30;823;1115;16;13;29;261167;170995;2450;104;3258
FR;5;2022-03-31;102;125;1;4;6;261269;171120;2451;108;3264
FR;5;2022-04-01;108;86;7;12;11;261377;171206;2458;120;3275
FR;5;2022-04-02;330;349;3;3;15;261707;171555;2461;123;3290
FR;5;2022-04-03;54;59;1;0;1;261761;171614;2462;123;3291
FR;5;2022-04-04;40;57;4;1;8;261801;171671;2466;124;3299
FR;5;2022-04-05;51;60;6;7;9;261852;171731;2472;131;3308
FR;5;2022-04-06;421;439;7;15;16;262273;172170;2479;146;3324
FR;5;2022-04-07;45;68;5;7;7;262318;172238;2484;153;3331
FR;5;2022-04-08;133;110;12;14;15;262451;172348;2496;167;3346
FR;5;2022-04-09;308;323;2;5;17;262759;172671;2498;172;3363
FR;5;2022-04-10;43;31;2;0;2;262802;172702;2500;172;3365
FR;5;2022-04-11;50;60;3;2;4;262852;172762;2503;174;3369
FR;5;2022-04-12;59;54;3;3;5;262911;172816;2506;177;3374
FR;5;2022-04-13;382;413;3;8;16;263293;173229;2509;185;3390
FR;5;2022-04-14;48;48;5;5;9;263341;173277;2514;190;3399
FR;5;2022-04-15;91;109;4;5;5;263432;173386;2518;195;3404
FR;5;2022-04-16;188;184;2;1;13;263620;173570;2520;196;3417
FR;5;2022-04-17;12;10;1;0;1;263632;173580;2521;196;3418
FR;5;2022-04-18;8;9;2;0;2;263640;173589;2523;196;3420
FR;5;2022-04-19;73;71;6;1;6;263713;173660;2529;197;3426
FR;5;2022-04-20;361;349;9;6;12;264074;174009;2538;203;3438
FR;5;2022-04-21;42;64;9;10;12;264116;174073;2547;213;3450
FR;5;2022-04-22;113;96;5;4;5;264229;174169;2552;217;3455
FR;5;2022-04-23;209;193;3;2;10;264438;174362;2555;219;3465
FR;5;2022-04-24;37;35;0;0;3;264475;174397;2555;219;3468
FR;5;2022-04-25;69;65;1;1;4;264544;174462;2556;220;3472
FR;5;2022-04-26;60;62;2;1;5;264604;174524;2558;221;3477
FR;5;2022-04-27;335;316;2;7;14;264939;174840;2560;228;3491
FR;5;2022-04-28;80;54;4;5;8;265019;174894;2564;233;3499
FR;5;2022-04-29;117;84;5;18;12;265136;174978;2569;251;3511
FR;5;2022-04-30;182;114;2;3;10;265318;175092;2571;254;3521
FR;5;2022-05-01;11;7;0;0;0;265329;175099;2571;254;3521
FR;5;2022-05-02;51;27;4;5;2;265380;175126;2575;259;3523
FR;5;2022-05-03;84;57;2;5;11;265464;175183;2577;264;3534
FR;5;2022-05-04;278;204;1;2;7;265742;175387;2578;266;3541
FR;5;2022-05-05;62;32;3;4;5;265804;175419;2581;270;3546
FR;5;2022-05-06;105;64;2;3;5;265909;175483;2583;273;3551
FR;5;2022-05-07;171;115;3;10;13;266080;175598;2586;283;3564
FR;5;2022-05-08;8;8;0;0;2;266088;175606;2586;283;3566
FR;5;2022-05-09;44;34;15;3;16;266132;175640;2601;286;3582
FR;5;2022-05-10;54;49;3;4;5;266186;175689;2604;290;3587
FR;5;2022-05-11;327;237;12;7;21;266513;175926;2616;297;3608
FR;5;2022-05-12;46;34;1;3;2;266559;175960;2617;300;3610
FR;5;2022-05-13;109;83;3;8;9;266668;176043;2620;308;3619
FR;5;2022-05-14;209;131;0;1;8;266877;176174;2620;309;3627
FR;5;2022-05-15;22;7;2;0;1;266899;176181;2622;309;3628
FR;5;2022-05-16;52;34;4;5;4;266951;176215;2626;314;3632
FR;5;2022-05-17;72;40;5;0;2;267023;176255;2631;314;3634
FR;5;2022-05-18;289;214;4;4;8;267312;176469;2635;318;3642
FR;5;2022-05-19;44;35;5;3;3;267356;176504;2640;321;3645
FR;5;2022-05-20;75;62;3;10;1;267431;176566;2643;331;3646
FR;5;2022-05-21;241;166;2;3;17;267672;176732;2645;334;3663
FR;5;2022-05-22;20;14;2;5;2;267692;176746;2647;339;3665
FR;5;2022-05-23;42;28;4;3;6;267734;176774;2651;342;3671
FR;5;2022-05-24;46;45;3;2;5;267780;176819;2654;344;3676
FR;5;2022-05-25;329;256;4;1;16;268109;177075;2658;345;3692
FR;5;2022-05-26;16;5;0;1;2;268125;177080;2658;346;3694
FR;5;2022-05-27;98;54;4;4;9;268223;177134;2662;350;3703
FR;5;2022-05-28;99;77;5;3;10;268322;177211;2667;353;3713
FR;5;2022-05-29;14;14;1;0;2;268336;177225;2668;353;3715
FR;5;2022-05-30;56;41;2;1;2;268392;177266;2670;354;3717
FR;5;2022-05-31;57;43;1;8;1;268449;177309;2671;362;3718
FR;5;2022-06-01;253;240;9;2;24;268702;177549;2680;364;3742
FR;5;2022-06-02;58;61;5;0;9;268760;177610;2685;364;3751
FR;5;2022-06-03;81;70;4;5;10;268841;177680;2689;369;3761
FR;5;2022-06-04;155;109;2;1;9;268996;177789;2691;370;3770
FR;5;2022-06-05;17;11;0;0;1;269013;177800;2691;370;3771
FR;5;2022-06-06;15;9;0;0;0;269028;177809;2691;370;3771
FR;5;2022-06-07;48;56;1;1;2;269076;177865;2692;371;3773
FR;5;2022-06-08;282;224;3;4;17;269358;178089;2695;375;3790
FR;5;2022-06-09;52;41;6;3;7;269410;178130;2701;378;3797
FR;5;2022-06-10;80;72;1;1;6;269490;178202;2702;379;3803
FR;5;2022-06-11;169;141;3;3;10;269659;178343;2705;382;3813
FR;5;2022-06-12;17;16;0;0;2;269676;178359;2705;382;3815
FR;5;2022-06-13;56;46;9;3;9;269732;178405;2714;385;3824
FR;5;2022-06-14;57;56;1;3;6;269789;178461;2715;388;3830
FR;5;2022-06-15;265;259;5;2;26;270054;178720;2720;390;3856
FR;5;2022-06-16;46;27;4;2;2;270100;178747;2724;392;3858
FR;5;2022-06-17;97;66;4;5;9;270197;178813;2728;397;3867
FR;5;2022-06-18;136;95;10;2;26;270333;178908;2738;399;3893
FR;5;2022-06-19;26;15;0;1;4;270359;178923;2738;400;3897
FR;5;2022-06-20;53;49;6;0;9;270412;178972;2744;400;3906
FR;5;2022-06-21;48;71;5;3;6;270460;179043;2749;403;3912
FR;5;2022-06-22;220;246;6;8;33;270680;179289;2755;411;3945
FR;5;2022-06-23;46;34;2;5;6;270726;179323;2757;416;3951
FR;5;2022-06-24;81;67;11;4;13;270807;179390;2768;420;3964
FR;5;2022-06-25;150;123;3;7;14;270957;179513;2771;427;3978
FR;5;2022-06-26;26;19;2;0;5;270983;179532;2773;427;3983
FR;5;2022-06-27;49;56;5;7;11;271032;179588;2778;434;3994
FR;5;2022-06-28;69;48;7;2;14;271101;179636;2785;436;4008
FR;5;2022-06-29;294;265;8;20;34;271395;179901;2793;456;4042
FR;5;2022-06-30;84;49;9;12;15;271479;179950;2802;468;4057
FR;6;2020-12-27;0;0;0;0;0;0;0;0;0;0
FR;6;2020-12-28;0;0;0;0;0;0;0;0;0;0
FR;6;2020-12-29;0;0;0;0;0;0;0;0;0;0
FR;6;2020-12-30;0;0;0;0;0;0;0;0;0;0
FR;6;2020-12-31;0;0;0;0;0;0;0;0;0;0
FR;6;2021-01-01;0;0;0;0;0;0;0;0;0;0
FR;6;2021-01-02;0;0;0;0;0;0;0;0;0;0
FR;6;2021-01-03;0;0;0;0;0;0;0;0;0;0
FR;6;2021-01-04;0;0;0;0;0;0;0;0;0;0
FR;6;2021-01-05;0;0;0;0;0;0;0;0;0;0
FR;6;2021-01-06;0;0;0;0;0;0;0;0;0;0
FR;6;2021-01-07;0;0;0;0;0;0;0;0;0;0
FR;6;2021-01-08;0;0;0;0;0;0;0;0;0;0
FR;6;2021-01-09;0;0;0;0;0;0;0;0;0;0
FR;6;2021-01-10;0;0;0;0;0;0;0;0;0;0
FR;6;2021-01-11;0;0;0;0;0;0;0;0;0;0
FR;6;2021-01-12;0;0;0;0;0;0;0;0;0;0
FR;6;2021-01-13;0;0;0;0;0;0;0;0;0;0
FR;6;2021-01-14;0;0;0;0;0;0;0;0;0;0
FR;6;2021-01-15;0;0;0;0;0;0;0;0;0;0
FR;6;2021-01-16;0;0;0;0;0;0;0;0;0;0
FR;6;2021-01-17;0;0;0;0;0;0;0;0;0;0
FR;6;2021-01-18;0;0;0;0;0;0;0;0;0;0
FR;6;2021-01-19;0;0;0;0;0;0;0;0;0;0
FR;6;2021-01-20;0;0;0;0;0;0;0;0;0;0
FR;6;2021-01-21;0;0;0;0;0;0;0;0;0;0
FR;6;2021-01-22;0;0;0;0;0;0;0;0;0;0
FR;6;2021-01-23;0;0;0;0;0;0;0;0;0;0
FR;6;2021-01-24;0;0;0;0;0;0;0;0;0;0
FR;6;2021-01-25;0;0;0;0;0;0;0;0;0;0
FR;6;2021-01-26;0;0;0;0;0;0;0;0;0;0
FR;6;2021-01-27;0;0;0;0;0;0;0;0;0;0
FR;6;2021-01-28;0;0;0;0;0;0;0;0;0;0
FR;6;2021-01-29;0;0;0;0;0;0;0;0;0;0
FR;6;2021-01-30;0;0;0;0;0;0;0;0;0;0
FR;6;2021-01-31;0;0;0;0;0;0;0;0;0;0
FR;6;2021-02-01;0;0;0;0;0;0;0;0;0;0
FR;6;2021-02-02;0;0;0;0;0;0;0;0;0;0
FR;6;2021-02-03;0;0;0;0;0;0;0;0;0;0
FR;6;2021-02-04;0;0;0;0;0;0;0;0;0;0
FR;6;2021-02-05;0;0;0;0;0;0;0;0;0;0
FR;6;2021-02-06;0;0;0;0;0;0;0;0;0;0
FR;6;2021-02-07;0;0;0;0;0;0;0;0;0;0
FR;6;2021-02-08;0;0;0;0;0;0;0;0;0;0
FR;6;2021-02-09;0;0;0;0;0;0;0;0;0;0
FR;6;2021-02-10;0;0;0;0;0;0;0;0;0;0
FR;6;2021-02-11;0;0;0;0;0;0;0;0;0;0
FR;6;2021-02-12;0;0;0;0;0;0;0;0;0;0
FR;6;2021-02-13;0;0;0;0;0;0;0;0;0;0
FR;6;2021-02-14;0;0;0;0;0;0;0;0;0;0
FR;6;2021-02-15;0;0;0;0;0;0;0;0;0;0
FR;6;2021-02-16;0;0;0;0;0;0;0;0;0;0
FR;6;2021-02-17;0;0;0;0;0;0;0;0;0;0
FR;6;2021-02-18;0;0;0;0;0;0;0;0;0;0
FR;6;2021-02-19;0;0;0;0;0;0;0;0;0;0
FR;6;2021-02-20;0;0;0;0;0;0;0;0;0;0
FR;6;2021-02-21;0;0;0;0;0;0;0;0;0;0
FR;6;2021-02-22;0;0;0;0;0;0;0;0;0;0
FR;6;2021-02-23;0;0;0;0;0;0;0;0;0;0
FR;6;2021-02-24;0;0;0;0;0;0;0;0;0;0
FR;6;2021-02-25;0;0;0;0;0;0;0;0;0;0
FR;6;2021-02-26;0;0;0;0;0;0;0;0;0;0
FR;6;2021-02-27;0;0;0;0;0;0;0;0;0;0
FR;6;2021-02-28;0;0;0;0;0;0;0;0;0;0
FR;6;2021-03-01;0;0;0;0;0;0;0;0;0;0
FR;6;2021-03-02;0;0;0;0;0;0;0;0;0;0
FR;6;2021-03-03;0;0;0;0;0;0;0;0;0;0
FR;6;2021-03-04;0;0;0;0;0;0;0;0;0;0
FR;6;2021-03-05;0;0;0;0;0;0;0;0;0;0
FR;6;2021-03-06;0;0;0;0;0;0;0;0;0;0
FR;6;2021-03-07;0;0;0;0;0;0;0;0;0;0
FR;6;2021-03-08;0;0;0;0;0;0;0;0;0;0
FR;6;2021-03-09;0;0;0;0;0;0;0;0;0;0
FR;6;2021-03-10;0;0;0;0;0;0;0;0;0;0
FR;6;2021-03-11;0;0;0;0;0;0;0;0;0;0
FR;6;2021-03-12;0;0;0;0;0;0;0;0;0;0
FR;6;2021-03-13;0;0;0;0;0;0;0;0;0;0
FR;6;2021-03-14;0;0;0;0;0;0;0;0;0;0
FR;6;2021-03-15;0;0;0;0;0;0;0;0;0;0
FR;6;2021-03-16;0;0;0;0;0;0;0;0;0;0
FR;6;2021-03-17;0;0;0;0;0;0;0;0;0;0
FR;6;2021-03-18;0;0;0;0;0;0;0;0;0;0
FR;6;2021-03-19;0;0;0;0;0;0;0;0;0;0
FR;6;2021-03-20;0;0;0;0;0;0;0;0;0;0
FR;6;2021-03-21;0;0;0;0;0;0;0;0;0;0
FR;6;2021-03-22;0;0;0;0;0;0;0;0;0;0
FR;6;2021-03-23;0;0;0;0;0;0;0;0;0;0
FR;6;2021-03-24;0;0;0;0;0;0;0;0;0;0
FR;6;2021-03-25;0;0;0;0;0;0;0;0;0;0
FR;6;2021-03-26;0;0;0;0;0;0;0;0;0;0
FR;6;2021-03-27;0;0;0;0;0;0;0;0;0;0
FR;6;2021-03-28;0;0;0;0;0;0;0;0;0;0
FR;6;2021-03-29;0;0;0;0;0;0;0;0;0;0
FR;6;2021-03-30;0;0;0;0;0;0;0;0;0;0
FR;6;2021-03-31;0;0;0;0;0;0;0;0;0;0
FR;6;2021-04-01;0;0;0;0;0;0;0;0;0;0
FR;6;2021-04-02;0;0;0;0;0;0;0;0;0;0
FR;6;2021-04-03;0;0;0;0;0;0;0;0;0;0
FR;6;2021-04-04;0;0;0;0;0;0;0;0;0;0
FR;6;2021-04-05;0;0;0;0;0;0;0;0;0;0
FR;6;2021-04-06;0;0;0;0;0;0;0;0;0;0
FR;6;2021-04-07;0;0;0;0;0;0;0;0;0;0
FR;6;2021-04-08;0;0;0;0;0;0;0;0;0;0
FR;6;2021-04-09;0;0;0;0;0;0;0;0;0;0
FR;6;2021-04-10;0;0;0;0;0;0;0;0;0;0
FR;6;2021-04-11;0;0;0;0;0;0;0;0;0;0
FR;6;2021-04-12;0;0;0;0;0;0;0;0;0;0
FR;6;2021-04-13;0;0;0;0;0;0;0;0;0;0
FR;6;2021-04-14;0;0;0;0;0;0;0;0;0;0
FR;6;2021-04-15;0;0;0;0;0;0;0;0;0;0
FR;6;2021-04-16;0;0;0;0;0;0;0;0;0;0
FR;6;2021-04-17;0;0;0;0;0;0;0;0;0;0
FR;6;2021-04-18;0;0;0;0;0;0;0;0;0;0
FR;6;2021-04-19;0;0;0;0;0;0;0;0;0;0
FR;6;2021-04-20;0;0;0;0;0;0;0;0;0;0
FR;6;2021-04-21;0;0;0;0;0;0;0;0;0;0
FR;6;2021-04-22;0;0;0;0;0;0;0;0;0;0
FR;6;2021-04-23;0;0;0;0;0;0;0;0;0;0
FR;6;2021-04-24;0;0;0;0;0;0;0;0;0;0
FR;6;2021-04-25;0;0;0;0;0;0;0;0;0;0
FR;6;2021-04-26;0;0;0;0;0;0;0;0;0;0
FR;6;2021-04-27;0;0;0;0;0;0;0;0;0;0
FR;6;2021-04-28;0;0;0;0;0;0;0;0;0;0
FR;6;2021-04-29;0;0;0;0;0;0;0;0;0;0
FR;6;2021-04-30;0;0;0;0;0;0;0;0;0;0
FR;6;2021-05-01;0;0;0;0;0;0;0;0;0;0
FR;6;2021-05-02;0;0;0;0;0;0;0;0;0;0
FR;6;2021-05-03;0;0;0;0;0;0;0;0;0;0
FR;6;2021-05-04;0;0;0;0;0;0;0;0;0;0
FR;6;2021-05-05;0;0;0;0;0;0;0;0;0;0
FR;6;2021-05-06;0;0;0;0;0;0;0;0;0;0
FR;6;2021-05-07;0;0;0;0;0;0;0;0;0;0
FR;6;2021-05-08;0;0;0;0;0;0;0;0;0;0
FR;6;2021-05-09;0;0;0;0;0;0;0;0;0;0
FR;6;2021-05-10;0;0;0;0;0;0;0;0;0;0
FR;6;2021-05-11;0;0;0;0;0;0;0;0;0;0
FR;6;2021-05-12;0;0;0;0;0;0;0;0;0;0
FR;6;2021-05-13;0;0;0;0;0;0;0;0;0;0
FR;6;2021-05-14;0;0;0;0;0;0;0;0;0;0
FR;6;2021-05-15;0;0;0;0;0;0;0;0;0;0
FR;6;2021-05-16;0;0;0;0;0;0;0;0;0;0
FR;6;2021-05-17;0;0;0;0;0;0;0;0;0;0
FR;6;2021-05-18;0;0;0;0;0;0;0;0;0;0
FR;6;2021-05-19;0;0;0;0;0;0;0;0;0;0
FR;6;2021-05-20;0;0;0;0;0;0;0;0;0;0
FR;6;2021-05-21;0;0;0;0;0;0;0;0;0;0
FR;6;2021-05-22;0;0;0;0;0;0;0;0;0;0
FR;6;2021-05-23;0;0;0;0;0;0;0;0;0;0
FR;6;2021-05-24;0;0;0;0;0;0;0;0;0;0
FR;6;2021-05-25;0;0;0;0;0;0;0;0;0;0
FR;6;2021-05-26;0;0;0;0;0;0;0;0;0;0
FR;6;2021-05-27;0;0;0;0;0;0;0;0;0;0
FR;6;2021-05-28;0;0;0;0;0;0;0;0;0;0
FR;6;2021-05-29;0;0;0;0;0;0;0;0;0;0
FR;6;2021-05-30;0;0;0;0;0;0;0;0;0;0
FR;6;2021-05-31;0;0;0;0;0;0;0;0;0;0
FR;6;2021-06-01;0;0;0;0;0;0;0;0;0;0
FR;6;2021-06-02;0;0;0;0;0;0;0;0;0;0
FR;6;2021-06-03;0;0;0;0;0;0;0;0;0;0
FR;6;2021-06-04;0;0;0;0;0;0;0;0;0;0
FR;6;2021-06-05;0;0;0;0;0;0;0;0;0;0
FR;6;2021-06-06;0;0;0;0;0;0;0;0;0;0
FR;6;2021-06-07;0;0;0;0;0;0;0;0;0;0
FR;6;2021-06-08;0;0;0;0;0;0;0;0;0;0
FR;6;2021-06-09;0;0;0;0;0;0;0;0;0;0
FR;6;2021-06-10;0;0;0;0;0;0;0;0;0;0
FR;6;2021-06-11;0;0;0;0;0;0;0;0;0;0
FR;6;2021-06-12;0;0;0;0;0;0;0;0;0;0
FR;6;2021-06-13;0;0;0;0;0;0;0;0;0;0
FR;6;2021-06-14;0;0;0;0;0;0;0;0;0;0
FR;6;2021-06-15;0;0;0;0;0;0;0;0;0;0
FR;6;2021-06-16;0;0;0;0;0;0;0;0;0;0
FR;6;2021-06-17;0;0;0;0;0;0;0;0;0;0
FR;6;2021-06-18;0;0;0;0;0;0;0;0;0;0
FR;6;2021-06-19;0;0;0;0;0;0;0;0;0;0
FR;6;2021-06-20;0;0;0;0;0;0;0;0;0;0
FR;6;2021-06-21;0;0;0;0;0;0;0;0;0;0
FR;6;2021-06-22;0;0;0;0;0;0;0;0;0;0
FR;6;2021-06-23;0;0;0;0;0;0;0;0;0;0
FR;6;2021-06-24;0;0;0;0;0;0;0;0;0;0
FR;6;2021-06-25;0;0;0;0;0;0;0;0;0;0
FR;6;2021-06-26;0;0;0;0;0;0;0;0;0;0
FR;6;2021-06-27;0;0;0;0;0;0;0;0;0;0
FR;6;2021-06-28;0;0;0;0;0;0;0;0;0;0
FR;6;2021-06-29;0;0;0;0;0;0;0;0;0;0
FR;6;2021-06-30;0;0;0;0;0;0;0;0;0;0
FR;6;2021-07-01;0;0;0;0;0;0;0;0;0;0
FR;6;2021-07-02;0;0;0;0;0;0;0;0;0;0
FR;6;2021-07-03;0;0;0;0;0;0;0;0;0;0
FR;6;2021-07-04;0;0;0;0;0;0;0;0;0;0
FR;6;2021-07-05;0;0;0;0;0;0;0;0;0;0
FR;6;2021-07-06;0;0;0;0;0;0;0;0;0;0
FR;6;2021-07-07;0;0;0;0;0;0;0;0;0;0
FR;6;2021-07-08;0;0;0;0;0;0;0;0;0;0
FR;6;2021-07-09;0;0;0;0;0;0;0;0;0;0
FR;6;2021-07-10;0;0;0;0;0;0;0;0;0;0
FR;6;2021-07-11;0;0;0;0;0;0;0;0;0;0
FR;6;2021-07-12;0;0;0;0;0;0;0;0;0;0
FR;6;2021-07-13;0;0;0;0;0;0;0;0;0;0
FR;6;2021-07-14;0;0;0;0;0;0;0;0;0;0
FR;6;2021-07-15;0;0;0;0;0;0;0;0;0;0
FR;6;2021-07-16;0;0;0;0;0;0;0;0;0;0
FR;6;2021-07-17;0;0;0;0;0;0;0;0;0;0
FR;6;2021-07-18;0;0;0;0;0;0;0;0;0;0
FR;6;2021-07-19;0;0;0;0;0;0;0;0;0;0
FR;6;2021-07-20;0;0;0;0;0;0;0;0;0;0
FR;6;2021-07-21;0;0;0;0;0;0;0;0;0;0
FR;6;2021-07-22;0;0;0;0;0;0;0;0;0;0
FR;6;2021-07-23;0;0;0;0;0;0;0;0;0;0
FR;6;2021-07-24;0;0;0;0;0;0;0;0;0;0
FR;6;2021-07-25;0;0;0;0;0;0;0;0;0;0
FR;6;2021-07-26;0;0;0;0;0;0;0;0;0;0
FR;6;2021-07-27;0;0;0;0;0;0;0;0;0;0
FR;6;2021-07-28;0;0;0;0;0;0;0;0;0;0
FR;6;2021-07-29;0;0;0;0;0;0;0;0;0;0
FR;6;2021-07-30;0;0;0;0;0;0;0;0;0;0
FR;6;2021-07-31;0;0;0;0;0;0;0;0;0;0
FR;6;2021-08-01;0;0;0;0;0;0;0;0;0;0
FR;6;2021-08-02;0;0;0;0;0;0;0;0;0;0
FR;6;2021-08-03;0;0;0;0;0;0;0;0;0;0
FR;6;2021-08-04;0;0;0;0;0;0;0;0;0;0
FR;6;2021-08-05;0;0;0;0;0;0;0;0;0;0
FR;6;2021-08-06;0;0;0;0;0;0;0;0;0;0
FR;6;2021-08-07;0;0;0;0;0;0;0;0;0;0
FR;6;2021-08-08;0;0;0;0;0;0;0;0;0;0
FR;6;2021-08-09;0;0;0;0;0;0;0;0;0;0
FR;6;2021-08-10;0;0;0;0;0;0;0;0;0;0
FR;6;2021-08-11;0;0;0;0;0;0;0;0;0;0
FR;6;2021-08-12;0;0;0;0;0;0;0;0;0;0
FR;6;2021-08-13;0;0;0;0;0;0;0;0;0;0
FR;6;2021-08-14;0;0;0;0;0;0;0;0;0;0
FR;6;2021-08-15;0;0;0;0;0;0;0;0;0;0
FR;6;2021-08-16;0;0;0;0;0;0;0;0;0;0
FR;6;2021-08-17;0;0;0;0;0;0;0;0;0;0
FR;6;2021-08-18;0;0;0;0;0;0;0;0;0;0
FR;6;2021-08-19;0;0;0;0;0;0;0;0;0;0
FR;6;2021-08-20;0;0;0;0;0;0;0;0;0;0
FR;6;2021-08-21;0;0;0;0;0;0;0;0;0;0
FR;6;2021-08-22;0;0;0;0;0;0;0;0;0;0
FR;6;2021-08-23;0;0;0;0;0;0;0;0;0;0
FR;6;2021-08-24;0;0;0;0;0;0;0;0;0;0
FR;6;2021-08-25;0;0;0;0;0;0;0;0;0;0
FR;6;2021-08-26;0;0;0;0;0;0;0;0;0;0
FR;6;2021-08-27;0;0;0;0;0;0;0;0;0;0
FR;6;2021-08-28;0;0;0;0;0;0;0;0;0;0
FR;6;2021-08-29;0;0;0;0;0;0;0;0;0;0
FR;6;2021-08-30;0;0;0;0;0;0;0;0;0;0
FR;6;2021-08-31;0;0;0;0;0;0;0;0;0;0
FR;6;2021-09-01;0;0;0;0;0;0;0;0;0;0
FR;6;2021-09-02;0;0;0;0;0;0;0;0;0;0
FR;6;2021-09-03;0;0;0;0;0;0;0;0;0;0
FR;6;2021-09-04;0;0;0;0;0;0;0;0;0;0
FR;6;2021-09-05;0;0;0;0;0;0;0;0;0;0
FR;6;2021-09-06;0;0;0;0;0;0;0;0;0;0
FR;6;2021-09-07;0;0;0;0;0;0;0;0;0;0
FR;6;2021-09-08;0;0;0;0;0;0;0;0;0;0
FR;6;2021-09-09;0;0;0;0;0;0;0;0;0;0
FR;6;2021-09-10;0;0;0;0;0;0;0;0;0;0
FR;6;2021-09-11;0;0;0;0;0;0;0;0;0;0
FR;6;2021-09-12;0;0;0;0;0;0;0;0;0;0
FR;6;2021-09-13;0;0;0;0;0;0;0;0;0;0
FR;6;2021-09-14;0;0;0;0;0;0;0;0;0;0
FR;6;2021-09-15;0;0;0;0;0;0;0;0;0;0
FR;6;2021-09-16;0;0;0;0;0;0;0;0;0;0
FR;6;2021-09-17;0;0;0;0;0;0;0;0;0;0
FR;6;2021-09-18;0;0;0;0;0;0;0;0;0;0
FR;6;2021-09-19;0;0;0;0;0;0;0;0;0;0
FR;6;2021-09-20;0;0;0;0;0;0;0;0;0;0
FR;6;2021-09-21;0;0;0;0;0;0;0;0;0;0
FR;6;2021-09-22;0;0;0;0;0;0;0;0;0;0
FR;6;2021-09-23;0;0;0;0;0;0;0;0;0;0
FR;6;2021-09-24;0;0;0;0;0;0;0;0;0;0
FR;6;2021-09-25;0;0;0;0;0;0;0;0;0;0
FR;6;2021-09-26;0;0;0;0;0;0;0;0;0;0
FR;6;2021-09-27;0;0;0;0;0;0;0;0;0;0
FR;6;2021-09-28;0;0;0;0;0;0;0;0;0;0
FR;6;2021-09-29;0;0;0;0;0;0;0;0;0;0
FR;6;2021-09-30;0;0;0;0;0;0;0;0;0;0
FR;6;2021-10-01;0;0;0;0;0;0;0;0;0;0
FR;6;2021-10-02;0;0;0;0;0;0;0;0;0;0
FR;6;2021-10-03;0;0;0;0;0;0;0;0;0;0
FR;6;2021-10-04;0;0;0;0;0;0;0;0;0;0
FR;6;2021-10-05;0;0;0;0;0;0;0;0;0;0
FR;6;2021-10-06;0;0;0;0;0;0;0;0;0;0
FR;6;2021-10-07;0;0;0;0;0;0;0;0;0;0
FR;6;2021-10-08;0;0;0;0;0;0;0;0;0;0
FR;6;2021-10-09;0;0;0;0;0;0;0;0;0;0
FR;6;2021-10-10;0;0;0;0;0;0;0;0;0;0
FR;6;2021-10-11;0;0;0;0;0;0;0;0;0;0
FR;6;2021-10-12;0;0;0;0;0;0;0;0;0;0
FR;6;2021-10-13;0;0;0;0;0;0;0;0;0;0
FR;6;2021-10-14;0;0;0;0;0;0;0;0;0;0
FR;6;2021-10-15;0;0;0;0;0;0;0;0;0;0
FR;6;2021-10-16;0;0;0;0;0;0;0;0;0;0
FR;6;2021-10-17;0;0;0;0;0;0;0;0;0;0
FR;6;2021-10-18;0;0;0;0;0;0;0;0;0;0
FR;6;2021-10-19;0;0;0;0;0;0;0;0;0;0
FR;6;2021-10-20;0;0;0;0;0;0;0;0;0;0
FR;6;2021-10-21;0;0;0;0;0;0;0;0;0;0
FR;6;2021-10-22;0;0;0;0;0;0;0;0;0;0
FR;6;2021-10-23;0;0;0;0;0;0;0;0;0;0
FR;6;2021-10-24;0;0;0;0;0;0;0;0;0;0
FR;6;2021-10-25;0;0;0;0;0;0;0;0;0;0
FR;6;2021-10-26;0;0;0;0;0;0;0;0;0;0
FR;6;2021-10-27;0;0;0;0;0;0;0;0;0;0
FR;6;2021-10-28;0;0;0;0;0;0;0;0;0;0
FR;6;2021-10-29;0;0;0;0;0;0;0;0;0;0
FR;6;2021-10-30;0;0;0;0;0;0;0;0;0;0
FR;6;2021-10-31;0;0;0;0;0;0;0;0;0;0
FR;6;2021-11-01;0;0;0;0;0;0;0;0;0;0
FR;6;2021-11-02;0;0;0;0;0;0;0;0;0;0
FR;6;2021-11-03;0;0;0;0;0;0;0;0;0;0
FR;6;2021-11-04;0;0;0;0;0;0;0;0;0;0
FR;6;2021-11-05;0;0;0;0;0;0;0;0;0;0
FR;6;2021-11-06;0;0;0;0;0;0;0;0;0;0
FR;6;2021-11-07;0;0;0;0;0;0;0;0;0;0
FR;6;2021-11-08;0;0;0;0;0;0;0;0;0;0
FR;6;2021-11-09;0;0;0;0;0;0;0;0;0;0
FR;6;2021-11-10;0;0;0;0;0;0;0;0;0;0
FR;6;2021-11-11;0;0;0;0;0;0;0;0;0;0
FR;6;2021-11-12;0;0;0;0;0;0;0;0;0;0
FR;6;2021-11-13;0;0;0;0;0;0;0;0;0;0
FR;6;2021-11-14;0;0;0;0;0;0;0;0;0;0
FR;6;2021-11-15;0;0;0;0;0;0;0;0;0;0
FR;6;2021-11-16;0;0;0;0;0;0;0;0;0;0
FR;6;2021-11-17;0;0;0;0;0;0;0;0;0;0
FR;6;2021-11-18;0;0;0;0;0;0;0;0;0;0
FR;6;2021-11-19;0;0;0;0;0;0;0;0;0;0
FR;6;2021-11-20;0;0;0;0;0;0;0;0;0;0
FR;6;2021-11-21;0;0;0;0;0;0;0;0;0;0
FR;6;2021-11-22;0;0;0;0;0;0;0;0;0;0
FR;6;2021-11-23;0;0;0;0;0;0;0;0;0;0
FR;6;2021-11-24;0;0;0;0;0;0;0;0;0;0
FR;6;2021-11-25;0;0;0;0;0;0;0;0;0;0
FR;6;2021-11-26;0;0;0;0;0;0;0;0;0;0
FR;6;2021-11-27;0;0;0;0;0;0;0;0;0;0
FR;6;2021-11-28;0;0;0;0;0;0;0;0;0;0
FR;6;2021-11-29;0;0;0;0;0;0;0;0;0;0
FR;6;2021-11-30;0;0;0;0;0;0;0;0;0;0
FR;6;2021-12-01;0;0;0;0;0;0;0;0;0;0
FR;6;2021-12-02;0;0;0;0;0;0;0;0;0;0
FR;6;2021-12-03;0;0;0;0;0;0;0;0;0;0
FR;6;2021-12-04;0;0;0;0;0;0;0;0;0;0
FR;6;2021-12-05;0;0;0;0;0;0;0;0;0;0
FR;6;2021-12-06;0;0;0;0;0;0;0;0;0;0
FR;6;2021-12-07;0;0;0;0;0;0;0;0;0;0
FR;6;2021-12-08;0;0;0;0;0;0;0;0;0;0
FR;6;2021-12-09;0;0;0;0;0;0;0;0;0;0
FR;6;2021-12-10;0;0;0;0;0;0;0;0;0;0
FR;6;2021-12-11;0;0;0;0;0;0;0;0;0;0
FR;6;2021-12-12;0;0;0;0;0;0;0;0;0;0
FR;6;2021-12-13;0;0;0;0;0;0;0;0;0;0
FR;6;2021-12-14;0;0;0;0;0;0;0;0;0;0
FR;6;2021-12-15;0;0;0;0;0;0;0;0;0;0
FR;6;2021-12-16;0;0;0;0;0;0;0;0;0;0
FR;6;2021-12-17;0;0;0;0;0;0;0;0;0;0
FR;6;2021-12-18;0;0;0;0;0;0;0;0;0;0
FR;6;2021-12-19;0;0;0;0;0;0;0;0;0;0
FR;6;2021-12-20;0;0;0;0;0;0;0;0;0;0
FR;6;2021-12-21;0;0;0;0;0;0;0;0;0;0
FR;6;2021-12-22;0;0;0;0;0;0;0;0;0;0
FR;6;2021-12-23;0;0;0;0;0;0;0;0;0;0
FR;6;2021-12-24;0;0;0;0;0;0;0;0;0;0
FR;6;2021-12-25;0;0;0;0;0;0;0;0;0;0
FR;6;2021-12-26;0;0;0;0;0;0;0;0;0;0
FR;6;2021-12-27;0;0;0;0;0;0;0;0;0;0
FR;6;2021-12-28;0;0;0;0;0;0;0;0;0;0
FR;6;2021-12-29;0;0;0;0;0;0;0;0;0;0
FR;6;2021-12-30;0;0;0;0;0;0;0;0;0;0
FR;6;2021-12-31;0;0;0;0;0;0;0;0;0;0
FR;6;2022-01-01;0;0;0;0;0;0;0;0;0;0
FR;6;2022-01-02;0;0;0;0;0;0;0;0;0;0
FR;6;2022-01-03;0;0;0;0;0;0;0;0;0;0
FR;6;2022-01-04;0;0;0;0;0;0;0;0;0;0
FR;6;2022-01-05;0;0;0;0;0;0;0;0;0;0
FR;6;2022-01-06;0;0;0;0;0;0;0;0;0;0
FR;6;2022-01-07;0;0;0;0;0;0;0;0;0;0
FR;6;2022-01-08;0;0;0;0;0;0;0;0;0;0
FR;6;2022-01-09;0;0;0;0;0;0;0;0;0;0
FR;6;2022-01-10;0;0;0;0;0;0;0;0;0;0
FR;6;2022-01-11;0;0;0;0;0;0;0;0;0;0
FR;6;2022-01-12;0;0;0;0;0;0;0;0;0;0
FR;6;2022-01-13;0;0;0;0;0;0;0;0;0;0
FR;6;2022-01-14;0;0;0;0;0;0;0;0;0;0
FR;6;2022-01-15;0;0;0;0;0;0;0;0;0;0
FR;6;2022-01-16;0;0;0;0;0;0;0;0;0;0
FR;6;2022-01-17;0;0;0;0;0;0;0;0;0;0
FR;6;2022-01-18;0;0;0;0;0;0;0;0;0;0
FR;6;2022-01-19;0;0;0;0;0;0;0;0;0;0
FR;6;2022-01-20;0;0;0;0;0;0;0;0;0;0
FR;6;2022-01-21;0;0;0;0;0;0;0;0;0;0
FR;6;2022-01-22;0;0;0;0;0;0;0;0;0;0
FR;6;2022-01-23;0;0;0;0;0;0;0;0;0;0
FR;6;2022-01-24;0;0;0;0;0;0;0;0;0;0
FR;6;2022-01-25;0;0;0;0;0;0;0;0;0;0
FR;6;2022-01-26;0;0;0;0;0;0;0;0;0;0
FR;6;2022-01-27;0;0;0;0;0;0;0;0;0;0
FR;6;2022-01-28;0;0;0;0;0;0;0;0;0;0
FR;6;2022-01-29;0;0;0;0;0;0;0;0;0;0
FR;6;2022-01-30;0;0;0;0;0;0;0;0;0;0
FR;6;2022-01-31;0;0;0;0;0;0;0;0;0;0
FR;6;2022-02-01;0;0;0;0;0;0;0;0;0;0
FR;6;2022-02-02;0;0;0;0;0;0;0;0;0;0
FR;6;2022-02-03;0;0;0;0;0;0;0;0;0;0
FR;6;2022-02-04;0;0;0;0;0;0;0;0;0;0
FR;6;2022-02-05;0;0;0;0;0;0;0;0;0;0
FR;6;2022-02-06;0;0;0;0;0;0;0;0;0;0
FR;6;2022-02-07;0;0;0;0;0;0;0;0;0;0
FR;6;2022-02-08;0;0;0;0;0;0;0;0;0;0
FR;6;2022-02-09;0;0;0;0;0;0;0;0;0;0
FR;6;2022-02-10;0;0;0;0;0;0;0;0;0;0
FR;6;2022-02-11;0;0;0;0;0;0;0;0;0;0
FR;6;2022-02-12;0;0;0;0;0;0;0;0;0;0
FR;6;2022-02-13;0;0;0;0;0;0;0;0;0;0
FR;6;2022-02-14;0;0;0;0;0;0;0;0;0;0
FR;6;2022-02-15;0;0;0;0;0;0;0;0;0;0
FR;6;2022-02-16;0;0;0;0;0;0;0;0;0;0
FR;6;2022-02-17;0;0;0;0;0;0;0;0;0;0
FR;6;2022-02-18;0;0;0;0;0;0;0;0;0;0
FR;6;2022-02-19;0;0;0;0;0;0;0;0;0;0
FR;6;2022-02-20;0;0;0;0;0;0;0;0;0;0
FR;6;2022-02-21;0;0;0;0;0;0;0;0;0;0
FR;6;2022-02-22;0;0;0;0;0;0;0;0;0;0
FR;6;2022-02-23;0;0;0;0;0;0;0;0;0;0
FR;6;2022-02-24;0;0;0;0;0;0;0;0;0;0
FR;6;2022-02-25;0;0;0;0;0;0;0;0;0;0
FR;6;2022-02-26;1;0;0;0;0;1;0;0;0;0
FR;6;2022-02-27;0;0;0;0;0;1;0;0;0;0
FR;6;2022-02-28;0;0;0;0;0;1;0;0;0;0
FR;6;2022-03-01;3;0;0;0;0;4;0;0;0;0
FR;6;2022-03-02;97;9;2;0;7;101;9;2;0;7
FR;6;2022-03-03;0;0;0;0;0;101;9;2;0;7
FR;6;2022-03-04;91;4;0;0;4;192;13;2;0;11
FR;6;2022-03-05;391;23;2;0;14;583;36;4;0;25
FR;6;2022-03-06;7;1;0;0;0;590;37;4;0;25
FR;6;2022-03-07;337;19;0;0;13;927;56;4;0;38
FR;6;2022-03-08;230;14;0;0;5;1157;70;4;0;43
FR;6;2022-03-09;519;29;2;0;21;1676;99;6;0;64
FR;6;2022-03-10;206;19;0;1;12;1882;118;6;1;76
FR;6;2022-03-11;328;21;6;0;21;2210;139;12;1;97
FR;6;2022-03-12;518;25;1;0;20;2728;164;13;1;117
FR;6;2022-03-13;40;2;0;0;1;2768;166;13;1;118
FR;6;2022-03-14;201;4;2;0;3;2969;170;15;1;121
FR;6;2022-03-15;112;11;2;0;9;3081;181;17;1;130
FR;6;2022-03-16;310;17;1;1;14;3391;198;18;2;144
FR;6;2022-03-17;117;6;1;2;4;3508;204;19;4;148
FR;6;2022-03-18;215;10;0;0;6;3723;214;19;4;154
FR;6;2022-03-19;307;19;2;0;9;4030;233;21;4;163
FR;6;2022-03-20;15;5;0;0;1;4045;238;21;4;164
FR;6;2022-03-21;132;23;1;0;4;4177;261;22;4;168
FR;6;2022-03-22;97;15;0;0;4;4274;276;22;4;172
FR;6;2022-03-23;226;108;3;0;14;4500;384;25;4;186
FR;6;2022-03-24;100;15;1;3;4;4600;399;26;7;190
FR;6;2022-03-25;203;141;2;1;15;4803;540;28;8;205
FR;6;2022-03-26;331;295;7;1;19;5134;835;35;9;224
FR;6;2022-03-27;32;30;1;0;1;5166;865;36;9;225
FR;6;2022-03-28;200;208;8;1;17;5366;1073;44;10;242
FR;6;2022-03-29;126;189;12;2;12;5492;1262;56;12;254
FR;6;2022-03-30;305;476;10;2;22;5797;1738;66;14;276
FR;6;2022-03-31;124;140;10;0;14;5921;1878;76;14;290
FR;6;2022-04-01;195;150;11;2;23;6116;2028;87;16;313
FR;6;2022-04-02;205;241;9;1;13;6321;2269;96;17;326
FR;6;2022-04-03;17;21;0;0;1;6338;2290;96;17;327
FR;6;2022-04-04;132;114;6;1;9;6470;2404;102;18;336
FR;6;2022-04-05;145;88;15;1;11;6615;2492;117;19;347
FR;6;2022-04-06;204;245;22;26;27;6819;2737;139;45;374
FR;6;2022-04-07;127;96;15;9;17;6946;2833;154;54;391
FR;6;2022-04-08;199;170;16;3;17;7145;3003;170;57;408
FR;6;2022-04-09;145;139;6;12;13;7290;3142;176;69;421
FR;6;2022-04-10;10;20;3;0;1;7300;3162;179;69;422
FR;6;2022-04-11;101;106;4;0;5;7401;3268;183;69;427
FR;6;2022-04-12;136;75;5;8;10;7537;3343;188;77;437
FR;6;2022-04-13;161;175;7;5;13;7698;3518;195;82;450
FR;6;2022-04-14;100;103;5;10;8;7798;3621;200;92;458
FR;6;2022-04-15;160;148;11;7;19;7958;3769;211;99;477
FR;6;2022-04-16;127;132;5;0;14;8085;3901;216;99;491
FR;6;2022-04-17;8;9;4;0;4;8093;3910;220;99;495
FR;6;2022-04-18;8;15;3;0;4;8101;3925;223;99;499
FR;6;2022-04-19;97;112;4;3;3;8198;4037;227;102;502
FR;6;2022-04-20;173;227;8;7;15;8371;4264;235;109;517
FR;6;2022-04-21;111;93;8;4;11;8482;4357;243;113;528
FR;6;2022-04-22;138;160;13;12;13;8620;4517;256;125;541
FR;6;2022-04-23;106;129;1;1;7;8726;4646;257;126;548
FR;6;2022-04-24;5;21;1;0;0;8731;4667;258;126;548
FR;6;2022-04-25;90;128;3;8;11;8821;4795;261;134;559
FR;6;2022-04-26;101;128;18;2;16;8922;4923;279;136;575
FR;6;2022-04-27;197;159;21;1;27;9119;5082;300;137;602
FR;6;2022-04-28;109;87;7;1;8;9228;5169;307;138;610
FR;6;2022-04-29;191;168;16;2;20;9419;5337;323;140;630
FR;6;2022-04-30;133;125;7;1;24;9552;5462;330;141;654
FR;6;2022-05-01;7;6;0;0;0;9559;5468;330;141;654
FR;6;2022-05-02;94;65;3;4;3;9653;5533;333;145;657
FR;6;2022-05-03;137;92;11;2;7;9790;5625;344;147;664
FR;6;2022-05-04;167;118;25;12;29;9957;5743;369;159;693
FR;6;2022-05-05;101;70;8;3;12;10058;5813;377;162;705
FR;6;2022-05-06;152;110;10;9;16;10210;5923;387;171;721
FR;6;2022-05-07;138;93;13;3;23;10348;6016;400;174;744
FR;6;2022-05-08;20;8;6;5;7;10368;6024;406;179;751
FR;6;2022-05-09;86;73;9;7;13;10454;6097;415;186;764
FR;6;2022-05-10;111;80;15;7;12;10565;6177;430;193;776
FR;6;2022-05-11;130;120;11;14;20;10695;6297;441;207;796
FR;6;2022-05-12;105;76;7;5;15;10800;6373;448;212;811
FR;6;2022-05-13;154;95;17;21;20;10954;6468;465;233;831
FR;6;2022-05-14;81;60;6;7;15;11035;6528;471;240;846
FR;6;2022-05-15;12;7;0;0;0;11047;6535;471;240;846
FR;6;2022-05-16;64;54;6;2;12;11111;6589;477;242;858
FR;6;2022-05-17;123;77;5;7;11;11234;6666;482;249;869
FR;6;2022-05-18;131;116;5;1;13;11365;6782;487;250;882
FR;6;2022-05-19;124;57;6;8;9;11489;6839;493;258;891
FR;6;2022-05-20;127;115;13;3;18;11616;6954;506;261;909
FR;6;2022-05-21;92;69;14;3;12;11708;7023;520;264;921
FR;6;2022-05-22;19;12;5;0;4;11727;7035;525;264;925
FR;6;2022-05-23;77;72;4;2;7;11804;7107;529;266;932
FR;6;2022-05-24;116;98;8;2;16;11920;7205;537;268;948
FR;6;2022-05-25;139;129;6;3;11;12059;7334;543;271;959
FR;6;2022-05-26;7;9;3;0;9;12066;7343;546;271;968
FR;6;2022-05-27;127;105;15;11;18;12193;7448;561;282;986
FR;6;2022-05-28;52;75;1;5;8;12245;7523;562;287;994
FR;6;2022-05-29;8;10;0;0;1;12253;7533;562;287;995
FR;6;2022-05-30;70;70;7;4;4;12323;7603;569;291;999
FR;6;2022-05-31;87;102;10;2;14;12410;7705;579;293;1013
FR;6;2022-06-01;97;89;10;1;11;12507;7794;589;294;1024
FR;6;2022-06-02;88;60;6;3;9;12595;7854;595;297;1033
FR;6;2022-06-03;125;102;13;7;21;12720;7956;608;304;1054
FR;6;2022-06-04;62;51;10;0;12;12782;8007;618;304;1066
FR;6;2022-06-05;16;15;2;1;4;12798;8022;620;305;1070
FR;6;2022-06-06;9;6;0;0;0;12807;8028;620;305;1070
FR;6;2022-06-07;78;90;3;4;8;12885;8118;623;309;1078
FR;6;2022-06-08;92;110;13;5;20;12977;8228;636;314;1098
FR;6;2022-06-09;75;81;15;3;15;13052;8309;651;317;1113
FR;6;2022-06-10;116;92;26;9;22;13168;8401;677;326;1135
FR;6;2022-06-11;82;62;6;10;12;13250;8463;683;336;1147
FR;6;2022-06-12;6;14;1;0;2;13256;8477;684;336;1149
FR;6;2022-06-13;73;59;18;1;7;13329;8536;702;337;1156
FR;6;2022-06-14;98;100;7;5;16;13427;8636;709;342;1172
FR;6;2022-06-15;80;85;7;8;15;13507;8721;716;350;1187
FR;6;2022-06-16;53;40;11;7;14;13560;8761;727;357;1201
FR;6;2022-06-17;85;81;3;13;11;13645;8842;730;370;1212
FR;6;2022-06-18;72;60;12;0;20;13717;8902;742;370;1232
FR;6;2022-06-19;6;6;3;0;4;13723;8908;745;370;1236
FR;6;2022-06-20;40;41;3;1;5;13763;8949;748;371;1241
FR;6;2022-06-21;59;72;7;7;14;13822;9021;755;378;1255
FR;6;2022-06-22;83;84;8;2;17;13905;9105;763;380;1272
FR;6;2022-06-23;63;39;13;7;15;13968;9144;776;387;1287
FR;6;2022-06-24;70;82;6;14;16;14038;9226;782;401;1303
FR;6;2022-06-25;65;60;4;2;8;14103;9286;786;403;1311
FR;6;2022-06-26;5;7;1;0;1;14108;9293;787;403;1312
FR;6;2022-06-27;51;46;4;9;11;14159;9339;791;412;1323
FR;6;2022-06-28;67;46;5;3;15;14226;9385;796;415;1338
FR;6;2022-06-29;97;116;26;37;19;14323;9501;822;452;1357
FR;6;2022-06-30;82;58;31;9;10;14405;9559;853;461;1367
FR;0;2020-12-27;606;0;0;0;0;606;0;0;0;0
FR;0;2020-12-28;672;1;0;0;0;1278;1;0;0;0
FR;0;2020-12-29;374;0;0;0;0;1652;1;0;0;0
FR;0;2020-12-30;441;0;0;0;0;2093;1;0;0;0
FR;0;2020-12-31;438;1;0;0;0;2531;2;0;0;0
FR;0;2021-01-01;1140;2;0;0;0;3671;4;0;0;0
FR;0;2021-01-02;360;3;0;0;0;4031;7;0;0;0
FR;0;2021-01-03;402;0;0;0;0;4433;7;0;0;0
FR;0;2021-01-04;2095;3;0;0;0;6528;10;0;0;0
FR;0;2021-01-05;7735;3;0;0;0;14263;13;0;0;0
FR;0;2021-01-06;12450;14;0;0;0;26713;27;0;0;0
FR;0;2021-01-07;29453;12;0;0;0;56166;39;0;0;0
FR;0;2021-01-08;37133;12;0;0;0;93299;51;0;0;0
FR;0;2021-01-09;11210;6;0;0;0;104509;57;0;0;0
FR;0;2021-01-10;6000;4;0;0;0;110509;61;0;0;0
FR;0;2021-01-11;39925;19;0;0;0;150434;80;0;0;0
FR;0;2021-01-12;62128;16;0;0;0;212562;96;0;0;0
FR;0;2021-01-13;65113;32;0;0;0;277675;128;0;0;0
FR;0;2021-01-14;83120;101;0;0;0;360795;229;0;0;0
FR;0;2021-01-15;68997;36;0;0;0;429792;265;0;0;0
FR;0;2021-01-16;20210;69;0;0;0;450002;334;0;0;0
FR;0;2021-01-17;10979;50;0;0;0;460981;384;0;0;0
FR;0;2021-01-18;85888;164;0;0;0;546869;548;0;0;0
FR;0;2021-01-19;130587;175;0;0;0;677456;723;0;0;0
FR;0;2021-01-20;137533;182;0;0;0;814989;905;0;0;0
FR;0;2021-01-21;158390;168;0;0;0;973379;1073;0;0;0
FR;0;2021-01-22;121051;216;0;0;0;1094430;1289;0;0;0
FR;0;2021-01-23;38471;67;0;0;0;1132901;1356;0;0;0
FR;0;2021-01-24;9741;81;0;0;0;1142642;1437;0;0;0
FR;0;2021-01-25;78227;1294;0;0;0;1220869;2731;0;0;0
FR;0;2021-01-26;100368;3323;1;0;0;1321237;6054;1;0;0
FR;0;2021-01-27;107231;5978;0;0;0;1428468;12032;1;0;0
FR;0;2021-01-28;124338;15190;0;0;0;1552806;27222;1;0;0
FR;0;2021-01-29;92174;17839;0;0;0;1644980;45061;1;0;0
FR;0;2021-01-30;29114;4346;0;0;0;1674094;49407;1;0;0
FR;0;2021-01-31;5230;1757;0;0;0;1679324;51164;1;0;0
FR;0;2021-02-01;53108;21675;0;0;0;1732432;72839;1;0;0
FR;0;2021-02-02;72290;36065;0;0;0;1804722;108904;1;0;0
FR;0;2021-02-03;72297;38381;0;0;0;1877019;147285;1;0;0
FR;0;2021-02-04;82058;52100;0;0;0;1959077;199385;1;0;0
FR;0;2021-02-05;68220;46337;0;0;0;2027297;245722;1;0;0
FR;0;2021-02-06;23077;10843;0;0;0;2050374;256565;1;0;0
FR;0;2021-02-07;5184;5407;0;0;0;2055558;261972;1;0;0
FR;0;2021-02-08;46828;47130;0;0;0;2102386;309102;1;0;0
FR;0;2021-02-09;65995;75130;0;0;0;2168381;384232;1;0;0
FR;0;2021-02-10;70994;79898;0;0;0;2239375;464130;1;0;0
FR;0;2021-02-11;87257;101914;0;0;0;2326632;566044;1;0;0
FR;0;2021-02-12;79301;75145;0;0;0;2405933;641189;1;0;0
FR;0;2021-02-13;22362;19508;0;0;0;2428295;660697;1;0;0
FR;0;2021-02-14;5072;7293;0;0;0;2433367;667990;1;0;0
FR;0;2021-02-15;38075;76643;0;0;0;2471442;744633;1;0;0
FR;0;2021-02-16;50380;100541;0;0;0;2521822;845174;1;0;0
FR;0;2021-02-17;50514;105070;6;0;0;2572336;950244;7;0;0
FR;0;2021-02-18;69768;121005;0;0;0;2642104;1071249;7;0;0
FR;0;2021-02-19;65054;91197;1;0;0;2707158;1162446;8;0;0
FR;0;2021-02-20;18578;28600;0;0;0;2725736;1191046;8;0;0
FR;0;2021-02-21;3316;6259;0;0;0;2729052;1197305;8;0;0
FR;0;2021-02-22;37490;73261;2;0;0;2766542;1270566;10;0;0
FR;0;2021-02-23;53768;84535;1;0;0;2820310;1355101;11;0;0
FR;0;2021-02-24;59989;81922;1;0;0;2880299;1437023;12;0;0
FR;0;2021-02-25;100554;91456;1;0;0;2980853;1528479;13;0;0
FR;0;2021-02-26;113439;70692;1;0;0;3094292;1599171;14;0;0
FR;0;2021-02-27;52092;22176;1;0;0;3146384;1621347;15;0;0
FR;0;2021-02-28;6193;4245;2;0;0;3152577;1625592;17;0;0
FR;0;2021-03-01;65849;53380;1;0;0;3218426;1678972;18;0;0
FR;0;2021-03-02;101361;66746;2;0;0;3319787;1745718;20;0;0
FR;0;2021-03-03;116489;65506;0;0;0;3436276;1811224;20;0;0
FR;0;2021-03-04;163600;70642;3;0;0;3599876;1881866;23;0;0
FR;0;2021-03-05;200896;62984;3;0;0;3800772;1944850;26;0;0
FR;0;2021-03-06;207938;17706;3;0;0;4008710;1962556;29;0;0
FR;0;2021-03-07;121261;4859;1;0;0;4129971;1967415;30;0;0
FR;0;2021-03-08;107126;50200;2;0;0;4237097;2017615;32;0;0
FR;0;2021-03-09;172434;56429;2;0;0;4409531;2074044;34;0;0
FR;0;2021-03-10;178956;57093;5;0;0;4588487;2131137;39;0;0
FR;0;2021-03-11;242847;63614;2;0;0;4831334;2194751;41;0;0
FR;0;2021-03-12;294791;53358;1;0;0;5126125;2248109;42;0;0
FR;0;2021-03-13;231382;15323;1;0;0;5357507;2263432;43;0;0
FR;0;2021-03-14;63344;3238;1;0;0;5420851;2266670;44;0;0
FR;0;2021-03-15;158619;32086;3;0;0;5579470;2298756;47;0;0
FR;0;2021-03-16;141551;39099;6;0;0;5721021;2337855;53;0;0
FR;0;2021-03-17;150458;38154;4;0;0;5871479;2376009;57;0;0
FR;0;2021-03-18;167801;44528;5;0;0;6039280;2420537;62;0;0
FR;0;2021-03-19;229978;37089;2;0;0;6269258;2457626;64;0;0
FR;0;2021-03-20;166653;11545;1;0;0;6435911;2469171;65;0;0
FR;0;2021-03-21;49923;2422;1;0;0;6485834;2471593;66;0;0
FR;0;2021-03-22;170010;33922;2;0;0;6655844;2505515;68;0;0
FR;0;2021-03-23;250344;42368;1;0;0;6906188;2547883;69;0;0
FR;0;2021-03-24;256871;43622;0;0;0;7163059;2591505;69;0;0
FR;0;2021-03-25;341784;44896;5;0;0;7504843;2636401;74;0;0
FR;0;2021-03-26;358767;41871;4;1;0;7863610;2678272;78;1;0
FR;0;2021-03-27;195244;16769;1;0;0;8058854;2695041;79;1;0
FR;0;2021-03-28;59329;4111;3;0;0;8118183;2699152;82;1;0
FR;0;2021-03-29;202945;53865;4;0;0;8321128;2753017;86;1;0
FR;0;2021-03-30;285450;69733;4;0;0;8606578;2822750;90;1;0
FR;0;2021-03-31;262992;73368;4;0;0;8869570;2896118;94;1;0
FR;0;2021-04-01;315422;89802;11;0;0;9184992;2985920;105;1;0
FR;0;2021-04-02;281300;93075;7;0;0;9466292;3078995;112;1;0
FR;0;2021-04-03;141056;62029;5;0;0;9607348;3141024;117;1;0
FR;0;2021-04-04;46514;18763;2;0;0;9653862;3159787;119;1;0
FR;0;2021-04-05;63316;10746;11;0;0;9717178;3170533;130;1;0
FR;0;2021-04-06;217172;109792;17;0;0;9934350;3280325;147;1;0
FR;0;2021-04-07;260223;115372;17;0;0;10194573;3395697;164;1;0
FR;0;2021-04-08;337771;121978;14;0;0;10532344;3517675;178;1;0
FR;0;2021-04-09;410099;116463;49;0;0;10942443;3634138;227;1;0
FR;0;2021-04-10;212594;82677;15;0;0;11155037;3716815;242;1;0
FR;0;2021-04-11;56130;34379;7;0;0;11211167;3751194;249;1;0
FR;0;2021-04-12;237026;115348;45;0;0;11448193;3866542;294;1;0
FR;0;2021-04-13;309438;144399;98;1;0;11757631;4010941;392;2;0
FR;0;2021-04-14;294482;139366;214;0;0;12052113;4150307;606;2;0
FR;0;2021-04-15;337040;148759;338;0;0;12389153;4299066;944;2;0
FR;0;2021-04-16;339239;146043;353;0;0;12728392;4445109;1297;2;0
FR;0;2021-04-17;188633;89982;109;0;0;12917025;4535091;1406;2;0
FR;0;2021-04-18;51610;35360;47;0;0;12968635;4570451;1453;2;0
FR;0;2021-04-19;205653;138186;456;0;0;13174288;4708637;1909;2;0
FR;0;2021-04-20;254366;171055;569;0;0;13428654;4879692;2478;2;0
FR;0;2021-04-21;253203;169263;834;0;0;13681857;5048955;3312;2;0
FR;0;2021-04-22;287509;188999;818;0;0;13969366;5237954;4130;2;0
FR;0;2021-04-23;297894;183543;747;0;0;14267260;5421497;4877;2;0
FR;0;2021-04-24;190427;111612;252;0;0;14457687;5533109;5129;2;0
FR;0;2021-04-25;69548;38763;51;0;0;14527235;5571872;5180;2;0
FR;0;2021-04-26;220917;156608;560;0;0;14748152;5728480;5740;2;0
FR;0;2021-04-27;284564;187443;940;0;0;15032716;5915923;6680;2;0
FR;0;2021-04-28;299464;183464;1423;1;1;15332180;6099387;8103;3;1
FR;0;2021-04-29;357080;196802;1277;0;0;15689260;6296189;9380;3;1
FR;0;2021-04-30;372160;184984;1120;1;0;16061420;6481173;10500;4;1
FR;0;2021-05-01;167615;52484;178;0;0;16229035;6533657;10678;4;1
FR;0;2021-05-02;91717;37758;83;0;0;16320752;6571415;10761;4;1
FR;0;2021-05-03;288881;167895;840;0;0;16609633;6739310;11601;4;1
FR;0;2021-05-04;315623;224538;1231;0;0;16925256;6963848;12832;4;1
FR;0;2021-05-05;327136;225004;1313;0;0;17252392;7188852;14145;4;1
FR;0;2021-05-06;379461;239674;1632;0;0;17631853;7428526;15777;4;1
FR;0;2021-05-07;372702;257512;1222;0;0;18004555;7686038;16999;4;1
FR;0;2021-05-08;222142;67998;299;0;0;18226697;7754036;17298;4;1
FR;0;2021-05-09;129685;46139;243;0;0;18356382;7800175;17541;4;1
FR;0;2021-05-10;313339;228915;1234;0;0;18669721;8029090;18775;4;1
FR;0;2021-05-11;403851;257905;1563;0;0;19073572;8286995;20338;4;1
FR;0;2021-05-12;434056;233204;1542;0;0;19507628;8520199;21880;4;1
FR;0;2021-05-13;338568;56882;430;0;0;19846196;8577081;22310;4;1
FR;0;2021-05-14;454071;167350;1124;0;0;20300267;8744431;23434;4;1
FR;0;2021-05-15;374938;94116;443;0;0;20675205;8838547;23877;4;1
FR;0;2021-05-16;202734;20753;168;0;0;20877939;8859300;24045;4;1
FR;0;2021-05-17;376086;148823;1552;0;0;21254025;9008123;25597;4;1
FR;0;2021-05-18;460096;153273;1987;0;0;21714121;9161396;27584;4;1
FR;0;2021-05-19;467344;144305;2458;0;0;22181465;9305701;30042;4;1
FR;0;2021-05-20;507481;160303;2333;0;0;22688946;9466004;32375;4;1
FR;0;2021-05-21;489621;174511;1988;0;0;23178567;9640515;34363;4;1
FR;0;2021-05-22;347161;79955;668;0;0;23525728;9720470;35031;4;1
FR;0;2021-05-23;161680;14359;246;0;0;23687408;9734829;35277;4;1
FR;0;2021-05-24;263160;33187;603;0;0;23950568;9768016;35880;4;1
FR;0;2021-05-25;400237;189507;2351;1;0;24350805;9957523;38231;5;1
FR;0;2021-05-26;413414;188922;2221;0;0;24764219;10146445;40452;5;1
FR;0;2021-05-27;449759;218976;2159;0;0;25213978;10365421;42611;5;1
FR;0;2021-05-28;429511;259678;1891;0;0;25643489;10625099;44502;5;1
FR;0;2021-05-29;298957;149567;583;0;0;25942446;10774666;45085;5;1
FR;0;2021-05-30;107128;32595;163;0;0;26049574;10807261;45248;5;1
FR;0;2021-05-31;357997;203320;1467;1;1;26407571;11010581;46715;6;2
FR;0;2021-06-01;430926;251241;1959;1;1;26838497;11261822;48674;7;3
FR;0;2021-06-02;419892;231074;1981;0;0;27258389;11492896;50655;7;3
FR;0;2021-06-03;465359;258356;1822;0;0;27723748;11751252;52477;7;3
FR;0;2021-06-04;455822;304862;1729;1;1;28179570;12056114;54206;8;4
FR;0;2021-06-05;304770;189052;652;0;0;28484340;12245166;54858;8;4
FR;0;2021-06-06;133280;49121;226;0;0;28617620;12294287;55084;8;4
FR;0;2021-06-07;339276;261848;1519;0;0;28956896;12556135;56603;8;4
FR;0;2021-06-08;393657;290885;1800;0;0;29350553;12847020;58403;8;4
FR;0;2021-06-09;384742;275149;1729;0;0;29735295;13122169;60132;8;4
FR;0;2021-06-10;404087;288556;1722;1;0;30139382;13410725;61854;9;4
FR;0;2021-06-11;386589;357028;1463;0;0;30525971;13767753;63317;9;4
FR;0;2021-06-12;283230;211218;492;0;0;30809201;13978971;63809;9;4
FR;0;2021-06-13;104867;73950;204;0;0;30914068;14052921;64013;9;4
FR;0;2021-06-14;240770;355323;1426;1;0;31154838;14408244;65439;10;4
FR;0;2021-06-15;308068;385427;1566;1;0;31462906;14793671;67005;11;4
FR;0;2021-06-16;313930;357654;1417;1;0;31776836;15151325;68422;12;4
FR;0;2021-06-17;317619;372582;1423;1;0;32094455;15523907;69845;13;4
FR;0;2021-06-18;321689;442475;1335;1;0;32416144;15966382;71180;14;4
FR;0;2021-06-19;224323;273775;448;0;0;32640467;16240157;71628;14;4
FR;0;2021-06-20;74387;102555;127;0;0;32714854;16342712;71755;14;4
FR;0;2021-06-21;195697;401855;1033;1;1;32910551;16744567;72788;15;5
FR;0;2021-06-22;223128;467421;1262;10;2;33133679;17211988;74050;25;7
FR;0;2021-06-23;233975;439885;1196;1;1;33367654;17651873;75246;26;8
FR;0;2021-06-24;241815;409589;1352;0;0;33609469;18061462;76598;26;8
FR;0;2021-06-25;227601;522330;1398;0;0;33837070;18583792;77996;26;8
FR;0;2021-06-26;153219;370770;586;1;0;33990289;18954562;78582;27;8
FR;0;2021-06-27;55879;156182;168;1;0;34046168;19110744;78750;28;8
FR;0;2021-06-28;154727;452835;1171;0;0;34200895;19563579;79921;28;8
FR;0;2021-06-29;182643;506952;2124;0;0;34383538;20070531;82045;28;8
FR;0;2021-06-30;203942;483596;2011;21;2;34587480;20554127;84056;49;10
FR;0;2021-07-01;231166;457863;2221;5;1;34818646;21011990;86277;54;11
FR;0;2021-07-02;228407;520182;2120;5;2;35047053;21532172;88397;59;13
FR;0;2021-07-03;141962;368738;909;3;1;35189015;21900910;89306;62;14
FR;0;2021-07-04;56698;141233;265;0;0;35245713;22042143;89571;62;14
FR;0;2021-07-05;168308;419241;1668;8;2;35414021;22461384;91239;70;16
FR;0;2021-07-06;196621;474759;1828;45;8;35610642;22936143;93067;115;24
FR;0;2021-07-07;213013;439256;1878;24;5;35823655;23375399;94945;139;29
FR;0;2021-07-08;231495;424173;2089;20;6;36055150;23799572;97034;159;35
FR;0;2021-07-09;228386;510899;2182;4;2;36283536;24310471;99216;163;37
FR;0;2021-07-10;148546;339879;982;1;1;36432082;24650350;100198;164;38
FR;0;2021-07-11;60157;110142;282;0;0;36492239;24760492;100480;164;38
FR;0;2021-07-12;169010;478156;1758;4;0;36661249;25238648;102238;168;38
FR;0;2021-07-13;287099;527333;2045;8;1;36948348;25765981;104283;176;39
FR;0;2021-07-14;180932;157683;434;0;0;37129280;25923664;104717;176;39
FR;0;2021-07-15;346945;502357;2098;1;0;37476225;26426021;106815;177;39
FR;0;2021-07-16;379963;495845;2022;3;1;37856188;26921866;108837;180;40
FR;0;2021-07-17;259664;319784;876;1;0;38115852;27241650;109713;181;40
FR;0;2021-07-18;109673;114755;310;0;0;38225525;27356405;110023;181;40
FR;0;2021-07-19;285349;424889;1628;3;0;38510874;27781294;111651;184;40
FR;0;2021-07-20;376770;452306;1722;0;0;38887644;28233600;113373;184;40
FR;0;2021-07-21;395660;407765;1549;4;2;39283304;28641365;114922;188;42
FR;0;2021-07-22;440933;388016;1715;4;2;39724237;29029381;116637;192;44
FR;0;2021-07-23;440182;423020;1880;4;2;40164419;29452401;118517;196;46
FR;0;2021-07-24;285192;269577;803;1;0;40449611;29721978;119320;197;46
FR;0;2021-07-25;121061;80024;230;0;0;40570672;29802002;119550;197;46
FR;0;2021-07-26;347302;323048;1615;3;2;40917974;30125050;121165;200;48
FR;0;2021-07-27;463941;320157;1696;4;2;41381915;30445207;122861;204;50
FR;0;2021-07-28;459337;289900;1634;4;2;41841252;30735107;124495;208;52
FR;0;2021-07-29;489714;276829;1794;2;1;42330966;31011936;126289;210;53
FR;0;2021-07-30;461675;302813;1937;5;2;42792641;31314749;128226;215;55
FR;0;2021-07-31;285357;185070;914;1;0;43077998;31499819;129140;216;55
FR;0;2021-08-01;111954;49987;253;0;0;43189952;31549806;129393;216;55
FR;0;2021-08-02;341267;234530;1599;2;0;43531219;31784336;130992;218;55
FR;0;2021-08-03;398467;244957;1718;2;1;43929686;32029293;132710;220;56
FR;0;2021-08-04;384702;210029;1591;6;3;44314388;32239322;134301;226;59
FR;0;2021-08-05;366025;228853;1709;0;0;44680413;32468175;136010;226;59
FR;0;2021-08-06;359611;271639;1835;4;1;45040024;32739814;137845;230;60
FR;0;2021-08-07;213056;178378;755;4;3;45253080;32918192;138600;234;63
FR;0;2021-08-08;74145;63233;270;0;0;45327225;32981425;138870;234;63
FR;0;2021-08-09;258621;259391;1544;4;3;45585846;33240816;140414;238;66
FR;0;2021-08-10;306702;277915;1657;2;1;45892548;33518731;142071;240;67
FR;0;2021-08-11;279604;260119;1441;5;1;46172152;33778850;143512;245;68
FR;0;2021-08-12;271438;278583;1661;3;1;46443590;34057433;145173;248;69
FR;0;2021-08-13;252068;278005;1591;3;2;46695658;34335438;146764;251;71
FR;0;2021-08-14;145300;197302;739;0;0;46840958;34532740;147503;251;71
FR;0;2021-08-15;39326;50115;216;1;0;46880284;34582855;147719;252;71
FR;0;2021-08-16;186086;318068;1539;0;0;47066370;34900923;149258;252;71
FR;0;2021-08-17;215591;336462;1635;7;1;47281961;35237385;150893;259;72
FR;0;2021-08-18;198977;324744;1596;7;4;47480938;35562129;152489;266;76
FR;0;2021-08-19;191938;325773;1637;1;0;47672876;35887902;154126;267;76
FR;0;2021-08-20;186388;366438;1815;3;2;47859264;36254340;155941;270;78
FR;0;2021-08-21;104772;238153;704;0;0;47964036;36492493;156645;270;78
FR;0;2021-08-22;31895;87204;254;1;1;47995931;36579697;156899;271;79
FR;0;2021-08-23;140916;357243;1561;3;1;48136847;36936940;158460;274;80
FR;0;2021-08-24;162424;376879;1847;5;1;48299271;37313819;160307;279;81
FR;0;2021-08-25;151084;350873;2030;8;3;48450355;37664692;162337;287;84
FR;0;2021-08-26;142792;342885;2555;10;1;48593147;38007577;164892;297;85
FR;0;2021-08-27;148387;388289;2791;11;3;48741534;38395866;167683;308;88
FR;0;2021-08-28;90627;249599;1404;0;0;48832161;38645465;169087;308;88
FR;0;2021-08-29;27305;83355;517;1;0;48859466;38728820;169604;309;88
FR;0;2021-08-30;117342;324877;4709;6;6009;48976808;39053697;174313;315;6097
FR;0;2021-08-31;128723;334603;10181;19;11848;49105531;39388300;184494;334;17945
FR;0;2021-09-01;135835;285704;22423;7;24342;49241366;39674004;206917;341;42287
FR;0;2021-09-02;113092;247311;26517;13;28900;49354458;39921315;233434;354;71187
FR;0;2021-09-03;118231;292728;29958;23;32983;49472689;40214043;263392;377;104170
FR;0;2021-09-04;89861;217757;12584;12;14089;49562550;40431800;275976;389;118259
FR;0;2021-09-05;21350;44858;4391;2;4733;49583900;40476658;280367;391;122992
FR;0;2021-09-06;75359;180749;31947;16;34246;49659259;40657407;312314;407;157238
FR;0;2021-09-07;80172;181263;33238;40;36154;49739431;40838670;345552;447;193392
FR;0;2021-09-08;90309;206197;29654;27;32479;49829740;41044867;375206;474;225871
FR;0;2021-09-09;76789;165410;33045;26;36548;49906529;41210277;408251;500;262419
FR;0;2021-09-10;95794;203739;35721;27;40542;50002323;41414016;443972;527;302961
FR;0;2021-09-11;66988;169249;12136;19;14333;50069311;41583265;456108;546;317294
FR;0;2021-09-12;12810;32085;2768;1;3160;50082121;41615350;458876;547;320454
FR;0;2021-09-13;64441;126344;41215;33;44097;50146562;41741694;500091;580;364551
FR;0;2021-09-14;73387;129144;56349;79;62142;50219949;41870838;556440;659;426693
FR;0;2021-09-15;76480;167893;55638;58;54799;50296429;42038731;612078;717;481492
FR;0;2021-09-16;63786;114583;60046;84;60050;50360215;42153314;672124;801;541542
FR;0;2021-09-17;75009;156868;53832;71;57251;50435224;42310182;725956;872;598793
FR;0;2021-09-18;48203;139608;15600;25;17297;50483427;42449790;741556;897;616090
FR;0;2021-09-19;7871;23711;2435;1;2619;50491298;42473501;743991;898;618709
FR;0;2021-09-20;44487;93923;50032;73;50271;50535785;42567424;794023;971;668980
FR;0;2021-09-21;45839;98460;62739;76;63404;50581624;42665884;856762;1047;732384
FR;0;2021-09-22;48636;142334;55340;83;55370;50630260;42808218;912102;1130;787754
FR;0;2021-09-23;43209;92040;62366;94;63496;50673469;42900258;974468;1224;851250
FR;0;2021-09-24;52259;133335;54535;109;59127;50725728;43033593;1029003;1333;910377
FR;0;2021-09-25;35200;115566;16267;37;18265;50760928;43149159;1045270;1370;928642
FR;0;2021-09-26;5530;17810;2268;5;2330;50766458;43166969;1047538;1375;930972
FR;0;2021-09-27;33938;76963;47180;97;48145;50800396;43243932;1094718;1472;979117
FR;0;2021-09-28;36478;75298;54946;88;56509;50836874;43319230;1149664;1560;1035626
FR;0;2021-09-29;44357;100833;53327;112;54826;50881231;43420063;1202991;1672;1090452
FR;0;2021-09-30;36282;72895;57019;96;59512;50917513;43492958;1260010;1768;1149964
FR;0;2021-10-01;61603;101343;57787;108;63744;50979116;43594301;1317797;1876;1213708
FR;0;2021-10-02;39433;78395;20953;38;23328;51018549;43672696;1338750;1914;1237036
FR;0;2021-10-03;5279;10523;2526;4;2540;51023828;43683219;1341276;1918;1239576
FR;0;2021-10-04;35092;58563;52610;84;54784;51058920;43741782;1393886;2002;1294360
FR;0;2021-10-05;33761;64349;60977;135;64951;51092681;43806131;1454863;2137;1359311
FR;0;2021-10-06;42591;79315;65710;113;68262;51135272;43885446;1520573;2250;1427573
FR;0;2021-10-07;30474;62192;65393;90;68689;51165746;43947638;1585966;2340;1496262
FR;0;2021-10-08;49060;91844;77726;110;84640;51214806;44039482;1663692;2450;1580902
FR;0;2021-10-09;33641;60906;31527;35;33877;51248447;44100388;1695219;2485;1614779
FR;0;2021-10-10;4674;7443;3187;9;3484;51253121;44107831;1698406;2494;1618263
FR;0;2021-10-11;30667;49877;61025;105;64024;51283788;44157708;1759431;2599;1682287
FR;0;2021-10-12;31534;54443;70579;140;75864;51315322;44212151;1830010;2739;1758151
FR;0;2021-10-13;40061;62843;74405;136;79271;51355383;44274994;1904415;2875;1837422
FR;0;2021-10-14;30263;52895;68733;116;73776;51385646;44327889;1973148;2991;1911198
FR;0;2021-10-15;44782;75297;93218;191;102920;51430428;44403186;2066366;3182;2014118
FR;0;2021-10-16;31291;44102;36685;44;39618;51461719;44447288;2103051;3226;2053736
FR;0;2021-10-17;3833;5268;3592;2;3688;51465552;44452556;2106643;3228;2057424
FR;0;2021-10-18;28550;42471;67474;133;71351;51494102;44495027;2174117;3361;2128775
FR;0;2021-10-19;27089;45019;76386;140;81617;51521191;44540046;2250503;3501;2210392
FR;0;2021-10-20;35259;52498;96921;181;101498;51556450;44592544;2347424;3682;2311890
FR;0;2021-10-21;25983;45210;83936;112;89127;51582433;44637754;2431360;3794;2401017
FR;0;2021-10-22;38226;62444;104871;200;112515;51620659;44700198;2536231;3994;2513532
FR;0;2021-10-23;26982;41233;45446;57;48611;51647641;44741431;2581677;4051;2562143
FR;0;2021-10-24;2912;4796;3679;6;3938;51650553;44746227;2585356;4057;2566081
FR;0;2021-10-25;25994;36339;82315;144;86623;51676547;44782566;2667671;4201;2652704
FR;0;2021-10-26;23701;35108;87221;166;92332;51700248;44817674;2754892;4367;2745036
FR;0;2021-10-27;30055;46431;108977;257;114646;51730303;44864105;2863869;4624;2859682
FR;0;2021-10-28;23521;34954;88671;153;94416;51753824;44899059;2952540;4777;2954098
FR;0;2021-10-29;31533;51485;117293;204;125285;51785357;44950544;3069833;4981;3079383
FR;0;2021-10-30;20542;33223;50327;76;53354;51805899;44983767;3120160;5057;3132737
FR;0;2021-10-31;2482;3744;3587;3;3871;51808381;44987511;3123747;5060;3136608
FR;0;2021-11-01;8305;4829;3203;3;3560;51816686;44992340;3126950;5063;3140168
FR;0;2021-11-02;25468;40111;93546;156;99498;51842154;45032451;3220496;5219;3239666
FR;0;2021-11-03;29913;47971;118857;218;125811;51872067;45080422;3339353;5437;3365477
FR;0;2021-11-04;23728;37518;107520;217;114348;51895795;45117940;3446873;5654;3479825
FR;0;2021-11-05;32316;52936;141601;234;151283;51928111;45170876;3588474;5888;3631108
FR;0;2021-11-06;21504;34592;64849;123;68251;51949615;45205468;3653323;6011;3699359
FR;0;2021-11-07;2384;4213;5184;6;5589;51951999;45209681;3658507;6017;3704948
FR;0;2021-11-08;20506;37839;127166;227;134240;51972505;45247520;3785673;6244;3839188
FR;0;2021-11-09;22281;44810;161645;341;172171;51994786;45292330;3947318;6585;4011359
FR;0;2021-11-10;31457;55119;186952;446;198709;52026243;45347449;4134270;7031;4210068
FR;0;2021-11-11;4436;6749;12938;28;13937;52030679;45354198;4147208;7059;4224005
FR;0;2021-11-12;29018;55126;183735;252;197296;52059697;45409324;4330943;7311;4421301
FR;0;2021-11-13;20329;32714;80682;118;86295;52080026;45442038;4411625;7429;4507596
FR;0;2021-11-14;2340;3923;7167;6;7869;52082366;45445961;4418792;7435;4515465
FR;0;2021-11-15;20413;38782;160809;313;171499;52102779;45484743;4579601;7748;4686964
FR;0;2021-11-16;23488;44068;200345;391;214932;52126267;45528811;4779946;8139;4901896
FR;0;2021-11-17;30403;50451;199797;407;212817;52156670;45579262;4979743;8546;5114713
FR;0;2021-11-18;23382;45168;191612;469;205460;52180052;45624430;5171355;9015;5320173
FR;0;2021-11-19;33577;61396;243152;548;262099;52213629;45685826;5414507;9563;5582272
FR;0;2021-11-20;25392;36777;102130;206;109684;52239021;45722603;5516637;9769;5691956
FR;0;2021-11-21;2626;4549;9644;19;10634;52241647;45727152;5526281;9788;5702590
FR;0;2021-11-22;22758;33365;180311;470;194779;52264405;45760517;5706592;10258;5897369
FR;0;2021-11-23;25591;45701;229328;548;247762;52289996;45806218;5935920;10806;6145131
FR;0;2021-11-24;31780;53845;224755;717;243169;52321776;45860063;6160675;11523;6388300
FR;0;2021-11-25;25470;49206;255864;739;277661;52347246;45909269;6416539;12262;6665961
FR;0;2021-11-26;33223;74871;379418;864;414552;52380469;45984140;6795957;13126;7080513
FR;0;2021-11-27;23381;49728;214871;389;236615;52403850;46033868;7010828;13515;7317128
FR;0;2021-11-28;3501;10575;56737;66;63342;52407351;46044443;7067565;13581;7380470
FR;0;2021-11-29;19395;54230;341410;863;371607;52426746;46098673;7408975;14444;7752077
FR;0;2021-11-30;24737;72163;457316;988;500681;52451483;46170836;7866291;15432;8252758
FR;0;2021-12-01;27120;75926;469014;1159;511234;52478603;46246762;8335305;16591;8763992
FR;0;2021-12-02;22046;71871;527013;1280;574741;52500649;46318633;8862318;17871;9338733
FR;0;2021-12-03;25511;92605;596280;1419;651029;52526160;46411238;9458598;19290;9989762
FR;0;2021-12-04;18304;60546;336180;690;369722;52544464;46471784;9794778;19980;10359484
FR;0;2021-12-05;4144;16254;95756;157;107058;52548608;46488038;9890534;20137;10466542
FR;0;2021-12-06;25601;73163;493063;1174;539871;52574209;46561201;10383597;21311;11006413
FR;0;2021-12-07;23402;91756;645283;1770;706227;52597611;46652957;11028880;23081;11712640
FR;0;2021-12-08;25390;92462;591483;1873;647411;52623001;46745419;11620363;24954;12360051
FR;0;2021-12-09;24022;94355;663006;2180;726285;52647023;46839774;12283369;27134;13086336
FR;0;2021-12-10;27982;111184;735967;2075;806029;52675005;46950958;13019336;29209;13892365
FR;0;2021-12-11;20238;76117;435136;986;480347;52695243;47027075;13454472;30195;14372712
FR;0;2021-12-12;5626;23297;142274;262;159226;52700869;47050372;13596746;30457;14531938
FR;0;2021-12-13;21313;91328;587542;1698;649220;52722182;47141700;14184288;32155;15181158
FR;0;2021-12-14;27772;118774;765423;2652;847421;52749954;47260474;14949711;34807;16028579
FR;0;2021-12-15;28304;114618;694222;2263;768971;52778258;47375092;15643933;37070;16797550
FR;0;2021-12-16;27989;116103;763928;2556;844333;52806247;47491195;16407861;39626;17641883
FR;0;2021-12-17;31587;128827;807780;2709;892012;52837834;47620022;17215641;42335;18533895
FR;0;2021-12-18;24920;81818;469924;1178;522188;52862754;47701840;17685565;43513;19056083
FR;0;2021-12-19;8749;28826;169360;376;191120;52871503;47730666;17854925;43889;19247203
FR;0;2021-12-20;31697;97607;591380;1787;658663;52903200;47828273;18446305;45676;19905866
FR;0;2021-12-21;39255;112451;682334;2390;759522;52942455;47940724;19128639;48066;20665388
FR;0;2021-12-22;39488;99716;575680;2167;642096;52981943;48040440;19704319;50233;21307484
FR;0;2021-12-23;33760;79828;440927;1654;494358;53015703;48120268;20145246;51887;21801842
FR;0;2021-12-24;10674;26169;110991;396;126660;53026377;48146437;20256237;52283;21928502
FR;0;2021-12-25;771;3544;7578;25;9033;53027148;48149981;20263815;52308;21937535
FR;0;2021-12-26;4698;11896;52082;141;60130;53031846;48161877;20315897;52449;21997665
FR;0;2021-12-27;30420;84148;453486;1365;509119;53062266;48246025;20769383;53814;22506784
FR;0;2021-12-28;38332;99161;564097;1767;632193;53100598;48345186;21333480;55581;23138977
FR;0;2021-12-29;39856;88543;501140;1686;560961;53140454;48433729;21834620;57267;23699938
FR;0;2021-12-30;35905;75327;420979;1519;471114;53176359;48509056;22255599;58786;24171052
FR;0;2021-12-31;12040;25204;116841;406;131626;53188399;48534260;22372440;59192;24302678
FR;0;2022-01-01;1455;3210;8503;37;9934;53189854;48537470;22380943;59229;24312612
FR;0;2022-01-02;6091;13015;58403;125;66946;53195945;48550485;22439346;59354;24379558
FR;0;2022-01-03;34437;90115;494738;1593;551574;53230382;48640600;22934084;60947;24931132
FR;0;2022-01-04;41265;111003;641293;2303;714258;53271647;48751603;23575377;63250;25645390
FR;0;2022-01-05;60603;103530;569068;1984;634088;53332250;48855133;24144445;65234;26279478
FR;0;2022-01-06;44173;110276;638911;2695;711370;53376423;48965409;24783356;67929;26990848
FR;0;2022-01-07;50754;123236;710926;2807;790398;53427177;49088645;25494282;70736;27781246
FR;0;2022-01-08;44984;80337;423790;1211;472857;53472161;49168982;25918072;71947;28254103
FR;0;2022-01-09;15598;26680;128551;300;145689;53487759;49195662;26046623;72247;28399792
FR;0;2022-01-10;35270;91601;469225;1811;522524;53523029;49287263;26515848;74058;28922316
FR;0;2022-01-11;41736;100504;548158;2307;608435;53564765;49387767;27064006;76365;29530751
FR;0;2022-01-12;60286;95690;452589;1966;504257;53625051;49483457;27516595;78331;30035008
FR;0;2022-01-13;38143;92464;487281;2084;540987;53663194;49575921;28003876;80415;30575995
FR;0;2022-01-14;42523;103329;568509;2286;628963;53705717;49679250;28572385;82701;31204958
FR;0;2022-01-15;39369;65866;340107;985;377561;53745086;49745116;28912492;83686;31582519
FR;0;2022-01-16;11385;19290;87396;216;99445;53756471;49764406;28999888;83902;31681964
FR;0;2022-01-17;24692;60150;320227;1382;354156;53781163;49824556;29320115;85284;32036120
FR;0;2022-01-18;28183;68669;361012;1799;397517;53809346;49893225;29681127;87083;32433637
FR;0;2022-01-19;43170;67124;281231;1451;311063;53852516;49960349;29962358;88534;32744700
FR;0;2022-01-20;23572;59604;298936;1741;328461;53876088;50019953;30261294;90275;33073161
FR;0;2022-01-21;28165;68825;366303;2086;401157;53904253;50088778;30627597;92361;33474318
FR;0;2022-01-22;27613;47993;218771;838;241747;53931866;50136771;30846368;93199;33716065
FR;0;2022-01-23;6707;13029;48656;172;55176;53938573;50149800;30895024;93371;33771241
FR;0;2022-01-24;16254;47466;217257;1137;239321;53954827;50197266;31112281;94508;34010562
FR;0;2022-01-25;18953;54419;242997;1547;267060;53973780;50251685;31355278;96055;34277622
FR;0;2022-01-26;28134;60347;209231;1296;229379;54001914;50312032;31564509;97351;34507001
FR;0;2022-01-27;16306;46146;207594;1273;225852;54018220;50358178;31772103;98624;34732853
FR;0;2022-01-28;21530;76817;289992;1573;321434;54039750;50434995;32062095;100197;35054287
FR;0;2022-01-29;18412;52834;184097;686;204578;54058162;50487829;32246192;100883;35258865
FR;0;2022-01-30;4466;14525;39126;124;45086;54062628;50502354;32285318;101007;35303951
FR;0;2022-01-31;11234;43853;148165;738;164784;54073862;50546207;32433483;101745;35468735
FR;0;2022-02-01;13126;48227;174077;1141;191381;54086988;50594434;32607560;102886;35660116
FR;0;2022-02-02;20221;66050;171494;1033;190147;54107209;50660484;32779054;103919;35850263
FR;0;2022-02-03;11119;44327;157506;984;173301;54118328;50704811;32936560;104903;36023564
FR;0;2022-02-04;14543;66514;239195;1262;264176;54132871;50771325;33175755;106165;36287740
FR;0;2022-02-05;12879;51447;153526;522;172339;54145750;50822772;33329281;106687;36460079
FR;0;2022-02-06;2710;12222;28874;101;33826;54148460;50834994;33358155;106788;36493905
FR;0;2022-02-07;9456;46753;156833;586;176317;54157916;50881747;33514988;107374;36670222
FR;0;2022-02-08;9643;42844;166570;868;184351;54167559;50924591;33681558;108242;36854573
FR;0;2022-02-09;14222;58051;172314;869;193000;54181781;50982642;33853872;109111;37047573
FR;0;2022-02-10;8312;38619;150177;878;166636;54190093;51021261;34004049;109989;37214209
FR;0;2022-02-11;10781;55541;218448;1099;243028;54200874;51076802;34222497;111088;37457237
FR;0;2022-02-12;8360;40911;134698;461;151716;54209234;51117713;34357195;111549;37608953
FR;0;2022-02-13;1898;8588;26555;85;30912;54211132;51126301;34383750;111634;37639865
FR;0;2022-02-14;6925;35172;148333;481;166330;54218057;51161473;34532083;112115;37806195
FR;0;2022-02-15;6884;35631;146930;750;162494;54224941;51197104;34679013;112865;37968689
FR;0;2022-02-16;9323;42825;132493;719;146705;54234264;51239929;34811506;113584;38115394
FR;0;2022-02-17;5411;24176;87263;584;94823;54239675;51264105;34898769;114168;38210217
FR;0;2022-02-18;6933;33479;119608;804;129278;54246608;51297584;35018377;114972;38339495
FR;0;2022-02-19;5357;24523;70013;370;77318;54251965;51322107;35088390;115342;38416813
FR;0;2022-02-20;1142;4638;12156;38;13930;54253107;51326745;35100546;115380;38430743
FR;0;2022-02-21;4037;17861;61927;351;67154;54257144;51344606;35162473;115731;38497897
FR;0;2022-02-22;4387;18556;60793;575;64427;54261531;51363162;35223266;116306;38562324
FR;0;2022-02-23;6526;27285;66475;591;71875;54268057;51390447;35289741;116897;38634199
FR;0;2022-02-24;3765;15409;50392;518;53213;54271822;51405856;35340133;117415;38687412
FR;0;2022-02-25;5231;23818;76297;803;80022;54277053;51429674;35416430;118218;38767434
FR;0;2022-02-26;3979;17755;47396;358;51461;54281032;51447429;35463826;118576;38818895
FR;0;2022-02-27;875;2999;8025;47;8936;54281907;51450428;35471851;118623;38827831
FR;0;2022-02-28;3082;12389;40456;356;42890;54284989;51462817;35512307;118979;38870721
FR;0;2022-03-01;3528;12360;44150;435;44792;54288517;51475177;35556457;119414;38915513
FR;0;2022-03-02;5189;17592;47098;438;49012;54293706;51492769;35603555;119852;38964525
FR;0;2022-03-03;2728;9125;29852;366;29953;54296434;51501894;35633407;120218;38994478
FR;0;2022-03-04;3195;12269;40276;651;39408;54299629;51514163;35673683;120869;39033886
FR;0;2022-03-05;3061;9237;24940;310;25094;54302690;51523400;35698623;121179;39058980
FR;0;2022-03-06;511;1390;3194;43;3434;54303201;51524790;35701817;121222;39062414
FR;0;2022-03-07;2115;5511;18409;315;17671;54305316;51530301;35720226;121537;39080085
FR;0;2022-03-08;2014;5943;19417;359;17878;54307330;51536244;35739643;121896;39097963
FR;0;2022-03-09;3486;10343;22161;405;21247;54310816;51546587;35761804;122301;39119210
FR;0;2022-03-10;1728;5340;16950;342;15764;54312544;51551927;35778754;122643;39134974
FR;0;2022-03-11;2352;7329;24480;540;22239;54314896;51559256;35803234;123183;39157213
FR;0;2022-03-12;2657;6723;17152;304;16504;54317553;51565979;35820386;123487;39173717
FR;0;2022-03-13;388;783;2310;145;2261;54317941;51566762;35822696;123632;39175978
FR;0;2022-03-14;1480;4183;14950;4406;13804;54319421;51570945;35837646;128038;39189782
FR;0;2022-03-15;1609;4423;16279;7551;14386;54321030;51575368;35853925;135589;39204168
FR;0;2022-03-16;2961;7160;19390;13129;18058;54323991;51582528;35873315;148718;39222226
FR;0;2022-03-17;1387;3787;13112;10840;11952;54325378;51586315;35886427;159558;39234178
FR;0;2022-03-18;2211;5564;19962;18283;18050;54327589;51591879;35906389;177841;39252228
FR;0;2022-03-19;2286;4742;13108;9396;12410;54329875;51596621;35919497;187237;39264638
FR;0;2022-03-20;294;711;1915;1069;1924;54330169;51597332;35921412;188306;39266562
FR;0;2022-03-21;1345;3154;12700;14931;11921;54331514;51600486;35934112;203237;39278483
FR;0;2022-03-22;1468;3608;13766;20523;12523;54332982;51604094;35947878;223760;39291006
FR;0;2022-03-23;2647;6140;17680;23138;17191;54335629;51610234;35965558;246898;39308197
FR;0;2022-03-24;1362;2958;11563;17573;10631;54336991;51613192;35977121;264471;39318828
FR;0;2022-03-25;2052;4871;18524;27745;16855;54339043;51618063;35995645;292216;39335683
FR;0;2022-03-26;2218;4376;12065;12659;11503;54341261;51622439;36007710;304875;39347186
FR;0;2022-03-27;354;683;1892;1479;1925;54341615;51623122;36009602;306354;39349111
FR;0;2022-03-28;1416;3030;11100;17454;10590;54343031;51626152;36020702;323808;39359701
FR;0;2022-03-29;1428;3242;12878;27535;12022;54344459;51629394;36033580;351343;39371723
FR;0;2022-03-30;2828;5392;15647;27363;15043;54347287;51634786;36049227;378706;39386766
FR;0;2022-03-31;1601;3274;12945;24917;12282;54348888;51638060;36062172;403623;39399048
FR;0;2022-04-01;2134;4466;20003;30825;18626;54351022;51642526;36082175;434448;39417674
FR;0;2022-04-02;1505;2615;9035;10102;8696;54352527;51645141;36091210;444550;39426370
FR;0;2022-04-03;281;501;1558;1165;1573;54352808;51645642;36092768;445715;39427943
FR;0;2022-04-04;1516;2654;12304;19071;11491;54354324;51648296;36105072;464786;39439434
FR;0;2022-04-05;1659;2985;14289;34012;13142;54355983;51651281;36119361;498798;39452576
FR;0;2022-04-06;2056;3712;13491;26361;12748;54358039;51654993;36132852;525159;39465324
FR;0;2022-04-07;1443;2953;13616;33670;12825;54359482;51657946;36146468;558829;39478149
FR;0;2022-04-08;2020;4108;19152;43687;17769;54361502;51662054;36165620;602516;39495918
FR;0;2022-04-09;1353;2659;9297;13543;8847;54362855;51664713;36174917;616059;39504765
FR;0;2022-04-10;282;572;1975;1994;1988;54363137;51665285;36176892;618053;39506753
FR;0;2022-04-11;1199;2479;11836;23725;11435;54364336;51667764;36188728;641778;39518188
FR;0;2022-04-12;1594;2796;13946;40623;13321;54365930;51670560;36202674;682401;39531509
FR;0;2022-04-13;1870;3476;13354;32915;12962;54367800;51674036;36216028;715316;39544471
FR;0;2022-04-14;1447;2712;13117;36089;12965;54369247;51676748;36229145;751405;39557436
FR;0;2022-04-15;1810;3346;15551;35357;14807;54371057;51680094;36244696;786762;39572243
FR;0;2022-04-16;1034;1813;6374;8520;6226;54372091;51681907;36251070;795282;39578469
FR;0;2022-04-17;186;318;991;1168;1030;54372277;51682225;36252061;796450;39579499
FR;0;2022-04-18;158;460;2749;1061;2767;54372435;51682685;36254810;797511;39582266
FR;0;2022-04-19;1488;2933;12874;29475;12390;54373923;51685618;36267684;826986;39594656
FR;0;2022-04-20;1929;3370;13242;28877;12910;54375852;51688988;36280926;855863;39607566
FR;0;2022-04-21;1478;2757;12467;34871;12489;54377330;51691745;36293393;890734;39620055
FR;0;2022-04-22;1831;3499;16421;37480;15794;54379161;51695244;36309814;928214;39635849
FR;0;2022-04-23;1132;2041;7367;10646;7218;54380293;51697285;36317181;938860;39643067
FR;0;2022-04-24;247;444;1474;1581;1408;54380540;51697729;36318655;940441;39644475
FR;0;2022-04-25;1263;2458;10665;20905;10459;54381803;51700187;36329320;961346;39654934
FR;0;2022-04-26;1576;2959;13620;38383;13063;54383379;51703146;36342940;999729;39667997
FR;0;2022-04-27;1919;3018;11480;30743;11544;54385298;51706164;36354420;1030472;39679541
FR;0;2022-04-28;1533;2661;12480;35842;12197;54386831;51708825;36366900;1066314;39691738
FR;0;2022-04-29;1965;3476;15500;37011;14845;54388796;51712301;36382400;1103325;39706583
FR;0;2022-04-30;1195;1808;6903;9677;6731;54389991;51714109;36389303;1113002;39713314
FR;0;2022-05-01;201;311;898;993;896;54390192;51714420;36390201;1113995;39714210
FR;0;2022-05-02;1220;2388;11064;17949;10850;54391412;51716808;36401265;1131944;39725060
FR;0;2022-05-03;1771;3037;13587;34428;13436;54393183;51719845;36414852;1166372;39738496
FR;0;2022-05-04;1828;3055;12098;25378;12197;54395011;51722900;36426950;1191750;39750693
FR;0;2022-05-05;1633;2677;12705;33198;12503;54396644;51725577;36439655;1224948;39763196
FR;0;2022-05-06;2069;3530;15253;36528;14730;54398713;51729107;36454908;1261476;39777926
FR;0;2022-05-07;1188;1760;6434;9590;6423;54399901;51730867;36461342;1271066;39784349
FR;0;2022-05-08;259;393;1166;1530;1225;54400160;51731260;36462508;1272596;39785574
FR;0;2022-05-09;1262;2146;9877;20099;9744;54401422;51733406;36472385;1292695;39795318
FR;0;2022-05-10;1652;2888;13431;38637;12972;54403074;51736294;36485816;1331332;39808290
FR;0;2022-05-11;1938;2720;10661;27689;10558;54405012;51739014;36496477;1359021;39818848
FR;0;2022-05-12;1522;2514;11232;35388;10908;54406534;51741528;36507709;1394409;39829756
FR;0;2022-05-13;1941;3112;13695;37594;13271;54408475;51744640;36521404;1432003;39843027
FR;0;2022-05-14;1133;1593;5917;10722;5770;54409608;51746233;36527321;1442725;39848797
FR;0;2022-05-15;267;431;1258;1428;1332;54409875;51746664;36528579;1444153;39850129
FR;0;2022-05-16;1163;1930;8604;20828;8592;54411038;51748594;36537183;1464981;39858721
FR;0;2022-05-17;1536;2491;11755;37496;11330;54412574;51751085;36548938;1502477;39870051
FR;0;2022-05-18;1752;2530;9604;26963;9587;54414326;51753615;36558542;1529440;39879638
FR;0;2022-05-19;1393;2537;10481;35424;10582;54415719;51756152;36569023;1564864;39890220
FR;0;2022-05-20;1835;3006;13231;39171;12721;54417554;51759158;36582254;1604035;39902941
FR;0;2022-05-21;1142;1678;5642;9879;5511;54418696;51760836;36587896;1613914;39908452
FR;0;2022-05-22;231;329;1014;1408;1002;54418927;51761165;36588910;1615322;39909454
FR;0;2022-05-23;1135;1990;8806;20116;8721;54420062;51763155;36597716;1635438;39918175
FR;0;2022-05-24;1502;2687;11264;38350;11108;54421564;51765842;36608980;1673788;39929283
FR;0;2022-05-25;1780;2737;9270;24622;9380;54423344;51768579;36618250;1698410;39938663
FR;0;2022-05-26;184;328;1616;1136;1621;54423528;51768907;36619866;1699546;39940284
FR;0;2022-05-27;1342;2366;9176;21205;8915;54424870;51771273;36629042;1720751;39949199
FR;0;2022-05-28;657;1237;3901;6767;3951;54425527;51772510;36632943;1727518;39953150
FR;0;2022-05-29;141;307;744;910;761;54425668;51772817;36633687;1728428;39953911
FR;0;2022-05-30;985;1900;6934;19162;6945;54426653;51774717;36640621;1747590;39960856
FR;0;2022-05-31;1456;2380;9726;35431;9563;54428109;51777097;36650347;1783021;39970419
FR;0;2022-06-01;1556;2712;10513;24222;10383;54429665;51779809;36660860;1807243;39980802
FR;0;2022-06-02;1384;2473;10779;35224;10335;54431049;51782282;36671639;1842467;39991137
FR;0;2022-06-03;1606;2972;12870;38550;12268;54432655;51785254;36684509;1881017;40003405
FR;0;2022-06-04;919;1490;4611;8999;4692;54433574;51786744;36689120;1890016;40008097
FR;0;2022-06-05;159;313;826;1059;835;54433733;51787057;36689946;1891075;40008932
FR;0;2022-06-06;170;368;1968;1211;1944;54433903;51787425;36691914;1892286;40010876
FR;0;2022-06-07;1311;2551;9674;35399;9257;54435214;51789976;36701588;1927685;40020133
FR;0;2022-06-08;1493;2579;8799;28476;8634;54436707;51792555;36710387;1956161;40028767
FR;0;2022-06-09;1234;2329;9739;39116;9380;54437941;51794884;36720126;1995277;40038147
FR;0;2022-06-10;1546;2780;12006;44491;11586;54439487;51797664;36732132;2039768;40049733
FR;0;2022-06-11;912;1683;5322;11579;5346;54440399;51799347;36737454;2051347;40055079
FR;0;2022-06-12;180;417;1031;1748;1093;54440579;51799764;36738485;2053095;40056172
FR;0;2022-06-13;1027;1914;7078;23069;6913;54441606;51801678;36745563;2076164;40063085
FR;0;2022-06-14;1258;2373;9824;44613;9210;54442864;51804051;36755387;2120777;40072295
FR;0;2022-06-15;1421;2228;7862;30472;7630;54444285;51806279;36763249;2151249;40079925
FR;0;2022-06-16;1124;1873;8616;39438;8104;54445409;51808152;36771865;2190687;40088029
FR;0;2022-06-17;1417;2664;10678;46338;10116;54446826;51810816;36782543;2237025;40098145
FR;0;2022-06-18;817;1464;4356;11051;4299;54447643;51812280;36786899;2248076;40102444
FR;0;2022-06-19;164;329;1032;1576;1093;54447807;51812609;36787931;2249652;40103537
FR;0;2022-06-20;956;1710;6784;25737;6471;54448763;51814319;36794715;2275389;40110008
FR;0;2022-06-21;1255;2263;9640;49485;8686;54450018;51816582;36804355;2324874;40118694
FR;0;2022-06-22;1315;2333;8247;38595;7733;54451333;51818915;36812602;2363469;40126427
FR;0;2022-06-23;1167;2173;9745;54513;8931;54452500;51821088;36822347;2417982;40135358
FR;0;2022-06-24;1403;2807;12440;68523;11167;54453903;51823895;36834787;2486505;40146525
FR;0;2022-06-25;889;1695;5786;19730;5571;54454792;51825590;36840573;2506235;40152096
FR;0;2022-06-26;213;402;1576;3631;1451;54455005;51825992;36842149;2509866;40153547
FR;0;2022-06-27;1049;1859;8935;47810;8157;54456054;51827851;36851084;2557676;40161704
FR;0;2022-06-28;1380;2624;13700;89993;12173;54457434;51830475;36864784;2647669;40173877
FR;0;2022-06-29;1606;2669;11591;70167;10535;54459040;51833144;36876375;2717836;40184412
FR;0;2022-06-30;1374;2369;13181;91884;11348;54460414;51835513;36889556;2809720;40195760
