fra;vaccin;jour;n_dose1;n_dose2;n_dose3;n_dose4;n_rappel;n_cum_dose1;n_cum_dose2;n_cum_dose3;n_cum_dose4;n_cum_rappel
FR;1;2020-12-27;610;0;0;0;0;610;0;0;0;0
FR;1;2020-12-28;686;1;0;0;0;1296;1;0;0;0
FR;1;2020-12-29;384;0;0;0;0;1680;1;0;0;0
FR;1;2020-12-30;444;0;0;0;0;2124;1;0;0;0
FR;1;2020-12-31;444;1;0;0;0;2568;2;0;0;0
FR;1;2021-01-01;1159;2;0;0;0;3727;4;0;0;0
FR;1;2021-01-02;365;3;0;0;0;4092;7;0;0;0
FR;1;2021-01-03;405;0;0;0;0;4497;7;0;0;0
FR;1;2021-01-04;2115;4;0;0;0;6612;11;0;0;0
FR;1;2021-01-05;7755;3;0;0;0;14367;14;0;0;0
FR;1;2021-01-06;12457;17;0;0;0;26824;31;0;0;0
FR;1;2021-01-07;29468;17;0;0;0;56292;48;0;0;0
FR;1;2021-01-08;37151;18;0;0;0;93443;66;0;0;0
FR;1;2021-01-09;11212;8;0;0;0;104655;74;0;0;0
FR;1;2021-01-10;6008;7;0;0;0;110663;81;0;0;0
FR;1;2021-01-11;39940;26;0;0;0;150603;107;0;0;0
FR;1;2021-01-12;62144;20;0;0;0;212747;127;0;0;0
FR;1;2021-01-13;65123;46;0;0;0;277870;173;0;0;0
FR;1;2021-01-14;81455;163;0;0;0;359325;336;0;0;0
FR;1;2021-01-15;68613;66;0;0;0;427938;402;0;0;0
FR;1;2021-01-16;19901;72;0;0;0;447839;474;0;0;0
FR;1;2021-01-17;10903;50;0;0;0;458742;524;0;0;0
FR;1;2021-01-18;82833;170;0;0;0;541575;694;0;0;0
FR;1;2021-01-19;125922;189;0;0;0;667497;883;0;0;0
FR;1;2021-01-20;132420;182;0;0;0;799917;1065;0;0;0
FR;1;2021-01-21;153063;175;0;0;0;952980;1240;0;0;0
FR;1;2021-01-22;115949;221;0;0;0;1068929;1461;0;0;0
FR;1;2021-01-23;36609;68;0;0;0;1105538;1529;0;0;0
FR;1;2021-01-24;9583;100;0;0;0;1115121;1629;0;0;0
FR;1;2021-01-25;74427;1346;0;0;0;1189548;2975;0;0;0
FR;1;2021-01-26;96455;3514;1;0;0;1286003;6489;1;0;0
FR;1;2021-01-27;103647;6166;0;0;0;1389650;12655;1;0;0
FR;1;2021-01-28;120610;15746;0;0;0;1510260;28401;1;0;0
FR;1;2021-01-29;88893;18261;0;0;0;1599153;46662;1;0;0
FR;1;2021-01-30;27993;4419;0;0;0;1627146;51081;1;0;0
FR;1;2021-01-31;5189;1822;0;0;0;1632335;52903;1;0;0
FR;1;2021-02-01;49728;22152;0;0;0;1682063;75055;1;0;0
FR;1;2021-02-02;67821;37034;0;0;0;1749884;112089;1;0;0
FR;1;2021-02-03;67087;39169;0;0;0;1816971;151258;1;0;0
FR;1;2021-02-04;77142;53381;0;0;0;1894113;204639;1;0;0
FR;1;2021-02-05;63424;46966;0;0;0;1957537;251605;1;0;0
FR;1;2021-02-06;19425;11112;0;0;0;1976962;262717;1;0;0
FR;1;2021-02-07;3666;5712;0;0;0;1980628;268429;1;0;0
FR;1;2021-02-08;36499;47854;0;0;0;2017127;316283;1;0;0
FR;1;2021-02-09;50806;76539;0;0;0;2067933;392822;1;0;0
FR;1;2021-02-10;52069;81260;0;0;0;2120002;474082;1;0;0
FR;1;2021-02-11;63377;103727;0;0;0;2183379;577809;1;0;0
FR;1;2021-02-12;55865;75160;0;0;0;2239244;652969;1;0;0
FR;1;2021-02-13;15463;19309;0;0;0;2254707;672278;1;0;0
FR;1;2021-02-14;3747;7347;0;0;0;2258454;679625;1;0;0
FR;1;2021-02-15;24156;73640;0;0;0;2282610;753265;1;0;0
FR;1;2021-02-16;32775;96285;0;0;0;2315385;849550;1;0;0
FR;1;2021-02-17;35126;101463;20;0;0;2350511;951013;21;0;0
FR;1;2021-02-18;49445;117279;0;0;0;2399956;1068292;21;0;0
FR;1;2021-02-19;45381;87241;1;0;0;2445337;1155533;22;0;0
FR;1;2021-02-20;13392;27162;0;0;0;2458729;1182695;22;0;0
FR;1;2021-02-21;2460;6082;0;0;0;2461189;1188777;22;0;0
FR;1;2021-02-22;24719;69444;2;0;0;2485908;1258221;24;0;0
FR;1;2021-02-23;37430;81438;1;0;0;2523338;1339659;25;0;0
FR;1;2021-02-24;40698;78967;1;0;0;2564036;1418626;26;0;0
FR;1;2021-02-25;50158;87971;1;0;0;2614194;1506597;27;0;0
FR;1;2021-02-26;47221;67605;1;0;0;2661415;1574202;28;0;0
FR;1;2021-02-27;15677;21210;1;0;0;2677092;1595412;29;0;0
FR;1;2021-02-28;3561;4178;2;0;0;2680653;1599590;31;0;0
FR;1;2021-03-01;40197;50080;1;0;0;2720850;1649670;32;0;0
FR;1;2021-03-02;55980;62293;3;0;0;2776830;1711963;35;0;0
FR;1;2021-03-03;61246;60580;0;0;0;2838076;1772543;35;0;0
FR;1;2021-03-04;72999;67581;3;0;0;2911075;1840124;38;0;0
FR;1;2021-03-05;74768;58749;3;0;0;2985843;1898873;41;0;0
FR;1;2021-03-06;82459;15819;2;0;0;3068302;1914692;43;0;0
FR;1;2021-03-07;63724;4400;1;0;0;3132026;1919092;44;0;0
FR;1;2021-03-08;60179;41483;2;0;0;3192205;1960575;46;0;0
FR;1;2021-03-09;85997;47706;1;0;0;3278202;2008281;47;0;0
FR;1;2021-03-10;90926;47925;5;0;0;3369128;2056206;52;0;0
FR;1;2021-03-11;105087;54526;1;0;0;3474215;2110732;53;0;0
FR;1;2021-03-12;104127;45011;1;0;0;3578342;2155743;54;0;0
FR;1;2021-03-13;89203;12614;1;0;0;3667545;2168357;55;0;0
FR;1;2021-03-14;44457;2770;1;0;0;3712002;2171127;56;0;0
FR;1;2021-03-15;95521;28319;3;0;0;3807523;2199446;59;0;0
FR;1;2021-03-16;123589;34338;5;0;0;3931112;2233784;64;0;0
FR;1;2021-03-17;129310;33784;4;0;0;4060422;2267568;68;0;0
FR;1;2021-03-18;142901;39352;5;0;0;4203323;2306920;73;0;0
FR;1;2021-03-19;136255;32260;2;0;0;4339578;2339180;75;0;0
FR;1;2021-03-20;76010;9831;1;0;0;4415588;2349011;76;0;0
FR;1;2021-03-21;26515;2109;1;0;0;4442103;2351120;77;0;0
FR;1;2021-03-22;114767;30475;2;0;0;4556870;2381595;79;0;0
FR;1;2021-03-23;143041;38070;1;0;0;4699911;2419665;80;0;0
FR;1;2021-03-24;142005;38455;0;0;0;4841916;2458120;80;0;0
FR;1;2021-03-25;165003;39763;4;0;0;5006919;2497883;84;0;0
FR;1;2021-03-26;166397;37489;5;1;0;5173316;2535372;89;1;0
FR;1;2021-03-27;110882;15427;1;0;0;5284198;2550799;90;1;0
FR;1;2021-03-28;42305;4250;3;0;0;5326503;2555049;93;1;0
FR;1;2021-03-29;129823;49246;4;0;0;5456326;2604295;97;1;0
FR;1;2021-03-30;167723;63731;5;0;0;5624049;2668026;102;1;0
FR;1;2021-03-31;170943;67663;4;0;0;5794992;2735689;106;1;0
FR;1;2021-04-01;194827;82892;10;0;0;5989819;2818581;116;1;0
FR;1;2021-04-02;164455;86162;7;0;0;6154274;2904743;123;1;0
FR;1;2021-04-03;88249;58098;6;0;0;6242523;2962841;129;1;0
FR;1;2021-04-04;33650;17730;0;0;0;6276173;2980571;129;1;0
FR;1;2021-04-05;46410;9751;11;0;0;6322583;2990322;140;1;0
FR;1;2021-04-06;160318;104294;17;0;0;6482901;3094616;157;1;0
FR;1;2021-04-07;196990;108091;16;0;0;6679891;3202707;173;1;0
FR;1;2021-04-08;222131;113647;13;0;0;6902022;3316354;186;1;0
FR;1;2021-04-09;214565;107792;21;0;0;7116587;3424146;207;1;0
FR;1;2021-04-10;117181;73218;14;0;0;7233768;3497364;221;1;0
FR;1;2021-04-11;40895;29949;6;0;0;7274663;3527313;227;1;0
FR;1;2021-04-12;168475;104393;46;0;0;7443138;3631706;273;1;0
FR;1;2021-04-13;203809;127893;97;1;0;7646947;3759599;370;2;0
FR;1;2021-04-14;208628;122798;208;0;0;7855575;3882397;578;2;0
FR;1;2021-04-15;221684;127790;312;0;0;8077259;4010187;890;2;0
FR;1;2021-04-16;206068;125418;309;0;0;8283327;4135605;1199;2;0
FR;1;2021-04-17;122090;67174;103;0;0;8405417;4202779;1302;2;0
FR;1;2021-04-18;35964;20975;41;0;0;8441381;4223754;1343;2;0
FR;1;2021-04-19;163752;121593;432;0;0;8605133;4345347;1775;2;0
FR;1;2021-04-20;189432;149361;531;0;0;8794565;4494708;2306;2;0
FR;1;2021-04-21;194003;147270;759;0;0;8988568;4641978;3065;2;0
FR;1;2021-04-22;209038;163946;777;0;0;9197606;4805924;3842;2;0
FR;1;2021-04-23;198955;157565;671;0;0;9396561;4963489;4513;2;0
FR;1;2021-04-24;126333;95675;148;0;0;9522894;5059164;4661;2;0
FR;1;2021-04-25;53629;30033;46;0;0;9576523;5089197;4707;2;0
FR;1;2021-04-26;181146;139402;542;0;0;9757669;5228599;5249;2;0
FR;1;2021-04-27;221369;162299;900;0;0;9979038;5390898;6149;2;0
FR;1;2021-04-28;238298;155704;1314;1;1;10217336;5546602;7463;3;1
FR;1;2021-04-29;270291;161037;1209;0;0;10487627;5707639;8672;3;1
FR;1;2021-04-30;271998;148566;1071;0;0;10759625;5856205;9743;3;1
FR;1;2021-05-01;141150;40591;173;0;0;10900775;5896796;9916;3;1
FR;1;2021-05-02;81550;28154;81;0;0;10982325;5924950;9997;3;1
FR;1;2021-05-03;250787;143806;803;0;0;11233112;6068756;10800;3;1
FR;1;2021-05-04;265881;187455;1200;0;0;11498993;6256211;12000;3;1
FR;1;2021-05-05;283880;185590;1267;0;0;11782873;6441801;13267;3;1
FR;1;2021-05-06;309966;183914;1501;0;0;12092839;6625715;14768;3;1
FR;1;2021-05-07;284104;196105;1126;0;0;12376943;6821820;15894;3;1
FR;1;2021-05-08;191661;50350;285;0;0;12568604;6872170;16179;3;1
FR;1;2021-05-09;114055;34992;236;0;0;12682659;6907162;16415;3;1
FR;1;2021-05-10;258210;194533;1186;0;0;12940869;7101695;17601;3;1
FR;1;2021-05-11;318887;210973;1465;0;0;13259756;7312668;19066;3;1
FR;1;2021-05-12;356630;185861;1399;0;0;13616386;7498529;20465;3;1
FR;1;2021-05-13;283447;47471;401;0;0;13899833;7546000;20866;3;1
FR;1;2021-05-14;370498;128532;994;0;0;14270331;7674532;21860;3;1
FR;1;2021-05-15;298091;66133;403;0;0;14568422;7740665;22263;3;1
FR;1;2021-05-16;157775;15489;158;0;0;14726197;7756154;22421;3;1
FR;1;2021-05-17;318931;116159;1441;0;0;15045128;7872313;23862;3;1
FR;1;2021-05-18;383334;111416;1799;0;0;15428462;7983729;25661;3;1
FR;1;2021-05-19;395267;102029;2182;0;0;15823729;8085758;27843;3;1
FR;1;2021-05-20;421808;95878;2048;0;0;16245537;8181636;29891;3;1
FR;1;2021-05-21;399805;97272;1764;0;0;16645342;8278908;31655;3;1
FR;1;2021-05-22;275687;41911;602;0;0;16921029;8320819;32257;3;1
FR;1;2021-05-23;123013;11034;224;0;0;17044042;8331853;32481;3;1
FR;1;2021-05-24;244010;26257;569;0;0;17288052;8358110;33050;3;1
FR;1;2021-05-25;366222;131540;2113;1;0;17654274;8489650;35163;4;1
FR;1;2021-05-26;380816;126647;1993;0;0;18035090;8616297;37156;4;1
FR;1;2021-05-27;406149;128099;1977;0;0;18441239;8744396;39133;4;1
FR;1;2021-05-28;366029;145426;1700;0;0;18807268;8889822;40833;4;1
FR;1;2021-05-29;253829;80955;527;0;0;19061097;8970777;41360;4;1
FR;1;2021-05-30;100974;22568;157;0;0;19162071;8993345;41517;4;1
FR;1;2021-05-31;314317;148945;1282;1;1;19476388;9142290;42799;5;2
FR;1;2021-06-01;361623;166549;1727;1;1;19838011;9308839;44526;6;3
FR;1;2021-06-02;365390;153813;1796;0;0;20203401;9462652;46322;6;3
FR;1;2021-06-03;391421;147471;1651;0;0;20594822;9610123;47973;6;3
FR;1;2021-06-04;364112;175653;1495;1;1;20958934;9785776;49468;7;4
FR;1;2021-06-05;258509;112711;596;0;0;21217443;9898487;50064;7;4
FR;1;2021-06-06;126807;37536;215;0;0;21344250;9936023;50279;7;4
FR;1;2021-06-07;301105;207799;1365;0;0;21645355;10143822;51644;7;4
FR;1;2021-06-08;330837;220836;1642;0;0;21976192;10364658;53286;7;4
FR;1;2021-06-09;336582;211696;1612;0;0;22312774;10576354;54898;7;4
FR;1;2021-06-10;343892;201206;1612;0;0;22656666;10777560;56510;7;4
FR;1;2021-06-11;311895;234869;1299;1;0;22968561;11012429;57809;8;4
FR;1;2021-06-12;244079;150624;436;0;0;23212640;11163053;58245;8;4
FR;1;2021-06-13;100366;60994;188;0;0;23313006;11224047;58433;8;4
FR;1;2021-06-14;207843;288057;1318;1;0;23520849;11512104;59751;9;4
FR;1;2021-06-15;256856;281623;1397;1;0;23777705;11793727;61148;10;4
FR;1;2021-06-16;273647;270571;1263;1;0;24051352;12064298;62411;11;4
FR;1;2021-06-17;268218;244869;1236;1;0;24319570;12309167;63647;12;4
FR;1;2021-06-18;260598;295448;1153;1;0;24580168;12604615;64800;13;4
FR;1;2021-06-19;193448;209497;388;0;0;24773616;12814112;65188;13;4
FR;1;2021-06-20;69707;89100;120;0;0;24843323;12903212;65308;13;4
FR;1;2021-06-21;172371;319732;933;1;1;25015694;13222944;66241;14;5
FR;1;2021-06-22;185866;347907;1101;10;1;25201560;13570851;67342;24;6
FR;1;2021-06-23;204201;339522;1049;0;0;25405761;13910373;68391;24;6
FR;1;2021-06-24;203530;282040;1174;0;0;25609291;14192413;69565;24;6
FR;1;2021-06-25;182664;371764;1198;0;0;25791955;14564177;70763;24;6
FR;1;2021-06-26;131395;278397;504;0;0;25923350;14842574;71267;24;6
FR;1;2021-06-27;52407;122901;145;0;0;25975757;14965475;71412;24;6
FR;1;2021-06-28;136656;368216;1064;0;0;26112413;15333691;72476;24;6
FR;1;2021-06-29;154890;390946;1848;0;0;26267303;15724637;74324;24;6
FR;1;2021-06-30;180053;381941;1666;4;2;26447356;16106578;75990;28;8
FR;1;2021-07-01;201473;332324;1887;5;1;26648829;16438902;77877;33;9
FR;1;2021-07-02;193885;367453;1765;5;2;26842714;16806355;79642;38;11
FR;1;2021-07-03;124476;280427;704;3;1;26967190;17086782;80346;41;12
FR;1;2021-07-04;53960;113701;244;0;0;27021150;17200483;80590;41;12
FR;1;2021-07-05;153958;355926;1500;8;2;27175108;17556409;82090;49;14
FR;1;2021-07-06;173504;382370;1603;45;8;27348612;17938779;83693;94;22
FR;1;2021-07-07;190831;362491;1658;25;4;27539443;18301270;85351;119;26
FR;1;2021-07-08;201567;323078;1826;20;6;27741010;18624348;87177;139;32
FR;1;2021-07-09;189976;387803;1854;3;2;27930986;19012151;89031;142;34
FR;1;2021-07-10;129950;281158;816;1;1;28060936;19293309;89847;143;35
FR;1;2021-07-11;57675;102525;262;0;0;28118611;19395834;90109;143;35
FR;1;2021-07-12;149911;416937;1584;4;0;28268522;19812771;91693;147;35
FR;1;2021-07-13;234275;439261;1806;8;1;28502797;20252032;93499;155;36
FR;1;2021-07-14;171918;151428;418;0;0;28674715;20403460;93917;155;36
FR;1;2021-07-15;279680;424474;1858;1;0;28954395;20827934;95775;156;36
FR;1;2021-07-16;290436;400875;1711;3;1;29244831;21228809;97486;159;37
FR;1;2021-07-17;217340;282045;755;1;0;29462171;21510854;98241;160;37
FR;1;2021-07-18;102002;107226;288;0;0;29564173;21618080;98529;160;37
FR;1;2021-07-19;238205;378731;1497;3;0;29802378;21996811;100026;163;37
FR;1;2021-07-20;305755;380203;1469;0;0;30108133;22377014;101495;163;37
FR;1;2021-07-21;333274;353001;1412;4;2;30441407;22730015;102907;167;39
FR;1;2021-07-22;364671;318849;1502;3;2;30806078;23048864;104409;170;41
FR;1;2021-07-23;349400;343167;1588;4;1;31155478;23392031;105997;174;42
FR;1;2021-07-24;238960;240822;697;1;0;31394438;23632853;106694;175;42
FR;1;2021-07-25;112799;76019;223;0;0;31507237;23708872;106917;175;42
FR;1;2021-07-26;299139;289607;1495;2;2;31806376;23998479;108412;177;44
FR;1;2021-07-27;385833;268175;1458;4;2;32192209;24266654;109870;181;46
FR;1;2021-07-28;390199;251097;1462;4;2;32582408;24517751;111332;185;48
FR;1;2021-07-29;406134;227880;1540;2;0;32988542;24745631;112872;187;48
FR;1;2021-07-30;370736;246696;1638;4;1;33359278;24992327;114510;191;49
FR;1;2021-07-31;243382;165114;793;1;0;33602660;25157441;115303;192;49
FR;1;2021-08-01;105586;47210;233;0;0;33708246;25204651;115536;192;49
FR;1;2021-08-02;297398;212948;1479;2;0;34005644;25417599;117015;194;49
FR;1;2021-08-03;331331;208857;1557;2;1;34336975;25626456;118572;196;50
FR;1;2021-08-04;328031;184011;1439;5;3;34665006;25810467;120011;201;53
FR;1;2021-08-05;301280;193275;1482;0;0;34966286;26003742;121493;201;53
FR;1;2021-08-06;290978;224274;1560;3;1;35257264;26228016;123053;204;54
FR;1;2021-08-07;182660;158797;654;5;2;35439924;26386813;123707;209;56
FR;1;2021-08-08;68887;59106;252;0;0;35508811;26445919;123959;209;56
FR;1;2021-08-09;222783;235437;1444;4;3;35731594;26681356;125403;213;59
FR;1;2021-08-10;252736;240131;1492;2;1;35984330;26921487;126895;215;60
FR;1;2021-08-11;236231;231945;1271;5;1;36220561;27153432;128166;220;61
FR;1;2021-08-12;220782;239925;1487;3;0;36441343;27393357;129653;223;61
FR;1;2021-08-13;201717;238591;1359;2;2;36643060;27631948;131012;225;63
FR;1;2021-08-14;122861;174062;646;0;0;36765921;27806010;131658;225;63
FR;1;2021-08-15;34701;46123;200;1;0;36800622;27852133;131858;226;63
FR;1;2021-08-16;156960;289529;1423;0;0;36957582;28141662;133281;226;63
FR;1;2021-08-17;171610;291181;1422;5;0;37129192;28432843;134703;231;63
FR;1;2021-08-18;161429;286822;1392;6;3;37290621;28719665;136095;237;66
FR;1;2021-08-19;148947;277548;1403;1;0;37439568;28997213;137498;238;66
FR;1;2021-08-20;140506;309062;1532;2;2;37580074;29306275;139030;240;68
FR;1;2021-08-21;84275;213212;588;0;0;37664349;29519487;139618;240;68
FR;1;2021-08-22;28580;82692;233;0;0;37692929;29602179;139851;240;68
FR;1;2021-08-23;118660;321031;1422;2;1;37811589;29923210;141273;242;69
FR;1;2021-08-24;126664;319746;1603;5;1;37938253;30242956;142876;247;70
FR;1;2021-08-25;121526;306511;1779;8;2;38059779;30549467;144655;255;72
FR;1;2021-08-26;106631;286125;2161;10;0;38166410;30835592;146816;265;72
FR;1;2021-08-27;107654;321668;2301;9;3;38274064;31157260;149117;274;75
FR;1;2021-08-28;71020;220701;1101;0;0;38345084;31377961;150218;274;75
FR;1;2021-08-29;24151;78190;469;1;0;38369235;31456151;150687;275;75
FR;1;2021-08-30;96894;286358;4312;6;5004;38466129;31742509;154999;281;5079
FR;1;2021-08-31;98116;276309;9293;15;10102;38564245;32018818;164292;296;15181
FR;1;2021-09-01;112345;245334;21118;7;22131;38676590;32264152;185410;303;37312
FR;1;2021-09-02;86772;197942;24528;18;25499;38763362;32462094;209938;321;62811
FR;1;2021-09-03;82421;227545;26953;21;28021;38845783;32689639;236891;342;90832
FR;1;2021-09-04;71630;189723;11140;11;11688;38917413;32879362;248031;353;102520
FR;1;2021-09-05;18613;41156;4124;2;4277;38936026;32920518;252155;355;106797
FR;1;2021-09-06;59808;151487;30180;15;31198;38995834;33072005;282335;370;137995
FR;1;2021-09-07;57393;139680;30209;30;31210;39053227;33211685;312544;400;169205
FR;1;2021-09-08;72337;173799;26922;22;27916;39125564;33385484;339466;422;197121
FR;1;2021-09-09;54481;124485;28621;24;29708;39180045;33509969;368087;446;226829
FR;1;2021-09-10;66213;152095;30448;24;31644;39246258;33662064;398535;470;258473
FR;1;2021-09-11;52687;146632;9730;14;10340;39298945;33808696;408265;484;268813
FR;1;2021-09-12;10795;29275;2485;1;2649;39309740;33837971;410750;485;271462
FR;1;2021-09-13;51507;104472;38743;31;40022;39361247;33942443;449493;516;311484
FR;1;2021-09-14;53340;96034;51275;67;53133;39414587;34038477;500768;583;364617
FR;1;2021-09-15;60570;139272;50488;55;47042;39475157;34177749;551256;638;411659
FR;1;2021-09-16;46632;81420;53341;70;49576;39521789;34259169;604597;708;461235
FR;1;2021-09-17;53220;109350;45068;61;42674;39575009;34368519;649665;769;503909
FR;1;2021-09-18;37876;118499;11796;19;11272;39612885;34487018;661461;788;515181
FR;1;2021-09-19;6530;21042;2039;1;1982;39619415;34508060;663500;789;517163
FR;1;2021-09-20;36534;74879;46226;65;44176;39655949;34582939;709726;854;561339
FR;1;2021-09-21;34186;68141;56259;70;52703;39690135;34651080;765985;924;614042
FR;1;2021-09-22;38825;118610;49871;76;46895;39728960;34769690;815856;1000;660937
FR;1;2021-09-23;32022;62919;54497;85;50888;39760982;34832609;870353;1085;711825
FR;1;2021-09-24;36781;90070;43662;89;41922;39797763;34922679;914015;1174;753747
FR;1;2021-09-25;27647;96704;12305;27;12180;39825410;35019383;926320;1201;765927
FR;1;2021-09-26;4378;15194;1774;5;1696;39829788;35034577;928094;1206;767623
FR;1;2021-09-27;27350;60235;42911;89;41632;39857138;35094812;971005;1295;809255
FR;1;2021-09-28;26912;49457;47190;75;44456;39884050;35144269;1018195;1370;853711
FR;1;2021-09-29;35922;80341;47274;87;45581;39919972;35224610;1065469;1457;899292
FR;1;2021-09-30;26072;46892;47523;81;45444;39946044;35271502;1112992;1538;944736
FR;1;2021-10-01;47294;66957;44889;83;44590;39993338;35338459;1157881;1621;989326
FR;1;2021-10-02;32381;62415;16112;32;16317;40025719;35400874;1173993;1653;1005643
FR;1;2021-10-03;4341;8562;2039;3;2033;40030060;35409436;1176032;1656;1007676
FR;1;2021-10-04;28970;44444;47102;79;46955;40059030;35453880;1223134;1735;1054631
FR;1;2021-10-05;24564;41661;49880;116;49307;40083594;35495541;1273014;1851;1103938
FR;1;2021-10-06;34651;61412;57497;102;57229;40118245;35556953;1330511;1953;1161167
FR;1;2021-10-07;21077;39906;53038;75;51958;40139322;35596859;1383549;2028;1213125
FR;1;2021-10-08;35659;59660;60393;83;61130;40174981;35656519;1443942;2111;1274255
FR;1;2021-10-09;27463;48017;25494;29;26014;40202444;35704536;1469436;2140;1300269
FR;1;2021-10-10;3721;5811;2753;7;2860;40206165;35710347;1472189;2147;1303129
FR;1;2021-10-11;24821;38245;54582;88;55248;40230986;35748592;1526771;2235;1358377
FR;1;2021-10-12;23336;36598;58065;127;59188;40254322;35785190;1584836;2362;1417565
FR;1;2021-10-13;32918;47847;64166;124;65677;40287240;35833037;1649002;2486;1483242
FR;1;2021-10-14;21672;34798;53757;103;54340;40308912;35867835;1702759;2589;1537582
FR;1;2021-10-15;32702;48810;72325;165;74994;40341614;35916645;1775084;2754;1612576
FR;1;2021-10-16;25987;35304;34866;44;36409;40367601;35951949;1809950;2798;1648985
FR;1;2021-10-17;3108;4050;3411;2;3313;40370709;35955999;1813361;2800;1652298
FR;1;2021-10-18;24236;34895;66829;131;69697;40394945;35990894;1880190;2931;1721995
FR;1;2021-10-19;20686;35585;75655;135;79558;40415631;36026479;1955845;3066;1801553
FR;1;2021-10-20;29882;44239;96172;178;99841;40445513;36070718;2052017;3244;1901394
FR;1;2021-10-21;19777;35068;83174;107;87021;40465290;36105786;2135191;3351;1988415
FR;1;2021-10-22;29727;47791;103733;196;109675;40495017;36153577;2238924;3547;2098090
FR;1;2021-10-23;23029;35142;44867;57;47374;40518046;36188719;2283791;3604;2145464
FR;1;2021-10-24;2381;3843;3582;6;3723;40520427;36192562;2287373;3610;2149187
FR;1;2021-10-25;22470;30768;82017;143;85805;40542897;36223330;2369390;3753;2234992
FR;1;2021-10-26;19332;27682;86101;162;90321;40562229;36251012;2455491;3915;2325313
FR;1;2021-10-27;26192;39644;107802;252;112691;40588421;36290656;2563293;4167;2438004
FR;1;2021-10-28;18779;27143;86946;150;91681;40607200;36317799;2650239;4317;2529685
FR;1;2021-10-29;25926;40290;114822;201;121620;40633126;36358089;2765061;4518;2651305
FR;1;2021-10-30;17693;28727;49361;74;51948;40650819;36386816;2814422;4592;2703253
FR;1;2021-10-31;2060;3173;3448;2;3683;40652879;36389989;2817870;4594;2706936
FR;1;2021-11-01;7972;4269;3027;3;3285;40660851;36394258;2820897;4597;2710221
FR;1;2021-11-02;22882;33228;92392;156;97802;40683733;36427486;2913289;4753;2808023
FR;1;2021-11-03;26604;41609;117494;215;123865;40710337;36469095;3030783;4968;2931888
FR;1;2021-11-04;19597;30345;105801;213;111931;40729934;36499440;3136584;5181;3043819
FR;1;2021-11-05;27008;42349;138770;229;147415;40756942;36541789;3275354;5410;3191234
FR;1;2021-11-06;18847;29829;63479;123;66483;40775789;36571618;3338833;5533;3257717
FR;1;2021-11-07;1810;3290;4974;6;5302;40777599;36574908;3343807;5539;3263019
FR;1;2021-11-08;17845;32286;125993;224;132618;40795444;36607194;3469800;5763;3395637
FR;1;2021-11-09;19487;37664;159285;334;169065;40814931;36644858;3629085;6097;3564702
FR;1;2021-11-10;28866;49172;181890;440;192498;40843797;36694030;3810975;6537;3757200
FR;1;2021-11-11;4169;5947;12225;26;13019;40847966;36699977;3823200;6563;3770219
FR;1;2021-11-12;26005;46889;174804;244;186468;40873971;36746866;3998004;6807;3956687
FR;1;2021-11-13;18727;29179;76825;111;81764;40892698;36776045;4074829;6918;4038451
FR;1;2021-11-14;2042;3264;6819;5;7358;40894740;36779309;4081648;6923;4045809
FR;1;2021-11-15;18758;34823;156408;304;166228;40913498;36814132;4238056;7227;4212037
FR;1;2021-11-16;21348;37938;192110;378;204973;40934846;36852070;4430166;7605;4417010
FR;1;2021-11-17;28647;45622;193213;397;205009;40963493;36897692;4623379;8002;4622019
FR;1;2021-11-18;21129;39536;182481;458;194522;40984622;36937228;4805860;8460;4816541
FR;1;2021-11-19;30876;53418;230233;532;246699;41015498;36990646;5036093;8992;5063240
FR;1;2021-11-20;23759;33252;96981;201;103611;41039257;37023898;5133074;9193;5166851
FR;1;2021-11-21;2328;3938;9111;19;9946;41041585;37027836;5142185;9212;5176797
FR;1;2021-11-22;21408;30419;175889;465;189422;41062993;37058255;5318074;9677;5366219
FR;1;2021-11-23;24012;41069;221176;540;237908;41087005;37099324;5539250;10217;5604127
FR;1;2021-11-24;30284;49756;217332;701;234488;41117289;37149080;5756582;10918;5838615
FR;1;2021-11-25;23719;44103;244456;718;264112;41141008;37193183;6001038;11636;6102727
FR;1;2021-11-26;30623;66764;356791;834;388518;41171631;37259947;6357829;12470;6491245
FR;1;2021-11-27;21945;45367;202613;371;222620;41193576;37305314;6560442;12841;6713865
FR;1;2021-11-28;3167;9611;54783;63;61013;41196743;37314925;6615225;12904;6774878
FR;1;2021-11-29;17878;49551;326360;840;354430;41214621;37364476;6941585;13744;7129308
FR;1;2021-11-30;22785;64960;431120;952;470743;41237406;37429436;7372705;14696;7600051
FR;1;2021-12-01;25337;69311;442865;1129;481728;41262743;37498747;7815570;15825;8081779
FR;1;2021-12-02;20067;64572;489362;1228;532864;41282810;37563319;8304932;17053;8614643
FR;1;2021-12-03;22896;82592;542748;1309;591764;41305706;37645911;8847680;18362;9206407
FR;1;2021-12-04;16395;53949;299078;652;328923;41322101;37699860;9146758;19014;9535330
FR;1;2021-12-05;3633;13867;81521;143;91051;41325734;37713727;9228279;19157;9626381
FR;1;2021-12-06;25823;62676;415421;1065;455155;41351557;37776403;9643700;20222;10081536
FR;1;2021-12-07;19999;75658;522947;1535;572542;41371556;37852061;10166647;21757;10654078
FR;1;2021-12-08;21699;75777;458378;1544;502092;41393255;37927838;10625025;23301;11156170
FR;1;2021-12-09;19445;74092;492901;1625;540836;41412700;38001930;11117926;24926;11697006
FR;1;2021-12-10;23305;87754;547369;1585;599999;41436005;38089684;11665295;26511;12297005
FR;1;2021-12-11;16533;59234;302736;749;335477;41452538;38148918;11968031;27260;12632482
FR;1;2021-12-12;4366;15962;83210;179;94046;41456904;38164880;12051241;27439;12726528
FR;1;2021-12-13;15750;63657;366952;1094;406234;41472654;38228537;12418193;28533;13132762
FR;1;2021-12-14;20853;80379;464727;1745;515188;41493507;38308916;12882920;30278;13647950
FR;1;2021-12-15;21606;77551;409053;1309;453126;41515113;38386467;13291973;31587;14101076
FR;1;2021-12-16;20040;77370;451832;1578;500591;41535153;38463837;13743805;33165;14601667
FR;1;2021-12-17;22612;86671;479910;1735;530963;41557765;38550508;14223715;34900;15132630
FR;1;2021-12-18;17599;54702;257607;730;288511;41575364;38605210;14481322;35630;15421141
FR;1;2021-12-19;5549;17033;79168;194;90709;41580913;38622243;14560490;35824;15511850
FR;1;2021-12-20;20932;63168;316220;1080;355299;41601845;38685411;14876710;36904;15867149
FR;1;2021-12-21;26323;73125;372721;1423;418070;41628168;38758536;15249431;38327;16285219
FR;1;2021-12-22;24977;65928;310612;1216;349588;41653145;38824464;15560043;39543;16634807
FR;1;2021-12-23;21269;52328;241476;956;273034;41674414;38876792;15801519;40499;16907841
FR;1;2021-12-24;7122;18355;67151;258;77065;41681536;38895147;15868670;40757;16984906
FR;1;2021-12-25;506;2871;5584;15;6538;41682042;38898018;15874254;40772;16991444
FR;1;2021-12-26;2748;7592;26934;71;31456;41684790;38905610;15901188;40843;17022900
FR;1;2021-12-27;18304;53594;235104;705;265756;41703094;38959204;16136292;41548;17288656
FR;1;2021-12-28;23294;62046;292027;1026;330208;41726388;39021250;16428319;42574;17618864
FR;1;2021-12-29;22214;55563;254988;920;288209;41748602;39076813;16683307;43494;17907073
FR;1;2021-12-30;21239;46575;212153;858;239631;41769841;39123388;16895460;44352;18146704
FR;1;2021-12-31;7464;16602;61865;229;70407;41777305;39139990;16957325;44581;18217111
FR;1;2022-01-01;1128;2488;5656;30;6576;41778433;39142478;16962981;44611;18223687
FR;1;2022-01-02;3078;8061;28889;50;33524;41781511;39150539;16991870;44661;18257211
FR;1;2022-01-03;24252;54277;228226;786;257693;41805763;39204816;17220096;45447;18514904
FR;1;2022-01-04;26038;65107;299247;1238;337287;41831801;39269923;17519343;46685;18852191
FR;1;2022-01-05;30429;64361;274863;1097;310230;41862230;39334284;17794206;47782;19162421
FR;1;2022-01-06;26807;66270;306876;1399;346523;41889037;39400554;18101082;49181;19508944
FR;1;2022-01-07;31556;75096;349827;1538;393979;41920593;39475650;18450909;50719;19902923
FR;1;2022-01-08;23385;51396;222488;698;251111;41943978;39527046;18673397;51417;20154034
FR;1;2022-01-09;7086;17151;66023;163;76143;41951064;39544197;18739420;51580;20230177
FR;1;2022-01-10;21766;60725;236793;954;267622;41972830;39604922;18976213;52534;20497799
FR;1;2022-01-11;26751;63501;282276;1277;317805;41999581;39668423;19258489;53811;20815604
FR;1;2022-01-12;28922;62528;246246;1105;278025;42028503;39730951;19504735;54916;21093629
FR;1;2022-01-13;24743;60238;262791;1253;296128;42053246;39791189;19767526;56169;21389757
FR;1;2022-01-14;27956;66755;313993;1366;351259;42081202;39857944;20081519;57535;21741016
FR;1;2022-01-15;19352;44405;199303;619;223856;42100554;39902349;20280822;58154;21964872
FR;1;2022-01-16;5156;12976;51524;135;59565;42105710;39915325;20332346;58289;22024437
FR;1;2022-01-17;16852;39756;184819;780;206846;42122562;39955081;20517165;59069;22231283
FR;1;2022-01-18;19444;46012;212408;1154;237038;42142006;40001093;20729573;60223;22468321
FR;1;2022-01-19;20300;44006;176100;897;197190;42162306;40045099;20905673;61120;22665511
FR;1;2022-01-20;16831;40632;183667;1137;204738;42179137;40085731;21089340;62257;22870249
FR;1;2022-01-21;19904;47101;228943;1405;253346;42199041;40132832;21318283;63662;23123595
FR;1;2022-01-22;13839;33361;144491;578;161386;42212880;40166193;21462774;64240;23284981
FR;1;2022-01-23;3358;8777;33425;132;38322;42216238;40174970;21496199;64372;23323303
FR;1;2022-01-24;11803;32992;142204;709;158251;42228041;40207962;21638403;65081;23481554
FR;1;2022-01-25;14207;38235;163393;1047;181561;42242248;40246197;21801796;66128;23663115
FR;1;2022-01-26;14860;37678;150248;932;166348;42257108;40283875;21952044;67060;23829463
FR;1;2022-01-27;12332;33257;143449;886;157981;42269440;40317132;22095493;67946;23987444
FR;1;2022-01-28;16319;56716;198308;1144;222420;42285759;40373848;22293801;69090;24209864
FR;1;2022-01-29;10267;35490;135202;524;151546;42296026;40409338;22429003;69614;24361410
FR;1;2022-01-30;2482;9283;29681;86;34466;42298508;40418621;22458684;69700;24395876
FR;1;2022-01-31;8756;32511;104336;533;117388;42307264;40451132;22563020;70233;24513264
FR;1;2022-02-01;10954;36524;127066;864;141266;42318218;40487656;22690086;71097;24654530
FR;1;2022-02-02;11952;41633;130344;782;145853;42330170;40529289;22820430;71879;24800383
FR;1;2022-02-03;9232;34030;117006;784;130357;42339402;40563319;22937436;72663;24930740
FR;1;2022-02-04;11518;48197;172577;967;192777;42350920;40611516;23110013;73630;25123517
FR;1;2022-02-05;7995;33955;117579;391;133050;42358915;40645471;23227592;74021;25256567
FR;1;2022-02-06;1704;8011;22750;85;26913;42360619;40653482;23250342;74106;25283480
FR;1;2022-02-07;7308;35442;119079;457;134971;42367927;40688924;23369421;74563;25418451
FR;1;2022-02-08;7747;31932;125638;693;140625;42375674;40720856;23495059;75256;25559076
FR;1;2022-02-09;8647;36512;135244;697;152489;42384321;40757368;23630303;75953;25711565
FR;1;2022-02-10;7018;30021;116369;674;130155;42391339;40787389;23746672;76627;25841720
FR;1;2022-02-11;8654;41529;165134;877;185355;42399993;40828918;23911806;77504;26027075
FR;1;2022-02-12;5324;27601;106699;379;120884;42405317;40856519;24018505;77883;26147959
FR;1;2022-02-13;1230;5717;21716;66;25332;42406547;40862236;24040221;77949;26173291
FR;1;2022-02-14;5453;27206;118074;392;133101;42412000;40889442;24158295;78341;26306392
FR;1;2022-02-15;5776;28847;118916;610;132548;42417776;40918289;24277211;78951;26438940
FR;1;2022-02-16;5748;28469;110415;596;123047;42423524;40946758;24387626;79547;26561987
FR;1;2022-02-17;4608;19721;73134;487;80239;42428132;40966479;24460760;80034;26642226
FR;1;2022-02-18;5605;26771;99195;670;108154;42433737;40993250;24559955;80704;26750380
FR;1;2022-02-19;3550;17172;59474;304;66056;42437287;41010422;24619429;81008;26816436
FR;1;2022-02-20;788;3252;10705;36;12332;42438075;41013674;24630134;81044;26828768
FR;1;2022-02-21;3422;14586;52821;286;57669;42441497;41028260;24682955;81330;26886437
FR;1;2022-02-22;3789;15526;51906;500;55642;42445286;41043786;24734861;81830;26942079
FR;1;2022-02-23;4229;17807;57469;508;62569;42449515;41061593;24792330;82338;27004648
FR;1;2022-02-24;3341;13051;43611;435;46400;42452856;41074644;24835941;82773;27051048
FR;1;2022-02-25;4471;19866;64917;696;68787;42457327;41094510;24900858;83469;27119835
FR;1;2022-02-26;2692;12799;41367;310;45120;42460019;41107309;24942225;83779;27164955
FR;1;2022-02-27;644;2187;7127;42;7992;42460663;41109496;24949352;83821;27172947
FR;1;2022-02-28;2613;10473;34954;305;37378;42463276;41119969;24984306;84126;27210325
FR;1;2022-03-01;3501;10745;38695;390;39650;42466777;41130714;25023001;84516;27249975
FR;1;2022-03-02;3652;12177;41849;397;43919;42470429;41142891;25064850;84913;27293894
FR;1;2022-03-03;2450;7966;26175;326;26513;42472879;41150857;25091025;85239;27320407
FR;1;2022-03-04;2685;10440;35426;590;34920;42475564;41161297;25126451;85829;27355327
FR;1;2022-03-05;1819;6356;21963;277;22359;42477383;41167653;25148414;86106;27377686
FR;1;2022-03-06;358;955;2916;38;3119;42477741;41168608;25151330;86144;27380805
FR;1;2022-03-07;1735;4710;16432;245;15898;42479476;41173318;25167762;86389;27396703
FR;1;2022-03-08;1665;5252;17165;308;15992;42481141;41178570;25184927;86697;27412695
FR;1;2022-03-09;1972;6676;19804;368;19162;42483113;41185246;25204731;87065;27431857
FR;1;2022-03-10;1402;4926;15274;307;14312;42484515;41190172;25220005;87372;27446169
FR;1;2022-03-11;1752;6394;21702;483;19854;42486267;41196566;25241707;87855;27466023
FR;1;2022-03-12;1237;4648;15358;280;14908;42487504;41201214;25257065;88135;27480931
FR;1;2022-03-13;244;609;2119;119;2064;42487748;41201823;25259184;88254;27482995
FR;1;2022-03-14;1140;3672;13398;3878;12521;42488888;41205495;25272582;92132;27495516
FR;1;2022-03-15;1384;5726;14650;6862;13246;42490272;41211221;25287232;98994;27508762
FR;1;2022-03-16;1683;5063;17391;11517;16453;42491955;41216284;25304623;110511;27525215
FR;1;2022-03-17;1169;3429;11720;9646;10818;42493124;41219713;25316343;120157;27536033
FR;1;2022-03-18;1724;4921;17962;16502;16398;42494848;41224634;25334305;136659;27552431
FR;1;2022-03-19;1121;3298;11889;8455;11357;42495969;41227932;25346194;145114;27563788
FR;1;2022-03-20;224;557;1724;1014;1758;42496193;41228489;25347918;146128;27565546
FR;1;2022-03-21;1086;2757;11492;13448;10839;42497279;41231246;25359410;159576;27576385
FR;1;2022-03-22;1226;3205;12251;18692;11241;42498505;41234451;25371661;178268;27587626
FR;1;2022-03-23;1500;4333;16024;20110;15705;42500005;41238784;25387685;198378;27603331
FR;1;2022-03-24;1112;2747;10391;16049;9653;42501117;41241531;25398076;214427;27612984
FR;1;2022-03-25;1533;4350;16738;25299;15391;42502650;41245881;25414814;239726;27628375
FR;1;2022-03-26;1108;3011;10853;11449;10514;42503758;41248892;25425667;251175;27638889
FR;1;2022-03-27;233;543;1749;1381;1802;42503991;41249435;25427416;252556;27640691
FR;1;2022-03-28;1079;2482;9971;15883;9593;42505070;41251917;25437387;268439;27650284
FR;1;2022-03-29;1139;2736;11550;25083;10913;42506209;41254653;25448937;293522;27661197
FR;1;2022-03-30;1625;3571;14164;24170;13695;42507834;41258224;25463101;317692;27674892
FR;1;2022-03-31;1278;3007;11687;22629;11194;42509112;41261231;25474788;340321;27686086
FR;1;2022-04-01;2229;4015;18457;28506;17328;42511341;41265246;25493245;368827;27703414
FR;1;2022-04-02;907;1877;8189;9219;7936;42512248;41267123;25501434;378046;27711350
FR;1;2022-04-03;200;377;1432;1054;1433;42512448;41267500;25502866;379100;27712783
FR;1;2022-04-04;1773;2451;11363;17656;10752;42514221;41269951;25514229;396756;27723535
FR;1;2022-04-05;1587;2688;12994;31171;12019;42515808;41272639;25527223;427927;27735554
FR;1;2022-04-06;1592;2966;12192;23912;11622;42517400;41275605;25539415;451839;27747176
FR;1;2022-04-07;1265;2696;12339;31054;11805;42518665;41278301;25551754;482893;27758981
FR;1;2022-04-08;1607;3602;17550;40575;16458;42520272;41281903;25569304;523468;27775439
FR;1;2022-04-09;817;1992;8403;12495;8101;42521089;41283895;25577707;535963;27783540
FR;1;2022-04-10;197;535;1834;1849;1878;42521286;41284430;25579541;537812;27785418
FR;1;2022-04-11;1052;2228;10960;22314;10669;42522338;41286658;25590501;560126;27796087
FR;1;2022-04-12;1297;2613;12814;38096;12300;42523635;41289271;25603315;598222;27808387
FR;1;2022-04-13;1250;2832;12267;30588;11996;42524885;41292103;25615582;628810;27820383
FR;1;2022-04-14;1219;2507;12082;33561;12086;42526104;41294610;25627664;662371;27832469
FR;1;2022-04-15;1481;2928;14388;33190;13763;42527585;41297538;25642052;695561;27846232
FR;1;2022-04-16;658;1403;5840;7983;5765;42528243;41298941;25647892;703544;27851997
FR;1;2022-04-17;154;276;929;1119;971;42528397;41299217;25648821;704663;27852968
FR;1;2022-04-18;163;461;2632;999;2655;42528560;41299678;25651453;705662;27855623
FR;1;2022-04-19;1233;2581;11776;27891;11507;42529793;41302259;25663229;733553;27867130
FR;1;2022-04-20;1335;2624;12164;26818;12005;42531128;41304883;25675393;760371;27879135
FR;1;2022-04-21;1235;2452;11526;33138;11698;42532363;41307335;25686919;793509;27890833
FR;1;2022-04-22;1510;3065;15198;35469;14781;42533873;41310400;25702117;828978;27905614
FR;1;2022-04-23;760;1577;6730;9889;6636;42534633;41311977;25708847;838867;27912250
FR;1;2022-04-24;196;371;1373;1520;1326;42534829;41312348;25710220;840387;27913576
FR;1;2022-04-25;1035;2123;9850;19688;9749;42535864;41314471;25720070;860075;27923325
FR;1;2022-04-26;1343;2618;12589;36540;12196;42537207;41317089;25732659;896615;27935521
FR;1;2022-04-27;1323;2402;10642;29164;10779;42538530;41319491;25743301;925779;27946300
FR;1;2022-04-28;1277;2382;11558;34238;11398;42539807;41321873;25754859;960017;27957698
FR;1;2022-04-29;1611;3769;14393;35495;13831;42541418;41325642;25769252;995512;27971529
FR;1;2022-04-30;827;1549;6447;9162;6289;42542245;41327191;25775699;1004674;27977818
FR;1;2022-05-01;176;282;829;947;822;42542421;41327473;25776528;1005621;27978640
FR;1;2022-05-02;1541;2571;10370;16903;10278;42543962;41330044;25786898;1022524;27988918
FR;1;2022-05-03;1502;2836;12702;32836;12593;42545464;41332880;25799600;1055360;28001511
FR;1;2022-05-04;1344;2710;11221;23791;11378;42546808;41335590;25810821;1079151;28012889
FR;1;2022-05-05;1457;2583;12169;31784;12094;42548265;41338173;25822990;1110935;28024983
FR;1;2022-05-06;1807;3224;14213;34856;13781;42550072;41341397;25837203;1145791;28038764
FR;1;2022-05-07;852;1459;5974;9089;6007;42550924;41342856;25843177;1154880;28044771
FR;1;2022-05-08;189;327;1059;1470;1121;42551113;41343183;25844236;1156350;28045892
FR;1;2022-05-09;1109;2003;9239;19247;9153;42552222;41345186;25853475;1175597;28055045
FR;1;2022-05-10;1459;2758;12594;37006;12193;42553681;41347944;25866069;1212603;28067238
FR;1;2022-05-11;1426;2422;9898;25993;9842;42555107;41350366;25875967;1238596;28077080
FR;1;2022-05-12;1304;2393;10501;33525;10202;42556411;41352759;25886468;1272121;28087282
FR;1;2022-05-13;1596;2783;12753;35704;12398;42558007;41355542;25899221;1307825;28099680
FR;1;2022-05-14;778;1308;5480;10210;5364;42558785;41356850;25904701;1318035;28105044
FR;1;2022-05-15;220;411;1181;1349;1248;42559005;41357261;25905882;1319384;28106292
FR;1;2022-05-16;965;1757;8066;20061;8119;42559970;41359018;25913948;1339445;28114411
FR;1;2022-05-17;1283;2277;11112;36145;10719;42561253;41361295;25925060;1375590;28125130
FR;1;2022-05-18;1299;2107;9027;25689;8978;42562552;41363402;25934087;1401279;28134108
FR;1;2022-05-19;1188;2380;9839;33977;9933;42563740;41365782;25943926;1435256;28144041
FR;1;2022-05-20;1559;2744;12514;37622;12097;42565299;41368526;25956440;1472878;28156138
FR;1;2022-05-21;774;1371;5245;9373;5164;42566073;41369897;25961685;1482251;28161302
FR;1;2022-05-22;190;286;948;1392;948;42566263;41370183;25962633;1483643;28162250
FR;1;2022-05-23;967;1865;8368;19403;8336;42567230;41372048;25971001;1503046;28170586
FR;1;2022-05-24;1282;2437;10714;37200;10574;42568512;41374485;25981715;1540246;28181160
FR;1;2022-05-25;1266;2281;8789;23653;8948;42569778;41376766;25990504;1563899;28190108
FR;1;2022-05-26;164;366;1576;1147;1569;42569942;41377132;25992080;1565046;28191677
FR;1;2022-05-27;1103;2167;8776;20435;8526;42571045;41379299;26000856;1585481;28200203
FR;1;2022-05-28;481;1040;3684;6529;3722;42571526;41380339;26004540;1592010;28203925
FR;1;2022-05-29;119;256;706;890;717;42571645;41380595;26005246;1592900;28204642
FR;1;2022-05-30;828;1718;6556;18528;6585;42572473;41382313;26011802;1611428;28211227
FR;1;2022-05-31;1265;2211;9241;34355;9108;42573738;41384524;26021043;1645783;28220335
FR;1;2022-06-01;1293;2583;10431;23446;10293;42575031;41387107;26031474;1669229;28230628
FR;1;2022-06-02;1215;2300;10664;34099;10221;42576246;41389407;26042138;1703328;28240849
FR;1;2022-06-03;1435;2723;12689;37079;12109;42577681;41392130;26054827;1740407;28252958
FR;1;2022-06-04;679;1258;4743;8675;4821;42578360;41393388;26059570;1749082;28257779
FR;1;2022-06-05;129;286;808;1047;830;42578489;41393674;26060378;1750129;28258609
FR;1;2022-06-06;303;1019;2011;1182;2025;42578792;41394693;26062389;1751311;28260634
FR;1;2022-06-07;1135;2289;9171;34026;8832;42579927;41396982;26071560;1785337;28269466
FR;1;2022-06-08;1095;2224;8663;27533;8546;42581022;41399206;26080223;1812870;28278012
FR;1;2022-06-09;1056;2137;9973;37524;9656;42582078;41401343;26090196;1850394;28287668
FR;1;2022-06-10;1326;2556;12385;43086;11961;42583404;41403899;26102581;1893480;28299629
FR;1;2022-06-11;654;1442;5136;11080;5184;42584058;41405341;26107717;1904560;28304813
FR;1;2022-06-12;150;368;1013;1680;1069;42584208;41405709;26108730;1906240;28305882
FR;1;2022-06-13;899;1813;7003;22210;6860;42585107;41407522;26115733;1928450;28312742
FR;1;2022-06-14;1080;2163;9832;42783;9235;42586187;41409685;26125565;1971233;28321977
FR;1;2022-06-15;1061;1936;8765;29358;8445;42587248;41411621;26134330;2000591;28330422
FR;1;2022-06-16;928;1807;9390;38459;8867;42588176;41413428;26143720;2039050;28339289
FR;1;2022-06-17;1205;2534;11864;44763;11351;42589381;41415962;26155584;2083813;28350640
FR;1;2022-06-18;560;1262;4313;10543;4250;42589941;41417224;26159897;2094356;28354890
FR;1;2022-06-19;137;324;1002;1543;1081;42590078;41417548;26160899;2095899;28355971
FR;1;2022-06-20;855;1690;8487;25033;8151;42590933;41419238;26169386;2120932;28364122
FR;1;2022-06-21;1096;2129;9755;47734;8847;42592029;41421367;26179141;2168666;28372969
FR;1;2022-06-22;1024;2028;8430;37099;7934;42593053;41423395;26187571;2205765;28380903
FR;1;2022-06-23;1046;2154;10114;52771;9393;42594099;41425549;26197685;2258536;28390296
FR;1;2022-06-24;1244;2697;12900;65910;11684;42595343;41428246;26210585;2324446;28401980
FR;1;2022-06-25;680;1501;5922;18915;5704;42596023;41429747;26216507;2343361;28407684
FR;1;2022-06-26;166;403;1817;3492;1709;42596189;41430150;26218324;2346853;28409393
FR;1;2022-06-27;934;1763;9897;45943;9122;42597123;41431913;26228221;2392796;28418515
FR;1;2022-06-28;1202;2562;13826;86476;12391;42598325;41434475;26242047;2479272;28430906
FR;1;2022-06-29;1230;2279;11472;67348;10539;42599555;41436754;26253519;2546620;28441445
FR;1;2022-06-30;1277;2420;13504;89933;11812;42600832;41439174;26267023;2636553;28453257
FR;1;2022-07-01;1626;3458;20236;109170;17898;42602458;41442632;26287259;2745723;28471155
FR;1;2022-07-02;758;1521;8014;33766;7247;42603216;41444153;26295273;2779489;28478402
FR;1;2022-07-03;226;478;1938;6115;1753;42603442;41444631;26297211;2785604;28480155
FR;1;2022-07-04;1242;2777;13894;75382;12311;42604684;41447408;26311105;2860986;28492466
FR;1;2022-07-05;1406;2783;17660;126300;15114;42606090;41450191;26328765;2987286;28507580
FR;1;2022-07-06;1336;2370;14873;93671;12894;42607426;41452561;26343638;3080957;28520474
FR;1;2022-07-07;1429;2525;16906;119354;13979;42608855;41455086;26360544;3200311;28534453
FR;1;2022-07-08;1524;2810;19593;129954;15957;42610379;41457896;26380137;3330265;28550410
FR;1;2022-07-09;660;1267;7302;36003;6345;42611039;41459163;26387439;3366268;28556755
FR;1;2022-07-10;235;476;2239;6684;2033;42611274;41459639;26389678;3372952;28558788
FR;1;2022-07-11;1193;2198;14309;84376;11917;42612467;41461837;26403987;3457328;28570705
FR;1;2022-07-12;1546;2760;19440;137271;15876;42614013;41464597;26423427;3594599;28586581
FR;1;2022-07-13;1398;2372;14758;89781;12602;42615411;41466969;26438185;3684380;28599183
FR;1;2022-07-14;155;335;1858;5282;1768;42615566;41467304;26440043;3689662;28600951
FR;1;2022-07-15;1252;2290;14346;80558;11992;42616818;41469594;26454389;3770220;28612943
FR;1;2022-07-16;505;1036;5631;23941;4881;42617323;41470630;26460020;3794161;28617824
FR;1;2022-07-17;157;359;1655;4458;1498;42617480;41470989;26461675;3798619;28619322
FR;1;2022-07-18;969;2018;11289;59258;9557;42618449;41473007;26472964;3857877;28628879
FR;1;2022-07-19;1221;2112;14681;99358;11711;42619670;41475119;26487645;3957235;28640590
FR;1;2022-07-20;1163;1981;12342;74330;10255;42620833;41477100;26499987;4031565;28650845
FR;1;2022-07-21;1117;1926;12393;84453;9974;42621950;41479026;26512380;4116018;28660819
FR;1;2022-07-22;1231;2186;14075;85833;11406;42623181;41481212;26526455;4201851;28672225
FR;1;2022-07-23;529;1080;5227;21287;4605;42623710;41482292;26531682;4223138;28676830
FR;1;2022-07-24;147;300;1324;3695;1164;42623857;41482592;26533006;4226833;28677994
FR;1;2022-07-25;883;1615;9062;46091;7507;42624740;41484207;26542068;4272924;28685501
FR;1;2022-07-26;1122;1951;12663;81924;10318;42625862;41486158;26554731;4354848;28695819
FR;1;2022-07-27;1012;1710;9730;58374;8108;42626874;41487868;26564461;4413222;28703927
FR;1;2022-07-28;975;1687;9837;61839;7833;42627849;41489555;26574298;4475061;28711760
FR;1;2022-07-29;1110;1790;10417;62885;8343;42628959;41491345;26584715;4537946;28720103
FR;1;2022-07-30;390;703;3339;14472;2843;42629349;41492048;26588054;4552418;28722946
FR;1;2022-07-31;137;255;900;2328;766;42629486;41492303;26588954;4554746;28723712
FR;1;2022-08-01;703;1224;7228;28924;6082;42630189;41493527;26596182;4583670;28729794
FR;1;2022-08-02;889;1456;8206;53955;6598;42631078;41494983;26604388;4637625;28736392
FR;1;2022-08-03;712;1079;6129;37009;4910;42631790;41496062;26610517;4674634;28741302
FR;1;2022-08-04;636;1061;6247;41370;5036;42632426;41497123;26616764;4716004;28746338
FR;1;2022-08-05;734;1183;6743;43011;5400;42633160;41498306;26623507;4759015;28751738
FR;1;2022-08-06;270;458;1987;8991;1659;42633430;41498764;26625494;4768006;28753397
FR;1;2022-08-07;85;140;517;1549;433;42633515;41498904;26626011;4769555;28753830
FR;1;2022-08-08;474;809;3774;21200;3099;42633989;41499713;26629785;4790755;28756929
FR;1;2022-08-09;605;1005;5667;38440;4542;42634594;41500718;26635452;4829195;28761471
FR;1;2022-08-10;518;969;4419;26868;3613;42635112;41501687;26639871;4856063;28765084
FR;1;2022-08-11;535;892;4294;28127;3560;42635647;41502579;26644165;4884190;28768644
FR;1;2022-08-12;585;1011;4537;27136;3745;42636232;41503590;26648702;4911326;28772389
FR;1;2022-08-13;173;344;1244;5100;1059;42636405;41503934;26649946;4916426;28773448
FR;1;2022-08-14;60;111;272;866;231;42636465;41504045;26650218;4917292;28773679
FR;1;2022-08-15;65;152;559;536;521;42636530;41504197;26650777;4917828;28774200
FR;1;2022-08-16;520;913;3770;21456;3200;42637050;41505110;26654547;4939284;28777400
FR;1;2022-08-17;521;860;3752;22079;3180;42637571;41505970;26658299;4961363;28780580
FR;1;2022-08-18;534;854;3895;25377;3098;42638105;41506824;26662194;4986740;28783678
FR;1;2022-08-19;518;1030;4353;26499;3586;42638623;41507854;26666547;5013239;28787264
FR;1;2022-08-20;228;394;1281;5357;1093;42638851;41508248;26667828;5018596;28788357
FR;1;2022-08-21;80;109;281;987;249;42638931;41508357;26668109;5019583;28788606
FR;1;2022-08-22;467;871;3123;14913;2696;42639398;41509228;26671232;5034496;28791302
FR;1;2022-08-23;630;1044;4137;28305;3475;42640028;41510272;26675369;5062801;28794777
FR;1;2022-08-24;549;819;3389;19047;2759;42640577;41511091;26678758;5081848;28797536
FR;1;2022-08-25;557;913;3805;22874;3187;42641134;41512004;26682563;5104722;28800723
FR;1;2022-08-26;744;1115;4333;25097;3550;42641878;41513119;26686896;5129819;28804273
FR;1;2022-08-27;215;426;1320;5294;1189;42642093;41513545;26688216;5135113;28805462
FR;1;2022-08-28;108;144;295;888;275;42642201;41513689;26688511;5136001;28805737
FR;1;2022-08-29;496;843;2969;14199;2509;42642697;41514532;26691480;5150200;28808246
FR;1;2022-08-30;735;1084;4607;27672;3762;42643432;41515616;26696087;5177872;28812008
FR;1;2022-08-31;570;806;3092;17177;2605;42644002;41516422;26699179;5195049;28814613
FR;1;2022-09-01;638;874;4257;21816;3614;42644640;41517296;26703436;5216865;28818227
FR;1;2022-09-02;762;1017;4847;27811;4045;42645402;41518313;26708283;5244676;28822272
FR;1;2022-09-03;306;491;1814;5856;1574;42645708;41518804;26710097;5250532;28823846
FR;1;2022-09-04;100;133;338;838;331;42645808;41518937;26710435;5251370;28824177
FR;1;2022-09-05;547;620;2951;15666;2460;42646355;41519557;26713386;5267036;28826637
FR;1;2022-09-06;706;909;4403;30939;3554;42647061;41520466;26717789;5297975;28830191
FR;1;2022-09-07;521;668;2894;16373;2401;42647582;41521134;26720683;5314348;28832592
FR;1;2022-09-08;553;767;3661;24107;2996;42648135;41521901;26724344;5338455;28835588
FR;1;2022-09-09;753;947;4237;26741;3531;42648888;41522848;26728581;5365196;28839119
FR;1;2022-09-10;310;450;1625;5549;1424;42649198;41523298;26730206;5370745;28840543
FR;1;2022-09-11;96;115;305;640;286;42649294;41523413;26730511;5371385;28840829
FR;1;2022-09-12;438;533;2395;12836;2026;42649732;41523946;26732906;5384221;28842855
FR;1;2022-09-13;563;776;3808;25591;3261;42650295;41524722;26736714;5409812;28846116
FR;1;2022-09-14;560;675;2799;15586;2328;42650855;41525397;26739513;5425398;28848444
FR;1;2022-09-15;493;681;3251;22918;2730;42651348;41526078;26742764;5448316;28851174
FR;1;2022-09-16;704;910;3957;25174;3307;42652052;41526988;26746721;5473490;28854481
FR;1;2022-09-17;285;398;1349;5944;1181;42652337;41527386;26748070;5479434;28855662
FR;1;2022-09-18;94;116;305;910;276;42652431;41527502;26748375;5480344;28855938
FR;1;2022-09-19;349;547;2068;12791;1769;42652780;41528049;26750443;5493135;28857707
FR;1;2022-09-20;541;781;3520;25591;2937;42653321;41528830;26753963;5518726;28860644
FR;1;2022-09-21;458;669;2585;15796;2221;42653779;41529499;26756548;5534522;28862865
FR;1;2022-09-22;523;723;3221;22815;2610;42654302;41530222;26759769;5557337;28865475
FR;1;2022-09-23;739;896;4189;27960;3468;42655041;41531118;26763958;5585297;28868943
FR;1;2022-09-24;344;523;1555;6674;1337;42655385;41531641;26765513;5591971;28870280
FR;1;2022-09-25;74;141;316;1068;288;42655459;41531782;26765829;5593039;28870568
FR;1;2022-09-26;365;610;2103;12869;1845;42655824;41532392;26767932;5605908;28872413
FR;1;2022-09-27;529;741;3392;24871;2720;42656353;41533133;26771324;5630779;28875133
FR;1;2022-09-28;499;700;2378;14852;2139;42656852;41533833;26773702;5645631;28877272
FR;1;2022-09-29;488;666;2911;20135;2436;42657340;41534499;26776613;5665766;28879708
FR;1;2022-09-30;651;936;3687;24158;3050;42657991;41535435;26780300;5689924;28882758
FR;1;2022-10-01;307;497;1456;5413;1223;42658298;41535932;26781756;5695337;28883981
FR;1;2022-10-02;43;107;186;555;190;42658341;41536039;26781942;5695892;28884171
FR;1;2022-10-03;366;507;1811;9888;1575;42658707;41536546;26783753;5705780;28885746
FR;1;2022-10-04;520;634;2590;18742;2155;42659227;41537180;26786343;5724522;28887901
FR;1;2022-10-05;405;627;1905;10890;1666;42659632;41537807;26788248;5735412;28889567
FR;1;2022-10-06;417;564;2324;15443;1892;42660049;41538371;26790572;5750855;28891459
FR;1;2022-10-07;508;697;2458;15690;2098;42660557;41539068;26793030;5766545;28893557
FR;1;2022-10-08;214;273;784;3059;679;42660771;41539341;26793814;5769604;28894236
FR;1;2022-10-09;67;79;123;410;117;42660838;41539420;26793937;5770014;28894353
FR;1;2022-10-10;253;325;846;4640;769;42661091;41539745;26794783;5774654;28895122
FR;2;2020-12-27;0;0;0;0;0;0;0;0;0;0
FR;2;2020-12-28;0;0;0;0;0;0;0;0;0;0
FR;2;2020-12-29;0;0;0;0;0;0;0;0;0;0
FR;2;2020-12-30;0;0;0;0;0;0;0;0;0;0
FR;2;2020-12-31;0;0;0;0;0;0;0;0;0;0
FR;2;2021-01-01;0;0;0;0;0;0;0;0;0;0
FR;2;2021-01-02;0;0;0;0;0;0;0;0;0;0
FR;2;2021-01-03;0;0;0;0;0;0;0;0;0;0
FR;2;2021-01-04;0;0;0;0;0;0;0;0;0;0
FR;2;2021-01-05;0;0;0;0;0;0;0;0;0;0
FR;2;2021-01-06;0;0;0;0;0;0;0;0;0;0
FR;2;2021-01-07;0;0;0;0;0;0;0;0;0;0
FR;2;2021-01-08;0;0;0;0;0;0;0;0;0;0
FR;2;2021-01-09;0;0;0;0;0;0;0;0;0;0
FR;2;2021-01-10;0;0;0;0;0;0;0;0;0;0
FR;2;2021-01-11;0;0;0;0;0;0;0;0;0;0
FR;2;2021-01-12;0;0;0;0;0;0;0;0;0;0
FR;2;2021-01-13;0;0;0;0;0;0;0;0;0;0
FR;2;2021-01-14;1662;0;0;0;0;1662;0;0;0;0
FR;2;2021-01-15;398;0;0;0;0;2060;0;0;0;0
FR;2;2021-01-16;316;0;0;0;0;2376;0;0;0;0
FR;2;2021-01-17;83;0;0;0;0;2459;0;0;0;0
FR;2;2021-01-18;3074;2;0;0;0;5533;2;0;0;0
FR;2;2021-01-19;4681;0;0;0;0;10214;2;0;0;0
FR;2;2021-01-20;5135;6;0;0;0;15349;8;0;0;0
FR;2;2021-01-21;5344;9;0;0;0;20693;17;0;0;0
FR;2;2021-01-22;5118;14;0;0;0;25811;31;0;0;0
FR;2;2021-01-23;1873;2;0;0;0;27684;33;0;0;0
FR;2;2021-01-24;162;2;0;0;0;27846;35;0;0;0
FR;2;2021-01-25;3814;3;0;0;0;31660;38;0;0;0
FR;2;2021-01-26;3923;5;0;0;0;35583;43;0;0;0
FR;2;2021-01-27;3602;4;0;0;0;39185;47;0;0;0
FR;2;2021-01-28;3753;8;0;0;0;42938;55;0;0;0
FR;2;2021-01-29;3295;3;0;0;0;46233;58;0;0;0
FR;2;2021-01-30;1130;3;0;0;0;47363;61;0;0;0
FR;2;2021-01-31;46;2;0;0;0;47409;63;0;0;0
FR;2;2021-02-01;3405;9;0;0;0;50814;72;0;0;0
FR;2;2021-02-02;4493;17;0;0;0;55307;89;0;0;0
FR;2;2021-02-03;5220;7;0;0;0;60527;96;0;0;0
FR;2;2021-02-04;4938;11;0;0;0;65465;107;0;0;0
FR;2;2021-02-05;4813;15;0;0;0;70278;122;0;0;0
FR;2;2021-02-06;2043;15;0;0;0;72321;137;0;0;0
FR;2;2021-02-07;102;4;0;0;0;72423;141;0;0;0
FR;2;2021-02-08;7556;24;0;0;0;79979;165;0;0;0
FR;2;2021-02-09;8425;27;0;0;0;88404;192;0;0;0
FR;2;2021-02-10;9342;60;0;0;0;97746;252;0;0;0
FR;2;2021-02-11;10287;120;0;0;0;108033;372;0;0;0
FR;2;2021-02-12;10055;269;0;0;0;118088;641;0;0;0
FR;2;2021-02-13;3120;225;0;0;0;121208;866;0;0;0
FR;2;2021-02-14;355;9;0;0;0;121563;875;0;0;0
FR;2;2021-02-15;3460;3111;0;0;0;125023;3986;0;0;0
FR;2;2021-02-16;5073;4116;0;0;0;130096;8102;0;0;0
FR;2;2021-02-17;4256;4527;0;0;0;134352;12629;0;0;0
FR;2;2021-02-18;5402;5158;0;0;0;139754;17787;0;0;0
FR;2;2021-02-19;5327;4457;0;0;0;145081;22244;0;0;0
FR;2;2021-02-20;1870;1515;0;0;0;146951;23759;0;0;0
FR;2;2021-02-21;244;95;0;0;0;147195;23854;0;0;0
FR;2;2021-02-22;3613;3764;0;0;0;150808;27618;0;0;0
FR;2;2021-02-23;4954;3719;0;0;0;155762;31337;0;0;0
FR;2;2021-02-24;5015;3528;0;0;0;160777;34865;0;0;0
FR;2;2021-02-25;5493;3472;0;0;0;166270;38337;0;0;0
FR;2;2021-02-26;4363;3165;0;0;0;170633;41502;0;0;0
FR;2;2021-02-27;1626;1060;0;0;0;172259;42562;0;0;0
FR;2;2021-02-28;178;22;0;0;0;172437;42584;0;0;0
FR;2;2021-03-01;5186;3753;0;0;0;177623;46337;0;0;0
FR;2;2021-03-02;6535;4719;0;0;0;184158;51056;0;0;0
FR;2;2021-03-03;6539;4939;0;0;0;190697;55995;0;0;0
FR;2;2021-03-04;8409;4155;0;0;0;199106;60150;0;0;0
FR;2;2021-03-05;8035;4053;0;0;0;207141;64203;0;0;0
FR;2;2021-03-06;4787;1680;0;0;0;211928;65883;0;0;0
FR;2;2021-03-07;2372;31;0;0;0;214300;65914;0;0;0
FR;2;2021-03-08;4166;8377;0;0;0;218466;74291;0;0;0
FR;2;2021-03-09;7491;8564;1;0;0;225957;82855;1;0;0
FR;2;2021-03-10;7102;9199;0;0;0;233059;92054;1;0;0
FR;2;2021-03-11;9376;9316;1;0;0;242435;101370;2;0;0
FR;2;2021-03-12;7978;8322;0;0;0;250413;109692;2;0;0
FR;2;2021-03-13;10054;2578;0;0;0;260467;112270;2;0;0
FR;2;2021-03-14;4840;385;0;0;0;265307;112655;2;0;0
FR;2;2021-03-15;10912;3480;0;0;0;276219;116135;2;0;0
FR;2;2021-03-16;16765;4675;1;0;0;292984;120810;3;0;0
FR;2;2021-03-17;20238;3992;0;0;0;313222;124802;3;0;0
FR;2;2021-03-18;23372;5064;0;0;0;336594;129866;3;0;0
FR;2;2021-03-19;23309;4637;0;0;0;359903;134503;3;0;0
FR;2;2021-03-20;25451;1590;0;0;0;385354;136093;3;0;0
FR;2;2021-03-21;17671;154;0;0;0;403025;136247;3;0;0
FR;2;2021-03-22;17787;3204;0;0;0;420812;139451;3;0;0
FR;2;2021-03-23;22695;4254;0;0;0;443507;143705;3;0;0
FR;2;2021-03-24;23957;5027;0;0;0;467464;148732;3;0;0
FR;2;2021-03-25;26751;5194;1;0;0;494215;153926;4;0;0
FR;2;2021-03-26;26984;4224;0;0;0;521199;158150;4;0;0
FR;2;2021-03-27;15920;1350;0;0;0;537119;159500;4;0;0
FR;2;2021-03-28;10562;135;0;0;0;547681;159635;4;0;0
FR;2;2021-03-29;18995;4315;0;0;0;566676;163950;4;0;0
FR;2;2021-03-30;24587;6078;0;0;0;591263;170028;4;0;0
FR;2;2021-03-31;28561;5919;0;0;0;619824;175947;4;0;0
FR;2;2021-04-01;34549;8546;1;0;0;654373;184493;5;0;0
FR;2;2021-04-02;29984;7701;0;0;0;684357;192194;5;0;0
FR;2;2021-04-03;16955;4094;0;0;0;701312;196288;5;0;0
FR;2;2021-04-04;9306;1182;2;0;0;710618;197470;7;0;0
FR;2;2021-04-05;12445;799;0;0;0;723063;198269;7;0;0
FR;2;2021-04-06;27154;7205;0;0;0;750217;205474;7;0;0
FR;2;2021-04-07;30931;7139;1;0;0;781148;212613;8;0;0
FR;2;2021-04-08;36891;8631;1;0;0;818039;221244;9;0;0
FR;2;2021-04-09;33846;8425;28;0;0;851885;229669;37;0;0
FR;2;2021-04-10;19684;9211;1;0;0;871569;238880;38;0;0
FR;2;2021-04-11;7942;4250;1;0;0;879511;243130;39;0;0
FR;2;2021-04-12;17127;11041;0;0;0;896638;254171;39;0;0
FR;2;2021-04-13;19457;16082;1;0;0;916095;270253;40;0;0
FR;2;2021-04-14;18066;16402;7;0;0;934161;286655;47;0;0
FR;2;2021-04-15;22198;21501;27;0;0;956359;308156;74;0;0
FR;2;2021-04-16;20710;20435;45;0;0;977069;328591;119;0;0
FR;2;2021-04-17;13256;22491;5;0;0;990325;351082;124;0;0
FR;2;2021-04-18;5909;14397;6;0;0;996234;365479;130;0;0
FR;2;2021-04-19;16841;16343;24;0;0;1013075;381822;154;0;0
FR;2;2021-04-20;19324;21677;38;0;0;1032399;403499;192;0;0
FR;2;2021-04-21;20290;21775;76;0;0;1052689;425274;268;0;0
FR;2;2021-04-22;23819;24908;41;0;0;1076508;450182;309;0;0
FR;2;2021-04-23;24527;25403;76;0;0;1101035;475585;385;0;0
FR;2;2021-04-24;25304;15063;104;0;0;1126339;490648;489;0;0
FR;2;2021-04-25;9595;8610;5;0;0;1135934;499258;494;0;0
FR;2;2021-04-26;17164;17464;21;0;0;1153098;516722;515;0;0
FR;2;2021-04-27;19243;24131;40;0;0;1172341;540853;555;0;0
FR;2;2021-04-28;22338;26342;112;0;0;1194679;567195;667;0;0
FR;2;2021-04-29;25471;30302;69;0;0;1220150;597497;736;0;0
FR;2;2021-04-30;25532;27894;49;1;0;1245682;625391;785;1;0
FR;2;2021-05-01;14986;9864;6;0;0;1260668;635255;791;1;0
FR;2;2021-05-02;6639;9171;2;0;0;1267307;644426;793;1;0
FR;2;2021-05-03;20017;19182;40;0;0;1287324;663608;833;1;0
FR;2;2021-05-04;18282;29130;33;0;0;1305606;692738;866;1;0
FR;2;2021-05-05;18374;29432;48;0;0;1323980;722170;914;1;0
FR;2;2021-05-06;23544;35323;132;0;0;1347524;757493;1046;1;0
FR;2;2021-05-07;25331;33221;97;0;0;1372855;790714;1143;1;0
FR;2;2021-05-08;21342;10311;14;0;0;1394197;801025;1157;1;0
FR;2;2021-05-09;13166;7720;7;0;0;1407363;808745;1164;1;0
FR;2;2021-05-10;32939;21897;49;0;0;1440302;830642;1213;1;0
FR;2;2021-05-11;43606;20966;101;0;0;1483908;851608;1314;1;0
FR;2;2021-05-12;50052;19715;143;0;0;1533960;871323;1457;1;0
FR;2;2021-05-13;51295;5670;31;0;0;1585255;876993;1488;1;0
FR;2;2021-05-14;61353;12891;132;0;0;1646608;889884;1620;1;0
FR;2;2021-05-15;65933;7124;39;0;0;1712541;897008;1659;1;0
FR;2;2021-05-16;43587;2572;10;0;0;1756128;899580;1669;1;0
FR;2;2021-05-17;44749;12492;114;0;0;1800877;912072;1783;1;0
FR;2;2021-05-18;54644;12264;191;0;0;1855521;924336;1974;1;0
FR;2;2021-05-19;57177;10544;281;0;0;1912698;934880;2255;1;0
FR;2;2021-05-20;63440;10808;288;0;0;1976138;945688;2543;1;0
FR;2;2021-05-21;64296;11624;230;0;0;2040434;957312;2773;1;0
FR;2;2021-05-22;61484;4518;65;0;0;2101918;961830;2838;1;0
FR;2;2021-05-23;37533;574;22;0;0;2139451;962404;2860;1;0
FR;2;2021-05-24;17242;2037;35;0;0;2156693;964441;2895;1;0
FR;2;2021-05-25;21112;12216;240;0;0;2177805;976657;3135;1;0
FR;2;2021-05-26;19939;11485;230;0;0;2197744;988142;3365;1;0
FR;2;2021-05-27;22997;12649;182;0;0;2220741;1000791;3547;1;0
FR;2;2021-05-28;29392;14995;190;0;0;2250133;1015786;3737;1;0
FR;2;2021-05-29;30420;8191;57;0;0;2280553;1023977;3794;1;0
FR;2;2021-05-30;4647;1816;6;0;0;2285200;1025793;3800;1;0
FR;2;2021-05-31;28589;18734;184;0;0;2313789;1044527;3984;1;0
FR;2;2021-06-01;45731;19928;224;0;0;2359520;1064455;4208;1;0
FR;2;2021-06-02;37474;19265;182;0;0;2396994;1083720;4390;1;0
FR;2;2021-06-03;51278;23184;161;0;0;2448272;1106904;4551;1;0
FR;2;2021-06-04;65511;24064;217;0;0;2513783;1130968;4768;1;0
FR;2;2021-06-05;34601;24069;52;0;0;2548384;1155037;4820;1;0
FR;2;2021-06-06;4956;6193;10;0;0;2553340;1161230;4830;1;0
FR;2;2021-06-07;28174;23012;150;0;0;2581514;1184242;4980;1;0
FR;2;2021-06-08;46376;22914;143;0;0;2627890;1207156;5123;1;0
FR;2;2021-06-09;34291;20942;107;0;0;2662181;1228098;5230;1;0
FR;2;2021-06-10;42639;19134;95;1;0;2704820;1247232;5325;2;0
FR;2;2021-06-11;55299;25161;134;0;0;2760119;1272393;5459;2;0
FR;2;2021-06-12;30561;19785;53;0;0;2790680;1292178;5512;2;0
FR;2;2021-06-13;3331;9193;13;0;0;2794011;1301371;5525;2;0
FR;2;2021-06-14;25300;24130;92;0;0;2819311;1325501;5617;2;0
FR;2;2021-06-15;39046;22833;154;0;0;2858357;1348334;5771;2;0
FR;2;2021-06-16;30163;21401;135;0;0;2888520;1369735;5906;2;0
FR;2;2021-06-17;36911;25812;150;0;0;2925431;1395547;6056;2;0
FR;2;2021-06-18;46859;28852;123;0;0;2972290;1424399;6179;2;0
FR;2;2021-06-19;24525;24898;39;0;0;2996815;1449297;6218;2;0
FR;2;2021-06-20;3742;10064;9;0;0;3000557;1459361;6227;2;0
FR;2;2021-06-21;17529;42842;88;0;0;3018086;1502203;6315;2;0
FR;2;2021-06-22;28360;49576;110;0;0;3046446;1551779;6425;2;0
FR;2;2021-06-23;21790;49588;107;1;1;3068236;1601367;6532;3;1
FR;2;2021-06-24;28375;50283;134;0;0;3096611;1651650;6666;3;1
FR;2;2021-06-25;33401;60423;128;0;0;3130012;1712073;6794;3;1
FR;2;2021-06-26;16386;59307;54;1;0;3146398;1771380;6848;4;1
FR;2;2021-06-27;2566;29313;22;1;0;3148964;1800693;6870;5;1
FR;2;2021-06-28;12640;54331;84;0;0;3161604;1855024;6954;5;1
FR;2;2021-06-29;19853;59948;178;0;0;3181457;1914972;7132;5;1
FR;2;2021-06-30;16330;57981;253;17;0;3197787;1972953;7385;22;1
FR;2;2021-07-01;20492;59879;228;0;0;3218279;2032832;7613;22;1
FR;2;2021-07-02;24078;62149;184;0;0;3242357;2094981;7797;22;1
FR;2;2021-07-03;12117;57112;153;0;0;3254474;2152093;7950;22;1
FR;2;2021-07-04;1959;23305;18;0;0;3256433;2175398;7968;22;1
FR;2;2021-07-05;9177;29344;106;0;0;3265610;2204742;8074;22;1
FR;2;2021-07-06;14582;36239;135;0;0;3280192;2240981;8209;22;1
FR;2;2021-07-07;14414;33658;139;0;0;3294606;2274639;8348;22;1
FR;2;2021-07-08;19721;40311;162;0;0;3314327;2314950;8510;22;1
FR;2;2021-07-09;27101;54307;202;1;0;3341428;2369257;8712;23;1
FR;2;2021-07-10;13386;33690;107;0;0;3354814;2402947;8819;23;1
FR;2;2021-07-11;1809;4356;16;0;0;3356623;2407303;8835;23;1
FR;2;2021-07-12;12969;37294;119;0;0;3369592;2444597;8954;23;1
FR;2;2021-07-13;37113;53180;152;0;0;3406705;2497777;9106;23;1
FR;2;2021-07-14;6625;3548;15;0;0;3413330;2501325;9121;23;1
FR;2;2021-07-15;47240;47029;156;0;0;3460570;2548354;9277;23;1
FR;2;2021-07-16;64316;55795;188;0;0;3524886;2604149;9465;23;1
FR;2;2021-07-17;31598;23925;96;0;0;3556484;2628074;9561;23;1
FR;2;2021-07-18;6088;4837;19;0;0;3562572;2632911;9580;23;1
FR;2;2021-07-19;33003;28636;94;0;0;3595575;2661547;9674;23;1
FR;2;2021-07-20;51998;44534;155;0;0;3647573;2706081;9829;23;1
FR;2;2021-07-21;45251;34707;93;0;0;3692824;2740788;9922;23;1
FR;2;2021-07-22;56280;41084;128;1;0;3749104;2781872;10050;24;1
FR;2;2021-07-23;68296;48995;170;0;0;3817400;2830867;10220;24;1
FR;2;2021-07-24;36175;21599;82;0;0;3853575;2852466;10302;24;1
FR;2;2021-07-25;6749;2622;10;0;0;3860324;2855088;10312;24;1
FR;2;2021-07-26;36313;22394;91;1;0;3896637;2877482;10403;25;1
FR;2;2021-07-27;62387;34588;180;0;0;3959024;2912070;10583;25;1
FR;2;2021-07-28;55319;26430;132;0;0;4014343;2938500;10715;25;1
FR;2;2021-07-29;68475;32805;189;0;0;4082818;2971305;10904;25;1
FR;2;2021-07-30;74462;37800;222;1;0;4157280;3009105;11126;26;1
FR;2;2021-07-31;34770;16205;104;0;0;4192050;3025310;11230;26;1
FR;2;2021-08-01;5413;2260;19;0;0;4197463;3027570;11249;26;1
FR;2;2021-08-02;35881;16188;101;0;0;4233344;3043758;11350;26;1
FR;2;2021-08-03;55985;28280;142;0;0;4289329;3072038;11492;26;1
FR;2;2021-08-04;46634;20845;128;1;0;4335963;3092883;11620;27;1
FR;2;2021-08-05;54635;31573;215;0;0;4390598;3124456;11835;27;1
FR;2;2021-08-06;58094;42400;242;1;0;4448692;3166856;12077;28;1
FR;2;2021-08-07;25148;17623;89;0;0;4473840;3184479;12166;28;1
FR;2;2021-08-08;3838;3652;21;0;0;4477678;3188131;12187;28;1
FR;2;2021-08-09;29307;21075;92;0;0;4506985;3209206;12279;28;1
FR;2;2021-08-10;45006;33485;155;0;0;4551991;3242691;12434;28;1
FR;2;2021-08-11;35274;25166;151;0;0;4587265;3267857;12585;28;1
FR;2;2021-08-12;41900;35703;163;0;0;4629165;3303560;12748;28;1
FR;2;2021-08-13;42600;37247;218;0;0;4671765;3340807;12966;28;1
FR;2;2021-08-14;18519;22178;93;0;0;4690284;3362985;13059;28;1
FR;2;2021-08-15;3853;3805;17;0;0;4694137;3366790;13076;28;1
FR;2;2021-08-16;25090;27151;111;0;0;4719227;3393941;13187;28;1
FR;2;2021-08-17;38260;43422;205;2;0;4757487;3437363;13392;30;1
FR;2;2021-08-18;32251;36364;195;1;1;4789738;3473727;13587;31;2
FR;2;2021-08-19;37434;46578;224;0;0;4827172;3520305;13811;31;2
FR;2;2021-08-20;40566;55634;270;1;0;4867738;3575939;14081;32;2
FR;2;2021-08-21;18120;24309;116;0;0;4885858;3600248;14197;32;2
FR;2;2021-08-22;2906;4325;22;1;1;4888764;3604573;14219;33;3
FR;2;2021-08-23;19248;35154;131;1;0;4908012;3639727;14350;34;3
FR;2;2021-08-24;31947;56055;236;0;0;4939959;3695782;14586;34;3
FR;2;2021-08-25;25933;43459;250;0;0;4965892;3739241;14836;34;3
FR;2;2021-08-26;32361;55813;388;0;0;4998253;3795054;15224;34;3
FR;2;2021-08-27;37003;65661;477;2;0;5035256;3860715;15701;36;3
FR;2;2021-08-28;17819;28527;300;0;0;5053075;3889242;16001;36;3
FR;2;2021-08-29;2656;5016;47;0;0;5055731;3894258;16048;36;3
FR;2;2021-08-30;18415;37742;400;0;759;5074146;3932000;16448;36;762
FR;2;2021-08-31;28077;57500;887;4;1550;5102223;3989500;17335;40;2312
FR;2;2021-09-01;21592;39865;1309;0;2113;5123815;4029365;18644;40;4425
FR;2;2021-09-02;25485;48660;1962;2;3345;5149300;4078025;20606;42;7770
FR;2;2021-09-03;33411;64536;2988;3;4864;5182711;4142561;23594;45;12634
FR;2;2021-09-04;16832;27736;1442;1;2374;5199543;4170297;25036;46;15008
FR;2;2021-09-05;2262;3610;266;0;412;5201805;4173907;25302;46;15420
FR;2;2021-09-06;14043;28711;1769;1;2942;5215848;4202618;27071;47;18362
FR;2;2021-09-07;21106;41096;3021;13;4907;5236954;4243714;30092;60;23269
FR;2;2021-09-08;17247;31926;2734;6;4490;5254201;4275640;32826;66;27759
FR;2;2021-09-09;20978;40476;4435;3;6810;5275179;4316116;37261;69;34569
FR;2;2021-09-10;28201;51256;5285;4;8912;5303380;4367372;42546;73;43481
FR;2;2021-09-11;13654;22426;2404;5;3969;5317034;4389798;44950;78;47450
FR;2;2021-09-12;1824;2774;291;0;510;5318858;4392572;45241;78;47960
FR;2;2021-09-13;11658;21439;2472;4;4030;5330516;4414011;47713;82;51990
FR;2;2021-09-14;18573;32748;5087;13;9050;5349089;4446759;52800;95;61040
FR;2;2021-09-15;14913;28263;5169;3;7766;5364002;4475022;57969;98;68806
FR;2;2021-09-16;16079;32776;6737;12;10525;5380081;4507798;64706;110;79331
FR;2;2021-09-17;20914;47135;8780;10;14607;5400995;4554933;73486;120;93938
FR;2;2021-09-18;9858;20949;3803;6;6032;5410853;4575882;77289;126;99970
FR;2;2021-09-19;1166;2607;396;0;633;5412019;4578489;77685;126;100603
FR;2;2021-09-20;7499;18734;3855;7;6142;5419518;4597223;81540;133;106745
FR;2;2021-09-21;11214;30006;6495;5;10745;5430732;4627229;88035;138;117490
FR;2;2021-09-22;9408;23543;5490;6;8520;5440140;4650772;93525;144;126010
FR;2;2021-09-23;10728;28905;7881;10;12650;5450868;4679677;101406;154;138660
FR;2;2021-09-24;15071;42919;10876;18;17232;5465939;4722596;112282;172;155892
FR;2;2021-09-25;7258;18780;3965;9;6110;5473197;4741376;116247;181;162002
FR;2;2021-09-26;1079;2550;495;0;629;5474276;4743926;116742;181;162631
FR;2;2021-09-27;6313;16416;4285;8;6537;5480589;4760342;121027;189;169168
FR;2;2021-09-28;9240;25547;7769;14;12072;5489829;4785889;128796;203;181240
FR;2;2021-09-29;8081;20207;6067;25;9256;5497910;4806096;134863;228;190496
FR;2;2021-09-30;9864;25828;9506;16;14100;5507774;4831924;144369;244;204596
FR;2;2021-10-01;13975;35719;12918;25;19305;5521749;4867643;157287;269;223901
FR;2;2021-10-02;6874;15915;4849;7;7029;5528623;4883558;162136;276;230930
FR;2;2021-10-03;841;1920;492;1;506;5529464;4885478;162628;277;231436
FR;2;2021-10-04;5824;13905;5515;5;7859;5535288;4899383;168143;282;239295
FR;2;2021-10-05;9058;22545;11121;19;15726;5544346;4921928;179264;301;255021
FR;2;2021-10-06;7783;17744;8242;11;11077;5552129;4939672;187506;312;266098
FR;2;2021-10-07;9202;22205;12381;15;16861;5561331;4961877;199887;327;282959
FR;2;2021-10-08;13429;32095;17348;27;23564;5574760;4993972;217235;354;306523
FR;2;2021-10-09;6000;12849;6042;6;7900;5580760;5006821;223277;360;314423
FR;2;2021-10-10;885;1606;436;2;615;5581645;5008427;223713;362;315038
FR;2;2021-10-11;5607;11564;6455;17;8831;5587252;5019991;230168;379;323869
FR;2;2021-10-12;8032;17784;12547;13;16771;5595284;5037775;242715;392;340640
FR;2;2021-10-13;6943;14851;10255;12;13633;5602227;5052626;252970;404;354273
FR;2;2021-10-14;8314;17934;14995;13;19460;5610541;5070560;267965;417;373733
FR;2;2021-10-15;11853;26304;20903;26;27971;5622394;5096864;288868;443;401704
FR;2;2021-10-16;5139;8737;1819;0;3216;5627533;5105601;290687;443;404920
FR;2;2021-10-17;651;1162;184;0;366;5628184;5106763;290871;443;405286
FR;2;2021-10-18;4562;7362;664;2;1643;5632746;5114125;291535;445;406929
FR;2;2021-10-19;6237;9868;732;5;2043;5638983;5123993;292267;450;408972
FR;2;2021-10-20;5170;8071;758;3;1683;5644153;5132064;293025;453;410655
FR;2;2021-10-21;6090;9972;779;5;2101;5650243;5142036;293804;458;412756
FR;2;2021-10-22;8450;14593;1148;4;2883;5658693;5156629;294952;462;415639
FR;2;2021-10-23;3845;5995;586;0;1231;5662538;5162624;295538;462;416870
FR;2;2021-10-24;494;888;100;0;206;5663032;5163512;295638;462;417076
FR;2;2021-10-25;3357;5349;306;1;825;5666389;5168861;295944;463;417901
FR;2;2021-10-26;4176;7255;1130;4;2021;5670565;5176116;297074;467;419922
FR;2;2021-10-27;3676;6604;1193;5;1993;5674241;5182720;298267;472;421915
FR;2;2021-10-28;4597;7698;1734;3;2750;5678838;5190418;300001;475;424665
FR;2;2021-10-29;5412;11091;2436;4;3678;5684250;5201509;302437;479;428343
FR;2;2021-10-30;2749;4445;976;1;1437;5686999;5205954;303413;480;429780
FR;2;2021-10-31;364;531;139;1;190;5687363;5206485;303552;481;429970
FR;2;2021-11-01;428;549;178;0;265;5687791;5207034;303730;481;430235
FR;2;2021-11-02;3293;6759;1183;0;1762;5691084;5213793;304913;481;431997
FR;2;2021-11-03;3340;6238;1386;2;1967;5694424;5220031;306299;483;433964
FR;2;2021-11-04;3986;7080;1767;4;2495;5698410;5227111;308066;487;436459
FR;2;2021-11-05;5233;10500;2867;5;3956;5703643;5237611;310933;492;440415
FR;2;2021-11-06;2594;4683;1403;0;1817;5706237;5242294;312336;492;442232
FR;2;2021-11-07;505;866;220;0;288;5706742;5243160;312556;492;442520
FR;2;2021-11-08;2578;5355;1202;3;1675;5709320;5248515;313758;495;444195
FR;2;2021-11-09;2750;6918;2401;5;3178;5712070;5255433;316159;500;447373
FR;2;2021-11-10;2589;5688;5110;6;6284;5714659;5261121;321269;506;453657
FR;2;2021-11-11;444;751;746;2;927;5715103;5261872;322015;508;454584
FR;2;2021-11-12;2953;8099;8972;8;10915;5718056;5269971;330987;516;465499
FR;2;2021-11-13;1539;3382;3870;7;4540;5719595;5273353;334857;523;470039
FR;2;2021-11-14;257;591;351;1;483;5719852;5273944;335208;524;470522
FR;2;2021-11-15;1622;3666;4445;9;5329;5721474;5277610;339653;533;475851
FR;2;2021-11-16;2184;5897;8307;14;10073;5723658;5283507;347960;547;485924
FR;2;2021-11-17;1741;4541;6628;8;7850;5725399;5288048;354588;555;493774
FR;2;2021-11-18;2192;5935;9180;10;11013;5727591;5293983;363768;565;504787
FR;2;2021-11-19;2700;7779;12972;19;15473;5730291;5301762;376740;584;520260
FR;2;2021-11-20;1565;3341;5174;5;6083;5731856;5305103;381914;589;526343
FR;2;2021-11-21;247;512;541;0;661;5732103;5305615;382455;589;527004
FR;2;2021-11-22;1278;2595;4479;5;5402;5733381;5308210;386934;594;532406
FR;2;2021-11-23;1617;4296;8198;9;9911;5734998;5312506;395132;603;542317
FR;2;2021-11-24;1418;3767;7473;14;8728;5736416;5316273;402605;617;551045
FR;2;2021-11-25;1813;4878;11468;21;13662;5738229;5321151;414073;638;564707
FR;2;2021-11-26;2540;7759;22669;31;26077;5740769;5328910;436742;669;590784
FR;2;2021-11-27;1497;4163;12270;18;14036;5742266;5333073;449012;687;604820
FR;2;2021-11-28;292;842;1971;3;2295;5742558;5333915;450983;690;607115
FR;2;2021-11-29;1447;4367;15089;23;17256;5744005;5338282;466072;713;624371
FR;2;2021-11-30;1912;6689;26241;36;29992;5745917;5344971;492313;749;654363
FR;2;2021-12-01;1915;6062;26202;31;29522;5747832;5351033;518515;780;683885
FR;2;2021-12-02;1913;6805;37714;52;41960;5749745;5357838;556229;832;725845
FR;2;2021-12-03;2556;10098;53620;111;59365;5752301;5367936;609849;943;785210
FR;2;2021-12-04;1848;6294;37115;38;40805;5754149;5374230;646964;981;826015
FR;2;2021-12-05;458;2253;14259;14;15990;5754607;5376483;661223;995;842005
FR;2;2021-12-06;2486;9885;77711;109;84769;5757093;5386368;738934;1104;926774
FR;2;2021-12-07;3455;15318;122444;238;133756;5760548;5401686;861378;1342;1060530
FR;2;2021-12-08;3725;16017;133194;330;145381;5764273;5417703;994572;1672;1205911
FR;2;2021-12-09;4548;19646;170205;555;185595;5768821;5437349;1164777;2227;1391506
FR;2;2021-12-10;4673;22854;188670;490;206157;5773494;5460203;1353447;2717;1597663
FR;2;2021-12-11;3686;16635;132443;239;144889;5777180;5476838;1485890;2956;1742552
FR;2;2021-12-12;1257;7134;59096;83;65154;5778437;5483972;1544986;3039;1807706
FR;2;2021-12-13;5528;26845;220696;605;242987;5783965;5510817;1765682;3644;2050693
FR;2;2021-12-14;7017;37482;300777;909;332225;5790982;5548299;2066459;4553;2382918
FR;2;2021-12-15;6555;36249;285224;957;315851;5797537;5584548;2351683;5510;2698769
FR;2;2021-12-16;7764;37928;312137;979;343749;5805301;5622476;2663820;6489;3042518
FR;2;2021-12-17;8682;41232;327882;976;360966;5813983;5663708;2991702;7465;3403484
FR;2;2021-12-18;6515;26559;212342;448;233652;5820498;5690267;3204044;7913;3637136
FR;2;2021-12-19;2603;11445;90210;182;100355;5823101;5701712;3294254;8095;3737491
FR;2;2021-12-20;9545;33566;275221;706;303376;5832646;5735278;3569475;8801;4040867
FR;2;2021-12-21;11563;38326;309628;968;341434;5844209;5773604;3879103;9769;4382301
FR;2;2021-12-22;10458;32810;265115;952;292474;5854667;5806414;4144218;10721;4674775
FR;2;2021-12-23;9426;26686;199509;701;221304;5864093;5833100;4343727;11422;4896079
FR;2;2021-12-24;2783;7486;43856;140;49558;5866876;5840586;4387583;11562;4945637
FR;2;2021-12-25;201;684;2002;10;2487;5867077;5841270;4389585;11572;4948124
FR;2;2021-12-26;1319;4211;25156;71;28681;5868396;5845481;4414741;11643;4976805
FR;2;2021-12-27;8077;29920;218413;659;243337;5876473;5875401;4633154;12302;5220142
FR;2;2021-12-28;9838;36328;272091;742;301994;5886311;5911729;4905245;13044;5522136
FR;2;2021-12-29;9497;32267;246134;765;272701;5895808;5943996;5151379;13809;5794837
FR;2;2021-12-30;9461;28103;208830;663;231456;5905269;5972099;5360209;14472;6026293
FR;2;2021-12-31;3010;8350;54991;176;61235;5908279;5980449;5415200;14648;6087528
FR;2;2022-01-01;229;693;2854;7;3352;5908508;5981142;5418054;14655;6090880
FR;2;2022-01-02;1505;4855;29513;75;33402;5910013;5985997;5447567;14730;6124282
FR;2;2022-01-03;9593;35404;266532;806;293901;5919606;6021401;5714099;15536;6418183
FR;2;2022-01-04;12851;45418;342087;1068;377016;5932457;6066819;6056186;16604;6795199
FR;2;2022-01-05;11272;38657;294188;884;323832;5943729;6105476;6350374;17488;7119031
FR;2;2022-01-06;13653;43499;331946;1298;364736;5957382;6148975;6682320;18786;7483767
FR;2;2022-01-07;14225;47639;361091;1270;396444;5971607;6196614;7043411;20056;7880211
FR;2;2022-01-08;7948;28147;201262;515;221702;5979555;6224761;7244673;20571;8101913
FR;2;2022-01-09;2749;8979;62524;137;69511;5982304;6233740;7307197;20708;8171424
FR;2;2022-01-10;10097;31918;232476;858;255048;5992401;6265658;7539673;21566;8426472
FR;2;2022-01-11;11469;36250;265919;1029;290617;6003870;6301908;7805592;22595;8717089
FR;2;2022-01-12;8765;29814;206320;863;226168;6012635;6331722;8011912;23458;8943257
FR;2;2022-01-13;9387;31345;224492;832;244842;6022022;6363067;8236404;24290;9188099
FR;2;2022-01-14;9742;35614;254539;920;277656;6031764;6398681;8490943;25210;9465755
FR;2;2022-01-15;5359;19453;140779;363;153637;6037123;6418134;8631722;25573;9619392
FR;2;2022-01-16;1512;5484;35886;81;39832;6038635;6423618;8667608;25654;9659224
FR;2;2022-01-17;5546;19277;135414;601;147256;6044181;6442895;8803022;26255;9806480
FR;2;2022-01-18;6421;21502;148631;648;160465;6050602;6464397;8951653;26903;9966945
FR;2;2022-01-19;4395;16326;105101;551;113704;6054997;6480723;9056754;27454;10080649
FR;2;2022-01-20;4871;17593;115295;603;123693;6059868;6498316;9172049;28057;10204342
FR;2;2022-01-21;5197;20061;137348;679;147771;6065065;6518377;9309397;28736;10352113
FR;2;2022-01-22;3030;10949;74262;260;80324;6068095;6529326;9383659;28996;10432437
FR;2;2022-01-23;724;2715;15241;41;16830;6068819;6532041;9398900;29037;10449267
FR;2;2022-01-24;3289;12817;75078;430;81031;6072108;6544858;9473978;29467;10530298
FR;2;2022-01-25;3574;14421;79625;496;85453;6075682;6559279;9553603;29963;10615751
FR;2;2022-01-26;2515;10700;58975;363;63024;6078197;6569979;9612578;30326;10678775
FR;2;2022-01-27;2681;11345;64177;388;67929;6080878;6581324;9676755;30714;10746704
FR;2;2022-01-28;3551;18304;91718;429;98920;6084429;6599628;9768473;31143;10845624
FR;2;2022-01-29;1894;9244;48851;164;52932;6086323;6608872;9817324;31307;10898556
FR;2;2022-01-30;464;2226;9454;38;10601;6086787;6611098;9826778;31345;10909157
FR;2;2022-01-31;1888;9570;43830;208;47337;6088675;6620668;9870608;31553;10956494
FR;2;2022-02-01;1916;10045;47030;279;50107;6090591;6630713;9917638;31832;11006601
FR;2;2022-02-02;1614;9005;41118;250;44162;6092205;6639718;9958756;32082;11050763
FR;2;2022-02-03;1725;8945;40523;205;42925;6093930;6648663;9999279;32287;11093688
FR;2;2022-02-04;2151;15196;66646;299;71344;6096081;6663859;10065925;32586;11165032
FR;2;2022-02-05;1360;8523;35945;132;39230;6097441;6672382;10101870;32718;11204262
FR;2;2022-02-06;275;1765;6127;16;6901;6097716;6674147;10107997;32734;11211163
FR;2;2022-02-07;1351;9566;37755;134;41296;6099067;6683713;10145752;32868;11252459
FR;2;2022-02-08;1299;9832;40952;173;43746;6100366;6693545;10186704;33041;11296205
FR;2;2022-02-09;1160;8838;37038;174;40462;6101526;6702383;10223742;33215;11336667
FR;2;2022-02-10;1028;7996;33836;204;36508;6102554;6710379;10257578;33419;11373175
FR;2;2022-02-11;1391;12085;53343;223;57696;6103945;6722464;10310921;33642;11430871
FR;2;2022-02-12;754;6533;27985;85;30804;6104699;6728997;10338906;33727;11461675
FR;2;2022-02-13;200;1340;4836;20;5577;6104899;6730337;10343742;33747;11467252
FR;2;2022-02-14;835;6731;30272;90;33231;6105734;6737068;10374014;33837;11500483
FR;2;2022-02-15;774;6471;28049;141;29992;6106508;6743539;10402063;33978;11530475
FR;2;2022-02-16;657;5361;22063;123;23628;6107165;6748900;10424126;34101;11554103
FR;2;2022-02-17;518;3783;14151;98;14617;6107683;6752683;10438277;34199;11568720
FR;2;2022-02-18;723;5368;20439;134;21128;6108406;6758051;10458716;34333;11589848
FR;2;2022-02-19;430;3056;10531;66;11245;6108836;6761107;10469247;34399;11601093
FR;2;2022-02-20;102;516;1460;3;1608;6108938;6761623;10470707;34402;11602701
FR;2;2022-02-21;422;2685;9122;65;9499;6109360;6764308;10479829;34467;11612200
FR;2;2022-02-22;390;2567;8892;76;8795;6109750;6766875;10488721;34543;11620995
FR;2;2022-02-23;432;2604;8991;82;9267;6110182;6769479;10497712;34625;11630262
FR;2;2022-02-24;314;2036;6800;81;6828;6110496;6771515;10504512;34706;11637090
FR;2;2022-02-25;457;3206;11418;107;11282;6110953;6774721;10515930;34813;11648372
FR;2;2022-02-26;297;1892;6035;49;6342;6111250;6776613;10521965;34862;11654714
FR;2;2022-02-27;76;313;907;5;950;6111326;6776926;10522872;34867;11655664
FR;2;2022-02-28;330;1688;5523;53;5531;6111656;6778614;10528395;34920;11661195
FR;2;2022-03-01;277;1568;5479;46;5196;6111933;6780182;10533874;34966;11666391
FR;2;2022-03-02;298;1445;5246;45;5090;6112231;6781627;10539120;35011;11671481
FR;2;2022-03-03;225;1111;3708;42;3485;6112456;6782738;10542828;35053;11674966
FR;2;2022-03-04;243;1468;4857;74;4505;6112699;6784206;10547685;35127;11679471
FR;2;2022-03-05;174;906;2979;32;2723;6112873;6785112;10550664;35159;11682194
FR;2;2022-03-06;42;183;280;5;320;6112915;6785295;10550944;35164;11682514
FR;2;2022-03-07;156;658;1987;70;1777;6113071;6785953;10552931;35234;11684291
FR;2;2022-03-08;144;667;2273;51;1906;6113215;6786620;10555204;35285;11686197
FR;2;2022-03-09;154;707;2348;37;2049;6113369;6787327;10557552;35322;11688246
FR;2;2022-03-10;123;603;1694;35;1469;6113492;6787930;10559246;35357;11689715
FR;2;2022-03-11;172;756;2767;57;2366;6113664;6788686;10562013;35414;11692081
FR;2;2022-03-12;149;484;1785;27;1554;6113813;6789170;10563798;35441;11693635
FR;2;2022-03-13;25;75;203;29;204;6113838;6789245;10564001;35470;11693839
FR;2;2022-03-14;128;470;1567;529;1297;6113966;6789715;10565568;35999;11695136
FR;2;2022-03-15;138;439;1712;690;1332;6114104;6790154;10567280;36689;11696468
FR;2;2022-03-16;142;475;2013;1615;1593;6114246;6790629;10569293;38304;11698061
FR;2;2022-03-17;93;413;1408;1193;1144;6114339;6791042;10570701;39497;11699205
FR;2;2022-03-18;146;495;2019;1792;1662;6114485;6791537;10572720;41289;11700867
FR;2;2022-03-19;108;321;1210;940;1015;6114593;6791858;10573930;42229;11701882
FR;2;2022-03-20;13;77;191;59;168;6114606;6791935;10574121;42288;11702050
FR;2;2022-03-21;96;307;1214;1483;1077;6114702;6792242;10575335;43771;11703127
FR;2;2022-03-22;118;388;1530;1830;1291;6114820;6792630;10576865;45601;11704418
FR;2;2022-03-23;139;361;1671;3031;1467;6114959;6792991;10578536;48632;11705885
FR;2;2022-03-24;116;293;1183;1547;1001;6115075;6793284;10579719;50179;11706886
FR;2;2022-03-25;119;361;1805;2449;1475;6115194;6793645;10581524;52628;11708361
FR;2;2022-03-26;77;247;1203;1222;952;6115271;6793892;10582727;53850;11709313
FR;2;2022-03-27;19;36;153;100;132;6115290;6793928;10582880;53950;11709445
FR;2;2022-03-28;94;288;1137;1601;995;6115384;6794216;10584017;55551;11710440
FR;2;2022-03-29;108;258;1324;2466;1104;6115492;6794474;10585341;58017;11711544
FR;2;2022-03-30;91;312;1487;3184;1319;6115583;6794786;10586828;61201;11712863
FR;2;2022-03-31;104;284;1275;2331;1090;6115687;6795070;10588103;63532;11713953
FR;2;2022-04-01;123;323;1567;2347;1322;6115810;6795393;10589670;65879;11715275
FR;2;2022-04-02;76;161;845;891;737;6115886;6795554;10590515;66770;11716012
FR;2;2022-04-03;16;53;128;113;142;6115902;6795607;10590643;66883;11716154
FR;2;2022-04-04;113;238;986;1438;795;6116015;6795845;10591629;68321;11716949
FR;2;2022-04-05;143;294;1314;2904;1141;6116158;6796139;10592943;71225;11718090
FR;2;2022-04-06;89;259;1305;2520;1129;6116247;6796398;10594248;73745;11719219
FR;2;2022-04-07;120;223;1300;2682;1040;6116367;6796621;10595548;76427;11720259
FR;2;2022-04-08;125;336;1629;3267;1323;6116492;6796957;10597177;79694;11721582
FR;2;2022-04-09;90;219;899;1046;731;6116582;6797176;10598076;80740;11722313
FR;2;2022-04-10;37;48;143;162;119;6116619;6797224;10598219;80902;11722432
FR;2;2022-04-11;88;194;889;1559;779;6116707;6797418;10599108;82461;11723211
FR;2;2022-04-12;176;270;1180;2738;1059;6116883;6797688;10600288;85199;11724270
FR;2;2022-04-13;146;230;1124;2455;986;6117029;6797918;10601412;87654;11725256
FR;2;2022-04-14;115;222;1085;2676;917;6117144;6798140;10602497;90330;11726173
FR;2;2022-04-15;114;249;1213;2289;1067;6117258;6798389;10603710;92619;11727240
FR;2;2022-04-16;67;108;548;549;459;6117325;6798497;10604258;93168;11727699
FR;2;2022-04-17;15;26;57;53;53;6117340;6798523;10604315;93221;11727752
FR;2;2022-04-18;12;35;120;70;115;6117352;6798558;10604435;93291;11727867
FR;2;2022-04-19;112;237;1117;1707;949;6117464;6798795;10605552;94998;11728816
FR;2;2022-04-20;95;240;1106;2157;931;6117559;6799035;10606658;97155;11729747
FR;2;2022-04-21;111;231;981;1911;837;6117670;6799266;10607639;99066;11730584
FR;2;2022-04-22;98;274;1242;2086;1023;6117768;6799540;10608881;101152;11731607
FR;2;2022-04-23;67;156;644;762;573;6117835;6799696;10609525;101914;11732180
FR;2;2022-04-24;12;29;101;68;79;6117847;6799725;10609626;101982;11732259
FR;2;2022-04-25;103;204;820;1314;710;6117950;6799929;10610446;103296;11732969
FR;2;2022-04-26;108;183;1041;2016;878;6118058;6800112;10611487;105312;11733847
FR;2;2022-04-27;98;178;860;1783;764;6118156;6800290;10612347;107095;11734611
FR;2;2022-04-28;92;214;950;1926;843;6118248;6800504;10613297;109021;11735454
FR;2;2022-04-29;81;280;1130;1695;1040;6118329;6800784;10614427;110716;11736494
FR;2;2022-04-30;65;126;470;538;429;6118394;6800910;10614897;111254;11736923
FR;2;2022-05-01;23;24;84;48;85;6118417;6800934;10614981;111302;11737008
FR;2;2022-05-02;116;232;762;1214;660;6118533;6801166;10615743;112516;11737668
FR;2;2022-05-03;148;230;998;1768;937;6118681;6801396;10616741;114284;11738605
FR;2;2022-05-04;90;225;923;1809;866;6118771;6801621;10617664;116093;11739471
FR;2;2022-05-05;127;197;851;1697;768;6118898;6801818;10618515;117790;11740239
FR;2;2022-05-06;133;246;1099;1848;1014;6119031;6802064;10619614;119638;11741253
FR;2;2022-05-07;40;98;470;504;406;6119071;6802162;10620084;120142;11741659
FR;2;2022-05-08;47;54;107;71;102;6119118;6802216;10620191;120213;11741761
FR;2;2022-05-09;101;174;654;984;604;6119219;6802390;10620845;121197;11742365
FR;2;2022-05-10;120;249;938;1831;893;6119339;6802639;10621783;123028;11743258
FR;2;2022-05-11;100;176;811;1871;791;6119439;6802815;10622594;124899;11744049
FR;2;2022-05-12;111;173;843;2092;801;6119550;6802988;10623437;126991;11744850
FR;2;2022-05-13;100;232;967;2089;896;6119650;6803220;10624404;129080;11745746
FR;2;2022-05-14;76;117;451;554;409;6119726;6803337;10624855;129634;11746155
FR;2;2022-05-15;24;39;94;87;108;6119750;6803376;10624949;129721;11746263
FR;2;2022-05-16;103;170;599;923;536;6119853;6803546;10625548;130644;11746799
FR;2;2022-05-17;95;184;689;1685;657;6119948;6803730;10626237;132329;11747456
FR;2;2022-05-18;80;181;641;1431;646;6120028;6803911;10626878;133760;11748102
FR;2;2022-05-19;70;160;708;1831;750;6120098;6804071;10627586;135591;11748852
FR;2;2022-05-20;107;178;873;1700;777;6120205;6804249;10628459;137291;11749629
FR;2;2022-05-21;48;96;397;517;338;6120253;6804345;10628856;137808;11749967
FR;2;2022-05-22;8;23;69;37;57;6120261;6804368;10628925;137845;11750024
FR;2;2022-05-23;86;133;498;931;469;6120347;6804501;10629423;138776;11750493
FR;2;2022-05-24;87;163;627;1620;615;6120434;6804664;10630050;140396;11751108
FR;2;2022-05-25;72;145;538;1148;492;6120506;6804809;10630588;141544;11751600
FR;2;2022-05-26;11;31;77;42;85;6120517;6804840;10630665;141586;11751685
FR;2;2022-05-27;44;123;456;817;438;6120561;6804963;10631121;142403;11752123
FR;2;2022-05-28;28;60;221;244;221;6120589;6805023;10631342;142647;11752344
FR;2;2022-05-29;13;34;43;25;51;6120602;6805057;10631385;142672;11752395
FR;2;2022-05-30;65;108;422;721;407;6120667;6805165;10631807;143393;11752802
FR;2;2022-05-31;76;135;563;1277;510;6120743;6805300;10632370;144670;11753312
FR;2;2022-06-01;59;157;562;1074;541;6120802;6805457;10632932;145744;11753853
FR;2;2022-06-02;92;175;625;1412;591;6120894;6805632;10633557;147156;11754444
FR;2;2022-06-03;71;155;666;1604;593;6120965;6805787;10634223;148760;11755037
FR;2;2022-06-04;68;93;282;433;269;6121033;6805880;10634505;149193;11755306
FR;2;2022-06-05;12;17;62;57;47;6121045;6805897;10634567;149250;11755353
FR;2;2022-06-06;11;32;92;75;92;6121056;6805929;10634659;149325;11755445
FR;2;2022-06-07;99;218;666;1533;576;6121155;6806147;10635325;150858;11756021
FR;2;2022-06-08;70;118;475;1165;411;6121225;6806265;10635800;152023;11756432
FR;2;2022-06-09;93;166;612;1921;570;6121318;6806431;10636412;153944;11757002
FR;2;2022-06-10;91;167;650;1682;621;6121409;6806598;10637062;155626;11757623
FR;2;2022-06-11;43;84;286;528;258;6121452;6806682;10637348;156154;11757881
FR;2;2022-06-12;18;38;58;78;60;6121470;6806720;10637406;156232;11757941
FR;2;2022-06-13;39;119;393;952;378;6121509;6806839;10637799;157184;11758319
FR;2;2022-06-14;68;156;599;2087;537;6121577;6806995;10638398;159271;11758856
FR;2;2022-06-15;77;104;521;1500;445;6121654;6807099;10638919;160771;11759301
FR;2;2022-06-16;127;127;495;1411;422;6121781;6807226;10639414;162182;11759723
FR;2;2022-06-17;72;136;586;1817;514;6121853;6807362;10640000;163999;11760237
FR;2;2022-06-18;75;92;224;578;196;6121928;6807454;10640224;164577;11760433
FR;2;2022-06-19;11;16;53;71;41;6121939;6807470;10640277;164648;11760474
FR;2;2022-06-20;62;125;401;1027;392;6122001;6807595;10640678;165675;11760866
FR;2;2022-06-21;107;115;524;2123;453;6122108;6807710;10641202;167798;11761319
FR;2;2022-06-22;39;107;462;1889;414;6122147;6807817;10641664;169687;11761733
FR;2;2022-06-23;56;108;537;2281;452;6122203;6807925;10642201;171968;11762185
FR;2;2022-06-24;66;122;708;3198;570;6122269;6808047;10642909;175166;11762755
FR;2;2022-06-25;30;90;295;987;252;6122299;6808137;10643204;176153;11763007
FR;2;2022-06-26;30;27;131;194;97;6122329;6808164;10643335;176347;11763104
FR;2;2022-06-27;79;137;580;2472;481;6122408;6808301;10643915;178819;11763585
FR;2;2022-06-28;110;140;812;4814;650;6122518;6808441;10644727;183633;11764235
FR;2;2022-06-29;71;149;775;4407;636;6122589;6808590;10645502;188040;11764871
FR;2;2022-06-30;72;133;832;5177;618;6122661;6808723;10646334;193217;11765489
FR;2;2022-07-01;112;158;1148;6691;847;6122773;6808881;10647482;199908;11766336
FR;2;2022-07-02;68;131;474;1975;392;6122841;6809012;10647956;201883;11766728
FR;2;2022-07-03;23;30;146;334;130;6122864;6809042;10648102;202217;11766858
FR;2;2022-07-04;120;180;776;3774;612;6122984;6809222;10648878;205991;11767470
FR;2;2022-07-05;118;186;1120;6814;827;6123102;6809408;10649998;212805;11768297
FR;2;2022-07-06;92;148;947;5802;693;6123194;6809556;10650945;218607;11768990
FR;2;2022-07-07;81;185;1021;6498;750;6123275;6809741;10651966;225105;11769740
FR;2;2022-07-08;65;122;1092;7031;755;6123340;6809863;10653058;232136;11770495
FR;2;2022-07-09;34;61;417;1869;298;6123374;6809924;10653475;234005;11770793
FR;2;2022-07-10;6;17;96;315;82;6123380;6809941;10653571;234320;11770875
FR;2;2022-07-11;68;119;682;3815;540;6123448;6810060;10654253;238135;11771415
FR;2;2022-07-12;101;178;1051;6505;807;6123549;6810238;10655304;244640;11772222
FR;2;2022-07-13;63;126;880;4661;592;6123612;6810364;10656184;249301;11772814
FR;2;2022-07-14;6;13;87;248;58;6123618;6810377;10656271;249549;11772872
FR;2;2022-07-15;61;129;739;3789;560;6123679;6810506;10657010;253338;11773432
FR;2;2022-07-16;27;54;289;1029;242;6123706;6810560;10657299;254367;11773674
FR;2;2022-07-17;5;12;77;201;66;6123711;6810572;10657376;254568;11773740
FR;2;2022-07-18;57;103;514;2509;384;6123768;6810675;10657890;257077;11774124
FR;2;2022-07-19;66;132;769;4247;555;6123834;6810807;10658659;261324;11774679
FR;2;2022-07-20;59;118;580;3179;430;6123893;6810925;10659239;264503;11775109
FR;2;2022-07-21;60;109;671;3678;485;6123953;6811034;10659910;268181;11775594
FR;2;2022-07-22;51;98;697;3528;505;6124004;6811132;10660607;271709;11776099
FR;2;2022-07-23;39;95;290;1173;229;6124043;6811227;10660897;272882;11776328
FR;2;2022-07-24;14;23;68;201;67;6124057;6811250;10660965;273083;11776395
FR;2;2022-07-25;50;71;401;1927;296;6124107;6811321;10661366;275010;11776691
FR;2;2022-07-26;59;133;605;3423;476;6124166;6811454;10661971;278433;11777167
FR;2;2022-07-27;42;81;456;2782;361;6124208;6811535;10662427;281215;11777528
FR;2;2022-07-28;29;75;449;2476;356;6124237;6811610;10662876;283691;11777884
FR;2;2022-07-29;68;87;535;2855;347;6124305;6811697;10663411;286546;11778231
FR;2;2022-07-30;21;38;162;774;110;6124326;6811735;10663573;287320;11778341
FR;2;2022-07-31;6;13;27;104;21;6124332;6811748;10663600;287424;11778362
FR;2;2022-08-01;38;103;323;1261;259;6124370;6811851;10663923;288685;11778621
FR;2;2022-08-02;49;73;324;2060;246;6124419;6811924;10664247;290745;11778867
FR;2;2022-08-03;29;52;258;1610;187;6124448;6811976;10664505;292355;11779054
FR;2;2022-08-04;40;63;306;1686;240;6124488;6812039;10664811;294041;11779294
FR;2;2022-08-05;33;94;327;1879;235;6124521;6812133;10665138;295920;11779529
FR;2;2022-08-06;22;40;106;365;82;6124543;6812173;10665244;296285;11779611
FR;2;2022-08-07;7;8;14;69;16;6124550;6812181;10665258;296354;11779627
FR;2;2022-08-08;19;35;216;876;144;6124569;6812216;10665474;297230;11779771
FR;2;2022-08-09;28;51;278;1475;238;6124597;6812267;10665752;298705;11780009
FR;2;2022-08-10;15;21;213;1126;150;6124612;6812288;10665965;299831;11780159
FR;2;2022-08-11;21;41;174;1037;117;6124633;6812329;10666139;300868;11780276
FR;2;2022-08-12;36;48;184;1042;140;6124669;6812377;10666323;301910;11780416
FR;2;2022-08-13;8;19;46;149;52;6124677;6812396;10666369;302059;11780468
FR;2;2022-08-14;1;2;12;52;11;6124678;6812398;10666381;302111;11780479
FR;2;2022-08-15;0;5;32;22;21;6124678;6812403;10666413;302133;11780500
FR;2;2022-08-16;27;32;144;672;120;6124705;6812435;10666557;302805;11780620
FR;2;2022-08-17;16;26;108;738;87;6124721;6812461;10666665;303543;11780707
FR;2;2022-08-18;13;28;159;835;106;6124734;6812489;10666824;304378;11780813
FR;2;2022-08-19;8;38;116;703;86;6124742;6812527;10666940;305081;11780899
FR;2;2022-08-20;6;26;56;196;47;6124748;6812553;10666996;305277;11780946
FR;2;2022-08-21;4;14;15;19;13;6124752;6812567;10667011;305296;11780959
FR;2;2022-08-22;10;24;116;395;73;6124762;6812591;10667127;305691;11781032
FR;2;2022-08-23;11;40;134;669;112;6124773;6812631;10667261;306360;11781144
FR;2;2022-08-24;11;27;86;466;78;6124784;6812658;10667347;306826;11781222
FR;2;2022-08-25;7;31;109;481;69;6124791;6812689;10667456;307307;11781291
FR;2;2022-08-26;15;45;117;720;91;6124806;6812734;10667573;308027;11781382
FR;2;2022-08-27;10;18;47;156;42;6124816;6812752;10667620;308183;11781424
FR;2;2022-08-28;1;5;5;15;7;6124817;6812757;10667625;308198;11781431
FR;2;2022-08-29;24;42;91;400;85;6124841;6812799;10667716;308598;11781516
FR;2;2022-08-30;31;54;154;787;119;6124872;6812853;10667870;309385;11781635
FR;2;2022-08-31;18;34;85;391;79;6124890;6812887;10667955;309776;11781714
FR;2;2022-09-01;19;42;139;600;122;6124909;6812929;10668094;310376;11781836
FR;2;2022-09-02;31;54;145;744;156;6124940;6812983;10668239;311120;11781992
FR;2;2022-09-03;17;20;82;204;66;6124957;6813003;10668321;311324;11782058
FR;2;2022-09-04;8;5;9;31;10;6124965;6813008;10668330;311355;11782068
FR;2;2022-09-05;28;28;123;367;95;6124993;6813036;10668453;311722;11782163
FR;2;2022-09-06;43;61;158;761;153;6125036;6813097;10668611;312483;11782316
FR;2;2022-09-07;21;20;74;375;49;6125057;6813117;10668685;312858;11782365
FR;2;2022-09-08;31;57;108;636;99;6125088;6813174;10668793;313494;11782464
FR;2;2022-09-09;17;24;126;750;74;6125105;6813198;10668919;314244;11782538
FR;2;2022-09-10;13;23;54;117;47;6125118;6813221;10668973;314361;11782585
FR;2;2022-09-11;9;5;10;11;12;6125127;6813226;10668983;314372;11782597
FR;2;2022-09-12;18;30;68;340;55;6125145;6813256;10669051;314712;11782652
FR;2;2022-09-13;15;34;126;669;99;6125160;6813290;10669177;315381;11782751
FR;2;2022-09-14;18;21;81;478;59;6125178;6813311;10669258;315859;11782810
FR;2;2022-09-15;19;42;124;486;101;6125197;6813353;10669382;316345;11782911
FR;2;2022-09-16;18;29;122;563;88;6125215;6813382;10669504;316908;11782999
FR;2;2022-09-17;4;19;54;160;51;6125219;6813401;10669558;317068;11783050
FR;2;2022-09-18;3;7;13;36;10;6125222;6813408;10669571;317104;11783060
FR;2;2022-09-19;26;24;114;352;87;6125248;6813432;10669685;317456;11783147
FR;2;2022-09-20;26;26;117;624;83;6125274;6813458;10669802;318080;11783230
FR;2;2022-09-21;15;29;99;393;77;6125289;6813487;10669901;318473;11783307
FR;2;2022-09-22;17;38;121;578;92;6125306;6813525;10670022;319051;11783399
FR;2;2022-09-23;20;38;132;553;109;6125326;6813563;10670154;319604;11783508
FR;2;2022-09-24;10;8;50;189;35;6125336;6813571;10670204;319793;11783543
FR;2;2022-09-25;9;10;14;29;11;6125345;6813581;10670218;319822;11783554
FR;2;2022-09-26;21;40;102;444;79;6125366;6813621;10670320;320266;11783633
FR;2;2022-09-27;30;45;154;877;104;6125396;6813666;10670474;321143;11783737
FR;2;2022-09-28;14;31;93;419;73;6125410;6813697;10670567;321562;11783810
FR;2;2022-09-29;26;47;113;614;109;6125436;6813744;10670680;322176;11783919
FR;2;2022-09-30;24;43;110;518;83;6125460;6813787;10670790;322694;11784002
FR;2;2022-10-01;10;19;44;121;30;6125470;6813806;10670834;322815;11784032
FR;2;2022-10-02;0;5;8;21;5;6125470;6813811;10670842;322836;11784037
FR;2;2022-10-03;20;20;78;286;59;6125490;6813831;10670920;323122;11784096
FR;2;2022-10-04;15;19;98;604;61;6125505;6813850;10671018;323726;11784157
FR;2;2022-10-05;20;28;73;489;67;6125525;6813878;10671091;324215;11784224
FR;2;2022-10-06;29;23;69;436;70;6125554;6813901;10671160;324651;11784294
FR;2;2022-10-07;21;28;84;493;63;6125575;6813929;10671244;325144;11784357
FR;2;2022-10-08;12;9;18;113;20;6125587;6813938;10671262;325257;11784377
FR;2;2022-10-09;1;8;15;17;11;6125588;6813946;10671277;325274;11784388
FR;2;2022-10-10;18;16;36;222;36;6125606;6813962;10671313;325496;11784424
FR;3;2020-12-27;0;0;0;0;0;0;0;0;0;0
FR;3;2020-12-28;0;0;0;0;0;0;0;0;0;0
FR;3;2020-12-29;0;0;0;0;0;0;0;0;0;0
FR;3;2020-12-30;0;0;0;0;0;0;0;0;0;0
FR;3;2020-12-31;0;0;0;0;0;0;0;0;0;0
FR;3;2021-01-01;0;0;0;0;0;0;0;0;0;0
FR;3;2021-01-02;0;0;0;0;0;0;0;0;0;0
FR;3;2021-01-03;0;0;0;0;0;0;0;0;0;0
FR;3;2021-01-04;0;0;0;0;0;0;0;0;0;0
FR;3;2021-01-05;0;0;0;0;0;0;0;0;0;0
FR;3;2021-01-06;0;0;0;0;0;0;0;0;0;0
FR;3;2021-01-07;0;0;0;0;0;0;0;0;0;0
FR;3;2021-01-08;0;0;0;0;0;0;0;0;0;0
FR;3;2021-01-09;0;0;0;0;0;0;0;0;0;0
FR;3;2021-01-10;0;0;0;0;0;0;0;0;0;0
FR;3;2021-01-11;0;0;0;0;0;0;0;0;0;0
FR;3;2021-01-12;0;0;0;0;0;0;0;0;0;0
FR;3;2021-01-13;0;0;0;0;0;0;0;0;0;0
FR;3;2021-01-14;0;0;0;0;0;0;0;0;0;0
FR;3;2021-01-15;0;0;0;0;0;0;0;0;0;0
FR;3;2021-01-16;0;0;0;0;0;0;0;0;0;0
FR;3;2021-01-17;0;0;0;0;0;0;0;0;0;0
FR;3;2021-01-18;0;0;0;0;0;0;0;0;0;0
FR;3;2021-01-19;0;0;0;0;0;0;0;0;0;0
FR;3;2021-01-20;0;0;0;0;0;0;0;0;0;0
FR;3;2021-01-21;0;0;0;0;0;0;0;0;0;0
FR;3;2021-01-22;0;0;0;0;0;0;0;0;0;0
FR;3;2021-01-23;0;0;0;0;0;0;0;0;0;0
FR;3;2021-01-24;0;0;0;0;0;0;0;0;0;0
FR;3;2021-01-25;0;0;0;0;0;0;0;0;0;0
FR;3;2021-01-26;0;0;0;0;0;0;0;0;0;0
FR;3;2021-01-27;0;0;0;0;0;0;0;0;0;0
FR;3;2021-01-28;0;0;0;0;0;0;0;0;0;0
FR;3;2021-01-29;0;0;0;0;0;0;0;0;0;0
FR;3;2021-01-30;0;0;0;0;0;0;0;0;0;0
FR;3;2021-01-31;0;0;0;0;0;0;0;0;0;0
FR;3;2021-02-01;0;0;0;0;0;0;0;0;0;0
FR;3;2021-02-02;0;0;0;0;0;0;0;0;0;0
FR;3;2021-02-03;0;0;0;0;0;0;0;0;0;0
FR;3;2021-02-04;0;0;0;0;0;0;0;0;0;0
FR;3;2021-02-05;0;0;0;0;0;0;0;0;0;0
FR;3;2021-02-06;1555;0;0;0;0;1555;0;0;0;0
FR;3;2021-02-07;1423;1;0;0;0;2978;1;0;0;0
FR;3;2021-02-08;2787;1;0;0;0;5765;2;0;0;0
FR;3;2021-02-09;6783;0;0;0;0;12548;2;0;0;0
FR;3;2021-02-10;9609;0;0;0;0;22157;2;0;0;0
FR;3;2021-02-11;13618;1;0;0;0;35775;3;0;0;0
FR;3;2021-02-12;13408;0;0;0;0;49183;3;0;0;0
FR;3;2021-02-13;3798;1;0;0;0;52981;4;0;0;0
FR;3;2021-02-14;975;0;0;0;0;53956;4;0;0;0
FR;3;2021-02-15;10492;1;0;0;0;64448;5;0;0;0
FR;3;2021-02-16;12550;4;0;0;0;76998;9;0;0;0
FR;3;2021-02-17;11158;1;0;0;0;88156;10;0;0;0
FR;3;2021-02-18;14942;2;0;0;0;103098;12;0;0;0
FR;3;2021-02-19;14362;1;0;0;0;117460;13;0;0;0
FR;3;2021-02-20;3330;0;0;0;0;120790;13;0;0;0
FR;3;2021-02-21;619;0;0;0;0;121409;13;0;0;0
FR;3;2021-02-22;9167;0;0;0;0;130576;13;0;0;0
FR;3;2021-02-23;11398;3;0;0;0;141974;16;0;0;0
FR;3;2021-02-24;14305;1;0;0;0;156279;17;0;0;0
FR;3;2021-02-25;44931;3;0;0;0;201210;20;0;0;0
FR;3;2021-02-26;61888;9;0;0;0;263098;29;0;0;0
FR;3;2021-02-27;34806;11;0;0;0;297904;40;0;0;0
FR;3;2021-02-28;2463;0;0;0;0;300367;40;0;0;0
FR;3;2021-03-01;20518;18;0;0;0;320885;58;0;0;0
FR;3;2021-03-02;38871;22;0;0;0;359756;80;0;0;0
FR;3;2021-03-03;48746;17;0;0;0;408502;97;0;0;0
FR;3;2021-03-04;82222;24;0;0;0;490724;121;0;0;0
FR;3;2021-03-05;118129;43;0;0;0;608853;164;0;0;0
FR;3;2021-03-06;120718;61;1;0;0;729571;225;1;0;0
FR;3;2021-03-07;55180;25;0;0;0;784751;250;1;0;0
FR;3;2021-03-08;42813;25;0;0;0;827564;275;1;0;0
FR;3;2021-03-09;78973;51;0;0;0;906537;326;1;0;0
FR;3;2021-03-10;80980;60;0;0;0;987517;386;1;0;0
FR;3;2021-03-11;128440;59;0;0;0;1115957;445;1;0;0
FR;3;2021-03-12;182721;110;0;0;0;1298678;555;1;0;0
FR;3;2021-03-13;132159;78;0;0;0;1430837;633;1;0;0
FR;3;2021-03-14;14057;5;0;0;0;1444894;638;1;0;0
FR;3;2021-03-15;52234;67;0;0;0;1497128;705;1;0;0
FR;3;2021-03-16;1215;45;0;0;0;1498343;750;1;0;0
FR;3;2021-03-17;946;50;0;0;0;1499289;800;1;0;0
FR;3;2021-03-18;1571;29;0;0;0;1500860;829;1;0;0
FR;3;2021-03-19;70455;53;0;0;0;1571315;882;1;0;0
FR;3;2021-03-20;65236;44;0;0;0;1636551;926;1;0;0
FR;3;2021-03-21;5759;8;0;0;0;1642310;934;1;0;0
FR;3;2021-03-22;37507;45;0;0;0;1679817;979;1;0;0
FR;3;2021-03-23;84661;78;0;0;0;1764478;1057;1;0;0
FR;3;2021-03-24;90949;95;0;0;0;1855427;1152;1;0;0
FR;3;2021-03-25;150064;138;0;0;0;2005491;1290;1;0;0
FR;3;2021-03-26;165426;156;0;0;0;2170917;1446;1;0;0
FR;3;2021-03-27;68462;102;0;0;0;2239379;1548;1;0;0
FR;3;2021-03-28;6479;21;0;0;0;2245858;1569;1;0;0
FR;3;2021-03-29;54168;78;0;0;0;2300026;1647;1;0;0
FR;3;2021-03-30;93178;101;0;0;0;2393204;1748;1;0;0
FR;3;2021-03-31;63541;108;0;0;0;2456745;1856;1;0;0
FR;3;2021-04-01;86132;114;0;0;0;2542877;1970;1;0;0
FR;3;2021-04-02;86911;178;0;0;0;2629788;2148;1;0;0
FR;3;2021-04-03;35875;129;0;0;0;2665663;2277;1;0;0
FR;3;2021-04-04;3576;19;0;0;0;2669239;2296;1;0;0
FR;3;2021-04-05;4491;38;0;0;0;2673730;2334;1;0;0
FR;3;2021-04-06;29758;96;0;0;0;2703488;2430;1;0;0
FR;3;2021-04-07;32344;98;0;0;0;2735832;2528;1;0;0
FR;3;2021-04-08;78822;254;0;0;0;2814654;2782;1;0;0
FR;3;2021-04-09;161755;432;0;0;0;2976409;3214;1;0;0
FR;3;2021-04-10;75762;358;0;0;0;3052171;3572;1;0;0
FR;3;2021-04-11;7312;46;0;0;0;3059483;3618;1;0;0
FR;3;2021-04-12;51481;217;0;0;0;3110964;3835;1;0;0
FR;3;2021-04-13;86232;346;0;0;0;3197196;4181;1;0;0
FR;3;2021-04-14;67845;361;0;0;0;3265041;4542;1;0;0
FR;3;2021-04-15;93233;390;0;0;0;3358274;4932;1;0;0
FR;3;2021-04-16;112522;598;0;0;0;3470796;5530;1;0;0
FR;3;2021-04-17;53318;340;1;0;0;3524114;5870;2;0;0
FR;3;2021-04-18;9747;44;0;0;0;3533861;5914;2;0;0
FR;3;2021-04-19;25112;267;0;0;0;3558973;6181;2;0;0
FR;3;2021-04-20;45673;418;0;0;0;3604646;6599;2;0;0
FR;3;2021-04-21;38984;505;0;0;0;3643630;7104;2;0;0
FR;3;2021-04-22;54712;826;0;0;0;3698342;7930;2;0;0
FR;3;2021-04-23;70490;1057;0;0;0;3768832;8987;2;0;0
FR;3;2021-04-24;37249;1065;0;0;0;3806081;10052;2;0;0
FR;3;2021-04-25;6211;153;0;0;0;3812292;10205;2;0;0
FR;3;2021-04-26;19788;681;0;0;0;3832080;10886;2;0;0
FR;3;2021-04-27;34482;1296;0;0;0;3866562;12182;2;0;0
FR;3;2021-04-28;28967;1991;0;0;0;3895529;14173;2;0;0
FR;3;2021-04-29;45385;6055;0;0;0;3940914;20228;2;0;0
FR;3;2021-04-30;55464;9019;1;0;0;3996378;29247;3;0;0
FR;3;2021-05-01;9516;2030;0;0;0;4005894;31277;3;0;0
FR;3;2021-05-02;3076;477;0;0;0;4008970;31754;3;0;0
FR;3;2021-05-03;13063;3900;0;0;0;4022033;35654;3;0;0
FR;3;2021-05-04;23113;8446;0;0;0;4045146;44100;3;0;0
FR;3;2021-05-05;18759;10739;0;0;0;4063905;54839;3;0;0
FR;3;2021-05-06;34628;21110;0;0;0;4098533;75949;3;0;0
FR;3;2021-05-07;44203;28709;0;0;0;4142736;104658;3;0;0
FR;3;2021-05-08;6785;9186;0;0;0;4149521;113844;3;0;0
FR;3;2021-05-09;1795;2649;0;0;0;4151316;116493;3;0;0
FR;3;2021-05-10;14996;12816;0;0;0;4166312;129309;3;0;0
FR;3;2021-05-11;27098;26081;0;0;0;4193410;155390;3;0;0
FR;3;2021-05-12;17268;27903;0;0;0;4210678;183293;3;0;0
FR;3;2021-05-13;2284;3495;0;0;0;4212962;186788;3;0;0
FR;3;2021-05-14;14520;25986;0;0;0;4227482;212774;3;0;0
FR;3;2021-05-15;7235;20962;0;0;0;4234717;233736;3;0;0
FR;3;2021-05-16;977;2653;0;0;0;4235694;236389;3;0;0
FR;3;2021-05-17;7965;20074;0;0;0;4243659;256463;3;0;0
FR;3;2021-05-18;13413;30003;0;0;0;4257072;286466;3;0;0
FR;3;2021-05-19;9274;30936;0;0;0;4266346;317402;3;0;0
FR;3;2021-05-20;12806;53622;3;0;0;4279152;371024;6;0;0
FR;3;2021-05-21;12765;65967;2;0;0;4291917;436991;8;0;0
FR;3;2021-05-22;4963;33622;1;0;0;4296880;470613;9;0;0
FR;3;2021-05-23;651;2653;0;0;0;4297531;473266;9;0;0
FR;3;2021-05-24;883;4842;0;0;0;4298414;478108;9;0;0
FR;3;2021-05-25;5310;46205;1;0;0;4303724;524313;10;0;0
FR;3;2021-05-26;4976;51826;1;0;0;4308700;576139;11;0;0
FR;3;2021-05-27;6334;78683;3;0;0;4315034;654822;14;0;0
FR;3;2021-05-28;7542;99878;2;0;0;4322576;754700;16;0;0
FR;3;2021-05-29;3349;60838;1;0;0;4325925;815538;17;0;0
FR;3;2021-05-30;549;8156;0;0;0;4326474;823694;17;0;0
FR;3;2021-05-31;2441;35634;3;0;0;4328915;859328;20;0;0
FR;3;2021-06-01;3410;64840;10;0;0;4332325;924168;30;0;0
FR;3;2021-06-02;2733;58670;6;0;0;4335058;982838;36;0;0
FR;3;2021-06-03;3494;87279;10;0;0;4338552;1070117;46;0;0
FR;3;2021-06-04;4117;105628;22;0;0;4342669;1175745;68;0;0
FR;3;2021-06-05;1983;52471;4;0;0;4344652;1228216;72;0;0
FR;3;2021-06-06;509;5316;1;0;0;4345161;1233532;73;0;0
FR;3;2021-06-07;1481;30807;11;0;0;4346642;1264339;84;0;0
FR;3;2021-06-08;2060;47346;18;0;0;4348702;1311685;102;0;0
FR;3;2021-06-09;1794;41953;13;0;0;4350496;1353638;115;0;0
FR;3;2021-06-10;2254;67775;17;0;0;4352750;1421413;132;0;0
FR;3;2021-06-11;2482;96643;34;0;0;4355232;1518056;166;0;0
FR;3;2021-06-12;1176;40660;6;0;0;4356408;1558716;172;0;0
FR;3;2021-06-13;283;3670;3;0;0;4356691;1562386;175;0;0
FR;3;2021-06-14;1047;42417;17;0;0;4357738;1604803;192;0;0
FR;3;2021-06-15;1374;80463;20;0;0;4359112;1685266;212;0;0
FR;3;2021-06-16;1261;65560;20;0;0;4360373;1750826;232;0;0
FR;3;2021-06-17;1666;102105;41;0;0;4362039;1852931;273;0;0
FR;3;2021-06-18;1870;118277;62;0;0;4363909;1971208;335;0;0
FR;3;2021-06-19;802;39449;22;0;0;4364711;2010657;357;0;0
FR;3;2021-06-20;161;3240;0;0;0;4364872;2013897;357;0;0
FR;3;2021-06-21;772;39100;16;0;0;4365644;2052997;373;0;0
FR;3;2021-06-22;1065;70020;52;0;0;4366709;2123017;425;0;0
FR;3;2021-06-23;943;50837;39;0;0;4367652;2173854;464;0;0
FR;3;2021-06-24;1310;77215;48;0;0;4368962;2251069;512;0;0
FR;3;2021-06-25;1409;90519;73;0;0;4370371;2341588;585;0;0
FR;3;2021-06-26;631;33113;29;0;0;4371002;2374701;614;0;0
FR;3;2021-06-27;166;3860;1;0;0;4371168;2378561;615;0;0
FR;3;2021-06-28;653;30126;27;0;0;4371821;2408687;642;0;0
FR;3;2021-06-29;857;56442;95;0;0;4372678;2465129;737;0;0
FR;3;2021-06-30;905;45146;93;0;0;4373583;2510275;830;0;0
FR;3;2021-07-01;1164;65951;108;0;0;4374747;2576226;938;0;0
FR;3;2021-07-02;1305;90480;170;0;0;4376052;2666706;1108;0;0
FR;3;2021-07-03;602;31185;51;0;0;4376654;2697891;1159;0;0
FR;3;2021-07-04;144;4059;3;0;0;4376798;2701950;1162;0;0
FR;3;2021-07-05;612;33699;60;0;0;4377410;2735649;1222;0;0
FR;3;2021-07-06;963;55985;88;0;0;4378373;2791634;1310;0;0
FR;3;2021-07-07;871;42977;80;0;0;4379244;2834611;1390;0;0
FR;3;2021-07-08;1126;60761;99;0;0;4380370;2895372;1489;0;0
FR;3;2021-07-09;1260;68885;128;0;0;4381630;2964257;1617;0;0
FR;3;2021-07-10;643;25044;59;0;0;4382273;2989301;1676;0;0
FR;3;2021-07-11;131;3211;4;0;0;4382404;2992512;1680;0;0
FR;3;2021-07-12;662;23727;59;0;0;4383066;3016239;1739;0;0
FR;3;2021-07-13;1647;34554;90;0;0;4384713;3050793;1829;0;0
FR;3;2021-07-14;268;2513;2;0;0;4384981;3053306;1831;0;0
FR;3;2021-07-15;1941;30508;85;0;0;4386922;3083814;1916;0;0
FR;3;2021-07-16;2520;38724;122;0;0;4389442;3122538;2038;0;0
FR;3;2021-07-17;1051;13729;26;0;0;4390493;3136267;2064;0;0
FR;3;2021-07-18;266;2562;3;0;0;4390759;3138829;2067;0;0
FR;3;2021-07-19;1277;17003;37;0;0;4392036;3155832;2104;0;0
FR;3;2021-07-20;1823;26996;98;0;0;4393859;3182828;2202;0;0
FR;3;2021-07-21;1651;19583;44;0;0;4395510;3202411;2246;0;0
FR;3;2021-07-22;1856;27676;83;0;0;4397366;3230087;2329;0;0
FR;3;2021-07-23;2216;30314;117;0;0;4399582;3260401;2446;0;0
FR;3;2021-07-24;826;6957;25;0;0;4400408;3267358;2471;0;0
FR;3;2021-07-25;210;1302;1;0;0;4400618;3268660;2472;0;0
FR;3;2021-07-26;930;10567;28;0;0;4401548;3279227;2500;0;0
FR;3;2021-07-27;1169;16867;56;0;0;4402717;3296094;2556;0;0
FR;3;2021-07-28;989;12033;40;0;0;4403706;3308127;2596;0;0
FR;3;2021-07-29;1127;15735;63;0;0;4404833;3323862;2659;0;0
FR;3;2021-07-30;1128;18016;79;0;0;4405961;3341878;2738;0;0
FR;3;2021-07-31;406;3731;15;0;0;4406367;3345609;2753;0;0
FR;3;2021-08-01;116;456;1;0;0;4406483;3346065;2754;0;0
FR;3;2021-08-02;421;5058;22;0;0;4406904;3351123;2776;0;0
FR;3;2021-08-03;496;7506;27;0;0;4407400;3358629;2803;0;0
FR;3;2021-08-04;438;4849;26;0;0;4407838;3363478;2829;0;0
FR;3;2021-08-05;431;3678;13;0;0;4408269;3367156;2842;0;0
FR;3;2021-08-06;456;4731;30;0;0;4408725;3371887;2872;0;0
FR;3;2021-08-07;214;1899;11;0;0;4408939;3373786;2883;0;0
FR;3;2021-08-08;250;426;2;0;0;4409189;3374212;2885;0;0
FR;3;2021-08-09;318;2415;11;0;0;4409507;3376627;2896;0;0
FR;3;2021-08-10;368;3795;15;0;0;4409875;3380422;2911;0;0
FR;3;2021-08-11;291;2680;15;0;0;4410166;3383102;2926;0;0
FR;3;2021-08-12;277;2602;12;0;0;4410443;3385704;2938;0;0
FR;3;2021-08-13;278;2265;16;0;0;4410721;3387969;2954;0;0
FR;3;2021-08-14;172;896;1;0;0;4410893;3388865;2955;0;0
FR;3;2021-08-15;56;175;0;0;0;4410949;3389040;2955;0;0
FR;3;2021-08-16;124;1036;8;0;0;4411073;3390076;2963;0;0
FR;3;2021-08-17;189;1450;8;0;0;4411262;3391526;2971;0;0
FR;3;2021-08-18;204;1321;10;0;0;4411466;3392847;2981;0;0
FR;3;2021-08-19;165;1390;10;0;0;4411631;3394237;2991;0;0
FR;3;2021-08-20;167;1607;16;0;0;4411798;3395844;3007;0;0
FR;3;2021-08-21;93;586;2;0;0;4411891;3396430;3009;0;0
FR;3;2021-08-22;42;190;1;0;0;4411933;3396620;3010;0;0
FR;3;2021-08-23;141;903;7;0;0;4412074;3397523;3017;0;0
FR;3;2021-08-24;125;934;10;0;0;4412199;3398457;3027;0;0
FR;3;2021-08-25;137;827;3;0;0;4412336;3399284;3030;0;0
FR;3;2021-08-26;172;842;9;0;0;4412508;3400126;3039;0;0
FR;3;2021-08-27;178;943;9;0;0;4412686;3401069;3048;0;0
FR;3;2021-08-28;101;372;4;0;0;4412787;3401441;3052;0;0
FR;3;2021-08-29;128;132;1;0;0;4412915;3401573;3053;0;0
FR;3;2021-08-30;100;574;0;0;118;4413015;3402147;3053;0;118
FR;3;2021-08-31;133;696;7;0;142;4413148;3402843;3060;0;260
FR;3;2021-09-01;121;462;5;0;112;4413269;3403305;3065;0;372
FR;3;2021-09-02;100;615;22;0;110;4413369;3403920;3087;0;482
FR;3;2021-09-03;116;570;17;0;120;4413485;3404490;3104;0;602
FR;3;2021-09-04;55;299;3;0;54;4413540;3404789;3107;0;656
FR;3;2021-09-05;51;66;5;0;26;4413591;3404855;3112;0;682
FR;3;2021-09-06;118;379;4;0;138;4413709;3405234;3116;0;820
FR;3;2021-09-07;124;444;14;0;121;4413833;3405678;3130;0;941
FR;3;2021-09-08;121;350;2;0;93;4413954;3406028;3132;0;1034
FR;3;2021-09-09;94;383;8;0;105;4414048;3406411;3140;0;1139
FR;3;2021-09-10;101;408;3;0;97;4414149;3406819;3143;0;1236
FR;3;2021-09-11;76;234;4;0;66;4414225;3407053;3147;0;1302
FR;3;2021-09-12;37;46;1;0;16;4414262;3407099;3148;0;1318
FR;3;2021-09-13;73;308;7;0;102;4414335;3407407;3155;0;1420
FR;3;2021-09-14;74;279;6;0;97;4414409;3407686;3161;0;1517
FR;3;2021-09-15;62;256;3;0;6;4414471;3407942;3164;0;1523
FR;3;2021-09-16;65;322;6;0;6;4414536;3408264;3170;0;1529
FR;3;2021-09-17;52;330;3;0;7;4414588;3408594;3173;0;1536
FR;3;2021-09-18;36;176;1;0;1;4414624;3408770;3174;0;1537
FR;3;2021-09-19;28;31;2;0;1;4414652;3408801;3176;0;1538
FR;3;2021-09-20;81;197;0;0;1;4414733;3408998;3176;0;1539
FR;3;2021-09-21;60;281;6;0;7;4414793;3409279;3182;0;1546
FR;3;2021-09-22;65;233;6;0;7;4414858;3409512;3188;0;1553
FR;3;2021-09-23;37;263;11;0;7;4414895;3409775;3199;0;1560
FR;3;2021-09-24;28;321;12;0;18;4414923;3410096;3211;0;1578
FR;3;2021-09-25;31;143;3;0;3;4414954;3410239;3214;0;1581
FR;3;2021-09-26;16;59;1;0;1;4414970;3410298;3215;0;1582
FR;3;2021-09-27;48;289;3;0;5;4415018;3410587;3218;0;1587
FR;3;2021-09-28;49;249;6;0;8;4415067;3410836;3224;0;1595
FR;3;2021-09-29;37;224;10;0;14;4415104;3411060;3234;0;1609
FR;3;2021-09-30;40;202;8;0;10;4415144;3411262;3242;0;1619
FR;3;2021-10-01;23;162;6;0;7;4415167;3411424;3248;0;1626
FR;3;2021-10-02;17;85;0;0;0;4415184;3411509;3248;0;1626
FR;3;2021-10-03;19;18;1;0;2;4415203;3411527;3249;0;1628
FR;3;2021-10-04;33;158;4;0;4;4415236;3411685;3253;0;1632
FR;3;2021-10-05;17;150;10;0;13;4415253;3411835;3263;0;1645
FR;3;2021-10-06;32;147;8;0;9;4415285;3411982;3271;0;1654
FR;3;2021-10-07;19;135;6;0;6;4415304;3412117;3277;0;1660
FR;3;2021-10-08;25;139;10;0;9;4415329;3412256;3287;0;1669
FR;3;2021-10-09;16;72;1;0;1;4415345;3412328;3288;0;1670
FR;3;2021-10-10;13;18;2;0;3;4415358;3412346;3290;0;1673
FR;3;2021-10-11;16;117;4;0;5;4415374;3412463;3294;0;1678
FR;3;2021-10-12;20;104;5;0;5;4415394;3412567;3299;0;1683
FR;3;2021-10-13;25;117;9;0;7;4415419;3412684;3308;0;1690
FR;3;2021-10-14;18;152;3;0;4;4415437;3412836;3311;0;1694
FR;3;2021-10-15;23;146;8;0;12;4415460;3412982;3319;0;1706
FR;3;2021-10-16;13;74;6;0;8;4415473;3413056;3325;0;1714
FR;3;2021-10-17;12;25;0;0;0;4415485;3413081;3325;0;1714
FR;3;2021-10-18;18;116;2;0;2;4415503;3413197;3327;0;1716
FR;3;2021-10-19;16;116;19;0;21;4415519;3413313;3346;0;1737
FR;3;2021-10-20;25;127;6;0;7;4415544;3413440;3352;0;1744
FR;3;2021-10-21;28;129;17;0;13;4415572;3413569;3369;0;1757
FR;3;2021-10-22;24;110;16;0;19;4415596;3413679;3385;0;1776
FR;3;2021-10-23;17;56;2;0;1;4415613;3413735;3387;0;1777
FR;3;2021-10-24;7;36;0;0;0;4415620;3413771;3387;0;1777
FR;3;2021-10-25;24;146;7;0;7;4415644;3413917;3394;0;1784
FR;3;2021-10-26;25;99;22;0;19;4415669;3414016;3416;0;1803
FR;3;2021-10-27;18;99;9;0;9;4415687;3414115;3425;0;1812
FR;3;2021-10-28;22;117;33;0;36;4415709;3414232;3458;0;1848
FR;3;2021-10-29;12;104;64;0;54;4415721;3414336;3522;0;1902
FR;3;2021-10-30;11;63;11;1;10;4415732;3414399;3533;1;1912
FR;3;2021-10-31;8;25;1;0;1;4415740;3414424;3534;1;1913
FR;3;2021-11-01;10;22;2;0;1;4415750;3414446;3536;1;1914
FR;3;2021-11-02;10;102;10;0;12;4415760;3414548;3546;1;1926
FR;3;2021-11-03;19;113;10;0;10;4415779;3414661;3556;1;1936
FR;3;2021-11-04;20;91;5;0;4;4415799;3414752;3561;1;1940
FR;3;2021-11-05;19;125;9;1;6;4415818;3414877;3570;2;1946
FR;3;2021-11-06;10;59;3;0;3;4415828;3414936;3573;2;1949
FR;3;2021-11-07;6;21;1;0;1;4415834;3414957;3574;2;1950
FR;3;2021-11-08;11;135;7;0;5;4415845;3415092;3581;2;1955
FR;3;2021-11-09;13;134;5;0;5;4415858;3415226;3586;2;1960
FR;3;2021-11-10;14;162;14;0;15;4415872;3415388;3600;2;1975
FR;3;2021-11-11;11;49;3;0;3;4415883;3415437;3603;2;1978
FR;3;2021-11-12;14;132;6;0;4;4415897;3415569;3609;2;1982
FR;3;2021-11-13;7;68;9;0;10;4415904;3415637;3618;2;1992
FR;3;2021-11-14;3;24;1;0;1;4415907;3415661;3619;2;1993
FR;3;2021-11-15;5;172;10;0;11;4415912;3415833;3629;2;2004
FR;3;2021-11-16;6;140;11;0;10;4415918;3415973;3640;2;2014
FR;3;2021-11-17;7;150;11;0;8;4415925;3416123;3651;2;2022
FR;3;2021-11-18;15;149;10;0;11;4415940;3416272;3661;2;2033
FR;3;2021-11-19;10;200;22;0;27;4415950;3416472;3683;2;2060
FR;3;2021-11-20;6;106;6;0;6;4415956;3416578;3689;2;2066
FR;3;2021-11-21;3;26;4;0;4;4415959;3416604;3693;2;2070
FR;3;2021-11-22;11;201;11;0;11;4415970;3416805;3704;2;2081
FR;3;2021-11-23;9;199;15;0;14;4415979;3417004;3719;2;2095
FR;3;2021-11-24;9;201;9;0;17;4415988;3417205;3728;2;2112
FR;3;2021-11-25;12;231;11;0;11;4416000;3417436;3739;2;2123
FR;3;2021-11-26;9;304;35;0;33;4416009;3417740;3774;2;2156
FR;3;2021-11-27;8;141;20;0;21;4416017;3417881;3794;2;2177
FR;3;2021-11-28;3;61;7;0;7;4416020;3417942;3801;2;2184
FR;3;2021-11-29;5;254;21;0;22;4416025;3418196;3822;2;2206
FR;3;2021-11-30;7;341;29;0;32;4416032;3418537;3851;2;2238
FR;3;2021-12-01;30;372;37;0;39;4416062;3418909;3888;2;2277
FR;3;2021-12-02;9;393;33;0;36;4416071;3419302;3921;2;2313
FR;3;2021-12-03;4;440;37;0;38;4416075;3419742;3958;2;2351
FR;3;2021-12-04;3;234;26;0;28;4416078;3419976;3984;2;2379
FR;3;2021-12-05;1;66;5;0;5;4416079;3420042;3989;2;2384
FR;3;2021-12-06;6;412;14;0;15;4416085;3420454;4003;2;2399
FR;3;2021-12-07;4;482;20;0;24;4416089;3420936;4023;2;2423
FR;3;2021-12-08;7;437;29;0;30;4416096;3421373;4052;2;2453
FR;3;2021-12-09;3;495;17;0;22;4416099;3421868;4069;2;2475
FR;3;2021-12-10;10;512;29;0;25;4416109;3422380;4098;2;2500
FR;3;2021-12-11;4;332;10;0;9;4416113;3422712;4108;2;2509
FR;3;2021-12-12;1;108;3;0;3;4416114;3422820;4111;2;2512
FR;3;2021-12-13;2;492;19;0;21;4416116;3423312;4130;2;2533
FR;3;2021-12-14;8;628;18;0;21;4416124;3423940;4148;2;2554
FR;3;2021-12-15;9;600;17;0;21;4416133;3424540;4165;2;2575
FR;3;2021-12-16;10;607;19;0;18;4416143;3425147;4184;2;2593
FR;3;2021-12-17;5;694;18;0;19;4416148;3425841;4202;2;2612
FR;3;2021-12-18;4;374;4;0;5;4416152;3426215;4206;2;2617
FR;3;2021-12-19;3;193;2;0;2;4416155;3426408;4208;2;2619
FR;3;2021-12-20;8;629;23;0;28;4416163;3427037;4231;2;2647
FR;3;2021-12-21;3;719;10;0;13;4416166;3427756;4241;2;2660
FR;3;2021-12-22;10;671;9;0;10;4416176;3428427;4250;2;2670
FR;3;2021-12-23;3;583;8;0;8;4416179;3429010;4258;2;2678
FR;3;2021-12-24;2;246;3;0;6;4416181;3429256;4261;2;2684
FR;3;2021-12-25;0;25;0;0;0;4416181;3429281;4261;2;2684
FR;3;2021-12-26;0;92;1;0;1;4416181;3429373;4262;2;2685
FR;3;2021-12-27;7;493;17;0;20;4416188;3429866;4279;2;2705
FR;3;2021-12-28;3;637;6;0;5;4416191;3430503;4285;2;2710
FR;3;2021-12-29;4;528;14;0;16;4416195;3431031;4299;2;2726
FR;3;2021-12-30;3;548;7;0;10;4416198;3431579;4306;2;2736
FR;3;2021-12-31;0;192;5;0;7;4416198;3431771;4311;2;2743
FR;3;2022-01-01;0;26;0;0;2;4416198;3431797;4311;2;2745
FR;3;2022-01-02;0;80;0;0;0;4416198;3431877;4311;2;2745
FR;3;2022-01-03;4;529;17;0;21;4416202;3432406;4328;2;2766
FR;3;2022-01-04;6;575;9;0;8;4416208;3432981;4337;2;2774
FR;3;2022-01-05;5;520;10;0;14;4416213;3433501;4347;2;2788
FR;3;2022-01-06;6;497;9;0;10;4416219;3433998;4356;2;2798
FR;3;2022-01-07;2;526;11;0;13;4416221;3434524;4367;2;2811
FR;3;2022-01-08;4;263;4;0;5;4416225;3434787;4371;2;2816
FR;3;2022-01-09;0;117;0;0;0;4416225;3434904;4371;2;2816
FR;3;2022-01-10;2;455;12;0;12;4416227;3435359;4383;2;2828
FR;3;2022-01-11;3;490;1;0;1;4416230;3435849;4384;2;2829
FR;3;2022-01-12;2;414;9;0;10;4416232;3436263;4393;2;2839
FR;3;2022-01-13;3;406;11;0;12;4416235;3436669;4404;2;2851
FR;3;2022-01-14;3;447;10;0;13;4416238;3437116;4414;2;2864
FR;3;2022-01-15;0;288;2;0;3;4416238;3437404;4416;2;2867
FR;3;2022-01-16;1;110;1;0;1;4416239;3437514;4417;2;2868
FR;3;2022-01-17;2;335;8;0;9;4416241;3437849;4425;2;2877
FR;3;2022-01-18;2;381;1;0;2;4416243;3438230;4426;2;2879
FR;3;2022-01-19;2;336;5;0;10;4416245;3438566;4431;2;2889
FR;3;2022-01-20;1;364;5;0;3;4416246;3438930;4436;2;2892
FR;3;2022-01-21;4;353;5;0;7;4416250;3439283;4441;2;2899
FR;3;2022-01-22;2;229;1;0;2;4416252;3439512;4442;2;2901
FR;3;2022-01-23;0;80;0;0;1;4416252;3439592;4442;2;2902
FR;3;2022-01-24;2;330;1;0;6;4416254;3439922;4443;2;2908
FR;3;2022-01-25;0;180;0;0;0;4416254;3440102;4443;2;2908
FR;3;2022-01-26;0;80;0;0;0;4416254;3440182;4443;2;2908
FR;3;2022-01-27;0;54;0;0;0;4416254;3440236;4443;2;2908
FR;3;2022-01-28;0;123;0;0;0;4416254;3440359;4443;2;2908
FR;3;2022-01-29;0;101;0;0;0;4416254;3440460;4443;2;2908
FR;3;2022-01-30;0;51;0;0;0;4416254;3440511;4443;2;2908
FR;3;2022-01-31;0;95;0;0;0;4416254;3440606;4443;2;2908
FR;3;2022-02-01;0;101;0;0;1;4416254;3440707;4443;2;2909
FR;3;2022-02-02;0;86;0;0;0;4416254;3440793;4443;2;2909
FR;3;2022-02-03;0;96;0;0;0;4416254;3440889;4443;2;2909
FR;3;2022-02-04;0;117;0;0;0;4416254;3441006;4443;2;2909
FR;3;2022-02-05;0;71;0;0;0;4416254;3441077;4443;2;2909
FR;3;2022-02-06;0;11;0;0;0;4416254;3441088;4443;2;2909
FR;3;2022-02-07;0;81;0;0;0;4416254;3441169;4443;2;2909
FR;3;2022-02-08;0;0;0;0;0;4416254;3441169;4443;2;2909
FR;3;2022-02-09;0;0;0;0;0;4416254;3441169;4443;2;2909
FR;3;2022-02-10;0;0;0;0;0;4416254;3441169;4443;2;2909
FR;3;2022-02-11;0;0;0;0;0;4416254;3441169;4443;2;2909
FR;3;2022-02-12;0;0;0;0;0;4416254;3441169;4443;2;2909
FR;3;2022-02-13;0;0;0;0;0;4416254;3441169;4443;2;2909
FR;3;2022-02-14;0;0;0;0;0;4416254;3441169;4443;2;2909
FR;3;2022-02-15;0;0;0;0;0;4416254;3441169;4443;2;2909
FR;3;2022-02-16;0;0;0;0;0;4416254;3441169;4443;2;2909
FR;3;2022-02-17;0;0;0;0;0;4416254;3441169;4443;2;2909
FR;3;2022-02-18;0;0;0;0;0;4416254;3441169;4443;2;2909
FR;3;2022-02-19;0;0;0;0;0;4416254;3441169;4443;2;2909
FR;3;2022-02-20;0;0;0;0;0;4416254;3441169;4443;2;2909
FR;3;2022-02-21;2;0;0;0;0;4416256;3441169;4443;2;2909
FR;3;2022-02-22;0;0;0;0;0;4416256;3441169;4443;2;2909
FR;3;2022-02-23;0;0;0;0;0;4416256;3441169;4443;2;2909
FR;3;2022-02-24;0;0;0;0;0;4416256;3441169;4443;2;2909
FR;3;2022-02-25;0;0;0;0;0;4416256;3441169;4443;2;2909
FR;3;2022-02-26;0;0;0;0;0;4416256;3441169;4443;2;2909
FR;3;2022-02-27;0;0;0;0;0;4416256;3441169;4443;2;2909
FR;3;2022-02-28;1;0;0;0;0;4416257;3441169;4443;2;2909
FR;3;2022-03-01;1;0;0;0;0;4416258;3441169;4443;2;2909
FR;3;2022-03-02;0;0;0;0;0;4416258;3441169;4443;2;2909
FR;3;2022-03-03;0;0;0;0;0;4416258;3441169;4443;2;2909
FR;3;2022-03-04;0;0;0;0;0;4416258;3441169;4443;2;2909
FR;3;2022-03-05;0;0;0;0;0;4416258;3441169;4443;2;2909
FR;3;2022-03-06;1;0;0;0;0;4416259;3441169;4443;2;2909
FR;3;2022-03-07;0;0;0;0;0;4416259;3441169;4443;2;2909
FR;3;2022-03-08;1;0;0;0;0;4416260;3441169;4443;2;2909
FR;3;2022-03-09;0;0;0;0;0;4416260;3441169;4443;2;2909
FR;3;2022-03-10;0;0;0;0;0;4416260;3441169;4443;2;2909
FR;3;2022-03-11;0;0;0;0;0;4416260;3441169;4443;2;2909
FR;3;2022-03-12;0;0;0;0;0;4416260;3441169;4443;2;2909
FR;3;2022-03-13;0;0;0;0;0;4416260;3441169;4443;2;2909
FR;3;2022-03-14;0;0;0;0;0;4416260;3441169;4443;2;2909
FR;3;2022-03-15;0;0;0;0;0;4416260;3441169;4443;2;2909
FR;3;2022-03-16;0;0;0;0;0;4416260;3441169;4443;2;2909
FR;3;2022-03-17;0;0;0;0;0;4416260;3441169;4443;2;2909
FR;3;2022-03-18;0;0;0;0;0;4416260;3441169;4443;2;2909
FR;3;2022-03-19;0;0;0;0;0;4416260;3441169;4443;2;2909
FR;3;2022-03-20;1;0;0;0;0;4416261;3441169;4443;2;2909
FR;3;2022-03-21;0;0;0;0;0;4416261;3441169;4443;2;2909
FR;3;2022-03-22;0;0;0;0;0;4416261;3441169;4443;2;2909
FR;3;2022-03-23;1;0;0;0;0;4416262;3441169;4443;2;2909
FR;3;2022-03-24;0;0;0;0;0;4416262;3441169;4443;2;2909
FR;3;2022-03-25;1;0;0;0;0;4416263;3441169;4443;2;2909
FR;3;2022-03-26;0;0;0;0;0;4416263;3441169;4443;2;2909
FR;3;2022-03-27;0;0;0;0;0;4416263;3441169;4443;2;2909
FR;3;2022-03-28;0;0;0;0;0;4416263;3441169;4443;2;2909
FR;3;2022-03-29;0;0;0;0;0;4416263;3441169;4443;2;2909
FR;3;2022-03-30;0;0;0;0;0;4416263;3441169;4443;2;2909
FR;3;2022-03-31;0;0;0;0;0;4416263;3441169;4443;2;2909
FR;3;2022-04-01;0;0;0;0;0;4416263;3441169;4443;2;2909
FR;3;2022-04-02;0;0;0;0;0;4416263;3441169;4443;2;2909
FR;3;2022-04-03;0;0;0;0;0;4416263;3441169;4443;2;2909
FR;3;2022-04-04;0;0;0;0;0;4416263;3441169;4443;2;2909
FR;3;2022-04-05;0;0;0;0;0;4416263;3441169;4443;2;2909
FR;3;2022-04-06;0;0;0;0;0;4416263;3441169;4443;2;2909
FR;3;2022-04-07;0;0;0;0;0;4416263;3441169;4443;2;2909
FR;3;2022-04-08;0;0;0;0;0;4416263;3441169;4443;2;2909
FR;3;2022-04-09;0;0;0;0;0;4416263;3441169;4443;2;2909
FR;3;2022-04-10;0;0;0;0;0;4416263;3441169;4443;2;2909
FR;3;2022-04-11;0;0;0;0;0;4416263;3441169;4443;2;2909
FR;3;2022-04-12;0;0;0;0;0;4416263;3441169;4443;2;2909
FR;3;2022-04-13;0;0;0;0;0;4416263;3441169;4443;2;2909
FR;3;2022-04-14;0;0;0;0;0;4416263;3441169;4443;2;2909
FR;3;2022-04-15;1;0;0;0;0;4416264;3441169;4443;2;2909
FR;3;2022-04-16;0;0;0;0;0;4416264;3441169;4443;2;2909
FR;3;2022-04-17;0;0;0;0;0;4416264;3441169;4443;2;2909
FR;3;2022-04-18;0;0;0;0;0;4416264;3441169;4443;2;2909
FR;3;2022-04-19;0;0;0;0;0;4416264;3441169;4443;2;2909
FR;3;2022-04-20;0;0;0;0;0;4416264;3441169;4443;2;2909
FR;3;2022-04-21;0;0;0;0;0;4416264;3441169;4443;2;2909
FR;3;2022-04-22;0;0;0;0;0;4416264;3441169;4443;2;2909
FR;3;2022-04-23;0;0;0;0;0;4416264;3441169;4443;2;2909
FR;3;2022-04-24;0;0;0;0;0;4416264;3441169;4443;2;2909
FR;3;2022-04-25;0;0;0;0;0;4416264;3441169;4443;2;2909
FR;3;2022-04-26;0;0;0;0;0;4416264;3441169;4443;2;2909
FR;3;2022-04-27;0;0;0;0;0;4416264;3441169;4443;2;2909
FR;3;2022-04-28;0;0;0;0;0;4416264;3441169;4443;2;2909
FR;3;2022-04-29;0;0;0;0;0;4416264;3441169;4443;2;2909
FR;3;2022-04-30;0;0;0;0;0;4416264;3441169;4443;2;2909
FR;3;2022-05-01;0;0;0;0;0;4416264;3441169;4443;2;2909
FR;3;2022-05-02;0;0;0;0;0;4416264;3441169;4443;2;2909
FR;3;2022-05-03;0;0;0;0;0;4416264;3441169;4443;2;2909
FR;3;2022-05-04;0;0;0;0;0;4416264;3441169;4443;2;2909
FR;3;2022-05-05;0;0;0;0;0;4416264;3441169;4443;2;2909
FR;3;2022-05-06;0;0;0;0;0;4416264;3441169;4443;2;2909
FR;3;2022-05-07;0;0;0;0;0;4416264;3441169;4443;2;2909
FR;3;2022-05-08;0;0;0;0;0;4416264;3441169;4443;2;2909
FR;3;2022-05-09;0;0;0;0;0;4416264;3441169;4443;2;2909
FR;3;2022-05-10;0;0;0;0;0;4416264;3441169;4443;2;2909
FR;3;2022-05-11;0;0;0;0;0;4416264;3441169;4443;2;2909
FR;3;2022-05-12;0;0;0;0;0;4416264;3441169;4443;2;2909
FR;3;2022-05-13;0;0;0;0;0;4416264;3441169;4443;2;2909
FR;3;2022-05-14;1;0;0;0;0;4416265;3441169;4443;2;2909
FR;3;2022-05-15;0;0;0;0;0;4416265;3441169;4443;2;2909
FR;3;2022-05-16;0;0;0;0;0;4416265;3441169;4443;2;2909
FR;3;2022-05-17;0;0;0;0;0;4416265;3441169;4443;2;2909
FR;3;2022-05-18;0;0;0;0;0;4416265;3441169;4443;2;2909
FR;3;2022-05-19;0;0;0;0;0;4416265;3441169;4443;2;2909
FR;3;2022-05-20;0;0;0;0;0;4416265;3441169;4443;2;2909
FR;3;2022-05-21;0;0;0;0;0;4416265;3441169;4443;2;2909
FR;3;2022-05-22;0;0;0;0;0;4416265;3441169;4443;2;2909
FR;3;2022-05-23;0;0;0;0;0;4416265;3441169;4443;2;2909
FR;3;2022-05-24;0;0;0;0;0;4416265;3441169;4443;2;2909
FR;3;2022-05-25;0;0;0;0;0;4416265;3441169;4443;2;2909
FR;3;2022-05-26;0;0;0;0;0;4416265;3441169;4443;2;2909
FR;3;2022-05-27;0;0;0;0;0;4416265;3441169;4443;2;2909
FR;3;2022-05-28;0;0;0;0;0;4416265;3441169;4443;2;2909
FR;3;2022-05-29;0;0;0;0;0;4416265;3441169;4443;2;2909
FR;3;2022-05-30;0;0;0;0;0;4416265;3441169;4443;2;2909
FR;3;2022-05-31;0;0;0;0;0;4416265;3441169;4443;2;2909
FR;3;2022-06-01;0;0;0;0;0;4416265;3441169;4443;2;2909
FR;3;2022-06-02;0;0;0;0;0;4416265;3441169;4443;2;2909
FR;3;2022-06-03;0;0;0;0;0;4416265;3441169;4443;2;2909
FR;3;2022-06-04;0;0;0;0;0;4416265;3441169;4443;2;2909
FR;3;2022-06-05;0;0;0;0;0;4416265;3441169;4443;2;2909
FR;3;2022-06-06;0;0;0;0;0;4416265;3441169;4443;2;2909
FR;3;2022-06-07;0;0;0;0;0;4416265;3441169;4443;2;2909
FR;3;2022-06-08;0;0;0;0;0;4416265;3441169;4443;2;2909
FR;3;2022-06-09;0;0;0;0;0;4416265;3441169;4443;2;2909
FR;3;2022-06-10;0;0;0;0;0;4416265;3441169;4443;2;2909
FR;3;2022-06-11;0;0;0;0;0;4416265;3441169;4443;2;2909
FR;3;2022-06-12;0;0;0;0;0;4416265;3441169;4443;2;2909
FR;3;2022-06-13;1;0;0;0;0;4416266;3441169;4443;2;2909
FR;3;2022-06-14;0;0;0;0;0;4416266;3441169;4443;2;2909
FR;3;2022-06-15;0;0;0;0;0;4416266;3441169;4443;2;2909
FR;3;2022-06-16;0;0;0;0;0;4416266;3441169;4443;2;2909
FR;3;2022-06-17;0;0;0;0;0;4416266;3441169;4443;2;2909
FR;3;2022-06-18;0;0;0;0;0;4416266;3441169;4443;2;2909
FR;3;2022-06-19;0;0;0;0;0;4416266;3441169;4443;2;2909
FR;3;2022-06-20;0;0;0;0;0;4416266;3441169;4443;2;2909
FR;3;2022-06-21;0;0;0;0;0;4416266;3441169;4443;2;2909
FR;3;2022-06-22;0;0;0;0;0;4416266;3441169;4443;2;2909
FR;3;2022-06-23;0;0;0;0;0;4416266;3441169;4443;2;2909
FR;3;2022-06-24;0;0;0;0;0;4416266;3441169;4443;2;2909
FR;3;2022-06-25;0;0;0;0;0;4416266;3441169;4443;2;2909
FR;3;2022-06-26;0;0;0;0;0;4416266;3441169;4443;2;2909
FR;3;2022-06-27;0;0;0;0;0;4416266;3441169;4443;2;2909
FR;3;2022-06-28;0;0;0;0;0;4416266;3441169;4443;2;2909
FR;3;2022-06-29;1;0;0;0;0;4416267;3441169;4443;2;2909
FR;3;2022-06-30;0;0;0;0;0;4416267;3441169;4443;2;2909
FR;3;2022-07-01;0;0;0;0;0;4416267;3441169;4443;2;2909
FR;3;2022-07-02;0;0;0;0;0;4416267;3441169;4443;2;2909
FR;3;2022-07-03;0;0;0;0;0;4416267;3441169;4443;2;2909
FR;3;2022-07-04;0;0;0;0;0;4416267;3441169;4443;2;2909
FR;3;2022-07-05;0;0;0;0;0;4416267;3441169;4443;2;2909
FR;3;2022-07-06;0;0;0;0;0;4416267;3441169;4443;2;2909
FR;3;2022-07-07;0;0;0;0;0;4416267;3441169;4443;2;2909
FR;3;2022-07-08;0;0;0;0;0;4416267;3441169;4443;2;2909
FR;3;2022-07-09;0;0;0;0;0;4416267;3441169;4443;2;2909
FR;3;2022-07-10;0;0;0;0;0;4416267;3441169;4443;2;2909
FR;3;2022-07-11;0;0;0;0;0;4416267;3441169;4443;2;2909
FR;3;2022-07-12;0;0;0;0;0;4416267;3441169;4443;2;2909
FR;3;2022-07-13;0;0;0;0;0;4416267;3441169;4443;2;2909
FR;3;2022-07-14;0;0;0;0;0;4416267;3441169;4443;2;2909
FR;3;2022-07-15;0;0;0;0;0;4416267;3441169;4443;2;2909
FR;3;2022-07-16;0;0;0;0;0;4416267;3441169;4443;2;2909
FR;3;2022-07-17;0;0;0;0;0;4416267;3441169;4443;2;2909
FR;3;2022-07-18;0;0;0;0;0;4416267;3441169;4443;2;2909
FR;3;2022-07-19;0;0;0;0;0;4416267;3441169;4443;2;2909
FR;3;2022-07-20;0;0;0;0;0;4416267;3441169;4443;2;2909
FR;3;2022-07-21;0;0;0;0;0;4416267;3441169;4443;2;2909
FR;3;2022-07-22;0;0;0;0;0;4416267;3441169;4443;2;2909
FR;3;2022-07-23;0;0;0;0;0;4416267;3441169;4443;2;2909
FR;3;2022-07-24;0;0;0;0;0;4416267;3441169;4443;2;2909
FR;3;2022-07-25;0;0;0;0;0;4416267;3441169;4443;2;2909
FR;3;2022-07-26;0;0;0;0;0;4416267;3441169;4443;2;2909
FR;3;2022-07-27;0;0;0;0;0;4416267;3441169;4443;2;2909
FR;3;2022-07-28;0;0;0;0;0;4416267;3441169;4443;2;2909
FR;3;2022-07-29;0;0;0;0;0;4416267;3441169;4443;2;2909
FR;3;2022-07-30;0;0;0;0;0;4416267;3441169;4443;2;2909
FR;3;2022-07-31;0;0;0;0;0;4416267;3441169;4443;2;2909
FR;3;2022-08-01;0;0;0;0;0;4416267;3441169;4443;2;2909
FR;3;2022-08-02;0;0;0;0;0;4416267;3441169;4443;2;2909
FR;3;2022-08-03;0;0;0;0;0;4416267;3441169;4443;2;2909
FR;3;2022-08-04;0;0;0;0;0;4416267;3441169;4443;2;2909
FR;3;2022-08-05;0;0;0;0;0;4416267;3441169;4443;2;2909
FR;3;2022-08-06;0;0;0;0;0;4416267;3441169;4443;2;2909
FR;3;2022-08-07;0;0;0;0;0;4416267;3441169;4443;2;2909
FR;3;2022-08-08;0;0;0;0;0;4416267;3441169;4443;2;2909
FR;3;2022-08-09;0;0;0;0;0;4416267;3441169;4443;2;2909
FR;3;2022-08-10;0;0;0;0;0;4416267;3441169;4443;2;2909
FR;3;2022-08-11;0;0;0;0;0;4416267;3441169;4443;2;2909
FR;3;2022-08-12;0;0;0;0;0;4416267;3441169;4443;2;2909
FR;3;2022-08-13;0;0;0;0;0;4416267;3441169;4443;2;2909
FR;3;2022-08-14;0;0;0;0;0;4416267;3441169;4443;2;2909
FR;3;2022-08-15;0;0;0;0;0;4416267;3441169;4443;2;2909
FR;3;2022-08-16;0;0;0;0;0;4416267;3441169;4443;2;2909
FR;3;2022-08-17;0;0;0;0;0;4416267;3441169;4443;2;2909
FR;3;2022-08-18;0;0;0;0;0;4416267;3441169;4443;2;2909
FR;3;2022-08-19;0;0;0;0;0;4416267;3441169;4443;2;2909
FR;3;2022-08-20;0;0;0;0;0;4416267;3441169;4443;2;2909
FR;3;2022-08-21;0;0;0;0;0;4416267;3441169;4443;2;2909
FR;3;2022-08-22;0;0;0;0;0;4416267;3441169;4443;2;2909
FR;3;2022-08-23;0;0;0;0;0;4416267;3441169;4443;2;2909
FR;3;2022-08-24;0;0;0;0;0;4416267;3441169;4443;2;2909
FR;3;2022-08-25;0;0;0;0;0;4416267;3441169;4443;2;2909
FR;3;2022-08-26;0;0;0;0;0;4416267;3441169;4443;2;2909
FR;3;2022-08-27;0;0;0;0;0;4416267;3441169;4443;2;2909
FR;3;2022-08-28;0;0;0;0;0;4416267;3441169;4443;2;2909
FR;3;2022-08-29;0;0;0;0;0;4416267;3441169;4443;2;2909
FR;3;2022-08-30;0;0;0;0;0;4416267;3441169;4443;2;2909
FR;3;2022-08-31;0;0;0;0;0;4416267;3441169;4443;2;2909
FR;3;2022-09-01;0;0;0;0;0;4416267;3441169;4443;2;2909
FR;3;2022-09-02;0;0;0;0;0;4416267;3441169;4443;2;2909
FR;3;2022-09-03;0;0;0;0;0;4416267;3441169;4443;2;2909
FR;3;2022-09-04;0;0;0;0;0;4416267;3441169;4443;2;2909
FR;3;2022-09-05;0;0;0;0;0;4416267;3441169;4443;2;2909
FR;3;2022-09-06;0;0;0;0;0;4416267;3441169;4443;2;2909
FR;3;2022-09-07;0;0;0;0;0;4416267;3441169;4443;2;2909
FR;3;2022-09-08;0;0;0;0;0;4416267;3441169;4443;2;2909
FR;3;2022-09-09;0;0;0;0;0;4416267;3441169;4443;2;2909
FR;3;2022-09-10;0;0;0;0;0;4416267;3441169;4443;2;2909
FR;3;2022-09-11;0;0;0;0;0;4416267;3441169;4443;2;2909
FR;3;2022-09-12;0;0;0;0;0;4416267;3441169;4443;2;2909
FR;3;2022-09-13;0;0;0;0;0;4416267;3441169;4443;2;2909
FR;3;2022-09-14;0;0;0;0;0;4416267;3441169;4443;2;2909
FR;3;2022-09-15;0;0;0;0;0;4416267;3441169;4443;2;2909
FR;3;2022-09-16;0;0;0;0;0;4416267;3441169;4443;2;2909
FR;3;2022-09-17;0;0;0;0;0;4416267;3441169;4443;2;2909
FR;3;2022-09-18;0;0;0;0;0;4416267;3441169;4443;2;2909
FR;3;2022-09-19;0;0;0;0;0;4416267;3441169;4443;2;2909
FR;3;2022-09-20;0;0;0;0;0;4416267;3441169;4443;2;2909
FR;3;2022-09-21;0;0;0;0;0;4416267;3441169;4443;2;2909
FR;3;2022-09-22;0;0;0;0;0;4416267;3441169;4443;2;2909
FR;3;2022-09-23;0;0;0;0;0;4416267;3441169;4443;2;2909
FR;3;2022-09-24;0;0;0;0;0;4416267;3441169;4443;2;2909
FR;3;2022-09-25;0;0;0;0;0;4416267;3441169;4443;2;2909
FR;3;2022-09-26;0;0;0;0;0;4416267;3441169;4443;2;2909
FR;3;2022-09-27;0;0;0;0;0;4416267;3441169;4443;2;2909
FR;3;2022-09-28;0;0;0;0;0;4416267;3441169;4443;2;2909
FR;3;2022-09-29;0;0;0;0;0;4416267;3441169;4443;2;2909
FR;3;2022-09-30;0;0;0;0;0;4416267;3441169;4443;2;2909
FR;3;2022-10-01;0;0;0;0;0;4416267;3441169;4443;2;2909
FR;3;2022-10-02;0;0;0;0;0;4416267;3441169;4443;2;2909
FR;3;2022-10-03;0;0;0;0;0;4416267;3441169;4443;2;2909
FR;3;2022-10-04;0;0;0;0;0;4416267;3441169;4443;2;2909
FR;3;2022-10-05;0;0;0;0;0;4416267;3441169;4443;2;2909
FR;3;2022-10-06;0;0;0;0;0;4416267;3441169;4443;2;2909
FR;3;2022-10-07;0;0;0;0;0;4416267;3441169;4443;2;2909
FR;3;2022-10-08;0;0;0;0;0;4416267;3441169;4443;2;2909
FR;3;2022-10-09;0;0;0;0;0;4416267;3441169;4443;2;2909
FR;3;2022-10-10;0;0;0;0;0;4416267;3441169;4443;2;2909
FR;4;2020-12-27;0;0;0;0;0;0;0;0;0;0
FR;4;2020-12-28;0;0;0;0;0;0;0;0;0;0
FR;4;2020-12-29;0;0;0;0;0;0;0;0;0;0
FR;4;2020-12-30;0;0;0;0;0;0;0;0;0;0
FR;4;2020-12-31;0;0;0;0;0;0;0;0;0;0
FR;4;2021-01-01;0;0;0;0;0;0;0;0;0;0
FR;4;2021-01-02;0;0;0;0;0;0;0;0;0;0
FR;4;2021-01-03;0;0;0;0;0;0;0;0;0;0
FR;4;2021-01-04;0;0;0;0;0;0;0;0;0;0
FR;4;2021-01-05;0;0;0;0;0;0;0;0;0;0
FR;4;2021-01-06;0;0;0;0;0;0;0;0;0;0
FR;4;2021-01-07;0;0;0;0;0;0;0;0;0;0
FR;4;2021-01-08;0;0;0;0;0;0;0;0;0;0
FR;4;2021-01-09;0;0;0;0;0;0;0;0;0;0
FR;4;2021-01-10;0;0;0;0;0;0;0;0;0;0
FR;4;2021-01-11;0;0;0;0;0;0;0;0;0;0
FR;4;2021-01-12;0;0;0;0;0;0;0;0;0;0
FR;4;2021-01-13;0;0;0;0;0;0;0;0;0;0
FR;4;2021-01-14;0;0;0;0;0;0;0;0;0;0
FR;4;2021-01-15;0;0;0;0;0;0;0;0;0;0
FR;4;2021-01-16;0;0;0;0;0;0;0;0;0;0
FR;4;2021-01-17;0;0;0;0;0;0;0;0;0;0
FR;4;2021-01-18;0;0;0;0;0;0;0;0;0;0
FR;4;2021-01-19;0;0;0;0;0;0;0;0;0;0
FR;4;2021-01-20;0;0;0;0;0;0;0;0;0;0
FR;4;2021-01-21;0;0;0;0;0;0;0;0;0;0
FR;4;2021-01-22;0;0;0;0;0;0;0;0;0;0
FR;4;2021-01-23;0;0;0;0;0;0;0;0;0;0
FR;4;2021-01-24;0;0;0;0;0;0;0;0;0;0
FR;4;2021-01-25;0;0;0;0;0;0;0;0;0;0
FR;4;2021-01-26;0;0;0;0;0;0;0;0;0;0
FR;4;2021-01-27;0;0;0;0;0;0;0;0;0;0
FR;4;2021-01-28;0;0;0;0;0;0;0;0;0;0
FR;4;2021-01-29;0;0;0;0;0;0;0;0;0;0
FR;4;2021-01-30;0;0;0;0;0;0;0;0;0;0
FR;4;2021-01-31;0;0;0;0;0;0;0;0;0;0
FR;4;2021-02-01;0;0;0;0;0;0;0;0;0;0
FR;4;2021-02-02;0;0;0;0;0;0;0;0;0;0
FR;4;2021-02-03;0;0;0;0;0;0;0;0;0;0
FR;4;2021-02-04;0;0;0;0;0;0;0;0;0;0
FR;4;2021-02-05;0;0;0;0;0;0;0;0;0;0
FR;4;2021-02-06;0;0;0;0;0;0;0;0;0;0
FR;4;2021-02-07;0;0;0;0;0;0;0;0;0;0
FR;4;2021-02-08;0;0;0;0;0;0;0;0;0;0
FR;4;2021-02-09;0;0;0;0;0;0;0;0;0;0
FR;4;2021-02-10;0;0;0;0;0;0;0;0;0;0
FR;4;2021-02-11;0;0;0;0;0;0;0;0;0;0
FR;4;2021-02-12;0;0;0;0;0;0;0;0;0;0
FR;4;2021-02-13;0;0;0;0;0;0;0;0;0;0
FR;4;2021-02-14;0;0;0;0;0;0;0;0;0;0
FR;4;2021-02-15;0;0;0;0;0;0;0;0;0;0
FR;4;2021-02-16;0;0;0;0;0;0;0;0;0;0
FR;4;2021-02-17;0;0;0;0;0;0;0;0;0;0
FR;4;2021-02-18;0;0;0;0;0;0;0;0;0;0
FR;4;2021-02-19;0;0;0;0;0;0;0;0;0;0
FR;4;2021-02-20;0;0;0;0;0;0;0;0;0;0
FR;4;2021-02-21;0;0;0;0;0;0;0;0;0;0
FR;4;2021-02-22;0;0;0;0;0;0;0;0;0;0
FR;4;2021-02-23;0;0;0;0;0;0;0;0;0;0
FR;4;2021-02-24;0;0;0;0;0;0;0;0;0;0
FR;4;2021-02-25;0;0;0;0;0;0;0;0;0;0
FR;4;2021-02-26;0;0;0;0;0;0;0;0;0;0
FR;4;2021-02-27;0;0;0;0;0;0;0;0;0;0
FR;4;2021-02-28;0;0;0;0;0;0;0;0;0;0
FR;4;2021-03-01;0;0;0;0;0;0;0;0;0;0
FR;4;2021-03-02;0;0;0;0;0;0;0;0;0;0
FR;4;2021-03-03;0;0;0;0;0;0;0;0;0;0
FR;4;2021-03-04;0;0;0;0;0;0;0;0;0;0
FR;4;2021-03-05;0;0;0;0;0;0;0;0;0;0
FR;4;2021-03-06;0;0;0;0;0;0;0;0;0;0
FR;4;2021-03-07;0;0;0;0;0;0;0;0;0;0
FR;4;2021-03-08;0;0;0;0;0;0;0;0;0;0
FR;4;2021-03-09;0;0;0;0;0;0;0;0;0;0
FR;4;2021-03-10;0;0;0;0;0;0;0;0;0;0
FR;4;2021-03-11;0;0;0;0;0;0;0;0;0;0
FR;4;2021-03-12;0;0;0;0;0;0;0;0;0;0
FR;4;2021-03-13;0;0;0;0;0;0;0;0;0;0
FR;4;2021-03-14;0;0;0;0;0;0;0;0;0;0
FR;4;2021-03-15;0;0;0;0;0;0;0;0;0;0
FR;4;2021-03-16;0;0;0;0;0;0;0;0;0;0
FR;4;2021-03-17;0;0;0;0;0;0;0;0;0;0
FR;4;2021-03-18;0;0;0;0;0;0;0;0;0;0
FR;4;2021-03-19;0;0;0;0;0;0;0;0;0;0
FR;4;2021-03-20;0;0;0;0;0;0;0;0;0;0
FR;4;2021-03-21;0;0;0;0;0;0;0;0;0;0
FR;4;2021-03-22;0;0;0;0;0;0;0;0;0;0
FR;4;2021-03-23;0;0;0;0;0;0;0;0;0;0
FR;4;2021-03-24;0;0;0;0;0;0;0;0;0;0
FR;4;2021-03-25;0;0;0;0;0;0;0;0;0;0
FR;4;2021-03-26;0;0;0;0;0;0;0;0;0;0
FR;4;2021-03-27;0;0;0;0;0;0;0;0;0;0
FR;4;2021-03-28;0;0;0;0;0;0;0;0;0;0
FR;4;2021-03-29;0;0;0;0;0;0;0;0;0;0
FR;4;2021-03-30;0;0;0;0;0;0;0;0;0;0
FR;4;2021-03-31;0;0;0;0;0;0;0;0;0;0
FR;4;2021-04-01;0;0;0;0;0;0;0;0;0;0
FR;4;2021-04-02;0;0;0;0;0;0;0;0;0;0
FR;4;2021-04-03;0;0;0;0;0;0;0;0;0;0
FR;4;2021-04-04;0;0;0;0;0;0;0;0;0;0
FR;4;2021-04-05;0;0;0;0;0;0;0;0;0;0
FR;4;2021-04-06;0;0;0;0;0;0;0;0;0;0
FR;4;2021-04-07;0;0;0;0;0;0;0;0;0;0
FR;4;2021-04-08;0;0;0;0;0;0;0;0;0;0
FR;4;2021-04-09;0;0;0;0;0;0;0;0;0;0
FR;4;2021-04-10;0;0;0;0;0;0;0;0;0;0
FR;4;2021-04-11;0;0;0;0;0;0;0;0;0;0
FR;4;2021-04-12;0;0;0;0;0;0;0;0;0;0
FR;4;2021-04-13;0;0;0;0;0;0;0;0;0;0
FR;4;2021-04-14;0;0;0;0;0;0;0;0;0;0
FR;4;2021-04-15;0;0;0;0;0;0;0;0;0;0
FR;4;2021-04-16;0;0;0;0;0;0;0;0;0;0
FR;4;2021-04-17;0;0;0;0;0;0;0;0;0;0
FR;4;2021-04-18;0;0;0;0;0;0;0;0;0;0
FR;4;2021-04-19;0;0;0;0;0;0;0;0;0;0
FR;4;2021-04-20;0;0;0;0;0;0;0;0;0;0
FR;4;2021-04-21;0;0;0;0;0;0;0;0;0;0
FR;4;2021-04-22;0;0;0;0;0;0;0;0;0;0
FR;4;2021-04-23;3827;0;0;0;0;3827;0;0;0;0
FR;4;2021-04-24;1569;1;0;0;0;5396;1;0;0;0
FR;4;2021-04-25;125;0;0;0;0;5521;1;0;0;0
FR;4;2021-04-26;2869;1;0;0;0;8390;2;0;0;0
FR;4;2021-04-27;9520;3;0;0;0;17910;5;0;0;0
FR;4;2021-04-28;9906;6;0;0;0;27816;11;0;0;0
FR;4;2021-04-29;15991;8;0;0;0;43807;19;0;0;0
FR;4;2021-04-30;19233;10;0;0;0;63040;29;0;0;0
FR;4;2021-05-01;1993;6;0;0;0;65033;35;0;0;0
FR;4;2021-05-02;483;0;0;0;0;65516;35;0;0;0
FR;4;2021-05-03;5064;2;0;0;0;70580;37;0;0;0
FR;4;2021-05-04;8405;11;0;0;0;78985;48;0;0;0
FR;4;2021-05-05;6189;7;0;0;0;85174;55;0;0;0
FR;4;2021-05-06;11385;11;0;0;0;96559;66;0;0;0
FR;4;2021-05-07;19124;9;0;0;0;115683;75;0;0;0
FR;4;2021-05-08;2378;6;0;0;0;118061;81;0;0;0
FR;4;2021-05-09;688;3;0;0;0;118749;84;0;0;0
FR;4;2021-05-10;7243;5;1;0;0;125992;89;1;0;0
FR;4;2021-05-11;14322;12;0;0;0;140314;101;1;0;0
FR;4;2021-05-12;10172;15;0;0;0;150486;116;1;0;0
FR;4;2021-05-13;1583;4;0;0;0;152069;120;1;0;0
FR;4;2021-05-14;7766;7;0;0;0;159835;127;1;0;0
FR;4;2021-05-15;3720;8;1;0;0;163555;135;2;0;0
FR;4;2021-05-16;417;1;0;0;0;163972;136;2;0;0
FR;4;2021-05-17;4478;6;0;0;0;168450;142;2;0;0
FR;4;2021-05-18;8762;10;0;0;0;177212;152;2;0;0
FR;4;2021-05-19;5694;7;0;0;0;182906;159;2;0;0
FR;4;2021-05-20;9483;8;0;0;0;192389;167;2;0;0
FR;4;2021-05-21;12804;30;0;0;0;205193;197;2;0;0
FR;4;2021-05-22;5059;15;0;0;0;210252;212;2;0;0
FR;4;2021-05-23;494;4;0;0;0;210746;216;2;0;0
FR;4;2021-05-24;1058;7;0;0;0;211804;223;2;0;0
FR;4;2021-05-25;7632;16;0;0;0;219436;239;2;0;0
FR;4;2021-05-26;7728;16;0;0;0;227164;255;2;0;0
FR;4;2021-05-27;14333;35;0;0;0;241497;290;2;0;0
FR;4;2021-05-28;26591;82;1;0;0;268088;372;3;0;0
FR;4;2021-05-29;11385;18;0;0;0;279473;390;3;0;0
FR;4;2021-05-30;973;6;0;0;0;280446;396;3;0;0
FR;4;2021-05-31;12694;21;0;0;0;293140;417;3;0;0
FR;4;2021-06-01;20264;48;1;0;0;313404;465;4;0;0
FR;4;2021-06-02;14520;33;0;0;0;327924;498;4;0;0
FR;4;2021-06-03;19427;24;1;0;0;347351;522;5;0;0
FR;4;2021-06-04;22514;47;0;0;0;369865;569;5;0;0
FR;4;2021-06-05;9714;32;0;0;0;379579;601;5;0;0
FR;4;2021-06-06;1039;1;0;0;0;380618;602;5;0;0
FR;4;2021-06-07;9227;19;0;0;0;389845;621;5;0;0
FR;4;2021-06-08;14612;31;0;0;0;404457;652;5;0;0
FR;4;2021-06-09;12208;25;0;0;0;416665;677;5;0;0
FR;4;2021-06-10;15404;30;0;0;0;432069;707;5;0;0
FR;4;2021-06-11;16985;56;0;0;0;449054;763;5;0;0
FR;4;2021-06-12;7450;27;0;0;0;456504;790;5;0;0
FR;4;2021-06-13;907;3;0;0;0;457411;793;5;0;0
FR;4;2021-06-14;6649;26;0;0;0;464060;819;5;0;0
FR;4;2021-06-15;10891;37;0;0;0;474951;856;5;0;0
FR;4;2021-06-16;8908;16;0;0;0;483859;872;5;0;0
FR;4;2021-06-17;10898;37;0;0;0;494757;909;5;0;0
FR;4;2021-06-18;12422;45;0;0;0;507179;954;5;0;0
FR;4;2021-06-19;5567;25;0;0;0;512746;979;5;0;0
FR;4;2021-06-20;824;5;0;0;0;513570;984;5;0;0
FR;4;2021-06-21;5100;20;0;0;0;518670;1004;5;0;0
FR;4;2021-06-22;7911;28;2;0;0;526581;1032;7;0;0
FR;4;2021-06-23;7101;41;2;0;0;533682;1073;9;0;0
FR;4;2021-06-24;8653;46;1;0;0;542335;1119;10;0;0
FR;4;2021-06-25;10172;40;2;0;0;552507;1159;12;0;0
FR;4;2021-06-26;4847;21;0;0;0;557354;1180;12;0;0
FR;4;2021-06-27;764;4;0;0;0;558118;1184;12;0;0
FR;4;2021-06-28;4830;16;1;0;0;562948;1200;13;0;0
FR;4;2021-06-29;7109;28;2;0;0;570057;1228;15;0;0
FR;4;2021-06-30;6721;39;2;0;0;576778;1267;17;0;0
FR;4;2021-07-01;8206;42;0;0;0;584984;1309;17;0;0
FR;4;2021-07-02;9427;53;1;0;0;594411;1362;18;0;0
FR;4;2021-07-03;4846;20;0;0;0;599257;1382;18;0;0
FR;4;2021-07-04;689;5;0;0;0;599946;1387;18;0;0
FR;4;2021-07-05;4772;19;2;0;0;604718;1406;20;0;0
FR;4;2021-07-06;7725;29;4;0;0;612443;1435;24;0;0
FR;4;2021-07-07;7084;34;2;0;0;619527;1469;26;0;0
FR;4;2021-07-08;9231;39;2;0;0;628758;1508;28;0;0
FR;4;2021-07-09;10278;34;1;0;0;639036;1542;29;0;0
FR;4;2021-07-10;4638;14;2;0;0;643674;1556;31;0;0
FR;4;2021-07-11;583;4;1;0;0;644257;1560;32;0;0
FR;4;2021-07-12;5874;29;0;0;0;650131;1589;32;0;0
FR;4;2021-07-13;14232;29;0;0;0;664363;1618;32;0;0
FR;4;2021-07-14;2289;15;0;0;0;666652;1633;32;0;0
FR;4;2021-07-15;18235;36;0;0;0;684887;1669;32;0;0
FR;4;2021-07-16;22835;71;2;0;0;707722;1740;34;0;0
FR;4;2021-07-17;9737;20;0;0;0;717459;1760;34;0;0
FR;4;2021-07-18;1356;4;0;0;0;718815;1764;34;0;0
FR;4;2021-07-19;12989;30;1;0;0;731804;1794;35;0;0
FR;4;2021-07-20;17343;26;1;0;0;749147;1820;36;0;0
FR;4;2021-07-21;15616;33;0;0;0;764763;1853;36;0;0
FR;4;2021-07-22;18244;44;2;0;0;783007;1897;38;0;0
FR;4;2021-07-23;20415;57;7;0;0;803422;1954;45;0;0
FR;4;2021-07-24;9289;32;0;0;0;812711;1986;45;0;0
FR;4;2021-07-25;1354;8;0;0;0;814065;1994;45;0;0
FR;4;2021-07-26;11041;22;0;0;0;825106;2016;45;0;0
FR;4;2021-07-27;14679;35;3;0;0;839785;2051;48;0;0
FR;4;2021-07-28;12932;26;2;0;0;852717;2077;50;0;0
FR;4;2021-07-29;14088;54;4;0;0;866805;2131;54;0;0
FR;4;2021-07-30;15498;46;2;0;0;882303;2177;56;0;0
FR;4;2021-07-31;6840;14;2;0;0;889143;2191;58;0;0
FR;4;2021-08-01;906;1;0;0;0;890049;2192;58;0;0
FR;4;2021-08-02;7916;31;0;0;0;897965;2223;58;0;0
FR;4;2021-08-03;10798;31;2;0;0;908763;2254;60;0;0
FR;4;2021-08-04;9745;29;0;0;0;918508;2283;60;0;0
FR;4;2021-08-05;9823;41;0;0;0;928331;2324;60;0;0
FR;4;2021-08-06;10199;31;3;0;0;938530;2355;63;0;0
FR;4;2021-08-07;5098;30;1;0;0;943628;2385;64;0;0
FR;4;2021-08-08;1219;13;0;0;0;944847;2398;64;0;0
FR;4;2021-08-09;6345;31;0;0;0;951192;2429;64;0;0
FR;4;2021-08-10;8749;18;0;0;0;959941;2447;64;0;0
FR;4;2021-08-11;7943;34;4;0;0;967884;2481;68;0;0
FR;4;2021-08-12;8584;30;1;0;0;976468;2511;69;0;0
FR;4;2021-08-13;7557;25;0;1;0;984025;2536;69;1;0
FR;4;2021-08-14;3791;20;0;0;0;987816;2556;69;1;0
FR;4;2021-08-15;771;5;0;0;0;988587;2561;69;1;0
FR;4;2021-08-16;4008;17;0;0;0;992595;2578;69;1;0
FR;4;2021-08-17;5628;17;1;0;0;998223;2595;70;1;0
FR;4;2021-08-18;5166;37;0;0;0;1003389;2632;70;1;0
FR;4;2021-08-19;5486;33;3;0;0;1008875;2665;73;1;0
FR;4;2021-08-20;5222;25;1;0;0;1014097;2690;74;1;0
FR;4;2021-08-21;2310;21;1;0;0;1016407;2711;75;1;0
FR;4;2021-08-22;414;2;0;0;0;1016821;2713;75;1;0
FR;4;2021-08-23;2932;19;1;0;0;1019753;2732;76;1;0
FR;4;2021-08-24;3757;15;0;0;0;1023510;2747;76;1;0
FR;4;2021-08-25;3542;25;1;0;0;1027052;2772;77;1;0
FR;4;2021-08-26;3714;21;2;0;0;1030766;2793;79;1;0
FR;4;2021-08-27;3617;31;2;0;0;1034383;2824;81;1;0
FR;4;2021-08-28;1725;10;1;0;0;1036108;2834;82;1;0
FR;4;2021-08-29;384;7;1;0;0;1036492;2841;83;1;0
FR;4;2021-08-30;2009;25;0;0;15;1038501;2866;83;1;15
FR;4;2021-08-31;2485;21;0;0;14;1040986;2887;83;1;29
FR;4;2021-09-01;2083;38;1;0;21;1043069;2925;84;1;50
FR;4;2021-09-02;2306;31;4;0;18;1045375;2956;88;1;68
FR;4;2021-09-03;2363;44;5;0;36;1047738;3000;93;1;104
FR;4;2021-09-04;1373;17;0;0;8;1049111;3017;93;1;112
FR;4;2021-09-05;433;2;0;0;2;1049544;3019;93;1;114
FR;4;2021-09-06;1713;61;0;0;22;1051257;3080;93;1;136
FR;4;2021-09-07;1678;18;0;0;8;1052935;3098;93;1;144
FR;4;2021-09-08;1285;26;3;0;19;1054220;3124;96;1;163
FR;4;2021-09-09;1389;23;2;0;9;1055609;3147;98;1;172
FR;4;2021-09-10;1521;31;2;0;23;1057130;3178;100;1;195
FR;4;2021-09-11;744;11;0;0;3;1057874;3189;100;1;198
FR;4;2021-09-12;169;4;0;0;3;1058043;3193;100;1;201
FR;4;2021-09-13;1322;22;1;0;16;1059365;3215;101;1;217
FR;4;2021-09-14;1502;9;2;0;6;1060867;3224;103;1;223
FR;4;2021-09-15;1095;27;1;0;24;1061962;3251;104;1;247
FR;4;2021-09-16;1104;22;2;0;15;1063066;3273;106;1;262
FR;4;2021-09-17;896;21;1;0;12;1063962;3294;107;1;274
FR;4;2021-09-18;464;6;1;0;5;1064426;3300;108;1;279
FR;4;2021-09-19;182;3;0;0;2;1064608;3303;108;1;281
FR;4;2021-09-20;453;19;0;0;13;1065061;3322;108;1;294
FR;4;2021-09-21;432;11;0;0;7;1065493;3333;108;1;301
FR;4;2021-09-22;374;19;2;0;13;1065867;3352;110;1;314
FR;4;2021-09-23;483;16;1;0;15;1066350;3368;111;1;329
FR;4;2021-09-24;413;13;2;0;9;1066763;3381;113;1;338
FR;4;2021-09-25;280;10;1;0;5;1067043;3391;114;1;343
FR;4;2021-09-26;74;2;0;0;1;1067117;3393;114;1;344
FR;4;2021-09-27;263;10;1;0;8;1067380;3403;115;1;352
FR;4;2021-09-28;318;8;0;0;8;1067698;3411;115;1;360
FR;4;2021-09-29;375;19;1;0;13;1068073;3430;116;1;373
FR;4;2021-09-30;364;41;0;0;22;1068437;3471;116;1;395
FR;4;2021-10-01;411;56;0;0;50;1068848;3527;116;1;445
FR;4;2021-10-02;196;22;1;0;13;1069044;3549;117;1;458
FR;4;2021-10-03;85;1;0;0;0;1069129;3550;117;1;458
FR;4;2021-10-04;359;20;1;0;16;1069488;3570;118;1;474
FR;4;2021-10-05;286;19;2;0;15;1069774;3589;120;1;489
FR;4;2021-10-06;248;23;1;0;18;1070022;3612;121;1;507
FR;4;2021-10-07;265;25;2;0;13;1070287;3637;123;1;520
FR;4;2021-10-08;356;24;2;0;20;1070643;3661;125;1;540
FR;4;2021-10-09;194;6;6;0;7;1070837;3667;131;1;547
FR;4;2021-10-10;97;3;2;0;3;1070934;3670;133;1;550
FR;4;2021-10-11;249;15;1;0;14;1071183;3685;134;1;564
FR;4;2021-10-12;208;14;0;0;13;1071391;3699;134;1;577
FR;4;2021-10-13;219;28;1;0;25;1071610;3727;135;1;602
FR;4;2021-10-14;313;21;4;0;15;1071923;3748;139;1;617
FR;4;2021-10-15;322;24;5;0;25;1072245;3772;144;1;642
FR;4;2021-10-16;166;6;2;0;6;1072411;3778;146;1;648
FR;4;2021-10-17;70;2;0;0;1;1072481;3780;146;1;649
FR;4;2021-10-18;281;16;1;0;13;1072762;3796;147;1;662
FR;4;2021-10-19;215;14;2;0;15;1072977;3810;149;1;677
FR;4;2021-10-20;230;27;4;0;15;1073207;3837;153;1;692
FR;4;2021-10-21;242;17;0;0;13;1073449;3854;153;1;705
FR;4;2021-10-22;217;25;2;0;20;1073666;3879;155;1;725
FR;4;2021-10-23;116;16;1;0;15;1073782;3895;156;1;740
FR;4;2021-10-24;38;4;0;0;1;1073820;3899;156;1;741
FR;4;2021-10-25;214;7;2;0;9;1074034;3906;158;1;750
FR;4;2021-10-26;200;14;0;0;12;1074234;3920;158;1;762
FR;4;2021-10-27;196;11;4;0;11;1074430;3931;162;1;773
FR;4;2021-10-28;184;18;4;0;21;1074614;3949;166;1;794
FR;4;2021-10-29;224;15;2;0;13;1074838;3964;168;1;807
FR;4;2021-10-30;102;2;1;0;2;1074940;3966;169;1;809
FR;4;2021-10-31;57;3;2;0;3;1074997;3969;171;1;812
FR;4;2021-11-01;75;27;4;0;24;1075072;3996;175;1;836
FR;4;2021-11-02;160;21;2;0;21;1075232;4017;177;1;857
FR;4;2021-11-03;129;20;8;1;18;1075361;4037;185;2;875
FR;4;2021-11-04;185;15;1;0;12;1075546;4052;186;2;887
FR;4;2021-11-05;130;17;1;0;16;1075676;4069;187;2;903
FR;4;2021-11-06;80;6;1;0;6;1075756;4075;188;2;909
FR;4;2021-11-07;81;2;2;0;4;1075837;4077;190;2;913
FR;4;2021-11-08;160;20;1;0;20;1075997;4097;191;2;933
FR;4;2021-11-09;156;14;3;0;16;1076153;4111;194;2;949
FR;4;2021-11-10;119;30;6;0;32;1076272;4141;200;2;981
FR;4;2021-11-11;98;10;1;0;11;1076370;4151;201;2;992
FR;4;2021-11-12;105;19;2;0;18;1076475;4170;203;2;1010
FR;4;2021-11-13;74;15;2;0;14;1076549;4185;205;2;1024
FR;4;2021-11-14;55;5;4;0;8;1076604;4190;209;2;1032
FR;4;2021-11-15;99;26;2;0;24;1076703;4216;211;2;1056
FR;4;2021-11-16;105;13;2;0;15;1076808;4229;213;2;1071
FR;4;2021-11-17;119;30;4;0;30;1076927;4259;217;2;1101
FR;4;2021-11-18;100;34;13;0;42;1077027;4293;230;2;1143
FR;4;2021-11-19;87;21;3;0;22;1077114;4314;233;2;1165
FR;4;2021-11-20;77;8;1;0;8;1077191;4322;234;2;1173
FR;4;2021-11-21;67;7;2;0;9;1077258;4329;236;2;1182
FR;4;2021-11-22;106;28;9;0;33;1077364;4357;245;2;1215
FR;4;2021-11-23;76;31;6;0;29;1077440;4388;251;2;1244
FR;4;2021-11-24;88;23;11;0;24;1077528;4411;262;2;1268
FR;4;2021-11-25;93;28;16;0;32;1077621;4439;278;2;1300
FR;4;2021-11-26;84;43;12;0;45;1077705;4482;290;2;1345
FR;4;2021-11-27;41;22;15;0;25;1077746;4504;305;2;1370
FR;4;2021-11-28;50;8;0;0;7;1077796;4512;305;2;1377
FR;4;2021-11-29;90;31;16;0;40;1077886;4543;321;2;1417
FR;4;2021-11-30;74;37;12;0;41;1077960;4580;333;2;1458
FR;4;2021-12-01;88;60;19;0;67;1078048;4640;352;2;1525
FR;4;2021-12-02;106;48;19;0;53;1078154;4688;371;2;1578
FR;4;2021-12-03;100;36;15;0;44;1078254;4724;386;2;1622
FR;4;2021-12-04;72;31;18;0;44;1078326;4755;404;2;1666
FR;4;2021-12-05;62;6;1;0;7;1078388;4761;405;2;1673
FR;4;2021-12-06;108;46;19;0;59;1078496;4807;424;2;1732
FR;4;2021-12-07;81;37;9;0;36;1078577;4844;433;2;1768
FR;4;2021-12-08;70;31;17;0;38;1078647;4875;450;2;1806
FR;4;2021-12-09;62;32;10;0;38;1078709;4907;460;2;1844
FR;4;2021-12-10;63;64;20;0;68;1078772;4971;480;2;1912
FR;4;2021-12-11;28;34;7;0;34;1078800;5005;487;2;1946
FR;4;2021-12-12;26;10;3;0;13;1078826;5015;490;2;1959
FR;4;2021-12-13;72;40;14;0;49;1078898;5055;504;2;2008
FR;4;2021-12-14;59;43;17;0;54;1078957;5098;521;2;2062
FR;4;2021-12-15;66;64;28;0;84;1079023;5162;549;2;2146
FR;4;2021-12-16;33;44;19;0;57;1079056;5206;568;2;2203
FR;4;2021-12-17;40;55;12;0;60;1079096;5261;580;2;2263
FR;4;2021-12-18;48;30;2;0;31;1079144;5291;582;2;2294
FR;4;2021-12-19;15;4;1;0;4;1079159;5295;583;2;2298
FR;4;2021-12-20;42;38;10;0;41;1079201;5333;593;2;2339
FR;4;2021-12-21;29;31;16;0;38;1079230;5364;609;2;2377
FR;4;2021-12-22;37;37;10;0;38;1079267;5401;619;2;2415
FR;4;2021-12-23;39;45;8;0;49;1079306;5446;627;2;2464
FR;4;2021-12-24;23;26;10;0;30;1079329;5472;637;2;2494
FR;4;2021-12-25;6;3;3;0;4;1079335;5475;640;2;2498
FR;4;2021-12-26;5;3;1;0;2;1079340;5478;641;2;2500
FR;4;2021-12-27;31;41;9;0;43;1079371;5519;650;2;2543
FR;4;2021-12-28;25;28;7;0;29;1079396;5547;657;2;2572
FR;4;2021-12-29;52;25;11;0;30;1079448;5572;668;2;2602
FR;4;2021-12-30;44;19;12;0;22;1079492;5591;680;2;2624
FR;4;2021-12-31;18;6;8;0;11;1079510;5597;688;2;2635
FR;4;2022-01-01;5;4;4;0;6;1079515;5601;692;2;2641
FR;4;2022-01-02;40;5;16;0;20;1079555;5606;708;2;2661
FR;4;2022-01-03;43;55;22;1;62;1079598;5661;730;3;2723
FR;4;2022-01-04;37;28;14;0;32;1079635;5689;744;3;2755
FR;4;2022-01-05;51;22;19;0;25;1079686;5711;763;3;2780
FR;4;2022-01-06;49;22;24;0;38;1079735;5733;787;3;2818
FR;4;2022-01-07;29;20;15;0;20;1079764;5753;802;3;2838
FR;4;2022-01-08;11;6;10;0;12;1079775;5759;812;3;2850
FR;4;2022-01-09;18;2;3;0;4;1079793;5761;815;3;2854
FR;4;2022-01-10;45;22;19;0;36;1079838;5783;834;3;2890
FR;4;2022-01-11;27;31;12;0;35;1079865;5814;846;3;2925
FR;4;2022-01-12;33;21;13;0;23;1079898;5835;859;3;2948
FR;4;2022-01-13;53;20;27;0;38;1079951;5855;886;3;2986
FR;4;2022-01-14;23;29;13;0;32;1079974;5884;899;3;3018
FR;4;2022-01-15;13;6;8;0;12;1079987;5890;907;3;3030
FR;4;2022-01-16;11;9;14;0;22;1079998;5899;921;3;3052
FR;4;2022-01-17;26;19;12;0;25;1080024;5918;933;3;3077
FR;4;2022-01-18;16;13;8;0;18;1080040;5931;941;3;3095
FR;4;2022-01-19;31;23;11;0;32;1080071;5954;952;3;3127
FR;4;2022-01-20;32;34;12;0;38;1080103;5988;964;3;3165
FR;4;2022-01-21;11;12;19;1;16;1080114;6000;983;4;3181
FR;4;2022-01-22;30;13;2;0;13;1080144;6013;985;4;3194
FR;4;2022-01-23;7;2;4;0;6;1080151;6015;989;4;3200
FR;4;2022-01-24;14;21;8;0;27;1080165;6036;997;4;3227
FR;4;2022-01-25;21;32;9;1;37;1080186;6068;1006;5;3264
FR;4;2022-01-26;19;16;8;1;19;1080205;6084;1014;6;3283
FR;4;2022-01-27;21;18;8;0;24;1080226;6102;1022;6;3307
FR;4;2022-01-28;13;23;8;0;26;1080239;6125;1030;6;3333
FR;4;2022-01-29;17;6;5;0;10;1080256;6131;1035;6;3343
FR;4;2022-01-30;18;3;1;0;4;1080274;6134;1036;6;3347
FR;4;2022-01-31;22;27;8;0;31;1080296;6161;1044;6;3378
FR;4;2022-02-01;11;22;12;0;23;1080307;6183;1056;6;3401
FR;4;2022-02-02;18;11;12;2;18;1080325;6194;1068;8;3419
FR;4;2022-02-03;14;23;10;0;27;1080339;6217;1078;8;3446
FR;4;2022-02-04;7;5;7;0;9;1080346;6222;1085;8;3455
FR;4;2022-02-05;7;14;1;0;13;1080353;6236;1086;8;3468
FR;4;2022-02-06;6;4;3;0;6;1080359;6240;1089;8;3474
FR;4;2022-02-07;15;19;8;0;19;1080374;6259;1097;8;3493
FR;4;2022-02-08;19;21;13;1;22;1080393;6280;1110;9;3515
FR;4;2022-02-09;17;11;8;0;15;1080410;6291;1118;9;3530
FR;4;2022-02-10;21;23;9;0;24;1080431;6314;1127;9;3554
FR;4;2022-02-11;18;15;8;0;20;1080449;6329;1135;9;3574
FR;4;2022-02-12;24;6;2;0;6;1080473;6335;1137;9;3580
FR;4;2022-02-13;7;3;3;0;6;1080480;6338;1140;9;3586
FR;4;2022-02-14;20;10;9;0;15;1080500;6348;1149;9;3601
FR;4;2022-02-15;18;7;1;0;7;1080518;6355;1150;9;3608
FR;4;2022-02-16;16;9;11;0;16;1080534;6364;1161;9;3624
FR;4;2022-02-17;11;4;4;0;6;1080545;6368;1165;9;3630
FR;4;2022-02-18;16;15;7;0;20;1080561;6383;1172;9;3650
FR;4;2022-02-19;16;4;2;0;5;1080577;6387;1174;9;3655
FR;4;2022-02-20;7;3;0;0;2;1080584;6390;1174;9;3657
FR;4;2022-02-21;23;3;4;0;5;1080607;6393;1178;9;3662
FR;4;2022-02-22;8;5;10;0;10;1080615;6398;1188;9;3672
FR;4;2022-02-23;16;6;10;0;10;1080631;6404;1198;9;3682
FR;4;2022-02-24;11;5;3;0;6;1080642;6409;1201;9;3688
FR;4;2022-02-25;15;5;7;0;6;1080657;6414;1208;9;3694
FR;4;2022-02-26;27;3;0;0;3;1080684;6417;1208;9;3697
FR;4;2022-02-27;9;0;1;0;1;1080693;6417;1209;9;3698
FR;4;2022-02-28;18;3;2;0;3;1080711;6420;1211;9;3701
FR;4;2022-03-01;7;4;7;0;5;1080718;6424;1218;9;3706
FR;4;2022-03-02;14;3;4;0;6;1080732;6427;1222;9;3712
FR;4;2022-03-03;17;5;3;0;6;1080749;6432;1225;9;3718
FR;4;2022-03-04;7;7;2;1;5;1080756;6439;1227;10;3723
FR;4;2022-03-05;9;2;0;0;2;1080765;6441;1227;10;3725
FR;4;2022-03-06;4;0;1;0;1;1080769;6441;1228;10;3726
FR;4;2022-03-07;10;4;2;0;3;1080779;6445;1230;10;3729
FR;4;2022-03-08;14;3;0;0;3;1080793;6448;1230;10;3732
FR;4;2022-03-09;8;7;2;0;7;1080801;6455;1232;10;3739
FR;4;2022-03-10;5;1;6;0;3;1080806;6456;1238;10;3742
FR;4;2022-03-11;10;4;5;0;2;1080816;6460;1243;10;3744
FR;4;2022-03-12;9;2;0;0;0;1080825;6462;1243;10;3744
FR;4;2022-03-13;6;1;1;0;2;1080831;6463;1244;10;3746
FR;4;2022-03-14;4;1;1;0;2;1080835;6464;1245;10;3748
FR;4;2022-03-15;7;6;3;0;5;1080842;6470;1248;10;3753
FR;4;2022-03-16;7;3;3;0;3;1080849;6473;1251;10;3756
FR;4;2022-03-17;3;4;1;0;5;1080852;6477;1252;10;3761
FR;4;2022-03-18;9;3;0;0;3;1080861;6480;1252;10;3764
FR;4;2022-03-19;1;1;1;0;2;1080862;6481;1253;10;3766
FR;4;2022-03-20;2;0;2;0;1;1080864;6481;1255;10;3767
FR;4;2022-03-21;6;3;1;0;4;1080870;6484;1256;10;3771
FR;4;2022-03-22;3;2;2;0;3;1080873;6486;1258;10;3774
FR;4;2022-03-23;6;4;4;0;7;1080879;6490;1262;10;3781
FR;4;2022-03-24;2;5;3;1;7;1080881;6495;1265;11;3788
FR;4;2022-03-25;3;1;2;0;1;1080884;6496;1267;11;3789
FR;4;2022-03-26;5;5;0;0;5;1080889;6501;1267;11;3794
FR;4;2022-03-27;1;0;3;0;2;1080890;6501;1270;11;3796
FR;4;2022-03-28;5;1;3;0;3;1080895;6502;1273;11;3799
FR;4;2022-03-29;9;0;4;1;0;1080904;6502;1277;12;3799
FR;4;2022-03-30;3;4;0;0;4;1080907;6506;1277;12;3803
FR;4;2022-03-31;2;3;1;1;3;1080909;6509;1278;13;3806
FR;4;2022-04-01;14;2;5;0;5;1080923;6511;1283;13;3811
FR;4;2022-04-02;4;4;0;0;3;1080927;6515;1283;13;3814
FR;4;2022-04-03;0;1;0;0;1;1080927;6516;1283;13;3815
FR;4;2022-04-04;4;4;4;0;5;1080931;6520;1287;13;3820
FR;4;2022-04-05;4;3;2;1;3;1080935;6523;1289;14;3823
FR;4;2022-04-06;6;0;0;0;0;1080941;6523;1289;14;3823
FR;4;2022-04-07;3;2;3;2;5;1080944;6525;1292;16;3828
FR;4;2022-04-08;4;1;1;0;1;1080948;6526;1293;16;3829
FR;4;2022-04-09;0;0;1;1;1;1080948;6526;1294;17;3830
FR;4;2022-04-10;1;2;0;0;2;1080949;6528;1294;17;3832
FR;4;2022-04-11;4;3;4;0;5;1080953;6531;1298;17;3837
FR;4;2022-04-12;3;1;4;0;2;1080956;6532;1302;17;3839
FR;4;2022-04-13;5;7;2;0;9;1080961;6539;1304;17;3848
FR;4;2022-04-14;6;4;2;1;5;1080967;6543;1306;18;3853
FR;4;2022-04-15;5;8;1;0;9;1080972;6551;1307;18;3862
FR;4;2022-04-16;1;0;0;0;0;1080973;6551;1307;18;3862
FR;4;2022-04-17;2;2;1;0;3;1080975;6553;1308;18;3865
FR;4;2022-04-18;2;2;6;0;4;1080977;6555;1314;18;3869
FR;4;2022-04-19;2;0;1;0;0;1080979;6555;1315;18;3869
FR;4;2022-04-20;14;4;1;0;3;1080993;6559;1316;18;3872
FR;4;2022-04-21;7;1;0;0;1;1081000;6560;1316;18;3873
FR;4;2022-04-22;1;1;2;0;2;1081001;6561;1318;18;3875
FR;4;2022-04-23;2;3;3;0;6;1081003;6564;1321;18;3881
FR;4;2022-04-24;0;2;0;0;2;1081003;6566;1321;18;3883
FR;4;2022-04-25;3;4;3;0;7;1081006;6570;1324;18;3890
FR;4;2022-04-26;5;6;1;0;6;1081011;6576;1325;18;3896
FR;4;2022-04-27;4;1;1;1;1;1081015;6577;1326;19;3897
FR;4;2022-04-28;3;5;5;0;6;1081018;6582;1331;19;3903
FR;4;2022-04-29;6;3;0;0;2;1081024;6585;1331;19;3905
FR;4;2022-04-30;2;1;1;0;2;1081026;6586;1332;19;3907
FR;4;2022-05-01;0;0;0;0;0;1081026;6586;1332;19;3907
FR;4;2022-05-02;5;16;6;0;19;1081031;6602;1338;19;3926
FR;4;2022-05-03;2;6;2;0;7;1081033;6608;1340;19;3933
FR;4;2022-05-04;7;4;1;0;4;1081040;6612;1341;19;3937
FR;4;2022-05-05;2;2;1;1;1;1081042;6614;1342;20;3938
FR;4;2022-05-06;5;3;1;0;2;1081047;6617;1343;20;3940
FR;4;2022-05-07;0;0;0;0;0;1081047;6617;1343;20;3940
FR;4;2022-05-08;1;1;0;0;1;1081048;6618;1343;20;3941
FR;4;2022-05-09;5;1;0;0;1;1081053;6619;1343;20;3942
FR;4;2022-05-10;1;1;0;2;3;1081054;6620;1343;22;3945
FR;4;2022-05-11;3;2;3;0;5;1081057;6622;1346;22;3950
FR;4;2022-05-12;6;3;1;1;4;1081063;6625;1347;23;3954
FR;4;2022-05-13;1;0;2;0;2;1081064;6625;1349;23;3956
FR;4;2022-05-14;0;2;0;0;2;1081064;6627;1349;23;3958
FR;4;2022-05-15;2;2;0;0;0;1081066;6629;1349;23;3958
FR;4;2022-05-16;5;2;2;0;2;1081071;6631;1351;23;3960
FR;4;2022-05-17;5;1;2;0;3;1081076;6632;1353;23;3963
FR;4;2022-05-18;3;6;0;0;6;1081079;6638;1353;23;3969
FR;4;2022-05-19;2;2;3;0;4;1081081;6640;1356;23;3973
FR;4;2022-05-20;4;2;3;0;2;1081085;6642;1359;23;3975
FR;4;2022-05-21;2;0;1;0;1;1081087;6642;1360;23;3976
FR;4;2022-05-22;0;0;1;0;1;1081087;6642;1361;23;3977
FR;4;2022-05-23;0;0;2;0;0;1081087;6642;1363;23;3977
FR;4;2022-05-24;2;4;0;0;4;1081089;6646;1363;23;3981
FR;4;2022-05-25;1;3;0;0;1;1081090;6649;1363;23;3982
FR;4;2022-05-26;4;0;1;0;1;1081094;6649;1364;23;3983
FR;4;2022-05-27;0;2;0;1;2;1081094;6651;1364;24;3985
FR;4;2022-05-28;1;0;0;0;0;1081095;6651;1364;24;3985
FR;4;2022-05-29;1;0;1;0;1;1081096;6651;1365;24;3986
FR;4;2022-05-30;2;4;2;0;5;1081098;6655;1367;24;3991
FR;4;2022-05-31;2;1;0;0;1;1081100;6656;1367;24;3992
FR;4;2022-06-01;1;11;7;0;15;1081101;6667;1374;24;4007
FR;4;2022-06-02;5;6;2;0;6;1081106;6673;1376;24;4013
FR;4;2022-06-03;2;5;4;1;6;1081108;6678;1380;25;4019
FR;4;2022-06-04;0;1;1;0;1;1081108;6679;1381;25;4020
FR;4;2022-06-05;0;0;0;0;0;1081108;6679;1381;25;4020
FR;4;2022-06-06;6;0;3;0;2;1081114;6679;1384;25;4022
FR;4;2022-06-07;5;2;0;1;2;1081119;6681;1384;26;4024
FR;4;2022-06-08;0;3;3;0;6;1081119;6684;1387;26;4030
FR;4;2022-06-09;1;2;0;0;1;1081120;6686;1387;26;4031
FR;4;2022-06-10;3;0;3;0;1;1081123;6686;1390;26;4032
FR;4;2022-06-11;1;0;0;0;0;1081124;6686;1390;26;4032
FR;4;2022-06-12;4;0;0;0;0;1081128;6686;1390;26;4032
FR;4;2022-06-13;5;2;3;0;2;1081133;6688;1393;26;4034
FR;4;2022-06-14;4;3;0;0;2;1081137;6691;1393;26;4036
FR;4;2022-06-15;8;0;4;0;0;1081145;6691;1397;26;4036
FR;4;2022-06-16;1;3;1;1;2;1081146;6694;1398;27;4038
FR;4;2022-06-17;6;1;0;0;1;1081152;6695;1398;27;4039
FR;4;2022-06-18;0;0;0;0;0;1081152;6695;1398;27;4039
FR;4;2022-06-19;0;0;0;0;0;1081152;6695;1398;27;4039
FR;4;2022-06-20;4;2;2;1;3;1081156;6697;1400;28;4042
FR;4;2022-06-21;5;2;3;1;3;1081161;6699;1403;29;4045
FR;4;2022-06-22;3;1;0;3;1;1081164;6700;1403;32;4046
FR;4;2022-06-23;3;3;3;0;5;1081167;6703;1406;32;4051
FR;4;2022-06-24;3;0;2;0;0;1081170;6703;1408;32;4051
FR;4;2022-06-25;1;0;1;1;1;1081171;6703;1409;33;4052
FR;4;2022-06-26;0;0;1;0;1;1081171;6703;1410;33;4053
FR;4;2022-06-27;1;2;0;3;2;1081172;6705;1410;36;4055
FR;4;2022-06-28;0;4;2;1;5;1081172;6709;1412;37;4060
FR;4;2022-06-29;1;2;0;0;2;1081173;6711;1412;37;4062
FR;4;2022-06-30;2;0;0;0;0;1081175;6711;1412;37;4062
FR;4;2022-07-01;2;4;8;0;4;1081177;6715;1420;37;4066
FR;4;2022-07-02;0;1;0;0;0;1081177;6716;1420;37;4066
FR;4;2022-07-03;0;0;0;0;0;1081177;6716;1420;37;4066
FR;4;2022-07-04;3;1;0;0;1;1081180;6717;1420;37;4067
FR;4;2022-07-05;2;0;2;0;2;1081182;6717;1422;37;4069
FR;4;2022-07-06;5;0;1;1;0;1081187;6717;1423;38;4069
FR;4;2022-07-07;1;0;2;1;0;1081188;6717;1425;39;4069
FR;4;2022-07-08;3;1;0;0;1;1081191;6718;1425;39;4070
FR;4;2022-07-09;2;2;1;0;3;1081193;6720;1426;39;4073
FR;4;2022-07-10;2;0;1;0;0;1081195;6720;1427;39;4073
FR;4;2022-07-11;2;0;2;0;0;1081197;6720;1429;39;4073
FR;4;2022-07-12;0;0;2;0;2;1081197;6720;1431;39;4075
FR;4;2022-07-13;2;2;3;0;2;1081199;6722;1434;39;4077
FR;4;2022-07-14;4;0;1;0;0;1081203;6722;1435;39;4077
FR;4;2022-07-15;8;2;0;0;2;1081211;6724;1435;39;4079
FR;4;2022-07-16;4;0;0;2;0;1081215;6724;1435;41;4079
FR;4;2022-07-17;0;0;0;0;0;1081215;6724;1435;41;4079
FR;4;2022-07-18;2;2;2;0;2;1081217;6726;1437;41;4081
FR;4;2022-07-19;4;0;1;0;1;1081221;6726;1438;41;4082
FR;4;2022-07-20;10;0;0;0;0;1081231;6726;1438;41;4082
FR;4;2022-07-21;2;1;1;0;1;1081233;6727;1439;41;4083
FR;4;2022-07-22;4;0;3;0;1;1081237;6727;1442;41;4084
FR;4;2022-07-23;1;2;0;0;1;1081238;6729;1442;41;4085
FR;4;2022-07-24;0;0;0;0;0;1081238;6729;1442;41;4085
FR;4;2022-07-25;5;0;2;0;2;1081243;6729;1444;41;4087
FR;4;2022-07-26;2;0;0;0;0;1081245;6729;1444;41;4087
FR;4;2022-07-27;2;1;0;0;0;1081247;6730;1444;41;4087
FR;4;2022-07-28;9;0;0;0;0;1081256;6730;1444;41;4087
FR;4;2022-07-29;3;0;1;0;0;1081259;6730;1445;41;4087
FR;4;2022-07-30;3;0;2;0;0;1081262;6730;1447;41;4087
FR;4;2022-07-31;0;0;0;0;0;1081262;6730;1447;41;4087
FR;4;2022-08-01;1;0;2;0;1;1081263;6730;1449;41;4088
FR;4;2022-08-02;6;0;0;0;0;1081269;6730;1449;41;4088
FR;4;2022-08-03;0;2;1;0;2;1081269;6732;1450;41;4090
FR;4;2022-08-04;3;2;0;1;2;1081272;6734;1450;42;4092
FR;4;2022-08-05;2;0;1;0;0;1081274;6734;1451;42;4092
FR;4;2022-08-06;2;0;0;0;0;1081276;6734;1451;42;4092
FR;4;2022-08-07;3;0;0;0;0;1081279;6734;1451;42;4092
FR;4;2022-08-08;1;0;1;1;1;1081280;6734;1452;43;4093
FR;4;2022-08-09;1;1;1;2;2;1081281;6735;1453;45;4095
FR;4;2022-08-10;5;1;1;0;1;1081286;6736;1454;45;4096
FR;4;2022-08-11;2;0;1;0;1;1081288;6736;1455;45;4097
FR;4;2022-08-12;4;0;1;0;0;1081292;6736;1456;45;4097
FR;4;2022-08-13;1;0;0;0;0;1081293;6736;1456;45;4097
FR;4;2022-08-14;0;0;0;0;0;1081293;6736;1456;45;4097
FR;4;2022-08-15;0;1;3;0;1;1081293;6737;1459;45;4098
FR;4;2022-08-16;0;0;1;0;1;1081293;6737;1460;45;4099
FR;4;2022-08-17;2;0;0;0;0;1081295;6737;1460;45;4099
FR;4;2022-08-18;0;0;0;0;0;1081295;6737;1460;45;4099
FR;4;2022-08-19;5;0;0;0;0;1081300;6737;1460;45;4099
FR;4;2022-08-20;1;0;0;0;0;1081301;6737;1460;45;4099
FR;4;2022-08-21;1;0;0;0;0;1081302;6737;1460;45;4099
FR;4;2022-08-22;3;9;0;0;9;1081305;6746;1460;45;4108
FR;4;2022-08-23;1;3;1;0;3;1081306;6749;1461;45;4111
FR;4;2022-08-24;3;0;0;1;0;1081309;6749;1461;46;4111
FR;4;2022-08-25;0;3;1;0;3;1081309;6752;1462;46;4114
FR;4;2022-08-26;1;0;0;1;0;1081310;6752;1462;47;4114
FR;4;2022-08-27;1;0;0;0;0;1081311;6752;1462;47;4114
FR;4;2022-08-28;0;0;0;0;0;1081311;6752;1462;47;4114
FR;4;2022-08-29;2;0;0;0;0;1081313;6752;1462;47;4114
FR;4;2022-08-30;4;0;0;0;0;1081317;6752;1462;47;4114
FR;4;2022-08-31;1;1;0;0;1;1081318;6753;1462;47;4115
FR;4;2022-09-01;1;5;2;0;4;1081319;6758;1464;47;4119
FR;4;2022-09-02;1;1;1;0;2;1081320;6759;1465;47;4121
FR;4;2022-09-03;2;0;0;0;0;1081322;6759;1465;47;4121
FR;4;2022-09-04;0;0;0;0;0;1081322;6759;1465;47;4121
FR;4;2022-09-05;2;2;0;0;2;1081324;6761;1465;47;4123
FR;4;2022-09-06;0;0;0;0;0;1081324;6761;1465;47;4123
FR;4;2022-09-07;0;0;1;1;1;1081324;6761;1466;48;4124
FR;4;2022-09-08;3;0;0;0;0;1081327;6761;1466;48;4124
FR;4;2022-09-09;2;0;0;0;0;1081329;6761;1466;48;4124
FR;4;2022-09-10;0;0;0;3;1;1081329;6761;1466;51;4125
FR;4;2022-09-11;2;0;0;0;0;1081331;6761;1466;51;4125
FR;4;2022-09-12;0;1;1;0;1;1081331;6762;1467;51;4126
FR;4;2022-09-13;1;0;0;0;0;1081332;6762;1467;51;4126
FR;4;2022-09-14;0;0;0;0;0;1081332;6762;1467;51;4126
FR;4;2022-09-15;2;0;0;0;0;1081334;6762;1467;51;4126
FR;4;2022-09-16;0;0;0;0;0;1081334;6762;1467;51;4126
FR;4;2022-09-17;2;0;0;0;0;1081336;6762;1467;51;4126
FR;4;2022-09-18;0;0;0;0;0;1081336;6762;1467;51;4126
FR;4;2022-09-19;1;0;1;0;1;1081337;6762;1468;51;4127
FR;4;2022-09-20;0;0;0;0;0;1081337;6762;1468;51;4127
FR;4;2022-09-21;2;0;0;0;0;1081339;6762;1468;51;4127
FR;4;2022-09-22;1;0;0;0;0;1081340;6762;1468;51;4127
FR;4;2022-09-23;1;3;0;0;2;1081341;6765;1468;51;4129
FR;4;2022-09-24;1;0;0;0;0;1081342;6765;1468;51;4129
FR;4;2022-09-25;0;0;0;0;0;1081342;6765;1468;51;4129
FR;4;2022-09-26;2;0;0;0;0;1081344;6765;1468;51;4129
FR;4;2022-09-27;0;0;0;1;0;1081344;6765;1468;52;4129
FR;4;2022-09-28;3;0;0;0;0;1081347;6765;1468;52;4129
FR;4;2022-09-29;1;0;0;1;0;1081348;6765;1468;53;4129
FR;4;2022-09-30;1;0;0;0;0;1081349;6765;1468;53;4129
FR;4;2022-10-01;0;1;0;0;0;1081349;6766;1468;53;4129
FR;4;2022-10-02;0;0;0;0;0;1081349;6766;1468;53;4129
FR;4;2022-10-03;1;1;0;0;0;1081350;6767;1468;53;4129
FR;4;2022-10-04;2;0;0;0;0;1081352;6767;1468;53;4129
FR;4;2022-10-05;0;1;0;0;1;1081352;6768;1468;53;4130
FR;4;2022-10-06;1;0;0;0;0;1081353;6768;1468;53;4130
FR;4;2022-10-07;1;0;0;0;0;1081354;6768;1468;53;4130
FR;4;2022-10-08;3;1;0;0;0;1081357;6769;1468;53;4130
FR;4;2022-10-09;0;0;0;0;0;1081357;6769;1468;53;4130
FR;4;2022-10-10;1;0;0;1;0;1081358;6769;1468;54;4130
FR;5;2020-12-27;0;0;0;0;0;0;0;0;0;0
FR;5;2020-12-28;0;0;0;0;0;0;0;0;0;0
FR;5;2020-12-29;0;0;0;0;0;0;0;0;0;0
FR;5;2020-12-30;0;0;0;0;0;0;0;0;0;0
FR;5;2020-12-31;0;0;0;0;0;0;0;0;0;0
FR;5;2021-01-01;0;0;0;0;0;0;0;0;0;0
FR;5;2021-01-02;0;0;0;0;0;0;0;0;0;0
FR;5;2021-01-03;0;0;0;0;0;0;0;0;0;0
FR;5;2021-01-04;0;0;0;0;0;0;0;0;0;0
FR;5;2021-01-05;0;0;0;0;0;0;0;0;0;0
FR;5;2021-01-06;0;0;0;0;0;0;0;0;0;0
FR;5;2021-01-07;0;0;0;0;0;0;0;0;0;0
FR;5;2021-01-08;0;0;0;0;0;0;0;0;0;0
FR;5;2021-01-09;0;0;0;0;0;0;0;0;0;0
FR;5;2021-01-10;0;0;0;0;0;0;0;0;0;0
FR;5;2021-01-11;0;0;0;0;0;0;0;0;0;0
FR;5;2021-01-12;0;0;0;0;0;0;0;0;0;0
FR;5;2021-01-13;0;0;0;0;0;0;0;0;0;0
FR;5;2021-01-14;0;0;0;0;0;0;0;0;0;0
FR;5;2021-01-15;0;0;0;0;0;0;0;0;0;0
FR;5;2021-01-16;0;0;0;0;0;0;0;0;0;0
FR;5;2021-01-17;0;0;0;0;0;0;0;0;0;0
FR;5;2021-01-18;0;0;0;0;0;0;0;0;0;0
FR;5;2021-01-19;0;0;0;0;0;0;0;0;0;0
FR;5;2021-01-20;0;0;0;0;0;0;0;0;0;0
FR;5;2021-01-21;0;0;0;0;0;0;0;0;0;0
FR;5;2021-01-22;0;0;0;0;0;0;0;0;0;0
FR;5;2021-01-23;0;0;0;0;0;0;0;0;0;0
FR;5;2021-01-24;0;0;0;0;0;0;0;0;0;0
FR;5;2021-01-25;0;0;0;0;0;0;0;0;0;0
FR;5;2021-01-26;0;0;0;0;0;0;0;0;0;0
FR;5;2021-01-27;0;0;0;0;0;0;0;0;0;0
FR;5;2021-01-28;0;0;0;0;0;0;0;0;0;0
FR;5;2021-01-29;0;0;0;0;0;0;0;0;0;0
FR;5;2021-01-30;0;0;0;0;0;0;0;0;0;0
FR;5;2021-01-31;0;0;0;0;0;0;0;0;0;0
FR;5;2021-02-01;0;0;0;0;0;0;0;0;0;0
FR;5;2021-02-02;0;0;0;0;0;0;0;0;0;0
FR;5;2021-02-03;0;0;0;0;0;0;0;0;0;0
FR;5;2021-02-04;0;0;0;0;0;0;0;0;0;0
FR;5;2021-02-05;0;0;0;0;0;0;0;0;0;0
FR;5;2021-02-06;0;0;0;0;0;0;0;0;0;0
FR;5;2021-02-07;0;0;0;0;0;0;0;0;0;0
FR;5;2021-02-08;0;0;0;0;0;0;0;0;0;0
FR;5;2021-02-09;0;0;0;0;0;0;0;0;0;0
FR;5;2021-02-10;0;0;0;0;0;0;0;0;0;0
FR;5;2021-02-11;0;0;0;0;0;0;0;0;0;0
FR;5;2021-02-12;0;0;0;0;0;0;0;0;0;0
FR;5;2021-02-13;0;0;0;0;0;0;0;0;0;0
FR;5;2021-02-14;0;0;0;0;0;0;0;0;0;0
FR;5;2021-02-15;0;0;0;0;0;0;0;0;0;0
FR;5;2021-02-16;0;0;0;0;0;0;0;0;0;0
FR;5;2021-02-17;0;0;0;0;0;0;0;0;0;0
FR;5;2021-02-18;0;0;0;0;0;0;0;0;0;0
FR;5;2021-02-19;0;0;0;0;0;0;0;0;0;0
FR;5;2021-02-20;0;0;0;0;0;0;0;0;0;0
FR;5;2021-02-21;0;0;0;0;0;0;0;0;0;0
FR;5;2021-02-22;0;0;0;0;0;0;0;0;0;0
FR;5;2021-02-23;0;0;0;0;0;0;0;0;0;0
FR;5;2021-02-24;0;0;0;0;0;0;0;0;0;0
FR;5;2021-02-25;0;0;0;0;0;0;0;0;0;0
FR;5;2021-02-26;0;0;0;0;0;0;0;0;0;0
FR;5;2021-02-27;0;0;0;0;0;0;0;0;0;0
FR;5;2021-02-28;0;0;0;0;0;0;0;0;0;0
FR;5;2021-03-01;0;0;0;0;0;0;0;0;0;0
FR;5;2021-03-02;0;0;0;0;0;0;0;0;0;0
FR;5;2021-03-03;0;0;0;0;0;0;0;0;0;0
FR;5;2021-03-04;0;0;0;0;0;0;0;0;0;0
FR;5;2021-03-05;0;0;0;0;0;0;0;0;0;0
FR;5;2021-03-06;0;0;0;0;0;0;0;0;0;0
FR;5;2021-03-07;0;0;0;0;0;0;0;0;0;0
FR;5;2021-03-08;0;0;0;0;0;0;0;0;0;0
FR;5;2021-03-09;0;0;0;0;0;0;0;0;0;0
FR;5;2021-03-10;0;0;0;0;0;0;0;0;0;0
FR;5;2021-03-11;0;0;0;0;0;0;0;0;0;0
FR;5;2021-03-12;0;0;0;0;0;0;0;0;0;0
FR;5;2021-03-13;0;0;0;0;0;0;0;0;0;0
FR;5;2021-03-14;0;0;0;0;0;0;0;0;0;0
FR;5;2021-03-15;0;0;0;0;0;0;0;0;0;0
FR;5;2021-03-16;0;0;0;0;0;0;0;0;0;0
FR;5;2021-03-17;0;0;0;0;0;0;0;0;0;0
FR;5;2021-03-18;0;0;0;0;0;0;0;0;0;0
FR;5;2021-03-19;0;0;0;0;0;0;0;0;0;0
FR;5;2021-03-20;0;0;0;0;0;0;0;0;0;0
FR;5;2021-03-21;0;0;0;0;0;0;0;0;0;0
FR;5;2021-03-22;0;0;0;0;0;0;0;0;0;0
FR;5;2021-03-23;0;0;0;0;0;0;0;0;0;0
FR;5;2021-03-24;0;0;0;0;0;0;0;0;0;0
FR;5;2021-03-25;0;0;0;0;0;0;0;0;0;0
FR;5;2021-03-26;0;0;0;0;0;0;0;0;0;0
FR;5;2021-03-27;0;0;0;0;0;0;0;0;0;0
FR;5;2021-03-28;0;0;0;0;0;0;0;0;0;0
FR;5;2021-03-29;0;0;0;0;0;0;0;0;0;0
FR;5;2021-03-30;0;0;0;0;0;0;0;0;0;0
FR;5;2021-03-31;0;0;0;0;0;0;0;0;0;0
FR;5;2021-04-01;0;0;0;0;0;0;0;0;0;0
FR;5;2021-04-02;0;0;0;0;0;0;0;0;0;0
FR;5;2021-04-03;0;0;0;0;0;0;0;0;0;0
FR;5;2021-04-04;0;0;0;0;0;0;0;0;0;0
FR;5;2021-04-05;0;0;0;0;0;0;0;0;0;0
FR;5;2021-04-06;0;0;0;0;0;0;0;0;0;0
FR;5;2021-04-07;0;0;0;0;0;0;0;0;0;0
FR;5;2021-04-08;0;0;0;0;0;0;0;0;0;0
FR;5;2021-04-09;0;0;0;0;0;0;0;0;0;0
FR;5;2021-04-10;0;0;0;0;0;0;0;0;0;0
FR;5;2021-04-11;0;0;0;0;0;0;0;0;0;0
FR;5;2021-04-12;0;0;0;0;0;0;0;0;0;0
FR;5;2021-04-13;0;0;0;0;0;0;0;0;0;0
FR;5;2021-04-14;0;0;0;0;0;0;0;0;0;0
FR;5;2021-04-15;0;0;0;0;0;0;0;0;0;0
FR;5;2021-04-16;0;0;0;0;0;0;0;0;0;0
FR;5;2021-04-17;0;0;0;0;0;0;0;0;0;0
FR;5;2021-04-18;0;0;0;0;0;0;0;0;0;0
FR;5;2021-04-19;0;0;0;0;0;0;0;0;0;0
FR;5;2021-04-20;0;0;0;0;0;0;0;0;0;0
FR;5;2021-04-21;0;0;0;0;0;0;0;0;0;0
FR;5;2021-04-22;0;0;0;0;0;0;0;0;0;0
FR;5;2021-04-23;0;0;0;0;0;0;0;0;0;0
FR;5;2021-04-24;0;0;0;0;0;0;0;0;0;0
FR;5;2021-04-25;0;0;0;0;0;0;0;0;0;0
FR;5;2021-04-26;0;0;0;0;0;0;0;0;0;0
FR;5;2021-04-27;0;0;0;0;0;0;0;0;0;0
FR;5;2021-04-28;0;0;0;0;0;0;0;0;0;0
FR;5;2021-04-29;0;0;0;0;0;0;0;0;0;0
FR;5;2021-04-30;0;0;0;0;0;0;0;0;0;0
FR;5;2021-05-01;0;0;0;0;0;0;0;0;0;0
FR;5;2021-05-02;0;0;0;0;0;0;0;0;0;0
FR;5;2021-05-03;0;0;0;0;0;0;0;0;0;0
FR;5;2021-05-04;0;0;0;0;0;0;0;0;0;0
FR;5;2021-05-05;0;0;0;0;0;0;0;0;0;0
FR;5;2021-05-06;0;0;0;0;0;0;0;0;0;0
FR;5;2021-05-07;0;0;0;0;0;0;0;0;0;0
FR;5;2021-05-08;0;0;0;0;0;0;0;0;0;0
FR;5;2021-05-09;0;0;0;0;0;0;0;0;0;0
FR;5;2021-05-10;0;0;0;0;0;0;0;0;0;0
FR;5;2021-05-11;0;0;0;0;0;0;0;0;0;0
FR;5;2021-05-12;0;0;0;0;0;0;0;0;0;0
FR;5;2021-05-13;0;0;0;0;0;0;0;0;0;0
FR;5;2021-05-14;0;0;0;0;0;0;0;0;0;0
FR;5;2021-05-15;0;0;0;0;0;0;0;0;0;0
FR;5;2021-05-16;0;0;0;0;0;0;0;0;0;0
FR;5;2021-05-17;0;0;0;0;0;0;0;0;0;0
FR;5;2021-05-18;0;0;0;0;0;0;0;0;0;0
FR;5;2021-05-19;0;0;0;0;0;0;0;0;0;0
FR;5;2021-05-20;0;0;0;0;0;0;0;0;0;0
FR;5;2021-05-21;0;0;0;0;0;0;0;0;0;0
FR;5;2021-05-22;0;0;0;0;0;0;0;0;0;0
FR;5;2021-05-23;0;0;0;0;0;0;0;0;0;0
FR;5;2021-05-24;0;0;0;0;0;0;0;0;0;0
FR;5;2021-05-25;0;0;0;0;0;0;0;0;0;0
FR;5;2021-05-26;0;0;0;0;0;0;0;0;0;0
FR;5;2021-05-27;0;0;0;0;0;0;0;0;0;0
FR;5;2021-05-28;0;0;0;0;0;0;0;0;0;0
FR;5;2021-05-29;0;0;0;0;0;0;0;0;0;0
FR;5;2021-05-30;0;0;0;0;0;0;0;0;0;0
FR;5;2021-05-31;0;0;0;0;0;0;0;0;0;0
FR;5;2021-06-01;0;0;0;0;0;0;0;0;0;0
FR;5;2021-06-02;0;0;0;0;0;0;0;0;0;0
FR;5;2021-06-03;0;0;0;0;0;0;0;0;0;0
FR;5;2021-06-04;0;0;0;0;0;0;0;0;0;0
FR;5;2021-06-05;0;0;0;0;0;0;0;0;0;0
FR;5;2021-06-06;0;0;0;0;0;0;0;0;0;0
FR;5;2021-06-07;0;0;0;0;0;0;0;0;0;0
FR;5;2021-06-08;0;0;0;0;0;0;0;0;0;0
FR;5;2021-06-09;0;0;0;0;0;0;0;0;0;0
FR;5;2021-06-10;0;0;0;0;0;0;0;0;0;0
FR;5;2021-06-11;0;0;0;0;0;0;0;0;0;0
FR;5;2021-06-12;0;0;0;0;0;0;0;0;0;0
FR;5;2021-06-13;0;0;0;0;0;0;0;0;0;0
FR;5;2021-06-14;0;0;0;0;0;0;0;0;0;0
FR;5;2021-06-15;0;0;0;0;0;0;0;0;0;0
FR;5;2021-06-16;0;0;0;0;0;0;0;0;0;0
FR;5;2021-06-17;0;0;0;0;0;0;0;0;0;0
FR;5;2021-06-18;0;0;0;0;0;0;0;0;0;0
FR;5;2021-06-19;0;0;0;0;0;0;0;0;0;0
FR;5;2021-06-20;0;0;0;0;0;0;0;0;0;0
FR;5;2021-06-21;0;0;0;0;0;0;0;0;0;0
FR;5;2021-06-22;0;0;0;0;0;0;0;0;0;0
FR;5;2021-06-23;0;0;0;0;0;0;0;0;0;0
FR;5;2021-06-24;0;0;0;0;0;0;0;0;0;0
FR;5;2021-06-25;0;0;0;0;0;0;0;0;0;0
FR;5;2021-06-26;0;0;0;0;0;0;0;0;0;0
FR;5;2021-06-27;0;0;0;0;0;0;0;0;0;0
FR;5;2021-06-28;0;0;0;0;0;0;0;0;0;0
FR;5;2021-06-29;0;0;0;0;0;0;0;0;0;0
FR;5;2021-06-30;0;0;0;0;0;0;0;0;0;0
FR;5;2021-07-01;0;0;0;0;0;0;0;0;0;0
FR;5;2021-07-02;0;0;0;0;0;0;0;0;0;0
FR;5;2021-07-03;0;0;0;0;0;0;0;0;0;0
FR;5;2021-07-04;0;0;0;0;0;0;0;0;0;0
FR;5;2021-07-05;0;0;0;0;0;0;0;0;0;0
FR;5;2021-07-06;0;0;0;0;0;0;0;0;0;0
FR;5;2021-07-07;0;0;0;0;0;0;0;0;0;0
FR;5;2021-07-08;0;0;0;0;0;0;0;0;0;0
FR;5;2021-07-09;0;0;0;0;0;0;0;0;0;0
FR;5;2021-07-10;0;0;0;0;0;0;0;0;0;0
FR;5;2021-07-11;0;0;0;0;0;0;0;0;0;0
FR;5;2021-07-12;0;0;0;0;0;0;0;0;0;0
FR;5;2021-07-13;0;0;0;0;0;0;0;0;0;0
FR;5;2021-07-14;0;0;0;0;0;0;0;0;0;0
FR;5;2021-07-15;0;0;0;0;0;0;0;0;0;0
FR;5;2021-07-16;0;0;0;0;0;0;0;0;0;0
FR;5;2021-07-17;0;0;0;0;0;0;0;0;0;0
FR;5;2021-07-18;0;0;0;0;0;0;0;0;0;0
FR;5;2021-07-19;0;0;0;0;0;0;0;0;0;0
FR;5;2021-07-20;0;0;0;0;0;0;0;0;0;0
FR;5;2021-07-21;0;0;0;0;0;0;0;0;0;0
FR;5;2021-07-22;0;0;0;0;0;0;0;0;0;0
FR;5;2021-07-23;0;0;0;0;0;0;0;0;0;0
FR;5;2021-07-24;0;0;0;0;0;0;0;0;0;0
FR;5;2021-07-25;0;0;0;0;0;0;0;0;0;0
FR;5;2021-07-26;0;0;0;0;0;0;0;0;0;0
FR;5;2021-07-27;0;0;0;0;0;0;0;0;0;0
FR;5;2021-07-28;0;0;0;0;0;0;0;0;0;0
FR;5;2021-07-29;0;0;0;0;0;0;0;0;0;0
FR;5;2021-07-30;0;0;0;0;0;0;0;0;0;0
FR;5;2021-07-31;0;0;0;0;0;0;0;0;0;0
FR;5;2021-08-01;0;0;0;0;0;0;0;0;0;0
FR;5;2021-08-02;0;0;0;0;0;0;0;0;0;0
FR;5;2021-08-03;0;0;0;0;0;0;0;0;0;0
FR;5;2021-08-04;0;0;0;0;0;0;0;0;0;0
FR;5;2021-08-05;0;0;0;0;0;0;0;0;0;0
FR;5;2021-08-06;0;0;0;0;0;0;0;0;0;0
FR;5;2021-08-07;0;0;0;0;0;0;0;0;0;0
FR;5;2021-08-08;0;0;0;0;0;0;0;0;0;0
FR;5;2021-08-09;0;0;0;0;0;0;0;0;0;0
FR;5;2021-08-10;0;0;0;0;0;0;0;0;0;0
FR;5;2021-08-11;0;0;0;0;0;0;0;0;0;0
FR;5;2021-08-12;0;0;0;0;0;0;0;0;0;0
FR;5;2021-08-13;0;0;0;0;0;0;0;0;0;0
FR;5;2021-08-14;0;0;0;0;0;0;0;0;0;0
FR;5;2021-08-15;0;0;0;0;0;0;0;0;0;0
FR;5;2021-08-16;0;0;0;0;0;0;0;0;0;0
FR;5;2021-08-17;0;0;0;0;0;0;0;0;0;0
FR;5;2021-08-18;0;0;0;0;0;0;0;0;0;0
FR;5;2021-08-19;0;0;0;0;0;0;0;0;0;0
FR;5;2021-08-20;0;0;0;0;0;0;0;0;0;0
FR;5;2021-08-21;0;0;0;0;0;0;0;0;0;0
FR;5;2021-08-22;0;0;0;0;0;0;0;0;0;0
FR;5;2021-08-23;0;0;0;0;0;0;0;0;0;0
FR;5;2021-08-24;0;0;0;0;0;0;0;0;0;0
FR;5;2021-08-25;0;0;0;0;0;0;0;0;0;0
FR;5;2021-08-26;0;0;0;0;0;0;0;0;0;0
FR;5;2021-08-27;0;0;0;0;0;0;0;0;0;0
FR;5;2021-08-28;0;0;0;0;0;0;0;0;0;0
FR;5;2021-08-29;0;0;0;0;0;0;0;0;0;0
FR;5;2021-08-30;0;0;0;0;0;0;0;0;0;0
FR;5;2021-08-31;0;0;0;0;0;0;0;0;0;0
FR;5;2021-09-01;0;0;0;0;0;0;0;0;0;0
FR;5;2021-09-02;0;0;0;0;0;0;0;0;0;0
FR;5;2021-09-03;0;0;0;0;0;0;0;0;0;0
FR;5;2021-09-04;0;0;0;0;0;0;0;0;0;0
FR;5;2021-09-05;0;0;0;0;0;0;0;0;0;0
FR;5;2021-09-06;0;0;0;0;0;0;0;0;0;0
FR;5;2021-09-07;0;0;0;0;0;0;0;0;0;0
FR;5;2021-09-08;0;0;0;0;0;0;0;0;0;0
FR;5;2021-09-09;0;0;0;0;0;0;0;0;0;0
FR;5;2021-09-10;0;0;0;0;0;0;0;0;0;0
FR;5;2021-09-11;0;0;0;0;0;0;0;0;0;0
FR;5;2021-09-12;0;0;0;0;0;0;0;0;0;0
FR;5;2021-09-13;0;0;0;0;0;0;0;0;0;0
FR;5;2021-09-14;0;0;0;0;0;0;0;0;0;0
FR;5;2021-09-15;0;0;0;0;0;0;0;0;0;0
FR;5;2021-09-16;0;0;0;0;0;0;0;0;0;0
FR;5;2021-09-17;0;0;0;0;0;0;0;0;0;0
FR;5;2021-09-18;0;0;0;0;0;0;0;0;0;0
FR;5;2021-09-19;0;0;0;0;0;0;0;0;0;0
FR;5;2021-09-20;0;0;0;0;0;0;0;0;0;0
FR;5;2021-09-21;0;0;0;0;0;0;0;0;0;0
FR;5;2021-09-22;0;0;0;0;0;0;0;0;0;0
FR;5;2021-09-23;0;0;0;0;0;0;0;0;0;0
FR;5;2021-09-24;0;0;0;0;0;0;0;0;0;0
FR;5;2021-09-25;0;0;0;0;0;0;0;0;0;0
FR;5;2021-09-26;0;0;0;0;0;0;0;0;0;0
FR;5;2021-09-27;0;0;0;0;0;0;0;0;0;0
FR;5;2021-09-28;0;0;0;0;0;0;0;0;0;0
FR;5;2021-09-29;0;0;0;0;0;0;0;0;0;0
FR;5;2021-09-30;0;0;0;0;0;0;0;0;0;0
FR;5;2021-10-01;0;0;0;0;0;0;0;0;0;0
FR;5;2021-10-02;0;0;0;0;0;0;0;0;0;0
FR;5;2021-10-03;0;0;0;0;0;0;0;0;0;0
FR;5;2021-10-04;0;0;0;0;0;0;0;0;0;0
FR;5;2021-10-05;0;0;0;0;0;0;0;0;0;0
FR;5;2021-10-06;0;0;0;0;0;0;0;0;0;0
FR;5;2021-10-07;0;0;0;0;0;0;0;0;0;0
FR;5;2021-10-08;0;0;0;0;0;0;0;0;0;0
FR;5;2021-10-09;0;0;0;0;0;0;0;0;0;0
FR;5;2021-10-10;0;0;0;0;0;0;0;0;0;0
FR;5;2021-10-11;0;0;0;0;0;0;0;0;0;0
FR;5;2021-10-12;0;0;0;0;0;0;0;0;0;0
FR;5;2021-10-13;0;0;0;0;0;0;0;0;0;0
FR;5;2021-10-14;0;0;0;0;0;0;0;0;0;0
FR;5;2021-10-15;0;0;0;0;0;0;0;0;0;0
FR;5;2021-10-16;0;0;0;0;0;0;0;0;0;0
FR;5;2021-10-17;0;0;0;0;0;0;0;0;0;0
FR;5;2021-10-18;0;0;0;0;0;0;0;0;0;0
FR;5;2021-10-19;0;0;0;0;0;0;0;0;0;0
FR;5;2021-10-20;0;0;0;0;0;0;0;0;0;0
FR;5;2021-10-21;0;0;0;0;0;0;0;0;0;0
FR;5;2021-10-22;0;0;0;0;0;0;0;0;0;0
FR;5;2021-10-23;0;0;0;0;0;0;0;0;0;0
FR;5;2021-10-24;0;0;0;0;0;0;0;0;0;0
FR;5;2021-10-25;0;0;0;0;0;0;0;0;0;0
FR;5;2021-10-26;0;0;0;0;0;0;0;0;0;0
FR;5;2021-10-27;0;0;0;0;0;0;0;0;0;0
FR;5;2021-10-28;0;0;0;0;0;0;0;0;0;0
FR;5;2021-10-29;0;0;0;0;0;0;0;0;0;0
FR;5;2021-10-30;0;0;0;0;0;0;0;0;0;0
FR;5;2021-10-31;0;0;0;0;0;0;0;0;0;0
FR;5;2021-11-01;0;0;0;0;0;0;0;0;0;0
FR;5;2021-11-02;0;0;0;0;0;0;0;0;0;0
FR;5;2021-11-03;0;0;0;0;0;0;0;0;0;0
FR;5;2021-11-04;0;0;0;0;0;0;0;0;0;0
FR;5;2021-11-05;0;0;0;0;0;0;0;0;0;0
FR;5;2021-11-06;0;0;0;0;0;0;0;0;0;0
FR;5;2021-11-07;0;0;0;0;0;0;0;0;0;0
FR;5;2021-11-08;0;0;0;0;0;0;0;0;0;0
FR;5;2021-11-09;0;0;0;0;0;0;0;0;0;0
FR;5;2021-11-10;0;0;0;0;0;0;0;0;0;0
FR;5;2021-11-11;0;0;0;0;0;0;0;0;0;0
FR;5;2021-11-12;0;0;0;0;0;0;0;0;0;0
FR;5;2021-11-13;0;0;0;0;0;0;0;0;0;0
FR;5;2021-11-14;0;0;0;0;0;0;0;0;0;0
FR;5;2021-11-15;0;0;0;0;0;0;0;0;0;0
FR;5;2021-11-16;0;0;0;0;0;0;0;0;0;0
FR;5;2021-11-17;0;0;0;0;0;0;0;0;0;0
FR;5;2021-11-18;0;0;0;0;0;0;0;0;0;0
FR;5;2021-11-19;0;0;0;0;0;0;0;0;0;0
FR;5;2021-11-20;0;0;0;0;0;0;0;0;0;0
FR;5;2021-11-21;0;0;0;0;0;0;0;0;0;0
FR;5;2021-11-22;0;0;0;0;0;0;0;0;0;0
FR;5;2021-11-23;0;0;0;0;0;0;0;0;0;0
FR;5;2021-11-24;0;0;0;0;0;0;0;0;0;0
FR;5;2021-11-25;0;0;0;0;0;0;0;0;0;0
FR;5;2021-11-26;0;0;0;0;0;0;0;0;0;0
FR;5;2021-11-27;0;0;0;0;0;0;0;0;0;0
FR;5;2021-11-28;0;0;0;0;0;0;0;0;0;0
FR;5;2021-11-29;0;0;0;0;0;0;0;0;0;0
FR;5;2021-11-30;0;0;0;0;0;0;0;0;0;0
FR;5;2021-12-01;0;0;0;0;0;0;0;0;0;0
FR;5;2021-12-02;0;0;0;0;0;0;0;0;0;0
FR;5;2021-12-03;0;0;0;0;0;0;0;0;0;0
FR;5;2021-12-04;0;0;0;0;0;0;0;0;0;0
FR;5;2021-12-05;0;0;0;0;0;0;0;0;0;0
FR;5;2021-12-06;0;0;0;0;0;0;0;0;0;0
FR;5;2021-12-07;0;0;0;0;0;0;0;0;0;0
FR;5;2021-12-08;0;0;0;0;0;0;0;0;0;0
FR;5;2021-12-09;0;0;0;0;0;0;0;0;0;0
FR;5;2021-12-10;0;0;0;0;0;0;0;0;0;0
FR;5;2021-12-11;0;0;0;0;0;0;0;0;0;0
FR;5;2021-12-12;0;0;0;0;0;0;0;0;0;0
FR;5;2021-12-13;0;0;0;0;0;0;0;0;0;0
FR;5;2021-12-14;33;45;77;0;88;33;45;77;0;88
FR;5;2021-12-15;196;45;37;0;49;229;90;114;0;137
FR;5;2021-12-16;181;21;44;0;48;410;111;158;0;185
FR;5;2021-12-17;312;16;72;0;74;722;127;230;0;259
FR;5;2021-12-18;766;24;22;0;29;1488;151;252;0;288
FR;5;2021-12-19;586;15;15;0;17;2074;166;267;0;305
FR;5;2021-12-20;1223;31;35;0;38;3297;197;302;0;343
FR;5;2021-12-21;1535;22;54;1;60;4832;219;356;1;403
FR;5;2021-12-22;4069;40;37;0;46;8901;259;393;1;449
FR;5;2021-12-23;3042;16;21;0;25;11943;275;414;1;474
FR;5;2021-12-24;761;18;9;0;14;12704;293;423;1;488
FR;5;2021-12-25;61;5;2;0;3;12765;298;425;1;491
FR;5;2021-12-26;623;6;3;0;4;13388;304;428;1;495
FR;5;2021-12-27;4085;25;21;0;23;17473;329;449;1;518
FR;5;2021-12-28;5204;23;41;1;43;22677;352;490;2;561
FR;5;2021-12-29;8107;34;66;2;69;30784;386;556;4;630
FR;5;2021-12-30;5173;18;33;0;39;35957;404;589;4;669
FR;5;2021-12-31;1553;8;10;0;11;37510;412;599;4;680
FR;5;2022-01-01;185;2;2;0;3;37695;414;601;4;683
FR;5;2022-01-02;1489;1;1;0;1;39184;415;602;4;684
FR;5;2022-01-03;3066;36;33;0;32;42250;451;635;4;716
FR;5;2022-01-04;3033;39;33;0;42;45283;490;668;4;758
FR;5;2022-01-05;19323;203;97;1;108;64606;693;765;5;866
FR;5;2022-01-06;3746;134;122;0;142;68352;827;887;5;1008
FR;5;2022-01-07;5007;202;48;2;56;73359;1029;935;7;1064
FR;5;2022-01-08;13659;514;45;0;52;87018;1543;980;7;1116
FR;5;2022-01-09;5754;399;15;0;20;92772;1942;995;7;1136
FR;5;2022-01-10;3455;326;25;0;29;96227;2268;1020;7;1165
FR;5;2022-01-11;3671;284;38;0;41;99898;2552;1058;7;1206
FR;5;2022-01-12;22652;3005;89;0;112;122550;5557;1147;7;1318
FR;5;2022-01-13;4037;622;30;0;32;126587;6179;1177;7;1350
FR;5;2022-01-14;4843;582;44;0;51;131430;6761;1221;7;1401
FR;5;2022-01-15;14686;1746;38;3;49;146116;8507;1259;10;1450
FR;5;2022-01-16;4727;666;3;0;5;150843;9173;1262;10;1455
FR;5;2022-01-17;2297;718;26;0;29;153140;9891;1288;10;1484
FR;5;2022-01-18;2430;870;30;0;40;155570;10761;1318;10;1524
FR;5;2022-01-19;18483;6423;74;2;142;174053;17184;1392;12;1666
FR;5;2022-01-20;1920;1068;25;0;34;175973;18252;1417;12;1700
FR;5;2022-01-21;3077;1372;47;1;59;179050;19624;1464;13;1759
FR;5;2022-01-22;10721;3454;33;1;43;189771;23078;1497;14;1802
FR;5;2022-01-23;2629;1415;6;0;10;192400;24493;1503;14;1812
FR;5;2022-01-24;1160;1340;19;0;23;193560;25833;1522;14;1835
FR;5;2022-01-25;1220;1549;20;2;31;194780;27382;1542;16;1866
FR;5;2022-01-26;10751;12028;50;1;89;205531;39410;1592;17;1955
FR;5;2022-01-27;1291;1693;10;0;17;206822;41103;1602;17;1972
FR;5;2022-01-28;1699;3347;16;0;19;208521;44450;1618;17;1991
FR;5;2022-01-29;6240;8041;68;0;96;214761;52491;1686;17;2087
FR;5;2022-01-30;1509;2950;5;0;18;216270;55441;1691;17;2105
FR;5;2022-01-31;589;1773;23;0;24;216859;57214;1714;17;2129
FR;5;2022-02-01;712;1706;10;0;15;217571;58920;1724;17;2144
FR;5;2022-02-02;6958;15656;52;0;94;224529;74576;1776;17;2238
FR;5;2022-02-03;491;1690;14;0;13;225020;76266;1790;17;2251
FR;5;2022-02-04;945;3002;19;0;31;225965;79268;1809;17;2282
FR;5;2022-02-05;3535;8918;23;0;37;229500;88186;1832;17;2319
FR;5;2022-02-06;737;2397;10;0;19;230237;90583;1842;17;2338
FR;5;2022-02-07;884;1596;23;0;25;231121;92179;1865;17;2363
FR;5;2022-02-08;722;1287;18;0;20;231843;93466;1883;17;2383
FR;5;2022-02-09;4544;12878;44;0;76;236387;106344;1927;17;2459
FR;5;2022-02-10;646;1059;14;0;15;237033;107403;1941;17;2474
FR;5;2022-02-11;793;2032;16;0;21;237826;109435;1957;17;2495
FR;5;2022-02-12;2286;6813;33;0;53;240112;116248;1990;17;2548
FR;5;2022-02-13;464;1540;8;0;8;240576;117788;1998;17;2556
FR;5;2022-02-14;678;1288;10;0;13;241254;119076;2008;17;2569
FR;5;2022-02-15;482;886;9;0;14;241736;119962;2017;17;2583
FR;5;2022-02-16;2980;9123;41;1;58;244716;129085;2058;18;2641
FR;5;2022-02-17;436;809;6;0;7;245152;129894;2064;18;2648
FR;5;2022-02-18;649;1408;13;0;17;245801;131302;2077;18;2665
FR;5;2022-02-19;1373;4315;16;0;28;247174;135617;2093;18;2693
FR;5;2022-02-20;247;879;6;0;8;247421;136496;2099;18;2701
FR;5;2022-02-21;221;607;2;0;4;247642;137103;2101;18;2705
FR;5;2022-02-22;262;545;17;0;17;247904;137648;2118;18;2722
FR;5;2022-02-23;1909;6926;23;1;43;249813;144574;2141;19;2765
FR;5;2022-02-24;182;374;6;1;7;249995;144948;2147;20;2772
FR;5;2022-02-25;336;950;13;0;12;250331;145898;2160;20;2784
FR;5;2022-02-26;972;3070;11;0;15;251303;148968;2171;20;2799
FR;5;2022-02-27;150;506;0;0;3;251453;149474;2171;20;2802
FR;5;2022-02-28;162;369;1;0;1;251615;149843;2172;20;2803
FR;5;2022-03-01;130;280;6;0;7;251745;150123;2178;20;2810
FR;5;2022-03-02;1241;4156;28;3;40;252986;154279;2206;23;2850
FR;5;2022-03-03;121;251;5;0;10;253107;154530;2211;23;2860
FR;5;2022-03-04;197;488;13;0;14;253304;155018;2224;23;2874
FR;5;2022-03-05;677;1990;8;0;16;253981;157008;2232;23;2890
FR;5;2022-03-06;108;260;0;0;0;254089;157268;2232;23;2890
FR;5;2022-03-07;71;228;5;0;3;254160;157496;2237;23;2893
FR;5;2022-03-08;46;134;7;1;8;254206;157630;2244;24;2901
FR;5;2022-03-09;910;3078;24;0;36;255116;160708;2268;24;2937
FR;5;2022-03-10;82;202;8;0;12;255198;160910;2276;24;2949
FR;5;2022-03-11;148;369;13;1;15;255346;161279;2289;25;2964
FR;5;2022-03-12;758;1613;13;1;30;256104;162892;2302;26;2994
FR;5;2022-03-13;78;100;0;0;0;256182;162992;2302;26;2994
FR;5;2022-03-14;67;119;7;1;7;256249;163111;2309;27;3001
FR;5;2022-03-15;83;99;4;0;7;256332;163210;2313;27;3008
FR;5;2022-03-16;882;1827;15;3;36;257214;165037;2328;30;3044
FR;5;2022-03-17;68;123;8;4;10;257282;165160;2336;34;3054
FR;5;2022-03-18;172;318;13;4;18;257454;165478;2349;38;3072
FR;5;2022-03-19;751;1163;12;5;33;258205;166641;2361;43;3105
FR;5;2022-03-20;45;93;1;0;1;258250;166734;2362;43;3106
FR;5;2022-03-21;71;120;10;6;15;258321;166854;2372;49;3121
FR;5;2022-03-22;56;119;8;7;9;258377;166973;2380;56;3130
FR;5;2022-03-23;805;1461;14;8;36;259182;168434;2394;64;3166
FR;5;2022-03-24;70;93;8;7;7;259252;168527;2402;71;3173
FR;5;2022-03-25;222;293;14;8;18;259474;168820;2416;79;3191
FR;5;2022-03-26;707;853;12;5;26;260181;169673;2428;84;3217
FR;5;2022-03-27;75;80;0;0;3;260256;169753;2428;84;3220
FR;5;2022-03-28;81;93;1;2;3;260337;169846;2429;86;3223
FR;5;2022-03-29;71;82;10;4;12;260408;169928;2439;90;3235
FR;5;2022-03-30;823;1116;16;13;29;261231;171044;2455;103;3264
FR;5;2022-03-31;102;125;1;4;6;261333;171169;2456;107;3270
FR;5;2022-04-01;114;86;7;12;11;261447;171255;2463;119;3281
FR;5;2022-04-02;330;349;3;3;15;261777;171604;2466;122;3296
FR;5;2022-04-03;54;59;1;0;1;261831;171663;2467;122;3297
FR;5;2022-04-04;40;57;4;1;8;261871;171720;2471;123;3305
FR;5;2022-04-05;52;60;6;7;9;261923;171780;2477;130;3314
FR;5;2022-04-06;421;439;7;15;16;262344;172219;2484;145;3330
FR;5;2022-04-07;45;69;5;7;7;262389;172288;2489;152;3337
FR;5;2022-04-08;134;112;12;13;14;262523;172400;2501;165;3351
FR;5;2022-04-09;311;324;2;5;17;262834;172724;2503;170;3368
FR;5;2022-04-10;44;31;2;0;2;262878;172755;2505;170;3370
FR;5;2022-04-11;50;60;3;2;4;262928;172815;2508;172;3374
FR;5;2022-04-12;59;54;3;3;5;262987;172869;2511;175;3379
FR;5;2022-04-13;382;413;3;8;16;263369;173282;2514;183;3395
FR;5;2022-04-14;48;48;5;5;9;263417;173330;2519;188;3404
FR;5;2022-04-15;91;109;4;4;5;263508;173439;2523;192;3409
FR;5;2022-04-16;188;184;2;1;13;263696;173623;2525;193;3422
FR;5;2022-04-17;12;11;1;0;1;263708;173634;2526;193;3423
FR;5;2022-04-18;9;10;2;0;3;263717;173644;2528;193;3426
FR;5;2022-04-19;75;71;6;1;6;263792;173715;2534;194;3432
FR;5;2022-04-20;361;349;9;6;12;264153;174064;2543;200;3444
FR;5;2022-04-21;42;64;9;10;12;264195;174128;2552;210;3456
FR;5;2022-04-22;113;96;5;4;5;264308;174224;2557;214;3461
FR;5;2022-04-23;209;193;3;2;10;264517;174417;2560;216;3471
FR;5;2022-04-24;37;35;0;0;3;264554;174452;2560;216;3474
FR;5;2022-04-25;69;65;1;1;4;264623;174517;2561;217;3478
FR;5;2022-04-26;60;63;2;1;5;264683;174580;2563;218;3483
FR;5;2022-04-27;335;316;3;7;14;265018;174896;2566;225;3497
FR;5;2022-04-28;81;54;4;5;8;265099;174950;2570;230;3505
FR;5;2022-04-29;117;84;5;19;12;265216;175034;2575;249;3517
FR;5;2022-04-30;183;114;2;3;10;265399;175148;2577;252;3527
FR;5;2022-05-01;11;7;0;0;0;265410;175155;2577;252;3527
FR;5;2022-05-02;52;28;4;5;2;265462;175183;2581;257;3529
FR;5;2022-05-03;84;57;2;5;11;265546;175240;2583;262;3540
FR;5;2022-05-04;278;205;1;2;7;265824;175445;2584;264;3547
FR;5;2022-05-05;62;32;3;4;5;265886;175477;2587;268;3552
FR;5;2022-05-06;105;65;2;3;5;265991;175542;2589;271;3557
FR;5;2022-05-07;171;117;3;10;13;266162;175659;2592;281;3570
FR;5;2022-05-08;8;8;0;0;2;266170;175667;2592;281;3572
FR;5;2022-05-09;44;34;15;3;16;266214;175701;2607;284;3588
FR;5;2022-05-10;54;49;3;4;5;266268;175750;2610;288;3593
FR;5;2022-05-11;326;237;12;7;21;266594;175987;2622;295;3614
FR;5;2022-05-12;46;34;2;2;2;266640;176021;2624;297;3616
FR;5;2022-05-13;109;83;3;8;8;266749;176104;2627;305;3624
FR;5;2022-05-14;209;131;0;1;8;266958;176235;2627;306;3632
FR;5;2022-05-15;22;9;2;0;1;266980;176244;2629;306;3633
FR;5;2022-05-16;52;34;4;5;4;267032;176278;2633;311;3637
FR;5;2022-05-17;72;40;5;0;2;267104;176318;2638;311;3639
FR;5;2022-05-18;289;215;4;4;8;267393;176533;2642;315;3647
FR;5;2022-05-19;45;35;5;3;3;267438;176568;2647;318;3650
FR;5;2022-05-20;76;63;3;10;1;267514;176631;2650;328;3651
FR;5;2022-05-21;242;166;2;3;17;267756;176797;2652;331;3668
FR;5;2022-05-22;20;14;2;5;2;267776;176811;2654;336;3670
FR;5;2022-05-23;42;31;4;3;6;267818;176842;2658;339;3676
FR;5;2022-05-24;47;45;3;2;5;267865;176887;2661;341;3681
FR;5;2022-05-25;329;257;4;1;16;268194;177144;2665;342;3697
FR;5;2022-05-26;17;5;0;1;2;268211;177149;2665;343;3699
FR;5;2022-05-27;99;54;4;4;9;268310;177203;2669;347;3708
FR;5;2022-05-28;100;78;5;3;10;268410;177281;2674;350;3718
FR;5;2022-05-29;14;14;1;0;2;268424;177295;2675;350;3720
FR;5;2022-05-30;56;41;2;1;2;268480;177336;2677;351;3722
FR;5;2022-05-31;57;43;1;8;1;268537;177379;2678;359;3723
FR;5;2022-06-01;257;241;9;2;25;268794;177620;2687;361;3748
FR;5;2022-06-02;63;61;5;0;9;268857;177681;2692;361;3757
FR;5;2022-06-03;81;71;4;5;10;268938;177752;2696;366;3767
FR;5;2022-06-04;157;109;2;1;9;269095;177861;2698;367;3776
FR;5;2022-06-05;18;11;0;0;1;269113;177872;2698;367;3777
FR;5;2022-06-06;16;9;0;1;0;269129;177881;2698;368;3777
FR;5;2022-06-07;50;56;1;1;2;269179;177937;2699;369;3779
FR;5;2022-06-08;283;225;3;4;17;269462;178162;2702;373;3796
FR;5;2022-06-09;52;41;6;3;7;269514;178203;2708;376;3803
FR;5;2022-06-10;81;72;1;1;6;269595;178275;2709;377;3809
FR;5;2022-06-11;173;141;3;3;10;269768;178416;2712;380;3819
FR;5;2022-06-12;17;16;0;0;2;269785;178432;2712;380;3821
FR;5;2022-06-13;56;47;9;3;10;269841;178479;2721;383;3831
FR;5;2022-06-14;59;56;1;4;6;269900;178535;2722;387;3837
FR;5;2022-06-15;266;260;5;2;27;270166;178795;2727;389;3864
FR;5;2022-06-16;47;30;5;2;5;270213;178825;2732;391;3869
FR;5;2022-06-17;100;67;5;5;10;270313;178892;2737;396;3879
FR;5;2022-06-18;146;95;10;2;26;270459;178987;2747;398;3905
FR;5;2022-06-19;26;15;0;1;4;270485;179002;2747;399;3909
FR;5;2022-06-20;56;50;8;0;11;270541;179052;2755;399;3920
FR;5;2022-06-21;52;73;5;3;7;270593;179125;2760;402;3927
FR;5;2022-06-22;224;247;7;9;33;270817;179372;2767;411;3960
FR;5;2022-06-23;50;38;2;5;6;270867;179410;2769;416;3966
FR;5;2022-06-24;91;69;12;5;16;270958;179479;2781;421;3982
FR;5;2022-06-25;154;124;3;7;14;271112;179603;2784;428;3996
FR;5;2022-06-26;26;19;2;0;5;271138;179622;2786;428;4001
FR;5;2022-06-27;57;60;5;7;11;271195;179682;2791;435;4012
FR;5;2022-06-28;70;49;8;2;14;271265;179731;2799;437;4026
FR;5;2022-06-29;297;268;9;21;34;271562;179999;2808;458;4060
FR;5;2022-06-30;89;57;10;12;17;271651;180056;2818;470;4077
FR;5;2022-07-01;126;65;7;11;12;271777;180121;2825;481;4089
FR;5;2022-07-02;191;132;4;0;22;271968;180253;2829;481;4111
FR;5;2022-07-03;30;25;1;0;4;271998;180278;2830;481;4115
FR;5;2022-07-04;103;64;2;5;6;272101;180342;2832;486;4121
FR;5;2022-07-05;104;72;3;8;13;272205;180414;2835;494;4134
FR;5;2022-07-06;277;168;9;36;27;272482;180582;2844;530;4161
FR;5;2022-07-07;88;68;6;9;13;272570;180650;2850;539;4174
FR;5;2022-07-08;152;120;7;14;25;272722;180770;2857;553;4199
FR;5;2022-07-09;116;68;1;8;10;272838;180838;2858;561;4209
FR;5;2022-07-10;15;6;0;0;1;272853;180844;2858;561;4210
FR;5;2022-07-11;92;72;10;2;19;272945;180916;2868;563;4229
FR;5;2022-07-12;67;63;5;10;7;273012;180979;2873;573;4236
FR;5;2022-07-13;169;118;10;19;16;273181;181097;2883;592;4252
FR;5;2022-07-14;8;4;0;0;0;273189;181101;2883;592;4252
FR;5;2022-07-15;74;66;5;14;15;273263;181167;2888;606;4267
FR;5;2022-07-16;54;44;3;0;3;273317;181211;2891;606;4270
FR;5;2022-07-17;10;7;3;0;2;273327;181218;2894;606;4272
FR;5;2022-07-18;60;47;0;5;4;273387;181265;2894;611;4276
FR;5;2022-07-19;63;42;5;3;7;273450;181307;2899;614;4283
FR;5;2022-07-20;119;106;4;11;14;273569;181413;2903;625;4297
FR;5;2022-07-21;38;43;2;10;5;273607;181456;2905;635;4302
FR;5;2022-07-22;46;69;11;14;23;273653;181525;2916;649;4325
FR;5;2022-07-23;59;78;2;1;11;273712;181603;2918;650;4336
FR;5;2022-07-24;11;9;3;1;3;273723;181612;2921;651;4339
FR;5;2022-07-25;53;48;2;7;8;273776;181660;2923;658;4347
FR;5;2022-07-26;58;53;5;41;6;273834;181713;2928;699;4353
FR;5;2022-07-27;106;118;4;4;13;273940;181831;2932;703;4366
FR;5;2022-07-28;39;35;2;2;6;273979;181866;2934;705;4372
FR;5;2022-07-29;56;74;3;14;8;274035;181940;2937;719;4380
FR;5;2022-07-30;55;53;5;1;7;274090;181993;2942;720;4387
FR;5;2022-07-31;7;11;1;0;1;274097;182004;2943;720;4388
FR;5;2022-08-01;39;52;1;2;6;274136;182056;2944;722;4394
FR;5;2022-08-02;32;43;8;7;8;274168;182099;2952;729;4402
FR;5;2022-08-03;54;51;4;10;9;274222;182150;2956;739;4411
FR;5;2022-08-04;20;18;1;6;1;274242;182168;2957;745;4412
FR;5;2022-08-05;35;26;3;3;3;274277;182194;2960;748;4415
FR;5;2022-08-06;23;26;1;0;1;274300;182220;2961;748;4416
FR;5;2022-08-07;2;2;1;0;1;274302;182222;2962;748;4417
FR;5;2022-08-08;25;19;1;2;2;274327;182241;2963;750;4419
FR;5;2022-08-09;26;28;3;3;3;274353;182269;2966;753;4422
FR;5;2022-08-10;47;47;2;0;5;274400;182316;2968;753;4427
FR;5;2022-08-11;19;36;2;2;5;274419;182352;2970;755;4432
FR;5;2022-08-12;27;28;2;0;2;274446;182380;2972;755;4434
FR;5;2022-08-13;16;18;0;0;0;274462;182398;2972;755;4434
FR;5;2022-08-14;2;3;0;0;0;274464;182401;2972;755;4434
FR;5;2022-08-15;2;5;0;0;0;274466;182406;2972;755;4434
FR;5;2022-08-16;33;26;2;0;5;274499;182432;2974;755;4439
FR;5;2022-08-17;52;55;2;1;1;274551;182487;2976;756;4440
FR;5;2022-08-18;26;18;5;17;7;274577;182505;2981;773;4447
FR;5;2022-08-19;25;33;1;2;2;274602;182538;2982;775;4449
FR;5;2022-08-20;25;27;2;1;4;274627;182565;2984;776;4453
FR;5;2022-08-21;7;4;1;0;1;274634;182569;2985;776;4454
FR;5;2022-08-22;38;26;1;6;2;274672;182595;2986;782;4456
FR;5;2022-08-23;27;26;1;1;2;274699;182621;2987;783;4458
FR;5;2022-08-24;50;43;0;0;0;274749;182664;2987;783;4458
FR;5;2022-08-25;27;26;3;1;2;274776;182690;2990;784;4460
FR;5;2022-08-26;48;38;7;2;5;274824;182728;2997;786;4465
FR;5;2022-08-27;46;28;1;0;3;274870;182756;2998;786;4468
FR;5;2022-08-28;5;6;0;0;0;274875;182762;2998;786;4468
FR;5;2022-08-29;58;44;1;1;4;274933;182806;2999;787;4472
FR;5;2022-08-30;43;23;12;29;10;274976;182829;3011;816;4482
FR;5;2022-08-31;52;47;6;1;11;275028;182876;3017;817;4493
FR;5;2022-09-01;14;8;1;4;1;275042;182884;3018;821;4494
FR;5;2022-09-02;42;21;8;2;8;275084;182905;3026;823;4502
FR;5;2022-09-03;69;37;2;0;2;275153;182942;3028;823;4504
FR;5;2022-09-04;12;7;1;0;3;275165;182949;3029;823;4507
FR;5;2022-09-05;6;4;1;0;1;275171;182953;3030;823;4508
FR;5;2022-09-06;21;14;3;15;2;275192;182967;3033;838;4510
FR;5;2022-09-07;79;53;1;1;3;275271;183020;3034;839;4513
FR;5;2022-09-08;9;4;0;4;0;275280;183024;3034;843;4513
FR;5;2022-09-09;40;11;9;2;10;275320;183035;3043;845;4523
FR;5;2022-09-10;40;45;1;1;8;275360;183080;3044;846;4531
FR;5;2022-09-11;3;3;0;0;1;275363;183083;3044;846;4532
FR;5;2022-09-12;7;5;2;2;2;275370;183088;3046;848;4534
FR;5;2022-09-13;9;6;0;1;3;275379;183094;3046;849;4537
FR;5;2022-09-14;52;46;4;7;9;275431;183140;3050;856;4546
FR;5;2022-09-15;11;13;2;3;5;275442;183153;3052;859;4551
FR;5;2022-09-16;25;33;1;4;3;275467;183186;3053;863;4554
FR;5;2022-09-17;60;44;1;1;6;275527;183230;3054;864;4560
FR;5;2022-09-18;9;5;0;1;1;275536;183235;3054;865;4561
FR;5;2022-09-19;22;17;2;1;5;275558;183252;3056;866;4566
FR;5;2022-09-20;15;11;3;3;1;275573;183263;3059;869;4567
FR;5;2022-09-21;67;45;9;0;13;275640;183308;3068;869;4580
FR;5;2022-09-22;11;6;4;24;4;275651;183314;3072;893;4584
FR;5;2022-09-23;19;22;2;3;6;275670;183336;3074;896;4590
FR;5;2022-09-24;44;51;1;8;5;275714;183387;3075;904;4595
FR;5;2022-09-25;6;12;0;0;1;275720;183399;3075;904;4596
FR;5;2022-09-26;14;6;0;2;0;275734;183405;3075;906;4596
FR;5;2022-09-27;7;11;4;9;4;275741;183416;3079;915;4600
FR;5;2022-09-28;65;64;5;0;7;275806;183480;3084;915;4607
FR;5;2022-09-29;17;8;1;0;1;275823;183488;3085;915;4608
FR;5;2022-09-30;28;44;1;2;4;275851;183532;3086;917;4612
FR;5;2022-10-01;38;35;4;5;8;275889;183567;3090;922;4620
FR;5;2022-10-02;1;9;1;0;1;275890;183576;3091;922;4621
FR;5;2022-10-03;5;5;0;0;0;275895;183581;3091;922;4621
FR;5;2022-10-04;9;8;0;3;1;275904;183589;3091;925;4622
FR;5;2022-10-05;56;61;1;2;12;275960;183650;3092;927;4634
FR;5;2022-10-06;10;10;0;3;1;275970;183660;3092;930;4635
FR;5;2022-10-07;20;30;1;0;5;275990;183690;3093;930;4640
FR;5;2022-10-08;33;51;1;0;7;276023;183741;3094;930;4647
FR;5;2022-10-09;7;8;0;0;1;276030;183749;3094;930;4648
FR;5;2022-10-10;10;2;0;1;0;276040;183751;3094;931;4648
FR;6;2020-12-27;0;0;0;0;0;0;0;0;0;0
FR;6;2020-12-28;0;0;0;0;0;0;0;0;0;0
FR;6;2020-12-29;0;0;0;0;0;0;0;0;0;0
FR;6;2020-12-30;0;0;0;0;0;0;0;0;0;0
FR;6;2020-12-31;0;0;0;0;0;0;0;0;0;0
FR;6;2021-01-01;0;0;0;0;0;0;0;0;0;0
FR;6;2021-01-02;0;0;0;0;0;0;0;0;0;0
FR;6;2021-01-03;0;0;0;0;0;0;0;0;0;0
FR;6;2021-01-04;0;0;0;0;0;0;0;0;0;0
FR;6;2021-01-05;0;0;0;0;0;0;0;0;0;0
FR;6;2021-01-06;0;0;0;0;0;0;0;0;0;0
FR;6;2021-01-07;0;0;0;0;0;0;0;0;0;0
FR;6;2021-01-08;0;0;0;0;0;0;0;0;0;0
FR;6;2021-01-09;0;0;0;0;0;0;0;0;0;0
FR;6;2021-01-10;0;0;0;0;0;0;0;0;0;0
FR;6;2021-01-11;0;0;0;0;0;0;0;0;0;0
FR;6;2021-01-12;0;0;0;0;0;0;0;0;0;0
FR;6;2021-01-13;0;0;0;0;0;0;0;0;0;0
FR;6;2021-01-14;0;0;0;0;0;0;0;0;0;0
FR;6;2021-01-15;0;0;0;0;0;0;0;0;0;0
FR;6;2021-01-16;0;0;0;0;0;0;0;0;0;0
FR;6;2021-01-17;0;0;0;0;0;0;0;0;0;0
FR;6;2021-01-18;0;0;0;0;0;0;0;0;0;0
FR;6;2021-01-19;0;0;0;0;0;0;0;0;0;0
FR;6;2021-01-20;0;0;0;0;0;0;0;0;0;0
FR;6;2021-01-21;0;0;0;0;0;0;0;0;0;0
FR;6;2021-01-22;0;0;0;0;0;0;0;0;0;0
FR;6;2021-01-23;0;0;0;0;0;0;0;0;0;0
FR;6;2021-01-24;0;0;0;0;0;0;0;0;0;0
FR;6;2021-01-25;0;0;0;0;0;0;0;0;0;0
FR;6;2021-01-26;0;0;0;0;0;0;0;0;0;0
FR;6;2021-01-27;0;0;0;0;0;0;0;0;0;0
FR;6;2021-01-28;0;0;0;0;0;0;0;0;0;0
FR;6;2021-01-29;0;0;0;0;0;0;0;0;0;0
FR;6;2021-01-30;0;0;0;0;0;0;0;0;0;0
FR;6;2021-01-31;0;0;0;0;0;0;0;0;0;0
FR;6;2021-02-01;0;0;0;0;0;0;0;0;0;0
FR;6;2021-02-02;0;0;0;0;0;0;0;0;0;0
FR;6;2021-02-03;0;0;0;0;0;0;0;0;0;0
FR;6;2021-02-04;0;0;0;0;0;0;0;0;0;0
FR;6;2021-02-05;0;0;0;0;0;0;0;0;0;0
FR;6;2021-02-06;0;0;0;0;0;0;0;0;0;0
FR;6;2021-02-07;0;0;0;0;0;0;0;0;0;0
FR;6;2021-02-08;0;0;0;0;0;0;0;0;0;0
FR;6;2021-02-09;0;0;0;0;0;0;0;0;0;0
FR;6;2021-02-10;0;0;0;0;0;0;0;0;0;0
FR;6;2021-02-11;0;0;0;0;0;0;0;0;0;0
FR;6;2021-02-12;0;0;0;0;0;0;0;0;0;0
FR;6;2021-02-13;0;0;0;0;0;0;0;0;0;0
FR;6;2021-02-14;0;0;0;0;0;0;0;0;0;0
FR;6;2021-02-15;0;0;0;0;0;0;0;0;0;0
FR;6;2021-02-16;0;0;0;0;0;0;0;0;0;0
FR;6;2021-02-17;0;0;0;0;0;0;0;0;0;0
FR;6;2021-02-18;0;0;0;0;0;0;0;0;0;0
FR;6;2021-02-19;0;0;0;0;0;0;0;0;0;0
FR;6;2021-02-20;0;0;0;0;0;0;0;0;0;0
FR;6;2021-02-21;0;0;0;0;0;0;0;0;0;0
FR;6;2021-02-22;0;0;0;0;0;0;0;0;0;0
FR;6;2021-02-23;0;0;0;0;0;0;0;0;0;0
FR;6;2021-02-24;0;0;0;0;0;0;0;0;0;0
FR;6;2021-02-25;0;0;0;0;0;0;0;0;0;0
FR;6;2021-02-26;0;0;0;0;0;0;0;0;0;0
FR;6;2021-02-27;0;0;0;0;0;0;0;0;0;0
FR;6;2021-02-28;0;0;0;0;0;0;0;0;0;0
FR;6;2021-03-01;0;0;0;0;0;0;0;0;0;0
FR;6;2021-03-02;0;0;0;0;0;0;0;0;0;0
FR;6;2021-03-03;0;0;0;0;0;0;0;0;0;0
FR;6;2021-03-04;0;0;0;0;0;0;0;0;0;0
FR;6;2021-03-05;0;0;0;0;0;0;0;0;0;0
FR;6;2021-03-06;0;0;0;0;0;0;0;0;0;0
FR;6;2021-03-07;0;0;0;0;0;0;0;0;0;0
FR;6;2021-03-08;0;0;0;0;0;0;0;0;0;0
FR;6;2021-03-09;0;0;0;0;0;0;0;0;0;0
FR;6;2021-03-10;0;0;0;0;0;0;0;0;0;0
FR;6;2021-03-11;0;0;0;0;0;0;0;0;0;0
FR;6;2021-03-12;0;0;0;0;0;0;0;0;0;0
FR;6;2021-03-13;0;0;0;0;0;0;0;0;0;0
FR;6;2021-03-14;0;0;0;0;0;0;0;0;0;0
FR;6;2021-03-15;0;0;0;0;0;0;0;0;0;0
FR;6;2021-03-16;0;0;0;0;0;0;0;0;0;0
FR;6;2021-03-17;0;0;0;0;0;0;0;0;0;0
FR;6;2021-03-18;0;0;0;0;0;0;0;0;0;0
FR;6;2021-03-19;0;0;0;0;0;0;0;0;0;0
FR;6;2021-03-20;0;0;0;0;0;0;0;0;0;0
FR;6;2021-03-21;0;0;0;0;0;0;0;0;0;0
FR;6;2021-03-22;0;0;0;0;0;0;0;0;0;0
FR;6;2021-03-23;0;0;0;0;0;0;0;0;0;0
FR;6;2021-03-24;0;0;0;0;0;0;0;0;0;0
FR;6;2021-03-25;0;0;0;0;0;0;0;0;0;0
FR;6;2021-03-26;0;0;0;0;0;0;0;0;0;0
FR;6;2021-03-27;0;0;0;0;0;0;0;0;0;0
FR;6;2021-03-28;0;0;0;0;0;0;0;0;0;0
FR;6;2021-03-29;0;0;0;0;0;0;0;0;0;0
FR;6;2021-03-30;0;0;0;0;0;0;0;0;0;0
FR;6;2021-03-31;0;0;0;0;0;0;0;0;0;0
FR;6;2021-04-01;0;0;0;0;0;0;0;0;0;0
FR;6;2021-04-02;0;0;0;0;0;0;0;0;0;0
FR;6;2021-04-03;0;0;0;0;0;0;0;0;0;0
FR;6;2021-04-04;0;0;0;0;0;0;0;0;0;0
FR;6;2021-04-05;0;0;0;0;0;0;0;0;0;0
FR;6;2021-04-06;0;0;0;0;0;0;0;0;0;0
FR;6;2021-04-07;0;0;0;0;0;0;0;0;0;0
FR;6;2021-04-08;0;0;0;0;0;0;0;0;0;0
FR;6;2021-04-09;0;0;0;0;0;0;0;0;0;0
FR;6;2021-04-10;0;0;0;0;0;0;0;0;0;0
FR;6;2021-04-11;0;0;0;0;0;0;0;0;0;0
FR;6;2021-04-12;0;0;0;0;0;0;0;0;0;0
FR;6;2021-04-13;0;0;0;0;0;0;0;0;0;0
FR;6;2021-04-14;0;0;0;0;0;0;0;0;0;0
FR;6;2021-04-15;0;0;0;0;0;0;0;0;0;0
FR;6;2021-04-16;0;0;0;0;0;0;0;0;0;0
FR;6;2021-04-17;0;0;0;0;0;0;0;0;0;0
FR;6;2021-04-18;0;0;0;0;0;0;0;0;0;0
FR;6;2021-04-19;0;0;0;0;0;0;0;0;0;0
FR;6;2021-04-20;0;0;0;0;0;0;0;0;0;0
FR;6;2021-04-21;0;0;0;0;0;0;0;0;0;0
FR;6;2021-04-22;0;0;0;0;0;0;0;0;0;0
FR;6;2021-04-23;0;0;0;0;0;0;0;0;0;0
FR;6;2021-04-24;0;0;0;0;0;0;0;0;0;0
FR;6;2021-04-25;0;0;0;0;0;0;0;0;0;0
FR;6;2021-04-26;0;0;0;0;0;0;0;0;0;0
FR;6;2021-04-27;0;0;0;0;0;0;0;0;0;0
FR;6;2021-04-28;0;0;0;0;0;0;0;0;0;0
FR;6;2021-04-29;0;0;0;0;0;0;0;0;0;0
FR;6;2021-04-30;0;0;0;0;0;0;0;0;0;0
FR;6;2021-05-01;0;0;0;0;0;0;0;0;0;0
FR;6;2021-05-02;0;0;0;0;0;0;0;0;0;0
FR;6;2021-05-03;0;0;0;0;0;0;0;0;0;0
FR;6;2021-05-04;0;0;0;0;0;0;0;0;0;0
FR;6;2021-05-05;0;0;0;0;0;0;0;0;0;0
FR;6;2021-05-06;0;0;0;0;0;0;0;0;0;0
FR;6;2021-05-07;0;0;0;0;0;0;0;0;0;0
FR;6;2021-05-08;0;0;0;0;0;0;0;0;0;0
FR;6;2021-05-09;0;0;0;0;0;0;0;0;0;0
FR;6;2021-05-10;0;0;0;0;0;0;0;0;0;0
FR;6;2021-05-11;0;0;0;0;0;0;0;0;0;0
FR;6;2021-05-12;0;0;0;0;0;0;0;0;0;0
FR;6;2021-05-13;0;0;0;0;0;0;0;0;0;0
FR;6;2021-05-14;0;0;0;0;0;0;0;0;0;0
FR;6;2021-05-15;0;0;0;0;0;0;0;0;0;0
FR;6;2021-05-16;0;0;0;0;0;0;0;0;0;0
FR;6;2021-05-17;0;0;0;0;0;0;0;0;0;0
FR;6;2021-05-18;0;0;0;0;0;0;0;0;0;0
FR;6;2021-05-19;0;0;0;0;0;0;0;0;0;0
FR;6;2021-05-20;0;0;0;0;0;0;0;0;0;0
FR;6;2021-05-21;0;0;0;0;0;0;0;0;0;0
FR;6;2021-05-22;0;0;0;0;0;0;0;0;0;0
FR;6;2021-05-23;0;0;0;0;0;0;0;0;0;0
FR;6;2021-05-24;0;0;0;0;0;0;0;0;0;0
FR;6;2021-05-25;0;0;0;0;0;0;0;0;0;0
FR;6;2021-05-26;0;0;0;0;0;0;0;0;0;0
FR;6;2021-05-27;0;0;0;0;0;0;0;0;0;0
FR;6;2021-05-28;0;0;0;0;0;0;0;0;0;0
FR;6;2021-05-29;0;0;0;0;0;0;0;0;0;0
FR;6;2021-05-30;0;0;0;0;0;0;0;0;0;0
FR;6;2021-05-31;0;0;0;0;0;0;0;0;0;0
FR;6;2021-06-01;0;0;0;0;0;0;0;0;0;0
FR;6;2021-06-02;0;0;0;0;0;0;0;0;0;0
FR;6;2021-06-03;0;0;0;0;0;0;0;0;0;0
FR;6;2021-06-04;0;0;0;0;0;0;0;0;0;0
FR;6;2021-06-05;0;0;0;0;0;0;0;0;0;0
FR;6;2021-06-06;0;0;0;0;0;0;0;0;0;0
FR;6;2021-06-07;0;0;0;0;0;0;0;0;0;0
FR;6;2021-06-08;0;0;0;0;0;0;0;0;0;0
FR;6;2021-06-09;0;0;0;0;0;0;0;0;0;0
FR;6;2021-06-10;0;0;0;0;0;0;0;0;0;0
FR;6;2021-06-11;0;0;0;0;0;0;0;0;0;0
FR;6;2021-06-12;0;0;0;0;0;0;0;0;0;0
FR;6;2021-06-13;0;0;0;0;0;0;0;0;0;0
FR;6;2021-06-14;0;0;0;0;0;0;0;0;0;0
FR;6;2021-06-15;0;0;0;0;0;0;0;0;0;0
FR;6;2021-06-16;0;0;0;0;0;0;0;0;0;0
FR;6;2021-06-17;0;0;0;0;0;0;0;0;0;0
FR;6;2021-06-18;0;0;0;0;0;0;0;0;0;0
FR;6;2021-06-19;0;0;0;0;0;0;0;0;0;0
FR;6;2021-06-20;0;0;0;0;0;0;0;0;0;0
FR;6;2021-06-21;0;0;0;0;0;0;0;0;0;0
FR;6;2021-06-22;0;0;0;0;0;0;0;0;0;0
FR;6;2021-06-23;0;0;0;0;0;0;0;0;0;0
FR;6;2021-06-24;0;0;0;0;0;0;0;0;0;0
FR;6;2021-06-25;0;0;0;0;0;0;0;0;0;0
FR;6;2021-06-26;0;0;0;0;0;0;0;0;0;0
FR;6;2021-06-27;0;0;0;0;0;0;0;0;0;0
FR;6;2021-06-28;0;0;0;0;0;0;0;0;0;0
FR;6;2021-06-29;0;0;0;0;0;0;0;0;0;0
FR;6;2021-06-30;0;0;0;0;0;0;0;0;0;0
FR;6;2021-07-01;0;0;0;0;0;0;0;0;0;0
FR;6;2021-07-02;0;0;0;0;0;0;0;0;0;0
FR;6;2021-07-03;0;0;0;0;0;0;0;0;0;0
FR;6;2021-07-04;0;0;0;0;0;0;0;0;0;0
FR;6;2021-07-05;0;0;0;0;0;0;0;0;0;0
FR;6;2021-07-06;0;0;0;0;0;0;0;0;0;0
FR;6;2021-07-07;0;0;0;0;0;0;0;0;0;0
FR;6;2021-07-08;0;0;0;0;0;0;0;0;0;0
FR;6;2021-07-09;0;0;0;0;0;0;0;0;0;0
FR;6;2021-07-10;0;0;0;0;0;0;0;0;0;0
FR;6;2021-07-11;0;0;0;0;0;0;0;0;0;0
FR;6;2021-07-12;0;0;0;0;0;0;0;0;0;0
FR;6;2021-07-13;0;0;0;0;0;0;0;0;0;0
FR;6;2021-07-14;0;0;0;0;0;0;0;0;0;0
FR;6;2021-07-15;0;0;0;0;0;0;0;0;0;0
FR;6;2021-07-16;0;0;0;0;0;0;0;0;0;0
FR;6;2021-07-17;0;0;0;0;0;0;0;0;0;0
FR;6;2021-07-18;0;0;0;0;0;0;0;0;0;0
FR;6;2021-07-19;0;0;0;0;0;0;0;0;0;0
FR;6;2021-07-20;0;0;0;0;0;0;0;0;0;0
FR;6;2021-07-21;0;0;0;0;0;0;0;0;0;0
FR;6;2021-07-22;0;0;0;0;0;0;0;0;0;0
FR;6;2021-07-23;0;0;0;0;0;0;0;0;0;0
FR;6;2021-07-24;0;0;0;0;0;0;0;0;0;0
FR;6;2021-07-25;0;0;0;0;0;0;0;0;0;0
FR;6;2021-07-26;0;0;0;0;0;0;0;0;0;0
FR;6;2021-07-27;0;0;0;0;0;0;0;0;0;0
FR;6;2021-07-28;0;0;0;0;0;0;0;0;0;0
FR;6;2021-07-29;0;0;0;0;0;0;0;0;0;0
FR;6;2021-07-30;0;0;0;0;0;0;0;0;0;0
FR;6;2021-07-31;0;0;0;0;0;0;0;0;0;0
FR;6;2021-08-01;0;0;0;0;0;0;0;0;0;0
FR;6;2021-08-02;0;0;0;0;0;0;0;0;0;0
FR;6;2021-08-03;0;0;0;0;0;0;0;0;0;0
FR;6;2021-08-04;0;0;0;0;0;0;0;0;0;0
FR;6;2021-08-05;0;0;0;0;0;0;0;0;0;0
FR;6;2021-08-06;0;0;0;0;0;0;0;0;0;0
FR;6;2021-08-07;0;0;0;0;0;0;0;0;0;0
FR;6;2021-08-08;0;0;0;0;0;0;0;0;0;0
FR;6;2021-08-09;0;0;0;0;0;0;0;0;0;0
FR;6;2021-08-10;0;0;0;0;0;0;0;0;0;0
FR;6;2021-08-11;0;0;0;0;0;0;0;0;0;0
FR;6;2021-08-12;0;0;0;0;0;0;0;0;0;0
FR;6;2021-08-13;0;0;0;0;0;0;0;0;0;0
FR;6;2021-08-14;0;0;0;0;0;0;0;0;0;0
FR;6;2021-08-15;0;0;0;0;0;0;0;0;0;0
FR;6;2021-08-16;0;0;0;0;0;0;0;0;0;0
FR;6;2021-08-17;0;0;0;0;0;0;0;0;0;0
FR;6;2021-08-18;0;0;0;0;0;0;0;0;0;0
FR;6;2021-08-19;0;0;0;0;0;0;0;0;0;0
FR;6;2021-08-20;0;0;0;0;0;0;0;0;0;0
FR;6;2021-08-21;0;0;0;0;0;0;0;0;0;0
FR;6;2021-08-22;0;0;0;0;0;0;0;0;0;0
FR;6;2021-08-23;0;0;0;0;0;0;0;0;0;0
FR;6;2021-08-24;0;0;0;0;0;0;0;0;0;0
FR;6;2021-08-25;0;0;0;0;0;0;0;0;0;0
FR;6;2021-08-26;0;0;0;0;0;0;0;0;0;0
FR;6;2021-08-27;0;0;0;0;0;0;0;0;0;0
FR;6;2021-08-28;0;0;0;0;0;0;0;0;0;0
FR;6;2021-08-29;0;0;0;0;0;0;0;0;0;0
FR;6;2021-08-30;0;0;0;0;0;0;0;0;0;0
FR;6;2021-08-31;0;0;0;0;0;0;0;0;0;0
FR;6;2021-09-01;0;0;0;0;0;0;0;0;0;0
FR;6;2021-09-02;0;0;0;0;0;0;0;0;0;0
FR;6;2021-09-03;0;0;0;0;0;0;0;0;0;0
FR;6;2021-09-04;0;0;0;0;0;0;0;0;0;0
FR;6;2021-09-05;0;0;0;0;0;0;0;0;0;0
FR;6;2021-09-06;0;0;0;0;0;0;0;0;0;0
FR;6;2021-09-07;0;0;0;0;0;0;0;0;0;0
FR;6;2021-09-08;0;0;0;0;0;0;0;0;0;0
FR;6;2021-09-09;0;0;0;0;0;0;0;0;0;0
FR;6;2021-09-10;0;0;0;0;0;0;0;0;0;0
FR;6;2021-09-11;0;0;0;0;0;0;0;0;0;0
FR;6;2021-09-12;0;0;0;0;0;0;0;0;0;0
FR;6;2021-09-13;0;0;0;0;0;0;0;0;0;0
FR;6;2021-09-14;0;0;0;0;0;0;0;0;0;0
FR;6;2021-09-15;0;0;0;0;0;0;0;0;0;0
FR;6;2021-09-16;0;0;0;0;0;0;0;0;0;0
FR;6;2021-09-17;0;0;0;0;0;0;0;0;0;0
FR;6;2021-09-18;0;0;0;0;0;0;0;0;0;0
FR;6;2021-09-19;0;0;0;0;0;0;0;0;0;0
FR;6;2021-09-20;0;0;0;0;0;0;0;0;0;0
FR;6;2021-09-21;0;0;0;0;0;0;0;0;0;0
FR;6;2021-09-22;0;0;0;0;0;0;0;0;0;0
FR;6;2021-09-23;0;0;0;0;0;0;0;0;0;0
FR;6;2021-09-24;0;0;0;0;0;0;0;0;0;0
FR;6;2021-09-25;0;0;0;0;0;0;0;0;0;0
FR;6;2021-09-26;0;0;0;0;0;0;0;0;0;0
FR;6;2021-09-27;0;0;0;0;0;0;0;0;0;0
FR;6;2021-09-28;0;0;0;0;0;0;0;0;0;0
FR;6;2021-09-29;0;0;0;0;0;0;0;0;0;0
FR;6;2021-09-30;0;0;0;0;0;0;0;0;0;0
FR;6;2021-10-01;0;0;0;0;0;0;0;0;0;0
FR;6;2021-10-02;0;0;0;0;0;0;0;0;0;0
FR;6;2021-10-03;0;0;0;0;0;0;0;0;0;0
FR;6;2021-10-04;0;0;0;0;0;0;0;0;0;0
FR;6;2021-10-05;0;0;0;0;0;0;0;0;0;0
FR;6;2021-10-06;0;0;0;0;0;0;0;0;0;0
FR;6;2021-10-07;0;0;0;0;0;0;0;0;0;0
FR;6;2021-10-08;0;0;0;0;0;0;0;0;0;0
FR;6;2021-10-09;0;0;0;0;0;0;0;0;0;0
FR;6;2021-10-10;0;0;0;0;0;0;0;0;0;0
FR;6;2021-10-11;0;0;0;0;0;0;0;0;0;0
FR;6;2021-10-12;0;0;0;0;0;0;0;0;0;0
FR;6;2021-10-13;0;0;0;0;0;0;0;0;0;0
FR;6;2021-10-14;0;0;0;0;0;0;0;0;0;0
FR;6;2021-10-15;0;0;0;0;0;0;0;0;0;0
FR;6;2021-10-16;0;0;0;0;0;0;0;0;0;0
FR;6;2021-10-17;0;0;0;0;0;0;0;0;0;0
FR;6;2021-10-18;0;0;0;0;0;0;0;0;0;0
FR;6;2021-10-19;0;0;0;0;0;0;0;0;0;0
FR;6;2021-10-20;0;0;0;0;0;0;0;0;0;0
FR;6;2021-10-21;0;0;0;0;0;0;0;0;0;0
FR;6;2021-10-22;0;0;0;0;0;0;0;0;0;0
FR;6;2021-10-23;0;0;0;0;0;0;0;0;0;0
FR;6;2021-10-24;0;0;0;0;0;0;0;0;0;0
FR;6;2021-10-25;0;0;0;0;0;0;0;0;0;0
FR;6;2021-10-26;0;0;0;0;0;0;0;0;0;0
FR;6;2021-10-27;0;0;0;0;0;0;0;0;0;0
FR;6;2021-10-28;0;0;0;0;0;0;0;0;0;0
FR;6;2021-10-29;0;0;0;0;0;0;0;0;0;0
FR;6;2021-10-30;0;0;0;0;0;0;0;0;0;0
FR;6;2021-10-31;0;0;0;0;0;0;0;0;0;0
FR;6;2021-11-01;0;0;0;0;0;0;0;0;0;0
FR;6;2021-11-02;0;0;0;0;0;0;0;0;0;0
FR;6;2021-11-03;0;0;0;0;0;0;0;0;0;0
FR;6;2021-11-04;0;0;0;0;0;0;0;0;0;0
FR;6;2021-11-05;0;0;0;0;0;0;0;0;0;0
FR;6;2021-11-06;0;0;0;0;0;0;0;0;0;0
FR;6;2021-11-07;0;0;0;0;0;0;0;0;0;0
FR;6;2021-11-08;0;0;0;0;0;0;0;0;0;0
FR;6;2021-11-09;0;0;0;0;0;0;0;0;0;0
FR;6;2021-11-10;0;0;0;0;0;0;0;0;0;0
FR;6;2021-11-11;0;0;0;0;0;0;0;0;0;0
FR;6;2021-11-12;0;0;0;0;0;0;0;0;0;0
FR;6;2021-11-13;0;0;0;0;0;0;0;0;0;0
FR;6;2021-11-14;0;0;0;0;0;0;0;0;0;0
FR;6;2021-11-15;0;0;0;0;0;0;0;0;0;0
FR;6;2021-11-16;0;0;0;0;0;0;0;0;0;0
FR;6;2021-11-17;0;0;0;0;0;0;0;0;0;0
FR;6;2021-11-18;0;0;0;0;0;0;0;0;0;0
FR;6;2021-11-19;0;0;0;0;0;0;0;0;0;0
FR;6;2021-11-20;0;0;0;0;0;0;0;0;0;0
FR;6;2021-11-21;0;0;0;0;0;0;0;0;0;0
FR;6;2021-11-22;0;0;0;0;0;0;0;0;0;0
FR;6;2021-11-23;0;0;0;0;0;0;0;0;0;0
FR;6;2021-11-24;0;0;0;0;0;0;0;0;0;0
FR;6;2021-11-25;0;0;0;0;0;0;0;0;0;0
FR;6;2021-11-26;0;0;0;0;0;0;0;0;0;0
FR;6;2021-11-27;0;0;0;0;0;0;0;0;0;0
FR;6;2021-11-28;0;0;0;0;0;0;0;0;0;0
FR;6;2021-11-29;0;0;0;0;0;0;0;0;0;0
FR;6;2021-11-30;0;0;0;0;0;0;0;0;0;0
FR;6;2021-12-01;0;0;0;0;0;0;0;0;0;0
FR;6;2021-12-02;0;0;0;0;0;0;0;0;0;0
FR;6;2021-12-03;0;0;0;0;0;0;0;0;0;0
FR;6;2021-12-04;0;0;0;0;0;0;0;0;0;0
FR;6;2021-12-05;0;0;0;0;0;0;0;0;0;0
FR;6;2021-12-06;0;0;0;0;0;0;0;0;0;0
FR;6;2021-12-07;0;0;0;0;0;0;0;0;0;0
FR;6;2021-12-08;0;0;0;0;0;0;0;0;0;0
FR;6;2021-12-09;0;0;0;0;0;0;0;0;0;0
FR;6;2021-12-10;0;0;0;0;0;0;0;0;0;0
FR;6;2021-12-11;0;0;0;0;0;0;0;0;0;0
FR;6;2021-12-12;0;0;0;0;0;0;0;0;0;0
FR;6;2021-12-13;0;0;0;0;0;0;0;0;0;0
FR;6;2021-12-14;0;0;0;0;0;0;0;0;0;0
FR;6;2021-12-15;0;0;0;0;0;0;0;0;0;0
FR;6;2021-12-16;0;0;0;0;0;0;0;0;0;0
FR;6;2021-12-17;0;0;0;0;0;0;0;0;0;0
FR;6;2021-12-18;0;0;0;0;0;0;0;0;0;0
FR;6;2021-12-19;0;0;0;0;0;0;0;0;0;0
FR;6;2021-12-20;0;0;0;0;0;0;0;0;0;0
FR;6;2021-12-21;0;0;0;0;0;0;0;0;0;0
FR;6;2021-12-22;0;0;0;0;0;0;0;0;0;0
FR;6;2021-12-23;0;0;0;0;0;0;0;0;0;0
FR;6;2021-12-24;0;0;0;0;0;0;0;0;0;0
FR;6;2021-12-25;0;0;0;0;0;0;0;0;0;0
FR;6;2021-12-26;0;0;0;0;0;0;0;0;0;0
FR;6;2021-12-27;0;0;0;0;0;0;0;0;0;0
FR;6;2021-12-28;0;0;0;0;0;0;0;0;0;0
FR;6;2021-12-29;0;0;0;0;0;0;0;0;0;0
FR;6;2021-12-30;0;0;0;0;0;0;0;0;0;0
FR;6;2021-12-31;0;0;0;0;0;0;0;0;0;0
FR;6;2022-01-01;0;0;0;0;0;0;0;0;0;0
FR;6;2022-01-02;0;0;0;0;0;0;0;0;0;0
FR;6;2022-01-03;0;0;0;0;0;0;0;0;0;0
FR;6;2022-01-04;0;0;0;0;0;0;0;0;0;0
FR;6;2022-01-05;0;0;0;0;0;0;0;0;0;0
FR;6;2022-01-06;0;0;0;0;0;0;0;0;0;0
FR;6;2022-01-07;0;0;0;0;0;0;0;0;0;0
FR;6;2022-01-08;0;0;0;0;0;0;0;0;0;0
FR;6;2022-01-09;0;0;0;0;0;0;0;0;0;0
FR;6;2022-01-10;0;0;0;0;0;0;0;0;0;0
FR;6;2022-01-11;0;0;0;0;0;0;0;0;0;0
FR;6;2022-01-12;0;0;0;0;0;0;0;0;0;0
FR;6;2022-01-13;0;0;0;0;0;0;0;0;0;0
FR;6;2022-01-14;0;0;0;0;0;0;0;0;0;0
FR;6;2022-01-15;0;0;0;0;0;0;0;0;0;0
FR;6;2022-01-16;0;0;0;0;0;0;0;0;0;0
FR;6;2022-01-17;0;0;0;0;0;0;0;0;0;0
FR;6;2022-01-18;0;0;0;0;0;0;0;0;0;0
FR;6;2022-01-19;0;0;0;0;0;0;0;0;0;0
FR;6;2022-01-20;0;0;0;0;0;0;0;0;0;0
FR;6;2022-01-21;0;0;0;0;0;0;0;0;0;0
FR;6;2022-01-22;0;0;0;0;0;0;0;0;0;0
FR;6;2022-01-23;0;0;0;0;0;0;0;0;0;0
FR;6;2022-01-24;0;0;0;0;0;0;0;0;0;0
FR;6;2022-01-25;0;0;0;0;0;0;0;0;0;0
FR;6;2022-01-26;0;0;0;0;0;0;0;0;0;0
FR;6;2022-01-27;0;0;0;0;0;0;0;0;0;0
FR;6;2022-01-28;0;0;0;0;0;0;0;0;0;0
FR;6;2022-01-29;0;0;0;0;0;0;0;0;0;0
FR;6;2022-01-30;0;0;0;0;0;0;0;0;0;0
FR;6;2022-01-31;0;0;0;0;0;0;0;0;0;0
FR;6;2022-02-01;0;0;0;0;0;0;0;0;0;0
FR;6;2022-02-02;0;0;0;0;0;0;0;0;0;0
FR;6;2022-02-03;0;0;0;0;0;0;0;0;0;0
FR;6;2022-02-04;0;0;0;0;0;0;0;0;0;0
FR;6;2022-02-05;0;0;0;0;0;0;0;0;0;0
FR;6;2022-02-06;0;0;0;0;0;0;0;0;0;0
FR;6;2022-02-07;0;0;0;0;0;0;0;0;0;0
FR;6;2022-02-08;0;0;0;0;0;0;0;0;0;0
FR;6;2022-02-09;0;0;0;0;0;0;0;0;0;0
FR;6;2022-02-10;0;0;0;0;0;0;0;0;0;0
FR;6;2022-02-11;0;0;0;0;0;0;0;0;0;0
FR;6;2022-02-12;0;0;0;0;0;0;0;0;0;0
FR;6;2022-02-13;0;0;0;0;0;0;0;0;0;0
FR;6;2022-02-14;0;0;0;0;0;0;0;0;0;0
FR;6;2022-02-15;0;0;0;0;0;0;0;0;0;0
FR;6;2022-02-16;0;0;0;0;0;0;0;0;0;0
FR;6;2022-02-17;0;0;0;0;0;0;0;0;0;0
FR;6;2022-02-18;0;0;0;0;0;0;0;0;0;0
FR;6;2022-02-19;0;0;0;0;0;0;0;0;0;0
FR;6;2022-02-20;0;0;0;0;0;0;0;0;0;0
FR;6;2022-02-21;0;0;0;0;0;0;0;0;0;0
FR;6;2022-02-22;0;0;0;0;0;0;0;0;0;0
FR;6;2022-02-23;0;0;0;0;0;0;0;0;0;0
FR;6;2022-02-24;0;0;0;0;0;0;0;0;0;0
FR;6;2022-02-25;0;0;0;0;0;0;0;0;0;0
FR;6;2022-02-26;1;0;0;0;0;1;0;0;0;0
FR;6;2022-02-27;0;0;0;0;0;1;0;0;0;0
FR;6;2022-02-28;0;0;0;0;0;1;0;0;0;0
FR;6;2022-03-01;3;0;0;0;0;4;0;0;0;0
FR;6;2022-03-02;97;9;2;0;7;101;9;2;0;7
FR;6;2022-03-03;0;0;0;0;0;101;9;2;0;7
FR;6;2022-03-04;91;4;0;0;4;192;13;2;0;11
FR;6;2022-03-05;391;23;2;0;14;583;36;4;0;25
FR;6;2022-03-06;7;1;0;0;0;590;37;4;0;25
FR;6;2022-03-07;337;19;0;0;13;927;56;4;0;38
FR;6;2022-03-08;230;14;0;0;5;1157;70;4;0;43
FR;6;2022-03-09;519;29;2;0;21;1676;99;6;0;64
FR;6;2022-03-10;206;19;0;1;12;1882;118;6;1;76
FR;6;2022-03-11;328;22;6;0;21;2210;140;12;1;97
FR;6;2022-03-12;518;25;1;0;20;2728;165;13;1;117
FR;6;2022-03-13;40;2;0;0;1;2768;167;13;1;118
FR;6;2022-03-14;201;4;2;0;3;2969;171;15;1;121
FR;6;2022-03-15;112;11;2;0;9;3081;182;17;1;130
FR;6;2022-03-16;310;17;1;1;14;3391;199;18;2;144
FR;6;2022-03-17;117;6;1;2;4;3508;205;19;4;148
FR;6;2022-03-18;215;10;0;0;6;3723;215;19;4;154
FR;6;2022-03-19;307;19;2;0;9;4030;234;21;4;163
FR;6;2022-03-20;15;5;0;0;1;4045;239;21;4;164
FR;6;2022-03-21;132;23;1;0;4;4177;262;22;4;168
FR;6;2022-03-22;97;15;0;0;4;4274;277;22;4;172
FR;6;2022-03-23;226;108;3;0;14;4500;385;25;4;186
FR;6;2022-03-24;100;15;1;3;4;4600;400;26;7;190
FR;6;2022-03-25;204;141;2;1;15;4804;541;28;8;205
FR;6;2022-03-26;331;295;7;1;19;5135;836;35;9;224
FR;6;2022-03-27;32;30;1;0;1;5167;866;36;9;225
FR;6;2022-03-28;201;208;8;1;17;5368;1074;44;10;242
FR;6;2022-03-29;124;189;12;2;12;5492;1263;56;12;254
FR;6;2022-03-30;305;476;10;2;22;5797;1739;66;14;276
FR;6;2022-03-31;123;140;10;0;14;5920;1879;76;14;290
FR;6;2022-04-01;195;150;11;2;23;6115;2029;87;16;313
FR;6;2022-04-02;206;241;9;1;13;6321;2270;96;17;326
FR;6;2022-04-03;17;21;0;0;1;6338;2291;96;17;327
FR;6;2022-04-04;137;114;6;1;9;6475;2405;102;18;336
FR;6;2022-04-05;146;88;15;1;11;6621;2493;117;19;347
FR;6;2022-04-06;204;245;22;26;27;6825;2738;139;45;374
FR;6;2022-04-07;127;96;15;9;17;6952;2834;154;54;391
FR;6;2022-04-08;199;170;16;3;17;7151;3004;170;57;408
FR;6;2022-04-09;145;139;6;12;13;7296;3143;176;69;421
FR;6;2022-04-10;10;20;3;0;1;7306;3163;179;69;422
FR;6;2022-04-11;101;106;4;0;5;7407;3269;183;69;427
FR;6;2022-04-12;136;75;5;8;10;7543;3344;188;77;437
FR;6;2022-04-13;162;175;7;5;13;7705;3519;195;82;450
FR;6;2022-04-14;100;103;5;10;8;7805;3622;200;92;458
FR;6;2022-04-15;158;149;11;7;19;7963;3771;211;99;477
FR;6;2022-04-16;127;132;5;0;14;8090;3903;216;99;491
FR;6;2022-04-17;8;9;4;0;4;8098;3912;220;99;495
FR;6;2022-04-18;8;15;3;0;4;8106;3927;223;99;499
FR;6;2022-04-19;97;112;4;3;3;8203;4039;227;102;502
FR;6;2022-04-20;178;227;8;7;15;8381;4266;235;109;517
FR;6;2022-04-21;111;93;8;4;11;8492;4359;243;113;528
FR;6;2022-04-22;138;160;13;12;13;8630;4519;256;125;541
FR;6;2022-04-23;106;129;1;1;7;8736;4648;257;126;548
FR;6;2022-04-24;5;21;1;0;0;8741;4669;258;126;548
FR;6;2022-04-25;91;128;3;8;11;8832;4797;261;134;559
FR;6;2022-04-26;101;128;19;2;17;8933;4925;280;136;576
FR;6;2022-04-27;197;159;21;1;27;9130;5084;301;137;603
FR;6;2022-04-28;109;87;7;1;8;9239;5171;308;138;611
FR;6;2022-04-29;191;169;16;2;20;9430;5340;324;140;631
FR;6;2022-04-30;133;125;7;1;24;9563;5465;331;141;655
FR;6;2022-05-01;7;6;0;0;0;9570;5471;331;141;655
FR;6;2022-05-02;94;65;3;4;3;9664;5536;334;145;658
FR;6;2022-05-03;136;93;11;2;7;9800;5629;345;147;665
FR;6;2022-05-04;167;118;25;12;29;9967;5747;370;159;694
FR;6;2022-05-05;101;70;8;3;12;10068;5817;378;162;706
FR;6;2022-05-06;152;110;10;9;16;10220;5927;388;171;722
FR;6;2022-05-07;139;93;13;3;23;10359;6020;401;174;745
FR;6;2022-05-08;20;8;6;5;7;10379;6028;407;179;752
FR;6;2022-05-09;86;78;9;7;13;10465;6106;416;186;765
FR;6;2022-05-10;112;80;15;7;12;10577;6186;431;193;777
FR;6;2022-05-11;130;124;11;14;20;10707;6310;442;207;797
FR;6;2022-05-12;105;76;7;5;15;10812;6386;449;212;812
FR;6;2022-05-13;155;97;17;21;22;10967;6483;466;233;834
FR;6;2022-05-14;81;60;6;7;15;11048;6543;472;240;849
FR;6;2022-05-15;12;7;0;0;0;11060;6550;472;240;849
FR;6;2022-05-16;64;54;6;2;12;11124;6604;478;242;861
FR;6;2022-05-17;123;77;5;7;11;11247;6681;483;249;872
FR;6;2022-05-18;131;116;5;1;13;11378;6797;488;250;885
FR;6;2022-05-19;124;57;6;8;9;11502;6854;494;258;894
FR;6;2022-05-20;125;115;13;3;18;11627;6969;507;261;912
FR;6;2022-05-21;92;69;14;3;12;11719;7038;521;264;924
FR;6;2022-05-22;19;12;5;0;4;11738;7050;526;264;928
FR;6;2022-05-23;77;72;4;2;7;11815;7122;530;266;935
FR;6;2022-05-24;117;98;8;2;16;11932;7220;538;268;951
FR;6;2022-05-25;139;129;6;3;11;12071;7349;544;271;962
FR;6;2022-05-26;7;9;3;0;9;12078;7358;547;271;971
FR;6;2022-05-27;127;105;15;11;18;12205;7463;562;282;989
FR;6;2022-05-28;53;75;1;5;8;12258;7538;563;287;997
FR;6;2022-05-29;8;10;0;0;1;12266;7548;563;287;998
FR;6;2022-05-30;70;70;7;4;4;12336;7618;570;291;1002
FR;6;2022-05-31;87;102;10;2;14;12423;7720;580;293;1016
FR;6;2022-06-01;97;89;10;1;11;12520;7809;590;294;1027
FR;6;2022-06-02;91;60;6;3;9;12611;7869;596;297;1036
FR;6;2022-06-03;126;102;13;7;21;12737;7971;609;304;1057
FR;6;2022-06-04;63;51;10;0;12;12800;8022;619;304;1069
FR;6;2022-06-05;16;15;2;1;4;12816;8037;621;305;1073
FR;6;2022-06-06;9;6;0;0;0;12825;8043;621;305;1073
FR;6;2022-06-07;79;90;3;4;8;12904;8133;624;309;1081
FR;6;2022-06-08;92;110;13;5;20;12996;8243;637;314;1101
FR;6;2022-06-09;75;81;15;3;15;13071;8324;652;317;1116
FR;6;2022-06-10;116;93;26;10;22;13187;8417;678;327;1138
FR;6;2022-06-11;83;62;6;10;12;13270;8479;684;337;1150
FR;6;2022-06-12;6;14;1;0;2;13276;8493;685;337;1152
FR;6;2022-06-13;74;59;18;1;7;13350;8552;703;338;1159
FR;6;2022-06-14;98;100;8;5;16;13448;8652;711;343;1175
FR;6;2022-06-15;80;86;7;8;15;13528;8738;718;351;1190
FR;6;2022-06-16;53;40;11;7;14;13581;8778;729;358;1204
FR;6;2022-06-17;86;86;3;13;11;13667;8864;732;371;1215
FR;6;2022-06-18;71;61;13;0;21;13738;8925;745;371;1236
FR;6;2022-06-19;6;6;3;0;4;13744;8931;748;371;1240
FR;6;2022-06-20;42;41;4;1;6;13786;8972;752;372;1246
FR;6;2022-06-21;59;73;10;7;17;13845;9045;762;379;1263
FR;6;2022-06-22;86;85;8;2;17;13931;9130;770;381;1280
FR;6;2022-06-23;64;39;13;7;15;13995;9169;783;388;1295
FR;6;2022-06-24;77;85;7;14;20;14072;9254;790;402;1315
FR;6;2022-06-25;67;61;4;3;8;14139;9315;794;405;1323
FR;6;2022-06-26;6;7;1;0;1;14145;9322;795;405;1324
FR;6;2022-06-27;53;50;4;9;12;14198;9372;799;414;1336
FR;6;2022-06-28;68;47;6;3;15;14266;9419;805;417;1351
FR;6;2022-06-29;98;117;26;37;19;14364;9536;831;454;1370
FR;6;2022-06-30;84;60;33;10;12;14448;9596;864;464;1382
FR;6;2022-07-01;115;94;25;33;18;14563;9690;889;497;1400
FR;6;2022-07-02;58;67;26;2;37;14621;9757;915;499;1437
FR;6;2022-07-03;11;4;4;3;4;14632;9761;919;502;1441
FR;6;2022-07-04;61;43;3;23;13;14693;9804;922;525;1454
FR;6;2022-07-05;65;53;19;67;27;14758;9857;941;592;1481
FR;6;2022-07-06;94;64;7;11;12;14852;9921;948;603;1493
FR;6;2022-07-07;99;79;42;37;14;14951;10000;990;640;1507
FR;6;2022-07-08;139;87;42;27;10;15090;10087;1032;667;1517
FR;6;2022-07-09;53;51;16;29;27;15143;10138;1048;696;1544
FR;6;2022-07-10;3;7;8;0;9;15146;10145;1056;696;1553
FR;6;2022-07-11;54;44;5;4;12;15200;10189;1061;700;1565
FR;6;2022-07-12;70;72;12;23;12;15270;10261;1073;723;1577
FR;6;2022-07-13;84;65;14;21;25;15354;10326;1087;744;1602
FR;6;2022-07-14;4;3;1;0;1;15358;10329;1088;744;1603
FR;6;2022-07-15;74;59;9;57;16;15432;10388;1097;801;1619
FR;6;2022-07-16;27;31;17;0;17;15459;10419;1114;801;1636
FR;6;2022-07-17;3;7;0;0;0;15462;10426;1114;801;1636
FR;6;2022-07-18;37;62;11;14;15;15499;10488;1125;815;1651
FR;6;2022-07-19;54;48;4;19;6;15553;10536;1129;834;1657
FR;6;2022-07-20;53;70;7;22;11;15606;10606;1136;856;1668
FR;6;2022-07-21;50;60;4;7;11;15656;10666;1140;863;1679
FR;6;2022-07-22;55;74;7;26;8;15711;10740;1147;889;1687
FR;6;2022-07-23;38;40;6;10;6;15749;10780;1153;899;1693
FR;6;2022-07-24;11;14;1;3;3;15760;10794;1154;902;1696
FR;6;2022-07-25;60;44;8;12;9;15820;10838;1162;914;1705
FR;6;2022-07-26;47;64;14;6;10;15867;10902;1176;920;1715
FR;6;2022-07-27;54;78;15;11;17;15921;10980;1191;931;1732
FR;6;2022-07-28;30;48;4;6;8;15951;11028;1195;937;1740
FR;6;2022-07-29;43;71;10;38;24;15994;11099;1205;975;1764
FR;6;2022-07-30;26;48;4;15;7;16020;11147;1209;990;1771
FR;6;2022-07-31;0;1;1;0;0;16020;11148;1210;990;1771
FR;6;2022-08-01;39;36;14;8;10;16059;11184;1224;998;1781
FR;6;2022-08-02;37;46;10;14;6;16096;11230;1234;1012;1787
FR;6;2022-08-03;29;52;7;16;11;16125;11282;1241;1028;1798
FR;6;2022-08-04;25;21;4;9;6;16150;11303;1245;1037;1804
FR;6;2022-08-05;43;45;1;7;5;16193;11348;1246;1044;1809
FR;6;2022-08-06;17;27;1;3;2;16210;11375;1247;1047;1811
FR;6;2022-08-07;1;2;0;0;0;16211;11377;1247;1047;1811
FR;6;2022-08-08;24;33;1;0;1;16235;11410;1248;1047;1812
FR;6;2022-08-09;22;30;6;3;3;16257;11440;1254;1050;1815
FR;6;2022-08-10;31;36;5;9;5;16288;11476;1259;1059;1820
FR;6;2022-08-11;33;33;1;1;1;16321;11509;1260;1060;1821
FR;6;2022-08-12;50;44;6;2;15;16371;11553;1266;1062;1836
FR;6;2022-08-13;9;20;0;0;1;16380;11573;1266;1062;1837
FR;6;2022-08-14;3;1;0;0;0;16383;11574;1266;1062;1837
FR;6;2022-08-15;2;3;1;0;0;16385;11577;1267;1062;1837
FR;6;2022-08-16;35;66;21;7;7;16420;11643;1288;1069;1844
FR;6;2022-08-17;32;44;10;9;10;16452;11687;1298;1078;1854
FR;6;2022-08-18;29;55;14;4;4;16481;11742;1312;1082;1858
FR;6;2022-08-19;30;45;5;4;3;16511;11787;1317;1086;1861
FR;6;2022-08-20;26;29;3;0;8;16537;11816;1320;1086;1869
FR;6;2022-08-21;1;5;2;0;0;16538;11821;1322;1086;1869
FR;6;2022-08-22;20;42;15;1;0;16558;11863;1337;1087;1869
FR;6;2022-08-23;34;45;6;7;6;16592;11908;1343;1094;1875
FR;6;2022-08-24;34;30;6;3;6;16626;11938;1349;1097;1881
FR;6;2022-08-25;25;27;1;1;5;16651;11965;1350;1098;1886
FR;6;2022-08-26;38;44;4;4;7;16689;12009;1354;1102;1893
FR;6;2022-08-27;19;21;7;3;8;16708;12030;1361;1105;1901
FR;6;2022-08-28;6;3;0;6;1;16714;12033;1361;1111;1902
FR;6;2022-08-29;26;22;2;6;3;16740;12055;1363;1117;1905
FR;6;2022-08-30;28;35;4;12;8;16768;12090;1367;1129;1913
FR;6;2022-08-31;35;38;2;11;3;16803;12128;1369;1140;1916
FR;6;2022-09-01;16;11;5;1;4;16819;12139;1374;1141;1920
FR;6;2022-09-02;19;14;2;1;3;16838;12153;1376;1142;1923
FR;6;2022-09-03;10;3;1;5;2;16848;12156;1377;1147;1925
FR;6;2022-09-04;4;1;0;0;0;16852;12157;1377;1147;1925
FR;6;2022-09-05;8;7;0;0;0;16860;12164;1377;1147;1925
FR;6;2022-09-06;7;9;7;12;6;16867;12173;1384;1159;1931
FR;6;2022-09-07;3;8;1;0;1;16870;12181;1385;1159;1932
FR;6;2022-09-08;5;4;0;2;1;16875;12185;1385;1161;1933
FR;6;2022-09-09;7;9;2;7;3;16882;12194;1387;1168;1936
FR;6;2022-09-10;3;4;1;0;1;16885;12198;1388;1168;1937
FR;6;2022-09-11;1;3;0;0;0;16886;12201;1388;1168;1937
FR;6;2022-09-12;10;4;4;0;6;16896;12205;1392;1168;1943
FR;6;2022-09-13;6;2;3;0;2;16902;12207;1395;1168;1945
FR;6;2022-09-14;9;8;2;0;4;16911;12215;1397;1168;1949
FR;6;2022-09-15;8;13;5;5;9;16919;12228;1402;1173;1958
FR;6;2022-09-16;24;38;1;1;3;16943;12266;1403;1174;1961
FR;6;2022-09-17;24;22;0;6;5;16967;12288;1403;1180;1966
FR;6;2022-09-18;5;4;0;0;1;16972;12292;1403;1180;1967
FR;6;2022-09-19;30;30;2;1;5;17002;12322;1405;1181;1972
FR;6;2022-09-20;34;25;1;4;6;17036;12347;1406;1185;1978
FR;6;2022-09-21;21;9;3;3;7;17057;12356;1409;1188;1985
FR;6;2022-09-22;19;28;1;22;3;17076;12384;1410;1210;1988
FR;6;2022-09-23;28;38;5;9;9;17104;12422;1415;1219;1997
FR;6;2022-09-24;16;16;4;2;6;17120;12438;1419;1221;2003
FR;6;2022-09-25;3;14;0;0;1;17123;12452;1419;1221;2004
FR;6;2022-09-26;16;13;0;18;5;17139;12465;1419;1239;2009
FR;6;2022-09-27;32;19;2;3;4;17171;12484;1421;1242;2013
FR;6;2022-09-28;27;10;8;11;4;17198;12494;1429;1253;2017
FR;6;2022-09-29;13;13;10;34;6;17211;12507;1439;1287;2023
FR;6;2022-09-30;34;24;5;6;5;17245;12531;1444;1293;2028
FR;6;2022-10-01;15;12;5;7;8;17260;12543;1449;1300;2036
FR;6;2022-10-02;3;0;0;0;0;17263;12543;1449;1300;2036
FR;6;2022-10-03;11;10;3;5;4;17274;12553;1452;1305;2040
FR;6;2022-10-04;19;17;4;17;3;17293;12570;1456;1322;2043
FR;6;2022-10-05;10;12;3;2;7;17303;12582;1459;1324;2050
FR;6;2022-10-06;19;13;4;6;2;17322;12595;1463;1330;2052
FR;6;2022-10-07;27;26;5;23;10;17349;12621;1468;1353;2062
FR;6;2022-10-08;16;13;0;0;0;17365;12634;1468;1353;2062
FR;6;2022-10-09;7;3;4;18;4;17372;12637;1472;1371;2066
FR;6;2022-10-10;12;13;1;15;5;17384;12650;1473;1386;2071
FR;8;2020-12-27;0;0;0;0;0;0;0;0;0;0
FR;8;2020-12-28;0;0;0;0;0;0;0;0;0;0
FR;8;2020-12-29;0;0;0;0;0;0;0;0;0;0
FR;8;2020-12-30;0;0;0;0;0;0;0;0;0;0
FR;8;2020-12-31;0;0;0;0;0;0;0;0;0;0
FR;8;2021-01-01;0;0;0;0;0;0;0;0;0;0
FR;8;2021-01-02;0;0;0;0;0;0;0;0;0;0
FR;8;2021-01-03;0;0;0;0;0;0;0;0;0;0
FR;8;2021-01-04;0;0;0;0;0;0;0;0;0;0
FR;8;2021-01-05;0;0;0;0;0;0;0;0;0;0
FR;8;2021-01-06;0;0;0;0;0;0;0;0;0;0
FR;8;2021-01-07;0;0;0;0;0;0;0;0;0;0
FR;8;2021-01-08;0;0;0;0;0;0;0;0;0;0
FR;8;2021-01-09;0;0;0;0;0;0;0;0;0;0
FR;8;2021-01-10;0;0;0;0;0;0;0;0;0;0
FR;8;2021-01-11;0;0;0;0;0;0;0;0;0;0
FR;8;2021-01-12;0;0;0;0;0;0;0;0;0;0
FR;8;2021-01-13;0;0;0;0;0;0;0;0;0;0
FR;8;2021-01-14;0;0;0;0;0;0;0;0;0;0
FR;8;2021-01-15;0;0;0;0;0;0;0;0;0;0
FR;8;2021-01-16;0;0;0;0;0;0;0;0;0;0
FR;8;2021-01-17;0;0;0;0;0;0;0;0;0;0
FR;8;2021-01-18;0;0;0;0;0;0;0;0;0;0
FR;8;2021-01-19;0;0;0;0;0;0;0;0;0;0
FR;8;2021-01-20;0;0;0;0;0;0;0;0;0;0
FR;8;2021-01-21;0;0;0;0;0;0;0;0;0;0
FR;8;2021-01-22;0;0;0;0;0;0;0;0;0;0
FR;8;2021-01-23;0;0;0;0;0;0;0;0;0;0
FR;8;2021-01-24;0;0;0;0;0;0;0;0;0;0
FR;8;2021-01-25;0;0;0;0;0;0;0;0;0;0
FR;8;2021-01-26;0;0;0;0;0;0;0;0;0;0
FR;8;2021-01-27;0;0;0;0;0;0;0;0;0;0
FR;8;2021-01-28;0;0;0;0;0;0;0;0;0;0
FR;8;2021-01-29;0;0;0;0;0;0;0;0;0;0
FR;8;2021-01-30;0;0;0;0;0;0;0;0;0;0
FR;8;2021-01-31;0;0;0;0;0;0;0;0;0;0
FR;8;2021-02-01;0;0;0;0;0;0;0;0;0;0
FR;8;2021-02-02;0;0;0;0;0;0;0;0;0;0
FR;8;2021-02-03;0;0;0;0;0;0;0;0;0;0
FR;8;2021-02-04;0;0;0;0;0;0;0;0;0;0
FR;8;2021-02-05;0;0;0;0;0;0;0;0;0;0
FR;8;2021-02-06;0;0;0;0;0;0;0;0;0;0
FR;8;2021-02-07;0;0;0;0;0;0;0;0;0;0
FR;8;2021-02-08;0;0;0;0;0;0;0;0;0;0
FR;8;2021-02-09;0;0;0;0;0;0;0;0;0;0
FR;8;2021-02-10;0;0;0;0;0;0;0;0;0;0
FR;8;2021-02-11;0;0;0;0;0;0;0;0;0;0
FR;8;2021-02-12;0;0;0;0;0;0;0;0;0;0
FR;8;2021-02-13;0;0;0;0;0;0;0;0;0;0
FR;8;2021-02-14;0;0;0;0;0;0;0;0;0;0
FR;8;2021-02-15;0;0;0;0;0;0;0;0;0;0
FR;8;2021-02-16;0;0;0;0;0;0;0;0;0;0
FR;8;2021-02-17;0;0;0;0;0;0;0;0;0;0
FR;8;2021-02-18;0;0;0;0;0;0;0;0;0;0
FR;8;2021-02-19;0;0;0;0;0;0;0;0;0;0
FR;8;2021-02-20;0;0;0;0;0;0;0;0;0;0
FR;8;2021-02-21;0;0;0;0;0;0;0;0;0;0
FR;8;2021-02-22;0;0;0;0;0;0;0;0;0;0
FR;8;2021-02-23;0;0;0;0;0;0;0;0;0;0
FR;8;2021-02-24;0;0;0;0;0;0;0;0;0;0
FR;8;2021-02-25;0;0;0;0;0;0;0;0;0;0
FR;8;2021-02-26;0;0;0;0;0;0;0;0;0;0
FR;8;2021-02-27;0;0;0;0;0;0;0;0;0;0
FR;8;2021-02-28;0;0;0;0;0;0;0;0;0;0
FR;8;2021-03-01;0;0;0;0;0;0;0;0;0;0
FR;8;2021-03-02;0;0;0;0;0;0;0;0;0;0
FR;8;2021-03-03;0;0;0;0;0;0;0;0;0;0
FR;8;2021-03-04;0;0;0;0;0;0;0;0;0;0
FR;8;2021-03-05;0;0;0;0;0;0;0;0;0;0
FR;8;2021-03-06;0;0;0;0;0;0;0;0;0;0
FR;8;2021-03-07;0;0;0;0;0;0;0;0;0;0
FR;8;2021-03-08;0;0;0;0;0;0;0;0;0;0
FR;8;2021-03-09;0;0;0;0;0;0;0;0;0;0
FR;8;2021-03-10;0;0;0;0;0;0;0;0;0;0
FR;8;2021-03-11;0;0;0;0;0;0;0;0;0;0
FR;8;2021-03-12;0;0;0;0;0;0;0;0;0;0
FR;8;2021-03-13;0;0;0;0;0;0;0;0;0;0
FR;8;2021-03-14;0;0;0;0;0;0;0;0;0;0
FR;8;2021-03-15;0;0;0;0;0;0;0;0;0;0
FR;8;2021-03-16;0;0;0;0;0;0;0;0;0;0
FR;8;2021-03-17;0;0;0;0;0;0;0;0;0;0
FR;8;2021-03-18;0;0;0;0;0;0;0;0;0;0
FR;8;2021-03-19;0;0;0;0;0;0;0;0;0;0
FR;8;2021-03-20;0;0;0;0;0;0;0;0;0;0
FR;8;2021-03-21;0;0;0;0;0;0;0;0;0;0
FR;8;2021-03-22;0;0;0;0;0;0;0;0;0;0
FR;8;2021-03-23;0;0;0;0;0;0;0;0;0;0
FR;8;2021-03-24;0;0;0;0;0;0;0;0;0;0
FR;8;2021-03-25;0;0;0;0;0;0;0;0;0;0
FR;8;2021-03-26;0;0;0;0;0;0;0;0;0;0
FR;8;2021-03-27;0;0;0;0;0;0;0;0;0;0
FR;8;2021-03-28;0;0;0;0;0;0;0;0;0;0
FR;8;2021-03-29;0;0;0;0;0;0;0;0;0;0
FR;8;2021-03-30;0;0;0;0;0;0;0;0;0;0
FR;8;2021-03-31;0;0;0;0;0;0;0;0;0;0
FR;8;2021-04-01;0;0;0;0;0;0;0;0;0;0
FR;8;2021-04-02;0;0;0;0;0;0;0;0;0;0
FR;8;2021-04-03;0;0;0;0;0;0;0;0;0;0
FR;8;2021-04-04;0;0;0;0;0;0;0;0;0;0
FR;8;2021-04-05;0;0;0;0;0;0;0;0;0;0
FR;8;2021-04-06;0;0;0;0;0;0;0;0;0;0
FR;8;2021-04-07;0;0;0;0;0;0;0;0;0;0
FR;8;2021-04-08;0;0;0;0;0;0;0;0;0;0
FR;8;2021-04-09;0;0;0;0;0;0;0;0;0;0
FR;8;2021-04-10;0;0;0;0;0;0;0;0;0;0
FR;8;2021-04-11;0;0;0;0;0;0;0;0;0;0
FR;8;2021-04-12;0;0;0;0;0;0;0;0;0;0
FR;8;2021-04-13;0;0;0;0;0;0;0;0;0;0
FR;8;2021-04-14;0;0;0;0;0;0;0;0;0;0
FR;8;2021-04-15;0;0;0;0;0;0;0;0;0;0
FR;8;2021-04-16;0;0;0;0;0;0;0;0;0;0
FR;8;2021-04-17;0;0;0;0;0;0;0;0;0;0
FR;8;2021-04-18;0;0;0;0;0;0;0;0;0;0
FR;8;2021-04-19;0;0;0;0;0;0;0;0;0;0
FR;8;2021-04-20;0;0;0;0;0;0;0;0;0;0
FR;8;2021-04-21;0;0;0;0;0;0;0;0;0;0
FR;8;2021-04-22;0;0;0;0;0;0;0;0;0;0
FR;8;2021-04-23;0;0;0;0;0;0;0;0;0;0
FR;8;2021-04-24;0;0;0;0;0;0;0;0;0;0
FR;8;2021-04-25;0;0;0;0;0;0;0;0;0;0
FR;8;2021-04-26;0;0;0;0;0;0;0;0;0;0
FR;8;2021-04-27;0;0;0;0;0;0;0;0;0;0
FR;8;2021-04-28;0;0;0;0;0;0;0;0;0;0
FR;8;2021-04-29;0;0;0;0;0;0;0;0;0;0
FR;8;2021-04-30;0;0;0;0;0;0;0;0;0;0
FR;8;2021-05-01;0;0;0;0;0;0;0;0;0;0
FR;8;2021-05-02;0;0;0;0;0;0;0;0;0;0
FR;8;2021-05-03;0;0;0;0;0;0;0;0;0;0
FR;8;2021-05-04;0;0;0;0;0;0;0;0;0;0
FR;8;2021-05-05;0;0;0;0;0;0;0;0;0;0
FR;8;2021-05-06;0;0;0;0;0;0;0;0;0;0
FR;8;2021-05-07;0;0;0;0;0;0;0;0;0;0
FR;8;2021-05-08;0;0;0;0;0;0;0;0;0;0
FR;8;2021-05-09;0;0;0;0;0;0;0;0;0;0
FR;8;2021-05-10;0;0;0;0;0;0;0;0;0;0
FR;8;2021-05-11;0;0;0;0;0;0;0;0;0;0
FR;8;2021-05-12;0;0;0;0;0;0;0;0;0;0
FR;8;2021-05-13;0;0;0;0;0;0;0;0;0;0
FR;8;2021-05-14;0;0;0;0;0;0;0;0;0;0
FR;8;2021-05-15;0;0;0;0;0;0;0;0;0;0
FR;8;2021-05-16;0;0;0;0;0;0;0;0;0;0
FR;8;2021-05-17;0;0;0;0;0;0;0;0;0;0
FR;8;2021-05-18;0;0;0;0;0;0;0;0;0;0
FR;8;2021-05-19;0;0;0;0;0;0;0;0;0;0
FR;8;2021-05-20;0;0;0;0;0;0;0;0;0;0
FR;8;2021-05-21;0;0;0;0;0;0;0;0;0;0
FR;8;2021-05-22;0;0;0;0;0;0;0;0;0;0
FR;8;2021-05-23;0;0;0;0;0;0;0;0;0;0
FR;8;2021-05-24;0;0;0;0;0;0;0;0;0;0
FR;8;2021-05-25;0;0;0;0;0;0;0;0;0;0
FR;8;2021-05-26;0;0;0;0;0;0;0;0;0;0
FR;8;2021-05-27;0;0;0;0;0;0;0;0;0;0
FR;8;2021-05-28;0;0;0;0;0;0;0;0;0;0
FR;8;2021-05-29;0;0;0;0;0;0;0;0;0;0
FR;8;2021-05-30;0;0;0;0;0;0;0;0;0;0
FR;8;2021-05-31;0;0;0;0;0;0;0;0;0;0
FR;8;2021-06-01;0;0;0;0;0;0;0;0;0;0
FR;8;2021-06-02;0;0;0;0;0;0;0;0;0;0
FR;8;2021-06-03;0;0;0;0;0;0;0;0;0;0
FR;8;2021-06-04;0;0;0;0;0;0;0;0;0;0
FR;8;2021-06-05;0;0;0;0;0;0;0;0;0;0
FR;8;2021-06-06;0;0;0;0;0;0;0;0;0;0
FR;8;2021-06-07;0;0;0;0;0;0;0;0;0;0
FR;8;2021-06-08;0;0;0;0;0;0;0;0;0;0
FR;8;2021-06-09;0;0;0;0;0;0;0;0;0;0
FR;8;2021-06-10;0;0;0;0;0;0;0;0;0;0
FR;8;2021-06-11;0;0;0;0;0;0;0;0;0;0
FR;8;2021-06-12;0;0;0;0;0;0;0;0;0;0
FR;8;2021-06-13;0;0;0;0;0;0;0;0;0;0
FR;8;2021-06-14;0;0;0;0;0;0;0;0;0;0
FR;8;2021-06-15;0;0;0;0;0;0;0;0;0;0
FR;8;2021-06-16;0;0;0;0;0;0;0;0;0;0
FR;8;2021-06-17;0;0;0;0;0;0;0;0;0;0
FR;8;2021-06-18;0;0;0;0;0;0;0;0;0;0
FR;8;2021-06-19;0;0;0;0;0;0;0;0;0;0
FR;8;2021-06-20;0;0;0;0;0;0;0;0;0;0
FR;8;2021-06-21;0;0;0;0;0;0;0;0;0;0
FR;8;2021-06-22;0;0;0;0;0;0;0;0;0;0
FR;8;2021-06-23;0;0;0;0;0;0;0;0;0;0
FR;8;2021-06-24;0;0;0;0;0;0;0;0;0;0
FR;8;2021-06-25;0;0;0;0;0;0;0;0;0;0
FR;8;2021-06-26;0;0;0;0;0;0;0;0;0;0
FR;8;2021-06-27;0;0;0;0;0;0;0;0;0;0
FR;8;2021-06-28;0;0;0;0;0;0;0;0;0;0
FR;8;2021-06-29;0;0;0;0;0;0;0;0;0;0
FR;8;2021-06-30;0;0;0;0;0;0;0;0;0;0
FR;8;2021-07-01;0;0;0;0;0;0;0;0;0;0
FR;8;2021-07-02;0;0;0;0;0;0;0;0;0;0
FR;8;2021-07-03;0;0;0;0;0;0;0;0;0;0
FR;8;2021-07-04;0;0;0;0;0;0;0;0;0;0
FR;8;2021-07-05;0;0;0;0;0;0;0;0;0;0
FR;8;2021-07-06;0;0;0;0;0;0;0;0;0;0
FR;8;2021-07-07;0;0;0;0;0;0;0;0;0;0
FR;8;2021-07-08;0;0;0;0;0;0;0;0;0;0
FR;8;2021-07-09;0;0;0;0;0;0;0;0;0;0
FR;8;2021-07-10;0;0;0;0;0;0;0;0;0;0
FR;8;2021-07-11;0;0;0;0;0;0;0;0;0;0
FR;8;2021-07-12;0;0;0;0;0;0;0;0;0;0
FR;8;2021-07-13;0;0;0;0;0;0;0;0;0;0
FR;8;2021-07-14;0;0;0;0;0;0;0;0;0;0
FR;8;2021-07-15;0;0;0;0;0;0;0;0;0;0
FR;8;2021-07-16;0;0;0;0;0;0;0;0;0;0
FR;8;2021-07-17;0;0;0;0;0;0;0;0;0;0
FR;8;2021-07-18;0;0;0;0;0;0;0;0;0;0
FR;8;2021-07-19;0;0;0;0;0;0;0;0;0;0
FR;8;2021-07-20;0;0;0;0;0;0;0;0;0;0
FR;8;2021-07-21;0;0;0;0;0;0;0;0;0;0
FR;8;2021-07-22;0;0;0;0;0;0;0;0;0;0
FR;8;2021-07-23;0;0;0;0;0;0;0;0;0;0
FR;8;2021-07-24;0;0;0;0;0;0;0;0;0;0
FR;8;2021-07-25;0;0;0;0;0;0;0;0;0;0
FR;8;2021-07-26;0;0;0;0;0;0;0;0;0;0
FR;8;2021-07-27;0;0;0;0;0;0;0;0;0;0
FR;8;2021-07-28;0;0;0;0;0;0;0;0;0;0
FR;8;2021-07-29;0;0;0;0;0;0;0;0;0;0
FR;8;2021-07-30;0;0;0;0;0;0;0;0;0;0
FR;8;2021-07-31;0;0;0;0;0;0;0;0;0;0
FR;8;2021-08-01;0;0;0;0;0;0;0;0;0;0
FR;8;2021-08-02;0;0;0;0;0;0;0;0;0;0
FR;8;2021-08-03;0;0;0;0;0;0;0;0;0;0
FR;8;2021-08-04;0;0;0;0;0;0;0;0;0;0
FR;8;2021-08-05;0;0;0;0;0;0;0;0;0;0
FR;8;2021-08-06;0;0;0;0;0;0;0;0;0;0
FR;8;2021-08-07;0;0;0;0;0;0;0;0;0;0
FR;8;2021-08-08;0;0;0;0;0;0;0;0;0;0
FR;8;2021-08-09;0;0;0;0;0;0;0;0;0;0
FR;8;2021-08-10;0;0;0;0;0;0;0;0;0;0
FR;8;2021-08-11;0;0;0;0;0;0;0;0;0;0
FR;8;2021-08-12;0;0;0;0;0;0;0;0;0;0
FR;8;2021-08-13;0;0;0;0;0;0;0;0;0;0
FR;8;2021-08-14;0;0;0;0;0;0;0;0;0;0
FR;8;2021-08-15;0;0;0;0;0;0;0;0;0;0
FR;8;2021-08-16;0;0;0;0;0;0;0;0;0;0
FR;8;2021-08-17;0;0;0;0;0;0;0;0;0;0
FR;8;2021-08-18;0;0;0;0;0;0;0;0;0;0
FR;8;2021-08-19;0;0;0;0;0;0;0;0;0;0
FR;8;2021-08-20;0;0;0;0;0;0;0;0;0;0
FR;8;2021-08-21;0;0;0;0;0;0;0;0;0;0
FR;8;2021-08-22;0;0;0;0;0;0;0;0;0;0
FR;8;2021-08-23;0;0;0;0;0;0;0;0;0;0
FR;8;2021-08-24;0;0;0;0;0;0;0;0;0;0
FR;8;2021-08-25;0;0;0;0;0;0;0;0;0;0
FR;8;2021-08-26;0;0;0;0;0;0;0;0;0;0
FR;8;2021-08-27;0;0;0;0;0;0;0;0;0;0
FR;8;2021-08-28;0;0;0;0;0;0;0;0;0;0
FR;8;2021-08-29;0;0;0;0;0;0;0;0;0;0
FR;8;2021-08-30;0;0;0;0;0;0;0;0;0;0
FR;8;2021-08-31;0;0;0;0;0;0;0;0;0;0
FR;8;2021-09-01;0;0;0;0;0;0;0;0;0;0
FR;8;2021-09-02;0;0;0;0;0;0;0;0;0;0
FR;8;2021-09-03;0;0;0;0;0;0;0;0;0;0
FR;8;2021-09-04;0;0;0;0;0;0;0;0;0;0
FR;8;2021-09-05;0;0;0;0;0;0;0;0;0;0
FR;8;2021-09-06;0;0;0;0;0;0;0;0;0;0
FR;8;2021-09-07;0;0;0;0;0;0;0;0;0;0
FR;8;2021-09-08;0;0;0;0;0;0;0;0;0;0
FR;8;2021-09-09;0;0;0;0;0;0;0;0;0;0
FR;8;2021-09-10;0;0;0;0;0;0;0;0;0;0
FR;8;2021-09-11;0;0;0;0;0;0;0;0;0;0
FR;8;2021-09-12;0;0;0;0;0;0;0;0;0;0
FR;8;2021-09-13;0;0;0;0;0;0;0;0;0;0
FR;8;2021-09-14;0;0;0;0;0;0;0;0;0;0
FR;8;2021-09-15;0;0;0;0;0;0;0;0;0;0
FR;8;2021-09-16;0;0;0;0;0;0;0;0;0;0
FR;8;2021-09-17;0;0;0;0;0;0;0;0;0;0
FR;8;2021-09-18;0;0;0;0;0;0;0;0;0;0
FR;8;2021-09-19;0;0;0;0;0;0;0;0;0;0
FR;8;2021-09-20;0;0;0;0;0;0;0;0;0;0
FR;8;2021-09-21;0;0;0;0;0;0;0;0;0;0
FR;8;2021-09-22;0;0;0;0;0;0;0;0;0;0
FR;8;2021-09-23;0;0;0;0;0;0;0;0;0;0
FR;8;2021-09-24;0;0;0;0;0;0;0;0;0;0
FR;8;2021-09-25;0;0;0;0;0;0;0;0;0;0
FR;8;2021-09-26;0;0;0;0;0;0;0;0;0;0
FR;8;2021-09-27;0;0;0;0;0;0;0;0;0;0
FR;8;2021-09-28;0;0;0;0;0;0;0;0;0;0
FR;8;2021-09-29;0;0;0;0;0;0;0;0;0;0
FR;8;2021-09-30;0;0;0;0;0;0;0;0;0;0
FR;8;2021-10-01;0;0;0;0;0;0;0;0;0;0
FR;8;2021-10-02;0;0;0;0;0;0;0;0;0;0
FR;8;2021-10-03;0;0;0;0;0;0;0;0;0;0
FR;8;2021-10-04;0;0;0;0;0;0;0;0;0;0
FR;8;2021-10-05;0;0;0;0;0;0;0;0;0;0
FR;8;2021-10-06;0;0;0;0;0;0;0;0;0;0
FR;8;2021-10-07;0;0;0;0;0;0;0;0;0;0
FR;8;2021-10-08;0;0;0;0;0;0;0;0;0;0
FR;8;2021-10-09;0;0;0;0;0;0;0;0;0;0
FR;8;2021-10-10;0;0;0;0;0;0;0;0;0;0
FR;8;2021-10-11;0;0;0;0;0;0;0;0;0;0
FR;8;2021-10-12;0;0;0;0;0;0;0;0;0;0
FR;8;2021-10-13;0;0;0;0;0;0;0;0;0;0
FR;8;2021-10-14;0;0;0;0;0;0;0;0;0;0
FR;8;2021-10-15;0;0;0;0;0;0;0;0;0;0
FR;8;2021-10-16;0;0;0;0;0;0;0;0;0;0
FR;8;2021-10-17;0;0;0;0;0;0;0;0;0;0
FR;8;2021-10-18;0;0;0;0;0;0;0;0;0;0
FR;8;2021-10-19;0;0;0;0;0;0;0;0;0;0
FR;8;2021-10-20;0;0;0;0;0;0;0;0;0;0
FR;8;2021-10-21;0;0;0;0;0;0;0;0;0;0
FR;8;2021-10-22;0;0;0;0;0;0;0;0;0;0
FR;8;2021-10-23;0;0;0;0;0;0;0;0;0;0
FR;8;2021-10-24;0;0;0;0;0;0;0;0;0;0
FR;8;2021-10-25;0;0;0;0;0;0;0;0;0;0
FR;8;2021-10-26;0;0;0;0;0;0;0;0;0;0
FR;8;2021-10-27;0;0;0;0;0;0;0;0;0;0
FR;8;2021-10-28;0;0;0;0;0;0;0;0;0;0
FR;8;2021-10-29;0;0;0;0;0;0;0;0;0;0
FR;8;2021-10-30;0;0;0;0;0;0;0;0;0;0
FR;8;2021-10-31;0;0;0;0;0;0;0;0;0;0
FR;8;2021-11-01;0;0;0;0;0;0;0;0;0;0
FR;8;2021-11-02;0;0;0;0;0;0;0;0;0;0
FR;8;2021-11-03;0;0;0;0;0;0;0;0;0;0
FR;8;2021-11-04;0;0;0;0;0;0;0;0;0;0
FR;8;2021-11-05;0;0;0;0;0;0;0;0;0;0
FR;8;2021-11-06;0;0;0;0;0;0;0;0;0;0
FR;8;2021-11-07;0;0;0;0;0;0;0;0;0;0
FR;8;2021-11-08;0;0;0;0;0;0;0;0;0;0
FR;8;2021-11-09;0;0;0;0;0;0;0;0;0;0
FR;8;2021-11-10;0;0;0;0;0;0;0;0;0;0
FR;8;2021-11-11;0;0;0;0;0;0;0;0;0;0
FR;8;2021-11-12;0;0;0;0;0;0;0;0;0;0
FR;8;2021-11-13;0;0;0;0;0;0;0;0;0;0
FR;8;2021-11-14;0;0;0;0;0;0;0;0;0;0
FR;8;2021-11-15;0;0;0;0;0;0;0;0;0;0
FR;8;2021-11-16;0;0;0;0;0;0;0;0;0;0
FR;8;2021-11-17;0;0;0;0;0;0;0;0;0;0
FR;8;2021-11-18;0;0;0;0;0;0;0;0;0;0
FR;8;2021-11-19;0;0;0;0;0;0;0;0;0;0
FR;8;2021-11-20;0;0;0;0;0;0;0;0;0;0
FR;8;2021-11-21;0;0;0;0;0;0;0;0;0;0
FR;8;2021-11-22;0;0;0;0;0;0;0;0;0;0
FR;8;2021-11-23;0;0;0;0;0;0;0;0;0;0
FR;8;2021-11-24;0;0;0;0;0;0;0;0;0;0
FR;8;2021-11-25;0;0;0;0;0;0;0;0;0;0
FR;8;2021-11-26;0;0;0;0;0;0;0;0;0;0
FR;8;2021-11-27;0;0;0;0;0;0;0;0;0;0
FR;8;2021-11-28;0;0;0;0;0;0;0;0;0;0
FR;8;2021-11-29;0;0;0;0;0;0;0;0;0;0
FR;8;2021-11-30;0;0;0;0;0;0;0;0;0;0
FR;8;2021-12-01;0;0;0;0;0;0;0;0;0;0
FR;8;2021-12-02;0;0;0;0;0;0;0;0;0;0
FR;8;2021-12-03;0;0;0;0;0;0;0;0;0;0
FR;8;2021-12-04;0;0;0;0;0;0;0;0;0;0
FR;8;2021-12-05;0;0;0;0;0;0;0;0;0;0
FR;8;2021-12-06;0;0;0;0;0;0;0;0;0;0
FR;8;2021-12-07;0;0;0;0;0;0;0;0;0;0
FR;8;2021-12-08;0;0;0;0;0;0;0;0;0;0
FR;8;2021-12-09;0;0;0;0;0;0;0;0;0;0
FR;8;2021-12-10;0;0;0;0;0;0;0;0;0;0
FR;8;2021-12-11;0;0;0;0;0;0;0;0;0;0
FR;8;2021-12-12;0;0;0;0;0;0;0;0;0;0
FR;8;2021-12-13;0;0;0;0;0;0;0;0;0;0
FR;8;2021-12-14;0;0;0;0;0;0;0;0;0;0
FR;8;2021-12-15;0;0;0;0;0;0;0;0;0;0
FR;8;2021-12-16;0;0;0;0;0;0;0;0;0;0
FR;8;2021-12-17;0;0;0;0;0;0;0;0;0;0
FR;8;2021-12-18;0;0;0;0;0;0;0;0;0;0
FR;8;2021-12-19;0;0;0;0;0;0;0;0;0;0
FR;8;2021-12-20;0;0;0;0;0;0;0;0;0;0
FR;8;2021-12-21;0;0;0;0;0;0;0;0;0;0
FR;8;2021-12-22;0;0;0;0;0;0;0;0;0;0
FR;8;2021-12-23;0;0;0;0;0;0;0;0;0;0
FR;8;2021-12-24;0;0;0;0;0;0;0;0;0;0
FR;8;2021-12-25;0;0;0;0;0;0;0;0;0;0
FR;8;2021-12-26;0;0;0;0;0;0;0;0;0;0
FR;8;2021-12-27;0;0;0;0;0;0;0;0;0;0
FR;8;2021-12-28;0;0;0;0;0;0;0;0;0;0
FR;8;2021-12-29;0;0;0;0;0;0;0;0;0;0
FR;8;2021-12-30;0;0;0;0;0;0;0;0;0;0
FR;8;2021-12-31;0;0;0;0;0;0;0;0;0;0
FR;8;2022-01-01;0;0;0;0;0;0;0;0;0;0
FR;8;2022-01-02;0;0;0;0;0;0;0;0;0;0
FR;8;2022-01-03;0;0;0;0;0;0;0;0;0;0
FR;8;2022-01-04;0;0;0;0;0;0;0;0;0;0
FR;8;2022-01-05;0;0;0;0;0;0;0;0;0;0
FR;8;2022-01-06;0;0;0;0;0;0;0;0;0;0
FR;8;2022-01-07;0;0;0;0;0;0;0;0;0;0
FR;8;2022-01-08;0;0;0;0;0;0;0;0;0;0
FR;8;2022-01-09;0;0;0;0;0;0;0;0;0;0
FR;8;2022-01-10;0;0;0;0;0;0;0;0;0;0
FR;8;2022-01-11;0;0;0;0;0;0;0;0;0;0
FR;8;2022-01-12;0;0;0;0;0;0;0;0;0;0
FR;8;2022-01-13;0;0;0;0;0;0;0;0;0;0
FR;8;2022-01-14;0;0;0;0;0;0;0;0;0;0
FR;8;2022-01-15;0;0;0;0;0;0;0;0;0;0
FR;8;2022-01-16;0;0;0;0;0;0;0;0;0;0
FR;8;2022-01-17;0;0;0;0;0;0;0;0;0;0
FR;8;2022-01-18;0;0;0;0;0;0;0;0;0;0
FR;8;2022-01-19;0;0;0;0;0;0;0;0;0;0
FR;8;2022-01-20;0;0;0;0;0;0;0;0;0;0
FR;8;2022-01-21;0;0;0;0;0;0;0;0;0;0
FR;8;2022-01-22;0;0;0;0;0;0;0;0;0;0
FR;8;2022-01-23;0;0;0;0;0;0;0;0;0;0
FR;8;2022-01-24;0;0;0;0;0;0;0;0;0;0
FR;8;2022-01-25;0;0;0;0;0;0;0;0;0;0
FR;8;2022-01-26;0;0;0;0;0;0;0;0;0;0
FR;8;2022-01-27;0;0;0;0;0;0;0;0;0;0
FR;8;2022-01-28;0;0;0;0;0;0;0;0;0;0
FR;8;2022-01-29;0;0;0;0;0;0;0;0;0;0
FR;8;2022-01-30;0;0;0;0;0;0;0;0;0;0
FR;8;2022-01-31;0;0;0;0;0;0;0;0;0;0
FR;8;2022-02-01;0;0;0;0;0;0;0;0;0;0
FR;8;2022-02-02;0;0;0;0;0;0;0;0;0;0
FR;8;2022-02-03;0;0;0;0;0;0;0;0;0;0
FR;8;2022-02-04;0;0;0;0;0;0;0;0;0;0
FR;8;2022-02-05;0;0;0;0;0;0;0;0;0;0
FR;8;2022-02-06;0;0;0;0;0;0;0;0;0;0
FR;8;2022-02-07;0;0;0;0;0;0;0;0;0;0
FR;8;2022-02-08;0;0;0;0;0;0;0;0;0;0
FR;8;2022-02-09;0;0;0;0;0;0;0;0;0;0
FR;8;2022-02-10;0;0;0;0;0;0;0;0;0;0
FR;8;2022-02-11;0;0;0;0;0;0;0;0;0;0
FR;8;2022-02-12;0;0;0;0;0;0;0;0;0;0
FR;8;2022-02-13;0;0;0;0;0;0;0;0;0;0
FR;8;2022-02-14;0;0;0;0;0;0;0;0;0;0
FR;8;2022-02-15;0;0;0;0;0;0;0;0;0;0
FR;8;2022-02-16;0;0;0;0;0;0;0;0;0;0
FR;8;2022-02-17;0;0;0;0;0;0;0;0;0;0
FR;8;2022-02-18;0;0;0;0;0;0;0;0;0;0
FR;8;2022-02-19;0;0;0;0;0;0;0;0;0;0
FR;8;2022-02-20;0;0;0;0;0;0;0;0;0;0
FR;8;2022-02-21;0;0;0;0;0;0;0;0;0;0
FR;8;2022-02-22;0;0;0;0;0;0;0;0;0;0
FR;8;2022-02-23;0;0;0;0;0;0;0;0;0;0
FR;8;2022-02-24;0;0;0;0;0;0;0;0;0;0
FR;8;2022-02-25;0;0;0;0;0;0;0;0;0;0
FR;8;2022-02-26;0;0;0;0;0;0;0;0;0;0
FR;8;2022-02-27;0;0;0;0;0;0;0;0;0;0
FR;8;2022-02-28;0;0;0;0;0;0;0;0;0;0
FR;8;2022-03-01;0;0;0;0;0;0;0;0;0;0
FR;8;2022-03-02;0;0;0;0;0;0;0;0;0;0
FR;8;2022-03-03;0;0;0;0;0;0;0;0;0;0
FR;8;2022-03-04;0;0;0;0;0;0;0;0;0;0
FR;8;2022-03-05;0;0;0;0;0;0;0;0;0;0
FR;8;2022-03-06;0;0;0;0;0;0;0;0;0;0
FR;8;2022-03-07;0;0;0;0;0;0;0;0;0;0
FR;8;2022-03-08;0;0;0;0;0;0;0;0;0;0
FR;8;2022-03-09;0;0;0;0;0;0;0;0;0;0
FR;8;2022-03-10;0;0;0;0;0;0;0;0;0;0
FR;8;2022-03-11;0;0;0;0;0;0;0;0;0;0
FR;8;2022-03-12;0;0;0;0;0;0;0;0;0;0
FR;8;2022-03-13;0;0;0;0;0;0;0;0;0;0
FR;8;2022-03-14;0;0;0;0;0;0;0;0;0;0
FR;8;2022-03-15;0;0;0;0;0;0;0;0;0;0
FR;8;2022-03-16;0;0;0;0;0;0;0;0;0;0
FR;8;2022-03-17;0;0;0;0;0;0;0;0;0;0
FR;8;2022-03-18;0;0;0;0;0;0;0;0;0;0
FR;8;2022-03-19;0;0;0;0;0;0;0;0;0;0
FR;8;2022-03-20;0;0;0;0;0;0;0;0;0;0
FR;8;2022-03-21;0;0;0;0;0;0;0;0;0;0
FR;8;2022-03-22;0;0;0;0;0;0;0;0;0;0
FR;8;2022-03-23;0;0;0;0;0;0;0;0;0;0
FR;8;2022-03-24;0;0;0;0;0;0;0;0;0;0
FR;8;2022-03-25;0;0;0;0;0;0;0;0;0;0
FR;8;2022-03-26;0;0;0;0;0;0;0;0;0;0
FR;8;2022-03-27;0;0;0;0;0;0;0;0;0;0
FR;8;2022-03-28;0;0;0;0;0;0;0;0;0;0
FR;8;2022-03-29;0;0;0;0;0;0;0;0;0;0
FR;8;2022-03-30;0;0;0;0;0;0;0;0;0;0
FR;8;2022-03-31;0;0;0;0;0;0;0;0;0;0
FR;8;2022-04-01;0;0;0;0;0;0;0;0;0;0
FR;8;2022-04-02;0;0;0;0;0;0;0;0;0;0
FR;8;2022-04-03;0;0;0;0;0;0;0;0;0;0
FR;8;2022-04-04;0;0;0;0;0;0;0;0;0;0
FR;8;2022-04-05;0;0;0;0;0;0;0;0;0;0
FR;8;2022-04-06;0;0;0;0;0;0;0;0;0;0
FR;8;2022-04-07;0;0;0;0;0;0;0;0;0;0
FR;8;2022-04-08;0;0;0;0;0;0;0;0;0;0
FR;8;2022-04-09;0;0;0;0;0;0;0;0;0;0
FR;8;2022-04-10;0;0;0;0;0;0;0;0;0;0
FR;8;2022-04-11;0;0;0;0;0;0;0;0;0;0
FR;8;2022-04-12;0;0;0;0;0;0;0;0;0;0
FR;8;2022-04-13;0;0;0;0;0;0;0;0;0;0
FR;8;2022-04-14;0;0;0;0;0;0;0;0;0;0
FR;8;2022-04-15;0;0;0;0;0;0;0;0;0;0
FR;8;2022-04-16;0;0;0;0;0;0;0;0;0;0
FR;8;2022-04-17;0;0;0;0;0;0;0;0;0;0
FR;8;2022-04-18;0;0;0;0;0;0;0;0;0;0
FR;8;2022-04-19;0;0;0;0;0;0;0;0;0;0
FR;8;2022-04-20;0;0;0;0;0;0;0;0;0;0
FR;8;2022-04-21;0;0;0;0;0;0;0;0;0;0
FR;8;2022-04-22;0;0;0;0;0;0;0;0;0;0
FR;8;2022-04-23;0;0;0;0;0;0;0;0;0;0
FR;8;2022-04-24;0;0;0;0;0;0;0;0;0;0
FR;8;2022-04-25;0;0;0;0;0;0;0;0;0;0
FR;8;2022-04-26;0;0;0;0;0;0;0;0;0;0
FR;8;2022-04-27;0;0;0;0;0;0;0;0;0;0
FR;8;2022-04-28;0;0;0;0;0;0;0;0;0;0
FR;8;2022-04-29;0;0;0;0;0;0;0;0;0;0
FR;8;2022-04-30;0;0;0;0;0;0;0;0;0;0
FR;8;2022-05-01;0;0;0;0;0;0;0;0;0;0
FR;8;2022-05-02;0;0;0;0;0;0;0;0;0;0
FR;8;2022-05-03;0;0;0;0;0;0;0;0;0;0
FR;8;2022-05-04;0;0;0;0;0;0;0;0;0;0
FR;8;2022-05-05;0;0;0;0;0;0;0;0;0;0
FR;8;2022-05-06;0;0;0;0;0;0;0;0;0;0
FR;8;2022-05-07;0;0;0;0;0;0;0;0;0;0
FR;8;2022-05-08;0;0;0;0;0;0;0;0;0;0
FR;8;2022-05-09;0;0;0;0;0;0;0;0;0;0
FR;8;2022-05-10;0;0;0;0;0;0;0;0;0;0
FR;8;2022-05-11;0;0;0;0;0;0;0;0;0;0
FR;8;2022-05-12;0;0;0;0;0;0;0;0;0;0
FR;8;2022-05-13;0;0;0;0;0;0;0;0;0;0
FR;8;2022-05-14;0;0;0;0;0;0;0;0;0;0
FR;8;2022-05-15;0;0;0;0;0;0;0;0;0;0
FR;8;2022-05-16;0;0;0;0;0;0;0;0;0;0
FR;8;2022-05-17;0;0;0;0;0;0;0;0;0;0
FR;8;2022-05-18;0;0;0;0;0;0;0;0;0;0
FR;8;2022-05-19;0;0;0;0;0;0;0;0;0;0
FR;8;2022-05-20;0;0;0;0;0;0;0;0;0;0
FR;8;2022-05-21;0;0;0;0;0;0;0;0;0;0
FR;8;2022-05-22;0;0;0;0;0;0;0;0;0;0
FR;8;2022-05-23;0;0;0;0;0;0;0;0;0;0
FR;8;2022-05-24;0;0;0;0;0;0;0;0;0;0
FR;8;2022-05-25;0;0;0;0;0;0;0;0;0;0
FR;8;2022-05-26;0;0;0;0;0;0;0;0;0;0
FR;8;2022-05-27;0;0;0;0;0;0;0;0;0;0
FR;8;2022-05-28;0;0;0;0;0;0;0;0;0;0
FR;8;2022-05-29;0;0;0;0;0;0;0;0;0;0
FR;8;2022-05-30;0;0;0;0;0;0;0;0;0;0
FR;8;2022-05-31;0;0;0;0;0;0;0;0;0;0
FR;8;2022-06-01;0;0;0;0;0;0;0;0;0;0
FR;8;2022-06-02;0;0;0;0;0;0;0;0;0;0
FR;8;2022-06-03;0;0;0;0;0;0;0;0;0;0
FR;8;2022-06-04;0;0;0;0;0;0;0;0;0;0
FR;8;2022-06-05;0;0;0;0;0;0;0;0;0;0
FR;8;2022-06-06;0;0;0;0;0;0;0;0;0;0
FR;8;2022-06-07;0;0;0;0;0;0;0;0;0;0
FR;8;2022-06-08;0;0;0;0;0;0;0;0;0;0
FR;8;2022-06-09;0;0;0;0;0;0;0;0;0;0
FR;8;2022-06-10;0;0;0;0;0;0;0;0;0;0
FR;8;2022-06-11;0;0;0;0;0;0;0;0;0;0
FR;8;2022-06-12;0;0;0;0;0;0;0;0;0;0
FR;8;2022-06-13;0;0;0;0;0;0;0;0;0;0
FR;8;2022-06-14;0;0;0;0;0;0;0;0;0;0
FR;8;2022-06-15;0;0;0;0;0;0;0;0;0;0
FR;8;2022-06-16;0;0;0;0;0;0;0;0;0;0
FR;8;2022-06-17;0;0;0;0;0;0;0;0;0;0
FR;8;2022-06-18;0;0;0;0;0;0;0;0;0;0
FR;8;2022-06-19;0;0;0;0;0;0;0;0;0;0
FR;8;2022-06-20;0;0;0;0;0;0;0;0;0;0
FR;8;2022-06-21;0;0;0;0;0;0;0;0;0;0
FR;8;2022-06-22;0;0;0;0;0;0;0;0;0;0
FR;8;2022-06-23;0;0;0;0;0;0;0;0;0;0
FR;8;2022-06-24;0;0;0;0;0;0;0;0;0;0
FR;8;2022-06-25;0;0;0;0;0;0;0;0;0;0
FR;8;2022-06-26;0;0;0;0;0;0;0;0;0;0
FR;8;2022-06-27;0;0;0;0;0;0;0;0;0;0
FR;8;2022-06-28;0;0;0;0;0;0;0;0;0;0
FR;8;2022-06-29;0;0;0;0;0;0;0;0;0;0
FR;8;2022-06-30;0;0;0;0;0;0;0;0;0;0
FR;8;2022-07-01;0;0;0;0;0;0;0;0;0;0
FR;8;2022-07-02;0;0;0;0;0;0;0;0;0;0
FR;8;2022-07-03;0;0;0;0;0;0;0;0;0;0
FR;8;2022-07-04;0;0;0;0;0;0;0;0;0;0
FR;8;2022-07-05;0;0;0;0;0;0;0;0;0;0
FR;8;2022-07-06;0;0;0;0;0;0;0;0;0;0
FR;8;2022-07-07;0;0;0;0;0;0;0;0;0;0
FR;8;2022-07-08;0;0;0;0;0;0;0;0;0;0
FR;8;2022-07-09;0;0;0;0;0;0;0;0;0;0
FR;8;2022-07-10;0;0;0;0;0;0;0;0;0;0
FR;8;2022-07-11;0;0;0;0;0;0;0;0;0;0
FR;8;2022-07-12;0;0;0;0;0;0;0;0;0;0
FR;8;2022-07-13;0;0;0;0;0;0;0;0;0;0
FR;8;2022-07-14;0;0;0;0;0;0;0;0;0;0
FR;8;2022-07-15;0;0;0;0;0;0;0;0;0;0
FR;8;2022-07-16;0;0;0;0;0;0;0;0;0;0
FR;8;2022-07-17;0;0;0;0;0;0;0;0;0;0
FR;8;2022-07-18;0;0;0;0;0;0;0;0;0;0
FR;8;2022-07-19;0;0;0;0;0;0;0;0;0;0
FR;8;2022-07-20;0;0;0;0;0;0;0;0;0;0
FR;8;2022-07-21;0;0;0;0;0;0;0;0;0;0
FR;8;2022-07-22;0;0;0;0;0;0;0;0;0;0
FR;8;2022-07-23;0;0;0;0;0;0;0;0;0;0
FR;8;2022-07-24;0;0;0;0;0;0;0;0;0;0
FR;8;2022-07-25;0;0;0;0;0;0;0;0;0;0
FR;8;2022-07-26;0;0;0;0;0;0;0;0;0;0
FR;8;2022-07-27;0;0;0;0;0;0;0;0;0;0
FR;8;2022-07-28;0;0;0;0;0;0;0;0;0;0
FR;8;2022-07-29;0;0;0;0;0;0;0;0;0;0
FR;8;2022-07-30;0;0;0;0;0;0;0;0;0;0
FR;8;2022-07-31;0;0;0;0;0;0;0;0;0;0
FR;8;2022-08-01;0;0;0;0;0;0;0;0;0;0
FR;8;2022-08-02;0;0;0;0;0;0;0;0;0;0
FR;8;2022-08-03;0;0;0;0;0;0;0;0;0;0
FR;8;2022-08-04;0;0;0;0;0;0;0;0;0;0
FR;8;2022-08-05;0;0;0;0;0;0;0;0;0;0
FR;8;2022-08-06;0;0;0;0;0;0;0;0;0;0
FR;8;2022-08-07;0;0;0;0;0;0;0;0;0;0
FR;8;2022-08-08;0;0;0;0;0;0;0;0;0;0
FR;8;2022-08-09;0;0;0;0;0;0;0;0;0;0
FR;8;2022-08-10;0;0;0;0;0;0;0;0;0;0
FR;8;2022-08-11;0;0;0;0;0;0;0;0;0;0
FR;8;2022-08-12;0;0;0;0;0;0;0;0;0;0
FR;8;2022-08-13;0;0;0;0;0;0;0;0;0;0
FR;8;2022-08-14;0;0;0;0;0;0;0;0;0;0
FR;8;2022-08-15;0;0;0;0;0;0;0;0;0;0
FR;8;2022-08-16;0;0;0;0;0;0;0;0;0;0
FR;8;2022-08-17;0;0;0;0;0;0;0;0;0;0
FR;8;2022-08-18;0;0;0;0;0;0;0;0;0;0
FR;8;2022-08-19;0;0;0;0;0;0;0;0;0;0
FR;8;2022-08-20;0;0;0;0;0;0;0;0;0;0
FR;8;2022-08-21;0;0;0;0;0;0;0;0;0;0
FR;8;2022-08-22;0;0;0;0;0;0;0;0;0;0
FR;8;2022-08-23;0;0;0;0;0;0;0;0;0;0
FR;8;2022-08-24;0;0;0;0;0;0;0;0;0;0
FR;8;2022-08-25;0;0;0;0;0;0;0;0;0;0
FR;8;2022-08-26;0;0;0;0;0;0;0;0;0;0
FR;8;2022-08-27;0;0;0;0;0;0;0;0;0;0
FR;8;2022-08-28;0;0;0;0;0;0;0;0;0;0
FR;8;2022-08-29;0;0;0;0;0;0;0;0;0;0
FR;8;2022-08-30;0;0;0;0;0;0;0;0;0;0
FR;8;2022-08-31;0;0;0;0;0;0;0;0;0;0
FR;8;2022-09-01;0;0;0;0;0;0;0;0;0;0
FR;8;2022-09-02;0;0;0;0;0;0;0;0;0;0
FR;8;2022-09-03;0;0;0;0;0;0;0;0;0;0
FR;8;2022-09-04;0;0;0;0;0;0;0;0;0;0
FR;8;2022-09-05;0;0;0;0;0;0;0;0;0;0
FR;8;2022-09-06;0;0;0;0;0;0;0;0;0;0
FR;8;2022-09-07;0;0;0;0;0;0;0;0;0;0
FR;8;2022-09-08;0;0;0;0;0;0;0;0;0;0
FR;8;2022-09-09;0;0;0;0;0;0;0;0;0;0
FR;8;2022-09-10;0;0;0;0;0;0;0;0;0;0
FR;8;2022-09-11;0;0;0;0;0;0;0;0;0;0
FR;8;2022-09-12;0;0;0;0;0;0;0;0;0;0
FR;8;2022-09-13;0;0;0;0;0;0;0;0;0;0
FR;8;2022-09-14;0;0;0;0;0;0;0;0;0;0
FR;8;2022-09-15;0;0;0;0;0;0;0;0;0;0
FR;8;2022-09-16;0;0;0;0;0;0;0;0;0;0
FR;8;2022-09-17;0;0;0;0;0;0;0;0;0;0
FR;8;2022-09-18;0;0;0;0;0;0;0;0;0;0
FR;8;2022-09-19;0;0;0;0;0;0;0;0;0;0
FR;8;2022-09-20;0;0;0;0;0;0;0;0;0;0
FR;8;2022-09-21;0;0;0;0;0;0;0;0;0;0
FR;8;2022-09-22;0;0;0;0;0;0;0;0;0;0
FR;8;2022-09-23;0;0;0;0;0;0;0;0;0;0
FR;8;2022-09-24;0;0;0;0;0;0;0;0;0;0
FR;8;2022-09-25;0;0;0;0;0;0;0;0;0;0
FR;8;2022-09-26;0;0;0;0;0;0;0;0;0;0
FR;8;2022-09-27;0;0;0;0;0;0;0;0;0;0
FR;8;2022-09-28;0;0;0;0;0;0;0;0;0;0
FR;8;2022-09-29;0;0;0;0;0;0;0;0;0;0
FR;8;2022-09-30;0;0;0;0;0;0;0;0;0;0
FR;8;2022-10-01;0;0;0;0;0;0;0;0;0;0
FR;8;2022-10-02;0;0;0;0;0;0;0;0;0;0
FR;8;2022-10-03;0;0;0;0;0;0;0;0;0;0
FR;8;2022-10-04;0;0;0;0;0;0;0;0;0;0
FR;8;2022-10-05;0;0;0;0;0;0;0;0;0;0
FR;8;2022-10-06;6;8;94;796;65;6;8;94;796;65
FR;8;2022-10-07;67;95;804;7880;681;73;103;898;8676;746
FR;8;2022-10-08;34;111;603;3973;507;107;214;1501;12649;1253
FR;8;2022-10-09;17;21;138;853;124;124;235;1639;13502;1377
FR;8;2022-10-10;98;179;1255;12130;962;222;414;2894;25632;2339
FR;9;2020-12-27;0;0;0;0;0;0;0;0;0;0
FR;9;2020-12-28;0;0;0;0;0;0;0;0;0;0
FR;9;2020-12-29;0;0;0;0;0;0;0;0;0;0
FR;9;2020-12-30;0;0;0;0;0;0;0;0;0;0
FR;9;2020-12-31;0;0;0;0;0;0;0;0;0;0
FR;9;2021-01-01;0;0;0;0;0;0;0;0;0;0
FR;9;2021-01-02;0;0;0;0;0;0;0;0;0;0
FR;9;2021-01-03;0;0;0;0;0;0;0;0;0;0
FR;9;2021-01-04;0;0;0;0;0;0;0;0;0;0
FR;9;2021-01-05;0;0;0;0;0;0;0;0;0;0
FR;9;2021-01-06;0;0;0;0;0;0;0;0;0;0
FR;9;2021-01-07;0;0;0;0;0;0;0;0;0;0
FR;9;2021-01-08;0;0;0;0;0;0;0;0;0;0
FR;9;2021-01-09;0;0;0;0;0;0;0;0;0;0
FR;9;2021-01-10;0;0;0;0;0;0;0;0;0;0
FR;9;2021-01-11;0;0;0;0;0;0;0;0;0;0
FR;9;2021-01-12;0;0;0;0;0;0;0;0;0;0
FR;9;2021-01-13;0;0;0;0;0;0;0;0;0;0
FR;9;2021-01-14;0;0;0;0;0;0;0;0;0;0
FR;9;2021-01-15;0;0;0;0;0;0;0;0;0;0
FR;9;2021-01-16;0;0;0;0;0;0;0;0;0;0
FR;9;2021-01-17;0;0;0;0;0;0;0;0;0;0
FR;9;2021-01-18;0;0;0;0;0;0;0;0;0;0
FR;9;2021-01-19;0;0;0;0;0;0;0;0;0;0
FR;9;2021-01-20;0;0;0;0;0;0;0;0;0;0
FR;9;2021-01-21;0;0;0;0;0;0;0;0;0;0
FR;9;2021-01-22;0;0;0;0;0;0;0;0;0;0
FR;9;2021-01-23;0;0;0;0;0;0;0;0;0;0
FR;9;2021-01-24;0;0;0;0;0;0;0;0;0;0
FR;9;2021-01-25;0;0;0;0;0;0;0;0;0;0
FR;9;2021-01-26;0;0;0;0;0;0;0;0;0;0
FR;9;2021-01-27;0;0;0;0;0;0;0;0;0;0
FR;9;2021-01-28;0;0;0;0;0;0;0;0;0;0
FR;9;2021-01-29;0;0;0;0;0;0;0;0;0;0
FR;9;2021-01-30;0;0;0;0;0;0;0;0;0;0
FR;9;2021-01-31;0;0;0;0;0;0;0;0;0;0
FR;9;2021-02-01;0;0;0;0;0;0;0;0;0;0
FR;9;2021-02-02;0;0;0;0;0;0;0;0;0;0
FR;9;2021-02-03;0;0;0;0;0;0;0;0;0;0
FR;9;2021-02-04;0;0;0;0;0;0;0;0;0;0
FR;9;2021-02-05;0;0;0;0;0;0;0;0;0;0
FR;9;2021-02-06;0;0;0;0;0;0;0;0;0;0
FR;9;2021-02-07;0;0;0;0;0;0;0;0;0;0
FR;9;2021-02-08;0;0;0;0;0;0;0;0;0;0
FR;9;2021-02-09;0;0;0;0;0;0;0;0;0;0
FR;9;2021-02-10;0;0;0;0;0;0;0;0;0;0
FR;9;2021-02-11;0;0;0;0;0;0;0;0;0;0
FR;9;2021-02-12;0;0;0;0;0;0;0;0;0;0
FR;9;2021-02-13;0;0;0;0;0;0;0;0;0;0
FR;9;2021-02-14;0;0;0;0;0;0;0;0;0;0
FR;9;2021-02-15;0;0;0;0;0;0;0;0;0;0
FR;9;2021-02-16;0;0;0;0;0;0;0;0;0;0
FR;9;2021-02-17;0;0;0;0;0;0;0;0;0;0
FR;9;2021-02-18;0;0;0;0;0;0;0;0;0;0
FR;9;2021-02-19;0;0;0;0;0;0;0;0;0;0
FR;9;2021-02-20;0;0;0;0;0;0;0;0;0;0
FR;9;2021-02-21;0;0;0;0;0;0;0;0;0;0
FR;9;2021-02-22;0;0;0;0;0;0;0;0;0;0
FR;9;2021-02-23;0;0;0;0;0;0;0;0;0;0
FR;9;2021-02-24;0;0;0;0;0;0;0;0;0;0
FR;9;2021-02-25;0;0;0;0;0;0;0;0;0;0
FR;9;2021-02-26;0;0;0;0;0;0;0;0;0;0
FR;9;2021-02-27;0;0;0;0;0;0;0;0;0;0
FR;9;2021-02-28;0;0;0;0;0;0;0;0;0;0
FR;9;2021-03-01;0;0;0;0;0;0;0;0;0;0
FR;9;2021-03-02;0;0;0;0;0;0;0;0;0;0
FR;9;2021-03-03;0;0;0;0;0;0;0;0;0;0
FR;9;2021-03-04;0;0;0;0;0;0;0;0;0;0
FR;9;2021-03-05;0;0;0;0;0;0;0;0;0;0
FR;9;2021-03-06;0;0;0;0;0;0;0;0;0;0
FR;9;2021-03-07;0;0;0;0;0;0;0;0;0;0
FR;9;2021-03-08;0;0;0;0;0;0;0;0;0;0
FR;9;2021-03-09;0;0;0;0;0;0;0;0;0;0
FR;9;2021-03-10;0;0;0;0;0;0;0;0;0;0
FR;9;2021-03-11;0;0;0;0;0;0;0;0;0;0
FR;9;2021-03-12;0;0;0;0;0;0;0;0;0;0
FR;9;2021-03-13;0;0;0;0;0;0;0;0;0;0
FR;9;2021-03-14;0;0;0;0;0;0;0;0;0;0
FR;9;2021-03-15;0;0;0;0;0;0;0;0;0;0
FR;9;2021-03-16;0;0;0;0;0;0;0;0;0;0
FR;9;2021-03-17;0;0;0;0;0;0;0;0;0;0
FR;9;2021-03-18;0;0;0;0;0;0;0;0;0;0
FR;9;2021-03-19;0;0;0;0;0;0;0;0;0;0
FR;9;2021-03-20;0;0;0;0;0;0;0;0;0;0
FR;9;2021-03-21;0;0;0;0;0;0;0;0;0;0
FR;9;2021-03-22;0;0;0;0;0;0;0;0;0;0
FR;9;2021-03-23;0;0;0;0;0;0;0;0;0;0
FR;9;2021-03-24;0;0;0;0;0;0;0;0;0;0
FR;9;2021-03-25;0;0;0;0;0;0;0;0;0;0
FR;9;2021-03-26;0;0;0;0;0;0;0;0;0;0
FR;9;2021-03-27;0;0;0;0;0;0;0;0;0;0
FR;9;2021-03-28;0;0;0;0;0;0;0;0;0;0
FR;9;2021-03-29;0;0;0;0;0;0;0;0;0;0
FR;9;2021-03-30;0;0;0;0;0;0;0;0;0;0
FR;9;2021-03-31;0;0;0;0;0;0;0;0;0;0
FR;9;2021-04-01;0;0;0;0;0;0;0;0;0;0
FR;9;2021-04-02;0;0;0;0;0;0;0;0;0;0
FR;9;2021-04-03;0;0;0;0;0;0;0;0;0;0
FR;9;2021-04-04;0;0;0;0;0;0;0;0;0;0
FR;9;2021-04-05;0;0;0;0;0;0;0;0;0;0
FR;9;2021-04-06;0;0;0;0;0;0;0;0;0;0
FR;9;2021-04-07;0;0;0;0;0;0;0;0;0;0
FR;9;2021-04-08;0;0;0;0;0;0;0;0;0;0
FR;9;2021-04-09;0;0;0;0;0;0;0;0;0;0
FR;9;2021-04-10;0;0;0;0;0;0;0;0;0;0
FR;9;2021-04-11;0;0;0;0;0;0;0;0;0;0
FR;9;2021-04-12;0;0;0;0;0;0;0;0;0;0
FR;9;2021-04-13;0;0;0;0;0;0;0;0;0;0
FR;9;2021-04-14;0;0;0;0;0;0;0;0;0;0
FR;9;2021-04-15;0;0;0;0;0;0;0;0;0;0
FR;9;2021-04-16;0;0;0;0;0;0;0;0;0;0
FR;9;2021-04-17;0;0;0;0;0;0;0;0;0;0
FR;9;2021-04-18;0;0;0;0;0;0;0;0;0;0
FR;9;2021-04-19;0;0;0;0;0;0;0;0;0;0
FR;9;2021-04-20;0;0;0;0;0;0;0;0;0;0
FR;9;2021-04-21;0;0;0;0;0;0;0;0;0;0
FR;9;2021-04-22;0;0;0;0;0;0;0;0;0;0
FR;9;2021-04-23;0;0;0;0;0;0;0;0;0;0
FR;9;2021-04-24;0;0;0;0;0;0;0;0;0;0
FR;9;2021-04-25;0;0;0;0;0;0;0;0;0;0
FR;9;2021-04-26;0;0;0;0;0;0;0;0;0;0
FR;9;2021-04-27;0;0;0;0;0;0;0;0;0;0
FR;9;2021-04-28;0;0;0;0;0;0;0;0;0;0
FR;9;2021-04-29;0;0;0;0;0;0;0;0;0;0
FR;9;2021-04-30;0;0;0;0;0;0;0;0;0;0
FR;9;2021-05-01;0;0;0;0;0;0;0;0;0;0
FR;9;2021-05-02;0;0;0;0;0;0;0;0;0;0
FR;9;2021-05-03;0;0;0;0;0;0;0;0;0;0
FR;9;2021-05-04;0;0;0;0;0;0;0;0;0;0
FR;9;2021-05-05;0;0;0;0;0;0;0;0;0;0
FR;9;2021-05-06;0;0;0;0;0;0;0;0;0;0
FR;9;2021-05-07;0;0;0;0;0;0;0;0;0;0
FR;9;2021-05-08;0;0;0;0;0;0;0;0;0;0
FR;9;2021-05-09;0;0;0;0;0;0;0;0;0;0
FR;9;2021-05-10;0;0;0;0;0;0;0;0;0;0
FR;9;2021-05-11;0;0;0;0;0;0;0;0;0;0
FR;9;2021-05-12;0;0;0;0;0;0;0;0;0;0
FR;9;2021-05-13;0;0;0;0;0;0;0;0;0;0
FR;9;2021-05-14;0;0;0;0;0;0;0;0;0;0
FR;9;2021-05-15;0;0;0;0;0;0;0;0;0;0
FR;9;2021-05-16;0;0;0;0;0;0;0;0;0;0
FR;9;2021-05-17;0;0;0;0;0;0;0;0;0;0
FR;9;2021-05-18;0;0;0;0;0;0;0;0;0;0
FR;9;2021-05-19;0;0;0;0;0;0;0;0;0;0
FR;9;2021-05-20;0;0;0;0;0;0;0;0;0;0
FR;9;2021-05-21;0;0;0;0;0;0;0;0;0;0
FR;9;2021-05-22;0;0;0;0;0;0;0;0;0;0
FR;9;2021-05-23;0;0;0;0;0;0;0;0;0;0
FR;9;2021-05-24;0;0;0;0;0;0;0;0;0;0
FR;9;2021-05-25;0;0;0;0;0;0;0;0;0;0
FR;9;2021-05-26;0;0;0;0;0;0;0;0;0;0
FR;9;2021-05-27;0;0;0;0;0;0;0;0;0;0
FR;9;2021-05-28;0;0;0;0;0;0;0;0;0;0
FR;9;2021-05-29;0;0;0;0;0;0;0;0;0;0
FR;9;2021-05-30;0;0;0;0;0;0;0;0;0;0
FR;9;2021-05-31;0;0;0;0;0;0;0;0;0;0
FR;9;2021-06-01;0;0;0;0;0;0;0;0;0;0
FR;9;2021-06-02;0;0;0;0;0;0;0;0;0;0
FR;9;2021-06-03;0;0;0;0;0;0;0;0;0;0
FR;9;2021-06-04;0;0;0;0;0;0;0;0;0;0
FR;9;2021-06-05;0;0;0;0;0;0;0;0;0;0
FR;9;2021-06-06;0;0;0;0;0;0;0;0;0;0
FR;9;2021-06-07;0;0;0;0;0;0;0;0;0;0
FR;9;2021-06-08;0;0;0;0;0;0;0;0;0;0
FR;9;2021-06-09;0;0;0;0;0;0;0;0;0;0
FR;9;2021-06-10;0;0;0;0;0;0;0;0;0;0
FR;9;2021-06-11;0;0;0;0;0;0;0;0;0;0
FR;9;2021-06-12;0;0;0;0;0;0;0;0;0;0
FR;9;2021-06-13;0;0;0;0;0;0;0;0;0;0
FR;9;2021-06-14;0;0;0;0;0;0;0;0;0;0
FR;9;2021-06-15;0;0;0;0;0;0;0;0;0;0
FR;9;2021-06-16;0;0;0;0;0;0;0;0;0;0
FR;9;2021-06-17;0;0;0;0;0;0;0;0;0;0
FR;9;2021-06-18;0;0;0;0;0;0;0;0;0;0
FR;9;2021-06-19;0;0;0;0;0;0;0;0;0;0
FR;9;2021-06-20;0;0;0;0;0;0;0;0;0;0
FR;9;2021-06-21;0;0;0;0;0;0;0;0;0;0
FR;9;2021-06-22;0;0;0;0;0;0;0;0;0;0
FR;9;2021-06-23;0;0;0;0;0;0;0;0;0;0
FR;9;2021-06-24;0;0;0;0;0;0;0;0;0;0
FR;9;2021-06-25;0;0;0;0;0;0;0;0;0;0
FR;9;2021-06-26;0;0;0;0;0;0;0;0;0;0
FR;9;2021-06-27;0;0;0;0;0;0;0;0;0;0
FR;9;2021-06-28;0;0;0;0;0;0;0;0;0;0
FR;9;2021-06-29;0;0;0;0;0;0;0;0;0;0
FR;9;2021-06-30;0;0;0;0;0;0;0;0;0;0
FR;9;2021-07-01;0;0;0;0;0;0;0;0;0;0
FR;9;2021-07-02;0;0;0;0;0;0;0;0;0;0
FR;9;2021-07-03;0;0;0;0;0;0;0;0;0;0
FR;9;2021-07-04;0;0;0;0;0;0;0;0;0;0
FR;9;2021-07-05;0;0;0;0;0;0;0;0;0;0
FR;9;2021-07-06;0;0;0;0;0;0;0;0;0;0
FR;9;2021-07-07;0;0;0;0;0;0;0;0;0;0
FR;9;2021-07-08;0;0;0;0;0;0;0;0;0;0
FR;9;2021-07-09;0;0;0;0;0;0;0;0;0;0
FR;9;2021-07-10;0;0;0;0;0;0;0;0;0;0
FR;9;2021-07-11;0;0;0;0;0;0;0;0;0;0
FR;9;2021-07-12;0;0;0;0;0;0;0;0;0;0
FR;9;2021-07-13;0;0;0;0;0;0;0;0;0;0
FR;9;2021-07-14;0;0;0;0;0;0;0;0;0;0
FR;9;2021-07-15;0;0;0;0;0;0;0;0;0;0
FR;9;2021-07-16;0;0;0;0;0;0;0;0;0;0
FR;9;2021-07-17;0;0;0;0;0;0;0;0;0;0
FR;9;2021-07-18;0;0;0;0;0;0;0;0;0;0
FR;9;2021-07-19;0;0;0;0;0;0;0;0;0;0
FR;9;2021-07-20;0;0;0;0;0;0;0;0;0;0
FR;9;2021-07-21;0;0;0;0;0;0;0;0;0;0
FR;9;2021-07-22;0;0;0;0;0;0;0;0;0;0
FR;9;2021-07-23;0;0;0;0;0;0;0;0;0;0
FR;9;2021-07-24;0;0;0;0;0;0;0;0;0;0
FR;9;2021-07-25;0;0;0;0;0;0;0;0;0;0
FR;9;2021-07-26;0;0;0;0;0;0;0;0;0;0
FR;9;2021-07-27;0;0;0;0;0;0;0;0;0;0
FR;9;2021-07-28;0;0;0;0;0;0;0;0;0;0
FR;9;2021-07-29;0;0;0;0;0;0;0;0;0;0
FR;9;2021-07-30;0;0;0;0;0;0;0;0;0;0
FR;9;2021-07-31;0;0;0;0;0;0;0;0;0;0
FR;9;2021-08-01;0;0;0;0;0;0;0;0;0;0
FR;9;2021-08-02;0;0;0;0;0;0;0;0;0;0
FR;9;2021-08-03;0;0;0;0;0;0;0;0;0;0
FR;9;2021-08-04;0;0;0;0;0;0;0;0;0;0
FR;9;2021-08-05;0;0;0;0;0;0;0;0;0;0
FR;9;2021-08-06;0;0;0;0;0;0;0;0;0;0
FR;9;2021-08-07;0;0;0;0;0;0;0;0;0;0
FR;9;2021-08-08;0;0;0;0;0;0;0;0;0;0
FR;9;2021-08-09;0;0;0;0;0;0;0;0;0;0
FR;9;2021-08-10;0;0;0;0;0;0;0;0;0;0
FR;9;2021-08-11;0;0;0;0;0;0;0;0;0;0
FR;9;2021-08-12;0;0;0;0;0;0;0;0;0;0
FR;9;2021-08-13;0;0;0;0;0;0;0;0;0;0
FR;9;2021-08-14;0;0;0;0;0;0;0;0;0;0
FR;9;2021-08-15;0;0;0;0;0;0;0;0;0;0
FR;9;2021-08-16;0;0;0;0;0;0;0;0;0;0
FR;9;2021-08-17;0;0;0;0;0;0;0;0;0;0
FR;9;2021-08-18;0;0;0;0;0;0;0;0;0;0
FR;9;2021-08-19;0;0;0;0;0;0;0;0;0;0
FR;9;2021-08-20;0;0;0;0;0;0;0;0;0;0
FR;9;2021-08-21;0;0;0;0;0;0;0;0;0;0
FR;9;2021-08-22;0;0;0;0;0;0;0;0;0;0
FR;9;2021-08-23;0;0;0;0;0;0;0;0;0;0
FR;9;2021-08-24;0;0;0;0;0;0;0;0;0;0
FR;9;2021-08-25;0;0;0;0;0;0;0;0;0;0
FR;9;2021-08-26;0;0;0;0;0;0;0;0;0;0
FR;9;2021-08-27;0;0;0;0;0;0;0;0;0;0
FR;9;2021-08-28;0;0;0;0;0;0;0;0;0;0
FR;9;2021-08-29;0;0;0;0;0;0;0;0;0;0
FR;9;2021-08-30;0;0;0;0;0;0;0;0;0;0
FR;9;2021-08-31;0;0;0;0;0;0;0;0;0;0
FR;9;2021-09-01;0;0;0;0;0;0;0;0;0;0
FR;9;2021-09-02;0;0;0;0;0;0;0;0;0;0
FR;9;2021-09-03;0;0;0;0;0;0;0;0;0;0
FR;9;2021-09-04;0;0;0;0;0;0;0;0;0;0
FR;9;2021-09-05;0;0;0;0;0;0;0;0;0;0
FR;9;2021-09-06;0;0;0;0;0;0;0;0;0;0
FR;9;2021-09-07;0;0;0;0;0;0;0;0;0;0
FR;9;2021-09-08;0;0;0;0;0;0;0;0;0;0
FR;9;2021-09-09;0;0;0;0;0;0;0;0;0;0
FR;9;2021-09-10;0;0;0;0;0;0;0;0;0;0
FR;9;2021-09-11;0;0;0;0;0;0;0;0;0;0
FR;9;2021-09-12;0;0;0;0;0;0;0;0;0;0
FR;9;2021-09-13;0;0;0;0;0;0;0;0;0;0
FR;9;2021-09-14;0;0;0;0;0;0;0;0;0;0
FR;9;2021-09-15;0;0;0;0;0;0;0;0;0;0
FR;9;2021-09-16;0;0;0;0;0;0;0;0;0;0
FR;9;2021-09-17;0;0;0;0;0;0;0;0;0;0
FR;9;2021-09-18;0;0;0;0;0;0;0;0;0;0
FR;9;2021-09-19;0;0;0;0;0;0;0;0;0;0
FR;9;2021-09-20;0;0;0;0;0;0;0;0;0;0
FR;9;2021-09-21;0;0;0;0;0;0;0;0;0;0
FR;9;2021-09-22;0;0;0;0;0;0;0;0;0;0
FR;9;2021-09-23;0;0;0;0;0;0;0;0;0;0
FR;9;2021-09-24;0;0;0;0;0;0;0;0;0;0
FR;9;2021-09-25;0;0;0;0;0;0;0;0;0;0
FR;9;2021-09-26;0;0;0;0;0;0;0;0;0;0
FR;9;2021-09-27;0;0;0;0;0;0;0;0;0;0
FR;9;2021-09-28;0;0;0;0;0;0;0;0;0;0
FR;9;2021-09-29;0;0;0;0;0;0;0;0;0;0
FR;9;2021-09-30;0;0;0;0;0;0;0;0;0;0
FR;9;2021-10-01;0;0;0;0;0;0;0;0;0;0
FR;9;2021-10-02;0;0;0;0;0;0;0;0;0;0
FR;9;2021-10-03;0;0;0;0;0;0;0;0;0;0
FR;9;2021-10-04;0;0;0;0;0;0;0;0;0;0
FR;9;2021-10-05;0;0;0;0;0;0;0;0;0;0
FR;9;2021-10-06;0;0;0;0;0;0;0;0;0;0
FR;9;2021-10-07;0;0;0;0;0;0;0;0;0;0
FR;9;2021-10-08;0;0;0;0;0;0;0;0;0;0
FR;9;2021-10-09;0;0;0;0;0;0;0;0;0;0
FR;9;2021-10-10;0;0;0;0;0;0;0;0;0;0
FR;9;2021-10-11;0;0;0;0;0;0;0;0;0;0
FR;9;2021-10-12;0;0;0;0;0;0;0;0;0;0
FR;9;2021-10-13;0;0;0;0;0;0;0;0;0;0
FR;9;2021-10-14;0;0;0;0;0;0;0;0;0;0
FR;9;2021-10-15;0;0;0;0;0;0;0;0;0;0
FR;9;2021-10-16;0;0;0;0;0;0;0;0;0;0
FR;9;2021-10-17;0;0;0;0;0;0;0;0;0;0
FR;9;2021-10-18;0;0;0;0;0;0;0;0;0;0
FR;9;2021-10-19;0;0;0;0;0;0;0;0;0;0
FR;9;2021-10-20;0;0;0;0;0;0;0;0;0;0
FR;9;2021-10-21;0;0;0;0;0;0;0;0;0;0
FR;9;2021-10-22;0;0;0;0;0;0;0;0;0;0
FR;9;2021-10-23;0;0;0;0;0;0;0;0;0;0
FR;9;2021-10-24;0;0;0;0;0;0;0;0;0;0
FR;9;2021-10-25;0;0;0;0;0;0;0;0;0;0
FR;9;2021-10-26;0;0;0;0;0;0;0;0;0;0
FR;9;2021-10-27;0;0;0;0;0;0;0;0;0;0
FR;9;2021-10-28;0;0;0;0;0;0;0;0;0;0
FR;9;2021-10-29;0;0;0;0;0;0;0;0;0;0
FR;9;2021-10-30;0;0;0;0;0;0;0;0;0;0
FR;9;2021-10-31;0;0;0;0;0;0;0;0;0;0
FR;9;2021-11-01;0;0;0;0;0;0;0;0;0;0
FR;9;2021-11-02;0;0;0;0;0;0;0;0;0;0
FR;9;2021-11-03;0;0;0;0;0;0;0;0;0;0
FR;9;2021-11-04;0;0;0;0;0;0;0;0;0;0
FR;9;2021-11-05;0;0;0;0;0;0;0;0;0;0
FR;9;2021-11-06;0;0;0;0;0;0;0;0;0;0
FR;9;2021-11-07;0;0;0;0;0;0;0;0;0;0
FR;9;2021-11-08;0;0;0;0;0;0;0;0;0;0
FR;9;2021-11-09;0;0;0;0;0;0;0;0;0;0
FR;9;2021-11-10;0;0;0;0;0;0;0;0;0;0
FR;9;2021-11-11;0;0;0;0;0;0;0;0;0;0
FR;9;2021-11-12;0;0;0;0;0;0;0;0;0;0
FR;9;2021-11-13;0;0;0;0;0;0;0;0;0;0
FR;9;2021-11-14;0;0;0;0;0;0;0;0;0;0
FR;9;2021-11-15;0;0;0;0;0;0;0;0;0;0
FR;9;2021-11-16;0;0;0;0;0;0;0;0;0;0
FR;9;2021-11-17;0;0;0;0;0;0;0;0;0;0
FR;9;2021-11-18;0;0;0;0;0;0;0;0;0;0
FR;9;2021-11-19;0;0;0;0;0;0;0;0;0;0
FR;9;2021-11-20;0;0;0;0;0;0;0;0;0;0
FR;9;2021-11-21;0;0;0;0;0;0;0;0;0;0
FR;9;2021-11-22;0;0;0;0;0;0;0;0;0;0
FR;9;2021-11-23;0;0;0;0;0;0;0;0;0;0
FR;9;2021-11-24;0;0;0;0;0;0;0;0;0;0
FR;9;2021-11-25;0;0;0;0;0;0;0;0;0;0
FR;9;2021-11-26;0;0;0;0;0;0;0;0;0;0
FR;9;2021-11-27;0;0;0;0;0;0;0;0;0;0
FR;9;2021-11-28;0;0;0;0;0;0;0;0;0;0
FR;9;2021-11-29;0;0;0;0;0;0;0;0;0;0
FR;9;2021-11-30;0;0;0;0;0;0;0;0;0;0
FR;9;2021-12-01;0;0;0;0;0;0;0;0;0;0
FR;9;2021-12-02;0;0;0;0;0;0;0;0;0;0
FR;9;2021-12-03;0;0;0;0;0;0;0;0;0;0
FR;9;2021-12-04;0;0;0;0;0;0;0;0;0;0
FR;9;2021-12-05;0;0;0;0;0;0;0;0;0;0
FR;9;2021-12-06;0;0;0;0;0;0;0;0;0;0
FR;9;2021-12-07;0;0;0;0;0;0;0;0;0;0
FR;9;2021-12-08;0;0;0;0;0;0;0;0;0;0
FR;9;2021-12-09;0;0;0;0;0;0;0;0;0;0
FR;9;2021-12-10;0;0;0;0;0;0;0;0;0;0
FR;9;2021-12-11;0;0;0;0;0;0;0;0;0;0
FR;9;2021-12-12;0;0;0;0;0;0;0;0;0;0
FR;9;2021-12-13;0;0;0;0;0;0;0;0;0;0
FR;9;2021-12-14;0;0;0;0;0;0;0;0;0;0
FR;9;2021-12-15;0;0;0;0;0;0;0;0;0;0
FR;9;2021-12-16;0;0;0;0;0;0;0;0;0;0
FR;9;2021-12-17;0;0;0;0;0;0;0;0;0;0
FR;9;2021-12-18;0;0;0;0;0;0;0;0;0;0
FR;9;2021-12-19;0;0;0;0;0;0;0;0;0;0
FR;9;2021-12-20;0;0;0;0;0;0;0;0;0;0
FR;9;2021-12-21;0;0;0;0;0;0;0;0;0;0
FR;9;2021-12-22;0;0;0;0;0;0;0;0;0;0
FR;9;2021-12-23;0;0;0;0;0;0;0;0;0;0
FR;9;2021-12-24;0;0;0;0;0;0;0;0;0;0
FR;9;2021-12-25;0;0;0;0;0;0;0;0;0;0
FR;9;2021-12-26;0;0;0;0;0;0;0;0;0;0
FR;9;2021-12-27;0;0;0;0;0;0;0;0;0;0
FR;9;2021-12-28;0;0;0;0;0;0;0;0;0;0
FR;9;2021-12-29;0;0;0;0;0;0;0;0;0;0
FR;9;2021-12-30;0;0;0;0;0;0;0;0;0;0
FR;9;2021-12-31;0;0;0;0;0;0;0;0;0;0
FR;9;2022-01-01;0;0;0;0;0;0;0;0;0;0
FR;9;2022-01-02;0;0;0;0;0;0;0;0;0;0
FR;9;2022-01-03;0;0;0;0;0;0;0;0;0;0
FR;9;2022-01-04;0;0;0;0;0;0;0;0;0;0
FR;9;2022-01-05;0;0;0;0;0;0;0;0;0;0
FR;9;2022-01-06;0;0;0;0;0;0;0;0;0;0
FR;9;2022-01-07;0;0;0;0;0;0;0;0;0;0
FR;9;2022-01-08;0;0;0;0;0;0;0;0;0;0
FR;9;2022-01-09;0;0;0;0;0;0;0;0;0;0
FR;9;2022-01-10;0;0;0;0;0;0;0;0;0;0
FR;9;2022-01-11;0;0;0;0;0;0;0;0;0;0
FR;9;2022-01-12;0;0;0;0;0;0;0;0;0;0
FR;9;2022-01-13;0;0;0;0;0;0;0;0;0;0
FR;9;2022-01-14;0;0;0;0;0;0;0;0;0;0
FR;9;2022-01-15;0;0;0;0;0;0;0;0;0;0
FR;9;2022-01-16;0;0;0;0;0;0;0;0;0;0
FR;9;2022-01-17;0;0;0;0;0;0;0;0;0;0
FR;9;2022-01-18;0;0;0;0;0;0;0;0;0;0
FR;9;2022-01-19;0;0;0;0;0;0;0;0;0;0
FR;9;2022-01-20;0;0;0;0;0;0;0;0;0;0
FR;9;2022-01-21;0;0;0;0;0;0;0;0;0;0
FR;9;2022-01-22;0;0;0;0;0;0;0;0;0;0
FR;9;2022-01-23;0;0;0;0;0;0;0;0;0;0
FR;9;2022-01-24;0;0;0;0;0;0;0;0;0;0
FR;9;2022-01-25;0;0;0;0;0;0;0;0;0;0
FR;9;2022-01-26;0;0;0;0;0;0;0;0;0;0
FR;9;2022-01-27;0;0;0;0;0;0;0;0;0;0
FR;9;2022-01-28;0;0;0;0;0;0;0;0;0;0
FR;9;2022-01-29;0;0;0;0;0;0;0;0;0;0
FR;9;2022-01-30;0;0;0;0;0;0;0;0;0;0
FR;9;2022-01-31;0;0;0;0;0;0;0;0;0;0
FR;9;2022-02-01;0;0;0;0;0;0;0;0;0;0
FR;9;2022-02-02;0;0;0;0;0;0;0;0;0;0
FR;9;2022-02-03;0;0;0;0;0;0;0;0;0;0
FR;9;2022-02-04;0;0;0;0;0;0;0;0;0;0
FR;9;2022-02-05;0;0;0;0;0;0;0;0;0;0
FR;9;2022-02-06;0;0;0;0;0;0;0;0;0;0
FR;9;2022-02-07;0;0;0;0;0;0;0;0;0;0
FR;9;2022-02-08;0;0;0;0;0;0;0;0;0;0
FR;9;2022-02-09;0;0;0;0;0;0;0;0;0;0
FR;9;2022-02-10;0;0;0;0;0;0;0;0;0;0
FR;9;2022-02-11;0;0;0;0;0;0;0;0;0;0
FR;9;2022-02-12;0;0;0;0;0;0;0;0;0;0
FR;9;2022-02-13;0;0;0;0;0;0;0;0;0;0
FR;9;2022-02-14;0;0;0;0;0;0;0;0;0;0
FR;9;2022-02-15;0;0;0;0;0;0;0;0;0;0
FR;9;2022-02-16;0;0;0;0;0;0;0;0;0;0
FR;9;2022-02-17;0;0;0;0;0;0;0;0;0;0
FR;9;2022-02-18;0;0;0;0;0;0;0;0;0;0
FR;9;2022-02-19;0;0;0;0;0;0;0;0;0;0
FR;9;2022-02-20;0;0;0;0;0;0;0;0;0;0
FR;9;2022-02-21;0;0;0;0;0;0;0;0;0;0
FR;9;2022-02-22;0;0;0;0;0;0;0;0;0;0
FR;9;2022-02-23;0;0;0;0;0;0;0;0;0;0
FR;9;2022-02-24;0;0;0;0;0;0;0;0;0;0
FR;9;2022-02-25;0;0;0;0;0;0;0;0;0;0
FR;9;2022-02-26;0;0;0;0;0;0;0;0;0;0
FR;9;2022-02-27;0;0;0;0;0;0;0;0;0;0
FR;9;2022-02-28;0;0;0;0;0;0;0;0;0;0
FR;9;2022-03-01;0;0;0;0;0;0;0;0;0;0
FR;9;2022-03-02;0;0;0;0;0;0;0;0;0;0
FR;9;2022-03-03;0;0;0;0;0;0;0;0;0;0
FR;9;2022-03-04;0;0;0;0;0;0;0;0;0;0
FR;9;2022-03-05;0;0;0;0;0;0;0;0;0;0
FR;9;2022-03-06;0;0;0;0;0;0;0;0;0;0
FR;9;2022-03-07;0;0;0;0;0;0;0;0;0;0
FR;9;2022-03-08;0;0;0;0;0;0;0;0;0;0
FR;9;2022-03-09;0;0;0;0;0;0;0;0;0;0
FR;9;2022-03-10;0;0;0;0;0;0;0;0;0;0
FR;9;2022-03-11;0;0;0;0;0;0;0;0;0;0
FR;9;2022-03-12;0;0;0;0;0;0;0;0;0;0
FR;9;2022-03-13;0;0;0;0;0;0;0;0;0;0
FR;9;2022-03-14;0;0;0;0;0;0;0;0;0;0
FR;9;2022-03-15;0;0;0;0;0;0;0;0;0;0
FR;9;2022-03-16;0;0;0;0;0;0;0;0;0;0
FR;9;2022-03-17;0;0;0;0;0;0;0;0;0;0
FR;9;2022-03-18;0;0;0;0;0;0;0;0;0;0
FR;9;2022-03-19;0;0;0;0;0;0;0;0;0;0
FR;9;2022-03-20;0;0;0;0;0;0;0;0;0;0
FR;9;2022-03-21;0;0;0;0;0;0;0;0;0;0
FR;9;2022-03-22;0;0;0;0;0;0;0;0;0;0
FR;9;2022-03-23;0;0;0;0;0;0;0;0;0;0
FR;9;2022-03-24;0;0;0;0;0;0;0;0;0;0
FR;9;2022-03-25;0;0;0;0;0;0;0;0;0;0
FR;9;2022-03-26;0;0;0;0;0;0;0;0;0;0
FR;9;2022-03-27;0;0;0;0;0;0;0;0;0;0
FR;9;2022-03-28;0;0;0;0;0;0;0;0;0;0
FR;9;2022-03-29;0;0;0;0;0;0;0;0;0;0
FR;9;2022-03-30;0;0;0;0;0;0;0;0;0;0
FR;9;2022-03-31;0;0;0;0;0;0;0;0;0;0
FR;9;2022-04-01;0;0;0;0;0;0;0;0;0;0
FR;9;2022-04-02;0;0;0;0;0;0;0;0;0;0
FR;9;2022-04-03;0;0;0;0;0;0;0;0;0;0
FR;9;2022-04-04;0;0;0;0;0;0;0;0;0;0
FR;9;2022-04-05;0;0;0;0;0;0;0;0;0;0
FR;9;2022-04-06;0;0;0;0;0;0;0;0;0;0
FR;9;2022-04-07;0;0;0;0;0;0;0;0;0;0
FR;9;2022-04-08;0;0;0;0;0;0;0;0;0;0
FR;9;2022-04-09;0;0;0;0;0;0;0;0;0;0
FR;9;2022-04-10;0;0;0;0;0;0;0;0;0;0
FR;9;2022-04-11;0;0;0;0;0;0;0;0;0;0
FR;9;2022-04-12;0;0;0;0;0;0;0;0;0;0
FR;9;2022-04-13;0;0;0;0;0;0;0;0;0;0
FR;9;2022-04-14;0;0;0;0;0;0;0;0;0;0
FR;9;2022-04-15;0;0;0;0;0;0;0;0;0;0
FR;9;2022-04-16;0;0;0;0;0;0;0;0;0;0
FR;9;2022-04-17;0;0;0;0;0;0;0;0;0;0
FR;9;2022-04-18;0;0;0;0;0;0;0;0;0;0
FR;9;2022-04-19;0;0;0;0;0;0;0;0;0;0
FR;9;2022-04-20;0;0;0;0;0;0;0;0;0;0
FR;9;2022-04-21;0;0;0;0;0;0;0;0;0;0
FR;9;2022-04-22;0;0;0;0;0;0;0;0;0;0
FR;9;2022-04-23;0;0;0;0;0;0;0;0;0;0
FR;9;2022-04-24;0;0;0;0;0;0;0;0;0;0
FR;9;2022-04-25;0;0;0;0;0;0;0;0;0;0
FR;9;2022-04-26;0;0;0;0;0;0;0;0;0;0
FR;9;2022-04-27;0;0;0;0;0;0;0;0;0;0
FR;9;2022-04-28;0;0;0;0;0;0;0;0;0;0
FR;9;2022-04-29;0;0;0;0;0;0;0;0;0;0
FR;9;2022-04-30;0;0;0;0;0;0;0;0;0;0
FR;9;2022-05-01;0;0;0;0;0;0;0;0;0;0
FR;9;2022-05-02;0;0;0;0;0;0;0;0;0;0
FR;9;2022-05-03;0;0;0;0;0;0;0;0;0;0
FR;9;2022-05-04;0;0;0;0;0;0;0;0;0;0
FR;9;2022-05-05;0;0;0;0;0;0;0;0;0;0
FR;9;2022-05-06;0;0;0;0;0;0;0;0;0;0
FR;9;2022-05-07;0;0;0;0;0;0;0;0;0;0
FR;9;2022-05-08;0;0;0;0;0;0;0;0;0;0
FR;9;2022-05-09;0;0;0;0;0;0;0;0;0;0
FR;9;2022-05-10;0;0;0;0;0;0;0;0;0;0
FR;9;2022-05-11;0;0;0;0;0;0;0;0;0;0
FR;9;2022-05-12;0;0;0;0;0;0;0;0;0;0
FR;9;2022-05-13;0;0;0;0;0;0;0;0;0;0
FR;9;2022-05-14;0;0;0;0;0;0;0;0;0;0
FR;9;2022-05-15;0;0;0;0;0;0;0;0;0;0
FR;9;2022-05-16;0;0;0;0;0;0;0;0;0;0
FR;9;2022-05-17;0;0;0;0;0;0;0;0;0;0
FR;9;2022-05-18;0;0;0;0;0;0;0;0;0;0
FR;9;2022-05-19;0;0;0;0;0;0;0;0;0;0
FR;9;2022-05-20;0;0;0;0;0;0;0;0;0;0
FR;9;2022-05-21;0;0;0;0;0;0;0;0;0;0
FR;9;2022-05-22;0;0;0;0;0;0;0;0;0;0
FR;9;2022-05-23;0;0;0;0;0;0;0;0;0;0
FR;9;2022-05-24;0;0;0;0;0;0;0;0;0;0
FR;9;2022-05-25;0;0;0;0;0;0;0;0;0;0
FR;9;2022-05-26;0;0;0;0;0;0;0;0;0;0
FR;9;2022-05-27;0;0;0;0;0;0;0;0;0;0
FR;9;2022-05-28;0;0;0;0;0;0;0;0;0;0
FR;9;2022-05-29;0;0;0;0;0;0;0;0;0;0
FR;9;2022-05-30;0;0;0;0;0;0;0;0;0;0
FR;9;2022-05-31;0;0;0;0;0;0;0;0;0;0
FR;9;2022-06-01;0;0;0;0;0;0;0;0;0;0
FR;9;2022-06-02;0;0;0;0;0;0;0;0;0;0
FR;9;2022-06-03;0;0;0;0;0;0;0;0;0;0
FR;9;2022-06-04;0;0;0;0;0;0;0;0;0;0
FR;9;2022-06-05;0;0;0;0;0;0;0;0;0;0
FR;9;2022-06-06;0;0;0;0;0;0;0;0;0;0
FR;9;2022-06-07;0;0;0;0;0;0;0;0;0;0
FR;9;2022-06-08;0;0;0;0;0;0;0;0;0;0
FR;9;2022-06-09;0;0;0;0;0;0;0;0;0;0
FR;9;2022-06-10;0;0;0;0;0;0;0;0;0;0
FR;9;2022-06-11;0;0;0;0;0;0;0;0;0;0
FR;9;2022-06-12;0;0;0;0;0;0;0;0;0;0
FR;9;2022-06-13;0;0;0;0;0;0;0;0;0;0
FR;9;2022-06-14;0;0;0;0;0;0;0;0;0;0
FR;9;2022-06-15;0;0;0;0;0;0;0;0;0;0
FR;9;2022-06-16;0;0;0;0;0;0;0;0;0;0
FR;9;2022-06-17;0;0;0;0;0;0;0;0;0;0
FR;9;2022-06-18;0;0;0;0;0;0;0;0;0;0
FR;9;2022-06-19;0;0;0;0;0;0;0;0;0;0
FR;9;2022-06-20;0;0;0;0;0;0;0;0;0;0
FR;9;2022-06-21;0;0;0;0;0;0;0;0;0;0
FR;9;2022-06-22;0;0;0;0;0;0;0;0;0;0
FR;9;2022-06-23;0;0;0;0;0;0;0;0;0;0
FR;9;2022-06-24;0;0;0;0;0;0;0;0;0;0
FR;9;2022-06-25;0;0;0;0;0;0;0;0;0;0
FR;9;2022-06-26;0;0;0;0;0;0;0;0;0;0
FR;9;2022-06-27;0;0;0;0;0;0;0;0;0;0
FR;9;2022-06-28;0;0;0;0;0;0;0;0;0;0
FR;9;2022-06-29;0;0;0;0;0;0;0;0;0;0
FR;9;2022-06-30;0;0;0;0;0;0;0;0;0;0
FR;9;2022-07-01;0;0;0;0;0;0;0;0;0;0
FR;9;2022-07-02;0;0;0;0;0;0;0;0;0;0
FR;9;2022-07-03;0;0;0;0;0;0;0;0;0;0
FR;9;2022-07-04;0;0;0;0;0;0;0;0;0;0
FR;9;2022-07-05;0;0;0;0;0;0;0;0;0;0
FR;9;2022-07-06;0;0;0;0;0;0;0;0;0;0
FR;9;2022-07-07;0;0;0;0;0;0;0;0;0;0
FR;9;2022-07-08;0;0;0;0;0;0;0;0;0;0
FR;9;2022-07-09;0;0;0;0;0;0;0;0;0;0
FR;9;2022-07-10;0;0;0;0;0;0;0;0;0;0
FR;9;2022-07-11;0;0;0;0;0;0;0;0;0;0
FR;9;2022-07-12;0;0;0;0;0;0;0;0;0;0
FR;9;2022-07-13;0;0;0;0;0;0;0;0;0;0
FR;9;2022-07-14;0;0;0;0;0;0;0;0;0;0
FR;9;2022-07-15;0;0;0;0;0;0;0;0;0;0
FR;9;2022-07-16;0;0;0;0;0;0;0;0;0;0
FR;9;2022-07-17;0;0;0;0;0;0;0;0;0;0
FR;9;2022-07-18;0;0;0;0;0;0;0;0;0;0
FR;9;2022-07-19;0;0;0;0;0;0;0;0;0;0
FR;9;2022-07-20;0;0;0;0;0;0;0;0;0;0
FR;9;2022-07-21;0;0;0;0;0;0;0;0;0;0
FR;9;2022-07-22;0;0;0;0;0;0;0;0;0;0
FR;9;2022-07-23;0;0;0;0;0;0;0;0;0;0
FR;9;2022-07-24;0;0;0;0;0;0;0;0;0;0
FR;9;2022-07-25;0;0;0;0;0;0;0;0;0;0
FR;9;2022-07-26;0;0;0;0;0;0;0;0;0;0
FR;9;2022-07-27;0;0;0;0;0;0;0;0;0;0
FR;9;2022-07-28;0;0;0;0;0;0;0;0;0;0
FR;9;2022-07-29;0;0;0;0;0;0;0;0;0;0
FR;9;2022-07-30;0;0;0;0;0;0;0;0;0;0
FR;9;2022-07-31;0;0;0;0;0;0;0;0;0;0
FR;9;2022-08-01;0;0;0;0;0;0;0;0;0;0
FR;9;2022-08-02;0;0;0;0;0;0;0;0;0;0
FR;9;2022-08-03;0;0;0;0;0;0;0;0;0;0
FR;9;2022-08-04;0;0;0;0;0;0;0;0;0;0
FR;9;2022-08-05;0;0;0;0;0;0;0;0;0;0
FR;9;2022-08-06;0;0;0;0;0;0;0;0;0;0
FR;9;2022-08-07;0;0;0;0;0;0;0;0;0;0
FR;9;2022-08-08;0;0;0;0;0;0;0;0;0;0
FR;9;2022-08-09;0;0;0;0;0;0;0;0;0;0
FR;9;2022-08-10;0;0;0;0;0;0;0;0;0;0
FR;9;2022-08-11;0;0;0;0;0;0;0;0;0;0
FR;9;2022-08-12;0;0;0;0;0;0;0;0;0;0
FR;9;2022-08-13;0;0;0;0;0;0;0;0;0;0
FR;9;2022-08-14;0;0;0;0;0;0;0;0;0;0
FR;9;2022-08-15;0;0;0;0;0;0;0;0;0;0
FR;9;2022-08-16;0;0;0;0;0;0;0;0;0;0
FR;9;2022-08-17;0;0;0;0;0;0;0;0;0;0
FR;9;2022-08-18;0;0;0;0;0;0;0;0;0;0
FR;9;2022-08-19;0;0;0;0;0;0;0;0;0;0
FR;9;2022-08-20;0;0;0;0;0;0;0;0;0;0
FR;9;2022-08-21;0;0;0;0;0;0;0;0;0;0
FR;9;2022-08-22;0;0;0;0;0;0;0;0;0;0
FR;9;2022-08-23;0;0;0;0;0;0;0;0;0;0
FR;9;2022-08-24;0;0;0;0;0;0;0;0;0;0
FR;9;2022-08-25;0;0;0;0;0;0;0;0;0;0
FR;9;2022-08-26;0;0;0;0;0;0;0;0;0;0
FR;9;2022-08-27;0;0;0;0;0;0;0;0;0;0
FR;9;2022-08-28;0;0;0;0;0;0;0;0;0;0
FR;9;2022-08-29;0;0;0;0;0;0;0;0;0;0
FR;9;2022-08-30;0;0;0;0;0;0;0;0;0;0
FR;9;2022-08-31;0;0;0;0;0;0;0;0;0;0
FR;9;2022-09-01;0;0;0;0;0;0;0;0;0;0
FR;9;2022-09-02;0;0;0;0;0;0;0;0;0;0
FR;9;2022-09-03;0;0;0;0;0;0;0;0;0;0
FR;9;2022-09-04;0;0;0;0;0;0;0;0;0;0
FR;9;2022-09-05;0;0;0;0;0;0;0;0;0;0
FR;9;2022-09-06;0;0;0;0;0;0;0;0;0;0
FR;9;2022-09-07;0;0;0;0;0;0;0;0;0;0
FR;9;2022-09-08;0;0;0;0;0;0;0;0;0;0
FR;9;2022-09-09;0;0;0;0;0;0;0;0;0;0
FR;9;2022-09-10;0;0;0;0;0;0;0;0;0;0
FR;9;2022-09-11;0;0;0;0;0;0;0;0;0;0
FR;9;2022-09-12;0;0;0;0;0;0;0;0;0;0
FR;9;2022-09-13;0;0;0;0;0;0;0;0;0;0
FR;9;2022-09-14;0;0;0;0;0;0;0;0;0;0
FR;9;2022-09-15;0;0;0;0;0;0;0;0;0;0
FR;9;2022-09-16;0;0;0;0;0;0;0;0;0;0
FR;9;2022-09-17;0;0;0;0;0;0;0;0;0;0
FR;9;2022-09-18;0;0;0;0;0;0;0;0;0;0
FR;9;2022-09-19;0;0;0;0;0;0;0;0;0;0
FR;9;2022-09-20;0;0;0;0;0;0;0;0;0;0
FR;9;2022-09-21;0;0;0;0;0;0;0;0;0;0
FR;9;2022-09-22;0;0;0;0;0;0;0;0;0;0
FR;9;2022-09-23;0;0;0;0;0;0;0;0;0;0
FR;9;2022-09-24;0;0;0;0;0;0;0;0;0;0
FR;9;2022-09-25;0;0;0;0;0;0;0;0;0;0
FR;9;2022-09-26;0;0;0;0;0;0;0;0;0;0
FR;9;2022-09-27;0;0;0;0;0;0;0;0;0;0
FR;9;2022-09-28;0;0;0;0;0;0;0;0;0;0
FR;9;2022-09-29;1;0;8;31;5;1;0;8;31;5
FR;9;2022-09-30;4;12;60;600;47;5;12;68;631;52
FR;9;2022-10-01;9;1;40;324;25;14;13;108;955;77
FR;9;2022-10-02;1;0;5;50;3;15;13;113;1005;80
FR;9;2022-10-03;10;16;149;1705;128;25;29;262;2710;208
FR;9;2022-10-04;19;48;353;3938;227;44;77;615;6648;435
FR;9;2022-10-05;28;18;266;2982;195;72;95;881;9630;630
FR;9;2022-10-06;22;33;395;4567;295;94;128;1276;14197;925
FR;9;2022-10-07;27;49;492;5659;381;121;177;1768;19856;1306
FR;9;2022-10-08;10;16;126;1063;82;131;193;1894;20919;1388
FR;9;2022-10-09;1;7;22;192;29;132;200;1916;21111;1417
FR;9;2022-10-10;10;23;200;2497;171;142;223;2116;23608;1588
FR;0;2020-12-27;610;0;0;0;0;610;0;0;0;0
FR;0;2020-12-28;686;1;0;0;0;1296;1;0;0;0
FR;0;2020-12-29;384;0;0;0;0;1680;1;0;0;0
FR;0;2020-12-30;444;0;0;0;0;2124;1;0;0;0
FR;0;2020-12-31;444;1;0;0;0;2568;2;0;0;0
FR;0;2021-01-01;1159;2;0;0;0;3727;4;0;0;0
FR;0;2021-01-02;365;3;0;0;0;4092;7;0;0;0
FR;0;2021-01-03;405;0;0;0;0;4497;7;0;0;0
FR;0;2021-01-04;2115;4;0;0;0;6612;11;0;0;0
FR;0;2021-01-05;7755;3;0;0;0;14367;14;0;0;0
FR;0;2021-01-06;12457;17;0;0;0;26824;31;0;0;0
FR;0;2021-01-07;29468;17;0;0;0;56292;48;0;0;0
FR;0;2021-01-08;37151;18;0;0;0;93443;66;0;0;0
FR;0;2021-01-09;11212;8;0;0;0;104655;74;0;0;0
FR;0;2021-01-10;6008;7;0;0;0;110663;81;0;0;0
FR;0;2021-01-11;39940;26;0;0;0;150603;107;0;0;0
FR;0;2021-01-12;62144;20;0;0;0;212747;127;0;0;0
FR;0;2021-01-13;65123;46;0;0;0;277870;173;0;0;0
FR;0;2021-01-14;83117;163;0;0;0;360987;336;0;0;0
FR;0;2021-01-15;69011;66;0;0;0;429998;402;0;0;0
FR;0;2021-01-16;20217;72;0;0;0;450215;474;0;0;0
FR;0;2021-01-17;10986;50;0;0;0;461201;524;0;0;0
FR;0;2021-01-18;85907;172;0;0;0;547108;696;0;0;0
FR;0;2021-01-19;130603;189;0;0;0;677711;885;0;0;0
FR;0;2021-01-20;137555;188;0;0;0;815266;1073;0;0;0
FR;0;2021-01-21;158407;184;0;0;0;973673;1257;0;0;0
FR;0;2021-01-22;121067;235;0;0;0;1094740;1492;0;0;0
FR;0;2021-01-23;38482;70;0;0;0;1133222;1562;0;0;0
FR;0;2021-01-24;9745;102;0;0;0;1142967;1664;0;0;0
FR;0;2021-01-25;78241;1349;0;0;0;1221208;3013;0;0;0
FR;0;2021-01-26;100378;3519;1;0;0;1321586;6532;1;0;0
FR;0;2021-01-27;107249;6170;0;0;0;1428835;12702;1;0;0
FR;0;2021-01-28;124363;15754;0;0;0;1553198;28456;1;0;0
FR;0;2021-01-29;92188;18264;0;0;0;1645386;46720;1;0;0
FR;0;2021-01-30;29123;4422;0;0;0;1674509;51142;1;0;0
FR;0;2021-01-31;5235;1824;0;0;0;1679744;52966;1;0;0
FR;0;2021-02-01;53133;22161;0;0;0;1732877;75127;1;0;0
FR;0;2021-02-02;72314;37051;0;0;0;1805191;112178;1;0;0
FR;0;2021-02-03;72307;39176;0;0;0;1877498;151354;1;0;0
FR;0;2021-02-04;82080;53392;0;0;0;1959578;204746;1;0;0
FR;0;2021-02-05;68237;46981;0;0;0;2027815;251727;1;0;0
FR;0;2021-02-06;23023;11127;0;0;0;2050838;262854;1;0;0
FR;0;2021-02-07;5191;5717;0;0;0;2056029;268571;1;0;0
FR;0;2021-02-08;46842;47879;0;0;0;2102871;316450;1;0;0
FR;0;2021-02-09;66014;76566;0;0;0;2168885;393016;1;0;0
FR;0;2021-02-10;71020;81320;0;0;0;2239905;474336;1;0;0
FR;0;2021-02-11;87282;103848;0;0;0;2327187;578184;1;0;0
FR;0;2021-02-12;79328;75429;0;0;0;2406515;653613;1;0;0
FR;0;2021-02-13;22381;19535;0;0;0;2428896;673148;1;0;0
FR;0;2021-02-14;5077;7356;0;0;0;2433973;680504;1;0;0
FR;0;2021-02-15;38108;76752;0;0;0;2472081;757256;1;0;0
FR;0;2021-02-16;50398;100405;0;0;0;2522479;857661;1;0;0
FR;0;2021-02-17;50540;105991;20;0;0;2573019;963652;21;0;0
FR;0;2021-02-18;69789;122439;0;0;0;2642808;1086091;21;0;0
FR;0;2021-02-19;65070;91699;1;0;0;2707878;1177790;22;0;0
FR;0;2021-02-20;18592;28677;0;0;0;2726470;1206467;22;0;0
FR;0;2021-02-21;3323;6177;0;0;0;2729793;1212644;22;0;0
FR;0;2021-02-22;37499;73208;2;0;0;2767292;1285852;24;0;0
FR;0;2021-02-23;53782;85160;1;0;0;2821074;1371012;25;0;0
FR;0;2021-02-24;60018;82496;1;0;0;2881092;1453508;26;0;0
FR;0;2021-02-25;100582;91446;1;0;0;2981674;1544954;27;0;0
FR;0;2021-02-26;113472;70779;1;0;0;3095146;1615733;28;0;0
FR;0;2021-02-27;52109;22281;1;0;0;3147255;1638014;29;0;0
FR;0;2021-02-28;6202;4200;2;0;0;3153457;1642214;31;0;0
FR;0;2021-03-01;65901;53851;1;0;0;3219358;1696065;32;0;0
FR;0;2021-03-02;101386;67034;3;0;0;3320744;1763099;35;0;0
FR;0;2021-03-03;116531;65536;0;0;0;3437275;1828635;35;0;0
FR;0;2021-03-04;163630;71760;3;0;0;3600905;1900395;38;0;0
FR;0;2021-03-05;200932;62845;3;0;0;3801837;1963240;41;0;0
FR;0;2021-03-06;207964;17560;3;0;0;4009801;1980800;44;0;0
FR;0;2021-03-07;121276;4456;1;0;0;4131077;1985256;45;0;0
FR;0;2021-03-08;107158;49885;2;0;0;4238235;2035141;47;0;0
FR;0;2021-03-09;172461;56321;2;0;0;4410696;2091462;49;0;0
FR;0;2021-03-10;179008;57184;5;0;0;4589704;2148646;54;0;0
FR;0;2021-03-11;242903;63901;2;0;0;4832607;2212547;56;0;0
FR;0;2021-03-12;294826;53443;1;0;0;5127433;2265990;57;0;0
FR;0;2021-03-13;231417;15270;1;0;0;5358850;2281260;58;0;0
FR;0;2021-03-14;63354;3160;1;0;0;5422204;2284420;59;0;0
FR;0;2021-03-15;158667;31866;3;0;0;5580871;2316286;62;0;0
FR;0;2021-03-16;141569;39058;6;0;0;5722440;2355344;68;0;0
FR;0;2021-03-17;150494;37826;4;0;0;5872934;2393170;72;0;0
FR;0;2021-03-18;167844;44445;5;0;0;6040778;2437615;77;0;0
FR;0;2021-03-19;230019;36950;2;0;0;6270797;2474565;79;0;0
FR;0;2021-03-20;166697;11465;1;0;0;6437494;2486030;80;0;0
FR;0;2021-03-21;49945;2271;1;0;0;6487439;2488301;81;0;0
FR;0;2021-03-22;170061;33724;2;0;0;6657500;2522025;83;0;0
FR;0;2021-03-23;250397;42402;1;0;0;6907897;2564427;84;0;0
FR;0;2021-03-24;256911;43577;0;0;0;7164808;2608004;84;0;0
FR;0;2021-03-25;341818;45095;5;0;0;7506626;2653099;89;0;0
FR;0;2021-03-26;358807;41869;5;1;0;7865433;2694968;94;1;0
FR;0;2021-03-27;195264;16879;1;0;0;8060697;2711847;95;1;0
FR;0;2021-03-28;59346;4406;3;0;0;8120043;2716253;98;1;0
FR;0;2021-03-29;202986;53639;4;0;0;8323029;2769892;102;1;0
FR;0;2021-03-30;285488;69910;5;0;0;8608517;2839802;107;1;0
FR;0;2021-03-31;263045;73690;4;0;0;8871562;2913492;111;1;0
FR;0;2021-04-01;315509;91552;11;0;0;9187071;3005044;122;1;0
FR;0;2021-04-02;281350;94041;7;0;0;9468421;3099085;129;1;0
FR;0;2021-04-03;141079;62321;6;0;0;9609500;3161406;135;1;0
FR;0;2021-04-04;46532;18931;2;0;0;9656032;3180337;137;1;0
FR;0;2021-04-05;63346;10588;11;0;0;9719378;3190925;148;1;0
FR;0;2021-04-06;217230;111595;17;0;0;9936608;3302520;165;1;0
FR;0;2021-04-07;260265;115328;17;0;0;10196873;3417848;182;1;0
FR;0;2021-04-08;337844;122532;14;0;0;10534717;3540380;196;1;0
FR;0;2021-04-09;410166;116650;49;0;0;10944883;3657030;245;1;0
FR;0;2021-04-10;212627;82787;15;0;0;11157510;3739817;260;1;0
FR;0;2021-04-11;56149;34245;7;0;0;11213659;3774062;267;1;0
FR;0;2021-04-12;237083;115651;46;0;0;11450742;3889713;313;1;0
FR;0;2021-04-13;309498;144321;98;1;0;11760240;4034034;411;2;0
FR;0;2021-04-14;294539;139561;215;0;0;12054779;4173595;626;2;0
FR;0;2021-04-15;337116;149681;339;0;0;12391895;4323276;965;2;0
FR;0;2021-04-16;339300;146451;354;0;0;12731195;4469727;1319;2;0
FR;0;2021-04-17;188664;90005;109;0;0;12919859;4559732;1428;2;0
FR;0;2021-04-18;51620;35416;47;0;0;12971479;4595148;1475;2;0
FR;0;2021-04-19;205705;138203;456;0;0;13177184;4733351;1931;2;0
FR;0;2021-04-20;254429;171456;569;0;0;13431613;4904807;2500;2;0
FR;0;2021-04-21;253277;169550;835;0;0;13684890;5074357;3335;2;0
FR;0;2021-04-22;287569;189680;818;0;0;13972459;5264037;4153;2;0
FR;0;2021-04-23;297799;184025;747;0;0;14270258;5448062;4900;2;0
FR;0;2021-04-24;190455;111804;252;0;0;14460713;5559866;5152;2;0
FR;0;2021-04-25;69560;38796;51;0;0;14530273;5598662;5203;2;0
FR;0;2021-04-26;220967;157548;563;0;0;14751240;5756210;5766;2;0
FR;0;2021-04-27;284614;187729;940;0;0;15035854;5943939;6706;2;0
FR;0;2021-04-28;299509;184043;1426;1;1;15335363;6127982;8132;3;1
FR;0;2021-04-29;357138;197402;1278;0;0;15692501;6325384;9410;3;1
FR;0;2021-04-30;372227;185489;1121;1;0;16064728;6510873;10531;4;1
FR;0;2021-05-01;167645;52491;179;0;0;16232373;6563364;10710;4;1
FR;0;2021-05-02;91748;37802;83;0;0;16324121;6601166;10793;4;1
FR;0;2021-05-03;288931;166890;843;0;0;16613052;6768056;11636;4;1
FR;0;2021-05-04;315681;225042;1233;0;0;16928733;6993098;12869;4;1
FR;0;2021-05-05;327202;225768;1315;0;0;17255935;7218866;14184;4;1
FR;0;2021-05-06;379523;240358;1633;0;0;17635458;7459224;15817;4;1
FR;0;2021-05-07;372762;258045;1223;0;0;18008220;7717269;17040;4;1
FR;0;2021-05-08;222166;69853;299;0;0;18230386;7787122;17339;4;1
FR;0;2021-05-09;129704;45364;243;0;0;18360090;7832486;17582;4;1
FR;0;2021-05-10;313388;229251;1236;0;0;18673478;8061737;18818;4;1
FR;0;2021-05-11;403913;258032;1566;0;0;19077391;8319769;20384;4;1
FR;0;2021-05-12;434122;233494;1542;0;0;19511513;8553263;21926;4;1
FR;0;2021-05-13;338609;56640;432;0;0;19850122;8609903;22358;4;1
FR;0;2021-05-14;454137;167416;1126;0;0;20304259;8777319;23484;4;1
FR;0;2021-05-15;374979;94227;443;0;0;20679238;8871546;23927;4;1
FR;0;2021-05-16;202756;20715;168;0;0;20881994;8892261;24095;4;1
FR;0;2021-05-17;376123;148731;1555;0;0;21258117;9040992;25650;4;1
FR;0;2021-05-18;460153;153693;1990;0;0;21718270;9194685;27640;4;1
FR;0;2021-05-19;467412;143516;2463;0;0;22185682;9338201;30103;4;1
FR;0;2021-05-20;507537;160316;2339;0;0;22693219;9498517;32442;4;1
FR;0;2021-05-21;489670;174893;1996;0;0;23182889;9673410;34438;4;1
FR;0;2021-05-22;347193;80066;668;0;0;23530082;9753476;35106;4;1
FR;0;2021-05-23;161691;14265;246;0;0;23691773;9767741;35352;4;1
FR;0;2021-05-24;263193;33143;604;0;0;23954966;9800884;35956;4;1
FR;0;2021-05-25;400276;189977;2354;1;0;24355242;9990861;38310;5;1
FR;0;2021-05-26;413459;189974;2224;0;0;24768701;10180835;40534;5;1
FR;0;2021-05-27;449813;219467;2162;0;0;25218514;10400302;42696;5;1
FR;0;2021-05-28;429554;260381;1893;0;0;25648068;10660683;44589;5;1
FR;0;2021-05-29;298983;150002;585;0;0;25947051;10810685;45174;5;1
FR;0;2021-05-30;107143;32546;163;0;0;26054194;10843231;45337;5;1
FR;0;2021-05-31;358041;203334;1469;1;1;26412235;11046565;46806;6;2
FR;0;2021-06-01;431028;251365;1962;1;1;26843263;11297930;48768;7;3
FR;0;2021-06-02;420117;231781;1984;0;0;27263380;11529711;50752;7;3
FR;0;2021-06-03;465620;257958;1823;0;0;27729000;11787669;52575;7;3
FR;0;2021-06-04;456254;305392;1734;1;1;28185254;12093061;54309;8;4
FR;0;2021-06-05;304807;189283;652;0;0;28490061;12282344;54961;8;4
FR;0;2021-06-06;133311;49046;226;0;0;28623372;12331390;55187;8;4
FR;0;2021-06-07;339987;261637;1526;0;0;28963359;12593027;56713;8;4
FR;0;2021-06-08;393885;291127;1803;0;0;29357244;12884154;58516;8;4
FR;0;2021-06-09;384875;274616;1732;0;0;29742119;13158770;60248;8;4
FR;0;2021-06-10;404189;288145;1724;1;0;30146308;13446915;61972;9;4
FR;0;2021-06-11;386661;356729;1467;1;0;30532969;13803644;63439;10;4
FR;0;2021-06-12;283266;211096;495;0;0;30816235;14014740;63934;10;4
FR;0;2021-06-13;104887;73860;204;0;0;30921122;14088600;64138;10;4
FR;0;2021-06-14;240839;354630;1427;1;0;31161961;14443230;65565;11;4
FR;0;2021-06-15;308167;384956;1571;1;0;31470128;14828186;67136;12;4
FR;0;2021-06-16;313979;357548;1418;1;0;31784107;15185734;68554;13;4
FR;0;2021-06-17;317693;372823;1427;1;0;32101800;15558557;69981;14;4
FR;0;2021-06-18;321749;442622;1338;1;0;32423549;16001179;71319;15;4
FR;0;2021-06-19;224342;273869;449;0;0;32647891;16275048;71768;15;4
FR;0;2021-06-20;74434;102409;129;0;0;32722325;16377457;71897;15;4
FR;0;2021-06-21;195772;401694;1037;1;1;32918097;16779151;72934;16;5
FR;0;2021-06-22;223202;467531;1265;10;1;33141299;17246682;74199;26;6
FR;0;2021-06-23;234035;439988;1197;1;1;33375334;17686670;75396;27;7
FR;0;2021-06-24;241868;409584;1357;0;0;33617202;18096254;76753;27;7
FR;0;2021-06-25;227646;522746;1401;0;0;33844848;18619000;78154;27;7
FR;0;2021-06-26;153259;370838;587;1;0;33998107;18989838;78741;28;7
FR;0;2021-06-27;55903;156078;168;1;0;34054010;19145916;78909;29;7
FR;0;2021-06-28;154779;452689;1176;0;0;34208789;19598605;80085;29;7
FR;0;2021-06-29;182709;507364;2123;0;0;34391498;20105969;82208;29;7
FR;0;2021-06-30;204009;485107;2014;21;2;34595507;20591076;84222;50;9
FR;0;2021-07-01;231335;458196;2223;5;1;34826842;21049272;86445;55;10
FR;0;2021-07-02;228695;520135;2120;5;2;35055537;21569407;88565;60;12
FR;0;2021-07-03;142041;368744;908;3;1;35197578;21938151;89473;63;13
FR;0;2021-07-04;56752;141070;265;0;0;35254330;22079221;89738;63;13
FR;0;2021-07-05;168519;418988;1668;8;2;35422849;22498209;91406;71;15
FR;0;2021-07-06;196774;474623;1830;45;8;35619623;22972832;93236;116;23
FR;0;2021-07-07;213200;439160;1879;25;4;35832823;23411992;95115;141;27
FR;0;2021-07-08;231645;424189;2089;20;6;36064468;23836181;97204;161;33
FR;0;2021-07-09;228615;511029;2185;4;2;36293083;24347210;99389;165;35
FR;0;2021-07-10;148617;339906;984;1;1;36441700;24687116;100373;166;36
FR;0;2021-07-11;60198;110096;283;0;0;36501898;24797212;100656;166;36
FR;0;2021-07-12;169416;477987;1762;4;0;36671314;25275199;102418;170;36
FR;0;2021-07-13;287267;527024;2048;8;1;36958581;25802223;104466;178;37
FR;0;2021-07-14;181100;157504;435;0;0;37139681;25959727;104901;178;37
FR;0;2021-07-15;347096;502047;2099;1;0;37486777;26461774;107000;179;37
FR;0;2021-07-16;380107;495465;2023;3;1;37866884;26957239;109023;182;38
FR;0;2021-07-17;259726;319719;877;1;0;38126610;27276958;109900;183;38
FR;0;2021-07-18;109712;114629;310;0;0;38236322;27391587;110210;183;38
FR;0;2021-07-19;285474;424400;1629;3;0;38521796;27815987;111839;186;38
FR;0;2021-07-20;376919;451759;1723;0;0;38898715;28267746;113562;186;38
FR;0;2021-07-21;395792;407324;1549;4;2;39294507;28675070;115111;190;40
FR;0;2021-07-22;441051;387653;1715;4;2;39735558;29062723;116826;194;42
FR;0;2021-07-23;440327;422533;1882;4;1;40175885;29485256;118708;198;43
FR;0;2021-07-24;285250;269410;804;1;0;40461135;29754666;119512;199;43
FR;0;2021-07-25;121112;79951;234;0;0;40582247;29834617;119746;199;43
FR;0;2021-07-26;347423;322590;1614;3;2;40929670;30157207;121360;202;45
FR;0;2021-07-27;464068;319665;1697;4;2;41393738;30476872;123057;206;47
FR;0;2021-07-28;459439;289586;1636;4;2;41853177;30766458;124693;210;49
FR;0;2021-07-29;489824;276474;1796;2;0;42343001;31042932;126489;212;49
FR;0;2021-07-30;461824;302558;1941;5;1;42804825;31345490;128430;217;50
FR;0;2021-07-31;285398;185064;914;1;0;43090223;31530554;129344;218;50
FR;0;2021-08-01;112021;49927;253;0;0;43202244;31580481;129597;218;50
FR;0;2021-08-02;341616;234225;1602;2;0;43543860;31814706;131199;220;50
FR;0;2021-08-03;398610;244674;1728;2;1;43942470;32059380;132927;222;51
FR;0;2021-08-04;384848;209734;1593;6;3;44327318;32269114;134520;228;54
FR;0;2021-08-05;366169;228567;1710;0;0;44693487;32497681;136230;228;54
FR;0;2021-08-06;359727;271436;1835;4;1;45053214;32769117;138065;232;55
FR;0;2021-08-07;213120;178349;755;5;2;45266334;32947466;138820;237;57
FR;0;2021-08-08;74194;63197;275;0;0;45340528;33010663;139095;237;57
FR;0;2021-08-09;258753;258958;1547;4;3;45599281;33269621;140642;241;60
FR;0;2021-08-10;306859;277429;1662;2;1;45906140;33547050;142304;243;61
FR;0;2021-08-11;279739;259825;1441;5;1;46185879;33806875;143745;248;62
FR;0;2021-08-12;271543;278260;1663;3;0;46457422;34085135;145408;251;62
FR;0;2021-08-13;252152;278128;1593;3;2;46709574;34363263;147001;254;64
FR;0;2021-08-14;145343;197156;740;0;0;46854917;34560419;147741;254;64
FR;0;2021-08-15;39381;50108;217;1;0;46894298;34610527;147958;255;64
FR;0;2021-08-16;186182;317733;1542;0;0;47080480;34928260;149500;255;64
FR;0;2021-08-17;215687;336070;1636;7;0;47296167;35264330;151136;262;64
FR;0;2021-08-18;199050;324544;1597;7;4;47495217;35588874;152733;269;68
FR;0;2021-08-19;192032;325549;1640;1;0;47687249;35914423;154373;270;68
FR;0;2021-08-20;186461;366328;1819;3;2;47873710;36280751;156192;273;70
FR;0;2021-08-21;104798;238128;707;0;0;47978508;36518879;156899;273;70
FR;0;2021-08-22;31942;87209;256;1;1;48010450;36606088;157155;274;71
FR;0;2021-08-23;140981;357107;1561;3;1;48151431;36963195;158716;277;72
FR;0;2021-08-24;162493;376750;1849;5;1;48313924;37339945;160565;282;73
FR;0;2021-08-25;151138;350822;2033;8;2;48465062;37690767;162598;290;75
FR;0;2021-08-26;142878;342801;2560;10;0;48607940;38033568;165158;300;75
FR;0;2021-08-27;148452;388303;2789;11;3;48756392;38421871;167947;311;78
FR;0;2021-08-28;90665;249610;1406;0;0;48847057;38671481;169353;311;78
FR;0;2021-08-29;27319;83345;518;1;0;48874376;38754826;169871;312;78
FR;0;2021-08-30;117418;324699;4712;6;5896;48991794;39079525;174583;318;5974
FR;0;2021-08-31;128811;334526;10187;19;11808;49120605;39414051;184770;337;17782
FR;0;2021-09-01;136141;285699;22433;7;24377;49256746;39699750;207203;344;42159
FR;0;2021-09-02;114663;247248;26516;20;28972;49371409;39946998;233719;364;71131
FR;0;2021-09-03;118311;292695;29963;24;33041;49489720;40239693;263682;388;104172
FR;0;2021-09-04;89890;217775;12585;12;14124;49579610;40457468;276267;400;118296
FR;0;2021-09-05;21359;44834;4395;2;4717;49600969;40502302;280662;402;123013
FR;0;2021-09-06;75682;180638;31953;16;34300;49676651;40682940;312615;418;157313
FR;0;2021-09-07;80301;181238;33244;43;36246;49756952;40864178;345859;461;193559
FR;0;2021-09-08;90990;206101;29661;28;32518;49847942;41070279;375520;489;226077
FR;0;2021-09-09;76942;165367;33066;27;36632;49924884;41235646;408586;516;262709
FR;0;2021-09-10;96036;203790;35738;28;40676;50020920;41439436;444324;544;303385
FR;0;2021-09-11;67161;169303;12138;19;14378;50088081;41608739;456462;563;317763
FR;0;2021-09-12;12825;32099;2777;1;3178;50100906;41640838;459239;564;320941
FR;0;2021-09-13;64560;126241;41223;35;44170;50165466;41767079;500462;599;365111
FR;0;2021-09-14;73489;129070;56370;80;62286;50238955;41896149;556832;679;427397
FR;0;2021-09-15;76640;167818;55661;58;54838;50315595;42063967;612493;737;482235
FR;0;2021-09-16;63880;114540;60086;82;60122;50379475;42178507;672579;819;542357
FR;0;2021-09-17;75082;156836;53852;71;57300;50454557;42335343;726431;890;599657
FR;0;2021-09-18;48234;139630;15601;25;17310;50502791;42474973;742032;915;616967
FR;0;2021-09-19;7906;23683;2437;1;2618;50510697;42498656;744469;916;619585
FR;0;2021-09-20;44567;93829;50081;72;50332;50555264;42592485;794550;988;669917
FR;0;2021-09-21;45892;98439;62760;75;63462;50601156;42690924;857310;1063;733379
FR;0;2021-09-22;48672;142405;55369;82;55435;50649828;42833329;912679;1145;788814
FR;0;2021-09-23;43270;92103;62390;95;63560;50693098;42925432;975069;1240;852374
FR;0;2021-09-24;52293;133323;54552;107;59181;50745391;43058755;1029621;1347;911555
FR;0;2021-09-25;35216;115637;16274;36;18298;50780607;43174392;1045895;1383;929853
FR;0;2021-09-26;5547;17805;2270;5;2327;50786154;43192197;1048165;1388;932180
FR;0;2021-09-27;33974;76950;47200;97;48182;50820128;43269147;1095365;1485;980362
FR;0;2021-09-28;36519;75261;54965;89;56544;50856647;43344408;1150330;1574;1036906
FR;0;2021-09-29;44415;100791;53352;112;54864;50901062;43445199;1203682;1686;1091770
FR;0;2021-09-30;36340;72963;57037;97;59576;50937402;43518162;1260719;1783;1151346
FR;0;2021-10-01;61703;102894;57813;108;63952;50999105;43621056;1318532;1891;1215298
FR;0;2021-10-02;39468;78437;20962;39;23359;51038573;43699493;1339494;1930;1238657
FR;0;2021-10-03;5286;10501;2532;4;2541;51043859;43709994;1342026;1934;1241198
FR;0;2021-10-04;35186;58527;52622;84;54834;51079045;43768521;1394648;2018;1296032
FR;0;2021-10-05;33925;64375;61013;135;65061;51112970;43832896;1455661;2153;1361093
FR;0;2021-10-06;42714;79326;65748;113;68333;51155684;43912222;1521409;2266;1429426
FR;0;2021-10-07;30563;62271;65427;90;68838;51186247;43974493;1586836;2356;1498264
FR;0;2021-10-08;49469;91918;77753;110;84723;51235716;44066411;1664589;2466;1582987
FR;0;2021-10-09;33673;60944;31543;35;33922;51269389;44127355;1696132;2501;1616909
FR;0;2021-10-10;4716;7438;3193;9;3481;51274105;44134793;1699325;2510;1620390
FR;0;2021-10-11;30693;49941;61042;105;64098;51304798;44184734;1760367;2615;1684488
FR;0;2021-10-12;31596;54500;70617;140;75977;51336394;44239234;1830984;2755;1760465
FR;0;2021-10-13;40105;62843;74431;136;79342;51376499;44302077;1905415;2891;1839807
FR;0;2021-10-14;30317;52905;68759;116;73819;51406816;44354982;1974174;3007;1913626
FR;0;2021-10-15;44900;75284;93241;191;103002;51451716;44430266;2067415;3198;2016628
FR;0;2021-10-16;31305;44121;36693;44;39639;51483021;44474387;2104108;3242;2056267
FR;0;2021-10-17;3841;5239;3595;2;3680;51486862;44479626;2107703;3244;2059947
FR;0;2021-10-18;29097;42389;67496;133;71355;51515959;44522015;2175199;3377;2131302
FR;0;2021-10-19;27154;45583;76408;140;81637;51543113;44567598;2251607;3517;2212939
FR;0;2021-10-20;35307;52464;96940;181;101546;51578420;44620062;2348547;3698;2314485
FR;0;2021-10-21;26137;45186;83970;112;89148;51604557;44665248;2432517;3810;2403633
FR;0;2021-10-22;38418;62519;104899;200;112597;51642975;44727767;2537416;4010;2516230
FR;0;2021-10-23;27007;41209;45456;57;48621;51669982;44768976;2582872;4067;2564851
FR;0;2021-10-24;2920;4771;3682;6;3930;51672902;44773747;2586554;4073;2568781
FR;0;2021-10-25;26065;36270;82332;144;86646;51698967;44810017;2668886;4217;2655427
FR;0;2021-10-26;23733;35050;87253;166;92373;51722700;44845067;2756139;4383;2747800
FR;0;2021-10-27;30082;46358;109008;257;114704;51752782;44891425;2865147;4640;2862504
FR;0;2021-10-28;23582;34976;88717;153;94488;51776364;44926401;2953864;4793;2956992
FR;0;2021-10-29;31574;51500;117324;205;125365;51807938;44977901;3071188;4998;3082357
FR;0;2021-10-30;20555;33237;50349;76;53397;51828493;45011138;3121537;5074;3135754
FR;0;2021-10-31;2489;3732;3590;3;3877;51830982;45014870;3125127;5077;3139631
FR;0;2021-11-01;8485;4867;3211;3;3575;51839467;45019737;3128338;5080;3143206
FR;0;2021-11-02;26345;40110;93587;156;99597;51865812;45059847;3221925;5236;3242803
FR;0;2021-11-03;30092;47980;118898;218;125860;51895904;45107827;3340823;5454;3368663
FR;0;2021-11-04;23788;37531;107574;217;114442;51919692;45145358;3448397;5671;3483105
FR;0;2021-11-05;32390;52991;141647;235;151393;51952082;45198349;3590044;5906;3634498
FR;0;2021-11-06;21531;34577;64886;123;68309;51973613;45232926;3654930;6029;3702807
FR;0;2021-11-07;2402;4179;5197;6;5595;51976015;45237105;3660127;6035;3708402
FR;0;2021-11-08;20594;37796;127203;227;134318;51996609;45274901;3787330;6262;3842720
FR;0;2021-11-09;22406;44730;161694;339;172264;52019015;45319631;3949024;6601;4014984
FR;0;2021-11-10;31588;55052;187020;446;198829;52050603;45374683;4136044;7047;4213813
FR;0;2021-11-11;4722;6757;12975;28;13960;52055325;45381440;4149019;7075;4227773
FR;0;2021-11-12;29077;55139;183784;252;197405;52084402;45436579;4332803;7327;4425178
FR;0;2021-11-13;20347;32644;80706;118;86328;52104749;45469223;4413509;7445;4511506
FR;0;2021-11-14;2357;3884;7175;6;7850;52107106;45473107;4420684;7451;4519356
FR;0;2021-11-15;20484;38687;160865;313;171592;52127590;45511794;4581549;7764;4690948
FR;0;2021-11-16;23643;43988;200430;392;215071;52151233;45555782;4781979;8156;4906019
FR;0;2021-11-17;30514;50343;199856;405;212897;52181747;45606125;4981835;8561;5118916
FR;0;2021-11-18;23436;45654;191684;468;205588;52205183;45651779;5173519;9029;5324504
FR;0;2021-11-19;33673;61418;243230;551;262221;52238856;45713197;5416749;9580;5586725
FR;0;2021-11-20;25407;36707;102162;206;109708;52264263;45749904;5518911;9786;5696433
FR;0;2021-11-21;2645;4483;9658;19;10620;52266908;45754387;5528569;9805;5707053
FR;0;2021-11-22;22803;33243;180388;470;194868;52289711;45787630;5708957;10275;5901921
FR;0;2021-11-23;25714;45595;229395;549;247862;52315425;45833225;5938352;10824;6149783
FR;0;2021-11-24;31799;53747;224825;715;243257;52347224;45886972;6163177;11539;6393040
FR;0;2021-11-25;25637;49240;255951;739;277817;52372861;45936212;6419128;12278;6670857
FR;0;2021-11-26;33256;74870;379507;865;414673;52406117;46011082;6798635;13143;7085530
FR;0;2021-11-27;23491;49693;214918;389;236702;52429608;46060775;7013553;13532;7322232
FR;0;2021-11-28;3512;10522;56761;66;63322;52433120;46071297;7070314;13598;7385554
FR;0;2021-11-29;19420;54203;341486;863;371748;52452540;46125500;7411800;14461;7757302
FR;0;2021-11-30;24778;72027;457402;988;500808;52477318;46197527;7869202;15449;8258110
FR;0;2021-12-01;27370;75805;469123;1160;511356;52504688;46273332;8338325;16609;8769466
FR;0;2021-12-02;22095;71818;527128;1280;574913;52526783;46345150;8865453;17889;9344379
FR;0;2021-12-03;25556;93166;596420;1420;651211;52552339;46438316;9461873;19309;9995590
FR;0;2021-12-04;18318;60508;336237;690;369800;52570657;46498824;9798110;19999;10365390
FR;0;2021-12-05;4154;16192;95786;157;107053;52574811;46515016;9893896;20156;10472443
FR;0;2021-12-06;28423;73019;493165;1174;539998;52603234;46588035;10387061;21330;11012441
FR;0;2021-12-07;23539;91495;645420;1773;706358;52626773;46679530;11032481;23103;11718799
FR;0;2021-12-08;25501;92262;591618;1874;647541;52652274;46771792;11624099;24977;12366340
FR;0;2021-12-09;24058;94265;663133;2180;726491;52676332;46866057;12287232;27157;13092831
FR;0;2021-12-10;28051;111184;736088;2075;806249;52704383;46977241;13023320;29232;13899080
FR;0;2021-12-11;20251;76235;435196;988;480409;52724634;47053476;13458516;30220;14379489
FR;0;2021-12-12;5650;23214;142312;262;159216;52730284;47076690;13600828;30482;14538705
FR;0;2021-12-13;21352;91034;587681;1699;649291;52751636;47167724;14188509;32181;15187996
FR;0;2021-12-14;27970;118577;765616;2654;847576;52779606;47286301;14954125;34835;16035572
FR;0;2021-12-15;28432;114509;694359;2266;769131;52808038;47400810;15648484;37101;16804703
FR;0;2021-12-16;28028;115970;764051;2557;844463;52836066;47516780;16412535;39658;17649166
FR;0;2021-12-17;31651;128668;807894;2711;892082;52867717;47645448;17220429;42369;18541248
FR;0;2021-12-18;24932;81689;469977;1178;522228;52892649;47727137;17690406;43547;19063476
FR;0;2021-12-19;8756;28690;169396;376;191087;52901405;47755827;17859802;43923;19254563
FR;0;2021-12-20;31750;97432;591509;1786;658782;52933155;47853259;18451311;45709;19913345
FR;0;2021-12-21;39453;112223;682429;2392;759615;52972608;47965482;19133740;48101;20672960
FR;0;2021-12-22;39551;99486;575783;2168;642156;53012159;48064968;19709523;50269;21315116
FR;0;2021-12-23;33779;79658;441022;1657;494420;53045938;48144626;20150545;51926;21809536
FR;0;2021-12-24;10691;26131;111029;398;126673;53056629;48170757;20261574;52324;21936209
FR;0;2021-12-25;774;3588;7591;25;9032;53057403;48174345;20269165;52349;21945241
FR;0;2021-12-26;4695;11904;52095;142;60144;53062098;48186249;20321260;52491;22005385
FR;0;2021-12-27;30504;84073;453564;1364;509179;53092602;48270322;20774824;53855;22514564
FR;0;2021-12-28;38364;99062;564172;1769;632279;53130966;48369384;21338996;55624;23146843
FR;0;2021-12-29;39874;88417;501213;1687;561025;53170840;48457801;21840209;57311;23707868
FR;0;2021-12-30;35920;75263;421035;1521;471158;53206760;48533064;22261244;58832;24179026
FR;0;2021-12-31;12045;25158;116879;405;131671;53218805;48558222;22378123;59237;24310697
FR;0;2022-01-01;1547;3213;8516;37;9939;53220352;48561435;22386639;59274;24320636
FR;0;2022-01-02;6112;13002;58419;125;66947;53226464;48574437;22445058;59399;24387583
FR;0;2022-01-03;36958;90301;494830;1593;551709;53263422;48664738;22939888;60992;24939292
FR;0;2022-01-04;41965;111167;641390;2306;714385;53305387;48775905;23581278;63298;25653677
FR;0;2022-01-05;61080;103763;569177;1982;634209;53366467;48879668;24150455;65280;26287886
FR;0;2022-01-06;44261;110422;638977;2697;711449;53410728;48990090;24789432;67977;26999335
FR;0;2022-01-07;50819;123483;710992;2810;790512;53461547;49113573;25500424;70787;27789847
FR;0;2022-01-08;45007;80326;423809;1213;472882;53506554;49193899;25924233;72000;28262729
FR;0;2022-01-09;15607;26648;128565;300;145678;53522161;49220547;26052798;72300;28408407
FR;0;2022-01-10;35365;93446;469325;1812;522747;53557526;49313993;26522123;74112;28931154
FR;0;2022-01-11;41921;100556;548246;2306;608499;53599447;49414549;27070369;76418;29539653
FR;0;2022-01-12;60374;95782;452677;1968;504338;53659821;49510331;27523046;78386;30043991
FR;0;2022-01-13;38223;92631;487351;2085;541052;53698044;49602962;28010397;80471;30585043
FR;0;2022-01-14;42567;103427;568599;2286;629011;53740611;49706389;28578996;82757;31214054
FR;0;2022-01-15;39410;65898;340130;985;377557;53780021;49772287;28919126;83742;31591611
FR;0;2022-01-16;11407;19245;87428;216;99425;53791428;49791532;29006554;83958;31691036
FR;0;2022-01-17;24723;60105;320279;1381;354165;53816151;49851637;29326833;85339;32045201
FR;0;2022-01-18;28313;68778;361078;1802;397563;53844464;49920415;29687911;87141;32442764
FR;0;2022-01-19;43211;67114;281291;1450;311078;53887675;49987529;29969202;88591;32753842
FR;0;2022-01-20;23655;59691;299004;1740;328506;53911330;50047220;30268206;90331;33082348
FR;0;2022-01-21;28193;68899;366362;2086;401199;53939523;50116119;30634568;92417;33483547
FR;0;2022-01-22;27622;48006;218789;839;241768;53967145;50164125;30853357;93256;33725315
FR;0;2022-01-23;6718;12989;48676;173;55169;53973863;50177114;30902033;93429;33780484
FR;0;2022-01-24;16268;47500;217310;1139;239338;53990131;50224614;31119343;94568;34019822
FR;0;2022-01-25;19022;54417;243047;1546;267082;54009153;50279031;31362390;96114;34286904
FR;0;2022-01-26;28145;60502;209281;1297;229480;54037298;50339533;31571671;97411;34516384
FR;0;2022-01-27;16325;46367;207644;1274;225951;54053623;50385900;31779315;98685;34742335
FR;0;2022-01-28;21582;78513;290050;1573;321385;54075205;50464413;32069365;100258;35063720
FR;0;2022-01-29;18418;52882;184126;688;204584;54093623;50517295;32253491;100946;35268304
FR;0;2022-01-30;4473;14513;39141;124;45089;54098096;50531808;32292632;101070;35313393
FR;0;2022-01-31;11255;43976;148197;741;164780;54109351;50575784;32440829;101811;35478173
FR;0;2022-02-01;13593;48398;174118;1143;191412;54122944;50624182;32614947;102954;35669585
FR;0;2022-02-02;20542;66391;171526;1034;190127;54143486;50690573;32786473;103988;35859712
FR;0;2022-02-03;11462;44784;157553;989;173322;54154948;50735357;32944026;104977;36033034
FR;0;2022-02-04;14621;66517;239249;1266;264161;54169569;50801874;33183275;106243;36297195
FR;0;2022-02-05;12897;51481;153548;523;172330;54182466;50853355;33336823;106766;36469525
FR;0;2022-02-06;2722;12188;28890;101;33839;54185188;50865543;33365713;106867;36503364
FR;0;2022-02-07;9558;46704;156865;591;176311;54194746;50912247;33522578;107458;36679675
FR;0;2022-02-08;9787;43072;166621;867;184413;54204533;50955319;33689199;108325;36864088
FR;0;2022-02-09;14368;58239;172334;871;193042;54218901;51013558;33861533;109196;37057130
FR;0;2022-02-10;8713;39099;150228;878;166702;54227614;51052657;34011761;110074;37223832
FR;0;2022-02-11;10856;55661;218501;1100;243092;54238470;51108318;34230262;111174;37466924
FR;0;2022-02-12;8388;40953;134719;464;151747;54246858;51149271;34364981;111638;37618671
FR;0;2022-02-13;1901;8600;26563;86;30923;54248759;51157871;34391544;111724;37649594
FR;0;2022-02-14;6986;35235;148365;482;166360;54255745;51193106;34539909;112206;37815954
FR;0;2022-02-15;7050;36211;146975;751;162561;54262795;51229317;34686884;112957;37978515
FR;0;2022-02-16;9401;42962;132530;720;146749;54272196;51272279;34819414;113677;38125264
FR;0;2022-02-17;5573;24317;87295;585;94869;54277769;51296596;34906709;114262;38220133
FR;0;2022-02-18;6993;33562;119654;804;129319;54284762;51330158;35026363;115066;38349452
FR;0;2022-02-19;5369;24547;70023;370;77334;54290131;51354705;35096386;115436;38426786
FR;0;2022-02-20;1144;4650;12171;39;13950;54291275;51359355;35108557;115475;38440736
FR;0;2022-02-21;4090;17881;61949;351;67177;54295365;51377236;35170506;115826;38507913
FR;0;2022-02-22;4449;18643;60825;576;64464;54299814;51395879;35231331;116402;38572377
FR;0;2022-02-23;6586;27343;66493;591;71889;54306400;51423222;35297824;116993;38644266
FR;0;2022-02-24;3848;15466;50420;517;53241;54310248;51438688;35348244;117510;38697507
FR;0;2022-02-25;5279;24027;76355;803;80087;54315527;51462715;35424599;118313;38777594
FR;0;2022-02-26;3989;17764;47413;359;51480;54319516;51480479;35472012;118672;38829074
FR;0;2022-02-27;879;3006;8035;47;8946;54320395;51483485;35480047;118719;38838020
FR;0;2022-02-28;3124;12533;40480;358;42913;54323519;51496018;35520527;119077;38880933
FR;0;2022-03-01;3919;12597;44187;436;44858;54327438;51508615;35564714;119513;38925791
FR;0;2022-03-02;5302;17790;47129;445;49062;54332740;51526405;35611843;119958;38974853
FR;0;2022-03-03;2813;9333;29891;368;30014;54335553;51535738;35641734;120326;39004867
FR;0;2022-03-04;3223;12407;40298;665;39448;54338776;51548145;35682032;120991;39044315
FR;0;2022-03-05;3070;9277;24952;309;25114;54341846;51557422;35706984;121300;39069429
FR;0;2022-03-06;520;1399;3197;43;3440;54342366;51558821;35710181;121343;39072869
FR;0;2022-03-07;2309;5619;18426;315;17694;54344675;51564440;35728607;121658;39090563
FR;0;2022-03-08;2100;6070;19445;360;17914;54346775;51570510;35748052;122018;39108477
FR;0;2022-03-09;3563;10497;22180;405;21275;54350338;51581007;35770232;122423;39129752
FR;0;2022-03-10;1818;5751;16982;343;15808;54352156;51586758;35787214;122766;39145560
FR;0;2022-03-11;2410;7545;24493;541;22258;54354566;51594303;35811707;123307;39167818
FR;0;2022-03-12;2671;6772;17157;308;16512;54357237;51601075;35828864;123615;39184330
FR;0;2022-03-13;393;787;2323;148;2271;54357630;51601862;35831187;123763;39186601
FR;0;2022-03-14;1540;4266;14975;4408;13830;54359170;51606128;35846162;128171;39200431
FR;0;2022-03-15;1724;6281;16371;7552;14599;54360894;51612409;35862533;135723;39215030
FR;0;2022-03-16;3024;7385;19423;13136;18099;54363918;51619794;35881956;148859;39233129
FR;0;2022-03-17;1450;3975;13138;10845;11981;54365368;51623769;35895094;159704;39245110
FR;0;2022-03-18;2266;5747;19994;18298;18087;54367634;51629516;35915088;178002;39263197
FR;0;2022-03-19;2288;4802;13114;9400;12416;54369922;51634318;35928202;187402;39275613
FR;0;2022-03-20;300;732;1918;1073;1929;54370222;51635050;35930120;188475;39277542
FR;0;2022-03-21;1391;3210;12718;14937;11939;54371613;51638260;35942838;203412;39289481
FR;0;2022-03-22;1500;3729;13791;20529;12548;54373113;51641989;35956629;223941;39302029
FR;0;2022-03-23;2677;6267;17716;23149;17229;54375790;51648256;35974345;247090;39319258
FR;0;2022-03-24;1400;3153;11586;17607;10672;54377190;51651409;35985931;264697;39329930
FR;0;2022-03-25;2082;5146;18561;27757;16900;54379272;51656555;36004492;292454;39346830
FR;0;2022-03-26;2228;4411;12075;12677;11516;54381500;51660966;36016567;305131;39358346
FR;0;2022-03-27;360;689;1906;1481;1940;54381860;51661655;36018473;306612;39360286
FR;0;2022-03-28;1460;3072;11120;17487;10611;54383320;51664727;36029593;324099;39370897
FR;0;2022-03-29;1451;3265;12900;27556;12041;54384771;51667992;36042493;351655;39382938
FR;0;2022-03-30;2847;5479;15677;27369;15069;54387618;51673471;36058170;379024;39398007
FR;0;2022-03-31;1609;3559;12974;24965;12307;54389227;51677030;36071144;403989;39410314
FR;0;2022-04-01;2675;4576;20047;30867;18689;54391902;51681606;36091191;434856;39429003
FR;0;2022-04-02;1523;2632;9046;10114;8704;54393425;51684238;36100237;444970;39437707
FR;0;2022-04-03;287;511;1561;1167;1578;54393712;51684749;36101798;446137;39439285
FR;0;2022-04-04;2067;2864;12363;19096;11569;54395779;51687613;36114161;465233;39450854
FR;0;2022-04-05;1932;3133;14331;34084;13183;54397711;51690746;36128492;499317;39464037
FR;0;2022-04-06;2312;3909;13526;26473;12794;54400023;51694655;36142018;525790;39476831
FR;0;2022-04-07;1560;3086;13662;33754;12874;54401583;51697741;36155680;559544;39489705
FR;0;2022-04-08;2069;4221;19208;43858;17813;54403652;51701962;36174888;603402;39507518
FR;0;2022-04-09;1363;2674;9311;13559;8863;54405015;51704636;36184199;616961;39516381
FR;0;2022-04-10;289;636;1982;2011;2002;54405304;51705272;36186181;618972;39518383
FR;0;2022-04-11;1295;2591;11860;23875;11462;54406599;51707863;36198041;642847;39529845
FR;0;2022-04-12;1671;3013;14006;40845;13376;54408270;51710876;36212047;683692;39543221
FR;0;2022-04-13;1945;3657;13403;33056;13020;54410215;51714533;36225450;716748;39556241
FR;0;2022-04-14;1488;2884;13179;36253;13025;54411703;51717417;36238629;753001;39569266
FR;0;2022-04-15;1850;3443;15617;35490;14863;54413553;51720860;36254246;788491;39584129
FR;0;2022-04-16;1041;1827;6395;8533;6251;54414594;51722687;36260641;797024;39590380
FR;0;2022-04-17;191;324;992;1172;1032;54414785;51723011;36261633;798196;39591412
FR;0;2022-04-18;194;523;2763;1069;2781;54414979;51723534;36264396;799265;39594193
FR;0;2022-04-19;1519;3001;12904;29602;12465;54416498;51726535;36277300;828867;39606658
FR;0;2022-04-20;1983;3444;13288;28988;12966;54418481;51729979;36290588;857855;39619624
FR;0;2022-04-21;1506;2841;12524;35063;12559;54419987;51732820;36303112;892918;39632183
FR;0;2022-04-22;1860;3596;16460;37571;15824;54421847;51736416;36319572;930489;39648007
FR;0;2022-04-23;1144;2058;7381;10654;7232;54422991;51738474;36326953;941143;39655239
FR;0;2022-04-24;250;458;1475;1588;1410;54423241;51738932;36328428;942731;39656649
FR;0;2022-04-25;1301;2524;10677;21011;10481;54424542;51741456;36339105;963742;39667130
FR;0;2022-04-26;1617;2998;13652;38559;13102;54426159;51744454;36352757;1002301;39680232
FR;0;2022-04-27;1957;3056;11527;30956;11585;54428116;51747510;36364284;1033257;39691817
FR;0;2022-04-28;1562;2742;12524;36170;12263;54429678;51750252;36376808;1069427;39704080
FR;0;2022-04-29;2006;4305;15544;37211;14905;54431684;51754557;36392352;1106638;39718985
FR;0;2022-04-30;1210;1915;6927;9704;6754;54432894;51756472;36399279;1116342;39725739
FR;0;2022-05-01;217;319;913;995;907;54433111;51756791;36400192;1117337;39726646
FR;0;2022-05-02;1808;2912;11145;18126;10962;54434919;51759703;36411337;1135463;39737608
FR;0;2022-05-03;1872;3222;13715;34611;13555;54436791;51762925;36425052;1170074;39751163
FR;0;2022-05-04;1886;3262;12171;25614;12284;54438677;51766187;36437223;1195688;39763447
FR;0;2022-05-05;1749;2884;13032;33489;12880;54440426;51769071;36450255;1229177;39776327
FR;0;2022-05-06;2202;3648;15325;36716;14818;54442628;51772719;36465580;1265893;39791145
FR;0;2022-05-07;1202;1767;6460;9606;6449;54443830;51774486;36472040;1275499;39797594
FR;0;2022-05-08;265;398;1172;1546;1233;54444095;51774884;36473212;1277045;39798827
FR;0;2022-05-09;1345;2290;9917;20241;9787;54445440;51777174;36483129;1297286;39808614
FR;0;2022-05-10;1746;3137;13550;38850;13106;54447186;51780311;36496679;1336136;39821720
FR;0;2022-05-11;1985;2961;10735;27885;10679;54449171;51783272;36507414;1364021;39832399
FR;0;2022-05-12;1572;2679;11354;35625;11024;54450743;51785951;36518768;1399646;39843423
FR;0;2022-05-13;1961;3195;13742;37822;13326;54452704;51789146;36532510;1437468;39856749
FR;0;2022-05-14;1145;1618;5937;10772;5798;54453849;51790764;36538447;1448240;39862547
FR;0;2022-05-15;280;468;1277;1436;1357;54454129;51791232;36539724;1449676;39863904
FR;0;2022-05-16;1189;2017;8677;20991;8673;54455318;51793249;36548401;1470667;39872577
FR;0;2022-05-17;1578;2579;11813;37837;11392;54456896;51795828;36560214;1508504;39883969
FR;0;2022-05-18;1802;2625;9677;27125;9651;54458698;51798453;36569891;1535629;39893620
FR;0;2022-05-19;1429;2634;10561;35819;10699;54460127;51801087;36580452;1571448;39904319
FR;0;2022-05-20;1871;3102;13406;39335;12895;54461998;51804189;36593858;1610783;39917214
FR;0;2022-05-21;1158;1702;5659;9896;5532;54463156;51805891;36599517;1620679;39922746
FR;0;2022-05-22;237;335;1025;1434;1012;54463393;51806226;36600542;1622113;39923758
FR;0;2022-05-23;1172;2101;8876;20339;8818;54464565;51808327;36609418;1642452;39932576
FR;0;2022-05-24;1535;2747;11352;38824;11214;54466100;51811074;36620770;1681276;39943790
FR;0;2022-05-25;1807;2815;9337;24805;9468;54467907;51813889;36630107;1706081;39953258
FR;0;2022-05-26;203;411;1657;1190;1666;54468110;51814300;36631764;1707271;39954924
FR;0;2022-05-27;1373;2451;9251;21268;8993;54469483;51816751;36641015;1728539;39963917
FR;0;2022-05-28;663;1253;3911;6781;3961;54470146;51818004;36644926;1735320;39967878
FR;0;2022-05-29;155;314;751;915;772;54470301;51818318;36645677;1736235;39968650
FR;0;2022-05-30;1021;1941;6989;19254;7003;54471322;51820259;36652666;1755489;39975653
FR;0;2022-05-31;1487;2492;9815;35642;9634;54472809;51822751;36662481;1791131;39985287
FR;0;2022-06-01;1707;3081;11019;24523;10885;54474516;51825832;36673500;1815654;39996172
FR;0;2022-06-02;1466;2602;11302;35514;10836;54475982;51828434;36684802;1851168;40007008
FR;0;2022-06-03;1715;3056;13376;38696;12739;54477697;51831490;36698178;1889864;40019747
FR;0;2022-06-04;967;1512;5038;9109;5112;54478664;51833002;36703216;1898973;40024859
FR;0;2022-06-05;175;329;872;1105;882;54478839;51833331;36704088;1900078;40025741
FR;0;2022-06-06;345;1066;2106;1258;2119;54479184;51834397;36706194;1901336;40027860
FR;0;2022-06-07;1368;2655;9841;35565;9420;54480552;51837052;36716035;1936901;40037280
FR;0;2022-06-08;1540;2680;9157;28707;9000;54482092;51839732;36725192;1965608;40046280
FR;0;2022-06-09;1277;2427;10606;39451;10249;54483369;51842159;36735798;2005059;40056529
FR;0;2022-06-10;1617;2888;13065;44779;12611;54484986;51845047;36748863;2049838;40069140
FR;0;2022-06-11;954;1729;5431;11621;5464;54485940;51846776;36754294;2061459;40074604
FR;0;2022-06-12;195;436;1072;1758;1133;54486135;51847212;36755366;2063217;40075737
FR;0;2022-06-13;1074;2040;7426;23166;7257;54487209;51849252;36762792;2086383;40082994
FR;0;2022-06-14;1309;2478;10440;44879;9796;54488518;51851730;36773232;2131262;40092790
FR;0;2022-06-15;1492;2386;9302;30868;8932;54490010;51854116;36782534;2162130;40101722
FR;0;2022-06-16;1156;2007;9902;39880;9310;54491166;51856123;36792436;2202010;40111032
FR;0;2022-06-17;1469;2824;12458;46598;11887;54492635;51858947;36804894;2248608;40122919
FR;0;2022-06-18;852;1510;4560;11123;4493;54493487;51860457;36809454;2259731;40127412
FR;0;2022-06-19;180;361;1058;1615;1130;54493667;51860818;36810512;2261346;40128542
FR;0;2022-06-20;1019;1908;8902;26062;8563;54494686;51862726;36819414;2287408;40137105
FR;0;2022-06-21;1319;2392;10297;49868;9327;54496005;51865118;36829711;2337276;40146432
FR;0;2022-06-22;1376;2468;8907;39002;8399;54497381;51867586;36838618;2376278;40154831
FR;0;2022-06-23;1219;2342;10669;55064;9871;54498600;51869928;36849287;2431342;40164702
FR;0;2022-06-24;1481;2973;13629;69127;12290;54500081;51872901;36862916;2500469;40176992
FR;0;2022-06-25;932;1776;6225;19913;5979;54501013;51874677;36869141;2520382;40182971
FR;0;2022-06-26;228;456;1952;3686;1813;54501241;51875133;36871093;2524068;40184784
FR;0;2022-06-27;1124;2012;10486;48434;9628;54502365;51877145;36881579;2572502;40194412
FR;0;2022-06-28;1450;2802;14654;91296;13075;54503815;51879947;36896233;2663798;40207487
FR;0;2022-06-29;1698;2815;12282;71813;11230;54505513;51882762;36908515;2735611;40218717
FR;0;2022-06-30;1524;2670;14379;95132;12459;54507037;51885432;36922894;2830743;40231176
FR;0;2022-07-01;1981;3779;21424;115905;18779;54509018;51889211;36944318;2946648;40249955
FR;0;2022-07-02;1075;1852;8518;35743;7698;54510093;51891063;36952836;2982391;40257653
FR;0;2022-07-03;290;537;2089;6452;1891;54510383;51891600;36954925;2988843;40259544
FR;0;2022-07-04;1529;3065;14675;79184;12943;54511912;51894665;36969600;3068027;40272487
FR;0;2022-07-05;1695;3094;18804;133189;15983;54513607;51897759;36988404;3201216;40288470
FR;0;2022-07-06;1804;2750;15837;99521;13626;54515411;51900509;37004241;3300737;40302096
FR;0;2022-07-07;1698;2857;17977;125899;14756;54517109;51903366;37022218;3426636;40316852
FR;0;2022-07-08;1883;3140;20734;137026;16748;54518992;51906506;37042952;3563662;40333600
FR;0;2022-07-09;865;1449;7737;37909;6683;54519857;51907955;37050689;3601571;40340283
FR;0;2022-07-10;261;506;2344;6999;2125;54520118;51908461;37053033;3608570;40342408
FR;0;2022-07-11;1409;2433;15008;88197;12488;54521527;51910894;37068041;3696767;40354896
FR;0;2022-07-12;1784;3073;20510;143809;16704;54523311;51913967;37088551;3840576;40371600
FR;0;2022-07-13;1716;2683;15665;94482;13237;54525027;51916650;37104216;3935058;40384837
FR;0;2022-07-14;177;355;1947;5530;1827;54525204;51917005;37106163;3940588;40386664
FR;0;2022-07-15;1469;2546;15099;84418;12585;54526673;51919551;37121262;4025006;40399249
FR;0;2022-07-16;617;1165;5940;24972;5143;54527290;51920716;37127202;4049978;40404392
FR;0;2022-07-17;175;385;1735;4659;1566;54527465;51921101;37128937;4054637;40405958
FR;0;2022-07-18;1125;2232;11816;61786;9962;54528590;51923333;37140753;4116423;40415920
FR;0;2022-07-19;1408;2334;15460;103627;12280;54529998;51925667;37156213;4220050;40428200
FR;0;2022-07-20;1404;2275;12933;77542;10710;54531402;51927942;37169146;4297592;40438910
FR;0;2022-07-21;1267;2139;13071;88148;10476;54532669;51930081;37182217;4385740;40449386
FR;0;2022-07-22;1387;2427;14793;89401;11943;54534056;51932508;37197010;4475141;40461329
FR;0;2022-07-23;666;1295;5525;22471;4852;54534722;51933803;37202535;4497612;40466181
FR;0;2022-07-24;183;346;1396;3900;1237;54534905;51934149;37203931;4501512;40467418
FR;0;2022-07-25;1051;1778;9475;48037;7822;54535956;51935927;37213406;4549549;40475240
FR;0;2022-07-26;1288;2201;13287;85394;10810;54537244;51938128;37226693;4634943;40486050
FR;0;2022-07-27;1216;1988;10205;61171;8499;54538460;51940116;37236898;4696114;40494549
FR;0;2022-07-28;1082;1845;10292;64323;8203;54539542;51941961;37247190;4760437;40502752
FR;0;2022-07-29;1280;2022;10966;65792;8722;54540822;51943983;37258156;4826229;40511474
FR;0;2022-07-30;495;842;3512;15262;2967;54541317;51944825;37261668;4841491;40514441
FR;0;2022-07-31;150;280;929;2432;788;54541467;51945105;37262597;4843923;40515229
FR;0;2022-08-01;820;1415;7568;30195;6358;54542287;51946520;37270165;4874118;40521587
FR;0;2022-08-02;1013;1618;8548;56036;6858;54543300;51948138;37278713;4930154;40528445
FR;0;2022-08-03;824;1236;6399;38645;5119;54544124;51949374;37285112;4968799;40533564
FR;0;2022-08-04;724;1165;6558;43072;5285;54544848;51950539;37291670;5011871;40538849
FR;0;2022-08-05;847;1348;7075;44900;5643;54545695;51951887;37298745;5056771;40544492
FR;0;2022-08-06;334;551;2095;9359;1744;54546029;51952438;37300840;5066130;40546236
FR;0;2022-08-07;98;152;532;1618;450;54546127;51952590;37301372;5067748;40546686
FR;0;2022-08-08;543;896;3993;22079;3247;54546670;51953486;37305365;5089827;40549933
FR;0;2022-08-09;682;1115;5955;39923;4788;54547352;51954601;37311320;5129750;40554721
FR;0;2022-08-10;616;1074;4640;28003;3774;54547968;51955675;37315960;5157753;40558495
FR;0;2022-08-11;610;1002;4472;29167;3684;54548578;51956677;37320432;5186920;40562179
FR;0;2022-08-12;702;1131;4730;28180;3902;54549280;51957808;37325162;5215100;40566081
FR;0;2022-08-13;207;401;1290;5249;1112;54549487;51958209;37326452;5220349;40567193
FR;0;2022-08-14;66;117;284;918;242;54549553;51958326;37326736;5221267;40567435
FR;0;2022-08-15;69;166;595;558;543;54549622;51958492;37327331;5221825;40567978
FR;0;2022-08-16;615;1037;3938;22135;3333;54550237;51959529;37331269;5243960;40571311
FR;0;2022-08-17;623;985;3872;22827;3278;54550860;51960514;37335141;5266787;40574589
FR;0;2022-08-18;602;955;4073;26233;3215;54551462;51961469;37339214;5293020;40577804
FR;0;2022-08-19;586;1146;4475;27208;3677;54552048;51962615;37343689;5320228;40581481
FR;0;2022-08-20;286;476;1342;5554;1152;54552334;51963091;37345031;5325782;40582633
FR;0;2022-08-21;93;132;299;1006;263;54552427;51963223;37345330;5326788;40582896
FR;0;2022-08-22;538;972;3255;15315;2780;54552965;51964195;37348585;5342103;40585676
FR;0;2022-08-23;703;1158;4279;28982;3598;54553668;51965353;37352864;5371085;40589274
FR;0;2022-08-24;647;919;3481;19517;2843;54554315;51966272;37356345;5390602;40592117
FR;0;2022-08-25;616;1000;3919;23357;3266;54554931;51967272;37360264;5413959;40595383
FR;0;2022-08-26;846;1242;4461;25824;3653;54555777;51968514;37364725;5439783;40599036
FR;0;2022-08-27;291;493;1375;5453;1242;54556068;51969007;37366100;5445236;40600278
FR;0;2022-08-28;120;158;300;909;283;54556188;51969165;37366400;5446145;40600561
FR;0;2022-08-29;606;951;3063;14606;2601;54556794;51970116;37369463;5460751;40603162
FR;0;2022-08-30;841;1196;4777;28500;3899;54557635;51971312;37374240;5489251;40607061
FR;0;2022-08-31;676;926;3185;17580;2699;54558311;51972238;37377425;5506831;40609760
FR;0;2022-09-01;688;940;4404;22421;3745;54558999;51973178;37381829;5529252;40613505
FR;0;2022-09-02;855;1107;5003;28558;4214;54559854;51974285;37386832;5557810;40617719
FR;0;2022-09-03;404;551;1899;6065;1644;54560258;51974836;37388731;5563875;40619363
FR;0;2022-09-04;124;146;348;869;344;54560382;51974982;37389079;5564744;40619707
FR;0;2022-09-05;591;661;3075;16033;2558;54560973;51975643;37392154;5580777;40622265
FR;0;2022-09-06;777;993;4571;31727;3715;54561750;51976636;37396725;5612504;40625980
FR;0;2022-09-07;624;749;2971;16750;2455;54562374;51977385;37399696;5629254;40628435
FR;0;2022-09-08;601;832;3769;24749;3096;54562975;51978217;37403465;5654003;40631531
FR;0;2022-09-09;819;991;4374;27500;3618;54563794;51979208;37407839;5681503;40635149
FR;0;2022-09-10;366;522;1681;5670;1481;54564160;51979730;37409520;5687173;40636630
FR;0;2022-09-11;111;126;315;651;299;54564271;51979856;37409835;5687824;40636929
FR;0;2022-09-12;473;573;2470;13178;2090;54564744;51980429;37412305;5701002;40639019
FR;0;2022-09-13;594;818;3937;26261;3365;54565338;51981247;37416242;5727263;40642384
FR;0;2022-09-14;639;750;2886;16071;2400;54565977;51981997;37419128;5743334;40644784
FR;0;2022-09-15;533;749;3382;23412;2845;54566510;51982746;37422510;5766746;40647629
FR;0;2022-09-16;771;1010;4081;25742;3401;54567281;51983756;37426591;5792488;40651030
FR;0;2022-09-17;375;483;1404;6111;1243;54567656;51984239;37427995;5798599;40652273
FR;0;2022-09-18;111;132;318;947;288;54567767;51984371;37428313;5799546;40652561
FR;0;2022-09-19;428;618;2187;13145;1867;54568195;51984989;37430500;5812691;40654428
FR;0;2022-09-20;616;843;3641;26222;3027;54568811;51985832;37434141;5838913;40657455
FR;0;2022-09-21;563;752;2696;16192;2318;54569374;51986584;37436837;5855105;40659773
FR;0;2022-09-22;571;795;3347;23439;2709;54569945;51987379;37440184;5878544;40662482
FR;0;2022-09-23;807;997;4328;28525;3594;54570752;51988376;37444512;5907069;40666076
FR;0;2022-09-24;415;598;1610;6873;1383;54571167;51988974;37446122;5913942;40667459
FR;0;2022-09-25;92;177;330;1097;301;54571259;51989151;37446452;5915039;40667760
FR;0;2022-09-26;418;669;2205;13333;1929;54571677;51989820;37448657;5928372;40669689
FR;0;2022-09-27;598;816;3552;25761;2832;54572275;51990636;37452209;5954133;40672521
FR;0;2022-09-28;608;805;2484;15282;2223;54572883;51991441;37454693;5969415;40674744
FR;0;2022-09-29;546;734;3043;20815;2557;54573429;51992175;37457736;5990230;40677301
FR;0;2022-09-30;742;1059;3863;25284;3189;54574171;51993234;37461599;6015514;40680490
FR;0;2022-10-01;379;565;1549;5870;1294;54574550;51993799;37463148;6021384;40681784
FR;0;2022-10-02;48;121;200;626;199;54574598;51993920;37463348;6022010;40681983
FR;0;2022-10-03;413;559;2041;11884;1766;54575011;51994479;37465389;6033894;40683749
FR;0;2022-10-04;584;726;3045;23304;2447;54575595;51995205;37468434;6057198;40686196
FR;0;2022-10-05;519;747;2248;14365;1948;54576114;51995952;37470682;6071563;40688144
FR;0;2022-10-06;504;651;2886;21251;2325;54576618;51996603;37473568;6092814;40690469
FR;0;2022-10-07;671;925;3844;29745;3238;54577289;51997528;37477412;6122559;40693707
FR;0;2022-10-08;322;474;1532;8208;1295;54577611;51998002;37478944;6130767;40695002
FR;0;2022-10-09;100;126;302;1490;286;54577711;51998128;37479246;6132257;40695288
FR;0;2022-10-10;402;558;2338;19506;1943;54578113;51998686;37481584;6151763;40697231
