fra;vaccin;jour;n_dose1;n_dose2;n_dose3;n_dose4;n_complet;n_rappel;n_2_rappel;n_rappel_biv;n_3_rappel;n_cum_dose1;n_cum_dose2;n_cum_dose3;n_cum_dose4;n_cum_complet;n_cum_rappel;n_cum_2_rappel;n_cum_rappel_biv;n_cum_3_rappel
FR;1;2020-12-27;616;0;0;0;55;0;0;0;0;616;0;0;0;55;0;0;0;0
FR;1;2020-12-28;701;1;0;0;43;0;0;0;0;1317;1;0;0;98;0;0;0;0
FR;1;2020-12-29;387;0;0;0;19;0;0;0;0;1704;1;0;0;117;0;0;0;0
FR;1;2020-12-30;450;0;0;0;18;0;0;0;0;2154;1;0;0;135;0;0;0;0
FR;1;2020-12-31;446;1;0;0;23;0;0;0;0;2600;2;0;0;158;0;0;0;0
FR;1;2021-01-01;1187;2;0;0;65;0;0;0;0;3787;4;0;0;223;0;0;0;0
FR;1;2021-01-02;366;3;0;0;28;0;0;0;0;4153;7;0;0;251;0;0;0;0
FR;1;2021-01-03;412;0;0;0;23;0;0;0;0;4565;7;0;0;274;0;0;0;0
FR;1;2021-01-04;2126;4;0;0;50;0;0;0;0;6691;11;0;0;324;0;0;0;0
FR;1;2021-01-05;7764;6;0;0;128;0;0;0;0;14455;17;0;0;452;0;0;0;0
FR;1;2021-01-06;12468;23;0;0;127;0;0;0;0;26923;40;0;0;579;0;0;0;0
FR;1;2021-01-07;29475;22;0;0;158;0;0;0;0;56398;62;0;0;737;0;0;0;0
FR;1;2021-01-08;37165;34;0;0;203;0;0;0;0;93563;96;0;0;940;0;0;0;0
FR;1;2021-01-09;11219;9;0;0;77;0;0;0;0;104782;105;0;0;1017;0;0;0;0
FR;1;2021-01-10;6012;8;0;0;28;0;0;0;0;110794;113;0;0;1045;0;0;0;0
FR;1;2021-01-11;39952;36;0;0;229;0;0;0;0;150746;149;0;0;1274;0;0;0;0
FR;1;2021-01-12;62156;27;0;0;298;0;0;0;0;212902;176;0;0;1572;0;0;0;0
FR;1;2021-01-13;65145;60;0;0;432;0;0;0;0;278047;236;0;0;2004;0;0;0;0
FR;1;2021-01-14;81465;236;0;0;958;0;0;0;0;359512;472;0;0;2962;0;0;0;0
FR;1;2021-01-15;68629;94;0;0;526;0;0;0;0;428141;566;0;0;3488;0;0;0;0
FR;1;2021-01-16;19903;73;0;0;172;0;0;0;0;448044;639;0;0;3660;0;0;0;0
FR;1;2021-01-17;10906;54;0;0;131;0;0;0;0;458950;693;0;0;3791;0;0;0;0
FR;1;2021-01-18;82843;176;0;0;589;0;0;0;0;541793;869;0;0;4380;0;0;0;0
FR;1;2021-01-19;125933;206;0;0;836;0;0;0;0;667726;1075;0;0;5216;0;0;0;0
FR;1;2021-01-20;132426;188;0;0;779;0;0;0;0;800152;1263;0;0;5995;0;0;0;0
FR;1;2021-01-21;153079;189;0;0;890;0;0;0;0;953231;1452;0;0;6885;0;0;0;0
FR;1;2021-01-22;115963;237;0;0;775;0;0;0;0;1069194;1689;0;0;7660;0;0;0;0
FR;1;2021-01-23;36615;78;0;0;201;0;0;0;0;1105809;1767;0;0;7861;0;0;0;0
FR;1;2021-01-24;9585;125;0;0;184;0;0;0;0;1115394;1892;0;0;8045;0;0;0;0
FR;1;2021-01-25;74436;1441;0;0;1760;0;0;0;0;1189830;3333;0;0;9805;0;0;0;0
FR;1;2021-01-26;96463;3685;1;0;4127;0;0;0;0;1286293;7018;1;0;13932;0;0;0;0
FR;1;2021-01-27;103656;6395;0;0;7079;0;0;0;0;1389949;13413;1;0;21011;0;0;0;0
FR;1;2021-01-28;120621;16343;0;0;17132;0;0;0;0;1510570;29756;1;0;38143;0;0;0;0
FR;1;2021-01-29;88901;18691;0;0;19229;0;0;0;0;1599471;48447;1;0;57372;0;0;0;0
FR;1;2021-01-30;27995;4507;0;0;4630;0;0;0;0;1627466;52954;1;0;62002;0;0;0;0
FR;1;2021-01-31;5194;1900;0;0;1937;0;0;0;0;1632660;54854;1;0;63939;0;0;0;0
FR;1;2021-02-01;49743;22890;0;0;23123;0;0;0;0;1682403;77744;1;0;87062;0;0;0;0
FR;1;2021-02-02;67835;37982;0;0;38438;0;0;0;0;1750238;115726;1;0;125500;0;0;0;0
FR;1;2021-02-03;67103;40032;0;0;40461;0;0;0;0;1817341;155758;1;0;165961;0;0;0;0
FR;1;2021-02-04;77149;54783;0;0;55350;0;0;0;0;1894490;210541;1;0;221311;0;0;0;0
FR;1;2021-02-05;63431;47993;0;0;48391;0;0;0;0;1957921;258534;1;0;269702;0;0;0;0
FR;1;2021-02-06;19427;11382;0;0;11489;0;0;0;0;1977348;269916;1;0;281191;0;0;0;0
FR;1;2021-02-07;3669;6014;0;0;6041;0;0;0;0;1981017;275930;1;0;287232;0;0;0;0
FR;1;2021-02-08;36508;48615;0;0;48854;0;0;0;0;2017525;324545;1;0;336086;0;0;0;0
FR;1;2021-02-09;50820;78081;0;0;78602;0;0;0;0;2068345;402626;1;0;414688;0;0;0;0
FR;1;2021-02-10;52077;83014;0;0;83489;0;0;0;0;2120422;485640;1;0;498177;0;0;0;0
FR;1;2021-02-11;63394;105024;0;0;105907;0;0;0;0;2183816;590664;1;0;604084;0;0;0;0
FR;1;2021-02-12;55882;75703;0;0;76376;0;0;0;0;2239698;666367;1;0;680460;0;0;0;0
FR;1;2021-02-13;15468;19309;0;0;19420;0;0;0;0;2255166;685676;1;0;699880;0;0;0;0
FR;1;2021-02-14;3747;7356;0;0;7421;0;0;0;0;2258913;693032;1;0;707301;0;0;0;0
FR;1;2021-02-15;24171;73602;0;0;73841;0;0;0;0;2283084;766634;1;0;781142;0;0;0;0
FR;1;2021-02-16;32782;95634;0;0;96021;0;0;0;0;2315866;862268;1;0;877163;0;0;0;0
FR;1;2021-02-17;35132;102208;20;0;102852;0;0;0;0;2350998;964476;21;0;980015;0;0;0;0
FR;1;2021-02-18;49463;118301;0;0;119277;0;0;0;0;2400461;1082777;21;0;1099292;0;0;0;0
FR;1;2021-02-19;45395;87613;1;0;88547;0;0;0;0;2445856;1170390;22;0;1187839;0;0;0;0
FR;1;2021-02-20;13397;27046;0;0;27220;0;0;0;0;2459253;1197436;22;0;1215059;0;0;0;0
FR;1;2021-02-21;2469;5987;0;0;6055;0;0;0;0;2461722;1203423;22;0;1221114;0;0;0;0
FR;1;2021-02-22;24723;69408;2;0;69700;0;0;0;0;2486445;1272831;24;0;1290814;0;0;0;0
FR;1;2021-02-23;37437;81502;1;0;82192;0;0;0;0;2523882;1354333;25;0;1373006;0;0;0;0
FR;1;2021-02-24;40710;79257;1;0;79951;0;0;0;0;2564592;1433590;26;0;1452957;0;0;0;0
FR;1;2021-02-25;50172;87856;1;0;88936;0;0;0;0;2614764;1521446;27;0;1541893;0;0;0;0
FR;1;2021-02-26;47230;67570;1;0;68441;0;0;0;0;2661994;1589016;28;0;1610334;0;0;0;0
FR;1;2021-02-27;15689;21340;1;0;21549;0;0;0;0;2677683;1610356;29;0;1631883;0;0;0;0
FR;1;2021-02-28;3565;4109;2;0;4181;0;0;0;0;2681248;1614465;31;0;1636064;0;0;0;0
FR;1;2021-03-01;40219;50285;1;0;51008;0;0;0;0;2721467;1664750;32;0;1687072;0;0;0;0
FR;1;2021-03-02;55992;62409;3;0;63582;0;0;0;0;2777459;1727159;35;0;1750654;0;0;0;0
FR;1;2021-03-03;61260;60483;0;0;61909;0;0;0;0;2838719;1787642;35;0;1812563;0;0;0;0
FR;1;2021-03-04;73017;68267;3;0;70476;0;0;0;0;2911736;1855909;38;0;1883039;0;0;0;0
FR;1;2021-03-05;74782;58624;3;0;60518;0;0;0;0;2986518;1914533;41;0;1943557;0;0;0;0
FR;1;2021-03-06;82467;15760;2;0;17464;0;0;0;0;3068985;1930293;43;0;1961021;0;0;0;0
FR;1;2021-03-07;63732;3988;1;0;5532;0;0;0;0;3132717;1934281;44;0;1966553;0;0;0;0
FR;1;2021-03-08;60193;41192;2;0;42472;0;0;0;0;3192910;1975473;46;0;2009025;0;0;0;0
FR;1;2021-03-09;86006;47441;1;0;49433;0;0;0;0;3278916;2022914;47;0;2058458;0;0;0;0
FR;1;2021-03-10;90945;47786;5;0;50049;0;0;0;0;3369861;2070700;52;0;2108507;0;0;0;0
FR;1;2021-03-11;105102;54579;1;0;57641;0;0;0;0;3474963;2125279;53;0;2166148;0;0;0;0
FR;1;2021-03-12;104159;44896;1;0;47893;0;0;0;0;3579122;2170175;54;0;2214041;0;0;0;0
FR;1;2021-03-13;89220;12596;1;0;14813;0;0;0;0;3668342;2182771;55;0;2228854;0;0;0;0
FR;1;2021-03-14;44460;2689;1;0;4021;0;0;0;0;3712802;2185460;56;0;2232875;0;0;0;0
FR;1;2021-03-15;95537;28013;3;0;30356;0;0;0;0;3808339;2213473;59;0;2263231;0;0;0;0
FR;1;2021-03-16;123602;34065;5;0;37607;0;0;0;0;3931941;2247538;64;0;2300838;0;0;0;0
FR;1;2021-03-17;129323;33551;4;0;37603;0;0;0;0;4061264;2281089;68;0;2338441;0;0;0;0
FR;1;2021-03-18;142917;39235;5;0;43906;0;0;0;0;4204181;2320324;73;0;2382347;0;0;0;0
FR;1;2021-03-19;136274;32032;2;0;36621;0;0;0;0;4340455;2352356;75;0;2418968;0;0;0;0
FR;1;2021-03-20;76023;9768;1;0;11985;0;0;0;0;4416478;2362124;76;0;2430953;0;0;0;0
FR;1;2021-03-21;26519;1994;1;0;2983;0;0;0;0;4442997;2364118;77;0;2433936;0;0;0;0
FR;1;2021-03-22;114776;30257;2;0;34080;0;0;0;0;4557773;2394375;79;0;2468016;0;0;0;0
FR;1;2021-03-23;143056;38031;1;0;42817;0;0;0;0;4700829;2432406;80;0;2510833;0;0;0;0
FR;1;2021-03-24;142024;38369;0;0;43228;0;0;0;0;4842853;2470775;80;0;2554061;0;0;0;0
FR;1;2021-03-25;165033;39855;4;0;46006;0;0;0;0;5007886;2510630;84;0;2600067;0;0;0;0
FR;1;2021-03-26;166418;37412;5;1;44020;0;0;0;0;5174304;2548042;89;1;2644087;0;0;0;0
FR;1;2021-03-27;110903;15475;1;0;19485;0;0;0;0;5285207;2563517;90;1;2663572;0;0;0;0
FR;1;2021-03-28;42310;4390;3;0;5945;0;0;0;0;5327517;2567907;93;1;2669517;0;0;0;0
FR;1;2021-03-29;129842;49022;4;0;53676;0;0;0;0;5457359;2616929;97;1;2723193;0;0;0;0
FR;1;2021-03-30;167746;63781;5;0;70784;0;0;0;0;5625105;2680710;102;1;2793977;0;0;0;0
FR;1;2021-03-31;170969;67921;4;0;75451;0;0;0;0;5796074;2748631;106;1;2869428;0;0;0;0
FR;1;2021-04-01;194867;83928;10;0;93422;0;0;0;0;5990941;2832559;116;1;2962850;0;0;0;0
FR;1;2021-04-02;164469;86759;7;0;94574;0;0;0;0;6155410;2919318;123;1;3057424;0;0;0;0
FR;1;2021-04-03;88258;58188;6;0;61730;0;0;0;0;6243668;2977506;129;1;3119154;0;0;0;0
FR;1;2021-04-04;33660;17721;0;0;19218;0;0;0;0;6277328;2995227;129;1;3138372;0;0;0;0
FR;1;2021-04-05;46423;9596;11;0;11473;0;0;0;0;6323751;3004823;140;1;3149845;0;0;0;0
FR;1;2021-04-06;160341;105439;17;0;111905;0;0;0;0;6484092;3110262;157;1;3261750;0;0;0;0
FR;1;2021-04-07;197030;108101;16;0;116922;0;0;0;0;6681122;3218363;173;1;3378672;0;0;0;0
FR;1;2021-04-08;222185;114227;14;0;125567;0;0;0;0;6903307;3332590;187;1;3504239;0;0;0;0
FR;1;2021-04-09;214602;108013;21;0;118895;0;0;0;0;7117909;3440603;208;1;3623134;0;0;0;0
FR;1;2021-04-10;117203;73225;14;0;78365;0;0;0;0;7235112;3513828;222;1;3701499;0;0;0;0
FR;1;2021-04-11;40901;29897;6;0;31800;0;0;0;0;7276013;3543725;228;1;3733299;0;0;0;0
FR;1;2021-04-12;168500;104558;46;0;111790;0;0;0;0;7444513;3648283;274;1;3845089;0;0;0;0
FR;1;2021-04-13;203838;127785;97;1;137118;0;0;0;0;7648351;3776068;371;2;3982207;0;0;0;0
FR;1;2021-04-14;208664;122930;208;0;133152;0;0;0;0;7857015;3898998;579;2;4115359;0;0;0;0
FR;1;2021-04-15;221724;128136;313;0;139164;0;0;0;0;8078739;4027134;892;2;4254523;0;0;0;0
FR;1;2021-04-16;206105;125761;309;0;135426;0;0;0;0;8284844;4152895;1201;2;4389949;0;0;0;0
FR;1;2021-04-17;122110;67113;103;0;72171;0;0;0;0;8406954;4220008;1304;2;4462120;0;0;0;0
FR;1;2021-04-18;35974;21004;41;0;22710;0;0;0;0;8442928;4241012;1345;2;4484830;0;0;0;0
FR;1;2021-04-19;163773;121582;432;0;129118;0;0;0;0;8606701;4362594;1777;2;4613948;0;0;0;0
FR;1;2021-04-20;189477;149669;531;0;158785;0;0;0;0;8796178;4512263;2308;2;4772733;0;0;0;0
FR;1;2021-04-21;194038;147656;760;0;157175;0;0;0;0;8990216;4659919;3068;2;4929908;0;0;0;0
FR;1;2021-04-22;209072;164487;778;0;175712;0;0;0;0;9199288;4824406;3846;2;5105620;0;0;0;0
FR;1;2021-04-23;198981;158011;671;0;169021;0;0;0;0;9398269;4982417;4517;2;5274641;0;0;0;0
FR;1;2021-04-24;126350;95852;148;0;101920;0;0;0;0;9524619;5078269;4665;2;5376561;0;0;0;0
FR;1;2021-04-25;53639;30064;46;0;32821;0;0;0;0;9578258;5108333;4711;2;5409382;0;0;0;0
FR;1;2021-04-26;181169;140186;542;0;148902;0;0;0;0;9759427;5248519;5253;2;5558284;0;0;0;0
FR;1;2021-04-27;221394;162544;901;0;173917;0;0;0;0;9980821;5411063;6154;2;5732201;0;0;0;0
FR;1;2021-04-28;238339;156114;1314;1;168794;1;0;0;0;10219160;5567177;7468;3;5900995;1;0;0;0
FR;1;2021-04-29;270333;161540;1211;0;177143;0;0;0;0;10489493;5728717;8679;3;6078138;1;0;0;0
FR;1;2021-04-30;272016;148931;1073;0;165034;0;0;0;0;10761509;5877648;9752;3;6243172;1;0;0;0
FR;1;2021-05-01;141172;40608;173;0;48636;0;0;0;0;10902681;5918256;9925;3;6291808;1;0;0;0
FR;1;2021-05-02;81561;28216;81;0;32970;0;0;0;0;10984242;5946472;10006;3;6324778;1;0;0;0
FR;1;2021-05-03;250809;142429;803;0;156119;0;0;0;0;11235051;6088901;10809;3;6480897;1;0;0;0
FR;1;2021-05-04;265921;187914;1202;0;203486;0;0;0;0;11500972;6276815;12011;3;6684383;1;0;0;0
FR;1;2021-05-05;283930;186113;1267;0;202767;0;0;0;0;11784902;6462928;13278;3;6887150;1;0;0;0
FR;1;2021-05-06;310014;184364;1502;0;204124;0;0;0;0;12094916;6647292;14780;3;7091274;1;0;0;0
FR;1;2021-05-07;284136;196639;1127;0;214456;0;0;0;0;12379052;6843931;15907;3;7305730;1;0;0;0
FR;1;2021-05-08;191674;51353;285;0;62738;0;0;0;0;12570726;6895284;16192;3;7368468;1;0;0;0
FR;1;2021-05-09;114068;34371;236;0;41543;0;0;0;0;12684794;6929655;16428;3;7410011;1;0;0;0
FR;1;2021-05-10;258231;194970;1187;0;210963;0;0;0;0;12943025;7124625;17615;3;7620974;1;0;0;0
FR;1;2021-05-11;318924;211175;1465;0;231409;0;0;0;0;13261949;7335800;19080;3;7852383;1;0;0;0
FR;1;2021-05-12;356669;186044;1401;0;208348;0;0;0;0;13618618;7521844;20481;3;8060731;1;0;0;0
FR;1;2021-05-13;283465;47357;401;0;64284;0;0;0;0;13902083;7569201;20882;3;8125015;1;0;0;0
FR;1;2021-05-14;370529;128525;995;0;151941;0;0;0;0;14272612;7697726;21877;3;8276956;1;0;0;0
FR;1;2021-05-15;298114;66189;404;0;84897;0;0;0;0;14570726;7763915;22281;3;8361853;1;0;0;0
FR;1;2021-05-16;157787;15478;158;0;26047;0;0;0;0;14728513;7779393;22439;3;8387900;1;0;0;0
FR;1;2021-05-17;318943;116178;1441;0;138148;0;0;0;0;15047456;7895571;23880;3;8526048;1;0;0;0
FR;1;2021-05-18;383360;111618;1801;0;137566;0;0;0;0;15430816;8007189;25681;3;8663614;1;0;0;0
FR;1;2021-05-19;395298;101611;2184;0;128550;0;0;0;0;15826114;8108800;27865;3;8792164;1;0;0;0
FR;1;2021-05-20;421838;95679;2049;0;125164;0;0;0;0;16247952;8204479;29914;3;8917328;1;0;0;0
FR;1;2021-05-21;399828;97391;1764;0;125804;0;0;0;0;16647780;8301870;31678;3;9043132;1;0;0;0
FR;1;2021-05-22;275704;41907;604;0;60930;0;0;0;0;16923484;8343777;32282;3;9104062;1;0;0;0
FR;1;2021-05-23;123025;10978;224;0;20583;0;0;0;0;17046509;8354755;32506;3;9124645;1;0;0;0
FR;1;2021-05-24;244024;26255;569;0;43786;0;0;0;0;17290533;8381010;33075;3;9168431;1;0;0;0
FR;1;2021-05-25;366239;131508;2115;1;158446;0;0;0;0;17656772;8512518;35190;4;9326877;1;0;0;0
FR;1;2021-05-26;380833;127285;1996;0;155630;0;0;0;0;18037605;8639803;37186;4;9482507;1;0;0;0
FR;1;2021-05-27;406177;128228;1978;0;158717;0;0;0;0;18443782;8768031;39164;4;9641224;1;0;0;0
FR;1;2021-05-28;366051;145654;1701;0;174223;0;0;0;0;18809833;8913685;40865;4;9815447;1;0;0;0
FR;1;2021-05-29;253846;81086;527;0;100285;0;0;0;0;19063679;8994771;41392;4;9915732;1;0;0;0
FR;1;2021-05-30;100979;22594;158;0;30830;0;0;0;0;19164658;9017365;41550;4;9946562;1;0;0;0
FR;1;2021-05-31;314337;149184;1286;1;172446;1;0;0;0;19478995;9166549;42836;5;10119008;2;0;0;0
FR;1;2021-06-01;361674;166405;1734;1;194115;1;0;0;0;19840669;9332954;44570;6;10313123;3;0;0;0
FR;1;2021-06-02;365413;154275;1797;0;183816;0;0;0;0;20206082;9487229;46367;6;10496939;3;0;0;0
FR;1;2021-06-03;391452;147379;1654;0;178350;0;0;0;0;20597534;9634608;48021;6;10675289;3;0;0;0
FR;1;2021-06-04;364126;175823;1495;1;205109;1;0;0;0;20961660;9810431;49516;7;10880398;4;0;0;0
FR;1;2021-06-05;258520;112792;597;0;133150;0;0;0;0;21220180;9923223;50113;7;11013548;4;0;0;0
FR;1;2021-06-06;126822;37569;215;0;48209;0;0;0;0;21347002;9960792;50328;7;11061757;4;0;0;0
FR;1;2021-06-07;301116;207767;1368;0;233051;0;0;0;0;21648118;10168559;51696;7;11294808;4;0;0;0
FR;1;2021-06-08;330871;220985;1645;0;248952;0;0;0;0;21978989;10389544;53341;7;11543760;4;0;0;0
FR;1;2021-06-09;336603;211056;1614;0;239837;0;0;0;0;22315592;10600600;54955;7;11783597;4;0;0;0
FR;1;2021-06-10;343918;199831;1614;0;229570;0;0;0;0;22659510;10800431;56569;7;12013167;4;0;0;0
FR;1;2021-06-11;311916;234702;1299;1;262608;0;0;0;0;22971426;11035133;57868;8;12275775;4;0;0;0
FR;1;2021-06-12;244096;150589;438;0;172200;0;0;0;0;23215522;11185722;58306;8;12447975;4;0;0;0
FR;1;2021-06-13;100374;61030;188;0;70691;0;0;0;0;23315896;11246752;58494;8;12518666;4;0;0;0
FR;1;2021-06-14;207863;287677;1320;1;307478;0;0;0;0;23523759;11534429;59814;9;12826144;4;0;0;0
FR;1;2021-06-15;256883;281198;1400;1;305041;0;0;0;0;23780642;11815627;61214;10;13131185;4;0;0;0
FR;1;2021-06-16;273667;270645;1263;1;296081;0;0;0;0;24054309;12086272;62477;11;13427266;4;0;0;0
FR;1;2021-06-17;268237;244993;1240;1;271057;0;0;0;0;24322546;12331265;63717;12;13698323;4;0;0;0
FR;1;2021-06-18;260618;295226;1155;1;321045;0;0;0;0;24583164;12626491;64872;13;14019368;4;0;0;0
FR;1;2021-06-19;193461;209571;388;0;228227;0;0;0;0;24776625;12836062;65260;13;14247595;4;0;0;0
FR;1;2021-06-20;69719;89039;121;0;96880;0;0;0;0;24846344;12925101;65381;13;14344475;4;0;0;0
FR;1;2021-06-21;172390;319751;934;1;338457;1;0;0;0;25018734;13244852;66315;14;14682932;5;0;0;0
FR;1;2021-06-22;185882;347986;1102;10;369039;1;0;0;0;25204616;13592838;67417;24;15051971;6;0;0;0
FR;1;2021-06-23;204225;339543;1049;0;363446;0;0;0;0;25408841;13932381;68466;24;15415417;6;0;0;0
FR;1;2021-06-24;203546;282003;1176;0;306752;0;0;0;0;25612387;14214384;69642;24;15722169;6;0;0;0
FR;1;2021-06-25;182674;371678;1200;0;395688;0;0;0;0;25795061;14586062;70842;24;16117857;6;0;0;0
FR;1;2021-06-26;131402;278533;504;0;295897;0;0;0;0;25926463;14864595;71346;24;16413754;6;0;0;0
FR;1;2021-06-27;52415;122855;146;0;130396;0;0;0;0;25978878;14987450;71492;24;16544150;6;0;0;0
FR;1;2021-06-28;136671;368215;1065;0;386819;0;0;0;0;26115549;15355665;72557;24;16930969;6;0;0;0
FR;1;2021-06-29;154908;391042;1848;0;412147;0;0;0;0;26270457;15746707;74405;24;17343116;6;0;0;0
FR;1;2021-06-30;180067;381848;1667;4;406462;2;0;0;0;26450524;16128555;76072;28;17749578;8;0;0;0
FR;1;2021-07-01;201566;332437;1888;5;360532;1;0;0;0;26652090;16460992;77960;33;18110110;9;0;0;0
FR;1;2021-07-02;193887;367287;1765;5;395504;2;0;0;0;26845977;16828279;79725;38;18505614;11;0;0;0
FR;1;2021-07-03;124484;280425;704;3;299543;1;0;0;0;26970461;17108704;80429;41;18805157;12;0;0;0
FR;1;2021-07-04;53966;113718;244;0;122131;0;0;0;0;27024427;17222422;80673;41;18927288;12;0;0;0
FR;1;2021-07-05;153971;355764;1500;8;379114;0;0;0;0;27178398;17578186;82173;49;19306402;12;0;0;0
FR;1;2021-07-06;173518;382278;1603;45;408180;8;0;0;0;27351916;17960464;83776;94;19714582;20;0;0;0
FR;1;2021-07-07;190854;362327;1659;25;390679;3;0;0;0;27542770;18322791;85435;119;20105261;23;0;0;0
FR;1;2021-07-08;201581;322938;1826;20;353605;3;0;0;0;27744351;18645729;87261;139;20458866;26;0;0;0
FR;1;2021-07-09;189988;387780;1854;3;418207;2;0;0;0;27934339;19033509;89115;142;20877073;28;0;0;0
FR;1;2021-07-10;129957;281165;818;1;302597;1;0;0;0;28064296;19314674;89933;143;21179670;29;0;0;0
FR;1;2021-07-11;57683;102520;262;0;112406;0;0;0;0;28121979;19417194;90195;143;21292076;29;0;0;0
FR;1;2021-07-12;149923;416831;1587;4;442850;0;0;0;0;28271902;19834025;91782;147;21734926;29;0;0;0
FR;1;2021-07-13;234288;439024;1808;8;476228;1;0;0;0;28506190;20273049;93590;155;22211154;30;0;0;0
FR;1;2021-07-14;171928;151344;418;0;176985;0;0;0;0;28678118;20424393;94008;155;22388139;30;0;0;0
FR;1;2021-07-15;279694;424158;1859;1;467159;0;0;0;0;28957812;20848551;95867;156;22855298;30;0;0;0
FR;1;2021-07-16;290446;400583;1711;3;445261;1;0;0;0;29248258;21249134;97578;159;23300559;31;0;0;0
FR;1;2021-07-17;217354;281969;755;1;315446;0;0;0;0;29465612;21531103;98333;160;23616005;31;0;0;0
FR;1;2021-07-18;102021;107200;288;0;123096;0;0;0;0;29567633;21638303;98621;160;23739101;31;0;0;0
FR;1;2021-07-19;238235;378415;1498;3;414486;0;0;0;0;29805868;22016718;100119;163;24153587;31;0;0;0
FR;1;2021-07-20;305769;379807;1470;0;425646;0;0;0;0;30111637;22396525;101589;163;24579233;31;0;0;0
FR;1;2021-07-21;333300;352755;1412;4;404161;1;0;0;0;30444937;22749280;103001;167;24983394;32;0;0;0
FR;1;2021-07-22;364690;318571;1502;3;375012;2;0;0;0;30809627;23067851;104503;170;25358406;34;0;0;0
FR;1;2021-07-23;349406;342828;1589;4;398394;1;0;0;0;31159033;23410679;106092;174;25756800;35;0;0;0
FR;1;2021-07-24;238964;240727;697;1;278072;0;0;0;0;31397997;23651406;106789;175;26034872;35;0;0;0
FR;1;2021-07-25;112807;76007;223;0;93710;0;0;0;0;31510804;23727413;107012;175;26128582;35;0;0;0
FR;1;2021-07-26;299144;289320;1495;2;335056;1;0;0;0;31809948;24016733;108507;177;26463638;36;0;0;0
FR;1;2021-07-27;385850;267932;1459;4;324916;1;0;0;0;32195798;24284665;109966;181;26788554;37;0;0;0
FR;1;2021-07-28;390213;250910;1463;4;307218;1;0;0;0;32586011;24535575;111429;185;27095772;38;0;0;0
FR;1;2021-07-29;406149;227610;1541;2;284344;0;0;0;0;32992160;24763185;112970;187;27380116;38;0;0;0
FR;1;2021-07-30;370752;246550;1638;4;298416;1;0;0;0;33362912;25009735;114608;191;27678532;39;0;0;0
FR;1;2021-07-31;243387;165084;794;1;199434;0;0;0;0;33606299;25174819;115402;192;27877966;39;0;0;0
FR;1;2021-08-01;105600;47212;235;0;61208;0;0;0;0;33711899;25222031;115637;192;27939174;39;0;0;0
FR;1;2021-08-02;297426;212836;1479;2;250656;0;0;0;0;34009325;25434867;117116;194;28189830;39;0;0;0
FR;1;2021-08-03;331346;208714;1557;2;250710;1;0;0;0;34340671;25643581;118673;196;28440540;40;0;0;0
FR;1;2021-08-04;328049;183853;1439;5;224025;3;0;0;0;34668720;25827434;120112;201;28664565;43;0;0;0
FR;1;2021-08-05;301290;193107;1483;0;229418;0;0;0;0;34970010;26020541;121595;201;28893983;43;0;0;0
FR;1;2021-08-06;290988;224112;1560;3;261426;0;0;0;0;35260998;26244653;123155;204;29155409;43;0;0;0
FR;1;2021-08-07;182674;158759;655;5;181682;1;0;0;0;35443672;26403412;123810;209;29337091;44;0;0;0
FR;1;2021-08-08;68890;59099;253;0;67629;0;0;0;0;35512562;26462511;124063;209;29404720;44;0;0;0
FR;1;2021-08-09;222793;235179;1445;4;263916;2;0;0;0;35735355;26697690;125508;213;29668636;46;0;0;0
FR;1;2021-08-10;252754;239864;1493;2;271725;0;0;0;0;35988109;26937554;127001;215;29940361;46;0;0;0
FR;1;2021-08-11;236247;231761;1271;5;261291;0;0;0;0;36224356;27169315;128272;220;30201652;46;0;0;0
FR;1;2021-08-12;220790;239764;1491;3;267892;0;0;0;0;36445146;27409079;129763;223;30469544;46;0;0;0
FR;1;2021-08-13;201723;238495;1360;2;264064;2;0;0;0;36646869;27647574;131123;225;30733608;48;0;0;0
FR;1;2021-08-14;122866;174040;645;0;189562;0;0;0;0;36769735;27821614;131768;225;30923170;48;0;0;0
FR;1;2021-08-15;34708;46117;201;1;50337;0;0;0;0;36804443;27867731;131969;226;30973507;48;0;0;0
FR;1;2021-08-16;156967;289359;1423;0;309961;0;0;0;0;36961410;28157090;133392;226;31283468;48;0;0;0
FR;1;2021-08-17;171618;290977;1422;5;313407;0;0;0;0;37133028;28448067;134814;231;31596875;48;0;0;0
FR;1;2021-08-18;161438;286680;1394;6;307334;3;0;0;0;37294466;28734747;136208;237;31904209;51;0;0;0
FR;1;2021-08-19;148958;277421;1405;1;297290;0;0;0;0;37443424;29012168;137613;238;32201499;51;0;0;0
FR;1;2021-08-20;140521;308940;1532;2;328202;2;0;0;0;37583945;29321108;139145;240;32529701;53;0;0;0
FR;1;2021-08-21;84281;213209;589;0;224543;0;0;0;0;37668226;29534317;139734;240;32754244;53;0;0;0
FR;1;2021-08-22;28582;82694;233;0;86700;0;0;0;0;37696808;29617011;139967;240;32840944;53;0;0;0
FR;1;2021-08-23;118666;320944;1422;2;337705;0;0;0;0;37815474;29937955;141389;242;33178649;53;0;0;0
FR;1;2021-08-24;126676;319635;1604;5;337480;0;0;0;0;37942150;30257590;142993;247;33516129;53;0;0;0
FR;1;2021-08-25;121543;306438;1781;8;323647;2;0;0;0;38063693;30564028;144774;255;33839776;55;0;0;0
FR;1;2021-08-26;106637;286063;2162;10;302388;0;0;0;0;38170330;30850091;146936;265;34142164;55;0;0;0
FR;1;2021-08-27;107659;321603;2303;9;338919;1;0;0;0;38277989;31171694;149239;274;34481083;56;0;0;0
FR;1;2021-08-28;71026;220692;1102;0;231234;0;0;0;0;38349015;31392386;150341;274;34712317;56;0;0;0
FR;1;2021-08-29;24154;78196;469;1;82089;0;0;0;0;38373169;31470582;150810;275;34794406;56;0;0;0
FR;1;2021-08-30;96900;286272;4313;6;299766;4973;0;0;0;38470069;31756854;155123;281;35094172;5029;0;0;0
FR;1;2021-08-31;98128;276248;9295;15;289917;10077;2;0;0;38568197;32033102;164418;296;35384089;15106;2;0;0
FR;1;2021-09-01;112358;245298;21120;8;257695;22153;1;0;0;38680555;32278400;185538;304;35641784;37259;3;0;0
FR;1;2021-09-02;86766;197909;24533;18;208319;25513;0;0;0;38767321;32476309;210071;322;35850103;62772;3;0;0
FR;1;2021-09-03;82428;227491;26957;21;238941;28041;0;0;0;38849749;32703800;237028;343;36089044;90813;3;0;0
FR;1;2021-09-04;71630;189715;11142;11;199316;11707;7;0;0;38921379;32893515;248170;354;36288360;102520;10;0;0
FR;1;2021-09-05;18613;41145;4124;2;43856;4274;0;0;0;38939992;32934660;252294;356;36332216;106794;10;0;0
FR;1;2021-09-06;59822;151396;30181;15;158942;31205;2;0;0;38999814;33086056;282475;371;36491158;137999;12;0;0
FR;1;2021-09-07;57400;139629;30213;30;146771;31247;2;0;0;39057214;33225685;312688;401;36637929;169246;14;0;0
FR;1;2021-09-08;72349;173788;26926;22;182289;27956;4;0;0;39129563;33399473;339614;423;36820218;197202;18;0;0
FR;1;2021-09-09;54491;124417;28634;24;131187;29743;5;0;0;39184054;33523890;368248;447;36951405;226945;23;0;0
FR;1;2021-09-10;66218;152070;30452;24;161176;31689;5;0;0;39250272;33675960;398700;471;37112581;258634;28;0;0
FR;1;2021-09-11;52690;146627;9731;14;154132;10352;0;0;0;39302962;33822587;408431;485;37266713;268986;28;0;0
FR;1;2021-09-12;10797;29271;2489;1;30971;2658;2;0;0;39313759;33851858;410920;486;37297684;271644;30;0;0
FR;1;2021-09-13;51515;104416;38763;31;110972;40082;16;0;0;39365274;33956274;449683;517;37408656;311726;46;0;0
FR;1;2021-09-14;53343;95993;51283;67;102397;53256;40;0;0;39418617;34052267;500966;584;37511053;364982;86;0;0
FR;1;2021-09-15;60579;139237;50497;55;146428;47058;68;0;0;39479196;34191504;551463;639;37657481;412040;154;0;0
FR;1;2021-09-16;46639;81362;53355;70;86264;49605;65;0;0;39525835;34272866;604818;709;37743745;461645;219;0;0
FR;1;2021-09-17;53224;109330;45072;61;115670;42701;62;0;0;39579059;34382196;649890;770;37859415;504346;281;0;0
FR;1;2021-09-18;37882;118488;11796;19;124079;11276;19;0;0;39616941;34500684;661686;789;37983494;515622;300;0;0
FR;1;2021-09-19;6531;21028;2042;1;22131;1983;1;0;0;39623472;34521712;663728;790;38005625;517605;301;0;0
FR;1;2021-09-20;36543;74836;46232;65;78561;44193;32;0;0;39660015;34596548;709960;855;38084186;561798;333;0;0
FR;1;2021-09-21;34201;68110;56267;72;71143;52742;77;0;0;39694216;34664658;766227;927;38155329;614540;410;0;0
FR;1;2021-09-22;38841;118605;49879;76;123027;46924;41;0;0;39733057;34783263;816106;1003;38278356;661464;451;0;0
FR;1;2021-09-23;32038;62899;54510;85;65803;50919;79;0;0;39765095;34846162;870616;1088;38344159;712383;530;0;0
FR;1;2021-09-24;36798;90035;43673;89;94396;41954;57;0;0;39801893;34936197;914289;1177;38438555;754337;587;0;0
FR;1;2021-09-25;27652;96704;12307;27;101065;12186;19;0;0;39829545;35032901;926596;1204;38539620;766523;606;0;0
FR;1;2021-09-26;4386;15197;1777;5;16061;1699;4;0;0;39833931;35048098;928373;1209;38555681;768222;610;0;0
FR;1;2021-09-27;27353;60216;42913;89;63449;41640;81;0;1;39861284;35108314;971286;1298;38619130;809862;691;0;1
FR;1;2021-09-28;26913;49420;47201;76;52047;44483;41;0;0;39888197;35157734;1018487;1374;38671177;854345;732;0;1
FR;1;2021-09-29;35925;80267;47291;87;84655;45615;36;0;0;39924122;35238001;1065778;1461;38755832;899960;768;0;1
FR;1;2021-09-30;26075;46890;47527;80;49258;45469;52;0;0;39950197;35284891;1113305;1541;38805090;945429;820;0;1
FR;1;2021-10-01;47303;66917;44904;83;70811;44621;15;0;0;39997500;35351808;1158209;1624;38875901;990050;835;0;1
FR;1;2021-10-02;32383;62403;16113;32;67217;16323;6;0;0;40029883;35414211;1174322;1656;38943118;1006373;841;0;1
FR;1;2021-10-03;4343;8564;2040;3;9313;2037;4;0;0;40034226;35422775;1176362;1659;38952431;1008410;845;0;1
FR;1;2021-10-04;28977;44421;47111;79;46840;46978;31;0;0;40063203;35467196;1223473;1738;38999271;1055388;876;0;1
FR;1;2021-10-05;24567;41636;49891;116;43137;49341;50;0;0;40087770;35508832;1273364;1854;39042408;1104729;926;0;1
FR;1;2021-10-06;34657;61373;57506;101;64491;57255;25;0;0;40122427;35570205;1330870;1955;39106899;1161984;951;0;1
FR;1;2021-10-07;21080;39913;53050;75;41094;51995;33;0;0;40143507;35610118;1383920;2030;39147993;1213979;984;0;1
FR;1;2021-10-08;35669;59639;60408;83;62874;61163;29;0;0;40179176;35669757;1444328;2113;39210867;1275142;1013;0;1
FR;1;2021-10-09;27466;48015;25496;29;52492;26021;10;0;0;40206642;35717772;1469824;2142;39263359;1301163;1023;0;1
FR;1;2021-10-10;3725;5811;2758;7;6289;2865;1;0;0;40210367;35723583;1472582;2149;39269648;1304028;1024;0;1
FR;1;2021-10-11;24857;38215;54586;88;40303;55260;48;0;0;40235224;35761798;1527168;2237;39309951;1359288;1072;0;1
FR;1;2021-10-12;23381;36586;58075;128;37103;59228;18;0;0;40258605;35798384;1585243;2365;39347054;1418516;1090;0;1
FR;1;2021-10-13;32974;47836;64175;125;50646;65699;23;0;1;40291579;35846220;1649418;2490;39397700;1484215;1113;0;2
FR;1;2021-10-14;21712;34774;53771;103;35684;54364;24;0;0;40313291;35880994;1703189;2593;39433384;1538579;1137;0;2
FR;1;2021-10-15;32750;48760;72329;165;50458;75022;23;0;0;40346041;35929754;1775518;2758;39483842;1613601;1160;0;2
FR;1;2021-10-16;26013;35284;34871;44;38302;36425;14;0;0;40372054;35965038;1810389;2802;39522144;1650026;1174;0;2
FR;1;2021-10-17;3158;4048;3417;2;4492;3317;3;0;0;40375212;35969086;1813806;2804;39526636;1653343;1177;0;2
FR;1;2021-10-18;24347;34886;66847;132;34932;69724;28;0;0;40399559;36003972;1880653;2936;39561568;1723067;1205;0;2
FR;1;2021-10-19;20722;35572;75671;135;33232;79599;41;0;0;40420281;36039544;1956324;3071;39594800;1802666;1246;0;2
FR;1;2021-10-20;29915;44201;96184;178;43282;99871;45;0;0;40450196;36083745;2052508;3249;39638082;1902537;1291;0;2
FR;1;2021-10-21;19803;35050;83192;107;31764;87051;31;0;0;40469999;36118795;2135700;3356;39669846;1989588;1322;0;2
FR;1;2021-10-22;29756;47758;103754;196;44570;109709;58;0;0;40499755;36166553;2239454;3552;39714416;2099297;1380;0;2
FR;1;2021-10-23;23055;35142;44874;57;36138;47384;11;0;0;40522810;36201695;2284328;3609;39750554;2146681;1391;0;2
FR;1;2021-10-24;2406;3841;3584;6;4040;3718;1;0;0;40525216;36205536;2287912;3615;39754594;2150399;1392;0;2
FR;1;2021-10-25;22499;30733;82029;143;29622;85834;37;0;0;40547715;36236269;2369941;3758;39784216;2236233;1429;0;2
FR;1;2021-10-26;19365;27646;86121;162;24749;90345;31;0;0;40567080;36263915;2456062;3920;39808965;2326578;1460;0;2
FR;1;2021-10-27;26220;39618;107822;252;37313;112735;49;0;0;40593300;36303533;2563884;4172;39846278;2439313;1509;0;2
FR;1;2021-10-28;18802;27111;86966;150;23496;91725;37;0;0;40612102;36330644;2650850;4322;39869774;2531038;1546;0;2
FR;1;2021-10-29;25931;40261;114840;202;35498;121673;53;0;0;40638033;36370905;2765690;4524;39905272;2652711;1599;0;2
FR;1;2021-10-30;17712;28712;49371;74;28306;51964;18;0;0;40655745;36399617;2815061;4598;39933578;2704675;1617;0;2
FR;1;2021-10-31;2086;3171;3451;2;3217;3685;2;0;0;40657831;36402788;2818512;4600;39936795;2708360;1619;0;2
FR;1;2021-11-01;8014;4270;3035;3;4357;3292;6;0;0;40665845;36407058;2821547;4603;39941152;2711652;1625;0;2
FR;1;2021-11-02;22908;33227;92410;156;29189;97858;39;0;1;40688753;36440285;2913957;4759;39970341;2809510;1664;0;3
FR;1;2021-11-03;26635;41563;117511;219;37018;123892;58;0;0;40715388;36481848;3031468;4978;40007359;2933402;1722;0;3
FR;1;2021-11-04;19627;30302;105820;213;24188;111973;43;0;0;40735015;36512150;3137288;5191;40031547;3045375;1765;0;3
FR;1;2021-11-05;27024;42299;138791;230;34191;147470;47;0;0;40762039;36554449;3276079;5421;40065738;3192845;1812;0;3
FR;1;2021-11-06;18863;29818;63489;123;27621;66506;25;0;0;40780902;36584267;3339568;5544;40093359;3259351;1837;0;3
FR;1;2021-11-07;1834;3278;4983;6;3033;5302;5;0;0;40782736;36587545;3344551;5550;40096392;3264653;1842;0;3
FR;1;2021-11-08;17876;32239;126010;224;25387;132644;48;0;0;40800612;36619784;3470561;5774;40121779;3397297;1890;0;3
FR;1;2021-11-09;19519;37605;159323;334;26146;169129;67;0;0;40820131;36657389;3629884;6108;40147925;3566426;1957;0;3
FR;1;2021-11-10;28889;49067;181922;441;39031;192537;86;0;0;40849020;36706456;3811806;6549;40186956;3758963;2043;0;3
FR;1;2021-11-11;4191;5936;12237;26;5108;13031;14;0;0;40853211;36712392;3824043;6575;40192064;3771994;2057;0;3
FR;1;2021-11-12;26023;46830;174845;244;35310;186528;81;0;0;40879234;36759222;3998888;6819;40227374;3958522;2138;0;3
FR;1;2021-11-13;18734;29152;76846;111;25378;81794;41;0;0;40897968;36788374;4075734;6930;40252752;4040316;2179;0;3
FR;1;2021-11-14;2050;3243;6827;5;2798;7358;6;0;0;40900018;36791617;4082561;6935;40255550;4047674;2185;0;3
FR;1;2021-11-15;18787;34714;156440;306;24627;166268;59;0;0;40918805;36826331;4239001;7241;40280177;4213942;2244;0;3
FR;1;2021-11-16;21363;37845;192148;380;23352;205059;103;0;1;40940168;36864176;4431149;7621;40303529;4419001;2347;0;4
FR;1;2021-11-17;28672;45556;193250;398;33034;205065;95;0;0;40968840;36909732;4624399;8019;40336563;4624066;2442;0;4
FR;1;2021-11-18;21143;39597;182527;458;25149;194639;87;0;0;40989983;36949329;4806926;8477;40361712;4818705;2529;0;4
FR;1;2021-11-19;30892;53329;230277;532;34833;246764;137;0;0;41020875;37002658;5037203;9009;40396545;5065469;2666;0;4
FR;1;2021-11-20;23768;33220;96998;202;26738;103646;44;0;0;41044643;37035878;5134201;9211;40423283;5169115;2710;0;4
FR;1;2021-11-21;2339;3911;9128;19;2957;9938;16;0;0;41046982;37039789;5143329;9230;40426240;5179053;2726;0;4
FR;1;2021-11-22;21422;30344;175927;467;16961;189474;78;0;0;41068404;37070133;5319256;9697;40443201;5368527;2804;0;4
FR;1;2021-11-23;24029;40978;221249;540;21332;237994;77;0;0;41092433;37111111;5540505;10237;40464533;5606521;2881;0;4
FR;1;2021-11-24;30298;49657;217388;702;31991;234560;68;0;0;41122731;37160768;5757893;10939;40496524;5841081;2949;0;4
FR;1;2021-11-25;23732;44040;244502;718;22096;264177;101;0;0;41146463;37204808;6002395;11657;40518620;6105258;3050;0;4
FR;1;2021-11-26;30621;66663;356832;836;33280;388608;154;0;0;41177084;37271471;6359227;12493;40551900;6493866;3204;0;4
FR;1;2021-11-27;21960;45295;202655;372;26190;222684;112;0;0;41199044;37316766;6561882;12865;40578090;6716550;3316;0;4
FR;1;2021-11-28;3179;9561;54799;63;3476;61018;37;0;0;41202223;37326327;6616681;12928;40581566;6777568;3353;0;4
FR;1;2021-11-29;17902;49471;326415;841;20798;354542;150;0;0;41220125;37375798;6943096;13769;40602364;7132110;3503;0;4
FR;1;2021-11-30;22790;64860;431183;952;23858;470821;262;0;0;41242915;37440658;7374279;14721;40626222;7602931;3765;0;4
FR;1;2021-12-01;25352;69116;442934;1131;28502;481804;271;0;0;41268267;37509774;7817213;15852;40654724;8084735;4036;0;4
FR;1;2021-12-02;20088;64401;489440;1229;18517;532962;271;0;0;41288355;37574175;8306653;17081;40673241;8617697;4307;0;4
FR;1;2021-12-03;22913;82346;542813;1310;30343;591805;307;0;0;41311268;37656521;8849466;18391;40703584;9209502;4614;0;4
FR;1;2021-12-04;16418;53840;299122;654;23253;328990;182;0;0;41327686;37710361;9148588;19045;40726837;9538492;4796;0;4
FR;1;2021-12-05;3635;13791;81544;143;4209;91045;85;0;0;41331321;37724152;9230132;19188;40731046;9629537;4881;0;4
FR;1;2021-12-06;25849;62459;415486;1066;22105;455211;356;0;0;41357170;37786611;9645618;20254;40753151;10084748;5237;0;4
FR;1;2021-12-07;20015;75481;523030;1536;24332;572660;371;0;0;41377185;37862092;10168648;21790;40777483;10657408;5608;0;4
FR;1;2021-12-08;21717;75558;458488;1545;30692;502163;378;0;0;41398902;37937650;10627136;23335;40808175;11159571;5986;0;4
FR;1;2021-12-09;19469;74017;493002;1626;24404;541018;397;0;0;41418371;38011667;11120138;24961;40832579;11700589;6383;0;4
FR;1;2021-12-10;23326;87599;547426;1585;32505;600061;390;0;1;41441697;38099266;11667564;26546;40865084;12300650;6773;0;5
FR;1;2021-12-11;16530;59124;302758;751;25984;335489;279;0;0;41458227;38158390;11970322;27297;40891068;12636139;7052;0;5
FR;1;2021-12-12;4392;15901;83229;179;5261;94042;96;0;0;41462619;38174291;12053551;27476;40896329;12730181;7148;0;5
FR;1;2021-12-13;15756;63488;367040;1094;23991;406326;235;0;0;41478375;38237779;12420591;28570;40920320;13136507;7383;0;5
FR;1;2021-12-14;20864;80184;464837;1748;28725;515284;505;0;1;41499239;38317963;12885428;30318;40949045;13651791;7888;0;6
FR;1;2021-12-15;21622;77353;409133;1309;33067;453206;311;0;1;41520861;38395316;13294561;31627;40982112;14104997;8199;0;7
FR;1;2021-12-16;20064;77146;451928;1577;28003;500673;325;0;0;41540925;38472462;13746489;33204;41010115;14605670;8524;0;7
FR;1;2021-12-17;22625;86481;479981;1737;34736;531019;372;0;0;41563550;38558943;14226470;34941;41044851;15136689;8896;0;7
FR;1;2021-12-18;17609;54602;257643;731;24726;288524;232;0;0;41581159;38613545;14484113;35672;41069577;15425213;9128;0;7
FR;1;2021-12-19;5562;16949;79197;194;5938;90691;116;0;0;41586721;38630494;14563310;35866;41075515;15515904;9244;0;7
FR;1;2021-12-20;20950;62990;316274;1081;26590;355317;283;0;0;41607671;38693484;14879584;36947;41102105;15871221;9527;0;7
FR;1;2021-12-21;26340;72934;372786;1423;30638;418106;337;0;0;41634011;38766418;15252370;38370;41132743;16289327;9864;0;7
FR;1;2021-12-22;24987;65729;310673;1217;29652;349601;361;0;1;41658998;38832147;15563043;39587;41162395;16638928;10225;0;8
FR;1;2021-12-23;21274;52173;241507;958;23399;273053;362;0;0;41680272;38884320;15804550;40545;41185794;16911981;10587;0;8
FR;1;2021-12-24;7128;18296;67162;258;9265;77060;154;0;1;41687400;38902616;15871712;40803;41195059;16989041;10741;0;9
FR;1;2021-12-25;507;2873;5590;15;1803;6536;55;0;0;41687907;38905489;15877302;40818;41196862;16995577;10796;0;9
FR;1;2021-12-26;2750;7579;26950;71;3495;31464;100;0;0;41690657;38913068;15904252;40889;41200357;17027041;10896;0;9
FR;1;2021-12-27;18312;53500;235132;705;25502;265780;365;0;0;41708969;38966568;16139384;41594;41225859;17292821;11261;0;9
FR;1;2021-12-28;23302;61939;292047;1026;27047;330218;595;0;1;41732271;39028507;16431431;42620;41252906;17623039;11856;0;10
FR;1;2021-12-29;22218;55441;255024;920;25310;288233;645;0;1;41754489;39083948;16686455;43540;41278216;17911272;12501;0;11
FR;1;2021-12-30;21241;46464;212169;858;22487;239627;718;0;0;41775730;39130412;16898624;44398;41300703;18150899;13219;0;11
FR;1;2021-12-31;7467;16547;61875;229;8733;70406;346;0;0;41783197;39146959;16960499;44627;41309436;18221305;13565;0;11
FR;1;2022-01-01;1158;2497;5666;30;1541;6585;72;0;0;41784355;39149456;16966165;44657;41310977;18227890;13637;0;11
FR;1;2022-01-02;3087;8077;28893;50;3674;33532;190;0;0;41787442;39157533;16995058;44707;41314651;18261422;13827;0;11
FR;1;2022-01-03;25716;54216;228266;789;27573;257735;957;0;1;41813158;39211749;17223324;45496;41342224;18519157;14784;0;12
FR;1;2022-01-04;26205;65046;299282;1239;29853;337317;1367;0;2;41839363;39276795;17522606;46735;41372077;18856474;16151;0;14
FR;1;2022-01-05;30546;64289;274906;1099;32549;310286;1263;0;0;41869909;39341084;17797512;47834;41404626;19166760;17414;0;14
FR;1;2022-01-06;26839;66226;306905;1401;29303;346569;1567;0;1;41896748;39407310;18104417;49235;41433929;19513329;18981;0;15
FR;1;2022-01-07;31570;75027;349847;1538;34436;393990;1822;0;1;41928318;39482337;18454264;50773;41468365;19907319;20803;0;16
FR;1;2022-01-08;23389;51376;222499;698;25593;251126;913;0;1;41951707;39533713;18676763;51471;41493958;20158445;21716;0;17
FR;1;2022-01-09;7092;17154;66026;163;8187;76135;335;0;0;41958799;39550867;18742789;51634;41502145;20234580;22051;0;17
FR;1;2022-01-10;21793;60629;236810;956;32957;267604;1257;0;1;41980592;39611496;18979599;52590;41535102;20502184;23308;0;18
FR;1;2022-01-11;26765;63468;282307;1280;31228;317832;1835;0;1;42007357;39674964;19261906;53870;41566330;20820016;25143;0;19
FR;1;2022-01-12;28960;62528;246276;1105;35088;278066;1685;0;3;42036317;39737492;19508182;54975;41601418;21098082;26828;0;22
FR;1;2022-01-13;24782;60190;262806;1253;30061;296126;1994;0;4;42061099;39797682;19770988;56228;41631479;21394208;28822;0;26
FR;1;2022-01-14;27967;66736;314027;1366;32158;351277;2475;0;1;42089066;39864418;20085015;57594;41663637;21745485;31297;0;27
FR;1;2022-01-15;19366;44430;199321;618;22478;223863;1362;0;1;42108432;39908848;20284336;58212;41686115;21969348;32659;0;28
FR;1;2022-01-16;5160;12974;51529;135;6032;59558;337;0;0;42113592;39921822;20335865;58347;41692147;22028906;32996;0;28
FR;1;2022-01-17;16867;39713;184841;783;20145;206836;1691;0;2;42130459;39961535;20520706;59130;41712292;22235742;34687;0;30
FR;1;2022-01-18;19453;45981;212437;1154;22992;237048;2457;0;1;42149912;40007516;20733143;60284;41735284;22472790;37144;0;31
FR;1;2022-01-19;20308;43984;176121;897;25491;197199;1974;0;4;42170220;40051500;20909264;61181;41760775;22669989;39118;0;35
FR;1;2022-01-20;16841;40585;183701;1147;20815;204755;2514;0;2;42187061;40092085;21092965;62328;41781590;22874744;41632;0;37
FR;1;2022-01-21;19917;47040;228967;1405;23917;253347;3107;0;1;42206978;40139125;21321932;63733;41805507;23128091;44739;0;38
FR;1;2022-01-22;13844;33349;144498;578;18445;161390;1404;0;2;42220822;40172474;21466430;64311;41823952;23289481;46143;0;40
FR;1;2022-01-23;3377;8768;33431;132;4576;38320;352;0;1;42224199;40181242;21499861;64443;41828528;23327801;46495;0;41
FR;1;2022-01-24;11812;32987;142225;717;17804;158265;2103;0;1;42236011;40214229;21642086;65160;41846332;23486066;48598;0;42
FR;1;2022-01-25;14213;38190;163420;1049;20291;181574;3181;0;1;42250224;40252419;21805506;66209;41866623;23667640;51779;0;43
FR;1;2022-01-26;14863;37717;150257;933;22641;166371;2517;0;1;42265087;40290136;21955763;67142;41889264;23834011;54296;0;44
FR;1;2022-01-27;12340;33322;143460;896;18503;158023;3228;0;3;42277427;40323458;22099223;68038;41907767;23992034;57524;0;47
FR;1;2022-01-28;16329;56933;198323;1143;32675;222401;4005;0;3;42293756;40380391;22297546;69181;41940442;24214435;61529;0;50
FR;1;2022-01-29;10268;35481;135207;525;19615;151541;1879;0;1;42304024;40415872;22432753;69706;41960057;24365976;63408;0;51
FR;1;2022-01-30;2485;9263;29682;86;4831;34449;435;0;1;42306509;40425135;22462435;69792;41964888;24400425;63843;0;52
FR;1;2022-01-31;8758;32493;104349;533;19488;117363;2341;0;3;42315267;40457628;22566784;70325;41984376;24517788;66184;0;55
FR;1;2022-02-01;10997;36466;127086;865;20643;141232;4326;0;1;42326264;40494094;22693870;71190;42005019;24659020;70510;0;56
FR;1;2022-02-02;12054;41590;130359;782;25267;145828;3778;0;9;42338318;40535684;22824229;71972;42030286;24804848;74288;0;65
FR;1;2022-02-03;9333;34045;117018;785;19110;130330;4289;0;4;42347651;40569729;22941247;72757;42049396;24935178;78577;0;69
FR;1;2022-02-04;11534;48718;172583;967;26007;192732;5487;0;5;42359185;40618447;23113830;73724;42075403;25127910;84064;0;74
FR;1;2022-02-05;7998;33930;117590;391;18174;133035;2420;0;3;42367183;40652377;23231420;74115;42093577;25260945;86484;0;77
FR;1;2022-02-06;1706;8000;22752;85;3873;26907;443;0;0;42368889;40660377;23254172;74200;42097450;25287852;86927;0;77
FR;1;2022-02-07;7343;35417;119107;459;18189;134979;3397;0;4;42376232;40695794;23373279;74659;42115639;25422831;90324;0;81
FR;1;2022-02-08;7764;31955;125662;695;14887;140651;4301;0;5;42383996;40727749;23498941;75354;42130526;25563482;94625;0;86
FR;1;2022-02-09;8651;36520;135257;701;17920;152502;3883;0;7;42392647;40764269;23634198;76055;42148446;25715984;98508;0;93
FR;1;2022-02-10;7022;30125;116377;675;13888;130166;4443;0;1;42399669;40794394;23750575;76730;42162334;25846150;102951;0;94
FR;1;2022-02-11;8656;41550;165145;878;18358;185370;5430;0;3;42408325;40835944;23915720;77608;42180692;26031520;108381;0;97
FR;1;2022-02-12;5342;27611;106713;379;12533;120898;2396;0;2;42413667;40863555;24022433;77987;42193225;26152418;110777;0;99
FR;1;2022-02-13;1265;5720;21718;66;2187;25336;402;0;3;42414932;40869275;24044151;78053;42195412;26177754;111179;0;102
FR;1;2022-02-14;5458;27225;118092;394;10641;133120;3384;0;4;42420390;40896500;24162243;78447;42206053;26310874;114563;0;106
FR;1;2022-02-15;5791;28862;118931;611;12208;132564;4882;0;1;42426181;40925362;24281174;79058;42218261;26443438;119445;0;107
FR;1;2022-02-16;5759;28489;110422;596;13754;123053;4152;0;3;42431940;40953851;24391596;79654;42232015;26566491;123597;0;110
FR;1;2022-02-17;4613;19739;73146;489;10125;80251;3998;0;3;42436553;40973590;24464742;80143;42242140;26646742;127595;0;113
FR;1;2022-02-18;5609;26790;99203;673;14163;108163;5519;0;2;42442162;41000380;24563945;80816;42256303;26754905;133114;0;115
FR;1;2022-02-19;3551;17177;59479;304;9569;66060;2266;0;0;42445713;41017557;24623424;81120;42265872;26820965;135380;0;115
FR;1;2022-02-20;791;3257;10706;36;1650;12333;360;0;1;42446504;41020814;24634130;81156;42267522;26833298;135740;0;116
FR;1;2022-02-21;3430;14593;52830;286;7916;57676;3126;0;2;42449934;41035407;24686960;81442;42275438;26890974;138866;0;118
FR;1;2022-02-22;3800;15540;51917;500;9037;55655;4070;0;1;42453734;41050947;24738877;81942;42284475;26946629;142936;0;119
FR;1;2022-02-23;4232;17822;57479;509;10741;62580;3569;0;3;42457966;41068769;24796356;82451;42295216;27009209;146505;0;122
FR;1;2022-02-24;3343;13133;43618;436;7828;46408;3657;0;2;42461309;41081902;24839974;82887;42303044;27055617;150162;0;124
FR;1;2022-02-25;4475;19960;64924;696;12078;68795;5767;0;4;42465784;41101862;24904898;83583;42315122;27124412;155929;0;128
FR;1;2022-02-26;2693;12802;41371;310;7649;45124;2494;0;2;42468477;41114664;24946269;83893;42322771;27169536;158423;0;130
FR;1;2022-02-27;644;2190;7129;42;1206;7994;431;0;0;42469121;41116854;24953398;83935;42323977;27177530;158854;0;130
FR;1;2022-02-28;2612;10493;34964;306;6075;37390;3124;0;0;42471733;41127347;24988362;84241;42330052;27214920;161978;0;130
FR;1;2022-03-01;3583;10753;38704;391;6358;39658;4549;0;4;42475316;41138100;25027066;84632;42336410;27254578;166527;0;134
FR;1;2022-03-02;3679;12185;41862;398;7452;43932;4110;0;1;42478995;41150285;25068928;85030;42343862;27298510;170637;0;135
FR;1;2022-03-03;2462;7985;26181;328;5241;26519;3379;0;1;42481457;41158270;25095109;85358;42349103;27325029;174016;0;136
FR;1;2022-03-04;2683;10505;35446;592;6937;34940;5277;0;3;42484140;41168775;25130555;85950;42356040;27359969;179293;0;139
FR;1;2022-03-05;1822;6363;21968;280;4202;22366;2571;0;1;42485962;41175138;25152523;86230;42360242;27382335;181864;0;140
FR;1;2022-03-06;359;956;2917;38;602;3120;327;0;0;42486321;41176094;25155440;86268;42360844;27385455;182191;0;140
FR;1;2022-03-07;1801;4719;16439;245;3043;15905;2831;0;4;42488122;41180813;25171879;86513;42363887;27401360;185022;0;144
FR;1;2022-03-08;1711;5256;17168;309;3667;15996;3472;0;3;42489833;41186069;25189047;86822;42367554;27417356;188494;0;147
FR;1;2022-03-09;1988;6676;19813;370;4752;19171;3422;0;4;42491821;41192745;25208860;87192;42372306;27436527;191916;0;151
FR;1;2022-03-10;1410;5010;15293;308;3662;14331;2943;0;2;42493231;41197755;25224153;87500;42375968;27450858;194859;0;153
FR;1;2022-03-11;1758;6407;21709;487;4442;19864;4737;0;1;42494989;41204162;25245862;87987;42380410;27470722;199596;0;154
FR;1;2022-03-12;1259;4653;15366;281;3096;14915;2686;0;2;42496248;41208815;25261228;88268;42383506;27485637;202282;0;156
FR;1;2022-03-13;256;612;2120;119;412;2066;468;0;0;42496504;41209427;25263348;88387;42383918;27487703;202750;0;156
FR;1;2022-03-14;1151;3678;13405;3882;2293;12527;6342;0;8;42497655;41213105;25276753;92269;42386211;27500230;209092;0;164
FR;1;2022-03-15;1408;5738;14661;6863;4321;13258;9844;0;8;42499063;41218843;25291414;99132;42390532;27513488;218936;0;172
FR;1;2022-03-16;1694;5085;17394;11520;3595;16459;14125;0;6;42500757;41223928;25308808;110652;42394127;27529947;233061;0;178
FR;1;2022-03-17;1175;3439;11733;9648;2364;10827;11732;0;8;42501932;41227367;25320541;120300;42396491;27540774;244793;0;186
FR;1;2022-03-18;1726;4929;17974;16507;3323;16413;19721;0;14;42503658;41232296;25338515;136807;42399814;27557187;264514;0;200
FR;1;2022-03-19;1126;3299;11890;8459;2275;11359;10141;0;6;42504784;41235595;25350405;145266;42402089;27568546;274655;0;206
FR;1;2022-03-20;224;559;1725;1014;361;1759;1224;0;2;42505008;41236154;25352130;146280;42402450;27570305;275879;0;208
FR;1;2022-03-21;1086;2766;11501;13461;1785;10850;15142;0;10;42506094;41238920;25363631;159741;42404235;27581155;291021;0;218
FR;1;2022-03-22;1279;3212;12260;18714;2153;11248;20617;0;5;42507373;41242132;25375891;178455;42406388;27592403;311638;0;223
FR;1;2022-03-23;1510;4357;16031;20111;2953;15712;21882;0;34;42508883;41246489;25391922;198566;42409341;27608115;333520;0;257
FR;1;2022-03-24;1116;2753;10401;16058;1910;9663;17562;0;15;42509999;41249242;25402323;214624;42411251;27617778;351082;0;272
FR;1;2022-03-25;1535;4360;16748;25315;2877;15400;27959;0;23;42511534;41253602;25419071;239939;42414128;27633178;379041;0;295
FR;1;2022-03-26;1109;3014;10856;11450;2064;10517;12862;0;20;42512643;41256616;25429927;251389;42416192;27643695;391903;0;315
FR;1;2022-03-27;234;546;1751;1382;334;1804;1593;0;1;42512877;41257162;25431678;252771;42416526;27645499;393496;0;316
FR;1;2022-03-28;1082;2488;9978;15885;1555;9601;17228;0;10;42513959;41259650;25441656;268656;42418081;27655100;410724;0;326
FR;1;2022-03-29;1142;2744;11557;25109;1594;10922;26505;0;30;42515101;41262394;25453213;293765;42419675;27666022;437229;0;356
FR;1;2022-03-30;1631;3609;14170;24228;2381;13710;25892;0;19;42516732;41266003;25467383;317993;42422056;27679732;463121;0;375
FR;1;2022-03-31;1279;3016;11698;22685;2043;11212;24005;0;40;42518011;41269019;25479081;340678;42424099;27690944;487126;0;415
FR;1;2022-04-01;2233;4021;18487;28531;2476;17357;30803;0;53;42520244;41273040;25497568;369209;42426575;27708301;517929;0;468
FR;1;2022-04-02;910;1889;8195;9238;1105;7954;10231;0;28;42521154;41274929;25505763;378447;42427680;27716255;528160;0;496
FR;1;2022-04-03;203;381;1433;1057;219;1434;1248;0;1;42521357;41275310;25507196;379504;42427899;27717689;529408;0;497
FR;1;2022-04-04;2524;2483;11371;17681;1566;10763;18899;0;30;42523881;41277793;25518567;397185;42429465;27728452;548307;0;527
FR;1;2022-04-05;2097;2708;13001;31219;1693;12025;32600;0;68;42525978;41280501;25531568;428404;42431158;27740477;580907;0;595
FR;1;2022-04-06;1816;3003;12204;23942;1910;11639;25240;0;62;42527794;41283504;25543772;452346;42433068;27752116;606147;0;657
FR;1;2022-04-07;1560;2738;12353;31081;1638;11818;32157;0;68;42529354;41286242;25556125;483427;42434706;27763934;638304;0;725
FR;1;2022-04-08;1755;3653;17559;40618;2045;16468;42687;0;76;42531109;41289895;25573684;524045;42436751;27780402;680991;0;801
FR;1;2022-04-09;822;1997;8404;12502;1074;8103;13502;0;26;42531931;41291892;25582088;536547;42437825;27788505;694493;0;827
FR;1;2022-04-10;201;650;1836;1855;415;1882;2075;0;6;42532132;41292542;25583924;538402;42438240;27790387;696568;0;833
FR;1;2022-04-11;1085;2256;10969;22347;1305;10687;23453;0;68;42533217;41294798;25594893;560749;42439545;27801074;720021;0;901
FR;1;2022-04-12;1338;2669;12821;38131;1583;12310;38882;0;119;42534555;41297467;25607714;598880;42441128;27813384;758903;0;1020
FR;1;2022-04-13;1277;2893;12271;30617;1788;12003;31388;0;85;42535832;41300360;25619985;629497;42442916;27825387;790291;0;1105
FR;1;2022-04-14;1228;2587;12118;33623;1590;12132;34060;0;88;42537060;41302947;25632103;663120;42444506;27837519;824351;0;1193
FR;1;2022-04-15;1497;3233;14404;33264;2053;13805;34667;0;107;42538557;41306180;25646507;696384;42446559;27851324;859018;0;1300
FR;1;2022-04-16;660;1405;5845;8003;763;5776;8757;0;31;42539217;41307585;25652352;704387;42447322;27857100;867775;0;1331
FR;1;2022-04-17;156;288;930;1121;175;975;1171;0;7;42539373;41307873;25653282;705508;42447497;27858075;868946;0;1338
FR;1;2022-04-18;166;479;2636;1002;296;2659;1187;0;5;42539539;41308352;25655918;706510;42447793;27860734;870133;0;1343
FR;1;2022-04-19;1256;2609;11785;27932;1497;11516;28787;0;69;42540795;41310961;25667703;734442;42449290;27872250;898920;0;1412
FR;1;2022-04-20;1350;2669;12176;26877;1671;12027;27703;0;82;42542145;41313630;25679879;761319;42450961;27884277;926623;0;1494
FR;1;2022-04-21;1242;2459;11548;33251;1508;11761;33606;0;107;42543387;41316089;25691427;794570;42452469;27896038;960229;0;1601
FR;1;2022-04-22;1521;3083;15215;35501;1916;14794;36698;0;120;42544908;41319172;25706642;830071;42454385;27910832;996927;0;1721
FR;1;2022-04-23;764;1581;6735;9893;917;6641;10577;0;30;42545672;41320753;25713377;839964;42455302;27917473;1007504;0;1751
FR;1;2022-04-24;196;373;1373;1521;237;1328;1744;0;7;42545868;41321126;25714750;841485;42455539;27918801;1009248;0;1758
FR;1;2022-04-25;1041;2129;9855;19732;1252;9756;20554;0;64;42546909;41323255;25724605;861217;42456791;27928557;1029802;0;1822
FR;1;2022-04-26;1348;2623;12602;36593;1604;12203;37179;0;163;42548257;41325878;25737207;897810;42458395;27940760;1066981;0;1985
FR;1;2022-04-27;1330;2406;10653;29242;1464;10789;29628;0;122;42549587;41328284;25747860;927052;42459859;27951549;1096609;0;2107
FR;1;2022-04-28;1284;2410;11561;34283;1517;11403;34432;0;127;42550871;41330694;25759421;961335;42461376;27962952;1131041;0;2234
FR;1;2022-04-29;1613;4272;14401;35559;3146;13855;36847;0;153;42552484;41334966;25773822;996894;42464522;27976807;1167888;0;2387
FR;1;2022-04-30;832;2473;6446;9173;1902;6289;9974;0;35;42553316;41337439;25780268;1006067;42466424;27983096;1177862;0;2422
FR;1;2022-05-01;177;288;832;949;190;826;1078;0;5;42553493;41337727;25781100;1007016;42466614;27983922;1178940;0;2427
FR;1;2022-05-02;1870;2606;10377;16948;1762;10300;17631;0;64;42555363;41340333;25791477;1023964;42468376;27994222;1196571;0;2491
FR;1;2022-05-03;1631;2873;12708;32893;1759;12600;33693;0;149;42556994;41343206;25804185;1056857;42470135;28006822;1230264;0;2640
FR;1;2022-05-04;1371;2742;11233;23812;1687;11394;24351;0;96;42558365;41345948;25815418;1080669;42471822;28018216;1254615;0;2736
FR;1;2022-05-05;1475;2695;12195;31846;1680;12119;32394;0;169;42559840;41348643;25827613;1112515;42473502;28030335;1287009;0;2905
FR;1;2022-05-06;1818;3231;14236;34923;1908;13818;36187;0;166;42561658;41351874;25841849;1147438;42475410;28044153;1323196;0;3071
FR;1;2022-05-07;858;1472;5979;9095;878;6013;9729;0;44;42562516;41353346;25847828;1156533;42476288;28050166;1332925;0;3115
FR;1;2022-05-08;190;329;1060;1472;222;1122;1548;0;8;42562706;41353675;25848888;1158005;42476510;28051288;1334473;0;3123
FR;1;2022-05-09;1149;2013;9248;19262;1153;9162;20035;0;93;42563855;41355688;25858136;1177267;42477663;28060450;1354508;0;3216
FR;1;2022-05-10;1491;3016;12621;37142;1926;12220;38040;0;177;42565346;41358704;25870757;1214409;42479589;28072670;1392548;0;3393
FR;1;2022-05-11;1435;2470;9911;26035;1689;9858;26557;0;138;42566781;41361174;25880668;1240444;42481278;28082528;1419105;0;3531
FR;1;2022-05-12;1320;2432;10524;33626;1524;10225;34269;0;188;42568101;41363606;25891192;1274070;42482802;28092753;1453374;0;3719
FR;1;2022-05-13;1610;2804;12767;35846;1681;12414;36942;0;149;42569711;41366410;25903959;1309916;42484483;28105167;1490316;0;3868
FR;1;2022-05-14;781;1321;5480;10215;807;5364;10730;0;51;42570492;41367731;25909439;1320131;42485290;28110531;1501046;0;3919
FR;1;2022-05-15;223;418;1182;1350;243;1252;1495;0;5;42570715;41368149;25910621;1321481;42485533;28111783;1502541;0;3924
FR;1;2022-05-16;970;1783;8078;20137;1003;8142;20550;0;117;42571685;41369932;25918699;1341618;42486536;28119925;1523091;0;4041
FR;1;2022-05-17;1293;2297;11121;36184;1380;10727;36968;0;172;42572978;41372229;25929820;1377802;42487916;28130652;1560059;0;4213
FR;1;2022-05-18;1311;2132;9036;25724;1364;8987;26282;0;99;42574289;41374361;25938856;1403526;42489280;28139639;1586341;0;4312
FR;1;2022-05-19;1202;2398;9852;33991;1407;9946;34193;0;150;42575491;41376759;25948708;1437517;42490687;28149585;1620534;0;4462
FR;1;2022-05-20;1561;2752;12527;37653;1714;12111;38512;0;151;42577052;41379511;25961235;1475170;42492401;28161696;1659046;0;4613
FR;1;2022-05-21;774;1375;5247;9374;866;5165;9943;0;37;42577826;41380886;25966482;1484544;42493267;28166861;1668989;0;4650
FR;1;2022-05-22;191;292;951;1396;203;952;1518;0;10;42578017;41381178;25967433;1485940;42493470;28167813;1670507;0;4660
FR;1;2022-05-23;969;1884;8371;19410;1170;8346;20027;0;79;42578986;41383062;25975804;1505350;42494640;28176159;1690534;0;4739
FR;1;2022-05-24;1288;2447;10723;37246;1437;10592;37820;0;173;42580274;41385509;25986527;1542596;42496077;28186751;1728354;0;4912
FR;1;2022-05-25;1273;2297;8791;23693;1423;8955;24055;0;111;42581547;41387806;25995318;1566289;42497500;28195706;1752409;0;5023
FR;1;2022-05-26;171;378;1585;1155;255;1578;1289;0;24;42581718;41388184;25996903;1567444;42497755;28197284;1753698;0;5047
FR;1;2022-05-27;1115;2185;8785;20456;1371;8534;21408;0;84;42582833;41390369;26005688;1587900;42499126;28205818;1775106;0;5131
FR;1;2022-05-28;486;1053;3689;6540;621;3727;6928;0;37;42583319;41391422;26009377;1594440;42499747;28209545;1782034;0;5168
FR;1;2022-05-29;121;257;707;895;149;718;1004;0;4;42583440;41391679;26010084;1595335;42499896;28210263;1783038;0;5172
FR;1;2022-05-30;831;1736;6558;18535;1039;6590;18989;0;85;42584271;41393415;26016642;1613870;42500935;28216853;1802027;0;5257
FR;1;2022-05-31;1267;2227;9246;34367;1361;9116;34968;0;159;42585538;41395642;26025888;1648237;42502296;28225969;1836995;0;5416
FR;1;2022-06-01;1320;2598;10431;23454;1745;10292;24302;0;115;42586858;41398240;26036319;1671691;42504041;28236261;1861297;0;5531
FR;1;2022-06-02;1224;2305;10666;34152;1444;10246;34984;0;162;42588082;41400545;26046985;1705843;42505485;28246507;1896281;0;5693
FR;1;2022-06-03;1446;2734;12708;37105;1724;12129;38281;0;157;42589528;41403279;26059693;1742948;42507209;28258636;1934562;0;5850
FR;1;2022-06-04;682;1261;4749;8677;758;4825;9167;0;62;42590210;41404540;26064442;1751625;42507967;28263461;1943729;0;5912
FR;1;2022-06-05;132;292;810;1048;150;834;1153;0;3;42590342;41404832;26065252;1752673;42508117;28264295;1944882;0;5915
FR;1;2022-06-06;566;1152;2024;1251;977;2039;1426;0;9;42590908;41405984;26067276;1753924;42509094;28266334;1946308;0;5924
FR;1;2022-06-07;1178;2335;9178;34042;1430;8839;35140;0;143;42592086;41408319;26076454;1787966;42510524;28275173;1981448;0;6067
FR;1;2022-06-08;1118;2235;8671;27576;1400;8554;28446;0;107;42593204;41410554;26085125;1815542;42511924;28283727;2009894;0;6174
FR;1;2022-06-09;1068;2148;9988;37565;1281;9672;38332;0;148;42594272;41412702;26095113;1853107;42513205;28293399;2048226;0;6322
FR;1;2022-06-10;1336;2776;12401;43120;1740;11985;44356;0;201;42595608;41415478;26107514;1896227;42514945;28305384;2092582;0;6523
FR;1;2022-06-11;659;1450;5140;11084;797;5188;11614;0;50;42596267;41416928;26112654;1907311;42515742;28310572;2104196;0;6573
FR;1;2022-06-12;153;375;1015;1687;187;1073;1788;0;11;42596420;41417303;26113669;1908998;42515929;28311645;2105984;0;6584
FR;1;2022-06-13;920;1834;7014;22225;1128;6871;23066;0;84;42597340;41419137;26120683;1931223;42517057;28318516;2129050;0;6668
FR;1;2022-06-14;1091;2221;9840;42847;1300;9243;43939;0;186;42598431;41421358;26130523;1974070;42518357;28327759;2172989;0;6854
FR;1;2022-06-15;1078;2000;8786;29374;1353;8464;29931;0;168;42599509;41423358;26139309;2003444;42519710;28336223;2202920;0;7022
FR;1;2022-06-16;952;1835;9400;38503;1055;8880;39410;0;188;42600461;41425193;26148709;2041947;42520765;28345103;2242330;0;7210
FR;1;2022-06-17;1221;2557;11897;44851;1467;11357;45998;0;224;42601682;41427750;26160606;2086798;42522232;28356460;2288328;0;7434
FR;1;2022-06-18;561;1275;4319;10543;715;4258;11085;0;62;42602243;41429025;26164925;2097341;42522947;28360718;2299413;0;7496
FR;1;2022-06-19;137;325;1002;1543;173;1081;1609;0;12;42602380;41429350;26165927;2098884;42523120;28361799;2301022;0;7508
FR;1;2022-06-20;860;1700;8491;25045;998;8155;25907;0;143;42603240;41431050;26174418;2123929;42524118;28369954;2326929;0;7651
FR;1;2022-06-21;1102;2137;9765;47755;1253;8855;49102;0;241;42604342;41433187;26184183;2171684;42525371;28378809;2376031;0;7892
FR;1;2022-06-22;1037;2062;8434;37153;1291;7952;38015;0;231;42605379;41435249;26192617;2208837;42526662;28386761;2414046;0;8123
FR;1;2022-06-23;1052;2174;10124;52804;1204;9406;53814;0;290;42606431;41437423;26202741;2261641;42527866;28396167;2467860;0;8413
FR;1;2022-06-24;1251;2711;12912;65962;1480;11696;67633;0;367;42607682;41440134;26215653;2327603;42529346;28407863;2535493;0;8780
FR;1;2022-06-25;684;1504;5927;18921;791;5708;19719;0;163;42608366;41441638;26221580;2346524;42530137;28413571;2555212;0;8943
FR;1;2022-06-26;167;405;1817;3494;190;1713;3730;0;34;42608533;41442043;26223397;2350018;42530327;28415284;2558942;0;8977
FR;1;2022-06-27;939;1770;9903;45977;939;9128;47112;0;300;42609472;41443813;26233300;2395995;42531266;28424412;2606054;0;9277
FR;1;2022-06-28;1211;2571;13837;86556;1375;12401;88241;0;570;42610683;41446384;26247137;2482551;42532641;28436813;2694295;0;9847
FR;1;2022-06-29;1240;2288;11480;67392;1252;10547;68438;0;487;42611923;41448672;26258617;2549943;42533893;28447360;2762733;0;10334
FR;1;2022-06-30;1286;2467;13515;89964;1414;11823;91763;0;645;42613209;41451139;26272132;2639907;42535307;28459183;2854496;0;10979
FR;1;2022-07-01;1649;3473;20308;109186;1986;17968;111577;0;859;42614858;41454612;26292440;2749093;42537293;28477151;2966073;0;11838
FR;1;2022-07-02;767;1524;8020;33770;746;7250;34796;0;315;42615625;41456136;26300460;2782863;42538039;28484401;3000869;0;12153
FR;1;2022-07-03;228;480;1941;6118;255;1757;6444;0;71;42615853;41456616;26302401;2788981;42538294;28486158;3007313;0;12224
FR;1;2022-07-04;1409;3039;13927;75406;1918;12353;77295;0;589;42617262;41459655;26316328;2864387;42540212;28498511;3084608;0;12813
FR;1;2022-07-05;1427;2832;17685;126356;1484;15142;128470;0;1059;42618689;41462487;26334013;2990743;42541696;28513653;3213078;0;13872
FR;1;2022-07-06;1349;2390;14881;93715;1372;12901;95151;0;815;42620038;41464877;26348894;3084458;42543068;28526554;3308229;0;14687
FR;1;2022-07-07;1437;2534;16928;119488;1401;13998;121583;0;1074;42621475;41467411;26365822;3203946;42544469;28540552;3429812;0;15761
FR;1;2022-07-08;1530;2818;19603;129994;1532;15967;132800;0;1219;42623005;41470229;26385425;3333940;42546001;28556519;3562612;0;16980
FR;1;2022-07-09;661;1273;7306;36016;689;6347;36806;0;392;42623666;41471502;26392731;3369956;42546690;28562866;3599418;0;17372
FR;1;2022-07-10;238;543;2240;6689;297;2032;7068;0;89;42623904;41472045;26394971;3376645;42546987;28564898;3606486;0;17461
FR;1;2022-07-11;1214;2227;14315;84441;1162;11934;86554;0;734;42625118;41474272;26409286;3461086;42548149;28576832;3693040;0;18195
FR;1;2022-07-12;1557;2788;19458;137401;1425;15896;139890;0;1485;42626675;41477060;26428744;3598487;42549574;28592728;3832930;0;19680
FR;1;2022-07-13;1420;2428;14784;89832;1308;12634;91518;0;1002;42628095;41479488;26443528;3688319;42550882;28605362;3924448;0;20682
FR;1;2022-07-14;161;348;1862;5285;193;1771;5432;0;74;42628256;41479836;26445390;3693604;42551075;28607133;3929880;0;20756
FR;1;2022-07-15;1256;2300;14359;80591;1181;12002;82595;0;959;42629512;41482136;26459749;3774195;42552256;28619135;4012475;0;21715
FR;1;2022-07-16;507;1050;5640;23945;542;4894;24585;0;302;42630019;41483186;26465389;3798140;42552798;28624029;4037060;0;22017
FR;1;2022-07-17;159;363;1655;4461;188;1499;4724;0;60;42630178;41483549;26467044;3802601;42552986;28625528;4041784;0;22077
FR;1;2022-07-18;973;2031;11297;59271;1140;9567;60994;0;715;42631151;41485580;26478341;3861872;42554126;28635095;4102778;0;22792
FR;1;2022-07-19;1227;2125;14690;99419;1186;11723;101414;0;1386;42632378;41487705;26493031;3961291;42555312;28646818;4204192;0;24178
FR;1;2022-07-20;1177;1995;12363;74361;1163;10274;75847;0;964;42633555;41489700;26505394;4035652;42556475;28657092;4280039;0;25142
FR;1;2022-07-21;1133;1949;12411;84539;1182;9988;85902;0;1211;42634688;41491649;26517805;4120191;42557657;28667080;4365941;0;26353
FR;1;2022-07-22;1243;2215;14093;85929;1234;11424;87662;0;1264;42635931;41493864;26531898;4206120;42558891;28678504;4453603;0;27617
FR;1;2022-07-23;534;1089;5232;21293;631;4606;21836;0;374;42636465;41494953;26537130;4227413;42559522;28683110;4475439;0;27991
FR;1;2022-07-24;147;305;1325;3699;150;1167;3923;0;65;42636612;41495258;26538455;4231112;42559672;28684277;4479362;0;28056
FR;1;2022-07-25;889;1627;9071;46111;978;7518;47487;0;680;42637501;41496885;26547526;4277223;42560650;28691795;4526849;0;28736
FR;1;2022-07-26;1126;1960;12678;81961;1115;10334;83574;0;1198;42638627;41498845;26560204;4359184;42561765;28702129;4610423;0;29934
FR;1;2022-07-27;1016;1725;9759;58515;1038;8138;59697;0;874;42639643;41500570;26569963;4417699;42562803;28710267;4670120;0;30808
FR;1;2022-07-28;979;1701;9851;61897;1105;7843;63128;0;967;42640622;41502271;26579814;4479596;42563908;28718110;4733248;0;31775
FR;1;2022-07-29;1111;1832;10452;62956;1156;8378;64269;0;1066;42641733;41504103;26590266;4542552;42565064;28726488;4797517;0;32841
FR;1;2022-07-30;392;715;3347;14491;431;2848;14850;0;279;42642125;41504818;26593613;4557043;42565495;28729336;4812367;0;33120
FR;1;2022-07-31;139;263;900;2335;158;766;2477;0;47;42642264;41505081;26594513;4559378;42565653;28730102;4814844;0;33167
FR;1;2022-08-01;728;1367;7250;28963;986;6109;29955;0;518;42642992;41506448;26601763;4588341;42566639;28736211;4844799;0;33685
FR;1;2022-08-02;897;1472;8231;54021;986;6626;54671;0;1090;42643889;41507920;26609994;4642362;42567625;28742837;4899470;0;34775
FR;1;2022-08-03;723;1101;6149;37033;745;4933;37762;0;644;42644612;41509021;26616143;4679395;42568370;28747770;4937232;0;35419
FR;1;2022-08-04;643;1073;6255;41445;690;5048;42000;0;850;42645255;41510094;26622398;4720840;42569060;28752818;4979232;0;36269
FR;1;2022-08-05;740;1189;6760;43065;799;5429;43695;0;933;42645995;41511283;26629158;4763905;42569859;28758247;5022927;0;37202
FR;1;2022-08-06;274;461;1990;8998;301;1671;9190;0;218;42646269;41511744;26631148;4772903;42570160;28759918;5032117;0;37420
FR;1;2022-08-07;89;144;520;1552;100;436;1629;0;35;42646358;41511888;26631668;4774455;42570260;28760354;5033746;0;37455
FR;1;2022-08-08;493;936;3798;21216;691;3130;21623;0;457;42646851;41512824;26635466;4795671;42570951;28763484;5055369;0;37912
FR;1;2022-08-09;607;1028;5679;38458;719;4552;38952;0;794;42647458;41513852;26641145;4834129;42571670;28768036;5094321;0;38706
FR;1;2022-08-10;536;1016;4432;26912;716;3632;27226;0;601;42647994;41514868;26645577;4861041;42572386;28771668;5121547;0;39307
FR;1;2022-08-11;538;912;4304;28204;623;3578;28532;0;635;42648532;41515780;26649881;4889245;42573009;28775246;5150079;0;39942
FR;1;2022-08-12;596;1025;4548;27160;699;3756;27571;0;666;42649128;41516805;26654429;4916405;42573708;28779002;5177650;0;40608
FR;1;2022-08-13;178;356;1247;5107;249;1064;5278;0;116;42649306;41517161;26655676;4921512;42573957;28780066;5182928;0;40724
FR;1;2022-08-14;65;115;276;871;97;235;941;0;24;42649371;41517276;26655952;4922383;42574054;28780301;5183869;0;40748
FR;1;2022-08-15;78;170;570;542;139;531;593;0;16;42649449;41517446;26656522;4922925;42574193;28780832;5184462;0;40764
FR;1;2022-08-16;522;931;3788;21486;689;3218;21686;0;582;42649971;41518377;26660310;4944411;42574882;28784050;5206148;0;41346
FR;1;2022-08-17;527;889;3766;22147;658;3193;22388;0;579;42650498;41519266;26664076;4966558;42575540;28787243;5228536;0;41925
FR;1;2022-08-18;543;879;3926;25434;679;3128;25653;0;630;42651041;41520145;26668002;4991992;42576219;28790371;5254189;0;42555
FR;1;2022-08-19;533;1038;4365;26531;737;3598;26838;0;732;42651574;41521183;26672367;5018523;42576956;28793969;5281027;0;43287
FR;1;2022-08-20;232;411;1289;5371;311;1106;5524;0;138;42651806;41521594;26673656;5023894;42577267;28795075;5286551;0;43425
FR;1;2022-08-21;82;110;283;989;75;249;1012;0;27;42651888;41521704;26673939;5024883;42577342;28795324;5287563;0;43452
FR;1;2022-08-22;472;886;3140;14945;658;2711;15221;0;411;42652360;41522590;26677079;5039828;42578000;28798035;5302784;0;43863
FR;1;2022-08-23;636;1057;4153;28311;742;3486;28390;0;830;42652996;41523647;26681232;5068139;42578742;28801521;5331174;0;44693
FR;1;2022-08-24;556;829;3401;19059;649;2770;19244;0;587;42653552;41524476;26684633;5087198;42579391;28804291;5350418;0;45280
FR;1;2022-08-25;562;923;3822;22919;643;3205;23148;0;655;42654114;41525399;26688455;5110117;42580034;28807496;5373566;0;45935
FR;1;2022-08-26;746;1125;4345;25155;801;3561;25531;0;745;42654860;41526524;26692800;5135272;42580835;28811057;5399097;0;46680
FR;1;2022-08-27;217;430;1322;5303;274;1190;5357;0;192;42655077;41526954;26694122;5140575;42581109;28812247;5404454;0;46872
FR;1;2022-08-28;111;145;298;898;104;280;947;0;33;42655188;41527099;26694420;5141473;42581213;28812527;5405401;0;46905
FR;1;2022-08-29;502;855;2976;14248;631;2515;14558;0;409;42655690;41527954;26697396;5155721;42581844;28815042;5419959;0;47314
FR;1;2022-08-30;739;1095;4622;27710;772;3772;28031;0;793;42656429;41529049;26702018;5183431;42582616;28818814;5447990;0;48107
FR;1;2022-08-31;579;827;3107;17230;605;2616;17493;0;483;42657008;41529876;26705125;5200661;42583221;28821430;5465483;0;48590
FR;1;2022-09-01;674;911;4325;21870;637;3684;22132;0;586;42657682;41530787;26709450;5222531;42583858;28825114;5487615;0;49176
FR;1;2022-09-02;771;1043;4880;27861;737;4075;28148;0;882;42658453;41531830;26714330;5250392;42584595;28829189;5515763;0;50058
FR;1;2022-09-03;316;502;1831;5874;341;1592;6103;0;174;42658769;41532332;26716161;5256266;42584936;28830781;5521866;0;50232
FR;1;2022-09-04;106;137;341;842;74;334;912;0;21;42658875;41532469;26716502;5257108;42585010;28831115;5522778;0;50253
FR;1;2022-09-05;572;668;3020;15687;491;2526;15970;0;499;42659447;41533137;26719522;5272795;42585501;28833641;5538748;0;50752
FR;1;2022-09-06;720;928;4564;31053;576;3702;31276;0;1002;42660167;41534065;26724086;5303848;42586077;28837343;5570024;0;51754
FR;1;2022-09-07;538;683;2918;16443;443;2421;16580;0;550;42660705;41534748;26727004;5320291;42586520;28839764;5586604;0;52304
FR;1;2022-09-08;567;784;3695;24203;527;3036;24282;0;796;42661272;41535532;26730699;5344494;42587047;28842800;5610886;0;53100
FR;1;2022-09-09;769;966;4300;26883;604;3587;27066;0;902;42662041;41536498;26734999;5371377;42587651;28846387;5637952;0;54002
FR;1;2022-09-10;328;462;1673;5587;292;1474;5777;0;203;42662369;41536960;26736672;5376964;42587943;28847861;5643729;0;54205
FR;1;2022-09-11;105;120;311;645;82;292;701;0;17;42662474;41537080;26736983;5377609;42588025;28848153;5644430;0;54222
FR;1;2022-09-12;448;584;2609;12943;408;2226;13223;0;462;42662922;41537664;26739592;5390552;42588433;28850379;5657653;0;54684
FR;1;2022-09-13;576;793;3866;25833;501;3379;25708;0;835;42663498;41538457;26743458;5416385;42588934;28853758;5683361;0;55519
FR;1;2022-09-14;570;693;2867;15694;478;2397;15930;0;537;42664068;41539150;26746325;5432079;42589412;28856155;5699291;0;56056
FR;1;2022-09-15;508;706;3331;23084;477;2838;23147;0;677;42664576;41539856;26749656;5455163;42589889;28858993;5722438;0;56733
FR;1;2022-09-16;714;928;4011;25330;611;3381;25532;0;891;42665290;41540784;26753667;5480493;42590500;28862374;5747970;0;57624
FR;1;2022-09-17;294;408;1392;5977;278;1217;6085;0;227;42665584;41541192;26755059;5486470;42590778;28863591;5754055;0;57851
FR;1;2022-09-18;97;123;310;923;100;278;979;0;33;42665681;41541315;26755369;5487393;42590878;28863869;5755034;0;57884
FR;1;2022-09-19;365;567;2132;12844;368;1828;12997;0;414;42666046;41541882;26757501;5500237;42591246;28865697;5768031;0;58298
FR;1;2022-09-20;554;802;3658;25806;548;3058;25844;0;853;42666600;41542684;26761159;5526043;42591794;28868755;5793875;0;59151
FR;1;2022-09-21;469;678;2624;15861;478;2252;15826;0;561;42667069;41543362;26763783;5541904;42592272;28871007;5809701;0;59712
FR;1;2022-09-22;534;752;3285;22945;492;2683;23135;0;742;42667603;41544114;26767068;5564849;42592764;28873690;5832836;0;60454
FR;1;2022-09-23;758;933;4349;28134;664;3629;28302;0;978;42668361;41545047;26771417;5592983;42593428;28877319;5861138;0;61432
FR;1;2022-09-24;352;534;1583;6693;375;1368;6864;0;300;42668713;41545581;26773000;5599676;42593803;28878687;5868002;0;61732
FR;1;2022-09-25;80;151;321;1071;104;293;1109;0;32;42668793;41545732;26773321;5600747;42593907;28878980;5869111;0;61764
FR;1;2022-09-26;382;636;2179;13059;414;1931;13153;0;412;42669175;41546368;26775500;5613806;42594321;28880911;5882264;0;62176
FR;1;2022-09-27;540;763;3458;25021;538;2793;25219;0;906;42669715;41547131;26778958;5638827;42594859;28883704;5907483;0;63082
FR;1;2022-09-28;516;711;2441;14957;498;2208;15048;0;597;42670231;41547842;26781399;5653784;42595357;28885912;5922531;0;63679
FR;1;2022-09-29;504;689;2980;20345;480;2504;20358;0;767;42670735;41548531;26784379;5674129;42595837;28888416;5942889;0;64446
FR;1;2022-09-30;677;965;3772;24416;663;3157;24663;0;967;42671412;41549496;26788151;5698545;42596500;28891573;5967552;0;65413
FR;1;2022-10-01;342;542;1899;5501;377;1655;5729;0;272;42671754;41550038;26790050;5704046;42596877;28893228;5973281;0;65685
FR;1;2022-10-02;53;116;204;567;79;203;588;0;29;42671807;41550154;26790254;5704613;42596956;28893431;5973869;0;65714
FR;1;2022-10-03;414;663;2193;10010;505;1937;10194;0;488;42672221;41550817;26792447;5714623;42597461;28895368;5984063;0;66202
FR;1;2022-10-04;543;693;2921;18919;460;2470;19010;0;1082;42672764;41551510;26795368;5733542;42597921;28897838;6003073;0;67284
FR;1;2022-10-05;429;679;2079;11096;450;1852;11230;0;722;42673193;41552189;26797447;5744638;42598371;28899690;6014303;0;68006
FR;1;2022-10-06;441;604;2491;15772;427;2057;15954;0;1060;42673634;41552793;26799938;5760410;42598798;28901747;6030257;0;69066
FR;1;2022-10-07;546;735;2691;16054;534;2307;16079;0;1160;42674180;41553528;26802629;5776464;42599332;28904054;6046336;0;70226
FR;1;2022-10-08;234;306;886;3167;237;775;3271;0;291;42674414;41553834;26803515;5779631;42599569;28904829;6049607;0;70517
FR;1;2022-10-09;75;87;150;461;77;134;487;0;50;42674489;41553921;26803665;5780092;42599646;28904963;6050094;0;70567
FR;1;2022-10-10;295;437;1313;4987;344;1231;5082;0;462;42674784;41554358;26804978;5785079;42599990;28906194;6055176;0;71029
FR;1;2022-10-11;317;430;1309;8083;318;1189;8184;0;757;42675101;41554788;26806287;5793162;42600308;28907383;6063360;0;71786
FR;1;2022-10-12;321;419;1058;5178;312;1052;5193;0;520;42675422;41555207;26807345;5798340;42600620;28908435;6068553;0;72306
FR;1;2022-10-13;324;382;1066;6067;292;921;6117;0;626;42675746;41555589;26808411;5804407;42600912;28909356;6074670;0;72932
FR;1;2022-10-14;408;529;1169;6709;441;1041;6778;0;675;42676154;41556118;26809580;5811116;42601353;28910397;6081448;0;73607
FR;1;2022-10-15;201;257;519;1859;211;500;1867;0;226;42676355;41556375;26810099;5812975;42601564;28910897;6083315;0;73833
FR;1;2022-10-16;47;58;110;292;40;117;311;0;48;42676402;41556433;26810209;5813267;42601604;28911014;6083626;0;73881
FR;1;2022-10-17;235;318;733;2653;252;688;2697;0;366;42676637;41556751;26810942;5815920;42601856;28911702;6086323;0;74247
FR;1;2022-10-18;262;310;951;4588;245;830;4685;0;865;42676899;41557061;26811893;5820508;42602101;28912532;6091008;0;75112
FR;1;2022-10-19;275;358;689;3180;291;661;3158;0;502;42677174;41557419;26812582;5823688;42602392;28913193;6094166;0;75614
FR;1;2022-10-20;278;312;886;4363;259;774;4401;0;771;42677452;41557731;26813468;5828051;42602651;28913967;6098567;0;76385
FR;1;2022-10-21;299;400;844;3802;354;737;3874;0;675;42677751;41558131;26814312;5831853;42603005;28914704;6102441;0;77060
FR;1;2022-10-22;135;168;306;1243;144;300;1209;0;209;42677886;41558299;26814618;5833096;42603149;28915004;6103650;0;77269
FR;1;2022-10-23;30;39;64;197;37;58;213;0;25;42677916;41558338;26814682;5833293;42603186;28915062;6103863;0;77294
FR;1;2022-10-24;272;231;476;1599;203;472;1655;0;306;42678188;41558569;26815158;5834892;42603389;28915534;6105518;0;77600
FR;1;2022-10-25;215;252;521;2649;220;443;2703;0;488;42678403;41558821;26815679;5837541;42603609;28915977;6108221;0;78088
FR;1;2022-10-26;232;244;390;1953;230;367;1959;0;435;42678635;41559065;26816069;5839494;42603839;28916344;6110180;0;78523
FR;1;2022-10-27;258;219;487;2163;191;505;2147;0;512;42678893;41559284;26816556;5841657;42604030;28916849;6112327;0;79035
FR;1;2022-10-28;306;312;528;2329;294;466;2395;0;473;42679199;41559596;26817084;5843986;42604324;28917315;6114722;0;79508
FR;1;2022-10-29;97;148;175;712;116;209;703;0;201;42679296;41559744;26817259;5844698;42604440;28917524;6115425;0;79709
FR;1;2022-10-30;37;41;60;181;33;54;187;0;38;42679333;41559785;26817319;5844879;42604473;28917578;6115612;0;79747
FR;1;2022-10-31;135;180;293;796;158;270;863;0;144;42679468;41559965;26817612;5845675;42604631;28917848;6116475;0;79891
FR;1;2022-11-01;38;107;751;115;93;747;135;0;18;42679506;41560072;26818363;5845790;42604724;28918595;6116610;0;79909
FR;1;2022-11-02;255;224;518;979;220;487;1040;0;354;42679761;41560296;26818881;5846769;42604944;28919082;6117650;0;80263
FR;1;2022-11-03;264;221;430;1376;209;389;1415;0;370;42680025;41560517;26819311;5848145;42605153;28919471;6119065;0;80633
FR;1;2022-11-04;229;250;420;1597;229;399;1635;0;437;42680254;41560767;26819731;5849742;42605382;28919870;6120700;0;81070
FR;1;2022-11-05;95;118;272;500;107;254;522;0;111;42680349;41560885;26820003;5850242;42605489;28920124;6121222;0;81181
FR;1;2022-11-06;35;41;32;131;40;35;129;0;33;42680384;41560926;26820035;5850373;42605529;28920159;6121351;0;81214
FR;1;2022-11-07;181;200;288;891;189;278;937;0;211;42680565;41561126;26820323;5851264;42605718;28920437;6122288;0;81425
FR;1;2022-11-08;194;230;453;1677;218;400;1704;0;518;42680759;41561356;26820776;5852941;42605936;28920837;6123992;0;81943
FR;1;2022-11-09;181;205;330;1101;192;296;1140;0;456;42680940;41561561;26821106;5854042;42606128;28921133;6125132;0;82399
FR;1;2022-11-10;203;261;426;1678;250;435;1665;0;579;42681143;41561822;26821532;5855720;42606378;28921568;6126797;0;82978
FR;1;2022-11-11;27;32;101;98;31;87;114;0;42;42681170;41561854;26821633;5855818;42606409;28921655;6126911;0;83020
FR;1;2022-11-12;80;110;254;375;97;252;390;0;101;42681250;41561964;26821887;5856193;42606506;28921907;6127301;0;83121
FR;1;2022-11-13;19;23;26;64;20;29;66;0;26;42681269;41561987;26821913;5856257;42606526;28921936;6127367;0;83147
FR;1;2022-11-14;165;170;255;765;158;259;835;0;234;42681434;41562157;26822168;5857022;42606684;28922195;6128202;0;83381
FR;1;2022-11-15;197;224;374;1288;223;350;1328;0;433;42681631;41562381;26822542;5858310;42606907;28922545;6129530;0;83814
FR;1;2022-11-16;180;214;323;977;209;336;1012;0;359;42681811;41562595;26822865;5859287;42607116;28922881;6130542;0;84173
FR;1;2022-11-17;163;177;282;1203;172;258;1208;0;386;42681974;41562772;26823147;5860490;42607288;28923139;6131750;0;84559
FR;1;2022-11-18;223;248;385;1310;242;374;1343;0;411;42682197;41563020;26823532;5861800;42607530;28923513;6133093;0;84970
FR;1;2022-11-19;119;100;242;427;98;207;460;0;99;42682316;41563120;26823774;5862227;42607628;28923720;6133553;0;85069
FR;1;2022-11-20;20;32;27;66;27;29;74;0;28;42682336;41563152;26823801;5862293;42607655;28923749;6133627;0;85097
FR;1;2022-11-21;173;163;262;638;138;279;673;0;211;42682509;41563315;26824063;5862931;42607793;28924028;6134300;0;85308
FR;1;2022-11-22;152;141;403;1153;124;386;1176;0;405;42682661;41563456;26824466;5864084;42607917;28924414;6135476;0;85713
FR;1;2022-11-23;176;162;237;757;143;238;779;0;241;42682837;41563618;26824703;5864841;42608060;28924652;6136255;0;85954
FR;1;2022-11-24;129;158;279;1175;140;278;1178;0;424;42682966;41563776;26824982;5866016;42608200;28924930;6137433;0;86378
FR;1;2022-11-25;194;225;420;1152;211;408;1184;0;392;42683160;41564001;26825402;5867168;42608411;28925338;6138617;0;86770
FR;1;2022-11-26;88;103;111;317;92;122;305;0;117;42683248;41564104;26825513;5867485;42608503;28925460;6138922;0;86887
FR;1;2022-11-27;14;28;18;71;15;30;77;0;49;42683262;41564132;26825531;5867556;42608518;28925490;6138999;0;86936
FR;1;2022-11-28;199;134;205;662;142;200;705;0;331;42683461;41564266;26825736;5868218;42608660;28925690;6139704;0;87267
FR;1;2022-11-29;167;135;253;1078;119;238;1088;0;454;42683628;41564401;26825989;5869296;42608779;28925928;6140792;0;87721
FR;1;2022-11-30;155;186;224;927;173;227;949;0;317;42683783;41564587;26826213;5870223;42608952;28926155;6141741;0;88038
FR;1;2022-12-01;129;125;619;1074;118;581;1116;0;360;42683912;41564712;26826832;5871297;42609070;28926736;6142857;0;88398
FR;1;2022-12-02;191;182;469;1176;177;468;1219;0;466;42684103;41564894;26827301;5872473;42609247;28927204;6144076;0;88864
FR;1;2022-12-03;101;101;214;523;90;191;524;0;174;42684204;41564995;26827515;5872996;42609337;28927395;6144600;0;89038
FR;1;2022-12-04;24;26;19;136;23;20;127;0;58;42684228;41565021;26827534;5873132;42609360;28927415;6144727;0;89096
FR;1;2022-12-05;128;115;259;857;110;254;887;0;303;42684356;41565136;26827793;5873989;42609470;28927669;6145614;0;89399
FR;1;2022-12-06;143;136;250;1432;123;254;1439;0;726;42684499;41565272;26828043;5875421;42609593;28927923;6147053;0;90125
FR;1;2022-12-07;143;137;230;1174;147;208;1193;0;558;42684642;41565409;26828273;5876595;42609740;28928131;6148246;0;90683
FR;1;2022-12-08;122;132;270;1725;122;230;1766;0;760;42684764;41565541;26828543;5878320;42609862;28928361;6150012;0;91443
FR;1;2022-12-09;193;185;298;1796;160;305;1816;0;718;42684957;41565726;26828841;5880116;42610022;28928666;6151828;0;92161
FR;1;2022-12-10;108;92;140;839;80;126;854;0;289;42685065;41565818;26828981;5880955;42610102;28928792;6152682;0;92450
FR;1;2022-12-11;31;30;30;214;26;28;199;0;60;42685096;41565848;26829011;5881169;42610128;28928820;6152881;0;92510
FR;1;2022-12-12;115;79;244;1082;79;230;1092;0;446;42685211;41565927;26829255;5882251;42610207;28929050;6153973;0;92956
FR;1;2022-12-13;113;115;224;1280;89;206;1287;0;605;42685324;41566042;26829479;5883531;42610296;28929256;6155260;0;93561
FR;1;2022-12-14;100;124;207;853;122;185;874;0;367;42685424;41566166;26829686;5884384;42610418;28929441;6156134;0;93928
FR;1;2022-12-15;124;117;220;1413;106;197;1428;0;677;42685548;41566283;26829906;5885797;42610524;28929638;6157562;0;94605
FR;1;2022-12-16;193;177;228;1279;184;219;1295;0;613;42685741;41566460;26830134;5887076;42610708;28929857;6158857;0;95218
FR;1;2022-12-17;86;75;89;447;67;87;448;0;200;42685827;41566535;26830223;5887523;42610775;28929944;6159305;0;95418
FR;1;2022-12-18;16;19;21;97;15;23;94;0;37;42685843;41566554;26830244;5887620;42610790;28929967;6159399;0;95455
FR;1;2022-12-19;144;118;184;774;123;159;811;0;352;42685987;41566672;26830428;5888394;42610913;28930126;6160210;0;95807
FR;1;2022-12-20;132;129;166;862;119;160;866;0;398;42686119;41566801;26830594;5889256;42611032;28930286;6161076;0;96205
FR;1;2022-12-21;129;97;132;605;103;103;612;0;344;42686248;41566898;26830726;5889861;42611135;28930389;6161688;0;96549
FR;1;2022-12-22;137;87;103;507;94;91;498;0;290;42686385;41566985;26830829;5890368;42611229;28930480;6162186;0;96839
FR;1;2022-12-23;121;92;91;341;81;91;333;0;166;42686506;41567077;26830920;5890709;42611310;28930571;6162519;0;97005
FR;1;2022-12-24;27;18;25;49;21;24;55;0;16;42686533;41567095;26830945;5890758;42611331;28930595;6162574;0;97021
FR;1;2022-12-25;3;3;6;10;3;4;9;0;11;42686536;41567098;26830951;5890768;42611334;28930599;6162583;0;97032
FR;1;2022-12-26;86;59;48;191;64;54;190;0;88;42686622;41567157;26830999;5890959;42611398;28930653;6162773;0;97120
FR;1;2022-12-27;102;130;100;341;125;107;351;0;166;42686724;41567287;26831099;5891300;42611523;28930760;6163124;0;97286
FR;1;2022-12-28;96;106;68;232;96;77;238;0;99;42686820;41567393;26831167;5891532;42611619;28930837;6163362;0;97385
FR;1;2022-12-29;96;82;77;256;80;76;276;0;111;42686916;41567475;26831244;5891788;42611699;28930913;6163638;0;97496
FR;2;2020-12-27;0;0;0;0;0;0;0;0;0;0;0;0;0;0;0;0;0;0
FR;2;2020-12-28;0;0;0;0;0;0;0;0;0;0;0;0;0;0;0;0;0;0
FR;2;2020-12-29;0;0;0;0;0;0;0;0;0;0;0;0;0;0;0;0;0;0
FR;2;2020-12-30;0;0;0;0;0;0;0;0;0;0;0;0;0;0;0;0;0;0
FR;2;2020-12-31;0;0;0;0;0;0;0;0;0;0;0;0;0;0;0;0;0;0
FR;2;2021-01-01;0;0;0;0;0;0;0;0;0;0;0;0;0;0;0;0;0;0
FR;2;2021-01-02;0;0;0;0;0;0;0;0;0;0;0;0;0;0;0;0;0;0
FR;2;2021-01-03;0;0;0;0;0;0;0;0;0;0;0;0;0;0;0;0;0;0
FR;2;2021-01-04;0;0;0;0;0;0;0;0;0;0;0;0;0;0;0;0;0;0
FR;2;2021-01-05;0;0;0;0;0;0;0;0;0;0;0;0;0;0;0;0;0;0
FR;2;2021-01-06;0;0;0;0;0;0;0;0;0;0;0;0;0;0;0;0;0;0
FR;2;2021-01-07;0;0;0;0;0;0;0;0;0;0;0;0;0;0;0;0;0;0
FR;2;2021-01-08;0;0;0;0;0;0;0;0;0;0;0;0;0;0;0;0;0;0
FR;2;2021-01-09;0;0;0;0;0;0;0;0;0;0;0;0;0;0;0;0;0;0
FR;2;2021-01-10;0;0;0;0;0;0;0;0;0;0;0;0;0;0;0;0;0;0
FR;2;2021-01-11;0;0;0;0;0;0;0;0;0;0;0;0;0;0;0;0;0;0
FR;2;2021-01-12;0;0;0;0;0;0;0;0;0;0;0;0;0;0;0;0;0;0
FR;2;2021-01-13;0;0;0;0;0;0;0;0;0;0;0;0;0;0;0;0;0;0
FR;2;2021-01-14;1646;0;0;0;213;0;0;0;0;1646;0;0;0;213;0;0;0;0
FR;2;2021-01-15;398;0;0;0;28;0;0;0;0;2044;0;0;0;241;0;0;0;0
FR;2;2021-01-16;316;0;0;0;12;0;0;0;0;2360;0;0;0;253;0;0;0;0
FR;2;2021-01-17;84;0;0;0;7;0;0;0;0;2444;0;0;0;260;0;0;0;0
FR;2;2021-01-18;3075;2;0;0;27;0;0;0;0;5519;2;0;0;287;0;0;0;0
FR;2;2021-01-19;4681;2;0;0;31;0;0;0;0;10200;4;0;0;318;0;0;0;0
FR;2;2021-01-20;5137;6;0;0;58;0;0;0;0;15337;10;0;0;376;0;0;0;0
FR;2;2021-01-21;5345;9;0;0;56;0;0;0;0;20682;19;0;0;432;0;0;0;0
FR;2;2021-01-22;5118;17;0;0;69;0;0;0;0;25800;36;0;0;501;0;0;0;0
FR;2;2021-01-23;1875;2;0;0;16;0;0;0;0;27675;38;0;0;517;0;0;0;0
FR;2;2021-01-24;163;2;0;0;8;0;0;0;0;27838;40;0;0;525;0;0;0;0
FR;2;2021-01-25;3814;3;0;0;36;0;0;0;0;31652;43;0;0;561;0;0;0;0
FR;2;2021-01-26;3926;6;0;0;42;0;0;0;0;35578;49;0;0;603;0;0;0;0
FR;2;2021-01-27;3605;4;0;0;36;0;0;0;0;39183;53;0;0;639;0;0;0;0
FR;2;2021-01-28;3755;9;0;0;44;0;0;0;0;42938;62;0;0;683;0;0;0;0
FR;2;2021-01-29;3299;5;0;0;41;0;0;0;0;46237;67;0;0;724;0;0;0;0
FR;2;2021-01-30;1133;3;0;0;16;0;0;0;0;47370;70;0;0;740;0;0;0;0
FR;2;2021-01-31;46;2;0;0;9;0;0;0;0;47416;72;0;0;749;0;0;0;0
FR;2;2021-02-01;3406;13;0;0;44;0;0;0;0;50822;85;0;0;793;0;0;0;0
FR;2;2021-02-02;4496;19;0;0;53;0;0;0;0;55318;104;0;0;846;0;0;0;0
FR;2;2021-02-03;5222;11;0;0;82;0;0;0;0;60540;115;0;0;928;0;0;0;0
FR;2;2021-02-04;4941;11;0;0;36;0;0;0;0;65481;126;0;0;964;0;0;0;0
FR;2;2021-02-05;4817;16;0;0;49;0;0;0;0;70298;142;0;0;1013;0;0;0;0
FR;2;2021-02-06;2044;15;0;0;41;0;0;0;0;72342;157;0;0;1054;0;0;0;0
FR;2;2021-02-07;103;5;0;0;19;0;0;0;0;72445;162;0;0;1073;0;0;0;0
FR;2;2021-02-08;7558;26;0;0;85;0;0;0;0;80003;188;0;0;1158;0;0;0;0
FR;2;2021-02-09;8434;30;0;0;98;0;0;0;0;88437;218;0;0;1256;0;0;0;0
FR;2;2021-02-10;9348;62;0;0;182;0;0;0;0;97785;280;0;0;1438;0;0;0;0
FR;2;2021-02-11;10291;129;0;0;253;0;0;0;0;108076;409;0;0;1691;0;0;0;0
FR;2;2021-02-12;10059;274;0;0;428;0;0;0;0;118135;683;0;0;2119;0;0;0;0
FR;2;2021-02-13;3120;225;0;0;263;0;0;0;0;121255;908;0;0;2382;0;0;0;0
FR;2;2021-02-14;358;11;0;0;21;0;0;0;0;121613;919;0;0;2403;0;0;0;0
FR;2;2021-02-15;3460;3122;0;0;3168;0;0;0;0;125073;4041;0;0;5571;0;0;0;0
FR;2;2021-02-16;5075;4152;0;0;4225;0;0;0;0;130148;8193;0;0;9796;0;0;0;0
FR;2;2021-02-17;4259;4551;0;0;4627;0;0;0;0;134407;12744;0;0;14423;0;0;0;0
FR;2;2021-02-18;5406;5177;0;0;5246;0;0;0;0;139813;17921;0;0;19669;0;0;0;0
FR;2;2021-02-19;5328;4485;0;0;4586;0;0;0;0;145141;22406;0;0;24255;0;0;0;0
FR;2;2021-02-20;1872;1520;0;0;1535;0;0;0;0;147013;23926;0;0;25790;0;0;0;0
FR;2;2021-02-21;244;96;0;0;98;0;0;0;0;147257;24022;0;0;25888;0;0;0;0
FR;2;2021-02-22;3614;3779;0;0;3840;0;0;0;0;150871;27801;0;0;29728;0;0;0;0
FR;2;2021-02-23;4956;3730;0;0;3792;0;0;0;0;155827;31531;0;0;33520;0;0;0;0
FR;2;2021-02-24;5017;3551;0;0;3603;0;0;0;0;160844;35082;0;0;37123;0;0;0;0
FR;2;2021-02-25;5500;3489;0;0;3578;0;0;0;0;166344;38571;0;0;40701;0;0;0;0
FR;2;2021-02-26;4367;3178;0;0;3248;0;0;0;0;170711;41749;0;0;43949;0;0;0;0
FR;2;2021-02-27;1629;1067;0;0;1086;0;0;0;0;172340;42816;0;0;45035;0;0;0;0
FR;2;2021-02-28;179;17;0;0;28;0;0;0;0;172519;42833;0;0;45063;0;0;0;0
FR;2;2021-03-01;5192;3759;0;0;3848;0;0;0;0;177711;46592;0;0;48911;0;0;0;0
FR;2;2021-03-02;6540;4725;0;0;4824;0;0;0;0;184251;51317;0;0;53735;0;0;0;0
FR;2;2021-03-03;6544;4953;0;0;5094;0;0;0;0;190795;56270;0;0;58829;0;0;0;0
FR;2;2021-03-04;8409;4203;0;0;4387;0;0;0;0;199204;60473;0;0;63216;0;0;0;0
FR;2;2021-03-05;8037;4055;0;0;4235;0;0;0;0;207241;64528;0;0;67451;0;0;0;0
FR;2;2021-03-06;4790;1683;0;0;1783;0;0;0;0;212031;66211;0;0;69234;0;0;0;0
FR;2;2021-03-07;2373;32;0;0;76;0;0;0;0;214404;66243;0;0;69310;0;0;0;0
FR;2;2021-03-08;4166;8392;0;0;8548;0;0;0;0;218570;74635;0;0;77858;0;0;0;0
FR;2;2021-03-09;7492;8599;1;0;8857;0;0;0;0;226062;83234;1;0;86715;0;0;0;0
FR;2;2021-03-10;7107;9238;0;0;9463;0;0;0;0;233169;92472;1;0;96178;0;0;0;0
FR;2;2021-03-11;9378;9354;1;0;9673;0;0;0;0;242547;101826;2;0;105851;0;0;0;0
FR;2;2021-03-12;7984;8362;0;0;8663;0;0;0;0;250531;110188;2;0;114514;0;0;0;0
FR;2;2021-03-13;10056;2589;0;0;2910;0;0;0;0;260587;112777;2;0;117424;0;0;0;0
FR;2;2021-03-14;4841;383;0;0;542;0;0;0;0;265428;113160;2;0;117966;0;0;0;0
FR;2;2021-03-15;10916;3473;0;0;3762;0;0;0;0;276344;116633;2;0;121728;0;0;0;0
FR;2;2021-03-16;16769;4708;1;0;5255;0;0;0;0;293113;121341;3;0;126983;0;0;0;0
FR;2;2021-03-17;20241;4004;0;0;4678;0;0;0;0;313354;125345;3;0;131661;0;0;0;0
FR;2;2021-03-18;23370;5118;0;0;5944;0;0;0;0;336724;130463;3;0;137605;0;0;0;0
FR;2;2021-03-19;23315;4671;0;0;5433;0;0;0;0;360039;135134;3;0;143038;0;0;0;0
FR;2;2021-03-20;25451;1579;0;0;2335;0;0;0;0;385490;136713;3;0;145373;0;0;0;0
FR;2;2021-03-21;17673;152;0;0;730;0;0;0;0;403163;136865;3;0;146103;0;0;0;0
FR;2;2021-03-22;17790;3253;0;0;3922;0;0;0;0;420953;140118;3;0;150025;0;0;0;0
FR;2;2021-03-23;22702;4283;0;0;5134;0;0;0;0;443655;144401;3;0;155159;0;0;0;0
FR;2;2021-03-24;23961;5076;0;0;5912;0;0;0;0;467616;149477;3;0;161071;0;0;0;0
FR;2;2021-03-25;26758;5244;1;0;6440;0;0;0;0;494374;154721;4;0;167511;0;0;0;0
FR;2;2021-03-26;26991;4233;0;0;5379;0;0;0;0;521365;158954;4;0;172890;0;0;0;0
FR;2;2021-03-27;15923;1364;0;0;1893;0;0;0;0;537288;160318;4;0;174783;0;0;0;0
FR;2;2021-03-28;10563;135;0;0;427;0;0;0;0;547851;160453;4;0;175210;0;0;0;0
FR;2;2021-03-29;19000;4344;0;0;5045;0;0;0;0;566851;164797;4;0;180255;0;0;0;0
FR;2;2021-03-30;24596;6101;0;0;7040;0;0;0;0;591447;170898;4;0;187295;0;0;0;0
FR;2;2021-03-31;28561;5930;0;0;7221;0;0;0;0;620008;176828;4;0;194516;0;0;0;0
FR;2;2021-04-01;34559;8573;1;0;10265;0;0;0;0;654567;185401;5;0;204781;0;0;0;0
FR;2;2021-04-02;29993;7734;0;0;9161;0;0;0;0;684560;193135;5;0;213942;0;0;0;0
FR;2;2021-04-03;16957;4233;0;0;4915;0;0;0;0;701517;197368;5;0;218857;0;0;0;0
FR;2;2021-04-04;9309;1268;2;0;1676;0;0;0;0;710826;198636;7;0;220533;0;0;0;0
FR;2;2021-04-05;12444;796;0;0;1380;0;0;0;0;723270;199432;7;0;221913;0;0;0;0
FR;2;2021-04-06;27158;7335;0;0;8724;0;0;0;0;750428;206767;7;0;230637;0;0;0;0
FR;2;2021-04-07;30930;7063;1;0;8640;0;0;0;0;781358;213830;8;0;239277;0;0;0;0
FR;2;2021-04-08;36894;8602;1;0;10527;0;0;0;0;818252;222432;9;0;249804;0;0;0;0
FR;2;2021-04-09;33851;8391;28;0;10174;0;0;0;0;852103;230823;37;0;259978;0;0;0;0
FR;2;2021-04-10;19689;9258;1;0;10171;0;0;0;0;871792;240081;38;0;270149;0;0;0;0
FR;2;2021-04-11;7942;4240;1;0;4603;0;0;0;0;879734;244321;39;0;274752;0;0;0;0
FR;2;2021-04-12;17128;11030;0;0;11869;0;0;0;0;896862;255351;39;0;286621;0;0;0;0
FR;2;2021-04-13;19460;16035;1;0;17100;0;0;0;0;916322;271386;40;0;303721;0;0;0;0
FR;2;2021-04-14;18070;16440;7;0;17534;0;0;0;0;934392;287826;47;0;321255;0;0;0;0
FR;2;2021-04-15;22204;21825;27;0;23276;0;0;0;0;956596;309651;74;0;344531;0;0;0;0
FR;2;2021-04-16;20719;20604;45;0;21873;0;0;0;0;977315;330255;119;0;366404;0;0;0;0
FR;2;2021-04-17;13258;22492;5;0;23223;0;0;0;0;990573;352747;124;0;389627;0;0;0;0
FR;2;2021-04-18;5911;14398;6;0;14738;0;0;0;0;996484;367145;130;0;404365;0;0;0;0
FR;2;2021-04-19;16850;16397;24;0;17201;0;0;0;0;1013334;383542;154;0;421566;0;0;0;0
FR;2;2021-04-20;19325;21787;38;0;22849;0;0;0;0;1032659;405329;192;0;444415;0;0;0;0
FR;2;2021-04-21;20292;21864;76;0;23015;0;0;0;0;1052951;427193;268;0;467430;0;0;0;0
FR;2;2021-04-22;23824;24939;41;0;26348;0;0;0;0;1076775;452132;309;0;493778;0;0;0;0
FR;2;2021-04-23;24532;25481;76;0;26991;0;0;0;0;1101307;477613;385;0;520769;0;0;0;0
FR;2;2021-04-24;25305;15062;104;0;16500;0;0;0;0;1126612;492675;489;0;537269;0;0;0;0
FR;2;2021-04-25;9597;8619;5;0;9180;0;0;0;0;1136209;501294;494;0;546449;0;0;0;0
FR;2;2021-04-26;17165;17628;21;0;18514;0;0;0;0;1153374;518922;515;0;564963;0;0;0;0
FR;2;2021-04-27;19246;24116;40;0;25299;0;0;0;0;1172620;543038;555;0;590262;0;0;0;0
FR;2;2021-04-28;22341;26439;112;0;27839;0;0;0;0;1194961;569477;667;0;618101;0;0;0;0
FR;2;2021-04-29;25473;30455;70;0;32144;0;0;0;0;1220434;599932;737;0;650245;0;0;0;0
FR;2;2021-04-30;25539;27954;49;1;29600;0;0;0;0;1245973;627886;786;1;679845;0;0;0;0
FR;2;2021-05-01;14988;9846;6;0;10648;0;0;0;0;1260961;637732;792;1;690493;0;0;0;0
FR;2;2021-05-02;6640;9165;2;0;9509;0;0;0;0;1267601;646897;794;1;700002;0;0;0;0
FR;2;2021-05-03;20023;19131;40;0;20335;0;0;0;0;1287624;666028;834;1;720337;0;0;0;0
FR;2;2021-05-04;18287;29187;33;0;30330;0;0;0;0;1305911;695215;867;1;750667;0;0;0;0
FR;2;2021-05-05;18385;29501;48;0;30797;0;0;0;0;1324296;724716;915;1;781464;0;0;0;0
FR;2;2021-05-06;23550;35403;132;0;36974;0;0;0;0;1347846;760119;1047;1;818438;0;0;0;0
FR;2;2021-05-07;25340;33232;97;0;35089;0;0;0;0;1373186;793351;1144;1;853527;0;0;0;0
FR;2;2021-05-08;21342;10597;15;0;11686;0;0;0;0;1394528;803948;1159;1;865213;0;0;0;0
FR;2;2021-05-09;13169;7654;7;0;8329;0;0;0;0;1407697;811602;1166;1;873542;0;0;0;0
FR;2;2021-05-10;32944;21737;50;0;23595;0;0;0;0;1440641;833339;1216;1;897137;0;0;0;0
FR;2;2021-05-11;43613;20915;101;0;23541;0;0;0;0;1484254;854254;1317;1;920678;0;0;0;0
FR;2;2021-05-12;50064;19641;143;0;22520;0;0;0;0;1534318;873895;1460;1;943198;0;0;0;0
FR;2;2021-05-13;51298;5608;31;0;8476;0;0;0;0;1585616;879503;1491;1;951674;0;0;0;0
FR;2;2021-05-14;61358;12885;132;0;16538;0;0;0;0;1646974;892388;1623;1;968212;0;0;0;0
FR;2;2021-05-15;65936;7097;39;0;10647;0;0;0;0;1712910;899485;1662;1;978859;0;0;0;0
FR;2;2021-05-16;43588;2572;10;0;4942;0;0;0;0;1756498;902057;1672;1;983801;0;0;0;0
FR;2;2021-05-17;44754;12460;114;0;15366;0;0;0;0;1801252;914517;1786;1;999167;0;0;0;0
FR;2;2021-05-18;54646;12279;190;0;15961;0;0;0;0;1855898;926796;1976;1;1015128;0;0;0;0
FR;2;2021-05-19;57177;10468;281;0;14509;0;0;0;0;1913075;937264;2257;1;1029637;0;0;0;0
FR;2;2021-05-20;63447;10799;288;0;14898;0;0;0;0;1976522;948063;2545;1;1044535;0;0;0;0
FR;2;2021-05-21;64305;11609;230;0;16033;0;0;0;0;2040827;959672;2775;1;1060568;0;0;0;0
FR;2;2021-05-22;61488;4530;65;0;8500;0;0;0;0;2102315;964202;2840;1;1069068;0;0;0;0
FR;2;2021-05-23;37536;575;22;0;2912;0;0;0;0;2139851;964777;2862;1;1071980;0;0;0;0
FR;2;2021-05-24;17245;2050;35;0;3257;0;0;0;0;2157096;966827;2897;1;1075237;0;0;0;0
FR;2;2021-05-25;21119;12249;241;0;13851;0;0;0;0;2178215;979076;3138;1;1089088;0;0;0;0
FR;2;2021-05-26;19942;11537;230;0;13061;0;0;0;0;2198157;990613;3368;1;1102149;0;0;0;0
FR;2;2021-05-27;23000;12641;182;0;14378;0;0;0;0;2221157;1003254;3550;1;1116527;0;0;0;0
FR;2;2021-05-28;29394;15038;190;0;17220;0;0;0;0;2250551;1018292;3740;1;1133747;0;0;0;0
FR;2;2021-05-29;30422;8194;58;0;10102;0;0;0;0;2280973;1026486;3798;1;1143849;0;0;0;0
FR;2;2021-05-30;4647;1820;6;0;2155;0;0;0;0;2285620;1028306;3804;1;1146004;0;0;0;0
FR;2;2021-05-31;28590;18749;184;0;20828;0;0;0;0;2314210;1047055;3988;1;1166832;0;0;0;0
FR;2;2021-06-01;45739;19903;225;0;23142;0;0;0;0;2359949;1066958;4213;1;1189974;0;0;0;0
FR;2;2021-06-02;37477;19305;182;0;22310;0;0;0;0;2397426;1086263;4395;1;1212284;0;0;0;0
FR;2;2021-06-03;51282;23115;161;0;26969;0;0;0;0;2448708;1109378;4556;1;1239253;0;0;0;0
FR;2;2021-06-04;65516;24094;217;0;29064;0;0;0;0;2514224;1133472;4773;1;1268317;0;0;0;0
FR;2;2021-06-05;34604;24100;52;0;26955;0;0;0;0;2548828;1157572;4825;1;1295272;0;0;0;0
FR;2;2021-06-06;4957;6193;10;0;6612;0;0;0;0;2553785;1163765;4835;1;1301884;0;0;0;0
FR;2;2021-06-07;28177;23012;150;0;25426;0;0;0;0;2581962;1186777;4985;1;1327310;0;0;0;0
FR;2;2021-06-08;46377;22934;143;0;26898;0;0;0;0;2628339;1209711;5128;1;1354208;0;0;0;0
FR;2;2021-06-09;34296;20978;107;0;24110;0;0;0;0;2662635;1230689;5235;1;1378318;0;0;0;0
FR;2;2021-06-10;42643;19083;96;1;23005;0;0;0;0;2705278;1249772;5331;2;1401323;0;0;0;0
FR;2;2021-06-11;55302;25144;134;0;30242;0;0;0;0;2760580;1274916;5465;2;1431565;0;0;0;0
FR;2;2021-06-12;30563;19796;53;0;22650;0;0;0;0;2791143;1294712;5518;2;1454215;0;0;0;0
FR;2;2021-06-13;3333;9192;13;0;9580;0;0;0;0;2794476;1303904;5531;2;1463795;0;0;0;0
FR;2;2021-06-14;25304;24113;92;0;26694;0;0;0;0;2819780;1328017;5623;2;1490489;0;0;0;0
FR;2;2021-06-15;39048;22825;154;0;26575;0;0;0;0;2858828;1350842;5777;2;1517064;0;0;0;0
FR;2;2021-06-16;30166;21365;135;0;24520;0;0;0;0;2888994;1372207;5912;2;1541584;0;0;0;0
FR;2;2021-06-17;36912;25763;150;0;29626;0;0;0;0;2925906;1397970;6062;2;1571210;0;0;0;0
FR;2;2021-06-18;46860;28880;123;0;33582;0;0;0;0;2972766;1426850;6185;2;1604792;0;0;0;0
FR;2;2021-06-19;24526;24929;39;0;27702;0;0;0;0;2997292;1451779;6224;2;1632494;0;0;0;0
FR;2;2021-06-20;3745;10057;9;0;10556;0;0;0;0;3001037;1461836;6233;2;1643050;0;0;0;0
FR;2;2021-06-21;17537;42855;88;0;44865;0;0;0;0;3018574;1504691;6321;2;1687915;0;0;0;0
FR;2;2021-06-22;28363;49616;110;0;53044;0;0;0;0;3046937;1554307;6431;2;1740959;0;0;0;0
FR;2;2021-06-23;21791;49600;107;1;52446;1;0;0;0;3068728;1603907;6538;3;1793405;1;0;0;0
FR;2;2021-06-24;28378;50303;134;0;54038;0;0;0;0;3097106;1654210;6672;3;1847443;1;0;0;0
FR;2;2021-06-25;33402;60454;128;0;64841;0;0;0;0;3130508;1714664;6800;3;1912284;1;0;0;0
FR;2;2021-06-26;16395;59332;54;1;61722;0;0;0;0;3146903;1773996;6854;4;1974006;1;0;0;0
FR;2;2021-06-27;2566;29319;22;1;29900;0;0;0;0;3149469;1803315;6876;5;2003906;1;0;0;0
FR;2;2021-06-28;12641;54337;84;0;56311;0;0;0;0;3162110;1857652;6960;5;2060217;1;0;0;0
FR;2;2021-06-29;19857;59980;178;0;62924;0;0;0;0;3181967;1917632;7138;5;2123141;1;0;0;0
FR;2;2021-06-30;16334;58021;253;17;60707;0;0;0;0;3198301;1975653;7391;22;2183848;1;0;0;0
FR;2;2021-07-01;20493;59865;228;0;63193;0;0;0;0;3218794;2035518;7619;22;2247041;1;0;0;0
FR;2;2021-07-02;24080;62159;184;0;66375;0;0;0;0;3242874;2097677;7803;22;2313416;1;0;0;0
FR;2;2021-07-03;12121;57135;153;0;59471;0;0;0;0;3254995;2154812;7956;22;2372887;1;0;0;0
FR;2;2021-07-04;1960;23304;18;0;23871;0;0;0;0;3256955;2178116;7974;22;2396758;1;0;0;0
FR;2;2021-07-05;9178;29275;106;0;30911;0;0;0;0;3266133;2207391;8080;22;2427669;1;0;0;0
FR;2;2021-07-06;14583;36265;135;0;38944;0;0;0;0;3280716;2243656;8215;22;2466613;1;0;0;0
FR;2;2021-07-07;14416;33662;139;0;36417;0;0;0;0;3295132;2277318;8354;22;2503030;1;0;0;0
FR;2;2021-07-08;19722;40322;162;0;43983;0;0;0;0;3314854;2317640;8516;22;2547013;1;0;0;0
FR;2;2021-07-09;27104;54320;202;1;59472;0;0;0;0;3341958;2371960;8718;23;2606485;1;0;0;0
FR;2;2021-07-10;13388;33705;107;0;36393;0;0;0;0;3355346;2405665;8825;23;2642878;1;0;0;0
FR;2;2021-07-11;1811;4345;16;0;4774;0;0;0;0;3357157;2410010;8841;23;2647652;1;0;0;0
FR;2;2021-07-12;12971;37277;119;0;39934;0;0;0;0;3370128;2447287;8960;23;2687586;1;0;0;0
FR;2;2021-07-13;37117;53161;152;0;60299;0;0;0;0;3407245;2500448;9112;23;2747885;1;0;0;0
FR;2;2021-07-14;6627;3540;15;0;4888;0;0;0;0;3413872;2503988;9127;23;2752773;1;0;0;0
FR;2;2021-07-15;47244;47012;156;0;55212;0;0;0;0;3461116;2551000;9283;23;2807985;1;0;0;0
FR;2;2021-07-16;64318;55767;188;0;66750;0;0;0;0;3525434;2606767;9471;23;2874735;1;0;0;0
FR;2;2021-07-17;31600;23911;96;0;29365;0;0;0;0;3557034;2630678;9567;23;2904100;1;0;0;0
FR;2;2021-07-18;6090;4811;19;0;5958;0;0;0;0;3563124;2635489;9586;23;2910058;1;0;0;0
FR;2;2021-07-19;33006;28618;94;0;34233;0;0;0;0;3596130;2664107;9680;23;2944291;1;0;0;0
FR;2;2021-07-20;51998;44521;155;0;53160;0;0;0;0;3648128;2708628;9835;23;2997451;1;0;0;0
FR;2;2021-07-21;45256;34649;93;0;42159;0;0;0;0;3693384;2743277;9928;23;3039610;1;0;0;0
FR;2;2021-07-22;56279;41084;128;1;50369;0;0;0;0;3749663;2784361;10056;24;3089979;1;0;0;0
FR;2;2021-07-23;68301;48977;170;0;60271;0;0;0;0;3817964;2833338;10226;24;3150250;1;0;0;0
FR;2;2021-07-24;36180;21613;82;0;27475;0;0;0;0;3854144;2854951;10308;24;3177725;1;0;0;0
FR;2;2021-07-25;6751;2612;10;0;3871;0;0;0;0;3860895;2857563;10318;24;3181596;1;0;0;0
FR;2;2021-07-26;36319;22346;91;1;27853;0;0;0;0;3897214;2879909;10409;25;3209449;1;0;0;0
FR;2;2021-07-27;62390;34564;180;0;43710;0;0;0;0;3959604;2914473;10589;25;3253159;1;0;0;0
FR;2;2021-07-28;55323;26426;132;0;34521;0;0;0;0;4014927;2940899;10721;25;3287680;1;0;0;0
FR;2;2021-07-29;68480;32788;189;0;42476;0;0;0;0;4083407;2973687;10910;25;3330156;1;0;0;0
FR;2;2021-07-30;74465;37811;222;1;48608;0;0;0;0;4157872;3011498;11132;26;3378764;1;0;0;0
FR;2;2021-07-31;34776;16203;105;0;21403;0;0;0;0;4192648;3027701;11237;26;3400167;1;0;0;0
FR;2;2021-08-01;5414;2257;19;0;3120;0;0;0;0;4198062;3029958;11256;26;3403287;1;0;0;0
FR;2;2021-08-02;35888;16162;101;0;21063;0;0;0;0;4233950;3046120;11357;26;3424350;1;0;0;0
FR;2;2021-08-03;55986;28267;142;0;35475;0;0;0;0;4289936;3074387;11499;26;3459825;1;0;0;0
FR;2;2021-08-04;46637;20833;128;1;26948;0;0;0;0;4336573;3095220;11627;27;3486773;1;0;0;0
FR;2;2021-08-05;54639;31550;215;0;38739;0;0;0;0;4391212;3126770;11842;27;3525512;1;0;0;0
FR;2;2021-08-06;58098;42393;242;1;50231;0;0;0;0;4449310;3169163;12084;28;3575743;1;0;0;0
FR;2;2021-08-07;25150;17627;89;0;21320;0;0;0;0;4474460;3186790;12173;28;3597063;1;0;0;0
FR;2;2021-08-08;3839;3648;21;0;4306;0;0;0;0;4478299;3190438;12194;28;3601369;1;0;0;0
FR;2;2021-08-09;29308;21039;92;0;24865;0;0;0;0;4507607;3211477;12286;28;3626234;1;0;0;0
FR;2;2021-08-10;45011;33469;155;0;39238;0;0;0;0;4552618;3244946;12441;28;3665472;1;0;0;0
FR;2;2021-08-11;35274;25149;151;0;29754;0;0;0;0;4587892;3270095;12592;28;3695226;1;0;0;0
FR;2;2021-08-12;41904;35694;163;0;41234;0;0;0;0;4629796;3305789;12755;28;3736460;1;0;0;0
FR;2;2021-08-13;42606;37303;218;0;42995;0;0;0;0;4672402;3343092;12973;28;3779455;1;0;0;0
FR;2;2021-08-14;18524;22149;94;0;24785;0;0;0;0;4690926;3365241;13067;28;3804240;1;0;0;0
FR;2;2021-08-15;3861;3797;17;0;4385;0;0;0;0;4694787;3369038;13084;28;3808625;1;0;0;0
FR;2;2021-08-16;25093;27125;111;0;30452;0;0;0;0;4719880;3396163;13195;28;3839077;1;0;0;0
FR;2;2021-08-17;38264;43409;207;2;48401;0;0;0;0;4758144;3439572;13402;30;3887478;1;0;0;0
FR;2;2021-08-18;32254;36350;195;1;40701;1;0;0;0;4790398;3475922;13597;31;3928179;2;0;0;0
FR;2;2021-08-19;37434;46581;224;0;51790;0;0;0;0;4827832;3522503;13821;31;3979969;2;0;0;0
FR;2;2021-08-20;40568;55638;271;1;61575;0;0;0;0;4868400;3578141;14092;32;4041544;2;0;0;0
FR;2;2021-08-21;18121;24315;116;0;27107;0;0;0;0;4886521;3602456;14208;32;4068651;2;0;0;0
FR;2;2021-08-22;2908;4324;22;1;4856;1;0;0;0;4889429;3606780;14230;33;4073507;3;0;0;0
FR;2;2021-08-23;19248;35149;131;1;38043;0;0;0;0;4908677;3641929;14361;34;4111550;3;0;0;0
FR;2;2021-08-24;31952;56040;236;0;60702;0;0;0;0;4940629;3697969;14597;34;4172252;3;0;0;0
FR;2;2021-08-25;25934;43453;251;0;47406;0;0;0;0;4966563;3741422;14848;34;4219658;3;0;0;0
FR;2;2021-08-26;32362;55831;388;0;60594;0;0;0;0;4998925;3797253;15236;34;4280252;3;0;0;0
FR;2;2021-08-27;37003;65684;477;2;71421;0;0;0;0;5035928;3862937;15713;36;4351673;3;0;0;0
FR;2;2021-08-28;17819;28552;300;0;31618;0;0;0;0;5053747;3891489;16013;36;4383291;3;0;0;0
FR;2;2021-08-29;2656;5011;47;0;5624;0;0;0;0;5056403;3896500;16060;36;4388915;3;0;0;0
FR;2;2021-08-30;18417;37728;400;0;40147;758;0;0;0;5074820;3934228;16460;36;4429062;761;0;0;0
FR;2;2021-08-31;28077;57512;887;4;60950;1557;0;0;0;5102897;3991740;17347;40;4490012;2318;0;0;0
FR;2;2021-09-01;21594;39874;1309;0;42267;2125;0;0;0;5124491;4031614;18656;40;4532279;4443;0;0;0
FR;2;2021-09-02;25485;48662;1962;2;50947;3365;0;0;0;5149976;4080276;20618;42;4583226;7808;0;0;0
FR;2;2021-09-03;33413;64568;2988;3;67542;4882;1;0;0;5183389;4144844;23606;45;4650768;12690;1;0;0
FR;2;2021-09-04;16832;27759;1443;1;29557;2383;0;0;0;5200221;4172603;25049;46;4680325;15073;1;0;0
FR;2;2021-09-05;2264;3589;266;0;3947;412;0;0;0;5202485;4176192;25315;46;4684272;15485;1;0;0
FR;2;2021-09-06;14043;28698;1771;1;29765;2945;0;0;0;5216528;4204890;27086;47;4714037;18430;1;0;0
FR;2;2021-09-07;21108;41106;3021;13;42274;4932;0;0;0;5237636;4245996;30107;60;4756311;23362;1;0;0
FR;2;2021-09-08;17248;31922;2736;6;32742;4500;0;0;0;5254884;4277918;32843;66;4789053;27862;1;0;0
FR;2;2021-09-09;20981;40486;4437;3;41240;6838;0;0;0;5275865;4318404;37280;69;4830293;34700;1;0;0
FR;2;2021-09-10;28200;51300;5286;4;51889;8968;1;0;0;5304065;4369704;42566;73;4882182;43668;2;0;0
FR;2;2021-09-11;13654;22446;2405;5;23135;3977;0;0;0;5317719;4392150;44971;78;4905317;47645;2;0;0
FR;2;2021-09-12;1824;2773;292;0;2968;510;0;0;0;5319543;4394923;45263;78;4908285;48155;2;0;0
FR;2;2021-09-13;11659;21444;2474;4;21708;4048;0;0;0;5331202;4416367;47737;82;4929993;52203;2;0;0
FR;2;2021-09-14;18576;32732;5092;13;31694;9058;2;0;0;5349778;4449099;52829;95;4961687;61261;4;0;0
FR;2;2021-09-15;14915;28238;5169;3;26932;7756;9;0;0;5364693;4477337;57998;98;4988619;69017;13;0;0
FR;2;2021-09-16;16078;32792;6737;12;30183;10537;4;0;0;5380771;4510129;64735;110;5018802;79554;17;0;0
FR;2;2021-09-17;20915;47160;8781;10;42819;14620;6;0;0;5401686;4557289;73516;120;5061621;94174;23;0;0
FR;2;2021-09-18;9857;20960;3804;6;19593;6036;1;0;0;5411543;4578249;77320;126;5081214;100210;24;0;0
FR;2;2021-09-19;1166;2595;396;0;2538;632;0;0;0;5412709;4580844;77716;126;5083752;100842;24;0;0
FR;2;2021-09-20;7500;18703;3856;7;17026;6137;4;0;0;5420209;4599547;81572;133;5100778;106979;28;0;0
FR;2;2021-09-21;11215;29992;6495;5;26541;10749;3;0;0;5431424;4629539;88067;138;5127319;117728;31;0;0
FR;2;2021-09-22;9413;23543;5490;6;21196;8521;8;0;0;5440837;4653082;93557;144;5148515;126249;39;0;0
FR;2;2021-09-23;10731;28899;7881;10;24726;12649;10;0;0;5451568;4681981;101438;154;5173241;138898;49;0;0
FR;2;2021-09-24;15075;42933;10876;18;37276;17240;21;0;0;5466643;4724914;112314;172;5210517;156138;70;0;0
FR;2;2021-09-25;7258;18795;3965;9;17151;6118;3;0;0;5473901;4743709;116279;181;5227668;162256;73;0;0
FR;2;2021-09-26;1080;2547;495;0;2493;630;1;0;0;5474981;4746256;116774;181;5230161;162886;74;0;0
FR;2;2021-09-27;6312;16404;4287;8;14796;6534;2;0;0;5481293;4762660;121061;189;5244957;169420;76;0;0
FR;2;2021-09-28;9241;25569;7769;14;21719;12082;7;0;0;5490534;4788229;128830;203;5266676;181502;83;0;0
FR;2;2021-09-29;8081;20203;6067;25;17609;9262;8;0;0;5498615;4808432;134897;228;5284285;190764;91;0;0
FR;2;2021-09-30;9865;25837;9509;16;21636;14101;6;0;0;5508480;4834269;144406;244;5305921;204865;97;0;0
FR;2;2021-10-01;13978;35730;12919;25;30048;19319;10;0;0;5522458;4869999;157325;269;5335969;224184;107;0;0
FR;2;2021-10-02;6874;15932;4850;7;14228;7047;6;0;0;5529332;4885931;162175;276;5350197;231231;113;0;0
FR;2;2021-10-03;841;1911;492;1;1840;502;0;0;0;5530173;4887842;162667;277;5352037;231733;113;0;0
FR;2;2021-10-04;5826;13900;5516;5;12137;7853;6;0;0;5535999;4901742;168183;282;5364174;239586;119;0;0
FR;2;2021-10-05;9057;22561;11125;19;18526;15739;1;0;0;5545056;4924303;179308;301;5382700;255325;120;0;0
FR;2;2021-10-06;7784;17743;8243;11;15273;11089;4;0;0;5552840;4942046;187551;312;5397973;266414;124;0;0
FR;2;2021-10-07;9203;22205;12386;14;18008;16871;6;0;0;5562043;4964251;199937;326;5415981;283285;130;0;0
FR;2;2021-10-08;13431;32136;17349;28;26509;23611;13;0;0;5575474;4996387;217286;354;5442490;306896;143;0;0
FR;2;2021-10-09;6000;12846;6044;6;11382;7895;7;0;0;5581474;5009233;223330;360;5453872;314791;150;0;0
FR;2;2021-10-10;885;1598;436;2;1541;606;1;0;0;5582359;5010831;223766;362;5455413;315397;151;0;0
FR;2;2021-10-11;5607;11551;6455;17;9941;8828;3;0;0;5587966;5022382;230221;379;5465354;324225;154;0;0
FR;2;2021-10-12;8029;17785;12550;13;13924;16782;9;0;0;5595995;5040167;242771;392;5479278;341007;163;0;0
FR;2;2021-10-13;6945;14852;10256;12;11808;13647;7;0;0;5602940;5055019;253027;404;5491086;354654;170;0;0
FR;2;2021-10-14;8314;17936;14996;13;13559;19471;11;0;0;5611254;5072955;268023;417;5504645;374125;181;0;0
FR;2;2021-10-15;11856;26311;20903;26;19415;27981;4;0;0;5623110;5099266;288926;443;5524060;402106;185;0;0
FR;2;2021-10-16;5140;8742;1819;0;8173;3220;2;0;0;5628250;5108008;290745;443;5532233;405326;187;0;0
FR;2;2021-10-17;651;1149;185;0;1081;355;1;0;0;5628901;5109157;290930;443;5533314;405681;188;0;0
FR;2;2021-10-18;4562;7342;665;2;7246;1633;0;0;0;5633463;5116499;291595;445;5540560;407314;188;0;0
FR;2;2021-10-19;6239;9854;732;5;9656;2035;5;0;0;5639702;5126353;292327;450;5550216;409349;193;0;0
FR;2;2021-10-20;5170;8055;759;3;8176;1677;0;0;0;5644872;5134408;293086;453;5558392;411026;193;0;0
FR;2;2021-10-21;6090;9976;780;5;9835;2103;1;0;0;5650962;5144384;293866;458;5568227;413129;194;0;0
FR;2;2021-10-22;8452;14595;1149;4;14470;2890;2;0;0;5659414;5158979;295015;462;5582697;416019;196;0;0
FR;2;2021-10-23;3845;5993;587;0;6127;1235;3;0;0;5663259;5164972;295602;462;5588824;417254;199;0;0
FR;2;2021-10-24;494;884;101;0;901;205;0;0;0;5663753;5165856;295703;462;5589725;417459;199;0;0
FR;2;2021-10-25;3359;5351;307;1;5525;826;2;0;0;5667112;5171207;296010;463;5595250;418285;201;0;0
FR;2;2021-10-26;4177;7239;1133;4;7129;2022;5;0;0;5671289;5178446;297143;467;5602379;420307;206;0;0
FR;2;2021-10-27;3677;6595;1193;5;6453;1992;1;0;0;5674966;5185041;298336;472;5608832;422299;207;0;0
FR;2;2021-10-28;4597;7687;1736;3;7416;2747;1;0;0;5679563;5192728;300072;475;5616248;425046;208;0;0
FR;2;2021-10-29;5413;11082;2437;4;10695;3682;3;0;0;5684976;5203810;302509;479;5626943;428728;211;0;0
FR;2;2021-10-30;2749;4456;976;1;4456;1444;2;0;0;5687725;5208266;303485;480;5631399;430172;213;0;0
FR;2;2021-10-31;364;535;140;1;544;191;1;0;0;5688089;5208801;303625;481;5631943;430363;214;0;0
FR;2;2021-11-01;429;548;181;0;564;267;1;0;0;5688518;5209349;303806;481;5632507;430630;215;0;0
FR;2;2021-11-02;3293;6757;1183;0;6802;1764;5;0;0;5691811;5216106;304989;481;5639309;432394;220;0;0
FR;2;2021-11-03;3340;6229;1388;2;6317;1967;2;0;0;5695151;5222335;306377;483;5645626;434361;222;0;0
FR;2;2021-11-04;3986;7074;1768;4;7113;2494;3;0;0;5699137;5229409;308145;487;5652739;436855;225;0;0
FR;2;2021-11-05;5234;10504;2867;5;10212;3959;6;0;0;5704371;5239913;311012;492;5662951;440814;231;0;0
FR;2;2021-11-06;2596;4678;1403;0;4638;1818;2;0;0;5706967;5244591;312415;492;5667589;442632;233;0;0
FR;2;2021-11-07;506;866;221;0;873;291;2;0;0;5707473;5245457;312636;492;5668462;442923;235;0;0
FR;2;2021-11-08;2578;5348;1205;3;5268;1676;3;0;0;5710051;5250805;313841;495;5673730;444599;238;0;0
FR;2;2021-11-09;2749;6911;2402;5;6446;3181;2;0;0;5712800;5257716;316243;500;5680176;447780;240;0;0
FR;2;2021-11-10;2590;5670;5115;6;4766;6290;7;0;0;5715390;5263386;321358;506;5684942;454070;247;0;0
FR;2;2021-11-11;446;756;752;2;648;936;3;0;0;5715836;5264142;322110;508;5685590;455006;250;0;0
FR;2;2021-11-12;2953;8084;8982;8;6199;10927;9;0;0;5718789;5272226;331092;516;5691789;465933;259;0;0
FR;2;2021-11-13;1539;3375;3871;7;2723;4538;4;0;0;5720328;5275601;334963;523;5694512;470471;263;0;0
FR;2;2021-11-14;257;588;351;1;487;481;3;0;0;5720585;5276189;335314;524;5694999;470952;266;0;0
FR;2;2021-11-15;1621;3654;4447;8;2910;5326;16;0;0;5722206;5279843;339761;532;5697909;476278;282;0;0
FR;2;2021-11-16;2184;5883;8311;14;4159;10082;16;0;0;5724390;5285726;348072;546;5702068;486360;298;0;0
FR;2;2021-11-17;1741;4525;6632;8;3171;7850;5;0;0;5726131;5290251;354704;554;5705239;494210;303;0;0
FR;2;2021-11-18;2192;5926;9187;10;4024;11018;8;0;0;5728323;5296177;363891;564;5709263;505228;311;0;0
FR;2;2021-11-19;2700;7758;12980;19;4837;15480;12;0;0;5731023;5303935;376871;583;5714100;520708;323;0;0
FR;2;2021-11-20;1566;3337;5181;5;2353;6095;3;0;0;5732589;5307272;382052;588;5716453;526803;326;0;0
FR;2;2021-11-21;250;503;541;0;393;653;3;0;0;5732839;5307775;382593;588;5716846;527456;329;0;0
FR;2;2021-11-22;1278;2573;4482;5;1673;5397;9;0;0;5734117;5310348;387075;593;5718519;532853;338;0;0
FR;2;2021-11-23;1617;4273;8202;9;2537;9913;6;0;0;5735734;5314621;395277;602;5721056;542766;344;0;0
FR;2;2021-11-24;1421;3753;7482;14;2249;8735;9;0;0;5737155;5318374;402759;616;5723305;551501;353;0;0
FR;2;2021-11-25;1813;4866;11472;21;2684;13668;6;0;0;5738968;5323240;414231;637;5725989;565169;359;0;0
FR;2;2021-11-26;2541;7737;22673;31;3816;26086;14;0;0;5741509;5330977;436904;668;5729805;591255;373;0;0
FR;2;2021-11-27;1498;4139;12275;18;2130;14032;12;0;0;5743007;5335116;449179;686;5731935;605287;385;0;0
FR;2;2021-11-28;292;840;1975;3;480;2304;5;0;0;5743299;5335956;451154;689;5732415;607591;390;0;0
FR;2;2021-11-29;1447;4353;15099;23;2013;17269;25;0;0;5744746;5340309;466253;712;5734428;624860;415;0;0
FR;2;2021-11-30;1912;6660;26246;36;2645;30006;22;0;0;5746658;5346969;492499;748;5737073;654866;437;0;0
FR;2;2021-12-01;1916;6021;26205;31;2489;29516;20;0;0;5748574;5352990;518704;779;5739562;684382;457;0;0
FR;2;2021-12-02;1914;6781;37728;52;2118;41980;32;0;0;5750488;5359771;556432;831;5741680;726362;489;0;0
FR;2;2021-12-03;2557;10079;53636;111;3602;59384;30;0;0;5753045;5369850;610068;942;5745282;785746;519;0;0
FR;2;2021-12-04;1850;6280;37127;38;2189;40817;15;0;0;5754895;5376130;647195;980;5747471;826563;534;0;0
FR;2;2021-12-05;458;2247;14263;14;536;15990;7;0;0;5755353;5378377;661458;994;5748007;842553;541;0;0
FR;2;2021-12-06;2487;9856;77725;109;2708;84776;25;0;0;5757840;5388233;739183;1103;5750715;927329;566;0;0
FR;2;2021-12-07;3455;15294;122464;238;3749;133786;40;0;0;5761295;5403527;861647;1341;5754464;1061115;606;0;0
FR;2;2021-12-08;3725;15988;133215;330;3857;145409;54;0;0;5765020;5419515;994862;1671;5758321;1206524;660;0;0
FR;2;2021-12-09;4546;19634;170232;555;4177;185629;61;0;0;5769566;5439149;1165094;2226;5762498;1392153;721;0;0
FR;2;2021-12-10;4675;22806;188692;490;5017;206177;68;0;0;5774241;5461955;1353786;2716;5767515;1598330;789;0;0
FR;2;2021-12-11;3688;16623;132465;239;3674;144926;61;0;0;5777929;5478578;1486251;2955;5771189;1743256;850;0;0
FR;2;2021-12-12;1256;7123;59111;83;1019;65167;12;0;0;5779185;5485701;1545362;3038;5772208;1808423;862;0;0
FR;2;2021-12-13;5530;26817;220720;605;5229;243018;159;0;0;5784715;5512518;1766082;3643;5777437;2051441;1021;0;0
FR;2;2021-12-14;7018;37453;300796;908;6147;332252;189;0;0;5791733;5549971;2066878;4551;5783584;2383693;1210;0;0
FR;2;2021-12-15;6556;36234;285252;957;5878;315893;185;0;0;5798289;5586205;2352130;5508;5789462;2699586;1395;0;0
FR;2;2021-12-16;7765;37916;312167;981;6571;343795;184;0;0;5806054;5624121;2664297;6489;5796033;3043381;1579;0;0
FR;2;2021-12-17;8681;41185;327902;976;8029;360970;231;0;0;5814735;5665306;2992199;7465;5804062;3404351;1810;0;0
FR;2;2021-12-18;6515;26544;212366;448;4913;233674;120;0;0;5821250;5691850;3204565;7913;5808975;3638025;1930;0;0
FR;2;2021-12-19;2603;11410;90221;182;1660;100356;25;0;0;5823853;5703260;3294786;8095;5810635;3738381;1955;0;0
FR;2;2021-12-20;9549;33534;275250;706;6606;303400;208;0;0;5833402;5736794;3570036;8801;5817241;4041781;2163;0;0
FR;2;2021-12-21;11565;38296;309645;968;7383;341435;259;0;0;5844967;5775090;3879681;9769;5824624;4383216;2422;0;0
FR;2;2021-12-22;10459;32778;265134;952;6448;292486;316;0;1;5855426;5807868;4144815;10721;5831072;4675702;2738;0;1
FR;2;2021-12-23;9426;26636;199526;701;5889;221286;227;0;0;5864852;5834504;4344341;11422;5836961;4896988;2965;0;1
FR;2;2021-12-24;2783;7474;43862;140;2038;49561;78;0;0;5867635;5841978;4388203;11562;5838999;4946549;3043;0;1
FR;2;2021-12-25;201;677;2003;10;210;2483;15;0;0;5867836;5842655;4390206;11572;5839209;4949032;3058;0;1
FR;2;2021-12-26;1320;4216;25159;71;1052;28692;70;0;0;5869156;5846871;4415365;11643;5840261;4977724;3128;0;1
FR;2;2021-12-27;8075;29921;218431;659;6629;243370;294;0;0;5877231;5876792;4633796;12302;5846890;5221094;3422;0;1
FR;2;2021-12-28;9834;36303;272108;742;6992;302010;957;0;1;5887065;5913095;4905904;13044;5853882;5523104;4379;0;2
FR;2;2021-12-29;9498;32233;246142;765;6415;272689;1088;0;0;5896563;5945328;5152046;13809;5860297;5795793;5467;0;2
FR;2;2021-12-30;9461;28080;208837;663;5976;231457;1156;0;0;5906024;5973408;5360883;14472;5866273;6027250;6623;0;2
FR;2;2021-12-31;3011;8345;54990;176;2173;61233;392;0;0;5909035;5981753;5415873;14648;5868446;6088483;7015;0;2
FR;2;2022-01-01;231;689;2857;7;204;3352;29;0;0;5909266;5982442;5418730;14655;5868650;6091835;7044;0;2
FR;2;2022-01-02;1503;4852;29522;75;1166;33409;217;0;0;5910769;5987294;5448252;14730;5869816;6125244;7261;0;2
FR;2;2022-01-03;9603;35403;266541;806;8502;293917;1674;0;0;5920372;6022697;5714793;15536;5878318;6419161;8935;0;2
FR;2;2022-01-04;12854;45417;342100;1068;9972;377053;2458;0;1;5933226;6068114;6056893;16604;5888290;6796214;11393;0;3
FR;2;2022-01-05;11273;38628;294213;884;8632;323851;2154;0;2;5944499;6106742;6351106;17488;5896922;7120065;13547;0;5
FR;2;2022-01-06;13655;43492;331953;1298;9940;364760;2979;0;1;5958154;6150234;6683059;18786;5906862;7484825;16526;0;6
FR;2;2022-01-07;14225;47625;361115;1271;11245;396461;3159;0;0;5972379;6197859;7044174;20057;5918107;7881286;19685;0;6
FR;2;2022-01-08;7946;28139;201269;515;7207;221704;1528;0;2;5980325;6225998;7245443;20572;5925314;8102990;21213;0;8
FR;2;2022-01-09;2749;8955;62528;137;2074;69496;493;0;0;5983074;6234953;7307971;20709;5927388;8172486;21706;0;8
FR;2;2022-01-10;10100;31911;232500;858;8907;255077;2458;0;0;5993174;6266864;7540471;21567;5936295;8427563;24164;0;8
FR;2;2022-01-11;11468;36252;265933;1029;10069;290641;3380;0;1;6004642;6303116;7806404;22596;5946364;8718204;27544;0;9
FR;2;2022-01-12;8765;29793;206334;863;8722;226175;2798;0;5;6013407;6332909;8012738;23459;5955086;8944379;30342;0;14
FR;2;2022-01-13;9387;31333;224504;831;9038;244849;3462;0;4;6022794;6364242;8237242;24290;5964124;9189228;33804;0;18
FR;2;2022-01-14;9741;35589;254549;920;9850;277654;3983;0;1;6032535;6399831;8491791;25210;5973974;9466882;37787;0;19
FR;2;2022-01-15;5361;19448;140783;363;5324;153643;1928;0;0;6037896;6419279;8632574;25573;5979298;9620525;39715;0;19
FR;2;2022-01-16;1512;5464;35891;81;1620;39822;424;0;0;6039408;6424743;8668465;25654;5980918;9660347;40139;0;19
FR;2;2022-01-17;5546;19267;135417;601;6603;147260;2264;0;2;6044954;6444010;8803882;26255;5987521;9807607;42403;0;21
FR;2;2022-01-18;6423;21486;148642;647;7525;160466;3311;0;0;6051377;6465496;8952524;26902;5995046;9968073;45714;0;21
FR;2;2022-01-19;4397;16312;105108;551;6212;113699;2410;0;1;6055774;6481808;9057632;27453;6001258;10081772;48124;0;22
FR;2;2022-01-20;4872;17577;115303;603;7071;123695;3111;0;2;6060646;6499385;9172935;28056;6008329;10205467;51235;0;24
FR;2;2022-01-21;5198;20040;137354;679;7171;147771;3453;0;1;6065844;6519425;9310289;28735;6015500;10353238;54688;0;25
FR;2;2022-01-22;3034;10949;74262;260;3956;80329;1428;0;0;6068878;6530374;9384551;28995;6019456;10433567;56116;0;25
FR;2;2022-01-23;724;2710;15242;41;1057;16826;238;0;0;6069602;6533084;9399793;29036;6020513;10450393;56354;0;25
FR;2;2022-01-24;3290;12803;75082;431;5844;81026;1994;0;2;6072892;6545887;9474875;29467;6026357;10531419;58348;0;27
FR;2;2022-01-25;3575;14405;79631;496;6648;85459;2879;0;4;6076467;6560292;9554506;29963;6033005;10616878;61227;0;31
FR;2;2022-01-26;2515;10705;58983;363;5330;63036;1958;0;1;6078982;6570997;9613489;30326;6038335;10679914;63185;0;32
FR;2;2022-01-27;2683;11379;64180;388;5737;67959;2461;0;1;6081665;6582376;9677669;30714;6044072;10747873;65646;0;33
FR;2;2022-01-28;3551;18271;91727;429;8615;98913;3400;0;1;6085216;6600647;9769396;31143;6052687;10846786;69046;0;34
FR;2;2022-01-29;1894;9239;48852;164;4171;52928;1375;0;1;6087110;6609886;9818248;31307;6056858;10899714;70421;0;35
FR;2;2022-01-30;464;2209;9455;38;1051;10585;203;0;0;6087574;6612095;9827703;31345;6057909;10910299;70624;0;35
FR;2;2022-01-31;1890;9559;43833;209;4715;47327;1887;0;2;6089464;6621654;9871536;31554;6062624;10957626;72511;0;37
FR;2;2022-02-01;1916;10025;47031;279;4802;50082;2709;0;0;6091380;6631679;9918567;31833;6067426;11007708;75220;0;37
FR;2;2022-02-02;1614;8980;41122;250;4194;44152;2189;0;1;6092994;6640659;9959689;32083;6071620;11051860;77409;0;38
FR;2;2022-02-03;1728;8937;40526;205;4374;42915;2642;0;2;6094722;6649596;10000215;32288;6075994;11094775;80051;0;40
FR;2;2022-02-04;2151;15176;66648;299;7383;71328;3671;0;1;6096873;6664772;10066863;32587;6083377;11166103;83722;0;41
FR;2;2022-02-05;1360;8522;35946;132;4216;39224;1370;0;0;6098233;6673294;10102809;32719;6087593;11205327;85092;0;41
FR;2;2022-02-06;275;1762;6129;16;840;6900;217;0;0;6098508;6675056;10108938;32735;6088433;11212227;85309;0;41
FR;2;2022-02-07;1352;9551;37758;134;4536;41292;1889;0;2;6099860;6684607;10146696;32869;6092969;11253519;87198;0;43
FR;2;2022-02-08;1299;9832;40955;173;4644;43749;2741;0;1;6101159;6694439;10187651;33042;6097613;11297268;89939;0;44
FR;2;2022-02-09;1160;8841;37040;174;3804;40465;1901;0;2;6102319;6703280;10224691;33216;6101417;11337733;91840;0;46
FR;2;2022-02-10;1029;7999;33837;204;3604;36510;2051;0;1;6103348;6711279;10258528;33420;6105021;11374243;93891;0;47
FR;2;2022-02-11;1391;12086;53347;223;5282;57700;2888;0;0;6104739;6723365;10311875;33643;6110303;11431943;96779;0;47
FR;2;2022-02-12;754;6535;27987;86;2793;30807;1112;0;2;6105493;6729900;10339862;33729;6113096;11462750;97891;0;49
FR;2;2022-02-13;200;1340;4836;20;562;5577;141;0;0;6105693;6731240;10344698;33749;6113658;11468327;98032;0;49
FR;2;2022-02-14;835;6731;30273;91;2598;33232;1398;0;1;6106528;6737971;10374971;33840;6116256;11501559;99430;0;50
FR;2;2022-02-15;774;6473;28050;140;2801;29991;1967;0;2;6107302;6744444;10403021;33980;6119057;11531550;101397;0;52
FR;2;2022-02-16;657;5361;22067;124;2526;23632;1569;0;3;6107959;6749805;10425088;34104;6121583;11555182;102966;0;55
FR;2;2022-02-17;518;3785;14152;98;2130;14617;1406;0;2;6108477;6753590;10439240;34202;6123713;11569799;104372;0;57
FR;2;2022-02-18;723;5368;20442;134;3039;21129;1895;0;0;6109200;6758958;10459682;34336;6126752;11590928;106267;0;57
FR;2;2022-02-19;430;3061;10532;66;1699;11246;753;0;2;6109630;6762019;10470214;34402;6128451;11602174;107020;0;59
FR;2;2022-02-20;102;518;1463;3;314;1611;100;0;0;6109732;6762537;10471677;34405;6128765;11603785;107120;0;59
FR;2;2022-02-21;422;2685;9122;65;1569;9499;930;0;0;6110154;6765222;10480799;34470;6130334;11613284;108050;0;59
FR;2;2022-02-22;392;2567;8894;77;1621;8797;1180;0;0;6110546;6767789;10489693;34547;6131955;11622081;109230;0;59
FR;2;2022-02-23;432;2604;8992;82;1522;9268;1022;0;0;6110978;6770393;10498685;34629;6133477;11631349;110252;0;59
FR;2;2022-02-24;314;2038;6802;82;1250;6832;870;0;0;6111292;6772431;10505487;34711;6134727;11638181;111122;0;59
FR;2;2022-02-25;457;3207;11419;107;1977;11283;1559;0;3;6111749;6775638;10516906;34818;6136704;11649464;112681;0;62
FR;2;2022-02-26;297;1892;6036;49;1161;6343;587;0;1;6112046;6777530;10522942;34867;6137865;11655807;113268;0;63
FR;2;2022-02-27;76;313;907;5;214;950;98;0;0;6112122;6777843;10523849;34872;6138079;11656757;113366;0;63
FR;2;2022-02-28;330;1688;5525;53;1087;5531;733;0;0;6112452;6779531;10529374;34925;6139166;11662288;114099;0;63
FR;2;2022-03-01;279;1569;5483;46;952;5200;964;0;2;6112731;6781100;10534857;34971;6140118;11667488;115063;0;65
FR;2;2022-03-02;298;1445;5248;45;877;5092;815;0;1;6113029;6782545;10540105;35016;6140995;11672580;115878;0;66
FR;2;2022-03-03;226;1112;3709;42;721;3486;668;0;1;6113255;6783657;10543814;35058;6141716;11676066;116546;0;67
FR;2;2022-03-04;243;1469;4859;74;983;4506;949;0;1;6113498;6785126;10548673;35132;6142699;11680572;117495;0;68
FR;2;2022-03-05;174;906;2980;34;612;2724;561;0;0;6113672;6786032;10551653;35166;6143311;11683296;118056;0;68
FR;2;2022-03-06;42;183;280;5;105;320;52;0;0;6113714;6786215;10551933;35171;6143416;11683616;118108;0;68
FR;2;2022-03-07;156;659;1987;70;491;1777;472;0;0;6113870;6786874;10553920;35241;6143907;11685393;118580;0;68
FR;2;2022-03-08;144;670;2272;53;461;1907;619;0;0;6114014;6787544;10556192;35294;6144368;11687300;119199;0;68
FR;2;2022-03-09;154;708;2348;37;473;2050;615;0;0;6114168;6788252;10558540;35331;6144841;11689350;119814;0;68
FR;2;2022-03-10;123;603;1695;35;445;1470;456;0;1;6114291;6788855;10560235;35366;6145286;11690820;120270;0;69
FR;2;2022-03-11;172;757;2769;57;505;2368;737;0;1;6114463;6789612;10563004;35423;6145791;11693188;121007;0;70
FR;2;2022-03-12;149;484;1787;27;331;1556;450;0;0;6114612;6790096;10564791;35450;6146122;11694744;121457;0;70
FR;2;2022-03-13;25;75;203;30;45;204;69;0;0;6114637;6790171;10564994;35480;6146167;11694948;121526;0;70
FR;2;2022-03-14;129;470;1572;529;333;1301;951;0;0;6114766;6790641;10566566;36009;6146500;11696249;122477;0;70
FR;2;2022-03-15;138;441;1713;691;333;1333;1186;0;1;6114904;6791082;10568279;36700;6146833;11697582;123663;0;71
FR;2;2022-03-16;142;476;2013;1616;331;1593;2160;0;2;6115046;6791558;10570292;38316;6147164;11699175;125823;0;73
FR;2;2022-03-17;94;413;1408;1192;273;1144;1576;0;0;6115140;6791971;10571700;39508;6147437;11700319;127399;0;73
FR;2;2022-03-18;147;496;2025;1795;335;1668;2313;0;1;6115287;6792467;10573725;41303;6147772;11701987;129712;0;74
FR;2;2022-03-19;108;321;1210;941;219;1015;1259;0;0;6115395;6792788;10574935;42244;6147991;11703002;130971;0;74
FR;2;2022-03-20;13;77;191;59;39;168;115;0;0;6115408;6792865;10575126;42303;6148030;11703170;131086;0;74
FR;2;2022-03-21;97;307;1218;1483;180;1081;1760;0;1;6115505;6793172;10576344;43786;6148210;11704251;132846;0;75
FR;2;2022-03-22;118;390;1530;1830;244;1291;2218;0;0;6115623;6793562;10577874;45616;6148454;11705542;135064;0;75
FR;2;2022-03-23;137;361;1676;3032;232;1471;3374;0;6;6115760;6793923;10579550;48648;6148686;11707013;138438;0;81
FR;2;2022-03-24;117;293;1183;1548;186;1001;1814;0;8;6115877;6794216;10580733;50196;6148872;11708014;140252;0;89
FR;2;2022-03-25;119;361;1806;2451;238;1476;2837;0;8;6115996;6794577;10582539;52647;6149110;11709490;143089;0;97
FR;2;2022-03-26;79;247;1204;1222;138;952;1531;0;5;6116075;6794824;10583743;53869;6149248;11710442;144620;0;102
FR;2;2022-03-27;19;36;154;100;19;133;144;0;0;6116094;6794860;10583897;53969;6149267;11710575;144764;0;102
FR;2;2022-03-28;94;288;1138;1602;187;995;1834;0;6;6116188;6795148;10585035;55571;6149454;11711570;146598;0;108
FR;2;2022-03-29;108;258;1325;2467;167;1105;2760;0;4;6116296;6795406;10586360;58038;6149621;11712675;149358;0;112
FR;2;2022-03-30;91;312;1489;3185;163;1320;3422;0;2;6116387;6795718;10587849;61223;6149784;11713995;152780;0;114
FR;2;2022-03-31;104;284;1276;2332;172;1091;2616;0;3;6116491;6796002;10589125;63555;6149956;11715086;155396;0;117
FR;2;2022-04-01;123;324;1567;2349;164;1322;2667;0;7;6116614;6796326;10590692;65904;6150120;11716408;158063;0;124
FR;2;2022-04-02;81;161;845;891;83;737;1052;0;1;6116695;6796487;10591537;66795;6150203;11717145;159115;0;125
FR;2;2022-04-03;16;53;128;113;27;142;133;0;1;6116711;6796540;10591665;66908;6150230;11717287;159248;0;126
FR;2;2022-04-04;113;240;989;1447;142;798;1693;0;5;6116824;6796780;10592654;68355;6150372;11718085;160941;0;131
FR;2;2022-04-05;143;298;1317;2914;158;1145;3143;0;17;6116967;6797078;10593971;71269;6150530;11719230;164084;0;148
FR;2;2022-04-06;89;260;1306;2522;128;1130;2686;0;10;6117056;6797338;10595277;73791;6150658;11720360;166770;0;158
FR;2;2022-04-07;120;230;1302;2682;141;1042;2957;0;8;6117176;6797568;10596579;76473;6150799;11721402;169727;0;166
FR;2;2022-04-08;126;343;1634;3352;179;1327;3642;0;12;6117302;6797911;10598213;79825;6150978;11722729;173369;0;178
FR;2;2022-04-09;90;219;900;1046;144;732;1288;0;4;6117392;6798130;10599113;80871;6151122;11723461;174657;0;182
FR;2;2022-04-10;37;48;143;162;45;119;200;0;1;6117429;6798178;10599256;81033;6151167;11723580;174857;0;183
FR;2;2022-04-11;88;195;892;1560;121;782;1718;0;6;6117517;6798373;10600148;82593;6151288;11724362;176575;0;189
FR;2;2022-04-12;176;273;1183;2770;175;1062;2903;0;8;6117693;6798646;10601331;85363;6151463;11725424;179478;0;197
FR;2;2022-04-13;147;231;1125;2477;110;989;2671;0;11;6117840;6798877;10602456;87840;6151573;11726413;182149;0;208
FR;2;2022-04-14;115;226;1085;2677;113;919;2911;0;18;6117955;6799103;10603541;90517;6151686;11727332;185060;0;226
FR;2;2022-04-15;114;259;1218;2293;129;1075;2533;0;7;6118069;6799362;10604759;92810;6151815;11728407;187593;0;233
FR;2;2022-04-16;67;108;548;549;68;459;675;0;9;6118136;6799470;10605307;93359;6151883;11728866;188268;0;242
FR;2;2022-04-17;15;27;57;53;16;53;71;0;0;6118151;6799497;10605364;93412;6151899;11728919;188339;0;242
FR;2;2022-04-18;12;35;121;70;18;116;95;0;0;6118163;6799532;10605485;93482;6151917;11729035;188434;0;242
FR;2;2022-04-19;112;237;1120;1731;149;951;1915;0;9;6118275;6799769;10606605;95213;6152066;11729986;190349;0;251
FR;2;2022-04-20;95;241;1110;2172;125;934;2366;0;14;6118370;6800010;10607715;97385;6152191;11730920;192715;0;265
FR;2;2022-04-21;111;233;983;1912;125;838;2141;0;10;6118481;6800243;10608698;99297;6152316;11731758;194856;0;275
FR;2;2022-04-22;100;276;1242;2093;141;1023;2431;0;11;6118581;6800519;10609940;101390;6152457;11732781;197287;0;286
FR;2;2022-04-23;67;156;645;762;107;574;862;0;8;6118648;6800675;10610585;102152;6152564;11733355;198149;0;294
FR;2;2022-04-24;12;30;101;68;12;79;100;0;0;6118660;6800705;10610686;102220;6152576;11733434;198249;0;294
FR;2;2022-04-25;103;204;821;1315;104;711;1513;0;15;6118763;6800909;10611507;103535;6152680;11734145;199762;0;309
FR;2;2022-04-26;108;184;1041;2018;118;878;2216;0;18;6118871;6801093;10612548;105553;6152798;11735023;201978;0;327
FR;2;2022-04-27;98;179;860;1783;120;764;1805;0;7;6118969;6801272;10613408;107336;6152918;11735787;203783;0;334
FR;2;2022-04-28;93;214;950;1931;128;843;2087;0;12;6119062;6801486;10614358;109267;6153046;11736630;205870;0;346
FR;2;2022-04-29;81;280;1131;1696;131;1040;1875;0;11;6119143;6801766;10615489;110963;6153177;11737670;207745;0;357
FR;2;2022-04-30;66;126;471;540;79;430;628;0;9;6119209;6801892;10615960;111503;6153256;11738100;208373;0;366
FR;2;2022-05-01;23;24;84;49;20;85;61;0;1;6119232;6801916;10616044;111552;6153276;11738185;208434;0;367
FR;2;2022-05-02;115;232;762;1216;141;660;1374;0;5;6119347;6802148;10616806;112768;6153417;11738845;209808;0;372
FR;2;2022-05-03;152;233;999;1780;156;938;1894;0;14;6119499;6802381;10617805;114548;6153573;11739783;211702;0;386
FR;2;2022-05-04;90;226;924;1810;116;867;1821;0;13;6119589;6802607;10618729;116358;6153689;11740650;213523;0;399
FR;2;2022-05-05;127;197;856;1732;146;773;1848;0;10;6119716;6802804;10619585;118090;6153835;11741423;215371;0;409
FR;2;2022-05-06;133;246;1100;1855;139;1016;2052;0;16;6119849;6803050;10620685;119945;6153974;11742439;217423;0;425
FR;2;2022-05-07;40;99;470;504;61;406;593;0;4;6119889;6803149;10621155;120449;6154035;11742845;218016;0;429
FR;2;2022-05-08;48;54;107;70;41;102;100;0;0;6119937;6803203;10621262;120519;6154076;11742947;218116;0;429
FR;2;2022-05-09;101;174;654;986;103;604;1130;0;9;6120038;6803377;10621916;121505;6154179;11743551;219246;0;438
FR;2;2022-05-10;121;252;938;1841;155;893;1965;0;23;6120159;6803629;10622854;123346;6154334;11744444;221211;0;461
FR;2;2022-05-11;103;179;813;1873;117;792;1862;0;8;6120262;6803808;10623667;125219;6154451;11745236;223073;0;469
FR;2;2022-05-12;111;173;845;2096;115;803;2213;0;21;6120373;6803981;10624512;127315;6154566;11746039;225286;0;490
FR;2;2022-05-13;100;235;969;2097;121;900;2273;0;13;6120473;6804216;10625481;129412;6154687;11746939;227559;0;503
FR;2;2022-05-14;76;124;451;553;93;411;632;0;6;6120549;6804340;10625932;129965;6154780;11747350;228191;0;509
FR;2;2022-05-15;24;39;94;88;20;108;95;0;1;6120573;6804379;10626026;130053;6154800;11747458;228286;0;510
FR;2;2022-05-16;102;170;601;925;115;537;1037;0;11;6120675;6804549;10626627;130978;6154915;11747995;229323;0;521
FR;2;2022-05-17;95;184;690;1685;119;658;1737;0;8;6120770;6804733;10627317;132663;6155034;11748653;231060;0;529
FR;2;2022-05-18;80;181;643;1431;97;648;1486;0;10;6120850;6804914;10627960;134094;6155131;11749301;232546;0;539
FR;2;2022-05-19;73;161;709;1831;81;751;1817;0;12;6120923;6805075;10628669;135925;6155212;11750052;234363;0;551
FR;2;2022-05-20;107;180;874;1701;110;779;1849;0;17;6121030;6805255;10629543;137626;6155322;11750831;236212;0;568
FR;2;2022-05-21;48;96;398;517;71;339;581;0;8;6121078;6805351;10629941;138143;6155393;11751170;236793;0;576
FR;2;2022-05-22;8;23;69;37;18;57;56;0;0;6121086;6805374;10630010;138180;6155411;11751227;236849;0;576
FR;2;2022-05-23;86;133;498;931;100;469;967;0;7;6121172;6805507;10630508;139111;6155511;11751696;237816;0;583
FR;2;2022-05-24;87;164;627;1626;103;615;1680;0;17;6121259;6805671;10631135;140737;6155614;11752311;239496;0;600
FR;2;2022-05-25;72;146;539;1148;90;494;1259;0;5;6121331;6805817;10631674;141885;6155704;11752805;240755;0;605
FR;2;2022-05-26;11;31;77;45;13;85;56;0;1;6121342;6805848;10631751;141930;6155717;11752890;240811;0;606
FR;2;2022-05-27;44;124;456;818;68;438;893;0;9;6121386;6805972;10632207;142748;6155785;11753328;241704;0;615
FR;2;2022-05-28;28;60;221;244;29;221;266;0;1;6121414;6806032;10632428;142992;6155814;11753549;241970;0;616
FR;2;2022-05-29;13;34;43;25;22;51;28;0;0;6121427;6806066;10632471;143017;6155836;11753600;241998;0;616
FR;2;2022-05-30;65;109;424;755;60;409;806;0;6;6121492;6806175;10632895;143772;6155896;11754009;242804;0;622
FR;2;2022-05-31;76;135;564;1277;92;511;1303;0;12;6121568;6806310;10633459;145049;6155988;11754520;244107;0;634
FR;2;2022-06-01;59;158;562;1075;84;541;1170;0;6;6121627;6806468;10634021;146124;6156072;11755061;245277;0;640
FR;2;2022-06-02;92;178;625;1413;109;592;1519;0;12;6121719;6806646;10634646;147537;6156181;11755653;246796;0;652
FR;2;2022-06-03;71;155;668;1604;95;594;1693;0;19;6121790;6806801;10635314;149141;6156276;11756247;248489;0;671
FR;2;2022-06-04;69;93;283;433;66;269;475;0;11;6121859;6806894;10635597;149574;6156342;11756516;248964;0;682
FR;2;2022-06-05;12;17;63;57;16;47;74;0;1;6121871;6806911;10635660;149631;6156358;11756563;249038;0;683
FR;2;2022-06-06;12;39;92;76;28;92;80;0;4;6121883;6806950;10635752;149707;6156386;11756655;249118;0;687
FR;2;2022-06-07;99;222;667;1535;154;577;1661;0;10;6121982;6807172;10636419;151242;6156540;11757232;250779;0;697
FR;2;2022-06-08;70;118;476;1166;76;411;1262;0;5;6122052;6807290;10636895;152408;6156616;11757643;252041;0;702
FR;2;2022-06-09;93;166;613;1922;107;571;1927;0;18;6122145;6807456;10637508;154330;6156723;11758214;253968;0;720
FR;2;2022-06-10;91;167;650;1683;107;621;1774;0;23;6122236;6807623;10638158;156013;6156830;11758835;255742;0;743
FR;2;2022-06-11;44;84;287;529;41;258;583;0;5;6122280;6807707;10638445;156542;6156871;11759093;256325;0;748
FR;2;2022-06-12;18;38;58;78;27;60;78;0;0;6122298;6807745;10638503;156620;6156898;11759153;256403;0;748
FR;2;2022-06-13;39;119;395;953;63;378;1021;0;6;6122337;6807864;10638898;157573;6156961;11759531;257424;0;754
FR;2;2022-06-14;68;157;599;2088;101;537;2189;0;14;6122405;6808021;10639497;159661;6157062;11760068;259613;0;768
FR;2;2022-06-15;78;104;520;1503;84;444;1638;0;10;6122483;6808125;10640017;161164;6157146;11760512;261251;0;778
FR;2;2022-06-16;127;127;496;1411;122;423;1526;0;12;6122610;6808252;10640513;162575;6157268;11760935;262777;0;790
FR;2;2022-06-17;73;137;588;1817;87;515;1921;0;16;6122683;6808389;10641101;164392;6157355;11761450;264698;0;806
FR;2;2022-06-18;76;93;224;578;81;196;629;0;4;6122759;6808482;10641325;164970;6157436;11761646;265327;0;810
FR;2;2022-06-19;11;17;53;71;7;41;90;0;2;6122770;6808499;10641378;165041;6157443;11761687;265417;0;812
FR;2;2022-06-20;62;125;401;1028;72;392;1105;0;10;6122832;6808624;10641779;166069;6157515;11762079;266522;0;822
FR;2;2022-06-21;107;115;526;2125;104;455;2162;0;22;6122939;6808739;10642305;168194;6157619;11762534;268684;0;844
FR;2;2022-06-22;39;110;462;1889;57;415;1971;0;25;6122978;6808849;10642767;170083;6157676;11762949;270655;0;869
FR;2;2022-06-23;58;108;537;2282;67;452;2400;0;30;6123036;6808957;10643304;172365;6157743;11763401;273055;0;899
FR;2;2022-06-24;66;122;709;3198;65;571;3338;0;38;6123102;6809079;10644013;175563;6157808;11763972;276393;0;937
FR;2;2022-06-25;30;90;298;987;55;254;1040;0;13;6123132;6809169;10644311;176550;6157863;11764226;277433;0;950
FR;2;2022-06-26;30;27;131;194;29;97;236;0;5;6123162;6809196;10644442;176744;6157892;11764323;277669;0;955
FR;2;2022-06-27;79;137;582;2489;94;483;2622;0;39;6123241;6809333;10645024;179233;6157986;11764806;280291;0;994
FR;2;2022-06-28;108;140;812;4817;80;650;4894;0;54;6123349;6809473;10645836;184050;6158066;11765456;285185;0;1048
FR;2;2022-06-29;73;150;776;4433;80;637;4529;0;56;6123422;6809623;10646612;188483;6158146;11766093;289714;0;1104
FR;2;2022-06-30;72;133;832;5177;71;618;5397;0;79;6123494;6809756;10647444;193660;6158217;11766711;295111;0;1183
FR;2;2022-07-01;113;161;1153;6691;95;853;6944;0;92;6123607;6809917;10648597;200351;6158312;11767564;302055;0;1275
FR;2;2022-07-02;69;132;474;1976;82;392;2067;0;27;6123676;6810049;10649071;202327;6158394;11767956;304122;0;1302
FR;2;2022-07-03;23;30;146;334;21;130;357;0;8;6123699;6810079;10649217;202661;6158415;11768086;304479;0;1310
FR;2;2022-07-04;120;183;775;3785;111;612;3972;0;49;6123819;6810262;10649992;206446;6158526;11768698;308451;0;1359
FR;2;2022-07-05;119;187;1121;6818;120;828;6999;0;85;6123938;6810449;10651113;213264;6158646;11769526;315450;0;1444
FR;2;2022-07-06;92;150;951;5807;93;697;5933;0;84;6124030;6810599;10652064;219071;6158739;11770223;321383;0;1528
FR;2;2022-07-07;81;185;1020;6501;115;751;6732;0;101;6124111;6810784;10653084;225572;6158854;11770974;328115;0;1629
FR;2;2022-07-08;65;122;1095;7044;51;758;7235;0;123;6124176;6810906;10654179;232616;6158905;11771732;335350;0;1752
FR;2;2022-07-09;34;62;418;1869;31;299;1920;0;33;6124210;6810968;10654597;234485;6158936;11772031;337270;0;1785
FR;2;2022-07-10;6;17;97;315;8;83;327;0;5;6124216;6810985;10654694;234800;6158944;11772114;337597;0;1790
FR;2;2022-07-11;68;120;683;3825;75;540;3901;0;67;6124284;6811105;10655377;238625;6159019;11772654;341498;0;1857
FR;2;2022-07-12;102;180;1054;6517;107;809;6725;0;119;6124386;6811285;10656431;245142;6159126;11773463;348223;0;1976
FR;2;2022-07-13;64;127;879;4664;75;591;4830;0;78;6124450;6811412;10657310;249806;6159201;11774054;353053;0;2054
FR;2;2022-07-14;6;13;88;249;8;59;268;0;8;6124456;6811425;10657398;250055;6159209;11774113;353321;0;2062
FR;2;2022-07-15;61;129;739;3793;53;560;3959;0;75;6124517;6811554;10658137;253848;6159262;11774673;357280;0;2137
FR;2;2022-07-16;27;54;289;1029;30;242;1075;0;25;6124544;6811608;10658426;254877;6159292;11774915;358355;0;2162
FR;2;2022-07-17;5;12;78;201;6;67;207;0;6;6124549;6811620;10658504;255078;6159298;11774982;358562;0;2168
FR;2;2022-07-18;57;103;514;2509;61;384;2648;0;59;6124606;6811723;10659018;257587;6159359;11775366;361210;0;2227
FR;2;2022-07-19;66;133;770;4254;72;555;4443;0;72;6124672;6811856;10659788;261841;6159431;11775921;365653;0;2299
FR;2;2022-07-20;59;117;582;3179;68;430;3278;0;87;6124731;6811973;10660370;265020;6159499;11776351;368931;0;2386
FR;2;2022-07-21;60;110;671;3680;73;485;3797;0;105;6124791;6812083;10661041;268700;6159572;11776836;372728;0;2491
FR;2;2022-07-22;51;99;698;3548;48;506;3697;0;80;6124842;6812182;10661739;272248;6159620;11777342;376425;0;2571
FR;2;2022-07-23;39;97;290;1173;52;229;1226;0;37;6124881;6812279;10662029;273421;6159672;11777571;377651;0;2608
FR;2;2022-07-24;14;24;69;201;19;68;203;0;7;6124895;6812303;10662098;273622;6159691;11777639;377854;0;2615
FR;2;2022-07-25;50;71;405;1938;60;300;2000;0;56;6124945;6812374;10662503;275560;6159751;11777939;379854;0;2671
FR;2;2022-07-26;57;133;606;3423;66;477;3496;0;113;6125002;6812507;10663109;278983;6159817;11778416;383350;0;2784
FR;2;2022-07-27;42;81;457;2782;50;361;2801;0;89;6125044;6812588;10663566;281765;6159867;11778777;386151;0;2873
FR;2;2022-07-28;29;75;450;2486;36;357;2490;0;78;6125073;6812663;10664016;284251;6159903;11779134;388641;0;2951
FR;2;2022-07-29;68;88;535;2857;63;347;2978;0;73;6125141;6812751;10664551;287108;6159966;11779481;391619;0;3024
FR;2;2022-07-30;22;39;162;775;32;110;794;0;24;6125163;6812790;10664713;287883;6159998;11779591;392413;0;3048
FR;2;2022-07-31;6;13;27;104;12;21;110;0;2;6125169;6812803;10664740;287987;6160010;11779612;392523;0;3050
FR;2;2022-08-01;38;105;323;1261;73;260;1343;0;29;6125207;6812908;10665063;289248;6160083;11779872;393866;0;3079
FR;2;2022-08-02;49;75;325;2061;50;247;2097;0;78;6125256;6812983;10665388;291309;6160133;11780119;395963;0;3157
FR;2;2022-08-03;29;53;259;1611;25;187;1617;0;57;6125285;6813036;10665647;292920;6160158;11780306;397580;0;3214
FR;2;2022-08-04;40;65;306;1692;39;240;1701;0;66;6125325;6813101;10665953;294612;6160197;11780546;399281;0;3280
FR;2;2022-08-05;33;94;328;1880;67;236;1911;0;60;6125358;6813195;10666281;296492;6160264;11780782;401192;0;3340
FR;2;2022-08-06;22;41;106;365;29;82;372;0;10;6125380;6813236;10666387;296857;6160293;11780864;401564;0;3350
FR;2;2022-08-07;7;8;15;69;5;16;71;0;3;6125387;6813244;10666402;296926;6160298;11780880;401635;0;3353
FR;2;2022-08-08;19;35;218;877;22;146;915;0;33;6125406;6813279;10666620;297803;6160320;11781026;402550;0;3386
FR;2;2022-08-09;29;52;279;1475;41;238;1471;0;50;6125435;6813331;10666899;299278;6160361;11781264;404021;0;3436
FR;2;2022-08-10;16;21;213;1134;18;150;1155;0;46;6125451;6813352;10667112;300412;6160379;11781414;405176;0;3482
FR;2;2022-08-11;21;41;174;1039;26;117;1048;0;40;6125472;6813393;10667286;301451;6160405;11781531;406224;0;3522
FR;2;2022-08-12;36;49;184;1046;37;140;1069;0;35;6125508;6813442;10667470;302497;6160442;11781671;407293;0;3557
FR;2;2022-08-13;9;19;47;149;15;53;137;0;5;6125517;6813461;10667517;302646;6160457;11781724;407430;0;3562
FR;2;2022-08-14;1;2;12;52;1;11;54;0;1;6125518;6813463;10667529;302698;6160458;11781735;407484;0;3563
FR;2;2022-08-15;0;5;32;22;2;21;21;0;3;6125518;6813468;10667561;302720;6160460;11781756;407505;0;3566
FR;2;2022-08-16;27;32;144;681;33;120;678;0;33;6125545;6813500;10667705;303401;6160493;11781876;408183;0;3599
FR;2;2022-08-17;17;26;109;738;18;88;744;0;34;6125562;6813526;10667814;304139;6160511;11781964;408927;0;3633
FR;2;2022-08-18;14;28;160;836;12;107;852;0;42;6125576;6813554;10667974;304975;6160523;11782071;409779;0;3675
FR;2;2022-08-19;8;38;118;706;31;88;706;0;33;6125584;6813592;10668092;305681;6160554;11782159;410485;0;3708
FR;2;2022-08-20;6;26;61;197;16;52;201;0;8;6125590;6813618;10668153;305878;6160570;11782211;410686;0;3716
FR;2;2022-08-21;4;14;15;19;6;13;31;0;0;6125594;6813632;10668168;305897;6160576;11782224;410717;0;3716
FR;2;2022-08-22;11;25;116;395;17;73;451;0;13;6125605;6813657;10668284;306292;6160593;11782297;411168;0;3729
FR;2;2022-08-23;11;41;134;671;22;112;679;0;38;6125616;6813698;10668418;306963;6160615;11782409;411847;0;3767
FR;2;2022-08-24;11;28;87;466;21;80;472;0;18;6125627;6813726;10668505;307429;6160636;11782489;412319;0;3785
FR;2;2022-08-25;8;32;109;481;16;69;516;0;17;6125635;6813758;10668614;307910;6160652;11782558;412835;0;3802
FR;2;2022-08-26;15;46;117;720;36;91;713;0;32;6125650;6813804;10668731;308630;6160688;11782649;413548;0;3834
FR;2;2022-08-27;10;19;47;156;16;42;164;0;2;6125660;6813823;10668778;308786;6160704;11782691;413712;0;3836
FR;2;2022-08-28;1;5;5;15;1;7;16;0;1;6125661;6813828;10668783;308801;6160705;11782698;413728;0;3837
FR;2;2022-08-29;24;43;93;400;29;87;396;0;24;6125685;6813871;10668876;309201;6160734;11782785;414124;0;3861
FR;2;2022-08-30;31;54;154;791;34;119;798;0;29;6125716;6813925;10669030;309992;6160768;11782904;414922;0;3890
FR;2;2022-08-31;19;35;85;392;22;79;393;0;25;6125735;6813960;10669115;310384;6160790;11782983;415315;0;3915
FR;2;2022-09-01;19;42;139;600;24;122;609;0;36;6125754;6814002;10669254;310984;6160814;11783105;415924;0;3951
FR;2;2022-09-02;34;56;146;744;34;158;748;0;32;6125788;6814058;10669400;311728;6160848;11783263;416672;0;3983
FR;2;2022-09-03;17;20;83;205;11;67;213;0;7;6125805;6814078;10669483;311933;6160859;11783330;416885;0;3990
FR;2;2022-09-04;8;5;9;31;2;10;30;0;3;6125813;6814083;10669492;311964;6160861;11783340;416915;0;3993
FR;2;2022-09-05;29;29;125;367;23;96;396;0;24;6125842;6814112;10669617;312331;6160884;11783436;417311;0;4017
FR;2;2022-09-06;43;62;158;761;42;153;767;0;36;6125885;6814174;10669775;313092;6160926;11783589;418078;0;4053
FR;2;2022-09-07;21;20;74;375;16;49;387;0;22;6125906;6814194;10669849;313467;6160942;11783638;418465;0;4075
FR;2;2022-09-08;31;57;109;636;40;100;646;0;22;6125937;6814251;10669958;314103;6160982;11783738;419111;0;4097
FR;2;2022-09-09;18;24;126;753;21;74;746;0;46;6125955;6814275;10670084;314856;6161003;11783812;419857;0;4143
FR;2;2022-09-10;14;24;57;117;16;48;131;0;4;6125969;6814299;10670141;314973;6161019;11783860;419988;0;4147
FR;2;2022-09-11;12;5;11;11;3;13;13;0;0;6125981;6814304;10670152;314984;6161022;11783873;420001;0;4147
FR;2;2022-09-12;20;31;69;340;26;55;352;0;16;6126001;6814335;10670221;315324;6161048;11783928;420353;0;4163
FR;2;2022-09-13;15;34;125;670;13;99;674;0;40;6126016;6814369;10670346;315994;6161061;11784027;421027;0;4203
FR;2;2022-09-14;19;21;81;480;19;59;478;0;36;6126035;6814390;10670427;316474;6161080;11784086;421505;0;4239
FR;2;2022-09-15;22;43;126;486;25;102;493;0;47;6126057;6814433;10670553;316960;6161105;11784188;421998;0;4286
FR;2;2022-09-16;21;31;124;563;17;89;585;0;39;6126078;6814464;10670677;317523;6161122;11784277;422583;0;4325
FR;2;2022-09-17;6;20;56;160;15;52;147;0;13;6126084;6814484;10670733;317683;6161137;11784329;422730;0;4338
FR;2;2022-09-18;4;7;13;37;6;10;37;0;3;6126088;6814491;10670746;317720;6161143;11784339;422767;0;4341
FR;2;2022-09-19;26;24;114;353;16;87;381;0;22;6126114;6814515;10670860;318073;6161159;11784426;423148;0;4363
FR;2;2022-09-20;27;27;117;624;21;84;639;0;38;6126141;6814542;10670977;318697;6161180;11784510;423787;0;4401
FR;2;2022-09-21;15;30;100;393;15;78;418;0;22;6126156;6814572;10671077;319090;6161195;11784588;424205;0;4423
FR;2;2022-09-22;16;39;124;581;18;95;619;0;28;6126172;6814611;10671201;319671;6161213;11784683;424824;0;4451
FR;2;2022-09-23;21;38;135;555;22;111;570;0;39;6126193;6814649;10671336;320226;6161235;11784794;425394;0;4490
FR;2;2022-09-24;10;8;51;190;6;36;201;0;6;6126203;6814657;10671387;320416;6161241;11784830;425595;0;4496
FR;2;2022-09-25;9;11;14;29;11;11;33;0;5;6126212;6814668;10671401;320445;6161252;11784841;425628;0;4501
FR;2;2022-09-26;22;41;106;447;27;79;458;0;20;6126234;6814709;10671507;320892;6161279;11784920;426086;0;4521
FR;2;2022-09-27;30;46;161;906;35;108;861;0;52;6126264;6814755;10671668;321798;6161314;11785028;426947;0;4573
FR;2;2022-09-28;15;31;93;421;18;74;439;0;23;6126279;6814786;10671761;322219;6161332;11785102;427386;0;4596
FR;2;2022-09-29;26;48;114;618;23;110;630;0;33;6126305;6814834;10671875;322837;6161355;11785212;428016;0;4629
FR;2;2022-09-30;25;44;111;520;44;84;533;0;31;6126330;6814878;10671986;323357;6161399;11785296;428549;0;4660
FR;2;2022-10-01;11;20;51;128;20;36;129;0;8;6126341;6814898;10672037;323485;6161419;11785332;428678;0;4668
FR;2;2022-10-02;0;5;8;21;4;5;25;0;2;6126341;6814903;10672045;323506;6161423;11785337;428703;0;4670
FR;2;2022-10-03;22;30;83;291;26;66;306;0;22;6126363;6814933;10672128;323797;6161449;11785403;429009;0;4692
FR;2;2022-10-04;17;21;106;602;19;71;621;0;46;6126380;6814954;10672234;324399;6161468;11785474;429630;0;4738
FR;2;2022-10-05;20;29;75;491;24;67;488;0;54;6126400;6814983;10672309;324890;6161492;11785541;430118;0;4792
FR;2;2022-10-06;30;23;74;442;17;71;428;0;65;6126430;6815006;10672383;325332;6161509;11785612;430546;0;4857
FR;2;2022-10-07;21;30;86;499;26;66;503;0;42;6126451;6815036;10672469;325831;6161535;11785678;431049;0;4899
FR;2;2022-10-08;12;8;23;114;3;24;108;0;12;6126463;6815044;10672492;325945;6161538;11785702;431157;0;4911
FR;2;2022-10-09;1;8;15;17;6;11;22;0;5;6126464;6815052;10672507;325962;6161544;11785713;431179;0;4916
FR;2;2022-10-10;18;24;47;223;22;49;218;0;21;6126482;6815076;10672554;326185;6161566;11785762;431397;0;4937
FR;2;2022-10-11;16;15;47;253;11;39;240;0;52;6126498;6815091;10672601;326438;6161577;11785801;431637;0;4989
FR;2;2022-10-12;8;18;52;290;14;36;305;0;56;6126506;6815109;10672653;326728;6161591;11785837;431942;0;5045
FR;2;2022-10-13;11;14;48;271;9;48;261;0;26;6126517;6815123;10672701;326999;6161600;11785885;432203;0;5071
FR;2;2022-10-14;12;28;36;229;17;39;230;0;29;6126529;6815151;10672737;327228;6161617;11785924;432433;0;5100
FR;2;2022-10-15;4;10;22;111;4;17;113;0;15;6126533;6815161;10672759;327339;6161621;11785941;432546;0;5115
FR;2;2022-10-16;0;6;4;10;5;7;8;0;0;6126533;6815167;10672763;327349;6161626;11785948;432554;0;5115
FR;2;2022-10-17;15;17;31;121;16;26;131;0;29;6126548;6815184;10672794;327470;6161642;11785974;432685;0;5144
FR;2;2022-10-18;13;11;68;181;5;34;217;0;41;6126561;6815195;10672862;327651;6161647;11786008;432902;0;5185
FR;2;2022-10-19;8;17;36;182;12;30;184;0;42;6126569;6815212;10672898;327833;6161659;11786038;433086;0;5227
FR;2;2022-10-20;11;29;41;200;15;40;196;0;52;6126580;6815241;10672939;328033;6161674;11786078;433282;0;5279
FR;2;2022-10-21;5;15;60;232;6;53;222;0;30;6126585;6815256;10672999;328265;6161680;11786131;433504;0;5309
FR;2;2022-10-22;8;7;25;101;2;23;102;0;20;6126593;6815263;10673024;328366;6161682;11786154;433606;0;5329
FR;2;2022-10-23;0;3;1;5;3;0;6;0;2;6126593;6815266;10673025;328371;6161685;11786154;433612;0;5331
FR;2;2022-10-24;12;12;16;109;12;16;112;0;20;6126605;6815278;10673041;328480;6161697;11786170;433724;0;5351
FR;2;2022-10-25;12;7;23;138;6;15;145;0;51;6126617;6815285;10673064;328618;6161703;11786185;433869;0;5402
FR;2;2022-10-26;4;3;16;90;2;11;95;0;27;6126621;6815288;10673080;328708;6161705;11786196;433964;0;5429
FR;2;2022-10-27;7;9;18;88;9;20;71;0;27;6126628;6815297;10673098;328796;6161714;11786216;434035;0;5456
FR;2;2022-10-28;5;3;15;91;3;7;92;0;27;6126633;6815300;10673113;328887;6161717;11786223;434127;0;5483
FR;2;2022-10-29;7;8;18;33;6;14;37;0;8;6126640;6815308;10673131;328920;6161723;11786237;434164;0;5491
FR;2;2022-10-30;3;7;5;8;5;2;5;0;1;6126643;6815315;10673136;328928;6161728;11786239;434169;0;5492
FR;2;2022-10-31;2;8;6;49;6;10;48;0;11;6126645;6815323;10673142;328977;6161734;11786249;434217;0;5503
FR;2;2022-11-01;0;0;7;1;0;5;3;0;0;6126645;6815323;10673149;328978;6161734;11786254;434220;0;5503
FR;2;2022-11-02;6;5;12;44;5;12;45;0;11;6126651;6815328;10673161;329022;6161739;11786266;434265;0;5514
FR;2;2022-11-03;6;7;15;77;6;10;74;0;18;6126657;6815335;10673176;329099;6161745;11786276;434339;0;5532
FR;2;2022-11-04;7;12;14;85;10;14;92;0;10;6126664;6815347;10673190;329184;6161755;11786290;434431;0;5542
FR;2;2022-11-05;0;11;12;38;6;16;35;0;6;6126664;6815358;10673202;329222;6161761;11786306;434466;0;5548
FR;2;2022-11-06;0;2;2;1;0;4;0;0;2;6126664;6815360;10673204;329223;6161761;11786310;434466;0;5550
FR;2;2022-11-07;11;7;14;66;5;13;65;0;20;6126675;6815367;10673218;329289;6161766;11786323;434531;0;5570
FR;2;2022-11-08;10;6;18;58;4;14;65;0;27;6126685;6815373;10673236;329347;6161770;11786337;434596;0;5597
FR;2;2022-11-09;4;5;17;56;2;17;50;0;28;6126689;6815378;10673253;329403;6161772;11786354;434646;0;5625
FR;2;2022-11-10;7;10;17;74;7;14;76;0;14;6126696;6815388;10673270;329477;6161779;11786368;434722;0;5639
FR;2;2022-11-11;0;3;7;3;0;8;4;0;0;6126696;6815391;10673277;329480;6161779;11786376;434726;0;5639
FR;2;2022-11-12;2;5;7;19;4;7;19;0;4;6126698;6815396;10673284;329499;6161783;11786383;434745;0;5643
FR;2;2022-11-13;3;2;3;2;1;4;1;0;0;6126701;6815398;10673287;329501;6161784;11786387;434746;0;5643
FR;2;2022-11-14;4;6;11;29;3;8;33;0;7;6126705;6815404;10673298;329530;6161787;11786395;434779;0;5650
FR;2;2022-11-15;8;12;14;35;13;17;32;0;7;6126713;6815416;10673312;329565;6161800;11786412;434811;0;5657
FR;2;2022-11-16;4;3;4;45;3;4;46;0;18;6126717;6815419;10673316;329610;6161803;11786416;434857;0;5675
FR;2;2022-11-17;2;6;11;53;5;8;52;0;22;6126719;6815425;10673327;329663;6161808;11786424;434909;0;5697
FR;2;2022-11-18;3;4;7;41;4;6;44;0;10;6126722;6815429;10673334;329704;6161812;11786430;434953;0;5707
FR;2;2022-11-19;3;2;2;25;2;3;18;0;5;6126725;6815431;10673336;329729;6161814;11786433;434971;0;5712
FR;2;2022-11-20;0;2;6;8;2;6;10;0;25;6126725;6815433;10673342;329737;6161816;11786439;434981;0;5737
FR;2;2022-11-21;6;10;9;31;7;8;34;0;22;6126731;6815443;10673351;329768;6161823;11786447;435015;0;5759
FR;2;2022-11-22;8;8;20;65;6;21;70;0;71;6126739;6815451;10673371;329833;6161829;11786468;435085;0;5830
FR;2;2022-11-23;7;6;8;67;3;5;72;0;8;6126746;6815457;10673379;329900;6161832;11786473;435157;0;5838
FR;2;2022-11-24;2;2;11;50;2;7;57;0;10;6126748;6815459;10673390;329950;6161834;11786480;435214;0;5848
FR;2;2022-11-25;11;8;11;25;11;13;26;0;8;6126759;6815467;10673401;329975;6161845;11786493;435240;0;5856
FR;2;2022-11-26;1;5;4;8;4;7;6;0;0;6126760;6815472;10673405;329983;6161849;11786500;435246;0;5856
FR;2;2022-11-27;2;2;12;2;0;11;4;0;1;6126762;6815474;10673417;329985;6161849;11786511;435250;0;5857
FR;2;2022-11-28;0;2;7;35;1;5;37;0;5;6126762;6815476;10673424;330020;6161850;11786516;435287;0;5862
FR;2;2022-11-29;1;1;9;24;0;3;30;0;8;6126763;6815477;10673433;330044;6161850;11786519;435317;0;5870
FR;2;2022-11-30;2;1;9;47;0;10;44;0;21;6126765;6815478;10673442;330091;6161850;11786529;435361;0;5891
FR;2;2022-12-01;2;7;4;59;4;12;50;0;24;6126767;6815485;10673446;330150;6161854;11786541;435411;0;5915
FR;2;2022-12-02;1;2;12;51;2;10;51;0;27;6126768;6815487;10673458;330201;6161856;11786551;435462;0;5942
FR;2;2022-12-03;1;3;6;19;1;6;18;0;10;6126769;6815490;10673464;330220;6161857;11786557;435480;0;5952
FR;2;2022-12-04;0;0;0;4;0;0;4;0;0;6126769;6815490;10673464;330224;6161857;11786557;435484;0;5952
FR;2;2022-12-05;3;3;7;50;6;4;43;0;16;6126772;6815493;10673471;330274;6161863;11786561;435527;0;5968
FR;2;2022-12-06;3;4;13;42;3;6;44;0;17;6126775;6815497;10673484;330316;6161866;11786567;435571;0;5985
FR;2;2022-12-07;1;3;9;42;2;7;44;0;11;6126776;6815500;10673493;330358;6161868;11786574;435615;0;5996
FR;2;2022-12-08;0;2;10;44;0;5;49;0;16;6126776;6815502;10673503;330402;6161868;11786579;435664;0;6012
FR;2;2022-12-09;0;1;10;52;0;7;56;0;16;6126776;6815503;10673513;330454;6161868;11786586;435720;0;6028
FR;2;2022-12-10;0;1;8;48;0;1;48;0;8;6126776;6815504;10673521;330502;6161868;11786587;435768;0;6036
FR;2;2022-12-11;0;0;2;2;0;2;1;0;3;6126776;6815504;10673523;330504;6161868;11786589;435769;0;6039
FR;2;2022-12-12;0;0;6;36;0;6;35;0;10;6126776;6815504;10673529;330540;6161868;11786595;435804;0;6049
FR;2;2022-12-13;0;2;1;37;1;1;36;0;14;6126776;6815506;10673530;330577;6161869;11786596;435840;0;6063
FR;2;2022-12-14;0;2;6;25;2;2;30;0;13;6126776;6815508;10673536;330602;6161871;11786598;435870;0;6076
FR;2;2022-12-15;0;4;9;43;4;6;44;0;17;6126776;6815512;10673545;330645;6161875;11786604;435914;0;6093
FR;2;2022-12-16;2;4;14;55;3;10;59;0;15;6126778;6815516;10673559;330700;6161878;11786614;435973;0;6108
FR;2;2022-12-17;1;3;6;44;3;1;39;0;5;6126779;6815519;10673565;330744;6161881;11786615;436012;0;6113
FR;2;2022-12-18;1;0;0;0;0;0;0;0;1;6126780;6815519;10673565;330744;6161881;11786615;436012;0;6114
FR;2;2022-12-19;5;1;1;29;0;2;23;0;23;6126785;6815520;10673566;330773;6161881;11786617;436035;0;6137
FR;2;2022-12-20;0;1;3;34;0;2;36;0;24;6126785;6815521;10673569;330807;6161881;11786619;436071;0;6161
FR;2;2022-12-21;0;0;2;13;0;2;13;0;8;6126785;6815521;10673571;330820;6161881;11786621;436084;0;6169
FR;2;2022-12-22;0;4;2;26;2;3;26;0;10;6126785;6815525;10673573;330846;6161883;11786624;436110;0;6179
FR;2;2022-12-23;1;3;3;13;1;5;12;0;4;6126786;6815528;10673576;330859;6161884;11786629;436122;0;6183
FR;2;2022-12-24;0;0;1;1;0;1;1;0;0;6126786;6815528;10673577;330860;6161884;11786630;436123;0;6183
FR;2;2022-12-25;0;0;1;2;0;0;3;0;0;6126786;6815528;10673578;330862;6161884;11786630;436126;0;6183
FR;2;2022-12-26;0;0;4;11;0;2;11;0;3;6126786;6815528;10673582;330873;6161884;11786632;436137;0;6186
FR;2;2022-12-27;0;1;4;6;1;3;7;0;4;6126786;6815529;10673586;330879;6161885;11786635;436144;0;6190
FR;2;2022-12-28;0;1;2;13;1;1;14;0;5;6126786;6815530;10673588;330892;6161886;11786636;436158;0;6195
FR;2;2022-12-29;1;0;3;15;0;1;17;0;3;6126787;6815530;10673591;330907;6161886;11786637;436175;0;6198
FR;3;2020-12-27;0;0;0;0;0;0;0;0;0;0;0;0;0;0;0;0;0;0
FR;3;2020-12-28;0;0;0;0;0;0;0;0;0;0;0;0;0;0;0;0;0;0
FR;3;2020-12-29;0;0;0;0;0;0;0;0;0;0;0;0;0;0;0;0;0;0
FR;3;2020-12-30;0;0;0;0;0;0;0;0;0;0;0;0;0;0;0;0;0;0
FR;3;2020-12-31;0;0;0;0;0;0;0;0;0;0;0;0;0;0;0;0;0;0
FR;3;2021-01-01;0;0;0;0;0;0;0;0;0;0;0;0;0;0;0;0;0;0
FR;3;2021-01-02;0;0;0;0;0;0;0;0;0;0;0;0;0;0;0;0;0;0
FR;3;2021-01-03;0;0;0;0;0;0;0;0;0;0;0;0;0;0;0;0;0;0
FR;3;2021-01-04;0;0;0;0;0;0;0;0;0;0;0;0;0;0;0;0;0;0
FR;3;2021-01-05;0;0;0;0;0;0;0;0;0;0;0;0;0;0;0;0;0;0
FR;3;2021-01-06;0;0;0;0;0;0;0;0;0;0;0;0;0;0;0;0;0;0
FR;3;2021-01-07;0;0;0;0;0;0;0;0;0;0;0;0;0;0;0;0;0;0
FR;3;2021-01-08;0;0;0;0;0;0;0;0;0;0;0;0;0;0;0;0;0;0
FR;3;2021-01-09;0;0;0;0;0;0;0;0;0;0;0;0;0;0;0;0;0;0
FR;3;2021-01-10;0;0;0;0;0;0;0;0;0;0;0;0;0;0;0;0;0;0
FR;3;2021-01-11;0;0;0;0;0;0;0;0;0;0;0;0;0;0;0;0;0;0
FR;3;2021-01-12;0;0;0;0;0;0;0;0;0;0;0;0;0;0;0;0;0;0
FR;3;2021-01-13;0;0;0;0;0;0;0;0;0;0;0;0;0;0;0;0;0;0
FR;3;2021-01-14;0;0;0;0;0;0;0;0;0;0;0;0;0;0;0;0;0;0
FR;3;2021-01-15;0;0;0;0;0;0;0;0;0;0;0;0;0;0;0;0;0;0
FR;3;2021-01-16;0;0;0;0;0;0;0;0;0;0;0;0;0;0;0;0;0;0
FR;3;2021-01-17;0;0;0;0;0;0;0;0;0;0;0;0;0;0;0;0;0;0
FR;3;2021-01-18;0;0;0;0;0;0;0;0;0;0;0;0;0;0;0;0;0;0
FR;3;2021-01-19;0;0;0;0;0;0;0;0;0;0;0;0;0;0;0;0;0;0
FR;3;2021-01-20;0;0;0;0;0;0;0;0;0;0;0;0;0;0;0;0;0;0
FR;3;2021-01-21;0;0;0;0;0;0;0;0;0;0;0;0;0;0;0;0;0;0
FR;3;2021-01-22;0;0;0;0;0;0;0;0;0;0;0;0;0;0;0;0;0;0
FR;3;2021-01-23;0;0;0;0;0;0;0;0;0;0;0;0;0;0;0;0;0;0
FR;3;2021-01-24;0;0;0;0;0;0;0;0;0;0;0;0;0;0;0;0;0;0
FR;3;2021-01-25;0;0;0;0;0;0;0;0;0;0;0;0;0;0;0;0;0;0
FR;3;2021-01-26;0;0;0;0;0;0;0;0;0;0;0;0;0;0;0;0;0;0
FR;3;2021-01-27;0;0;0;0;0;0;0;0;0;0;0;0;0;0;0;0;0;0
FR;3;2021-01-28;0;0;0;0;0;0;0;0;0;0;0;0;0;0;0;0;0;0
FR;3;2021-01-29;0;0;0;0;0;0;0;0;0;0;0;0;0;0;0;0;0;0
FR;3;2021-01-30;0;0;0;0;0;0;0;0;0;0;0;0;0;0;0;0;0;0
FR;3;2021-01-31;0;0;0;0;0;0;0;0;0;0;0;0;0;0;0;0;0;0
FR;3;2021-02-01;0;0;0;0;0;0;0;0;0;0;0;0;0;0;0;0;0;0
FR;3;2021-02-02;0;0;0;0;0;0;0;0;0;0;0;0;0;0;0;0;0;0
FR;3;2021-02-03;0;0;0;0;0;0;0;0;0;0;0;0;0;0;0;0;0;0
FR;3;2021-02-04;0;0;0;0;0;0;0;0;0;0;0;0;0;0;0;0;0;0
FR;3;2021-02-05;0;0;0;0;0;0;0;0;0;0;0;0;0;0;0;0;0;0
FR;3;2021-02-06;1488;0;0;0;106;0;0;0;0;1488;0;0;0;106;0;0;0;0
FR;3;2021-02-07;1423;2;0;0;87;0;0;0;0;2911;2;0;0;193;0;0;0;0
FR;3;2021-02-08;2789;1;0;0;177;0;0;0;0;5700;3;0;0;370;0;0;0;0
FR;3;2021-02-09;6786;0;0;0;502;0;0;0;0;12486;3;0;0;872;0;0;0;0
FR;3;2021-02-10;9611;0;0;0;695;0;0;0;0;22097;3;0;0;1567;0;0;0;0
FR;3;2021-02-11;13620;4;0;0;920;0;0;0;0;35717;7;0;0;2487;0;0;0;0
FR;3;2021-02-12;13410;0;0;0;907;0;0;0;0;49127;7;0;0;3394;0;0;0;0
FR;3;2021-02-13;3799;1;0;0;218;0;0;0;0;52926;8;0;0;3612;0;0;0;0
FR;3;2021-02-14;975;1;0;0;53;0;0;0;0;53901;9;0;0;3665;0;0;0;0
FR;3;2021-02-15;10495;2;0;0;719;0;0;0;0;64396;11;0;0;4384;0;0;0;0
FR;3;2021-02-16;12556;5;0;0;871;0;0;0;0;76952;16;0;0;5255;0;0;0;0
FR;3;2021-02-17;11158;1;0;0;716;0;0;0;0;88110;17;0;0;5971;0;0;0;0
FR;3;2021-02-18;14943;2;0;0;985;0;0;0;0;103053;19;0;0;6956;0;0;0;0
FR;3;2021-02-19;14364;1;0;0;846;0;0;0;0;117417;20;0;0;7802;0;0;0;0
FR;3;2021-02-20;3330;0;0;0;178;0;0;0;0;120747;20;0;0;7980;0;0;0;0
FR;3;2021-02-21;619;0;0;0;35;0;0;0;0;121366;20;0;0;8015;0;0;0;0
FR;3;2021-02-22;9171;1;0;0;654;0;0;0;0;130537;21;0;0;8669;0;0;0;0
FR;3;2021-02-23;11403;5;0;0;759;0;0;0;0;141940;26;0;0;9428;0;0;0;0
FR;3;2021-02-24;14305;1;0;0;829;0;0;0;0;156245;27;0;0;10257;0;0;0;0
FR;3;2021-02-25;44935;3;0;0;1814;0;0;0;0;201180;30;0;0;12071;0;0;0;0
FR;3;2021-02-26;61890;9;0;0;2200;0;0;0;0;263070;39;0;0;14271;0;0;0;0
FR;3;2021-02-27;34810;14;0;0;1028;0;0;0;0;297880;53;0;0;15299;0;0;0;0
FR;3;2021-02-28;2464;0;0;0;114;0;0;0;0;300344;53;0;0;15413;0;0;0;0
FR;3;2021-03-01;20520;21;0;0;1067;0;0;0;0;320864;74;0;0;16480;0;0;0;0
FR;3;2021-03-02;38877;25;0;0;1789;0;0;0;0;359741;99;0;0;18269;0;0;0;0
FR;3;2021-03-03;48748;19;0;0;2132;0;0;0;0;408489;118;0;0;20401;0;0;0;0
FR;3;2021-03-04;82229;25;0;0;3194;0;0;0;0;490718;143;0;0;23595;0;0;0;0
FR;3;2021-03-05;118136;41;0;0;4691;0;0;0;0;608854;184;0;0;28286;0;0;0;0
FR;3;2021-03-06;120726;65;1;0;3560;0;0;0;0;729580;249;1;0;31846;0;0;0;0
FR;3;2021-03-07;55185;23;0;0;1729;0;0;0;0;784765;272;1;0;33575;0;0;0;0
FR;3;2021-03-08;42814;29;0;0;2074;0;0;0;0;827579;301;1;0;35649;0;0;0;0
FR;3;2021-03-09;78978;49;0;0;3285;0;0;0;0;906557;350;1;0;38934;0;0;0;0
FR;3;2021-03-10;80983;65;0;0;3241;0;0;0;0;987540;415;1;0;42175;0;0;0;0
FR;3;2021-03-11;128447;64;0;0;4765;0;0;0;0;1115987;479;1;0;46940;0;0;0;0
FR;3;2021-03-12;182722;120;0;0;6277;0;0;0;0;1298709;599;1;0;53217;0;0;0;0
FR;3;2021-03-13;132163;86;0;0;3525;0;0;0;0;1430872;685;1;0;56742;0;0;0;0
FR;3;2021-03-14;14058;6;0;0;550;0;0;0;0;1444930;691;1;0;57292;0;0;0;0
FR;3;2021-03-15;52237;80;0;0;2095;0;0;0;0;1497167;771;1;0;59387;0;0;0;0
FR;3;2021-03-16;1219;49;0;0;103;0;0;0;0;1498386;820;1;0;59490;0;0;0;0
FR;3;2021-03-17;950;55;0;0;94;0;0;0;0;1499336;875;1;0;59584;0;0;0;0
FR;3;2021-03-18;1575;41;0;0;101;0;0;0;0;1500911;916;1;0;59685;0;0;0;0
FR;3;2021-03-19;70459;55;0;0;2059;0;0;0;0;1571370;971;1;0;61744;0;0;0;0
FR;3;2021-03-20;65241;49;0;0;1701;0;0;0;0;1636611;1020;1;0;63445;0;0;0;0
FR;3;2021-03-21;5761;8;0;0;199;0;0;0;0;1642372;1028;1;0;63644;0;0;0;0
FR;3;2021-03-22;37510;47;0;0;1051;0;0;0;0;1679882;1075;1;0;64695;0;0;0;0
FR;3;2021-03-23;84668;86;0;0;2285;0;0;0;0;1764550;1161;1;0;66980;0;0;0;0
FR;3;2021-03-24;90955;97;0;0;2489;0;0;0;0;1855505;1258;1;0;69469;0;0;0;0
FR;3;2021-03-25;150070;145;0;0;3788;0;0;0;0;2005575;1403;1;0;73257;0;0;0;0
FR;3;2021-03-26;165429;158;0;0;4151;0;0;0;0;2171004;1561;1;0;77408;0;0;0;0
FR;3;2021-03-27;68466;101;0;0;2004;0;0;0;0;2239470;1662;1;0;79412;0;0;0;0
FR;3;2021-03-28;6479;20;0;0;237;0;0;0;0;2245949;1682;1;0;79649;0;0;0;0
FR;3;2021-03-29;54170;80;0;0;1478;0;0;0;0;2300119;1762;1;0;81127;0;0;0;0
FR;3;2021-03-30;93183;103;0;0;2564;0;0;0;0;2393302;1865;1;0;83691;0;0;0;0
FR;3;2021-03-31;63544;112;0;0;1966;0;0;0;0;2456846;1977;1;0;85657;0;0;0;0
FR;3;2021-04-01;86134;112;0;0;2492;0;0;0;0;2542980;2089;1;0;88149;0;0;0;0
FR;3;2021-04-02;86912;186;0;0;2765;0;0;0;0;2629892;2275;1;0;90914;0;0;0;0
FR;3;2021-04-03;35875;131;0;0;1162;0;0;0;0;2665767;2406;1;0;92076;0;0;0;0
FR;3;2021-04-04;3577;19;0;0;164;0;0;0;0;2669344;2425;1;0;92240;0;0;0;0
FR;3;2021-04-05;4492;38;0;0;236;0;0;0;0;2673836;2463;1;0;92476;0;0;0;0
FR;3;2021-04-06;29758;104;0;0;1091;0;0;0;0;2703594;2567;1;0;93567;0;0;0;0
FR;3;2021-04-07;32348;108;0;0;1047;0;0;0;0;2735942;2675;1;0;94614;0;0;0;0
FR;3;2021-04-08;78826;268;0;0;2615;0;0;0;0;2814768;2943;1;0;97229;0;0;0;0
FR;3;2021-04-09;161760;447;0;0;5175;0;0;0;0;2976528;3390;1;0;102404;0;0;0;0
FR;3;2021-04-10;75764;360;0;0;2693;0;0;0;0;3052292;3750;1;0;105097;0;0;0;0
FR;3;2021-04-11;7314;47;0;0;305;0;0;0;0;3059606;3797;1;0;105402;0;0;0;0
FR;3;2021-04-12;51485;213;0;0;1734;0;0;0;0;3111091;4010;1;0;107136;0;0;0;0
FR;3;2021-04-13;86236;359;0;0;2906;0;0;0;0;3197327;4369;1;0;110042;0;0;0;0
FR;3;2021-04-14;67843;376;0;0;2428;0;0;0;0;3265170;4745;1;0;112470;0;0;0;0
FR;3;2021-04-15;93243;401;0;0;3439;0;0;0;0;3358413;5146;1;0;115909;0;0;0;0
FR;3;2021-04-16;112530;624;0;0;4340;0;0;0;0;3470943;5770;1;0;120249;0;0;0;0
FR;3;2021-04-17;53319;365;1;0;2272;0;0;0;0;3524262;6135;2;0;122521;0;0;0;0
FR;3;2021-04-18;9749;49;0;0;423;0;0;0;0;3534011;6184;2;0;122944;0;0;0;0
FR;3;2021-04-19;25116;283;0;0;1089;0;0;0;0;3559127;6467;2;0;124033;0;0;0;0
FR;3;2021-04-20;45675;432;0;0;1903;0;0;0;0;3604802;6899;2;0;125936;0;0;0;0
FR;3;2021-04-21;38985;543;0;0;1887;0;0;0;0;3643787;7442;2;0;127823;0;0;0;0
FR;3;2021-04-22;54723;869;0;0;2821;0;0;0;0;3698510;8311;2;0;130644;0;0;0;0
FR;3;2021-04-23;70493;1089;0;0;3690;0;0;0;0;3769003;9400;2;0;134334;0;0;0;0
FR;3;2021-04-24;37253;1090;0;0;2478;0;0;0;0;3806256;10490;2;0;136812;0;0;0;0
FR;3;2021-04-25;6213;159;0;0;447;0;0;0;0;3812469;10649;2;0;137259;0;0;0;0
FR;3;2021-04-26;19790;693;0;0;1428;0;0;0;0;3832259;11342;2;0;138687;0;0;0;0
FR;3;2021-04-27;34485;1325;0;0;2583;0;0;0;0;3866744;12667;2;0;141270;0;0;0;0
FR;3;2021-04-28;28972;2031;0;0;3148;0;0;0;0;3895716;14698;2;0;144418;0;0;0;0
FR;3;2021-04-29;45394;6110;0;0;7928;0;0;0;0;3941110;20808;2;0;152346;0;0;0;0
FR;3;2021-04-30;55465;9095;1;0;11490;0;0;0;0;3996575;29903;3;0;163836;0;0;0;0
FR;3;2021-05-01;9518;2053;0;0;2484;0;0;0;0;4006093;31956;3;0;166320;0;0;0;0
FR;3;2021-05-02;3081;469;0;0;614;0;0;0;0;4009174;32425;3;0;166934;0;0;0;0
FR;3;2021-05-03;13063;3939;0;0;4506;0;0;0;0;4022237;36364;3;0;171440;0;0;0;0
FR;3;2021-05-04;23119;8379;0;0;9445;0;0;0;0;4045356;44743;3;0;180885;0;0;0;0
FR;3;2021-05-05;18765;10810;0;0;11748;0;0;0;0;4064121;55553;3;0;192633;0;0;0;0
FR;3;2021-05-06;34632;21218;0;0;22765;0;0;0;0;4098753;76771;3;0;215398;0;0;0;0
FR;3;2021-05-07;44210;28859;0;0;31163;0;0;0;0;4142963;105630;3;0;246561;0;0;0;0
FR;3;2021-05-08;6785;9190;0;0;9553;0;0;0;0;4149748;114820;3;0;256114;0;0;0;0
FR;3;2021-05-09;1797;2669;0;0;2769;0;0;0;0;4151545;117489;3;0;258883;0;0;0;0
FR;3;2021-05-10;15001;12889;0;0;13579;0;0;0;0;4166546;130378;3;0;272462;0;0;0;0
FR;3;2021-05-11;27100;26244;0;0;27515;0;0;0;0;4193646;156622;3;0;299977;0;0;0;0
FR;3;2021-05-12;17272;28090;0;0;29026;0;0;0;0;4210918;184712;3;0;329003;0;0;0;0
FR;3;2021-05-13;2285;3513;0;0;3633;0;0;0;0;4213203;188225;3;0;332636;0;0;0;0
FR;3;2021-05-14;14521;26061;0;0;26840;0;0;0;0;4227724;214286;3;0;359476;0;0;0;0
FR;3;2021-05-15;7233;21061;0;0;21486;0;0;0;0;4234957;235347;3;0;380962;0;0;0;0
FR;3;2021-05-16;977;2643;0;0;2688;0;0;0;0;4235934;237990;3;0;383650;0;0;0;0
FR;3;2021-05-17;7966;20201;0;0;20646;0;0;0;0;4243900;258191;3;0;404296;0;0;0;0
FR;3;2021-05-18;13417;30111;0;0;30870;0;0;0;0;4257317;288302;3;0;435166;0;0;0;0
FR;3;2021-05-19;9276;30592;0;0;31184;0;0;0;0;4266593;318894;3;0;466350;0;0;0;0
FR;3;2021-05-20;12806;53802;3;0;54727;0;0;0;0;4279399;372696;6;0;521077;0;0;0;0
FR;3;2021-05-21;12770;66147;2;0;67073;0;0;0;0;4292169;438843;8;0;588150;0;0;0;0
FR;3;2021-05-22;4966;33740;1;0;34121;0;0;0;0;4297135;472583;9;0;622271;0;0;0;0
FR;3;2021-05-23;651;2667;0;0;2699;0;0;0;0;4297786;475250;9;0;624970;0;0;0;0
FR;3;2021-05-24;885;4786;0;0;4830;0;0;0;0;4298671;480036;9;0;629800;0;0;0;0
FR;3;2021-05-25;5312;46651;1;0;47048;0;0;0;0;4303983;526687;10;0;676848;0;0;0;0
FR;3;2021-05-26;4980;52135;1;0;52606;0;0;0;0;4308963;578822;11;0;729454;0;0;0;0
FR;3;2021-05-27;6336;78984;3;0;79593;0;0;0;0;4315299;657806;14;0;809047;0;0;0;0
FR;3;2021-05-28;7544;100258;2;0;101057;0;0;0;0;4322843;758064;16;0;910104;0;0;0;0
FR;3;2021-05-29;3349;61125;1;0;61505;0;0;0;0;4326192;819189;17;0;971609;0;0;0;0
FR;3;2021-05-30;551;8095;0;0;8144;0;0;0;0;4326743;827284;17;0;979753;0;0;0;0
FR;3;2021-05-31;2442;35503;3;0;35768;0;0;0;0;4329185;862787;20;0;1015521;0;0;0;0
FR;3;2021-06-01;3414;64861;10;0;65309;0;0;0;0;4332599;927648;30;0;1080830;0;0;0;0
FR;3;2021-06-02;2735;58900;6;0;59233;0;0;0;0;4335334;986548;36;0;1140063;0;0;0;0
FR;3;2021-06-03;3495;87217;10;0;87749;0;0;0;0;4338829;1073765;46;0;1227812;0;0;0;0
FR;3;2021-06-04;4121;105804;22;0;106462;0;0;0;0;4342950;1179569;68;0;1334274;0;0;0;0
FR;3;2021-06-05;1983;52582;4;0;52896;0;0;0;0;4344933;1232151;72;0;1387170;0;0;0;0
FR;3;2021-06-06;511;5283;1;0;5330;0;0;0;0;4345444;1237434;73;0;1392500;0;0;0;0
FR;3;2021-06-07;1486;30734;11;0;30914;0;0;0;0;4346930;1268168;84;0;1423414;0;0;0;0
FR;3;2021-06-08;2065;47412;18;0;47756;0;0;0;0;4348995;1315580;102;0;1471170;0;0;0;0
FR;3;2021-06-09;1794;41842;13;0;42146;0;0;0;0;4350789;1357422;115;0;1513316;0;0;0;0
FR;3;2021-06-10;2257;67680;17;0;68076;0;0;0;0;4353046;1425102;132;0;1581392;0;0;0;0
FR;3;2021-06-11;2489;96625;34;0;97097;0;0;0;0;4355535;1521727;166;0;1678489;0;0;0;0
FR;3;2021-06-12;1178;40573;6;0;40804;0;0;0;0;4356713;1562300;172;0;1719293;0;0;0;0
FR;3;2021-06-13;283;3624;3;0;3659;0;0;0;0;4356996;1565924;175;0;1722952;0;0;0;0
FR;3;2021-06-14;1048;42324;17;0;42492;0;0;0;0;4358044;1608248;192;0;1765444;0;0;0;0
FR;3;2021-06-15;1379;80366;20;0;80669;0;0;0;0;4359423;1688614;212;0;1846113;0;0;0;0
FR;3;2021-06-16;1262;65506;20;0;65778;0;0;0;0;4360685;1754120;232;0;1911891;0;0;0;0
FR;3;2021-06-17;1667;102257;41;0;102639;0;0;0;0;4362352;1856377;273;0;2014530;0;0;0;0
FR;3;2021-06-18;1872;118436;63;0;118900;0;0;0;0;4364224;1974813;336;0;2133430;0;0;0;0
FR;3;2021-06-19;803;39463;22;0;39655;0;0;0;0;4365027;2014276;358;0;2173085;0;0;0;0
FR;3;2021-06-20;161;3201;0;0;3229;0;0;0;0;4365188;2017477;358;0;2176314;0;0;0;0
FR;3;2021-06-21;773;39067;16;0;39225;0;0;0;0;4365961;2056544;374;0;2215539;0;0;0;0
FR;3;2021-06-22;1065;70048;52;0;70318;0;0;0;0;4367026;2126592;426;0;2285857;0;0;0;0
FR;3;2021-06-23;945;50832;39;0;51104;0;0;0;0;4367971;2177424;465;0;2336961;0;0;0;0
FR;3;2021-06-24;1310;77289;48;0;77662;0;0;0;0;4369281;2254713;513;0;2414623;0;0;0;0
FR;3;2021-06-25;1410;90793;73;0;91226;0;0;0;0;4370691;2345506;586;0;2505849;0;0;0;0
FR;3;2021-06-26;632;33112;29;0;33305;0;0;0;0;4371323;2378618;615;0;2539154;0;0;0;0
FR;3;2021-06-27;167;3785;1;0;3809;0;0;0;0;4371490;2382403;616;0;2542963;0;0;0;0
FR;3;2021-06-28;655;29975;27;0;30169;0;0;0;0;4372145;2412378;643;0;2573132;0;0;0;0
FR;3;2021-06-29;856;56618;95;0;56861;0;0;0;0;4373001;2468996;738;0;2629993;0;0;0;0
FR;3;2021-06-30;905;45200;93;0;45469;0;0;0;0;4373906;2514196;831;0;2675462;0;0;0;0
FR;3;2021-07-01;1164;66081;108;0;66432;0;0;0;0;4375070;2580277;939;0;2741894;0;0;0;0
FR;3;2021-07-02;1305;90507;170;0;90985;0;0;0;0;4376375;2670784;1109;0;2832879;0;0;0;0
FR;3;2021-07-03;602;31180;51;0;31380;0;0;0;0;4376977;2701964;1160;0;2864259;0;0;0;0
FR;3;2021-07-04;144;3983;3;0;4013;0;0;0;0;4377121;2705947;1163;0;2868272;0;0;0;0
FR;3;2021-07-05;613;33615;60;0;33814;0;0;0;0;4377734;2739562;1223;0;2902086;0;0;0;0
FR;3;2021-07-06;964;55931;88;0;56243;0;0;0;0;4378698;2795493;1311;0;2958329;0;0;0;0
FR;3;2021-07-07;873;42959;80;0;43256;0;0;0;0;4379571;2838452;1391;0;3001585;0;0;0;0
FR;3;2021-07-08;1127;60800;99;0;61208;0;0;0;0;4380698;2899252;1490;0;3062793;0;0;0;0
FR;3;2021-07-09;1261;68931;128;0;69399;0;0;0;0;4381959;2968183;1618;0;3132192;0;0;0;0
FR;3;2021-07-10;643;25022;59;0;25219;0;0;0;0;4382602;2993205;1677;0;3157411;0;0;0;0
FR;3;2021-07-11;132;3181;4;0;3207;0;0;0;0;4382734;2996386;1681;0;3160618;0;0;0;0
FR;3;2021-07-12;662;23630;59;0;23843;0;0;0;0;4383396;3020016;1740;0;3184461;0;0;0;0
FR;3;2021-07-13;1648;34473;90;0;34961;0;0;0;0;4385044;3054489;1830;0;3219422;0;0;0;0
FR;3;2021-07-14;271;2474;2;0;2531;0;0;0;0;4385315;3056963;1832;0;3221953;0;0;0;0
FR;3;2021-07-15;1940;30431;85;0;31006;0;0;0;0;4387255;3087394;1917;0;3252959;0;0;0;0
FR;3;2021-07-16;2520;38652;122;0;39386;0;0;0;0;4389775;3126046;2039;0;3292345;0;0;0;0
FR;3;2021-07-17;1051;13723;26;0;14031;0;0;0;0;4390826;3139769;2065;0;3306376;0;0;0;0
FR;3;2021-07-18;266;2558;3;0;2606;0;0;0;0;4391092;3142327;2068;0;3308982;0;0;0;0
FR;3;2021-07-19;1280;16906;38;0;17274;0;0;0;0;4392372;3159233;2106;0;3326256;0;0;0;0
FR;3;2021-07-20;1823;26944;98;0;27486;0;0;0;0;4394195;3186177;2204;0;3353742;0;0;0;0
FR;3;2021-07-21;1651;19507;44;0;20012;0;0;0;0;4395846;3205684;2248;0;3373754;0;0;0;0
FR;3;2021-07-22;1856;27653;83;0;28218;0;0;0;0;4397702;3233337;2331;0;3401972;0;0;0;0
FR;3;2021-07-23;2216;30223;117;0;30961;0;0;0;0;4399918;3263560;2448;0;3432933;0;0;0;0
FR;3;2021-07-24;826;6937;25;0;7160;0;0;0;0;4400744;3270497;2473;0;3440093;0;0;0;0
FR;3;2021-07-25;210;1295;1;0;1350;0;0;0;0;4400954;3271792;2474;0;3441443;0;0;0;0
FR;3;2021-07-26;932;10521;28;0;10828;0;0;0;0;4401886;3282313;2502;0;3452271;0;0;0;0
FR;3;2021-07-27;1170;16807;56;0;17171;0;0;0;0;4403056;3299120;2558;0;3469442;0;0;0;0
FR;3;2021-07-28;989;12003;40;0;12315;0;0;0;0;4404045;3311123;2598;0;3481757;0;0;0;0
FR;3;2021-07-29;1127;15693;63;0;16107;0;0;0;0;4405172;3326816;2661;0;3497864;0;0;0;0
FR;3;2021-07-30;1129;18000;79;0;18374;0;0;0;0;4406301;3344816;2740;0;3516238;0;0;0;0
FR;3;2021-07-31;406;3712;15;0;3836;0;0;0;0;4406707;3348528;2755;0;3520074;0;0;0;0
FR;3;2021-08-01;117;450;1;0;472;0;0;0;0;4406824;3348978;2756;0;3520546;0;0;0;0
FR;3;2021-08-02;423;5027;22;0;5148;0;0;0;0;4407247;3354005;2778;0;3525694;0;0;0;0
FR;3;2021-08-03;498;7474;27;0;7609;0;0;0;0;4407745;3361479;2805;0;3533303;0;0;0;0
FR;3;2021-08-04;440;4831;26;0;4977;0;0;0;0;4408185;3366310;2831;0;3538280;0;0;0;0
FR;3;2021-08-05;433;3656;13;0;3767;0;0;0;0;4408618;3369966;2844;0;3542047;0;0;0;0
FR;3;2021-08-06;456;4704;30;0;4806;0;0;0;0;4409074;3374670;2874;0;3546853;0;0;0;0
FR;3;2021-08-07;214;1901;11;0;1947;0;0;0;0;4409288;3376571;2885;0;3548800;0;0;0;0
FR;3;2021-08-08;250;424;2;0;457;0;0;0;0;4409538;3376995;2887;0;3549257;0;0;0;0
FR;3;2021-08-09;318;2381;11;0;2452;0;0;0;0;4409856;3379376;2898;0;3551709;0;0;0;0
FR;3;2021-08-10;368;3751;15;0;3840;0;0;0;0;4410224;3383127;2913;0;3555549;0;0;0;0
FR;3;2021-08-11;291;2645;15;0;2705;0;0;0;0;4410515;3385772;2928;0;3558254;0;0;0;0
FR;3;2021-08-12;279;2570;13;0;2658;0;0;0;0;4410794;3388342;2941;0;3560912;0;0;0;0
FR;3;2021-08-13;278;2256;16;0;2341;0;0;0;0;4411072;3390598;2957;0;3563253;0;0;0;0
FR;3;2021-08-14;172;879;1;0;910;0;0;0;0;4411244;3391477;2958;0;3564163;0;0;0;0
FR;3;2021-08-15;56;175;0;0;184;0;0;0;0;4411300;3391652;2958;0;3564347;0;0;0;0
FR;3;2021-08-16;126;1018;8;0;1057;0;0;0;0;4411426;3392670;2966;0;3565404;0;0;0;0
FR;3;2021-08-17;191;1432;8;0;1473;0;0;0;0;4411617;3394102;2974;0;3566877;0;0;0;0
FR;3;2021-08-18;204;1314;10;0;1356;0;0;0;0;4411821;3395416;2984;0;3568233;0;0;0;0
FR;3;2021-08-19;165;1373;10;0;1420;0;0;0;0;4411986;3396789;2994;0;3569653;0;0;0;0
FR;3;2021-08-20;167;1597;16;0;1659;0;0;0;0;4412153;3398386;3010;0;3571312;0;0;0;0
FR;3;2021-08-21;93;581;2;0;596;0;0;0;0;4412246;3398967;3012;0;3571908;0;0;0;0
FR;3;2021-08-22;42;191;1;0;194;0;0;0;0;4412288;3399158;3013;0;3572102;0;0;0;0
FR;3;2021-08-23;141;883;7;0;928;0;0;0;0;4412429;3400041;3020;0;3573030;0;0;0;0
FR;3;2021-08-24;125;927;10;0;959;0;0;0;0;4412554;3400968;3030;0;3573989;0;0;0;0
FR;3;2021-08-25;137;821;3;0;850;0;0;0;0;4412691;3401789;3033;0;3574839;0;0;0;0
FR;3;2021-08-26;172;830;9;0;878;0;0;0;0;4412863;3402619;3042;0;3575717;0;0;0;0
FR;3;2021-08-27;178;936;9;0;989;0;0;0;0;4413041;3403555;3051;0;3576706;0;0;0;0
FR;3;2021-08-28;101;371;4;0;388;0;0;0;0;4413142;3403926;3055;0;3577094;0;0;0;0
FR;3;2021-08-29;128;128;1;0;161;0;0;0;0;4413270;3404054;3056;0;3577255;0;0;0;0
FR;3;2021-08-30;100;565;0;0;472;110;0;0;0;4413370;3404619;3056;0;3577727;110;0;0;0
FR;3;2021-08-31;134;687;7;0;591;135;0;0;0;4413504;3405306;3063;0;3578318;245;0;0;0
FR;3;2021-09-01;122;458;5;0;380;107;0;0;0;4413626;3405764;3068;0;3578698;352;0;0;0
FR;3;2021-09-02;100;595;22;0;531;105;0;0;0;4413726;3406359;3090;0;3579229;457;0;0;0
FR;3;2021-09-03;116;557;17;0;480;118;0;0;0;4413842;3406916;3107;0;3579709;575;0;0;0
FR;3;2021-09-04;55;293;3;0;254;50;0;0;0;4413897;3407209;3110;0;3579963;625;0;0;0
FR;3;2021-09-05;52;67;5;0;56;26;0;0;0;4413949;3407276;3115;0;3580019;651;0;0;0
FR;3;2021-09-06;118;368;4;0;261;131;0;0;0;4414067;3407644;3119;0;3580280;782;0;0;0
FR;3;2021-09-07;124;434;14;0;349;117;0;0;0;4414191;3408078;3133;0;3580629;899;0;0;0
FR;3;2021-09-08;121;342;2;0;271;88;0;0;0;4414312;3408420;3135;0;3580900;987;0;0;0
FR;3;2021-09-09;94;379;8;0;299;103;0;0;0;4414406;3408799;3143;0;3581199;1090;0;0;0
FR;3;2021-09-10;101;399;3;0;329;93;0;0;0;4414507;3409198;3146;0;3581528;1183;0;0;0
FR;3;2021-09-11;78;232;4;0;177;65;0;0;0;4414585;3409430;3150;0;3581705;1248;0;0;0
FR;3;2021-09-12;37;48;1;0;37;16;0;0;0;4414622;3409478;3151;0;3581742;1264;0;0;0
FR;3;2021-09-13;78;301;7;0;217;103;1;0;0;4414700;3409779;3158;0;3581959;1367;1;0;0
FR;3;2021-09-14;75;274;6;0;194;94;0;0;0;4414775;3410053;3164;0;3582153;1461;1;0;0
FR;3;2021-09-15;63;255;3;0;260;6;0;0;0;4414838;3410308;3167;0;3582413;1467;1;0;0
FR;3;2021-09-16;65;320;6;0;331;6;0;0;0;4414903;3410628;3173;0;3582744;1473;1;0;0
FR;3;2021-09-17;52;328;3;0;340;6;0;0;0;4414955;3410956;3176;0;3583084;1479;1;0;0
FR;3;2021-09-18;37;172;1;0;176;1;0;0;0;4414992;3411128;3177;0;3583260;1480;1;0;0
FR;3;2021-09-19;29;31;2;0;34;1;0;0;0;4415021;3411159;3179;0;3583294;1481;1;0;0
FR;3;2021-09-20;81;190;0;0;198;1;0;0;0;4415102;3411349;3179;0;3583492;1482;1;0;0
FR;3;2021-09-21;60;271;7;0;275;8;0;0;0;4415162;3411620;3186;0;3583767;1490;1;0;0
FR;3;2021-09-22;66;230;6;0;243;7;0;0;0;4415228;3411850;3192;0;3584010;1497;1;0;0
FR;3;2021-09-23;37;259;11;0;263;7;0;0;0;4415265;3412109;3203;0;3584273;1504;1;0;0
FR;3;2021-09-24;28;320;12;0;318;18;0;0;0;4415293;3412429;3215;0;3584591;1522;1;0;0
FR;3;2021-09-25;31;144;3;0;150;3;0;0;0;4415324;3412573;3218;0;3584741;1525;1;0;0
FR;3;2021-09-26;16;57;1;0;59;1;0;0;0;4415340;3412630;3219;0;3584800;1526;1;0;0
FR;3;2021-09-27;48;283;3;0;286;5;0;0;0;4415388;3412913;3222;0;3585086;1531;1;0;0
FR;3;2021-09-28;49;245;6;0;253;8;0;0;0;4415437;3413158;3228;0;3585339;1539;1;0;0
FR;3;2021-09-29;39;219;10;0;223;15;0;0;0;4415476;3413377;3238;0;3585562;1554;1;0;0
FR;3;2021-09-30;40;201;8;0;205;11;0;0;0;4415516;3413578;3246;0;3585767;1565;1;0;0
FR;3;2021-10-01;23;159;6;0;161;8;0;0;0;4415539;3413737;3252;0;3585928;1573;1;0;0
FR;3;2021-10-02;17;86;0;0;87;0;0;0;0;4415556;3413823;3252;0;3586015;1573;1;0;0
FR;3;2021-10-03;19;19;1;0;19;2;0;0;0;4415575;3413842;3253;0;3586034;1575;1;0;0
FR;3;2021-10-04;33;157;4;0;162;4;0;0;0;4415608;3413999;3257;0;3586196;1579;1;0;0
FR;3;2021-10-05;17;148;10;0;153;12;0;0;0;4415625;3414147;3267;0;3586349;1591;1;0;0
FR;3;2021-10-06;33;143;9;0;151;10;0;0;0;4415658;3414290;3276;0;3586500;1601;1;0;0
FR;3;2021-10-07;20;131;6;0;129;6;0;0;0;4415678;3414421;3282;0;3586629;1607;1;0;0
FR;3;2021-10-08;25;136;10;0;141;9;0;0;0;4415703;3414557;3292;0;3586770;1616;1;0;0
FR;3;2021-10-09;17;72;1;0;73;1;0;0;0;4415720;3414629;3293;0;3586843;1617;1;0;0
FR;3;2021-10-10;13;17;2;0;16;3;0;0;0;4415733;3414646;3295;0;3586859;1620;1;0;0
FR;3;2021-10-11;17;115;4;0;120;5;0;0;0;4415750;3414761;3299;0;3586979;1625;1;0;0
FR;3;2021-10-12;22;99;5;0;99;5;0;0;0;4415772;3414860;3304;0;3587078;1630;1;0;0
FR;3;2021-10-13;25;114;9;0;121;7;0;0;0;4415797;3414974;3313;0;3587199;1637;1;0;0
FR;3;2021-10-14;19;139;3;0;140;4;0;0;0;4415816;3415113;3316;0;3587339;1641;1;0;0
FR;3;2021-10-15;23;141;8;0;140;13;0;0;0;4415839;3415254;3324;0;3587479;1654;1;0;0
FR;3;2021-10-16;13;66;6;0;65;8;0;0;0;4415852;3415320;3330;0;3587544;1662;1;0;0
FR;3;2021-10-17;12;24;0;0;26;0;0;0;0;4415864;3415344;3330;0;3587570;1662;1;0;0
FR;3;2021-10-18;18;112;2;0;117;2;0;0;0;4415882;3415456;3332;0;3587687;1664;1;0;0
FR;3;2021-10-19;18;112;19;0;113;21;0;0;0;4415900;3415568;3351;0;3587800;1685;1;0;0
FR;3;2021-10-20;26;127;6;0;129;7;0;0;0;4415926;3415695;3357;0;3587929;1692;1;0;0
FR;3;2021-10-21;28;120;17;0;120;13;0;0;0;4415954;3415815;3374;0;3588049;1705;1;0;0
FR;3;2021-10-22;24;107;18;0;106;21;0;0;0;4415978;3415922;3392;0;3588155;1726;1;0;0
FR;3;2021-10-23;17;53;3;0;53;2;0;0;0;4415995;3415975;3395;0;3588208;1728;1;0;0
FR;3;2021-10-24;7;36;0;0;34;0;0;0;0;4416002;3416011;3395;0;3588242;1728;1;0;0
FR;3;2021-10-25;26;141;7;0;145;7;0;0;0;4416028;3416152;3402;0;3588387;1735;1;0;0
FR;3;2021-10-26;25;96;22;0;93;19;0;0;0;4416053;3416248;3424;0;3588480;1754;1;0;0
FR;3;2021-10-27;19;93;9;0;95;9;0;0;0;4416072;3416341;3433;0;3588575;1763;1;0;0
FR;3;2021-10-28;23;113;33;0;110;36;0;0;0;4416095;3416454;3466;0;3588685;1799;1;0;0
FR;3;2021-10-29;12;100;64;0;94;54;0;0;0;4416107;3416554;3530;0;3588779;1853;1;0;0
FR;3;2021-10-30;11;62;11;1;62;10;0;0;0;4416118;3416616;3541;1;3588841;1863;1;0;0
FR;3;2021-10-31;8;25;1;0;25;1;0;0;0;4416126;3416641;3542;1;3588866;1864;1;0;0
FR;3;2021-11-01;11;22;2;0;23;1;0;0;0;4416137;3416663;3544;1;3588889;1865;1;0;0
FR;3;2021-11-02;11;101;10;0;101;12;0;0;0;4416148;3416764;3554;1;3588990;1877;1;0;0
FR;3;2021-11-03;20;107;10;0;115;10;0;0;0;4416168;3416871;3564;1;3589105;1887;1;0;0
FR;3;2021-11-04;20;89;5;0;94;4;0;0;0;4416188;3416960;3569;1;3589199;1891;1;0;0
FR;3;2021-11-05;19;119;9;1;125;6;1;0;0;4416207;3417079;3578;2;3589324;1897;2;0;0
FR;3;2021-11-06;11;55;3;0;57;3;0;0;0;4416218;3417134;3581;2;3589381;1900;2;0;0
FR;3;2021-11-07;6;23;1;0;24;1;0;0;0;4416224;3417157;3582;2;3589405;1901;2;0;0
FR;3;2021-11-08;11;128;7;0;133;5;0;0;0;4416235;3417285;3589;2;3589538;1906;2;0;0
FR;3;2021-11-09;15;123;6;0;125;6;0;0;0;4416250;3417408;3595;2;3589663;1912;2;0;0
FR;3;2021-11-10;14;136;14;0;134;15;0;0;0;4416264;3417544;3609;2;3589797;1927;2;0;0
FR;3;2021-11-11;11;49;3;0;51;3;0;0;0;4416275;3417593;3612;2;3589848;1930;2;0;0
FR;3;2021-11-12;15;127;6;0;130;4;0;0;0;4416290;3417720;3618;2;3589978;1934;2;0;0
FR;3;2021-11-13;7;67;9;0;62;10;0;0;0;4416297;3417787;3627;2;3590040;1944;2;0;0
FR;3;2021-11-14;3;24;1;0;24;1;0;0;0;4416300;3417811;3628;2;3590064;1945;2;0;0
FR;3;2021-11-15;6;162;11;0;159;12;0;0;0;4416306;3417973;3639;2;3590223;1957;2;0;0
FR;3;2021-11-16;9;125;11;0;120;10;0;0;0;4416315;3418098;3650;2;3590343;1967;2;0;0
FR;3;2021-11-17;8;134;11;0;135;8;0;0;0;4416323;3418232;3661;2;3590478;1975;2;0;0
FR;3;2021-11-18;16;135;10;0;136;11;0;0;0;4416339;3418367;3671;2;3590614;1986;2;0;0
FR;3;2021-11-19;12;181;23;0;175;28;0;0;0;4416351;3418548;3694;2;3590789;2014;2;0;0
FR;3;2021-11-20;6;100;6;0;101;6;0;0;0;4416357;3418648;3700;2;3590890;2020;2;0;0
FR;3;2021-11-21;3;25;4;0;24;4;0;0;0;4416360;3418673;3704;2;3590914;2024;2;0;0
FR;3;2021-11-22;11;188;11;0;187;11;0;0;0;4416371;3418861;3715;2;3591101;2035;2;0;0
FR;3;2021-11-23;9;184;16;0;182;15;0;0;0;4416380;3419045;3731;2;3591283;2050;2;0;0
FR;3;2021-11-24;11;187;9;0;179;17;0;0;0;4416391;3419232;3740;2;3591462;2067;2;0;0
FR;3;2021-11-25;12;205;11;0;201;11;0;0;0;4416403;3419437;3751;2;3591663;2078;2;0;0
FR;3;2021-11-26;10;256;35;0;255;33;1;0;0;4416413;3419693;3786;2;3591918;2111;3;0;0
FR;3;2021-11-27;8;128;20;0;127;21;0;0;0;4416421;3419821;3806;2;3592045;2132;3;0;0
FR;3;2021-11-28;3;59;7;0;60;7;0;0;0;4416424;3419880;3813;2;3592105;2139;3;0;0
FR;3;2021-11-29;5;222;22;0;217;23;1;0;0;4416429;3420102;3835;2;3592322;2162;4;0;0
FR;3;2021-11-30;8;295;29;0;294;32;0;0;0;4416437;3420397;3864;2;3592616;2194;4;0;0
FR;3;2021-12-01;30;323;38;0;321;40;2;0;0;4416467;3420720;3902;2;3592937;2234;6;0;0
FR;3;2021-12-02;9;349;33;0;345;36;0;0;0;4416476;3421069;3935;2;3593282;2270;6;0;0
FR;3;2021-12-03;6;380;37;0;374;38;0;0;0;4416482;3421449;3972;2;3593656;2308;6;0;0
FR;3;2021-12-04;3;210;26;0;206;28;0;0;0;4416485;3421659;3998;2;3593862;2336;6;0;0
FR;3;2021-12-05;1;61;5;0;61;5;0;0;0;4416486;3421720;4003;2;3593923;2341;6;0;0
FR;3;2021-12-06;7;374;14;0;373;15;0;0;0;4416493;3422094;4017;2;3594296;2356;6;0;0
FR;3;2021-12-07;6;424;20;0;418;24;1;0;0;4416499;3422518;4037;2;3594714;2380;7;0;0
FR;3;2021-12-08;8;386;29;0;378;30;1;0;0;4416507;3422904;4066;2;3595092;2410;8;0;0
FR;3;2021-12-09;3;439;17;0;426;22;1;0;0;4416510;3423343;4083;2;3595518;2432;9;0;0
FR;3;2021-12-10;10;460;29;0;457;25;0;0;0;4416520;3423803;4112;2;3595975;2457;9;0;0
FR;3;2021-12-11;4;303;10;0;300;9;2;0;0;4416524;3424106;4122;2;3596275;2466;11;0;0
FR;3;2021-12-12;1;99;3;0;99;3;0;0;0;4416525;3424205;4125;2;3596374;2469;11;0;0
FR;3;2021-12-13;2;446;19;0;440;21;0;0;0;4416527;3424651;4144;2;3596814;2490;11;0;0
FR;3;2021-12-14;8;561;18;0;549;21;1;0;0;4416535;3425212;4162;2;3597363;2511;12;0;0
FR;3;2021-12-15;10;534;17;0;521;21;0;0;0;4416545;3425746;4179;2;3597884;2532;12;0;0
FR;3;2021-12-16;10;550;19;0;544;18;3;0;0;4416555;3426296;4198;2;3598428;2550;15;0;0
FR;3;2021-12-17;5;615;18;0;611;19;0;0;0;4416560;3426911;4216;2;3599039;2569;15;0;0
FR;3;2021-12-18;5;355;4;0;349;5;1;0;0;4416565;3427266;4220;2;3599388;2574;16;0;0
FR;3;2021-12-19;3;184;2;0;181;2;0;0;0;4416568;3427450;4222;2;3599569;2576;16;0;0
FR;3;2021-12-20;9;587;23;0;581;28;0;0;0;4416577;3428037;4245;2;3600150;2604;16;0;0
FR;3;2021-12-21;5;674;10;0;666;13;2;0;0;4416582;3428711;4255;2;3600816;2617;18;0;0
FR;3;2021-12-22;10;630;9;0;624;10;1;0;0;4416592;3429341;4264;2;3601440;2627;19;0;0
FR;3;2021-12-23;3;556;8;0;554;8;0;0;0;4416595;3429897;4272;2;3601994;2635;19;0;0
FR;3;2021-12-24;2;236;3;0;231;6;0;0;0;4416597;3430133;4275;2;3602225;2641;19;0;0
FR;3;2021-12-25;0;24;0;0;24;0;0;0;0;4416597;3430157;4275;2;3602249;2641;19;0;0
FR;3;2021-12-26;0;88;1;0;88;1;0;0;0;4416597;3430245;4276;2;3602337;2642;19;0;0
FR;3;2021-12-27;7;468;17;0;465;20;1;0;0;4416604;3430713;4293;2;3602802;2662;20;0;0
FR;3;2021-12-28;3;587;6;0;586;5;0;0;0;4416607;3431300;4299;2;3603388;2667;20;0;0
FR;3;2021-12-29;5;499;14;0;494;16;0;0;0;4416612;3431799;4313;2;3603882;2683;20;0;0
FR;3;2021-12-30;3;524;7;0;517;10;2;0;0;4416615;3432323;4320;2;3604399;2693;22;0;0
FR;3;2021-12-31;0;185;5;0;181;7;0;0;0;4416615;3432508;4325;2;3604580;2700;22;0;0
FR;3;2022-01-01;0;26;0;0;24;2;0;0;0;4416615;3432534;4325;2;3604604;2702;22;0;0
FR;3;2022-01-02;0;77;0;0;77;0;0;0;0;4416615;3432611;4325;2;3604681;2702;22;0;0
FR;3;2022-01-03;4;503;17;0;492;21;3;0;0;4416619;3433114;4342;2;3605173;2723;25;0;0
FR;3;2022-01-04;7;548;9;0;547;8;0;0;0;4416626;3433662;4351;2;3605720;2731;25;0;0
FR;3;2022-01-05;5;499;10;0;491;14;1;0;0;4416631;3434161;4361;2;3606211;2745;26;0;0
FR;3;2022-01-06;6;473;9;0;468;10;1;0;0;4416637;3434634;4370;2;3606679;2755;27;0;0
FR;3;2022-01-07;2;497;11;0;491;13;1;0;1;4416639;3435131;4381;2;3607170;2768;28;0;1
FR;3;2022-01-08;6;254;4;0;251;5;0;0;0;4416645;3435385;4385;2;3607421;2773;28;0;1
FR;3;2022-01-09;0;117;0;0;117;0;0;0;0;4416645;3435502;4385;2;3607538;2773;28;0;1
FR;3;2022-01-10;2;433;12;0;431;12;0;0;0;4416647;3435935;4397;2;3607969;2785;28;0;1
FR;3;2022-01-11;3;463;1;0;462;1;0;0;0;4416650;3436398;4398;2;3608431;2786;28;0;1
FR;3;2022-01-12;4;400;9;0;397;10;2;0;0;4416654;3436798;4407;2;3608828;2796;30;0;1
FR;3;2022-01-13;3;392;11;0;390;12;1;0;0;4416657;3437190;4418;2;3609218;2808;31;0;1
FR;3;2022-01-14;4;426;10;0;420;13;1;0;0;4416661;3437616;4428;2;3609638;2821;32;0;1
FR;3;2022-01-15;0;281;2;0;277;3;0;0;0;4416661;3437897;4430;2;3609915;2824;32;0;1
FR;3;2022-01-16;1;108;1;0;106;1;1;0;0;4416662;3438005;4431;2;3610021;2825;33;0;1
FR;3;2022-01-17;2;327;8;0;324;9;1;0;0;4416664;3438332;4439;2;3610345;2834;34;0;1
FR;3;2022-01-18;2;364;1;0;360;2;1;0;0;4416666;3438696;4440;2;3610705;2836;35;0;1
FR;3;2022-01-19;2;326;5;0;320;10;0;0;0;4416668;3439022;4445;2;3611025;2846;35;0;1
FR;3;2022-01-20;1;352;5;0;351;3;2;0;0;4416669;3439374;4450;2;3611376;2849;37;0;1
FR;3;2022-01-21;4;346;5;0;340;7;2;0;0;4416673;3439720;4455;2;3611716;2856;39;0;1
FR;3;2022-01-22;2;223;1;0;219;2;3;0;0;4416675;3439943;4456;2;3611935;2858;42;0;1
FR;3;2022-01-23;0;78;0;0;76;1;1;0;0;4416675;3440021;4456;2;3612011;2859;43;0;1
FR;3;2022-01-24;2;323;1;0;315;6;2;0;0;4416677;3440344;4457;2;3612326;2865;45;0;1
FR;3;2022-01-25;0;175;0;0;172;0;1;0;0;4416677;3440519;4457;2;3612498;2865;46;0;1
FR;3;2022-01-26;0;77;0;0;77;0;0;0;0;4416677;3440596;4457;2;3612575;2865;46;0;1
FR;3;2022-01-27;0;52;0;0;52;0;0;0;0;4416677;3440648;4457;2;3612627;2865;46;0;1
FR;3;2022-01-28;0;116;0;0;115;0;0;0;0;4416677;3440764;4457;2;3612742;2865;46;0;1
FR;3;2022-01-29;0;98;0;0;98;0;0;0;0;4416677;3440862;4457;2;3612840;2865;46;0;1
FR;3;2022-01-30;0;50;0;0;50;0;0;0;0;4416677;3440912;4457;2;3612890;2865;46;0;1
FR;3;2022-01-31;0;91;0;0;91;0;0;0;0;4416677;3441003;4457;2;3612981;2865;46;0;1
FR;3;2022-02-01;0;98;0;0;96;1;0;0;0;4416677;3441101;4457;2;3613077;2866;46;0;1
FR;3;2022-02-02;0;85;0;0;83;0;0;0;0;4416677;3441186;4457;2;3613160;2866;46;0;1
FR;3;2022-02-03;0;94;0;0;92;0;0;0;0;4416677;3441280;4457;2;3613252;2866;46;0;1
FR;3;2022-02-04;0;113;0;0;110;0;1;0;0;4416677;3441393;4457;2;3613362;2866;47;0;1
FR;3;2022-02-05;0;70;0;0;70;0;0;0;0;4416677;3441463;4457;2;3613432;2866;47;0;1
FR;3;2022-02-06;0;10;0;0;10;0;0;0;0;4416677;3441473;4457;2;3613442;2866;47;0;1
FR;3;2022-02-07;0;76;0;0;76;0;0;0;0;4416677;3441549;4457;2;3613518;2866;47;0;1
FR;3;2022-02-08;0;0;0;0;0;0;0;0;0;4416677;3441549;4457;2;3613518;2866;47;0;1
FR;3;2022-02-09;0;0;0;0;0;0;0;0;0;4416677;3441549;4457;2;3613518;2866;47;0;1
FR;3;2022-02-10;0;0;0;0;0;0;0;0;0;4416677;3441549;4457;2;3613518;2866;47;0;1
FR;3;2022-02-11;0;0;0;0;0;0;0;0;0;4416677;3441549;4457;2;3613518;2866;47;0;1
FR;3;2022-02-12;0;0;0;0;0;0;0;0;0;4416677;3441549;4457;2;3613518;2866;47;0;1
FR;3;2022-02-13;0;0;0;0;0;0;0;0;0;4416677;3441549;4457;2;3613518;2866;47;0;1
FR;3;2022-02-14;0;0;0;0;0;0;0;0;0;4416677;3441549;4457;2;3613518;2866;47;0;1
FR;3;2022-02-15;0;0;0;0;0;0;0;0;0;4416677;3441549;4457;2;3613518;2866;47;0;1
FR;3;2022-02-16;0;0;0;0;0;0;0;0;0;4416677;3441549;4457;2;3613518;2866;47;0;1
FR;3;2022-02-17;0;0;0;0;0;0;0;0;0;4416677;3441549;4457;2;3613518;2866;47;0;1
FR;3;2022-02-18;0;0;0;0;0;0;0;0;0;4416677;3441549;4457;2;3613518;2866;47;0;1
FR;3;2022-02-19;0;0;0;0;0;0;0;0;0;4416677;3441549;4457;2;3613518;2866;47;0;1
FR;3;2022-02-20;0;0;0;0;0;0;0;0;0;4416677;3441549;4457;2;3613518;2866;47;0;1
FR;3;2022-02-21;2;0;0;0;0;0;0;0;0;4416679;3441549;4457;2;3613518;2866;47;0;1
FR;3;2022-02-22;0;0;0;0;0;0;0;0;0;4416679;3441549;4457;2;3613518;2866;47;0;1
FR;3;2022-02-23;0;0;0;0;0;0;0;0;0;4416679;3441549;4457;2;3613518;2866;47;0;1
FR;3;2022-02-24;0;0;0;0;0;0;0;0;0;4416679;3441549;4457;2;3613518;2866;47;0;1
FR;3;2022-02-25;0;0;0;0;0;0;0;0;0;4416679;3441549;4457;2;3613518;2866;47;0;1
FR;3;2022-02-26;0;0;0;0;0;0;0;0;0;4416679;3441549;4457;2;3613518;2866;47;0;1
FR;3;2022-02-27;0;0;0;0;0;0;0;0;0;4416679;3441549;4457;2;3613518;2866;47;0;1
FR;3;2022-02-28;1;0;0;0;0;0;0;0;0;4416680;3441549;4457;2;3613518;2866;47;0;1
FR;3;2022-03-01;1;0;0;0;0;0;0;0;0;4416681;3441549;4457;2;3613518;2866;47;0;1
FR;3;2022-03-02;0;0;0;0;0;0;0;0;0;4416681;3441549;4457;2;3613518;2866;47;0;1
FR;3;2022-03-03;0;0;0;0;0;0;0;0;0;4416681;3441549;4457;2;3613518;2866;47;0;1
FR;3;2022-03-04;0;0;0;0;0;0;0;0;0;4416681;3441549;4457;2;3613518;2866;47;0;1
FR;3;2022-03-05;0;0;0;0;0;0;0;0;0;4416681;3441549;4457;2;3613518;2866;47;0;1
FR;3;2022-03-06;1;0;0;0;0;0;0;0;0;4416682;3441549;4457;2;3613518;2866;47;0;1
FR;3;2022-03-07;0;0;0;0;0;0;0;0;0;4416682;3441549;4457;2;3613518;2866;47;0;1
FR;3;2022-03-08;1;0;0;0;0;0;0;0;0;4416683;3441549;4457;2;3613518;2866;47;0;1
FR;3;2022-03-09;0;0;0;0;0;0;0;0;0;4416683;3441549;4457;2;3613518;2866;47;0;1
FR;3;2022-03-10;0;0;0;0;0;0;0;0;0;4416683;3441549;4457;2;3613518;2866;47;0;1
FR;3;2022-03-11;0;0;0;0;0;0;0;0;0;4416683;3441549;4457;2;3613518;2866;47;0;1
FR;3;2022-03-12;0;0;0;0;0;0;0;0;0;4416683;3441549;4457;2;3613518;2866;47;0;1
FR;3;2022-03-13;0;0;0;0;0;0;0;0;0;4416683;3441549;4457;2;3613518;2866;47;0;1
FR;3;2022-03-14;0;0;0;0;0;0;0;0;0;4416683;3441549;4457;2;3613518;2866;47;0;1
FR;3;2022-03-15;0;0;0;0;0;0;0;0;0;4416683;3441549;4457;2;3613518;2866;47;0;1
FR;3;2022-03-16;0;0;0;0;0;0;0;0;0;4416683;3441549;4457;2;3613518;2866;47;0;1
FR;3;2022-03-17;0;0;0;0;0;0;0;0;0;4416683;3441549;4457;2;3613518;2866;47;0;1
FR;3;2022-03-18;0;0;0;0;0;0;0;0;0;4416683;3441549;4457;2;3613518;2866;47;0;1
FR;3;2022-03-19;0;0;0;0;0;0;0;0;0;4416683;3441549;4457;2;3613518;2866;47;0;1
FR;3;2022-03-20;1;0;0;0;0;0;0;0;0;4416684;3441549;4457;2;3613518;2866;47;0;1
FR;3;2022-03-21;0;0;0;0;0;0;0;0;0;4416684;3441549;4457;2;3613518;2866;47;0;1
FR;3;2022-03-22;0;0;0;0;0;0;0;0;0;4416684;3441549;4457;2;3613518;2866;47;0;1
FR;3;2022-03-23;1;0;0;0;0;0;0;0;0;4416685;3441549;4457;2;3613518;2866;47;0;1
FR;3;2022-03-24;0;0;0;0;0;0;0;0;0;4416685;3441549;4457;2;3613518;2866;47;0;1
FR;3;2022-03-25;1;0;0;0;0;0;0;0;0;4416686;3441549;4457;2;3613518;2866;47;0;1
FR;3;2022-03-26;0;0;0;0;0;0;0;0;0;4416686;3441549;4457;2;3613518;2866;47;0;1
FR;3;2022-03-27;0;0;0;0;0;0;0;0;0;4416686;3441549;4457;2;3613518;2866;47;0;1
FR;3;2022-03-28;0;0;0;0;0;0;0;0;0;4416686;3441549;4457;2;3613518;2866;47;0;1
FR;3;2022-03-29;0;0;0;0;0;0;0;0;0;4416686;3441549;4457;2;3613518;2866;47;0;1
FR;3;2022-03-30;0;0;0;0;0;0;0;0;0;4416686;3441549;4457;2;3613518;2866;47;0;1
FR;3;2022-03-31;0;0;0;0;0;0;0;0;0;4416686;3441549;4457;2;3613518;2866;47;0;1
FR;3;2022-04-01;0;0;0;0;0;0;0;0;0;4416686;3441549;4457;2;3613518;2866;47;0;1
FR;3;2022-04-02;0;0;0;0;0;0;0;0;0;4416686;3441549;4457;2;3613518;2866;47;0;1
FR;3;2022-04-03;0;0;0;0;0;0;0;0;0;4416686;3441549;4457;2;3613518;2866;47;0;1
FR;3;2022-04-04;0;0;0;0;0;0;0;0;0;4416686;3441549;4457;2;3613518;2866;47;0;1
FR;3;2022-04-05;0;0;0;0;0;0;0;0;0;4416686;3441549;4457;2;3613518;2866;47;0;1
FR;3;2022-04-06;0;0;0;0;0;0;0;0;0;4416686;3441549;4457;2;3613518;2866;47;0;1
FR;3;2022-04-07;0;0;0;0;0;0;0;0;0;4416686;3441549;4457;2;3613518;2866;47;0;1
FR;3;2022-04-08;0;0;0;0;0;0;0;0;0;4416686;3441549;4457;2;3613518;2866;47;0;1
FR;3;2022-04-09;0;0;0;0;0;0;0;0;0;4416686;3441549;4457;2;3613518;2866;47;0;1
FR;3;2022-04-10;0;0;0;0;0;0;0;0;0;4416686;3441549;4457;2;3613518;2866;47;0;1
FR;3;2022-04-11;0;0;0;0;0;0;0;0;0;4416686;3441549;4457;2;3613518;2866;47;0;1
FR;3;2022-04-12;0;0;0;0;0;0;0;0;0;4416686;3441549;4457;2;3613518;2866;47;0;1
FR;3;2022-04-13;0;0;0;0;0;0;0;0;0;4416686;3441549;4457;2;3613518;2866;47;0;1
FR;3;2022-04-14;0;0;0;0;0;0;0;0;0;4416686;3441549;4457;2;3613518;2866;47;0;1
FR;3;2022-04-15;1;0;0;0;0;0;0;0;0;4416687;3441549;4457;2;3613518;2866;47;0;1
FR;3;2022-04-16;0;0;0;0;0;0;0;0;0;4416687;3441549;4457;2;3613518;2866;47;0;1
FR;3;2022-04-17;0;0;0;0;0;0;0;0;0;4416687;3441549;4457;2;3613518;2866;47;0;1
FR;3;2022-04-18;0;0;0;0;0;0;0;0;0;4416687;3441549;4457;2;3613518;2866;47;0;1
FR;3;2022-04-19;0;0;0;0;0;0;0;0;0;4416687;3441549;4457;2;3613518;2866;47;0;1
FR;3;2022-04-20;0;0;0;0;0;0;0;0;0;4416687;3441549;4457;2;3613518;2866;47;0;1
FR;3;2022-04-21;0;0;0;0;0;0;0;0;0;4416687;3441549;4457;2;3613518;2866;47;0;1
FR;3;2022-04-22;0;0;0;0;0;0;0;0;0;4416687;3441549;4457;2;3613518;2866;47;0;1
FR;3;2022-04-23;0;0;0;0;0;0;0;0;0;4416687;3441549;4457;2;3613518;2866;47;0;1
FR;3;2022-04-24;0;0;0;0;0;0;0;0;0;4416687;3441549;4457;2;3613518;2866;47;0;1
FR;3;2022-04-25;0;0;0;0;0;0;0;0;0;4416687;3441549;4457;2;3613518;2866;47;0;1
FR;3;2022-04-26;0;0;0;0;0;0;0;0;0;4416687;3441549;4457;2;3613518;2866;47;0;1
FR;3;2022-04-27;0;0;0;0;0;0;0;0;0;4416687;3441549;4457;2;3613518;2866;47;0;1
FR;3;2022-04-28;0;0;0;0;0;0;0;0;0;4416687;3441549;4457;2;3613518;2866;47;0;1
FR;3;2022-04-29;0;0;0;0;0;0;0;0;0;4416687;3441549;4457;2;3613518;2866;47;0;1
FR;3;2022-04-30;0;0;0;0;0;0;0;0;0;4416687;3441549;4457;2;3613518;2866;47;0;1
FR;3;2022-05-01;0;0;0;0;0;0;0;0;0;4416687;3441549;4457;2;3613518;2866;47;0;1
FR;3;2022-05-02;0;0;0;0;0;0;0;0;0;4416687;3441549;4457;2;3613518;2866;47;0;1
FR;3;2022-05-03;0;0;0;0;0;0;0;0;0;4416687;3441549;4457;2;3613518;2866;47;0;1
FR;3;2022-05-04;0;0;0;0;0;0;0;0;0;4416687;3441549;4457;2;3613518;2866;47;0;1
FR;3;2022-05-05;0;0;0;0;0;0;0;0;0;4416687;3441549;4457;2;3613518;2866;47;0;1
FR;3;2022-05-06;0;0;0;0;0;0;0;0;0;4416687;3441549;4457;2;3613518;2866;47;0;1
FR;3;2022-05-07;0;0;0;0;0;0;0;0;0;4416687;3441549;4457;2;3613518;2866;47;0;1
FR;3;2022-05-08;0;0;0;0;0;0;0;0;0;4416687;3441549;4457;2;3613518;2866;47;0;1
FR;3;2022-05-09;0;0;0;0;0;0;0;0;0;4416687;3441549;4457;2;3613518;2866;47;0;1
FR;3;2022-05-10;0;0;0;0;0;0;0;0;0;4416687;3441549;4457;2;3613518;2866;47;0;1
FR;3;2022-05-11;0;0;0;0;0;0;0;0;0;4416687;3441549;4457;2;3613518;2866;47;0;1
FR;3;2022-05-12;0;0;0;0;0;0;0;0;0;4416687;3441549;4457;2;3613518;2866;47;0;1
FR;3;2022-05-13;0;0;0;0;0;0;0;0;0;4416687;3441549;4457;2;3613518;2866;47;0;1
FR;3;2022-05-14;1;0;0;0;0;0;0;0;0;4416688;3441549;4457;2;3613518;2866;47;0;1
FR;3;2022-05-15;0;0;0;0;0;0;0;0;0;4416688;3441549;4457;2;3613518;2866;47;0;1
FR;3;2022-05-16;0;0;0;0;0;0;0;0;0;4416688;3441549;4457;2;3613518;2866;47;0;1
FR;3;2022-05-17;0;0;0;0;0;0;0;0;0;4416688;3441549;4457;2;3613518;2866;47;0;1
FR;3;2022-05-18;0;0;0;0;0;0;0;0;0;4416688;3441549;4457;2;3613518;2866;47;0;1
FR;3;2022-05-19;0;0;0;0;0;0;0;0;0;4416688;3441549;4457;2;3613518;2866;47;0;1
FR;3;2022-05-20;0;0;0;0;0;0;0;0;0;4416688;3441549;4457;2;3613518;2866;47;0;1
FR;3;2022-05-21;0;0;0;0;0;0;0;0;0;4416688;3441549;4457;2;3613518;2866;47;0;1
FR;3;2022-05-22;0;0;0;0;0;0;0;0;0;4416688;3441549;4457;2;3613518;2866;47;0;1
FR;3;2022-05-23;0;0;0;0;0;0;0;0;0;4416688;3441549;4457;2;3613518;2866;47;0;1
FR;3;2022-05-24;0;0;0;0;0;0;0;0;0;4416688;3441549;4457;2;3613518;2866;47;0;1
FR;3;2022-05-25;0;0;0;0;0;0;0;0;0;4416688;3441549;4457;2;3613518;2866;47;0;1
FR;3;2022-05-26;0;0;0;0;0;0;0;0;0;4416688;3441549;4457;2;3613518;2866;47;0;1
FR;3;2022-05-27;0;0;0;0;0;0;0;0;0;4416688;3441549;4457;2;3613518;2866;47;0;1
FR;3;2022-05-28;0;0;0;0;0;0;0;0;0;4416688;3441549;4457;2;3613518;2866;47;0;1
FR;3;2022-05-29;0;0;0;0;0;0;0;0;0;4416688;3441549;4457;2;3613518;2866;47;0;1
FR;3;2022-05-30;0;0;0;0;0;0;0;0;0;4416688;3441549;4457;2;3613518;2866;47;0;1
FR;3;2022-05-31;0;0;0;0;0;0;0;0;0;4416688;3441549;4457;2;3613518;2866;47;0;1
FR;3;2022-06-01;0;0;0;0;0;0;0;0;0;4416688;3441549;4457;2;3613518;2866;47;0;1
FR;3;2022-06-02;0;0;0;0;0;0;0;0;0;4416688;3441549;4457;2;3613518;2866;47;0;1
FR;3;2022-06-03;0;0;0;0;0;0;0;0;0;4416688;3441549;4457;2;3613518;2866;47;0;1
FR;3;2022-06-04;0;0;0;0;0;0;0;0;0;4416688;3441549;4457;2;3613518;2866;47;0;1
FR;3;2022-06-05;0;0;0;0;0;0;0;0;0;4416688;3441549;4457;2;3613518;2866;47;0;1
FR;3;2022-06-06;0;0;0;0;0;0;0;0;0;4416688;3441549;4457;2;3613518;2866;47;0;1
FR;3;2022-06-07;0;0;0;0;0;0;0;0;0;4416688;3441549;4457;2;3613518;2866;47;0;1
FR;3;2022-06-08;0;0;0;0;0;0;0;0;0;4416688;3441549;4457;2;3613518;2866;47;0;1
FR;3;2022-06-09;0;0;0;0;0;0;0;0;0;4416688;3441549;4457;2;3613518;2866;47;0;1
FR;3;2022-06-10;0;0;0;0;0;0;0;0;0;4416688;3441549;4457;2;3613518;2866;47;0;1
FR;3;2022-06-11;0;0;0;0;0;0;0;0;0;4416688;3441549;4457;2;3613518;2866;47;0;1
FR;3;2022-06-12;0;0;0;0;0;0;0;0;0;4416688;3441549;4457;2;3613518;2866;47;0;1
FR;3;2022-06-13;1;0;0;0;0;0;0;0;0;4416689;3441549;4457;2;3613518;2866;47;0;1
FR;3;2022-06-14;0;0;0;0;0;0;0;0;0;4416689;3441549;4457;2;3613518;2866;47;0;1
FR;3;2022-06-15;0;0;0;0;0;0;0;0;0;4416689;3441549;4457;2;3613518;2866;47;0;1
FR;3;2022-06-16;0;0;0;0;0;0;0;0;0;4416689;3441549;4457;2;3613518;2866;47;0;1
FR;3;2022-06-17;0;0;0;0;0;0;0;0;0;4416689;3441549;4457;2;3613518;2866;47;0;1
FR;3;2022-06-18;0;0;0;0;0;0;0;0;0;4416689;3441549;4457;2;3613518;2866;47;0;1
FR;3;2022-06-19;0;0;0;0;0;0;0;0;0;4416689;3441549;4457;2;3613518;2866;47;0;1
FR;3;2022-06-20;0;0;0;0;0;0;0;0;0;4416689;3441549;4457;2;3613518;2866;47;0;1
FR;3;2022-06-21;0;0;0;0;0;0;0;0;0;4416689;3441549;4457;2;3613518;2866;47;0;1
FR;3;2022-06-22;0;0;0;0;0;0;0;0;0;4416689;3441549;4457;2;3613518;2866;47;0;1
FR;3;2022-06-23;0;0;0;0;0;0;0;0;0;4416689;3441549;4457;2;3613518;2866;47;0;1
FR;3;2022-06-24;0;0;0;0;0;0;0;0;0;4416689;3441549;4457;2;3613518;2866;47;0;1
FR;3;2022-06-25;0;0;0;0;0;0;0;0;0;4416689;3441549;4457;2;3613518;2866;47;0;1
FR;3;2022-06-26;0;0;0;0;0;0;0;0;0;4416689;3441549;4457;2;3613518;2866;47;0;1
FR;3;2022-06-27;0;0;0;0;0;0;0;0;0;4416689;3441549;4457;2;3613518;2866;47;0;1
FR;3;2022-06-28;0;0;0;0;0;0;0;0;0;4416689;3441549;4457;2;3613518;2866;47;0;1
FR;3;2022-06-29;1;0;0;0;0;0;0;0;0;4416690;3441549;4457;2;3613518;2866;47;0;1
FR;3;2022-06-30;0;0;0;0;0;0;0;0;0;4416690;3441549;4457;2;3613518;2866;47;0;1
FR;3;2022-07-01;0;0;0;0;0;0;0;0;0;4416690;3441549;4457;2;3613518;2866;47;0;1
FR;3;2022-07-02;0;0;0;0;0;0;0;0;0;4416690;3441549;4457;2;3613518;2866;47;0;1
FR;3;2022-07-03;0;0;0;0;0;0;0;0;0;4416690;3441549;4457;2;3613518;2866;47;0;1
FR;3;2022-07-04;0;0;0;0;0;0;0;0;0;4416690;3441549;4457;2;3613518;2866;47;0;1
FR;3;2022-07-05;0;0;0;0;0;0;0;0;0;4416690;3441549;4457;2;3613518;2866;47;0;1
FR;3;2022-07-06;0;0;0;0;0;0;0;0;0;4416690;3441549;4457;2;3613518;2866;47;0;1
FR;3;2022-07-07;0;0;0;0;0;0;0;0;0;4416690;3441549;4457;2;3613518;2866;47;0;1
FR;3;2022-07-08;0;0;0;0;0;0;0;0;0;4416690;3441549;4457;2;3613518;2866;47;0;1
FR;3;2022-07-09;0;0;0;0;0;0;0;0;0;4416690;3441549;4457;2;3613518;2866;47;0;1
FR;3;2022-07-10;0;0;0;0;0;0;0;0;0;4416690;3441549;4457;2;3613518;2866;47;0;1
FR;3;2022-07-11;0;0;0;0;0;0;0;0;0;4416690;3441549;4457;2;3613518;2866;47;0;1
FR;3;2022-07-12;0;0;0;0;0;0;0;0;0;4416690;3441549;4457;2;3613518;2866;47;0;1
FR;3;2022-07-13;0;0;0;0;0;0;0;0;0;4416690;3441549;4457;2;3613518;2866;47;0;1
FR;3;2022-07-14;0;0;0;0;0;0;0;0;0;4416690;3441549;4457;2;3613518;2866;47;0;1
FR;3;2022-07-15;0;0;0;0;0;0;0;0;0;4416690;3441549;4457;2;3613518;2866;47;0;1
FR;3;2022-07-16;0;0;0;0;0;0;0;0;0;4416690;3441549;4457;2;3613518;2866;47;0;1
FR;3;2022-07-17;0;0;0;0;0;0;0;0;0;4416690;3441549;4457;2;3613518;2866;47;0;1
FR;3;2022-07-18;0;0;0;0;0;0;0;0;0;4416690;3441549;4457;2;3613518;2866;47;0;1
FR;3;2022-07-19;0;0;0;0;0;0;0;0;0;4416690;3441549;4457;2;3613518;2866;47;0;1
FR;3;2022-07-20;0;0;0;0;0;0;0;0;0;4416690;3441549;4457;2;3613518;2866;47;0;1
FR;3;2022-07-21;0;0;0;0;0;0;0;0;0;4416690;3441549;4457;2;3613518;2866;47;0;1
FR;3;2022-07-22;0;0;0;0;0;0;0;0;0;4416690;3441549;4457;2;3613518;2866;47;0;1
FR;3;2022-07-23;0;0;0;0;0;0;0;0;0;4416690;3441549;4457;2;3613518;2866;47;0;1
FR;3;2022-07-24;0;0;0;0;0;0;0;0;0;4416690;3441549;4457;2;3613518;2866;47;0;1
FR;3;2022-07-25;0;0;0;0;0;0;0;0;0;4416690;3441549;4457;2;3613518;2866;47;0;1
FR;3;2022-07-26;0;0;0;0;0;0;0;0;0;4416690;3441549;4457;2;3613518;2866;47;0;1
FR;3;2022-07-27;0;0;0;0;0;0;0;0;0;4416690;3441549;4457;2;3613518;2866;47;0;1
FR;3;2022-07-28;0;0;0;0;0;0;0;0;0;4416690;3441549;4457;2;3613518;2866;47;0;1
FR;3;2022-07-29;0;0;0;0;0;0;0;0;0;4416690;3441549;4457;2;3613518;2866;47;0;1
FR;3;2022-07-30;0;0;0;0;0;0;0;0;0;4416690;3441549;4457;2;3613518;2866;47;0;1
FR;3;2022-07-31;0;0;0;0;0;0;0;0;0;4416690;3441549;4457;2;3613518;2866;47;0;1
FR;3;2022-08-01;0;0;0;0;0;0;0;0;0;4416690;3441549;4457;2;3613518;2866;47;0;1
FR;3;2022-08-02;0;0;0;0;0;0;0;0;0;4416690;3441549;4457;2;3613518;2866;47;0;1
FR;3;2022-08-03;0;0;0;0;0;0;0;0;0;4416690;3441549;4457;2;3613518;2866;47;0;1
FR;3;2022-08-04;0;0;0;0;0;0;0;0;0;4416690;3441549;4457;2;3613518;2866;47;0;1
FR;3;2022-08-05;0;0;0;0;0;0;0;0;0;4416690;3441549;4457;2;3613518;2866;47;0;1
FR;3;2022-08-06;0;0;0;0;0;0;0;0;0;4416690;3441549;4457;2;3613518;2866;47;0;1
FR;3;2022-08-07;0;0;0;0;0;0;0;0;0;4416690;3441549;4457;2;3613518;2866;47;0;1
FR;3;2022-08-08;0;0;0;0;0;0;0;0;0;4416690;3441549;4457;2;3613518;2866;47;0;1
FR;3;2022-08-09;0;0;0;0;0;0;0;0;0;4416690;3441549;4457;2;3613518;2866;47;0;1
FR;3;2022-08-10;0;0;0;0;0;0;0;0;0;4416690;3441549;4457;2;3613518;2866;47;0;1
FR;3;2022-08-11;0;0;0;0;0;0;0;0;0;4416690;3441549;4457;2;3613518;2866;47;0;1
FR;3;2022-08-12;0;0;0;0;0;0;0;0;0;4416690;3441549;4457;2;3613518;2866;47;0;1
FR;3;2022-08-13;0;0;0;0;0;0;0;0;0;4416690;3441549;4457;2;3613518;2866;47;0;1
FR;3;2022-08-14;0;0;0;0;0;0;0;0;0;4416690;3441549;4457;2;3613518;2866;47;0;1
FR;3;2022-08-15;0;0;0;0;0;0;0;0;0;4416690;3441549;4457;2;3613518;2866;47;0;1
FR;3;2022-08-16;0;0;0;0;0;0;0;0;0;4416690;3441549;4457;2;3613518;2866;47;0;1
FR;3;2022-08-17;0;0;0;0;0;0;0;0;0;4416690;3441549;4457;2;3613518;2866;47;0;1
FR;3;2022-08-18;0;0;0;0;0;0;0;0;0;4416690;3441549;4457;2;3613518;2866;47;0;1
FR;3;2022-08-19;0;0;0;0;0;0;0;0;0;4416690;3441549;4457;2;3613518;2866;47;0;1
FR;3;2022-08-20;0;0;0;0;0;0;0;0;0;4416690;3441549;4457;2;3613518;2866;47;0;1
FR;3;2022-08-21;0;0;0;0;0;0;0;0;0;4416690;3441549;4457;2;3613518;2866;47;0;1
FR;3;2022-08-22;0;0;0;0;0;0;0;0;0;4416690;3441549;4457;2;3613518;2866;47;0;1
FR;3;2022-08-23;0;0;0;0;0;0;0;0;0;4416690;3441549;4457;2;3613518;2866;47;0;1
FR;3;2022-08-24;0;0;0;0;0;0;0;0;0;4416690;3441549;4457;2;3613518;2866;47;0;1
FR;3;2022-08-25;0;0;0;0;0;0;0;0;0;4416690;3441549;4457;2;3613518;2866;47;0;1
FR;3;2022-08-26;0;0;0;0;0;0;0;0;0;4416690;3441549;4457;2;3613518;2866;47;0;1
FR;3;2022-08-27;0;0;0;0;0;0;0;0;0;4416690;3441549;4457;2;3613518;2866;47;0;1
FR;3;2022-08-28;0;0;0;0;0;0;0;0;0;4416690;3441549;4457;2;3613518;2866;47;0;1
FR;3;2022-08-29;0;0;0;0;0;0;0;0;0;4416690;3441549;4457;2;3613518;2866;47;0;1
FR;3;2022-08-30;0;0;0;0;0;0;0;0;0;4416690;3441549;4457;2;3613518;2866;47;0;1
FR;3;2022-08-31;0;0;0;0;0;0;0;0;0;4416690;3441549;4457;2;3613518;2866;47;0;1
FR;3;2022-09-01;0;0;0;0;0;0;0;0;0;4416690;3441549;4457;2;3613518;2866;47;0;1
FR;3;2022-09-02;0;0;0;0;0;0;0;0;0;4416690;3441549;4457;2;3613518;2866;47;0;1
FR;3;2022-09-03;0;0;0;0;0;0;0;0;0;4416690;3441549;4457;2;3613518;2866;47;0;1
FR;3;2022-09-04;0;0;0;0;0;0;0;0;0;4416690;3441549;4457;2;3613518;2866;47;0;1
FR;3;2022-09-05;0;0;0;0;0;0;0;0;0;4416690;3441549;4457;2;3613518;2866;47;0;1
FR;3;2022-09-06;0;0;0;0;0;0;0;0;0;4416690;3441549;4457;2;3613518;2866;47;0;1
FR;3;2022-09-07;0;0;0;0;0;0;0;0;0;4416690;3441549;4457;2;3613518;2866;47;0;1
FR;3;2022-09-08;0;0;0;0;0;0;0;0;0;4416690;3441549;4457;2;3613518;2866;47;0;1
FR;3;2022-09-09;0;0;0;0;0;0;0;0;0;4416690;3441549;4457;2;3613518;2866;47;0;1
FR;3;2022-09-10;0;0;0;0;0;0;0;0;0;4416690;3441549;4457;2;3613518;2866;47;0;1
FR;3;2022-09-11;0;0;0;0;0;0;0;0;0;4416690;3441549;4457;2;3613518;2866;47;0;1
FR;3;2022-09-12;0;0;0;0;0;0;0;0;0;4416690;3441549;4457;2;3613518;2866;47;0;1
FR;3;2022-09-13;0;0;0;0;0;0;0;0;0;4416690;3441549;4457;2;3613518;2866;47;0;1
FR;3;2022-09-14;0;0;0;0;0;0;0;0;0;4416690;3441549;4457;2;3613518;2866;47;0;1
FR;3;2022-09-15;0;0;0;0;0;0;0;0;0;4416690;3441549;4457;2;3613518;2866;47;0;1
FR;3;2022-09-16;0;0;0;0;0;0;0;0;0;4416690;3441549;4457;2;3613518;2866;47;0;1
FR;3;2022-09-17;0;0;0;0;0;0;0;0;0;4416690;3441549;4457;2;3613518;2866;47;0;1
FR;3;2022-09-18;0;0;0;0;0;0;0;0;0;4416690;3441549;4457;2;3613518;2866;47;0;1
FR;3;2022-09-19;0;0;0;0;0;0;0;0;0;4416690;3441549;4457;2;3613518;2866;47;0;1
FR;3;2022-09-20;0;0;0;0;0;0;0;0;0;4416690;3441549;4457;2;3613518;2866;47;0;1
FR;3;2022-09-21;0;0;0;0;0;0;0;0;0;4416690;3441549;4457;2;3613518;2866;47;0;1
FR;3;2022-09-22;0;0;0;0;0;0;0;0;0;4416690;3441549;4457;2;3613518;2866;47;0;1
FR;3;2022-09-23;0;0;0;0;0;0;0;0;0;4416690;3441549;4457;2;3613518;2866;47;0;1
FR;3;2022-09-24;0;0;0;0;0;0;0;0;0;4416690;3441549;4457;2;3613518;2866;47;0;1
FR;3;2022-09-25;0;0;0;0;0;0;0;0;0;4416690;3441549;4457;2;3613518;2866;47;0;1
FR;3;2022-09-26;0;0;0;0;0;0;0;0;0;4416690;3441549;4457;2;3613518;2866;47;0;1
FR;3;2022-09-27;0;0;0;0;0;0;0;0;0;4416690;3441549;4457;2;3613518;2866;47;0;1
FR;3;2022-09-28;0;0;0;0;0;0;0;0;0;4416690;3441549;4457;2;3613518;2866;47;0;1
FR;3;2022-09-29;0;0;0;0;0;0;0;0;0;4416690;3441549;4457;2;3613518;2866;47;0;1
FR;3;2022-09-30;0;0;0;0;0;0;0;0;0;4416690;3441549;4457;2;3613518;2866;47;0;1
FR;3;2022-10-01;0;0;0;0;0;0;0;0;0;4416690;3441549;4457;2;3613518;2866;47;0;1
FR;3;2022-10-02;0;0;0;0;0;0;0;0;0;4416690;3441549;4457;2;3613518;2866;47;0;1
FR;3;2022-10-03;0;0;0;0;0;0;0;0;0;4416690;3441549;4457;2;3613518;2866;47;0;1
FR;3;2022-10-04;0;0;0;0;0;0;0;0;0;4416690;3441549;4457;2;3613518;2866;47;0;1
FR;3;2022-10-05;0;0;0;0;0;0;0;0;0;4416690;3441549;4457;2;3613518;2866;47;0;1
FR;3;2022-10-06;0;0;0;0;0;0;0;0;0;4416690;3441549;4457;2;3613518;2866;47;0;1
FR;3;2022-10-07;0;0;0;0;0;0;0;0;0;4416690;3441549;4457;2;3613518;2866;47;0;1
FR;3;2022-10-08;0;0;0;0;0;0;0;0;0;4416690;3441549;4457;2;3613518;2866;47;0;1
FR;3;2022-10-09;0;0;0;0;0;0;0;0;0;4416690;3441549;4457;2;3613518;2866;47;0;1
FR;3;2022-10-10;0;0;0;0;0;0;0;0;0;4416690;3441549;4457;2;3613518;2866;47;0;1
FR;3;2022-10-11;0;0;0;0;0;0;0;0;0;4416690;3441549;4457;2;3613518;2866;47;0;1
FR;3;2022-10-12;0;0;0;0;0;0;0;0;0;4416690;3441549;4457;2;3613518;2866;47;0;1
FR;3;2022-10-13;0;0;0;0;0;0;0;0;0;4416690;3441549;4457;2;3613518;2866;47;0;1
FR;3;2022-10-14;0;0;0;0;0;0;0;0;0;4416690;3441549;4457;2;3613518;2866;47;0;1
FR;3;2022-10-15;0;0;0;0;0;0;0;0;0;4416690;3441549;4457;2;3613518;2866;47;0;1
FR;3;2022-10-16;0;0;0;0;0;0;0;0;0;4416690;3441549;4457;2;3613518;2866;47;0;1
FR;3;2022-10-17;0;0;0;0;0;0;0;0;0;4416690;3441549;4457;2;3613518;2866;47;0;1
FR;3;2022-10-18;0;0;0;0;0;0;0;0;0;4416690;3441549;4457;2;3613518;2866;47;0;1
FR;3;2022-10-19;0;0;0;0;0;0;0;0;0;4416690;3441549;4457;2;3613518;2866;47;0;1
FR;3;2022-10-20;0;0;0;0;0;0;0;0;0;4416690;3441549;4457;2;3613518;2866;47;0;1
FR;3;2022-10-21;0;0;0;0;0;0;0;0;0;4416690;3441549;4457;2;3613518;2866;47;0;1
FR;3;2022-10-22;0;0;0;0;0;0;0;0;0;4416690;3441549;4457;2;3613518;2866;47;0;1
FR;3;2022-10-23;0;0;0;0;0;0;0;0;0;4416690;3441549;4457;2;3613518;2866;47;0;1
FR;3;2022-10-24;0;0;0;0;0;0;0;0;0;4416690;3441549;4457;2;3613518;2866;47;0;1
FR;3;2022-10-25;0;0;0;0;0;0;0;0;0;4416690;3441549;4457;2;3613518;2866;47;0;1
FR;3;2022-10-26;0;0;0;0;0;0;0;0;0;4416690;3441549;4457;2;3613518;2866;47;0;1
FR;3;2022-10-27;0;0;0;0;0;0;0;0;0;4416690;3441549;4457;2;3613518;2866;47;0;1
FR;3;2022-10-28;0;0;0;0;0;0;0;0;0;4416690;3441549;4457;2;3613518;2866;47;0;1
FR;3;2022-10-29;0;0;0;0;0;0;0;0;0;4416690;3441549;4457;2;3613518;2866;47;0;1
FR;3;2022-10-30;0;0;0;0;0;0;0;0;0;4416690;3441549;4457;2;3613518;2866;47;0;1
FR;3;2022-10-31;0;0;0;0;0;0;0;0;0;4416690;3441549;4457;2;3613518;2866;47;0;1
FR;3;2022-11-01;0;0;0;0;0;0;0;0;0;4416690;3441549;4457;2;3613518;2866;47;0;1
FR;3;2022-11-02;0;0;0;0;0;0;0;0;0;4416690;3441549;4457;2;3613518;2866;47;0;1
FR;3;2022-11-03;0;0;0;0;0;0;0;0;0;4416690;3441549;4457;2;3613518;2866;47;0;1
FR;3;2022-11-04;0;0;0;0;0;0;0;0;0;4416690;3441549;4457;2;3613518;2866;47;0;1
FR;3;2022-11-05;0;0;0;0;0;0;0;0;0;4416690;3441549;4457;2;3613518;2866;47;0;1
FR;3;2022-11-06;0;0;0;0;0;0;0;0;0;4416690;3441549;4457;2;3613518;2866;47;0;1
FR;3;2022-11-07;0;0;0;0;0;0;0;0;0;4416690;3441549;4457;2;3613518;2866;47;0;1
FR;3;2022-11-08;1;0;0;0;0;0;0;0;0;4416691;3441549;4457;2;3613518;2866;47;0;1
FR;3;2022-11-09;0;0;0;0;0;0;0;0;0;4416691;3441549;4457;2;3613518;2866;47;0;1
FR;3;2022-11-10;0;0;0;0;0;0;0;0;0;4416691;3441549;4457;2;3613518;2866;47;0;1
FR;3;2022-11-11;0;0;0;0;0;0;0;0;0;4416691;3441549;4457;2;3613518;2866;47;0;1
FR;3;2022-11-12;0;0;0;0;0;0;0;0;0;4416691;3441549;4457;2;3613518;2866;47;0;1
FR;3;2022-11-13;0;0;0;0;0;0;0;0;0;4416691;3441549;4457;2;3613518;2866;47;0;1
FR;3;2022-11-14;0;0;0;0;0;0;0;0;0;4416691;3441549;4457;2;3613518;2866;47;0;1
FR;3;2022-11-15;0;0;0;0;0;0;0;0;0;4416691;3441549;4457;2;3613518;2866;47;0;1
FR;3;2022-11-16;0;0;0;0;0;0;0;0;0;4416691;3441549;4457;2;3613518;2866;47;0;1
FR;3;2022-11-17;0;0;0;0;0;0;0;0;0;4416691;3441549;4457;2;3613518;2866;47;0;1
FR;3;2022-11-18;0;0;0;0;0;0;0;0;0;4416691;3441549;4457;2;3613518;2866;47;0;1
FR;3;2022-11-19;0;0;0;0;0;0;0;0;0;4416691;3441549;4457;2;3613518;2866;47;0;1
FR;3;2022-11-20;0;0;0;0;0;0;0;0;0;4416691;3441549;4457;2;3613518;2866;47;0;1
FR;3;2022-11-21;0;0;0;0;0;0;0;0;0;4416691;3441549;4457;2;3613518;2866;47;0;1
FR;3;2022-11-22;0;0;0;0;0;0;0;0;0;4416691;3441549;4457;2;3613518;2866;47;0;1
FR;3;2022-11-23;0;0;0;0;0;0;0;0;0;4416691;3441549;4457;2;3613518;2866;47;0;1
FR;3;2022-11-24;0;0;0;0;0;0;0;0;0;4416691;3441549;4457;2;3613518;2866;47;0;1
FR;3;2022-11-25;0;0;0;0;0;0;0;0;0;4416691;3441549;4457;2;3613518;2866;47;0;1
FR;3;2022-11-26;0;0;0;0;0;0;0;0;0;4416691;3441549;4457;2;3613518;2866;47;0;1
FR;3;2022-11-27;0;0;0;0;0;0;0;0;0;4416691;3441549;4457;2;3613518;2866;47;0;1
FR;3;2022-11-28;0;0;0;0;0;0;0;0;0;4416691;3441549;4457;2;3613518;2866;47;0;1
FR;3;2022-11-29;0;0;0;0;0;0;0;0;0;4416691;3441549;4457;2;3613518;2866;47;0;1
FR;3;2022-11-30;0;0;0;0;0;0;0;0;0;4416691;3441549;4457;2;3613518;2866;47;0;1
FR;3;2022-12-01;0;0;0;0;0;0;0;0;0;4416691;3441549;4457;2;3613518;2866;47;0;1
FR;3;2022-12-02;0;0;0;0;0;0;0;0;0;4416691;3441549;4457;2;3613518;2866;47;0;1
FR;3;2022-12-03;0;0;0;0;0;0;0;0;0;4416691;3441549;4457;2;3613518;2866;47;0;1
FR;3;2022-12-04;0;0;0;0;0;0;0;0;0;4416691;3441549;4457;2;3613518;2866;47;0;1
FR;3;2022-12-05;0;0;0;0;0;0;0;0;0;4416691;3441549;4457;2;3613518;2866;47;0;1
FR;3;2022-12-06;0;0;0;0;0;0;0;0;0;4416691;3441549;4457;2;3613518;2866;47;0;1
FR;3;2022-12-07;0;0;0;0;0;0;0;0;0;4416691;3441549;4457;2;3613518;2866;47;0;1
FR;3;2022-12-08;0;0;0;0;0;0;0;0;0;4416691;3441549;4457;2;3613518;2866;47;0;1
FR;3;2022-12-09;0;0;0;0;0;0;0;0;0;4416691;3441549;4457;2;3613518;2866;47;0;1
FR;3;2022-12-10;0;0;0;0;0;0;0;0;0;4416691;3441549;4457;2;3613518;2866;47;0;1
FR;3;2022-12-11;0;0;0;0;0;0;0;0;0;4416691;3441549;4457;2;3613518;2866;47;0;1
FR;3;2022-12-12;0;0;0;0;0;0;0;0;0;4416691;3441549;4457;2;3613518;2866;47;0;1
FR;3;2022-12-13;0;0;0;0;0;0;0;0;0;4416691;3441549;4457;2;3613518;2866;47;0;1
FR;3;2022-12-14;0;0;0;0;0;0;0;0;0;4416691;3441549;4457;2;3613518;2866;47;0;1
FR;3;2022-12-15;0;0;0;0;0;0;0;0;0;4416691;3441549;4457;2;3613518;2866;47;0;1
FR;3;2022-12-16;0;0;0;0;0;0;0;0;0;4416691;3441549;4457;2;3613518;2866;47;0;1
FR;3;2022-12-17;0;0;0;0;0;0;0;0;0;4416691;3441549;4457;2;3613518;2866;47;0;1
FR;3;2022-12-18;0;0;0;0;0;0;0;0;0;4416691;3441549;4457;2;3613518;2866;47;0;1
FR;3;2022-12-19;0;0;0;0;0;0;0;0;0;4416691;3441549;4457;2;3613518;2866;47;0;1
FR;3;2022-12-20;0;0;0;0;0;0;0;0;0;4416691;3441549;4457;2;3613518;2866;47;0;1
FR;3;2022-12-21;0;0;0;0;0;0;0;0;0;4416691;3441549;4457;2;3613518;2866;47;0;1
FR;3;2022-12-22;0;0;0;0;0;0;0;0;0;4416691;3441549;4457;2;3613518;2866;47;0;1
FR;3;2022-12-23;0;0;0;0;0;0;0;0;0;4416691;3441549;4457;2;3613518;2866;47;0;1
FR;3;2022-12-24;0;0;0;0;0;0;0;0;0;4416691;3441549;4457;2;3613518;2866;47;0;1
FR;3;2022-12-25;0;0;0;0;0;0;0;0;0;4416691;3441549;4457;2;3613518;2866;47;0;1
FR;3;2022-12-26;0;0;0;0;0;0;0;0;0;4416691;3441549;4457;2;3613518;2866;47;0;1
FR;3;2022-12-27;0;0;0;0;0;0;0;0;0;4416691;3441549;4457;2;3613518;2866;47;0;1
FR;3;2022-12-28;0;0;0;0;0;0;0;0;0;4416691;3441549;4457;2;3613518;2866;47;0;1
FR;3;2022-12-29;0;0;0;0;0;0;0;0;0;4416691;3441549;4457;2;3613518;2866;47;0;1
FR;4;2020-12-27;0;0;0;0;0;0;0;0;0;0;0;0;0;0;0;0;0;0
FR;4;2020-12-28;0;0;0;0;0;0;0;0;0;0;0;0;0;0;0;0;0;0
FR;4;2020-12-29;0;0;0;0;0;0;0;0;0;0;0;0;0;0;0;0;0;0
FR;4;2020-12-30;0;0;0;0;0;0;0;0;0;0;0;0;0;0;0;0;0;0
FR;4;2020-12-31;0;0;0;0;0;0;0;0;0;0;0;0;0;0;0;0;0;0
FR;4;2021-01-01;0;0;0;0;0;0;0;0;0;0;0;0;0;0;0;0;0;0
FR;4;2021-01-02;0;0;0;0;0;0;0;0;0;0;0;0;0;0;0;0;0;0
FR;4;2021-01-03;0;0;0;0;0;0;0;0;0;0;0;0;0;0;0;0;0;0
FR;4;2021-01-04;0;0;0;0;0;0;0;0;0;0;0;0;0;0;0;0;0;0
FR;4;2021-01-05;0;0;0;0;0;0;0;0;0;0;0;0;0;0;0;0;0;0
FR;4;2021-01-06;0;0;0;0;0;0;0;0;0;0;0;0;0;0;0;0;0;0
FR;4;2021-01-07;0;0;0;0;0;0;0;0;0;0;0;0;0;0;0;0;0;0
FR;4;2021-01-08;0;0;0;0;0;0;0;0;0;0;0;0;0;0;0;0;0;0
FR;4;2021-01-09;0;0;0;0;0;0;0;0;0;0;0;0;0;0;0;0;0;0
FR;4;2021-01-10;0;0;0;0;0;0;0;0;0;0;0;0;0;0;0;0;0;0
FR;4;2021-01-11;0;0;0;0;0;0;0;0;0;0;0;0;0;0;0;0;0;0
FR;4;2021-01-12;0;0;0;0;0;0;0;0;0;0;0;0;0;0;0;0;0;0
FR;4;2021-01-13;0;0;0;0;0;0;0;0;0;0;0;0;0;0;0;0;0;0
FR;4;2021-01-14;0;0;0;0;0;0;0;0;0;0;0;0;0;0;0;0;0;0
FR;4;2021-01-15;0;0;0;0;0;0;0;0;0;0;0;0;0;0;0;0;0;0
FR;4;2021-01-16;0;0;0;0;0;0;0;0;0;0;0;0;0;0;0;0;0;0
FR;4;2021-01-17;0;0;0;0;0;0;0;0;0;0;0;0;0;0;0;0;0;0
FR;4;2021-01-18;0;0;0;0;0;0;0;0;0;0;0;0;0;0;0;0;0;0
FR;4;2021-01-19;0;0;0;0;0;0;0;0;0;0;0;0;0;0;0;0;0;0
FR;4;2021-01-20;0;0;0;0;0;0;0;0;0;0;0;0;0;0;0;0;0;0
FR;4;2021-01-21;0;0;0;0;0;0;0;0;0;0;0;0;0;0;0;0;0;0
FR;4;2021-01-22;0;0;0;0;0;0;0;0;0;0;0;0;0;0;0;0;0;0
FR;4;2021-01-23;0;0;0;0;0;0;0;0;0;0;0;0;0;0;0;0;0;0
FR;4;2021-01-24;0;0;0;0;0;0;0;0;0;0;0;0;0;0;0;0;0;0
FR;4;2021-01-25;0;0;0;0;0;0;0;0;0;0;0;0;0;0;0;0;0;0
FR;4;2021-01-26;0;0;0;0;0;0;0;0;0;0;0;0;0;0;0;0;0;0
FR;4;2021-01-27;0;0;0;0;0;0;0;0;0;0;0;0;0;0;0;0;0;0
FR;4;2021-01-28;0;0;0;0;0;0;0;0;0;0;0;0;0;0;0;0;0;0
FR;4;2021-01-29;0;0;0;0;0;0;0;0;0;0;0;0;0;0;0;0;0;0
FR;4;2021-01-30;0;0;0;0;0;0;0;0;0;0;0;0;0;0;0;0;0;0
FR;4;2021-01-31;0;0;0;0;0;0;0;0;0;0;0;0;0;0;0;0;0;0
FR;4;2021-02-01;0;0;0;0;0;0;0;0;0;0;0;0;0;0;0;0;0;0
FR;4;2021-02-02;0;0;0;0;0;0;0;0;0;0;0;0;0;0;0;0;0;0
FR;4;2021-02-03;0;0;0;0;0;0;0;0;0;0;0;0;0;0;0;0;0;0
FR;4;2021-02-04;0;0;0;0;0;0;0;0;0;0;0;0;0;0;0;0;0;0
FR;4;2021-02-05;0;0;0;0;0;0;0;0;0;0;0;0;0;0;0;0;0;0
FR;4;2021-02-06;0;0;0;0;0;0;0;0;0;0;0;0;0;0;0;0;0;0
FR;4;2021-02-07;0;0;0;0;0;0;0;0;0;0;0;0;0;0;0;0;0;0
FR;4;2021-02-08;0;0;0;0;0;0;0;0;0;0;0;0;0;0;0;0;0;0
FR;4;2021-02-09;0;0;0;0;0;0;0;0;0;0;0;0;0;0;0;0;0;0
FR;4;2021-02-10;0;0;0;0;0;0;0;0;0;0;0;0;0;0;0;0;0;0
FR;4;2021-02-11;0;0;0;0;0;0;0;0;0;0;0;0;0;0;0;0;0;0
FR;4;2021-02-12;0;0;0;0;0;0;0;0;0;0;0;0;0;0;0;0;0;0
FR;4;2021-02-13;0;0;0;0;0;0;0;0;0;0;0;0;0;0;0;0;0;0
FR;4;2021-02-14;0;0;0;0;0;0;0;0;0;0;0;0;0;0;0;0;0;0
FR;4;2021-02-15;0;0;0;0;0;0;0;0;0;0;0;0;0;0;0;0;0;0
FR;4;2021-02-16;0;0;0;0;0;0;0;0;0;0;0;0;0;0;0;0;0;0
FR;4;2021-02-17;0;0;0;0;0;0;0;0;0;0;0;0;0;0;0;0;0;0
FR;4;2021-02-18;0;0;0;0;0;0;0;0;0;0;0;0;0;0;0;0;0;0
FR;4;2021-02-19;0;0;0;0;0;0;0;0;0;0;0;0;0;0;0;0;0;0
FR;4;2021-02-20;0;0;0;0;0;0;0;0;0;0;0;0;0;0;0;0;0;0
FR;4;2021-02-21;0;0;0;0;0;0;0;0;0;0;0;0;0;0;0;0;0;0
FR;4;2021-02-22;0;0;0;0;0;0;0;0;0;0;0;0;0;0;0;0;0;0
FR;4;2021-02-23;0;0;0;0;0;0;0;0;0;0;0;0;0;0;0;0;0;0
FR;4;2021-02-24;0;0;0;0;0;0;0;0;0;0;0;0;0;0;0;0;0;0
FR;4;2021-02-25;0;0;0;0;0;0;0;0;0;0;0;0;0;0;0;0;0;0
FR;4;2021-02-26;0;0;0;0;0;0;0;0;0;0;0;0;0;0;0;0;0;0
FR;4;2021-02-27;0;0;0;0;0;0;0;0;0;0;0;0;0;0;0;0;0;0
FR;4;2021-02-28;0;0;0;0;0;0;0;0;0;0;0;0;0;0;0;0;0;0
FR;4;2021-03-01;0;0;0;0;0;0;0;0;0;0;0;0;0;0;0;0;0;0
FR;4;2021-03-02;0;0;0;0;0;0;0;0;0;0;0;0;0;0;0;0;0;0
FR;4;2021-03-03;0;0;0;0;0;0;0;0;0;0;0;0;0;0;0;0;0;0
FR;4;2021-03-04;0;0;0;0;0;0;0;0;0;0;0;0;0;0;0;0;0;0
FR;4;2021-03-05;0;0;0;0;0;0;0;0;0;0;0;0;0;0;0;0;0;0
FR;4;2021-03-06;0;0;0;0;0;0;0;0;0;0;0;0;0;0;0;0;0;0
FR;4;2021-03-07;0;0;0;0;0;0;0;0;0;0;0;0;0;0;0;0;0;0
FR;4;2021-03-08;0;0;0;0;0;0;0;0;0;0;0;0;0;0;0;0;0;0
FR;4;2021-03-09;0;0;0;0;0;0;0;0;0;0;0;0;0;0;0;0;0;0
FR;4;2021-03-10;0;0;0;0;0;0;0;0;0;0;0;0;0;0;0;0;0;0
FR;4;2021-03-11;0;0;0;0;0;0;0;0;0;0;0;0;0;0;0;0;0;0
FR;4;2021-03-12;0;0;0;0;0;0;0;0;0;0;0;0;0;0;0;0;0;0
FR;4;2021-03-13;0;0;0;0;0;0;0;0;0;0;0;0;0;0;0;0;0;0
FR;4;2021-03-14;0;0;0;0;0;0;0;0;0;0;0;0;0;0;0;0;0;0
FR;4;2021-03-15;0;0;0;0;0;0;0;0;0;0;0;0;0;0;0;0;0;0
FR;4;2021-03-16;0;0;0;0;0;0;0;0;0;0;0;0;0;0;0;0;0;0
FR;4;2021-03-17;0;0;0;0;0;0;0;0;0;0;0;0;0;0;0;0;0;0
FR;4;2021-03-18;0;0;0;0;0;0;0;0;0;0;0;0;0;0;0;0;0;0
FR;4;2021-03-19;0;0;0;0;0;0;0;0;0;0;0;0;0;0;0;0;0;0
FR;4;2021-03-20;0;0;0;0;0;0;0;0;0;0;0;0;0;0;0;0;0;0
FR;4;2021-03-21;0;0;0;0;0;0;0;0;0;0;0;0;0;0;0;0;0;0
FR;4;2021-03-22;0;0;0;0;0;0;0;0;0;0;0;0;0;0;0;0;0;0
FR;4;2021-03-23;0;0;0;0;0;0;0;0;0;0;0;0;0;0;0;0;0;0
FR;4;2021-03-24;0;0;0;0;0;0;0;0;0;0;0;0;0;0;0;0;0;0
FR;4;2021-03-25;0;0;0;0;0;0;0;0;0;0;0;0;0;0;0;0;0;0
FR;4;2021-03-26;0;0;0;0;0;0;0;0;0;0;0;0;0;0;0;0;0;0
FR;4;2021-03-27;0;0;0;0;0;0;0;0;0;0;0;0;0;0;0;0;0;0
FR;4;2021-03-28;0;0;0;0;0;0;0;0;0;0;0;0;0;0;0;0;0;0
FR;4;2021-03-29;0;0;0;0;0;0;0;0;0;0;0;0;0;0;0;0;0;0
FR;4;2021-03-30;0;0;0;0;0;0;0;0;0;0;0;0;0;0;0;0;0;0
FR;4;2021-03-31;0;0;0;0;0;0;0;0;0;0;0;0;0;0;0;0;0;0
FR;4;2021-04-01;0;0;0;0;0;0;0;0;0;0;0;0;0;0;0;0;0;0
FR;4;2021-04-02;0;0;0;0;0;0;0;0;0;0;0;0;0;0;0;0;0;0
FR;4;2021-04-03;0;0;0;0;0;0;0;0;0;0;0;0;0;0;0;0;0;0
FR;4;2021-04-04;0;0;0;0;0;0;0;0;0;0;0;0;0;0;0;0;0;0
FR;4;2021-04-05;0;0;0;0;0;0;0;0;0;0;0;0;0;0;0;0;0;0
FR;4;2021-04-06;0;0;0;0;0;0;0;0;0;0;0;0;0;0;0;0;0;0
FR;4;2021-04-07;0;0;0;0;0;0;0;0;0;0;0;0;0;0;0;0;0;0
FR;4;2021-04-08;0;0;0;0;0;0;0;0;0;0;0;0;0;0;0;0;0;0
FR;4;2021-04-09;0;0;0;0;0;0;0;0;0;0;0;0;0;0;0;0;0;0
FR;4;2021-04-10;0;0;0;0;0;0;0;0;0;0;0;0;0;0;0;0;0;0
FR;4;2021-04-11;0;0;0;0;0;0;0;0;0;0;0;0;0;0;0;0;0;0
FR;4;2021-04-12;0;0;0;0;0;0;0;0;0;0;0;0;0;0;0;0;0;0
FR;4;2021-04-13;0;0;0;0;0;0;0;0;0;0;0;0;0;0;0;0;0;0
FR;4;2021-04-14;0;0;0;0;0;0;0;0;0;0;0;0;0;0;0;0;0;0
FR;4;2021-04-15;0;0;0;0;0;0;0;0;0;0;0;0;0;0;0;0;0;0
FR;4;2021-04-16;0;0;0;0;0;0;0;0;0;0;0;0;0;0;0;0;0;0
FR;4;2021-04-17;0;0;0;0;0;0;0;0;0;0;0;0;0;0;0;0;0;0
FR;4;2021-04-18;0;0;0;0;0;0;0;0;0;0;0;0;0;0;0;0;0;0
FR;4;2021-04-19;0;0;0;0;0;0;0;0;0;0;0;0;0;0;0;0;0;0
FR;4;2021-04-20;0;0;0;0;0;0;0;0;0;0;0;0;0;0;0;0;0;0
FR;4;2021-04-21;0;0;0;0;0;0;0;0;0;0;0;0;0;0;0;0;0;0
FR;4;2021-04-22;0;0;0;0;0;0;0;0;0;0;0;0;0;0;0;0;0;0
FR;4;2021-04-23;3694;0;0;0;3653;0;0;0;0;3694;0;0;0;3653;0;0;0;0
FR;4;2021-04-24;1569;1;0;0;1558;0;0;0;0;5263;1;0;0;5211;0;0;0;0
FR;4;2021-04-25;125;0;0;0;125;0;0;0;0;5388;1;0;0;5336;0;0;0;0
FR;4;2021-04-26;2871;1;0;0;2860;0;0;0;0;8259;2;0;0;8196;0;0;0;0
FR;4;2021-04-27;9520;3;0;0;9501;0;0;0;0;17779;5;0;0;17697;0;0;0;0
FR;4;2021-04-28;9909;6;0;0;9884;0;0;0;0;27688;11;0;0;27581;0;0;0;0
FR;4;2021-04-29;15996;8;0;0;15980;0;0;0;0;43684;19;0;0;43561;0;0;0;0
FR;4;2021-04-30;19234;10;0;0;19204;0;0;0;0;62918;29;0;0;62765;0;0;0;0
FR;4;2021-05-01;1994;6;0;0;1992;0;0;0;0;64912;35;0;0;64757;0;0;0;0
FR;4;2021-05-02;484;0;0;0;481;0;0;0;0;65396;35;0;0;65238;0;0;0;0
FR;4;2021-05-03;5067;2;0;0;5060;0;0;0;0;70463;37;0;0;70298;0;0;0;0
FR;4;2021-05-04;8410;11;0;0;8399;0;0;0;0;78873;48;0;0;78697;0;0;0;0
FR;4;2021-05-05;6191;7;0;0;6186;0;0;0;0;85064;55;0;0;84883;0;0;0;0
FR;4;2021-05-06;11388;11;0;0;11385;0;0;0;0;96452;66;0;0;96268;0;0;0;0
FR;4;2021-05-07;19127;9;0;0;19088;0;0;0;0;115579;75;0;0;115356;0;0;0;0
FR;4;2021-05-08;2378;6;0;0;2382;0;0;0;0;117957;81;0;0;117738;0;0;0;0
FR;4;2021-05-09;690;3;0;0;691;0;0;0;0;118647;84;0;0;118429;0;0;0;0
FR;4;2021-05-10;7244;5;1;0;7241;0;0;0;0;125891;89;1;0;125670;0;0;0;0
FR;4;2021-05-11;14325;12;0;0;14305;0;0;0;0;140216;101;1;0;139975;0;0;0;0
FR;4;2021-05-12;10176;15;0;0;10179;0;0;0;0;150392;116;1;0;150154;0;0;0;0
FR;4;2021-05-13;1583;4;0;0;1584;0;0;0;0;151975;120;1;0;151738;0;0;0;0
FR;4;2021-05-14;7768;7;0;0;7762;0;0;0;0;159743;127;1;0;159500;0;0;0;0
FR;4;2021-05-15;3721;8;1;0;3720;0;0;0;0;163464;135;2;0;163220;0;0;0;0
FR;4;2021-05-16;417;1;0;0;417;0;0;0;0;163881;136;2;0;163637;0;0;0;0
FR;4;2021-05-17;4481;7;0;0;4480;0;0;0;0;168362;143;2;0;168117;0;0;0;0
FR;4;2021-05-18;8769;10;0;0;8769;0;0;0;0;177131;153;2;0;176886;0;0;0;0
FR;4;2021-05-19;5698;7;0;0;5700;0;0;0;0;182829;160;2;0;182586;0;0;0;0
FR;4;2021-05-20;9487;8;0;0;9479;0;0;0;0;192316;168;2;0;192065;0;0;0;0
FR;4;2021-05-21;12814;30;0;0;12821;0;0;0;0;205130;198;2;0;204886;0;0;0;0
FR;4;2021-05-22;5061;15;0;0;5068;0;0;0;0;210191;213;2;0;209954;0;0;0;0
FR;4;2021-05-23;497;4;0;0;500;0;0;0;0;210688;217;2;0;210454;0;0;0;0
FR;4;2021-05-24;1059;7;0;0;1063;0;0;0;0;211747;224;2;0;211517;0;0;0;0
FR;4;2021-05-25;7634;16;0;0;7640;0;0;0;0;219381;240;2;0;219157;0;0;0;0
FR;4;2021-05-26;7730;16;0;0;7739;0;0;0;0;227111;256;2;0;226896;0;0;0;0
FR;4;2021-05-27;14336;35;0;0;14345;0;0;0;0;241447;291;2;0;241241;0;0;0;0
FR;4;2021-05-28;26593;82;1;0;26634;0;0;0;0;268040;373;3;0;267875;0;0;0;0
FR;4;2021-05-29;11385;18;0;0;11385;0;0;0;0;279425;391;3;0;279260;0;0;0;0
FR;4;2021-05-30;974;7;0;0;973;0;0;0;0;280399;398;3;0;280233;0;0;0;0
FR;4;2021-05-31;12699;21;0;0;12699;0;0;0;0;293098;419;3;0;292932;0;0;0;0
FR;4;2021-06-01;20279;48;1;0;20297;0;0;0;0;313377;467;4;0;313229;0;0;0;0
FR;4;2021-06-02;14523;33;0;0;14536;0;0;0;0;327900;500;4;0;327765;0;0;0;0
FR;4;2021-06-03;19435;24;1;0;19433;0;0;0;0;347335;524;5;0;347198;0;0;0;0
FR;4;2021-06-04;22518;48;0;0;22536;0;0;0;0;369853;572;5;0;369734;0;0;0;0
FR;4;2021-06-05;9715;32;0;0;9719;0;0;0;0;379568;604;5;0;379453;0;0;0;0
FR;4;2021-06-06;1041;1;0;0;1037;0;0;0;0;380609;605;5;0;380490;0;0;0;0
FR;4;2021-06-07;9230;19;0;0;9237;0;0;0;0;389839;624;5;0;389727;0;0;0;0
FR;4;2021-06-08;14614;32;0;0;14626;0;0;0;0;404453;656;5;0;404353;0;0;0;0
FR;4;2021-06-09;12214;25;0;0;12222;0;0;0;0;416667;681;5;0;416575;0;0;0;0
FR;4;2021-06-10;15406;30;0;0;15414;0;0;0;0;432073;711;5;0;431989;0;0;0;0
FR;4;2021-06-11;16987;57;0;0;17014;0;0;0;0;449060;768;5;0;449003;0;0;0;0
FR;4;2021-06-12;7452;27;0;0;7477;0;0;0;0;456512;795;5;0;456480;0;0;0;0
FR;4;2021-06-13;908;3;0;0;910;0;0;0;0;457420;798;5;0;457390;0;0;0;0
FR;4;2021-06-14;6651;27;0;0;6661;0;0;0;0;464071;825;5;0;464051;0;0;0;0
FR;4;2021-06-15;10894;39;0;0;10911;0;0;0;0;474965;864;5;0;474962;0;0;0;0
FR;4;2021-06-16;8909;17;0;0;8917;0;0;0;0;483874;881;5;0;483879;0;0;0;0
FR;4;2021-06-17;10901;37;0;0;10913;0;0;0;0;494775;918;5;0;494792;0;0;0;0
FR;4;2021-06-18;12427;45;0;0;12454;0;0;0;0;507202;963;5;0;507246;0;0;0;0
FR;4;2021-06-19;5567;25;0;0;5587;0;0;0;0;512769;988;5;0;512833;0;0;0;0
FR;4;2021-06-20;827;5;0;0;831;0;0;0;0;513596;993;5;0;513664;0;0;0;0
FR;4;2021-06-21;5103;21;0;0;5103;0;0;0;0;518699;1014;5;0;518767;0;0;0;0
FR;4;2021-06-22;7914;29;2;0;7932;0;0;0;0;526613;1043;7;0;526699;0;0;0;0
FR;4;2021-06-23;7104;42;2;0;7131;0;0;0;0;533717;1085;9;0;533830;0;0;0;0
FR;4;2021-06-24;8655;46;1;0;8687;0;0;0;0;542372;1131;10;0;542517;0;0;0;0
FR;4;2021-06-25;10177;41;2;0;10209;0;0;0;0;552549;1172;12;0;552726;0;0;0;0
FR;4;2021-06-26;4853;21;0;0;4870;0;0;0;0;557402;1193;12;0;557596;0;0;0;0
FR;4;2021-06-27;768;4;0;0;770;0;0;0;0;558170;1197;12;0;558366;0;0;0;0
FR;4;2021-06-28;4834;16;1;0;4842;0;0;0;0;563004;1213;13;0;563208;0;0;0;0
FR;4;2021-06-29;7110;28;2;0;7119;0;0;0;0;570114;1241;15;0;570327;0;0;0;0
FR;4;2021-06-30;6726;40;2;0;6754;0;0;0;0;576840;1281;17;0;577081;0;0;0;0
FR;4;2021-07-01;8212;42;0;0;8234;0;0;0;0;585052;1323;17;0;585315;0;0;0;0
FR;4;2021-07-02;9429;53;1;0;9469;0;0;0;0;594481;1376;18;0;594784;0;0;0;0
FR;4;2021-07-03;4846;20;0;0;4861;0;0;0;0;599327;1396;18;0;599645;0;0;0;0
FR;4;2021-07-04;690;5;0;0;692;0;0;0;0;600017;1401;18;0;600337;0;0;0;0
FR;4;2021-07-05;4771;19;2;0;4782;0;0;0;0;604788;1420;20;0;605119;0;0;0;0
FR;4;2021-07-06;7728;29;4;0;7741;0;0;0;0;612516;1449;24;0;612860;0;0;0;0
FR;4;2021-07-07;7084;34;2;0;7097;0;0;0;0;619600;1483;26;0;619957;0;0;0;0
FR;4;2021-07-08;9232;40;2;0;9255;0;0;0;0;628832;1523;28;0;629212;0;0;0;0
FR;4;2021-07-09;10281;34;1;0;10304;0;0;0;0;639113;1557;29;0;639516;0;0;0;0
FR;4;2021-07-10;4639;14;2;0;4646;0;0;0;0;643752;1571;31;0;644162;0;0;0;0
FR;4;2021-07-11;583;4;1;0;581;0;0;0;0;644335;1575;32;0;644743;0;0;0;0
FR;4;2021-07-12;5877;29;0;0;5899;0;0;0;0;650212;1604;32;0;650642;0;0;0;0
FR;4;2021-07-13;14231;29;0;0;14249;0;0;0;0;664443;1633;32;0;664891;0;0;0;0
FR;4;2021-07-14;2291;15;0;0;2291;0;0;0;0;666734;1648;32;0;667182;0;0;0;0
FR;4;2021-07-15;18238;37;0;0;18255;0;0;0;0;684972;1685;32;0;685437;0;0;0;0
FR;4;2021-07-16;22837;71;2;0;22887;0;0;0;0;707809;1756;34;0;708324;0;0;0;0
FR;4;2021-07-17;9740;20;0;0;9749;0;0;0;0;717549;1776;34;0;718073;0;0;0;0
FR;4;2021-07-18;1358;5;0;0;1361;0;0;0;0;718907;1781;34;0;719434;0;0;0;0
FR;4;2021-07-19;12991;30;1;0;13016;0;0;0;0;731898;1811;35;0;732450;0;0;0;0
FR;4;2021-07-20;17343;26;1;0;17359;0;0;0;0;749241;1837;36;0;749809;0;0;0;0
FR;4;2021-07-21;15621;33;0;0;15641;0;0;0;0;764862;1870;36;0;765450;0;0;0;0
FR;4;2021-07-22;18246;44;2;0;18270;0;0;0;0;783108;1914;38;0;783720;0;0;0;0
FR;4;2021-07-23;20418;57;7;0;20451;0;0;0;0;803526;1971;45;0;804171;0;0;0;0
FR;4;2021-07-24;9289;33;0;0;9304;0;0;0;0;812815;2004;45;0;813475;0;0;0;0
FR;4;2021-07-25;1354;10;0;0;1356;0;0;0;0;814169;2014;45;0;814831;0;0;0;0
FR;4;2021-07-26;11043;23;0;0;11050;0;0;0;0;825212;2037;45;0;825881;0;0;0;0
FR;4;2021-07-27;14686;35;3;0;14706;0;0;0;0;839898;2072;48;0;840587;0;0;0;0
FR;4;2021-07-28;12933;26;2;0;12950;0;0;0;0;852831;2098;50;0;853537;0;0;0;0
FR;4;2021-07-29;14093;54;4;0;14134;0;0;0;0;866924;2152;54;0;867671;0;0;0;0
FR;4;2021-07-30;15502;46;2;0;15533;0;0;0;0;882426;2198;56;0;883204;0;0;0;0
FR;4;2021-07-31;6845;14;2;0;6855;0;0;0;0;889271;2212;58;0;890059;0;0;0;0
FR;4;2021-08-01;906;1;0;0;901;0;0;0;0;890177;2213;58;0;890960;0;0;0;0
FR;4;2021-08-02;7918;31;0;0;7919;0;0;0;0;898095;2244;58;0;898879;0;0;0;0
FR;4;2021-08-03;10802;31;2;0;10798;0;0;0;0;908897;2275;60;0;909677;0;0;0;0
FR;4;2021-08-04;9748;29;0;0;9747;0;0;0;0;918645;2304;60;0;919424;0;0;0;0
FR;4;2021-08-05;9827;42;0;0;9833;0;0;0;0;928472;2346;60;0;929257;0;0;0;0
FR;4;2021-08-06;10201;30;3;0;10198;0;0;0;0;938673;2376;63;0;939455;0;0;0;0
FR;4;2021-08-07;5100;30;1;0;5116;0;0;0;0;943773;2406;64;0;944571;0;0;0;0
FR;4;2021-08-08;1221;13;0;0;1224;0;0;0;0;944994;2419;64;0;945795;0;0;0;0
FR;4;2021-08-09;6350;31;0;0;6343;0;0;0;0;951344;2450;64;0;952138;0;0;0;0
FR;4;2021-08-10;8753;18;0;0;8724;0;0;0;0;960097;2468;64;0;960862;0;0;0;0
FR;4;2021-08-11;7944;34;4;0;7933;0;0;0;0;968041;2502;68;0;968795;0;0;0;0
FR;4;2021-08-12;8585;31;1;0;8573;0;0;0;0;976626;2533;69;0;977368;0;0;0;0
FR;4;2021-08-13;7559;25;0;1;7546;0;0;0;0;984185;2558;69;1;984914;0;0;0;0
FR;4;2021-08-14;3791;20;0;0;3775;0;0;0;0;987976;2578;69;1;988689;0;0;0;0
FR;4;2021-08-15;771;5;0;0;773;0;0;0;0;988747;2583;69;1;989462;0;0;0;0
FR;4;2021-08-16;4009;17;0;0;4003;0;0;0;0;992756;2600;69;1;993465;0;0;0;0
FR;4;2021-08-17;5630;17;1;0;5620;0;0;0;0;998386;2617;70;1;999085;0;0;0;0
FR;4;2021-08-18;5169;37;0;0;5186;0;0;0;0;1003555;2654;70;1;1004271;0;0;0;0
FR;4;2021-08-19;5487;34;3;0;5501;0;0;0;0;1009042;2688;73;1;1009772;0;0;0;0
FR;4;2021-08-20;5225;25;1;0;5235;0;0;0;0;1014267;2713;74;1;1015007;0;0;0;0
FR;4;2021-08-21;2311;22;1;0;2327;0;0;0;0;1016578;2735;75;1;1017334;0;0;0;0
FR;4;2021-08-22;414;2;0;0;415;0;0;0;0;1016992;2737;75;1;1017749;0;0;0;0
FR;4;2021-08-23;2934;20;1;0;2941;0;0;0;0;1019926;2757;76;1;1020690;0;0;0;0
FR;4;2021-08-24;3758;15;0;0;3761;0;0;0;0;1023684;2772;76;1;1024451;0;0;0;0
FR;4;2021-08-25;3545;25;1;0;3561;0;0;0;0;1027229;2797;77;1;1028012;0;0;0;0
FR;4;2021-08-26;3715;21;2;0;3727;0;0;0;0;1030944;2818;79;1;1031739;0;0;0;0
FR;4;2021-08-27;3617;31;2;0;3635;0;0;0;0;1034561;2849;81;1;1035374;0;0;0;0
FR;4;2021-08-28;1730;10;1;0;1735;0;0;0;0;1036291;2859;82;1;1037109;0;0;0;0
FR;4;2021-08-29;385;7;1;0;389;0;0;0;0;1036676;2866;83;1;1037498;0;0;0;0
FR;4;2021-08-30;2010;25;0;0;2018;16;0;0;0;1038686;2891;83;1;1039516;16;0;0;0
FR;4;2021-08-31;2486;21;0;0;2493;14;0;0;0;1041172;2912;83;1;1042009;30;0;0;0
FR;4;2021-09-01;2085;38;1;0;2097;21;0;0;0;1043257;2950;84;1;1044106;51;0;0;0
FR;4;2021-09-02;2307;31;4;0;2320;18;0;0;0;1045564;2981;88;1;1046426;69;0;0;0
FR;4;2021-09-03;2364;44;5;0;2373;36;0;0;0;1047928;3025;93;1;1048799;105;0;0;0
FR;4;2021-09-04;1374;18;0;0;1381;9;0;0;0;1049302;3043;93;1;1050180;114;0;0;0
FR;4;2021-09-05;433;2;0;0;433;2;0;0;0;1049735;3045;93;1;1050613;116;0;0;0
FR;4;2021-09-06;1713;62;0;0;1750;24;0;0;0;1051448;3107;93;1;1052363;140;0;0;0
FR;4;2021-09-07;1680;18;0;0;1689;8;0;0;0;1053128;3125;93;1;1054052;148;0;0;0
FR;4;2021-09-08;1286;26;3;0;1291;19;0;0;0;1054414;3151;96;1;1055343;167;0;0;0
FR;4;2021-09-09;1392;23;2;0;1402;9;0;0;0;1055806;3174;98;1;1056745;176;0;0;0
FR;4;2021-09-10;1521;31;2;0;1525;23;1;0;0;1057327;3205;100;1;1058270;199;1;0;0
FR;4;2021-09-11;745;11;0;0;748;3;0;0;0;1058072;3216;100;1;1059018;202;1;0;0
FR;4;2021-09-12;169;4;0;0;170;3;0;0;0;1058241;3220;100;1;1059188;205;1;0;0
FR;4;2021-09-13;1324;22;1;0;1327;16;0;0;0;1059565;3242;101;1;1060515;221;1;0;0
FR;4;2021-09-14;1503;9;2;0;1505;7;0;0;0;1061068;3251;103;1;1062020;228;1;0;0
FR;4;2021-09-15;1095;28;1;0;1098;25;0;0;0;1062163;3279;104;1;1063118;253;1;0;0
FR;4;2021-09-16;1105;22;2;0;1109;15;0;0;0;1063268;3301;106;1;1064227;268;1;0;0
FR;4;2021-09-17;897;21;1;0;904;12;0;0;0;1064165;3322;107;1;1065131;280;1;0;0
FR;4;2021-09-18;464;7;1;0;465;6;0;0;0;1064629;3329;108;1;1065596;286;1;0;0
FR;4;2021-09-19;182;3;0;0;183;2;0;0;0;1064811;3332;108;1;1065779;288;1;0;0
FR;4;2021-09-20;452;19;0;0;458;13;0;0;0;1065263;3351;108;1;1066237;301;1;0;0
FR;4;2021-09-21;432;11;0;0;434;7;0;0;0;1065695;3362;108;1;1066671;308;1;0;0
FR;4;2021-09-22;376;19;2;0;383;13;0;0;0;1066071;3381;110;1;1067054;321;1;0;0
FR;4;2021-09-23;485;15;1;0;486;14;0;0;0;1066556;3396;111;1;1067540;335;1;0;0
FR;4;2021-09-24;414;13;2;0;418;9;0;0;0;1066970;3409;113;1;1067958;344;1;0;0
FR;4;2021-09-25;280;10;1;0;281;5;0;0;0;1067250;3419;114;1;1068239;349;1;0;0
FR;4;2021-09-26;74;2;0;0;75;1;0;0;0;1067324;3421;114;1;1068314;350;1;0;0
FR;4;2021-09-27;269;10;1;0;270;8;0;0;0;1067593;3431;115;1;1068584;358;1;0;0
FR;4;2021-09-28;319;8;0;0;319;8;0;0;0;1067912;3439;115;1;1068903;366;1;0;0
FR;4;2021-09-29;378;19;1;0;380;13;0;0;0;1068290;3458;116;1;1069283;379;1;0;0
FR;4;2021-09-30;365;41;0;0;379;22;0;0;0;1068655;3499;116;1;1069662;401;1;0;0
FR;4;2021-10-01;411;56;0;0;413;50;0;0;0;1069066;3555;116;1;1070075;451;1;0;0
FR;4;2021-10-02;196;22;1;0;198;13;0;0;0;1069262;3577;117;1;1070273;464;1;0;0
FR;4;2021-10-03;86;1;0;0;87;0;0;0;0;1069348;3578;117;1;1070360;464;1;0;0
FR;4;2021-10-04;363;20;1;0;367;16;0;0;0;1069711;3598;118;1;1070727;480;1;0;0
FR;4;2021-10-05;286;19;2;0;288;15;0;0;0;1069997;3617;120;1;1071015;495;1;0;0
FR;4;2021-10-06;249;23;1;0;254;18;0;0;0;1070246;3640;121;1;1071269;513;1;0;0
FR;4;2021-10-07;267;25;2;0;272;13;0;0;0;1070513;3665;123;1;1071541;526;1;0;0
FR;4;2021-10-08;357;24;2;0;360;20;0;0;0;1070870;3689;125;1;1071901;546;1;0;0
FR;4;2021-10-09;194;6;6;0;195;7;0;0;0;1071064;3695;131;1;1072096;553;1;0;0
FR;4;2021-10-10;97;3;2;0;99;3;0;0;0;1071161;3698;133;1;1072195;556;1;0;0
FR;4;2021-10-11;251;15;1;0;252;14;0;0;0;1071412;3713;134;1;1072447;570;1;0;0
FR;4;2021-10-12;211;14;0;0;211;13;0;0;0;1071623;3727;134;1;1072658;583;1;0;0
FR;4;2021-10-13;221;28;1;0;224;25;0;0;0;1071844;3755;135;1;1072882;608;1;0;0
FR;4;2021-10-14;315;21;4;0;319;15;0;0;0;1072159;3776;139;1;1073201;623;1;0;0
FR;4;2021-10-15;322;24;5;0;323;25;0;0;0;1072481;3800;144;1;1073524;648;1;0;0
FR;4;2021-10-16;166;6;2;0;166;6;0;0;0;1072647;3806;146;1;1073690;654;1;0;0
FR;4;2021-10-17;70;2;0;0;71;1;0;0;0;1072717;3808;146;1;1073761;655;1;0;0
FR;4;2021-10-18;281;16;1;0;283;13;0;0;0;1072998;3824;147;1;1074044;668;1;0;0
FR;4;2021-10-19;216;14;2;0;216;15;0;0;0;1073214;3838;149;1;1074260;683;1;0;0
FR;4;2021-10-20;231;27;4;0;234;15;0;0;0;1073445;3865;153;1;1074494;698;1;0;0
FR;4;2021-10-21;243;18;0;0;245;14;0;0;0;1073688;3883;153;1;1074739;712;1;0;0
FR;4;2021-10-22;217;25;2;0;219;20;1;0;0;1073905;3908;155;1;1074958;732;2;0;0
FR;4;2021-10-23;117;16;1;0;118;15;0;0;0;1074022;3924;156;1;1075076;747;2;0;0
FR;4;2021-10-24;39;4;0;0;39;1;0;0;0;1074061;3928;156;1;1075115;748;2;0;0
FR;4;2021-10-25;218;7;2;0;218;9;0;0;0;1074279;3935;158;1;1075333;757;2;0;0
FR;4;2021-10-26;200;14;0;0;202;12;0;0;0;1074479;3949;158;1;1075535;769;2;0;0
FR;4;2021-10-27;196;12;4;0;196;12;2;0;0;1074675;3961;162;1;1075731;781;4;0;0
FR;4;2021-10-28;186;18;5;0;186;22;0;0;0;1074861;3979;167;1;1075917;803;4;0;0
FR;4;2021-10-29;225;17;2;0;226;15;0;0;0;1075086;3996;169;1;1076143;818;4;0;0
FR;4;2021-10-30;103;2;1;0;104;2;0;0;0;1075189;3998;170;1;1076247;820;4;0;0
FR;4;2021-10-31;59;3;2;0;60;3;0;0;0;1075248;4001;172;1;1076307;823;4;0;0
FR;4;2021-11-01;75;27;4;0;76;24;3;0;0;1075323;4028;176;1;1076383;847;7;0;0
FR;4;2021-11-02;162;21;2;0;163;21;0;0;0;1075485;4049;178;1;1076546;868;7;0;0
FR;4;2021-11-03;132;21;8;1;133;19;6;0;0;1075617;4070;186;2;1076679;887;13;0;0
FR;4;2021-11-04;187;15;1;0;188;12;1;0;0;1075804;4085;187;2;1076867;899;14;0;0
FR;4;2021-11-05;130;17;1;0;131;16;0;0;0;1075934;4102;188;2;1076998;915;14;0;0
FR;4;2021-11-06;81;6;1;0;81;6;0;0;0;1076015;4108;189;2;1077079;921;14;0;0
FR;4;2021-11-07;81;2;2;0;81;4;0;0;0;1076096;4110;191;2;1077160;925;14;0;0
FR;4;2021-11-08;161;20;1;0;162;20;0;0;0;1076257;4130;192;2;1077322;945;14;0;0
FR;4;2021-11-09;158;14;3;0;158;16;0;0;0;1076415;4144;195;2;1077480;961;14;0;0
FR;4;2021-11-10;121;30;6;0;121;32;2;0;0;1076536;4174;201;2;1077601;993;16;0;0
FR;4;2021-11-11;100;10;1;0;100;11;0;0;0;1076636;4184;202;2;1077701;1004;16;0;0
FR;4;2021-11-12;106;19;2;0;107;18;1;0;0;1076742;4203;204;2;1077808;1022;17;0;0
FR;4;2021-11-13;74;15;2;0;75;14;0;0;0;1076816;4218;206;2;1077883;1036;17;0;0
FR;4;2021-11-14;55;5;4;0;56;8;0;0;0;1076871;4223;210;2;1077939;1044;17;0;0
FR;4;2021-11-15;99;26;2;0;101;24;2;0;0;1076970;4249;212;2;1078040;1068;19;0;0
FR;4;2021-11-16;108;14;3;0;108;17;0;0;0;1077078;4263;215;2;1078148;1085;19;0;0
FR;4;2021-11-17;120;30;4;0;120;30;1;0;0;1077198;4293;219;2;1078268;1115;20;0;0
FR;4;2021-11-18;103;34;14;0;105;43;1;0;0;1077301;4327;233;2;1078373;1158;21;0;0
FR;4;2021-11-19;88;21;3;0;88;22;1;0;0;1077389;4348;236;2;1078461;1180;22;0;0
FR;4;2021-11-20;77;8;1;0;77;8;0;0;0;1077466;4356;237;2;1078538;1188;22;0;0
FR;4;2021-11-21;69;7;2;0;69;9;0;0;0;1077535;4363;239;2;1078607;1197;22;0;0
FR;4;2021-11-22;109;28;9;0;110;33;2;0;0;1077644;4391;248;2;1078717;1230;24;0;0
FR;4;2021-11-23;78;31;6;0;79;29;2;0;0;1077722;4422;254;2;1078796;1259;26;0;0
FR;4;2021-11-24;90;23;11;0;92;24;4;0;0;1077812;4445;265;2;1078888;1283;30;0;0
FR;4;2021-11-25;93;28;17;0;94;33;5;0;0;1077905;4473;282;2;1078982;1316;35;0;0
FR;4;2021-11-26;85;43;12;0;89;45;3;0;0;1077990;4516;294;2;1079071;1361;38;0;0
FR;4;2021-11-27;41;22;15;0;41;25;10;0;0;1078031;4538;309;2;1079112;1386;48;0;0
FR;4;2021-11-28;50;8;0;0;51;7;0;0;0;1078081;4546;309;2;1079163;1393;48;0;0
FR;4;2021-11-29;90;31;16;0;90;40;2;0;0;1078171;4577;325;2;1079253;1433;50;0;0
FR;4;2021-11-30;75;37;13;0;75;42;2;0;0;1078246;4614;338;2;1079328;1475;52;0;0
FR;4;2021-12-01;88;60;19;0;88;67;11;0;0;1078334;4674;357;2;1079416;1542;63;0;0
FR;4;2021-12-02;111;48;21;0;115;56;3;0;0;1078445;4722;378;2;1079531;1598;66;0;0
FR;4;2021-12-03;103;36;15;0;103;44;4;0;0;1078548;4758;393;2;1079634;1642;70;0;0
FR;4;2021-12-04;72;31;18;0;74;44;1;0;0;1078620;4789;411;2;1079708;1686;71;0;0
FR;4;2021-12-05;63;7;1;0;64;7;0;0;0;1078683;4796;412;2;1079772;1693;71;0;0
FR;4;2021-12-06;110;46;19;0;110;59;3;0;0;1078793;4842;431;2;1079882;1752;74;0;0
FR;4;2021-12-07;84;37;9;0;87;36;3;0;0;1078877;4879;440;2;1079969;1788;77;0;0
FR;4;2021-12-08;71;31;17;0;73;38;7;0;0;1078948;4910;457;2;1080042;1826;84;0;0
FR;4;2021-12-09;65;32;10;1;65;39;3;0;0;1079013;4942;467;3;1080107;1865;87;0;0
FR;4;2021-12-10;63;64;20;0;64;68;10;0;0;1079076;5006;487;3;1080171;1933;97;0;0
FR;4;2021-12-11;29;34;7;0;29;34;3;0;0;1079105;5040;494;3;1080200;1967;100;0;0
FR;4;2021-12-12;29;12;3;0;29;15;0;0;0;1079134;5052;497;3;1080229;1982;100;0;0
FR;4;2021-12-13;75;41;14;0;77;50;2;0;0;1079209;5093;511;3;1080306;2032;102;0;0
FR;4;2021-12-14;61;43;17;0;62;54;2;0;0;1079270;5136;528;3;1080368;2086;104;0;0
FR;4;2021-12-15;68;64;29;0;68;85;6;0;0;1079338;5200;557;3;1080436;2171;110;0;0
FR;4;2021-12-16;34;45;19;0;35;58;4;0;0;1079372;5245;576;3;1080471;2229;114;0;0
FR;4;2021-12-17;39;55;11;0;39;59;6;0;0;1079411;5300;587;3;1080510;2288;120;0;0
FR;4;2021-12-18;49;30;2;0;50;31;0;0;0;1079460;5330;589;3;1080560;2319;120;0;0
FR;4;2021-12-19;16;4;1;0;17;4;0;0;0;1079476;5334;590;3;1080577;2323;120;0;0
FR;4;2021-12-20;44;38;10;0;45;41;6;0;0;1079520;5372;600;3;1080622;2364;126;0;0
FR;4;2021-12-21;31;32;17;0;33;39;5;0;0;1079551;5404;617;3;1080655;2403;131;0;0
FR;4;2021-12-22;37;38;10;0;38;38;7;0;0;1079588;5442;627;3;1080693;2441;138;0;0
FR;4;2021-12-23;40;45;8;0;40;49;2;0;0;1079628;5487;635;3;1080733;2490;140;0;0
FR;4;2021-12-24;23;28;10;0;25;31;4;0;0;1079651;5515;645;3;1080758;2521;144;0;0
FR;4;2021-12-25;7;3;3;0;7;4;2;0;0;1079658;5518;648;3;1080765;2525;146;0;0
FR;4;2021-12-26;5;3;1;0;6;2;0;0;0;1079663;5521;649;3;1080771;2527;146;0;0
FR;4;2021-12-27;31;41;9;0;32;43;4;0;0;1079694;5562;658;3;1080803;2570;150;0;0
FR;4;2021-12-28;27;28;7;0;29;29;4;0;0;1079721;5590;665;3;1080832;2599;154;0;0
FR;4;2021-12-29;56;25;11;0;57;30;5;0;0;1079777;5615;676;3;1080889;2629;159;0;0
FR;4;2021-12-30;48;19;12;0;51;22;5;0;0;1079825;5634;688;3;1080940;2651;164;0;0
FR;4;2021-12-31;19;6;8;0;20;11;2;0;0;1079844;5640;696;3;1080960;2662;166;0;0
FR;4;2022-01-01;6;4;5;0;6;7;1;0;0;1079850;5644;701;3;1080966;2669;167;0;0
FR;4;2022-01-02;42;5;16;0;42;20;1;0;0;1079892;5649;717;3;1081008;2689;168;0;0
FR;4;2022-01-03;44;55;23;1;46;63;10;0;0;1079936;5704;740;4;1081054;2752;178;0;0
FR;4;2022-01-04;37;28;15;0;38;33;7;0;0;1079973;5732;755;4;1081092;2785;185;0;0
FR;4;2022-01-05;51;24;19;0;57;27;9;0;0;1080024;5756;774;4;1081149;2812;194;0;0
FR;4;2022-01-06;49;23;24;0;49;39;8;0;0;1080073;5779;798;4;1081198;2851;202;0;0
FR;4;2022-01-07;31;20;16;0;33;21;12;0;0;1080104;5799;814;4;1081231;2872;214;0;0
FR;4;2022-01-08;13;6;10;0;14;12;3;0;0;1080117;5805;824;4;1081245;2884;217;0;0
FR;4;2022-01-09;19;2;3;0;20;4;0;0;0;1080136;5807;827;4;1081265;2888;217;0;0
FR;4;2022-01-10;51;22;19;0;51;36;4;0;0;1080187;5829;846;4;1081316;2924;221;0;0
FR;4;2022-01-11;29;31;12;0;33;35;1;0;0;1080216;5860;858;4;1081349;2959;222;0;0
FR;4;2022-01-12;34;21;13;0;36;23;9;0;0;1080250;5881;871;4;1081385;2982;231;0;0
FR;4;2022-01-13;55;20;27;0;56;38;8;0;0;1080305;5901;898;4;1081441;3020;239;0;0
FR;4;2022-01-14;24;30;13;0;25;33;7;0;0;1080329;5931;911;4;1081466;3053;246;0;0
FR;4;2022-01-15;13;6;8;0;14;12;1;0;0;1080342;5937;919;4;1081480;3065;247;0;0
FR;4;2022-01-16;12;9;14;0;12;22;1;0;0;1080354;5946;933;4;1081492;3087;248;0;0
FR;4;2022-01-17;27;19;13;0;27;26;5;0;0;1080381;5965;946;4;1081519;3113;253;0;0
FR;4;2022-01-18;17;13;10;0;17;20;3;0;0;1080398;5978;956;4;1081536;3133;256;0;0
FR;4;2022-01-19;32;23;13;0;32;34;1;0;0;1080430;6001;969;4;1081568;3167;257;0;0
FR;4;2022-01-20;33;34;13;0;35;39;5;0;0;1080463;6035;982;4;1081603;3206;262;0;0
FR;4;2022-01-21;11;12;20;1;11;17;15;0;1;1080474;6047;1002;5;1081614;3223;277;0;1
FR;4;2022-01-22;30;13;3;0;30;14;2;0;0;1080504;6060;1005;5;1081644;3237;279;0;1
FR;4;2022-01-23;8;2;5;0;8;7;0;0;0;1080512;6062;1010;5;1081652;3244;279;0;1
FR;4;2022-01-24;14;21;8;0;15;27;1;0;0;1080526;6083;1018;5;1081667;3271;280;0;1
FR;4;2022-01-25;22;32;10;1;23;38;3;0;0;1080548;6115;1028;6;1081690;3309;283;0;1
FR;4;2022-01-26;19;17;9;1;20;21;4;0;0;1080567;6132;1037;7;1081710;3330;287;0;1
FR;4;2022-01-27;21;18;8;0;22;24;1;0;0;1080588;6150;1045;7;1081732;3354;288;0;1
FR;4;2022-01-28;13;23;8;0;14;26;4;0;0;1080601;6173;1053;7;1081746;3380;292;0;1
FR;4;2022-01-29;17;6;5;0;17;10;0;0;0;1080618;6179;1058;7;1081763;3390;292;0;1
FR;4;2022-01-30;18;3;2;0;18;5;0;0;0;1080636;6182;1060;7;1081781;3395;292;0;1
FR;4;2022-01-31;22;28;8;0;22;32;2;0;0;1080658;6210;1068;7;1081803;3427;294;0;1
FR;4;2022-02-01;13;24;12;0;15;24;9;0;0;1080671;6234;1080;7;1081818;3451;303;0;1
FR;4;2022-02-02;18;11;14;2;18;20;7;0;0;1080689;6245;1094;9;1081836;3471;310;0;1
FR;4;2022-02-03;15;24;10;0;17;28;4;0;0;1080704;6269;1104;9;1081853;3499;314;0;1
FR;4;2022-02-04;7;5;7;0;7;9;3;0;0;1080711;6274;1111;9;1081860;3508;317;0;1
FR;4;2022-02-05;7;14;1;0;8;13;1;0;0;1080718;6288;1112;9;1081868;3521;318;0;1
FR;4;2022-02-06;7;4;4;0;7;7;1;0;0;1080725;6292;1116;9;1081875;3528;319;0;1
FR;4;2022-02-07;15;19;8;0;17;19;6;0;0;1080740;6311;1124;9;1081892;3547;325;0;1
FR;4;2022-02-08;19;21;13;1;21;22;10;0;0;1080759;6332;1137;10;1081913;3569;335;0;1
FR;4;2022-02-09;17;12;9;0;18;17;2;0;0;1080776;6344;1146;10;1081931;3586;337;0;1
FR;4;2022-02-10;23;23;10;0;24;25;7;0;0;1080799;6367;1156;10;1081955;3611;344;0;1
FR;4;2022-02-11;18;15;8;0;18;20;3;0;0;1080817;6382;1164;10;1081973;3631;347;0;1
FR;4;2022-02-12;24;6;3;0;26;7;0;0;0;1080841;6388;1167;10;1081999;3638;347;0;1
FR;4;2022-02-13;7;3;3;0;7;6;0;0;0;1080848;6391;1170;10;1082006;3644;347;0;1
FR;4;2022-02-14;20;10;10;0;20;16;4;0;0;1080868;6401;1180;10;1082026;3660;351;0;1
FR;4;2022-02-15;18;7;2;0;18;8;0;0;0;1080886;6408;1182;10;1082044;3668;351;0;1
FR;4;2022-02-16;16;10;11;0;16;17;3;0;0;1080902;6418;1193;10;1082060;3685;354;0;1
FR;4;2022-02-17;11;4;5;0;11;7;2;0;0;1080913;6422;1198;10;1082071;3692;356;0;1
FR;4;2022-02-18;16;15;8;0;16;21;2;0;0;1080929;6437;1206;10;1082087;3713;358;0;1
FR;4;2022-02-19;16;4;2;0;17;5;0;0;0;1080945;6441;1208;10;1082104;3718;358;0;1
FR;4;2022-02-20;8;3;0;0;9;2;0;0;0;1080953;6444;1208;10;1082113;3720;358;0;1
FR;4;2022-02-21;23;4;4;0;23;6;2;0;0;1080976;6448;1212;10;1082136;3726;360;0;1
FR;4;2022-02-22;8;5;10;0;9;10;4;0;0;1080984;6453;1222;10;1082145;3736;364;0;1
FR;4;2022-02-23;17;6;10;0;17;10;5;0;0;1081001;6459;1232;10;1082162;3746;369;0;1
FR;4;2022-02-24;11;5;4;0;11;7;2;0;0;1081012;6464;1236;10;1082173;3753;371;0;1
FR;4;2022-02-25;16;5;7;0;16;6;6;0;0;1081028;6469;1243;10;1082189;3759;377;0;1
FR;4;2022-02-26;27;3;0;0;27;3;0;0;0;1081055;6472;1243;10;1082216;3762;377;0;1
FR;4;2022-02-27;9;0;1;0;9;1;0;0;0;1081064;6472;1244;10;1082225;3763;377;0;1
FR;4;2022-02-28;18;3;2;0;19;3;1;0;0;1081082;6475;1246;10;1082244;3766;378;0;1
FR;4;2022-03-01;8;4;7;0;8;5;5;0;0;1081090;6479;1253;10;1082252;3771;383;0;1
FR;4;2022-03-02;16;2;5;0;16;6;1;0;0;1081106;6481;1258;10;1082268;3777;384;0;1
FR;4;2022-03-03;17;5;3;0;17;6;1;0;0;1081123;6486;1261;10;1082285;3783;385;0;1
FR;4;2022-03-04;7;8;2;1;7;6;3;0;0;1081130;6494;1263;11;1082292;3789;388;0;1
FR;4;2022-03-05;9;2;0;0;9;2;0;0;0;1081139;6496;1263;11;1082301;3791;388;0;1
FR;4;2022-03-06;4;0;1;0;4;1;0;0;0;1081143;6496;1264;11;1082305;3792;388;0;1
FR;4;2022-03-07;10;6;2;0;10;5;2;0;0;1081153;6502;1266;11;1082315;3797;390;0;1
FR;4;2022-03-08;15;3;0;0;15;3;0;0;0;1081168;6505;1266;11;1082330;3800;390;0;1
FR;4;2022-03-09;9;7;2;0;11;7;0;0;0;1081177;6512;1268;11;1082341;3807;390;0;1
FR;4;2022-03-10;5;1;6;0;5;3;4;0;0;1081182;6513;1274;11;1082346;3810;394;0;1
FR;4;2022-03-11;10;4;5;0;12;2;5;0;0;1081192;6517;1279;11;1082358;3812;399;0;1
FR;4;2022-03-12;10;2;0;0;11;0;0;0;0;1081202;6519;1279;11;1082369;3812;399;0;1
FR;4;2022-03-13;6;2;1;0;7;2;0;0;0;1081208;6521;1280;11;1082376;3814;399;0;1
FR;4;2022-03-14;4;3;1;0;5;3;0;0;0;1081212;6524;1281;11;1082381;3817;399;0;1
FR;4;2022-03-15;8;6;3;0;10;5;2;0;0;1081220;6530;1284;11;1082391;3822;401;0;1
FR;4;2022-03-16;7;3;3;0;7;3;3;0;0;1081227;6533;1287;11;1082398;3825;404;0;1
FR;4;2022-03-17;3;4;1;0;3;5;0;0;0;1081230;6537;1288;11;1082401;3830;404;0;1
FR;4;2022-03-18;9;3;0;0;9;3;0;0;0;1081239;6540;1288;11;1082410;3833;404;0;1
FR;4;2022-03-19;1;1;1;0;1;2;0;0;0;1081240;6541;1289;11;1082411;3835;404;0;1
FR;4;2022-03-20;2;0;2;0;2;1;1;0;0;1081242;6541;1291;11;1082413;3836;405;0;1
FR;4;2022-03-21;6;4;1;0;6;5;0;0;0;1081248;6545;1292;11;1082419;3841;405;0;1
FR;4;2022-03-22;4;2;2;0;4;3;1;0;0;1081252;6547;1294;11;1082423;3844;406;0;1
FR;4;2022-03-23;6;4;5;0;6;8;1;0;0;1081258;6551;1299;11;1082429;3852;407;0;1
FR;4;2022-03-24;2;5;3;1;2;7;2;0;0;1081260;6556;1302;12;1082431;3859;409;0;1
FR;4;2022-03-25;3;1;2;0;3;1;2;0;0;1081263;6557;1304;12;1082434;3860;411;0;1
FR;4;2022-03-26;5;5;0;0;5;5;0;0;0;1081268;6562;1304;12;1082439;3865;411;0;1
FR;4;2022-03-27;1;0;3;0;1;2;1;0;0;1081269;6562;1307;12;1082440;3867;412;0;1
FR;4;2022-03-28;6;1;3;0;7;3;0;0;0;1081275;6563;1310;12;1082447;3870;412;0;1
FR;4;2022-03-29;9;0;4;1;9;0;2;0;0;1081284;6563;1314;13;1082456;3870;414;0;1
FR;4;2022-03-30;3;4;0;0;3;4;0;0;0;1081287;6567;1314;13;1082459;3874;414;0;1
FR;4;2022-03-31;3;3;2;1;3;4;1;0;0;1081290;6570;1316;14;1082462;3878;415;0;1
FR;4;2022-04-01;15;3;5;0;15;6;2;0;0;1081305;6573;1321;14;1082477;3884;417;0;1
FR;4;2022-04-02;4;4;0;0;5;3;0;0;0;1081309;6577;1321;14;1082482;3887;417;0;1
FR;4;2022-04-03;0;1;0;0;0;1;0;0;0;1081309;6578;1321;14;1082482;3888;417;0;1
FR;4;2022-04-04;4;4;4;0;5;5;2;0;0;1081313;6582;1325;14;1082487;3893;419;0;1
FR;4;2022-04-05;4;3;2;1;5;3;2;0;0;1081317;6585;1327;15;1082492;3896;421;0;1
FR;4;2022-04-06;6;1;0;0;6;1;0;0;0;1081323;6586;1327;15;1082498;3897;421;0;1
FR;4;2022-04-07;3;2;3;2;3;5;0;0;0;1081326;6588;1330;17;1082501;3902;421;0;1
FR;4;2022-04-08;4;2;1;0;4;2;1;0;0;1081330;6590;1331;17;1082505;3904;422;0;1
FR;4;2022-04-09;0;0;1;1;0;1;1;0;0;1081330;6590;1332;18;1082505;3905;423;0;1
FR;4;2022-04-10;2;2;0;0;2;2;0;0;0;1081332;6592;1332;18;1082507;3907;423;0;1
FR;4;2022-04-11;4;3;4;0;4;5;2;0;0;1081336;6595;1336;18;1082511;3912;425;0;1
FR;4;2022-04-12;5;1;4;0;5;2;3;0;0;1081341;6596;1340;18;1082516;3914;428;0;1
FR;4;2022-04-13;5;8;2;0;5;10;0;0;0;1081346;6604;1342;18;1082521;3924;428;0;1
FR;4;2022-04-14;6;4;2;1;7;5;1;0;0;1081352;6608;1344;19;1082528;3929;429;0;1
FR;4;2022-04-15;7;9;1;0;7;10;0;0;0;1081359;6617;1345;19;1082535;3939;429;0;1
FR;4;2022-04-16;1;0;0;0;1;0;0;0;0;1081360;6617;1345;19;1082536;3939;429;0;1
FR;4;2022-04-17;3;2;1;0;3;3;0;0;0;1081363;6619;1346;19;1082539;3942;429;0;1
FR;4;2022-04-18;2;2;6;0;2;4;4;0;0;1081365;6621;1352;19;1082541;3946;433;0;1
FR;4;2022-04-19;2;0;1;0;2;0;1;0;0;1081367;6621;1353;19;1082543;3946;434;0;1
FR;4;2022-04-20;15;4;1;1;16;3;1;0;0;1081382;6625;1354;20;1082559;3949;435;0;1
FR;4;2022-04-21;7;1;0;0;7;1;0;0;0;1081389;6626;1354;20;1082566;3950;435;0;1
FR;4;2022-04-22;1;1;2;0;1;2;1;0;0;1081390;6627;1356;20;1082567;3952;436;0;1
FR;4;2022-04-23;2;3;3;0;2;6;0;0;0;1081392;6630;1359;20;1082569;3958;436;0;1
FR;4;2022-04-24;0;3;0;0;0;3;0;0;0;1081392;6633;1359;20;1082569;3961;436;0;1
FR;4;2022-04-25;3;5;3;0;3;8;0;0;0;1081395;6638;1362;20;1082572;3969;436;0;1
FR;4;2022-04-26;5;6;1;0;5;6;1;0;0;1081400;6644;1363;20;1082577;3975;437;0;1
FR;4;2022-04-27;4;1;1;1;5;1;1;0;0;1081404;6645;1364;21;1082582;3976;438;0;1
FR;4;2022-04-28;3;5;5;1;3;7;4;0;0;1081407;6650;1369;22;1082585;3983;442;0;1
FR;4;2022-04-29;6;3;0;0;6;2;0;0;0;1081413;6653;1369;22;1082591;3985;442;0;1
FR;4;2022-04-30;2;1;1;0;2;2;0;0;0;1081415;6654;1370;22;1082593;3987;442;0;1
FR;4;2022-05-01;0;0;0;0;0;0;0;0;0;1081415;6654;1370;22;1082593;3987;442;0;1
FR;4;2022-05-02;5;16;6;0;5;19;3;0;0;1081420;6670;1376;22;1082598;4006;445;0;1
FR;4;2022-05-03;2;6;2;0;2;7;1;0;0;1081422;6676;1378;22;1082600;4013;446;0;1
FR;4;2022-05-04;7;4;1;0;7;4;1;0;0;1081429;6680;1379;22;1082607;4017;447;0;1
FR;4;2022-05-05;3;2;1;1;4;1;2;0;0;1081432;6682;1380;23;1082611;4018;449;0;1
FR;4;2022-05-06;5;3;1;0;6;2;1;0;0;1081437;6685;1381;23;1082617;4020;450;0;1
FR;4;2022-05-07;0;0;0;0;0;0;0;0;0;1081437;6685;1381;23;1082617;4020;450;0;1
FR;4;2022-05-08;1;1;0;0;1;1;0;0;0;1081438;6686;1381;23;1082618;4021;450;0;1
FR;4;2022-05-09;5;1;0;1;5;1;1;0;0;1081443;6687;1381;24;1082623;4022;451;0;1
FR;4;2022-05-10;3;1;0;2;3;3;0;0;0;1081446;6688;1381;26;1082626;4025;451;0;1
FR;4;2022-05-11;3;2;4;0;3;5;1;0;0;1081449;6690;1385;26;1082629;4030;452;0;1
FR;4;2022-05-12;7;4;2;1;7;5;1;0;1;1081456;6694;1387;27;1082636;4035;453;0;2
FR;4;2022-05-13;1;0;2;0;1;2;0;0;0;1081457;6694;1389;27;1082637;4037;453;0;2
FR;4;2022-05-14;0;2;0;0;0;2;0;0;0;1081457;6696;1389;27;1082637;4039;453;0;2
FR;4;2022-05-15;2;2;0;0;4;0;0;0;0;1081459;6698;1389;27;1082641;4039;453;0;2
FR;4;2022-05-16;5;2;2;0;5;2;2;0;0;1081464;6700;1391;27;1082646;4041;455;0;2
FR;4;2022-05-17;5;1;2;0;5;3;0;0;0;1081469;6701;1393;27;1082651;4044;455;0;2
FR;4;2022-05-18;3;6;0;0;3;6;0;0;0;1081472;6707;1393;27;1082654;4050;455;0;2
FR;4;2022-05-19;2;3;3;0;2;5;1;0;0;1081474;6710;1396;27;1082656;4055;456;0;2
FR;4;2022-05-20;4;2;3;0;4;2;3;0;0;1081478;6712;1399;27;1082660;4057;459;0;2
FR;4;2022-05-21;2;0;1;0;2;1;0;0;0;1081480;6712;1400;27;1082662;4058;459;0;2
FR;4;2022-05-22;0;0;1;0;0;1;0;0;0;1081480;6712;1401;27;1082662;4059;459;0;2
FR;4;2022-05-23;0;0;2;0;0;0;2;0;0;1081480;6712;1403;27;1082662;4059;461;0;2
FR;4;2022-05-24;2;4;1;0;2;5;0;0;0;1081482;6716;1404;27;1082664;4064;461;0;2
FR;4;2022-05-25;1;4;1;0;3;3;0;0;0;1081483;6720;1405;27;1082667;4067;461;0;2
FR;4;2022-05-26;5;0;1;0;5;1;0;0;0;1081488;6720;1406;27;1082672;4068;461;0;2
FR;4;2022-05-27;0;2;1;1;0;3;1;0;0;1081488;6722;1407;28;1082672;4071;462;0;2
FR;4;2022-05-28;1;0;0;0;1;0;0;0;0;1081489;6722;1407;28;1082673;4071;462;0;2
FR;4;2022-05-29;1;0;1;0;1;1;0;0;0;1081490;6722;1408;28;1082674;4072;462;0;2
FR;4;2022-05-30;3;4;2;0;3;5;1;0;0;1081493;6726;1410;28;1082677;4077;463;0;2
FR;4;2022-05-31;2;1;0;0;2;1;0;0;0;1081495;6727;1410;28;1082679;4078;463;0;2
FR;4;2022-06-01;3;11;7;0;3;15;3;0;0;1081498;6738;1417;28;1082682;4093;466;0;2
FR;4;2022-06-02;6;7;3;0;6;7;2;0;0;1081504;6745;1420;28;1082688;4100;468;0;2
FR;4;2022-06-03;2;6;4;1;2;7;4;0;0;1081506;6751;1424;29;1082690;4107;472;0;2
FR;4;2022-06-04;0;1;1;1;0;1;2;0;0;1081506;6752;1425;30;1082690;4108;474;0;2
FR;4;2022-06-05;0;0;0;0;0;0;0;0;0;1081506;6752;1425;30;1082690;4108;474;0;2
FR;4;2022-06-06;7;0;3;0;7;2;1;0;0;1081513;6752;1428;30;1082697;4110;475;0;2
FR;4;2022-06-07;6;2;0;1;6;2;1;0;0;1081519;6754;1428;31;1082703;4112;476;0;2
FR;4;2022-06-08;0;5;3;0;1;7;0;0;0;1081519;6759;1431;31;1082704;4119;476;0;2
FR;4;2022-06-09;1;2;0;0;2;1;0;0;0;1081520;6761;1431;31;1082706;4120;476;0;2
FR;4;2022-06-10;3;0;3;0;3;1;2;0;0;1081523;6761;1434;31;1082709;4121;478;0;2
FR;4;2022-06-11;1;0;0;0;1;0;0;0;0;1081524;6761;1434;31;1082710;4121;478;0;2
FR;4;2022-06-12;4;0;0;0;4;0;0;0;0;1081528;6761;1434;31;1082714;4121;478;0;2
FR;4;2022-06-13;5;2;3;0;6;2;1;0;0;1081533;6763;1437;31;1082720;4123;479;0;2
FR;4;2022-06-14;4;3;0;0;5;2;0;0;0;1081537;6766;1437;31;1082725;4125;479;0;2
FR;4;2022-06-15;8;3;4;0;8;3;4;0;0;1081545;6769;1441;31;1082733;4128;483;0;2
FR;4;2022-06-16;2;3;1;1;3;2;1;0;1;1081547;6772;1442;32;1082736;4130;484;0;3
FR;4;2022-06-17;6;1;0;0;6;1;0;0;0;1081553;6773;1442;32;1082742;4131;484;0;3
FR;4;2022-06-18;0;0;0;0;0;0;0;0;0;1081553;6773;1442;32;1082742;4131;484;0;3
FR;4;2022-06-19;3;0;0;0;3;0;0;0;0;1081556;6773;1442;32;1082745;4131;484;0;3
FR;4;2022-06-20;4;2;2;1;4;3;2;0;0;1081560;6775;1444;33;1082749;4134;486;0;3
FR;4;2022-06-21;5;2;4;1;6;4;2;0;0;1081565;6777;1448;34;1082755;4138;488;0;3
FR;4;2022-06-22;3;2;1;3;4;2;1;0;0;1081568;6779;1449;37;1082759;4140;489;0;3
FR;4;2022-06-23;3;3;3;0;3;5;1;0;0;1081571;6782;1452;37;1082762;4145;490;0;3
FR;4;2022-06-24;3;0;2;0;3;0;2;0;0;1081574;6782;1454;37;1082765;4145;492;0;3
FR;4;2022-06-25;2;0;1;1;2;1;1;0;0;1081576;6782;1455;38;1082767;4146;493;0;3
FR;4;2022-06-26;0;0;1;0;0;1;0;0;0;1081576;6782;1456;38;1082767;4147;493;0;3
FR;4;2022-06-27;2;2;0;3;2;2;3;0;0;1081578;6784;1456;41;1082769;4149;496;0;3
FR;4;2022-06-28;0;4;2;1;0;5;2;0;0;1081578;6788;1458;42;1082769;4154;498;0;3
FR;4;2022-06-29;1;2;0;0;1;2;0;0;0;1081579;6790;1458;42;1082770;4156;498;0;3
FR;4;2022-06-30;2;0;0;0;2;0;0;0;0;1081581;6790;1458;42;1082772;4156;498;0;3
FR;4;2022-07-01;2;4;8;0;2;4;8;0;0;1081583;6794;1466;42;1082774;4160;506;0;3
FR;4;2022-07-02;0;1;0;0;1;0;0;0;0;1081583;6795;1466;42;1082775;4160;506;0;3
FR;4;2022-07-03;0;0;0;0;0;0;0;0;0;1081583;6795;1466;42;1082775;4160;506;0;3
FR;4;2022-07-04;3;1;0;0;3;1;0;0;0;1081586;6796;1466;42;1082778;4161;506;0;3
FR;4;2022-07-05;2;0;2;0;2;2;0;0;0;1081588;6796;1468;42;1082780;4163;506;0;3
FR;4;2022-07-06;5;0;1;1;5;0;1;0;1;1081593;6796;1469;43;1082785;4163;507;0;4
FR;4;2022-07-07;1;0;2;1;1;0;3;0;0;1081594;6796;1471;44;1082786;4163;510;0;4
FR;4;2022-07-08;3;1;0;0;3;1;0;0;0;1081597;6797;1471;44;1082789;4164;510;0;4
FR;4;2022-07-09;2;2;1;0;2;3;0;0;0;1081599;6799;1472;44;1082791;4167;510;0;4
FR;4;2022-07-10;2;0;1;0;2;0;0;0;0;1081601;6799;1473;44;1082793;4167;510;0;4
FR;4;2022-07-11;2;0;2;0;2;0;1;0;0;1081603;6799;1475;44;1082795;4167;511;0;4
FR;4;2022-07-12;0;0;2;0;0;2;0;0;0;1081603;6799;1477;44;1082795;4169;511;0;4
FR;4;2022-07-13;2;2;3;0;2;2;3;0;0;1081605;6801;1480;44;1082797;4171;514;0;4
FR;4;2022-07-14;6;0;1;0;6;0;1;0;0;1081611;6801;1481;44;1082803;4171;515;0;4
FR;4;2022-07-15;11;2;0;0;11;2;0;0;0;1081622;6803;1481;44;1082814;4173;515;0;4
FR;4;2022-07-16;4;0;0;2;4;0;2;0;0;1081626;6803;1481;46;1082818;4173;517;0;4
FR;4;2022-07-17;1;0;1;1;1;0;2;0;0;1081627;6803;1482;47;1082819;4173;519;0;4
FR;4;2022-07-18;3;3;2;0;3;3;2;0;0;1081630;6806;1484;47;1082822;4176;521;0;4
FR;4;2022-07-19;4;0;1;0;4;1;0;0;0;1081634;6806;1485;47;1082826;4177;521;0;4
FR;4;2022-07-20;10;0;1;0;10;1;0;0;0;1081644;6806;1486;47;1082836;4178;521;0;4
FR;4;2022-07-21;2;2;1;0;2;2;1;0;0;1081646;6808;1487;47;1082838;4180;522;0;4
FR;4;2022-07-22;4;0;3;0;4;1;2;0;0;1081650;6808;1490;47;1082842;4181;524;0;4
FR;4;2022-07-23;1;2;0;0;1;1;0;0;0;1081651;6810;1490;47;1082843;4182;524;0;4
FR;4;2022-07-24;0;0;0;0;0;0;0;0;0;1081651;6810;1490;47;1082843;4182;524;0;4
FR;4;2022-07-25;5;0;2;0;5;2;0;0;0;1081656;6810;1492;47;1082848;4184;524;0;4
FR;4;2022-07-26;2;0;0;0;2;0;0;0;0;1081658;6810;1492;47;1082850;4184;524;0;4
FR;4;2022-07-27;3;1;0;0;3;0;0;0;0;1081661;6811;1492;47;1082853;4184;524;0;4
FR;4;2022-07-28;11;0;0;0;11;0;0;0;0;1081672;6811;1492;47;1082864;4184;524;0;4
FR;4;2022-07-29;3;0;2;0;3;1;1;0;0;1081675;6811;1494;47;1082867;4185;525;0;4
FR;4;2022-07-30;4;0;2;0;4;0;2;0;0;1081679;6811;1496;47;1082871;4185;527;0;4
FR;4;2022-07-31;0;0;0;0;0;0;0;0;0;1081679;6811;1496;47;1082871;4185;527;0;4
FR;4;2022-08-01;2;0;3;0;2;2;1;0;0;1081681;6811;1499;47;1082873;4187;528;0;4
FR;4;2022-08-02;6;0;0;0;6;0;0;0;0;1081687;6811;1499;47;1082879;4187;528;0;4
FR;4;2022-08-03;2;2;1;0;2;2;1;0;0;1081689;6813;1500;47;1082881;4189;529;0;4
FR;4;2022-08-04;4;2;0;1;4;2;1;0;0;1081693;6815;1500;48;1082885;4191;530;0;4
FR;4;2022-08-05;2;0;1;0;2;0;1;0;0;1081695;6815;1501;48;1082887;4191;531;0;4
FR;4;2022-08-06;2;0;0;0;2;0;0;0;0;1081697;6815;1501;48;1082889;4191;531;0;4
FR;4;2022-08-07;5;0;0;0;5;0;0;0;0;1081702;6815;1501;48;1082894;4191;531;0;4
FR;4;2022-08-08;1;0;1;1;1;1;1;0;0;1081703;6815;1502;49;1082895;4192;532;0;4
FR;4;2022-08-09;1;1;2;2;1;2;3;0;0;1081704;6816;1504;51;1082896;4194;535;0;4
FR;4;2022-08-10;6;1;1;0;7;1;0;0;0;1081710;6817;1505;51;1082903;4195;535;0;4
FR;4;2022-08-11;2;0;1;0;2;1;0;0;0;1081712;6817;1506;51;1082905;4196;535;0;4
FR;4;2022-08-12;4;0;1;0;4;0;1;0;0;1081716;6817;1507;51;1082909;4196;536;0;4
FR;4;2022-08-13;1;0;0;0;1;0;0;0;0;1081717;6817;1507;51;1082910;4196;536;0;4
FR;4;2022-08-14;0;0;0;0;0;0;0;0;0;1081717;6817;1507;51;1082910;4196;536;0;4
FR;4;2022-08-15;1;2;3;0;1;2;3;0;0;1081718;6819;1510;51;1082911;4198;539;0;4
FR;4;2022-08-16;0;0;1;0;0;1;0;0;0;1081718;6819;1511;51;1082911;4199;539;0;4
FR;4;2022-08-17;2;0;0;0;2;0;0;0;0;1081720;6819;1511;51;1082913;4199;539;0;4
FR;4;2022-08-18;3;0;0;0;3;0;0;0;0;1081723;6819;1511;51;1082916;4199;539;0;4
FR;4;2022-08-19;5;0;0;0;5;0;0;0;0;1081728;6819;1511;51;1082921;4199;539;0;4
FR;4;2022-08-20;1;1;0;0;2;0;0;0;0;1081729;6820;1511;51;1082923;4199;539;0;4
FR;4;2022-08-21;1;0;0;0;1;0;0;0;0;1081730;6820;1511;51;1082924;4199;539;0;4
FR;4;2022-08-22;4;9;0;0;4;9;0;0;0;1081734;6829;1511;51;1082928;4208;539;0;4
FR;4;2022-08-23;3;3;3;0;3;4;2;0;0;1081737;6832;1514;51;1082931;4212;541;0;4
FR;4;2022-08-24;5;0;0;1;5;0;1;0;0;1081742;6832;1514;52;1082936;4212;542;0;4
FR;4;2022-08-25;1;3;1;0;1;3;1;0;0;1081743;6835;1515;52;1082937;4215;543;0;4
FR;4;2022-08-26;2;0;0;1;2;0;1;0;0;1081745;6835;1515;53;1082939;4215;544;0;4
FR;4;2022-08-27;1;0;0;0;1;0;0;0;0;1081746;6835;1515;53;1082940;4215;544;0;4
FR;4;2022-08-28;0;1;0;0;0;0;0;0;0;1081746;6836;1515;53;1082940;4215;544;0;4
FR;4;2022-08-29;8;0;0;0;8;0;0;0;0;1081754;6836;1515;53;1082948;4215;544;0;4
FR;4;2022-08-30;5;0;0;0;5;0;0;0;0;1081759;6836;1515;53;1082953;4215;544;0;4
FR;4;2022-08-31;2;1;0;0;2;1;0;0;0;1081761;6837;1515;53;1082955;4216;544;0;4
FR;4;2022-09-01;3;8;2;0;4;7;2;0;0;1081764;6845;1517;53;1082959;4223;546;0;4
FR;4;2022-09-02;2;1;1;0;2;2;0;0;0;1081766;6846;1518;53;1082961;4225;546;0;4
FR;4;2022-09-03;3;0;0;0;3;0;0;0;0;1081769;6846;1518;53;1082964;4225;546;0;4
FR;4;2022-09-04;1;0;0;0;1;0;0;0;0;1081770;6846;1518;53;1082965;4225;546;0;4
FR;4;2022-09-05;2;2;0;0;2;2;0;0;0;1081772;6848;1518;53;1082967;4227;546;0;4
FR;4;2022-09-06;1;0;0;0;1;0;0;0;0;1081773;6848;1518;53;1082968;4227;546;0;4
FR;4;2022-09-07;1;0;1;1;1;1;1;0;0;1081774;6848;1519;54;1082969;4228;547;0;4
FR;4;2022-09-08;3;0;0;0;3;0;0;0;0;1081777;6848;1519;54;1082972;4228;547;0;4
FR;4;2022-09-09;2;0;0;0;2;0;0;0;0;1081779;6848;1519;54;1082974;4228;547;0;4
FR;4;2022-09-10;0;0;0;3;0;1;2;0;0;1081779;6848;1519;57;1082974;4229;549;0;4
FR;4;2022-09-11;2;0;0;0;2;0;0;0;0;1081781;6848;1519;57;1082976;4229;549;0;4
FR;4;2022-09-12;1;1;1;0;1;1;1;0;0;1081782;6849;1520;57;1082977;4230;550;0;4
FR;4;2022-09-13;1;0;0;0;1;0;0;0;0;1081783;6849;1520;57;1082978;4230;550;0;4
FR;4;2022-09-14;2;0;0;0;2;0;0;0;0;1081785;6849;1520;57;1082980;4230;550;0;4
FR;4;2022-09-15;4;0;0;0;4;0;0;0;0;1081789;6849;1520;57;1082984;4230;550;0;4
FR;4;2022-09-16;0;0;0;0;0;0;0;0;0;1081789;6849;1520;57;1082984;4230;550;0;4
FR;4;2022-09-17;2;0;0;0;2;0;0;0;0;1081791;6849;1520;57;1082986;4230;550;0;4
FR;4;2022-09-18;0;1;0;0;0;1;0;0;0;1081791;6850;1520;57;1082986;4231;550;0;4
FR;4;2022-09-19;2;0;2;0;2;2;0;0;0;1081793;6850;1522;57;1082988;4233;550;0;4
FR;4;2022-09-20;4;0;0;0;4;0;0;0;0;1081797;6850;1522;57;1082992;4233;550;0;4
FR;4;2022-09-21;2;1;0;0;2;1;0;0;0;1081799;6851;1522;57;1082994;4234;550;0;4
FR;4;2022-09-22;1;1;0;0;1;1;0;0;0;1081800;6852;1522;57;1082995;4235;550;0;4
FR;4;2022-09-23;2;3;0;0;3;2;0;0;0;1081802;6855;1522;57;1082998;4237;550;0;4
FR;4;2022-09-24;1;0;0;0;1;0;0;0;0;1081803;6855;1522;57;1082999;4237;550;0;4
FR;4;2022-09-25;0;0;0;0;0;0;0;0;0;1081803;6855;1522;57;1082999;4237;550;0;4
FR;4;2022-09-26;2;0;1;0;2;0;1;0;0;1081805;6855;1523;57;1083001;4237;551;0;4
FR;4;2022-09-27;1;0;1;1;1;0;2;0;0;1081806;6855;1524;58;1083002;4237;553;0;4
FR;4;2022-09-28;3;0;2;0;3;2;0;0;0;1081809;6855;1526;58;1083005;4239;553;0;4
FR;4;2022-09-29;3;0;1;1;3;1;1;0;0;1081812;6855;1527;59;1083008;4240;554;0;4
FR;4;2022-09-30;1;0;0;0;1;0;0;0;0;1081813;6855;1527;59;1083009;4240;554;0;4
FR;4;2022-10-01;1;1;0;0;2;0;0;0;0;1081814;6856;1527;59;1083011;4240;554;0;4
FR;4;2022-10-02;0;1;0;0;0;1;0;0;0;1081814;6857;1527;59;1083011;4241;554;0;4
FR;4;2022-10-03;3;2;1;0;4;2;0;0;0;1081817;6859;1528;59;1083015;4243;554;0;4
FR;4;2022-10-04;2;0;0;0;2;0;0;0;0;1081819;6859;1528;59;1083017;4243;554;0;4
FR;4;2022-10-05;0;1;0;0;0;1;0;0;0;1081819;6860;1528;59;1083017;4244;554;0;4
FR;4;2022-10-06;2;0;0;0;2;0;0;0;0;1081821;6860;1528;59;1083019;4244;554;0;4
FR;4;2022-10-07;3;0;1;0;3;0;1;0;0;1081824;6860;1529;59;1083022;4244;555;0;4
FR;4;2022-10-08;3;1;0;0;3;0;0;0;0;1081827;6861;1529;59;1083025;4244;555;0;4
FR;4;2022-10-09;0;0;0;0;0;0;0;0;0;1081827;6861;1529;59;1083025;4244;555;0;4
FR;4;2022-10-10;4;0;2;3;4;2;1;0;2;1081831;6861;1531;62;1083029;4246;556;0;6
FR;4;2022-10-11;1;2;0;0;1;1;0;0;0;1081832;6863;1531;62;1083030;4247;556;0;6
FR;4;2022-10-12;0;0;0;0;0;0;0;0;0;1081832;6863;1531;62;1083030;4247;556;0;6
FR;4;2022-10-13;5;0;0;0;5;0;0;0;0;1081837;6863;1531;62;1083035;4247;556;0;6
FR;4;2022-10-14;1;0;0;0;1;0;0;0;0;1081838;6863;1531;62;1083036;4247;556;0;6
FR;4;2022-10-15;0;1;0;0;0;1;0;0;0;1081838;6864;1531;62;1083036;4248;556;0;6
FR;4;2022-10-16;0;0;0;0;0;0;0;0;0;1081838;6864;1531;62;1083036;4248;556;0;6
FR;4;2022-10-17;2;0;1;0;2;1;0;0;0;1081840;6864;1532;62;1083038;4249;556;0;6
FR;4;2022-10-18;1;0;0;1;1;0;1;0;0;1081841;6864;1532;63;1083039;4249;557;0;6
FR;4;2022-10-19;1;0;0;2;1;0;2;0;3;1081842;6864;1532;65;1083040;4249;559;0;9
FR;4;2022-10-20;4;1;0;0;4;1;0;0;0;1081846;6865;1532;65;1083044;4250;559;0;9
FR;4;2022-10-21;1;0;0;0;1;0;0;0;0;1081847;6865;1532;65;1083045;4250;559;0;9
FR;4;2022-10-22;1;0;0;0;1;0;0;0;0;1081848;6865;1532;65;1083046;4250;559;0;9
FR;4;2022-10-23;0;0;0;0;0;0;0;0;0;1081848;6865;1532;65;1083046;4250;559;0;9
FR;4;2022-10-24;1;0;0;0;1;0;0;0;0;1081849;6865;1532;65;1083047;4250;559;0;9
FR;4;2022-10-25;1;0;0;0;1;0;0;0;0;1081850;6865;1532;65;1083048;4250;559;0;9
FR;4;2022-10-26;2;1;0;0;2;1;0;0;0;1081852;6866;1532;65;1083050;4251;559;0;9
FR;4;2022-10-27;3;1;1;0;3;0;1;0;0;1081855;6867;1533;65;1083053;4251;560;0;9
FR;4;2022-10-28;0;0;0;0;0;0;0;0;0;1081855;6867;1533;65;1083053;4251;560;0;9
FR;4;2022-10-29;1;0;0;3;1;0;3;0;3;1081856;6867;1533;68;1083054;4251;563;0;12
FR;4;2022-10-30;1;0;0;0;1;0;0;0;0;1081857;6867;1533;68;1083055;4251;563;0;12
FR;4;2022-10-31;0;0;0;0;0;0;0;0;0;1081857;6867;1533;68;1083055;4251;563;0;12
FR;4;2022-11-01;1;5;0;0;1;5;0;0;0;1081858;6872;1533;68;1083056;4256;563;0;12
FR;4;2022-11-02;0;0;2;2;0;1;3;0;0;1081858;6872;1535;70;1083056;4257;566;0;12
FR;4;2022-11-03;1;0;0;0;1;0;0;0;0;1081859;6872;1535;70;1083057;4257;566;0;12
FR;4;2022-11-04;4;1;0;0;4;0;0;0;0;1081863;6873;1535;70;1083061;4257;566;0;12
FR;4;2022-11-05;0;0;0;0;0;0;0;0;0;1081863;6873;1535;70;1083061;4257;566;0;12
FR;4;2022-11-06;2;0;0;0;2;0;0;0;0;1081865;6873;1535;70;1083063;4257;566;0;12
FR;4;2022-11-07;2;0;0;0;2;0;0;0;0;1081867;6873;1535;70;1083065;4257;566;0;12
FR;4;2022-11-08;7;0;0;0;7;0;0;0;0;1081874;6873;1535;70;1083072;4257;566;0;12
FR;4;2022-11-09;0;0;0;0;0;0;0;0;0;1081874;6873;1535;70;1083072;4257;566;0;12
FR;4;2022-11-10;0;0;0;0;0;0;0;0;0;1081874;6873;1535;70;1083072;4257;566;0;12
FR;4;2022-11-11;1;0;0;0;1;0;0;0;0;1081875;6873;1535;70;1083073;4257;566;0;12
FR;4;2022-11-12;3;1;0;0;3;1;0;0;0;1081878;6874;1535;70;1083076;4258;566;0;12
FR;4;2022-11-13;0;0;0;0;0;0;0;0;0;1081878;6874;1535;70;1083076;4258;566;0;12
FR;4;2022-11-14;0;0;0;0;0;0;0;0;0;1081878;6874;1535;70;1083076;4258;566;0;12
FR;4;2022-11-15;3;0;0;0;3;0;0;0;0;1081881;6874;1535;70;1083079;4258;566;0;12
FR;4;2022-11-16;1;1;0;0;1;1;0;0;0;1081882;6875;1535;70;1083080;4259;566;0;12
FR;4;2022-11-17;0;0;0;0;0;0;0;0;0;1081882;6875;1535;70;1083080;4259;566;0;12
FR;4;2022-11-18;5;0;1;0;5;0;1;0;0;1081887;6875;1536;70;1083085;4259;567;0;12
FR;4;2022-11-19;0;0;0;0;0;0;0;0;0;1081887;6875;1536;70;1083085;4259;567;0;12
FR;4;2022-11-20;0;0;0;0;0;0;0;0;0;1081887;6875;1536;70;1083085;4259;567;0;12
FR;4;2022-11-21;0;0;0;0;0;0;0;0;0;1081887;6875;1536;70;1083085;4259;567;0;12
FR;4;2022-11-22;0;0;0;0;0;0;0;0;0;1081887;6875;1536;70;1083085;4259;567;0;12
FR;4;2022-11-23;1;0;0;0;1;0;0;0;1;1081888;6875;1536;70;1083086;4259;567;0;13
FR;4;2022-11-24;0;2;0;0;0;2;0;0;0;1081888;6877;1536;70;1083086;4261;567;0;13
FR;4;2022-11-25;3;3;0;0;3;3;0;0;0;1081891;6880;1536;70;1083089;4264;567;0;13
FR;4;2022-11-26;1;0;0;0;1;0;0;0;0;1081892;6880;1536;70;1083090;4264;567;0;13
FR;4;2022-11-27;0;0;0;0;0;0;0;0;0;1081892;6880;1536;70;1083090;4264;567;0;13
FR;4;2022-11-28;3;0;0;0;3;0;0;0;0;1081895;6880;1536;70;1083093;4264;567;0;13
FR;4;2022-11-29;2;0;0;0;2;0;0;0;0;1081897;6880;1536;70;1083095;4264;567;0;13
FR;4;2022-11-30;0;0;0;0;0;0;0;0;0;1081897;6880;1536;70;1083095;4264;567;0;13
FR;4;2022-12-01;1;2;2;0;2;2;1;0;0;1081898;6882;1538;70;1083097;4266;568;0;13
FR;4;2022-12-02;2;1;0;1;2;1;0;0;1;1081900;6883;1538;71;1083099;4267;568;0;14
FR;4;2022-12-03;1;0;0;0;1;0;0;0;0;1081901;6883;1538;71;1083100;4267;568;0;14
FR;4;2022-12-04;0;0;0;0;0;0;0;0;0;1081901;6883;1538;71;1083100;4267;568;0;14
FR;4;2022-12-05;1;0;0;0;1;0;0;0;0;1081902;6883;1538;71;1083101;4267;568;0;14
FR;4;2022-12-06;1;0;0;0;1;0;0;0;0;1081903;6883;1538;71;1083102;4267;568;0;14
FR;4;2022-12-07;2;0;0;0;2;0;0;0;0;1081905;6883;1538;71;1083104;4267;568;0;14
FR;4;2022-12-08;1;0;0;0;1;0;0;0;0;1081906;6883;1538;71;1083105;4267;568;0;14
FR;4;2022-12-09;1;0;0;0;1;0;0;0;0;1081907;6883;1538;71;1083106;4267;568;0;14
FR;4;2022-12-10;1;0;0;0;1;0;0;0;0;1081908;6883;1538;71;1083107;4267;568;0;14
FR;4;2022-12-11;0;0;0;0;0;0;0;0;0;1081908;6883;1538;71;1083107;4267;568;0;14
FR;4;2022-12-12;0;1;0;5;0;1;5;0;0;1081908;6884;1538;76;1083107;4268;573;0;14
FR;4;2022-12-13;1;0;0;0;1;0;0;0;0;1081909;6884;1538;76;1083108;4268;573;0;14
FR;4;2022-12-14;0;0;0;0;0;0;0;0;0;1081909;6884;1538;76;1083108;4268;573;0;14
FR;4;2022-12-15;1;0;0;0;1;0;0;0;0;1081910;6884;1538;76;1083109;4268;573;0;14
FR;4;2022-12-16;1;0;0;0;1;0;0;0;0;1081911;6884;1538;76;1083110;4268;573;0;14
FR;4;2022-12-17;0;0;0;0;0;0;0;0;0;1081911;6884;1538;76;1083110;4268;573;0;14
FR;4;2022-12-18;0;0;0;0;0;0;0;0;0;1081911;6884;1538;76;1083110;4268;573;0;14
FR;4;2022-12-19;1;0;0;0;1;0;0;0;0;1081912;6884;1538;76;1083111;4268;573;0;14
FR;4;2022-12-20;3;1;0;0;3;1;0;0;0;1081915;6885;1538;76;1083114;4269;573;0;14
FR;4;2022-12-21;2;0;0;0;2;0;0;0;0;1081917;6885;1538;76;1083116;4269;573;0;14
FR;4;2022-12-22;0;1;0;0;0;1;0;0;0;1081917;6886;1538;76;1083116;4270;573;0;14
FR;4;2022-12-23;3;0;0;0;3;0;0;0;0;1081920;6886;1538;76;1083119;4270;573;0;14
FR;4;2022-12-24;0;0;0;0;0;0;0;0;0;1081920;6886;1538;76;1083119;4270;573;0;14
FR;4;2022-12-25;0;0;0;0;0;0;0;0;0;1081920;6886;1538;76;1083119;4270;573;0;14
FR;4;2022-12-26;1;2;0;0;1;1;0;0;0;1081921;6888;1538;76;1083120;4271;573;0;14
FR;4;2022-12-27;1;0;0;0;1;0;0;0;0;1081922;6888;1538;76;1083121;4271;573;0;14
FR;4;2022-12-28;0;0;0;0;0;0;0;0;0;1081922;6888;1538;76;1083121;4271;573;0;14
FR;4;2022-12-29;0;0;0;0;0;0;0;0;0;1081922;6888;1538;76;1083121;4271;573;0;14
FR;5;2020-12-27;0;0;0;0;0;0;0;0;0;0;0;0;0;0;0;0;0;0
FR;5;2020-12-28;0;0;0;0;0;0;0;0;0;0;0;0;0;0;0;0;0;0
FR;5;2020-12-29;0;0;0;0;0;0;0;0;0;0;0;0;0;0;0;0;0;0
FR;5;2020-12-30;0;0;0;0;0;0;0;0;0;0;0;0;0;0;0;0;0;0
FR;5;2020-12-31;0;0;0;0;0;0;0;0;0;0;0;0;0;0;0;0;0;0
FR;5;2021-01-01;0;0;0;0;0;0;0;0;0;0;0;0;0;0;0;0;0;0
FR;5;2021-01-02;0;0;0;0;0;0;0;0;0;0;0;0;0;0;0;0;0;0
FR;5;2021-01-03;0;0;0;0;0;0;0;0;0;0;0;0;0;0;0;0;0;0
FR;5;2021-01-04;0;0;0;0;0;0;0;0;0;0;0;0;0;0;0;0;0;0
FR;5;2021-01-05;0;0;0;0;0;0;0;0;0;0;0;0;0;0;0;0;0;0
FR;5;2021-01-06;0;0;0;0;0;0;0;0;0;0;0;0;0;0;0;0;0;0
FR;5;2021-01-07;0;0;0;0;0;0;0;0;0;0;0;0;0;0;0;0;0;0
FR;5;2021-01-08;0;0;0;0;0;0;0;0;0;0;0;0;0;0;0;0;0;0
FR;5;2021-01-09;0;0;0;0;0;0;0;0;0;0;0;0;0;0;0;0;0;0
FR;5;2021-01-10;0;0;0;0;0;0;0;0;0;0;0;0;0;0;0;0;0;0
FR;5;2021-01-11;0;0;0;0;0;0;0;0;0;0;0;0;0;0;0;0;0;0
FR;5;2021-01-12;0;0;0;0;0;0;0;0;0;0;0;0;0;0;0;0;0;0
FR;5;2021-01-13;0;0;0;0;0;0;0;0;0;0;0;0;0;0;0;0;0;0
FR;5;2021-01-14;0;0;0;0;0;0;0;0;0;0;0;0;0;0;0;0;0;0
FR;5;2021-01-15;0;0;0;0;0;0;0;0;0;0;0;0;0;0;0;0;0;0
FR;5;2021-01-16;0;0;0;0;0;0;0;0;0;0;0;0;0;0;0;0;0;0
FR;5;2021-01-17;0;0;0;0;0;0;0;0;0;0;0;0;0;0;0;0;0;0
FR;5;2021-01-18;0;0;0;0;0;0;0;0;0;0;0;0;0;0;0;0;0;0
FR;5;2021-01-19;0;0;0;0;0;0;0;0;0;0;0;0;0;0;0;0;0;0
FR;5;2021-01-20;0;0;0;0;0;0;0;0;0;0;0;0;0;0;0;0;0;0
FR;5;2021-01-21;0;0;0;0;0;0;0;0;0;0;0;0;0;0;0;0;0;0
FR;5;2021-01-22;0;0;0;0;0;0;0;0;0;0;0;0;0;0;0;0;0;0
FR;5;2021-01-23;0;0;0;0;0;0;0;0;0;0;0;0;0;0;0;0;0;0
FR;5;2021-01-24;0;0;0;0;0;0;0;0;0;0;0;0;0;0;0;0;0;0
FR;5;2021-01-25;0;0;0;0;0;0;0;0;0;0;0;0;0;0;0;0;0;0
FR;5;2021-01-26;0;0;0;0;0;0;0;0;0;0;0;0;0;0;0;0;0;0
FR;5;2021-01-27;0;0;0;0;0;0;0;0;0;0;0;0;0;0;0;0;0;0
FR;5;2021-01-28;0;0;0;0;0;0;0;0;0;0;0;0;0;0;0;0;0;0
FR;5;2021-01-29;0;0;0;0;0;0;0;0;0;0;0;0;0;0;0;0;0;0
FR;5;2021-01-30;0;0;0;0;0;0;0;0;0;0;0;0;0;0;0;0;0;0
FR;5;2021-01-31;0;0;0;0;0;0;0;0;0;0;0;0;0;0;0;0;0;0
FR;5;2021-02-01;0;0;0;0;0;0;0;0;0;0;0;0;0;0;0;0;0;0
FR;5;2021-02-02;0;0;0;0;0;0;0;0;0;0;0;0;0;0;0;0;0;0
FR;5;2021-02-03;0;0;0;0;0;0;0;0;0;0;0;0;0;0;0;0;0;0
FR;5;2021-02-04;0;0;0;0;0;0;0;0;0;0;0;0;0;0;0;0;0;0
FR;5;2021-02-05;0;0;0;0;0;0;0;0;0;0;0;0;0;0;0;0;0;0
FR;5;2021-02-06;0;0;0;0;0;0;0;0;0;0;0;0;0;0;0;0;0;0
FR;5;2021-02-07;0;0;0;0;0;0;0;0;0;0;0;0;0;0;0;0;0;0
FR;5;2021-02-08;0;0;0;0;0;0;0;0;0;0;0;0;0;0;0;0;0;0
FR;5;2021-02-09;0;0;0;0;0;0;0;0;0;0;0;0;0;0;0;0;0;0
FR;5;2021-02-10;0;0;0;0;0;0;0;0;0;0;0;0;0;0;0;0;0;0
FR;5;2021-02-11;0;0;0;0;0;0;0;0;0;0;0;0;0;0;0;0;0;0
FR;5;2021-02-12;0;0;0;0;0;0;0;0;0;0;0;0;0;0;0;0;0;0
FR;5;2021-02-13;0;0;0;0;0;0;0;0;0;0;0;0;0;0;0;0;0;0
FR;5;2021-02-14;0;0;0;0;0;0;0;0;0;0;0;0;0;0;0;0;0;0
FR;5;2021-02-15;0;0;0;0;0;0;0;0;0;0;0;0;0;0;0;0;0;0
FR;5;2021-02-16;0;0;0;0;0;0;0;0;0;0;0;0;0;0;0;0;0;0
FR;5;2021-02-17;0;0;0;0;0;0;0;0;0;0;0;0;0;0;0;0;0;0
FR;5;2021-02-18;0;0;0;0;0;0;0;0;0;0;0;0;0;0;0;0;0;0
FR;5;2021-02-19;0;0;0;0;0;0;0;0;0;0;0;0;0;0;0;0;0;0
FR;5;2021-02-20;0;0;0;0;0;0;0;0;0;0;0;0;0;0;0;0;0;0
FR;5;2021-02-21;0;0;0;0;0;0;0;0;0;0;0;0;0;0;0;0;0;0
FR;5;2021-02-22;0;0;0;0;0;0;0;0;0;0;0;0;0;0;0;0;0;0
FR;5;2021-02-23;0;0;0;0;0;0;0;0;0;0;0;0;0;0;0;0;0;0
FR;5;2021-02-24;0;0;0;0;0;0;0;0;0;0;0;0;0;0;0;0;0;0
FR;5;2021-02-25;0;0;0;0;0;0;0;0;0;0;0;0;0;0;0;0;0;0
FR;5;2021-02-26;0;0;0;0;0;0;0;0;0;0;0;0;0;0;0;0;0;0
FR;5;2021-02-27;0;0;0;0;0;0;0;0;0;0;0;0;0;0;0;0;0;0
FR;5;2021-02-28;0;0;0;0;0;0;0;0;0;0;0;0;0;0;0;0;0;0
FR;5;2021-03-01;0;0;0;0;0;0;0;0;0;0;0;0;0;0;0;0;0;0
FR;5;2021-03-02;0;0;0;0;0;0;0;0;0;0;0;0;0;0;0;0;0;0
FR;5;2021-03-03;0;0;0;0;0;0;0;0;0;0;0;0;0;0;0;0;0;0
FR;5;2021-03-04;0;0;0;0;0;0;0;0;0;0;0;0;0;0;0;0;0;0
FR;5;2021-03-05;0;0;0;0;0;0;0;0;0;0;0;0;0;0;0;0;0;0
FR;5;2021-03-06;0;0;0;0;0;0;0;0;0;0;0;0;0;0;0;0;0;0
FR;5;2021-03-07;0;0;0;0;0;0;0;0;0;0;0;0;0;0;0;0;0;0
FR;5;2021-03-08;0;0;0;0;0;0;0;0;0;0;0;0;0;0;0;0;0;0
FR;5;2021-03-09;0;0;0;0;0;0;0;0;0;0;0;0;0;0;0;0;0;0
FR;5;2021-03-10;0;0;0;0;0;0;0;0;0;0;0;0;0;0;0;0;0;0
FR;5;2021-03-11;0;0;0;0;0;0;0;0;0;0;0;0;0;0;0;0;0;0
FR;5;2021-03-12;0;0;0;0;0;0;0;0;0;0;0;0;0;0;0;0;0;0
FR;5;2021-03-13;0;0;0;0;0;0;0;0;0;0;0;0;0;0;0;0;0;0
FR;5;2021-03-14;0;0;0;0;0;0;0;0;0;0;0;0;0;0;0;0;0;0
FR;5;2021-03-15;0;0;0;0;0;0;0;0;0;0;0;0;0;0;0;0;0;0
FR;5;2021-03-16;0;0;0;0;0;0;0;0;0;0;0;0;0;0;0;0;0;0
FR;5;2021-03-17;0;0;0;0;0;0;0;0;0;0;0;0;0;0;0;0;0;0
FR;5;2021-03-18;0;0;0;0;0;0;0;0;0;0;0;0;0;0;0;0;0;0
FR;5;2021-03-19;0;0;0;0;0;0;0;0;0;0;0;0;0;0;0;0;0;0
FR;5;2021-03-20;0;0;0;0;0;0;0;0;0;0;0;0;0;0;0;0;0;0
FR;5;2021-03-21;0;0;0;0;0;0;0;0;0;0;0;0;0;0;0;0;0;0
FR;5;2021-03-22;0;0;0;0;0;0;0;0;0;0;0;0;0;0;0;0;0;0
FR;5;2021-03-23;0;0;0;0;0;0;0;0;0;0;0;0;0;0;0;0;0;0
FR;5;2021-03-24;0;0;0;0;0;0;0;0;0;0;0;0;0;0;0;0;0;0
FR;5;2021-03-25;0;0;0;0;0;0;0;0;0;0;0;0;0;0;0;0;0;0
FR;5;2021-03-26;0;0;0;0;0;0;0;0;0;0;0;0;0;0;0;0;0;0
FR;5;2021-03-27;0;0;0;0;0;0;0;0;0;0;0;0;0;0;0;0;0;0
FR;5;2021-03-28;0;0;0;0;0;0;0;0;0;0;0;0;0;0;0;0;0;0
FR;5;2021-03-29;0;0;0;0;0;0;0;0;0;0;0;0;0;0;0;0;0;0
FR;5;2021-03-30;0;0;0;0;0;0;0;0;0;0;0;0;0;0;0;0;0;0
FR;5;2021-03-31;0;0;0;0;0;0;0;0;0;0;0;0;0;0;0;0;0;0
FR;5;2021-04-01;0;0;0;0;0;0;0;0;0;0;0;0;0;0;0;0;0;0
FR;5;2021-04-02;0;0;0;0;0;0;0;0;0;0;0;0;0;0;0;0;0;0
FR;5;2021-04-03;0;0;0;0;0;0;0;0;0;0;0;0;0;0;0;0;0;0
FR;5;2021-04-04;0;0;0;0;0;0;0;0;0;0;0;0;0;0;0;0;0;0
FR;5;2021-04-05;0;0;0;0;0;0;0;0;0;0;0;0;0;0;0;0;0;0
FR;5;2021-04-06;0;0;0;0;0;0;0;0;0;0;0;0;0;0;0;0;0;0
FR;5;2021-04-07;0;0;0;0;0;0;0;0;0;0;0;0;0;0;0;0;0;0
FR;5;2021-04-08;0;0;0;0;0;0;0;0;0;0;0;0;0;0;0;0;0;0
FR;5;2021-04-09;0;0;0;0;0;0;0;0;0;0;0;0;0;0;0;0;0;0
FR;5;2021-04-10;0;0;0;0;0;0;0;0;0;0;0;0;0;0;0;0;0;0
FR;5;2021-04-11;0;0;0;0;0;0;0;0;0;0;0;0;0;0;0;0;0;0
FR;5;2021-04-12;0;0;0;0;0;0;0;0;0;0;0;0;0;0;0;0;0;0
FR;5;2021-04-13;0;0;0;0;0;0;0;0;0;0;0;0;0;0;0;0;0;0
FR;5;2021-04-14;0;0;0;0;0;0;0;0;0;0;0;0;0;0;0;0;0;0
FR;5;2021-04-15;0;0;0;0;0;0;0;0;0;0;0;0;0;0;0;0;0;0
FR;5;2021-04-16;0;0;0;0;0;0;0;0;0;0;0;0;0;0;0;0;0;0
FR;5;2021-04-17;0;0;0;0;0;0;0;0;0;0;0;0;0;0;0;0;0;0
FR;5;2021-04-18;0;0;0;0;0;0;0;0;0;0;0;0;0;0;0;0;0;0
FR;5;2021-04-19;0;0;0;0;0;0;0;0;0;0;0;0;0;0;0;0;0;0
FR;5;2021-04-20;0;0;0;0;0;0;0;0;0;0;0;0;0;0;0;0;0;0
FR;5;2021-04-21;0;0;0;0;0;0;0;0;0;0;0;0;0;0;0;0;0;0
FR;5;2021-04-22;0;0;0;0;0;0;0;0;0;0;0;0;0;0;0;0;0;0
FR;5;2021-04-23;0;0;0;0;0;0;0;0;0;0;0;0;0;0;0;0;0;0
FR;5;2021-04-24;0;0;0;0;0;0;0;0;0;0;0;0;0;0;0;0;0;0
FR;5;2021-04-25;0;0;0;0;0;0;0;0;0;0;0;0;0;0;0;0;0;0
FR;5;2021-04-26;0;0;0;0;0;0;0;0;0;0;0;0;0;0;0;0;0;0
FR;5;2021-04-27;0;0;0;0;0;0;0;0;0;0;0;0;0;0;0;0;0;0
FR;5;2021-04-28;0;0;0;0;0;0;0;0;0;0;0;0;0;0;0;0;0;0
FR;5;2021-04-29;0;0;0;0;0;0;0;0;0;0;0;0;0;0;0;0;0;0
FR;5;2021-04-30;0;0;0;0;0;0;0;0;0;0;0;0;0;0;0;0;0;0
FR;5;2021-05-01;0;0;0;0;0;0;0;0;0;0;0;0;0;0;0;0;0;0
FR;5;2021-05-02;0;0;0;0;0;0;0;0;0;0;0;0;0;0;0;0;0;0
FR;5;2021-05-03;0;0;0;0;0;0;0;0;0;0;0;0;0;0;0;0;0;0
FR;5;2021-05-04;0;0;0;0;0;0;0;0;0;0;0;0;0;0;0;0;0;0
FR;5;2021-05-05;0;0;0;0;0;0;0;0;0;0;0;0;0;0;0;0;0;0
FR;5;2021-05-06;0;0;0;0;0;0;0;0;0;0;0;0;0;0;0;0;0;0
FR;5;2021-05-07;0;0;0;0;0;0;0;0;0;0;0;0;0;0;0;0;0;0
FR;5;2021-05-08;0;0;0;0;0;0;0;0;0;0;0;0;0;0;0;0;0;0
FR;5;2021-05-09;0;0;0;0;0;0;0;0;0;0;0;0;0;0;0;0;0;0
FR;5;2021-05-10;0;0;0;0;0;0;0;0;0;0;0;0;0;0;0;0;0;0
FR;5;2021-05-11;0;0;0;0;0;0;0;0;0;0;0;0;0;0;0;0;0;0
FR;5;2021-05-12;0;0;0;0;0;0;0;0;0;0;0;0;0;0;0;0;0;0
FR;5;2021-05-13;0;0;0;0;0;0;0;0;0;0;0;0;0;0;0;0;0;0
FR;5;2021-05-14;0;0;0;0;0;0;0;0;0;0;0;0;0;0;0;0;0;0
FR;5;2021-05-15;0;0;0;0;0;0;0;0;0;0;0;0;0;0;0;0;0;0
FR;5;2021-05-16;0;0;0;0;0;0;0;0;0;0;0;0;0;0;0;0;0;0
FR;5;2021-05-17;0;0;0;0;0;0;0;0;0;0;0;0;0;0;0;0;0;0
FR;5;2021-05-18;0;0;0;0;0;0;0;0;0;0;0;0;0;0;0;0;0;0
FR;5;2021-05-19;0;0;0;0;0;0;0;0;0;0;0;0;0;0;0;0;0;0
FR;5;2021-05-20;0;0;0;0;0;0;0;0;0;0;0;0;0;0;0;0;0;0
FR;5;2021-05-21;0;0;0;0;0;0;0;0;0;0;0;0;0;0;0;0;0;0
FR;5;2021-05-22;0;0;0;0;0;0;0;0;0;0;0;0;0;0;0;0;0;0
FR;5;2021-05-23;0;0;0;0;0;0;0;0;0;0;0;0;0;0;0;0;0;0
FR;5;2021-05-24;0;0;0;0;0;0;0;0;0;0;0;0;0;0;0;0;0;0
FR;5;2021-05-25;0;0;0;0;0;0;0;0;0;0;0;0;0;0;0;0;0;0
FR;5;2021-05-26;0;0;0;0;0;0;0;0;0;0;0;0;0;0;0;0;0;0
FR;5;2021-05-27;0;0;0;0;0;0;0;0;0;0;0;0;0;0;0;0;0;0
FR;5;2021-05-28;0;0;0;0;0;0;0;0;0;0;0;0;0;0;0;0;0;0
FR;5;2021-05-29;0;0;0;0;0;0;0;0;0;0;0;0;0;0;0;0;0;0
FR;5;2021-05-30;0;0;0;0;0;0;0;0;0;0;0;0;0;0;0;0;0;0
FR;5;2021-05-31;0;0;0;0;0;0;0;0;0;0;0;0;0;0;0;0;0;0
FR;5;2021-06-01;0;0;0;0;0;0;0;0;0;0;0;0;0;0;0;0;0;0
FR;5;2021-06-02;0;0;0;0;0;0;0;0;0;0;0;0;0;0;0;0;0;0
FR;5;2021-06-03;0;0;0;0;0;0;0;0;0;0;0;0;0;0;0;0;0;0
FR;5;2021-06-04;0;0;0;0;0;0;0;0;0;0;0;0;0;0;0;0;0;0
FR;5;2021-06-05;0;0;0;0;0;0;0;0;0;0;0;0;0;0;0;0;0;0
FR;5;2021-06-06;0;0;0;0;0;0;0;0;0;0;0;0;0;0;0;0;0;0
FR;5;2021-06-07;0;0;0;0;0;0;0;0;0;0;0;0;0;0;0;0;0;0
FR;5;2021-06-08;0;0;0;0;0;0;0;0;0;0;0;0;0;0;0;0;0;0
FR;5;2021-06-09;0;0;0;0;0;0;0;0;0;0;0;0;0;0;0;0;0;0
FR;5;2021-06-10;0;0;0;0;0;0;0;0;0;0;0;0;0;0;0;0;0;0
FR;5;2021-06-11;0;0;0;0;0;0;0;0;0;0;0;0;0;0;0;0;0;0
FR;5;2021-06-12;0;0;0;0;0;0;0;0;0;0;0;0;0;0;0;0;0;0
FR;5;2021-06-13;0;0;0;0;0;0;0;0;0;0;0;0;0;0;0;0;0;0
FR;5;2021-06-14;0;0;0;0;0;0;0;0;0;0;0;0;0;0;0;0;0;0
FR;5;2021-06-15;0;0;0;0;0;0;0;0;0;0;0;0;0;0;0;0;0;0
FR;5;2021-06-16;0;0;0;0;0;0;0;0;0;0;0;0;0;0;0;0;0;0
FR;5;2021-06-17;0;0;0;0;0;0;0;0;0;0;0;0;0;0;0;0;0;0
FR;5;2021-06-18;0;0;0;0;0;0;0;0;0;0;0;0;0;0;0;0;0;0
FR;5;2021-06-19;0;0;0;0;0;0;0;0;0;0;0;0;0;0;0;0;0;0
FR;5;2021-06-20;0;0;0;0;0;0;0;0;0;0;0;0;0;0;0;0;0;0
FR;5;2021-06-21;0;0;0;0;0;0;0;0;0;0;0;0;0;0;0;0;0;0
FR;5;2021-06-22;0;0;0;0;0;0;0;0;0;0;0;0;0;0;0;0;0;0
FR;5;2021-06-23;0;0;0;0;0;0;0;0;0;0;0;0;0;0;0;0;0;0
FR;5;2021-06-24;0;0;0;0;0;0;0;0;0;0;0;0;0;0;0;0;0;0
FR;5;2021-06-25;0;0;0;0;0;0;0;0;0;0;0;0;0;0;0;0;0;0
FR;5;2021-06-26;0;0;0;0;0;0;0;0;0;0;0;0;0;0;0;0;0;0
FR;5;2021-06-27;0;0;0;0;0;0;0;0;0;0;0;0;0;0;0;0;0;0
FR;5;2021-06-28;0;0;0;0;0;0;0;0;0;0;0;0;0;0;0;0;0;0
FR;5;2021-06-29;0;0;0;0;0;0;0;0;0;0;0;0;0;0;0;0;0;0
FR;5;2021-06-30;0;0;0;0;0;0;0;0;0;0;0;0;0;0;0;0;0;0
FR;5;2021-07-01;0;0;0;0;0;0;0;0;0;0;0;0;0;0;0;0;0;0
FR;5;2021-07-02;0;0;0;0;0;0;0;0;0;0;0;0;0;0;0;0;0;0
FR;5;2021-07-03;0;0;0;0;0;0;0;0;0;0;0;0;0;0;0;0;0;0
FR;5;2021-07-04;0;0;0;0;0;0;0;0;0;0;0;0;0;0;0;0;0;0
FR;5;2021-07-05;0;0;0;0;0;0;0;0;0;0;0;0;0;0;0;0;0;0
FR;5;2021-07-06;0;0;0;0;0;0;0;0;0;0;0;0;0;0;0;0;0;0
FR;5;2021-07-07;0;0;0;0;0;0;0;0;0;0;0;0;0;0;0;0;0;0
FR;5;2021-07-08;0;0;0;0;0;0;0;0;0;0;0;0;0;0;0;0;0;0
FR;5;2021-07-09;0;0;0;0;0;0;0;0;0;0;0;0;0;0;0;0;0;0
FR;5;2021-07-10;0;0;0;0;0;0;0;0;0;0;0;0;0;0;0;0;0;0
FR;5;2021-07-11;0;0;0;0;0;0;0;0;0;0;0;0;0;0;0;0;0;0
FR;5;2021-07-12;0;0;0;0;0;0;0;0;0;0;0;0;0;0;0;0;0;0
FR;5;2021-07-13;0;0;0;0;0;0;0;0;0;0;0;0;0;0;0;0;0;0
FR;5;2021-07-14;0;0;0;0;0;0;0;0;0;0;0;0;0;0;0;0;0;0
FR;5;2021-07-15;0;0;0;0;0;0;0;0;0;0;0;0;0;0;0;0;0;0
FR;5;2021-07-16;0;0;0;0;0;0;0;0;0;0;0;0;0;0;0;0;0;0
FR;5;2021-07-17;0;0;0;0;0;0;0;0;0;0;0;0;0;0;0;0;0;0
FR;5;2021-07-18;0;0;0;0;0;0;0;0;0;0;0;0;0;0;0;0;0;0
FR;5;2021-07-19;0;0;0;0;0;0;0;0;0;0;0;0;0;0;0;0;0;0
FR;5;2021-07-20;0;0;0;0;0;0;0;0;0;0;0;0;0;0;0;0;0;0
FR;5;2021-07-21;0;0;0;0;0;0;0;0;0;0;0;0;0;0;0;0;0;0
FR;5;2021-07-22;0;0;0;0;0;0;0;0;0;0;0;0;0;0;0;0;0;0
FR;5;2021-07-23;0;0;0;0;0;0;0;0;0;0;0;0;0;0;0;0;0;0
FR;5;2021-07-24;0;0;0;0;0;0;0;0;0;0;0;0;0;0;0;0;0;0
FR;5;2021-07-25;0;0;0;0;0;0;0;0;0;0;0;0;0;0;0;0;0;0
FR;5;2021-07-26;0;0;0;0;0;0;0;0;0;0;0;0;0;0;0;0;0;0
FR;5;2021-07-27;0;0;0;0;0;0;0;0;0;0;0;0;0;0;0;0;0;0
FR;5;2021-07-28;0;0;0;0;0;0;0;0;0;0;0;0;0;0;0;0;0;0
FR;5;2021-07-29;0;0;0;0;0;0;0;0;0;0;0;0;0;0;0;0;0;0
FR;5;2021-07-30;0;0;0;0;0;0;0;0;0;0;0;0;0;0;0;0;0;0
FR;5;2021-07-31;0;0;0;0;0;0;0;0;0;0;0;0;0;0;0;0;0;0
FR;5;2021-08-01;0;0;0;0;0;0;0;0;0;0;0;0;0;0;0;0;0;0
FR;5;2021-08-02;0;0;0;0;0;0;0;0;0;0;0;0;0;0;0;0;0;0
FR;5;2021-08-03;0;0;0;0;0;0;0;0;0;0;0;0;0;0;0;0;0;0
FR;5;2021-08-04;0;0;0;0;0;0;0;0;0;0;0;0;0;0;0;0;0;0
FR;5;2021-08-05;0;0;0;0;0;0;0;0;0;0;0;0;0;0;0;0;0;0
FR;5;2021-08-06;0;0;0;0;0;0;0;0;0;0;0;0;0;0;0;0;0;0
FR;5;2021-08-07;0;0;0;0;0;0;0;0;0;0;0;0;0;0;0;0;0;0
FR;5;2021-08-08;0;0;0;0;0;0;0;0;0;0;0;0;0;0;0;0;0;0
FR;5;2021-08-09;0;0;0;0;0;0;0;0;0;0;0;0;0;0;0;0;0;0
FR;5;2021-08-10;0;0;0;0;0;0;0;0;0;0;0;0;0;0;0;0;0;0
FR;5;2021-08-11;0;0;0;0;0;0;0;0;0;0;0;0;0;0;0;0;0;0
FR;5;2021-08-12;0;0;0;0;0;0;0;0;0;0;0;0;0;0;0;0;0;0
FR;5;2021-08-13;0;0;0;0;0;0;0;0;0;0;0;0;0;0;0;0;0;0
FR;5;2021-08-14;0;0;0;0;0;0;0;0;0;0;0;0;0;0;0;0;0;0
FR;5;2021-08-15;0;0;0;0;0;0;0;0;0;0;0;0;0;0;0;0;0;0
FR;5;2021-08-16;0;0;0;0;0;0;0;0;0;0;0;0;0;0;0;0;0;0
FR;5;2021-08-17;0;0;0;0;0;0;0;0;0;0;0;0;0;0;0;0;0;0
FR;5;2021-08-18;0;0;0;0;0;0;0;0;0;0;0;0;0;0;0;0;0;0
FR;5;2021-08-19;0;0;0;0;0;0;0;0;0;0;0;0;0;0;0;0;0;0
FR;5;2021-08-20;0;0;0;0;0;0;0;0;0;0;0;0;0;0;0;0;0;0
FR;5;2021-08-21;0;0;0;0;0;0;0;0;0;0;0;0;0;0;0;0;0;0
FR;5;2021-08-22;0;0;0;0;0;0;0;0;0;0;0;0;0;0;0;0;0;0
FR;5;2021-08-23;0;0;0;0;0;0;0;0;0;0;0;0;0;0;0;0;0;0
FR;5;2021-08-24;0;0;0;0;0;0;0;0;0;0;0;0;0;0;0;0;0;0
FR;5;2021-08-25;0;0;0;0;0;0;0;0;0;0;0;0;0;0;0;0;0;0
FR;5;2021-08-26;0;0;0;0;0;0;0;0;0;0;0;0;0;0;0;0;0;0
FR;5;2021-08-27;0;0;0;0;0;0;0;0;0;0;0;0;0;0;0;0;0;0
FR;5;2021-08-28;0;0;0;0;0;0;0;0;0;0;0;0;0;0;0;0;0;0
FR;5;2021-08-29;0;0;0;0;0;0;0;0;0;0;0;0;0;0;0;0;0;0
FR;5;2021-08-30;0;0;0;0;0;0;0;0;0;0;0;0;0;0;0;0;0;0
FR;5;2021-08-31;0;0;0;0;0;0;0;0;0;0;0;0;0;0;0;0;0;0
FR;5;2021-09-01;0;0;0;0;0;0;0;0;0;0;0;0;0;0;0;0;0;0
FR;5;2021-09-02;0;0;0;0;0;0;0;0;0;0;0;0;0;0;0;0;0;0
FR;5;2021-09-03;0;0;0;0;0;0;0;0;0;0;0;0;0;0;0;0;0;0
FR;5;2021-09-04;0;0;0;0;0;0;0;0;0;0;0;0;0;0;0;0;0;0
FR;5;2021-09-05;0;0;0;0;0;0;0;0;0;0;0;0;0;0;0;0;0;0
FR;5;2021-09-06;0;0;0;0;0;0;0;0;0;0;0;0;0;0;0;0;0;0
FR;5;2021-09-07;0;0;0;0;0;0;0;0;0;0;0;0;0;0;0;0;0;0
FR;5;2021-09-08;0;0;0;0;0;0;0;0;0;0;0;0;0;0;0;0;0;0
FR;5;2021-09-09;0;0;0;0;0;0;0;0;0;0;0;0;0;0;0;0;0;0
FR;5;2021-09-10;0;0;0;0;0;0;0;0;0;0;0;0;0;0;0;0;0;0
FR;5;2021-09-11;0;0;0;0;0;0;0;0;0;0;0;0;0;0;0;0;0;0
FR;5;2021-09-12;0;0;0;0;0;0;0;0;0;0;0;0;0;0;0;0;0;0
FR;5;2021-09-13;0;0;0;0;0;0;0;0;0;0;0;0;0;0;0;0;0;0
FR;5;2021-09-14;0;0;0;0;0;0;0;0;0;0;0;0;0;0;0;0;0;0
FR;5;2021-09-15;0;0;0;0;0;0;0;0;0;0;0;0;0;0;0;0;0;0
FR;5;2021-09-16;0;0;0;0;0;0;0;0;0;0;0;0;0;0;0;0;0;0
FR;5;2021-09-17;0;0;0;0;0;0;0;0;0;0;0;0;0;0;0;0;0;0
FR;5;2021-09-18;0;0;0;0;0;0;0;0;0;0;0;0;0;0;0;0;0;0
FR;5;2021-09-19;0;0;0;0;0;0;0;0;0;0;0;0;0;0;0;0;0;0
FR;5;2021-09-20;0;0;0;0;0;0;0;0;0;0;0;0;0;0;0;0;0;0
FR;5;2021-09-21;0;0;0;0;0;0;0;0;0;0;0;0;0;0;0;0;0;0
FR;5;2021-09-22;0;0;0;0;0;0;0;0;0;0;0;0;0;0;0;0;0;0
FR;5;2021-09-23;0;0;0;0;0;0;0;0;0;0;0;0;0;0;0;0;0;0
FR;5;2021-09-24;0;0;0;0;0;0;0;0;0;0;0;0;0;0;0;0;0;0
FR;5;2021-09-25;0;0;0;0;0;0;0;0;0;0;0;0;0;0;0;0;0;0
FR;5;2021-09-26;0;0;0;0;0;0;0;0;0;0;0;0;0;0;0;0;0;0
FR;5;2021-09-27;0;0;0;0;0;0;0;0;0;0;0;0;0;0;0;0;0;0
FR;5;2021-09-28;0;0;0;0;0;0;0;0;0;0;0;0;0;0;0;0;0;0
FR;5;2021-09-29;0;0;0;0;0;0;0;0;0;0;0;0;0;0;0;0;0;0
FR;5;2021-09-30;0;0;0;0;0;0;0;0;0;0;0;0;0;0;0;0;0;0
FR;5;2021-10-01;0;0;0;0;0;0;0;0;0;0;0;0;0;0;0;0;0;0
FR;5;2021-10-02;0;0;0;0;0;0;0;0;0;0;0;0;0;0;0;0;0;0
FR;5;2021-10-03;0;0;0;0;0;0;0;0;0;0;0;0;0;0;0;0;0;0
FR;5;2021-10-04;0;0;0;0;0;0;0;0;0;0;0;0;0;0;0;0;0;0
FR;5;2021-10-05;0;0;0;0;0;0;0;0;0;0;0;0;0;0;0;0;0;0
FR;5;2021-10-06;0;0;0;0;0;0;0;0;0;0;0;0;0;0;0;0;0;0
FR;5;2021-10-07;0;0;0;0;0;0;0;0;0;0;0;0;0;0;0;0;0;0
FR;5;2021-10-08;0;0;0;0;0;0;0;0;0;0;0;0;0;0;0;0;0;0
FR;5;2021-10-09;0;0;0;0;0;0;0;0;0;0;0;0;0;0;0;0;0;0
FR;5;2021-10-10;0;0;0;0;0;0;0;0;0;0;0;0;0;0;0;0;0;0
FR;5;2021-10-11;0;0;0;0;0;0;0;0;0;0;0;0;0;0;0;0;0;0
FR;5;2021-10-12;0;0;0;0;0;0;0;0;0;0;0;0;0;0;0;0;0;0
FR;5;2021-10-13;0;0;0;0;0;0;0;0;0;0;0;0;0;0;0;0;0;0
FR;5;2021-10-14;0;0;0;0;0;0;0;0;0;0;0;0;0;0;0;0;0;0
FR;5;2021-10-15;0;0;0;0;0;0;0;0;0;0;0;0;0;0;0;0;0;0
FR;5;2021-10-16;0;0;0;0;0;0;0;0;0;0;0;0;0;0;0;0;0;0
FR;5;2021-10-17;0;0;0;0;0;0;0;0;0;0;0;0;0;0;0;0;0;0
FR;5;2021-10-18;0;0;0;0;0;0;0;0;0;0;0;0;0;0;0;0;0;0
FR;5;2021-10-19;0;0;0;0;0;0;0;0;0;0;0;0;0;0;0;0;0;0
FR;5;2021-10-20;0;0;0;0;0;0;0;0;0;0;0;0;0;0;0;0;0;0
FR;5;2021-10-21;0;0;0;0;0;0;0;0;0;0;0;0;0;0;0;0;0;0
FR;5;2021-10-22;0;0;0;0;0;0;0;0;0;0;0;0;0;0;0;0;0;0
FR;5;2021-10-23;0;0;0;0;0;0;0;0;0;0;0;0;0;0;0;0;0;0
FR;5;2021-10-24;0;0;0;0;0;0;0;0;0;0;0;0;0;0;0;0;0;0
FR;5;2021-10-25;0;0;0;0;0;0;0;0;0;0;0;0;0;0;0;0;0;0
FR;5;2021-10-26;0;0;0;0;0;0;0;0;0;0;0;0;0;0;0;0;0;0
FR;5;2021-10-27;0;0;0;0;0;0;0;0;0;0;0;0;0;0;0;0;0;0
FR;5;2021-10-28;0;0;0;0;0;0;0;0;0;0;0;0;0;0;0;0;0;0
FR;5;2021-10-29;0;0;0;0;0;0;0;0;0;0;0;0;0;0;0;0;0;0
FR;5;2021-10-30;0;0;0;0;0;0;0;0;0;0;0;0;0;0;0;0;0;0
FR;5;2021-10-31;0;0;0;0;0;0;0;0;0;0;0;0;0;0;0;0;0;0
FR;5;2021-11-01;0;0;0;0;0;0;0;0;0;0;0;0;0;0;0;0;0;0
FR;5;2021-11-02;0;0;0;0;0;0;0;0;0;0;0;0;0;0;0;0;0;0
FR;5;2021-11-03;0;0;0;0;0;0;0;0;0;0;0;0;0;0;0;0;0;0
FR;5;2021-11-04;0;0;0;0;0;0;0;0;0;0;0;0;0;0;0;0;0;0
FR;5;2021-11-05;0;0;0;0;0;0;0;0;0;0;0;0;0;0;0;0;0;0
FR;5;2021-11-06;0;0;0;0;0;0;0;0;0;0;0;0;0;0;0;0;0;0
FR;5;2021-11-07;0;0;0;0;0;0;0;0;0;0;0;0;0;0;0;0;0;0
FR;5;2021-11-08;0;0;0;0;0;0;0;0;0;0;0;0;0;0;0;0;0;0
FR;5;2021-11-09;0;0;0;0;0;0;0;0;0;0;0;0;0;0;0;0;0;0
FR;5;2021-11-10;0;0;0;0;0;0;0;0;0;0;0;0;0;0;0;0;0;0
FR;5;2021-11-11;0;0;0;0;0;0;0;0;0;0;0;0;0;0;0;0;0;0
FR;5;2021-11-12;0;0;0;0;0;0;0;0;0;0;0;0;0;0;0;0;0;0
FR;5;2021-11-13;0;0;0;0;0;0;0;0;0;0;0;0;0;0;0;0;0;0
FR;5;2021-11-14;0;0;0;0;0;0;0;0;0;0;0;0;0;0;0;0;0;0
FR;5;2021-11-15;0;0;0;0;0;0;0;0;0;0;0;0;0;0;0;0;0;0
FR;5;2021-11-16;0;0;0;0;0;0;0;0;0;0;0;0;0;0;0;0;0;0
FR;5;2021-11-17;0;0;0;0;0;0;0;0;0;0;0;0;0;0;0;0;0;0
FR;5;2021-11-18;0;0;0;0;0;0;0;0;0;0;0;0;0;0;0;0;0;0
FR;5;2021-11-19;0;0;0;0;0;0;0;0;0;0;0;0;0;0;0;0;0;0
FR;5;2021-11-20;0;0;0;0;0;0;0;0;0;0;0;0;0;0;0;0;0;0
FR;5;2021-11-21;0;0;0;0;0;0;0;0;0;0;0;0;0;0;0;0;0;0
FR;5;2021-11-22;0;0;0;0;0;0;0;0;0;0;0;0;0;0;0;0;0;0
FR;5;2021-11-23;0;0;0;0;0;0;0;0;0;0;0;0;0;0;0;0;0;0
FR;5;2021-11-24;0;0;0;0;0;0;0;0;0;0;0;0;0;0;0;0;0;0
FR;5;2021-11-25;0;0;0;0;0;0;0;0;0;0;0;0;0;0;0;0;0;0
FR;5;2021-11-26;0;0;0;0;0;0;0;0;0;0;0;0;0;0;0;0;0;0
FR;5;2021-11-27;0;0;0;0;0;0;0;0;0;0;0;0;0;0;0;0;0;0
FR;5;2021-11-28;0;0;0;0;0;0;0;0;0;0;0;0;0;0;0;0;0;0
FR;5;2021-11-29;0;0;0;0;0;0;0;0;0;0;0;0;0;0;0;0;0;0
FR;5;2021-11-30;0;0;0;0;0;0;0;0;0;0;0;0;0;0;0;0;0;0
FR;5;2021-12-01;0;0;0;0;0;0;0;0;0;0;0;0;0;0;0;0;0;0
FR;5;2021-12-02;0;0;0;0;0;0;0;0;0;0;0;0;0;0;0;0;0;0
FR;5;2021-12-03;0;0;0;0;0;0;0;0;0;0;0;0;0;0;0;0;0;0
FR;5;2021-12-04;0;0;0;0;0;0;0;0;0;0;0;0;0;0;0;0;0;0
FR;5;2021-12-05;0;0;0;0;0;0;0;0;0;0;0;0;0;0;0;0;0;0
FR;5;2021-12-06;0;0;0;0;0;0;0;0;0;0;0;0;0;0;0;0;0;0
FR;5;2021-12-07;0;0;0;0;0;0;0;0;0;0;0;0;0;0;0;0;0;0
FR;5;2021-12-08;0;0;0;0;0;0;0;0;0;0;0;0;0;0;0;0;0;0
FR;5;2021-12-09;0;0;0;0;0;0;0;0;0;0;0;0;0;0;0;0;0;0
FR;5;2021-12-10;0;0;0;0;0;0;0;0;0;0;0;0;0;0;0;0;0;0
FR;5;2021-12-11;0;0;0;0;0;0;0;0;0;0;0;0;0;0;0;0;0;0
FR;5;2021-12-12;0;0;0;0;0;0;0;0;0;0;0;0;0;0;0;0;0;0
FR;5;2021-12-13;0;0;0;0;0;0;0;0;0;0;0;0;0;0;0;0;0;0
FR;5;2021-12-14;33;45;77;0;27;88;1;0;0;33;45;77;0;27;88;1;0;0
FR;5;2021-12-15;196;44;37;0;42;49;0;0;0;229;89;114;0;69;137;1;0;0
FR;5;2021-12-16;181;21;44;0;38;48;0;0;0;410;110;158;0;107;185;1;0;0
FR;5;2021-12-17;313;16;72;0;34;74;2;0;0;723;126;230;0;141;259;3;0;0
FR;5;2021-12-18;766;24;22;0;67;29;0;0;0;1489;150;252;0;208;288;3;0;0
FR;5;2021-12-19;585;15;15;0;67;17;0;0;0;2074;165;267;0;275;305;3;0;0
FR;5;2021-12-20;1225;31;34;0;134;37;2;0;0;3299;196;301;0;409;342;5;0;0
FR;5;2021-12-21;1535;22;54;1;141;60;0;0;0;4834;218;355;1;550;402;5;0;0
FR;5;2021-12-22;4069;40;37;0;420;46;2;0;0;8903;258;392;1;970;448;7;0;0
FR;5;2021-12-23;3042;16;21;0;304;25;0;0;0;11945;274;413;1;1274;473;7;0;0
FR;5;2021-12-24;761;18;9;0;103;14;0;0;0;12706;292;422;1;1377;487;7;0;0
FR;5;2021-12-25;61;5;2;0;9;3;0;0;0;12767;297;424;1;1386;490;7;0;0
FR;5;2021-12-26;623;6;3;0;101;4;0;0;0;13390;303;427;1;1487;494;7;0;0
FR;5;2021-12-27;4085;25;21;0;458;23;1;0;0;17475;328;448;1;1945;517;8;0;0
FR;5;2021-12-28;5204;23;41;1;512;43;2;0;0;22679;351;489;2;2457;560;10;0;0
FR;5;2021-12-29;8105;34;66;2;886;69;1;0;0;30784;385;555;4;3343;629;11;0;0
FR;5;2021-12-30;5173;18;33;0;525;39;0;0;0;35957;403;588;4;3868;668;11;0;0
FR;5;2021-12-31;1553;8;10;0;182;11;0;0;0;37510;411;598;4;4050;679;11;0;0
FR;5;2022-01-01;185;2;2;0;24;3;0;0;0;37695;413;600;4;4074;682;11;0;0
FR;5;2022-01-02;1489;1;1;0;150;1;0;0;0;39184;414;601;4;4224;683;11;0;0
FR;5;2022-01-03;3068;36;34;0;321;33;1;0;0;42252;450;635;4;4545;716;12;0;0
FR;5;2022-01-04;3034;39;33;0;320;42;3;0;0;45286;489;668;4;4865;758;15;0;0
FR;5;2022-01-05;19324;203;97;1;2113;108;0;0;0;64610;692;765;5;6978;866;15;0;0
FR;5;2022-01-06;3748;134;122;0;507;142;2;0;0;68358;826;887;5;7485;1008;17;0;0
FR;5;2022-01-07;5006;202;48;2;702;56;1;0;0;73364;1028;935;7;8187;1064;18;0;0
FR;5;2022-01-08;13659;514;45;0;1998;52;0;0;0;87023;1542;980;7;10185;1116;18;0;0
FR;5;2022-01-09;5754;399;15;0;1113;20;1;0;0;92777;1941;995;7;11298;1136;19;0;0
FR;5;2022-01-10;3455;326;25;0;732;29;0;0;0;96232;2267;1020;7;12030;1165;19;0;0
FR;5;2022-01-11;3671;284;38;0;662;41;1;0;0;99903;2551;1058;7;12692;1206;20;0;0
FR;5;2022-01-12;22650;3005;89;0;5295;112;2;0;0;122553;5556;1147;7;17987;1318;22;0;0
FR;5;2022-01-13;4039;622;29;0;1051;31;2;0;0;126592;6178;1176;7;19038;1349;24;0;0
FR;5;2022-01-14;4843;583;45;0;1115;52;1;0;0;131435;6761;1221;7;20153;1401;25;0;0
FR;5;2022-01-15;14686;1746;38;3;3373;49;3;0;0;146121;8507;1259;10;23526;1450;28;0;0
FR;5;2022-01-16;4728;666;3;0;1260;5;0;0;0;150849;9173;1262;10;24786;1455;28;0;0
FR;5;2022-01-17;2297;718;26;0;986;29;0;0;0;153146;9891;1288;10;25772;1484;28;0;0
FR;5;2022-01-18;2431;870;30;0;1141;40;0;0;0;155577;10761;1318;10;26913;1524;28;0;0
FR;5;2022-01-19;18482;6423;74;2;8362;142;3;0;0;174059;17184;1392;12;35275;1666;31;0;0
FR;5;2022-01-20;1920;1067;25;0;1295;34;2;0;0;175979;18251;1417;12;36570;1700;33;0;0
FR;5;2022-01-21;3077;1372;47;1;1675;59;2;0;0;179056;19623;1464;13;38245;1759;35;0;0
FR;5;2022-01-22;10720;3454;33;1;4670;43;1;0;0;189776;23077;1497;14;42915;1802;36;0;0
FR;5;2022-01-23;2629;1415;6;0;1788;10;0;0;0;192405;24492;1503;14;44703;1812;36;0;0
FR;5;2022-01-24;1161;1340;19;0;1446;23;1;0;0;193566;25832;1522;14;46149;1835;37;0;0
FR;5;2022-01-25;1220;1549;20;2;1681;31;3;0;0;194786;27381;1542;16;47830;1866;40;0;0
FR;5;2022-01-26;10750;12032;50;1;13298;89;1;0;1;205536;39413;1592;17;61128;1955;41;0;1
FR;5;2022-01-27;1291;1693;10;0;1838;17;0;0;0;206827;41106;1602;17;62966;1972;41;0;1
FR;5;2022-01-28;1699;3346;16;0;3566;19;1;0;0;208526;44452;1618;17;66532;1991;42;0;1
FR;5;2022-01-29;6241;8041;68;0;8855;96;2;0;0;214767;52493;1686;17;75387;2087;44;0;1
FR;5;2022-01-30;1509;2950;5;0;3185;18;0;0;0;216276;55443;1691;17;78572;2105;44;0;1
FR;5;2022-01-31;589;1773;23;0;1837;24;3;0;0;216865;57216;1714;17;80409;2129;47;0;1
FR;5;2022-02-01;712;1706;10;0;1791;15;0;0;0;217577;58922;1724;17;82200;2144;47;0;1
FR;5;2022-02-02;6958;15655;52;0;16603;94;0;0;0;224535;74577;1776;17;98803;2238;47;0;1
FR;5;2022-02-03;491;1691;14;0;1748;13;5;0;0;225026;76268;1790;17;100551;2251;52;0;1
FR;5;2022-02-04;945;3002;19;0;3123;31;0;0;0;225971;79270;1809;17;103674;2282;52;0;1
FR;5;2022-02-05;3535;8919;23;0;9517;37;0;0;0;229506;88189;1832;17;113191;2319;52;0;1
FR;5;2022-02-06;737;2397;10;0;2556;19;0;0;0;230243;90586;1842;17;115747;2338;52;0;1
FR;5;2022-02-07;884;1596;23;0;1715;25;2;0;0;231127;92182;1865;17;117462;2363;54;0;1
FR;5;2022-02-08;725;1287;18;0;1407;20;2;0;0;231852;93469;1883;17;118869;2383;56;0;1
FR;5;2022-02-09;4544;12880;44;0;13608;76;1;0;0;236396;106349;1927;17;132477;2459;57;0;1
FR;5;2022-02-10;646;1059;14;0;1166;15;0;0;0;237042;107408;1941;17;133643;2474;57;0;1
FR;5;2022-02-11;793;2032;16;0;2163;21;1;0;0;237835;109440;1957;17;135806;2495;58;0;1
FR;5;2022-02-12;2286;6812;33;0;7279;53;0;0;0;240121;116252;1990;17;143085;2548;58;0;1
FR;5;2022-02-13;464;1540;8;0;1653;8;1;0;0;240585;117792;1998;17;144738;2556;59;0;1
FR;5;2022-02-14;678;1288;10;0;1407;13;1;0;0;241263;119080;2008;17;146145;2569;60;0;1
FR;5;2022-02-15;482;886;9;0;968;14;1;0;0;241745;119966;2017;17;147113;2583;61;0;1
FR;5;2022-02-16;2980;9124;41;1;9676;58;2;0;0;244725;129090;2058;18;156789;2641;63;0;1
FR;5;2022-02-17;436;809;6;0;876;7;1;0;0;245161;129899;2064;18;157665;2648;64;0;1
FR;5;2022-02-18;649;1408;13;0;1535;17;0;0;0;245810;131307;2077;18;159200;2665;64;0;1
FR;5;2022-02-19;1373;4315;16;0;4623;28;0;0;0;247183;135622;2093;18;163823;2693;64;0;1
FR;5;2022-02-20;247;879;6;0;941;8;0;0;0;247430;136501;2099;18;164764;2701;64;0;1
FR;5;2022-02-21;221;607;2;0;661;4;1;0;0;247651;137108;2101;18;165425;2705;65;0;1
FR;5;2022-02-22;262;545;17;0;592;17;1;0;0;247913;137653;2118;18;166017;2722;66;0;1
FR;5;2022-02-23;1909;6926;23;1;7346;43;0;0;0;249822;144579;2141;19;173363;2765;66;0;1
FR;5;2022-02-24;182;374;6;1;421;7;1;0;0;250004;144953;2147;20;173784;2772;67;0;1
FR;5;2022-02-25;336;950;13;0;1027;12;2;0;0;250340;145903;2160;20;174811;2784;69;0;1
FR;5;2022-02-26;972;3071;11;0;3333;15;2;0;0;251312;148974;2171;20;178144;2799;71;0;1
FR;5;2022-02-27;151;506;0;0;549;3;0;0;0;251463;149480;2171;20;178693;2802;71;0;1
FR;5;2022-02-28;162;369;1;0;408;1;0;0;0;251625;149849;2172;20;179101;2803;71;0;1
FR;5;2022-03-01;130;280;6;0;315;7;1;0;0;251755;150129;2178;20;179416;2810;72;0;1
FR;5;2022-03-02;1241;4156;28;3;4497;40;3;0;0;252996;154285;2206;23;183913;2850;75;0;1
FR;5;2022-03-03;121;251;5;0;271;10;1;0;0;253117;154536;2211;23;184184;2860;76;0;1
FR;5;2022-03-04;197;488;13;0;538;14;2;0;0;253314;155024;2224;23;184722;2874;78;0;1
FR;5;2022-03-05;677;1990;8;0;2244;16;2;0;0;253991;157014;2232;23;186966;2890;80;0;1
FR;5;2022-03-06;108;260;0;0;310;0;0;0;0;254099;157274;2232;23;187276;2890;80;0;1
FR;5;2022-03-07;71;228;5;0;254;3;2;0;0;254170;157502;2237;23;187530;2893;82;0;1
FR;5;2022-03-08;46;134;7;1;141;8;3;0;0;254216;157636;2244;24;187671;2901;85;0;1
FR;5;2022-03-09;910;3078;24;0;3407;36;0;0;0;255126;160714;2268;24;191078;2937;85;0;1
FR;5;2022-03-10;82;202;9;0;215;13;3;0;0;255208;160916;2277;24;191293;2950;88;0;1
FR;5;2022-03-11;148;369;13;1;427;15;0;0;0;255356;161285;2290;25;191720;2965;88;0;1
FR;5;2022-03-12;758;1613;13;1;1976;30;0;0;0;256114;162898;2303;26;193696;2995;88;0;1
FR;5;2022-03-13;78;100;0;0;133;0;0;0;0;256192;162998;2303;26;193829;2995;88;0;1
FR;5;2022-03-14;67;119;7;1;139;7;1;0;0;256259;163117;2310;27;193968;3002;89;0;1
FR;5;2022-03-15;83;99;4;0;119;7;1;0;0;256342;163216;2314;27;194087;3009;90;0;1
FR;5;2022-03-16;882;1827;15;3;2228;36;7;0;0;257224;165043;2329;30;196315;3045;97;0;1
FR;5;2022-03-17;68;123;8;4;151;10;4;0;0;257292;165166;2337;34;196466;3055;101;0;1
FR;5;2022-03-18;172;318;13;4;390;18;4;0;0;257464;165484;2350;38;196856;3073;105;0;1
FR;5;2022-03-19;752;1163;12;5;1555;33;8;0;0;258216;166647;2362;43;198411;3106;113;0;1
FR;5;2022-03-20;45;93;1;0;119;1;0;0;0;258261;166740;2363;43;198530;3107;113;0;1
FR;5;2022-03-21;71;120;10;6;136;15;8;0;0;258332;166860;2373;49;198666;3122;121;0;1
FR;5;2022-03-22;56;119;8;7;143;9;6;0;0;258388;166979;2381;56;198809;3131;127;0;1
FR;5;2022-03-23;805;1461;14;8;1878;36;9;0;0;259193;168440;2395;64;200687;3167;136;0;1
FR;5;2022-03-24;71;93;8;7;118;7;10;0;0;259264;168533;2403;71;200805;3174;146;0;1
FR;5;2022-03-25;222;293;14;8;388;18;9;0;0;259486;168826;2417;79;201193;3192;155;0;1
FR;5;2022-03-26;707;853;12;5;1273;26;6;0;1;260193;169679;2429;84;202466;3218;161;0;2
FR;5;2022-03-27;75;81;0;0;124;3;0;0;0;260268;169760;2429;84;202590;3221;161;0;2
FR;5;2022-03-28;81;93;1;2;132;3;2;0;0;260349;169853;2430;86;202722;3224;163;0;2
FR;5;2022-03-29;71;82;10;4;113;12;5;0;0;260420;169935;2440;90;202835;3236;168;0;2
FR;5;2022-03-30;823;1116;16;13;1606;29;14;0;0;261243;171051;2456;103;204441;3265;182;0;2
FR;5;2022-03-31;102;125;1;4;173;6;4;0;0;261345;171176;2457;107;204614;3271;186;0;2
FR;5;2022-04-01;114;86;7;12;135;11;12;0;1;261459;171262;2464;119;204749;3282;198;0;3
FR;5;2022-04-02;330;349;3;3;535;15;4;0;0;261789;171611;2467;122;205284;3297;202;0;3
FR;5;2022-04-03;54;59;1;0;88;1;0;0;0;261843;171670;2468;122;205372;3298;202;0;3
FR;5;2022-04-04;40;57;4;1;70;8;2;0;0;261883;171727;2472;123;205442;3306;204;0;3
FR;5;2022-04-05;53;60;6;6;75;9;5;0;0;261936;171787;2478;129;205517;3315;209;0;3
FR;5;2022-04-06;421;439;7;14;678;16;14;0;0;262357;172226;2485;143;206195;3331;223;0;3
FR;5;2022-04-07;45;69;5;7;89;7;10;0;0;262402;172295;2490;150;206284;3338;233;0;3
FR;5;2022-04-08;134;112;12;13;174;14;15;0;0;262536;172407;2502;163;206458;3352;248;0;3
FR;5;2022-04-09;311;324;2;5;511;17;5;0;0;262847;172731;2504;168;206969;3369;253;0;3
FR;5;2022-04-10;44;31;2;0;61;2;1;0;0;262891;172762;2506;168;207030;3371;254;0;3
FR;5;2022-04-11;50;60;3;2;78;4;3;0;0;262941;172822;2509;170;207108;3375;257;0;3
FR;5;2022-04-12;59;54;3;3;78;5;3;0;0;263000;172876;2512;173;207186;3380;260;0;3
FR;5;2022-04-13;382;413;3;8;606;16;8;0;0;263382;173289;2515;181;207792;3396;268;0;3
FR;5;2022-04-14;48;53;5;5;70;9;3;0;0;263430;173342;2520;186;207862;3405;271;0;3
FR;5;2022-04-15;91;109;4;4;150;5;6;0;0;263521;173451;2524;190;208012;3410;277;0;3
FR;5;2022-04-16;188;184;2;1;265;13;1;0;0;263709;173635;2526;191;208277;3423;278;0;3
FR;5;2022-04-17;12;11;1;0;17;1;0;0;0;263721;173646;2527;191;208294;3424;278;0;3
FR;5;2022-04-18;9;10;2;0;11;3;1;0;0;263730;173656;2529;191;208305;3427;279;0;3
FR;5;2022-04-19;75;71;6;1;96;6;4;0;0;263805;173727;2535;192;208401;3433;283;0;3
FR;5;2022-04-20;361;349;9;6;522;12;7;0;0;264166;174076;2544;198;208923;3445;290;0;3
FR;5;2022-04-21;42;64;9;10;71;12;14;0;0;264208;174140;2553;208;208994;3457;304;0;3
FR;5;2022-04-22;113;96;5;4;144;5;5;0;0;264321;174236;2558;212;209138;3462;309;0;3
FR;5;2022-04-23;209;193;4;2;284;11;3;0;0;264530;174429;2562;214;209422;3473;312;0;3
FR;5;2022-04-24;37;35;0;0;50;3;0;0;0;264567;174464;2562;214;209472;3476;312;0;3
FR;5;2022-04-25;69;65;1;1;102;4;1;0;0;264636;174529;2563;215;209574;3480;313;0;3
FR;5;2022-04-26;60;63;2;1;85;5;1;0;0;264696;174592;2565;216;209659;3485;314;0;3
FR;5;2022-04-27;335;316;3;7;463;14;8;0;0;265031;174908;2568;223;210122;3499;322;0;3
FR;5;2022-04-28;81;54;4;5;81;8;7;0;0;265112;174962;2572;228;210203;3507;329;0;3
FR;5;2022-04-29;117;84;5;19;117;12;17;0;0;265229;175046;2577;247;210320;3519;346;0;3
FR;5;2022-04-30;183;114;2;3;184;10;4;0;0;265412;175160;2579;250;210504;3529;350;0;3
FR;5;2022-05-01;11;7;0;0;11;0;0;0;0;265423;175167;2579;250;210515;3529;350;0;3
FR;5;2022-05-02;52;28;4;5;48;2;7;0;0;265475;175195;2583;255;210563;3531;357;0;3
FR;5;2022-05-03;87;57;2;4;84;11;4;0;0;265562;175252;2585;259;210647;3542;361;0;3
FR;5;2022-05-04;278;205;1;2;324;7;2;0;0;265840;175457;2586;261;210971;3549;363;0;3
FR;5;2022-05-05;62;32;3;4;46;5;4;0;0;265902;175489;2589;265;211017;3554;367;0;3
FR;5;2022-05-06;105;65;2;3;106;5;3;0;0;266007;175554;2591;268;211123;3559;370;0;3
FR;5;2022-05-07;171;117;2;10;180;13;7;0;0;266178;175671;2593;278;211303;3572;377;0;3
FR;5;2022-05-08;8;8;0;0;9;2;0;0;0;266186;175679;2593;278;211312;3574;377;0;3
FR;5;2022-05-09;44;34;15;3;51;16;4;0;0;266230;175713;2608;281;211363;3590;381;0;3
FR;5;2022-05-10;54;49;3;4;67;5;5;0;0;266284;175762;2611;285;211430;3595;386;0;3
FR;5;2022-05-11;327;237;12;7;344;21;11;0;0;266611;175999;2623;292;211774;3616;397;0;3
FR;5;2022-05-12;46;34;2;2;46;2;3;0;0;266657;176033;2625;294;211820;3618;400;0;3
FR;5;2022-05-13;109;83;3;8;119;8;7;0;0;266766;176116;2628;302;211939;3626;407;0;3
FR;5;2022-05-14;209;131;0;1;212;8;0;0;0;266975;176247;2628;303;212151;3634;407;0;3
FR;5;2022-05-15;22;9;2;0;18;1;1;0;0;266997;176256;2630;303;212169;3635;408;0;3
FR;5;2022-05-16;52;34;4;5;53;4;5;0;0;267049;176290;2634;308;212222;3639;413;0;3
FR;5;2022-05-17;72;40;5;0;68;2;3;0;0;267121;176330;2639;308;212290;3641;416;0;3
FR;5;2022-05-18;289;215;4;4;330;8;6;0;0;267410;176545;2643;312;212620;3649;422;0;3
FR;5;2022-05-19;45;35;5;3;42;3;4;0;0;267455;176580;2648;315;212662;3652;426;0;3
FR;5;2022-05-20;76;63;3;10;92;1;11;0;0;267531;176643;2651;325;212754;3653;437;0;3
FR;5;2022-05-21;242;166;2;3;268;17;1;0;0;267773;176809;2653;328;213022;3670;438;0;3
FR;5;2022-05-22;20;14;2;5;20;2;6;0;0;267793;176823;2655;333;213042;3672;444;0;3
FR;5;2022-05-23;42;31;4;3;42;6;3;0;0;267835;176854;2659;336;213084;3678;447;0;3
FR;5;2022-05-24;47;45;3;2;60;5;2;0;0;267882;176899;2662;338;213144;3683;449;0;3
FR;5;2022-05-25;329;257;4;1;385;16;1;0;0;268211;177156;2666;339;213529;3699;450;0;3
FR;5;2022-05-26;17;5;0;1;9;2;0;0;1;268228;177161;2666;340;213538;3701;450;0;4
FR;5;2022-05-27;99;54;4;4;89;9;3;0;0;268327;177215;2670;344;213627;3710;453;0;4
FR;5;2022-05-28;100;78;5;3;106;10;3;0;0;268427;177293;2675;347;213733;3720;456;0;4
FR;5;2022-05-29;14;14;1;0;18;2;0;0;0;268441;177307;2676;347;213751;3722;456;0;4
FR;5;2022-05-30;56;41;2;1;54;2;2;0;0;268497;177348;2678;348;213805;3724;458;0;4
FR;5;2022-05-31;57;43;1;8;62;1;8;0;0;268554;177391;2679;356;213867;3725;466;0;4
FR;5;2022-06-01;257;241;9;2;301;25;5;0;0;268811;177632;2688;358;214168;3750;471;0;4
FR;5;2022-06-02;63;61;5;0;73;9;1;0;0;268874;177693;2693;358;214241;3759;472;0;4
FR;5;2022-06-03;82;71;4;5;88;10;6;0;0;268956;177764;2697;363;214329;3769;478;0;4
FR;5;2022-06-04;157;109;2;1;187;9;1;0;0;269113;177873;2699;364;214516;3778;479;0;4
FR;5;2022-06-05;18;11;0;0;21;1;0;0;0;269131;177884;2699;364;214537;3779;479;0;4
FR;5;2022-06-06;16;12;0;1;15;0;1;0;0;269147;177896;2699;365;214552;3779;480;0;4
FR;5;2022-06-07;50;56;1;1;76;2;1;0;0;269197;177952;2700;366;214628;3781;481;0;4
FR;5;2022-06-08;283;225;3;4;332;17;2;0;0;269480;178177;2703;370;214960;3798;483;0;4
FR;5;2022-06-09;52;41;6;3;57;7;2;0;1;269532;178218;2709;373;215017;3805;485;0;5
FR;5;2022-06-10;81;72;1;1;105;6;1;0;0;269613;178290;2710;374;215122;3811;486;0;5
FR;5;2022-06-11;173;141;3;3;202;10;4;0;0;269786;178431;2713;377;215324;3821;490;0;5
FR;5;2022-06-12;17;16;0;0;19;2;0;0;0;269803;178447;2713;377;215343;3823;490;0;5
FR;5;2022-06-13;56;47;9;3;70;10;6;0;0;269859;178494;2722;380;215413;3833;496;0;5
FR;5;2022-06-14;59;56;1;4;64;6;4;0;0;269918;178550;2723;384;215477;3839;500;0;5
FR;5;2022-06-15;266;260;5;2;363;27;1;0;0;270184;178810;2728;386;215840;3866;501;0;5
FR;5;2022-06-16;47;30;5;2;44;5;2;0;0;270231;178840;2733;388;215884;3871;503;0;5
FR;5;2022-06-17;100;67;5;5;102;10;5;0;0;270331;178907;2738;393;215986;3881;508;0;5
FR;5;2022-06-18;146;95;10;2;152;26;2;0;1;270477;179002;2748;395;216138;3907;510;0;6
FR;5;2022-06-19;26;15;0;1;18;4;1;0;0;270503;179017;2748;396;216156;3911;511;0;6
FR;5;2022-06-20;56;50;8;0;62;11;2;0;0;270559;179067;2756;396;216218;3922;513;0;6
FR;5;2022-06-21;52;73;5;3;90;7;5;0;1;270611;179140;2761;399;216308;3929;518;0;7
FR;5;2022-06-22;224;247;7;9;347;33;10;0;0;270835;179387;2768;408;216655;3962;528;0;7
FR;5;2022-06-23;50;38;2;5;43;6;6;0;0;270885;179425;2770;413;216698;3968;534;0;7
FR;5;2022-06-24;91;70;12;5;101;16;8;0;0;270976;179495;2782;418;216799;3984;542;0;7
FR;5;2022-06-25;154;124;3;7;185;14;8;0;1;271130;179619;2785;425;216984;3998;550;0;8
FR;5;2022-06-26;26;19;2;0;29;5;0;0;0;271156;179638;2787;425;217013;4003;550;0;8
FR;5;2022-06-27;57;60;5;7;78;11;9;0;0;271213;179698;2792;432;217091;4014;559;0;8
FR;5;2022-06-28;70;49;8;2;69;14;5;0;0;271283;179747;2800;434;217160;4028;564;0;8
FR;5;2022-06-29;297;268;9;21;391;34;23;0;0;271580;180015;2809;455;217551;4062;587;0;8
FR;5;2022-06-30;89;57;10;12;89;17;11;0;0;271669;180072;2819;467;217640;4079;598;0;8
FR;5;2022-07-01;127;65;7;11;118;12;11;0;2;271796;180137;2826;478;217758;4091;609;0;10
FR;5;2022-07-02;191;132;4;0;209;22;0;0;0;271987;180269;2830;478;217967;4113;609;0;10
FR;5;2022-07-03;30;25;1;0;36;4;0;0;0;272017;180294;2831;478;218003;4117;609;0;10
FR;5;2022-07-04;103;64;2;5;102;6;5;0;1;272120;180358;2833;483;218105;4123;614;0;11
FR;5;2022-07-05;104;72;3;8;107;13;8;0;1;272224;180430;2836;491;218212;4136;622;0;12
FR;5;2022-07-06;277;168;9;36;289;27;36;0;0;272501;180598;2845;527;218501;4163;658;0;12
FR;5;2022-07-07;88;68;6;9;88;13;11;0;0;272589;180666;2851;536;218589;4176;669;0;12
FR;5;2022-07-08;152;120;7;14;146;25;13;0;1;272741;180786;2858;550;218735;4201;682;0;13
FR;5;2022-07-09;116;68;1;8;100;10;8;0;0;272857;180854;2859;558;218835;4211;690;0;13
FR;5;2022-07-10;15;6;0;0;10;1;0;0;0;272872;180860;2859;558;218845;4212;690;0;13
FR;5;2022-07-11;92;72;10;2;98;19;3;0;0;272964;180932;2869;560;218943;4231;693;0;13
FR;5;2022-07-12;67;63;5;10;81;7;12;0;0;273031;180995;2874;570;219024;4238;705;0;13
FR;5;2022-07-13;169;118;10;19;196;16;23;0;0;273200;181113;2884;589;219220;4254;728;0;13
FR;5;2022-07-14;8;4;0;0;7;0;0;0;0;273208;181117;2884;589;219227;4254;728;0;13
FR;5;2022-07-15;74;66;5;14;86;15;15;0;0;273282;181183;2889;603;219313;4269;743;0;13
FR;5;2022-07-16;54;44;3;0;71;3;2;0;0;273336;181227;2892;603;219384;4272;745;0;13
FR;5;2022-07-17;10;7;3;0;10;2;2;0;0;273346;181234;2895;603;219394;4274;747;0;13
FR;5;2022-07-18;60;47;0;4;70;4;3;0;0;273406;181281;2895;607;219464;4278;750;0;13
FR;5;2022-07-19;63;42;5;3;63;7;4;0;0;273469;181323;2900;610;219527;4285;754;0;13
FR;5;2022-07-20;119;106;4;11;141;14;9;0;0;273588;181429;2904;621;219668;4299;763;0;13
FR;5;2022-07-21;38;43;2;10;52;5;10;0;0;273626;181472;2906;631;219720;4304;773;0;13
FR;5;2022-07-22;48;69;11;13;75;23;11;0;1;273674;181541;2917;644;219795;4327;784;0;14
FR;5;2022-07-23;59;78;2;1;95;11;2;0;0;273733;181619;2919;645;219890;4338;786;0;14
FR;5;2022-07-24;11;9;3;1;12;3;1;0;0;273744;181628;2922;646;219902;4341;787;0;14
FR;5;2022-07-25;53;48;2;7;57;8;8;0;0;273797;181676;2924;653;219959;4349;795;0;14
FR;5;2022-07-26;58;52;5;41;70;6;44;0;0;273855;181728;2929;694;220029;4355;839;0;14
FR;5;2022-07-27;106;118;4;4;161;13;4;0;0;273961;181846;2933;698;220190;4368;843;0;14
FR;5;2022-07-28;39;35;2;2;47;6;1;0;0;274000;181881;2935;700;220237;4374;844;0;14
FR;5;2022-07-29;56;74;3;14;90;8;10;0;0;274056;181955;2938;714;220327;4382;854;0;14
FR;5;2022-07-30;55;53;5;1;75;7;2;0;0;274111;182008;2943;715;220402;4389;856;0;14
FR;5;2022-07-31;7;11;1;0;13;1;0;0;0;274118;182019;2944;715;220415;4390;856;0;14
FR;5;2022-08-01;39;53;1;2;62;6;2;0;0;274157;182072;2945;717;220477;4396;858;0;14
FR;5;2022-08-02;32;43;8;7;47;8;7;0;1;274189;182115;2953;724;220524;4404;865;0;15
FR;5;2022-08-03;54;51;4;10;70;9;8;0;0;274243;182166;2957;734;220594;4413;873;0;15
FR;5;2022-08-04;20;18;1;6;22;1;6;0;0;274263;182184;2958;740;220616;4414;879;0;15
FR;5;2022-08-05;35;26;3;3;39;3;3;0;0;274298;182210;2961;743;220655;4417;882;0;15
FR;5;2022-08-06;23;26;1;0;31;1;0;0;0;274321;182236;2962;743;220686;4418;882;0;15
FR;5;2022-08-07;2;2;1;0;1;1;1;0;0;274323;182238;2963;743;220687;4419;883;0;15
FR;5;2022-08-08;26;19;1;2;24;2;1;0;0;274349;182257;2964;745;220711;4421;884;0;15
FR;5;2022-08-09;26;28;3;3;35;3;3;0;0;274375;182285;2967;748;220746;4424;887;0;15
FR;5;2022-08-10;47;47;2;0;56;5;0;0;0;274422;182332;2969;748;220802;4429;887;0;15
FR;5;2022-08-11;19;36;2;2;42;5;2;0;0;274441;182368;2971;750;220844;4434;889;0;15
FR;5;2022-08-12;27;28;2;0;39;2;0;0;0;274468;182396;2973;750;220883;4436;889;0;15
FR;5;2022-08-13;16;18;0;0;24;0;0;0;0;274484;182414;2973;750;220907;4436;889;0;15
FR;5;2022-08-14;2;3;0;0;4;0;0;0;0;274486;182417;2973;750;220911;4436;889;0;15
FR;5;2022-08-15;2;5;0;0;5;0;0;0;0;274488;182422;2973;750;220916;4436;889;0;15
FR;5;2022-08-16;33;26;3;0;28;6;0;0;0;274521;182448;2976;750;220944;4442;889;0;15
FR;5;2022-08-17;52;55;2;1;72;1;1;0;0;274573;182503;2978;751;221016;4443;890;0;15
FR;5;2022-08-18;26;18;8;17;25;10;16;0;0;274599;182521;2986;768;221041;4453;906;0;15
FR;5;2022-08-19;25;33;1;2;41;2;2;0;0;274624;182554;2987;770;221082;4455;908;0;15
FR;5;2022-08-20;25;27;2;1;33;4;2;0;0;274649;182581;2989;771;221115;4459;910;0;15
FR;5;2022-08-21;7;4;1;0;7;1;0;0;0;274656;182585;2990;771;221122;4460;910;0;15
FR;5;2022-08-22;39;26;1;6;42;2;5;0;1;274695;182611;2991;777;221164;4462;915;0;16
FR;5;2022-08-23;27;26;1;1;32;2;1;0;0;274722;182637;2992;778;221196;4464;916;0;16
FR;5;2022-08-24;50;43;0;0;62;0;0;0;0;274772;182680;2992;778;221258;4464;916;0;16
FR;5;2022-08-25;27;26;3;1;31;2;0;0;1;274799;182706;2995;779;221289;4466;916;0;17
FR;5;2022-08-26;48;39;7;2;58;5;4;0;0;274847;182745;3002;781;221347;4471;920;0;17
FR;5;2022-08-27;46;28;1;0;46;3;1;0;0;274893;182773;3003;781;221393;4474;921;0;17
FR;5;2022-08-28;5;6;0;0;6;0;0;0;0;274898;182779;3003;781;221399;4474;921;0;17
FR;5;2022-08-29;58;44;1;1;66;4;1;0;0;274956;182823;3004;782;221465;4478;922;0;17
FR;5;2022-08-30;45;23;12;29;40;10;30;0;1;275001;182846;3016;811;221505;4488;952;0;18
FR;5;2022-08-31;53;47;6;1;58;11;1;0;0;275054;182893;3022;812;221563;4499;953;0;18
FR;5;2022-09-01;16;8;1;4;13;1;4;0;0;275070;182901;3023;816;221576;4500;957;0;18
FR;5;2022-09-02;42;23;8;2;35;9;3;0;0;275112;182924;3031;818;221611;4509;960;0;18
FR;5;2022-09-03;69;37;2;0;58;2;0;0;0;275181;182961;3033;818;221669;4511;960;0;18
FR;5;2022-09-04;12;7;1;0;8;3;0;0;0;275193;182968;3034;818;221677;4514;960;0;18
FR;5;2022-09-05;7;4;1;0;4;1;0;0;0;275200;182972;3035;818;221681;4515;960;0;18
FR;5;2022-09-06;21;14;3;15;17;2;14;0;2;275221;182986;3038;833;221698;4517;974;0;20
FR;5;2022-09-07;79;53;1;1;76;3;1;0;0;275300;183039;3039;834;221774;4520;975;0;20
FR;5;2022-09-08;9;4;0;4;7;0;4;0;0;275309;183043;3039;838;221781;4520;979;0;20
FR;5;2022-09-09;40;11;9;2;14;10;3;0;0;275349;183054;3048;840;221795;4530;982;0;20
FR;5;2022-09-10;40;45;1;1;50;8;1;0;0;275389;183099;3049;841;221845;4538;983;0;20
FR;5;2022-09-11;3;3;0;0;3;1;0;0;0;275392;183102;3049;841;221848;4539;983;0;20
FR;5;2022-09-12;7;5;2;2;7;2;2;0;0;275399;183107;3051;843;221855;4541;985;0;20
FR;5;2022-09-13;9;6;0;1;4;3;1;0;0;275408;183113;3051;844;221859;4544;986;0;20
FR;5;2022-09-14;52;47;4;6;55;9;5;0;0;275460;183160;3055;850;221914;4553;991;0;20
FR;5;2022-09-15;11;13;2;3;11;5;3;0;0;275471;183173;3057;853;221925;4558;994;0;20
FR;5;2022-09-16;25;33;1;4;38;3;3;0;0;275496;183206;3058;857;221963;4561;997;0;20
FR;5;2022-09-17;60;43;1;1;51;5;1;0;0;275556;183249;3059;858;222014;4566;998;0;20
FR;5;2022-09-18;9;6;0;1;10;1;0;0;0;275565;183255;3059;859;222024;4567;998;0;20
FR;5;2022-09-19;22;17;2;1;20;5;2;0;0;275587;183272;3061;860;222044;4572;1000;0;20
FR;5;2022-09-20;15;11;3;3;15;1;4;0;0;275602;183283;3064;863;222059;4573;1004;0;20
FR;5;2022-09-21;68;45;9;0;65;13;0;0;0;275670;183328;3073;863;222124;4586;1004;0;20
FR;5;2022-09-22;12;6;4;24;6;4;23;0;1;275682;183334;3077;887;222130;4590;1027;0;21
FR;5;2022-09-23;20;25;2;3;23;8;3;0;0;275702;183359;3079;890;222153;4598;1030;0;21
FR;5;2022-09-24;44;51;1;8;65;5;8;0;0;275746;183410;3080;898;222218;4603;1038;0;21
FR;5;2022-09-25;6;12;0;0;13;1;0;0;0;275752;183422;3080;898;222231;4604;1038;0;21
FR;5;2022-09-26;15;7;0;2;12;0;1;0;1;275767;183429;3080;900;222243;4604;1039;0;22
FR;5;2022-09-27;7;12;4;9;14;4;9;0;1;275774;183441;3084;909;222257;4608;1048;0;23
FR;5;2022-09-28;65;64;5;0;88;7;0;0;0;275839;183505;3089;909;222345;4615;1048;0;23
FR;5;2022-09-29;17;9;1;0;15;1;1;0;1;275856;183514;3090;909;222360;4616;1049;0;24
FR;5;2022-09-30;28;46;2;2;53;4;3;0;0;275884;183560;3092;911;222413;4620;1052;0;24
FR;5;2022-10-01;40;35;5;5;48;8;7;0;0;275924;183595;3097;916;222461;4628;1059;0;24
FR;5;2022-10-02;1;9;1;0;10;1;0;0;0;275925;183604;3098;916;222471;4629;1059;0;24
FR;5;2022-10-03;7;6;3;0;5;4;0;0;0;275932;183610;3101;916;222476;4633;1059;0;24
FR;5;2022-10-04;11;8;1;3;11;2;3;0;0;275943;183618;3102;919;222487;4635;1062;0;24
FR;5;2022-10-05;57;62;2;2;79;13;2;0;0;276000;183680;3104;921;222566;4648;1064;0;24
FR;5;2022-10-06;12;10;1;4;15;2;4;0;0;276012;183690;3105;925;222581;4650;1068;0;24
FR;5;2022-10-07;21;31;1;0;34;5;0;0;0;276033;183721;3106;925;222615;4655;1068;0;24
FR;5;2022-10-08;33;51;1;0;54;7;0;0;0;276066;183772;3107;925;222669;4662;1068;0;24
FR;5;2022-10-09;7;10;0;0;11;1;0;0;0;276073;183782;3107;925;222680;4663;1068;0;24
FR;5;2022-10-10;14;6;0;1;8;1;1;0;0;276087;183788;3107;926;222688;4664;1069;0;24
FR;5;2022-10-11;6;13;2;1;14;2;2;0;0;276093;183801;3109;927;222702;4666;1071;0;24
FR;5;2022-10-12;39;57;3;2;69;8;2;0;0;276132;183858;3112;929;222771;4674;1073;0;24
FR;5;2022-10-13;11;16;2;0;18;4;0;0;0;276143;183874;3114;929;222789;4678;1073;0;24
FR;5;2022-10-14;21;21;1;0;20;5;0;0;0;276164;183895;3115;929;222809;4683;1073;0;24
FR;5;2022-10-15;19;26;10;0;24;11;2;0;0;276183;183921;3125;929;222833;4694;1075;0;24
FR;5;2022-10-16;3;1;0;0;1;1;0;0;0;276186;183922;3125;929;222834;4695;1075;0;24
FR;5;2022-10-17;8;8;2;1;8;3;1;0;2;276194;183930;3127;930;222842;4698;1076;0;26
FR;5;2022-10-18;6;7;0;2;8;0;2;0;0;276200;183937;3127;932;222850;4698;1078;0;26
FR;5;2022-10-19;38;43;8;0;52;11;0;0;1;276238;183980;3135;932;222902;4709;1078;0;27
FR;5;2022-10-20;18;15;2;1;16;3;1;0;0;276256;183995;3137;933;222918;4712;1079;0;27
FR;5;2022-10-21;22;15;6;0;19;8;1;0;2;276278;184010;3143;933;222937;4720;1080;0;29
FR;5;2022-10-22;34;29;2;12;32;5;12;0;0;276312;184039;3145;945;222969;4725;1092;0;29
FR;5;2022-10-23;9;3;0;0;4;0;0;0;0;276321;184042;3145;945;222973;4725;1092;0;29
FR;5;2022-10-24;14;7;6;7;9;9;8;0;0;276335;184049;3151;952;222982;4734;1100;0;29
FR;5;2022-10-25;12;9;6;3;9;8;3;0;2;276347;184058;3157;955;222991;4742;1103;0;31
FR;5;2022-10-26;34;22;6;0;29;10;0;0;0;276381;184080;3163;955;223020;4752;1103;0;31
FR;5;2022-10-27;16;4;4;0;11;4;0;0;0;276397;184084;3167;955;223031;4756;1103;0;31
FR;5;2022-10-28;19;13;5;3;14;6;4;0;0;276416;184097;3172;958;223045;4762;1107;0;31
FR;5;2022-10-29;21;13;0;0;17;3;0;0;0;276437;184110;3172;958;223062;4765;1107;0;31
FR;5;2022-10-30;1;4;2;0;4;3;0;0;0;276438;184114;3174;958;223066;4768;1107;0;31
FR;5;2022-10-31;14;11;2;1;12;3;1;0;0;276452;184125;3176;959;223078;4771;1108;0;31
FR;5;2022-11-01;3;3;0;1;3;0;1;0;0;276455;184128;3176;960;223081;4771;1109;0;31
FR;5;2022-11-02;23;17;5;4;23;5;5;0;0;276478;184145;3181;964;223104;4776;1114;0;31
FR;5;2022-11-03;22;4;1;1;11;1;1;0;0;276500;184149;3182;965;223115;4777;1115;0;31
FR;5;2022-11-04;19;18;1;0;18;2;0;0;0;276519;184167;3183;965;223133;4779;1115;0;31
FR;5;2022-11-05;25;16;1;0;21;1;0;0;0;276544;184183;3184;965;223154;4780;1115;0;31
FR;5;2022-11-06;1;7;0;0;7;0;0;0;0;276545;184190;3184;965;223161;4780;1115;0;31
FR;5;2022-11-07;4;3;3;0;3;3;0;0;0;276549;184193;3187;965;223164;4783;1115;0;31
FR;5;2022-11-08;11;7;1;2;8;1;1;0;0;276560;184200;3188;967;223172;4784;1116;0;31
FR;5;2022-11-09;28;29;6;1;32;6;1;0;0;276588;184229;3194;968;223204;4790;1117;0;31
FR;5;2022-11-10;11;16;1;0;17;1;0;0;0;276599;184245;3195;968;223221;4791;1117;0;31
FR;5;2022-11-11;2;4;0;1;6;0;1;0;0;276601;184249;3195;969;223227;4791;1118;0;31
FR;5;2022-11-12;19;10;5;9;18;6;9;0;2;276620;184259;3200;978;223245;4797;1127;0;33
FR;5;2022-11-13;2;2;0;1;2;0;1;0;0;276622;184261;3200;979;223247;4797;1128;0;33
FR;5;2022-11-14;8;10;0;1;9;3;0;0;0;276630;184271;3200;980;223256;4800;1128;0;33
FR;5;2022-11-15;8;6;4;3;6;4;3;0;0;276638;184277;3204;983;223262;4804;1131;0;33
FR;5;2022-11-16;29;28;2;1;32;5;0;0;0;276667;184305;3206;984;223294;4809;1131;0;33
FR;5;2022-11-17;6;15;2;0;15;3;0;0;0;276673;184320;3208;984;223309;4812;1131;0;33
FR;5;2022-11-18;16;17;6;0;19;8;0;0;0;276689;184337;3214;984;223328;4820;1131;0;33
FR;5;2022-11-19;18;27;2;0;27;6;0;0;0;276707;184364;3216;984;223355;4826;1131;0;33
FR;5;2022-11-20;6;3;0;0;5;0;0;0;0;276713;184367;3216;984;223360;4826;1131;0;33
FR;5;2022-11-21;8;5;0;2;4;2;1;0;0;276721;184372;3216;986;223364;4828;1132;0;33
FR;5;2022-11-22;9;3;0;1;4;0;1;0;0;276730;184375;3216;987;223368;4828;1133;0;33
FR;5;2022-11-23;34;25;6;1;27;13;0;0;0;276764;184400;3222;988;223395;4841;1133;0;33
FR;5;2022-11-24;3;7;2;1;8;1;2;0;0;276767;184407;3224;989;223403;4842;1135;0;33
FR;5;2022-11-25;15;20;2;0;25;3;0;0;1;276782;184427;3226;989;223428;4845;1135;0;34
FR;5;2022-11-26;22;19;4;0;20;8;0;0;0;276804;184446;3230;989;223448;4853;1135;0;34
FR;5;2022-11-27;7;0;1;0;2;1;0;0;0;276811;184446;3231;989;223450;4854;1135;0;34
FR;5;2022-11-28;7;11;3;0;11;5;0;0;0;276818;184457;3234;989;223461;4859;1135;0;34
FR;5;2022-11-29;10;9;1;0;11;3;0;0;1;276828;184466;3235;989;223472;4862;1135;0;35
FR;5;2022-11-30;34;48;12;0;55;17;1;0;0;276862;184514;3247;989;223527;4879;1136;0;35
FR;5;2022-12-01;4;8;2;0;8;3;0;0;0;276866;184522;3249;989;223535;4882;1136;0;35
FR;5;2022-12-02;1;5;2;1;4;3;1;0;0;276867;184527;3251;990;223539;4885;1137;0;35
FR;5;2022-12-03;3;3;8;1;5;8;1;0;0;276870;184530;3259;991;223544;4893;1138;0;35
FR;5;2022-12-04;3;2;1;0;2;2;0;0;0;276873;184532;3260;991;223546;4895;1138;0;35
FR;5;2022-12-05;0;1;0;0;0;1;0;0;0;276873;184533;3260;991;223546;4896;1138;0;35
FR;5;2022-12-06;4;1;0;0;1;0;0;0;1;276877;184534;3260;991;223547;4896;1138;0;36
FR;5;2022-12-07;5;8;1;0;9;1;0;0;0;276882;184542;3261;991;223556;4897;1138;0;36
FR;5;2022-12-08;2;2;0;0;2;0;0;0;0;276884;184544;3261;991;223558;4897;1138;0;36
FR;5;2022-12-09;3;8;0;0;6;2;0;0;0;276887;184552;3261;991;223564;4899;1138;0;36
FR;5;2022-12-10;4;7;2;1;8;2;1;0;0;276891;184559;3263;992;223572;4901;1139;0;36
FR;5;2022-12-11;2;0;0;0;0;0;0;0;0;276893;184559;3263;992;223572;4901;1139;0;36
FR;5;2022-12-12;0;0;0;0;0;0;0;0;0;276893;184559;3263;992;223572;4901;1139;0;36
FR;5;2022-12-13;2;3;0;0;4;1;0;0;0;276895;184562;3263;992;223576;4902;1139;0;36
FR;5;2022-12-14;1;2;0;9;2;1;8;0;3;276896;184564;3263;1001;223578;4903;1147;0;39
FR;5;2022-12-15;0;2;0;0;2;0;0;0;0;276896;184566;3263;1001;223580;4903;1147;0;39
FR;5;2022-12-16;3;2;2;0;3;3;0;0;0;276899;184568;3265;1001;223583;4906;1147;0;39
FR;5;2022-12-17;3;3;3;0;3;2;1;0;0;276902;184571;3268;1001;223586;4908;1148;0;39
FR;5;2022-12-18;3;0;0;1;0;0;1;0;1;276905;184571;3268;1002;223586;4908;1149;0;40
FR;5;2022-12-19;1;0;0;2;0;0;2;0;0;276906;184571;3268;1004;223586;4908;1151;0;40
FR;5;2022-12-20;0;1;3;0;1;3;0;0;0;276906;184572;3271;1004;223587;4911;1151;0;40
FR;5;2022-12-21;2;4;0;0;4;0;0;0;0;276908;184576;3271;1004;223591;4911;1151;0;40
FR;5;2022-12-22;2;1;0;0;1;0;0;0;0;276910;184577;3271;1004;223592;4911;1151;0;40
FR;5;2022-12-23;3;1;0;0;1;0;0;0;0;276913;184578;3271;1004;223593;4911;1151;0;40
FR;5;2022-12-24;0;1;0;0;1;0;0;0;0;276913;184579;3271;1004;223594;4911;1151;0;40
FR;5;2022-12-25;0;1;0;0;0;1;0;0;0;276913;184580;3271;1004;223594;4912;1151;0;40
FR;5;2022-12-26;2;0;0;0;0;0;0;0;0;276915;184580;3271;1004;223594;4912;1151;0;40
FR;5;2022-12-27;0;3;0;0;3;0;0;0;0;276915;184583;3271;1004;223597;4912;1151;0;40
FR;5;2022-12-28;5;2;3;0;2;3;2;0;0;276920;184585;3274;1004;223599;4915;1153;0;40
FR;5;2022-12-29;3;2;2;0;3;2;0;0;0;276923;184587;3276;1004;223602;4917;1153;0;40
FR;6;2020-12-27;0;0;0;0;0;0;0;0;0;0;0;0;0;0;0;0;0;0
FR;6;2020-12-28;0;0;0;0;0;0;0;0;0;0;0;0;0;0;0;0;0;0
FR;6;2020-12-29;0;0;0;0;0;0;0;0;0;0;0;0;0;0;0;0;0;0
FR;6;2020-12-30;0;0;0;0;0;0;0;0;0;0;0;0;0;0;0;0;0;0
FR;6;2020-12-31;0;0;0;0;0;0;0;0;0;0;0;0;0;0;0;0;0;0
FR;6;2021-01-01;0;0;0;0;0;0;0;0;0;0;0;0;0;0;0;0;0;0
FR;6;2021-01-02;0;0;0;0;0;0;0;0;0;0;0;0;0;0;0;0;0;0
FR;6;2021-01-03;0;0;0;0;0;0;0;0;0;0;0;0;0;0;0;0;0;0
FR;6;2021-01-04;0;0;0;0;0;0;0;0;0;0;0;0;0;0;0;0;0;0
FR;6;2021-01-05;0;0;0;0;0;0;0;0;0;0;0;0;0;0;0;0;0;0
FR;6;2021-01-06;0;0;0;0;0;0;0;0;0;0;0;0;0;0;0;0;0;0
FR;6;2021-01-07;0;0;0;0;0;0;0;0;0;0;0;0;0;0;0;0;0;0
FR;6;2021-01-08;0;0;0;0;0;0;0;0;0;0;0;0;0;0;0;0;0;0
FR;6;2021-01-09;0;0;0;0;0;0;0;0;0;0;0;0;0;0;0;0;0;0
FR;6;2021-01-10;0;0;0;0;0;0;0;0;0;0;0;0;0;0;0;0;0;0
FR;6;2021-01-11;0;0;0;0;0;0;0;0;0;0;0;0;0;0;0;0;0;0
FR;6;2021-01-12;0;0;0;0;0;0;0;0;0;0;0;0;0;0;0;0;0;0
FR;6;2021-01-13;0;0;0;0;0;0;0;0;0;0;0;0;0;0;0;0;0;0
FR;6;2021-01-14;0;0;0;0;0;0;0;0;0;0;0;0;0;0;0;0;0;0
FR;6;2021-01-15;0;0;0;0;0;0;0;0;0;0;0;0;0;0;0;0;0;0
FR;6;2021-01-16;0;0;0;0;0;0;0;0;0;0;0;0;0;0;0;0;0;0
FR;6;2021-01-17;0;0;0;0;0;0;0;0;0;0;0;0;0;0;0;0;0;0
FR;6;2021-01-18;0;0;0;0;0;0;0;0;0;0;0;0;0;0;0;0;0;0
FR;6;2021-01-19;0;0;0;0;0;0;0;0;0;0;0;0;0;0;0;0;0;0
FR;6;2021-01-20;0;0;0;0;0;0;0;0;0;0;0;0;0;0;0;0;0;0
FR;6;2021-01-21;0;0;0;0;0;0;0;0;0;0;0;0;0;0;0;0;0;0
FR;6;2021-01-22;0;0;0;0;0;0;0;0;0;0;0;0;0;0;0;0;0;0
FR;6;2021-01-23;0;0;0;0;0;0;0;0;0;0;0;0;0;0;0;0;0;0
FR;6;2021-01-24;0;0;0;0;0;0;0;0;0;0;0;0;0;0;0;0;0;0
FR;6;2021-01-25;0;0;0;0;0;0;0;0;0;0;0;0;0;0;0;0;0;0
FR;6;2021-01-26;0;0;0;0;0;0;0;0;0;0;0;0;0;0;0;0;0;0
FR;6;2021-01-27;0;0;0;0;0;0;0;0;0;0;0;0;0;0;0;0;0;0
FR;6;2021-01-28;0;0;0;0;0;0;0;0;0;0;0;0;0;0;0;0;0;0
FR;6;2021-01-29;0;0;0;0;0;0;0;0;0;0;0;0;0;0;0;0;0;0
FR;6;2021-01-30;0;0;0;0;0;0;0;0;0;0;0;0;0;0;0;0;0;0
FR;6;2021-01-31;0;0;0;0;0;0;0;0;0;0;0;0;0;0;0;0;0;0
FR;6;2021-02-01;0;0;0;0;0;0;0;0;0;0;0;0;0;0;0;0;0;0
FR;6;2021-02-02;0;0;0;0;0;0;0;0;0;0;0;0;0;0;0;0;0;0
FR;6;2021-02-03;0;0;0;0;0;0;0;0;0;0;0;0;0;0;0;0;0;0
FR;6;2021-02-04;0;0;0;0;0;0;0;0;0;0;0;0;0;0;0;0;0;0
FR;6;2021-02-05;0;0;0;0;0;0;0;0;0;0;0;0;0;0;0;0;0;0
FR;6;2021-02-06;0;0;0;0;0;0;0;0;0;0;0;0;0;0;0;0;0;0
FR;6;2021-02-07;0;0;0;0;0;0;0;0;0;0;0;0;0;0;0;0;0;0
FR;6;2021-02-08;0;0;0;0;0;0;0;0;0;0;0;0;0;0;0;0;0;0
FR;6;2021-02-09;0;0;0;0;0;0;0;0;0;0;0;0;0;0;0;0;0;0
FR;6;2021-02-10;0;0;0;0;0;0;0;0;0;0;0;0;0;0;0;0;0;0
FR;6;2021-02-11;0;0;0;0;0;0;0;0;0;0;0;0;0;0;0;0;0;0
FR;6;2021-02-12;0;0;0;0;0;0;0;0;0;0;0;0;0;0;0;0;0;0
FR;6;2021-02-13;0;0;0;0;0;0;0;0;0;0;0;0;0;0;0;0;0;0
FR;6;2021-02-14;0;0;0;0;0;0;0;0;0;0;0;0;0;0;0;0;0;0
FR;6;2021-02-15;0;0;0;0;0;0;0;0;0;0;0;0;0;0;0;0;0;0
FR;6;2021-02-16;0;0;0;0;0;0;0;0;0;0;0;0;0;0;0;0;0;0
FR;6;2021-02-17;0;0;0;0;0;0;0;0;0;0;0;0;0;0;0;0;0;0
FR;6;2021-02-18;0;0;0;0;0;0;0;0;0;0;0;0;0;0;0;0;0;0
FR;6;2021-02-19;0;0;0;0;0;0;0;0;0;0;0;0;0;0;0;0;0;0
FR;6;2021-02-20;0;0;0;0;0;0;0;0;0;0;0;0;0;0;0;0;0;0
FR;6;2021-02-21;0;0;0;0;0;0;0;0;0;0;0;0;0;0;0;0;0;0
FR;6;2021-02-22;0;0;0;0;0;0;0;0;0;0;0;0;0;0;0;0;0;0
FR;6;2021-02-23;0;0;0;0;0;0;0;0;0;0;0;0;0;0;0;0;0;0
FR;6;2021-02-24;0;0;0;0;0;0;0;0;0;0;0;0;0;0;0;0;0;0
FR;6;2021-02-25;0;0;0;0;0;0;0;0;0;0;0;0;0;0;0;0;0;0
FR;6;2021-02-26;0;0;0;0;0;0;0;0;0;0;0;0;0;0;0;0;0;0
FR;6;2021-02-27;0;0;0;0;0;0;0;0;0;0;0;0;0;0;0;0;0;0
FR;6;2021-02-28;0;0;0;0;0;0;0;0;0;0;0;0;0;0;0;0;0;0
FR;6;2021-03-01;0;0;0;0;0;0;0;0;0;0;0;0;0;0;0;0;0;0
FR;6;2021-03-02;0;0;0;0;0;0;0;0;0;0;0;0;0;0;0;0;0;0
FR;6;2021-03-03;0;0;0;0;0;0;0;0;0;0;0;0;0;0;0;0;0;0
FR;6;2021-03-04;0;0;0;0;0;0;0;0;0;0;0;0;0;0;0;0;0;0
FR;6;2021-03-05;0;0;0;0;0;0;0;0;0;0;0;0;0;0;0;0;0;0
FR;6;2021-03-06;0;0;0;0;0;0;0;0;0;0;0;0;0;0;0;0;0;0
FR;6;2021-03-07;0;0;0;0;0;0;0;0;0;0;0;0;0;0;0;0;0;0
FR;6;2021-03-08;0;0;0;0;0;0;0;0;0;0;0;0;0;0;0;0;0;0
FR;6;2021-03-09;0;0;0;0;0;0;0;0;0;0;0;0;0;0;0;0;0;0
FR;6;2021-03-10;0;0;0;0;0;0;0;0;0;0;0;0;0;0;0;0;0;0
FR;6;2021-03-11;0;0;0;0;0;0;0;0;0;0;0;0;0;0;0;0;0;0
FR;6;2021-03-12;0;0;0;0;0;0;0;0;0;0;0;0;0;0;0;0;0;0
FR;6;2021-03-13;0;0;0;0;0;0;0;0;0;0;0;0;0;0;0;0;0;0
FR;6;2021-03-14;0;0;0;0;0;0;0;0;0;0;0;0;0;0;0;0;0;0
FR;6;2021-03-15;0;0;0;0;0;0;0;0;0;0;0;0;0;0;0;0;0;0
FR;6;2021-03-16;0;0;0;0;0;0;0;0;0;0;0;0;0;0;0;0;0;0
FR;6;2021-03-17;0;0;0;0;0;0;0;0;0;0;0;0;0;0;0;0;0;0
FR;6;2021-03-18;0;0;0;0;0;0;0;0;0;0;0;0;0;0;0;0;0;0
FR;6;2021-03-19;0;0;0;0;0;0;0;0;0;0;0;0;0;0;0;0;0;0
FR;6;2021-03-20;0;0;0;0;0;0;0;0;0;0;0;0;0;0;0;0;0;0
FR;6;2021-03-21;0;0;0;0;0;0;0;0;0;0;0;0;0;0;0;0;0;0
FR;6;2021-03-22;0;0;0;0;0;0;0;0;0;0;0;0;0;0;0;0;0;0
FR;6;2021-03-23;0;0;0;0;0;0;0;0;0;0;0;0;0;0;0;0;0;0
FR;6;2021-03-24;0;0;0;0;0;0;0;0;0;0;0;0;0;0;0;0;0;0
FR;6;2021-03-25;0;0;0;0;0;0;0;0;0;0;0;0;0;0;0;0;0;0
FR;6;2021-03-26;0;0;0;0;0;0;0;0;0;0;0;0;0;0;0;0;0;0
FR;6;2021-03-27;0;0;0;0;0;0;0;0;0;0;0;0;0;0;0;0;0;0
FR;6;2021-03-28;0;0;0;0;0;0;0;0;0;0;0;0;0;0;0;0;0;0
FR;6;2021-03-29;0;0;0;0;0;0;0;0;0;0;0;0;0;0;0;0;0;0
FR;6;2021-03-30;0;0;0;0;0;0;0;0;0;0;0;0;0;0;0;0;0;0
FR;6;2021-03-31;0;0;0;0;0;0;0;0;0;0;0;0;0;0;0;0;0;0
FR;6;2021-04-01;0;0;0;0;0;0;0;0;0;0;0;0;0;0;0;0;0;0
FR;6;2021-04-02;0;0;0;0;0;0;0;0;0;0;0;0;0;0;0;0;0;0
FR;6;2021-04-03;0;0;0;0;0;0;0;0;0;0;0;0;0;0;0;0;0;0
FR;6;2021-04-04;0;0;0;0;0;0;0;0;0;0;0;0;0;0;0;0;0;0
FR;6;2021-04-05;0;0;0;0;0;0;0;0;0;0;0;0;0;0;0;0;0;0
FR;6;2021-04-06;0;0;0;0;0;0;0;0;0;0;0;0;0;0;0;0;0;0
FR;6;2021-04-07;0;0;0;0;0;0;0;0;0;0;0;0;0;0;0;0;0;0
FR;6;2021-04-08;0;0;0;0;0;0;0;0;0;0;0;0;0;0;0;0;0;0
FR;6;2021-04-09;0;0;0;0;0;0;0;0;0;0;0;0;0;0;0;0;0;0
FR;6;2021-04-10;0;0;0;0;0;0;0;0;0;0;0;0;0;0;0;0;0;0
FR;6;2021-04-11;0;0;0;0;0;0;0;0;0;0;0;0;0;0;0;0;0;0
FR;6;2021-04-12;0;0;0;0;0;0;0;0;0;0;0;0;0;0;0;0;0;0
FR;6;2021-04-13;0;0;0;0;0;0;0;0;0;0;0;0;0;0;0;0;0;0
FR;6;2021-04-14;0;0;0;0;0;0;0;0;0;0;0;0;0;0;0;0;0;0
FR;6;2021-04-15;0;0;0;0;0;0;0;0;0;0;0;0;0;0;0;0;0;0
FR;6;2021-04-16;0;0;0;0;0;0;0;0;0;0;0;0;0;0;0;0;0;0
FR;6;2021-04-17;0;0;0;0;0;0;0;0;0;0;0;0;0;0;0;0;0;0
FR;6;2021-04-18;0;0;0;0;0;0;0;0;0;0;0;0;0;0;0;0;0;0
FR;6;2021-04-19;0;0;0;0;0;0;0;0;0;0;0;0;0;0;0;0;0;0
FR;6;2021-04-20;0;0;0;0;0;0;0;0;0;0;0;0;0;0;0;0;0;0
FR;6;2021-04-21;0;0;0;0;0;0;0;0;0;0;0;0;0;0;0;0;0;0
FR;6;2021-04-22;0;0;0;0;0;0;0;0;0;0;0;0;0;0;0;0;0;0
FR;6;2021-04-23;0;0;0;0;0;0;0;0;0;0;0;0;0;0;0;0;0;0
FR;6;2021-04-24;0;0;0;0;0;0;0;0;0;0;0;0;0;0;0;0;0;0
FR;6;2021-04-25;0;0;0;0;0;0;0;0;0;0;0;0;0;0;0;0;0;0
FR;6;2021-04-26;0;0;0;0;0;0;0;0;0;0;0;0;0;0;0;0;0;0
FR;6;2021-04-27;0;0;0;0;0;0;0;0;0;0;0;0;0;0;0;0;0;0
FR;6;2021-04-28;0;0;0;0;0;0;0;0;0;0;0;0;0;0;0;0;0;0
FR;6;2021-04-29;0;0;0;0;0;0;0;0;0;0;0;0;0;0;0;0;0;0
FR;6;2021-04-30;0;0;0;0;0;0;0;0;0;0;0;0;0;0;0;0;0;0
FR;6;2021-05-01;0;0;0;0;0;0;0;0;0;0;0;0;0;0;0;0;0;0
FR;6;2021-05-02;0;0;0;0;0;0;0;0;0;0;0;0;0;0;0;0;0;0
FR;6;2021-05-03;0;0;0;0;0;0;0;0;0;0;0;0;0;0;0;0;0;0
FR;6;2021-05-04;0;0;0;0;0;0;0;0;0;0;0;0;0;0;0;0;0;0
FR;6;2021-05-05;0;0;0;0;0;0;0;0;0;0;0;0;0;0;0;0;0;0
FR;6;2021-05-06;0;0;0;0;0;0;0;0;0;0;0;0;0;0;0;0;0;0
FR;6;2021-05-07;0;0;0;0;0;0;0;0;0;0;0;0;0;0;0;0;0;0
FR;6;2021-05-08;0;0;0;0;0;0;0;0;0;0;0;0;0;0;0;0;0;0
FR;6;2021-05-09;0;0;0;0;0;0;0;0;0;0;0;0;0;0;0;0;0;0
FR;6;2021-05-10;0;0;0;0;0;0;0;0;0;0;0;0;0;0;0;0;0;0
FR;6;2021-05-11;0;0;0;0;0;0;0;0;0;0;0;0;0;0;0;0;0;0
FR;6;2021-05-12;0;0;0;0;0;0;0;0;0;0;0;0;0;0;0;0;0;0
FR;6;2021-05-13;0;0;0;0;0;0;0;0;0;0;0;0;0;0;0;0;0;0
FR;6;2021-05-14;0;0;0;0;0;0;0;0;0;0;0;0;0;0;0;0;0;0
FR;6;2021-05-15;0;0;0;0;0;0;0;0;0;0;0;0;0;0;0;0;0;0
FR;6;2021-05-16;0;0;0;0;0;0;0;0;0;0;0;0;0;0;0;0;0;0
FR;6;2021-05-17;0;0;0;0;0;0;0;0;0;0;0;0;0;0;0;0;0;0
FR;6;2021-05-18;0;0;0;0;0;0;0;0;0;0;0;0;0;0;0;0;0;0
FR;6;2021-05-19;0;0;0;0;0;0;0;0;0;0;0;0;0;0;0;0;0;0
FR;6;2021-05-20;0;0;0;0;0;0;0;0;0;0;0;0;0;0;0;0;0;0
FR;6;2021-05-21;0;0;0;0;0;0;0;0;0;0;0;0;0;0;0;0;0;0
FR;6;2021-05-22;0;0;0;0;0;0;0;0;0;0;0;0;0;0;0;0;0;0
FR;6;2021-05-23;0;0;0;0;0;0;0;0;0;0;0;0;0;0;0;0;0;0
FR;6;2021-05-24;0;0;0;0;0;0;0;0;0;0;0;0;0;0;0;0;0;0
FR;6;2021-05-25;0;0;0;0;0;0;0;0;0;0;0;0;0;0;0;0;0;0
FR;6;2021-05-26;0;0;0;0;0;0;0;0;0;0;0;0;0;0;0;0;0;0
FR;6;2021-05-27;0;0;0;0;0;0;0;0;0;0;0;0;0;0;0;0;0;0
FR;6;2021-05-28;0;0;0;0;0;0;0;0;0;0;0;0;0;0;0;0;0;0
FR;6;2021-05-29;0;0;0;0;0;0;0;0;0;0;0;0;0;0;0;0;0;0
FR;6;2021-05-30;0;0;0;0;0;0;0;0;0;0;0;0;0;0;0;0;0;0
FR;6;2021-05-31;0;0;0;0;0;0;0;0;0;0;0;0;0;0;0;0;0;0
FR;6;2021-06-01;0;0;0;0;0;0;0;0;0;0;0;0;0;0;0;0;0;0
FR;6;2021-06-02;0;0;0;0;0;0;0;0;0;0;0;0;0;0;0;0;0;0
FR;6;2021-06-03;0;0;0;0;0;0;0;0;0;0;0;0;0;0;0;0;0;0
FR;6;2021-06-04;0;0;0;0;0;0;0;0;0;0;0;0;0;0;0;0;0;0
FR;6;2021-06-05;0;0;0;0;0;0;0;0;0;0;0;0;0;0;0;0;0;0
FR;6;2021-06-06;0;0;0;0;0;0;0;0;0;0;0;0;0;0;0;0;0;0
FR;6;2021-06-07;0;0;0;0;0;0;0;0;0;0;0;0;0;0;0;0;0;0
FR;6;2021-06-08;0;0;0;0;0;0;0;0;0;0;0;0;0;0;0;0;0;0
FR;6;2021-06-09;0;0;0;0;0;0;0;0;0;0;0;0;0;0;0;0;0;0
FR;6;2021-06-10;0;0;0;0;0;0;0;0;0;0;0;0;0;0;0;0;0;0
FR;6;2021-06-11;0;0;0;0;0;0;0;0;0;0;0;0;0;0;0;0;0;0
FR;6;2021-06-12;0;0;0;0;0;0;0;0;0;0;0;0;0;0;0;0;0;0
FR;6;2021-06-13;0;0;0;0;0;0;0;0;0;0;0;0;0;0;0;0;0;0
FR;6;2021-06-14;0;0;0;0;0;0;0;0;0;0;0;0;0;0;0;0;0;0
FR;6;2021-06-15;0;0;0;0;0;0;0;0;0;0;0;0;0;0;0;0;0;0
FR;6;2021-06-16;0;0;0;0;0;0;0;0;0;0;0;0;0;0;0;0;0;0
FR;6;2021-06-17;0;0;0;0;0;0;0;0;0;0;0;0;0;0;0;0;0;0
FR;6;2021-06-18;0;0;0;0;0;0;0;0;0;0;0;0;0;0;0;0;0;0
FR;6;2021-06-19;0;0;0;0;0;0;0;0;0;0;0;0;0;0;0;0;0;0
FR;6;2021-06-20;0;0;0;0;0;0;0;0;0;0;0;0;0;0;0;0;0;0
FR;6;2021-06-21;0;0;0;0;0;0;0;0;0;0;0;0;0;0;0;0;0;0
FR;6;2021-06-22;0;0;0;0;0;0;0;0;0;0;0;0;0;0;0;0;0;0
FR;6;2021-06-23;0;0;0;0;0;0;0;0;0;0;0;0;0;0;0;0;0;0
FR;6;2021-06-24;0;0;0;0;0;0;0;0;0;0;0;0;0;0;0;0;0;0
FR;6;2021-06-25;0;0;0;0;0;0;0;0;0;0;0;0;0;0;0;0;0;0
FR;6;2021-06-26;0;0;0;0;0;0;0;0;0;0;0;0;0;0;0;0;0;0
FR;6;2021-06-27;0;0;0;0;0;0;0;0;0;0;0;0;0;0;0;0;0;0
FR;6;2021-06-28;0;0;0;0;0;0;0;0;0;0;0;0;0;0;0;0;0;0
FR;6;2021-06-29;0;0;0;0;0;0;0;0;0;0;0;0;0;0;0;0;0;0
FR;6;2021-06-30;0;0;0;0;0;0;0;0;0;0;0;0;0;0;0;0;0;0
FR;6;2021-07-01;0;0;0;0;0;0;0;0;0;0;0;0;0;0;0;0;0;0
FR;6;2021-07-02;0;0;0;0;0;0;0;0;0;0;0;0;0;0;0;0;0;0
FR;6;2021-07-03;0;0;0;0;0;0;0;0;0;0;0;0;0;0;0;0;0;0
FR;6;2021-07-04;0;0;0;0;0;0;0;0;0;0;0;0;0;0;0;0;0;0
FR;6;2021-07-05;0;0;0;0;0;0;0;0;0;0;0;0;0;0;0;0;0;0
FR;6;2021-07-06;0;0;0;0;0;0;0;0;0;0;0;0;0;0;0;0;0;0
FR;6;2021-07-07;0;0;0;0;0;0;0;0;0;0;0;0;0;0;0;0;0;0
FR;6;2021-07-08;0;0;0;0;0;0;0;0;0;0;0;0;0;0;0;0;0;0
FR;6;2021-07-09;0;0;0;0;0;0;0;0;0;0;0;0;0;0;0;0;0;0
FR;6;2021-07-10;0;0;0;0;0;0;0;0;0;0;0;0;0;0;0;0;0;0
FR;6;2021-07-11;0;0;0;0;0;0;0;0;0;0;0;0;0;0;0;0;0;0
FR;6;2021-07-12;0;0;0;0;0;0;0;0;0;0;0;0;0;0;0;0;0;0
FR;6;2021-07-13;0;0;0;0;0;0;0;0;0;0;0;0;0;0;0;0;0;0
FR;6;2021-07-14;0;0;0;0;0;0;0;0;0;0;0;0;0;0;0;0;0;0
FR;6;2021-07-15;0;0;0;0;0;0;0;0;0;0;0;0;0;0;0;0;0;0
FR;6;2021-07-16;0;0;0;0;0;0;0;0;0;0;0;0;0;0;0;0;0;0
FR;6;2021-07-17;0;0;0;0;0;0;0;0;0;0;0;0;0;0;0;0;0;0
FR;6;2021-07-18;0;0;0;0;0;0;0;0;0;0;0;0;0;0;0;0;0;0
FR;6;2021-07-19;0;0;0;0;0;0;0;0;0;0;0;0;0;0;0;0;0;0
FR;6;2021-07-20;0;0;0;0;0;0;0;0;0;0;0;0;0;0;0;0;0;0
FR;6;2021-07-21;0;0;0;0;0;0;0;0;0;0;0;0;0;0;0;0;0;0
FR;6;2021-07-22;0;0;0;0;0;0;0;0;0;0;0;0;0;0;0;0;0;0
FR;6;2021-07-23;0;0;0;0;0;0;0;0;0;0;0;0;0;0;0;0;0;0
FR;6;2021-07-24;0;0;0;0;0;0;0;0;0;0;0;0;0;0;0;0;0;0
FR;6;2021-07-25;0;0;0;0;0;0;0;0;0;0;0;0;0;0;0;0;0;0
FR;6;2021-07-26;0;0;0;0;0;0;0;0;0;0;0;0;0;0;0;0;0;0
FR;6;2021-07-27;0;0;0;0;0;0;0;0;0;0;0;0;0;0;0;0;0;0
FR;6;2021-07-28;0;0;0;0;0;0;0;0;0;0;0;0;0;0;0;0;0;0
FR;6;2021-07-29;0;0;0;0;0;0;0;0;0;0;0;0;0;0;0;0;0;0
FR;6;2021-07-30;0;0;0;0;0;0;0;0;0;0;0;0;0;0;0;0;0;0
FR;6;2021-07-31;0;0;0;0;0;0;0;0;0;0;0;0;0;0;0;0;0;0
FR;6;2021-08-01;0;0;0;0;0;0;0;0;0;0;0;0;0;0;0;0;0;0
FR;6;2021-08-02;0;0;0;0;0;0;0;0;0;0;0;0;0;0;0;0;0;0
FR;6;2021-08-03;0;0;0;0;0;0;0;0;0;0;0;0;0;0;0;0;0;0
FR;6;2021-08-04;0;0;0;0;0;0;0;0;0;0;0;0;0;0;0;0;0;0
FR;6;2021-08-05;0;0;0;0;0;0;0;0;0;0;0;0;0;0;0;0;0;0
FR;6;2021-08-06;0;0;0;0;0;0;0;0;0;0;0;0;0;0;0;0;0;0
FR;6;2021-08-07;0;0;0;0;0;0;0;0;0;0;0;0;0;0;0;0;0;0
FR;6;2021-08-08;0;0;0;0;0;0;0;0;0;0;0;0;0;0;0;0;0;0
FR;6;2021-08-09;0;0;0;0;0;0;0;0;0;0;0;0;0;0;0;0;0;0
FR;6;2021-08-10;0;0;0;0;0;0;0;0;0;0;0;0;0;0;0;0;0;0
FR;6;2021-08-11;0;0;0;0;0;0;0;0;0;0;0;0;0;0;0;0;0;0
FR;6;2021-08-12;0;0;0;0;0;0;0;0;0;0;0;0;0;0;0;0;0;0
FR;6;2021-08-13;0;0;0;0;0;0;0;0;0;0;0;0;0;0;0;0;0;0
FR;6;2021-08-14;0;0;0;0;0;0;0;0;0;0;0;0;0;0;0;0;0;0
FR;6;2021-08-15;0;0;0;0;0;0;0;0;0;0;0;0;0;0;0;0;0;0
FR;6;2021-08-16;0;0;0;0;0;0;0;0;0;0;0;0;0;0;0;0;0;0
FR;6;2021-08-17;0;0;0;0;0;0;0;0;0;0;0;0;0;0;0;0;0;0
FR;6;2021-08-18;0;0;0;0;0;0;0;0;0;0;0;0;0;0;0;0;0;0
FR;6;2021-08-19;0;0;0;0;0;0;0;0;0;0;0;0;0;0;0;0;0;0
FR;6;2021-08-20;0;0;0;0;0;0;0;0;0;0;0;0;0;0;0;0;0;0
FR;6;2021-08-21;0;0;0;0;0;0;0;0;0;0;0;0;0;0;0;0;0;0
FR;6;2021-08-22;0;0;0;0;0;0;0;0;0;0;0;0;0;0;0;0;0;0
FR;6;2021-08-23;0;0;0;0;0;0;0;0;0;0;0;0;0;0;0;0;0;0
FR;6;2021-08-24;0;0;0;0;0;0;0;0;0;0;0;0;0;0;0;0;0;0
FR;6;2021-08-25;0;0;0;0;0;0;0;0;0;0;0;0;0;0;0;0;0;0
FR;6;2021-08-26;0;0;0;0;0;0;0;0;0;0;0;0;0;0;0;0;0;0
FR;6;2021-08-27;0;0;0;0;0;0;0;0;0;0;0;0;0;0;0;0;0;0
FR;6;2021-08-28;0;0;0;0;0;0;0;0;0;0;0;0;0;0;0;0;0;0
FR;6;2021-08-29;0;0;0;0;0;0;0;0;0;0;0;0;0;0;0;0;0;0
FR;6;2021-08-30;0;0;0;0;0;0;0;0;0;0;0;0;0;0;0;0;0;0
FR;6;2021-08-31;0;0;0;0;0;0;0;0;0;0;0;0;0;0;0;0;0;0
FR;6;2021-09-01;0;0;0;0;0;0;0;0;0;0;0;0;0;0;0;0;0;0
FR;6;2021-09-02;0;0;0;0;0;0;0;0;0;0;0;0;0;0;0;0;0;0
FR;6;2021-09-03;0;0;0;0;0;0;0;0;0;0;0;0;0;0;0;0;0;0
FR;6;2021-09-04;0;0;0;0;0;0;0;0;0;0;0;0;0;0;0;0;0;0
FR;6;2021-09-05;0;0;0;0;0;0;0;0;0;0;0;0;0;0;0;0;0;0
FR;6;2021-09-06;0;0;0;0;0;0;0;0;0;0;0;0;0;0;0;0;0;0
FR;6;2021-09-07;0;0;0;0;0;0;0;0;0;0;0;0;0;0;0;0;0;0
FR;6;2021-09-08;0;0;0;0;0;0;0;0;0;0;0;0;0;0;0;0;0;0
FR;6;2021-09-09;0;0;0;0;0;0;0;0;0;0;0;0;0;0;0;0;0;0
FR;6;2021-09-10;0;0;0;0;0;0;0;0;0;0;0;0;0;0;0;0;0;0
FR;6;2021-09-11;0;0;0;0;0;0;0;0;0;0;0;0;0;0;0;0;0;0
FR;6;2021-09-12;0;0;0;0;0;0;0;0;0;0;0;0;0;0;0;0;0;0
FR;6;2021-09-13;0;0;0;0;0;0;0;0;0;0;0;0;0;0;0;0;0;0
FR;6;2021-09-14;0;0;0;0;0;0;0;0;0;0;0;0;0;0;0;0;0;0
FR;6;2021-09-15;0;0;0;0;0;0;0;0;0;0;0;0;0;0;0;0;0;0
FR;6;2021-09-16;0;0;0;0;0;0;0;0;0;0;0;0;0;0;0;0;0;0
FR;6;2021-09-17;0;0;0;0;0;0;0;0;0;0;0;0;0;0;0;0;0;0
FR;6;2021-09-18;0;0;0;0;0;0;0;0;0;0;0;0;0;0;0;0;0;0
FR;6;2021-09-19;0;0;0;0;0;0;0;0;0;0;0;0;0;0;0;0;0;0
FR;6;2021-09-20;0;0;0;0;0;0;0;0;0;0;0;0;0;0;0;0;0;0
FR;6;2021-09-21;0;0;0;0;0;0;0;0;0;0;0;0;0;0;0;0;0;0
FR;6;2021-09-22;0;0;0;0;0;0;0;0;0;0;0;0;0;0;0;0;0;0
FR;6;2021-09-23;0;0;0;0;0;0;0;0;0;0;0;0;0;0;0;0;0;0
FR;6;2021-09-24;0;0;0;0;0;0;0;0;0;0;0;0;0;0;0;0;0;0
FR;6;2021-09-25;0;0;0;0;0;0;0;0;0;0;0;0;0;0;0;0;0;0
FR;6;2021-09-26;0;0;0;0;0;0;0;0;0;0;0;0;0;0;0;0;0;0
FR;6;2021-09-27;0;0;0;0;0;0;0;0;0;0;0;0;0;0;0;0;0;0
FR;6;2021-09-28;0;0;0;0;0;0;0;0;0;0;0;0;0;0;0;0;0;0
FR;6;2021-09-29;0;0;0;0;0;0;0;0;0;0;0;0;0;0;0;0;0;0
FR;6;2021-09-30;0;0;0;0;0;0;0;0;0;0;0;0;0;0;0;0;0;0
FR;6;2021-10-01;0;0;0;0;0;0;0;0;0;0;0;0;0;0;0;0;0;0
FR;6;2021-10-02;0;0;0;0;0;0;0;0;0;0;0;0;0;0;0;0;0;0
FR;6;2021-10-03;0;0;0;0;0;0;0;0;0;0;0;0;0;0;0;0;0;0
FR;6;2021-10-04;0;0;0;0;0;0;0;0;0;0;0;0;0;0;0;0;0;0
FR;6;2021-10-05;0;0;0;0;0;0;0;0;0;0;0;0;0;0;0;0;0;0
FR;6;2021-10-06;0;0;0;0;0;0;0;0;0;0;0;0;0;0;0;0;0;0
FR;6;2021-10-07;0;0;0;0;0;0;0;0;0;0;0;0;0;0;0;0;0;0
FR;6;2021-10-08;0;0;0;0;0;0;0;0;0;0;0;0;0;0;0;0;0;0
FR;6;2021-10-09;0;0;0;0;0;0;0;0;0;0;0;0;0;0;0;0;0;0
FR;6;2021-10-10;0;0;0;0;0;0;0;0;0;0;0;0;0;0;0;0;0;0
FR;6;2021-10-11;0;0;0;0;0;0;0;0;0;0;0;0;0;0;0;0;0;0
FR;6;2021-10-12;0;0;0;0;0;0;0;0;0;0;0;0;0;0;0;0;0;0
FR;6;2021-10-13;0;0;0;0;0;0;0;0;0;0;0;0;0;0;0;0;0;0
FR;6;2021-10-14;0;0;0;0;0;0;0;0;0;0;0;0;0;0;0;0;0;0
FR;6;2021-10-15;0;0;0;0;0;0;0;0;0;0;0;0;0;0;0;0;0;0
FR;6;2021-10-16;0;0;0;0;0;0;0;0;0;0;0;0;0;0;0;0;0;0
FR;6;2021-10-17;0;0;0;0;0;0;0;0;0;0;0;0;0;0;0;0;0;0
FR;6;2021-10-18;0;0;0;0;0;0;0;0;0;0;0;0;0;0;0;0;0;0
FR;6;2021-10-19;0;0;0;0;0;0;0;0;0;0;0;0;0;0;0;0;0;0
FR;6;2021-10-20;0;0;0;0;0;0;0;0;0;0;0;0;0;0;0;0;0;0
FR;6;2021-10-21;0;0;0;0;0;0;0;0;0;0;0;0;0;0;0;0;0;0
FR;6;2021-10-22;0;0;0;0;0;0;0;0;0;0;0;0;0;0;0;0;0;0
FR;6;2021-10-23;0;0;0;0;0;0;0;0;0;0;0;0;0;0;0;0;0;0
FR;6;2021-10-24;0;0;0;0;0;0;0;0;0;0;0;0;0;0;0;0;0;0
FR;6;2021-10-25;0;0;0;0;0;0;0;0;0;0;0;0;0;0;0;0;0;0
FR;6;2021-10-26;0;0;0;0;0;0;0;0;0;0;0;0;0;0;0;0;0;0
FR;6;2021-10-27;0;0;0;0;0;0;0;0;0;0;0;0;0;0;0;0;0;0
FR;6;2021-10-28;0;0;0;0;0;0;0;0;0;0;0;0;0;0;0;0;0;0
FR;6;2021-10-29;0;0;0;0;0;0;0;0;0;0;0;0;0;0;0;0;0;0
FR;6;2021-10-30;0;0;0;0;0;0;0;0;0;0;0;0;0;0;0;0;0;0
FR;6;2021-10-31;0;0;0;0;0;0;0;0;0;0;0;0;0;0;0;0;0;0
FR;6;2021-11-01;0;0;0;0;0;0;0;0;0;0;0;0;0;0;0;0;0;0
FR;6;2021-11-02;0;0;0;0;0;0;0;0;0;0;0;0;0;0;0;0;0;0
FR;6;2021-11-03;0;0;0;0;0;0;0;0;0;0;0;0;0;0;0;0;0;0
FR;6;2021-11-04;0;0;0;0;0;0;0;0;0;0;0;0;0;0;0;0;0;0
FR;6;2021-11-05;0;0;0;0;0;0;0;0;0;0;0;0;0;0;0;0;0;0
FR;6;2021-11-06;0;0;0;0;0;0;0;0;0;0;0;0;0;0;0;0;0;0
FR;6;2021-11-07;0;0;0;0;0;0;0;0;0;0;0;0;0;0;0;0;0;0
FR;6;2021-11-08;0;0;0;0;0;0;0;0;0;0;0;0;0;0;0;0;0;0
FR;6;2021-11-09;0;0;0;0;0;0;0;0;0;0;0;0;0;0;0;0;0;0
FR;6;2021-11-10;0;0;0;0;0;0;0;0;0;0;0;0;0;0;0;0;0;0
FR;6;2021-11-11;0;0;0;0;0;0;0;0;0;0;0;0;0;0;0;0;0;0
FR;6;2021-11-12;0;0;0;0;0;0;0;0;0;0;0;0;0;0;0;0;0;0
FR;6;2021-11-13;0;0;0;0;0;0;0;0;0;0;0;0;0;0;0;0;0;0
FR;6;2021-11-14;0;0;0;0;0;0;0;0;0;0;0;0;0;0;0;0;0;0
FR;6;2021-11-15;0;0;0;0;0;0;0;0;0;0;0;0;0;0;0;0;0;0
FR;6;2021-11-16;0;0;0;0;0;0;0;0;0;0;0;0;0;0;0;0;0;0
FR;6;2021-11-17;0;0;0;0;0;0;0;0;0;0;0;0;0;0;0;0;0;0
FR;6;2021-11-18;0;0;0;0;0;0;0;0;0;0;0;0;0;0;0;0;0;0
FR;6;2021-11-19;0;0;0;0;0;0;0;0;0;0;0;0;0;0;0;0;0;0
FR;6;2021-11-20;0;0;0;0;0;0;0;0;0;0;0;0;0;0;0;0;0;0
FR;6;2021-11-21;0;0;0;0;0;0;0;0;0;0;0;0;0;0;0;0;0;0
FR;6;2021-11-22;0;0;0;0;0;0;0;0;0;0;0;0;0;0;0;0;0;0
FR;6;2021-11-23;0;0;0;0;0;0;0;0;0;0;0;0;0;0;0;0;0;0
FR;6;2021-11-24;0;0;0;0;0;0;0;0;0;0;0;0;0;0;0;0;0;0
FR;6;2021-11-25;0;0;0;0;0;0;0;0;0;0;0;0;0;0;0;0;0;0
FR;6;2021-11-26;0;0;0;0;0;0;0;0;0;0;0;0;0;0;0;0;0;0
FR;6;2021-11-27;0;0;0;0;0;0;0;0;0;0;0;0;0;0;0;0;0;0
FR;6;2021-11-28;0;0;0;0;0;0;0;0;0;0;0;0;0;0;0;0;0;0
FR;6;2021-11-29;0;0;0;0;0;0;0;0;0;0;0;0;0;0;0;0;0;0
FR;6;2021-11-30;0;0;0;0;0;0;0;0;0;0;0;0;0;0;0;0;0;0
FR;6;2021-12-01;0;0;0;0;0;0;0;0;0;0;0;0;0;0;0;0;0;0
FR;6;2021-12-02;0;0;0;0;0;0;0;0;0;0;0;0;0;0;0;0;0;0
FR;6;2021-12-03;0;0;0;0;0;0;0;0;0;0;0;0;0;0;0;0;0;0
FR;6;2021-12-04;0;0;0;0;0;0;0;0;0;0;0;0;0;0;0;0;0;0
FR;6;2021-12-05;0;0;0;0;0;0;0;0;0;0;0;0;0;0;0;0;0;0
FR;6;2021-12-06;0;0;0;0;0;0;0;0;0;0;0;0;0;0;0;0;0;0
FR;6;2021-12-07;0;0;0;0;0;0;0;0;0;0;0;0;0;0;0;0;0;0
FR;6;2021-12-08;0;0;0;0;0;0;0;0;0;0;0;0;0;0;0;0;0;0
FR;6;2021-12-09;0;0;0;0;0;0;0;0;0;0;0;0;0;0;0;0;0;0
FR;6;2021-12-10;0;0;0;0;0;0;0;0;0;0;0;0;0;0;0;0;0;0
FR;6;2021-12-11;0;0;0;0;0;0;0;0;0;0;0;0;0;0;0;0;0;0
FR;6;2021-12-12;0;0;0;0;0;0;0;0;0;0;0;0;0;0;0;0;0;0
FR;6;2021-12-13;0;0;0;0;0;0;0;0;0;0;0;0;0;0;0;0;0;0
FR;6;2021-12-14;0;0;0;0;0;0;0;0;0;0;0;0;0;0;0;0;0;0
FR;6;2021-12-15;0;0;0;0;0;0;0;0;0;0;0;0;0;0;0;0;0;0
FR;6;2021-12-16;0;0;0;0;0;0;0;0;0;0;0;0;0;0;0;0;0;0
FR;6;2021-12-17;0;0;0;0;0;0;0;0;0;0;0;0;0;0;0;0;0;0
FR;6;2021-12-18;0;0;0;0;0;0;0;0;0;0;0;0;0;0;0;0;0;0
FR;6;2021-12-19;0;0;0;0;0;0;0;0;0;0;0;0;0;0;0;0;0;0
FR;6;2021-12-20;0;0;0;0;0;0;0;0;0;0;0;0;0;0;0;0;0;0
FR;6;2021-12-21;0;0;0;0;0;0;0;0;0;0;0;0;0;0;0;0;0;0
FR;6;2021-12-22;0;0;0;0;0;0;0;0;0;0;0;0;0;0;0;0;0;0
FR;6;2021-12-23;0;0;0;0;0;0;0;0;0;0;0;0;0;0;0;0;0;0
FR;6;2021-12-24;0;0;0;0;0;0;0;0;0;0;0;0;0;0;0;0;0;0
FR;6;2021-12-25;0;0;0;0;0;0;0;0;0;0;0;0;0;0;0;0;0;0
FR;6;2021-12-26;0;0;0;0;0;0;0;0;0;0;0;0;0;0;0;0;0;0
FR;6;2021-12-27;0;0;0;0;0;0;0;0;0;0;0;0;0;0;0;0;0;0
FR;6;2021-12-28;0;0;0;0;0;0;0;0;0;0;0;0;0;0;0;0;0;0
FR;6;2021-12-29;0;0;0;0;0;0;0;0;0;0;0;0;0;0;0;0;0;0
FR;6;2021-12-30;0;0;0;0;0;0;0;0;0;0;0;0;0;0;0;0;0;0
FR;6;2021-12-31;0;0;0;0;0;0;0;0;0;0;0;0;0;0;0;0;0;0
FR;6;2022-01-01;0;0;0;0;0;0;0;0;0;0;0;0;0;0;0;0;0;0
FR;6;2022-01-02;0;0;0;0;0;0;0;0;0;0;0;0;0;0;0;0;0;0
FR;6;2022-01-03;0;0;0;0;0;0;0;0;0;0;0;0;0;0;0;0;0;0
FR;6;2022-01-04;0;0;0;0;0;0;0;0;0;0;0;0;0;0;0;0;0;0
FR;6;2022-01-05;0;0;0;0;0;0;0;0;0;0;0;0;0;0;0;0;0;0
FR;6;2022-01-06;0;0;0;0;0;0;0;0;0;0;0;0;0;0;0;0;0;0
FR;6;2022-01-07;0;0;0;0;0;0;0;0;0;0;0;0;0;0;0;0;0;0
FR;6;2022-01-08;0;0;0;0;0;0;0;0;0;0;0;0;0;0;0;0;0;0
FR;6;2022-01-09;0;0;0;0;0;0;0;0;0;0;0;0;0;0;0;0;0;0
FR;6;2022-01-10;0;0;0;0;0;0;0;0;0;0;0;0;0;0;0;0;0;0
FR;6;2022-01-11;0;0;0;0;0;0;0;0;0;0;0;0;0;0;0;0;0;0
FR;6;2022-01-12;0;0;0;0;0;0;0;0;0;0;0;0;0;0;0;0;0;0
FR;6;2022-01-13;0;0;0;0;0;0;0;0;0;0;0;0;0;0;0;0;0;0
FR;6;2022-01-14;0;0;0;0;0;0;0;0;0;0;0;0;0;0;0;0;0;0
FR;6;2022-01-15;0;0;0;0;0;0;0;0;0;0;0;0;0;0;0;0;0;0
FR;6;2022-01-16;0;0;0;0;0;0;0;0;0;0;0;0;0;0;0;0;0;0
FR;6;2022-01-17;0;0;0;0;0;0;0;0;0;0;0;0;0;0;0;0;0;0
FR;6;2022-01-18;0;0;0;0;0;0;0;0;0;0;0;0;0;0;0;0;0;0
FR;6;2022-01-19;0;0;0;0;0;0;0;0;0;0;0;0;0;0;0;0;0;0
FR;6;2022-01-20;0;0;0;0;0;0;0;0;0;0;0;0;0;0;0;0;0;0
FR;6;2022-01-21;0;0;0;0;0;0;0;0;0;0;0;0;0;0;0;0;0;0
FR;6;2022-01-22;0;0;0;0;0;0;0;0;0;0;0;0;0;0;0;0;0;0
FR;6;2022-01-23;0;0;0;0;0;0;0;0;0;0;0;0;0;0;0;0;0;0
FR;6;2022-01-24;0;0;0;0;0;0;0;0;0;0;0;0;0;0;0;0;0;0
FR;6;2022-01-25;0;0;0;0;0;0;0;0;0;0;0;0;0;0;0;0;0;0
FR;6;2022-01-26;0;0;0;0;0;0;0;0;0;0;0;0;0;0;0;0;0;0
FR;6;2022-01-27;0;0;0;0;0;0;0;0;0;0;0;0;0;0;0;0;0;0
FR;6;2022-01-28;0;0;0;0;0;0;0;0;0;0;0;0;0;0;0;0;0;0
FR;6;2022-01-29;0;0;0;0;0;0;0;0;0;0;0;0;0;0;0;0;0;0
FR;6;2022-01-30;0;0;0;0;0;0;0;0;0;0;0;0;0;0;0;0;0;0
FR;6;2022-01-31;0;0;0;0;0;0;0;0;0;0;0;0;0;0;0;0;0;0
FR;6;2022-02-01;0;0;0;0;0;0;0;0;0;0;0;0;0;0;0;0;0;0
FR;6;2022-02-02;0;0;0;0;0;0;0;0;0;0;0;0;0;0;0;0;0;0
FR;6;2022-02-03;0;0;0;0;0;0;0;0;0;0;0;0;0;0;0;0;0;0
FR;6;2022-02-04;0;0;0;0;0;0;0;0;0;0;0;0;0;0;0;0;0;0
FR;6;2022-02-05;0;0;0;0;0;0;0;0;0;0;0;0;0;0;0;0;0;0
FR;6;2022-02-06;0;0;0;0;0;0;0;0;0;0;0;0;0;0;0;0;0;0
FR;6;2022-02-07;0;0;0;0;0;0;0;0;0;0;0;0;0;0;0;0;0;0
FR;6;2022-02-08;0;0;0;0;0;0;0;0;0;0;0;0;0;0;0;0;0;0
FR;6;2022-02-09;0;0;0;0;0;0;0;0;0;0;0;0;0;0;0;0;0;0
FR;6;2022-02-10;0;0;0;0;0;0;0;0;0;0;0;0;0;0;0;0;0;0
FR;6;2022-02-11;0;0;0;0;0;0;0;0;0;0;0;0;0;0;0;0;0;0
FR;6;2022-02-12;0;0;0;0;0;0;0;0;0;0;0;0;0;0;0;0;0;0
FR;6;2022-02-13;0;0;0;0;0;0;0;0;0;0;0;0;0;0;0;0;0;0
FR;6;2022-02-14;0;0;0;0;0;0;0;0;0;0;0;0;0;0;0;0;0;0
FR;6;2022-02-15;0;0;0;0;0;0;0;0;0;0;0;0;0;0;0;0;0;0
FR;6;2022-02-16;0;0;0;0;0;0;0;0;0;0;0;0;0;0;0;0;0;0
FR;6;2022-02-17;0;0;0;0;0;0;0;0;0;0;0;0;0;0;0;0;0;0
FR;6;2022-02-18;0;0;0;0;0;0;0;0;0;0;0;0;0;0;0;0;0;0
FR;6;2022-02-19;0;0;0;0;0;0;0;0;0;0;0;0;0;0;0;0;0;0
FR;6;2022-02-20;0;0;0;0;0;0;0;0;0;0;0;0;0;0;0;0;0;0
FR;6;2022-02-21;0;0;0;0;0;0;0;0;0;0;0;0;0;0;0;0;0;0
FR;6;2022-02-22;0;0;0;0;0;0;0;0;0;0;0;0;0;0;0;0;0;0
FR;6;2022-02-23;0;0;0;0;0;0;0;0;0;0;0;0;0;0;0;0;0;0
FR;6;2022-02-24;0;0;0;0;0;0;0;0;0;0;0;0;0;0;0;0;0;0
FR;6;2022-02-25;0;0;0;0;0;0;0;0;0;0;0;0;0;0;0;0;0;0
FR;6;2022-02-26;1;0;0;0;0;0;0;0;0;1;0;0;0;0;0;0;0;0
FR;6;2022-02-27;0;0;0;0;0;0;0;0;0;1;0;0;0;0;0;0;0;0
FR;6;2022-02-28;0;0;0;0;0;0;0;0;0;1;0;0;0;0;0;0;0;0
FR;6;2022-03-01;3;0;0;0;0;0;0;0;0;4;0;0;0;0;0;0;0;0
FR;6;2022-03-02;97;9;2;0;15;7;0;0;0;101;9;2;0;15;7;0;0;0
FR;6;2022-03-03;0;0;0;0;0;0;0;0;0;101;9;2;0;15;7;0;0;0
FR;6;2022-03-04;92;4;0;0;8;4;0;0;0;193;13;2;0;23;11;0;0;0
FR;6;2022-03-05;391;23;2;0;60;14;0;0;0;584;36;4;0;83;25;0;0;0
FR;6;2022-03-06;7;1;0;0;2;0;0;0;0;591;37;4;0;85;25;0;0;0
FR;6;2022-03-07;337;19;0;0;51;13;0;0;0;928;56;4;0;136;38;0;0;0
FR;6;2022-03-08;230;14;0;0;47;5;0;0;0;1158;70;4;0;183;43;0;0;0
FR;6;2022-03-09;519;29;2;0;84;21;1;0;0;1677;99;6;0;267;64;1;0;0
FR;6;2022-03-10;206;19;0;1;54;12;1;0;0;1883;118;6;1;321;76;2;0;0
FR;6;2022-03-11;331;22;6;0;53;21;0;0;0;2214;140;12;1;374;97;2;0;0
FR;6;2022-03-12;518;25;1;0;83;20;0;0;0;2732;165;13;1;457;117;2;0;0
FR;6;2022-03-13;40;2;0;0;2;1;0;0;0;2772;167;13;1;459;118;2;0;0
FR;6;2022-03-14;201;4;2;0;39;3;1;0;0;2973;171;15;1;498;121;3;0;0
FR;6;2022-03-15;112;11;2;0;29;9;0;0;0;3085;182;17;1;527;130;3;0;0
FR;6;2022-03-16;310;17;2;1;49;15;1;0;0;3395;199;19;2;576;145;4;0;0
FR;6;2022-03-17;117;6;1;2;14;4;2;0;0;3512;205;20;4;590;149;6;0;0
FR;6;2022-03-18;215;10;0;0;40;6;0;0;0;3727;215;20;4;630;155;6;0;0
FR;6;2022-03-19;307;19;2;0;89;9;0;0;0;4034;234;22;4;719;164;6;0;0
FR;6;2022-03-20;15;5;0;0;5;1;0;0;0;4049;239;22;4;724;165;6;0;0
FR;6;2022-03-21;132;23;1;0;47;4;0;0;0;4181;262;23;4;771;169;6;0;0
FR;6;2022-03-22;97;15;0;0;34;4;0;0;0;4278;277;23;4;805;173;6;0;0
FR;6;2022-03-23;226;108;3;0;154;14;1;0;0;4504;385;26;4;959;187;7;0;0
FR;6;2022-03-24;100;15;1;3;32;4;3;0;0;4604;400;27;7;991;191;10;0;0
FR;6;2022-03-25;203;141;2;1;179;15;2;0;0;4807;541;29;8;1170;206;12;0;0
FR;6;2022-03-26;331;295;7;1;384;19;1;0;0;5138;836;36;9;1554;225;13;0;0
FR;6;2022-03-27;32;30;1;0;37;1;1;0;0;5170;866;37;9;1591;226;14;0;0
FR;6;2022-03-28;201;208;8;1;234;17;3;0;0;5371;1074;45;10;1825;243;17;0;0
FR;6;2022-03-29;124;189;12;2;206;12;9;0;0;5495;1263;57;12;2031;255;26;0;0
FR;6;2022-03-30;305;476;10;2;548;22;6;0;0;5800;1739;67;14;2579;277;32;0;0
FR;6;2022-03-31;123;140;10;0;160;14;5;0;0;5923;1879;77;14;2739;291;37;0;0
FR;6;2022-04-01;195;150;11;2;178;23;3;0;0;6118;2029;88;16;2917;314;40;0;0
FR;6;2022-04-02;206;241;9;1;280;13;8;0;0;6324;2270;97;17;3197;327;48;0;0
FR;6;2022-04-03;17;21;0;0;26;1;0;0;0;6341;2291;97;17;3223;328;48;0;0
FR;6;2022-04-04;137;114;6;1;131;9;5;0;0;6478;2405;103;18;3354;337;53;0;0
FR;6;2022-04-05;146;88;15;1;105;11;8;0;0;6624;2493;118;19;3459;348;61;0;0
FR;6;2022-04-06;204;245;22;26;291;27;33;0;0;6828;2738;140;45;3750;375;94;0;0
FR;6;2022-04-07;127;96;15;9;115;17;14;0;0;6955;2834;155;54;3865;392;108;0;0
FR;6;2022-04-08;199;171;16;3;214;17;9;0;1;7154;3005;171;57;4079;409;117;0;1
FR;6;2022-04-09;145;139;6;12;171;13;4;0;0;7299;3144;177;69;4250;422;121;0;1
FR;6;2022-04-10;10;20;3;0;25;1;3;0;0;7309;3164;180;69;4275;423;124;0;1
FR;6;2022-04-11;101;106;4;0;128;5;3;0;0;7410;3270;184;69;4403;428;127;0;1
FR;6;2022-04-12;136;75;5;8;114;10;10;0;0;7546;3345;189;77;4517;438;137;0;1
FR;6;2022-04-13;162;175;7;5;208;13;8;0;0;7708;3520;196;82;4725;451;145;0;1
FR;6;2022-04-14;100;103;5;10;121;8;10;0;0;7808;3623;201;92;4846;459;155;0;1
FR;6;2022-04-15;158;149;11;7;167;19;14;0;1;7966;3772;212;99;5013;478;169;0;2
FR;6;2022-04-16;127;132;5;0;162;14;2;0;0;8093;3904;217;99;5175;492;171;0;2
FR;6;2022-04-17;8;9;4;0;10;4;0;0;0;8101;3913;221;99;5185;496;171;0;2
FR;6;2022-04-18;8;15;3;0;15;4;0;0;0;8109;3928;224;99;5200;500;171;0;2
FR;6;2022-04-19;97;112;4;3;130;3;7;0;0;8206;4040;228;102;5330;503;178;0;2
FR;6;2022-04-20;178;227;8;7;269;15;3;0;0;8384;4267;236;109;5599;518;181;0;2
FR;6;2022-04-21;111;93;8;4;110;11;7;0;0;8495;4360;244;113;5709;529;188;0;2
FR;6;2022-04-22;138;160;13;12;190;13;13;0;0;8633;4520;257;125;5899;542;201;0;2
FR;6;2022-04-23;106;129;1;1;161;7;1;0;0;8739;4649;258;126;6060;549;202;0;2
FR;6;2022-04-24;5;21;1;0;22;0;1;0;0;8744;4670;259;126;6082;549;203;0;2
FR;6;2022-04-25;90;128;3;8;150;11;9;0;0;8834;4798;262;134;6232;560;212;0;2
FR;6;2022-04-26;101;128;19;2;151;17;13;0;0;8935;4926;281;136;6383;577;225;0;2
FR;6;2022-04-27;197;159;21;1;222;27;11;0;1;9132;5085;302;137;6605;604;236;0;3
FR;6;2022-04-28;109;87;7;1;123;8;7;0;0;9241;5172;309;138;6728;612;243;0;3
FR;6;2022-04-29;191;169;16;2;215;20;6;0;0;9432;5341;325;140;6943;632;249;0;3
FR;6;2022-04-30;133;125;7;1;168;24;2;0;0;9565;5466;332;141;7111;656;251;0;3
FR;6;2022-05-01;7;6;0;0;8;0;0;0;0;9572;5472;332;141;7119;656;251;0;3
FR;6;2022-05-02;94;65;3;4;88;3;4;0;0;9666;5537;335;145;7207;659;255;0;3
FR;6;2022-05-03;136;93;11;2;125;7;9;0;0;9802;5630;346;147;7332;666;264;0;3
FR;6;2022-05-04;167;118;25;12;161;29;12;0;1;9969;5748;371;159;7493;695;276;0;4
FR;6;2022-05-05;101;70;8;3;96;12;6;0;0;10070;5818;379;162;7589;707;282;0;4
FR;6;2022-05-06;152;110;10;9;155;16;11;0;0;10222;5928;389;171;7744;723;293;0;4
FR;6;2022-05-07;139;93;13;3;136;23;8;0;0;10361;6021;402;174;7880;746;301;0;4
FR;6;2022-05-08;20;8;6;5;16;7;5;0;0;10381;6029;408;179;7896;753;306;0;4
FR;6;2022-05-09;86;78;9;7;95;13;6;0;0;10467;6107;417;186;7991;766;312;0;4
FR;6;2022-05-10;112;80;15;7;110;12;13;0;0;10579;6187;432;193;8101;778;325;0;4
FR;6;2022-05-11;130;124;11;14;163;20;6;0;0;10709;6311;443;207;8264;798;331;0;4
FR;6;2022-05-12;105;76;7;5;96;15;6;0;1;10814;6387;450;212;8360;813;337;0;5
FR;6;2022-05-13;155;97;17;21;137;22;16;0;0;10969;6484;467;233;8497;835;353;0;5
FR;6;2022-05-14;81;60;6;7;84;15;2;0;0;11050;6544;473;240;8581;850;355;0;5
FR;6;2022-05-15;12;7;0;0;14;0;0;0;0;11062;6551;473;240;8595;850;355;0;5
FR;6;2022-05-16;65;54;6;2;69;12;3;0;0;11127;6605;479;242;8664;862;358;0;5
FR;6;2022-05-17;123;77;5;7;92;11;8;0;0;11250;6682;484;249;8756;873;366;0;5
FR;6;2022-05-18;131;116;5;1;159;13;3;0;0;11381;6798;489;250;8915;886;369;0;5
FR;6;2022-05-19;124;57;6;8;96;9;8;0;0;11505;6855;495;258;9011;895;377;0;5
FR;6;2022-05-20;125;115;13;3;151;18;10;0;0;11630;6970;508;261;9162;913;387;0;5
FR;6;2022-05-21;92;69;14;3;93;12;8;0;0;11722;7039;522;264;9255;925;395;0;5
FR;6;2022-05-22;19;12;5;0;21;4;1;0;0;11741;7051;527;264;9276;929;396;0;5
FR;6;2022-05-23;77;72;4;2;90;7;2;0;0;11818;7123;531;266;9366;936;398;0;5
FR;6;2022-05-24;117;98;8;2;132;16;4;0;0;11935;7221;539;268;9498;952;402;0;5
FR;6;2022-05-25;139;129;6;3;170;11;6;0;0;12074;7350;545;271;9668;963;408;0;5
FR;6;2022-05-26;7;9;3;0;5;9;0;0;0;12081;7359;548;271;9673;972;408;0;5
FR;6;2022-05-27;127;105;15;11;137;18;18;0;1;12208;7464;563;282;9810;990;426;0;6
FR;6;2022-05-28;54;75;1;5;89;8;5;0;0;12262;7539;564;287;9899;998;431;0;6
FR;6;2022-05-29;8;10;0;0;10;1;0;0;0;12270;7549;564;287;9909;999;431;0;6
FR;6;2022-05-30;70;70;7;4;86;4;9;0;0;12340;7619;571;291;9995;1003;440;0;6
FR;6;2022-05-31;87;102;10;2;121;14;7;0;0;12427;7721;581;293;10116;1017;447;0;6
FR;6;2022-06-01;97;89;10;1;111;11;6;0;0;12524;7810;591;294;10227;1028;453;0;6
FR;6;2022-06-02;91;60;6;3;80;9;6;0;0;12615;7870;597;297;10307;1037;459;0;6
FR;6;2022-06-03;126;102;13;7;129;21;8;0;0;12741;7972;610;304;10436;1058;467;0;6
FR;6;2022-06-04;63;51;10;0;64;12;3;0;0;12804;8023;620;304;10500;1070;470;0;6
FR;6;2022-06-05;16;15;2;1;18;4;1;0;0;12820;8038;622;305;10518;1074;471;0;6
FR;6;2022-06-06;9;6;0;0;8;0;0;0;0;12829;8044;622;305;10526;1074;471;0;6
FR;6;2022-06-07;79;90;3;4;117;8;6;0;0;12908;8134;625;309;10643;1082;477;0;6
FR;6;2022-06-08;92;110;13;5;130;20;6;0;0;13000;8244;638;314;10773;1102;483;0;6
FR;6;2022-06-09;75;81;15;3;106;15;8;0;0;13075;8325;653;317;10879;1117;491;0;6
FR;6;2022-06-10;116;93;26;10;121;22;13;0;0;13191;8418;679;327;11000;1139;504;0;6
FR;6;2022-06-11;83;62;6;10;82;12;11;0;0;13274;8480;685;337;11082;1151;515;0;6
FR;6;2022-06-12;6;14;1;0;16;2;0;0;0;13280;8494;686;337;11098;1153;515;0;6
FR;6;2022-06-13;74;59;18;1;68;7;4;0;0;13354;8553;704;338;11166;1160;519;0;6
FR;6;2022-06-14;98;100;8;5;116;16;8;0;0;13452;8653;712;343;11282;1176;527;0;6
FR;6;2022-06-15;80;86;7;8;114;15;10;0;0;13532;8739;719;351;11396;1191;537;0;6
FR;6;2022-06-16;53;40;11;7;45;14;6;0;0;13585;8779;730;358;11441;1205;543;0;6
FR;6;2022-06-17;86;85;3;13;109;11;5;0;0;13671;8864;733;371;11550;1216;548;0;6
FR;6;2022-06-18;71;62;13;0;87;21;1;0;0;13742;8926;746;371;11637;1237;549;0;6
FR;6;2022-06-19;6;6;3;0;7;4;1;0;0;13748;8932;749;371;11644;1241;550;0;6
FR;6;2022-06-20;42;41;4;1;55;6;1;0;0;13790;8973;753;372;11699;1247;551;0;6
FR;6;2022-06-21;59;73;10;7;82;17;7;0;0;13849;9046;763;379;11781;1264;558;0;6
FR;6;2022-06-22;86;85;8;2;98;17;3;0;0;13935;9131;771;381;11879;1281;561;0;6
FR;6;2022-06-23;64;39;13;7;41;15;10;0;0;13999;9170;784;388;11920;1296;571;0;6
FR;6;2022-06-24;77;85;7;14;95;20;16;0;0;14076;9255;791;402;12015;1316;587;0;6
FR;6;2022-06-25;67;61;4;3;77;8;5;0;0;14143;9316;795;405;12092;1324;592;0;6
FR;6;2022-06-26;6;7;1;0;10;1;0;0;0;14149;9323;796;405;12102;1325;592;0;6
FR;6;2022-06-27;51;50;4;9;62;12;7;0;0;14200;9373;800;414;12164;1337;599;0;6
FR;6;2022-06-28;68;47;6;3;53;15;5;0;0;14268;9420;806;417;12217;1352;604;0;6
FR;6;2022-06-29;98;117;26;37;115;19;35;0;5;14366;9537;832;454;12332;1371;639;0;11
FR;6;2022-06-30;84;60;33;10;61;12;7;0;0;14450;9597;865;464;12393;1383;646;0;11
FR;6;2022-07-01;115;94;25;33;102;18;27;0;1;14565;9691;890;497;12495;1401;673;0;12
FR;6;2022-07-02;58;67;26;2;64;37;6;0;0;14623;9758;916;499;12559;1438;679;0;12
FR;6;2022-07-03;11;4;4;3;5;4;3;0;0;14634;9762;920;502;12564;1442;682;0;12
FR;6;2022-07-04;61;43;3;23;55;13;20;0;0;14695;9805;923;525;12619;1455;702;0;12
FR;6;2022-07-05;65;53;19;67;60;27;63;0;0;14760;9858;942;592;12679;1482;765;0;12
FR;6;2022-07-06;94;64;7;11;77;12;17;0;0;14854;9922;949;603;12756;1494;782;0;12
FR;6;2022-07-07;99;79;42;37;99;14;34;0;4;14953;10001;991;640;12855;1508;816;0;16
FR;6;2022-07-08;139;87;42;27;116;10;25;0;3;15092;10088;1033;667;12971;1518;841;0;19
FR;6;2022-07-09;53;51;16;29;51;27;33;0;1;15145;10139;1049;696;13022;1545;874;0;20
FR;6;2022-07-10;3;7;8;0;9;9;0;0;0;15148;10146;1057;696;13031;1554;874;0;20
FR;6;2022-07-11;54;44;5;4;47;12;4;0;0;15202;10190;1062;700;13078;1566;878;0;20
FR;6;2022-07-12;70;72;12;23;87;12;27;0;0;15272;10262;1074;723;13165;1578;905;0;20
FR;6;2022-07-13;84;65;14;21;71;25;22;0;0;15356;10327;1088;744;13236;1603;927;0;20
FR;6;2022-07-14;4;3;1;0;4;1;0;0;0;15360;10330;1089;744;13240;1604;927;0;20
FR;6;2022-07-15;74;59;9;57;85;16;45;0;0;15434;10389;1098;801;13325;1620;972;0;20
FR;6;2022-07-16;27;31;17;0;37;17;3;0;0;15461;10420;1115;801;13362;1637;975;0;20
FR;6;2022-07-17;3;7;0;0;8;0;0;0;0;15464;10427;1115;801;13370;1637;975;0;20
FR;6;2022-07-18;37;62;11;14;60;15;14;0;6;15501;10489;1126;815;13430;1652;989;0;26
FR;6;2022-07-19;54;48;4;19;60;6;21;0;1;15555;10537;1130;834;13490;1658;1010;0;27
FR;6;2022-07-20;53;70;7;22;75;11;27;0;0;15608;10607;1137;856;13565;1669;1037;0;27
FR;6;2022-07-21;51;61;4;7;56;11;9;0;0;15659;10668;1141;863;13621;1680;1046;0;27
FR;6;2022-07-22;55;74;7;26;82;8;16;0;2;15714;10742;1148;889;13703;1688;1062;0;29
FR;6;2022-07-23;38;40;6;10;40;6;9;0;1;15752;10782;1154;899;13743;1694;1071;0;30
FR;6;2022-07-24;11;14;1;3;19;3;3;0;0;15763;10796;1155;902;13762;1697;1074;0;30
FR;6;2022-07-25;60;44;8;12;41;9;13;0;1;15823;10840;1163;914;13803;1706;1087;0;31
FR;6;2022-07-26;47;64;14;6;62;10;13;0;0;15870;10904;1177;920;13865;1716;1100;0;31
FR;6;2022-07-27;54;78;15;11;81;17;15;0;8;15924;10982;1192;931;13946;1733;1115;0;39
FR;6;2022-07-28;30;48;4;6;50;8;7;0;1;15954;11030;1196;937;13996;1741;1122;0;40
FR;6;2022-07-29;43;71;10;38;60;24;36;0;1;15997;11101;1206;975;14056;1765;1158;0;41
FR;6;2022-07-30;26;48;4;15;49;7;15;0;0;16023;11149;1210;990;14105;1772;1173;0;41
FR;6;2022-07-31;0;1;1;0;1;0;1;0;0;16023;11150;1211;990;14106;1772;1174;0;41
FR;6;2022-08-01;39;36;14;8;32;10;6;0;1;16062;11186;1225;998;14138;1782;1180;0;42
FR;6;2022-08-02;37;46;10;14;52;6;16;0;0;16099;11232;1235;1012;14190;1788;1196;0;42
FR;6;2022-08-03;29;52;7;16;53;11;19;0;0;16128;11284;1242;1028;14243;1799;1215;0;42
FR;6;2022-08-04;25;21;4;9;20;6;10;0;1;16153;11305;1246;1037;14263;1805;1225;0;43
FR;6;2022-08-05;43;45;1;7;53;5;7;0;0;16196;11350;1247;1044;14316;1810;1232;0;43
FR;6;2022-08-06;17;27;1;3;33;2;4;0;0;16213;11377;1248;1047;14349;1812;1236;0;43
FR;6;2022-08-07;1;2;0;0;2;0;0;0;0;16214;11379;1248;1047;14351;1812;1236;0;43
FR;6;2022-08-08;24;33;1;0;40;1;0;0;0;16238;11412;1249;1047;14391;1813;1236;0;43
FR;6;2022-08-09;22;30;6;3;29;3;3;0;0;16260;11442;1255;1050;14420;1816;1239;0;43
FR;6;2022-08-10;32;36;5;9;38;5;9;0;5;16292;11478;1260;1059;14458;1821;1248;0;48
FR;6;2022-08-11;33;33;1;1;40;1;0;0;1;16325;11511;1261;1060;14498;1822;1248;0;49
FR;6;2022-08-12;50;44;6;2;50;15;3;0;1;16375;11555;1267;1062;14548;1837;1251;0;50
FR;6;2022-08-13;9;20;0;0;22;1;0;0;0;16384;11575;1267;1062;14570;1838;1251;0;50
FR;6;2022-08-14;3;1;0;0;2;0;0;0;0;16387;11576;1267;1062;14572;1838;1251;0;50
FR;6;2022-08-15;2;3;1;0;4;0;1;0;0;16389;11579;1268;1062;14576;1838;1252;0;50
FR;6;2022-08-16;35;66;21;7;66;7;2;0;0;16424;11645;1289;1069;14642;1845;1254;0;50
FR;6;2022-08-17;32;44;10;9;41;10;6;0;7;16456;11689;1299;1078;14683;1855;1260;0;57
FR;6;2022-08-18;29;55;14;4;61;4;0;0;1;16485;11744;1313;1082;14744;1859;1260;0;58
FR;6;2022-08-19;30;45;5;4;47;3;2;0;1;16515;11789;1318;1086;14791;1862;1262;0;59
FR;6;2022-08-20;26;29;3;0;29;8;1;0;0;16541;11818;1321;1086;14820;1870;1263;0;59
FR;6;2022-08-21;1;5;2;0;5;0;0;0;0;16542;11823;1323;1086;14825;1870;1263;0;59
FR;6;2022-08-22;20;42;15;1;45;0;0;0;0;16562;11865;1338;1087;14870;1870;1263;0;59
FR;6;2022-08-23;34;45;6;7;47;6;4;0;2;16596;11910;1344;1094;14917;1876;1267;0;61
FR;6;2022-08-24;34;30;6;3;36;6;2;0;3;16630;11940;1350;1097;14953;1882;1269;0;64
FR;6;2022-08-25;25;27;1;1;29;5;1;0;0;16655;11967;1351;1098;14982;1887;1270;0;64
FR;6;2022-08-26;38;44;4;4;51;7;7;0;0;16693;12011;1355;1102;15033;1894;1277;0;64
FR;6;2022-08-27;19;21;7;3;22;8;4;0;0;16712;12032;1362;1105;15055;1902;1281;0;64
FR;6;2022-08-28;6;3;0;6;3;1;1;0;4;16718;12035;1362;1111;15058;1903;1282;0;68
FR;6;2022-08-29;26;22;2;6;29;3;6;0;0;16744;12057;1364;1117;15087;1906;1288;0;68
FR;6;2022-08-30;28;35;4;12;33;8;13;0;0;16772;12092;1368;1129;15120;1914;1301;0;68
FR;6;2022-08-31;35;38;2;11;46;3;12;0;0;16807;12130;1370;1140;15166;1917;1313;0;68
FR;6;2022-09-01;17;11;5;1;13;4;3;0;0;16824;12141;1375;1141;15179;1921;1316;0;68
FR;6;2022-09-02;19;14;2;1;13;3;2;0;0;16843;12155;1377;1142;15192;1924;1318;0;68
FR;6;2022-09-03;10;3;1;5;4;2;5;0;0;16853;12158;1378;1147;15196;1926;1323;0;68
FR;6;2022-09-04;4;1;0;0;1;0;0;0;0;16857;12159;1378;1147;15197;1926;1323;0;68
FR;6;2022-09-05;8;7;0;0;10;0;0;0;0;16865;12166;1378;1147;15207;1926;1323;0;68
FR;6;2022-09-06;7;9;7;12;8;6;15;0;0;16872;12175;1385;1159;15215;1932;1338;0;68
FR;6;2022-09-07;3;8;1;0;8;1;0;0;0;16875;12183;1386;1159;15223;1933;1338;0;68
FR;6;2022-09-08;6;4;0;2;3;1;2;0;0;16881;12187;1386;1161;15226;1934;1340;0;68
FR;6;2022-09-09;7;9;2;7;9;3;8;0;0;16888;12196;1388;1168;15235;1937;1348;0;68
FR;6;2022-09-10;3;4;1;0;3;1;1;0;0;16891;12200;1389;1168;15238;1938;1349;0;68
FR;6;2022-09-11;1;3;0;0;3;0;0;0;0;16892;12203;1389;1168;15241;1938;1349;0;68
FR;6;2022-09-12;10;4;1;0;3;3;0;0;0;16902;12207;1390;1168;15244;1941;1349;0;68
FR;6;2022-09-13;7;2;3;0;2;2;2;0;0;16909;12209;1393;1168;15246;1943;1351;0;68
FR;6;2022-09-14;9;8;2;0;7;4;0;0;0;16918;12217;1395;1168;15253;1947;1351;0;68
FR;6;2022-09-15;8;13;5;5;9;9;3;0;2;16926;12230;1400;1173;15262;1956;1354;0;70
FR;6;2022-09-16;25;39;1;1;47;4;1;0;2;16951;12269;1401;1174;15309;1960;1355;0;72
FR;6;2022-09-17;24;22;0;6;24;5;3;0;2;16975;12291;1401;1180;15333;1965;1358;0;74
FR;6;2022-09-18;5;4;0;0;4;1;0;0;0;16980;12295;1401;1180;15337;1966;1358;0;74
FR;6;2022-09-19;30;30;2;1;31;5;1;0;0;17010;12325;1403;1181;15368;1971;1359;0;74
FR;6;2022-09-20;34;25;1;4;29;6;2;0;1;17044;12350;1404;1185;15397;1977;1361;0;75
FR;6;2022-09-21;21;9;3;3;7;7;5;0;3;17065;12359;1407;1188;15404;1984;1366;0;78
FR;6;2022-09-22;19;28;1;22;32;3;21;0;1;17084;12387;1408;1210;15436;1987;1387;0;79
FR;6;2022-09-23;28;41;5;9;47;9;2;0;0;17112;12428;1413;1219;15483;1996;1389;0;79
FR;6;2022-09-24;16;16;4;2;21;6;2;0;0;17128;12444;1417;1221;15504;2002;1391;0;79
FR;6;2022-09-25;3;14;0;0;14;1;0;0;0;17131;12458;1417;1221;15518;2003;1391;0;79
FR;6;2022-09-26;16;13;0;18;12;5;18;0;2;17147;12471;1417;1239;15530;2008;1409;0;81
FR;6;2022-09-27;32;19;2;3;23;4;4;0;0;17179;12490;1419;1242;15553;2012;1413;0;81
FR;6;2022-09-28;27;10;9;11;16;5;17;0;2;17206;12500;1428;1253;15569;2017;1430;0;83
FR;6;2022-09-29;13;13;10;34;16;6;33;0;7;17219;12513;1438;1287;15585;2023;1463;0;90
FR;6;2022-09-30;34;24;5;6;33;5;3;0;0;17253;12537;1443;1293;15618;2028;1466;0;90
FR;6;2022-10-01;17;12;5;8;9;8;8;0;2;17270;12549;1448;1301;15627;2036;1474;0;92
FR;6;2022-10-02;3;0;0;0;1;0;0;0;0;17273;12549;1448;1301;15628;2036;1474;0;92
FR;6;2022-10-03;11;10;3;5;11;4;6;0;0;17284;12559;1451;1306;15639;2040;1480;0;92
FR;6;2022-10-04;19;17;4;28;21;3;30;0;3;17303;12576;1455;1334;15660;2043;1510;0;95
FR;6;2022-10-05;11;12;3;2;9;7;4;0;0;17314;12588;1458;1336;15669;2050;1514;0;95
FR;6;2022-10-06;19;13;4;6;17;2;10;0;0;17333;12601;1462;1342;15686;2052;1524;0;95
FR;6;2022-10-07;27;26;5;24;25;10;16;0;5;17360;12627;1467;1366;15711;2062;1540;0;100
FR;6;2022-10-08;18;13;0;0;16;0;0;0;0;17378;12640;1467;1366;15727;2062;1540;0;100
FR;6;2022-10-09;7;3;4;27;3;4;30;0;6;17385;12643;1471;1393;15730;2066;1570;0;106
FR;6;2022-10-10;15;14;1;16;16;6;13;0;0;17400;12657;1472;1409;15746;2072;1583;0;106
FR;6;2022-10-11;21;23;3;11;21;8;13;0;3;17421;12680;1475;1420;15767;2080;1596;0;109
FR;6;2022-10-12;20;16;7;19;18;3;24;0;7;17441;12696;1482;1439;15785;2083;1620;0;116
FR;6;2022-10-13;28;15;2;36;23;0;38;0;6;17469;12711;1484;1475;15808;2083;1658;0;122
FR;6;2022-10-14;29;23;5;49;23;11;45;0;13;17498;12734;1489;1524;15831;2094;1703;0;135
FR;6;2022-10-15;13;9;0;22;8;4;21;0;6;17511;12743;1489;1546;15839;2098;1724;0;141
FR;6;2022-10-16;4;5;0;6;2;3;6;0;0;17515;12748;1489;1552;15841;2101;1730;0;141
FR;6;2022-10-17;14;14;2;10;14;1;12;0;2;17529;12762;1491;1562;15855;2102;1742;0;143
FR;6;2022-10-18;12;19;9;26;19;4;18;0;11;17541;12781;1500;1588;15874;2106;1760;0;154
FR;6;2022-10-19;10;20;6;16;20;5;19;0;5;17551;12801;1506;1604;15894;2111;1779;0;159
FR;6;2022-10-20;16;15;12;57;18;5;67;0;13;17567;12816;1518;1661;15912;2116;1846;0;172
FR;6;2022-10-21;16;21;9;34;22;11;37;0;10;17583;12837;1527;1695;15934;2127;1883;0;182
FR;6;2022-10-22;19;14;1;4;17;3;4;0;0;17602;12851;1528;1699;15951;2130;1887;0;182
FR;6;2022-10-23;3;2;1;0;3;0;1;0;0;17605;12853;1529;1699;15954;2130;1888;0;182
FR;6;2022-10-24;12;14;2;7;14;6;5;0;2;17617;12867;1531;1706;15968;2136;1893;0;184
FR;6;2022-10-25;20;13;6;17;16;7;19;0;4;17637;12880;1537;1723;15984;2143;1912;0;188
FR;6;2022-10-26;17;9;4;13;12;4;15;0;5;17654;12889;1541;1736;15996;2147;1927;0;193
FR;6;2022-10-27;20;7;8;37;10;6;36;0;14;17674;12896;1549;1773;16006;2153;1963;0;207
FR;6;2022-10-28;21;27;3;4;28;6;5;0;1;17695;12923;1552;1777;16034;2159;1968;0;208
FR;6;2022-10-29;7;11;5;11;10;6;14;0;12;17702;12934;1557;1788;16044;2165;1982;0;220
FR;6;2022-10-30;2;5;0;0;5;0;0;0;0;17704;12939;1557;1788;16049;2165;1982;0;220
FR;6;2022-10-31;20;14;2;13;17;4;12;0;3;17724;12953;1559;1801;16066;2169;1994;0;223
FR;6;2022-11-01;2;1;1;0;1;1;0;0;0;17726;12954;1560;1801;16067;2170;1994;0;223
FR;6;2022-11-02;15;25;9;21;26;11;19;0;12;17741;12979;1569;1822;16093;2181;2013;0;235
FR;6;2022-11-03;17;17;11;39;20;8;43;0;9;17758;12996;1580;1861;16113;2189;2056;0;244
FR;6;2022-11-04;19;22;9;16;27;5;16;0;10;17777;13018;1589;1877;16140;2194;2072;0;254
FR;6;2022-11-05;9;16;2;4;17;4;6;0;0;17786;13034;1591;1881;16157;2198;2078;0;254
FR;6;2022-11-06;5;1;0;0;1;0;0;0;0;17791;13035;1591;1881;16158;2198;2078;0;254
FR;6;2022-11-07;18;10;6;17;12;4;18;0;11;17809;13045;1597;1898;16170;2202;2096;0;265
FR;6;2022-11-08;18;10;2;3;8;5;5;0;4;17827;13055;1599;1901;16178;2207;2101;0;269
FR;6;2022-11-09;16;22;1;6;21;4;5;0;4;17843;13077;1600;1907;16199;2211;2106;0;273
FR;6;2022-11-10;10;10;4;12;8;5;11;0;10;17853;13087;1604;1919;16207;2216;2117;0;283
FR;6;2022-11-11;3;1;0;0;1;1;0;0;0;17856;13088;1604;1919;16208;2217;2117;0;283
FR;6;2022-11-12;4;11;1;7;11;2;5;0;9;17860;13099;1605;1926;16219;2219;2122;0;292
FR;6;2022-11-13;1;1;0;1;1;0;1;0;0;17861;13100;1605;1927;16220;2219;2123;0;292
FR;6;2022-11-14;13;10;7;32;14;8;33;0;14;17874;13110;1612;1959;16234;2227;2156;0;306
FR;6;2022-11-15;7;18;1;11;16;4;7;0;2;17881;13128;1613;1970;16250;2231;2163;0;308
FR;6;2022-11-16;16;15;9;32;17;3;42;0;9;17897;13143;1622;2002;16267;2234;2205;0;317
FR;6;2022-11-17;10;8;1;29;8;2;28;0;5;17907;13151;1623;2031;16275;2236;2233;0;322
FR;6;2022-11-18;20;12;5;23;16;4;25;0;7;17927;13163;1628;2054;16291;2240;2258;0;329
FR;6;2022-11-19;5;13;0;2;11;3;2;0;1;17932;13176;1628;2056;16302;2243;2260;0;330
FR;6;2022-11-20;2;1;2;0;1;2;0;0;0;17934;13177;1630;2056;16303;2245;2260;0;330
FR;6;2022-11-21;22;13;1;14;14;6;11;0;3;17956;13190;1631;2070;16317;2251;2271;0;333
FR;6;2022-11-22;14;9;0;4;11;1;3;0;1;17970;13199;1631;2074;16328;2252;2274;0;334
FR;6;2022-11-23;14;15;15;23;17;9;31;0;8;17984;13214;1646;2097;16345;2261;2305;0;342
FR;6;2022-11-24;14;17;1;11;19;5;10;0;7;17998;13231;1647;2108;16364;2266;2315;0;349
FR;6;2022-11-25;23;15;5;50;15;5;47;0;5;18021;13246;1652;2158;16379;2271;2362;0;354
FR;6;2022-11-26;9;5;2;4;3;2;5;0;1;18030;13251;1654;2162;16382;2273;2367;0;355
FR;6;2022-11-27;1;4;0;0;4;0;0;0;0;18031;13255;1654;2162;16386;2273;2367;0;355
FR;6;2022-11-28;9;11;6;22;11;3;24;0;11;18040;13266;1660;2184;16397;2276;2391;0;366
FR;6;2022-11-29;15;10;1;12;14;1;8;0;7;18055;13276;1661;2196;16411;2277;2399;0;373
FR;6;2022-11-30;18;20;8;23;19;12;22;0;8;18073;13296;1669;2219;16430;2289;2421;0;381
FR;6;2022-12-01;12;8;7;20;10;4;24;0;9;18085;13304;1676;2239;16440;2293;2445;0;390
FR;6;2022-12-02;16;9;12;36;12;8;42;0;1;18101;13313;1688;2275;16452;2301;2487;0;391
FR;6;2022-12-03;13;3;13;20;6;5;28;0;13;18114;13316;1701;2295;16458;2306;2515;0;404
FR;6;2022-12-04;3;1;0;2;1;0;2;0;0;18117;13317;1701;2297;16459;2306;2517;0;404
FR;6;2022-12-05;11;10;7;16;11;4;19;0;8;18128;13327;1708;2313;16470;2310;2536;0;412
FR;6;2022-12-06;10;19;3;30;12;11;28;0;3;18138;13346;1711;2343;16482;2321;2564;0;415
FR;6;2022-12-07;17;8;10;56;10;8;57;0;30;18155;13354;1721;2399;16492;2329;2621;0;445
FR;6;2022-12-08;9;13;8;18;11;7;21;0;12;18164;13367;1729;2417;16503;2336;2642;0;457
FR;6;2022-12-09;15;9;5;29;12;4;30;0;6;18179;13376;1734;2446;16515;2340;2672;0;463
FR;6;2022-12-10;12;9;6;9;7;4;14;0;7;18191;13385;1740;2455;16522;2344;2686;0;470
FR;6;2022-12-11;4;2;1;0;2;1;0;0;0;18195;13387;1741;2455;16524;2345;2686;0;470
FR;6;2022-12-12;16;10;8;36;14;9;33;0;17;18211;13397;1749;2491;16538;2354;2719;0;487
FR;6;2022-12-13;17;21;11;66;16;17;65;0;14;18228;13418;1760;2557;16554;2371;2784;0;501
FR;6;2022-12-14;14;13;8;53;10;12;53;0;14;18242;13431;1768;2610;16564;2383;2837;0;515
FR;6;2022-12-15;12;15;14;38;13;9;44;0;9;18254;13446;1782;2648;16577;2392;2881;0;524
FR;6;2022-12-16;18;14;15;39;15;14;39;0;13;18272;13460;1797;2687;16592;2406;2920;0;537
FR;6;2022-12-17;11;10;15;28;8;15;29;0;8;18283;13470;1812;2715;16600;2421;2949;0;545
FR;6;2022-12-18;7;4;0;2;5;0;2;0;0;18290;13474;1812;2717;16605;2421;2951;0;545
FR;6;2022-12-19;12;8;8;29;8;11;29;0;15;18302;13482;1820;2746;16613;2432;2980;0;560
FR;6;2022-12-20;17;23;11;23;17;19;22;0;21;18319;13505;1831;2769;16630;2451;3002;0;581
FR;6;2022-12-21;23;16;9;19;13;13;17;0;5;18342;13521;1840;2788;16643;2464;3019;0;586
FR;6;2022-12-22;13;14;9;21;15;13;18;0;11;18355;13535;1849;2809;16658;2477;3037;0;597
FR;6;2022-12-23;10;19;11;7;14;17;7;0;3;18365;13554;1860;2816;16672;2494;3044;0;600
FR;6;2022-12-24;2;5;2;0;5;1;2;0;0;18367;13559;1862;2816;16677;2495;3046;0;600
FR;6;2022-12-25;0;0;0;0;0;0;0;0;0;18367;13559;1862;2816;16677;2495;3046;0;600
FR;6;2022-12-26;8;12;12;11;10;18;11;0;3;18375;13571;1874;2827;16687;2513;3057;0;603
FR;6;2022-12-27;17;13;15;8;12;19;8;0;0;18392;13584;1889;2835;16699;2532;3065;0;603
FR;6;2022-12-28;15;18;6;8;18;8;9;0;4;18407;13602;1895;2843;16717;2540;3074;0;607
FR;6;2022-12-29;14;12;7;3;10;9;4;0;3;18421;13614;1902;2846;16727;2549;3078;0;610
FR;8;2020-12-27;0;0;0;0;0;0;0;0;0;0;0;0;0;0;0;0;0;0
FR;8;2020-12-28;0;0;0;0;0;0;0;0;0;0;0;0;0;0;0;0;0;0
FR;8;2020-12-29;0;0;0;0;0;0;0;0;0;0;0;0;0;0;0;0;0;0
FR;8;2020-12-30;0;0;0;0;0;0;0;0;0;0;0;0;0;0;0;0;0;0
FR;8;2020-12-31;0;0;0;0;0;0;0;0;0;0;0;0;0;0;0;0;0;0
FR;8;2021-01-01;0;0;0;0;0;0;0;0;0;0;0;0;0;0;0;0;0;0
FR;8;2021-01-02;0;0;0;0;0;0;0;0;0;0;0;0;0;0;0;0;0;0
FR;8;2021-01-03;0;0;0;0;0;0;0;0;0;0;0;0;0;0;0;0;0;0
FR;8;2021-01-04;0;0;0;0;0;0;0;0;0;0;0;0;0;0;0;0;0;0
FR;8;2021-01-05;0;0;0;0;0;0;0;0;0;0;0;0;0;0;0;0;0;0
FR;8;2021-01-06;0;0;0;0;0;0;0;0;0;0;0;0;0;0;0;0;0;0
FR;8;2021-01-07;0;0;0;0;0;0;0;0;0;0;0;0;0;0;0;0;0;0
FR;8;2021-01-08;0;0;0;0;0;0;0;0;0;0;0;0;0;0;0;0;0;0
FR;8;2021-01-09;0;0;0;0;0;0;0;0;0;0;0;0;0;0;0;0;0;0
FR;8;2021-01-10;0;0;0;0;0;0;0;0;0;0;0;0;0;0;0;0;0;0
FR;8;2021-01-11;0;0;0;0;0;0;0;0;0;0;0;0;0;0;0;0;0;0
FR;8;2021-01-12;0;0;0;0;0;0;0;0;0;0;0;0;0;0;0;0;0;0
FR;8;2021-01-13;0;0;0;0;0;0;0;0;0;0;0;0;0;0;0;0;0;0
FR;8;2021-01-14;0;0;0;0;0;0;0;0;0;0;0;0;0;0;0;0;0;0
FR;8;2021-01-15;0;0;0;0;0;0;0;0;0;0;0;0;0;0;0;0;0;0
FR;8;2021-01-16;0;0;0;0;0;0;0;0;0;0;0;0;0;0;0;0;0;0
FR;8;2021-01-17;0;0;0;0;0;0;0;0;0;0;0;0;0;0;0;0;0;0
FR;8;2021-01-18;0;0;0;0;0;0;0;0;0;0;0;0;0;0;0;0;0;0
FR;8;2021-01-19;0;0;0;0;0;0;0;0;0;0;0;0;0;0;0;0;0;0
FR;8;2021-01-20;0;0;0;0;0;0;0;0;0;0;0;0;0;0;0;0;0;0
FR;8;2021-01-21;0;0;0;0;0;0;0;0;0;0;0;0;0;0;0;0;0;0
FR;8;2021-01-22;0;0;0;0;0;0;0;0;0;0;0;0;0;0;0;0;0;0
FR;8;2021-01-23;0;0;0;0;0;0;0;0;0;0;0;0;0;0;0;0;0;0
FR;8;2021-01-24;0;0;0;0;0;0;0;0;0;0;0;0;0;0;0;0;0;0
FR;8;2021-01-25;0;0;0;0;0;0;0;0;0;0;0;0;0;0;0;0;0;0
FR;8;2021-01-26;0;0;0;0;0;0;0;0;0;0;0;0;0;0;0;0;0;0
FR;8;2021-01-27;0;0;0;0;0;0;0;0;0;0;0;0;0;0;0;0;0;0
FR;8;2021-01-28;0;0;0;0;0;0;0;0;0;0;0;0;0;0;0;0;0;0
FR;8;2021-01-29;0;0;0;0;0;0;0;0;0;0;0;0;0;0;0;0;0;0
FR;8;2021-01-30;0;0;0;0;0;0;0;0;0;0;0;0;0;0;0;0;0;0
FR;8;2021-01-31;0;0;0;0;0;0;0;0;0;0;0;0;0;0;0;0;0;0
FR;8;2021-02-01;0;0;0;0;0;0;0;0;0;0;0;0;0;0;0;0;0;0
FR;8;2021-02-02;0;0;0;0;0;0;0;0;0;0;0;0;0;0;0;0;0;0
FR;8;2021-02-03;0;0;0;0;0;0;0;0;0;0;0;0;0;0;0;0;0;0
FR;8;2021-02-04;0;0;0;0;0;0;0;0;0;0;0;0;0;0;0;0;0;0
FR;8;2021-02-05;0;0;0;0;0;0;0;0;0;0;0;0;0;0;0;0;0;0
FR;8;2021-02-06;0;0;0;0;0;0;0;0;0;0;0;0;0;0;0;0;0;0
FR;8;2021-02-07;0;0;0;0;0;0;0;0;0;0;0;0;0;0;0;0;0;0
FR;8;2021-02-08;0;0;0;0;0;0;0;0;0;0;0;0;0;0;0;0;0;0
FR;8;2021-02-09;0;0;0;0;0;0;0;0;0;0;0;0;0;0;0;0;0;0
FR;8;2021-02-10;0;0;0;0;0;0;0;0;0;0;0;0;0;0;0;0;0;0
FR;8;2021-02-11;0;0;0;0;0;0;0;0;0;0;0;0;0;0;0;0;0;0
FR;8;2021-02-12;0;0;0;0;0;0;0;0;0;0;0;0;0;0;0;0;0;0
FR;8;2021-02-13;0;0;0;0;0;0;0;0;0;0;0;0;0;0;0;0;0;0
FR;8;2021-02-14;0;0;0;0;0;0;0;0;0;0;0;0;0;0;0;0;0;0
FR;8;2021-02-15;0;0;0;0;0;0;0;0;0;0;0;0;0;0;0;0;0;0
FR;8;2021-02-16;0;0;0;0;0;0;0;0;0;0;0;0;0;0;0;0;0;0
FR;8;2021-02-17;0;0;0;0;0;0;0;0;0;0;0;0;0;0;0;0;0;0
FR;8;2021-02-18;0;0;0;0;0;0;0;0;0;0;0;0;0;0;0;0;0;0
FR;8;2021-02-19;0;0;0;0;0;0;0;0;0;0;0;0;0;0;0;0;0;0
FR;8;2021-02-20;0;0;0;0;0;0;0;0;0;0;0;0;0;0;0;0;0;0
FR;8;2021-02-21;0;0;0;0;0;0;0;0;0;0;0;0;0;0;0;0;0;0
FR;8;2021-02-22;0;0;0;0;0;0;0;0;0;0;0;0;0;0;0;0;0;0
FR;8;2021-02-23;0;0;0;0;0;0;0;0;0;0;0;0;0;0;0;0;0;0
FR;8;2021-02-24;0;0;0;0;0;0;0;0;0;0;0;0;0;0;0;0;0;0
FR;8;2021-02-25;0;0;0;0;0;0;0;0;0;0;0;0;0;0;0;0;0;0
FR;8;2021-02-26;0;0;0;0;0;0;0;0;0;0;0;0;0;0;0;0;0;0
FR;8;2021-02-27;0;0;0;0;0;0;0;0;0;0;0;0;0;0;0;0;0;0
FR;8;2021-02-28;0;0;0;0;0;0;0;0;0;0;0;0;0;0;0;0;0;0
FR;8;2021-03-01;0;0;0;0;0;0;0;0;0;0;0;0;0;0;0;0;0;0
FR;8;2021-03-02;0;0;0;0;0;0;0;0;0;0;0;0;0;0;0;0;0;0
FR;8;2021-03-03;0;0;0;0;0;0;0;0;0;0;0;0;0;0;0;0;0;0
FR;8;2021-03-04;0;0;0;0;0;0;0;0;0;0;0;0;0;0;0;0;0;0
FR;8;2021-03-05;0;0;0;0;0;0;0;0;0;0;0;0;0;0;0;0;0;0
FR;8;2021-03-06;0;0;0;0;0;0;0;0;0;0;0;0;0;0;0;0;0;0
FR;8;2021-03-07;0;0;0;0;0;0;0;0;0;0;0;0;0;0;0;0;0;0
FR;8;2021-03-08;0;0;0;0;0;0;0;0;0;0;0;0;0;0;0;0;0;0
FR;8;2021-03-09;0;0;0;0;0;0;0;0;0;0;0;0;0;0;0;0;0;0
FR;8;2021-03-10;0;0;0;0;0;0;0;0;0;0;0;0;0;0;0;0;0;0
FR;8;2021-03-11;0;0;0;0;0;0;0;0;0;0;0;0;0;0;0;0;0;0
FR;8;2021-03-12;0;0;0;0;0;0;0;0;0;0;0;0;0;0;0;0;0;0
FR;8;2021-03-13;0;0;0;0;0;0;0;0;0;0;0;0;0;0;0;0;0;0
FR;8;2021-03-14;0;0;0;0;0;0;0;0;0;0;0;0;0;0;0;0;0;0
FR;8;2021-03-15;0;0;0;0;0;0;0;0;0;0;0;0;0;0;0;0;0;0
FR;8;2021-03-16;0;0;0;0;0;0;0;0;0;0;0;0;0;0;0;0;0;0
FR;8;2021-03-17;0;0;0;0;0;0;0;0;0;0;0;0;0;0;0;0;0;0
FR;8;2021-03-18;0;0;0;0;0;0;0;0;0;0;0;0;0;0;0;0;0;0
FR;8;2021-03-19;0;0;0;0;0;0;0;0;0;0;0;0;0;0;0;0;0;0
FR;8;2021-03-20;0;0;0;0;0;0;0;0;0;0;0;0;0;0;0;0;0;0
FR;8;2021-03-21;0;0;0;0;0;0;0;0;0;0;0;0;0;0;0;0;0;0
FR;8;2021-03-22;0;0;0;0;0;0;0;0;0;0;0;0;0;0;0;0;0;0
FR;8;2021-03-23;0;0;0;0;0;0;0;0;0;0;0;0;0;0;0;0;0;0
FR;8;2021-03-24;0;0;0;0;0;0;0;0;0;0;0;0;0;0;0;0;0;0
FR;8;2021-03-25;0;0;0;0;0;0;0;0;0;0;0;0;0;0;0;0;0;0
FR;8;2021-03-26;0;0;0;0;0;0;0;0;0;0;0;0;0;0;0;0;0;0
FR;8;2021-03-27;0;0;0;0;0;0;0;0;0;0;0;0;0;0;0;0;0;0
FR;8;2021-03-28;0;0;0;0;0;0;0;0;0;0;0;0;0;0;0;0;0;0
FR;8;2021-03-29;0;0;0;0;0;0;0;0;0;0;0;0;0;0;0;0;0;0
FR;8;2021-03-30;0;0;0;0;0;0;0;0;0;0;0;0;0;0;0;0;0;0
FR;8;2021-03-31;0;0;0;0;0;0;0;0;0;0;0;0;0;0;0;0;0;0
FR;8;2021-04-01;0;0;0;0;0;0;0;0;0;0;0;0;0;0;0;0;0;0
FR;8;2021-04-02;0;0;0;0;0;0;0;0;0;0;0;0;0;0;0;0;0;0
FR;8;2021-04-03;0;0;0;0;0;0;0;0;0;0;0;0;0;0;0;0;0;0
FR;8;2021-04-04;0;0;0;0;0;0;0;0;0;0;0;0;0;0;0;0;0;0
FR;8;2021-04-05;0;0;0;0;0;0;0;0;0;0;0;0;0;0;0;0;0;0
FR;8;2021-04-06;0;0;0;0;0;0;0;0;0;0;0;0;0;0;0;0;0;0
FR;8;2021-04-07;0;0;0;0;0;0;0;0;0;0;0;0;0;0;0;0;0;0
FR;8;2021-04-08;0;0;0;0;0;0;0;0;0;0;0;0;0;0;0;0;0;0
FR;8;2021-04-09;0;0;0;0;0;0;0;0;0;0;0;0;0;0;0;0;0;0
FR;8;2021-04-10;0;0;0;0;0;0;0;0;0;0;0;0;0;0;0;0;0;0
FR;8;2021-04-11;0;0;0;0;0;0;0;0;0;0;0;0;0;0;0;0;0;0
FR;8;2021-04-12;0;0;0;0;0;0;0;0;0;0;0;0;0;0;0;0;0;0
FR;8;2021-04-13;0;0;0;0;0;0;0;0;0;0;0;0;0;0;0;0;0;0
FR;8;2021-04-14;0;0;0;0;0;0;0;0;0;0;0;0;0;0;0;0;0;0
FR;8;2021-04-15;0;0;0;0;0;0;0;0;0;0;0;0;0;0;0;0;0;0
FR;8;2021-04-16;0;0;0;0;0;0;0;0;0;0;0;0;0;0;0;0;0;0
FR;8;2021-04-17;0;0;0;0;0;0;0;0;0;0;0;0;0;0;0;0;0;0
FR;8;2021-04-18;0;0;0;0;0;0;0;0;0;0;0;0;0;0;0;0;0;0
FR;8;2021-04-19;0;0;0;0;0;0;0;0;0;0;0;0;0;0;0;0;0;0
FR;8;2021-04-20;0;0;0;0;0;0;0;0;0;0;0;0;0;0;0;0;0;0
FR;8;2021-04-21;0;0;0;0;0;0;0;0;0;0;0;0;0;0;0;0;0;0
FR;8;2021-04-22;0;0;0;0;0;0;0;0;0;0;0;0;0;0;0;0;0;0
FR;8;2021-04-23;0;0;0;0;0;0;0;0;0;0;0;0;0;0;0;0;0;0
FR;8;2021-04-24;0;0;0;0;0;0;0;0;0;0;0;0;0;0;0;0;0;0
FR;8;2021-04-25;0;0;0;0;0;0;0;0;0;0;0;0;0;0;0;0;0;0
FR;8;2021-04-26;0;0;0;0;0;0;0;0;0;0;0;0;0;0;0;0;0;0
FR;8;2021-04-27;0;0;0;0;0;0;0;0;0;0;0;0;0;0;0;0;0;0
FR;8;2021-04-28;0;0;0;0;0;0;0;0;0;0;0;0;0;0;0;0;0;0
FR;8;2021-04-29;0;0;0;0;0;0;0;0;0;0;0;0;0;0;0;0;0;0
FR;8;2021-04-30;0;0;0;0;0;0;0;0;0;0;0;0;0;0;0;0;0;0
FR;8;2021-05-01;0;0;0;0;0;0;0;0;0;0;0;0;0;0;0;0;0;0
FR;8;2021-05-02;0;0;0;0;0;0;0;0;0;0;0;0;0;0;0;0;0;0
FR;8;2021-05-03;0;0;0;0;0;0;0;0;0;0;0;0;0;0;0;0;0;0
FR;8;2021-05-04;0;0;0;0;0;0;0;0;0;0;0;0;0;0;0;0;0;0
FR;8;2021-05-05;0;0;0;0;0;0;0;0;0;0;0;0;0;0;0;0;0;0
FR;8;2021-05-06;0;0;0;0;0;0;0;0;0;0;0;0;0;0;0;0;0;0
FR;8;2021-05-07;0;0;0;0;0;0;0;0;0;0;0;0;0;0;0;0;0;0
FR;8;2021-05-08;0;0;0;0;0;0;0;0;0;0;0;0;0;0;0;0;0;0
FR;8;2021-05-09;0;0;0;0;0;0;0;0;0;0;0;0;0;0;0;0;0;0
FR;8;2021-05-10;0;0;0;0;0;0;0;0;0;0;0;0;0;0;0;0;0;0
FR;8;2021-05-11;0;0;0;0;0;0;0;0;0;0;0;0;0;0;0;0;0;0
FR;8;2021-05-12;0;0;0;0;0;0;0;0;0;0;0;0;0;0;0;0;0;0
FR;8;2021-05-13;0;0;0;0;0;0;0;0;0;0;0;0;0;0;0;0;0;0
FR;8;2021-05-14;0;0;0;0;0;0;0;0;0;0;0;0;0;0;0;0;0;0
FR;8;2021-05-15;0;0;0;0;0;0;0;0;0;0;0;0;0;0;0;0;0;0
FR;8;2021-05-16;0;0;0;0;0;0;0;0;0;0;0;0;0;0;0;0;0;0
FR;8;2021-05-17;0;0;0;0;0;0;0;0;0;0;0;0;0;0;0;0;0;0
FR;8;2021-05-18;0;0;0;0;0;0;0;0;0;0;0;0;0;0;0;0;0;0
FR;8;2021-05-19;0;0;0;0;0;0;0;0;0;0;0;0;0;0;0;0;0;0
FR;8;2021-05-20;0;0;0;0;0;0;0;0;0;0;0;0;0;0;0;0;0;0
FR;8;2021-05-21;0;0;0;0;0;0;0;0;0;0;0;0;0;0;0;0;0;0
FR;8;2021-05-22;0;0;0;0;0;0;0;0;0;0;0;0;0;0;0;0;0;0
FR;8;2021-05-23;0;0;0;0;0;0;0;0;0;0;0;0;0;0;0;0;0;0
FR;8;2021-05-24;0;0;0;0;0;0;0;0;0;0;0;0;0;0;0;0;0;0
FR;8;2021-05-25;0;0;0;0;0;0;0;0;0;0;0;0;0;0;0;0;0;0
FR;8;2021-05-26;0;0;0;0;0;0;0;0;0;0;0;0;0;0;0;0;0;0
FR;8;2021-05-27;0;0;0;0;0;0;0;0;0;0;0;0;0;0;0;0;0;0
FR;8;2021-05-28;0;0;0;0;0;0;0;0;0;0;0;0;0;0;0;0;0;0
FR;8;2021-05-29;0;0;0;0;0;0;0;0;0;0;0;0;0;0;0;0;0;0
FR;8;2021-05-30;0;0;0;0;0;0;0;0;0;0;0;0;0;0;0;0;0;0
FR;8;2021-05-31;0;0;0;0;0;0;0;0;0;0;0;0;0;0;0;0;0;0
FR;8;2021-06-01;0;0;0;0;0;0;0;0;0;0;0;0;0;0;0;0;0;0
FR;8;2021-06-02;0;0;0;0;0;0;0;0;0;0;0;0;0;0;0;0;0;0
FR;8;2021-06-03;0;0;0;0;0;0;0;0;0;0;0;0;0;0;0;0;0;0
FR;8;2021-06-04;0;0;0;0;0;0;0;0;0;0;0;0;0;0;0;0;0;0
FR;8;2021-06-05;0;0;0;0;0;0;0;0;0;0;0;0;0;0;0;0;0;0
FR;8;2021-06-06;0;0;0;0;0;0;0;0;0;0;0;0;0;0;0;0;0;0
FR;8;2021-06-07;0;0;0;0;0;0;0;0;0;0;0;0;0;0;0;0;0;0
FR;8;2021-06-08;0;0;0;0;0;0;0;0;0;0;0;0;0;0;0;0;0;0
FR;8;2021-06-09;0;0;0;0;0;0;0;0;0;0;0;0;0;0;0;0;0;0
FR;8;2021-06-10;0;0;0;0;0;0;0;0;0;0;0;0;0;0;0;0;0;0
FR;8;2021-06-11;0;0;0;0;0;0;0;0;0;0;0;0;0;0;0;0;0;0
FR;8;2021-06-12;0;0;0;0;0;0;0;0;0;0;0;0;0;0;0;0;0;0
FR;8;2021-06-13;0;0;0;0;0;0;0;0;0;0;0;0;0;0;0;0;0;0
FR;8;2021-06-14;0;0;0;0;0;0;0;0;0;0;0;0;0;0;0;0;0;0
FR;8;2021-06-15;0;0;0;0;0;0;0;0;0;0;0;0;0;0;0;0;0;0
FR;8;2021-06-16;0;0;0;0;0;0;0;0;0;0;0;0;0;0;0;0;0;0
FR;8;2021-06-17;0;0;0;0;0;0;0;0;0;0;0;0;0;0;0;0;0;0
FR;8;2021-06-18;0;0;0;0;0;0;0;0;0;0;0;0;0;0;0;0;0;0
FR;8;2021-06-19;0;0;0;0;0;0;0;0;0;0;0;0;0;0;0;0;0;0
FR;8;2021-06-20;0;0;0;0;0;0;0;0;0;0;0;0;0;0;0;0;0;0
FR;8;2021-06-21;0;0;0;0;0;0;0;0;0;0;0;0;0;0;0;0;0;0
FR;8;2021-06-22;0;0;0;0;0;0;0;0;0;0;0;0;0;0;0;0;0;0
FR;8;2021-06-23;0;0;0;0;0;0;0;0;0;0;0;0;0;0;0;0;0;0
FR;8;2021-06-24;0;0;0;0;0;0;0;0;0;0;0;0;0;0;0;0;0;0
FR;8;2021-06-25;0;0;0;0;0;0;0;0;0;0;0;0;0;0;0;0;0;0
FR;8;2021-06-26;0;0;0;0;0;0;0;0;0;0;0;0;0;0;0;0;0;0
FR;8;2021-06-27;0;0;0;0;0;0;0;0;0;0;0;0;0;0;0;0;0;0
FR;8;2021-06-28;0;0;0;0;0;0;0;0;0;0;0;0;0;0;0;0;0;0
FR;8;2021-06-29;0;0;0;0;0;0;0;0;0;0;0;0;0;0;0;0;0;0
FR;8;2021-06-30;0;0;0;0;0;0;0;0;0;0;0;0;0;0;0;0;0;0
FR;8;2021-07-01;0;0;0;0;0;0;0;0;0;0;0;0;0;0;0;0;0;0
FR;8;2021-07-02;0;0;0;0;0;0;0;0;0;0;0;0;0;0;0;0;0;0
FR;8;2021-07-03;0;0;0;0;0;0;0;0;0;0;0;0;0;0;0;0;0;0
FR;8;2021-07-04;0;0;0;0;0;0;0;0;0;0;0;0;0;0;0;0;0;0
FR;8;2021-07-05;0;0;0;0;0;0;0;0;0;0;0;0;0;0;0;0;0;0
FR;8;2021-07-06;0;0;0;0;0;0;0;0;0;0;0;0;0;0;0;0;0;0
FR;8;2021-07-07;0;0;0;0;0;0;0;0;0;0;0;0;0;0;0;0;0;0
FR;8;2021-07-08;0;0;0;0;0;0;0;0;0;0;0;0;0;0;0;0;0;0
FR;8;2021-07-09;0;0;0;0;0;0;0;0;0;0;0;0;0;0;0;0;0;0
FR;8;2021-07-10;0;0;0;0;0;0;0;0;0;0;0;0;0;0;0;0;0;0
FR;8;2021-07-11;0;0;0;0;0;0;0;0;0;0;0;0;0;0;0;0;0;0
FR;8;2021-07-12;0;0;0;0;0;0;0;0;0;0;0;0;0;0;0;0;0;0
FR;8;2021-07-13;0;0;0;0;0;0;0;0;0;0;0;0;0;0;0;0;0;0
FR;8;2021-07-14;0;0;0;0;0;0;0;0;0;0;0;0;0;0;0;0;0;0
FR;8;2021-07-15;0;0;0;0;0;0;0;0;0;0;0;0;0;0;0;0;0;0
FR;8;2021-07-16;0;0;0;0;0;0;0;0;0;0;0;0;0;0;0;0;0;0
FR;8;2021-07-17;0;0;0;0;0;0;0;0;0;0;0;0;0;0;0;0;0;0
FR;8;2021-07-18;0;0;0;0;0;0;0;0;0;0;0;0;0;0;0;0;0;0
FR;8;2021-07-19;0;0;0;0;0;0;0;0;0;0;0;0;0;0;0;0;0;0
FR;8;2021-07-20;0;0;0;0;0;0;0;0;0;0;0;0;0;0;0;0;0;0
FR;8;2021-07-21;0;0;0;0;0;0;0;0;0;0;0;0;0;0;0;0;0;0
FR;8;2021-07-22;0;0;0;0;0;0;0;0;0;0;0;0;0;0;0;0;0;0
FR;8;2021-07-23;0;0;0;0;0;0;0;0;0;0;0;0;0;0;0;0;0;0
FR;8;2021-07-24;0;0;0;0;0;0;0;0;0;0;0;0;0;0;0;0;0;0
FR;8;2021-07-25;0;0;0;0;0;0;0;0;0;0;0;0;0;0;0;0;0;0
FR;8;2021-07-26;0;0;0;0;0;0;0;0;0;0;0;0;0;0;0;0;0;0
FR;8;2021-07-27;0;0;0;0;0;0;0;0;0;0;0;0;0;0;0;0;0;0
FR;8;2021-07-28;0;0;0;0;0;0;0;0;0;0;0;0;0;0;0;0;0;0
FR;8;2021-07-29;0;0;0;0;0;0;0;0;0;0;0;0;0;0;0;0;0;0
FR;8;2021-07-30;0;0;0;0;0;0;0;0;0;0;0;0;0;0;0;0;0;0
FR;8;2021-07-31;0;0;0;0;0;0;0;0;0;0;0;0;0;0;0;0;0;0
FR;8;2021-08-01;0;0;0;0;0;0;0;0;0;0;0;0;0;0;0;0;0;0
FR;8;2021-08-02;0;0;0;0;0;0;0;0;0;0;0;0;0;0;0;0;0;0
FR;8;2021-08-03;0;0;0;0;0;0;0;0;0;0;0;0;0;0;0;0;0;0
FR;8;2021-08-04;0;0;0;0;0;0;0;0;0;0;0;0;0;0;0;0;0;0
FR;8;2021-08-05;0;0;0;0;0;0;0;0;0;0;0;0;0;0;0;0;0;0
FR;8;2021-08-06;0;0;0;0;0;0;0;0;0;0;0;0;0;0;0;0;0;0
FR;8;2021-08-07;0;0;0;0;0;0;0;0;0;0;0;0;0;0;0;0;0;0
FR;8;2021-08-08;0;0;0;0;0;0;0;0;0;0;0;0;0;0;0;0;0;0
FR;8;2021-08-09;0;0;0;0;0;0;0;0;0;0;0;0;0;0;0;0;0;0
FR;8;2021-08-10;0;0;0;0;0;0;0;0;0;0;0;0;0;0;0;0;0;0
FR;8;2021-08-11;0;0;0;0;0;0;0;0;0;0;0;0;0;0;0;0;0;0
FR;8;2021-08-12;0;0;0;0;0;0;0;0;0;0;0;0;0;0;0;0;0;0
FR;8;2021-08-13;0;0;0;0;0;0;0;0;0;0;0;0;0;0;0;0;0;0
FR;8;2021-08-14;0;0;0;0;0;0;0;0;0;0;0;0;0;0;0;0;0;0
FR;8;2021-08-15;0;0;0;0;0;0;0;0;0;0;0;0;0;0;0;0;0;0
FR;8;2021-08-16;0;0;0;0;0;0;0;0;0;0;0;0;0;0;0;0;0;0
FR;8;2021-08-17;0;0;0;0;0;0;0;0;0;0;0;0;0;0;0;0;0;0
FR;8;2021-08-18;0;0;0;0;0;0;0;0;0;0;0;0;0;0;0;0;0;0
FR;8;2021-08-19;0;0;0;0;0;0;0;0;0;0;0;0;0;0;0;0;0;0
FR;8;2021-08-20;0;0;0;0;0;0;0;0;0;0;0;0;0;0;0;0;0;0
FR;8;2021-08-21;0;0;0;0;0;0;0;0;0;0;0;0;0;0;0;0;0;0
FR;8;2021-08-22;0;0;0;0;0;0;0;0;0;0;0;0;0;0;0;0;0;0
FR;8;2021-08-23;0;0;0;0;0;0;0;0;0;0;0;0;0;0;0;0;0;0
FR;8;2021-08-24;0;0;0;0;0;0;0;0;0;0;0;0;0;0;0;0;0;0
FR;8;2021-08-25;0;0;0;0;0;0;0;0;0;0;0;0;0;0;0;0;0;0
FR;8;2021-08-26;0;0;0;0;0;0;0;0;0;0;0;0;0;0;0;0;0;0
FR;8;2021-08-27;0;0;0;0;0;0;0;0;0;0;0;0;0;0;0;0;0;0
FR;8;2021-08-28;0;0;0;0;0;0;0;0;0;0;0;0;0;0;0;0;0;0
FR;8;2021-08-29;0;0;0;0;0;0;0;0;0;0;0;0;0;0;0;0;0;0
FR;8;2021-08-30;0;0;0;0;0;0;0;0;0;0;0;0;0;0;0;0;0;0
FR;8;2021-08-31;0;0;0;0;0;0;0;0;0;0;0;0;0;0;0;0;0;0
FR;8;2021-09-01;0;0;0;0;0;0;0;0;0;0;0;0;0;0;0;0;0;0
FR;8;2021-09-02;0;0;0;0;0;0;0;0;0;0;0;0;0;0;0;0;0;0
FR;8;2021-09-03;0;0;0;0;0;0;0;0;0;0;0;0;0;0;0;0;0;0
FR;8;2021-09-04;0;0;0;0;0;0;0;0;0;0;0;0;0;0;0;0;0;0
FR;8;2021-09-05;0;0;0;0;0;0;0;0;0;0;0;0;0;0;0;0;0;0
FR;8;2021-09-06;0;0;0;0;0;0;0;0;0;0;0;0;0;0;0;0;0;0
FR;8;2021-09-07;0;0;0;0;0;0;0;0;0;0;0;0;0;0;0;0;0;0
FR;8;2021-09-08;0;0;0;0;0;0;0;0;0;0;0;0;0;0;0;0;0;0
FR;8;2021-09-09;0;0;0;0;0;0;0;0;0;0;0;0;0;0;0;0;0;0
FR;8;2021-09-10;0;0;0;0;0;0;0;0;0;0;0;0;0;0;0;0;0;0
FR;8;2021-09-11;0;0;0;0;0;0;0;0;0;0;0;0;0;0;0;0;0;0
FR;8;2021-09-12;0;0;0;0;0;0;0;0;0;0;0;0;0;0;0;0;0;0
FR;8;2021-09-13;0;0;0;0;0;0;0;0;0;0;0;0;0;0;0;0;0;0
FR;8;2021-09-14;0;0;0;0;0;0;0;0;0;0;0;0;0;0;0;0;0;0
FR;8;2021-09-15;0;0;0;0;0;0;0;0;0;0;0;0;0;0;0;0;0;0
FR;8;2021-09-16;0;0;0;0;0;0;0;0;0;0;0;0;0;0;0;0;0;0
FR;8;2021-09-17;0;0;0;0;0;0;0;0;0;0;0;0;0;0;0;0;0;0
FR;8;2021-09-18;0;0;0;0;0;0;0;0;0;0;0;0;0;0;0;0;0;0
FR;8;2021-09-19;0;0;0;0;0;0;0;0;0;0;0;0;0;0;0;0;0;0
FR;8;2021-09-20;0;0;0;0;0;0;0;0;0;0;0;0;0;0;0;0;0;0
FR;8;2021-09-21;0;0;0;0;0;0;0;0;0;0;0;0;0;0;0;0;0;0
FR;8;2021-09-22;0;0;0;0;0;0;0;0;0;0;0;0;0;0;0;0;0;0
FR;8;2021-09-23;0;0;0;0;0;0;0;0;0;0;0;0;0;0;0;0;0;0
FR;8;2021-09-24;0;0;0;0;0;0;0;0;0;0;0;0;0;0;0;0;0;0
FR;8;2021-09-25;0;0;0;0;0;0;0;0;0;0;0;0;0;0;0;0;0;0
FR;8;2021-09-26;0;0;0;0;0;0;0;0;0;0;0;0;0;0;0;0;0;0
FR;8;2021-09-27;0;0;0;0;0;0;0;0;0;0;0;0;0;0;0;0;0;0
FR;8;2021-09-28;0;0;0;0;0;0;0;0;0;0;0;0;0;0;0;0;0;0
FR;8;2021-09-29;0;0;0;0;0;0;0;0;0;0;0;0;0;0;0;0;0;0
FR;8;2021-09-30;0;0;0;0;0;0;0;0;0;0;0;0;0;0;0;0;0;0
FR;8;2021-10-01;0;0;0;0;0;0;0;0;0;0;0;0;0;0;0;0;0;0
FR;8;2021-10-02;0;0;0;0;0;0;0;0;0;0;0;0;0;0;0;0;0;0
FR;8;2021-10-03;0;0;0;0;0;0;0;0;0;0;0;0;0;0;0;0;0;0
FR;8;2021-10-04;0;0;0;0;0;0;0;0;0;0;0;0;0;0;0;0;0;0
FR;8;2021-10-05;0;0;0;0;0;0;0;0;0;0;0;0;0;0;0;0;0;0
FR;8;2021-10-06;0;0;0;0;0;0;0;0;0;0;0;0;0;0;0;0;0;0
FR;8;2021-10-07;0;0;0;0;0;0;0;0;0;0;0;0;0;0;0;0;0;0
FR;8;2021-10-08;0;0;0;0;0;0;0;0;0;0;0;0;0;0;0;0;0;0
FR;8;2021-10-09;0;0;0;0;0;0;0;0;0;0;0;0;0;0;0;0;0;0
FR;8;2021-10-10;0;0;0;0;0;0;0;0;0;0;0;0;0;0;0;0;0;0
FR;8;2021-10-11;0;0;0;0;0;0;0;0;0;0;0;0;0;0;0;0;0;0
FR;8;2021-10-12;0;0;0;0;0;0;0;0;0;0;0;0;0;0;0;0;0;0
FR;8;2021-10-13;0;0;0;0;0;0;0;0;0;0;0;0;0;0;0;0;0;0
FR;8;2021-10-14;0;0;0;0;0;0;0;0;0;0;0;0;0;0;0;0;0;0
FR;8;2021-10-15;0;0;0;0;0;0;0;0;0;0;0;0;0;0;0;0;0;0
FR;8;2021-10-16;0;0;0;0;0;0;0;0;0;0;0;0;0;0;0;0;0;0
FR;8;2021-10-17;0;0;0;0;0;0;0;0;0;0;0;0;0;0;0;0;0;0
FR;8;2021-10-18;0;0;0;0;0;0;0;0;0;0;0;0;0;0;0;0;0;0
FR;8;2021-10-19;0;0;0;0;0;0;0;0;0;0;0;0;0;0;0;0;0;0
FR;8;2021-10-20;0;0;0;0;0;0;0;0;0;0;0;0;0;0;0;0;0;0
FR;8;2021-10-21;0;0;0;0;0;0;0;0;0;0;0;0;0;0;0;0;0;0
FR;8;2021-10-22;0;0;0;0;0;0;0;0;0;0;0;0;0;0;0;0;0;0
FR;8;2021-10-23;0;0;0;0;0;0;0;0;0;0;0;0;0;0;0;0;0;0
FR;8;2021-10-24;0;0;0;0;0;0;0;0;0;0;0;0;0;0;0;0;0;0
FR;8;2021-10-25;0;0;0;0;0;0;0;0;0;0;0;0;0;0;0;0;0;0
FR;8;2021-10-26;0;0;0;0;0;0;0;0;0;0;0;0;0;0;0;0;0;0
FR;8;2021-10-27;0;0;0;0;0;0;0;0;0;0;0;0;0;0;0;0;0;0
FR;8;2021-10-28;0;0;0;0;0;0;0;0;0;0;0;0;0;0;0;0;0;0
FR;8;2021-10-29;0;0;0;0;0;0;0;0;0;0;0;0;0;0;0;0;0;0
FR;8;2021-10-30;0;0;0;0;0;0;0;0;0;0;0;0;0;0;0;0;0;0
FR;8;2021-10-31;0;0;0;0;0;0;0;0;0;0;0;0;0;0;0;0;0;0
FR;8;2021-11-01;0;0;0;0;0;0;0;0;0;0;0;0;0;0;0;0;0;0
FR;8;2021-11-02;0;0;0;0;0;0;0;0;0;0;0;0;0;0;0;0;0;0
FR;8;2021-11-03;0;0;0;0;0;0;0;0;0;0;0;0;0;0;0;0;0;0
FR;8;2021-11-04;0;0;0;0;0;0;0;0;0;0;0;0;0;0;0;0;0;0
FR;8;2021-11-05;0;0;0;0;0;0;0;0;0;0;0;0;0;0;0;0;0;0
FR;8;2021-11-06;0;0;0;0;0;0;0;0;0;0;0;0;0;0;0;0;0;0
FR;8;2021-11-07;0;0;0;0;0;0;0;0;0;0;0;0;0;0;0;0;0;0
FR;8;2021-11-08;0;0;0;0;0;0;0;0;0;0;0;0;0;0;0;0;0;0
FR;8;2021-11-09;0;0;0;0;0;0;0;0;0;0;0;0;0;0;0;0;0;0
FR;8;2021-11-10;0;0;0;0;0;0;0;0;0;0;0;0;0;0;0;0;0;0
FR;8;2021-11-11;0;0;0;0;0;0;0;0;0;0;0;0;0;0;0;0;0;0
FR;8;2021-11-12;0;0;0;0;0;0;0;0;0;0;0;0;0;0;0;0;0;0
FR;8;2021-11-13;0;0;0;0;0;0;0;0;0;0;0;0;0;0;0;0;0;0
FR;8;2021-11-14;0;0;0;0;0;0;0;0;0;0;0;0;0;0;0;0;0;0
FR;8;2021-11-15;0;0;0;0;0;0;0;0;0;0;0;0;0;0;0;0;0;0
FR;8;2021-11-16;0;0;0;0;0;0;0;0;0;0;0;0;0;0;0;0;0;0
FR;8;2021-11-17;0;0;0;0;0;0;0;0;0;0;0;0;0;0;0;0;0;0
FR;8;2021-11-18;0;0;0;0;0;0;0;0;0;0;0;0;0;0;0;0;0;0
FR;8;2021-11-19;0;0;0;0;0;0;0;0;0;0;0;0;0;0;0;0;0;0
FR;8;2021-11-20;0;0;0;0;0;0;0;0;0;0;0;0;0;0;0;0;0;0
FR;8;2021-11-21;0;0;0;0;0;0;0;0;0;0;0;0;0;0;0;0;0;0
FR;8;2021-11-22;0;0;0;0;0;0;0;0;0;0;0;0;0;0;0;0;0;0
FR;8;2021-11-23;0;0;0;0;0;0;0;0;0;0;0;0;0;0;0;0;0;0
FR;8;2021-11-24;0;0;0;0;0;0;0;0;0;0;0;0;0;0;0;0;0;0
FR;8;2021-11-25;0;0;0;0;0;0;0;0;0;0;0;0;0;0;0;0;0;0
FR;8;2021-11-26;0;0;0;0;0;0;0;0;0;0;0;0;0;0;0;0;0;0
FR;8;2021-11-27;0;0;0;0;0;0;0;0;0;0;0;0;0;0;0;0;0;0
FR;8;2021-11-28;0;0;0;0;0;0;0;0;0;0;0;0;0;0;0;0;0;0
FR;8;2021-11-29;0;0;0;0;0;0;0;0;0;0;0;0;0;0;0;0;0;0
FR;8;2021-11-30;0;0;0;0;0;0;0;0;0;0;0;0;0;0;0;0;0;0
FR;8;2021-12-01;0;0;0;0;0;0;0;0;0;0;0;0;0;0;0;0;0;0
FR;8;2021-12-02;0;0;0;0;0;0;0;0;0;0;0;0;0;0;0;0;0;0
FR;8;2021-12-03;0;0;0;0;0;0;0;0;0;0;0;0;0;0;0;0;0;0
FR;8;2021-12-04;0;0;0;0;0;0;0;0;0;0;0;0;0;0;0;0;0;0
FR;8;2021-12-05;0;0;0;0;0;0;0;0;0;0;0;0;0;0;0;0;0;0
FR;8;2021-12-06;0;0;0;0;0;0;0;0;0;0;0;0;0;0;0;0;0;0
FR;8;2021-12-07;0;0;0;0;0;0;0;0;0;0;0;0;0;0;0;0;0;0
FR;8;2021-12-08;0;0;0;0;0;0;0;0;0;0;0;0;0;0;0;0;0;0
FR;8;2021-12-09;0;0;0;0;0;0;0;0;0;0;0;0;0;0;0;0;0;0
FR;8;2021-12-10;0;0;0;0;0;0;0;0;0;0;0;0;0;0;0;0;0;0
FR;8;2021-12-11;0;0;0;0;0;0;0;0;0;0;0;0;0;0;0;0;0;0
FR;8;2021-12-12;0;0;0;0;0;0;0;0;0;0;0;0;0;0;0;0;0;0
FR;8;2021-12-13;0;0;0;0;0;0;0;0;0;0;0;0;0;0;0;0;0;0
FR;8;2021-12-14;0;0;0;0;0;0;0;0;0;0;0;0;0;0;0;0;0;0
FR;8;2021-12-15;0;0;0;0;0;0;0;0;0;0;0;0;0;0;0;0;0;0
FR;8;2021-12-16;0;0;0;0;0;0;0;0;0;0;0;0;0;0;0;0;0;0
FR;8;2021-12-17;0;0;0;0;0;0;0;0;0;0;0;0;0;0;0;0;0;0
FR;8;2021-12-18;0;0;0;0;0;0;0;0;0;0;0;0;0;0;0;0;0;0
FR;8;2021-12-19;0;0;0;0;0;0;0;0;0;0;0;0;0;0;0;0;0;0
FR;8;2021-12-20;0;0;0;0;0;0;0;0;0;0;0;0;0;0;0;0;0;0
FR;8;2021-12-21;0;0;0;0;0;0;0;0;0;0;0;0;0;0;0;0;0;0
FR;8;2021-12-22;0;0;0;0;0;0;0;0;0;0;0;0;0;0;0;0;0;0
FR;8;2021-12-23;0;0;0;0;0;0;0;0;0;0;0;0;0;0;0;0;0;0
FR;8;2021-12-24;0;0;0;0;0;0;0;0;0;0;0;0;0;0;0;0;0;0
FR;8;2021-12-25;0;0;0;0;0;0;0;0;0;0;0;0;0;0;0;0;0;0
FR;8;2021-12-26;0;0;0;0;0;0;0;0;0;0;0;0;0;0;0;0;0;0
FR;8;2021-12-27;0;0;0;0;0;0;0;0;0;0;0;0;0;0;0;0;0;0
FR;8;2021-12-28;0;0;0;0;0;0;0;0;0;0;0;0;0;0;0;0;0;0
FR;8;2021-12-29;0;0;0;0;0;0;0;0;0;0;0;0;0;0;0;0;0;0
FR;8;2021-12-30;0;0;0;0;0;0;0;0;0;0;0;0;0;0;0;0;0;0
FR;8;2021-12-31;0;0;0;0;0;0;0;0;0;0;0;0;0;0;0;0;0;0
FR;8;2022-01-01;0;0;0;0;0;0;0;0;0;0;0;0;0;0;0;0;0;0
FR;8;2022-01-02;0;0;0;0;0;0;0;0;0;0;0;0;0;0;0;0;0;0
FR;8;2022-01-03;0;0;0;0;0;0;0;0;0;0;0;0;0;0;0;0;0;0
FR;8;2022-01-04;0;0;0;0;0;0;0;0;0;0;0;0;0;0;0;0;0;0
FR;8;2022-01-05;0;0;0;0;0;0;0;0;0;0;0;0;0;0;0;0;0;0
FR;8;2022-01-06;0;0;0;0;0;0;0;0;0;0;0;0;0;0;0;0;0;0
FR;8;2022-01-07;0;0;0;0;0;0;0;0;0;0;0;0;0;0;0;0;0;0
FR;8;2022-01-08;0;0;0;0;0;0;0;0;0;0;0;0;0;0;0;0;0;0
FR;8;2022-01-09;0;0;0;0;0;0;0;0;0;0;0;0;0;0;0;0;0;0
FR;8;2022-01-10;0;0;0;0;0;0;0;0;0;0;0;0;0;0;0;0;0;0
FR;8;2022-01-11;0;0;0;0;0;0;0;0;0;0;0;0;0;0;0;0;0;0
FR;8;2022-01-12;0;0;0;0;0;0;0;0;0;0;0;0;0;0;0;0;0;0
FR;8;2022-01-13;0;0;0;0;0;0;0;0;0;0;0;0;0;0;0;0;0;0
FR;8;2022-01-14;0;0;0;0;0;0;0;0;0;0;0;0;0;0;0;0;0;0
FR;8;2022-01-15;0;0;0;0;0;0;0;0;0;0;0;0;0;0;0;0;0;0
FR;8;2022-01-16;0;0;0;0;0;0;0;0;0;0;0;0;0;0;0;0;0;0
FR;8;2022-01-17;0;0;0;0;0;0;0;0;0;0;0;0;0;0;0;0;0;0
FR;8;2022-01-18;0;0;0;0;0;0;0;0;0;0;0;0;0;0;0;0;0;0
FR;8;2022-01-19;0;0;0;0;0;0;0;0;0;0;0;0;0;0;0;0;0;0
FR;8;2022-01-20;0;0;0;0;0;0;0;0;0;0;0;0;0;0;0;0;0;0
FR;8;2022-01-21;0;0;0;0;0;0;0;0;0;0;0;0;0;0;0;0;0;0
FR;8;2022-01-22;0;0;0;0;0;0;0;0;0;0;0;0;0;0;0;0;0;0
FR;8;2022-01-23;0;0;0;0;0;0;0;0;0;0;0;0;0;0;0;0;0;0
FR;8;2022-01-24;0;0;0;0;0;0;0;0;0;0;0;0;0;0;0;0;0;0
FR;8;2022-01-25;0;0;0;0;0;0;0;0;0;0;0;0;0;0;0;0;0;0
FR;8;2022-01-26;0;0;0;0;0;0;0;0;0;0;0;0;0;0;0;0;0;0
FR;8;2022-01-27;0;0;0;0;0;0;0;0;0;0;0;0;0;0;0;0;0;0
FR;8;2022-01-28;0;0;0;0;0;0;0;0;0;0;0;0;0;0;0;0;0;0
FR;8;2022-01-29;0;0;0;0;0;0;0;0;0;0;0;0;0;0;0;0;0;0
FR;8;2022-01-30;0;0;0;0;0;0;0;0;0;0;0;0;0;0;0;0;0;0
FR;8;2022-01-31;0;0;0;0;0;0;0;0;0;0;0;0;0;0;0;0;0;0
FR;8;2022-02-01;0;0;0;0;0;0;0;0;0;0;0;0;0;0;0;0;0;0
FR;8;2022-02-02;0;0;0;0;0;0;0;0;0;0;0;0;0;0;0;0;0;0
FR;8;2022-02-03;0;0;0;0;0;0;0;0;0;0;0;0;0;0;0;0;0;0
FR;8;2022-02-04;0;0;0;0;0;0;0;0;0;0;0;0;0;0;0;0;0;0
FR;8;2022-02-05;0;0;0;0;0;0;0;0;0;0;0;0;0;0;0;0;0;0
FR;8;2022-02-06;0;0;0;0;0;0;0;0;0;0;0;0;0;0;0;0;0;0
FR;8;2022-02-07;0;0;0;0;0;0;0;0;0;0;0;0;0;0;0;0;0;0
FR;8;2022-02-08;0;0;0;0;0;0;0;0;0;0;0;0;0;0;0;0;0;0
FR;8;2022-02-09;0;0;0;0;0;0;0;0;0;0;0;0;0;0;0;0;0;0
FR;8;2022-02-10;0;0;0;0;0;0;0;0;0;0;0;0;0;0;0;0;0;0
FR;8;2022-02-11;0;0;0;0;0;0;0;0;0;0;0;0;0;0;0;0;0;0
FR;8;2022-02-12;0;0;0;0;0;0;0;0;0;0;0;0;0;0;0;0;0;0
FR;8;2022-02-13;0;0;0;0;0;0;0;0;0;0;0;0;0;0;0;0;0;0
FR;8;2022-02-14;0;0;0;0;0;0;0;0;0;0;0;0;0;0;0;0;0;0
FR;8;2022-02-15;0;0;0;0;0;0;0;0;0;0;0;0;0;0;0;0;0;0
FR;8;2022-02-16;0;0;0;0;0;0;0;0;0;0;0;0;0;0;0;0;0;0
FR;8;2022-02-17;0;0;0;0;0;0;0;0;0;0;0;0;0;0;0;0;0;0
FR;8;2022-02-18;0;0;0;0;0;0;0;0;0;0;0;0;0;0;0;0;0;0
FR;8;2022-02-19;0;0;0;0;0;0;0;0;0;0;0;0;0;0;0;0;0;0
FR;8;2022-02-20;0;0;0;0;0;0;0;0;0;0;0;0;0;0;0;0;0;0
FR;8;2022-02-21;0;0;0;0;0;0;0;0;0;0;0;0;0;0;0;0;0;0
FR;8;2022-02-22;0;0;0;0;0;0;0;0;0;0;0;0;0;0;0;0;0;0
FR;8;2022-02-23;0;0;0;0;0;0;0;0;0;0;0;0;0;0;0;0;0;0
FR;8;2022-02-24;0;0;0;0;0;0;0;0;0;0;0;0;0;0;0;0;0;0
FR;8;2022-02-25;0;0;0;0;0;0;0;0;0;0;0;0;0;0;0;0;0;0
FR;8;2022-02-26;0;0;0;0;0;0;0;0;0;0;0;0;0;0;0;0;0;0
FR;8;2022-02-27;0;0;0;0;0;0;0;0;0;0;0;0;0;0;0;0;0;0
FR;8;2022-02-28;0;0;0;0;0;0;0;0;0;0;0;0;0;0;0;0;0;0
FR;8;2022-03-01;0;0;0;0;0;0;0;0;0;0;0;0;0;0;0;0;0;0
FR;8;2022-03-02;0;0;0;0;0;0;0;0;0;0;0;0;0;0;0;0;0;0
FR;8;2022-03-03;0;0;0;0;0;0;0;0;0;0;0;0;0;0;0;0;0;0
FR;8;2022-03-04;0;0;0;0;0;0;0;0;0;0;0;0;0;0;0;0;0;0
FR;8;2022-03-05;0;0;0;0;0;0;0;0;0;0;0;0;0;0;0;0;0;0
FR;8;2022-03-06;0;0;0;0;0;0;0;0;0;0;0;0;0;0;0;0;0;0
FR;8;2022-03-07;0;0;0;0;0;0;0;0;0;0;0;0;0;0;0;0;0;0
FR;8;2022-03-08;0;0;0;0;0;0;0;0;0;0;0;0;0;0;0;0;0;0
FR;8;2022-03-09;0;0;0;0;0;0;0;0;0;0;0;0;0;0;0;0;0;0
FR;8;2022-03-10;0;0;0;0;0;0;0;0;0;0;0;0;0;0;0;0;0;0
FR;8;2022-03-11;0;0;0;0;0;0;0;0;0;0;0;0;0;0;0;0;0;0
FR;8;2022-03-12;0;0;0;0;0;0;0;0;0;0;0;0;0;0;0;0;0;0
FR;8;2022-03-13;0;0;0;0;0;0;0;0;0;0;0;0;0;0;0;0;0;0
FR;8;2022-03-14;0;0;0;0;0;0;0;0;0;0;0;0;0;0;0;0;0;0
FR;8;2022-03-15;0;0;0;0;0;0;0;0;0;0;0;0;0;0;0;0;0;0
FR;8;2022-03-16;0;0;0;0;0;0;0;0;0;0;0;0;0;0;0;0;0;0
FR;8;2022-03-17;0;0;0;0;0;0;0;0;0;0;0;0;0;0;0;0;0;0
FR;8;2022-03-18;0;0;0;0;0;0;0;0;0;0;0;0;0;0;0;0;0;0
FR;8;2022-03-19;0;0;0;0;0;0;0;0;0;0;0;0;0;0;0;0;0;0
FR;8;2022-03-20;0;0;0;0;0;0;0;0;0;0;0;0;0;0;0;0;0;0
FR;8;2022-03-21;0;0;0;0;0;0;0;0;0;0;0;0;0;0;0;0;0;0
FR;8;2022-03-22;0;0;0;0;0;0;0;0;0;0;0;0;0;0;0;0;0;0
FR;8;2022-03-23;0;0;0;0;0;0;0;0;0;0;0;0;0;0;0;0;0;0
FR;8;2022-03-24;0;0;0;0;0;0;0;0;0;0;0;0;0;0;0;0;0;0
FR;8;2022-03-25;0;0;0;0;0;0;0;0;0;0;0;0;0;0;0;0;0;0
FR;8;2022-03-26;0;0;0;0;0;0;0;0;0;0;0;0;0;0;0;0;0;0
FR;8;2022-03-27;0;0;0;0;0;0;0;0;0;0;0;0;0;0;0;0;0;0
FR;8;2022-03-28;0;0;0;0;0;0;0;0;0;0;0;0;0;0;0;0;0;0
FR;8;2022-03-29;0;0;0;0;0;0;0;0;0;0;0;0;0;0;0;0;0;0
FR;8;2022-03-30;0;0;0;0;0;0;0;0;0;0;0;0;0;0;0;0;0;0
FR;8;2022-03-31;0;0;0;0;0;0;0;0;0;0;0;0;0;0;0;0;0;0
FR;8;2022-04-01;0;0;0;0;0;0;0;0;0;0;0;0;0;0;0;0;0;0
FR;8;2022-04-02;0;0;0;0;0;0;0;0;0;0;0;0;0;0;0;0;0;0
FR;8;2022-04-03;0;0;0;0;0;0;0;0;0;0;0;0;0;0;0;0;0;0
FR;8;2022-04-04;0;0;0;0;0;0;0;0;0;0;0;0;0;0;0;0;0;0
FR;8;2022-04-05;0;0;0;0;0;0;0;0;0;0;0;0;0;0;0;0;0;0
FR;8;2022-04-06;0;0;0;0;0;0;0;0;0;0;0;0;0;0;0;0;0;0
FR;8;2022-04-07;0;0;0;0;0;0;0;0;0;0;0;0;0;0;0;0;0;0
FR;8;2022-04-08;0;0;0;0;0;0;0;0;0;0;0;0;0;0;0;0;0;0
FR;8;2022-04-09;0;0;0;0;0;0;0;0;0;0;0;0;0;0;0;0;0;0
FR;8;2022-04-10;0;0;0;0;0;0;0;0;0;0;0;0;0;0;0;0;0;0
FR;8;2022-04-11;0;0;0;0;0;0;0;0;0;0;0;0;0;0;0;0;0;0
FR;8;2022-04-12;0;0;0;0;0;0;0;0;0;0;0;0;0;0;0;0;0;0
FR;8;2022-04-13;0;0;0;0;0;0;0;0;0;0;0;0;0;0;0;0;0;0
FR;8;2022-04-14;0;0;0;0;0;0;0;0;0;0;0;0;0;0;0;0;0;0
FR;8;2022-04-15;0;0;0;0;0;0;0;0;0;0;0;0;0;0;0;0;0;0
FR;8;2022-04-16;0;0;0;0;0;0;0;0;0;0;0;0;0;0;0;0;0;0
FR;8;2022-04-17;0;0;0;0;0;0;0;0;0;0;0;0;0;0;0;0;0;0
FR;8;2022-04-18;0;0;0;0;0;0;0;0;0;0;0;0;0;0;0;0;0;0
FR;8;2022-04-19;0;0;0;0;0;0;0;0;0;0;0;0;0;0;0;0;0;0
FR;8;2022-04-20;0;0;0;0;0;0;0;0;0;0;0;0;0;0;0;0;0;0
FR;8;2022-04-21;0;0;0;0;0;0;0;0;0;0;0;0;0;0;0;0;0;0
FR;8;2022-04-22;0;0;0;0;0;0;0;0;0;0;0;0;0;0;0;0;0;0
FR;8;2022-04-23;0;0;0;0;0;0;0;0;0;0;0;0;0;0;0;0;0;0
FR;8;2022-04-24;0;0;0;0;0;0;0;0;0;0;0;0;0;0;0;0;0;0
FR;8;2022-04-25;0;0;0;0;0;0;0;0;0;0;0;0;0;0;0;0;0;0
FR;8;2022-04-26;0;0;0;0;0;0;0;0;0;0;0;0;0;0;0;0;0;0
FR;8;2022-04-27;0;0;0;0;0;0;0;0;0;0;0;0;0;0;0;0;0;0
FR;8;2022-04-28;0;0;0;0;0;0;0;0;0;0;0;0;0;0;0;0;0;0
FR;8;2022-04-29;0;0;0;0;0;0;0;0;0;0;0;0;0;0;0;0;0;0
FR;8;2022-04-30;0;0;0;0;0;0;0;0;0;0;0;0;0;0;0;0;0;0
FR;8;2022-05-01;0;0;0;0;0;0;0;0;0;0;0;0;0;0;0;0;0;0
FR;8;2022-05-02;0;0;0;0;0;0;0;0;0;0;0;0;0;0;0;0;0;0
FR;8;2022-05-03;0;0;0;0;0;0;0;0;0;0;0;0;0;0;0;0;0;0
FR;8;2022-05-04;0;0;0;0;0;0;0;0;0;0;0;0;0;0;0;0;0;0
FR;8;2022-05-05;0;0;0;0;0;0;0;0;0;0;0;0;0;0;0;0;0;0
FR;8;2022-05-06;0;0;0;0;0;0;0;0;0;0;0;0;0;0;0;0;0;0
FR;8;2022-05-07;0;0;0;0;0;0;0;0;0;0;0;0;0;0;0;0;0;0
FR;8;2022-05-08;0;0;0;0;0;0;0;0;0;0;0;0;0;0;0;0;0;0
FR;8;2022-05-09;0;0;0;0;0;0;0;0;0;0;0;0;0;0;0;0;0;0
FR;8;2022-05-10;0;0;0;0;0;0;0;0;0;0;0;0;0;0;0;0;0;0
FR;8;2022-05-11;0;0;0;0;0;0;0;0;0;0;0;0;0;0;0;0;0;0
FR;8;2022-05-12;0;0;0;0;0;0;0;0;0;0;0;0;0;0;0;0;0;0
FR;8;2022-05-13;0;0;0;0;0;0;0;0;0;0;0;0;0;0;0;0;0;0
FR;8;2022-05-14;0;0;0;0;0;0;0;0;0;0;0;0;0;0;0;0;0;0
FR;8;2022-05-15;0;0;0;0;0;0;0;0;0;0;0;0;0;0;0;0;0;0
FR;8;2022-05-16;0;0;0;0;0;0;0;0;0;0;0;0;0;0;0;0;0;0
FR;8;2022-05-17;0;0;0;0;0;0;0;0;0;0;0;0;0;0;0;0;0;0
FR;8;2022-05-18;0;0;0;0;0;0;0;0;0;0;0;0;0;0;0;0;0;0
FR;8;2022-05-19;0;0;0;0;0;0;0;0;0;0;0;0;0;0;0;0;0;0
FR;8;2022-05-20;0;0;0;0;0;0;0;0;0;0;0;0;0;0;0;0;0;0
FR;8;2022-05-21;0;0;0;0;0;0;0;0;0;0;0;0;0;0;0;0;0;0
FR;8;2022-05-22;0;0;0;0;0;0;0;0;0;0;0;0;0;0;0;0;0;0
FR;8;2022-05-23;0;0;0;0;0;0;0;0;0;0;0;0;0;0;0;0;0;0
FR;8;2022-05-24;0;0;0;0;0;0;0;0;0;0;0;0;0;0;0;0;0;0
FR;8;2022-05-25;0;0;0;0;0;0;0;0;0;0;0;0;0;0;0;0;0;0
FR;8;2022-05-26;0;0;0;0;0;0;0;0;0;0;0;0;0;0;0;0;0;0
FR;8;2022-05-27;0;0;0;0;0;0;0;0;0;0;0;0;0;0;0;0;0;0
FR;8;2022-05-28;0;0;0;0;0;0;0;0;0;0;0;0;0;0;0;0;0;0
FR;8;2022-05-29;0;0;0;0;0;0;0;0;0;0;0;0;0;0;0;0;0;0
FR;8;2022-05-30;0;0;0;0;0;0;0;0;0;0;0;0;0;0;0;0;0;0
FR;8;2022-05-31;0;0;0;0;0;0;0;0;0;0;0;0;0;0;0;0;0;0
FR;8;2022-06-01;0;0;0;0;0;0;0;0;0;0;0;0;0;0;0;0;0;0
FR;8;2022-06-02;0;0;0;0;0;0;0;0;0;0;0;0;0;0;0;0;0;0
FR;8;2022-06-03;0;0;0;0;0;0;0;0;0;0;0;0;0;0;0;0;0;0
FR;8;2022-06-04;0;0;0;0;0;0;0;0;0;0;0;0;0;0;0;0;0;0
FR;8;2022-06-05;0;0;0;0;0;0;0;0;0;0;0;0;0;0;0;0;0;0
FR;8;2022-06-06;0;0;0;0;0;0;0;0;0;0;0;0;0;0;0;0;0;0
FR;8;2022-06-07;0;0;0;0;0;0;0;0;0;0;0;0;0;0;0;0;0;0
FR;8;2022-06-08;0;0;0;0;0;0;0;0;0;0;0;0;0;0;0;0;0;0
FR;8;2022-06-09;0;0;0;0;0;0;0;0;0;0;0;0;0;0;0;0;0;0
FR;8;2022-06-10;0;0;0;0;0;0;0;0;0;0;0;0;0;0;0;0;0;0
FR;8;2022-06-11;0;0;0;0;0;0;0;0;0;0;0;0;0;0;0;0;0;0
FR;8;2022-06-12;0;0;0;0;0;0;0;0;0;0;0;0;0;0;0;0;0;0
FR;8;2022-06-13;0;0;0;0;0;0;0;0;0;0;0;0;0;0;0;0;0;0
FR;8;2022-06-14;0;0;0;0;0;0;0;0;0;0;0;0;0;0;0;0;0;0
FR;8;2022-06-15;0;0;0;0;0;0;0;0;0;0;0;0;0;0;0;0;0;0
FR;8;2022-06-16;0;0;0;0;0;0;0;0;0;0;0;0;0;0;0;0;0;0
FR;8;2022-06-17;0;0;0;0;0;0;0;0;0;0;0;0;0;0;0;0;0;0
FR;8;2022-06-18;0;0;0;0;0;0;0;0;0;0;0;0;0;0;0;0;0;0
FR;8;2022-06-19;0;0;0;0;0;0;0;0;0;0;0;0;0;0;0;0;0;0
FR;8;2022-06-20;0;0;0;0;0;0;0;0;0;0;0;0;0;0;0;0;0;0
FR;8;2022-06-21;0;0;0;0;0;0;0;0;0;0;0;0;0;0;0;0;0;0
FR;8;2022-06-22;0;0;0;0;0;0;0;0;0;0;0;0;0;0;0;0;0;0
FR;8;2022-06-23;0;0;0;0;0;0;0;0;0;0;0;0;0;0;0;0;0;0
FR;8;2022-06-24;0;0;0;0;0;0;0;0;0;0;0;0;0;0;0;0;0;0
FR;8;2022-06-25;0;0;0;0;0;0;0;0;0;0;0;0;0;0;0;0;0;0
FR;8;2022-06-26;0;0;0;0;0;0;0;0;0;0;0;0;0;0;0;0;0;0
FR;8;2022-06-27;0;0;0;0;0;0;0;0;0;0;0;0;0;0;0;0;0;0
FR;8;2022-06-28;0;0;0;0;0;0;0;0;0;0;0;0;0;0;0;0;0;0
FR;8;2022-06-29;0;0;0;0;0;0;0;0;0;0;0;0;0;0;0;0;0;0
FR;8;2022-06-30;0;0;0;0;0;0;0;0;0;0;0;0;0;0;0;0;0;0
FR;8;2022-07-01;0;0;0;0;0;0;0;0;0;0;0;0;0;0;0;0;0;0
FR;8;2022-07-02;0;0;0;0;0;0;0;0;0;0;0;0;0;0;0;0;0;0
FR;8;2022-07-03;0;0;0;0;0;0;0;0;0;0;0;0;0;0;0;0;0;0
FR;8;2022-07-04;0;0;0;0;0;0;0;0;0;0;0;0;0;0;0;0;0;0
FR;8;2022-07-05;0;0;0;0;0;0;0;0;0;0;0;0;0;0;0;0;0;0
FR;8;2022-07-06;0;0;0;0;0;0;0;0;0;0;0;0;0;0;0;0;0;0
FR;8;2022-07-07;0;0;0;0;0;0;0;0;0;0;0;0;0;0;0;0;0;0
FR;8;2022-07-08;0;0;0;0;0;0;0;0;0;0;0;0;0;0;0;0;0;0
FR;8;2022-07-09;0;0;0;0;0;0;0;0;0;0;0;0;0;0;0;0;0;0
FR;8;2022-07-10;0;0;0;0;0;0;0;0;0;0;0;0;0;0;0;0;0;0
FR;8;2022-07-11;0;0;0;0;0;0;0;0;0;0;0;0;0;0;0;0;0;0
FR;8;2022-07-12;0;0;0;0;0;0;0;0;0;0;0;0;0;0;0;0;0;0
FR;8;2022-07-13;0;0;0;0;0;0;0;0;0;0;0;0;0;0;0;0;0;0
FR;8;2022-07-14;0;0;0;0;0;0;0;0;0;0;0;0;0;0;0;0;0;0
FR;8;2022-07-15;0;0;0;0;0;0;0;0;0;0;0;0;0;0;0;0;0;0
FR;8;2022-07-16;0;0;0;0;0;0;0;0;0;0;0;0;0;0;0;0;0;0
FR;8;2022-07-17;0;0;0;0;0;0;0;0;0;0;0;0;0;0;0;0;0;0
FR;8;2022-07-18;0;0;0;0;0;0;0;0;0;0;0;0;0;0;0;0;0;0
FR;8;2022-07-19;0;0;0;0;0;0;0;0;0;0;0;0;0;0;0;0;0;0
FR;8;2022-07-20;0;0;0;0;0;0;0;0;0;0;0;0;0;0;0;0;0;0
FR;8;2022-07-21;0;0;0;0;0;0;0;0;0;0;0;0;0;0;0;0;0;0
FR;8;2022-07-22;0;0;0;0;0;0;0;0;0;0;0;0;0;0;0;0;0;0
FR;8;2022-07-23;0;0;0;0;0;0;0;0;0;0;0;0;0;0;0;0;0;0
FR;8;2022-07-24;0;0;0;0;0;0;0;0;0;0;0;0;0;0;0;0;0;0
FR;8;2022-07-25;0;0;0;0;0;0;0;0;0;0;0;0;0;0;0;0;0;0
FR;8;2022-07-26;0;0;0;0;0;0;0;0;0;0;0;0;0;0;0;0;0;0
FR;8;2022-07-27;0;0;0;0;0;0;0;0;0;0;0;0;0;0;0;0;0;0
FR;8;2022-07-28;0;0;0;0;0;0;0;0;0;0;0;0;0;0;0;0;0;0
FR;8;2022-07-29;0;0;0;0;0;0;0;0;0;0;0;0;0;0;0;0;0;0
FR;8;2022-07-30;0;0;0;0;0;0;0;0;0;0;0;0;0;0;0;0;0;0
FR;8;2022-07-31;0;0;0;0;0;0;0;0;0;0;0;0;0;0;0;0;0;0
FR;8;2022-08-01;0;0;0;0;0;0;0;0;0;0;0;0;0;0;0;0;0;0
FR;8;2022-08-02;0;0;0;0;0;0;0;0;0;0;0;0;0;0;0;0;0;0
FR;8;2022-08-03;0;0;0;0;0;0;0;0;0;0;0;0;0;0;0;0;0;0
FR;8;2022-08-04;0;0;0;0;0;0;0;0;0;0;0;0;0;0;0;0;0;0
FR;8;2022-08-05;0;0;0;0;0;0;0;0;0;0;0;0;0;0;0;0;0;0
FR;8;2022-08-06;0;0;0;0;0;0;0;0;0;0;0;0;0;0;0;0;0;0
FR;8;2022-08-07;0;0;0;0;0;0;0;0;0;0;0;0;0;0;0;0;0;0
FR;8;2022-08-08;0;0;0;0;0;0;0;0;0;0;0;0;0;0;0;0;0;0
FR;8;2022-08-09;0;0;0;0;0;0;0;0;0;0;0;0;0;0;0;0;0;0
FR;8;2022-08-10;0;0;0;0;0;0;0;0;0;0;0;0;0;0;0;0;0;0
FR;8;2022-08-11;0;0;0;0;0;0;0;0;0;0;0;0;0;0;0;0;0;0
FR;8;2022-08-12;0;0;0;0;0;0;0;0;0;0;0;0;0;0;0;0;0;0
FR;8;2022-08-13;0;0;0;0;0;0;0;0;0;0;0;0;0;0;0;0;0;0
FR;8;2022-08-14;0;0;0;0;0;0;0;0;0;0;0;0;0;0;0;0;0;0
FR;8;2022-08-15;0;0;0;0;0;0;0;0;0;0;0;0;0;0;0;0;0;0
FR;8;2022-08-16;0;0;0;0;0;0;0;0;0;0;0;0;0;0;0;0;0;0
FR;8;2022-08-17;0;0;0;0;0;0;0;0;0;0;0;0;0;0;0;0;0;0
FR;8;2022-08-18;0;0;0;0;0;0;0;0;0;0;0;0;0;0;0;0;0;0
FR;8;2022-08-19;0;0;0;0;0;0;0;0;0;0;0;0;0;0;0;0;0;0
FR;8;2022-08-20;0;0;0;0;0;0;0;0;0;0;0;0;0;0;0;0;0;0
FR;8;2022-08-21;0;0;0;0;0;0;0;0;0;0;0;0;0;0;0;0;0;0
FR;8;2022-08-22;0;0;0;0;0;0;0;0;0;0;0;0;0;0;0;0;0;0
FR;8;2022-08-23;0;0;0;0;0;0;0;0;0;0;0;0;0;0;0;0;0;0
FR;8;2022-08-24;0;0;0;0;0;0;0;0;0;0;0;0;0;0;0;0;0;0
FR;8;2022-08-25;0;0;0;0;0;0;0;0;0;0;0;0;0;0;0;0;0;0
FR;8;2022-08-26;0;0;0;0;0;0;0;0;0;0;0;0;0;0;0;0;0;0
FR;8;2022-08-27;0;0;0;0;0;0;0;0;0;0;0;0;0;0;0;0;0;0
FR;8;2022-08-28;0;0;0;0;0;0;0;0;0;0;0;0;0;0;0;0;0;0
FR;8;2022-08-29;0;0;0;0;0;0;0;0;0;0;0;0;0;0;0;0;0;0
FR;8;2022-08-30;0;0;0;0;0;0;0;0;0;0;0;0;0;0;0;0;0;0
FR;8;2022-08-31;0;0;0;0;0;0;0;0;0;0;0;0;0;0;0;0;0;0
FR;8;2022-09-01;0;0;0;0;0;0;0;0;0;0;0;0;0;0;0;0;0;0
FR;8;2022-09-02;0;0;0;0;0;0;0;0;0;0;0;0;0;0;0;0;0;0
FR;8;2022-09-03;0;0;0;0;0;0;0;0;0;0;0;0;0;0;0;0;0;0
FR;8;2022-09-04;0;0;0;0;0;0;0;0;0;0;0;0;0;0;0;0;0;0
FR;8;2022-09-05;0;0;0;0;0;0;0;0;0;0;0;0;0;0;0;0;0;0
FR;8;2022-09-06;0;0;0;0;0;0;0;0;0;0;0;0;0;0;0;0;0;0
FR;8;2022-09-07;0;0;0;0;0;0;0;0;0;0;0;0;0;0;0;0;0;0
FR;8;2022-09-08;0;0;0;0;0;0;0;0;0;0;0;0;0;0;0;0;0;0
FR;8;2022-09-09;0;0;0;0;0;0;0;0;0;0;0;0;0;0;0;0;0;0
FR;8;2022-09-10;0;0;0;0;0;0;0;0;0;0;0;0;0;0;0;0;0;0
FR;8;2022-09-11;0;0;0;0;0;0;0;0;0;0;0;0;0;0;0;0;0;0
FR;8;2022-09-12;0;0;0;0;0;0;0;0;0;0;0;0;0;0;0;0;0;0
FR;8;2022-09-13;0;0;0;0;0;0;0;0;0;0;0;0;0;0;0;0;0;0
FR;8;2022-09-14;0;0;0;0;0;0;0;0;0;0;0;0;0;0;0;0;0;0
FR;8;2022-09-15;0;0;0;0;0;0;0;0;0;0;0;0;0;0;0;0;0;0
FR;8;2022-09-16;0;0;0;0;0;0;0;0;0;0;0;0;0;0;0;0;0;0
FR;8;2022-09-17;0;0;0;0;0;0;0;0;0;0;0;0;0;0;0;0;0;0
FR;8;2022-09-18;0;0;0;0;0;0;0;0;0;0;0;0;0;0;0;0;0;0
FR;8;2022-09-19;0;0;0;0;0;0;0;0;0;0;0;0;0;0;0;0;0;0
FR;8;2022-09-20;0;0;0;0;0;0;0;0;0;0;0;0;0;0;0;0;0;0
FR;8;2022-09-21;0;0;0;0;0;0;0;0;0;0;0;0;0;0;0;0;0;0
FR;8;2022-09-22;0;0;0;0;0;0;0;0;0;0;0;0;0;0;0;0;0;0
FR;8;2022-09-23;0;0;0;0;0;0;0;0;0;0;0;0;0;0;0;0;0;0
FR;8;2022-09-24;0;0;0;0;0;0;0;0;0;0;0;0;0;0;0;0;0;0
FR;8;2022-09-25;0;0;0;0;0;0;0;0;0;0;0;0;0;0;0;0;0;0
FR;8;2022-09-26;0;0;0;0;0;0;0;0;0;0;0;0;0;0;0;0;0;0
FR;8;2022-09-27;0;0;0;0;0;0;0;0;0;0;0;0;0;0;0;0;0;0
FR;8;2022-09-28;0;0;0;0;0;0;0;0;0;0;0;0;0;0;0;0;0;0
FR;8;2022-09-29;0;0;0;0;0;0;0;0;0;0;0;0;0;0;0;0;0;0
FR;8;2022-09-30;0;0;0;0;0;0;0;0;0;0;0;0;0;0;0;0;0;0
FR;8;2022-10-01;0;0;0;0;0;0;0;0;0;0;0;0;0;0;0;0;0;0
FR;8;2022-10-02;0;0;0;0;0;0;0;0;0;0;0;0;0;0;0;0;0;0
FR;8;2022-10-03;0;0;0;0;0;0;0;0;0;0;0;0;0;0;0;0;0;0
FR;8;2022-10-04;0;0;0;0;0;0;0;0;0;0;0;0;0;0;0;0;0;0
FR;8;2022-10-05;0;0;0;0;0;0;0;0;0;0;0;0;0;0;0;0;0;0
FR;8;2022-10-06;7;17;113;859;8;82;865;1057;110;7;17;113;859;8;82;865;1057;110
FR;8;2022-10-07;72;101;842;8010;62;699;8064;9841;1071;79;118;955;8869;70;781;8929;10898;1181
FR;8;2022-10-08;35;115;610;4055;50;516;4107;5308;676;114;233;1565;12924;120;1297;13036;16206;1857
FR;8;2022-10-09;17;22;145;885;13;132;913;1233;184;131;255;1710;13809;133;1429;13949;17439;2041
FR;8;2022-10-10;117;192;1342;12681;106;1026;12920;16218;2251;248;447;3052;26490;239;2455;26869;33657;4292
FR;8;2022-10-11;179;261;2475;26915;135;2010;27187;33949;4715;427;708;5527;53405;374;4465;54056;67606;9007
FR;8;2022-10-12;153;255;1830;18230;149;1441;18465;23463;3533;580;963;7357;71635;523;5906;72521;91069;12540
FR;8;2022-10-13;206;277;2507;28039;174;1900;28403;35535;5204;786;1240;9864;99674;697;7806;100924;126604;17744
FR;8;2022-10-14;254;419;3271;36232;242;2555;36658;45558;6303;1040;1659;13135;135906;939;10361;137582;172162;24047
FR;8;2022-10-15;102;181;1203;8802;78;1001;8931;11782;1830;1142;1840;14338;144708;1017;11362;146513;183944;25877
FR;8;2022-10-16;34;54;248;1520;26;215;1555;2177;402;1176;1894;14586;146228;1043;11577;148068;186121;26279
FR;8;2022-10-17;157;310;2097;21761;173;1624;22069;28249;4534;1333;2204;16683;167989;1216;13201;170137;214370;30813
FR;8;2022-10-18;269;347;3354;37837;224;2652;38220;50755;9810;1602;2551;20037;205826;1440;15853;208357;265125;40623
FR;8;2022-10-19;193;313;2627;28280;182;2185;28609;38687;7832;1795;2864;22664;234106;1622;18038;236966;303812;48455
FR;8;2022-10-20;251;363;3575;41154;222;2640;41775;55631;11131;2046;3227;26239;275260;1844;20678;278741;359443;59586
FR;8;2022-10-21;325;489;4451;49377;276;3465;49977;66246;12707;2371;3716;30690;324637;2120;24143;328718;425689;72293
FR;8;2022-10-22;124;168;1230;10658;111;926;10847;14730;2939;2495;3884;31920;335295;2231;25069;339565;440419;75232
FR;8;2022-10-23;49;53;266;1760;48;197;1839;2606;569;2544;3937;32186;337055;2279;25266;341404;443025;75801
FR;8;2022-10-24;230;311;2474;24027;173;2071;24327;33497;7049;2774;4248;34660;361082;2452;27337;365731;476522;82850
FR;8;2022-10-25;306;412;4075;43399;255;3130;43997;61216;13986;3080;4660;38735;404481;2707;30467;409728;537738;96836
FR;8;2022-10-26;225;339;2861;28640;182;2364;28947;41262;9863;3305;4999;41596;433121;2889;32831;438675;579000;106699
FR;8;2022-10-27;273;414;3319;36118;241;2626;36597;51120;11832;3578;5413;44915;469239;3130;35457;475272;630120;118531
FR;8;2022-10-28;327;461;3825;39421;256;2858;40153;55022;11942;3905;5874;48740;508660;3386;38315;515425;685142;130473
FR;8;2022-10-29;109;165;1072;8222;94;801;8367;11851;2666;4014;6039;49812;516882;3480;39116;523792;696993;133139
FR;8;2022-10-30;40;53;209;1334;38;180;1379;2047;484;4054;6092;50021;518216;3518;39296;525171;699040;133623
FR;8;2022-10-31;195;256;1660;14517;140;1274;14783;21109;5034;4249;6348;51681;532733;3658;40570;539954;720149;138657
FR;8;2022-11-01;24;39;133;952;21;167;968;1589;452;4273;6387;51814;533685;3679;40737;540922;721738;139109
FR;8;2022-11-02;192;368;2369;23242;202;1967;23639;34922;9249;4465;6755;54183;556927;3881;42704;564561;756660;148358
FR;8;2022-11-03;308;415;3474;36877;254;2599;37514;54510;14298;4773;7170;57657;593804;4135;45303;602075;811170;162656
FR;8;2022-11-04;352;494;3779;40178;258;2971;40697;57921;14142;5125;7664;61436;633982;4393;48274;642772;869091;176798
FR;8;2022-11-05;113;182;1102;8754;117;849;8921;12870;3065;5238;7846;62538;642736;4510;49123;651693;881961;179863
FR;8;2022-11-06;41;56;223;1403;38;205;1436;2241;590;5279;7902;62761;644139;4548;49328;653129;884202;180453
FR;8;2022-11-07;226;274;2314;24706;200;1785;25288;37391;10250;5505;8176;65075;668845;4748;51113;678417;921593;190703
FR;8;2022-11-08;336;499;4321;48308;299;3251;49251;71366;18703;5841;8675;69396;717153;5047;54364;727668;992959;209406
FR;8;2022-11-09;257;366;2874;29146;207;2258;29824;44404;12238;6098;9041;72270;746299;5254;56622;757492;1037363;221644
FR;8;2022-11-10;361;529;3942;40175;302;3011;41093;60340;16098;6459;9570;76212;786474;5556;59633;798585;1097703;237742
FR;8;2022-11-11;39;64;242;1473;31;206;1518;2661;924;6498;9634;76454;787947;5587;59839;800103;1100364;238666
FR;8;2022-11-12;84;165;881;6428;79;686;6632;9889;2552;6582;9799;77335;794375;5666;60525;806735;1110253;241218
FR;8;2022-11-13;36;54;211;1108;34;171;1160;1916;579;6618;9853;77546;795483;5700;60696;807895;1112169;241797
FR;8;2022-11-14;226;302;2226;22375;161;1714;22910;34938;10240;6844;10155;79772;817858;5861;62410;830805;1147107;252037
FR;8;2022-11-15;337;419;3748;42203;252;2851;43106;64548;18460;7181;10574;83520;860061;6113;65261;873911;1211655;270497
FR;8;2022-11-16;295;345;2603;26353;211;2140;26815;41473;12434;7476;10919;86123;886414;6324;67401;900726;1253128;282931
FR;8;2022-11-17;359;425;3364;36752;284;2597;37337;56458;16425;7835;11344;89487;923166;6608;69998;938063;1309586;299356
FR;8;2022-11-18;341;461;4057;42232;279;2964;43080;63480;17332;8176;11805;93544;965398;6887;72962;981143;1373066;316688
FR;8;2022-11-19;119;178;1198;8947;115;837;9131;13766;3761;8295;11983;94742;974345;7002;73799;990274;1386832;320449
FR;8;2022-11-20;33;48;260;1583;33;216;1650;2647;777;8328;12031;95002;975928;7035;74015;991924;1389479;321226
FR;8;2022-11-21;210;299;2060;19997;172;1581;20519;31871;9708;8538;12330;97062;995925;7207;75596;1012443;1421350;330934
FR;8;2022-11-22;332;405;3452;37446;244;2654;37945;57873;17163;8870;12735;100514;1033371;7451;78250;1050388;1479223;348097
FR;8;2022-11-23;223;314;2399;24354;176;2002;24785;39053;12185;9093;13049;102913;1057725;7627;80252;1075173;1518276;360282
FR;8;2022-11-24;344;376;3359;34767;227;2569;35457;54961;16837;9437;13425;106272;1092492;7854;82821;1110630;1573237;377119
FR;8;2022-11-25;306;414;3623;37636;275;2612;38431;57613;16446;9743;13839;109895;1130128;8129;85433;1149061;1630850;393565
FR;8;2022-11-26;166;194;1176;8792;126;896;8951;13647;3769;9909;14033;111071;1138920;8255;86329;1158012;1644497;397334
FR;8;2022-11-27;44;40;226;1541;33;180;1556;2467;721;9953;14073;111297;1140461;8288;86509;1159568;1646964;398055
FR;8;2022-11-28;178;294;2293;23227;166;1686;23877;37015;11378;10131;14367;113590;1163688;8454;88195;1183445;1683979;409433
FR;8;2022-11-29;290;424;3940;43851;214;2916;44513;68735;21183;10421;14791;117530;1207539;8668;91111;1227958;1752714;430616
FR;8;2022-11-30;279;403;3342;34751;221;2521;35490;54473;16344;10700;15194;120872;1242290;8889;93632;1263448;1807187;446960
FR;8;2022-12-01;323;461;4417;48998;263;3064;49784;77017;24007;11023;15655;125289;1291288;9152;96696;1313232;1884204;470967
FR;8;2022-12-02;397;511;5405;58230;296;3713;59403;89409;26105;11420;16166;130694;1349518;9448;100409;1372635;1973613;497072
FR;8;2022-12-03;171;215;1907;16799;109;1316;17213;25740;7175;11591;16381;132601;1366317;9557;101725;1389848;1999353;504247
FR;8;2022-12-04;53;89;487;4035;59;402;4095;6253;1744;11644;16470;133088;1370352;9616;102127;1393943;2005606;505991
FR;8;2022-12-05;272;391;3822;42210;240;2484;43138;66591;20821;11916;16861;136910;1412562;9856;104611;1437081;2072197;526812
FR;8;2022-12-06;411;534;6275;74018;288;4199;75427;117313;37443;12327;17395;143185;1486580;10144;108810;1512508;2189510;564255
FR;8;2022-12-07;346;423;4872;54785;253;3208;55878;87187;27908;12673;17818;148057;1541365;10397;112018;1568386;2276697;592163
FR;8;2022-12-08;444;523;6383;75059;285;4151;76631;119757;38719;13117;18341;154440;1616424;10682;116169;1645017;2396454;630882
FR;8;2022-12-09;536;597;7955;90576;349;5148;92330;142251;44509;13653;18938;162395;1707000;11031;121317;1737347;2538705;675391
FR;8;2022-12-10;257;293;3327;31616;160;2076;32465;48566;13935;13910;19231;165722;1738616;11191;123393;1769812;2587271;689326
FR;8;2022-12-11;87;101;931;7833;65;635;8051;11843;3137;13997;19332;166653;1746449;11256;124028;1777863;2599114;692463
FR;8;2022-12-12;344;450;5815;64036;242;3685;65556;102774;33336;14341;19782;172468;1810485;11498;127713;1843419;2701888;725799
FR;8;2022-12-13;518;598;8364;98667;344;5158;101072;159274;52712;14859;20380;180832;1909152;11842;132871;1944491;2861162;778511
FR;8;2022-12-14;437;521;6291;69603;293;4111;71135;112402;36893;15296;20901;187123;1978755;12135;136982;2015626;2973564;815404
FR;8;2022-12-15;472;630;8054;91053;344;5049;93214;147791;49192;15768;21531;195177;2069808;12479;142031;2108840;3121355;864596
FR;8;2022-12-16;559;695;8787;99644;367;5629;101753;160648;52894;16327;22226;203964;2169452;12846;147660;2210593;3282003;917490
FR;8;2022-12-17;228;298;3120;29881;177;1983;30647;46431;13696;16555;22524;207084;2199333;13023;149643;2241240;3328434;931186
FR;8;2022-12-18;65;89;722;5914;43;491;6061;9200;2619;16620;22613;207806;2205247;13066;150134;2247301;3337634;933805
FR;8;2022-12-19;389;445;5289;53350;257;3315;54891;86921;28535;17009;23058;213095;2258597;13323;153449;2302192;3424555;962340
FR;8;2022-12-20;539;555;7254;75819;325;4677;77873;125530;42664;17548;23613;220349;2334416;13648;158126;2380065;3550085;1005004
FR;8;2022-12-21;395;462;4875;48185;269;3248;49439;80409;27536;17943;24075;225224;2382601;13917;161374;2429504;3630494;1032540
FR;8;2022-12-22;441;508;4486;43505;297;3087;44687;73205;25281;18384;24583;229710;2426106;14214;164461;2474191;3703699;1057821
FR;8;2022-12-23;288;364;2822;24662;228;2009;25328;41515;14065;18672;24947;232532;2450768;14442;166470;2499519;3745214;1071886
FR;8;2022-12-24;68;67;382;2491;39;284;2602;4029;1128;18740;25014;232914;2453259;14481;166754;2502121;3749243;1073014
FR;8;2022-12-25;27;26;95;520;21;73;539;866;251;18767;25040;233009;2453779;14502;166827;2502660;3750109;1073265
FR;8;2022-12-26;222;260;2119;15783;158;1475;16415;26176;8215;18989;25300;235128;2469562;14660;168302;2519075;3776285;1081480
FR;8;2022-12-27;364;439;3675;31916;246;2470;32978;54285;18692;19353;25739;238803;2501478;14906;170772;2552053;3830570;1100172
FR;8;2022-12-28;321;332;2855;24169;183;1978;24746;40741;13900;19674;26071;241658;2525647;15089;172750;2576799;3871311;1114072
FR;8;2022-12-29;276;383;3015;24602;202;2058;25506;42165;14484;19950;26454;244673;2550249;15291;174808;2602305;3913476;1128556
FR;9;2020-12-27;0;0;0;0;0;0;0;0;0;0;0;0;0;0;0;0;0;0
FR;9;2020-12-28;0;0;0;0;0;0;0;0;0;0;0;0;0;0;0;0;0;0
FR;9;2020-12-29;0;0;0;0;0;0;0;0;0;0;0;0;0;0;0;0;0;0
FR;9;2020-12-30;0;0;0;0;0;0;0;0;0;0;0;0;0;0;0;0;0;0
FR;9;2020-12-31;0;0;0;0;0;0;0;0;0;0;0;0;0;0;0;0;0;0
FR;9;2021-01-01;0;0;0;0;0;0;0;0;0;0;0;0;0;0;0;0;0;0
FR;9;2021-01-02;0;0;0;0;0;0;0;0;0;0;0;0;0;0;0;0;0;0
FR;9;2021-01-03;0;0;0;0;0;0;0;0;0;0;0;0;0;0;0;0;0;0
FR;9;2021-01-04;0;0;0;0;0;0;0;0;0;0;0;0;0;0;0;0;0;0
FR;9;2021-01-05;0;0;0;0;0;0;0;0;0;0;0;0;0;0;0;0;0;0
FR;9;2021-01-06;0;0;0;0;0;0;0;0;0;0;0;0;0;0;0;0;0;0
FR;9;2021-01-07;0;0;0;0;0;0;0;0;0;0;0;0;0;0;0;0;0;0
FR;9;2021-01-08;0;0;0;0;0;0;0;0;0;0;0;0;0;0;0;0;0;0
FR;9;2021-01-09;0;0;0;0;0;0;0;0;0;0;0;0;0;0;0;0;0;0
FR;9;2021-01-10;0;0;0;0;0;0;0;0;0;0;0;0;0;0;0;0;0;0
FR;9;2021-01-11;0;0;0;0;0;0;0;0;0;0;0;0;0;0;0;0;0;0
FR;9;2021-01-12;0;0;0;0;0;0;0;0;0;0;0;0;0;0;0;0;0;0
FR;9;2021-01-13;0;0;0;0;0;0;0;0;0;0;0;0;0;0;0;0;0;0
FR;9;2021-01-14;0;0;0;0;0;0;0;0;0;0;0;0;0;0;0;0;0;0
FR;9;2021-01-15;0;0;0;0;0;0;0;0;0;0;0;0;0;0;0;0;0;0
FR;9;2021-01-16;0;0;0;0;0;0;0;0;0;0;0;0;0;0;0;0;0;0
FR;9;2021-01-17;0;0;0;0;0;0;0;0;0;0;0;0;0;0;0;0;0;0
FR;9;2021-01-18;0;0;0;0;0;0;0;0;0;0;0;0;0;0;0;0;0;0
FR;9;2021-01-19;0;0;0;0;0;0;0;0;0;0;0;0;0;0;0;0;0;0
FR;9;2021-01-20;0;0;0;0;0;0;0;0;0;0;0;0;0;0;0;0;0;0
FR;9;2021-01-21;0;0;0;0;0;0;0;0;0;0;0;0;0;0;0;0;0;0
FR;9;2021-01-22;0;0;0;0;0;0;0;0;0;0;0;0;0;0;0;0;0;0
FR;9;2021-01-23;0;0;0;0;0;0;0;0;0;0;0;0;0;0;0;0;0;0
FR;9;2021-01-24;0;0;0;0;0;0;0;0;0;0;0;0;0;0;0;0;0;0
FR;9;2021-01-25;0;0;0;0;0;0;0;0;0;0;0;0;0;0;0;0;0;0
FR;9;2021-01-26;0;0;0;0;0;0;0;0;0;0;0;0;0;0;0;0;0;0
FR;9;2021-01-27;0;0;0;0;0;0;0;0;0;0;0;0;0;0;0;0;0;0
FR;9;2021-01-28;0;0;0;0;0;0;0;0;0;0;0;0;0;0;0;0;0;0
FR;9;2021-01-29;0;0;0;0;0;0;0;0;0;0;0;0;0;0;0;0;0;0
FR;9;2021-01-30;0;0;0;0;0;0;0;0;0;0;0;0;0;0;0;0;0;0
FR;9;2021-01-31;0;0;0;0;0;0;0;0;0;0;0;0;0;0;0;0;0;0
FR;9;2021-02-01;0;0;0;0;0;0;0;0;0;0;0;0;0;0;0;0;0;0
FR;9;2021-02-02;0;0;0;0;0;0;0;0;0;0;0;0;0;0;0;0;0;0
FR;9;2021-02-03;0;0;0;0;0;0;0;0;0;0;0;0;0;0;0;0;0;0
FR;9;2021-02-04;0;0;0;0;0;0;0;0;0;0;0;0;0;0;0;0;0;0
FR;9;2021-02-05;0;0;0;0;0;0;0;0;0;0;0;0;0;0;0;0;0;0
FR;9;2021-02-06;0;0;0;0;0;0;0;0;0;0;0;0;0;0;0;0;0;0
FR;9;2021-02-07;0;0;0;0;0;0;0;0;0;0;0;0;0;0;0;0;0;0
FR;9;2021-02-08;0;0;0;0;0;0;0;0;0;0;0;0;0;0;0;0;0;0
FR;9;2021-02-09;0;0;0;0;0;0;0;0;0;0;0;0;0;0;0;0;0;0
FR;9;2021-02-10;0;0;0;0;0;0;0;0;0;0;0;0;0;0;0;0;0;0
FR;9;2021-02-11;0;0;0;0;0;0;0;0;0;0;0;0;0;0;0;0;0;0
FR;9;2021-02-12;0;0;0;0;0;0;0;0;0;0;0;0;0;0;0;0;0;0
FR;9;2021-02-13;0;0;0;0;0;0;0;0;0;0;0;0;0;0;0;0;0;0
FR;9;2021-02-14;0;0;0;0;0;0;0;0;0;0;0;0;0;0;0;0;0;0
FR;9;2021-02-15;0;0;0;0;0;0;0;0;0;0;0;0;0;0;0;0;0;0
FR;9;2021-02-16;0;0;0;0;0;0;0;0;0;0;0;0;0;0;0;0;0;0
FR;9;2021-02-17;0;0;0;0;0;0;0;0;0;0;0;0;0;0;0;0;0;0
FR;9;2021-02-18;0;0;0;0;0;0;0;0;0;0;0;0;0;0;0;0;0;0
FR;9;2021-02-19;0;0;0;0;0;0;0;0;0;0;0;0;0;0;0;0;0;0
FR;9;2021-02-20;0;0;0;0;0;0;0;0;0;0;0;0;0;0;0;0;0;0
FR;9;2021-02-21;0;0;0;0;0;0;0;0;0;0;0;0;0;0;0;0;0;0
FR;9;2021-02-22;0;0;0;0;0;0;0;0;0;0;0;0;0;0;0;0;0;0
FR;9;2021-02-23;0;0;0;0;0;0;0;0;0;0;0;0;0;0;0;0;0;0
FR;9;2021-02-24;0;0;0;0;0;0;0;0;0;0;0;0;0;0;0;0;0;0
FR;9;2021-02-25;0;0;0;0;0;0;0;0;0;0;0;0;0;0;0;0;0;0
FR;9;2021-02-26;0;0;0;0;0;0;0;0;0;0;0;0;0;0;0;0;0;0
FR;9;2021-02-27;0;0;0;0;0;0;0;0;0;0;0;0;0;0;0;0;0;0
FR;9;2021-02-28;0;0;0;0;0;0;0;0;0;0;0;0;0;0;0;0;0;0
FR;9;2021-03-01;0;0;0;0;0;0;0;0;0;0;0;0;0;0;0;0;0;0
FR;9;2021-03-02;0;0;0;0;0;0;0;0;0;0;0;0;0;0;0;0;0;0
FR;9;2021-03-03;0;0;0;0;0;0;0;0;0;0;0;0;0;0;0;0;0;0
FR;9;2021-03-04;0;0;0;0;0;0;0;0;0;0;0;0;0;0;0;0;0;0
FR;9;2021-03-05;0;0;0;0;0;0;0;0;0;0;0;0;0;0;0;0;0;0
FR;9;2021-03-06;0;0;0;0;0;0;0;0;0;0;0;0;0;0;0;0;0;0
FR;9;2021-03-07;0;0;0;0;0;0;0;0;0;0;0;0;0;0;0;0;0;0
FR;9;2021-03-08;0;0;0;0;0;0;0;0;0;0;0;0;0;0;0;0;0;0
FR;9;2021-03-09;0;0;0;0;0;0;0;0;0;0;0;0;0;0;0;0;0;0
FR;9;2021-03-10;0;0;0;0;0;0;0;0;0;0;0;0;0;0;0;0;0;0
FR;9;2021-03-11;0;0;0;0;0;0;0;0;0;0;0;0;0;0;0;0;0;0
FR;9;2021-03-12;0;0;0;0;0;0;0;0;0;0;0;0;0;0;0;0;0;0
FR;9;2021-03-13;0;0;0;0;0;0;0;0;0;0;0;0;0;0;0;0;0;0
FR;9;2021-03-14;0;0;0;0;0;0;0;0;0;0;0;0;0;0;0;0;0;0
FR;9;2021-03-15;0;0;0;0;0;0;0;0;0;0;0;0;0;0;0;0;0;0
FR;9;2021-03-16;0;0;0;0;0;0;0;0;0;0;0;0;0;0;0;0;0;0
FR;9;2021-03-17;0;0;0;0;0;0;0;0;0;0;0;0;0;0;0;0;0;0
FR;9;2021-03-18;0;0;0;0;0;0;0;0;0;0;0;0;0;0;0;0;0;0
FR;9;2021-03-19;0;0;0;0;0;0;0;0;0;0;0;0;0;0;0;0;0;0
FR;9;2021-03-20;0;0;0;0;0;0;0;0;0;0;0;0;0;0;0;0;0;0
FR;9;2021-03-21;0;0;0;0;0;0;0;0;0;0;0;0;0;0;0;0;0;0
FR;9;2021-03-22;0;0;0;0;0;0;0;0;0;0;0;0;0;0;0;0;0;0
FR;9;2021-03-23;0;0;0;0;0;0;0;0;0;0;0;0;0;0;0;0;0;0
FR;9;2021-03-24;0;0;0;0;0;0;0;0;0;0;0;0;0;0;0;0;0;0
FR;9;2021-03-25;0;0;0;0;0;0;0;0;0;0;0;0;0;0;0;0;0;0
FR;9;2021-03-26;0;0;0;0;0;0;0;0;0;0;0;0;0;0;0;0;0;0
FR;9;2021-03-27;0;0;0;0;0;0;0;0;0;0;0;0;0;0;0;0;0;0
FR;9;2021-03-28;0;0;0;0;0;0;0;0;0;0;0;0;0;0;0;0;0;0
FR;9;2021-03-29;0;0;0;0;0;0;0;0;0;0;0;0;0;0;0;0;0;0
FR;9;2021-03-30;0;0;0;0;0;0;0;0;0;0;0;0;0;0;0;0;0;0
FR;9;2021-03-31;0;0;0;0;0;0;0;0;0;0;0;0;0;0;0;0;0;0
FR;9;2021-04-01;0;0;0;0;0;0;0;0;0;0;0;0;0;0;0;0;0;0
FR;9;2021-04-02;0;0;0;0;0;0;0;0;0;0;0;0;0;0;0;0;0;0
FR;9;2021-04-03;0;0;0;0;0;0;0;0;0;0;0;0;0;0;0;0;0;0
FR;9;2021-04-04;0;0;0;0;0;0;0;0;0;0;0;0;0;0;0;0;0;0
FR;9;2021-04-05;0;0;0;0;0;0;0;0;0;0;0;0;0;0;0;0;0;0
FR;9;2021-04-06;0;0;0;0;0;0;0;0;0;0;0;0;0;0;0;0;0;0
FR;9;2021-04-07;0;0;0;0;0;0;0;0;0;0;0;0;0;0;0;0;0;0
FR;9;2021-04-08;0;0;0;0;0;0;0;0;0;0;0;0;0;0;0;0;0;0
FR;9;2021-04-09;0;0;0;0;0;0;0;0;0;0;0;0;0;0;0;0;0;0
FR;9;2021-04-10;0;0;0;0;0;0;0;0;0;0;0;0;0;0;0;0;0;0
FR;9;2021-04-11;0;0;0;0;0;0;0;0;0;0;0;0;0;0;0;0;0;0
FR;9;2021-04-12;0;0;0;0;0;0;0;0;0;0;0;0;0;0;0;0;0;0
FR;9;2021-04-13;0;0;0;0;0;0;0;0;0;0;0;0;0;0;0;0;0;0
FR;9;2021-04-14;0;0;0;0;0;0;0;0;0;0;0;0;0;0;0;0;0;0
FR;9;2021-04-15;0;0;0;0;0;0;0;0;0;0;0;0;0;0;0;0;0;0
FR;9;2021-04-16;0;0;0;0;0;0;0;0;0;0;0;0;0;0;0;0;0;0
FR;9;2021-04-17;0;0;0;0;0;0;0;0;0;0;0;0;0;0;0;0;0;0
FR;9;2021-04-18;0;0;0;0;0;0;0;0;0;0;0;0;0;0;0;0;0;0
FR;9;2021-04-19;0;0;0;0;0;0;0;0;0;0;0;0;0;0;0;0;0;0
FR;9;2021-04-20;0;0;0;0;0;0;0;0;0;0;0;0;0;0;0;0;0;0
FR;9;2021-04-21;0;0;0;0;0;0;0;0;0;0;0;0;0;0;0;0;0;0
FR;9;2021-04-22;0;0;0;0;0;0;0;0;0;0;0;0;0;0;0;0;0;0
FR;9;2021-04-23;0;0;0;0;0;0;0;0;0;0;0;0;0;0;0;0;0;0
FR;9;2021-04-24;0;0;0;0;0;0;0;0;0;0;0;0;0;0;0;0;0;0
FR;9;2021-04-25;0;0;0;0;0;0;0;0;0;0;0;0;0;0;0;0;0;0
FR;9;2021-04-26;0;0;0;0;0;0;0;0;0;0;0;0;0;0;0;0;0;0
FR;9;2021-04-27;0;0;0;0;0;0;0;0;0;0;0;0;0;0;0;0;0;0
FR;9;2021-04-28;0;0;0;0;0;0;0;0;0;0;0;0;0;0;0;0;0;0
FR;9;2021-04-29;0;0;0;0;0;0;0;0;0;0;0;0;0;0;0;0;0;0
FR;9;2021-04-30;0;0;0;0;0;0;0;0;0;0;0;0;0;0;0;0;0;0
FR;9;2021-05-01;0;0;0;0;0;0;0;0;0;0;0;0;0;0;0;0;0;0
FR;9;2021-05-02;0;0;0;0;0;0;0;0;0;0;0;0;0;0;0;0;0;0
FR;9;2021-05-03;0;0;0;0;0;0;0;0;0;0;0;0;0;0;0;0;0;0
FR;9;2021-05-04;0;0;0;0;0;0;0;0;0;0;0;0;0;0;0;0;0;0
FR;9;2021-05-05;0;0;0;0;0;0;0;0;0;0;0;0;0;0;0;0;0;0
FR;9;2021-05-06;0;0;0;0;0;0;0;0;0;0;0;0;0;0;0;0;0;0
FR;9;2021-05-07;0;0;0;0;0;0;0;0;0;0;0;0;0;0;0;0;0;0
FR;9;2021-05-08;0;0;0;0;0;0;0;0;0;0;0;0;0;0;0;0;0;0
FR;9;2021-05-09;0;0;0;0;0;0;0;0;0;0;0;0;0;0;0;0;0;0
FR;9;2021-05-10;0;0;0;0;0;0;0;0;0;0;0;0;0;0;0;0;0;0
FR;9;2021-05-11;0;0;0;0;0;0;0;0;0;0;0;0;0;0;0;0;0;0
FR;9;2021-05-12;0;0;0;0;0;0;0;0;0;0;0;0;0;0;0;0;0;0
FR;9;2021-05-13;0;0;0;0;0;0;0;0;0;0;0;0;0;0;0;0;0;0
FR;9;2021-05-14;0;0;0;0;0;0;0;0;0;0;0;0;0;0;0;0;0;0
FR;9;2021-05-15;0;0;0;0;0;0;0;0;0;0;0;0;0;0;0;0;0;0
FR;9;2021-05-16;0;0;0;0;0;0;0;0;0;0;0;0;0;0;0;0;0;0
FR;9;2021-05-17;0;0;0;0;0;0;0;0;0;0;0;0;0;0;0;0;0;0
FR;9;2021-05-18;0;0;0;0;0;0;0;0;0;0;0;0;0;0;0;0;0;0
FR;9;2021-05-19;0;0;0;0;0;0;0;0;0;0;0;0;0;0;0;0;0;0
FR;9;2021-05-20;0;0;0;0;0;0;0;0;0;0;0;0;0;0;0;0;0;0
FR;9;2021-05-21;0;0;0;0;0;0;0;0;0;0;0;0;0;0;0;0;0;0
FR;9;2021-05-22;0;0;0;0;0;0;0;0;0;0;0;0;0;0;0;0;0;0
FR;9;2021-05-23;0;0;0;0;0;0;0;0;0;0;0;0;0;0;0;0;0;0
FR;9;2021-05-24;0;0;0;0;0;0;0;0;0;0;0;0;0;0;0;0;0;0
FR;9;2021-05-25;0;0;0;0;0;0;0;0;0;0;0;0;0;0;0;0;0;0
FR;9;2021-05-26;0;0;0;0;0;0;0;0;0;0;0;0;0;0;0;0;0;0
FR;9;2021-05-27;0;0;0;0;0;0;0;0;0;0;0;0;0;0;0;0;0;0
FR;9;2021-05-28;0;0;0;0;0;0;0;0;0;0;0;0;0;0;0;0;0;0
FR;9;2021-05-29;0;0;0;0;0;0;0;0;0;0;0;0;0;0;0;0;0;0
FR;9;2021-05-30;0;0;0;0;0;0;0;0;0;0;0;0;0;0;0;0;0;0
FR;9;2021-05-31;0;0;0;0;0;0;0;0;0;0;0;0;0;0;0;0;0;0
FR;9;2021-06-01;0;0;0;0;0;0;0;0;0;0;0;0;0;0;0;0;0;0
FR;9;2021-06-02;0;0;0;0;0;0;0;0;0;0;0;0;0;0;0;0;0;0
FR;9;2021-06-03;0;0;0;0;0;0;0;0;0;0;0;0;0;0;0;0;0;0
FR;9;2021-06-04;0;0;0;0;0;0;0;0;0;0;0;0;0;0;0;0;0;0
FR;9;2021-06-05;0;0;0;0;0;0;0;0;0;0;0;0;0;0;0;0;0;0
FR;9;2021-06-06;0;0;0;0;0;0;0;0;0;0;0;0;0;0;0;0;0;0
FR;9;2021-06-07;0;0;0;0;0;0;0;0;0;0;0;0;0;0;0;0;0;0
FR;9;2021-06-08;0;0;0;0;0;0;0;0;0;0;0;0;0;0;0;0;0;0
FR;9;2021-06-09;0;0;0;0;0;0;0;0;0;0;0;0;0;0;0;0;0;0
FR;9;2021-06-10;0;0;0;0;0;0;0;0;0;0;0;0;0;0;0;0;0;0
FR;9;2021-06-11;0;0;0;0;0;0;0;0;0;0;0;0;0;0;0;0;0;0
FR;9;2021-06-12;0;0;0;0;0;0;0;0;0;0;0;0;0;0;0;0;0;0
FR;9;2021-06-13;0;0;0;0;0;0;0;0;0;0;0;0;0;0;0;0;0;0
FR;9;2021-06-14;0;0;0;0;0;0;0;0;0;0;0;0;0;0;0;0;0;0
FR;9;2021-06-15;0;0;0;0;0;0;0;0;0;0;0;0;0;0;0;0;0;0
FR;9;2021-06-16;0;0;0;0;0;0;0;0;0;0;0;0;0;0;0;0;0;0
FR;9;2021-06-17;0;0;0;0;0;0;0;0;0;0;0;0;0;0;0;0;0;0
FR;9;2021-06-18;0;0;0;0;0;0;0;0;0;0;0;0;0;0;0;0;0;0
FR;9;2021-06-19;0;0;0;0;0;0;0;0;0;0;0;0;0;0;0;0;0;0
FR;9;2021-06-20;0;0;0;0;0;0;0;0;0;0;0;0;0;0;0;0;0;0
FR;9;2021-06-21;0;0;0;0;0;0;0;0;0;0;0;0;0;0;0;0;0;0
FR;9;2021-06-22;0;0;0;0;0;0;0;0;0;0;0;0;0;0;0;0;0;0
FR;9;2021-06-23;0;0;0;0;0;0;0;0;0;0;0;0;0;0;0;0;0;0
FR;9;2021-06-24;0;0;0;0;0;0;0;0;0;0;0;0;0;0;0;0;0;0
FR;9;2021-06-25;0;0;0;0;0;0;0;0;0;0;0;0;0;0;0;0;0;0
FR;9;2021-06-26;0;0;0;0;0;0;0;0;0;0;0;0;0;0;0;0;0;0
FR;9;2021-06-27;0;0;0;0;0;0;0;0;0;0;0;0;0;0;0;0;0;0
FR;9;2021-06-28;0;0;0;0;0;0;0;0;0;0;0;0;0;0;0;0;0;0
FR;9;2021-06-29;0;0;0;0;0;0;0;0;0;0;0;0;0;0;0;0;0;0
FR;9;2021-06-30;0;0;0;0;0;0;0;0;0;0;0;0;0;0;0;0;0;0
FR;9;2021-07-01;0;0;0;0;0;0;0;0;0;0;0;0;0;0;0;0;0;0
FR;9;2021-07-02;0;0;0;0;0;0;0;0;0;0;0;0;0;0;0;0;0;0
FR;9;2021-07-03;0;0;0;0;0;0;0;0;0;0;0;0;0;0;0;0;0;0
FR;9;2021-07-04;0;0;0;0;0;0;0;0;0;0;0;0;0;0;0;0;0;0
FR;9;2021-07-05;0;0;0;0;0;0;0;0;0;0;0;0;0;0;0;0;0;0
FR;9;2021-07-06;0;0;0;0;0;0;0;0;0;0;0;0;0;0;0;0;0;0
FR;9;2021-07-07;0;0;0;0;0;0;0;0;0;0;0;0;0;0;0;0;0;0
FR;9;2021-07-08;0;0;0;0;0;0;0;0;0;0;0;0;0;0;0;0;0;0
FR;9;2021-07-09;0;0;0;0;0;0;0;0;0;0;0;0;0;0;0;0;0;0
FR;9;2021-07-10;0;0;0;0;0;0;0;0;0;0;0;0;0;0;0;0;0;0
FR;9;2021-07-11;0;0;0;0;0;0;0;0;0;0;0;0;0;0;0;0;0;0
FR;9;2021-07-12;0;0;0;0;0;0;0;0;0;0;0;0;0;0;0;0;0;0
FR;9;2021-07-13;0;0;0;0;0;0;0;0;0;0;0;0;0;0;0;0;0;0
FR;9;2021-07-14;0;0;0;0;0;0;0;0;0;0;0;0;0;0;0;0;0;0
FR;9;2021-07-15;0;0;0;0;0;0;0;0;0;0;0;0;0;0;0;0;0;0
FR;9;2021-07-16;0;0;0;0;0;0;0;0;0;0;0;0;0;0;0;0;0;0
FR;9;2021-07-17;0;0;0;0;0;0;0;0;0;0;0;0;0;0;0;0;0;0
FR;9;2021-07-18;0;0;0;0;0;0;0;0;0;0;0;0;0;0;0;0;0;0
FR;9;2021-07-19;0;0;0;0;0;0;0;0;0;0;0;0;0;0;0;0;0;0
FR;9;2021-07-20;0;0;0;0;0;0;0;0;0;0;0;0;0;0;0;0;0;0
FR;9;2021-07-21;0;0;0;0;0;0;0;0;0;0;0;0;0;0;0;0;0;0
FR;9;2021-07-22;0;0;0;0;0;0;0;0;0;0;0;0;0;0;0;0;0;0
FR;9;2021-07-23;0;0;0;0;0;0;0;0;0;0;0;0;0;0;0;0;0;0
FR;9;2021-07-24;0;0;0;0;0;0;0;0;0;0;0;0;0;0;0;0;0;0
FR;9;2021-07-25;0;0;0;0;0;0;0;0;0;0;0;0;0;0;0;0;0;0
FR;9;2021-07-26;0;0;0;0;0;0;0;0;0;0;0;0;0;0;0;0;0;0
FR;9;2021-07-27;0;0;0;0;0;0;0;0;0;0;0;0;0;0;0;0;0;0
FR;9;2021-07-28;0;0;0;0;0;0;0;0;0;0;0;0;0;0;0;0;0;0
FR;9;2021-07-29;0;0;0;0;0;0;0;0;0;0;0;0;0;0;0;0;0;0
FR;9;2021-07-30;0;0;0;0;0;0;0;0;0;0;0;0;0;0;0;0;0;0
FR;9;2021-07-31;0;0;0;0;0;0;0;0;0;0;0;0;0;0;0;0;0;0
FR;9;2021-08-01;0;0;0;0;0;0;0;0;0;0;0;0;0;0;0;0;0;0
FR;9;2021-08-02;0;0;0;0;0;0;0;0;0;0;0;0;0;0;0;0;0;0
FR;9;2021-08-03;0;0;0;0;0;0;0;0;0;0;0;0;0;0;0;0;0;0
FR;9;2021-08-04;0;0;0;0;0;0;0;0;0;0;0;0;0;0;0;0;0;0
FR;9;2021-08-05;0;0;0;0;0;0;0;0;0;0;0;0;0;0;0;0;0;0
FR;9;2021-08-06;0;0;0;0;0;0;0;0;0;0;0;0;0;0;0;0;0;0
FR;9;2021-08-07;0;0;0;0;0;0;0;0;0;0;0;0;0;0;0;0;0;0
FR;9;2021-08-08;0;0;0;0;0;0;0;0;0;0;0;0;0;0;0;0;0;0
FR;9;2021-08-09;0;0;0;0;0;0;0;0;0;0;0;0;0;0;0;0;0;0
FR;9;2021-08-10;0;0;0;0;0;0;0;0;0;0;0;0;0;0;0;0;0;0
FR;9;2021-08-11;0;0;0;0;0;0;0;0;0;0;0;0;0;0;0;0;0;0
FR;9;2021-08-12;0;0;0;0;0;0;0;0;0;0;0;0;0;0;0;0;0;0
FR;9;2021-08-13;0;0;0;0;0;0;0;0;0;0;0;0;0;0;0;0;0;0
FR;9;2021-08-14;0;0;0;0;0;0;0;0;0;0;0;0;0;0;0;0;0;0
FR;9;2021-08-15;0;0;0;0;0;0;0;0;0;0;0;0;0;0;0;0;0;0
FR;9;2021-08-16;0;0;0;0;0;0;0;0;0;0;0;0;0;0;0;0;0;0
FR;9;2021-08-17;0;0;0;0;0;0;0;0;0;0;0;0;0;0;0;0;0;0
FR;9;2021-08-18;0;0;0;0;0;0;0;0;0;0;0;0;0;0;0;0;0;0
FR;9;2021-08-19;0;0;0;0;0;0;0;0;0;0;0;0;0;0;0;0;0;0
FR;9;2021-08-20;0;0;0;0;0;0;0;0;0;0;0;0;0;0;0;0;0;0
FR;9;2021-08-21;0;0;0;0;0;0;0;0;0;0;0;0;0;0;0;0;0;0
FR;9;2021-08-22;0;0;0;0;0;0;0;0;0;0;0;0;0;0;0;0;0;0
FR;9;2021-08-23;0;0;0;0;0;0;0;0;0;0;0;0;0;0;0;0;0;0
FR;9;2021-08-24;0;0;0;0;0;0;0;0;0;0;0;0;0;0;0;0;0;0
FR;9;2021-08-25;0;0;0;0;0;0;0;0;0;0;0;0;0;0;0;0;0;0
FR;9;2021-08-26;0;0;0;0;0;0;0;0;0;0;0;0;0;0;0;0;0;0
FR;9;2021-08-27;0;0;0;0;0;0;0;0;0;0;0;0;0;0;0;0;0;0
FR;9;2021-08-28;0;0;0;0;0;0;0;0;0;0;0;0;0;0;0;0;0;0
FR;9;2021-08-29;0;0;0;0;0;0;0;0;0;0;0;0;0;0;0;0;0;0
FR;9;2021-08-30;0;0;0;0;0;0;0;0;0;0;0;0;0;0;0;0;0;0
FR;9;2021-08-31;0;0;0;0;0;0;0;0;0;0;0;0;0;0;0;0;0;0
FR;9;2021-09-01;0;0;0;0;0;0;0;0;0;0;0;0;0;0;0;0;0;0
FR;9;2021-09-02;0;0;0;0;0;0;0;0;0;0;0;0;0;0;0;0;0;0
FR;9;2021-09-03;0;0;0;0;0;0;0;0;0;0;0;0;0;0;0;0;0;0
FR;9;2021-09-04;0;0;0;0;0;0;0;0;0;0;0;0;0;0;0;0;0;0
FR;9;2021-09-05;0;0;0;0;0;0;0;0;0;0;0;0;0;0;0;0;0;0
FR;9;2021-09-06;0;0;0;0;0;0;0;0;0;0;0;0;0;0;0;0;0;0
FR;9;2021-09-07;0;0;0;0;0;0;0;0;0;0;0;0;0;0;0;0;0;0
FR;9;2021-09-08;0;0;0;0;0;0;0;0;0;0;0;0;0;0;0;0;0;0
FR;9;2021-09-09;0;0;0;0;0;0;0;0;0;0;0;0;0;0;0;0;0;0
FR;9;2021-09-10;0;0;0;0;0;0;0;0;0;0;0;0;0;0;0;0;0;0
FR;9;2021-09-11;0;0;0;0;0;0;0;0;0;0;0;0;0;0;0;0;0;0
FR;9;2021-09-12;0;0;0;0;0;0;0;0;0;0;0;0;0;0;0;0;0;0
FR;9;2021-09-13;0;0;0;0;0;0;0;0;0;0;0;0;0;0;0;0;0;0
FR;9;2021-09-14;0;0;0;0;0;0;0;0;0;0;0;0;0;0;0;0;0;0
FR;9;2021-09-15;0;0;0;0;0;0;0;0;0;0;0;0;0;0;0;0;0;0
FR;9;2021-09-16;0;0;0;0;0;0;0;0;0;0;0;0;0;0;0;0;0;0
FR;9;2021-09-17;0;0;0;0;0;0;0;0;0;0;0;0;0;0;0;0;0;0
FR;9;2021-09-18;0;0;0;0;0;0;0;0;0;0;0;0;0;0;0;0;0;0
FR;9;2021-09-19;0;0;0;0;0;0;0;0;0;0;0;0;0;0;0;0;0;0
FR;9;2021-09-20;0;0;0;0;0;0;0;0;0;0;0;0;0;0;0;0;0;0
FR;9;2021-09-21;0;0;0;0;0;0;0;0;0;0;0;0;0;0;0;0;0;0
FR;9;2021-09-22;0;0;0;0;0;0;0;0;0;0;0;0;0;0;0;0;0;0
FR;9;2021-09-23;0;0;0;0;0;0;0;0;0;0;0;0;0;0;0;0;0;0
FR;9;2021-09-24;0;0;0;0;0;0;0;0;0;0;0;0;0;0;0;0;0;0
FR;9;2021-09-25;0;0;0;0;0;0;0;0;0;0;0;0;0;0;0;0;0;0
FR;9;2021-09-26;0;0;0;0;0;0;0;0;0;0;0;0;0;0;0;0;0;0
FR;9;2021-09-27;0;0;0;0;0;0;0;0;0;0;0;0;0;0;0;0;0;0
FR;9;2021-09-28;0;0;0;0;0;0;0;0;0;0;0;0;0;0;0;0;0;0
FR;9;2021-09-29;0;0;0;0;0;0;0;0;0;0;0;0;0;0;0;0;0;0
FR;9;2021-09-30;0;0;0;0;0;0;0;0;0;0;0;0;0;0;0;0;0;0
FR;9;2021-10-01;0;0;0;0;0;0;0;0;0;0;0;0;0;0;0;0;0;0
FR;9;2021-10-02;0;0;0;0;0;0;0;0;0;0;0;0;0;0;0;0;0;0
FR;9;2021-10-03;0;0;0;0;0;0;0;0;0;0;0;0;0;0;0;0;0;0
FR;9;2021-10-04;0;0;0;0;0;0;0;0;0;0;0;0;0;0;0;0;0;0
FR;9;2021-10-05;0;0;0;0;0;0;0;0;0;0;0;0;0;0;0;0;0;0
FR;9;2021-10-06;0;0;0;0;0;0;0;0;0;0;0;0;0;0;0;0;0;0
FR;9;2021-10-07;0;0;0;0;0;0;0;0;0;0;0;0;0;0;0;0;0;0
FR;9;2021-10-08;0;0;0;0;0;0;0;0;0;0;0;0;0;0;0;0;0;0
FR;9;2021-10-09;0;0;0;0;0;0;0;0;0;0;0;0;0;0;0;0;0;0
FR;9;2021-10-10;0;0;0;0;0;0;0;0;0;0;0;0;0;0;0;0;0;0
FR;9;2021-10-11;0;0;0;0;0;0;0;0;0;0;0;0;0;0;0;0;0;0
FR;9;2021-10-12;0;0;0;0;0;0;0;0;0;0;0;0;0;0;0;0;0;0
FR;9;2021-10-13;0;0;0;0;0;0;0;0;0;0;0;0;0;0;0;0;0;0
FR;9;2021-10-14;0;0;0;0;0;0;0;0;0;0;0;0;0;0;0;0;0;0
FR;9;2021-10-15;0;0;0;0;0;0;0;0;0;0;0;0;0;0;0;0;0;0
FR;9;2021-10-16;0;0;0;0;0;0;0;0;0;0;0;0;0;0;0;0;0;0
FR;9;2021-10-17;0;0;0;0;0;0;0;0;0;0;0;0;0;0;0;0;0;0
FR;9;2021-10-18;0;0;0;0;0;0;0;0;0;0;0;0;0;0;0;0;0;0
FR;9;2021-10-19;0;0;0;0;0;0;0;0;0;0;0;0;0;0;0;0;0;0
FR;9;2021-10-20;0;0;0;0;0;0;0;0;0;0;0;0;0;0;0;0;0;0
FR;9;2021-10-21;0;0;0;0;0;0;0;0;0;0;0;0;0;0;0;0;0;0
FR;9;2021-10-22;0;0;0;0;0;0;0;0;0;0;0;0;0;0;0;0;0;0
FR;9;2021-10-23;0;0;0;0;0;0;0;0;0;0;0;0;0;0;0;0;0;0
FR;9;2021-10-24;0;0;0;0;0;0;0;0;0;0;0;0;0;0;0;0;0;0
FR;9;2021-10-25;0;0;0;0;0;0;0;0;0;0;0;0;0;0;0;0;0;0
FR;9;2021-10-26;0;0;0;0;0;0;0;0;0;0;0;0;0;0;0;0;0;0
FR;9;2021-10-27;0;0;0;0;0;0;0;0;0;0;0;0;0;0;0;0;0;0
FR;9;2021-10-28;0;0;0;0;0;0;0;0;0;0;0;0;0;0;0;0;0;0
FR;9;2021-10-29;0;0;0;0;0;0;0;0;0;0;0;0;0;0;0;0;0;0
FR;9;2021-10-30;0;0;0;0;0;0;0;0;0;0;0;0;0;0;0;0;0;0
FR;9;2021-10-31;0;0;0;0;0;0;0;0;0;0;0;0;0;0;0;0;0;0
FR;9;2021-11-01;0;0;0;0;0;0;0;0;0;0;0;0;0;0;0;0;0;0
FR;9;2021-11-02;0;0;0;0;0;0;0;0;0;0;0;0;0;0;0;0;0;0
FR;9;2021-11-03;0;0;0;0;0;0;0;0;0;0;0;0;0;0;0;0;0;0
FR;9;2021-11-04;0;0;0;0;0;0;0;0;0;0;0;0;0;0;0;0;0;0
FR;9;2021-11-05;0;0;0;0;0;0;0;0;0;0;0;0;0;0;0;0;0;0
FR;9;2021-11-06;0;0;0;0;0;0;0;0;0;0;0;0;0;0;0;0;0;0
FR;9;2021-11-07;0;0;0;0;0;0;0;0;0;0;0;0;0;0;0;0;0;0
FR;9;2021-11-08;0;0;0;0;0;0;0;0;0;0;0;0;0;0;0;0;0;0
FR;9;2021-11-09;0;0;0;0;0;0;0;0;0;0;0;0;0;0;0;0;0;0
FR;9;2021-11-10;0;0;0;0;0;0;0;0;0;0;0;0;0;0;0;0;0;0
FR;9;2021-11-11;0;0;0;0;0;0;0;0;0;0;0;0;0;0;0;0;0;0
FR;9;2021-11-12;0;0;0;0;0;0;0;0;0;0;0;0;0;0;0;0;0;0
FR;9;2021-11-13;0;0;0;0;0;0;0;0;0;0;0;0;0;0;0;0;0;0
FR;9;2021-11-14;0;0;0;0;0;0;0;0;0;0;0;0;0;0;0;0;0;0
FR;9;2021-11-15;0;0;0;0;0;0;0;0;0;0;0;0;0;0;0;0;0;0
FR;9;2021-11-16;0;0;0;0;0;0;0;0;0;0;0;0;0;0;0;0;0;0
FR;9;2021-11-17;0;0;0;0;0;0;0;0;0;0;0;0;0;0;0;0;0;0
FR;9;2021-11-18;0;0;0;0;0;0;0;0;0;0;0;0;0;0;0;0;0;0
FR;9;2021-11-19;0;0;0;0;0;0;0;0;0;0;0;0;0;0;0;0;0;0
FR;9;2021-11-20;0;0;0;0;0;0;0;0;0;0;0;0;0;0;0;0;0;0
FR;9;2021-11-21;0;0;0;0;0;0;0;0;0;0;0;0;0;0;0;0;0;0
FR;9;2021-11-22;0;0;0;0;0;0;0;0;0;0;0;0;0;0;0;0;0;0
FR;9;2021-11-23;0;0;0;0;0;0;0;0;0;0;0;0;0;0;0;0;0;0
FR;9;2021-11-24;0;0;0;0;0;0;0;0;0;0;0;0;0;0;0;0;0;0
FR;9;2021-11-25;0;0;0;0;0;0;0;0;0;0;0;0;0;0;0;0;0;0
FR;9;2021-11-26;0;0;0;0;0;0;0;0;0;0;0;0;0;0;0;0;0;0
FR;9;2021-11-27;0;0;0;0;0;0;0;0;0;0;0;0;0;0;0;0;0;0
FR;9;2021-11-28;0;0;0;0;0;0;0;0;0;0;0;0;0;0;0;0;0;0
FR;9;2021-11-29;0;0;0;0;0;0;0;0;0;0;0;0;0;0;0;0;0;0
FR;9;2021-11-30;0;0;0;0;0;0;0;0;0;0;0;0;0;0;0;0;0;0
FR;9;2021-12-01;0;0;0;0;0;0;0;0;0;0;0;0;0;0;0;0;0;0
FR;9;2021-12-02;0;0;0;0;0;0;0;0;0;0;0;0;0;0;0;0;0;0
FR;9;2021-12-03;0;0;0;0;0;0;0;0;0;0;0;0;0;0;0;0;0;0
FR;9;2021-12-04;0;0;0;0;0;0;0;0;0;0;0;0;0;0;0;0;0;0
FR;9;2021-12-05;0;0;0;0;0;0;0;0;0;0;0;0;0;0;0;0;0;0
FR;9;2021-12-06;0;0;0;0;0;0;0;0;0;0;0;0;0;0;0;0;0;0
FR;9;2021-12-07;0;0;0;0;0;0;0;0;0;0;0;0;0;0;0;0;0;0
FR;9;2021-12-08;0;0;0;0;0;0;0;0;0;0;0;0;0;0;0;0;0;0
FR;9;2021-12-09;0;0;0;0;0;0;0;0;0;0;0;0;0;0;0;0;0;0
FR;9;2021-12-10;0;0;0;0;0;0;0;0;0;0;0;0;0;0;0;0;0;0
FR;9;2021-12-11;0;0;0;0;0;0;0;0;0;0;0;0;0;0;0;0;0;0
FR;9;2021-12-12;0;0;0;0;0;0;0;0;0;0;0;0;0;0;0;0;0;0
FR;9;2021-12-13;0;0;0;0;0;0;0;0;0;0;0;0;0;0;0;0;0;0
FR;9;2021-12-14;0;0;0;0;0;0;0;0;0;0;0;0;0;0;0;0;0;0
FR;9;2021-12-15;0;0;0;0;0;0;0;0;0;0;0;0;0;0;0;0;0;0
FR;9;2021-12-16;0;0;0;0;0;0;0;0;0;0;0;0;0;0;0;0;0;0
FR;9;2021-12-17;0;0;0;0;0;0;0;0;0;0;0;0;0;0;0;0;0;0
FR;9;2021-12-18;0;0;0;0;0;0;0;0;0;0;0;0;0;0;0;0;0;0
FR;9;2021-12-19;0;0;0;0;0;0;0;0;0;0;0;0;0;0;0;0;0;0
FR;9;2021-12-20;0;0;0;0;0;0;0;0;0;0;0;0;0;0;0;0;0;0
FR;9;2021-12-21;0;0;0;0;0;0;0;0;0;0;0;0;0;0;0;0;0;0
FR;9;2021-12-22;0;0;0;0;0;0;0;0;0;0;0;0;0;0;0;0;0;0
FR;9;2021-12-23;0;0;0;0;0;0;0;0;0;0;0;0;0;0;0;0;0;0
FR;9;2021-12-24;0;0;0;0;0;0;0;0;0;0;0;0;0;0;0;0;0;0
FR;9;2021-12-25;0;0;0;0;0;0;0;0;0;0;0;0;0;0;0;0;0;0
FR;9;2021-12-26;0;0;0;0;0;0;0;0;0;0;0;0;0;0;0;0;0;0
FR;9;2021-12-27;0;0;0;0;0;0;0;0;0;0;0;0;0;0;0;0;0;0
FR;9;2021-12-28;0;0;0;0;0;0;0;0;0;0;0;0;0;0;0;0;0;0
FR;9;2021-12-29;0;0;0;0;0;0;0;0;0;0;0;0;0;0;0;0;0;0
FR;9;2021-12-30;0;0;0;0;0;0;0;0;0;0;0;0;0;0;0;0;0;0
FR;9;2021-12-31;0;0;0;0;0;0;0;0;0;0;0;0;0;0;0;0;0;0
FR;9;2022-01-01;0;0;0;0;0;0;0;0;0;0;0;0;0;0;0;0;0;0
FR;9;2022-01-02;0;0;0;0;0;0;0;0;0;0;0;0;0;0;0;0;0;0
FR;9;2022-01-03;0;0;0;0;0;0;0;0;0;0;0;0;0;0;0;0;0;0
FR;9;2022-01-04;0;0;0;0;0;0;0;0;0;0;0;0;0;0;0;0;0;0
FR;9;2022-01-05;0;0;0;0;0;0;0;0;0;0;0;0;0;0;0;0;0;0
FR;9;2022-01-06;0;0;0;0;0;0;0;0;0;0;0;0;0;0;0;0;0;0
FR;9;2022-01-07;0;0;0;0;0;0;0;0;0;0;0;0;0;0;0;0;0;0
FR;9;2022-01-08;0;0;0;0;0;0;0;0;0;0;0;0;0;0;0;0;0;0
FR;9;2022-01-09;0;0;0;0;0;0;0;0;0;0;0;0;0;0;0;0;0;0
FR;9;2022-01-10;0;0;0;0;0;0;0;0;0;0;0;0;0;0;0;0;0;0
FR;9;2022-01-11;0;0;0;0;0;0;0;0;0;0;0;0;0;0;0;0;0;0
FR;9;2022-01-12;0;0;0;0;0;0;0;0;0;0;0;0;0;0;0;0;0;0
FR;9;2022-01-13;0;0;0;0;0;0;0;0;0;0;0;0;0;0;0;0;0;0
FR;9;2022-01-14;0;0;0;0;0;0;0;0;0;0;0;0;0;0;0;0;0;0
FR;9;2022-01-15;0;0;0;0;0;0;0;0;0;0;0;0;0;0;0;0;0;0
FR;9;2022-01-16;0;0;0;0;0;0;0;0;0;0;0;0;0;0;0;0;0;0
FR;9;2022-01-17;0;0;0;0;0;0;0;0;0;0;0;0;0;0;0;0;0;0
FR;9;2022-01-18;0;0;0;0;0;0;0;0;0;0;0;0;0;0;0;0;0;0
FR;9;2022-01-19;0;0;0;0;0;0;0;0;0;0;0;0;0;0;0;0;0;0
FR;9;2022-01-20;0;0;0;0;0;0;0;0;0;0;0;0;0;0;0;0;0;0
FR;9;2022-01-21;0;0;0;0;0;0;0;0;0;0;0;0;0;0;0;0;0;0
FR;9;2022-01-22;0;0;0;0;0;0;0;0;0;0;0;0;0;0;0;0;0;0
FR;9;2022-01-23;0;0;0;0;0;0;0;0;0;0;0;0;0;0;0;0;0;0
FR;9;2022-01-24;0;0;0;0;0;0;0;0;0;0;0;0;0;0;0;0;0;0
FR;9;2022-01-25;0;0;0;0;0;0;0;0;0;0;0;0;0;0;0;0;0;0
FR;9;2022-01-26;0;0;0;0;0;0;0;0;0;0;0;0;0;0;0;0;0;0
FR;9;2022-01-27;0;0;0;0;0;0;0;0;0;0;0;0;0;0;0;0;0;0
FR;9;2022-01-28;0;0;0;0;0;0;0;0;0;0;0;0;0;0;0;0;0;0
FR;9;2022-01-29;0;0;0;0;0;0;0;0;0;0;0;0;0;0;0;0;0;0
FR;9;2022-01-30;0;0;0;0;0;0;0;0;0;0;0;0;0;0;0;0;0;0
FR;9;2022-01-31;0;0;0;0;0;0;0;0;0;0;0;0;0;0;0;0;0;0
FR;9;2022-02-01;0;0;0;0;0;0;0;0;0;0;0;0;0;0;0;0;0;0
FR;9;2022-02-02;0;0;0;0;0;0;0;0;0;0;0;0;0;0;0;0;0;0
FR;9;2022-02-03;0;0;0;0;0;0;0;0;0;0;0;0;0;0;0;0;0;0
FR;9;2022-02-04;0;0;0;0;0;0;0;0;0;0;0;0;0;0;0;0;0;0
FR;9;2022-02-05;0;0;0;0;0;0;0;0;0;0;0;0;0;0;0;0;0;0
FR;9;2022-02-06;0;0;0;0;0;0;0;0;0;0;0;0;0;0;0;0;0;0
FR;9;2022-02-07;0;0;0;0;0;0;0;0;0;0;0;0;0;0;0;0;0;0
FR;9;2022-02-08;0;0;0;0;0;0;0;0;0;0;0;0;0;0;0;0;0;0
FR;9;2022-02-09;0;0;0;0;0;0;0;0;0;0;0;0;0;0;0;0;0;0
FR;9;2022-02-10;0;0;0;0;0;0;0;0;0;0;0;0;0;0;0;0;0;0
FR;9;2022-02-11;0;0;0;0;0;0;0;0;0;0;0;0;0;0;0;0;0;0
FR;9;2022-02-12;0;0;0;0;0;0;0;0;0;0;0;0;0;0;0;0;0;0
FR;9;2022-02-13;0;0;0;0;0;0;0;0;0;0;0;0;0;0;0;0;0;0
FR;9;2022-02-14;0;0;0;0;0;0;0;0;0;0;0;0;0;0;0;0;0;0
FR;9;2022-02-15;0;0;0;0;0;0;0;0;0;0;0;0;0;0;0;0;0;0
FR;9;2022-02-16;0;0;0;0;0;0;0;0;0;0;0;0;0;0;0;0;0;0
FR;9;2022-02-17;0;0;0;0;0;0;0;0;0;0;0;0;0;0;0;0;0;0
FR;9;2022-02-18;0;0;0;0;0;0;0;0;0;0;0;0;0;0;0;0;0;0
FR;9;2022-02-19;0;0;0;0;0;0;0;0;0;0;0;0;0;0;0;0;0;0
FR;9;2022-02-20;0;0;0;0;0;0;0;0;0;0;0;0;0;0;0;0;0;0
FR;9;2022-02-21;0;0;0;0;0;0;0;0;0;0;0;0;0;0;0;0;0;0
FR;9;2022-02-22;0;0;0;0;0;0;0;0;0;0;0;0;0;0;0;0;0;0
FR;9;2022-02-23;0;0;0;0;0;0;0;0;0;0;0;0;0;0;0;0;0;0
FR;9;2022-02-24;0;0;0;0;0;0;0;0;0;0;0;0;0;0;0;0;0;0
FR;9;2022-02-25;0;0;0;0;0;0;0;0;0;0;0;0;0;0;0;0;0;0
FR;9;2022-02-26;0;0;0;0;0;0;0;0;0;0;0;0;0;0;0;0;0;0
FR;9;2022-02-27;0;0;0;0;0;0;0;0;0;0;0;0;0;0;0;0;0;0
FR;9;2022-02-28;0;0;0;0;0;0;0;0;0;0;0;0;0;0;0;0;0;0
FR;9;2022-03-01;0;0;0;0;0;0;0;0;0;0;0;0;0;0;0;0;0;0
FR;9;2022-03-02;0;0;0;0;0;0;0;0;0;0;0;0;0;0;0;0;0;0
FR;9;2022-03-03;0;0;0;0;0;0;0;0;0;0;0;0;0;0;0;0;0;0
FR;9;2022-03-04;0;0;0;0;0;0;0;0;0;0;0;0;0;0;0;0;0;0
FR;9;2022-03-05;0;0;0;0;0;0;0;0;0;0;0;0;0;0;0;0;0;0
FR;9;2022-03-06;0;0;0;0;0;0;0;0;0;0;0;0;0;0;0;0;0;0
FR;9;2022-03-07;0;0;0;0;0;0;0;0;0;0;0;0;0;0;0;0;0;0
FR;9;2022-03-08;0;0;0;0;0;0;0;0;0;0;0;0;0;0;0;0;0;0
FR;9;2022-03-09;0;0;0;0;0;0;0;0;0;0;0;0;0;0;0;0;0;0
FR;9;2022-03-10;0;0;0;0;0;0;0;0;0;0;0;0;0;0;0;0;0;0
FR;9;2022-03-11;0;0;0;0;0;0;0;0;0;0;0;0;0;0;0;0;0;0
FR;9;2022-03-12;0;0;0;0;0;0;0;0;0;0;0;0;0;0;0;0;0;0
FR;9;2022-03-13;0;0;0;0;0;0;0;0;0;0;0;0;0;0;0;0;0;0
FR;9;2022-03-14;0;0;0;0;0;0;0;0;0;0;0;0;0;0;0;0;0;0
FR;9;2022-03-15;0;0;0;0;0;0;0;0;0;0;0;0;0;0;0;0;0;0
FR;9;2022-03-16;0;0;0;0;0;0;0;0;0;0;0;0;0;0;0;0;0;0
FR;9;2022-03-17;0;0;0;0;0;0;0;0;0;0;0;0;0;0;0;0;0;0
FR;9;2022-03-18;0;0;0;0;0;0;0;0;0;0;0;0;0;0;0;0;0;0
FR;9;2022-03-19;0;0;0;0;0;0;0;0;0;0;0;0;0;0;0;0;0;0
FR;9;2022-03-20;0;0;0;0;0;0;0;0;0;0;0;0;0;0;0;0;0;0
FR;9;2022-03-21;0;0;0;0;0;0;0;0;0;0;0;0;0;0;0;0;0;0
FR;9;2022-03-22;0;0;0;0;0;0;0;0;0;0;0;0;0;0;0;0;0;0
FR;9;2022-03-23;0;0;0;0;0;0;0;0;0;0;0;0;0;0;0;0;0;0
FR;9;2022-03-24;0;0;0;0;0;0;0;0;0;0;0;0;0;0;0;0;0;0
FR;9;2022-03-25;0;0;0;0;0;0;0;0;0;0;0;0;0;0;0;0;0;0
FR;9;2022-03-26;0;0;0;0;0;0;0;0;0;0;0;0;0;0;0;0;0;0
FR;9;2022-03-27;0;0;0;0;0;0;0;0;0;0;0;0;0;0;0;0;0;0
FR;9;2022-03-28;0;0;0;0;0;0;0;0;0;0;0;0;0;0;0;0;0;0
FR;9;2022-03-29;0;0;0;0;0;0;0;0;0;0;0;0;0;0;0;0;0;0
FR;9;2022-03-30;0;0;0;0;0;0;0;0;0;0;0;0;0;0;0;0;0;0
FR;9;2022-03-31;0;0;0;0;0;0;0;0;0;0;0;0;0;0;0;0;0;0
FR;9;2022-04-01;0;0;0;0;0;0;0;0;0;0;0;0;0;0;0;0;0;0
FR;9;2022-04-02;0;0;0;0;0;0;0;0;0;0;0;0;0;0;0;0;0;0
FR;9;2022-04-03;0;0;0;0;0;0;0;0;0;0;0;0;0;0;0;0;0;0
FR;9;2022-04-04;0;0;0;0;0;0;0;0;0;0;0;0;0;0;0;0;0;0
FR;9;2022-04-05;0;0;0;0;0;0;0;0;0;0;0;0;0;0;0;0;0;0
FR;9;2022-04-06;0;0;0;0;0;0;0;0;0;0;0;0;0;0;0;0;0;0
FR;9;2022-04-07;0;0;0;0;0;0;0;0;0;0;0;0;0;0;0;0;0;0
FR;9;2022-04-08;0;0;0;0;0;0;0;0;0;0;0;0;0;0;0;0;0;0
FR;9;2022-04-09;0;0;0;0;0;0;0;0;0;0;0;0;0;0;0;0;0;0
FR;9;2022-04-10;0;0;0;0;0;0;0;0;0;0;0;0;0;0;0;0;0;0
FR;9;2022-04-11;0;0;0;0;0;0;0;0;0;0;0;0;0;0;0;0;0;0
FR;9;2022-04-12;0;0;0;0;0;0;0;0;0;0;0;0;0;0;0;0;0;0
FR;9;2022-04-13;0;0;0;0;0;0;0;0;0;0;0;0;0;0;0;0;0;0
FR;9;2022-04-14;0;0;0;0;0;0;0;0;0;0;0;0;0;0;0;0;0;0
FR;9;2022-04-15;0;0;0;0;0;0;0;0;0;0;0;0;0;0;0;0;0;0
FR;9;2022-04-16;0;0;0;0;0;0;0;0;0;0;0;0;0;0;0;0;0;0
FR;9;2022-04-17;0;0;0;0;0;0;0;0;0;0;0;0;0;0;0;0;0;0
FR;9;2022-04-18;0;0;0;0;0;0;0;0;0;0;0;0;0;0;0;0;0;0
FR;9;2022-04-19;0;0;0;0;0;0;0;0;0;0;0;0;0;0;0;0;0;0
FR;9;2022-04-20;0;0;0;0;0;0;0;0;0;0;0;0;0;0;0;0;0;0
FR;9;2022-04-21;0;0;0;0;0;0;0;0;0;0;0;0;0;0;0;0;0;0
FR;9;2022-04-22;0;0;0;0;0;0;0;0;0;0;0;0;0;0;0;0;0;0
FR;9;2022-04-23;0;0;0;0;0;0;0;0;0;0;0;0;0;0;0;0;0;0
FR;9;2022-04-24;0;0;0;0;0;0;0;0;0;0;0;0;0;0;0;0;0;0
FR;9;2022-04-25;0;0;0;0;0;0;0;0;0;0;0;0;0;0;0;0;0;0
FR;9;2022-04-26;0;0;0;0;0;0;0;0;0;0;0;0;0;0;0;0;0;0
FR;9;2022-04-27;0;0;0;0;0;0;0;0;0;0;0;0;0;0;0;0;0;0
FR;9;2022-04-28;0;0;0;0;0;0;0;0;0;0;0;0;0;0;0;0;0;0
FR;9;2022-04-29;0;0;0;0;0;0;0;0;0;0;0;0;0;0;0;0;0;0
FR;9;2022-04-30;0;0;0;0;0;0;0;0;0;0;0;0;0;0;0;0;0;0
FR;9;2022-05-01;0;0;0;0;0;0;0;0;0;0;0;0;0;0;0;0;0;0
FR;9;2022-05-02;0;0;0;0;0;0;0;0;0;0;0;0;0;0;0;0;0;0
FR;9;2022-05-03;0;0;0;0;0;0;0;0;0;0;0;0;0;0;0;0;0;0
FR;9;2022-05-04;0;0;0;0;0;0;0;0;0;0;0;0;0;0;0;0;0;0
FR;9;2022-05-05;0;0;0;0;0;0;0;0;0;0;0;0;0;0;0;0;0;0
FR;9;2022-05-06;0;0;0;0;0;0;0;0;0;0;0;0;0;0;0;0;0;0
FR;9;2022-05-07;0;0;0;0;0;0;0;0;0;0;0;0;0;0;0;0;0;0
FR;9;2022-05-08;0;0;0;0;0;0;0;0;0;0;0;0;0;0;0;0;0;0
FR;9;2022-05-09;0;0;0;0;0;0;0;0;0;0;0;0;0;0;0;0;0;0
FR;9;2022-05-10;0;0;0;0;0;0;0;0;0;0;0;0;0;0;0;0;0;0
FR;9;2022-05-11;0;0;0;0;0;0;0;0;0;0;0;0;0;0;0;0;0;0
FR;9;2022-05-12;0;0;0;0;0;0;0;0;0;0;0;0;0;0;0;0;0;0
FR;9;2022-05-13;0;0;0;0;0;0;0;0;0;0;0;0;0;0;0;0;0;0
FR;9;2022-05-14;0;0;0;0;0;0;0;0;0;0;0;0;0;0;0;0;0;0
FR;9;2022-05-15;0;0;0;0;0;0;0;0;0;0;0;0;0;0;0;0;0;0
FR;9;2022-05-16;0;0;0;0;0;0;0;0;0;0;0;0;0;0;0;0;0;0
FR;9;2022-05-17;0;0;0;0;0;0;0;0;0;0;0;0;0;0;0;0;0;0
FR;9;2022-05-18;0;0;0;0;0;0;0;0;0;0;0;0;0;0;0;0;0;0
FR;9;2022-05-19;0;0;0;0;0;0;0;0;0;0;0;0;0;0;0;0;0;0
FR;9;2022-05-20;0;0;0;0;0;0;0;0;0;0;0;0;0;0;0;0;0;0
FR;9;2022-05-21;0;0;0;0;0;0;0;0;0;0;0;0;0;0;0;0;0;0
FR;9;2022-05-22;0;0;0;0;0;0;0;0;0;0;0;0;0;0;0;0;0;0
FR;9;2022-05-23;0;0;0;0;0;0;0;0;0;0;0;0;0;0;0;0;0;0
FR;9;2022-05-24;0;0;0;0;0;0;0;0;0;0;0;0;0;0;0;0;0;0
FR;9;2022-05-25;0;0;0;0;0;0;0;0;0;0;0;0;0;0;0;0;0;0
FR;9;2022-05-26;0;0;0;0;0;0;0;0;0;0;0;0;0;0;0;0;0;0
FR;9;2022-05-27;0;0;0;0;0;0;0;0;0;0;0;0;0;0;0;0;0;0
FR;9;2022-05-28;0;0;0;0;0;0;0;0;0;0;0;0;0;0;0;0;0;0
FR;9;2022-05-29;0;0;0;0;0;0;0;0;0;0;0;0;0;0;0;0;0;0
FR;9;2022-05-30;0;0;0;0;0;0;0;0;0;0;0;0;0;0;0;0;0;0
FR;9;2022-05-31;0;0;0;0;0;0;0;0;0;0;0;0;0;0;0;0;0;0
FR;9;2022-06-01;0;0;0;0;0;0;0;0;0;0;0;0;0;0;0;0;0;0
FR;9;2022-06-02;0;0;0;0;0;0;0;0;0;0;0;0;0;0;0;0;0;0
FR;9;2022-06-03;0;0;0;0;0;0;0;0;0;0;0;0;0;0;0;0;0;0
FR;9;2022-06-04;0;0;0;0;0;0;0;0;0;0;0;0;0;0;0;0;0;0
FR;9;2022-06-05;0;0;0;0;0;0;0;0;0;0;0;0;0;0;0;0;0;0
FR;9;2022-06-06;0;0;0;0;0;0;0;0;0;0;0;0;0;0;0;0;0;0
FR;9;2022-06-07;0;0;0;0;0;0;0;0;0;0;0;0;0;0;0;0;0;0
FR;9;2022-06-08;0;0;0;0;0;0;0;0;0;0;0;0;0;0;0;0;0;0
FR;9;2022-06-09;0;0;0;0;0;0;0;0;0;0;0;0;0;0;0;0;0;0
FR;9;2022-06-10;0;0;0;0;0;0;0;0;0;0;0;0;0;0;0;0;0;0
FR;9;2022-06-11;0;0;0;0;0;0;0;0;0;0;0;0;0;0;0;0;0;0
FR;9;2022-06-12;0;0;0;0;0;0;0;0;0;0;0;0;0;0;0;0;0;0
FR;9;2022-06-13;0;0;0;0;0;0;0;0;0;0;0;0;0;0;0;0;0;0
FR;9;2022-06-14;0;0;0;0;0;0;0;0;0;0;0;0;0;0;0;0;0;0
FR;9;2022-06-15;0;0;0;0;0;0;0;0;0;0;0;0;0;0;0;0;0;0
FR;9;2022-06-16;0;0;0;0;0;0;0;0;0;0;0;0;0;0;0;0;0;0
FR;9;2022-06-17;0;0;0;0;0;0;0;0;0;0;0;0;0;0;0;0;0;0
FR;9;2022-06-18;0;0;0;0;0;0;0;0;0;0;0;0;0;0;0;0;0;0
FR;9;2022-06-19;0;0;0;0;0;0;0;0;0;0;0;0;0;0;0;0;0;0
FR;9;2022-06-20;0;0;0;0;0;0;0;0;0;0;0;0;0;0;0;0;0;0
FR;9;2022-06-21;0;0;0;0;0;0;0;0;0;0;0;0;0;0;0;0;0;0
FR;9;2022-06-22;0;0;0;0;0;0;0;0;0;0;0;0;0;0;0;0;0;0
FR;9;2022-06-23;0;0;0;0;0;0;0;0;0;0;0;0;0;0;0;0;0;0
FR;9;2022-06-24;0;0;0;0;0;0;0;0;0;0;0;0;0;0;0;0;0;0
FR;9;2022-06-25;0;0;0;0;0;0;0;0;0;0;0;0;0;0;0;0;0;0
FR;9;2022-06-26;0;0;0;0;0;0;0;0;0;0;0;0;0;0;0;0;0;0
FR;9;2022-06-27;0;0;0;0;0;0;0;0;0;0;0;0;0;0;0;0;0;0
FR;9;2022-06-28;0;0;0;0;0;0;0;0;0;0;0;0;0;0;0;0;0;0
FR;9;2022-06-29;0;0;0;0;0;0;0;0;0;0;0;0;0;0;0;0;0;0
FR;9;2022-06-30;0;0;0;0;0;0;0;0;0;0;0;0;0;0;0;0;0;0
FR;9;2022-07-01;0;0;0;0;0;0;0;0;0;0;0;0;0;0;0;0;0;0
FR;9;2022-07-02;0;0;0;0;0;0;0;0;0;0;0;0;0;0;0;0;0;0
FR;9;2022-07-03;0;0;0;0;0;0;0;0;0;0;0;0;0;0;0;0;0;0
FR;9;2022-07-04;0;0;0;0;0;0;0;0;0;0;0;0;0;0;0;0;0;0
FR;9;2022-07-05;0;0;0;0;0;0;0;0;0;0;0;0;0;0;0;0;0;0
FR;9;2022-07-06;0;0;0;0;0;0;0;0;0;0;0;0;0;0;0;0;0;0
FR;9;2022-07-07;0;0;0;0;0;0;0;0;0;0;0;0;0;0;0;0;0;0
FR;9;2022-07-08;0;0;0;0;0;0;0;0;0;0;0;0;0;0;0;0;0;0
FR;9;2022-07-09;0;0;0;0;0;0;0;0;0;0;0;0;0;0;0;0;0;0
FR;9;2022-07-10;0;0;0;0;0;0;0;0;0;0;0;0;0;0;0;0;0;0
FR;9;2022-07-11;0;0;0;0;0;0;0;0;0;0;0;0;0;0;0;0;0;0
FR;9;2022-07-12;0;0;0;0;0;0;0;0;0;0;0;0;0;0;0;0;0;0
FR;9;2022-07-13;0;0;0;0;0;0;0;0;0;0;0;0;0;0;0;0;0;0
FR;9;2022-07-14;0;0;0;0;0;0;0;0;0;0;0;0;0;0;0;0;0;0
FR;9;2022-07-15;0;0;0;0;0;0;0;0;0;0;0;0;0;0;0;0;0;0
FR;9;2022-07-16;0;0;0;0;0;0;0;0;0;0;0;0;0;0;0;0;0;0
FR;9;2022-07-17;0;0;0;0;0;0;0;0;0;0;0;0;0;0;0;0;0;0
FR;9;2022-07-18;0;0;0;0;0;0;0;0;0;0;0;0;0;0;0;0;0;0
FR;9;2022-07-19;0;0;0;0;0;0;0;0;0;0;0;0;0;0;0;0;0;0
FR;9;2022-07-20;0;0;0;0;0;0;0;0;0;0;0;0;0;0;0;0;0;0
FR;9;2022-07-21;0;0;0;0;0;0;0;0;0;0;0;0;0;0;0;0;0;0
FR;9;2022-07-22;0;0;0;0;0;0;0;0;0;0;0;0;0;0;0;0;0;0
FR;9;2022-07-23;0;0;0;0;0;0;0;0;0;0;0;0;0;0;0;0;0;0
FR;9;2022-07-24;0;0;0;0;0;0;0;0;0;0;0;0;0;0;0;0;0;0
FR;9;2022-07-25;0;0;0;0;0;0;0;0;0;0;0;0;0;0;0;0;0;0
FR;9;2022-07-26;0;0;0;0;0;0;0;0;0;0;0;0;0;0;0;0;0;0
FR;9;2022-07-27;0;0;0;0;0;0;0;0;0;0;0;0;0;0;0;0;0;0
FR;9;2022-07-28;0;0;0;0;0;0;0;0;0;0;0;0;0;0;0;0;0;0
FR;9;2022-07-29;0;0;0;0;0;0;0;0;0;0;0;0;0;0;0;0;0;0
FR;9;2022-07-30;0;0;0;0;0;0;0;0;0;0;0;0;0;0;0;0;0;0
FR;9;2022-07-31;0;0;0;0;0;0;0;0;0;0;0;0;0;0;0;0;0;0
FR;9;2022-08-01;0;0;0;0;0;0;0;0;0;0;0;0;0;0;0;0;0;0
FR;9;2022-08-02;0;0;0;0;0;0;0;0;0;0;0;0;0;0;0;0;0;0
FR;9;2022-08-03;0;0;0;0;0;0;0;0;0;0;0;0;0;0;0;0;0;0
FR;9;2022-08-04;0;0;0;0;0;0;0;0;0;0;0;0;0;0;0;0;0;0
FR;9;2022-08-05;0;0;0;0;0;0;0;0;0;0;0;0;0;0;0;0;0;0
FR;9;2022-08-06;0;0;0;0;0;0;0;0;0;0;0;0;0;0;0;0;0;0
FR;9;2022-08-07;0;0;0;0;0;0;0;0;0;0;0;0;0;0;0;0;0;0
FR;9;2022-08-08;0;0;0;0;0;0;0;0;0;0;0;0;0;0;0;0;0;0
FR;9;2022-08-09;0;0;0;0;0;0;0;0;0;0;0;0;0;0;0;0;0;0
FR;9;2022-08-10;0;0;0;0;0;0;0;0;0;0;0;0;0;0;0;0;0;0
FR;9;2022-08-11;0;0;0;0;0;0;0;0;0;0;0;0;0;0;0;0;0;0
FR;9;2022-08-12;0;0;0;0;0;0;0;0;0;0;0;0;0;0;0;0;0;0
FR;9;2022-08-13;0;0;0;0;0;0;0;0;0;0;0;0;0;0;0;0;0;0
FR;9;2022-08-14;0;0;0;0;0;0;0;0;0;0;0;0;0;0;0;0;0;0
FR;9;2022-08-15;0;0;0;0;0;0;0;0;0;0;0;0;0;0;0;0;0;0
FR;9;2022-08-16;0;0;0;0;0;0;0;0;0;0;0;0;0;0;0;0;0;0
FR;9;2022-08-17;0;0;0;0;0;0;0;0;0;0;0;0;0;0;0;0;0;0
FR;9;2022-08-18;0;0;0;0;0;0;0;0;0;0;0;0;0;0;0;0;0;0
FR;9;2022-08-19;0;0;0;0;0;0;0;0;0;0;0;0;0;0;0;0;0;0
FR;9;2022-08-20;0;0;0;0;0;0;0;0;0;0;0;0;0;0;0;0;0;0
FR;9;2022-08-21;0;0;0;0;0;0;0;0;0;0;0;0;0;0;0;0;0;0
FR;9;2022-08-22;0;0;0;0;0;0;0;0;0;0;0;0;0;0;0;0;0;0
FR;9;2022-08-23;0;0;0;0;0;0;0;0;0;0;0;0;0;0;0;0;0;0
FR;9;2022-08-24;0;0;0;0;0;0;0;0;0;0;0;0;0;0;0;0;0;0
FR;9;2022-08-25;0;0;0;0;0;0;0;0;0;0;0;0;0;0;0;0;0;0
FR;9;2022-08-26;0;0;0;0;0;0;0;0;0;0;0;0;0;0;0;0;0;0
FR;9;2022-08-27;0;0;0;0;0;0;0;0;0;0;0;0;0;0;0;0;0;0
FR;9;2022-08-28;0;0;0;0;0;0;0;0;0;0;0;0;0;0;0;0;0;0
FR;9;2022-08-29;0;0;0;0;0;0;0;0;0;0;0;0;0;0;0;0;0;0
FR;9;2022-08-30;0;0;0;0;0;0;0;0;0;0;0;0;0;0;0;0;0;0
FR;9;2022-08-31;0;0;0;0;0;0;0;0;0;0;0;0;0;0;0;0;0;0
FR;9;2022-09-01;0;0;0;0;0;0;0;0;0;0;0;0;0;0;0;0;0;0
FR;9;2022-09-02;0;0;0;0;0;0;0;0;0;0;0;0;0;0;0;0;0;0
FR;9;2022-09-03;0;0;0;0;0;0;0;0;0;0;0;0;0;0;0;0;0;0
FR;9;2022-09-04;0;0;0;0;0;0;0;0;0;0;0;0;0;0;0;0;0;0
FR;9;2022-09-05;0;0;0;0;0;0;0;0;0;0;0;0;0;0;0;0;0;0
FR;9;2022-09-06;0;0;0;0;0;0;0;0;0;0;0;0;0;0;0;0;0;0
FR;9;2022-09-07;0;0;0;0;0;0;0;0;0;0;0;0;0;0;0;0;0;0
FR;9;2022-09-08;0;0;0;0;0;0;0;0;0;0;0;0;0;0;0;0;0;0
FR;9;2022-09-09;0;0;0;0;0;0;0;0;0;0;0;0;0;0;0;0;0;0
FR;9;2022-09-10;0;0;0;0;0;0;0;0;0;0;0;0;0;0;0;0;0;0
FR;9;2022-09-11;0;0;0;0;0;0;0;0;0;0;0;0;0;0;0;0;0;0
FR;9;2022-09-12;0;0;0;0;0;0;0;0;0;0;0;0;0;0;0;0;0;0
FR;9;2022-09-13;0;0;0;0;0;0;0;0;0;0;0;0;0;0;0;0;0;0
FR;9;2022-09-14;0;0;0;0;0;0;0;0;0;0;0;0;0;0;0;0;0;0
FR;9;2022-09-15;0;0;0;0;0;0;0;0;0;0;0;0;0;0;0;0;0;0
FR;9;2022-09-16;0;0;0;0;0;0;0;0;0;0;0;0;0;0;0;0;0;0
FR;9;2022-09-17;0;0;0;0;0;0;0;0;0;0;0;0;0;0;0;0;0;0
FR;9;2022-09-18;0;0;0;0;0;0;0;0;0;0;0;0;0;0;0;0;0;0
FR;9;2022-09-19;0;0;0;0;0;0;0;0;0;0;0;0;0;0;0;0;0;0
FR;9;2022-09-20;0;0;0;0;0;0;0;0;0;0;0;0;0;0;0;0;0;0
FR;9;2022-09-21;0;0;0;0;0;0;0;0;0;0;0;0;0;0;0;0;0;0
FR;9;2022-09-22;0;0;0;0;0;0;0;0;0;0;0;0;0;0;0;0;0;0
FR;9;2022-09-23;0;0;0;0;0;0;0;0;0;0;0;0;0;0;0;0;0;0
FR;9;2022-09-24;0;0;0;0;0;0;0;0;0;0;0;0;0;0;0;0;0;0
FR;9;2022-09-25;0;0;0;0;0;0;0;0;0;0;0;0;0;0;0;0;0;0
FR;9;2022-09-26;0;0;0;0;0;0;0;0;0;0;0;0;0;0;0;0;0;0
FR;9;2022-09-27;0;0;0;0;0;0;0;0;0;0;0;0;0;0;0;0;0;0
FR;9;2022-09-28;0;0;0;0;0;0;0;0;0;0;0;0;0;0;0;0;0;0
FR;9;2022-09-29;1;1;8;31;0;6;33;41;2;1;1;8;31;0;6;33;41;2
FR;9;2022-09-30;5;12;60;606;6;47;613;713;51;6;13;68;637;6;53;646;754;53
FR;9;2022-10-01;9;1;43;327;2;26;335;396;35;15;14;111;964;8;79;981;1150;88
FR;9;2022-10-02;1;1;5;50;0;4;51;66;11;16;15;116;1014;8;83;1032;1216;99
FR;9;2022-10-03;10;16;151;1713;10;129;1707;2073;234;26;31;267;2727;18;212;2739;3289;333
FR;9;2022-10-04;20;48;353;3952;18;228;4020;4702;450;46;79;620;6679;36;440;6759;7991;783
FR;9;2022-10-05;27;19;269;2997;16;203;3010;3655;433;73;98;889;9676;52;643;9769;11646;1216
FR;9;2022-10-06;23;34;399;4598;17;300;4631;5608;672;96;132;1288;14274;69;943;14400;17254;1888
FR;9;2022-10-07;29;50;499;5704;19;384;5718;7027;923;125;182;1787;19978;88;1327;20118;24281;2811
FR;9;2022-10-08;10;18;128;1090;8;86;1108;1388;190;135;200;1915;21068;96;1413;21226;25669;3001
FR;9;2022-10-09;1;7;22;197;1;29;198;277;50;136;207;1937;21265;97;1442;21424;25946;3051
FR;9;2022-10-10;11;26;207;2572;14;181;2576;3296;533;147;233;2144;23837;111;1623;24000;29242;3584
FR;9;2022-10-11;31;40;424;5043;27;312;5024;6197;851;178;273;2568;28880;138;1935;29024;35439;4435
FR;9;2022-10-12;22;26;297;2987;16;212;3044;3830;572;200;299;2865;31867;154;2147;32068;39269;5007
FR;9;2022-10-13;25;42;374;3980;16;245;4036;5027;740;225;341;3239;35847;170;2392;36104;44296;5747
FR;9;2022-10-14;27;26;381;4427;12;293;4411;5553;838;252;367;3620;40274;182;2685;40515;49849;6585
FR;9;2022-10-15;14;8;101;1051;7;79;1028;1307;198;266;375;3721;41325;189;2764;41543;51156;6783
FR;9;2022-10-16;4;1;9;131;2;12;125;167;28;270;376;3730;41456;191;2776;41668;51323;6811
FR;9;2022-10-17;4;22;165;1875;11;127;1883;2492;475;274;398;3895;43331;202;2903;43551;53815;7286
FR;9;2022-10-18;36;28;316;3429;17;235;3453;4652;955;310;426;4211;46760;219;3138;47004;58467;8241
FR;9;2022-10-19;22;19;262;2687;16;174;2717;3725;819;332;445;4473;49447;235;3312;49721;62192;9060
FR;9;2022-10-20;21;22;308;3625;8;232;3626;4798;932;353;467;4781;53072;243;3544;53347;66990;9992
FR;9;2022-10-21;14;31;324;3525;10;226;3543;4636;859;367;498;5105;56597;253;3770;56890;71626;10851
FR;9;2022-10-22;10;11;90;914;8;62;919;1193;207;377;509;5195;57511;261;3832;57809;72819;11058
FR;9;2022-10-23;2;2;17;99;2;10;104;147;33;379;511;5212;57610;263;3842;57913;72966;11091
FR;9;2022-10-24;7;17;158;1362;6;104;1430;1934;395;386;528;5370;58972;269;3946;59343;74900;11486
FR;9;2022-10-25;18;22;227;2837;16;188;2846;3908;871;404;550;5597;61809;285;4134;62189;78808;12357
FR;9;2022-10-26;14;16;169;1797;13;123;1810;2519;584;418;566;5766;63606;298;4257;63999;81327;12941
FR;9;2022-10-27;9;26;230;2291;15;173;2324;3170;662;427;592;5996;65897;313;4430;66323;84497;13603
FR;9;2022-10-28;18;27;224;2277;17;151;2303;3141;680;445;619;6220;68174;330;4581;68626;87638;14283
FR;9;2022-10-29;12;8;55;505;5;46;496;662;119;457;627;6275;68679;335;4627;69122;88300;14402
FR;9;2022-10-30;2;1;8;58;1;8;58;82;16;459;628;6283;68737;336;4635;69180;88382;14418
FR;9;2022-10-31;13;7;105;658;9;59;693;986;232;472;635;6388;69395;345;4694;69873;89368;14650
FR;9;2022-11-01;1;1;15;43;0;11;49;71;11;473;636;6403;69438;345;4705;69922;89439;14661
FR;9;2022-11-02;7;12;102;1025;4;76;1043;1574;451;480;648;6505;70463;349;4781;70965;91013;15112
FR;9;2022-11-03;17;17;155;1583;15;90;1631;2325;594;497;665;6660;72046;364;4871;72596;93338;15706
FR;9;2022-11-04;21;19;193;1746;15;120;1795;2521;601;518;684;6853;73792;379;4991;74391;95859;16307
FR;9;2022-11-05;8;10;58;403;9;39;424;573;107;526;694;6911;74195;388;5030;74815;96432;16414
FR;9;2022-11-06;5;4;5;61;6;2;60;87;25;531;698;6916;74256;394;5032;74875;96519;16439
FR;9;2022-11-07;16;19;88;923;16;109;929;1468;424;547;717;7004;75179;410;5141;75804;97987;16863
FR;9;2022-11-08;10;19;164;1800;13;132;1795;2634;702;557;736;7168;76979;423;5273;77599;100621;17565
FR;9;2022-11-09;16;16;123;1260;9;98;1321;1877;453;573;752;7291;78239;432;5371;78920;102498;18018
FR;9;2022-11-10;13;21;158;1620;13;137;1613;2272;518;586;773;7449;79859;445;5508;80533;104770;18536
FR;9;2022-11-11;1;1;13;81;1;6;83;123;34;587;774;7462;79940;446;5514;80616;104893;18570
FR;9;2022-11-12;5;8;44;259;7;19;278;395;97;592;782;7506;80199;453;5533;80894;105288;18667
FR;9;2022-11-13;2;0;4;30;0;4;31;51;16;594;782;7510;80229;453;5537;80925;105339;18683
FR;9;2022-11-14;11;12;56;707;11;44;722;1107;338;605;794;7566;80936;464;5581;81647;106446;19021
FR;9;2022-11-15;18;16;146;1322;7;103;1329;2074;636;623;810;7712;82258;471;5684;82976;108520;19657
FR;9;2022-11-16;10;4;99;979;7;58;997;1488;429;633;814;7811;83237;478;5742;83973;110008;20086
FR;9;2022-11-17;9;16;125;1079;11;76;1104;1685;500;642;830;7936;84316;489;5818;85077;111693;20586
FR;9;2022-11-18;7;16;119;1436;5;77;1451;2021;491;649;846;8055;85752;494;5895;86528;113714;21077
FR;9;2022-11-19;3;5;50;364;1;27;350;488;106;652;851;8105;86116;495;5922;86878;114202;21183
FR;9;2022-11-20;1;0;5;37;0;3;35;54;16;653;851;8110;86153;495;5925;86913;114256;21199
FR;9;2022-11-21;9;12;67;636;5;52;639;961;263;662;863;8177;86789;500;5977;87552;115217;21462
FR;9;2022-11-22;15;12;121;1037;13;74;1067;1591;448;677;875;8298;87826;513;6051;88619;116808;21910
FR;9;2022-11-23;7;10;67;716;5;33;742;1140;360;684;885;8365;88542;518;6084;89361;117948;22270
FR;9;2022-11-24;8;19;93;977;14;68;990;1470;406;692;904;8458;89519;532;6152;90351;119418;22676
FR;9;2022-11-25;8;10;106;1173;8;81;1189;1742;471;700;914;8564;90692;540;6233;91540;121160;23147
FR;9;2022-11-26;6;6;35;217;7;24;211;307;68;706;920;8599;90909;547;6257;91751;121467;23215
FR;9;2022-11-27;1;1;6;42;0;2;46;82;34;707;921;8605;90951;547;6259;91797;121549;23249
FR;9;2022-11-28;5;7;98;689;7;57;716;1107;329;712;928;8703;91640;554;6316;92513;122656;23578
FR;9;2022-11-29;5;17;139;1295;6;87;1322;1930;516;717;945;8842;92935;560;6403;93835;124586;24094
FR;9;2022-11-30;9;12;99;1026;5;76;1049;1599;469;726;957;8941;93961;565;6479;94884;126185;24563
FR;9;2022-12-01;16;14;111;1329;8;80;1314;1938;540;742;971;9052;95290;573;6559;96198;128123;25103
FR;9;2022-12-02;10;13;192;1815;10;107;1815;2626;698;752;984;9244;97105;583;6666;98013;130749;25801
FR;9;2022-12-03;7;9;78;617;5;40;631;884;207;759;993;9322;97722;588;6706;98644;131633;26008
FR;9;2022-12-04;9;4;15;105;5;8;105;153;40;768;997;9337;97827;593;6714;98749;131786;26048
FR;9;2022-12-05;19;24;144;1404;17;98;1420;2105;580;787;1021;9481;99231;610;6812;100169;133891;26628
FR;9;2022-12-06;30;21;261;2436;20;146;2530;3783;1089;817;1042;9742;101667;630;6958;102699;137674;27717
FR;9;2022-12-07;15;22;180;1843;20;111;1885;2815;811;832;1064;9922;103510;650;7069;104584;140489;28528
FR;9;2022-12-08;13;22;218;2378;15;119;2433;3611;1043;845;1086;10140;105888;665;7188;107017;144100;29571
FR;9;2022-12-09;14;25;287;2870;10;143;2962;4296;1183;859;1111;10427;108758;675;7331;109979;148396;30754
FR;9;2022-12-10;12;12;122;1319;4;56;1342;1813;409;871;1123;10549;110077;679;7387;111321;150209;31163
FR;9;2022-12-11;5;4;21;277;5;10;283;363;66;876;1127;10570;110354;684;7397;111604;150572;31229
FR;9;2022-12-12;17;13;215;1952;12;108;2026;2877;738;893;1140;10785;112306;696;7505;113630;153449;31967
FR;9;2022-12-13;27;22;316;3073;14;151;3208;4699;1329;920;1162;11101;115379;710;7656;116838;158148;33296
FR;9;2022-12-14;15;10;186;2301;8;92;2367;3448;972;935;1172;11287;117680;718;7748;119205;161596;34268
FR;9;2022-12-15;17;23;248;2569;12;137;2644;4018;1227;952;1195;11535;120249;730;7885;121849;165614;35495
FR;9;2022-12-16;14;29;290;3046;21;163;3132;4547;1243;966;1224;11825;123295;751;8048;124981;170161;36738
FR;9;2022-12-17;8;12;106;1188;7;49;1205;1650;392;974;1236;11931;124483;758;8097;126186;171811;37130
FR;9;2022-12-18;1;7;30;242;6;14;248;330;67;975;1243;11961;124725;764;8111;126434;172141;37197
FR;9;2022-12-19;20;20;149;1599;14;78;1631;2505;787;995;1263;12110;126324;778;8189;128065;174646;37984
FR;9;2022-12-20;21;19;232;2299;6;114;2342;3693;1226;1016;1282;12342;128623;784;8303;130407;178339;39210
FR;9;2022-12-21;6;14;138;1467;7;64;1522;2335;742;1022;1296;12480;130090;791;8367;131929;180674;39952
FR;9;2022-12-22;16;5;132;1352;8;65;1367;2046;606;1038;1301;12612;131442;799;8432;133296;182720;40558
FR;9;2022-12-23;11;14;76;725;8;50;727;1089;306;1049;1315;12688;132167;807;8482;134023;183809;40864
FR;9;2022-12-24;1;3;12;95;2;5;97;136;34;1050;1318;12700;132262;809;8487;134120;183945;40898
FR;9;2022-12-25;1;0;5;5;0;4;6;12;2;1051;1318;12705;132267;809;8491;134126;183957;40900
FR;9;2022-12-26;16;6;63;545;9;37;552;825;233;1067;1324;12768;132812;818;8528;134678;184782;41133
FR;9;2022-12-27;10;29;95;873;12;66;907;1403;424;1077;1353;12863;133685;830;8594;135585;186185;41557
FR;9;2022-12-28;7;7;78;704;6;39;720;1101;338;1084;1360;12941;134389;836;8633;136305;187286;41895
FR;9;2022-12-29;9;13;85;701;9;45;737;1099;310;1093;1373;13026;135090;845;8678;137042;188385;42205
FR;10;2020-12-27;0;0;0;0;0;0;0;0;0;0;0;0;0;0;0;0;0;0
FR;10;2020-12-28;0;0;0;0;0;0;0;0;0;0;0;0;0;0;0;0;0;0
FR;10;2020-12-29;0;0;0;0;0;0;0;0;0;0;0;0;0;0;0;0;0;0
FR;10;2020-12-30;0;0;0;0;0;0;0;0;0;0;0;0;0;0;0;0;0;0
FR;10;2020-12-31;0;0;0;0;0;0;0;0;0;0;0;0;0;0;0;0;0;0
FR;10;2021-01-01;0;0;0;0;0;0;0;0;0;0;0;0;0;0;0;0;0;0
FR;10;2021-01-02;0;0;0;0;0;0;0;0;0;0;0;0;0;0;0;0;0;0
FR;10;2021-01-03;0;0;0;0;0;0;0;0;0;0;0;0;0;0;0;0;0;0
FR;10;2021-01-04;0;0;0;0;0;0;0;0;0;0;0;0;0;0;0;0;0;0
FR;10;2021-01-05;0;0;0;0;0;0;0;0;0;0;0;0;0;0;0;0;0;0
FR;10;2021-01-06;0;0;0;0;0;0;0;0;0;0;0;0;0;0;0;0;0;0
FR;10;2021-01-07;0;0;0;0;0;0;0;0;0;0;0;0;0;0;0;0;0;0
FR;10;2021-01-08;0;0;0;0;0;0;0;0;0;0;0;0;0;0;0;0;0;0
FR;10;2021-01-09;0;0;0;0;0;0;0;0;0;0;0;0;0;0;0;0;0;0
FR;10;2021-01-10;0;0;0;0;0;0;0;0;0;0;0;0;0;0;0;0;0;0
FR;10;2021-01-11;0;0;0;0;0;0;0;0;0;0;0;0;0;0;0;0;0;0
FR;10;2021-01-12;0;0;0;0;0;0;0;0;0;0;0;0;0;0;0;0;0;0
FR;10;2021-01-13;0;0;0;0;0;0;0;0;0;0;0;0;0;0;0;0;0;0
FR;10;2021-01-14;0;0;0;0;0;0;0;0;0;0;0;0;0;0;0;0;0;0
FR;10;2021-01-15;0;0;0;0;0;0;0;0;0;0;0;0;0;0;0;0;0;0
FR;10;2021-01-16;0;0;0;0;0;0;0;0;0;0;0;0;0;0;0;0;0;0
FR;10;2021-01-17;0;0;0;0;0;0;0;0;0;0;0;0;0;0;0;0;0;0
FR;10;2021-01-18;0;0;0;0;0;0;0;0;0;0;0;0;0;0;0;0;0;0
FR;10;2021-01-19;0;0;0;0;0;0;0;0;0;0;0;0;0;0;0;0;0;0
FR;10;2021-01-20;0;0;0;0;0;0;0;0;0;0;0;0;0;0;0;0;0;0
FR;10;2021-01-21;0;0;0;0;0;0;0;0;0;0;0;0;0;0;0;0;0;0
FR;10;2021-01-22;0;0;0;0;0;0;0;0;0;0;0;0;0;0;0;0;0;0
FR;10;2021-01-23;0;0;0;0;0;0;0;0;0;0;0;0;0;0;0;0;0;0
FR;10;2021-01-24;0;0;0;0;0;0;0;0;0;0;0;0;0;0;0;0;0;0
FR;10;2021-01-25;0;0;0;0;0;0;0;0;0;0;0;0;0;0;0;0;0;0
FR;10;2021-01-26;0;0;0;0;0;0;0;0;0;0;0;0;0;0;0;0;0;0
FR;10;2021-01-27;0;0;0;0;0;0;0;0;0;0;0;0;0;0;0;0;0;0
FR;10;2021-01-28;0;0;0;0;0;0;0;0;0;0;0;0;0;0;0;0;0;0
FR;10;2021-01-29;0;0;0;0;0;0;0;0;0;0;0;0;0;0;0;0;0;0
FR;10;2021-01-30;0;0;0;0;0;0;0;0;0;0;0;0;0;0;0;0;0;0
FR;10;2021-01-31;0;0;0;0;0;0;0;0;0;0;0;0;0;0;0;0;0;0
FR;10;2021-02-01;0;0;0;0;0;0;0;0;0;0;0;0;0;0;0;0;0;0
FR;10;2021-02-02;0;0;0;0;0;0;0;0;0;0;0;0;0;0;0;0;0;0
FR;10;2021-02-03;0;0;0;0;0;0;0;0;0;0;0;0;0;0;0;0;0;0
FR;10;2021-02-04;0;0;0;0;0;0;0;0;0;0;0;0;0;0;0;0;0;0
FR;10;2021-02-05;0;0;0;0;0;0;0;0;0;0;0;0;0;0;0;0;0;0
FR;10;2021-02-06;0;0;0;0;0;0;0;0;0;0;0;0;0;0;0;0;0;0
FR;10;2021-02-07;0;0;0;0;0;0;0;0;0;0;0;0;0;0;0;0;0;0
FR;10;2021-02-08;0;0;0;0;0;0;0;0;0;0;0;0;0;0;0;0;0;0
FR;10;2021-02-09;0;0;0;0;0;0;0;0;0;0;0;0;0;0;0;0;0;0
FR;10;2021-02-10;0;0;0;0;0;0;0;0;0;0;0;0;0;0;0;0;0;0
FR;10;2021-02-11;0;0;0;0;0;0;0;0;0;0;0;0;0;0;0;0;0;0
FR;10;2021-02-12;0;0;0;0;0;0;0;0;0;0;0;0;0;0;0;0;0;0
FR;10;2021-02-13;0;0;0;0;0;0;0;0;0;0;0;0;0;0;0;0;0;0
FR;10;2021-02-14;0;0;0;0;0;0;0;0;0;0;0;0;0;0;0;0;0;0
FR;10;2021-02-15;0;0;0;0;0;0;0;0;0;0;0;0;0;0;0;0;0;0
FR;10;2021-02-16;0;0;0;0;0;0;0;0;0;0;0;0;0;0;0;0;0;0
FR;10;2021-02-17;0;0;0;0;0;0;0;0;0;0;0;0;0;0;0;0;0;0
FR;10;2021-02-18;0;0;0;0;0;0;0;0;0;0;0;0;0;0;0;0;0;0
FR;10;2021-02-19;0;0;0;0;0;0;0;0;0;0;0;0;0;0;0;0;0;0
FR;10;2021-02-20;0;0;0;0;0;0;0;0;0;0;0;0;0;0;0;0;0;0
FR;10;2021-02-21;0;0;0;0;0;0;0;0;0;0;0;0;0;0;0;0;0;0
FR;10;2021-02-22;0;0;0;0;0;0;0;0;0;0;0;0;0;0;0;0;0;0
FR;10;2021-02-23;0;0;0;0;0;0;0;0;0;0;0;0;0;0;0;0;0;0
FR;10;2021-02-24;0;0;0;0;0;0;0;0;0;0;0;0;0;0;0;0;0;0
FR;10;2021-02-25;0;0;0;0;0;0;0;0;0;0;0;0;0;0;0;0;0;0
FR;10;2021-02-26;0;0;0;0;0;0;0;0;0;0;0;0;0;0;0;0;0;0
FR;10;2021-02-27;0;0;0;0;0;0;0;0;0;0;0;0;0;0;0;0;0;0
FR;10;2021-02-28;0;0;0;0;0;0;0;0;0;0;0;0;0;0;0;0;0;0
FR;10;2021-03-01;0;0;0;0;0;0;0;0;0;0;0;0;0;0;0;0;0;0
FR;10;2021-03-02;0;0;0;0;0;0;0;0;0;0;0;0;0;0;0;0;0;0
FR;10;2021-03-03;0;0;0;0;0;0;0;0;0;0;0;0;0;0;0;0;0;0
FR;10;2021-03-04;0;0;0;0;0;0;0;0;0;0;0;0;0;0;0;0;0;0
FR;10;2021-03-05;0;0;0;0;0;0;0;0;0;0;0;0;0;0;0;0;0;0
FR;10;2021-03-06;0;0;0;0;0;0;0;0;0;0;0;0;0;0;0;0;0;0
FR;10;2021-03-07;0;0;0;0;0;0;0;0;0;0;0;0;0;0;0;0;0;0
FR;10;2021-03-08;0;0;0;0;0;0;0;0;0;0;0;0;0;0;0;0;0;0
FR;10;2021-03-09;0;0;0;0;0;0;0;0;0;0;0;0;0;0;0;0;0;0
FR;10;2021-03-10;0;0;0;0;0;0;0;0;0;0;0;0;0;0;0;0;0;0
FR;10;2021-03-11;0;0;0;0;0;0;0;0;0;0;0;0;0;0;0;0;0;0
FR;10;2021-03-12;0;0;0;0;0;0;0;0;0;0;0;0;0;0;0;0;0;0
FR;10;2021-03-13;0;0;0;0;0;0;0;0;0;0;0;0;0;0;0;0;0;0
FR;10;2021-03-14;0;0;0;0;0;0;0;0;0;0;0;0;0;0;0;0;0;0
FR;10;2021-03-15;0;0;0;0;0;0;0;0;0;0;0;0;0;0;0;0;0;0
FR;10;2021-03-16;0;0;0;0;0;0;0;0;0;0;0;0;0;0;0;0;0;0
FR;10;2021-03-17;0;0;0;0;0;0;0;0;0;0;0;0;0;0;0;0;0;0
FR;10;2021-03-18;0;0;0;0;0;0;0;0;0;0;0;0;0;0;0;0;0;0
FR;10;2021-03-19;0;0;0;0;0;0;0;0;0;0;0;0;0;0;0;0;0;0
FR;10;2021-03-20;0;0;0;0;0;0;0;0;0;0;0;0;0;0;0;0;0;0
FR;10;2021-03-21;0;0;0;0;0;0;0;0;0;0;0;0;0;0;0;0;0;0
FR;10;2021-03-22;0;0;0;0;0;0;0;0;0;0;0;0;0;0;0;0;0;0
FR;10;2021-03-23;0;0;0;0;0;0;0;0;0;0;0;0;0;0;0;0;0;0
FR;10;2021-03-24;0;0;0;0;0;0;0;0;0;0;0;0;0;0;0;0;0;0
FR;10;2021-03-25;0;0;0;0;0;0;0;0;0;0;0;0;0;0;0;0;0;0
FR;10;2021-03-26;0;0;0;0;0;0;0;0;0;0;0;0;0;0;0;0;0;0
FR;10;2021-03-27;0;0;0;0;0;0;0;0;0;0;0;0;0;0;0;0;0;0
FR;10;2021-03-28;0;0;0;0;0;0;0;0;0;0;0;0;0;0;0;0;0;0
FR;10;2021-03-29;0;0;0;0;0;0;0;0;0;0;0;0;0;0;0;0;0;0
FR;10;2021-03-30;0;0;0;0;0;0;0;0;0;0;0;0;0;0;0;0;0;0
FR;10;2021-03-31;0;0;0;0;0;0;0;0;0;0;0;0;0;0;0;0;0;0
FR;10;2021-04-01;0;0;0;0;0;0;0;0;0;0;0;0;0;0;0;0;0;0
FR;10;2021-04-02;0;0;0;0;0;0;0;0;0;0;0;0;0;0;0;0;0;0
FR;10;2021-04-03;0;0;0;0;0;0;0;0;0;0;0;0;0;0;0;0;0;0
FR;10;2021-04-04;0;0;0;0;0;0;0;0;0;0;0;0;0;0;0;0;0;0
FR;10;2021-04-05;0;0;0;0;0;0;0;0;0;0;0;0;0;0;0;0;0;0
FR;10;2021-04-06;0;0;0;0;0;0;0;0;0;0;0;0;0;0;0;0;0;0
FR;10;2021-04-07;0;0;0;0;0;0;0;0;0;0;0;0;0;0;0;0;0;0
FR;10;2021-04-08;0;0;0;0;0;0;0;0;0;0;0;0;0;0;0;0;0;0
FR;10;2021-04-09;0;0;0;0;0;0;0;0;0;0;0;0;0;0;0;0;0;0
FR;10;2021-04-10;0;0;0;0;0;0;0;0;0;0;0;0;0;0;0;0;0;0
FR;10;2021-04-11;0;0;0;0;0;0;0;0;0;0;0;0;0;0;0;0;0;0
FR;10;2021-04-12;0;0;0;0;0;0;0;0;0;0;0;0;0;0;0;0;0;0
FR;10;2021-04-13;0;0;0;0;0;0;0;0;0;0;0;0;0;0;0;0;0;0
FR;10;2021-04-14;0;0;0;0;0;0;0;0;0;0;0;0;0;0;0;0;0;0
FR;10;2021-04-15;0;0;0;0;0;0;0;0;0;0;0;0;0;0;0;0;0;0
FR;10;2021-04-16;0;0;0;0;0;0;0;0;0;0;0;0;0;0;0;0;0;0
FR;10;2021-04-17;0;0;0;0;0;0;0;0;0;0;0;0;0;0;0;0;0;0
FR;10;2021-04-18;0;0;0;0;0;0;0;0;0;0;0;0;0;0;0;0;0;0
FR;10;2021-04-19;0;0;0;0;0;0;0;0;0;0;0;0;0;0;0;0;0;0
FR;10;2021-04-20;0;0;0;0;0;0;0;0;0;0;0;0;0;0;0;0;0;0
FR;10;2021-04-21;0;0;0;0;0;0;0;0;0;0;0;0;0;0;0;0;0;0
FR;10;2021-04-22;0;0;0;0;0;0;0;0;0;0;0;0;0;0;0;0;0;0
FR;10;2021-04-23;0;0;0;0;0;0;0;0;0;0;0;0;0;0;0;0;0;0
FR;10;2021-04-24;0;0;0;0;0;0;0;0;0;0;0;0;0;0;0;0;0;0
FR;10;2021-04-25;0;0;0;0;0;0;0;0;0;0;0;0;0;0;0;0;0;0
FR;10;2021-04-26;0;0;0;0;0;0;0;0;0;0;0;0;0;0;0;0;0;0
FR;10;2021-04-27;0;0;0;0;0;0;0;0;0;0;0;0;0;0;0;0;0;0
FR;10;2021-04-28;0;0;0;0;0;0;0;0;0;0;0;0;0;0;0;0;0;0
FR;10;2021-04-29;0;0;0;0;0;0;0;0;0;0;0;0;0;0;0;0;0;0
FR;10;2021-04-30;0;0;0;0;0;0;0;0;0;0;0;0;0;0;0;0;0;0
FR;10;2021-05-01;0;0;0;0;0;0;0;0;0;0;0;0;0;0;0;0;0;0
FR;10;2021-05-02;0;0;0;0;0;0;0;0;0;0;0;0;0;0;0;0;0;0
FR;10;2021-05-03;0;0;0;0;0;0;0;0;0;0;0;0;0;0;0;0;0;0
FR;10;2021-05-04;0;0;0;0;0;0;0;0;0;0;0;0;0;0;0;0;0;0
FR;10;2021-05-05;0;0;0;0;0;0;0;0;0;0;0;0;0;0;0;0;0;0
FR;10;2021-05-06;0;0;0;0;0;0;0;0;0;0;0;0;0;0;0;0;0;0
FR;10;2021-05-07;0;0;0;0;0;0;0;0;0;0;0;0;0;0;0;0;0;0
FR;10;2021-05-08;0;0;0;0;0;0;0;0;0;0;0;0;0;0;0;0;0;0
FR;10;2021-05-09;0;0;0;0;0;0;0;0;0;0;0;0;0;0;0;0;0;0
FR;10;2021-05-10;0;0;0;0;0;0;0;0;0;0;0;0;0;0;0;0;0;0
FR;10;2021-05-11;0;0;0;0;0;0;0;0;0;0;0;0;0;0;0;0;0;0
FR;10;2021-05-12;0;0;0;0;0;0;0;0;0;0;0;0;0;0;0;0;0;0
FR;10;2021-05-13;0;0;0;0;0;0;0;0;0;0;0;0;0;0;0;0;0;0
FR;10;2021-05-14;0;0;0;0;0;0;0;0;0;0;0;0;0;0;0;0;0;0
FR;10;2021-05-15;0;0;0;0;0;0;0;0;0;0;0;0;0;0;0;0;0;0
FR;10;2021-05-16;0;0;0;0;0;0;0;0;0;0;0;0;0;0;0;0;0;0
FR;10;2021-05-17;0;0;0;0;0;0;0;0;0;0;0;0;0;0;0;0;0;0
FR;10;2021-05-18;0;0;0;0;0;0;0;0;0;0;0;0;0;0;0;0;0;0
FR;10;2021-05-19;0;0;0;0;0;0;0;0;0;0;0;0;0;0;0;0;0;0
FR;10;2021-05-20;0;0;0;0;0;0;0;0;0;0;0;0;0;0;0;0;0;0
FR;10;2021-05-21;0;0;0;0;0;0;0;0;0;0;0;0;0;0;0;0;0;0
FR;10;2021-05-22;0;0;0;0;0;0;0;0;0;0;0;0;0;0;0;0;0;0
FR;10;2021-05-23;0;0;0;0;0;0;0;0;0;0;0;0;0;0;0;0;0;0
FR;10;2021-05-24;0;0;0;0;0;0;0;0;0;0;0;0;0;0;0;0;0;0
FR;10;2021-05-25;0;0;0;0;0;0;0;0;0;0;0;0;0;0;0;0;0;0
FR;10;2021-05-26;0;0;0;0;0;0;0;0;0;0;0;0;0;0;0;0;0;0
FR;10;2021-05-27;0;0;0;0;0;0;0;0;0;0;0;0;0;0;0;0;0;0
FR;10;2021-05-28;0;0;0;0;0;0;0;0;0;0;0;0;0;0;0;0;0;0
FR;10;2021-05-29;0;0;0;0;0;0;0;0;0;0;0;0;0;0;0;0;0;0
FR;10;2021-05-30;0;0;0;0;0;0;0;0;0;0;0;0;0;0;0;0;0;0
FR;10;2021-05-31;0;0;0;0;0;0;0;0;0;0;0;0;0;0;0;0;0;0
FR;10;2021-06-01;0;0;0;0;0;0;0;0;0;0;0;0;0;0;0;0;0;0
FR;10;2021-06-02;0;0;0;0;0;0;0;0;0;0;0;0;0;0;0;0;0;0
FR;10;2021-06-03;0;0;0;0;0;0;0;0;0;0;0;0;0;0;0;0;0;0
FR;10;2021-06-04;0;0;0;0;0;0;0;0;0;0;0;0;0;0;0;0;0;0
FR;10;2021-06-05;0;0;0;0;0;0;0;0;0;0;0;0;0;0;0;0;0;0
FR;10;2021-06-06;0;0;0;0;0;0;0;0;0;0;0;0;0;0;0;0;0;0
FR;10;2021-06-07;0;0;0;0;0;0;0;0;0;0;0;0;0;0;0;0;0;0
FR;10;2021-06-08;0;0;0;0;0;0;0;0;0;0;0;0;0;0;0;0;0;0
FR;10;2021-06-09;0;0;0;0;0;0;0;0;0;0;0;0;0;0;0;0;0;0
FR;10;2021-06-10;0;0;0;0;0;0;0;0;0;0;0;0;0;0;0;0;0;0
FR;10;2021-06-11;0;0;0;0;0;0;0;0;0;0;0;0;0;0;0;0;0;0
FR;10;2021-06-12;0;0;0;0;0;0;0;0;0;0;0;0;0;0;0;0;0;0
FR;10;2021-06-13;0;0;0;0;0;0;0;0;0;0;0;0;0;0;0;0;0;0
FR;10;2021-06-14;0;0;0;0;0;0;0;0;0;0;0;0;0;0;0;0;0;0
FR;10;2021-06-15;0;0;0;0;0;0;0;0;0;0;0;0;0;0;0;0;0;0
FR;10;2021-06-16;0;0;0;0;0;0;0;0;0;0;0;0;0;0;0;0;0;0
FR;10;2021-06-17;0;0;0;0;0;0;0;0;0;0;0;0;0;0;0;0;0;0
FR;10;2021-06-18;0;0;0;0;0;0;0;0;0;0;0;0;0;0;0;0;0;0
FR;10;2021-06-19;0;0;0;0;0;0;0;0;0;0;0;0;0;0;0;0;0;0
FR;10;2021-06-20;0;0;0;0;0;0;0;0;0;0;0;0;0;0;0;0;0;0
FR;10;2021-06-21;0;0;0;0;0;0;0;0;0;0;0;0;0;0;0;0;0;0
FR;10;2021-06-22;0;0;0;0;0;0;0;0;0;0;0;0;0;0;0;0;0;0
FR;10;2021-06-23;0;0;0;0;0;0;0;0;0;0;0;0;0;0;0;0;0;0
FR;10;2021-06-24;0;0;0;0;0;0;0;0;0;0;0;0;0;0;0;0;0;0
FR;10;2021-06-25;0;0;0;0;0;0;0;0;0;0;0;0;0;0;0;0;0;0
FR;10;2021-06-26;0;0;0;0;0;0;0;0;0;0;0;0;0;0;0;0;0;0
FR;10;2021-06-27;0;0;0;0;0;0;0;0;0;0;0;0;0;0;0;0;0;0
FR;10;2021-06-28;0;0;0;0;0;0;0;0;0;0;0;0;0;0;0;0;0;0
FR;10;2021-06-29;0;0;0;0;0;0;0;0;0;0;0;0;0;0;0;0;0;0
FR;10;2021-06-30;0;0;0;0;0;0;0;0;0;0;0;0;0;0;0;0;0;0
FR;10;2021-07-01;0;0;0;0;0;0;0;0;0;0;0;0;0;0;0;0;0;0
FR;10;2021-07-02;0;0;0;0;0;0;0;0;0;0;0;0;0;0;0;0;0;0
FR;10;2021-07-03;0;0;0;0;0;0;0;0;0;0;0;0;0;0;0;0;0;0
FR;10;2021-07-04;0;0;0;0;0;0;0;0;0;0;0;0;0;0;0;0;0;0
FR;10;2021-07-05;0;0;0;0;0;0;0;0;0;0;0;0;0;0;0;0;0;0
FR;10;2021-07-06;0;0;0;0;0;0;0;0;0;0;0;0;0;0;0;0;0;0
FR;10;2021-07-07;0;0;0;0;0;0;0;0;0;0;0;0;0;0;0;0;0;0
FR;10;2021-07-08;0;0;0;0;0;0;0;0;0;0;0;0;0;0;0;0;0;0
FR;10;2021-07-09;0;0;0;0;0;0;0;0;0;0;0;0;0;0;0;0;0;0
FR;10;2021-07-10;0;0;0;0;0;0;0;0;0;0;0;0;0;0;0;0;0;0
FR;10;2021-07-11;0;0;0;0;0;0;0;0;0;0;0;0;0;0;0;0;0;0
FR;10;2021-07-12;0;0;0;0;0;0;0;0;0;0;0;0;0;0;0;0;0;0
FR;10;2021-07-13;0;0;0;0;0;0;0;0;0;0;0;0;0;0;0;0;0;0
FR;10;2021-07-14;0;0;0;0;0;0;0;0;0;0;0;0;0;0;0;0;0;0
FR;10;2021-07-15;0;0;0;0;0;0;0;0;0;0;0;0;0;0;0;0;0;0
FR;10;2021-07-16;0;0;0;0;0;0;0;0;0;0;0;0;0;0;0;0;0;0
FR;10;2021-07-17;0;0;0;0;0;0;0;0;0;0;0;0;0;0;0;0;0;0
FR;10;2021-07-18;0;0;0;0;0;0;0;0;0;0;0;0;0;0;0;0;0;0
FR;10;2021-07-19;0;0;0;0;0;0;0;0;0;0;0;0;0;0;0;0;0;0
FR;10;2021-07-20;0;0;0;0;0;0;0;0;0;0;0;0;0;0;0;0;0;0
FR;10;2021-07-21;0;0;0;0;0;0;0;0;0;0;0;0;0;0;0;0;0;0
FR;10;2021-07-22;0;0;0;0;0;0;0;0;0;0;0;0;0;0;0;0;0;0
FR;10;2021-07-23;0;0;0;0;0;0;0;0;0;0;0;0;0;0;0;0;0;0
FR;10;2021-07-24;0;0;0;0;0;0;0;0;0;0;0;0;0;0;0;0;0;0
FR;10;2021-07-25;0;0;0;0;0;0;0;0;0;0;0;0;0;0;0;0;0;0
FR;10;2021-07-26;0;0;0;0;0;0;0;0;0;0;0;0;0;0;0;0;0;0
FR;10;2021-07-27;0;0;0;0;0;0;0;0;0;0;0;0;0;0;0;0;0;0
FR;10;2021-07-28;0;0;0;0;0;0;0;0;0;0;0;0;0;0;0;0;0;0
FR;10;2021-07-29;0;0;0;0;0;0;0;0;0;0;0;0;0;0;0;0;0;0
FR;10;2021-07-30;0;0;0;0;0;0;0;0;0;0;0;0;0;0;0;0;0;0
FR;10;2021-07-31;0;0;0;0;0;0;0;0;0;0;0;0;0;0;0;0;0;0
FR;10;2021-08-01;0;0;0;0;0;0;0;0;0;0;0;0;0;0;0;0;0;0
FR;10;2021-08-02;0;0;0;0;0;0;0;0;0;0;0;0;0;0;0;0;0;0
FR;10;2021-08-03;0;0;0;0;0;0;0;0;0;0;0;0;0;0;0;0;0;0
FR;10;2021-08-04;0;0;0;0;0;0;0;0;0;0;0;0;0;0;0;0;0;0
FR;10;2021-08-05;0;0;0;0;0;0;0;0;0;0;0;0;0;0;0;0;0;0
FR;10;2021-08-06;0;0;0;0;0;0;0;0;0;0;0;0;0;0;0;0;0;0
FR;10;2021-08-07;0;0;0;0;0;0;0;0;0;0;0;0;0;0;0;0;0;0
FR;10;2021-08-08;0;0;0;0;0;0;0;0;0;0;0;0;0;0;0;0;0;0
FR;10;2021-08-09;0;0;0;0;0;0;0;0;0;0;0;0;0;0;0;0;0;0
FR;10;2021-08-10;0;0;0;0;0;0;0;0;0;0;0;0;0;0;0;0;0;0
FR;10;2021-08-11;0;0;0;0;0;0;0;0;0;0;0;0;0;0;0;0;0;0
FR;10;2021-08-12;0;0;0;0;0;0;0;0;0;0;0;0;0;0;0;0;0;0
FR;10;2021-08-13;0;0;0;0;0;0;0;0;0;0;0;0;0;0;0;0;0;0
FR;10;2021-08-14;0;0;0;0;0;0;0;0;0;0;0;0;0;0;0;0;0;0
FR;10;2021-08-15;0;0;0;0;0;0;0;0;0;0;0;0;0;0;0;0;0;0
FR;10;2021-08-16;0;0;0;0;0;0;0;0;0;0;0;0;0;0;0;0;0;0
FR;10;2021-08-17;0;0;0;0;0;0;0;0;0;0;0;0;0;0;0;0;0;0
FR;10;2021-08-18;0;0;0;0;0;0;0;0;0;0;0;0;0;0;0;0;0;0
FR;10;2021-08-19;0;0;0;0;0;0;0;0;0;0;0;0;0;0;0;0;0;0
FR;10;2021-08-20;0;0;0;0;0;0;0;0;0;0;0;0;0;0;0;0;0;0
FR;10;2021-08-21;0;0;0;0;0;0;0;0;0;0;0;0;0;0;0;0;0;0
FR;10;2021-08-22;0;0;0;0;0;0;0;0;0;0;0;0;0;0;0;0;0;0
FR;10;2021-08-23;0;0;0;0;0;0;0;0;0;0;0;0;0;0;0;0;0;0
FR;10;2021-08-24;0;0;0;0;0;0;0;0;0;0;0;0;0;0;0;0;0;0
FR;10;2021-08-25;0;0;0;0;0;0;0;0;0;0;0;0;0;0;0;0;0;0
FR;10;2021-08-26;0;0;0;0;0;0;0;0;0;0;0;0;0;0;0;0;0;0
FR;10;2021-08-27;0;0;0;0;0;0;0;0;0;0;0;0;0;0;0;0;0;0
FR;10;2021-08-28;0;0;0;0;0;0;0;0;0;0;0;0;0;0;0;0;0;0
FR;10;2021-08-29;0;0;0;0;0;0;0;0;0;0;0;0;0;0;0;0;0;0
FR;10;2021-08-30;0;0;0;0;0;0;0;0;0;0;0;0;0;0;0;0;0;0
FR;10;2021-08-31;0;0;0;0;0;0;0;0;0;0;0;0;0;0;0;0;0;0
FR;10;2021-09-01;0;0;0;0;0;0;0;0;0;0;0;0;0;0;0;0;0;0
FR;10;2021-09-02;0;0;0;0;0;0;0;0;0;0;0;0;0;0;0;0;0;0
FR;10;2021-09-03;0;0;0;0;0;0;0;0;0;0;0;0;0;0;0;0;0;0
FR;10;2021-09-04;0;0;0;0;0;0;0;0;0;0;0;0;0;0;0;0;0;0
FR;10;2021-09-05;0;0;0;0;0;0;0;0;0;0;0;0;0;0;0;0;0;0
FR;10;2021-09-06;0;0;0;0;0;0;0;0;0;0;0;0;0;0;0;0;0;0
FR;10;2021-09-07;0;0;0;0;0;0;0;0;0;0;0;0;0;0;0;0;0;0
FR;10;2021-09-08;0;0;0;0;0;0;0;0;0;0;0;0;0;0;0;0;0;0
FR;10;2021-09-09;0;0;0;0;0;0;0;0;0;0;0;0;0;0;0;0;0;0
FR;10;2021-09-10;0;0;0;0;0;0;0;0;0;0;0;0;0;0;0;0;0;0
FR;10;2021-09-11;0;0;0;0;0;0;0;0;0;0;0;0;0;0;0;0;0;0
FR;10;2021-09-12;0;0;0;0;0;0;0;0;0;0;0;0;0;0;0;0;0;0
FR;10;2021-09-13;0;0;0;0;0;0;0;0;0;0;0;0;0;0;0;0;0;0
FR;10;2021-09-14;0;0;0;0;0;0;0;0;0;0;0;0;0;0;0;0;0;0
FR;10;2021-09-15;0;0;0;0;0;0;0;0;0;0;0;0;0;0;0;0;0;0
FR;10;2021-09-16;0;0;0;0;0;0;0;0;0;0;0;0;0;0;0;0;0;0
FR;10;2021-09-17;0;0;0;0;0;0;0;0;0;0;0;0;0;0;0;0;0;0
FR;10;2021-09-18;0;0;0;0;0;0;0;0;0;0;0;0;0;0;0;0;0;0
FR;10;2021-09-19;0;0;0;0;0;0;0;0;0;0;0;0;0;0;0;0;0;0
FR;10;2021-09-20;0;0;0;0;0;0;0;0;0;0;0;0;0;0;0;0;0;0
FR;10;2021-09-21;0;0;0;0;0;0;0;0;0;0;0;0;0;0;0;0;0;0
FR;10;2021-09-22;0;0;0;0;0;0;0;0;0;0;0;0;0;0;0;0;0;0
FR;10;2021-09-23;0;0;0;0;0;0;0;0;0;0;0;0;0;0;0;0;0;0
FR;10;2021-09-24;0;0;0;0;0;0;0;0;0;0;0;0;0;0;0;0;0;0
FR;10;2021-09-25;0;0;0;0;0;0;0;0;0;0;0;0;0;0;0;0;0;0
FR;10;2021-09-26;0;0;0;0;0;0;0;0;0;0;0;0;0;0;0;0;0;0
FR;10;2021-09-27;0;0;0;0;0;0;0;0;0;0;0;0;0;0;0;0;0;0
FR;10;2021-09-28;0;0;0;0;0;0;0;0;0;0;0;0;0;0;0;0;0;0
FR;10;2021-09-29;0;0;0;0;0;0;0;0;0;0;0;0;0;0;0;0;0;0
FR;10;2021-09-30;0;0;0;0;0;0;0;0;0;0;0;0;0;0;0;0;0;0
FR;10;2021-10-01;0;0;0;0;0;0;0;0;0;0;0;0;0;0;0;0;0;0
FR;10;2021-10-02;0;0;0;0;0;0;0;0;0;0;0;0;0;0;0;0;0;0
FR;10;2021-10-03;0;0;0;0;0;0;0;0;0;0;0;0;0;0;0;0;0;0
FR;10;2021-10-04;0;0;0;0;0;0;0;0;0;0;0;0;0;0;0;0;0;0
FR;10;2021-10-05;0;0;0;0;0;0;0;0;0;0;0;0;0;0;0;0;0;0
FR;10;2021-10-06;0;0;0;0;0;0;0;0;0;0;0;0;0;0;0;0;0;0
FR;10;2021-10-07;0;0;0;0;0;0;0;0;0;0;0;0;0;0;0;0;0;0
FR;10;2021-10-08;0;0;0;0;0;0;0;0;0;0;0;0;0;0;0;0;0;0
FR;10;2021-10-09;0;0;0;0;0;0;0;0;0;0;0;0;0;0;0;0;0;0
FR;10;2021-10-10;0;0;0;0;0;0;0;0;0;0;0;0;0;0;0;0;0;0
FR;10;2021-10-11;0;0;0;0;0;0;0;0;0;0;0;0;0;0;0;0;0;0
FR;10;2021-10-12;0;0;0;0;0;0;0;0;0;0;0;0;0;0;0;0;0;0
FR;10;2021-10-13;0;0;0;0;0;0;0;0;0;0;0;0;0;0;0;0;0;0
FR;10;2021-10-14;0;0;0;0;0;0;0;0;0;0;0;0;0;0;0;0;0;0
FR;10;2021-10-15;0;0;0;0;0;0;0;0;0;0;0;0;0;0;0;0;0;0
FR;10;2021-10-16;0;0;0;0;0;0;0;0;0;0;0;0;0;0;0;0;0;0
FR;10;2021-10-17;0;0;0;0;0;0;0;0;0;0;0;0;0;0;0;0;0;0
FR;10;2021-10-18;0;0;0;0;0;0;0;0;0;0;0;0;0;0;0;0;0;0
FR;10;2021-10-19;0;0;0;0;0;0;0;0;0;0;0;0;0;0;0;0;0;0
FR;10;2021-10-20;0;0;0;0;0;0;0;0;0;0;0;0;0;0;0;0;0;0
FR;10;2021-10-21;0;0;0;0;0;0;0;0;0;0;0;0;0;0;0;0;0;0
FR;10;2021-10-22;0;0;0;0;0;0;0;0;0;0;0;0;0;0;0;0;0;0
FR;10;2021-10-23;0;0;0;0;0;0;0;0;0;0;0;0;0;0;0;0;0;0
FR;10;2021-10-24;0;0;0;0;0;0;0;0;0;0;0;0;0;0;0;0;0;0
FR;10;2021-10-25;0;0;0;0;0;0;0;0;0;0;0;0;0;0;0;0;0;0
FR;10;2021-10-26;0;0;0;0;0;0;0;0;0;0;0;0;0;0;0;0;0;0
FR;10;2021-10-27;0;0;0;0;0;0;0;0;0;0;0;0;0;0;0;0;0;0
FR;10;2021-10-28;0;0;0;0;0;0;0;0;0;0;0;0;0;0;0;0;0;0
FR;10;2021-10-29;0;0;0;0;0;0;0;0;0;0;0;0;0;0;0;0;0;0
FR;10;2021-10-30;0;0;0;0;0;0;0;0;0;0;0;0;0;0;0;0;0;0
FR;10;2021-10-31;0;0;0;0;0;0;0;0;0;0;0;0;0;0;0;0;0;0
FR;10;2021-11-01;0;0;0;0;0;0;0;0;0;0;0;0;0;0;0;0;0;0
FR;10;2021-11-02;0;0;0;0;0;0;0;0;0;0;0;0;0;0;0;0;0;0
FR;10;2021-11-03;0;0;0;0;0;0;0;0;0;0;0;0;0;0;0;0;0;0
FR;10;2021-11-04;0;0;0;0;0;0;0;0;0;0;0;0;0;0;0;0;0;0
FR;10;2021-11-05;0;0;0;0;0;0;0;0;0;0;0;0;0;0;0;0;0;0
FR;10;2021-11-06;0;0;0;0;0;0;0;0;0;0;0;0;0;0;0;0;0;0
FR;10;2021-11-07;0;0;0;0;0;0;0;0;0;0;0;0;0;0;0;0;0;0
FR;10;2021-11-08;0;0;0;0;0;0;0;0;0;0;0;0;0;0;0;0;0;0
FR;10;2021-11-09;0;0;0;0;0;0;0;0;0;0;0;0;0;0;0;0;0;0
FR;10;2021-11-10;0;0;0;0;0;0;0;0;0;0;0;0;0;0;0;0;0;0
FR;10;2021-11-11;0;0;0;0;0;0;0;0;0;0;0;0;0;0;0;0;0;0
FR;10;2021-11-12;0;0;0;0;0;0;0;0;0;0;0;0;0;0;0;0;0;0
FR;10;2021-11-13;0;0;0;0;0;0;0;0;0;0;0;0;0;0;0;0;0;0
FR;10;2021-11-14;0;0;0;0;0;0;0;0;0;0;0;0;0;0;0;0;0;0
FR;10;2021-11-15;0;0;0;0;0;0;0;0;0;0;0;0;0;0;0;0;0;0
FR;10;2021-11-16;0;0;0;0;0;0;0;0;0;0;0;0;0;0;0;0;0;0
FR;10;2021-11-17;0;0;0;0;0;0;0;0;0;0;0;0;0;0;0;0;0;0
FR;10;2021-11-18;0;0;0;0;0;0;0;0;0;0;0;0;0;0;0;0;0;0
FR;10;2021-11-19;0;0;0;0;0;0;0;0;0;0;0;0;0;0;0;0;0;0
FR;10;2021-11-20;0;0;0;0;0;0;0;0;0;0;0;0;0;0;0;0;0;0
FR;10;2021-11-21;0;0;0;0;0;0;0;0;0;0;0;0;0;0;0;0;0;0
FR;10;2021-11-22;0;0;0;0;0;0;0;0;0;0;0;0;0;0;0;0;0;0
FR;10;2021-11-23;0;0;0;0;0;0;0;0;0;0;0;0;0;0;0;0;0;0
FR;10;2021-11-24;0;0;0;0;0;0;0;0;0;0;0;0;0;0;0;0;0;0
FR;10;2021-11-25;0;0;0;0;0;0;0;0;0;0;0;0;0;0;0;0;0;0
FR;10;2021-11-26;0;0;0;0;0;0;0;0;0;0;0;0;0;0;0;0;0;0
FR;10;2021-11-27;0;0;0;0;0;0;0;0;0;0;0;0;0;0;0;0;0;0
FR;10;2021-11-28;0;0;0;0;0;0;0;0;0;0;0;0;0;0;0;0;0;0
FR;10;2021-11-29;0;0;0;0;0;0;0;0;0;0;0;0;0;0;0;0;0;0
FR;10;2021-11-30;0;0;0;0;0;0;0;0;0;0;0;0;0;0;0;0;0;0
FR;10;2021-12-01;0;0;0;0;0;0;0;0;0;0;0;0;0;0;0;0;0;0
FR;10;2021-12-02;0;0;0;0;0;0;0;0;0;0;0;0;0;0;0;0;0;0
FR;10;2021-12-03;0;0;0;0;0;0;0;0;0;0;0;0;0;0;0;0;0;0
FR;10;2021-12-04;0;0;0;0;0;0;0;0;0;0;0;0;0;0;0;0;0;0
FR;10;2021-12-05;0;0;0;0;0;0;0;0;0;0;0;0;0;0;0;0;0;0
FR;10;2021-12-06;0;0;0;0;0;0;0;0;0;0;0;0;0;0;0;0;0;0
FR;10;2021-12-07;0;0;0;0;0;0;0;0;0;0;0;0;0;0;0;0;0;0
FR;10;2021-12-08;0;0;0;0;0;0;0;0;0;0;0;0;0;0;0;0;0;0
FR;10;2021-12-09;0;0;0;0;0;0;0;0;0;0;0;0;0;0;0;0;0;0
FR;10;2021-12-10;0;0;0;0;0;0;0;0;0;0;0;0;0;0;0;0;0;0
FR;10;2021-12-11;0;0;0;0;0;0;0;0;0;0;0;0;0;0;0;0;0;0
FR;10;2021-12-12;0;0;0;0;0;0;0;0;0;0;0;0;0;0;0;0;0;0
FR;10;2021-12-13;0;0;0;0;0;0;0;0;0;0;0;0;0;0;0;0;0;0
FR;10;2021-12-14;0;0;0;0;0;0;0;0;0;0;0;0;0;0;0;0;0;0
FR;10;2021-12-15;0;0;0;0;0;0;0;0;0;0;0;0;0;0;0;0;0;0
FR;10;2021-12-16;0;0;0;0;0;0;0;0;0;0;0;0;0;0;0;0;0;0
FR;10;2021-12-17;0;0;0;0;0;0;0;0;0;0;0;0;0;0;0;0;0;0
FR;10;2021-12-18;0;0;0;0;0;0;0;0;0;0;0;0;0;0;0;0;0;0
FR;10;2021-12-19;0;0;0;0;0;0;0;0;0;0;0;0;0;0;0;0;0;0
FR;10;2021-12-20;0;0;0;0;0;0;0;0;0;0;0;0;0;0;0;0;0;0
FR;10;2021-12-21;0;0;0;0;0;0;0;0;0;0;0;0;0;0;0;0;0;0
FR;10;2021-12-22;0;0;0;0;0;0;0;0;0;0;0;0;0;0;0;0;0;0
FR;10;2021-12-23;0;0;0;0;0;0;0;0;0;0;0;0;0;0;0;0;0;0
FR;10;2021-12-24;0;0;0;0;0;0;0;0;0;0;0;0;0;0;0;0;0;0
FR;10;2021-12-25;0;0;0;0;0;0;0;0;0;0;0;0;0;0;0;0;0;0
FR;10;2021-12-26;0;0;0;0;0;0;0;0;0;0;0;0;0;0;0;0;0;0
FR;10;2021-12-27;0;0;0;0;0;0;0;0;0;0;0;0;0;0;0;0;0;0
FR;10;2021-12-28;0;0;0;0;0;0;0;0;0;0;0;0;0;0;0;0;0;0
FR;10;2021-12-29;0;0;0;0;0;0;0;0;0;0;0;0;0;0;0;0;0;0
FR;10;2021-12-30;0;0;0;0;0;0;0;0;0;0;0;0;0;0;0;0;0;0
FR;10;2021-12-31;0;0;0;0;0;0;0;0;0;0;0;0;0;0;0;0;0;0
FR;10;2022-01-01;0;0;0;0;0;0;0;0;0;0;0;0;0;0;0;0;0;0
FR;10;2022-01-02;0;0;0;0;0;0;0;0;0;0;0;0;0;0;0;0;0;0
FR;10;2022-01-03;0;0;0;0;0;0;0;0;0;0;0;0;0;0;0;0;0;0
FR;10;2022-01-04;0;0;0;0;0;0;0;0;0;0;0;0;0;0;0;0;0;0
FR;10;2022-01-05;0;0;0;0;0;0;0;0;0;0;0;0;0;0;0;0;0;0
FR;10;2022-01-06;0;0;0;0;0;0;0;0;0;0;0;0;0;0;0;0;0;0
FR;10;2022-01-07;0;0;0;0;0;0;0;0;0;0;0;0;0;0;0;0;0;0
FR;10;2022-01-08;0;0;0;0;0;0;0;0;0;0;0;0;0;0;0;0;0;0
FR;10;2022-01-09;0;0;0;0;0;0;0;0;0;0;0;0;0;0;0;0;0;0
FR;10;2022-01-10;0;0;0;0;0;0;0;0;0;0;0;0;0;0;0;0;0;0
FR;10;2022-01-11;0;0;0;0;0;0;0;0;0;0;0;0;0;0;0;0;0;0
FR;10;2022-01-12;0;0;0;0;0;0;0;0;0;0;0;0;0;0;0;0;0;0
FR;10;2022-01-13;0;0;0;0;0;0;0;0;0;0;0;0;0;0;0;0;0;0
FR;10;2022-01-14;0;0;0;0;0;0;0;0;0;0;0;0;0;0;0;0;0;0
FR;10;2022-01-15;0;0;0;0;0;0;0;0;0;0;0;0;0;0;0;0;0;0
FR;10;2022-01-16;0;0;0;0;0;0;0;0;0;0;0;0;0;0;0;0;0;0
FR;10;2022-01-17;0;0;0;0;0;0;0;0;0;0;0;0;0;0;0;0;0;0
FR;10;2022-01-18;0;0;0;0;0;0;0;0;0;0;0;0;0;0;0;0;0;0
FR;10;2022-01-19;0;0;0;0;0;0;0;0;0;0;0;0;0;0;0;0;0;0
FR;10;2022-01-20;0;0;0;0;0;0;0;0;0;0;0;0;0;0;0;0;0;0
FR;10;2022-01-21;0;0;0;0;0;0;0;0;0;0;0;0;0;0;0;0;0;0
FR;10;2022-01-22;0;0;0;0;0;0;0;0;0;0;0;0;0;0;0;0;0;0
FR;10;2022-01-23;0;0;0;0;0;0;0;0;0;0;0;0;0;0;0;0;0;0
FR;10;2022-01-24;0;0;0;0;0;0;0;0;0;0;0;0;0;0;0;0;0;0
FR;10;2022-01-25;0;0;0;0;0;0;0;0;0;0;0;0;0;0;0;0;0;0
FR;10;2022-01-26;0;0;0;0;0;0;0;0;0;0;0;0;0;0;0;0;0;0
FR;10;2022-01-27;0;0;0;0;0;0;0;0;0;0;0;0;0;0;0;0;0;0
FR;10;2022-01-28;0;0;0;0;0;0;0;0;0;0;0;0;0;0;0;0;0;0
FR;10;2022-01-29;0;0;0;0;0;0;0;0;0;0;0;0;0;0;0;0;0;0
FR;10;2022-01-30;0;0;0;0;0;0;0;0;0;0;0;0;0;0;0;0;0;0
FR;10;2022-01-31;0;0;0;0;0;0;0;0;0;0;0;0;0;0;0;0;0;0
FR;10;2022-02-01;0;0;0;0;0;0;0;0;0;0;0;0;0;0;0;0;0;0
FR;10;2022-02-02;0;0;0;0;0;0;0;0;0;0;0;0;0;0;0;0;0;0
FR;10;2022-02-03;0;0;0;0;0;0;0;0;0;0;0;0;0;0;0;0;0;0
FR;10;2022-02-04;0;0;0;0;0;0;0;0;0;0;0;0;0;0;0;0;0;0
FR;10;2022-02-05;0;0;0;0;0;0;0;0;0;0;0;0;0;0;0;0;0;0
FR;10;2022-02-06;0;0;0;0;0;0;0;0;0;0;0;0;0;0;0;0;0;0
FR;10;2022-02-07;0;0;0;0;0;0;0;0;0;0;0;0;0;0;0;0;0;0
FR;10;2022-02-08;0;0;0;0;0;0;0;0;0;0;0;0;0;0;0;0;0;0
FR;10;2022-02-09;0;0;0;0;0;0;0;0;0;0;0;0;0;0;0;0;0;0
FR;10;2022-02-10;0;0;0;0;0;0;0;0;0;0;0;0;0;0;0;0;0;0
FR;10;2022-02-11;0;0;0;0;0;0;0;0;0;0;0;0;0;0;0;0;0;0
FR;10;2022-02-12;0;0;0;0;0;0;0;0;0;0;0;0;0;0;0;0;0;0
FR;10;2022-02-13;0;0;0;0;0;0;0;0;0;0;0;0;0;0;0;0;0;0
FR;10;2022-02-14;0;0;0;0;0;0;0;0;0;0;0;0;0;0;0;0;0;0
FR;10;2022-02-15;0;0;0;0;0;0;0;0;0;0;0;0;0;0;0;0;0;0
FR;10;2022-02-16;0;0;0;0;0;0;0;0;0;0;0;0;0;0;0;0;0;0
FR;10;2022-02-17;0;0;0;0;0;0;0;0;0;0;0;0;0;0;0;0;0;0
FR;10;2022-02-18;0;0;0;0;0;0;0;0;0;0;0;0;0;0;0;0;0;0
FR;10;2022-02-19;0;0;0;0;0;0;0;0;0;0;0;0;0;0;0;0;0;0
FR;10;2022-02-20;0;0;0;0;0;0;0;0;0;0;0;0;0;0;0;0;0;0
FR;10;2022-02-21;0;0;0;0;0;0;0;0;0;0;0;0;0;0;0;0;0;0
FR;10;2022-02-22;0;0;0;0;0;0;0;0;0;0;0;0;0;0;0;0;0;0
FR;10;2022-02-23;0;0;0;0;0;0;0;0;0;0;0;0;0;0;0;0;0;0
FR;10;2022-02-24;0;0;0;0;0;0;0;0;0;0;0;0;0;0;0;0;0;0
FR;10;2022-02-25;0;0;0;0;0;0;0;0;0;0;0;0;0;0;0;0;0;0
FR;10;2022-02-26;0;0;0;0;0;0;0;0;0;0;0;0;0;0;0;0;0;0
FR;10;2022-02-27;0;0;0;0;0;0;0;0;0;0;0;0;0;0;0;0;0;0
FR;10;2022-02-28;0;0;0;0;0;0;0;0;0;0;0;0;0;0;0;0;0;0
FR;10;2022-03-01;0;0;0;0;0;0;0;0;0;0;0;0;0;0;0;0;0;0
FR;10;2022-03-02;0;0;0;0;0;0;0;0;0;0;0;0;0;0;0;0;0;0
FR;10;2022-03-03;0;0;0;0;0;0;0;0;0;0;0;0;0;0;0;0;0;0
FR;10;2022-03-04;0;0;0;0;0;0;0;0;0;0;0;0;0;0;0;0;0;0
FR;10;2022-03-05;0;0;0;0;0;0;0;0;0;0;0;0;0;0;0;0;0;0
FR;10;2022-03-06;0;0;0;0;0;0;0;0;0;0;0;0;0;0;0;0;0;0
FR;10;2022-03-07;0;0;0;0;0;0;0;0;0;0;0;0;0;0;0;0;0;0
FR;10;2022-03-08;0;0;0;0;0;0;0;0;0;0;0;0;0;0;0;0;0;0
FR;10;2022-03-09;0;0;0;0;0;0;0;0;0;0;0;0;0;0;0;0;0;0
FR;10;2022-03-10;0;0;0;0;0;0;0;0;0;0;0;0;0;0;0;0;0;0
FR;10;2022-03-11;0;0;0;0;0;0;0;0;0;0;0;0;0;0;0;0;0;0
FR;10;2022-03-12;0;0;0;0;0;0;0;0;0;0;0;0;0;0;0;0;0;0
FR;10;2022-03-13;0;0;0;0;0;0;0;0;0;0;0;0;0;0;0;0;0;0
FR;10;2022-03-14;0;0;0;0;0;0;0;0;0;0;0;0;0;0;0;0;0;0
FR;10;2022-03-15;0;0;0;0;0;0;0;0;0;0;0;0;0;0;0;0;0;0
FR;10;2022-03-16;0;0;0;0;0;0;0;0;0;0;0;0;0;0;0;0;0;0
FR;10;2022-03-17;0;0;0;0;0;0;0;0;0;0;0;0;0;0;0;0;0;0
FR;10;2022-03-18;0;0;0;0;0;0;0;0;0;0;0;0;0;0;0;0;0;0
FR;10;2022-03-19;0;0;0;0;0;0;0;0;0;0;0;0;0;0;0;0;0;0
FR;10;2022-03-20;0;0;0;0;0;0;0;0;0;0;0;0;0;0;0;0;0;0
FR;10;2022-03-21;0;0;0;0;0;0;0;0;0;0;0;0;0;0;0;0;0;0
FR;10;2022-03-22;0;0;0;0;0;0;0;0;0;0;0;0;0;0;0;0;0;0
FR;10;2022-03-23;0;0;0;0;0;0;0;0;0;0;0;0;0;0;0;0;0;0
FR;10;2022-03-24;0;0;0;0;0;0;0;0;0;0;0;0;0;0;0;0;0;0
FR;10;2022-03-25;0;0;0;0;0;0;0;0;0;0;0;0;0;0;0;0;0;0
FR;10;2022-03-26;0;0;0;0;0;0;0;0;0;0;0;0;0;0;0;0;0;0
FR;10;2022-03-27;0;0;0;0;0;0;0;0;0;0;0;0;0;0;0;0;0;0
FR;10;2022-03-28;0;0;0;0;0;0;0;0;0;0;0;0;0;0;0;0;0;0
FR;10;2022-03-29;0;0;0;0;0;0;0;0;0;0;0;0;0;0;0;0;0;0
FR;10;2022-03-30;0;0;0;0;0;0;0;0;0;0;0;0;0;0;0;0;0;0
FR;10;2022-03-31;0;0;0;0;0;0;0;0;0;0;0;0;0;0;0;0;0;0
FR;10;2022-04-01;0;0;0;0;0;0;0;0;0;0;0;0;0;0;0;0;0;0
FR;10;2022-04-02;0;0;0;0;0;0;0;0;0;0;0;0;0;0;0;0;0;0
FR;10;2022-04-03;0;0;0;0;0;0;0;0;0;0;0;0;0;0;0;0;0;0
FR;10;2022-04-04;0;0;0;0;0;0;0;0;0;0;0;0;0;0;0;0;0;0
FR;10;2022-04-05;0;0;0;0;0;0;0;0;0;0;0;0;0;0;0;0;0;0
FR;10;2022-04-06;0;0;0;0;0;0;0;0;0;0;0;0;0;0;0;0;0;0
FR;10;2022-04-07;0;0;0;0;0;0;0;0;0;0;0;0;0;0;0;0;0;0
FR;10;2022-04-08;0;0;0;0;0;0;0;0;0;0;0;0;0;0;0;0;0;0
FR;10;2022-04-09;0;0;0;0;0;0;0;0;0;0;0;0;0;0;0;0;0;0
FR;10;2022-04-10;0;0;0;0;0;0;0;0;0;0;0;0;0;0;0;0;0;0
FR;10;2022-04-11;0;0;0;0;0;0;0;0;0;0;0;0;0;0;0;0;0;0
FR;10;2022-04-12;0;0;0;0;0;0;0;0;0;0;0;0;0;0;0;0;0;0
FR;10;2022-04-13;0;0;0;0;0;0;0;0;0;0;0;0;0;0;0;0;0;0
FR;10;2022-04-14;0;0;0;0;0;0;0;0;0;0;0;0;0;0;0;0;0;0
FR;10;2022-04-15;0;0;0;0;0;0;0;0;0;0;0;0;0;0;0;0;0;0
FR;10;2022-04-16;0;0;0;0;0;0;0;0;0;0;0;0;0;0;0;0;0;0
FR;10;2022-04-17;0;0;0;0;0;0;0;0;0;0;0;0;0;0;0;0;0;0
FR;10;2022-04-18;0;0;0;0;0;0;0;0;0;0;0;0;0;0;0;0;0;0
FR;10;2022-04-19;0;0;0;0;0;0;0;0;0;0;0;0;0;0;0;0;0;0
FR;10;2022-04-20;0;0;0;0;0;0;0;0;0;0;0;0;0;0;0;0;0;0
FR;10;2022-04-21;0;0;0;0;0;0;0;0;0;0;0;0;0;0;0;0;0;0
FR;10;2022-04-22;0;0;0;0;0;0;0;0;0;0;0;0;0;0;0;0;0;0
FR;10;2022-04-23;0;0;0;0;0;0;0;0;0;0;0;0;0;0;0;0;0;0
FR;10;2022-04-24;0;0;0;0;0;0;0;0;0;0;0;0;0;0;0;0;0;0
FR;10;2022-04-25;0;0;0;0;0;0;0;0;0;0;0;0;0;0;0;0;0;0
FR;10;2022-04-26;0;0;0;0;0;0;0;0;0;0;0;0;0;0;0;0;0;0
FR;10;2022-04-27;0;0;0;0;0;0;0;0;0;0;0;0;0;0;0;0;0;0
FR;10;2022-04-28;0;0;0;0;0;0;0;0;0;0;0;0;0;0;0;0;0;0
FR;10;2022-04-29;0;0;0;0;0;0;0;0;0;0;0;0;0;0;0;0;0;0
FR;10;2022-04-30;0;0;0;0;0;0;0;0;0;0;0;0;0;0;0;0;0;0
FR;10;2022-05-01;0;0;0;0;0;0;0;0;0;0;0;0;0;0;0;0;0;0
FR;10;2022-05-02;0;0;0;0;0;0;0;0;0;0;0;0;0;0;0;0;0;0
FR;10;2022-05-03;0;0;0;0;0;0;0;0;0;0;0;0;0;0;0;0;0;0
FR;10;2022-05-04;0;0;0;0;0;0;0;0;0;0;0;0;0;0;0;0;0;0
FR;10;2022-05-05;0;0;0;0;0;0;0;0;0;0;0;0;0;0;0;0;0;0
FR;10;2022-05-06;0;0;0;0;0;0;0;0;0;0;0;0;0;0;0;0;0;0
FR;10;2022-05-07;0;0;0;0;0;0;0;0;0;0;0;0;0;0;0;0;0;0
FR;10;2022-05-08;0;0;0;0;0;0;0;0;0;0;0;0;0;0;0;0;0;0
FR;10;2022-05-09;0;0;0;0;0;0;0;0;0;0;0;0;0;0;0;0;0;0
FR;10;2022-05-10;0;0;0;0;0;0;0;0;0;0;0;0;0;0;0;0;0;0
FR;10;2022-05-11;0;0;0;0;0;0;0;0;0;0;0;0;0;0;0;0;0;0
FR;10;2022-05-12;0;0;0;0;0;0;0;0;0;0;0;0;0;0;0;0;0;0
FR;10;2022-05-13;0;0;0;0;0;0;0;0;0;0;0;0;0;0;0;0;0;0
FR;10;2022-05-14;0;0;0;0;0;0;0;0;0;0;0;0;0;0;0;0;0;0
FR;10;2022-05-15;0;0;0;0;0;0;0;0;0;0;0;0;0;0;0;0;0;0
FR;10;2022-05-16;0;0;0;0;0;0;0;0;0;0;0;0;0;0;0;0;0;0
FR;10;2022-05-17;0;0;0;0;0;0;0;0;0;0;0;0;0;0;0;0;0;0
FR;10;2022-05-18;0;0;0;0;0;0;0;0;0;0;0;0;0;0;0;0;0;0
FR;10;2022-05-19;0;0;0;0;0;0;0;0;0;0;0;0;0;0;0;0;0;0
FR;10;2022-05-20;0;0;0;0;0;0;0;0;0;0;0;0;0;0;0;0;0;0
FR;10;2022-05-21;0;0;0;0;0;0;0;0;0;0;0;0;0;0;0;0;0;0
FR;10;2022-05-22;0;0;0;0;0;0;0;0;0;0;0;0;0;0;0;0;0;0
FR;10;2022-05-23;0;0;0;0;0;0;0;0;0;0;0;0;0;0;0;0;0;0
FR;10;2022-05-24;0;0;0;0;0;0;0;0;0;0;0;0;0;0;0;0;0;0
FR;10;2022-05-25;0;0;0;0;0;0;0;0;0;0;0;0;0;0;0;0;0;0
FR;10;2022-05-26;0;0;0;0;0;0;0;0;0;0;0;0;0;0;0;0;0;0
FR;10;2022-05-27;0;0;0;0;0;0;0;0;0;0;0;0;0;0;0;0;0;0
FR;10;2022-05-28;0;0;0;0;0;0;0;0;0;0;0;0;0;0;0;0;0;0
FR;10;2022-05-29;0;0;0;0;0;0;0;0;0;0;0;0;0;0;0;0;0;0
FR;10;2022-05-30;0;0;0;0;0;0;0;0;0;0;0;0;0;0;0;0;0;0
FR;10;2022-05-31;0;0;0;0;0;0;0;0;0;0;0;0;0;0;0;0;0;0
FR;10;2022-06-01;0;0;0;0;0;0;0;0;0;0;0;0;0;0;0;0;0;0
FR;10;2022-06-02;0;0;0;0;0;0;0;0;0;0;0;0;0;0;0;0;0;0
FR;10;2022-06-03;0;0;0;0;0;0;0;0;0;0;0;0;0;0;0;0;0;0
FR;10;2022-06-04;0;0;0;0;0;0;0;0;0;0;0;0;0;0;0;0;0;0
FR;10;2022-06-05;0;0;0;0;0;0;0;0;0;0;0;0;0;0;0;0;0;0
FR;10;2022-06-06;0;0;0;0;0;0;0;0;0;0;0;0;0;0;0;0;0;0
FR;10;2022-06-07;0;0;0;0;0;0;0;0;0;0;0;0;0;0;0;0;0;0
FR;10;2022-06-08;0;0;0;0;0;0;0;0;0;0;0;0;0;0;0;0;0;0
FR;10;2022-06-09;0;0;0;0;0;0;0;0;0;0;0;0;0;0;0;0;0;0
FR;10;2022-06-10;0;0;0;0;0;0;0;0;0;0;0;0;0;0;0;0;0;0
FR;10;2022-06-11;0;0;0;0;0;0;0;0;0;0;0;0;0;0;0;0;0;0
FR;10;2022-06-12;0;0;0;0;0;0;0;0;0;0;0;0;0;0;0;0;0;0
FR;10;2022-06-13;0;0;0;0;0;0;0;0;0;0;0;0;0;0;0;0;0;0
FR;10;2022-06-14;0;0;0;0;0;0;0;0;0;0;0;0;0;0;0;0;0;0
FR;10;2022-06-15;0;0;0;0;0;0;0;0;0;0;0;0;0;0;0;0;0;0
FR;10;2022-06-16;0;0;0;0;0;0;0;0;0;0;0;0;0;0;0;0;0;0
FR;10;2022-06-17;0;0;0;0;0;0;0;0;0;0;0;0;0;0;0;0;0;0
FR;10;2022-06-18;0;0;0;0;0;0;0;0;0;0;0;0;0;0;0;0;0;0
FR;10;2022-06-19;0;0;0;0;0;0;0;0;0;0;0;0;0;0;0;0;0;0
FR;10;2022-06-20;0;0;0;0;0;0;0;0;0;0;0;0;0;0;0;0;0;0
FR;10;2022-06-21;0;0;0;0;0;0;0;0;0;0;0;0;0;0;0;0;0;0
FR;10;2022-06-22;0;0;0;0;0;0;0;0;0;0;0;0;0;0;0;0;0;0
FR;10;2022-06-23;0;0;0;0;0;0;0;0;0;0;0;0;0;0;0;0;0;0
FR;10;2022-06-24;0;0;0;0;0;0;0;0;0;0;0;0;0;0;0;0;0;0
FR;10;2022-06-25;0;0;0;0;0;0;0;0;0;0;0;0;0;0;0;0;0;0
FR;10;2022-06-26;0;0;0;0;0;0;0;0;0;0;0;0;0;0;0;0;0;0
FR;10;2022-06-27;0;0;0;0;0;0;0;0;0;0;0;0;0;0;0;0;0;0
FR;10;2022-06-28;0;0;0;0;0;0;0;0;0;0;0;0;0;0;0;0;0;0
FR;10;2022-06-29;0;0;0;0;0;0;0;0;0;0;0;0;0;0;0;0;0;0
FR;10;2022-06-30;0;0;0;0;0;0;0;0;0;0;0;0;0;0;0;0;0;0
FR;10;2022-07-01;0;0;0;0;0;0;0;0;0;0;0;0;0;0;0;0;0;0
FR;10;2022-07-02;0;0;0;0;0;0;0;0;0;0;0;0;0;0;0;0;0;0
FR;10;2022-07-03;0;0;0;0;0;0;0;0;0;0;0;0;0;0;0;0;0;0
FR;10;2022-07-04;0;0;0;0;0;0;0;0;0;0;0;0;0;0;0;0;0;0
FR;10;2022-07-05;0;0;0;0;0;0;0;0;0;0;0;0;0;0;0;0;0;0
FR;10;2022-07-06;0;0;0;0;0;0;0;0;0;0;0;0;0;0;0;0;0;0
FR;10;2022-07-07;0;0;0;0;0;0;0;0;0;0;0;0;0;0;0;0;0;0
FR;10;2022-07-08;0;0;0;0;0;0;0;0;0;0;0;0;0;0;0;0;0;0
FR;10;2022-07-09;0;0;0;0;0;0;0;0;0;0;0;0;0;0;0;0;0;0
FR;10;2022-07-10;0;0;0;0;0;0;0;0;0;0;0;0;0;0;0;0;0;0
FR;10;2022-07-11;0;0;0;0;0;0;0;0;0;0;0;0;0;0;0;0;0;0
FR;10;2022-07-12;0;0;0;0;0;0;0;0;0;0;0;0;0;0;0;0;0;0
FR;10;2022-07-13;0;0;0;0;0;0;0;0;0;0;0;0;0;0;0;0;0;0
FR;10;2022-07-14;0;0;0;0;0;0;0;0;0;0;0;0;0;0;0;0;0;0
FR;10;2022-07-15;0;0;0;0;0;0;0;0;0;0;0;0;0;0;0;0;0;0
FR;10;2022-07-16;0;0;0;0;0;0;0;0;0;0;0;0;0;0;0;0;0;0
FR;10;2022-07-17;0;0;0;0;0;0;0;0;0;0;0;0;0;0;0;0;0;0
FR;10;2022-07-18;0;0;0;0;0;0;0;0;0;0;0;0;0;0;0;0;0;0
FR;10;2022-07-19;0;0;0;0;0;0;0;0;0;0;0;0;0;0;0;0;0;0
FR;10;2022-07-20;0;0;0;0;0;0;0;0;0;0;0;0;0;0;0;0;0;0
FR;10;2022-07-21;0;0;0;0;0;0;0;0;0;0;0;0;0;0;0;0;0;0
FR;10;2022-07-22;0;0;0;0;0;0;0;0;0;0;0;0;0;0;0;0;0;0
FR;10;2022-07-23;0;0;0;0;0;0;0;0;0;0;0;0;0;0;0;0;0;0
FR;10;2022-07-24;0;0;0;0;0;0;0;0;0;0;0;0;0;0;0;0;0;0
FR;10;2022-07-25;0;0;0;0;0;0;0;0;0;0;0;0;0;0;0;0;0;0
FR;10;2022-07-26;0;0;0;0;0;0;0;0;0;0;0;0;0;0;0;0;0;0
FR;10;2022-07-27;0;0;0;0;0;0;0;0;0;0;0;0;0;0;0;0;0;0
FR;10;2022-07-28;0;0;0;0;0;0;0;0;0;0;0;0;0;0;0;0;0;0
FR;10;2022-07-29;0;0;0;0;0;0;0;0;0;0;0;0;0;0;0;0;0;0
FR;10;2022-07-30;0;0;0;0;0;0;0;0;0;0;0;0;0;0;0;0;0;0
FR;10;2022-07-31;0;0;0;0;0;0;0;0;0;0;0;0;0;0;0;0;0;0
FR;10;2022-08-01;0;0;0;0;0;0;0;0;0;0;0;0;0;0;0;0;0;0
FR;10;2022-08-02;0;0;0;0;0;0;0;0;0;0;0;0;0;0;0;0;0;0
FR;10;2022-08-03;0;0;0;0;0;0;0;0;0;0;0;0;0;0;0;0;0;0
FR;10;2022-08-04;0;0;0;0;0;0;0;0;0;0;0;0;0;0;0;0;0;0
FR;10;2022-08-05;0;0;0;0;0;0;0;0;0;0;0;0;0;0;0;0;0;0
FR;10;2022-08-06;0;0;0;0;0;0;0;0;0;0;0;0;0;0;0;0;0;0
FR;10;2022-08-07;0;0;0;0;0;0;0;0;0;0;0;0;0;0;0;0;0;0
FR;10;2022-08-08;0;0;0;0;0;0;0;0;0;0;0;0;0;0;0;0;0;0
FR;10;2022-08-09;0;0;0;0;0;0;0;0;0;0;0;0;0;0;0;0;0;0
FR;10;2022-08-10;0;0;0;0;0;0;0;0;0;0;0;0;0;0;0;0;0;0
FR;10;2022-08-11;0;0;0;0;0;0;0;0;0;0;0;0;0;0;0;0;0;0
FR;10;2022-08-12;0;0;0;0;0;0;0;0;0;0;0;0;0;0;0;0;0;0
FR;10;2022-08-13;0;0;0;0;0;0;0;0;0;0;0;0;0;0;0;0;0;0
FR;10;2022-08-14;0;0;0;0;0;0;0;0;0;0;0;0;0;0;0;0;0;0
FR;10;2022-08-15;0;0;0;0;0;0;0;0;0;0;0;0;0;0;0;0;0;0
FR;10;2022-08-16;0;0;0;0;0;0;0;0;0;0;0;0;0;0;0;0;0;0
FR;10;2022-08-17;0;0;0;0;0;0;0;0;0;0;0;0;0;0;0;0;0;0
FR;10;2022-08-18;0;0;0;0;0;0;0;0;0;0;0;0;0;0;0;0;0;0
FR;10;2022-08-19;0;0;0;0;0;0;0;0;0;0;0;0;0;0;0;0;0;0
FR;10;2022-08-20;0;0;0;0;0;0;0;0;0;0;0;0;0;0;0;0;0;0
FR;10;2022-08-21;0;0;0;0;0;0;0;0;0;0;0;0;0;0;0;0;0;0
FR;10;2022-08-22;0;0;0;0;0;0;0;0;0;0;0;0;0;0;0;0;0;0
FR;10;2022-08-23;0;0;0;0;0;0;0;0;0;0;0;0;0;0;0;0;0;0
FR;10;2022-08-24;0;0;0;0;0;0;0;0;0;0;0;0;0;0;0;0;0;0
FR;10;2022-08-25;0;0;0;0;0;0;0;0;0;0;0;0;0;0;0;0;0;0
FR;10;2022-08-26;0;0;0;0;0;0;0;0;0;0;0;0;0;0;0;0;0;0
FR;10;2022-08-27;0;0;0;0;0;0;0;0;0;0;0;0;0;0;0;0;0;0
FR;10;2022-08-28;0;0;0;0;0;0;0;0;0;0;0;0;0;0;0;0;0;0
FR;10;2022-08-29;0;0;0;0;0;0;0;0;0;0;0;0;0;0;0;0;0;0
FR;10;2022-08-30;0;0;0;0;0;0;0;0;0;0;0;0;0;0;0;0;0;0
FR;10;2022-08-31;0;0;0;0;0;0;0;0;0;0;0;0;0;0;0;0;0;0
FR;10;2022-09-01;0;0;0;0;0;0;0;0;0;0;0;0;0;0;0;0;0;0
FR;10;2022-09-02;0;0;0;0;0;0;0;0;0;0;0;0;0;0;0;0;0;0
FR;10;2022-09-03;0;0;0;0;0;0;0;0;0;0;0;0;0;0;0;0;0;0
FR;10;2022-09-04;0;0;0;0;0;0;0;0;0;0;0;0;0;0;0;0;0;0
FR;10;2022-09-05;0;0;0;0;0;0;0;0;0;0;0;0;0;0;0;0;0;0
FR;10;2022-09-06;0;0;0;0;0;0;0;0;0;0;0;0;0;0;0;0;0;0
FR;10;2022-09-07;0;0;0;0;0;0;0;0;0;0;0;0;0;0;0;0;0;0
FR;10;2022-09-08;0;0;0;0;0;0;0;0;0;0;0;0;0;0;0;0;0;0
FR;10;2022-09-09;0;0;0;0;0;0;0;0;0;0;0;0;0;0;0;0;0;0
FR;10;2022-09-10;0;0;0;0;0;0;0;0;0;0;0;0;0;0;0;0;0;0
FR;10;2022-09-11;0;0;0;0;0;0;0;0;0;0;0;0;0;0;0;0;0;0
FR;10;2022-09-12;0;0;0;0;0;0;0;0;0;0;0;0;0;0;0;0;0;0
FR;10;2022-09-13;0;0;0;0;0;0;0;0;0;0;0;0;0;0;0;0;0;0
FR;10;2022-09-14;0;0;0;0;0;0;0;0;0;0;0;0;0;0;0;0;0;0
FR;10;2022-09-15;0;0;0;0;0;0;0;0;0;0;0;0;0;0;0;0;0;0
FR;10;2022-09-16;0;0;0;0;0;0;0;0;0;0;0;0;0;0;0;0;0;0
FR;10;2022-09-17;0;0;0;0;0;0;0;0;0;0;0;0;0;0;0;0;0;0
FR;10;2022-09-18;0;0;0;0;0;0;0;0;0;0;0;0;0;0;0;0;0;0
FR;10;2022-09-19;0;0;0;0;0;0;0;0;0;0;0;0;0;0;0;0;0;0
FR;10;2022-09-20;0;0;0;0;0;0;0;0;0;0;0;0;0;0;0;0;0;0
FR;10;2022-09-21;0;0;0;0;0;0;0;0;0;0;0;0;0;0;0;0;0;0
FR;10;2022-09-22;0;0;0;0;0;0;0;0;0;0;0;0;0;0;0;0;0;0
FR;10;2022-09-23;0;0;0;0;0;0;0;0;0;0;0;0;0;0;0;0;0;0
FR;10;2022-09-24;0;0;0;0;0;0;0;0;0;0;0;0;0;0;0;0;0;0
FR;10;2022-09-25;0;0;0;0;0;0;0;0;0;0;0;0;0;0;0;0;0;0
FR;10;2022-09-26;0;0;0;0;0;0;0;0;0;0;0;0;0;0;0;0;0;0
FR;10;2022-09-27;0;0;0;0;0;0;0;0;0;0;0;0;0;0;0;0;0;0
FR;10;2022-09-28;0;0;0;0;0;0;0;0;0;0;0;0;0;0;0;0;0;0
FR;10;2022-09-29;0;0;0;0;0;0;0;0;0;0;0;0;0;0;0;0;0;0
FR;10;2022-09-30;0;0;0;0;0;0;0;0;0;0;0;0;0;0;0;0;0;0
FR;10;2022-10-01;0;0;0;0;0;0;0;0;0;0;0;0;0;0;0;0;0;0
FR;10;2022-10-02;0;0;0;0;0;0;0;0;0;0;0;0;0;0;0;0;0;0
FR;10;2022-10-03;0;0;0;0;0;0;0;0;0;0;0;0;0;0;0;0;0;0
FR;10;2022-10-04;0;0;0;0;0;0;0;0;0;0;0;0;0;0;0;0;0;0
FR;10;2022-10-05;0;0;0;0;0;0;0;0;0;0;0;0;0;0;0;0;0;0
FR;10;2022-10-06;0;0;0;0;0;0;0;0;0;0;0;0;0;0;0;0;0;0
FR;10;2022-10-07;0;0;0;0;0;0;0;0;0;0;0;0;0;0;0;0;0;0
FR;10;2022-10-08;0;0;0;0;0;0;0;0;0;0;0;0;0;0;0;0;0;0
FR;10;2022-10-09;0;0;0;0;0;0;0;0;0;0;0;0;0;0;0;0;0;0
FR;10;2022-10-10;0;0;0;0;0;0;0;0;0;0;0;0;0;0;0;0;0;0
FR;10;2022-10-11;0;0;0;0;0;0;0;0;0;0;0;0;0;0;0;0;0;0
FR;10;2022-10-12;0;0;0;0;0;0;0;0;0;0;0;0;0;0;0;0;0;0
FR;10;2022-10-13;0;0;0;0;0;0;0;0;0;0;0;0;0;0;0;0;0;0
FR;10;2022-10-14;0;0;0;0;0;0;0;0;0;0;0;0;0;0;0;0;0;0
FR;10;2022-10-15;0;0;0;0;0;0;0;0;0;0;0;0;0;0;0;0;0;0
FR;10;2022-10-16;0;0;0;0;0;0;0;0;0;0;0;0;0;0;0;0;0;0
FR;10;2022-10-17;0;0;0;0;0;0;0;0;0;0;0;0;0;0;0;0;0;0
FR;10;2022-10-18;0;0;0;0;0;0;0;0;0;0;0;0;0;0;0;0;0;0
FR;10;2022-10-19;0;0;0;0;0;0;0;0;0;0;0;0;0;0;0;0;0;0
FR;10;2022-10-20;0;0;0;0;0;0;0;0;0;0;0;0;0;0;0;0;0;0
FR;10;2022-10-21;0;0;0;0;0;0;0;0;0;0;0;0;0;0;0;0;0;0
FR;10;2022-10-22;0;0;0;0;0;0;0;0;0;0;0;0;0;0;0;0;0;0
FR;10;2022-10-23;0;0;0;0;0;0;0;0;0;0;0;0;0;0;0;0;0;0
FR;10;2022-10-24;0;0;0;0;0;0;0;0;0;0;0;0;0;0;0;0;0;0
FR;10;2022-10-25;0;0;0;0;0;0;0;0;0;0;0;0;0;0;0;0;0;0
FR;10;2022-10-26;0;0;0;0;0;0;0;0;0;0;0;0;0;0;0;0;0;0
FR;10;2022-10-27;0;0;0;0;0;0;0;0;0;0;0;0;0;0;0;0;0;0
FR;10;2022-10-28;0;0;0;0;0;0;0;0;0;0;0;0;0;0;0;0;0;0
FR;10;2022-10-29;0;0;0;0;0;0;0;0;0;0;0;0;0;0;0;0;0;0
FR;10;2022-10-30;0;0;0;0;0;0;0;0;0;0;0;0;0;0;0;0;0;0
FR;10;2022-10-31;0;0;0;0;0;0;0;0;0;0;0;0;0;0;0;0;0;0
FR;10;2022-11-01;0;0;0;0;0;0;0;0;0;0;0;0;0;0;0;0;0;0
FR;10;2022-11-02;0;0;0;0;0;0;0;0;0;0;0;0;0;0;0;0;0;0
FR;10;2022-11-03;0;0;0;0;0;0;0;0;0;0;0;0;0;0;0;0;0;0
FR;10;2022-11-04;0;0;0;0;0;0;0;0;0;0;0;0;0;0;0;0;0;0
FR;10;2022-11-05;0;0;0;0;0;0;0;0;0;0;0;0;0;0;0;0;0;0
FR;10;2022-11-06;0;0;0;0;0;0;0;0;0;0;0;0;0;0;0;0;0;0
FR;10;2022-11-07;0;0;0;0;0;0;0;0;0;0;0;0;0;0;0;0;0;0
FR;10;2022-11-08;0;0;0;0;0;0;0;0;0;0;0;0;0;0;0;0;0;0
FR;10;2022-11-09;0;0;0;0;0;0;0;0;0;0;0;0;0;0;0;0;0;0
FR;10;2022-11-10;0;0;0;0;0;0;0;0;0;0;0;0;0;0;0;0;0;0
FR;10;2022-11-11;0;0;0;0;0;0;0;0;0;0;0;0;0;0;0;0;0;0
FR;10;2022-11-12;0;0;0;0;0;0;0;0;0;0;0;0;0;0;0;0;0;0
FR;10;2022-11-13;0;0;0;0;0;0;0;0;0;0;0;0;0;0;0;0;0;0
FR;10;2022-11-14;0;0;0;0;0;0;0;0;0;0;0;0;0;0;0;0;0;0
FR;10;2022-11-15;0;0;0;0;0;0;0;0;0;0;0;0;0;0;0;0;0;0
FR;10;2022-11-16;0;0;0;0;0;0;0;0;0;0;0;0;0;0;0;0;0;0
FR;10;2022-11-17;0;0;0;0;0;0;0;0;0;0;0;0;0;0;0;0;0;0
FR;10;2022-11-18;0;0;0;0;0;0;0;0;0;0;0;0;0;0;0;0;0;0
FR;10;2022-11-19;0;0;0;0;0;0;0;0;0;0;0;0;0;0;0;0;0;0
FR;10;2022-11-20;0;0;0;0;0;0;0;0;0;0;0;0;0;0;0;0;0;0
FR;10;2022-11-21;0;0;0;0;0;0;0;0;0;0;0;0;0;0;0;0;0;0
FR;10;2022-11-22;0;0;0;0;0;0;0;0;0;0;0;0;0;0;0;0;0;0
FR;10;2022-11-23;0;0;0;0;0;0;0;0;0;0;0;0;0;0;0;0;0;0
FR;10;2022-11-24;0;0;0;0;0;0;0;0;0;0;0;0;0;0;0;0;0;0
FR;10;2022-11-25;0;0;0;0;0;0;0;0;0;0;0;0;0;0;0;0;0;0
FR;10;2022-11-26;0;0;0;0;0;0;0;0;0;0;0;0;0;0;0;0;0;0
FR;10;2022-11-27;0;0;0;0;0;0;0;0;0;0;0;0;0;0;0;0;0;0
FR;10;2022-11-28;0;0;0;0;0;0;0;0;0;0;0;0;0;0;0;0;0;0
FR;10;2022-11-29;0;0;0;0;0;0;0;0;0;0;0;0;0;0;0;0;0;0
FR;10;2022-11-30;0;0;0;0;0;0;0;0;0;0;0;0;0;0;0;0;0;0
FR;10;2022-12-01;0;0;0;0;0;0;0;0;0;0;0;0;0;0;0;0;0;0
FR;10;2022-12-02;0;0;0;0;0;0;0;0;0;0;0;0;0;0;0;0;0;0
FR;10;2022-12-03;0;0;0;0;0;0;0;0;0;0;0;0;0;0;0;0;0;0
FR;10;2022-12-04;0;0;0;0;0;0;0;0;0;0;0;0;0;0;0;0;0;0
FR;10;2022-12-05;0;0;0;0;0;0;0;0;0;0;0;0;0;0;0;0;0;0
FR;10;2022-12-06;0;0;0;0;0;0;0;0;0;0;0;0;0;0;0;0;0;0
FR;10;2022-12-07;0;0;0;0;0;0;0;0;0;0;0;0;0;0;0;0;0;0
FR;10;2022-12-08;0;0;0;0;0;0;0;0;0;0;0;0;0;0;0;0;0;0
FR;10;2022-12-09;0;0;0;0;0;0;0;0;0;0;0;0;0;0;0;0;0;0
FR;10;2022-12-10;0;0;0;0;0;0;0;0;0;0;0;0;0;0;0;0;0;0
FR;10;2022-12-11;0;0;0;0;0;0;0;0;0;0;0;0;0;0;0;0;0;0
FR;10;2022-12-12;0;0;0;0;0;0;0;0;0;0;0;0;0;0;0;0;0;0
FR;10;2022-12-13;0;0;0;0;0;0;0;0;0;0;0;0;0;0;0;0;0;0
FR;10;2022-12-14;0;0;0;0;0;0;0;0;0;0;0;0;0;0;0;0;0;0
FR;10;2022-12-15;0;0;0;0;0;0;0;0;0;0;0;0;0;0;0;0;0;0
FR;10;2022-12-16;0;0;0;0;0;0;0;0;0;0;0;0;0;0;0;0;0;0
FR;10;2022-12-17;0;0;0;0;0;0;0;0;0;0;0;0;0;0;0;0;0;0
FR;10;2022-12-18;0;0;0;0;0;0;0;0;0;0;0;0;0;0;0;0;0;0
FR;10;2022-12-19;0;0;0;0;0;0;0;0;0;0;0;0;0;0;0;0;0;0
FR;10;2022-12-20;0;0;0;0;0;0;0;0;0;0;0;0;0;0;0;0;0;0
FR;10;2022-12-21;0;0;0;0;0;0;0;0;0;0;0;0;0;0;0;0;0;0
FR;10;2022-12-22;0;0;0;1;0;0;1;0;0;0;0;0;1;0;0;1;0;0
FR;10;2022-12-23;0;0;1;14;0;2;14;0;7;0;0;1;15;0;2;15;0;7
FR;10;2022-12-24;0;0;0;3;0;0;3;0;1;0;0;1;18;0;2;18;0;8
FR;10;2022-12-25;0;0;0;0;0;0;0;0;0;0;0;1;18;0;2;18;0;8
FR;10;2022-12-26;3;1;11;35;0;8;39;0;5;3;1;12;53;0;10;57;0;13
FR;10;2022-12-27;1;1;13;34;1;11;36;0;10;4;2;25;87;1;21;93;0;23
FR;10;2022-12-28;0;0;1;13;0;0;12;0;2;4;2;26;100;1;21;105;0;25
FR;10;2022-12-29;0;0;5;45;0;1;46;0;15;4;2;31;145;1;22;151;0;40
FR;0;2020-12-27;616;0;0;0;55;0;0;0;0;616;0;0;0;55;0;0;0;0
FR;0;2020-12-28;701;1;0;0;43;0;0;0;0;1317;1;0;0;98;0;0;0;0
FR;0;2020-12-29;387;0;0;0;19;0;0;0;0;1704;1;0;0;117;0;0;0;0
FR;0;2020-12-30;450;0;0;0;18;0;0;0;0;2154;1;0;0;135;0;0;0;0
FR;0;2020-12-31;446;1;0;0;23;0;0;0;0;2600;2;0;0;158;0;0;0;0
FR;0;2021-01-01;1187;2;0;0;65;0;0;0;0;3787;4;0;0;223;0;0;0;0
FR;0;2021-01-02;366;3;0;0;28;0;0;0;0;4153;7;0;0;251;0;0;0;0
FR;0;2021-01-03;412;0;0;0;23;0;0;0;0;4565;7;0;0;274;0;0;0;0
FR;0;2021-01-04;2126;4;0;0;50;0;0;0;0;6691;11;0;0;324;0;0;0;0
FR;0;2021-01-05;7764;6;0;0;128;0;0;0;0;14455;17;0;0;452;0;0;0;0
FR;0;2021-01-06;12468;23;0;0;127;0;0;0;0;26923;40;0;0;579;0;0;0;0
FR;0;2021-01-07;29475;22;0;0;158;0;0;0;0;56398;62;0;0;737;0;0;0;0
FR;0;2021-01-08;37165;34;0;0;203;0;0;0;0;93563;96;0;0;940;0;0;0;0
FR;0;2021-01-09;11219;9;0;0;77;0;0;0;0;104782;105;0;0;1017;0;0;0;0
FR;0;2021-01-10;6012;8;0;0;28;0;0;0;0;110794;113;0;0;1045;0;0;0;0
FR;0;2021-01-11;39952;36;0;0;229;0;0;0;0;150746;149;0;0;1274;0;0;0;0
FR;0;2021-01-12;62156;27;0;0;298;0;0;0;0;212902;176;0;0;1572;0;0;0;0
FR;0;2021-01-13;65145;60;0;0;432;0;0;0;0;278047;236;0;0;2004;0;0;0;0
FR;0;2021-01-14;83111;236;0;0;1171;0;0;0;0;361158;472;0;0;3175;0;0;0;0
FR;0;2021-01-15;69027;94;0;0;554;0;0;0;0;430185;566;0;0;3729;0;0;0;0
FR;0;2021-01-16;20219;73;0;0;184;0;0;0;0;450404;639;0;0;3913;0;0;0;0
FR;0;2021-01-17;10990;54;0;0;138;0;0;0;0;461394;693;0;0;4051;0;0;0;0
FR;0;2021-01-18;85918;178;0;0;616;0;0;0;0;547312;871;0;0;4667;0;0;0;0
FR;0;2021-01-19;130614;208;0;0;867;0;0;0;0;677926;1079;0;0;5534;0;0;0;0
FR;0;2021-01-20;137563;194;0;0;837;0;0;0;0;815489;1273;0;0;6371;0;0;0;0
FR;0;2021-01-21;158424;198;0;0;946;0;0;0;0;973913;1471;0;0;7317;0;0;0;0
FR;0;2021-01-22;121081;254;0;0;844;0;0;0;0;1094994;1725;0;0;8161;0;0;0;0
FR;0;2021-01-23;38490;80;0;0;217;0;0;0;0;1133484;1805;0;0;8378;0;0;0;0
FR;0;2021-01-24;9748;127;0;0;192;0;0;0;0;1143232;1932;0;0;8570;0;0;0;0
FR;0;2021-01-25;78250;1444;0;0;1796;0;0;0;0;1221482;3376;0;0;10366;0;0;0;0
FR;0;2021-01-26;100389;3691;1;0;4169;0;0;0;0;1321871;7067;1;0;14535;0;0;0;0
FR;0;2021-01-27;107261;6399;0;0;7115;0;0;0;0;1429132;13466;1;0;21650;0;0;0;0
FR;0;2021-01-28;124376;16352;0;0;17176;0;0;0;0;1553508;29818;1;0;38826;0;0;0;0
FR;0;2021-01-29;92200;18696;0;0;19270;0;0;0;0;1645708;48514;1;0;58096;0;0;0;0
FR;0;2021-01-30;29128;4510;0;0;4646;0;0;0;0;1674836;53024;1;0;62742;0;0;0;0
FR;0;2021-01-31;5240;1902;0;0;1946;0;0;0;0;1680076;54926;1;0;64688;0;0;0;0
FR;0;2021-02-01;53149;22903;0;0;23167;0;0;0;0;1733225;77829;1;0;87855;0;0;0;0
FR;0;2021-02-02;72331;38001;0;0;38491;0;0;0;0;1805556;115830;1;0;126346;0;0;0;0
FR;0;2021-02-03;72325;40043;0;0;40543;0;0;0;0;1877881;155873;1;0;166889;0;0;0;0
FR;0;2021-02-04;82090;54794;0;0;55386;0;0;0;0;1959971;210667;1;0;222275;0;0;0;0
FR;0;2021-02-05;68248;48009;0;0;48440;0;0;0;0;2028219;258676;1;0;270715;0;0;0;0
FR;0;2021-02-06;22959;11397;0;0;11636;0;0;0;0;2051178;270073;1;0;282351;0;0;0;0
FR;0;2021-02-07;5195;6021;0;0;6147;0;0;0;0;2056373;276094;1;0;288498;0;0;0;0
FR;0;2021-02-08;46855;48642;0;0;49116;0;0;0;0;2103228;324736;1;0;337614;0;0;0;0
FR;0;2021-02-09;66040;78111;0;0;79202;0;0;0;0;2169268;402847;1;0;416816;0;0;0;0
FR;0;2021-02-10;71036;83076;0;0;84366;0;0;0;0;2240304;485923;1;0;501182;0;0;0;0
FR;0;2021-02-11;87305;105157;0;0;107080;0;0;0;0;2327609;591080;1;0;608262;0;0;0;0
FR;0;2021-02-12;79351;75977;0;0;77711;0;0;0;0;2406960;667057;1;0;685973;0;0;0;0
FR;0;2021-02-13;22387;19535;0;0;19901;0;0;0;0;2429347;686592;1;0;705874;0;0;0;0
FR;0;2021-02-14;5080;7368;0;0;7495;0;0;0;0;2434427;693960;1;0;713369;0;0;0;0
FR;0;2021-02-15;38126;76726;0;0;77728;0;0;0;0;2472553;770686;1;0;791097;0;0;0;0
FR;0;2021-02-16;50413;99791;0;0;101117;0;0;0;0;2522966;870477;1;0;892214;0;0;0;0
FR;0;2021-02-17;50549;106760;20;0;108195;0;0;0;0;2573515;977237;21;0;1000409;0;0;0;0
FR;0;2021-02-18;69812;123480;0;0;125508;0;0;0;0;2643327;1100717;21;0;1125917;0;0;0;0
FR;0;2021-02-19;65087;92099;1;0;93979;0;0;0;0;2708414;1192816;22;0;1219896;0;0;0;0
FR;0;2021-02-20;18599;28566;0;0;28933;0;0;0;0;2727013;1221382;22;0;1248829;0;0;0;0
FR;0;2021-02-21;3332;6083;0;0;6188;0;0;0;0;2730345;1227465;22;0;1255017;0;0;0;0
FR;0;2021-02-22;37508;73188;2;0;74194;0;0;0;0;2767853;1300653;24;0;1329211;0;0;0;0
FR;0;2021-02-23;53796;85237;1;0;86743;0;0;0;0;2821649;1385890;25;0;1415954;0;0;0;0
FR;0;2021-02-24;60032;82809;1;0;84383;0;0;0;0;2881681;1468699;26;0;1500337;0;0;0;0
FR;0;2021-02-25;100607;91348;1;0;94328;0;0;0;0;2982288;1560047;27;0;1594665;0;0;0;0
FR;0;2021-02-26;113487;70757;1;0;73889;0;0;0;0;3095775;1630804;28;0;1668554;0;0;0;0
FR;0;2021-02-27;52128;22421;1;0;23663;0;0;0;0;3147903;1653225;29;0;1692217;0;0;0;0
FR;0;2021-02-28;6208;4126;2;0;4323;0;0;0;0;3154111;1657351;31;0;1696540;0;0;0;0
FR;0;2021-03-01;65931;54065;1;0;55923;0;0;0;0;3220042;1711416;32;0;1752463;0;0;0;0
FR;0;2021-03-02;101409;67159;3;0;70195;0;0;0;0;3321451;1778575;35;0;1822658;0;0;0;0
FR;0;2021-03-03;116552;65455;0;0;69135;0;0;0;0;3438003;1844030;35;0;1891793;0;0;0;0
FR;0;2021-03-04;163655;72495;3;0;78057;0;0;0;0;3601658;1916525;38;0;1969850;0;0;0;0
FR;0;2021-03-05;200955;62720;3;0;69444;0;0;0;0;3802613;1979245;41;0;2039294;0;0;0;0
FR;0;2021-03-06;207983;17508;3;0;22807;0;0;0;0;4010596;1996753;44;0;2062101;0;0;0;0
FR;0;2021-03-07;121290;4043;1;0;7337;0;0;0;0;4131886;2000796;45;0;2069438;0;0;0;0
FR;0;2021-03-08;107173;49613;2;0;53094;0;0;0;0;4239059;2050409;47;0;2122532;0;0;0;0
FR;0;2021-03-09;172476;56089;2;0;61575;0;0;0;0;4411535;2106498;49;0;2184107;0;0;0;0
FR;0;2021-03-10;179035;57089;5;0;62753;0;0;0;0;4590570;2163587;54;0;2246860;0;0;0;0
FR;0;2021-03-11;242927;63997;2;0;72079;0;0;0;0;4833497;2227584;56;0;2318939;0;0;0;0
FR;0;2021-03-12;294865;53378;1;0;62833;0;0;0;0;5128362;2280962;57;0;2381772;0;0;0;0
FR;0;2021-03-13;231440;15271;1;0;21249;0;0;0;0;5359802;2296233;58;0;2403021;0;0;0;0
FR;0;2021-03-14;63359;3078;1;0;5113;0;0;0;0;5423161;2299311;59;0;2408134;0;0;0;0
FR;0;2021-03-15;158690;31566;3;0;36213;0;0;0;0;5581851;2330877;62;0;2444347;0;0;0;0
FR;0;2021-03-16;141590;38822;6;0;42965;0;0;0;0;5723441;2369699;68;0;2487312;0;0;0;0
FR;0;2021-03-17;150514;37610;4;0;42375;0;0;0;0;5873955;2407309;72;0;2529687;0;0;0;0
FR;0;2021-03-18;167862;44394;5;0;49951;0;0;0;0;6041817;2451703;77;0;2579638;0;0;0;0
FR;0;2021-03-19;230048;36758;2;0;44113;0;0;0;0;6271865;2488461;79;0;2623751;0;0;0;0
FR;0;2021-03-20;166715;11396;1;0;16021;0;0;0;0;6438580;2499857;80;0;2639772;0;0;0;0
FR;0;2021-03-21;49953;2154;1;0;3912;0;0;0;0;6488533;2502011;81;0;2643684;0;0;0;0
FR;0;2021-03-22;170076;33557;2;0;39053;0;0;0;0;6658609;2535568;83;0;2682737;0;0;0;0
FR;0;2021-03-23;250426;42400;1;0;50236;0;0;0;0;6909035;2577968;84;0;2732973;0;0;0;0
FR;0;2021-03-24;256940;43542;0;0;51629;0;0;0;0;7165975;2621510;84;0;2784602;0;0;0;0
FR;0;2021-03-25;341861;45244;5;0;56234;0;0;0;0;7507836;2666754;89;0;2840836;0;0;0;0
FR;0;2021-03-26;358838;41803;5;1;53550;0;0;0;0;7866674;2708557;94;1;2894386;0;0;0;0
FR;0;2021-03-27;195292;16940;1;0;23382;0;0;0;0;8061966;2725497;95;1;2917768;0;0;0;0
FR;0;2021-03-28;59352;4545;3;0;6609;0;0;0;0;8121318;2730042;98;1;2924377;0;0;0;0
FR;0;2021-03-29;203012;53446;4;0;60199;0;0;0;0;8324330;2783488;102;1;2984576;0;0;0;0
FR;0;2021-03-30;285525;69985;5;0;80388;0;0;0;0;8609855;2853473;107;1;3064964;0;0;0;0
FR;0;2021-03-31;263074;73963;4;0;84638;0;0;0;0;8872929;2927436;111;1;3149602;0;0;0;0
FR;0;2021-04-01;315561;92613;11;0;106180;0;0;0;0;9188490;3020049;122;1;3255782;0;0;0;0
FR;0;2021-04-02;281374;94679;7;0;106500;0;0;0;0;9469864;3114728;129;1;3362282;0;0;0;0
FR;0;2021-04-03;141090;62552;6;0;67807;0;0;0;0;9610954;3177280;135;1;3430089;0;0;0;0
FR;0;2021-04-04;46546;19008;2;0;21058;0;0;0;0;9657500;3196288;137;1;3451147;0;0;0;0
FR;0;2021-04-05;63359;10430;11;0;13089;0;0;0;0;9720859;3206718;148;1;3464236;0;0;0;0
FR;0;2021-04-06;217257;112878;17;0;121720;0;0;0;0;9938116;3319596;165;1;3585956;0;0;0;0
FR;0;2021-04-07;260308;115272;17;0;126609;0;0;0;0;10198424;3434868;182;1;3712565;0;0;0;0
FR;0;2021-04-08;337905;123097;15;0;138709;0;0;0;0;10536329;3557965;197;1;3851274;0;0;0;0
FR;0;2021-04-09;410213;116852;49;0;134245;0;0;0;0;10946542;3674817;246;1;3985519;0;0;0;0
FR;0;2021-04-10;212656;82843;15;0;91229;0;0;0;0;11159198;3757660;261;1;4076748;0;0;0;0
FR;0;2021-04-11;56157;34184;7;0;36708;0;0;0;0;11215355;3791844;268;1;4113456;0;0;0;0
FR;0;2021-04-12;237113;115801;46;0;125393;0;0;0;0;11452468;3907645;314;1;4238849;0;0;0;0
FR;0;2021-04-13;309534;144179;98;1;157124;0;0;0;0;11762002;4051824;412;2;4395973;0;0;0;0
FR;0;2021-04-14;294577;139746;215;0;153114;0;0;0;0;12056579;4191570;627;2;4549087;0;0;0;0
FR;0;2021-04-15;337172;150362;340;0;165880;0;0;0;0;12393751;4341932;967;2;4714967;0;0;0;0
FR;0;2021-04-16;339354;146989;354;0;161639;0;0;0;0;12733105;4488921;1321;2;4876606;0;0;0;0
FR;0;2021-04-17;188687;89970;109;0;97666;0;0;0;0;12921792;4578891;1430;2;4974272;0;0;0;0
FR;0;2021-04-18;51634;35451;47;0;37871;0;0;0;0;12973426;4614342;1477;2;5012143;0;0;0;0
FR;0;2021-04-19;205739;138262;456;0;147408;0;0;0;0;13179165;4752604;1933;2;5159551;0;0;0;0
FR;0;2021-04-20;254477;171888;569;0;183537;0;0;0;0;13433642;4924492;2502;2;5343088;0;0;0;0
FR;0;2021-04-21;253315;170063;836;0;182077;0;0;0;0;13686957;5094555;3338;2;5525165;0;0;0;0
FR;0;2021-04-22;287619;190295;819;0;204881;0;0;0;0;13974576;5284850;4157;2;5730046;0;0;0;0
FR;0;2021-04-23;297700;184581;747;0;203355;0;0;0;0;14272276;5469431;4904;2;5933401;0;0;0;0
FR;0;2021-04-24;190477;112005;252;0;122456;0;0;0;0;14462753;5581436;5156;2;6055857;0;0;0;0
FR;0;2021-04-25;69574;38842;51;0;42573;0;0;0;0;14532327;5620278;5207;2;6098430;0;0;0;0
FR;0;2021-04-26;220995;158508;563;0;171704;0;0;0;0;14753322;5778786;5770;2;6270134;0;0;0;0
FR;0;2021-04-27;284645;187988;941;0;211300;0;0;0;0;15037967;5966774;6711;2;6481434;0;0;0;0
FR;0;2021-04-28;299561;184590;1426;1;209665;1;0;0;0;15337528;6151364;8137;3;6691099;1;0;0;0
FR;0;2021-04-29;357196;198113;1281;0;233195;0;0;0;0;15694724;6349477;9418;3;6924294;1;0;0;0
FR;0;2021-04-30;372254;185990;1123;1;225328;0;0;0;0;16066978;6535467;10541;4;7149622;1;0;0;0
FR;0;2021-05-01;167672;52513;179;0;63760;0;0;0;0;16234650;6587980;10720;4;7213382;1;0;0;0
FR;0;2021-05-02;91766;37850;83;0;43574;0;0;0;0;16326416;6625830;10803;4;7256956;1;0;0;0
FR;0;2021-05-03;288962;165501;843;0;186020;0;0;0;0;16615378;6791331;11646;4;7442976;1;0;0;0
FR;0;2021-05-04;315737;225491;1235;0;251660;0;0;0;0;16931115;7016822;12881;4;7694636;1;0;0;0
FR;0;2021-05-05;327271;226431;1315;0;251498;0;0;0;0;17258386;7243253;14196;4;7946134;1;0;0;0
FR;0;2021-05-06;379584;240996;1634;0;275248;0;0;0;0;17637970;7484249;15830;4;8221382;1;0;0;0
FR;0;2021-05-07;372813;258740;1224;0;299797;0;0;0;0;18010783;7742989;17054;4;8521179;1;0;0;0
FR;0;2021-05-08;222179;71146;300;0;86359;0;0;0;0;18232962;7814135;17354;4;8607538;1;0;0;0
FR;0;2021-05-09;129724;44697;243;0;53332;0;0;0;0;18362686;7858832;17597;4;8660870;1;0;0;0
FR;0;2021-05-10;313420;229601;1238;0;255378;0;0;0;0;18676106;8088433;18835;4;8916248;1;0;0;0
FR;0;2021-05-11;403962;258346;1566;0;296770;0;0;0;0;19080068;8346779;20401;4;9213018;1;0;0;0
FR;0;2021-05-12;434181;233790;1544;0;270073;0;0;0;0;19514249;8580569;21945;4;9483091;1;0;0;0
FR;0;2021-05-13;338631;56482;432;0;77977;0;0;0;0;19852880;8637051;22377;4;9561068;1;0;0;0
FR;0;2021-05-14;454176;167478;1127;0;203081;0;0;0;0;20307056;8804529;23504;4;9764149;1;0;0;0
FR;0;2021-05-15;375004;94355;444;0;120750;0;0;0;0;20682060;8898884;23948;4;9884899;1;0;0;0
FR;0;2021-05-16;202769;20694;168;0;34094;0;0;0;0;20884829;8919578;24116;4;9918993;1;0;0;0
FR;0;2021-05-17;376144;148846;1555;0;178640;0;0;0;0;21260973;9068424;25671;4;10097633;1;0;0;0
FR;0;2021-05-18;460192;154018;1991;0;193166;0;0;0;0;21721165;9222442;27662;4;10290799;1;0;0;0
FR;0;2021-05-19;467449;142678;2465;0;179943;0;0;0;0;22188614;9365120;30127;4;10470742;1;0;0;0
FR;0;2021-05-20;507578;160288;2340;0;204268;0;0;0;0;22696192;9525408;32467;4;10675010;1;0;0;0
FR;0;2021-05-21;489717;175177;1996;0;221731;0;0;0;0;23185909;9700585;34463;4;10896741;1;0;0;0
FR;0;2021-05-22;347219;80192;670;0;108619;0;0;0;0;23533128;9780777;35133;4;11005360;1;0;0;0
FR;0;2021-05-23;161709;14224;246;0;26694;0;0;0;0;23694837;9795001;35379;4;11032054;1;0;0;0
FR;0;2021-05-24;263213;33098;604;0;52936;0;0;0;0;23958050;9828099;35983;4;11084990;1;0;0;0
FR;0;2021-05-25;400304;190424;2357;1;226985;0;0;0;0;24358354;10018523;38340;5;11311975;1;0;0;0
FR;0;2021-05-26;413485;190973;2227;0;229036;0;0;0;0;24771839;10209496;40567;5;11541011;1;0;0;0
FR;0;2021-05-27;449849;219889;2163;0;267034;0;0;0;0;25221688;10429385;42730;5;11808045;1;0;0;0
FR;0;2021-05-28;429582;261032;1894;0;319134;0;0;0;0;25651270;10690417;44624;5;12127179;1;0;0;0
FR;0;2021-05-29;299002;150423;586;0;183277;0;0;0;0;25950272;10840840;45210;5;12310456;1;0;0;0
FR;0;2021-05-30;107151;32516;164;0;42102;0;0;0;0;26057423;10873356;45374;5;12352558;1;0;0;0
FR;0;2021-05-31;358068;203457;1473;1;241741;1;0;0;0;26415491;11076813;46847;6;12594299;2;0;0;0
FR;0;2021-06-01;431106;251217;1970;1;302863;1;0;0;0;26846597;11328030;48817;7;12897162;3;0;0;0
FR;0;2021-06-02;420148;232513;1985;0;279895;0;0;0;0;27266745;11560543;50802;7;13177057;3;0;0;0
FR;0;2021-06-03;465664;257735;1826;0;312501;0;0;0;0;27732409;11818278;52628;7;13489558;3;0;0;0
FR;0;2021-06-04;456281;305769;1734;1;363171;1;0;0;0;28188690;12124047;54362;8;13852729;4;0;0;0
FR;0;2021-06-05;304822;189506;653;0;222720;0;0;0;0;28493512;12313553;55015;8;14075449;4;0;0;0
FR;0;2021-06-06;133331;49046;226;0;61188;0;0;0;0;28626843;12362599;55241;8;14136637;4;0;0;0
FR;0;2021-06-07;340009;261532;1529;0;298628;0;0;0;0;28966852;12624131;56770;8;14435265;4;0;0;0
FR;0;2021-06-08;393927;291363;1806;0;338232;0;0;0;0;29360779;12915494;58576;8;14773497;4;0;0;0
FR;0;2021-06-09;384907;273901;1734;0;318315;0;0;0;0;29745686;13189395;60310;8;15091812;4;0;0;0
FR;0;2021-06-10;404224;286624;1727;1;336065;0;0;0;0;30149910;13476019;62037;9;15427877;4;0;0;0
FR;0;2021-06-11;386694;356528;1467;1;406961;0;0;0;0;30536604;13832547;63504;10;15834838;4;0;0;0
FR;0;2021-06-12;283289;210985;497;0;243131;0;0;0;0;30819893;14043532;64001;10;16077969;4;0;0;0
FR;0;2021-06-13;104898;73849;204;0;84840;0;0;0;0;30924791;14117381;64205;10;16162809;4;0;0;0
FR;0;2021-06-14;240866;354141;1429;1;383325;0;0;0;0;31165657;14471522;65634;11;16546134;4;0;0;0
FR;0;2021-06-15;308204;384428;1574;1;423196;0;0;0;0;31473861;14855950;67208;12;16969330;4;0;0;0
FR;0;2021-06-16;314004;357533;1418;1;395296;0;0;0;0;31787865;15213483;68626;13;17364626;4;0;0;0
FR;0;2021-06-17;317717;373050;1431;1;414235;0;0;0;0;32105582;15586533;70057;14;17778861;4;0;0;0
FR;0;2021-06-18;321777;442587;1341;1;485981;0;0;0;0;32427359;16029120;71398;15;18264842;4;0;0;0
FR;0;2021-06-19;224357;273988;449;0;301171;0;0;0;0;32651716;16303108;71847;15;18566013;4;0;0;0
FR;0;2021-06-20;74452;102302;130;0;111496;0;0;0;0;32726168;16405410;71977;15;18677509;4;0;0;0
FR;0;2021-06-21;195803;401694;1038;1;427650;1;0;0;0;32921971;16807104;73015;16;19105159;5;0;0;0
FR;0;2021-06-22;223224;467679;1266;10;500333;1;0;0;0;33145195;17274783;74281;26;19605492;6;0;0;0
FR;0;2021-06-23;234065;440017;1197;1;474127;1;0;0;0;33379260;17714800;75478;27;20079619;7;0;0;0
FR;0;2021-06-24;241889;409641;1359;0;447139;0;0;0;0;33621149;18124441;76837;27;20526758;7;0;0;0
FR;0;2021-06-25;227663;522966;1403;0;561964;0;0;0;0;33848812;18647407;78240;27;21088722;7;0;0;0
FR;0;2021-06-26;153282;370998;587;1;395794;0;0;0;0;34002094;19018405;78827;28;21484516;7;0;0;0
FR;0;2021-06-27;55916;155963;169;1;164875;0;0;0;0;34058010;19174368;78996;29;21649391;7;0;0;0
FR;0;2021-06-28;154801;452543;1177;0;478141;0;0;0;0;34212811;19626911;80173;29;22127532;7;0;0;0
FR;0;2021-06-29;182731;507668;2123;0;539051;0;0;0;0;34395542;20134579;82296;29;22666583;7;0;0;0
FR;0;2021-06-30;204032;485109;2015;21;519392;2;0;0;0;34599574;20619688;84311;50;23185975;9;0;0;0
FR;0;2021-07-01;231435;458425;2224;5;498391;1;0;0;0;34831009;21078113;86535;55;23684366;10;0;0;0
FR;0;2021-07-02;228701;520006;2120;5;562333;2;0;0;0;35059710;21598119;88655;60;24246699;12;0;0;0
FR;0;2021-07-03;142053;368760;908;3;395255;1;0;0;0;35201763;21966879;89563;63;24641954;13;0;0;0
FR;0;2021-07-04;56760;141010;265;0;150707;0;0;0;0;35258523;22107889;89828;63;24792661;13;0;0;0
FR;0;2021-07-05;168533;418673;1668;8;448621;0;0;0;0;35427056;22526562;91496;71;25241282;13;0;0;0
FR;0;2021-07-06;196793;474503;1830;45;511108;8;0;0;0;35623849;23001065;93326;116;25752390;21;0;0;0
FR;0;2021-07-07;213227;438982;1880;25;477449;3;0;0;0;35837076;23440047;95206;141;26229839;24;0;0;0
FR;0;2021-07-08;231662;424100;2089;20;468051;3;0;0;0;36068738;23864147;97295;161;26697890;27;0;0;0
FR;0;2021-07-09;228634;511065;2185;4;557382;2;0;0;0;36297372;24375212;99480;165;27255272;29;0;0;0
FR;0;2021-07-10;148627;339906;986;1;368855;1;0;0;0;36445999;24715118;100466;166;27624127;30;0;0;0
FR;0;2021-07-11;60209;110050;283;0;120968;0;0;0;0;36506208;24825168;100749;166;27745095;30;0;0;0
FR;0;2021-07-12;169433;477767;1765;4;512526;0;0;0;0;36675641;25302935;102514;170;28257621;30;0;0;0
FR;0;2021-07-13;287284;526687;2050;8;585737;1;0;0;0;36962925;25829622;104564;178;28843358;31;0;0;0
FR;0;2021-07-14;181117;157373;435;0;186695;0;0;0;0;37144042;25986995;104999;178;29030053;31;0;0;0
FR;0;2021-07-15;347116;501638;2100;1;571632;0;0;0;0;37491158;26488633;107099;179;29601685;31;0;0;0
FR;0;2021-07-16;380121;495073;2023;3;574284;1;0;0;0;37871279;26983706;109122;182;30175969;32;0;0;0
FR;0;2021-07-17;259745;319623;877;1;368591;0;0;0;0;38131024;27303329;109999;183;30544560;32;0;0;0
FR;0;2021-07-18;109735;114574;310;0;133021;0;0;0;0;38240759;27417903;110309;183;30677581;32;0;0;0
FR;0;2021-07-19;285512;423969;1631;3;479009;0;0;0;0;38526271;27841872;111940;186;31156590;32;0;0;0
FR;0;2021-07-20;376933;451298;1724;0;523651;0;0;0;0;38903204;28293170;113664;186;31680241;32;0;0;0
FR;0;2021-07-21;395828;406944;1549;4;481973;1;0;0;0;39299032;28700114;115213;190;32162214;33;0;0;0
FR;0;2021-07-22;441071;387352;1715;4;471869;2;0;0;0;39740103;29087466;116928;194;32634083;35;0;0;0
FR;0;2021-07-23;440341;422085;1883;4;510077;1;0;0;0;40180444;29509551;118811;198;33144160;36;0;0;0
FR;0;2021-07-24;285259;269310;804;1;322011;0;0;0;0;40465703;29778861;119615;199;33466171;36;0;0;0
FR;0;2021-07-25;121122;79924;234;0;100287;0;0;0;0;40586825;29858785;119849;199;33566458;36;0;0;0
FR;0;2021-07-26;347438;322210;1614;3;384787;1;0;0;0;40934263;30180995;121463;202;33951245;37;0;0;0
FR;0;2021-07-27;464096;319338;1698;4;400503;1;0;0;0;41398359;30500333;123161;206;34351748;38;0;0;0
FR;0;2021-07-28;459458;289365;1637;4;367004;1;0;0;0;41857817;30789698;124798;210;34718752;39;0;0;0
FR;0;2021-07-29;489849;276145;1797;2;357061;0;0;0;0;42347666;31065843;126595;212;35075813;39;0;0;0
FR;0;2021-07-30;461848;302407;1941;5;380931;1;0;0;0;42809514;31368250;128536;217;35456744;40;0;0;0
FR;0;2021-07-31;285414;185013;916;1;231528;0;0;0;0;43094928;31553263;129452;218;35688272;40;0;0;0
FR;0;2021-08-01;112037;49920;255;0;65701;0;0;0;0;43206965;31603183;129707;218;35753973;40;0;0;0
FR;0;2021-08-02;341655;234056;1602;2;284786;0;0;0;0;43548620;31837239;131309;220;36038759;40;0;0;0
FR;0;2021-08-03;398632;244486;1728;2;304592;1;0;0;0;43947252;32081725;133037;222;36343351;41;0;0;0
FR;0;2021-08-04;384874;209546;1593;6;265697;3;0;0;0;44332126;32291271;134630;228;36609048;44;0;0;0
FR;0;2021-08-05;366189;228355;1711;0;281757;0;0;0;0;44698315;32519626;136341;228;36890805;44;0;0;0
FR;0;2021-08-06;359743;271239;1835;4;326661;0;0;0;0;45058058;32790865;138176;232;37217466;44;0;0;0
FR;0;2021-08-07;213138;178317;756;5;210065;1;0;0;0;45271196;32969182;138932;237;37427531;45;0;0;0
FR;0;2021-08-08;74200;63184;276;0;73616;0;0;0;0;45345396;33032366;139208;237;37501147;45;0;0;0
FR;0;2021-08-09;258769;258630;1548;4;297576;2;0;0;0;45604165;33290996;140756;241;37798723;47;0;0;0
FR;0;2021-08-10;306886;277102;1663;2;323527;0;0;0;0;45911051;33568098;142419;243;38122250;47;0;0;0
FR;0;2021-08-11;279756;259589;1441;5;301683;0;0;0;0;46190807;33827687;143860;248;38423933;47;0;0;0
FR;0;2021-08-12;271558;278059;1668;3;320357;0;0;0;0;46462365;34105746;145528;251;38744290;47;0;0;0
FR;0;2021-08-13;252166;278079;1594;3;316946;2;0;0;0;46714531;34383825;147122;254;39061236;49;0;0;0
FR;0;2021-08-14;145353;197088;740;0;219032;0;0;0;0;46859884;34580913;147862;254;39280268;49;0;0;0
FR;0;2021-08-15;39396;50094;218;1;55679;0;0;0;0;46899280;34631007;148080;255;39335947;49;0;0;0
FR;0;2021-08-16;186195;317519;1542;0;345473;0;0;0;0;47085475;34948526;149622;255;39681420;49;0;0;0
FR;0;2021-08-17;215703;335835;1638;7;368901;0;0;0;0;47301178;35284361;151260;262;40050321;49;0;0;0
FR;0;2021-08-18;199065;324381;1599;7;354577;4;0;0;0;47500243;35608742;152859;269;40404898;53;0;0;0
FR;0;2021-08-19;192044;325409;1642;1;356001;0;0;0;0;47692287;35934151;154501;270;40760899;53;0;0;0
FR;0;2021-08-20;186481;366200;1820;3;396671;2;0;0;0;47878768;36300351;156321;273;41157570;55;0;0;0
FR;0;2021-08-21;104806;238127;708;0;254573;0;0;0;0;47983574;36538478;157029;273;41412143;55;0;0;0
FR;0;2021-08-22;31946;87211;256;1;92165;1;0;0;0;48015520;36625689;157285;274;41504308;56;0;0;0
FR;0;2021-08-23;140989;356996;1561;3;379617;0;0;0;0;48156509;36982685;158846;277;41883925;56;0;0;0
FR;0;2021-08-24;162511;376617;1850;5;402902;0;0;0;0;48319020;37359302;160696;282;42286827;56;0;0;0
FR;0;2021-08-25;151159;350737;2036;8;375464;2;0;0;0;48470179;37710039;162732;290;42662291;58;0;0;0
FR;0;2021-08-26;142886;342745;2561;10;367587;0;0;0;0;48613065;38052784;165293;300;43029878;58;0;0;0
FR;0;2021-08-27;148457;388254;2791;11;414964;1;0;0;0;48761522;38441038;168084;311;43444842;59;0;0;0
FR;0;2021-08-28;90676;249625;1407;0;264975;0;0;0;0;48852198;38690663;169491;311;43709817;59;0;0;0
FR;0;2021-08-29;27323;83342;518;1;88263;0;0;0;0;48879521;38774005;170009;312;43798080;59;0;0;0
FR;0;2021-08-30;117427;324590;4713;6;342403;5857;0;0;0;48996948;39098595;174722;318;44140483;5916;0;0;0
FR;0;2021-08-31;128825;334468;10189;19;353951;11783;2;0;0;49125773;39433063;184911;337;44494434;17699;2;0;0
FR;0;2021-09-01;136159;285668;22435;8;302439;24406;1;0;0;49261932;39718731;207346;345;44796873;42105;3;0;0
FR;0;2021-09-02;114658;247197;26521;20;262117;29001;0;0;0;49376590;39965928;233867;365;45058990;71106;3;0;0
FR;0;2021-09-03;118321;292660;29967;24;309336;33077;1;0;0;49494911;40258588;263834;389;45368326;104183;4;0;0
FR;0;2021-09-04;89891;217785;12588;12;230508;14149;7;0;0;49584802;40476373;276422;401;45598834;118332;11;0;0
FR;0;2021-09-05;21362;44803;4395;2;48292;4714;0;0;0;49606164;40521176;280817;403;45647126;123046;11;0;0
FR;0;2021-09-06;75696;180524;31956;16;190718;34305;2;0;0;49681860;40701700;312773;419;45837844;157351;13;0;0
FR;0;2021-09-07;80312;181187;33248;43;191083;36304;2;0;0;49762172;40882887;346021;462;46028927;193655;15;0;0
FR;0;2021-09-08;91004;206078;29667;28;216593;32563;4;0;0;49853176;41088965;375688;490;46245520;226218;19;0;0
FR;0;2021-09-09;76958;165305;33081;27;174128;36693;5;0;0;49930134;41254270;408769;517;46419648;262911;24;0;0
FR;0;2021-09-10;96040;203800;35743;28;214919;40773;7;0;0;50026174;41458070;444512;545;46634567;303684;31;0;0
FR;0;2021-09-11;67167;169316;12140;19;178192;14397;0;0;0;50093341;41627386;456652;564;46812759;318081;31;0;0
FR;0;2021-09-12;12827;32096;2782;1;34146;3187;2;0;0;50106168;41659482;459434;565;46846905;321268;33;0;0
FR;0;2021-09-13;64576;126183;41245;35;134224;44249;17;0;0;50170744;41785665;500679;600;46981129;365517;50;0;0
FR;0;2021-09-14;73497;129008;56383;80;135790;62415;42;0;0;50244241;41914673;557062;680;47116919;427932;92;0;0
FR;0;2021-09-15;76652;167758;55670;58;174718;54845;77;0;0;50320893;42082431;612732;738;47291637;482777;169;0;0
FR;0;2021-09-16;63887;114496;60100;82;117887;60163;69;0;0;50384780;42196927;672832;820;47409524;542940;238;0;0
FR;0;2021-09-17;75088;156839;53857;71;159733;57339;68;0;0;50459868;42353766;726689;891;47569257;600279;306;0;0
FR;0;2021-09-18;48240;139627;15602;25;144313;17319;20;0;0;50508108;42493393;742291;916;47713570;617598;326;0;0
FR;0;2021-09-19;7908;23657;2440;1;24886;2618;1;0;0;50516016;42517050;744731;917;47738456;620216;327;0;0
FR;0;2021-09-20;44576;93748;50088;72;96243;50344;36;0;0;50560592;42610798;794819;989;47834699;670560;363;0;0
FR;0;2021-09-21;45908;98384;62769;77;98393;63506;80;0;0;50606500;42709182;857588;1066;47933092;734066;443;0;0
FR;0;2021-09-22;48696;142397;55377;82;144849;55465;49;0;0;50655196;42851579;912965;1148;48077941;789531;492;0;0
FR;0;2021-09-23;43291;92072;62403;95;91278;63589;89;0;0;50698487;42943651;975368;1243;48169219;853120;581;0;0
FR;0;2021-09-24;52315;133301;54563;107;132408;59221;78;0;0;50750802;43076952;1029931;1350;48301627;912341;659;0;0
FR;0;2021-09-25;35221;115653;16276;36;118647;18312;22;0;0;50786023;43192605;1046207;1386;48420274;930653;681;0;0
FR;0;2021-09-26;5556;17803;2273;5;18688;2331;5;0;0;50791579;43210408;1048480;1391;48438962;932984;686;0;0
FR;0;2021-09-27;33982;76913;47204;97;78801;48187;83;0;1;50825561;43287321;1095684;1488;48517763;981171;769;0;1
FR;0;2021-09-28;36522;75242;54976;90;74338;56581;48;0;0;50862083;43362563;1150660;1578;48592101;1037752;817;0;1
FR;0;2021-09-29;44423;100708;53369;112;102867;54905;44;0;0;50906506;43463271;1204029;1690;48694968;1092657;861;0;1
FR;0;2021-09-30;36345;72969;57044;96;71478;59603;58;0;0;50942851;43536240;1261073;1786;48766446;1152260;919;0;1
FR;0;2021-10-01;61715;102862;57829;108;101433;63998;25;0;0;51004566;43639102;1318902;1894;48867879;1216258;944;0;1
FR;0;2021-10-02;39470;78443;20964;39;81730;23383;12;0;0;51044036;43717545;1339866;1933;48949609;1239641;956;0;1
FR;0;2021-10-03;5289;10495;2533;4;11259;2541;4;0;0;51049325;43728040;1342399;1937;48960868;1242182;960;0;1
FR;0;2021-10-04;35199;58498;52632;84;59506;54851;37;0;0;51084524;43786538;1395031;2021;49020374;1297033;997;0;1
FR;0;2021-10-05;33927;64364;61028;135;62104;65107;51;0;0;51118451;43850902;1456059;2156;49082478;1362140;1048;0;1
FR;0;2021-10-06;42723;79282;65759;112;80169;68372;29;0;0;51161174;43930184;1521818;2268;49162647;1430512;1077;0;1
FR;0;2021-10-07;30570;62274;65444;89;59503;68885;39;0;0;51191744;43992458;1587262;2357;49222150;1499397;1116;0;1
FR;0;2021-10-08;49482;91935;77769;111;89884;84803;42;0;0;51241226;44084393;1665031;2468;49312034;1584200;1158;0;1
FR;0;2021-10-09;33677;60939;31547;35;64142;33924;17;0;0;51274903;44145332;1696578;2503;49376176;1618124;1175;0;1
FR;0;2021-10-10;4720;7429;3198;9;7945;3477;2;0;0;51279623;44152761;1699776;2512;49384121;1621601;1177;0;1
FR;0;2021-10-11;30732;49896;61046;105;50616;64107;51;0;0;51310355;44202657;1760822;2617;49434737;1685708;1228;0;1
FR;0;2021-10-12;31643;54484;70630;141;51337;76028;27;0;0;51341998;44257141;1831452;2758;49486074;1761736;1255;0;1
FR;0;2021-10-13;40165;62830;74441;137;62799;79378;30;0;1;51382163;44319971;1905893;2895;49548873;1841114;1285;0;2
FR;0;2021-10-14;30360;52870;68774;116;49702;73854;35;0;0;51412523;44372841;1974667;3011;49598575;1914968;1320;0;2
FR;0;2021-10-15;44951;75236;93245;191;70336;103041;27;0;0;51457474;44448077;2067912;3202;49668911;2018009;1347;0;2
FR;0;2021-10-16;31332;44098;36698;44;46706;39659;16;0;0;51488806;44492175;2104610;3246;49715617;2057668;1363;0;2
FR;0;2021-10-17;3891;5223;3602;2;5670;3673;4;0;0;51492697;44497398;2108212;3248;49721287;2061341;1367;0;2
FR;0;2021-10-18;29208;42356;67515;134;42578;71372;28;0;0;51521905;44539754;2175727;3382;49763865;2132713;1395;0;2
FR;0;2021-10-19;27195;45552;76424;140;43217;81670;46;0;0;51549100;44585306;2252151;3522;49807082;2214383;1441;0;2
FR;0;2021-10-20;35342;52410;96953;181;51821;101570;45;0;0;51584442;44637716;2349104;3703;49858903;2315953;1486;0;2
FR;0;2021-10-21;26164;45164;83989;112;41964;89181;32;0;0;51610606;44682880;2433093;3815;49900867;2405134;1518;0;2
FR;0;2021-10-22;38449;62485;104923;200;59365;112640;61;0;0;51649055;44745365;2538016;4015;49960232;2517774;1579;0;2
FR;0;2021-10-23;27034;41204;45465;57;42436;48636;14;0;0;51676089;44786569;2583481;4072;50002668;2566410;1593;0;2
FR;0;2021-10-24;2946;4765;3685;6;5014;3924;1;0;0;51679035;44791334;2587166;4078;50007682;2570334;1594;0;2
FR;0;2021-10-25;26102;36232;82345;144;35510;86676;39;0;0;51705137;44827566;2669511;4222;50043192;2657010;1633;0;2
FR;0;2021-10-26;23767;34995;87276;166;32173;92398;36;0;0;51728904;44862561;2756787;4388;50075365;2749408;1669;0;2
FR;0;2021-10-27;30112;46318;109028;257;44057;114748;52;0;0;51759016;44908879;2865815;4645;50119422;2864156;1721;0;2
FR;0;2021-10-28;23608;34929;88740;153;31208;94530;38;0;0;51782624;44943808;2954555;4798;50150630;2958686;1759;0;2
FR;0;2021-10-29;31581;51460;117343;206;46513;125424;56;0;0;51814205;44995268;3071898;5004;50197143;3084110;1815;0;2
FR;0;2021-10-30;20575;33232;50359;76;32928;53420;20;0;0;51834780;45028500;3122257;5080;50230071;3137530;1835;0;2
FR;0;2021-10-31;2517;3734;3594;3;3846;3880;3;0;0;51837297;45032234;3125851;5083;50233917;3141410;1838;0;2
FR;0;2021-11-01;8529;4867;3222;3;5020;3584;10;0;0;51845826;45037101;3129073;5086;50238937;3144994;1848;0;2
FR;0;2021-11-02;26374;40106;93605;156;36255;99655;44;0;1;51872200;45077207;3222678;5242;50275192;3244649;1892;0;3
FR;0;2021-11-03;30127;47920;118917;222;43583;125888;66;0;0;51902327;45125127;3341595;5464;50318775;3370537;1958;0;3
FR;0;2021-11-04;23820;37480;107594;217;31583;114483;47;0;0;51926147;45162607;3449189;5681;50350358;3485020;2005;0;3
FR;0;2021-11-05;32407;52939;141668;236;44659;151451;54;0;0;51958554;45215546;3590857;5917;50395017;3636471;2059;0;3
FR;0;2021-11-06;21551;34557;64896;123;32397;68333;27;0;0;51980105;45250103;3655753;6040;50427414;3704804;2086;0;3
FR;0;2021-11-07;2427;4169;5207;6;4011;5598;7;0;0;51982532;45254272;3660960;6046;50431425;3710402;2093;0;3
FR;0;2021-11-08;20626;37735;127223;227;30950;134345;51;0;0;52003158;45292007;3788183;6273;50462375;3844747;2144;0;3
FR;0;2021-11-09;22441;44653;161734;339;32875;172332;69;0;0;52025599;45336660;3949917;6612;50495250;4017079;2213;0;3
FR;0;2021-11-10;31614;54903;187057;447;44052;198874;95;0;0;52057213;45391563;4136974;7059;50539302;4215953;2308;0;3
FR;0;2021-11-11;4748;6751;12993;28;5907;13981;17;0;0;52061961;45398314;4149967;7087;50545209;4229934;2325;0;3
FR;0;2021-11-12;29097;55060;183835;252;41746;197477;91;0;0;52091058;45453374;4333802;7339;50586955;4427411;2416;0;3
FR;0;2021-11-13;20354;32609;80728;118;28238;86356;45;0;0;52111412;45485983;4414530;7457;50615193;4513767;2461;0;3
FR;0;2021-11-14;2365;3860;7183;6;3365;7848;9;0;0;52113777;45489843;4421713;7463;50618558;4521615;2470;0;3
FR;0;2021-11-15;20513;38556;160900;314;27797;171630;77;0;0;52134290;45528399;4582613;7777;50646355;4693245;2547;0;3
FR;0;2021-11-16;23664;43867;200473;394;27739;215168;119;0;1;52157954;45572266;4783086;8171;50674094;4908413;2666;0;4
FR;0;2021-11-17;30541;50245;199897;406;36460;212953;101;0;0;52188495;45622511;4982983;8577;50710554;5121366;2767;0;4
FR;0;2021-11-18;23454;45692;191738;468;29414;205711;96;0;0;52211949;45668203;5174721;9045;50739968;5327077;2863;0;4
FR;0;2021-11-19;33692;61289;243283;551;39933;262294;150;0;0;52245641;45729492;5418004;9596;50779901;5589371;3013;0;4
FR;0;2021-11-20;25417;36665;102186;207;29269;109755;47;0;0;52271058;45766157;5520190;9803;50809170;5699126;3060;0;4
FR;0;2021-11-21;2661;4446;9675;19;3443;10604;19;0;0;52273719;45770603;5529865;9822;50812613;5709730;3079;0;4
FR;0;2021-11-22;22820;33133;180429;472;18931;194915;89;0;0;52296539;45803736;5710294;10294;50831544;5904645;3168;0;4
FR;0;2021-11-23;25733;45466;229473;549;24130;247951;85;0;0;52322272;45849202;5939767;10843;50855674;6152596;3253;0;4
FR;0;2021-11-24;31820;53620;224890;716;34511;243336;81;0;0;52354092;45902822;6164657;11559;50890185;6395932;3334;0;4
FR;0;2021-11-25;25650;49139;256002;739;25075;277889;112;0;0;52379742;45951961;6420659;12298;50915260;6673821;3446;0;4
FR;0;2021-11-26;33257;74699;379552;867;37440;414772;172;0;0;52412999;46026660;6800211;13165;50952700;7088593;3618;0;4
FR;0;2021-11-27;23507;49584;214965;390;28488;236762;134;0;0;52436506;46076244;7015176;13555;50981188;7325355;3752;0;4
FR;0;2021-11-28;3524;10468;56781;66;4067;63336;42;0;0;52440030;46086712;7071957;13621;50985255;7388691;3794;0;4
FR;0;2021-11-29;19444;54077;341552;864;23118;371874;178;0;0;52459474;46140789;7413509;14485;51008373;7760565;3972;0;4
FR;0;2021-11-30;24785;71852;457471;988;26872;500901;286;0;0;52484259;46212641;7870980;15473;51035245;8261466;4258;0;4
FR;0;2021-12-01;27386;75520;469196;1162;31400;511427;304;0;0;52511645;46288161;8340176;16635;51066645;8772893;4562;0;4
FR;0;2021-12-02;22122;71579;527222;1281;21095;575034;306;0;0;52533767;46359740;8867398;17916;51087740;9347927;4868;0;4
FR;0;2021-12-03;25579;92841;596501;1421;34422;651271;341;0;0;52559346;46452581;9463899;19337;51122162;9999198;5209;0;4
FR;0;2021-12-04;18343;60361;336293;692;25722;369879;198;0;0;52577689;46512942;9800192;20029;51147884;10369077;5407;0;4
FR;0;2021-12-05;4157;16106;95813;157;4870;107047;92;0;0;52581846;46529048;9896005;20186;51152754;10476124;5499;0;4
FR;0;2021-12-06;28453;72735;493244;1175;25296;540061;384;0;0;52610299;46601783;10389249;21361;51178050;11016185;5883;0;4
FR;0;2021-12-07;23560;91236;645523;1774;28586;706506;415;0;0;52633859;46693019;11034772;23135;51206636;11722691;6298;0;4
FR;0;2021-12-08;25521;91963;591749;1875;35000;647640;440;0;0;52659380;46784982;11626521;25010;51241636;12370331;6738;0;4
FR;0;2021-12-09;24083;94122;663261;2182;29072;726708;462;0;0;52683463;46879104;12289782;27192;51270708;13097039;7200;0;4
FR;0;2021-12-10;28074;110929;736167;2075;38043;806331;468;0;1;52711537;46990033;13025949;29267;51308751;13903370;7668;0;5
FR;0;2021-12-11;20251;76084;435240;990;29987;480458;345;0;0;52731788;47066117;13461189;30257;51338738;14383828;8013;0;5
FR;0;2021-12-12;5678;23135;142346;262;6408;159227;108;0;0;52737466;47089252;13603535;30519;51345146;14543055;8121;0;5
FR;0;2021-12-13;21363;90792;587793;1699;29737;649415;396;0;0;52758829;47180044;14191328;32218;51374883;15192470;8517;0;5
FR;0;2021-12-14;27984;118286;765745;2656;35510;847699;698;0;1;52786813;47298330;14957073;34874;51410393;16040169;9215;0;6
FR;0;2021-12-15;28452;114229;694468;2266;39576;769254;502;0;1;52815265;47412559;15651541;37140;51449969;16809423;9717;0;7
FR;0;2021-12-16;28054;115678;764177;2558;35191;844592;516;0;0;52843319;47528237;16415718;39698;51485160;17654015;10233;0;7
FR;0;2021-12-17;31663;128352;807984;2713;43449;892141;611;0;0;52874982;47656589;17223702;42411;51528609;18546156;10844;0;7
FR;0;2021-12-18;24944;81555;470037;1179;30105;522263;353;0;0;52899926;47738144;17693739;43590;51558714;19068419;11197;0;7
FR;0;2021-12-19;8769;28562;169436;376;7863;191070;141;0;0;52908695;47766706;17863175;43966;51566577;19259489;11338;0;7
FR;0;2021-12-20;31777;97180;591591;1787;33956;658823;499;0;0;52940472;47863886;18454766;45753;51600533;19918312;11837;0;7
FR;0;2021-12-21;39476;111958;682512;2392;38861;759653;603;0;0;52979948;47975844;19137278;48145;51639394;20677965;12440;0;7
FR;0;2021-12-22;39562;99215;575863;2169;37182;642181;687;0;2;53019510;48075059;19713141;50314;51676576;21320146;13127;0;9
FR;0;2021-12-23;33785;79426;441070;1659;30186;494421;591;0;0;53053295;48154485;20154211;51973;51706762;21814567;13718;0;9
FR;0;2021-12-24;10697;26052;111046;398;11662;126672;236;0;1;53063992;48180537;20265257;52371;51718424;21941239;13954;0;10
FR;0;2021-12-25;776;3582;7598;25;2053;9026;72;0;0;53064768;48184119;20272855;52396;51720477;21950265;14026;0;10
FR;0;2021-12-26;4698;11892;52114;142;4742;60163;170;0;0;53069466;48196011;20324969;52538;51725219;22010428;14196;0;10
FR;0;2021-12-27;30510;83955;453610;1364;33086;509236;665;0;0;53099976;48279966;20778579;53902;51758305;22519664;14861;0;10
FR;0;2021-12-28;38370;98880;564209;1769;35166;632305;1558;0;2;53138346;48378846;21342788;55671;51793471;23151969;16419;0;12
FR;0;2021-12-29;39882;88232;501257;1687;33162;561037;1739;0;1;53178228;48467078;21844045;57358;51826633;23713006;18158;0;13
FR;0;2021-12-30;35926;75105;421058;1521;29556;471155;1881;0;0;53214154;48542183;22265103;58879;51856189;24184161;20039;0;13
FR;0;2021-12-31;12050;25091;116888;405;11289;131668;740;0;0;53226204;48567274;22381991;59284;51867478;24315829;20779;0;13
FR;0;2022-01-01;1580;3218;8530;37;1799;9949;102;0;0;53227784;48570492;22390521;59321;51869277;24325778;20881;0;13
FR;0;2022-01-02;6121;13012;58432;125;5109;66962;408;0;0;53233905;48583504;22448953;59446;51874386;24392740;21289;0;13
FR;0;2022-01-03;38435;90213;494881;1596;36934;551769;2645;0;1;53272340;48673717;22943834;61042;51911320;24944509;23934;0;14
FR;0;2022-01-04;42137;111078;641439;2307;40730;714453;3835;0;3;53314477;48784795;23585273;63349;51952050;25658962;27769;0;17
FR;0;2022-01-05;61199;103643;569245;1984;43842;634286;3427;0;2;53375676;48888438;24154518;65333;51995892;26293248;31196;0;19
FR;0;2022-01-06;44297;110348;639013;2699;40267;711520;4557;0;2;53419973;48998786;24793531;68032;52036159;27004768;35753;0;21
FR;0;2022-01-07;50834;123371;711037;2811;46907;790541;4995;0;2;53470807;49122157;25504568;70843;52083066;27795309;40748;0;23
FR;0;2022-01-08;45013;80289;423827;1213;35063;472899;2444;0;3;53515820;49202446;25928395;72056;52118129;28268208;43192;0;26
FR;0;2022-01-09;15614;26627;128572;300;11511;145655;829;0;0;53531434;49229073;26056967;72356;52129640;28413863;44021;0;26
FR;0;2022-01-10;35401;93321;469366;1814;43078;522758;3719;0;1;53566835;49322394;26526333;74170;52172718;28936621;47740;0;27
FR;0;2022-01-11;41936;100498;548291;2309;42454;608550;5217;0;2;53608771;49422892;27074624;76479;52215172;29545171;52957;0;29
FR;0;2022-01-12;60413;95747;452721;1968;49538;504386;4496;0;8;53669184;49518639;27527345;78447;52264710;30049557;57453;0;37
FR;0;2022-01-13;38266;92557;487377;2084;40596;541056;5467;0;8;53707450;49611196;28014722;80531;52305306;30590613;62920;0;45
FR;0;2022-01-14;42579;103364;568644;2286;43568;629029;6467;0;2;53750029;49714560;28583366;82817;52348874;31219642;69387;0;47
FR;0;2022-01-15;39426;65911;340152;984;31466;377570;3294;0;1;53789455;49780471;28923518;83801;52380340;31597212;72681;0;48
FR;0;2022-01-16;11413;19221;87438;216;9030;99408;763;0;0;53800868;49799692;29010956;84017;52389370;31696620;73444;0;48
FR;0;2022-01-17;24739;60044;320305;1384;28085;354160;3961;0;4;53825607;49859736;29331261;85401;52417455;32050780;77405;0;52
FR;0;2022-01-18;28326;68714;361120;1801;32035;397576;5772;0;1;53853933;49928450;29692381;87202;52449490;32448356;83177;0;53
FR;0;2022-01-19;43221;67068;281321;1450;40417;311084;4388;0;5;53897154;49995518;29973702;88652;52489907;32759440;87565;0;58
FR;0;2022-01-20;23667;59615;299047;1750;29567;328526;5634;0;4;53920821;50055133;30272749;90402;52519474;33087966;93199;0;62
FR;0;2022-01-21;28207;68810;366393;2086;33114;401201;6579;0;3;53949028;50123943;30639142;92488;52552588;33489167;99778;0;65
FR;0;2022-01-22;27630;47988;218797;839;27320;241778;2838;0;2;53976658;50171931;30857939;93327;52579908;33730945;102616;0;67
FR;0;2022-01-23;6738;12973;48684;173;7505;55164;591;0;1;53983396;50184904;30906623;93500;52587413;33786109;103207;0;68
FR;0;2022-01-24;16279;47474;217335;1148;25424;239347;4101;0;3;53999675;50232378;31123958;94648;52612837;34025456;107308;0;71
FR;0;2022-01-25;19030;54351;243081;1548;28815;267102;6067;0;5;54018705;50286729;31367039;96196;52641652;34292558;113375;0;76
FR;0;2022-01-26;28147;60548;209299;1298;41366;229517;4480;0;3;54046852;50347277;31576338;97494;52683018;34522075;117855;0;79
FR;0;2022-01-27;16335;46464;207658;1284;26152;226023;5690;0;4;54063187;50393741;31783996;98778;52709170;34748098;123545;0;83
FR;0;2022-01-28;21592;78689;290074;1572;44985;321359;7410;0;4;54084779;50472430;32074070;100350;52754155;35069457;130955;0;87
FR;0;2022-01-29;18420;52865;184132;689;32756;204575;3256;0;2;54103199;50525295;32258202;101039;52786911;35274032;134211;0;89
FR;0;2022-01-30;4476;14475;39144;124;9135;45057;638;0;1;54107675;50539770;32297346;101163;52796046;35319089;134849;0;90
FR;0;2022-01-31;11259;43944;148213;742;26153;164746;4233;0;5;54118934;50583714;32445559;101905;52822199;35483835;139082;0;95
FR;0;2022-02-01;13638;48319;174139;1144;27347;191354;7044;0;1;54132572;50632033;32619698;103049;52849546;35675189;146126;0;96
FR;0;2022-02-02;20644;66321;171547;1034;46165;190094;5974;0;10;54153216;50698354;32791245;104083;52895711;35865283;152100;0;106
FR;0;2022-02-03;11567;44791;157568;990;25341;173286;6940;0;6;54164783;50743145;32948813;105073;52921052;36038569;159040;0;112
FR;0;2022-02-04;14637;67014;239257;1266;36630;264100;9162;0;6;54179420;50810159;33188070;106339;52957682;36302669;168202;0;118
FR;0;2022-02-05;12900;51455;153560;523;31985;172309;3791;0;3;54192320;50861614;33341630;106862;52989667;36474978;171993;0;121
FR;0;2022-02-06;2725;12173;28895;101;7286;33833;661;0;0;54195045;50873787;33370525;106963;52996953;36508811;172654;0;121
FR;0;2022-02-07;9594;46659;156896;593;24533;176315;5294;0;6;54204639;50920446;33527421;107556;53021486;36685126;177948;0;127
FR;0;2022-02-08;9807;43095;166648;869;20959;184442;7054;0;6;54214446;50963541;33694069;108425;53042445;36869568;185002;0;133
FR;0;2022-02-09;14372;58253;172350;875;35350;193060;5787;0;9;54228818;51021794;33866419;109300;53077795;37062628;190789;0;142
FR;0;2022-02-10;8720;39206;150238;879;18682;166716;6501;0;2;54237538;51061000;34016657;110179;53096477;37229344;197290;0;144
FR;0;2022-02-11;10858;55683;218516;1101;25821;243111;8322;0;3;54248396;51116683;34235173;111280;53122298;37472455;205612;0;147
FR;0;2022-02-12;8406;40964;134736;465;22631;151765;3508;0;4;54256802;51157647;34369909;111745;53144929;37624220;209120;0;151
FR;0;2022-02-13;1936;8603;26565;86;4409;30927;544;0;3;54258738;51166250;34396474;111831;53149338;37655147;209664;0;154
FR;0;2022-02-14;6991;35254;148385;485;14666;166381;4787;0;5;54265729;51201504;34544859;112316;53164004;37821528;214451;0;159
FR;0;2022-02-15;7065;36228;146992;751;15995;162577;6850;0;3;54272794;51237732;34691851;113067;53179999;37984105;221301;0;162
FR;0;2022-02-16;9412;42984;132541;721;25972;146760;5726;0;6;54282206;51280716;34824392;113788;53205971;38130865;227027;0;168
FR;0;2022-02-17;5578;24337;87309;587;13142;94882;5407;0;5;54287784;51305053;34911701;114375;53219113;38225747;232434;0;173
FR;0;2022-02-18;6997;33581;119666;807;18753;129330;7416;0;2;54294781;51338634;35031367;115182;53237866;38355077;239850;0;175
FR;0;2022-02-19;5370;24557;70029;370;15908;77339;3019;0;2;54300151;51363191;35101396;115552;53253774;38432416;242869;0;177
FR;0;2022-02-20;1148;4657;12175;39;2914;13954;460;0;1;54301299;51367848;35113571;115591;53256688;38446370;243329;0;178
FR;0;2022-02-21;4098;17889;61958;351;10169;67185;4059;0;2;54305397;51385737;35175529;115942;53266857;38513555;247388;0;180
FR;0;2022-02-22;4462;18657;60838;577;11259;64479;5255;0;1;54309859;51404394;35236367;116519;53278116;38578034;252643;0;181
FR;0;2022-02-23;6590;27358;66504;592;19626;71901;4596;0;3;54316449;51431752;35302871;117111;53297742;38649935;257239;0;184
FR;0;2022-02-24;3850;15550;50430;519;9510;53254;4530;0;2;54320299;51447302;35353301;117630;53307252;38703189;261769;0;186
FR;0;2022-02-25;5284;24122;76363;803;15098;80096;7334;0;7;54325583;51471424;35429664;118433;53322350;38783285;269103;0;193
FR;0;2022-02-26;3990;17768;47418;359;12170;51485;3083;0;3;54329573;51489192;35477082;118792;53334520;38834770;272186;0;196
FR;0;2022-02-27;880;3009;8037;47;1978;8948;529;0;0;54330453;51492201;35485119;118839;53336498;38843718;272715;0;196
FR;0;2022-02-28;3123;12553;40492;359;7589;42925;3858;0;0;54333576;51504754;35525611;119198;53344087;38886643;276573;0;196
FR;0;2022-03-01;4004;12606;44200;437;7633;44870;5519;0;6;54337580;51517360;35569811;119635;53351720;38931513;282092;0;202
FR;0;2022-03-02;5331;17797;47145;446;12857;49077;4929;0;2;54342911;51535157;35616956;120081;53364577;38980590;287021;0;204
FR;0;2022-03-03;2826;9353;29898;370;6250;30021;4049;0;2;54345737;51544510;35646854;120451;53370827;39010611;291070;0;206
FR;0;2022-03-04;3222;12474;40320;667;8473;39470;6231;0;4;54348959;51556984;35687174;121118;53379300;39050081;297301;0;210
FR;0;2022-03-05;3073;9284;24958;314;7127;25122;3134;0;1;54352032;51566268;35712132;121432;53386427;39075203;300435;0;211
FR;0;2022-03-06;521;1400;3198;43;1023;3441;379;0;0;54352553;51567668;35715330;121475;53387450;39078644;300814;0;211
FR;0;2022-03-07;2375;5631;18433;315;3849;17703;3307;0;4;54354928;51573299;35733763;121790;53391299;39096347;304121;0;215
FR;0;2022-03-08;2147;6077;19447;363;4331;17919;4094;0;3;54357075;51579376;35753210;122153;53395630;39114266;308215;0;218
FR;0;2022-03-09;3580;10498;22189;407;8727;21285;4038;0;4;54360655;51589874;35775399;122560;53404357;39135551;312253;0;222
FR;0;2022-03-10;1826;5835;17003;344;4381;15829;3407;0;3;54362481;51595709;35792402;122904;53408738;39151380;315660;0;225
FR;0;2022-03-11;2419;7559;24502;545;5439;22270;5479;0;2;54364900;51603268;35816904;123449;53414177;39173650;321139;0;227
FR;0;2022-03-12;2694;6777;17167;309;5497;16521;3136;0;2;54367594;51610045;35834071;123758;53419674;39190171;324275;0;229
FR;0;2022-03-13;405;791;2324;149;599;2273;537;0;0;54367999;51610836;35836395;123907;53420273;39192444;324812;0;229
FR;0;2022-03-14;1552;4274;14987;4412;2809;13841;7295;0;8;54369551;51615110;35851382;128319;53423082;39206285;332107;0;237
FR;0;2022-03-15;1749;6295;16383;7554;4812;14612;11033;0;9;54371300;51621405;35867765;135873;53427894;39220897;343140;0;246
FR;0;2022-03-16;3035;7408;19427;13140;6210;18106;16296;0;8;54374335;51628813;35887192;149013;53434104;39239003;359436;0;254
FR;0;2022-03-17;1457;3985;13151;10846;2805;11990;13314;0;8;54375792;51632798;35900343;159859;53436909;39250993;372750;0;262
FR;0;2022-03-18;2269;5756;20012;18306;4097;18108;22038;0;15;54378061;51638554;35920355;178165;53441006;39269101;394788;0;277
FR;0;2022-03-19;2294;4803;13115;9405;4139;12418;11408;0;6;54380355;51643357;35933470;187570;53445145;39281519;406196;0;283
FR;0;2022-03-20;300;734;1919;1073;526;1930;1340;0;2;54380655;51644091;35935389;188643;53445671;39283449;407536;0;285
FR;0;2022-03-21;1392;3220;12731;14950;2154;11955;16910;0;11;54382047;51647311;35948120;203593;53447825;39295404;424446;0;296
FR;0;2022-03-22;1554;3738;13800;20551;2578;12555;22842;0;5;54383601;51651049;35961920;224144;53450403;39307959;447288;0;301
FR;0;2022-03-23;2685;6291;17729;23151;5223;17241;25267;0;40;54386286;51657340;35979649;247295;53455626;39325200;472555;0;341
FR;0;2022-03-24;1406;3159;11596;17617;2248;10682;19391;0;23;54387692;51660499;35991245;264912;53457874;39335882;491946;0;364
FR;0;2022-03-25;2083;5156;18572;27775;3685;16910;30809;0;31;54389775;51665655;36009817;292687;53461559;39352792;522755;0;395
FR;0;2022-03-26;2231;4414;12079;12678;3864;11519;14400;0;26;54392006;51670069;36021896;305365;53465423;39364311;537155;0;421
FR;0;2022-03-27;361;693;1909;1482;515;1943;1739;0;1;54392367;51670762;36023805;306847;53465938;39366254;538894;0;422
FR;0;2022-03-28;1464;3078;11128;17490;2115;10619;19067;0;16;54393831;51673840;36034933;324337;53468053;39376873;557961;0;438
FR;0;2022-03-29;1454;3273;12908;27583;2089;12051;29281;0;34;54395285;51677113;36047841;351920;53470142;39388924;587242;0;472
FR;0;2022-03-30;2853;5517;15685;27428;4701;15085;29334;0;21;54398138;51682630;36063526;379348;53474843;39404009;616576;0;493
FR;0;2022-03-31;1611;3568;12987;25022;2551;12327;26631;0;43;54399749;51686198;36076513;404370;53477394;39416336;643207;0;536
FR;0;2022-04-01;2680;4584;20077;30894;2968;18719;33487;0;61;54402429;51690782;36096590;435264;53480362;39435055;676694;0;597
FR;0;2022-04-02;1531;2644;9052;10133;2008;8722;11295;0;29;54403960;51693426;36105642;445397;53482370;39443777;687989;0;626
FR;0;2022-04-03;290;515;1562;1170;360;1579;1381;0;2;54404250;51693941;36107204;446567;53482730;39445356;689370;0;628
FR;0;2022-04-04;2818;2898;12374;19130;1914;11583;20601;0;35;54407068;51696839;36119578;465697;53484644;39456939;709971;0;663
FR;0;2022-04-05;2443;3157;14341;34141;2036;13193;35758;0;85;54409511;51699996;36133919;499838;53486680;39470132;745729;0;748
FR;0;2022-04-06;2536;3948;13539;26504;3013;12813;27973;0;72;54412047;51703944;36147458;526342;53489693;39482945;773702;0;820
FR;0;2022-04-07;1855;3135;13678;33781;1986;12889;35138;0;76;54413902;51707079;36161136;560123;53491679;39495834;808840;0;896
FR;0;2022-04-08;2218;4281;19222;43986;2616;17828;46354;0;89;54416120;51711360;36180358;604109;53494295;39513662;855194;0;985
FR;0;2022-04-09;1368;2679;9313;13566;1900;8866;14800;0;30;54417488;51714039;36189671;617675;53496195;39522528;869994;0;1015
FR;0;2022-04-10;294;751;1984;2017;548;2006;2279;0;7;54417782;51714790;36191655;619692;53496743;39524534;872273;0;1022
FR;0;2022-04-11;1328;2620;11872;23909;1636;11483;25179;0;74;54419110;51717410;36203527;643601;53498379;39536017;897452;0;1096
FR;0;2022-04-12;1714;3072;14016;40912;1955;13389;41801;0;127;54420824;51720482;36217543;684513;53500334;39549406;939253;0;1223
FR;0;2022-04-13;1973;3720;13408;33107;2717;13031;34075;0;96;54422797;51724202;36230951;717620;53503051;39562437;973328;0;1319
FR;0;2022-04-14;1497;2973;13215;36316;1901;13073;36985;0;106;54424294;51727175;36244166;753936;53504952;39575510;1010313;0;1425
FR;0;2022-04-15;1868;3759;15638;35568;2506;14914;37220;0;115;54426162;51730934;36259804;789504;53507458;39590424;1047533;0;1540
FR;0;2022-04-16;1043;1829;6400;8553;1259;6262;9435;0;40;54427205;51732763;36266204;798057;53508717;39596686;1056968;0;1580
FR;0;2022-04-17;194;337;993;1174;221;1036;1242;0;7;54427399;51733100;36267197;799231;53508938;39597722;1058210;0;1587
FR;0;2022-04-18;197;541;2768;1072;342;2786;1287;0;5;54427596;51733641;36269965;800303;53509280;39600508;1059497;0;1592
FR;0;2022-04-19;1542;3029;12916;29667;1874;12476;30714;0;78;54429138;51736670;36282881;829970;53511154;39612984;1090211;0;1670
FR;0;2022-04-20;1999;3490;13304;29063;2603;12991;30080;0;96;54431137;51740160;36296185;859033;53513757;39625975;1120291;0;1766
FR;0;2022-04-21;1513;2850;12548;35177;1821;12623;35768;0;117;54432650;51743010;36308733;894210;53515578;39638598;1156059;0;1883
FR;0;2022-04-22;1873;3616;16477;37610;2392;15837;39148;0;131;54434523;51746626;36325210;931820;53517970;39654435;1195207;0;2014
FR;0;2022-04-23;1148;2062;7388;10658;1471;7239;11443;0;38;54435671;51748688;36332598;942478;53519441;39661674;1206650;0;2052
FR;0;2022-04-24;250;462;1475;1589;321;1413;1845;0;7;54435921;51749150;36334073;944067;53519762;39663087;1208495;0;2059
FR;0;2022-04-25;1306;2531;10683;21056;1611;10490;22077;0;79;54437227;51751681;36344756;965123;53521373;39673577;1230572;0;2138
FR;0;2022-04-26;1622;3004;13665;38614;1963;13109;39410;0;181;54438849;51754685;36358421;1003737;53523336;39686686;1269982;0;2319
FR;0;2022-04-27;1964;3061;11538;31034;2274;11595;31453;0;130;54440813;51757746;36369959;1034771;53525610;39698281;1301435;0;2449
FR;0;2022-04-28;1570;2770;12527;36221;1852;12269;36537;0;139;54442383;51760516;36382486;1070992;53527462;39710550;1337972;0;2588
FR;0;2022-04-29;2008;4808;15553;37276;3615;14929;38745;0;164;54444391;51765324;36398039;1108268;53531077;39725479;1376717;0;2752
FR;0;2022-04-30;1216;2839;6927;9717;2335;6755;10608;0;44;54445607;51768163;36404966;1117985;53533412;39732234;1387325;0;2796
FR;0;2022-05-01;218;325;916;998;229;911;1139;0;6;54445825;51768488;36405882;1118983;53533641;39733145;1388464;0;2802
FR;0;2022-05-02;2136;2947;11152;18173;2044;10984;19019;0;69;54447961;51771435;36417034;1137156;53535685;39744129;1407483;0;2871
FR;0;2022-05-03;2008;3262;13722;34679;2126;13563;35601;0;163;54449969;51774697;36430756;1171835;53537811;39757692;1443084;0;3034
FR;0;2022-05-04;1913;3295;12184;25636;2295;12301;26187;0;110;54451882;51777992;36442940;1197471;53540106;39769993;1469271;0;3144
FR;0;2022-05-05;1768;2996;13063;33586;1972;12910;34254;0;179;54453650;51780988;36456003;1231057;53542078;39782903;1503525;0;3323
FR;0;2022-05-06;2213;3655;15349;36790;2314;14857;38254;0;182;54455863;51784643;36471352;1267847;53544392;39797760;1541779;0;3505
FR;0;2022-05-07;1208;1781;6464;9612;1255;6455;10337;0;48;54457071;51786424;36477816;1277459;53545647;39804215;1552116;0;3553
FR;0;2022-05-08;267;400;1173;1547;289;1234;1653;0;8;54457338;51786824;36478989;1279006;53545936;39805449;1553769;0;3561
FR;0;2022-05-09;1385;2300;9926;20259;1407;9796;21176;0;102;54458723;51789124;36488915;1299265;53547343;39815245;1574945;0;3663
FR;0;2022-05-10;1781;3398;13577;38996;2261;13133;40023;0;200;54460504;51792522;36502492;1338261;53549604;39828378;1614968;0;3863
FR;0;2022-05-11;1998;3012;10751;27929;2316;10696;28437;0;146;54462502;51795534;36513243;1366190;53551920;39839074;1643405;0;4009
FR;0;2022-05-12;1589;2719;11380;35730;1788;11050;36492;0;211;54464091;51798253;36524623;1401920;53553708;39850124;1679897;0;4220
FR;0;2022-05-13;1975;3219;13758;37972;2059;13346;39238;0;162;54466066;51801472;36538381;1439892;53555767;39863470;1719135;0;4382
FR;0;2022-05-14;1148;1638;5937;10776;1196;5800;11364;0;57;54467214;51803110;36544318;1450668;53556963;39869270;1730499;0;4439
FR;0;2022-05-15;283;475;1278;1438;299;1361;1591;0;6;54467497;51803585;36545596;1452106;53557262;39870631;1732090;0;4445
FR;0;2022-05-16;1194;2043;8691;21069;1245;8697;21597;0;128;54468691;51805628;36554287;1473175;53558507;39879328;1753687;0;4573
FR;0;2022-05-17;1588;2599;11823;37876;1664;11401;38716;0;180;54470279;51808227;36566110;1511051;53560171;39890729;1792403;0;4753
FR;0;2022-05-18;1814;2650;9688;27160;1953;9662;27777;0;109;54472093;51810877;36575798;1538211;53562124;39900391;1820180;0;4862
FR;0;2022-05-19;1446;2654;10575;35833;1628;10714;36023;0;162;54473539;51813531;36586373;1574044;53563752;39911105;1856203;0;5024
FR;0;2022-05-20;1873;3112;13420;39367;2071;12911;40385;0;168;54475412;51816643;36599793;1613411;53565823;39924016;1896588;0;5192
FR;0;2022-05-21;1158;1706;5662;9897;1300;5534;10533;0;45;54476570;51818349;36605455;1623308;53567123;39929550;1907121;0;5237
FR;0;2022-05-22;238;341;1028;1438;262;1016;1581;0;10;54476808;51818690;36606483;1624746;53567385;39930566;1908702;0;5247
FR;0;2022-05-23;1174;2120;8879;20346;1402;8828;21001;0;86;54477982;51820810;36615362;1645092;53568787;39939394;1929703;0;5333
FR;0;2022-05-24;1541;2758;11362;38876;1734;11233;39506;0;190;54479523;51823568;36626724;1683968;53570521;39950627;1969209;0;5523
FR;0;2022-05-25;1814;2833;9341;24845;2071;9479;25321;0;116;54481337;51826401;36636065;1708813;53572592;39960106;1994530;0;5639
FR;0;2022-05-26;211;423;1666;1201;287;1675;1345;0;26;54481548;51826824;36637731;1710014;53572879;39961781;1995875;0;5665
FR;0;2022-05-27;1385;2470;9261;21290;1665;9002;22323;0;94;54482933;51829294;36646992;1731304;53574544;39970783;2018198;0;5759
FR;0;2022-05-28;669;1266;3916;6792;846;3966;7202;0;38;54483602;51830560;36650908;1738096;53575390;39974749;2025400;0;5797
FR;0;2022-05-29;157;315;752;920;200;773;1032;0;4;54483759;51830875;36651660;1739016;53575590;39975522;2026432;0;5801
FR;0;2022-05-30;1025;1960;6993;19295;1242;7010;19807;0;91;54484784;51832835;36658653;1758311;53576832;39982532;2046239;0;5892
FR;0;2022-05-31;1489;2508;9821;35654;1638;9643;36286;0;171;54486273;51835343;36668474;1793965;53578470;39992175;2082525;0;6063
FR;0;2022-06-01;1736;3097;11019;24532;2244;10884;25486;0;121;54488009;51838440;36679493;1818497;53580714;40003059;2108011;0;6184
FR;0;2022-06-02;1476;2611;11305;35568;1712;10863;36512;0;174;54489485;51841051;36690798;1854065;53582426;40013922;2144523;0;6358
FR;0;2022-06-03;1727;3068;13397;38722;2038;12761;39992;0;176;54491212;51844119;36704195;1892787;53584464;40026683;2184515;0;6534
FR;0;2022-06-04;971;1515;5045;9112;1075;5116;9648;0;73;54492183;51845634;36709240;1901899;53585539;40031799;2194163;0;6607
FR;0;2022-06-05;178;335;875;1106;205;886;1228;0;4;54492361;51845969;36710115;1903005;53585744;40032685;2195391;0;6611
FR;0;2022-06-06;610;1209;2119;1328;1035;2133;1508;0;13;54492971;51847178;36712234;1904333;53586779;40034818;2196899;0;6624
FR;0;2022-06-07;1412;2705;9849;35583;1783;9428;36809;0;153;54494383;51849883;36722083;1939916;53588562;40044246;2233708;0;6777
FR;0;2022-06-08;1563;2693;9166;28751;1939;9009;29716;0;112;54495946;51852576;36731249;1968667;53590501;40053255;2263424;0;6889
FR;0;2022-06-09;1289;2438;10622;39493;1553;10266;40269;0;167;54497235;51855014;36741871;2008160;53592054;40063521;2303693;0;7056
FR;0;2022-06-10;1627;3108;13081;44814;2076;12635;46146;0;224;54498862;51858122;36754952;2052974;53594130;40076156;2349839;0;7280
FR;0;2022-06-11;960;1737;5436;11626;1123;5468;12212;0;55;54499822;51859859;36760388;2064600;53595253;40081624;2362051;0;7335
FR;0;2022-06-12;198;443;1074;1765;253;1137;1866;0;11;54500020;51860302;36761462;2066365;53595506;40082761;2363917;0;7346
FR;0;2022-06-13;1095;2061;7439;23182;1335;7268;24098;0;90;54501115;51862363;36768901;2089547;53596841;40090029;2388015;0;7436
FR;0;2022-06-14;1320;2537;10448;44944;1586;9804;46140;0;200;54502435;51864900;36779349;2134491;53598427;40099833;2434155;0;7636
FR;0;2022-06-15;1510;2453;9322;30887;1922;8953;31584;0;178;54503945;51867353;36788671;2165378;53600349;40108786;2465739;0;7814
FR;0;2022-06-16;1181;2035;9913;39924;1269;9324;40945;0;201;54505126;51869388;36798584;2205302;53601618;40118110;2506684;0;8015
FR;0;2022-06-17;1486;2847;12493;46686;1771;11894;47929;0;240;54506612;51872235;36811077;2251988;53603389;40130004;2554613;0;8255
FR;0;2022-06-18;854;1525;4566;11123;1035;4501;11717;0;67;54507466;51873760;36815643;2263111;53604424;40134505;2566330;0;8322
FR;0;2022-06-19;183;363;1058;1615;208;1130;1701;0;14;54507649;51874123;36816701;2264726;53604632;40135635;2568031;0;8336
FR;0;2022-06-20;1024;1918;8906;26075;1191;8567;27017;0;153;54508673;51876041;36825607;2290801;53605823;40144202;2595048;0;8489
FR;0;2022-06-21;1325;2400;10310;49891;1535;9338;51278;0;264;54509998;51878441;36835917;2340692;53607358;40153540;2646326;0;8753
FR;0;2022-06-22;1389;2506;8912;39056;1797;8419;40000;0;256;54511387;51880947;36844829;2379748;53609155;40161959;2686326;0;9009
FR;0;2022-06-23;1227;2362;10679;55098;1358;9884;56231;0;320;54512614;51883309;36855508;2434846;53610513;40171843;2742557;0;9329
FR;0;2022-06-24;1488;2988;13642;69179;1744;12303;70997;0;405;54514102;51886297;36869150;2504025;53612257;40184146;2813554;0;9734
FR;0;2022-06-25;937;1779;6233;19919;1110;5985;20773;0;177;54515039;51888076;36875383;2523944;53613367;40190131;2834327;0;9911
FR;0;2022-06-26;229;458;1952;3688;258;1817;3966;0;39;54515268;51888534;36877335;2527632;53613625;40191948;2838293;0;9950
FR;0;2022-06-27;1128;2019;10494;48485;1175;9636;49753;0;339;54516396;51890553;36887829;2576117;53614800;40201584;2888046;0;10289
FR;0;2022-06-28;1457;2811;14665;91379;1577;13085;93147;0;624;54517853;51893364;36902494;2667496;53616377;40214669;2981193;0;10913
FR;0;2022-06-29;1710;2825;12291;71883;1839;11239;73025;0;548;54519563;51896189;36914785;2739379;53618216;40225908;3054218;0;11461
FR;0;2022-06-30;1533;2717;14390;95163;1637;12470;97178;0;724;54521096;51898906;36929175;2834542;53619853;40238378;3151396;0;12185
FR;0;2022-07-01;2006;3797;21501;115921;2303;18855;118567;0;954;54523102;51902703;36950676;2950463;53622156;40257233;3269963;0;13139
FR;0;2022-07-02;1085;1856;8524;35748;1102;7701;36869;0;342;54524187;51904559;36959200;2986211;53623258;40264934;3306832;0;13481
FR;0;2022-07-03;292;539;2092;6455;317;1895;6804;0;79;54524479;51905098;36961292;2992666;53623575;40266829;3313636;0;13560
FR;0;2022-07-04;1696;3330;14707;79219;2189;12985;81292;0;639;54526175;51908428;36975999;3071885;53625764;40279814;3394928;0;14199
FR;0;2022-07-05;1717;3144;18830;133249;1773;16012;135540;0;1145;54527892;51911572;36994829;3205134;53627537;40295826;3530468;0;15344
FR;0;2022-07-06;1817;2772;15849;99570;1836;13637;101138;0;900;54529709;51914344;37010678;3304704;53629373;40309463;3631606;0;16244
FR;0;2022-07-07;1706;2866;17998;126036;1704;14776;128363;0;1179;54531415;51917210;37028676;3430740;53631077;40324239;3759969;0;17423
FR;0;2022-07-08;1889;3148;20747;137079;1848;16761;140073;0;1346;54533304;51920358;37049423;3567819;53632925;40341000;3900042;0;18769
FR;0;2022-07-09;866;1456;7742;37922;873;6686;38767;0;426;54534170;51921814;37057165;3605741;53633798;40347686;3938809;0;19195
FR;0;2022-07-10;264;573;2346;7004;326;2125;7395;0;94;54534434;51922387;37059511;3612745;53634124;40349811;3946204;0;19289
FR;0;2022-07-11;1430;2463;15015;88272;1384;12505;90463;0;801;54535864;51924850;37074526;3701017;53635508;40362316;4036667;0;20090
FR;0;2022-07-12;1796;3103;20531;143951;1700;16726;146654;0;1604;54537660;51927953;37095057;3844968;53637208;40379042;4183321;0;21694
FR;0;2022-07-13;1739;2740;15690;94536;1652;13268;96396;0;1080;54539399;51930693;37110747;3939504;53638860;40392310;4279717;0;22774
FR;0;2022-07-14;185;368;1952;5534;218;1831;5701;0;82;54539584;51931061;37112699;3945038;53639078;40394141;4285418;0;22856
FR;0;2022-07-15;1476;2556;15112;84455;1416;12595;86614;0;1034;54541060;51933617;37127811;4029493;53640494;40406736;4372032;0;23890
FR;0;2022-07-16;619;1179;5949;24976;684;5156;25667;0;327;54541679;51934796;37133760;4054469;53641178;40411892;4397699;0;24217
FR;0;2022-07-17;178;389;1737;4663;213;1568;4935;0;66;54541857;51935185;37135497;4059132;53641391;40413460;4402634;0;24283
FR;0;2022-07-18;1130;2246;11824;61798;1334;9973;63661;0;780;54542987;51937431;37147321;4120930;53642725;40423433;4466295;0;25063
FR;0;2022-07-19;1414;2348;15470;103695;1385;12292;105882;0;1459;54544401;51939779;37162791;4224625;53644110;40435725;4572177;0;26522
FR;0;2022-07-20;1418;2288;12957;77573;1457;10730;79161;0;1051;54545819;51942067;37175748;4302198;53645567;40446455;4651338;0;27573
FR;0;2022-07-21;1284;2165;13089;88236;1365;10491;89719;0;1316;54547103;51944232;37188837;4390434;53646932;40456946;4741057;0;28889
FR;0;2022-07-22;1401;2457;14812;89516;1443;11962;91388;0;1347;54548504;51946689;37203649;4479950;53648375;40468908;4832445;0;30236
FR;0;2022-07-23;671;1306;5530;22477;819;4853;23073;0;412;54549175;51947995;37209179;4502427;53649194;40473761;4855518;0;30648
FR;0;2022-07-24;183;352;1398;3904;200;1241;4130;0;72;54549358;51948347;37210577;4506331;53649394;40475002;4859648;0;30720
FR;0;2022-07-25;1057;1790;9488;48068;1141;7837;49508;0;737;54550415;51950137;37220065;4554399;53650535;40482839;4909156;0;31457
FR;0;2022-07-26;1290;2209;13303;85431;1315;10827;87127;0;1311;54551705;51952346;37233368;4639830;53651850;40493666;4996283;0;32768
FR;0;2022-07-27;1221;2003;10235;61312;1333;8529;62517;0;971;54552926;51954349;37243603;4701142;53653183;40502195;5058800;0;33739
FR;0;2022-07-28;1088;1859;10307;64391;1249;8214;65626;0;1046;54554014;51956208;37253910;4765533;53654432;40510409;5124426;0;34785
FR;0;2022-07-29;1281;2065;11002;65865;1372;8758;67294;0;1140;54555295;51958273;37264912;4831398;53655804;40519167;5191720;0;35925
FR;0;2022-07-30;499;855;3520;15282;591;2972;15663;0;303;54555794;51959128;37268432;4846680;53656395;40522139;5207383;0;36228
FR;0;2022-07-31;152;288;929;2439;184;788;2588;0;49;54555946;51959416;37269361;4849119;53656579;40522927;5209971;0;36277
FR;0;2022-08-01;846;1561;7591;30234;1155;6387;31307;0;548;54556792;51960977;37276952;4879353;53657734;40529314;5241278;0;36825
FR;0;2022-08-02;1021;1636;8574;56103;1141;6887;56791;0;1169;54557813;51962613;37285526;4935456;53658875;40536201;5298069;0;37994
FR;0;2022-08-03;837;1259;6420;38670;895;5142;39407;0;701;54558650;51963872;37291946;4974126;53659770;40541343;5337476;0;38695
FR;0;2022-08-04;732;1179;6566;43153;775;5297;43718;0;917;54559382;51965051;37298512;5017279;53660545;40546640;5381194;0;39612
FR;0;2022-08-05;853;1354;7093;44955;960;5673;45617;0;993;54560235;51966405;37305605;5062234;53661505;40552313;5426811;0;40605
FR;0;2022-08-06;338;555;2098;9366;396;1756;9566;0;228;54560573;51966960;37307703;5071600;53661901;40554069;5436377;0;40833
FR;0;2022-08-07;104;156;536;1621;113;453;1701;0;38;54560677;51967116;37308239;5073221;53662014;40554522;5438078;0;40871
FR;0;2022-08-08;563;1023;4019;22096;778;3280;22540;0;490;54561240;51968139;37312258;5095317;53662792;40557802;5460618;0;41361
FR;0;2022-08-09;685;1139;5969;39941;825;4798;40432;0;844;54561925;51969278;37318227;5135258;53663617;40562600;5501050;0;42205
FR;0;2022-08-10;637;1121;4653;28055;835;3793;28390;0;652;54562562;51970399;37322880;5163313;53664452;40566393;5529440;0;42857
FR;0;2022-08-11;613;1022;4482;29246;733;3702;29582;0;676;54563175;51971421;37327362;5192559;53665185;40570095;5559022;0;43533
FR;0;2022-08-12;713;1146;4741;28208;829;3913;28644;0;702;54563888;51972567;37332103;5220767;53666014;40574008;5587666;0;44235
FR;0;2022-08-13;213;413;1294;5256;311;1118;5415;0;121;54564101;51972980;37333397;5226023;53666325;40575126;5593081;0;44356
FR;0;2022-08-14;71;121;288;923;104;246;995;0;25;54564172;51973101;37333685;5226946;53666429;40575372;5594076;0;44381
FR;0;2022-08-15;83;185;606;564;151;554;618;0;19;54564255;51973286;37334291;5227510;53666580;40575926;5594694;0;44400
FR;0;2022-08-16;617;1055;3957;22174;816;3352;22366;0;615;54564872;51974341;37338248;5249684;53667396;40579278;5617060;0;45015
FR;0;2022-08-17;630;1014;3887;22895;791;3292;23139;0;620;54565502;51975355;37342135;5272579;53668187;40582570;5640199;0;45635
FR;0;2022-08-18;615;980;4108;26291;780;3249;26521;0;673;54566117;51976335;37346243;5298870;53668967;40585819;5666720;0;46308
FR;0;2022-08-19;601;1154;4489;27243;861;3691;27548;0;766;54566718;51977489;37350732;5326113;53669828;40589510;5694268;0;47074
FR;0;2022-08-20;290;494;1355;5569;391;1170;5728;0;146;54567008;51977983;37352087;5331682;53670219;40590680;5699996;0;47220
FR;0;2022-08-21;95;133;301;1008;94;263;1043;0;27;54567103;51978116;37352388;5332690;53670313;40590943;5701039;0;47247
FR;0;2022-08-22;546;988;3272;15347;766;2795;15677;0;425;54567649;51979104;37355660;5348037;53671079;40593738;5716716;0;47672
FR;0;2022-08-23;711;1172;4297;28990;846;3610;29076;0;870;54568360;51980276;37359957;5377027;53671925;40597348;5745792;0;48542
FR;0;2022-08-24;656;930;3494;19529;773;2856;19719;0;608;54569016;51981206;37363451;5396556;53672698;40600204;5765511;0;49150
FR;0;2022-08-25;623;1011;3936;23402;720;3284;23666;0;673;54569639;51982217;37367387;5419958;53673418;40603488;5789177;0;49823
FR;0;2022-08-26;849;1254;4473;25882;948;3664;26256;0;777;54570488;51983471;37371860;5445840;53674366;40607152;5815433;0;50600
FR;0;2022-08-27;293;498;1377;5462;359;1243;5526;0;194;54570781;51983969;37373237;5451302;53674725;40608395;5820959;0;50794
FR;0;2022-08-28;123;160;303;919;114;288;964;0;38;54570904;51984129;37373540;5452221;53674839;40608683;5821923;0;50832
FR;0;2022-08-29;618;964;3072;14655;763;2609;14961;0;433;54571522;51985093;37376612;5466876;53675602;40611292;5836884;0;51265
FR;0;2022-08-30;848;1207;4792;28542;884;3909;28872;0;823;54572370;51986300;37381404;5495418;53676486;40615201;5865756;0;52088
FR;0;2022-08-31;688;948;3200;17634;733;2710;17899;0;508;54573058;51987248;37384604;5513052;53677219;40617911;5883655;0;52596
FR;0;2022-09-01;729;980;4472;22475;691;3818;22750;0;622;54573787;51988228;37389076;5535527;53677910;40621729;5906405;0;53218
FR;0;2022-09-02;868;1137;5037;28608;821;4247;28901;0;914;54574655;51989365;37394113;5564135;53678731;40625976;5935306;0;54132
FR;0;2022-09-03;415;562;1917;6084;417;1663;6321;0;181;54575070;51989927;37396030;5570219;53679148;40627639;5941627;0;54313
FR;0;2022-09-04;131;150;351;873;86;347;942;0;24;54575201;51990077;37396381;5571092;53679234;40627986;5942569;0;54337
FR;0;2022-09-05;618;710;3146;16054;530;2625;16366;0;523;54575819;51990787;37399527;5587146;53679764;40630611;5958935;0;54860
FR;0;2022-09-06;792;1013;4732;31841;644;3863;32072;0;1040;54576611;51991800;37404259;5618987;53680408;40634474;5991007;0;55900
FR;0;2022-09-07;642;764;2995;16820;544;2475;16969;0;572;54577253;51992564;37407254;5635807;53680952;40636949;6007976;0;56472
FR;0;2022-09-08;616;849;3804;24845;580;3137;24934;0;818;54577869;51993413;37411058;5660652;53681532;40640086;6032910;0;57290
FR;0;2022-09-09;836;1010;4437;27645;650;3674;27823;0;948;54578705;51994423;37415495;5688297;53682182;40643760;6060733;0;58238
FR;0;2022-09-10;385;535;1732;5708;361;1532;5912;0;207;54579090;51994958;37417227;5694005;53682543;40645292;6066645;0;58445
FR;0;2022-09-11;123;131;322;656;93;306;714;0;17;54579213;51995089;37417549;5694661;53682636;40645598;6067359;0;58462
FR;0;2022-09-12;486;625;2682;13285;445;2287;13578;0;478;54579699;51995714;37420231;5707946;53683081;40647885;6080937;0;58940
FR;0;2022-09-13;608;835;3994;26504;521;3483;26385;0;875;54580307;51996549;37424225;5734450;53683602;40651368;6107322;0;59815
FR;0;2022-09-14;652;769;2954;16180;561;2469;16413;0;573;54580959;51997318;37427179;5750630;53684163;40653837;6123735;0;60388
FR;0;2022-09-15;553;775;3464;23578;526;2954;23646;0;726;54581512;51998093;37430643;5774208;53684689;40656791;6147381;0;61114
FR;0;2022-09-16;785;1031;4137;25898;713;3477;26121;0;932;54582297;51999124;37434780;5800106;53685402;40660268;6173502;0;62046
FR;0;2022-09-17;386;493;1449;6144;370;1279;6236;0;242;54582683;51999617;37436229;5806250;53685772;40661547;6179738;0;62288
FR;0;2022-09-18;115;141;323;961;120;291;1016;0;36;54582798;51999758;37436552;5807211;53685892;40661838;6180754;0;62324
FR;0;2022-09-19;445;638;2252;13199;437;1927;13381;0;436;54583243;52000396;37438804;5820410;53686329;40663765;6194135;0;62760
FR;0;2022-09-20;634;865;3779;26437;617;3149;26489;0;892;54583877;52001261;37442583;5846847;53686946;40666914;6220624;0;63652
FR;0;2022-09-21;575;763;2736;16257;567;2351;16249;0;586;54584452;52002024;37445319;5863104;53687513;40669265;6236873;0;64238
FR;0;2022-09-22;582;826;3414;23572;549;2786;23798;0;772;54585034;52002850;37448733;5886676;53688062;40672051;6260671;0;65010
FR;0;2022-09-23;829;1040;4491;28701;759;3759;28877;0;1017;54585863;52003890;37453224;5915377;53688821;40675810;6289548;0;66027
FR;0;2022-09-24;423;609;1639;6893;468;1415;7075;0;306;54586286;52004499;37454863;5922270;53689289;40677225;6296623;0;66333
FR;0;2022-09-25;98;188;335;1100;142;306;1142;0;37;54586384;52004687;37455198;5923370;53689431;40677531;6297765;0;66370
FR;0;2022-09-26;437;697;2286;13526;467;2015;13631;0;435;54586821;52005384;37457484;5936896;53689898;40679546;6311396;0;66805
FR;0;2022-09-27;610;840;3626;25940;611;2909;26095;0;959;54587431;52006224;37461110;5962836;53690509;40682455;6337491;0;67764
FR;0;2022-09-28;626;816;2550;15389;623;2296;15504;0;622;54588057;52007040;37463660;5978225;53691132;40684751;6352995;0;68386
FR;0;2022-09-29;564;760;3114;21029;537;2628;21056;41;810;54588621;52007800;37466774;5999254;53691669;40687379;6374051;41;69196
FR;0;2022-09-30;770;1091;3950;25550;800;3297;25815;713;1049;54589391;52008891;37470724;6024804;53692469;40690676;6399866;754;70245
FR;0;2022-10-01;420;611;2003;5969;458;1733;6208;396;317;54589811;52009502;37472727;6030773;53692927;40692409;6406074;1150;70562
FR;0;2022-10-02;58;132;218;638;94;214;664;66;42;54589869;52009634;37472945;6031411;53693021;40692623;6406738;1216;70604
FR;0;2022-10-03;467;727;2434;12019;561;2142;12213;2073;744;54590336;52010361;37475379;6043430;53693582;40694765;6418951;3289;71348
FR;0;2022-10-04;612;787;3385;23504;531;2774;23684;4702;1581;54590948;52011148;37478764;6066934;53694113;40697539;6442635;7991;72929
FR;0;2022-10-05;544;802;2428;14588;578;2143;14734;3655;1209;54591492;52011950;37481192;6081522;53694691;40699682;6457369;11646;74138
FR;0;2022-10-06;534;701;3082;21681;503;2514;21892;6665;1907;54592026;52012651;37484274;6103203;53695194;40702196;6479261;18311;76045
FR;0;2022-10-07;719;973;4125;30291;703;3471;30381;16868;3201;54592745;52013624;37488399;6133494;53695897;40705667;6509642;35179;79246
FR;0;2022-10-08;345;512;1648;8426;371;1408;8594;6696;1169;54593090;52014136;37490047;6141920;53696268;40707075;6518236;41875;80415
FR;0;2022-10-09;108;137;336;1587;111;311;1650;1510;295;54593198;52014273;37490383;6143507;53696379;40707386;6519886;43385;80710
FR;0;2022-10-10;474;699;2912;20483;514;2496;20811;19514;3269;54593672;52014972;37493295;6163990;53696893;40709882;6540697;62899;83979
FR;0;2022-10-11;571;784;4260;40306;527;3561;40650;40146;6378;54594243;52015756;37497555;6204296;53697420;40713443;6581347;103045;90357
FR;0;2022-10-12;563;791;3247;26706;578;2752;27033;27293;4688;54594806;52016547;37500802;6231002;53697998;40716195;6608380;130338;95045
FR;0;2022-10-13;610;746;3999;38393;537;3118;38855;40562;6602;54595416;52017293;37504801;6269395;53698535;40719313;6647235;170900;101647
FR;0;2022-10-14;752;1046;4863;47646;756;3944;48122;51111;7858;54596168;52018339;37509664;6317041;53699291;40723257;6695357;222011;109505
FR;0;2022-10-15;353;492;1855;11845;332;1613;11962;13089;2275;54596521;52018831;37511519;6328886;53699623;40724870;6707319;235100;111780
FR;0;2022-10-16;92;125;371;1959;76;355;2005;2344;478;54596613;52018956;37511890;6330845;53699699;40725225;6709324;237444;112258
FR;0;2022-10-17;435;689;3031;26421;476;2470;26793;30741;5408;54597048;52019645;37514921;6357266;53700175;40727695;6736117;268185;117666
FR;0;2022-10-18;599;722;4698;46064;519;3755;46596;55407;11682;54597647;52020367;37519619;6403330;53700694;40731450;6782713;323592;129348
FR;0;2022-10-19;547;770;3628;34347;574;3066;34689;42412;9204;54598194;52021137;37523247;6437677;53701268;40734516;6817402;366004;138552
FR;0;2022-10-20;599;757;4824;49400;542;3695;50066;60429;12899;54598793;52021894;37528071;6487077;53701810;40738211;6867468;426433;151451
FR;0;2022-10-21;682;971;5694;56970;688;4500;57654;70882;14283;54599475;52022865;37533765;6544047;53702498;40742711;6925122;497315;165734
FR;0;2022-10-22;331;397;1654;12932;315;1319;13093;15923;3375;54599806;52023262;37535419;6556979;53702813;40744030;6938215;513238;169109
FR;0;2022-10-23;93;102;349;2061;97;265;2163;2753;629;54599899;52023364;37535768;6559040;53702910;40744295;6940378;515991;169738
FR;0;2022-10-24;548;592;3132;27111;418;2678;27537;35431;7772;54600447;52023956;37538900;6586151;53703328;40746973;6967915;551422;177510
FR;0;2022-10-25;584;715;4858;49043;523;3791;49713;65124;15402;54601031;52024671;37543758;6635194;53703851;40750764;7017628;616546;192912
FR;0;2022-10-26;528;634;3446;32493;470;2880;32826;43781;10914;54601559;52025305;37547204;6667687;53704321;40753644;7050454;660327;203826
FR;0;2022-10-27;586;680;4067;40697;480;3334;41176;54290;13047;54602145;52025985;37551271;6708384;53704801;40756978;7091630;714617;216873
FR;0;2022-10-28;696;843;4600;44125;612;3494;44952;58163;13123;54602841;52026828;37555871;6752509;53705413;40760472;7136582;772780;229996
FR;0;2022-10-29;254;353;1325;9486;249;1079;9620;12513;3009;54603095;52027181;37557196;6761995;53705662;40761551;7146202;785293;233005
FR;0;2022-10-30;86;111;284;1581;87;247;1629;2129;539;54603181;52027292;37557480;6763576;53705749;40761798;7147831;787422;233544
FR;0;2022-10-31;379;476;2068;16034;342;1620;16400;22095;5424;54603560;52027768;37559548;6779610;53706091;40763418;7164231;809517;238968
FR;0;2022-11-01;69;156;907;1112;119;936;1156;1660;481;54603629;52027924;37560455;6780722;53706210;40764354;7165387;811177;239449
FR;0;2022-11-02;498;651;3017;25317;480;2559;25794;36496;10077;54604127;52028575;37563472;6806039;53706690;40766913;7191181;847673;249526
FR;0;2022-11-03;635;681;4086;39953;516;3097;40678;56835;15289;54604762;52029256;37567558;6845992;53707206;40770010;7231859;904508;264815
FR;0;2022-11-04;651;816;4416;43622;561;3511;44235;60442;15200;54605413;52030072;37571974;6889614;53707767;40773521;7276094;964950;280015
FR;0;2022-11-05;250;353;1447;9699;277;1163;9908;13443;3289;54605663;52030425;37573421;6899313;53708044;40774684;7286002;978393;283304
FR;0;2022-11-06;89;111;262;1596;94;246;1625;2328;650;54605752;52030536;37573683;6900909;53708138;40774930;7287627;980721;283954
FR;0;2022-11-07;458;513;2713;26603;427;2192;27237;38859;10916;54606210;52031049;37576396;6927512;53708565;40777122;7314864;1019580;294870
FR;0;2022-11-08;587;771;4959;51848;557;3803;52821;74000;19954;54606797;52031820;37581355;6979360;53709122;40780925;7367685;1093580;314824
FR;0;2022-11-09;502;643;3351;31570;463;2679;32341;46281;13179;54607299;52032463;37584706;7010930;53709585;40783604;7400026;1139861;328003
FR;0;2022-11-10;605;847;4548;43559;597;3603;44458;62612;17219;54607904;52033310;37589254;7054489;53710182;40787207;7444484;1202473;345222
FR;0;2022-11-11;73;105;363;1656;71;308;1720;2784;1000;54607977;52033415;37589617;7056145;53710253;40787515;7446204;1205257;346222
FR;0;2022-11-12;197;310;1192;7097;219;973;7333;10284;2765;54608174;52033725;37590809;7063242;53710472;40788488;7453537;1215541;348987
FR;0;2022-11-13;63;82;244;1206;58;208;1260;1967;621;54608237;52033807;37591053;7064448;53710530;40788696;7454797;1217508;349608
FR;0;2022-11-14;427;510;2555;23909;356;2036;24533;36045;10833;54608664;52034317;37593608;7088357;53710886;40790732;7479330;1253553;360441
FR;0;2022-11-15;578;695;4287;44862;520;3329;45805;66622;19538;54609242;52035012;37597895;7133219;53711406;40794061;7525135;1320175;379979
FR;0;2022-11-16;535;610;3040;28387;480;2547;28912;42961;13249;54609777;52035622;37600935;7161606;53711886;40796608;7554047;1363136;393228
FR;0;2022-11-17;549;647;3785;39116;495;2944;39729;58143;17338;54610326;52036269;37604720;7200722;53712381;40799552;7593776;1421279;410566
FR;0;2022-11-18;615;758;4580;45042;570;3433;45944;65501;18251;54610941;52037027;37609300;7245764;53712951;40802985;7639720;1486780;428817
FR;0;2022-11-19;267;325;1494;9765;254;1083;9961;14254;3972;54611208;52037352;37610794;7255529;53713205;40804068;7649681;1501034;432789
FR;0;2022-11-20;62;86;300;1694;68;256;1769;2701;846;54611270;52037438;37611094;7257223;53713273;40804324;7651450;1503735;433635
FR;0;2022-11-21;428;502;2399;21318;340;1928;21877;32832;10207;54611698;52037940;37613493;7278541;53713613;40806252;7673327;1536567;443842
FR;0;2022-11-22;530;578;3996;39706;402;3136;40262;59464;18088;54612228;52038518;37617489;7318247;53714015;40809388;7713589;1596031;461930
FR;0;2022-11-23;462;532;2732;25918;372;2300;26409;40193;12803;54612690;52039050;37620221;7344165;53714387;40811688;7739998;1636224;474733
FR;0;2022-11-24;500;581;3745;36981;410;2930;37694;56431;17684;54613190;52039631;37623966;7381146;53714797;40814618;7777692;1692655;492417
FR;0;2022-11-25;560;695;4167;40036;548;3125;40877;59355;17323;54613750;52040326;37628133;7421182;53715345;40817743;7818569;1752010;509740
FR;0;2022-11-26;293;332;1332;9338;253;1059;9478;13954;3955;54614043;52040658;37629465;7430520;53715598;40818802;7828047;1765964;513695
FR;0;2022-11-27;69;75;263;1656;54;224;1683;2549;805;54614112;52040733;37629728;7432176;53715652;40819026;7829730;1768513;514500
FR;0;2022-11-28;401;459;2612;24635;341;1956;25359;38122;12054;54614513;52041192;37632340;7456811;53715993;40820982;7855089;1806635;526554
FR;0;2022-11-29;490;596;4343;46260;366;3248;46961;70665;22169;54615003;52041788;37636683;7503071;53716359;40824230;7902050;1877300;548723
FR;0;2022-11-30;497;670;3694;36774;473;2863;37555;56072;17159;54615500;52042458;37640377;7539845;53716832;40827093;7939605;1933372;565882
FR;0;2022-12-01;487;625;5162;51480;413;3746;52289;78955;24940;54615987;52043083;37645539;7591325;53717245;40830839;7991894;2012327;590822
FR;0;2022-12-02;618;723;6092;61310;503;4310;62531;92035;27298;54616605;52043806;37651631;7652635;53717748;40835149;8054425;2104362;618120
FR;0;2022-12-03;297;334;2226;17979;217;1566;18415;26624;7579;54616902;52044140;37653857;7670614;53717965;40836715;8072840;2130986;625699
FR;0;2022-12-04;92;122;522;4282;90;432;4333;6406;1842;54616994;52044262;37654379;7674896;53718055;40837147;8077173;2137392;627541
FR;0;2022-12-05;434;544;4239;44537;385;2845;45507;68696;21728;54617428;52044806;37658618;7719433;53718440;40839992;8122680;2206088;649269
FR;0;2022-12-06;602;715;6802;77958;448;4616;79468;121096;39279;54618030;52045521;37665420;7797391;53718888;40844608;8202148;2327184;688548
FR;0;2022-12-07;529;601;5302;57900;443;3543;59057;90002;29318;54618559;52046122;37670722;7855291;53719331;40848151;8261205;2417186;717866
FR;0;2022-12-08;591;694;6889;79224;436;4512;80900;123368;40550;54619150;52046816;37677611;7934515;53719767;40852663;8342105;2540554;758416
FR;0;2022-12-09;762;825;8555;95323;538;5609;97194;146547;46432;54619912;52047641;37686166;8029838;53720305;40858272;8439299;2687101;804848
FR;0;2022-12-10;394;414;3605;33832;260;2265;34724;50379;14648;54620306;52048055;37689771;8063670;53720565;40860537;8474023;2737480;819496
FR;0;2022-12-11;129;137;985;8326;98;676;8534;12206;3266;54620435;52048192;37690756;8071996;53720663;40861213;8482557;2749686;822762
FR;0;2022-12-12;492;553;6288;67147;347;4039;68747;105651;34547;54620927;52048745;37697044;8139143;53721010;40865252;8551304;2855337;857309
FR;0;2022-12-13;678;761;8916;103123;469;5534;105668;163973;54674;54621605;52049506;37705960;8242266;53721479;40870786;8656972;3019310;911983
FR;0;2022-12-14;567;672;6698;72844;437;4403;74467;115850;38262;54622172;52050178;37712658;8315110;53721916;40875189;8731439;3135160;950245
FR;0;2022-12-15;626;791;8545;95116;482;5398;97374;151809;51122;54622798;52050969;37721203;8410226;53722398;40880587;8828813;3286969;1001367
FR;0;2022-12-16;790;921;9336;104063;594;6038;106278;165195;54778;54623588;52051890;37730539;8514289;53722992;40886625;8935091;3452164;1056145
FR;0;2022-12-17;337;401;3339;31588;265;2137;32369;48081;14301;54623925;52052291;37733878;8545877;53723257;40888762;8967460;3500245;1070446
FR;0;2022-12-18;93;119;773;6256;69;528;6406;9530;2725;54624018;52052410;37734651;8552133;53723326;40889290;8973866;3509775;1073171
FR;0;2022-12-19;572;592;5631;55783;403;3565;57387;89426;29712;54624590;52053002;37740282;8607916;53723729;40892855;9031253;3599201;1102883
FR;0;2022-12-20;712;729;7669;79037;471;4976;81139;129223;44333;54625302;52053731;37747951;8686953;53724200;40897831;9112392;3728424;1147216
FR;0;2022-12-21;557;593;5156;50289;398;3430;51603;82744;28635;54625859;52054324;37753107;8737242;53724598;40901261;9163995;3811168;1175851
FR;0;2022-12-22;609;620;4732;45412;417;3260;46597;75251;26198;54626468;52054944;37757839;8782654;53725015;40904521;9210592;3886419;1202049
FR;0;2022-12-23;437;493;3004;25762;336;2174;26421;42604;14551;54626905;52055437;37760843;8808416;53725351;40906695;9237013;3929023;1216600
FR;0;2022-12-24;98;94;422;2639;68;315;2760;4165;1179;54627003;52055531;37761265;8811055;53725419;40907010;9239773;3933188;1217779
FR;0;2022-12-25;31;30;107;537;24;82;557;878;264;54627034;52055561;37761372;8811592;53725443;40907092;9240330;3934066;1218043
FR;0;2022-12-26;338;340;2257;16576;242;1595;17218;27001;8547;54627372;52055901;37763629;8828168;53725685;40908687;9257548;3961067;1226590
FR;0;2022-12-27;495;616;3902;33178;401;2676;34287;55688;19296;54627867;52056517;37767531;8861346;53726086;40911363;9291835;4016755;1245886
FR;0;2022-12-28;444;466;3013;25139;306;2106;25741;41842;14348;54628311;52056983;37770544;8886485;53726392;40913469;9317576;4058597;1260234
FR;0;2022-12-29;399;492;3194;25622;304;2192;26586;43264;14926;54628710;52057475;37773738;8912107;53726696;40915661;9344162;4101861;1275160
