fra;vaccin;jour;n_dose1;n_dose2;n_dose3;n_dose4;n_rappel;n_cum_dose1;n_cum_dose2;n_cum_dose3;n_cum_dose4;n_cum_rappel
FR;1;2020-12-27;609;0;0;0;0;609;0;0;0;0
FR;1;2020-12-28;683;1;0;0;0;1292;1;0;0;0
FR;1;2020-12-29;384;0;0;0;0;1676;1;0;0;0
FR;1;2020-12-30;444;0;0;0;0;2120;1;0;0;0
FR;1;2020-12-31;440;1;0;0;0;2560;2;0;0;0
FR;1;2021-01-01;1158;2;0;0;0;3718;4;0;0;0
FR;1;2021-01-02;363;3;0;0;0;4081;7;0;0;0
FR;1;2021-01-03;404;0;0;0;0;4485;7;0;0;0
FR;1;2021-01-04;2113;4;0;0;0;6598;11;0;0;0
FR;1;2021-01-05;7753;3;0;0;0;14351;14;0;0;0
FR;1;2021-01-06;12455;17;0;0;0;26806;31;0;0;0
FR;1;2021-01-07;29467;17;0;0;0;56273;48;0;0;0
FR;1;2021-01-08;37146;17;0;0;0;93419;65;0;0;0
FR;1;2021-01-09;11212;7;0;0;0;104631;72;0;0;0
FR;1;2021-01-10;6007;7;0;0;0;110638;79;0;0;0
FR;1;2021-01-11;39937;24;0;0;0;150575;103;0;0;0
FR;1;2021-01-12;62143;20;0;0;0;212718;123;0;0;0
FR;1;2021-01-13;65119;44;0;0;0;277837;167;0;0;0
FR;1;2021-01-14;81454;152;0;0;0;359291;319;0;0;0
FR;1;2021-01-15;68612;64;0;0;0;427903;383;0;0;0
FR;1;2021-01-16;19901;72;0;0;0;447804;455;0;0;0
FR;1;2021-01-17;10903;51;0;0;0;458707;506;0;0;0
FR;1;2021-01-18;82830;168;0;0;0;541537;674;0;0;0
FR;1;2021-01-19;125921;189;0;0;0;667458;863;0;0;0
FR;1;2021-01-20;132417;182;0;0;0;799875;1045;0;0;0
FR;1;2021-01-21;153062;174;0;0;0;952937;1219;0;0;0
FR;1;2021-01-22;115947;220;0;0;0;1068884;1439;0;0;0
FR;1;2021-01-23;36608;68;0;0;0;1105492;1507;0;0;0
FR;1;2021-01-24;9583;98;0;0;0;1115075;1605;0;0;0
FR;1;2021-01-25;74426;1343;0;0;0;1189501;2948;0;0;0
FR;1;2021-01-26;96455;3499;1;0;0;1285956;6447;1;0;0
FR;1;2021-01-27;103646;6135;0;0;0;1389602;12582;1;0;0
FR;1;2021-01-28;120605;15656;0;0;0;1510207;28238;1;0;0
FR;1;2021-01-29;88892;18190;0;0;0;1599099;46428;1;0;0
FR;1;2021-01-30;27993;4414;0;0;0;1627092;50842;1;0;0
FR;1;2021-01-31;5189;1816;0;0;0;1632281;52658;1;0;0
FR;1;2021-02-01;49728;22091;0;0;0;1682009;74749;1;0;0
FR;1;2021-02-02;67820;36913;0;0;0;1749829;111662;1;0;0
FR;1;2021-02-03;67086;39024;0;0;0;1816915;150686;1;0;0
FR;1;2021-02-04;77142;53285;0;0;0;1894057;203971;1;0;0
FR;1;2021-02-05;63423;46853;0;0;0;1957480;250824;1;0;0
FR;1;2021-02-06;19425;11079;0;0;0;1976905;261903;1;0;0
FR;1;2021-02-07;3666;5642;0;0;0;1980571;267545;1;0;0
FR;1;2021-02-08;36498;47844;0;0;0;2017069;315389;1;0;0
FR;1;2021-02-09;50804;76307;0;0;0;2067873;391696;1;0;0
FR;1;2021-02-10;52067;81095;0;0;0;2119940;472791;1;0;0
FR;1;2021-02-11;63376;103543;0;0;0;2183316;576334;1;0;0
FR;1;2021-02-12;55864;75081;0;0;0;2239180;651415;1;0;0
FR;1;2021-02-13;15463;19345;0;0;0;2254643;670760;1;0;0
FR;1;2021-02-14;3747;7340;0;0;0;2258390;678100;1;0;0
FR;1;2021-02-15;24153;73647;0;0;0;2282543;751747;1;0;0
FR;1;2021-02-16;32775;96369;0;0;0;2315318;848116;1;0;0
FR;1;2021-02-17;35122;101383;20;0;0;2350440;949499;21;0;0
FR;1;2021-02-18;49443;117025;0;0;0;2399883;1066524;21;0;0
FR;1;2021-02-19;45381;87261;1;0;0;2445264;1153785;22;0;0
FR;1;2021-02-20;13389;27174;0;0;0;2458653;1180959;22;0;0
FR;1;2021-02-21;2459;6082;0;0;0;2461112;1187041;22;0;0
FR;1;2021-02-22;24718;69510;2;0;0;2485830;1256551;24;0;0
FR;1;2021-02-23;37429;81377;1;0;0;2523259;1337928;25;0;0
FR;1;2021-02-24;40699;78920;1;0;0;2563958;1416848;26;0;0
FR;1;2021-02-25;50157;87964;1;0;0;2614115;1504812;27;0;0
FR;1;2021-02-26;47218;67595;1;0;0;2661333;1572407;28;0;0
FR;1;2021-02-27;15677;21221;1;0;0;2677010;1593628;29;0;0
FR;1;2021-02-28;3561;4178;2;0;0;2680571;1597806;31;0;0
FR;1;2021-03-01;40192;50047;1;0;0;2720763;1647853;32;0;0
FR;1;2021-03-02;55980;62257;3;0;0;2776743;1710110;35;0;0
FR;1;2021-03-03;61245;60580;0;0;0;2837988;1770690;35;0;0
FR;1;2021-03-04;72999;67514;3;0;0;2910987;1838204;38;0;0
FR;1;2021-03-05;74767;58744;3;0;0;2985754;1896948;41;0;0
FR;1;2021-03-06;82457;15844;2;0;0;3068211;1912792;43;0;0
FR;1;2021-03-07;63724;4433;1;0;0;3131935;1917225;44;0;0
FR;1;2021-03-08;60171;41519;2;0;0;3192106;1958744;46;0;0
FR;1;2021-03-09;85996;47715;1;0;0;3278102;2006459;47;0;0
FR;1;2021-03-10;90920;47939;5;0;0;3369022;2054398;52;0;0
FR;1;2021-03-11;105082;54504;1;0;0;3474104;2108902;53;0;0
FR;1;2021-03-12;104125;45017;1;0;0;3578229;2153919;54;0;0
FR;1;2021-03-13;89202;12621;1;0;0;3667431;2166540;55;0;0
FR;1;2021-03-14;44458;2785;1;0;0;3711889;2169325;56;0;0
FR;1;2021-03-15;95517;28350;3;0;0;3807406;2197675;59;0;0
FR;1;2021-03-16;123588;34337;5;0;0;3930994;2232012;64;0;0
FR;1;2021-03-17;129310;33798;4;0;0;4060304;2265810;68;0;0
FR;1;2021-03-18;142898;39380;5;0;0;4203202;2305190;73;0;0
FR;1;2021-03-19;136251;32258;2;0;0;4339453;2337448;75;0;0
FR;1;2021-03-20;76007;9852;1;0;0;4415460;2347300;76;0;0
FR;1;2021-03-21;26513;2126;1;0;0;4441973;2349426;77;0;0
FR;1;2021-03-22;114764;30531;2;0;0;4556737;2379957;79;0;0
FR;1;2021-03-23;143037;38084;1;0;0;4699774;2418041;80;0;0
FR;1;2021-03-24;142003;38470;0;0;0;4841777;2456511;80;0;0
FR;1;2021-03-25;165001;39747;4;0;0;5006778;2496258;84;0;0
FR;1;2021-03-26;166395;37500;5;1;0;5173173;2533758;89;1;0
FR;1;2021-03-27;110881;15421;1;0;0;5284054;2549179;90;1;0
FR;1;2021-03-28;42304;4234;3;0;0;5326358;2553413;93;1;0
FR;1;2021-03-29;129820;49270;4;0;0;5456178;2602683;97;1;0
FR;1;2021-03-30;167720;63737;5;0;0;5623898;2666420;102;1;0
FR;1;2021-03-31;170940;67658;4;0;0;5794838;2734078;106;1;0
FR;1;2021-04-01;194820;82749;10;0;0;5989658;2816827;116;1;0
FR;1;2021-04-02;164453;86109;7;0;0;6154111;2902936;123;1;0
FR;1;2021-04-03;88247;58103;6;0;0;6242358;2961039;129;1;0
FR;1;2021-04-04;33650;17729;0;0;0;6276008;2978768;129;1;0
FR;1;2021-04-05;46406;9791;11;0;0;6322414;2988559;140;1;0
FR;1;2021-04-06;160315;104159;17;0;0;6482729;3092718;157;1;0
FR;1;2021-04-07;196988;108069;16;0;0;6679717;3200787;173;1;0
FR;1;2021-04-08;222129;113606;13;0;0;6901846;3314393;186;1;0
FR;1;2021-04-09;214562;107789;21;0;0;7116408;3422182;207;1;0
FR;1;2021-04-10;117180;73216;14;0;0;7233588;3495398;221;1;0
FR;1;2021-04-11;40893;29967;6;0;0;7274481;3525365;227;1;0
FR;1;2021-04-12;168470;104358;46;0;0;7442951;3629723;273;1;0
FR;1;2021-04-13;203804;127896;97;1;0;7646755;3757619;370;2;0
FR;1;2021-04-14;208624;122771;208;0;0;7855379;3880390;578;2;0
FR;1;2021-04-15;221677;127746;312;0;0;8077056;4008136;890;2;0
FR;1;2021-04-16;206060;125404;309;0;0;8283116;4133540;1199;2;0
FR;1;2021-04-17;122086;67162;103;0;0;8405202;4200702;1302;2;0
FR;1;2021-04-18;35964;20966;41;0;0;8441166;4221668;1343;2;0
FR;1;2021-04-19;163749;121600;432;0;0;8604915;4343268;1775;2;0
FR;1;2021-04-20;189424;149325;531;0;0;8794339;4492593;2306;2;0
FR;1;2021-04-21;194000;147254;759;0;0;8988339;4639847;3065;2;0
FR;1;2021-04-22;209035;163872;777;0;0;9197374;4803719;3842;2;0
FR;1;2021-04-23;198955;157510;671;0;0;9396329;4961229;4513;2;0
FR;1;2021-04-24;126333;95661;148;0;0;9522662;5056890;4661;2;0
FR;1;2021-04-25;53629;30035;46;0;0;9576291;5086925;4707;2;0
FR;1;2021-04-26;181142;139327;542;0;0;9757433;5226252;5249;2;0
FR;1;2021-04-27;221364;162248;900;0;0;9978797;5388500;6149;2;0
FR;1;2021-04-28;238295;155644;1314;1;1;10217092;5544144;7463;3;1
FR;1;2021-04-29;270286;161001;1208;0;0;10487378;5705145;8671;3;1
FR;1;2021-04-30;271989;148531;1071;0;0;10759367;5853676;9742;3;1
FR;1;2021-05-01;141148;40607;173;0;0;10900515;5894283;9915;3;1
FR;1;2021-05-02;81550;28146;81;0;0;10982065;5922429;9996;3;1
FR;1;2021-05-03;250783;143914;803;0;0;11232848;6066343;10799;3;1
FR;1;2021-05-04;265874;187425;1200;0;0;11498722;6253768;11999;3;1
FR;1;2021-05-05;283871;185534;1267;0;0;11782593;6439302;13266;3;1
FR;1;2021-05-06;309962;183889;1501;0;0;12092555;6623191;14767;3;1
FR;1;2021-05-07;284094;196075;1125;0;0;12376649;6819266;15892;3;1
FR;1;2021-05-08;191661;50229;285;0;0;12568310;6869495;16177;3;1
FR;1;2021-05-09;114055;35061;236;0;0;12682365;6904556;16413;3;1
FR;1;2021-05-10;258207;194500;1186;0;0;12940572;7099056;17599;3;1
FR;1;2021-05-11;318885;210984;1465;0;0;13259457;7310040;19064;3;1
FR;1;2021-05-12;356627;185851;1399;0;0;13616084;7495891;20463;3;1
FR;1;2021-05-13;283444;47486;401;0;0;13899528;7543377;20864;3;1
FR;1;2021-05-14;370494;128519;994;0;0;14270022;7671896;21858;3;1
FR;1;2021-05-15;298087;66133;403;0;0;14568109;7738029;22261;3;1
FR;1;2021-05-16;157772;15486;158;0;0;14725881;7753515;22419;3;1
FR;1;2021-05-17;318928;116181;1439;0;0;15044809;7869696;23858;3;1
FR;1;2021-05-18;383329;111377;1798;0;0;15428138;7981073;25656;3;1
FR;1;2021-05-19;395263;102076;2182;0;0;15823401;8083149;27838;3;1
FR;1;2021-05-20;421806;95888;2048;0;0;16245207;8179037;29886;3;1
FR;1;2021-05-21;399804;97258;1764;0;0;16645011;8276295;31650;3;1
FR;1;2021-05-22;275687;41917;602;0;0;16920698;8318212;32252;3;1
FR;1;2021-05-23;123013;11042;224;0;0;17043711;8329254;32476;3;1
FR;1;2021-05-24;244010;26248;569;0;0;17287721;8355502;33045;3;1
FR;1;2021-05-25;366223;131569;2111;1;0;17653944;8487071;35156;4;1
FR;1;2021-05-26;380814;126599;1993;0;0;18034758;8613670;37149;4;1
FR;1;2021-05-27;406144;128109;1976;0;0;18440902;8741779;39125;4;1
FR;1;2021-05-28;366026;145428;1700;0;0;18806928;8887207;40825;4;1
FR;1;2021-05-29;253824;80949;527;0;0;19060752;8968156;41352;4;1
FR;1;2021-05-30;100975;22570;157;0;0;19161727;8990726;41509;4;1
FR;1;2021-05-31;314312;148936;1282;1;1;19476039;9139662;42791;5;2
FR;1;2021-06-01;361620;166511;1727;1;1;19837659;9306173;44518;6;3
FR;1;2021-06-02;365381;153761;1796;0;0;20203040;9459934;46314;6;3
FR;1;2021-06-03;391410;147486;1651;0;0;20594450;9607420;47965;6;3
FR;1;2021-06-04;364110;175640;1495;1;1;20958560;9783060;49460;7;4
FR;1;2021-06-05;258508;112698;596;0;0;21217068;9895758;50056;7;4
FR;1;2021-06-06;126807;37540;215;0;0;21343875;9933298;50271;7;4
FR;1;2021-06-07;301117;207814;1365;0;0;21644992;10141112;51636;7;4
FR;1;2021-06-08;330832;220823;1642;0;0;21975824;10361935;53278;7;4
FR;1;2021-06-09;336574;211726;1611;0;0;22312398;10573661;54889;7;4
FR;1;2021-06-10;343885;201256;1612;0;0;22656283;10774917;56501;7;4
FR;1;2021-06-11;311892;234897;1299;1;0;22968175;11009814;57800;8;4
FR;1;2021-06-12;244077;150621;436;0;0;23212252;11160435;58236;8;4
FR;1;2021-06-13;100365;60995;188;0;0;23312617;11221430;58424;8;4
FR;1;2021-06-14;207836;288093;1317;1;0;23520453;11509523;59741;9;4
FR;1;2021-06-15;256848;281644;1395;1;0;23777301;11791167;61136;10;4
FR;1;2021-06-16;273643;270574;1263;1;0;24050944;12061741;62399;11;4
FR;1;2021-06-17;268212;244838;1236;1;0;24319156;12306579;63635;12;4
FR;1;2021-06-18;260593;295456;1153;1;0;24579749;12602035;64788;13;4
FR;1;2021-06-19;193448;209500;388;0;0;24773197;12811535;65176;13;4
FR;1;2021-06-20;69705;89103;120;0;0;24842902;12900638;65296;13;4
FR;1;2021-06-21;172364;319739;933;1;1;25015266;13220377;66229;14;5
FR;1;2021-06-22;185863;347876;1101;10;1;25201129;13568253;67330;24;6
FR;1;2021-06-23;204194;339522;1049;0;0;25405323;13907775;68379;24;6
FR;1;2021-06-24;203524;282040;1174;0;0;25608847;14189815;69553;24;6
FR;1;2021-06-25;182654;371766;1198;0;0;25791501;14561581;70751;24;6
FR;1;2021-06-26;131389;278399;504;0;0;25922890;14839980;71255;24;6
FR;1;2021-06-27;52403;122898;145;0;0;25975293;14962878;71400;24;6
FR;1;2021-06-28;136654;368214;1064;0;0;26111947;15331092;72464;24;6
FR;1;2021-06-29;154886;390925;1848;0;0;26266833;15722017;74312;24;6
FR;1;2021-06-30;180051;381949;1666;4;2;26446884;16103966;75978;28;8
FR;1;2021-07-01;201470;332311;1887;5;1;26648354;16436277;77865;33;9
FR;1;2021-07-02;193884;367481;1765;5;2;26842238;16803758;79630;38;11
FR;1;2021-07-03;124473;280433;704;3;1;26966711;17084191;80334;41;12
FR;1;2021-07-04;53959;113694;244;0;0;27020670;17197885;80578;41;12
FR;1;2021-07-05;153954;355933;1500;8;2;27174624;17553818;82078;49;14
FR;1;2021-07-06;173498;382391;1602;45;8;27348122;17936209;83680;94;22
FR;1;2021-07-07;190820;362494;1657;25;4;27538942;18298703;85337;119;26
FR;1;2021-07-08;201564;323079;1826;20;6;27740506;18621782;87163;139;32
FR;1;2021-07-09;189972;387799;1854;3;2;27930478;19009581;89017;142;34
FR;1;2021-07-10;129945;281159;815;1;1;28060423;19290740;89832;143;35
FR;1;2021-07-11;57674;102530;262;0;0;28118097;19393270;90094;143;35
FR;1;2021-07-12;149888;416949;1583;4;0;28267985;19810219;91677;147;35
FR;1;2021-07-13;234268;439258;1806;8;1;28502253;20249477;93483;155;36
FR;1;2021-07-14;171912;151432;418;0;0;28674165;20400909;93901;155;36
FR;1;2021-07-15;279680;424490;1858;1;0;28953845;20825399;95759;156;36
FR;1;2021-07-16;290428;400888;1711;3;1;29244273;21226287;97470;159;37
FR;1;2021-07-17;217338;282053;755;1;0;29461611;21508340;98225;160;37
FR;1;2021-07-18;101999;107232;288;0;0;29563610;21615572;98513;160;37
FR;1;2021-07-19;238203;378753;1497;3;0;29801813;21994325;100010;163;37
FR;1;2021-07-20;305751;380259;1469;0;0;30107564;22374584;101479;163;37
FR;1;2021-07-21;333265;353026;1412;4;2;30440829;22727610;102891;167;39
FR;1;2021-07-22;364664;318878;1502;3;2;30805493;23046488;104393;170;41
FR;1;2021-07-23;349400;343195;1588;4;1;31154893;23389683;105981;174;42
FR;1;2021-07-24;238958;240828;697;1;0;31393851;23630511;106678;175;42
FR;1;2021-07-25;112798;76025;223;0;0;31506649;23706536;106901;175;42
FR;1;2021-07-26;299138;289619;1495;2;2;31805787;23996155;108396;177;44
FR;1;2021-07-27;385830;268203;1458;4;2;32191617;24264358;109854;181;46
FR;1;2021-07-28;390200;251116;1462;4;2;32581817;24515474;111316;185;48
FR;1;2021-07-29;406132;227899;1540;2;0;32987949;24743373;112856;187;48
FR;1;2021-07-30;370734;246721;1638;4;1;33358683;24990094;114494;191;49
FR;1;2021-07-31;243381;165119;793;1;0;33602064;25155213;115287;192;49
FR;1;2021-08-01;105584;47212;233;0;0;33707648;25202425;115520;192;49
FR;1;2021-08-02;297385;212988;1479;2;0;34005033;25415413;116999;194;49
FR;1;2021-08-03;331328;208881;1557;2;1;34336361;25624294;118556;196;50
FR;1;2021-08-04;328029;184041;1439;5;3;34664390;25808335;119995;201;53
FR;1;2021-08-05;301276;193299;1482;0;0;34965666;26001634;121477;201;53
FR;1;2021-08-06;290978;224290;1560;3;1;35256644;26225924;123037;204;54
FR;1;2021-08-07;182657;158797;654;5;3;35439301;26384721;123691;209;57
FR;1;2021-08-08;68886;59116;252;0;0;35508187;26443837;123943;209;57
FR;1;2021-08-09;222781;235484;1444;4;3;35730968;26679321;125387;213;60
FR;1;2021-08-10;252731;240160;1492;2;1;35983699;26919481;126879;215;61
FR;1;2021-08-11;236226;231982;1271;5;1;36219925;27151463;128150;220;62
FR;1;2021-08-12;220777;239951;1487;3;0;36440702;27391414;129637;223;62
FR;1;2021-08-13;201716;238594;1358;2;2;36642418;27630008;130995;225;64
FR;1;2021-08-14;122856;174067;646;0;0;36765274;27804075;131641;225;64
FR;1;2021-08-15;34700;46127;200;1;0;36799974;27850202;131841;226;64
FR;1;2021-08-16;156958;289558;1423;0;0;36956932;28139760;133264;226;64
FR;1;2021-08-17;171605;291216;1422;5;0;37128537;28430976;134686;231;64
FR;1;2021-08-18;161426;286822;1392;6;3;37289963;28717798;136078;237;67
FR;1;2021-08-19;148944;277557;1403;1;0;37438907;28995355;137481;238;67
FR;1;2021-08-20;140502;309070;1532;2;2;37579409;29304425;139013;240;69
FR;1;2021-08-21;84270;213208;587;0;0;37663679;29517633;139600;240;69
FR;1;2021-08-22;28579;82698;233;0;0;37692258;29600331;139833;240;69
FR;1;2021-08-23;118662;321043;1422;2;1;37810920;29921374;141255;242;70
FR;1;2021-08-24;126651;319764;1603;5;1;37937571;30241138;142858;247;71
FR;1;2021-08-25;121521;306515;1779;8;2;38059092;30547653;144637;255;73
FR;1;2021-08-26;106628;286119;2161;10;0;38165720;30833772;146798;265;73
FR;1;2021-08-27;107652;321669;2301;9;3;38273372;31155441;149099;274;76
FR;1;2021-08-28;71017;220703;1101;0;0;38344389;31376144;150200;274;76
FR;1;2021-08-29;24151;78187;469;1;0;38368540;31454331;150669;275;76
FR;1;2021-08-30;96890;286416;4312;6;5050;38465430;31740747;154981;281;5126
FR;1;2021-08-31;98108;276307;9293;15;10111;38563538;32017054;164274;296;15237
FR;1;2021-09-01;112341;245345;21116;7;22133;38675879;32262399;185390;303;37370
FR;1;2021-09-02;86777;197952;24528;18;25494;38762656;32460351;209918;321;62864
FR;1;2021-09-03;82418;227557;26953;21;28022;38845074;32687908;236871;342;90886
FR;1;2021-09-04;71628;189732;11140;11;11688;38916702;32877640;248011;353;102574
FR;1;2021-09-05;18610;41157;4124;2;4280;38935312;32918797;252135;355;106854
FR;1;2021-09-06;59806;151493;30180;15;31199;38995118;33070290;282315;370;138053
FR;1;2021-09-07;57391;139691;30209;30;31217;39052509;33209981;312524;400;169270
FR;1;2021-09-08;72334;173811;26922;22;27919;39124843;33383792;339446;422;197189
FR;1;2021-09-09;54474;124479;28621;24;29698;39179317;33508271;368067;446;226887
FR;1;2021-09-10;66210;152106;30446;24;31641;39245527;33660377;398513;470;258528
FR;1;2021-09-11;52689;146632;9730;14;10338;39298216;33807009;408243;484;268866
FR;1;2021-09-12;10795;29273;2484;1;2646;39309011;33836282;410727;485;271512
FR;1;2021-09-13;51503;104489;38744;31;40024;39360514;33940771;449471;516;311536
FR;1;2021-09-14;53339;96040;51271;67;53116;39413853;34036811;500742;583;364652
FR;1;2021-09-15;60567;139284;50487;55;47041;39474420;34176095;551229;638;411693
FR;1;2021-09-16;46632;81412;53337;70;49550;39521052;34257507;604566;708;461243
FR;1;2021-09-17;53219;109356;45066;61;42673;39574271;34366863;649632;769;503916
FR;1;2021-09-18;37877;118497;11796;19;11271;39612148;34485360;661428;788;515187
FR;1;2021-09-19;6529;21043;2039;1;1982;39618677;34506403;663467;789;517169
FR;1;2021-09-20;36532;74891;46225;65;44174;39655209;34581294;709692;854;561343
FR;1;2021-09-21;34185;68145;56259;70;52696;39689394;34649439;765951;924;614039
FR;1;2021-09-22;38813;118605;49869;76;46883;39728207;34768044;815820;1000;660922
FR;1;2021-09-23;32005;62909;54497;85;50889;39760212;34830953;870317;1085;711811
FR;1;2021-09-24;36767;90070;43659;89;41920;39796979;34921023;913976;1174;753731
FR;1;2021-09-25;27645;96695;12303;27;12177;39824624;35017718;926279;1201;765908
FR;1;2021-09-26;4377;15193;1773;5;1695;39829001;35032911;928052;1206;767603
FR;1;2021-09-27;27337;60235;42906;89;41622;39856338;35093146;970958;1295;809225
FR;1;2021-09-28;26885;49461;47190;75;44454;39883223;35142607;1018148;1370;853679
FR;1;2021-09-29;35890;80344;47268;87;45572;39919113;35222951;1065416;1457;899251
FR;1;2021-09-30;26049;46885;47521;81;45437;39945162;35269836;1112937;1538;944688
FR;1;2021-10-01;47291;66973;44884;83;44584;39992453;35336809;1157821;1621;989272
FR;1;2021-10-02;32370;62416;16112;32;16316;40024823;35399225;1173933;1653;1005588
FR;1;2021-10-03;4340;8564;2038;3;2032;40029163;35407789;1175971;1656;1007620
FR;1;2021-10-04;28928;44446;47098;79;46950;40058091;35452235;1223069;1735;1054570
FR;1;2021-10-05;24529;41665;49878;116;49303;40082620;35493900;1272947;1851;1103873
FR;1;2021-10-06;34628;61411;57493;102;57217;40117248;35555311;1330440;1953;1161090
FR;1;2021-10-07;21041;39903;53037;75;51957;40138289;35595214;1383477;2028;1213047
FR;1;2021-10-08;35643;59658;60391;83;61126;40173932;35654872;1443868;2111;1274173
FR;1;2021-10-09;27448;48013;25494;29;26014;40201380;35702885;1469362;2140;1300187
FR;1;2021-10-10;3714;5810;2753;7;2860;40205094;35708695;1472115;2147;1303047
FR;1;2021-10-11;24823;38247;54581;88;55245;40229917;35746942;1526696;2235;1358292
FR;1;2021-10-12;23335;36594;58064;127;59180;40253252;35783536;1584760;2362;1417472
FR;1;2021-10-13;32916;47844;64166;124;65671;40286168;35831380;1648926;2486;1483143
FR;1;2021-10-14;21671;34797;53757;103;54343;40307839;35866177;1702683;2589;1537486
FR;1;2021-10-15;32697;48809;72324;165;74987;40340536;35914986;1775007;2754;1612473
FR;1;2021-10-16;25984;35303;34865;44;36407;40366520;35950289;1809872;2798;1648880
FR;1;2021-10-17;3108;4051;3411;2;3314;40369628;35954340;1813283;2800;1652194
FR;1;2021-10-18;24178;34897;66827;131;69697;40393806;35989237;1880110;2931;1721891
FR;1;2021-10-19;20684;35601;75653;135;79547;40414490;36024838;1955763;3066;1801438
FR;1;2021-10-20;29876;44244;96172;178;99832;40444366;36069082;2051935;3244;1901270
FR;1;2021-10-21;19769;35077;83171;107;87017;40464135;36104159;2135106;3351;1988287
FR;1;2021-10-22;29723;47786;103732;196;109669;40493858;36151945;2238838;3547;2097956
FR;1;2021-10-23;23028;35149;44867;57;47375;40516886;36187094;2283705;3604;2145331
FR;1;2021-10-24;2381;3848;3582;6;3724;40519267;36190942;2287287;3610;2149055
FR;1;2021-10-25;22459;30765;82016;143;85799;40541726;36221707;2369303;3753;2234854
FR;1;2021-10-26;19329;27676;86096;162;90312;40561055;36249383;2455399;3915;2325166
FR;1;2021-10-27;26190;39649;107799;252;112686;40587245;36289032;2563198;4167;2437852
FR;1;2021-10-28;18780;27143;86942;150;91676;40606025;36316175;2650140;4317;2529528
FR;1;2021-10-29;25925;40282;114821;201;121613;40631950;36356457;2764961;4518;2651141
FR;1;2021-10-30;17695;28728;49360;74;51944;40649645;36385185;2814321;4592;2703085
FR;1;2021-10-31;2060;3176;3448;2;3685;40651705;36388361;2817769;4594;2706770
FR;1;2021-11-01;7948;4269;3027;3;3284;40659653;36392630;2820796;4597;2710054
FR;1;2021-11-02;22867;33242;92390;156;97794;40682520;36425872;2913186;4753;2807848
FR;1;2021-11-03;26606;41609;117486;215;123855;40709126;36467481;3030672;4968;2931703
FR;1;2021-11-04;19595;30345;105798;213;111923;40728721;36497826;3136470;5181;3043626
FR;1;2021-11-05;27007;42350;138768;229;147416;40755728;36540176;3275238;5410;3191042
FR;1;2021-11-06;18843;29827;63479;123;66480;40774571;36570003;3338717;5533;3257522
FR;1;2021-11-07;1808;3292;4973;6;5302;40776379;36573295;3343690;5539;3262824
FR;1;2021-11-08;17845;32285;125991;224;132613;40794224;36605580;3469681;5763;3395437
FR;1;2021-11-09;19485;37675;159284;334;169063;40813709;36643255;3628965;6097;3564500
FR;1;2021-11-10;28863;49179;181887;440;192494;40842572;36692434;3810852;6537;3756994
FR;1;2021-11-11;4166;5951;12224;26;13020;40846738;36698385;3823076;6563;3770014
FR;1;2021-11-12;26000;46903;174802;244;186467;40872738;36745288;3997878;6807;3956481
FR;1;2021-11-13;18728;29182;76824;111;81761;40891466;36774470;4074702;6918;4038242
FR;1;2021-11-14;2042;3264;6819;5;7359;40893508;36777734;4081521;6923;4045601
FR;1;2021-11-15;18754;34823;156403;304;166212;40912262;36812557;4237924;7227;4211813
FR;1;2021-11-16;21346;37925;192107;378;204949;40933608;36850482;4430031;7605;4416762
FR;1;2021-11-17;28642;45636;193211;398;205005;40962250;36896118;4623242;8003;4621767
FR;1;2021-11-18;21129;39485;182477;458;194519;40983379;36935603;4805719;8461;4816286
FR;1;2021-11-19;30874;53439;230227;531;246701;41014253;36989042;5035946;8992;5062987
FR;1;2021-11-20;23754;33257;96977;201;103610;41038007;37022299;5132923;9193;5166597
FR;1;2021-11-21;2327;3943;9110;19;9944;41040334;37026242;5142033;9212;5176541
FR;1;2021-11-22;21408;30428;175882;465;189415;41061742;37056670;5317915;9677;5365956
FR;1;2021-11-23;24010;41087;221168;540;237900;41085752;37097757;5539083;10217;5603856
FR;1;2021-11-24;30284;49769;217328;701;234483;41116036;37147526;5756411;10918;5838339
FR;1;2021-11-25;23717;44097;244455;718;264100;41139753;37191623;6000866;11636;6102439
FR;1;2021-11-26;30619;66767;356785;834;388504;41170372;37258390;6357651;12470;6490943
FR;1;2021-11-27;21944;45377;202607;371;222614;41192316;37303767;6560258;12841;6713557
FR;1;2021-11-28;3164;9620;54781;63;61019;41195480;37313387;6615039;12904;6774576
FR;1;2021-11-29;17876;49544;326356;840;354411;41213356;37362931;6941395;13744;7128987
FR;1;2021-11-30;22784;64960;431116;953;470742;41236140;37427891;7372511;14697;7599729
FR;1;2021-12-01;25326;69327;442856;1129;481715;41261466;37497218;7815367;15826;8081444
FR;1;2021-12-02;20064;64588;489354;1228;532850;41281530;37561806;8304721;17054;8614294
FR;1;2021-12-03;22893;82611;542738;1309;591763;41304423;37644417;8847459;18363;9206057
FR;1;2021-12-04;16392;53959;299073;652;328917;41320815;37698376;9146532;19015;9534974
FR;1;2021-12-05;3633;13874;81521;143;91054;41324448;37712250;9228053;19158;9626028
FR;1;2021-12-06;25836;62684;415416;1064;455149;41350284;37774934;9643469;20222;10081177
FR;1;2021-12-07;19996;75663;522942;1535;572532;41370280;37850597;10166411;21757;10653709
FR;1;2021-12-08;21690;75794;458367;1544;502089;41391970;37926391;10624778;23301;11155798
FR;1;2021-12-09;19442;74067;492886;1625;540781;41411412;38000458;11117664;24926;11696579
FR;1;2021-12-10;23303;87748;547364;1585;599973;41434715;38088206;11665028;26511;12296552
FR;1;2021-12-11;16533;59248;302727;748;335470;41451248;38147454;11967755;27259;12632022
FR;1;2021-12-12;4362;15974;83207;179;94055;41455610;38163428;12050962;27438;12726077
FR;1;2021-12-13;15748;63727;366944;1094;406266;41471358;38227155;12417906;28532;13132343
FR;1;2021-12-14;20849;80383;464678;1745;515137;41492207;38307538;12882584;30277;13647480
FR;1;2021-12-15;21596;77558;409048;1309;453124;41513803;38385096;13291632;31586;14100604
FR;1;2021-12-16;20037;77375;451824;1578;500588;41533840;38462471;13743456;33164;14601192
FR;1;2021-12-17;22607;86704;479898;1733;530965;41556447;38549175;14223354;34897;15132157
FR;1;2021-12-18;17598;54704;257601;730;288501;41574045;38603879;14480955;35627;15420658
FR;1;2021-12-19;5550;17039;79167;194;90711;41579595;38620918;14560122;35821;15511369
FR;1;2021-12-20;20930;63173;316212;1080;355284;41600525;38684091;14876334;36901;15866653
FR;1;2021-12-21;26325;73149;372714;1423;418061;41626850;38757240;15249048;38324;16284714
FR;1;2021-12-22;24975;65956;310602;1216;349587;41651825;38823196;15559650;39540;16634301
FR;1;2021-12-23;21265;52341;241472;955;273031;41673090;38875537;15801122;40495;16907332
FR;1;2021-12-24;7121;18362;67150;258;77067;41680211;38893899;15868272;40753;16984399
FR;1;2021-12-25;506;2871;5582;15;6536;41680717;38896770;15873854;40768;16990935
FR;1;2021-12-26;2748;7590;26934;71;31457;41683465;38904360;15900788;40839;17022392
FR;1;2021-12-27;18302;53597;235101;705;265754;41701767;38957957;16135889;41544;17288146
FR;1;2021-12-28;23293;62066;292021;1026;330211;41725060;39020023;16427910;42570;17618357
FR;1;2021-12-29;22213;55568;254979;920;288198;41747273;39075591;16682889;43490;17906555
FR;1;2021-12-30;21236;46575;212149;858;239626;41768509;39122166;16895038;44348;18146181
FR;1;2021-12-31;7463;16606;61862;229;70405;41775972;39138772;16956900;44577;18216586
FR;1;2022-01-01;1077;2483;5656;30;6578;41777049;39141255;16962556;44607;18223164
FR;1;2022-01-02;3060;8056;28888;50;33526;41780109;39149311;16991444;44657;18256690
FR;1;2022-01-03;23796;54274;228219;785;257683;41803905;39203585;17219663;45442;18514373
FR;1;2022-01-04;25971;65076;299236;1239;337277;41829876;39268661;17518899;46681;18851650
FR;1;2022-01-05;30347;64328;274857;1096;310223;41860223;39332989;17793756;47777;19161873
FR;1;2022-01-06;26792;66261;306872;1398;346519;41887015;39399250;18100628;49175;19508392
FR;1;2022-01-07;31554;75061;349826;1538;393970;41918569;39474311;18450454;50713;19902362
FR;1;2022-01-08;23383;51388;222482;698;251106;41941952;39525699;18672936;51411;20153468
FR;1;2022-01-09;7079;17141;66023;163;76142;41949031;39542840;18738959;51574;20229610
FR;1;2022-01-10;21740;60737;236778;954;267617;41970771;39603577;18975737;52528;20497227
FR;1;2022-01-11;26751;63523;282271;1277;317809;41997522;39667100;19258008;53805;20815036
FR;1;2022-01-12;28903;62530;246242;1104;278022;42026425;39729630;19504250;54909;21093058
FR;1;2022-01-13;24729;60241;262783;1253;296126;42051154;39789871;19767033;56162;21389184
FR;1;2022-01-14;27949;66759;313990;1366;351255;42079103;39856630;20081023;57528;21740439
FR;1;2022-01-15;19333;44413;199301;619;223860;42098436;39901043;20280324;58147;21964299
FR;1;2022-01-16;5149;12978;51522;135;59565;42103585;39914021;20331846;58282;22023864
FR;1;2022-01-17;16846;39763;184816;780;206844;42120431;39953784;20516662;59062;22230708
FR;1;2022-01-18;19440;46014;212400;1154;237030;42139871;39999798;20729062;60216;22467738
FR;1;2022-01-19;20295;44013;176096;897;197195;42160166;40043811;20905158;61113;22664933
FR;1;2022-01-20;16795;40633;183666;1137;204740;42176961;40084444;21088824;62250;22869673
FR;1;2022-01-21;19900;47100;228942;1405;253341;42196861;40131544;21317766;63655;23123014
FR;1;2022-01-22;13839;33350;144489;578;161384;42210700;40164894;21462255;64233;23284398
FR;1;2022-01-23;3350;8764;33421;132;38318;42214050;40173658;21495676;64365;23322716
FR;1;2022-01-24;11794;32998;142196;709;158247;42225844;40206656;21637872;65074;23480963
FR;1;2022-01-25;14200;38232;163375;1048;181538;42240044;40244888;21801247;66122;23662501
FR;1;2022-01-26;14859;37669;150239;932;166335;42254903;40282557;21951486;67054;23828836
FR;1;2022-01-27;12333;33240;143449;886;157976;42267236;40315797;22094935;67940;23986812
FR;1;2022-01-28;16317;56289;198306;1145;222425;42283553;40372086;22293241;69085;24209237
FR;1;2022-01-29;10266;35442;135199;524;151547;42293819;40407528;22428440;69609;24360784
FR;1;2022-01-30;2479;9264;29681;86;34467;42296298;40416792;22458121;69695;24395251
FR;1;2022-01-31;8756;32516;104336;533;117389;42305054;40449308;22562457;70228;24512640
FR;1;2022-02-01;10858;36515;127065;863;141266;42315912;40485823;22689522;71091;24653906
FR;1;2022-02-02;11885;41636;130345;782;145860;42327797;40527459;22819867;71873;24799766
FR;1;2022-02-03;9221;34021;117003;784;130360;42337018;40561480;22936870;72657;24930126
FR;1;2022-02-04;11514;48213;172576;967;192784;42348532;40609693;23109446;73624;25122910
FR;1;2022-02-05;7992;33960;117576;391;133054;42356524;40643653;23227022;74015;25255964
FR;1;2022-02-06;1704;8012;22750;85;26913;42358228;40651665;23249772;74100;25282877
FR;1;2022-02-07;7293;35444;119077;457;134971;42365521;40687109;23368849;74557;25417848
FR;1;2022-02-08;7736;31927;125637;693;140625;42373257;40719036;23494486;75250;25558473
FR;1;2022-02-09;8620;36508;135243;696;152487;42381877;40755544;23629729;75946;25710960
FR;1;2022-02-10;6984;29942;116363;674;130147;42388861;40785486;23746092;76620;25841107
FR;1;2022-02-11;8652;41525;165134;877;185357;42397513;40827011;23911226;77497;26026464
FR;1;2022-02-12;5317;27601;106698;378;120883;42402830;40854612;24017924;77875;26147347
FR;1;2022-02-13;1228;5715;21716;65;25331;42404058;40860327;24039640;77940;26172678
FR;1;2022-02-14;5447;27205;118070;391;133096;42409505;40887532;24157710;78331;26305774
FR;1;2022-02-15;5773;28834;118912;610;132542;42415278;40916366;24276622;78941;26438316
FR;1;2022-02-16;5742;28463;110414;596;123046;42421020;40944829;24387036;79537;26561362
FR;1;2022-02-17;4608;19705;73132;488;80235;42425628;40964534;24460168;80025;26641597
FR;1;2022-02-18;5603;26761;99190;670;108148;42431231;40991295;24559358;80695;26749745
FR;1;2022-02-19;3550;17171;59473;304;66054;42434781;41008466;24618831;80999;26815799
FR;1;2022-02-20;788;3252;10703;36;12330;42435569;41011718;24629534;81035;26828129
FR;1;2022-02-21;3420;14585;52818;286;57666;42438989;41026303;24682352;81321;26885795
FR;1;2022-02-22;3787;15525;51899;500;55635;42442776;41041828;24734251;81821;26941430
FR;1;2022-02-23;4226;17805;57467;508;62568;42447002;41059633;24791718;82329;27003998
FR;1;2022-02-24;3341;13043;43610;435;46399;42450343;41072676;24835328;82764;27050397
FR;1;2022-02-25;4470;19814;64910;695;68782;42454813;41092490;24900238;83459;27119179
FR;1;2022-02-26;2692;12798;41363;310;45116;42457505;41105288;24941601;83769;27164295
FR;1;2022-02-27;644;2184;7126;42;7991;42458149;41107472;24948727;83811;27172286
FR;1;2022-02-28;2612;10456;34947;305;37373;42460761;41117928;24983674;84116;27209659
FR;1;2022-03-01;3439;10730;38693;390;39648;42464200;41128658;25022367;84506;27249307
FR;1;2022-03-02;3639;12161;41843;397;43911;42467839;41140819;25064210;84903;27293218
FR;1;2022-03-03;2437;7948;26175;326;26512;42470276;41148767;25090385;85229;27319730
FR;1;2022-03-04;2681;10423;35422;590;34915;42472957;41159190;25125807;85819;27354645
FR;1;2022-03-05;1818;6353;21962;278;22358;42474775;41165543;25147769;86097;27377003
FR;1;2022-03-06;355;952;2916;38;3119;42475130;41166495;25150685;86135;27380122
FR;1;2022-03-07;1717;4701;16431;246;15895;42476847;41171196;25167116;86381;27396017
FR;1;2022-03-08;1659;5248;17162;307;15989;42478506;41176444;25184278;86688;27412006
FR;1;2022-03-09;1960;6671;19805;368;19163;42480466;41183115;25204083;87056;27431169
FR;1;2022-03-10;1370;4806;15272;307;14310;42481836;41187921;25219355;87363;27445479
FR;1;2022-03-11;1748;6390;21699;482;19851;42483584;41194311;25241054;87845;27465330
FR;1;2022-03-12;1228;4649;15359;280;14908;42484812;41198960;25256413;88125;27480238
FR;1;2022-03-13;242;609;2119;118;2064;42485054;41199569;25258532;88243;27482302
FR;1;2022-03-14;1136;3670;13398;3878;12520;42486190;41203239;25271930;92121;27494822
FR;1;2022-03-15;1379;5732;14646;6862;13242;42487569;41208971;25286576;98983;27508064
FR;1;2022-03-16;1675;5039;17389;11517;16450;42489244;41214010;25303965;110500;27524514
FR;1;2022-03-17;1164;3429;11718;9646;10816;42490408;41217439;25315683;120146;27535330
FR;1;2022-03-18;1722;4919;17956;16491;16392;42492130;41222358;25333639;136637;27551722
FR;1;2022-03-19;1121;3296;11889;8455;11357;42493251;41225654;25345528;145092;27563079
FR;1;2022-03-20;222;557;1724;1014;1758;42493473;41226211;25347252;146106;27564837
FR;1;2022-03-21;1083;2755;11492;13448;10840;42494556;41228966;25358744;159554;27575677
FR;1;2022-03-22;1224;3204;12250;18691;11240;42495780;41232170;25370994;178245;27586917
FR;1;2022-03-23;1490;4310;16017;20109;15697;42497270;41236480;25387011;198354;27602614
FR;1;2022-03-24;1110;2738;10389;16047;9651;42498380;41239218;25397400;214401;27612265
FR;1;2022-03-25;1528;4337;16725;25296;15376;42499908;41243555;25414125;239697;27627641
FR;1;2022-03-26;1104;3010;10851;11449;10512;42501012;41246565;25424976;251146;27638153
FR;1;2022-03-27;232;542;1748;1380;1800;42501244;41247107;25426724;252526;27639953
FR;1;2022-03-28;1080;2478;9968;15883;9592;42502324;41249585;25436692;268409;27649545
FR;1;2022-03-29;1138;2736;11547;25081;10910;42503462;41252321;25448239;293490;27660455
FR;1;2022-03-30;1624;3554;14162;24169;13694;42505086;41255875;25462401;317659;27674149
FR;1;2022-03-31;1276;2997;11685;22631;11194;42506362;41258872;25474086;340290;27685343
FR;1;2022-04-01;2208;4011;18455;28502;17324;42508570;41262883;25492541;368792;27702667
FR;1;2022-04-02;906;1871;8189;9217;7935;42509476;41264754;25500730;378009;27710602
FR;1;2022-04-03;200;371;1432;1054;1433;42509676;41265125;25502162;379063;27712035
FR;1;2022-04-04;1619;2443;11360;17658;10746;42511295;41267568;25513522;396721;27722781
FR;1;2022-04-05;1421;2664;12992;31171;12016;42512716;41270232;25526514;427892;27734797
FR;1;2022-04-06;1437;2926;12189;23909;11620;42514153;41273158;25538703;451801;27746417
FR;1;2022-04-07;1242;2685;12333;31043;11799;42515395;41275843;25551036;482844;27758216
FR;1;2022-04-08;1604;3596;17545;40571;16454;42516999;41279439;25568581;523415;27774670
FR;1;2022-04-09;816;1986;8402;12493;8100;42517815;41281425;25576983;535908;27782770
FR;1;2022-04-10;194;498;1833;1849;1876;42518009;41281923;25578816;537757;27784646
FR;1;2022-04-11;1037;2227;10957;22310;10666;42519046;41284150;25589773;560067;27795312
FR;1;2022-04-12;1291;2612;12811;38092;12297;42520337;41286762;25602584;598159;27807609
FR;1;2022-04-13;1249;2821;12263;30586;11993;42521586;41289583;25614847;628745;27819602
FR;1;2022-04-14;1218;2498;12080;33561;12083;42522804;41292081;25626927;662306;27831685
FR;1;2022-04-15;1479;2920;14387;33189;13762;42524283;41295001;25641314;695495;27845447
FR;1;2022-04-16;658;1394;5840;7983;5764;42524941;41296395;25647154;703478;27851211
FR;1;2022-04-17;153;274;929;1119;971;42525094;41296669;25648083;704597;27852182
FR;1;2022-04-18;161;461;2632;999;2655;42525255;41297130;25650715;705596;27854837
FR;1;2022-04-19;1234;2580;11773;27887;11504;42526489;41299710;25662488;733483;27866341
FR;1;2022-04-20;1330;2621;12161;26818;12003;42527819;41302331;25674649;760301;27878344
FR;1;2022-04-21;1234;2445;11525;33134;11698;42529053;41304776;25686174;793435;27890042
FR;1;2022-04-22;1507;3061;15193;35468;14776;42530560;41307837;25701367;828903;27904818
FR;1;2022-04-23;759;1565;6729;9889;6634;42531319;41309402;25708096;838792;27911452
FR;1;2022-04-24;196;361;1373;1520;1326;42531515;41309763;25709469;840312;27912778
FR;1;2022-04-25;1032;2118;9849;19685;9748;42532547;41311881;25719318;859997;27922526
FR;1;2022-04-26;1337;2613;12589;36537;12196;42533884;41314494;25731907;896534;27934722
FR;1;2022-04-27;1322;2394;10640;29156;10777;42535206;41316888;25742547;925690;27945499
FR;1;2022-04-28;1274;2369;11554;34198;11394;42536480;41319257;25754101;959888;27956893
FR;1;2022-04-29;1603;3509;14391;35491;13830;42538083;41322766;25768492;995379;27970723
FR;1;2022-04-30;827;1474;6446;9162;6288;42538910;41324240;25774938;1004541;27977011
FR;1;2022-05-01;176;281;827;947;821;42539086;41324521;25775765;1005488;27977832
FR;1;2022-05-02;1362;2512;10365;16899;10269;42540448;41327033;25786130;1022387;27988101
FR;1;2022-05-03;1484;2814;12692;32819;12584;42541932;41329847;25798822;1055206;28000685
FR;1;2022-05-04;1337;2697;11212;23789;11366;42543269;41332544;25810034;1078995;28012051
FR;1;2022-05-05;1448;2544;12161;31734;12087;42544717;41335088;25822195;1110729;28024138
FR;1;2022-05-06;1781;3213;14206;34854;13774;42546498;41338301;25836401;1145583;28037912
FR;1;2022-05-07;850;1456;5972;9087;6004;42547348;41339757;25842373;1154670;28043916
FR;1;2022-05-08;189;325;1059;1469;1121;42547537;41340082;25843432;1156139;28045037
FR;1;2022-05-09;1091;1988;9237;19244;9150;42548628;41342070;25852669;1175383;28054187
FR;1;2022-05-10;1450;2732;12590;36989;12186;42550078;41344802;25865259;1212372;28066373
FR;1;2022-05-11;1420;2408;9894;25985;9837;42551498;41347210;25875153;1238357;28076210
FR;1;2022-05-12;1297;2372;10488;33492;10174;42552795;41349582;25885641;1271849;28086384
FR;1;2022-05-13;1595;2769;12748;35702;12392;42554390;41352351;25898389;1307551;28098776
FR;1;2022-05-14;776;1299;5477;10210;5359;42555166;41353650;25903866;1317761;28104135
FR;1;2022-05-15;220;395;1181;1347;1245;42555386;41354045;25905047;1319108;28105380
FR;1;2022-05-16;960;1744;8063;20061;8115;42556346;41355789;25913110;1339169;28113495
FR;1;2022-05-17;1276;2257;11113;36143;10718;42557622;41358046;25924223;1375312;28124213
FR;1;2022-05-18;1291;2097;9027;25688;8977;42558913;41360143;25933250;1401000;28133190
FR;1;2022-05-19;1183;2374;9827;33892;9923;42560096;41362517;25943077;1434892;28143113
FR;1;2022-05-20;1557;2733;12509;37622;12094;42561653;41365250;25955586;1472514;28155207
FR;1;2022-05-21;774;1361;5243;9373;5162;42562427;41366611;25960829;1481887;28160369
FR;1;2022-05-22;190;284;947;1392;947;42562617;41366895;25961776;1483279;28161316
FR;1;2022-05-23;958;1811;8366;19403;8325;42563575;41368706;25970142;1502682;28169641
FR;1;2022-05-24;1276;2427;10711;37178;10554;42564851;41371133;25980853;1539860;28180195
FR;1;2022-05-25;1263;2265;8786;23651;8944;42566114;41373398;25989639;1563511;28189139
FR;1;2022-05-26;162;352;1574;1146;1567;42566276;41373750;25991213;1564657;28190706
FR;1;2022-05-27;1101;2161;8773;20430;8523;42567377;41375911;25999986;1585087;28199229
FR;1;2022-05-28;481;1037;3683;6529;3721;42567858;41376948;26003669;1591616;28202950
FR;1;2022-05-29;119;256;706;890;717;42567977;41377204;26004375;1592506;28203667
FR;1;2022-05-30;819;1710;6556;18529;6584;42568796;41378914;26010931;1611035;28210251
FR;1;2022-05-31;1263;2190;9240;34348;9108;42570059;41381104;26020171;1645383;28219359
FR;1;2022-06-01;1290;2578;10431;23426;10294;42571349;41383682;26030602;1668809;28229653
FR;1;2022-06-02;1208;2286;10673;34084;10230;42572557;41385968;26041275;1702893;28239883
FR;1;2022-06-03;1427;2701;12687;37075;12108;42573984;41388669;26053962;1739968;28251991
FR;1;2022-06-04;679;1256;4743;8675;4821;42574663;41389925;26058705;1748643;28256812
FR;1;2022-06-05;128;283;808;1047;830;42574791;41390208;26059513;1749690;28257642
FR;1;2022-06-06;269;827;2005;1179;2007;42575060;41391035;26061518;1750869;28259649
FR;1;2022-06-07;1131;2284;9172;34020;8833;42576191;41393319;26070690;1784889;28268482
FR;1;2022-06-08;1093;2216;8661;27531;8543;42577284;41395535;26079351;1812420;28277025
FR;1;2022-06-09;1051;2131;9971;37512;9650;42578335;41397666;26089322;1849932;28286675
FR;1;2022-06-10;1318;2550;12380;43046;11954;42579653;41400216;26101702;1892978;28298629
FR;1;2022-06-11;655;1439;5137;11078;5184;42580308;41401655;26106839;1904056;28303813
FR;1;2022-06-12;150;364;1013;1680;1069;42580458;41402019;26107852;1905736;28304882
FR;1;2022-06-13;896;1784;6998;22195;6856;42581354;41403803;26114850;1927931;28311738
FR;1;2022-06-14;1077;2154;9830;42761;9230;42582431;41405957;26124680;1970692;28320968
FR;1;2022-06-15;1058;1929;8767;29358;8447;42583489;41407886;26133447;2000050;28329415
FR;1;2022-06-16;929;1803;9381;38441;8859;42584418;41409689;26142828;2038491;28338274
FR;1;2022-06-17;1205;2530;11865;44756;11351;42585623;41412219;26154693;2083247;28349625
FR;1;2022-06-18;559;1261;4313;10539;4249;42586182;41413480;26159006;2093786;28353874
FR;1;2022-06-19;137;323;1001;1542;1080;42586319;41413803;26160007;2095328;28354954
FR;1;2022-06-20;854;1683;8484;25028;8149;42587173;41415486;26168491;2120356;28363103
FR;1;2022-06-21;1096;2127;9754;47730;8844;42588269;41417613;26178245;2168086;28371947
FR;1;2022-06-22;1017;2027;8425;37087;7926;42589286;41419640;26186670;2205173;28379873
FR;1;2022-06-23;1044;2142;10115;52764;9388;42590330;41421782;26196785;2257937;28389261
FR;1;2022-06-24;1238;2690;12892;65867;11668;42591568;41424472;26209677;2323804;28400929
FR;1;2022-06-25;679;1499;5918;18914;5700;42592247;41425971;26215595;2342718;28406629
FR;1;2022-06-26;166;402;1817;3491;1707;42592413;41426373;26217412;2346209;28408336
FR;1;2022-06-27;935;1760;9893;45941;9118;42593348;41428133;26227305;2392150;28417454
FR;1;2022-06-28;1197;2557;13824;86469;12391;42594545;41430690;26241129;2478619;28429845
FR;1;2022-06-29;1225;2279;11470;67333;10537;42595770;41432969;26252599;2545952;28440382
FR;1;2022-06-30;1273;2405;13501;89927;11811;42597043;41435374;26266100;2635879;28452193
FR;1;2022-07-01;1604;3438;20177;109158;17838;42598647;41438812;26286277;2745037;28470031
FR;1;2022-07-02;757;1520;8011;33760;7246;42599404;41440332;26294288;2778797;28477277
FR;1;2022-07-03;225;478;1935;6113;1750;42599629;41440810;26296223;2784910;28479027
FR;1;2022-07-04;1227;2719;13880;75375;12293;42600856;41443529;26310103;2860285;28491320
FR;1;2022-07-05;1404;2773;17650;126249;15105;42602260;41446302;26327753;2986534;28506425
FR;1;2022-07-06;1332;2361;14858;93602;12881;42603592;41448663;26342611;3080136;28519306
FR;1;2022-07-07;1422;2517;16893;119319;13953;42605014;41451180;26359504;3199455;28533259
FR;1;2022-07-08;1518;2804;19584;129930;15954;42606532;41453984;26379088;3329385;28549213
FR;1;2022-07-09;657;1265;7296;36000;6342;42607189;41455249;26386384;3365385;28555555
FR;1;2022-07-10;235;475;2239;6682;2033;42607424;41455724;26388623;3372067;28557588
FR;1;2022-07-11;1186;2187;14301;84374;11909;42608610;41457911;26402924;3456441;28569497
FR;1;2022-07-12;1544;2750;19426;137245;15858;42610154;41460661;26422350;3593686;28585355
FR;1;2022-07-13;1391;2350;14755;89731;12598;42611545;41463011;26437105;3683417;28597953
FR;1;2022-07-14;155;319;1858;5279;1767;42611700;41463330;26438963;3688696;28599720
FR;1;2022-07-15;1248;2278;14329;80529;11980;42612948;41465608;26453292;3769225;28611700
FR;1;2022-07-16;504;1033;5627;23926;4879;42613452;41466641;26458919;3793151;28616579
FR;1;2022-07-17;157;359;1654;4456;1498;42613609;41467000;26460573;3797607;28618077
FR;1;2022-07-18;965;2008;11289;59242;9555;42614574;41469008;26471862;3856849;28627632
FR;1;2022-07-19;1220;2106;14657;99325;11692;42615794;41471114;26486519;3956174;28639324
FR;1;2022-07-20;1162;1970;12338;74315;10251;42616956;41473084;26498857;4030489;28649575
FR;1;2022-07-21;1111;1917;12387;84427;9969;42618067;41475001;26511244;4114916;28659544
FR;1;2022-07-22;1226;2180;14065;85803;11396;42619293;41477181;26525309;4200719;28670940
FR;1;2022-07-23;526;1076;5221;21279;4602;42619819;41478257;26530530;4221998;28675542
FR;1;2022-07-24;142;300;1320;3675;1161;42619961;41478557;26531850;4225673;28676703
FR;1;2022-07-25;862;1608;9064;46065;7509;42620823;41480165;26540914;4271738;28684212
FR;1;2022-07-26;1122;1942;12663;81899;10313;42621945;41482107;26553577;4353637;28694525
FR;1;2022-07-27;1012;1703;9729;58360;8105;42622957;41483810;26563306;4411997;28702630
FR;1;2022-07-28;973;1664;9827;61733;7823;42623930;41485474;26573133;4473730;28710453
FR;1;2022-07-29;1108;1778;10404;62858;8335;42625038;41487252;26583537;4536588;28718788
FR;1;2022-07-30;390;700;3339;14455;2843;42625428;41487952;26586876;4551043;28721631
FR;1;2022-07-31;135;254;900;2328;765;42625563;41488206;26587776;4553371;28722396
FR;1;2022-08-01;683;1205;7217;28898;6074;42626246;41489411;26594993;4582269;28728470
FR;1;2022-08-02;878;1446;8198;53927;6587;42627124;41490857;26603191;4636196;28735057
FR;1;2022-08-03;710;1066;6121;36992;4903;42627834;41491923;26609312;4673188;28739960
FR;1;2022-08-04;634;1053;6221;41334;5032;42628468;41492976;26615533;4714522;28744992
FR;1;2022-08-05;730;1178;6726;42974;5383;42629198;41494154;26622259;4757496;28750375
FR;1;2022-08-06;269;458;1982;8983;1654;42629467;41494612;26624241;4766479;28752029
FR;1;2022-08-07;84;140;513;1546;429;42629551;41494752;26624754;4768025;28752458
FR;1;2022-08-08;470;803;3761;21158;3087;42630021;41495555;26628515;4789183;28755545
FR;1;2022-08-09;602;997;5663;38406;4532;42630623;41496552;26634178;4827589;28760077
FR;1;2022-08-10;507;952;4404;26836;3598;42631130;41497504;26638582;4854425;28763675
FR;1;2022-08-11;531;878;4280;28048;3549;42631661;41498382;26642862;4882473;28767224
FR;1;2022-08-12;579;1003;4526;27116;3728;42632240;41499385;26647388;4909589;28770952
FR;1;2022-08-13;171;340;1240;5082;1052;42632411;41499725;26648628;4914671;28772004
FR;1;2022-08-14;60;111;266;838;226;42632471;41499836;26648894;4915509;28772230
FR;1;2022-08-15;61;146;553;529;517;42632532;41499982;26649447;4916038;28772747
FR;1;2022-08-16;512;909;3757;21429;3190;42633044;41500891;26653204;4937467;28775937
FR;1;2022-08-17;513;854;3742;22067;3169;42633557;41501745;26656946;4959534;28779106
FR;1;2022-08-18;524;850;3884;25330;3086;42634081;41502595;26660830;4984864;28782192
FR;1;2022-08-19;517;1021;4336;26486;3569;42634598;41503616;26665166;5011350;28785761
FR;1;2022-08-20;223;390;1273;5350;1085;42634821;41504006;26666439;5016700;28786846
FR;1;2022-08-21;78;109;277;982;246;42634899;41504115;26666716;5017682;28787092
FR;1;2022-08-22;461;861;3109;14875;2684;42635360;41504976;26669825;5032557;28789776
FR;1;2022-08-23;622;1041;4129;28271;3462;42635982;41506017;26673954;5060828;28793238
FR;1;2022-08-24;538;813;3377;18963;2731;42636520;41506830;26677331;5079791;28795969
FR;1;2022-08-25;554;888;3788;22818;3168;42637074;41507718;26681119;5102609;28799137
FR;1;2022-08-26;738;1107;4318;25058;3532;42637812;41508825;26685437;5127667;28802669
FR;1;2022-08-27;213;419;1303;5272;1167;42638025;41509244;26686740;5132939;28803836
FR;1;2022-08-28;105;139;293;872;271;42638130;41509383;26687033;5133811;28804107
FR;1;2022-08-29;491;836;2956;14176;2494;42638621;41510219;26689989;5147987;28806601
FR;1;2022-08-30;729;1078;4571;27579;3727;42639350;41511297;26694560;5175566;28810328
FR;1;2022-08-31;564;801;3071;17124;2587;42639914;41512098;26697631;5192690;28812915
FR;1;2022-09-01;621;838;3850;21598;3245;42640535;41512936;26701481;5214288;28816160
FR;1;2022-09-02;748;999;4527;27633;3730;42641283;41513935;26706008;5241921;28819890
FR;1;2022-09-03;299;482;1651;5828;1414;42641582;41514417;26707659;5247749;28821304
FR;1;2022-09-04;95;130;334;834;326;42641677;41514547;26707993;5248583;28821630
FR;1;2022-09-05;537;604;2659;15606;2190;42642214;41515151;26710652;5264189;28823820
FR;1;2022-09-06;677;899;4229;30829;3381;42642891;41516050;26714881;5295018;28827201
FR;1;2022-09-07;513;657;2751;16272;2252;42643404;41516707;26717632;5311290;28829453
FR;1;2022-09-08;536;745;3485;23932;2823;42643940;41517452;26721117;5335222;28832276
FR;1;2022-09-09;747;927;4101;26579;3405;42644687;41518379;26725218;5361801;28835681
FR;1;2022-09-10;303;425;1462;5486;1259;42644990;41518804;26726680;5367287;28836940
FR;1;2022-09-11;96;113;300;617;279;42645086;41518917;26726980;5367904;28837219
FR;1;2022-09-12;430;519;2165;12684;1811;42645516;41519436;26729145;5380588;28839030
FR;1;2022-09-13;548;758;3521;25337;2978;42646064;41520194;26732666;5405925;28842008
FR;1;2022-09-14;553;657;2623;15471;2175;42646617;41520851;26735289;5421396;28844183
FR;1;2022-09-15;484;646;3033;22619;2523;42647101;41521497;26738322;5444015;28846706
FR;1;2022-09-16;696;878;3763;24951;3113;42647797;41522375;26742085;5468966;28849819
FR;1;2022-09-17;272;383;1271;5873;1124;42648069;41522758;26743356;5474839;28850943
FR;1;2022-09-18;90;112;286;866;257;42648159;41522870;26743642;5475705;28851200
FR;1;2022-09-19;331;510;1922;12480;1619;42648490;41523380;26745564;5488185;28852819
FR;1;2022-09-20;514;721;3293;24764;2674;42649004;41524101;26748857;5512949;28855493
FR;1;2022-09-21;424;626;2396;14878;2019;42649428;41524727;26751253;5527827;28857512
FR;2;2020-12-27;0;0;0;0;0;0;0;0;0;0
FR;2;2020-12-28;0;0;0;0;0;0;0;0;0;0
FR;2;2020-12-29;0;0;0;0;0;0;0;0;0;0
FR;2;2020-12-30;0;0;0;0;0;0;0;0;0;0
FR;2;2020-12-31;0;0;0;0;0;0;0;0;0;0
FR;2;2021-01-01;0;0;0;0;0;0;0;0;0;0
FR;2;2021-01-02;0;0;0;0;0;0;0;0;0;0
FR;2;2021-01-03;0;0;0;0;0;0;0;0;0;0
FR;2;2021-01-04;0;0;0;0;0;0;0;0;0;0
FR;2;2021-01-05;0;0;0;0;0;0;0;0;0;0
FR;2;2021-01-06;0;0;0;0;0;0;0;0;0;0
FR;2;2021-01-07;0;0;0;0;0;0;0;0;0;0
FR;2;2021-01-08;0;0;0;0;0;0;0;0;0;0
FR;2;2021-01-09;0;0;0;0;0;0;0;0;0;0
FR;2;2021-01-10;0;0;0;0;0;0;0;0;0;0
FR;2;2021-01-11;0;0;0;0;0;0;0;0;0;0
FR;2;2021-01-12;0;0;0;0;0;0;0;0;0;0
FR;2;2021-01-13;0;0;0;0;0;0;0;0;0;0
FR;2;2021-01-14;1664;0;0;0;0;1664;0;0;0;0
FR;2;2021-01-15;398;0;0;0;0;2062;0;0;0;0
FR;2;2021-01-16;316;0;0;0;0;2378;0;0;0;0
FR;2;2021-01-17;83;0;0;0;0;2461;0;0;0;0
FR;2;2021-01-18;3074;2;0;0;0;5535;2;0;0;0
FR;2;2021-01-19;4680;0;0;0;0;10215;2;0;0;0
FR;2;2021-01-20;5135;6;0;0;0;15350;8;0;0;0
FR;2;2021-01-21;5344;9;0;0;0;20694;17;0;0;0
FR;2;2021-01-22;5118;14;0;0;0;25812;31;0;0;0
FR;2;2021-01-23;1872;1;0;0;0;27684;32;0;0;0
FR;2;2021-01-24;162;2;0;0;0;27846;34;0;0;0
FR;2;2021-01-25;3814;3;0;0;0;31660;37;0;0;0
FR;2;2021-01-26;3923;5;0;0;0;35583;42;0;0;0
FR;2;2021-01-27;3602;4;0;0;0;39185;46;0;0;0
FR;2;2021-01-28;3752;8;0;0;0;42937;54;0;0;0
FR;2;2021-01-29;3295;3;0;0;0;46232;57;0;0;0
FR;2;2021-01-30;1130;3;0;0;0;47362;60;0;0;0
FR;2;2021-01-31;45;2;0;0;0;47407;62;0;0;0
FR;2;2021-02-01;3404;9;0;0;0;50811;71;0;0;0
FR;2;2021-02-02;4493;14;0;0;0;55304;85;0;0;0
FR;2;2021-02-03;5220;7;0;0;0;60524;92;0;0;0
FR;2;2021-02-04;4937;11;0;0;0;65461;103;0;0;0
FR;2;2021-02-05;4813;15;0;0;0;70274;118;0;0;0
FR;2;2021-02-06;2042;14;0;0;0;72316;132;0;0;0
FR;2;2021-02-07;102;4;0;0;0;72418;136;0;0;0
FR;2;2021-02-08;7555;24;0;0;0;79973;160;0;0;0
FR;2;2021-02-09;8425;27;0;0;0;88398;187;0;0;0
FR;2;2021-02-10;9342;59;0;0;0;97740;246;0;0;0
FR;2;2021-02-11;10287;118;0;0;0;108027;364;0;0;0
FR;2;2021-02-12;10055;269;0;0;0;118082;633;0;0;0
FR;2;2021-02-13;3120;225;0;0;0;121202;858;0;0;0
FR;2;2021-02-14;355;9;0;0;0;121557;867;0;0;0
FR;2;2021-02-15;3458;3111;0;0;0;125015;3978;0;0;0
FR;2;2021-02-16;5073;4113;0;0;0;130088;8091;0;0;0
FR;2;2021-02-17;4256;4526;0;0;0;134344;12617;0;0;0
FR;2;2021-02-18;5402;5153;0;0;0;139746;17770;0;0;0
FR;2;2021-02-19;5327;4454;0;0;0;145073;22224;0;0;0
FR;2;2021-02-20;1870;1515;0;0;0;146943;23739;0;0;0
FR;2;2021-02-21;244;95;0;0;0;147187;23834;0;0;0
FR;2;2021-02-22;3613;3763;0;0;0;150800;27597;0;0;0
FR;2;2021-02-23;4954;3719;0;0;0;155754;31316;0;0;0
FR;2;2021-02-24;5015;3526;0;0;0;160769;34842;0;0;0
FR;2;2021-02-25;5491;3470;0;0;0;166260;38312;0;0;0
FR;2;2021-02-26;4363;3167;0;0;0;170623;41479;0;0;0
FR;2;2021-02-27;1625;1059;0;0;0;172248;42538;0;0;0
FR;2;2021-02-28;178;22;0;0;0;172426;42560;0;0;0
FR;2;2021-03-01;5184;3750;0;0;0;177610;46310;0;0;0
FR;2;2021-03-02;6535;4722;0;0;0;184145;51032;0;0;0
FR;2;2021-03-03;6539;4938;0;0;0;190684;55970;0;0;0
FR;2;2021-03-04;8408;4148;0;0;0;199092;60118;0;0;0
FR;2;2021-03-05;8035;4054;0;0;0;207127;64172;0;0;0
FR;2;2021-03-06;4787;1681;0;0;0;211914;65853;0;0;0
FR;2;2021-03-07;2372;30;0;0;0;214286;65883;0;0;0
FR;2;2021-03-08;4166;8375;0;0;0;218452;74258;0;0;0
FR;2;2021-03-09;7491;8562;1;0;0;225943;82820;1;0;0
FR;2;2021-03-10;7102;9193;0;0;0;233045;92013;1;0;0
FR;2;2021-03-11;9377;9310;1;0;0;242422;101323;2;0;0
FR;2;2021-03-12;7978;8319;0;0;0;250400;109642;2;0;0
FR;2;2021-03-13;10053;2577;0;0;0;260453;112219;2;0;0
FR;2;2021-03-14;4840;385;0;0;0;265293;112604;2;0;0
FR;2;2021-03-15;10912;3471;0;0;0;276205;116075;2;0;0
FR;2;2021-03-16;16764;4673;1;0;0;292969;120748;3;0;0
FR;2;2021-03-17;20238;3994;0;0;0;313207;124742;3;0;0
FR;2;2021-03-18;23372;5058;0;0;0;336579;129800;3;0;0
FR;2;2021-03-19;23308;4632;0;0;0;359887;134432;3;0;0
FR;2;2021-03-20;25450;1587;0;0;0;385337;136019;3;0;0
FR;2;2021-03-21;17671;154;0;0;0;403008;136173;3;0;0
FR;2;2021-03-22;17786;3201;0;0;0;420794;139374;3;0;0
FR;2;2021-03-23;22694;4239;0;0;0;443488;143613;3;0;0
FR;2;2021-03-24;23958;5041;0;0;0;467446;148654;3;0;0
FR;2;2021-03-25;26750;5181;1;0;0;494196;153835;4;0;0
FR;2;2021-03-26;26982;4224;0;0;0;521178;158059;4;0;0
FR;2;2021-03-27;15920;1353;0;0;0;537098;159412;4;0;0
FR;2;2021-03-28;10561;139;0;0;0;547659;159551;4;0;0
FR;2;2021-03-29;18994;4316;0;0;0;566653;163867;4;0;0
FR;2;2021-03-30;24587;6076;0;0;0;591240;169943;4;0;0
FR;2;2021-03-31;28562;5914;0;0;0;619802;175857;4;0;0
FR;2;2021-04-01;34549;8547;1;0;0;654351;184404;5;0;0
FR;2;2021-04-02;29983;7696;0;0;0;684334;192100;5;0;0
FR;2;2021-04-03;16955;4070;0;0;0;701289;196170;5;0;0
FR;2;2021-04-04;9306;1172;2;0;0;710595;197342;7;0;0
FR;2;2021-04-05;12445;801;0;0;0;723040;198143;7;0;0
FR;2;2021-04-06;27151;7196;0;0;0;750191;205339;7;0;0
FR;2;2021-04-07;30929;7137;1;0;0;781120;212476;8;0;0
FR;2;2021-04-08;36891;8632;1;0;0;818011;221108;9;0;0
FR;2;2021-04-09;33846;8438;28;0;0;851857;229546;37;0;0
FR;2;2021-04-10;19683;9197;1;0;0;871540;238743;38;0;0
FR;2;2021-04-11;7942;4250;1;0;0;879482;242993;39;0;0
FR;2;2021-04-12;17127;11047;0;0;0;896609;254040;39;0;0
FR;2;2021-04-13;19454;16085;1;0;0;916063;270125;40;0;0
FR;2;2021-04-14;18065;16393;7;0;0;934128;286518;47;0;0
FR;2;2021-04-15;22196;21478;27;0;0;956324;307996;74;0;0
FR;2;2021-04-16;20709;20416;45;0;0;977033;328412;119;0;0
FR;2;2021-04-17;13255;22487;5;0;0;990288;350899;124;0;0
FR;2;2021-04-18;5909;14397;6;0;0;996197;365296;130;0;0
FR;2;2021-04-19;16838;16335;24;0;0;1013035;381631;154;0;0
FR;2;2021-04-20;19324;21669;38;0;0;1032359;403300;192;0;0
FR;2;2021-04-21;20290;21773;76;0;0;1052649;425073;268;0;0
FR;2;2021-04-22;23819;24906;41;0;0;1076468;449979;309;0;0
FR;2;2021-04-23;24526;25398;76;0;0;1100994;475377;385;0;0
FR;2;2021-04-24;25304;15063;104;0;0;1126298;490440;489;0;0
FR;2;2021-04-25;9595;8608;5;0;0;1135893;499048;494;0;0
FR;2;2021-04-26;17164;17447;21;0;0;1153057;516495;515;0;0
FR;2;2021-04-27;19243;24129;40;0;0;1172300;540624;555;0;0
FR;2;2021-04-28;22337;26330;112;0;0;1194637;566954;667;0;0
FR;2;2021-04-29;25471;30302;69;0;0;1220108;597256;736;0;0
FR;2;2021-04-30;25531;27887;49;1;0;1245639;625143;785;1;0
FR;2;2021-05-01;14986;9861;6;0;0;1260625;635004;791;1;0
FR;2;2021-05-02;6639;9170;2;0;0;1267264;644174;793;1;0
FR;2;2021-05-03;20018;19196;40;0;0;1287282;663370;833;1;0
FR;2;2021-05-04;18282;29122;33;0;0;1305564;692492;866;1;0
FR;2;2021-05-05;18374;29429;48;0;0;1323938;721921;914;1;0
FR;2;2021-05-06;23544;35318;131;0;0;1347482;757239;1045;1;0
FR;2;2021-05-07;25331;33217;97;0;0;1372813;790456;1142;1;0
FR;2;2021-05-08;21341;10288;14;0;0;1394154;800744;1156;1;0
FR;2;2021-05-09;13166;7726;7;0;0;1407320;808470;1163;1;0
FR;2;2021-05-10;32939;21909;49;0;0;1440259;830379;1212;1;0
FR;2;2021-05-11;43604;20965;101;0;0;1483863;851344;1313;1;0
FR;2;2021-05-12;50050;19717;143;0;0;1533913;871061;1456;1;0
FR;2;2021-05-13;51293;5674;31;0;0;1585206;876735;1487;1;0
FR;2;2021-05-14;61351;12885;132;0;0;1646557;889620;1619;1;0
FR;2;2021-05-15;65932;7124;39;0;0;1712489;896744;1658;1;0
FR;2;2021-05-16;43586;2572;10;0;0;1756075;899316;1668;1;0
FR;2;2021-05-17;44747;12500;114;0;0;1800822;911816;1782;1;0
FR;2;2021-05-18;54643;12263;191;0;0;1855465;924079;1973;1;0
FR;2;2021-05-19;57176;10551;281;0;0;1912641;934630;2254;1;0
FR;2;2021-05-20;63439;10812;288;0;0;1976080;945442;2542;1;0
FR;2;2021-05-21;64296;11628;230;0;0;2040376;957070;2772;1;0
FR;2;2021-05-22;61482;4515;65;0;0;2101858;961585;2837;1;0
FR;2;2021-05-23;37533;574;22;0;0;2139391;962159;2859;1;0
FR;2;2021-05-24;17242;2038;35;0;0;2156633;964197;2894;1;0
FR;2;2021-05-25;21110;12214;240;0;0;2177743;976411;3134;1;0
FR;2;2021-05-26;19939;11484;229;0;0;2197682;987895;3363;1;0
FR;2;2021-05-27;22997;12646;182;0;0;2220679;1000541;3545;1;0
FR;2;2021-05-28;29392;14990;190;0;0;2250071;1015531;3735;1;0
FR;2;2021-05-29;30420;8192;57;0;0;2280491;1023723;3792;1;0
FR;2;2021-05-30;4647;1816;6;0;0;2285138;1025539;3798;1;0
FR;2;2021-05-31;28590;18733;184;0;0;2313728;1044272;3982;1;0
FR;2;2021-06-01;45728;19937;224;0;0;2359456;1064209;4206;1;0
FR;2;2021-06-02;37474;19257;182;0;0;2396930;1083466;4388;1;0
FR;2;2021-06-03;51278;23193;161;0;0;2448208;1106659;4549;1;0
FR;2;2021-06-04;65512;24059;217;0;0;2513720;1130718;4766;1;0
FR;2;2021-06-05;34600;24067;52;0;0;2548320;1154785;4818;1;0
FR;2;2021-06-06;4956;6191;10;0;0;2553276;1160976;4828;1;0
FR;2;2021-06-07;28174;23014;150;0;0;2581450;1183990;4978;1;0
FR;2;2021-06-08;46376;22918;143;0;0;2627826;1206908;5121;1;0
FR;2;2021-06-09;34291;20949;107;0;0;2662117;1227857;5228;1;0
FR;2;2021-06-10;42639;19125;95;1;0;2704756;1246982;5323;2;0
FR;2;2021-06-11;55299;25172;134;0;0;2760055;1272154;5457;2;0
FR;2;2021-06-12;30561;19775;53;0;0;2790616;1291929;5510;2;0
FR;2;2021-06-13;3330;9189;13;0;0;2793946;1301118;5523;2;0
FR;2;2021-06-14;25300;24129;92;0;0;2819246;1325247;5615;2;0
FR;2;2021-06-15;39045;22836;154;0;0;2858291;1348083;5769;2;0
FR;2;2021-06-16;30163;21397;135;0;0;2888454;1369480;5904;2;0
FR;2;2021-06-17;36911;25814;150;0;0;2925365;1395294;6054;2;0
FR;2;2021-06-18;46858;28850;123;0;0;2972223;1424144;6177;2;0
FR;2;2021-06-19;24525;24896;39;0;0;2996748;1449040;6216;2;0
FR;2;2021-06-20;3741;10067;9;0;0;3000489;1459107;6225;2;0
FR;2;2021-06-21;17529;42838;88;0;0;3018018;1501945;6313;2;0
FR;2;2021-06-22;28360;49567;110;0;0;3046378;1551512;6423;2;0
FR;2;2021-06-23;21789;49586;107;1;1;3068167;1601098;6530;3;1
FR;2;2021-06-24;28376;50283;134;0;0;3096543;1651381;6664;3;1
FR;2;2021-06-25;33399;60423;128;0;0;3129942;1711804;6792;3;1
FR;2;2021-06-26;16386;59299;54;1;0;3146328;1771103;6846;4;1
FR;2;2021-06-27;2566;29313;22;1;0;3148894;1800416;6868;5;1
FR;2;2021-06-28;12640;54329;84;0;0;3161534;1854745;6952;5;1
FR;2;2021-06-29;19852;59941;178;0;0;3181386;1914686;7130;5;1
FR;2;2021-06-30;16329;57978;253;17;0;3197715;1972664;7383;22;1
FR;2;2021-07-01;20492;59876;228;0;0;3218207;2032540;7611;22;1
FR;2;2021-07-02;24078;62150;184;0;0;3242285;2094690;7795;22;1
FR;2;2021-07-03;12117;57107;153;0;0;3254402;2151797;7948;22;1
FR;2;2021-07-04;1959;23306;18;0;0;3256361;2175103;7966;22;1
FR;2;2021-07-05;9177;29340;106;0;0;3265538;2204443;8072;22;1
FR;2;2021-07-06;14580;36235;135;0;0;3280118;2240678;8207;22;1
FR;2;2021-07-07;14413;33659;139;0;0;3294531;2274337;8346;22;1
FR;2;2021-07-08;19719;40312;162;0;0;3314250;2314649;8508;22;1
FR;2;2021-07-09;27101;54304;202;1;0;3341351;2368953;8710;23;1
FR;2;2021-07-10;13386;33692;107;0;0;3354737;2402645;8817;23;1
FR;2;2021-07-11;1809;4357;16;0;0;3356546;2407002;8833;23;1
FR;2;2021-07-12;12969;37292;119;0;0;3369515;2444294;8952;23;1
FR;2;2021-07-13;37114;53176;150;0;0;3406629;2497470;9102;23;1
FR;2;2021-07-14;6624;3549;15;0;0;3413253;2501019;9117;23;1
FR;2;2021-07-15;47239;47026;156;0;0;3460492;2548045;9273;23;1
FR;2;2021-07-16;64315;55799;188;0;0;3524807;2603844;9461;23;1
FR;2;2021-07-17;31598;23924;96;0;0;3556405;2627768;9557;23;1
FR;2;2021-07-18;6088;4839;19;0;0;3562493;2632607;9576;23;1
FR;2;2021-07-19;33002;28636;94;0;0;3595495;2661243;9670;23;1
FR;2;2021-07-20;51998;44538;155;0;0;3647493;2705781;9825;23;1
FR;2;2021-07-21;45249;34710;93;0;0;3692742;2740491;9918;23;1
FR;2;2021-07-22;56279;41087;128;1;0;3749021;2781578;10046;24;1
FR;2;2021-07-23;68296;48998;170;0;0;3817317;2830576;10216;24;1
FR;2;2021-07-24;36175;21594;82;0;0;3853492;2852170;10298;24;1
FR;2;2021-07-25;6749;2625;10;0;0;3860241;2854795;10308;24;1
FR;2;2021-07-26;36312;22396;91;1;0;3896553;2877191;10399;25;1
FR;2;2021-07-27;62387;34591;180;0;0;3958940;2911782;10579;25;1
FR;2;2021-07-28;55317;26429;132;0;0;4014257;2938211;10711;25;1
FR;2;2021-07-29;68474;32804;189;0;0;4082731;2971015;10900;25;1
FR;2;2021-07-30;74462;37798;222;1;0;4157193;3008813;11122;26;1
FR;2;2021-07-31;34769;16202;104;0;0;4191962;3025015;11226;26;1
FR;2;2021-08-01;5413;2267;19;0;0;4197375;3027282;11245;26;1
FR;2;2021-08-02;35881;16190;101;0;0;4233256;3043472;11346;26;1
FR;2;2021-08-03;55983;28281;142;0;0;4289239;3071753;11488;26;1
FR;2;2021-08-04;46633;20843;128;1;0;4335872;3092596;11616;27;1
FR;2;2021-08-05;54634;31582;215;0;0;4390506;3124178;11831;27;1
FR;2;2021-08-06;58094;42399;242;1;0;4448600;3166577;12073;28;1
FR;2;2021-08-07;25145;17623;89;0;0;4473745;3184200;12162;28;1
FR;2;2021-08-08;3838;3654;21;0;0;4477583;3187854;12183;28;1
FR;2;2021-08-09;29307;21077;92;0;0;4506890;3208931;12275;28;1
FR;2;2021-08-10;45004;33486;155;0;0;4551894;3242417;12430;28;1
FR;2;2021-08-11;35274;25166;151;0;0;4587168;3267583;12581;28;1
FR;2;2021-08-12;41900;35709;162;0;0;4629068;3303292;12743;28;1
FR;2;2021-08-13;42598;37225;218;0;0;4671666;3340517;12961;28;1
FR;2;2021-08-14;18518;22184;93;0;0;4690184;3362701;13054;28;1
FR;2;2021-08-15;3851;3806;17;0;0;4694035;3366507;13071;28;1
FR;2;2021-08-16;25090;27154;111;0;0;4719125;3393661;13182;28;1
FR;2;2021-08-17;38259;43427;205;2;0;4757384;3437088;13387;30;1
FR;2;2021-08-18;32251;36368;195;1;1;4789635;3473456;13582;31;2
FR;2;2021-08-19;37434;46566;224;0;0;4827069;3520022;13806;31;2
FR;2;2021-08-20;40566;55622;269;1;0;4867635;3575644;14075;32;2
FR;2;2021-08-21;18120;24317;116;0;0;4885755;3599961;14191;32;2
FR;2;2021-08-22;2906;4325;22;1;1;4888661;3604286;14213;33;3
FR;2;2021-08-23;19248;35154;131;1;0;4907909;3639440;14344;34;3
FR;2;2021-08-24;31947;56057;236;0;0;4939856;3695497;14580;34;3
FR;2;2021-08-25;25934;43462;250;0;0;4965790;3738959;14830;34;3
FR;2;2021-08-26;32360;55812;388;0;0;4998150;3794771;15218;34;3
FR;2;2021-08-27;37003;65655;478;2;0;5035153;3860426;15696;36;3
FR;2;2021-08-28;17821;28522;300;0;0;5052974;3888948;15996;36;3
FR;2;2021-08-29;2656;5018;47;0;0;5055630;3893966;16043;36;3
FR;2;2021-08-30;18415;37741;400;0;759;5074045;3931707;16443;36;762
FR;2;2021-08-31;28076;57506;887;4;1548;5102121;3989213;17330;40;2310
FR;2;2021-09-01;21592;39860;1309;0;2113;5123713;4029073;18639;40;4423
FR;2;2021-09-02;25484;48657;1962;2;3340;5149197;4077730;20601;42;7763
FR;2;2021-09-03;33409;64531;2988;3;4862;5182606;4142261;23589;45;12625
FR;2;2021-09-04;16832;27733;1442;1;2372;5199438;4169994;25031;46;14997
FR;2;2021-09-05;2262;3608;266;0;412;5201700;4173602;25297;46;15409
FR;2;2021-09-06;14041;28714;1769;1;2942;5215741;4202316;27066;47;18351
FR;2;2021-09-07;21106;41094;3020;13;4897;5236847;4243410;30086;60;23248
FR;2;2021-09-08;17246;31933;2734;6;4490;5254093;4275343;32820;66;27738
FR;2;2021-09-09;20977;40474;4433;3;6802;5275070;4315817;37253;69;34540
FR;2;2021-09-10;28202;51251;5285;4;8910;5303272;4367068;42538;73;43450
FR;2;2021-09-11;13654;22424;2404;5;3967;5316926;4389492;44942;78;47417
FR;2;2021-09-12;1824;2780;291;0;511;5318750;4392272;45233;78;47928
FR;2;2021-09-13;11658;21441;2472;4;4030;5330408;4413713;47705;82;51958
FR;2;2021-09-14;18573;32749;5087;13;9053;5348981;4446462;52792;95;61011
FR;2;2021-09-15;14913;28260;5169;3;7767;5363894;4474722;57961;98;68778
FR;2;2021-09-16;16079;32775;6736;12;10523;5379973;4507497;64697;110;79301
FR;2;2021-09-17;20913;47129;8780;10;14602;5400886;4554626;73477;120;93903
FR;2;2021-09-18;9857;20950;3803;6;6034;5410743;4575576;77280;126;99937
FR;2;2021-09-19;1166;2607;396;0;632;5411909;4578183;77676;126;100569
FR;2;2021-09-20;7498;18740;3855;7;6147;5419407;4596923;81531;133;106716
FR;2;2021-09-21;11214;30004;6495;5;10745;5430621;4626927;88026;138;117461
FR;2;2021-09-22;9408;23537;5490;6;8519;5440029;4650464;93516;144;125980
FR;2;2021-09-23;10727;28905;7882;9;12646;5450756;4679369;101398;153;138626
FR;2;2021-09-24;15072;42921;10876;18;17229;5465828;4722290;112274;171;155855
FR;2;2021-09-25;7259;18776;3965;9;6110;5473087;4741066;116239;180;161965
FR;2;2021-09-26;1079;2551;495;0;630;5474166;4743617;116734;180;162595
FR;2;2021-09-27;6313;16418;4285;8;6536;5480479;4760035;121019;188;169131
FR;2;2021-09-28;9239;25544;7768;14;12069;5489718;4785579;128787;202;181200
FR;2;2021-09-29;8080;20202;6067;25;9254;5497798;4805781;134854;227;190454
FR;2;2021-09-30;9864;25829;9506;16;14102;5507662;4831610;144360;243;204556
FR;2;2021-10-01;13974;35713;12916;25;19298;5521636;4867323;157276;268;223854
FR;2;2021-10-02;6874;15913;4848;7;7026;5528510;4883236;162124;275;230880
FR;2;2021-10-03;841;1919;492;1;506;5529351;4885155;162616;276;231386
FR;2;2021-10-04;5824;13904;5515;5;7859;5535175;4899059;168131;281;239245
FR;2;2021-10-05;9054;22548;11121;19;15729;5544229;4921607;179252;300;254974
FR;2;2021-10-06;7783;17745;8241;11;11073;5552012;4939352;187493;311;266047
FR;2;2021-10-07;9202;22202;12381;15;16858;5561214;4961554;199874;326;282905
FR;2;2021-10-08;13429;32095;17348;27;23564;5574643;4993649;217222;353;306469
FR;2;2021-10-09;5999;12851;6042;6;7898;5580642;5006500;223264;359;314367
FR;2;2021-10-10;885;1607;436;2;615;5581527;5008107;223700;361;314982
FR;2;2021-10-11;5607;11573;6455;17;8836;5587134;5019680;230155;378;323818
FR;2;2021-10-12;8033;17786;12546;13;16769;5595167;5037466;242701;391;340587
FR;2;2021-10-13;6943;14853;10255;12;13635;5602110;5052319;252956;403;354222
FR;2;2021-10-14;8314;17936;14994;13;19459;5610424;5070255;267950;416;373681
FR;2;2021-10-15;11853;26302;20903;26;27968;5622277;5096557;288853;442;401649
FR;2;2021-10-16;5139;8734;1819;0;3214;5627416;5105291;290672;442;404863
FR;2;2021-10-17;651;1164;184;0;368;5628067;5106455;290856;442;405231
FR;2;2021-10-18;4562;7369;664;2;1645;5632629;5113824;291520;444;406876
FR;2;2021-10-19;6237;9869;732;5;2044;5638866;5123693;292252;449;408920
FR;2;2021-10-20;5169;8073;758;3;1683;5644035;5131766;293010;452;410603
FR;2;2021-10-21;6090;9971;779;5;2101;5650125;5141737;293789;457;412704
FR;2;2021-10-22;8450;14595;1148;4;2882;5658575;5156332;294937;461;415586
FR;2;2021-10-23;3845;5996;586;0;1231;5662420;5162328;295523;461;416817
FR;2;2021-10-24;494;885;100;0;204;5662914;5163213;295623;461;417021
FR;2;2021-10-25;3357;5353;306;1;828;5666271;5168566;295929;462;417849
FR;2;2021-10-26;4176;7254;1130;4;2019;5670447;5175820;297059;466;419868
FR;2;2021-10-27;3676;6609;1193;5;1995;5674123;5182429;298252;471;421863
FR;2;2021-10-28;4597;7698;1732;3;2749;5678720;5190127;299984;474;424612
FR;2;2021-10-29;5412;11087;2435;4;3675;5684132;5201214;302419;478;428287
FR;2;2021-10-30;2749;4444;975;1;1437;5686881;5205658;303394;479;429724
FR;2;2021-10-31;364;532;139;1;190;5687245;5206190;303533;480;429914
FR;2;2021-11-01;428;549;177;0;264;5687673;5206739;303710;480;430178
FR;2;2021-11-02;3293;6760;1183;0;1762;5690966;5213499;304893;480;431940
FR;2;2021-11-03;3340;6235;1386;2;1967;5694306;5219734;306279;482;433907
FR;2;2021-11-04;3986;7082;1765;4;2493;5698292;5226816;308044;486;436400
FR;2;2021-11-05;5232;10502;2867;5;3956;5703524;5237318;310911;491;440356
FR;2;2021-11-06;2594;4680;1403;0;1813;5706118;5241998;312314;491;442169
FR;2;2021-11-07;505;864;220;0;286;5706623;5242862;312534;491;442455
FR;2;2021-11-08;2578;5356;1202;3;1676;5709201;5248218;313736;494;444131
FR;2;2021-11-09;2750;6924;2399;5;3181;5711951;5255142;316135;499;447312
FR;2;2021-11-10;2589;5689;5110;6;6286;5714540;5260831;321245;505;453598
FR;2;2021-11-11;444;750;743;2;924;5714984;5261581;321988;507;454522
FR;2;2021-11-12;2953;8102;8972;8;10914;5717937;5269683;330960;515;465436
FR;2;2021-11-13;1538;3381;3868;7;4537;5719475;5273064;334828;522;469973
FR;2;2021-11-14;257;594;351;1;487;5719732;5273658;335179;523;470460
FR;2;2021-11-15;1622;3670;4445;9;5330;5721354;5277328;339624;532;475790
FR;2;2021-11-16;2184;5900;8307;14;10073;5723538;5283228;347931;546;485863
FR;2;2021-11-17;1741;4544;6627;8;7851;5725279;5287772;354558;554;493714
FR;2;2021-11-18;2192;5932;9179;10;11010;5727471;5293704;363737;564;504724
FR;2;2021-11-19;2698;7787;12971;19;15473;5730169;5301491;376708;583;520197
FR;2;2021-11-20;1565;3341;5173;5;6082;5731734;5304832;381881;588;526279
FR;2;2021-11-21;247;513;541;0;662;5731981;5305345;382422;588;526941
FR;2;2021-11-22;1278;2599;4479;5;5404;5733259;5307944;386901;593;532345
FR;2;2021-11-23;1617;4296;8198;9;9911;5734876;5312240;395099;602;542256
FR;2;2021-11-24;1418;3769;7473;14;8730;5736294;5316009;402572;616;550986
FR;2;2021-11-25;1812;4880;11467;21;13662;5738106;5320889;414039;637;564648
FR;2;2021-11-26;2540;7759;22669;31;26077;5740646;5328648;436708;668;590725
FR;2;2021-11-27;1497;4162;12270;18;14033;5742143;5332810;448978;686;604758
FR;2;2021-11-28;293;844;1970;3;2295;5742436;5333654;450948;689;607053
FR;2;2021-11-29;1446;4369;15089;23;17256;5743882;5338023;466037;712;624309
FR;2;2021-11-30;1912;6693;26238;36;29989;5745794;5344716;492275;748;654298
FR;2;2021-12-01;1914;6066;26202;31;29525;5747708;5350782;518477;779;683823
FR;2;2021-12-02;1912;6808;37710;52;41956;5749620;5357590;556187;831;725779
FR;2;2021-12-03;2556;10098;53618;111;59363;5752176;5367688;609805;942;785142
FR;2;2021-12-04;1848;6295;37115;38;40804;5754024;5373983;646920;980;825946
FR;2;2021-12-05;458;2253;14259;14;15990;5754482;5376236;661179;994;841936
FR;2;2021-12-06;2485;9887;77710;109;84768;5756967;5386123;738889;1103;926704
FR;2;2021-12-07;3455;15317;122441;238;133748;5760422;5401440;861330;1341;1060452
FR;2;2021-12-08;3724;16019;133192;330;145376;5764146;5417459;994522;1671;1205828
FR;2;2021-12-09;4548;19644;170198;554;185586;5768694;5437103;1164720;2225;1391414
FR;2;2021-12-10;4673;22842;188655;490;206132;5773367;5459945;1353375;2715;1597546
FR;2;2021-12-11;3686;16638;132443;239;144889;5777053;5476583;1485818;2954;1742435
FR;2;2021-12-12;1257;7130;59094;83;65148;5778310;5483713;1544912;3037;1807583
FR;2;2021-12-13;5527;26853;220693;605;242987;5783837;5510566;1765605;3642;2050570
FR;2;2021-12-14;7014;37487;300769;909;332219;5790851;5548053;2066374;4551;2382789
FR;2;2021-12-15;6555;36248;285219;956;315841;5797406;5584301;2351593;5507;2698630
FR;2;2021-12-16;7762;37927;312134;979;343744;5805168;5622228;2663727;6486;3042374
FR;2;2021-12-17;8680;41232;327879;976;360962;5813848;5663460;2991606;7462;3403336
FR;2;2021-12-18;6514;26564;212341;448;233654;5820362;5690024;3203947;7910;3636990
FR;2;2021-12-19;2603;11450;90210;182;100357;5822965;5701474;3294157;8092;3737347
FR;2;2021-12-20;9546;33571;275220;706;303374;5832511;5735045;3569377;8798;4040721
FR;2;2021-12-21;11563;38329;309627;968;341432;5844074;5773374;3879004;9766;4382153
FR;2;2021-12-22;10458;32813;265116;952;292476;5854532;5806187;4144120;10718;4674629
FR;2;2021-12-23;9426;26693;199503;701;221300;5863958;5832880;4343623;11419;4895929
FR;2;2021-12-24;2783;7486;43855;140;49557;5866741;5840366;4387478;11559;4945486
FR;2;2021-12-25;201;686;2002;10;2489;5866942;5841052;4389480;11569;4947975
FR;2;2021-12-26;1319;4210;25156;71;28683;5868261;5845262;4414636;11640;4976658
FR;2;2021-12-27;8077;29923;218409;659;243333;5876338;5875185;4633045;12299;5219991
FR;2;2021-12-28;9838;36325;272089;742;301985;5886176;5911510;4905134;13041;5521976
FR;2;2021-12-29;9497;32265;246133;765;272696;5895673;5943775;5151267;13806;5794672
FR;2;2021-12-30;9462;28103;208826;663;231453;5905135;5971878;5360093;14469;6026125
FR;2;2021-12-31;3010;8352;54990;176;61236;5908145;5980230;5415083;14645;6087361
FR;2;2022-01-01;227;692;2853;7;3350;5908372;5980922;5417936;14652;6090711
FR;2;2022-01-02;1504;4855;29512;75;33400;5909876;5985777;5447448;14727;6124111
FR;2;2022-01-03;9592;35407;266530;806;293901;5919468;6021184;5713978;15533;6418012
FR;2;2022-01-04;12851;45418;342085;1068;377015;5932319;6066602;6056063;16601;6795027
FR;2;2022-01-05;11272;38652;294183;884;323821;5943591;6105254;6350246;17485;7118848
FR;2;2022-01-06;13653;43507;331945;1298;364736;5957244;6148761;6682191;18783;7483584
FR;2;2022-01-07;14225;47629;361090;1270;396431;5971469;6196390;7043281;20053;7880015
FR;2;2022-01-08;7948;28151;201262;515;221707;5979417;6224541;7244543;20568;8101722
FR;2;2022-01-09;2749;8981;62524;137;69512;5982166;6233522;7307067;20705;8171234
FR;2;2022-01-10;10097;31919;232470;857;255045;5992263;6265441;7539537;21562;8426279
FR;2;2022-01-11;11469;36254;265915;1029;290610;6003732;6301695;7805452;22591;8716889
FR;2;2022-01-12;8766;29812;206319;863;226167;6012498;6331507;8011771;23454;8943056
FR;2;2022-01-13;9387;31341;224485;832;244831;6021885;6362848;8236256;24286;9187887
FR;2;2022-01-14;9742;35621;254538;920;277662;6031627;6398469;8490794;25206;9465549
FR;2;2022-01-15;5357;19447;140779;363;153632;6036984;6417916;8631573;25569;9619181
FR;2;2022-01-16;1512;5486;35883;81;39831;6038496;6423402;8667456;25650;9659012
FR;2;2022-01-17;5546;19276;135412;601;147253;6044042;6442678;8802868;26251;9806265
FR;2;2022-01-18;6421;21511;148629;648;160469;6050463;6464189;8951497;26899;9966734
FR;2;2022-01-19;4393;16327;105098;551;113700;6054856;6480516;9056595;27450;10080434
FR;2;2022-01-20;4871;17593;115293;603;123690;6059727;6498109;9171888;28053;10204124
FR;2;2022-01-21;5197;20059;137347;679;147764;6064924;6518168;9309235;28732;10351888
FR;2;2022-01-22;3030;10953;74262;260;80327;6067954;6529121;9383497;28992;10432215
FR;2;2022-01-23;724;2716;15241;41;16831;6068678;6531837;9398738;29033;10449046
FR;2;2022-01-24;3289;12822;75078;430;81036;6071967;6544659;9473816;29463;10530082
FR;2;2022-01-25;3574;14424;79625;496;85456;6075541;6559083;9553441;29959;10615538
FR;2;2022-01-26;2515;10696;58974;363;63022;6078056;6569779;9612415;30322;10678560
FR;2;2022-01-27;2680;11337;64177;388;67924;6080736;6581116;9676592;30710;10746484
FR;2;2022-01-28;3551;18313;91717;429;98927;6084287;6599429;9768309;31139;10845411
FR;2;2022-01-29;1894;9247;48851;164;52934;6086181;6608676;9817160;31303;10898345
FR;2;2022-01-30;464;2226;9454;38;10601;6086645;6610902;9826614;31341;10908946
FR;2;2022-01-31;1888;9572;43830;208;47338;6088533;6620474;9870444;31549;10956284
FR;2;2022-02-01;1915;10046;47029;279;50106;6090448;6630520;9917473;31828;11006390
FR;2;2022-02-02;1614;9006;41114;250;44161;6092062;6639526;9958587;32078;11050551
FR;2;2022-02-03;1725;8943;40521;205;42922;6093787;6648469;9999108;32283;11093473
FR;2;2022-02-04;2152;15200;66645;299;71342;6095939;6663669;10065753;32582;11164815
FR;2;2022-02-05;1360;8519;35943;132;39226;6097299;6672188;10101696;32714;11204041
FR;2;2022-02-06;275;1767;6127;16;6901;6097574;6673955;10107823;32730;11210942
FR;2;2022-02-07;1351;9573;37755;134;41302;6098925;6683528;10145578;32864;11252244
FR;2;2022-02-08;1299;9832;40952;173;43746;6100224;6693360;10186530;33037;11295990
FR;2;2022-02-09;1160;8835;37038;174;40461;6101384;6702195;10223568;33211;11336451
FR;2;2022-02-10;1027;7996;33836;204;36508;6102411;6710191;10257404;33415;11372959
FR;2;2022-02-11;1391;12083;53342;223;57693;6103802;6722274;10310746;33638;11430652
FR;2;2022-02-12;753;6533;27985;85;30804;6104555;6728807;10338731;33723;11461456
FR;2;2022-02-13;200;1340;4835;20;5576;6104755;6730147;10343566;33743;11467032
FR;2;2022-02-14;834;6730;30272;90;33230;6105589;6736877;10373838;33833;11500262
FR;2;2022-02-15;774;6471;28048;141;29991;6106363;6743348;10401886;33974;11530253
FR;2;2022-02-16;657;5361;22063;123;23628;6107020;6748709;10423949;34097;11553881
FR;2;2022-02-17;518;3782;14148;98;14615;6107538;6752491;10438097;34195;11568496
FR;2;2022-02-18;723;5367;20439;134;21128;6108261;6757858;10458536;34329;11589624
FR;2;2022-02-19;430;3054;10531;66;11245;6108691;6760912;10469067;34395;11600869
FR;2;2022-02-20;102;516;1460;3;1608;6108793;6761428;10470527;34398;11602477
FR;2;2022-02-21;422;2685;9122;65;9499;6109215;6764113;10479649;34463;11611976
FR;2;2022-02-22;390;2567;8892;76;8794;6109605;6766680;10488541;34539;11620770
FR;2;2022-02-23;432;2603;8990;82;9267;6110037;6769283;10497531;34621;11630037
FR;2;2022-02-24;314;2036;6800;81;6828;6110351;6771319;10504331;34702;11636865
FR;2;2022-02-25;457;3205;11418;107;11282;6110808;6774524;10515749;34809;11648147
FR;2;2022-02-26;296;1892;6035;49;6342;6111104;6776416;10521784;34858;11654489
FR;2;2022-02-27;76;313;907;5;950;6111180;6776729;10522691;34863;11655439
FR;2;2022-02-28;330;1688;5523;53;5531;6111510;6778417;10528214;34916;11660970
FR;2;2022-03-01;277;1566;5479;45;5196;6111787;6779983;10533693;34961;11666166
FR;2;2022-03-02;298;1444;5246;45;5090;6112085;6781427;10538939;35006;11671256
FR;2;2022-03-03;225;1111;3708;42;3485;6112310;6782538;10542647;35048;11674741
FR;2;2022-03-04;243;1468;4857;74;4505;6112553;6784006;10547504;35122;11679246
FR;2;2022-03-05;174;905;2979;32;2723;6112727;6784911;10550483;35154;11681969
FR;2;2022-03-06;42;183;279;5;319;6112769;6785094;10550762;35159;11682288
FR;2;2022-03-07;156;658;1987;70;1777;6112925;6785752;10552749;35229;11684065
FR;2;2022-03-08;144;667;2272;51;1905;6113069;6786419;10555021;35280;11685970
FR;2;2022-03-09;154;707;2346;37;2047;6113223;6787126;10557367;35317;11688017
FR;2;2022-03-10;123;603;1692;35;1467;6113346;6787729;10559059;35352;11689484
FR;2;2022-03-11;172;756;2767;57;2366;6113518;6788485;10561826;35409;11691850
FR;2;2022-03-12;149;484;1785;27;1554;6113667;6788969;10563611;35436;11693404
FR;2;2022-03-13;25;75;202;29;203;6113692;6789044;10563813;35465;11693607
FR;2;2022-03-14;128;470;1566;529;1296;6113820;6789514;10565379;35994;11694903
FR;2;2022-03-15;138;438;1712;689;1331;6113958;6789952;10567091;36683;11696234
FR;2;2022-03-16;142;475;2013;1615;1593;6114100;6790427;10569104;38298;11697827
FR;2;2022-03-17;93;413;1408;1193;1144;6114193;6790840;10570512;39491;11698971
FR;2;2022-03-18;146;494;2019;1792;1662;6114339;6791334;10572531;41283;11700633
FR;2;2022-03-19;108;321;1210;940;1015;6114447;6791655;10573741;42223;11701648
FR;2;2022-03-20;13;77;191;59;168;6114460;6791732;10573932;42282;11701816
FR;2;2022-03-21;96;307;1214;1483;1077;6114556;6792039;10575146;43765;11702893
FR;2;2022-03-22;117;388;1530;1829;1291;6114673;6792427;10576676;45594;11704184
FR;2;2022-03-23;139;361;1670;3031;1466;6114812;6792788;10578346;48625;11705650
FR;2;2022-03-24;116;293;1183;1547;1000;6114928;6793081;10579529;50172;11706650
FR;2;2022-03-25;119;361;1804;2449;1474;6115047;6793442;10581333;52621;11708124
FR;2;2022-03-26;77;247;1203;1222;952;6115124;6793689;10582536;53843;11709076
FR;2;2022-03-27;19;36;153;100;132;6115143;6793725;10582689;53943;11709208
FR;2;2022-03-28;94;287;1137;1601;995;6115237;6794012;10583826;55544;11710203
FR;2;2022-03-29;108;258;1324;2466;1104;6115345;6794270;10585150;58010;11711307
FR;2;2022-03-30;91;312;1487;3184;1319;6115436;6794582;10586637;61194;11712626
FR;2;2022-03-31;104;284;1275;2329;1090;6115540;6794866;10587912;63523;11713716
FR;2;2022-04-01;123;323;1567;2347;1322;6115663;6795189;10589479;65870;11715038
FR;2;2022-04-02;72;161;845;891;737;6115735;6795350;10590324;66761;11715775
FR;2;2022-04-03;16;53;128;113;142;6115751;6795403;10590452;66874;11715917
FR;2;2022-04-04;110;238;986;1438;795;6115861;6795641;10591438;68312;11716712
FR;2;2022-04-05;143;292;1314;2902;1141;6116004;6795933;10592752;71214;11717853
FR;2;2022-04-06;89;256;1305;2520;1129;6116093;6796189;10594057;73734;11718982
FR;2;2022-04-07;120;218;1300;2682;1040;6116213;6796407;10595357;76416;11720022
FR;2;2022-04-08;125;336;1629;3267;1323;6116338;6796743;10596986;79683;11721345
FR;2;2022-04-09;90;219;899;1045;731;6116428;6796962;10597885;80728;11722076
FR;2;2022-04-10;37;48;143;162;119;6116465;6797010;10598028;80890;11722195
FR;2;2022-04-11;88;194;889;1558;779;6116553;6797204;10598917;82448;11722974
FR;2;2022-04-12;176;269;1180;2738;1059;6116729;6797473;10600097;85186;11724033
FR;2;2022-04-13;146;230;1124;2453;986;6116875;6797703;10601221;87639;11725019
FR;2;2022-04-14;115;222;1085;2676;917;6116990;6797925;10602306;90315;11725936
FR;2;2022-04-15;114;249;1213;2286;1067;6117104;6798174;10603519;92601;11727003
FR;2;2022-04-16;67;108;548;549;459;6117171;6798282;10604067;93150;11727462
FR;2;2022-04-17;15;26;57;53;53;6117186;6798308;10604124;93203;11727515
FR;2;2022-04-18;12;35;120;70;115;6117198;6798343;10604244;93273;11727630
FR;2;2022-04-19;112;237;1117;1707;949;6117310;6798580;10605361;94980;11728579
FR;2;2022-04-20;95;240;1106;2157;931;6117405;6798820;10606467;97137;11729510
FR;2;2022-04-21;111;231;981;1911;837;6117516;6799051;10607448;99048;11730347
FR;2;2022-04-22;98;273;1242;2086;1023;6117614;6799324;10608690;101134;11731370
FR;2;2022-04-23;67;156;644;762;573;6117681;6799480;10609334;101896;11731943
FR;2;2022-04-24;12;29;101;68;79;6117693;6799509;10609435;101964;11732022
FR;2;2022-04-25;103;204;820;1314;710;6117796;6799713;10610255;103278;11732732
FR;2;2022-04-26;108;183;1041;2016;878;6117904;6799896;10611296;105294;11733610
FR;2;2022-04-27;98;177;860;1783;763;6118002;6800073;10612156;107077;11734373
FR;2;2022-04-28;92;214;950;1926;843;6118094;6800287;10613106;109003;11735216
FR;2;2022-04-29;81;280;1129;1692;1039;6118175;6800567;10614235;110695;11736255
FR;2;2022-04-30;65;126;470;538;429;6118240;6800693;10614705;111233;11736684
FR;2;2022-05-01;23;24;84;48;85;6118263;6800717;10614789;111281;11736769
FR;2;2022-05-02;116;228;762;1212;660;6118379;6800945;10615551;112493;11737429
FR;2;2022-05-03;148;230;998;1767;937;6118527;6801175;10616549;114260;11738366
FR;2;2022-05-04;90;223;923;1809;866;6118617;6801398;10617472;116069;11739232
FR;2;2022-05-05;127;196;851;1697;768;6118744;6801594;10618323;117766;11740000
FR;2;2022-05-06;133;245;1099;1848;1013;6118877;6801839;10619422;119614;11741013
FR;2;2022-05-07;40;98;470;504;406;6118917;6801937;10619892;120118;11741419
FR;2;2022-05-08;46;54;106;71;101;6118963;6801991;10619998;120189;11741520
FR;2;2022-05-09;101;174;654;984;604;6119064;6802165;10620652;121173;11742124
FR;2;2022-05-10;120;247;938;1831;893;6119184;6802412;10621590;123004;11743017
FR;2;2022-05-11;100;172;811;1871;791;6119284;6802584;10622401;124875;11743808
FR;2;2022-05-12;111;173;843;2092;801;6119395;6802757;10623244;126967;11744609
FR;2;2022-05-13;100;232;967;2090;896;6119495;6802989;10624211;129057;11745505
FR;2;2022-05-14;76;117;451;554;409;6119571;6803106;10624662;129611;11745914
FR;2;2022-05-15;24;39;94;87;108;6119595;6803145;10624756;129698;11746022
FR;2;2022-05-16;103;170;599;922;536;6119698;6803315;10625355;130620;11746558
FR;2;2022-05-17;95;184;689;1685;657;6119793;6803499;10626044;132305;11747215
FR;2;2022-05-18;80;181;640;1431;646;6119873;6803680;10626684;133736;11747861
FR;2;2022-05-19;70;160;708;1831;750;6119943;6803840;10627392;135567;11748611
FR;2;2022-05-20;107;178;872;1700;777;6120050;6804018;10628264;137267;11749388
FR;2;2022-05-21;48;96;397;517;338;6120098;6804114;10628661;137784;11749726
FR;2;2022-05-22;8;23;69;37;57;6120106;6804137;10628730;137821;11749783
FR;2;2022-05-23;85;133;498;930;469;6120191;6804270;10629228;138751;11750252
FR;2;2022-05-24;87;161;627;1620;614;6120278;6804431;10629855;140371;11750866
FR;2;2022-05-25;72;145;538;1148;492;6120350;6804576;10630393;141519;11751358
FR;2;2022-05-26;10;31;77;42;85;6120360;6804607;10630470;141561;11751443
FR;2;2022-05-27;44;123;456;817;438;6120404;6804730;10630926;142378;11751881
FR;2;2022-05-28;28;60;221;244;221;6120432;6804790;10631147;142622;11752102
FR;2;2022-05-29;13;34;43;25;51;6120445;6804824;10631190;142647;11752153
FR;2;2022-05-30;65;108;421;721;407;6120510;6804932;10631611;143368;11752560
FR;2;2022-05-31;76;135;563;1277;510;6120586;6805067;10632174;144645;11753070
FR;2;2022-06-01;59;154;562;1074;541;6120645;6805221;10632736;145719;11753611
FR;2;2022-06-02;92;174;625;1413;591;6120737;6805395;10633361;147132;11754202
FR;2;2022-06-03;71;155;666;1604;593;6120808;6805550;10634027;148736;11754795
FR;2;2022-06-04;68;93;282;433;269;6120876;6805643;10634309;149169;11755064
FR;2;2022-06-05;12;17;62;57;47;6120888;6805660;10634371;149226;11755111
FR;2;2022-06-06;11;32;92;75;92;6120899;6805692;10634463;149301;11755203
FR;2;2022-06-07;99;218;664;1532;576;6120998;6805910;10635127;150833;11755779
FR;2;2022-06-08;70;118;475;1165;411;6121068;6806028;10635602;151998;11756190
FR;2;2022-06-09;93;166;611;1921;569;6121161;6806194;10636213;153919;11756759
FR;2;2022-06-10;91;167;650;1682;621;6121252;6806361;10636863;155601;11757380
FR;2;2022-06-11;43;84;286;528;258;6121295;6806445;10637149;156129;11757638
FR;2;2022-06-12;18;38;58;78;60;6121313;6806483;10637207;156207;11757698
FR;2;2022-06-13;39;119;390;948;375;6121352;6806602;10637597;157155;11758073
FR;2;2022-06-14;67;154;599;2087;536;6121419;6806756;10638196;159242;11758609
FR;2;2022-06-15;76;104;520;1500;444;6121495;6806860;10638716;160742;11759053
FR;2;2022-06-16;127;127;495;1411;422;6121622;6806987;10639211;162153;11759475
FR;2;2022-06-17;72;135;586;1816;513;6121694;6807122;10639797;163969;11759988
FR;2;2022-06-18;75;92;224;578;196;6121769;6807214;10640021;164547;11760184
FR;2;2022-06-19;11;14;53;71;41;6121780;6807228;10640074;164618;11760225
FR;2;2022-06-20;62;125;400;1027;391;6121842;6807353;10640474;165645;11760616
FR;2;2022-06-21;107;115;524;2123;453;6121949;6807468;10640998;167768;11761069
FR;2;2022-06-22;39;107;461;1889;414;6121988;6807575;10641459;169657;11761483
FR;2;2022-06-23;56;108;537;2281;452;6122044;6807683;10641996;171938;11761935
FR;2;2022-06-24;66;122;708;3198;570;6122110;6807805;10642704;175136;11762505
FR;2;2022-06-25;30;90;295;986;251;6122140;6807895;10642999;176122;11762756
FR;2;2022-06-26;30;27;131;194;97;6122170;6807922;10643130;176316;11762853
FR;2;2022-06-27;79;137;580;2472;481;6122249;6808059;10643710;178788;11763334
FR;2;2022-06-28;110;140;812;4814;650;6122359;6808199;10644522;183602;11763984
FR;2;2022-06-29;71;149;775;4406;636;6122430;6808348;10645297;188008;11764620
FR;2;2022-06-30;72;133;832;5176;618;6122502;6808481;10646129;193184;11765238
FR;2;2022-07-01;112;158;1148;6691;847;6122614;6808639;10647277;199875;11766085
FR;2;2022-07-02;67;131;473;1973;391;6122681;6808770;10647750;201848;11766476
FR;2;2022-07-03;23;30;144;334;128;6122704;6808800;10647894;202182;11766604
FR;2;2022-07-04;120;180;776;3773;612;6122824;6808980;10648670;205955;11767216
FR;2;2022-07-05;117;184;1120;6810;826;6122941;6809164;10649790;212765;11768042
FR;2;2022-07-06;92;148;947;5802;693;6123033;6809312;10650737;218567;11768735
FR;2;2022-07-07;81;184;1020;6496;748;6123114;6809496;10651757;225063;11769483
FR;2;2022-07-08;64;122;1092;7031;755;6123178;6809618;10652849;232094;11770238
FR;2;2022-07-09;34;61;417;1869;298;6123212;6809679;10653266;233963;11770536
FR;2;2022-07-10;6;17;96;315;82;6123218;6809696;10653362;234278;11770618
FR;2;2022-07-11;68;119;682;3815;540;6123286;6809815;10654044;238093;11771158
FR;2;2022-07-12;101;178;1051;6505;807;6123387;6809993;10655095;244598;11771965
FR;2;2022-07-13;63;125;879;4651;585;6123450;6810118;10655974;249249;11772550
FR;2;2022-07-14;6;13;87;248;58;6123456;6810131;10656061;249497;11772608
FR;2;2022-07-15;60;129;739;3789;560;6123516;6810260;10656800;253286;11773168
FR;2;2022-07-16;27;54;288;1029;241;6123543;6810314;10657088;254315;11773409
FR;2;2022-07-17;5;12;77;201;66;6123548;6810326;10657165;254516;11773475
FR;2;2022-07-18;56;103;514;2507;384;6123604;6810429;10657679;257023;11773859
FR;2;2022-07-19;66;132;768;4247;554;6123670;6810561;10658447;261270;11774413
FR;2;2022-07-20;59;118;580;3179;430;6123729;6810679;10659027;264449;11774843
FR;2;2022-07-21;60;109;671;3678;485;6123789;6810788;10659698;268127;11775328
FR;2;2022-07-22;51;98;696;3522;504;6123840;6810886;10660394;271649;11775832
FR;2;2022-07-23;39;95;290;1169;229;6123879;6810981;10660684;272818;11776061
FR;2;2022-07-24;14;23;68;201;67;6123893;6811004;10660752;273019;11776128
FR;2;2022-07-25;50;70;401;1924;296;6123943;6811074;10661153;274943;11776424
FR;2;2022-07-26;59;133;602;3422;474;6124002;6811207;10661755;278365;11776898
FR;2;2022-07-27;42;81;454;2777;358;6124044;6811288;10662209;281142;11777256
FR;2;2022-07-28;29;75;449;2474;356;6124073;6811363;10662658;283616;11777612
FR;2;2022-07-29;68;87;535;2855;347;6124141;6811450;10663193;286471;11777959
FR;2;2022-07-30;21;38;162;774;110;6124162;6811488;10663355;287245;11778069
FR;2;2022-07-31;6;13;27;104;21;6124168;6811501;10663382;287349;11778090
FR;2;2022-08-01;38;101;322;1260;258;6124206;6811602;10663704;288609;11778348
FR;2;2022-08-02;49;73;324;2060;246;6124255;6811675;10664028;290669;11778594
FR;2;2022-08-03;29;52;257;1610;187;6124284;6811727;10664285;292279;11778781
FR;2;2022-08-04;40;63;306;1686;240;6124324;6811790;10664591;293965;11779021
FR;2;2022-08-05;33;93;326;1879;234;6124357;6811883;10664917;295844;11779255
FR;2;2022-08-06;22;40;105;365;81;6124379;6811923;10665022;296209;11779336
FR;2;2022-08-07;7;8;14;69;16;6124386;6811931;10665036;296278;11779352
FR;2;2022-08-08;17;35;216;874;144;6124403;6811966;10665252;297152;11779496
FR;2;2022-08-09;27;51;278;1474;238;6124430;6812017;10665530;298626;11779734
FR;2;2022-08-10;15;21;212;1124;149;6124445;6812038;10665742;299750;11779883
FR;2;2022-08-11;21;41;174;1037;117;6124466;6812079;10665916;300787;11780000
FR;2;2022-08-12;36;47;183;1042;139;6124502;6812126;10666099;301829;11780139
FR;2;2022-08-13;8;18;45;149;50;6124510;6812144;10666144;301978;11780189
FR;2;2022-08-14;1;2;12;52;11;6124511;6812146;10666156;302030;11780200
FR;2;2022-08-15;0;3;32;22;20;6124511;6812149;10666188;302052;11780220
FR;2;2022-08-16;27;31;144;672;120;6124538;6812180;10666332;302724;11780340
FR;2;2022-08-17;16;26;108;738;87;6124554;6812206;10666440;303462;11780427
FR;2;2022-08-18;13;28;157;835;106;6124567;6812234;10666597;304297;11780533
FR;2;2022-08-19;8;38;114;701;84;6124575;6812272;10666711;304998;11780617
FR;2;2022-08-20;6;26;52;192;43;6124581;6812298;10666763;305190;11780660
FR;2;2022-08-21;4;14;15;19;13;6124585;6812312;10666778;305209;11780673
FR;2;2022-08-22;10;24;115;395;72;6124595;6812336;10666893;305604;11780745
FR;2;2022-08-23;11;40;134;667;112;6124606;6812376;10667027;306271;11780857
FR;2;2022-08-24;11;27;86;466;78;6124617;6812403;10667113;306737;11780935
FR;2;2022-08-25;7;31;109;481;69;6124624;6812434;10667222;307218;11781004
FR;2;2022-08-26;14;45;117;720;91;6124638;6812479;10667339;307938;11781095
FR;2;2022-08-27;10;18;47;156;42;6124648;6812497;10667386;308094;11781137
FR;2;2022-08-28;1;5;5;15;7;6124649;6812502;10667391;308109;11781144
FR;2;2022-08-29;24;41;90;400;84;6124673;6812543;10667481;308509;11781228
FR;2;2022-08-30;30;53;147;766;114;6124703;6812596;10667628;309275;11781342
FR;2;2022-08-31;18;34;85;391;79;6124721;6812630;10667713;309666;11781421
FR;2;2022-09-01;19;42;134;596;118;6124740;6812672;10667847;310262;11781539
FR;2;2022-09-02;31;53;142;742;152;6124771;6812725;10667989;311004;11781691
FR;2;2022-09-03;14;20;76;204;60;6124785;6812745;10668065;311208;11781751
FR;2;2022-09-04;8;5;9;31;10;6124793;6812750;10668074;311239;11781761
FR;2;2022-09-05;28;28;117;365;89;6124821;6812778;10668191;311604;11781850
FR;2;2022-09-06;40;60;154;761;148;6124861;6812838;10668345;312365;11781998
FR;2;2022-09-07;20;20;72;375;47;6124881;6812858;10668417;312740;11782045
FR;2;2022-09-08;31;56;104;635;96;6124912;6812914;10668521;313375;11782141
FR;2;2022-09-09;17;24;122;748;70;6124929;6812938;10668643;314123;11782211
FR;2;2022-09-10;13;22;44;115;39;6124942;6812960;10668687;314238;11782250
FR;2;2022-09-11;9;5;10;11;12;6124951;6812965;10668697;314249;11782262
FR;2;2022-09-12;15;30;63;338;51;6124966;6812995;10668760;314587;11782313
FR;2;2022-09-13;15;33;120;668;93;6124981;6813028;10668880;315255;11782406
FR;2;2022-09-14;17;21;79;476;56;6124998;6813049;10668959;315731;11782462
FR;2;2022-09-15;19;39;114;484;89;6125017;6813088;10669073;316215;11782551
FR;2;2022-09-16;17;25;115;560;82;6125034;6813113;10669188;316775;11782633
FR;2;2022-09-17;4;13;51;150;49;6125038;6813126;10669239;316925;11782682
FR;2;2022-09-18;3;6;11;35;7;6125041;6813132;10669250;316960;11782689
FR;2;2022-09-19;24;22;103;347;80;6125065;6813154;10669353;317307;11782769
FR;2;2022-09-20;25;26;112;614;79;6125090;6813180;10669465;317921;11782848
FR;2;2022-09-21;15;27;94;346;73;6125105;6813207;10669559;318267;11782921
FR;3;2020-12-27;0;0;0;0;0;0;0;0;0;0
FR;3;2020-12-28;0;0;0;0;0;0;0;0;0;0
FR;3;2020-12-29;0;0;0;0;0;0;0;0;0;0
FR;3;2020-12-30;0;0;0;0;0;0;0;0;0;0
FR;3;2020-12-31;0;0;0;0;0;0;0;0;0;0
FR;3;2021-01-01;0;0;0;0;0;0;0;0;0;0
FR;3;2021-01-02;0;0;0;0;0;0;0;0;0;0
FR;3;2021-01-03;0;0;0;0;0;0;0;0;0;0
FR;3;2021-01-04;0;0;0;0;0;0;0;0;0;0
FR;3;2021-01-05;0;0;0;0;0;0;0;0;0;0
FR;3;2021-01-06;0;0;0;0;0;0;0;0;0;0
FR;3;2021-01-07;0;0;0;0;0;0;0;0;0;0
FR;3;2021-01-08;0;0;0;0;0;0;0;0;0;0
FR;3;2021-01-09;0;0;0;0;0;0;0;0;0;0
FR;3;2021-01-10;0;0;0;0;0;0;0;0;0;0
FR;3;2021-01-11;0;0;0;0;0;0;0;0;0;0
FR;3;2021-01-12;0;0;0;0;0;0;0;0;0;0
FR;3;2021-01-13;0;0;0;0;0;0;0;0;0;0
FR;3;2021-01-14;0;0;0;0;0;0;0;0;0;0
FR;3;2021-01-15;0;0;0;0;0;0;0;0;0;0
FR;3;2021-01-16;0;0;0;0;0;0;0;0;0;0
FR;3;2021-01-17;0;0;0;0;0;0;0;0;0;0
FR;3;2021-01-18;0;0;0;0;0;0;0;0;0;0
FR;3;2021-01-19;0;0;0;0;0;0;0;0;0;0
FR;3;2021-01-20;0;0;0;0;0;0;0;0;0;0
FR;3;2021-01-21;0;0;0;0;0;0;0;0;0;0
FR;3;2021-01-22;0;0;0;0;0;0;0;0;0;0
FR;3;2021-01-23;0;0;0;0;0;0;0;0;0;0
FR;3;2021-01-24;0;0;0;0;0;0;0;0;0;0
FR;3;2021-01-25;0;0;0;0;0;0;0;0;0;0
FR;3;2021-01-26;0;0;0;0;0;0;0;0;0;0
FR;3;2021-01-27;0;0;0;0;0;0;0;0;0;0
FR;3;2021-01-28;0;0;0;0;0;0;0;0;0;0
FR;3;2021-01-29;0;0;0;0;0;0;0;0;0;0
FR;3;2021-01-30;0;0;0;0;0;0;0;0;0;0
FR;3;2021-01-31;0;0;0;0;0;0;0;0;0;0
FR;3;2021-02-01;0;0;0;0;0;0;0;0;0;0
FR;3;2021-02-02;0;0;0;0;0;0;0;0;0;0
FR;3;2021-02-03;0;0;0;0;0;0;0;0;0;0
FR;3;2021-02-04;0;0;0;0;0;0;0;0;0;0
FR;3;2021-02-05;0;0;0;0;0;0;0;0;0;0
FR;3;2021-02-06;1562;0;0;0;0;1562;0;0;0;0
FR;3;2021-02-07;1423;1;0;0;0;2985;1;0;0;0
FR;3;2021-02-08;2786;1;0;0;0;5771;2;0;0;0
FR;3;2021-02-09;6783;0;0;0;0;12554;2;0;0;0
FR;3;2021-02-10;9609;0;0;0;0;22163;2;0;0;0
FR;3;2021-02-11;13618;1;0;0;0;35781;3;0;0;0
FR;3;2021-02-12;13406;0;0;0;0;49187;3;0;0;0
FR;3;2021-02-13;3798;1;0;0;0;52985;4;0;0;0
FR;3;2021-02-14;974;0;0;0;0;53959;4;0;0;0
FR;3;2021-02-15;10491;1;0;0;0;64450;5;0;0;0
FR;3;2021-02-16;12550;4;0;0;0;77000;9;0;0;0
FR;3;2021-02-17;11157;1;0;0;0;88157;10;0;0;0
FR;3;2021-02-18;14942;2;0;0;0;103099;12;0;0;0
FR;3;2021-02-19;14362;1;0;0;0;117461;13;0;0;0
FR;3;2021-02-20;3330;0;0;0;0;120791;13;0;0;0
FR;3;2021-02-21;619;0;0;0;0;121410;13;0;0;0
FR;3;2021-02-22;9166;0;0;0;0;130576;13;0;0;0
FR;3;2021-02-23;11398;3;0;0;0;141974;16;0;0;0
FR;3;2021-02-24;14305;1;0;0;0;156279;17;0;0;0
FR;3;2021-02-25;44931;3;0;0;0;201210;20;0;0;0
FR;3;2021-02-26;61888;8;0;0;0;263098;28;0;0;0
FR;3;2021-02-27;34806;11;0;0;0;297904;39;0;0;0
FR;3;2021-02-28;2463;0;0;0;0;300367;39;0;0;0
FR;3;2021-03-01;20518;15;0;0;0;320885;54;0;0;0
FR;3;2021-03-02;38869;21;0;0;0;359754;75;0;0;0
FR;3;2021-03-03;48746;17;0;0;0;408500;92;0;0;0
FR;3;2021-03-04;82223;22;0;0;0;490723;114;0;0;0
FR;3;2021-03-05;118129;43;0;0;0;608852;157;0;0;0
FR;3;2021-03-06;120717;63;1;0;0;729569;220;1;0;0
FR;3;2021-03-07;55180;25;0;0;0;784749;245;1;0;0
FR;3;2021-03-08;42813;25;0;0;0;827562;270;1;0;0
FR;3;2021-03-09;78973;51;0;0;0;906535;321;1;0;0
FR;3;2021-03-10;80979;59;0;0;0;987514;380;1;0;0
FR;3;2021-03-11;128439;60;0;0;0;1115953;440;1;0;0
FR;3;2021-03-12;182722;107;0;0;0;1298675;547;1;0;0
FR;3;2021-03-13;132157;77;0;0;0;1430832;624;1;0;0
FR;3;2021-03-14;14057;5;0;0;0;1444889;629;1;0;0
FR;3;2021-03-15;52235;66;0;0;0;1497124;695;1;0;0
FR;3;2021-03-16;1215;46;0;0;0;1498339;741;1;0;0
FR;3;2021-03-17;946;47;0;0;0;1499285;788;1;0;0
FR;3;2021-03-18;1571;29;0;0;0;1500856;817;1;0;0
FR;3;2021-03-19;70455;53;0;0;0;1571311;870;1;0;0
FR;3;2021-03-20;65235;44;0;0;0;1636546;914;1;0;0
FR;3;2021-03-21;5759;8;0;0;0;1642305;922;1;0;0
FR;3;2021-03-22;37506;44;0;0;0;1679811;966;1;0;0
FR;3;2021-03-23;84661;76;0;0;0;1764472;1042;1;0;0
FR;3;2021-03-24;90948;98;0;0;0;1855420;1140;1;0;0
FR;3;2021-03-25;150063;137;0;0;0;2005483;1277;1;0;0
FR;3;2021-03-26;165428;156;0;0;0;2170911;1433;1;0;0
FR;3;2021-03-27;68460;102;0;0;0;2239371;1535;1;0;0
FR;3;2021-03-28;6475;21;0;0;0;2245846;1556;1;0;0
FR;3;2021-03-29;54168;75;0;0;0;2300014;1631;1;0;0
FR;3;2021-03-30;93177;101;0;0;0;2393191;1732;1;0;0
FR;3;2021-03-31;63540;106;0;0;0;2456731;1838;1;0;0
FR;3;2021-04-01;86132;113;0;0;0;2542863;1951;1;0;0
FR;3;2021-04-02;86910;177;0;0;0;2629773;2128;1;0;0
FR;3;2021-04-03;35875;129;0;0;0;2665648;2257;1;0;0
FR;3;2021-04-04;3573;19;0;0;0;2669221;2276;1;0;0
FR;3;2021-04-05;4491;37;0;0;0;2673712;2313;1;0;0
FR;3;2021-04-06;29754;96;0;0;0;2703466;2409;1;0;0
FR;3;2021-04-07;32343;97;0;0;0;2735809;2506;1;0;0
FR;3;2021-04-08;78821;253;0;0;0;2814630;2759;1;0;0
FR;3;2021-04-09;161755;431;0;0;0;2976385;3190;1;0;0
FR;3;2021-04-10;75762;356;0;0;0;3052147;3546;1;0;0
FR;3;2021-04-11;7311;46;0;0;0;3059458;3592;1;0;0
FR;3;2021-04-12;51480;215;0;0;0;3110938;3807;1;0;0
FR;3;2021-04-13;86232;344;0;0;0;3197170;4151;1;0;0
FR;3;2021-04-14;67845;359;0;0;0;3265015;4510;1;0;0
FR;3;2021-04-15;93233;388;0;0;0;3358248;4898;1;0;0
FR;3;2021-04-16;112521;599;0;0;0;3470769;5497;1;0;0
FR;3;2021-04-17;53318;339;1;0;0;3524087;5836;2;0;0
FR;3;2021-04-18;9747;44;0;0;0;3533834;5880;2;0;0
FR;3;2021-04-19;25112;264;0;0;0;3558946;6144;2;0;0
FR;3;2021-04-20;45673;418;0;0;0;3604619;6562;2;0;0
FR;3;2021-04-21;38980;499;0;0;0;3643599;7061;2;0;0
FR;3;2021-04-22;54712;824;0;0;0;3698311;7885;2;0;0
FR;3;2021-04-23;70489;1050;0;0;0;3768800;8935;2;0;0
FR;3;2021-04-24;37247;1062;0;0;0;3806047;9997;2;0;0
FR;3;2021-04-25;6211;151;0;0;0;3812258;10148;2;0;0
FR;3;2021-04-26;19788;681;0;0;0;3832046;10829;2;0;0
FR;3;2021-04-27;34482;1293;0;0;0;3866528;12122;2;0;0
FR;3;2021-04-28;28967;1990;0;0;0;3895495;14112;2;0;0
FR;3;2021-04-29;45383;6046;0;0;0;3940878;20158;2;0;0
FR;3;2021-04-30;55463;9018;1;0;0;3996341;29176;3;0;0
FR;3;2021-05-01;9515;2028;0;0;0;4005856;31204;3;0;0
FR;3;2021-05-02;3075;478;0;0;0;4008931;31682;3;0;0
FR;3;2021-05-03;13062;3898;0;0;0;4021993;35580;3;0;0
FR;3;2021-05-04;23113;8452;0;0;0;4045106;44032;3;0;0
FR;3;2021-05-05;18759;10728;0;0;0;4063865;54760;3;0;0
FR;3;2021-05-06;34628;21086;0;0;0;4098493;75846;3;0;0
FR;3;2021-05-07;44201;28685;0;0;0;4142694;104531;3;0;0
FR;3;2021-05-08;6785;9182;0;0;0;4149479;113713;3;0;0
FR;3;2021-05-09;1795;2648;0;0;0;4151274;116361;3;0;0
FR;3;2021-05-10;14996;12803;0;0;0;4166270;129164;3;0;0
FR;3;2021-05-11;27096;26067;0;0;0;4193366;155231;3;0;0
FR;3;2021-05-12;17268;27868;0;0;0;4210634;183099;3;0;0
FR;3;2021-05-13;2283;3493;0;0;0;4212917;186592;3;0;0
FR;3;2021-05-14;14519;25975;0;0;0;4227436;212567;3;0;0
FR;3;2021-05-15;7234;20956;0;0;0;4234670;233523;3;0;0
FR;3;2021-05-16;977;2648;0;0;0;4235647;236171;3;0;0
FR;3;2021-05-17;7964;20063;0;0;0;4243611;256234;3;0;0
FR;3;2021-05-18;13413;29970;0;0;0;4257024;286204;3;0;0
FR;3;2021-05-19;9272;30989;0;0;0;4266296;317193;3;0;0
FR;3;2021-05-20;12806;53608;3;0;0;4279102;370801;6;0;0
FR;3;2021-05-21;12765;65947;2;0;0;4291867;436748;8;0;0
FR;3;2021-05-22;4963;33602;1;0;0;4296830;470350;9;0;0
FR;3;2021-05-23;651;2651;0;0;0;4297481;473001;9;0;0
FR;3;2021-05-24;883;4841;0;0;0;4298364;477842;9;0;0
FR;3;2021-05-25;5310;46177;1;0;0;4303674;524019;10;0;0
FR;3;2021-05-26;4976;51780;1;0;0;4308650;575799;11;0;0
FR;3;2021-05-27;6332;78647;3;0;0;4314982;654446;14;0;0
FR;3;2021-05-28;7542;99826;2;0;0;4322524;754272;16;0;0
FR;3;2021-05-29;3349;60808;1;0;0;4325873;815080;17;0;0
FR;3;2021-05-30;548;8159;0;0;0;4326421;823239;17;0;0
FR;3;2021-05-31;2441;35643;3;0;0;4328862;858882;20;0;0
FR;3;2021-06-01;3409;64838;10;0;0;4332271;923720;30;0;0
FR;3;2021-06-02;2732;58652;6;0;0;4335003;982372;36;0;0
FR;3;2021-06-03;3495;87288;10;0;0;4338498;1069660;46;0;0
FR;3;2021-06-04;4115;105589;22;0;0;4342613;1175249;68;0;0
FR;3;2021-06-05;1983;52465;4;0;0;4344596;1227714;72;0;0
FR;3;2021-06-06;508;5317;1;0;0;4345104;1233031;73;0;0
FR;3;2021-06-07;1480;30824;11;0;0;4346584;1263855;84;0;0
FR;3;2021-06-08;2059;47347;18;0;0;4348643;1311202;102;0;0
FR;3;2021-06-09;1794;41978;13;0;0;4350437;1353180;115;0;0
FR;3;2021-06-10;2253;67769;17;0;0;4352690;1420949;132;0;0
FR;3;2021-06-11;2481;96658;34;0;0;4355171;1517607;166;0;0
FR;3;2021-06-12;1176;40671;6;0;0;4356347;1558278;172;0;0
FR;3;2021-06-13;282;3667;3;0;0;4356629;1561945;175;0;0
FR;3;2021-06-14;1045;42425;17;0;0;4357674;1604370;192;0;0
FR;3;2021-06-15;1371;80476;20;0;0;4359045;1684846;212;0;0
FR;3;2021-06-16;1261;65545;20;0;0;4360306;1750391;232;0;0
FR;3;2021-06-17;1666;102108;41;0;0;4361972;1852499;273;0;0
FR;3;2021-06-18;1870;118245;62;0;0;4363842;1970744;335;0;0
FR;3;2021-06-19;802;39449;22;0;0;4364644;2010193;357;0;0
FR;3;2021-06-20;160;3241;0;0;0;4364804;2013434;357;0;0
FR;3;2021-06-21;772;39103;16;0;0;4365576;2052537;373;0;0
FR;3;2021-06-22;1065;70018;52;0;0;4366641;2122555;425;0;0
FR;3;2021-06-23;942;50841;39;0;0;4367583;2173396;464;0;0
FR;3;2021-06-24;1310;77203;48;0;0;4368893;2250599;512;0;0
FR;3;2021-06-25;1406;90484;73;0;0;4370299;2341083;585;0;0
FR;3;2021-06-26;631;33112;29;0;0;4370930;2374195;614;0;0
FR;3;2021-06-27;166;3864;1;0;0;4371096;2378059;615;0;0
FR;3;2021-06-28;653;30166;27;0;0;4371749;2408225;642;0;0
FR;3;2021-06-29;857;56417;95;0;0;4372606;2464642;737;0;0
FR;3;2021-06-30;905;45139;93;0;0;4373511;2509781;830;0;0
FR;3;2021-07-01;1163;65947;108;0;0;4374674;2575728;938;0;0
FR;3;2021-07-02;1305;90467;170;0;0;4375979;2666195;1108;0;0
FR;3;2021-07-03;602;31179;51;0;0;4376581;2697374;1159;0;0
FR;3;2021-07-04;144;4072;3;0;0;4376725;2701446;1162;0;0
FR;3;2021-07-05;610;33710;60;0;0;4377335;2735156;1222;0;0
FR;3;2021-07-06;963;55990;88;0;0;4378298;2791146;1310;0;0
FR;3;2021-07-07;871;42974;80;0;0;4379169;2834120;1390;0;0
FR;3;2021-07-08;1125;60757;99;0;0;4380294;2894877;1489;0;0
FR;3;2021-07-09;1260;68866;128;0;0;4381554;2963743;1617;0;0
FR;3;2021-07-10;643;25043;59;0;0;4382197;2988786;1676;0;0
FR;3;2021-07-11;131;3219;4;0;0;4382328;2992005;1680;0;0
FR;3;2021-07-12;662;23741;59;0;0;4382990;3015746;1739;0;0
FR;3;2021-07-13;1647;34570;90;0;0;4384637;3050316;1829;0;0
FR;3;2021-07-14;267;2522;2;0;0;4384904;3052838;1831;0;0
FR;3;2021-07-15;1940;30511;85;0;0;4386844;3083349;1916;0;0
FR;3;2021-07-16;2520;38727;122;0;0;4389364;3122076;2038;0;0
FR;3;2021-07-17;1049;13730;26;0;0;4390413;3135806;2064;0;0
FR;3;2021-07-18;265;2560;3;0;0;4390678;3138366;2067;0;0
FR;3;2021-07-19;1277;17018;37;0;0;4391955;3155384;2104;0;0
FR;3;2021-07-20;1823;27001;98;0;0;4393778;3182385;2202;0;0
FR;3;2021-07-21;1651;19585;44;0;0;4395429;3201970;2246;0;0
FR;3;2021-07-22;1854;27672;83;0;0;4397283;3229642;2329;0;0
FR;3;2021-07-23;2216;30318;117;0;0;4399499;3259960;2446;0;0
FR;3;2021-07-24;826;6959;25;0;0;4400325;3266919;2471;0;0
FR;3;2021-07-25;210;1304;1;0;0;4400535;3268223;2472;0;0
FR;3;2021-07-26;929;10578;28;0;0;4401464;3278801;2500;0;0
FR;3;2021-07-27;1169;16867;56;0;0;4402633;3295668;2556;0;0
FR;3;2021-07-28;989;12034;40;0;0;4403622;3307702;2596;0;0
FR;3;2021-07-29;1127;15734;63;0;0;4404749;3323436;2659;0;0
FR;3;2021-07-30;1128;18018;79;0;0;4405877;3341454;2738;0;0
FR;3;2021-07-31;406;3734;15;0;0;4406283;3345188;2753;0;0
FR;3;2021-08-01;114;458;1;0;0;4406397;3345646;2754;0;0
FR;3;2021-08-02;421;5065;22;0;0;4406818;3350711;2776;0;0
FR;3;2021-08-03;495;7511;27;0;0;4407313;3358222;2803;0;0
FR;3;2021-08-04;438;4850;26;0;0;4407751;3363072;2829;0;0
FR;3;2021-08-05;430;3678;13;0;0;4408181;3366750;2842;0;0
FR;3;2021-08-06;456;4734;30;0;0;4408637;3371484;2872;0;0
FR;3;2021-08-07;214;1902;11;0;0;4408851;3373386;2883;0;0
FR;3;2021-08-08;250;426;2;0;0;4409101;3373812;2885;0;0
FR;3;2021-08-09;318;2420;11;0;0;4409419;3376232;2896;0;0
FR;3;2021-08-10;368;3799;15;0;0;4409787;3380031;2911;0;0
FR;3;2021-08-11;291;2683;15;0;0;4410078;3382714;2926;0;0
FR;3;2021-08-12;277;2603;12;0;0;4410355;3385317;2938;0;0
FR;3;2021-08-13;277;2264;16;0;0;4410632;3387581;2954;0;0
FR;3;2021-08-14;172;898;1;0;0;4410804;3388479;2955;0;0
FR;3;2021-08-15;56;173;0;0;0;4410860;3388652;2955;0;0
FR;3;2021-08-16;124;1036;8;0;0;4410984;3389688;2963;0;0
FR;3;2021-08-17;188;1453;8;0;0;4411172;3391141;2971;0;0
FR;3;2021-08-18;204;1322;10;0;0;4411376;3392463;2981;0;0
FR;3;2021-08-19;165;1390;10;0;0;4411541;3393853;2991;0;0
FR;3;2021-08-20;167;1607;16;0;0;4411708;3395460;3007;0;0
FR;3;2021-08-21;93;586;2;0;0;4411801;3396046;3009;0;0
FR;3;2021-08-22;42;186;1;0;0;4411843;3396232;3010;0;0
FR;3;2021-08-23;141;905;7;0;0;4411984;3397137;3017;0;0
FR;3;2021-08-24;124;940;10;0;0;4412108;3398077;3027;0;0
FR;3;2021-08-25;137;829;3;0;0;4412245;3398906;3030;0;0
FR;3;2021-08-26;172;844;9;0;0;4412417;3399750;3039;0;0
FR;3;2021-08-27;178;942;9;0;0;4412595;3400692;3048;0;0
FR;3;2021-08-28;100;370;4;0;0;4412695;3401062;3052;0;0
FR;3;2021-08-29;128;131;1;0;0;4412823;3401193;3053;0;0
FR;3;2021-08-30;100;577;0;0;119;4412923;3401770;3053;0;119
FR;3;2021-08-31;133;694;7;0;142;4413056;3402464;3060;0;261
FR;3;2021-09-01;121;462;5;0;113;4413177;3402926;3065;0;374
FR;3;2021-09-02;100;615;22;0;111;4413277;3403541;3087;0;485
FR;3;2021-09-03;116;571;17;0;120;4413393;3404112;3104;0;605
FR;3;2021-09-04;54;299;3;0;54;4413447;3404411;3107;0;659
FR;3;2021-09-05;51;65;5;0;26;4413498;3404476;3112;0;685
FR;3;2021-09-06;118;378;4;0;138;4413616;3404854;3116;0;823
FR;3;2021-09-07;124;448;14;0;121;4413740;3405302;3130;0;944
FR;3;2021-09-08;121;350;2;0;93;4413861;3405652;3132;0;1037
FR;3;2021-09-09;94;383;8;0;105;4413955;3406035;3140;0;1142
FR;3;2021-09-10;101;409;3;0;96;4414056;3406444;3143;0;1238
FR;3;2021-09-11;76;234;4;0;66;4414132;3406678;3147;0;1304
FR;3;2021-09-12;37;47;1;0;17;4414169;3406725;3148;0;1321
FR;3;2021-09-13;73;307;7;0;102;4414242;3407032;3155;0;1423
FR;3;2021-09-14;72;280;6;0;98;4414314;3407312;3161;0;1521
FR;3;2021-09-15;61;256;3;0;6;4414375;3407568;3164;0;1527
FR;3;2021-09-16;64;323;6;0;6;4414439;3407891;3170;0;1533
FR;3;2021-09-17;52;331;3;0;7;4414491;3408222;3173;0;1540
FR;3;2021-09-18;36;177;1;0;1;4414527;3408399;3174;0;1541
FR;3;2021-09-19;28;31;2;0;1;4414555;3408430;3176;0;1542
FR;3;2021-09-20;81;197;0;0;1;4414636;3408627;3176;0;1543
FR;3;2021-09-21;60;281;6;0;7;4414696;3408908;3182;0;1550
FR;3;2021-09-22;64;233;6;0;7;4414760;3409141;3188;0;1557
FR;3;2021-09-23;37;265;11;0;7;4414797;3409406;3199;0;1564
FR;3;2021-09-24;28;321;12;0;18;4414825;3409727;3211;0;1582
FR;3;2021-09-25;31;143;3;0;3;4414856;3409870;3214;0;1585
FR;3;2021-09-26;16;59;1;0;1;4414872;3409929;3215;0;1586
FR;3;2021-09-27;46;292;3;0;5;4414918;3410221;3218;0;1591
FR;3;2021-09-28;49;249;6;0;8;4414967;3410470;3224;0;1599
FR;3;2021-09-29;37;224;10;0;14;4415004;3410694;3234;0;1613
FR;3;2021-09-30;39;202;8;0;10;4415043;3410896;3242;0;1623
FR;3;2021-10-01;23;162;6;0;7;4415066;3411058;3248;0;1630
FR;3;2021-10-02;17;85;0;0;0;4415083;3411143;3248;0;1630
FR;3;2021-10-03;19;18;1;0;2;4415102;3411161;3249;0;1632
FR;3;2021-10-04;33;159;4;0;4;4415135;3411320;3253;0;1636
FR;3;2021-10-05;17;149;10;0;13;4415152;3411469;3263;0;1649
FR;3;2021-10-06;32;146;8;0;9;4415184;3411615;3271;0;1658
FR;3;2021-10-07;19;133;6;0;6;4415203;3411748;3277;0;1664
FR;3;2021-10-08;24;141;10;0;9;4415227;3411889;3287;0;1673
FR;3;2021-10-09;16;72;1;0;1;4415243;3411961;3288;0;1674
FR;3;2021-10-10;13;18;2;0;3;4415256;3411979;3290;0;1677
FR;3;2021-10-11;16;119;4;0;5;4415272;3412098;3294;0;1682
FR;3;2021-10-12;20;104;5;0;5;4415292;3412202;3299;0;1687
FR;3;2021-10-13;25;116;9;0;7;4415317;3412318;3308;0;1694
FR;3;2021-10-14;18;153;3;0;4;4415335;3412471;3311;0;1698
FR;3;2021-10-15;23;148;8;0;12;4415358;3412619;3319;0;1710
FR;3;2021-10-16;11;76;6;0;8;4415369;3412695;3325;0;1718
FR;3;2021-10-17;12;25;0;0;0;4415381;3412720;3325;0;1718
FR;3;2021-10-18;18;116;2;0;2;4415399;3412836;3327;0;1720
FR;3;2021-10-19;16;114;19;0;21;4415415;3412950;3346;0;1741
FR;3;2021-10-20;25;127;6;0;7;4415440;3413077;3352;0;1748
FR;3;2021-10-21;28;130;17;0;13;4415468;3413207;3369;0;1761
FR;3;2021-10-22;24;110;16;0;19;4415492;3413317;3385;0;1780
FR;3;2021-10-23;17;57;2;0;1;4415509;3413374;3387;0;1781
FR;3;2021-10-24;7;36;0;0;0;4415516;3413410;3387;0;1781
FR;3;2021-10-25;24;149;7;0;7;4415540;3413559;3394;0;1788
FR;3;2021-10-26;25;100;22;0;19;4415565;3413659;3416;0;1807
FR;3;2021-10-27;18;100;9;0;9;4415583;3413759;3425;0;1816
FR;3;2021-10-28;22;119;33;0;36;4415605;3413878;3458;0;1852
FR;3;2021-10-29;12;106;64;0;54;4415617;3413984;3522;0;1906
FR;3;2021-10-30;11;63;11;1;10;4415628;3414047;3533;1;1916
FR;3;2021-10-31;8;25;1;0;1;4415636;3414072;3534;1;1917
FR;3;2021-11-01;10;22;2;0;1;4415646;3414094;3536;1;1918
FR;3;2021-11-02;10;102;10;0;12;4415656;3414196;3546;1;1930
FR;3;2021-11-03;19;112;10;0;10;4415675;3414308;3556;1;1940
FR;3;2021-11-04;20;91;5;0;4;4415695;3414399;3561;1;1944
FR;3;2021-11-05;19;127;8;1;5;4415714;3414526;3569;2;1949
FR;3;2021-11-06;10;61;3;0;3;4415724;3414587;3572;2;1952
FR;3;2021-11-07;6;21;1;0;1;4415730;3414608;3573;2;1953
FR;3;2021-11-08;11;132;7;0;5;4415741;3414740;3580;2;1958
FR;3;2021-11-09;13;134;5;0;5;4415754;3414874;3585;2;1963
FR;3;2021-11-10;14;163;14;0;15;4415768;3415037;3599;2;1978
FR;3;2021-11-11;11;49;3;0;3;4415779;3415086;3602;2;1981
FR;3;2021-11-12;14;137;6;0;4;4415793;3415223;3608;2;1985
FR;3;2021-11-13;7;67;9;0;10;4415800;3415290;3617;2;1995
FR;3;2021-11-14;3;24;1;0;1;4415803;3415314;3618;2;1996
FR;3;2021-11-15;5;173;10;0;11;4415808;3415487;3628;2;2007
FR;3;2021-11-16;6;144;11;0;10;4415814;3415631;3639;2;2017
FR;3;2021-11-17;7;152;11;0;8;4415821;3415783;3650;2;2025
FR;3;2021-11-18;15;150;10;0;11;4415836;3415933;3660;2;2036
FR;3;2021-11-19;10;200;22;0;27;4415846;3416133;3682;2;2063
FR;3;2021-11-20;6;107;6;0;6;4415852;3416240;3688;2;2069
FR;3;2021-11-21;3;26;4;0;4;4415855;3416266;3692;2;2073
FR;3;2021-11-22;11;204;11;0;11;4415866;3416470;3703;2;2084
FR;3;2021-11-23;9;201;15;0;14;4415875;3416671;3718;2;2098
FR;3;2021-11-24;9;204;9;0;17;4415884;3416875;3727;2;2115
FR;3;2021-11-25;12;234;11;0;11;4415896;3417109;3738;2;2126
FR;3;2021-11-26;8;305;35;0;33;4415904;3417414;3773;2;2159
FR;3;2021-11-27;8;142;20;0;21;4415912;3417556;3793;2;2180
FR;3;2021-11-28;3;62;7;0;7;4415915;3417618;3800;2;2187
FR;3;2021-11-29;5;258;21;0;22;4415920;3417876;3821;2;2209
FR;3;2021-11-30;7;346;28;0;31;4415927;3418222;3849;2;2240
FR;3;2021-12-01;30;380;36;0;38;4415957;3418602;3885;2;2278
FR;3;2021-12-02;9;397;33;0;36;4415966;3418999;3918;2;2314
FR;3;2021-12-03;4;448;37;0;38;4415970;3419447;3955;2;2352
FR;3;2021-12-04;3;240;26;0;28;4415973;3419687;3981;2;2380
FR;3;2021-12-05;1;66;5;0;5;4415974;3419753;3986;2;2385
FR;3;2021-12-06;6;415;14;0;15;4415980;3420168;4000;2;2400
FR;3;2021-12-07;4;492;20;0;24;4415984;3420660;4020;2;2424
FR;3;2021-12-08;7;445;29;0;30;4415991;3421105;4049;2;2454
FR;3;2021-12-09;3;501;17;0;22;4415994;3421606;4066;2;2476
FR;3;2021-12-10;10;517;29;0;25;4416004;3422123;4095;2;2501
FR;3;2021-12-11;4;334;10;0;9;4416008;3422457;4105;2;2510
FR;3;2021-12-12;1;108;3;0;3;4416009;3422565;4108;2;2513
FR;3;2021-12-13;2;497;19;0;21;4416011;3423062;4127;2;2534
FR;3;2021-12-14;8;639;18;0;21;4416019;3423701;4145;2;2555
FR;3;2021-12-15;9;609;17;0;21;4416028;3424310;4162;2;2576
FR;3;2021-12-16;10;622;19;0;18;4416038;3424932;4181;2;2594
FR;3;2021-12-17;5;705;18;0;19;4416043;3425637;4199;2;2613
FR;3;2021-12-18;4;376;4;0;5;4416047;3426013;4203;2;2618
FR;3;2021-12-19;3;194;2;0;2;4416050;3426207;4205;2;2620
FR;3;2021-12-20;8;633;23;0;28;4416058;3426840;4228;2;2648
FR;3;2021-12-21;3;728;10;0;13;4416061;3427568;4238;2;2661
FR;3;2021-12-22;10;680;9;0;10;4416071;3428248;4247;2;2671
FR;3;2021-12-23;2;589;8;0;8;4416073;3428837;4255;2;2679
FR;3;2021-12-24;2;247;3;0;6;4416075;3429084;4258;2;2685
FR;3;2021-12-25;0;25;0;0;0;4416075;3429109;4258;2;2685
FR;3;2021-12-26;0;92;1;0;1;4416075;3429201;4259;2;2686
FR;3;2021-12-27;7;496;17;0;20;4416082;3429697;4276;2;2706
FR;3;2021-12-28;3;642;6;0;5;4416085;3430339;4282;2;2711
FR;3;2021-12-29;4;534;14;0;16;4416089;3430873;4296;2;2727
FR;3;2021-12-30;3;552;7;0;10;4416092;3431425;4303;2;2737
FR;3;2021-12-31;0;194;5;0;7;4416092;3431619;4308;2;2744
FR;3;2022-01-01;0;26;0;0;2;4416092;3431645;4308;2;2746
FR;3;2022-01-02;0;80;0;0;0;4416092;3431725;4308;2;2746
FR;3;2022-01-03;4;532;17;0;21;4416096;3432257;4325;2;2767
FR;3;2022-01-04;6;580;9;0;8;4416102;3432837;4334;2;2775
FR;3;2022-01-05;5;524;10;0;14;4416107;3433361;4344;2;2789
FR;3;2022-01-06;6;503;9;0;10;4416113;3433864;4353;2;2799
FR;3;2022-01-07;2;530;11;0;13;4416115;3434394;4364;2;2812
FR;3;2022-01-08;4;263;4;0;5;4416119;3434657;4368;2;2817
FR;3;2022-01-09;0;117;0;0;0;4416119;3434774;4368;2;2817
FR;3;2022-01-10;2;455;12;0;12;4416121;3435229;4380;2;2829
FR;3;2022-01-11;3;494;1;0;1;4416124;3435723;4381;2;2830
FR;3;2022-01-12;2;418;9;0;10;4416126;3436141;4390;2;2840
FR;3;2022-01-13;3;406;11;0;12;4416129;3436547;4401;2;2852
FR;3;2022-01-14;3;450;10;0;13;4416132;3436997;4411;2;2865
FR;3;2022-01-15;0;289;2;0;3;4416132;3437286;4413;2;2868
FR;3;2022-01-16;1;110;1;0;1;4416133;3437396;4414;2;2869
FR;3;2022-01-17;2;335;8;0;9;4416135;3437731;4422;2;2878
FR;3;2022-01-18;2;384;1;0;2;4416137;3438115;4423;2;2880
FR;3;2022-01-19;2;337;5;0;10;4416139;3438452;4428;2;2890
FR;3;2022-01-20;1;365;5;0;3;4416140;3438817;4433;2;2893
FR;3;2022-01-21;4;354;5;0;7;4416144;3439171;4438;2;2900
FR;3;2022-01-22;2;230;1;0;2;4416146;3439401;4439;2;2902
FR;3;2022-01-23;0;81;0;0;1;4416146;3439482;4439;2;2903
FR;3;2022-01-24;2;333;1;0;6;4416148;3439815;4440;2;2909
FR;3;2022-01-25;0;182;0;0;0;4416148;3439997;4440;2;2909
FR;3;2022-01-26;0;80;0;0;0;4416148;3440077;4440;2;2909
FR;3;2022-01-27;0;54;0;0;0;4416148;3440131;4440;2;2909
FR;3;2022-01-28;0;123;0;0;0;4416148;3440254;4440;2;2909
FR;3;2022-01-29;0;101;0;0;0;4416148;3440355;4440;2;2909
FR;3;2022-01-30;0;51;0;0;0;4416148;3440406;4440;2;2909
FR;3;2022-01-31;0;95;0;0;0;4416148;3440501;4440;2;2909
FR;3;2022-02-01;0;101;0;0;1;4416148;3440602;4440;2;2910
FR;3;2022-02-02;0;87;0;0;0;4416148;3440689;4440;2;2910
FR;3;2022-02-03;0;96;0;0;0;4416148;3440785;4440;2;2910
FR;3;2022-02-04;0;120;0;0;0;4416148;3440905;4440;2;2910
FR;3;2022-02-05;0;71;0;0;0;4416148;3440976;4440;2;2910
FR;3;2022-02-06;0;11;0;0;0;4416148;3440987;4440;2;2910
FR;3;2022-02-07;0;85;0;0;0;4416148;3441072;4440;2;2910
FR;3;2022-02-08;0;0;0;0;0;4416148;3441072;4440;2;2910
FR;3;2022-02-09;0;0;0;0;0;4416148;3441072;4440;2;2910
FR;3;2022-02-10;0;0;0;0;0;4416148;3441072;4440;2;2910
FR;3;2022-02-11;0;0;0;0;0;4416148;3441072;4440;2;2910
FR;3;2022-02-12;0;0;0;0;0;4416148;3441072;4440;2;2910
FR;3;2022-02-13;0;0;0;0;0;4416148;3441072;4440;2;2910
FR;3;2022-02-14;0;0;0;0;0;4416148;3441072;4440;2;2910
FR;3;2022-02-15;0;0;0;0;0;4416148;3441072;4440;2;2910
FR;3;2022-02-16;0;0;0;0;0;4416148;3441072;4440;2;2910
FR;3;2022-02-17;0;0;0;0;0;4416148;3441072;4440;2;2910
FR;3;2022-02-18;0;0;0;0;0;4416148;3441072;4440;2;2910
FR;3;2022-02-19;0;0;0;0;0;4416148;3441072;4440;2;2910
FR;3;2022-02-20;0;0;0;0;0;4416148;3441072;4440;2;2910
FR;3;2022-02-21;2;0;0;0;0;4416150;3441072;4440;2;2910
FR;3;2022-02-22;0;0;0;0;0;4416150;3441072;4440;2;2910
FR;3;2022-02-23;0;0;0;0;0;4416150;3441072;4440;2;2910
FR;3;2022-02-24;0;0;0;0;0;4416150;3441072;4440;2;2910
FR;3;2022-02-25;0;0;0;0;0;4416150;3441072;4440;2;2910
FR;3;2022-02-26;0;0;0;0;0;4416150;3441072;4440;2;2910
FR;3;2022-02-27;0;0;0;0;0;4416150;3441072;4440;2;2910
FR;3;2022-02-28;1;0;0;0;0;4416151;3441072;4440;2;2910
FR;3;2022-03-01;1;0;0;0;0;4416152;3441072;4440;2;2910
FR;3;2022-03-02;0;0;0;0;0;4416152;3441072;4440;2;2910
FR;3;2022-03-03;0;0;0;0;0;4416152;3441072;4440;2;2910
FR;3;2022-03-04;0;0;0;0;0;4416152;3441072;4440;2;2910
FR;3;2022-03-05;0;0;0;0;0;4416152;3441072;4440;2;2910
FR;3;2022-03-06;1;0;0;0;0;4416153;3441072;4440;2;2910
FR;3;2022-03-07;0;0;0;0;0;4416153;3441072;4440;2;2910
FR;3;2022-03-08;1;0;0;0;0;4416154;3441072;4440;2;2910
FR;3;2022-03-09;0;0;0;0;0;4416154;3441072;4440;2;2910
FR;3;2022-03-10;0;0;0;0;0;4416154;3441072;4440;2;2910
FR;3;2022-03-11;0;0;0;0;0;4416154;3441072;4440;2;2910
FR;3;2022-03-12;0;0;0;0;0;4416154;3441072;4440;2;2910
FR;3;2022-03-13;0;0;0;0;0;4416154;3441072;4440;2;2910
FR;3;2022-03-14;0;0;0;0;0;4416154;3441072;4440;2;2910
FR;3;2022-03-15;0;0;0;0;0;4416154;3441072;4440;2;2910
FR;3;2022-03-16;0;0;0;0;0;4416154;3441072;4440;2;2910
FR;3;2022-03-17;0;0;0;0;0;4416154;3441072;4440;2;2910
FR;3;2022-03-18;0;0;0;0;0;4416154;3441072;4440;2;2910
FR;3;2022-03-19;0;0;0;0;0;4416154;3441072;4440;2;2910
FR;3;2022-03-20;1;0;0;0;0;4416155;3441072;4440;2;2910
FR;3;2022-03-21;0;0;0;0;0;4416155;3441072;4440;2;2910
FR;3;2022-03-22;0;0;0;0;0;4416155;3441072;4440;2;2910
FR;3;2022-03-23;1;0;0;0;0;4416156;3441072;4440;2;2910
FR;3;2022-03-24;0;0;0;0;0;4416156;3441072;4440;2;2910
FR;3;2022-03-25;1;0;0;0;0;4416157;3441072;4440;2;2910
FR;3;2022-03-26;0;0;0;0;0;4416157;3441072;4440;2;2910
FR;3;2022-03-27;0;0;0;0;0;4416157;3441072;4440;2;2910
FR;3;2022-03-28;0;0;0;0;0;4416157;3441072;4440;2;2910
FR;3;2022-03-29;0;0;0;0;0;4416157;3441072;4440;2;2910
FR;3;2022-03-30;0;0;0;0;0;4416157;3441072;4440;2;2910
FR;3;2022-03-31;0;0;0;0;0;4416157;3441072;4440;2;2910
FR;3;2022-04-01;0;0;0;0;0;4416157;3441072;4440;2;2910
FR;3;2022-04-02;0;0;0;0;0;4416157;3441072;4440;2;2910
FR;3;2022-04-03;0;0;0;0;0;4416157;3441072;4440;2;2910
FR;3;2022-04-04;0;0;0;0;0;4416157;3441072;4440;2;2910
FR;3;2022-04-05;0;0;0;0;0;4416157;3441072;4440;2;2910
FR;3;2022-04-06;0;0;0;0;0;4416157;3441072;4440;2;2910
FR;3;2022-04-07;0;0;0;0;0;4416157;3441072;4440;2;2910
FR;3;2022-04-08;0;0;0;0;0;4416157;3441072;4440;2;2910
FR;3;2022-04-09;0;0;0;0;0;4416157;3441072;4440;2;2910
FR;3;2022-04-10;0;0;0;0;0;4416157;3441072;4440;2;2910
FR;3;2022-04-11;0;0;0;0;0;4416157;3441072;4440;2;2910
FR;3;2022-04-12;0;0;0;0;0;4416157;3441072;4440;2;2910
FR;3;2022-04-13;0;0;0;0;0;4416157;3441072;4440;2;2910
FR;3;2022-04-14;0;0;0;0;0;4416157;3441072;4440;2;2910
FR;3;2022-04-15;1;0;0;0;0;4416158;3441072;4440;2;2910
FR;3;2022-04-16;0;0;0;0;0;4416158;3441072;4440;2;2910
FR;3;2022-04-17;0;0;0;0;0;4416158;3441072;4440;2;2910
FR;3;2022-04-18;0;0;0;0;0;4416158;3441072;4440;2;2910
FR;3;2022-04-19;0;0;0;0;0;4416158;3441072;4440;2;2910
FR;3;2022-04-20;0;0;0;0;0;4416158;3441072;4440;2;2910
FR;3;2022-04-21;0;0;0;0;0;4416158;3441072;4440;2;2910
FR;3;2022-04-22;0;0;0;0;0;4416158;3441072;4440;2;2910
FR;3;2022-04-23;0;0;0;0;0;4416158;3441072;4440;2;2910
FR;3;2022-04-24;0;0;0;0;0;4416158;3441072;4440;2;2910
FR;3;2022-04-25;0;0;0;0;0;4416158;3441072;4440;2;2910
FR;3;2022-04-26;0;0;0;0;0;4416158;3441072;4440;2;2910
FR;3;2022-04-27;0;0;0;0;0;4416158;3441072;4440;2;2910
FR;3;2022-04-28;0;0;0;0;0;4416158;3441072;4440;2;2910
FR;3;2022-04-29;0;0;0;0;0;4416158;3441072;4440;2;2910
FR;3;2022-04-30;0;0;0;0;0;4416158;3441072;4440;2;2910
FR;3;2022-05-01;0;0;0;0;0;4416158;3441072;4440;2;2910
FR;3;2022-05-02;0;0;0;0;0;4416158;3441072;4440;2;2910
FR;3;2022-05-03;0;0;0;0;0;4416158;3441072;4440;2;2910
FR;3;2022-05-04;0;0;0;0;0;4416158;3441072;4440;2;2910
FR;3;2022-05-05;0;0;0;0;0;4416158;3441072;4440;2;2910
FR;3;2022-05-06;0;0;0;0;0;4416158;3441072;4440;2;2910
FR;3;2022-05-07;0;0;0;0;0;4416158;3441072;4440;2;2910
FR;3;2022-05-08;0;0;0;0;0;4416158;3441072;4440;2;2910
FR;3;2022-05-09;0;0;0;0;0;4416158;3441072;4440;2;2910
FR;3;2022-05-10;0;0;0;0;0;4416158;3441072;4440;2;2910
FR;3;2022-05-11;0;0;0;0;0;4416158;3441072;4440;2;2910
FR;3;2022-05-12;0;0;0;0;0;4416158;3441072;4440;2;2910
FR;3;2022-05-13;0;0;0;0;0;4416158;3441072;4440;2;2910
FR;3;2022-05-14;1;0;0;0;0;4416159;3441072;4440;2;2910
FR;3;2022-05-15;0;0;0;0;0;4416159;3441072;4440;2;2910
FR;3;2022-05-16;0;0;0;0;0;4416159;3441072;4440;2;2910
FR;3;2022-05-17;0;0;0;0;0;4416159;3441072;4440;2;2910
FR;3;2022-05-18;0;0;0;0;0;4416159;3441072;4440;2;2910
FR;3;2022-05-19;0;0;0;0;0;4416159;3441072;4440;2;2910
FR;3;2022-05-20;0;0;0;0;0;4416159;3441072;4440;2;2910
FR;3;2022-05-21;0;0;0;0;0;4416159;3441072;4440;2;2910
FR;3;2022-05-22;0;0;0;0;0;4416159;3441072;4440;2;2910
FR;3;2022-05-23;0;0;0;0;0;4416159;3441072;4440;2;2910
FR;3;2022-05-24;0;0;0;0;0;4416159;3441072;4440;2;2910
FR;3;2022-05-25;0;0;0;0;0;4416159;3441072;4440;2;2910
FR;3;2022-05-26;0;0;0;0;0;4416159;3441072;4440;2;2910
FR;3;2022-05-27;0;0;0;0;0;4416159;3441072;4440;2;2910
FR;3;2022-05-28;0;0;0;0;0;4416159;3441072;4440;2;2910
FR;3;2022-05-29;0;0;0;0;0;4416159;3441072;4440;2;2910
FR;3;2022-05-30;0;0;0;0;0;4416159;3441072;4440;2;2910
FR;3;2022-05-31;0;0;0;0;0;4416159;3441072;4440;2;2910
FR;3;2022-06-01;0;0;0;0;0;4416159;3441072;4440;2;2910
FR;3;2022-06-02;0;0;0;0;0;4416159;3441072;4440;2;2910
FR;3;2022-06-03;0;0;0;0;0;4416159;3441072;4440;2;2910
FR;3;2022-06-04;0;0;0;0;0;4416159;3441072;4440;2;2910
FR;3;2022-06-05;0;0;0;0;0;4416159;3441072;4440;2;2910
FR;3;2022-06-06;0;0;0;0;0;4416159;3441072;4440;2;2910
FR;3;2022-06-07;0;0;0;0;0;4416159;3441072;4440;2;2910
FR;3;2022-06-08;0;0;0;0;0;4416159;3441072;4440;2;2910
FR;3;2022-06-09;0;0;0;0;0;4416159;3441072;4440;2;2910
FR;3;2022-06-10;0;0;0;0;0;4416159;3441072;4440;2;2910
FR;3;2022-06-11;0;0;0;0;0;4416159;3441072;4440;2;2910
FR;3;2022-06-12;0;0;0;0;0;4416159;3441072;4440;2;2910
FR;3;2022-06-13;1;0;0;0;0;4416160;3441072;4440;2;2910
FR;3;2022-06-14;0;0;0;0;0;4416160;3441072;4440;2;2910
FR;3;2022-06-15;0;0;0;0;0;4416160;3441072;4440;2;2910
FR;3;2022-06-16;0;0;0;0;0;4416160;3441072;4440;2;2910
FR;3;2022-06-17;0;0;0;0;0;4416160;3441072;4440;2;2910
FR;3;2022-06-18;0;0;0;0;0;4416160;3441072;4440;2;2910
FR;3;2022-06-19;0;0;0;0;0;4416160;3441072;4440;2;2910
FR;3;2022-06-20;0;0;0;0;0;4416160;3441072;4440;2;2910
FR;3;2022-06-21;0;0;0;0;0;4416160;3441072;4440;2;2910
FR;3;2022-06-22;0;0;0;0;0;4416160;3441072;4440;2;2910
FR;3;2022-06-23;0;0;0;0;0;4416160;3441072;4440;2;2910
FR;3;2022-06-24;0;0;0;0;0;4416160;3441072;4440;2;2910
FR;3;2022-06-25;0;0;0;0;0;4416160;3441072;4440;2;2910
FR;3;2022-06-26;0;0;0;0;0;4416160;3441072;4440;2;2910
FR;3;2022-06-27;0;0;0;0;0;4416160;3441072;4440;2;2910
FR;3;2022-06-28;0;0;0;0;0;4416160;3441072;4440;2;2910
FR;3;2022-06-29;1;0;0;0;0;4416161;3441072;4440;2;2910
FR;3;2022-06-30;0;0;0;0;0;4416161;3441072;4440;2;2910
FR;3;2022-07-01;0;0;0;0;0;4416161;3441072;4440;2;2910
FR;3;2022-07-02;0;0;0;0;0;4416161;3441072;4440;2;2910
FR;3;2022-07-03;0;0;0;0;0;4416161;3441072;4440;2;2910
FR;3;2022-07-04;0;0;0;0;0;4416161;3441072;4440;2;2910
FR;3;2022-07-05;0;0;0;0;0;4416161;3441072;4440;2;2910
FR;3;2022-07-06;0;0;0;0;0;4416161;3441072;4440;2;2910
FR;3;2022-07-07;0;0;0;0;0;4416161;3441072;4440;2;2910
FR;3;2022-07-08;0;0;0;0;0;4416161;3441072;4440;2;2910
FR;3;2022-07-09;0;0;0;0;0;4416161;3441072;4440;2;2910
FR;3;2022-07-10;0;0;0;0;0;4416161;3441072;4440;2;2910
FR;3;2022-07-11;0;0;0;0;0;4416161;3441072;4440;2;2910
FR;3;2022-07-12;0;0;0;0;0;4416161;3441072;4440;2;2910
FR;3;2022-07-13;0;0;0;0;0;4416161;3441072;4440;2;2910
FR;3;2022-07-14;0;0;0;0;0;4416161;3441072;4440;2;2910
FR;3;2022-07-15;0;0;0;0;0;4416161;3441072;4440;2;2910
FR;3;2022-07-16;0;0;0;0;0;4416161;3441072;4440;2;2910
FR;3;2022-07-17;0;0;0;0;0;4416161;3441072;4440;2;2910
FR;3;2022-07-18;0;0;0;0;0;4416161;3441072;4440;2;2910
FR;3;2022-07-19;0;0;0;0;0;4416161;3441072;4440;2;2910
FR;3;2022-07-20;0;0;0;0;0;4416161;3441072;4440;2;2910
FR;3;2022-07-21;0;0;0;0;0;4416161;3441072;4440;2;2910
FR;3;2022-07-22;0;0;0;0;0;4416161;3441072;4440;2;2910
FR;3;2022-07-23;0;0;0;0;0;4416161;3441072;4440;2;2910
FR;3;2022-07-24;0;0;0;0;0;4416161;3441072;4440;2;2910
FR;3;2022-07-25;0;0;0;0;0;4416161;3441072;4440;2;2910
FR;3;2022-07-26;0;0;0;0;0;4416161;3441072;4440;2;2910
FR;3;2022-07-27;0;0;0;0;0;4416161;3441072;4440;2;2910
FR;3;2022-07-28;0;0;0;0;0;4416161;3441072;4440;2;2910
FR;3;2022-07-29;0;0;0;0;0;4416161;3441072;4440;2;2910
FR;3;2022-07-30;0;0;0;0;0;4416161;3441072;4440;2;2910
FR;3;2022-07-31;0;0;0;0;0;4416161;3441072;4440;2;2910
FR;3;2022-08-01;0;0;0;0;0;4416161;3441072;4440;2;2910
FR;3;2022-08-02;0;0;0;0;0;4416161;3441072;4440;2;2910
FR;3;2022-08-03;0;0;0;0;0;4416161;3441072;4440;2;2910
FR;3;2022-08-04;0;0;0;0;0;4416161;3441072;4440;2;2910
FR;3;2022-08-05;0;0;0;0;0;4416161;3441072;4440;2;2910
FR;3;2022-08-06;0;0;0;0;0;4416161;3441072;4440;2;2910
FR;3;2022-08-07;0;0;0;0;0;4416161;3441072;4440;2;2910
FR;3;2022-08-08;0;0;0;0;0;4416161;3441072;4440;2;2910
FR;3;2022-08-09;0;0;0;0;0;4416161;3441072;4440;2;2910
FR;3;2022-08-10;0;0;0;0;0;4416161;3441072;4440;2;2910
FR;3;2022-08-11;0;0;0;0;0;4416161;3441072;4440;2;2910
FR;3;2022-08-12;0;0;0;0;0;4416161;3441072;4440;2;2910
FR;3;2022-08-13;0;0;0;0;0;4416161;3441072;4440;2;2910
FR;3;2022-08-14;0;0;0;0;0;4416161;3441072;4440;2;2910
FR;3;2022-08-15;0;0;0;0;0;4416161;3441072;4440;2;2910
FR;3;2022-08-16;0;0;0;0;0;4416161;3441072;4440;2;2910
FR;3;2022-08-17;0;0;0;0;0;4416161;3441072;4440;2;2910
FR;3;2022-08-18;0;0;0;0;0;4416161;3441072;4440;2;2910
FR;3;2022-08-19;0;0;0;0;0;4416161;3441072;4440;2;2910
FR;3;2022-08-20;0;0;0;0;0;4416161;3441072;4440;2;2910
FR;3;2022-08-21;0;0;0;0;0;4416161;3441072;4440;2;2910
FR;3;2022-08-22;0;0;0;0;0;4416161;3441072;4440;2;2910
FR;3;2022-08-23;0;0;0;0;0;4416161;3441072;4440;2;2910
FR;3;2022-08-24;0;0;0;0;0;4416161;3441072;4440;2;2910
FR;3;2022-08-25;0;0;0;0;0;4416161;3441072;4440;2;2910
FR;3;2022-08-26;0;0;0;0;0;4416161;3441072;4440;2;2910
FR;3;2022-08-27;0;0;0;0;0;4416161;3441072;4440;2;2910
FR;3;2022-08-28;0;0;0;0;0;4416161;3441072;4440;2;2910
FR;3;2022-08-29;0;0;0;0;0;4416161;3441072;4440;2;2910
FR;3;2022-08-30;0;0;0;0;0;4416161;3441072;4440;2;2910
FR;3;2022-08-31;0;0;0;0;0;4416161;3441072;4440;2;2910
FR;3;2022-09-01;0;0;0;0;0;4416161;3441072;4440;2;2910
FR;3;2022-09-02;0;0;0;0;0;4416161;3441072;4440;2;2910
FR;3;2022-09-03;0;0;0;0;0;4416161;3441072;4440;2;2910
FR;3;2022-09-04;0;0;0;0;0;4416161;3441072;4440;2;2910
FR;3;2022-09-05;0;0;0;0;0;4416161;3441072;4440;2;2910
FR;3;2022-09-06;0;0;0;0;0;4416161;3441072;4440;2;2910
FR;3;2022-09-07;0;0;0;0;0;4416161;3441072;4440;2;2910
FR;3;2022-09-08;0;0;0;0;0;4416161;3441072;4440;2;2910
FR;3;2022-09-09;0;0;0;0;0;4416161;3441072;4440;2;2910
FR;3;2022-09-10;0;0;0;0;0;4416161;3441072;4440;2;2910
FR;3;2022-09-11;0;0;0;0;0;4416161;3441072;4440;2;2910
FR;3;2022-09-12;0;0;0;0;0;4416161;3441072;4440;2;2910
FR;3;2022-09-13;0;0;0;0;0;4416161;3441072;4440;2;2910
FR;3;2022-09-14;0;0;0;0;0;4416161;3441072;4440;2;2910
FR;3;2022-09-15;0;0;0;0;0;4416161;3441072;4440;2;2910
FR;3;2022-09-16;0;0;0;0;0;4416161;3441072;4440;2;2910
FR;3;2022-09-17;0;0;0;0;0;4416161;3441072;4440;2;2910
FR;3;2022-09-18;0;0;0;0;0;4416161;3441072;4440;2;2910
FR;3;2022-09-19;0;0;0;0;0;4416161;3441072;4440;2;2910
FR;3;2022-09-20;0;0;0;0;0;4416161;3441072;4440;2;2910
FR;3;2022-09-21;0;0;0;0;0;4416161;3441072;4440;2;2910
FR;4;2020-12-27;0;0;0;0;0;0;0;0;0;0
FR;4;2020-12-28;0;0;0;0;0;0;0;0;0;0
FR;4;2020-12-29;0;0;0;0;0;0;0;0;0;0
FR;4;2020-12-30;0;0;0;0;0;0;0;0;0;0
FR;4;2020-12-31;0;0;0;0;0;0;0;0;0;0
FR;4;2021-01-01;0;0;0;0;0;0;0;0;0;0
FR;4;2021-01-02;0;0;0;0;0;0;0;0;0;0
FR;4;2021-01-03;0;0;0;0;0;0;0;0;0;0
FR;4;2021-01-04;0;0;0;0;0;0;0;0;0;0
FR;4;2021-01-05;0;0;0;0;0;0;0;0;0;0
FR;4;2021-01-06;0;0;0;0;0;0;0;0;0;0
FR;4;2021-01-07;0;0;0;0;0;0;0;0;0;0
FR;4;2021-01-08;0;0;0;0;0;0;0;0;0;0
FR;4;2021-01-09;0;0;0;0;0;0;0;0;0;0
FR;4;2021-01-10;0;0;0;0;0;0;0;0;0;0
FR;4;2021-01-11;0;0;0;0;0;0;0;0;0;0
FR;4;2021-01-12;0;0;0;0;0;0;0;0;0;0
FR;4;2021-01-13;0;0;0;0;0;0;0;0;0;0
FR;4;2021-01-14;0;0;0;0;0;0;0;0;0;0
FR;4;2021-01-15;0;0;0;0;0;0;0;0;0;0
FR;4;2021-01-16;0;0;0;0;0;0;0;0;0;0
FR;4;2021-01-17;0;0;0;0;0;0;0;0;0;0
FR;4;2021-01-18;0;0;0;0;0;0;0;0;0;0
FR;4;2021-01-19;0;0;0;0;0;0;0;0;0;0
FR;4;2021-01-20;0;0;0;0;0;0;0;0;0;0
FR;4;2021-01-21;0;0;0;0;0;0;0;0;0;0
FR;4;2021-01-22;0;0;0;0;0;0;0;0;0;0
FR;4;2021-01-23;0;0;0;0;0;0;0;0;0;0
FR;4;2021-01-24;0;0;0;0;0;0;0;0;0;0
FR;4;2021-01-25;0;0;0;0;0;0;0;0;0;0
FR;4;2021-01-26;0;0;0;0;0;0;0;0;0;0
FR;4;2021-01-27;0;0;0;0;0;0;0;0;0;0
FR;4;2021-01-28;0;0;0;0;0;0;0;0;0;0
FR;4;2021-01-29;0;0;0;0;0;0;0;0;0;0
FR;4;2021-01-30;0;0;0;0;0;0;0;0;0;0
FR;4;2021-01-31;0;0;0;0;0;0;0;0;0;0
FR;4;2021-02-01;0;0;0;0;0;0;0;0;0;0
FR;4;2021-02-02;0;0;0;0;0;0;0;0;0;0
FR;4;2021-02-03;0;0;0;0;0;0;0;0;0;0
FR;4;2021-02-04;0;0;0;0;0;0;0;0;0;0
FR;4;2021-02-05;0;0;0;0;0;0;0;0;0;0
FR;4;2021-02-06;0;0;0;0;0;0;0;0;0;0
FR;4;2021-02-07;0;0;0;0;0;0;0;0;0;0
FR;4;2021-02-08;0;0;0;0;0;0;0;0;0;0
FR;4;2021-02-09;0;0;0;0;0;0;0;0;0;0
FR;4;2021-02-10;0;0;0;0;0;0;0;0;0;0
FR;4;2021-02-11;0;0;0;0;0;0;0;0;0;0
FR;4;2021-02-12;0;0;0;0;0;0;0;0;0;0
FR;4;2021-02-13;0;0;0;0;0;0;0;0;0;0
FR;4;2021-02-14;0;0;0;0;0;0;0;0;0;0
FR;4;2021-02-15;0;0;0;0;0;0;0;0;0;0
FR;4;2021-02-16;0;0;0;0;0;0;0;0;0;0
FR;4;2021-02-17;0;0;0;0;0;0;0;0;0;0
FR;4;2021-02-18;0;0;0;0;0;0;0;0;0;0
FR;4;2021-02-19;0;0;0;0;0;0;0;0;0;0
FR;4;2021-02-20;0;0;0;0;0;0;0;0;0;0
FR;4;2021-02-21;0;0;0;0;0;0;0;0;0;0
FR;4;2021-02-22;0;0;0;0;0;0;0;0;0;0
FR;4;2021-02-23;0;0;0;0;0;0;0;0;0;0
FR;4;2021-02-24;0;0;0;0;0;0;0;0;0;0
FR;4;2021-02-25;0;0;0;0;0;0;0;0;0;0
FR;4;2021-02-26;0;0;0;0;0;0;0;0;0;0
FR;4;2021-02-27;0;0;0;0;0;0;0;0;0;0
FR;4;2021-02-28;0;0;0;0;0;0;0;0;0;0
FR;4;2021-03-01;0;0;0;0;0;0;0;0;0;0
FR;4;2021-03-02;0;0;0;0;0;0;0;0;0;0
FR;4;2021-03-03;0;0;0;0;0;0;0;0;0;0
FR;4;2021-03-04;0;0;0;0;0;0;0;0;0;0
FR;4;2021-03-05;0;0;0;0;0;0;0;0;0;0
FR;4;2021-03-06;0;0;0;0;0;0;0;0;0;0
FR;4;2021-03-07;0;0;0;0;0;0;0;0;0;0
FR;4;2021-03-08;0;0;0;0;0;0;0;0;0;0
FR;4;2021-03-09;0;0;0;0;0;0;0;0;0;0
FR;4;2021-03-10;0;0;0;0;0;0;0;0;0;0
FR;4;2021-03-11;0;0;0;0;0;0;0;0;0;0
FR;4;2021-03-12;0;0;0;0;0;0;0;0;0;0
FR;4;2021-03-13;0;0;0;0;0;0;0;0;0;0
FR;4;2021-03-14;0;0;0;0;0;0;0;0;0;0
FR;4;2021-03-15;0;0;0;0;0;0;0;0;0;0
FR;4;2021-03-16;0;0;0;0;0;0;0;0;0;0
FR;4;2021-03-17;0;0;0;0;0;0;0;0;0;0
FR;4;2021-03-18;0;0;0;0;0;0;0;0;0;0
FR;4;2021-03-19;0;0;0;0;0;0;0;0;0;0
FR;4;2021-03-20;0;0;0;0;0;0;0;0;0;0
FR;4;2021-03-21;0;0;0;0;0;0;0;0;0;0
FR;4;2021-03-22;0;0;0;0;0;0;0;0;0;0
FR;4;2021-03-23;0;0;0;0;0;0;0;0;0;0
FR;4;2021-03-24;0;0;0;0;0;0;0;0;0;0
FR;4;2021-03-25;0;0;0;0;0;0;0;0;0;0
FR;4;2021-03-26;0;0;0;0;0;0;0;0;0;0
FR;4;2021-03-27;0;0;0;0;0;0;0;0;0;0
FR;4;2021-03-28;0;0;0;0;0;0;0;0;0;0
FR;4;2021-03-29;0;0;0;0;0;0;0;0;0;0
FR;4;2021-03-30;0;0;0;0;0;0;0;0;0;0
FR;4;2021-03-31;0;0;0;0;0;0;0;0;0;0
FR;4;2021-04-01;0;0;0;0;0;0;0;0;0;0
FR;4;2021-04-02;0;0;0;0;0;0;0;0;0;0
FR;4;2021-04-03;0;0;0;0;0;0;0;0;0;0
FR;4;2021-04-04;0;0;0;0;0;0;0;0;0;0
FR;4;2021-04-05;0;0;0;0;0;0;0;0;0;0
FR;4;2021-04-06;0;0;0;0;0;0;0;0;0;0
FR;4;2021-04-07;0;0;0;0;0;0;0;0;0;0
FR;4;2021-04-08;0;0;0;0;0;0;0;0;0;0
FR;4;2021-04-09;0;0;0;0;0;0;0;0;0;0
FR;4;2021-04-10;0;0;0;0;0;0;0;0;0;0
FR;4;2021-04-11;0;0;0;0;0;0;0;0;0;0
FR;4;2021-04-12;0;0;0;0;0;0;0;0;0;0
FR;4;2021-04-13;0;0;0;0;0;0;0;0;0;0
FR;4;2021-04-14;0;0;0;0;0;0;0;0;0;0
FR;4;2021-04-15;0;0;0;0;0;0;0;0;0;0
FR;4;2021-04-16;0;0;0;0;0;0;0;0;0;0
FR;4;2021-04-17;0;0;0;0;0;0;0;0;0;0
FR;4;2021-04-18;0;0;0;0;0;0;0;0;0;0
FR;4;2021-04-19;0;0;0;0;0;0;0;0;0;0
FR;4;2021-04-20;0;0;0;0;0;0;0;0;0;0
FR;4;2021-04-21;0;0;0;0;0;0;0;0;0;0
FR;4;2021-04-22;0;0;0;0;0;0;0;0;0;0
FR;4;2021-04-23;3838;0;0;0;0;3838;0;0;0;0
FR;4;2021-04-24;1569;0;0;0;0;5407;0;0;0;0
FR;4;2021-04-25;125;0;0;0;0;5532;0;0;0;0
FR;4;2021-04-26;2869;1;0;0;0;8401;1;0;0;0
FR;4;2021-04-27;9520;3;0;0;0;17921;4;0;0;0
FR;4;2021-04-28;9906;6;0;0;0;27827;10;0;0;0
FR;4;2021-04-29;15991;8;0;0;0;43818;18;0;0;0
FR;4;2021-04-30;19233;10;0;0;0;63051;28;0;0;0
FR;4;2021-05-01;1993;6;0;0;0;65044;34;0;0;0
FR;4;2021-05-02;483;0;0;0;0;65527;34;0;0;0
FR;4;2021-05-03;5064;2;0;0;0;70591;36;0;0;0
FR;4;2021-05-04;8401;11;0;0;0;78992;47;0;0;0
FR;4;2021-05-05;6189;7;0;0;0;85181;54;0;0;0
FR;4;2021-05-06;11384;11;0;0;0;96565;65;0;0;0
FR;4;2021-05-07;19124;9;0;0;0;115689;74;0;0;0
FR;4;2021-05-08;2378;6;0;0;0;118067;80;0;0;0
FR;4;2021-05-09;688;3;0;0;0;118755;83;0;0;0
FR;4;2021-05-10;7243;5;1;0;0;125998;88;1;0;0
FR;4;2021-05-11;14321;12;0;0;0;140319;100;1;0;0
FR;4;2021-05-12;10172;15;0;0;0;150491;115;1;0;0
FR;4;2021-05-13;1583;4;0;0;0;152074;119;1;0;0
FR;4;2021-05-14;7766;7;0;0;0;159840;126;1;0;0
FR;4;2021-05-15;3720;8;1;0;0;163560;134;2;0;0
FR;4;2021-05-16;417;1;0;0;0;163977;135;2;0;0
FR;4;2021-05-17;4478;6;0;0;0;168455;141;2;0;0
FR;4;2021-05-18;8762;10;0;0;0;177217;151;2;0;0
FR;4;2021-05-19;5693;7;0;0;0;182910;158;2;0;0
FR;4;2021-05-20;9483;7;0;0;0;192393;165;2;0;0
FR;4;2021-05-21;12803;30;0;0;0;205196;195;2;0;0
FR;4;2021-05-22;5058;15;0;0;0;210254;210;2;0;0
FR;4;2021-05-23;494;4;0;0;0;210748;214;2;0;0
FR;4;2021-05-24;1058;7;0;0;0;211806;221;2;0;0
FR;4;2021-05-25;7632;16;0;0;0;219438;237;2;0;0
FR;4;2021-05-26;7728;16;0;0;0;227166;253;2;0;0
FR;4;2021-05-27;14333;35;0;0;0;241499;288;2;0;0
FR;4;2021-05-28;26591;82;1;0;0;268090;370;3;0;0
FR;4;2021-05-29;11385;18;0;0;0;279475;388;3;0;0
FR;4;2021-05-30;973;6;0;0;0;280448;394;3;0;0
FR;4;2021-05-31;12693;21;0;0;0;293141;415;3;0;0
FR;4;2021-06-01;20262;47;1;0;0;313403;462;4;0;0
FR;4;2021-06-02;14520;33;0;0;0;327923;495;4;0;0
FR;4;2021-06-03;19427;24;1;0;0;347350;519;5;0;0
FR;4;2021-06-04;22515;47;0;0;0;369865;566;5;0;0
FR;4;2021-06-05;9714;32;0;0;0;379579;598;5;0;0
FR;4;2021-06-06;1039;1;0;0;0;380618;599;5;0;0
FR;4;2021-06-07;9227;19;0;0;0;389845;618;5;0;0
FR;4;2021-06-08;14613;31;0;0;0;404458;649;5;0;0
FR;4;2021-06-09;12206;25;0;0;0;416664;674;5;0;0
FR;4;2021-06-10;15405;30;0;0;0;432069;704;5;0;0
FR;4;2021-06-11;16984;56;0;0;0;449053;760;5;0;0
FR;4;2021-06-12;7449;27;0;0;0;456502;787;5;0;0
FR;4;2021-06-13;907;3;0;0;0;457409;790;5;0;0
FR;4;2021-06-14;6649;26;0;0;0;464058;816;5;0;0
FR;4;2021-06-15;10890;37;0;0;0;474948;853;5;0;0
FR;4;2021-06-16;8908;16;0;0;0;483856;869;5;0;0
FR;4;2021-06-17;10898;37;0;0;0;494754;906;5;0;0
FR;4;2021-06-18;12422;45;0;0;0;507176;951;5;0;0
FR;4;2021-06-19;5567;25;0;0;0;512743;976;5;0;0
FR;4;2021-06-20;823;5;0;0;0;513566;981;5;0;0
FR;4;2021-06-21;5099;20;0;0;0;518665;1001;5;0;0
FR;4;2021-06-22;7911;28;2;0;0;526576;1029;7;0;0
FR;4;2021-06-23;7099;41;2;0;0;533675;1070;9;0;0
FR;4;2021-06-24;8652;46;1;0;0;542327;1116;10;0;0
FR;4;2021-06-25;10171;40;2;0;0;552498;1156;12;0;0
FR;4;2021-06-26;4848;21;0;0;0;557346;1177;12;0;0
FR;4;2021-06-27;764;4;0;0;0;558110;1181;12;0;0
FR;4;2021-06-28;4829;16;1;0;0;562939;1197;13;0;0
FR;4;2021-06-29;7106;28;2;0;0;570045;1225;15;0;0
FR;4;2021-06-30;6721;39;2;0;0;576766;1264;17;0;0
FR;4;2021-07-01;8205;42;0;0;0;584971;1306;17;0;0
FR;4;2021-07-02;9426;53;1;0;0;594397;1359;18;0;0
FR;4;2021-07-03;4846;20;0;0;0;599243;1379;18;0;0
FR;4;2021-07-04;688;5;0;0;0;599931;1384;18;0;0
FR;4;2021-07-05;4772;19;2;0;0;604703;1403;20;0;0
FR;4;2021-07-06;7725;28;4;0;0;612428;1431;24;0;0
FR;4;2021-07-07;7084;34;2;0;0;619512;1465;26;0;0
FR;4;2021-07-08;9231;39;2;0;0;628743;1504;28;0;0
FR;4;2021-07-09;10278;34;1;0;0;639021;1538;29;0;0
FR;4;2021-07-10;4638;14;2;0;0;643659;1552;31;0;0
FR;4;2021-07-11;583;4;1;0;0;644242;1556;32;0;0
FR;4;2021-07-12;5874;29;0;0;0;650116;1585;32;0;0
FR;4;2021-07-13;14232;29;0;0;0;664348;1614;32;0;0
FR;4;2021-07-14;2288;15;0;0;0;666636;1629;32;0;0
FR;4;2021-07-15;18235;36;0;0;0;684871;1665;32;0;0
FR;4;2021-07-16;22835;71;2;0;0;707706;1736;34;0;0
FR;4;2021-07-17;9736;20;0;0;0;717442;1756;34;0;0
FR;4;2021-07-18;1356;4;0;0;0;718798;1760;34;0;0
FR;4;2021-07-19;12989;30;1;0;0;731787;1790;35;0;0
FR;4;2021-07-20;17343;26;1;0;0;749130;1816;36;0;0
FR;4;2021-07-21;15615;33;0;0;0;764745;1849;36;0;0
FR;4;2021-07-22;18245;44;2;0;0;782990;1893;38;0;0
FR;4;2021-07-23;20415;57;7;0;0;803405;1950;45;0;0
FR;4;2021-07-24;9289;32;0;0;0;812694;1982;45;0;0
FR;4;2021-07-25;1353;8;0;0;0;814047;1990;45;0;0
FR;4;2021-07-26;11041;22;0;0;0;825088;2012;45;0;0
FR;4;2021-07-27;14678;35;3;0;0;839766;2047;48;0;0
FR;4;2021-07-28;12930;26;2;0;0;852696;2073;50;0;0
FR;4;2021-07-29;14088;54;4;0;0;866784;2127;54;0;0
FR;4;2021-07-30;15497;46;2;0;0;882281;2173;56;0;0
FR;4;2021-07-31;6840;14;2;0;0;889121;2187;58;0;0
FR;4;2021-08-01;905;1;0;0;0;890026;2188;58;0;0
FR;4;2021-08-02;7916;31;0;0;0;897942;2219;58;0;0
FR;4;2021-08-03;10798;31;2;0;0;908740;2250;60;0;0
FR;4;2021-08-04;9745;29;0;0;0;918485;2279;60;0;0
FR;4;2021-08-05;9822;41;0;0;0;928307;2320;60;0;0
FR;4;2021-08-06;10197;31;3;0;0;938504;2351;63;0;0
FR;4;2021-08-07;5098;30;1;0;0;943602;2381;64;0;0
FR;4;2021-08-08;1219;13;0;0;0;944821;2394;64;0;0
FR;4;2021-08-09;6345;31;0;0;0;951166;2425;64;0;0
FR;4;2021-08-10;8749;18;0;0;0;959915;2443;64;0;0
FR;4;2021-08-11;7942;34;4;0;0;967857;2477;68;0;0
FR;4;2021-08-12;8584;30;1;0;0;976441;2507;69;0;0
FR;4;2021-08-13;7557;25;0;1;0;983998;2532;69;1;0
FR;4;2021-08-14;3791;20;0;0;0;987789;2552;69;1;0
FR;4;2021-08-15;771;5;0;0;0;988560;2557;69;1;0
FR;4;2021-08-16;4008;17;0;0;0;992568;2574;69;1;0
FR;4;2021-08-17;5628;17;1;0;0;998196;2591;70;1;0
FR;4;2021-08-18;5167;37;0;0;0;1003363;2628;70;1;0
FR;4;2021-08-19;5486;33;3;0;0;1008849;2661;73;1;0
FR;4;2021-08-20;5222;25;1;0;0;1014071;2686;74;1;0
FR;4;2021-08-21;2310;21;1;0;0;1016381;2707;75;1;0
FR;4;2021-08-22;414;2;0;0;0;1016795;2709;75;1;0
FR;4;2021-08-23;2932;19;1;0;0;1019727;2728;76;1;0
FR;4;2021-08-24;3757;15;0;0;0;1023484;2743;76;1;0
FR;4;2021-08-25;3542;25;1;0;0;1027026;2768;77;1;0
FR;4;2021-08-26;3713;21;2;0;0;1030739;2789;79;1;0
FR;4;2021-08-27;3617;31;2;0;0;1034356;2820;81;1;0
FR;4;2021-08-28;1725;10;1;0;0;1036081;2830;82;1;0
FR;4;2021-08-29;384;7;1;0;0;1036465;2837;83;1;0
FR;4;2021-08-30;2009;25;0;0;15;1038474;2862;83;1;15
FR;4;2021-08-31;2485;21;0;0;14;1040959;2883;83;1;29
FR;4;2021-09-01;2083;38;1;0;21;1043042;2921;84;1;50
FR;4;2021-09-02;2304;31;4;0;18;1045346;2952;88;1;68
FR;4;2021-09-03;2362;44;5;0;36;1047708;2996;93;1;104
FR;4;2021-09-04;1374;17;0;0;8;1049082;3013;93;1;112
FR;4;2021-09-05;433;2;0;0;2;1049515;3015;93;1;114
FR;4;2021-09-06;1712;61;0;0;22;1051227;3076;93;1;136
FR;4;2021-09-07;1678;18;0;0;8;1052905;3094;93;1;144
FR;4;2021-09-08;1285;26;3;0;19;1054190;3120;96;1;163
FR;4;2021-09-09;1388;23;2;0;9;1055578;3143;98;1;172
FR;4;2021-09-10;1521;31;2;0;23;1057099;3174;100;1;195
FR;4;2021-09-11;744;11;0;0;3;1057843;3185;100;1;198
FR;4;2021-09-12;169;4;0;0;3;1058012;3189;100;1;201
FR;4;2021-09-13;1321;22;1;0;16;1059333;3211;101;1;217
FR;4;2021-09-14;1502;9;2;0;6;1060835;3220;103;1;223
FR;4;2021-09-15;1095;27;1;0;24;1061930;3247;104;1;247
FR;4;2021-09-16;1102;22;2;0;15;1063032;3269;106;1;262
FR;4;2021-09-17;896;21;1;0;12;1063928;3290;107;1;274
FR;4;2021-09-18;464;6;1;0;5;1064392;3296;108;1;279
FR;4;2021-09-19;182;3;0;0;2;1064574;3299;108;1;281
FR;4;2021-09-20;453;19;0;0;13;1065027;3318;108;1;294
FR;4;2021-09-21;432;11;0;0;7;1065459;3329;108;1;301
FR;4;2021-09-22;374;19;2;0;13;1065833;3348;110;1;314
FR;4;2021-09-23;483;16;1;0;15;1066316;3364;111;1;329
FR;4;2021-09-24;412;13;2;0;9;1066728;3377;113;1;338
FR;4;2021-09-25;280;10;1;0;5;1067008;3387;114;1;343
FR;4;2021-09-26;74;2;0;0;1;1067082;3389;114;1;344
FR;4;2021-09-27;263;10;1;0;8;1067345;3399;115;1;352
FR;4;2021-09-28;318;8;0;0;8;1067663;3407;115;1;360
FR;4;2021-09-29;375;19;1;0;13;1068038;3426;116;1;373
FR;4;2021-09-30;364;40;0;0;21;1068402;3466;116;1;394
FR;4;2021-10-01;411;56;0;0;50;1068813;3522;116;1;444
FR;4;2021-10-02;196;22;1;0;13;1069009;3544;117;1;457
FR;4;2021-10-03;85;1;0;0;0;1069094;3545;117;1;457
FR;4;2021-10-04;359;20;1;0;16;1069453;3565;118;1;473
FR;4;2021-10-05;285;19;2;0;15;1069738;3584;120;1;488
FR;4;2021-10-06;246;23;1;0;18;1069984;3607;121;1;506
FR;4;2021-10-07;265;25;2;0;13;1070249;3632;123;1;519
FR;4;2021-10-08;356;24;2;0;20;1070605;3656;125;1;539
FR;4;2021-10-09;194;6;6;0;7;1070799;3662;131;1;546
FR;4;2021-10-10;96;3;2;0;3;1070895;3665;133;1;549
FR;4;2021-10-11;249;15;1;0;14;1071144;3680;134;1;563
FR;4;2021-10-12;208;14;0;0;13;1071352;3694;134;1;576
FR;4;2021-10-13;219;28;1;0;25;1071571;3722;135;1;601
FR;4;2021-10-14;312;21;4;0;15;1071883;3743;139;1;616
FR;4;2021-10-15;322;24;5;0;25;1072205;3767;144;1;641
FR;4;2021-10-16;166;6;2;0;6;1072371;3773;146;1;647
FR;4;2021-10-17;70;2;0;0;1;1072441;3775;146;1;648
FR;4;2021-10-18;281;15;1;0;12;1072722;3790;147;1;660
FR;4;2021-10-19;214;14;2;0;15;1072936;3804;149;1;675
FR;4;2021-10-20;229;27;4;0;15;1073165;3831;153;1;690
FR;4;2021-10-21;242;17;0;0;13;1073407;3848;153;1;703
FR;4;2021-10-22;216;25;2;0;20;1073623;3873;155;1;723
FR;4;2021-10-23;116;16;1;0;15;1073739;3889;156;1;738
FR;4;2021-10-24;38;4;0;0;1;1073777;3893;156;1;739
FR;4;2021-10-25;214;7;2;0;9;1073991;3900;158;1;748
FR;4;2021-10-26;200;14;0;0;12;1074191;3914;158;1;760
FR;4;2021-10-27;196;11;4;0;11;1074387;3925;162;1;771
FR;4;2021-10-28;184;18;4;0;21;1074571;3943;166;1;792
FR;4;2021-10-29;223;15;2;0;13;1074794;3958;168;1;805
FR;4;2021-10-30;102;2;1;0;2;1074896;3960;169;1;807
FR;4;2021-10-31;57;3;2;0;3;1074953;3963;171;1;810
FR;4;2021-11-01;75;27;4;0;24;1075028;3990;175;1;834
FR;4;2021-11-02;160;20;2;0;21;1075188;4010;177;1;855
FR;4;2021-11-03;129;20;8;1;18;1075317;4030;185;2;873
FR;4;2021-11-04;183;15;1;0;12;1075500;4045;186;2;885
FR;4;2021-11-05;130;17;1;0;16;1075630;4062;187;2;901
FR;4;2021-11-06;80;6;1;0;6;1075710;4068;188;2;907
FR;4;2021-11-07;81;2;2;0;4;1075791;4070;190;2;911
FR;4;2021-11-08;159;20;1;0;20;1075950;4090;191;2;931
FR;4;2021-11-09;156;14;3;0;16;1076106;4104;194;2;947
FR;4;2021-11-10;119;30;6;0;32;1076225;4134;200;2;979
FR;4;2021-11-11;98;10;1;0;11;1076323;4144;201;2;990
FR;4;2021-11-12;104;19;2;0;18;1076427;4163;203;2;1008
FR;4;2021-11-13;74;15;2;0;14;1076501;4178;205;2;1022
FR;4;2021-11-14;54;5;4;0;8;1076555;4183;209;2;1030
FR;4;2021-11-15;99;26;2;0;24;1076654;4209;211;2;1054
FR;4;2021-11-16;105;13;2;0;15;1076759;4222;213;2;1069
FR;4;2021-11-17;119;30;4;0;30;1076878;4252;217;2;1099
FR;4;2021-11-18;100;34;13;0;42;1076978;4286;230;2;1141
FR;4;2021-11-19;87;19;3;0;20;1077065;4305;233;2;1161
FR;4;2021-11-20;77;8;1;0;8;1077142;4313;234;2;1169
FR;4;2021-11-21;67;7;2;0;9;1077209;4320;236;2;1178
FR;4;2021-11-22;106;28;9;0;33;1077315;4348;245;2;1211
FR;4;2021-11-23;76;31;5;0;28;1077391;4379;250;2;1239
FR;4;2021-11-24;87;23;11;0;24;1077478;4402;261;2;1263
FR;4;2021-11-25;93;28;16;0;32;1077571;4430;277;2;1295
FR;4;2021-11-26;83;43;12;0;45;1077654;4473;289;2;1340
FR;4;2021-11-27;41;22;15;0;25;1077695;4495;304;2;1365
FR;4;2021-11-28;50;8;0;0;7;1077745;4503;304;2;1372
FR;4;2021-11-29;89;31;16;0;40;1077834;4534;320;2;1412
FR;4;2021-11-30;74;37;12;0;41;1077908;4571;332;2;1453
FR;4;2021-12-01;88;60;19;0;67;1077996;4631;351;2;1520
FR;4;2021-12-02;105;48;19;0;53;1078101;4679;370;2;1573
FR;4;2021-12-03;100;36;15;0;44;1078201;4715;385;2;1617
FR;4;2021-12-04;72;31;18;0;44;1078273;4746;403;2;1661
FR;4;2021-12-05;62;6;1;0;7;1078335;4752;404;2;1668
FR;4;2021-12-06;107;46;19;0;59;1078442;4798;423;2;1727
FR;4;2021-12-07;81;37;9;0;36;1078523;4835;432;2;1763
FR;4;2021-12-08;70;31;16;0;37;1078593;4866;448;2;1800
FR;4;2021-12-09;61;32;10;0;38;1078654;4898;458;2;1838
FR;4;2021-12-10;63;64;20;0;68;1078717;4962;478;2;1906
FR;4;2021-12-11;28;34;7;0;34;1078745;4996;485;2;1940
FR;4;2021-12-12;24;10;3;0;13;1078769;5006;488;2;1953
FR;4;2021-12-13;72;40;14;0;49;1078841;5046;502;2;2002
FR;4;2021-12-14;59;43;17;0;54;1078900;5089;519;2;2056
FR;4;2021-12-15;66;64;28;0;84;1078966;5153;547;2;2140
FR;4;2021-12-16;33;44;19;0;57;1078999;5197;566;2;2197
FR;4;2021-12-17;40;55;12;0;60;1079039;5252;578;2;2257
FR;4;2021-12-18;48;30;2;0;31;1079087;5282;580;2;2288
FR;4;2021-12-19;15;4;1;0;4;1079102;5286;581;2;2292
FR;4;2021-12-20;42;38;10;0;41;1079144;5324;591;2;2333
FR;4;2021-12-21;29;31;15;0;37;1079173;5355;606;2;2370
FR;4;2021-12-22;37;37;10;0;38;1079210;5392;616;2;2408
FR;4;2021-12-23;39;45;8;0;49;1079249;5437;624;2;2457
FR;4;2021-12-24;23;26;10;0;30;1079272;5463;634;2;2487
FR;4;2021-12-25;6;3;3;0;4;1079278;5466;637;2;2491
FR;4;2021-12-26;5;3;1;0;2;1079283;5469;638;2;2493
FR;4;2021-12-27;31;41;9;0;43;1079314;5510;647;2;2536
FR;4;2021-12-28;25;28;7;0;29;1079339;5538;654;2;2565
FR;4;2021-12-29;50;25;11;0;30;1079389;5563;665;2;2595
FR;4;2021-12-30;43;19;12;0;22;1079432;5582;677;2;2617
FR;4;2021-12-31;18;6;8;0;11;1079450;5588;685;2;2628
FR;4;2022-01-01;5;4;4;0;6;1079455;5592;689;2;2634
FR;4;2022-01-02;40;5;16;0;20;1079495;5597;705;2;2654
FR;4;2022-01-03;41;55;22;1;62;1079536;5652;727;3;2716
FR;4;2022-01-04;36;28;14;0;32;1079572;5680;741;3;2748
FR;4;2022-01-05;50;22;19;0;25;1079622;5702;760;3;2773
FR;4;2022-01-06;48;22;24;0;38;1079670;5724;784;3;2811
FR;4;2022-01-07;29;20;15;0;20;1079699;5744;799;3;2831
FR;4;2022-01-08;10;6;10;0;12;1079709;5750;809;3;2843
FR;4;2022-01-09;18;2;3;0;4;1079727;5752;812;3;2847
FR;4;2022-01-10;45;22;19;0;36;1079772;5774;831;3;2883
FR;4;2022-01-11;27;31;12;0;35;1079799;5805;843;3;2918
FR;4;2022-01-12;33;21;13;0;23;1079832;5826;856;3;2941
FR;4;2022-01-13;53;20;27;0;38;1079885;5846;883;3;2979
FR;4;2022-01-14;23;29;13;0;32;1079908;5875;896;3;3011
FR;4;2022-01-15;13;6;8;0;12;1079921;5881;904;3;3023
FR;4;2022-01-16;11;9;12;0;20;1079932;5890;916;3;3043
FR;4;2022-01-17;25;19;12;0;25;1079957;5909;928;3;3068
FR;4;2022-01-18;16;13;8;0;18;1079973;5922;936;3;3086
FR;4;2022-01-19;30;23;11;0;32;1080003;5945;947;3;3118
FR;4;2022-01-20;31;34;12;0;38;1080034;5979;959;3;3156
FR;4;2022-01-21;10;12;19;1;16;1080044;5991;978;4;3172
FR;4;2022-01-22;30;13;2;0;13;1080074;6004;980;4;3185
FR;4;2022-01-23;7;2;4;0;6;1080081;6006;984;4;3191
FR;4;2022-01-24;14;21;8;0;27;1080095;6027;992;4;3218
FR;4;2022-01-25;20;32;9;1;37;1080115;6059;1001;5;3255
FR;4;2022-01-26;19;16;8;1;19;1080134;6075;1009;6;3274
FR;4;2022-01-27;20;18;8;0;24;1080154;6093;1017;6;3298
FR;4;2022-01-28;13;23;8;0;26;1080167;6116;1025;6;3324
FR;4;2022-01-29;17;6;5;0;10;1080184;6122;1030;6;3334
FR;4;2022-01-30;18;3;1;0;4;1080202;6125;1031;6;3338
FR;4;2022-01-31;22;27;8;0;31;1080224;6152;1039;6;3369
FR;4;2022-02-01;11;22;12;0;23;1080235;6174;1051;6;3392
FR;4;2022-02-02;17;11;12;2;18;1080252;6185;1063;8;3410
FR;4;2022-02-03;14;23;10;0;27;1080266;6208;1073;8;3437
FR;4;2022-02-04;7;5;7;0;9;1080273;6213;1080;8;3446
FR;4;2022-02-05;7;14;1;0;13;1080280;6227;1081;8;3459
FR;4;2022-02-06;6;4;3;0;6;1080286;6231;1084;8;3465
FR;4;2022-02-07;15;19;7;0;19;1080301;6250;1091;8;3484
FR;4;2022-02-08;19;21;13;1;22;1080320;6271;1104;9;3506
FR;4;2022-02-09;16;11;8;0;15;1080336;6282;1112;9;3521
FR;4;2022-02-10;19;23;9;0;24;1080355;6305;1121;9;3545
FR;4;2022-02-11;18;14;8;0;19;1080373;6319;1129;9;3564
FR;4;2022-02-12;24;6;2;0;6;1080397;6325;1131;9;3570
FR;4;2022-02-13;7;3;3;0;6;1080404;6328;1134;9;3576
FR;4;2022-02-14;20;10;9;0;15;1080424;6338;1143;9;3591
FR;4;2022-02-15;17;7;1;0;7;1080441;6345;1144;9;3598
FR;4;2022-02-16;16;9;10;0;15;1080457;6354;1154;9;3613
FR;4;2022-02-17;11;4;4;0;6;1080468;6358;1158;9;3619
FR;4;2022-02-18;16;15;7;0;20;1080484;6373;1165;9;3639
FR;4;2022-02-19;16;4;2;0;5;1080500;6377;1167;9;3644
FR;4;2022-02-20;7;3;0;0;2;1080507;6380;1167;9;3646
FR;4;2022-02-21;23;3;4;0;5;1080530;6383;1171;9;3651
FR;4;2022-02-22;8;5;10;0;10;1080538;6388;1181;9;3661
FR;4;2022-02-23;16;6;9;0;9;1080554;6394;1190;9;3670
FR;4;2022-02-24;11;5;3;0;6;1080565;6399;1193;9;3676
FR;4;2022-02-25;15;5;7;0;6;1080580;6404;1200;9;3682
FR;4;2022-02-26;26;3;0;0;3;1080606;6407;1200;9;3685
FR;4;2022-02-27;9;0;1;0;1;1080615;6407;1201;9;3686
FR;4;2022-02-28;18;3;2;0;3;1080633;6410;1203;9;3689
FR;4;2022-03-01;7;4;7;0;5;1080640;6414;1210;9;3694
FR;4;2022-03-02;13;3;4;0;6;1080653;6417;1214;9;3700
FR;4;2022-03-03;17;5;2;0;5;1080670;6422;1216;9;3705
FR;4;2022-03-04;7;7;2;1;5;1080677;6429;1218;10;3710
FR;4;2022-03-05;9;2;0;0;2;1080686;6431;1218;10;3712
FR;4;2022-03-06;4;0;1;0;1;1080690;6431;1219;10;3713
FR;4;2022-03-07;10;4;1;0;3;1080700;6435;1220;10;3716
FR;4;2022-03-08;13;3;0;0;3;1080713;6438;1220;10;3719
FR;4;2022-03-09;8;7;2;0;7;1080721;6445;1222;10;3726
FR;4;2022-03-10;5;1;5;0;2;1080726;6446;1227;10;3728
FR;4;2022-03-11;9;4;5;0;2;1080735;6450;1232;10;3730
FR;4;2022-03-12;9;2;0;0;0;1080744;6452;1232;10;3730
FR;4;2022-03-13;5;1;1;0;2;1080749;6453;1233;10;3732
FR;4;2022-03-14;4;1;1;0;2;1080753;6454;1234;10;3734
FR;4;2022-03-15;7;6;3;0;5;1080760;6460;1237;10;3739
FR;4;2022-03-16;7;3;3;0;3;1080767;6463;1240;10;3742
FR;4;2022-03-17;3;4;1;0;5;1080770;6467;1241;10;3747
FR;4;2022-03-18;9;3;0;0;3;1080779;6470;1241;10;3750
FR;4;2022-03-19;1;1;1;0;2;1080780;6471;1242;10;3752
FR;4;2022-03-20;2;0;2;0;1;1080782;6471;1244;10;3753
FR;4;2022-03-21;6;3;1;0;4;1080788;6474;1245;10;3757
FR;4;2022-03-22;3;2;2;0;3;1080791;6476;1247;10;3760
FR;4;2022-03-23;6;4;4;0;7;1080797;6480;1251;10;3767
FR;4;2022-03-24;2;6;3;1;7;1080799;6486;1254;11;3774
FR;4;2022-03-25;3;1;2;0;1;1080802;6487;1256;11;3775
FR;4;2022-03-26;5;5;0;0;5;1080807;6492;1256;11;3780
FR;4;2022-03-27;1;0;2;0;1;1080808;6492;1258;11;3781
FR;4;2022-03-28;5;1;3;0;3;1080813;6493;1261;11;3784
FR;4;2022-03-29;8;0;4;1;0;1080821;6493;1265;12;3784
FR;4;2022-03-30;3;4;0;0;4;1080824;6497;1265;12;3788
FR;4;2022-03-31;2;3;1;1;3;1080826;6500;1266;13;3791
FR;4;2022-04-01;14;2;5;0;5;1080840;6502;1271;13;3796
FR;4;2022-04-02;4;4;0;0;3;1080844;6506;1271;13;3799
FR;4;2022-04-03;0;0;0;0;0;1080844;6506;1271;13;3799
FR;4;2022-04-04;4;4;4;0;5;1080848;6510;1275;13;3804
FR;4;2022-04-05;4;3;1;1;2;1080852;6513;1276;14;3806
FR;4;2022-04-06;6;0;0;0;0;1080858;6513;1276;14;3806
FR;4;2022-04-07;3;2;3;2;5;1080861;6515;1279;16;3811
FR;4;2022-04-08;4;1;1;0;1;1080865;6516;1280;16;3812
FR;4;2022-04-09;0;0;1;1;1;1080865;6516;1281;17;3813
FR;4;2022-04-10;1;2;0;0;2;1080866;6518;1281;17;3815
FR;4;2022-04-11;4;3;4;0;5;1080870;6521;1285;17;3820
FR;4;2022-04-12;3;1;4;0;2;1080873;6522;1289;17;3822
FR;4;2022-04-13;5;7;2;0;9;1080878;6529;1291;17;3831
FR;4;2022-04-14;6;4;2;1;5;1080884;6533;1293;18;3836
FR;4;2022-04-15;5;8;1;0;9;1080889;6541;1294;18;3845
FR;4;2022-04-16;1;0;0;0;0;1080890;6541;1294;18;3845
FR;4;2022-04-17;2;1;0;0;1;1080892;6542;1294;18;3846
FR;4;2022-04-18;2;2;6;0;4;1080894;6544;1300;18;3850
FR;4;2022-04-19;2;0;1;0;0;1080896;6544;1301;18;3850
FR;4;2022-04-20;14;4;1;0;3;1080910;6548;1302;18;3853
FR;4;2022-04-21;7;1;0;0;1;1080917;6549;1302;18;3854
FR;4;2022-04-22;1;1;2;0;2;1080918;6550;1304;18;3856
FR;4;2022-04-23;2;3;3;0;6;1080920;6553;1307;18;3862
FR;4;2022-04-24;0;2;0;0;2;1080920;6555;1307;18;3864
FR;4;2022-04-25;3;4;3;0;7;1080923;6559;1310;18;3871
FR;4;2022-04-26;5;6;1;0;6;1080928;6565;1311;18;3877
FR;4;2022-04-27;4;1;1;1;1;1080932;6566;1312;19;3878
FR;4;2022-04-28;3;5;5;0;6;1080935;6571;1317;19;3884
FR;4;2022-04-29;6;3;0;0;2;1080941;6574;1317;19;3886
FR;4;2022-04-30;2;1;1;0;2;1080943;6575;1318;19;3888
FR;4;2022-05-01;0;0;0;0;0;1080943;6575;1318;19;3888
FR;4;2022-05-02;5;16;6;0;19;1080948;6591;1324;19;3907
FR;4;2022-05-03;2;6;2;0;7;1080950;6597;1326;19;3914
FR;4;2022-05-04;7;4;1;0;4;1080957;6601;1327;19;3918
FR;4;2022-05-05;2;2;1;1;1;1080959;6603;1328;20;3919
FR;4;2022-05-06;3;3;1;0;2;1080962;6606;1329;20;3921
FR;4;2022-05-07;0;0;0;0;0;1080962;6606;1329;20;3921
FR;4;2022-05-08;1;1;0;0;1;1080963;6607;1329;20;3922
FR;4;2022-05-09;5;1;0;0;1;1080968;6608;1329;20;3923
FR;4;2022-05-10;1;1;0;2;3;1080969;6609;1329;22;3926
FR;4;2022-05-11;3;2;3;0;5;1080972;6611;1332;22;3931
FR;4;2022-05-12;6;3;1;1;4;1080978;6614;1333;23;3935
FR;4;2022-05-13;1;0;2;0;2;1080979;6614;1335;23;3937
FR;4;2022-05-14;0;2;0;0;2;1080979;6616;1335;23;3939
FR;4;2022-05-15;2;2;0;0;0;1080981;6618;1335;23;3939
FR;4;2022-05-16;5;2;2;0;2;1080986;6620;1337;23;3941
FR;4;2022-05-17;5;1;2;0;3;1080991;6621;1339;23;3944
FR;4;2022-05-18;3;6;0;0;6;1080994;6627;1339;23;3950
FR;4;2022-05-19;2;2;3;0;4;1080996;6629;1342;23;3954
FR;4;2022-05-20;4;2;3;0;2;1081000;6631;1345;23;3956
FR;4;2022-05-21;2;0;1;0;1;1081002;6631;1346;23;3957
FR;4;2022-05-22;0;0;1;0;1;1081002;6631;1347;23;3958
FR;4;2022-05-23;0;0;2;0;0;1081002;6631;1349;23;3958
FR;4;2022-05-24;1;4;0;0;4;1081003;6635;1349;23;3962
FR;4;2022-05-25;1;3;0;0;1;1081004;6638;1349;23;3963
FR;4;2022-05-26;4;0;1;0;1;1081008;6638;1350;23;3964
FR;4;2022-05-27;0;2;0;1;2;1081008;6640;1350;24;3966
FR;4;2022-05-28;1;0;0;0;0;1081009;6640;1350;24;3966
FR;4;2022-05-29;1;0;1;0;1;1081010;6640;1351;24;3967
FR;4;2022-05-30;2;4;2;0;5;1081012;6644;1353;24;3972
FR;4;2022-05-31;2;1;0;0;1;1081014;6645;1353;24;3973
FR;4;2022-06-01;1;11;7;0;15;1081015;6656;1360;24;3988
FR;4;2022-06-02;5;6;2;0;6;1081020;6662;1362;24;3994
FR;4;2022-06-03;2;5;4;1;6;1081022;6667;1366;25;4000
FR;4;2022-06-04;0;1;1;0;1;1081022;6668;1367;25;4001
FR;4;2022-06-05;0;0;0;0;0;1081022;6668;1367;25;4001
FR;4;2022-06-06;6;0;3;0;2;1081028;6668;1370;25;4003
FR;4;2022-06-07;5;1;0;1;1;1081033;6669;1370;26;4004
FR;4;2022-06-08;0;3;3;0;6;1081033;6672;1373;26;4010
FR;4;2022-06-09;1;2;0;0;1;1081034;6674;1373;26;4011
FR;4;2022-06-10;3;0;3;0;1;1081037;6674;1376;26;4012
FR;4;2022-06-11;1;0;0;0;0;1081038;6674;1376;26;4012
FR;4;2022-06-12;4;0;0;0;0;1081042;6674;1376;26;4012
FR;4;2022-06-13;4;2;3;0;2;1081046;6676;1379;26;4014
FR;4;2022-06-14;4;2;0;0;2;1081050;6678;1379;26;4016
FR;4;2022-06-15;6;0;4;0;0;1081056;6678;1383;26;4016
FR;4;2022-06-16;1;3;1;1;2;1081057;6681;1384;27;4018
FR;4;2022-06-17;6;1;0;0;1;1081063;6682;1384;27;4019
FR;4;2022-06-18;0;0;0;0;0;1081063;6682;1384;27;4019
FR;4;2022-06-19;0;0;0;0;0;1081063;6682;1384;27;4019
FR;4;2022-06-20;4;2;2;1;3;1081067;6684;1386;28;4022
FR;4;2022-06-21;4;2;3;1;3;1081071;6686;1389;29;4025
FR;4;2022-06-22;3;1;0;3;1;1081074;6687;1389;32;4026
FR;4;2022-06-23;3;3;3;0;5;1081077;6690;1392;32;4031
FR;4;2022-06-24;3;0;2;0;0;1081080;6690;1394;32;4031
FR;4;2022-06-25;1;0;1;1;1;1081081;6690;1395;33;4032
FR;4;2022-06-26;0;0;1;0;1;1081081;6690;1396;33;4033
FR;4;2022-06-27;1;2;0;3;2;1081082;6692;1396;36;4035
FR;4;2022-06-28;0;4;2;1;5;1081082;6696;1398;37;4040
FR;4;2022-06-29;1;2;0;0;2;1081083;6698;1398;37;4042
FR;4;2022-06-30;2;0;0;0;0;1081085;6698;1398;37;4042
FR;4;2022-07-01;2;4;8;0;4;1081087;6702;1406;37;4046
FR;4;2022-07-02;0;1;0;0;0;1081087;6703;1406;37;4046
FR;4;2022-07-03;0;0;0;0;0;1081087;6703;1406;37;4046
FR;4;2022-07-04;3;1;0;0;1;1081090;6704;1406;37;4047
FR;4;2022-07-05;1;0;2;0;2;1081091;6704;1408;37;4049
FR;4;2022-07-06;5;0;1;1;0;1081096;6704;1409;38;4049
FR;4;2022-07-07;1;0;2;1;0;1081097;6704;1411;39;4049
FR;4;2022-07-08;2;1;0;0;1;1081099;6705;1411;39;4050
FR;4;2022-07-09;2;2;1;0;3;1081101;6707;1412;39;4053
FR;4;2022-07-10;2;0;0;0;0;1081103;6707;1412;39;4053
FR;4;2022-07-11;2;0;2;0;0;1081105;6707;1414;39;4053
FR;4;2022-07-12;0;0;2;0;2;1081105;6707;1416;39;4055
FR;4;2022-07-13;2;2;3;0;2;1081107;6709;1419;39;4057
FR;4;2022-07-14;4;0;1;0;0;1081111;6709;1420;39;4057
FR;4;2022-07-15;8;2;0;0;2;1081119;6711;1420;39;4059
FR;4;2022-07-16;3;0;0;2;0;1081122;6711;1420;41;4059
FR;4;2022-07-17;0;0;0;0;0;1081122;6711;1420;41;4059
FR;4;2022-07-18;2;2;2;0;2;1081124;6713;1422;41;4061
FR;4;2022-07-19;3;0;1;0;1;1081127;6713;1423;41;4062
FR;4;2022-07-20;10;0;0;0;0;1081137;6713;1423;41;4062
FR;4;2022-07-21;2;1;1;0;1;1081139;6714;1424;41;4063
FR;4;2022-07-22;3;0;3;0;1;1081142;6714;1427;41;4064
FR;4;2022-07-23;1;2;0;0;1;1081143;6716;1427;41;4065
FR;4;2022-07-24;0;0;0;0;0;1081143;6716;1427;41;4065
FR;4;2022-07-25;5;0;2;0;2;1081148;6716;1429;41;4067
FR;4;2022-07-26;2;0;0;0;0;1081150;6716;1429;41;4067
FR;4;2022-07-27;2;1;0;0;0;1081152;6717;1429;41;4067
FR;4;2022-07-28;6;0;0;0;0;1081158;6717;1429;41;4067
FR;4;2022-07-29;2;0;1;0;0;1081160;6717;1430;41;4067
FR;4;2022-07-30;3;0;2;0;0;1081163;6717;1432;41;4067
FR;4;2022-07-31;0;0;0;0;0;1081163;6717;1432;41;4067
FR;4;2022-08-01;1;0;2;0;1;1081164;6717;1434;41;4068
FR;4;2022-08-02;6;0;0;0;0;1081170;6717;1434;41;4068
FR;4;2022-08-03;0;2;1;0;2;1081170;6719;1435;41;4070
FR;4;2022-08-04;3;1;0;0;1;1081173;6720;1435;41;4071
FR;4;2022-08-05;2;0;1;0;0;1081175;6720;1436;41;4071
FR;4;2022-08-06;2;0;0;0;0;1081177;6720;1436;41;4071
FR;4;2022-08-07;3;0;0;0;0;1081180;6720;1436;41;4071
FR;4;2022-08-08;1;0;1;1;1;1081181;6720;1437;42;4072
FR;4;2022-08-09;1;1;1;2;2;1081182;6721;1438;44;4074
FR;4;2022-08-10;5;1;1;0;1;1081187;6722;1439;44;4075
FR;4;2022-08-11;1;0;1;0;1;1081188;6722;1440;44;4076
FR;4;2022-08-12;4;0;1;0;0;1081192;6722;1441;44;4076
FR;4;2022-08-13;1;0;0;0;0;1081193;6722;1441;44;4076
FR;4;2022-08-14;0;0;0;0;0;1081193;6722;1441;44;4076
FR;4;2022-08-15;0;1;3;0;1;1081193;6723;1444;44;4077
FR;4;2022-08-16;0;0;1;0;1;1081193;6723;1445;44;4078
FR;4;2022-08-17;1;0;0;0;0;1081194;6723;1445;44;4078
FR;4;2022-08-18;0;0;0;0;0;1081194;6723;1445;44;4078
FR;4;2022-08-19;5;0;0;0;0;1081199;6723;1445;44;4078
FR;4;2022-08-20;1;0;0;0;0;1081200;6723;1445;44;4078
FR;4;2022-08-21;1;0;0;0;0;1081201;6723;1445;44;4078
FR;4;2022-08-22;3;9;0;0;9;1081204;6732;1445;44;4087
FR;4;2022-08-23;1;0;1;0;0;1081205;6732;1446;44;4087
FR;4;2022-08-24;3;0;0;0;0;1081208;6732;1446;44;4087
FR;4;2022-08-25;0;3;1;0;3;1081208;6735;1447;44;4090
FR;4;2022-08-26;1;0;0;1;0;1081209;6735;1447;45;4090
FR;4;2022-08-27;1;0;0;0;0;1081210;6735;1447;45;4090
FR;4;2022-08-28;0;0;0;0;0;1081210;6735;1447;45;4090
FR;4;2022-08-29;2;0;0;0;0;1081212;6735;1447;45;4090
FR;4;2022-08-30;3;0;0;0;0;1081215;6735;1447;45;4090
FR;4;2022-08-31;0;1;0;0;1;1081215;6736;1447;45;4091
FR;4;2022-09-01;1;4;1;0;3;1081216;6740;1448;45;4094
FR;4;2022-09-02;1;0;1;0;1;1081217;6740;1449;45;4095
FR;4;2022-09-03;2;0;0;0;0;1081219;6740;1449;45;4095
FR;4;2022-09-04;0;0;0;0;0;1081219;6740;1449;45;4095
FR;4;2022-09-05;1;2;0;0;2;1081220;6742;1449;45;4097
FR;4;2022-09-06;0;0;0;0;0;1081220;6742;1449;45;4097
FR;4;2022-09-07;0;0;1;1;1;1081220;6742;1450;46;4098
FR;4;2022-09-08;3;0;0;0;0;1081223;6742;1450;46;4098
FR;4;2022-09-09;1;0;0;0;0;1081224;6742;1450;46;4098
FR;4;2022-09-10;0;0;0;3;1;1081224;6742;1450;49;4099
FR;4;2022-09-11;0;0;0;0;0;1081224;6742;1450;49;4099
FR;4;2022-09-12;0;1;0;0;1;1081224;6743;1450;49;4100
FR;4;2022-09-13;0;0;0;0;0;1081224;6743;1450;49;4100
FR;4;2022-09-14;0;0;0;0;0;1081224;6743;1450;49;4100
FR;4;2022-09-15;0;0;0;0;0;1081224;6743;1450;49;4100
FR;4;2022-09-16;0;0;0;0;0;1081224;6743;1450;49;4100
FR;4;2022-09-17;2;0;0;0;0;1081226;6743;1450;49;4100
FR;4;2022-09-18;0;0;0;0;0;1081226;6743;1450;49;4100
FR;4;2022-09-19;1;0;0;0;0;1081227;6743;1450;49;4100
FR;4;2022-09-20;0;0;0;0;0;1081227;6743;1450;49;4100
FR;4;2022-09-21;2;0;0;0;0;1081229;6743;1450;49;4100
FR;5;2020-12-27;0;0;0;0;0;0;0;0;0;0
FR;5;2020-12-28;0;0;0;0;0;0;0;0;0;0
FR;5;2020-12-29;0;0;0;0;0;0;0;0;0;0
FR;5;2020-12-30;0;0;0;0;0;0;0;0;0;0
FR;5;2020-12-31;0;0;0;0;0;0;0;0;0;0
FR;5;2021-01-01;0;0;0;0;0;0;0;0;0;0
FR;5;2021-01-02;0;0;0;0;0;0;0;0;0;0
FR;5;2021-01-03;0;0;0;0;0;0;0;0;0;0
FR;5;2021-01-04;0;0;0;0;0;0;0;0;0;0
FR;5;2021-01-05;0;0;0;0;0;0;0;0;0;0
FR;5;2021-01-06;0;0;0;0;0;0;0;0;0;0
FR;5;2021-01-07;0;0;0;0;0;0;0;0;0;0
FR;5;2021-01-08;0;0;0;0;0;0;0;0;0;0
FR;5;2021-01-09;0;0;0;0;0;0;0;0;0;0
FR;5;2021-01-10;0;0;0;0;0;0;0;0;0;0
FR;5;2021-01-11;0;0;0;0;0;0;0;0;0;0
FR;5;2021-01-12;0;0;0;0;0;0;0;0;0;0
FR;5;2021-01-13;0;0;0;0;0;0;0;0;0;0
FR;5;2021-01-14;0;0;0;0;0;0;0;0;0;0
FR;5;2021-01-15;0;0;0;0;0;0;0;0;0;0
FR;5;2021-01-16;0;0;0;0;0;0;0;0;0;0
FR;5;2021-01-17;0;0;0;0;0;0;0;0;0;0
FR;5;2021-01-18;0;0;0;0;0;0;0;0;0;0
FR;5;2021-01-19;0;0;0;0;0;0;0;0;0;0
FR;5;2021-01-20;0;0;0;0;0;0;0;0;0;0
FR;5;2021-01-21;0;0;0;0;0;0;0;0;0;0
FR;5;2021-01-22;0;0;0;0;0;0;0;0;0;0
FR;5;2021-01-23;0;0;0;0;0;0;0;0;0;0
FR;5;2021-01-24;0;0;0;0;0;0;0;0;0;0
FR;5;2021-01-25;0;0;0;0;0;0;0;0;0;0
FR;5;2021-01-26;0;0;0;0;0;0;0;0;0;0
FR;5;2021-01-27;0;0;0;0;0;0;0;0;0;0
FR;5;2021-01-28;0;0;0;0;0;0;0;0;0;0
FR;5;2021-01-29;0;0;0;0;0;0;0;0;0;0
FR;5;2021-01-30;0;0;0;0;0;0;0;0;0;0
FR;5;2021-01-31;0;0;0;0;0;0;0;0;0;0
FR;5;2021-02-01;0;0;0;0;0;0;0;0;0;0
FR;5;2021-02-02;0;0;0;0;0;0;0;0;0;0
FR;5;2021-02-03;0;0;0;0;0;0;0;0;0;0
FR;5;2021-02-04;0;0;0;0;0;0;0;0;0;0
FR;5;2021-02-05;0;0;0;0;0;0;0;0;0;0
FR;5;2021-02-06;0;0;0;0;0;0;0;0;0;0
FR;5;2021-02-07;0;0;0;0;0;0;0;0;0;0
FR;5;2021-02-08;0;0;0;0;0;0;0;0;0;0
FR;5;2021-02-09;0;0;0;0;0;0;0;0;0;0
FR;5;2021-02-10;0;0;0;0;0;0;0;0;0;0
FR;5;2021-02-11;0;0;0;0;0;0;0;0;0;0
FR;5;2021-02-12;0;0;0;0;0;0;0;0;0;0
FR;5;2021-02-13;0;0;0;0;0;0;0;0;0;0
FR;5;2021-02-14;0;0;0;0;0;0;0;0;0;0
FR;5;2021-02-15;0;0;0;0;0;0;0;0;0;0
FR;5;2021-02-16;0;0;0;0;0;0;0;0;0;0
FR;5;2021-02-17;0;0;0;0;0;0;0;0;0;0
FR;5;2021-02-18;0;0;0;0;0;0;0;0;0;0
FR;5;2021-02-19;0;0;0;0;0;0;0;0;0;0
FR;5;2021-02-20;0;0;0;0;0;0;0;0;0;0
FR;5;2021-02-21;0;0;0;0;0;0;0;0;0;0
FR;5;2021-02-22;0;0;0;0;0;0;0;0;0;0
FR;5;2021-02-23;0;0;0;0;0;0;0;0;0;0
FR;5;2021-02-24;0;0;0;0;0;0;0;0;0;0
FR;5;2021-02-25;0;0;0;0;0;0;0;0;0;0
FR;5;2021-02-26;0;0;0;0;0;0;0;0;0;0
FR;5;2021-02-27;0;0;0;0;0;0;0;0;0;0
FR;5;2021-02-28;0;0;0;0;0;0;0;0;0;0
FR;5;2021-03-01;0;0;0;0;0;0;0;0;0;0
FR;5;2021-03-02;0;0;0;0;0;0;0;0;0;0
FR;5;2021-03-03;0;0;0;0;0;0;0;0;0;0
FR;5;2021-03-04;0;0;0;0;0;0;0;0;0;0
FR;5;2021-03-05;0;0;0;0;0;0;0;0;0;0
FR;5;2021-03-06;0;0;0;0;0;0;0;0;0;0
FR;5;2021-03-07;0;0;0;0;0;0;0;0;0;0
FR;5;2021-03-08;0;0;0;0;0;0;0;0;0;0
FR;5;2021-03-09;0;0;0;0;0;0;0;0;0;0
FR;5;2021-03-10;0;0;0;0;0;0;0;0;0;0
FR;5;2021-03-11;0;0;0;0;0;0;0;0;0;0
FR;5;2021-03-12;0;0;0;0;0;0;0;0;0;0
FR;5;2021-03-13;0;0;0;0;0;0;0;0;0;0
FR;5;2021-03-14;0;0;0;0;0;0;0;0;0;0
FR;5;2021-03-15;0;0;0;0;0;0;0;0;0;0
FR;5;2021-03-16;0;0;0;0;0;0;0;0;0;0
FR;5;2021-03-17;0;0;0;0;0;0;0;0;0;0
FR;5;2021-03-18;0;0;0;0;0;0;0;0;0;0
FR;5;2021-03-19;0;0;0;0;0;0;0;0;0;0
FR;5;2021-03-20;0;0;0;0;0;0;0;0;0;0
FR;5;2021-03-21;0;0;0;0;0;0;0;0;0;0
FR;5;2021-03-22;0;0;0;0;0;0;0;0;0;0
FR;5;2021-03-23;0;0;0;0;0;0;0;0;0;0
FR;5;2021-03-24;0;0;0;0;0;0;0;0;0;0
FR;5;2021-03-25;0;0;0;0;0;0;0;0;0;0
FR;5;2021-03-26;0;0;0;0;0;0;0;0;0;0
FR;5;2021-03-27;0;0;0;0;0;0;0;0;0;0
FR;5;2021-03-28;0;0;0;0;0;0;0;0;0;0
FR;5;2021-03-29;0;0;0;0;0;0;0;0;0;0
FR;5;2021-03-30;0;0;0;0;0;0;0;0;0;0
FR;5;2021-03-31;0;0;0;0;0;0;0;0;0;0
FR;5;2021-04-01;0;0;0;0;0;0;0;0;0;0
FR;5;2021-04-02;0;0;0;0;0;0;0;0;0;0
FR;5;2021-04-03;0;0;0;0;0;0;0;0;0;0
FR;5;2021-04-04;0;0;0;0;0;0;0;0;0;0
FR;5;2021-04-05;0;0;0;0;0;0;0;0;0;0
FR;5;2021-04-06;0;0;0;0;0;0;0;0;0;0
FR;5;2021-04-07;0;0;0;0;0;0;0;0;0;0
FR;5;2021-04-08;0;0;0;0;0;0;0;0;0;0
FR;5;2021-04-09;0;0;0;0;0;0;0;0;0;0
FR;5;2021-04-10;0;0;0;0;0;0;0;0;0;0
FR;5;2021-04-11;0;0;0;0;0;0;0;0;0;0
FR;5;2021-04-12;0;0;0;0;0;0;0;0;0;0
FR;5;2021-04-13;0;0;0;0;0;0;0;0;0;0
FR;5;2021-04-14;0;0;0;0;0;0;0;0;0;0
FR;5;2021-04-15;0;0;0;0;0;0;0;0;0;0
FR;5;2021-04-16;0;0;0;0;0;0;0;0;0;0
FR;5;2021-04-17;0;0;0;0;0;0;0;0;0;0
FR;5;2021-04-18;0;0;0;0;0;0;0;0;0;0
FR;5;2021-04-19;0;0;0;0;0;0;0;0;0;0
FR;5;2021-04-20;0;0;0;0;0;0;0;0;0;0
FR;5;2021-04-21;0;0;0;0;0;0;0;0;0;0
FR;5;2021-04-22;0;0;0;0;0;0;0;0;0;0
FR;5;2021-04-23;0;0;0;0;0;0;0;0;0;0
FR;5;2021-04-24;0;0;0;0;0;0;0;0;0;0
FR;5;2021-04-25;0;0;0;0;0;0;0;0;0;0
FR;5;2021-04-26;0;0;0;0;0;0;0;0;0;0
FR;5;2021-04-27;0;0;0;0;0;0;0;0;0;0
FR;5;2021-04-28;0;0;0;0;0;0;0;0;0;0
FR;5;2021-04-29;0;0;0;0;0;0;0;0;0;0
FR;5;2021-04-30;0;0;0;0;0;0;0;0;0;0
FR;5;2021-05-01;0;0;0;0;0;0;0;0;0;0
FR;5;2021-05-02;0;0;0;0;0;0;0;0;0;0
FR;5;2021-05-03;0;0;0;0;0;0;0;0;0;0
FR;5;2021-05-04;0;0;0;0;0;0;0;0;0;0
FR;5;2021-05-05;0;0;0;0;0;0;0;0;0;0
FR;5;2021-05-06;0;0;0;0;0;0;0;0;0;0
FR;5;2021-05-07;0;0;0;0;0;0;0;0;0;0
FR;5;2021-05-08;0;0;0;0;0;0;0;0;0;0
FR;5;2021-05-09;0;0;0;0;0;0;0;0;0;0
FR;5;2021-05-10;0;0;0;0;0;0;0;0;0;0
FR;5;2021-05-11;0;0;0;0;0;0;0;0;0;0
FR;5;2021-05-12;0;0;0;0;0;0;0;0;0;0
FR;5;2021-05-13;0;0;0;0;0;0;0;0;0;0
FR;5;2021-05-14;0;0;0;0;0;0;0;0;0;0
FR;5;2021-05-15;0;0;0;0;0;0;0;0;0;0
FR;5;2021-05-16;0;0;0;0;0;0;0;0;0;0
FR;5;2021-05-17;0;0;0;0;0;0;0;0;0;0
FR;5;2021-05-18;0;0;0;0;0;0;0;0;0;0
FR;5;2021-05-19;0;0;0;0;0;0;0;0;0;0
FR;5;2021-05-20;0;0;0;0;0;0;0;0;0;0
FR;5;2021-05-21;0;0;0;0;0;0;0;0;0;0
FR;5;2021-05-22;0;0;0;0;0;0;0;0;0;0
FR;5;2021-05-23;0;0;0;0;0;0;0;0;0;0
FR;5;2021-05-24;0;0;0;0;0;0;0;0;0;0
FR;5;2021-05-25;0;0;0;0;0;0;0;0;0;0
FR;5;2021-05-26;0;0;0;0;0;0;0;0;0;0
FR;5;2021-05-27;0;0;0;0;0;0;0;0;0;0
FR;5;2021-05-28;0;0;0;0;0;0;0;0;0;0
FR;5;2021-05-29;0;0;0;0;0;0;0;0;0;0
FR;5;2021-05-30;0;0;0;0;0;0;0;0;0;0
FR;5;2021-05-31;0;0;0;0;0;0;0;0;0;0
FR;5;2021-06-01;0;0;0;0;0;0;0;0;0;0
FR;5;2021-06-02;0;0;0;0;0;0;0;0;0;0
FR;5;2021-06-03;0;0;0;0;0;0;0;0;0;0
FR;5;2021-06-04;0;0;0;0;0;0;0;0;0;0
FR;5;2021-06-05;0;0;0;0;0;0;0;0;0;0
FR;5;2021-06-06;0;0;0;0;0;0;0;0;0;0
FR;5;2021-06-07;0;0;0;0;0;0;0;0;0;0
FR;5;2021-06-08;0;0;0;0;0;0;0;0;0;0
FR;5;2021-06-09;0;0;0;0;0;0;0;0;0;0
FR;5;2021-06-10;0;0;0;0;0;0;0;0;0;0
FR;5;2021-06-11;0;0;0;0;0;0;0;0;0;0
FR;5;2021-06-12;0;0;0;0;0;0;0;0;0;0
FR;5;2021-06-13;0;0;0;0;0;0;0;0;0;0
FR;5;2021-06-14;0;0;0;0;0;0;0;0;0;0
FR;5;2021-06-15;0;0;0;0;0;0;0;0;0;0
FR;5;2021-06-16;0;0;0;0;0;0;0;0;0;0
FR;5;2021-06-17;0;0;0;0;0;0;0;0;0;0
FR;5;2021-06-18;0;0;0;0;0;0;0;0;0;0
FR;5;2021-06-19;0;0;0;0;0;0;0;0;0;0
FR;5;2021-06-20;0;0;0;0;0;0;0;0;0;0
FR;5;2021-06-21;0;0;0;0;0;0;0;0;0;0
FR;5;2021-06-22;0;0;0;0;0;0;0;0;0;0
FR;5;2021-06-23;0;0;0;0;0;0;0;0;0;0
FR;5;2021-06-24;0;0;0;0;0;0;0;0;0;0
FR;5;2021-06-25;0;0;0;0;0;0;0;0;0;0
FR;5;2021-06-26;0;0;0;0;0;0;0;0;0;0
FR;5;2021-06-27;0;0;0;0;0;0;0;0;0;0
FR;5;2021-06-28;0;0;0;0;0;0;0;0;0;0
FR;5;2021-06-29;0;0;0;0;0;0;0;0;0;0
FR;5;2021-06-30;0;0;0;0;0;0;0;0;0;0
FR;5;2021-07-01;0;0;0;0;0;0;0;0;0;0
FR;5;2021-07-02;0;0;0;0;0;0;0;0;0;0
FR;5;2021-07-03;0;0;0;0;0;0;0;0;0;0
FR;5;2021-07-04;0;0;0;0;0;0;0;0;0;0
FR;5;2021-07-05;0;0;0;0;0;0;0;0;0;0
FR;5;2021-07-06;0;0;0;0;0;0;0;0;0;0
FR;5;2021-07-07;0;0;0;0;0;0;0;0;0;0
FR;5;2021-07-08;0;0;0;0;0;0;0;0;0;0
FR;5;2021-07-09;0;0;0;0;0;0;0;0;0;0
FR;5;2021-07-10;0;0;0;0;0;0;0;0;0;0
FR;5;2021-07-11;0;0;0;0;0;0;0;0;0;0
FR;5;2021-07-12;0;0;0;0;0;0;0;0;0;0
FR;5;2021-07-13;0;0;0;0;0;0;0;0;0;0
FR;5;2021-07-14;0;0;0;0;0;0;0;0;0;0
FR;5;2021-07-15;0;0;0;0;0;0;0;0;0;0
FR;5;2021-07-16;0;0;0;0;0;0;0;0;0;0
FR;5;2021-07-17;0;0;0;0;0;0;0;0;0;0
FR;5;2021-07-18;0;0;0;0;0;0;0;0;0;0
FR;5;2021-07-19;0;0;0;0;0;0;0;0;0;0
FR;5;2021-07-20;0;0;0;0;0;0;0;0;0;0
FR;5;2021-07-21;0;0;0;0;0;0;0;0;0;0
FR;5;2021-07-22;0;0;0;0;0;0;0;0;0;0
FR;5;2021-07-23;0;0;0;0;0;0;0;0;0;0
FR;5;2021-07-24;0;0;0;0;0;0;0;0;0;0
FR;5;2021-07-25;0;0;0;0;0;0;0;0;0;0
FR;5;2021-07-26;0;0;0;0;0;0;0;0;0;0
FR;5;2021-07-27;0;0;0;0;0;0;0;0;0;0
FR;5;2021-07-28;0;0;0;0;0;0;0;0;0;0
FR;5;2021-07-29;0;0;0;0;0;0;0;0;0;0
FR;5;2021-07-30;0;0;0;0;0;0;0;0;0;0
FR;5;2021-07-31;0;0;0;0;0;0;0;0;0;0
FR;5;2021-08-01;0;0;0;0;0;0;0;0;0;0
FR;5;2021-08-02;0;0;0;0;0;0;0;0;0;0
FR;5;2021-08-03;0;0;0;0;0;0;0;0;0;0
FR;5;2021-08-04;0;0;0;0;0;0;0;0;0;0
FR;5;2021-08-05;0;0;0;0;0;0;0;0;0;0
FR;5;2021-08-06;0;0;0;0;0;0;0;0;0;0
FR;5;2021-08-07;0;0;0;0;0;0;0;0;0;0
FR;5;2021-08-08;0;0;0;0;0;0;0;0;0;0
FR;5;2021-08-09;0;0;0;0;0;0;0;0;0;0
FR;5;2021-08-10;0;0;0;0;0;0;0;0;0;0
FR;5;2021-08-11;0;0;0;0;0;0;0;0;0;0
FR;5;2021-08-12;0;0;0;0;0;0;0;0;0;0
FR;5;2021-08-13;0;0;0;0;0;0;0;0;0;0
FR;5;2021-08-14;0;0;0;0;0;0;0;0;0;0
FR;5;2021-08-15;0;0;0;0;0;0;0;0;0;0
FR;5;2021-08-16;0;0;0;0;0;0;0;0;0;0
FR;5;2021-08-17;0;0;0;0;0;0;0;0;0;0
FR;5;2021-08-18;0;0;0;0;0;0;0;0;0;0
FR;5;2021-08-19;0;0;0;0;0;0;0;0;0;0
FR;5;2021-08-20;0;0;0;0;0;0;0;0;0;0
FR;5;2021-08-21;0;0;0;0;0;0;0;0;0;0
FR;5;2021-08-22;0;0;0;0;0;0;0;0;0;0
FR;5;2021-08-23;0;0;0;0;0;0;0;0;0;0
FR;5;2021-08-24;0;0;0;0;0;0;0;0;0;0
FR;5;2021-08-25;0;0;0;0;0;0;0;0;0;0
FR;5;2021-08-26;0;0;0;0;0;0;0;0;0;0
FR;5;2021-08-27;0;0;0;0;0;0;0;0;0;0
FR;5;2021-08-28;0;0;0;0;0;0;0;0;0;0
FR;5;2021-08-29;0;0;0;0;0;0;0;0;0;0
FR;5;2021-08-30;0;0;0;0;0;0;0;0;0;0
FR;5;2021-08-31;0;0;0;0;0;0;0;0;0;0
FR;5;2021-09-01;0;0;0;0;0;0;0;0;0;0
FR;5;2021-09-02;0;0;0;0;0;0;0;0;0;0
FR;5;2021-09-03;0;0;0;0;0;0;0;0;0;0
FR;5;2021-09-04;0;0;0;0;0;0;0;0;0;0
FR;5;2021-09-05;0;0;0;0;0;0;0;0;0;0
FR;5;2021-09-06;0;0;0;0;0;0;0;0;0;0
FR;5;2021-09-07;0;0;0;0;0;0;0;0;0;0
FR;5;2021-09-08;0;0;0;0;0;0;0;0;0;0
FR;5;2021-09-09;0;0;0;0;0;0;0;0;0;0
FR;5;2021-09-10;0;0;0;0;0;0;0;0;0;0
FR;5;2021-09-11;0;0;0;0;0;0;0;0;0;0
FR;5;2021-09-12;0;0;0;0;0;0;0;0;0;0
FR;5;2021-09-13;0;0;0;0;0;0;0;0;0;0
FR;5;2021-09-14;0;0;0;0;0;0;0;0;0;0
FR;5;2021-09-15;0;0;0;0;0;0;0;0;0;0
FR;5;2021-09-16;0;0;0;0;0;0;0;0;0;0
FR;5;2021-09-17;0;0;0;0;0;0;0;0;0;0
FR;5;2021-09-18;0;0;0;0;0;0;0;0;0;0
FR;5;2021-09-19;0;0;0;0;0;0;0;0;0;0
FR;5;2021-09-20;0;0;0;0;0;0;0;0;0;0
FR;5;2021-09-21;0;0;0;0;0;0;0;0;0;0
FR;5;2021-09-22;0;0;0;0;0;0;0;0;0;0
FR;5;2021-09-23;0;0;0;0;0;0;0;0;0;0
FR;5;2021-09-24;0;0;0;0;0;0;0;0;0;0
FR;5;2021-09-25;0;0;0;0;0;0;0;0;0;0
FR;5;2021-09-26;0;0;0;0;0;0;0;0;0;0
FR;5;2021-09-27;0;0;0;0;0;0;0;0;0;0
FR;5;2021-09-28;0;0;0;0;0;0;0;0;0;0
FR;5;2021-09-29;0;0;0;0;0;0;0;0;0;0
FR;5;2021-09-30;0;0;0;0;0;0;0;0;0;0
FR;5;2021-10-01;0;0;0;0;0;0;0;0;0;0
FR;5;2021-10-02;0;0;0;0;0;0;0;0;0;0
FR;5;2021-10-03;0;0;0;0;0;0;0;0;0;0
FR;5;2021-10-04;0;0;0;0;0;0;0;0;0;0
FR;5;2021-10-05;0;0;0;0;0;0;0;0;0;0
FR;5;2021-10-06;0;0;0;0;0;0;0;0;0;0
FR;5;2021-10-07;0;0;0;0;0;0;0;0;0;0
FR;5;2021-10-08;0;0;0;0;0;0;0;0;0;0
FR;5;2021-10-09;0;0;0;0;0;0;0;0;0;0
FR;5;2021-10-10;0;0;0;0;0;0;0;0;0;0
FR;5;2021-10-11;0;0;0;0;0;0;0;0;0;0
FR;5;2021-10-12;0;0;0;0;0;0;0;0;0;0
FR;5;2021-10-13;0;0;0;0;0;0;0;0;0;0
FR;5;2021-10-14;0;0;0;0;0;0;0;0;0;0
FR;5;2021-10-15;0;0;0;0;0;0;0;0;0;0
FR;5;2021-10-16;0;0;0;0;0;0;0;0;0;0
FR;5;2021-10-17;0;0;0;0;0;0;0;0;0;0
FR;5;2021-10-18;0;0;0;0;0;0;0;0;0;0
FR;5;2021-10-19;0;0;0;0;0;0;0;0;0;0
FR;5;2021-10-20;0;0;0;0;0;0;0;0;0;0
FR;5;2021-10-21;0;0;0;0;0;0;0;0;0;0
FR;5;2021-10-22;0;0;0;0;0;0;0;0;0;0
FR;5;2021-10-23;0;0;0;0;0;0;0;0;0;0
FR;5;2021-10-24;0;0;0;0;0;0;0;0;0;0
FR;5;2021-10-25;0;0;0;0;0;0;0;0;0;0
FR;5;2021-10-26;0;0;0;0;0;0;0;0;0;0
FR;5;2021-10-27;0;0;0;0;0;0;0;0;0;0
FR;5;2021-10-28;0;0;0;0;0;0;0;0;0;0
FR;5;2021-10-29;0;0;0;0;0;0;0;0;0;0
FR;5;2021-10-30;0;0;0;0;0;0;0;0;0;0
FR;5;2021-10-31;0;0;0;0;0;0;0;0;0;0
FR;5;2021-11-01;0;0;0;0;0;0;0;0;0;0
FR;5;2021-11-02;0;0;0;0;0;0;0;0;0;0
FR;5;2021-11-03;0;0;0;0;0;0;0;0;0;0
FR;5;2021-11-04;0;0;0;0;0;0;0;0;0;0
FR;5;2021-11-05;0;0;0;0;0;0;0;0;0;0
FR;5;2021-11-06;0;0;0;0;0;0;0;0;0;0
FR;5;2021-11-07;0;0;0;0;0;0;0;0;0;0
FR;5;2021-11-08;0;0;0;0;0;0;0;0;0;0
FR;5;2021-11-09;0;0;0;0;0;0;0;0;0;0
FR;5;2021-11-10;0;0;0;0;0;0;0;0;0;0
FR;5;2021-11-11;0;0;0;0;0;0;0;0;0;0
FR;5;2021-11-12;0;0;0;0;0;0;0;0;0;0
FR;5;2021-11-13;0;0;0;0;0;0;0;0;0;0
FR;5;2021-11-14;0;0;0;0;0;0;0;0;0;0
FR;5;2021-11-15;0;0;0;0;0;0;0;0;0;0
FR;5;2021-11-16;0;0;0;0;0;0;0;0;0;0
FR;5;2021-11-17;0;0;0;0;0;0;0;0;0;0
FR;5;2021-11-18;0;0;0;0;0;0;0;0;0;0
FR;5;2021-11-19;0;0;0;0;0;0;0;0;0;0
FR;5;2021-11-20;0;0;0;0;0;0;0;0;0;0
FR;5;2021-11-21;0;0;0;0;0;0;0;0;0;0
FR;5;2021-11-22;0;0;0;0;0;0;0;0;0;0
FR;5;2021-11-23;0;0;0;0;0;0;0;0;0;0
FR;5;2021-11-24;0;0;0;0;0;0;0;0;0;0
FR;5;2021-11-25;0;0;0;0;0;0;0;0;0;0
FR;5;2021-11-26;0;0;0;0;0;0;0;0;0;0
FR;5;2021-11-27;0;0;0;0;0;0;0;0;0;0
FR;5;2021-11-28;0;0;0;0;0;0;0;0;0;0
FR;5;2021-11-29;0;0;0;0;0;0;0;0;0;0
FR;5;2021-11-30;0;0;0;0;0;0;0;0;0;0
FR;5;2021-12-01;0;0;0;0;0;0;0;0;0;0
FR;5;2021-12-02;0;0;0;0;0;0;0;0;0;0
FR;5;2021-12-03;0;0;0;0;0;0;0;0;0;0
FR;5;2021-12-04;0;0;0;0;0;0;0;0;0;0
FR;5;2021-12-05;0;0;0;0;0;0;0;0;0;0
FR;5;2021-12-06;0;0;0;0;0;0;0;0;0;0
FR;5;2021-12-07;0;0;0;0;0;0;0;0;0;0
FR;5;2021-12-08;0;0;0;0;0;0;0;0;0;0
FR;5;2021-12-09;0;0;0;0;0;0;0;0;0;0
FR;5;2021-12-10;0;0;0;0;0;0;0;0;0;0
FR;5;2021-12-11;0;0;0;0;0;0;0;0;0;0
FR;5;2021-12-12;0;0;0;0;0;0;0;0;0;0
FR;5;2021-12-13;0;0;0;0;0;0;0;0;0;0
FR;5;2021-12-14;33;45;77;0;88;33;45;77;0;88
FR;5;2021-12-15;196;44;37;0;49;229;89;114;0;137
FR;5;2021-12-16;181;21;44;0;48;410;110;158;0;185
FR;5;2021-12-17;312;16;72;0;74;722;126;230;0;259
FR;5;2021-12-18;766;24;22;0;29;1488;150;252;0;288
FR;5;2021-12-19;586;15;15;0;17;2074;165;267;0;305
FR;5;2021-12-20;1223;31;35;0;38;3297;196;302;0;343
FR;5;2021-12-21;1535;22;54;1;60;4832;218;356;1;403
FR;5;2021-12-22;4069;40;37;0;46;8901;258;393;1;449
FR;5;2021-12-23;3042;16;21;0;25;11943;274;414;1;474
FR;5;2021-12-24;761;18;9;0;14;12704;292;423;1;488
FR;5;2021-12-25;61;5;2;0;3;12765;297;425;1;491
FR;5;2021-12-26;623;6;3;0;4;13388;303;428;1;495
FR;5;2021-12-27;4084;25;21;0;23;17472;328;449;1;518
FR;5;2021-12-28;5204;23;41;1;43;22676;351;490;2;561
FR;5;2021-12-29;8107;34;66;2;69;30783;385;556;4;630
FR;5;2021-12-30;5173;18;33;0;39;35956;403;589;4;669
FR;5;2021-12-31;1553;8;10;0;11;37509;411;599;4;680
FR;5;2022-01-01;185;2;2;0;3;37694;413;601;4;683
FR;5;2022-01-02;1489;1;1;0;1;39183;414;602;4;684
FR;5;2022-01-03;3066;36;33;0;32;42249;450;635;4;716
FR;5;2022-01-04;3033;39;33;0;42;45282;489;668;4;758
FR;5;2022-01-05;19323;203;97;1;108;64605;692;765;5;866
FR;5;2022-01-06;3746;134;122;0;142;68351;826;887;5;1008
FR;5;2022-01-07;5007;202;48;2;56;73358;1028;935;7;1064
FR;5;2022-01-08;13659;514;45;0;52;87017;1542;980;7;1116
FR;5;2022-01-09;5754;399;15;0;20;92771;1941;995;7;1136
FR;5;2022-01-10;3455;326;25;0;29;96226;2267;1020;7;1165
FR;5;2022-01-11;3671;284;38;0;41;99897;2551;1058;7;1206
FR;5;2022-01-12;22652;3005;90;0;113;122549;5556;1148;7;1319
FR;5;2022-01-13;4037;622;30;0;32;126586;6178;1178;7;1351
FR;5;2022-01-14;4843;582;44;0;51;131429;6760;1222;7;1402
FR;5;2022-01-15;14686;1746;38;3;49;146115;8506;1260;10;1451
FR;5;2022-01-16;4727;666;3;0;5;150842;9172;1263;10;1456
FR;5;2022-01-17;2297;718;26;0;29;153139;9890;1289;10;1485
FR;5;2022-01-18;2430;870;30;0;40;155569;10760;1319;10;1525
FR;5;2022-01-19;18483;6423;74;2;142;174052;17183;1393;12;1667
FR;5;2022-01-20;1920;1068;25;0;34;175972;18251;1418;12;1701
FR;5;2022-01-21;3077;1372;47;1;59;179049;19623;1465;13;1760
FR;5;2022-01-22;10721;3454;33;1;43;189770;23077;1498;14;1803
FR;5;2022-01-23;2629;1415;6;0;10;192399;24492;1504;14;1813
FR;5;2022-01-24;1160;1340;19;0;23;193559;25832;1523;14;1836
FR;5;2022-01-25;1220;1549;20;2;31;194779;27381;1543;16;1867
FR;5;2022-01-26;10752;12027;50;1;89;205531;39408;1593;17;1956
FR;5;2022-01-27;1291;1693;10;0;17;206822;41101;1603;17;1973
FR;5;2022-01-28;1699;3347;16;0;19;208521;44448;1619;17;1992
FR;5;2022-01-29;6240;8041;68;0;96;214761;52489;1687;17;2088
FR;5;2022-01-30;1509;2950;5;0;18;216270;55439;1692;17;2106
FR;5;2022-01-31;589;1773;23;0;24;216859;57212;1715;17;2130
FR;5;2022-02-01;712;1706;10;0;15;217571;58918;1725;17;2145
FR;5;2022-02-02;6958;15656;52;0;94;224529;74574;1777;17;2239
FR;5;2022-02-03;491;1690;14;0;13;225020;76264;1791;17;2252
FR;5;2022-02-04;945;3002;19;0;31;225965;79266;1810;17;2283
FR;5;2022-02-05;3535;8918;23;0;37;229500;88184;1833;17;2320
FR;5;2022-02-06;737;2397;10;0;19;230237;90581;1843;17;2339
FR;5;2022-02-07;884;1596;23;0;25;231121;92177;1866;17;2364
FR;5;2022-02-08;722;1287;18;0;20;231843;93464;1884;17;2384
FR;5;2022-02-09;4544;12878;44;0;76;236387;106342;1928;17;2460
FR;5;2022-02-10;646;1059;14;0;15;237033;107401;1942;17;2475
FR;5;2022-02-11;793;2032;16;0;21;237826;109433;1958;17;2496
FR;5;2022-02-12;2286;6813;33;0;53;240112;116246;1991;17;2549
FR;5;2022-02-13;464;1540;8;0;8;240576;117786;1999;17;2557
FR;5;2022-02-14;678;1288;10;0;13;241254;119074;2009;17;2570
FR;5;2022-02-15;482;886;9;0;14;241736;119960;2018;17;2584
FR;5;2022-02-16;2980;9123;41;1;58;244716;129083;2059;18;2642
FR;5;2022-02-17;436;809;6;0;7;245152;129892;2065;18;2649
FR;5;2022-02-18;649;1408;13;0;17;245801;131300;2078;18;2666
FR;5;2022-02-19;1373;4315;16;0;28;247174;135615;2094;18;2694
FR;5;2022-02-20;247;879;6;0;8;247421;136494;2100;18;2702
FR;5;2022-02-21;221;607;2;0;4;247642;137101;2102;18;2706
FR;5;2022-02-22;262;545;17;0;17;247904;137646;2119;18;2723
FR;5;2022-02-23;1909;6926;23;1;43;249813;144572;2142;19;2766
FR;5;2022-02-24;182;374;6;1;7;249995;144946;2148;20;2773
FR;5;2022-02-25;336;950;13;0;12;250331;145896;2161;20;2785
FR;5;2022-02-26;972;3070;11;0;15;251303;148966;2172;20;2800
FR;5;2022-02-27;150;506;0;0;3;251453;149472;2172;20;2803
FR;5;2022-02-28;162;369;1;0;1;251615;149841;2173;20;2804
FR;5;2022-03-01;130;280;6;0;7;251745;150121;2179;20;2811
FR;5;2022-03-02;1241;4156;28;3;40;252986;154277;2207;23;2851
FR;5;2022-03-03;121;251;5;0;10;253107;154528;2212;23;2861
FR;5;2022-03-04;196;488;13;0;14;253303;155016;2225;23;2875
FR;5;2022-03-05;677;1990;8;0;16;253980;157006;2233;23;2891
FR;5;2022-03-06;108;260;0;0;0;254088;157266;2233;23;2891
FR;5;2022-03-07;71;228;5;0;3;254159;157494;2238;23;2894
FR;5;2022-03-08;46;134;7;1;8;254205;157628;2245;24;2902
FR;5;2022-03-09;910;3078;24;0;36;255115;160706;2269;24;2938
FR;5;2022-03-10;82;202;8;0;12;255197;160908;2277;24;2950
FR;5;2022-03-11;148;369;13;1;15;255345;161277;2290;25;2965
FR;5;2022-03-12;758;1613;13;1;30;256103;162890;2303;26;2995
FR;5;2022-03-13;78;100;0;0;0;256181;162990;2303;26;2995
FR;5;2022-03-14;67;119;7;1;7;256248;163109;2310;27;3002
FR;5;2022-03-15;83;99;4;0;7;256331;163208;2314;27;3009
FR;5;2022-03-16;883;1827;15;3;36;257214;165035;2329;30;3045
FR;5;2022-03-17;68;123;8;4;10;257282;165158;2337;34;3055
FR;5;2022-03-18;172;318;13;4;18;257454;165476;2350;38;3073
FR;5;2022-03-19;751;1163;12;5;33;258205;166639;2362;43;3106
FR;5;2022-03-20;45;93;1;0;1;258250;166732;2363;43;3107
FR;5;2022-03-21;71;120;10;6;15;258321;166852;2373;49;3122
FR;5;2022-03-22;56;119;8;7;9;258377;166971;2381;56;3131
FR;5;2022-03-23;805;1461;14;8;36;259182;168432;2395;64;3167
FR;5;2022-03-24;70;93;8;7;7;259252;168525;2403;71;3174
FR;5;2022-03-25;222;293;14;8;18;259474;168818;2417;79;3192
FR;5;2022-03-26;707;853;12;5;26;260181;169671;2429;84;3218
FR;5;2022-03-27;75;80;0;0;3;260256;169751;2429;84;3221
FR;5;2022-03-28;81;93;1;2;3;260337;169844;2430;86;3224
FR;5;2022-03-29;71;82;10;4;12;260408;169926;2440;90;3236
FR;5;2022-03-30;823;1116;16;13;29;261231;171042;2456;103;3265
FR;5;2022-03-31;102;125;1;4;6;261333;171167;2457;107;3271
FR;5;2022-04-01;114;86;7;12;11;261447;171253;2464;119;3282
FR;5;2022-04-02;330;349;3;3;15;261777;171602;2467;122;3297
FR;5;2022-04-03;54;59;1;0;1;261831;171661;2468;122;3298
FR;5;2022-04-04;40;57;4;1;8;261871;171718;2472;123;3306
FR;5;2022-04-05;52;60;6;7;9;261923;171778;2478;130;3315
FR;5;2022-04-06;421;439;7;15;16;262344;172217;2485;145;3331
FR;5;2022-04-07;45;69;5;7;7;262389;172286;2490;152;3338
FR;5;2022-04-08;134;112;12;13;14;262523;172398;2502;165;3352
FR;5;2022-04-09;311;324;2;5;17;262834;172722;2504;170;3369
FR;5;2022-04-10;43;31;2;0;2;262877;172753;2506;170;3371
FR;5;2022-04-11;50;60;3;2;4;262927;172813;2509;172;3375
FR;5;2022-04-12;59;54;3;3;5;262986;172867;2512;175;3380
FR;5;2022-04-13;382;413;3;8;16;263368;173280;2515;183;3396
FR;5;2022-04-14;48;48;5;5;9;263416;173328;2520;188;3405
FR;5;2022-04-15;91;109;4;4;5;263507;173437;2524;192;3410
FR;5;2022-04-16;188;184;2;1;13;263695;173621;2526;193;3423
FR;5;2022-04-17;12;11;1;0;1;263707;173632;2527;193;3424
FR;5;2022-04-18;9;10;2;0;3;263716;173642;2529;193;3427
FR;5;2022-04-19;75;71;6;1;6;263791;173713;2535;194;3433
FR;5;2022-04-20;361;349;9;6;12;264152;174062;2544;200;3445
FR;5;2022-04-21;42;64;9;10;12;264194;174126;2553;210;3457
FR;5;2022-04-22;113;96;5;4;5;264307;174222;2558;214;3462
FR;5;2022-04-23;209;193;3;2;10;264516;174415;2561;216;3472
FR;5;2022-04-24;37;35;0;0;3;264553;174450;2561;216;3475
FR;5;2022-04-25;69;65;1;1;4;264622;174515;2562;217;3479
FR;5;2022-04-26;60;63;2;1;5;264682;174578;2564;218;3484
FR;5;2022-04-27;335;316;2;7;14;265017;174894;2566;225;3498
FR;5;2022-04-28;81;54;4;5;8;265098;174948;2570;230;3506
FR;5;2022-04-29;117;84;5;19;12;265215;175032;2575;249;3518
FR;5;2022-04-30;183;114;2;3;10;265398;175146;2577;252;3528
FR;5;2022-05-01;11;7;0;0;0;265409;175153;2577;252;3528
FR;5;2022-05-02;52;28;4;5;2;265461;175181;2581;257;3530
FR;5;2022-05-03;84;57;2;5;11;265545;175238;2583;262;3541
FR;5;2022-05-04;278;205;1;2;7;265823;175443;2584;264;3548
FR;5;2022-05-05;62;32;3;4;5;265885;175475;2587;268;3553
FR;5;2022-05-06;105;65;2;3;5;265990;175540;2589;271;3558
FR;5;2022-05-07;171;117;3;10;13;266161;175657;2592;281;3571
FR;5;2022-05-08;8;8;0;0;2;266169;175665;2592;281;3573
FR;5;2022-05-09;44;34;15;3;16;266213;175699;2607;284;3589
FR;5;2022-05-10;54;49;3;4;5;266267;175748;2610;288;3594
FR;5;2022-05-11;326;237;12;7;21;266593;175985;2622;295;3615
FR;5;2022-05-12;46;34;2;2;2;266639;176019;2624;297;3617
FR;5;2022-05-13;109;83;3;8;8;266748;176102;2627;305;3625
FR;5;2022-05-14;209;131;0;1;8;266957;176233;2627;306;3633
FR;5;2022-05-15;22;9;2;0;1;266979;176242;2629;306;3634
FR;5;2022-05-16;52;34;4;5;4;267031;176276;2633;311;3638
FR;5;2022-05-17;72;40;5;0;2;267103;176316;2638;311;3640
FR;5;2022-05-18;289;215;4;4;8;267392;176531;2642;315;3648
FR;5;2022-05-19;45;35;5;3;3;267437;176566;2647;318;3651
FR;5;2022-05-20;76;63;3;10;1;267513;176629;2650;328;3652
FR;5;2022-05-21;242;166;2;3;17;267755;176795;2652;331;3669
FR;5;2022-05-22;20;14;2;5;2;267775;176809;2654;336;3671
FR;5;2022-05-23;42;31;4;3;6;267817;176840;2658;339;3677
FR;5;2022-05-24;47;45;3;2;5;267864;176885;2661;341;3682
FR;5;2022-05-25;329;257;4;1;16;268193;177142;2665;342;3698
FR;5;2022-05-26;17;5;0;1;2;268210;177147;2665;343;3700
FR;5;2022-05-27;99;54;4;4;9;268309;177201;2669;347;3709
FR;5;2022-05-28;100;78;5;3;10;268409;177279;2674;350;3719
FR;5;2022-05-29;14;14;1;0;2;268423;177293;2675;350;3721
FR;5;2022-05-30;56;41;2;1;2;268479;177334;2677;351;3723
FR;5;2022-05-31;57;43;1;8;1;268536;177377;2678;359;3724
FR;5;2022-06-01;257;241;9;2;25;268793;177618;2687;361;3749
FR;5;2022-06-02;63;61;5;0;9;268856;177679;2692;361;3758
FR;5;2022-06-03;81;71;4;5;10;268937;177750;2696;366;3768
FR;5;2022-06-04;156;109;2;1;9;269093;177859;2698;367;3777
FR;5;2022-06-05;18;11;0;0;1;269111;177870;2698;367;3778
FR;5;2022-06-06;16;9;0;1;0;269127;177879;2698;368;3778
FR;5;2022-06-07;50;56;1;1;2;269177;177935;2699;369;3780
FR;5;2022-06-08;283;225;3;4;17;269460;178160;2702;373;3797
FR;5;2022-06-09;52;41;6;3;7;269512;178201;2708;376;3804
FR;5;2022-06-10;81;72;1;1;6;269593;178273;2709;377;3810
FR;5;2022-06-11;173;141;3;3;10;269766;178414;2712;380;3820
FR;5;2022-06-12;17;16;0;0;2;269783;178430;2712;380;3822
FR;5;2022-06-13;56;47;9;3;10;269839;178477;2721;383;3832
FR;5;2022-06-14;59;56;1;4;6;269898;178533;2722;387;3838
FR;5;2022-06-15;266;260;5;2;27;270164;178793;2727;389;3865
FR;5;2022-06-16;47;30;5;2;5;270211;178823;2732;391;3870
FR;5;2022-06-17;100;67;5;5;10;270311;178890;2737;396;3880
FR;5;2022-06-18;146;95;10;2;26;270457;178985;2747;398;3906
FR;5;2022-06-19;26;15;0;1;4;270483;179000;2747;399;3910
FR;5;2022-06-20;56;50;8;0;11;270539;179050;2755;399;3921
FR;5;2022-06-21;52;73;5;3;7;270591;179123;2760;402;3928
FR;5;2022-06-22;224;247;7;9;33;270815;179370;2767;411;3961
FR;5;2022-06-23;50;38;2;5;6;270865;179408;2769;416;3967
FR;5;2022-06-24;91;69;12;5;16;270956;179477;2781;421;3983
FR;5;2022-06-25;154;124;3;7;14;271110;179601;2784;428;3997
FR;5;2022-06-26;26;19;2;0;5;271136;179620;2786;428;4002
FR;5;2022-06-27;57;60;5;7;11;271193;179680;2791;435;4013
FR;5;2022-06-28;70;49;8;2;14;271263;179729;2799;437;4027
FR;5;2022-06-29;297;268;9;21;34;271560;179997;2808;458;4061
FR;5;2022-06-30;88;57;10;12;17;271648;180054;2818;470;4078
FR;5;2022-07-01;124;65;7;11;12;271772;180119;2825;481;4090
FR;5;2022-07-02;191;132;4;0;22;271963;180251;2829;481;4112
FR;5;2022-07-03;30;25;1;0;4;271993;180276;2830;481;4116
FR;5;2022-07-04;103;64;2;5;6;272096;180340;2832;486;4122
FR;5;2022-07-05;104;72;3;8;13;272200;180412;2835;494;4135
FR;5;2022-07-06;277;168;9;36;27;272477;180580;2844;530;4162
FR;5;2022-07-07;88;68;6;9;13;272565;180648;2850;539;4175
FR;5;2022-07-08;152;120;7;14;25;272717;180768;2857;553;4200
FR;5;2022-07-09;116;68;1;8;10;272833;180836;2858;561;4210
FR;5;2022-07-10;15;6;0;0;1;272848;180842;2858;561;4211
FR;5;2022-07-11;92;72;10;2;19;272940;180914;2868;563;4230
FR;5;2022-07-12;67;63;5;10;7;273007;180977;2873;573;4237
FR;5;2022-07-13;169;118;10;19;16;273176;181095;2883;592;4253
FR;5;2022-07-14;8;4;0;0;0;273184;181099;2883;592;4253
FR;5;2022-07-15;74;66;5;14;15;273258;181165;2888;606;4268
FR;5;2022-07-16;54;44;3;0;3;273312;181209;2891;606;4271
FR;5;2022-07-17;10;7;3;0;2;273322;181216;2894;606;4273
FR;5;2022-07-18;60;46;0;5;3;273382;181262;2894;611;4276
FR;5;2022-07-19;63;42;5;3;7;273445;181304;2899;614;4283
FR;5;2022-07-20;119;106;4;11;14;273564;181410;2903;625;4297
FR;5;2022-07-21;38;43;2;10;5;273602;181453;2905;635;4302
FR;5;2022-07-22;46;69;11;14;23;273648;181522;2916;649;4325
FR;5;2022-07-23;59;78;2;1;11;273707;181600;2918;650;4336
FR;5;2022-07-24;11;9;3;1;3;273718;181609;2921;651;4339
FR;5;2022-07-25;53;48;2;7;8;273771;181657;2923;658;4347
FR;5;2022-07-26;58;53;5;41;6;273829;181710;2928;699;4353
FR;5;2022-07-27;106;118;4;4;13;273935;181828;2932;703;4366
FR;5;2022-07-28;39;35;2;2;6;273974;181863;2934;705;4372
FR;5;2022-07-29;56;72;3;14;8;274030;181935;2937;719;4380
FR;5;2022-07-30;55;53;5;1;7;274085;181988;2942;720;4387
FR;5;2022-07-31;7;11;1;0;1;274092;181999;2943;720;4388
FR;5;2022-08-01;39;52;1;2;6;274131;182051;2944;722;4394
FR;5;2022-08-02;31;43;8;7;8;274162;182094;2952;729;4402
FR;5;2022-08-03;54;51;4;10;9;274216;182145;2956;739;4411
FR;5;2022-08-04;20;18;1;6;1;274236;182163;2957;745;4412
FR;5;2022-08-05;35;26;3;3;3;274271;182189;2960;748;4415
FR;5;2022-08-06;23;26;1;0;1;274294;182215;2961;748;4416
FR;5;2022-08-07;2;2;1;0;1;274296;182217;2962;748;4417
FR;5;2022-08-08;25;19;1;2;2;274321;182236;2963;750;4419
FR;5;2022-08-09;26;28;3;3;3;274347;182264;2966;753;4422
FR;5;2022-08-10;47;47;2;0;5;274394;182311;2968;753;4427
FR;5;2022-08-11;19;34;2;2;5;274413;182345;2970;755;4432
FR;5;2022-08-12;27;28;2;0;2;274440;182373;2972;755;4434
FR;5;2022-08-13;16;18;0;0;0;274456;182391;2972;755;4434
FR;5;2022-08-14;2;3;0;0;0;274458;182394;2972;755;4434
FR;5;2022-08-15;2;5;0;0;0;274460;182399;2972;755;4434
FR;5;2022-08-16;33;26;2;0;5;274493;182425;2974;755;4439
FR;5;2022-08-17;52;55;2;1;1;274545;182480;2976;756;4440
FR;5;2022-08-18;26;18;5;17;7;274571;182498;2981;773;4447
FR;5;2022-08-19;25;33;1;2;2;274596;182531;2982;775;4449
FR;5;2022-08-20;25;27;2;1;4;274621;182558;2984;776;4453
FR;5;2022-08-21;7;4;1;0;1;274628;182562;2985;776;4454
FR;5;2022-08-22;38;26;1;6;2;274666;182588;2986;782;4456
FR;5;2022-08-23;26;25;1;1;2;274692;182613;2987;783;4458
FR;5;2022-08-24;50;43;0;0;0;274742;182656;2987;783;4458
FR;5;2022-08-25;27;26;3;1;2;274769;182682;2990;784;4460
FR;5;2022-08-26;48;38;7;2;5;274817;182720;2997;786;4465
FR;5;2022-08-27;46;28;1;0;3;274863;182748;2998;786;4468
FR;5;2022-08-28;5;6;0;0;0;274868;182754;2998;786;4468
FR;5;2022-08-29;58;44;1;1;4;274926;182798;2999;787;4472
FR;5;2022-08-30;42;23;12;29;10;274968;182821;3011;816;4482
FR;5;2022-08-31;52;47;6;1;11;275020;182868;3017;817;4493
FR;5;2022-09-01;14;8;1;4;1;275034;182876;3018;821;4494
FR;5;2022-09-02;42;21;8;2;8;275076;182897;3026;823;4502
FR;5;2022-09-03;67;37;2;0;2;275143;182934;3028;823;4504
FR;5;2022-09-04;12;7;1;0;3;275155;182941;3029;823;4507
FR;5;2022-09-05;6;4;0;0;0;275161;182945;3029;823;4507
FR;5;2022-09-06;19;14;3;15;2;275180;182959;3032;838;4509
FR;5;2022-09-07;78;53;1;1;3;275258;183012;3033;839;4512
FR;5;2022-09-08;9;4;0;4;0;275267;183016;3033;843;4512
FR;5;2022-09-09;40;11;9;2;10;275307;183027;3042;845;4522
FR;5;2022-09-10;40;45;1;1;8;275347;183072;3043;846;4530
FR;5;2022-09-11;3;3;0;0;1;275350;183075;3043;846;4531
FR;5;2022-09-12;7;5;2;2;2;275357;183080;3045;848;4533
FR;5;2022-09-13;8;6;0;1;3;275365;183086;3045;849;4536
FR;5;2022-09-14;52;46;4;7;9;275417;183132;3049;856;4545
FR;5;2022-09-15;11;13;2;3;5;275428;183145;3051;859;4550
FR;5;2022-09-16;25;33;1;4;3;275453;183178;3052;863;4553
FR;5;2022-09-17;60;42;1;1;5;275513;183220;3053;864;4558
FR;5;2022-09-18;9;2;0;1;1;275522;183222;3053;865;4559
FR;5;2022-09-19;20;16;2;1;4;275542;183238;3055;866;4563
FR;5;2022-09-20;15;11;3;3;1;275557;183249;3058;869;4564
FR;5;2022-09-21;67;45;9;0;13;275624;183294;3067;869;4577
FR;6;2020-12-27;0;0;0;0;0;0;0;0;0;0
FR;6;2020-12-28;0;0;0;0;0;0;0;0;0;0
FR;6;2020-12-29;0;0;0;0;0;0;0;0;0;0
FR;6;2020-12-30;0;0;0;0;0;0;0;0;0;0
FR;6;2020-12-31;0;0;0;0;0;0;0;0;0;0
FR;6;2021-01-01;0;0;0;0;0;0;0;0;0;0
FR;6;2021-01-02;0;0;0;0;0;0;0;0;0;0
FR;6;2021-01-03;0;0;0;0;0;0;0;0;0;0
FR;6;2021-01-04;0;0;0;0;0;0;0;0;0;0
FR;6;2021-01-05;0;0;0;0;0;0;0;0;0;0
FR;6;2021-01-06;0;0;0;0;0;0;0;0;0;0
FR;6;2021-01-07;0;0;0;0;0;0;0;0;0;0
FR;6;2021-01-08;0;0;0;0;0;0;0;0;0;0
FR;6;2021-01-09;0;0;0;0;0;0;0;0;0;0
FR;6;2021-01-10;0;0;0;0;0;0;0;0;0;0
FR;6;2021-01-11;0;0;0;0;0;0;0;0;0;0
FR;6;2021-01-12;0;0;0;0;0;0;0;0;0;0
FR;6;2021-01-13;0;0;0;0;0;0;0;0;0;0
FR;6;2021-01-14;0;0;0;0;0;0;0;0;0;0
FR;6;2021-01-15;0;0;0;0;0;0;0;0;0;0
FR;6;2021-01-16;0;0;0;0;0;0;0;0;0;0
FR;6;2021-01-17;0;0;0;0;0;0;0;0;0;0
FR;6;2021-01-18;0;0;0;0;0;0;0;0;0;0
FR;6;2021-01-19;0;0;0;0;0;0;0;0;0;0
FR;6;2021-01-20;0;0;0;0;0;0;0;0;0;0
FR;6;2021-01-21;0;0;0;0;0;0;0;0;0;0
FR;6;2021-01-22;0;0;0;0;0;0;0;0;0;0
FR;6;2021-01-23;0;0;0;0;0;0;0;0;0;0
FR;6;2021-01-24;0;0;0;0;0;0;0;0;0;0
FR;6;2021-01-25;0;0;0;0;0;0;0;0;0;0
FR;6;2021-01-26;0;0;0;0;0;0;0;0;0;0
FR;6;2021-01-27;0;0;0;0;0;0;0;0;0;0
FR;6;2021-01-28;0;0;0;0;0;0;0;0;0;0
FR;6;2021-01-29;0;0;0;0;0;0;0;0;0;0
FR;6;2021-01-30;0;0;0;0;0;0;0;0;0;0
FR;6;2021-01-31;0;0;0;0;0;0;0;0;0;0
FR;6;2021-02-01;0;0;0;0;0;0;0;0;0;0
FR;6;2021-02-02;0;0;0;0;0;0;0;0;0;0
FR;6;2021-02-03;0;0;0;0;0;0;0;0;0;0
FR;6;2021-02-04;0;0;0;0;0;0;0;0;0;0
FR;6;2021-02-05;0;0;0;0;0;0;0;0;0;0
FR;6;2021-02-06;0;0;0;0;0;0;0;0;0;0
FR;6;2021-02-07;0;0;0;0;0;0;0;0;0;0
FR;6;2021-02-08;0;0;0;0;0;0;0;0;0;0
FR;6;2021-02-09;0;0;0;0;0;0;0;0;0;0
FR;6;2021-02-10;0;0;0;0;0;0;0;0;0;0
FR;6;2021-02-11;0;0;0;0;0;0;0;0;0;0
FR;6;2021-02-12;0;0;0;0;0;0;0;0;0;0
FR;6;2021-02-13;0;0;0;0;0;0;0;0;0;0
FR;6;2021-02-14;0;0;0;0;0;0;0;0;0;0
FR;6;2021-02-15;0;0;0;0;0;0;0;0;0;0
FR;6;2021-02-16;0;0;0;0;0;0;0;0;0;0
FR;6;2021-02-17;0;0;0;0;0;0;0;0;0;0
FR;6;2021-02-18;0;0;0;0;0;0;0;0;0;0
FR;6;2021-02-19;0;0;0;0;0;0;0;0;0;0
FR;6;2021-02-20;0;0;0;0;0;0;0;0;0;0
FR;6;2021-02-21;0;0;0;0;0;0;0;0;0;0
FR;6;2021-02-22;0;0;0;0;0;0;0;0;0;0
FR;6;2021-02-23;0;0;0;0;0;0;0;0;0;0
FR;6;2021-02-24;0;0;0;0;0;0;0;0;0;0
FR;6;2021-02-25;0;0;0;0;0;0;0;0;0;0
FR;6;2021-02-26;0;0;0;0;0;0;0;0;0;0
FR;6;2021-02-27;0;0;0;0;0;0;0;0;0;0
FR;6;2021-02-28;0;0;0;0;0;0;0;0;0;0
FR;6;2021-03-01;0;0;0;0;0;0;0;0;0;0
FR;6;2021-03-02;0;0;0;0;0;0;0;0;0;0
FR;6;2021-03-03;0;0;0;0;0;0;0;0;0;0
FR;6;2021-03-04;0;0;0;0;0;0;0;0;0;0
FR;6;2021-03-05;0;0;0;0;0;0;0;0;0;0
FR;6;2021-03-06;0;0;0;0;0;0;0;0;0;0
FR;6;2021-03-07;0;0;0;0;0;0;0;0;0;0
FR;6;2021-03-08;0;0;0;0;0;0;0;0;0;0
FR;6;2021-03-09;0;0;0;0;0;0;0;0;0;0
FR;6;2021-03-10;0;0;0;0;0;0;0;0;0;0
FR;6;2021-03-11;0;0;0;0;0;0;0;0;0;0
FR;6;2021-03-12;0;0;0;0;0;0;0;0;0;0
FR;6;2021-03-13;0;0;0;0;0;0;0;0;0;0
FR;6;2021-03-14;0;0;0;0;0;0;0;0;0;0
FR;6;2021-03-15;0;0;0;0;0;0;0;0;0;0
FR;6;2021-03-16;0;0;0;0;0;0;0;0;0;0
FR;6;2021-03-17;0;0;0;0;0;0;0;0;0;0
FR;6;2021-03-18;0;0;0;0;0;0;0;0;0;0
FR;6;2021-03-19;0;0;0;0;0;0;0;0;0;0
FR;6;2021-03-20;0;0;0;0;0;0;0;0;0;0
FR;6;2021-03-21;0;0;0;0;0;0;0;0;0;0
FR;6;2021-03-22;0;0;0;0;0;0;0;0;0;0
FR;6;2021-03-23;0;0;0;0;0;0;0;0;0;0
FR;6;2021-03-24;0;0;0;0;0;0;0;0;0;0
FR;6;2021-03-25;0;0;0;0;0;0;0;0;0;0
FR;6;2021-03-26;0;0;0;0;0;0;0;0;0;0
FR;6;2021-03-27;0;0;0;0;0;0;0;0;0;0
FR;6;2021-03-28;0;0;0;0;0;0;0;0;0;0
FR;6;2021-03-29;0;0;0;0;0;0;0;0;0;0
FR;6;2021-03-30;0;0;0;0;0;0;0;0;0;0
FR;6;2021-03-31;0;0;0;0;0;0;0;0;0;0
FR;6;2021-04-01;0;0;0;0;0;0;0;0;0;0
FR;6;2021-04-02;0;0;0;0;0;0;0;0;0;0
FR;6;2021-04-03;0;0;0;0;0;0;0;0;0;0
FR;6;2021-04-04;0;0;0;0;0;0;0;0;0;0
FR;6;2021-04-05;0;0;0;0;0;0;0;0;0;0
FR;6;2021-04-06;0;0;0;0;0;0;0;0;0;0
FR;6;2021-04-07;0;0;0;0;0;0;0;0;0;0
FR;6;2021-04-08;0;0;0;0;0;0;0;0;0;0
FR;6;2021-04-09;0;0;0;0;0;0;0;0;0;0
FR;6;2021-04-10;0;0;0;0;0;0;0;0;0;0
FR;6;2021-04-11;0;0;0;0;0;0;0;0;0;0
FR;6;2021-04-12;0;0;0;0;0;0;0;0;0;0
FR;6;2021-04-13;0;0;0;0;0;0;0;0;0;0
FR;6;2021-04-14;0;0;0;0;0;0;0;0;0;0
FR;6;2021-04-15;0;0;0;0;0;0;0;0;0;0
FR;6;2021-04-16;0;0;0;0;0;0;0;0;0;0
FR;6;2021-04-17;0;0;0;0;0;0;0;0;0;0
FR;6;2021-04-18;0;0;0;0;0;0;0;0;0;0
FR;6;2021-04-19;0;0;0;0;0;0;0;0;0;0
FR;6;2021-04-20;0;0;0;0;0;0;0;0;0;0
FR;6;2021-04-21;0;0;0;0;0;0;0;0;0;0
FR;6;2021-04-22;0;0;0;0;0;0;0;0;0;0
FR;6;2021-04-23;0;0;0;0;0;0;0;0;0;0
FR;6;2021-04-24;0;0;0;0;0;0;0;0;0;0
FR;6;2021-04-25;0;0;0;0;0;0;0;0;0;0
FR;6;2021-04-26;0;0;0;0;0;0;0;0;0;0
FR;6;2021-04-27;0;0;0;0;0;0;0;0;0;0
FR;6;2021-04-28;0;0;0;0;0;0;0;0;0;0
FR;6;2021-04-29;0;0;0;0;0;0;0;0;0;0
FR;6;2021-04-30;0;0;0;0;0;0;0;0;0;0
FR;6;2021-05-01;0;0;0;0;0;0;0;0;0;0
FR;6;2021-05-02;0;0;0;0;0;0;0;0;0;0
FR;6;2021-05-03;0;0;0;0;0;0;0;0;0;0
FR;6;2021-05-04;0;0;0;0;0;0;0;0;0;0
FR;6;2021-05-05;0;0;0;0;0;0;0;0;0;0
FR;6;2021-05-06;0;0;0;0;0;0;0;0;0;0
FR;6;2021-05-07;0;0;0;0;0;0;0;0;0;0
FR;6;2021-05-08;0;0;0;0;0;0;0;0;0;0
FR;6;2021-05-09;0;0;0;0;0;0;0;0;0;0
FR;6;2021-05-10;0;0;0;0;0;0;0;0;0;0
FR;6;2021-05-11;0;0;0;0;0;0;0;0;0;0
FR;6;2021-05-12;0;0;0;0;0;0;0;0;0;0
FR;6;2021-05-13;0;0;0;0;0;0;0;0;0;0
FR;6;2021-05-14;0;0;0;0;0;0;0;0;0;0
FR;6;2021-05-15;0;0;0;0;0;0;0;0;0;0
FR;6;2021-05-16;0;0;0;0;0;0;0;0;0;0
FR;6;2021-05-17;0;0;0;0;0;0;0;0;0;0
FR;6;2021-05-18;0;0;0;0;0;0;0;0;0;0
FR;6;2021-05-19;0;0;0;0;0;0;0;0;0;0
FR;6;2021-05-20;0;0;0;0;0;0;0;0;0;0
FR;6;2021-05-21;0;0;0;0;0;0;0;0;0;0
FR;6;2021-05-22;0;0;0;0;0;0;0;0;0;0
FR;6;2021-05-23;0;0;0;0;0;0;0;0;0;0
FR;6;2021-05-24;0;0;0;0;0;0;0;0;0;0
FR;6;2021-05-25;0;0;0;0;0;0;0;0;0;0
FR;6;2021-05-26;0;0;0;0;0;0;0;0;0;0
FR;6;2021-05-27;0;0;0;0;0;0;0;0;0;0
FR;6;2021-05-28;0;0;0;0;0;0;0;0;0;0
FR;6;2021-05-29;0;0;0;0;0;0;0;0;0;0
FR;6;2021-05-30;0;0;0;0;0;0;0;0;0;0
FR;6;2021-05-31;0;0;0;0;0;0;0;0;0;0
FR;6;2021-06-01;0;0;0;0;0;0;0;0;0;0
FR;6;2021-06-02;0;0;0;0;0;0;0;0;0;0
FR;6;2021-06-03;0;0;0;0;0;0;0;0;0;0
FR;6;2021-06-04;0;0;0;0;0;0;0;0;0;0
FR;6;2021-06-05;0;0;0;0;0;0;0;0;0;0
FR;6;2021-06-06;0;0;0;0;0;0;0;0;0;0
FR;6;2021-06-07;0;0;0;0;0;0;0;0;0;0
FR;6;2021-06-08;0;0;0;0;0;0;0;0;0;0
FR;6;2021-06-09;0;0;0;0;0;0;0;0;0;0
FR;6;2021-06-10;0;0;0;0;0;0;0;0;0;0
FR;6;2021-06-11;0;0;0;0;0;0;0;0;0;0
FR;6;2021-06-12;0;0;0;0;0;0;0;0;0;0
FR;6;2021-06-13;0;0;0;0;0;0;0;0;0;0
FR;6;2021-06-14;0;0;0;0;0;0;0;0;0;0
FR;6;2021-06-15;0;0;0;0;0;0;0;0;0;0
FR;6;2021-06-16;0;0;0;0;0;0;0;0;0;0
FR;6;2021-06-17;0;0;0;0;0;0;0;0;0;0
FR;6;2021-06-18;0;0;0;0;0;0;0;0;0;0
FR;6;2021-06-19;0;0;0;0;0;0;0;0;0;0
FR;6;2021-06-20;0;0;0;0;0;0;0;0;0;0
FR;6;2021-06-21;0;0;0;0;0;0;0;0;0;0
FR;6;2021-06-22;0;0;0;0;0;0;0;0;0;0
FR;6;2021-06-23;0;0;0;0;0;0;0;0;0;0
FR;6;2021-06-24;0;0;0;0;0;0;0;0;0;0
FR;6;2021-06-25;0;0;0;0;0;0;0;0;0;0
FR;6;2021-06-26;0;0;0;0;0;0;0;0;0;0
FR;6;2021-06-27;0;0;0;0;0;0;0;0;0;0
FR;6;2021-06-28;0;0;0;0;0;0;0;0;0;0
FR;6;2021-06-29;0;0;0;0;0;0;0;0;0;0
FR;6;2021-06-30;0;0;0;0;0;0;0;0;0;0
FR;6;2021-07-01;0;0;0;0;0;0;0;0;0;0
FR;6;2021-07-02;0;0;0;0;0;0;0;0;0;0
FR;6;2021-07-03;0;0;0;0;0;0;0;0;0;0
FR;6;2021-07-04;0;0;0;0;0;0;0;0;0;0
FR;6;2021-07-05;0;0;0;0;0;0;0;0;0;0
FR;6;2021-07-06;0;0;0;0;0;0;0;0;0;0
FR;6;2021-07-07;0;0;0;0;0;0;0;0;0;0
FR;6;2021-07-08;0;0;0;0;0;0;0;0;0;0
FR;6;2021-07-09;0;0;0;0;0;0;0;0;0;0
FR;6;2021-07-10;0;0;0;0;0;0;0;0;0;0
FR;6;2021-07-11;0;0;0;0;0;0;0;0;0;0
FR;6;2021-07-12;0;0;0;0;0;0;0;0;0;0
FR;6;2021-07-13;0;0;0;0;0;0;0;0;0;0
FR;6;2021-07-14;0;0;0;0;0;0;0;0;0;0
FR;6;2021-07-15;0;0;0;0;0;0;0;0;0;0
FR;6;2021-07-16;0;0;0;0;0;0;0;0;0;0
FR;6;2021-07-17;0;0;0;0;0;0;0;0;0;0
FR;6;2021-07-18;0;0;0;0;0;0;0;0;0;0
FR;6;2021-07-19;0;0;0;0;0;0;0;0;0;0
FR;6;2021-07-20;0;0;0;0;0;0;0;0;0;0
FR;6;2021-07-21;0;0;0;0;0;0;0;0;0;0
FR;6;2021-07-22;0;0;0;0;0;0;0;0;0;0
FR;6;2021-07-23;0;0;0;0;0;0;0;0;0;0
FR;6;2021-07-24;0;0;0;0;0;0;0;0;0;0
FR;6;2021-07-25;0;0;0;0;0;0;0;0;0;0
FR;6;2021-07-26;0;0;0;0;0;0;0;0;0;0
FR;6;2021-07-27;0;0;0;0;0;0;0;0;0;0
FR;6;2021-07-28;0;0;0;0;0;0;0;0;0;0
FR;6;2021-07-29;0;0;0;0;0;0;0;0;0;0
FR;6;2021-07-30;0;0;0;0;0;0;0;0;0;0
FR;6;2021-07-31;0;0;0;0;0;0;0;0;0;0
FR;6;2021-08-01;0;0;0;0;0;0;0;0;0;0
FR;6;2021-08-02;0;0;0;0;0;0;0;0;0;0
FR;6;2021-08-03;0;0;0;0;0;0;0;0;0;0
FR;6;2021-08-04;0;0;0;0;0;0;0;0;0;0
FR;6;2021-08-05;0;0;0;0;0;0;0;0;0;0
FR;6;2021-08-06;0;0;0;0;0;0;0;0;0;0
FR;6;2021-08-07;0;0;0;0;0;0;0;0;0;0
FR;6;2021-08-08;0;0;0;0;0;0;0;0;0;0
FR;6;2021-08-09;0;0;0;0;0;0;0;0;0;0
FR;6;2021-08-10;0;0;0;0;0;0;0;0;0;0
FR;6;2021-08-11;0;0;0;0;0;0;0;0;0;0
FR;6;2021-08-12;0;0;0;0;0;0;0;0;0;0
FR;6;2021-08-13;0;0;0;0;0;0;0;0;0;0
FR;6;2021-08-14;0;0;0;0;0;0;0;0;0;0
FR;6;2021-08-15;0;0;0;0;0;0;0;0;0;0
FR;6;2021-08-16;0;0;0;0;0;0;0;0;0;0
FR;6;2021-08-17;0;0;0;0;0;0;0;0;0;0
FR;6;2021-08-18;0;0;0;0;0;0;0;0;0;0
FR;6;2021-08-19;0;0;0;0;0;0;0;0;0;0
FR;6;2021-08-20;0;0;0;0;0;0;0;0;0;0
FR;6;2021-08-21;0;0;0;0;0;0;0;0;0;0
FR;6;2021-08-22;0;0;0;0;0;0;0;0;0;0
FR;6;2021-08-23;0;0;0;0;0;0;0;0;0;0
FR;6;2021-08-24;0;0;0;0;0;0;0;0;0;0
FR;6;2021-08-25;0;0;0;0;0;0;0;0;0;0
FR;6;2021-08-26;0;0;0;0;0;0;0;0;0;0
FR;6;2021-08-27;0;0;0;0;0;0;0;0;0;0
FR;6;2021-08-28;0;0;0;0;0;0;0;0;0;0
FR;6;2021-08-29;0;0;0;0;0;0;0;0;0;0
FR;6;2021-08-30;0;0;0;0;0;0;0;0;0;0
FR;6;2021-08-31;0;0;0;0;0;0;0;0;0;0
FR;6;2021-09-01;0;0;0;0;0;0;0;0;0;0
FR;6;2021-09-02;0;0;0;0;0;0;0;0;0;0
FR;6;2021-09-03;0;0;0;0;0;0;0;0;0;0
FR;6;2021-09-04;0;0;0;0;0;0;0;0;0;0
FR;6;2021-09-05;0;0;0;0;0;0;0;0;0;0
FR;6;2021-09-06;0;0;0;0;0;0;0;0;0;0
FR;6;2021-09-07;0;0;0;0;0;0;0;0;0;0
FR;6;2021-09-08;0;0;0;0;0;0;0;0;0;0
FR;6;2021-09-09;0;0;0;0;0;0;0;0;0;0
FR;6;2021-09-10;0;0;0;0;0;0;0;0;0;0
FR;6;2021-09-11;0;0;0;0;0;0;0;0;0;0
FR;6;2021-09-12;0;0;0;0;0;0;0;0;0;0
FR;6;2021-09-13;0;0;0;0;0;0;0;0;0;0
FR;6;2021-09-14;0;0;0;0;0;0;0;0;0;0
FR;6;2021-09-15;0;0;0;0;0;0;0;0;0;0
FR;6;2021-09-16;0;0;0;0;0;0;0;0;0;0
FR;6;2021-09-17;0;0;0;0;0;0;0;0;0;0
FR;6;2021-09-18;0;0;0;0;0;0;0;0;0;0
FR;6;2021-09-19;0;0;0;0;0;0;0;0;0;0
FR;6;2021-09-20;0;0;0;0;0;0;0;0;0;0
FR;6;2021-09-21;0;0;0;0;0;0;0;0;0;0
FR;6;2021-09-22;0;0;0;0;0;0;0;0;0;0
FR;6;2021-09-23;0;0;0;0;0;0;0;0;0;0
FR;6;2021-09-24;0;0;0;0;0;0;0;0;0;0
FR;6;2021-09-25;0;0;0;0;0;0;0;0;0;0
FR;6;2021-09-26;0;0;0;0;0;0;0;0;0;0
FR;6;2021-09-27;0;0;0;0;0;0;0;0;0;0
FR;6;2021-09-28;0;0;0;0;0;0;0;0;0;0
FR;6;2021-09-29;0;0;0;0;0;0;0;0;0;0
FR;6;2021-09-30;0;0;0;0;0;0;0;0;0;0
FR;6;2021-10-01;0;0;0;0;0;0;0;0;0;0
FR;6;2021-10-02;0;0;0;0;0;0;0;0;0;0
FR;6;2021-10-03;0;0;0;0;0;0;0;0;0;0
FR;6;2021-10-04;0;0;0;0;0;0;0;0;0;0
FR;6;2021-10-05;0;0;0;0;0;0;0;0;0;0
FR;6;2021-10-06;0;0;0;0;0;0;0;0;0;0
FR;6;2021-10-07;0;0;0;0;0;0;0;0;0;0
FR;6;2021-10-08;0;0;0;0;0;0;0;0;0;0
FR;6;2021-10-09;0;0;0;0;0;0;0;0;0;0
FR;6;2021-10-10;0;0;0;0;0;0;0;0;0;0
FR;6;2021-10-11;0;0;0;0;0;0;0;0;0;0
FR;6;2021-10-12;0;0;0;0;0;0;0;0;0;0
FR;6;2021-10-13;0;0;0;0;0;0;0;0;0;0
FR;6;2021-10-14;0;0;0;0;0;0;0;0;0;0
FR;6;2021-10-15;0;0;0;0;0;0;0;0;0;0
FR;6;2021-10-16;0;0;0;0;0;0;0;0;0;0
FR;6;2021-10-17;0;0;0;0;0;0;0;0;0;0
FR;6;2021-10-18;0;0;0;0;0;0;0;0;0;0
FR;6;2021-10-19;0;0;0;0;0;0;0;0;0;0
FR;6;2021-10-20;0;0;0;0;0;0;0;0;0;0
FR;6;2021-10-21;0;0;0;0;0;0;0;0;0;0
FR;6;2021-10-22;0;0;0;0;0;0;0;0;0;0
FR;6;2021-10-23;0;0;0;0;0;0;0;0;0;0
FR;6;2021-10-24;0;0;0;0;0;0;0;0;0;0
FR;6;2021-10-25;0;0;0;0;0;0;0;0;0;0
FR;6;2021-10-26;0;0;0;0;0;0;0;0;0;0
FR;6;2021-10-27;0;0;0;0;0;0;0;0;0;0
FR;6;2021-10-28;0;0;0;0;0;0;0;0;0;0
FR;6;2021-10-29;0;0;0;0;0;0;0;0;0;0
FR;6;2021-10-30;0;0;0;0;0;0;0;0;0;0
FR;6;2021-10-31;0;0;0;0;0;0;0;0;0;0
FR;6;2021-11-01;0;0;0;0;0;0;0;0;0;0
FR;6;2021-11-02;0;0;0;0;0;0;0;0;0;0
FR;6;2021-11-03;0;0;0;0;0;0;0;0;0;0
FR;6;2021-11-04;0;0;0;0;0;0;0;0;0;0
FR;6;2021-11-05;0;0;0;0;0;0;0;0;0;0
FR;6;2021-11-06;0;0;0;0;0;0;0;0;0;0
FR;6;2021-11-07;0;0;0;0;0;0;0;0;0;0
FR;6;2021-11-08;0;0;0;0;0;0;0;0;0;0
FR;6;2021-11-09;0;0;0;0;0;0;0;0;0;0
FR;6;2021-11-10;0;0;0;0;0;0;0;0;0;0
FR;6;2021-11-11;0;0;0;0;0;0;0;0;0;0
FR;6;2021-11-12;0;0;0;0;0;0;0;0;0;0
FR;6;2021-11-13;0;0;0;0;0;0;0;0;0;0
FR;6;2021-11-14;0;0;0;0;0;0;0;0;0;0
FR;6;2021-11-15;0;0;0;0;0;0;0;0;0;0
FR;6;2021-11-16;0;0;0;0;0;0;0;0;0;0
FR;6;2021-11-17;0;0;0;0;0;0;0;0;0;0
FR;6;2021-11-18;0;0;0;0;0;0;0;0;0;0
FR;6;2021-11-19;0;0;0;0;0;0;0;0;0;0
FR;6;2021-11-20;0;0;0;0;0;0;0;0;0;0
FR;6;2021-11-21;0;0;0;0;0;0;0;0;0;0
FR;6;2021-11-22;0;0;0;0;0;0;0;0;0;0
FR;6;2021-11-23;0;0;0;0;0;0;0;0;0;0
FR;6;2021-11-24;0;0;0;0;0;0;0;0;0;0
FR;6;2021-11-25;0;0;0;0;0;0;0;0;0;0
FR;6;2021-11-26;0;0;0;0;0;0;0;0;0;0
FR;6;2021-11-27;0;0;0;0;0;0;0;0;0;0
FR;6;2021-11-28;0;0;0;0;0;0;0;0;0;0
FR;6;2021-11-29;0;0;0;0;0;0;0;0;0;0
FR;6;2021-11-30;0;0;0;0;0;0;0;0;0;0
FR;6;2021-12-01;0;0;0;0;0;0;0;0;0;0
FR;6;2021-12-02;0;0;0;0;0;0;0;0;0;0
FR;6;2021-12-03;0;0;0;0;0;0;0;0;0;0
FR;6;2021-12-04;0;0;0;0;0;0;0;0;0;0
FR;6;2021-12-05;0;0;0;0;0;0;0;0;0;0
FR;6;2021-12-06;0;0;0;0;0;0;0;0;0;0
FR;6;2021-12-07;0;0;0;0;0;0;0;0;0;0
FR;6;2021-12-08;0;0;0;0;0;0;0;0;0;0
FR;6;2021-12-09;0;0;0;0;0;0;0;0;0;0
FR;6;2021-12-10;0;0;0;0;0;0;0;0;0;0
FR;6;2021-12-11;0;0;0;0;0;0;0;0;0;0
FR;6;2021-12-12;0;0;0;0;0;0;0;0;0;0
FR;6;2021-12-13;0;0;0;0;0;0;0;0;0;0
FR;6;2021-12-14;0;0;0;0;0;0;0;0;0;0
FR;6;2021-12-15;0;0;0;0;0;0;0;0;0;0
FR;6;2021-12-16;0;0;0;0;0;0;0;0;0;0
FR;6;2021-12-17;0;0;0;0;0;0;0;0;0;0
FR;6;2021-12-18;0;0;0;0;0;0;0;0;0;0
FR;6;2021-12-19;0;0;0;0;0;0;0;0;0;0
FR;6;2021-12-20;0;0;0;0;0;0;0;0;0;0
FR;6;2021-12-21;0;0;0;0;0;0;0;0;0;0
FR;6;2021-12-22;0;0;0;0;0;0;0;0;0;0
FR;6;2021-12-23;0;0;0;0;0;0;0;0;0;0
FR;6;2021-12-24;0;0;0;0;0;0;0;0;0;0
FR;6;2021-12-25;0;0;0;0;0;0;0;0;0;0
FR;6;2021-12-26;0;0;0;0;0;0;0;0;0;0
FR;6;2021-12-27;0;0;0;0;0;0;0;0;0;0
FR;6;2021-12-28;0;0;0;0;0;0;0;0;0;0
FR;6;2021-12-29;0;0;0;0;0;0;0;0;0;0
FR;6;2021-12-30;0;0;0;0;0;0;0;0;0;0
FR;6;2021-12-31;0;0;0;0;0;0;0;0;0;0
FR;6;2022-01-01;0;0;0;0;0;0;0;0;0;0
FR;6;2022-01-02;0;0;0;0;0;0;0;0;0;0
FR;6;2022-01-03;0;0;0;0;0;0;0;0;0;0
FR;6;2022-01-04;0;0;0;0;0;0;0;0;0;0
FR;6;2022-01-05;0;0;0;0;0;0;0;0;0;0
FR;6;2022-01-06;0;0;0;0;0;0;0;0;0;0
FR;6;2022-01-07;0;0;0;0;0;0;0;0;0;0
FR;6;2022-01-08;0;0;0;0;0;0;0;0;0;0
FR;6;2022-01-09;0;0;0;0;0;0;0;0;0;0
FR;6;2022-01-10;0;0;0;0;0;0;0;0;0;0
FR;6;2022-01-11;0;0;0;0;0;0;0;0;0;0
FR;6;2022-01-12;0;0;0;0;0;0;0;0;0;0
FR;6;2022-01-13;0;0;0;0;0;0;0;0;0;0
FR;6;2022-01-14;0;0;0;0;0;0;0;0;0;0
FR;6;2022-01-15;0;0;0;0;0;0;0;0;0;0
FR;6;2022-01-16;0;0;0;0;0;0;0;0;0;0
FR;6;2022-01-17;0;0;0;0;0;0;0;0;0;0
FR;6;2022-01-18;0;0;0;0;0;0;0;0;0;0
FR;6;2022-01-19;0;0;0;0;0;0;0;0;0;0
FR;6;2022-01-20;0;0;0;0;0;0;0;0;0;0
FR;6;2022-01-21;0;0;0;0;0;0;0;0;0;0
FR;6;2022-01-22;0;0;0;0;0;0;0;0;0;0
FR;6;2022-01-23;0;0;0;0;0;0;0;0;0;0
FR;6;2022-01-24;0;0;0;0;0;0;0;0;0;0
FR;6;2022-01-25;0;0;0;0;0;0;0;0;0;0
FR;6;2022-01-26;0;0;0;0;0;0;0;0;0;0
FR;6;2022-01-27;0;0;0;0;0;0;0;0;0;0
FR;6;2022-01-28;0;0;0;0;0;0;0;0;0;0
FR;6;2022-01-29;0;0;0;0;0;0;0;0;0;0
FR;6;2022-01-30;0;0;0;0;0;0;0;0;0;0
FR;6;2022-01-31;0;0;0;0;0;0;0;0;0;0
FR;6;2022-02-01;0;0;0;0;0;0;0;0;0;0
FR;6;2022-02-02;0;0;0;0;0;0;0;0;0;0
FR;6;2022-02-03;0;0;0;0;0;0;0;0;0;0
FR;6;2022-02-04;0;0;0;0;0;0;0;0;0;0
FR;6;2022-02-05;0;0;0;0;0;0;0;0;0;0
FR;6;2022-02-06;0;0;0;0;0;0;0;0;0;0
FR;6;2022-02-07;0;0;0;0;0;0;0;0;0;0
FR;6;2022-02-08;0;0;0;0;0;0;0;0;0;0
FR;6;2022-02-09;0;0;0;0;0;0;0;0;0;0
FR;6;2022-02-10;0;0;0;0;0;0;0;0;0;0
FR;6;2022-02-11;0;0;0;0;0;0;0;0;0;0
FR;6;2022-02-12;0;0;0;0;0;0;0;0;0;0
FR;6;2022-02-13;0;0;0;0;0;0;0;0;0;0
FR;6;2022-02-14;0;0;0;0;0;0;0;0;0;0
FR;6;2022-02-15;0;0;0;0;0;0;0;0;0;0
FR;6;2022-02-16;0;0;0;0;0;0;0;0;0;0
FR;6;2022-02-17;0;0;0;0;0;0;0;0;0;0
FR;6;2022-02-18;0;0;0;0;0;0;0;0;0;0
FR;6;2022-02-19;0;0;0;0;0;0;0;0;0;0
FR;6;2022-02-20;0;0;0;0;0;0;0;0;0;0
FR;6;2022-02-21;0;0;0;0;0;0;0;0;0;0
FR;6;2022-02-22;0;0;0;0;0;0;0;0;0;0
FR;6;2022-02-23;0;0;0;0;0;0;0;0;0;0
FR;6;2022-02-24;0;0;0;0;0;0;0;0;0;0
FR;6;2022-02-25;0;0;0;0;0;0;0;0;0;0
FR;6;2022-02-26;1;0;0;0;0;1;0;0;0;0
FR;6;2022-02-27;0;0;0;0;0;1;0;0;0;0
FR;6;2022-02-28;0;0;0;0;0;1;0;0;0;0
FR;6;2022-03-01;3;0;0;0;0;4;0;0;0;0
FR;6;2022-03-02;97;9;2;0;7;101;9;2;0;7
FR;6;2022-03-03;0;0;0;0;0;101;9;2;0;7
FR;6;2022-03-04;91;4;0;0;4;192;13;2;0;11
FR;6;2022-03-05;391;23;2;0;14;583;36;4;0;25
FR;6;2022-03-06;7;1;0;0;0;590;37;4;0;25
FR;6;2022-03-07;337;19;0;0;13;927;56;4;0;38
FR;6;2022-03-08;230;14;0;0;5;1157;70;4;0;43
FR;6;2022-03-09;519;29;2;0;21;1676;99;6;0;64
FR;6;2022-03-10;205;19;0;1;12;1881;118;6;1;76
FR;6;2022-03-11;328;21;6;0;21;2209;139;12;1;97
FR;6;2022-03-12;518;25;1;0;20;2727;164;13;1;117
FR;6;2022-03-13;40;2;0;0;1;2767;166;13;1;118
FR;6;2022-03-14;201;4;2;0;3;2968;170;15;1;121
FR;6;2022-03-15;112;11;2;0;9;3080;181;17;1;130
FR;6;2022-03-16;310;17;1;1;14;3390;198;18;2;144
FR;6;2022-03-17;117;6;1;2;4;3507;204;19;4;148
FR;6;2022-03-18;215;10;0;0;6;3722;214;19;4;154
FR;6;2022-03-19;307;19;2;0;9;4029;233;21;4;163
FR;6;2022-03-20;15;5;0;0;1;4044;238;21;4;164
FR;6;2022-03-21;132;23;1;0;4;4176;261;22;4;168
FR;6;2022-03-22;97;15;0;0;4;4273;276;22;4;172
FR;6;2022-03-23;226;108;3;0;14;4499;384;25;4;186
FR;6;2022-03-24;100;15;1;3;4;4599;399;26;7;190
FR;6;2022-03-25;203;141;2;1;15;4802;540;28;8;205
FR;6;2022-03-26;331;295;7;1;19;5133;835;35;9;224
FR;6;2022-03-27;32;30;1;0;1;5165;865;36;9;225
FR;6;2022-03-28;200;208;8;1;17;5365;1073;44;10;242
FR;6;2022-03-29;124;189;12;2;12;5489;1262;56;12;254
FR;6;2022-03-30;305;476;10;2;22;5794;1738;66;14;276
FR;6;2022-03-31;123;140;10;0;14;5917;1878;76;14;290
FR;6;2022-04-01;195;150;11;2;23;6112;2028;87;16;313
FR;6;2022-04-02;206;241;9;1;13;6318;2269;96;17;326
FR;6;2022-04-03;17;21;0;0;1;6335;2290;96;17;327
FR;6;2022-04-04;137;114;6;1;9;6472;2404;102;18;336
FR;6;2022-04-05;146;88;15;1;11;6618;2492;117;19;347
FR;6;2022-04-06;204;245;22;26;27;6822;2737;139;45;374
FR;6;2022-04-07;127;96;15;9;17;6949;2833;154;54;391
FR;6;2022-04-08;199;170;16;3;17;7148;3003;170;57;408
FR;6;2022-04-09;145;139;6;12;13;7293;3142;176;69;421
FR;6;2022-04-10;10;20;3;0;1;7303;3162;179;69;422
FR;6;2022-04-11;102;106;4;0;5;7405;3268;183;69;427
FR;6;2022-04-12;136;75;5;8;10;7541;3343;188;77;437
FR;6;2022-04-13;162;175;7;5;13;7703;3518;195;82;450
FR;6;2022-04-14;100;103;5;10;8;7803;3621;200;92;458
FR;6;2022-04-15;158;148;11;7;19;7961;3769;211;99;477
FR;6;2022-04-16;127;132;5;0;14;8088;3901;216;99;491
FR;6;2022-04-17;8;9;4;0;4;8096;3910;220;99;495
FR;6;2022-04-18;8;15;3;0;4;8104;3925;223;99;499
FR;6;2022-04-19;97;112;4;3;3;8201;4037;227;102;502
FR;6;2022-04-20;178;227;8;7;15;8379;4264;235;109;517
FR;6;2022-04-21;111;93;8;4;11;8490;4357;243;113;528
FR;6;2022-04-22;138;160;13;12;13;8628;4517;256;125;541
FR;6;2022-04-23;106;129;1;1;7;8734;4646;257;126;548
FR;6;2022-04-24;5;21;1;0;0;8739;4667;258;126;548
FR;6;2022-04-25;91;128;3;8;11;8830;4795;261;134;559
FR;6;2022-04-26;101;128;18;2;16;8931;4923;279;136;575
FR;6;2022-04-27;197;159;21;1;27;9128;5082;300;137;602
FR;6;2022-04-28;109;87;7;1;8;9237;5169;307;138;610
FR;6;2022-04-29;191;169;16;2;20;9428;5338;323;140;630
FR;6;2022-04-30;133;125;7;1;24;9561;5463;330;141;654
FR;6;2022-05-01;7;6;0;0;0;9568;5469;330;141;654
FR;6;2022-05-02;94;66;3;4;3;9662;5535;333;145;657
FR;6;2022-05-03;136;93;11;2;7;9798;5628;344;147;664
FR;6;2022-05-04;167;118;25;12;29;9965;5746;369;159;693
FR;6;2022-05-05;101;70;8;3;12;10066;5816;377;162;705
FR;6;2022-05-06;152;110;10;9;16;10218;5926;387;171;721
FR;6;2022-05-07;139;93;13;3;23;10357;6019;400;174;744
FR;6;2022-05-08;20;8;6;5;7;10377;6027;406;179;751
FR;6;2022-05-09;86;78;9;7;13;10463;6105;415;186;764
FR;6;2022-05-10;111;80;15;7;12;10574;6185;430;193;776
FR;6;2022-05-11;130;124;11;14;20;10704;6309;441;207;796
FR;6;2022-05-12;105;76;7;5;15;10809;6385;448;212;811
FR;6;2022-05-13;154;97;17;21;22;10963;6482;465;233;833
FR;6;2022-05-14;81;60;6;7;15;11044;6542;471;240;848
FR;6;2022-05-15;12;7;0;0;0;11056;6549;471;240;848
FR;6;2022-05-16;64;54;6;2;12;11120;6603;477;242;860
FR;6;2022-05-17;123;77;5;7;11;11243;6680;482;249;871
FR;6;2022-05-18;131;116;5;1;13;11374;6796;487;250;884
FR;6;2022-05-19;124;57;6;8;9;11498;6853;493;258;893
FR;6;2022-05-20;125;115;13;3;18;11623;6968;506;261;911
FR;6;2022-05-21;92;69;14;3;12;11715;7037;520;264;923
FR;6;2022-05-22;19;12;5;0;4;11734;7049;525;264;927
FR;6;2022-05-23;77;72;4;2;7;11811;7121;529;266;934
FR;6;2022-05-24;117;98;8;2;16;11928;7219;537;268;950
FR;6;2022-05-25;139;129;6;3;11;12067;7348;543;271;961
FR;6;2022-05-26;7;9;3;0;9;12074;7357;546;271;970
FR;6;2022-05-27;127;105;15;11;18;12201;7462;561;282;988
FR;6;2022-05-28;53;75;1;5;8;12254;7537;562;287;996
FR;6;2022-05-29;8;10;0;0;1;12262;7547;562;287;997
FR;6;2022-05-30;70;70;7;4;4;12332;7617;569;291;1001
FR;6;2022-05-31;87;102;10;2;14;12419;7719;579;293;1015
FR;6;2022-06-01;97;89;10;1;11;12516;7808;589;294;1026
FR;6;2022-06-02;91;60;6;3;9;12607;7868;595;297;1035
FR;6;2022-06-03;126;102;13;7;21;12733;7970;608;304;1056
FR;6;2022-06-04;63;51;10;0;12;12796;8021;618;304;1068
FR;6;2022-06-05;16;15;2;1;4;12812;8036;620;305;1072
FR;6;2022-06-06;9;6;0;0;0;12821;8042;620;305;1072
FR;6;2022-06-07;79;90;3;4;8;12900;8132;623;309;1080
FR;6;2022-06-08;92;110;13;5;20;12992;8242;636;314;1100
FR;6;2022-06-09;75;81;15;3;15;13067;8323;651;317;1115
FR;6;2022-06-10;116;93;26;10;22;13183;8416;677;327;1137
FR;6;2022-06-11;83;62;6;10;12;13266;8478;683;337;1149
FR;6;2022-06-12;6;14;1;0;2;13272;8492;684;337;1151
FR;6;2022-06-13;74;59;18;1;7;13346;8551;702;338;1158
FR;6;2022-06-14;98;100;8;5;16;13444;8651;710;343;1174
FR;6;2022-06-15;80;86;7;8;15;13524;8737;717;351;1189
FR;6;2022-06-16;53;40;11;7;14;13577;8777;728;358;1203
FR;6;2022-06-17;86;85;3;13;11;13663;8862;731;371;1214
FR;6;2022-06-18;71;61;13;0;21;13734;8923;744;371;1235
FR;6;2022-06-19;6;6;3;0;4;13740;8929;747;371;1239
FR;6;2022-06-20;42;41;4;1;6;13782;8970;751;372;1245
FR;6;2022-06-21;59;73;10;7;17;13841;9043;761;379;1262
FR;6;2022-06-22;86;85;8;2;17;13927;9128;769;381;1279
FR;6;2022-06-23;64;39;13;7;15;13991;9167;782;388;1294
FR;6;2022-06-24;77;85;7;14;20;14068;9252;789;402;1314
FR;6;2022-06-25;67;61;4;3;8;14135;9313;793;405;1322
FR;6;2022-06-26;6;7;1;0;1;14141;9320;794;405;1323
FR;6;2022-06-27;53;50;4;9;12;14194;9370;798;414;1335
FR;6;2022-06-28;68;47;6;3;15;14262;9417;804;417;1350
FR;6;2022-06-29;98;117;26;37;19;14360;9534;830;454;1369
FR;6;2022-06-30;84;59;33;10;12;14444;9593;863;464;1381
FR;6;2022-07-01;115;94;25;33;18;14559;9687;888;497;1399
FR;6;2022-07-02;58;67;26;2;37;14617;9754;914;499;1436
FR;6;2022-07-03;11;4;4;3;4;14628;9758;918;502;1440
FR;6;2022-07-04;61;43;3;23;13;14689;9801;921;525;1453
FR;6;2022-07-05;65;53;19;67;27;14754;9854;940;592;1480
FR;6;2022-07-06;94;64;7;11;12;14848;9918;947;603;1492
FR;6;2022-07-07;99;79;42;37;14;14947;9997;989;640;1506
FR;6;2022-07-08;139;87;42;27;10;15086;10084;1031;667;1516
FR;6;2022-07-09;53;50;16;29;26;15139;10134;1047;696;1542
FR;6;2022-07-10;3;7;8;0;9;15142;10141;1055;696;1551
FR;6;2022-07-11;54;44;5;4;12;15196;10185;1060;700;1563
FR;6;2022-07-12;70;72;12;23;12;15266;10257;1072;723;1575
FR;6;2022-07-13;84;65;14;21;25;15350;10322;1086;744;1600
FR;6;2022-07-14;4;3;1;0;1;15354;10325;1087;744;1601
FR;6;2022-07-15;74;59;9;57;16;15428;10384;1096;801;1617
FR;6;2022-07-16;27;31;17;0;17;15455;10415;1113;801;1634
FR;6;2022-07-17;3;7;0;0;0;15458;10422;1113;801;1634
FR;6;2022-07-18;37;62;11;14;15;15495;10484;1124;815;1649
FR;6;2022-07-19;54;48;4;19;6;15549;10532;1128;834;1655
FR;6;2022-07-20;53;70;7;22;11;15602;10602;1135;856;1666
FR;6;2022-07-21;50;60;4;7;11;15652;10662;1139;863;1677
FR;6;2022-07-22;55;73;7;26;8;15707;10735;1146;889;1685
FR;6;2022-07-23;38;40;6;10;6;15745;10775;1152;899;1691
FR;6;2022-07-24;11;14;1;3;3;15756;10789;1153;902;1694
FR;6;2022-07-25;60;44;8;12;9;15816;10833;1161;914;1703
FR;6;2022-07-26;47;64;14;6;10;15863;10897;1175;920;1713
FR;6;2022-07-27;54;78;15;11;17;15917;10975;1190;931;1730
FR;6;2022-07-28;30;48;4;6;8;15947;11023;1194;937;1738
FR;6;2022-07-29;43;71;10;38;24;15990;11094;1204;975;1762
FR;6;2022-07-30;26;48;4;15;7;16016;11142;1208;990;1769
FR;6;2022-07-31;0;1;1;0;0;16016;11143;1209;990;1769
FR;6;2022-08-01;39;36;14;8;10;16055;11179;1223;998;1779
FR;6;2022-08-02;37;46;10;14;6;16092;11225;1233;1012;1785
FR;6;2022-08-03;29;52;7;16;11;16121;11277;1240;1028;1796
FR;6;2022-08-04;25;21;4;9;6;16146;11298;1244;1037;1802
FR;6;2022-08-05;43;45;1;7;5;16189;11343;1245;1044;1807
FR;6;2022-08-06;17;27;1;3;2;16206;11370;1246;1047;1809
FR;6;2022-08-07;1;2;0;0;0;16207;11372;1246;1047;1809
FR;6;2022-08-08;24;33;1;0;1;16231;11405;1247;1047;1810
FR;6;2022-08-09;22;30;6;3;3;16253;11435;1253;1050;1813
FR;6;2022-08-10;31;37;5;9;6;16284;11472;1258;1059;1819
FR;6;2022-08-11;33;33;1;1;1;16317;11505;1259;1060;1820
FR;6;2022-08-12;50;44;6;2;15;16367;11549;1265;1062;1835
FR;6;2022-08-13;9;20;0;0;1;16376;11569;1265;1062;1836
FR;6;2022-08-14;3;1;0;0;0;16379;11570;1265;1062;1836
FR;6;2022-08-15;2;3;1;0;0;16381;11573;1266;1062;1836
FR;6;2022-08-16;35;66;21;7;7;16416;11639;1287;1069;1843
FR;6;2022-08-17;32;44;10;9;10;16448;11683;1297;1078;1853
FR;6;2022-08-18;29;55;14;4;4;16477;11738;1311;1082;1857
FR;6;2022-08-19;30;45;5;4;3;16507;11783;1316;1086;1860
FR;6;2022-08-20;26;29;3;0;8;16533;11812;1319;1086;1868
FR;6;2022-08-21;1;5;2;0;0;16534;11817;1321;1086;1868
FR;6;2022-08-22;19;42;15;1;0;16553;11859;1336;1087;1868
FR;6;2022-08-23;34;45;6;7;6;16587;11904;1342;1094;1874
FR;6;2022-08-24;34;29;6;3;6;16621;11933;1348;1097;1880
FR;6;2022-08-25;25;27;1;1;5;16646;11960;1349;1098;1885
FR;6;2022-08-26;38;44;4;4;7;16684;12004;1353;1102;1892
FR;6;2022-08-27;19;21;7;3;8;16703;12025;1360;1105;1900
FR;6;2022-08-28;6;3;0;6;1;16709;12028;1360;1111;1901
FR;6;2022-08-29;26;22;2;6;3;16735;12050;1362;1117;1904
FR;6;2022-08-30;28;35;4;12;8;16763;12085;1366;1129;1912
FR;6;2022-08-31;35;38;2;11;3;16798;12123;1368;1140;1915
FR;6;2022-09-01;15;11;5;1;4;16813;12134;1373;1141;1919
FR;6;2022-09-02;19;14;1;1;2;16832;12148;1374;1142;1921
FR;6;2022-09-03;9;3;1;5;2;16841;12151;1375;1147;1923
FR;6;2022-09-04;2;1;0;0;0;16843;12152;1375;1147;1923
FR;6;2022-09-05;8;7;0;0;0;16851;12159;1375;1147;1923
FR;6;2022-09-06;7;9;7;12;6;16858;12168;1382;1159;1929
FR;6;2022-09-07;3;8;1;0;1;16861;12176;1383;1159;1930
FR;6;2022-09-08;5;4;0;2;1;16866;12180;1383;1161;1931
FR;6;2022-09-09;5;9;2;7;3;16871;12189;1385;1168;1934
FR;6;2022-09-10;3;4;1;0;1;16874;12193;1386;1168;1935
FR;6;2022-09-11;1;3;0;0;0;16875;12196;1386;1168;1935
FR;6;2022-09-12;10;4;1;0;3;16885;12200;1387;1168;1938
FR;6;2022-09-13;6;2;2;0;1;16891;12202;1389;1168;1939
FR;6;2022-09-14;7;7;1;0;3;16898;12209;1390;1168;1942
FR;6;2022-09-15;8;13;5;5;9;16906;12222;1395;1173;1951
FR;6;2022-09-16;25;38;1;1;3;16931;12260;1396;1174;1954
FR;6;2022-09-17;24;22;0;6;5;16955;12282;1396;1180;1959
FR;6;2022-09-18;4;4;0;0;1;16959;12286;1396;1180;1960
FR;6;2022-09-19;30;30;2;1;5;16989;12316;1398;1181;1965
FR;6;2022-09-20;34;25;1;4;6;17023;12341;1399;1185;1971
FR;6;2022-09-21;20;9;3;3;7;17043;12350;1402;1188;1978
FR;0;2020-12-27;609;0;0;0;0;609;0;0;0;0
FR;0;2020-12-28;683;1;0;0;0;1292;1;0;0;0
FR;0;2020-12-29;384;0;0;0;0;1676;1;0;0;0
FR;0;2020-12-30;444;0;0;0;0;2120;1;0;0;0
FR;0;2020-12-31;440;1;0;0;0;2560;2;0;0;0
FR;0;2021-01-01;1158;2;0;0;0;3718;4;0;0;0
FR;0;2021-01-02;363;3;0;0;0;4081;7;0;0;0
FR;0;2021-01-03;404;0;0;0;0;4485;7;0;0;0
FR;0;2021-01-04;2113;4;0;0;0;6598;11;0;0;0
FR;0;2021-01-05;7753;3;0;0;0;14351;14;0;0;0
FR;0;2021-01-06;12455;17;0;0;0;26806;31;0;0;0
FR;0;2021-01-07;29467;17;0;0;0;56273;48;0;0;0
FR;0;2021-01-08;37146;17;0;0;0;93419;65;0;0;0
FR;0;2021-01-09;11212;7;0;0;0;104631;72;0;0;0
FR;0;2021-01-10;6007;7;0;0;0;110638;79;0;0;0
FR;0;2021-01-11;39937;24;0;0;0;150575;103;0;0;0
FR;0;2021-01-12;62143;20;0;0;0;212718;123;0;0;0
FR;0;2021-01-13;65119;44;0;0;0;277837;167;0;0;0
FR;0;2021-01-14;83118;152;0;0;0;360955;319;0;0;0
FR;0;2021-01-15;69010;64;0;0;0;429965;383;0;0;0
FR;0;2021-01-16;20217;72;0;0;0;450182;455;0;0;0
FR;0;2021-01-17;10986;51;0;0;0;461168;506;0;0;0
FR;0;2021-01-18;85904;170;0;0;0;547072;676;0;0;0
FR;0;2021-01-19;130601;189;0;0;0;677673;865;0;0;0
FR;0;2021-01-20;137552;188;0;0;0;815225;1053;0;0;0
FR;0;2021-01-21;158406;183;0;0;0;973631;1236;0;0;0
FR;0;2021-01-22;121065;234;0;0;0;1094696;1470;0;0;0
FR;0;2021-01-23;38480;69;0;0;0;1133176;1539;0;0;0
FR;0;2021-01-24;9745;100;0;0;0;1142921;1639;0;0;0
FR;0;2021-01-25;78240;1346;0;0;0;1221161;2985;0;0;0
FR;0;2021-01-26;100378;3504;1;0;0;1321539;6489;1;0;0
FR;0;2021-01-27;107248;6139;0;0;0;1428787;12628;1;0;0
FR;0;2021-01-28;124357;15664;0;0;0;1553144;28292;1;0;0
FR;0;2021-01-29;92187;18193;0;0;0;1645331;46485;1;0;0
FR;0;2021-01-30;29123;4417;0;0;0;1674454;50902;1;0;0
FR;0;2021-01-31;5234;1818;0;0;0;1679688;52720;1;0;0
FR;0;2021-02-01;53132;22100;0;0;0;1732820;74820;1;0;0
FR;0;2021-02-02;72313;36927;0;0;0;1805133;111747;1;0;0
FR;0;2021-02-03;72306;39031;0;0;0;1877439;150778;1;0;0
FR;0;2021-02-04;82079;53296;0;0;0;1959518;204074;1;0;0
FR;0;2021-02-05;68236;46868;0;0;0;2027754;250942;1;0;0
FR;0;2021-02-06;23029;11093;0;0;0;2050783;262035;1;0;0
FR;0;2021-02-07;5191;5647;0;0;0;2055974;267682;1;0;0
FR;0;2021-02-08;46839;47869;0;0;0;2102813;315551;1;0;0
FR;0;2021-02-09;66012;76334;0;0;0;2168825;391885;1;0;0
FR;0;2021-02-10;71018;81154;0;0;0;2239843;473039;1;0;0
FR;0;2021-02-11;87281;103662;0;0;0;2327124;576701;1;0;0
FR;0;2021-02-12;79325;75350;0;0;0;2406449;652051;1;0;0
FR;0;2021-02-13;22381;19571;0;0;0;2428830;671622;1;0;0
FR;0;2021-02-14;5076;7349;0;0;0;2433906;678971;1;0;0
FR;0;2021-02-15;38102;76759;0;0;0;2472008;755730;1;0;0
FR;0;2021-02-16;50398;100486;0;0;0;2522406;856216;1;0;0
FR;0;2021-02-17;50535;105910;20;0;0;2572941;962126;21;0;0
FR;0;2021-02-18;69787;122180;0;0;0;2642728;1084306;21;0;0
FR;0;2021-02-19;65070;91716;1;0;0;2707798;1176022;22;0;0
FR;0;2021-02-20;18589;28689;0;0;0;2726387;1204711;22;0;0
FR;0;2021-02-21;3322;6177;0;0;0;2729709;1210888;22;0;0
FR;0;2021-02-22;37497;73273;2;0;0;2767206;1284161;24;0;0
FR;0;2021-02-23;53781;85099;1;0;0;2820987;1369260;25;0;0
FR;0;2021-02-24;60019;82447;1;0;0;2881006;1451707;26;0;0
FR;0;2021-02-25;100579;91437;1;0;0;2981585;1543144;27;0;0
FR;0;2021-02-26;113469;70770;1;0;0;3095054;1613914;28;0;0
FR;0;2021-02-27;52108;22291;1;0;0;3147162;1636205;29;0;0
FR;0;2021-02-28;6202;4200;2;0;0;3153364;1640405;31;0;0
FR;0;2021-03-01;65894;53812;1;0;0;3219258;1694217;32;0;0
FR;0;2021-03-02;101384;67000;3;0;0;3320642;1761217;35;0;0
FR;0;2021-03-03;116530;65535;0;0;0;3437172;1826752;35;0;0
FR;0;2021-03-04;163630;71684;3;0;0;3600802;1898436;38;0;0
FR;0;2021-03-05;200931;62841;3;0;0;3801733;1961277;41;0;0
FR;0;2021-03-06;207961;17588;3;0;0;4009694;1978865;44;0;0
FR;0;2021-03-07;121276;4488;1;0;0;4130970;1983353;45;0;0
FR;0;2021-03-08;107150;49919;2;0;0;4238120;2033272;47;0;0
FR;0;2021-03-09;172460;56328;2;0;0;4410580;2089600;49;0;0
FR;0;2021-03-10;179001;57191;5;0;0;4589581;2146791;54;0;0
FR;0;2021-03-11;242898;63874;2;0;0;4832479;2210665;56;0;0
FR;0;2021-03-12;294825;53443;1;0;0;5127304;2264108;57;0;0
FR;0;2021-03-13;231413;15275;1;0;0;5358717;2279383;58;0;0
FR;0;2021-03-14;63355;3175;1;0;0;5422072;2282558;59;0;0
FR;0;2021-03-15;158664;31887;3;0;0;5580736;2314445;62;0;0
FR;0;2021-03-16;141567;39056;6;0;0;5722303;2353501;68;0;0
FR;0;2021-03-17;150494;37839;4;0;0;5872797;2391340;72;0;0
FR;0;2021-03-18;167841;44467;5;0;0;6040638;2435807;77;0;0
FR;0;2021-03-19;230014;36943;2;0;0;6270652;2472750;79;0;0
FR;0;2021-03-20;166692;11483;1;0;0;6437344;2484233;80;0;0
FR;0;2021-03-21;49943;2288;1;0;0;6487287;2486521;81;0;0
FR;0;2021-03-22;170056;33776;2;0;0;6657343;2520297;83;0;0
FR;0;2021-03-23;250392;42399;1;0;0;6907735;2562696;84;0;0
FR;0;2021-03-24;256909;43609;0;0;0;7164644;2606305;84;0;0
FR;0;2021-03-25;341814;45065;5;0;0;7506458;2651370;89;0;0
FR;0;2021-03-26;358805;41880;5;1;0;7865263;2693250;94;1;0
FR;0;2021-03-27;195261;16876;1;0;0;8060524;2710126;95;1;0
FR;0;2021-03-28;59340;4394;3;0;0;8119864;2714520;98;1;0
FR;0;2021-03-29;202982;53661;4;0;0;8322846;2768181;102;1;0
FR;0;2021-03-30;285484;69914;5;0;0;8608330;2838095;107;1;0
FR;0;2021-03-31;263042;73678;4;0;0;8871372;2911773;111;1;0
FR;0;2021-04-01;315502;91409;11;0;0;9186874;3003182;122;1;0
FR;0;2021-04-02;281346;93982;7;0;0;9468220;3097164;129;1;0
FR;0;2021-04-03;141077;62302;6;0;0;9609297;3159466;135;1;0
FR;0;2021-04-04;46529;18920;2;0;0;9655826;3178386;137;1;0
FR;0;2021-04-05;63342;10629;11;0;0;9719168;3189015;148;1;0
FR;0;2021-04-06;217220;111451;17;0;0;9936388;3300466;165;1;0
FR;0;2021-04-07;260260;115303;17;0;0;10196648;3415769;182;1;0
FR;0;2021-04-08;337841;122491;14;0;0;10534489;3538260;196;1;0
FR;0;2021-04-09;410163;116659;49;0;0;10944652;3654919;245;1;0
FR;0;2021-04-10;212625;82769;15;0;0;11157277;3737688;260;1;0
FR;0;2021-04-11;56146;34263;7;0;0;11213423;3771951;267;1;0
FR;0;2021-04-12;237077;115620;46;0;0;11450500;3887571;313;1;0
FR;0;2021-04-13;309490;144325;98;1;0;11759990;4031896;411;2;0
FR;0;2021-04-14;294534;139523;215;0;0;12054524;4171419;626;2;0
FR;0;2021-04-15;337107;149612;339;0;0;12391631;4321031;965;2;0
FR;0;2021-04-16;339290;146419;354;0;0;12730921;4467450;1319;2;0
FR;0;2021-04-17;188659;89988;109;0;0;12919580;4557438;1428;2;0
FR;0;2021-04-18;51620;35407;47;0;0;12971200;4592845;1475;2;0
FR;0;2021-04-19;205699;138199;456;0;0;13176899;4731044;1931;2;0
FR;0;2021-04-20;254421;171412;569;0;0;13431320;4902456;2500;2;0
FR;0;2021-04-21;253270;169526;835;0;0;13684590;5071982;3335;2;0
FR;0;2021-04-22;287566;189602;818;0;0;13972156;5261584;4153;2;0
FR;0;2021-04-23;297808;183958;747;0;0;14269964;5445542;4900;2;0
FR;0;2021-04-24;190453;111786;252;0;0;14460417;5557328;5152;2;0
FR;0;2021-04-25;69560;38794;51;0;0;14529977;5596122;5203;2;0
FR;0;2021-04-26;220963;157456;563;0;0;14750940;5753578;5766;2;0
FR;0;2021-04-27;284609;187673;940;0;0;15035549;5941251;6706;2;0
FR;0;2021-04-28;299505;183970;1426;1;1;15335054;6125221;8132;3;1
FR;0;2021-04-29;357131;197357;1277;0;0;15692185;6322578;9409;3;1
FR;0;2021-04-30;372216;185446;1121;1;0;16064401;6508024;10530;4;1
FR;0;2021-05-01;167642;52502;179;0;0;16232043;6560526;10709;4;1
FR;0;2021-05-02;91747;37794;83;0;0;16323790;6598320;10792;4;1
FR;0;2021-05-03;288927;167010;843;0;0;16612717;6765330;11635;4;1
FR;0;2021-05-04;315670;225010;1233;0;0;16928387;6990340;12868;4;1
FR;0;2021-05-05;327193;225698;1315;0;0;17255580;7216038;14183;4;1
FR;0;2021-05-06;379518;240304;1632;0;0;17635098;7456342;15815;4;1
FR;0;2021-05-07;372750;257987;1222;0;0;18007848;7714329;17037;4;1
FR;0;2021-05-08;222165;69705;299;0;0;18230013;7784034;17336;4;1
FR;0;2021-05-09;129704;45438;243;0;0;18359717;7829472;17579;4;1
FR;0;2021-05-10;313385;229217;1236;0;0;18673102;8058689;18815;4;1
FR;0;2021-05-11;403906;258028;1566;0;0;19077008;8316717;20381;4;1
FR;0;2021-05-12;434117;233451;1542;0;0;19511125;8550168;21923;4;1
FR;0;2021-05-13;338603;56657;432;0;0;19849728;8606825;22355;4;1
FR;0;2021-05-14;454130;167386;1126;0;0;20303858;8774211;23481;4;1
FR;0;2021-05-15;374973;94221;443;0;0;20678831;8868432;23924;4;1
FR;0;2021-05-16;202752;20707;168;0;0;20881583;8889139;24092;4;1
FR;0;2021-05-17;376117;148750;1553;0;0;21257700;9037889;25645;4;1
FR;0;2021-05-18;460147;153620;1989;0;0;21717847;9191509;27634;4;1
FR;0;2021-05-19;467404;143623;2463;0;0;22185251;9335132;30097;4;1
FR;0;2021-05-20;507534;160315;2339;0;0;22692785;9495447;32436;4;1
FR;0;2021-05-21;489668;174863;1996;0;0;23182453;9670310;34432;4;1
FR;0;2021-05-22;347190;80049;668;0;0;23529643;9750359;35100;4;1
FR;0;2021-05-23;161691;14271;246;0;0;23691334;9764630;35346;4;1
FR;0;2021-05-24;263193;33134;604;0;0;23954527;9797764;35950;4;1
FR;0;2021-05-25;400275;189976;2352;1;0;24354802;9987740;38302;5;1
FR;0;2021-05-26;413457;189879;2223;0;0;24768259;10177619;40525;5;1
FR;0;2021-05-27;449806;219438;2161;0;0;25218065;10397057;42686;5;1
FR;0;2021-05-28;429551;260326;1893;0;0;25647616;10657383;44579;5;1
FR;0;2021-05-29;298978;149967;585;0;0;25946594;10807350;45164;5;1
FR;0;2021-05-30;107143;32551;163;0;0;26053737;10839901;45327;5;1
FR;0;2021-05-31;358036;203333;1469;1;1;26411773;11043234;46796;6;2
FR;0;2021-06-01;431019;251333;1962;1;1;26842792;11294567;48758;7;3
FR;0;2021-06-02;420107;231703;1984;0;0;27262899;11526270;50742;7;3
FR;0;2021-06-03;465610;257991;1823;0;0;27728509;11784261;52565;7;3
FR;0;2021-06-04;456252;305335;1734;1;1;28184761;12089596;54299;8;4
FR;0;2021-06-05;304805;189262;652;0;0;28489566;12278858;54951;8;4
FR;0;2021-06-06;133310;49049;226;0;0;28622876;12327907;55177;8;4
FR;0;2021-06-07;339998;261671;1526;0;0;28962874;12589578;56703;8;4
FR;0;2021-06-08;393880;291119;1803;0;0;29356754;12880697;58506;8;4
FR;0;2021-06-09;384865;274678;1731;0;0;29741619;13155375;60237;8;4
FR;0;2021-06-10;404182;288180;1724;1;0;30145801;13443555;61961;9;4
FR;0;2021-06-11;386656;356783;1467;1;0;30532457;13800338;63428;10;4
FR;0;2021-06-12;283263;211094;495;0;0;30815720;14011432;63923;10;4
FR;0;2021-06-13;104884;73854;204;0;0;30920604;14085286;64127;10;4
FR;0;2021-06-14;240830;354673;1426;1;0;31161434;14439959;65553;11;4
FR;0;2021-06-15;308154;384993;1569;1;0;31469588;14824952;67122;12;4
FR;0;2021-06-16;313975;357532;1418;1;0;31783563;15182484;68540;13;4
FR;0;2021-06-17;317687;372797;1427;1;0;32101250;15555281;69967;14;4
FR;0;2021-06-18;321743;442596;1338;1;0;32422993;15997877;71305;15;4
FR;0;2021-06-19;224342;273870;449;0;0;32647335;16271747;71754;15;4
FR;0;2021-06-20;74429;102416;129;0;0;32721764;16374163;71883;15;4
FR;0;2021-06-21;195764;401700;1037;1;1;32917528;16775863;72920;16;5
FR;0;2021-06-22;223199;467489;1265;10;1;33140727;17243352;74185;26;6
FR;0;2021-06-23;234024;439990;1197;1;1;33374751;17683342;75382;27;7
FR;0;2021-06-24;241862;409572;1357;0;0;33616613;18092914;76739;27;7
FR;0;2021-06-25;227630;522713;1401;0;0;33844243;18615627;78140;27;7
FR;0;2021-06-26;153254;370831;587;1;0;33997497;18986458;78727;28;7
FR;0;2021-06-27;55899;156079;168;1;0;34053396;19142537;78895;29;7
FR;0;2021-06-28;154776;452725;1176;0;0;34208172;19595262;80071;29;7
FR;0;2021-06-29;182701;507311;2123;0;0;34390873;20102573;82194;29;7
FR;0;2021-06-30;204006;485105;2014;21;2;34594879;20587678;84208;50;9
FR;0;2021-07-01;231330;458176;2223;5;1;34826209;21045854;86431;55;10
FR;0;2021-07-02;228693;520151;2120;5;2;35054902;21566005;88551;60;12
FR;0;2021-07-03;142038;368739;908;3;1;35196940;21934744;89459;63;13
FR;0;2021-07-04;56750;141077;265;0;0;35253690;22075821;89724;63;13
FR;0;2021-07-05;168513;419002;1668;8;2;35422203;22494823;91392;71;15
FR;0;2021-07-06;196766;474644;1829;45;8;35618969;22969467;93221;116;23
FR;0;2021-07-07;213188;439161;1878;25;4;35832157;23408628;95099;141;27
FR;0;2021-07-08;231639;424187;2089;20;6;36063796;23832815;97188;161;33
FR;0;2021-07-09;228611;511003;2185;4;2;36292407;24343818;99373;165;35
FR;0;2021-07-10;148612;339908;983;1;1;36441019;24683726;100356;166;36
FR;0;2021-07-11;60197;110110;283;0;0;36501216;24793836;100639;166;36
FR;0;2021-07-12;169393;478011;1761;4;0;36670609;25271847;102400;170;36
FR;0;2021-07-13;287261;527033;2046;8;1;36957870;25798880;104446;178;37
FR;0;2021-07-14;181091;157518;435;0;0;37138961;25956398;104881;178;37
FR;0;2021-07-15;347094;502063;2099;1;0;37486055;26458461;106980;179;37
FR;0;2021-07-16;380098;495485;2023;3;1;37866153;26953946;109003;182;38
FR;0;2021-07-17;259721;319727;877;1;0;38125874;27273673;109880;183;38
FR;0;2021-07-18;109708;114635;310;0;0;38235582;27388308;110190;183;38
FR;0;2021-07-19;285471;424437;1629;3;0;38521053;27812745;111819;186;38
FR;0;2021-07-20;376915;451824;1723;0;0;38897968;28264569;113542;186;38
FR;0;2021-07-21;395780;407354;1549;4;2;39293748;28671923;115091;190;40
FR;0;2021-07-22;441042;387681;1715;4;2;39734790;29059604;116806;194;42
FR;0;2021-07-23;440327;422568;1882;4;1;40175117;29482172;118688;198;43
FR;0;2021-07-24;285248;269413;804;1;0;40460365;29751585;119492;199;43
FR;0;2021-07-25;121110;79962;234;0;0;40581475;29831547;119726;199;43
FR;0;2021-07-26;347420;322615;1614;3;2;40928895;30154162;121340;202;45
FR;0;2021-07-27;464064;319696;1697;4;2;41392959;30473858;123037;206;47
FR;0;2021-07-28;459436;289605;1636;4;2;41852395;30763463;124673;210;49
FR;0;2021-07-29;489821;276491;1796;2;0;42342216;31039954;126469;212;49
FR;0;2021-07-30;461821;302583;1941;5;1;42804037;31342537;128410;217;50
FR;0;2021-07-31;285396;185069;914;1;0;43089433;31527606;129324;218;50
FR;0;2021-08-01;112016;49938;253;0;0;43201449;31577544;129577;218;50
FR;0;2021-08-02;341603;234274;1602;2;0;43543052;31811818;131179;220;50
FR;0;2021-08-03;398604;244704;1728;2;1;43941656;32056522;132907;222;51
FR;0;2021-08-04;384845;209763;1593;6;3;44326501;32266285;134500;228;54
FR;0;2021-08-05;366162;228600;1710;0;0;44692663;32494885;136210;228;54
FR;0;2021-08-06;359725;271454;1835;4;1;45052388;32766339;138045;232;55
FR;0;2021-08-07;213114;178352;755;5;3;45265502;32944691;138800;237;58
FR;0;2021-08-08;74193;63209;275;0;0;45339695;33007900;139075;237;58
FR;0;2021-08-09;258751;259012;1547;4;3;45598446;33266912;140622;241;61
FR;0;2021-08-10;306852;277463;1662;2;1;45905298;33544375;142284;243;62
FR;0;2021-08-11;279733;259865;1441;5;1;46185031;33804240;143725;248;63
FR;0;2021-08-12;271538;278293;1662;3;0;46456569;34082533;145387;251;63
FR;0;2021-08-13;252148;278108;1592;3;2;46708717;34360641;146979;254;65
FR;0;2021-08-14;145337;197169;740;0;0;46854054;34557810;147719;254;65
FR;0;2021-08-15;39378;50111;217;1;0;46893432;34607921;147936;255;65
FR;0;2021-08-16;186180;317765;1542;0;0;47079612;34925686;149478;255;65
FR;0;2021-08-17;215680;336113;1636;7;0;47295292;35261799;151114;262;65
FR;0;2021-08-18;199048;324549;1597;7;4;47494340;35586348;152711;269;69
FR;0;2021-08-19;192029;325546;1640;1;0;47686369;35911894;154351;270;69
FR;0;2021-08-20;186457;366324;1818;3;2;47872826;36278218;156169;273;71
FR;0;2021-08-21;104793;238132;706;0;0;47977619;36516350;156875;273;71
FR;0;2021-08-22;31941;87211;256;1;1;48009560;36603561;157131;274;72
FR;0;2021-08-23;140983;357121;1561;3;1;48150543;36960682;158692;277;73
FR;0;2021-08-24;162479;376776;1849;5;1;48313022;37337458;160541;282;74
FR;0;2021-08-25;151134;350831;2033;8;2;48464156;37688289;162574;290;76
FR;0;2021-08-26;142873;342796;2560;10;0;48607029;38031085;165134;300;76
FR;0;2021-08-27;148450;388297;2790;11;3;48755479;38419382;167924;311;79
FR;0;2021-08-28;90663;249605;1406;0;0;48846142;38668987;169330;311;79
FR;0;2021-08-29;27319;83343;518;1;0;48873461;38752330;169848;312;79
FR;0;2021-08-30;117414;324759;4712;6;5943;48990875;39077089;174560;318;6022
FR;0;2021-08-31;128802;334528;10187;19;11815;49119677;39411617;184747;337;17837
FR;0;2021-09-01;136137;285705;22431;7;24380;49255814;39697322;207178;344;42217
FR;0;2021-09-02;114665;247255;26516;20;28963;49370479;39944577;233694;364;71180
FR;0;2021-09-03;118305;292703;29963;24;33040;49488784;40237280;263657;388;104220
FR;0;2021-09-04;89888;217781;12585;12;14122;49578672;40455061;276242;400;118342
FR;0;2021-09-05;21356;44832;4395;2;4720;49600028;40499893;280637;402;123062
FR;0;2021-09-06;75677;180646;31953;16;34301;49675705;40680539;312590;418;157363
FR;0;2021-09-07;80299;181251;33243;43;36243;49756004;40861790;345833;461;193606
FR;0;2021-09-08;90986;206120;29661;28;32521;49846990;41067910;375494;489;226127
FR;0;2021-09-09;76933;165359;33064;27;36614;49923923;41233269;408558;516;262741
FR;0;2021-09-10;96034;203797;35736;28;40670;50019957;41437066;444294;544;303411
FR;0;2021-09-11;67163;169301;12138;19;14374;50087120;41606367;456432;563;317785
FR;0;2021-09-12;12825;32104;2776;1;3177;50099945;41638471;459208;564;320962
FR;0;2021-09-13;64555;126259;41224;35;44172;50164500;41764730;500432;599;365134
FR;0;2021-09-14;73486;129078;56366;80;62273;50237986;41893808;556798;679;427407
FR;0;2021-09-15;76636;167827;55660;58;54838;50314622;42061635;612458;737;482245
FR;0;2021-09-16;63877;114532;60081;82;60094;50378499;42176167;672539;819;542339
FR;0;2021-09-17;75080;156837;53850;71;57294;50453579;42333004;726389;890;599633
FR;0;2021-09-18;48234;139630;15601;25;17311;50501813;42472634;741990;915;616944
FR;0;2021-09-19;7905;23684;2437;1;2617;50509718;42496318;744427;916;619561
FR;0;2021-09-20;44564;93847;50080;72;50335;50554282;42590165;794507;988;669896
FR;0;2021-09-21;45891;98441;62760;75;63455;50600173;42688606;857267;1063;733351
FR;0;2021-09-22;48659;142394;55367;82;55422;50648832;42831000;912634;1145;788773
FR;0;2021-09-23;43252;92095;62391;94;63557;50692084;42923095;975025;1239;852330
FR;0;2021-09-24;52279;133325;54549;107;59176;50744363;43056420;1029574;1346;911506
FR;0;2021-09-25;35215;115624;16272;36;18295;50779578;43172044;1045846;1382;929801
FR;0;2021-09-26;5546;17805;2269;5;2327;50785124;43189849;1048115;1387;932128
FR;0;2021-09-27;33959;76955;47195;97;48171;50819083;43266804;1095310;1484;980299
FR;0;2021-09-28;36491;75262;54964;89;56539;50855574;43342066;1150274;1573;1036838
FR;0;2021-09-29;44382;100789;53346;112;54853;50899956;43442855;1203620;1685;1091691
FR;0;2021-09-30;36316;72956;57035;97;59570;50936272;43515811;1260655;1782;1151261
FR;0;2021-10-01;61699;102904;57806;108;63939;50997971;43618715;1318461;1890;1215200
FR;0;2021-10-02;39457;78436;20961;39;23355;51037428;43697151;1339422;1929;1238555
FR;0;2021-10-03;5285;10502;2531;4;2540;51042713;43707653;1341953;1933;1241095
FR;0;2021-10-04;35144;58529;52618;84;54829;51077857;43766182;1394571;2017;1295924
FR;0;2021-10-05;33885;64381;61011;135;65060;51111742;43830563;1455582;2152;1360984
FR;0;2021-10-06;42689;79325;65743;113;68317;51154431;43909888;1521325;2265;1429301
FR;0;2021-10-07;30527;62263;65426;90;68834;51184958;43972151;1586751;2355;1498135
FR;0;2021-10-08;49452;91918;77751;110;84719;51234410;44064069;1664502;2465;1582854
FR;0;2021-10-09;33657;60942;31543;35;33920;51268067;44125011;1696045;2500;1616774
FR;0;2021-10-10;4708;7438;3193;9;3481;51272775;44132449;1699238;2509;1620255
FR;0;2021-10-11;30695;49954;61041;105;64100;51303470;44182403;1760279;2614;1684355
FR;0;2021-10-12;31596;54498;70615;140;75967;51335066;44236901;1830894;2754;1760322
FR;0;2021-10-13;40103;62841;74431;136;79338;51375169;44299742;1905325;2890;1839660
FR;0;2021-10-14;30315;52907;68758;116;73821;51405484;44352649;1974083;3006;1913481
FR;0;2021-10-15;44895;75283;93240;191;102992;51450379;44427932;2067323;3197;2016473
FR;0;2021-10-16;31300;44119;36692;44;39635;51481679;44472051;2104015;3241;2056108
FR;0;2021-10-17;3841;5242;3595;2;3683;51485520;44477293;2107610;3243;2059791
FR;0;2021-10-18;29039;42397;67494;133;71356;51514559;44519690;2175104;3376;2131147
FR;0;2021-10-19;27151;45598;76406;140;81627;51541710;44565288;2251510;3516;2212774
FR;0;2021-10-20;35299;52471;96940;181;101537;51577009;44617759;2348450;3697;2314311
FR;0;2021-10-21;26129;45195;83967;112;89144;51603138;44662954;2432417;3809;2403455
FR;0;2021-10-22;38413;62516;104898;200;112590;51641551;44725470;2537315;4009;2516045
FR;0;2021-10-23;27006;41218;45456;57;48622;51668557;44766688;2582771;4066;2564667
FR;0;2021-10-24;2920;4773;3682;6;3929;51671477;44771461;2586453;4072;2568596
FR;0;2021-10-25;26054;36274;82331;144;86643;51697531;44807735;2668784;4216;2655239
FR;0;2021-10-26;23730;35044;87248;166;92362;51721261;44842779;2756032;4382;2747601
FR;0;2021-10-27;30080;46369;109005;257;114701;51751341;44889148;2865037;4639;2862302
FR;0;2021-10-28;23583;34978;88711;153;94482;51774924;44924126;2953748;4792;2956784
FR;0;2021-10-29;31572;51490;117322;205;125355;51806496;44975616;3071070;4997;3082139
FR;0;2021-10-30;20557;33237;50347;76;53393;51827053;45008853;3121417;5073;3135532
FR;0;2021-10-31;2489;3736;3590;3;3879;51829542;45012589;3125007;5076;3139411
FR;0;2021-11-01;8461;4867;3210;3;3573;51838003;45017456;3128217;5079;3142984
FR;0;2021-11-02;26330;40124;93585;156;99589;51864333;45057580;3221802;5235;3242573
FR;0;2021-11-03;30094;47976;118890;218;125850;51894427;45105556;3340692;5453;3368423
FR;0;2021-11-04;23784;37533;107569;217;114432;51918211;45143089;3448261;5670;3482855
FR;0;2021-11-05;32388;52996;141644;235;151393;51950599;45196085;3589905;5905;3634248
FR;0;2021-11-06;21527;34574;64886;123;68302;51972126;45230659;3654791;6028;3702550
FR;0;2021-11-07;2400;4179;5196;6;5593;51974526;45234838;3659987;6034;3708143
FR;0;2021-11-08;20593;37793;127201;227;134314;51995119;45272631;3787188;6261;3842457
FR;0;2021-11-09;22404;44747;161691;339;172265;52017523;45317378;3948879;6600;4014722
FR;0;2021-11-10;31585;55061;187017;446;198827;52049108;45372439;4135896;7046;4213549
FR;0;2021-11-11;4719;6760;12971;28;13958;52053827;45379199;4148867;7074;4227507
FR;0;2021-11-12;29071;55161;183782;252;197403;52082898;45434360;4332649;7326;4424910
FR;0;2021-11-13;20347;32645;80703;118;86322;52103245;45467005;4413352;7444;4511232
FR;0;2021-11-14;2356;3887;7175;6;7855;52105601;45470892;4420527;7450;4519087
FR;0;2021-11-15;20480;38692;160860;313;171577;52126081;45509584;4581387;7763;4690664
FR;0;2021-11-16;23641;43982;200427;392;215047;52149722;45553566;4781814;8155;4905711
FR;0;2021-11-17;30509;50362;199853;406;212894;52180231;45603928;4981667;8561;5118605
FR;0;2021-11-18;23436;45601;191679;468;205582;52203667;45649529;5173346;9029;5324187
FR;0;2021-11-19;33669;61445;243223;550;262221;52237336;45710974;5416569;9579;5586408
FR;0;2021-11-20;25402;36713;102157;206;109706;52262738;45747687;5518726;9785;5696114
FR;0;2021-11-21;2644;4489;9657;19;10619;52265382;45752176;5528383;9804;5706733
FR;0;2021-11-22;22803;33259;180381;470;194863;52288185;45785435;5708764;10274;5901596
FR;0;2021-11-23;25712;45615;229386;549;247853;52313897;45831050;5938150;10823;6149449
FR;0;2021-11-24;31798;53765;224821;715;243254;52345695;45884815;6162971;11538;6392703
FR;0;2021-11-25;25634;49239;255949;739;277805;52371329;45934054;6418920;12277;6670508
FR;0;2021-11-26;33250;74874;379501;865;414659;52404579;46008928;6798421;13142;7085167
FR;0;2021-11-27;23490;49703;214912;389;236693;52428069;46058631;7013333;13531;7321860
FR;0;2021-11-28;3510;10534;56758;66;63328;52431579;46069165;7070091;13597;7385188
FR;0;2021-11-29;19416;54202;341482;863;371729;52450995;46123367;7411573;14460;7756917
FR;0;2021-11-30;24777;72036;457394;989;500803;52475772;46195403;7868967;15449;8257720
FR;0;2021-12-01;27358;75833;469113;1160;511345;52503130;46271236;8338080;16609;8769065
FR;0;2021-12-02;22090;71841;527116;1280;574895;52525220;46343077;8865196;17889;9343960
FR;0;2021-12-03;25553;93193;596408;1420;651208;52550773;46436270;9461604;19309;9995168
FR;0;2021-12-04;18315;60525;336232;690;369793;52569088;46496795;9797836;19999;10364961
FR;0;2021-12-05;4154;16199;95786;157;107056;52573242;46512994;9893622;20156;10472017
FR;0;2021-12-06;28434;73032;493159;1173;539991;52601676;46586026;10386781;21329;11012008
FR;0;2021-12-07;23536;91509;645412;1773;706340;52625212;46677535;11032193;23102;11718348
FR;0;2021-12-08;25491;92289;591604;1874;647532;52650703;46769824;11623797;24976;12365880
FR;0;2021-12-09;24054;94244;663111;2179;726427;52674757;46864068;12286908;27155;13092307
FR;0;2021-12-10;28049;111171;736068;2075;806198;52702806;46975239;13022976;29230;13898505
FR;0;2021-12-11;20251;76254;435187;987;480402;52723057;47051493;13458163;30217;14378907
FR;0;2021-12-12;5644;23222;142307;262;159219;52728701;47074715;13600470;30479;14538126
FR;0;2021-12-13;21349;91117;587670;1699;649323;52750050;47165832;14188140;32178;15187449
FR;0;2021-12-14;27963;118597;765559;2654;847519;52778013;47284429;14953699;34832;16034968
FR;0;2021-12-15;28422;114523;694349;2265;769119;52806435;47398952;15648048;37097;16804087
FR;0;2021-12-16;28023;115989;764040;2557;844455;52834458;47514941;16412088;39654;17648542
FR;0;2021-12-17;31644;128712;807879;2709;892080;52866102;47643653;17219967;42363;18540622
FR;0;2021-12-18;24930;81698;469970;1178;522220;52891032;47725351;17689937;43541;19062842
FR;0;2021-12-19;8757;28702;169395;376;191091;52899789;47754053;17859332;43917;19253933
FR;0;2021-12-20;31749;97446;591500;1786;658765;52931538;47851499;18450832;45703;19912698
FR;0;2021-12-21;39455;112259;682420;2392;759603;52970993;47963758;19133252;48095;20672301
FR;0;2021-12-22;39549;99526;575774;2168;642157;53010542;48063284;19709026;50263;21314458
FR;0;2021-12-23;33774;79684;441012;1656;494413;53044316;48142968;20150038;51919;21808871
FR;0;2021-12-24;10690;26139;111027;398;126674;53055006;48169107;20261065;52317;21935545
FR;0;2021-12-25;774;3590;7589;25;9032;53055780;48172697;20268654;52342;21944577
FR;0;2021-12-26;4695;11901;52095;142;60147;53060475;48184598;20320749;52484;22004724
FR;0;2021-12-27;30501;84082;453557;1364;509173;53090976;48268680;20774306;53848;22513897
FR;0;2021-12-28;38363;99084;564164;1769;632273;53129339;48367764;21338470;55617;23146170
FR;0;2021-12-29;39871;88426;501203;1687;561009;53169210;48456190;21839673;57304;23707179
FR;0;2021-12-30;35917;75267;421027;1521;471150;53205127;48531457;22260700;58825;24178329
FR;0;2021-12-31;12044;25166;116875;405;131670;53217171;48556623;22377575;59230;24309999
FR;0;2022-01-01;1494;3207;8515;37;9939;53218665;48559830;22386090;59267;24319938
FR;0;2022-01-02;6093;12997;58417;125;66947;53224758;48572827;22444507;59392;24386885
FR;0;2022-01-03;36499;90304;494821;1592;551699;53261257;48663131;22939328;60984;24938584
FR;0;2022-01-04;41897;111141;641377;2307;714374;53303154;48774272;23580705;63291;25652958
FR;0;2022-01-05;60997;103729;569166;1981;634191;53364151;48878001;24149871;65272;26287149
FR;0;2022-01-06;44245;110427;638972;2696;711445;53408396;48988428;24788843;67968;26998594
FR;0;2022-01-07;50817;123442;710990;2810;790490;53459213;49111870;25499833;70778;27789084
FR;0;2022-01-08;45004;80322;423803;1213;472882;53504217;49192192;25923636;71991;28261966
FR;0;2022-01-09;15600;26640;128565;300;145678;53519817;49218832;26052201;72291;28407644
FR;0;2022-01-10;35339;93459;469304;1811;522739;53555156;49312291;26521505;74102;28930383
FR;0;2022-01-11;41921;100586;548237;2306;608496;53597077;49412877;27069742;76408;29538879
FR;0;2022-01-12;60356;95786;452673;1967;504335;53657433;49508663;27522415;78375;30043214
FR;0;2022-01-13;38209;92630;487336;2085;541039;53695642;49601293;28009751;80460;30584253
FR;0;2022-01-14;42560;103441;568595;2286;629013;53738202;49704734;28578346;82746;31213266
FR;0;2022-01-15;39389;65901;340128;985;377556;53777591;49770635;28918474;83731;31590822
FR;0;2022-01-16;11400;19249;87421;216;99422;53788991;49789884;29005895;83947;31690244
FR;0;2022-01-17;24716;60111;320274;1381;354160;53813707;49849995;29326169;85328;32044404
FR;0;2022-01-18;28309;68792;361068;1802;397559;53842016;49918787;29687237;87130;32441963
FR;0;2022-01-19;43203;67123;281284;1450;311079;53885219;49985910;29968521;88580;32753042
FR;0;2022-01-20;23618;59693;299001;1740;328505;53908837;50045603;30267522;90320;33081547
FR;0;2022-01-21;28188;68897;366360;2086;401187;53937025;50114500;30633882;92406;33482734
FR;0;2022-01-22;27622;48000;218787;839;241769;53964647;50162500;30852669;93245;33724503
FR;0;2022-01-23;6710;12978;48672;173;55166;53971357;50175478;30901341;93418;33779669
FR;0;2022-01-24;16259;47514;217302;1139;239339;53987616;50222992;31118643;94557;34019008
FR;0;2022-01-25;19014;54419;243029;1547;267062;54006630;50277411;31361672;96104;34286070
FR;0;2022-01-26;28145;60488;209271;1297;229465;54034775;50337899;31570943;97401;34515535
FR;0;2022-01-27;16324;46342;207644;1274;225941;54051099;50384241;31778587;98675;34741476
FR;0;2022-01-28;21580;78095;290047;1574;321397;54072679;50462336;32068634;100249;35062873
FR;0;2022-01-29;18417;52837;184123;688;204587;54091096;50515173;32252757;100937;35267460
FR;0;2022-01-30;4470;14494;39141;124;45090;54095566;50529667;32291898;101061;35312550
FR;0;2022-01-31;11255;43983;148197;741;164782;54106821;50573650;32440095;101802;35477332
FR;0;2022-02-01;13496;48390;174116;1142;191411;54120317;50622040;32614211;102944;35668743
FR;0;2022-02-02;20474;66396;171523;1034;190133;54140791;50688436;32785734;103978;35858876
FR;0;2022-02-03;11451;44773;157548;989;173322;54152242;50733209;32943282;104967;36032198
FR;0;2022-02-04;14618;66540;239247;1266;264166;54166860;50799749;33182529;106233;36296364
FR;0;2022-02-05;12894;51482;153543;523;172330;54179754;50851231;33336072;106756;36468694
FR;0;2022-02-06;2722;12191;28890;101;33839;54182476;50863422;33364962;106857;36502533
FR;0;2022-02-07;9543;46717;156862;591;176317;54192019;50910139;33521824;107448;36678850
FR;0;2022-02-08;9776;43067;166620;867;184413;54201795;50953206;33688444;108315;36863263
FR;0;2022-02-09;14340;58232;172333;870;193039;54216135;51011438;33860777;109185;37056302
FR;0;2022-02-10;8676;39020;150222;878;166694;54224811;51050458;34010999;110063;37222996
FR;0;2022-02-11;10854;55654;218500;1100;243090;54235665;51106112;34229499;111163;37466086
FR;0;2022-02-12;8380;40953;134718;463;151746;54244045;51147065;34364217;111626;37617832
FR;0;2022-02-13;1899;8598;26562;85;30921;54245944;51155663;34390779;111711;37648753
FR;0;2022-02-14;6979;35233;148361;481;166354;54252923;51190896;34539140;112192;37815107
FR;0;2022-02-15;7046;36198;146970;751;162554;54259969;51227094;34686110;112943;37977661
FR;0;2022-02-16;9395;42956;132528;720;146747;54269364;51270050;34818638;113663;38124408
FR;0;2022-02-17;5573;24300;87290;586;94863;54274937;51294350;34905928;114249;38219271
FR;0;2022-02-18;6991;33551;119649;804;129313;54281928;51327901;35025577;115053;38348584
FR;0;2022-02-19;5369;24544;70022;370;77332;54287297;51352445;35095599;115423;38425916
FR;0;2022-02-20;1144;4650;12169;39;13948;54288441;51357095;35107768;115462;38439864
FR;0;2022-02-21;4088;17880;61946;351;67174;54292529;51374975;35169714;115813;38507038
FR;0;2022-02-22;4447;18642;60818;576;64456;54296976;51393617;35230532;116389;38571494
FR;0;2022-02-23;6583;27340;66489;591;71887;54303559;51420957;35297021;116980;38643381
FR;0;2022-02-24;3848;15458;50419;517;53240;54307407;51436415;35347440;117497;38696621
FR;0;2022-02-25;5278;23974;76348;802;80082;54312685;51460389;35423788;118299;38776703
FR;0;2022-02-26;3987;17763;47409;359;51476;54316672;51478152;35471197;118658;38828179
FR;0;2022-02-27;879;3003;8034;47;8945;54317551;51481155;35479231;118705;38837124
FR;0;2022-02-28;3123;12516;40473;358;42908;54320674;51493671;35519704;119063;38880032
FR;0;2022-03-01;3857;12580;44185;435;44856;54324531;51506251;35563889;119498;38924888
FR;0;2022-03-02;5288;17773;47123;445;49054;54329819;51524024;35611012;119943;38973942
FR;0;2022-03-03;2800;9315;29890;368;30012;54332619;51533339;35640902;120311;39003954
FR;0;2022-03-04;3218;12390;40294;665;39443;54335837;51545729;35681196;120976;39043397
FR;0;2022-03-05;3069;9273;24951;310;25113;54338906;51555002;35706147;121286;39068510
FR;0;2022-03-06;517;1396;3196;43;3439;54339423;51556398;35709343;121329;39071949
FR;0;2022-03-07;2291;5610;18424;316;17691;54341714;51562008;35727767;121645;39089640
FR;0;2022-03-08;2093;6066;19441;359;17910;54343807;51568074;35747208;122004;39107550
FR;0;2022-03-09;3551;10492;22179;405;21274;54347358;51578566;35769387;122409;39128824
FR;0;2022-03-10;1785;5631;16977;343;15803;54349143;51584197;35786364;122752;39144627
FR;0;2022-03-11;2405;7540;24490;540;22255;54351548;51591737;35810854;123292;39166882
FR;0;2022-03-12;2662;6773;17158;308;16512;54354210;51598510;35828012;123600;39183394
FR;0;2022-03-13;390;787;2322;147;2270;54354600;51599297;35830334;123747;39185664
FR;0;2022-03-14;1536;4264;14974;4408;13828;54356136;51603561;35845308;128155;39199492
FR;0;2022-03-15;1719;6286;16367;7551;14594;54357855;51609847;35861675;135706;39214086
FR;0;2022-03-16;3017;7361;19421;13136;18096;54360872;51617208;35881096;148842;39232182
FR;0;2022-03-17;1445;3975;13136;10845;11979;54362317;51621183;35894232;159687;39244161
FR;0;2022-03-18;2264;5744;19988;18287;18081;54364581;51626927;35914220;177974;39262242
FR;0;2022-03-19;2288;4800;13114;9400;12416;54366869;51631727;35927334;187374;39274658
FR;0;2022-03-20;298;732;1918;1073;1929;54367167;51632459;35929252;188447;39276587
FR;0;2022-03-21;1388;3208;12718;14937;11940;54368555;51635667;35941970;203384;39288527
FR;0;2022-03-22;1497;3728;13790;20527;12547;54370052;51639395;35955760;223911;39301074
FR;0;2022-03-23;2667;6244;17708;23148;17220;54372719;51645639;35973468;247059;39318294
FR;0;2022-03-24;1398;3145;11584;17605;10669;54374117;51648784;35985052;264664;39328963
FR;0;2022-03-25;2076;5133;18547;27754;16884;54376193;51653917;36003599;292418;39345847
FR;0;2022-03-26;2224;4410;12073;12677;11514;54378417;51658327;36015672;305095;39357361
FR;0;2022-03-27;359;688;1904;1480;1937;54378776;51659015;36017576;306575;39359298
FR;0;2022-03-28;1460;3067;11117;17487;10610;54380236;51662082;36028693;324062;39369908
FR;0;2022-03-29;1449;3265;12897;27554;12038;54381685;51665347;36041590;351616;39381946
FR;0;2022-03-30;2846;5462;15675;27368;15068;54384531;51670809;36057265;378984;39397014
FR;0;2022-03-31;1607;3549;12972;24965;12307;54386138;51674358;36070237;403949;39409321
FR;0;2022-04-01;2654;4572;20045;30863;18685;54388792;51678930;36090282;434812;39428006
FR;0;2022-04-02;1518;2626;9046;10112;8703;54390310;51681556;36099328;444924;39436709
FR;0;2022-04-03;287;504;1561;1167;1577;54390597;51682060;36100889;446091;39438286
FR;0;2022-04-04;1910;2856;12360;19098;11563;54392507;51684916;36113249;465189;39449849
FR;0;2022-04-05;1766;3107;14328;34082;13179;54394273;51688023;36127577;499271;39463028
FR;0;2022-04-06;2157;3866;13523;26470;12792;54396430;51691889;36141100;525741;39475820
FR;0;2022-04-07;1537;3070;13656;33743;12868;54397967;51694959;36154756;559484;39488688
FR;0;2022-04-08;2066;4215;19203;43854;17809;54400033;51699174;36173959;603338;39506497
FR;0;2022-04-09;1362;2668;9310;13556;8862;54401395;51701842;36183269;616894;39515359
FR;0;2022-04-10;285;599;1981;2011;2000;54401680;51702441;36185250;618905;39517359
FR;0;2022-04-11;1281;2590;11857;23870;11459;54402961;51705031;36197107;642775;39528818
FR;0;2022-04-12;1665;3011;14003;40841;13373;54404626;51708042;36211110;683616;39542191
FR;0;2022-04-13;1944;3646;13399;33052;13017;54406570;51711688;36224509;716668;39555208
FR;0;2022-04-14;1487;2875;13177;36253;13022;54408057;51714563;36237686;752921;39568230
FR;0;2022-04-15;1848;3434;15616;35486;14862;54409905;51717997;36253302;788407;39583092
FR;0;2022-04-16;1041;1818;6395;8533;6250;54410946;51719815;36259697;796940;39589342
FR;0;2022-04-17;190;321;991;1172;1030;54411136;51720136;36260688;798112;39590372
FR;0;2022-04-18;192;523;2763;1069;2781;54411328;51720659;36263451;799181;39593153
FR;0;2022-04-19;1520;3000;12901;29598;12462;54412848;51723659;36276352;828779;39605615
FR;0;2022-04-20;1978;3441;13285;28988;12964;54414826;51727100;36289637;857767;39618579
FR;0;2022-04-21;1505;2834;12523;35059;12559;54416331;51729934;36302160;892826;39631138
FR;0;2022-04-22;1857;3591;16455;37570;15819;54418188;51733525;36318615;930396;39646957
FR;0;2022-04-23;1143;2046;7380;10654;7230;54419331;51735571;36325995;941050;39654187
FR;0;2022-04-24;250;448;1475;1588;1410;54419581;51736019;36327470;942638;39655597
FR;0;2022-04-25;1298;2519;10676;21008;10480;54420879;51738538;36338146;963646;39666077
FR;0;2022-04-26;1611;2993;13651;38556;13101;54422490;51741531;36351797;1002202;39679178
FR;0;2022-04-27;1956;3047;11524;30948;11582;54424446;51744578;36363321;1033150;39690760
FR;0;2022-04-28;1559;2729;12520;36130;12259;54426005;51747307;36375841;1069280;39703019
FR;0;2022-04-29;1998;4045;15541;37204;14903;54428003;51751352;36391382;1106484;39717922
FR;0;2022-04-30;1210;1840;6926;9704;6753;54429213;51753192;36398308;1116188;39724675
FR;0;2022-05-01;217;318;911;995;906;54429430;51753510;36399219;1117183;39725581
FR;0;2022-05-02;1629;2850;11140;18120;10953;54431059;51756360;36410359;1135303;39736534
FR;0;2022-05-03;1854;3200;13705;34593;13546;54432913;51759560;36424064;1169896;39750080
FR;0;2022-05-04;1879;3247;12162;25612;12272;54434792;51762807;36436226;1195508;39762352
FR;0;2022-05-05;1740;2844;13024;33439;12873;54436532;51765651;36449250;1228947;39775225
FR;0;2022-05-06;2174;3636;15318;36714;14810;54438706;51769287;36464568;1265661;39790035
FR;0;2022-05-07;1200;1764;6458;9604;6446;54439906;51771051;36471026;1275265;39796481
FR;0;2022-05-08;264;396;1171;1545;1232;54440170;51771447;36472197;1276810;39797713
FR;0;2022-05-09;1327;2275;9915;20238;9784;54441497;51773722;36482112;1297048;39807497
FR;0;2022-05-10;1736;3109;13546;38833;13099;54443233;51776831;36495658;1335881;39820596
FR;0;2022-05-11;1979;2943;10731;27877;10674;54445212;51779774;36506389;1363758;39831270
FR;0;2022-05-12;1565;2658;11341;35592;10996;54446777;51782432;36517730;1399350;39842266
FR;0;2022-05-13;1959;3181;13737;37821;13320;54448736;51785613;36531467;1437171;39855586
FR;0;2022-05-14;1143;1609;5934;10772;5793;54449879;51787222;36537401;1447943;39861379
FR;0;2022-05-15;280;452;1277;1434;1354;54450159;51787674;36538678;1449377;39862733
FR;0;2022-05-16;1184;2004;8674;20990;8669;54451343;51789678;36547352;1470367;39871402
FR;0;2022-05-17;1571;2559;11814;37835;11391;54452914;51792237;36559166;1508202;39882793
FR;0;2022-05-18;1794;2615;9676;27124;9650;54454708;51794852;36568842;1535326;39892443
FR;0;2022-05-19;1424;2628;10549;35734;10689;54456132;51797480;36579391;1571060;39903132
FR;0;2022-05-20;1869;3091;13400;39335;12892;54458001;51800571;36592791;1610395;39916024
FR;0;2022-05-21;1158;1692;5657;9896;5530;54459159;51802263;36598448;1620291;39921554
FR;0;2022-05-22;237;333;1024;1434;1011;54459396;51802596;36599472;1621725;39922565
FR;0;2022-05-23;1162;2047;8874;20338;8807;54460558;51804643;36608346;1642063;39931372
FR;0;2022-05-24;1528;2735;11349;38802;11193;54462086;51807378;36619695;1680865;39942565
FR;0;2022-05-25;1804;2799;9334;24803;9464;54463890;51810177;36629029;1705668;39952029
FR;0;2022-05-26;200;397;1655;1189;1664;54464090;51810574;36630684;1706857;39953693
FR;0;2022-05-27;1371;2445;9248;21263;8990;54465461;51813019;36639932;1728120;39962683
FR;0;2022-05-28;663;1250;3910;6781;3960;54466124;51814269;36643842;1734901;39966643
FR;0;2022-05-29;155;314;751;915;772;54466279;51814583;36644593;1735816;39967415
FR;0;2022-05-30;1012;1933;6988;19255;7002;54467291;51816516;36651581;1755071;39974417
FR;0;2022-05-31;1485;2471;9814;35635;9634;54468776;51818987;36661395;1790706;39984051
FR;0;2022-06-01;1704;3073;11019;24503;10886;54470480;51822060;36672414;1815209;39994937
FR;0;2022-06-02;1459;2587;11311;35500;10845;54471939;51824647;36683725;1850709;40005782
FR;0;2022-06-03;1707;3034;13374;38692;12738;54473646;51827681;36697099;1889401;40018520
FR;0;2022-06-04;966;1510;5038;9109;5112;54474612;51829191;36702137;1898510;40023632
FR;0;2022-06-05;174;326;872;1105;882;54474786;51829517;36703009;1899615;40024514
FR;0;2022-06-06;311;874;2100;1255;2101;54475097;51830391;36705109;1900870;40026615
FR;0;2022-06-07;1364;2649;9840;35558;9420;54476461;51833040;36714949;1936428;40036035
FR;0;2022-06-08;1538;2672;9155;28705;8997;54477999;51835712;36724104;1965133;40045032
FR;0;2022-06-09;1272;2421;10603;39439;10242;54479271;51838133;36734707;2004572;40055274
FR;0;2022-06-10;1609;2882;13060;44739;12604;54480880;51841015;36747767;2049311;40067878
FR;0;2022-06-11;955;1726;5432;11619;5464;54481835;51842741;36753199;2060930;40073342
FR;0;2022-06-12;195;432;1072;1758;1133;54482030;51843173;36754271;2062688;40074475
FR;0;2022-06-13;1070;2011;7418;23147;7250;54483100;51845184;36761689;2085835;40081725
FR;0;2022-06-14;1305;2466;10438;44857;9790;54484405;51847650;36772127;2130692;40091515
FR;0;2022-06-15;1486;2379;9303;30868;8933;54485891;51850029;36781430;2161560;40100448
FR;0;2022-06-16;1157;2003;9893;39862;9302;54487048;51852032;36791323;2201422;40109750
FR;0;2022-06-17;1469;2818;12459;46590;11886;54488517;51854850;36803782;2248012;40121636
FR;0;2022-06-18;851;1509;4560;11119;4492;54489368;51856359;36808342;2259131;40126128
FR;0;2022-06-19;180;358;1057;1614;1129;54489548;51856717;36809399;2260745;40127257
FR;0;2022-06-20;1018;1901;8898;26057;8560;54490566;51858618;36818297;2286802;40135817
FR;0;2022-06-21;1318;2390;10296;49864;9324;54491884;51861008;36828593;2336666;40145141
FR;0;2022-06-22;1369;2467;8901;38990;8391;54493253;51863475;36837494;2375656;40153532
FR;0;2022-06-23;1217;2330;10670;55057;9866;54494470;51865805;36848164;2430713;40163398
FR;0;2022-06-24;1475;2966;13621;69084;12274;54495945;51868771;36861785;2499797;40175672
FR;0;2022-06-25;931;1774;6221;19911;5974;54496876;51870545;36868006;2519708;40181646
FR;0;2022-06-26;228;455;1952;3685;1811;54497104;51871000;36869958;2523393;40183457
FR;0;2022-06-27;1125;2009;10482;48432;9624;54498229;51873009;36880440;2571825;40193081
FR;0;2022-06-28;1445;2797;14652;91289;13075;54499674;51875806;36895092;2663114;40206156
FR;0;2022-06-29;1693;2815;12280;71797;11228;54501367;51878621;36907372;2734911;40217384
FR;0;2022-06-30;1519;2654;14376;95125;12458;54502886;51881275;36921748;2830036;40229842
FR;0;2022-07-01;1957;3759;21365;115893;18719;54504843;51885034;36943113;2945929;40248561
FR;0;2022-07-02;1073;1851;8514;35735;7696;54505916;51886885;36951627;2981664;40256257
FR;0;2022-07-03;289;537;2084;6450;1886;54506205;51887422;36953711;2988114;40258143
FR;0;2022-07-04;1514;3007;14661;79176;12925;54507719;51890429;36968372;3067290;40271068
FR;0;2022-07-05;1691;3082;18794;133134;15973;54509410;51893511;36987166;3200424;40287041
FR;0;2022-07-06;1800;2741;15822;99452;13613;54511210;51896252;37002988;3299876;40300654
FR;0;2022-07-07;1691;2848;17963;125862;14728;54512901;51899100;37020951;3425738;40315382
FR;0;2022-07-08;1875;3134;20725;137002;16745;54514776;51902234;37041676;3562740;40332127
FR;0;2022-07-09;862;1446;7731;37906;6679;54515638;51903680;37049407;3600646;40338806
FR;0;2022-07-10;261;505;2343;6997;2125;54515899;51904185;37051750;3607643;40340931
FR;0;2022-07-11;1402;2422;15000;88195;12480;54517301;51906607;37066750;3695838;40353411
FR;0;2022-07-12;1782;3063;20496;143783;16686;54519083;51909670;37087246;3839621;40370097
FR;0;2022-07-13;1709;2660;15661;94422;13226;54520792;51912330;37102907;3934043;40383323
FR;0;2022-07-14;177;339;1947;5527;1826;54520969;51912669;37104854;3939570;40385149
FR;0;2022-07-15;1464;2534;15082;84389;12573;54522433;51915203;37119936;4023959;40397722
FR;0;2022-07-16;615;1162;5935;24957;5140;54523048;51916365;37125871;4048916;40402862
FR;0;2022-07-17;175;385;1734;4657;1566;54523223;51916750;37127605;4053573;40404428
FR;0;2022-07-18;1120;2221;11816;61768;9959;54524343;51918971;37139421;4115341;40414387
FR;0;2022-07-19;1406;2328;15435;103594;12260;54525749;51921299;37154856;4218935;40426647
FR;0;2022-07-20;1403;2264;12929;77527;10706;54527152;51923563;37167785;4296462;40437353
FR;0;2022-07-21;1261;2130;13065;88122;10471;54528413;51925693;37180850;4384584;40447824
FR;0;2022-07-22;1381;2420;14782;89365;11932;54529794;51928113;37195632;4473949;40459756
FR;0;2022-07-23;663;1291;5519;22459;4849;54530457;51929404;37201151;4496408;40464605
FR;0;2022-07-24;178;346;1392;3880;1234;54530635;51929750;37202543;4500288;40465839
FR;0;2022-07-25;1030;1770;9477;48008;7824;54531665;51931520;37212020;4548296;40473663
FR;0;2022-07-26;1288;2192;13284;85368;10803;54532953;51933712;37225304;4633664;40484466
FR;0;2022-07-27;1216;1981;10202;61152;8493;54534169;51935693;37235506;4694816;40492959
FR;0;2022-07-28;1077;1822;10282;64215;8193;54535246;51937515;37245788;4759031;40501152
FR;0;2022-07-29;1277;2008;10953;65765;8714;54536523;51939523;37256741;4824796;40509866
FR;0;2022-07-30;495;839;3512;15245;2967;54537018;51940362;37260253;4840041;40512833
FR;0;2022-07-31;148;279;929;2432;787;54537166;51940641;37261182;4842473;40513620
FR;0;2022-08-01;800;1394;7556;30168;6349;54537966;51942035;37268738;4872641;40519969
FR;0;2022-08-02;1001;1608;8540;56008;6847;54538967;51943643;37277278;4928649;40526816
FR;0;2022-08-03;822;1223;6390;38628;5112;54539789;51944866;37283668;4967277;40531928
FR;0;2022-08-04;722;1156;6532;43035;5280;54540511;51946022;37290200;5010312;40537208
FR;0;2022-08-05;843;1342;7057;44863;5625;54541354;51947364;37297257;5055175;40542833
FR;0;2022-08-06;333;551;2089;9351;1738;54541687;51947915;37299346;5064526;40544571
FR;0;2022-08-07;97;152;528;1615;446;54541784;51948067;37299874;5066141;40545017
FR;0;2022-08-08;537;890;3980;22035;3235;54542321;51948957;37303854;5088176;40548252
FR;0;2022-08-09;678;1107;5951;39888;4778;54542999;51950064;37309805;5128064;40553030
FR;0;2022-08-10;605;1058;4624;27969;3759;54543604;51951122;37314429;5156033;40556789
FR;0;2022-08-11;605;986;4458;29088;3673;54544209;51952108;37318887;5185121;40560462
FR;0;2022-08-12;696;1122;4718;28160;3884;54544905;51953230;37323605;5213281;40564346
FR;0;2022-08-13;205;396;1285;5231;1103;54545110;51953626;37324890;5218512;40565449
FR;0;2022-08-14;66;117;278;890;237;54545176;51953743;37325168;5219402;40565686
FR;0;2022-08-15;65;158;589;551;538;54545241;51953901;37325757;5219953;40566224
FR;0;2022-08-16;607;1032;3925;22108;3323;54545848;51954933;37329682;5242061;40569547
FR;0;2022-08-17;614;979;3862;22815;3267;54546462;51955912;37333544;5264876;40572814
FR;0;2022-08-18;592;951;4060;26186;3203;54547054;51956863;37337604;5291062;40576017
FR;0;2022-08-19;585;1137;4456;27193;3658;54547639;51958000;37342060;5318255;40579675
FR;0;2022-08-20;281;472;1330;5543;1140;54547920;51958472;37343390;5323798;40580815
FR;0;2022-08-21;91;132;295;1001;260;54548011;51958604;37343685;5324799;40581075
FR;0;2022-08-22;531;962;3240;15277;2767;54548542;51959566;37346925;5340076;40583842
FR;0;2022-08-23;694;1151;4271;28946;3582;54549236;51960717;37351196;5369022;40587424
FR;0;2022-08-24;636;912;3469;19432;2815;54549872;51961629;37354665;5388454;40590239
FR;0;2022-08-25;613;975;3902;23301;3247;54550485;51962604;37358567;5411755;40593486
FR;0;2022-08-26;839;1234;4446;25785;3635;54551324;51963838;37363013;5437540;40597121
FR;0;2022-08-27;289;486;1358;5431;1220;54551613;51964324;37364371;5442971;40598341
FR;0;2022-08-28;117;153;298;893;279;54551730;51964477;37364669;5443864;40598620
FR;0;2022-08-29;601;943;3049;14583;2585;54552331;51965420;37367718;5458447;40601205
FR;0;2022-08-30;832;1189;4734;28386;3859;54553163;51966609;37372452;5486833;40605064
FR;0;2022-08-31;669;921;3164;17527;2681;54553832;51967530;37375616;5504360;40607745
FR;0;2022-09-01;670;903;3991;22199;3371;54554502;51968433;37379607;5526559;40611116
FR;0;2022-09-02;841;1087;4679;28378;3893;54555343;51969520;37384286;5554937;40615009
FR;0;2022-09-03;391;542;1730;6037;1478;54555734;51970062;37386016;5560974;40616487
FR;0;2022-09-04;117;143;344;865;339;54555851;51970205;37386360;5561839;40616826
FR;0;2022-09-05;580;645;2776;15971;2281;54556431;51970850;37389136;5577810;40619107
FR;0;2022-09-06;743;982;4393;31617;3537;54557174;51971832;37393529;5609427;40622644
FR;0;2022-09-07;614;738;2826;16649;2304;54557788;51972570;37396355;5626076;40624948
FR;0;2022-09-08;584;809;3589;24573;2920;54558372;51973379;37399944;5650649;40627868
FR;0;2022-09-09;810;971;4234;27336;3488;54559182;51974350;37404178;5677985;40631356
FR;0;2022-09-10;359;496;1508;5605;1308;54559541;51974846;37405686;5683590;40632664
FR;0;2022-09-11;109;124;310;628;292;54559650;51974970;37405996;5684218;40632956
FR;0;2022-09-12;462;559;2231;13024;1868;54560112;51975529;37408227;5697242;40634824
FR;0;2022-09-13;577;799;3643;26006;3075;54560689;51976328;37411870;5723248;40637899
FR;0;2022-09-14;629;731;2707;15954;2243;54561318;51977059;37414577;5739202;40640142
FR;0;2022-09-15;522;711;3154;23111;2626;54561840;51977770;37417731;5762313;40642768
FR;0;2022-09-16;763;974;3880;25516;3201;54562603;51978744;37421611;5787829;40645969
FR;0;2022-09-17;362;460;1323;6030;1183;54562965;51979204;37422934;5793859;40647152
FR;0;2022-09-18;106;124;297;902;266;54563071;51979328;37423231;5794761;40647418
FR;0;2022-09-19;406;578;2029;12829;1708;54563477;51979906;37425260;5807590;40649126
FR;0;2022-09-20;588;783;3409;25385;2760;54564065;51980689;37428669;5832975;40651886
FR;0;2022-09-21;528;707;2502;15227;2112;54564593;51981396;37431171;5848202;40653998
