fra;vaccin;jour;n_dose1;n_dose2;n_dose3;n_dose4;n_rappel;n_cum_dose1;n_cum_dose2;n_cum_dose3;n_cum_dose4;n_cum_rappel
FR;1;2020-12-27;601;0;0;0;0;601;0;0;0;0
FR;1;2020-12-28;663;1;0;0;0;1264;1;0;0;0
FR;1;2020-12-29;371;0;0;0;0;1635;1;0;0;0
FR;1;2020-12-30;436;0;0;0;0;2071;1;0;0;0
FR;1;2020-12-31;407;0;0;0;0;2478;1;0;0;0
FR;1;2021-01-01;1135;1;0;0;0;3613;2;0;0;0
FR;1;2021-01-02;355;3;0;0;0;3968;5;0;0;0
FR;1;2021-01-03;398;0;0;0;0;4366;5;0;0;0
FR;1;2021-01-04;2086;1;0;0;0;6452;6;0;0;0
FR;1;2021-01-05;7508;2;0;0;0;13960;8;0;0;0
FR;1;2021-01-06;12400;9;0;0;0;26360;17;0;0;0
FR;1;2021-01-07;29443;9;0;0;0;55803;26;0;0;0
FR;1;2021-01-08;37119;8;0;0;0;92922;34;0;0;0
FR;1;2021-01-09;11208;4;0;0;0;104130;38;0;0;0
FR;1;2021-01-10;5996;3;0;0;0;110126;41;0;0;0
FR;1;2021-01-11;39918;14;0;0;0;150044;55;0;0;0
FR;1;2021-01-12;62119;14;0;0;0;212163;69;0;0;0
FR;1;2021-01-13;65094;27;0;0;0;277257;96;0;0;0
FR;1;2021-01-14;81430;64;0;0;0;358687;160;0;0;0
FR;1;2021-01-15;68590;24;0;0;0;427277;184;0;0;0
FR;1;2021-01-16;19892;72;0;0;0;447169;256;0;0;0
FR;1;2021-01-17;10896;46;0;0;0;458065;302;0;0;0
FR;1;2021-01-18;82797;164;0;0;0;540862;466;0;0;0
FR;1;2021-01-19;125893;169;0;0;0;666755;635;0;0;0
FR;1;2021-01-20;132383;165;0;0;0;799138;800;0;0;0
FR;1;2021-01-21;153030;159;0;0;0;952168;959;0;0;0
FR;1;2021-01-22;115919;195;0;0;0;1068087;1154;0;0;0
FR;1;2021-01-23;36598;63;0;0;0;1104685;1217;0;0;0
FR;1;2021-01-24;9579;68;0;0;0;1114264;1285;0;0;0
FR;1;2021-01-25;74404;1257;0;0;0;1188668;2542;0;0;0
FR;1;2021-01-26;96436;3255;1;0;0;1285104;5797;1;0;0
FR;1;2021-01-27;103624;5875;0;0;0;1388728;11672;1;0;0
FR;1;2021-01-28;120574;14851;0;0;0;1509302;26523;1;0;0
FR;1;2021-01-29;88875;17665;0;0;0;1598177;44188;1;0;0
FR;1;2021-01-30;27978;4263;0;0;0;1626155;48451;1;0;0
FR;1;2021-01-31;5178;1732;0;0;0;1631333;50183;1;0;0
FR;1;2021-02-01;49701;21472;0;0;0;1681034;71655;1;0;0
FR;1;2021-02-02;67787;35537;0;0;0;1748821;107192;1;0;0
FR;1;2021-02-03;67065;37705;0;0;0;1815886;144897;1;0;0
FR;1;2021-02-04;77109;51237;0;0;0;1892995;196134;1;0;0
FR;1;2021-02-05;63402;45936;0;0;0;1956397;242070;1;0;0
FR;1;2021-02-06;19400;10710;0;0;0;1975797;252780;1;0;0
FR;1;2021-02-07;3658;5213;0;0;0;1979455;257993;1;0;0
FR;1;2021-02-08;36480;46760;0;0;0;2015935;304753;1;0;0
FR;1;2021-02-09;50787;73938;0;0;0;2066722;378691;1;0;0
FR;1;2021-02-10;52036;78660;0;0;0;2118758;457351;1;0;0
FR;1;2021-02-11;63347;100690;0;0;0;2182105;558041;1;0;0
FR;1;2021-02-12;55834;74525;0;0;0;2237939;632566;1;0;0
FR;1;2021-02-13;15450;19333;0;0;0;2253389;651899;1;0;0
FR;1;2021-02-14;3744;7113;0;0;0;2257133;659012;1;0;0
FR;1;2021-02-15;24126;73571;0;0;0;2281259;732583;1;0;0
FR;1;2021-02-16;32752;96539;0;0;0;2314011;829122;1;0;0
FR;1;2021-02-17;35089;99876;1;0;0;2349100;928998;2;0;0
FR;1;2021-02-18;49421;114751;0;0;0;2398521;1043749;2;0;0
FR;1;2021-02-19;45362;86600;1;0;0;2443883;1130349;3;0;0
FR;1;2021-02-20;13376;27066;0;0;0;2457259;1157415;3;0;0
FR;1;2021-02-21;2453;6264;0;0;0;2459712;1163679;3;0;0
FR;1;2021-02-22;24702;69378;2;0;0;2484414;1233057;5;0;0
FR;1;2021-02-23;37409;80729;1;0;0;2521823;1313786;6;0;0
FR;1;2021-02-24;40669;78035;1;0;0;2562492;1391821;7;0;0
FR;1;2021-02-25;50130;87965;1;0;0;2612622;1479786;8;0;0
FR;1;2021-02-26;47181;67595;1;0;0;2659803;1547381;9;0;0
FR;1;2021-02-27;15667;21083;0;0;0;2675470;1568464;9;0;0
FR;1;2021-02-28;3551;4267;1;0;0;2679021;1572731;10;0;0
FR;1;2021-03-01;40139;49520;1;0;0;2719160;1622251;11;0;0
FR;1;2021-03-02;55951;61786;2;0;0;2775111;1684037;13;0;0
FR;1;2021-03-03;61195;60556;0;0;0;2836306;1744593;13;0;0
FR;1;2021-03-04;72965;65904;3;0;0;2909271;1810497;16;0;0
FR;1;2021-03-05;74725;59066;3;0;0;2983996;1869563;19;0;0
FR;1;2021-03-06;82426;16006;2;0;0;3066422;1885569;21;0;0
FR;1;2021-03-07;63701;4989;1;0;0;3130123;1890558;22;0;0
FR;1;2021-03-08;60137;42115;2;0;0;3190260;1932673;24;0;0
FR;1;2021-03-09;85950;48001;1;0;0;3276210;1980674;25;0;0
FR;1;2021-03-10;90864;47951;5;0;0;3367074;2028625;30;0;0
FR;1;2021-03-11;105027;54046;1;0;0;3472101;2082671;31;0;0
FR;1;2021-03-12;104077;45125;1;0;0;3576178;2127796;32;0;0
FR;1;2021-03-13;89178;12685;1;0;0;3665356;2140481;33;0;0
FR;1;2021-03-14;44441;2933;1;0;0;3709797;2143414;34;0;0
FR;1;2021-03-15;95469;28708;3;0;0;3805266;2172122;37;0;0
FR;1;2021-03-16;123565;34527;5;0;0;3928831;2206649;42;0;0
FR;1;2021-03-17;129271;34256;4;0;0;4058102;2240905;46;0;0
FR;1;2021-03-18;142843;39578;5;0;0;4200945;2280483;51;0;0
FR;1;2021-03-19;136208;32611;2;0;0;4337153;2313094;53;0;0
FR;1;2021-03-20;75971;10019;1;0;0;4413124;2323113;54;0;0
FR;1;2021-03-21;26493;2377;1;0;0;4439617;2325490;55;0;0
FR;1;2021-03-22;114714;30873;2;0;0;4554331;2356363;57;0;0
FR;1;2021-03-23;142992;38149;1;0;0;4697323;2394512;58;0;0
FR;1;2021-03-24;141955;38635;0;0;0;4839278;2433147;58;0;0
FR;1;2021-03-25;164962;39576;4;0;0;5004240;2472723;62;0;0
FR;1;2021-03-26;166352;37498;4;1;0;5170592;2510221;66;1;0
FR;1;2021-03-27;110862;15274;1;0;0;5281454;2525495;67;1;0
FR;1;2021-03-28;42289;3852;3;0;0;5323743;2529347;70;1;0
FR;1;2021-03-29;129784;49716;4;0;0;5453527;2579063;74;1;0
FR;1;2021-03-30;167666;63511;4;0;0;5621193;2642574;78;1;0
FR;1;2021-03-31;170878;67131;4;0;0;5792071;2709705;82;1;0
FR;1;2021-04-01;194705;80389;11;0;0;5986776;2790094;93;1;0
FR;1;2021-04-02;164403;84785;7;0;0;6151179;2874879;100;1;0
FR;1;2021-04-03;88220;58025;5;0;0;6239399;2932904;105;1;0
FR;1;2021-04-04;33557;17700;0;0;0;6272956;2950604;105;1;0
FR;1;2021-04-05;46372;9992;11;0;0;6319328;2960596;116;1;0
FR;1;2021-04-06;160250;101886;17;0;0;6479578;3062482;133;1;0
FR;1;2021-04-07;196922;108209;16;0;0;6676500;3170691;149;1;0
FR;1;2021-04-08;222036;112554;13;0;0;6898536;3283245;162;1;0
FR;1;2021-04-09;214493;107321;21;0;0;7113029;3390566;183;1;0
FR;1;2021-04-10;117144;73231;14;0;0;7230173;3463797;197;1;0
FR;1;2021-04-11;40870;30147;6;0;0;7271043;3493944;203;1;0
FR;1;2021-04-12;168402;103853;45;0;0;7439445;3597797;248;1;0
FR;1;2021-04-13;203745;128053;97;1;0;7643190;3725850;345;2;0
FR;1;2021-04-14;208531;122665;206;0;0;7851721;3848515;551;2;0
FR;1;2021-04-15;221595;126923;311;0;0;8073316;3975438;862;2;0
FR;1;2021-04-16;205997;125120;307;0;0;8279313;4100558;1169;2;0
FR;1;2021-04-17;122054;67298;102;0;0;8401367;4167856;1271;2;0
FR;1;2021-04-18;35953;20944;41;0;0;8437320;4188800;1312;2;0
FR;1;2021-04-19;163702;121665;430;0;0;8601022;4310465;1742;2;0
FR;1;2021-04-20;189350;148711;530;0;0;8790372;4459176;2272;2;0
FR;1;2021-04-21;193915;146811;757;0;0;8984287;4605987;3029;2;0
FR;1;2021-04-22;208971;162869;777;0;0;9193258;4768856;3806;2;0
FR;1;2021-04-23;198909;156998;670;0;0;9392167;4925854;4476;2;0
FR;1;2021-04-24;126298;95430;147;0;0;9518465;5021284;4623;2;0
FR;1;2021-04-25;53614;30042;46;0;0;9572079;5051326;4669;2;0
FR;1;2021-04-26;181082;138249;539;0;0;9753161;5189575;5208;2;0
FR;1;2021-04-27;221308;161815;899;0;0;9974469;5351390;6107;2;0
FR;1;2021-04-28;238226;154937;1309;1;1;10212695;5506327;7416;3;1
FR;1;2021-04-29;270215;160256;1206;0;0;10482910;5666583;8622;3;1
FR;1;2021-04-30;271918;148049;1069;0;0;10754828;5814632;9691;3;1
FR;1;2021-05-01;141108;40653;172;0;0;10895936;5855285;9863;3;1
FR;1;2021-05-02;81505;28104;81;0;0;10977441;5883389;9944;3;1
FR;1;2021-05-03;250703;145499;798;0;0;11228144;6028888;10742;3;1
FR;1;2021-05-04;265759;186839;1197;0;0;11493903;6215727;11939;3;1
FR;1;2021-05-05;283779;184652;1264;0;0;11777682;6400379;13203;3;1
FR;1;2021-05-06;309876;183189;1497;0;0;12087558;6583568;14700;3;1
FR;1;2021-05-07;284023;195578;1125;0;0;12371581;6779146;15825;3;1
FR;1;2021-05-08;191631;48478;283;0;0;12563212;6827624;16108;3;1
FR;1;2021-05-09;114031;35953;236;0;0;12677243;6863577;16344;3;1
FR;1;2021-05-10;258109;193951;1182;0;0;12935352;7057528;17526;3;1
FR;1;2021-05-11;318798;210974;1462;0;0;13254150;7268502;18988;3;1
FR;1;2021-05-12;356530;185697;1398;0;0;13610680;7454199;20386;3;1
FR;1;2021-05-13;283381;47716;399;0;0;13894061;7501915;20785;3;1
FR;1;2021-05-14;370428;128574;990;0;0;14264489;7630489;21775;3;1
FR;1;2021-05-15;298036;66095;402;0;0;14562525;7696584;22177;3;1
FR;1;2021-05-16;157730;15544;158;0;0;14720255;7712128;22335;3;1
FR;1;2021-05-17;318820;116345;1436;0;0;15039075;7828473;23771;3;1
FR;1;2021-05-18;383225;111122;1794;0;0;15422300;7939595;25565;3;1
FR;1;2021-05-19;395164;102626;2172;0;0;15817464;8042221;27737;3;1
FR;1;2021-05-20;421675;96147;2041;0;0;16239139;8138368;29778;3;1
FR;1;2021-05-21;399714;97164;1755;0;0;16638853;8235532;31533;3;1
FR;1;2021-05-22;275642;42030;602;0;0;16914495;8277562;32135;3;1
FR;1;2021-05-23;122959;11164;224;0;0;17037454;8288726;32359;3;1
FR;1;2021-05-24;243959;26235;565;0;0;17281413;8314961;32924;3;1
FR;1;2021-05-25;366113;131633;2107;1;0;17647526;8446594;35031;4;1
FR;1;2021-05-26;380729;125800;1985;0;0;18028255;8572394;37016;4;1
FR;1;2021-05-27;406041;127961;1971;0;0;18434296;8700355;38987;4;1
FR;1;2021-05-28;365932;145296;1696;0;0;18800228;8845651;40683;4;1
FR;1;2021-05-29;253793;80830;525;0;0;19054021;8926481;41208;4;1
FR;1;2021-05-30;100930;22545;157;0;0;19154951;8949026;41365;4;1
FR;1;2021-05-31;314201;148743;1279;1;1;19469152;9097769;42644;5;2
FR;1;2021-06-01;361432;166495;1723;1;1;19830584;9264264;44367;6;3
FR;1;2021-06-02;364544;153104;1791;0;0;20195128;9417368;46158;6;3
FR;1;2021-06-03;390271;147536;1647;0;0;20585399;9564904;47805;6;3
FR;1;2021-06-04;363447;175554;1492;1;1;20948846;9740458;49297;7;4
FR;1;2021-06-05;258442;112661;596;0;0;21207288;9853119;49893;7;4
FR;1;2021-06-06;126734;37549;215;0;0;21334022;9890668;50108;7;4
FR;1;2021-06-07;300004;207791;1361;0;0;21634026;10098459;51469;7;4
FR;1;2021-06-08;330521;220766;1635;0;0;21964547;10319225;53104;7;4
FR;1;2021-06-09;336367;212253;1607;0;0;22300914;10531478;54711;7;4
FR;1;2021-06-10;343673;201852;1606;0;0;22644587;10733330;56317;7;4
FR;1;2021-06-11;311720;235276;1291;0;0;22956307;10968606;57608;7;4
FR;1;2021-06-12;244024;150654;431;0;0;23200331;11119260;58039;7;4
FR;1;2021-06-13;100313;60994;188;0;0;23300644;11180254;58227;7;4
FR;1;2021-06-14;207664;288847;1314;1;0;23508308;11469101;59541;8;4
FR;1;2021-06-15;256687;282154;1390;1;0;23764995;11751255;60931;9;4
FR;1;2021-06-16;273501;270560;1261;1;0;24038496;12021815;62192;10;4
FR;1;2021-06-17;268086;244691;1230;1;0;24306582;12266506;63422;11;4
FR;1;2021-06-18;260410;295617;1148;1;0;24566992;12562123;64570;12;4
FR;1;2021-06-19;193408;209470;386;0;0;24760400;12771593;64956;12;4
FR;1;2021-06-20;69646;89153;117;0;0;24830046;12860746;65073;12;4
FR;1;2021-06-21;172188;319796;929;1;1;25002234;13180542;66002;13;5
FR;1;2021-06-22;185673;347851;1094;10;2;25187907;13528393;67096;23;7
FR;1;2021-06-23;204037;339493;1048;0;0;25391944;13867886;68144;23;7
FR;1;2021-06-24;203391;282094;1166;0;0;25595335;14149980;69310;23;7
FR;1;2021-06-25;182487;371794;1196;0;0;25777822;14521774;70506;23;7
FR;1;2021-06-26;131339;278298;502;0;0;25909161;14800072;71008;23;7
FR;1;2021-06-27;52371;122929;145;0;0;25961532;14923001;71153;23;7
FR;1;2021-06-28;136501;368163;1057;0;0;26098033;15291164;72210;23;7
FR;1;2021-06-29;154738;390675;1849;0;0;26252771;15681839;74059;23;7
FR;1;2021-06-30;179900;379149;1662;4;2;26432671;16060988;75721;27;9
FR;1;2021-07-01;201238;332182;1886;5;1;26633909;16393170;77607;32;10
FR;1;2021-07-02;193466;367662;1764;5;3;26827375;16760832;79371;37;13
FR;1;2021-07-03;124365;280449;704;3;1;26951740;17041281;80075;40;14
FR;1;2021-07-04;53899;113699;244;0;0;27005639;17154980;80319;40;14
FR;1;2021-07-05;153640;356037;1500;8;2;27159279;17511017;81819;48;16
FR;1;2021-07-06;173279;382526;1601;45;8;27332558;17893543;83420;93;24
FR;1;2021-07-07;190525;362563;1656;24;5;27523083;18256106;85076;117;29
FR;1;2021-07-08;201353;323118;1825;20;7;27724436;18579224;86901;137;36
FR;1;2021-07-09;189705;387462;1851;3;2;27914141;18966686;88752;140;38
FR;1;2021-07-10;129862;281127;814;1;1;28044003;19247813;89566;141;39
FR;1;2021-07-11;57625;102495;260;0;0;28101628;19350308;89826;141;39
FR;1;2021-07-12;149458;417033;1577;4;0;28251086;19767341;91403;145;39
FR;1;2021-07-13;234053;439474;1804;8;2;28485139;20206815;93207;153;41
FR;1;2021-07-14;171713;151548;416;0;0;28656852;20358363;93623;153;41
FR;1;2021-07-15;279444;424765;1856;1;0;28936296;20783128;95479;154;41
FR;1;2021-07-16;290243;401252;1710;3;1;29226539;21184380;97189;157;42
FR;1;2021-07-17;217266;282123;754;1;0;29443805;21466503;97943;158;42
FR;1;2021-07-18;101958;107307;288;0;0;29545763;21573810;98231;158;42
FR;1;2021-07-19;238055;379219;1495;3;0;29783818;21953029;99726;161;42
FR;1;2021-07-20;305568;380771;1467;0;0;30089386;22333800;101193;161;42
FR;1;2021-07-21;333125;353485;1412;4;2;30422511;22687285;102605;165;44
FR;1;2021-07-22;364507;319307;1501;3;2;30787018;23006592;104106;168;46
FR;1;2021-07-23;348715;343655;1586;4;2;31135733;23350247;105692;172;48
FR;1;2021-07-24;238908;241003;696;1;0;31374641;23591250;106388;173;48
FR;1;2021-07-25;112742;76059;215;0;0;31487383;23667309;106603;173;48
FR;1;2021-07-26;298988;290106;1495;2;2;31786371;23957415;108098;175;50
FR;1;2021-07-27;385692;268769;1457;4;2;32172063;24226184;109555;179;52
FR;1;2021-07-28;390078;251462;1460;4;2;32562141;24477646;111015;183;54
FR;1;2021-07-29;406001;228284;1538;2;1;32968142;24705930;112553;185;55
FR;1;2021-07-30;370581;247015;1633;4;1;33338723;24952945;114186;189;56
FR;1;2021-07-31;243344;165107;793;1;0;33582067;25118052;114979;190;56
FR;1;2021-08-01;105517;47246;232;0;0;33687584;25165298;115211;190;56
FR;1;2021-08-02;297009;213243;1475;2;0;33984593;25378541;116686;192;56
FR;1;2021-08-03;331115;209242;1545;2;1;34315708;25587783;118231;194;57
FR;1;2021-08-04;327794;184349;1436;5;3;34643502;25772132;119667;199;60
FR;1;2021-08-05;301090;193570;1482;0;0;34944592;25965702;121149;199;60
FR;1;2021-08-06;290817;224552;1558;3;1;35235409;26190254;122707;202;61
FR;1;2021-08-07;182585;158831;654;4;3;35417994;26349085;123361;206;64
FR;1;2021-08-08;68830;59135;247;0;0;35486824;26408220;123608;206;64
FR;1;2021-08-09;222624;235949;1438;4;3;35709448;26644169;125046;210;67
FR;1;2021-08-10;252486;240724;1486;2;1;35961934;26884893;126532;212;68
FR;1;2021-08-11;236014;232405;1270;5;1;36197948;27117298;127802;217;69
FR;1;2021-08-12;220586;240250;1484;3;1;36418534;27357548;129286;220;70
FR;1;2021-08-13;201611;238553;1354;2;2;36620145;27596101;130640;222;72
FR;1;2021-08-14;122808;174176;645;0;0;36742953;27770277;131285;222;72
FR;1;2021-08-15;34653;46119;198;1;0;36777606;27816396;131483;223;72
FR;1;2021-08-16;156805;289882;1420;0;0;36934411;28106278;132903;223;72
FR;1;2021-08-17;171494;291632;1419;5;1;37105905;28397910;134322;228;73
FR;1;2021-08-18;161291;287028;1388;6;3;37267196;28684938;135710;234;76
FR;1;2021-08-19;148792;277729;1395;1;0;37415988;28962667;137105;235;76
FR;1;2021-08-20;140393;309050;1523;2;2;37556381;29271717;138628;237;78
FR;1;2021-08-21;84229;213259;586;0;0;37640610;29484976;139214;237;78
FR;1;2021-08-22;28542;82691;230;0;0;37669152;29567667;139444;237;78
FR;1;2021-08-23;118577;321171;1419;2;1;37787729;29888838;140863;239;79
FR;1;2021-08-24;126587;319924;1598;5;1;37914316;30208762;142461;244;80
FR;1;2021-08-25;121455;306596;1775;8;3;38035771;30515358;144236;252;83
FR;1;2021-08-26;106507;286197;2155;10;1;38142278;30801555;146391;262;84
FR;1;2021-08-27;107580;321359;2300;8;3;38249858;31122914;148691;270;87
FR;1;2021-08-28;70956;220693;1100;0;0;38320814;31343607;149791;270;87
FR;1;2021-08-29;24133;78150;467;1;0;38344947;31421757;150258;271;87
FR;1;2021-08-30;96803;286554;4307;6;5143;38441750;31708311;154565;277;5230
FR;1;2021-08-31;98028;276474;9285;15;10195;38539778;31984785;163850;292;15425
FR;1;2021-09-01;111842;245345;21100;7;22069;38651620;32230130;184950;299;37494
FR;1;2021-09-02;84619;198013;24519;11;25426;38736239;32428143;209469;310;62920
FR;1;2021-09-03;82229;227641;26942;20;27978;38818468;32655784;236411;330;90898
FR;1;2021-09-04;71534;189714;11138;11;11648;38890002;32845498;247549;341;102546
FR;1;2021-09-05;18592;41189;4120;2;4286;38908594;32886687;251669;343;106832
FR;1;2021-09-06;59421;151653;30171;15;31134;38968015;33038340;281840;358;137966
FR;1;2021-09-07;57118;139708;30199;27;31092;39025133;33178048;312039;385;169058
FR;1;2021-09-08;70840;173871;26915;20;27844;39095973;33351919;338954;405;196902
FR;1;2021-09-09;54087;124543;28595;23;29631;39150060;33476462;367549;428;226533
FR;1;2021-09-10;65682;152089;30427;22;31546;39215742;33628551;397976;450;258079
FR;1;2021-09-11;52189;146612;9725;14;10275;39267931;33775163;407701;464;268354
FR;1;2021-09-12;10752;29244;2481;2;2632;39278683;33804407;410182;466;270986
FR;1;2021-09-13;51319;104595;38722;28;39885;39330002;33909002;448904;494;310871
FR;1;2021-09-14;53148;96068;51247;65;52816;39383150;34005070;500151;559;363687
FR;1;2021-09-15;60332;139295;50455;55;46953;39443482;34144365;550606;614;410640
FR;1;2021-09-16;46515;81415;53279;71;49444;39489997;34225780;603885;685;460084
FR;1;2021-09-17;53093;109395;45038;60;42622;39543090;34335175;648923;745;502706
FR;1;2021-09-18;37822;118478;11789;19;11251;39580912;34453653;660712;764;513957
FR;1;2021-09-19;6489;21028;2036;1;1972;39587401;34474681;662748;765;515929
FR;1;2021-09-20;36418;74911;46168;66;44080;39623819;34549592;708916;831;560009
FR;1;2021-09-21;34108;68165;56221;71;52590;39657927;34617757;765137;902;612599
FR;1;2021-09-22;38730;118486;49823;76;46789;39696657;34736243;814960;978;659388
FR;1;2021-09-23;31912;62831;54449;86;50785;39728569;34799074;869409;1064;710173
FR;1;2021-09-24;36690;90015;43627;92;41857;39765259;34889089;913036;1156;752030
FR;1;2021-09-25;27615;96579;12297;27;12160;39792874;34985668;925333;1183;764190
FR;1;2021-09-26;4355;15200;1769;5;1695;39797229;35000868;927102;1188;765885
FR;1;2021-09-27;27300;60222;42876;89;41551;39824529;35061090;969978;1277;807436
FR;1;2021-09-28;26839;49449;47147;75;44345;39851368;35110539;1017125;1352;851781
FR;1;2021-09-29;35818;80389;47236;87;45506;39887186;35190928;1064361;1439;897287
FR;1;2021-09-30;25989;46741;47480;79;45351;39913175;35237669;1111841;1518;942638
FR;1;2021-10-01;47025;64904;44852;83;44391;39960200;35302573;1156693;1601;987029
FR;1;2021-10-02;32323;62321;16099;32;16291;39992523;35364894;1172792;1633;1003320
FR;1;2021-10-03;4318;8578;2031;3;2023;39996841;35373472;1174823;1636;1005343
FR;1;2021-10-04;28686;44411;47083;79;46892;40025527;35417883;1221906;1715;1052235
FR;1;2021-10-05;24161;41617;49821;116;49153;40049688;35459500;1271727;1831;1101388
FR;1;2021-10-06;34299;61297;57436;102;57111;40083987;35520797;1329163;1933;1158499
FR;1;2021-10-07;20904;39777;52983;76;51792;40104891;35560574;1382146;2009;1210291
FR;1;2021-10-08;34873;59565;60350;83;61031;40139764;35620139;1442496;2092;1271322
FR;1;2021-10-09;27399;47960;25468;30;25964;40167163;35668099;1467964;2122;1297286
FR;1;2021-10-10;3588;5770;2746;7;2845;40170751;35673869;1470710;2129;1300131
FR;1;2021-10-11;24674;38159;54558;88;55166;40195425;35712028;1525268;2217;1355297
FR;1;2021-10-12;23036;36568;58016;126;59065;40218461;35748596;1583284;2343;1414362
FR;1;2021-10-13;32771;47758;64140;124;65591;40251232;35796354;1647424;2467;1479953
FR;1;2021-10-14;21571;34725;53723;103;54283;40272803;35831079;1701147;2570;1534236
FR;1;2021-10-15;32537;48760;72288;165;74901;40305340;35879839;1773435;2735;1609137
FR;1;2021-10-16;25940;35253;34855;44;36381;40331280;35915092;1808290;2779;1645518
FR;1;2021-10-17;3096;4060;3406;2;3315;40334376;35919152;1811696;2781;1648833
FR;1;2021-10-18;23238;34913;66798;131;69645;40357614;35954065;1878494;2912;1718478
FR;1;2021-10-19;20527;34103;75622;136;79508;40378141;35988168;1954116;3048;1797986
FR;1;2021-10-20;29779;44159;96134;177;99739;40407920;36032327;2050250;3225;1897725
FR;1;2021-10-21;19537;35063;83113;107;86964;40427457;36067390;2133363;3332;1984689
FR;1;2021-10-22;29500;47587;103692;195;109554;40456957;36114977;2237055;3527;2094243
FR;1;2021-10-23;22980;35151;44844;57;47345;40479937;36150128;2281899;3584;2141588
FR;1;2021-10-24;2373;3858;3578;6;3732;40482310;36153986;2285477;3590;2145320
FR;1;2021-10-25;22380;30801;81984;143;85746;40504690;36184787;2367461;3733;2231066
FR;1;2021-10-26;19291;27675;86055;162;90258;40523981;36212462;2453516;3895;2321324
FR;1;2021-10-27;26121;39647;107747;252;112580;40550102;36252109;2561263;4147;2433904
FR;1;2021-10-28;18573;27035;86887;150;91553;40568675;36279144;2648150;4297;2525457
FR;1;2021-10-29;25856;40033;114778;200;121489;40594531;36319177;2762928;4497;2646946
FR;1;2021-10-30;17655;28579;49336;75;51906;40612186;36347756;2812264;4572;2698852
FR;1;2021-10-31;2052;3208;3442;2;3678;40614238;36350964;2815706;4574;2702530
FR;1;2021-11-01;7670;4188;3017;3;3263;40621908;36355152;2818723;4577;2705793
FR;1;2021-11-02;21778;33194;92329;157;97655;40643686;36388346;2911052;4734;2803448
FR;1;2021-11-03;26238;41484;117426;215;123764;40669924;36429830;3028478;4949;2927212
FR;1;2021-11-04;19454;30283;105718;213;111801;40689378;36460113;3134196;5162;3039013
FR;1;2021-11-05;26868;42252;138705;227;147269;40716246;36502365;3272901;5389;3186282
FR;1;2021-11-06;18780;29819;63435;123;66397;40735026;36532184;3336336;5512;3252679
FR;1;2021-11-07;1786;3362;4951;6;5293;40736812;36535546;3341287;5518;3257972
FR;1;2021-11-08;17589;32307;125894;224;132438;40754401;36567853;3467181;5742;3390410
FR;1;2021-11-09;19200;37693;159201;335;168888;40773601;36605546;3626382;6077;3559298
FR;1;2021-11-10;28585;49100;181800;440;192316;40802186;36654646;3808182;6517;3751614
FR;1;2021-11-11;3729;5888;12183;26;12992;40805915;36660534;3820365;6543;3764606
FR;1;2021-11-12;25913;46874;174728;242;186318;40831828;36707408;3995093;6785;3950924
FR;1;2021-11-13;18662;29246;76788;111;81724;40850490;36736654;4071881;6896;4032648
FR;1;2021-11-14;2011;3332;6809;5;7386;40852501;36739986;4078690;6901;4040034
FR;1;2021-11-15;18511;34900;156317;303;166079;40871012;36774886;4235007;7204;4206113
FR;1;2021-11-16;20989;37913;191990;376;204745;40892001;36812799;4426997;7580;4410858
FR;1;2021-11-17;28423;45739;193134;399;204901;40920424;36858538;4620131;7979;4615759
FR;1;2021-11-18;21007;38627;182372;457;194332;40941431;36897165;4802503;8436;4810091
FR;1;2021-11-19;30745;53370;230123;529;246533;40972176;36950535;5032626;8965;5056624
FR;1;2021-11-20;23652;33306;96934;201;103568;40995828;36983841;5129560;9166;5160192
FR;1;2021-11-21;2312;4022;9093;18;9969;40998140;36987863;5138653;9184;5170161
FR;1;2021-11-22;21323;30452;175777;465;189282;41019463;37018315;5314430;9649;5359443
FR;1;2021-11-23;23824;41159;221075;538;237752;41043287;37059474;5535505;10187;5597195
FR;1;2021-11-24;30243;49741;217244;702;234344;41073530;37109215;5752749;10889;5831539
FR;1;2021-11-25;23470;43945;244330;719;263890;41097000;37153160;5997079;11608;6095429
FR;1;2021-11-26;30574;66552;356653;831;388346;41127574;37219712;6353732;12439;6483775
FR;1;2021-11-27;21737;45346;202540;372;222508;41149311;37265058;6556272;12811;6706283
FR;1;2021-11-28;3135;9680;54749;63;61032;41152446;37274738;6611021;12874;6767315
FR;1;2021-11-29;17849;49507;326254;840;354225;41170295;37324245;6937275;13714;7121540
FR;1;2021-11-30;22682;64968;431011;948;470574;41192977;37389213;7368286;14662;7592114
FR;1;2021-12-01;24743;69353;442726;1130;481564;41217720;37458566;7811012;15792;8073678
FR;1;2021-12-02;19924;64392;489236;1226;532661;41237644;37522958;8300248;17018;8606339
FR;1;2021-12-03;22784;81790;542589;1304;591551;41260428;37604748;8842837;18322;9197890
FR;1;2021-12-04;16361;53928;299014;652;328843;41276789;37658676;9141851;18974;9526733
FR;1;2021-12-05;3621;13924;81492;143;91052;41280410;37672600;9223343;19117;9617785
FR;1;2021-12-06;19071;62768;415290;1065;454998;41299481;37735368;9638633;20182;10072783
FR;1;2021-12-07;19753;75819;522785;1531;572373;41319234;37811187;10161418;21713;10645156
FR;1;2021-12-08;21526;75727;458200;1543;501879;41340760;37886914;10619618;23256;11147035
FR;1;2021-12-09;19373;74080;492740;1625;540602;41360133;37960994;11112358;24881;11687637
FR;1;2021-12-10;22846;87624;547239;1583;599828;41382979;38048618;11659597;26464;12287465
FR;1;2021-12-11;16505;59002;302664;747;335413;41399484;38107620;11962261;27211;12622878
FR;1;2021-12-12;4341;16014;83172;179;94080;41403825;38123634;12045433;27390;12716958
FR;1;2021-12-13;15443;63800;366812;1094;406178;41419268;38187434;12412245;28484;13123136
FR;1;2021-12-14;20346;80268;464524;1738;514999;41439614;38267702;12876769;30222;13638135
FR;1;2021-12-15;21336;77426;408900;1307;452973;41460950;38345128;13285669;31529;14091108
FR;1;2021-12-16;19926;77358;451654;1574;500433;41480876;38422486;13737323;33103;14591541
FR;1;2021-12-17;22469;86684;479774;1733;530895;41503345;38509170;14217097;34836;15122436
FR;1;2021-12-18;17579;54690;257548;730;288463;41520924;38563860;14474645;35566;15410899
FR;1;2021-12-19;5536;17133;79127;194;90746;41526460;38580993;14553772;35760;15501645
FR;1;2021-12-20;20763;63125;316078;1081;355142;41547223;38644118;14869850;36841;15856787
FR;1;2021-12-21;26071;73176;372607;1420;417958;41573294;38717294;15242457;38261;16274745
FR;1;2021-12-22;24880;65930;310495;1215;349467;41598174;38783224;15552952;39476;16624212
FR;1;2021-12-23;21219;52330;241373;953;272974;41619393;38835554;15794325;40429;16897186
FR;1;2021-12-24;7094;18243;67099;256;77018;41626487;38853797;15861424;40685;16974204
FR;1;2021-12-25;498;2766;5566;15;6530;41626985;38856563;15866990;40700;16980734
FR;1;2021-12-26;2747;7595;26921;70;31446;41629732;38864158;15893911;40770;17012180
FR;1;2021-12-27;18100;53526;235008;707;265698;41647832;38917684;16128919;41477;17277878
FR;1;2021-12-28;23206;61950;291938;1024;330115;41671038;38979634;16420857;42501;17607993
FR;1;2021-12-29;22178;55497;254906;918;288127;41693216;39035131;16675763;43419;17896120
FR;1;2021-12-30;21209;46236;212082;857;239543;41714425;39081367;16887845;44276;18135663
FR;1;2021-12-31;7450;16607;61826;229;70352;41721875;39097974;16949671;44505;18206015
FR;1;2022-01-01;848;2474;5641;29;6572;41722723;39100448;16955312;44534;18212587
FR;1;2022-01-02;3037;8070;28862;50;33516;41725760;39108518;16984174;44584;18246103
FR;1;2022-01-03;19671;53739;228090;786;257472;41745431;39162257;17212264;45370;18503575
FR;1;2022-01-04;24812;64772;299135;1235;337164;41770243;39227029;17511399;46605;18840739
FR;1;2022-01-05;29525;63793;274756;1098;310094;41799768;39290822;17786155;47703;19150833
FR;1;2022-01-06;26438;65949;306783;1395;346416;41826206;39356771;18092938;49098;19497249
FR;1;2022-01-07;31243;74601;349740;1535;393818;41857449;39431372;18442678;50633;19891067
FR;1;2022-01-08;23317;51378;222456;695;251092;41880766;39482750;18665134;51328;20142159
FR;1;2022-01-09;7074;17202;66005;163;76152;41887840;39499952;18731139;51491;20218311
FR;1;2022-01-10;21334;54607;236676;952;266963;41909174;39554559;18967815;52443;20485274
FR;1;2022-01-11;26437;62921;282182;1277;317724;41935611;39617480;19249997;53720;20802998
FR;1;2022-01-12;28632;62147;246138;1102;277907;41964243;39679627;19496135;54822;21080905
FR;1;2022-01-13;24358;59831;262686;1252;296034;41988601;39739458;19758821;56074;21376939
FR;1;2022-01-14;27745;66519;313885;1365;351163;42016346;39805977;20072706;57439;21728102
FR;1;2022-01-15;19250;44297;199260;618;223834;42035596;39850274;20271966;58057;21951936
FR;1;2022-01-16;5132;12995;51492;135;59575;42040728;39863269;20323458;58192;22011511
FR;1;2022-01-17;16716;39682;184769;779;206825;42057444;39902951;20508227;58971;22218336
FR;1;2022-01-18;19227;45532;212332;1150;236954;42076671;39948483;20720559;60121;22455290
FR;1;2022-01-19;20120;43834;176021;895;197144;42096791;39992317;20896580;61016;22652434
FR;1;2022-01-20;16569;40322;183563;1137;204645;42113360;40032639;21080143;62153;22857079
FR;1;2022-01-21;19693;46940;228866;1404;253279;42133053;40079579;21309009;63557;23110358
FR;1;2022-01-22;13826;33162;144460;578;161358;42146879;40112741;21453469;64135;23271716
FR;1;2022-01-23;3340;8811;33399;130;38332;42150219;40121552;21486868;64265;23310048
FR;1;2022-01-24;11724;32587;142152;706;158243;42161943;40154139;21629020;64971;23468291
FR;1;2022-01-25;14082;37838;163328;1049;181505;42176025;40191977;21792348;66020;23649796
FR;1;2022-01-26;14815;37226;150184;931;166241;42190840;40229203;21942532;66951;23816037
FR;1;2022-01-27;12272;32743;143370;881;157846;42203112;40261946;22085902;67832;23973883
FR;1;2022-01-28;16241;53813;198231;1142;222448;42219353;40315759;22284133;68974;24196331
FR;1;2022-01-29;10256;35421;135169;522;151542;42229609;40351180;22419302;69496;24347873
FR;1;2022-01-30;2473;9316;29662;86;34465;42232082;40360496;22448964;69582;24382338
FR;1;2022-01-31;8724;32317;104293;530;117385;42240806;40392813;22553257;70112;24499723
FR;1;2022-02-01;10116;36222;127010;862;141216;42250922;40429035;22680267;70974;24640939
FR;1;2022-02-02;11271;41030;130281;781;145832;42262193;40470065;22810548;71755;24786771
FR;1;2022-02-03;8698;33309;116946;780;130340;42270891;40503374;22927494;72535;24917111
FR;1;2022-02-04;11361;48057;172507;965;192775;42282252;40551431;23100001;73500;25109886
FR;1;2022-02-05;7782;33909;117544;391;133049;42290034;40585340;23217545;73891;25242935
FR;1;2022-02-06;1688;8064;22733;83;26908;42291722;40593404;23240278;73974;25269843
FR;1;2022-02-07;7003;35332;119028;452;134963;42298725;40628736;23359306;74426;25404806
FR;1;2022-02-08;7544;31489;125592;693;140566;42306269;40660225;23484898;75119;25545372
FR;1;2022-02-09;8416;35993;135196;692;152405;42314685;40696218;23620094;75811;25697777
FR;1;2022-02-10;6552;29165;116284;673;130021;42321237;40725383;23736378;76484;25827798
FR;1;2022-02-11;8530;41282;165057;874;185261;42329767;40766665;23901435;77358;26013059
FR;1;2022-02-12;5282;27519;106669;378;120840;42335049;40794184;24008104;77736;26133899
FR;1;2022-02-13;1218;5695;21703;62;25314;42336267;40799879;24029807;77798;26159213
FR;1;2022-02-14;5348;27051;118024;388;133041;42341615;40826930;24147831;78186;26292254
FR;1;2022-02-15;5570;28043;118828;609;132410;42347185;40854973;24266659;78795;26424664
FR;1;2022-02-16;5630;28032;110360;592;122949;42352815;40883005;24377019;79387;26547613
FR;1;2022-02-17;4398;19054;73081;486;80124;42357213;40902059;24450100;79873;26627737
FR;1;2022-02-18;5486;26408;99135;668;108066;42362699;40928467;24549235;80541;26735803
FR;1;2022-02-19;3522;17073;59453;303;66023;42366221;40945540;24608688;80844;26801826
FR;1;2022-02-20;779;3220;10684;35;12304;42367000;40948760;24619372;80879;26814130
FR;1;2022-02-21;3345;14460;52790;286;57633;42370345;40963220;24672162;81165;26871763
FR;1;2022-02-22;3700;15332;51865;498;55584;42374045;40978552;24724027;81663;26927347
FR;1;2022-02-23;4148;17565;57434;508;62529;42378193;40996117;24781461;82171;26989876
FR;1;2022-02-24;3224;12708;43552;435;46325;42381417;41008825;24825013;82606;27036201
FR;1;2022-02-25;4383;19359;64830;695;68685;42385800;41028184;24889843;83301;27104886
FR;1;2022-02-26;2675;12584;41337;308;45089;42388475;41040768;24931180;83609;27149975
FR;1;2022-02-27;636;2166;7114;42;7979;42389111;41042934;24938294;83651;27157954
FR;1;2022-02-28;2560;10024;34910;300;37331;42391671;41052958;24973204;83951;27195285
FR;1;2022-03-01;2685;10326;38630;389;39544;42394356;41063284;25011834;84340;27234829
FR;1;2022-03-02;3416;11801;41791;390;43835;42397772;41075085;25053625;84730;27278664
FR;1;2022-03-03;2281;7432;26107;319;26414;42400053;41082517;25079732;85049;27305078
FR;1;2022-03-04;2640;10176;35381;575;34858;42402693;41092693;25115113;85624;27339936
FR;1;2022-03-05;1663;6283;21936;277;22321;42404356;41098976;25137049;85901;27362257
FR;1;2022-03-06;347;934;2912;37;3110;42404703;41099910;25139961;85938;27365367
FR;1;2022-03-07;1353;4539;16401;244;15855;42406056;41104449;25156362;86182;27381222
FR;1;2022-03-08;1527;5052;17115;307;15931;42407583;41109501;25173477;86489;27397153
FR;1;2022-03-09;1853;6380;19763;364;19105;42409436;41115881;25193240;86853;27416258
FR;1;2022-03-10;1286;4241;15175;304;14174;42410722;41120122;25208415;87157;27430432
FR;1;2022-03-11;1688;6122;21659;479;19806;42412410;41126244;25230074;87636;27450238
FR;1;2022-03-12;1224;4584;15344;276;14887;42413634;41130828;25245418;87912;27465125
FR;1;2022-03-13;239;600;2100;115;2047;42413873;41131428;25247518;88027;27467172
FR;1;2022-03-14;1053;3519;13352;3873;12480;42414926;41134947;25260870;91900;27479652
FR;1;2022-03-15;1244;3792;14507;6860;12984;42416170;41138739;25275377;98760;27492636
FR;1;2022-03-16;1593;4680;17292;11513;16340;42417763;41143419;25292669;110273;27508976
FR;1;2022-03-17;1083;3103;11659;9637;10749;42418846;41146522;25304328;119910;27519725
FR;1;2022-03-18;1654;4661;17895;16481;16322;42420500;41151183;25322223;136391;27536047
FR;1;2022-03-19;1108;3165;11876;8450;11341;42421608;41154348;25334099;144841;27547388
FR;1;2022-03-20;215;530;1713;1006;1744;42421823;41154878;25335812;145847;27549132
FR;1;2022-03-21;1031;2667;11450;13440;10794;42422854;41157545;25347262;159287;27559926
FR;1;2022-03-22;1176;3027;12204;18681;11189;42424030;41160572;25359466;177968;27571115
FR;1;2022-03-23;1453;4105;15751;20088;15419;42425483;41164677;25375217;198056;27586534
FR;1;2022-03-24;1057;2490;10307;16003;9560;42426540;41167167;25385524;214059;27596094
FR;1;2022-03-25;1488;3980;16623;25271;15282;42428028;41171147;25402147;239330;27611376
FR;1;2022-03-26;1095;2826;10821;11425;10477;42429123;41173973;25412968;250755;27621853
FR;1;2022-03-27;227;535;1718;1374;1770;42429350;41174508;25414686;252129;27623623
FR;1;2022-03-28;1028;2318;9891;15856;9509;42430378;41176826;25424577;267985;27633132
FR;1;2022-03-29;1106;2690;11470;25034;10820;42431484;41179516;25436047;293019;27643952
FR;1;2022-03-30;1587;3444;14070;24128;13591;42433071;41182960;25450117;317147;27657543
FR;1;2022-03-31;1251;2569;11432;22520;10935;42434322;41185529;25461549;339667;27668478
FR;1;2022-04-01;1623;3690;18354;28406;17205;42435945;41189219;25479903;368073;27685683
FR;1;2022-04-02;869;1848;8148;9197;7896;42436814;41191067;25488051;377270;27693579
FR;1;2022-04-03;181;360;1424;1056;1424;42436995;41191427;25489475;378326;27695003
FR;1;2022-04-04;1015;2103;11040;17524;10405;42438010;41193530;25500515;395850;27705408
FR;1;2022-04-05;1227;2452;12839;31036;11852;42439237;41195982;25513354;426886;27717260
FR;1;2022-04-06;1299;2660;11961;23674;11376;42440536;41198642;25525315;450560;27728636
FR;1;2022-04-07;1114;2448;12189;30747;11644;42441650;41201090;25537504;481307;27740280
FR;1;2022-04-08;1547;3439;17417;40286;16325;42443197;41204529;25554921;521593;27756605
FR;1;2022-04-09;786;1961;8366;12461;8061;42443983;41206490;25563287;534054;27764666
FR;1;2022-04-10;176;449;1813;1830;1844;42444159;41206939;25565100;535884;27766510
FR;1;2022-04-11;928;2075;10798;22069;10510;42445087;41209014;25575898;557953;27777020
FR;1;2022-04-12;1175;2360;12629;37597;12114;42446262;41211374;25588527;595550;27789134
FR;1;2022-04-13;1139;2558;11983;30147;11701;42447401;41213932;25600510;625697;27800835
FR;1;2022-04-14;1151;2261;11860;33091;11838;42448552;41216193;25612370;658788;27812673
FR;1;2022-04-15;1373;2720;14127;32805;13482;42449925;41218913;25626497;691593;27826155
FR;1;2022-04-16;640;1384;5778;7959;5705;42450565;41220297;25632275;699552;27831860
FR;1;2022-04-17;145;266;922;1094;962;42450710;41220563;25633197;700646;27832822
FR;1;2022-04-18;110;356;2554;964;2575;42450820;41220919;25635751;701610;27835397
FR;1;2022-04-19;1166;2456;11567;27474;11204;42451986;41223375;25647318;729084;27846601
FR;1;2022-04-20;1232;2474;11833;26397;11654;42453218;41225849;25659151;755481;27858255
FR;1;2022-04-21;1185;2299;11311;32585;11472;42454403;41228148;25670462;788066;27869727
FR;1;2022-04-22;1440;2910;14916;35023;14492;42455843;41231058;25685378;823089;27884219
FR;1;2022-04-23;711;1529;6400;9842;6317;42456554;41232587;25691778;832931;27890536
FR;1;2022-04-24;179;340;1301;1499;1254;42456733;41232927;25693079;834430;27891790
FR;1;2022-04-25;961;1994;9378;19341;9251;42457694;41234921;25702457;853771;27901041
FR;1;2022-04-26;1262;2535;12307;35940;11887;42458956;41237456;25714764;889711;27912928
FR;1;2022-04-27;1240;2334;10334;28423;10404;42460196;41239790;25725098;918134;27923332
FR;1;2022-04-28;1209;2200;10746;33309;10534;42461405;41241990;25735844;951443;27933866
FR;1;2022-04-29;1531;2820;13483;34745;12927;42462936;41244810;25749327;986188;27946793
FR;1;2022-04-30;793;1385;5929;9037;5751;42463729;41246195;25755256;995225;27952544
FR;1;2022-05-01;133;242;743;905;747;42463862;41246437;25755999;996130;27953291
FR;1;2022-05-02;846;1590;7730;16247;7670;42464708;41248027;25763729;1012377;27960961
FR;1;2022-05-03;1323;2389;11154;31815;11058;42466031;41250416;25774883;1044192;27972019
FR;1;2022-05-04;1236;2256;9301;22754;9450;42467267;41252672;25784184;1066946;27981469
FR;1;2022-05-05;1260;2201;10336;30318;10119;42468527;41254873;25794520;1097264;27991588
FR;1;2022-05-06;1612;2959;13162;33748;12679;42470139;41257832;25807682;1131012;28004267
FR;1;2022-05-07;793;1376;5443;8890;5491;42470932;41259208;25813125;1139902;28009758
FR;1;2022-05-08;167;269;890;1365;944;42471099;41259477;25814015;1141267;28010702
FR;1;2022-05-09;940;1661;7356;18126;7224;42472039;41261138;25821371;1159393;28017926
FR;1;2022-05-10;1268;2279;10625;34447;10238;42473307;41263417;25831996;1193840;28028164
FR;1;2022-05-11;1263;1978;8415;23310;8276;42474570;41265395;25840411;1217150;28036440
FR;2;2020-12-27;0;0;0;0;0;0;0;0;0;0
FR;2;2020-12-28;0;0;0;0;0;0;0;0;0;0
FR;2;2020-12-29;0;0;0;0;0;0;0;0;0;0
FR;2;2020-12-30;0;0;0;0;0;0;0;0;0;0
FR;2;2020-12-31;0;0;0;0;0;0;0;0;0;0
FR;2;2021-01-01;0;0;0;0;0;0;0;0;0;0
FR;2;2021-01-02;0;0;0;0;0;0;0;0;0;0
FR;2;2021-01-03;0;0;0;0;0;0;0;0;0;0
FR;2;2021-01-04;0;0;0;0;0;0;0;0;0;0
FR;2;2021-01-05;0;0;0;0;0;0;0;0;0;0
FR;2;2021-01-06;0;0;0;0;0;0;0;0;0;0
FR;2;2021-01-07;0;0;0;0;0;0;0;0;0;0
FR;2;2021-01-08;0;0;0;0;0;0;0;0;0;0
FR;2;2021-01-09;0;0;0;0;0;0;0;0;0;0
FR;2;2021-01-10;0;0;0;0;0;0;0;0;0;0
FR;2;2021-01-11;0;0;0;0;0;0;0;0;0;0
FR;2;2021-01-12;0;0;0;0;0;0;0;0;0;0
FR;2;2021-01-13;0;0;0;0;0;0;0;0;0;0
FR;2;2021-01-14;1691;0;0;0;0;1691;0;0;0;0
FR;2;2021-01-15;394;0;0;0;0;2085;0;0;0;0
FR;2;2021-01-16;314;0;0;0;0;2399;0;0;0;0
FR;2;2021-01-17;80;0;0;0;0;2479;0;0;0;0
FR;2;2021-01-18;3073;1;0;0;0;5552;1;0;0;0
FR;2;2021-01-19;4675;0;0;0;0;10227;1;0;0;0
FR;2;2021-01-20;5135;4;0;0;0;15362;5;0;0;0
FR;2;2021-01-21;5336;7;0;0;0;20698;12;0;0;0
FR;2;2021-01-22;5115;3;0;0;0;25813;15;0;0;0
FR;2;2021-01-23;1864;0;0;0;0;27677;15;0;0;0
FR;2;2021-01-24;160;1;0;0;0;27837;16;0;0;0
FR;2;2021-01-25;3811;3;0;0;0;31648;19;0;0;0
FR;2;2021-01-26;3917;1;0;0;0;35565;20;0;0;0
FR;2;2021-01-27;3597;1;0;0;0;39162;21;0;0;0
FR;2;2021-01-28;3745;6;0;0;0;42907;27;0;0;0
FR;2;2021-01-29;3291;2;0;0;0;46198;29;0;0;0
FR;2;2021-01-30;1130;1;0;0;0;47328;30;0;0;0
FR;2;2021-01-31;45;1;0;0;0;47373;31;0;0;0
FR;2;2021-02-01;3399;2;0;0;0;50772;33;0;0;0
FR;2;2021-02-02;4487;9;0;0;0;55259;42;0;0;0
FR;2;2021-02-03;5216;6;0;0;0;60475;48;0;0;0
FR;2;2021-02-04;4930;10;0;0;0;65405;58;0;0;0
FR;2;2021-02-05;4810;13;0;0;0;70215;71;0;0;0
FR;2;2021-02-06;2038;12;0;0;0;72253;83;0;0;0
FR;2;2021-02-07;100;4;0;0;0;72353;87;0;0;0
FR;2;2021-02-08;7552;19;0;0;0;79905;106;0;0;0
FR;2;2021-02-09;8420;26;0;0;0;88325;132;0;0;0
FR;2;2021-02-10;9336;56;0;0;0;97661;188;0;0;0
FR;2;2021-02-11;10276;94;0;0;0;107937;282;0;0;0
FR;2;2021-02-12;10050;258;0;0;0;117987;540;0;0;0
FR;2;2021-02-13;3118;225;0;0;0;121105;765;0;0;0
FR;2;2021-02-14;352;8;0;0;0;121457;773;0;0;0
FR;2;2021-02-15;3454;3095;0;0;0;124911;3868;0;0;0
FR;2;2021-02-16;5066;4014;0;0;0;129977;7882;0;0;0
FR;2;2021-02-17;4250;4462;0;0;0;134227;12344;0;0;0
FR;2;2021-02-18;5399;5116;0;0;0;139626;17460;0;0;0
FR;2;2021-02-19;5323;4390;0;0;0;144949;21850;0;0;0
FR;2;2021-02-20;1866;1506;0;0;0;146815;23356;0;0;0
FR;2;2021-02-21;242;87;0;0;0;147057;23443;0;0;0
FR;2;2021-02-22;3611;3740;0;0;0;150668;27183;0;0;0
FR;2;2021-02-23;4952;3694;0;0;0;155620;30877;0;0;0
FR;2;2021-02-24;5008;3488;0;0;0;160628;34365;0;0;0
FR;2;2021-02-25;5481;3452;0;0;0;166109;37817;0;0;0
FR;2;2021-02-26;4356;3145;0;0;0;170465;40962;0;0;0
FR;2;2021-02-27;1623;1051;0;0;0;172088;42013;0;0;0
FR;2;2021-02-28;176;28;0;0;0;172264;42041;0;0;0
FR;2;2021-03-01;5174;3725;0;0;0;177438;45766;0;0;0
FR;2;2021-03-02;6527;4721;0;0;0;183965;50487;0;0;0
FR;2;2021-03-03;6533;4916;0;0;0;190498;55403;0;0;0
FR;2;2021-03-04;8394;4041;0;0;0;198892;59444;0;0;0
FR;2;2021-03-05;8026;4061;0;0;0;206918;63505;0;0;0
FR;2;2021-03-06;4783;1684;0;0;0;211701;65189;0;0;0
FR;2;2021-03-07;2371;31;0;0;0;214072;65220;0;0;0
FR;2;2021-03-08;4164;8325;0;0;0;218236;73545;0;0;0
FR;2;2021-03-09;7485;8488;1;0;0;225721;82033;1;0;0
FR;2;2021-03-10;7097;9135;0;0;0;232818;91168;1;0;0
FR;2;2021-03-11;9372;9227;1;0;0;242190;100395;2;0;0
FR;2;2021-03-12;7971;8213;0;0;0;250161;108608;2;0;0
FR;2;2021-03-13;10045;2547;0;0;0;260206;111155;2;0;0
FR;2;2021-03-14;4838;405;0;0;0;265044;111560;2;0;0
FR;2;2021-03-15;10904;3487;0;0;0;275948;115047;2;0;0
FR;2;2021-03-16;16760;4647;1;0;0;292708;119694;3;0;0
FR;2;2021-03-17;20222;3970;0;0;0;312930;123664;3;0;0
FR;2;2021-03-18;23363;4962;0;0;0;336293;128626;3;0;0
FR;2;2021-03-19;23297;4561;0;0;0;359590;133187;3;0;0
FR;2;2021-03-20;25441;1540;0;0;0;385031;134727;3;0;0
FR;2;2021-03-21;17668;150;0;0;0;402699;134877;3;0;0
FR;2;2021-03-22;17783;3136;0;0;0;420482;138013;3;0;0
FR;2;2021-03-23;22685;4200;0;0;0;443167;142213;3;0;0
FR;2;2021-03-24;23955;5011;0;0;0;467122;147224;3;0;0
FR;2;2021-03-25;26736;5132;1;0;0;493858;152356;4;0;0
FR;2;2021-03-26;26974;4184;0;0;0;520832;156540;4;0;0
FR;2;2021-03-27;15916;1331;0;0;0;536748;157871;4;0;0
FR;2;2021-03-28;10561;115;0;0;0;547309;157986;4;0;0
FR;2;2021-03-29;18984;4285;0;0;0;566293;162271;4;0;0
FR;2;2021-03-30;24574;6026;0;0;0;590867;168297;4;0;0
FR;2;2021-03-31;28552;5932;0;0;0;619419;174229;4;0;0
FR;2;2021-04-01;34547;8493;1;0;0;653966;182722;5;0;0
FR;2;2021-04-02;29975;7672;0;0;0;683941;190394;5;0;0
FR;2;2021-04-03;16952;3734;0;0;0;700893;194128;5;0;0
FR;2;2021-04-04;9305;1002;2;0;0;710198;195130;7;0;0
FR;2;2021-04-05;12442;805;0;0;0;722640;195935;7;0;0
FR;2;2021-04-06;27141;7019;0;0;0;749781;202954;7;0;0
FR;2;2021-04-07;30925;7145;1;0;0;780706;210099;8;0;0
FR;2;2021-04-08;36878;8742;1;0;0;817584;218841;9;0;0
FR;2;2021-04-09;33830;8558;28;0;0;851414;227399;37;0;0
FR;2;2021-04-10;19678;9044;1;0;0;871092;236443;38;0;0
FR;2;2021-04-11;7940;4256;1;0;0;879032;240699;39;0;0
FR;2;2021-04-12;17121;11151;0;0;0;896153;251850;39;0;0
FR;2;2021-04-13;19447;16221;1;0;0;915600;268071;40;0;0
FR;2;2021-04-14;18059;16282;7;0;0;933659;284353;47;0;0
FR;2;2021-04-15;22184;20911;27;0;0;955843;305264;74;0;0
FR;2;2021-04-16;20704;20114;45;0;0;976547;325378;119;0;0
FR;2;2021-04-17;13252;22429;5;0;0;989799;347807;124;0;0
FR;2;2021-04-18;5906;14392;6;0;0;995705;362199;130;0;0
FR;2;2021-04-19;16830;16263;24;0;0;1012535;378462;154;0;0
FR;2;2021-04-20;19316;21583;38;0;0;1031851;400045;192;0;0
FR;2;2021-04-21;20280;21695;76;0;0;1052131;421740;268;0;0
FR;2;2021-04-22;23808;24861;41;0;0;1075939;446601;309;0;0
FR;2;2021-04-23;24513;25347;76;0;0;1100452;471948;385;0;0
FR;2;2021-04-24;25300;15093;104;0;0;1125752;487041;489;0;0
FR;2;2021-04-25;9592;8597;5;0;0;1135344;495638;494;0;0
FR;2;2021-04-26;17157;17241;21;0;0;1152501;512879;515;0;0
FR;2;2021-04-27;19240;24228;40;0;0;1171741;537107;555;0;0
FR;2;2021-04-28;22331;26205;112;0;0;1194072;563312;667;0;0
FR;2;2021-04-29;25465;30142;69;0;0;1219537;593454;736;0;0
FR;2;2021-04-30;25529;27741;49;1;0;1245066;621195;785;1;0
FR;2;2021-05-01;14980;9877;6;0;0;1260046;631072;791;1;0
FR;2;2021-05-02;6635;9172;2;0;0;1266681;640244;793;1;0
FR;2;2021-05-03;20012;19257;40;0;0;1286693;659501;833;1;0
FR;2;2021-05-04;18280;29032;33;0;0;1304973;688533;866;1;0
FR;2;2021-05-05;18359;29381;48;0;0;1323332;717914;914;1;0
FR;2;2021-05-06;23537;35232;131;0;0;1346869;753146;1045;1;0
FR;2;2021-05-07;25322;33198;97;0;0;1372191;786344;1142;1;0
FR;2;2021-05-08;21335;9772;14;0;0;1393526;796116;1156;1;0
FR;2;2021-05-09;13162;7850;7;0;0;1406688;803966;1163;1;0
FR;2;2021-05-10;32937;22139;49;0;0;1439625;826105;1212;1;0
FR;2;2021-05-11;43593;21026;101;0;0;1483218;847131;1313;1;0
FR;2;2021-05-12;50038;19846;143;0;0;1533256;866977;1456;1;0
FR;2;2021-05-13;51287;5750;31;0;0;1584543;872727;1487;1;0
FR;2;2021-05-14;61341;12923;132;0;0;1645884;885650;1619;1;0
FR;2;2021-05-15;65921;7134;39;0;0;1711805;892784;1658;1;0
FR;2;2021-05-16;43579;2567;10;0;0;1755384;895351;1668;1;0
FR;2;2021-05-17;44742;12567;113;0;0;1800126;907918;1781;1;0
FR;2;2021-05-18;54633;12237;191;0;0;1854759;920155;1972;1;0
FR;2;2021-05-19;57162;10600;281;0;0;1911921;930755;2253;1;0
FR;2;2021-05-20;63429;10834;287;0;0;1975350;941589;2540;1;0
FR;2;2021-05-21;64287;11641;230;0;0;2039637;953230;2770;1;0
FR;2;2021-05-22;61477;4505;65;0;0;2101114;957735;2835;1;0
FR;2;2021-05-23;37530;570;22;0;0;2138644;958305;2857;1;0
FR;2;2021-05-24;17235;2033;34;0;0;2155879;960338;2891;1;0
FR;2;2021-05-25;21102;12228;240;0;0;2176981;972566;3131;1;0
FR;2;2021-05-26;19932;11450;229;0;0;2196913;984016;3360;1;0
FR;2;2021-05-27;22993;12660;182;0;0;2219906;996676;3542;1;0
FR;2;2021-05-28;29387;14946;190;0;0;2249293;1011622;3732;1;0
FR;2;2021-05-29;30415;8175;57;0;0;2279708;1019797;3789;1;0
FR;2;2021-05-30;4646;1814;6;0;0;2284354;1021611;3795;1;0
FR;2;2021-05-31;28584;18714;183;0;0;2312938;1040325;3978;1;0
FR;2;2021-06-01;45709;20009;224;0;0;2358647;1060334;4202;1;0
FR;2;2021-06-02;37461;19298;181;0;0;2396108;1079632;4383;1;0
FR;2;2021-06-03;51269;23332;161;0;0;2447377;1102964;4544;1;0
FR;2;2021-06-04;65509;24058;215;0;0;2512886;1127022;4759;1;0
FR;2;2021-06-05;34598;24028;51;0;0;2547484;1151050;4810;1;0
FR;2;2021-06-06;4953;6198;10;0;0;2552437;1157248;4820;1;0
FR;2;2021-06-07;28165;23038;146;0;0;2580602;1180286;4966;1;0
FR;2;2021-06-08;46368;22925;143;0;0;2626970;1203211;5109;1;0
FR;2;2021-06-09;34284;20922;107;0;0;2661254;1224133;5216;1;0
FR;2;2021-06-10;42634;19131;95;1;0;2703888;1243264;5311;2;0
FR;2;2021-06-11;55286;25220;134;0;0;2759174;1268484;5445;2;0
FR;2;2021-06-12;30560;19778;53;0;0;2789734;1288262;5498;2;0
FR;2;2021-06-13;3329;9186;13;0;0;2793063;1297448;5511;2;0
FR;2;2021-06-14;25294;24161;92;0;0;2818357;1321609;5603;2;0
FR;2;2021-06-15;39033;22845;154;0;0;2857390;1344454;5757;2;0
FR;2;2021-06-16;30157;21438;134;0;0;2887547;1365892;5891;2;0
FR;2;2021-06-17;36903;25865;150;0;0;2924450;1391757;6041;2;0
FR;2;2021-06-18;46845;28808;122;0;0;2971295;1420565;6163;2;0
FR;2;2021-06-19;24525;24891;39;0;0;2995820;1445456;6202;2;0
FR;2;2021-06-20;3740;10063;10;0;0;2999560;1455519;6212;2;0
FR;2;2021-06-21;17521;42840;87;0;0;3017081;1498359;6299;2;0
FR;2;2021-06-22;28353;49558;110;0;0;3045434;1547917;6409;2;0
FR;2;2021-06-23;21786;49556;106;1;1;3067220;1597473;6515;3;1
FR;2;2021-06-24;28375;50284;133;0;0;3095595;1647757;6648;3;1
FR;2;2021-06-25;33397;60390;127;0;0;3128992;1708147;6775;3;1
FR;2;2021-06-26;16379;59243;54;1;0;3145371;1767390;6829;4;1
FR;2;2021-06-27;2564;29323;22;1;0;3147935;1796713;6851;5;1
FR;2;2021-06-28;12637;54340;81;0;0;3160572;1851053;6932;5;1
FR;2;2021-06-29;19840;59889;178;0;0;3180412;1910942;7110;5;1
FR;2;2021-06-30;16319;57868;252;17;0;3196731;1968810;7362;22;1
FR;2;2021-07-01;20481;59890;227;0;0;3217212;2028700;7589;22;1
FR;2;2021-07-02;24069;62123;184;0;0;3241281;2090823;7773;22;1
FR;2;2021-07-03;12112;57086;153;0;0;3253393;2147909;7926;22;1
FR;2;2021-07-04;1958;23309;18;0;0;3255351;2171218;7944;22;1
FR;2;2021-07-05;9169;29365;106;0;0;3264520;2200583;8050;22;1
FR;2;2021-07-06;14574;36203;135;0;0;3279094;2236786;8185;22;1
FR;2;2021-07-07;14403;33670;139;0;0;3293497;2270456;8324;22;1
FR;2;2021-07-08;19711;40294;162;0;0;3313208;2310750;8486;22;1
FR;2;2021-07-09;27092;54269;202;1;0;3340300;2365019;8688;23;1
FR;2;2021-07-10;13382;33663;107;0;0;3353682;2398682;8795;23;1
FR;2;2021-07-11;1805;4346;16;0;0;3355487;2403028;8811;23;1
FR;2;2021-07-12;12960;37275;118;0;0;3368447;2440303;8929;23;1
FR;2;2021-07-13;37107;53215;150;0;0;3405554;2493518;9079;23;1
FR;2;2021-07-14;6607;3559;15;0;0;3412161;2497077;9094;23;1
FR;2;2021-07-15;47229;47021;156;0;0;3459390;2544098;9250;23;1
FR;2;2021-07-16;64307;55815;187;0;0;3523697;2599913;9437;23;1
FR;2;2021-07-17;31592;23931;96;0;0;3555289;2623844;9533;23;1
FR;2;2021-07-18;6087;4885;19;0;0;3561376;2628729;9552;23;1
FR;2;2021-07-19;32985;28680;94;0;0;3594361;2657409;9646;23;1
FR;2;2021-07-20;51988;44565;155;0;0;3646349;2701974;9801;23;1
FR;2;2021-07-21;45244;34762;93;0;0;3691593;2736736;9894;23;1
FR;2;2021-07-22;56271;41094;128;1;0;3747864;2777830;10022;24;1
FR;2;2021-07-23;68275;49084;170;0;0;3816139;2826914;10192;24;1
FR;2;2021-07-24;36166;21586;82;0;0;3852305;2848500;10274;24;1
FR;2;2021-07-25;6742;2655;10;0;0;3859047;2851155;10284;24;1
FR;2;2021-07-26;36295;22457;91;1;0;3895342;2873612;10375;25;1
FR;2;2021-07-27;62350;34622;180;0;0;3957692;2908234;10555;25;1
FR;2;2021-07-28;55294;26456;132;0;0;4012986;2934690;10687;25;1
FR;2;2021-07-29;68452;32785;189;0;0;4081438;2967475;10876;25;1
FR;2;2021-07-30;74431;37781;222;1;1;4155869;3005256;11098;26;2
FR;2;2021-07-31;34749;16185;104;0;0;4190618;3021441;11202;26;2
FR;2;2021-08-01;5396;2284;19;0;0;4196014;3023725;11221;26;2
FR;2;2021-08-02;35859;16203;101;0;0;4231873;3039928;11322;26;2
FR;2;2021-08-03;55956;28289;142;0;0;4287829;3068217;11464;26;2
FR;2;2021-08-04;46618;20862;128;1;0;4334447;3089079;11592;27;2
FR;2;2021-08-05;54615;31580;215;0;0;4389062;3120659;11807;27;2
FR;2;2021-08-06;58077;42391;242;1;0;4447139;3163050;12049;28;2
FR;2;2021-08-07;25132;17602;89;0;0;4472271;3180652;12138;28;2
FR;2;2021-08-08;3832;3670;21;0;0;4476103;3184322;12159;28;2
FR;2;2021-08-09;29292;21129;91;0;0;4505395;3205451;12250;28;2
FR;2;2021-08-10;44988;33513;154;0;0;4550383;3238964;12404;28;2
FR;2;2021-08-11;35263;25172;151;0;0;4585646;3264136;12555;28;2
FR;2;2021-08-12;41890;35734;162;0;0;4627536;3299870;12717;28;2
FR;2;2021-08-13;42585;37049;218;0;0;4670121;3336919;12935;28;2
FR;2;2021-08-14;18506;22252;93;0;0;4688627;3359171;13028;28;2
FR;2;2021-08-15;3814;3816;17;0;0;4692441;3362987;13045;28;2
FR;2;2021-08-16;25076;27206;110;0;0;4717517;3390193;13155;28;2
FR;2;2021-08-17;38249;43490;205;2;0;4755766;3433683;13360;30;2
FR;2;2021-08-18;32246;36369;194;1;1;4788012;3470052;13554;31;3
FR;2;2021-08-19;37428;46588;224;0;0;4825440;3516640;13778;31;3
FR;2;2021-08-20;40555;55607;269;1;0;4865995;3572247;14047;32;3
FR;2;2021-08-21;18116;24301;113;0;0;4884111;3596548;14160;32;3
FR;2;2021-08-22;2902;4318;22;1;1;4887013;3600866;14182;33;4
FR;2;2021-08-23;19238;35159;131;1;1;4906251;3636025;14313;34;5
FR;2;2021-08-24;31939;56031;235;0;0;4938190;3692056;14548;34;5
FR;2;2021-08-25;25925;43433;250;0;0;4964115;3735489;14798;34;5
FR;2;2021-08-26;32347;55786;387;0;0;4996462;3791275;15185;34;5
FR;2;2021-08-27;36991;65589;478;3;1;5033453;3856864;15663;37;6
FR;2;2021-08-28;17813;28469;300;0;0;5051266;3885333;15963;37;6
FR;2;2021-08-29;2655;5040;47;0;0;5053921;3890373;16010;37;6
FR;2;2021-08-30;18409;37750;399;0;755;5072330;3928123;16409;37;761
FR;2;2021-08-31;28076;57494;882;4;1535;5100406;3985617;17291;41;2296
FR;2;2021-09-01;21589;39838;1307;0;2091;5121995;4025455;18598;41;4387
FR;2;2021-09-02;25474;48606;1960;2;3289;5147469;4074061;20558;43;7676
FR;2;2021-09-03;33405;64478;2986;3;4825;5180874;4138539;23544;46;12501
FR;2;2021-09-04;16826;27703;1442;1;2354;5197700;4166242;24986;47;14855
FR;2;2021-09-05;2258;3607;264;0;412;5199958;4169849;25250;47;15267
FR;2;2021-09-06;14034;28730;1769;1;2931;5213992;4198579;27019;48;18198
FR;2;2021-09-07;21102;41052;3020;13;4857;5235094;4239631;30039;61;23055
FR;2;2021-09-08;17240;31928;2732;6;4466;5252334;4271559;32771;67;27521
FR;2;2021-09-09;20973;40431;4432;3;6753;5273307;4311990;37203;70;34274
FR;2;2021-09-10;28194;51132;5281;4;8818;5301501;4363122;42484;74;43092
FR;2;2021-09-11;13652;22356;2403;5;3936;5315153;4385478;44887;79;47028
FR;2;2021-09-12;1822;2791;284;0;505;5316975;4388269;45171;79;47533
FR;2;2021-09-13;11656;21448;2467;4;4008;5328631;4409717;47638;83;51541
FR;2;2021-09-14;18567;32773;5084;13;9031;5347198;4442490;52722;96;60572
FR;2;2021-09-15;14910;28281;5164;3;7780;5362108;4470771;57886;99;68352
FR;2;2021-09-16;16069;32767;6733;14;10526;5378177;4503538;64619;113;78878
FR;2;2021-09-17;20910;47079;8774;10;14567;5399087;4550617;73393;123;93445
FR;2;2021-09-18;9854;20933;3803;6;6023;5408941;4571550;77196;129;99468
FR;2;2021-09-19;1164;2650;395;0;646;5410105;4574200;77591;129;100114
FR;2;2021-09-20;7490;18781;3851;7;6150;5417595;4592981;81442;136;106264
FR;2;2021-09-21;11205;29999;6494;5;10740;5428800;4622980;87936;141;117004
FR;2;2021-09-22;9405;23553;5491;7;8511;5438205;4646533;93427;148;125515
FR;2;2021-09-23;10721;28865;7879;9;12637;5448926;4675398;101306;157;138152
FR;2;2021-09-24;15063;42855;10873;18;17181;5463989;4718253;112179;175;155333
FR;2;2021-09-25;7258;18729;3962;10;6083;5471247;4736982;116141;185;161416
FR;2;2021-09-26;1079;2561;494;0;634;5472326;4739543;116635;185;162050
FR;2;2021-09-27;6312;16452;4286;7;6551;5478638;4755995;120921;192;168601
FR;2;2021-09-28;9239;25550;7768;13;12068;5487877;4781545;128689;205;180669
FR;2;2021-09-29;8078;20204;6066;25;9258;5495955;4801749;134755;230;189927
FR;2;2021-09-30;9863;25782;9502;16;14075;5505818;4827531;144257;246;204002
FR;2;2021-10-01;13967;35633;12912;25;19227;5519785;4863164;157169;271;223229
FR;2;2021-10-02;6874;15869;4844;6;7003;5526659;4879033;162013;277;230232
FR;2;2021-10-03;841;1945;491;1;512;5527500;4880978;162504;278;230744
FR;2;2021-10-04;5817;13918;5514;5;7853;5533317;4894896;168018;283;238597
FR;2;2021-10-05;9052;22550;11121;19;15714;5542369;4917446;179139;302;254311
FR;2;2021-10-06;7777;17748;8239;11;11068;5550146;4935194;187378;313;265379
FR;2;2021-10-07;9192;22173;12378;15;16833;5559338;4957367;199756;328;282212
FR;2;2021-10-08;13424;32049;17345;27;23530;5572762;4989416;217101;355;305742
FR;2;2021-10-09;5999;12821;6041;6;7875;5578761;5002237;223142;361;313617
FR;2;2021-10-10;883;1637;436;2;634;5579644;5003874;223578;363;314251
FR;2;2021-10-11;5603;11606;6454;17;8837;5585247;5015480;230032;380;323088
FR;2;2021-10-12;8033;17752;12535;13;16725;5593280;5033232;242567;393;339813
FR;2;2021-10-13;6942;14851;10245;11;13607;5600222;5048083;252812;404;353420
FR;2;2021-10-14;8310;17939;14988;13;19448;5608532;5066022;267800;417;372868
FR;2;2021-10-15;11844;26276;20900;26;27939;5620376;5092298;288700;443;400807
FR;2;2021-10-16;5136;8726;1815;0;3203;5625512;5101024;290515;443;404010
FR;2;2021-10-17;651;1190;184;0;376;5626163;5102214;290699;443;404386
FR;2;2021-10-18;4557;7420;661;2;1672;5630720;5109634;291360;445;406058
FR;2;2021-10-19;6238;9897;729;5;2056;5636958;5119531;292089;450;408114
FR;2;2021-10-20;5160;8100;756;3;1685;5642118;5127631;292845;453;409799
FR;2;2021-10-21;6088;9970;779;5;2102;5648206;5137601;293624;458;411901
FR;2;2021-10-22;8446;14571;1147;4;2871;5656652;5152172;294771;462;414772
FR;2;2021-10-23;3840;5992;584;0;1234;5660492;5158164;295355;462;416006
FR;2;2021-10-24;494;888;100;0;203;5660986;5159052;295455;462;416209
FR;2;2021-10-25;3357;5372;301;1;827;5664343;5164424;295756;463;417036
FR;2;2021-10-26;4171;7258;1124;4;2004;5668514;5171682;296880;467;419040
FR;2;2021-10-27;3672;6630;1193;5;2001;5672186;5178312;298073;472;421041
FR;2;2021-10-28;4595;7693;1727;3;2743;5676781;5186005;299800;475;423784
FR;2;2021-10-29;5405;11076;2430;4;3667;5682186;5197081;302230;479;427451
FR;2;2021-10-30;2747;4431;972;1;1428;5684933;5201512;303202;480;428879
FR;2;2021-10-31;363;536;139;1;186;5685296;5202048;303341;481;429065
FR;2;2021-11-01;416;561;172;0;264;5685712;5202609;303513;481;429329
FR;2;2021-11-02;3287;6766;1179;0;1758;5688999;5209375;304692;481;431087
FR;2;2021-11-03;3337;6254;1383;2;1965;5692336;5215629;306075;483;433052
FR;2;2021-11-04;3985;7099;1760;4;2489;5696321;5222728;307835;487;435541
FR;2;2021-11-05;5226;10509;2863;5;3944;5701547;5233237;310698;492;439485
FR;2;2021-11-06;2593;4665;1396;0;1807;5704140;5237902;312094;492;441292
FR;2;2021-11-07;508;868;216;0;285;5704648;5238770;312310;492;441577
FR;2;2021-11-08;2575;5364;1201;3;1680;5707223;5244134;313511;495;443257
FR;2;2021-11-09;2749;6945;2391;6;3170;5709972;5251079;315902;501;446427
FR;2;2021-11-10;2584;5717;5090;6;6268;5712556;5256796;320992;507;452695
FR;2;2021-11-11;433;743;730;2;912;5712989;5257539;321722;509;453607
FR;2;2021-11-12;2951;8110;8959;8;10896;5715940;5265649;330681;517;464503
FR;2;2021-11-13;1530;3381;3865;7;4527;5717470;5269030;334546;524;469030
FR;2;2021-11-14;254;603;348;1;485;5717724;5269633;334894;525;469515
FR;2;2021-11-15;1620;3699;4434;9;5320;5719344;5273332;339328;534;474835
FR;2;2021-11-16;2182;5947;8292;14;10066;5721526;5279279;347620;548;484901
FR;2;2021-11-17;1740;4569;6618;8;7835;5723266;5283848;354238;556;492736
FR;2;2021-11-18;2189;5946;9169;11;10992;5725455;5289794;363407;567;503728
FR;2;2021-11-19;2696;7803;12958;19;15465;5728151;5297597;376365;586;519193
FR;2;2021-11-20;1564;3328;5167;5;6072;5729715;5300925;381532;591;525265
FR;2;2021-11-21;246;517;540;0;663;5729961;5301442;382072;591;525928
FR;2;2021-11-22;1275;2621;4469;5;5400;5731236;5304063;386541;596;531328
FR;2;2021-11-23;1613;4314;8186;9;9895;5732849;5308377;394727;605;541223
FR;2;2021-11-24;1418;3803;7462;14;8721;5734267;5312180;402189;619;549944
FR;2;2021-11-25;1812;4890;11445;21;13637;5736079;5317070;413634;640;563581
FR;2;2021-11-26;2537;7778;22648;31;26062;5738616;5324848;436282;671;589643
FR;2;2021-11-27;1497;4135;12255;18;13991;5740113;5328983;448537;689;603634
FR;2;2021-11-28;291;841;1965;3;2286;5740404;5329824;450502;692;605920
FR;2;2021-11-29;1444;4387;15073;23;17240;5741848;5334211;465575;715;623160
FR;2;2021-11-30;1912;6752;26220;36;29973;5743760;5340963;491795;751;653133
FR;2;2021-12-01;1903;6104;26182;29;29502;5745663;5347067;517977;780;682635
FR;2;2021-12-02;1908;6831;37683;52;41926;5747571;5353898;555660;832;724561
FR;2;2021-12-03;2549;10105;53586;112;59308;5750120;5364003;609246;944;783869
FR;2;2021-12-04;1849;6293;37088;38;40759;5751969;5370296;646334;982;824628
FR;2;2021-12-05;458;2271;14250;14;15989;5752427;5372567;660584;996;840617
FR;2;2021-12-06;2461;9895;77682;109;84730;5754888;5382462;738266;1105;925347
FR;2;2021-12-07;3444;15336;122407;238;133689;5758332;5397798;860673;1343;1059036
FR;2;2021-12-08;3717;16056;133169;330;145369;5762049;5413854;993842;1673;1204405
FR;2;2021-12-09;4543;19627;170140;554;185496;5766592;5433481;1163982;2227;1389901
FR;2;2021-12-10;4669;22812;188607;490;206038;5771261;5456293;1352589;2717;1595939
FR;2;2021-12-11;3681;16617;132419;239;144846;5774942;5472910;1485008;2956;1740785
FR;2;2021-12-12;1257;7134;59080;83;65128;5776199;5480044;1544088;3039;1805913
FR;2;2021-12-13;5525;26858;220650;604;242930;5781724;5506902;1764738;3643;2048843
FR;2;2021-12-14;7014;37528;300710;910;332183;5788738;5544430;2065448;4553;2381026
FR;2;2021-12-15;6559;36234;285167;955;315763;5795297;5580664;2350615;5508;2696789
FR;2;2021-12-16;7764;37923;312095;981;343672;5803061;5618587;2662710;6489;3040461
FR;2;2021-12-17;8680;41245;327826;975;360903;5811741;5659832;2990536;7464;3401364
FR;2;2021-12-18;6516;26559;212313;448;233610;5818257;5686391;3202849;7912;3634974
FR;2;2021-12-19;2599;11492;90201;184;100379;5820856;5697883;3293050;8096;3735353
FR;2;2021-12-20;9549;33606;275148;706;303313;5830405;5731489;3568198;8802;4038666
FR;2;2021-12-21;11554;38319;309586;969;341371;5841959;5769808;3877784;9771;4380037
FR;2;2021-12-22;10457;32862;265080;952;292470;5852416;5802670;4142864;10723;4672507
FR;2;2021-12-23;9425;26706;199451;700;221253;5861841;5829376;4342315;11423;4893760
FR;2;2021-12-24;2781;7494;43845;140;49557;5864622;5836870;4386160;11563;4943317
FR;2;2021-12-25;201;701;2000;10;2496;5864823;5837571;4388160;11573;4945813
FR;2;2021-12-26;1322;4214;25146;71;28677;5866145;5841785;4413306;11644;4974490
FR;2;2021-12-27;8075;29941;218377;659;243298;5874220;5871726;4631683;12303;5217788
FR;2;2021-12-28;9840;36343;272061;741;301950;5884060;5908069;4903744;13044;5519738
FR;2;2021-12-29;9492;32286;246102;766;272676;5893552;5940355;5149846;13810;5792414
FR;2;2021-12-30;9452;28138;208806;662;231465;5903004;5968493;5358652;14472;6023879
FR;2;2021-12-31;3009;8381;54977;177;61236;5906013;5976874;5413629;14649;6085115
FR;2;2022-01-01;227;693;2849;7;3345;5906240;5977567;5416478;14656;6088460
FR;2;2022-01-02;1505;4855;29504;75;33391;5907745;5982422;5445982;14731;6121851
FR;2;2022-01-03;9579;35372;266500;807;293862;5917324;6017794;5712482;15538;6415713
FR;2;2022-01-04;12842;45380;342059;1067;376943;5930166;6063174;6054541;16605;6792656
FR;2;2022-01-05;11269;38658;294146;885;323799;5941435;6101832;6348687;17490;7116455
FR;2;2022-01-06;13650;43494;331925;1298;364700;5955085;6145326;6680612;18788;7481155
FR;2;2022-01-07;14220;47623;361066;1270;396392;5969305;6192949;7041678;20058;7877547
FR;2;2022-01-08;7944;28150;201253;515;221680;5977249;6221099;7242931;20573;8099227
FR;2;2022-01-09;2749;9007;62517;137;69526;5979998;6230106;7305448;20710;8168753
FR;2;2022-01-10;10087;31904;232444;858;255026;5990085;6262010;7537892;21568;8423779
FR;2;2022-01-11;11470;36257;265876;1030;290573;6001555;6298267;7803768;22598;8714352
FR;2;2022-01-12;8760;29839;206296;862;226170;6010315;6328106;8010064;23460;8940522
FR;2;2022-01-13;9386;31344;224459;831;244808;6019701;6359450;8234523;24291;9185330
FR;2;2022-01-14;9743;35661;254516;919;277673;6029444;6395111;8489039;25210;9463003
FR;2;2022-01-15;5355;19457;140766;359;153636;6034799;6414568;8629805;25569;9616639
FR;2;2022-01-16;1512;5522;35868;80;39846;6036311;6420090;8665673;25649;9656485
FR;2;2022-01-17;5546;19298;135381;601;147243;6041857;6439388;8801054;26250;9803728
FR;2;2022-01-18;6417;21529;148608;648;160471;6048274;6460917;8949662;26898;9964199
FR;2;2022-01-19;4388;16363;105081;552;113700;6052662;6477280;9054743;27450;10077899
FR;2;2022-01-20;4867;17590;115272;603;123668;6057529;6494870;9170015;28053;10201567
FR;2;2022-01-21;5193;20061;137323;678;147739;6062722;6514931;9307338;28731;10349306
FR;2;2022-01-22;3024;10966;74254;259;80332;6065746;6525897;9381592;28990;10429638
FR;2;2022-01-23;722;2739;15236;41;16837;6066468;6528636;9396828;29031;10446475
FR;2;2022-01-24;3293;12832;75057;430;81017;6069761;6541468;9471885;29461;10527492
FR;2;2022-01-25;3572;14440;79610;495;85446;6073333;6555908;9551495;29956;10612938
FR;2;2022-01-26;2515;10659;58957;363;62984;6075848;6566567;9610452;30319;10675922
FR;2;2022-01-27;2683;11248;64163;388;67900;6078531;6577815;9674615;30707;10743822
FR;2;2022-01-28;3543;18403;91710;430;98960;6082074;6596218;9766325;31137;10842782
FR;2;2022-01-29;1888;9254;48834;164;52920;6083962;6605472;9815159;31301;10895702
FR;2;2022-01-30;466;2241;9453;38;10606;6084428;6607713;9824612;31339;10906308
FR;2;2022-01-31;1887;9595;43815;208;47341;6086315;6617308;9868427;31547;10953649
FR;2;2022-02-01;1912;10048;47018;278;50100;6088227;6627356;9915445;31825;11003749
FR;2;2022-02-02;1605;9034;41100;251;44173;6089832;6636390;9956545;32076;11047922
FR;2;2022-02-03;1722;8940;40505;204;42903;6091554;6645330;9997050;32280;11090825
FR;2;2022-02-04;2152;15221;66625;297;71347;6093706;6660551;10063675;32577;11162172
FR;2;2022-02-05;1362;8539;35933;131;39231;6095068;6669090;10099608;32708;11201403
FR;2;2022-02-06;274;1781;6124;16;6899;6095342;6670871;10105732;32724;11208302
FR;2;2022-02-07;1350;9613;37744;133;41305;6096692;6680484;10143476;32857;11249607
FR;2;2022-02-08;1298;9811;40926;173;43710;6097990;6690295;10184402;33030;11293317
FR;2;2022-02-09;1160;8811;37032;172;40450;6099150;6699106;10221434;33202;11333767
FR;2;2022-02-10;1023;7981;33831;203;36498;6100173;6707087;10255265;33405;11370265
FR;2;2022-02-11;1390;12077;53336;222;57681;6101563;6719164;10308601;33627;11427946
FR;2;2022-02-12;749;6528;27984;83;30801;6102312;6725692;10336585;33710;11458747
FR;2;2022-02-13;199;1334;4833;20;5573;6102511;6727026;10341418;33730;11464320
FR;2;2022-02-14;833;6724;30262;89;33225;6103344;6733750;10371680;33819;11497545
FR;2;2022-02-15;771;6446;28042;141;29981;6104115;6740196;10399722;33960;11527526
FR;2;2022-02-16;657;5338;22043;123;23601;6104772;6745534;10421765;34083;11551127
FR;2;2022-02-17;513;3769;14141;98;14604;6105285;6749303;10435906;34181;11565731
FR;2;2022-02-18;721;5360;20427;134;21124;6106006;6754663;10456333;34315;11586855
FR;2;2022-02-19;430;3045;10527;66;11241;6106436;6757708;10466860;34381;11598096
FR;2;2022-02-20;101;512;1456;3;1604;6106537;6758220;10468316;34384;11599700
FR;2;2022-02-21;420;2682;9116;65;9492;6106957;6760902;10477432;34449;11609192
FR;2;2022-02-22;390;2563;8887;76;8790;6107347;6763465;10486319;34525;11617982
FR;2;2022-02-23;432;2600;8985;82;9264;6107779;6766065;10495304;34607;11627246
FR;2;2022-02-24;313;2028;6795;81;6824;6108092;6768093;10502099;34688;11634070
FR;2;2022-02-25;455;3194;11412;108;11275;6108547;6771287;10513511;34796;11645345
FR;2;2022-02-26;294;1888;6035;49;6340;6108841;6773175;10519546;34845;11651685
FR;2;2022-02-27;75;311;905;5;947;6108916;6773486;10520451;34850;11652632
FR;2;2022-02-28;330;1680;5518;52;5526;6109246;6775166;10525969;34902;11658158
FR;2;2022-03-01;274;1556;5472;44;5190;6109520;6776722;10531441;34946;11663348
FR;2;2022-03-02;296;1428;5242;43;5082;6109816;6778150;10536683;34989;11668430
FR;2;2022-03-03;224;1100;3702;42;3477;6110040;6779250;10540385;35031;11671907
FR;2;2022-03-04;240;1461;4852;73;4497;6110280;6780711;10545237;35104;11676404
FR;2;2022-03-05;171;903;2972;32;2715;6110451;6781614;10548209;35136;11679119
FR;2;2022-03-06;40;181;276;5;315;6110491;6781795;10548485;35141;11679434
FR;2;2022-03-07;155;652;1981;69;1772;6110646;6782447;10550466;35210;11681206
FR;2;2022-03-08;142;652;2270;51;1902;6110788;6783099;10552736;35261;11683108
FR;2;2022-03-09;152;695;2340;36;2040;6110940;6783794;10555076;35297;11685148
FR;2;2022-03-10;119;591;1685;34;1457;6111059;6784385;10556761;35331;11686605
FR;2;2022-03-11;169;752;2767;57;2365;6111228;6785137;10559528;35388;11688970
FR;2;2022-03-12;143;480;1784;27;1553;6111371;6785617;10561312;35415;11690523
FR;2;2022-03-13;25;73;201;29;202;6111396;6785690;10561513;35444;11690725
FR;2;2022-03-14;124;463;1556;529;1286;6111520;6786153;10563069;35973;11692011
FR;2;2022-03-15;138;417;1705;688;1321;6111658;6786570;10564774;36661;11693332
FR;2;2022-03-16;140;461;2010;1611;1587;6111798;6787031;10566784;38272;11694919
FR;2;2022-03-17;93;411;1403;1192;1141;6111891;6787442;10568187;39464;11696060
FR;2;2022-03-18;143;489;2015;1787;1658;6112034;6787931;10570202;41251;11697718
FR;2;2022-03-19;108;318;1209;940;1013;6112142;6788249;10571411;42191;11698731
FR;2;2022-03-20;12;76;190;59;166;6112154;6788325;10571601;42250;11698897
FR;2;2022-03-21;96;301;1208;1481;1072;6112250;6788626;10572809;43731;11699969
FR;2;2022-03-22;116;383;1528;1827;1290;6112366;6789009;10574337;45558;11701259
FR;2;2022-03-23;137;343;1664;3031;1455;6112503;6789352;10576001;48589;11702714
FR;2;2022-03-24;113;290;1177;1546;994;6112616;6789642;10577178;50135;11703708
FR;2;2022-03-25;119;359;1792;2449;1463;6112735;6790001;10578970;52584;11705171
FR;2;2022-03-26;76;246;1200;1220;950;6112811;6790247;10580170;53804;11706121
FR;2;2022-03-27;19;36;150;98;130;6112830;6790283;10580320;53902;11706251
FR;2;2022-03-28;93;284;1132;1588;991;6112923;6790567;10581452;55490;11707242
FR;2;2022-03-29;104;256;1322;2461;1103;6113027;6790823;10582774;57951;11708345
FR;2;2022-03-30;90;312;1481;3183;1314;6113117;6791135;10584255;61134;11709659
FR;2;2022-03-31;103;278;1266;2312;1079;6113220;6791413;10585521;63446;11710738
FR;2;2022-04-01;118;313;1555;2340;1308;6113338;6791726;10587076;65786;11712046
FR;2;2022-04-02;72;160;844;889;737;6113410;6791886;10587920;66675;11712783
FR;2;2022-04-03;16;53;128;112;142;6113426;6791939;10588048;66787;11712925
FR;2;2022-04-04;106;224;980;1434;788;6113532;6792163;10589028;68221;11713713
FR;2;2022-04-05;140;286;1300;2868;1128;6113672;6792449;10590328;71089;11714841
FR;2;2022-04-06;86;242;1299;2497;1110;6113758;6792691;10591627;73586;11715951
FR;2;2022-04-07;118;214;1290;2681;1030;6113876;6792905;10592917;76267;11716981
FR;2;2022-04-08;122;327;1616;3207;1314;6113998;6793232;10594533;79474;11718295
FR;2;2022-04-09;90;218;895;1045;730;6114088;6793450;10595428;80519;11719025
FR;2;2022-04-10;36;40;141;161;114;6114124;6793490;10595569;80680;11719139
FR;2;2022-04-11;84;183;870;1516;769;6114208;6793673;10596439;82196;11719908
FR;2;2022-04-12;177;259;1168;2697;1040;6114385;6793932;10597607;84893;11720948
FR;2;2022-04-13;139;220;1100;2383;960;6114524;6794152;10598707;87276;11721908
FR;2;2022-04-14;113;216;1075;2635;904;6114637;6794368;10599782;89911;11722812
FR;2;2022-04-15;109;237;1177;2245;1035;6114746;6794605;10600959;92156;11723847
FR;2;2022-04-16;62;108;537;543;449;6114808;6794713;10601496;92699;11724296
FR;2;2022-04-17;13;26;57;53;53;6114821;6794739;10601553;92752;11724349
FR;2;2022-04-18;10;31;116;63;108;6114831;6794770;10601669;92815;11724457
FR;2;2022-04-19;108;235;1103;1686;936;6114939;6795005;10602772;94501;11725393
FR;2;2022-04-20;94;233;1080;2091;908;6115033;6795238;10603852;96592;11726301
FR;2;2022-04-21;108;228;969;1808;828;6115141;6795466;10604821;98400;11727129
FR;2;2022-04-22;94;262;1219;2037;998;6115235;6795728;10606040;100437;11728127
FR;2;2022-04-23;66;152;643;762;571;6115301;6795880;10606683;101199;11728698
FR;2;2022-04-24;10;28;98;68;76;6115311;6795908;10606781;101267;11728774
FR;2;2022-04-25;99;199;781;1293;692;6115410;6796107;10607562;102560;11729466
FR;2;2022-04-26;101;181;1020;1847;862;6115511;6796288;10608582;104407;11730328
FR;2;2022-04-27;89;174;839;1639;745;6115600;6796462;10609421;106046;11731073
FR;2;2022-04-28;88;203;923;1835;797;6115688;6796665;10610344;107881;11731870
FR;2;2022-04-29;75;271;1101;1683;1011;6115763;6796936;10611445;109564;11732881
FR;2;2022-04-30;63;121;459;533;415;6115826;6797057;10611904;110097;11733296
FR;2;2022-05-01;13;20;75;42;74;6115839;6797077;10611979;110139;11733370
FR;2;2022-05-02;111;198;654;1165;560;6115950;6797275;10612633;111304;11733930
FR;2;2022-05-03;144;219;925;1694;873;6116094;6797494;10613558;112998;11734803
FR;2;2022-05-04;82;206;848;1705;792;6116176;6797700;10614406;114703;11735595
FR;2;2022-05-05;118;183;795;1594;703;6116294;6797883;10615201;116297;11736298
FR;2;2022-05-06;124;225;1038;1777;942;6116418;6798108;10616239;118074;11737240
FR;2;2022-05-07;35;87;449;501;386;6116453;6798195;10616688;118575;11737626
FR;2;2022-05-08;39;38;91;69;78;6116492;6798233;10616779;118644;11737704
FR;2;2022-05-09;91;158;583;822;540;6116583;6798391;10617362;119466;11738244
FR;2;2022-05-10;106;216;807;1627;757;6116689;6798607;10618169;121093;11739001
FR;2;2022-05-11;91;138;709;1451;667;6116780;6798745;10618878;122544;11739668
FR;3;2020-12-27;0;0;0;0;0;0;0;0;0;0
FR;3;2020-12-28;0;0;0;0;0;0;0;0;0;0
FR;3;2020-12-29;0;0;0;0;0;0;0;0;0;0
FR;3;2020-12-30;0;0;0;0;0;0;0;0;0;0
FR;3;2020-12-31;0;0;0;0;0;0;0;0;0;0
FR;3;2021-01-01;0;0;0;0;0;0;0;0;0;0
FR;3;2021-01-02;0;0;0;0;0;0;0;0;0;0
FR;3;2021-01-03;0;0;0;0;0;0;0;0;0;0
FR;3;2021-01-04;0;0;0;0;0;0;0;0;0;0
FR;3;2021-01-05;0;0;0;0;0;0;0;0;0;0
FR;3;2021-01-06;0;0;0;0;0;0;0;0;0;0
FR;3;2021-01-07;0;0;0;0;0;0;0;0;0;0
FR;3;2021-01-08;0;0;0;0;0;0;0;0;0;0
FR;3;2021-01-09;0;0;0;0;0;0;0;0;0;0
FR;3;2021-01-10;0;0;0;0;0;0;0;0;0;0
FR;3;2021-01-11;0;0;0;0;0;0;0;0;0;0
FR;3;2021-01-12;0;0;0;0;0;0;0;0;0;0
FR;3;2021-01-13;0;0;0;0;0;0;0;0;0;0
FR;3;2021-01-14;0;0;0;0;0;0;0;0;0;0
FR;3;2021-01-15;0;0;0;0;0;0;0;0;0;0
FR;3;2021-01-16;0;0;0;0;0;0;0;0;0;0
FR;3;2021-01-17;0;0;0;0;0;0;0;0;0;0
FR;3;2021-01-18;0;0;0;0;0;0;0;0;0;0
FR;3;2021-01-19;0;0;0;0;0;0;0;0;0;0
FR;3;2021-01-20;0;0;0;0;0;0;0;0;0;0
FR;3;2021-01-21;0;0;0;0;0;0;0;0;0;0
FR;3;2021-01-22;0;0;0;0;0;0;0;0;0;0
FR;3;2021-01-23;0;0;0;0;0;0;0;0;0;0
FR;3;2021-01-24;0;0;0;0;0;0;0;0;0;0
FR;3;2021-01-25;0;0;0;0;0;0;0;0;0;0
FR;3;2021-01-26;0;0;0;0;0;0;0;0;0;0
FR;3;2021-01-27;0;0;0;0;0;0;0;0;0;0
FR;3;2021-01-28;0;0;0;0;0;0;0;0;0;0
FR;3;2021-01-29;0;0;0;0;0;0;0;0;0;0
FR;3;2021-01-30;0;0;0;0;0;0;0;0;0;0
FR;3;2021-01-31;0;0;0;0;0;0;0;0;0;0
FR;3;2021-02-01;0;0;0;0;0;0;0;0;0;0
FR;3;2021-02-02;0;0;0;0;0;0;0;0;0;0
FR;3;2021-02-03;0;0;0;0;0;0;0;0;0;0
FR;3;2021-02-04;0;0;0;0;0;0;0;0;0;0
FR;3;2021-02-05;0;0;0;0;0;0;0;0;0;0
FR;3;2021-02-06;1682;0;0;0;0;1682;0;0;0;0
FR;3;2021-02-07;1422;0;0;0;0;3104;0;0;0;0
FR;3;2021-02-08;2782;0;0;0;0;5886;0;0;0;0
FR;3;2021-02-09;6782;0;0;0;0;12668;0;0;0;0
FR;3;2021-02-10;9603;0;0;0;0;22271;0;0;0;0
FR;3;2021-02-11;13609;0;0;0;0;35880;0;0;0;0
FR;3;2021-02-12;13396;0;0;0;0;49276;0;0;0;0
FR;3;2021-02-13;3782;1;0;0;0;53058;1;0;0;0
FR;3;2021-02-14;972;0;0;0;0;54030;1;0;0;0
FR;3;2021-02-15;10482;0;0;0;0;64512;1;0;0;0
FR;3;2021-02-16;12542;1;0;0;0;77054;2;0;0;0
FR;3;2021-02-17;11150;0;0;0;0;88204;2;0;0;0
FR;3;2021-02-18;14933;2;0;0;0;103137;4;0;0;0
FR;3;2021-02-19;14359;1;0;0;0;117496;5;0;0;0
FR;3;2021-02-20;3329;0;0;0;0;120825;5;0;0;0
FR;3;2021-02-21;618;0;0;0;0;121443;5;0;0;0
FR;3;2021-02-22;9161;0;0;0;0;130604;5;0;0;0
FR;3;2021-02-23;11394;1;0;0;0;141998;6;0;0;0
FR;3;2021-02-24;14298;0;0;0;0;156296;6;0;0;0
FR;3;2021-02-25;44927;1;0;0;0;201223;7;0;0;0
FR;3;2021-02-26;61883;3;0;0;0;263106;10;0;0;0
FR;3;2021-02-27;34801;5;0;0;0;297907;15;0;0;0
FR;3;2021-02-28;2463;0;0;0;0;300370;15;0;0;0
FR;3;2021-03-01;20510;9;0;0;0;320880;24;0;0;0
FR;3;2021-03-02;38860;18;0;0;0;359740;42;0;0;0
FR;3;2021-03-03;48729;17;0;0;0;408469;59;0;0;0
FR;3;2021-03-04;82216;20;0;0;0;490685;79;0;0;0
FR;3;2021-03-05;118122;39;0;0;0;608807;118;0;0;0
FR;3;2021-03-06;120708;52;1;0;0;729515;170;1;0;0
FR;3;2021-03-07;55177;27;0;0;0;784692;197;1;0;0
FR;3;2021-03-08;42806;24;0;0;0;827498;221;1;0;0
FR;3;2021-03-09;78966;40;0;0;0;906464;261;1;0;0
FR;3;2021-03-10;80963;46;0;0;0;987427;307;1;0;0
FR;3;2021-03-11;128416;53;0;0;0;1115843;360;1;0;0
FR;3;2021-03-12;182718;86;0;0;0;1298561;446;1;0;0
FR;3;2021-03-13;132142;62;0;0;0;1430703;508;1;0;0
FR;3;2021-03-14;14054;4;0;0;0;1444757;512;1;0;0
FR;3;2021-03-15;52223;43;0;0;0;1496980;555;1;0;0
FR;3;2021-03-16;1209;24;0;0;0;1498189;579;1;0;0
FR;3;2021-03-17;942;28;0;0;0;1499131;607;1;0;0
FR;3;2021-03-18;1564;11;0;0;0;1500695;618;1;0;0
FR;3;2021-03-19;70446;48;0;0;0;1571141;666;1;0;0
FR;3;2021-03-20;65226;42;0;0;0;1636367;708;1;0;0
FR;3;2021-03-21;5755;4;0;0;0;1642122;712;1;0;0
FR;3;2021-03-22;37495;36;0;0;0;1679617;748;1;0;0
FR;3;2021-03-23;84650;60;0;0;0;1764267;808;1;0;0
FR;3;2021-03-24;90934;94;0;0;0;1855201;902;1;0;0
FR;3;2021-03-25;150041;124;0;0;0;2005242;1026;1;0;0
FR;3;2021-03-26;165413;153;0;0;0;2170655;1179;1;0;0
FR;3;2021-03-27;68456;96;0;0;0;2239111;1275;1;0;0
FR;3;2021-03-28;6469;19;0;0;0;2245580;1294;1;0;0
FR;3;2021-03-29;54158;73;0;0;0;2299738;1367;1;0;0
FR;3;2021-03-30;93159;99;0;0;0;2392897;1466;1;0;0
FR;3;2021-03-31;63521;90;0;0;0;2456418;1556;1;0;0
FR;3;2021-04-01;86120;103;0;0;0;2542538;1659;1;0;0
FR;3;2021-04-02;86888;149;0;0;0;2629426;1808;1;0;0
FR;3;2021-04-03;35871;115;0;0;0;2665297;1923;1;0;0
FR;3;2021-04-04;3570;16;0;0;0;2668867;1939;1;0;0
FR;3;2021-04-05;4485;28;0;0;0;2673352;1967;1;0;0
FR;3;2021-04-06;29741;81;0;0;0;2703093;2048;1;0;0
FR;3;2021-04-07;32334;79;0;0;0;2735427;2127;1;0;0
FR;3;2021-04-08;78810;240;0;0;0;2814237;2367;1;0;0
FR;3;2021-04-09;161745;412;0;0;0;2975982;2779;1;0;0
FR;3;2021-04-10;75753;331;0;0;0;3051735;3110;1;0;0
FR;3;2021-04-11;7308;45;0;0;0;3059043;3155;1;0;0
FR;3;2021-04-12;51465;204;0;0;0;3110508;3359;1;0;0
FR;3;2021-04-13;86218;316;0;0;0;3196726;3675;1;0;0
FR;3;2021-04-14;67833;340;0;0;0;3264559;4015;1;0;0
FR;3;2021-04-15;93219;369;0;0;0;3357778;4384;1;0;0
FR;3;2021-04-16;112515;574;0;0;0;3470293;4958;1;0;0
FR;3;2021-04-17;53311;323;1;0;0;3523604;5281;2;0;0
FR;3;2021-04-18;9741;34;0;0;0;3533345;5315;2;0;0
FR;3;2021-04-19;25101;234;0;0;0;3558446;5549;2;0;0
FR;3;2021-04-20;45669;395;0;0;0;3604115;5944;2;0;0
FR;3;2021-04-21;38966;466;0;0;0;3643081;6410;2;0;0
FR;3;2021-04-22;54701;783;0;0;0;3697782;7193;2;0;0
FR;3;2021-04-23;70480;1016;0;0;0;3768262;8209;2;0;0
FR;3;2021-04-24;37240;988;0;0;0;3805502;9197;2;0;0
FR;3;2021-04-25;6204;153;0;0;0;3811706;9350;2;0;0
FR;3;2021-04-26;19781;652;0;0;0;3831487;10002;2;0;0
FR;3;2021-04-27;34469;1256;0;0;0;3865956;11258;2;0;0
FR;3;2021-04-28;28961;1938;0;0;0;3894917;13196;2;0;0
FR;3;2021-04-29;45376;5953;0;0;0;3940293;19149;2;0;0
FR;3;2021-04-30;55451;8929;1;0;0;3995744;28078;3;0;0
FR;3;2021-05-01;9510;1970;0;0;0;4005254;30048;3;0;0
FR;3;2021-05-02;3070;488;0;0;0;4008324;30536;3;0;0
FR;3;2021-05-03;13057;3882;0;0;0;4021381;34418;3;0;0
FR;3;2021-05-04;23109;8407;0;0;0;4044490;42825;3;0;0
FR;3;2021-05-05;18752;10603;0;0;0;4063242;53428;3;0;0
FR;3;2021-05-06;34617;20889;0;0;0;4097859;74317;3;0;0
FR;3;2021-05-07;44201;28422;0;0;0;4142060;102739;3;0;0
FR;3;2021-05-08;6784;8890;0;0;0;4148844;111629;3;0;0
FR;3;2021-05-09;1792;2654;0;0;0;4150636;114283;3;0;0
FR;3;2021-05-10;14989;12571;0;0;0;4165625;126854;3;0;0
FR;3;2021-05-11;27092;25753;0;0;0;4192717;152607;3;0;0
FR;3;2021-05-12;17266;27471;0;0;0;4209983;180078;3;0;0
FR;3;2021-05-13;2277;3475;0;0;0;4212260;183553;3;0;0
FR;3;2021-05-14;14513;25733;0;0;0;4226773;209286;3;0;0
FR;3;2021-05-15;7230;20775;0;0;0;4234003;230061;3;0;0
FR;3;2021-05-16;974;2671;0;0;0;4234977;232732;3;0;0
FR;3;2021-05-17;7959;19930;0;0;0;4242936;252662;3;0;0
FR;3;2021-05-18;13409;29635;0;0;0;4256345;282297;3;0;0
FR;3;2021-05-19;9262;31663;0;0;0;4265607;313960;3;0;0
FR;3;2021-05-20;12802;53202;3;0;0;4278409;367162;6;0;0
FR;3;2021-05-21;12759;65506;2;0;0;4291168;432668;8;0;0
FR;3;2021-05-22;4959;33290;1;0;0;4296127;465958;9;0;0
FR;3;2021-05-23;649;2669;0;0;0;4296776;468627;9;0;0
FR;3;2021-05-24;879;4921;0;0;0;4297655;473548;9;0;0
FR;3;2021-05-25;5296;45203;1;0;0;4302951;518751;10;0;0
FR;3;2021-05-26;4967;51070;1;0;0;4307918;569821;11;0;0
FR;3;2021-05-27;6323;77834;3;0;0;4314241;647655;14;0;0
FR;3;2021-05-28;7539;99082;2;0;0;4321780;746737;16;0;0
FR;3;2021-05-29;3344;60283;1;0;0;4325124;807020;17;0;0
FR;3;2021-05-30;545;8229;0;0;0;4325669;815249;17;0;0
FR;3;2021-05-31;2434;35919;3;0;0;4328103;851168;20;0;0
FR;3;2021-06-01;3399;64756;10;0;0;4331502;915924;30;0;0
FR;3;2021-06-02;2726;58312;6;0;0;4334228;974236;36;0;0
FR;3;2021-06-03;3490;87498;10;0;0;4337718;1061734;46;0;0
FR;3;2021-06-04;4110;105084;22;0;0;4341828;1166818;68;0;0
FR;3;2021-06-05;1978;52232;4;0;0;4343806;1219050;72;0;0
FR;3;2021-06-06;504;5390;1;0;0;4344310;1224440;73;0;0
FR;3;2021-06-07;1468;31102;11;0;0;4345778;1255542;84;0;0
FR;3;2021-06-08;2047;47232;18;0;0;4347825;1302774;102;0;0
FR;3;2021-06-09;1787;42327;13;0;0;4349612;1345101;115;0;0
FR;3;2021-06-10;2242;67895;17;0;0;4351854;1412996;132;0;0
FR;3;2021-06-11;2470;96696;34;0;0;4354324;1509692;166;0;0
FR;3;2021-06-12;1173;40834;6;0;0;4355497;1550526;172;0;0
FR;3;2021-06-13;276;3799;3;0;0;4355773;1554325;175;0;0
FR;3;2021-06-14;1038;42616;17;0;0;4356811;1596941;192;0;0
FR;3;2021-06-15;1363;80620;20;0;0;4358174;1677561;212;0;0
FR;3;2021-06-16;1255;65704;19;0;0;4359429;1743265;231;0;0
FR;3;2021-06-17;1658;101802;41;0;0;4361087;1845067;272;0;0
FR;3;2021-06-18;1868;117908;61;0;0;4362955;1962975;333;0;0
FR;3;2021-06-19;800;39381;22;0;0;4363755;2002356;355;0;0
FR;3;2021-06-20;158;3376;0;0;0;4363913;2005732;355;0;0
FR;3;2021-06-21;768;39247;16;0;0;4364681;2044979;371;0;0
FR;3;2021-06-22;1060;69960;52;0;0;4365741;2114939;423;0;0
FR;3;2021-06-23;942;50827;39;0;0;4366683;2165766;462;0;0
FR;3;2021-06-24;1304;77144;48;0;0;4367987;2242910;510;0;0
FR;3;2021-06-25;1399;89953;73;0;0;4369386;2332863;583;0;0
FR;3;2021-06-26;625;33121;29;0;0;4370011;2365984;612;0;0
FR;3;2021-06-27;165;3990;1;0;0;4370176;2369974;613;0;0
FR;3;2021-06-28;647;30403;27;0;0;4370823;2400377;640;0;0
FR;3;2021-06-29;852;56172;95;0;0;4371675;2456549;735;0;0
FR;3;2021-06-30;900;45070;93;0;0;4372575;2501619;828;0;0
FR;3;2021-07-01;1160;65670;108;0;0;4373735;2567289;936;0;0
FR;3;2021-07-02;1299;90367;170;0;0;4375034;2657656;1106;0;0
FR;3;2021-07-03;600;31181;52;0;0;4375634;2688837;1158;0;0
FR;3;2021-07-04;141;4260;3;0;0;4375775;2693097;1161;0;0
FR;3;2021-07-05;608;33898;60;0;0;4376383;2726995;1221;0;0
FR;3;2021-07-06;956;56053;88;0;0;4377339;2783048;1309;0;0
FR;3;2021-07-07;869;43044;79;0;0;4378208;2826092;1388;0;0
FR;3;2021-07-08;1123;60714;99;0;0;4379331;2886806;1487;0;0
FR;3;2021-07-09;1258;68811;128;0;0;4380589;2955617;1615;0;0
FR;3;2021-07-10;639;25047;59;0;0;4381228;2980664;1674;0;0
FR;3;2021-07-11;127;3290;4;0;0;4381355;2983954;1678;0;0
FR;3;2021-07-12;659;23877;59;0;0;4382014;3007831;1737;0;0
FR;3;2021-07-13;1645;34727;90;0;0;4383659;3042558;1827;0;0
FR;3;2021-07-14;261;2632;2;0;0;4383920;3045190;1829;0;0
FR;3;2021-07-15;1932;30666;85;0;0;4385852;3075856;1914;0;0
FR;3;2021-07-16;2520;38860;122;0;0;4388372;3114716;2036;0;0
FR;3;2021-07-17;1046;13752;26;0;0;4389418;3128468;2062;0;0
FR;3;2021-07-18;262;2608;3;0;0;4389680;3131076;2065;0;0
FR;3;2021-07-19;1272;17200;37;0;0;4390952;3148276;2102;0;0
FR;3;2021-07-20;1822;27137;98;0;0;4392774;3175413;2200;0;0
FR;3;2021-07-21;1647;19715;44;0;0;4394421;3195128;2244;0;0
FR;3;2021-07-22;1847;27753;82;0;0;4396268;3222881;2326;0;0
FR;3;2021-07-23;2212;30443;117;0;0;4398480;3253324;2443;0;0
FR;3;2021-07-24;822;7010;25;0;0;4399302;3260334;2468;0;0
FR;3;2021-07-25;210;1344;1;0;0;4399512;3261678;2469;0;0
FR;3;2021-07-26;921;10711;28;0;0;4400433;3272389;2497;0;0
FR;3;2021-07-27;1165;16945;56;0;0;4401598;3289334;2553;0;0
FR;3;2021-07-28;988;12106;40;0;0;4402586;3301440;2593;0;0
FR;3;2021-07-29;1126;15847;63;0;0;4403712;3317287;2656;0;0
FR;3;2021-07-30;1125;18095;79;0;0;4404837;3335382;2735;0;0
FR;3;2021-07-31;407;3745;15;0;0;4405244;3339127;2750;0;0
FR;3;2021-08-01;113;484;1;0;0;4405357;3339611;2751;0;0
FR;3;2021-08-02;418;5156;22;0;0;4405775;3344767;2773;0;0
FR;3;2021-08-03;487;7589;27;0;0;4406262;3352356;2800;0;0
FR;3;2021-08-04;435;4888;26;0;0;4406697;3357244;2826;0;0
FR;3;2021-08-05;428;3742;12;0;0;4407125;3360986;2838;0;0
FR;3;2021-08-06;452;4793;30;0;0;4407577;3365779;2868;0;0
FR;3;2021-08-07;214;1925;11;0;0;4407791;3367704;2879;0;0
FR;3;2021-08-08;246;432;2;0;0;4408037;3368136;2881;0;0
FR;3;2021-08-09;313;2507;11;0;0;4408350;3370643;2892;0;0
FR;3;2021-08-10;361;3882;15;0;0;4408711;3374525;2907;0;0
FR;3;2021-08-11;285;2722;15;0;0;4408996;3377247;2922;0;0
FR;3;2021-08-12;276;2632;12;0;0;4409272;3379879;2934;0;0
FR;3;2021-08-13;277;2267;16;0;0;4409549;3382146;2950;0;0
FR;3;2021-08-14;169;919;1;0;0;4409718;3383065;2951;0;0
FR;3;2021-08-15;55;169;0;0;0;4409773;3383234;2951;0;0
FR;3;2021-08-16;123;1090;8;0;0;4409896;3384324;2959;0;0
FR;3;2021-08-17;186;1507;8;0;0;4410082;3385831;2967;0;0
FR;3;2021-08-18;199;1372;10;0;0;4410281;3387203;2977;0;0
FR;3;2021-08-19;165;1421;10;0;0;4410446;3388624;2987;0;0
FR;3;2021-08-20;164;1632;16;0;0;4410610;3390256;3003;0;0
FR;3;2021-08-21;93;586;2;0;0;4410703;3390842;3005;0;0
FR;3;2021-08-22;39;189;1;0;0;4410742;3391031;3006;0;0
FR;3;2021-08-23;140;929;7;0;0;4410882;3391960;3013;0;0
FR;3;2021-08-24;123;967;10;0;0;4411005;3392927;3023;0;0
FR;3;2021-08-25;136;843;2;0;0;4411141;3393770;3025;0;0
FR;3;2021-08-26;170;870;9;0;0;4411311;3394640;3034;0;0
FR;3;2021-08-27;172;965;9;0;0;4411483;3395605;3043;0;0
FR;3;2021-08-28;98;373;4;0;0;4411581;3395978;3047;0;0
FR;3;2021-08-29;126;133;1;0;0;4411707;3396111;3048;0;0
FR;3;2021-08-30;97;598;0;0;135;4411804;3396709;3048;0;135
FR;3;2021-08-31;127;715;7;0;154;4411931;3397424;3055;0;289
FR;3;2021-09-01;113;482;5;0;126;4412044;3397906;3060;0;415
FR;3;2021-09-02;99;635;22;0;122;4412143;3398541;3082;0;537
FR;3;2021-09-03;114;587;17;0;128;4412257;3399128;3099;0;665
FR;3;2021-09-04;51;298;3;0;58;4412308;3399426;3102;0;723
FR;3;2021-09-05;51;68;5;0;29;4412359;3399494;3107;0;752
FR;3;2021-09-06;113;396;4;0;144;4412472;3399890;3111;0;896
FR;3;2021-09-07;122;477;14;0;130;4412594;3400367;3125;0;1026
FR;3;2021-09-08;115;372;2;0;103;4412709;3400739;3127;0;1129
FR;3;2021-09-09;91;398;8;0;114;4412800;3401137;3135;0;1243
FR;3;2021-09-10;100;423;3;0;104;4412900;3401560;3138;0;1347
FR;3;2021-09-11;74;238;4;0;66;4412974;3401798;3142;0;1413
FR;3;2021-09-12;36;48;1;0;17;4413010;3401846;3143;0;1430
FR;3;2021-09-13;69;326;7;0;111;4413079;3402172;3150;0;1541
FR;3;2021-09-14;69;294;6;0;108;4413148;3402466;3156;0;1649
FR;3;2021-09-15;59;266;3;0;6;4413207;3402732;3159;0;1655
FR;3;2021-09-16;59;342;5;0;5;4413266;3403074;3164;0;1660
FR;3;2021-09-17;49;350;3;0;7;4413315;3403424;3167;0;1667
FR;3;2021-09-18;35;174;1;0;1;4413350;3403598;3168;0;1668
FR;3;2021-09-19;27;32;2;0;1;4413377;3403630;3170;0;1669
FR;3;2021-09-20;79;213;0;0;1;4413456;3403843;3170;0;1670
FR;3;2021-09-21;56;288;6;0;7;4413512;3404131;3176;0;1677
FR;3;2021-09-22;63;230;6;0;7;4413575;3404361;3182;0;1684
FR;3;2021-09-23;34;274;11;0;7;4413609;3404635;3193;0;1691
FR;3;2021-09-24;24;323;12;0;19;4413633;3404958;3205;0;1710
FR;3;2021-09-25;29;153;3;0;3;4413662;3405111;3208;0;1713
FR;3;2021-09-26;15;55;1;0;1;4413677;3405166;3209;0;1714
FR;3;2021-09-27;39;291;3;0;5;4413716;3405457;3212;0;1719
FR;3;2021-09-28;49;255;6;0;10;4413765;3405712;3218;0;1729
FR;3;2021-09-29;34;222;10;0;13;4413799;3405934;3228;0;1742
FR;3;2021-09-30;38;199;8;0;10;4413837;3406133;3236;0;1752
FR;3;2021-10-01;17;170;5;0;6;4413854;3406303;3241;0;1758
FR;3;2021-10-02;14;91;0;0;0;4413868;3406394;3241;0;1758
FR;3;2021-10-03;18;20;1;0;2;4413886;3406414;3242;0;1760
FR;3;2021-10-04;30;162;4;0;4;4413916;3406576;3246;0;1764
FR;3;2021-10-05;16;155;10;0;13;4413932;3406731;3256;0;1777
FR;3;2021-10-06;30;158;7;0;8;4413962;3406889;3263;0;1785
FR;3;2021-10-07;17;144;6;0;6;4413979;3407033;3269;0;1791
FR;3;2021-10-08;22;144;10;0;9;4414001;3407177;3279;0;1800
FR;3;2021-10-09;12;73;1;0;1;4414013;3407250;3280;0;1801
FR;3;2021-10-10;9;16;2;0;2;4414022;3407266;3282;0;1803
FR;3;2021-10-11;14;124;4;0;5;4414036;3407390;3286;0;1808
FR;3;2021-10-12;16;117;4;0;4;4414052;3407507;3290;0;1812
FR;3;2021-10-13;23;122;7;0;5;4414075;3407629;3297;0;1817
FR;3;2021-10-14;16;161;3;0;4;4414091;3407790;3300;0;1821
FR;3;2021-10-15;21;156;8;0;11;4414112;3407946;3308;0;1832
FR;3;2021-10-16;10;81;6;0;8;4414122;3408027;3314;0;1840
FR;3;2021-10-17;9;24;0;0;0;4414131;3408051;3314;0;1840
FR;3;2021-10-18;17;129;2;0;1;4414148;3408180;3316;0;1841
FR;3;2021-10-19;16;127;19;0;21;4414164;3408307;3335;0;1862
FR;3;2021-10-20;20;132;5;0;6;4414184;3408439;3340;0;1868
FR;3;2021-10-21;23;138;17;0;13;4414207;3408577;3357;0;1881
FR;3;2021-10-22;17;129;16;0;20;4414224;3408706;3373;0;1901
FR;3;2021-10-23;12;58;2;0;1;4414236;3408764;3375;0;1902
FR;3;2021-10-24;7;29;0;0;0;4414243;3408793;3375;0;1902
FR;3;2021-10-25;22;153;6;0;6;4414265;3408946;3381;0;1908
FR;3;2021-10-26;18;115;22;0;19;4414283;3409061;3403;0;1927
FR;3;2021-10-27;15;119;9;0;9;4414298;3409180;3412;0;1936
FR;3;2021-10-28;20;127;33;0;36;4414318;3409307;3445;0;1972
FR;3;2021-10-29;10;126;64;0;54;4414328;3409433;3509;0;2026
FR;3;2021-10-30;8;69;11;1;10;4414336;3409502;3520;1;2036
FR;3;2021-10-31;5;22;1;0;1;4414341;3409524;3521;1;2037
FR;3;2021-11-01;6;22;2;0;1;4414347;3409546;3523;1;2038
FR;3;2021-11-02;9;108;8;0;10;4414356;3409654;3531;1;2048
FR;3;2021-11-03;19;123;10;0;10;4414375;3409777;3541;1;2058
FR;3;2021-11-04;16;99;4;0;3;4414391;3409876;3545;1;2061
FR;3;2021-11-05;17;145;8;1;5;4414408;3410021;3553;2;2066
FR;3;2021-11-06;6;67;3;0;3;4414414;3410088;3556;2;2069
FR;3;2021-11-07;6;21;1;0;1;4414420;3410109;3557;2;2070
FR;3;2021-11-08;11;143;7;0;5;4414431;3410252;3564;2;2075
FR;3;2021-11-09;10;151;5;0;5;4414441;3410403;3569;2;2080
FR;3;2021-11-10;11;187;13;0;15;4414452;3410590;3582;2;2095
FR;3;2021-11-11;8;53;3;0;3;4414460;3410643;3585;2;2098
FR;3;2021-11-12;9;160;6;0;4;4414469;3410803;3591;2;2102
FR;3;2021-11-13;5;79;8;0;10;4414474;3410882;3599;2;2112
FR;3;2021-11-14;2;20;0;0;0;4414476;3410902;3599;2;2112
FR;3;2021-11-15;4;194;9;0;9;4414480;3411096;3608;2;2121
FR;3;2021-11-16;2;168;11;0;10;4414482;3411264;3619;2;2131
FR;3;2021-11-17;5;183;10;0;7;4414487;3411447;3629;2;2138
FR;3;2021-11-18;10;180;10;0;11;4414497;3411627;3639;2;2149
FR;3;2021-11-19;6;234;22;0;27;4414503;3411861;3661;2;2176
FR;3;2021-11-20;6;117;5;0;5;4414509;3411978;3666;2;2181
FR;3;2021-11-21;3;27;3;0;3;4414512;3412005;3669;2;2184
FR;3;2021-11-22;10;238;10;0;10;4414522;3412243;3679;2;2194
FR;3;2021-11-23;6;234;15;0;14;4414528;3412477;3694;2;2208
FR;3;2021-11-24;5;244;9;0;17;4414533;3412721;3703;2;2225
FR;3;2021-11-25;9;287;11;0;10;4414542;3413008;3714;2;2235
FR;3;2021-11-26;5;371;34;0;31;4414547;3413379;3748;2;2266
FR;3;2021-11-27;8;175;19;0;20;4414555;3413554;3767;2;2286
FR;3;2021-11-28;3;65;7;0;7;4414558;3413619;3774;2;2293
FR;3;2021-11-29;4;327;19;0;20;4414562;3413946;3793;2;2313
FR;3;2021-11-30;5;419;26;0;29;4414567;3414365;3819;2;2342
FR;3;2021-12-01;18;469;32;0;33;4414585;3414834;3851;2;2375
FR;3;2021-12-02;9;497;33;0;36;4414594;3415331;3884;2;2411
FR;3;2021-12-03;3;568;37;0;38;4414597;3415899;3921;2;2449
FR;3;2021-12-04;3;282;26;0;28;4414600;3416181;3947;2;2477
FR;3;2021-12-05;1;83;5;0;5;4414601;3416264;3952;2;2482
FR;3;2021-12-06;5;511;14;0;16;4414606;3416775;3966;2;2498
FR;3;2021-12-07;4;610;20;0;24;4414610;3417385;3986;2;2522
FR;3;2021-12-08;3;539;29;0;30;4414613;3417924;4015;2;2552
FR;3;2021-12-09;3;589;17;0;22;4414616;3418513;4032;2;2574
FR;3;2021-12-10;9;635;29;0;25;4414625;3419148;4061;2;2599
FR;3;2021-12-11;4;390;10;0;9;4414629;3419538;4071;2;2608
FR;3;2021-12-12;1;121;3;0;3;4414630;3419659;4074;2;2611
FR;3;2021-12-13;2;599;19;0;21;4414632;3420258;4093;2;2632
FR;3;2021-12-14;7;759;18;0;21;4414639;3421017;4111;2;2653
FR;3;2021-12-15;9;725;17;0;21;4414648;3421742;4128;2;2674
FR;3;2021-12-16;9;733;19;0;18;4414657;3422475;4147;2;2692
FR;3;2021-12-17;4;797;18;0;19;4414661;3423272;4165;2;2711
FR;3;2021-12-18;4;413;4;0;5;4414665;3423685;4169;2;2716
FR;3;2021-12-19;3;206;2;0;2;4414668;3423891;4171;2;2718
FR;3;2021-12-20;8;723;23;0;28;4414676;3424614;4194;2;2746
FR;3;2021-12-21;3;811;10;0;13;4414679;3425425;4204;2;2759
FR;3;2021-12-22;6;759;9;0;10;4414685;3426184;4213;2;2769
FR;3;2021-12-23;1;651;9;0;8;4414686;3426835;4222;2;2777
FR;3;2021-12-24;2;272;3;0;6;4414688;3427107;4225;2;2783
FR;3;2021-12-25;0;25;0;0;0;4414688;3427132;4225;2;2783
FR;3;2021-12-26;0;95;1;0;1;4414688;3427227;4226;2;2784
FR;3;2021-12-27;7;543;17;0;19;4414695;3427770;4243;2;2803
FR;3;2021-12-28;1;690;6;0;5;4414696;3428460;4249;2;2808
FR;3;2021-12-29;4;575;14;0;16;4414700;3429035;4263;2;2824
FR;3;2021-12-30;1;600;7;0;10;4414701;3429635;4270;2;2834
FR;3;2021-12-31;0;205;5;0;6;4414701;3429840;4275;2;2840
FR;3;2022-01-01;0;27;0;0;2;4414701;3429867;4275;2;2842
FR;3;2022-01-02;0;82;0;0;0;4414701;3429949;4275;2;2842
FR;3;2022-01-03;3;564;17;0;20;4414704;3430513;4292;2;2862
FR;3;2022-01-04;6;623;9;0;8;4414710;3431136;4301;2;2870
FR;3;2022-01-05;4;553;10;0;14;4414714;3431689;4311;2;2884
FR;3;2022-01-06;5;548;9;0;12;4414719;3432237;4320;2;2896
FR;3;2022-01-07;2;576;11;0;14;4414721;3432813;4331;2;2910
FR;3;2022-01-08;2;285;4;0;5;4414723;3433098;4335;2;2915
FR;3;2022-01-09;0;118;0;0;0;4414723;3433216;4335;2;2915
FR;3;2022-01-10;2;479;12;0;12;4414725;3433695;4347;2;2927
FR;3;2022-01-11;2;532;1;0;1;4414727;3434227;4348;2;2928
FR;3;2022-01-12;2;445;9;0;10;4414729;3434672;4357;2;2938
FR;3;2022-01-13;3;425;11;0;12;4414732;3435097;4368;2;2950
FR;3;2022-01-14;3;477;10;0;12;4414735;3435574;4378;2;2962
FR;3;2022-01-15;0;298;2;0;3;4414735;3435872;4380;2;2965
FR;3;2022-01-16;0;116;1;0;1;4414735;3435988;4381;2;2966
FR;3;2022-01-17;2;351;8;0;10;4414737;3436339;4389;2;2976
FR;3;2022-01-18;2;414;1;0;2;4414739;3436753;4390;2;2978
FR;3;2022-01-19;1;349;5;0;10;4414740;3437102;4395;2;2988
FR;3;2022-01-20;1;379;5;0;3;4414741;3437481;4400;2;2991
FR;3;2022-01-21;2;375;5;0;8;4414743;3437856;4405;2;2999
FR;3;2022-01-22;2;232;1;0;2;4414745;3438088;4406;2;3001
FR;3;2022-01-23;0;82;0;0;1;4414745;3438170;4406;2;3002
FR;3;2022-01-24;2;351;1;0;6;4414747;3438521;4407;2;3008
FR;3;2022-01-25;0;192;0;0;0;4414747;3438713;4407;2;3008
FR;3;2022-01-26;0;89;0;0;0;4414747;3438802;4407;2;3008
FR;3;2022-01-27;0;59;0;0;0;4414747;3438861;4407;2;3008
FR;3;2022-01-28;0;134;0;0;0;4414747;3438995;4407;2;3008
FR;3;2022-01-29;0;110;0;0;0;4414747;3439105;4407;2;3008
FR;3;2022-01-30;0;51;0;0;0;4414747;3439156;4407;2;3008
FR;3;2022-01-31;0;98;0;0;0;4414747;3439254;4407;2;3008
FR;3;2022-02-01;0;108;0;0;1;4414747;3439362;4407;2;3009
FR;3;2022-02-02;0;97;0;0;0;4414747;3439459;4407;2;3009
FR;3;2022-02-03;0;101;0;0;0;4414747;3439560;4407;2;3009
FR;3;2022-02-04;0;124;0;0;0;4414747;3439684;4407;2;3009
FR;3;2022-02-05;0;73;0;0;0;4414747;3439757;4407;2;3009
FR;3;2022-02-06;0;11;0;0;0;4414747;3439768;4407;2;3009
FR;3;2022-02-07;0;89;0;0;1;4414747;3439857;4407;2;3010
FR;3;2022-02-08;0;0;0;0;0;4414747;3439857;4407;2;3010
FR;3;2022-02-09;0;0;0;0;0;4414747;3439857;4407;2;3010
FR;3;2022-02-10;0;0;0;0;0;4414747;3439857;4407;2;3010
FR;3;2022-02-11;0;0;0;0;0;4414747;3439857;4407;2;3010
FR;3;2022-02-12;0;0;0;0;0;4414747;3439857;4407;2;3010
FR;3;2022-02-13;0;0;0;0;0;4414747;3439857;4407;2;3010
FR;3;2022-02-14;0;0;0;0;0;4414747;3439857;4407;2;3010
FR;3;2022-02-15;0;0;0;0;0;4414747;3439857;4407;2;3010
FR;3;2022-02-16;0;0;0;0;0;4414747;3439857;4407;2;3010
FR;3;2022-02-17;0;0;0;0;0;4414747;3439857;4407;2;3010
FR;3;2022-02-18;0;0;0;0;0;4414747;3439857;4407;2;3010
FR;3;2022-02-19;0;0;0;0;0;4414747;3439857;4407;2;3010
FR;3;2022-02-20;0;0;0;0;0;4414747;3439857;4407;2;3010
FR;3;2022-02-21;2;0;0;0;0;4414749;3439857;4407;2;3010
FR;3;2022-02-22;0;0;0;0;0;4414749;3439857;4407;2;3010
FR;3;2022-02-23;0;0;0;0;0;4414749;3439857;4407;2;3010
FR;3;2022-02-24;0;0;0;0;0;4414749;3439857;4407;2;3010
FR;3;2022-02-25;0;0;0;0;0;4414749;3439857;4407;2;3010
FR;3;2022-02-26;0;0;0;0;0;4414749;3439857;4407;2;3010
FR;3;2022-02-27;0;0;0;0;0;4414749;3439857;4407;2;3010
FR;3;2022-02-28;1;0;0;0;0;4414750;3439857;4407;2;3010
FR;3;2022-03-01;1;0;0;0;0;4414751;3439857;4407;2;3010
FR;3;2022-03-02;0;0;0;0;0;4414751;3439857;4407;2;3010
FR;3;2022-03-03;0;0;0;0;0;4414751;3439857;4407;2;3010
FR;3;2022-03-04;0;0;0;0;0;4414751;3439857;4407;2;3010
FR;3;2022-03-05;0;0;0;0;0;4414751;3439857;4407;2;3010
FR;3;2022-03-06;1;0;0;0;0;4414752;3439857;4407;2;3010
FR;3;2022-03-07;0;0;0;0;0;4414752;3439857;4407;2;3010
FR;3;2022-03-08;1;0;0;0;0;4414753;3439857;4407;2;3010
FR;3;2022-03-09;0;0;0;0;0;4414753;3439857;4407;2;3010
FR;3;2022-03-10;0;0;0;0;0;4414753;3439857;4407;2;3010
FR;3;2022-03-11;0;0;0;0;0;4414753;3439857;4407;2;3010
FR;3;2022-03-12;0;0;0;0;0;4414753;3439857;4407;2;3010
FR;3;2022-03-13;0;0;0;0;0;4414753;3439857;4407;2;3010
FR;3;2022-03-14;0;0;0;0;0;4414753;3439857;4407;2;3010
FR;3;2022-03-15;0;0;0;0;0;4414753;3439857;4407;2;3010
FR;3;2022-03-16;0;0;0;0;0;4414753;3439857;4407;2;3010
FR;3;2022-03-17;0;0;0;0;0;4414753;3439857;4407;2;3010
FR;3;2022-03-18;0;0;0;0;0;4414753;3439857;4407;2;3010
FR;3;2022-03-19;0;0;0;0;0;4414753;3439857;4407;2;3010
FR;3;2022-03-20;1;0;0;0;0;4414754;3439857;4407;2;3010
FR;3;2022-03-21;0;0;0;0;0;4414754;3439857;4407;2;3010
FR;3;2022-03-22;0;0;0;0;0;4414754;3439857;4407;2;3010
FR;3;2022-03-23;1;0;0;0;0;4414755;3439857;4407;2;3010
FR;3;2022-03-24;0;0;0;0;0;4414755;3439857;4407;2;3010
FR;3;2022-03-25;1;0;0;0;0;4414756;3439857;4407;2;3010
FR;3;2022-03-26;0;0;0;0;0;4414756;3439857;4407;2;3010
FR;3;2022-03-27;0;0;0;0;0;4414756;3439857;4407;2;3010
FR;3;2022-03-28;0;0;0;0;0;4414756;3439857;4407;2;3010
FR;3;2022-03-29;0;0;0;0;0;4414756;3439857;4407;2;3010
FR;3;2022-03-30;0;0;0;0;0;4414756;3439857;4407;2;3010
FR;3;2022-03-31;0;0;0;0;0;4414756;3439857;4407;2;3010
FR;3;2022-04-01;0;0;0;0;0;4414756;3439857;4407;2;3010
FR;3;2022-04-02;0;0;0;0;0;4414756;3439857;4407;2;3010
FR;3;2022-04-03;0;0;0;0;0;4414756;3439857;4407;2;3010
FR;3;2022-04-04;0;0;0;0;0;4414756;3439857;4407;2;3010
FR;3;2022-04-05;0;0;0;0;0;4414756;3439857;4407;2;3010
FR;3;2022-04-06;0;0;0;0;0;4414756;3439857;4407;2;3010
FR;3;2022-04-07;0;0;0;0;0;4414756;3439857;4407;2;3010
FR;3;2022-04-08;0;0;0;0;0;4414756;3439857;4407;2;3010
FR;3;2022-04-09;0;0;0;0;0;4414756;3439857;4407;2;3010
FR;3;2022-04-10;0;0;0;0;0;4414756;3439857;4407;2;3010
FR;3;2022-04-11;0;0;0;0;0;4414756;3439857;4407;2;3010
FR;3;2022-04-12;0;0;0;0;0;4414756;3439857;4407;2;3010
FR;3;2022-04-13;0;0;0;0;0;4414756;3439857;4407;2;3010
FR;3;2022-04-14;0;0;0;0;0;4414756;3439857;4407;2;3010
FR;3;2022-04-15;1;0;0;0;0;4414757;3439857;4407;2;3010
FR;3;2022-04-16;0;0;0;0;0;4414757;3439857;4407;2;3010
FR;3;2022-04-17;0;0;0;0;0;4414757;3439857;4407;2;3010
FR;3;2022-04-18;0;0;0;0;0;4414757;3439857;4407;2;3010
FR;3;2022-04-19;0;0;0;0;0;4414757;3439857;4407;2;3010
FR;3;2022-04-20;0;0;0;0;0;4414757;3439857;4407;2;3010
FR;3;2022-04-21;0;0;0;0;0;4414757;3439857;4407;2;3010
FR;3;2022-04-22;0;0;0;0;0;4414757;3439857;4407;2;3010
FR;3;2022-04-23;0;0;0;0;0;4414757;3439857;4407;2;3010
FR;3;2022-04-24;0;0;0;0;0;4414757;3439857;4407;2;3010
FR;3;2022-04-25;0;0;0;0;0;4414757;3439857;4407;2;3010
FR;3;2022-04-26;0;0;0;0;0;4414757;3439857;4407;2;3010
FR;3;2022-04-27;0;0;0;0;0;4414757;3439857;4407;2;3010
FR;3;2022-04-28;0;0;0;0;0;4414757;3439857;4407;2;3010
FR;3;2022-04-29;0;0;0;0;0;4414757;3439857;4407;2;3010
FR;3;2022-04-30;0;0;0;0;0;4414757;3439857;4407;2;3010
FR;3;2022-05-01;0;0;0;0;0;4414757;3439857;4407;2;3010
FR;3;2022-05-02;0;0;0;0;0;4414757;3439857;4407;2;3010
FR;3;2022-05-03;0;0;0;0;0;4414757;3439857;4407;2;3010
FR;3;2022-05-04;0;0;0;0;0;4414757;3439857;4407;2;3010
FR;3;2022-05-05;0;0;0;0;0;4414757;3439857;4407;2;3010
FR;3;2022-05-06;0;0;0;0;0;4414757;3439857;4407;2;3010
FR;3;2022-05-07;0;0;0;0;0;4414757;3439857;4407;2;3010
FR;3;2022-05-08;0;0;0;0;0;4414757;3439857;4407;2;3010
FR;3;2022-05-09;0;0;0;0;0;4414757;3439857;4407;2;3010
FR;3;2022-05-10;0;0;0;0;0;4414757;3439857;4407;2;3010
FR;3;2022-05-11;0;0;0;0;0;4414757;3439857;4407;2;3010
FR;4;2020-12-27;0;0;0;0;0;0;0;0;0;0
FR;4;2020-12-28;0;0;0;0;0;0;0;0;0;0
FR;4;2020-12-29;0;0;0;0;0;0;0;0;0;0
FR;4;2020-12-30;0;0;0;0;0;0;0;0;0;0
FR;4;2020-12-31;0;0;0;0;0;0;0;0;0;0
FR;4;2021-01-01;0;0;0;0;0;0;0;0;0;0
FR;4;2021-01-02;0;0;0;0;0;0;0;0;0;0
FR;4;2021-01-03;0;0;0;0;0;0;0;0;0;0
FR;4;2021-01-04;0;0;0;0;0;0;0;0;0;0
FR;4;2021-01-05;0;0;0;0;0;0;0;0;0;0
FR;4;2021-01-06;0;0;0;0;0;0;0;0;0;0
FR;4;2021-01-07;0;0;0;0;0;0;0;0;0;0
FR;4;2021-01-08;0;0;0;0;0;0;0;0;0;0
FR;4;2021-01-09;0;0;0;0;0;0;0;0;0;0
FR;4;2021-01-10;0;0;0;0;0;0;0;0;0;0
FR;4;2021-01-11;0;0;0;0;0;0;0;0;0;0
FR;4;2021-01-12;0;0;0;0;0;0;0;0;0;0
FR;4;2021-01-13;0;0;0;0;0;0;0;0;0;0
FR;4;2021-01-14;0;0;0;0;0;0;0;0;0;0
FR;4;2021-01-15;0;0;0;0;0;0;0;0;0;0
FR;4;2021-01-16;0;0;0;0;0;0;0;0;0;0
FR;4;2021-01-17;0;0;0;0;0;0;0;0;0;0
FR;4;2021-01-18;0;0;0;0;0;0;0;0;0;0
FR;4;2021-01-19;0;0;0;0;0;0;0;0;0;0
FR;4;2021-01-20;0;0;0;0;0;0;0;0;0;0
FR;4;2021-01-21;0;0;0;0;0;0;0;0;0;0
FR;4;2021-01-22;0;0;0;0;0;0;0;0;0;0
FR;4;2021-01-23;0;0;0;0;0;0;0;0;0;0
FR;4;2021-01-24;0;0;0;0;0;0;0;0;0;0
FR;4;2021-01-25;0;0;0;0;0;0;0;0;0;0
FR;4;2021-01-26;0;0;0;0;0;0;0;0;0;0
FR;4;2021-01-27;0;0;0;0;0;0;0;0;0;0
FR;4;2021-01-28;0;0;0;0;0;0;0;0;0;0
FR;4;2021-01-29;0;0;0;0;0;0;0;0;0;0
FR;4;2021-01-30;0;0;0;0;0;0;0;0;0;0
FR;4;2021-01-31;0;0;0;0;0;0;0;0;0;0
FR;4;2021-02-01;0;0;0;0;0;0;0;0;0;0
FR;4;2021-02-02;0;0;0;0;0;0;0;0;0;0
FR;4;2021-02-03;0;0;0;0;0;0;0;0;0;0
FR;4;2021-02-04;0;0;0;0;0;0;0;0;0;0
FR;4;2021-02-05;0;0;0;0;0;0;0;0;0;0
FR;4;2021-02-06;0;0;0;0;0;0;0;0;0;0
FR;4;2021-02-07;0;0;0;0;0;0;0;0;0;0
FR;4;2021-02-08;0;0;0;0;0;0;0;0;0;0
FR;4;2021-02-09;0;0;0;0;0;0;0;0;0;0
FR;4;2021-02-10;0;0;0;0;0;0;0;0;0;0
FR;4;2021-02-11;0;0;0;0;0;0;0;0;0;0
FR;4;2021-02-12;0;0;0;0;0;0;0;0;0;0
FR;4;2021-02-13;0;0;0;0;0;0;0;0;0;0
FR;4;2021-02-14;0;0;0;0;0;0;0;0;0;0
FR;4;2021-02-15;0;0;0;0;0;0;0;0;0;0
FR;4;2021-02-16;0;0;0;0;0;0;0;0;0;0
FR;4;2021-02-17;0;0;0;0;0;0;0;0;0;0
FR;4;2021-02-18;0;0;0;0;0;0;0;0;0;0
FR;4;2021-02-19;0;0;0;0;0;0;0;0;0;0
FR;4;2021-02-20;0;0;0;0;0;0;0;0;0;0
FR;4;2021-02-21;0;0;0;0;0;0;0;0;0;0
FR;4;2021-02-22;0;0;0;0;0;0;0;0;0;0
FR;4;2021-02-23;0;0;0;0;0;0;0;0;0;0
FR;4;2021-02-24;0;0;0;0;0;0;0;0;0;0
FR;4;2021-02-25;0;0;0;0;0;0;0;0;0;0
FR;4;2021-02-26;0;0;0;0;0;0;0;0;0;0
FR;4;2021-02-27;0;0;0;0;0;0;0;0;0;0
FR;4;2021-02-28;0;0;0;0;0;0;0;0;0;0
FR;4;2021-03-01;0;0;0;0;0;0;0;0;0;0
FR;4;2021-03-02;0;0;0;0;0;0;0;0;0;0
FR;4;2021-03-03;0;0;0;0;0;0;0;0;0;0
FR;4;2021-03-04;0;0;0;0;0;0;0;0;0;0
FR;4;2021-03-05;0;0;0;0;0;0;0;0;0;0
FR;4;2021-03-06;0;0;0;0;0;0;0;0;0;0
FR;4;2021-03-07;0;0;0;0;0;0;0;0;0;0
FR;4;2021-03-08;0;0;0;0;0;0;0;0;0;0
FR;4;2021-03-09;0;0;0;0;0;0;0;0;0;0
FR;4;2021-03-10;0;0;0;0;0;0;0;0;0;0
FR;4;2021-03-11;0;0;0;0;0;0;0;0;0;0
FR;4;2021-03-12;0;0;0;0;0;0;0;0;0;0
FR;4;2021-03-13;0;0;0;0;0;0;0;0;0;0
FR;4;2021-03-14;0;0;0;0;0;0;0;0;0;0
FR;4;2021-03-15;0;0;0;0;0;0;0;0;0;0
FR;4;2021-03-16;0;0;0;0;0;0;0;0;0;0
FR;4;2021-03-17;0;0;0;0;0;0;0;0;0;0
FR;4;2021-03-18;0;0;0;0;0;0;0;0;0;0
FR;4;2021-03-19;0;0;0;0;0;0;0;0;0;0
FR;4;2021-03-20;0;0;0;0;0;0;0;0;0;0
FR;4;2021-03-21;0;0;0;0;0;0;0;0;0;0
FR;4;2021-03-22;0;0;0;0;0;0;0;0;0;0
FR;4;2021-03-23;0;0;0;0;0;0;0;0;0;0
FR;4;2021-03-24;0;0;0;0;0;0;0;0;0;0
FR;4;2021-03-25;0;0;0;0;0;0;0;0;0;0
FR;4;2021-03-26;0;0;0;0;0;0;0;0;0;0
FR;4;2021-03-27;0;0;0;0;0;0;0;0;0;0
FR;4;2021-03-28;0;0;0;0;0;0;0;0;0;0
FR;4;2021-03-29;0;0;0;0;0;0;0;0;0;0
FR;4;2021-03-30;0;0;0;0;0;0;0;0;0;0
FR;4;2021-03-31;0;0;0;0;0;0;0;0;0;0
FR;4;2021-04-01;0;0;0;0;0;0;0;0;0;0
FR;4;2021-04-02;0;0;0;0;0;0;0;0;0;0
FR;4;2021-04-03;0;0;0;0;0;0;0;0;0;0
FR;4;2021-04-04;0;0;0;0;0;0;0;0;0;0
FR;4;2021-04-05;0;0;0;0;0;0;0;0;0;0
FR;4;2021-04-06;0;0;0;0;0;0;0;0;0;0
FR;4;2021-04-07;0;0;0;0;0;0;0;0;0;0
FR;4;2021-04-08;0;0;0;0;0;0;0;0;0;0
FR;4;2021-04-09;0;0;0;0;0;0;0;0;0;0
FR;4;2021-04-10;0;0;0;0;0;0;0;0;0;0
FR;4;2021-04-11;0;0;0;0;0;0;0;0;0;0
FR;4;2021-04-12;0;0;0;0;0;0;0;0;0;0
FR;4;2021-04-13;0;0;0;0;0;0;0;0;0;0
FR;4;2021-04-14;0;0;0;0;0;0;0;0;0;0
FR;4;2021-04-15;0;0;0;0;0;0;0;0;0;0
FR;4;2021-04-16;0;0;0;0;0;0;0;0;0;0
FR;4;2021-04-17;0;0;0;0;0;0;0;0;0;0
FR;4;2021-04-18;0;0;0;0;0;0;0;0;0;0
FR;4;2021-04-19;0;0;0;0;0;0;0;0;0;0
FR;4;2021-04-20;0;0;0;0;0;0;0;0;0;0
FR;4;2021-04-21;0;0;0;0;0;0;0;0;0;0
FR;4;2021-04-22;0;0;0;0;0;0;0;0;0;0
FR;4;2021-04-23;4028;0;0;0;0;4028;0;0;0;0
FR;4;2021-04-24;1569;0;0;0;0;5597;0;0;0;0
FR;4;2021-04-25;125;0;0;0;0;5722;0;0;0;0
FR;4;2021-04-26;2869;1;0;0;0;8591;1;0;0;0
FR;4;2021-04-27;9519;3;0;0;0;18110;4;0;0;0
FR;4;2021-04-28;9904;6;0;0;0;28014;10;0;0;0
FR;4;2021-04-29;15991;8;0;0;0;44005;18;0;0;0
FR;4;2021-04-30;19228;10;0;0;0;63233;28;0;0;0
FR;4;2021-05-01;1992;6;0;0;0;65225;34;0;0;0
FR;4;2021-05-02;482;0;0;0;0;65707;34;0;0;0
FR;4;2021-05-03;5057;2;0;0;0;70764;36;0;0;0
FR;4;2021-05-04;8397;10;0;0;0;79161;46;0;0;0
FR;4;2021-05-05;6181;7;0;0;0;85342;53;0;0;0
FR;4;2021-05-06;11378;11;0;0;0;96720;64;0;0;0
FR;4;2021-05-07;19118;9;0;0;0;115838;73;0;0;0
FR;4;2021-05-08;2377;6;0;0;0;118215;79;0;0;0
FR;4;2021-05-09;685;3;0;0;0;118900;82;0;0;0
FR;4;2021-05-10;7239;5;1;0;0;126139;87;1;0;0
FR;4;2021-05-11;14313;12;0;0;0;140452;99;1;0;0
FR;4;2021-05-12;10158;15;0;0;0;150610;114;1;0;0
FR;4;2021-05-13;1578;3;0;0;0;152188;117;1;0;0
FR;4;2021-05-14;7757;6;0;0;0;159945;123;1;0;0
FR;4;2021-05-15;3717;8;1;0;0;163662;131;2;0;0
FR;4;2021-05-16;417;1;0;0;0;164079;132;2;0;0
FR;4;2021-05-17;4475;6;0;0;0;168554;138;2;0;0
FR;4;2021-05-18;8750;10;0;0;0;177304;148;2;0;0
FR;4;2021-05-19;5690;7;0;0;0;182994;155;2;0;0
FR;4;2021-05-20;9476;7;0;0;0;192470;162;2;0;0
FR;4;2021-05-21;12787;29;0;0;0;205257;191;2;0;0
FR;4;2021-05-22;5057;15;0;0;0;210314;206;2;0;0
FR;4;2021-05-23;494;4;0;0;0;210808;210;2;0;0
FR;4;2021-05-24;1054;7;0;0;0;211862;217;2;0;0
FR;4;2021-05-25;7618;16;0;0;0;219480;233;2;0;0
FR;4;2021-05-26;7722;16;0;0;0;227202;249;2;0;0
FR;4;2021-05-27;14330;35;0;0;0;241532;284;2;0;0
FR;4;2021-05-28;26580;82;1;0;0;268112;366;3;0;0
FR;4;2021-05-29;11380;18;0;0;0;279492;384;3;0;0
FR;4;2021-05-30;971;6;0;0;0;280463;390;3;0;0
FR;4;2021-05-31;12685;21;0;0;0;293148;411;3;0;0
FR;4;2021-06-01;20248;46;1;0;0;313396;457;4;0;0
FR;4;2021-06-02;14515;33;0;0;0;327911;490;4;0;0
FR;4;2021-06-03;19408;24;1;0;0;347319;514;5;0;0
FR;4;2021-06-04;22507;47;0;0;0;369826;561;5;0;0
FR;4;2021-06-05;9712;32;0;0;0;379538;593;5;0;0
FR;4;2021-06-06;1038;1;0;0;0;380576;594;5;0;0
FR;4;2021-06-07;9225;19;0;0;0;389801;613;5;0;0
FR;4;2021-06-08;14606;31;0;0;0;404407;644;5;0;0
FR;4;2021-06-09;12201;25;0;0;0;416608;669;5;0;0
FR;4;2021-06-10;15397;30;0;0;0;432005;699;5;0;0
FR;4;2021-06-11;16978;56;0;0;0;448983;755;5;0;0
FR;4;2021-06-12;7444;27;0;0;0;456427;782;5;0;0
FR;4;2021-06-13;908;2;0;0;0;457335;784;5;0;0
FR;4;2021-06-14;6648;25;0;0;0;463983;809;5;0;0
FR;4;2021-06-15;10881;37;0;0;0;474864;846;5;0;0
FR;4;2021-06-16;8904;15;0;0;0;483768;861;5;0;0
FR;4;2021-06-17;10896;36;0;0;0;494664;897;5;0;0
FR;4;2021-06-18;12418;45;0;0;0;507082;942;5;0;0
FR;4;2021-06-19;5566;25;0;0;0;512648;967;5;0;0
FR;4;2021-06-20;817;5;0;0;0;513465;972;5;0;0
FR;4;2021-06-21;5080;20;0;0;0;518545;992;5;0;0
FR;4;2021-06-22;7905;28;2;0;0;526450;1020;7;0;0
FR;4;2021-06-23;7089;39;2;0;0;533539;1059;9;0;0
FR;4;2021-06-24;8645;45;1;0;0;542184;1104;10;0;0
FR;4;2021-06-25;10172;39;2;0;0;552356;1143;12;0;0
FR;4;2021-06-26;4841;21;0;0;0;557197;1164;12;0;0
FR;4;2021-06-27;760;3;0;0;0;557957;1167;12;0;0
FR;4;2021-06-28;4819;16;1;0;0;562776;1183;13;0;0
FR;4;2021-06-29;7096;27;2;0;0;569872;1210;15;0;0
FR;4;2021-06-30;6705;39;2;0;0;576577;1249;17;0;0
FR;4;2021-07-01;8188;40;0;0;0;584765;1289;17;0;0
FR;4;2021-07-02;9411;52;1;0;0;594176;1341;18;0;0
FR;4;2021-07-03;4843;19;0;0;0;599019;1360;18;0;0
FR;4;2021-07-04;686;5;0;0;0;599705;1365;18;0;0
FR;4;2021-07-05;4765;19;2;0;0;604470;1384;20;0;0
FR;4;2021-07-06;7716;28;4;0;0;612186;1412;24;0;0
FR;4;2021-07-07;7067;34;2;0;0;619253;1446;26;0;0
FR;4;2021-07-08;9218;40;2;0;0;628471;1486;28;0;0
FR;4;2021-07-09;10274;34;1;0;0;638745;1520;29;0;0
FR;4;2021-07-10;4636;14;2;0;0;643381;1534;31;0;0
FR;4;2021-07-11;582;4;1;0;0;643963;1538;32;0;0
FR;4;2021-07-12;5867;29;0;0;0;649830;1567;32;0;0
FR;4;2021-07-13;14229;29;0;0;0;664059;1596;32;0;0
FR;4;2021-07-14;2282;14;0;0;0;666341;1610;32;0;0
FR;4;2021-07-15;18229;36;0;0;0;684570;1646;32;0;0
FR;4;2021-07-16;22816;70;2;0;0;707386;1716;34;0;0
FR;4;2021-07-17;9734;20;0;0;0;717120;1736;34;0;0
FR;4;2021-07-18;1354;4;0;0;0;718474;1740;34;0;0
FR;4;2021-07-19;12977;28;1;0;0;731451;1768;35;0;0
FR;4;2021-07-20;17330;26;1;0;0;748781;1794;36;0;0
FR;4;2021-07-21;15604;33;0;0;0;764385;1827;36;0;0
FR;4;2021-07-22;18236;44;2;0;0;782621;1871;38;0;0
FR;4;2021-07-23;20404;58;7;0;0;803025;1929;45;0;0
FR;4;2021-07-24;9281;32;0;0;0;812306;1961;45;0;0
FR;4;2021-07-25;1351;8;0;0;0;813657;1969;45;0;0
FR;4;2021-07-26;11028;20;0;0;0;824685;1989;45;0;0
FR;4;2021-07-27;14660;35;3;0;0;839345;2024;48;0;0
FR;4;2021-07-28;12920;26;2;0;0;852265;2050;50;0;0
FR;4;2021-07-29;14078;54;4;0;0;866343;2104;54;0;0
FR;4;2021-07-30;15478;45;2;0;0;881821;2149;56;0;0
FR;4;2021-07-31;6829;14;2;0;0;888650;2163;58;0;0
FR;4;2021-08-01;903;1;0;0;0;889553;2164;58;0;0
FR;4;2021-08-02;7903;29;0;0;0;897456;2193;58;0;0
FR;4;2021-08-03;10788;32;2;0;0;908244;2225;60;0;0
FR;4;2021-08-04;9729;29;0;0;0;917973;2254;60;0;0
FR;4;2021-08-05;9811;41;0;0;0;927784;2295;60;0;0
FR;4;2021-08-06;10181;31;3;0;0;937965;2326;63;0;0
FR;4;2021-08-07;5087;30;1;0;0;943052;2356;64;0;0
FR;4;2021-08-08;1215;13;0;0;0;944267;2369;64;0;0
FR;4;2021-08-09;6333;31;0;0;0;950600;2400;64;0;0
FR;4;2021-08-10;8740;19;0;0;0;959340;2419;64;0;0
FR;4;2021-08-11;7928;33;4;0;0;967268;2452;68;0;0
FR;4;2021-08-12;8580;29;1;0;0;975848;2481;69;0;0
FR;4;2021-08-13;7544;24;0;1;0;983392;2505;69;1;0
FR;4;2021-08-14;3784;20;0;0;0;987176;2525;69;1;0
FR;4;2021-08-15;769;5;0;0;0;987945;2530;69;1;0
FR;4;2021-08-16;4003;16;0;0;0;991948;2546;69;1;0
FR;4;2021-08-17;5614;16;1;0;0;997562;2562;70;1;0
FR;4;2021-08-18;5159;34;0;0;0;1002721;2596;70;1;0
FR;4;2021-08-19;5472;34;3;0;0;1008193;2630;73;1;0
FR;4;2021-08-20;5207;23;1;0;0;1013400;2653;74;1;0
FR;4;2021-08-21;2307;21;1;0;0;1015707;2674;75;1;0
FR;4;2021-08-22;401;2;0;0;0;1016108;2676;75;1;0
FR;4;2021-08-23;2922;19;1;0;0;1019030;2695;76;1;0
FR;4;2021-08-24;3744;15;0;0;0;1022774;2710;76;1;0
FR;4;2021-08-25;3537;25;0;0;0;1026311;2735;76;1;0
FR;4;2021-08-26;3699;20;2;0;0;1030010;2755;78;1;0
FR;4;2021-08-27;3602;31;2;0;0;1033612;2786;80;1;0
FR;4;2021-08-28;1722;9;1;0;0;1035334;2795;81;1;0
FR;4;2021-08-29;387;7;1;0;0;1035721;2802;82;1;0
FR;4;2021-08-30;2008;24;0;0;14;1037729;2826;82;1;14
FR;4;2021-08-31;2478;20;0;0;13;1040207;2846;82;1;27
FR;4;2021-09-01;2078;38;1;0;21;1042285;2884;83;1;48
FR;4;2021-09-02;2301;31;4;0;18;1044586;2915;87;1;66
FR;4;2021-09-03;2357;44;5;0;32;1046943;2959;92;1;98
FR;4;2021-09-04;1374;17;0;0;7;1048317;2976;92;1;105
FR;4;2021-09-05;429;2;0;0;2;1048746;2978;92;1;107
FR;4;2021-09-06;1706;62;0;0;23;1050452;3040;92;1;130
FR;4;2021-09-07;1672;18;1;0;9;1052124;3058;93;1;139
FR;4;2021-09-08;1280;27;3;1;20;1053404;3085;96;2;159
FR;4;2021-09-09;1387;23;2;0;9;1054791;3108;98;2;168
FR;4;2021-09-10;1516;31;2;0;23;1056307;3139;100;2;191
FR;4;2021-09-11;737;11;0;0;3;1057044;3150;100;2;194
FR;4;2021-09-12;168;4;0;0;2;1057212;3154;100;2;196
FR;4;2021-09-13;1313;22;1;0;16;1058525;3176;101;2;212
FR;4;2021-09-14;1497;9;2;0;6;1060022;3185;103;2;218
FR;4;2021-09-15;1091;27;1;0;24;1061113;3212;104;2;242
FR;4;2021-09-16;1095;22;2;0;15;1062208;3234;106;2;257
FR;4;2021-09-17;891;21;1;0;12;1063099;3255;107;2;269
FR;4;2021-09-18;462;6;1;0;5;1063561;3261;108;2;274
FR;4;2021-09-19;182;3;0;0;2;1063743;3264;108;2;276
FR;4;2021-09-20;443;18;0;0;12;1064186;3282;108;2;288
FR;4;2021-09-21;423;11;0;0;7;1064609;3293;108;2;295
FR;4;2021-09-22;372;19;2;0;13;1064981;3312;110;2;308
FR;4;2021-09-23;477;16;1;0;15;1065458;3328;111;2;323
FR;4;2021-09-24;409;13;2;0;9;1065867;3341;113;2;332
FR;4;2021-09-25;281;9;1;0;4;1066148;3350;114;2;336
FR;4;2021-09-26;72;2;0;0;1;1066220;3352;114;2;337
FR;4;2021-09-27;261;10;1;0;8;1066481;3362;115;2;345
FR;4;2021-09-28;314;8;0;0;8;1066795;3370;115;2;353
FR;4;2021-09-29;371;19;1;0;13;1067166;3389;116;2;366
FR;4;2021-09-30;359;40;0;0;21;1067525;3429;116;2;387
FR;4;2021-10-01;407;48;0;0;42;1067932;3477;116;2;429
FR;4;2021-10-02;195;22;1;0;13;1068127;3499;117;2;442
FR;4;2021-10-03;84;1;0;0;0;1068211;3500;117;2;442
FR;4;2021-10-04;354;19;1;0;15;1068565;3519;118;2;457
FR;4;2021-10-05;274;19;2;0;15;1068839;3538;120;2;472
FR;4;2021-10-06;243;21;1;0;17;1069082;3559;121;2;489
FR;4;2021-10-07;254;25;2;0;13;1069336;3584;123;2;502
FR;4;2021-10-08;352;23;2;0;19;1069688;3607;125;2;521
FR;4;2021-10-09;191;6;6;0;7;1069879;3613;131;2;528
FR;4;2021-10-10;95;3;2;0;3;1069974;3616;133;2;531
FR;4;2021-10-11;245;15;1;0;14;1070219;3631;134;2;545
FR;4;2021-10-12;202;14;0;0;13;1070421;3645;134;2;558
FR;4;2021-10-13;218;27;1;0;24;1070639;3672;135;2;582
FR;4;2021-10-14;306;21;4;0;15;1070945;3693;139;2;597
FR;4;2021-10-15;322;24;5;0;25;1071267;3717;144;2;622
FR;4;2021-10-16;165;6;2;0;6;1071432;3723;146;2;628
FR;4;2021-10-17;70;2;0;0;1;1071502;3725;146;2;629
FR;4;2021-10-18;278;16;1;0;12;1071780;3741;147;2;641
FR;4;2021-10-19;209;14;2;0;15;1071989;3755;149;2;656
FR;4;2021-10-20;224;27;3;0;14;1072213;3782;152;2;670
FR;4;2021-10-21;234;17;0;0;13;1072447;3799;152;2;683
FR;4;2021-10-22;210;26;2;0;21;1072657;3825;154;2;704
FR;4;2021-10-23;115;16;1;0;15;1072772;3841;155;2;719
FR;4;2021-10-24;37;4;0;0;1;1072809;3845;155;2;720
FR;4;2021-10-25;209;7;2;0;9;1073018;3852;157;2;729
FR;4;2021-10-26;195;14;0;0;12;1073213;3866;157;2;741
FR;4;2021-10-27;190;11;4;0;11;1073403;3877;161;2;752
FR;4;2021-10-28;181;18;4;0;21;1073584;3895;165;2;773
FR;4;2021-10-29;220;16;2;0;14;1073804;3911;167;2;787
FR;4;2021-10-30;102;2;1;0;2;1073906;3913;168;2;789
FR;4;2021-10-31;56;3;2;0;3;1073962;3916;170;2;792
FR;4;2021-11-01;74;27;4;0;24;1074036;3943;174;2;816
FR;4;2021-11-02;152;20;2;0;21;1074188;3963;176;2;837
FR;4;2021-11-03;127;20;8;1;18;1074315;3983;184;3;855
FR;4;2021-11-04;175;13;1;0;10;1074490;3996;185;3;865
FR;4;2021-11-05;126;17;1;0;16;1074616;4013;186;3;881
FR;4;2021-11-06;77;6;1;0;6;1074693;4019;187;3;887
FR;4;2021-11-07;76;2;2;0;4;1074769;4021;189;3;891
FR;4;2021-11-08;158;20;1;0;20;1074927;4041;190;3;911
FR;4;2021-11-09;151;14;3;0;16;1075078;4055;193;3;927
FR;4;2021-11-10;113;27;6;0;29;1075191;4082;199;3;956
FR;4;2021-11-11;83;10;0;0;10;1075274;4092;199;3;966
FR;4;2021-11-12;97;18;2;0;17;1075371;4110;201;3;983
FR;4;2021-11-13;73;15;2;0;14;1075444;4125;203;3;997
FR;4;2021-11-14;53;5;3;0;7;1075497;4130;206;3;1004
FR;4;2021-11-15;97;26;2;0;24;1075594;4156;208;3;1028
FR;4;2021-11-16;99;13;2;0;15;1075693;4169;210;3;1043
FR;4;2021-11-17;115;29;4;0;29;1075808;4198;214;3;1072
FR;4;2021-11-18;99;34;10;0;39;1075907;4232;224;3;1111
FR;4;2021-11-19;78;19;3;0;20;1075985;4251;227;3;1131
FR;4;2021-11-20;74;6;1;0;6;1076059;4257;228;3;1137
FR;4;2021-11-21;61;7;2;0;9;1076120;4264;230;3;1146
FR;4;2021-11-22;101;27;6;0;29;1076221;4291;236;3;1175
FR;4;2021-11-23;73;28;5;0;25;1076294;4319;241;3;1200
FR;4;2021-11-24;85;23;9;0;22;1076379;4342;250;3;1222
FR;4;2021-11-25;84;28;14;0;30;1076463;4370;264;3;1252
FR;4;2021-11-26;80;43;12;0;45;1076543;4413;276;3;1297
FR;4;2021-11-27;35;22;16;0;24;1076578;4435;292;3;1321
FR;4;2021-11-28;48;8;0;0;7;1076626;4443;292;3;1328
FR;4;2021-11-29;81;31;14;0;38;1076707;4474;306;3;1366
FR;4;2021-11-30;72;36;12;0;40;1076779;4510;318;3;1406
FR;4;2021-12-01;77;59;19;0;66;1076856;4569;337;3;1472
FR;4;2021-12-02;97;49;19;0;54;1076953;4618;356;3;1526
FR;4;2021-12-03;98;36;15;0;44;1077051;4654;371;3;1570
FR;4;2021-12-04;69;31;18;0;44;1077120;4685;389;3;1614
FR;4;2021-12-05;60;5;1;0;6;1077180;4690;390;3;1620
FR;4;2021-12-06;94;45;21;0;60;1077274;4735;411;3;1680
FR;4;2021-12-07;76;33;9;0;33;1077350;4768;420;3;1713
FR;4;2021-12-08;66;29;19;0;35;1077416;4797;439;3;1748
FR;4;2021-12-09;59;32;10;0;38;1077475;4829;449;3;1786
FR;4;2021-12-10;60;62;21;0;67;1077535;4891;470;3;1853
FR;4;2021-12-11;24;33;7;0;33;1077559;4924;477;3;1886
FR;4;2021-12-12;22;10;2;0;12;1077581;4934;479;3;1898
FR;4;2021-12-13;68;39;13;0;48;1077649;4973;492;3;1946
FR;4;2021-12-14;56;43;15;0;52;1077705;5016;507;3;1998
FR;4;2021-12-15;58;63;28;0;83;1077763;5079;535;3;2081
FR;4;2021-12-16;30;44;18;0;56;1077793;5123;553;3;2137
FR;4;2021-12-17;37;55;12;0;60;1077830;5178;565;3;2197
FR;4;2021-12-18;48;29;2;0;30;1077878;5207;567;3;2227
FR;4;2021-12-19;15;4;1;0;4;1077893;5211;568;3;2231
FR;4;2021-12-20;35;38;12;0;43;1077928;5249;580;3;2274
FR;4;2021-12-21;25;30;15;0;36;1077953;5279;595;3;2310
FR;4;2021-12-22;35;35;10;0;36;1077988;5314;605;3;2346
FR;4;2021-12-23;39;43;8;0;47;1078027;5357;613;3;2393
FR;4;2021-12-24;23;25;10;0;29;1078050;5382;623;3;2422
FR;4;2021-12-25;6;3;3;0;4;1078056;5385;626;3;2426
FR;4;2021-12-26;4;3;1;0;2;1078060;5388;627;3;2428
FR;4;2021-12-27;26;42;9;0;43;1078086;5430;636;3;2471
FR;4;2021-12-28;24;28;8;0;29;1078110;5458;644;3;2500
FR;4;2021-12-29;48;24;10;0;28;1078158;5482;654;3;2528
FR;4;2021-12-30;39;16;12;0;19;1078197;5498;666;3;2547
FR;4;2021-12-31;18;5;8;0;10;1078215;5503;674;3;2557
FR;4;2022-01-01;5;4;4;0;6;1078220;5507;678;3;2563
FR;4;2022-01-02;40;4;14;0;17;1078260;5511;692;3;2580
FR;4;2022-01-03;37;52;20;1;57;1078297;5563;712;4;2637
FR;4;2022-01-04;28;26;12;0;28;1078325;5589;724;4;2665
FR;4;2022-01-05;46;19;16;0;20;1078371;5608;740;4;2685
FR;4;2022-01-06;43;19;21;0;32;1078414;5627;761;4;2717
FR;4;2022-01-07;23;19;15;0;19;1078437;5646;776;4;2736
FR;4;2022-01-08;8;5;9;0;11;1078445;5651;785;4;2747
FR;4;2022-01-09;17;2;1;0;2;1078462;5653;786;4;2749
FR;4;2022-01-10;38;22;16;0;33;1078500;5675;802;4;2782
FR;4;2022-01-11;23;30;14;0;34;1078523;5705;816;4;2816
FR;4;2022-01-12;30;18;12;0;19;1078553;5723;828;4;2835
FR;4;2022-01-13;48;18;27;0;35;1078601;5741;855;4;2870
FR;4;2022-01-14;20;28;13;0;31;1078621;5769;868;4;2901
FR;4;2022-01-15;10;6;7;0;11;1078631;5775;875;4;2912
FR;4;2022-01-16;9;8;11;0;18;1078640;5783;886;4;2930
FR;4;2022-01-17;23;17;11;0;22;1078663;5800;897;4;2952
FR;4;2022-01-18;15;13;7;0;17;1078678;5813;904;4;2969
FR;4;2022-01-19;28;22;9;0;29;1078706;5835;913;4;2998
FR;4;2022-01-20;29;33;11;0;36;1078735;5868;924;4;3034
FR;4;2022-01-21;9;12;18;1;15;1078744;5880;942;5;3049
FR;4;2022-01-22;30;9;2;0;9;1078774;5889;944;5;3058
FR;4;2022-01-23;6;2;4;0;6;1078780;5891;948;5;3064
FR;4;2022-01-24;14;21;8;0;27;1078794;5912;956;5;3091
FR;4;2022-01-25;20;30;8;1;34;1078814;5942;964;6;3125
FR;4;2022-01-26;18;15;6;1;16;1078832;5957;970;7;3141
FR;4;2022-01-27;18;18;5;0;21;1078850;5975;975;7;3162
FR;4;2022-01-28;12;23;7;0;25;1078862;5998;982;7;3187
FR;4;2022-01-29;15;6;4;0;9;1078877;6004;986;7;3196
FR;4;2022-01-30;16;2;0;0;2;1078893;6006;986;7;3198
FR;4;2022-01-31;19;26;6;0;29;1078912;6032;992;7;3227
FR;4;2022-02-01;9;19;11;0;19;1078921;6051;1003;7;3246
FR;4;2022-02-02;16;11;9;2;15;1078937;6062;1012;9;3261
FR;4;2022-02-03;12;21;9;0;24;1078949;6083;1021;9;3285
FR;4;2022-02-04;6;5;7;0;9;1078955;6088;1028;9;3294
FR;4;2022-02-05;6;14;1;0;13;1078961;6102;1029;9;3307
FR;4;2022-02-06;5;2;1;0;2;1078966;6104;1030;9;3309
FR;4;2022-02-07;11;19;6;0;19;1078977;6123;1036;9;3328
FR;4;2022-02-08;14;18;12;1;19;1078991;6141;1048;10;3347
FR;4;2022-02-09;14;10;7;0;13;1079005;6151;1055;10;3360
FR;4;2022-02-10;18;22;8;0;22;1079023;6173;1063;10;3382
FR;4;2022-02-11;17;14;8;0;19;1079040;6187;1071;10;3401
FR;4;2022-02-12;23;7;1;0;6;1079063;6194;1072;10;3407
FR;4;2022-02-13;7;3;3;0;6;1079070;6197;1075;10;3413
FR;4;2022-02-14;18;10;7;0;13;1079088;6207;1082;10;3426
FR;4;2022-02-15;16;7;1;0;7;1079104;6214;1083;10;3433
FR;4;2022-02-16;10;10;10;0;16;1079114;6224;1093;10;3449
FR;4;2022-02-17;10;4;4;0;6;1079124;6228;1097;10;3455
FR;4;2022-02-18;16;13;6;0;17;1079140;6241;1103;10;3472
FR;4;2022-02-19;16;2;2;0;4;1079156;6243;1105;10;3476
FR;4;2022-02-20;7;2;0;0;1;1079163;6245;1105;10;3477
FR;4;2022-02-21;22;3;2;0;3;1079185;6248;1107;10;3480
FR;4;2022-02-22;8;4;8;0;8;1079193;6252;1115;10;3488
FR;4;2022-02-23;16;6;6;0;6;1079209;6258;1121;10;3494
FR;4;2022-02-24;7;3;2;0;3;1079216;6261;1123;10;3497
FR;4;2022-02-25;15;5;7;0;6;1079231;6266;1130;10;3503
FR;4;2022-02-26;26;3;0;0;3;1079257;6269;1130;10;3506
FR;4;2022-02-27;9;0;1;0;1;1079266;6269;1131;10;3507
FR;4;2022-02-28;14;3;2;0;3;1079280;6272;1133;10;3510
FR;4;2022-03-01;6;2;7;0;3;1079286;6274;1140;10;3513
FR;4;2022-03-02;9;1;3;0;3;1079295;6275;1143;10;3516
FR;4;2022-03-03;12;5;1;0;4;1079307;6280;1144;10;3520
FR;4;2022-03-04;6;6;2;1;5;1079313;6286;1146;11;3525
FR;4;2022-03-05;8;2;0;0;2;1079321;6288;1146;11;3527
FR;4;2022-03-06;4;0;1;0;1;1079325;6288;1147;11;3528
FR;4;2022-03-07;9;4;1;0;3;1079334;6292;1148;11;3531
FR;4;2022-03-08;13;2;0;0;2;1079347;6294;1148;11;3533
FR;4;2022-03-09;7;3;2;0;4;1079354;6297;1150;11;3537
FR;4;2022-03-10;5;1;5;0;2;1079359;6298;1155;11;3539
FR;4;2022-03-11;7;2;5;0;1;1079366;6300;1160;11;3540
FR;4;2022-03-12;9;2;0;0;0;1079375;6302;1160;11;3540
FR;4;2022-03-13;5;0;0;0;0;1079380;6302;1160;11;3540
FR;4;2022-03-14;3;1;0;0;1;1079383;6303;1160;11;3541
FR;4;2022-03-15;5;3;1;0;1;1079388;6306;1161;11;3542
FR;4;2022-03-16;5;2;3;0;2;1079393;6308;1164;11;3544
FR;4;2022-03-17;0;2;1;0;3;1079393;6310;1165;11;3547
FR;4;2022-03-18;7;2;0;0;2;1079400;6312;1165;11;3549
FR;4;2022-03-19;1;0;0;0;0;1079401;6312;1165;11;3549
FR;4;2022-03-20;2;0;1;0;0;1079403;6312;1166;11;3549
FR;4;2022-03-21;5;2;0;0;2;1079408;6314;1166;11;3551
FR;4;2022-03-22;2;2;1;0;2;1079410;6316;1167;11;3553
FR;4;2022-03-23;6;3;3;0;5;1079416;6319;1170;11;3558
FR;4;2022-03-24;2;4;2;1;4;1079418;6323;1172;12;3562
FR;4;2022-03-25;3;1;2;0;1;1079421;6324;1174;12;3563
FR;4;2022-03-26;5;5;0;0;5;1079426;6329;1174;12;3568
FR;4;2022-03-27;0;0;1;0;0;1079426;6329;1175;12;3568
FR;4;2022-03-28;4;1;0;0;0;1079430;6330;1175;12;3568
FR;4;2022-03-29;7;0;4;1;0;1079437;6330;1179;13;3568
FR;4;2022-03-30;1;4;0;0;4;1079438;6334;1179;13;3572
FR;4;2022-03-31;1;3;1;1;3;1079439;6337;1180;14;3575
FR;4;2022-04-01;13;3;5;0;6;1079452;6340;1185;14;3581
FR;4;2022-04-02;4;4;0;0;3;1079456;6344;1185;14;3584
FR;4;2022-04-03;0;0;0;0;0;1079456;6344;1185;14;3584
FR;4;2022-04-04;3;2;3;0;1;1079459;6346;1188;14;3585
FR;4;2022-04-05;3;4;1;1;2;1079462;6350;1189;15;3587
FR;4;2022-04-06;3;0;0;0;0;1079465;6350;1189;15;3587
FR;4;2022-04-07;3;2;1;2;3;1079468;6352;1190;17;3590
FR;4;2022-04-08;4;2;1;0;2;1079472;6354;1191;17;3592
FR;4;2022-04-09;0;0;1;1;1;1079472;6354;1192;18;3593
FR;4;2022-04-10;1;2;0;0;2;1079473;6356;1192;18;3595
FR;4;2022-04-11;2;2;4;0;4;1079475;6358;1196;18;3599
FR;4;2022-04-12;2;0;2;0;1;1079477;6358;1198;18;3600
FR;4;2022-04-13;2;4;1;0;5;1079479;6362;1199;18;3605
FR;4;2022-04-14;3;1;0;1;1;1079482;6363;1199;19;3606
FR;4;2022-04-15;0;2;1;0;3;1079482;6365;1200;19;3609
FR;4;2022-04-16;0;0;0;0;0;1079482;6365;1200;19;3609
FR;4;2022-04-17;1;0;0;0;0;1079483;6365;1200;19;3609
FR;4;2022-04-18;0;2;4;0;2;1079483;6367;1204;19;3611
FR;4;2022-04-19;1;0;1;0;0;1079484;6367;1205;19;3611
FR;4;2022-04-20;12;4;2;0;2;1079496;6371;1207;19;3613
FR;4;2022-04-21;5;2;1;0;3;1079501;6373;1208;19;3616
FR;4;2022-04-22;1;0;2;0;0;1079502;6373;1210;19;3616
FR;4;2022-04-23;1;3;1;0;4;1079503;6376;1211;19;3620
FR;4;2022-04-24;0;0;0;0;0;1079503;6376;1211;19;3620
FR;4;2022-04-25;2;4;2;0;6;1079505;6380;1213;19;3626
FR;4;2022-04-26;2;4;1;0;4;1079507;6384;1214;19;3630
FR;4;2022-04-27;3;1;0;0;1;1079510;6385;1214;19;3631
FR;4;2022-04-28;2;3;4;0;3;1079512;6388;1218;19;3634
FR;4;2022-04-29;2;2;0;0;1;1079514;6390;1218;19;3635
FR;4;2022-04-30;0;1;1;0;2;1079514;6391;1219;19;3637
FR;4;2022-05-01;0;0;0;0;0;1079514;6391;1219;19;3637
FR;4;2022-05-02;2;2;1;0;2;1079516;6393;1220;19;3639
FR;4;2022-05-03;0;4;0;0;4;1079516;6397;1220;19;3643
FR;4;2022-05-04;2;1;0;0;1;1079518;6398;1220;19;3644
FR;4;2022-05-05;2;1;0;0;1;1079520;6399;1220;19;3645
FR;4;2022-05-06;1;0;0;0;0;1079521;6399;1220;19;3645
FR;4;2022-05-07;0;0;0;0;0;1079521;6399;1220;19;3645
FR;4;2022-05-08;1;1;0;0;1;1079522;6400;1220;19;3646
FR;4;2022-05-09;2;0;0;0;0;1079524;6400;1220;19;3646
FR;4;2022-05-10;0;0;0;2;2;1079524;6400;1220;21;3648
FR;4;2022-05-11;2;0;0;0;0;1079526;6400;1220;21;3648
FR;5;2020-12-27;0;0;0;0;0;0;0;0;0;0
FR;5;2020-12-28;0;0;0;0;0;0;0;0;0;0
FR;5;2020-12-29;0;0;0;0;0;0;0;0;0;0
FR;5;2020-12-30;0;0;0;0;0;0;0;0;0;0
FR;5;2020-12-31;0;0;0;0;0;0;0;0;0;0
FR;5;2021-01-01;0;0;0;0;0;0;0;0;0;0
FR;5;2021-01-02;0;0;0;0;0;0;0;0;0;0
FR;5;2021-01-03;0;0;0;0;0;0;0;0;0;0
FR;5;2021-01-04;0;0;0;0;0;0;0;0;0;0
FR;5;2021-01-05;0;0;0;0;0;0;0;0;0;0
FR;5;2021-01-06;0;0;0;0;0;0;0;0;0;0
FR;5;2021-01-07;0;0;0;0;0;0;0;0;0;0
FR;5;2021-01-08;0;0;0;0;0;0;0;0;0;0
FR;5;2021-01-09;0;0;0;0;0;0;0;0;0;0
FR;5;2021-01-10;0;0;0;0;0;0;0;0;0;0
FR;5;2021-01-11;0;0;0;0;0;0;0;0;0;0
FR;5;2021-01-12;0;0;0;0;0;0;0;0;0;0
FR;5;2021-01-13;0;0;0;0;0;0;0;0;0;0
FR;5;2021-01-14;0;0;0;0;0;0;0;0;0;0
FR;5;2021-01-15;0;0;0;0;0;0;0;0;0;0
FR;5;2021-01-16;0;0;0;0;0;0;0;0;0;0
FR;5;2021-01-17;0;0;0;0;0;0;0;0;0;0
FR;5;2021-01-18;0;0;0;0;0;0;0;0;0;0
FR;5;2021-01-19;0;0;0;0;0;0;0;0;0;0
FR;5;2021-01-20;0;0;0;0;0;0;0;0;0;0
FR;5;2021-01-21;0;0;0;0;0;0;0;0;0;0
FR;5;2021-01-22;0;0;0;0;0;0;0;0;0;0
FR;5;2021-01-23;0;0;0;0;0;0;0;0;0;0
FR;5;2021-01-24;0;0;0;0;0;0;0;0;0;0
FR;5;2021-01-25;0;0;0;0;0;0;0;0;0;0
FR;5;2021-01-26;0;0;0;0;0;0;0;0;0;0
FR;5;2021-01-27;0;0;0;0;0;0;0;0;0;0
FR;5;2021-01-28;0;0;0;0;0;0;0;0;0;0
FR;5;2021-01-29;0;0;0;0;0;0;0;0;0;0
FR;5;2021-01-30;0;0;0;0;0;0;0;0;0;0
FR;5;2021-01-31;0;0;0;0;0;0;0;0;0;0
FR;5;2021-02-01;0;0;0;0;0;0;0;0;0;0
FR;5;2021-02-02;0;0;0;0;0;0;0;0;0;0
FR;5;2021-02-03;0;0;0;0;0;0;0;0;0;0
FR;5;2021-02-04;0;0;0;0;0;0;0;0;0;0
FR;5;2021-02-05;0;0;0;0;0;0;0;0;0;0
FR;5;2021-02-06;0;0;0;0;0;0;0;0;0;0
FR;5;2021-02-07;0;0;0;0;0;0;0;0;0;0
FR;5;2021-02-08;0;0;0;0;0;0;0;0;0;0
FR;5;2021-02-09;0;0;0;0;0;0;0;0;0;0
FR;5;2021-02-10;0;0;0;0;0;0;0;0;0;0
FR;5;2021-02-11;0;0;0;0;0;0;0;0;0;0
FR;5;2021-02-12;0;0;0;0;0;0;0;0;0;0
FR;5;2021-02-13;0;0;0;0;0;0;0;0;0;0
FR;5;2021-02-14;0;0;0;0;0;0;0;0;0;0
FR;5;2021-02-15;0;0;0;0;0;0;0;0;0;0
FR;5;2021-02-16;0;0;0;0;0;0;0;0;0;0
FR;5;2021-02-17;0;0;0;0;0;0;0;0;0;0
FR;5;2021-02-18;0;0;0;0;0;0;0;0;0;0
FR;5;2021-02-19;0;0;0;0;0;0;0;0;0;0
FR;5;2021-02-20;0;0;0;0;0;0;0;0;0;0
FR;5;2021-02-21;0;0;0;0;0;0;0;0;0;0
FR;5;2021-02-22;0;0;0;0;0;0;0;0;0;0
FR;5;2021-02-23;0;0;0;0;0;0;0;0;0;0
FR;5;2021-02-24;0;0;0;0;0;0;0;0;0;0
FR;5;2021-02-25;0;0;0;0;0;0;0;0;0;0
FR;5;2021-02-26;0;0;0;0;0;0;0;0;0;0
FR;5;2021-02-27;0;0;0;0;0;0;0;0;0;0
FR;5;2021-02-28;0;0;0;0;0;0;0;0;0;0
FR;5;2021-03-01;0;0;0;0;0;0;0;0;0;0
FR;5;2021-03-02;0;0;0;0;0;0;0;0;0;0
FR;5;2021-03-03;0;0;0;0;0;0;0;0;0;0
FR;5;2021-03-04;0;0;0;0;0;0;0;0;0;0
FR;5;2021-03-05;0;0;0;0;0;0;0;0;0;0
FR;5;2021-03-06;0;0;0;0;0;0;0;0;0;0
FR;5;2021-03-07;0;0;0;0;0;0;0;0;0;0
FR;5;2021-03-08;0;0;0;0;0;0;0;0;0;0
FR;5;2021-03-09;0;0;0;0;0;0;0;0;0;0
FR;5;2021-03-10;0;0;0;0;0;0;0;0;0;0
FR;5;2021-03-11;0;0;0;0;0;0;0;0;0;0
FR;5;2021-03-12;0;0;0;0;0;0;0;0;0;0
FR;5;2021-03-13;0;0;0;0;0;0;0;0;0;0
FR;5;2021-03-14;0;0;0;0;0;0;0;0;0;0
FR;5;2021-03-15;0;0;0;0;0;0;0;0;0;0
FR;5;2021-03-16;0;0;0;0;0;0;0;0;0;0
FR;5;2021-03-17;0;0;0;0;0;0;0;0;0;0
FR;5;2021-03-18;0;0;0;0;0;0;0;0;0;0
FR;5;2021-03-19;0;0;0;0;0;0;0;0;0;0
FR;5;2021-03-20;0;0;0;0;0;0;0;0;0;0
FR;5;2021-03-21;0;0;0;0;0;0;0;0;0;0
FR;5;2021-03-22;0;0;0;0;0;0;0;0;0;0
FR;5;2021-03-23;0;0;0;0;0;0;0;0;0;0
FR;5;2021-03-24;0;0;0;0;0;0;0;0;0;0
FR;5;2021-03-25;0;0;0;0;0;0;0;0;0;0
FR;5;2021-03-26;0;0;0;0;0;0;0;0;0;0
FR;5;2021-03-27;0;0;0;0;0;0;0;0;0;0
FR;5;2021-03-28;0;0;0;0;0;0;0;0;0;0
FR;5;2021-03-29;0;0;0;0;0;0;0;0;0;0
FR;5;2021-03-30;0;0;0;0;0;0;0;0;0;0
FR;5;2021-03-31;0;0;0;0;0;0;0;0;0;0
FR;5;2021-04-01;0;0;0;0;0;0;0;0;0;0
FR;5;2021-04-02;0;0;0;0;0;0;0;0;0;0
FR;5;2021-04-03;0;0;0;0;0;0;0;0;0;0
FR;5;2021-04-04;0;0;0;0;0;0;0;0;0;0
FR;5;2021-04-05;0;0;0;0;0;0;0;0;0;0
FR;5;2021-04-06;0;0;0;0;0;0;0;0;0;0
FR;5;2021-04-07;0;0;0;0;0;0;0;0;0;0
FR;5;2021-04-08;0;0;0;0;0;0;0;0;0;0
FR;5;2021-04-09;0;0;0;0;0;0;0;0;0;0
FR;5;2021-04-10;0;0;0;0;0;0;0;0;0;0
FR;5;2021-04-11;0;0;0;0;0;0;0;0;0;0
FR;5;2021-04-12;0;0;0;0;0;0;0;0;0;0
FR;5;2021-04-13;0;0;0;0;0;0;0;0;0;0
FR;5;2021-04-14;0;0;0;0;0;0;0;0;0;0
FR;5;2021-04-15;0;0;0;0;0;0;0;0;0;0
FR;5;2021-04-16;0;0;0;0;0;0;0;0;0;0
FR;5;2021-04-17;0;0;0;0;0;0;0;0;0;0
FR;5;2021-04-18;0;0;0;0;0;0;0;0;0;0
FR;5;2021-04-19;0;0;0;0;0;0;0;0;0;0
FR;5;2021-04-20;0;0;0;0;0;0;0;0;0;0
FR;5;2021-04-21;0;0;0;0;0;0;0;0;0;0
FR;5;2021-04-22;0;0;0;0;0;0;0;0;0;0
FR;5;2021-04-23;0;0;0;0;0;0;0;0;0;0
FR;5;2021-04-24;0;0;0;0;0;0;0;0;0;0
FR;5;2021-04-25;0;0;0;0;0;0;0;0;0;0
FR;5;2021-04-26;0;0;0;0;0;0;0;0;0;0
FR;5;2021-04-27;0;0;0;0;0;0;0;0;0;0
FR;5;2021-04-28;0;0;0;0;0;0;0;0;0;0
FR;5;2021-04-29;0;0;0;0;0;0;0;0;0;0
FR;5;2021-04-30;0;0;0;0;0;0;0;0;0;0
FR;5;2021-05-01;0;0;0;0;0;0;0;0;0;0
FR;5;2021-05-02;0;0;0;0;0;0;0;0;0;0
FR;5;2021-05-03;0;0;0;0;0;0;0;0;0;0
FR;5;2021-05-04;0;0;0;0;0;0;0;0;0;0
FR;5;2021-05-05;0;0;0;0;0;0;0;0;0;0
FR;5;2021-05-06;0;0;0;0;0;0;0;0;0;0
FR;5;2021-05-07;0;0;0;0;0;0;0;0;0;0
FR;5;2021-05-08;0;0;0;0;0;0;0;0;0;0
FR;5;2021-05-09;0;0;0;0;0;0;0;0;0;0
FR;5;2021-05-10;0;0;0;0;0;0;0;0;0;0
FR;5;2021-05-11;0;0;0;0;0;0;0;0;0;0
FR;5;2021-05-12;0;0;0;0;0;0;0;0;0;0
FR;5;2021-05-13;0;0;0;0;0;0;0;0;0;0
FR;5;2021-05-14;0;0;0;0;0;0;0;0;0;0
FR;5;2021-05-15;0;0;0;0;0;0;0;0;0;0
FR;5;2021-05-16;0;0;0;0;0;0;0;0;0;0
FR;5;2021-05-17;0;0;0;0;0;0;0;0;0;0
FR;5;2021-05-18;0;0;0;0;0;0;0;0;0;0
FR;5;2021-05-19;0;0;0;0;0;0;0;0;0;0
FR;5;2021-05-20;0;0;0;0;0;0;0;0;0;0
FR;5;2021-05-21;0;0;0;0;0;0;0;0;0;0
FR;5;2021-05-22;0;0;0;0;0;0;0;0;0;0
FR;5;2021-05-23;0;0;0;0;0;0;0;0;0;0
FR;5;2021-05-24;0;0;0;0;0;0;0;0;0;0
FR;5;2021-05-25;0;0;0;0;0;0;0;0;0;0
FR;5;2021-05-26;0;0;0;0;0;0;0;0;0;0
FR;5;2021-05-27;0;0;0;0;0;0;0;0;0;0
FR;5;2021-05-28;0;0;0;0;0;0;0;0;0;0
FR;5;2021-05-29;0;0;0;0;0;0;0;0;0;0
FR;5;2021-05-30;0;0;0;0;0;0;0;0;0;0
FR;5;2021-05-31;0;0;0;0;0;0;0;0;0;0
FR;5;2021-06-01;0;0;0;0;0;0;0;0;0;0
FR;5;2021-06-02;0;0;0;0;0;0;0;0;0;0
FR;5;2021-06-03;0;0;0;0;0;0;0;0;0;0
FR;5;2021-06-04;0;0;0;0;0;0;0;0;0;0
FR;5;2021-06-05;0;0;0;0;0;0;0;0;0;0
FR;5;2021-06-06;0;0;0;0;0;0;0;0;0;0
FR;5;2021-06-07;0;0;0;0;0;0;0;0;0;0
FR;5;2021-06-08;0;0;0;0;0;0;0;0;0;0
FR;5;2021-06-09;0;0;0;0;0;0;0;0;0;0
FR;5;2021-06-10;0;0;0;0;0;0;0;0;0;0
FR;5;2021-06-11;0;0;0;0;0;0;0;0;0;0
FR;5;2021-06-12;0;0;0;0;0;0;0;0;0;0
FR;5;2021-06-13;0;0;0;0;0;0;0;0;0;0
FR;5;2021-06-14;0;0;0;0;0;0;0;0;0;0
FR;5;2021-06-15;0;0;0;0;0;0;0;0;0;0
FR;5;2021-06-16;0;0;0;0;0;0;0;0;0;0
FR;5;2021-06-17;0;0;0;0;0;0;0;0;0;0
FR;5;2021-06-18;0;0;0;0;0;0;0;0;0;0
FR;5;2021-06-19;0;0;0;0;0;0;0;0;0;0
FR;5;2021-06-20;0;0;0;0;0;0;0;0;0;0
FR;5;2021-06-21;0;0;0;0;0;0;0;0;0;0
FR;5;2021-06-22;0;0;0;0;0;0;0;0;0;0
FR;5;2021-06-23;0;0;0;0;0;0;0;0;0;0
FR;5;2021-06-24;0;0;0;0;0;0;0;0;0;0
FR;5;2021-06-25;0;0;0;0;0;0;0;0;0;0
FR;5;2021-06-26;0;0;0;0;0;0;0;0;0;0
FR;5;2021-06-27;0;0;0;0;0;0;0;0;0;0
FR;5;2021-06-28;0;0;0;0;0;0;0;0;0;0
FR;5;2021-06-29;0;0;0;0;0;0;0;0;0;0
FR;5;2021-06-30;0;0;0;0;0;0;0;0;0;0
FR;5;2021-07-01;0;0;0;0;0;0;0;0;0;0
FR;5;2021-07-02;0;0;0;0;0;0;0;0;0;0
FR;5;2021-07-03;0;0;0;0;0;0;0;0;0;0
FR;5;2021-07-04;0;0;0;0;0;0;0;0;0;0
FR;5;2021-07-05;0;0;0;0;0;0;0;0;0;0
FR;5;2021-07-06;0;0;0;0;0;0;0;0;0;0
FR;5;2021-07-07;0;0;0;0;0;0;0;0;0;0
FR;5;2021-07-08;0;0;0;0;0;0;0;0;0;0
FR;5;2021-07-09;0;0;0;0;0;0;0;0;0;0
FR;5;2021-07-10;0;0;0;0;0;0;0;0;0;0
FR;5;2021-07-11;0;0;0;0;0;0;0;0;0;0
FR;5;2021-07-12;0;0;0;0;0;0;0;0;0;0
FR;5;2021-07-13;0;0;0;0;0;0;0;0;0;0
FR;5;2021-07-14;0;0;0;0;0;0;0;0;0;0
FR;5;2021-07-15;0;0;0;0;0;0;0;0;0;0
FR;5;2021-07-16;0;0;0;0;0;0;0;0;0;0
FR;5;2021-07-17;0;0;0;0;0;0;0;0;0;0
FR;5;2021-07-18;0;0;0;0;0;0;0;0;0;0
FR;5;2021-07-19;0;0;0;0;0;0;0;0;0;0
FR;5;2021-07-20;0;0;0;0;0;0;0;0;0;0
FR;5;2021-07-21;0;0;0;0;0;0;0;0;0;0
FR;5;2021-07-22;0;0;0;0;0;0;0;0;0;0
FR;5;2021-07-23;0;0;0;0;0;0;0;0;0;0
FR;5;2021-07-24;0;0;0;0;0;0;0;0;0;0
FR;5;2021-07-25;0;0;0;0;0;0;0;0;0;0
FR;5;2021-07-26;0;0;0;0;0;0;0;0;0;0
FR;5;2021-07-27;0;0;0;0;0;0;0;0;0;0
FR;5;2021-07-28;0;0;0;0;0;0;0;0;0;0
FR;5;2021-07-29;0;0;0;0;0;0;0;0;0;0
FR;5;2021-07-30;0;0;0;0;0;0;0;0;0;0
FR;5;2021-07-31;0;0;0;0;0;0;0;0;0;0
FR;5;2021-08-01;0;0;0;0;0;0;0;0;0;0
FR;5;2021-08-02;0;0;0;0;0;0;0;0;0;0
FR;5;2021-08-03;0;0;0;0;0;0;0;0;0;0
FR;5;2021-08-04;0;0;0;0;0;0;0;0;0;0
FR;5;2021-08-05;0;0;0;0;0;0;0;0;0;0
FR;5;2021-08-06;0;0;0;0;0;0;0;0;0;0
FR;5;2021-08-07;0;0;0;0;0;0;0;0;0;0
FR;5;2021-08-08;0;0;0;0;0;0;0;0;0;0
FR;5;2021-08-09;0;0;0;0;0;0;0;0;0;0
FR;5;2021-08-10;0;0;0;0;0;0;0;0;0;0
FR;5;2021-08-11;0;0;0;0;0;0;0;0;0;0
FR;5;2021-08-12;0;0;0;0;0;0;0;0;0;0
FR;5;2021-08-13;0;0;0;0;0;0;0;0;0;0
FR;5;2021-08-14;0;0;0;0;0;0;0;0;0;0
FR;5;2021-08-15;0;0;0;0;0;0;0;0;0;0
FR;5;2021-08-16;0;0;0;0;0;0;0;0;0;0
FR;5;2021-08-17;0;0;0;0;0;0;0;0;0;0
FR;5;2021-08-18;0;0;0;0;0;0;0;0;0;0
FR;5;2021-08-19;0;0;0;0;0;0;0;0;0;0
FR;5;2021-08-20;0;0;0;0;0;0;0;0;0;0
FR;5;2021-08-21;0;0;0;0;0;0;0;0;0;0
FR;5;2021-08-22;0;0;0;0;0;0;0;0;0;0
FR;5;2021-08-23;0;0;0;0;0;0;0;0;0;0
FR;5;2021-08-24;0;0;0;0;0;0;0;0;0;0
FR;5;2021-08-25;0;0;0;0;0;0;0;0;0;0
FR;5;2021-08-26;0;0;0;0;0;0;0;0;0;0
FR;5;2021-08-27;0;0;0;0;0;0;0;0;0;0
FR;5;2021-08-28;0;0;0;0;0;0;0;0;0;0
FR;5;2021-08-29;0;0;0;0;0;0;0;0;0;0
FR;5;2021-08-30;0;0;0;0;0;0;0;0;0;0
FR;5;2021-08-31;0;0;0;0;0;0;0;0;0;0
FR;5;2021-09-01;0;0;0;0;0;0;0;0;0;0
FR;5;2021-09-02;0;0;0;0;0;0;0;0;0;0
FR;5;2021-09-03;0;0;0;0;0;0;0;0;0;0
FR;5;2021-09-04;0;0;0;0;0;0;0;0;0;0
FR;5;2021-09-05;0;0;0;0;0;0;0;0;0;0
FR;5;2021-09-06;0;0;0;0;0;0;0;0;0;0
FR;5;2021-09-07;0;0;0;0;0;0;0;0;0;0
FR;5;2021-09-08;0;0;0;0;0;0;0;0;0;0
FR;5;2021-09-09;0;0;0;0;0;0;0;0;0;0
FR;5;2021-09-10;0;0;0;0;0;0;0;0;0;0
FR;5;2021-09-11;0;0;0;0;0;0;0;0;0;0
FR;5;2021-09-12;0;0;0;0;0;0;0;0;0;0
FR;5;2021-09-13;0;0;0;0;0;0;0;0;0;0
FR;5;2021-09-14;0;0;0;0;0;0;0;0;0;0
FR;5;2021-09-15;0;0;0;0;0;0;0;0;0;0
FR;5;2021-09-16;0;0;0;0;0;0;0;0;0;0
FR;5;2021-09-17;0;0;0;0;0;0;0;0;0;0
FR;5;2021-09-18;0;0;0;0;0;0;0;0;0;0
FR;5;2021-09-19;0;0;0;0;0;0;0;0;0;0
FR;5;2021-09-20;0;0;0;0;0;0;0;0;0;0
FR;5;2021-09-21;0;0;0;0;0;0;0;0;0;0
FR;5;2021-09-22;0;0;0;0;0;0;0;0;0;0
FR;5;2021-09-23;0;0;0;0;0;0;0;0;0;0
FR;5;2021-09-24;0;0;0;0;0;0;0;0;0;0
FR;5;2021-09-25;0;0;0;0;0;0;0;0;0;0
FR;5;2021-09-26;0;0;0;0;0;0;0;0;0;0
FR;5;2021-09-27;0;0;0;0;0;0;0;0;0;0
FR;5;2021-09-28;0;0;0;0;0;0;0;0;0;0
FR;5;2021-09-29;0;0;0;0;0;0;0;0;0;0
FR;5;2021-09-30;0;0;0;0;0;0;0;0;0;0
FR;5;2021-10-01;0;0;0;0;0;0;0;0;0;0
FR;5;2021-10-02;0;0;0;0;0;0;0;0;0;0
FR;5;2021-10-03;0;0;0;0;0;0;0;0;0;0
FR;5;2021-10-04;0;0;0;0;0;0;0;0;0;0
FR;5;2021-10-05;0;0;0;0;0;0;0;0;0;0
FR;5;2021-10-06;0;0;0;0;0;0;0;0;0;0
FR;5;2021-10-07;0;0;0;0;0;0;0;0;0;0
FR;5;2021-10-08;0;0;0;0;0;0;0;0;0;0
FR;5;2021-10-09;0;0;0;0;0;0;0;0;0;0
FR;5;2021-10-10;0;0;0;0;0;0;0;0;0;0
FR;5;2021-10-11;0;0;0;0;0;0;0;0;0;0
FR;5;2021-10-12;0;0;0;0;0;0;0;0;0;0
FR;5;2021-10-13;0;0;0;0;0;0;0;0;0;0
FR;5;2021-10-14;0;0;0;0;0;0;0;0;0;0
FR;5;2021-10-15;0;0;0;0;0;0;0;0;0;0
FR;5;2021-10-16;0;0;0;0;0;0;0;0;0;0
FR;5;2021-10-17;0;0;0;0;0;0;0;0;0;0
FR;5;2021-10-18;0;0;0;0;0;0;0;0;0;0
FR;5;2021-10-19;0;0;0;0;0;0;0;0;0;0
FR;5;2021-10-20;0;0;0;0;0;0;0;0;0;0
FR;5;2021-10-21;0;0;0;0;0;0;0;0;0;0
FR;5;2021-10-22;0;0;0;0;0;0;0;0;0;0
FR;5;2021-10-23;0;0;0;0;0;0;0;0;0;0
FR;5;2021-10-24;0;0;0;0;0;0;0;0;0;0
FR;5;2021-10-25;0;0;0;0;0;0;0;0;0;0
FR;5;2021-10-26;0;0;0;0;0;0;0;0;0;0
FR;5;2021-10-27;0;0;0;0;0;0;0;0;0;0
FR;5;2021-10-28;0;0;0;0;0;0;0;0;0;0
FR;5;2021-10-29;0;0;0;0;0;0;0;0;0;0
FR;5;2021-10-30;0;0;0;0;0;0;0;0;0;0
FR;5;2021-10-31;0;0;0;0;0;0;0;0;0;0
FR;5;2021-11-01;0;0;0;0;0;0;0;0;0;0
FR;5;2021-11-02;0;0;0;0;0;0;0;0;0;0
FR;5;2021-11-03;0;0;0;0;0;0;0;0;0;0
FR;5;2021-11-04;0;0;0;0;0;0;0;0;0;0
FR;5;2021-11-05;0;0;0;0;0;0;0;0;0;0
FR;5;2021-11-06;0;0;0;0;0;0;0;0;0;0
FR;5;2021-11-07;0;0;0;0;0;0;0;0;0;0
FR;5;2021-11-08;0;0;0;0;0;0;0;0;0;0
FR;5;2021-11-09;0;0;0;0;0;0;0;0;0;0
FR;5;2021-11-10;0;0;0;0;0;0;0;0;0;0
FR;5;2021-11-11;0;0;0;0;0;0;0;0;0;0
FR;5;2021-11-12;0;0;0;0;0;0;0;0;0;0
FR;5;2021-11-13;0;0;0;0;0;0;0;0;0;0
FR;5;2021-11-14;0;0;0;0;0;0;0;0;0;0
FR;5;2021-11-15;0;0;0;0;0;0;0;0;0;0
FR;5;2021-11-16;0;0;0;0;0;0;0;0;0;0
FR;5;2021-11-17;0;0;0;0;0;0;0;0;0;0
FR;5;2021-11-18;0;0;0;0;0;0;0;0;0;0
FR;5;2021-11-19;0;0;0;0;0;0;0;0;0;0
FR;5;2021-11-20;0;0;0;0;0;0;0;0;0;0
FR;5;2021-11-21;0;0;0;0;0;0;0;0;0;0
FR;5;2021-11-22;0;0;0;0;0;0;0;0;0;0
FR;5;2021-11-23;0;0;0;0;0;0;0;0;0;0
FR;5;2021-11-24;0;0;0;0;0;0;0;0;0;0
FR;5;2021-11-25;0;0;0;0;0;0;0;0;0;0
FR;5;2021-11-26;0;0;0;0;0;0;0;0;0;0
FR;5;2021-11-27;0;0;0;0;0;0;0;0;0;0
FR;5;2021-11-28;0;0;0;0;0;0;0;0;0;0
FR;5;2021-11-29;0;0;0;0;0;0;0;0;0;0
FR;5;2021-11-30;0;0;0;0;0;0;0;0;0;0
FR;5;2021-12-01;0;0;0;0;0;0;0;0;0;0
FR;5;2021-12-02;0;0;0;0;0;0;0;0;0;0
FR;5;2021-12-03;0;0;0;0;0;0;0;0;0;0
FR;5;2021-12-04;0;0;0;0;0;0;0;0;0;0
FR;5;2021-12-05;0;0;0;0;0;0;0;0;0;0
FR;5;2021-12-06;0;0;0;0;0;0;0;0;0;0
FR;5;2021-12-07;0;0;0;0;0;0;0;0;0;0
FR;5;2021-12-08;0;0;0;0;0;0;0;0;0;0
FR;5;2021-12-09;0;0;0;0;0;0;0;0;0;0
FR;5;2021-12-10;0;0;0;0;0;0;0;0;0;0
FR;5;2021-12-11;0;0;0;0;0;0;0;0;0;0
FR;5;2021-12-12;0;0;0;0;0;0;0;0;0;0
FR;5;2021-12-13;0;0;0;0;0;0;0;0;0;0
FR;5;2021-12-14;29;45;77;0;88;29;45;77;0;88
FR;5;2021-12-15;196;44;37;0;49;225;89;114;0;137
FR;5;2021-12-16;180;21;44;0;48;405;110;158;0;185
FR;5;2021-12-17;310;16;72;0;74;715;126;230;0;259
FR;5;2021-12-18;764;24;22;0;29;1479;150;252;0;288
FR;5;2021-12-19;586;15;15;0;17;2065;165;267;0;305
FR;5;2021-12-20;1223;31;35;0;38;3288;196;302;0;343
FR;5;2021-12-21;1535;22;54;1;60;4823;218;356;1;403
FR;5;2021-12-22;4069;40;37;0;46;8892;258;393;1;449
FR;5;2021-12-23;3042;16;21;0;25;11934;274;414;1;474
FR;5;2021-12-24;759;18;9;0;15;12693;292;423;1;489
FR;5;2021-12-25;61;5;1;0;2;12754;297;424;1;491
FR;5;2021-12-26;623;6;3;0;4;13377;303;427;1;495
FR;5;2021-12-27;4080;25;21;0;23;17457;328;448;1;518
FR;5;2021-12-28;5201;23;41;1;43;22658;351;489;2;561
FR;5;2021-12-29;8104;34;65;2;68;30762;385;554;4;629
FR;5;2021-12-30;5172;18;33;0;39;35934;403;587;4;668
FR;5;2021-12-31;1553;8;10;0;11;37487;411;597;4;679
FR;5;2022-01-01;185;2;2;0;3;37672;413;599;4;682
FR;5;2022-01-02;1489;1;1;0;1;39161;414;600;4;683
FR;5;2022-01-03;3058;36;33;0;32;42219;450;633;4;715
FR;5;2022-01-04;3034;39;33;0;42;45253;489;666;4;757
FR;5;2022-01-05;19313;203;97;1;108;64566;692;763;5;865
FR;5;2022-01-06;3742;133;122;0;142;68308;825;885;5;1007
FR;5;2022-01-07;5007;200;48;2;56;73315;1025;933;7;1063
FR;5;2022-01-08;13654;514;45;0;52;86969;1539;978;7;1115
FR;5;2022-01-09;5755;399;15;0;20;92724;1938;993;7;1135
FR;5;2022-01-10;3453;326;25;0;29;96177;2264;1018;7;1164
FR;5;2022-01-11;3668;284;38;0;41;99845;2548;1056;7;1205
FR;5;2022-01-12;22652;3003;90;0;113;122497;5551;1146;7;1318
FR;5;2022-01-13;4035;622;30;0;32;126532;6173;1176;7;1350
FR;5;2022-01-14;4843;581;44;0;51;131375;6754;1220;7;1401
FR;5;2022-01-15;14681;1746;38;3;49;146056;8500;1258;10;1450
FR;5;2022-01-16;4727;666;3;0;5;150783;9166;1261;10;1455
FR;5;2022-01-17;2293;715;26;0;29;153076;9881;1287;10;1484
FR;5;2022-01-18;2429;870;30;0;40;155505;10751;1317;10;1524
FR;5;2022-01-19;18480;6421;74;2;142;173985;17172;1391;12;1666
FR;5;2022-01-20;1920;1067;25;0;34;175905;18239;1416;12;1700
FR;5;2022-01-21;3074;1371;47;1;59;178979;19610;1463;13;1759
FR;5;2022-01-22;10721;3454;33;1;43;189700;23064;1496;14;1802
FR;5;2022-01-23;2629;1415;5;0;9;192329;24479;1501;14;1811
FR;5;2022-01-24;1159;1340;19;0;23;193488;25819;1520;14;1834
FR;5;2022-01-25;1219;1548;19;2;29;194707;27367;1539;16;1863
FR;5;2022-01-26;10750;12015;50;1;89;205457;39382;1589;17;1952
FR;5;2022-01-27;1291;1693;10;0;17;206748;41075;1599;17;1969
FR;5;2022-01-28;1695;3347;16;0;19;208443;44422;1615;17;1988
FR;5;2022-01-29;6237;8040;68;0;96;214680;52462;1683;17;2084
FR;5;2022-01-30;1509;2950;5;0;18;216189;55412;1688;17;2102
FR;5;2022-01-31;588;1773;23;0;24;216777;57185;1711;17;2126
FR;5;2022-02-01;712;1702;10;0;15;217489;58887;1721;17;2141
FR;5;2022-02-02;6957;15653;52;0;94;224446;74540;1773;17;2235
FR;5;2022-02-03;488;1690;14;0;13;224934;76230;1787;17;2248
FR;5;2022-02-04;941;3001;19;0;31;225875;79231;1806;17;2279
FR;5;2022-02-05;3532;8916;23;0;37;229407;88147;1829;17;2316
FR;5;2022-02-06;737;2397;10;0;19;230144;90544;1839;17;2335
FR;5;2022-02-07;883;1595;22;0;24;231027;92139;1861;17;2359
FR;5;2022-02-08;722;1285;18;0;20;231749;93424;1879;17;2379
FR;5;2022-02-09;4535;12875;44;0;76;236284;106299;1923;17;2455
FR;5;2022-02-10;646;1058;14;0;15;236930;107357;1937;17;2470
FR;5;2022-02-11;793;2026;16;0;21;237723;109383;1953;17;2491
FR;5;2022-02-12;2285;6811;33;0;53;240008;116194;1986;17;2544
FR;5;2022-02-13;465;1540;8;0;8;240473;117734;1994;17;2552
FR;5;2022-02-14;678;1288;10;0;13;241151;119022;2004;17;2565
FR;5;2022-02-15;482;885;9;0;14;241633;119907;2013;17;2579
FR;5;2022-02-16;2978;9123;41;1;58;244611;129030;2054;18;2637
FR;5;2022-02-17;435;805;6;0;7;245046;129835;2060;18;2644
FR;5;2022-02-18;650;1407;13;0;17;245696;131242;2073;18;2661
FR;5;2022-02-19;1371;4314;16;0;28;247067;135556;2089;18;2689
FR;5;2022-02-20;247;879;6;0;8;247314;136435;2095;18;2697
FR;5;2022-02-21;221;607;2;0;4;247535;137042;2097;18;2701
FR;5;2022-02-22;259;544;17;0;17;247794;137586;2114;18;2718
FR;5;2022-02-23;1908;6923;22;1;42;249702;144509;2136;19;2760
FR;5;2022-02-24;182;374;5;1;6;249884;144883;2141;20;2766
FR;5;2022-02-25;335;949;13;0;12;250219;145832;2154;20;2778
FR;5;2022-02-26;972;3067;10;0;14;251191;148899;2164;20;2792
FR;5;2022-02-27;147;506;0;0;3;251338;149405;2164;20;2795
FR;5;2022-02-28;161;369;1;0;1;251499;149774;2165;20;2796
FR;5;2022-03-01;128;279;6;0;7;251627;150053;2171;20;2803
FR;5;2022-03-02;1240;4150;28;3;40;252867;154203;2199;23;2843
FR;5;2022-03-03;121;250;6;0;9;252988;154453;2205;23;2852
FR;5;2022-03-04;193;488;13;0;14;253181;154941;2218;23;2866
FR;5;2022-03-05;676;1990;8;0;16;253857;156931;2226;23;2882
FR;5;2022-03-06;108;260;0;0;0;253965;157191;2226;23;2882
FR;5;2022-03-07;70;228;5;0;3;254035;157419;2231;23;2885
FR;5;2022-03-08;46;130;7;1;7;254081;157549;2238;24;2892
FR;5;2022-03-09;909;3076;23;0;35;254990;160625;2261;24;2927
FR;5;2022-03-10;82;200;7;0;10;255072;160825;2268;24;2937
FR;5;2022-03-11;147;369;13;1;15;255219;161194;2281;25;2952
FR;5;2022-03-12;758;1613;13;1;30;255977;162807;2294;26;2982
FR;5;2022-03-13;76;100;0;0;0;256053;162907;2294;26;2982
FR;5;2022-03-14;67;118;7;1;7;256120;163025;2301;27;2989
FR;5;2022-03-15;83;99;3;0;6;256203;163124;2304;27;2995
FR;5;2022-03-16;884;1822;15;3;34;257087;164946;2319;30;3029
FR;5;2022-03-17;66;123;8;4;10;257153;165069;2327;34;3039
FR;5;2022-03-18;172;318;13;4;18;257325;165387;2340;38;3057
FR;5;2022-03-19;749;1162;12;5;33;258074;166549;2352;43;3090
FR;5;2022-03-20;44;92;1;0;1;258118;166641;2353;43;3091
FR;5;2022-03-21;71;120;10;6;15;258189;166761;2363;49;3106
FR;5;2022-03-22;56;119;8;8;9;258245;166880;2371;57;3115
FR;5;2022-03-23;803;1460;14;8;36;259048;168340;2385;65;3151
FR;5;2022-03-24;68;93;8;7;7;259116;168433;2393;72;3158
FR;5;2022-03-25;222;289;14;8;18;259338;168722;2407;80;3176
FR;5;2022-03-26;706;851;12;5;26;260044;169573;2419;85;3202
FR;5;2022-03-27;74;78;0;0;3;260118;169651;2419;85;3205
FR;5;2022-03-28;80;91;1;2;3;260198;169742;2420;87;3208
FR;5;2022-03-29;71;82;10;4;12;260269;169824;2430;91;3220
FR;5;2022-03-30;820;1115;15;13;28;261089;170939;2445;104;3248
FR;5;2022-03-31;102;124;1;4;6;261191;171063;2446;108;3254
FR;5;2022-04-01;107;86;7;12;11;261298;171149;2453;120;3265
FR;5;2022-04-02;329;348;3;3;14;261627;171497;2456;123;3279
FR;5;2022-04-03;54;59;1;0;1;261681;171556;2457;123;3280
FR;5;2022-04-04;36;57;4;1;8;261717;171613;2461;124;3288
FR;5;2022-04-05;50;60;6;7;9;261767;171673;2467;131;3297
FR;5;2022-04-06;421;439;7;15;16;262188;172112;2474;146;3313
FR;5;2022-04-07;45;68;5;7;7;262233;172180;2479;153;3320
FR;5;2022-04-08;130;110;12;14;15;262363;172290;2491;167;3335
FR;5;2022-04-09;309;321;2;4;16;262672;172611;2493;171;3351
FR;5;2022-04-10;43;31;2;0;2;262715;172642;2495;171;3353
FR;5;2022-04-11;50;60;3;2;4;262765;172702;2498;173;3357
FR;5;2022-04-12;57;54;3;3;5;262822;172756;2501;176;3362
FR;5;2022-04-13;382;413;3;8;16;263204;173169;2504;184;3378
FR;5;2022-04-14;47;48;5;5;9;263251;173217;2509;189;3387
FR;5;2022-04-15;90;107;3;5;4;263341;173324;2512;194;3391
FR;5;2022-04-16;188;183;2;1;13;263529;173507;2514;195;3404
FR;5;2022-04-17;12;10;1;0;1;263541;173517;2515;195;3405
FR;5;2022-04-18;8;8;2;0;2;263549;173525;2517;195;3407
FR;5;2022-04-19;72;70;5;1;5;263621;173595;2522;196;3412
FR;5;2022-04-20;360;349;9;6;12;263981;173944;2531;202;3424
FR;5;2022-04-21;42;64;9;10;12;264023;174008;2540;212;3436
FR;5;2022-04-22;114;96;5;4;5;264137;174104;2545;216;3441
FR;5;2022-04-23;207;192;3;2;10;264344;174296;2548;218;3451
FR;5;2022-04-24;37;35;0;0;3;264381;174331;2548;218;3454
FR;5;2022-04-25;66;65;1;1;4;264447;174396;2549;219;3458
FR;5;2022-04-26;58;60;2;1;5;264505;174456;2551;220;3463
FR;5;2022-04-27;332;316;2;7;14;264837;174772;2553;227;3477
FR;5;2022-04-28;73;54;4;5;8;264910;174826;2557;232;3485
FR;5;2022-04-29;117;79;5;18;12;265027;174905;2562;250;3497
FR;5;2022-04-30;182;115;1;1;10;265209;175020;2563;251;3507
FR;5;2022-05-01;10;7;0;0;0;265219;175027;2563;251;3507
FR;5;2022-05-02;46;27;4;5;2;265265;175054;2567;256;3509
FR;5;2022-05-03;83;55;2;5;11;265348;175109;2569;261;3520
FR;5;2022-05-04;276;204;1;2;7;265624;175313;2570;263;3527
FR;5;2022-05-05;62;30;2;4;3;265686;175343;2572;267;3530
FR;5;2022-05-06;102;63;2;3;5;265788;175406;2574;270;3535
FR;5;2022-05-07;170;115;3;10;13;265958;175521;2577;280;3548
FR;5;2022-05-08;7;8;0;0;2;265965;175529;2577;280;3550
FR;5;2022-05-09;44;31;0;1;2;266009;175560;2577;281;3552
FR;5;2022-05-10;51;45;1;4;3;266060;175605;2578;285;3555
FR;5;2022-05-11;317;230;11;7;21;266377;175835;2589;292;3576
FR;6;2020-12-27;0;0;0;0;0;0;0;0;0;0
FR;6;2020-12-28;0;0;0;0;0;0;0;0;0;0
FR;6;2020-12-29;0;0;0;0;0;0;0;0;0;0
FR;6;2020-12-30;0;0;0;0;0;0;0;0;0;0
FR;6;2020-12-31;0;0;0;0;0;0;0;0;0;0
FR;6;2021-01-01;0;0;0;0;0;0;0;0;0;0
FR;6;2021-01-02;0;0;0;0;0;0;0;0;0;0
FR;6;2021-01-03;0;0;0;0;0;0;0;0;0;0
FR;6;2021-01-04;0;0;0;0;0;0;0;0;0;0
FR;6;2021-01-05;0;0;0;0;0;0;0;0;0;0
FR;6;2021-01-06;0;0;0;0;0;0;0;0;0;0
FR;6;2021-01-07;0;0;0;0;0;0;0;0;0;0
FR;6;2021-01-08;0;0;0;0;0;0;0;0;0;0
FR;6;2021-01-09;0;0;0;0;0;0;0;0;0;0
FR;6;2021-01-10;0;0;0;0;0;0;0;0;0;0
FR;6;2021-01-11;0;0;0;0;0;0;0;0;0;0
FR;6;2021-01-12;0;0;0;0;0;0;0;0;0;0
FR;6;2021-01-13;0;0;0;0;0;0;0;0;0;0
FR;6;2021-01-14;0;0;0;0;0;0;0;0;0;0
FR;6;2021-01-15;0;0;0;0;0;0;0;0;0;0
FR;6;2021-01-16;0;0;0;0;0;0;0;0;0;0
FR;6;2021-01-17;0;0;0;0;0;0;0;0;0;0
FR;6;2021-01-18;0;0;0;0;0;0;0;0;0;0
FR;6;2021-01-19;0;0;0;0;0;0;0;0;0;0
FR;6;2021-01-20;0;0;0;0;0;0;0;0;0;0
FR;6;2021-01-21;0;0;0;0;0;0;0;0;0;0
FR;6;2021-01-22;0;0;0;0;0;0;0;0;0;0
FR;6;2021-01-23;0;0;0;0;0;0;0;0;0;0
FR;6;2021-01-24;0;0;0;0;0;0;0;0;0;0
FR;6;2021-01-25;0;0;0;0;0;0;0;0;0;0
FR;6;2021-01-26;0;0;0;0;0;0;0;0;0;0
FR;6;2021-01-27;0;0;0;0;0;0;0;0;0;0
FR;6;2021-01-28;0;0;0;0;0;0;0;0;0;0
FR;6;2021-01-29;0;0;0;0;0;0;0;0;0;0
FR;6;2021-01-30;0;0;0;0;0;0;0;0;0;0
FR;6;2021-01-31;0;0;0;0;0;0;0;0;0;0
FR;6;2021-02-01;0;0;0;0;0;0;0;0;0;0
FR;6;2021-02-02;0;0;0;0;0;0;0;0;0;0
FR;6;2021-02-03;0;0;0;0;0;0;0;0;0;0
FR;6;2021-02-04;0;0;0;0;0;0;0;0;0;0
FR;6;2021-02-05;0;0;0;0;0;0;0;0;0;0
FR;6;2021-02-06;0;0;0;0;0;0;0;0;0;0
FR;6;2021-02-07;0;0;0;0;0;0;0;0;0;0
FR;6;2021-02-08;0;0;0;0;0;0;0;0;0;0
FR;6;2021-02-09;0;0;0;0;0;0;0;0;0;0
FR;6;2021-02-10;0;0;0;0;0;0;0;0;0;0
FR;6;2021-02-11;0;0;0;0;0;0;0;0;0;0
FR;6;2021-02-12;0;0;0;0;0;0;0;0;0;0
FR;6;2021-02-13;0;0;0;0;0;0;0;0;0;0
FR;6;2021-02-14;0;0;0;0;0;0;0;0;0;0
FR;6;2021-02-15;0;0;0;0;0;0;0;0;0;0
FR;6;2021-02-16;0;0;0;0;0;0;0;0;0;0
FR;6;2021-02-17;0;0;0;0;0;0;0;0;0;0
FR;6;2021-02-18;0;0;0;0;0;0;0;0;0;0
FR;6;2021-02-19;0;0;0;0;0;0;0;0;0;0
FR;6;2021-02-20;0;0;0;0;0;0;0;0;0;0
FR;6;2021-02-21;0;0;0;0;0;0;0;0;0;0
FR;6;2021-02-22;0;0;0;0;0;0;0;0;0;0
FR;6;2021-02-23;0;0;0;0;0;0;0;0;0;0
FR;6;2021-02-24;0;0;0;0;0;0;0;0;0;0
FR;6;2021-02-25;0;0;0;0;0;0;0;0;0;0
FR;6;2021-02-26;0;0;0;0;0;0;0;0;0;0
FR;6;2021-02-27;0;0;0;0;0;0;0;0;0;0
FR;6;2021-02-28;0;0;0;0;0;0;0;0;0;0
FR;6;2021-03-01;0;0;0;0;0;0;0;0;0;0
FR;6;2021-03-02;0;0;0;0;0;0;0;0;0;0
FR;6;2021-03-03;0;0;0;0;0;0;0;0;0;0
FR;6;2021-03-04;0;0;0;0;0;0;0;0;0;0
FR;6;2021-03-05;0;0;0;0;0;0;0;0;0;0
FR;6;2021-03-06;0;0;0;0;0;0;0;0;0;0
FR;6;2021-03-07;0;0;0;0;0;0;0;0;0;0
FR;6;2021-03-08;0;0;0;0;0;0;0;0;0;0
FR;6;2021-03-09;0;0;0;0;0;0;0;0;0;0
FR;6;2021-03-10;0;0;0;0;0;0;0;0;0;0
FR;6;2021-03-11;0;0;0;0;0;0;0;0;0;0
FR;6;2021-03-12;0;0;0;0;0;0;0;0;0;0
FR;6;2021-03-13;0;0;0;0;0;0;0;0;0;0
FR;6;2021-03-14;0;0;0;0;0;0;0;0;0;0
FR;6;2021-03-15;0;0;0;0;0;0;0;0;0;0
FR;6;2021-03-16;0;0;0;0;0;0;0;0;0;0
FR;6;2021-03-17;0;0;0;0;0;0;0;0;0;0
FR;6;2021-03-18;0;0;0;0;0;0;0;0;0;0
FR;6;2021-03-19;0;0;0;0;0;0;0;0;0;0
FR;6;2021-03-20;0;0;0;0;0;0;0;0;0;0
FR;6;2021-03-21;0;0;0;0;0;0;0;0;0;0
FR;6;2021-03-22;0;0;0;0;0;0;0;0;0;0
FR;6;2021-03-23;0;0;0;0;0;0;0;0;0;0
FR;6;2021-03-24;0;0;0;0;0;0;0;0;0;0
FR;6;2021-03-25;0;0;0;0;0;0;0;0;0;0
FR;6;2021-03-26;0;0;0;0;0;0;0;0;0;0
FR;6;2021-03-27;0;0;0;0;0;0;0;0;0;0
FR;6;2021-03-28;0;0;0;0;0;0;0;0;0;0
FR;6;2021-03-29;0;0;0;0;0;0;0;0;0;0
FR;6;2021-03-30;0;0;0;0;0;0;0;0;0;0
FR;6;2021-03-31;0;0;0;0;0;0;0;0;0;0
FR;6;2021-04-01;0;0;0;0;0;0;0;0;0;0
FR;6;2021-04-02;0;0;0;0;0;0;0;0;0;0
FR;6;2021-04-03;0;0;0;0;0;0;0;0;0;0
FR;6;2021-04-04;0;0;0;0;0;0;0;0;0;0
FR;6;2021-04-05;0;0;0;0;0;0;0;0;0;0
FR;6;2021-04-06;0;0;0;0;0;0;0;0;0;0
FR;6;2021-04-07;0;0;0;0;0;0;0;0;0;0
FR;6;2021-04-08;0;0;0;0;0;0;0;0;0;0
FR;6;2021-04-09;0;0;0;0;0;0;0;0;0;0
FR;6;2021-04-10;0;0;0;0;0;0;0;0;0;0
FR;6;2021-04-11;0;0;0;0;0;0;0;0;0;0
FR;6;2021-04-12;0;0;0;0;0;0;0;0;0;0
FR;6;2021-04-13;0;0;0;0;0;0;0;0;0;0
FR;6;2021-04-14;0;0;0;0;0;0;0;0;0;0
FR;6;2021-04-15;0;0;0;0;0;0;0;0;0;0
FR;6;2021-04-16;0;0;0;0;0;0;0;0;0;0
FR;6;2021-04-17;0;0;0;0;0;0;0;0;0;0
FR;6;2021-04-18;0;0;0;0;0;0;0;0;0;0
FR;6;2021-04-19;0;0;0;0;0;0;0;0;0;0
FR;6;2021-04-20;0;0;0;0;0;0;0;0;0;0
FR;6;2021-04-21;0;0;0;0;0;0;0;0;0;0
FR;6;2021-04-22;0;0;0;0;0;0;0;0;0;0
FR;6;2021-04-23;0;0;0;0;0;0;0;0;0;0
FR;6;2021-04-24;0;0;0;0;0;0;0;0;0;0
FR;6;2021-04-25;0;0;0;0;0;0;0;0;0;0
FR;6;2021-04-26;0;0;0;0;0;0;0;0;0;0
FR;6;2021-04-27;0;0;0;0;0;0;0;0;0;0
FR;6;2021-04-28;0;0;0;0;0;0;0;0;0;0
FR;6;2021-04-29;0;0;0;0;0;0;0;0;0;0
FR;6;2021-04-30;0;0;0;0;0;0;0;0;0;0
FR;6;2021-05-01;0;0;0;0;0;0;0;0;0;0
FR;6;2021-05-02;0;0;0;0;0;0;0;0;0;0
FR;6;2021-05-03;0;0;0;0;0;0;0;0;0;0
FR;6;2021-05-04;0;0;0;0;0;0;0;0;0;0
FR;6;2021-05-05;0;0;0;0;0;0;0;0;0;0
FR;6;2021-05-06;0;0;0;0;0;0;0;0;0;0
FR;6;2021-05-07;0;0;0;0;0;0;0;0;0;0
FR;6;2021-05-08;0;0;0;0;0;0;0;0;0;0
FR;6;2021-05-09;0;0;0;0;0;0;0;0;0;0
FR;6;2021-05-10;0;0;0;0;0;0;0;0;0;0
FR;6;2021-05-11;0;0;0;0;0;0;0;0;0;0
FR;6;2021-05-12;0;0;0;0;0;0;0;0;0;0
FR;6;2021-05-13;0;0;0;0;0;0;0;0;0;0
FR;6;2021-05-14;0;0;0;0;0;0;0;0;0;0
FR;6;2021-05-15;0;0;0;0;0;0;0;0;0;0
FR;6;2021-05-16;0;0;0;0;0;0;0;0;0;0
FR;6;2021-05-17;0;0;0;0;0;0;0;0;0;0
FR;6;2021-05-18;0;0;0;0;0;0;0;0;0;0
FR;6;2021-05-19;0;0;0;0;0;0;0;0;0;0
FR;6;2021-05-20;0;0;0;0;0;0;0;0;0;0
FR;6;2021-05-21;0;0;0;0;0;0;0;0;0;0
FR;6;2021-05-22;0;0;0;0;0;0;0;0;0;0
FR;6;2021-05-23;0;0;0;0;0;0;0;0;0;0
FR;6;2021-05-24;0;0;0;0;0;0;0;0;0;0
FR;6;2021-05-25;0;0;0;0;0;0;0;0;0;0
FR;6;2021-05-26;0;0;0;0;0;0;0;0;0;0
FR;6;2021-05-27;0;0;0;0;0;0;0;0;0;0
FR;6;2021-05-28;0;0;0;0;0;0;0;0;0;0
FR;6;2021-05-29;0;0;0;0;0;0;0;0;0;0
FR;6;2021-05-30;0;0;0;0;0;0;0;0;0;0
FR;6;2021-05-31;0;0;0;0;0;0;0;0;0;0
FR;6;2021-06-01;0;0;0;0;0;0;0;0;0;0
FR;6;2021-06-02;0;0;0;0;0;0;0;0;0;0
FR;6;2021-06-03;0;0;0;0;0;0;0;0;0;0
FR;6;2021-06-04;0;0;0;0;0;0;0;0;0;0
FR;6;2021-06-05;0;0;0;0;0;0;0;0;0;0
FR;6;2021-06-06;0;0;0;0;0;0;0;0;0;0
FR;6;2021-06-07;0;0;0;0;0;0;0;0;0;0
FR;6;2021-06-08;0;0;0;0;0;0;0;0;0;0
FR;6;2021-06-09;0;0;0;0;0;0;0;0;0;0
FR;6;2021-06-10;0;0;0;0;0;0;0;0;0;0
FR;6;2021-06-11;0;0;0;0;0;0;0;0;0;0
FR;6;2021-06-12;0;0;0;0;0;0;0;0;0;0
FR;6;2021-06-13;0;0;0;0;0;0;0;0;0;0
FR;6;2021-06-14;0;0;0;0;0;0;0;0;0;0
FR;6;2021-06-15;0;0;0;0;0;0;0;0;0;0
FR;6;2021-06-16;0;0;0;0;0;0;0;0;0;0
FR;6;2021-06-17;0;0;0;0;0;0;0;0;0;0
FR;6;2021-06-18;0;0;0;0;0;0;0;0;0;0
FR;6;2021-06-19;0;0;0;0;0;0;0;0;0;0
FR;6;2021-06-20;0;0;0;0;0;0;0;0;0;0
FR;6;2021-06-21;0;0;0;0;0;0;0;0;0;0
FR;6;2021-06-22;0;0;0;0;0;0;0;0;0;0
FR;6;2021-06-23;0;0;0;0;0;0;0;0;0;0
FR;6;2021-06-24;0;0;0;0;0;0;0;0;0;0
FR;6;2021-06-25;0;0;0;0;0;0;0;0;0;0
FR;6;2021-06-26;0;0;0;0;0;0;0;0;0;0
FR;6;2021-06-27;0;0;0;0;0;0;0;0;0;0
FR;6;2021-06-28;0;0;0;0;0;0;0;0;0;0
FR;6;2021-06-29;0;0;0;0;0;0;0;0;0;0
FR;6;2021-06-30;0;0;0;0;0;0;0;0;0;0
FR;6;2021-07-01;0;0;0;0;0;0;0;0;0;0
FR;6;2021-07-02;0;0;0;0;0;0;0;0;0;0
FR;6;2021-07-03;0;0;0;0;0;0;0;0;0;0
FR;6;2021-07-04;0;0;0;0;0;0;0;0;0;0
FR;6;2021-07-05;0;0;0;0;0;0;0;0;0;0
FR;6;2021-07-06;0;0;0;0;0;0;0;0;0;0
FR;6;2021-07-07;0;0;0;0;0;0;0;0;0;0
FR;6;2021-07-08;0;0;0;0;0;0;0;0;0;0
FR;6;2021-07-09;0;0;0;0;0;0;0;0;0;0
FR;6;2021-07-10;0;0;0;0;0;0;0;0;0;0
FR;6;2021-07-11;0;0;0;0;0;0;0;0;0;0
FR;6;2021-07-12;0;0;0;0;0;0;0;0;0;0
FR;6;2021-07-13;0;0;0;0;0;0;0;0;0;0
FR;6;2021-07-14;0;0;0;0;0;0;0;0;0;0
FR;6;2021-07-15;0;0;0;0;0;0;0;0;0;0
FR;6;2021-07-16;0;0;0;0;0;0;0;0;0;0
FR;6;2021-07-17;0;0;0;0;0;0;0;0;0;0
FR;6;2021-07-18;0;0;0;0;0;0;0;0;0;0
FR;6;2021-07-19;0;0;0;0;0;0;0;0;0;0
FR;6;2021-07-20;0;0;0;0;0;0;0;0;0;0
FR;6;2021-07-21;0;0;0;0;0;0;0;0;0;0
FR;6;2021-07-22;0;0;0;0;0;0;0;0;0;0
FR;6;2021-07-23;0;0;0;0;0;0;0;0;0;0
FR;6;2021-07-24;0;0;0;0;0;0;0;0;0;0
FR;6;2021-07-25;0;0;0;0;0;0;0;0;0;0
FR;6;2021-07-26;0;0;0;0;0;0;0;0;0;0
FR;6;2021-07-27;0;0;0;0;0;0;0;0;0;0
FR;6;2021-07-28;0;0;0;0;0;0;0;0;0;0
FR;6;2021-07-29;0;0;0;0;0;0;0;0;0;0
FR;6;2021-07-30;0;0;0;0;0;0;0;0;0;0
FR;6;2021-07-31;0;0;0;0;0;0;0;0;0;0
FR;6;2021-08-01;0;0;0;0;0;0;0;0;0;0
FR;6;2021-08-02;0;0;0;0;0;0;0;0;0;0
FR;6;2021-08-03;0;0;0;0;0;0;0;0;0;0
FR;6;2021-08-04;0;0;0;0;0;0;0;0;0;0
FR;6;2021-08-05;0;0;0;0;0;0;0;0;0;0
FR;6;2021-08-06;0;0;0;0;0;0;0;0;0;0
FR;6;2021-08-07;0;0;0;0;0;0;0;0;0;0
FR;6;2021-08-08;0;0;0;0;0;0;0;0;0;0
FR;6;2021-08-09;0;0;0;0;0;0;0;0;0;0
FR;6;2021-08-10;0;0;0;0;0;0;0;0;0;0
FR;6;2021-08-11;0;0;0;0;0;0;0;0;0;0
FR;6;2021-08-12;0;0;0;0;0;0;0;0;0;0
FR;6;2021-08-13;0;0;0;0;0;0;0;0;0;0
FR;6;2021-08-14;0;0;0;0;0;0;0;0;0;0
FR;6;2021-08-15;0;0;0;0;0;0;0;0;0;0
FR;6;2021-08-16;0;0;0;0;0;0;0;0;0;0
FR;6;2021-08-17;0;0;0;0;0;0;0;0;0;0
FR;6;2021-08-18;0;0;0;0;0;0;0;0;0;0
FR;6;2021-08-19;0;0;0;0;0;0;0;0;0;0
FR;6;2021-08-20;0;0;0;0;0;0;0;0;0;0
FR;6;2021-08-21;0;0;0;0;0;0;0;0;0;0
FR;6;2021-08-22;0;0;0;0;0;0;0;0;0;0
FR;6;2021-08-23;0;0;0;0;0;0;0;0;0;0
FR;6;2021-08-24;0;0;0;0;0;0;0;0;0;0
FR;6;2021-08-25;0;0;0;0;0;0;0;0;0;0
FR;6;2021-08-26;0;0;0;0;0;0;0;0;0;0
FR;6;2021-08-27;0;0;0;0;0;0;0;0;0;0
FR;6;2021-08-28;0;0;0;0;0;0;0;0;0;0
FR;6;2021-08-29;0;0;0;0;0;0;0;0;0;0
FR;6;2021-08-30;0;0;0;0;0;0;0;0;0;0
FR;6;2021-08-31;0;0;0;0;0;0;0;0;0;0
FR;6;2021-09-01;0;0;0;0;0;0;0;0;0;0
FR;6;2021-09-02;0;0;0;0;0;0;0;0;0;0
FR;6;2021-09-03;0;0;0;0;0;0;0;0;0;0
FR;6;2021-09-04;0;0;0;0;0;0;0;0;0;0
FR;6;2021-09-05;0;0;0;0;0;0;0;0;0;0
FR;6;2021-09-06;0;0;0;0;0;0;0;0;0;0
FR;6;2021-09-07;0;0;0;0;0;0;0;0;0;0
FR;6;2021-09-08;0;0;0;0;0;0;0;0;0;0
FR;6;2021-09-09;0;0;0;0;0;0;0;0;0;0
FR;6;2021-09-10;0;0;0;0;0;0;0;0;0;0
FR;6;2021-09-11;0;0;0;0;0;0;0;0;0;0
FR;6;2021-09-12;0;0;0;0;0;0;0;0;0;0
FR;6;2021-09-13;0;0;0;0;0;0;0;0;0;0
FR;6;2021-09-14;0;0;0;0;0;0;0;0;0;0
FR;6;2021-09-15;0;0;0;0;0;0;0;0;0;0
FR;6;2021-09-16;0;0;0;0;0;0;0;0;0;0
FR;6;2021-09-17;0;0;0;0;0;0;0;0;0;0
FR;6;2021-09-18;0;0;0;0;0;0;0;0;0;0
FR;6;2021-09-19;0;0;0;0;0;0;0;0;0;0
FR;6;2021-09-20;0;0;0;0;0;0;0;0;0;0
FR;6;2021-09-21;0;0;0;0;0;0;0;0;0;0
FR;6;2021-09-22;0;0;0;0;0;0;0;0;0;0
FR;6;2021-09-23;0;0;0;0;0;0;0;0;0;0
FR;6;2021-09-24;0;0;0;0;0;0;0;0;0;0
FR;6;2021-09-25;0;0;0;0;0;0;0;0;0;0
FR;6;2021-09-26;0;0;0;0;0;0;0;0;0;0
FR;6;2021-09-27;0;0;0;0;0;0;0;0;0;0
FR;6;2021-09-28;0;0;0;0;0;0;0;0;0;0
FR;6;2021-09-29;0;0;0;0;0;0;0;0;0;0
FR;6;2021-09-30;0;0;0;0;0;0;0;0;0;0
FR;6;2021-10-01;0;0;0;0;0;0;0;0;0;0
FR;6;2021-10-02;0;0;0;0;0;0;0;0;0;0
FR;6;2021-10-03;0;0;0;0;0;0;0;0;0;0
FR;6;2021-10-04;0;0;0;0;0;0;0;0;0;0
FR;6;2021-10-05;0;0;0;0;0;0;0;0;0;0
FR;6;2021-10-06;0;0;0;0;0;0;0;0;0;0
FR;6;2021-10-07;0;0;0;0;0;0;0;0;0;0
FR;6;2021-10-08;0;0;0;0;0;0;0;0;0;0
FR;6;2021-10-09;0;0;0;0;0;0;0;0;0;0
FR;6;2021-10-10;0;0;0;0;0;0;0;0;0;0
FR;6;2021-10-11;0;0;0;0;0;0;0;0;0;0
FR;6;2021-10-12;0;0;0;0;0;0;0;0;0;0
FR;6;2021-10-13;0;0;0;0;0;0;0;0;0;0
FR;6;2021-10-14;0;0;0;0;0;0;0;0;0;0
FR;6;2021-10-15;0;0;0;0;0;0;0;0;0;0
FR;6;2021-10-16;0;0;0;0;0;0;0;0;0;0
FR;6;2021-10-17;0;0;0;0;0;0;0;0;0;0
FR;6;2021-10-18;0;0;0;0;0;0;0;0;0;0
FR;6;2021-10-19;0;0;0;0;0;0;0;0;0;0
FR;6;2021-10-20;0;0;0;0;0;0;0;0;0;0
FR;6;2021-10-21;0;0;0;0;0;0;0;0;0;0
FR;6;2021-10-22;0;0;0;0;0;0;0;0;0;0
FR;6;2021-10-23;0;0;0;0;0;0;0;0;0;0
FR;6;2021-10-24;0;0;0;0;0;0;0;0;0;0
FR;6;2021-10-25;0;0;0;0;0;0;0;0;0;0
FR;6;2021-10-26;0;0;0;0;0;0;0;0;0;0
FR;6;2021-10-27;0;0;0;0;0;0;0;0;0;0
FR;6;2021-10-28;0;0;0;0;0;0;0;0;0;0
FR;6;2021-10-29;0;0;0;0;0;0;0;0;0;0
FR;6;2021-10-30;0;0;0;0;0;0;0;0;0;0
FR;6;2021-10-31;0;0;0;0;0;0;0;0;0;0
FR;6;2021-11-01;0;0;0;0;0;0;0;0;0;0
FR;6;2021-11-02;0;0;0;0;0;0;0;0;0;0
FR;6;2021-11-03;0;0;0;0;0;0;0;0;0;0
FR;6;2021-11-04;0;0;0;0;0;0;0;0;0;0
FR;6;2021-11-05;0;0;0;0;0;0;0;0;0;0
FR;6;2021-11-06;0;0;0;0;0;0;0;0;0;0
FR;6;2021-11-07;0;0;0;0;0;0;0;0;0;0
FR;6;2021-11-08;0;0;0;0;0;0;0;0;0;0
FR;6;2021-11-09;0;0;0;0;0;0;0;0;0;0
FR;6;2021-11-10;0;0;0;0;0;0;0;0;0;0
FR;6;2021-11-11;0;0;0;0;0;0;0;0;0;0
FR;6;2021-11-12;0;0;0;0;0;0;0;0;0;0
FR;6;2021-11-13;0;0;0;0;0;0;0;0;0;0
FR;6;2021-11-14;0;0;0;0;0;0;0;0;0;0
FR;6;2021-11-15;0;0;0;0;0;0;0;0;0;0
FR;6;2021-11-16;0;0;0;0;0;0;0;0;0;0
FR;6;2021-11-17;0;0;0;0;0;0;0;0;0;0
FR;6;2021-11-18;0;0;0;0;0;0;0;0;0;0
FR;6;2021-11-19;0;0;0;0;0;0;0;0;0;0
FR;6;2021-11-20;0;0;0;0;0;0;0;0;0;0
FR;6;2021-11-21;0;0;0;0;0;0;0;0;0;0
FR;6;2021-11-22;0;0;0;0;0;0;0;0;0;0
FR;6;2021-11-23;0;0;0;0;0;0;0;0;0;0
FR;6;2021-11-24;0;0;0;0;0;0;0;0;0;0
FR;6;2021-11-25;0;0;0;0;0;0;0;0;0;0
FR;6;2021-11-26;0;0;0;0;0;0;0;0;0;0
FR;6;2021-11-27;0;0;0;0;0;0;0;0;0;0
FR;6;2021-11-28;0;0;0;0;0;0;0;0;0;0
FR;6;2021-11-29;0;0;0;0;0;0;0;0;0;0
FR;6;2021-11-30;0;0;0;0;0;0;0;0;0;0
FR;6;2021-12-01;0;0;0;0;0;0;0;0;0;0
FR;6;2021-12-02;0;0;0;0;0;0;0;0;0;0
FR;6;2021-12-03;0;0;0;0;0;0;0;0;0;0
FR;6;2021-12-04;0;0;0;0;0;0;0;0;0;0
FR;6;2021-12-05;0;0;0;0;0;0;0;0;0;0
FR;6;2021-12-06;0;0;0;0;0;0;0;0;0;0
FR;6;2021-12-07;0;0;0;0;0;0;0;0;0;0
FR;6;2021-12-08;0;0;0;0;0;0;0;0;0;0
FR;6;2021-12-09;0;0;0;0;0;0;0;0;0;0
FR;6;2021-12-10;0;0;0;0;0;0;0;0;0;0
FR;6;2021-12-11;0;0;0;0;0;0;0;0;0;0
FR;6;2021-12-12;0;0;0;0;0;0;0;0;0;0
FR;6;2021-12-13;0;0;0;0;0;0;0;0;0;0
FR;6;2021-12-14;0;0;0;0;0;0;0;0;0;0
FR;6;2021-12-15;0;0;0;0;0;0;0;0;0;0
FR;6;2021-12-16;0;0;0;0;0;0;0;0;0;0
FR;6;2021-12-17;0;0;0;0;0;0;0;0;0;0
FR;6;2021-12-18;0;0;0;0;0;0;0;0;0;0
FR;6;2021-12-19;0;0;0;0;0;0;0;0;0;0
FR;6;2021-12-20;0;0;0;0;0;0;0;0;0;0
FR;6;2021-12-21;0;0;0;0;0;0;0;0;0;0
FR;6;2021-12-22;0;0;0;0;0;0;0;0;0;0
FR;6;2021-12-23;0;0;0;0;0;0;0;0;0;0
FR;6;2021-12-24;0;0;0;0;0;0;0;0;0;0
FR;6;2021-12-25;0;0;0;0;0;0;0;0;0;0
FR;6;2021-12-26;0;0;0;0;0;0;0;0;0;0
FR;6;2021-12-27;0;0;0;0;0;0;0;0;0;0
FR;6;2021-12-28;0;0;0;0;0;0;0;0;0;0
FR;6;2021-12-29;0;0;0;0;0;0;0;0;0;0
FR;6;2021-12-30;0;0;0;0;0;0;0;0;0;0
FR;6;2021-12-31;0;0;0;0;0;0;0;0;0;0
FR;6;2022-01-01;0;0;0;0;0;0;0;0;0;0
FR;6;2022-01-02;0;0;0;0;0;0;0;0;0;0
FR;6;2022-01-03;0;0;0;0;0;0;0;0;0;0
FR;6;2022-01-04;0;0;0;0;0;0;0;0;0;0
FR;6;2022-01-05;0;0;0;0;0;0;0;0;0;0
FR;6;2022-01-06;0;0;0;0;0;0;0;0;0;0
FR;6;2022-01-07;0;0;0;0;0;0;0;0;0;0
FR;6;2022-01-08;0;0;0;0;0;0;0;0;0;0
FR;6;2022-01-09;0;0;0;0;0;0;0;0;0;0
FR;6;2022-01-10;0;0;0;0;0;0;0;0;0;0
FR;6;2022-01-11;0;0;0;0;0;0;0;0;0;0
FR;6;2022-01-12;0;0;0;0;0;0;0;0;0;0
FR;6;2022-01-13;0;0;0;0;0;0;0;0;0;0
FR;6;2022-01-14;0;0;0;0;0;0;0;0;0;0
FR;6;2022-01-15;0;0;0;0;0;0;0;0;0;0
FR;6;2022-01-16;0;0;0;0;0;0;0;0;0;0
FR;6;2022-01-17;0;0;0;0;0;0;0;0;0;0
FR;6;2022-01-18;0;0;0;0;0;0;0;0;0;0
FR;6;2022-01-19;0;0;0;0;0;0;0;0;0;0
FR;6;2022-01-20;0;0;0;0;0;0;0;0;0;0
FR;6;2022-01-21;0;0;0;0;0;0;0;0;0;0
FR;6;2022-01-22;0;0;0;0;0;0;0;0;0;0
FR;6;2022-01-23;0;0;0;0;0;0;0;0;0;0
FR;6;2022-01-24;0;0;0;0;0;0;0;0;0;0
FR;6;2022-01-25;0;0;0;0;0;0;0;0;0;0
FR;6;2022-01-26;0;0;0;0;0;0;0;0;0;0
FR;6;2022-01-27;0;0;0;0;0;0;0;0;0;0
FR;6;2022-01-28;0;0;0;0;0;0;0;0;0;0
FR;6;2022-01-29;0;0;0;0;0;0;0;0;0;0
FR;6;2022-01-30;0;0;0;0;0;0;0;0;0;0
FR;6;2022-01-31;0;0;0;0;0;0;0;0;0;0
FR;6;2022-02-01;0;0;0;0;0;0;0;0;0;0
FR;6;2022-02-02;0;0;0;0;0;0;0;0;0;0
FR;6;2022-02-03;0;0;0;0;0;0;0;0;0;0
FR;6;2022-02-04;0;0;0;0;0;0;0;0;0;0
FR;6;2022-02-05;0;0;0;0;0;0;0;0;0;0
FR;6;2022-02-06;0;0;0;0;0;0;0;0;0;0
FR;6;2022-02-07;0;0;0;0;0;0;0;0;0;0
FR;6;2022-02-08;0;0;0;0;0;0;0;0;0;0
FR;6;2022-02-09;0;0;0;0;0;0;0;0;0;0
FR;6;2022-02-10;0;0;0;0;0;0;0;0;0;0
FR;6;2022-02-11;0;0;0;0;0;0;0;0;0;0
FR;6;2022-02-12;0;0;0;0;0;0;0;0;0;0
FR;6;2022-02-13;0;0;0;0;0;0;0;0;0;0
FR;6;2022-02-14;0;0;0;0;0;0;0;0;0;0
FR;6;2022-02-15;0;0;0;0;0;0;0;0;0;0
FR;6;2022-02-16;0;0;0;0;0;0;0;0;0;0
FR;6;2022-02-17;0;0;0;0;0;0;0;0;0;0
FR;6;2022-02-18;0;0;0;0;0;0;0;0;0;0
FR;6;2022-02-19;0;0;0;0;0;0;0;0;0;0
FR;6;2022-02-20;0;0;0;0;0;0;0;0;0;0
FR;6;2022-02-21;0;0;0;0;0;0;0;0;0;0
FR;6;2022-02-22;0;0;0;0;0;0;0;0;0;0
FR;6;2022-02-23;0;0;0;0;0;0;0;0;0;0
FR;6;2022-02-24;0;0;0;0;0;0;0;0;0;0
FR;6;2022-02-25;0;0;0;0;0;0;0;0;0;0
FR;6;2022-02-26;1;0;0;0;0;1;0;0;0;0
FR;6;2022-02-27;0;0;0;0;0;1;0;0;0;0
FR;6;2022-02-28;0;0;0;0;0;1;0;0;0;0
FR;6;2022-03-01;3;0;0;0;0;4;0;0;0;0
FR;6;2022-03-02;97;9;2;0;7;101;9;2;0;7
FR;6;2022-03-03;0;0;0;0;0;101;9;2;0;7
FR;6;2022-03-04;91;4;0;0;4;192;13;2;0;11
FR;6;2022-03-05;391;23;2;0;14;583;36;4;0;25
FR;6;2022-03-06;7;1;0;0;0;590;37;4;0;25
FR;6;2022-03-07;337;19;0;0;13;927;56;4;0;38
FR;6;2022-03-08;230;14;0;0;5;1157;70;4;0;43
FR;6;2022-03-09;519;29;2;0;21;1676;99;6;0;64
FR;6;2022-03-10;206;18;0;1;12;1882;117;6;1;76
FR;6;2022-03-11;328;21;6;0;21;2210;138;12;1;97
FR;6;2022-03-12;518;25;1;0;20;2728;163;13;1;117
FR;6;2022-03-13;40;2;0;0;1;2768;165;13;1;118
FR;6;2022-03-14;201;4;2;0;3;2969;169;15;1;121
FR;6;2022-03-15;112;11;2;0;9;3081;180;17;1;130
FR;6;2022-03-16;310;17;1;1;14;3391;197;18;2;144
FR;6;2022-03-17;117;6;1;2;4;3508;203;19;4;148
FR;6;2022-03-18;214;11;0;0;6;3722;214;19;4;154
FR;6;2022-03-19;307;19;2;0;9;4029;233;21;4;163
FR;6;2022-03-20;15;5;0;0;1;4044;238;21;4;164
FR;6;2022-03-21;132;23;1;0;4;4176;261;22;4;168
FR;6;2022-03-22;97;15;0;0;4;4273;276;22;4;172
FR;6;2022-03-23;226;108;3;0;14;4499;384;25;4;186
FR;6;2022-03-24;99;15;1;3;4;4598;399;26;7;190
FR;6;2022-03-25;203;141;2;1;15;4801;540;28;8;205
FR;6;2022-03-26;332;295;7;1;19;5133;835;35;9;224
FR;6;2022-03-27;32;30;1;0;1;5165;865;36;9;225
FR;6;2022-03-28;200;208;8;1;17;5365;1073;44;10;242
FR;6;2022-03-29;126;189;12;2;12;5491;1262;56;12;254
FR;6;2022-03-30;305;476;10;2;22;5796;1738;66;14;276
FR;6;2022-03-31;124;140;9;0;13;5920;1878;75;14;289
FR;6;2022-04-01;194;150;11;2;23;6114;2028;86;16;312
FR;6;2022-04-02;205;241;9;1;13;6319;2269;95;17;325
FR;6;2022-04-03;17;21;0;0;1;6336;2290;95;17;326
FR;6;2022-04-04;130;114;6;1;9;6466;2404;101;18;335
FR;6;2022-04-05;145;88;15;1;11;6611;2492;116;19;346
FR;6;2022-04-06;202;245;22;26;27;6813;2737;138;45;373
FR;6;2022-04-07;127;96;15;5;17;6940;2833;153;50;390
FR;6;2022-04-08;199;170;16;3;17;7139;3003;169;53;407
FR;6;2022-04-09;145;139;6;12;13;7284;3142;175;65;420
FR;6;2022-04-10;10;20;3;0;1;7294;3162;178;65;421
FR;6;2022-04-11;101;106;4;0;5;7395;3268;182;65;426
FR;6;2022-04-12;132;75;5;8;10;7527;3343;187;73;436
FR;6;2022-04-13;160;175;7;5;13;7687;3518;194;78;449
FR;6;2022-04-14;100;103;5;10;8;7787;3621;199;88;457
FR;6;2022-04-15;159;148;11;7;19;7946;3769;210;95;476
FR;6;2022-04-16;126;132;5;0;14;8072;3901;215;95;490
FR;6;2022-04-17;8;9;4;0;4;8080;3910;219;95;494
FR;6;2022-04-18;8;15;3;0;4;8088;3925;222;95;498
FR;6;2022-04-19;97;112;4;3;3;8185;4037;226;98;501
FR;6;2022-04-20;172;227;8;7;15;8357;4264;234;105;516
FR;6;2022-04-21;111;93;8;4;11;8468;4357;242;109;527
FR;6;2022-04-22;135;160;13;12;13;8603;4517;255;121;540
FR;6;2022-04-23;104;129;1;1;7;8707;4646;256;122;547
FR;6;2022-04-24;5;21;1;0;0;8712;4667;257;122;547
FR;6;2022-04-25;90;128;3;8;11;8802;4795;260;130;558
FR;6;2022-04-26;100;128;18;2;16;8902;4923;278;132;574
FR;6;2022-04-27;196;158;20;1;26;9098;5081;298;133;600
FR;6;2022-04-28;107;87;6;1;8;9205;5168;304;134;608
FR;6;2022-04-29;186;168;16;2;20;9391;5336;320;136;628
FR;6;2022-04-30;131;125;7;1;24;9522;5461;327;137;652
FR;6;2022-05-01;7;6;0;0;0;9529;5467;327;137;652
FR;6;2022-05-02;94;65;3;4;3;9623;5532;330;141;655
FR;6;2022-05-03;136;91;11;2;7;9759;5623;341;143;662
FR;6;2022-05-04;165;115;25;12;27;9924;5738;366;155;689
FR;6;2022-05-05;101;70;8;3;12;10025;5808;374;158;701
FR;6;2022-05-06;149;109;10;9;16;10174;5917;384;167;717
FR;6;2022-05-07;137;93;13;3;23;10311;6010;397;170;740
FR;6;2022-05-08;20;8;6;5;7;10331;6018;403;175;747
FR;6;2022-05-09;83;70;7;7;11;10414;6088;410;182;758
FR;6;2022-05-10;109;80;15;7;12;10523;6168;425;189;770
FR;6;2022-05-11;128;113;8;14;17;10651;6281;433;203;787
FR;0;2020-12-27;601;0;0;0;0;601;0;0;0;0
FR;0;2020-12-28;663;1;0;0;0;1264;1;0;0;0
FR;0;2020-12-29;371;0;0;0;0;1635;1;0;0;0
FR;0;2020-12-30;436;0;0;0;0;2071;1;0;0;0
FR;0;2020-12-31;407;0;0;0;0;2478;1;0;0;0
FR;0;2021-01-01;1135;1;0;0;0;3613;2;0;0;0
FR;0;2021-01-02;355;3;0;0;0;3968;5;0;0;0
FR;0;2021-01-03;398;0;0;0;0;4366;5;0;0;0
FR;0;2021-01-04;2086;1;0;0;0;6452;6;0;0;0
FR;0;2021-01-05;7508;2;0;0;0;13960;8;0;0;0
FR;0;2021-01-06;12400;9;0;0;0;26360;17;0;0;0
FR;0;2021-01-07;29443;9;0;0;0;55803;26;0;0;0
FR;0;2021-01-08;37119;8;0;0;0;92922;34;0;0;0
FR;0;2021-01-09;11208;4;0;0;0;104130;38;0;0;0
FR;0;2021-01-10;5996;3;0;0;0;110126;41;0;0;0
FR;0;2021-01-11;39918;14;0;0;0;150044;55;0;0;0
FR;0;2021-01-12;62119;14;0;0;0;212163;69;0;0;0
FR;0;2021-01-13;65094;27;0;0;0;277257;96;0;0;0
FR;0;2021-01-14;83121;64;0;0;0;360378;160;0;0;0
FR;0;2021-01-15;68984;24;0;0;0;429362;184;0;0;0
FR;0;2021-01-16;20206;72;0;0;0;449568;256;0;0;0
FR;0;2021-01-17;10976;46;0;0;0;460544;302;0;0;0
FR;0;2021-01-18;85870;165;0;0;0;546414;467;0;0;0
FR;0;2021-01-19;130568;169;0;0;0;676982;636;0;0;0
FR;0;2021-01-20;137518;169;0;0;0;814500;805;0;0;0
FR;0;2021-01-21;158366;166;0;0;0;972866;971;0;0;0
FR;0;2021-01-22;121034;198;0;0;0;1093900;1169;0;0;0
FR;0;2021-01-23;38462;63;0;0;0;1132362;1232;0;0;0
FR;0;2021-01-24;9739;69;0;0;0;1142101;1301;0;0;0
FR;0;2021-01-25;78215;1260;0;0;0;1220316;2561;0;0;0
FR;0;2021-01-26;100353;3256;1;0;0;1320669;5817;1;0;0
FR;0;2021-01-27;107221;5876;0;0;0;1427890;11693;1;0;0
FR;0;2021-01-28;124319;14857;0;0;0;1552209;26550;1;0;0
FR;0;2021-01-29;92166;17667;0;0;0;1644375;44217;1;0;0
FR;0;2021-01-30;29108;4264;0;0;0;1673483;48481;1;0;0
FR;0;2021-01-31;5223;1733;0;0;0;1678706;50214;1;0;0
FR;0;2021-02-01;53100;21474;0;0;0;1731806;71688;1;0;0
FR;0;2021-02-02;72274;35546;0;0;0;1804080;107234;1;0;0
FR;0;2021-02-03;72281;37711;0;0;0;1876361;144945;1;0;0
FR;0;2021-02-04;82039;51247;0;0;0;1958400;196192;1;0;0
FR;0;2021-02-05;68212;45949;0;0;0;2026612;242141;1;0;0
FR;0;2021-02-06;23120;10722;0;0;0;2049732;252863;1;0;0
FR;0;2021-02-07;5180;5217;0;0;0;2054912;258080;1;0;0
FR;0;2021-02-08;46814;46779;0;0;0;2101726;304859;1;0;0
FR;0;2021-02-09;65989;73964;0;0;0;2167715;378823;1;0;0
FR;0;2021-02-10;70975;78716;0;0;0;2238690;457539;1;0;0
FR;0;2021-02-11;87232;100784;0;0;0;2325922;558323;1;0;0
FR;0;2021-02-12;79280;74783;0;0;0;2405202;633106;1;0;0
FR;0;2021-02-13;22350;19559;0;0;0;2427552;652665;1;0;0
FR;0;2021-02-14;5068;7121;0;0;0;2432620;659786;1;0;0
FR;0;2021-02-15;38062;76666;0;0;0;2470682;736452;1;0;0
FR;0;2021-02-16;50360;100554;0;0;0;2521042;837006;1;0;0
FR;0;2021-02-17;50489;104338;1;0;0;2571531;941344;2;0;0
FR;0;2021-02-18;69753;119869;0;0;0;2641284;1061213;2;0;0
FR;0;2021-02-19;65044;90991;1;0;0;2706328;1152204;3;0;0
FR;0;2021-02-20;18571;28572;0;0;0;2724899;1180776;3;0;0
FR;0;2021-02-21;3313;6351;0;0;0;2728212;1187127;3;0;0
FR;0;2021-02-22;37474;73118;2;0;0;2765686;1260245;5;0;0
FR;0;2021-02-23;53755;84424;1;0;0;2819441;1344669;6;0;0
FR;0;2021-02-24;59975;81523;1;0;0;2879416;1426192;7;0;0
FR;0;2021-02-25;100538;91418;1;0;0;2979954;1517610;8;0;0
FR;0;2021-02-26;113420;70743;1;0;0;3093374;1588353;9;0;0
FR;0;2021-02-27;52091;22139;0;0;0;3145465;1610492;9;0;0
FR;0;2021-02-28;6190;4295;1;0;0;3151655;1614787;10;0;0
FR;0;2021-03-01;65823;53254;1;0;0;3217478;1668041;11;0;0
FR;0;2021-03-02;101338;66525;2;0;0;3318816;1734566;13;0;0
FR;0;2021-03-03;116457;65489;0;0;0;3435273;1800055;13;0;0
FR;0;2021-03-04;163575;69965;3;0;0;3598848;1870020;16;0;0
FR;0;2021-03-05;200873;63166;3;0;0;3799721;1933186;19;0;0
FR;0;2021-03-06;207917;17742;3;0;0;4007638;1950928;22;0;0
FR;0;2021-03-07;121249;5047;1;0;0;4128887;1955975;23;0;0
FR;0;2021-03-08;107107;50464;2;0;0;4235994;2006439;25;0;0
FR;0;2021-03-09;172401;56529;2;0;0;4408395;2062968;27;0;0
FR;0;2021-03-10;178924;57132;5;0;0;4587319;2120100;32;0;0
FR;0;2021-03-11;242815;63326;2;0;0;4830134;2183426;34;0;0
FR;0;2021-03-12;294766;53424;1;0;0;5124900;2236850;35;0;0
FR;0;2021-03-13;231366;15294;1;0;0;5356266;2252144;36;0;0
FR;0;2021-03-14;63333;3342;1;0;0;5419599;2255486;37;0;0
FR;0;2021-03-15;158596;32238;3;0;0;5578195;2287724;40;0;0
FR;0;2021-03-16;141534;39198;6;0;0;5719729;2326922;46;0;0
FR;0;2021-03-17;150435;38254;4;0;0;5870164;2365176;50;0;0
FR;0;2021-03-18;167770;44551;5;0;0;6037934;2409727;55;0;0
FR;0;2021-03-19;229951;37220;2;0;0;6267885;2446947;57;0;0
FR;0;2021-03-20;166638;11601;1;0;0;6434523;2458548;58;0;0
FR;0;2021-03-21;49916;2531;1;0;0;6484439;2461079;59;0;0
FR;0;2021-03-22;169992;34045;2;0;0;6654431;2495124;61;0;0
FR;0;2021-03-23;250327;42409;1;0;0;6904758;2537533;62;0;0
FR;0;2021-03-24;256844;43740;0;0;0;7161602;2581273;62;0;0
FR;0;2021-03-25;341739;44832;5;0;0;7503341;2626105;67;0;0
FR;0;2021-03-26;358739;41835;4;1;0;7862080;2667940;71;1;0
FR;0;2021-03-27;195234;16701;1;0;0;8057314;2684641;72;1;0
FR;0;2021-03-28;59319;3986;3;0;0;8116633;2688627;75;1;0
FR;0;2021-03-29;202926;54074;4;0;0;8319559;2742701;79;1;0
FR;0;2021-03-30;285399;69636;4;0;0;8604958;2812337;83;1;0
FR;0;2021-03-31;262951;73153;4;0;0;8867909;2885490;87;1;0
FR;0;2021-04-01;315372;88985;12;0;0;9183281;2974475;99;1;0
FR;0;2021-04-02;281266;92606;7;0;0;9464547;3067081;106;1;0
FR;0;2021-04-03;141043;61874;5;0;0;9605590;3128955;111;1;0
FR;0;2021-04-04;46432;18718;2;0;0;9652022;3147673;113;1;0
FR;0;2021-04-05;63299;10825;11;0;0;9715321;3158498;124;1;0
FR;0;2021-04-06;217132;108986;17;0;0;9932453;3267484;141;1;0
FR;0;2021-04-07;260181;115433;17;0;0;10192634;3382917;158;1;0
FR;0;2021-04-08;337724;121536;14;0;0;10530358;3504453;172;1;0
FR;0;2021-04-09;410068;116292;49;0;0;10940426;3620745;221;1;0
FR;0;2021-04-10;212575;82606;15;0;0;11153001;3703351;236;1;0
FR;0;2021-04-11;56118;34448;7;0;0;11209119;3737799;243;1;0
FR;0;2021-04-12;236988;115208;45;0;0;11446107;3853007;288;1;0
FR;0;2021-04-13;309410;144590;98;1;0;11755517;3997597;386;2;0
FR;0;2021-04-14;294423;139287;213;0;0;12049940;4136884;599;2;0
FR;0;2021-04-15;336998;148203;338;0;0;12386938;4285087;937;2;0
FR;0;2021-04-16;339216;145808;352;0;0;12726154;4430895;1289;2;0
FR;0;2021-04-17;188617;90050;108;0;0;12914771;4520945;1397;2;0
FR;0;2021-04-18;51600;35370;47;0;0;12966371;4556315;1444;2;0
FR;0;2021-04-19;205633;138162;454;0;0;13172004;4694477;1898;2;0
FR;0;2021-04-20;254335;170689;568;0;0;13426339;4865166;2466;2;0
FR;0;2021-04-21;253161;168972;833;0;0;13679500;5034138;3299;2;0
FR;0;2021-04-22;287480;188513;818;0;0;13966980;5222651;4117;2;0
FR;0;2021-04-23;297930;183361;746;0;0;14264910;5406012;4863;2;0
FR;0;2021-04-24;190407;111511;251;0;0;14455317;5517523;5114;2;0
FR;0;2021-04-25;69535;38792;51;0;0;14524852;5556315;5165;2;0
FR;0;2021-04-26;220889;156143;560;0;0;14745741;5712458;5725;2;0
FR;0;2021-04-27;284536;187302;939;0;0;15030277;5899760;6664;2;0
FR;0;2021-04-28;299422;183086;1421;1;1;15329699;6082846;8085;3;1
FR;0;2021-04-29;357047;196359;1275;0;0;15686746;6279205;9360;3;1
FR;0;2021-04-30;372126;184729;1119;1;0;16058872;6463934;10479;4;1
FR;0;2021-05-01;167590;52506;178;0;0;16226462;6516440;10657;4;1
FR;0;2021-05-02;91692;37764;83;0;0;16318154;6554204;10740;4;1
FR;0;2021-05-03;288829;168640;838;0;0;16606983;6722844;11578;4;1
FR;0;2021-05-04;315545;224288;1230;0;0;16922528;6947132;12808;4;1
FR;0;2021-05-05;327071;224643;1312;0;0;17249599;7171775;14120;4;1
FR;0;2021-05-06;379408;239321;1628;0;0;17629007;7411096;15748;4;1
FR;0;2021-05-07;372664;257208;1222;0;0;18001671;7668304;16970;4;1
FR;0;2021-05-08;222127;67146;297;0;0;18223798;7735450;17267;4;1
FR;0;2021-05-09;129670;46460;243;0;0;18353468;7781910;17510;4;1
FR;0;2021-05-10;313274;228666;1232;0;0;18666742;8010576;18742;4;1
FR;0;2021-05-11;403796;257765;1563;0;0;19070538;8268341;20305;4;1
FR;0;2021-05-12;433992;233029;1541;0;0;19504530;8501370;21846;4;1
FR;0;2021-05-13;338523;56944;430;0;0;19843053;8558314;22276;4;1
FR;0;2021-05-14;454039;167236;1122;0;0;20297092;8725550;23398;4;1
FR;0;2021-05-15;374904;94012;442;0;0;20671996;8819562;23840;4;1
FR;0;2021-05-16;202700;20783;168;0;0;20874696;8840345;24008;4;1
FR;0;2021-05-17;375996;148848;1549;0;0;21250692;8989193;25557;4;1
FR;0;2021-05-18;460017;153004;1985;0;0;21710709;9142197;27542;4;1
FR;0;2021-05-19;467278;144896;2453;0;0;22177987;9287093;29995;4;1
FR;0;2021-05-20;507382;160190;2331;0;0;22685369;9447283;32326;4;1
FR;0;2021-05-21;489547;174340;1987;0;0;23174916;9621623;34313;4;1
FR;0;2021-05-22;347135;79840;668;0;0;23522051;9701463;34981;4;1
FR;0;2021-05-23;161632;14407;246;0;0;23683683;9715870;35227;4;1
FR;0;2021-05-24;263127;33196;599;0;0;23946810;9749066;35826;4;1
FR;0;2021-05-25;400129;189080;2348;1;0;24346939;9938146;38174;5;1
FR;0;2021-05-26;413350;188336;2215;0;0;24760289;10126482;40389;5;1
FR;0;2021-05-27;449687;218491;2156;0;0;25209976;10344973;42545;5;1
FR;0;2021-05-28;429438;259406;1889;0;0;25639414;10604379;44434;5;1
FR;0;2021-05-29;298932;149306;583;0;0;25938346;10753685;45017;5;1
FR;0;2021-05-30;107092;32594;163;0;0;26045438;10786279;45180;5;1
FR;0;2021-05-31;357904;203397;1465;1;1;26403342;10989676;46645;6;2
FR;0;2021-06-01;430788;251306;1958;1;1;26834130;11240982;48603;7;3
FR;0;2021-06-02;419246;230747;1978;0;0;27253376;11471729;50581;7;3
FR;0;2021-06-03;464438;258390;1819;0;0;27717814;11730119;52400;7;3
FR;0;2021-06-04;455573;304743;1729;1;1;28173387;12034862;54129;8;4
FR;0;2021-06-05;304730;188953;651;0;0;28478117;12223815;54780;8;4
FR;0;2021-06-06;133229;49138;226;0;0;28611346;12272953;55006;8;4
FR;0;2021-06-07;338862;261950;1518;0;0;28950208;12534903;56524;8;4
FR;0;2021-06-08;393542;290954;1796;0;0;29343750;12825857;58320;8;4
FR;0;2021-06-09;384639;275527;1727;0;0;29728389;13101384;60047;8;4
FR;0;2021-06-10;403946;288908;1718;1;0;30132335;13390292;61765;9;4
FR;0;2021-06-11;386454;357248;1459;0;0;30518789;13747540;63224;9;4
FR;0;2021-06-12;283201;211293;490;0;0;30801990;13958833;63714;9;4
FR;0;2021-06-13;104826;73981;204;0;0;30906816;14032814;63918;9;4
FR;0;2021-06-14;240644;355649;1423;1;0;31147460;14388463;65341;10;4
FR;0;2021-06-15;307964;385656;1564;1;0;31455424;14774119;66905;11;4
FR;0;2021-06-16;313817;357717;1414;1;0;31769241;15131836;68319;12;4
FR;0;2021-06-17;317543;372394;1421;1;0;32086784;15504230;69740;13;4
FR;0;2021-06-18;321541;442378;1331;1;0;32408325;15946608;71071;14;4
FR;0;2021-06-19;224299;273767;447;0;0;32632624;16220375;71518;14;4
FR;0;2021-06-20;74361;102597;127;0;0;32706985;16322972;71645;14;4
FR;0;2021-06-21;195557;401903;1032;1;1;32902542;16724875;72677;15;5
FR;0;2021-06-22;222991;467397;1258;10;2;33125533;17192272;73935;25;7
FR;0;2021-06-23;233854;439915;1195;1;1;33359387;17632187;75130;26;8
FR;0;2021-06-24;241715;409567;1348;0;0;33601102;18041754;76478;26;8
FR;0;2021-06-25;227455;522176;1398;0;0;33828557;18563930;77876;26;8
FR;0;2021-06-26;153184;370683;585;1;0;33981741;18934613;78461;27;8
FR;0;2021-06-27;55860;156245;168;1;0;34037601;19090858;78629;28;8
FR;0;2021-06-28;154604;452922;1166;0;0;34192205;19543780;79795;28;8
FR;0;2021-06-29;182526;506763;2124;0;0;34374731;20050543;81919;28;8
FR;0;2021-06-30;203824;482126;2009;21;2;34578555;20532669;83928;49;10
FR;0;2021-07-01;231067;457782;2221;5;1;34809622;20990451;86149;54;11
FR;0;2021-07-02;228245;520204;2119;5;3;35037867;21510655;88268;59;14
FR;0;2021-07-03;141920;368735;909;3;1;35179787;21879390;89177;62;15
FR;0;2021-07-04;56684;141273;265;0;0;35236471;22020663;89442;62;15
FR;0;2021-07-05;168182;419319;1668;8;2;35404653;22439982;91110;70;17
FR;0;2021-07-06;196525;474810;1828;45;8;35601178;22914792;92938;115;25
FR;0;2021-07-07;212864;439311;1876;24;5;35814042;23354103;94814;139;30
FR;0;2021-07-08;231405;424166;2088;20;7;36045447;23778269;96902;159;37
FR;0;2021-07-09;228329;510576;2182;4;2;36273776;24288845;99084;163;39
FR;0;2021-07-10;148519;339851;982;1;1;36422295;24628696;100066;164;40
FR;0;2021-07-11;60139;110135;281;0;0;36482434;24738831;100347;164;40
FR;0;2021-07-12;168944;478214;1754;4;0;36651378;25217045;102101;168;40
FR;0;2021-07-13;287034;527445;2044;8;2;36938412;25744490;104145;176;42
FR;0;2021-07-14;180863;157753;433;0;0;37119275;25902243;104578;176;42
FR;0;2021-07-15;346834;502488;2097;1;0;37466109;26404731;106675;177;42
FR;0;2021-07-16;379886;495997;2021;3;1;37845995;26900728;108696;180;43
FR;0;2021-07-17;259638;319826;876;1;0;38105633;27220554;109572;181;43
FR;0;2021-07-18;109661;114804;310;0;0;38215294;27335358;109882;181;43
FR;0;2021-07-19;285289;425127;1627;3;0;38500583;27760485;111509;184;43
FR;0;2021-07-20;376708;452499;1721;0;0;38877291;28212984;113230;184;43
FR;0;2021-07-21;395620;407995;1549;4;2;39272911;28620979;114779;188;45
FR;0;2021-07-22;440861;388198;1713;4;2;39713772;29009177;116492;192;47
FR;0;2021-07-23;439606;423240;1880;4;2;40153378;29432417;118372;196;49
FR;0;2021-07-24;285177;269631;803;1;0;40438555;29702048;119175;197;49
FR;0;2021-07-25;121045;80066;226;0;0;40559600;29782114;119401;197;49
FR;0;2021-07-26;347232;323294;1614;3;2;40906832;30105408;121015;200;51
FR;0;2021-07-27;463867;320371;1696;4;2;41370699;30425779;122711;204;53
FR;0;2021-07-28;459280;290050;1634;4;2;41829979;30715829;124345;208;55
FR;0;2021-07-29;489657;276970;1794;2;1;42319636;30992799;126139;210;56
FR;0;2021-07-30;461615;302936;1936;5;2;42781251;31295735;128075;215;58
FR;0;2021-07-31;285329;185051;914;1;0;43066580;31480786;128989;216;58
FR;0;2021-08-01;111929;50015;252;0;0;43178509;31530801;129241;216;58
FR;0;2021-08-02;341189;234631;1598;2;0;43519698;31765432;130839;218;58
FR;0;2021-08-03;398346;245152;1716;2;1;43918044;32010584;132555;220;59
FR;0;2021-08-04;384576;210128;1590;6;3;44302620;32220712;134145;226;62
FR;0;2021-08-05;365944;228933;1709;0;0;44668564;32449645;135854;226;62
FR;0;2021-08-06;359527;271767;1833;4;1;45028091;32721412;137687;230;63
FR;0;2021-08-07;213018;178388;755;4;3;45241109;32899800;138442;234;66
FR;0;2021-08-08;74123;63250;270;0;0;45315232;32963050;138712;234;66
FR;0;2021-08-09;258562;259616;1540;4;3;45573794;33222666;140252;238;69
FR;0;2021-08-10;306575;278138;1655;2;1;45880369;33500804;141907;240;70
FR;0;2021-08-11;279490;260332;1440;5;1;46159859;33761136;143347;245;71
FR;0;2021-08-12;271332;278645;1659;3;1;46431191;34039781;145006;248;72
FR;0;2021-08-13;252017;277893;1588;3;2;46683208;34317674;146594;251;74
FR;0;2021-08-14;145267;197367;739;0;0;46828475;34515041;147333;251;74
FR;0;2021-08-15;39291;50109;215;1;0;46867766;34565150;147548;252;74
FR;0;2021-08-16;186007;318194;1538;0;0;47053773;34883344;149086;252;74
FR;0;2021-08-17;215543;336645;1633;7;1;47269316;35219989;150719;259;75
FR;0;2021-08-18;198895;324803;1592;7;4;47468211;35544792;152311;266;79
FR;0;2021-08-19;191857;325772;1632;1;0;47660068;35870564;153943;267;79
FR;0;2021-08-20;186319;366312;1809;3;2;47846387;36236876;155752;270;81
FR;0;2021-08-21;104745;238167;702;0;0;47951132;36475043;156454;270;81
FR;0;2021-08-22;31884;87200;253;1;1;47983016;36562243;156707;271;82
FR;0;2021-08-23;140877;357278;1558;3;2;48123893;36919521;158265;274;84
FR;0;2021-08-24;162393;376937;1843;5;1;48286286;37296458;160108;279;85
FR;0;2021-08-25;151053;350897;2027;8;3;48437339;37647355;162135;287;88
FR;0;2021-08-26;142723;342873;2553;10;1;48580062;37990228;164688;297;89
FR;0;2021-08-27;148345;387944;2789;11;4;48728407;38378172;167477;308;93
FR;0;2021-08-28;90589;249544;1405;0;0;48818996;38627716;168882;308;93
FR;0;2021-08-29;27301;83330;516;1;0;48846297;38711046;169398;309;93
FR;0;2021-08-30;117317;324926;4706;6;6047;48963614;39035972;174104;315;6140
FR;0;2021-08-31;128709;334703;10174;19;11897;49092323;39370675;184278;334;18037
FR;0;2021-09-01;135622;285703;22413;7;24307;49227945;39656378;206691;341;42344
FR;0;2021-09-02;112493;247285;26505;13;28855;49340438;39903663;233196;354;71199
FR;0;2021-09-03;118105;292750;29950;23;32963;49458543;40196413;263146;377;104162
FR;0;2021-09-04;89785;217732;12583;12;14067;49548328;40414145;275729;389;118229
FR;0;2021-09-05;21330;44866;4389;2;4729;49569658;40459011;280118;391;122958
FR;0;2021-09-06;75274;180841;31944;16;34232;49644932;40639852;312062;407;157190
FR;0;2021-09-07;80014;181255;33234;40;36088;49724946;40821107;345296;447;193278
FR;0;2021-09-08;89475;206198;29652;27;32433;49814421;41027305;374948;474;225711
FR;0;2021-09-09;76538;165395;33037;26;36507;49890959;41192700;407985;500;262218
FR;0;2021-09-10;95492;203675;35713;26;40491;49986451;41396375;443698;526;302709
FR;0;2021-09-11;66652;169217;12132;19;14280;50053103;41565592;455830;545;316989
FR;0;2021-09-12;12778;32087;2766;2;3156;50065881;41597679;458596;547;320145
FR;0;2021-09-13;64357;126391;41197;32;44020;50130238;41724070;499793;579;364165
FR;0;2021-09-14;73281;129144;56339;78;61961;50203519;41853214;556132;657;426126
FR;0;2021-09-15;76392;167869;55623;58;54763;50279911;42021083;611755;715;480889
FR;0;2021-09-16;63738;114546;60019;85;59990;50343649;42135629;671774;800;540879
FR;0;2021-09-17;74943;156845;53816;70;57208;50418592;42292474;725590;870;598087
FR;0;2021-09-18;48173;139591;15594;25;17280;50466765;42432065;741184;895;615367
FR;0;2021-09-19;7862;23713;2433;1;2621;50474627;42455778;743617;896;617988
FR;0;2021-09-20;44430;93923;50019;73;50243;50519057;42549701;793636;969;668231
FR;0;2021-09-21;45792;98463;62721;76;63344;50564849;42648164;856357;1045;731575
FR;0;2021-09-22;48570;142288;55322;83;55320;50613419;42790452;911679;1128;786895
FR;0;2021-09-23;43144;91986;62340;95;63444;50656563;42882438;974019;1223;850339
FR;0;2021-09-24;52186;133206;54514;110;59066;50708749;43015644;1028533;1333;909405
FR;0;2021-09-25;35183;115470;16263;37;18250;50743932;43131114;1044796;1370;927655
FR;0;2021-09-26;5521;17818;2264;5;2331;50749453;43148932;1047060;1375;929986
FR;0;2021-09-27;33912;76975;47166;96;48115;50783365;43225907;1094226;1471;978101
FR;0;2021-09-28;36441;75262;54921;88;56431;50819806;43301169;1149147;1559;1034532
FR;0;2021-09-29;44301;100834;53313;112;54790;50864107;43402003;1202460;1671;1089322
FR;0;2021-09-30;36249;72762;56990;95;59457;50900356;43474765;1259450;1766;1148779
FR;0;2021-10-01;61416;100755;57769;108;63666;50961772;43575520;1317219;1874;1212445
FR;0;2021-10-02;39406;78303;20944;38;23307;51001178;43653823;1338163;1912;1235752
FR;0;2021-10-03;5261;10544;2523;4;2537;51006439;43664367;1340686;1916;1238289
FR;0;2021-10-04;34887;58510;52602;84;54764;51041326;43722877;1393288;2000;1293053
FR;0;2021-10-05;33503;64341;60954;135;64895;51074829;43787218;1454242;2135;1357948
FR;0;2021-10-06;42349;79224;65683;113;68204;51117178;43866442;1519925;2248;1426152
FR;0;2021-10-07;30367;62119;65369;91;68644;51147545;43928561;1585294;2339;1494796
FR;0;2021-10-08;48671;91781;77707;110;84589;51196216;44020342;1663001;2449;1579385
FR;0;2021-10-09;33601;60860;31516;36;33847;51229817;44081202;1694517;2485;1613232
FR;0;2021-10-10;4575;7426;3186;9;3484;51234392;44088628;1697703;2494;1616716
FR;0;2021-10-11;30536;49904;61017;105;64022;51264928;44138532;1758720;2599;1680738
FR;0;2021-10-12;31287;54451;70555;139;75807;51296215;44192983;1829275;2738;1756545
FR;0;2021-10-13;39954;62758;74393;135;79227;51336169;44255741;1903668;2873;1835772
FR;0;2021-10-14;30203;52846;68718;116;73750;51366372;44308587;1972386;2989;1909522
FR;0;2021-10-15;44724;75216;93201;191;102876;51411096;44383803;2065587;3180;2012398
FR;0;2021-10-16;31251;44066;36678;44;39598;51442347;44427869;2102265;3224;2051996
FR;0;2021-10-17;3826;5276;3590;2;3692;51446173;44433145;2105855;3226;2055688
FR;0;2021-10-18;28090;42478;67462;133;71330;51474263;44475623;2173317;3359;2127018
FR;0;2021-10-19;26990;44141;76372;141;81600;51501253;44519764;2249689;3500;2208618
FR;0;2021-10-20;35183;52418;96898;180;101444;51536436;44572182;2346587;3680;2310062
FR;0;2021-10-21;25882;45188;83909;112;89092;51562318;44617370;2430496;3792;2399154
FR;0;2021-10-22;38173;62313;104857;199;112466;51600491;44679683;2535353;3991;2511620
FR;0;2021-10-23;26947;41217;45431;57;48595;51627438;44720900;2580784;4048;2560215
FR;0;2021-10-24;2911;4779;3678;6;3936;51630349;44725679;2584462;4054;2564151
FR;0;2021-10-25;25968;36333;82293;144;86588;51656317;44762012;2666755;4198;2650739
FR;0;2021-10-26;23675;35062;87201;166;92293;51679992;44797074;2753956;4364;2743032
FR;0;2021-10-27;29998;46407;108953;257;114601;51709990;44843481;2862909;4621;2857633
FR;0;2021-10-28;23369;34873;88651;153;94353;51733359;44878354;2951560;4774;2951986
FR;0;2021-10-29;31491;51251;117274;204;125224;51764850;44929605;3068834;4978;3077210
FR;0;2021-10-30;20512;33081;50320;77;53346;51785362;44962686;3119154;5055;3130556
FR;0;2021-10-31;2476;3769;3584;3;3868;51787838;44966455;3122738;5058;3134424
FR;0;2021-11-01;8166;4798;3195;3;3552;51796004;44971253;3125933;5061;3137976
FR;0;2021-11-02;25226;40088;93518;157;99444;51821230;45011341;3219451;5218;3237420
FR;0;2021-11-03;29721;47881;118827;218;125757;51850951;45059222;3338278;5436;3363177
FR;0;2021-11-04;23630;37494;107483;217;114303;51874581;45096716;3445761;5653;3477480
FR;0;2021-11-05;32237;52923;141577;233;151234;51906818;45149639;3587338;5886;3628714
FR;0;2021-11-06;21456;34557;64835;123;68213;51928274;45184196;3652173;6009;3696927
FR;0;2021-11-07;2376;4253;5170;6;5583;51930650;45188449;3657343;6015;3702510
FR;0;2021-11-08;20333;37834;127103;227;134143;51950983;45226283;3784446;6242;3836653
FR;0;2021-11-09;22110;44803;161600;341;172079;51973093;45271086;3946046;6583;4008732
FR;0;2021-11-10;31293;55031;186909;446;198628;52004386;45326117;4132955;7029;4207360
FR;0;2021-11-11;4253;6694;12916;28;13917;52008639;45332811;4145871;7057;4221277
FR;0;2021-11-12;28970;55162;183695;250;197235;52037609;45387973;4329566;7307;4418512
FR;0;2021-11-13;20270;32721;80663;118;86275;52057879;45420694;4410229;7425;4504787
FR;0;2021-11-14;2320;3960;7160;6;7878;52060199;45424654;4417389;7431;4512665
FR;0;2021-11-15;20232;38819;160762;312;171432;52080431;45463473;4578151;7743;4684097
FR;0;2021-11-16;23272;44041;200295;390;214836;52103703;45507514;4778446;8133;4898933
FR;0;2021-11-17;30283;50520;199766;407;212772;52133986;45558034;4978212;8540;5111705
FR;0;2021-11-18;23305;44787;191561;468;205374;52157291;45602821;5169773;9008;5317079
FR;0;2021-11-19;33525;61426;243106;548;262045;52190816;45664247;5412879;9556;5579124
FR;0;2021-11-20;25296;36757;102107;206;109651;52216112;45701004;5514986;9762;5688775
FR;0;2021-11-21;2622;4573;9638;18;10644;52218734;45705577;5524624;9780;5699419
FR;0;2021-11-22;22709;33338;180262;470;194721;52241443;45738915;5704886;10250;5894140
FR;0;2021-11-23;25516;45735;229281;547;247686;52266959;45784650;5934167;10797;6141826
FR;0;2021-11-24;31751;53811;224724;716;243104;52298710;45838461;6158891;11513;6384930
FR;0;2021-11-25;25375;49150;255800;740;277567;52324085;45887611;6414691;12253;6662497
FR;0;2021-11-26;33196;74744;379347;862;414484;52357281;45962355;6794038;13115;7076981
FR;0;2021-11-27;23277;49678;214830;390;236543;52380558;46012033;7008868;13505;7313524
FR;0;2021-11-28;3477;10594;56721;66;63332;52384035;46022627;7065589;13571;7376856
FR;0;2021-11-29;19378;54252;341360;863;371523;52403413;46076879;7406949;14434;7748379
FR;0;2021-11-30;24671;72175;457269;984;500616;52428084;46149054;7864218;15418;8248995
FR;0;2021-12-01;26741;75985;468959;1159;511165;52454825;46225039;8333177;16577;8760160
FR;0;2021-12-02;21938;71769;526971;1278;574677;52476763;46296808;8860148;17855;9334837
FR;0;2021-12-03;25434;92499;596227;1416;650941;52502197;46389307;9456375;19271;9985778
FR;0;2021-12-04;18282;60534;336146;690;369674;52520479;46449841;9792521;19961;10355452
FR;0;2021-12-05;4140;16283;95748;157;107052;52524619;46466124;9888269;20118;10462504
FR;0;2021-12-06;21631;73219;493007;1174;539804;52546250;46539343;10381276;21292;11002308
FR;0;2021-12-07;23277;91798;645221;1769;706119;52569527;46631141;11026497;23061;11708427
FR;0;2021-12-08;25312;92351;591417;1873;647313;52594839;46723492;11617914;24934;12355740
FR;0;2021-12-09;23978;94328;662907;2179;726158;52618817;46817820;12280821;27113;13081898
FR;0;2021-12-10;27584;111133;735896;2073;805958;52646401;46928953;13016717;29186;13887856
FR;0;2021-12-11;20214;76042;435100;986;480301;52666615;47004995;13451817;30172;14368157
FR;0;2021-12-12;5621;23279;142257;262;159223;52672236;47028274;13594074;30434;14527380
FR;0;2021-12-13;21038;91296;587494;1698;649177;52693274;47119570;14181568;32132;15176557
FR;0;2021-12-14;27452;118643;765344;2648;847343;52720726;47238213;14946912;34780;16023900
FR;0;2021-12-15;28158;114492;694149;2262;768889;52748884;47352705;15641061;37042;16792789
FR;0;2021-12-16;27909;116079;763830;2555;844227;52776793;47468784;16404891;39597;17637016
FR;0;2021-12-17;31500;128797;807702;2708;891951;52808293;47597581;17212593;42305;18528967
FR;0;2021-12-18;24911;81715;469889;1178;522137;52833204;47679296;17682482;43483;19051104
FR;0;2021-12-19;8739;28850;169346;378;191148;52841943;47708146;17851828;43861;19242252
FR;0;2021-12-20;31578;97523;591296;1787;658564;52873521;47805669;18443124;45648;19900816
FR;0;2021-12-21;39188;112358;682272;2390;759438;52912709;47918027;19125396;48038;20660254
FR;0;2021-12-22;39447;99626;575631;2167;642029;52952156;48017653;19701027;50205;21302283
FR;0;2021-12-23;33726;79746;440862;1653;494307;52985882;48097399;20141889;51858;21796590
FR;0;2021-12-24;10659;26052;110966;396;126625;52996541;48123451;20252855;52254;21923215
FR;0;2021-12-25;766;3500;7570;25;9032;52997307;48126951;20260425;52279;21932247
FR;0;2021-12-26;4696;11913;52072;141;60130;53002003;48138864;20312497;52420;21992377
FR;0;2021-12-27;30288;84077;453432;1366;509081;53032291;48222941;20765929;53786;22501458
FR;0;2021-12-28;38272;99034;564054;1766;632142;53070563;48321975;21329983;55552;23133600
FR;0;2021-12-29;39826;88416;501097;1686;560915;53110389;48410391;21831080;57238;23694515
FR;0;2021-12-30;35873;75008;420940;1519;471076;53146262;48485399;22252020;58757;24165591
FR;0;2021-12-31;12030;25206;116826;406;131615;53158292;48510605;22368846;59163;24297206
FR;0;2022-01-01;1265;3200;8496;36;9928;53159557;48513805;22377342;59199;24307134
FR;0;2022-01-02;6071;13012;58381;125;66925;53165628;48526817;22435723;59324;24374059
FR;0;2022-01-03;32348;89763;494660;1594;551443;53197976;48616580;22930383;60918;24925502
FR;0;2022-01-04;40722;110840;641248;2302;714185;53238698;48727420;23571631;63220;25639687
FR;0;2022-01-05;60157;103226;569025;1984;634035;53298855;48830646;24140656;65204;26273722
FR;0;2022-01-06;43878;110143;638860;2693;711302;53342733;48940789;24779516;67897;26985024
FR;0;2022-01-07;50495;123019;710880;2807;790299;53393228;49063808;25490396;70704;27775323
FR;0;2022-01-08;44925;80332;423767;1210;472840;53438153;49144140;25914163;71914;28248163
FR;0;2022-01-09;15595;26728;128538;300;145700;53453748;49170868;26042701;72214;28393863
FR;0;2022-01-10;34914;87338;469173;1810;522063;53488662;49258206;26511874;74024;28915926
FR;0;2022-01-11;41600;100024;548111;2307;608373;53530262;49358230;27059985;76331;29524299
FR;0;2022-01-12;60076;95452;452545;1964;504219;53590338;49453682;27512530;78295;30028518
FR;0;2022-01-13;37830;92240;487213;2083;540921;53628168;49545922;27999743;80378;30569439
FR;0;2022-01-14;42354;103266;568468;2284;628930;53670522;49649188;28568211;82662;31198369
FR;0;2022-01-15;39296;65804;340073;980;377533;53709818;49714992;28908284;83642;31575902
FR;0;2022-01-16;11380;19307;87375;215;99445;53721198;49734299;28995659;83857;31675347
FR;0;2022-01-17;24580;60063;320195;1380;354129;53745778;49794362;29315854;85237;32029476
FR;0;2022-01-18;28090;68358;360978;1798;397484;53773868;49862720;29676832;87035;32426960
FR;0;2022-01-19;43017;66989;281190;1449;311025;53816885;49929709;29958022;88484;32737985
FR;0;2022-01-20;23386;59391;298876;1740;328386;53840271;49989100;30256898;90224;33066371
FR;0;2022-01-21;27971;68759;366259;2084;401100;53868242;50057859;30623157;92308;33467471
FR;0;2022-01-22;27603;47823;218750;838;241744;53895845;50105682;30841907;93146;33709215
FR;0;2022-01-23;6697;13049;48644;171;55185;53902542;50118731;30890551;93317;33764400
FR;0;2022-01-24;16192;47131;217237;1136;239316;53918734;50165862;31107788;94453;34003716
FR;0;2022-01-25;18893;54048;242965;1547;267014;53937627;50219910;31350753;96000;34270730
FR;0;2022-01-26;28098;60004;209197;1296;229330;53965725;50279914;31559950;97296;34500060
FR;0;2022-01-27;16264;45761;207548;1269;225784;53981989;50325675;31767498;98565;34725844
FR;0;2022-01-28;21491;75720;289964;1572;321452;54003480;50401395;32057462;100137;35047296
FR;0;2022-01-29;18396;52831;184075;686;204567;54021876;50454226;32241537;100823;35251863
FR;0;2022-01-30;4464;14560;39120;124;45091;54026340;50468786;32280657;100947;35296954
FR;0;2022-01-31;11218;43809;148137;738;164779;54037558;50512595;32428794;101685;35461733
FR;0;2022-02-01;12749;48099;174049;1140;191351;54050307;50560694;32602843;102825;35653084
FR;0;2022-02-02;19849;65825;171442;1034;190114;54070156;50626519;32774285;103859;35843198
FR;0;2022-02-03;10920;44061;157474;984;173280;54081076;50670580;32931759;104843;36016478
FR;0;2022-02-04;14460;66408;239158;1262;264162;54095536;50736988;33170917;106105;36280640
FR;0;2022-02-05;12682;51451;153501;522;172330;54108218;50788439;33324418;106627;36452970
FR;0;2022-02-06;2704;12255;28868;99;33828;54110922;50800694;33353286;106726;36486798
FR;0;2022-02-07;9247;46648;156800;585;176312;54120169;50847342;33510086;107311;36663110
FR;0;2022-02-08;9578;42603;166548;867;184315;54129747;50889945;33676634;108178;36847425
FR;0;2022-02-09;14125;57689;172279;864;192944;54143872;50947634;33848913;109042;37040369
FR;0;2022-02-10;8239;38226;150137;876;166556;54152111;50985860;33999050;109918;37206925
FR;0;2022-02-11;10730;55399;218417;1096;242982;54162841;51041259;34217467;111014;37449907
FR;0;2022-02-12;8339;40865;134687;461;151700;54171180;51082124;34352154;111475;37601607
FR;0;2022-02-13;1889;8572;26547;82;30901;54173069;51090696;34378701;111557;37632508
FR;0;2022-02-14;6877;35073;148303;477;166292;54179946;51125769;34527004;112034;37798800
FR;0;2022-02-15;6839;35381;146880;750;162412;54186785;51161150;34673884;112784;37961212
FR;0;2022-02-16;9275;42503;132454;716;146624;54196060;51203653;34806338;113500;38107836
FR;0;2022-02-17;5356;23632;87232;584;94741;54201416;51227285;34893570;114084;38202577
FR;0;2022-02-18;6873;33188;119581;802;129224;54208289;51260473;35013151;114886;38331801
FR;0;2022-02-19;5339;24434;69998;369;77296;54213628;51284907;35083149;115255;38409097
FR;0;2022-02-20;1134;4613;12146;38;13917;54214762;51289520;35095295;115293;38423014
FR;0;2022-02-21;4010;17752;61910;351;67132;54218772;51307272;35157205;115644;38490146
FR;0;2022-02-22;4357;18443;60777;574;64399;54223129;51325715;35217982;116218;38554545
FR;0;2022-02-23;6504;27094;66447;591;71841;54229633;51352809;35284429;116809;38626386
FR;0;2022-02-24;3726;15113;50354;517;53158;54233359;51367922;35334783;117326;38679544
FR;0;2022-02-25;5188;23507;76262;803;79978;54238547;51391429;35411045;118129;38759522
FR;0;2022-02-26;3968;17542;47382;357;51446;54242515;51408971;35458427;118486;38810968
FR;0;2022-02-27;867;2983;8020;47;8930;54243382;51411954;35466447;118533;38819898
FR;0;2022-02-28;3066;12076;40431;352;42861;54246448;51424030;35506878;118885;38862759
FR;0;2022-03-01;3097;12163;44115;433;44744;54249545;51436193;35550993;119318;38907503
FR;0;2022-03-02;5058;17389;47066;436;48967;54254603;51453582;35598059;119754;38956470
FR;0;2022-03-03;2638;8787;29816;361;29904;54257241;51462369;35627875;120115;38986374
FR;0;2022-03-04;3170;12135;40248;649;39378;54260411;51474504;35668123;120764;39025752
FR;0;2022-03-05;2909;9201;24918;309;25068;54263320;51483705;35693041;121073;39050820
FR;0;2022-03-06;507;1376;3189;42;3426;54263827;51485081;35696230;121115;39054246
FR;0;2022-03-07;1924;5442;18388;313;17646;54265751;51490523;35714618;121428;39071892
FR;0;2022-03-08;1959;5850;19392;359;17847;54267710;51496373;35734010;121787;39089739
FR;0;2022-03-09;3440;10183;22130;400;21205;54271150;51506556;35756140;122187;39110944
FR;0;2022-03-10;1698;5051;16872;339;15655;54272848;51511607;35773012;122526;39126599
FR;0;2022-03-11;2339;7266;24450;537;22208;54275187;51518873;35797462;123063;39148807
FR;0;2022-03-12;2652;6704;17142;304;16490;54277839;51525577;35814604;123367;39165297
FR;0;2022-03-13;385;775;2301;144;2250;54278224;51526352;35816905;123511;39167547
FR;0;2022-03-14;1448;4105;14917;4403;13777;54279672;51530457;35831822;127914;39181324
FR;0;2022-03-15;1582;4322;16218;7548;14321;54281254;51534779;35848040;135462;39195645
FR;0;2022-03-16;2932;6982;19321;13128;17977;54284186;51541761;35867361;148590;39213622
FR;0;2022-03-17;1359;3645;13072;10835;11907;54285545;51545406;35880433;159425;39225529
FR;0;2022-03-18;2190;5481;19923;18272;18006;54287735;51550887;35900356;177697;39243535
FR;0;2022-03-19;2273;4664;13099;9395;12396;54290008;51555551;35913455;187092;39255931
FR;0;2022-03-20;289;703;1905;1065;1912;54290297;51556254;35915360;188157;39257843
FR;0;2022-03-21;1335;3113;12669;14927;11887;54291632;51559367;35928029;203084;39269730
FR;0;2022-03-22;1447;3546;13741;20516;12494;54293079;51562913;35941770;223600;39282224
FR;0;2022-03-23;2626;6019;17435;23127;16929;54295705;51568932;35959205;246727;39299153
FR;0;2022-03-24;1339;2892;11495;17560;10569;54297044;51571824;35970700;264287;39309722
FR;0;2022-03-25;2036;4770;18433;27729;16779;54299080;51576594;35989133;292016;39326501
FR;0;2022-03-26;2214;4223;12040;12651;11477;54301294;51580817;36001173;304667;39337978
FR;0;2022-03-27;352;679;1870;1472;1904;54301646;51581496;36003043;306139;39339882
FR;0;2022-03-28;1405;2902;11032;17447;10520;54303051;51584398;36014075;323586;39350402
FR;0;2022-03-29;1414;3217;12818;27502;11947;54304465;51587615;36026893;351088;39362349
FR;0;2022-03-30;2803;5351;15576;27326;14959;54307268;51592966;36042469;378414;39377308
FR;0;2022-03-31;1581;3114;12709;24837;12036;54308849;51596080;36055178;403251;39389344
FR;0;2022-04-01;2055;4242;19932;30760;18553;54310904;51600322;36075110;434011;39407897
FR;0;2022-04-02;1479;2601;9004;10090;8663;54312383;51602923;36084114;444101;39416560
FR;0;2022-04-03;268;493;1553;1168;1568;54312651;51603416;36085667;445269;39418128
FR;0;2022-04-04;1290;2500;12033;18960;11211;54313941;51605916;36097700;464229;39429339
FR;0;2022-04-05;1565;2890;14161;33913;13002;54315506;51608806;36111861;498142;39442341
FR;0;2022-04-06;2011;3586;13289;26212;12529;54317517;51612392;36125150;524354;39454870
FR;0;2022-04-07;1407;2828;13500;33442;12701;54318924;51615220;36138650;557796;39467571
FR;0;2022-04-08;2002;4048;19062;43510;17673;54320926;51619268;36157712;601306;39485244
FR;0;2022-04-09;1330;2639;9270;13523;8821;54322256;51621907;36166982;614829;39494065
FR;0;2022-04-10;266;542;1959;1991;1963;54322522;51622449;36168941;616820;39496028
FR;0;2022-04-11;1165;2426;11679;23587;11292;54323687;51624875;36180620;640407;39507320
FR;0;2022-04-12;1543;2748;13807;40305;13170;54325230;51627623;36194427;680712;39520490
FR;0;2022-04-13;1822;3370;13094;32543;12695;54327052;51630993;36207521;713255;39533185
FR;0;2022-04-14;1414;2629;12945;35742;12760;54328466;51633622;36220466;748997;39545945
FR;0;2022-04-15;1732;3214;15319;35062;14543;54330198;51636836;36235785;784059;39560488
FR;0;2022-04-16;1016;1807;6322;8503;6181;54331214;51638643;36242107;792562;39566669
FR;0;2022-04-17;179;311;984;1147;1020;54331393;51638954;36243091;793709;39567689
FR;0;2022-04-18;136;412;2679;1027;2691;54331529;51639366;36245770;794736;39570380
FR;0;2022-04-19;1444;2873;12680;29164;12148;54332973;51642239;36258450;823900;39582528
FR;0;2022-04-20;1870;3287;12932;28501;12591;54334843;51645526;36271382;852401;39595119
FR;0;2022-04-21;1451;2686;12298;34407;12326;54336294;51648212;36283680;886808;39607445
FR;0;2022-04-22;1784;3428;16155;37076;15508;54338078;51651640;36299835;923884;39622953
FR;0;2022-04-23;1089;2005;7048;10607;6909;54339167;51653645;36306883;934491;39629862
FR;0;2022-04-24;231;424;1400;1567;1333;54339398;51654069;36308283;936058;39631195
FR;0;2022-04-25;1218;2390;10165;20643;9964;54340616;51656459;36318448;956701;39641159
FR;0;2022-04-26;1523;2908;13348;37790;12774;54342139;51659367;36331796;994491;39653933
FR;0;2022-04-27;1860;2983;11195;30070;11190;54343999;51662350;36342991;1024561;39665123
FR;0;2022-04-28;1479;2547;11683;35150;11350;54345478;51664897;36354674;1059711;39676473
FR;0;2022-04-29;1911;3340;14605;36448;13971;54347389;51668237;36369279;1096159;39690444
FR;0;2022-04-30;1169;1747;6397;9572;6202;54348558;51669984;36375676;1105731;39696646
FR;0;2022-05-01;163;275;818;947;821;54348721;51670259;36376494;1106678;39697467
FR;0;2022-05-02;1099;1882;8392;17421;8237;54349820;51672141;36384886;1124099;39705704
FR;0;2022-05-03;1686;2758;12092;33516;11953;54351506;51674899;36396978;1157615;39717657
FR;0;2022-05-04;1761;2782;10175;24473;10277;54353267;51677681;36407153;1182088;39727934
FR;0;2022-05-05;1543;2485;11141;31919;10838;54354810;51680166;36418294;1214007;39738772
FR;0;2022-05-06;1988;3356;14212;35537;13642;54356798;51683522;36432506;1249544;39752414
FR;0;2022-05-07;1135;1671;5908;9404;5913;54357933;51685193;36438414;1258948;39758327
FR;0;2022-05-08;234;324;987;1439;1032;54358167;51685517;36439401;1260387;39759359
FR;0;2022-05-09;1160;1920;7946;18956;7777;54359327;51687437;36447347;1279343;39767136
FR;0;2022-05-10;1534;2620;11448;36087;11012;54360861;51690057;36458795;1315430;39778148
FR;0;2022-05-11;1801;2459;9143;24782;8981;54362662;51692516;36467938;1340212;39787129
