fra;vaccin;jour;n_dose1;n_dose2;n_dose3;n_dose4;n_complet;n_rappel;n_2_rappel;n_rappel_biv;n_3_rappel;n_cum_dose1;n_cum_dose2;n_cum_dose3;n_cum_dose4;n_cum_complet;n_cum_rappel;n_cum_2_rappel;n_cum_rappel_biv;n_cum_3_rappel
FR;1;2020-12-27;615;0;0;0;55;0;0;0;0;615;0;0;0;55;0;0;0;0
FR;1;2020-12-28;700;1;0;0;43;0;0;0;0;1315;1;0;0;98;0;0;0;0
FR;1;2020-12-29;387;0;0;0;19;0;0;0;0;1702;1;0;0;117;0;0;0;0
FR;1;2020-12-30;450;0;0;0;18;0;0;0;0;2152;1;0;0;135;0;0;0;0
FR;1;2020-12-31;446;1;0;0;23;0;0;0;0;2598;2;0;0;158;0;0;0;0
FR;1;2021-01-01;1186;2;0;0;65;0;0;0;0;3784;4;0;0;223;0;0;0;0
FR;1;2021-01-02;366;3;0;0;28;0;0;0;0;4150;7;0;0;251;0;0;0;0
FR;1;2021-01-03;412;0;0;0;23;0;0;0;0;4562;7;0;0;274;0;0;0;0
FR;1;2021-01-04;2126;4;0;0;50;0;0;0;0;6688;11;0;0;324;0;0;0;0
FR;1;2021-01-05;7762;6;0;0;128;0;0;0;0;14450;17;0;0;452;0;0;0;0
FR;1;2021-01-06;12468;23;0;0;127;0;0;0;0;26918;40;0;0;579;0;0;0;0
FR;1;2021-01-07;29474;22;0;0;159;0;0;0;0;56392;62;0;0;738;0;0;0;0
FR;1;2021-01-08;37163;33;0;0;203;0;0;0;0;93555;95;0;0;941;0;0;0;0
FR;1;2021-01-09;11219;9;0;0;77;0;0;0;0;104774;104;0;0;1018;0;0;0;0
FR;1;2021-01-10;6012;8;0;0;28;0;0;0;0;110786;112;0;0;1046;0;0;0;0
FR;1;2021-01-11;39952;35;0;0;228;0;0;0;0;150738;147;0;0;1274;0;0;0;0
FR;1;2021-01-12;62156;27;0;0;298;0;0;0;0;212894;174;0;0;1572;0;0;0;0
FR;1;2021-01-13;65144;58;0;0;431;0;0;0;0;278038;232;0;0;2003;0;0;0;0
FR;1;2021-01-14;81465;230;0;0;957;0;0;0;0;359503;462;0;0;2960;0;0;0;0
FR;1;2021-01-15;68628;91;0;0;525;0;0;0;0;428131;553;0;0;3485;0;0;0;0
FR;1;2021-01-16;19903;73;0;0;172;0;0;0;0;448034;626;0;0;3657;0;0;0;0
FR;1;2021-01-17;10905;52;0;0;129;0;0;0;0;458939;678;0;0;3786;0;0;0;0
FR;1;2021-01-18;82842;175;0;0;588;0;0;0;0;541781;853;0;0;4374;0;0;0;0
FR;1;2021-01-19;125932;205;0;0;836;0;0;0;0;667713;1058;0;0;5210;0;0;0;0
FR;1;2021-01-20;132426;186;0;0;783;0;0;0;0;800139;1244;0;0;5993;0;0;0;0
FR;1;2021-01-21;153079;190;0;0;892;0;0;0;0;953218;1434;0;0;6885;0;0;0;0
FR;1;2021-01-22;115962;232;0;0;769;0;0;0;0;1069180;1666;0;0;7654;0;0;0;0
FR;1;2021-01-23;36615;78;0;0;201;0;0;0;0;1105795;1744;0;0;7855;0;0;0;0
FR;1;2021-01-24;9585;125;0;0;184;0;0;0;0;1115380;1869;0;0;8039;0;0;0;0
FR;1;2021-01-25;74435;1435;0;0;1754;0;0;0;0;1189815;3304;0;0;9793;0;0;0;0
FR;1;2021-01-26;96464;3674;1;0;4117;0;0;0;0;1286279;6978;1;0;13910;0;0;0;0
FR;1;2021-01-27;103655;6388;0;0;7073;0;0;0;0;1389934;13366;1;0;20983;0;0;0;0
FR;1;2021-01-28;120620;16331;0;0;17120;0;0;0;0;1510554;29697;1;0;38103;0;0;0;0
FR;1;2021-01-29;88900;18665;0;0;19203;0;0;0;0;1599454;48362;1;0;57306;0;0;0;0
FR;1;2021-01-30;27995;4503;0;0;4626;0;0;0;0;1627449;52865;1;0;61932;0;0;0;0
FR;1;2021-01-31;5194;1897;0;0;1934;0;0;0;0;1632643;54762;1;0;63866;0;0;0;0
FR;1;2021-02-01;49743;22850;0;0;23082;0;0;0;0;1682386;77612;1;0;86948;0;0;0;0
FR;1;2021-02-02;67834;37951;0;0;38407;0;0;0;0;1750220;115563;1;0;125355;0;0;0;0
FR;1;2021-02-03;67103;39988;0;0;40414;0;0;0;0;1817323;155551;1;0;165769;0;0;0;0
FR;1;2021-02-04;77149;54706;0;0;55274;0;0;0;0;1894472;210257;1;0;221043;0;0;0;0
FR;1;2021-02-05;63431;47946;0;0;48341;0;0;0;0;1957903;258203;1;0;269384;0;0;0;0
FR;1;2021-02-06;19427;11363;0;0;11468;0;0;0;0;1977330;269566;1;0;280852;0;0;0;0
FR;1;2021-02-07;3669;6001;0;0;6028;0;0;0;0;1980999;275567;1;0;286880;0;0;0;0
FR;1;2021-02-08;36508;48594;0;0;48830;0;0;0;0;2017507;324161;1;0;335710;0;0;0;0
FR;1;2021-02-09;50819;77985;0;0;78505;0;0;0;0;2068326;402146;1;0;414215;0;0;0;0
FR;1;2021-02-10;52078;82931;0;0;83406;0;0;0;0;2120404;485077;1;0;497621;0;0;0;0
FR;1;2021-02-11;63391;104904;0;0;105777;0;0;0;0;2183795;589981;1;0;603398;0;0;0;0
FR;1;2021-02-12;55881;75714;0;0;76384;0;0;0;0;2239676;665695;1;0;679782;0;0;0;0
FR;1;2021-02-13;15469;19309;0;0;19420;0;0;0;0;2255145;685004;1;0;699202;0;0;0;0
FR;1;2021-02-14;3747;7357;0;0;7421;0;0;0;0;2258892;692361;1;0;706623;0;0;0;0
FR;1;2021-02-15;24170;73602;0;0;73839;0;0;0;0;2283062;765963;1;0;780462;0;0;0;0
FR;1;2021-02-16;32781;95674;0;0;96061;0;0;0;0;2315843;861637;1;0;876523;0;0;0;0
FR;1;2021-02-17;35132;102149;20;0;102790;0;0;0;0;2350975;963786;21;0;979313;0;0;0;0
FR;1;2021-02-18;49461;118217;0;0;119191;0;0;0;0;2400436;1082003;21;0;1098504;0;0;0;0
FR;1;2021-02-19;45395;87607;1;0;88541;0;0;0;0;2445831;1169610;22;0;1187045;0;0;0;0
FR;1;2021-02-20;13397;27053;0;0;27225;0;0;0;0;2459228;1196663;22;0;1214270;0;0;0;0
FR;1;2021-02-21;2468;5988;0;0;6056;0;0;0;0;2461696;1202651;22;0;1220326;0;0;0;0
FR;1;2021-02-22;24723;69405;2;0;69695;0;0;0;0;2486419;1272056;24;0;1290021;0;0;0;0
FR;1;2021-02-23;37437;81527;1;0;82213;0;0;0;0;2523856;1353583;25;0;1372234;0;0;0;0
FR;1;2021-02-24;40709;79224;1;0;79916;0;0;0;0;2564565;1432807;26;0;1452150;0;0;0;0
FR;1;2021-02-25;50170;87848;1;0;88926;0;0;0;0;2614735;1520655;27;0;1541076;0;0;0;0
FR;1;2021-02-26;47230;67579;1;0;68447;0;0;0;0;2661965;1588234;28;0;1609523;0;0;0;0
FR;1;2021-02-27;15688;21331;1;0;21539;0;0;0;0;2677653;1609565;29;0;1631062;0;0;0;0
FR;1;2021-02-28;3564;4110;2;0;4182;0;0;0;0;2681217;1613675;31;0;1635244;0;0;0;0
FR;1;2021-03-01;40217;50279;1;0;51000;0;0;0;0;2721434;1663954;32;0;1686244;0;0;0;0
FR;1;2021-03-02;55990;62406;3;0;63578;0;0;0;0;2777424;1726360;35;0;1749822;0;0;0;0
FR;1;2021-03-03;61259;60489;0;0;61914;0;0;0;0;2838683;1786849;35;0;1811736;0;0;0;0
FR;1;2021-03-04;73017;68220;3;0;70427;0;0;0;0;2911700;1855069;38;0;1882163;0;0;0;0
FR;1;2021-03-05;74779;58622;3;0;60514;0;0;0;0;2986479;1913691;41;0;1942677;0;0;0;0
FR;1;2021-03-06;82466;15765;2;0;17469;0;0;0;0;3068945;1929456;43;0;1960146;0;0;0;0
FR;1;2021-03-07;63732;4016;1;0;5560;0;0;0;0;3132677;1933472;44;0;1965706;0;0;0;0
FR;1;2021-03-08;60192;41227;2;0;42504;0;0;0;0;3192869;1974699;46;0;2008210;0;0;0;0
FR;1;2021-03-09;86004;47452;1;0;49442;0;0;0;0;3278873;2022151;47;0;2057652;0;0;0;0
FR;1;2021-03-10;90941;47809;5;0;50072;0;0;0;0;3369814;2069960;52;0;2107724;0;0;0;0
FR;1;2021-03-11;105101;54577;1;0;57638;0;0;0;0;3474915;2124537;53;0;2165362;0;0;0;0
FR;1;2021-03-12;104158;44920;1;0;47917;0;0;0;0;3579073;2169457;54;0;2213279;0;0;0;0
FR;1;2021-03-13;89216;12598;1;0;14815;0;0;0;0;3668289;2182055;55;0;2228094;0;0;0;0
FR;1;2021-03-14;44460;2705;1;0;4037;0;0;0;0;3712749;2184760;56;0;2232131;0;0;0;0
FR;1;2021-03-15;95534;28021;3;0;30364;0;0;0;0;3808283;2212781;59;0;2262495;0;0;0;0
FR;1;2021-03-16;123601;34090;5;0;37631;0;0;0;0;3931884;2246871;64;0;2300126;0;0;0;0
FR;1;2021-03-17;129322;33554;4;0;37606;0;0;0;0;4061206;2280425;68;0;2337732;0;0;0;0
FR;1;2021-03-18;142917;39236;5;0;43904;0;0;0;0;4204123;2319661;73;0;2381636;0;0;0;0
FR;1;2021-03-19;136270;32033;2;0;36621;0;0;0;0;4340393;2351694;75;0;2418257;0;0;0;0
FR;1;2021-03-20;76022;9767;1;0;11983;0;0;0;0;4416415;2361461;76;0;2430240;0;0;0;0
FR;1;2021-03-21;26518;1998;1;0;2987;0;0;0;0;4442933;2363459;77;0;2433227;0;0;0;0
FR;1;2021-03-22;114776;30262;2;0;34084;0;0;0;0;4557709;2393721;79;0;2467311;0;0;0;0
FR;1;2021-03-23;143054;38037;1;0;42823;0;0;0;0;4700763;2431758;80;0;2510134;0;0;0;0
FR;1;2021-03-24;142021;38369;0;0;43225;0;0;0;0;4842784;2470127;80;0;2553359;0;0;0;0
FR;1;2021-03-25;165031;39860;4;0;46011;0;0;0;0;5007815;2509987;84;0;2599370;0;0;0;0
FR;1;2021-03-26;166418;37409;5;1;44016;0;0;0;0;5174233;2547396;89;1;2643386;0;0;0;0
FR;1;2021-03-27;110902;15472;1;0;19482;0;0;0;0;5285135;2562868;90;1;2662868;0;0;0;0
FR;1;2021-03-28;42307;4381;3;0;5936;0;0;0;0;5327442;2567249;93;1;2668804;0;0;0;0
FR;1;2021-03-29;129840;49020;4;0;53674;0;0;0;0;5457282;2616269;97;1;2722478;0;0;0;0
FR;1;2021-03-30;167742;63778;5;0;70780;0;0;0;0;5625024;2680047;102;1;2793258;0;0;0;0
FR;1;2021-03-31;170966;67885;4;0;75413;0;0;0;0;5795990;2747932;106;1;2868671;0;0;0;0
FR;1;2021-04-01;194865;83891;10;0;93383;0;0;0;0;5990855;2831823;116;1;2962054;0;0;0;0
FR;1;2021-04-02;164468;86734;7;0;94544;0;0;0;0;6155323;2918557;123;1;3056598;0;0;0;0
FR;1;2021-04-03;88257;58185;6;0;61727;0;0;0;0;6243580;2976742;129;1;3118325;0;0;0;0
FR;1;2021-04-04;33660;17716;0;0;19212;0;0;0;0;6277240;2994458;129;1;3137537;0;0;0;0
FR;1;2021-04-05;46423;9593;11;0;11468;0;0;0;0;6323663;3004051;140;1;3149005;0;0;0;0
FR;1;2021-04-06;160338;105381;17;0;111842;0;0;0;0;6484001;3109432;157;1;3260847;0;0;0;0
FR;1;2021-04-07;197030;108100;16;0;116918;0;0;0;0;6681031;3217532;173;1;3377765;0;0;0;0
FR;1;2021-04-08;222177;114192;14;0;125529;0;0;0;0;6903208;3331724;187;1;3503294;0;0;0;0
FR;1;2021-04-09;214598;107996;21;0;118877;0;0;0;0;7117806;3439720;208;1;3622171;0;0;0;0
FR;1;2021-04-10;117203;73228;14;0;78366;0;0;0;0;7235009;3512948;222;1;3700537;0;0;0;0
FR;1;2021-04-11;40898;29895;6;0;31798;0;0;0;0;7275907;3542843;228;1;3732335;0;0;0;0
FR;1;2021-04-12;168497;104546;46;0;111776;0;0;0;0;7444404;3647389;274;1;3844111;0;0;0;0
FR;1;2021-04-13;203836;127792;97;1;137126;0;0;0;0;7648240;3775181;371;2;3981237;0;0;0;0
FR;1;2021-04-14;208663;122917;208;0;133140;0;0;0;0;7856903;3898098;579;2;4114377;0;0;0;0
FR;1;2021-04-15;221721;128100;313;0;139124;0;0;0;0;8078624;4026198;892;2;4253501;0;0;0;0
FR;1;2021-04-16;206101;125747;309;0;135413;0;0;0;0;8284725;4151945;1201;2;4388914;0;0;0;0
FR;1;2021-04-17;122107;67123;103;0;72179;0;0;0;0;8406832;4219068;1304;2;4461093;0;0;0;0
FR;1;2021-04-18;35974;21007;41;0;22713;0;0;0;0;8442806;4240075;1345;2;4483806;0;0;0;0
FR;1;2021-04-19;163771;121577;432;0;129111;0;0;0;0;8606577;4361652;1777;2;4612917;0;0;0;0
FR;1;2021-04-20;189472;149652;531;0;158763;0;0;0;0;8796049;4511304;2308;2;4771680;0;0;0;0
FR;1;2021-04-21;194039;147621;760;0;157138;0;0;0;0;8990088;4658925;3068;2;4928818;0;0;0;0
FR;1;2021-04-22;209066;164474;778;0;175697;0;0;0;0;9199154;4823399;3846;2;5104515;0;0;0;0
FR;1;2021-04-23;198981;157982;671;0;168992;0;0;0;0;9398135;4981381;4517;2;5273507;0;0;0;0
FR;1;2021-04-24;126350;95837;148;0;101902;0;0;0;0;9524485;5077218;4665;2;5375409;0;0;0;0
FR;1;2021-04-25;53636;30067;46;0;32824;0;0;0;0;9578121;5107285;4711;2;5408233;0;0;0;0
FR;1;2021-04-26;181166;140143;542;0;148857;0;0;0;0;9759287;5247428;5253;2;5557090;0;0;0;0
FR;1;2021-04-27;221391;162523;901;0;173894;0;0;0;0;9980678;5409951;6154;2;5730984;0;0;0;0
FR;1;2021-04-28;238335;156090;1314;1;168771;1;0;0;0;10219013;5566041;7468;3;5899755;1;0;0;0
FR;1;2021-04-29;270329;161518;1211;0;177120;0;0;0;0;10489342;5727559;8679;3;6076875;1;0;0;0
FR;1;2021-04-30;272013;148904;1073;0;165009;0;0;0;0;10761355;5876463;9752;3;6241884;1;0;0;0
FR;1;2021-05-01;141171;40604;173;0;48632;0;0;0;0;10902526;5917067;9925;3;6290516;1;0;0;0
FR;1;2021-05-02;81560;28206;81;0;32960;0;0;0;0;10984086;5945273;10006;3;6323476;1;0;0;0
FR;1;2021-05-03;250806;142503;803;0;156190;0;0;0;0;11234892;6087776;10809;3;6479666;1;0;0;0
FR;1;2021-05-04;265921;187865;1202;0;203437;0;0;0;0;11500813;6275641;12011;3;6683103;1;0;0;0
FR;1;2021-05-05;283926;186086;1267;0;202737;0;0;0;0;11784739;6461727;13278;3;6885840;1;0;0;0
FR;1;2021-05-06;310005;184328;1502;0;204090;0;0;0;0;12094744;6646055;14780;3;7089930;1;0;0;0
FR;1;2021-05-07;284131;196609;1127;0;214426;0;0;0;0;12378875;6842664;15907;3;7304356;1;0;0;0
FR;1;2021-05-08;191674;51292;285;0;62677;0;0;0;0;12570549;6893956;16192;3;7367033;1;0;0;0
FR;1;2021-05-09;114067;34413;236;0;41585;0;0;0;0;12684616;6928369;16428;3;7408618;1;0;0;0
FR;1;2021-05-10;258226;194946;1187;0;210941;0;0;0;0;12942842;7123315;17615;3;7619559;1;0;0;0
FR;1;2021-05-11;318921;211153;1465;0;231384;0;0;0;0;13261763;7334468;19080;3;7850943;1;0;0;0
FR;1;2021-05-12;356668;186031;1401;0;208336;0;0;0;0;13618431;7520499;20481;3;8059279;1;0;0;0
FR;1;2021-05-13;283464;47364;401;0;64292;0;0;0;0;13901895;7567863;20882;3;8123571;1;0;0;0
FR;1;2021-05-14;370527;128524;995;0;151938;0;0;0;0;14272422;7696387;21877;3;8275509;1;0;0;0
FR;1;2021-05-15;298113;66182;404;0;84890;0;0;0;0;14570535;7762569;22281;3;8360399;1;0;0;0
FR;1;2021-05-16;157787;15475;158;0;26044;0;0;0;0;14728322;7778044;22439;3;8386443;1;0;0;0
FR;1;2021-05-17;318943;116164;1441;0;138133;0;0;0;0;15047265;7894208;23880;3;8524576;1;0;0;0
FR;1;2021-05-18;383357;111597;1800;0;137546;0;0;0;0;15430622;8005805;25680;3;8662122;1;0;0;0
FR;1;2021-05-19;395290;101642;2184;0;128582;0;0;0;0;15825912;8107447;27864;3;8790704;1;0;0;0
FR;1;2021-05-20;421837;95694;2048;0;125181;0;0;0;0;16247749;8203141;29912;3;8915885;1;0;0;0
FR;1;2021-05-21;399822;97382;1764;0;125795;0;0;0;0;16647571;8300523;31676;3;9041680;1;0;0;0
FR;1;2021-05-22;275704;41908;604;0;60932;0;0;0;0;16923275;8342431;32280;3;9102612;1;0;0;0
FR;1;2021-05-23;123023;10978;224;0;20581;0;0;0;0;17046298;8353409;32504;3;9123193;1;0;0;0
FR;1;2021-05-24;244021;26253;569;0;43784;0;0;0;0;17290319;8379662;33073;3;9166977;1;0;0;0
FR;1;2021-05-25;366235;131515;2115;1;158451;0;0;0;0;17656554;8511177;35188;4;9325428;1;0;0;0
FR;1;2021-05-26;380830;127204;1996;0;155553;0;0;0;0;18037384;8638381;37184;4;9480981;1;0;0;0
FR;1;2021-05-27;406175;128228;1978;0;158719;0;0;0;0;18443559;8766609;39162;4;9639700;1;0;0;0
FR;1;2021-05-28;366048;145639;1701;0;174209;0;0;0;0;18809607;8912248;40863;4;9813909;1;0;0;0
FR;1;2021-05-29;253844;81082;527;0;100279;0;0;0;0;19063451;8993330;41390;4;9914188;1;0;0;0
FR;1;2021-05-30;100978;22594;158;0;30828;0;0;0;0;19164429;9015924;41548;4;9945016;1;0;0;0
FR;1;2021-05-31;314334;149156;1285;1;172420;1;0;0;0;19478763;9165080;42833;5;10117436;2;0;0;0
FR;1;2021-06-01;361669;166385;1734;1;194098;1;0;0;0;19840432;9331465;44567;6;10311534;3;0;0;0
FR;1;2021-06-02;365410;154249;1797;0;183787;0;0;0;0;20205842;9485714;46364;6;10495321;3;0;0;0
FR;1;2021-06-03;391446;147361;1654;0;178330;0;0;0;0;20597288;9633075;48018;6;10673651;3;0;0;0
FR;1;2021-06-04;364124;175802;1495;1;205087;1;0;0;0;20961412;9808877;49513;7;10878738;4;0;0;0
FR;1;2021-06-05;258519;112786;597;0;133146;0;0;0;0;21219931;9921663;50110;7;11011884;4;0;0;0
FR;1;2021-06-06;126822;37564;215;0;48204;0;0;0;0;21346753;9959227;50325;7;11060088;4;0;0;0
FR;1;2021-06-07;301115;207755;1368;0;233036;0;0;0;0;21647868;10166982;51693;7;11293124;4;0;0;0
FR;1;2021-06-08;330867;220976;1645;0;248940;0;0;0;0;21978735;10387958;53338;7;11542064;4;0;0;0
FR;1;2021-06-09;336600;211070;1614;0;239853;0;0;0;0;22315335;10599028;54952;7;11781917;4;0;0;0
FR;1;2021-06-10;343914;199919;1614;0;229657;0;0;0;0;22659249;10798947;56566;7;12011574;4;0;0;0
FR;1;2021-06-11;311910;234694;1299;1;262597;0;0;0;0;22971159;11033641;57865;8;12274171;4;0;0;0
FR;1;2021-06-12;244095;150578;438;0;172188;0;0;0;0;23215254;11184219;58303;8;12446359;4;0;0;0
FR;1;2021-06-13;100372;61028;188;0;70688;0;0;0;0;23315626;11245247;58491;8;12517047;4;0;0;0
FR;1;2021-06-14;207862;287718;1320;1;307519;0;0;0;0;23523488;11532965;59811;9;12824566;4;0;0;0
FR;1;2021-06-15;256880;281207;1400;1;305051;0;0;0;0;23780368;11814172;61211;10;13129617;4;0;0;0
FR;1;2021-06-16;273665;270625;1263;1;296058;0;0;0;0;24054033;12084797;62474;11;13425675;4;0;0;0
FR;1;2021-06-17;268236;244974;1240;1;271032;0;0;0;0;24322269;12329771;63714;12;13696707;4;0;0;0
FR;1;2021-06-18;260614;295240;1155;1;321057;0;0;0;0;24582883;12625011;64869;13;14017764;4;0;0;0
FR;1;2021-06-19;193461;209562;388;0;228220;0;0;0;0;24776344;12834573;65257;13;14245984;4;0;0;0
FR;1;2021-06-20;69717;89042;121;0;96884;0;0;0;0;24846061;12923615;65378;13;14342868;4;0;0;0
FR;1;2021-06-21;172388;319723;934;1;338431;1;0;0;0;25018449;13243338;66312;14;14681299;5;0;0;0
FR;1;2021-06-22;185877;347967;1102;10;369015;1;0;0;0;25204326;13591305;67414;24;15050314;6;0;0;0
FR;1;2021-06-23;204223;339534;1049;0;363435;0;0;0;0;25408549;13930839;68463;24;15413749;6;0;0;0
FR;1;2021-06-24;203542;282009;1176;0;306760;0;0;0;0;25612091;14212848;69639;24;15720509;6;0;0;0
FR;1;2021-06-25;182668;371677;1200;0;395683;0;0;0;0;25794759;14584525;70839;24;16116192;6;0;0;0
FR;1;2021-06-26;131401;278516;504;0;295881;0;0;0;0;25926160;14863041;71343;24;16412073;6;0;0;0
FR;1;2021-06-27;52412;122852;146;0;130392;0;0;0;0;25978572;14985893;71489;24;16542465;6;0;0;0
FR;1;2021-06-28;136670;368199;1065;0;386802;0;0;0;0;26115242;15354092;72554;24;16929267;6;0;0;0
FR;1;2021-06-29;154906;391018;1848;0;412127;0;0;0;0;26270148;15745110;74402;24;17341394;6;0;0;0
FR;1;2021-06-30;180065;381841;1667;4;406458;2;0;0;0;26450213;16126951;76069;28;17747852;8;0;0;0
FR;1;2021-07-01;201562;332426;1888;5;360522;1;0;0;0;26651775;16459377;77957;33;18108374;9;0;0;0
FR;1;2021-07-02;193883;367299;1765;5;395519;2;0;0;0;26845658;16826676;79722;38;18503893;11;0;0;0
FR;1;2021-07-03;124484;280414;704;3;299528;1;0;0;0;26970142;17107090;80426;41;18803421;12;0;0;0
FR;1;2021-07-04;53966;113715;244;0;122129;0;0;0;0;27024108;17220805;80670;41;18925550;12;0;0;0
FR;1;2021-07-05;153967;355766;1500;8;379117;0;0;0;0;27178075;17576571;82170;49;19304667;12;0;0;0
FR;1;2021-07-06;173515;382262;1603;45;408171;8;0;0;0;27351590;17958833;83773;94;19712838;20;0;0;0
FR;1;2021-07-07;190850;362335;1659;25;390687;3;0;0;0;27542440;18321168;85432;119;20103525;23;0;0;0
FR;1;2021-07-08;201580;322952;1826;20;353627;3;0;0;0;27744020;18644120;87258;139;20457152;26;0;0;0
FR;1;2021-07-09;189987;387773;1854;3;418207;2;0;0;0;27934007;19031893;89112;142;20875359;28;0;0;0
FR;1;2021-07-10;129957;281156;818;1;302589;1;0;0;0;28063964;19313049;89930;143;21177948;29;0;0;0
FR;1;2021-07-11;57683;102517;262;0;112404;0;0;0;0;28121647;19415566;90192;143;21290352;29;0;0;0
FR;1;2021-07-12;149922;416835;1587;4;442853;0;0;0;0;28271569;19832401;91779;147;21733205;29;0;0;0
FR;1;2021-07-13;234287;439041;1808;8;476243;1;0;0;0;28505856;20271442;93587;155;22209448;30;0;0;0
FR;1;2021-07-14;171928;151350;418;0;176992;0;0;0;0;28677784;20422792;94005;155;22386440;30;0;0;0
FR;1;2021-07-15;279694;424160;1859;1;467160;0;0;0;0;28957478;20846952;95864;156;22853600;30;0;0;0
FR;1;2021-07-16;290445;400587;1711;3;445268;1;0;0;0;29247923;21247539;97575;159;23298868;31;0;0;0
FR;1;2021-07-17;217354;281969;755;1;315447;0;0;0;0;29465277;21529508;98330;160;23614315;31;0;0;0
FR;1;2021-07-18;102021;107201;288;0;123100;0;0;0;0;29567298;21636709;98618;160;23737415;31;0;0;0
FR;1;2021-07-19;238232;378440;1498;3;414512;0;0;0;0;29805530;22015149;100116;163;24151927;31;0;0;0
FR;1;2021-07-20;305767;379843;1470;0;425687;0;0;0;0;30111297;22394992;101586;163;24577614;31;0;0;0
FR;1;2021-07-21;333299;352768;1412;4;404177;1;0;0;0;30444596;22747760;102998;167;24981791;32;0;0;0
FR;1;2021-07-22;364689;318596;1502;3;375036;2;0;0;0;30809285;23066356;104500;170;25356827;34;0;0;0
FR;1;2021-07-23;349404;342843;1589;4;398409;1;0;0;0;31158689;23409199;106089;174;25755236;35;0;0;0
FR;1;2021-07-24;238964;240724;697;1;278068;0;0;0;0;31397653;23649923;106786;175;26033304;35;0;0;0
FR;1;2021-07-25;112803;76010;223;0;93713;0;0;0;0;31510456;23725933;107009;175;26127017;35;0;0;0
FR;1;2021-07-26;299144;289337;1495;2;335076;1;0;0;0;31809600;24015270;108504;177;26462093;36;0;0;0
FR;1;2021-07-27;385841;267943;1459;4;324932;1;0;0;0;32195441;24283213;109963;181;26787025;37;0;0;0
FR;1;2021-07-28;390211;250925;1463;4;307231;1;0;0;0;32585652;24534138;111426;185;27094256;38;0;0;0
FR;1;2021-07-29;406146;227620;1541;2;284356;0;0;0;0;32991798;24761758;112967;187;27378612;38;0;0;0
FR;1;2021-07-30;370751;246548;1638;4;298414;1;0;0;0;33362549;25008306;114605;191;27677026;39;0;0;0
FR;1;2021-07-31;243388;165082;794;1;199435;0;0;0;0;33605937;25173388;115399;192;27876461;39;0;0;0
FR;1;2021-08-01;105600;47211;235;0;61207;0;0;0;0;33711537;25220599;115634;192;27937668;39;0;0;0
FR;1;2021-08-02;297420;212852;1479;2;250671;0;0;0;0;34008957;25433451;117113;194;28188339;39;0;0;0
FR;1;2021-08-03;331345;208726;1557;2;250722;1;0;0;0;34340302;25642177;118670;196;28439061;40;0;0;0
FR;1;2021-08-04;328048;183860;1439;5;224036;3;0;0;0;34668350;25826037;120109;201;28663097;43;0;0;0
FR;1;2021-08-05;301289;193113;1483;0;229425;0;0;0;0;34969639;26019150;121592;201;28892522;43;0;0;0
FR;1;2021-08-06;290986;224114;1560;3;261432;0;0;0;0;35260625;26243264;123152;204;29153954;43;0;0;0
FR;1;2021-08-07;182673;158761;655;5;181684;1;0;0;0;35443298;26402025;123807;209;29335638;44;0;0;0
FR;1;2021-08-08;68889;59098;253;0;67629;0;0;0;0;35512187;26461123;124060;209;29403267;44;0;0;0
FR;1;2021-08-09;222792;235196;1445;4;263941;2;0;0;0;35734979;26696319;125505;213;29667208;46;0;0;0
FR;1;2021-08-10;252751;239874;1493;2;271740;0;0;0;0;35987730;26936193;126998;215;29938948;46;0;0;0
FR;1;2021-08-11;236245;231770;1271;5;261302;0;0;0;0;36223975;27167963;128269;220;30200250;46;0;0;0
FR;1;2021-08-12;220789;239781;1490;3;267914;0;0;0;0;36444764;27407744;129759;223;30468164;46;0;0;0
FR;1;2021-08-13;201723;238491;1360;2;264069;2;0;0;0;36646487;27646235;131119;225;30732233;48;0;0;0
FR;1;2021-08-14;122866;174040;645;0;189564;0;0;0;0;36769353;27820275;131764;225;30921797;48;0;0;0
FR;1;2021-08-15;34708;46119;201;1;50341;0;0;0;0;36804061;27866394;131965;226;30972138;48;0;0;0
FR;1;2021-08-16;156966;289365;1423;0;309971;0;0;0;0;36961027;28155759;133388;226;31282109;48;0;0;0
FR;1;2021-08-17;171618;290999;1422;5;313436;0;0;0;0;37132645;28446758;134810;231;31595545;48;0;0;0
FR;1;2021-08-18;161437;286692;1394;6;307351;3;0;0;0;37294082;28733450;136204;237;31902896;51;0;0;0
FR;1;2021-08-19;148956;277420;1404;1;297294;0;0;0;0;37443038;29010870;137608;238;32200190;51;0;0;0
FR;1;2021-08-20;140519;308951;1532;2;328217;2;0;0;0;37583557;29319821;139140;240;32528407;53;0;0;0
FR;1;2021-08-21;84281;213208;589;0;224543;0;0;0;0;37667838;29533029;139729;240;32752950;53;0;0;0
FR;1;2021-08-22;28581;82693;233;0;86700;0;0;0;0;37696419;29615722;139962;240;32839650;53;0;0;0
FR;1;2021-08-23;118665;320947;1422;2;337712;1;0;0;0;37815084;29936669;141384;242;33177362;54;0;0;0
FR;1;2021-08-24;126673;319645;1604;5;337490;0;0;0;0;37941757;30256314;142988;247;33514852;54;0;0;0
FR;1;2021-08-25;121540;306433;1781;8;323647;2;0;0;0;38063297;30562747;144769;255;33838499;56;0;0;0
FR;1;2021-08-26;106634;286062;2162;10;302390;0;0;0;0;38169931;30848809;146931;265;34140889;56;0;0;0
FR;1;2021-08-27;107656;321600;2302;9;338926;1;0;0;0;38277587;31170409;149233;274;34479815;57;0;0;0
FR;1;2021-08-28;71025;220691;1102;0;231241;0;0;0;0;38348612;31391100;150335;274;34711056;57;0;0;0
FR;1;2021-08-29;24153;78197;469;1;82092;0;0;0;0;38372765;31469297;150804;275;34793148;57;0;0;0
FR;1;2021-08-30;96899;286276;4313;6;299773;4975;0;0;0;38469664;31755573;155117;281;35092921;5032;0;0;0
FR;1;2021-08-31;98126;276254;9295;15;289923;10079;2;0;0;38567790;32031827;164412;296;35382844;15111;2;0;0
FR;1;2021-09-01;112355;245298;21120;8;257701;22151;1;0;0;38680145;32277125;185532;304;35640545;37262;3;0;0
FR;1;2021-09-02;86766;197912;24533;18;208322;25514;0;0;0;38766911;32475037;210065;322;35848867;62776;3;0;0
FR;1;2021-09-03;82426;227495;26957;21;238949;28040;0;0;0;38849337;32702532;237022;343;36087816;90816;3;0;0
FR;1;2021-09-04;71630;189713;11141;11;199317;11705;7;0;0;38920967;32892245;248163;354;36287133;102521;10;0;0
FR;1;2021-09-05;18613;41145;4124;2;43856;4274;0;0;0;38939580;32933390;252287;356;36330989;106795;10;0;0
FR;1;2021-09-06;59821;151403;30181;15;158947;31212;2;0;0;38999401;33084793;282468;371;36489936;138007;12;0;0
FR;1;2021-09-07;57400;139632;30213;30;146779;31244;2;0;0;39056801;33224425;312681;401;36636715;169251;14;0;0
FR;1;2021-09-08;72349;173791;26926;22;182291;27955;4;0;0;39129150;33398216;339607;423;36819006;197206;18;0;0
FR;1;2021-09-09;54490;124419;28633;24;131193;29739;5;0;0;39183640;33522635;368240;447;36950199;226945;23;0;0
FR;1;2021-09-10;66217;152069;30452;24;161175;31689;5;0;0;39249857;33674704;398692;471;37111374;258634;28;0;0
FR;1;2021-09-11;52689;146627;9731;14;154133;10351;0;0;0;39302546;33821331;408423;485;37265507;268985;28;0;0
FR;1;2021-09-12;10796;29272;2489;1;30972;2658;2;0;0;39313342;33850603;410912;486;37296479;271643;30;0;0
FR;1;2021-09-13;51514;104421;38764;31;110978;40084;16;0;0;39364856;33955024;449676;517;37407457;311727;46;0;0
FR;1;2021-09-14;53342;95996;51280;67;102404;53250;39;0;0;39418198;34051020;500956;584;37509861;364977;85;0;0
FR;1;2021-09-15;60578;139234;50497;55;146425;47058;68;0;0;39478776;34190254;551453;639;37656286;412035;153;0;0
FR;1;2021-09-16;46639;81363;53354;70;86265;49599;70;0;0;39525415;34271617;604807;709;37742551;461634;223;0;0
FR;1;2021-09-17;53224;109329;45072;61;115668;42701;63;0;0;39578639;34380946;649879;770;37858219;504335;286;0;0
FR;1;2021-09-18;37882;118486;11795;19;124079;11274;19;0;0;39616521;34499432;661674;789;37982298;515609;305;0;0
FR;1;2021-09-19;6531;21032;2042;1;22135;1983;1;0;0;39623052;34520464;663716;790;38004433;517592;306;0;0
FR;1;2021-09-20;36542;74836;46232;65;78560;44193;32;0;0;39659594;34595300;709948;855;38082993;561785;338;0;0
FR;1;2021-09-21;34199;68111;56266;72;71145;52739;78;0;0;39693793;34663411;766214;927;38154138;614524;416;0;0
FR;1;2021-09-22;38841;118599;49878;76;123024;46920;41;0;0;39732634;34782010;816092;1003;38277162;661444;457;0;0
FR;1;2021-09-23;32039;62899;54507;85;65800;50915;84;0;0;39764673;34844909;870599;1088;38342962;712359;541;0;0
FR;1;2021-09-24;36798;90030;43673;89;94393;41951;58;0;0;39801471;34934939;914272;1177;38437355;754310;599;0;0
FR;1;2021-09-25;27652;96705;12307;27;101067;12186;19;0;0;39829123;35031644;926579;1204;38538422;766496;618;0;0
FR;1;2021-09-26;4385;15194;1776;5;16058;1698;4;0;0;39833508;35046838;928355;1209;38554480;768194;622;0;0
FR;1;2021-09-27;27353;60211;42912;89;63445;41639;81;0;1;39860861;35107049;971267;1298;38617925;809833;703;0;1
FR;1;2021-09-28;26912;49417;47200;76;52046;44479;42;0;0;39887773;35156466;1018467;1374;38669971;854312;745;0;1
FR;1;2021-09-29;35925;80273;47291;87;84661;45615;36;0;0;39923698;35236739;1065758;1461;38754632;899927;781;0;1
FR;1;2021-09-30;26076;46888;47525;80;49261;45464;52;0;0;39949774;35283627;1113283;1541;38803893;945391;833;0;1
FR;1;2021-10-01;47301;66920;44903;83;70816;44618;15;0;0;39997075;35350547;1158186;1624;38874709;990009;848;0;1
FR;1;2021-10-02;32383;62404;16112;32;67218;16322;6;0;0;40029458;35412951;1174298;1656;38941927;1006331;854;0;1
FR;1;2021-10-03;4343;8565;2040;3;9314;2037;4;0;0;40033801;35421516;1176338;1659;38951241;1008368;858;0;1
FR;1;2021-10-04;28976;44419;47110;79;46839;46976;31;0;0;40062777;35465935;1223448;1738;38998080;1055344;889;0;1
FR;1;2021-10-05;24566;41634;49891;116;43140;49334;51;0;0;40087343;35507569;1273339;1854;39041220;1104678;940;0;1
FR;1;2021-10-06;34657;61373;57505;102;64492;57252;27;0;0;40122000;35568942;1330844;1956;39105712;1161930;967;0;1
FR;1;2021-10-07;21078;39913;53047;75;41095;51992;33;0;0;40143078;35608855;1383891;2031;39146807;1213922;1000;0;1
FR;1;2021-10-08;35669;59641;60408;83;62876;61163;29;0;0;40178747;35668496;1444299;2114;39209683;1275085;1029;0;1
FR;1;2021-10-09;27467;48011;25495;29;52490;26020;10;0;0;40206214;35716507;1469794;2143;39262173;1301105;1039;0;1
FR;1;2021-10-10;3726;5811;2758;7;6289;2865;1;0;0;40209940;35722318;1472552;2150;39268462;1303970;1040;0;1
FR;1;2021-10-11;24858;38223;54586;88;40311;55261;48;0;0;40234798;35760541;1527138;2238;39308773;1359231;1088;0;1
FR;1;2021-10-12;23380;36584;58074;128;37104;59225;18;0;0;40258178;35797125;1585212;2366;39345877;1418456;1106;0;1
FR;1;2021-10-13;32974;47837;64175;125;50646;65700;23;0;1;40291152;35844962;1649387;2491;39396523;1484156;1129;0;2
FR;1;2021-10-14;21712;34771;53772;103;35682;54363;24;0;0;40312864;35879733;1703159;2594;39432205;1538519;1153;0;2
FR;1;2021-10-15;32750;48761;72329;165;50461;75021;23;0;0;40345614;35928494;1775488;2759;39482666;1613540;1176;0;2
FR;1;2021-10-16;26013;35287;34871;44;38304;36424;15;0;0;40371627;35963781;1810359;2803;39520970;1649964;1191;0;2
FR;1;2021-10-17;3158;4048;3417;2;4492;3317;3;0;0;40374785;35967829;1813776;2805;39525462;1653281;1194;0;2
FR;1;2021-10-18;24346;34891;66844;132;34937;69721;28;0;0;40399131;36002720;1880620;2937;39560399;1723002;1222;0;2
FR;1;2021-10-19;20721;35573;75670;135;33233;79598;41;0;0;40419852;36038293;1956290;3072;39593632;1802600;1263;0;2
FR;1;2021-10-20;29914;44202;96183;178;43282;99870;45;0;0;40449766;36082495;2052473;3250;39636914;1902470;1308;0;2
FR;1;2021-10-21;19802;35050;83190;107;31766;87047;31;0;0;40469568;36117545;2135663;3357;39668680;1989517;1339;0;2
FR;1;2021-10-22;29755;47757;103753;196;44572;109701;62;0;0;40499323;36165302;2239416;3553;39713252;2099218;1401;0;2
FR;1;2021-10-23;23054;35142;44875;57;36139;47385;11;0;0;40522377;36200444;2284291;3610;39749391;2146603;1412;0;2
FR;1;2021-10-24;2406;3842;3583;6;4041;3717;1;0;0;40524783;36204286;2287874;3616;39753432;2150320;1413;0;2
FR;1;2021-10-25;22497;30736;82028;143;29626;85832;37;0;0;40547280;36235022;2369902;3759;39783058;2236152;1450;0;2
FR;1;2021-10-26;19366;27645;86120;162;24750;90342;31;0;0;40566646;36262667;2456022;3921;39807808;2326494;1481;0;2
FR;1;2021-10-27;26219;39617;107819;252;37314;112730;50;0;0;40592865;36302284;2563841;4173;39845122;2439224;1531;0;2
FR;1;2021-10-28;18802;27115;86965;150;23501;91723;37;0;0;40611667;36329399;2650806;4323;39868623;2530947;1568;0;2
FR;1;2021-10-29;25931;40260;114840;202;35502;121668;53;0;0;40637598;36369659;2765646;4525;39904125;2652615;1621;0;2
FR;1;2021-10-30;17710;28712;49371;74;28306;51963;18;0;0;40655308;36398371;2815017;4599;39932431;2704578;1639;0;2
FR;1;2021-10-31;2086;3173;3451;2;3218;3686;2;0;0;40657394;36401544;2818468;4601;39935649;2708264;1641;0;2
FR;1;2021-11-01;8014;4271;3035;3;4355;3295;6;0;0;40665408;36405815;2821503;4604;39940004;2711559;1647;0;2
FR;1;2021-11-02;22908;33235;92408;156;29194;97859;39;0;1;40688316;36439050;2913911;4760;39969198;2809418;1686;0;3
FR;1;2021-11-03;26635;41568;117510;219;37023;123889;59;0;0;40714951;36480618;3031421;4979;40006221;2933307;1745;0;3
FR;1;2021-11-04;19627;30303;105820;213;24193;111970;43;0;0;40734578;36510921;3137241;5192;40030414;3045277;1788;0;3
FR;1;2021-11-05;27023;42303;138788;230;34198;147464;47;0;0;40761601;36553224;3276029;5422;40064612;3192741;1835;0;3
FR;1;2021-11-06;18861;29817;63487;123;27621;66501;25;0;0;40780462;36583041;3339516;5545;40092233;3259242;1860;0;3
FR;1;2021-11-07;1834;3279;4982;6;3034;5301;5;0;0;40782296;36586320;3344498;5551;40095267;3264543;1865;0;3
FR;1;2021-11-08;17877;32239;126008;224;25388;132642;48;0;0;40800173;36618559;3470506;5775;40120655;3397185;1913;0;3
FR;1;2021-11-09;19518;37609;159321;334;26150;169126;68;0;0;40819691;36656168;3629827;6109;40146805;3566311;1981;0;3
FR;1;2021-11-10;28889;49067;181922;441;39032;192535;87;0;0;40848580;36705235;3811749;6550;40185837;3758846;2068;0;3
FR;1;2021-11-11;4191;5939;12236;26;5111;13029;14;0;0;40852771;36711174;3823985;6576;40190948;3771875;2082;0;3
FR;1;2021-11-12;26023;46831;174841;244;35310;186525;81;0;0;40878794;36758005;3998826;6820;40226258;3958400;2163;0;3
FR;1;2021-11-13;18734;29153;76845;111;25382;81793;41;0;0;40897528;36787158;4075671;6931;40251640;4040193;2204;0;3
FR;1;2021-11-14;2050;3243;6827;5;2798;7358;6;0;0;40899578;36790401;4082498;6936;40254438;4047551;2210;0;3
FR;1;2021-11-15;18787;34718;156439;306;24631;166263;61;0;0;40918365;36825119;4238937;7242;40279069;4213814;2271;0;3
FR;1;2021-11-16;21363;37857;192145;380;23364;205055;103;0;1;40939728;36862976;4431082;7622;40302433;4418869;2374;0;4
FR;1;2021-11-17;28670;45555;193247;398;33034;205062;95;0;0;40968398;36908531;4624329;8020;40335467;4623931;2469;0;4
FR;1;2021-11-18;21143;39595;182527;458;25155;194633;87;0;0;40989541;36948126;4806856;8478;40360622;4818564;2556;0;4
FR;1;2021-11-19;30890;53322;230276;532;34839;246750;138;0;0;41020431;37001448;5037132;9010;40395461;5065314;2694;0;4
FR;1;2021-11-20;23767;33224;96997;202;26741;103648;44;0;0;41044198;37034672;5134129;9212;40422202;5168962;2738;0;4
FR;1;2021-11-21;2339;3911;9125;19;2957;9935;16;0;0;41046537;37038583;5143254;9231;40425159;5178897;2754;0;4
FR;1;2021-11-22;21422;30357;175925;467;16968;189478;78;0;0;41067959;37068940;5319179;9698;40442127;5368375;2832;0;4
FR;1;2021-11-23;24028;40984;221249;540;21339;237993;77;0;0;41091987;37109924;5540428;10238;40463466;5606368;2909;0;4
FR;1;2021-11-24;30298;49660;217385;702;32000;234554;68;0;0;41122285;37159584;5757813;10940;40495466;5840922;2977;0;4
FR;1;2021-11-25;23732;44032;244500;718;22099;264165;101;0;0;41146017;37203616;6002313;11658;40517565;6105087;3078;0;4
FR;1;2021-11-26;30622;66673;356829;836;33293;388606;154;0;0;41176639;37270289;6359142;12494;40550858;6493693;3232;0;4
FR;1;2021-11-27;21961;45298;202653;372;26194;222682;112;0;0;41198600;37315587;6561795;12866;40577052;6716375;3344;0;4
FR;1;2021-11-28;3178;9568;54798;63;3479;61019;37;0;0;41201778;37325155;6616593;12929;40580531;6777394;3381;0;4
FR;1;2021-11-29;17902;49479;326412;841;20813;354531;150;0;0;41219680;37374634;6943005;13770;40601344;7131925;3531;0;4
FR;1;2021-11-30;22789;64868;431175;952;23867;470812;262;0;0;41242469;37439502;7374180;14722;40625211;7602737;3793;0;4
FR;1;2021-12-01;25350;69135;442930;1131;28521;481799;271;0;0;41267819;37508637;7817110;15853;40653732;8084536;4064;0;4
FR;1;2021-12-02;20089;64416;489435;1229;18537;532953;271;0;0;41287908;37573053;8306545;17082;40672269;8617489;4335;0;4
FR;1;2021-12-03;22912;82359;542807;1310;30359;591798;307;0;0;41310820;37655412;8849352;18392;40702628;9209287;4642;0;4
FR;1;2021-12-04;16415;53857;299115;654;23269;328984;182;0;0;41327235;37709269;9148467;19046;40725897;9538271;4824;0;4
FR;1;2021-12-05;3635;13802;81540;143;4215;91046;85;0;0;41330870;37723071;9230007;19189;40730112;9629317;4909;0;4
FR;1;2021-12-06;25853;62468;415477;1066;22120;455196;356;0;0;41356723;37785539;9645484;20255;40752232;10084513;5265;0;4
FR;1;2021-12-07;20014;75497;523024;1536;24342;572659;371;0;0;41376737;37861036;10168508;21791;40776574;10657172;5636;0;4
FR;1;2021-12-08;21714;75572;458476;1545;30706;502149;378;0;0;41398451;37936608;10626984;23336;40807280;11159321;6014;0;4
FR;1;2021-12-09;19468;74000;492986;1626;24423;540967;397;0;0;41417919;38010608;11119970;24962;40831703;11700288;6411;0;4
FR;1;2021-12-10;23325;87606;547418;1585;32514;600049;390;0;1;41441244;38098214;11667388;26547;40864217;12300337;6801;0;5
FR;1;2021-12-11;16531;59136;302756;751;26000;335486;279;0;0;41457775;38157350;11970144;27298;40890217;12635823;7080;0;5
FR;1;2021-12-12;4392;15905;83227;179;5264;94043;96;0;0;41462167;38173255;12053371;27477;40895481;12729866;7176;0;5
FR;1;2021-12-13;15755;63499;367029;1094;24009;406310;235;0;0;41477922;38236754;12420400;28571;40919490;13136176;7411;0;5
FR;1;2021-12-14;20864;80209;464831;1748;28740;515287;505;0;1;41498786;38316963;12885231;30319;40948230;13651463;7916;0;6
FR;1;2021-12-15;21618;77373;409120;1309;33088;453194;311;0;1;41520404;38394336;13294351;31628;40981318;14104657;8227;0;7
FR;1;2021-12-16;20064;77161;451915;1577;28020;500656;325;0;0;41540468;38471497;13746266;33205;41009338;14605313;8552;0;7
FR;1;2021-12-17;22625;86495;479970;1737;34749;531009;372;0;0;41563093;38557992;14226236;34942;41044087;15136322;8924;0;7
FR;1;2021-12-18;17609;54628;257640;731;24732;288542;231;0;0;41580702;38612620;14483876;35673;41068819;15424864;9155;0;7
FR;1;2021-12-19;5562;16959;79194;194;5942;90693;116;0;0;41586264;38629579;14563070;35867;41074761;15515557;9271;0;7
FR;1;2021-12-20;20951;63011;316267;1081;26607;355315;283;0;0;41607215;38692590;14879337;36948;41101368;15870872;9554;0;7
FR;1;2021-12-21;26339;72962;372780;1422;30667;418098;337;0;0;41633554;38765552;15252117;38370;41132035;16288970;9891;0;7
FR;1;2021-12-22;24980;65758;310655;1217;29681;349585;361;0;1;41658534;38831310;15562772;39587;41161716;16638555;10252;0;8
FR;1;2021-12-23;21272;52196;241500;957;23420;273050;361;0;0;41679806;38883506;15804272;40544;41185136;16911605;10613;0;8
FR;1;2021-12-24;7127;18312;67160;258;9278;77061;154;0;1;41686933;38901818;15871432;40802;41194414;16988666;10767;0;9
FR;1;2021-12-25;508;2876;5589;15;1805;6536;55;0;0;41687441;38904694;15877021;40817;41196219;16995202;10822;0;9
FR;1;2021-12-26;2749;7581;26948;71;3498;31461;100;0;0;41690190;38912275;15903969;40888;41199717;17026663;10922;0;9
FR;1;2021-12-27;18312;53520;235123;705;25521;265771;365;0;0;41708502;38965795;16139092;41593;41225238;17292434;11287;0;9
FR;1;2021-12-28;23302;61960;292043;1026;27069;330214;595;0;1;41731804;39027755;16431135;42619;41252307;17622648;11882;0;10
FR;1;2021-12-29;22217;55457;255021;920;25325;288231;645;0;1;41754021;39083212;16686156;43539;41277632;17910879;12527;0;11
FR;1;2021-12-30;21241;46481;212168;858;22506;239622;718;0;0;41775262;39129693;16898324;44397;41300138;18150501;13245;0;11
FR;1;2021-12-31;7467;16562;61875;229;8746;70407;346;0;0;41782729;39146255;16960199;44626;41308884;18220908;13591;0;11
FR;1;2022-01-01;1158;2496;5666;30;1542;6583;72;0;0;41783887;39148751;16965865;44656;41310426;18227491;13663;0;11
FR;1;2022-01-02;3087;8078;28892;50;3675;33531;190;0;0;41786974;39156829;16994757;44706;41314101;18261022;13853;0;11
FR;1;2022-01-03;25637;54222;228259;789;27576;257728;958;0;1;41812611;39211051;17223016;45495;41341677;18518750;14811;0;12
FR;1;2022-01-04;26206;65058;299281;1239;29865;337314;1368;0;2;41838817;39276109;17522297;46734;41371542;18856064;16179;0;14
FR;1;2022-01-05;30545;64297;274900;1099;32554;310280;1263;0;0;41869362;39340406;17797197;47833;41404096;19166344;17442;0;14
FR;1;2022-01-06;26837;66239;306901;1400;29310;346571;1566;0;1;41896199;39406645;18104098;49233;41433406;19512915;19008;0;15
FR;1;2022-01-07;31570;75035;349844;1538;34443;393988;1822;0;1;41927769;39481680;18453942;50771;41467849;19906903;20830;0;16
FR;1;2022-01-08;23388;51381;222499;698;25597;251123;913;0;1;41951157;39533061;18676441;51469;41493446;20158026;21743;0;17
FR;1;2022-01-09;7092;17158;66025;163;8188;76137;335;0;0;41958249;39550219;18742466;51632;41501634;20234163;22078;0;17
FR;1;2022-01-10;21789;60649;236809;955;32970;267608;1257;0;1;41980038;39610868;18979275;52587;41534604;20501771;23335;0;18
FR;1;2022-01-11;26764;63476;282303;1280;31236;317830;1835;0;1;42006802;39674344;19261578;53867;41565840;20819601;25170;0;19
FR;1;2022-01-12;28959;62534;246272;1105;35092;278062;1685;0;3;42035761;39736878;19507850;54972;41600932;21097663;26855;0;22
FR;1;2022-01-13;24782;60197;262802;1253;30067;296123;1994;0;4;42060543;39797075;19770652;56225;41630999;21393786;28849;0;26
FR;1;2022-01-14;27967;66743;314022;1366;32167;351270;2475;0;1;42088510;39863818;20084674;57591;41663166;21745056;31324;0;27
FR;1;2022-01-15;19366;44431;199319;618;22478;223863;1362;0;1;42107876;39908249;20283993;58209;41685644;21968919;32686;0;28
FR;1;2022-01-16;5160;12974;51529;135;6031;59558;337;0;0;42113036;39921223;20335522;58344;41691675;22028477;33023;0;28
FR;1;2022-01-17;16867;39720;184840;781;20149;206834;1690;0;2;42129903;39960943;20520362;59125;41711824;22235311;34713;0;30
FR;1;2022-01-18;19453;45984;212434;1154;22996;237045;2456;0;1;42149356;40006927;20732796;60279;41734820;22472356;37169;0;31
FR;1;2022-01-19;20308;43989;176120;897;25494;197200;1974;0;4;42169664;40050916;20908916;61176;41760314;22669556;39143;0;35
FR;1;2022-01-20;16840;40599;183698;1139;20824;204748;2513;0;2;42186504;40091515;21092614;62315;41781138;22874304;41656;0;37
FR;1;2022-01-21;19916;47049;228963;1405;23919;253349;3107;0;1;42206420;40138564;21321577;63720;41805057;23127653;44763;0;38
FR;1;2022-01-22;13844;33352;144495;578;18446;161389;1404;0;2;42220264;40171916;21466072;64298;41823503;23289042;46167;0;40
FR;1;2022-01-23;3377;8766;33429;132;4574;38319;352;0;1;42223641;40180682;21499501;64430;41828077;23327361;46519;0;41
FR;1;2022-01-24;11809;32989;142222;711;17806;158257;2102;0;1;42235450;40213671;21641723;65141;41845883;23485618;48621;0;42
FR;1;2022-01-25;14213;38196;163412;1049;20296;181570;3179;0;1;42249663;40251867;21805135;66190;41866179;23667188;51800;0;43
FR;1;2022-01-26;14863;37714;150256;933;22639;166369;2517;0;1;42264526;40289581;21955391;67123;41888818;23833557;54317;0;44
FR;1;2022-01-27;12340;33323;143456;888;18501;158015;3226;0;3;42276866;40322904;22098847;68011;41907319;23991572;57543;0;47
FR;1;2022-01-28;16326;56931;198320;1143;32679;222392;4005;0;3;42293192;40379835;22297167;69154;41939998;24213964;61548;0;50
FR;1;2022-01-29;10267;35487;135205;525;19617;151542;1879;0;1;42303459;40415322;22432372;69679;41959615;24365506;63427;0;51
FR;1;2022-01-30;2485;9269;29682;86;4833;34453;435;0;1;42305944;40424591;22462054;69765;41964448;24399959;63862;0;52
FR;1;2022-01-31;8758;32494;104346;533;19488;117361;2342;0;3;42314702;40457085;22566400;70298;41983936;24517320;66204;0;55
FR;1;2022-02-01;10996;36474;127083;865;20643;141238;4326;0;1;42325698;40493559;22693483;71163;42004579;24658558;70530;0;56
FR;1;2022-02-02;12052;41597;130358;782;25272;145829;3779;0;9;42337750;40535156;22823841;71945;42029851;24804387;74309;0;65
FR;1;2022-02-03;9314;34059;117016;785;19116;130338;4293;0;4;42347064;40569215;22940857;72730;42048967;24934725;78602;0;69
FR;1;2022-02-04;11532;48656;172583;967;25945;192736;5487;0;5;42358596;40617871;23113440;73697;42074912;25127461;84089;0;74
FR;1;2022-02-05;7998;33932;117589;391;18176;133035;2420;0;3;42366594;40651803;23231029;74088;42093088;25260496;86509;0;77
FR;1;2022-02-06;1706;8001;22752;85;3874;26907;443;0;0;42368300;40659804;23253781;74173;42096962;25287403;86952;0;77
FR;1;2022-02-07;7341;35419;119107;459;18191;134979;3397;0;4;42375641;40695223;23372888;74632;42115153;25422382;90349;0;81
FR;1;2022-02-08;7764;31956;125660;695;14888;140649;4301;0;5;42383405;40727179;23498548;75327;42130041;25563031;94650;0;86
FR;1;2022-02-09;8651;36520;135256;701;17921;152501;3883;0;7;42392056;40763699;23633804;76028;42147962;25715532;98533;0;93
FR;1;2022-02-10;7022;30124;116376;675;13887;130164;4444;0;1;42399078;40793823;23750180;76703;42161849;25845696;102977;0;94
FR;1;2022-02-11;8658;41551;165144;878;18361;185369;5430;0;3;42407736;40835374;23915324;77581;42180210;26031065;108407;0;97
FR;1;2022-02-12;5341;27609;106713;379;12531;120898;2396;0;2;42413077;40862983;24022037;77960;42192741;26151963;110803;0;99
FR;1;2022-02-13;1265;5718;21718;66;2187;25334;402;0;3;42414342;40868701;24043755;78026;42194928;26177297;111205;0;102
FR;1;2022-02-14;5458;27224;118092;394;10640;133120;3384;0;4;42419800;40895925;24161847;78420;42205568;26310417;114589;0;106
FR;1;2022-02-15;5790;28860;118928;611;12208;132560;4882;0;1;42425590;40924785;24280775;79031;42217776;26442977;119471;0;107
FR;1;2022-02-16;5758;28487;110420;596;13752;123051;4152;0;3;42431348;40953272;24391195;79627;42231528;26566028;123623;0;110
FR;1;2022-02-17;4613;19739;73146;488;10125;80251;3997;0;3;42435961;40973011;24464341;80115;42241653;26646279;127620;0;113
FR;1;2022-02-18;5609;26791;99202;673;14164;108162;5519;0;2;42441570;40999802;24563543;80788;42255817;26754441;133139;0;115
FR;1;2022-02-19;3550;17177;59479;304;9569;66060;2266;0;0;42445120;41016979;24623022;81092;42265386;26820501;135405;0;115
FR;1;2022-02-20;791;3256;10706;36;1649;12333;360;0;1;42445911;41020235;24633728;81128;42267035;26832834;135765;0;116
FR;1;2022-02-21;3429;14592;52830;286;7915;57676;3126;0;2;42449340;41034827;24686558;81414;42274950;26890510;138891;0;118
FR;1;2022-02-22;3799;15539;51916;500;9036;55655;4069;0;1;42453139;41050366;24738474;81914;42283986;26946165;142960;0;119
FR;1;2022-02-23;4232;17821;57476;508;10741;62576;3568;0;3;42457371;41068187;24795950;82422;42294727;27008741;146528;0;122
FR;1;2022-02-24;3343;13132;43617;436;7827;46407;3657;0;2;42460714;41081319;24839567;82858;42302554;27055148;150185;0;124
FR;1;2022-02-25;4474;19943;64924;696;12062;68795;5767;0;4;42465188;41101262;24904491;83554;42314616;27123943;155952;0;128
FR;1;2022-02-26;2693;12802;41369;310;7648;45122;2494;0;2;42467881;41114064;24945860;83864;42322264;27169065;158446;0;130
FR;1;2022-02-27;644;2190;7128;42;1206;7993;431;0;0;42468525;41116254;24952988;83906;42323470;27177058;158877;0;130
FR;1;2022-02-28;2611;10492;34962;306;6074;37388;3124;0;0;42471136;41126746;24987950;84212;42329544;27214446;162001;0;130
FR;1;2022-03-01;3581;10752;38704;391;6357;39658;4549;0;4;42474717;41137498;25026654;84603;42335901;27254104;166550;0;134
FR;1;2022-03-02;3677;12185;41861;398;7451;43931;4110;0;1;42478394;41149683;25068515;85001;42343352;27298035;170660;0;135
FR;1;2022-03-03;2461;7984;26181;328;5240;26519;3379;0;1;42480855;41157667;25094696;85329;42348592;27324554;174039;0;136
FR;1;2022-03-04;2683;10494;35441;592;6925;34935;5277;0;3;42483538;41168161;25130137;85921;42355517;27359489;179316;0;139
FR;1;2022-03-05;1822;6362;21968;280;4201;22366;2571;0;1;42485360;41174523;25152105;86201;42359718;27381855;181887;0;140
FR;1;2022-03-06;358;956;2917;38;602;3120;327;0;0;42485718;41175479;25155022;86239;42360320;27384975;182214;0;140
FR;1;2022-03-07;1789;4719;16438;245;3043;15904;2831;0;4;42487507;41180198;25171460;86484;42363363;27400879;185045;0;144
FR;1;2022-03-08;1711;5256;17168;309;3667;15996;3472;0;3;42489218;41185454;25188628;86793;42367030;27416875;188517;0;147
FR;1;2022-03-09;1988;6676;19813;370;4752;19171;3422;0;4;42491206;41192130;25208441;87163;42371782;27436046;191939;0;151
FR;1;2022-03-10;1408;5009;15292;308;3660;14331;2943;0;2;42492614;41197139;25223733;87471;42375442;27450377;194882;0;153
FR;1;2022-03-11;1757;6407;21709;487;4440;19864;4737;0;1;42494371;41203546;25245442;87958;42379882;27470241;199619;0;154
FR;1;2022-03-12;1255;4653;15365;281;3096;14914;2686;0;2;42495626;41208199;25260807;88239;42382978;27485155;202305;0;156
FR;1;2022-03-13;255;612;2120;119;412;2066;468;0;0;42495881;41208811;25262927;88358;42383390;27487221;202773;0;156
FR;1;2022-03-14;1150;3678;13405;3882;2293;12527;6342;0;8;42497031;41212489;25276332;92240;42385683;27499748;209115;0;164
FR;1;2022-03-15;1408;5738;14660;6863;4321;13258;9843;0;8;42498439;41218227;25290992;99103;42390004;27513006;218958;0;172
FR;1;2022-03-16;1693;5083;17393;11520;3593;16458;14125;0;6;42500132;41223310;25308385;110623;42393597;27529464;233083;0;178
FR;1;2022-03-17;1171;3440;11731;9648;2364;10828;11730;0;8;42501303;41226750;25320116;120271;42395961;27540292;244813;0;186
FR;1;2022-03-18;1727;4929;17974;16507;3323;16413;19721;0;14;42503030;41231679;25338090;136778;42399284;27556705;264534;0;200
FR;1;2022-03-19;1125;3299;11890;8458;2275;11359;10140;0;6;42504155;41234978;25349980;145236;42401559;27568064;274674;0;206
FR;1;2022-03-20;224;559;1724;1014;361;1758;1224;0;2;42504379;41235537;25351704;146250;42401920;27569822;275898;0;208
FR;1;2022-03-21;1086;2766;11501;13461;1786;10850;15142;0;10;42505465;41238303;25363205;159711;42403706;27580672;291040;0;218
FR;1;2022-03-22;1258;3211;12259;18713;2152;11247;20616;0;5;42506723;41241514;25375464;178424;42405858;27591919;311656;0;223
FR;1;2022-03-23;1506;4357;16031;20111;2952;15713;21882;0;34;42508229;41245871;25391495;198535;42408810;27607632;333538;0;257
FR;1;2022-03-24;1116;2753;10400;16058;1910;9662;17562;0;15;42509345;41248624;25401895;214593;42410720;27617294;351100;0;272
FR;1;2022-03-25;1535;4362;16748;25315;2879;15400;27959;0;23;42510880;41252986;25418643;239908;42413599;27632694;379059;0;295
FR;1;2022-03-26;1108;3014;10856;11450;2063;10517;12862;0;20;42511988;41256000;25429499;251358;42415662;27643211;391921;0;315
FR;1;2022-03-27;234;546;1751;1382;334;1804;1593;0;1;42512222;41256546;25431250;252740;42415996;27645015;393514;0;316
FR;1;2022-03-28;1082;2488;9978;15885;1555;9601;17228;0;10;42513304;41259034;25441228;268625;42417551;27654616;410742;0;326
FR;1;2022-03-29;1142;2741;11556;25109;1591;10922;26505;0;30;42514446;41261775;25452784;293734;42419142;27665538;437247;0;356
FR;1;2022-03-30;1630;3601;14170;24223;2373;13710;25890;0;19;42516076;41265376;25466954;317957;42421515;27679248;463137;0;375
FR;1;2022-03-31;1278;3016;11698;22685;2041;11212;24005;0;40;42517354;41268392;25478652;340642;42423556;27690460;487142;0;415
FR;1;2022-04-01;2232;4021;18485;28531;2476;17355;30803;0;53;42519586;41272413;25497137;369173;42426032;27707815;517945;0;468
FR;1;2022-04-02;910;1889;8195;9238;1105;7954;10231;0;28;42520496;41274302;25505332;378411;42427137;27715769;528176;0;496
FR;1;2022-04-03;203;381;1433;1057;219;1434;1248;0;1;42520699;41274683;25506765;379468;42427356;27717203;529424;0;497
FR;1;2022-04-04;2382;2472;11371;17677;1552;10761;18898;0;30;42523081;41277155;25518136;397145;42428908;27727964;548322;0;527
FR;1;2022-04-05;2087;2708;13001;31218;1693;12025;32599;0;68;42525168;41279863;25531137;428363;42430601;27739989;580921;0;595
FR;1;2022-04-06;1815;3001;12204;23942;1908;11639;25240;0;62;42526983;41282864;25543341;452305;42432509;27751628;606161;0;657
FR;1;2022-04-07;1548;2738;12352;31081;1638;11817;32157;0;68;42528531;41285602;25555693;483386;42434147;27763445;638318;0;725
FR;1;2022-04-08;1753;3652;17559;40618;2044;16468;42687;0;76;42530284;41289254;25573252;524004;42436191;27779913;681005;0;801
FR;1;2022-04-09;820;1997;8404;12501;1074;8103;13501;0;26;42531104;41291251;25581656;536505;42437265;27788016;694506;0;827
FR;1;2022-04-10;200;646;1836;1855;410;1882;2075;0;6;42531304;41291897;25583492;538360;42437675;27789898;696581;0;833
FR;1;2022-04-11;1083;2256;10969;22346;1304;10687;23452;0;68;42532387;41294153;25594461;560706;42438979;27800585;720033;0;901
FR;1;2022-04-12;1332;2670;12821;38129;1583;12311;38880;0;119;42533719;41296823;25607282;598835;42440562;27812896;758913;0;1020
FR;1;2022-04-13;1276;2892;12270;30617;1787;12003;31387;0;85;42534995;41299715;25619552;629452;42442349;27824899;790300;0;1105
FR;1;2022-04-14;1228;2584;12117;33621;1587;12131;34058;0;88;42536223;41302299;25631669;663073;42443936;27837030;824358;0;1193
FR;1;2022-04-15;1495;3231;14403;33265;2052;13804;34667;0;107;42537718;41305530;25646072;696338;42445988;27850834;859025;0;1300
FR;1;2022-04-16;660;1405;5844;8003;763;5775;8757;0;31;42538378;41306935;25651916;704341;42446751;27856609;867782;0;1331
FR;1;2022-04-17;155;288;930;1121;175;975;1171;0;7;42538533;41307223;25652846;705462;42446926;27857584;868953;0;1338
FR;1;2022-04-18;166;479;2636;1002;296;2659;1187;0;5;42538699;41307702;25655482;706464;42447222;27860243;870140;0;1343
FR;1;2022-04-19;1253;2608;11785;27932;1496;11516;28787;0;69;42539952;41310310;25667267;734396;42448718;27871759;898927;0;1412
FR;1;2022-04-20;1350;2667;12176;26875;1668;12027;27703;0;82;42541302;41312977;25679443;761271;42450386;27883786;926630;0;1494
FR;1;2022-04-21;1242;2459;11547;33247;1508;11759;33603;0;107;42542544;41315436;25690990;794518;42451894;27895545;960233;0;1601
FR;1;2022-04-22;1516;3082;15213;35498;1915;14792;36695;0;120;42544060;41318518;25706203;830016;42453809;27910337;996928;0;1721
FR;1;2022-04-23;762;1581;6734;9893;917;6640;10577;0;30;42544822;41320099;25712937;839909;42454726;27916977;1007505;0;1751
FR;1;2022-04-24;196;373;1373;1521;237;1328;1744;0;7;42545018;41320472;25714310;841430;42454963;27918305;1009249;0;1758
FR;1;2022-04-25;1041;2130;9855;19732;1252;9757;20554;0;64;42546059;41322602;25724165;861162;42456215;27928062;1029803;0;1822
FR;1;2022-04-26;1348;2622;12602;36591;1603;12203;37177;0;163;42547407;41325224;25736767;897753;42457818;27940265;1066980;0;1985
FR;1;2022-04-27;1330;2405;10653;29242;1463;10789;29628;0;122;42548737;41327629;25747420;926995;42459281;27951054;1096608;0;2107
FR;1;2022-04-28;1283;2410;11562;34281;1517;11404;34430;0;127;42550020;41330039;25758982;961276;42460798;27962458;1131038;0;2234
FR;1;2022-04-29;1612;4271;14401;35557;3145;13855;36845;0;153;42551632;41334310;25773383;996833;42463943;27976313;1167883;0;2387
FR;1;2022-04-30;831;2345;6445;9174;1774;6288;9975;0;35;42552463;41336655;25779828;1006007;42465717;27982601;1177858;0;2422
FR;1;2022-05-01;177;288;831;948;190;825;1077;0;5;42552640;41336943;25780659;1006955;42465907;27983426;1178935;0;2427
FR;1;2022-05-02;1846;2605;10377;16947;1761;10300;17630;0;64;42554486;41339548;25791036;1023902;42467668;27993726;1196565;0;2491
FR;1;2022-05-03;1622;2871;12708;32893;1757;12600;33693;0;149;42556108;41342419;25803744;1056795;42469425;28006326;1230258;0;2640
FR;1;2022-05-04;1370;2742;11231;23810;1687;11393;24348;0;96;42557478;41345161;25814975;1080605;42471112;28017719;1254606;0;2736
FR;1;2022-05-05;1475;2694;12194;31846;1680;12117;32394;0;169;42558953;41347855;25827169;1112451;42472792;28029836;1287000;0;2905
FR;1;2022-05-06;1819;3231;14234;34918;1908;13817;36181;0;166;42560772;41351086;25841403;1147369;42474700;28043653;1323181;0;3071
FR;1;2022-05-07;857;1472;5977;9094;878;6011;9728;0;44;42561629;41352558;25847380;1156463;42475578;28049664;1332909;0;3115
FR;1;2022-05-08;190;329;1060;1472;222;1122;1548;0;8;42561819;41352887;25848440;1157935;42475800;28050786;1334457;0;3123
FR;1;2022-05-09;1147;2012;9247;19262;1152;9161;20035;0;93;42562966;41354899;25857687;1177197;42476952;28059947;1354492;0;3216
FR;1;2022-05-10;1489;3000;12620;37135;1909;12218;38034;0;177;42564455;41357899;25870307;1214332;42478861;28072165;1392526;0;3393
FR;1;2022-05-11;1435;2470;9910;26027;1689;9857;26549;0;138;42565890;41360369;25880217;1240359;42480550;28082022;1419075;0;3531
FR;1;2022-05-12;1319;2431;10520;33595;1523;10222;34237;0;188;42567209;41362800;25890737;1273954;42482073;28092244;1453312;0;3719
FR;1;2022-05-13;1610;2803;12766;35845;1680;12413;36941;0;149;42568819;41365603;25903503;1309799;42483753;28104657;1490253;0;3868
FR;1;2022-05-14;781;1320;5480;10215;806;5364;10730;0;51;42569600;41366923;25908983;1320014;42484559;28110021;1500983;0;3919
FR;1;2022-05-15;221;418;1182;1350;243;1252;1495;0;5;42569821;41367341;25910165;1321364;42484802;28111273;1502478;0;3924
FR;1;2022-05-16;970;1780;8074;20121;1000;8127;20545;0;117;42570791;41369121;25918239;1341485;42485802;28119400;1523023;0;4041
FR;1;2022-05-17;1292;2295;11122;36182;1378;10728;36966;0;172;42572083;41371416;25929361;1377667;42487180;28130128;1559989;0;4213
FR;1;2022-05-18;1311;2132;9036;25721;1364;8987;26279;0;99;42573394;41373548;25938397;1403388;42488544;28139115;1586268;0;4312
FR;1;2022-05-19;1201;2397;9851;33990;1406;9946;34191;0;150;42574595;41375945;25948248;1437378;42489950;28149061;1620459;0;4462
FR;1;2022-05-20;1560;2752;12526;37653;1714;12110;38512;0;151;42576155;41378697;25960774;1475031;42491664;28161171;1658971;0;4613
FR;1;2022-05-21;774;1375;5247;9374;866;5165;9943;0;37;42576929;41380072;25966021;1484405;42492530;28166336;1668914;0;4650
FR;1;2022-05-22;191;292;951;1396;203;952;1518;0;10;42577120;41380364;25966972;1485801;42492733;28167288;1670432;0;4660
FR;1;2022-05-23;968;1884;8371;19410;1170;8346;20027;0;79;42578088;41382248;25975343;1505211;42493903;28175634;1690459;0;4739
FR;1;2022-05-24;1286;2447;10721;37243;1437;10589;37818;0;173;42579374;41384695;25986064;1542454;42495340;28186223;1728277;0;4912
FR;1;2022-05-25;1273;2297;8791;23692;1423;8955;24054;0;111;42580647;41386992;25994855;1566146;42496763;28195178;1752331;0;5023
FR;1;2022-05-26;170;377;1582;1155;254;1576;1288;0;24;42580817;41387369;25996437;1567301;42497017;28196754;1753619;0;5047
FR;1;2022-05-27;1114;2185;8785;20456;1370;8534;21408;0;84;42581931;41389554;26005222;1587757;42498387;28205288;1775027;0;5131
FR;1;2022-05-28;486;1051;3689;6539;619;3727;6927;0;37;42582417;41390605;26008911;1594296;42499006;28209015;1781954;0;5168
FR;1;2022-05-29;121;257;707;893;149;718;1002;0;4;42582538;41390862;26009618;1595189;42499155;28209733;1782956;0;5172
FR;1;2022-05-30;831;1733;6558;18535;1036;6590;18989;0;85;42583369;41392595;26016176;1613724;42500191;28216323;1801945;0;5257
FR;1;2022-05-31;1267;2225;9245;34367;1359;9115;34968;0;159;42584636;41394820;26025421;1648091;42501550;28225438;1836913;0;5416
FR;1;2022-06-01;1320;2598;10430;23454;1745;10291;24302;0;115;42585956;41397418;26035851;1671545;42503295;28235729;1861215;0;5531
FR;1;2022-06-02;1223;2305;10666;34151;1444;10246;34983;0;162;42587179;41399723;26046517;1705696;42504739;28245975;1896198;0;5693
FR;1;2022-06-03;1446;2734;12706;37105;1724;12127;38281;0;157;42588625;41402457;26059223;1742801;42506463;28258102;1934479;0;5850
FR;1;2022-06-04;682;1261;4748;8677;758;4824;9167;0;62;42589307;41403718;26063971;1751478;42507221;28262926;1943646;0;5912
FR;1;2022-06-05;131;292;810;1048;150;834;1153;0;3;42589438;41404010;26064781;1752526;42507371;28263760;1944799;0;5915
FR;1;2022-06-06;542;1151;2024;1250;976;2039;1425;0;9;42589980;41405161;26066805;1753776;42508347;28265799;1946224;0;5924
FR;1;2022-06-07;1176;2333;9179;34042;1427;8840;35140;0;143;42591156;41407494;26075984;1787818;42509774;28274639;1981364;0;6067
FR;1;2022-06-08;1116;2235;8671;27574;1400;8554;28444;0;107;42592272;41409729;26084655;1815392;42511174;28283193;2009808;0;6174
FR;1;2022-06-09;1067;2146;9987;37564;1279;9671;38331;0;148;42593339;41411875;26094642;1852956;42512453;28292864;2048139;0;6322
FR;1;2022-06-10;1336;2756;12402;43111;1720;11978;44354;0;201;42594675;41414631;26107044;1896067;42514173;28304842;2092493;0;6523
FR;1;2022-06-11;658;1450;5140;11083;796;5188;11613;0;50;42595333;41416081;26112184;1907150;42514969;28310030;2104106;0;6573
FR;1;2022-06-12;152;375;1015;1686;187;1073;1787;0;11;42595485;41416456;26113199;1908836;42515156;28311103;2105893;0;6584
FR;1;2022-06-13;917;1833;7014;22225;1127;6871;23066;0;84;42596402;41418289;26120213;1931061;42516283;28317974;2128959;0;6668
FR;1;2022-06-14;1090;2218;9840;42846;1297;9243;43938;0;186;42597492;41420507;26130053;1973907;42517580;28327217;2172897;0;6854
FR;1;2022-06-15;1077;1999;8786;29374;1352;8464;29931;0;168;42598569;41422506;26138839;2003281;42518932;28335681;2202828;0;7022
FR;1;2022-06-16;952;1834;9399;38502;1054;8880;39408;0;188;42599521;41424340;26148238;2041783;42519986;28344561;2242236;0;7210
FR;1;2022-06-17;1221;2556;11875;44796;1466;11357;45924;0;223;42600742;41426896;26160113;2086579;42521452;28355918;2288160;0;7433
FR;1;2022-06-18;561;1275;4316;10543;715;4255;11085;0;62;42601303;41428171;26164429;2097122;42522167;28360173;2299245;0;7495
FR;1;2022-06-19;137;325;1002;1543;173;1081;1609;0;12;42601440;41428496;26165431;2098665;42522340;28361254;2300854;0;7507
FR;1;2022-06-20;860;1699;8491;25041;997;8153;25905;0;143;42602300;41430195;26173922;2123706;42523337;28369407;2326759;0;7650
FR;1;2022-06-21;1102;2135;9763;47753;1251;8853;49100;0;241;42603402;41432330;26183685;2171459;42524588;28378260;2375859;0;7891
FR;1;2022-06-22;1037;2057;8434;37152;1287;7951;38014;0;231;42604439;41434387;26192119;2208611;42525875;28386211;2413873;0;8122
FR;1;2022-06-23;1051;2173;10123;52803;1202;9405;53813;0;290;42605490;41436560;26202242;2261414;42527077;28395616;2467686;0;8412
FR;1;2022-06-24;1250;2710;12911;65959;1476;11695;67630;0;367;42606740;41439270;26215153;2327373;42528553;28407311;2535316;0;8779
FR;1;2022-06-25;684;1504;5927;18919;791;5708;19718;0;162;42607424;41440774;26221080;2346292;42529344;28413019;2555034;0;8941
FR;1;2022-06-26;167;406;1818;3494;191;1713;3731;0;34;42607591;41441180;26222898;2349786;42529535;28414732;2558765;0;8975
FR;1;2022-06-27;940;1767;9904;45976;936;9128;47111;0;300;42608531;41442947;26232802;2395762;42530471;28423860;2605876;0;9275
FR;1;2022-06-28;1209;2570;13835;86554;1374;12399;88239;0;570;42609740;41445517;26246637;2482316;42531845;28436259;2694115;0;9845
FR;1;2022-06-29;1238;2288;11480;67390;1252;10546;68437;0;487;42610978;41447805;26258117;2549706;42533097;28446805;2762552;0;10332
FR;1;2022-06-30;1285;2467;13515;89963;1413;11823;91762;0;645;42612263;41450272;26271632;2639669;42534510;28458628;2854314;0;10977
FR;1;2022-07-01;1636;3472;20305;109187;1984;17964;111578;0;859;42613899;41453744;26291937;2748856;42536494;28476592;2965892;0;11836
FR;1;2022-07-02;767;1523;8020;33770;745;7250;34796;0;315;42614666;41455267;26299957;2782626;42537239;28483842;3000688;0;12151
FR;1;2022-07-03;228;480;1940;6118;255;1756;6444;0;71;42614894;41455747;26301897;2788744;42537494;28485598;3007132;0;12222
FR;1;2022-07-04;1403;3026;13926;75401;1905;12348;77293;0;589;42616297;41458773;26315823;2864145;42539399;28497946;3084425;0;12811
FR;1;2022-07-05;1427;2828;17684;126355;1481;15141;128468;0;1059;42617724;41461601;26333507;2990500;42540880;28513087;3212893;0;13870
FR;1;2022-07-06;1349;2389;14881;93714;1370;12901;95150;0;815;42619073;41463990;26348388;3084214;42542250;28525988;3308043;0;14685
FR;1;2022-07-07;1436;2533;16928;119484;1400;13998;121579;0;1075;42620509;41466523;26365316;3203698;42543650;28539986;3429622;0;15760
FR;1;2022-07-08;1529;2818;19603;129994;1532;15967;132800;0;1219;42622038;41469341;26384919;3333692;42545182;28555953;3562422;0;16979
FR;1;2022-07-09;661;1273;7305;36015;690;6347;36804;0;392;42622699;41470614;26392224;3369707;42545872;28562300;3599226;0;17371
FR;1;2022-07-10;237;535;2240;6688;289;2032;7067;0;89;42622936;41471149;26394464;3376395;42546161;28564332;3606293;0;17460
FR;1;2022-07-11;1213;2224;14314;84439;1160;11931;86553;0;734;42624149;41473373;26408778;3460834;42547321;28576263;3692846;0;18194
FR;1;2022-07-12;1557;2785;19453;137400;1422;15891;139889;0;1485;42625706;41476158;26428231;3598234;42548743;28592154;3832735;0;19679
FR;1;2022-07-13;1417;2426;14783;89824;1305;12633;91510;0;1002;42627123;41478584;26443014;3688058;42550048;28604787;3924245;0;20681
FR;1;2022-07-14;161;348;1862;5285;193;1771;5432;0;74;42627284;41478932;26444876;3693343;42550241;28606558;3929677;0;20755
FR;1;2022-07-15;1256;2298;14359;80588;1180;12001;82592;0;959;42628540;41481230;26459235;3773931;42551421;28618559;4012269;0;21714
FR;1;2022-07-16;506;1049;5639;23945;541;4893;24585;0;302;42629046;41482279;26464874;3797876;42551962;28623452;4036854;0;22016
FR;1;2022-07-17;158;363;1655;4461;188;1499;4724;0;60;42629204;41482642;26466529;3802337;42552150;28624951;4041578;0;22076
FR;1;2022-07-18;973;2030;11297;59270;1139;9567;60993;0;715;42630177;41484672;26477826;3861607;42553289;28634518;4102571;0;22791
FR;1;2022-07-19;1228;2122;14689;99418;1185;11722;101413;0;1386;42631405;41486794;26492515;3961025;42554474;28646240;4203984;0;24177
FR;1;2022-07-20;1176;1994;12360;74350;1162;10271;75836;0;964;42632581;41488788;26504875;4035375;42555636;28656511;4279820;0;25141
FR;1;2022-07-21;1133;1948;12408;84532;1181;9986;85895;0;1210;42633714;41490736;26517283;4119907;42556817;28666497;4365715;0;26351
FR;1;2022-07-22;1243;2213;14089;85929;1233;11421;87660;0;1264;42634957;41492949;26531372;4205836;42558050;28677918;4453375;0;27615
FR;1;2022-07-23;534;1087;5232;21293;629;4606;21836;0;374;42635491;41494036;26536604;4227129;42558679;28682524;4475211;0;27989
FR;1;2022-07-24;147;305;1325;3695;150;1165;3921;0;65;42635638;41494341;26537929;4230824;42558829;28683689;4479132;0;28054
FR;1;2022-07-25;889;1627;9071;46110;978;7518;47486;0;680;42636527;41495968;26547000;4276934;42559807;28691207;4526618;0;28734
FR;1;2022-07-26;1125;1958;12678;81946;1113;10334;83561;0;1197;42637652;41497926;26559678;4358880;42560920;28701541;4610179;0;29931
FR;1;2022-07-27;1016;1725;9759;58514;1038;8138;59696;0;874;42638668;41499651;26569437;4417394;42561958;28709679;4669875;0;30805
FR;1;2022-07-28;979;1701;9851;61897;1105;7843;63128;0;967;42639647;41501352;26579288;4479291;42563063;28717522;4733003;0;31772
FR;1;2022-07-29;1111;1822;10452;62956;1146;8378;64269;0;1066;42640758;41503174;26589740;4542247;42564209;28725900;4797272;0;32838
FR;1;2022-07-30;392;714;3346;14490;429;2847;14849;0;279;42641150;41503888;26593086;4556737;42564638;28728747;4812121;0;33117
FR;1;2022-07-31;139;263;900;2335;158;766;2477;0;47;42641289;41504151;26593986;4559072;42564796;28729513;4814598;0;33164
FR;1;2022-08-01;722;1358;7250;28963;976;6109;29955;0;518;42642011;41505509;26601236;4588035;42565772;28735622;4844553;0;33682
FR;1;2022-08-02;897;1470;8229;54021;983;6624;54671;0;1090;42642908;41506979;26609465;4642056;42566755;28742246;4899224;0;34772
FR;1;2022-08-03;723;1100;6149;37035;743;4933;37762;0;645;42643631;41508079;26615614;4679091;42567498;28747179;4936986;0;35417
FR;1;2022-08-04;643;1073;6255;41445;690;5047;42001;0;850;42644274;41509152;26621869;4720536;42568188;28752226;4978987;0;36267
FR;1;2022-08-05;739;1189;6759;43061;799;5428;43691;0;933;42645013;41510341;26628628;4763597;42568987;28757654;5022678;0;37200
FR;1;2022-08-06;274;461;1990;8998;301;1671;9190;0;218;42645287;41510802;26630618;4772595;42569288;28759325;5031868;0;37418
FR;1;2022-08-07;89;144;520;1552;100;436;1629;0;35;42645376;41510946;26631138;4774147;42569388;28759761;5033497;0;37453
FR;1;2022-08-08;492;929;3797;21216;684;3130;21622;0;457;42645868;41511875;26634935;4795363;42570072;28762891;5055119;0;37910
FR;1;2022-08-09;607;1028;5677;38453;719;4551;38947;0;793;42646475;41512903;26640612;4833816;42570791;28767442;5094066;0;38703
FR;1;2022-08-10;533;1015;4432;26912;715;3632;27226;0;601;42647008;41513918;26645044;4860728;42571506;28771074;5121292;0;39304
FR;1;2022-08-11;538;911;4304;28202;623;3578;28530;0;635;42647546;41514829;26649348;4888930;42572129;28774652;5149822;0;39939
FR;1;2022-08-12;592;1024;4548;27160;698;3756;27571;0;666;42648138;41515853;26653896;4916090;42572827;28778408;5177393;0;40605
FR;1;2022-08-13;178;356;1247;5106;249;1064;5277;0;116;42648316;41516209;26655143;4921196;42573076;28779472;5182670;0;40721
FR;1;2022-08-14;65;115;276;871;97;235;941;0;24;42648381;41516324;26655419;4922067;42573173;28779707;5183611;0;40745
FR;1;2022-08-15;77;167;571;541;136;532;592;0;16;42648458;41516491;26655990;4922608;42573309;28780239;5184203;0;40761
FR;1;2022-08-16;522;930;3784;21486;688;3214;21686;0;582;42648980;41517421;26659774;4944094;42573997;28783453;5205889;0;41343
FR;1;2022-08-17;526;888;3765;22147;657;3192;22388;0;579;42649506;41518309;26663539;4966241;42574654;28786645;5228277;0;41922
FR;1;2022-08-18;543;878;3925;25434;678;3127;25653;0;630;42650049;41519187;26667464;4991675;42575332;28789772;5253930;0;42552
FR;1;2022-08-19;533;1037;4364;26531;736;3597;26838;0;732;42650582;41520224;26671828;5018206;42576068;28793369;5280768;0;43284
FR;1;2022-08-20;232;411;1289;5370;311;1106;5524;0;137;42650814;41520635;26673117;5023576;42576379;28794475;5286292;0;43421
FR;1;2022-08-21;81;110;283;989;75;249;1012;0;27;42650895;41520745;26673400;5024565;42576454;28794724;5287304;0;43448
FR;1;2022-08-22;472;881;3140;14944;652;2710;15221;0;411;42651367;41521626;26676540;5039509;42577106;28797434;5302525;0;43859
FR;1;2022-08-23;636;1057;4150;28311;742;3484;28389;0;830;42652003;41522683;26680690;5067820;42577848;28800918;5330914;0;44689
FR;1;2022-08-24;556;829;3401;19059;649;2770;19244;0;587;42652559;41523512;26684091;5086879;42578497;28803688;5350158;0;45276
FR;1;2022-08-25;561;923;3822;22918;643;3205;23147;0;655;42653120;41524435;26687913;5109797;42579140;28806893;5373305;0;45931
FR;1;2022-08-26;745;1122;4345;25153;796;3561;25529;0;745;42653865;41525557;26692258;5134950;42579936;28810454;5398834;0;46676
FR;1;2022-08-27;217;429;1322;5303;273;1190;5357;0;192;42654082;41525986;26693580;5140253;42580209;28811644;5404191;0;46868
FR;1;2022-08-28;111;145;298;898;104;280;947;0;33;42654193;41526131;26693878;5141151;42580313;28811924;5405138;0;46901
FR;1;2022-08-29;502;854;2976;14248;630;2515;14558;0;409;42654695;41526985;26696854;5155399;42580943;28814439;5419696;0;47310
FR;1;2022-08-30;739;1094;4621;27710;771;3772;28031;0;793;42655434;41528079;26701475;5183109;42581714;28818211;5447727;0;48103
FR;1;2022-08-31;579;824;3107;17229;602;2615;17493;0;483;42656013;41528903;26704582;5200338;42582316;28820826;5465220;0;48586
FR;1;2022-09-01;673;911;4325;21869;639;3684;22131;0;586;42656686;41529814;26708907;5222207;42582955;28824510;5487351;0;49172
FR;1;2022-09-02;770;1043;4878;27861;737;4074;28148;0;882;42657456;41530857;26713785;5250068;42583692;28828584;5515499;0;50054
FR;1;2022-09-03;316;500;1831;5874;339;1592;6103;0;174;42657772;41531357;26715616;5255942;42584031;28830176;5521602;0;50228
FR;1;2022-09-04;106;137;341;842;73;334;912;0;21;42657878;41531494;26715957;5256784;42584104;28830510;5522514;0;50249
FR;1;2022-09-05;572;655;3019;15687;479;2524;15970;0;499;42658450;41532149;26718976;5272471;42584583;28833034;5538484;0;50748
FR;1;2022-09-06;720;928;4563;31053;576;3701;31276;0;1002;42659170;41533077;26723539;5303524;42585159;28836735;5569760;0;51750
FR;1;2022-09-07;538;683;2917;16443;443;2420;16580;0;550;42659708;41533760;26726456;5319967;42585602;28839155;5586340;0;52300
FR;1;2022-09-08;567;783;3693;24202;526;3035;24280;0;796;42660275;41534543;26730149;5344169;42586128;28842190;5610620;0;53096
FR;1;2022-09-09;768;964;4299;26882;603;3585;27065;0;902;42661043;41535507;26734448;5371051;42586731;28845775;5637685;0;53998
FR;1;2022-09-10;328;461;1672;5587;291;1473;5777;0;203;42661371;41535968;26736120;5376638;42587022;28847248;5643462;0;54201
FR;1;2022-09-11;105;118;310;645;80;291;701;0;17;42661476;41536086;26736430;5377283;42587102;28847539;5644163;0;54218
FR;1;2022-09-12;448;578;2607;12940;402;2226;13218;0;462;42661924;41536664;26739037;5390223;42587504;28849765;5657381;0;54680
FR;1;2022-09-13;577;790;3865;25831;498;3377;25707;0;835;42662501;41537454;26742902;5416054;42588002;28853142;5683088;0;55515
FR;1;2022-09-14;569;691;2864;15692;476;2394;15928;0;537;42663070;41538145;26745766;5431746;42588478;28855536;5699016;0;56052
FR;1;2022-09-15;508;705;3330;23071;476;2832;23139;0;676;42663578;41538850;26749096;5454817;42588954;28858368;5722155;0;56728
FR;1;2022-09-16;714;926;4011;25330;610;3379;25532;0;891;42664292;41539776;26753107;5480147;42589564;28861747;5747687;0;57619
FR;1;2022-09-17;294;403;1392;5977;273;1217;6085;0;227;42664586;41540179;26754499;5486124;42589837;28862964;5753772;0;57846
FR;1;2022-09-18;97;121;310;923;98;278;979;0;33;42664683;41540300;26754809;5487047;42589935;28863242;5754751;0;57879
FR;1;2022-09-19;365;563;2131;12844;364;1827;12997;0;414;42665048;41540863;26756940;5499891;42590299;28865069;5767748;0;58293
FR;1;2022-09-20;553;800;3658;25802;546;3057;25841;0;853;42665601;41541663;26760598;5525693;42590845;28868126;5793589;0;59146
FR;1;2022-09-21;469;678;2624;15861;478;2252;15826;0;561;42666070;41542341;26763222;5541554;42591323;28870378;5809415;0;59707
FR;1;2022-09-22;534;746;3284;22945;488;2680;23135;0;742;42666604;41543087;26766506;5564499;42591811;28873058;5832550;0;60449
FR;1;2022-09-23;757;928;4349;28131;659;3629;28299;0;978;42667361;41544015;26770855;5592630;42592470;28876687;5860849;0;61427
FR;1;2022-09-24;352;533;1583;6693;375;1367;6864;0;300;42667713;41544548;26772438;5599323;42592845;28878054;5867713;0;61727
FR;1;2022-09-25;80;151;321;1071;104;293;1109;0;32;42667793;41544699;26772759;5600394;42592949;28878347;5868822;0;61759
FR;1;2022-09-26;382;633;2179;13045;412;1931;13142;0;409;42668175;41545332;26774938;5613439;42593361;28880278;5881964;0;62168
FR;1;2022-09-27;540;756;3458;25016;531;2793;25214;0;906;42668715;41546088;26778396;5638455;42593892;28883071;5907178;0;63074
FR;1;2022-09-28;516;709;2439;14955;496;2206;15046;0;597;42669231;41546797;26780835;5653410;42594388;28885277;5922224;0;63671
FR;1;2022-09-29;503;687;2978;20345;478;2502;20358;0;767;42669734;41547484;26783813;5673755;42594866;28887779;5942582;0;64438
FR;1;2022-09-30;676;964;3772;24415;661;3157;24662;0;966;42670410;41548448;26787585;5698170;42595527;28890936;5967244;0;65404
FR;1;2022-10-01;341;540;1899;5501;375;1655;5729;0;272;42670751;41548988;26789484;5703671;42595902;28892591;5972973;0;65676
FR;1;2022-10-02;53;116;204;567;79;203;588;0;29;42670804;41549104;26789688;5704238;42595981;28892794;5973561;0;65705
FR;1;2022-10-03;414;663;2191;10010;505;1935;10194;0;488;42671218;41549767;26791879;5714248;42596486;28894729;5983755;0;66193
FR;1;2022-10-04;543;694;2920;18917;460;2470;19008;0;1082;42671761;41550461;26794799;5733165;42596946;28897199;6002763;0;67275
FR;1;2022-10-05;429;679;2079;11096;450;1852;11230;0;722;42672190;41551140;26796878;5744261;42597396;28899051;6013993;0;67997
FR;1;2022-10-06;440;604;2491;15772;427;2057;15954;0;1060;42672630;41551744;26799369;5760033;42597823;28901108;6029947;0;69057
FR;1;2022-10-07;545;735;2691;16054;534;2307;16079;0;1160;42673175;41552479;26802060;5776087;42598357;28903415;6046026;0;70217
FR;1;2022-10-08;234;304;886;3167;235;775;3271;0;291;42673409;41552783;26802946;5779254;42598592;28904190;6049297;0;70508
FR;1;2022-10-09;75;87;149;461;77;133;487;0;50;42673484;41552870;26803095;5779715;42598669;28904323;6049784;0;70558
FR;1;2022-10-10;295;437;1312;4987;344;1230;5082;0;462;42673779;41553307;26804407;5784702;42599013;28905553;6054866;0;71020
FR;1;2022-10-11;317;430;1308;8082;318;1189;8182;0;757;42674096;41553737;26805715;5792784;42599331;28906742;6063048;0;71777
FR;1;2022-10-12;321;417;1056;5177;310;1051;5190;0;520;42674417;41554154;26806771;5797961;42599641;28907793;6068238;0;72297
FR;1;2022-10-13;323;382;1065;6066;292;920;6116;0;626;42674740;41554536;26807836;5804027;42599933;28908713;6074354;0;72923
FR;1;2022-10-14;408;527;1169;6706;439;1041;6775;0;675;42675148;41555063;26809005;5810733;42600372;28909754;6081129;0;73598
FR;1;2022-10-15;201;257;516;1859;210;497;1867;0;226;42675349;41555320;26809521;5812592;42600582;28910251;6082996;0;73824
FR;1;2022-10-16;47;58;110;292;40;117;311;0;48;42675396;41555378;26809631;5812884;42600622;28910368;6083307;0;73872
FR;1;2022-10-17;235;318;733;2652;252;688;2696;0;366;42675631;41555696;26810364;5815536;42600874;28911056;6086003;0;74238
FR;1;2022-10-18;262;311;950;4586;246;829;4683;0;865;42675893;41556007;26811314;5820122;42601120;28911885;6090686;0;75103
FR;1;2022-10-19;275;358;687;3176;291;656;3157;0;502;42676168;41556365;26812001;5823298;42601411;28912541;6093843;0;75605
FR;1;2022-10-20;278;311;885;4359;257;773;4397;0;769;42676446;41556676;26812886;5827657;42601668;28913314;6098240;0;76374
FR;1;2022-10-21;300;398;843;3800;353;736;3873;0;675;42676746;41557074;26813729;5831457;42602021;28914050;6102113;0;77049
FR;1;2022-10-22;135;167;306;1243;144;299;1209;0;209;42676881;41557241;26814035;5832700;42602165;28914349;6103322;0;77258
FR;1;2022-10-23;30;38;64;197;36;58;213;0;25;42676911;41557279;26814099;5832897;42602201;28914407;6103535;0;77283
FR;1;2022-10-24;272;231;476;1597;203;472;1653;0;306;42677183;41557510;26814575;5834494;42602404;28914879;6105188;0;77589
FR;1;2022-10-25;214;252;521;2649;220;443;2703;0;488;42677397;41557762;26815096;5837143;42602624;28915322;6107891;0;78077
FR;1;2022-10-26;232;243;390;1953;229;367;1959;0;435;42677629;41558005;26815486;5839096;42602853;28915689;6109850;0;78512
FR;1;2022-10-27;258;219;487;2163;191;495;2146;0;509;42677887;41558224;26815973;5841259;42603044;28916184;6111996;0;79021
FR;1;2022-10-28;306;309;526;2326;291;464;2392;0;473;42678193;41558533;26816499;5843585;42603335;28916648;6114388;0;79494
FR;1;2022-10-29;95;148;175;712;116;209;703;0;201;42678288;41558681;26816674;5844297;42603451;28916857;6115091;0;79695
FR;1;2022-10-30;37;41;60;181;33;54;187;0;38;42678325;41558722;26816734;5844478;42603484;28916911;6115278;0;79733
FR;1;2022-10-31;135;180;293;796;158;270;863;0;144;42678460;41558902;26817027;5845274;42603642;28917181;6116141;0;79877
FR;1;2022-11-01;35;100;744;115;86;740;135;0;18;42678495;41559002;26817771;5845389;42603728;28917921;6116276;0;79895
FR;1;2022-11-02;252;223;517;979;219;486;1040;0;354;42678747;41559225;26818288;5846368;42603947;28918407;6117316;0;80249
FR;1;2022-11-03;264;221;426;1376;208;386;1415;0;369;42679011;41559446;26818714;5847744;42604155;28918793;6118731;0;80618
FR;1;2022-11-04;226;250;419;1597;229;398;1635;0;437;42679237;41559696;26819133;5849341;42604384;28919191;6120366;0;81055
FR;1;2022-11-05;95;118;272;500;107;254;522;0;111;42679332;41559814;26819405;5849841;42604491;28919445;6120888;0;81166
FR;1;2022-11-06;34;41;32;131;40;35;129;0;33;42679366;41559855;26819437;5849972;42604531;28919480;6121017;0;81199
FR;1;2022-11-07;181;200;288;890;189;278;936;0;211;42679547;41560055;26819725;5850862;42604720;28919758;6121953;0;81410
FR;1;2022-11-08;194;230;451;1677;218;398;1702;0;504;42679741;41560285;26820176;5852539;42604938;28920156;6123655;0;81914
FR;1;2022-11-09;180;204;330;1101;192;295;1140;0;456;42679921;41560489;26820506;5853640;42605130;28920451;6124795;0;82370
FR;1;2022-11-10;200;261;424;1678;249;433;1665;0;577;42680121;41560750;26820930;5855318;42605379;28920884;6126460;0;82947
FR;1;2022-11-11;22;32;99;98;31;85;114;0;42;42680143;41560782;26821029;5855416;42605410;28920969;6126574;0;82989
FR;1;2022-11-12;80;110;254;373;97;252;390;0;99;42680223;41560892;26821283;5855789;42605507;28921221;6126964;0;83088
FR;1;2022-11-13;19;23;22;64;20;25;66;0;26;42680242;41560915;26821305;5855853;42605527;28921246;6127030;0;83114
FR;1;2022-11-14;164;170;255;763;158;259;835;0;247;42680406;41561085;26821560;5856616;42605685;28921505;6127865;0;83361
FR;1;2022-11-15;197;223;372;1288;221;348;1328;0;432;42680603;41561308;26821932;5857904;42605906;28921853;6129193;0;83793
FR;1;2022-11-16;180;212;323;976;207;336;1011;0;356;42680783;41561520;26822255;5858880;42606113;28922189;6130204;0;84149
FR;1;2022-11-17;163;177;282;1200;171;258;1205;0;387;42680946;41561697;26822537;5860080;42606284;28922447;6131409;0;84536
FR;1;2022-11-18;223;246;385;1310;240;374;1343;0;411;42681169;41561943;26822922;5861390;42606524;28922821;6132752;0;84947
FR;1;2022-11-19;117;100;242;426;98;207;459;0;99;42681286;41562043;26823164;5861816;42606622;28923028;6133211;0;85046
FR;1;2022-11-20;19;32;25;66;27;27;74;0;28;42681305;41562075;26823189;5861882;42606649;28923055;6133285;0;85074
FR;1;2022-11-21;173;163;262;636;138;279;670;0;210;42681478;41562238;26823451;5862518;42606787;28923334;6133955;0;85284
FR;1;2022-11-22;151;141;397;1111;124;380;1137;0;369;42681629;41562379;26823848;5863629;42606911;28923714;6135092;0;85653
FR;1;2022-11-23;172;162;233;757;143;234;779;0;241;42681801;41562541;26824081;5864386;42607054;28923948;6135871;0;85894
FR;1;2022-11-24;129;158;278;1174;140;277;1177;0;424;42681930;41562699;26824359;5865560;42607194;28924225;6137048;0;86318
FR;1;2022-11-25;193;223;419;1152;210;406;1183;0;391;42682123;41562922;26824778;5866712;42607404;28924631;6138231;0;86709
FR;1;2022-11-26;87;103;108;312;92;119;299;0;114;42682210;41563025;26824886;5867024;42607496;28924750;6138530;0;86823
FR;1;2022-11-27;14;27;17;71;14;29;77;0;49;42682224;41563052;26824903;5867095;42607510;28924779;6138607;0;86872
FR;1;2022-11-28;196;132;201;605;141;191;643;0;273;42682420;41563184;26825104;5867700;42607651;28924970;6139250;0;87145
FR;1;2022-11-29;166;132;253;1076;116;238;1086;0;454;42682586;41563316;26825357;5868776;42607767;28925208;6140336;0;87599
FR;1;2022-11-30;153;182;223;926;168;225;948;0;316;42682739;41563498;26825580;5869702;42607935;28925433;6141284;0;87915
FR;1;2022-12-01;128;116;521;1064;109;483;1105;0;359;42682867;41563614;26826101;5870766;42608044;28925916;6142389;0;88274
FR;1;2022-12-02;188;178;412;1168;172;413;1210;0;460;42683055;41563792;26826513;5871934;42608216;28926329;6143599;0;88734
FR;1;2022-12-03;99;101;180;518;90;162;514;0;174;42683154;41563893;26826693;5872452;42608306;28926491;6144113;0;88908
FR;1;2022-12-04;23;23;19;136;20;20;127;0;58;42683177;41563916;26826712;5872588;42608326;28926511;6144240;0;88966
FR;1;2022-12-05;127;113;237;853;108;234;881;0;298;42683304;41564029;26826949;5873441;42608434;28926745;6145121;0;89264
FR;1;2022-12-06;139;135;228;1425;121;233;1433;0;706;42683443;41564164;26827177;5874866;42608555;28926978;6146554;0;89970
FR;1;2022-12-07;143;137;215;1165;146;196;1180;0;557;42683586;41564301;26827392;5876031;42608701;28927174;6147734;0;90527
FR;1;2022-12-08;121;128;257;1696;117;218;1735;0;756;42683707;41564429;26827649;5877727;42608818;28927392;6149469;0;91283
FR;1;2022-12-09;193;182;276;1784;158;283;1803;0;714;42683900;41564611;26827925;5879511;42608976;28927675;6151272;0;91997
FR;1;2022-12-10;108;87;117;835;77;102;849;0;289;42684008;41564698;26828042;5880346;42609053;28927777;6152121;0;92286
FR;1;2022-12-11;31;24;28;213;21;25;199;0;59;42684039;41564722;26828070;5880559;42609074;28927802;6152320;0;92345
FR;1;2022-12-12;114;78;192;1074;78;180;1082;0;444;42684153;41564800;26828262;5881633;42609152;28927982;6153402;0;92789
FR;1;2022-12-13;111;110;206;1259;87;188;1263;0;605;42684264;41564910;26828468;5882892;42609239;28928170;6154665;0;93394
FR;1;2022-12-14;99;118;170;825;116;148;845;0;362;42684363;41565028;26828638;5883717;42609355;28928318;6155510;0;93756
FR;1;2022-12-15;123;112;205;1359;102;181;1374;0;654;42684486;41565140;26828843;5885076;42609457;28928499;6156884;0;94410
FR;1;2022-12-16;188;170;193;1247;175;185;1261;0;595;42684674;41565310;26829036;5886323;42609632;28928684;6158145;0;95005
FR;1;2022-12-17;86;73;85;436;66;81;438;0;199;42684760;41565383;26829121;5886759;42609698;28928765;6158583;0;95204
FR;1;2022-12-18;15;17;13;97;13;15;94;0;37;42684775;41565400;26829134;5886856;42609711;28928780;6158677;0;95241
FR;1;2022-12-19;142;116;171;749;121;147;782;0;336;42684917;41565516;26829305;5887605;42609832;28928927;6159459;0;95577
FR;1;2022-12-20;126;121;150;833;111;145;846;0;388;42685043;41565637;26829455;5888438;42609943;28929072;6160305;0;95965
FR;1;2022-12-21;128;86;112;570;95;85;586;0;317;42685171;41565723;26829567;5889008;42610038;28929157;6160891;0;96282
FR;2;2020-12-27;0;0;0;0;0;0;0;0;0;0;0;0;0;0;0;0;0;0
FR;2;2020-12-28;0;0;0;0;0;0;0;0;0;0;0;0;0;0;0;0;0;0
FR;2;2020-12-29;0;0;0;0;0;0;0;0;0;0;0;0;0;0;0;0;0;0
FR;2;2020-12-30;0;0;0;0;0;0;0;0;0;0;0;0;0;0;0;0;0;0
FR;2;2020-12-31;0;0;0;0;0;0;0;0;0;0;0;0;0;0;0;0;0;0
FR;2;2021-01-01;0;0;0;0;0;0;0;0;0;0;0;0;0;0;0;0;0;0
FR;2;2021-01-02;0;0;0;0;0;0;0;0;0;0;0;0;0;0;0;0;0;0
FR;2;2021-01-03;0;0;0;0;0;0;0;0;0;0;0;0;0;0;0;0;0;0
FR;2;2021-01-04;0;0;0;0;0;0;0;0;0;0;0;0;0;0;0;0;0;0
FR;2;2021-01-05;0;0;0;0;0;0;0;0;0;0;0;0;0;0;0;0;0;0
FR;2;2021-01-06;0;0;0;0;0;0;0;0;0;0;0;0;0;0;0;0;0;0
FR;2;2021-01-07;0;0;0;0;0;0;0;0;0;0;0;0;0;0;0;0;0;0
FR;2;2021-01-08;0;0;0;0;0;0;0;0;0;0;0;0;0;0;0;0;0;0
FR;2;2021-01-09;0;0;0;0;0;0;0;0;0;0;0;0;0;0;0;0;0;0
FR;2;2021-01-10;0;0;0;0;0;0;0;0;0;0;0;0;0;0;0;0;0;0
FR;2;2021-01-11;0;0;0;0;0;0;0;0;0;0;0;0;0;0;0;0;0;0
FR;2;2021-01-12;0;0;0;0;0;0;0;0;0;0;0;0;0;0;0;0;0;0
FR;2;2021-01-13;0;0;0;0;0;0;0;0;0;0;0;0;0;0;0;0;0;0
FR;2;2021-01-14;1646;0;0;0;213;0;0;0;0;1646;0;0;0;213;0;0;0;0
FR;2;2021-01-15;398;0;0;0;28;0;0;0;0;2044;0;0;0;241;0;0;0;0
FR;2;2021-01-16;316;0;0;0;12;0;0;0;0;2360;0;0;0;253;0;0;0;0
FR;2;2021-01-17;84;0;0;0;7;0;0;0;0;2444;0;0;0;260;0;0;0;0
FR;2;2021-01-18;3075;2;0;0;27;0;0;0;0;5519;2;0;0;287;0;0;0;0
FR;2;2021-01-19;4681;2;0;0;31;0;0;0;0;10200;4;0;0;318;0;0;0;0
FR;2;2021-01-20;5137;6;0;0;58;0;0;0;0;15337;10;0;0;376;0;0;0;0
FR;2;2021-01-21;5345;9;0;0;56;0;0;0;0;20682;19;0;0;432;0;0;0;0
FR;2;2021-01-22;5118;17;0;0;69;0;0;0;0;25800;36;0;0;501;0;0;0;0
FR;2;2021-01-23;1874;2;0;0;16;0;0;0;0;27674;38;0;0;517;0;0;0;0
FR;2;2021-01-24;163;2;0;0;8;0;0;0;0;27837;40;0;0;525;0;0;0;0
FR;2;2021-01-25;3814;3;0;0;36;0;0;0;0;31651;43;0;0;561;0;0;0;0
FR;2;2021-01-26;3926;6;0;0;42;0;0;0;0;35577;49;0;0;603;0;0;0;0
FR;2;2021-01-27;3605;4;0;0;36;0;0;0;0;39182;53;0;0;639;0;0;0;0
FR;2;2021-01-28;3755;9;0;0;44;0;0;0;0;42937;62;0;0;683;0;0;0;0
FR;2;2021-01-29;3299;5;0;0;41;0;0;0;0;46236;67;0;0;724;0;0;0;0
FR;2;2021-01-30;1133;3;0;0;16;0;0;0;0;47369;70;0;0;740;0;0;0;0
FR;2;2021-01-31;46;2;0;0;9;0;0;0;0;47415;72;0;0;749;0;0;0;0
FR;2;2021-02-01;3406;13;0;0;44;0;0;0;0;50821;85;0;0;793;0;0;0;0
FR;2;2021-02-02;4496;19;0;0;53;0;0;0;0;55317;104;0;0;846;0;0;0;0
FR;2;2021-02-03;5222;11;0;0;82;0;0;0;0;60539;115;0;0;928;0;0;0;0
FR;2;2021-02-04;4941;11;0;0;36;0;0;0;0;65480;126;0;0;964;0;0;0;0
FR;2;2021-02-05;4817;16;0;0;49;0;0;0;0;70297;142;0;0;1013;0;0;0;0
FR;2;2021-02-06;2044;15;0;0;41;0;0;0;0;72341;157;0;0;1054;0;0;0;0
FR;2;2021-02-07;103;4;0;0;18;0;0;0;0;72444;161;0;0;1072;0;0;0;0
FR;2;2021-02-08;7558;26;0;0;85;0;0;0;0;80002;187;0;0;1157;0;0;0;0
FR;2;2021-02-09;8433;30;0;0;98;0;0;0;0;88435;217;0;0;1255;0;0;0;0
FR;2;2021-02-10;9348;62;0;0;182;0;0;0;0;97783;279;0;0;1437;0;0;0;0
FR;2;2021-02-11;10291;129;0;0;253;0;0;0;0;108074;408;0;0;1690;0;0;0;0
FR;2;2021-02-12;10060;273;0;0;427;0;0;0;0;118134;681;0;0;2117;0;0;0;0
FR;2;2021-02-13;3120;225;0;0;263;0;0;0;0;121254;906;0;0;2380;0;0;0;0
FR;2;2021-02-14;358;11;0;0;21;0;0;0;0;121612;917;0;0;2401;0;0;0;0
FR;2;2021-02-15;3460;3122;0;0;3168;0;0;0;0;125072;4039;0;0;5569;0;0;0;0
FR;2;2021-02-16;5075;4151;0;0;4224;0;0;0;0;130147;8190;0;0;9793;0;0;0;0
FR;2;2021-02-17;4259;4550;0;0;4626;0;0;0;0;134406;12740;0;0;14419;0;0;0;0
FR;2;2021-02-18;5406;5177;0;0;5246;0;0;0;0;139812;17917;0;0;19665;0;0;0;0
FR;2;2021-02-19;5328;4483;0;0;4585;0;0;0;0;145140;22400;0;0;24250;0;0;0;0
FR;2;2021-02-20;1872;1520;0;0;1535;0;0;0;0;147012;23920;0;0;25785;0;0;0;0
FR;2;2021-02-21;244;96;0;0;98;0;0;0;0;147256;24016;0;0;25883;0;0;0;0
FR;2;2021-02-22;3613;3778;0;0;3838;0;0;0;0;150869;27794;0;0;29721;0;0;0;0
FR;2;2021-02-23;4956;3728;0;0;3789;0;0;0;0;155825;31522;0;0;33510;0;0;0;0
FR;2;2021-02-24;5017;3551;0;0;3603;0;0;0;0;160842;35073;0;0;37113;0;0;0;0
FR;2;2021-02-25;5499;3489;0;0;3577;0;0;0;0;166341;38562;0;0;40690;0;0;0;0
FR;2;2021-02-26;4367;3177;0;0;3246;0;0;0;0;170708;41739;0;0;43936;0;0;0;0
FR;2;2021-02-27;1629;1067;0;0;1086;0;0;0;0;172337;42806;0;0;45022;0;0;0;0
FR;2;2021-02-28;179;17;0;0;28;0;0;0;0;172516;42823;0;0;45050;0;0;0;0
FR;2;2021-03-01;5192;3759;0;0;3847;0;0;0;0;177708;46582;0;0;48897;0;0;0;0
FR;2;2021-03-02;6540;4725;0;0;4824;0;0;0;0;184248;51307;0;0;53721;0;0;0;0
FR;2;2021-03-03;6544;4953;0;0;5092;0;0;0;0;190792;56260;0;0;58813;0;0;0;0
FR;2;2021-03-04;8409;4201;0;0;4385;0;0;0;0;199201;60461;0;0;63198;0;0;0;0
FR;2;2021-03-05;8037;4053;0;0;4234;0;0;0;0;207238;64514;0;0;67432;0;0;0;0
FR;2;2021-03-06;4790;1683;0;0;1783;0;0;0;0;212028;66197;0;0;69215;0;0;0;0
FR;2;2021-03-07;2373;32;0;0;76;0;0;0;0;214401;66229;0;0;69291;0;0;0;0
FR;2;2021-03-08;4166;8389;0;0;8545;0;0;0;0;218567;74618;0;0;77836;0;0;0;0
FR;2;2021-03-09;7492;8597;1;0;8853;0;0;0;0;226059;83215;1;0;86689;0;0;0;0
FR;2;2021-03-10;7107;9234;0;0;9459;0;0;0;0;233166;92449;1;0;96148;0;0;0;0
FR;2;2021-03-11;9378;9351;1;0;9669;0;0;0;0;242544;101800;2;0;105817;0;0;0;0
FR;2;2021-03-12;7984;8359;0;0;8660;0;0;0;0;250528;110159;2;0;114477;0;0;0;0
FR;2;2021-03-13;10056;2589;0;0;2910;0;0;0;0;260584;112748;2;0;117387;0;0;0;0
FR;2;2021-03-14;4841;384;0;0;543;0;0;0;0;265425;113132;2;0;117930;0;0;0;0
FR;2;2021-03-15;10916;3474;0;0;3763;0;0;0;0;276341;116606;2;0;121693;0;0;0;0
FR;2;2021-03-16;16769;4702;1;0;5249;0;0;0;0;293110;121308;3;0;126942;0;0;0;0
FR;2;2021-03-17;20241;4002;0;0;4676;0;0;0;0;313351;125310;3;0;131618;0;0;0;0
FR;2;2021-03-18;23370;5119;0;0;5945;0;0;0;0;336721;130429;3;0;137563;0;0;0;0
FR;2;2021-03-19;23315;4671;0;0;5430;0;0;0;0;360036;135100;3;0;142993;0;0;0;0
FR;2;2021-03-20;25451;1579;0;0;2335;0;0;0;0;385487;136679;3;0;145328;0;0;0;0
FR;2;2021-03-21;17672;152;0;0;730;0;0;0;0;403159;136831;3;0;146058;0;0;0;0
FR;2;2021-03-22;17790;3258;0;0;3927;0;0;0;0;420949;140089;3;0;149985;0;0;0;0
FR;2;2021-03-23;22702;4276;0;0;5127;0;0;0;0;443651;144365;3;0;155112;0;0;0;0
FR;2;2021-03-24;23961;5073;0;0;5909;0;0;0;0;467612;149438;3;0;161021;0;0;0;0
FR;2;2021-03-25;26758;5246;1;0;6442;0;0;0;0;494370;154684;4;0;167463;0;0;0;0
FR;2;2021-03-26;26990;4225;0;0;5371;0;0;0;0;521360;158909;4;0;172834;0;0;0;0
FR;2;2021-03-27;15923;1363;0;0;1892;0;0;0;0;537283;160272;4;0;174726;0;0;0;0
FR;2;2021-03-28;10563;130;0;0;422;0;0;0;0;547846;160402;4;0;175148;0;0;0;0
FR;2;2021-03-29;18999;4348;0;0;5049;0;0;0;0;566845;164750;4;0;180197;0;0;0;0
FR;2;2021-03-30;24594;6106;0;0;7045;0;0;0;0;591439;170856;4;0;187242;0;0;0;0
FR;2;2021-03-31;28561;5930;0;0;7221;0;0;0;0;620000;176786;4;0;194463;0;0;0;0
FR;2;2021-04-01;34559;8572;1;0;10265;0;0;0;0;654559;185358;5;0;204728;0;0;0;0
FR;2;2021-04-02;29990;7732;0;0;9159;0;0;0;0;684549;193090;5;0;213887;0;0;0;0
FR;2;2021-04-03;16957;4232;0;0;4914;0;0;0;0;701506;197322;5;0;218801;0;0;0;0
FR;2;2021-04-04;9309;1268;2;0;1676;0;0;0;0;710815;198590;7;0;220477;0;0;0;0
FR;2;2021-04-05;12445;796;0;0;1380;0;0;0;0;723260;199386;7;0;221857;0;0;0;0
FR;2;2021-04-06;27158;7327;0;0;8716;0;0;0;0;750418;206713;7;0;230573;0;0;0;0
FR;2;2021-04-07;30930;7067;1;0;8644;0;0;0;0;781348;213780;8;0;239217;0;0;0;0
FR;2;2021-04-08;36894;8592;1;0;10516;0;0;0;0;818242;222372;9;0;249733;0;0;0;0
FR;2;2021-04-09;33850;8391;28;0;10174;0;0;0;0;852092;230763;37;0;259907;0;0;0;0
FR;2;2021-04-10;19689;9257;1;0;10170;0;0;0;0;871781;240020;38;0;270077;0;0;0;0
FR;2;2021-04-11;7942;4239;1;0;4602;0;0;0;0;879723;244259;39;0;274679;0;0;0;0
FR;2;2021-04-12;17128;11030;0;0;11869;0;0;0;0;896851;255289;39;0;286548;0;0;0;0
FR;2;2021-04-13;19460;16039;1;0;17104;0;0;0;0;916311;271328;40;0;303652;0;0;0;0
FR;2;2021-04-14;18070;16438;7;0;17532;0;0;0;0;934381;287766;47;0;321184;0;0;0;0
FR;2;2021-04-15;22204;21808;27;0;23259;0;0;0;0;956585;309574;74;0;344443;0;0;0;0
FR;2;2021-04-16;20719;20599;45;0;21868;0;0;0;0;977304;330173;119;0;366311;0;0;0;0
FR;2;2021-04-17;13258;22488;5;0;23219;0;0;0;0;990562;352661;124;0;389530;0;0;0;0
FR;2;2021-04-18;5911;14399;6;0;14738;0;0;0;0;996473;367060;130;0;404268;0;0;0;0
FR;2;2021-04-19;16849;16383;24;0;17187;0;0;0;0;1013322;383443;154;0;421455;0;0;0;0
FR;2;2021-04-20;19325;21776;38;0;22838;0;0;0;0;1032647;405219;192;0;444293;0;0;0;0
FR;2;2021-04-21;20292;21855;76;0;23007;0;0;0;0;1052939;427074;268;0;467300;0;0;0;0
FR;2;2021-04-22;23822;24941;41;0;26350;0;0;0;0;1076761;452015;309;0;493650;0;0;0;0
FR;2;2021-04-23;24532;25485;76;0;26995;0;0;0;0;1101293;477500;385;0;520645;0;0;0;0
FR;2;2021-04-24;25305;15065;104;0;16503;0;0;0;0;1126598;492565;489;0;537148;0;0;0;0
FR;2;2021-04-25;9596;8619;5;0;9180;0;0;0;0;1136194;501184;494;0;546328;0;0;0;0
FR;2;2021-04-26;17165;17609;21;0;18494;0;0;0;0;1153359;518793;515;0;564822;0;0;0;0
FR;2;2021-04-27;19246;24125;40;0;25308;0;0;0;0;1172605;542918;555;0;590130;0;0;0;0
FR;2;2021-04-28;22341;26435;112;0;27835;0;0;0;0;1194946;569353;667;0;617965;0;0;0;0
FR;2;2021-04-29;25472;30451;70;0;32140;0;0;0;0;1220418;599804;737;0;650105;0;0;0;0
FR;2;2021-04-30;25538;27941;49;1;29587;0;0;0;0;1245956;627745;786;1;679692;0;0;0;0
FR;2;2021-05-01;14988;9847;6;0;10649;0;0;0;0;1260944;637592;792;1;690341;0;0;0;0
FR;2;2021-05-02;6640;9165;2;0;9509;0;0;0;0;1267584;646757;794;1;699850;0;0;0;0
FR;2;2021-05-03;20023;19142;40;0;20345;0;0;0;0;1287607;665899;834;1;720195;0;0;0;0
FR;2;2021-05-04;18286;29178;33;0;30321;0;0;0;0;1305893;695077;867;1;750516;0;0;0;0
FR;2;2021-05-05;18385;29491;48;0;30787;0;0;0;0;1324278;724568;915;1;781303;0;0;0;0
FR;2;2021-05-06;23549;35397;132;0;36969;0;0;0;0;1347827;759965;1047;1;818272;0;0;0;0
FR;2;2021-05-07;25340;33240;97;0;35096;0;0;0;0;1373167;793205;1144;1;853368;0;0;0;0
FR;2;2021-05-08;21342;10581;15;0;11670;0;0;0;0;1394509;803786;1159;1;865038;0;0;0;0
FR;2;2021-05-09;13168;7656;7;0;8331;0;0;0;0;1407677;811442;1166;1;873369;0;0;0;0
FR;2;2021-05-10;32944;21746;50;0;23604;0;0;0;0;1440621;833188;1216;1;896973;0;0;0;0
FR;2;2021-05-11;43612;20918;101;0;23544;0;0;0;0;1484233;854106;1317;1;920517;0;0;0;0
FR;2;2021-05-12;50064;19646;143;0;22525;0;0;0;0;1534297;873752;1460;1;943042;0;0;0;0
FR;2;2021-05-13;51298;5611;31;0;8479;0;0;0;0;1585595;879363;1491;1;951521;0;0;0;0
FR;2;2021-05-14;61357;12886;132;0;16539;0;0;0;0;1646952;892249;1623;1;968060;0;0;0;0
FR;2;2021-05-15;65936;7100;39;0;10650;0;0;0;0;1712888;899349;1662;1;978710;0;0;0;0
FR;2;2021-05-16;43588;2572;10;0;4942;0;0;0;0;1756476;901921;1672;1;983652;0;0;0;0
FR;2;2021-05-17;44754;12461;114;0;15366;0;0;0;0;1801230;914382;1786;1;999018;0;0;0;0
FR;2;2021-05-18;54646;12275;190;0;15957;0;0;0;0;1855876;926657;1976;1;1014975;0;0;0;0
FR;2;2021-05-19;57177;10468;281;0;14510;0;0;0;0;1913053;937125;2257;1;1029485;0;0;0;0
FR;2;2021-05-20;63445;10799;288;0;14898;0;0;0;0;1976498;947924;2545;1;1044383;0;0;0;0
FR;2;2021-05-21;64302;11611;230;0;16035;0;0;0;0;2040800;959535;2775;1;1060418;0;0;0;0
FR;2;2021-05-22;61488;4530;65;0;8501;0;0;0;0;2102288;964065;2840;1;1068919;0;0;0;0
FR;2;2021-05-23;37534;576;22;0;2913;0;0;0;0;2139822;964641;2862;1;1071832;0;0;0;0
FR;2;2021-05-24;17245;2047;35;0;3254;0;0;0;0;2157067;966688;2897;1;1075086;0;0;0;0
FR;2;2021-05-25;21118;12247;240;0;13849;0;0;0;0;2178185;978935;3137;1;1088935;0;0;0;0
FR;2;2021-05-26;19942;11533;230;0;13057;0;0;0;0;2198127;990468;3367;1;1101992;0;0;0;0
FR;2;2021-05-27;23000;12643;182;0;14380;0;0;0;0;2221127;1003111;3549;1;1116372;0;0;0;0
FR;2;2021-05-28;29394;15037;190;0;17219;0;0;0;0;2250521;1018148;3739;1;1133591;0;0;0;0
FR;2;2021-05-29;30422;8193;58;0;10101;0;0;0;0;2280943;1026341;3797;1;1143692;0;0;0;0
FR;2;2021-05-30;4647;1820;6;0;2155;0;0;0;0;2285590;1028161;3803;1;1145847;0;0;0;0
FR;2;2021-05-31;28590;18748;184;0;20828;0;0;0;0;2314180;1046909;3987;1;1166675;0;0;0;0
FR;2;2021-06-01;45737;19901;225;0;23140;0;0;0;0;2359917;1066810;4212;1;1189815;0;0;0;0
FR;2;2021-06-02;37477;19299;182;0;22304;0;0;0;0;2397394;1086109;4394;1;1212119;0;0;0;0
FR;2;2021-06-03;51282;23119;161;0;26972;0;0;0;0;2448676;1109228;4555;1;1239091;0;0;0;0
FR;2;2021-06-04;65515;24095;217;0;29064;0;0;0;0;2514191;1133323;4772;1;1268155;0;0;0;0
FR;2;2021-06-05;34603;24094;52;0;26949;0;0;0;0;2548794;1157417;4824;1;1295104;0;0;0;0
FR;2;2021-06-06;4956;6194;10;0;6612;0;0;0;0;2553750;1163611;4834;1;1301716;0;0;0;0
FR;2;2021-06-07;28177;23012;150;0;25426;0;0;0;0;2581927;1186623;4984;1;1327142;0;0;0;0
FR;2;2021-06-08;46377;22931;143;0;26894;0;0;0;0;2628304;1209554;5127;1;1354036;0;0;0;0
FR;2;2021-06-09;34296;20972;107;0;24105;0;0;0;0;2662600;1230526;5234;1;1378141;0;0;0;0
FR;2;2021-06-10;42643;19084;96;1;23006;0;0;0;0;2705243;1249610;5330;2;1401147;0;0;0;0
FR;2;2021-06-11;55301;25147;134;0;30246;0;0;0;0;2760544;1274757;5464;2;1431393;0;0;0;0
FR;2;2021-06-12;30563;19793;53;0;22647;0;0;0;0;2791107;1294550;5517;2;1454040;0;0;0;0
FR;2;2021-06-13;3331;9192;13;0;9580;0;0;0;0;2794438;1303742;5530;2;1463620;0;0;0;0
FR;2;2021-06-14;25304;24110;92;0;26692;0;0;0;0;2819742;1327852;5622;2;1490312;0;0;0;0
FR;2;2021-06-15;39047;22827;154;0;26577;0;0;0;0;2858789;1350679;5776;2;1516889;0;0;0;0
FR;2;2021-06-16;30165;21369;135;0;24524;0;0;0;0;2888954;1372048;5911;2;1541413;0;0;0;0
FR;2;2021-06-17;36912;25765;150;0;29628;0;0;0;0;2925866;1397813;6061;2;1571041;0;0;0;0
FR;2;2021-06-18;46860;28882;123;0;33583;0;0;0;0;2972726;1426695;6184;2;1604624;0;0;0;0
FR;2;2021-06-19;24526;24925;39;0;27697;0;0;0;0;2997252;1451620;6223;2;1632321;0;0;0;0
FR;2;2021-06-20;3745;10059;9;0;10558;0;0;0;0;3000997;1461679;6232;2;1642879;0;0;0;0
FR;2;2021-06-21;17536;42850;88;0;44858;0;0;0;0;3018533;1504529;6320;2;1687737;0;0;0;0
FR;2;2021-06-22;28361;49605;110;0;53033;0;0;0;0;3046894;1554134;6430;2;1740770;0;0;0;0
FR;2;2021-06-23;21791;49604;107;1;52450;1;0;0;0;3068685;1603738;6537;3;1793220;1;0;0;0
FR;2;2021-06-24;28378;50299;134;0;54035;0;0;0;0;3097063;1654037;6671;3;1847255;1;0;0;0
FR;2;2021-06-25;33401;60452;128;0;64839;0;0;0;0;3130464;1714489;6799;3;1912094;1;0;0;0
FR;2;2021-06-26;16395;59328;54;1;61718;0;0;0;0;3146859;1773817;6853;4;1973812;1;0;0;0
FR;2;2021-06-27;2566;29316;22;1;29896;0;0;0;0;3149425;1803133;6875;5;2003708;1;0;0;0
FR;2;2021-06-28;12640;54331;84;0;56305;0;0;0;0;3162065;1857464;6959;5;2060013;1;0;0;0
FR;2;2021-06-29;19857;59975;178;0;62920;0;0;0;0;3181922;1917439;7137;5;2122933;1;0;0;0
FR;2;2021-06-30;16332;58024;253;17;60712;0;0;0;0;3198254;1975463;7390;22;2183645;1;0;0;0
FR;2;2021-07-01;20493;59865;228;0;63193;0;0;0;0;3218747;2035328;7618;22;2246838;1;0;0;0
FR;2;2021-07-02;24080;62153;184;0;66370;0;0;0;0;3242827;2097481;7802;22;2313208;1;0;0;0
FR;2;2021-07-03;12120;57135;153;0;59471;0;0;0;0;3254947;2154616;7955;22;2372679;1;0;0;0
FR;2;2021-07-04;1960;23305;18;0;23872;0;0;0;0;3256907;2177921;7973;22;2396551;1;0;0;0
FR;2;2021-07-05;9178;29282;106;0;30918;0;0;0;0;3266085;2207203;8079;22;2427469;1;0;0;0
FR;2;2021-07-06;14583;36262;135;0;38942;0;0;0;0;3280668;2243465;8214;22;2466411;1;0;0;0
FR;2;2021-07-07;14416;33662;139;0;36418;0;0;0;0;3295084;2277127;8353;22;2502829;1;0;0;0
FR;2;2021-07-08;19722;40314;162;0;43975;0;0;0;0;3314806;2317441;8515;22;2546804;1;0;0;0
FR;2;2021-07-09;27104;54318;202;1;59470;0;0;0;0;3341910;2371759;8717;23;2606274;1;0;0;0
FR;2;2021-07-10;13387;33703;107;0;36393;0;0;0;0;3355297;2405462;8824;23;2642667;1;0;0;0
FR;2;2021-07-11;1810;4346;16;0;4775;0;0;0;0;3357107;2409808;8840;23;2647442;1;0;0;0
FR;2;2021-07-12;12971;37275;119;0;39932;0;0;0;0;3370078;2447083;8959;23;2687374;1;0;0;0
FR;2;2021-07-13;37116;53166;152;0;60305;0;0;0;0;3407194;2500249;9111;23;2747679;1;0;0;0
FR;2;2021-07-14;6627;3538;15;0;4886;0;0;0;0;3413821;2503787;9126;23;2752565;1;0;0;0
FR;2;2021-07-15;47244;47013;156;0;55214;0;0;0;0;3461065;2550800;9282;23;2807779;1;0;0;0
FR;2;2021-07-16;64317;55769;188;0;66750;0;0;0;0;3525382;2606569;9470;23;2874529;1;0;0;0
FR;2;2021-07-17;31600;23913;96;0;29367;0;0;0;0;3556982;2630482;9566;23;2903896;1;0;0;0
FR;2;2021-07-18;6090;4811;19;0;5959;0;0;0;0;3563072;2635293;9585;23;2909855;1;0;0;0
FR;2;2021-07-19;33004;28619;94;0;34235;0;0;0;0;3596076;2663912;9679;23;2944090;1;0;0;0
FR;2;2021-07-20;51997;44519;155;0;53158;0;0;0;0;3648073;2708431;9834;23;2997248;1;0;0;0
FR;2;2021-07-21;45256;34651;93;0;42160;0;0;0;0;3693329;2743082;9927;23;3039408;1;0;0;0
FR;2;2021-07-22;56279;41085;128;1;50373;0;0;0;0;3749608;2784167;10055;24;3089781;1;0;0;0
FR;2;2021-07-23;68301;48975;170;0;60267;0;0;0;0;3817909;2833142;10225;24;3150048;1;0;0;0
FR;2;2021-07-24;36180;21613;82;0;27475;0;0;0;0;3854089;2854755;10307;24;3177523;1;0;0;0
FR;2;2021-07-25;6751;2612;10;0;3871;0;0;0;0;3860840;2857367;10317;24;3181394;1;0;0;0
FR;2;2021-07-26;36319;22348;91;1;27855;0;0;0;0;3897159;2879715;10408;25;3209249;1;0;0;0
FR;2;2021-07-27;62390;34567;180;0;43713;0;0;0;0;3959549;2914282;10588;25;3252962;1;0;0;0
FR;2;2021-07-28;55323;26425;132;0;34522;0;0;0;0;4014872;2940707;10720;25;3287484;1;0;0;0
FR;2;2021-07-29;68480;32788;189;0;42475;0;0;0;0;4083352;2973495;10909;25;3329959;1;0;0;0
FR;2;2021-07-30;74465;37812;222;1;48608;0;0;0;0;4157817;3011307;11131;26;3378567;1;0;0;0
FR;2;2021-07-31;34773;16203;105;0;21403;0;0;0;0;4192590;3027510;11236;26;3399970;1;0;0;0
FR;2;2021-08-01;5414;2258;19;0;3121;0;0;0;0;4198004;3029768;11255;26;3403091;1;0;0;0
FR;2;2021-08-02;35888;16163;101;0;21063;0;0;0;0;4233892;3045931;11356;26;3424154;1;0;0;0
FR;2;2021-08-03;55986;28269;142;0;35477;0;0;0;0;4289878;3074200;11498;26;3459631;1;0;0;0
FR;2;2021-08-04;46637;20830;128;1;26945;0;0;0;0;4336515;3095030;11626;27;3486576;1;0;0;0
FR;2;2021-08-05;54638;31555;215;0;38745;0;0;0;0;4391153;3126585;11841;27;3525321;1;0;0;0
FR;2;2021-08-06;58097;42390;242;1;50230;0;0;0;0;4449250;3168975;12083;28;3575551;1;0;0;0
FR;2;2021-08-07;25150;17626;89;0;21321;0;0;0;0;4474400;3186601;12172;28;3596872;1;0;0;0
FR;2;2021-08-08;3838;3648;21;0;4306;0;0;0;0;4478238;3190249;12193;28;3601178;1;0;0;0
FR;2;2021-08-09;29308;21042;92;0;24869;0;0;0;0;4507546;3211291;12285;28;3626047;1;0;0;0
FR;2;2021-08-10;45010;33468;155;0;39237;0;0;0;0;4552556;3244759;12440;28;3665284;1;0;0;0
FR;2;2021-08-11;35274;25145;151;0;29751;0;0;0;0;4587830;3269904;12591;28;3695035;1;0;0;0
FR;2;2021-08-12;41904;35691;163;0;41234;0;0;0;0;4629734;3305595;12754;28;3736269;1;0;0;0
FR;2;2021-08-13;42606;37297;218;0;42990;0;0;0;0;4672340;3342892;12972;28;3779259;1;0;0;0
FR;2;2021-08-14;18524;22152;94;0;24788;0;0;0;0;4690864;3365044;13066;28;3804047;1;0;0;0
FR;2;2021-08-15;3860;3800;17;0;4388;0;0;0;0;4694724;3368844;13083;28;3808435;1;0;0;0
FR;2;2021-08-16;25093;27124;111;0;30451;0;0;0;0;4719817;3395968;13194;28;3838886;1;0;0;0
FR;2;2021-08-17;38264;43411;207;2;48403;0;0;0;0;4758081;3439379;13401;30;3887289;1;0;0;0
FR;2;2021-08-18;32254;36353;195;1;40705;1;0;0;0;4790335;3475732;13596;31;3927994;2;0;0;0
FR;2;2021-08-19;37434;46579;224;0;51788;0;0;0;0;4827769;3522311;13820;31;3979782;2;0;0;0
FR;2;2021-08-20;40568;55638;271;1;61575;0;0;0;0;4868337;3577949;14091;32;4041357;2;0;0;0
FR;2;2021-08-21;18121;24310;116;0;27102;0;0;0;0;4886458;3602259;14207;32;4068459;2;0;0;0
FR;2;2021-08-22;2908;4326;22;1;4859;1;0;0;0;4889366;3606585;14229;33;4073318;3;0;0;0
FR;2;2021-08-23;19248;35153;131;1;38050;0;0;0;0;4908614;3641738;14360;34;4111368;3;0;0;0
FR;2;2021-08-24;31952;56039;236;0;60700;0;0;0;0;4940566;3697777;14596;34;4172068;3;0;0;0
FR;2;2021-08-25;25934;43456;251;0;47413;0;0;0;0;4966500;3741233;14847;34;4219481;3;0;0;0
FR;2;2021-08-26;32362;55830;388;0;60595;0;0;0;0;4998862;3797063;15235;34;4280076;3;0;0;0
FR;2;2021-08-27;37003;65680;477;2;71421;0;0;0;0;5035865;3862743;15712;36;4351497;3;0;0;0
FR;2;2021-08-28;17819;28544;300;0;31611;0;0;0;0;5053684;3891287;16012;36;4383108;3;0;0;0
FR;2;2021-08-29;2656;5015;47;0;5629;0;0;0;0;5056340;3896302;16059;36;4388737;3;0;0;0
FR;2;2021-08-30;18417;37728;400;0;40148;758;0;0;0;5074757;3934030;16459;36;4428885;761;0;0;0
FR;2;2021-08-31;28076;57507;887;4;60946;1557;0;0;0;5102833;3991537;17346;40;4489831;2318;0;0;0
FR;2;2021-09-01;21594;39874;1309;0;42269;2124;0;0;0;5124427;4031411;18655;40;4532100;4442;0;0;0
FR;2;2021-09-02;25485;48662;1962;2;50950;3364;0;0;0;5149912;4080073;20617;42;4583050;7806;0;0;0
FR;2;2021-09-03;33412;64564;2988;3;67542;4881;1;0;0;5183324;4144637;23605;45;4650592;12687;1;0;0
FR;2;2021-09-04;16832;27759;1443;1;29560;2382;0;0;0;5200156;4172396;25048;46;4680152;15069;1;0;0
FR;2;2021-09-05;2264;3592;266;0;3950;412;0;0;0;5202420;4175988;25314;46;4684102;15481;1;0;0
FR;2;2021-09-06;14043;28698;1771;1;29765;2945;0;0;0;5216463;4204686;27085;47;4713867;18426;1;0;0
FR;2;2021-09-07;21108;41109;3021;13;42277;4932;0;0;0;5237571;4245795;30106;60;4756144;23358;1;0;0
FR;2;2021-09-08;17248;31922;2736;6;32744;4500;0;0;0;5254819;4277717;32842;66;4788888;27858;1;0;0
FR;2;2021-09-09;20981;40483;4437;3;41242;6837;0;0;0;5275800;4318200;37279;69;4830130;34695;1;0;0
FR;2;2021-09-10;28201;51297;5286;4;51890;8964;1;0;0;5304001;4369497;42565;73;4882020;43659;2;0;0
FR;2;2021-09-11;13654;22443;2405;5;23133;3976;0;0;0;5317655;4391940;44970;78;4905153;47635;2;0;0
FR;2;2021-09-12;1824;2774;292;0;2969;510;0;0;0;5319479;4394714;45262;78;4908122;48145;2;0;0
FR;2;2021-09-13;11659;21445;2474;4;21709;4048;0;0;0;5331138;4416159;47736;82;4929831;52193;2;0;0
FR;2;2021-09-14;18576;32731;5092;13;31700;9054;2;0;0;5349714;4448890;52828;95;4961531;61247;4;0;0
FR;2;2021-09-15;14915;28243;5169;3;26936;7757;9;0;0;5364629;4477133;57997;98;4988467;69004;13;0;0
FR;2;2021-09-16;16078;32790;6737;12;30182;10536;4;0;0;5380707;4509923;64734;110;5018649;79540;17;0;0
FR;2;2021-09-17;20915;47158;8781;10;42818;14620;6;0;0;5401622;4557081;73515;120;5061467;94160;23;0;0
FR;2;2021-09-18;9857;20963;3804;6;19596;6037;1;0;0;5411479;4578044;77319;126;5081063;100197;24;0;0
FR;2;2021-09-19;1166;2596;396;0;2538;632;0;0;0;5412645;4580640;77715;126;5083601;100829;24;0;0
FR;2;2021-09-20;7500;18704;3856;7;17027;6136;4;0;0;5420145;4599344;81571;133;5100628;106965;28;0;0
FR;2;2021-09-21;11215;29992;6495;5;26542;10749;3;0;0;5431360;4629336;88066;138;5127170;117714;31;0;0
FR;2;2021-09-22;9413;23543;5490;6;21197;8520;8;0;0;5440773;4652879;93556;144;5148367;126234;39;0;0
FR;2;2021-09-23;10731;28900;7881;10;24727;12648;11;0;0;5451504;4681779;101437;154;5173094;138882;50;0;0
FR;2;2021-09-24;15075;42931;10876;18;37276;17238;21;0;0;5466579;4724710;112313;172;5210370;156120;71;0;0
FR;2;2021-09-25;7258;18794;3965;9;17150;6118;3;0;0;5473837;4743504;116278;181;5227520;162238;74;0;0
FR;2;2021-09-26;1080;2549;495;0;2494;631;1;0;0;5474917;4746053;116773;181;5230014;162869;75;0;0
FR;2;2021-09-27;6313;16407;4287;8;14797;6536;2;0;0;5481230;4762460;121060;189;5244811;169405;77;0;0
FR;2;2021-09-28;9241;25565;7769;14;21717;12080;7;0;0;5490471;4788025;128829;203;5266528;181485;84;0;0
FR;2;2021-09-29;8081;20202;6067;25;17608;9262;8;0;0;5498552;4808227;134896;228;5284136;190747;92;0;0
FR;2;2021-09-30;9864;25836;9509;16;21634;14101;6;0;0;5508416;4834063;144405;244;5305770;204848;98;0;0
FR;2;2021-10-01;13978;35729;12919;25;30049;19317;10;0;0;5522394;4869792;157324;269;5335819;224165;108;0;0
FR;2;2021-10-02;6874;15932;4850;7;14229;7046;6;0;0;5529268;4885724;162174;276;5350048;231211;114;0;0
FR;2;2021-10-03;841;1912;492;1;1840;503;0;0;0;5530109;4887636;162666;277;5351888;231714;114;0;0
FR;2;2021-10-04;5825;13898;5516;5;12135;7853;6;0;0;5535934;4901534;168182;282;5364023;239567;120;0;0
FR;2;2021-10-05;9057;22563;11125;19;18528;15739;1;0;0;5544991;4924097;179307;301;5382551;255306;121;0;0
FR;2;2021-10-06;7783;17744;8243;11;15273;11090;4;0;0;5552774;4941841;187550;312;5397824;266396;125;0;0
FR;2;2021-10-07;9203;22205;12386;14;18007;16871;6;0;0;5561977;4964046;199936;326;5415831;283267;131;0;0
FR;2;2021-10-08;13431;32135;17349;28;26511;23609;13;0;0;5575408;4996181;217285;354;5442342;306876;144;0;0
FR;2;2021-10-09;6000;12841;6044;6;11379;7893;7;0;0;5581408;5009022;223329;360;5453721;314769;151;0;0
FR;2;2021-10-10;885;1598;436;2;1541;606;1;0;0;5582293;5010620;223765;362;5455262;315375;152;0;0
FR;2;2021-10-11;5607;11554;6455;17;9942;8830;3;0;0;5587900;5022174;230220;379;5465204;324205;155;0;0
FR;2;2021-10-12;8029;17785;12550;13;13924;16782;9;0;0;5595929;5039959;242770;392;5479128;340987;164;0;0
FR;2;2021-10-13;6945;14851;10256;12;11808;13646;7;0;0;5602874;5054810;253026;404;5490936;354633;171;0;0
FR;2;2021-10-14;8314;17938;14996;13;13560;19472;11;0;0;5611188;5072748;268022;417;5504496;374105;182;0;0
FR;2;2021-10-15;11856;26309;20903;26;19416;27978;4;0;0;5623044;5099057;288925;443;5523912;402083;186;0;0
FR;2;2021-10-16;5140;8740;1819;0;8173;3218;2;0;0;5628184;5107797;290744;443;5532085;405301;188;0;0
FR;2;2021-10-17;651;1153;185;0;1081;359;1;0;0;5628835;5108950;290929;443;5533166;405660;189;0;0
FR;2;2021-10-18;4562;7343;665;2;7247;1633;0;0;0;5633397;5116293;291594;445;5540413;407293;189;0;0
FR;2;2021-10-19;6238;9854;732;5;9657;2035;5;0;0;5639635;5126147;292326;450;5550070;409328;194;0;0
FR;2;2021-10-20;5170;8057;759;3;8177;1678;0;0;0;5644805;5134204;293085;453;5558247;411006;194;0;0
FR;2;2021-10-21;6090;9979;780;5;9837;2104;1;0;0;5650895;5144183;293865;458;5568084;413110;195;0;0
FR;2;2021-10-22;8452;14596;1149;4;14471;2890;2;0;0;5659347;5158779;295014;462;5582555;416000;197;0;0
FR;2;2021-10-23;3845;5995;587;0;6128;1236;3;0;0;5663192;5164774;295601;462;5588683;417236;200;0;0
FR;2;2021-10-24;494;884;101;0;901;205;0;0;0;5663686;5165658;295702;462;5589584;417441;200;0;0
FR;2;2021-10-25;3359;5348;307;1;5523;825;2;0;0;5667045;5171006;296009;463;5595107;418266;202;0;0
FR;2;2021-10-26;4177;7241;1133;4;7131;2022;5;0;0;5671222;5178247;297142;467;5602238;420288;207;0;0
FR;2;2021-10-27;3676;6597;1193;5;6454;1992;1;0;0;5674898;5184844;298335;472;5608692;422280;208;0;0
FR;2;2021-10-28;4597;7688;1735;3;7417;2746;1;0;0;5679495;5192532;300070;475;5616109;425026;209;0;0
FR;2;2021-10-29;5413;11082;2437;4;10695;3682;3;0;0;5684908;5203614;302507;479;5626804;428708;212;0;0
FR;2;2021-10-30;2749;4453;976;1;4456;1440;2;0;0;5687657;5208067;303483;480;5631260;430148;214;0;0
FR;2;2021-10-31;364;535;140;1;544;191;1;0;0;5688021;5208602;303623;481;5631804;430339;215;0;0
FR;2;2021-11-01;429;547;181;0;563;267;1;0;0;5688450;5209149;303804;481;5632367;430606;216;0;0
FR;2;2021-11-02;3293;6756;1183;0;6802;1763;5;0;0;5691743;5215905;304987;481;5639169;432369;221;0;0
FR;2;2021-11-03;3340;6228;1388;2;6315;1968;2;0;0;5695083;5222133;306375;483;5645484;434337;223;0;0
FR;2;2021-11-04;3986;7075;1768;4;7113;2495;3;0;0;5699069;5229208;308143;487;5652597;436832;226;0;0
FR;2;2021-11-05;5234;10503;2867;5;10212;3958;6;0;0;5704303;5239711;311010;492;5662809;440790;232;0;0
FR;2;2021-11-06;2596;4677;1403;0;4638;1817;2;0;0;5706899;5244388;312413;492;5667447;442607;234;0;0
FR;2;2021-11-07;506;866;221;0;873;291;2;0;0;5707405;5245254;312634;492;5668320;442898;236;0;0
FR;2;2021-11-08;2578;5347;1205;3;5267;1676;3;0;0;5709983;5250601;313839;495;5673587;444574;239;0;0
FR;2;2021-11-09;2749;6913;2402;5;6448;3181;2;0;0;5712732;5257514;316241;500;5680035;447755;241;0;0
FR;2;2021-11-10;2590;5670;5114;6;4767;6287;8;0;0;5715322;5263184;321355;506;5684802;454042;249;0;0
FR;2;2021-11-11;446;755;752;2;647;936;3;0;0;5715768;5263939;322107;508;5685449;454978;252;0;0
FR;2;2021-11-12;2953;8084;8982;8;6200;10926;9;0;0;5718721;5272023;331089;516;5691649;465904;261;0;0
FR;2;2021-11-13;1539;3376;3871;7;2724;4538;4;0;0;5720260;5275399;334960;523;5694373;470442;265;0;0
FR;2;2021-11-14;257;586;351;1;487;479;3;0;0;5720517;5275985;335311;524;5694860;470921;268;0;0
FR;2;2021-11-15;1622;3660;4447;8;2915;5328;16;0;0;5722139;5279645;339758;532;5697775;476249;284;0;0
FR;2;2021-11-16;2184;5883;8311;14;4159;10082;16;0;0;5724323;5285528;348069;546;5701934;486331;300;0;0
FR;2;2021-11-17;1741;4521;6632;8;3171;7848;5;0;0;5726064;5290049;354701;554;5705105;494179;305;0;0
FR;2;2021-11-18;2192;5930;9187;10;4026;11020;8;0;0;5728256;5295979;363888;564;5709131;505199;313;0;0
FR;2;2021-11-19;2700;7761;12980;19;4839;15481;12;0;0;5730956;5303740;376868;583;5713970;520680;325;0;0
FR;2;2021-11-20;1566;3336;5181;5;2354;6093;3;0;0;5732522;5307076;382049;588;5716324;526773;328;0;0
FR;2;2021-11-21;249;509;541;0;393;659;3;0;0;5732771;5307585;382590;588;5716717;527432;331;0;0
FR;2;2021-11-22;1278;2574;4482;5;1673;5398;9;0;0;5734049;5310159;387072;593;5718390;532830;340;0;0
FR;2;2021-11-23;1617;4274;8202;9;2537;9914;6;0;0;5735666;5314433;395274;602;5720927;542744;346;0;0
FR;2;2021-11-24;1421;3754;7481;14;2250;8734;9;0;0;5737087;5318187;402755;616;5723177;551478;355;0;0
FR;2;2021-11-25;1813;4868;11472;21;2685;13667;6;0;0;5738900;5323055;414227;637;5725862;565145;361;0;0
FR;2;2021-11-26;2541;7738;22672;31;3818;26085;14;0;0;5741441;5330793;436899;668;5729680;591230;375;0;0
FR;2;2021-11-27;1498;4139;12275;18;2130;14032;12;0;0;5742939;5334932;449174;686;5731810;605262;387;0;0
FR;2;2021-11-28;292;840;1975;3;480;2304;5;0;0;5743231;5335772;451149;689;5732290;607566;392;0;0
FR;2;2021-11-29;1447;4351;15099;23;2014;17266;25;0;0;5744678;5340123;466248;712;5734304;624832;417;0;0
FR;2;2021-11-30;1912;6661;26246;36;2647;30005;22;0;0;5746590;5346784;492494;748;5736951;654837;439;0;0
FR;2;2021-12-01;1916;6022;26204;31;2491;29515;20;0;0;5748506;5352806;518698;779;5739442;684352;459;0;0
FR;2;2021-12-02;1914;6785;37728;52;2123;41978;32;0;0;5750420;5359591;556426;831;5741565;726330;491;0;0
FR;2;2021-12-03;2557;10083;53635;111;3605;59384;30;0;0;5752977;5369674;610061;942;5745170;785714;521;0;0
FR;2;2021-12-04;1850;6282;37126;38;2190;40817;15;0;0;5754827;5375956;647187;980;5747360;826531;536;0;0
FR;2;2021-12-05;458;2249;14263;14;538;15990;7;0;0;5755285;5378205;661450;994;5747898;842521;543;0;0
FR;2;2021-12-06;2487;9859;77723;109;2711;84774;25;0;0;5757772;5388064;739173;1103;5750609;927295;568;0;0
FR;2;2021-12-07;3455;15297;122461;238;3752;133783;40;0;0;5761227;5403361;861634;1341;5754361;1061078;608;0;0
FR;2;2021-12-08;3725;15986;133215;330;3859;145405;54;0;0;5764952;5419347;994849;1671;5758220;1206483;662;0;0
FR;2;2021-12-09;4546;19636;170229;555;4180;185625;61;0;0;5769498;5438983;1165078;2226;5762400;1392108;723;0;0
FR;2;2021-12-10;4675;22813;188692;490;5021;206180;68;0;0;5774173;5461796;1353770;2716;5767421;1598288;791;0;0
FR;2;2021-12-11;3688;16621;132462;239;3677;144917;62;0;0;5777861;5478417;1486232;2955;5771098;1743205;853;0;0
FR;2;2021-12-12;1256;7125;59109;83;1021;65166;12;0;0;5779117;5485542;1545341;3038;5772119;1808371;865;0;0
FR;2;2021-12-13;5530;26814;220717;605;5231;243010;159;0;0;5784647;5512356;1766058;3643;5777350;2051381;1024;0;0
FR;2;2021-12-14;7018;37455;300796;908;6152;332248;189;0;0;5791665;5549811;2066854;4551;5783502;2383629;1213;0;0
FR;2;2021-12-15;6555;36235;285247;957;5876;315889;185;0;0;5798220;5586046;2352101;5508;5789378;2699518;1398;0;0
FR;2;2021-12-16;7764;37920;312163;981;6571;343795;183;0;0;5805984;5623966;2664264;6489;5795949;3043313;1581;0;0
FR;2;2021-12-17;8681;41190;327901;976;8033;360970;231;0;0;5814665;5665156;2992165;7465;5803982;3404283;1812;0;0
FR;2;2021-12-18;6515;26549;212361;448;4913;233673;119;0;0;5821180;5691705;3204526;7913;5808895;3637956;1931;0;0
FR;2;2021-12-19;2603;11413;90220;182;1663;100353;25;0;0;5823783;5703118;3294746;8095;5810558;3738309;1956;0;0
FR;2;2021-12-20;9548;33540;275247;706;6607;303399;208;0;0;5833331;5736658;3569993;8801;5817165;4041708;2164;0;0
FR;2;2021-12-21;11565;38306;309644;968;7391;341437;258;0;0;5844896;5774964;3879637;9769;5824556;4383145;2422;0;0
FR;2;2021-12-22;10459;32777;265128;952;6448;292480;315;0;1;5855355;5807741;4144765;10721;5831004;4675625;2737;0;1
FR;2;2021-12-23;9425;26643;199522;701;5892;221285;227;0;0;5864780;5834384;4344287;11422;5836896;4896910;2964;0;1
FR;2;2021-12-24;2783;7476;43861;140;2039;49561;78;0;0;5867563;5841860;4388148;11562;5838935;4946471;3042;0;1
FR;2;2021-12-25;201;679;2003;10;210;2484;15;0;0;5867764;5842539;4390151;11572;5839145;4948955;3057;0;1
FR;2;2021-12-26;1320;4214;25158;71;1052;28689;70;0;0;5869084;5846753;4415309;11643;5840197;4977644;3127;0;1
FR;2;2021-12-27;8077;29922;218429;659;6634;243367;294;0;0;5877161;5876675;4633738;12302;5846831;5221011;3421;0;1
FR;2;2021-12-28;9834;36304;272107;742;6993;302008;957;0;1;5886995;5912979;4905845;13044;5853824;5523019;4378;0;2
FR;2;2021-12-29;9498;32231;246142;765;6415;272687;1088;0;0;5896493;5945210;5151987;13809;5860239;5795706;5466;0;2
FR;2;2021-12-30;9462;28082;208834;663;5978;231455;1156;0;0;5905955;5973292;5360821;14472;5866217;6027161;6622;0;2
FR;2;2021-12-31;3011;8348;54990;176;2173;61236;392;0;0;5908966;5981640;5415811;14648;5868390;6088397;7014;0;2
FR;2;2022-01-01;231;688;2857;7;204;3351;29;0;0;5909197;5982328;5418668;14655;5868594;6091748;7043;0;2
FR;2;2022-01-02;1503;4852;29522;75;1166;33409;217;0;0;5910700;5987180;5448190;14730;5869760;6125157;7260;0;2
FR;2;2022-01-03;9602;35403;266539;806;8501;293916;1674;0;0;5920302;6022583;5714729;15536;5878261;6419073;8934;0;2
FR;2;2022-01-04;12854;45422;342100;1068;9977;377054;2458;0;1;5933156;6068005;6056829;16604;5888238;6796127;11392;0;3
FR;2;2022-01-05;11273;38631;294211;884;8633;323851;2154;0;2;5944429;6106636;6351040;17488;5896871;7119978;13546;0;5
FR;2;2022-01-06;13655;43488;331952;1298;9938;364757;2979;0;1;5958084;6150124;6682992;18786;5906809;7484735;16525;0;6
FR;2;2022-01-07;14225;47627;361114;1271;11247;396459;3159;0;0;5972309;6197751;7044106;20057;5918056;7881194;19684;0;6
FR;2;2022-01-08;7946;28141;201267;515;7206;221704;1528;0;2;5980255;6225892;7245373;20572;5925262;8102898;21212;0;8
FR;2;2022-01-09;2749;8956;62527;137;2075;69495;493;0;0;5983004;6234848;7307900;20709;5927337;8172393;21705;0;8
FR;2;2022-01-10;10100;31912;232497;858;8909;255073;2458;0;0;5993104;6266760;7540397;21567;5936246;8427466;24163;0;8
FR;2;2022-01-11;11468;36252;265932;1029;10069;290640;3380;0;1;6004572;6303012;7806329;22596;5946315;8718106;27543;0;9
FR;2;2022-01-12;8765;29796;206334;863;8723;226177;2798;0;5;6013337;6332808;8012663;23459;5955038;8944283;30341;0;14
FR;2;2022-01-13;9387;31336;224504;831;9040;244850;3462;0;4;6022724;6364144;8237167;24290;5964078;9189133;33803;0;18
FR;2;2022-01-14;9740;35590;254548;920;9850;277654;3983;0;1;6032464;6399734;8491715;25210;5973928;9466787;37786;0;19
FR;2;2022-01-15;5361;19450;140783;363;5326;153644;1928;0;0;6037825;6419184;8632498;25573;5979254;9620431;39714;0;19
FR;2;2022-01-16;1512;5464;35891;81;1620;39822;424;0;0;6039337;6424648;8668389;25654;5980874;9660253;40138;0;19
FR;2;2022-01-17;5546;19269;135417;601;6604;147260;2264;0;2;6044883;6443917;8803806;26255;5987478;9807513;42402;0;21
FR;2;2022-01-18;6423;21482;148641;647;7524;160461;3312;0;0;6051306;6465399;8952447;26902;5995002;9967974;45714;0;21
FR;2;2022-01-19;4397;16318;105108;551;6214;113704;2409;0;1;6055703;6481717;9057555;27453;6001216;10081678;48123;0;22
FR;2;2022-01-20;4872;17577;115300;603;7071;123692;3111;0;2;6060575;6499294;9172855;28056;6008287;10205370;51234;0;24
FR;2;2022-01-21;5198;20039;137354;679;7171;147770;3453;0;1;6065773;6519333;9310209;28735;6015458;10353140;54687;0;25
FR;2;2022-01-22;3034;10948;74261;260;3956;80327;1428;0;0;6068807;6530281;9384470;28995;6019414;10433467;56115;0;25
FR;2;2022-01-23;724;2711;15242;41;1057;16827;238;0;0;6069531;6532992;9399712;29036;6020471;10450294;56353;0;25
FR;2;2022-01-24;3290;12804;75082;431;5845;81026;1994;0;2;6072821;6545796;9474794;29467;6026316;10531320;58347;0;27
FR;2;2022-01-25;3575;14407;79629;496;6649;85458;2879;0;4;6076396;6560203;9554423;29963;6032965;10616778;61226;0;31
FR;2;2022-01-26;2515;10705;58980;363;5330;63034;1957;0;1;6078911;6570908;9613403;30326;6038295;10679812;63183;0;32
FR;2;2022-01-27;2683;11379;64179;388;5736;67960;2460;0;1;6081594;6582287;9677582;30714;6044031;10747772;65643;0;33
FR;2;2022-01-28;3551;18271;91725;429;8615;98911;3401;0;1;6085145;6600558;9769307;31143;6052646;10846683;69044;0;34
FR;2;2022-01-29;1893;9239;48852;164;4169;52928;1375;0;1;6087038;6609797;9818159;31307;6056815;10899611;70419;0;35
FR;2;2022-01-30;464;2209;9455;38;1051;10585;203;0;0;6087502;6612006;9827614;31345;6057866;10910196;70622;0;35
FR;2;2022-01-31;1890;9560;43833;209;4716;47327;1887;0;2;6089392;6621566;9871447;31554;6062582;10957523;72509;0;37
FR;2;2022-02-01;1915;10025;47031;279;4802;50082;2709;0;0;6091307;6631591;9918478;31833;6067384;11007605;75218;0;37
FR;2;2022-02-02;1614;8982;41121;250;4195;44152;2190;0;1;6092921;6640573;9959599;32083;6071579;11051757;77408;0;38
FR;2;2022-02-03;1727;8938;40526;205;4373;42917;2643;0;2;6094648;6649511;10000125;32288;6075952;11094674;80051;0;40
FR;2;2022-02-04;2151;15179;66647;299;7386;71328;3671;0;1;6096799;6664690;10066772;32587;6083338;11166002;83722;0;41
FR;2;2022-02-05;1360;8522;35946;132;4215;39225;1370;0;0;6098159;6673212;10102718;32719;6087553;11205227;85092;0;41
FR;2;2022-02-06;275;1762;6127;16;840;6898;217;0;0;6098434;6674974;10108845;32735;6088393;11212125;85309;0;41
FR;2;2022-02-07;1352;9553;37758;134;4538;41292;1889;0;2;6099786;6684527;10146603;32869;6092931;11253417;87198;0;43
FR;2;2022-02-08;1299;9832;40955;173;4644;43749;2741;0;1;6101085;6694359;10187558;33042;6097575;11297166;89939;0;44
FR;2;2022-02-09;1160;8841;37040;174;3804;40465;1901;0;2;6102245;6703200;10224598;33216;6101379;11337631;91840;0;46
FR;2;2022-02-10;1029;7999;33837;204;3604;36510;2051;0;1;6103274;6711199;10258435;33420;6104983;11374141;93891;0;47
FR;2;2022-02-11;1391;12085;53347;223;5281;57700;2888;0;0;6104665;6723284;10311782;33643;6110264;11431841;96779;0;47
FR;2;2022-02-12;754;6535;27987;86;2793;30807;1112;0;2;6105419;6729819;10339769;33729;6113057;11462648;97891;0;49
FR;2;2022-02-13;200;1340;4836;20;562;5577;141;0;0;6105619;6731159;10344605;33749;6113619;11468225;98032;0;49
FR;2;2022-02-14;835;6731;30273;91;2598;33232;1398;0;1;6106454;6737890;10374878;33840;6116217;11501457;99430;0;50
FR;2;2022-02-15;774;6472;28050;140;2800;29991;1967;0;2;6107228;6744362;10402928;33980;6119017;11531448;101397;0;52
FR;2;2022-02-16;657;5361;22067;124;2526;23632;1569;0;3;6107885;6749723;10424995;34104;6121543;11555080;102966;0;55
FR;2;2022-02-17;518;3784;14152;98;2129;14617;1406;0;2;6108403;6753507;10439147;34202;6123672;11569697;104372;0;57
FR;2;2022-02-18;723;5368;20442;134;3039;21129;1895;0;0;6109126;6758875;10459589;34336;6126711;11590826;106267;0;57
FR;2;2022-02-19;430;3061;10532;66;1699;11246;753;0;2;6109556;6761936;10470121;34402;6128410;11602072;107020;0;59
FR;2;2022-02-20;102;518;1463;3;314;1611;100;0;0;6109658;6762454;10471584;34405;6128724;11603683;107120;0;59
FR;2;2022-02-21;422;2685;9122;65;1569;9499;930;0;0;6110080;6765139;10480706;34470;6130293;11613182;108050;0;59
FR;2;2022-02-22;392;2567;8894;77;1621;8797;1180;0;0;6110472;6767706;10489600;34547;6131914;11621979;109230;0;59
FR;2;2022-02-23;432;2604;8992;82;1522;9268;1022;0;0;6110904;6770310;10498592;34629;6133436;11631247;110252;0;59
FR;2;2022-02-24;314;2036;6802;82;1250;6830;870;0;0;6111218;6772346;10505394;34711;6134686;11638077;111122;0;59
FR;2;2022-02-25;457;3207;11419;107;1977;11283;1559;0;3;6111675;6775553;10516813;34818;6136663;11649360;112681;0;62
FR;2;2022-02-26;297;1892;6036;49;1161;6343;587;0;1;6111972;6777445;10522849;34867;6137824;11655703;113268;0;63
FR;2;2022-02-27;76;313;907;5;214;950;98;0;0;6112048;6777758;10523756;34872;6138038;11656653;113366;0;63
FR;2;2022-02-28;330;1688;5525;53;1087;5531;733;0;0;6112378;6779446;10529281;34925;6139125;11662184;114099;0;63
FR;2;2022-03-01;279;1569;5483;46;952;5200;964;0;2;6112657;6781015;10534764;34971;6140077;11667384;115063;0;65
FR;2;2022-03-02;298;1445;5248;45;877;5092;815;0;1;6112955;6782460;10540012;35016;6140954;11672476;115878;0;66
FR;2;2022-03-03;226;1112;3708;42;721;3485;668;0;1;6113181;6783572;10543720;35058;6141675;11675961;116546;0;67
FR;2;2022-03-04;243;1468;4859;74;982;4506;949;0;1;6113424;6785040;10548579;35132;6142657;11680467;117495;0;68
FR;2;2022-03-05;174;906;2979;34;612;2723;561;0;0;6113598;6785946;10551558;35166;6143269;11683190;118056;0;68
FR;2;2022-03-06;42;183;280;5;105;320;52;0;0;6113640;6786129;10551838;35171;6143374;11683510;118108;0;68
FR;2;2022-03-07;156;659;1987;70;491;1777;472;0;0;6113796;6786788;10553825;35241;6143865;11685287;118580;0;68
FR;2;2022-03-08;144;670;2273;53;461;1907;620;0;0;6113940;6787458;10556098;35294;6144326;11687194;119200;0;68
FR;2;2022-03-09;154;708;2348;37;473;2050;615;0;0;6114094;6788166;10558446;35331;6144799;11689244;119815;0;68
FR;2;2022-03-10;123;603;1695;35;445;1470;456;0;1;6114217;6788769;10560141;35366;6145244;11690714;120271;0;69
FR;2;2022-03-11;172;756;2769;57;504;2368;737;0;1;6114389;6789525;10562910;35423;6145748;11693082;121008;0;70
FR;2;2022-03-12;149;484;1787;27;331;1556;450;0;0;6114538;6790009;10564697;35450;6146079;11694638;121458;0;70
FR;2;2022-03-13;25;75;203;30;45;204;69;0;0;6114563;6790084;10564900;35480;6146124;11694842;121527;0;70
FR;2;2022-03-14;129;470;1572;529;333;1301;951;0;0;6114692;6790554;10566472;36009;6146457;11696143;122478;0;70
FR;2;2022-03-15;138;441;1713;691;333;1333;1186;0;1;6114830;6790995;10568185;36700;6146790;11697476;123664;0;71
FR;2;2022-03-16;142;476;2013;1616;331;1593;2160;0;2;6114972;6791471;10570198;38316;6147121;11699069;125824;0;73
FR;2;2022-03-17;94;413;1408;1192;273;1144;1576;0;0;6115066;6791884;10571606;39508;6147394;11700213;127400;0;73
FR;2;2022-03-18;147;496;2025;1795;335;1668;2313;0;1;6115213;6792380;10573631;41303;6147729;11701881;129713;0;74
FR;2;2022-03-19;108;321;1210;941;219;1015;1259;0;0;6115321;6792701;10574841;42244;6147948;11702896;130972;0;74
FR;2;2022-03-20;13;77;191;59;39;168;115;0;0;6115334;6792778;10575032;42303;6147987;11703064;131087;0;74
FR;2;2022-03-21;97;307;1218;1483;180;1081;1760;0;1;6115431;6793085;10576250;43786;6148167;11704145;132847;0;75
FR;2;2022-03-22;118;390;1530;1830;244;1291;2218;0;0;6115549;6793475;10577780;45616;6148411;11705436;135065;0;75
FR;2;2022-03-23;138;361;1675;3032;232;1470;3374;0;6;6115687;6793836;10579455;48648;6148643;11706906;138439;0;81
FR;2;2022-03-24;117;293;1183;1548;186;1001;1814;0;8;6115804;6794129;10580638;50196;6148829;11707907;140253;0;89
FR;2;2022-03-25;119;361;1806;2451;238;1476;2837;0;8;6115923;6794490;10582444;52647;6149067;11709383;143090;0;97
FR;2;2022-03-26;79;247;1204;1222;138;952;1531;0;5;6116002;6794737;10583648;53869;6149205;11710335;144621;0;102
FR;2;2022-03-27;19;36;154;100;19;133;144;0;0;6116021;6794773;10583802;53969;6149224;11710468;144765;0;102
FR;2;2022-03-28;94;288;1138;1602;187;995;1834;0;6;6116115;6795061;10584940;55571;6149411;11711463;146599;0;108
FR;2;2022-03-29;108;258;1325;2467;167;1105;2760;0;4;6116223;6795319;10586265;58038;6149578;11712568;149359;0;112
FR;2;2022-03-30;91;312;1489;3185;163;1320;3422;0;2;6116314;6795631;10587754;61223;6149741;11713888;152781;0;114
FR;2;2022-03-31;104;284;1276;2332;172;1091;2616;0;3;6116418;6795915;10589030;63555;6149913;11714979;155397;0;117
FR;2;2022-04-01;123;324;1567;2349;164;1322;2667;0;7;6116541;6796239;10590597;65904;6150077;11716301;158064;0;124
FR;2;2022-04-02;81;161;845;891;83;737;1052;0;1;6116622;6796400;10591442;66795;6150160;11717038;159116;0;125
FR;2;2022-04-03;16;53;128;113;27;142;133;0;1;6116638;6796453;10591570;66908;6150187;11717180;159249;0;126
FR;2;2022-04-04;113;239;989;1447;141;798;1693;0;5;6116751;6796692;10592559;68355;6150328;11717978;160942;0;131
FR;2;2022-04-05;143;298;1317;2914;158;1145;3143;0;17;6116894;6796990;10593876;71269;6150486;11719123;164085;0;148
FR;2;2022-04-06;89;260;1306;2522;128;1130;2686;0;10;6116983;6797250;10595182;73791;6150614;11720253;166771;0;158
FR;2;2022-04-07;120;229;1302;2682;140;1042;2957;0;8;6117103;6797479;10596484;76473;6150754;11721295;169728;0;166
FR;2;2022-04-08;126;343;1634;3351;179;1327;3641;0;12;6117229;6797822;10598118;79824;6150933;11722622;173369;0;178
FR;2;2022-04-09;90;219;900;1046;144;732;1288;0;4;6117319;6798041;10599018;80870;6151077;11723354;174657;0;182
FR;2;2022-04-10;37;48;143;162;45;119;200;0;1;6117356;6798089;10599161;81032;6151122;11723473;174857;0;183
FR;2;2022-04-11;88;195;891;1560;121;781;1718;0;6;6117444;6798284;10600052;82592;6151243;11724254;176575;0;189
FR;2;2022-04-12;176;273;1183;2770;175;1062;2903;0;8;6117620;6798557;10601235;85362;6151418;11725316;179478;0;197
FR;2;2022-04-13;147;230;1125;2477;110;988;2671;0;11;6117767;6798787;10602360;87839;6151528;11726304;182149;0;208
FR;2;2022-04-14;115;226;1085;2677;113;919;2911;0;18;6117882;6799013;10603445;90516;6151641;11727223;185060;0;226
FR;2;2022-04-15;114;258;1217;2293;128;1074;2533;0;7;6117996;6799271;10604662;92809;6151769;11728297;187593;0;233
FR;2;2022-04-16;67;108;548;549;68;459;675;0;9;6118063;6799379;10605210;93358;6151837;11728756;188268;0;242
FR;2;2022-04-17;15;27;57;53;16;53;71;0;0;6118078;6799406;10605267;93411;6151853;11728809;188339;0;242
FR;2;2022-04-18;12;35;121;70;18;116;95;0;0;6118090;6799441;10605388;93481;6151871;11728925;188434;0;242
FR;2;2022-04-19;112;237;1120;1731;149;951;1915;0;9;6118202;6799678;10606508;95212;6152020;11729876;190349;0;251
FR;2;2022-04-20;95;241;1110;2172;125;934;2366;0;14;6118297;6799919;10607618;97384;6152145;11730810;192715;0;265
FR;2;2022-04-21;111;233;983;1912;125;838;2141;0;10;6118408;6800152;10608601;99296;6152270;11731648;194856;0;275
FR;2;2022-04-22;100;276;1242;2093;141;1023;2431;0;11;6118508;6800428;10609843;101389;6152411;11732671;197287;0;286
FR;2;2022-04-23;67;156;645;762;107;574;862;0;8;6118575;6800584;10610488;102151;6152518;11733245;198149;0;294
FR;2;2022-04-24;12;30;101;68;12;79;100;0;0;6118587;6800614;10610589;102219;6152530;11733324;198249;0;294
FR;2;2022-04-25;103;204;821;1315;104;711;1513;0;15;6118690;6800818;10611410;103534;6152634;11734035;199762;0;309
FR;2;2022-04-26;108;184;1041;2018;118;878;2216;0;18;6118798;6801002;10612451;105552;6152752;11734913;201978;0;327
FR;2;2022-04-27;98;179;860;1783;120;764;1805;0;7;6118896;6801181;10613311;107335;6152872;11735677;203783;0;334
FR;2;2022-04-28;93;214;950;1931;128;843;2087;0;12;6118989;6801395;10614261;109266;6153000;11736520;205870;0;346
FR;2;2022-04-29;81;280;1131;1696;131;1040;1875;0;11;6119070;6801675;10615392;110962;6153131;11737560;207745;0;357
FR;2;2022-04-30;66;126;471;540;79;430;628;0;9;6119136;6801801;10615863;111502;6153210;11737990;208373;0;366
FR;2;2022-05-01;23;24;84;49;20;85;61;0;1;6119159;6801825;10615947;111551;6153230;11738075;208434;0;367
FR;2;2022-05-02;115;232;762;1216;141;660;1374;0;5;6119274;6802057;10616709;112767;6153371;11738735;209808;0;372
FR;2;2022-05-03;152;233;999;1780;156;938;1894;0;14;6119426;6802290;10617708;114547;6153527;11739673;211702;0;386
FR;2;2022-05-04;90;226;924;1810;116;867;1821;0;13;6119516;6802516;10618632;116357;6153643;11740540;213523;0;399
FR;2;2022-05-05;127;197;856;1731;146;772;1848;0;10;6119643;6802713;10619488;118088;6153789;11741312;215371;0;409
FR;2;2022-05-06;133;246;1100;1855;139;1016;2052;0;16;6119776;6802959;10620588;119943;6153928;11742328;217423;0;425
FR;2;2022-05-07;40;99;470;504;61;406;593;0;4;6119816;6803058;10621058;120447;6153989;11742734;218016;0;429
FR;2;2022-05-08;48;54;107;70;41;102;100;0;0;6119864;6803112;10621165;120517;6154030;11742836;218116;0;429
FR;2;2022-05-09;101;174;654;986;103;604;1130;0;9;6119965;6803286;10621819;121503;6154133;11743440;219246;0;438
FR;2;2022-05-10;121;252;938;1840;155;893;1964;0;23;6120086;6803538;10622757;123343;6154288;11744333;221210;0;461
FR;2;2022-05-11;103;179;813;1873;117;792;1862;0;8;6120189;6803717;10623570;125216;6154405;11745125;223072;0;469
FR;2;2022-05-12;111;173;845;2096;115;803;2213;0;21;6120300;6803890;10624415;127312;6154520;11745928;225285;0;490
FR;2;2022-05-13;100;235;969;2096;121;900;2272;0;13;6120400;6804125;10625384;129408;6154641;11746828;227557;0;503
FR;2;2022-05-14;76;124;451;553;93;411;632;0;6;6120476;6804249;10625835;129961;6154734;11747239;228189;0;509
FR;2;2022-05-15;24;39;94;88;20;108;95;0;1;6120500;6804288;10625929;130049;6154754;11747347;228284;0;510
FR;2;2022-05-16;102;170;601;925;115;537;1037;0;11;6120602;6804458;10626530;130974;6154869;11747884;229321;0;521
FR;2;2022-05-17;95;184;690;1685;119;658;1737;0;8;6120697;6804642;10627220;132659;6154988;11748542;231058;0;529
FR;2;2022-05-18;80;181;642;1431;97;647;1486;0;10;6120777;6804823;10627862;134090;6155085;11749189;232544;0;539
FR;2;2022-05-19;73;161;708;1831;81;751;1816;0;12;6120850;6804984;10628570;135921;6155166;11749940;234360;0;551
FR;2;2022-05-20;107;180;874;1701;110;779;1849;0;17;6120957;6805164;10629444;137622;6155276;11750719;236209;0;568
FR;2;2022-05-21;48;96;398;517;71;339;581;0;8;6121005;6805260;10629842;138139;6155347;11751058;236790;0;576
FR;2;2022-05-22;8;23;69;37;18;57;56;0;0;6121013;6805283;10629911;138176;6155365;11751115;236846;0;576
FR;2;2022-05-23;86;133;498;931;100;469;967;0;7;6121099;6805416;10630409;139107;6155465;11751584;237813;0;583
FR;2;2022-05-24;87;164;627;1626;103;615;1680;0;17;6121186;6805580;10631036;140733;6155568;11752199;239493;0;600
FR;2;2022-05-25;72;145;539;1148;90;493;1259;0;5;6121258;6805725;10631575;141881;6155658;11752692;240752;0;605
FR;2;2022-05-26;11;31;77;45;13;85;56;0;1;6121269;6805756;10631652;141926;6155671;11752777;240808;0;606
FR;2;2022-05-27;44;124;456;818;68;438;893;0;9;6121313;6805880;10632108;142744;6155739;11753215;241701;0;615
FR;2;2022-05-28;28;60;221;244;29;221;266;0;1;6121341;6805940;10632329;142988;6155768;11753436;241967;0;616
FR;2;2022-05-29;13;34;43;25;22;51;28;0;0;6121354;6805974;10632372;143013;6155790;11753487;241995;0;616
FR;2;2022-05-30;65;109;424;755;60;409;806;0;6;6121419;6806083;10632796;143768;6155850;11753896;242801;0;622
FR;2;2022-05-31;76;135;564;1277;92;511;1303;0;12;6121495;6806218;10633360;145045;6155942;11754407;244104;0;634
FR;2;2022-06-01;59;158;562;1075;84;541;1170;0;6;6121554;6806376;10633922;146120;6156026;11754948;245274;0;640
FR;2;2022-06-02;92;178;625;1413;109;592;1519;0;12;6121646;6806554;10634547;147533;6156135;11755540;246793;0;652
FR;2;2022-06-03;71;155;668;1604;94;594;1693;0;19;6121717;6806709;10635215;149137;6156229;11756134;248486;0;671
FR;2;2022-06-04;69;93;283;433;66;269;475;0;11;6121786;6806802;10635498;149570;6156295;11756403;248961;0;682
FR;2;2022-06-05;12;17;63;57;16;47;74;0;1;6121798;6806819;10635561;149627;6156311;11756450;249035;0;683
FR;2;2022-06-06;11;39;92;75;28;92;80;0;3;6121809;6806858;10635653;149702;6156339;11756542;249115;0;686
FR;2;2022-06-07;99;222;667;1535;155;577;1661;0;10;6121908;6807080;10636320;151237;6156494;11757119;250776;0;696
FR;2;2022-06-08;70;118;475;1166;76;411;1261;0;5;6121978;6807198;10636795;152403;6156570;11757530;252037;0;701
FR;2;2022-06-09;93;166;613;1922;107;571;1927;0;18;6122071;6807364;10637408;154325;6156677;11758101;253964;0;719
FR;2;2022-06-10;91;167;650;1683;107;621;1774;0;23;6122162;6807531;10638058;156008;6156784;11758722;255738;0;742
FR;2;2022-06-11;44;84;287;529;41;258;583;0;5;6122206;6807615;10638345;156537;6156825;11758980;256321;0;747
FR;2;2022-06-12;18;38;58;78;27;60;78;0;0;6122224;6807653;10638403;156615;6156852;11759040;256399;0;747
FR;2;2022-06-13;39;119;395;953;63;378;1021;0;6;6122263;6807772;10638798;157568;6156915;11759418;257420;0;753
FR;2;2022-06-14;68;157;599;2087;101;537;2188;0;14;6122331;6807929;10639397;159655;6157016;11759955;259608;0;767
FR;2;2022-06-15;78;104;520;1503;84;444;1638;0;10;6122409;6808033;10639917;161158;6157100;11760399;261246;0;777
FR;2;2022-06-16;127;127;496;1411;122;423;1526;0;12;6122536;6808160;10640413;162569;6157222;11760822;262772;0;789
FR;2;2022-06-17;73;137;588;1817;87;515;1921;0;16;6122609;6808297;10641001;164386;6157309;11761337;264693;0;805
FR;2;2022-06-18;76;93;224;578;81;196;629;0;4;6122685;6808390;10641225;164964;6157390;11761533;265322;0;809
FR;2;2022-06-19;11;17;53;71;7;41;90;0;2;6122696;6808407;10641278;165035;6157397;11761574;265412;0;811
FR;2;2022-06-20;62;125;401;1027;71;392;1104;0;10;6122758;6808532;10641679;166062;6157468;11761966;266516;0;821
FR;2;2022-06-21;107;115;525;2125;104;454;2162;0;22;6122865;6808647;10642204;168187;6157572;11762420;268678;0;843
FR;2;2022-06-22;39;110;462;1889;57;415;1971;0;25;6122904;6808757;10642666;170076;6157629;11762835;270649;0;868
FR;2;2022-06-23;58;108;537;2282;67;452;2400;0;30;6122962;6808865;10643203;172358;6157696;11763287;273049;0;898
FR;2;2022-06-24;66;122;709;3198;67;571;3338;0;38;6123028;6808987;10643912;175556;6157763;11763858;276387;0;936
FR;2;2022-06-25;30;90;298;987;55;254;1040;0;13;6123058;6809077;10644210;176543;6157818;11764112;277427;0;949
FR;2;2022-06-26;30;27;131;194;29;97;236;0;5;6123088;6809104;10644341;176737;6157847;11764209;277663;0;954
FR;2;2022-06-27;79;137;582;2489;94;483;2622;0;39;6123167;6809241;10644923;179226;6157941;11764692;280285;0;993
FR;2;2022-06-28;108;140;812;4817;80;650;4894;0;54;6123275;6809381;10645735;184043;6158021;11765342;285179;0;1047
FR;2;2022-06-29;73;150;776;4433;80;637;4529;0;56;6123348;6809531;10646511;188476;6158101;11765979;289708;0;1103
FR;2;2022-06-30;72;133;832;5177;71;618;5397;0;79;6123420;6809664;10647343;193653;6158172;11766597;295105;0;1182
FR;2;2022-07-01;113;161;1150;6691;95;851;6943;0;92;6123533;6809825;10648493;200344;6158267;11767448;302048;0;1274
FR;2;2022-07-02;69;132;474;1976;82;392;2067;0;27;6123602;6809957;10648967;202320;6158349;11767840;304115;0;1301
FR;2;2022-07-03;23;30;146;334;21;130;357;0;8;6123625;6809987;10649113;202654;6158370;11767970;304472;0;1309
FR;2;2022-07-04;120;183;775;3785;111;612;3972;0;49;6123745;6810170;10649888;206439;6158481;11768582;308444;0;1358
FR;2;2022-07-05;119;187;1121;6818;120;828;6999;0;85;6123864;6810357;10651009;213257;6158601;11769410;315443;0;1443
FR;2;2022-07-06;92;150;951;5807;93;697;5933;0;84;6123956;6810507;10651960;219064;6158694;11770107;321376;0;1527
FR;2;2022-07-07;81;185;1020;6501;115;751;6732;0;101;6124037;6810692;10652980;225565;6158809;11770858;328108;0;1628
FR;2;2022-07-08;65;122;1095;7044;51;758;7235;0;123;6124102;6810814;10654075;232609;6158860;11771616;335343;0;1751
FR;2;2022-07-09;34;62;418;1869;31;299;1920;0;33;6124136;6810876;10654493;234478;6158891;11771915;337263;0;1784
FR;2;2022-07-10;6;17;96;315;8;82;327;0;5;6124142;6810893;10654589;234793;6158899;11771997;337590;0;1789
FR;2;2022-07-11;68;120;683;3825;75;540;3901;0;67;6124210;6811013;10655272;238618;6158974;11772537;341491;0;1856
FR;2;2022-07-12;102;180;1054;6517;107;809;6725;0;119;6124312;6811193;10656326;245135;6159081;11773346;348216;0;1975
FR;2;2022-07-13;64;127;879;4664;75;591;4830;0;78;6124376;6811320;10657205;249799;6159156;11773937;353046;0;2053
FR;2;2022-07-14;6;13;88;248;8;59;267;0;8;6124382;6811333;10657293;250047;6159164;11773996;353313;0;2061
FR;2;2022-07-15;61;129;739;3793;53;560;3959;0;75;6124443;6811462;10658032;253840;6159217;11774556;357272;0;2136
FR;2;2022-07-16;27;54;289;1029;30;242;1075;0;25;6124470;6811516;10658321;254869;6159247;11774798;358347;0;2161
FR;2;2022-07-17;5;12;77;201;6;66;207;0;6;6124475;6811528;10658398;255070;6159253;11774864;358554;0;2167
FR;2;2022-07-18;57;103;514;2509;61;384;2648;0;59;6124532;6811631;10658912;257579;6159314;11775248;361202;0;2226
FR;2;2022-07-19;66;133;770;4254;72;555;4443;0;72;6124598;6811764;10659682;261833;6159386;11775803;365645;0;2298
FR;2;2022-07-20;59;117;582;3179;68;430;3278;0;87;6124657;6811881;10660264;265012;6159454;11776233;368923;0;2385
FR;2;2022-07-21;60;110;671;3680;73;485;3797;0;105;6124717;6811991;10660935;268692;6159527;11776718;372720;0;2490
FR;2;2022-07-22;51;99;698;3548;48;506;3697;0;80;6124768;6812090;10661633;272240;6159575;11777224;376417;0;2570
FR;2;2022-07-23;39;97;290;1173;52;229;1226;0;37;6124807;6812187;10661923;273413;6159627;11777453;377643;0;2607
FR;2;2022-07-24;14;24;68;201;19;67;203;0;7;6124821;6812211;10661991;273614;6159646;11777520;377846;0;2614
FR;2;2022-07-25;50;71;405;1938;60;300;2000;0;56;6124871;6812282;10662396;275552;6159706;11777820;379846;0;2670
FR;2;2022-07-26;57;133;606;3423;66;477;3496;0;113;6124928;6812415;10663002;278975;6159772;11778297;383342;0;2783
FR;2;2022-07-27;42;81;457;2782;50;361;2801;0;89;6124970;6812496;10663459;281757;6159822;11778658;386143;0;2872
FR;2;2022-07-28;29;75;450;2485;36;357;2489;0;78;6124999;6812571;10663909;284242;6159858;11779015;388632;0;2950
FR;2;2022-07-29;68;88;535;2857;63;347;2978;0;72;6125067;6812659;10664444;287099;6159921;11779362;391610;0;3022
FR;2;2022-07-30;22;39;162;775;32;110;794;0;24;6125089;6812698;10664606;287874;6159953;11779472;392404;0;3046
FR;2;2022-07-31;6;13;27;104;12;21;110;0;2;6125095;6812711;10664633;287978;6159965;11779493;392514;0;3048
FR;2;2022-08-01;38;105;323;1261;73;260;1343;0;29;6125133;6812816;10664956;289239;6160038;11779753;393857;0;3077
FR;2;2022-08-02;49;75;325;2060;50;247;2096;0;78;6125182;6812891;10665281;291299;6160088;11780000;395953;0;3155
FR;2;2022-08-03;29;53;259;1611;25;187;1617;0;57;6125211;6812944;10665540;292910;6160113;11780187;397570;0;3212
FR;2;2022-08-04;40;65;306;1692;39;240;1701;0;66;6125251;6813009;10665846;294602;6160152;11780427;399271;0;3278
FR;2;2022-08-05;33;94;328;1880;67;236;1911;0;60;6125284;6813103;10666174;296482;6160219;11780663;401182;0;3338
FR;2;2022-08-06;22;41;106;365;29;82;372;0;10;6125306;6813144;10666280;296847;6160248;11780745;401554;0;3348
FR;2;2022-08-07;7;8;15;69;5;16;71;0;3;6125313;6813152;10666295;296916;6160253;11780761;401625;0;3351
FR;2;2022-08-08;19;35;218;877;22;146;915;0;33;6125332;6813187;10666513;297793;6160275;11780907;402540;0;3384
FR;2;2022-08-09;29;51;279;1475;40;238;1471;0;50;6125361;6813238;10666792;299268;6160315;11781145;404011;0;3434
FR;2;2022-08-10;15;21;213;1133;18;150;1154;0;46;6125376;6813259;10667005;300401;6160333;11781295;405165;0;3480
FR;2;2022-08-11;21;41;174;1039;26;117;1048;0;40;6125397;6813300;10667179;301440;6160359;11781412;406213;0;3520
FR;2;2022-08-12;36;49;184;1046;37;140;1069;0;35;6125433;6813349;10667363;302486;6160396;11781552;407282;0;3555
FR;2;2022-08-13;9;19;47;149;15;53;137;0;5;6125442;6813368;10667410;302635;6160411;11781605;407419;0;3560
FR;2;2022-08-14;1;2;12;52;1;11;54;0;1;6125443;6813370;10667422;302687;6160412;11781616;407473;0;3561
FR;2;2022-08-15;0;5;32;22;2;21;21;0;3;6125443;6813375;10667454;302709;6160414;11781637;407494;0;3564
FR;2;2022-08-16;27;32;144;681;33;120;678;0;33;6125470;6813407;10667598;303390;6160447;11781757;408172;0;3597
FR;2;2022-08-17;17;26;109;738;18;88;744;0;34;6125487;6813433;10667707;304128;6160465;11781845;408916;0;3631
FR;2;2022-08-18;14;28;160;836;12;107;852;0;42;6125501;6813461;10667867;304964;6160477;11781952;409768;0;3673
FR;2;2022-08-19;8;38;118;706;31;88;706;0;33;6125509;6813499;10667985;305670;6160508;11782040;410474;0;3706
FR;2;2022-08-20;6;26;61;197;16;52;201;0;8;6125515;6813525;10668046;305867;6160524;11782092;410675;0;3714
FR;2;2022-08-21;4;14;15;19;6;13;31;0;0;6125519;6813539;10668061;305886;6160530;11782105;410706;0;3714
FR;2;2022-08-22;11;25;116;395;17;73;451;0;13;6125530;6813564;10668177;306281;6160547;11782178;411157;0;3727
FR;2;2022-08-23;11;41;134;671;22;112;679;0;38;6125541;6813605;10668311;306952;6160569;11782290;411836;0;3765
FR;2;2022-08-24;11;28;87;466;21;80;472;0;18;6125552;6813633;10668398;307418;6160590;11782370;412308;0;3783
FR;2;2022-08-25;8;32;109;481;16;69;516;0;17;6125560;6813665;10668507;307899;6160606;11782439;412824;0;3800
FR;2;2022-08-26;15;46;117;720;36;91;713;0;32;6125575;6813711;10668624;308619;6160642;11782530;413537;0;3832
FR;2;2022-08-27;10;19;47;156;16;42;164;0;2;6125585;6813730;10668671;308775;6160658;11782572;413701;0;3834
FR;2;2022-08-28;1;5;5;15;1;7;16;0;1;6125586;6813735;10668676;308790;6160659;11782579;413717;0;3835
FR;2;2022-08-29;24;43;93;400;29;87;396;0;24;6125610;6813778;10668769;309190;6160688;11782666;414113;0;3859
FR;2;2022-08-30;31;54;154;791;34;119;798;0;29;6125641;6813832;10668923;309981;6160722;11782785;414911;0;3888
FR;2;2022-08-31;19;35;85;392;22;79;393;0;25;6125660;6813867;10669008;310373;6160744;11782864;415304;0;3913
FR;2;2022-09-01;19;42;139;600;24;122;609;0;36;6125679;6813909;10669147;310973;6160768;11782986;415913;0;3949
FR;2;2022-09-02;34;56;146;744;34;158;748;0;32;6125713;6813965;10669293;311717;6160802;11783144;416661;0;3981
FR;2;2022-09-03;17;20;83;205;11;67;213;0;7;6125730;6813985;10669376;311922;6160813;11783211;416874;0;3988
FR;2;2022-09-04;8;5;9;31;2;10;30;0;3;6125738;6813990;10669385;311953;6160815;11783221;416904;0;3991
FR;2;2022-09-05;29;29;125;367;23;96;396;0;24;6125767;6814019;10669510;312320;6160838;11783317;417300;0;4015
FR;2;2022-09-06;43;62;158;761;42;153;767;0;36;6125810;6814081;10669668;313081;6160880;11783470;418067;0;4051
FR;2;2022-09-07;21;20;74;375;16;49;387;0;22;6125831;6814101;10669742;313456;6160896;11783519;418454;0;4073
FR;2;2022-09-08;31;57;109;636;40;100;646;0;22;6125862;6814158;10669851;314092;6160936;11783619;419100;0;4095
FR;2;2022-09-09;18;24;126;752;21;74;745;0;46;6125880;6814182;10669977;314844;6160957;11783693;419845;0;4141
FR;2;2022-09-10;14;24;57;117;16;48;131;0;4;6125894;6814206;10670034;314961;6160973;11783741;419976;0;4145
FR;2;2022-09-11;11;5;11;11;2;13;13;0;0;6125905;6814211;10670045;314972;6160975;11783754;419989;0;4145
FR;2;2022-09-12;20;30;69;340;25;55;352;0;16;6125925;6814241;10670114;315312;6161000;11783809;420341;0;4161
FR;2;2022-09-13;15;34;125;670;13;99;674;0;40;6125940;6814275;10670239;315982;6161013;11783908;421015;0;4201
FR;2;2022-09-14;19;21;81;480;19;59;478;0;36;6125959;6814296;10670320;316462;6161032;11783967;421493;0;4237
FR;2;2022-09-15;22;43;126;486;25;102;493;0;47;6125981;6814339;10670446;316948;6161057;11784069;421986;0;4284
FR;2;2022-09-16;21;31;124;563;17;89;585;0;39;6126002;6814370;10670570;317511;6161074;11784158;422571;0;4323
FR;2;2022-09-17;6;20;56;160;15;52;147;0;13;6126008;6814390;10670626;317671;6161089;11784210;422718;0;4336
FR;2;2022-09-18;4;7;13;37;6;10;37;0;3;6126012;6814397;10670639;317708;6161095;11784220;422755;0;4339
FR;2;2022-09-19;26;24;114;353;16;87;381;0;22;6126038;6814421;10670753;318061;6161111;11784307;423136;0;4361
FR;2;2022-09-20;27;27;117;624;21;84;639;0;38;6126065;6814448;10670870;318685;6161132;11784391;423775;0;4399
FR;2;2022-09-21;15;30;100;393;15;78;418;0;22;6126080;6814478;10670970;319078;6161147;11784469;424193;0;4421
FR;2;2022-09-22;16;39;124;581;18;95;619;0;28;6126096;6814517;10671094;319659;6161165;11784564;424812;0;4449
FR;2;2022-09-23;21;38;135;555;22;111;570;0;39;6126117;6814555;10671229;320214;6161187;11784675;425382;0;4488
FR;2;2022-09-24;10;8;51;190;6;36;201;0;6;6126127;6814563;10671280;320404;6161193;11784711;425583;0;4494
FR;2;2022-09-25;9;11;14;29;11;11;33;0;5;6126136;6814574;10671294;320433;6161204;11784722;425616;0;4499
FR;2;2022-09-26;22;41;106;447;27;79;458;0;20;6126158;6814615;10671400;320880;6161231;11784801;426074;0;4519
FR;2;2022-09-27;30;46;161;906;35;108;861;0;52;6126188;6814661;10671561;321786;6161266;11784909;426935;0;4571
FR;2;2022-09-28;15;31;93;421;18;74;439;0;23;6126203;6814692;10671654;322207;6161284;11784983;427374;0;4594
FR;2;2022-09-29;26;48;114;618;23;110;630;0;33;6126229;6814740;10671768;322825;6161307;11785093;428004;0;4627
FR;2;2022-09-30;25;44;111;520;44;84;533;0;31;6126254;6814784;10671879;323345;6161351;11785177;428537;0;4658
FR;2;2022-10-01;11;20;51;128;20;36;129;0;8;6126265;6814804;10671930;323473;6161371;11785213;428666;0;4666
FR;2;2022-10-02;0;5;8;21;4;5;25;0;2;6126265;6814809;10671938;323494;6161375;11785218;428691;0;4668
FR;2;2022-10-03;22;30;83;291;26;66;306;0;22;6126287;6814839;10672021;323785;6161401;11785284;428997;0;4690
FR;2;2022-10-04;17;21;106;602;19;71;621;0;46;6126304;6814860;10672127;324387;6161420;11785355;429618;0;4736
FR;2;2022-10-05;20;29;75;491;24;67;488;0;54;6126324;6814889;10672202;324878;6161444;11785422;430106;0;4790
FR;2;2022-10-06;30;23;74;442;17;71;428;0;65;6126354;6814912;10672276;325320;6161461;11785493;430534;0;4855
FR;2;2022-10-07;21;30;86;499;26;66;503;0;42;6126375;6814942;10672362;325819;6161487;11785559;431037;0;4897
FR;2;2022-10-08;12;8;23;114;3;24;108;0;12;6126387;6814950;10672385;325933;6161490;11785583;431145;0;4909
FR;2;2022-10-09;1;8;15;17;6;11;22;0;5;6126388;6814958;10672400;325950;6161496;11785594;431167;0;4914
FR;2;2022-10-10;18;24;47;223;22;49;218;0;21;6126406;6814982;10672447;326173;6161518;11785643;431385;0;4935
FR;2;2022-10-11;16;15;47;253;11;39;240;0;52;6126422;6814997;10672494;326426;6161529;11785682;431625;0;4987
FR;2;2022-10-12;8;17;52;290;13;36;305;0;56;6126430;6815014;10672546;326716;6161542;11785718;431930;0;5043
FR;2;2022-10-13;11;14;48;271;9;48;262;0;25;6126441;6815028;10672594;326987;6161551;11785766;432192;0;5068
FR;2;2022-10-14;12;28;36;229;17;39;230;0;29;6126453;6815056;10672630;327216;6161568;11785805;432422;0;5097
FR;2;2022-10-15;4;10;22;111;4;17;113;0;15;6126457;6815066;10672652;327327;6161572;11785822;432535;0;5112
FR;2;2022-10-16;0;5;4;10;5;6;8;0;0;6126457;6815071;10672656;327337;6161577;11785828;432543;0;5112
FR;2;2022-10-17;15;17;31;122;16;26;132;0;29;6126472;6815088;10672687;327459;6161593;11785854;432675;0;5141
FR;2;2022-10-18;13;11;68;181;5;34;217;0;41;6126485;6815099;10672755;327640;6161598;11785888;432892;0;5182
FR;2;2022-10-19;8;17;36;182;12;30;184;0;42;6126493;6815116;10672791;327822;6161610;11785918;433076;0;5224
FR;2;2022-10-20;11;29;41;200;15;40;196;0;52;6126504;6815145;10672832;328022;6161625;11785958;433272;0;5276
FR;2;2022-10-21;5;15;60;232;6;53;222;0;30;6126509;6815160;10672892;328254;6161631;11786011;433494;0;5306
FR;2;2022-10-22;8;7;25;101;2;23;102;0;20;6126517;6815167;10672917;328355;6161633;11786034;433596;0;5326
FR;2;2022-10-23;0;3;1;5;3;0;6;0;2;6126517;6815170;10672918;328360;6161636;11786034;433602;0;5328
FR;2;2022-10-24;12;12;16;109;12;16;112;0;20;6126529;6815182;10672934;328469;6161648;11786050;433714;0;5348
FR;2;2022-10-25;12;7;23;138;6;15;145;0;51;6126541;6815189;10672957;328607;6161654;11786065;433859;0;5399
FR;2;2022-10-26;4;3;16;90;2;11;95;0;27;6126545;6815192;10672973;328697;6161656;11786076;433954;0;5426
FR;2;2022-10-27;7;9;18;86;9;20;69;0;26;6126552;6815201;10672991;328783;6161665;11786096;434023;0;5452
FR;2;2022-10-28;5;3;15;91;3;7;92;0;27;6126557;6815204;10673006;328874;6161668;11786103;434115;0;5479
FR;2;2022-10-29;7;8;18;33;6;14;37;0;8;6126564;6815212;10673024;328907;6161674;11786117;434152;0;5487
FR;2;2022-10-30;3;7;5;8;5;2;5;0;1;6126567;6815219;10673029;328915;6161679;11786119;434157;0;5488
FR;2;2022-10-31;2;8;6;49;6;10;48;0;11;6126569;6815227;10673035;328964;6161685;11786129;434205;0;5499
FR;2;2022-11-01;0;0;7;1;0;5;3;0;0;6126569;6815227;10673042;328965;6161685;11786134;434208;0;5499
FR;2;2022-11-02;6;5;12;44;5;12;45;0;11;6126575;6815232;10673054;329009;6161690;11786146;434253;0;5510
FR;2;2022-11-03;6;7;15;77;6;10;74;0;18;6126581;6815239;10673069;329086;6161696;11786156;434327;0;5528
FR;2;2022-11-04;7;12;14;85;10;14;92;0;10;6126588;6815251;10673083;329171;6161706;11786170;434419;0;5538
FR;2;2022-11-05;0;11;12;38;6;16;35;0;6;6126588;6815262;10673095;329209;6161712;11786186;434454;0;5544
FR;2;2022-11-06;0;1;2;1;0;3;0;0;2;6126588;6815263;10673097;329210;6161712;11786189;434454;0;5546
FR;2;2022-11-07;11;7;14;66;5;13;65;0;20;6126599;6815270;10673111;329276;6161717;11786202;434519;0;5566
FR;2;2022-11-08;10;6;18;58;4;14;65;0;27;6126609;6815276;10673129;329334;6161721;11786216;434584;0;5593
FR;2;2022-11-09;4;5;17;56;2;17;50;0;28;6126613;6815281;10673146;329390;6161723;11786233;434634;0;5621
FR;2;2022-11-10;7;10;17;74;7;14;76;0;14;6126620;6815291;10673163;329464;6161730;11786247;434710;0;5635
FR;2;2022-11-11;0;3;7;3;0;8;4;0;0;6126620;6815294;10673170;329467;6161730;11786255;434714;0;5635
FR;2;2022-11-12;2;5;7;19;4;7;19;0;4;6126622;6815299;10673177;329486;6161734;11786262;434733;0;5639
FR;2;2022-11-13;3;2;3;2;1;4;1;0;0;6126625;6815301;10673180;329488;6161735;11786266;434734;0;5639
FR;2;2022-11-14;4;6;11;29;3;8;33;0;7;6126629;6815307;10673191;329517;6161738;11786274;434767;0;5646
FR;2;2022-11-15;6;12;14;35;13;17;32;0;7;6126635;6815319;10673205;329552;6161751;11786291;434799;0;5653
FR;2;2022-11-16;4;3;4;45;3;4;46;0;18;6126639;6815322;10673209;329597;6161754;11786295;434845;0;5671
FR;2;2022-11-17;2;6;11;53;5;8;52;0;22;6126641;6815328;10673220;329650;6161759;11786303;434897;0;5693
FR;2;2022-11-18;3;4;7;41;4;6;44;0;10;6126644;6815332;10673227;329691;6161763;11786309;434941;0;5703
FR;2;2022-11-19;3;2;2;25;2;3;18;0;5;6126647;6815334;10673229;329716;6161765;11786312;434959;0;5708
FR;2;2022-11-20;0;2;6;8;2;6;10;0;25;6126647;6815336;10673235;329724;6161767;11786318;434969;0;5733
FR;2;2022-11-21;6;10;9;31;7;8;34;0;22;6126653;6815346;10673244;329755;6161774;11786326;435003;0;5755
FR;2;2022-11-22;8;8;20;65;6;21;70;0;71;6126661;6815354;10673264;329820;6161780;11786347;435073;0;5826
FR;2;2022-11-23;7;6;8;67;3;5;72;0;8;6126668;6815360;10673272;329887;6161783;11786352;435145;0;5834
FR;2;2022-11-24;2;2;11;50;2;7;57;0;10;6126670;6815362;10673283;329937;6161785;11786359;435202;0;5844
FR;2;2022-11-25;11;8;11;25;11;13;26;0;8;6126681;6815370;10673294;329962;6161796;11786372;435228;0;5852
FR;2;2022-11-26;1;5;4;8;4;7;6;0;0;6126682;6815375;10673298;329970;6161800;11786379;435234;0;5852
FR;2;2022-11-27;2;2;12;2;0;11;4;0;1;6126684;6815377;10673310;329972;6161800;11786390;435238;0;5853
FR;2;2022-11-28;0;2;7;35;1;5;37;0;5;6126684;6815379;10673317;330007;6161801;11786395;435275;0;5858
FR;2;2022-11-29;1;1;9;24;0;3;30;0;8;6126685;6815380;10673326;330031;6161801;11786398;435305;0;5866
FR;2;2022-11-30;2;1;9;47;0;10;44;0;21;6126687;6815381;10673335;330078;6161801;11786408;435349;0;5887
FR;2;2022-12-01;2;7;4;58;4;12;50;0;23;6126689;6815388;10673339;330136;6161805;11786420;435399;0;5910
FR;2;2022-12-02;1;1;10;52;1;8;52;0;27;6126690;6815389;10673349;330188;6161806;11786428;435451;0;5937
FR;2;2022-12-03;1;3;5;19;1;5;18;0;10;6126691;6815392;10673354;330207;6161807;11786433;435469;0;5947
FR;2;2022-12-04;0;0;0;4;0;0;4;0;0;6126691;6815392;10673354;330211;6161807;11786433;435473;0;5947
FR;2;2022-12-05;3;1;4;49;4;1;42;0;16;6126694;6815393;10673358;330260;6161811;11786434;435515;0;5963
FR;2;2022-12-06;3;4;11;41;3;6;41;0;17;6126697;6815397;10673369;330301;6161814;11786440;435556;0;5980
FR;2;2022-12-07;1;3;8;42;2;6;44;0;11;6126698;6815400;10673377;330343;6161816;11786446;435600;0;5991
FR;2;2022-12-08;0;2;10;44;0;5;49;0;16;6126698;6815402;10673387;330387;6161816;11786451;435649;0;6007
FR;2;2022-12-09;0;1;10;52;0;7;56;0;16;6126698;6815403;10673397;330439;6161816;11786458;435705;0;6023
FR;2;2022-12-10;0;0;8;48;0;0;48;0;8;6126698;6815403;10673405;330487;6161816;11786458;435753;0;6031
FR;2;2022-12-11;0;0;2;2;0;2;1;0;3;6126698;6815403;10673407;330489;6161816;11786460;435754;0;6034
FR;2;2022-12-12;0;0;4;36;0;4;35;0;10;6126698;6815403;10673411;330525;6161816;11786464;435789;0;6044
FR;2;2022-12-13;0;2;1;37;1;1;36;0;14;6126698;6815405;10673412;330562;6161817;11786465;435825;0;6058
FR;2;2022-12-14;0;2;6;25;2;2;30;0;13;6126698;6815407;10673418;330587;6161819;11786467;435855;0;6071
FR;2;2022-12-15;0;2;6;42;2;3;43;0;17;6126698;6815409;10673424;330629;6161821;11786470;435898;0;6088
FR;2;2022-12-16;2;4;13;55;3;9;59;0;15;6126700;6815413;10673437;330684;6161824;11786479;435957;0;6103
FR;2;2022-12-17;1;2;6;44;2;1;39;0;5;6126701;6815415;10673443;330728;6161826;11786480;435996;0;6108
FR;2;2022-12-18;1;0;0;0;0;0;0;0;1;6126702;6815415;10673443;330728;6161826;11786480;435996;0;6109
FR;2;2022-12-19;5;1;1;27;0;2;21;0;23;6126707;6815416;10673444;330755;6161826;11786482;436017;0;6132
FR;2;2022-12-20;0;1;2;35;0;2;36;0;24;6126707;6815417;10673446;330790;6161826;11786484;436053;0;6156
FR;2;2022-12-21;0;0;1;13;0;1;13;0;8;6126707;6815417;10673447;330803;6161826;11786485;436066;0;6164
FR;3;2020-12-27;0;0;0;0;0;0;0;0;0;0;0;0;0;0;0;0;0;0
FR;3;2020-12-28;0;0;0;0;0;0;0;0;0;0;0;0;0;0;0;0;0;0
FR;3;2020-12-29;0;0;0;0;0;0;0;0;0;0;0;0;0;0;0;0;0;0
FR;3;2020-12-30;0;0;0;0;0;0;0;0;0;0;0;0;0;0;0;0;0;0
FR;3;2020-12-31;0;0;0;0;0;0;0;0;0;0;0;0;0;0;0;0;0;0
FR;3;2021-01-01;0;0;0;0;0;0;0;0;0;0;0;0;0;0;0;0;0;0
FR;3;2021-01-02;0;0;0;0;0;0;0;0;0;0;0;0;0;0;0;0;0;0
FR;3;2021-01-03;0;0;0;0;0;0;0;0;0;0;0;0;0;0;0;0;0;0
FR;3;2021-01-04;0;0;0;0;0;0;0;0;0;0;0;0;0;0;0;0;0;0
FR;3;2021-01-05;0;0;0;0;0;0;0;0;0;0;0;0;0;0;0;0;0;0
FR;3;2021-01-06;0;0;0;0;0;0;0;0;0;0;0;0;0;0;0;0;0;0
FR;3;2021-01-07;0;0;0;0;0;0;0;0;0;0;0;0;0;0;0;0;0;0
FR;3;2021-01-08;0;0;0;0;0;0;0;0;0;0;0;0;0;0;0;0;0;0
FR;3;2021-01-09;0;0;0;0;0;0;0;0;0;0;0;0;0;0;0;0;0;0
FR;3;2021-01-10;0;0;0;0;0;0;0;0;0;0;0;0;0;0;0;0;0;0
FR;3;2021-01-11;0;0;0;0;0;0;0;0;0;0;0;0;0;0;0;0;0;0
FR;3;2021-01-12;0;0;0;0;0;0;0;0;0;0;0;0;0;0;0;0;0;0
FR;3;2021-01-13;0;0;0;0;0;0;0;0;0;0;0;0;0;0;0;0;0;0
FR;3;2021-01-14;0;0;0;0;0;0;0;0;0;0;0;0;0;0;0;0;0;0
FR;3;2021-01-15;0;0;0;0;0;0;0;0;0;0;0;0;0;0;0;0;0;0
FR;3;2021-01-16;0;0;0;0;0;0;0;0;0;0;0;0;0;0;0;0;0;0
FR;3;2021-01-17;0;0;0;0;0;0;0;0;0;0;0;0;0;0;0;0;0;0
FR;3;2021-01-18;0;0;0;0;0;0;0;0;0;0;0;0;0;0;0;0;0;0
FR;3;2021-01-19;0;0;0;0;0;0;0;0;0;0;0;0;0;0;0;0;0;0
FR;3;2021-01-20;0;0;0;0;0;0;0;0;0;0;0;0;0;0;0;0;0;0
FR;3;2021-01-21;0;0;0;0;0;0;0;0;0;0;0;0;0;0;0;0;0;0
FR;3;2021-01-22;0;0;0;0;0;0;0;0;0;0;0;0;0;0;0;0;0;0
FR;3;2021-01-23;0;0;0;0;0;0;0;0;0;0;0;0;0;0;0;0;0;0
FR;3;2021-01-24;0;0;0;0;0;0;0;0;0;0;0;0;0;0;0;0;0;0
FR;3;2021-01-25;0;0;0;0;0;0;0;0;0;0;0;0;0;0;0;0;0;0
FR;3;2021-01-26;0;0;0;0;0;0;0;0;0;0;0;0;0;0;0;0;0;0
FR;3;2021-01-27;0;0;0;0;0;0;0;0;0;0;0;0;0;0;0;0;0;0
FR;3;2021-01-28;0;0;0;0;0;0;0;0;0;0;0;0;0;0;0;0;0;0
FR;3;2021-01-29;0;0;0;0;0;0;0;0;0;0;0;0;0;0;0;0;0;0
FR;3;2021-01-30;0;0;0;0;0;0;0;0;0;0;0;0;0;0;0;0;0;0
FR;3;2021-01-31;0;0;0;0;0;0;0;0;0;0;0;0;0;0;0;0;0;0
FR;3;2021-02-01;0;0;0;0;0;0;0;0;0;0;0;0;0;0;0;0;0;0
FR;3;2021-02-02;0;0;0;0;0;0;0;0;0;0;0;0;0;0;0;0;0;0
FR;3;2021-02-03;0;0;0;0;0;0;0;0;0;0;0;0;0;0;0;0;0;0
FR;3;2021-02-04;0;0;0;0;0;0;0;0;0;0;0;0;0;0;0;0;0;0
FR;3;2021-02-05;0;0;0;0;0;0;0;0;0;0;0;0;0;0;0;0;0;0
FR;3;2021-02-06;1494;0;0;0;107;0;0;0;0;1494;0;0;0;107;0;0;0;0
FR;3;2021-02-07;1423;2;0;0;87;0;0;0;0;2917;2;0;0;194;0;0;0;0
FR;3;2021-02-08;2789;1;0;0;177;0;0;0;0;5706;3;0;0;371;0;0;0;0
FR;3;2021-02-09;6786;0;0;0;502;0;0;0;0;12492;3;0;0;873;0;0;0;0
FR;3;2021-02-10;9611;0;0;0;695;0;0;0;0;22103;3;0;0;1568;0;0;0;0
FR;3;2021-02-11;13620;4;0;0;920;0;0;0;0;35723;7;0;0;2488;0;0;0;0
FR;3;2021-02-12;13409;0;0;0;907;0;0;0;0;49132;7;0;0;3395;0;0;0;0
FR;3;2021-02-13;3799;1;0;0;218;0;0;0;0;52931;8;0;0;3613;0;0;0;0
FR;3;2021-02-14;975;1;0;0;53;0;0;0;0;53906;9;0;0;3666;0;0;0;0
FR;3;2021-02-15;10495;2;0;0;719;0;0;0;0;64401;11;0;0;4385;0;0;0;0
FR;3;2021-02-16;12555;5;0;0;871;0;0;0;0;76956;16;0;0;5256;0;0;0;0
FR;3;2021-02-17;11158;1;0;0;716;0;0;0;0;88114;17;0;0;5972;0;0;0;0
FR;3;2021-02-18;14943;2;0;0;985;0;0;0;0;103057;19;0;0;6957;0;0;0;0
FR;3;2021-02-19;14365;1;0;0;846;0;0;0;0;117422;20;0;0;7803;0;0;0;0
FR;3;2021-02-20;3330;0;0;0;178;0;0;0;0;120752;20;0;0;7981;0;0;0;0
FR;3;2021-02-21;619;0;0;0;35;0;0;0;0;121371;20;0;0;8016;0;0;0;0
FR;3;2021-02-22;9170;1;0;0;654;0;0;0;0;130541;21;0;0;8670;0;0;0;0
FR;3;2021-02-23;11403;5;0;0;759;0;0;0;0;141944;26;0;0;9429;0;0;0;0
FR;3;2021-02-24;14306;1;0;0;829;0;0;0;0;156250;27;0;0;10258;0;0;0;0
FR;3;2021-02-25;44935;3;0;0;1814;0;0;0;0;201185;30;0;0;12072;0;0;0;0
FR;3;2021-02-26;61890;9;0;0;2200;0;0;0;0;263075;39;0;0;14272;0;0;0;0
FR;3;2021-02-27;34810;14;0;0;1028;0;0;0;0;297885;53;0;0;15300;0;0;0;0
FR;3;2021-02-28;2464;0;0;0;114;0;0;0;0;300349;53;0;0;15414;0;0;0;0
FR;3;2021-03-01;20520;21;0;0;1067;0;0;0;0;320869;74;0;0;16481;0;0;0;0
FR;3;2021-03-02;38877;25;0;0;1789;0;0;0;0;359746;99;0;0;18270;0;0;0;0
FR;3;2021-03-03;48747;19;0;0;2132;0;0;0;0;408493;118;0;0;20402;0;0;0;0
FR;3;2021-03-04;82229;25;0;0;3194;0;0;0;0;490722;143;0;0;23596;0;0;0;0
FR;3;2021-03-05;118136;40;0;0;4690;0;0;0;0;608858;183;0;0;28286;0;0;0;0
FR;3;2021-03-06;120727;65;1;0;3560;0;0;0;0;729585;248;1;0;31846;0;0;0;0
FR;3;2021-03-07;55185;23;0;0;1729;0;0;0;0;784770;271;1;0;33575;0;0;0;0
FR;3;2021-03-08;42813;29;0;0;2073;0;0;0;0;827583;300;1;0;35648;0;0;0;0
FR;3;2021-03-09;78978;49;0;0;3285;0;0;0;0;906561;349;1;0;38933;0;0;0;0
FR;3;2021-03-10;80983;64;0;0;3240;0;0;0;0;987544;413;1;0;42173;0;0;0;0
FR;3;2021-03-11;128448;64;0;0;4765;0;0;0;0;1115992;477;1;0;46938;0;0;0;0
FR;3;2021-03-12;182723;120;0;0;6277;0;0;0;0;1298715;597;1;0;53215;0;0;0;0
FR;3;2021-03-13;132163;84;0;0;3523;0;0;0;0;1430878;681;1;0;56738;0;0;0;0
FR;3;2021-03-14;14057;5;0;0;549;0;0;0;0;1444935;686;1;0;57287;0;0;0;0
FR;3;2021-03-15;52236;80;0;0;2095;0;0;0;0;1497171;766;1;0;59382;0;0;0;0
FR;3;2021-03-16;1218;48;0;0;102;0;0;0;0;1498389;814;1;0;59484;0;0;0;0
FR;3;2021-03-17;950;53;0;0;92;0;0;0;0;1499339;867;1;0;59576;0;0;0;0
FR;3;2021-03-18;1575;41;0;0;101;0;0;0;0;1500914;908;1;0;59677;0;0;0;0
FR;3;2021-03-19;70459;55;0;0;2059;0;0;0;0;1571373;963;1;0;61736;0;0;0;0
FR;3;2021-03-20;65241;49;0;0;1701;0;0;0;0;1636614;1012;1;0;63437;0;0;0;0
FR;3;2021-03-21;5761;8;0;0;199;0;0;0;0;1642375;1020;1;0;63636;0;0;0;0
FR;3;2021-03-22;37510;47;0;0;1051;0;0;0;0;1679885;1067;1;0;64687;0;0;0;0
FR;3;2021-03-23;84668;86;0;0;2285;0;0;0;0;1764553;1153;1;0;66972;0;0;0;0
FR;3;2021-03-24;90954;97;0;0;2489;0;0;0;0;1855507;1250;1;0;69461;0;0;0;0
FR;3;2021-03-25;150070;144;0;0;3787;0;0;0;0;2005577;1394;1;0;73248;0;0;0;0
FR;3;2021-03-26;165430;158;0;0;4152;0;0;0;0;2171007;1552;1;0;77400;0;0;0;0
FR;3;2021-03-27;68466;102;0;0;2005;0;0;0;0;2239473;1654;1;0;79405;0;0;0;0
FR;3;2021-03-28;6479;20;0;0;237;0;0;0;0;2245952;1674;1;0;79642;0;0;0;0
FR;3;2021-03-29;54169;80;0;0;1479;0;0;0;0;2300121;1754;1;0;81121;0;0;0;0
FR;3;2021-03-30;93183;103;0;0;2564;0;0;0;0;2393304;1857;1;0;83685;0;0;0;0
FR;3;2021-03-31;63544;110;0;0;1964;0;0;0;0;2456848;1967;1;0;85649;0;0;0;0
FR;3;2021-04-01;86134;111;0;0;2491;0;0;0;0;2542982;2078;1;0;88140;0;0;0;0
FR;3;2021-04-02;86913;185;0;0;2764;0;0;0;0;2629895;2263;1;0;90904;0;0;0;0
FR;3;2021-04-03;35875;130;0;0;1160;0;0;0;0;2665770;2393;1;0;92064;0;0;0;0
FR;3;2021-04-04;3577;19;0;0;164;0;0;0;0;2669347;2412;1;0;92228;0;0;0;0
FR;3;2021-04-05;4492;38;0;0;236;0;0;0;0;2673839;2450;1;0;92464;0;0;0;0
FR;3;2021-04-06;29758;104;0;0;1091;0;0;0;0;2703597;2554;1;0;93555;0;0;0;0
FR;3;2021-04-07;32348;108;0;0;1047;0;0;0;0;2735945;2662;1;0;94602;0;0;0;0
FR;3;2021-04-08;78825;266;0;0;2613;0;0;0;0;2814770;2928;1;0;97215;0;0;0;0
FR;3;2021-04-09;161760;447;0;0;5175;0;0;0;0;2976530;3375;1;0;102390;0;0;0;0
FR;3;2021-04-10;75764;361;0;0;2694;0;0;0;0;3052294;3736;1;0;105084;0;0;0;0
FR;3;2021-04-11;7313;47;0;0;305;0;0;0;0;3059607;3783;1;0;105389;0;0;0;0
FR;3;2021-04-12;51485;213;0;0;1734;0;0;0;0;3111092;3996;1;0;107123;0;0;0;0
FR;3;2021-04-13;86236;358;0;0;2905;0;0;0;0;3197328;4354;1;0;110028;0;0;0;0
FR;3;2021-04-14;67843;376;0;0;2427;0;0;0;0;3265171;4730;1;0;112455;0;0;0;0
FR;3;2021-04-15;93241;400;0;0;3438;0;0;0;0;3358412;5130;1;0;115893;0;0;0;0
FR;3;2021-04-16;112529;622;0;0;4338;0;0;0;0;3470941;5752;1;0;120231;0;0;0;0
FR;3;2021-04-17;53319;363;1;0;2270;0;0;0;0;3524260;6115;2;0;122501;0;0;0;0
FR;3;2021-04-18;9749;49;0;0;423;0;0;0;0;3534009;6164;2;0;122924;0;0;0;0
FR;3;2021-04-19;25115;282;0;0;1088;0;0;0;0;3559124;6446;2;0;124012;0;0;0;0
FR;3;2021-04-20;45675;432;0;0;1903;0;0;0;0;3604799;6878;2;0;125915;0;0;0;0
FR;3;2021-04-21;38985;542;0;0;1886;0;0;0;0;3643784;7420;2;0;127801;0;0;0;0
FR;3;2021-04-22;54721;868;0;0;2820;0;0;0;0;3698505;8288;2;0;130621;0;0;0;0
FR;3;2021-04-23;70491;1087;0;0;3688;0;0;0;0;3768996;9375;2;0;134309;0;0;0;0
FR;3;2021-04-24;37253;1089;0;0;2477;0;0;0;0;3806249;10464;2;0;136786;0;0;0;0
FR;3;2021-04-25;6213;158;0;0;446;0;0;0;0;3812462;10622;2;0;137232;0;0;0;0
FR;3;2021-04-26;19790;693;0;0;1428;0;0;0;0;3832252;11315;2;0;138660;0;0;0;0
FR;3;2021-04-27;34485;1322;0;0;2580;0;0;0;0;3866737;12637;2;0;141240;0;0;0;0
FR;3;2021-04-28;28971;2030;0;0;3147;0;0;0;0;3895708;14667;2;0;144387;0;0;0;0
FR;3;2021-04-29;45391;6108;0;0;7926;0;0;0;0;3941099;20775;2;0;152313;0;0;0;0
FR;3;2021-04-30;55466;9091;1;0;11487;0;0;0;0;3996565;29866;3;0;163800;0;0;0;0
FR;3;2021-05-01;9517;2052;0;0;2483;0;0;0;0;4006082;31918;3;0;166283;0;0;0;0
FR;3;2021-05-02;3080;470;0;0;615;0;0;0;0;4009162;32388;3;0;166898;0;0;0;0
FR;3;2021-05-03;13063;3934;0;0;4501;0;0;0;0;4022225;36322;3;0;171399;0;0;0;0
FR;3;2021-05-04;23119;8386;0;0;9452;0;0;0;0;4045344;44708;3;0;180851;0;0;0;0
FR;3;2021-05-05;18764;10803;0;0;11741;0;0;0;0;4064108;55511;3;0;192592;0;0;0;0
FR;3;2021-05-06;34630;21218;0;0;22764;0;0;0;0;4098738;76729;3;0;215356;0;0;0;0
FR;3;2021-05-07;44210;28850;0;0;31154;0;0;0;0;4142948;105579;3;0;246510;0;0;0;0
FR;3;2021-05-08;6785;9186;0;0;9549;0;0;0;0;4149733;114765;3;0;256059;0;0;0;0
FR;3;2021-05-09;1797;2669;0;0;2769;0;0;0;0;4151530;117434;3;0;258828;0;0;0;0
FR;3;2021-05-10;15001;12885;0;0;13575;0;0;0;0;4166531;130319;3;0;272403;0;0;0;0
FR;3;2021-05-11;27100;26232;0;0;27503;0;0;0;0;4193631;156551;3;0;299906;0;0;0;0
FR;3;2021-05-12;17272;28082;0;0;29017;0;0;0;0;4210903;184633;3;0;328923;0;0;0;0
FR;3;2021-05-13;2285;3512;0;0;3632;0;0;0;0;4213188;188145;3;0;332555;0;0;0;0
FR;3;2021-05-14;14520;26052;0;0;26831;0;0;0;0;4227708;214197;3;0;359386;0;0;0;0
FR;3;2021-05-15;7233;21058;0;0;21483;0;0;0;0;4234941;235255;3;0;380869;0;0;0;0
FR;3;2021-05-16;977;2642;0;0;2687;0;0;0;0;4235918;237897;3;0;383556;0;0;0;0
FR;3;2021-05-17;7966;20193;0;0;20638;0;0;0;0;4243884;258090;3;0;404194;0;0;0;0
FR;3;2021-05-18;13416;30107;0;0;30866;0;0;0;0;4257300;288197;3;0;435060;0;0;0;0
FR;3;2021-05-19;9275;30607;0;0;31194;0;0;0;0;4266575;318804;3;0;466254;0;0;0;0
FR;3;2021-05-20;12806;53790;3;0;54711;0;0;0;0;4279381;372594;6;0;520965;0;0;0;0
FR;3;2021-05-21;12769;66132;2;0;67057;0;0;0;0;4292150;438726;8;0;588022;0;0;0;0
FR;3;2021-05-22;4965;33734;1;0;34115;0;0;0;0;4297115;472460;9;0;622137;0;0;0;0
FR;3;2021-05-23;651;2672;0;0;2704;0;0;0;0;4297766;475132;9;0;624841;0;0;0;0
FR;3;2021-05-24;884;4790;0;0;4834;0;0;0;0;4298650;479922;9;0;629675;0;0;0;0
FR;3;2021-05-25;5312;46644;1;0;47041;0;0;0;0;4303962;526566;10;0;676716;0;0;0;0
FR;3;2021-05-26;4980;52106;1;0;52576;0;0;0;0;4308942;578672;11;0;729292;0;0;0;0
FR;3;2021-05-27;6336;78965;3;0;79571;0;0;0;0;4315278;657637;14;0;808863;0;0;0;0
FR;3;2021-05-28;7544;100231;2;0;101028;0;0;0;0;4322822;757868;16;0;909891;0;0;0;0
FR;3;2021-05-29;3349;61114;1;0;61493;0;0;0;0;4326171;818982;17;0;971384;0;0;0;0
FR;3;2021-05-30;551;8101;0;0;8150;0;0;0;0;4326722;827083;17;0;979534;0;0;0;0
FR;3;2021-05-31;2442;35510;3;0;35775;0;0;0;0;4329164;862593;20;0;1015309;0;0;0;0
FR;3;2021-06-01;3414;64866;10;0;65312;0;0;0;0;4332578;927459;30;0;1080621;0;0;0;0
FR;3;2021-06-02;2735;58892;6;0;59225;0;0;0;0;4335313;986351;36;0;1139846;0;0;0;0
FR;3;2021-06-03;3495;87209;10;0;87739;0;0;0;0;4338808;1073560;46;0;1227585;0;0;0;0
FR;3;2021-06-04;4120;105799;22;0;106457;0;0;0;0;4342928;1179359;68;0;1334042;0;0;0;0
FR;3;2021-06-05;1983;52569;4;0;52882;0;0;0;0;4344911;1231928;72;0;1386924;0;0;0;0
FR;3;2021-06-06;511;5285;1;0;5332;0;0;0;0;4345422;1237213;73;0;1392256;0;0;0;0
FR;3;2021-06-07;1485;30737;11;0;30917;0;0;0;0;4346907;1267950;84;0;1423173;0;0;0;0
FR;3;2021-06-08;2062;47405;18;0;47748;0;0;0;0;4348969;1315355;102;0;1470921;0;0;0;0
FR;3;2021-06-09;1794;41848;13;0;42152;0;0;0;0;4350763;1357203;115;0;1513073;0;0;0;0
FR;3;2021-06-10;2257;67670;17;0;68066;0;0;0;0;4353020;1424873;132;0;1581139;0;0;0;0
FR;3;2021-06-11;2488;96624;34;0;97096;0;0;0;0;4355508;1521497;166;0;1678235;0;0;0;0
FR;3;2021-06-12;1178;40574;6;0;40805;0;0;0;0;4356686;1562071;172;0;1719040;0;0;0;0
FR;3;2021-06-13;283;3625;3;0;3660;0;0;0;0;4356969;1565696;175;0;1722700;0;0;0;0
FR;3;2021-06-14;1048;42322;17;0;42490;0;0;0;0;4358017;1608018;192;0;1765190;0;0;0;0
FR;3;2021-06-15;1379;80371;20;0;80670;0;0;0;0;4359396;1688389;212;0;1845860;0;0;0;0
FR;3;2021-06-16;1262;65503;20;0;65775;0;0;0;0;4360658;1753892;232;0;1911635;0;0;0;0
FR;3;2021-06-17;1667;102247;41;0;102629;0;0;0;0;4362325;1856139;273;0;2014264;0;0;0;0
FR;3;2021-06-18;1872;118437;63;0;118899;0;0;0;0;4364197;1974576;336;0;2133163;0;0;0;0
FR;3;2021-06-19;803;39460;22;0;39652;0;0;0;0;4365000;2014036;358;0;2172815;0;0;0;0
FR;3;2021-06-20;161;3213;0;0;3241;0;0;0;0;4365161;2017249;358;0;2176056;0;0;0;0
FR;3;2021-06-21;773;39067;16;0;39225;0;0;0;0;4365934;2056316;374;0;2215281;0;0;0;0
FR;3;2021-06-22;1065;70047;52;0;70317;0;0;0;0;4366999;2126363;426;0;2285598;0;0;0;0
FR;3;2021-06-23;945;50828;39;0;51100;0;0;0;0;4367944;2177191;465;0;2336698;0;0;0;0
FR;3;2021-06-24;1310;77282;48;0;77654;0;0;0;0;4369254;2254473;513;0;2414352;0;0;0;0
FR;3;2021-06-25;1410;90777;73;0;91210;0;0;0;0;4370664;2345250;586;0;2505562;0;0;0;0
FR;3;2021-06-26;632;33111;29;0;33301;0;0;0;0;4371296;2378361;615;0;2538863;0;0;0;0
FR;3;2021-06-27;167;3786;1;0;3810;0;0;0;0;4371463;2382147;616;0;2542673;0;0;0;0
FR;3;2021-06-28;655;29980;27;0;30174;0;0;0;0;4372118;2412127;643;0;2572847;0;0;0;0
FR;3;2021-06-29;856;56608;95;0;56850;0;0;0;0;4372974;2468735;738;0;2629697;0;0;0;0
FR;3;2021-06-30;905;45185;93;0;45454;0;0;0;0;4373879;2513920;831;0;2675151;0;0;0;0
FR;3;2021-07-01;1164;66069;108;0;66421;0;0;0;0;4375043;2579989;939;0;2741572;0;0;0;0
FR;3;2021-07-02;1305;90506;170;0;90984;0;0;0;0;4376348;2670495;1109;0;2832556;0;0;0;0
FR;3;2021-07-03;602;31175;51;0;31375;0;0;0;0;4376950;2701670;1160;0;2863931;0;0;0;0
FR;3;2021-07-04;144;3991;3;0;4021;0;0;0;0;4377094;2705661;1163;0;2867952;0;0;0;0
FR;3;2021-07-05;612;33625;60;0;33824;0;0;0;0;4377706;2739286;1223;0;2901776;0;0;0;0
FR;3;2021-07-06;964;55926;88;0;56238;0;0;0;0;4378670;2795212;1311;0;2958014;0;0;0;0
FR;3;2021-07-07;873;42960;80;0;43257;0;0;0;0;4379543;2838172;1391;0;3001271;0;0;0;0
FR;3;2021-07-08;1127;60795;99;0;61204;0;0;0;0;4380670;2898967;1490;0;3062475;0;0;0;0
FR;3;2021-07-09;1261;68934;128;0;69401;0;0;0;0;4381931;2967901;1618;0;3131876;0;0;0;0
FR;3;2021-07-10;643;25025;59;0;25222;0;0;0;0;4382574;2992926;1677;0;3157098;0;0;0;0
FR;3;2021-07-11;132;3181;4;0;3207;0;0;0;0;4382706;2996107;1681;0;3160305;0;0;0;0
FR;3;2021-07-12;662;23635;59;0;23848;0;0;0;0;4383368;3019742;1740;0;3184153;0;0;0;0
FR;3;2021-07-13;1648;34478;90;0;34966;0;0;0;0;4385016;3054220;1830;0;3219119;0;0;0;0
FR;3;2021-07-14;271;2478;2;0;2535;0;0;0;0;4385287;3056698;1832;0;3221654;0;0;0;0
FR;3;2021-07-15;1940;30430;85;0;31006;0;0;0;0;4387227;3087128;1917;0;3252660;0;0;0;0
FR;3;2021-07-16;2520;38664;122;0;39399;0;0;0;0;4389747;3125792;2039;0;3292059;0;0;0;0
FR;3;2021-07-17;1051;13720;26;0;14028;0;0;0;0;4390798;3139512;2065;0;3306087;0;0;0;0
FR;3;2021-07-18;266;2560;3;0;2608;0;0;0;0;4391064;3142072;2068;0;3308695;0;0;0;0
FR;3;2021-07-19;1280;16912;38;0;17280;0;0;0;0;4392344;3158984;2106;0;3325975;0;0;0;0
FR;3;2021-07-20;1823;26941;98;0;27483;0;0;0;0;4394167;3185925;2204;0;3353458;0;0;0;0
FR;3;2021-07-21;1651;19520;44;0;20025;0;0;0;0;4395818;3205445;2248;0;3373483;0;0;0;0
FR;3;2021-07-22;1856;27651;83;0;28216;0;0;0;0;4397674;3233096;2331;0;3401699;0;0;0;0
FR;3;2021-07-23;2216;30229;117;0;30968;0;0;0;0;4399890;3263325;2448;0;3432667;0;0;0;0
FR;3;2021-07-24;826;6938;25;0;7161;0;0;0;0;4400716;3270263;2473;0;3439828;0;0;0;0
FR;3;2021-07-25;210;1296;1;0;1351;0;0;0;0;4400926;3271559;2474;0;3441179;0;0;0;0
FR;3;2021-07-26;932;10525;28;0;10832;0;0;0;0;4401858;3282084;2502;0;3452011;0;0;0;0
FR;3;2021-07-27;1170;16810;56;0;17175;0;0;0;0;4403028;3298894;2558;0;3469186;0;0;0;0
FR;3;2021-07-28;989;12007;40;0;12319;0;0;0;0;4404017;3310901;2598;0;3481505;0;0;0;0
FR;3;2021-07-29;1127;15695;63;0;16109;0;0;0;0;4405144;3326596;2661;0;3497614;0;0;0;0
FR;3;2021-07-30;1129;18005;79;0;18379;0;0;0;0;4406273;3344601;2740;0;3515993;0;0;0;0
FR;3;2021-07-31;406;3714;15;0;3838;0;0;0;0;4406679;3348315;2755;0;3519831;0;0;0;0
FR;3;2021-08-01;117;452;1;0;474;0;0;0;0;4406796;3348767;2756;0;3520305;0;0;0;0
FR;3;2021-08-02;423;5035;22;0;5156;0;0;0;0;4407219;3353802;2778;0;3525461;0;0;0;0
FR;3;2021-08-03;498;7482;27;0;7617;0;0;0;0;4407717;3361284;2805;0;3533078;0;0;0;0
FR;3;2021-08-04;439;4831;26;0;4976;0;0;0;0;4408156;3366115;2831;0;3538054;0;0;0;0
FR;3;2021-08-05;433;3657;13;0;3768;0;0;0;0;4408589;3369772;2844;0;3541822;0;0;0;0
FR;3;2021-08-06;456;4706;30;0;4808;0;0;0;0;4409045;3374478;2874;0;3546630;0;0;0;0
FR;3;2021-08-07;214;1903;11;0;1949;0;0;0;0;4409259;3376381;2885;0;3548579;0;0;0;0
FR;3;2021-08-08;250;425;2;0;458;0;0;0;0;4409509;3376806;2887;0;3549037;0;0;0;0
FR;3;2021-08-09;318;2382;11;0;2453;0;0;0;0;4409827;3379188;2898;0;3551490;0;0;0;0
FR;3;2021-08-10;368;3753;15;0;3842;0;0;0;0;4410195;3382941;2913;0;3555332;0;0;0;0
FR;3;2021-08-11;291;2648;15;0;2708;0;0;0;0;4410486;3385589;2928;0;3558040;0;0;0;0
FR;3;2021-08-12;279;2570;13;0;2658;0;0;0;0;4410765;3388159;2941;0;3560698;0;0;0;0
FR;3;2021-08-13;278;2257;16;0;2342;0;0;0;0;4411043;3390416;2957;0;3563040;0;0;0;0
FR;3;2021-08-14;172;882;1;0;913;0;0;0;0;4411215;3391298;2958;0;3563953;0;0;0;0
FR;3;2021-08-15;56;174;0;0;183;0;0;0;0;4411271;3391472;2958;0;3564136;0;0;0;0
FR;3;2021-08-16;125;1018;8;0;1057;0;0;0;0;4411396;3392490;2966;0;3565193;0;0;0;0
FR;3;2021-08-17;191;1432;8;0;1473;0;0;0;0;4411587;3393922;2974;0;3566666;0;0;0;0
FR;3;2021-08-18;204;1314;10;0;1356;0;0;0;0;4411791;3395236;2984;0;3568022;0;0;0;0
FR;3;2021-08-19;165;1373;10;0;1421;0;0;0;0;4411956;3396609;2994;0;3569443;0;0;0;0
FR;3;2021-08-20;167;1599;16;0;1661;0;0;0;0;4412123;3398208;3010;0;3571104;0;0;0;0
FR;3;2021-08-21;93;581;2;0;596;0;0;0;0;4412216;3398789;3012;0;3571700;0;0;0;0
FR;3;2021-08-22;42;191;1;0;194;0;0;0;0;4412258;3398980;3013;0;3571894;0;0;0;0
FR;3;2021-08-23;141;883;7;0;928;0;0;0;0;4412399;3399863;3020;0;3572822;0;0;0;0
FR;3;2021-08-24;125;926;10;0;958;0;0;0;0;4412524;3400789;3030;0;3573780;0;0;0;0
FR;3;2021-08-25;137;821;3;0;850;0;0;0;0;4412661;3401610;3033;0;3574630;0;0;0;0
FR;3;2021-08-26;172;830;9;0;878;0;0;0;0;4412833;3402440;3042;0;3575508;0;0;0;0
FR;3;2021-08-27;178;937;9;0;990;0;0;0;0;4413011;3403377;3051;0;3576498;0;0;0;0
FR;3;2021-08-28;101;373;4;0;390;0;0;0;0;4413112;3403750;3055;0;3576888;0;0;0;0
FR;3;2021-08-29;128;128;1;0;161;0;0;0;0;4413240;3403878;3056;0;3577049;0;0;0;0
FR;3;2021-08-30;100;565;0;0;472;110;0;0;0;4413340;3404443;3056;0;3577521;110;0;0;0
FR;3;2021-08-31;134;687;7;0;591;135;0;0;0;4413474;3405130;3063;0;3578112;245;0;0;0
FR;3;2021-09-01;122;460;5;0;381;108;0;0;0;4413596;3405590;3068;0;3578493;353;0;0;0
FR;3;2021-09-02;100;595;22;0;531;105;0;0;0;4413696;3406185;3090;0;3579024;458;0;0;0
FR;3;2021-09-03;116;557;17;0;480;118;0;0;0;4413812;3406742;3107;0;3579504;576;0;0;0
FR;3;2021-09-04;55;293;3;0;254;50;0;0;0;4413867;3407035;3110;0;3579758;626;0;0;0
FR;3;2021-09-05;52;67;5;0;56;26;0;0;0;4413919;3407102;3115;0;3579814;652;0;0;0
FR;3;2021-09-06;118;369;4;0;262;131;0;0;0;4414037;3407471;3119;0;3580076;783;0;0;0
FR;3;2021-09-07;124;436;14;0;351;117;0;0;0;4414161;3407907;3133;0;3580427;900;0;0;0
FR;3;2021-09-08;121;341;2;0;270;88;0;0;0;4414282;3408248;3135;0;3580697;988;0;0;0
FR;3;2021-09-09;94;380;8;0;300;103;0;0;0;4414376;3408628;3143;0;3580997;1091;0;0;0
FR;3;2021-09-10;101;399;3;0;329;93;0;0;0;4414477;3409027;3146;0;3581326;1184;0;0;0
FR;3;2021-09-11;78;232;4;0;177;65;0;0;0;4414555;3409259;3150;0;3581503;1249;0;0;0
FR;3;2021-09-12;37;48;1;0;37;16;0;0;0;4414592;3409307;3151;0;3581540;1265;0;0;0
FR;3;2021-09-13;78;300;7;0;216;103;1;0;0;4414670;3409607;3158;0;3581756;1368;1;0;0
FR;3;2021-09-14;75;273;6;0;193;94;0;0;0;4414745;3409880;3164;0;3581949;1462;1;0;0
FR;3;2021-09-15;63;254;3;0;259;6;0;0;0;4414808;3410134;3167;0;3582208;1468;1;0;0
FR;3;2021-09-16;65;321;6;0;332;6;0;0;0;4414873;3410455;3173;0;3582540;1474;1;0;0
FR;3;2021-09-17;52;328;3;0;340;6;0;0;0;4414925;3410783;3176;0;3582880;1480;1;0;0
FR;3;2021-09-18;37;172;1;0;176;1;0;0;0;4414962;3410955;3177;0;3583056;1481;1;0;0
FR;3;2021-09-19;29;31;2;0;34;1;0;0;0;4414991;3410986;3179;0;3583090;1482;1;0;0
FR;3;2021-09-20;81;190;0;0;198;1;0;0;0;4415072;3411176;3179;0;3583288;1483;1;0;0
FR;3;2021-09-21;60;271;7;0;275;8;0;0;0;4415132;3411447;3186;0;3583563;1491;1;0;0
FR;3;2021-09-22;66;230;6;0;243;7;0;0;0;4415198;3411677;3192;0;3583806;1498;1;0;0
FR;3;2021-09-23;37;258;11;0;262;7;0;0;0;4415235;3411935;3203;0;3584068;1505;1;0;0
FR;3;2021-09-24;28;320;12;0;318;18;0;0;0;4415263;3412255;3215;0;3584386;1523;1;0;0
FR;3;2021-09-25;31;144;3;0;150;3;0;0;0;4415294;3412399;3218;0;3584536;1526;1;0;0
FR;3;2021-09-26;16;57;1;0;59;1;0;0;0;4415310;3412456;3219;0;3584595;1527;1;0;0
FR;3;2021-09-27;48;285;3;0;288;5;0;0;0;4415358;3412741;3222;0;3584883;1532;1;0;0
FR;3;2021-09-28;49;245;6;0;253;8;0;0;0;4415407;3412986;3228;0;3585136;1540;1;0;0
FR;3;2021-09-29;39;219;10;0;223;15;0;0;0;4415446;3413205;3238;0;3585359;1555;1;0;0
FR;3;2021-09-30;40;202;8;0;206;11;0;0;0;4415486;3413407;3246;0;3585565;1566;1;0;0
FR;3;2021-10-01;23;159;6;0;161;8;0;0;0;4415509;3413566;3252;0;3585726;1574;1;0;0
FR;3;2021-10-02;17;84;0;0;85;0;0;0;0;4415526;3413650;3252;0;3585811;1574;1;0;0
FR;3;2021-10-03;19;19;1;0;19;2;0;0;0;4415545;3413669;3253;0;3585830;1576;1;0;0
FR;3;2021-10-04;33;157;4;0;162;4;0;0;0;4415578;3413826;3257;0;3585992;1580;1;0;0
FR;3;2021-10-05;17;148;10;0;153;12;0;0;0;4415595;3413974;3267;0;3586145;1592;1;0;0
FR;3;2021-10-06;33;143;9;0;151;10;0;0;0;4415628;3414117;3276;0;3586296;1602;1;0;0
FR;3;2021-10-07;20;132;6;0;130;6;0;0;0;4415648;3414249;3282;0;3586426;1608;1;0;0
FR;3;2021-10-08;25;137;10;0;142;9;0;0;0;4415673;3414386;3292;0;3586568;1617;1;0;0
FR;3;2021-10-09;17;71;1;0;72;1;0;0;0;4415690;3414457;3293;0;3586640;1618;1;0;0
FR;3;2021-10-10;13;17;2;0;16;3;0;0;0;4415703;3414474;3295;0;3586656;1621;1;0;0
FR;3;2021-10-11;17;115;4;0;120;5;0;0;0;4415720;3414589;3299;0;3586776;1626;1;0;0
FR;3;2021-10-12;22;100;5;0;100;5;0;0;0;4415742;3414689;3304;0;3586876;1631;1;0;0
FR;3;2021-10-13;25;114;9;0;121;7;0;0;0;4415767;3414803;3313;0;3586997;1638;1;0;0
FR;3;2021-10-14;19;139;3;0;140;4;0;0;0;4415786;3414942;3316;0;3587137;1642;1;0;0
FR;3;2021-10-15;23;141;8;0;140;13;0;0;0;4415809;3415083;3324;0;3587277;1655;1;0;0
FR;3;2021-10-16;13;67;6;0;66;8;0;0;0;4415822;3415150;3330;0;3587343;1663;1;0;0
FR;3;2021-10-17;12;24;0;0;26;0;0;0;0;4415834;3415174;3330;0;3587369;1663;1;0;0
FR;3;2021-10-18;18;113;2;0;118;2;0;0;0;4415852;3415287;3332;0;3587487;1665;1;0;0
FR;3;2021-10-19;18;113;19;0;114;21;0;0;0;4415870;3415400;3351;0;3587601;1686;1;0;0
FR;3;2021-10-20;26;127;6;0;129;7;0;0;0;4415896;3415527;3357;0;3587730;1693;1;0;0
FR;3;2021-10-21;28;122;17;0;122;13;0;0;0;4415924;3415649;3374;0;3587852;1706;1;0;0
FR;3;2021-10-22;24;107;18;0;106;21;0;0;0;4415948;3415756;3392;0;3587958;1727;1;0;0
FR;3;2021-10-23;17;53;3;0;53;2;0;0;0;4415965;3415809;3395;0;3588011;1729;1;0;0
FR;3;2021-10-24;7;36;0;0;34;0;0;0;0;4415972;3415845;3395;0;3588045;1729;1;0;0
FR;3;2021-10-25;26;141;7;0;145;7;0;0;0;4415998;3415986;3402;0;3588190;1736;1;0;0
FR;3;2021-10-26;25;95;22;0;92;19;0;0;0;4416023;3416081;3424;0;3588282;1755;1;0;0
FR;3;2021-10-27;19;93;9;0;95;9;0;0;0;4416042;3416174;3433;0;3588377;1764;1;0;0
FR;3;2021-10-28;23;114;33;0;111;36;0;0;0;4416065;3416288;3466;0;3588488;1800;1;0;0
FR;3;2021-10-29;12;100;64;0;94;54;0;0;0;4416077;3416388;3530;0;3588582;1854;1;0;0
FR;3;2021-10-30;11;62;11;1;62;10;0;0;0;4416088;3416450;3541;1;3588644;1864;1;0;0
FR;3;2021-10-31;8;25;1;0;25;1;0;0;0;4416096;3416475;3542;1;3588669;1865;1;0;0
FR;3;2021-11-01;11;22;2;0;23;1;0;0;0;4416107;3416497;3544;1;3588692;1866;1;0;0
FR;3;2021-11-02;11;101;10;0;101;12;0;0;0;4416118;3416598;3554;1;3588793;1878;1;0;0
FR;3;2021-11-03;20;107;10;0;115;10;0;0;0;4416138;3416705;3564;1;3588908;1888;1;0;0
FR;3;2021-11-04;20;89;5;0;94;4;0;0;0;4416158;3416794;3569;1;3589002;1892;1;0;0
FR;3;2021-11-05;19;120;9;1;126;6;1;0;0;4416177;3416914;3578;2;3589128;1898;2;0;0
FR;3;2021-11-06;11;55;3;0;57;3;0;0;0;4416188;3416969;3581;2;3589185;1901;2;0;0
FR;3;2021-11-07;6;23;1;0;24;1;0;0;0;4416194;3416992;3582;2;3589209;1902;2;0;0
FR;3;2021-11-08;11;128;7;0;133;5;0;0;0;4416205;3417120;3589;2;3589342;1907;2;0;0
FR;3;2021-11-09;15;122;6;0;124;6;0;0;0;4416220;3417242;3595;2;3589466;1913;2;0;0
FR;3;2021-11-10;14;138;14;0;136;15;0;0;0;4416234;3417380;3609;2;3589602;1928;2;0;0
FR;3;2021-11-11;11;49;3;0;51;3;0;0;0;4416245;3417429;3612;2;3589653;1931;2;0;0
FR;3;2021-11-12;15;127;6;0;130;4;0;0;0;4416260;3417556;3618;2;3589783;1935;2;0;0
FR;3;2021-11-13;7;67;9;0;62;10;0;0;0;4416267;3417623;3627;2;3589845;1945;2;0;0
FR;3;2021-11-14;3;24;1;0;24;1;0;0;0;4416270;3417647;3628;2;3589869;1946;2;0;0
FR;3;2021-11-15;5;162;11;0;159;12;0;0;0;4416275;3417809;3639;2;3590028;1958;2;0;0
FR;3;2021-11-16;9;126;11;0;121;10;0;0;0;4416284;3417935;3650;2;3590149;1968;2;0;0
FR;3;2021-11-17;8;134;11;0;135;8;0;0;0;4416292;3418069;3661;2;3590284;1976;2;0;0
FR;3;2021-11-18;16;135;10;0;136;11;0;0;0;4416308;3418204;3671;2;3590420;1987;2;0;0
FR;3;2021-11-19;12;182;23;0;176;28;0;0;0;4416320;3418386;3694;2;3590596;2015;2;0;0
FR;3;2021-11-20;6;100;6;0;101;6;0;0;0;4416326;3418486;3700;2;3590697;2021;2;0;0
FR;3;2021-11-21;3;25;4;0;24;4;0;0;0;4416329;3418511;3704;2;3590721;2025;2;0;0
FR;3;2021-11-22;11;190;11;0;189;11;0;0;0;4416340;3418701;3715;2;3590910;2036;2;0;0
FR;3;2021-11-23;9;184;16;0;182;15;0;0;0;4416349;3418885;3731;2;3591092;2051;2;0;0
FR;3;2021-11-24;10;191;9;0;183;17;0;0;0;4416359;3419076;3740;2;3591275;2068;2;0;0
FR;3;2021-11-25;12;206;11;0;202;11;0;0;0;4416371;3419282;3751;2;3591477;2079;2;0;0
FR;3;2021-11-26;10;256;35;0;255;33;1;0;0;4416381;3419538;3786;2;3591732;2112;3;0;0
FR;3;2021-11-27;8;128;20;0;127;21;0;0;0;4416389;3419666;3806;2;3591859;2133;3;0;0
FR;3;2021-11-28;3;59;7;0;60;7;0;0;0;4416392;3419725;3813;2;3591919;2140;3;0;0
FR;3;2021-11-29;5;223;22;0;218;23;1;0;0;4416397;3419948;3835;2;3592137;2163;4;0;0
FR;3;2021-11-30;7;301;29;0;300;32;0;0;0;4416404;3420249;3864;2;3592437;2195;4;0;0
FR;3;2021-12-01;30;326;38;0;324;40;2;0;0;4416434;3420575;3902;2;3592761;2235;6;0;0
FR;3;2021-12-02;9;354;33;0;350;36;0;0;0;4416443;3420929;3935;2;3593111;2271;6;0;0
FR;3;2021-12-03;6;380;37;0;374;38;0;0;0;4416449;3421309;3972;2;3593485;2309;6;0;0
FR;3;2021-12-04;3;212;26;0;208;28;0;0;0;4416452;3421521;3998;2;3593693;2337;6;0;0
FR;3;2021-12-05;1;61;5;0;61;5;0;0;0;4416453;3421582;4003;2;3593754;2342;6;0;0
FR;3;2021-12-06;7;374;14;0;373;15;0;0;0;4416460;3421956;4017;2;3594127;2357;6;0;0
FR;3;2021-12-07;6;425;20;0;419;24;1;0;0;4416466;3422381;4037;2;3594546;2381;7;0;0
FR;3;2021-12-08;8;389;29;0;381;30;1;0;0;4416474;3422770;4066;2;3594927;2411;8;0;0
FR;3;2021-12-09;3;444;17;0;430;22;1;0;0;4416477;3423214;4083;2;3595357;2433;9;0;0
FR;3;2021-12-10;10;465;29;0;462;25;0;0;0;4416487;3423679;4112;2;3595819;2458;9;0;0
FR;3;2021-12-11;4;306;10;0;303;9;2;0;0;4416491;3423985;4122;2;3596122;2467;11;0;0
FR;3;2021-12-12;1;99;3;0;99;3;0;0;0;4416492;3424084;4125;2;3596221;2470;11;0;0
FR;3;2021-12-13;2;448;19;0;442;21;0;0;0;4416494;3424532;4144;2;3596663;2491;11;0;0
FR;3;2021-12-14;8;565;18;0;553;21;1;0;0;4416502;3425097;4162;2;3597216;2512;12;0;0
FR;3;2021-12-15;9;542;17;0;529;21;0;0;0;4416511;3425639;4179;2;3597745;2533;12;0;0
FR;3;2021-12-16;10;557;19;0;551;18;3;0;0;4416521;3426196;4198;2;3598296;2551;15;0;0
FR;3;2021-12-17;5;619;18;0;615;19;0;0;0;4416526;3426815;4216;2;3598911;2570;15;0;0
FR;3;2021-12-18;5;356;4;0;350;5;1;0;0;4416531;3427171;4220;2;3599261;2575;16;0;0
FR;3;2021-12-19;3;186;2;0;183;2;0;0;0;4416534;3427357;4222;2;3599444;2577;16;0;0
FR;3;2021-12-20;9;588;23;0;582;28;0;0;0;4416543;3427945;4245;2;3600026;2605;16;0;0
FR;3;2021-12-21;5;678;10;0;670;13;2;0;0;4416548;3428623;4255;2;3600696;2618;18;0;0
FR;3;2021-12-22;10;634;9;0;628;10;1;0;0;4416558;3429257;4264;2;3601324;2628;19;0;0
FR;3;2021-12-23;3;563;8;0;561;8;0;0;0;4416561;3429820;4272;2;3601885;2636;19;0;0
FR;3;2021-12-24;2;237;3;0;232;6;0;0;0;4416563;3430057;4275;2;3602117;2642;19;0;0
FR;3;2021-12-25;0;24;0;0;24;0;0;0;0;4416563;3430081;4275;2;3602141;2642;19;0;0
FR;3;2021-12-26;0;88;1;0;88;1;0;0;0;4416563;3430169;4276;2;3602229;2643;19;0;0
FR;3;2021-12-27;7;472;17;0;469;20;1;0;0;4416570;3430641;4293;2;3602698;2663;20;0;0
FR;3;2021-12-28;3;593;6;0;592;5;0;0;0;4416573;3431234;4299;2;3603290;2668;20;0;0
FR;3;2021-12-29;5;505;14;0;499;16;0;0;0;4416578;3431739;4313;2;3603789;2684;20;0;0
FR;3;2021-12-30;3;529;7;0;522;10;2;0;0;4416581;3432268;4320;2;3604311;2694;22;0;0
FR;3;2021-12-31;0;185;5;0;181;7;0;0;0;4416581;3432453;4325;2;3604492;2701;22;0;0
FR;3;2022-01-01;0;26;0;0;24;2;0;0;0;4416581;3432479;4325;2;3604516;2703;22;0;0
FR;3;2022-01-02;0;78;0;0;78;0;0;0;0;4416581;3432557;4325;2;3604594;2703;22;0;0
FR;3;2022-01-03;4;507;17;0;496;21;3;0;0;4416585;3433064;4342;2;3605090;2724;25;0;0
FR;3;2022-01-04;6;549;9;0;548;8;0;0;0;4416591;3433613;4351;2;3605638;2732;25;0;0
FR;3;2022-01-05;5;500;10;0;492;14;1;0;0;4416596;3434113;4361;2;3606130;2746;26;0;0
FR;3;2022-01-06;6;473;9;0;468;10;1;0;0;4416602;3434586;4370;2;3606598;2756;27;0;0
FR;3;2022-01-07;2;499;11;0;493;13;1;0;1;4416604;3435085;4381;2;3607091;2769;28;0;1
FR;3;2022-01-08;5;255;4;0;252;5;0;0;0;4416609;3435340;4385;2;3607343;2774;28;0;1
FR;3;2022-01-09;0;117;0;0;117;0;0;0;0;4416609;3435457;4385;2;3607460;2774;28;0;1
FR;3;2022-01-10;2;436;12;0;434;12;0;0;0;4416611;3435893;4397;2;3607894;2786;28;0;1
FR;3;2022-01-11;3;466;1;0;465;1;0;0;0;4416614;3436359;4398;2;3608359;2787;28;0;1
FR;3;2022-01-12;4;400;9;0;397;10;2;0;0;4416618;3436759;4407;2;3608756;2797;30;0;1
FR;3;2022-01-13;3;393;11;0;391;12;1;0;0;4416621;3437152;4418;2;3609147;2809;31;0;1
FR;3;2022-01-14;4;427;10;0;421;13;1;0;0;4416625;3437579;4428;2;3609568;2822;32;0;1
FR;3;2022-01-15;0;283;2;0;279;3;0;0;0;4416625;3437862;4430;2;3609847;2825;32;0;1
FR;3;2022-01-16;1;108;1;0;106;1;1;0;0;4416626;3437970;4431;2;3609953;2826;33;0;1
FR;3;2022-01-17;2;327;8;0;324;9;1;0;0;4416628;3438297;4439;2;3610277;2835;34;0;1
FR;3;2022-01-18;2;366;1;0;362;2;1;0;0;4416630;3438663;4440;2;3610639;2837;35;0;1
FR;3;2022-01-19;2;326;5;0;320;10;0;0;0;4416632;3438989;4445;2;3610959;2847;35;0;1
FR;3;2022-01-20;1;353;5;0;352;3;2;0;0;4416633;3439342;4450;2;3611311;2850;37;0;1
FR;3;2022-01-21;4;347;5;0;341;7;2;0;0;4416637;3439689;4455;2;3611652;2857;39;0;1
FR;3;2022-01-22;2;224;1;0;220;2;3;0;0;4416639;3439913;4456;2;3611872;2859;42;0;1
FR;3;2022-01-23;0;78;0;0;76;1;1;0;0;4416639;3439991;4456;2;3611948;2860;43;0;1
FR;3;2022-01-24;2;323;1;0;315;6;2;0;0;4416641;3440314;4457;2;3612263;2866;45;0;1
FR;3;2022-01-25;0;175;0;0;172;0;1;0;0;4416641;3440489;4457;2;3612435;2866;46;0;1
FR;3;2022-01-26;0;77;0;0;77;0;0;0;0;4416641;3440566;4457;2;3612512;2866;46;0;1
FR;3;2022-01-27;0;53;0;0;53;0;0;0;0;4416641;3440619;4457;2;3612565;2866;46;0;1
FR;3;2022-01-28;0;116;0;0;115;0;0;0;0;4416641;3440735;4457;2;3612680;2866;46;0;1
FR;3;2022-01-29;0;98;0;0;98;0;0;0;0;4416641;3440833;4457;2;3612778;2866;46;0;1
FR;3;2022-01-30;0;50;0;0;50;0;0;0;0;4416641;3440883;4457;2;3612828;2866;46;0;1
FR;3;2022-01-31;0;91;0;0;91;0;0;0;0;4416641;3440974;4457;2;3612919;2866;46;0;1
FR;3;2022-02-01;0;98;0;0;96;1;0;0;0;4416641;3441072;4457;2;3613015;2867;46;0;1
FR;3;2022-02-02;0;85;0;0;83;0;0;0;0;4416641;3441157;4457;2;3613098;2867;46;0;1
FR;3;2022-02-03;0;94;0;0;92;0;0;0;0;4416641;3441251;4457;2;3613190;2867;46;0;1
FR;3;2022-02-04;0;114;0;0;111;0;1;0;0;4416641;3441365;4457;2;3613301;2867;47;0;1
FR;3;2022-02-05;0;71;0;0;71;0;0;0;0;4416641;3441436;4457;2;3613372;2867;47;0;1
FR;3;2022-02-06;0;10;0;0;10;0;0;0;0;4416641;3441446;4457;2;3613382;2867;47;0;1
FR;3;2022-02-07;0;76;0;0;76;0;0;0;0;4416641;3441522;4457;2;3613458;2867;47;0;1
FR;3;2022-02-08;0;0;0;0;0;0;0;0;0;4416641;3441522;4457;2;3613458;2867;47;0;1
FR;3;2022-02-09;0;0;0;0;0;0;0;0;0;4416641;3441522;4457;2;3613458;2867;47;0;1
FR;3;2022-02-10;0;0;0;0;0;0;0;0;0;4416641;3441522;4457;2;3613458;2867;47;0;1
FR;3;2022-02-11;0;0;0;0;0;0;0;0;0;4416641;3441522;4457;2;3613458;2867;47;0;1
FR;3;2022-02-12;0;0;0;0;0;0;0;0;0;4416641;3441522;4457;2;3613458;2867;47;0;1
FR;3;2022-02-13;0;0;0;0;0;0;0;0;0;4416641;3441522;4457;2;3613458;2867;47;0;1
FR;3;2022-02-14;0;0;0;0;0;0;0;0;0;4416641;3441522;4457;2;3613458;2867;47;0;1
FR;3;2022-02-15;0;0;0;0;0;0;0;0;0;4416641;3441522;4457;2;3613458;2867;47;0;1
FR;3;2022-02-16;0;0;0;0;0;0;0;0;0;4416641;3441522;4457;2;3613458;2867;47;0;1
FR;3;2022-02-17;0;0;0;0;0;0;0;0;0;4416641;3441522;4457;2;3613458;2867;47;0;1
FR;3;2022-02-18;0;0;0;0;0;0;0;0;0;4416641;3441522;4457;2;3613458;2867;47;0;1
FR;3;2022-02-19;0;0;0;0;0;0;0;0;0;4416641;3441522;4457;2;3613458;2867;47;0;1
FR;3;2022-02-20;0;0;0;0;0;0;0;0;0;4416641;3441522;4457;2;3613458;2867;47;0;1
FR;3;2022-02-21;2;0;0;0;0;0;0;0;0;4416643;3441522;4457;2;3613458;2867;47;0;1
FR;3;2022-02-22;0;0;0;0;0;0;0;0;0;4416643;3441522;4457;2;3613458;2867;47;0;1
FR;3;2022-02-23;0;0;0;0;0;0;0;0;0;4416643;3441522;4457;2;3613458;2867;47;0;1
FR;3;2022-02-24;0;0;0;0;0;0;0;0;0;4416643;3441522;4457;2;3613458;2867;47;0;1
FR;3;2022-02-25;0;0;0;0;0;0;0;0;0;4416643;3441522;4457;2;3613458;2867;47;0;1
FR;3;2022-02-26;0;0;0;0;0;0;0;0;0;4416643;3441522;4457;2;3613458;2867;47;0;1
FR;3;2022-02-27;0;0;0;0;0;0;0;0;0;4416643;3441522;4457;2;3613458;2867;47;0;1
FR;3;2022-02-28;1;0;0;0;0;0;0;0;0;4416644;3441522;4457;2;3613458;2867;47;0;1
FR;3;2022-03-01;1;0;0;0;0;0;0;0;0;4416645;3441522;4457;2;3613458;2867;47;0;1
FR;3;2022-03-02;0;0;0;0;0;0;0;0;0;4416645;3441522;4457;2;3613458;2867;47;0;1
FR;3;2022-03-03;0;0;0;0;0;0;0;0;0;4416645;3441522;4457;2;3613458;2867;47;0;1
FR;3;2022-03-04;0;0;0;0;0;0;0;0;0;4416645;3441522;4457;2;3613458;2867;47;0;1
FR;3;2022-03-05;0;0;0;0;0;0;0;0;0;4416645;3441522;4457;2;3613458;2867;47;0;1
FR;3;2022-03-06;1;0;0;0;0;0;0;0;0;4416646;3441522;4457;2;3613458;2867;47;0;1
FR;3;2022-03-07;0;0;0;0;0;0;0;0;0;4416646;3441522;4457;2;3613458;2867;47;0;1
FR;3;2022-03-08;1;0;0;0;0;0;0;0;0;4416647;3441522;4457;2;3613458;2867;47;0;1
FR;3;2022-03-09;0;0;0;0;0;0;0;0;0;4416647;3441522;4457;2;3613458;2867;47;0;1
FR;3;2022-03-10;0;0;0;0;0;0;0;0;0;4416647;3441522;4457;2;3613458;2867;47;0;1
FR;3;2022-03-11;0;0;0;0;0;0;0;0;0;4416647;3441522;4457;2;3613458;2867;47;0;1
FR;3;2022-03-12;0;0;0;0;0;0;0;0;0;4416647;3441522;4457;2;3613458;2867;47;0;1
FR;3;2022-03-13;0;0;0;0;0;0;0;0;0;4416647;3441522;4457;2;3613458;2867;47;0;1
FR;3;2022-03-14;0;0;0;0;0;0;0;0;0;4416647;3441522;4457;2;3613458;2867;47;0;1
FR;3;2022-03-15;0;0;0;0;0;0;0;0;0;4416647;3441522;4457;2;3613458;2867;47;0;1
FR;3;2022-03-16;0;0;0;0;0;0;0;0;0;4416647;3441522;4457;2;3613458;2867;47;0;1
FR;3;2022-03-17;0;0;0;0;0;0;0;0;0;4416647;3441522;4457;2;3613458;2867;47;0;1
FR;3;2022-03-18;0;0;0;0;0;0;0;0;0;4416647;3441522;4457;2;3613458;2867;47;0;1
FR;3;2022-03-19;0;0;0;0;0;0;0;0;0;4416647;3441522;4457;2;3613458;2867;47;0;1
FR;3;2022-03-20;1;0;0;0;0;0;0;0;0;4416648;3441522;4457;2;3613458;2867;47;0;1
FR;3;2022-03-21;0;0;0;0;0;0;0;0;0;4416648;3441522;4457;2;3613458;2867;47;0;1
FR;3;2022-03-22;0;0;0;0;0;0;0;0;0;4416648;3441522;4457;2;3613458;2867;47;0;1
FR;3;2022-03-23;1;0;0;0;0;0;0;0;0;4416649;3441522;4457;2;3613458;2867;47;0;1
FR;3;2022-03-24;0;0;0;0;0;0;0;0;0;4416649;3441522;4457;2;3613458;2867;47;0;1
FR;3;2022-03-25;1;0;0;0;0;0;0;0;0;4416650;3441522;4457;2;3613458;2867;47;0;1
FR;3;2022-03-26;0;0;0;0;0;0;0;0;0;4416650;3441522;4457;2;3613458;2867;47;0;1
FR;3;2022-03-27;0;0;0;0;0;0;0;0;0;4416650;3441522;4457;2;3613458;2867;47;0;1
FR;3;2022-03-28;0;0;0;0;0;0;0;0;0;4416650;3441522;4457;2;3613458;2867;47;0;1
FR;3;2022-03-29;0;0;0;0;0;0;0;0;0;4416650;3441522;4457;2;3613458;2867;47;0;1
FR;3;2022-03-30;0;0;0;0;0;0;0;0;0;4416650;3441522;4457;2;3613458;2867;47;0;1
FR;3;2022-03-31;0;0;0;0;0;0;0;0;0;4416650;3441522;4457;2;3613458;2867;47;0;1
FR;3;2022-04-01;0;0;0;0;0;0;0;0;0;4416650;3441522;4457;2;3613458;2867;47;0;1
FR;3;2022-04-02;0;0;0;0;0;0;0;0;0;4416650;3441522;4457;2;3613458;2867;47;0;1
FR;3;2022-04-03;0;0;0;0;0;0;0;0;0;4416650;3441522;4457;2;3613458;2867;47;0;1
FR;3;2022-04-04;0;0;0;0;0;0;0;0;0;4416650;3441522;4457;2;3613458;2867;47;0;1
FR;3;2022-04-05;0;0;0;0;0;0;0;0;0;4416650;3441522;4457;2;3613458;2867;47;0;1
FR;3;2022-04-06;0;0;0;0;0;0;0;0;0;4416650;3441522;4457;2;3613458;2867;47;0;1
FR;3;2022-04-07;0;0;0;0;0;0;0;0;0;4416650;3441522;4457;2;3613458;2867;47;0;1
FR;3;2022-04-08;0;0;0;0;0;0;0;0;0;4416650;3441522;4457;2;3613458;2867;47;0;1
FR;3;2022-04-09;0;0;0;0;0;0;0;0;0;4416650;3441522;4457;2;3613458;2867;47;0;1
FR;3;2022-04-10;0;0;0;0;0;0;0;0;0;4416650;3441522;4457;2;3613458;2867;47;0;1
FR;3;2022-04-11;0;0;0;0;0;0;0;0;0;4416650;3441522;4457;2;3613458;2867;47;0;1
FR;3;2022-04-12;0;0;0;0;0;0;0;0;0;4416650;3441522;4457;2;3613458;2867;47;0;1
FR;3;2022-04-13;0;0;0;0;0;0;0;0;0;4416650;3441522;4457;2;3613458;2867;47;0;1
FR;3;2022-04-14;0;0;0;0;0;0;0;0;0;4416650;3441522;4457;2;3613458;2867;47;0;1
FR;3;2022-04-15;1;0;0;0;0;0;0;0;0;4416651;3441522;4457;2;3613458;2867;47;0;1
FR;3;2022-04-16;0;0;0;0;0;0;0;0;0;4416651;3441522;4457;2;3613458;2867;47;0;1
FR;3;2022-04-17;0;0;0;0;0;0;0;0;0;4416651;3441522;4457;2;3613458;2867;47;0;1
FR;3;2022-04-18;0;0;0;0;0;0;0;0;0;4416651;3441522;4457;2;3613458;2867;47;0;1
FR;3;2022-04-19;0;0;0;0;0;0;0;0;0;4416651;3441522;4457;2;3613458;2867;47;0;1
FR;3;2022-04-20;0;0;0;0;0;0;0;0;0;4416651;3441522;4457;2;3613458;2867;47;0;1
FR;3;2022-04-21;0;0;0;0;0;0;0;0;0;4416651;3441522;4457;2;3613458;2867;47;0;1
FR;3;2022-04-22;0;0;0;0;0;0;0;0;0;4416651;3441522;4457;2;3613458;2867;47;0;1
FR;3;2022-04-23;0;0;0;0;0;0;0;0;0;4416651;3441522;4457;2;3613458;2867;47;0;1
FR;3;2022-04-24;0;0;0;0;0;0;0;0;0;4416651;3441522;4457;2;3613458;2867;47;0;1
FR;3;2022-04-25;0;0;0;0;0;0;0;0;0;4416651;3441522;4457;2;3613458;2867;47;0;1
FR;3;2022-04-26;0;0;0;0;0;0;0;0;0;4416651;3441522;4457;2;3613458;2867;47;0;1
FR;3;2022-04-27;0;0;0;0;0;0;0;0;0;4416651;3441522;4457;2;3613458;2867;47;0;1
FR;3;2022-04-28;0;0;0;0;0;0;0;0;0;4416651;3441522;4457;2;3613458;2867;47;0;1
FR;3;2022-04-29;0;0;0;0;0;0;0;0;0;4416651;3441522;4457;2;3613458;2867;47;0;1
FR;3;2022-04-30;0;0;0;0;0;0;0;0;0;4416651;3441522;4457;2;3613458;2867;47;0;1
FR;3;2022-05-01;0;0;0;0;0;0;0;0;0;4416651;3441522;4457;2;3613458;2867;47;0;1
FR;3;2022-05-02;0;0;0;0;0;0;0;0;0;4416651;3441522;4457;2;3613458;2867;47;0;1
FR;3;2022-05-03;0;0;0;0;0;0;0;0;0;4416651;3441522;4457;2;3613458;2867;47;0;1
FR;3;2022-05-04;0;0;0;0;0;0;0;0;0;4416651;3441522;4457;2;3613458;2867;47;0;1
FR;3;2022-05-05;0;0;0;0;0;0;0;0;0;4416651;3441522;4457;2;3613458;2867;47;0;1
FR;3;2022-05-06;0;0;0;0;0;0;0;0;0;4416651;3441522;4457;2;3613458;2867;47;0;1
FR;3;2022-05-07;0;0;0;0;0;0;0;0;0;4416651;3441522;4457;2;3613458;2867;47;0;1
FR;3;2022-05-08;0;0;0;0;0;0;0;0;0;4416651;3441522;4457;2;3613458;2867;47;0;1
FR;3;2022-05-09;0;0;0;0;0;0;0;0;0;4416651;3441522;4457;2;3613458;2867;47;0;1
FR;3;2022-05-10;0;0;0;0;0;0;0;0;0;4416651;3441522;4457;2;3613458;2867;47;0;1
FR;3;2022-05-11;0;0;0;0;0;0;0;0;0;4416651;3441522;4457;2;3613458;2867;47;0;1
FR;3;2022-05-12;0;0;0;0;0;0;0;0;0;4416651;3441522;4457;2;3613458;2867;47;0;1
FR;3;2022-05-13;0;0;0;0;0;0;0;0;0;4416651;3441522;4457;2;3613458;2867;47;0;1
FR;3;2022-05-14;1;0;0;0;0;0;0;0;0;4416652;3441522;4457;2;3613458;2867;47;0;1
FR;3;2022-05-15;0;0;0;0;0;0;0;0;0;4416652;3441522;4457;2;3613458;2867;47;0;1
FR;3;2022-05-16;0;0;0;0;0;0;0;0;0;4416652;3441522;4457;2;3613458;2867;47;0;1
FR;3;2022-05-17;0;0;0;0;0;0;0;0;0;4416652;3441522;4457;2;3613458;2867;47;0;1
FR;3;2022-05-18;0;0;0;0;0;0;0;0;0;4416652;3441522;4457;2;3613458;2867;47;0;1
FR;3;2022-05-19;0;0;0;0;0;0;0;0;0;4416652;3441522;4457;2;3613458;2867;47;0;1
FR;3;2022-05-20;0;0;0;0;0;0;0;0;0;4416652;3441522;4457;2;3613458;2867;47;0;1
FR;3;2022-05-21;0;0;0;0;0;0;0;0;0;4416652;3441522;4457;2;3613458;2867;47;0;1
FR;3;2022-05-22;0;0;0;0;0;0;0;0;0;4416652;3441522;4457;2;3613458;2867;47;0;1
FR;3;2022-05-23;0;0;0;0;0;0;0;0;0;4416652;3441522;4457;2;3613458;2867;47;0;1
FR;3;2022-05-24;0;0;0;0;0;0;0;0;0;4416652;3441522;4457;2;3613458;2867;47;0;1
FR;3;2022-05-25;0;0;0;0;0;0;0;0;0;4416652;3441522;4457;2;3613458;2867;47;0;1
FR;3;2022-05-26;0;0;0;0;0;0;0;0;0;4416652;3441522;4457;2;3613458;2867;47;0;1
FR;3;2022-05-27;0;0;0;0;0;0;0;0;0;4416652;3441522;4457;2;3613458;2867;47;0;1
FR;3;2022-05-28;0;0;0;0;0;0;0;0;0;4416652;3441522;4457;2;3613458;2867;47;0;1
FR;3;2022-05-29;0;0;0;0;0;0;0;0;0;4416652;3441522;4457;2;3613458;2867;47;0;1
FR;3;2022-05-30;0;0;0;0;0;0;0;0;0;4416652;3441522;4457;2;3613458;2867;47;0;1
FR;3;2022-05-31;0;0;0;0;0;0;0;0;0;4416652;3441522;4457;2;3613458;2867;47;0;1
FR;3;2022-06-01;0;0;0;0;0;0;0;0;0;4416652;3441522;4457;2;3613458;2867;47;0;1
FR;3;2022-06-02;0;0;0;0;0;0;0;0;0;4416652;3441522;4457;2;3613458;2867;47;0;1
FR;3;2022-06-03;0;0;0;0;0;0;0;0;0;4416652;3441522;4457;2;3613458;2867;47;0;1
FR;3;2022-06-04;0;0;0;0;0;0;0;0;0;4416652;3441522;4457;2;3613458;2867;47;0;1
FR;3;2022-06-05;0;0;0;0;0;0;0;0;0;4416652;3441522;4457;2;3613458;2867;47;0;1
FR;3;2022-06-06;0;0;0;0;0;0;0;0;0;4416652;3441522;4457;2;3613458;2867;47;0;1
FR;3;2022-06-07;0;0;0;0;0;0;0;0;0;4416652;3441522;4457;2;3613458;2867;47;0;1
FR;3;2022-06-08;0;0;0;0;0;0;0;0;0;4416652;3441522;4457;2;3613458;2867;47;0;1
FR;3;2022-06-09;0;0;0;0;0;0;0;0;0;4416652;3441522;4457;2;3613458;2867;47;0;1
FR;3;2022-06-10;0;0;0;0;0;0;0;0;0;4416652;3441522;4457;2;3613458;2867;47;0;1
FR;3;2022-06-11;0;0;0;0;0;0;0;0;0;4416652;3441522;4457;2;3613458;2867;47;0;1
FR;3;2022-06-12;0;0;0;0;0;0;0;0;0;4416652;3441522;4457;2;3613458;2867;47;0;1
FR;3;2022-06-13;1;0;0;0;0;0;0;0;0;4416653;3441522;4457;2;3613458;2867;47;0;1
FR;3;2022-06-14;0;0;0;0;0;0;0;0;0;4416653;3441522;4457;2;3613458;2867;47;0;1
FR;3;2022-06-15;0;0;0;0;0;0;0;0;0;4416653;3441522;4457;2;3613458;2867;47;0;1
FR;3;2022-06-16;0;0;0;0;0;0;0;0;0;4416653;3441522;4457;2;3613458;2867;47;0;1
FR;3;2022-06-17;0;0;0;0;0;0;0;0;0;4416653;3441522;4457;2;3613458;2867;47;0;1
FR;3;2022-06-18;0;0;0;0;0;0;0;0;0;4416653;3441522;4457;2;3613458;2867;47;0;1
FR;3;2022-06-19;0;0;0;0;0;0;0;0;0;4416653;3441522;4457;2;3613458;2867;47;0;1
FR;3;2022-06-20;0;0;0;0;0;0;0;0;0;4416653;3441522;4457;2;3613458;2867;47;0;1
FR;3;2022-06-21;0;0;0;0;0;0;0;0;0;4416653;3441522;4457;2;3613458;2867;47;0;1
FR;3;2022-06-22;0;0;0;0;0;0;0;0;0;4416653;3441522;4457;2;3613458;2867;47;0;1
FR;3;2022-06-23;0;0;0;0;0;0;0;0;0;4416653;3441522;4457;2;3613458;2867;47;0;1
FR;3;2022-06-24;0;0;0;0;0;0;0;0;0;4416653;3441522;4457;2;3613458;2867;47;0;1
FR;3;2022-06-25;0;0;0;0;0;0;0;0;0;4416653;3441522;4457;2;3613458;2867;47;0;1
FR;3;2022-06-26;0;0;0;0;0;0;0;0;0;4416653;3441522;4457;2;3613458;2867;47;0;1
FR;3;2022-06-27;0;0;0;0;0;0;0;0;0;4416653;3441522;4457;2;3613458;2867;47;0;1
FR;3;2022-06-28;0;0;0;0;0;0;0;0;0;4416653;3441522;4457;2;3613458;2867;47;0;1
FR;3;2022-06-29;1;0;0;0;0;0;0;0;0;4416654;3441522;4457;2;3613458;2867;47;0;1
FR;3;2022-06-30;0;0;0;0;0;0;0;0;0;4416654;3441522;4457;2;3613458;2867;47;0;1
FR;3;2022-07-01;0;0;0;0;0;0;0;0;0;4416654;3441522;4457;2;3613458;2867;47;0;1
FR;3;2022-07-02;0;0;0;0;0;0;0;0;0;4416654;3441522;4457;2;3613458;2867;47;0;1
FR;3;2022-07-03;0;0;0;0;0;0;0;0;0;4416654;3441522;4457;2;3613458;2867;47;0;1
FR;3;2022-07-04;0;0;0;0;0;0;0;0;0;4416654;3441522;4457;2;3613458;2867;47;0;1
FR;3;2022-07-05;0;0;0;0;0;0;0;0;0;4416654;3441522;4457;2;3613458;2867;47;0;1
FR;3;2022-07-06;0;0;0;0;0;0;0;0;0;4416654;3441522;4457;2;3613458;2867;47;0;1
FR;3;2022-07-07;0;0;0;0;0;0;0;0;0;4416654;3441522;4457;2;3613458;2867;47;0;1
FR;3;2022-07-08;0;0;0;0;0;0;0;0;0;4416654;3441522;4457;2;3613458;2867;47;0;1
FR;3;2022-07-09;0;0;0;0;0;0;0;0;0;4416654;3441522;4457;2;3613458;2867;47;0;1
FR;3;2022-07-10;0;0;0;0;0;0;0;0;0;4416654;3441522;4457;2;3613458;2867;47;0;1
FR;3;2022-07-11;0;0;0;0;0;0;0;0;0;4416654;3441522;4457;2;3613458;2867;47;0;1
FR;3;2022-07-12;0;0;0;0;0;0;0;0;0;4416654;3441522;4457;2;3613458;2867;47;0;1
FR;3;2022-07-13;0;0;0;0;0;0;0;0;0;4416654;3441522;4457;2;3613458;2867;47;0;1
FR;3;2022-07-14;0;0;0;0;0;0;0;0;0;4416654;3441522;4457;2;3613458;2867;47;0;1
FR;3;2022-07-15;0;0;0;0;0;0;0;0;0;4416654;3441522;4457;2;3613458;2867;47;0;1
FR;3;2022-07-16;0;0;0;0;0;0;0;0;0;4416654;3441522;4457;2;3613458;2867;47;0;1
FR;3;2022-07-17;0;0;0;0;0;0;0;0;0;4416654;3441522;4457;2;3613458;2867;47;0;1
FR;3;2022-07-18;0;0;0;0;0;0;0;0;0;4416654;3441522;4457;2;3613458;2867;47;0;1
FR;3;2022-07-19;0;0;0;0;0;0;0;0;0;4416654;3441522;4457;2;3613458;2867;47;0;1
FR;3;2022-07-20;0;0;0;0;0;0;0;0;0;4416654;3441522;4457;2;3613458;2867;47;0;1
FR;3;2022-07-21;0;0;0;0;0;0;0;0;0;4416654;3441522;4457;2;3613458;2867;47;0;1
FR;3;2022-07-22;0;0;0;0;0;0;0;0;0;4416654;3441522;4457;2;3613458;2867;47;0;1
FR;3;2022-07-23;0;0;0;0;0;0;0;0;0;4416654;3441522;4457;2;3613458;2867;47;0;1
FR;3;2022-07-24;0;0;0;0;0;0;0;0;0;4416654;3441522;4457;2;3613458;2867;47;0;1
FR;3;2022-07-25;0;0;0;0;0;0;0;0;0;4416654;3441522;4457;2;3613458;2867;47;0;1
FR;3;2022-07-26;0;0;0;0;0;0;0;0;0;4416654;3441522;4457;2;3613458;2867;47;0;1
FR;3;2022-07-27;0;0;0;0;0;0;0;0;0;4416654;3441522;4457;2;3613458;2867;47;0;1
FR;3;2022-07-28;0;0;0;0;0;0;0;0;0;4416654;3441522;4457;2;3613458;2867;47;0;1
FR;3;2022-07-29;0;0;0;0;0;0;0;0;0;4416654;3441522;4457;2;3613458;2867;47;0;1
FR;3;2022-07-30;0;0;0;0;0;0;0;0;0;4416654;3441522;4457;2;3613458;2867;47;0;1
FR;3;2022-07-31;0;0;0;0;0;0;0;0;0;4416654;3441522;4457;2;3613458;2867;47;0;1
FR;3;2022-08-01;0;0;0;0;0;0;0;0;0;4416654;3441522;4457;2;3613458;2867;47;0;1
FR;3;2022-08-02;0;0;0;0;0;0;0;0;0;4416654;3441522;4457;2;3613458;2867;47;0;1
FR;3;2022-08-03;0;0;0;0;0;0;0;0;0;4416654;3441522;4457;2;3613458;2867;47;0;1
FR;3;2022-08-04;0;0;0;0;0;0;0;0;0;4416654;3441522;4457;2;3613458;2867;47;0;1
FR;3;2022-08-05;0;0;0;0;0;0;0;0;0;4416654;3441522;4457;2;3613458;2867;47;0;1
FR;3;2022-08-06;0;0;0;0;0;0;0;0;0;4416654;3441522;4457;2;3613458;2867;47;0;1
FR;3;2022-08-07;0;0;0;0;0;0;0;0;0;4416654;3441522;4457;2;3613458;2867;47;0;1
FR;3;2022-08-08;0;0;0;0;0;0;0;0;0;4416654;3441522;4457;2;3613458;2867;47;0;1
FR;3;2022-08-09;0;0;0;0;0;0;0;0;0;4416654;3441522;4457;2;3613458;2867;47;0;1
FR;3;2022-08-10;0;0;0;0;0;0;0;0;0;4416654;3441522;4457;2;3613458;2867;47;0;1
FR;3;2022-08-11;0;0;0;0;0;0;0;0;0;4416654;3441522;4457;2;3613458;2867;47;0;1
FR;3;2022-08-12;0;0;0;0;0;0;0;0;0;4416654;3441522;4457;2;3613458;2867;47;0;1
FR;3;2022-08-13;0;0;0;0;0;0;0;0;0;4416654;3441522;4457;2;3613458;2867;47;0;1
FR;3;2022-08-14;0;0;0;0;0;0;0;0;0;4416654;3441522;4457;2;3613458;2867;47;0;1
FR;3;2022-08-15;0;0;0;0;0;0;0;0;0;4416654;3441522;4457;2;3613458;2867;47;0;1
FR;3;2022-08-16;0;0;0;0;0;0;0;0;0;4416654;3441522;4457;2;3613458;2867;47;0;1
FR;3;2022-08-17;0;0;0;0;0;0;0;0;0;4416654;3441522;4457;2;3613458;2867;47;0;1
FR;3;2022-08-18;0;0;0;0;0;0;0;0;0;4416654;3441522;4457;2;3613458;2867;47;0;1
FR;3;2022-08-19;0;0;0;0;0;0;0;0;0;4416654;3441522;4457;2;3613458;2867;47;0;1
FR;3;2022-08-20;0;0;0;0;0;0;0;0;0;4416654;3441522;4457;2;3613458;2867;47;0;1
FR;3;2022-08-21;0;0;0;0;0;0;0;0;0;4416654;3441522;4457;2;3613458;2867;47;0;1
FR;3;2022-08-22;0;0;0;0;0;0;0;0;0;4416654;3441522;4457;2;3613458;2867;47;0;1
FR;3;2022-08-23;0;0;0;0;0;0;0;0;0;4416654;3441522;4457;2;3613458;2867;47;0;1
FR;3;2022-08-24;0;0;0;0;0;0;0;0;0;4416654;3441522;4457;2;3613458;2867;47;0;1
FR;3;2022-08-25;0;0;0;0;0;0;0;0;0;4416654;3441522;4457;2;3613458;2867;47;0;1
FR;3;2022-08-26;0;0;0;0;0;0;0;0;0;4416654;3441522;4457;2;3613458;2867;47;0;1
FR;3;2022-08-27;0;0;0;0;0;0;0;0;0;4416654;3441522;4457;2;3613458;2867;47;0;1
FR;3;2022-08-28;0;0;0;0;0;0;0;0;0;4416654;3441522;4457;2;3613458;2867;47;0;1
FR;3;2022-08-29;0;0;0;0;0;0;0;0;0;4416654;3441522;4457;2;3613458;2867;47;0;1
FR;3;2022-08-30;0;0;0;0;0;0;0;0;0;4416654;3441522;4457;2;3613458;2867;47;0;1
FR;3;2022-08-31;0;0;0;0;0;0;0;0;0;4416654;3441522;4457;2;3613458;2867;47;0;1
FR;3;2022-09-01;0;0;0;0;0;0;0;0;0;4416654;3441522;4457;2;3613458;2867;47;0;1
FR;3;2022-09-02;0;0;0;0;0;0;0;0;0;4416654;3441522;4457;2;3613458;2867;47;0;1
FR;3;2022-09-03;0;0;0;0;0;0;0;0;0;4416654;3441522;4457;2;3613458;2867;47;0;1
FR;3;2022-09-04;0;0;0;0;0;0;0;0;0;4416654;3441522;4457;2;3613458;2867;47;0;1
FR;3;2022-09-05;0;0;0;0;0;0;0;0;0;4416654;3441522;4457;2;3613458;2867;47;0;1
FR;3;2022-09-06;0;0;0;0;0;0;0;0;0;4416654;3441522;4457;2;3613458;2867;47;0;1
FR;3;2022-09-07;0;0;0;0;0;0;0;0;0;4416654;3441522;4457;2;3613458;2867;47;0;1
FR;3;2022-09-08;0;0;0;0;0;0;0;0;0;4416654;3441522;4457;2;3613458;2867;47;0;1
FR;3;2022-09-09;0;0;0;0;0;0;0;0;0;4416654;3441522;4457;2;3613458;2867;47;0;1
FR;3;2022-09-10;0;0;0;0;0;0;0;0;0;4416654;3441522;4457;2;3613458;2867;47;0;1
FR;3;2022-09-11;0;0;0;0;0;0;0;0;0;4416654;3441522;4457;2;3613458;2867;47;0;1
FR;3;2022-09-12;0;0;0;0;0;0;0;0;0;4416654;3441522;4457;2;3613458;2867;47;0;1
FR;3;2022-09-13;0;0;0;0;0;0;0;0;0;4416654;3441522;4457;2;3613458;2867;47;0;1
FR;3;2022-09-14;0;0;0;0;0;0;0;0;0;4416654;3441522;4457;2;3613458;2867;47;0;1
FR;3;2022-09-15;0;0;0;0;0;0;0;0;0;4416654;3441522;4457;2;3613458;2867;47;0;1
FR;3;2022-09-16;0;0;0;0;0;0;0;0;0;4416654;3441522;4457;2;3613458;2867;47;0;1
FR;3;2022-09-17;0;0;0;0;0;0;0;0;0;4416654;3441522;4457;2;3613458;2867;47;0;1
FR;3;2022-09-18;0;0;0;0;0;0;0;0;0;4416654;3441522;4457;2;3613458;2867;47;0;1
FR;3;2022-09-19;0;0;0;0;0;0;0;0;0;4416654;3441522;4457;2;3613458;2867;47;0;1
FR;3;2022-09-20;0;0;0;0;0;0;0;0;0;4416654;3441522;4457;2;3613458;2867;47;0;1
FR;3;2022-09-21;0;0;0;0;0;0;0;0;0;4416654;3441522;4457;2;3613458;2867;47;0;1
FR;3;2022-09-22;0;0;0;0;0;0;0;0;0;4416654;3441522;4457;2;3613458;2867;47;0;1
FR;3;2022-09-23;0;0;0;0;0;0;0;0;0;4416654;3441522;4457;2;3613458;2867;47;0;1
FR;3;2022-09-24;0;0;0;0;0;0;0;0;0;4416654;3441522;4457;2;3613458;2867;47;0;1
FR;3;2022-09-25;0;0;0;0;0;0;0;0;0;4416654;3441522;4457;2;3613458;2867;47;0;1
FR;3;2022-09-26;0;0;0;0;0;0;0;0;0;4416654;3441522;4457;2;3613458;2867;47;0;1
FR;3;2022-09-27;0;0;0;0;0;0;0;0;0;4416654;3441522;4457;2;3613458;2867;47;0;1
FR;3;2022-09-28;0;0;0;0;0;0;0;0;0;4416654;3441522;4457;2;3613458;2867;47;0;1
FR;3;2022-09-29;0;0;0;0;0;0;0;0;0;4416654;3441522;4457;2;3613458;2867;47;0;1
FR;3;2022-09-30;0;0;0;0;0;0;0;0;0;4416654;3441522;4457;2;3613458;2867;47;0;1
FR;3;2022-10-01;0;0;0;0;0;0;0;0;0;4416654;3441522;4457;2;3613458;2867;47;0;1
FR;3;2022-10-02;0;0;0;0;0;0;0;0;0;4416654;3441522;4457;2;3613458;2867;47;0;1
FR;3;2022-10-03;0;0;0;0;0;0;0;0;0;4416654;3441522;4457;2;3613458;2867;47;0;1
FR;3;2022-10-04;0;0;0;0;0;0;0;0;0;4416654;3441522;4457;2;3613458;2867;47;0;1
FR;3;2022-10-05;0;0;0;0;0;0;0;0;0;4416654;3441522;4457;2;3613458;2867;47;0;1
FR;3;2022-10-06;0;0;0;0;0;0;0;0;0;4416654;3441522;4457;2;3613458;2867;47;0;1
FR;3;2022-10-07;0;0;0;0;0;0;0;0;0;4416654;3441522;4457;2;3613458;2867;47;0;1
FR;3;2022-10-08;0;0;0;0;0;0;0;0;0;4416654;3441522;4457;2;3613458;2867;47;0;1
FR;3;2022-10-09;0;0;0;0;0;0;0;0;0;4416654;3441522;4457;2;3613458;2867;47;0;1
FR;3;2022-10-10;0;0;0;0;0;0;0;0;0;4416654;3441522;4457;2;3613458;2867;47;0;1
FR;3;2022-10-11;0;0;0;0;0;0;0;0;0;4416654;3441522;4457;2;3613458;2867;47;0;1
FR;3;2022-10-12;0;0;0;0;0;0;0;0;0;4416654;3441522;4457;2;3613458;2867;47;0;1
FR;3;2022-10-13;0;0;0;0;0;0;0;0;0;4416654;3441522;4457;2;3613458;2867;47;0;1
FR;3;2022-10-14;0;0;0;0;0;0;0;0;0;4416654;3441522;4457;2;3613458;2867;47;0;1
FR;3;2022-10-15;0;0;0;0;0;0;0;0;0;4416654;3441522;4457;2;3613458;2867;47;0;1
FR;3;2022-10-16;0;0;0;0;0;0;0;0;0;4416654;3441522;4457;2;3613458;2867;47;0;1
FR;3;2022-10-17;0;0;0;0;0;0;0;0;0;4416654;3441522;4457;2;3613458;2867;47;0;1
FR;3;2022-10-18;0;0;0;0;0;0;0;0;0;4416654;3441522;4457;2;3613458;2867;47;0;1
FR;3;2022-10-19;0;0;0;0;0;0;0;0;0;4416654;3441522;4457;2;3613458;2867;47;0;1
FR;3;2022-10-20;0;0;0;0;0;0;0;0;0;4416654;3441522;4457;2;3613458;2867;47;0;1
FR;3;2022-10-21;0;0;0;0;0;0;0;0;0;4416654;3441522;4457;2;3613458;2867;47;0;1
FR;3;2022-10-22;0;0;0;0;0;0;0;0;0;4416654;3441522;4457;2;3613458;2867;47;0;1
FR;3;2022-10-23;0;0;0;0;0;0;0;0;0;4416654;3441522;4457;2;3613458;2867;47;0;1
FR;3;2022-10-24;0;0;0;0;0;0;0;0;0;4416654;3441522;4457;2;3613458;2867;47;0;1
FR;3;2022-10-25;0;0;0;0;0;0;0;0;0;4416654;3441522;4457;2;3613458;2867;47;0;1
FR;3;2022-10-26;0;0;0;0;0;0;0;0;0;4416654;3441522;4457;2;3613458;2867;47;0;1
FR;3;2022-10-27;0;0;0;0;0;0;0;0;0;4416654;3441522;4457;2;3613458;2867;47;0;1
FR;3;2022-10-28;0;0;0;0;0;0;0;0;0;4416654;3441522;4457;2;3613458;2867;47;0;1
FR;3;2022-10-29;0;0;0;0;0;0;0;0;0;4416654;3441522;4457;2;3613458;2867;47;0;1
FR;3;2022-10-30;0;0;0;0;0;0;0;0;0;4416654;3441522;4457;2;3613458;2867;47;0;1
FR;3;2022-10-31;0;0;0;0;0;0;0;0;0;4416654;3441522;4457;2;3613458;2867;47;0;1
FR;3;2022-11-01;0;0;0;0;0;0;0;0;0;4416654;3441522;4457;2;3613458;2867;47;0;1
FR;3;2022-11-02;0;0;0;0;0;0;0;0;0;4416654;3441522;4457;2;3613458;2867;47;0;1
FR;3;2022-11-03;0;0;0;0;0;0;0;0;0;4416654;3441522;4457;2;3613458;2867;47;0;1
FR;3;2022-11-04;0;0;0;0;0;0;0;0;0;4416654;3441522;4457;2;3613458;2867;47;0;1
FR;3;2022-11-05;0;0;0;0;0;0;0;0;0;4416654;3441522;4457;2;3613458;2867;47;0;1
FR;3;2022-11-06;0;0;0;0;0;0;0;0;0;4416654;3441522;4457;2;3613458;2867;47;0;1
FR;3;2022-11-07;0;0;0;0;0;0;0;0;0;4416654;3441522;4457;2;3613458;2867;47;0;1
FR;3;2022-11-08;1;0;0;0;0;0;0;0;0;4416655;3441522;4457;2;3613458;2867;47;0;1
FR;3;2022-11-09;0;0;0;0;0;0;0;0;0;4416655;3441522;4457;2;3613458;2867;47;0;1
FR;3;2022-11-10;0;0;0;0;0;0;0;0;0;4416655;3441522;4457;2;3613458;2867;47;0;1
FR;3;2022-11-11;0;0;0;0;0;0;0;0;0;4416655;3441522;4457;2;3613458;2867;47;0;1
FR;3;2022-11-12;0;0;0;0;0;0;0;0;0;4416655;3441522;4457;2;3613458;2867;47;0;1
FR;3;2022-11-13;0;0;0;0;0;0;0;0;0;4416655;3441522;4457;2;3613458;2867;47;0;1
FR;3;2022-11-14;0;0;0;0;0;0;0;0;0;4416655;3441522;4457;2;3613458;2867;47;0;1
FR;3;2022-11-15;0;0;0;0;0;0;0;0;0;4416655;3441522;4457;2;3613458;2867;47;0;1
FR;3;2022-11-16;0;0;0;0;0;0;0;0;0;4416655;3441522;4457;2;3613458;2867;47;0;1
FR;3;2022-11-17;0;0;0;0;0;0;0;0;0;4416655;3441522;4457;2;3613458;2867;47;0;1
FR;3;2022-11-18;0;0;0;0;0;0;0;0;0;4416655;3441522;4457;2;3613458;2867;47;0;1
FR;3;2022-11-19;0;0;0;0;0;0;0;0;0;4416655;3441522;4457;2;3613458;2867;47;0;1
FR;3;2022-11-20;0;0;0;0;0;0;0;0;0;4416655;3441522;4457;2;3613458;2867;47;0;1
FR;3;2022-11-21;0;0;0;0;0;0;0;0;0;4416655;3441522;4457;2;3613458;2867;47;0;1
FR;3;2022-11-22;0;0;0;0;0;0;0;0;0;4416655;3441522;4457;2;3613458;2867;47;0;1
FR;3;2022-11-23;0;0;0;0;0;0;0;0;0;4416655;3441522;4457;2;3613458;2867;47;0;1
FR;3;2022-11-24;0;0;0;0;0;0;0;0;0;4416655;3441522;4457;2;3613458;2867;47;0;1
FR;3;2022-11-25;0;0;0;0;0;0;0;0;0;4416655;3441522;4457;2;3613458;2867;47;0;1
FR;3;2022-11-26;0;0;0;0;0;0;0;0;0;4416655;3441522;4457;2;3613458;2867;47;0;1
FR;3;2022-11-27;0;0;0;0;0;0;0;0;0;4416655;3441522;4457;2;3613458;2867;47;0;1
FR;3;2022-11-28;0;0;0;0;0;0;0;0;0;4416655;3441522;4457;2;3613458;2867;47;0;1
FR;3;2022-11-29;0;0;0;0;0;0;0;0;0;4416655;3441522;4457;2;3613458;2867;47;0;1
FR;3;2022-11-30;0;0;0;0;0;0;0;0;0;4416655;3441522;4457;2;3613458;2867;47;0;1
FR;3;2022-12-01;0;0;0;0;0;0;0;0;0;4416655;3441522;4457;2;3613458;2867;47;0;1
FR;3;2022-12-02;0;0;0;0;0;0;0;0;0;4416655;3441522;4457;2;3613458;2867;47;0;1
FR;3;2022-12-03;0;0;0;0;0;0;0;0;0;4416655;3441522;4457;2;3613458;2867;47;0;1
FR;3;2022-12-04;0;0;0;0;0;0;0;0;0;4416655;3441522;4457;2;3613458;2867;47;0;1
FR;3;2022-12-05;0;0;0;0;0;0;0;0;0;4416655;3441522;4457;2;3613458;2867;47;0;1
FR;3;2022-12-06;0;0;0;0;0;0;0;0;0;4416655;3441522;4457;2;3613458;2867;47;0;1
FR;3;2022-12-07;0;0;0;0;0;0;0;0;0;4416655;3441522;4457;2;3613458;2867;47;0;1
FR;3;2022-12-08;0;0;0;0;0;0;0;0;0;4416655;3441522;4457;2;3613458;2867;47;0;1
FR;3;2022-12-09;0;0;0;0;0;0;0;0;0;4416655;3441522;4457;2;3613458;2867;47;0;1
FR;3;2022-12-10;0;0;0;0;0;0;0;0;0;4416655;3441522;4457;2;3613458;2867;47;0;1
FR;3;2022-12-11;0;0;0;0;0;0;0;0;0;4416655;3441522;4457;2;3613458;2867;47;0;1
FR;3;2022-12-12;0;0;0;0;0;0;0;0;0;4416655;3441522;4457;2;3613458;2867;47;0;1
FR;3;2022-12-13;0;0;0;0;0;0;0;0;0;4416655;3441522;4457;2;3613458;2867;47;0;1
FR;3;2022-12-14;0;0;0;0;0;0;0;0;0;4416655;3441522;4457;2;3613458;2867;47;0;1
FR;3;2022-12-15;0;0;0;0;0;0;0;0;0;4416655;3441522;4457;2;3613458;2867;47;0;1
FR;3;2022-12-16;0;0;0;0;0;0;0;0;0;4416655;3441522;4457;2;3613458;2867;47;0;1
FR;3;2022-12-17;0;0;0;0;0;0;0;0;0;4416655;3441522;4457;2;3613458;2867;47;0;1
FR;3;2022-12-18;0;0;0;0;0;0;0;0;0;4416655;3441522;4457;2;3613458;2867;47;0;1
FR;3;2022-12-19;0;0;0;0;0;0;0;0;0;4416655;3441522;4457;2;3613458;2867;47;0;1
FR;3;2022-12-20;0;0;0;0;0;0;0;0;0;4416655;3441522;4457;2;3613458;2867;47;0;1
FR;3;2022-12-21;0;0;0;0;0;0;0;0;0;4416655;3441522;4457;2;3613458;2867;47;0;1
FR;4;2020-12-27;0;0;0;0;0;0;0;0;0;0;0;0;0;0;0;0;0;0
FR;4;2020-12-28;0;0;0;0;0;0;0;0;0;0;0;0;0;0;0;0;0;0
FR;4;2020-12-29;0;0;0;0;0;0;0;0;0;0;0;0;0;0;0;0;0;0
FR;4;2020-12-30;0;0;0;0;0;0;0;0;0;0;0;0;0;0;0;0;0;0
FR;4;2020-12-31;0;0;0;0;0;0;0;0;0;0;0;0;0;0;0;0;0;0
FR;4;2021-01-01;0;0;0;0;0;0;0;0;0;0;0;0;0;0;0;0;0;0
FR;4;2021-01-02;0;0;0;0;0;0;0;0;0;0;0;0;0;0;0;0;0;0
FR;4;2021-01-03;0;0;0;0;0;0;0;0;0;0;0;0;0;0;0;0;0;0
FR;4;2021-01-04;0;0;0;0;0;0;0;0;0;0;0;0;0;0;0;0;0;0
FR;4;2021-01-05;0;0;0;0;0;0;0;0;0;0;0;0;0;0;0;0;0;0
FR;4;2021-01-06;0;0;0;0;0;0;0;0;0;0;0;0;0;0;0;0;0;0
FR;4;2021-01-07;0;0;0;0;0;0;0;0;0;0;0;0;0;0;0;0;0;0
FR;4;2021-01-08;0;0;0;0;0;0;0;0;0;0;0;0;0;0;0;0;0;0
FR;4;2021-01-09;0;0;0;0;0;0;0;0;0;0;0;0;0;0;0;0;0;0
FR;4;2021-01-10;0;0;0;0;0;0;0;0;0;0;0;0;0;0;0;0;0;0
FR;4;2021-01-11;0;0;0;0;0;0;0;0;0;0;0;0;0;0;0;0;0;0
FR;4;2021-01-12;0;0;0;0;0;0;0;0;0;0;0;0;0;0;0;0;0;0
FR;4;2021-01-13;0;0;0;0;0;0;0;0;0;0;0;0;0;0;0;0;0;0
FR;4;2021-01-14;0;0;0;0;0;0;0;0;0;0;0;0;0;0;0;0;0;0
FR;4;2021-01-15;0;0;0;0;0;0;0;0;0;0;0;0;0;0;0;0;0;0
FR;4;2021-01-16;0;0;0;0;0;0;0;0;0;0;0;0;0;0;0;0;0;0
FR;4;2021-01-17;0;0;0;0;0;0;0;0;0;0;0;0;0;0;0;0;0;0
FR;4;2021-01-18;0;0;0;0;0;0;0;0;0;0;0;0;0;0;0;0;0;0
FR;4;2021-01-19;0;0;0;0;0;0;0;0;0;0;0;0;0;0;0;0;0;0
FR;4;2021-01-20;0;0;0;0;0;0;0;0;0;0;0;0;0;0;0;0;0;0
FR;4;2021-01-21;0;0;0;0;0;0;0;0;0;0;0;0;0;0;0;0;0;0
FR;4;2021-01-22;0;0;0;0;0;0;0;0;0;0;0;0;0;0;0;0;0;0
FR;4;2021-01-23;0;0;0;0;0;0;0;0;0;0;0;0;0;0;0;0;0;0
FR;4;2021-01-24;0;0;0;0;0;0;0;0;0;0;0;0;0;0;0;0;0;0
FR;4;2021-01-25;0;0;0;0;0;0;0;0;0;0;0;0;0;0;0;0;0;0
FR;4;2021-01-26;0;0;0;0;0;0;0;0;0;0;0;0;0;0;0;0;0;0
FR;4;2021-01-27;0;0;0;0;0;0;0;0;0;0;0;0;0;0;0;0;0;0
FR;4;2021-01-28;0;0;0;0;0;0;0;0;0;0;0;0;0;0;0;0;0;0
FR;4;2021-01-29;0;0;0;0;0;0;0;0;0;0;0;0;0;0;0;0;0;0
FR;4;2021-01-30;0;0;0;0;0;0;0;0;0;0;0;0;0;0;0;0;0;0
FR;4;2021-01-31;0;0;0;0;0;0;0;0;0;0;0;0;0;0;0;0;0;0
FR;4;2021-02-01;0;0;0;0;0;0;0;0;0;0;0;0;0;0;0;0;0;0
FR;4;2021-02-02;0;0;0;0;0;0;0;0;0;0;0;0;0;0;0;0;0;0
FR;4;2021-02-03;0;0;0;0;0;0;0;0;0;0;0;0;0;0;0;0;0;0
FR;4;2021-02-04;0;0;0;0;0;0;0;0;0;0;0;0;0;0;0;0;0;0
FR;4;2021-02-05;0;0;0;0;0;0;0;0;0;0;0;0;0;0;0;0;0;0
FR;4;2021-02-06;0;0;0;0;0;0;0;0;0;0;0;0;0;0;0;0;0;0
FR;4;2021-02-07;0;0;0;0;0;0;0;0;0;0;0;0;0;0;0;0;0;0
FR;4;2021-02-08;0;0;0;0;0;0;0;0;0;0;0;0;0;0;0;0;0;0
FR;4;2021-02-09;0;0;0;0;0;0;0;0;0;0;0;0;0;0;0;0;0;0
FR;4;2021-02-10;0;0;0;0;0;0;0;0;0;0;0;0;0;0;0;0;0;0
FR;4;2021-02-11;0;0;0;0;0;0;0;0;0;0;0;0;0;0;0;0;0;0
FR;4;2021-02-12;0;0;0;0;0;0;0;0;0;0;0;0;0;0;0;0;0;0
FR;4;2021-02-13;0;0;0;0;0;0;0;0;0;0;0;0;0;0;0;0;0;0
FR;4;2021-02-14;0;0;0;0;0;0;0;0;0;0;0;0;0;0;0;0;0;0
FR;4;2021-02-15;0;0;0;0;0;0;0;0;0;0;0;0;0;0;0;0;0;0
FR;4;2021-02-16;0;0;0;0;0;0;0;0;0;0;0;0;0;0;0;0;0;0
FR;4;2021-02-17;0;0;0;0;0;0;0;0;0;0;0;0;0;0;0;0;0;0
FR;4;2021-02-18;0;0;0;0;0;0;0;0;0;0;0;0;0;0;0;0;0;0
FR;4;2021-02-19;0;0;0;0;0;0;0;0;0;0;0;0;0;0;0;0;0;0
FR;4;2021-02-20;0;0;0;0;0;0;0;0;0;0;0;0;0;0;0;0;0;0
FR;4;2021-02-21;0;0;0;0;0;0;0;0;0;0;0;0;0;0;0;0;0;0
FR;4;2021-02-22;0;0;0;0;0;0;0;0;0;0;0;0;0;0;0;0;0;0
FR;4;2021-02-23;0;0;0;0;0;0;0;0;0;0;0;0;0;0;0;0;0;0
FR;4;2021-02-24;0;0;0;0;0;0;0;0;0;0;0;0;0;0;0;0;0;0
FR;4;2021-02-25;0;0;0;0;0;0;0;0;0;0;0;0;0;0;0;0;0;0
FR;4;2021-02-26;0;0;0;0;0;0;0;0;0;0;0;0;0;0;0;0;0;0
FR;4;2021-02-27;0;0;0;0;0;0;0;0;0;0;0;0;0;0;0;0;0;0
FR;4;2021-02-28;0;0;0;0;0;0;0;0;0;0;0;0;0;0;0;0;0;0
FR;4;2021-03-01;0;0;0;0;0;0;0;0;0;0;0;0;0;0;0;0;0;0
FR;4;2021-03-02;0;0;0;0;0;0;0;0;0;0;0;0;0;0;0;0;0;0
FR;4;2021-03-03;0;0;0;0;0;0;0;0;0;0;0;0;0;0;0;0;0;0
FR;4;2021-03-04;0;0;0;0;0;0;0;0;0;0;0;0;0;0;0;0;0;0
FR;4;2021-03-05;0;0;0;0;0;0;0;0;0;0;0;0;0;0;0;0;0;0
FR;4;2021-03-06;0;0;0;0;0;0;0;0;0;0;0;0;0;0;0;0;0;0
FR;4;2021-03-07;0;0;0;0;0;0;0;0;0;0;0;0;0;0;0;0;0;0
FR;4;2021-03-08;0;0;0;0;0;0;0;0;0;0;0;0;0;0;0;0;0;0
FR;4;2021-03-09;0;0;0;0;0;0;0;0;0;0;0;0;0;0;0;0;0;0
FR;4;2021-03-10;0;0;0;0;0;0;0;0;0;0;0;0;0;0;0;0;0;0
FR;4;2021-03-11;0;0;0;0;0;0;0;0;0;0;0;0;0;0;0;0;0;0
FR;4;2021-03-12;0;0;0;0;0;0;0;0;0;0;0;0;0;0;0;0;0;0
FR;4;2021-03-13;0;0;0;0;0;0;0;0;0;0;0;0;0;0;0;0;0;0
FR;4;2021-03-14;0;0;0;0;0;0;0;0;0;0;0;0;0;0;0;0;0;0
FR;4;2021-03-15;0;0;0;0;0;0;0;0;0;0;0;0;0;0;0;0;0;0
FR;4;2021-03-16;0;0;0;0;0;0;0;0;0;0;0;0;0;0;0;0;0;0
FR;4;2021-03-17;0;0;0;0;0;0;0;0;0;0;0;0;0;0;0;0;0;0
FR;4;2021-03-18;0;0;0;0;0;0;0;0;0;0;0;0;0;0;0;0;0;0
FR;4;2021-03-19;0;0;0;0;0;0;0;0;0;0;0;0;0;0;0;0;0;0
FR;4;2021-03-20;0;0;0;0;0;0;0;0;0;0;0;0;0;0;0;0;0;0
FR;4;2021-03-21;0;0;0;0;0;0;0;0;0;0;0;0;0;0;0;0;0;0
FR;4;2021-03-22;0;0;0;0;0;0;0;0;0;0;0;0;0;0;0;0;0;0
FR;4;2021-03-23;0;0;0;0;0;0;0;0;0;0;0;0;0;0;0;0;0;0
FR;4;2021-03-24;0;0;0;0;0;0;0;0;0;0;0;0;0;0;0;0;0;0
FR;4;2021-03-25;0;0;0;0;0;0;0;0;0;0;0;0;0;0;0;0;0;0
FR;4;2021-03-26;0;0;0;0;0;0;0;0;0;0;0;0;0;0;0;0;0;0
FR;4;2021-03-27;0;0;0;0;0;0;0;0;0;0;0;0;0;0;0;0;0;0
FR;4;2021-03-28;0;0;0;0;0;0;0;0;0;0;0;0;0;0;0;0;0;0
FR;4;2021-03-29;0;0;0;0;0;0;0;0;0;0;0;0;0;0;0;0;0;0
FR;4;2021-03-30;0;0;0;0;0;0;0;0;0;0;0;0;0;0;0;0;0;0
FR;4;2021-03-31;0;0;0;0;0;0;0;0;0;0;0;0;0;0;0;0;0;0
FR;4;2021-04-01;0;0;0;0;0;0;0;0;0;0;0;0;0;0;0;0;0;0
FR;4;2021-04-02;0;0;0;0;0;0;0;0;0;0;0;0;0;0;0;0;0;0
FR;4;2021-04-03;0;0;0;0;0;0;0;0;0;0;0;0;0;0;0;0;0;0
FR;4;2021-04-04;0;0;0;0;0;0;0;0;0;0;0;0;0;0;0;0;0;0
FR;4;2021-04-05;0;0;0;0;0;0;0;0;0;0;0;0;0;0;0;0;0;0
FR;4;2021-04-06;0;0;0;0;0;0;0;0;0;0;0;0;0;0;0;0;0;0
FR;4;2021-04-07;0;0;0;0;0;0;0;0;0;0;0;0;0;0;0;0;0;0
FR;4;2021-04-08;0;0;0;0;0;0;0;0;0;0;0;0;0;0;0;0;0;0
FR;4;2021-04-09;0;0;0;0;0;0;0;0;0;0;0;0;0;0;0;0;0;0
FR;4;2021-04-10;0;0;0;0;0;0;0;0;0;0;0;0;0;0;0;0;0;0
FR;4;2021-04-11;0;0;0;0;0;0;0;0;0;0;0;0;0;0;0;0;0;0
FR;4;2021-04-12;0;0;0;0;0;0;0;0;0;0;0;0;0;0;0;0;0;0
FR;4;2021-04-13;0;0;0;0;0;0;0;0;0;0;0;0;0;0;0;0;0;0
FR;4;2021-04-14;0;0;0;0;0;0;0;0;0;0;0;0;0;0;0;0;0;0
FR;4;2021-04-15;0;0;0;0;0;0;0;0;0;0;0;0;0;0;0;0;0;0
FR;4;2021-04-16;0;0;0;0;0;0;0;0;0;0;0;0;0;0;0;0;0;0
FR;4;2021-04-17;0;0;0;0;0;0;0;0;0;0;0;0;0;0;0;0;0;0
FR;4;2021-04-18;0;0;0;0;0;0;0;0;0;0;0;0;0;0;0;0;0;0
FR;4;2021-04-19;0;0;0;0;0;0;0;0;0;0;0;0;0;0;0;0;0;0
FR;4;2021-04-20;0;0;0;0;0;0;0;0;0;0;0;0;0;0;0;0;0;0
FR;4;2021-04-21;0;0;0;0;0;0;0;0;0;0;0;0;0;0;0;0;0;0
FR;4;2021-04-22;0;0;0;0;0;0;0;0;0;0;0;0;0;0;0;0;0;0
FR;4;2021-04-23;3706;0;0;0;3664;0;0;0;0;3706;0;0;0;3664;0;0;0;0
FR;4;2021-04-24;1569;1;0;0;1558;0;0;0;0;5275;1;0;0;5222;0;0;0;0
FR;4;2021-04-25;125;0;0;0;125;0;0;0;0;5400;1;0;0;5347;0;0;0;0
FR;4;2021-04-26;2871;1;0;0;2860;0;0;0;0;8271;2;0;0;8207;0;0;0;0
FR;4;2021-04-27;9520;3;0;0;9501;0;0;0;0;17791;5;0;0;17708;0;0;0;0
FR;4;2021-04-28;9909;6;0;0;9884;0;0;0;0;27700;11;0;0;27592;0;0;0;0
FR;4;2021-04-29;15996;8;0;0;15980;0;0;0;0;43696;19;0;0;43572;0;0;0;0
FR;4;2021-04-30;19234;10;0;0;19204;0;0;0;0;62930;29;0;0;62776;0;0;0;0
FR;4;2021-05-01;1994;6;0;0;1992;0;0;0;0;64924;35;0;0;64768;0;0;0;0
FR;4;2021-05-02;484;0;0;0;481;0;0;0;0;65408;35;0;0;65249;0;0;0;0
FR;4;2021-05-03;5066;2;0;0;5060;0;0;0;0;70474;37;0;0;70309;0;0;0;0
FR;4;2021-05-04;8410;11;0;0;8399;0;0;0;0;78884;48;0;0;78708;0;0;0;0
FR;4;2021-05-05;6190;7;0;0;6185;0;0;0;0;85074;55;0;0;84893;0;0;0;0
FR;4;2021-05-06;11387;11;0;0;11384;0;0;0;0;96461;66;0;0;96277;0;0;0;0
FR;4;2021-05-07;19127;9;0;0;19088;0;0;0;0;115588;75;0;0;115365;0;0;0;0
FR;4;2021-05-08;2378;6;0;0;2382;0;0;0;0;117966;81;0;0;117747;0;0;0;0
FR;4;2021-05-09;690;3;0;0;691;0;0;0;0;118656;84;0;0;118438;0;0;0;0
FR;4;2021-05-10;7244;5;1;0;7241;0;0;0;0;125900;89;1;0;125679;0;0;0;0
FR;4;2021-05-11;14325;12;0;0;14305;0;0;0;0;140225;101;1;0;139984;0;0;0;0
FR;4;2021-05-12;10176;15;0;0;10179;0;0;0;0;150401;116;1;0;150163;0;0;0;0
FR;4;2021-05-13;1583;4;0;0;1584;0;0;0;0;151984;120;1;0;151747;0;0;0;0
FR;4;2021-05-14;7768;7;0;0;7762;0;0;0;0;159752;127;1;0;159509;0;0;0;0
FR;4;2021-05-15;3721;8;1;0;3720;0;0;0;0;163473;135;2;0;163229;0;0;0;0
FR;4;2021-05-16;417;1;0;0;417;0;0;0;0;163890;136;2;0;163646;0;0;0;0
FR;4;2021-05-17;4480;6;0;0;4479;0;0;0;0;168370;142;2;0;168125;0;0;0;0
FR;4;2021-05-18;8769;10;0;0;8769;0;0;0;0;177139;152;2;0;176894;0;0;0;0
FR;4;2021-05-19;5698;7;0;0;5700;0;0;0;0;182837;159;2;0;182594;0;0;0;0
FR;4;2021-05-20;9487;8;0;0;9479;0;0;0;0;192324;167;2;0;192073;0;0;0;0
FR;4;2021-05-21;12814;30;0;0;12821;0;0;0;0;205138;197;2;0;204894;0;0;0;0
FR;4;2021-05-22;5061;15;0;0;5068;0;0;0;0;210199;212;2;0;209962;0;0;0;0
FR;4;2021-05-23;497;4;0;0;500;0;0;0;0;210696;216;2;0;210462;0;0;0;0
FR;4;2021-05-24;1059;7;0;0;1063;0;0;0;0;211755;223;2;0;211525;0;0;0;0
FR;4;2021-05-25;7634;16;0;0;7640;0;0;0;0;219389;239;2;0;219165;0;0;0;0
FR;4;2021-05-26;7729;16;0;0;7738;0;0;0;0;227118;255;2;0;226903;0;0;0;0
FR;4;2021-05-27;14336;35;0;0;14345;0;0;0;0;241454;290;2;0;241248;0;0;0;0
FR;4;2021-05-28;26593;82;1;0;26634;0;0;0;0;268047;372;3;0;267882;0;0;0;0
FR;4;2021-05-29;11385;18;0;0;11385;0;0;0;0;279432;390;3;0;279267;0;0;0;0
FR;4;2021-05-30;974;7;0;0;973;0;0;0;0;280406;397;3;0;280240;0;0;0;0
FR;4;2021-05-31;12699;21;0;0;12699;0;0;0;0;293105;418;3;0;292939;0;0;0;0
FR;4;2021-06-01;20277;48;1;0;20295;0;0;0;0;313382;466;4;0;313234;0;0;0;0
FR;4;2021-06-02;14523;33;0;0;14536;0;0;0;0;327905;499;4;0;327770;0;0;0;0
FR;4;2021-06-03;19435;24;1;0;19433;0;0;0;0;347340;523;5;0;347203;0;0;0;0
FR;4;2021-06-04;22518;48;0;0;22536;0;0;0;0;369858;571;5;0;369739;0;0;0;0
FR;4;2021-06-05;9715;32;0;0;9718;0;0;0;0;379573;603;5;0;379457;0;0;0;0
FR;4;2021-06-06;1041;1;0;0;1037;0;0;0;0;380614;604;5;0;380494;0;0;0;0
FR;4;2021-06-07;9230;19;0;0;9237;0;0;0;0;389844;623;5;0;389731;0;0;0;0
FR;4;2021-06-08;14613;32;0;0;14625;0;0;0;0;404457;655;5;0;404356;0;0;0;0
FR;4;2021-06-09;12212;25;0;0;12220;0;0;0;0;416669;680;5;0;416576;0;0;0;0
FR;4;2021-06-10;15406;30;0;0;15414;0;0;0;0;432075;710;5;0;431990;0;0;0;0
FR;4;2021-06-11;16986;57;0;0;17013;0;0;0;0;449061;767;5;0;449003;0;0;0;0
FR;4;2021-06-12;7452;27;0;0;7477;0;0;0;0;456513;794;5;0;456480;0;0;0;0
FR;4;2021-06-13;908;3;0;0;910;0;0;0;0;457421;797;5;0;457390;0;0;0;0
FR;4;2021-06-14;6650;27;0;0;6660;0;0;0;0;464071;824;5;0;464050;0;0;0;0
FR;4;2021-06-15;10893;39;0;0;10910;0;0;0;0;474964;863;5;0;474960;0;0;0;0
FR;4;2021-06-16;8909;16;0;0;8917;0;0;0;0;483873;879;5;0;483877;0;0;0;0
FR;4;2021-06-17;10900;37;0;0;10912;0;0;0;0;494773;916;5;0;494789;0;0;0;0
FR;4;2021-06-18;12424;45;0;0;12451;0;0;0;0;507197;961;5;0;507240;0;0;0;0
FR;4;2021-06-19;5567;25;0;0;5587;0;0;0;0;512764;986;5;0;512827;0;0;0;0
FR;4;2021-06-20;826;5;0;0;830;0;0;0;0;513590;991;5;0;513657;0;0;0;0
FR;4;2021-06-21;5103;21;0;0;5103;0;0;0;0;518693;1012;5;0;518760;0;0;0;0
FR;4;2021-06-22;7914;29;2;0;7931;0;0;0;0;526607;1041;7;0;526691;0;0;0;0
FR;4;2021-06-23;7104;42;2;0;7131;0;0;0;0;533711;1083;9;0;533822;0;0;0;0
FR;4;2021-06-24;8655;46;1;0;8687;0;0;0;0;542366;1129;10;0;542509;0;0;0;0
FR;4;2021-06-25;10177;41;2;0;10209;0;0;0;0;552543;1170;12;0;552718;0;0;0;0
FR;4;2021-06-26;4853;21;0;0;4870;0;0;0;0;557396;1191;12;0;557588;0;0;0;0
FR;4;2021-06-27;767;4;0;0;769;0;0;0;0;558163;1195;12;0;558357;0;0;0;0
FR;4;2021-06-28;4834;16;1;0;4842;0;0;0;0;562997;1211;13;0;563199;0;0;0;0
FR;4;2021-06-29;7110;28;2;0;7119;0;0;0;0;570107;1239;15;0;570318;0;0;0;0
FR;4;2021-06-30;6725;40;2;0;6753;0;0;0;0;576832;1279;17;0;577071;0;0;0;0
FR;4;2021-07-01;8211;42;0;0;8233;0;0;0;0;585043;1321;17;0;585304;0;0;0;0
FR;4;2021-07-02;9429;53;1;0;9469;0;0;0;0;594472;1374;18;0;594773;0;0;0;0
FR;4;2021-07-03;4846;20;0;0;4861;0;0;0;0;599318;1394;18;0;599634;0;0;0;0
FR;4;2021-07-04;689;5;0;0;691;0;0;0;0;600007;1399;18;0;600325;0;0;0;0
FR;4;2021-07-05;4771;19;2;0;4782;0;0;0;0;604778;1418;20;0;605107;0;0;0;0
FR;4;2021-07-06;7728;29;4;0;7741;0;0;0;0;612506;1447;24;0;612848;0;0;0;0
FR;4;2021-07-07;7084;34;2;0;7097;0;0;0;0;619590;1481;26;0;619945;0;0;0;0
FR;4;2021-07-08;9232;40;2;0;9255;0;0;0;0;628822;1521;28;0;629200;0;0;0;0
FR;4;2021-07-09;10281;34;1;0;10304;0;0;0;0;639103;1555;29;0;639504;0;0;0;0
FR;4;2021-07-10;4639;14;2;0;4646;0;0;0;0;643742;1569;31;0;644150;0;0;0;0
FR;4;2021-07-11;583;4;1;0;581;0;0;0;0;644325;1573;32;0;644731;0;0;0;0
FR;4;2021-07-12;5876;29;0;0;5898;0;0;0;0;650201;1602;32;0;650629;0;0;0;0
FR;4;2021-07-13;14231;29;0;0;14249;0;0;0;0;664432;1631;32;0;664878;0;0;0;0
FR;4;2021-07-14;2289;15;0;0;2289;0;0;0;0;666721;1646;32;0;667167;0;0;0;0
FR;4;2021-07-15;18237;37;0;0;18254;0;0;0;0;684958;1683;32;0;685421;0;0;0;0
FR;4;2021-07-16;22836;71;2;0;22886;0;0;0;0;707794;1754;34;0;708307;0;0;0;0
FR;4;2021-07-17;9740;20;0;0;9749;0;0;0;0;717534;1774;34;0;718056;0;0;0;0
FR;4;2021-07-18;1358;5;0;0;1361;0;0;0;0;718892;1779;34;0;719417;0;0;0;0
FR;4;2021-07-19;12991;30;1;0;13016;0;0;0;0;731883;1809;35;0;732433;0;0;0;0
FR;4;2021-07-20;17343;26;1;0;17359;0;0;0;0;749226;1835;36;0;749792;0;0;0;0
FR;4;2021-07-21;15621;33;0;0;15641;0;0;0;0;764847;1868;36;0;765433;0;0;0;0
FR;4;2021-07-22;18246;44;2;0;18270;0;0;0;0;783093;1912;38;0;783703;0;0;0;0
FR;4;2021-07-23;20418;57;7;0;20451;0;0;0;0;803511;1969;45;0;804154;0;0;0;0
FR;4;2021-07-24;9289;33;0;0;9304;0;0;0;0;812800;2002;45;0;813458;0;0;0;0
FR;4;2021-07-25;1354;10;0;0;1356;0;0;0;0;814154;2012;45;0;814814;0;0;0;0
FR;4;2021-07-26;11042;23;0;0;11049;0;0;0;0;825196;2035;45;0;825863;0;0;0;0
FR;4;2021-07-27;14686;35;3;0;14706;0;0;0;0;839882;2070;48;0;840569;0;0;0;0
FR;4;2021-07-28;12933;26;2;0;12950;0;0;0;0;852815;2096;50;0;853519;0;0;0;0
FR;4;2021-07-29;14093;54;4;0;14134;0;0;0;0;866908;2150;54;0;867653;0;0;0;0
FR;4;2021-07-30;15502;46;2;0;15533;0;0;0;0;882410;2196;56;0;883186;0;0;0;0
FR;4;2021-07-31;6845;14;2;0;6855;0;0;0;0;889255;2210;58;0;890041;0;0;0;0
FR;4;2021-08-01;906;1;0;0;901;0;0;0;0;890161;2211;58;0;890942;0;0;0;0
FR;4;2021-08-02;7918;31;0;0;7919;0;0;0;0;898079;2242;58;0;898861;0;0;0;0
FR;4;2021-08-03;10802;31;2;0;10798;0;0;0;0;908881;2273;60;0;909659;0;0;0;0
FR;4;2021-08-04;9748;29;0;0;9747;0;0;0;0;918629;2302;60;0;919406;0;0;0;0
FR;4;2021-08-05;9825;42;0;0;9831;0;0;0;0;928454;2344;60;0;929237;0;0;0;0
FR;4;2021-08-06;10201;30;3;0;10198;0;0;0;0;938655;2374;63;0;939435;0;0;0;0
FR;4;2021-08-07;5100;30;1;0;5116;0;0;0;0;943755;2404;64;0;944551;0;0;0;0
FR;4;2021-08-08;1220;13;0;0;1223;0;0;0;0;944975;2417;64;0;945774;0;0;0;0
FR;4;2021-08-09;6350;31;0;0;6343;0;0;0;0;951325;2448;64;0;952117;0;0;0;0
FR;4;2021-08-10;8753;18;0;0;8724;0;0;0;0;960078;2466;64;0;960841;0;0;0;0
FR;4;2021-08-11;7944;34;4;0;7933;0;0;0;0;968022;2500;68;0;968774;0;0;0;0
FR;4;2021-08-12;8585;31;1;0;8573;0;0;0;0;976607;2531;69;0;977347;0;0;0;0
FR;4;2021-08-13;7558;25;0;1;7545;0;0;0;0;984165;2556;69;1;984892;0;0;0;0
FR;4;2021-08-14;3791;20;0;0;3775;0;0;0;0;987956;2576;69;1;988667;0;0;0;0
FR;4;2021-08-15;771;5;0;0;773;0;0;0;0;988727;2581;69;1;989440;0;0;0;0
FR;4;2021-08-16;4008;17;0;0;4002;0;0;0;0;992735;2598;69;1;993442;0;0;0;0
FR;4;2021-08-17;5630;17;1;0;5620;0;0;0;0;998365;2615;70;1;999062;0;0;0;0
FR;4;2021-08-18;5169;37;0;0;5186;0;0;0;0;1003534;2652;70;1;1004248;0;0;0;0
FR;4;2021-08-19;5487;34;3;0;5501;0;0;0;0;1009021;2686;73;1;1009749;0;0;0;0
FR;4;2021-08-20;5225;25;1;0;5235;0;0;0;0;1014246;2711;74;1;1014984;0;0;0;0
FR;4;2021-08-21;2311;22;1;0;2327;0;0;0;0;1016557;2733;75;1;1017311;0;0;0;0
FR;4;2021-08-22;414;2;0;0;415;0;0;0;0;1016971;2735;75;1;1017726;0;0;0;0
FR;4;2021-08-23;2932;20;1;0;2939;0;0;0;0;1019903;2755;76;1;1020665;0;0;0;0
FR;4;2021-08-24;3758;15;0;0;3761;0;0;0;0;1023661;2770;76;1;1024426;0;0;0;0
FR;4;2021-08-25;3544;25;1;0;3560;0;0;0;0;1027205;2795;77;1;1027986;0;0;0;0
FR;4;2021-08-26;3715;21;2;0;3727;0;0;0;0;1030920;2816;79;1;1031713;0;0;0;0
FR;4;2021-08-27;3617;31;2;0;3635;0;0;0;0;1034537;2847;81;1;1035348;0;0;0;0
FR;4;2021-08-28;1729;10;1;0;1734;0;0;0;0;1036266;2857;82;1;1037082;0;0;0;0
FR;4;2021-08-29;385;7;1;0;389;0;0;0;0;1036651;2864;83;1;1037471;0;0;0;0
FR;4;2021-08-30;2010;25;0;0;2018;16;0;0;0;1038661;2889;83;1;1039489;16;0;0;0
FR;4;2021-08-31;2486;21;0;0;2493;14;0;0;0;1041147;2910;83;1;1041982;30;0;0;0
FR;4;2021-09-01;2085;38;1;0;2097;21;0;0;0;1043232;2948;84;1;1044079;51;0;0;0
FR;4;2021-09-02;2307;31;4;0;2320;18;0;0;0;1045539;2979;88;1;1046399;69;0;0;0
FR;4;2021-09-03;2364;44;5;0;2373;36;0;0;0;1047903;3023;93;1;1048772;105;0;0;0
FR;4;2021-09-04;1374;18;0;0;1381;9;0;0;0;1049277;3041;93;1;1050153;114;0;0;0
FR;4;2021-09-05;433;2;0;0;433;2;0;0;0;1049710;3043;93;1;1050586;116;0;0;0
FR;4;2021-09-06;1713;62;0;0;1750;24;0;0;0;1051423;3105;93;1;1052336;140;0;0;0
FR;4;2021-09-07;1680;18;0;0;1689;8;0;0;0;1053103;3123;93;1;1054025;148;0;0;0
FR;4;2021-09-08;1286;26;3;0;1291;19;0;0;0;1054389;3149;96;1;1055316;167;0;0;0
FR;4;2021-09-09;1392;23;2;0;1402;9;0;0;0;1055781;3172;98;1;1056718;176;0;0;0
FR;4;2021-09-10;1521;31;2;0;1525;23;1;0;0;1057302;3203;100;1;1058243;199;1;0;0
FR;4;2021-09-11;745;11;0;0;748;3;0;0;0;1058047;3214;100;1;1058991;202;1;0;0
FR;4;2021-09-12;169;4;0;0;170;3;0;0;0;1058216;3218;100;1;1059161;205;1;0;0
FR;4;2021-09-13;1323;22;1;0;1326;16;0;0;0;1059539;3240;101;1;1060487;221;1;0;0
FR;4;2021-09-14;1503;9;2;0;1505;7;0;0;0;1061042;3249;103;1;1061992;228;1;0;0
FR;4;2021-09-15;1095;28;1;0;1098;25;0;0;0;1062137;3277;104;1;1063090;253;1;0;0
FR;4;2021-09-16;1105;22;2;0;1109;15;0;0;0;1063242;3299;106;1;1064199;268;1;0;0
FR;4;2021-09-17;897;21;1;0;904;12;0;0;0;1064139;3320;107;1;1065103;280;1;0;0
FR;4;2021-09-18;464;6;1;0;465;5;0;0;0;1064603;3326;108;1;1065568;285;1;0;0
FR;4;2021-09-19;182;3;0;0;183;2;0;0;0;1064785;3329;108;1;1065751;287;1;0;0
FR;4;2021-09-20;452;19;0;0;458;13;0;0;0;1065237;3348;108;1;1066209;300;1;0;0
FR;4;2021-09-21;432;11;0;0;434;7;0;0;0;1065669;3359;108;1;1066643;307;1;0;0
FR;4;2021-09-22;376;19;2;0;383;13;0;0;0;1066045;3378;110;1;1067026;320;1;0;0
FR;4;2021-09-23;485;15;1;0;486;14;0;0;0;1066530;3393;111;1;1067512;334;1;0;0
FR;4;2021-09-24;413;13;2;0;417;9;0;0;0;1066943;3406;113;1;1067929;343;1;0;0
FR;4;2021-09-25;280;10;1;0;281;5;0;0;0;1067223;3416;114;1;1068210;348;1;0;0
FR;4;2021-09-26;74;2;0;0;75;1;0;0;0;1067297;3418;114;1;1068285;349;1;0;0
FR;4;2021-09-27;268;10;1;0;269;8;0;0;0;1067565;3428;115;1;1068554;357;1;0;0
FR;4;2021-09-28;319;8;0;0;319;8;0;0;0;1067884;3436;115;1;1068873;365;1;0;0
FR;4;2021-09-29;378;19;1;0;380;13;0;0;0;1068262;3455;116;1;1069253;378;1;0;0
FR;4;2021-09-30;365;41;0;0;379;22;0;0;0;1068627;3496;116;1;1069632;400;1;0;0
FR;4;2021-10-01;411;56;0;0;413;50;0;0;0;1069038;3552;116;1;1070045;450;1;0;0
FR;4;2021-10-02;196;22;1;0;198;13;0;0;0;1069234;3574;117;1;1070243;463;1;0;0
FR;4;2021-10-03;86;1;0;0;87;0;0;0;0;1069320;3575;117;1;1070330;463;1;0;0
FR;4;2021-10-04;363;20;1;0;367;16;0;0;0;1069683;3595;118;1;1070697;479;1;0;0
FR;4;2021-10-05;286;19;2;0;288;15;0;0;0;1069969;3614;120;1;1070985;494;1;0;0
FR;4;2021-10-06;249;23;1;0;254;18;0;0;0;1070218;3637;121;1;1071239;512;1;0;0
FR;4;2021-10-07;267;25;2;0;272;13;0;0;0;1070485;3662;123;1;1071511;525;1;0;0
FR;4;2021-10-08;357;24;2;0;360;20;0;0;0;1070842;3686;125;1;1071871;545;1;0;0
FR;4;2021-10-09;194;6;6;0;195;7;0;0;0;1071036;3692;131;1;1072066;552;1;0;0
FR;4;2021-10-10;97;3;2;0;99;3;0;0;0;1071133;3695;133;1;1072165;555;1;0;0
FR;4;2021-10-11;251;15;1;0;252;14;0;0;0;1071384;3710;134;1;1072417;569;1;0;0
FR;4;2021-10-12;211;14;0;0;211;13;0;0;0;1071595;3724;134;1;1072628;582;1;0;0
FR;4;2021-10-13;221;28;1;0;224;25;0;0;0;1071816;3752;135;1;1072852;607;1;0;0
FR;4;2021-10-14;315;21;4;0;319;15;0;0;0;1072131;3773;139;1;1073171;622;1;0;0
FR;4;2021-10-15;322;24;5;0;323;25;0;0;0;1072453;3797;144;1;1073494;647;1;0;0
FR;4;2021-10-16;166;6;2;0;166;6;0;0;0;1072619;3803;146;1;1073660;653;1;0;0
FR;4;2021-10-17;70;2;0;0;71;1;0;0;0;1072689;3805;146;1;1073731;654;1;0;0
FR;4;2021-10-18;281;16;1;0;283;13;0;0;0;1072970;3821;147;1;1074014;667;1;0;0
FR;4;2021-10-19;216;14;2;0;216;15;0;0;0;1073186;3835;149;1;1074230;682;1;0;0
FR;4;2021-10-20;231;27;4;0;234;15;0;0;0;1073417;3862;153;1;1074464;697;1;0;0
FR;4;2021-10-21;243;18;0;0;245;14;0;0;0;1073660;3880;153;1;1074709;711;1;0;0
FR;4;2021-10-22;217;25;2;0;219;20;1;0;0;1073877;3905;155;1;1074928;731;2;0;0
FR;4;2021-10-23;116;16;1;0;117;15;0;0;0;1073993;3921;156;1;1075045;746;2;0;0
FR;4;2021-10-24;39;4;0;0;39;1;0;0;0;1074032;3925;156;1;1075084;747;2;0;0
FR;4;2021-10-25;218;7;2;0;218;9;0;0;0;1074250;3932;158;1;1075302;756;2;0;0
FR;4;2021-10-26;200;14;0;0;202;12;0;0;0;1074450;3946;158;1;1075504;768;2;0;0
FR;4;2021-10-27;196;12;4;0;196;12;2;0;0;1074646;3958;162;1;1075700;780;4;0;0
FR;4;2021-10-28;186;18;5;0;186;22;0;0;0;1074832;3976;167;1;1075886;802;4;0;0
FR;4;2021-10-29;225;17;2;0;226;15;0;0;0;1075057;3993;169;1;1076112;817;4;0;0
FR;4;2021-10-30;103;2;1;0;104;2;0;0;0;1075160;3995;170;1;1076216;819;4;0;0
FR;4;2021-10-31;59;3;2;0;60;3;0;0;0;1075219;3998;172;1;1076276;822;4;0;0
FR;4;2021-11-01;75;27;4;0;76;24;3;0;0;1075294;4025;176;1;1076352;846;7;0;0
FR;4;2021-11-02;162;21;2;0;163;21;0;0;0;1075456;4046;178;1;1076515;867;7;0;0
FR;4;2021-11-03;131;21;8;1;132;19;6;0;0;1075587;4067;186;2;1076647;886;13;0;0
FR;4;2021-11-04;186;15;1;0;187;12;1;0;0;1075773;4082;187;2;1076834;898;14;0;0
FR;4;2021-11-05;130;17;1;0;131;16;0;0;0;1075903;4099;188;2;1076965;914;14;0;0
FR;4;2021-11-06;81;6;1;0;81;6;0;0;0;1075984;4105;189;2;1077046;920;14;0;0
FR;4;2021-11-07;81;2;2;0;81;4;0;0;0;1076065;4107;191;2;1077127;924;14;0;0
FR;4;2021-11-08;161;20;1;0;162;20;0;0;0;1076226;4127;192;2;1077289;944;14;0;0
FR;4;2021-11-09;158;14;3;0;158;16;0;0;0;1076384;4141;195;2;1077447;960;14;0;0
FR;4;2021-11-10;121;30;6;0;121;32;2;0;0;1076505;4171;201;2;1077568;992;16;0;0
FR;4;2021-11-11;99;10;1;0;99;11;0;0;0;1076604;4181;202;2;1077667;1003;16;0;0
FR;4;2021-11-12;106;19;2;0;107;18;1;0;0;1076710;4200;204;2;1077774;1021;17;0;0
FR;4;2021-11-13;74;15;2;0;75;14;0;0;0;1076784;4215;206;2;1077849;1035;17;0;0
FR;4;2021-11-14;55;5;4;0;56;8;0;0;0;1076839;4220;210;2;1077905;1043;17;0;0
FR;4;2021-11-15;99;26;2;0;101;24;2;0;0;1076938;4246;212;2;1078006;1067;19;0;0
FR;4;2021-11-16;108;13;3;0;108;16;0;0;0;1077046;4259;215;2;1078114;1083;19;0;0
FR;4;2021-11-17;120;30;4;0;120;30;1;0;0;1077166;4289;219;2;1078234;1113;20;0;0
FR;4;2021-11-18;103;34;14;0;105;43;1;0;0;1077269;4323;233;2;1078339;1156;21;0;0
FR;4;2021-11-19;87;21;3;0;87;22;1;0;0;1077356;4344;236;2;1078426;1178;22;0;0
FR;4;2021-11-20;77;8;1;0;77;8;0;0;0;1077433;4352;237;2;1078503;1186;22;0;0
FR;4;2021-11-21;68;7;2;0;68;9;0;0;0;1077501;4359;239;2;1078571;1195;22;0;0
FR;4;2021-11-22;109;28;9;0;110;33;2;0;0;1077610;4387;248;2;1078681;1228;24;0;0
FR;4;2021-11-23;77;31;6;0;78;29;2;0;0;1077687;4418;254;2;1078759;1257;26;0;0
FR;4;2021-11-24;90;23;11;0;92;24;4;0;0;1077777;4441;265;2;1078851;1281;30;0;0
FR;4;2021-11-25;93;28;17;0;94;33;5;0;0;1077870;4469;282;2;1078945;1314;35;0;0
FR;4;2021-11-26;85;43;12;0;89;45;3;0;0;1077955;4512;294;2;1079034;1359;38;0;0
FR;4;2021-11-27;41;22;15;0;41;25;10;0;0;1077996;4534;309;2;1079075;1384;48;0;0
FR;4;2021-11-28;50;8;0;0;51;7;0;0;0;1078046;4542;309;2;1079126;1391;48;0;0
FR;4;2021-11-29;90;31;16;0;90;40;2;0;0;1078136;4573;325;2;1079216;1431;50;0;0
FR;4;2021-11-30;75;37;12;0;75;41;2;0;0;1078211;4610;337;2;1079291;1472;52;0;0
FR;4;2021-12-01;88;60;19;0;88;67;11;0;0;1078299;4670;356;2;1079379;1539;63;0;0
FR;4;2021-12-02;110;48;21;0;114;56;3;0;0;1078409;4718;377;2;1079493;1595;66;0;0
FR;4;2021-12-03;102;36;15;0;102;44;4;0;0;1078511;4754;392;2;1079595;1639;70;0;0
FR;4;2021-12-04;72;31;18;0;74;44;1;0;0;1078583;4785;410;2;1079669;1683;71;0;0
FR;4;2021-12-05;63;7;1;0;64;7;0;0;0;1078646;4792;411;2;1079733;1690;71;0;0
FR;4;2021-12-06;110;46;19;0;110;59;3;0;0;1078756;4838;430;2;1079843;1749;74;0;0
FR;4;2021-12-07;83;37;9;0;86;36;3;0;0;1078839;4875;439;2;1079929;1785;77;0;0
FR;4;2021-12-08;71;31;17;0;73;38;7;0;0;1078910;4906;456;2;1080002;1823;84;0;0
FR;4;2021-12-09;64;32;10;1;64;39;3;0;0;1078974;4938;466;3;1080066;1862;87;0;0
FR;4;2021-12-10;63;64;20;0;64;68;10;0;0;1079037;5002;486;3;1080130;1930;97;0;0
FR;4;2021-12-11;29;34;7;0;29;34;3;0;0;1079066;5036;493;3;1080159;1964;100;0;0
FR;4;2021-12-12;29;12;3;0;29;15;0;0;0;1079095;5048;496;3;1080188;1979;100;0;0
FR;4;2021-12-13;75;41;14;0;77;50;2;0;0;1079170;5089;510;3;1080265;2029;102;0;0
FR;4;2021-12-14;61;43;17;0;62;54;2;0;0;1079231;5132;527;3;1080327;2083;104;0;0
FR;4;2021-12-15;68;64;29;0;68;85;6;0;0;1079299;5196;556;3;1080395;2168;110;0;0
FR;4;2021-12-16;34;45;19;0;35;58;4;0;0;1079333;5241;575;3;1080430;2226;114;0;0
FR;4;2021-12-17;39;55;11;0;39;59;6;0;0;1079372;5296;586;3;1080469;2285;120;0;0
FR;4;2021-12-18;49;30;2;0;50;31;0;0;0;1079421;5326;588;3;1080519;2316;120;0;0
FR;4;2021-12-19;16;4;1;0;17;4;0;0;0;1079437;5330;589;3;1080536;2320;120;0;0
FR;4;2021-12-20;44;38;10;0;45;41;6;0;0;1079481;5368;599;3;1080581;2361;126;0;0
FR;4;2021-12-21;31;32;16;0;33;38;5;0;0;1079512;5400;615;3;1080614;2399;131;0;0
FR;4;2021-12-22;37;38;10;0;38;38;7;0;0;1079549;5438;625;3;1080652;2437;138;0;0
FR;4;2021-12-23;40;45;8;0;40;49;2;0;0;1079589;5483;633;3;1080692;2486;140;0;0
FR;4;2021-12-24;23;28;10;0;25;31;4;0;0;1079612;5511;643;3;1080717;2517;144;0;0
FR;4;2021-12-25;7;3;3;0;7;4;2;0;0;1079619;5514;646;3;1080724;2521;146;0;0
FR;4;2021-12-26;5;3;1;0;6;2;0;0;0;1079624;5517;647;3;1080730;2523;146;0;0
FR;4;2021-12-27;31;41;9;0;32;43;4;0;0;1079655;5558;656;3;1080762;2566;150;0;0
FR;4;2021-12-28;26;28;7;0;28;29;4;0;0;1079681;5586;663;3;1080790;2595;154;0;0
FR;4;2021-12-29;56;25;11;0;57;30;5;0;0;1079737;5611;674;3;1080847;2625;159;0;0
FR;4;2021-12-30;48;19;12;0;51;22;5;0;0;1079785;5630;686;3;1080898;2647;164;0;0
FR;4;2021-12-31;19;6;8;0;20;11;2;0;0;1079804;5636;694;3;1080918;2658;166;0;0
FR;4;2022-01-01;6;4;4;0;6;6;1;0;0;1079810;5640;698;3;1080924;2664;167;0;0
FR;4;2022-01-02;42;5;16;0;42;20;1;0;0;1079852;5645;714;3;1080966;2684;168;0;0
FR;4;2022-01-03;44;55;23;1;46;63;10;0;0;1079896;5700;737;4;1081012;2747;178;0;0
FR;4;2022-01-04;37;28;15;0;38;33;7;0;0;1079933;5728;752;4;1081050;2780;185;0;0
FR;4;2022-01-05;51;24;19;0;57;27;9;0;0;1079984;5752;771;4;1081107;2807;194;0;0
FR;4;2022-01-06;49;22;24;0;49;38;8;0;0;1080033;5774;795;4;1081156;2845;202;0;0
FR;4;2022-01-07;30;20;16;0;32;21;12;0;0;1080063;5794;811;4;1081188;2866;214;0;0
FR;4;2022-01-08;12;6;10;0;13;12;3;0;0;1080075;5800;821;4;1081201;2878;217;0;0
FR;4;2022-01-09;19;2;3;0;20;4;0;0;0;1080094;5802;824;4;1081221;2882;217;0;0
FR;4;2022-01-10;51;22;19;0;51;36;4;0;0;1080145;5824;843;4;1081272;2918;221;0;0
FR;4;2022-01-11;29;31;12;0;33;35;1;0;0;1080174;5855;855;4;1081305;2953;222;0;0
FR;4;2022-01-12;33;21;13;0;35;23;9;0;0;1080207;5876;868;4;1081340;2976;231;0;0
FR;4;2022-01-13;55;20;27;0;56;38;8;0;0;1080262;5896;895;4;1081396;3014;239;0;0
FR;4;2022-01-14;24;30;13;0;25;33;7;0;0;1080286;5926;908;4;1081421;3047;246;0;0
FR;4;2022-01-15;13;6;8;0;14;12;1;0;0;1080299;5932;916;4;1081435;3059;247;0;0
FR;4;2022-01-16;12;9;14;0;12;22;1;0;0;1080311;5941;930;4;1081447;3081;248;0;0
FR;4;2022-01-17;27;19;13;0;27;26;5;0;0;1080338;5960;943;4;1081474;3107;253;0;0
FR;4;2022-01-18;17;13;10;0;17;20;3;0;0;1080355;5973;953;4;1081491;3127;256;0;0
FR;4;2022-01-19;32;23;13;0;32;34;1;0;0;1080387;5996;966;4;1081523;3161;257;0;0
FR;4;2022-01-20;33;34;13;0;35;39;5;0;0;1080420;6030;979;4;1081558;3200;262;0;0
FR;4;2022-01-21;11;12;20;1;11;17;15;0;1;1080431;6042;999;5;1081569;3217;277;0;1
FR;4;2022-01-22;30;13;3;0;30;14;2;0;0;1080461;6055;1002;5;1081599;3231;279;0;1
FR;4;2022-01-23;8;2;5;0;8;7;0;0;0;1080469;6057;1007;5;1081607;3238;279;0;1
FR;4;2022-01-24;14;21;8;0;15;27;1;0;0;1080483;6078;1015;5;1081622;3265;280;0;1
FR;4;2022-01-25;22;32;10;1;23;38;3;0;0;1080505;6110;1025;6;1081645;3303;283;0;1
FR;4;2022-01-26;19;17;9;1;20;21;4;0;0;1080524;6127;1034;7;1081665;3324;287;0;1
FR;4;2022-01-27;21;18;8;0;22;24;1;0;0;1080545;6145;1042;7;1081687;3348;288;0;1
FR;4;2022-01-28;13;23;8;0;14;26;4;0;0;1080558;6168;1050;7;1081701;3374;292;0;1
FR;4;2022-01-29;17;6;5;0;17;10;0;0;0;1080575;6174;1055;7;1081718;3384;292;0;1
FR;4;2022-01-30;18;3;1;0;18;4;0;0;0;1080593;6177;1056;7;1081736;3388;292;0;1
FR;4;2022-01-31;22;28;8;0;22;32;2;0;0;1080615;6205;1064;7;1081758;3420;294;0;1
FR;4;2022-02-01;13;24;12;0;15;24;9;0;0;1080628;6229;1076;7;1081773;3444;303;0;1
FR;4;2022-02-02;18;11;14;2;18;20;7;0;0;1080646;6240;1090;9;1081791;3464;310;0;1
FR;4;2022-02-03;15;24;10;0;17;28;4;0;0;1080661;6264;1100;9;1081808;3492;314;0;1
FR;4;2022-02-04;7;5;7;0;7;9;3;0;0;1080668;6269;1107;9;1081815;3501;317;0;1
FR;4;2022-02-05;7;14;1;0;8;13;1;0;0;1080675;6283;1108;9;1081823;3514;318;0;1
FR;4;2022-02-06;7;4;4;0;7;7;1;0;0;1080682;6287;1112;9;1081830;3521;319;0;1
FR;4;2022-02-07;15;19;8;0;17;19;6;0;0;1080697;6306;1120;9;1081847;3540;325;0;1
FR;4;2022-02-08;19;21;13;1;21;22;10;0;0;1080716;6327;1133;10;1081868;3562;335;0;1
FR;4;2022-02-09;17;12;9;0;18;17;2;0;0;1080733;6339;1142;10;1081886;3579;337;0;1
FR;4;2022-02-10;22;23;10;0;23;25;7;0;0;1080755;6362;1152;10;1081909;3604;344;0;1
FR;4;2022-02-11;18;15;8;0;18;20;3;0;0;1080773;6377;1160;10;1081927;3624;347;0;1
FR;4;2022-02-12;24;6;3;0;26;7;0;0;0;1080797;6383;1163;10;1081953;3631;347;0;1
FR;4;2022-02-13;7;3;3;0;7;6;0;0;0;1080804;6386;1166;10;1081960;3637;347;0;1
FR;4;2022-02-14;20;10;10;0;20;16;4;0;0;1080824;6396;1176;10;1081980;3653;351;0;1
FR;4;2022-02-15;18;7;2;0;18;8;0;0;0;1080842;6403;1178;10;1081998;3661;351;0;1
FR;4;2022-02-16;16;10;11;0;16;17;3;0;0;1080858;6413;1189;10;1082014;3678;354;0;1
FR;4;2022-02-17;11;4;5;0;11;7;2;0;0;1080869;6417;1194;10;1082025;3685;356;0;1
FR;4;2022-02-18;16;15;8;0;16;21;2;0;0;1080885;6432;1202;10;1082041;3706;358;0;1
FR;4;2022-02-19;16;4;2;0;17;5;0;0;0;1080901;6436;1204;10;1082058;3711;358;0;1
FR;4;2022-02-20;8;3;0;0;9;2;0;0;0;1080909;6439;1204;10;1082067;3713;358;0;1
FR;4;2022-02-21;23;4;4;0;23;6;2;0;0;1080932;6443;1208;10;1082090;3719;360;0;1
FR;4;2022-02-22;8;5;10;0;9;10;4;0;0;1080940;6448;1218;10;1082099;3729;364;0;1
FR;4;2022-02-23;17;6;10;0;17;10;5;0;0;1080957;6454;1228;10;1082116;3739;369;0;1
FR;4;2022-02-24;11;5;4;0;11;7;2;0;0;1080968;6459;1232;10;1082127;3746;371;0;1
FR;4;2022-02-25;16;5;7;0;16;6;6;0;0;1080984;6464;1239;10;1082143;3752;377;0;1
FR;4;2022-02-26;27;3;0;0;27;3;0;0;0;1081011;6467;1239;10;1082170;3755;377;0;1
FR;4;2022-02-27;9;0;1;0;9;1;0;0;0;1081020;6467;1240;10;1082179;3756;377;0;1
FR;4;2022-02-28;18;3;2;0;19;3;1;0;0;1081038;6470;1242;10;1082198;3759;378;0;1
FR;4;2022-03-01;8;4;7;0;8;5;5;0;0;1081046;6474;1249;10;1082206;3764;383;0;1
FR;4;2022-03-02;16;2;5;0;16;6;1;0;0;1081062;6476;1254;10;1082222;3770;384;0;1
FR;4;2022-03-03;17;5;3;0;17;6;1;0;0;1081079;6481;1257;10;1082239;3776;385;0;1
FR;4;2022-03-04;7;8;2;1;7;6;3;0;0;1081086;6489;1259;11;1082246;3782;388;0;1
FR;4;2022-03-05;9;2;0;0;9;2;0;0;0;1081095;6491;1259;11;1082255;3784;388;0;1
FR;4;2022-03-06;4;0;1;0;4;1;0;0;0;1081099;6491;1260;11;1082259;3785;388;0;1
FR;4;2022-03-07;10;6;2;0;10;5;2;0;0;1081109;6497;1262;11;1082269;3790;390;0;1
FR;4;2022-03-08;15;3;0;0;15;3;0;0;0;1081124;6500;1262;11;1082284;3793;390;0;1
FR;4;2022-03-09;9;7;2;0;11;7;0;0;0;1081133;6507;1264;11;1082295;3800;390;0;1
FR;4;2022-03-10;5;1;6;0;5;3;4;0;0;1081138;6508;1270;11;1082300;3803;394;0;1
FR;4;2022-03-11;10;4;5;0;12;2;5;0;0;1081148;6512;1275;11;1082312;3805;399;0;1
FR;4;2022-03-12;10;2;0;0;11;0;0;0;0;1081158;6514;1275;11;1082323;3805;399;0;1
FR;4;2022-03-13;6;2;1;0;7;2;0;0;0;1081164;6516;1276;11;1082330;3807;399;0;1
FR;4;2022-03-14;4;3;1;0;5;3;0;0;0;1081168;6519;1277;11;1082335;3810;399;0;1
FR;4;2022-03-15;8;6;3;0;10;5;2;0;0;1081176;6525;1280;11;1082345;3815;401;0;1
FR;4;2022-03-16;7;3;3;0;7;3;3;0;0;1081183;6528;1283;11;1082352;3818;404;0;1
FR;4;2022-03-17;3;4;1;0;3;5;0;0;0;1081186;6532;1284;11;1082355;3823;404;0;1
FR;4;2022-03-18;9;3;0;0;9;3;0;0;0;1081195;6535;1284;11;1082364;3826;404;0;1
FR;4;2022-03-19;1;1;1;0;1;2;0;0;0;1081196;6536;1285;11;1082365;3828;404;0;1
FR;4;2022-03-20;2;0;2;0;2;1;1;0;0;1081198;6536;1287;11;1082367;3829;405;0;1
FR;4;2022-03-21;6;4;1;0;6;5;0;0;0;1081204;6540;1288;11;1082373;3834;405;0;1
FR;4;2022-03-22;4;2;2;0;4;3;1;0;0;1081208;6542;1290;11;1082377;3837;406;0;1
FR;4;2022-03-23;6;4;5;0;6;8;1;0;0;1081214;6546;1295;11;1082383;3845;407;0;1
FR;4;2022-03-24;2;5;3;1;2;7;2;0;0;1081216;6551;1298;12;1082385;3852;409;0;1
FR;4;2022-03-25;3;1;2;0;3;1;2;0;0;1081219;6552;1300;12;1082388;3853;411;0;1
FR;4;2022-03-26;5;5;0;0;5;5;0;0;0;1081224;6557;1300;12;1082393;3858;411;0;1
FR;4;2022-03-27;1;0;3;0;1;2;1;0;0;1081225;6557;1303;12;1082394;3860;412;0;1
FR;4;2022-03-28;6;1;3;0;7;3;0;0;0;1081231;6558;1306;12;1082401;3863;412;0;1
FR;4;2022-03-29;9;0;4;1;9;0;2;0;0;1081240;6558;1310;13;1082410;3863;414;0;1
FR;4;2022-03-30;3;4;0;0;3;4;0;0;0;1081243;6562;1310;13;1082413;3867;414;0;1
FR;4;2022-03-31;3;3;2;1;3;4;1;0;0;1081246;6565;1312;14;1082416;3871;415;0;1
FR;4;2022-04-01;15;3;5;0;15;6;2;0;0;1081261;6568;1317;14;1082431;3877;417;0;1
FR;4;2022-04-02;4;4;0;0;5;3;0;0;0;1081265;6572;1317;14;1082436;3880;417;0;1
FR;4;2022-04-03;0;1;0;0;0;1;0;0;0;1081265;6573;1317;14;1082436;3881;417;0;1
FR;4;2022-04-04;4;4;4;0;5;5;2;0;0;1081269;6577;1321;14;1082441;3886;419;0;1
FR;4;2022-04-05;4;3;2;1;5;3;2;0;0;1081273;6580;1323;15;1082446;3889;421;0;1
FR;4;2022-04-06;6;0;0;0;6;0;0;0;0;1081279;6580;1323;15;1082452;3889;421;0;1
FR;4;2022-04-07;3;2;3;2;3;5;0;0;0;1081282;6582;1326;17;1082455;3894;421;0;1
FR;4;2022-04-08;4;2;1;0;4;2;1;0;0;1081286;6584;1327;17;1082459;3896;422;0;1
FR;4;2022-04-09;0;0;1;1;0;1;1;0;0;1081286;6584;1328;18;1082459;3897;423;0;1
FR;4;2022-04-10;2;2;0;0;2;2;0;0;0;1081288;6586;1328;18;1082461;3899;423;0;1
FR;4;2022-04-11;4;3;4;0;4;5;2;0;0;1081292;6589;1332;18;1082465;3904;425;0;1
FR;4;2022-04-12;5;1;4;0;5;2;3;0;0;1081297;6590;1336;18;1082470;3906;428;0;1
FR;4;2022-04-13;5;8;2;0;5;10;0;0;0;1081302;6598;1338;18;1082475;3916;428;0;1
FR;4;2022-04-14;6;4;2;1;7;5;1;0;0;1081308;6602;1340;19;1082482;3921;429;0;1
FR;4;2022-04-15;7;9;1;0;7;10;0;0;0;1081315;6611;1341;19;1082489;3931;429;0;1
FR;4;2022-04-16;1;0;0;0;1;0;0;0;0;1081316;6611;1341;19;1082490;3931;429;0;1
FR;4;2022-04-17;3;2;1;0;3;3;0;0;0;1081319;6613;1342;19;1082493;3934;429;0;1
FR;4;2022-04-18;2;2;6;0;2;4;4;0;0;1081321;6615;1348;19;1082495;3938;433;0;1
FR;4;2022-04-19;2;0;1;0;2;0;1;0;0;1081323;6615;1349;19;1082497;3938;434;0;1
FR;4;2022-04-20;14;4;1;1;15;3;1;0;0;1081337;6619;1350;20;1082512;3941;435;0;1
FR;4;2022-04-21;7;1;0;0;7;1;0;0;0;1081344;6620;1350;20;1082519;3942;435;0;1
FR;4;2022-04-22;1;1;2;0;1;2;1;0;0;1081345;6621;1352;20;1082520;3944;436;0;1
FR;4;2022-04-23;2;3;3;0;2;6;0;0;0;1081347;6624;1355;20;1082522;3950;436;0;1
FR;4;2022-04-24;0;3;0;0;0;3;0;0;0;1081347;6627;1355;20;1082522;3953;436;0;1
FR;4;2022-04-25;3;5;3;0;3;8;0;0;0;1081350;6632;1358;20;1082525;3961;436;0;1
FR;4;2022-04-26;5;6;1;0;5;6;1;0;0;1081355;6638;1359;20;1082530;3967;437;0;1
FR;4;2022-04-27;4;1;1;1;5;1;1;0;0;1081359;6639;1360;21;1082535;3968;438;0;1
FR;4;2022-04-28;3;5;5;1;3;7;4;0;0;1081362;6644;1365;22;1082538;3975;442;0;1
FR;4;2022-04-29;6;3;0;0;6;2;0;0;0;1081368;6647;1365;22;1082544;3977;442;0;1
FR;4;2022-04-30;2;1;1;0;2;2;0;0;0;1081370;6648;1366;22;1082546;3979;442;0;1
FR;4;2022-05-01;0;0;0;0;0;0;0;0;0;1081370;6648;1366;22;1082546;3979;442;0;1
FR;4;2022-05-02;5;16;6;0;5;19;3;0;0;1081375;6664;1372;22;1082551;3998;445;0;1
FR;4;2022-05-03;2;6;2;0;2;7;1;0;0;1081377;6670;1374;22;1082553;4005;446;0;1
FR;4;2022-05-04;7;4;1;0;7;4;1;0;0;1081384;6674;1375;22;1082560;4009;447;0;1
FR;4;2022-05-05;3;2;1;1;4;1;2;0;0;1081387;6676;1376;23;1082564;4010;449;0;1
FR;4;2022-05-06;5;3;1;0;6;2;1;0;0;1081392;6679;1377;23;1082570;4012;450;0;1
FR;4;2022-05-07;0;0;0;0;0;0;0;0;0;1081392;6679;1377;23;1082570;4012;450;0;1
FR;4;2022-05-08;1;1;0;0;1;1;0;0;0;1081393;6680;1377;23;1082571;4013;450;0;1
FR;4;2022-05-09;5;1;0;1;5;1;1;0;0;1081398;6681;1377;24;1082576;4014;451;0;1
FR;4;2022-05-10;3;1;0;2;3;3;0;0;0;1081401;6682;1377;26;1082579;4017;451;0;1
FR;4;2022-05-11;3;2;4;0;3;5;1;0;0;1081404;6684;1381;26;1082582;4022;452;0;1
FR;4;2022-05-12;7;4;2;1;7;5;1;0;1;1081411;6688;1383;27;1082589;4027;453;0;2
FR;4;2022-05-13;1;0;2;0;1;2;0;0;0;1081412;6688;1385;27;1082590;4029;453;0;2
FR;4;2022-05-14;0;2;0;0;0;2;0;0;0;1081412;6690;1385;27;1082590;4031;453;0;2
FR;4;2022-05-15;2;2;0;0;4;0;0;0;0;1081414;6692;1385;27;1082594;4031;453;0;2
FR;4;2022-05-16;5;2;2;0;5;2;2;0;0;1081419;6694;1387;27;1082599;4033;455;0;2
FR;4;2022-05-17;5;1;2;0;5;3;0;0;0;1081424;6695;1389;27;1082604;4036;455;0;2
FR;4;2022-05-18;3;6;0;0;3;6;0;0;0;1081427;6701;1389;27;1082607;4042;455;0;2
FR;4;2022-05-19;2;3;3;0;2;5;1;0;0;1081429;6704;1392;27;1082609;4047;456;0;2
FR;4;2022-05-20;4;2;3;0;4;2;3;0;0;1081433;6706;1395;27;1082613;4049;459;0;2
FR;4;2022-05-21;2;0;1;0;2;1;0;0;0;1081435;6706;1396;27;1082615;4050;459;0;2
FR;4;2022-05-22;0;0;1;0;0;1;0;0;0;1081435;6706;1397;27;1082615;4051;459;0;2
FR;4;2022-05-23;0;0;2;0;0;0;2;0;0;1081435;6706;1399;27;1082615;4051;461;0;2
FR;4;2022-05-24;2;4;1;0;2;5;0;0;0;1081437;6710;1400;27;1082617;4056;461;0;2
FR;4;2022-05-25;1;4;1;0;3;3;0;0;0;1081438;6714;1401;27;1082620;4059;461;0;2
FR;4;2022-05-26;5;0;1;0;5;1;0;0;0;1081443;6714;1402;27;1082625;4060;461;0;2
FR;4;2022-05-27;0;2;1;1;0;3;1;0;0;1081443;6716;1403;28;1082625;4063;462;0;2
FR;4;2022-05-28;1;0;0;0;1;0;0;0;0;1081444;6716;1403;28;1082626;4063;462;0;2
FR;4;2022-05-29;1;0;1;0;1;1;0;0;0;1081445;6716;1404;28;1082627;4064;462;0;2
FR;4;2022-05-30;3;4;2;0;3;5;1;0;0;1081448;6720;1406;28;1082630;4069;463;0;2
FR;4;2022-05-31;2;1;0;0;2;1;0;0;0;1081450;6721;1406;28;1082632;4070;463;0;2
FR;4;2022-06-01;3;11;7;0;3;15;3;0;0;1081453;6732;1413;28;1082635;4085;466;0;2
FR;4;2022-06-02;6;7;3;0;6;7;2;0;0;1081459;6739;1416;28;1082641;4092;468;0;2
FR;4;2022-06-03;2;6;4;1;2;7;4;0;0;1081461;6745;1420;29;1082643;4099;472;0;2
FR;4;2022-06-04;0;1;1;1;0;1;2;0;0;1081461;6746;1421;30;1082643;4100;474;0;2
FR;4;2022-06-05;0;0;0;0;0;0;0;0;0;1081461;6746;1421;30;1082643;4100;474;0;2
FR;4;2022-06-06;7;0;3;0;7;2;1;0;0;1081468;6746;1424;30;1082650;4102;475;0;2
FR;4;2022-06-07;6;2;0;1;6;2;1;0;0;1081474;6748;1424;31;1082656;4104;476;0;2
FR;4;2022-06-08;0;4;3;0;0;7;0;0;0;1081474;6752;1427;31;1082656;4111;476;0;2
FR;4;2022-06-09;1;2;0;0;2;1;0;0;0;1081475;6754;1427;31;1082658;4112;476;0;2
FR;4;2022-06-10;3;0;3;0;3;1;2;0;0;1081478;6754;1430;31;1082661;4113;478;0;2
FR;4;2022-06-11;1;0;0;0;1;0;0;0;0;1081479;6754;1430;31;1082662;4113;478;0;2
FR;4;2022-06-12;4;0;0;0;4;0;0;0;0;1081483;6754;1430;31;1082666;4113;478;0;2
FR;4;2022-06-13;5;2;3;0;6;2;1;0;0;1081488;6756;1433;31;1082672;4115;479;0;2
FR;4;2022-06-14;4;3;0;0;5;2;0;0;0;1081492;6759;1433;31;1082677;4117;479;0;2
FR;4;2022-06-15;8;3;4;0;8;3;4;0;0;1081500;6762;1437;31;1082685;4120;483;0;2
FR;4;2022-06-16;2;3;1;1;3;2;1;0;1;1081502;6765;1438;32;1082688;4122;484;0;3
FR;4;2022-06-17;6;1;0;0;6;1;0;0;0;1081508;6766;1438;32;1082694;4123;484;0;3
FR;4;2022-06-18;0;0;0;0;0;0;0;0;0;1081508;6766;1438;32;1082694;4123;484;0;3
FR;4;2022-06-19;3;0;0;0;3;0;0;0;0;1081511;6766;1438;32;1082697;4123;484;0;3
FR;4;2022-06-20;4;2;2;1;4;3;2;0;0;1081515;6768;1440;33;1082701;4126;486;0;3
FR;4;2022-06-21;5;2;4;1;6;4;2;0;0;1081520;6770;1444;34;1082707;4130;488;0;3
FR;4;2022-06-22;3;2;1;3;4;2;1;0;0;1081523;6772;1445;37;1082711;4132;489;0;3
FR;4;2022-06-23;3;3;3;0;3;5;1;0;0;1081526;6775;1448;37;1082714;4137;490;0;3
FR;4;2022-06-24;3;0;2;0;3;0;2;0;0;1081529;6775;1450;37;1082717;4137;492;0;3
FR;4;2022-06-25;2;0;1;1;2;1;1;0;0;1081531;6775;1451;38;1082719;4138;493;0;3
FR;4;2022-06-26;0;0;1;0;0;1;0;0;0;1081531;6775;1452;38;1082719;4139;493;0;3
FR;4;2022-06-27;2;2;0;3;2;2;3;0;0;1081533;6777;1452;41;1082721;4141;496;0;3
FR;4;2022-06-28;0;4;2;1;0;5;2;0;0;1081533;6781;1454;42;1082721;4146;498;0;3
FR;4;2022-06-29;1;2;0;0;1;2;0;0;0;1081534;6783;1454;42;1082722;4148;498;0;3
FR;4;2022-06-30;2;0;0;0;2;0;0;0;0;1081536;6783;1454;42;1082724;4148;498;0;3
FR;4;2022-07-01;2;4;8;0;2;4;8;0;0;1081538;6787;1462;42;1082726;4152;506;0;3
FR;4;2022-07-02;0;1;0;0;1;0;0;0;0;1081538;6788;1462;42;1082727;4152;506;0;3
FR;4;2022-07-03;0;0;0;0;0;0;0;0;0;1081538;6788;1462;42;1082727;4152;506;0;3
FR;4;2022-07-04;3;1;0;0;3;1;0;0;0;1081541;6789;1462;42;1082730;4153;506;0;3
FR;4;2022-07-05;2;0;2;0;2;2;0;0;0;1081543;6789;1464;42;1082732;4155;506;0;3
FR;4;2022-07-06;5;0;1;1;5;0;1;0;1;1081548;6789;1465;43;1082737;4155;507;0;4
FR;4;2022-07-07;1;0;2;1;1;0;3;0;0;1081549;6789;1467;44;1082738;4155;510;0;4
FR;4;2022-07-08;3;1;0;0;3;1;0;0;0;1081552;6790;1467;44;1082741;4156;510;0;4
FR;4;2022-07-09;2;2;1;0;2;3;0;0;0;1081554;6792;1468;44;1082743;4159;510;0;4
FR;4;2022-07-10;2;0;1;0;2;0;0;0;0;1081556;6792;1469;44;1082745;4159;510;0;4
FR;4;2022-07-11;2;0;2;0;2;0;1;0;0;1081558;6792;1471;44;1082747;4159;511;0;4
FR;4;2022-07-12;0;0;2;0;0;2;0;0;0;1081558;6792;1473;44;1082747;4161;511;0;4
FR;4;2022-07-13;2;2;3;0;2;2;3;0;0;1081560;6794;1476;44;1082749;4163;514;0;4
FR;4;2022-07-14;5;0;1;0;5;0;1;0;0;1081565;6794;1477;44;1082754;4163;515;0;4
FR;4;2022-07-15;10;2;0;0;10;2;0;0;0;1081575;6796;1477;44;1082764;4165;515;0;4
FR;4;2022-07-16;4;0;0;2;4;0;2;0;0;1081579;6796;1477;46;1082768;4165;517;0;4
FR;4;2022-07-17;1;0;1;1;1;0;2;0;0;1081580;6796;1478;47;1082769;4165;519;0;4
FR;4;2022-07-18;3;3;2;0;3;3;2;0;0;1081583;6799;1480;47;1082772;4168;521;0;4
FR;4;2022-07-19;4;0;1;0;4;1;0;0;0;1081587;6799;1481;47;1082776;4169;521;0;4
FR;4;2022-07-20;10;0;1;0;10;1;0;0;0;1081597;6799;1482;47;1082786;4170;521;0;4
FR;4;2022-07-21;2;1;1;0;2;1;1;0;0;1081599;6800;1483;47;1082788;4171;522;0;4
FR;4;2022-07-22;4;0;3;0;4;1;2;0;0;1081603;6800;1486;47;1082792;4172;524;0;4
FR;4;2022-07-23;1;2;0;0;1;1;0;0;0;1081604;6802;1486;47;1082793;4173;524;0;4
FR;4;2022-07-24;0;0;0;0;0;0;0;0;0;1081604;6802;1486;47;1082793;4173;524;0;4
FR;4;2022-07-25;5;0;2;0;5;2;0;0;0;1081609;6802;1488;47;1082798;4175;524;0;4
FR;4;2022-07-26;2;0;0;0;2;0;0;0;0;1081611;6802;1488;47;1082800;4175;524;0;4
FR;4;2022-07-27;2;1;0;0;2;0;0;0;0;1081613;6803;1488;47;1082802;4175;524;0;4
FR;4;2022-07-28;11;0;0;0;11;0;0;0;0;1081624;6803;1488;47;1082813;4175;524;0;4
FR;4;2022-07-29;3;0;2;0;3;1;1;0;0;1081627;6803;1490;47;1082816;4176;525;0;4
FR;4;2022-07-30;4;0;2;0;4;0;2;0;0;1081631;6803;1492;47;1082820;4176;527;0;4
FR;4;2022-07-31;0;0;0;0;0;0;0;0;0;1081631;6803;1492;47;1082820;4176;527;0;4
FR;4;2022-08-01;2;0;3;0;2;2;1;0;0;1081633;6803;1495;47;1082822;4178;528;0;4
FR;4;2022-08-02;6;0;0;0;6;0;0;0;0;1081639;6803;1495;47;1082828;4178;528;0;4
FR;4;2022-08-03;2;2;1;0;2;2;1;0;0;1081641;6805;1496;47;1082830;4180;529;0;4
FR;4;2022-08-04;4;2;0;1;4;2;1;0;0;1081645;6807;1496;48;1082834;4182;530;0;4
FR;4;2022-08-05;2;0;1;0;2;0;1;0;0;1081647;6807;1497;48;1082836;4182;531;0;4
FR;4;2022-08-06;2;0;0;0;2;0;0;0;0;1081649;6807;1497;48;1082838;4182;531;0;4
FR;4;2022-08-07;5;0;0;0;5;0;0;0;0;1081654;6807;1497;48;1082843;4182;531;0;4
FR;4;2022-08-08;1;0;1;1;1;1;1;0;0;1081655;6807;1498;49;1082844;4183;532;0;4
FR;4;2022-08-09;1;1;1;2;1;2;2;0;0;1081656;6808;1499;51;1082845;4185;534;0;4
FR;4;2022-08-10;5;1;1;0;6;1;0;0;0;1081661;6809;1500;51;1082851;4186;534;0;4
FR;4;2022-08-11;2;0;1;0;2;1;0;0;0;1081663;6809;1501;51;1082853;4187;534;0;4
FR;4;2022-08-12;4;0;1;0;4;0;1;0;0;1081667;6809;1502;51;1082857;4187;535;0;4
FR;4;2022-08-13;1;0;0;0;1;0;0;0;0;1081668;6809;1502;51;1082858;4187;535;0;4
FR;4;2022-08-14;0;0;0;0;0;0;0;0;0;1081668;6809;1502;51;1082858;4187;535;0;4
FR;4;2022-08-15;1;2;3;0;1;2;3;0;0;1081669;6811;1505;51;1082859;4189;538;0;4
FR;4;2022-08-16;0;0;1;0;0;1;0;0;0;1081669;6811;1506;51;1082859;4190;538;0;4
FR;4;2022-08-17;2;0;0;0;2;0;0;0;0;1081671;6811;1506;51;1082861;4190;538;0;4
FR;4;2022-08-18;3;0;0;0;3;0;0;0;0;1081674;6811;1506;51;1082864;4190;538;0;4
FR;4;2022-08-19;5;0;0;0;5;0;0;0;0;1081679;6811;1506;51;1082869;4190;538;0;4
FR;4;2022-08-20;1;1;0;0;2;0;0;0;0;1081680;6812;1506;51;1082871;4190;538;0;4
FR;4;2022-08-21;1;0;0;0;1;0;0;0;0;1081681;6812;1506;51;1082872;4190;538;0;4
FR;4;2022-08-22;4;9;0;0;4;9;0;0;0;1081685;6821;1506;51;1082876;4199;538;0;4
FR;4;2022-08-23;3;3;3;0;3;4;2;0;0;1081688;6824;1509;51;1082879;4203;540;0;4
FR;4;2022-08-24;5;0;0;1;5;0;1;0;0;1081693;6824;1509;52;1082884;4203;541;0;4
FR;4;2022-08-25;1;3;1;0;1;3;1;0;0;1081694;6827;1510;52;1082885;4206;542;0;4
FR;4;2022-08-26;2;0;0;1;2;0;1;0;0;1081696;6827;1510;53;1082887;4206;543;0;4
FR;4;2022-08-27;1;0;0;0;1;0;0;0;0;1081697;6827;1510;53;1082888;4206;543;0;4
FR;4;2022-08-28;0;1;0;0;0;0;0;0;0;1081697;6828;1510;53;1082888;4206;543;0;4
FR;4;2022-08-29;8;0;0;0;8;0;0;0;0;1081705;6828;1510;53;1082896;4206;543;0;4
FR;4;2022-08-30;5;0;0;0;5;0;0;0;0;1081710;6828;1510;53;1082901;4206;543;0;4
FR;4;2022-08-31;2;1;0;0;2;1;0;0;0;1081712;6829;1510;53;1082903;4207;543;0;4
FR;4;2022-09-01;3;8;2;0;4;7;2;0;0;1081715;6837;1512;53;1082907;4214;545;0;4
FR;4;2022-09-02;2;1;1;0;2;2;0;0;0;1081717;6838;1513;53;1082909;4216;545;0;4
FR;4;2022-09-03;3;0;0;0;3;0;0;0;0;1081720;6838;1513;53;1082912;4216;545;0;4
FR;4;2022-09-04;1;0;0;0;1;0;0;0;0;1081721;6838;1513;53;1082913;4216;545;0;4
FR;4;2022-09-05;2;2;0;0;2;2;0;0;0;1081723;6840;1513;53;1082915;4218;545;0;4
FR;4;2022-09-06;1;0;0;0;1;0;0;0;0;1081724;6840;1513;53;1082916;4218;545;0;4
FR;4;2022-09-07;1;0;1;1;1;1;1;0;0;1081725;6840;1514;54;1082917;4219;546;0;4
FR;4;2022-09-08;3;0;0;0;3;0;0;0;0;1081728;6840;1514;54;1082920;4219;546;0;4
FR;4;2022-09-09;2;0;0;0;2;0;0;0;0;1081730;6840;1514;54;1082922;4219;546;0;4
FR;4;2022-09-10;0;0;0;3;0;1;2;0;0;1081730;6840;1514;57;1082922;4220;548;0;4
FR;4;2022-09-11;2;0;0;0;2;0;0;0;0;1081732;6840;1514;57;1082924;4220;548;0;4
FR;4;2022-09-12;1;1;1;0;1;1;1;0;0;1081733;6841;1515;57;1082925;4221;549;0;4
FR;4;2022-09-13;1;0;0;0;1;0;0;0;0;1081734;6841;1515;57;1082926;4221;549;0;4
FR;4;2022-09-14;2;0;0;0;2;0;0;0;0;1081736;6841;1515;57;1082928;4221;549;0;4
FR;4;2022-09-15;4;0;0;0;4;0;0;0;0;1081740;6841;1515;57;1082932;4221;549;0;4
FR;4;2022-09-16;0;0;0;0;0;0;0;0;0;1081740;6841;1515;57;1082932;4221;549;0;4
FR;4;2022-09-17;2;0;0;0;2;0;0;0;0;1081742;6841;1515;57;1082934;4221;549;0;4
FR;4;2022-09-18;0;1;0;0;0;1;0;0;0;1081742;6842;1515;57;1082934;4222;549;0;4
FR;4;2022-09-19;2;0;2;0;2;2;0;0;0;1081744;6842;1517;57;1082936;4224;549;0;4
FR;4;2022-09-20;4;0;0;0;4;0;0;0;0;1081748;6842;1517;57;1082940;4224;549;0;4
FR;4;2022-09-21;2;1;0;0;2;1;0;0;0;1081750;6843;1517;57;1082942;4225;549;0;4
FR;4;2022-09-22;1;1;0;0;1;1;0;0;0;1081751;6844;1517;57;1082943;4226;549;0;4
FR;4;2022-09-23;2;3;0;0;3;2;0;0;0;1081753;6847;1517;57;1082946;4228;549;0;4
FR;4;2022-09-24;1;0;0;0;1;0;0;0;0;1081754;6847;1517;57;1082947;4228;549;0;4
FR;4;2022-09-25;0;0;0;0;0;0;0;0;0;1081754;6847;1517;57;1082947;4228;549;0;4
FR;4;2022-09-26;2;0;1;0;2;0;1;0;0;1081756;6847;1518;57;1082949;4228;550;0;4
FR;4;2022-09-27;1;0;1;1;1;0;2;0;0;1081757;6847;1519;58;1082950;4228;552;0;4
FR;4;2022-09-28;3;0;2;0;3;2;0;0;0;1081760;6847;1521;58;1082953;4230;552;0;4
FR;4;2022-09-29;3;0;1;1;3;1;1;0;0;1081763;6847;1522;59;1082956;4231;553;0;4
FR;4;2022-09-30;1;0;0;0;1;0;0;0;0;1081764;6847;1522;59;1082957;4231;553;0;4
FR;4;2022-10-01;1;1;0;0;2;0;0;0;0;1081765;6848;1522;59;1082959;4231;553;0;4
FR;4;2022-10-02;0;1;0;0;0;1;0;0;0;1081765;6849;1522;59;1082959;4232;553;0;4
FR;4;2022-10-03;3;2;1;0;4;2;0;0;0;1081768;6851;1523;59;1082963;4234;553;0;4
FR;4;2022-10-04;2;0;0;0;2;0;0;0;0;1081770;6851;1523;59;1082965;4234;553;0;4
FR;4;2022-10-05;0;1;0;0;0;1;0;0;0;1081770;6852;1523;59;1082965;4235;553;0;4
FR;4;2022-10-06;1;0;0;0;1;0;0;0;0;1081771;6852;1523;59;1082966;4235;553;0;4
FR;4;2022-10-07;3;0;1;0;3;0;1;0;0;1081774;6852;1524;59;1082969;4235;554;0;4
FR;4;2022-10-08;3;1;0;0;3;0;0;0;0;1081777;6853;1524;59;1082972;4235;554;0;4
FR;4;2022-10-09;0;0;0;0;0;0;0;0;0;1081777;6853;1524;59;1082972;4235;554;0;4
FR;4;2022-10-10;4;0;2;3;4;2;1;0;2;1081781;6853;1526;62;1082976;4237;555;0;6
FR;4;2022-10-11;1;2;0;0;1;1;0;0;0;1081782;6855;1526;62;1082977;4238;555;0;6
FR;4;2022-10-12;0;0;0;0;0;0;0;0;0;1081782;6855;1526;62;1082977;4238;555;0;6
FR;4;2022-10-13;5;0;0;0;5;0;0;0;0;1081787;6855;1526;62;1082982;4238;555;0;6
FR;4;2022-10-14;1;0;0;0;1;0;0;0;0;1081788;6855;1526;62;1082983;4238;555;0;6
FR;4;2022-10-15;0;1;0;0;0;1;0;0;0;1081788;6856;1526;62;1082983;4239;555;0;6
FR;4;2022-10-16;0;0;0;0;0;0;0;0;0;1081788;6856;1526;62;1082983;4239;555;0;6
FR;4;2022-10-17;2;0;1;0;2;1;0;0;0;1081790;6856;1527;62;1082985;4240;555;0;6
FR;4;2022-10-18;1;0;0;1;1;0;1;0;0;1081791;6856;1527;63;1082986;4240;556;0;6
FR;4;2022-10-19;1;0;0;2;1;0;2;0;3;1081792;6856;1527;65;1082987;4240;558;0;9
FR;4;2022-10-20;4;1;0;0;4;1;0;0;0;1081796;6857;1527;65;1082991;4241;558;0;9
FR;4;2022-10-21;1;0;0;0;1;0;0;0;0;1081797;6857;1527;65;1082992;4241;558;0;9
FR;4;2022-10-22;1;0;0;0;1;0;0;0;0;1081798;6857;1527;65;1082993;4241;558;0;9
FR;4;2022-10-23;0;0;0;0;0;0;0;0;0;1081798;6857;1527;65;1082993;4241;558;0;9
FR;4;2022-10-24;1;0;0;0;1;0;0;0;0;1081799;6857;1527;65;1082994;4241;558;0;9
FR;4;2022-10-25;1;0;0;0;1;0;0;0;0;1081800;6857;1527;65;1082995;4241;558;0;9
FR;4;2022-10-26;2;1;0;0;2;1;0;0;0;1081802;6858;1527;65;1082997;4242;558;0;9
FR;4;2022-10-27;3;1;1;0;3;0;1;0;0;1081805;6859;1528;65;1083000;4242;559;0;9
FR;4;2022-10-28;0;0;0;0;0;0;0;0;0;1081805;6859;1528;65;1083000;4242;559;0;9
FR;4;2022-10-29;1;0;0;3;1;0;3;0;3;1081806;6859;1528;68;1083001;4242;562;0;12
FR;4;2022-10-30;1;0;0;0;1;0;0;0;0;1081807;6859;1528;68;1083002;4242;562;0;12
FR;4;2022-10-31;0;0;0;0;0;0;0;0;0;1081807;6859;1528;68;1083002;4242;562;0;12
FR;4;2022-11-01;1;5;0;0;1;5;0;0;0;1081808;6864;1528;68;1083003;4247;562;0;12
FR;4;2022-11-02;0;0;2;2;0;1;3;0;0;1081808;6864;1530;70;1083003;4248;565;0;12
FR;4;2022-11-03;1;0;0;0;1;0;0;0;0;1081809;6864;1530;70;1083004;4248;565;0;12
FR;4;2022-11-04;4;1;0;0;4;0;0;0;0;1081813;6865;1530;70;1083008;4248;565;0;12
FR;4;2022-11-05;0;0;0;0;0;0;0;0;0;1081813;6865;1530;70;1083008;4248;565;0;12
FR;4;2022-11-06;1;0;0;0;1;0;0;0;0;1081814;6865;1530;70;1083009;4248;565;0;12
FR;4;2022-11-07;2;0;0;0;2;0;0;0;0;1081816;6865;1530;70;1083011;4248;565;0;12
FR;4;2022-11-08;7;0;0;0;7;0;0;0;0;1081823;6865;1530;70;1083018;4248;565;0;12
FR;4;2022-11-09;0;0;0;0;0;0;0;0;0;1081823;6865;1530;70;1083018;4248;565;0;12
FR;4;2022-11-10;0;0;0;0;0;0;0;0;0;1081823;6865;1530;70;1083018;4248;565;0;12
FR;4;2022-11-11;1;0;0;0;1;0;0;0;0;1081824;6865;1530;70;1083019;4248;565;0;12
FR;4;2022-11-12;3;1;0;0;3;1;0;0;0;1081827;6866;1530;70;1083022;4249;565;0;12
FR;4;2022-11-13;0;0;0;0;0;0;0;0;0;1081827;6866;1530;70;1083022;4249;565;0;12
FR;4;2022-11-14;0;0;0;0;0;0;0;0;0;1081827;6866;1530;70;1083022;4249;565;0;12
FR;4;2022-11-15;3;0;0;0;3;0;0;0;0;1081830;6866;1530;70;1083025;4249;565;0;12
FR;4;2022-11-16;1;1;0;0;1;1;0;0;0;1081831;6867;1530;70;1083026;4250;565;0;12
FR;4;2022-11-17;0;0;0;0;0;0;0;0;0;1081831;6867;1530;70;1083026;4250;565;0;12
FR;4;2022-11-18;3;0;1;0;3;0;1;0;0;1081834;6867;1531;70;1083029;4250;566;0;12
FR;4;2022-11-19;0;0;0;0;0;0;0;0;0;1081834;6867;1531;70;1083029;4250;566;0;12
FR;4;2022-11-20;0;0;0;0;0;0;0;0;0;1081834;6867;1531;70;1083029;4250;566;0;12
FR;4;2022-11-21;0;0;0;0;0;0;0;0;0;1081834;6867;1531;70;1083029;4250;566;0;12
FR;4;2022-11-22;0;0;0;0;0;0;0;0;0;1081834;6867;1531;70;1083029;4250;566;0;12
FR;4;2022-11-23;1;0;0;0;1;0;0;0;1;1081835;6867;1531;70;1083030;4250;566;0;13
FR;4;2022-11-24;0;0;0;0;0;0;0;0;0;1081835;6867;1531;70;1083030;4250;566;0;13
FR;4;2022-11-25;3;1;0;0;3;1;0;0;0;1081838;6868;1531;70;1083033;4251;566;0;13
FR;4;2022-11-26;0;0;0;0;0;0;0;0;0;1081838;6868;1531;70;1083033;4251;566;0;13
FR;4;2022-11-27;0;0;0;0;0;0;0;0;0;1081838;6868;1531;70;1083033;4251;566;0;13
FR;4;2022-11-28;3;0;0;0;3;0;0;0;0;1081841;6868;1531;70;1083036;4251;566;0;13
FR;4;2022-11-29;2;0;0;0;2;0;0;0;0;1081843;6868;1531;70;1083038;4251;566;0;13
FR;4;2022-11-30;0;0;0;0;0;0;0;0;0;1081843;6868;1531;70;1083038;4251;566;0;13
FR;4;2022-12-01;1;1;2;0;1;2;1;0;0;1081844;6869;1533;70;1083039;4253;567;0;13
FR;4;2022-12-02;2;0;0;1;2;0;0;0;1;1081846;6869;1533;71;1083041;4253;567;0;14
FR;4;2022-12-03;1;0;0;0;1;0;0;0;0;1081847;6869;1533;71;1083042;4253;567;0;14
FR;4;2022-12-04;0;0;0;0;0;0;0;0;0;1081847;6869;1533;71;1083042;4253;567;0;14
FR;4;2022-12-05;1;0;0;0;1;0;0;0;0;1081848;6869;1533;71;1083043;4253;567;0;14
FR;4;2022-12-06;1;0;0;0;1;0;0;0;0;1081849;6869;1533;71;1083044;4253;567;0;14
FR;4;2022-12-07;2;0;0;0;2;0;0;0;0;1081851;6869;1533;71;1083046;4253;567;0;14
FR;4;2022-12-08;1;0;0;0;1;0;0;0;0;1081852;6869;1533;71;1083047;4253;567;0;14
FR;4;2022-12-09;1;0;0;0;1;0;0;0;0;1081853;6869;1533;71;1083048;4253;567;0;14
FR;4;2022-12-10;1;0;0;0;1;0;0;0;0;1081854;6869;1533;71;1083049;4253;567;0;14
FR;4;2022-12-11;0;0;0;0;0;0;0;0;0;1081854;6869;1533;71;1083049;4253;567;0;14
FR;4;2022-12-12;0;1;0;5;0;1;5;0;0;1081854;6870;1533;76;1083049;4254;572;0;14
FR;4;2022-12-13;1;0;0;0;1;0;0;0;0;1081855;6870;1533;76;1083050;4254;572;0;14
FR;4;2022-12-14;0;0;0;0;0;0;0;0;0;1081855;6870;1533;76;1083050;4254;572;0;14
FR;4;2022-12-15;1;0;0;0;1;0;0;0;0;1081856;6870;1533;76;1083051;4254;572;0;14
FR;4;2022-12-16;1;0;0;0;1;0;0;0;0;1081857;6870;1533;76;1083052;4254;572;0;14
FR;4;2022-12-17;0;0;0;0;0;0;0;0;0;1081857;6870;1533;76;1083052;4254;572;0;14
FR;4;2022-12-18;0;0;0;0;0;0;0;0;0;1081857;6870;1533;76;1083052;4254;572;0;14
FR;4;2022-12-19;1;0;0;0;1;0;0;0;0;1081858;6870;1533;76;1083053;4254;572;0;14
FR;4;2022-12-20;2;1;0;0;2;1;0;0;0;1081860;6871;1533;76;1083055;4255;572;0;14
FR;4;2022-12-21;2;0;0;0;2;0;0;0;0;1081862;6871;1533;76;1083057;4255;572;0;14
FR;5;2020-12-27;0;0;0;0;0;0;0;0;0;0;0;0;0;0;0;0;0;0
FR;5;2020-12-28;0;0;0;0;0;0;0;0;0;0;0;0;0;0;0;0;0;0
FR;5;2020-12-29;0;0;0;0;0;0;0;0;0;0;0;0;0;0;0;0;0;0
FR;5;2020-12-30;0;0;0;0;0;0;0;0;0;0;0;0;0;0;0;0;0;0
FR;5;2020-12-31;0;0;0;0;0;0;0;0;0;0;0;0;0;0;0;0;0;0
FR;5;2021-01-01;0;0;0;0;0;0;0;0;0;0;0;0;0;0;0;0;0;0
FR;5;2021-01-02;0;0;0;0;0;0;0;0;0;0;0;0;0;0;0;0;0;0
FR;5;2021-01-03;0;0;0;0;0;0;0;0;0;0;0;0;0;0;0;0;0;0
FR;5;2021-01-04;0;0;0;0;0;0;0;0;0;0;0;0;0;0;0;0;0;0
FR;5;2021-01-05;0;0;0;0;0;0;0;0;0;0;0;0;0;0;0;0;0;0
FR;5;2021-01-06;0;0;0;0;0;0;0;0;0;0;0;0;0;0;0;0;0;0
FR;5;2021-01-07;0;0;0;0;0;0;0;0;0;0;0;0;0;0;0;0;0;0
FR;5;2021-01-08;0;0;0;0;0;0;0;0;0;0;0;0;0;0;0;0;0;0
FR;5;2021-01-09;0;0;0;0;0;0;0;0;0;0;0;0;0;0;0;0;0;0
FR;5;2021-01-10;0;0;0;0;0;0;0;0;0;0;0;0;0;0;0;0;0;0
FR;5;2021-01-11;0;0;0;0;0;0;0;0;0;0;0;0;0;0;0;0;0;0
FR;5;2021-01-12;0;0;0;0;0;0;0;0;0;0;0;0;0;0;0;0;0;0
FR;5;2021-01-13;0;0;0;0;0;0;0;0;0;0;0;0;0;0;0;0;0;0
FR;5;2021-01-14;0;0;0;0;0;0;0;0;0;0;0;0;0;0;0;0;0;0
FR;5;2021-01-15;0;0;0;0;0;0;0;0;0;0;0;0;0;0;0;0;0;0
FR;5;2021-01-16;0;0;0;0;0;0;0;0;0;0;0;0;0;0;0;0;0;0
FR;5;2021-01-17;0;0;0;0;0;0;0;0;0;0;0;0;0;0;0;0;0;0
FR;5;2021-01-18;0;0;0;0;0;0;0;0;0;0;0;0;0;0;0;0;0;0
FR;5;2021-01-19;0;0;0;0;0;0;0;0;0;0;0;0;0;0;0;0;0;0
FR;5;2021-01-20;0;0;0;0;0;0;0;0;0;0;0;0;0;0;0;0;0;0
FR;5;2021-01-21;0;0;0;0;0;0;0;0;0;0;0;0;0;0;0;0;0;0
FR;5;2021-01-22;0;0;0;0;0;0;0;0;0;0;0;0;0;0;0;0;0;0
FR;5;2021-01-23;0;0;0;0;0;0;0;0;0;0;0;0;0;0;0;0;0;0
FR;5;2021-01-24;0;0;0;0;0;0;0;0;0;0;0;0;0;0;0;0;0;0
FR;5;2021-01-25;0;0;0;0;0;0;0;0;0;0;0;0;0;0;0;0;0;0
FR;5;2021-01-26;0;0;0;0;0;0;0;0;0;0;0;0;0;0;0;0;0;0
FR;5;2021-01-27;0;0;0;0;0;0;0;0;0;0;0;0;0;0;0;0;0;0
FR;5;2021-01-28;0;0;0;0;0;0;0;0;0;0;0;0;0;0;0;0;0;0
FR;5;2021-01-29;0;0;0;0;0;0;0;0;0;0;0;0;0;0;0;0;0;0
FR;5;2021-01-30;0;0;0;0;0;0;0;0;0;0;0;0;0;0;0;0;0;0
FR;5;2021-01-31;0;0;0;0;0;0;0;0;0;0;0;0;0;0;0;0;0;0
FR;5;2021-02-01;0;0;0;0;0;0;0;0;0;0;0;0;0;0;0;0;0;0
FR;5;2021-02-02;0;0;0;0;0;0;0;0;0;0;0;0;0;0;0;0;0;0
FR;5;2021-02-03;0;0;0;0;0;0;0;0;0;0;0;0;0;0;0;0;0;0
FR;5;2021-02-04;0;0;0;0;0;0;0;0;0;0;0;0;0;0;0;0;0;0
FR;5;2021-02-05;0;0;0;0;0;0;0;0;0;0;0;0;0;0;0;0;0;0
FR;5;2021-02-06;0;0;0;0;0;0;0;0;0;0;0;0;0;0;0;0;0;0
FR;5;2021-02-07;0;0;0;0;0;0;0;0;0;0;0;0;0;0;0;0;0;0
FR;5;2021-02-08;0;0;0;0;0;0;0;0;0;0;0;0;0;0;0;0;0;0
FR;5;2021-02-09;0;0;0;0;0;0;0;0;0;0;0;0;0;0;0;0;0;0
FR;5;2021-02-10;0;0;0;0;0;0;0;0;0;0;0;0;0;0;0;0;0;0
FR;5;2021-02-11;0;0;0;0;0;0;0;0;0;0;0;0;0;0;0;0;0;0
FR;5;2021-02-12;0;0;0;0;0;0;0;0;0;0;0;0;0;0;0;0;0;0
FR;5;2021-02-13;0;0;0;0;0;0;0;0;0;0;0;0;0;0;0;0;0;0
FR;5;2021-02-14;0;0;0;0;0;0;0;0;0;0;0;0;0;0;0;0;0;0
FR;5;2021-02-15;0;0;0;0;0;0;0;0;0;0;0;0;0;0;0;0;0;0
FR;5;2021-02-16;0;0;0;0;0;0;0;0;0;0;0;0;0;0;0;0;0;0
FR;5;2021-02-17;0;0;0;0;0;0;0;0;0;0;0;0;0;0;0;0;0;0
FR;5;2021-02-18;0;0;0;0;0;0;0;0;0;0;0;0;0;0;0;0;0;0
FR;5;2021-02-19;0;0;0;0;0;0;0;0;0;0;0;0;0;0;0;0;0;0
FR;5;2021-02-20;0;0;0;0;0;0;0;0;0;0;0;0;0;0;0;0;0;0
FR;5;2021-02-21;0;0;0;0;0;0;0;0;0;0;0;0;0;0;0;0;0;0
FR;5;2021-02-22;0;0;0;0;0;0;0;0;0;0;0;0;0;0;0;0;0;0
FR;5;2021-02-23;0;0;0;0;0;0;0;0;0;0;0;0;0;0;0;0;0;0
FR;5;2021-02-24;0;0;0;0;0;0;0;0;0;0;0;0;0;0;0;0;0;0
FR;5;2021-02-25;0;0;0;0;0;0;0;0;0;0;0;0;0;0;0;0;0;0
FR;5;2021-02-26;0;0;0;0;0;0;0;0;0;0;0;0;0;0;0;0;0;0
FR;5;2021-02-27;0;0;0;0;0;0;0;0;0;0;0;0;0;0;0;0;0;0
FR;5;2021-02-28;0;0;0;0;0;0;0;0;0;0;0;0;0;0;0;0;0;0
FR;5;2021-03-01;0;0;0;0;0;0;0;0;0;0;0;0;0;0;0;0;0;0
FR;5;2021-03-02;0;0;0;0;0;0;0;0;0;0;0;0;0;0;0;0;0;0
FR;5;2021-03-03;0;0;0;0;0;0;0;0;0;0;0;0;0;0;0;0;0;0
FR;5;2021-03-04;0;0;0;0;0;0;0;0;0;0;0;0;0;0;0;0;0;0
FR;5;2021-03-05;0;0;0;0;0;0;0;0;0;0;0;0;0;0;0;0;0;0
FR;5;2021-03-06;0;0;0;0;0;0;0;0;0;0;0;0;0;0;0;0;0;0
FR;5;2021-03-07;0;0;0;0;0;0;0;0;0;0;0;0;0;0;0;0;0;0
FR;5;2021-03-08;0;0;0;0;0;0;0;0;0;0;0;0;0;0;0;0;0;0
FR;5;2021-03-09;0;0;0;0;0;0;0;0;0;0;0;0;0;0;0;0;0;0
FR;5;2021-03-10;0;0;0;0;0;0;0;0;0;0;0;0;0;0;0;0;0;0
FR;5;2021-03-11;0;0;0;0;0;0;0;0;0;0;0;0;0;0;0;0;0;0
FR;5;2021-03-12;0;0;0;0;0;0;0;0;0;0;0;0;0;0;0;0;0;0
FR;5;2021-03-13;0;0;0;0;0;0;0;0;0;0;0;0;0;0;0;0;0;0
FR;5;2021-03-14;0;0;0;0;0;0;0;0;0;0;0;0;0;0;0;0;0;0
FR;5;2021-03-15;0;0;0;0;0;0;0;0;0;0;0;0;0;0;0;0;0;0
FR;5;2021-03-16;0;0;0;0;0;0;0;0;0;0;0;0;0;0;0;0;0;0
FR;5;2021-03-17;0;0;0;0;0;0;0;0;0;0;0;0;0;0;0;0;0;0
FR;5;2021-03-18;0;0;0;0;0;0;0;0;0;0;0;0;0;0;0;0;0;0
FR;5;2021-03-19;0;0;0;0;0;0;0;0;0;0;0;0;0;0;0;0;0;0
FR;5;2021-03-20;0;0;0;0;0;0;0;0;0;0;0;0;0;0;0;0;0;0
FR;5;2021-03-21;0;0;0;0;0;0;0;0;0;0;0;0;0;0;0;0;0;0
FR;5;2021-03-22;0;0;0;0;0;0;0;0;0;0;0;0;0;0;0;0;0;0
FR;5;2021-03-23;0;0;0;0;0;0;0;0;0;0;0;0;0;0;0;0;0;0
FR;5;2021-03-24;0;0;0;0;0;0;0;0;0;0;0;0;0;0;0;0;0;0
FR;5;2021-03-25;0;0;0;0;0;0;0;0;0;0;0;0;0;0;0;0;0;0
FR;5;2021-03-26;0;0;0;0;0;0;0;0;0;0;0;0;0;0;0;0;0;0
FR;5;2021-03-27;0;0;0;0;0;0;0;0;0;0;0;0;0;0;0;0;0;0
FR;5;2021-03-28;0;0;0;0;0;0;0;0;0;0;0;0;0;0;0;0;0;0
FR;5;2021-03-29;0;0;0;0;0;0;0;0;0;0;0;0;0;0;0;0;0;0
FR;5;2021-03-30;0;0;0;0;0;0;0;0;0;0;0;0;0;0;0;0;0;0
FR;5;2021-03-31;0;0;0;0;0;0;0;0;0;0;0;0;0;0;0;0;0;0
FR;5;2021-04-01;0;0;0;0;0;0;0;0;0;0;0;0;0;0;0;0;0;0
FR;5;2021-04-02;0;0;0;0;0;0;0;0;0;0;0;0;0;0;0;0;0;0
FR;5;2021-04-03;0;0;0;0;0;0;0;0;0;0;0;0;0;0;0;0;0;0
FR;5;2021-04-04;0;0;0;0;0;0;0;0;0;0;0;0;0;0;0;0;0;0
FR;5;2021-04-05;0;0;0;0;0;0;0;0;0;0;0;0;0;0;0;0;0;0
FR;5;2021-04-06;0;0;0;0;0;0;0;0;0;0;0;0;0;0;0;0;0;0
FR;5;2021-04-07;0;0;0;0;0;0;0;0;0;0;0;0;0;0;0;0;0;0
FR;5;2021-04-08;0;0;0;0;0;0;0;0;0;0;0;0;0;0;0;0;0;0
FR;5;2021-04-09;0;0;0;0;0;0;0;0;0;0;0;0;0;0;0;0;0;0
FR;5;2021-04-10;0;0;0;0;0;0;0;0;0;0;0;0;0;0;0;0;0;0
FR;5;2021-04-11;0;0;0;0;0;0;0;0;0;0;0;0;0;0;0;0;0;0
FR;5;2021-04-12;0;0;0;0;0;0;0;0;0;0;0;0;0;0;0;0;0;0
FR;5;2021-04-13;0;0;0;0;0;0;0;0;0;0;0;0;0;0;0;0;0;0
FR;5;2021-04-14;0;0;0;0;0;0;0;0;0;0;0;0;0;0;0;0;0;0
FR;5;2021-04-15;0;0;0;0;0;0;0;0;0;0;0;0;0;0;0;0;0;0
FR;5;2021-04-16;0;0;0;0;0;0;0;0;0;0;0;0;0;0;0;0;0;0
FR;5;2021-04-17;0;0;0;0;0;0;0;0;0;0;0;0;0;0;0;0;0;0
FR;5;2021-04-18;0;0;0;0;0;0;0;0;0;0;0;0;0;0;0;0;0;0
FR;5;2021-04-19;0;0;0;0;0;0;0;0;0;0;0;0;0;0;0;0;0;0
FR;5;2021-04-20;0;0;0;0;0;0;0;0;0;0;0;0;0;0;0;0;0;0
FR;5;2021-04-21;0;0;0;0;0;0;0;0;0;0;0;0;0;0;0;0;0;0
FR;5;2021-04-22;0;0;0;0;0;0;0;0;0;0;0;0;0;0;0;0;0;0
FR;5;2021-04-23;0;0;0;0;0;0;0;0;0;0;0;0;0;0;0;0;0;0
FR;5;2021-04-24;0;0;0;0;0;0;0;0;0;0;0;0;0;0;0;0;0;0
FR;5;2021-04-25;0;0;0;0;0;0;0;0;0;0;0;0;0;0;0;0;0;0
FR;5;2021-04-26;0;0;0;0;0;0;0;0;0;0;0;0;0;0;0;0;0;0
FR;5;2021-04-27;0;0;0;0;0;0;0;0;0;0;0;0;0;0;0;0;0;0
FR;5;2021-04-28;0;0;0;0;0;0;0;0;0;0;0;0;0;0;0;0;0;0
FR;5;2021-04-29;0;0;0;0;0;0;0;0;0;0;0;0;0;0;0;0;0;0
FR;5;2021-04-30;0;0;0;0;0;0;0;0;0;0;0;0;0;0;0;0;0;0
FR;5;2021-05-01;0;0;0;0;0;0;0;0;0;0;0;0;0;0;0;0;0;0
FR;5;2021-05-02;0;0;0;0;0;0;0;0;0;0;0;0;0;0;0;0;0;0
FR;5;2021-05-03;0;0;0;0;0;0;0;0;0;0;0;0;0;0;0;0;0;0
FR;5;2021-05-04;0;0;0;0;0;0;0;0;0;0;0;0;0;0;0;0;0;0
FR;5;2021-05-05;0;0;0;0;0;0;0;0;0;0;0;0;0;0;0;0;0;0
FR;5;2021-05-06;0;0;0;0;0;0;0;0;0;0;0;0;0;0;0;0;0;0
FR;5;2021-05-07;0;0;0;0;0;0;0;0;0;0;0;0;0;0;0;0;0;0
FR;5;2021-05-08;0;0;0;0;0;0;0;0;0;0;0;0;0;0;0;0;0;0
FR;5;2021-05-09;0;0;0;0;0;0;0;0;0;0;0;0;0;0;0;0;0;0
FR;5;2021-05-10;0;0;0;0;0;0;0;0;0;0;0;0;0;0;0;0;0;0
FR;5;2021-05-11;0;0;0;0;0;0;0;0;0;0;0;0;0;0;0;0;0;0
FR;5;2021-05-12;0;0;0;0;0;0;0;0;0;0;0;0;0;0;0;0;0;0
FR;5;2021-05-13;0;0;0;0;0;0;0;0;0;0;0;0;0;0;0;0;0;0
FR;5;2021-05-14;0;0;0;0;0;0;0;0;0;0;0;0;0;0;0;0;0;0
FR;5;2021-05-15;0;0;0;0;0;0;0;0;0;0;0;0;0;0;0;0;0;0
FR;5;2021-05-16;0;0;0;0;0;0;0;0;0;0;0;0;0;0;0;0;0;0
FR;5;2021-05-17;0;0;0;0;0;0;0;0;0;0;0;0;0;0;0;0;0;0
FR;5;2021-05-18;0;0;0;0;0;0;0;0;0;0;0;0;0;0;0;0;0;0
FR;5;2021-05-19;0;0;0;0;0;0;0;0;0;0;0;0;0;0;0;0;0;0
FR;5;2021-05-20;0;0;0;0;0;0;0;0;0;0;0;0;0;0;0;0;0;0
FR;5;2021-05-21;0;0;0;0;0;0;0;0;0;0;0;0;0;0;0;0;0;0
FR;5;2021-05-22;0;0;0;0;0;0;0;0;0;0;0;0;0;0;0;0;0;0
FR;5;2021-05-23;0;0;0;0;0;0;0;0;0;0;0;0;0;0;0;0;0;0
FR;5;2021-05-24;0;0;0;0;0;0;0;0;0;0;0;0;0;0;0;0;0;0
FR;5;2021-05-25;0;0;0;0;0;0;0;0;0;0;0;0;0;0;0;0;0;0
FR;5;2021-05-26;0;0;0;0;0;0;0;0;0;0;0;0;0;0;0;0;0;0
FR;5;2021-05-27;0;0;0;0;0;0;0;0;0;0;0;0;0;0;0;0;0;0
FR;5;2021-05-28;0;0;0;0;0;0;0;0;0;0;0;0;0;0;0;0;0;0
FR;5;2021-05-29;0;0;0;0;0;0;0;0;0;0;0;0;0;0;0;0;0;0
FR;5;2021-05-30;0;0;0;0;0;0;0;0;0;0;0;0;0;0;0;0;0;0
FR;5;2021-05-31;0;0;0;0;0;0;0;0;0;0;0;0;0;0;0;0;0;0
FR;5;2021-06-01;0;0;0;0;0;0;0;0;0;0;0;0;0;0;0;0;0;0
FR;5;2021-06-02;0;0;0;0;0;0;0;0;0;0;0;0;0;0;0;0;0;0
FR;5;2021-06-03;0;0;0;0;0;0;0;0;0;0;0;0;0;0;0;0;0;0
FR;5;2021-06-04;0;0;0;0;0;0;0;0;0;0;0;0;0;0;0;0;0;0
FR;5;2021-06-05;0;0;0;0;0;0;0;0;0;0;0;0;0;0;0;0;0;0
FR;5;2021-06-06;0;0;0;0;0;0;0;0;0;0;0;0;0;0;0;0;0;0
FR;5;2021-06-07;0;0;0;0;0;0;0;0;0;0;0;0;0;0;0;0;0;0
FR;5;2021-06-08;0;0;0;0;0;0;0;0;0;0;0;0;0;0;0;0;0;0
FR;5;2021-06-09;0;0;0;0;0;0;0;0;0;0;0;0;0;0;0;0;0;0
FR;5;2021-06-10;0;0;0;0;0;0;0;0;0;0;0;0;0;0;0;0;0;0
FR;5;2021-06-11;0;0;0;0;0;0;0;0;0;0;0;0;0;0;0;0;0;0
FR;5;2021-06-12;0;0;0;0;0;0;0;0;0;0;0;0;0;0;0;0;0;0
FR;5;2021-06-13;0;0;0;0;0;0;0;0;0;0;0;0;0;0;0;0;0;0
FR;5;2021-06-14;0;0;0;0;0;0;0;0;0;0;0;0;0;0;0;0;0;0
FR;5;2021-06-15;0;0;0;0;0;0;0;0;0;0;0;0;0;0;0;0;0;0
FR;5;2021-06-16;0;0;0;0;0;0;0;0;0;0;0;0;0;0;0;0;0;0
FR;5;2021-06-17;0;0;0;0;0;0;0;0;0;0;0;0;0;0;0;0;0;0
FR;5;2021-06-18;0;0;0;0;0;0;0;0;0;0;0;0;0;0;0;0;0;0
FR;5;2021-06-19;0;0;0;0;0;0;0;0;0;0;0;0;0;0;0;0;0;0
FR;5;2021-06-20;0;0;0;0;0;0;0;0;0;0;0;0;0;0;0;0;0;0
FR;5;2021-06-21;0;0;0;0;0;0;0;0;0;0;0;0;0;0;0;0;0;0
FR;5;2021-06-22;0;0;0;0;0;0;0;0;0;0;0;0;0;0;0;0;0;0
FR;5;2021-06-23;0;0;0;0;0;0;0;0;0;0;0;0;0;0;0;0;0;0
FR;5;2021-06-24;0;0;0;0;0;0;0;0;0;0;0;0;0;0;0;0;0;0
FR;5;2021-06-25;0;0;0;0;0;0;0;0;0;0;0;0;0;0;0;0;0;0
FR;5;2021-06-26;0;0;0;0;0;0;0;0;0;0;0;0;0;0;0;0;0;0
FR;5;2021-06-27;0;0;0;0;0;0;0;0;0;0;0;0;0;0;0;0;0;0
FR;5;2021-06-28;0;0;0;0;0;0;0;0;0;0;0;0;0;0;0;0;0;0
FR;5;2021-06-29;0;0;0;0;0;0;0;0;0;0;0;0;0;0;0;0;0;0
FR;5;2021-06-30;0;0;0;0;0;0;0;0;0;0;0;0;0;0;0;0;0;0
FR;5;2021-07-01;0;0;0;0;0;0;0;0;0;0;0;0;0;0;0;0;0;0
FR;5;2021-07-02;0;0;0;0;0;0;0;0;0;0;0;0;0;0;0;0;0;0
FR;5;2021-07-03;0;0;0;0;0;0;0;0;0;0;0;0;0;0;0;0;0;0
FR;5;2021-07-04;0;0;0;0;0;0;0;0;0;0;0;0;0;0;0;0;0;0
FR;5;2021-07-05;0;0;0;0;0;0;0;0;0;0;0;0;0;0;0;0;0;0
FR;5;2021-07-06;0;0;0;0;0;0;0;0;0;0;0;0;0;0;0;0;0;0
FR;5;2021-07-07;0;0;0;0;0;0;0;0;0;0;0;0;0;0;0;0;0;0
FR;5;2021-07-08;0;0;0;0;0;0;0;0;0;0;0;0;0;0;0;0;0;0
FR;5;2021-07-09;0;0;0;0;0;0;0;0;0;0;0;0;0;0;0;0;0;0
FR;5;2021-07-10;0;0;0;0;0;0;0;0;0;0;0;0;0;0;0;0;0;0
FR;5;2021-07-11;0;0;0;0;0;0;0;0;0;0;0;0;0;0;0;0;0;0
FR;5;2021-07-12;0;0;0;0;0;0;0;0;0;0;0;0;0;0;0;0;0;0
FR;5;2021-07-13;0;0;0;0;0;0;0;0;0;0;0;0;0;0;0;0;0;0
FR;5;2021-07-14;0;0;0;0;0;0;0;0;0;0;0;0;0;0;0;0;0;0
FR;5;2021-07-15;0;0;0;0;0;0;0;0;0;0;0;0;0;0;0;0;0;0
FR;5;2021-07-16;0;0;0;0;0;0;0;0;0;0;0;0;0;0;0;0;0;0
FR;5;2021-07-17;0;0;0;0;0;0;0;0;0;0;0;0;0;0;0;0;0;0
FR;5;2021-07-18;0;0;0;0;0;0;0;0;0;0;0;0;0;0;0;0;0;0
FR;5;2021-07-19;0;0;0;0;0;0;0;0;0;0;0;0;0;0;0;0;0;0
FR;5;2021-07-20;0;0;0;0;0;0;0;0;0;0;0;0;0;0;0;0;0;0
FR;5;2021-07-21;0;0;0;0;0;0;0;0;0;0;0;0;0;0;0;0;0;0
FR;5;2021-07-22;0;0;0;0;0;0;0;0;0;0;0;0;0;0;0;0;0;0
FR;5;2021-07-23;0;0;0;0;0;0;0;0;0;0;0;0;0;0;0;0;0;0
FR;5;2021-07-24;0;0;0;0;0;0;0;0;0;0;0;0;0;0;0;0;0;0
FR;5;2021-07-25;0;0;0;0;0;0;0;0;0;0;0;0;0;0;0;0;0;0
FR;5;2021-07-26;0;0;0;0;0;0;0;0;0;0;0;0;0;0;0;0;0;0
FR;5;2021-07-27;0;0;0;0;0;0;0;0;0;0;0;0;0;0;0;0;0;0
FR;5;2021-07-28;0;0;0;0;0;0;0;0;0;0;0;0;0;0;0;0;0;0
FR;5;2021-07-29;0;0;0;0;0;0;0;0;0;0;0;0;0;0;0;0;0;0
FR;5;2021-07-30;0;0;0;0;0;0;0;0;0;0;0;0;0;0;0;0;0;0
FR;5;2021-07-31;0;0;0;0;0;0;0;0;0;0;0;0;0;0;0;0;0;0
FR;5;2021-08-01;0;0;0;0;0;0;0;0;0;0;0;0;0;0;0;0;0;0
FR;5;2021-08-02;0;0;0;0;0;0;0;0;0;0;0;0;0;0;0;0;0;0
FR;5;2021-08-03;0;0;0;0;0;0;0;0;0;0;0;0;0;0;0;0;0;0
FR;5;2021-08-04;0;0;0;0;0;0;0;0;0;0;0;0;0;0;0;0;0;0
FR;5;2021-08-05;0;0;0;0;0;0;0;0;0;0;0;0;0;0;0;0;0;0
FR;5;2021-08-06;0;0;0;0;0;0;0;0;0;0;0;0;0;0;0;0;0;0
FR;5;2021-08-07;0;0;0;0;0;0;0;0;0;0;0;0;0;0;0;0;0;0
FR;5;2021-08-08;0;0;0;0;0;0;0;0;0;0;0;0;0;0;0;0;0;0
FR;5;2021-08-09;0;0;0;0;0;0;0;0;0;0;0;0;0;0;0;0;0;0
FR;5;2021-08-10;0;0;0;0;0;0;0;0;0;0;0;0;0;0;0;0;0;0
FR;5;2021-08-11;0;0;0;0;0;0;0;0;0;0;0;0;0;0;0;0;0;0
FR;5;2021-08-12;0;0;0;0;0;0;0;0;0;0;0;0;0;0;0;0;0;0
FR;5;2021-08-13;0;0;0;0;0;0;0;0;0;0;0;0;0;0;0;0;0;0
FR;5;2021-08-14;0;0;0;0;0;0;0;0;0;0;0;0;0;0;0;0;0;0
FR;5;2021-08-15;0;0;0;0;0;0;0;0;0;0;0;0;0;0;0;0;0;0
FR;5;2021-08-16;0;0;0;0;0;0;0;0;0;0;0;0;0;0;0;0;0;0
FR;5;2021-08-17;0;0;0;0;0;0;0;0;0;0;0;0;0;0;0;0;0;0
FR;5;2021-08-18;0;0;0;0;0;0;0;0;0;0;0;0;0;0;0;0;0;0
FR;5;2021-08-19;0;0;0;0;0;0;0;0;0;0;0;0;0;0;0;0;0;0
FR;5;2021-08-20;0;0;0;0;0;0;0;0;0;0;0;0;0;0;0;0;0;0
FR;5;2021-08-21;0;0;0;0;0;0;0;0;0;0;0;0;0;0;0;0;0;0
FR;5;2021-08-22;0;0;0;0;0;0;0;0;0;0;0;0;0;0;0;0;0;0
FR;5;2021-08-23;0;0;0;0;0;0;0;0;0;0;0;0;0;0;0;0;0;0
FR;5;2021-08-24;0;0;0;0;0;0;0;0;0;0;0;0;0;0;0;0;0;0
FR;5;2021-08-25;0;0;0;0;0;0;0;0;0;0;0;0;0;0;0;0;0;0
FR;5;2021-08-26;0;0;0;0;0;0;0;0;0;0;0;0;0;0;0;0;0;0
FR;5;2021-08-27;0;0;0;0;0;0;0;0;0;0;0;0;0;0;0;0;0;0
FR;5;2021-08-28;0;0;0;0;0;0;0;0;0;0;0;0;0;0;0;0;0;0
FR;5;2021-08-29;0;0;0;0;0;0;0;0;0;0;0;0;0;0;0;0;0;0
FR;5;2021-08-30;0;0;0;0;0;0;0;0;0;0;0;0;0;0;0;0;0;0
FR;5;2021-08-31;0;0;0;0;0;0;0;0;0;0;0;0;0;0;0;0;0;0
FR;5;2021-09-01;0;0;0;0;0;0;0;0;0;0;0;0;0;0;0;0;0;0
FR;5;2021-09-02;0;0;0;0;0;0;0;0;0;0;0;0;0;0;0;0;0;0
FR;5;2021-09-03;0;0;0;0;0;0;0;0;0;0;0;0;0;0;0;0;0;0
FR;5;2021-09-04;0;0;0;0;0;0;0;0;0;0;0;0;0;0;0;0;0;0
FR;5;2021-09-05;0;0;0;0;0;0;0;0;0;0;0;0;0;0;0;0;0;0
FR;5;2021-09-06;0;0;0;0;0;0;0;0;0;0;0;0;0;0;0;0;0;0
FR;5;2021-09-07;0;0;0;0;0;0;0;0;0;0;0;0;0;0;0;0;0;0
FR;5;2021-09-08;0;0;0;0;0;0;0;0;0;0;0;0;0;0;0;0;0;0
FR;5;2021-09-09;0;0;0;0;0;0;0;0;0;0;0;0;0;0;0;0;0;0
FR;5;2021-09-10;0;0;0;0;0;0;0;0;0;0;0;0;0;0;0;0;0;0
FR;5;2021-09-11;0;0;0;0;0;0;0;0;0;0;0;0;0;0;0;0;0;0
FR;5;2021-09-12;0;0;0;0;0;0;0;0;0;0;0;0;0;0;0;0;0;0
FR;5;2021-09-13;0;0;0;0;0;0;0;0;0;0;0;0;0;0;0;0;0;0
FR;5;2021-09-14;0;0;0;0;0;0;0;0;0;0;0;0;0;0;0;0;0;0
FR;5;2021-09-15;0;0;0;0;0;0;0;0;0;0;0;0;0;0;0;0;0;0
FR;5;2021-09-16;0;0;0;0;0;0;0;0;0;0;0;0;0;0;0;0;0;0
FR;5;2021-09-17;0;0;0;0;0;0;0;0;0;0;0;0;0;0;0;0;0;0
FR;5;2021-09-18;0;0;0;0;0;0;0;0;0;0;0;0;0;0;0;0;0;0
FR;5;2021-09-19;0;0;0;0;0;0;0;0;0;0;0;0;0;0;0;0;0;0
FR;5;2021-09-20;0;0;0;0;0;0;0;0;0;0;0;0;0;0;0;0;0;0
FR;5;2021-09-21;0;0;0;0;0;0;0;0;0;0;0;0;0;0;0;0;0;0
FR;5;2021-09-22;0;0;0;0;0;0;0;0;0;0;0;0;0;0;0;0;0;0
FR;5;2021-09-23;0;0;0;0;0;0;0;0;0;0;0;0;0;0;0;0;0;0
FR;5;2021-09-24;0;0;0;0;0;0;0;0;0;0;0;0;0;0;0;0;0;0
FR;5;2021-09-25;0;0;0;0;0;0;0;0;0;0;0;0;0;0;0;0;0;0
FR;5;2021-09-26;0;0;0;0;0;0;0;0;0;0;0;0;0;0;0;0;0;0
FR;5;2021-09-27;0;0;0;0;0;0;0;0;0;0;0;0;0;0;0;0;0;0
FR;5;2021-09-28;0;0;0;0;0;0;0;0;0;0;0;0;0;0;0;0;0;0
FR;5;2021-09-29;0;0;0;0;0;0;0;0;0;0;0;0;0;0;0;0;0;0
FR;5;2021-09-30;0;0;0;0;0;0;0;0;0;0;0;0;0;0;0;0;0;0
FR;5;2021-10-01;0;0;0;0;0;0;0;0;0;0;0;0;0;0;0;0;0;0
FR;5;2021-10-02;0;0;0;0;0;0;0;0;0;0;0;0;0;0;0;0;0;0
FR;5;2021-10-03;0;0;0;0;0;0;0;0;0;0;0;0;0;0;0;0;0;0
FR;5;2021-10-04;0;0;0;0;0;0;0;0;0;0;0;0;0;0;0;0;0;0
FR;5;2021-10-05;0;0;0;0;0;0;0;0;0;0;0;0;0;0;0;0;0;0
FR;5;2021-10-06;0;0;0;0;0;0;0;0;0;0;0;0;0;0;0;0;0;0
FR;5;2021-10-07;0;0;0;0;0;0;0;0;0;0;0;0;0;0;0;0;0;0
FR;5;2021-10-08;0;0;0;0;0;0;0;0;0;0;0;0;0;0;0;0;0;0
FR;5;2021-10-09;0;0;0;0;0;0;0;0;0;0;0;0;0;0;0;0;0;0
FR;5;2021-10-10;0;0;0;0;0;0;0;0;0;0;0;0;0;0;0;0;0;0
FR;5;2021-10-11;0;0;0;0;0;0;0;0;0;0;0;0;0;0;0;0;0;0
FR;5;2021-10-12;0;0;0;0;0;0;0;0;0;0;0;0;0;0;0;0;0;0
FR;5;2021-10-13;0;0;0;0;0;0;0;0;0;0;0;0;0;0;0;0;0;0
FR;5;2021-10-14;0;0;0;0;0;0;0;0;0;0;0;0;0;0;0;0;0;0
FR;5;2021-10-15;0;0;0;0;0;0;0;0;0;0;0;0;0;0;0;0;0;0
FR;5;2021-10-16;0;0;0;0;0;0;0;0;0;0;0;0;0;0;0;0;0;0
FR;5;2021-10-17;0;0;0;0;0;0;0;0;0;0;0;0;0;0;0;0;0;0
FR;5;2021-10-18;0;0;0;0;0;0;0;0;0;0;0;0;0;0;0;0;0;0
FR;5;2021-10-19;0;0;0;0;0;0;0;0;0;0;0;0;0;0;0;0;0;0
FR;5;2021-10-20;0;0;0;0;0;0;0;0;0;0;0;0;0;0;0;0;0;0
FR;5;2021-10-21;0;0;0;0;0;0;0;0;0;0;0;0;0;0;0;0;0;0
FR;5;2021-10-22;0;0;0;0;0;0;0;0;0;0;0;0;0;0;0;0;0;0
FR;5;2021-10-23;0;0;0;0;0;0;0;0;0;0;0;0;0;0;0;0;0;0
FR;5;2021-10-24;0;0;0;0;0;0;0;0;0;0;0;0;0;0;0;0;0;0
FR;5;2021-10-25;0;0;0;0;0;0;0;0;0;0;0;0;0;0;0;0;0;0
FR;5;2021-10-26;0;0;0;0;0;0;0;0;0;0;0;0;0;0;0;0;0;0
FR;5;2021-10-27;0;0;0;0;0;0;0;0;0;0;0;0;0;0;0;0;0;0
FR;5;2021-10-28;0;0;0;0;0;0;0;0;0;0;0;0;0;0;0;0;0;0
FR;5;2021-10-29;0;0;0;0;0;0;0;0;0;0;0;0;0;0;0;0;0;0
FR;5;2021-10-30;0;0;0;0;0;0;0;0;0;0;0;0;0;0;0;0;0;0
FR;5;2021-10-31;0;0;0;0;0;0;0;0;0;0;0;0;0;0;0;0;0;0
FR;5;2021-11-01;0;0;0;0;0;0;0;0;0;0;0;0;0;0;0;0;0;0
FR;5;2021-11-02;0;0;0;0;0;0;0;0;0;0;0;0;0;0;0;0;0;0
FR;5;2021-11-03;0;0;0;0;0;0;0;0;0;0;0;0;0;0;0;0;0;0
FR;5;2021-11-04;0;0;0;0;0;0;0;0;0;0;0;0;0;0;0;0;0;0
FR;5;2021-11-05;0;0;0;0;0;0;0;0;0;0;0;0;0;0;0;0;0;0
FR;5;2021-11-06;0;0;0;0;0;0;0;0;0;0;0;0;0;0;0;0;0;0
FR;5;2021-11-07;0;0;0;0;0;0;0;0;0;0;0;0;0;0;0;0;0;0
FR;5;2021-11-08;0;0;0;0;0;0;0;0;0;0;0;0;0;0;0;0;0;0
FR;5;2021-11-09;0;0;0;0;0;0;0;0;0;0;0;0;0;0;0;0;0;0
FR;5;2021-11-10;0;0;0;0;0;0;0;0;0;0;0;0;0;0;0;0;0;0
FR;5;2021-11-11;0;0;0;0;0;0;0;0;0;0;0;0;0;0;0;0;0;0
FR;5;2021-11-12;0;0;0;0;0;0;0;0;0;0;0;0;0;0;0;0;0;0
FR;5;2021-11-13;0;0;0;0;0;0;0;0;0;0;0;0;0;0;0;0;0;0
FR;5;2021-11-14;0;0;0;0;0;0;0;0;0;0;0;0;0;0;0;0;0;0
FR;5;2021-11-15;0;0;0;0;0;0;0;0;0;0;0;0;0;0;0;0;0;0
FR;5;2021-11-16;0;0;0;0;0;0;0;0;0;0;0;0;0;0;0;0;0;0
FR;5;2021-11-17;0;0;0;0;0;0;0;0;0;0;0;0;0;0;0;0;0;0
FR;5;2021-11-18;0;0;0;0;0;0;0;0;0;0;0;0;0;0;0;0;0;0
FR;5;2021-11-19;0;0;0;0;0;0;0;0;0;0;0;0;0;0;0;0;0;0
FR;5;2021-11-20;0;0;0;0;0;0;0;0;0;0;0;0;0;0;0;0;0;0
FR;5;2021-11-21;0;0;0;0;0;0;0;0;0;0;0;0;0;0;0;0;0;0
FR;5;2021-11-22;0;0;0;0;0;0;0;0;0;0;0;0;0;0;0;0;0;0
FR;5;2021-11-23;0;0;0;0;0;0;0;0;0;0;0;0;0;0;0;0;0;0
FR;5;2021-11-24;0;0;0;0;0;0;0;0;0;0;0;0;0;0;0;0;0;0
FR;5;2021-11-25;0;0;0;0;0;0;0;0;0;0;0;0;0;0;0;0;0;0
FR;5;2021-11-26;0;0;0;0;0;0;0;0;0;0;0;0;0;0;0;0;0;0
FR;5;2021-11-27;0;0;0;0;0;0;0;0;0;0;0;0;0;0;0;0;0;0
FR;5;2021-11-28;0;0;0;0;0;0;0;0;0;0;0;0;0;0;0;0;0;0
FR;5;2021-11-29;0;0;0;0;0;0;0;0;0;0;0;0;0;0;0;0;0;0
FR;5;2021-11-30;0;0;0;0;0;0;0;0;0;0;0;0;0;0;0;0;0;0
FR;5;2021-12-01;0;0;0;0;0;0;0;0;0;0;0;0;0;0;0;0;0;0
FR;5;2021-12-02;0;0;0;0;0;0;0;0;0;0;0;0;0;0;0;0;0;0
FR;5;2021-12-03;0;0;0;0;0;0;0;0;0;0;0;0;0;0;0;0;0;0
FR;5;2021-12-04;0;0;0;0;0;0;0;0;0;0;0;0;0;0;0;0;0;0
FR;5;2021-12-05;0;0;0;0;0;0;0;0;0;0;0;0;0;0;0;0;0;0
FR;5;2021-12-06;0;0;0;0;0;0;0;0;0;0;0;0;0;0;0;0;0;0
FR;5;2021-12-07;0;0;0;0;0;0;0;0;0;0;0;0;0;0;0;0;0;0
FR;5;2021-12-08;0;0;0;0;0;0;0;0;0;0;0;0;0;0;0;0;0;0
FR;5;2021-12-09;0;0;0;0;0;0;0;0;0;0;0;0;0;0;0;0;0;0
FR;5;2021-12-10;0;0;0;0;0;0;0;0;0;0;0;0;0;0;0;0;0;0
FR;5;2021-12-11;0;0;0;0;0;0;0;0;0;0;0;0;0;0;0;0;0;0
FR;5;2021-12-12;0;0;0;0;0;0;0;0;0;0;0;0;0;0;0;0;0;0
FR;5;2021-12-13;0;0;0;0;0;0;0;0;0;0;0;0;0;0;0;0;0;0
FR;5;2021-12-14;33;45;77;0;27;88;1;0;0;33;45;77;0;27;88;1;0;0
FR;5;2021-12-15;196;44;37;0;42;49;0;0;0;229;89;114;0;69;137;1;0;0
FR;5;2021-12-16;181;21;44;0;38;48;0;0;0;410;110;158;0;107;185;1;0;0
FR;5;2021-12-17;313;16;72;0;34;74;2;0;0;723;126;230;0;141;259;3;0;0
FR;5;2021-12-18;766;24;22;0;67;29;0;0;0;1489;150;252;0;208;288;3;0;0
FR;5;2021-12-19;586;15;15;0;67;17;0;0;0;2075;165;267;0;275;305;3;0;0
FR;5;2021-12-20;1225;31;34;0;134;37;2;0;0;3300;196;301;0;409;342;5;0;0
FR;5;2021-12-21;1535;22;54;1;141;60;0;0;0;4835;218;355;1;550;402;5;0;0
FR;5;2021-12-22;4069;40;37;0;420;46;2;0;0;8904;258;392;1;970;448;7;0;0
FR;5;2021-12-23;3042;16;21;0;304;25;0;0;0;11946;274;413;1;1274;473;7;0;0
FR;5;2021-12-24;761;18;9;0;103;14;0;0;0;12707;292;422;1;1377;487;7;0;0
FR;5;2021-12-25;61;5;2;0;9;3;0;0;0;12768;297;424;1;1386;490;7;0;0
FR;5;2021-12-26;623;6;3;0;101;4;0;0;0;13391;303;427;1;1487;494;7;0;0
FR;5;2021-12-27;4085;25;21;0;458;23;1;0;0;17476;328;448;1;1945;517;8;0;0
FR;5;2021-12-28;5204;23;41;1;511;43;2;0;0;22680;351;489;2;2456;560;10;0;0
FR;5;2021-12-29;8105;34;66;2;886;69;1;0;0;30785;385;555;4;3342;629;11;0;0
FR;5;2021-12-30;5173;18;33;0;525;39;0;0;0;35958;403;588;4;3867;668;11;0;0
FR;5;2021-12-31;1553;8;10;0;181;11;0;0;0;37511;411;598;4;4048;679;11;0;0
FR;5;2022-01-01;185;2;2;0;24;3;0;0;0;37696;413;600;4;4072;682;11;0;0
FR;5;2022-01-02;1489;1;1;0;149;1;0;0;0;39185;414;601;4;4221;683;11;0;0
FR;5;2022-01-03;3068;36;34;0;321;33;1;0;0;42253;450;635;4;4542;716;12;0;0
FR;5;2022-01-04;3034;39;33;0;320;42;3;0;0;45287;489;668;4;4862;758;15;0;0
FR;5;2022-01-05;19324;203;97;1;2113;108;0;0;0;64611;692;765;5;6975;866;15;0;0
FR;5;2022-01-06;3748;134;122;0;507;142;2;0;0;68359;826;887;5;7482;1008;17;0;0
FR;5;2022-01-07;5006;202;48;2;702;56;1;0;0;73365;1028;935;7;8184;1064;18;0;0
FR;5;2022-01-08;13659;514;45;0;1998;52;0;0;0;87024;1542;980;7;10182;1116;18;0;0
FR;5;2022-01-09;5754;399;15;0;1113;20;1;0;0;92778;1941;995;7;11295;1136;19;0;0
FR;5;2022-01-10;3454;326;25;0;731;29;0;0;0;96232;2267;1020;7;12026;1165;19;0;0
FR;5;2022-01-11;3671;284;38;0;662;41;1;0;0;99903;2551;1058;7;12688;1206;20;0;0
FR;5;2022-01-12;22650;3005;89;0;5294;112;2;0;0;122553;5556;1147;7;17982;1318;22;0;0
FR;5;2022-01-13;4039;622;29;0;1051;31;2;0;0;126592;6178;1176;7;19033;1349;24;0;0
FR;5;2022-01-14;4843;583;45;0;1115;52;1;0;0;131435;6761;1221;7;20148;1401;25;0;0
FR;5;2022-01-15;14686;1746;38;3;3370;49;3;0;0;146121;8507;1259;10;23518;1450;28;0;0
FR;5;2022-01-16;4727;666;3;0;1260;5;0;0;0;150848;9173;1262;10;24778;1455;28;0;0
FR;5;2022-01-17;2297;718;26;0;986;29;0;0;0;153145;9891;1288;10;25764;1484;28;0;0
FR;5;2022-01-18;2431;870;30;0;1141;40;0;0;0;155576;10761;1318;10;26905;1524;28;0;0
FR;5;2022-01-19;18482;6423;74;2;8362;142;3;0;0;174058;17184;1392;12;35267;1666;31;0;0
FR;5;2022-01-20;1920;1067;25;0;1295;34;2;0;0;175978;18251;1417;12;36562;1700;33;0;0
FR;5;2022-01-21;3077;1372;47;1;1675;59;2;0;0;179055;19623;1464;13;38237;1759;35;0;0
FR;5;2022-01-22;10720;3454;33;1;4670;43;1;0;0;189775;23077;1497;14;42907;1802;36;0;0
FR;5;2022-01-23;2629;1415;6;0;1788;10;0;0;0;192404;24492;1503;14;44695;1812;36;0;0
FR;5;2022-01-24;1161;1340;19;0;1446;23;1;0;0;193565;25832;1522;14;46141;1835;37;0;0
FR;5;2022-01-25;1220;1549;20;2;1681;31;3;0;0;194785;27381;1542;16;47822;1866;40;0;0
FR;5;2022-01-26;10750;12032;50;1;13298;89;1;0;1;205535;39413;1592;17;61120;1955;41;0;1
FR;5;2022-01-27;1291;1693;10;0;1838;17;0;0;0;206826;41106;1602;17;62958;1972;41;0;1
FR;5;2022-01-28;1699;3346;16;0;3566;19;1;0;0;208525;44452;1618;17;66524;1991;42;0;1
FR;5;2022-01-29;6241;8041;68;0;8855;96;2;0;0;214766;52493;1686;17;75379;2087;44;0;1
FR;5;2022-01-30;1509;2950;5;0;3185;18;0;0;0;216275;55443;1691;17;78564;2105;44;0;1
FR;5;2022-01-31;589;1773;23;0;1837;24;3;0;0;216864;57216;1714;17;80401;2129;47;0;1
FR;5;2022-02-01;712;1706;10;0;1791;15;0;0;0;217576;58922;1724;17;82192;2144;47;0;1
FR;5;2022-02-02;6958;15655;52;0;16603;94;0;0;0;224534;74577;1776;17;98795;2238;47;0;1
FR;5;2022-02-03;491;1691;14;0;1748;13;5;0;0;225025;76268;1790;17;100543;2251;52;0;1
FR;5;2022-02-04;945;3002;19;0;3123;31;0;0;0;225970;79270;1809;17;103666;2282;52;0;1
FR;5;2022-02-05;3535;8919;23;0;9517;37;0;0;0;229505;88189;1832;17;113183;2319;52;0;1
FR;5;2022-02-06;737;2397;10;0;2556;19;0;0;0;230242;90586;1842;17;115739;2338;52;0;1
FR;5;2022-02-07;884;1596;23;0;1715;25;2;0;0;231126;92182;1865;17;117454;2363;54;0;1
FR;5;2022-02-08;725;1287;18;0;1407;20;2;0;0;231851;93469;1883;17;118861;2383;56;0;1
FR;5;2022-02-09;4544;12880;44;0;13608;76;1;0;0;236395;106349;1927;17;132469;2459;57;0;1
FR;5;2022-02-10;646;1059;14;0;1166;15;0;0;0;237041;107408;1941;17;133635;2474;57;0;1
FR;5;2022-02-11;793;2032;16;0;2163;21;1;0;0;237834;109440;1957;17;135798;2495;58;0;1
FR;5;2022-02-12;2286;6812;33;0;7279;53;0;0;0;240120;116252;1990;17;143077;2548;58;0;1
FR;5;2022-02-13;464;1540;8;0;1653;8;1;0;0;240584;117792;1998;17;144730;2556;59;0;1
FR;5;2022-02-14;678;1288;10;0;1407;13;1;0;0;241262;119080;2008;17;146137;2569;60;0;1
FR;5;2022-02-15;482;886;9;0;968;14;1;0;0;241744;119966;2017;17;147105;2583;61;0;1
FR;5;2022-02-16;2980;9123;41;1;9675;58;2;0;0;244724;129089;2058;18;156780;2641;63;0;1
FR;5;2022-02-17;436;809;6;0;876;7;1;0;0;245160;129898;2064;18;157656;2648;64;0;1
FR;5;2022-02-18;649;1408;13;0;1535;17;0;0;0;245809;131306;2077;18;159191;2665;64;0;1
FR;5;2022-02-19;1373;4315;16;0;4623;28;0;0;0;247182;135621;2093;18;163814;2693;64;0;1
FR;5;2022-02-20;247;879;6;0;941;8;0;0;0;247429;136500;2099;18;164755;2701;64;0;1
FR;5;2022-02-21;221;607;2;0;661;4;1;0;0;247650;137107;2101;18;165416;2705;65;0;1
FR;5;2022-02-22;262;545;17;0;592;17;1;0;0;247912;137652;2118;18;166008;2722;66;0;1
FR;5;2022-02-23;1909;6926;23;1;7346;43;0;0;0;249821;144578;2141;19;173354;2765;66;0;1
FR;5;2022-02-24;182;374;6;1;421;7;1;0;0;250003;144952;2147;20;173775;2772;67;0;1
FR;5;2022-02-25;336;950;13;0;1027;12;2;0;0;250339;145902;2160;20;174802;2784;69;0;1
FR;5;2022-02-26;972;3071;11;0;3333;15;2;0;0;251311;148973;2171;20;178135;2799;71;0;1
FR;5;2022-02-27;151;506;0;0;549;3;0;0;0;251462;149479;2171;20;178684;2802;71;0;1
FR;5;2022-02-28;162;369;1;0;408;1;0;0;0;251624;149848;2172;20;179092;2803;71;0;1
FR;5;2022-03-01;130;280;6;0;315;7;1;0;0;251754;150128;2178;20;179407;2810;72;0;1
FR;5;2022-03-02;1241;4156;28;3;4497;40;3;0;0;252995;154284;2206;23;183904;2850;75;0;1
FR;5;2022-03-03;121;251;5;0;271;10;1;0;0;253116;154535;2211;23;184175;2860;76;0;1
FR;5;2022-03-04;197;488;13;0;538;14;2;0;0;253313;155023;2224;23;184713;2874;78;0;1
FR;5;2022-03-05;677;1990;8;0;2244;16;2;0;0;253990;157013;2232;23;186957;2890;80;0;1
FR;5;2022-03-06;108;260;0;0;310;0;0;0;0;254098;157273;2232;23;187267;2890;80;0;1
FR;5;2022-03-07;71;228;5;0;254;3;2;0;0;254169;157501;2237;23;187521;2893;82;0;1
FR;5;2022-03-08;46;134;7;1;141;8;3;0;0;254215;157635;2244;24;187662;2901;85;0;1
FR;5;2022-03-09;910;3078;24;0;3407;36;0;0;0;255125;160713;2268;24;191069;2937;85;0;1
FR;5;2022-03-10;82;202;9;0;215;13;3;0;0;255207;160915;2277;24;191284;2950;88;0;1
FR;5;2022-03-11;148;369;13;1;427;15;0;0;0;255355;161284;2290;25;191711;2965;88;0;1
FR;5;2022-03-12;758;1613;13;1;1976;30;0;0;0;256113;162897;2303;26;193687;2995;88;0;1
FR;5;2022-03-13;78;100;0;0;133;0;0;0;0;256191;162997;2303;26;193820;2995;88;0;1
FR;5;2022-03-14;67;119;7;1;139;7;1;0;0;256258;163116;2310;27;193959;3002;89;0;1
FR;5;2022-03-15;83;99;4;0;119;7;1;0;0;256341;163215;2314;27;194078;3009;90;0;1
FR;5;2022-03-16;882;1827;15;3;2228;36;7;0;0;257223;165042;2329;30;196306;3045;97;0;1
FR;5;2022-03-17;68;123;8;4;151;10;4;0;0;257291;165165;2337;34;196457;3055;101;0;1
FR;5;2022-03-18;172;318;13;4;390;18;4;0;0;257463;165483;2350;38;196847;3073;105;0;1
FR;5;2022-03-19;752;1163;12;5;1555;33;8;0;0;258215;166646;2362;43;198402;3106;113;0;1
FR;5;2022-03-20;45;93;1;0;119;1;0;0;0;258260;166739;2363;43;198521;3107;113;0;1
FR;5;2022-03-21;71;120;10;6;136;15;8;0;0;258331;166859;2373;49;198657;3122;121;0;1
FR;5;2022-03-22;56;119;8;7;143;9;6;0;0;258387;166978;2381;56;198800;3131;127;0;1
FR;5;2022-03-23;805;1461;14;8;1878;36;9;0;0;259192;168439;2395;64;200678;3167;136;0;1
FR;5;2022-03-24;71;93;8;7;118;7;10;0;0;259263;168532;2403;71;200796;3174;146;0;1
FR;5;2022-03-25;222;293;14;8;388;18;9;0;0;259485;168825;2417;79;201184;3192;155;0;1
FR;5;2022-03-26;707;853;12;5;1273;26;6;0;1;260192;169678;2429;84;202457;3218;161;0;2
FR;5;2022-03-27;75;81;0;0;124;3;0;0;0;260267;169759;2429;84;202581;3221;161;0;2
FR;5;2022-03-28;81;93;1;2;132;3;2;0;0;260348;169852;2430;86;202713;3224;163;0;2
FR;5;2022-03-29;71;82;10;4;113;12;5;0;0;260419;169934;2440;90;202826;3236;168;0;2
FR;5;2022-03-30;823;1116;16;13;1606;29;14;0;0;261242;171050;2456;103;204432;3265;182;0;2
FR;5;2022-03-31;102;125;1;4;173;6;4;0;0;261344;171175;2457;107;204605;3271;186;0;2
FR;5;2022-04-01;114;86;7;12;135;11;12;0;1;261458;171261;2464;119;204740;3282;198;0;3
FR;5;2022-04-02;330;349;3;3;535;15;4;0;0;261788;171610;2467;122;205275;3297;202;0;3
FR;5;2022-04-03;54;59;1;0;88;1;0;0;0;261842;171669;2468;122;205363;3298;202;0;3
FR;5;2022-04-04;40;57;4;1;70;8;2;0;0;261882;171726;2472;123;205433;3306;204;0;3
FR;5;2022-04-05;53;60;6;6;75;9;5;0;0;261935;171786;2478;129;205508;3315;209;0;3
FR;5;2022-04-06;421;439;7;14;678;16;14;0;0;262356;172225;2485;143;206186;3331;223;0;3
FR;5;2022-04-07;45;69;5;7;89;7;10;0;0;262401;172294;2490;150;206275;3338;233;0;3
FR;5;2022-04-08;134;112;12;13;174;14;15;0;0;262535;172406;2502;163;206449;3352;248;0;3
FR;5;2022-04-09;311;324;2;5;511;17;5;0;0;262846;172730;2504;168;206960;3369;253;0;3
FR;5;2022-04-10;44;31;2;0;61;2;1;0;0;262890;172761;2506;168;207021;3371;254;0;3
FR;5;2022-04-11;50;60;3;2;78;4;3;0;0;262940;172821;2509;170;207099;3375;257;0;3
FR;5;2022-04-12;59;54;3;3;78;5;3;0;0;262999;172875;2512;173;207177;3380;260;0;3
FR;5;2022-04-13;382;413;3;8;606;16;8;0;0;263381;173288;2515;181;207783;3396;268;0;3
FR;5;2022-04-14;48;53;5;5;70;9;3;0;0;263429;173341;2520;186;207853;3405;271;0;3
FR;5;2022-04-15;91;109;4;4;150;5;6;0;0;263520;173450;2524;190;208003;3410;277;0;3
FR;5;2022-04-16;188;184;2;1;265;13;1;0;0;263708;173634;2526;191;208268;3423;278;0;3
FR;5;2022-04-17;12;11;1;0;17;1;0;0;0;263720;173645;2527;191;208285;3424;278;0;3
FR;5;2022-04-18;9;10;2;0;11;3;1;0;0;263729;173655;2529;191;208296;3427;279;0;3
FR;5;2022-04-19;75;71;6;1;96;6;4;0;0;263804;173726;2535;192;208392;3433;283;0;3
FR;5;2022-04-20;361;349;9;6;522;12;7;0;0;264165;174075;2544;198;208914;3445;290;0;3
FR;5;2022-04-21;42;64;9;10;71;12;14;0;0;264207;174139;2553;208;208985;3457;304;0;3
FR;5;2022-04-22;113;96;5;4;144;5;5;0;0;264320;174235;2558;212;209129;3462;309;0;3
FR;5;2022-04-23;209;193;4;2;284;11;3;0;0;264529;174428;2562;214;209413;3473;312;0;3
FR;5;2022-04-24;37;35;0;0;50;3;0;0;0;264566;174463;2562;214;209463;3476;312;0;3
FR;5;2022-04-25;69;65;1;1;102;4;1;0;0;264635;174528;2563;215;209565;3480;313;0;3
FR;5;2022-04-26;60;63;2;1;85;5;1;0;0;264695;174591;2565;216;209650;3485;314;0;3
FR;5;2022-04-27;335;316;3;7;463;14;8;0;0;265030;174907;2568;223;210113;3499;322;0;3
FR;5;2022-04-28;81;54;4;5;81;8;7;0;0;265111;174961;2572;228;210194;3507;329;0;3
FR;5;2022-04-29;117;84;5;19;117;12;17;0;0;265228;175045;2577;247;210311;3519;346;0;3
FR;5;2022-04-30;183;114;2;3;184;10;4;0;0;265411;175159;2579;250;210495;3529;350;0;3
FR;5;2022-05-01;11;7;0;0;11;0;0;0;0;265422;175166;2579;250;210506;3529;350;0;3
FR;5;2022-05-02;52;28;4;5;48;2;7;0;0;265474;175194;2583;255;210554;3531;357;0;3
FR;5;2022-05-03;87;57;2;4;84;11;4;0;0;265561;175251;2585;259;210638;3542;361;0;3
FR;5;2022-05-04;278;205;1;2;324;7;2;0;0;265839;175456;2586;261;210962;3549;363;0;3
FR;5;2022-05-05;62;32;3;4;46;5;4;0;0;265901;175488;2589;265;211008;3554;367;0;3
FR;5;2022-05-06;105;65;2;3;106;5;3;0;0;266006;175553;2591;268;211114;3559;370;0;3
FR;5;2022-05-07;171;117;2;10;180;13;7;0;0;266177;175670;2593;278;211294;3572;377;0;3
FR;5;2022-05-08;8;8;0;0;9;2;0;0;0;266185;175678;2593;278;211303;3574;377;0;3
FR;5;2022-05-09;44;34;15;3;51;16;4;0;0;266229;175712;2608;281;211354;3590;381;0;3
FR;5;2022-05-10;54;49;3;4;67;5;5;0;0;266283;175761;2611;285;211421;3595;386;0;3
FR;5;2022-05-11;327;237;12;7;344;21;11;0;0;266610;175998;2623;292;211765;3616;397;0;3
FR;5;2022-05-12;46;34;2;2;46;2;3;0;0;266656;176032;2625;294;211811;3618;400;0;3
FR;5;2022-05-13;109;83;3;8;119;8;7;0;0;266765;176115;2628;302;211930;3626;407;0;3
FR;5;2022-05-14;209;131;0;1;212;8;0;0;0;266974;176246;2628;303;212142;3634;407;0;3
FR;5;2022-05-15;22;9;2;0;18;1;1;0;0;266996;176255;2630;303;212160;3635;408;0;3
FR;5;2022-05-16;52;34;4;5;53;4;5;0;0;267048;176289;2634;308;212213;3639;413;0;3
FR;5;2022-05-17;72;40;5;0;68;2;3;0;0;267120;176329;2639;308;212281;3641;416;0;3
FR;5;2022-05-18;289;215;4;4;330;8;6;0;0;267409;176544;2643;312;212611;3649;422;0;3
FR;5;2022-05-19;45;35;5;3;42;3;4;0;0;267454;176579;2648;315;212653;3652;426;0;3
FR;5;2022-05-20;76;63;3;10;92;1;11;0;0;267530;176642;2651;325;212745;3653;437;0;3
FR;5;2022-05-21;242;166;2;3;268;17;1;0;0;267772;176808;2653;328;213013;3670;438;0;3
FR;5;2022-05-22;20;14;2;5;20;2;6;0;0;267792;176822;2655;333;213033;3672;444;0;3
FR;5;2022-05-23;42;31;4;3;42;6;3;0;0;267834;176853;2659;336;213075;3678;447;0;3
FR;5;2022-05-24;47;45;3;2;60;5;2;0;0;267881;176898;2662;338;213135;3683;449;0;3
FR;5;2022-05-25;329;257;4;1;385;16;1;0;0;268210;177155;2666;339;213520;3699;450;0;3
FR;5;2022-05-26;17;5;0;1;9;2;0;0;1;268227;177160;2666;340;213529;3701;450;0;4
FR;5;2022-05-27;99;54;4;4;89;9;3;0;0;268326;177214;2670;344;213618;3710;453;0;4
FR;5;2022-05-28;100;78;5;3;106;10;3;0;0;268426;177292;2675;347;213724;3720;456;0;4
FR;5;2022-05-29;14;14;1;0;18;2;0;0;0;268440;177306;2676;347;213742;3722;456;0;4
FR;5;2022-05-30;56;41;2;1;54;2;2;0;0;268496;177347;2678;348;213796;3724;458;0;4
FR;5;2022-05-31;57;43;1;8;62;1;8;0;0;268553;177390;2679;356;213858;3725;466;0;4
FR;5;2022-06-01;257;241;9;2;301;25;5;0;0;268810;177631;2688;358;214159;3750;471;0;4
FR;5;2022-06-02;63;61;5;0;73;9;1;0;0;268873;177692;2693;358;214232;3759;472;0;4
FR;5;2022-06-03;82;71;4;5;88;10;6;0;0;268955;177763;2697;363;214320;3769;478;0;4
FR;5;2022-06-04;157;109;2;1;187;9;1;0;0;269112;177872;2699;364;214507;3778;479;0;4
FR;5;2022-06-05;18;11;0;0;21;1;0;0;0;269130;177883;2699;364;214528;3779;479;0;4
FR;5;2022-06-06;16;12;0;1;15;0;1;0;0;269146;177895;2699;365;214543;3779;480;0;4
FR;5;2022-06-07;50;56;1;1;76;2;1;0;0;269196;177951;2700;366;214619;3781;481;0;4
FR;5;2022-06-08;283;225;3;4;332;17;2;0;0;269479;178176;2703;370;214951;3798;483;0;4
FR;5;2022-06-09;52;41;6;3;57;7;2;0;1;269531;178217;2709;373;215008;3805;485;0;5
FR;5;2022-06-10;81;72;1;1;105;6;1;0;0;269612;178289;2710;374;215113;3811;486;0;5
FR;5;2022-06-11;173;141;3;3;202;10;4;0;0;269785;178430;2713;377;215315;3821;490;0;5
FR;5;2022-06-12;17;16;0;0;19;2;0;0;0;269802;178446;2713;377;215334;3823;490;0;5
FR;5;2022-06-13;56;47;9;3;70;10;6;0;0;269858;178493;2722;380;215404;3833;496;0;5
FR;5;2022-06-14;59;56;1;4;64;6;4;0;0;269917;178549;2723;384;215468;3839;500;0;5
FR;5;2022-06-15;266;260;5;2;363;27;1;0;0;270183;178809;2728;386;215831;3866;501;0;5
FR;5;2022-06-16;47;30;5;2;44;5;2;0;0;270230;178839;2733;388;215875;3871;503;0;5
FR;5;2022-06-17;100;67;5;5;102;10;5;0;0;270330;178906;2738;393;215977;3881;508;0;5
FR;5;2022-06-18;146;95;10;2;152;26;2;0;1;270476;179001;2748;395;216129;3907;510;0;6
FR;5;2022-06-19;26;15;0;1;18;4;1;0;0;270502;179016;2748;396;216147;3911;511;0;6
FR;5;2022-06-20;56;50;8;0;62;11;2;0;0;270558;179066;2756;396;216209;3922;513;0;6
FR;5;2022-06-21;52;73;5;3;90;7;5;0;1;270610;179139;2761;399;216299;3929;518;0;7
FR;5;2022-06-22;224;247;7;9;347;33;10;0;0;270834;179386;2768;408;216646;3962;528;0;7
FR;5;2022-06-23;50;38;2;5;43;6;6;0;0;270884;179424;2770;413;216689;3968;534;0;7
FR;5;2022-06-24;91;70;12;5;101;16;8;0;0;270975;179494;2782;418;216790;3984;542;0;7
FR;5;2022-06-25;154;124;3;7;185;14;8;0;1;271129;179618;2785;425;216975;3998;550;0;8
FR;5;2022-06-26;26;19;2;0;29;5;0;0;0;271155;179637;2787;425;217004;4003;550;0;8
FR;5;2022-06-27;57;60;5;7;78;11;9;0;0;271212;179697;2792;432;217082;4014;559;0;8
FR;5;2022-06-28;70;49;8;2;69;14;5;0;0;271282;179746;2800;434;217151;4028;564;0;8
FR;5;2022-06-29;297;268;9;21;391;34;23;0;0;271579;180014;2809;455;217542;4062;587;0;8
FR;5;2022-06-30;89;57;10;12;89;17;11;0;0;271668;180071;2819;467;217631;4079;598;0;8
FR;5;2022-07-01;127;65;7;11;118;12;11;0;2;271795;180136;2826;478;217749;4091;609;0;10
FR;5;2022-07-02;191;132;4;0;209;22;0;0;0;271986;180268;2830;478;217958;4113;609;0;10
FR;5;2022-07-03;30;25;1;0;36;4;0;0;0;272016;180293;2831;478;217994;4117;609;0;10
FR;5;2022-07-04;103;64;2;5;102;6;5;0;1;272119;180357;2833;483;218096;4123;614;0;11
FR;5;2022-07-05;104;72;3;8;107;13;8;0;1;272223;180429;2836;491;218203;4136;622;0;12
FR;5;2022-07-06;277;168;9;36;289;27;36;0;0;272500;180597;2845;527;218492;4163;658;0;12
FR;5;2022-07-07;88;68;6;9;88;13;11;0;0;272588;180665;2851;536;218580;4176;669;0;12
FR;5;2022-07-08;152;120;7;14;146;25;13;0;1;272740;180785;2858;550;218726;4201;682;0;13
FR;5;2022-07-09;116;68;1;8;100;10;8;0;0;272856;180853;2859;558;218826;4211;690;0;13
FR;5;2022-07-10;15;6;0;0;10;1;0;0;0;272871;180859;2859;558;218836;4212;690;0;13
FR;5;2022-07-11;92;72;10;2;98;19;3;0;0;272963;180931;2869;560;218934;4231;693;0;13
FR;5;2022-07-12;67;63;5;10;81;7;12;0;0;273030;180994;2874;570;219015;4238;705;0;13
FR;5;2022-07-13;169;118;10;19;196;16;23;0;0;273199;181112;2884;589;219211;4254;728;0;13
FR;5;2022-07-14;8;4;0;0;7;0;0;0;0;273207;181116;2884;589;219218;4254;728;0;13
FR;5;2022-07-15;74;66;5;14;86;15;15;0;0;273281;181182;2889;603;219304;4269;743;0;13
FR;5;2022-07-16;54;44;3;0;71;3;2;0;0;273335;181226;2892;603;219375;4272;745;0;13
FR;5;2022-07-17;10;7;3;0;10;2;2;0;0;273345;181233;2895;603;219385;4274;747;0;13
FR;5;2022-07-18;60;47;0;4;70;4;3;0;0;273405;181280;2895;607;219455;4278;750;0;13
FR;5;2022-07-19;63;42;5;3;63;7;4;0;0;273468;181322;2900;610;219518;4285;754;0;13
FR;5;2022-07-20;119;106;4;11;141;14;9;0;0;273587;181428;2904;621;219659;4299;763;0;13
FR;5;2022-07-21;38;43;2;10;52;5;10;0;0;273625;181471;2906;631;219711;4304;773;0;13
FR;5;2022-07-22;48;69;11;13;75;23;11;0;1;273673;181540;2917;644;219786;4327;784;0;14
FR;5;2022-07-23;59;78;2;1;95;11;2;0;0;273732;181618;2919;645;219881;4338;786;0;14
FR;5;2022-07-24;11;9;3;1;12;3;1;0;0;273743;181627;2922;646;219893;4341;787;0;14
FR;5;2022-07-25;53;48;2;7;57;8;8;0;0;273796;181675;2924;653;219950;4349;795;0;14
FR;5;2022-07-26;58;52;5;41;70;6;44;0;0;273854;181727;2929;694;220020;4355;839;0;14
FR;5;2022-07-27;106;118;4;4;161;13;4;0;0;273960;181845;2933;698;220181;4368;843;0;14
FR;5;2022-07-28;39;35;2;2;47;6;1;0;0;273999;181880;2935;700;220228;4374;844;0;14
FR;5;2022-07-29;56;74;3;14;90;8;10;0;0;274055;181954;2938;714;220318;4382;854;0;14
FR;5;2022-07-30;55;53;5;1;75;7;2;0;0;274110;182007;2943;715;220393;4389;856;0;14
FR;5;2022-07-31;7;11;1;0;13;1;0;0;0;274117;182018;2944;715;220406;4390;856;0;14
FR;5;2022-08-01;39;53;1;2;62;6;2;0;0;274156;182071;2945;717;220468;4396;858;0;14
FR;5;2022-08-02;32;43;8;7;47;8;7;0;1;274188;182114;2953;724;220515;4404;865;0;15
FR;5;2022-08-03;54;51;4;10;70;9;8;0;0;274242;182165;2957;734;220585;4413;873;0;15
FR;5;2022-08-04;20;18;1;6;22;1;6;0;0;274262;182183;2958;740;220607;4414;879;0;15
FR;5;2022-08-05;35;26;3;3;39;3;3;0;0;274297;182209;2961;743;220646;4417;882;0;15
FR;5;2022-08-06;23;26;1;0;31;1;0;0;0;274320;182235;2962;743;220677;4418;882;0;15
FR;5;2022-08-07;2;2;1;0;1;1;1;0;0;274322;182237;2963;743;220678;4419;883;0;15
FR;5;2022-08-08;26;19;1;2;24;2;1;0;0;274348;182256;2964;745;220702;4421;884;0;15
FR;5;2022-08-09;26;28;3;3;35;3;3;0;0;274374;182284;2967;748;220737;4424;887;0;15
FR;5;2022-08-10;47;47;2;0;56;5;0;0;0;274421;182331;2969;748;220793;4429;887;0;15
FR;5;2022-08-11;19;36;2;2;42;5;2;0;0;274440;182367;2971;750;220835;4434;889;0;15
FR;5;2022-08-12;27;28;2;0;39;2;0;0;0;274467;182395;2973;750;220874;4436;889;0;15
FR;5;2022-08-13;16;18;0;0;24;0;0;0;0;274483;182413;2973;750;220898;4436;889;0;15
FR;5;2022-08-14;2;3;0;0;4;0;0;0;0;274485;182416;2973;750;220902;4436;889;0;15
FR;5;2022-08-15;2;5;0;0;5;0;0;0;0;274487;182421;2973;750;220907;4436;889;0;15
FR;5;2022-08-16;33;26;3;0;28;6;0;0;0;274520;182447;2976;750;220935;4442;889;0;15
FR;5;2022-08-17;52;55;2;1;72;1;1;0;0;274572;182502;2978;751;221007;4443;890;0;15
FR;5;2022-08-18;26;18;8;17;25;10;16;0;0;274598;182520;2986;768;221032;4453;906;0;15
FR;5;2022-08-19;25;33;1;2;41;2;2;0;0;274623;182553;2987;770;221073;4455;908;0;15
FR;5;2022-08-20;25;27;2;1;33;4;2;0;0;274648;182580;2989;771;221106;4459;910;0;15
FR;5;2022-08-21;7;4;1;0;7;1;0;0;0;274655;182584;2990;771;221113;4460;910;0;15
FR;5;2022-08-22;39;26;1;6;42;2;5;0;1;274694;182610;2991;777;221155;4462;915;0;16
FR;5;2022-08-23;27;26;1;1;32;2;1;0;0;274721;182636;2992;778;221187;4464;916;0;16
FR;5;2022-08-24;50;43;0;0;62;0;0;0;0;274771;182679;2992;778;221249;4464;916;0;16
FR;5;2022-08-25;27;26;3;1;31;2;0;0;1;274798;182705;2995;779;221280;4466;916;0;17
FR;5;2022-08-26;48;39;7;2;58;5;4;0;0;274846;182744;3002;781;221338;4471;920;0;17
FR;5;2022-08-27;46;28;1;0;46;3;1;0;0;274892;182772;3003;781;221384;4474;921;0;17
FR;5;2022-08-28;5;6;0;0;6;0;0;0;0;274897;182778;3003;781;221390;4474;921;0;17
FR;5;2022-08-29;58;44;1;1;66;4;1;0;0;274955;182822;3004;782;221456;4478;922;0;17
FR;5;2022-08-30;45;23;12;29;40;10;30;0;1;275000;182845;3016;811;221496;4488;952;0;18
FR;5;2022-08-31;53;47;6;1;58;11;1;0;0;275053;182892;3022;812;221554;4499;953;0;18
FR;5;2022-09-01;16;8;1;4;13;1;4;0;0;275069;182900;3023;816;221567;4500;957;0;18
FR;5;2022-09-02;42;22;8;2;34;9;3;0;0;275111;182922;3031;818;221601;4509;960;0;18
FR;5;2022-09-03;69;37;2;0;58;2;0;0;0;275180;182959;3033;818;221659;4511;960;0;18
FR;5;2022-09-04;12;7;1;0;8;3;0;0;0;275192;182966;3034;818;221667;4514;960;0;18
FR;5;2022-09-05;7;4;1;0;4;1;0;0;0;275199;182970;3035;818;221671;4515;960;0;18
FR;5;2022-09-06;21;14;3;15;17;2;14;0;2;275220;182984;3038;833;221688;4517;974;0;20
FR;5;2022-09-07;79;53;1;1;76;3;1;0;0;275299;183037;3039;834;221764;4520;975;0;20
FR;5;2022-09-08;9;4;0;4;7;0;4;0;0;275308;183041;3039;838;221771;4520;979;0;20
FR;5;2022-09-09;40;11;9;2;14;10;3;0;0;275348;183052;3048;840;221785;4530;982;0;20
FR;5;2022-09-10;40;45;1;1;50;8;1;0;0;275388;183097;3049;841;221835;4538;983;0;20
FR;5;2022-09-11;3;3;0;0;3;1;0;0;0;275391;183100;3049;841;221838;4539;983;0;20
FR;5;2022-09-12;7;5;2;2;7;2;2;0;0;275398;183105;3051;843;221845;4541;985;0;20
FR;5;2022-09-13;9;6;0;1;4;3;1;0;0;275407;183111;3051;844;221849;4544;986;0;20
FR;5;2022-09-14;52;47;4;6;55;9;5;0;0;275459;183158;3055;850;221904;4553;991;0;20
FR;5;2022-09-15;11;13;2;3;11;5;3;0;0;275470;183171;3057;853;221915;4558;994;0;20
FR;5;2022-09-16;25;33;1;4;38;3;3;0;0;275495;183204;3058;857;221953;4561;997;0;20
FR;5;2022-09-17;60;43;1;1;51;5;1;0;0;275555;183247;3059;858;222004;4566;998;0;20
FR;5;2022-09-18;9;6;0;1;10;1;0;0;0;275564;183253;3059;859;222014;4567;998;0;20
FR;5;2022-09-19;22;17;2;1;20;5;2;0;0;275586;183270;3061;860;222034;4572;1000;0;20
FR;5;2022-09-20;15;11;3;3;15;1;4;0;0;275601;183281;3064;863;222049;4573;1004;0;20
FR;5;2022-09-21;68;45;9;0;65;13;0;0;0;275669;183326;3073;863;222114;4586;1004;0;20
FR;5;2022-09-22;12;6;4;24;6;4;23;0;1;275681;183332;3077;887;222120;4590;1027;0;21
FR;5;2022-09-23;20;25;2;3;23;8;3;0;0;275701;183357;3079;890;222143;4598;1030;0;21
FR;5;2022-09-24;44;51;1;8;65;5;8;0;0;275745;183408;3080;898;222208;4603;1038;0;21
FR;5;2022-09-25;6;12;0;0;13;1;0;0;0;275751;183420;3080;898;222221;4604;1038;0;21
FR;5;2022-09-26;15;7;0;2;12;0;1;0;1;275766;183427;3080;900;222233;4604;1039;0;22
FR;5;2022-09-27;7;12;4;9;14;4;9;0;1;275773;183439;3084;909;222247;4608;1048;0;23
FR;5;2022-09-28;65;64;5;0;88;7;0;0;0;275838;183503;3089;909;222335;4615;1048;0;23
FR;5;2022-09-29;17;9;1;0;15;1;1;0;1;275855;183512;3090;909;222350;4616;1049;0;24
FR;5;2022-09-30;28;46;2;2;53;4;3;0;0;275883;183558;3092;911;222403;4620;1052;0;24
FR;5;2022-10-01;40;35;5;5;48;8;7;0;0;275923;183593;3097;916;222451;4628;1059;0;24
FR;5;2022-10-02;1;9;1;0;10;1;0;0;0;275924;183602;3098;916;222461;4629;1059;0;24
FR;5;2022-10-03;7;6;3;0;5;4;0;0;0;275931;183608;3101;916;222466;4633;1059;0;24
FR;5;2022-10-04;11;8;1;3;11;2;3;0;0;275942;183616;3102;919;222477;4635;1062;0;24
FR;5;2022-10-05;57;62;2;2;79;13;2;0;0;275999;183678;3104;921;222556;4648;1064;0;24
FR;5;2022-10-06;12;10;1;4;15;2;4;0;0;276011;183688;3105;925;222571;4650;1068;0;24
FR;5;2022-10-07;21;31;1;0;34;5;0;0;0;276032;183719;3106;925;222605;4655;1068;0;24
FR;5;2022-10-08;33;51;1;0;54;7;0;0;0;276065;183770;3107;925;222659;4662;1068;0;24
FR;5;2022-10-09;7;10;0;0;11;1;0;0;0;276072;183780;3107;925;222670;4663;1068;0;24
FR;5;2022-10-10;14;6;0;1;8;1;1;0;0;276086;183786;3107;926;222678;4664;1069;0;24
FR;5;2022-10-11;6;13;2;1;14;2;2;0;0;276092;183799;3109;927;222692;4666;1071;0;24
FR;5;2022-10-12;39;57;3;2;69;8;2;0;0;276131;183856;3112;929;222761;4674;1073;0;24
FR;5;2022-10-13;11;16;2;0;18;4;0;0;0;276142;183872;3114;929;222779;4678;1073;0;24
FR;5;2022-10-14;21;21;1;0;20;5;0;0;0;276163;183893;3115;929;222799;4683;1073;0;24
FR;5;2022-10-15;19;26;10;0;24;11;2;0;0;276182;183919;3125;929;222823;4694;1075;0;24
FR;5;2022-10-16;3;1;0;0;1;1;0;0;0;276185;183920;3125;929;222824;4695;1075;0;24
FR;5;2022-10-17;8;8;2;1;8;3;1;0;2;276193;183928;3127;930;222832;4698;1076;0;26
FR;5;2022-10-18;6;7;0;2;8;0;2;0;0;276199;183935;3127;932;222840;4698;1078;0;26
FR;5;2022-10-19;38;43;8;0;52;11;0;0;1;276237;183978;3135;932;222892;4709;1078;0;27
FR;5;2022-10-20;18;15;2;1;16;3;1;0;0;276255;183993;3137;933;222908;4712;1079;0;27
FR;5;2022-10-21;22;15;6;0;19;8;1;0;2;276277;184008;3143;933;222927;4720;1080;0;29
FR;5;2022-10-22;34;28;2;12;31;5;12;0;0;276311;184036;3145;945;222958;4725;1092;0;29
FR;5;2022-10-23;9;3;0;0;4;0;0;0;0;276320;184039;3145;945;222962;4725;1092;0;29
FR;5;2022-10-24;14;7;6;7;9;9;8;0;0;276334;184046;3151;952;222971;4734;1100;0;29
FR;5;2022-10-25;12;9;6;3;9;8;3;0;2;276346;184055;3157;955;222980;4742;1103;0;31
FR;5;2022-10-26;34;22;6;0;29;10;0;0;0;276380;184077;3163;955;223009;4752;1103;0;31
FR;5;2022-10-27;16;4;4;0;11;4;0;0;0;276396;184081;3167;955;223020;4756;1103;0;31
FR;5;2022-10-28;19;13;5;3;14;6;4;0;0;276415;184094;3172;958;223034;4762;1107;0;31
FR;5;2022-10-29;21;13;0;0;17;3;0;0;0;276436;184107;3172;958;223051;4765;1107;0;31
FR;5;2022-10-30;1;4;2;0;4;3;0;0;0;276437;184111;3174;958;223055;4768;1107;0;31
FR;5;2022-10-31;14;11;2;1;12;3;1;0;0;276451;184122;3176;959;223067;4771;1108;0;31
FR;5;2022-11-01;3;3;0;1;3;0;1;0;0;276454;184125;3176;960;223070;4771;1109;0;31
FR;5;2022-11-02;23;17;5;4;23;5;5;0;0;276477;184142;3181;964;223093;4776;1114;0;31
FR;5;2022-11-03;22;4;1;1;11;1;1;0;0;276499;184146;3182;965;223104;4777;1115;0;31
FR;5;2022-11-04;19;18;1;0;18;2;0;0;0;276518;184164;3183;965;223122;4779;1115;0;31
FR;5;2022-11-05;25;16;1;0;21;1;0;0;0;276543;184180;3184;965;223143;4780;1115;0;31
FR;5;2022-11-06;1;7;0;0;7;0;0;0;0;276544;184187;3184;965;223150;4780;1115;0;31
FR;5;2022-11-07;4;3;3;0;3;3;0;0;0;276548;184190;3187;965;223153;4783;1115;0;31
FR;5;2022-11-08;11;7;1;2;8;1;1;0;0;276559;184197;3188;967;223161;4784;1116;0;31
FR;5;2022-11-09;28;29;6;1;32;6;1;0;0;276587;184226;3194;968;223193;4790;1117;0;31
FR;5;2022-11-10;11;16;1;0;17;1;0;0;0;276598;184242;3195;968;223210;4791;1117;0;31
FR;5;2022-11-11;2;4;0;1;6;0;1;0;0;276600;184246;3195;969;223216;4791;1118;0;31
FR;5;2022-11-12;19;10;5;9;18;6;9;0;2;276619;184256;3200;978;223234;4797;1127;0;33
FR;5;2022-11-13;2;2;0;1;2;0;1;0;0;276621;184258;3200;979;223236;4797;1128;0;33
FR;5;2022-11-14;8;10;0;1;9;3;0;0;0;276629;184268;3200;980;223245;4800;1128;0;33
FR;5;2022-11-15;8;6;4;3;6;4;3;0;0;276637;184274;3204;983;223251;4804;1131;0;33
FR;5;2022-11-16;29;28;2;1;32;5;0;0;0;276666;184302;3206;984;223283;4809;1131;0;33
FR;5;2022-11-17;6;15;2;0;15;3;0;0;0;276672;184317;3208;984;223298;4812;1131;0;33
FR;5;2022-11-18;16;17;6;0;19;8;0;0;0;276688;184334;3214;984;223317;4820;1131;0;33
FR;5;2022-11-19;18;27;2;0;27;6;0;0;0;276706;184361;3216;984;223344;4826;1131;0;33
FR;5;2022-11-20;6;3;0;0;5;0;0;0;0;276712;184364;3216;984;223349;4826;1131;0;33
FR;5;2022-11-21;8;5;0;2;4;2;1;0;0;276720;184369;3216;986;223353;4828;1132;0;33
FR;5;2022-11-22;9;3;0;1;4;0;1;0;0;276729;184372;3216;987;223357;4828;1133;0;33
FR;5;2022-11-23;34;25;6;1;27;13;0;0;0;276763;184397;3222;988;223384;4841;1133;0;33
FR;5;2022-11-24;3;7;2;1;8;1;2;0;0;276766;184404;3224;989;223392;4842;1135;0;33
FR;5;2022-11-25;15;20;2;0;25;3;0;0;1;276781;184424;3226;989;223417;4845;1135;0;34
FR;5;2022-11-26;22;19;4;0;20;8;0;0;0;276803;184443;3230;989;223437;4853;1135;0;34
FR;5;2022-11-27;7;0;1;0;2;1;0;0;0;276810;184443;3231;989;223439;4854;1135;0;34
FR;5;2022-11-28;7;11;3;0;11;5;0;0;0;276817;184454;3234;989;223450;4859;1135;0;34
FR;5;2022-11-29;10;9;1;0;11;3;0;0;1;276827;184463;3235;989;223461;4862;1135;0;35
FR;5;2022-11-30;34;48;12;0;55;17;1;0;0;276861;184511;3247;989;223516;4879;1136;0;35
FR;5;2022-12-01;3;8;2;0;8;3;0;0;0;276864;184519;3249;989;223524;4882;1136;0;35
FR;5;2022-12-02;1;5;2;1;4;3;1;0;0;276865;184524;3251;990;223528;4885;1137;0;35
FR;5;2022-12-03;3;3;8;1;5;8;1;0;0;276868;184527;3259;991;223533;4893;1138;0;35
FR;5;2022-12-04;3;2;1;0;2;2;0;0;0;276871;184529;3260;991;223535;4895;1138;0;35
FR;5;2022-12-05;0;1;0;0;0;1;0;0;0;276871;184530;3260;991;223535;4896;1138;0;35
FR;5;2022-12-06;3;1;0;0;1;0;0;0;1;276874;184531;3260;991;223536;4896;1138;0;36
FR;5;2022-12-07;5;8;1;0;9;1;0;0;0;276879;184539;3261;991;223545;4897;1138;0;36
FR;5;2022-12-08;2;2;0;0;2;0;0;0;0;276881;184541;3261;991;223547;4897;1138;0;36
FR;5;2022-12-09;3;8;0;0;6;2;0;0;0;276884;184549;3261;991;223553;4899;1138;0;36
FR;5;2022-12-10;4;7;2;1;8;2;1;0;0;276888;184556;3263;992;223561;4901;1139;0;36
FR;5;2022-12-11;2;0;0;0;0;0;0;0;0;276890;184556;3263;992;223561;4901;1139;0;36
FR;5;2022-12-12;0;0;0;0;0;0;0;0;0;276890;184556;3263;992;223561;4901;1139;0;36
FR;5;2022-12-13;2;3;0;0;4;1;0;0;0;276892;184559;3263;992;223565;4902;1139;0;36
FR;5;2022-12-14;1;2;0;9;2;1;8;0;3;276893;184561;3263;1001;223567;4903;1147;0;39
FR;5;2022-12-15;0;2;0;0;2;0;0;0;0;276893;184563;3263;1001;223569;4903;1147;0;39
FR;5;2022-12-16;3;2;2;0;3;3;0;0;0;276896;184565;3265;1001;223572;4906;1147;0;39
FR;5;2022-12-17;3;3;3;0;3;2;1;0;0;276899;184568;3268;1001;223575;4908;1148;0;39
FR;5;2022-12-18;3;0;0;1;0;0;1;0;1;276902;184568;3268;1002;223575;4908;1149;0;40
FR;5;2022-12-19;1;0;0;2;0;0;2;0;0;276903;184568;3268;1004;223575;4908;1151;0;40
FR;5;2022-12-20;0;1;3;0;1;3;0;0;0;276903;184569;3271;1004;223576;4911;1151;0;40
FR;5;2022-12-21;2;4;0;0;4;0;0;0;0;276905;184573;3271;1004;223580;4911;1151;0;40
FR;6;2020-12-27;0;0;0;0;0;0;0;0;0;0;0;0;0;0;0;0;0;0
FR;6;2020-12-28;0;0;0;0;0;0;0;0;0;0;0;0;0;0;0;0;0;0
FR;6;2020-12-29;0;0;0;0;0;0;0;0;0;0;0;0;0;0;0;0;0;0
FR;6;2020-12-30;0;0;0;0;0;0;0;0;0;0;0;0;0;0;0;0;0;0
FR;6;2020-12-31;0;0;0;0;0;0;0;0;0;0;0;0;0;0;0;0;0;0
FR;6;2021-01-01;0;0;0;0;0;0;0;0;0;0;0;0;0;0;0;0;0;0
FR;6;2021-01-02;0;0;0;0;0;0;0;0;0;0;0;0;0;0;0;0;0;0
FR;6;2021-01-03;0;0;0;0;0;0;0;0;0;0;0;0;0;0;0;0;0;0
FR;6;2021-01-04;0;0;0;0;0;0;0;0;0;0;0;0;0;0;0;0;0;0
FR;6;2021-01-05;0;0;0;0;0;0;0;0;0;0;0;0;0;0;0;0;0;0
FR;6;2021-01-06;0;0;0;0;0;0;0;0;0;0;0;0;0;0;0;0;0;0
FR;6;2021-01-07;0;0;0;0;0;0;0;0;0;0;0;0;0;0;0;0;0;0
FR;6;2021-01-08;0;0;0;0;0;0;0;0;0;0;0;0;0;0;0;0;0;0
FR;6;2021-01-09;0;0;0;0;0;0;0;0;0;0;0;0;0;0;0;0;0;0
FR;6;2021-01-10;0;0;0;0;0;0;0;0;0;0;0;0;0;0;0;0;0;0
FR;6;2021-01-11;0;0;0;0;0;0;0;0;0;0;0;0;0;0;0;0;0;0
FR;6;2021-01-12;0;0;0;0;0;0;0;0;0;0;0;0;0;0;0;0;0;0
FR;6;2021-01-13;0;0;0;0;0;0;0;0;0;0;0;0;0;0;0;0;0;0
FR;6;2021-01-14;0;0;0;0;0;0;0;0;0;0;0;0;0;0;0;0;0;0
FR;6;2021-01-15;0;0;0;0;0;0;0;0;0;0;0;0;0;0;0;0;0;0
FR;6;2021-01-16;0;0;0;0;0;0;0;0;0;0;0;0;0;0;0;0;0;0
FR;6;2021-01-17;0;0;0;0;0;0;0;0;0;0;0;0;0;0;0;0;0;0
FR;6;2021-01-18;0;0;0;0;0;0;0;0;0;0;0;0;0;0;0;0;0;0
FR;6;2021-01-19;0;0;0;0;0;0;0;0;0;0;0;0;0;0;0;0;0;0
FR;6;2021-01-20;0;0;0;0;0;0;0;0;0;0;0;0;0;0;0;0;0;0
FR;6;2021-01-21;0;0;0;0;0;0;0;0;0;0;0;0;0;0;0;0;0;0
FR;6;2021-01-22;0;0;0;0;0;0;0;0;0;0;0;0;0;0;0;0;0;0
FR;6;2021-01-23;0;0;0;0;0;0;0;0;0;0;0;0;0;0;0;0;0;0
FR;6;2021-01-24;0;0;0;0;0;0;0;0;0;0;0;0;0;0;0;0;0;0
FR;6;2021-01-25;0;0;0;0;0;0;0;0;0;0;0;0;0;0;0;0;0;0
FR;6;2021-01-26;0;0;0;0;0;0;0;0;0;0;0;0;0;0;0;0;0;0
FR;6;2021-01-27;0;0;0;0;0;0;0;0;0;0;0;0;0;0;0;0;0;0
FR;6;2021-01-28;0;0;0;0;0;0;0;0;0;0;0;0;0;0;0;0;0;0
FR;6;2021-01-29;0;0;0;0;0;0;0;0;0;0;0;0;0;0;0;0;0;0
FR;6;2021-01-30;0;0;0;0;0;0;0;0;0;0;0;0;0;0;0;0;0;0
FR;6;2021-01-31;0;0;0;0;0;0;0;0;0;0;0;0;0;0;0;0;0;0
FR;6;2021-02-01;0;0;0;0;0;0;0;0;0;0;0;0;0;0;0;0;0;0
FR;6;2021-02-02;0;0;0;0;0;0;0;0;0;0;0;0;0;0;0;0;0;0
FR;6;2021-02-03;0;0;0;0;0;0;0;0;0;0;0;0;0;0;0;0;0;0
FR;6;2021-02-04;0;0;0;0;0;0;0;0;0;0;0;0;0;0;0;0;0;0
FR;6;2021-02-05;0;0;0;0;0;0;0;0;0;0;0;0;0;0;0;0;0;0
FR;6;2021-02-06;0;0;0;0;0;0;0;0;0;0;0;0;0;0;0;0;0;0
FR;6;2021-02-07;0;0;0;0;0;0;0;0;0;0;0;0;0;0;0;0;0;0
FR;6;2021-02-08;0;0;0;0;0;0;0;0;0;0;0;0;0;0;0;0;0;0
FR;6;2021-02-09;0;0;0;0;0;0;0;0;0;0;0;0;0;0;0;0;0;0
FR;6;2021-02-10;0;0;0;0;0;0;0;0;0;0;0;0;0;0;0;0;0;0
FR;6;2021-02-11;0;0;0;0;0;0;0;0;0;0;0;0;0;0;0;0;0;0
FR;6;2021-02-12;0;0;0;0;0;0;0;0;0;0;0;0;0;0;0;0;0;0
FR;6;2021-02-13;0;0;0;0;0;0;0;0;0;0;0;0;0;0;0;0;0;0
FR;6;2021-02-14;0;0;0;0;0;0;0;0;0;0;0;0;0;0;0;0;0;0
FR;6;2021-02-15;0;0;0;0;0;0;0;0;0;0;0;0;0;0;0;0;0;0
FR;6;2021-02-16;0;0;0;0;0;0;0;0;0;0;0;0;0;0;0;0;0;0
FR;6;2021-02-17;0;0;0;0;0;0;0;0;0;0;0;0;0;0;0;0;0;0
FR;6;2021-02-18;0;0;0;0;0;0;0;0;0;0;0;0;0;0;0;0;0;0
FR;6;2021-02-19;0;0;0;0;0;0;0;0;0;0;0;0;0;0;0;0;0;0
FR;6;2021-02-20;0;0;0;0;0;0;0;0;0;0;0;0;0;0;0;0;0;0
FR;6;2021-02-21;0;0;0;0;0;0;0;0;0;0;0;0;0;0;0;0;0;0
FR;6;2021-02-22;0;0;0;0;0;0;0;0;0;0;0;0;0;0;0;0;0;0
FR;6;2021-02-23;0;0;0;0;0;0;0;0;0;0;0;0;0;0;0;0;0;0
FR;6;2021-02-24;0;0;0;0;0;0;0;0;0;0;0;0;0;0;0;0;0;0
FR;6;2021-02-25;0;0;0;0;0;0;0;0;0;0;0;0;0;0;0;0;0;0
FR;6;2021-02-26;0;0;0;0;0;0;0;0;0;0;0;0;0;0;0;0;0;0
FR;6;2021-02-27;0;0;0;0;0;0;0;0;0;0;0;0;0;0;0;0;0;0
FR;6;2021-02-28;0;0;0;0;0;0;0;0;0;0;0;0;0;0;0;0;0;0
FR;6;2021-03-01;0;0;0;0;0;0;0;0;0;0;0;0;0;0;0;0;0;0
FR;6;2021-03-02;0;0;0;0;0;0;0;0;0;0;0;0;0;0;0;0;0;0
FR;6;2021-03-03;0;0;0;0;0;0;0;0;0;0;0;0;0;0;0;0;0;0
FR;6;2021-03-04;0;0;0;0;0;0;0;0;0;0;0;0;0;0;0;0;0;0
FR;6;2021-03-05;0;0;0;0;0;0;0;0;0;0;0;0;0;0;0;0;0;0
FR;6;2021-03-06;0;0;0;0;0;0;0;0;0;0;0;0;0;0;0;0;0;0
FR;6;2021-03-07;0;0;0;0;0;0;0;0;0;0;0;0;0;0;0;0;0;0
FR;6;2021-03-08;0;0;0;0;0;0;0;0;0;0;0;0;0;0;0;0;0;0
FR;6;2021-03-09;0;0;0;0;0;0;0;0;0;0;0;0;0;0;0;0;0;0
FR;6;2021-03-10;0;0;0;0;0;0;0;0;0;0;0;0;0;0;0;0;0;0
FR;6;2021-03-11;0;0;0;0;0;0;0;0;0;0;0;0;0;0;0;0;0;0
FR;6;2021-03-12;0;0;0;0;0;0;0;0;0;0;0;0;0;0;0;0;0;0
FR;6;2021-03-13;0;0;0;0;0;0;0;0;0;0;0;0;0;0;0;0;0;0
FR;6;2021-03-14;0;0;0;0;0;0;0;0;0;0;0;0;0;0;0;0;0;0
FR;6;2021-03-15;0;0;0;0;0;0;0;0;0;0;0;0;0;0;0;0;0;0
FR;6;2021-03-16;0;0;0;0;0;0;0;0;0;0;0;0;0;0;0;0;0;0
FR;6;2021-03-17;0;0;0;0;0;0;0;0;0;0;0;0;0;0;0;0;0;0
FR;6;2021-03-18;0;0;0;0;0;0;0;0;0;0;0;0;0;0;0;0;0;0
FR;6;2021-03-19;0;0;0;0;0;0;0;0;0;0;0;0;0;0;0;0;0;0
FR;6;2021-03-20;0;0;0;0;0;0;0;0;0;0;0;0;0;0;0;0;0;0
FR;6;2021-03-21;0;0;0;0;0;0;0;0;0;0;0;0;0;0;0;0;0;0
FR;6;2021-03-22;0;0;0;0;0;0;0;0;0;0;0;0;0;0;0;0;0;0
FR;6;2021-03-23;0;0;0;0;0;0;0;0;0;0;0;0;0;0;0;0;0;0
FR;6;2021-03-24;0;0;0;0;0;0;0;0;0;0;0;0;0;0;0;0;0;0
FR;6;2021-03-25;0;0;0;0;0;0;0;0;0;0;0;0;0;0;0;0;0;0
FR;6;2021-03-26;0;0;0;0;0;0;0;0;0;0;0;0;0;0;0;0;0;0
FR;6;2021-03-27;0;0;0;0;0;0;0;0;0;0;0;0;0;0;0;0;0;0
FR;6;2021-03-28;0;0;0;0;0;0;0;0;0;0;0;0;0;0;0;0;0;0
FR;6;2021-03-29;0;0;0;0;0;0;0;0;0;0;0;0;0;0;0;0;0;0
FR;6;2021-03-30;0;0;0;0;0;0;0;0;0;0;0;0;0;0;0;0;0;0
FR;6;2021-03-31;0;0;0;0;0;0;0;0;0;0;0;0;0;0;0;0;0;0
FR;6;2021-04-01;0;0;0;0;0;0;0;0;0;0;0;0;0;0;0;0;0;0
FR;6;2021-04-02;0;0;0;0;0;0;0;0;0;0;0;0;0;0;0;0;0;0
FR;6;2021-04-03;0;0;0;0;0;0;0;0;0;0;0;0;0;0;0;0;0;0
FR;6;2021-04-04;0;0;0;0;0;0;0;0;0;0;0;0;0;0;0;0;0;0
FR;6;2021-04-05;0;0;0;0;0;0;0;0;0;0;0;0;0;0;0;0;0;0
FR;6;2021-04-06;0;0;0;0;0;0;0;0;0;0;0;0;0;0;0;0;0;0
FR;6;2021-04-07;0;0;0;0;0;0;0;0;0;0;0;0;0;0;0;0;0;0
FR;6;2021-04-08;0;0;0;0;0;0;0;0;0;0;0;0;0;0;0;0;0;0
FR;6;2021-04-09;0;0;0;0;0;0;0;0;0;0;0;0;0;0;0;0;0;0
FR;6;2021-04-10;0;0;0;0;0;0;0;0;0;0;0;0;0;0;0;0;0;0
FR;6;2021-04-11;0;0;0;0;0;0;0;0;0;0;0;0;0;0;0;0;0;0
FR;6;2021-04-12;0;0;0;0;0;0;0;0;0;0;0;0;0;0;0;0;0;0
FR;6;2021-04-13;0;0;0;0;0;0;0;0;0;0;0;0;0;0;0;0;0;0
FR;6;2021-04-14;0;0;0;0;0;0;0;0;0;0;0;0;0;0;0;0;0;0
FR;6;2021-04-15;0;0;0;0;0;0;0;0;0;0;0;0;0;0;0;0;0;0
FR;6;2021-04-16;0;0;0;0;0;0;0;0;0;0;0;0;0;0;0;0;0;0
FR;6;2021-04-17;0;0;0;0;0;0;0;0;0;0;0;0;0;0;0;0;0;0
FR;6;2021-04-18;0;0;0;0;0;0;0;0;0;0;0;0;0;0;0;0;0;0
FR;6;2021-04-19;0;0;0;0;0;0;0;0;0;0;0;0;0;0;0;0;0;0
FR;6;2021-04-20;0;0;0;0;0;0;0;0;0;0;0;0;0;0;0;0;0;0
FR;6;2021-04-21;0;0;0;0;0;0;0;0;0;0;0;0;0;0;0;0;0;0
FR;6;2021-04-22;0;0;0;0;0;0;0;0;0;0;0;0;0;0;0;0;0;0
FR;6;2021-04-23;0;0;0;0;0;0;0;0;0;0;0;0;0;0;0;0;0;0
FR;6;2021-04-24;0;0;0;0;0;0;0;0;0;0;0;0;0;0;0;0;0;0
FR;6;2021-04-25;0;0;0;0;0;0;0;0;0;0;0;0;0;0;0;0;0;0
FR;6;2021-04-26;0;0;0;0;0;0;0;0;0;0;0;0;0;0;0;0;0;0
FR;6;2021-04-27;0;0;0;0;0;0;0;0;0;0;0;0;0;0;0;0;0;0
FR;6;2021-04-28;0;0;0;0;0;0;0;0;0;0;0;0;0;0;0;0;0;0
FR;6;2021-04-29;0;0;0;0;0;0;0;0;0;0;0;0;0;0;0;0;0;0
FR;6;2021-04-30;0;0;0;0;0;0;0;0;0;0;0;0;0;0;0;0;0;0
FR;6;2021-05-01;0;0;0;0;0;0;0;0;0;0;0;0;0;0;0;0;0;0
FR;6;2021-05-02;0;0;0;0;0;0;0;0;0;0;0;0;0;0;0;0;0;0
FR;6;2021-05-03;0;0;0;0;0;0;0;0;0;0;0;0;0;0;0;0;0;0
FR;6;2021-05-04;0;0;0;0;0;0;0;0;0;0;0;0;0;0;0;0;0;0
FR;6;2021-05-05;0;0;0;0;0;0;0;0;0;0;0;0;0;0;0;0;0;0
FR;6;2021-05-06;0;0;0;0;0;0;0;0;0;0;0;0;0;0;0;0;0;0
FR;6;2021-05-07;0;0;0;0;0;0;0;0;0;0;0;0;0;0;0;0;0;0
FR;6;2021-05-08;0;0;0;0;0;0;0;0;0;0;0;0;0;0;0;0;0;0
FR;6;2021-05-09;0;0;0;0;0;0;0;0;0;0;0;0;0;0;0;0;0;0
FR;6;2021-05-10;0;0;0;0;0;0;0;0;0;0;0;0;0;0;0;0;0;0
FR;6;2021-05-11;0;0;0;0;0;0;0;0;0;0;0;0;0;0;0;0;0;0
FR;6;2021-05-12;0;0;0;0;0;0;0;0;0;0;0;0;0;0;0;0;0;0
FR;6;2021-05-13;0;0;0;0;0;0;0;0;0;0;0;0;0;0;0;0;0;0
FR;6;2021-05-14;0;0;0;0;0;0;0;0;0;0;0;0;0;0;0;0;0;0
FR;6;2021-05-15;0;0;0;0;0;0;0;0;0;0;0;0;0;0;0;0;0;0
FR;6;2021-05-16;0;0;0;0;0;0;0;0;0;0;0;0;0;0;0;0;0;0
FR;6;2021-05-17;0;0;0;0;0;0;0;0;0;0;0;0;0;0;0;0;0;0
FR;6;2021-05-18;0;0;0;0;0;0;0;0;0;0;0;0;0;0;0;0;0;0
FR;6;2021-05-19;0;0;0;0;0;0;0;0;0;0;0;0;0;0;0;0;0;0
FR;6;2021-05-20;0;0;0;0;0;0;0;0;0;0;0;0;0;0;0;0;0;0
FR;6;2021-05-21;0;0;0;0;0;0;0;0;0;0;0;0;0;0;0;0;0;0
FR;6;2021-05-22;0;0;0;0;0;0;0;0;0;0;0;0;0;0;0;0;0;0
FR;6;2021-05-23;0;0;0;0;0;0;0;0;0;0;0;0;0;0;0;0;0;0
FR;6;2021-05-24;0;0;0;0;0;0;0;0;0;0;0;0;0;0;0;0;0;0
FR;6;2021-05-25;0;0;0;0;0;0;0;0;0;0;0;0;0;0;0;0;0;0
FR;6;2021-05-26;0;0;0;0;0;0;0;0;0;0;0;0;0;0;0;0;0;0
FR;6;2021-05-27;0;0;0;0;0;0;0;0;0;0;0;0;0;0;0;0;0;0
FR;6;2021-05-28;0;0;0;0;0;0;0;0;0;0;0;0;0;0;0;0;0;0
FR;6;2021-05-29;0;0;0;0;0;0;0;0;0;0;0;0;0;0;0;0;0;0
FR;6;2021-05-30;0;0;0;0;0;0;0;0;0;0;0;0;0;0;0;0;0;0
FR;6;2021-05-31;0;0;0;0;0;0;0;0;0;0;0;0;0;0;0;0;0;0
FR;6;2021-06-01;0;0;0;0;0;0;0;0;0;0;0;0;0;0;0;0;0;0
FR;6;2021-06-02;0;0;0;0;0;0;0;0;0;0;0;0;0;0;0;0;0;0
FR;6;2021-06-03;0;0;0;0;0;0;0;0;0;0;0;0;0;0;0;0;0;0
FR;6;2021-06-04;0;0;0;0;0;0;0;0;0;0;0;0;0;0;0;0;0;0
FR;6;2021-06-05;0;0;0;0;0;0;0;0;0;0;0;0;0;0;0;0;0;0
FR;6;2021-06-06;0;0;0;0;0;0;0;0;0;0;0;0;0;0;0;0;0;0
FR;6;2021-06-07;0;0;0;0;0;0;0;0;0;0;0;0;0;0;0;0;0;0
FR;6;2021-06-08;0;0;0;0;0;0;0;0;0;0;0;0;0;0;0;0;0;0
FR;6;2021-06-09;0;0;0;0;0;0;0;0;0;0;0;0;0;0;0;0;0;0
FR;6;2021-06-10;0;0;0;0;0;0;0;0;0;0;0;0;0;0;0;0;0;0
FR;6;2021-06-11;0;0;0;0;0;0;0;0;0;0;0;0;0;0;0;0;0;0
FR;6;2021-06-12;0;0;0;0;0;0;0;0;0;0;0;0;0;0;0;0;0;0
FR;6;2021-06-13;0;0;0;0;0;0;0;0;0;0;0;0;0;0;0;0;0;0
FR;6;2021-06-14;0;0;0;0;0;0;0;0;0;0;0;0;0;0;0;0;0;0
FR;6;2021-06-15;0;0;0;0;0;0;0;0;0;0;0;0;0;0;0;0;0;0
FR;6;2021-06-16;0;0;0;0;0;0;0;0;0;0;0;0;0;0;0;0;0;0
FR;6;2021-06-17;0;0;0;0;0;0;0;0;0;0;0;0;0;0;0;0;0;0
FR;6;2021-06-18;0;0;0;0;0;0;0;0;0;0;0;0;0;0;0;0;0;0
FR;6;2021-06-19;0;0;0;0;0;0;0;0;0;0;0;0;0;0;0;0;0;0
FR;6;2021-06-20;0;0;0;0;0;0;0;0;0;0;0;0;0;0;0;0;0;0
FR;6;2021-06-21;0;0;0;0;0;0;0;0;0;0;0;0;0;0;0;0;0;0
FR;6;2021-06-22;0;0;0;0;0;0;0;0;0;0;0;0;0;0;0;0;0;0
FR;6;2021-06-23;0;0;0;0;0;0;0;0;0;0;0;0;0;0;0;0;0;0
FR;6;2021-06-24;0;0;0;0;0;0;0;0;0;0;0;0;0;0;0;0;0;0
FR;6;2021-06-25;0;0;0;0;0;0;0;0;0;0;0;0;0;0;0;0;0;0
FR;6;2021-06-26;0;0;0;0;0;0;0;0;0;0;0;0;0;0;0;0;0;0
FR;6;2021-06-27;0;0;0;0;0;0;0;0;0;0;0;0;0;0;0;0;0;0
FR;6;2021-06-28;0;0;0;0;0;0;0;0;0;0;0;0;0;0;0;0;0;0
FR;6;2021-06-29;0;0;0;0;0;0;0;0;0;0;0;0;0;0;0;0;0;0
FR;6;2021-06-30;0;0;0;0;0;0;0;0;0;0;0;0;0;0;0;0;0;0
FR;6;2021-07-01;0;0;0;0;0;0;0;0;0;0;0;0;0;0;0;0;0;0
FR;6;2021-07-02;0;0;0;0;0;0;0;0;0;0;0;0;0;0;0;0;0;0
FR;6;2021-07-03;0;0;0;0;0;0;0;0;0;0;0;0;0;0;0;0;0;0
FR;6;2021-07-04;0;0;0;0;0;0;0;0;0;0;0;0;0;0;0;0;0;0
FR;6;2021-07-05;0;0;0;0;0;0;0;0;0;0;0;0;0;0;0;0;0;0
FR;6;2021-07-06;0;0;0;0;0;0;0;0;0;0;0;0;0;0;0;0;0;0
FR;6;2021-07-07;0;0;0;0;0;0;0;0;0;0;0;0;0;0;0;0;0;0
FR;6;2021-07-08;0;0;0;0;0;0;0;0;0;0;0;0;0;0;0;0;0;0
FR;6;2021-07-09;0;0;0;0;0;0;0;0;0;0;0;0;0;0;0;0;0;0
FR;6;2021-07-10;0;0;0;0;0;0;0;0;0;0;0;0;0;0;0;0;0;0
FR;6;2021-07-11;0;0;0;0;0;0;0;0;0;0;0;0;0;0;0;0;0;0
FR;6;2021-07-12;0;0;0;0;0;0;0;0;0;0;0;0;0;0;0;0;0;0
FR;6;2021-07-13;0;0;0;0;0;0;0;0;0;0;0;0;0;0;0;0;0;0
FR;6;2021-07-14;0;0;0;0;0;0;0;0;0;0;0;0;0;0;0;0;0;0
FR;6;2021-07-15;0;0;0;0;0;0;0;0;0;0;0;0;0;0;0;0;0;0
FR;6;2021-07-16;0;0;0;0;0;0;0;0;0;0;0;0;0;0;0;0;0;0
FR;6;2021-07-17;0;0;0;0;0;0;0;0;0;0;0;0;0;0;0;0;0;0
FR;6;2021-07-18;0;0;0;0;0;0;0;0;0;0;0;0;0;0;0;0;0;0
FR;6;2021-07-19;0;0;0;0;0;0;0;0;0;0;0;0;0;0;0;0;0;0
FR;6;2021-07-20;0;0;0;0;0;0;0;0;0;0;0;0;0;0;0;0;0;0
FR;6;2021-07-21;0;0;0;0;0;0;0;0;0;0;0;0;0;0;0;0;0;0
FR;6;2021-07-22;0;0;0;0;0;0;0;0;0;0;0;0;0;0;0;0;0;0
FR;6;2021-07-23;0;0;0;0;0;0;0;0;0;0;0;0;0;0;0;0;0;0
FR;6;2021-07-24;0;0;0;0;0;0;0;0;0;0;0;0;0;0;0;0;0;0
FR;6;2021-07-25;0;0;0;0;0;0;0;0;0;0;0;0;0;0;0;0;0;0
FR;6;2021-07-26;0;0;0;0;0;0;0;0;0;0;0;0;0;0;0;0;0;0
FR;6;2021-07-27;0;0;0;0;0;0;0;0;0;0;0;0;0;0;0;0;0;0
FR;6;2021-07-28;0;0;0;0;0;0;0;0;0;0;0;0;0;0;0;0;0;0
FR;6;2021-07-29;0;0;0;0;0;0;0;0;0;0;0;0;0;0;0;0;0;0
FR;6;2021-07-30;0;0;0;0;0;0;0;0;0;0;0;0;0;0;0;0;0;0
FR;6;2021-07-31;0;0;0;0;0;0;0;0;0;0;0;0;0;0;0;0;0;0
FR;6;2021-08-01;0;0;0;0;0;0;0;0;0;0;0;0;0;0;0;0;0;0
FR;6;2021-08-02;0;0;0;0;0;0;0;0;0;0;0;0;0;0;0;0;0;0
FR;6;2021-08-03;0;0;0;0;0;0;0;0;0;0;0;0;0;0;0;0;0;0
FR;6;2021-08-04;0;0;0;0;0;0;0;0;0;0;0;0;0;0;0;0;0;0
FR;6;2021-08-05;0;0;0;0;0;0;0;0;0;0;0;0;0;0;0;0;0;0
FR;6;2021-08-06;0;0;0;0;0;0;0;0;0;0;0;0;0;0;0;0;0;0
FR;6;2021-08-07;0;0;0;0;0;0;0;0;0;0;0;0;0;0;0;0;0;0
FR;6;2021-08-08;0;0;0;0;0;0;0;0;0;0;0;0;0;0;0;0;0;0
FR;6;2021-08-09;0;0;0;0;0;0;0;0;0;0;0;0;0;0;0;0;0;0
FR;6;2021-08-10;0;0;0;0;0;0;0;0;0;0;0;0;0;0;0;0;0;0
FR;6;2021-08-11;0;0;0;0;0;0;0;0;0;0;0;0;0;0;0;0;0;0
FR;6;2021-08-12;0;0;0;0;0;0;0;0;0;0;0;0;0;0;0;0;0;0
FR;6;2021-08-13;0;0;0;0;0;0;0;0;0;0;0;0;0;0;0;0;0;0
FR;6;2021-08-14;0;0;0;0;0;0;0;0;0;0;0;0;0;0;0;0;0;0
FR;6;2021-08-15;0;0;0;0;0;0;0;0;0;0;0;0;0;0;0;0;0;0
FR;6;2021-08-16;0;0;0;0;0;0;0;0;0;0;0;0;0;0;0;0;0;0
FR;6;2021-08-17;0;0;0;0;0;0;0;0;0;0;0;0;0;0;0;0;0;0
FR;6;2021-08-18;0;0;0;0;0;0;0;0;0;0;0;0;0;0;0;0;0;0
FR;6;2021-08-19;0;0;0;0;0;0;0;0;0;0;0;0;0;0;0;0;0;0
FR;6;2021-08-20;0;0;0;0;0;0;0;0;0;0;0;0;0;0;0;0;0;0
FR;6;2021-08-21;0;0;0;0;0;0;0;0;0;0;0;0;0;0;0;0;0;0
FR;6;2021-08-22;0;0;0;0;0;0;0;0;0;0;0;0;0;0;0;0;0;0
FR;6;2021-08-23;0;0;0;0;0;0;0;0;0;0;0;0;0;0;0;0;0;0
FR;6;2021-08-24;0;0;0;0;0;0;0;0;0;0;0;0;0;0;0;0;0;0
FR;6;2021-08-25;0;0;0;0;0;0;0;0;0;0;0;0;0;0;0;0;0;0
FR;6;2021-08-26;0;0;0;0;0;0;0;0;0;0;0;0;0;0;0;0;0;0
FR;6;2021-08-27;0;0;0;0;0;0;0;0;0;0;0;0;0;0;0;0;0;0
FR;6;2021-08-28;0;0;0;0;0;0;0;0;0;0;0;0;0;0;0;0;0;0
FR;6;2021-08-29;0;0;0;0;0;0;0;0;0;0;0;0;0;0;0;0;0;0
FR;6;2021-08-30;0;0;0;0;0;0;0;0;0;0;0;0;0;0;0;0;0;0
FR;6;2021-08-31;0;0;0;0;0;0;0;0;0;0;0;0;0;0;0;0;0;0
FR;6;2021-09-01;0;0;0;0;0;0;0;0;0;0;0;0;0;0;0;0;0;0
FR;6;2021-09-02;0;0;0;0;0;0;0;0;0;0;0;0;0;0;0;0;0;0
FR;6;2021-09-03;0;0;0;0;0;0;0;0;0;0;0;0;0;0;0;0;0;0
FR;6;2021-09-04;0;0;0;0;0;0;0;0;0;0;0;0;0;0;0;0;0;0
FR;6;2021-09-05;0;0;0;0;0;0;0;0;0;0;0;0;0;0;0;0;0;0
FR;6;2021-09-06;0;0;0;0;0;0;0;0;0;0;0;0;0;0;0;0;0;0
FR;6;2021-09-07;0;0;0;0;0;0;0;0;0;0;0;0;0;0;0;0;0;0
FR;6;2021-09-08;0;0;0;0;0;0;0;0;0;0;0;0;0;0;0;0;0;0
FR;6;2021-09-09;0;0;0;0;0;0;0;0;0;0;0;0;0;0;0;0;0;0
FR;6;2021-09-10;0;0;0;0;0;0;0;0;0;0;0;0;0;0;0;0;0;0
FR;6;2021-09-11;0;0;0;0;0;0;0;0;0;0;0;0;0;0;0;0;0;0
FR;6;2021-09-12;0;0;0;0;0;0;0;0;0;0;0;0;0;0;0;0;0;0
FR;6;2021-09-13;0;0;0;0;0;0;0;0;0;0;0;0;0;0;0;0;0;0
FR;6;2021-09-14;0;0;0;0;0;0;0;0;0;0;0;0;0;0;0;0;0;0
FR;6;2021-09-15;0;0;0;0;0;0;0;0;0;0;0;0;0;0;0;0;0;0
FR;6;2021-09-16;0;0;0;0;0;0;0;0;0;0;0;0;0;0;0;0;0;0
FR;6;2021-09-17;0;0;0;0;0;0;0;0;0;0;0;0;0;0;0;0;0;0
FR;6;2021-09-18;0;0;0;0;0;0;0;0;0;0;0;0;0;0;0;0;0;0
FR;6;2021-09-19;0;0;0;0;0;0;0;0;0;0;0;0;0;0;0;0;0;0
FR;6;2021-09-20;0;0;0;0;0;0;0;0;0;0;0;0;0;0;0;0;0;0
FR;6;2021-09-21;0;0;0;0;0;0;0;0;0;0;0;0;0;0;0;0;0;0
FR;6;2021-09-22;0;0;0;0;0;0;0;0;0;0;0;0;0;0;0;0;0;0
FR;6;2021-09-23;0;0;0;0;0;0;0;0;0;0;0;0;0;0;0;0;0;0
FR;6;2021-09-24;0;0;0;0;0;0;0;0;0;0;0;0;0;0;0;0;0;0
FR;6;2021-09-25;0;0;0;0;0;0;0;0;0;0;0;0;0;0;0;0;0;0
FR;6;2021-09-26;0;0;0;0;0;0;0;0;0;0;0;0;0;0;0;0;0;0
FR;6;2021-09-27;0;0;0;0;0;0;0;0;0;0;0;0;0;0;0;0;0;0
FR;6;2021-09-28;0;0;0;0;0;0;0;0;0;0;0;0;0;0;0;0;0;0
FR;6;2021-09-29;0;0;0;0;0;0;0;0;0;0;0;0;0;0;0;0;0;0
FR;6;2021-09-30;0;0;0;0;0;0;0;0;0;0;0;0;0;0;0;0;0;0
FR;6;2021-10-01;0;0;0;0;0;0;0;0;0;0;0;0;0;0;0;0;0;0
FR;6;2021-10-02;0;0;0;0;0;0;0;0;0;0;0;0;0;0;0;0;0;0
FR;6;2021-10-03;0;0;0;0;0;0;0;0;0;0;0;0;0;0;0;0;0;0
FR;6;2021-10-04;0;0;0;0;0;0;0;0;0;0;0;0;0;0;0;0;0;0
FR;6;2021-10-05;0;0;0;0;0;0;0;0;0;0;0;0;0;0;0;0;0;0
FR;6;2021-10-06;0;0;0;0;0;0;0;0;0;0;0;0;0;0;0;0;0;0
FR;6;2021-10-07;0;0;0;0;0;0;0;0;0;0;0;0;0;0;0;0;0;0
FR;6;2021-10-08;0;0;0;0;0;0;0;0;0;0;0;0;0;0;0;0;0;0
FR;6;2021-10-09;0;0;0;0;0;0;0;0;0;0;0;0;0;0;0;0;0;0
FR;6;2021-10-10;0;0;0;0;0;0;0;0;0;0;0;0;0;0;0;0;0;0
FR;6;2021-10-11;0;0;0;0;0;0;0;0;0;0;0;0;0;0;0;0;0;0
FR;6;2021-10-12;0;0;0;0;0;0;0;0;0;0;0;0;0;0;0;0;0;0
FR;6;2021-10-13;0;0;0;0;0;0;0;0;0;0;0;0;0;0;0;0;0;0
FR;6;2021-10-14;0;0;0;0;0;0;0;0;0;0;0;0;0;0;0;0;0;0
FR;6;2021-10-15;0;0;0;0;0;0;0;0;0;0;0;0;0;0;0;0;0;0
FR;6;2021-10-16;0;0;0;0;0;0;0;0;0;0;0;0;0;0;0;0;0;0
FR;6;2021-10-17;0;0;0;0;0;0;0;0;0;0;0;0;0;0;0;0;0;0
FR;6;2021-10-18;0;0;0;0;0;0;0;0;0;0;0;0;0;0;0;0;0;0
FR;6;2021-10-19;0;0;0;0;0;0;0;0;0;0;0;0;0;0;0;0;0;0
FR;6;2021-10-20;0;0;0;0;0;0;0;0;0;0;0;0;0;0;0;0;0;0
FR;6;2021-10-21;0;0;0;0;0;0;0;0;0;0;0;0;0;0;0;0;0;0
FR;6;2021-10-22;0;0;0;0;0;0;0;0;0;0;0;0;0;0;0;0;0;0
FR;6;2021-10-23;0;0;0;0;0;0;0;0;0;0;0;0;0;0;0;0;0;0
FR;6;2021-10-24;0;0;0;0;0;0;0;0;0;0;0;0;0;0;0;0;0;0
FR;6;2021-10-25;0;0;0;0;0;0;0;0;0;0;0;0;0;0;0;0;0;0
FR;6;2021-10-26;0;0;0;0;0;0;0;0;0;0;0;0;0;0;0;0;0;0
FR;6;2021-10-27;0;0;0;0;0;0;0;0;0;0;0;0;0;0;0;0;0;0
FR;6;2021-10-28;0;0;0;0;0;0;0;0;0;0;0;0;0;0;0;0;0;0
FR;6;2021-10-29;0;0;0;0;0;0;0;0;0;0;0;0;0;0;0;0;0;0
FR;6;2021-10-30;0;0;0;0;0;0;0;0;0;0;0;0;0;0;0;0;0;0
FR;6;2021-10-31;0;0;0;0;0;0;0;0;0;0;0;0;0;0;0;0;0;0
FR;6;2021-11-01;0;0;0;0;0;0;0;0;0;0;0;0;0;0;0;0;0;0
FR;6;2021-11-02;0;0;0;0;0;0;0;0;0;0;0;0;0;0;0;0;0;0
FR;6;2021-11-03;0;0;0;0;0;0;0;0;0;0;0;0;0;0;0;0;0;0
FR;6;2021-11-04;0;0;0;0;0;0;0;0;0;0;0;0;0;0;0;0;0;0
FR;6;2021-11-05;0;0;0;0;0;0;0;0;0;0;0;0;0;0;0;0;0;0
FR;6;2021-11-06;0;0;0;0;0;0;0;0;0;0;0;0;0;0;0;0;0;0
FR;6;2021-11-07;0;0;0;0;0;0;0;0;0;0;0;0;0;0;0;0;0;0
FR;6;2021-11-08;0;0;0;0;0;0;0;0;0;0;0;0;0;0;0;0;0;0
FR;6;2021-11-09;0;0;0;0;0;0;0;0;0;0;0;0;0;0;0;0;0;0
FR;6;2021-11-10;0;0;0;0;0;0;0;0;0;0;0;0;0;0;0;0;0;0
FR;6;2021-11-11;0;0;0;0;0;0;0;0;0;0;0;0;0;0;0;0;0;0
FR;6;2021-11-12;0;0;0;0;0;0;0;0;0;0;0;0;0;0;0;0;0;0
FR;6;2021-11-13;0;0;0;0;0;0;0;0;0;0;0;0;0;0;0;0;0;0
FR;6;2021-11-14;0;0;0;0;0;0;0;0;0;0;0;0;0;0;0;0;0;0
FR;6;2021-11-15;0;0;0;0;0;0;0;0;0;0;0;0;0;0;0;0;0;0
FR;6;2021-11-16;0;0;0;0;0;0;0;0;0;0;0;0;0;0;0;0;0;0
FR;6;2021-11-17;0;0;0;0;0;0;0;0;0;0;0;0;0;0;0;0;0;0
FR;6;2021-11-18;0;0;0;0;0;0;0;0;0;0;0;0;0;0;0;0;0;0
FR;6;2021-11-19;0;0;0;0;0;0;0;0;0;0;0;0;0;0;0;0;0;0
FR;6;2021-11-20;0;0;0;0;0;0;0;0;0;0;0;0;0;0;0;0;0;0
FR;6;2021-11-21;0;0;0;0;0;0;0;0;0;0;0;0;0;0;0;0;0;0
FR;6;2021-11-22;0;0;0;0;0;0;0;0;0;0;0;0;0;0;0;0;0;0
FR;6;2021-11-23;0;0;0;0;0;0;0;0;0;0;0;0;0;0;0;0;0;0
FR;6;2021-11-24;0;0;0;0;0;0;0;0;0;0;0;0;0;0;0;0;0;0
FR;6;2021-11-25;0;0;0;0;0;0;0;0;0;0;0;0;0;0;0;0;0;0
FR;6;2021-11-26;0;0;0;0;0;0;0;0;0;0;0;0;0;0;0;0;0;0
FR;6;2021-11-27;0;0;0;0;0;0;0;0;0;0;0;0;0;0;0;0;0;0
FR;6;2021-11-28;0;0;0;0;0;0;0;0;0;0;0;0;0;0;0;0;0;0
FR;6;2021-11-29;0;0;0;0;0;0;0;0;0;0;0;0;0;0;0;0;0;0
FR;6;2021-11-30;0;0;0;0;0;0;0;0;0;0;0;0;0;0;0;0;0;0
FR;6;2021-12-01;0;0;0;0;0;0;0;0;0;0;0;0;0;0;0;0;0;0
FR;6;2021-12-02;0;0;0;0;0;0;0;0;0;0;0;0;0;0;0;0;0;0
FR;6;2021-12-03;0;0;0;0;0;0;0;0;0;0;0;0;0;0;0;0;0;0
FR;6;2021-12-04;0;0;0;0;0;0;0;0;0;0;0;0;0;0;0;0;0;0
FR;6;2021-12-05;0;0;0;0;0;0;0;0;0;0;0;0;0;0;0;0;0;0
FR;6;2021-12-06;0;0;0;0;0;0;0;0;0;0;0;0;0;0;0;0;0;0
FR;6;2021-12-07;0;0;0;0;0;0;0;0;0;0;0;0;0;0;0;0;0;0
FR;6;2021-12-08;0;0;0;0;0;0;0;0;0;0;0;0;0;0;0;0;0;0
FR;6;2021-12-09;0;0;0;0;0;0;0;0;0;0;0;0;0;0;0;0;0;0
FR;6;2021-12-10;0;0;0;0;0;0;0;0;0;0;0;0;0;0;0;0;0;0
FR;6;2021-12-11;0;0;0;0;0;0;0;0;0;0;0;0;0;0;0;0;0;0
FR;6;2021-12-12;0;0;0;0;0;0;0;0;0;0;0;0;0;0;0;0;0;0
FR;6;2021-12-13;0;0;0;0;0;0;0;0;0;0;0;0;0;0;0;0;0;0
FR;6;2021-12-14;0;0;0;0;0;0;0;0;0;0;0;0;0;0;0;0;0;0
FR;6;2021-12-15;0;0;0;0;0;0;0;0;0;0;0;0;0;0;0;0;0;0
FR;6;2021-12-16;0;0;0;0;0;0;0;0;0;0;0;0;0;0;0;0;0;0
FR;6;2021-12-17;0;0;0;0;0;0;0;0;0;0;0;0;0;0;0;0;0;0
FR;6;2021-12-18;0;0;0;0;0;0;0;0;0;0;0;0;0;0;0;0;0;0
FR;6;2021-12-19;0;0;0;0;0;0;0;0;0;0;0;0;0;0;0;0;0;0
FR;6;2021-12-20;0;0;0;0;0;0;0;0;0;0;0;0;0;0;0;0;0;0
FR;6;2021-12-21;0;0;0;0;0;0;0;0;0;0;0;0;0;0;0;0;0;0
FR;6;2021-12-22;0;0;0;0;0;0;0;0;0;0;0;0;0;0;0;0;0;0
FR;6;2021-12-23;0;0;0;0;0;0;0;0;0;0;0;0;0;0;0;0;0;0
FR;6;2021-12-24;0;0;0;0;0;0;0;0;0;0;0;0;0;0;0;0;0;0
FR;6;2021-12-25;0;0;0;0;0;0;0;0;0;0;0;0;0;0;0;0;0;0
FR;6;2021-12-26;0;0;0;0;0;0;0;0;0;0;0;0;0;0;0;0;0;0
FR;6;2021-12-27;0;0;0;0;0;0;0;0;0;0;0;0;0;0;0;0;0;0
FR;6;2021-12-28;0;0;0;0;0;0;0;0;0;0;0;0;0;0;0;0;0;0
FR;6;2021-12-29;0;0;0;0;0;0;0;0;0;0;0;0;0;0;0;0;0;0
FR;6;2021-12-30;0;0;0;0;0;0;0;0;0;0;0;0;0;0;0;0;0;0
FR;6;2021-12-31;0;0;0;0;0;0;0;0;0;0;0;0;0;0;0;0;0;0
FR;6;2022-01-01;0;0;0;0;0;0;0;0;0;0;0;0;0;0;0;0;0;0
FR;6;2022-01-02;0;0;0;0;0;0;0;0;0;0;0;0;0;0;0;0;0;0
FR;6;2022-01-03;0;0;0;0;0;0;0;0;0;0;0;0;0;0;0;0;0;0
FR;6;2022-01-04;0;0;0;0;0;0;0;0;0;0;0;0;0;0;0;0;0;0
FR;6;2022-01-05;0;0;0;0;0;0;0;0;0;0;0;0;0;0;0;0;0;0
FR;6;2022-01-06;0;0;0;0;0;0;0;0;0;0;0;0;0;0;0;0;0;0
FR;6;2022-01-07;0;0;0;0;0;0;0;0;0;0;0;0;0;0;0;0;0;0
FR;6;2022-01-08;0;0;0;0;0;0;0;0;0;0;0;0;0;0;0;0;0;0
FR;6;2022-01-09;0;0;0;0;0;0;0;0;0;0;0;0;0;0;0;0;0;0
FR;6;2022-01-10;0;0;0;0;0;0;0;0;0;0;0;0;0;0;0;0;0;0
FR;6;2022-01-11;0;0;0;0;0;0;0;0;0;0;0;0;0;0;0;0;0;0
FR;6;2022-01-12;0;0;0;0;0;0;0;0;0;0;0;0;0;0;0;0;0;0
FR;6;2022-01-13;0;0;0;0;0;0;0;0;0;0;0;0;0;0;0;0;0;0
FR;6;2022-01-14;0;0;0;0;0;0;0;0;0;0;0;0;0;0;0;0;0;0
FR;6;2022-01-15;0;0;0;0;0;0;0;0;0;0;0;0;0;0;0;0;0;0
FR;6;2022-01-16;0;0;0;0;0;0;0;0;0;0;0;0;0;0;0;0;0;0
FR;6;2022-01-17;0;0;0;0;0;0;0;0;0;0;0;0;0;0;0;0;0;0
FR;6;2022-01-18;0;0;0;0;0;0;0;0;0;0;0;0;0;0;0;0;0;0
FR;6;2022-01-19;0;0;0;0;0;0;0;0;0;0;0;0;0;0;0;0;0;0
FR;6;2022-01-20;0;0;0;0;0;0;0;0;0;0;0;0;0;0;0;0;0;0
FR;6;2022-01-21;0;0;0;0;0;0;0;0;0;0;0;0;0;0;0;0;0;0
FR;6;2022-01-22;0;0;0;0;0;0;0;0;0;0;0;0;0;0;0;0;0;0
FR;6;2022-01-23;0;0;0;0;0;0;0;0;0;0;0;0;0;0;0;0;0;0
FR;6;2022-01-24;0;0;0;0;0;0;0;0;0;0;0;0;0;0;0;0;0;0
FR;6;2022-01-25;0;0;0;0;0;0;0;0;0;0;0;0;0;0;0;0;0;0
FR;6;2022-01-26;0;0;0;0;0;0;0;0;0;0;0;0;0;0;0;0;0;0
FR;6;2022-01-27;0;0;0;0;0;0;0;0;0;0;0;0;0;0;0;0;0;0
FR;6;2022-01-28;0;0;0;0;0;0;0;0;0;0;0;0;0;0;0;0;0;0
FR;6;2022-01-29;0;0;0;0;0;0;0;0;0;0;0;0;0;0;0;0;0;0
FR;6;2022-01-30;0;0;0;0;0;0;0;0;0;0;0;0;0;0;0;0;0;0
FR;6;2022-01-31;0;0;0;0;0;0;0;0;0;0;0;0;0;0;0;0;0;0
FR;6;2022-02-01;0;0;0;0;0;0;0;0;0;0;0;0;0;0;0;0;0;0
FR;6;2022-02-02;0;0;0;0;0;0;0;0;0;0;0;0;0;0;0;0;0;0
FR;6;2022-02-03;0;0;0;0;0;0;0;0;0;0;0;0;0;0;0;0;0;0
FR;6;2022-02-04;0;0;0;0;0;0;0;0;0;0;0;0;0;0;0;0;0;0
FR;6;2022-02-05;0;0;0;0;0;0;0;0;0;0;0;0;0;0;0;0;0;0
FR;6;2022-02-06;0;0;0;0;0;0;0;0;0;0;0;0;0;0;0;0;0;0
FR;6;2022-02-07;0;0;0;0;0;0;0;0;0;0;0;0;0;0;0;0;0;0
FR;6;2022-02-08;0;0;0;0;0;0;0;0;0;0;0;0;0;0;0;0;0;0
FR;6;2022-02-09;0;0;0;0;0;0;0;0;0;0;0;0;0;0;0;0;0;0
FR;6;2022-02-10;0;0;0;0;0;0;0;0;0;0;0;0;0;0;0;0;0;0
FR;6;2022-02-11;0;0;0;0;0;0;0;0;0;0;0;0;0;0;0;0;0;0
FR;6;2022-02-12;0;0;0;0;0;0;0;0;0;0;0;0;0;0;0;0;0;0
FR;6;2022-02-13;0;0;0;0;0;0;0;0;0;0;0;0;0;0;0;0;0;0
FR;6;2022-02-14;0;0;0;0;0;0;0;0;0;0;0;0;0;0;0;0;0;0
FR;6;2022-02-15;0;0;0;0;0;0;0;0;0;0;0;0;0;0;0;0;0;0
FR;6;2022-02-16;0;0;0;0;0;0;0;0;0;0;0;0;0;0;0;0;0;0
FR;6;2022-02-17;0;0;0;0;0;0;0;0;0;0;0;0;0;0;0;0;0;0
FR;6;2022-02-18;0;0;0;0;0;0;0;0;0;0;0;0;0;0;0;0;0;0
FR;6;2022-02-19;0;0;0;0;0;0;0;0;0;0;0;0;0;0;0;0;0;0
FR;6;2022-02-20;0;0;0;0;0;0;0;0;0;0;0;0;0;0;0;0;0;0
FR;6;2022-02-21;0;0;0;0;0;0;0;0;0;0;0;0;0;0;0;0;0;0
FR;6;2022-02-22;0;0;0;0;0;0;0;0;0;0;0;0;0;0;0;0;0;0
FR;6;2022-02-23;0;0;0;0;0;0;0;0;0;0;0;0;0;0;0;0;0;0
FR;6;2022-02-24;0;0;0;0;0;0;0;0;0;0;0;0;0;0;0;0;0;0
FR;6;2022-02-25;0;0;0;0;0;0;0;0;0;0;0;0;0;0;0;0;0;0
FR;6;2022-02-26;1;0;0;0;0;0;0;0;0;1;0;0;0;0;0;0;0;0
FR;6;2022-02-27;0;0;0;0;0;0;0;0;0;1;0;0;0;0;0;0;0;0
FR;6;2022-02-28;0;0;0;0;0;0;0;0;0;1;0;0;0;0;0;0;0;0
FR;6;2022-03-01;3;0;0;0;0;0;0;0;0;4;0;0;0;0;0;0;0;0
FR;6;2022-03-02;97;9;2;0;15;7;0;0;0;101;9;2;0;15;7;0;0;0
FR;6;2022-03-03;0;0;0;0;0;0;0;0;0;101;9;2;0;15;7;0;0;0
FR;6;2022-03-04;92;4;0;0;8;4;0;0;0;193;13;2;0;23;11;0;0;0
FR;6;2022-03-05;391;23;2;0;60;14;0;0;0;584;36;4;0;83;25;0;0;0
FR;6;2022-03-06;7;1;0;0;2;0;0;0;0;591;37;4;0;85;25;0;0;0
FR;6;2022-03-07;337;19;0;0;51;13;0;0;0;928;56;4;0;136;38;0;0;0
FR;6;2022-03-08;230;14;0;0;47;5;0;0;0;1158;70;4;0;183;43;0;0;0
FR;6;2022-03-09;519;29;2;0;84;21;1;0;0;1677;99;6;0;267;64;1;0;0
FR;6;2022-03-10;206;19;0;1;54;12;1;0;0;1883;118;6;1;321;76;2;0;0
FR;6;2022-03-11;331;22;6;0;53;21;0;0;0;2214;140;12;1;374;97;2;0;0
FR;6;2022-03-12;518;25;1;0;83;20;0;0;0;2732;165;13;1;457;117;2;0;0
FR;6;2022-03-13;40;2;0;0;2;1;0;0;0;2772;167;13;1;459;118;2;0;0
FR;6;2022-03-14;201;4;2;0;39;3;1;0;0;2973;171;15;1;498;121;3;0;0
FR;6;2022-03-15;112;11;2;0;29;9;0;0;0;3085;182;17;1;527;130;3;0;0
FR;6;2022-03-16;310;17;2;1;49;15;1;0;0;3395;199;19;2;576;145;4;0;0
FR;6;2022-03-17;117;6;1;2;14;4;2;0;0;3512;205;20;4;590;149;6;0;0
FR;6;2022-03-18;215;10;0;0;40;6;0;0;0;3727;215;20;4;630;155;6;0;0
FR;6;2022-03-19;307;19;2;0;89;9;0;0;0;4034;234;22;4;719;164;6;0;0
FR;6;2022-03-20;15;5;0;0;5;1;0;0;0;4049;239;22;4;724;165;6;0;0
FR;6;2022-03-21;132;23;1;0;47;4;0;0;0;4181;262;23;4;771;169;6;0;0
FR;6;2022-03-22;97;15;0;0;34;4;0;0;0;4278;277;23;4;805;173;6;0;0
FR;6;2022-03-23;226;108;3;0;154;14;1;0;0;4504;385;26;4;959;187;7;0;0
FR;6;2022-03-24;100;15;1;3;32;4;3;0;0;4604;400;27;7;991;191;10;0;0
FR;6;2022-03-25;203;141;2;1;177;15;2;0;0;4807;541;29;8;1168;206;12;0;0
FR;6;2022-03-26;331;295;7;1;384;19;1;0;0;5138;836;36;9;1552;225;13;0;0
FR;6;2022-03-27;32;30;1;0;37;1;1;0;0;5170;866;37;9;1589;226;14;0;0
FR;6;2022-03-28;201;208;8;1;234;17;3;0;0;5371;1074;45;10;1823;243;17;0;0
FR;6;2022-03-29;124;189;12;2;206;12;9;0;0;5495;1263;57;12;2029;255;26;0;0
FR;6;2022-03-30;305;476;10;2;548;22;6;0;0;5800;1739;67;14;2577;277;32;0;0
FR;6;2022-03-31;123;140;10;0;160;14;5;0;0;5923;1879;77;14;2737;291;37;0;0
FR;6;2022-04-01;195;150;11;2;178;23;3;0;0;6118;2029;88;16;2915;314;40;0;0
FR;6;2022-04-02;206;241;9;1;280;13;8;0;0;6324;2270;97;17;3195;327;48;0;0
FR;6;2022-04-03;17;21;0;0;26;1;0;0;0;6341;2291;97;17;3221;328;48;0;0
FR;6;2022-04-04;137;114;6;1;131;9;5;0;0;6478;2405;103;18;3352;337;53;0;0
FR;6;2022-04-05;146;88;15;1;105;11;8;0;0;6624;2493;118;19;3457;348;61;0;0
FR;6;2022-04-06;204;245;22;26;291;27;33;0;0;6828;2738;140;45;3748;375;94;0;0
FR;6;2022-04-07;127;96;15;9;115;17;14;0;0;6955;2834;155;54;3863;392;108;0;0
FR;6;2022-04-08;199;171;16;3;214;17;9;0;1;7154;3005;171;57;4077;409;117;0;1
FR;6;2022-04-09;145;139;6;12;171;13;4;0;0;7299;3144;177;69;4248;422;121;0;1
FR;6;2022-04-10;10;20;3;0;25;1;3;0;0;7309;3164;180;69;4273;423;124;0;1
FR;6;2022-04-11;101;106;4;0;128;5;3;0;0;7410;3270;184;69;4401;428;127;0;1
FR;6;2022-04-12;136;75;5;8;114;10;10;0;0;7546;3345;189;77;4515;438;137;0;1
FR;6;2022-04-13;162;175;7;5;208;13;8;0;0;7708;3520;196;82;4723;451;145;0;1
FR;6;2022-04-14;100;103;5;10;121;8;10;0;0;7808;3623;201;92;4844;459;155;0;1
FR;6;2022-04-15;158;149;11;7;167;19;14;0;1;7966;3772;212;99;5011;478;169;0;2
FR;6;2022-04-16;127;132;5;0;162;14;2;0;0;8093;3904;217;99;5173;492;171;0;2
FR;6;2022-04-17;8;9;4;0;10;4;0;0;0;8101;3913;221;99;5183;496;171;0;2
FR;6;2022-04-18;8;15;3;0;15;4;0;0;0;8109;3928;224;99;5198;500;171;0;2
FR;6;2022-04-19;97;112;4;3;130;3;7;0;0;8206;4040;228;102;5328;503;178;0;2
FR;6;2022-04-20;178;227;8;7;269;15;3;0;0;8384;4267;236;109;5597;518;181;0;2
FR;6;2022-04-21;111;93;8;4;110;11;7;0;0;8495;4360;244;113;5707;529;188;0;2
FR;6;2022-04-22;138;160;13;12;190;13;13;0;0;8633;4520;257;125;5897;542;201;0;2
FR;6;2022-04-23;106;129;1;1;161;7;1;0;0;8739;4649;258;126;6058;549;202;0;2
FR;6;2022-04-24;5;21;1;0;22;0;1;0;0;8744;4670;259;126;6080;549;203;0;2
FR;6;2022-04-25;91;128;3;8;151;11;9;0;0;8835;4798;262;134;6231;560;212;0;2
FR;6;2022-04-26;101;128;19;2;151;17;13;0;0;8936;4926;281;136;6382;577;225;0;2
FR;6;2022-04-27;197;159;21;1;222;27;11;0;1;9133;5085;302;137;6604;604;236;0;3
FR;6;2022-04-28;109;87;7;1;123;8;7;0;0;9242;5172;309;138;6727;612;243;0;3
FR;6;2022-04-29;191;169;16;2;215;20;6;0;0;9433;5341;325;140;6942;632;249;0;3
FR;6;2022-04-30;133;125;7;1;168;24;2;0;0;9566;5466;332;141;7110;656;251;0;3
FR;6;2022-05-01;7;6;0;0;8;0;0;0;0;9573;5472;332;141;7118;656;251;0;3
FR;6;2022-05-02;94;65;3;4;88;3;4;0;0;9667;5537;335;145;7206;659;255;0;3
FR;6;2022-05-03;136;93;11;2;125;7;9;0;0;9803;5630;346;147;7331;666;264;0;3
FR;6;2022-05-04;167;118;25;12;161;29;12;0;1;9970;5748;371;159;7492;695;276;0;4
FR;6;2022-05-05;101;70;8;3;96;12;6;0;0;10071;5818;379;162;7588;707;282;0;4
FR;6;2022-05-06;152;110;10;9;155;16;11;0;0;10223;5928;389;171;7743;723;293;0;4
FR;6;2022-05-07;139;93;13;3;136;23;8;0;0;10362;6021;402;174;7879;746;301;0;4
FR;6;2022-05-08;20;8;6;5;16;7;5;0;0;10382;6029;408;179;7895;753;306;0;4
FR;6;2022-05-09;86;78;9;7;95;13;6;0;0;10468;6107;417;186;7990;766;312;0;4
FR;6;2022-05-10;112;80;15;7;110;12;13;0;0;10580;6187;432;193;8100;778;325;0;4
FR;6;2022-05-11;130;124;11;14;163;20;6;0;0;10710;6311;443;207;8263;798;331;0;4
FR;6;2022-05-12;105;76;7;5;96;15;6;0;1;10815;6387;450;212;8359;813;337;0;5
FR;6;2022-05-13;155;97;17;21;137;22;16;0;0;10970;6484;467;233;8496;835;353;0;5
FR;6;2022-05-14;81;60;6;7;84;15;2;0;0;11051;6544;473;240;8580;850;355;0;5
FR;6;2022-05-15;12;7;0;0;14;0;0;0;0;11063;6551;473;240;8594;850;355;0;5
FR;6;2022-05-16;65;54;6;2;69;12;3;0;0;11128;6605;479;242;8663;862;358;0;5
FR;6;2022-05-17;123;77;5;7;92;11;8;0;0;11251;6682;484;249;8755;873;366;0;5
FR;6;2022-05-18;131;116;5;1;159;13;3;0;0;11382;6798;489;250;8914;886;369;0;5
FR;6;2022-05-19;124;57;6;8;96;9;8;0;0;11506;6855;495;258;9010;895;377;0;5
FR;6;2022-05-20;125;115;13;3;151;18;10;0;0;11631;6970;508;261;9161;913;387;0;5
FR;6;2022-05-21;92;69;14;3;93;12;8;0;0;11723;7039;522;264;9254;925;395;0;5
FR;6;2022-05-22;19;12;5;0;21;4;1;0;0;11742;7051;527;264;9275;929;396;0;5
FR;6;2022-05-23;77;72;4;2;90;7;2;0;0;11819;7123;531;266;9365;936;398;0;5
FR;6;2022-05-24;117;98;8;2;132;16;4;0;0;11936;7221;539;268;9497;952;402;0;5
FR;6;2022-05-25;139;129;6;3;170;11;6;0;0;12075;7350;545;271;9667;963;408;0;5
FR;6;2022-05-26;7;9;3;0;5;9;0;0;0;12082;7359;548;271;9672;972;408;0;5
FR;6;2022-05-27;127;105;15;11;136;18;18;0;1;12209;7464;563;282;9808;990;426;0;6
FR;6;2022-05-28;54;75;1;5;89;8;5;0;0;12263;7539;564;287;9897;998;431;0;6
FR;6;2022-05-29;8;10;0;0;10;1;0;0;0;12271;7549;564;287;9907;999;431;0;6
FR;6;2022-05-30;70;70;7;4;86;4;9;0;0;12341;7619;571;291;9993;1003;440;0;6
FR;6;2022-05-31;87;102;10;2;121;14;7;0;0;12428;7721;581;293;10114;1017;447;0;6
FR;6;2022-06-01;97;89;10;1;111;11;6;0;0;12525;7810;591;294;10225;1028;453;0;6
FR;6;2022-06-02;91;60;6;3;80;9;6;0;0;12616;7870;597;297;10305;1037;459;0;6
FR;6;2022-06-03;126;102;13;7;129;21;8;0;0;12742;7972;610;304;10434;1058;467;0;6
FR;6;2022-06-04;63;51;10;0;64;12;3;0;0;12805;8023;620;304;10498;1070;470;0;6
FR;6;2022-06-05;16;15;2;1;18;4;1;0;0;12821;8038;622;305;10516;1074;471;0;6
FR;6;2022-06-06;9;6;0;0;8;0;0;0;0;12830;8044;622;305;10524;1074;471;0;6
FR;6;2022-06-07;79;90;3;4;117;8;6;0;0;12909;8134;625;309;10641;1082;477;0;6
FR;6;2022-06-08;92;110;13;5;130;20;6;0;0;13001;8244;638;314;10771;1102;483;0;6
FR;6;2022-06-09;75;81;15;3;106;15;8;0;0;13076;8325;653;317;10877;1117;491;0;6
FR;6;2022-06-10;116;93;26;10;121;22;13;0;0;13192;8418;679;327;10998;1139;504;0;6
FR;6;2022-06-11;83;62;6;10;82;12;11;0;0;13275;8480;685;337;11080;1151;515;0;6
FR;6;2022-06-12;6;14;1;0;16;2;0;0;0;13281;8494;686;337;11096;1153;515;0;6
FR;6;2022-06-13;74;59;18;1;68;7;4;0;0;13355;8553;704;338;11164;1160;519;0;6
FR;6;2022-06-14;98;100;8;5;116;16;8;0;0;13453;8653;712;343;11280;1176;527;0;6
FR;6;2022-06-15;80;86;7;8;114;15;10;0;0;13533;8739;719;351;11394;1191;537;0;6
FR;6;2022-06-16;53;40;11;7;45;14;6;0;0;13586;8779;730;358;11439;1205;543;0;6
FR;6;2022-06-17;86;85;3;13;109;11;5;0;0;13672;8864;733;371;11548;1216;548;0;6
FR;6;2022-06-18;71;62;13;0;87;21;1;0;0;13743;8926;746;371;11635;1237;549;0;6
FR;6;2022-06-19;6;6;3;0;7;4;1;0;0;13749;8932;749;371;11642;1241;550;0;6
FR;6;2022-06-20;42;41;4;1;55;6;1;0;0;13791;8973;753;372;11697;1247;551;0;6
FR;6;2022-06-21;59;73;10;7;82;17;7;0;0;13850;9046;763;379;11779;1264;558;0;6
FR;6;2022-06-22;86;85;8;2;98;17;3;0;0;13936;9131;771;381;11877;1281;561;0;6
FR;6;2022-06-23;64;39;13;7;41;15;10;0;0;14000;9170;784;388;11918;1296;571;0;6
FR;6;2022-06-24;77;85;7;14;95;20;16;0;0;14077;9255;791;402;12013;1316;587;0;6
FR;6;2022-06-25;67;61;4;3;77;8;5;0;0;14144;9316;795;405;12090;1324;592;0;6
FR;6;2022-06-26;6;7;1;0;10;1;0;0;0;14150;9323;796;405;12100;1325;592;0;6
FR;6;2022-06-27;51;50;4;9;62;12;7;0;0;14201;9373;800;414;12162;1337;599;0;6
FR;6;2022-06-28;68;47;6;3;53;15;5;0;0;14269;9420;806;417;12215;1352;604;0;6
FR;6;2022-06-29;98;117;26;37;115;19;35;0;5;14367;9537;832;454;12330;1371;639;0;11
FR;6;2022-06-30;84;60;33;10;61;12;7;0;0;14451;9597;865;464;12391;1383;646;0;11
FR;6;2022-07-01;115;94;25;33;102;18;27;0;1;14566;9691;890;497;12493;1401;673;0;12
FR;6;2022-07-02;58;67;26;2;64;37;6;0;0;14624;9758;916;499;12557;1438;679;0;12
FR;6;2022-07-03;11;4;4;3;5;4;3;0;0;14635;9762;920;502;12562;1442;682;0;12
FR;6;2022-07-04;61;43;3;23;55;13;20;0;0;14696;9805;923;525;12617;1455;702;0;12
FR;6;2022-07-05;65;53;19;67;60;27;63;0;0;14761;9858;942;592;12677;1482;765;0;12
FR;6;2022-07-06;94;64;7;11;77;12;17;0;0;14855;9922;949;603;12754;1494;782;0;12
FR;6;2022-07-07;99;79;42;37;99;14;34;0;4;14954;10001;991;640;12853;1508;816;0;16
FR;6;2022-07-08;139;87;42;27;116;10;25;0;3;15093;10088;1033;667;12969;1518;841;0;19
FR;6;2022-07-09;53;51;16;29;51;27;33;0;1;15146;10139;1049;696;13020;1545;874;0;20
FR;6;2022-07-10;3;7;8;0;9;9;0;0;0;15149;10146;1057;696;13029;1554;874;0;20
FR;6;2022-07-11;54;44;5;4;47;12;4;0;0;15203;10190;1062;700;13076;1566;878;0;20
FR;6;2022-07-12;70;72;12;23;87;12;27;0;0;15273;10262;1074;723;13163;1578;905;0;20
FR;6;2022-07-13;84;65;14;21;71;25;22;0;0;15357;10327;1088;744;13234;1603;927;0;20
FR;6;2022-07-14;4;3;1;0;4;1;0;0;0;15361;10330;1089;744;13238;1604;927;0;20
FR;6;2022-07-15;74;59;9;57;85;16;45;0;0;15435;10389;1098;801;13323;1620;972;0;20
FR;6;2022-07-16;27;31;17;0;37;17;3;0;0;15462;10420;1115;801;13360;1637;975;0;20
FR;6;2022-07-17;3;7;0;0;8;0;0;0;0;15465;10427;1115;801;13368;1637;975;0;20
FR;6;2022-07-18;37;62;11;14;60;15;14;0;6;15502;10489;1126;815;13428;1652;989;0;26
FR;6;2022-07-19;54;48;4;19;60;6;21;0;1;15556;10537;1130;834;13488;1658;1010;0;27
FR;6;2022-07-20;53;70;7;22;75;11;27;0;0;15609;10607;1137;856;13563;1669;1037;0;27
FR;6;2022-07-21;51;61;4;7;56;11;9;0;0;15660;10668;1141;863;13619;1680;1046;0;27
FR;6;2022-07-22;55;74;7;26;82;8;16;0;2;15715;10742;1148;889;13701;1688;1062;0;29
FR;6;2022-07-23;38;40;6;10;40;6;9;0;1;15753;10782;1154;899;13741;1694;1071;0;30
FR;6;2022-07-24;11;14;1;3;19;3;3;0;0;15764;10796;1155;902;13760;1697;1074;0;30
FR;6;2022-07-25;60;44;8;12;41;9;13;0;1;15824;10840;1163;914;13801;1706;1087;0;31
FR;6;2022-07-26;47;64;14;6;62;10;13;0;0;15871;10904;1177;920;13863;1716;1100;0;31
FR;6;2022-07-27;54;78;15;11;81;17;15;0;8;15925;10982;1192;931;13944;1733;1115;0;39
FR;6;2022-07-28;30;48;4;6;50;8;7;0;1;15955;11030;1196;937;13994;1741;1122;0;40
FR;6;2022-07-29;43;71;10;38;60;24;36;0;1;15998;11101;1206;975;14054;1765;1158;0;41
FR;6;2022-07-30;26;48;4;15;49;7;15;0;0;16024;11149;1210;990;14103;1772;1173;0;41
FR;6;2022-07-31;0;1;1;0;1;0;1;0;0;16024;11150;1211;990;14104;1772;1174;0;41
FR;6;2022-08-01;39;36;14;8;32;10;6;0;1;16063;11186;1225;998;14136;1782;1180;0;42
FR;6;2022-08-02;37;46;10;14;52;6;16;0;0;16100;11232;1235;1012;14188;1788;1196;0;42
FR;6;2022-08-03;29;52;7;16;53;11;19;0;0;16129;11284;1242;1028;14241;1799;1215;0;42
FR;6;2022-08-04;25;21;4;9;20;6;10;0;1;16154;11305;1246;1037;14261;1805;1225;0;43
FR;6;2022-08-05;43;45;1;7;53;5;7;0;0;16197;11350;1247;1044;14314;1810;1232;0;43
FR;6;2022-08-06;17;27;1;3;33;2;4;0;0;16214;11377;1248;1047;14347;1812;1236;0;43
FR;6;2022-08-07;1;2;0;0;2;0;0;0;0;16215;11379;1248;1047;14349;1812;1236;0;43
FR;6;2022-08-08;24;33;1;0;40;1;0;0;0;16239;11412;1249;1047;14389;1813;1236;0;43
FR;6;2022-08-09;22;30;6;3;29;3;3;0;0;16261;11442;1255;1050;14418;1816;1239;0;43
FR;6;2022-08-10;32;36;5;9;38;5;9;0;5;16293;11478;1260;1059;14456;1821;1248;0;48
FR;6;2022-08-11;33;33;1;1;40;1;0;0;1;16326;11511;1261;1060;14496;1822;1248;0;49
FR;6;2022-08-12;50;44;6;2;50;15;3;0;1;16376;11555;1267;1062;14546;1837;1251;0;50
FR;6;2022-08-13;9;20;0;0;22;1;0;0;0;16385;11575;1267;1062;14568;1838;1251;0;50
FR;6;2022-08-14;3;1;0;0;2;0;0;0;0;16388;11576;1267;1062;14570;1838;1251;0;50
FR;6;2022-08-15;2;3;1;0;4;0;1;0;0;16390;11579;1268;1062;14574;1838;1252;0;50
FR;6;2022-08-16;35;66;21;7;66;7;2;0;0;16425;11645;1289;1069;14640;1845;1254;0;50
FR;6;2022-08-17;32;44;10;9;41;10;6;0;7;16457;11689;1299;1078;14681;1855;1260;0;57
FR;6;2022-08-18;29;55;14;4;61;4;0;0;1;16486;11744;1313;1082;14742;1859;1260;0;58
FR;6;2022-08-19;30;45;5;4;47;3;2;0;1;16516;11789;1318;1086;14789;1862;1262;0;59
FR;6;2022-08-20;26;29;3;0;29;8;1;0;0;16542;11818;1321;1086;14818;1870;1263;0;59
FR;6;2022-08-21;1;5;2;0;5;0;0;0;0;16543;11823;1323;1086;14823;1870;1263;0;59
FR;6;2022-08-22;20;42;15;1;45;0;0;0;0;16563;11865;1338;1087;14868;1870;1263;0;59
FR;6;2022-08-23;34;45;6;7;47;6;4;0;2;16597;11910;1344;1094;14915;1876;1267;0;61
FR;6;2022-08-24;34;30;6;3;36;6;2;0;3;16631;11940;1350;1097;14951;1882;1269;0;64
FR;6;2022-08-25;25;27;1;1;29;5;1;0;0;16656;11967;1351;1098;14980;1887;1270;0;64
FR;6;2022-08-26;38;44;4;4;51;7;7;0;0;16694;12011;1355;1102;15031;1894;1277;0;64
FR;6;2022-08-27;19;21;7;3;22;8;4;0;0;16713;12032;1362;1105;15053;1902;1281;0;64
FR;6;2022-08-28;6;3;0;6;3;1;1;0;4;16719;12035;1362;1111;15056;1903;1282;0;68
FR;6;2022-08-29;26;22;2;6;29;3;6;0;0;16745;12057;1364;1117;15085;1906;1288;0;68
FR;6;2022-08-30;28;35;4;12;33;8;13;0;0;16773;12092;1368;1129;15118;1914;1301;0;68
FR;6;2022-08-31;35;38;2;11;46;3;12;0;0;16808;12130;1370;1140;15164;1917;1313;0;68
FR;6;2022-09-01;16;11;5;1;12;4;3;0;0;16824;12141;1375;1141;15176;1921;1316;0;68
FR;6;2022-09-02;19;14;2;1;13;3;2;0;0;16843;12155;1377;1142;15189;1924;1318;0;68
FR;6;2022-09-03;10;3;1;5;4;2;5;0;0;16853;12158;1378;1147;15193;1926;1323;0;68
FR;6;2022-09-04;4;1;0;0;1;0;0;0;0;16857;12159;1378;1147;15194;1926;1323;0;68
FR;6;2022-09-05;8;7;0;0;10;0;0;0;0;16865;12166;1378;1147;15204;1926;1323;0;68
FR;6;2022-09-06;7;9;7;12;8;6;15;0;0;16872;12175;1385;1159;15212;1932;1338;0;68
FR;6;2022-09-07;3;8;1;0;8;1;0;0;0;16875;12183;1386;1159;15220;1933;1338;0;68
FR;6;2022-09-08;6;4;0;2;3;1;2;0;0;16881;12187;1386;1161;15223;1934;1340;0;68
FR;6;2022-09-09;7;9;2;7;9;3;8;0;0;16888;12196;1388;1168;15232;1937;1348;0;68
FR;6;2022-09-10;3;4;1;0;3;1;1;0;0;16891;12200;1389;1168;15235;1938;1349;0;68
FR;6;2022-09-11;1;3;0;0;3;0;0;0;0;16892;12203;1389;1168;15238;1938;1349;0;68
FR;6;2022-09-12;10;4;1;0;3;3;0;0;0;16902;12207;1390;1168;15241;1941;1349;0;68
FR;6;2022-09-13;7;2;3;0;2;2;2;0;0;16909;12209;1393;1168;15243;1943;1351;0;68
FR;6;2022-09-14;9;8;2;0;7;4;0;0;0;16918;12217;1395;1168;15250;1947;1351;0;68
FR;6;2022-09-15;8;13;5;5;9;9;3;0;2;16926;12230;1400;1173;15259;1956;1354;0;70
FR;6;2022-09-16;25;39;1;1;47;4;1;0;2;16951;12269;1401;1174;15306;1960;1355;0;72
FR;6;2022-09-17;24;22;0;6;24;5;3;0;2;16975;12291;1401;1180;15330;1965;1358;0;74
FR;6;2022-09-18;5;4;0;0;4;1;0;0;0;16980;12295;1401;1180;15334;1966;1358;0;74
FR;6;2022-09-19;30;30;2;1;31;5;1;0;0;17010;12325;1403;1181;15365;1971;1359;0;74
FR;6;2022-09-20;34;25;1;4;29;6;2;0;1;17044;12350;1404;1185;15394;1977;1361;0;75
FR;6;2022-09-21;21;9;3;3;7;7;5;0;3;17065;12359;1407;1188;15401;1984;1366;0;78
FR;6;2022-09-22;19;28;1;22;32;3;21;0;1;17084;12387;1408;1210;15433;1987;1387;0;79
FR;6;2022-09-23;28;41;5;9;47;9;2;0;0;17112;12428;1413;1219;15480;1996;1389;0;79
FR;6;2022-09-24;16;16;4;2;21;6;2;0;0;17128;12444;1417;1221;15501;2002;1391;0;79
FR;6;2022-09-25;3;14;0;0;14;1;0;0;0;17131;12458;1417;1221;15515;2003;1391;0;79
FR;6;2022-09-26;16;13;0;18;12;5;18;0;2;17147;12471;1417;1239;15527;2008;1409;0;81
FR;6;2022-09-27;32;19;2;3;23;4;4;0;0;17179;12490;1419;1242;15550;2012;1413;0;81
FR;6;2022-09-28;27;10;9;11;16;5;17;0;2;17206;12500;1428;1253;15566;2017;1430;0;83
FR;6;2022-09-29;13;13;10;34;16;6;33;0;7;17219;12513;1438;1287;15582;2023;1463;0;90
FR;6;2022-09-30;34;24;5;6;33;5;3;0;0;17253;12537;1443;1293;15615;2028;1466;0;90
FR;6;2022-10-01;17;12;5;8;9;8;8;0;2;17270;12549;1448;1301;15624;2036;1474;0;92
FR;6;2022-10-02;3;0;0;0;1;0;0;0;0;17273;12549;1448;1301;15625;2036;1474;0;92
FR;6;2022-10-03;11;10;3;5;11;4;6;0;0;17284;12559;1451;1306;15636;2040;1480;0;92
FR;6;2022-10-04;19;17;4;28;21;3;30;0;3;17303;12576;1455;1334;15657;2043;1510;0;95
FR;6;2022-10-05;11;12;3;2;9;7;4;0;0;17314;12588;1458;1336;15666;2050;1514;0;95
FR;6;2022-10-06;19;13;4;6;17;2;10;0;0;17333;12601;1462;1342;15683;2052;1524;0;95
FR;6;2022-10-07;27;26;5;24;25;10;16;0;5;17360;12627;1467;1366;15708;2062;1540;0;100
FR;6;2022-10-08;18;13;0;0;16;0;0;0;0;17378;12640;1467;1366;15724;2062;1540;0;100
FR;6;2022-10-09;7;3;4;27;3;4;30;0;6;17385;12643;1471;1393;15727;2066;1570;0;106
FR;6;2022-10-10;15;14;1;16;16;6;13;0;0;17400;12657;1472;1409;15743;2072;1583;0;106
FR;6;2022-10-11;21;23;3;11;21;8;13;0;3;17421;12680;1475;1420;15764;2080;1596;0;109
FR;6;2022-10-12;20;16;7;19;18;3;24;0;7;17441;12696;1482;1439;15782;2083;1620;0;116
FR;6;2022-10-13;28;15;2;36;23;0;38;0;6;17469;12711;1484;1475;15805;2083;1658;0;122
FR;6;2022-10-14;29;23;5;49;23;11;45;0;13;17498;12734;1489;1524;15828;2094;1703;0;135
FR;6;2022-10-15;13;9;0;22;8;4;21;0;6;17511;12743;1489;1546;15836;2098;1724;0;141
FR;6;2022-10-16;4;5;0;6;2;3;6;0;0;17515;12748;1489;1552;15838;2101;1730;0;141
FR;6;2022-10-17;14;14;2;10;14;1;12;0;2;17529;12762;1491;1562;15852;2102;1742;0;143
FR;6;2022-10-18;12;19;9;26;19;4;18;0;11;17541;12781;1500;1588;15871;2106;1760;0;154
FR;6;2022-10-19;10;20;6;16;20;5;19;0;5;17551;12801;1506;1604;15891;2111;1779;0;159
FR;6;2022-10-20;16;15;12;57;18;5;67;0;13;17567;12816;1518;1661;15909;2116;1846;0;172
FR;6;2022-10-21;16;21;9;34;22;11;37;0;10;17583;12837;1527;1695;15931;2127;1883;0;182
FR;6;2022-10-22;19;14;1;4;17;3;4;0;0;17602;12851;1528;1699;15948;2130;1887;0;182
FR;6;2022-10-23;3;2;1;0;3;0;1;0;0;17605;12853;1529;1699;15951;2130;1888;0;182
FR;6;2022-10-24;12;14;2;7;14;6;5;0;2;17617;12867;1531;1706;15965;2136;1893;0;184
FR;6;2022-10-25;20;13;6;17;16;7;19;0;4;17637;12880;1537;1723;15981;2143;1912;0;188
FR;6;2022-10-26;17;9;4;13;12;4;15;0;5;17654;12889;1541;1736;15993;2147;1927;0;193
FR;6;2022-10-27;20;7;8;37;10;6;36;0;14;17674;12896;1549;1773;16003;2153;1963;0;207
FR;6;2022-10-28;21;27;3;4;28;6;5;0;1;17695;12923;1552;1777;16031;2159;1968;0;208
FR;6;2022-10-29;7;11;5;11;10;6;14;0;12;17702;12934;1557;1788;16041;2165;1982;0;220
FR;6;2022-10-30;2;5;0;0;5;0;0;0;0;17704;12939;1557;1788;16046;2165;1982;0;220
FR;6;2022-10-31;20;14;2;13;17;4;12;0;3;17724;12953;1559;1801;16063;2169;1994;0;223
FR;6;2022-11-01;2;1;1;0;1;1;0;0;0;17726;12954;1560;1801;16064;2170;1994;0;223
FR;6;2022-11-02;15;25;9;21;26;11;19;0;12;17741;12979;1569;1822;16090;2181;2013;0;235
FR;6;2022-11-03;17;17;11;39;20;8;43;0;9;17758;12996;1580;1861;16110;2189;2056;0;244
FR;6;2022-11-04;19;22;9;16;27;5;16;0;10;17777;13018;1589;1877;16137;2194;2072;0;254
FR;6;2022-11-05;9;16;2;4;17;4;6;0;0;17786;13034;1591;1881;16154;2198;2078;0;254
FR;6;2022-11-06;5;1;0;0;1;0;0;0;0;17791;13035;1591;1881;16155;2198;2078;0;254
FR;6;2022-11-07;18;10;6;17;12;4;18;0;11;17809;13045;1597;1898;16167;2202;2096;0;265
FR;6;2022-11-08;18;10;2;3;8;5;5;0;4;17827;13055;1599;1901;16175;2207;2101;0;269
FR;6;2022-11-09;16;22;1;6;21;4;5;0;4;17843;13077;1600;1907;16196;2211;2106;0;273
FR;6;2022-11-10;10;10;4;12;8;5;11;0;10;17853;13087;1604;1919;16204;2216;2117;0;283
FR;6;2022-11-11;3;1;0;0;1;1;0;0;0;17856;13088;1604;1919;16205;2217;2117;0;283
FR;6;2022-11-12;4;11;1;7;11;2;5;0;9;17860;13099;1605;1926;16216;2219;2122;0;292
FR;6;2022-11-13;1;1;0;1;1;0;1;0;0;17861;13100;1605;1927;16217;2219;2123;0;292
FR;6;2022-11-14;13;10;7;32;14;8;33;0;14;17874;13110;1612;1959;16231;2227;2156;0;306
FR;6;2022-11-15;7;18;1;11;16;4;7;0;2;17881;13128;1613;1970;16247;2231;2163;0;308
FR;6;2022-11-16;16;15;9;32;17;3;42;0;9;17897;13143;1622;2002;16264;2234;2205;0;317
FR;6;2022-11-17;10;8;1;29;8;2;28;0;5;17907;13151;1623;2031;16272;2236;2233;0;322
FR;6;2022-11-18;20;12;5;23;16;4;25;0;7;17927;13163;1628;2054;16288;2240;2258;0;329
FR;6;2022-11-19;5;13;0;2;11;3;2;0;1;17932;13176;1628;2056;16299;2243;2260;0;330
FR;6;2022-11-20;2;1;2;0;1;2;0;0;0;17934;13177;1630;2056;16300;2245;2260;0;330
FR;6;2022-11-21;22;13;1;14;14;6;11;0;3;17956;13190;1631;2070;16314;2251;2271;0;333
FR;6;2022-11-22;14;9;0;4;11;1;3;0;1;17970;13199;1631;2074;16325;2252;2274;0;334
FR;6;2022-11-23;14;15;15;23;17;9;31;0;8;17984;13214;1646;2097;16342;2261;2305;0;342
FR;6;2022-11-24;14;17;1;11;19;5;10;0;7;17998;13231;1647;2108;16361;2266;2315;0;349
FR;6;2022-11-25;23;15;5;50;15;5;47;0;5;18021;13246;1652;2158;16376;2271;2362;0;354
FR;6;2022-11-26;9;5;2;4;3;2;5;0;1;18030;13251;1654;2162;16379;2273;2367;0;355
FR;6;2022-11-27;1;4;0;0;4;0;0;0;0;18031;13255;1654;2162;16383;2273;2367;0;355
FR;6;2022-11-28;9;11;6;22;11;3;24;0;11;18040;13266;1660;2184;16394;2276;2391;0;366
FR;6;2022-11-29;15;10;1;12;14;1;8;0;7;18055;13276;1661;2196;16408;2277;2399;0;373
FR;6;2022-11-30;18;20;8;23;19;12;22;0;8;18073;13296;1669;2219;16427;2289;2421;0;381
FR;6;2022-12-01;12;8;7;20;10;4;24;0;9;18085;13304;1676;2239;16437;2293;2445;0;390
FR;6;2022-12-02;16;9;12;36;12;8;42;0;1;18101;13313;1688;2275;16449;2301;2487;0;391
FR;6;2022-12-03;12;3;13;20;6;5;28;0;13;18113;13316;1701;2295;16455;2306;2515;0;404
FR;6;2022-12-04;3;1;0;2;1;0;2;0;0;18116;13317;1701;2297;16456;2306;2517;0;404
FR;6;2022-12-05;11;10;7;16;11;4;19;0;8;18127;13327;1708;2313;16467;2310;2536;0;412
FR;6;2022-12-06;10;19;3;30;12;11;28;0;3;18137;13346;1711;2343;16479;2321;2564;0;415
FR;6;2022-12-07;17;8;10;56;10;8;57;0;30;18154;13354;1721;2399;16489;2329;2621;0;445
FR;6;2022-12-08;9;13;8;18;11;7;21;0;12;18163;13367;1729;2417;16500;2336;2642;0;457
FR;6;2022-12-09;15;9;5;29;12;4;30;0;6;18178;13376;1734;2446;16512;2340;2672;0;463
FR;6;2022-12-10;12;9;6;9;7;4;14;0;7;18190;13385;1740;2455;16519;2344;2686;0;470
FR;6;2022-12-11;4;2;1;0;2;1;0;0;0;18194;13387;1741;2455;16521;2345;2686;0;470
FR;6;2022-12-12;16;10;8;36;14;9;33;0;17;18210;13397;1749;2491;16535;2354;2719;0;487
FR;6;2022-12-13;17;21;11;66;16;17;65;0;14;18227;13418;1760;2557;16551;2371;2784;0;501
FR;6;2022-12-14;14;13;8;53;10;12;53;0;14;18241;13431;1768;2610;16561;2383;2837;0;515
FR;6;2022-12-15;12;15;14;38;13;9;44;0;8;18253;13446;1782;2648;16574;2392;2881;0;523
FR;6;2022-12-16;18;14;15;35;15;14;37;0;9;18271;13460;1797;2683;16589;2406;2918;0;532
FR;6;2022-12-17;11;10;15;28;8;15;29;0;8;18282;13470;1812;2711;16597;2421;2947;0;540
FR;6;2022-12-18;7;4;0;2;5;0;2;0;0;18289;13474;1812;2713;16602;2421;2949;0;540
FR;6;2022-12-19;12;8;8;29;8;11;29;0;15;18301;13482;1820;2742;16610;2432;2978;0;555
FR;6;2022-12-20;17;23;11;23;17;19;22;0;21;18318;13505;1831;2765;16627;2451;3000;0;576
FR;6;2022-12-21;22;16;9;19;13;13;17;0;5;18340;13521;1840;2784;16640;2464;3017;0;581
FR;8;2020-12-27;0;0;0;0;0;0;0;0;0;0;0;0;0;0;0;0;0;0
FR;8;2020-12-28;0;0;0;0;0;0;0;0;0;0;0;0;0;0;0;0;0;0
FR;8;2020-12-29;0;0;0;0;0;0;0;0;0;0;0;0;0;0;0;0;0;0
FR;8;2020-12-30;0;0;0;0;0;0;0;0;0;0;0;0;0;0;0;0;0;0
FR;8;2020-12-31;0;0;0;0;0;0;0;0;0;0;0;0;0;0;0;0;0;0
FR;8;2021-01-01;0;0;0;0;0;0;0;0;0;0;0;0;0;0;0;0;0;0
FR;8;2021-01-02;0;0;0;0;0;0;0;0;0;0;0;0;0;0;0;0;0;0
FR;8;2021-01-03;0;0;0;0;0;0;0;0;0;0;0;0;0;0;0;0;0;0
FR;8;2021-01-04;0;0;0;0;0;0;0;0;0;0;0;0;0;0;0;0;0;0
FR;8;2021-01-05;0;0;0;0;0;0;0;0;0;0;0;0;0;0;0;0;0;0
FR;8;2021-01-06;0;0;0;0;0;0;0;0;0;0;0;0;0;0;0;0;0;0
FR;8;2021-01-07;0;0;0;0;0;0;0;0;0;0;0;0;0;0;0;0;0;0
FR;8;2021-01-08;0;0;0;0;0;0;0;0;0;0;0;0;0;0;0;0;0;0
FR;8;2021-01-09;0;0;0;0;0;0;0;0;0;0;0;0;0;0;0;0;0;0
FR;8;2021-01-10;0;0;0;0;0;0;0;0;0;0;0;0;0;0;0;0;0;0
FR;8;2021-01-11;0;0;0;0;0;0;0;0;0;0;0;0;0;0;0;0;0;0
FR;8;2021-01-12;0;0;0;0;0;0;0;0;0;0;0;0;0;0;0;0;0;0
FR;8;2021-01-13;0;0;0;0;0;0;0;0;0;0;0;0;0;0;0;0;0;0
FR;8;2021-01-14;0;0;0;0;0;0;0;0;0;0;0;0;0;0;0;0;0;0
FR;8;2021-01-15;0;0;0;0;0;0;0;0;0;0;0;0;0;0;0;0;0;0
FR;8;2021-01-16;0;0;0;0;0;0;0;0;0;0;0;0;0;0;0;0;0;0
FR;8;2021-01-17;0;0;0;0;0;0;0;0;0;0;0;0;0;0;0;0;0;0
FR;8;2021-01-18;0;0;0;0;0;0;0;0;0;0;0;0;0;0;0;0;0;0
FR;8;2021-01-19;0;0;0;0;0;0;0;0;0;0;0;0;0;0;0;0;0;0
FR;8;2021-01-20;0;0;0;0;0;0;0;0;0;0;0;0;0;0;0;0;0;0
FR;8;2021-01-21;0;0;0;0;0;0;0;0;0;0;0;0;0;0;0;0;0;0
FR;8;2021-01-22;0;0;0;0;0;0;0;0;0;0;0;0;0;0;0;0;0;0
FR;8;2021-01-23;0;0;0;0;0;0;0;0;0;0;0;0;0;0;0;0;0;0
FR;8;2021-01-24;0;0;0;0;0;0;0;0;0;0;0;0;0;0;0;0;0;0
FR;8;2021-01-25;0;0;0;0;0;0;0;0;0;0;0;0;0;0;0;0;0;0
FR;8;2021-01-26;0;0;0;0;0;0;0;0;0;0;0;0;0;0;0;0;0;0
FR;8;2021-01-27;0;0;0;0;0;0;0;0;0;0;0;0;0;0;0;0;0;0
FR;8;2021-01-28;0;0;0;0;0;0;0;0;0;0;0;0;0;0;0;0;0;0
FR;8;2021-01-29;0;0;0;0;0;0;0;0;0;0;0;0;0;0;0;0;0;0
FR;8;2021-01-30;0;0;0;0;0;0;0;0;0;0;0;0;0;0;0;0;0;0
FR;8;2021-01-31;0;0;0;0;0;0;0;0;0;0;0;0;0;0;0;0;0;0
FR;8;2021-02-01;0;0;0;0;0;0;0;0;0;0;0;0;0;0;0;0;0;0
FR;8;2021-02-02;0;0;0;0;0;0;0;0;0;0;0;0;0;0;0;0;0;0
FR;8;2021-02-03;0;0;0;0;0;0;0;0;0;0;0;0;0;0;0;0;0;0
FR;8;2021-02-04;0;0;0;0;0;0;0;0;0;0;0;0;0;0;0;0;0;0
FR;8;2021-02-05;0;0;0;0;0;0;0;0;0;0;0;0;0;0;0;0;0;0
FR;8;2021-02-06;0;0;0;0;0;0;0;0;0;0;0;0;0;0;0;0;0;0
FR;8;2021-02-07;0;0;0;0;0;0;0;0;0;0;0;0;0;0;0;0;0;0
FR;8;2021-02-08;0;0;0;0;0;0;0;0;0;0;0;0;0;0;0;0;0;0
FR;8;2021-02-09;0;0;0;0;0;0;0;0;0;0;0;0;0;0;0;0;0;0
FR;8;2021-02-10;0;0;0;0;0;0;0;0;0;0;0;0;0;0;0;0;0;0
FR;8;2021-02-11;0;0;0;0;0;0;0;0;0;0;0;0;0;0;0;0;0;0
FR;8;2021-02-12;0;0;0;0;0;0;0;0;0;0;0;0;0;0;0;0;0;0
FR;8;2021-02-13;0;0;0;0;0;0;0;0;0;0;0;0;0;0;0;0;0;0
FR;8;2021-02-14;0;0;0;0;0;0;0;0;0;0;0;0;0;0;0;0;0;0
FR;8;2021-02-15;0;0;0;0;0;0;0;0;0;0;0;0;0;0;0;0;0;0
FR;8;2021-02-16;0;0;0;0;0;0;0;0;0;0;0;0;0;0;0;0;0;0
FR;8;2021-02-17;0;0;0;0;0;0;0;0;0;0;0;0;0;0;0;0;0;0
FR;8;2021-02-18;0;0;0;0;0;0;0;0;0;0;0;0;0;0;0;0;0;0
FR;8;2021-02-19;0;0;0;0;0;0;0;0;0;0;0;0;0;0;0;0;0;0
FR;8;2021-02-20;0;0;0;0;0;0;0;0;0;0;0;0;0;0;0;0;0;0
FR;8;2021-02-21;0;0;0;0;0;0;0;0;0;0;0;0;0;0;0;0;0;0
FR;8;2021-02-22;0;0;0;0;0;0;0;0;0;0;0;0;0;0;0;0;0;0
FR;8;2021-02-23;0;0;0;0;0;0;0;0;0;0;0;0;0;0;0;0;0;0
FR;8;2021-02-24;0;0;0;0;0;0;0;0;0;0;0;0;0;0;0;0;0;0
FR;8;2021-02-25;0;0;0;0;0;0;0;0;0;0;0;0;0;0;0;0;0;0
FR;8;2021-02-26;0;0;0;0;0;0;0;0;0;0;0;0;0;0;0;0;0;0
FR;8;2021-02-27;0;0;0;0;0;0;0;0;0;0;0;0;0;0;0;0;0;0
FR;8;2021-02-28;0;0;0;0;0;0;0;0;0;0;0;0;0;0;0;0;0;0
FR;8;2021-03-01;0;0;0;0;0;0;0;0;0;0;0;0;0;0;0;0;0;0
FR;8;2021-03-02;0;0;0;0;0;0;0;0;0;0;0;0;0;0;0;0;0;0
FR;8;2021-03-03;0;0;0;0;0;0;0;0;0;0;0;0;0;0;0;0;0;0
FR;8;2021-03-04;0;0;0;0;0;0;0;0;0;0;0;0;0;0;0;0;0;0
FR;8;2021-03-05;0;0;0;0;0;0;0;0;0;0;0;0;0;0;0;0;0;0
FR;8;2021-03-06;0;0;0;0;0;0;0;0;0;0;0;0;0;0;0;0;0;0
FR;8;2021-03-07;0;0;0;0;0;0;0;0;0;0;0;0;0;0;0;0;0;0
FR;8;2021-03-08;0;0;0;0;0;0;0;0;0;0;0;0;0;0;0;0;0;0
FR;8;2021-03-09;0;0;0;0;0;0;0;0;0;0;0;0;0;0;0;0;0;0
FR;8;2021-03-10;0;0;0;0;0;0;0;0;0;0;0;0;0;0;0;0;0;0
FR;8;2021-03-11;0;0;0;0;0;0;0;0;0;0;0;0;0;0;0;0;0;0
FR;8;2021-03-12;0;0;0;0;0;0;0;0;0;0;0;0;0;0;0;0;0;0
FR;8;2021-03-13;0;0;0;0;0;0;0;0;0;0;0;0;0;0;0;0;0;0
FR;8;2021-03-14;0;0;0;0;0;0;0;0;0;0;0;0;0;0;0;0;0;0
FR;8;2021-03-15;0;0;0;0;0;0;0;0;0;0;0;0;0;0;0;0;0;0
FR;8;2021-03-16;0;0;0;0;0;0;0;0;0;0;0;0;0;0;0;0;0;0
FR;8;2021-03-17;0;0;0;0;0;0;0;0;0;0;0;0;0;0;0;0;0;0
FR;8;2021-03-18;0;0;0;0;0;0;0;0;0;0;0;0;0;0;0;0;0;0
FR;8;2021-03-19;0;0;0;0;0;0;0;0;0;0;0;0;0;0;0;0;0;0
FR;8;2021-03-20;0;0;0;0;0;0;0;0;0;0;0;0;0;0;0;0;0;0
FR;8;2021-03-21;0;0;0;0;0;0;0;0;0;0;0;0;0;0;0;0;0;0
FR;8;2021-03-22;0;0;0;0;0;0;0;0;0;0;0;0;0;0;0;0;0;0
FR;8;2021-03-23;0;0;0;0;0;0;0;0;0;0;0;0;0;0;0;0;0;0
FR;8;2021-03-24;0;0;0;0;0;0;0;0;0;0;0;0;0;0;0;0;0;0
FR;8;2021-03-25;0;0;0;0;0;0;0;0;0;0;0;0;0;0;0;0;0;0
FR;8;2021-03-26;0;0;0;0;0;0;0;0;0;0;0;0;0;0;0;0;0;0
FR;8;2021-03-27;0;0;0;0;0;0;0;0;0;0;0;0;0;0;0;0;0;0
FR;8;2021-03-28;0;0;0;0;0;0;0;0;0;0;0;0;0;0;0;0;0;0
FR;8;2021-03-29;0;0;0;0;0;0;0;0;0;0;0;0;0;0;0;0;0;0
FR;8;2021-03-30;0;0;0;0;0;0;0;0;0;0;0;0;0;0;0;0;0;0
FR;8;2021-03-31;0;0;0;0;0;0;0;0;0;0;0;0;0;0;0;0;0;0
FR;8;2021-04-01;0;0;0;0;0;0;0;0;0;0;0;0;0;0;0;0;0;0
FR;8;2021-04-02;0;0;0;0;0;0;0;0;0;0;0;0;0;0;0;0;0;0
FR;8;2021-04-03;0;0;0;0;0;0;0;0;0;0;0;0;0;0;0;0;0;0
FR;8;2021-04-04;0;0;0;0;0;0;0;0;0;0;0;0;0;0;0;0;0;0
FR;8;2021-04-05;0;0;0;0;0;0;0;0;0;0;0;0;0;0;0;0;0;0
FR;8;2021-04-06;0;0;0;0;0;0;0;0;0;0;0;0;0;0;0;0;0;0
FR;8;2021-04-07;0;0;0;0;0;0;0;0;0;0;0;0;0;0;0;0;0;0
FR;8;2021-04-08;0;0;0;0;0;0;0;0;0;0;0;0;0;0;0;0;0;0
FR;8;2021-04-09;0;0;0;0;0;0;0;0;0;0;0;0;0;0;0;0;0;0
FR;8;2021-04-10;0;0;0;0;0;0;0;0;0;0;0;0;0;0;0;0;0;0
FR;8;2021-04-11;0;0;0;0;0;0;0;0;0;0;0;0;0;0;0;0;0;0
FR;8;2021-04-12;0;0;0;0;0;0;0;0;0;0;0;0;0;0;0;0;0;0
FR;8;2021-04-13;0;0;0;0;0;0;0;0;0;0;0;0;0;0;0;0;0;0
FR;8;2021-04-14;0;0;0;0;0;0;0;0;0;0;0;0;0;0;0;0;0;0
FR;8;2021-04-15;0;0;0;0;0;0;0;0;0;0;0;0;0;0;0;0;0;0
FR;8;2021-04-16;0;0;0;0;0;0;0;0;0;0;0;0;0;0;0;0;0;0
FR;8;2021-04-17;0;0;0;0;0;0;0;0;0;0;0;0;0;0;0;0;0;0
FR;8;2021-04-18;0;0;0;0;0;0;0;0;0;0;0;0;0;0;0;0;0;0
FR;8;2021-04-19;0;0;0;0;0;0;0;0;0;0;0;0;0;0;0;0;0;0
FR;8;2021-04-20;0;0;0;0;0;0;0;0;0;0;0;0;0;0;0;0;0;0
FR;8;2021-04-21;0;0;0;0;0;0;0;0;0;0;0;0;0;0;0;0;0;0
FR;8;2021-04-22;0;0;0;0;0;0;0;0;0;0;0;0;0;0;0;0;0;0
FR;8;2021-04-23;0;0;0;0;0;0;0;0;0;0;0;0;0;0;0;0;0;0
FR;8;2021-04-24;0;0;0;0;0;0;0;0;0;0;0;0;0;0;0;0;0;0
FR;8;2021-04-25;0;0;0;0;0;0;0;0;0;0;0;0;0;0;0;0;0;0
FR;8;2021-04-26;0;0;0;0;0;0;0;0;0;0;0;0;0;0;0;0;0;0
FR;8;2021-04-27;0;0;0;0;0;0;0;0;0;0;0;0;0;0;0;0;0;0
FR;8;2021-04-28;0;0;0;0;0;0;0;0;0;0;0;0;0;0;0;0;0;0
FR;8;2021-04-29;0;0;0;0;0;0;0;0;0;0;0;0;0;0;0;0;0;0
FR;8;2021-04-30;0;0;0;0;0;0;0;0;0;0;0;0;0;0;0;0;0;0
FR;8;2021-05-01;0;0;0;0;0;0;0;0;0;0;0;0;0;0;0;0;0;0
FR;8;2021-05-02;0;0;0;0;0;0;0;0;0;0;0;0;0;0;0;0;0;0
FR;8;2021-05-03;0;0;0;0;0;0;0;0;0;0;0;0;0;0;0;0;0;0
FR;8;2021-05-04;0;0;0;0;0;0;0;0;0;0;0;0;0;0;0;0;0;0
FR;8;2021-05-05;0;0;0;0;0;0;0;0;0;0;0;0;0;0;0;0;0;0
FR;8;2021-05-06;0;0;0;0;0;0;0;0;0;0;0;0;0;0;0;0;0;0
FR;8;2021-05-07;0;0;0;0;0;0;0;0;0;0;0;0;0;0;0;0;0;0
FR;8;2021-05-08;0;0;0;0;0;0;0;0;0;0;0;0;0;0;0;0;0;0
FR;8;2021-05-09;0;0;0;0;0;0;0;0;0;0;0;0;0;0;0;0;0;0
FR;8;2021-05-10;0;0;0;0;0;0;0;0;0;0;0;0;0;0;0;0;0;0
FR;8;2021-05-11;0;0;0;0;0;0;0;0;0;0;0;0;0;0;0;0;0;0
FR;8;2021-05-12;0;0;0;0;0;0;0;0;0;0;0;0;0;0;0;0;0;0
FR;8;2021-05-13;0;0;0;0;0;0;0;0;0;0;0;0;0;0;0;0;0;0
FR;8;2021-05-14;0;0;0;0;0;0;0;0;0;0;0;0;0;0;0;0;0;0
FR;8;2021-05-15;0;0;0;0;0;0;0;0;0;0;0;0;0;0;0;0;0;0
FR;8;2021-05-16;0;0;0;0;0;0;0;0;0;0;0;0;0;0;0;0;0;0
FR;8;2021-05-17;0;0;0;0;0;0;0;0;0;0;0;0;0;0;0;0;0;0
FR;8;2021-05-18;0;0;0;0;0;0;0;0;0;0;0;0;0;0;0;0;0;0
FR;8;2021-05-19;0;0;0;0;0;0;0;0;0;0;0;0;0;0;0;0;0;0
FR;8;2021-05-20;0;0;0;0;0;0;0;0;0;0;0;0;0;0;0;0;0;0
FR;8;2021-05-21;0;0;0;0;0;0;0;0;0;0;0;0;0;0;0;0;0;0
FR;8;2021-05-22;0;0;0;0;0;0;0;0;0;0;0;0;0;0;0;0;0;0
FR;8;2021-05-23;0;0;0;0;0;0;0;0;0;0;0;0;0;0;0;0;0;0
FR;8;2021-05-24;0;0;0;0;0;0;0;0;0;0;0;0;0;0;0;0;0;0
FR;8;2021-05-25;0;0;0;0;0;0;0;0;0;0;0;0;0;0;0;0;0;0
FR;8;2021-05-26;0;0;0;0;0;0;0;0;0;0;0;0;0;0;0;0;0;0
FR;8;2021-05-27;0;0;0;0;0;0;0;0;0;0;0;0;0;0;0;0;0;0
FR;8;2021-05-28;0;0;0;0;0;0;0;0;0;0;0;0;0;0;0;0;0;0
FR;8;2021-05-29;0;0;0;0;0;0;0;0;0;0;0;0;0;0;0;0;0;0
FR;8;2021-05-30;0;0;0;0;0;0;0;0;0;0;0;0;0;0;0;0;0;0
FR;8;2021-05-31;0;0;0;0;0;0;0;0;0;0;0;0;0;0;0;0;0;0
FR;8;2021-06-01;0;0;0;0;0;0;0;0;0;0;0;0;0;0;0;0;0;0
FR;8;2021-06-02;0;0;0;0;0;0;0;0;0;0;0;0;0;0;0;0;0;0
FR;8;2021-06-03;0;0;0;0;0;0;0;0;0;0;0;0;0;0;0;0;0;0
FR;8;2021-06-04;0;0;0;0;0;0;0;0;0;0;0;0;0;0;0;0;0;0
FR;8;2021-06-05;0;0;0;0;0;0;0;0;0;0;0;0;0;0;0;0;0;0
FR;8;2021-06-06;0;0;0;0;0;0;0;0;0;0;0;0;0;0;0;0;0;0
FR;8;2021-06-07;0;0;0;0;0;0;0;0;0;0;0;0;0;0;0;0;0;0
FR;8;2021-06-08;0;0;0;0;0;0;0;0;0;0;0;0;0;0;0;0;0;0
FR;8;2021-06-09;0;0;0;0;0;0;0;0;0;0;0;0;0;0;0;0;0;0
FR;8;2021-06-10;0;0;0;0;0;0;0;0;0;0;0;0;0;0;0;0;0;0
FR;8;2021-06-11;0;0;0;0;0;0;0;0;0;0;0;0;0;0;0;0;0;0
FR;8;2021-06-12;0;0;0;0;0;0;0;0;0;0;0;0;0;0;0;0;0;0
FR;8;2021-06-13;0;0;0;0;0;0;0;0;0;0;0;0;0;0;0;0;0;0
FR;8;2021-06-14;0;0;0;0;0;0;0;0;0;0;0;0;0;0;0;0;0;0
FR;8;2021-06-15;0;0;0;0;0;0;0;0;0;0;0;0;0;0;0;0;0;0
FR;8;2021-06-16;0;0;0;0;0;0;0;0;0;0;0;0;0;0;0;0;0;0
FR;8;2021-06-17;0;0;0;0;0;0;0;0;0;0;0;0;0;0;0;0;0;0
FR;8;2021-06-18;0;0;0;0;0;0;0;0;0;0;0;0;0;0;0;0;0;0
FR;8;2021-06-19;0;0;0;0;0;0;0;0;0;0;0;0;0;0;0;0;0;0
FR;8;2021-06-20;0;0;0;0;0;0;0;0;0;0;0;0;0;0;0;0;0;0
FR;8;2021-06-21;0;0;0;0;0;0;0;0;0;0;0;0;0;0;0;0;0;0
FR;8;2021-06-22;0;0;0;0;0;0;0;0;0;0;0;0;0;0;0;0;0;0
FR;8;2021-06-23;0;0;0;0;0;0;0;0;0;0;0;0;0;0;0;0;0;0
FR;8;2021-06-24;0;0;0;0;0;0;0;0;0;0;0;0;0;0;0;0;0;0
FR;8;2021-06-25;0;0;0;0;0;0;0;0;0;0;0;0;0;0;0;0;0;0
FR;8;2021-06-26;0;0;0;0;0;0;0;0;0;0;0;0;0;0;0;0;0;0
FR;8;2021-06-27;0;0;0;0;0;0;0;0;0;0;0;0;0;0;0;0;0;0
FR;8;2021-06-28;0;0;0;0;0;0;0;0;0;0;0;0;0;0;0;0;0;0
FR;8;2021-06-29;0;0;0;0;0;0;0;0;0;0;0;0;0;0;0;0;0;0
FR;8;2021-06-30;0;0;0;0;0;0;0;0;0;0;0;0;0;0;0;0;0;0
FR;8;2021-07-01;0;0;0;0;0;0;0;0;0;0;0;0;0;0;0;0;0;0
FR;8;2021-07-02;0;0;0;0;0;0;0;0;0;0;0;0;0;0;0;0;0;0
FR;8;2021-07-03;0;0;0;0;0;0;0;0;0;0;0;0;0;0;0;0;0;0
FR;8;2021-07-04;0;0;0;0;0;0;0;0;0;0;0;0;0;0;0;0;0;0
FR;8;2021-07-05;0;0;0;0;0;0;0;0;0;0;0;0;0;0;0;0;0;0
FR;8;2021-07-06;0;0;0;0;0;0;0;0;0;0;0;0;0;0;0;0;0;0
FR;8;2021-07-07;0;0;0;0;0;0;0;0;0;0;0;0;0;0;0;0;0;0
FR;8;2021-07-08;0;0;0;0;0;0;0;0;0;0;0;0;0;0;0;0;0;0
FR;8;2021-07-09;0;0;0;0;0;0;0;0;0;0;0;0;0;0;0;0;0;0
FR;8;2021-07-10;0;0;0;0;0;0;0;0;0;0;0;0;0;0;0;0;0;0
FR;8;2021-07-11;0;0;0;0;0;0;0;0;0;0;0;0;0;0;0;0;0;0
FR;8;2021-07-12;0;0;0;0;0;0;0;0;0;0;0;0;0;0;0;0;0;0
FR;8;2021-07-13;0;0;0;0;0;0;0;0;0;0;0;0;0;0;0;0;0;0
FR;8;2021-07-14;0;0;0;0;0;0;0;0;0;0;0;0;0;0;0;0;0;0
FR;8;2021-07-15;0;0;0;0;0;0;0;0;0;0;0;0;0;0;0;0;0;0
FR;8;2021-07-16;0;0;0;0;0;0;0;0;0;0;0;0;0;0;0;0;0;0
FR;8;2021-07-17;0;0;0;0;0;0;0;0;0;0;0;0;0;0;0;0;0;0
FR;8;2021-07-18;0;0;0;0;0;0;0;0;0;0;0;0;0;0;0;0;0;0
FR;8;2021-07-19;0;0;0;0;0;0;0;0;0;0;0;0;0;0;0;0;0;0
FR;8;2021-07-20;0;0;0;0;0;0;0;0;0;0;0;0;0;0;0;0;0;0
FR;8;2021-07-21;0;0;0;0;0;0;0;0;0;0;0;0;0;0;0;0;0;0
FR;8;2021-07-22;0;0;0;0;0;0;0;0;0;0;0;0;0;0;0;0;0;0
FR;8;2021-07-23;0;0;0;0;0;0;0;0;0;0;0;0;0;0;0;0;0;0
FR;8;2021-07-24;0;0;0;0;0;0;0;0;0;0;0;0;0;0;0;0;0;0
FR;8;2021-07-25;0;0;0;0;0;0;0;0;0;0;0;0;0;0;0;0;0;0
FR;8;2021-07-26;0;0;0;0;0;0;0;0;0;0;0;0;0;0;0;0;0;0
FR;8;2021-07-27;0;0;0;0;0;0;0;0;0;0;0;0;0;0;0;0;0;0
FR;8;2021-07-28;0;0;0;0;0;0;0;0;0;0;0;0;0;0;0;0;0;0
FR;8;2021-07-29;0;0;0;0;0;0;0;0;0;0;0;0;0;0;0;0;0;0
FR;8;2021-07-30;0;0;0;0;0;0;0;0;0;0;0;0;0;0;0;0;0;0
FR;8;2021-07-31;0;0;0;0;0;0;0;0;0;0;0;0;0;0;0;0;0;0
FR;8;2021-08-01;0;0;0;0;0;0;0;0;0;0;0;0;0;0;0;0;0;0
FR;8;2021-08-02;0;0;0;0;0;0;0;0;0;0;0;0;0;0;0;0;0;0
FR;8;2021-08-03;0;0;0;0;0;0;0;0;0;0;0;0;0;0;0;0;0;0
FR;8;2021-08-04;0;0;0;0;0;0;0;0;0;0;0;0;0;0;0;0;0;0
FR;8;2021-08-05;0;0;0;0;0;0;0;0;0;0;0;0;0;0;0;0;0;0
FR;8;2021-08-06;0;0;0;0;0;0;0;0;0;0;0;0;0;0;0;0;0;0
FR;8;2021-08-07;0;0;0;0;0;0;0;0;0;0;0;0;0;0;0;0;0;0
FR;8;2021-08-08;0;0;0;0;0;0;0;0;0;0;0;0;0;0;0;0;0;0
FR;8;2021-08-09;0;0;0;0;0;0;0;0;0;0;0;0;0;0;0;0;0;0
FR;8;2021-08-10;0;0;0;0;0;0;0;0;0;0;0;0;0;0;0;0;0;0
FR;8;2021-08-11;0;0;0;0;0;0;0;0;0;0;0;0;0;0;0;0;0;0
FR;8;2021-08-12;0;0;0;0;0;0;0;0;0;0;0;0;0;0;0;0;0;0
FR;8;2021-08-13;0;0;0;0;0;0;0;0;0;0;0;0;0;0;0;0;0;0
FR;8;2021-08-14;0;0;0;0;0;0;0;0;0;0;0;0;0;0;0;0;0;0
FR;8;2021-08-15;0;0;0;0;0;0;0;0;0;0;0;0;0;0;0;0;0;0
FR;8;2021-08-16;0;0;0;0;0;0;0;0;0;0;0;0;0;0;0;0;0;0
FR;8;2021-08-17;0;0;0;0;0;0;0;0;0;0;0;0;0;0;0;0;0;0
FR;8;2021-08-18;0;0;0;0;0;0;0;0;0;0;0;0;0;0;0;0;0;0
FR;8;2021-08-19;0;0;0;0;0;0;0;0;0;0;0;0;0;0;0;0;0;0
FR;8;2021-08-20;0;0;0;0;0;0;0;0;0;0;0;0;0;0;0;0;0;0
FR;8;2021-08-21;0;0;0;0;0;0;0;0;0;0;0;0;0;0;0;0;0;0
FR;8;2021-08-22;0;0;0;0;0;0;0;0;0;0;0;0;0;0;0;0;0;0
FR;8;2021-08-23;0;0;0;0;0;0;0;0;0;0;0;0;0;0;0;0;0;0
FR;8;2021-08-24;0;0;0;0;0;0;0;0;0;0;0;0;0;0;0;0;0;0
FR;8;2021-08-25;0;0;0;0;0;0;0;0;0;0;0;0;0;0;0;0;0;0
FR;8;2021-08-26;0;0;0;0;0;0;0;0;0;0;0;0;0;0;0;0;0;0
FR;8;2021-08-27;0;0;0;0;0;0;0;0;0;0;0;0;0;0;0;0;0;0
FR;8;2021-08-28;0;0;0;0;0;0;0;0;0;0;0;0;0;0;0;0;0;0
FR;8;2021-08-29;0;0;0;0;0;0;0;0;0;0;0;0;0;0;0;0;0;0
FR;8;2021-08-30;0;0;0;0;0;0;0;0;0;0;0;0;0;0;0;0;0;0
FR;8;2021-08-31;0;0;0;0;0;0;0;0;0;0;0;0;0;0;0;0;0;0
FR;8;2021-09-01;0;0;0;0;0;0;0;0;0;0;0;0;0;0;0;0;0;0
FR;8;2021-09-02;0;0;0;0;0;0;0;0;0;0;0;0;0;0;0;0;0;0
FR;8;2021-09-03;0;0;0;0;0;0;0;0;0;0;0;0;0;0;0;0;0;0
FR;8;2021-09-04;0;0;0;0;0;0;0;0;0;0;0;0;0;0;0;0;0;0
FR;8;2021-09-05;0;0;0;0;0;0;0;0;0;0;0;0;0;0;0;0;0;0
FR;8;2021-09-06;0;0;0;0;0;0;0;0;0;0;0;0;0;0;0;0;0;0
FR;8;2021-09-07;0;0;0;0;0;0;0;0;0;0;0;0;0;0;0;0;0;0
FR;8;2021-09-08;0;0;0;0;0;0;0;0;0;0;0;0;0;0;0;0;0;0
FR;8;2021-09-09;0;0;0;0;0;0;0;0;0;0;0;0;0;0;0;0;0;0
FR;8;2021-09-10;0;0;0;0;0;0;0;0;0;0;0;0;0;0;0;0;0;0
FR;8;2021-09-11;0;0;0;0;0;0;0;0;0;0;0;0;0;0;0;0;0;0
FR;8;2021-09-12;0;0;0;0;0;0;0;0;0;0;0;0;0;0;0;0;0;0
FR;8;2021-09-13;0;0;0;0;0;0;0;0;0;0;0;0;0;0;0;0;0;0
FR;8;2021-09-14;0;0;0;0;0;0;0;0;0;0;0;0;0;0;0;0;0;0
FR;8;2021-09-15;0;0;0;0;0;0;0;0;0;0;0;0;0;0;0;0;0;0
FR;8;2021-09-16;0;0;0;0;0;0;0;0;0;0;0;0;0;0;0;0;0;0
FR;8;2021-09-17;0;0;0;0;0;0;0;0;0;0;0;0;0;0;0;0;0;0
FR;8;2021-09-18;0;0;0;0;0;0;0;0;0;0;0;0;0;0;0;0;0;0
FR;8;2021-09-19;0;0;0;0;0;0;0;0;0;0;0;0;0;0;0;0;0;0
FR;8;2021-09-20;0;0;0;0;0;0;0;0;0;0;0;0;0;0;0;0;0;0
FR;8;2021-09-21;0;0;0;0;0;0;0;0;0;0;0;0;0;0;0;0;0;0
FR;8;2021-09-22;0;0;0;0;0;0;0;0;0;0;0;0;0;0;0;0;0;0
FR;8;2021-09-23;0;0;0;0;0;0;0;0;0;0;0;0;0;0;0;0;0;0
FR;8;2021-09-24;0;0;0;0;0;0;0;0;0;0;0;0;0;0;0;0;0;0
FR;8;2021-09-25;0;0;0;0;0;0;0;0;0;0;0;0;0;0;0;0;0;0
FR;8;2021-09-26;0;0;0;0;0;0;0;0;0;0;0;0;0;0;0;0;0;0
FR;8;2021-09-27;0;0;0;0;0;0;0;0;0;0;0;0;0;0;0;0;0;0
FR;8;2021-09-28;0;0;0;0;0;0;0;0;0;0;0;0;0;0;0;0;0;0
FR;8;2021-09-29;0;0;0;0;0;0;0;0;0;0;0;0;0;0;0;0;0;0
FR;8;2021-09-30;0;0;0;0;0;0;0;0;0;0;0;0;0;0;0;0;0;0
FR;8;2021-10-01;0;0;0;0;0;0;0;0;0;0;0;0;0;0;0;0;0;0
FR;8;2021-10-02;0;0;0;0;0;0;0;0;0;0;0;0;0;0;0;0;0;0
FR;8;2021-10-03;0;0;0;0;0;0;0;0;0;0;0;0;0;0;0;0;0;0
FR;8;2021-10-04;0;0;0;0;0;0;0;0;0;0;0;0;0;0;0;0;0;0
FR;8;2021-10-05;0;0;0;0;0;0;0;0;0;0;0;0;0;0;0;0;0;0
FR;8;2021-10-06;0;0;0;0;0;0;0;0;0;0;0;0;0;0;0;0;0;0
FR;8;2021-10-07;0;0;0;0;0;0;0;0;0;0;0;0;0;0;0;0;0;0
FR;8;2021-10-08;0;0;0;0;0;0;0;0;0;0;0;0;0;0;0;0;0;0
FR;8;2021-10-09;0;0;0;0;0;0;0;0;0;0;0;0;0;0;0;0;0;0
FR;8;2021-10-10;0;0;0;0;0;0;0;0;0;0;0;0;0;0;0;0;0;0
FR;8;2021-10-11;0;0;0;0;0;0;0;0;0;0;0;0;0;0;0;0;0;0
FR;8;2021-10-12;0;0;0;0;0;0;0;0;0;0;0;0;0;0;0;0;0;0
FR;8;2021-10-13;0;0;0;0;0;0;0;0;0;0;0;0;0;0;0;0;0;0
FR;8;2021-10-14;0;0;0;0;0;0;0;0;0;0;0;0;0;0;0;0;0;0
FR;8;2021-10-15;0;0;0;0;0;0;0;0;0;0;0;0;0;0;0;0;0;0
FR;8;2021-10-16;0;0;0;0;0;0;0;0;0;0;0;0;0;0;0;0;0;0
FR;8;2021-10-17;0;0;0;0;0;0;0;0;0;0;0;0;0;0;0;0;0;0
FR;8;2021-10-18;0;0;0;0;0;0;0;0;0;0;0;0;0;0;0;0;0;0
FR;8;2021-10-19;0;0;0;0;0;0;0;0;0;0;0;0;0;0;0;0;0;0
FR;8;2021-10-20;0;0;0;0;0;0;0;0;0;0;0;0;0;0;0;0;0;0
FR;8;2021-10-21;0;0;0;0;0;0;0;0;0;0;0;0;0;0;0;0;0;0
FR;8;2021-10-22;0;0;0;0;0;0;0;0;0;0;0;0;0;0;0;0;0;0
FR;8;2021-10-23;0;0;0;0;0;0;0;0;0;0;0;0;0;0;0;0;0;0
FR;8;2021-10-24;0;0;0;0;0;0;0;0;0;0;0;0;0;0;0;0;0;0
FR;8;2021-10-25;0;0;0;0;0;0;0;0;0;0;0;0;0;0;0;0;0;0
FR;8;2021-10-26;0;0;0;0;0;0;0;0;0;0;0;0;0;0;0;0;0;0
FR;8;2021-10-27;0;0;0;0;0;0;0;0;0;0;0;0;0;0;0;0;0;0
FR;8;2021-10-28;0;0;0;0;0;0;0;0;0;0;0;0;0;0;0;0;0;0
FR;8;2021-10-29;0;0;0;0;0;0;0;0;0;0;0;0;0;0;0;0;0;0
FR;8;2021-10-30;0;0;0;0;0;0;0;0;0;0;0;0;0;0;0;0;0;0
FR;8;2021-10-31;0;0;0;0;0;0;0;0;0;0;0;0;0;0;0;0;0;0
FR;8;2021-11-01;0;0;0;0;0;0;0;0;0;0;0;0;0;0;0;0;0;0
FR;8;2021-11-02;0;0;0;0;0;0;0;0;0;0;0;0;0;0;0;0;0;0
FR;8;2021-11-03;0;0;0;0;0;0;0;0;0;0;0;0;0;0;0;0;0;0
FR;8;2021-11-04;0;0;0;0;0;0;0;0;0;0;0;0;0;0;0;0;0;0
FR;8;2021-11-05;0;0;0;0;0;0;0;0;0;0;0;0;0;0;0;0;0;0
FR;8;2021-11-06;0;0;0;0;0;0;0;0;0;0;0;0;0;0;0;0;0;0
FR;8;2021-11-07;0;0;0;0;0;0;0;0;0;0;0;0;0;0;0;0;0;0
FR;8;2021-11-08;0;0;0;0;0;0;0;0;0;0;0;0;0;0;0;0;0;0
FR;8;2021-11-09;0;0;0;0;0;0;0;0;0;0;0;0;0;0;0;0;0;0
FR;8;2021-11-10;0;0;0;0;0;0;0;0;0;0;0;0;0;0;0;0;0;0
FR;8;2021-11-11;0;0;0;0;0;0;0;0;0;0;0;0;0;0;0;0;0;0
FR;8;2021-11-12;0;0;0;0;0;0;0;0;0;0;0;0;0;0;0;0;0;0
FR;8;2021-11-13;0;0;0;0;0;0;0;0;0;0;0;0;0;0;0;0;0;0
FR;8;2021-11-14;0;0;0;0;0;0;0;0;0;0;0;0;0;0;0;0;0;0
FR;8;2021-11-15;0;0;0;0;0;0;0;0;0;0;0;0;0;0;0;0;0;0
FR;8;2021-11-16;0;0;0;0;0;0;0;0;0;0;0;0;0;0;0;0;0;0
FR;8;2021-11-17;0;0;0;0;0;0;0;0;0;0;0;0;0;0;0;0;0;0
FR;8;2021-11-18;0;0;0;0;0;0;0;0;0;0;0;0;0;0;0;0;0;0
FR;8;2021-11-19;0;0;0;0;0;0;0;0;0;0;0;0;0;0;0;0;0;0
FR;8;2021-11-20;0;0;0;0;0;0;0;0;0;0;0;0;0;0;0;0;0;0
FR;8;2021-11-21;0;0;0;0;0;0;0;0;0;0;0;0;0;0;0;0;0;0
FR;8;2021-11-22;0;0;0;0;0;0;0;0;0;0;0;0;0;0;0;0;0;0
FR;8;2021-11-23;0;0;0;0;0;0;0;0;0;0;0;0;0;0;0;0;0;0
FR;8;2021-11-24;0;0;0;0;0;0;0;0;0;0;0;0;0;0;0;0;0;0
FR;8;2021-11-25;0;0;0;0;0;0;0;0;0;0;0;0;0;0;0;0;0;0
FR;8;2021-11-26;0;0;0;0;0;0;0;0;0;0;0;0;0;0;0;0;0;0
FR;8;2021-11-27;0;0;0;0;0;0;0;0;0;0;0;0;0;0;0;0;0;0
FR;8;2021-11-28;0;0;0;0;0;0;0;0;0;0;0;0;0;0;0;0;0;0
FR;8;2021-11-29;0;0;0;0;0;0;0;0;0;0;0;0;0;0;0;0;0;0
FR;8;2021-11-30;0;0;0;0;0;0;0;0;0;0;0;0;0;0;0;0;0;0
FR;8;2021-12-01;0;0;0;0;0;0;0;0;0;0;0;0;0;0;0;0;0;0
FR;8;2021-12-02;0;0;0;0;0;0;0;0;0;0;0;0;0;0;0;0;0;0
FR;8;2021-12-03;0;0;0;0;0;0;0;0;0;0;0;0;0;0;0;0;0;0
FR;8;2021-12-04;0;0;0;0;0;0;0;0;0;0;0;0;0;0;0;0;0;0
FR;8;2021-12-05;0;0;0;0;0;0;0;0;0;0;0;0;0;0;0;0;0;0
FR;8;2021-12-06;0;0;0;0;0;0;0;0;0;0;0;0;0;0;0;0;0;0
FR;8;2021-12-07;0;0;0;0;0;0;0;0;0;0;0;0;0;0;0;0;0;0
FR;8;2021-12-08;0;0;0;0;0;0;0;0;0;0;0;0;0;0;0;0;0;0
FR;8;2021-12-09;0;0;0;0;0;0;0;0;0;0;0;0;0;0;0;0;0;0
FR;8;2021-12-10;0;0;0;0;0;0;0;0;0;0;0;0;0;0;0;0;0;0
FR;8;2021-12-11;0;0;0;0;0;0;0;0;0;0;0;0;0;0;0;0;0;0
FR;8;2021-12-12;0;0;0;0;0;0;0;0;0;0;0;0;0;0;0;0;0;0
FR;8;2021-12-13;0;0;0;0;0;0;0;0;0;0;0;0;0;0;0;0;0;0
FR;8;2021-12-14;0;0;0;0;0;0;0;0;0;0;0;0;0;0;0;0;0;0
FR;8;2021-12-15;0;0;0;0;0;0;0;0;0;0;0;0;0;0;0;0;0;0
FR;8;2021-12-16;0;0;0;0;0;0;0;0;0;0;0;0;0;0;0;0;0;0
FR;8;2021-12-17;0;0;0;0;0;0;0;0;0;0;0;0;0;0;0;0;0;0
FR;8;2021-12-18;0;0;0;0;0;0;0;0;0;0;0;0;0;0;0;0;0;0
FR;8;2021-12-19;0;0;0;0;0;0;0;0;0;0;0;0;0;0;0;0;0;0
FR;8;2021-12-20;0;0;0;0;0;0;0;0;0;0;0;0;0;0;0;0;0;0
FR;8;2021-12-21;0;0;0;0;0;0;0;0;0;0;0;0;0;0;0;0;0;0
FR;8;2021-12-22;0;0;0;0;0;0;0;0;0;0;0;0;0;0;0;0;0;0
FR;8;2021-12-23;0;0;0;0;0;0;0;0;0;0;0;0;0;0;0;0;0;0
FR;8;2021-12-24;0;0;0;0;0;0;0;0;0;0;0;0;0;0;0;0;0;0
FR;8;2021-12-25;0;0;0;0;0;0;0;0;0;0;0;0;0;0;0;0;0;0
FR;8;2021-12-26;0;0;0;0;0;0;0;0;0;0;0;0;0;0;0;0;0;0
FR;8;2021-12-27;0;0;0;0;0;0;0;0;0;0;0;0;0;0;0;0;0;0
FR;8;2021-12-28;0;0;0;0;0;0;0;0;0;0;0;0;0;0;0;0;0;0
FR;8;2021-12-29;0;0;0;0;0;0;0;0;0;0;0;0;0;0;0;0;0;0
FR;8;2021-12-30;0;0;0;0;0;0;0;0;0;0;0;0;0;0;0;0;0;0
FR;8;2021-12-31;0;0;0;0;0;0;0;0;0;0;0;0;0;0;0;0;0;0
FR;8;2022-01-01;0;0;0;0;0;0;0;0;0;0;0;0;0;0;0;0;0;0
FR;8;2022-01-02;0;0;0;0;0;0;0;0;0;0;0;0;0;0;0;0;0;0
FR;8;2022-01-03;0;0;0;0;0;0;0;0;0;0;0;0;0;0;0;0;0;0
FR;8;2022-01-04;0;0;0;0;0;0;0;0;0;0;0;0;0;0;0;0;0;0
FR;8;2022-01-05;0;0;0;0;0;0;0;0;0;0;0;0;0;0;0;0;0;0
FR;8;2022-01-06;0;0;0;0;0;0;0;0;0;0;0;0;0;0;0;0;0;0
FR;8;2022-01-07;0;0;0;0;0;0;0;0;0;0;0;0;0;0;0;0;0;0
FR;8;2022-01-08;0;0;0;0;0;0;0;0;0;0;0;0;0;0;0;0;0;0
FR;8;2022-01-09;0;0;0;0;0;0;0;0;0;0;0;0;0;0;0;0;0;0
FR;8;2022-01-10;0;0;0;0;0;0;0;0;0;0;0;0;0;0;0;0;0;0
FR;8;2022-01-11;0;0;0;0;0;0;0;0;0;0;0;0;0;0;0;0;0;0
FR;8;2022-01-12;0;0;0;0;0;0;0;0;0;0;0;0;0;0;0;0;0;0
FR;8;2022-01-13;0;0;0;0;0;0;0;0;0;0;0;0;0;0;0;0;0;0
FR;8;2022-01-14;0;0;0;0;0;0;0;0;0;0;0;0;0;0;0;0;0;0
FR;8;2022-01-15;0;0;0;0;0;0;0;0;0;0;0;0;0;0;0;0;0;0
FR;8;2022-01-16;0;0;0;0;0;0;0;0;0;0;0;0;0;0;0;0;0;0
FR;8;2022-01-17;0;0;0;0;0;0;0;0;0;0;0;0;0;0;0;0;0;0
FR;8;2022-01-18;0;0;0;0;0;0;0;0;0;0;0;0;0;0;0;0;0;0
FR;8;2022-01-19;0;0;0;0;0;0;0;0;0;0;0;0;0;0;0;0;0;0
FR;8;2022-01-20;0;0;0;0;0;0;0;0;0;0;0;0;0;0;0;0;0;0
FR;8;2022-01-21;0;0;0;0;0;0;0;0;0;0;0;0;0;0;0;0;0;0
FR;8;2022-01-22;0;0;0;0;0;0;0;0;0;0;0;0;0;0;0;0;0;0
FR;8;2022-01-23;0;0;0;0;0;0;0;0;0;0;0;0;0;0;0;0;0;0
FR;8;2022-01-24;0;0;0;0;0;0;0;0;0;0;0;0;0;0;0;0;0;0
FR;8;2022-01-25;0;0;0;0;0;0;0;0;0;0;0;0;0;0;0;0;0;0
FR;8;2022-01-26;0;0;0;0;0;0;0;0;0;0;0;0;0;0;0;0;0;0
FR;8;2022-01-27;0;0;0;0;0;0;0;0;0;0;0;0;0;0;0;0;0;0
FR;8;2022-01-28;0;0;0;0;0;0;0;0;0;0;0;0;0;0;0;0;0;0
FR;8;2022-01-29;0;0;0;0;0;0;0;0;0;0;0;0;0;0;0;0;0;0
FR;8;2022-01-30;0;0;0;0;0;0;0;0;0;0;0;0;0;0;0;0;0;0
FR;8;2022-01-31;0;0;0;0;0;0;0;0;0;0;0;0;0;0;0;0;0;0
FR;8;2022-02-01;0;0;0;0;0;0;0;0;0;0;0;0;0;0;0;0;0;0
FR;8;2022-02-02;0;0;0;0;0;0;0;0;0;0;0;0;0;0;0;0;0;0
FR;8;2022-02-03;0;0;0;0;0;0;0;0;0;0;0;0;0;0;0;0;0;0
FR;8;2022-02-04;0;0;0;0;0;0;0;0;0;0;0;0;0;0;0;0;0;0
FR;8;2022-02-05;0;0;0;0;0;0;0;0;0;0;0;0;0;0;0;0;0;0
FR;8;2022-02-06;0;0;0;0;0;0;0;0;0;0;0;0;0;0;0;0;0;0
FR;8;2022-02-07;0;0;0;0;0;0;0;0;0;0;0;0;0;0;0;0;0;0
FR;8;2022-02-08;0;0;0;0;0;0;0;0;0;0;0;0;0;0;0;0;0;0
FR;8;2022-02-09;0;0;0;0;0;0;0;0;0;0;0;0;0;0;0;0;0;0
FR;8;2022-02-10;0;0;0;0;0;0;0;0;0;0;0;0;0;0;0;0;0;0
FR;8;2022-02-11;0;0;0;0;0;0;0;0;0;0;0;0;0;0;0;0;0;0
FR;8;2022-02-12;0;0;0;0;0;0;0;0;0;0;0;0;0;0;0;0;0;0
FR;8;2022-02-13;0;0;0;0;0;0;0;0;0;0;0;0;0;0;0;0;0;0
FR;8;2022-02-14;0;0;0;0;0;0;0;0;0;0;0;0;0;0;0;0;0;0
FR;8;2022-02-15;0;0;0;0;0;0;0;0;0;0;0;0;0;0;0;0;0;0
FR;8;2022-02-16;0;0;0;0;0;0;0;0;0;0;0;0;0;0;0;0;0;0
FR;8;2022-02-17;0;0;0;0;0;0;0;0;0;0;0;0;0;0;0;0;0;0
FR;8;2022-02-18;0;0;0;0;0;0;0;0;0;0;0;0;0;0;0;0;0;0
FR;8;2022-02-19;0;0;0;0;0;0;0;0;0;0;0;0;0;0;0;0;0;0
FR;8;2022-02-20;0;0;0;0;0;0;0;0;0;0;0;0;0;0;0;0;0;0
FR;8;2022-02-21;0;0;0;0;0;0;0;0;0;0;0;0;0;0;0;0;0;0
FR;8;2022-02-22;0;0;0;0;0;0;0;0;0;0;0;0;0;0;0;0;0;0
FR;8;2022-02-23;0;0;0;0;0;0;0;0;0;0;0;0;0;0;0;0;0;0
FR;8;2022-02-24;0;0;0;0;0;0;0;0;0;0;0;0;0;0;0;0;0;0
FR;8;2022-02-25;0;0;0;0;0;0;0;0;0;0;0;0;0;0;0;0;0;0
FR;8;2022-02-26;0;0;0;0;0;0;0;0;0;0;0;0;0;0;0;0;0;0
FR;8;2022-02-27;0;0;0;0;0;0;0;0;0;0;0;0;0;0;0;0;0;0
FR;8;2022-02-28;0;0;0;0;0;0;0;0;0;0;0;0;0;0;0;0;0;0
FR;8;2022-03-01;0;0;0;0;0;0;0;0;0;0;0;0;0;0;0;0;0;0
FR;8;2022-03-02;0;0;0;0;0;0;0;0;0;0;0;0;0;0;0;0;0;0
FR;8;2022-03-03;0;0;0;0;0;0;0;0;0;0;0;0;0;0;0;0;0;0
FR;8;2022-03-04;0;0;0;0;0;0;0;0;0;0;0;0;0;0;0;0;0;0
FR;8;2022-03-05;0;0;0;0;0;0;0;0;0;0;0;0;0;0;0;0;0;0
FR;8;2022-03-06;0;0;0;0;0;0;0;0;0;0;0;0;0;0;0;0;0;0
FR;8;2022-03-07;0;0;0;0;0;0;0;0;0;0;0;0;0;0;0;0;0;0
FR;8;2022-03-08;0;0;0;0;0;0;0;0;0;0;0;0;0;0;0;0;0;0
FR;8;2022-03-09;0;0;0;0;0;0;0;0;0;0;0;0;0;0;0;0;0;0
FR;8;2022-03-10;0;0;0;0;0;0;0;0;0;0;0;0;0;0;0;0;0;0
FR;8;2022-03-11;0;0;0;0;0;0;0;0;0;0;0;0;0;0;0;0;0;0
FR;8;2022-03-12;0;0;0;0;0;0;0;0;0;0;0;0;0;0;0;0;0;0
FR;8;2022-03-13;0;0;0;0;0;0;0;0;0;0;0;0;0;0;0;0;0;0
FR;8;2022-03-14;0;0;0;0;0;0;0;0;0;0;0;0;0;0;0;0;0;0
FR;8;2022-03-15;0;0;0;0;0;0;0;0;0;0;0;0;0;0;0;0;0;0
FR;8;2022-03-16;0;0;0;0;0;0;0;0;0;0;0;0;0;0;0;0;0;0
FR;8;2022-03-17;0;0;0;0;0;0;0;0;0;0;0;0;0;0;0;0;0;0
FR;8;2022-03-18;0;0;0;0;0;0;0;0;0;0;0;0;0;0;0;0;0;0
FR;8;2022-03-19;0;0;0;0;0;0;0;0;0;0;0;0;0;0;0;0;0;0
FR;8;2022-03-20;0;0;0;0;0;0;0;0;0;0;0;0;0;0;0;0;0;0
FR;8;2022-03-21;0;0;0;0;0;0;0;0;0;0;0;0;0;0;0;0;0;0
FR;8;2022-03-22;0;0;0;0;0;0;0;0;0;0;0;0;0;0;0;0;0;0
FR;8;2022-03-23;0;0;0;0;0;0;0;0;0;0;0;0;0;0;0;0;0;0
FR;8;2022-03-24;0;0;0;0;0;0;0;0;0;0;0;0;0;0;0;0;0;0
FR;8;2022-03-25;0;0;0;0;0;0;0;0;0;0;0;0;0;0;0;0;0;0
FR;8;2022-03-26;0;0;0;0;0;0;0;0;0;0;0;0;0;0;0;0;0;0
FR;8;2022-03-27;0;0;0;0;0;0;0;0;0;0;0;0;0;0;0;0;0;0
FR;8;2022-03-28;0;0;0;0;0;0;0;0;0;0;0;0;0;0;0;0;0;0
FR;8;2022-03-29;0;0;0;0;0;0;0;0;0;0;0;0;0;0;0;0;0;0
FR;8;2022-03-30;0;0;0;0;0;0;0;0;0;0;0;0;0;0;0;0;0;0
FR;8;2022-03-31;0;0;0;0;0;0;0;0;0;0;0;0;0;0;0;0;0;0
FR;8;2022-04-01;0;0;0;0;0;0;0;0;0;0;0;0;0;0;0;0;0;0
FR;8;2022-04-02;0;0;0;0;0;0;0;0;0;0;0;0;0;0;0;0;0;0
FR;8;2022-04-03;0;0;0;0;0;0;0;0;0;0;0;0;0;0;0;0;0;0
FR;8;2022-04-04;0;0;0;0;0;0;0;0;0;0;0;0;0;0;0;0;0;0
FR;8;2022-04-05;0;0;0;0;0;0;0;0;0;0;0;0;0;0;0;0;0;0
FR;8;2022-04-06;0;0;0;0;0;0;0;0;0;0;0;0;0;0;0;0;0;0
FR;8;2022-04-07;0;0;0;0;0;0;0;0;0;0;0;0;0;0;0;0;0;0
FR;8;2022-04-08;0;0;0;0;0;0;0;0;0;0;0;0;0;0;0;0;0;0
FR;8;2022-04-09;0;0;0;0;0;0;0;0;0;0;0;0;0;0;0;0;0;0
FR;8;2022-04-10;0;0;0;0;0;0;0;0;0;0;0;0;0;0;0;0;0;0
FR;8;2022-04-11;0;0;0;0;0;0;0;0;0;0;0;0;0;0;0;0;0;0
FR;8;2022-04-12;0;0;0;0;0;0;0;0;0;0;0;0;0;0;0;0;0;0
FR;8;2022-04-13;0;0;0;0;0;0;0;0;0;0;0;0;0;0;0;0;0;0
FR;8;2022-04-14;0;0;0;0;0;0;0;0;0;0;0;0;0;0;0;0;0;0
FR;8;2022-04-15;0;0;0;0;0;0;0;0;0;0;0;0;0;0;0;0;0;0
FR;8;2022-04-16;0;0;0;0;0;0;0;0;0;0;0;0;0;0;0;0;0;0
FR;8;2022-04-17;0;0;0;0;0;0;0;0;0;0;0;0;0;0;0;0;0;0
FR;8;2022-04-18;0;0;0;0;0;0;0;0;0;0;0;0;0;0;0;0;0;0
FR;8;2022-04-19;0;0;0;0;0;0;0;0;0;0;0;0;0;0;0;0;0;0
FR;8;2022-04-20;0;0;0;0;0;0;0;0;0;0;0;0;0;0;0;0;0;0
FR;8;2022-04-21;0;0;0;0;0;0;0;0;0;0;0;0;0;0;0;0;0;0
FR;8;2022-04-22;0;0;0;0;0;0;0;0;0;0;0;0;0;0;0;0;0;0
FR;8;2022-04-23;0;0;0;0;0;0;0;0;0;0;0;0;0;0;0;0;0;0
FR;8;2022-04-24;0;0;0;0;0;0;0;0;0;0;0;0;0;0;0;0;0;0
FR;8;2022-04-25;0;0;0;0;0;0;0;0;0;0;0;0;0;0;0;0;0;0
FR;8;2022-04-26;0;0;0;0;0;0;0;0;0;0;0;0;0;0;0;0;0;0
FR;8;2022-04-27;0;0;0;0;0;0;0;0;0;0;0;0;0;0;0;0;0;0
FR;8;2022-04-28;0;0;0;0;0;0;0;0;0;0;0;0;0;0;0;0;0;0
FR;8;2022-04-29;0;0;0;0;0;0;0;0;0;0;0;0;0;0;0;0;0;0
FR;8;2022-04-30;0;0;0;0;0;0;0;0;0;0;0;0;0;0;0;0;0;0
FR;8;2022-05-01;0;0;0;0;0;0;0;0;0;0;0;0;0;0;0;0;0;0
FR;8;2022-05-02;0;0;0;0;0;0;0;0;0;0;0;0;0;0;0;0;0;0
FR;8;2022-05-03;0;0;0;0;0;0;0;0;0;0;0;0;0;0;0;0;0;0
FR;8;2022-05-04;0;0;0;0;0;0;0;0;0;0;0;0;0;0;0;0;0;0
FR;8;2022-05-05;0;0;0;0;0;0;0;0;0;0;0;0;0;0;0;0;0;0
FR;8;2022-05-06;0;0;0;0;0;0;0;0;0;0;0;0;0;0;0;0;0;0
FR;8;2022-05-07;0;0;0;0;0;0;0;0;0;0;0;0;0;0;0;0;0;0
FR;8;2022-05-08;0;0;0;0;0;0;0;0;0;0;0;0;0;0;0;0;0;0
FR;8;2022-05-09;0;0;0;0;0;0;0;0;0;0;0;0;0;0;0;0;0;0
FR;8;2022-05-10;0;0;0;0;0;0;0;0;0;0;0;0;0;0;0;0;0;0
FR;8;2022-05-11;0;0;0;0;0;0;0;0;0;0;0;0;0;0;0;0;0;0
FR;8;2022-05-12;0;0;0;0;0;0;0;0;0;0;0;0;0;0;0;0;0;0
FR;8;2022-05-13;0;0;0;0;0;0;0;0;0;0;0;0;0;0;0;0;0;0
FR;8;2022-05-14;0;0;0;0;0;0;0;0;0;0;0;0;0;0;0;0;0;0
FR;8;2022-05-15;0;0;0;0;0;0;0;0;0;0;0;0;0;0;0;0;0;0
FR;8;2022-05-16;0;0;0;0;0;0;0;0;0;0;0;0;0;0;0;0;0;0
FR;8;2022-05-17;0;0;0;0;0;0;0;0;0;0;0;0;0;0;0;0;0;0
FR;8;2022-05-18;0;0;0;0;0;0;0;0;0;0;0;0;0;0;0;0;0;0
FR;8;2022-05-19;0;0;0;0;0;0;0;0;0;0;0;0;0;0;0;0;0;0
FR;8;2022-05-20;0;0;0;0;0;0;0;0;0;0;0;0;0;0;0;0;0;0
FR;8;2022-05-21;0;0;0;0;0;0;0;0;0;0;0;0;0;0;0;0;0;0
FR;8;2022-05-22;0;0;0;0;0;0;0;0;0;0;0;0;0;0;0;0;0;0
FR;8;2022-05-23;0;0;0;0;0;0;0;0;0;0;0;0;0;0;0;0;0;0
FR;8;2022-05-24;0;0;0;0;0;0;0;0;0;0;0;0;0;0;0;0;0;0
FR;8;2022-05-25;0;0;0;0;0;0;0;0;0;0;0;0;0;0;0;0;0;0
FR;8;2022-05-26;0;0;0;0;0;0;0;0;0;0;0;0;0;0;0;0;0;0
FR;8;2022-05-27;0;0;0;0;0;0;0;0;0;0;0;0;0;0;0;0;0;0
FR;8;2022-05-28;0;0;0;0;0;0;0;0;0;0;0;0;0;0;0;0;0;0
FR;8;2022-05-29;0;0;0;0;0;0;0;0;0;0;0;0;0;0;0;0;0;0
FR;8;2022-05-30;0;0;0;0;0;0;0;0;0;0;0;0;0;0;0;0;0;0
FR;8;2022-05-31;0;0;0;0;0;0;0;0;0;0;0;0;0;0;0;0;0;0
FR;8;2022-06-01;0;0;0;0;0;0;0;0;0;0;0;0;0;0;0;0;0;0
FR;8;2022-06-02;0;0;0;0;0;0;0;0;0;0;0;0;0;0;0;0;0;0
FR;8;2022-06-03;0;0;0;0;0;0;0;0;0;0;0;0;0;0;0;0;0;0
FR;8;2022-06-04;0;0;0;0;0;0;0;0;0;0;0;0;0;0;0;0;0;0
FR;8;2022-06-05;0;0;0;0;0;0;0;0;0;0;0;0;0;0;0;0;0;0
FR;8;2022-06-06;0;0;0;0;0;0;0;0;0;0;0;0;0;0;0;0;0;0
FR;8;2022-06-07;0;0;0;0;0;0;0;0;0;0;0;0;0;0;0;0;0;0
FR;8;2022-06-08;0;0;0;0;0;0;0;0;0;0;0;0;0;0;0;0;0;0
FR;8;2022-06-09;0;0;0;0;0;0;0;0;0;0;0;0;0;0;0;0;0;0
FR;8;2022-06-10;0;0;0;0;0;0;0;0;0;0;0;0;0;0;0;0;0;0
FR;8;2022-06-11;0;0;0;0;0;0;0;0;0;0;0;0;0;0;0;0;0;0
FR;8;2022-06-12;0;0;0;0;0;0;0;0;0;0;0;0;0;0;0;0;0;0
FR;8;2022-06-13;0;0;0;0;0;0;0;0;0;0;0;0;0;0;0;0;0;0
FR;8;2022-06-14;0;0;0;0;0;0;0;0;0;0;0;0;0;0;0;0;0;0
FR;8;2022-06-15;0;0;0;0;0;0;0;0;0;0;0;0;0;0;0;0;0;0
FR;8;2022-06-16;0;0;0;0;0;0;0;0;0;0;0;0;0;0;0;0;0;0
FR;8;2022-06-17;0;0;0;0;0;0;0;0;0;0;0;0;0;0;0;0;0;0
FR;8;2022-06-18;0;0;0;0;0;0;0;0;0;0;0;0;0;0;0;0;0;0
FR;8;2022-06-19;0;0;0;0;0;0;0;0;0;0;0;0;0;0;0;0;0;0
FR;8;2022-06-20;0;0;0;0;0;0;0;0;0;0;0;0;0;0;0;0;0;0
FR;8;2022-06-21;0;0;0;0;0;0;0;0;0;0;0;0;0;0;0;0;0;0
FR;8;2022-06-22;0;0;0;0;0;0;0;0;0;0;0;0;0;0;0;0;0;0
FR;8;2022-06-23;0;0;0;0;0;0;0;0;0;0;0;0;0;0;0;0;0;0
FR;8;2022-06-24;0;0;0;0;0;0;0;0;0;0;0;0;0;0;0;0;0;0
FR;8;2022-06-25;0;0;0;0;0;0;0;0;0;0;0;0;0;0;0;0;0;0
FR;8;2022-06-26;0;0;0;0;0;0;0;0;0;0;0;0;0;0;0;0;0;0
FR;8;2022-06-27;0;0;0;0;0;0;0;0;0;0;0;0;0;0;0;0;0;0
FR;8;2022-06-28;0;0;0;0;0;0;0;0;0;0;0;0;0;0;0;0;0;0
FR;8;2022-06-29;0;0;0;0;0;0;0;0;0;0;0;0;0;0;0;0;0;0
FR;8;2022-06-30;0;0;0;0;0;0;0;0;0;0;0;0;0;0;0;0;0;0
FR;8;2022-07-01;0;0;0;0;0;0;0;0;0;0;0;0;0;0;0;0;0;0
FR;8;2022-07-02;0;0;0;0;0;0;0;0;0;0;0;0;0;0;0;0;0;0
FR;8;2022-07-03;0;0;0;0;0;0;0;0;0;0;0;0;0;0;0;0;0;0
FR;8;2022-07-04;0;0;0;0;0;0;0;0;0;0;0;0;0;0;0;0;0;0
FR;8;2022-07-05;0;0;0;0;0;0;0;0;0;0;0;0;0;0;0;0;0;0
FR;8;2022-07-06;0;0;0;0;0;0;0;0;0;0;0;0;0;0;0;0;0;0
FR;8;2022-07-07;0;0;0;0;0;0;0;0;0;0;0;0;0;0;0;0;0;0
FR;8;2022-07-08;0;0;0;0;0;0;0;0;0;0;0;0;0;0;0;0;0;0
FR;8;2022-07-09;0;0;0;0;0;0;0;0;0;0;0;0;0;0;0;0;0;0
FR;8;2022-07-10;0;0;0;0;0;0;0;0;0;0;0;0;0;0;0;0;0;0
FR;8;2022-07-11;0;0;0;0;0;0;0;0;0;0;0;0;0;0;0;0;0;0
FR;8;2022-07-12;0;0;0;0;0;0;0;0;0;0;0;0;0;0;0;0;0;0
FR;8;2022-07-13;0;0;0;0;0;0;0;0;0;0;0;0;0;0;0;0;0;0
FR;8;2022-07-14;0;0;0;0;0;0;0;0;0;0;0;0;0;0;0;0;0;0
FR;8;2022-07-15;0;0;0;0;0;0;0;0;0;0;0;0;0;0;0;0;0;0
FR;8;2022-07-16;0;0;0;0;0;0;0;0;0;0;0;0;0;0;0;0;0;0
FR;8;2022-07-17;0;0;0;0;0;0;0;0;0;0;0;0;0;0;0;0;0;0
FR;8;2022-07-18;0;0;0;0;0;0;0;0;0;0;0;0;0;0;0;0;0;0
FR;8;2022-07-19;0;0;0;0;0;0;0;0;0;0;0;0;0;0;0;0;0;0
FR;8;2022-07-20;0;0;0;0;0;0;0;0;0;0;0;0;0;0;0;0;0;0
FR;8;2022-07-21;0;0;0;0;0;0;0;0;0;0;0;0;0;0;0;0;0;0
FR;8;2022-07-22;0;0;0;0;0;0;0;0;0;0;0;0;0;0;0;0;0;0
FR;8;2022-07-23;0;0;0;0;0;0;0;0;0;0;0;0;0;0;0;0;0;0
FR;8;2022-07-24;0;0;0;0;0;0;0;0;0;0;0;0;0;0;0;0;0;0
FR;8;2022-07-25;0;0;0;0;0;0;0;0;0;0;0;0;0;0;0;0;0;0
FR;8;2022-07-26;0;0;0;0;0;0;0;0;0;0;0;0;0;0;0;0;0;0
FR;8;2022-07-27;0;0;0;0;0;0;0;0;0;0;0;0;0;0;0;0;0;0
FR;8;2022-07-28;0;0;0;0;0;0;0;0;0;0;0;0;0;0;0;0;0;0
FR;8;2022-07-29;0;0;0;0;0;0;0;0;0;0;0;0;0;0;0;0;0;0
FR;8;2022-07-30;0;0;0;0;0;0;0;0;0;0;0;0;0;0;0;0;0;0
FR;8;2022-07-31;0;0;0;0;0;0;0;0;0;0;0;0;0;0;0;0;0;0
FR;8;2022-08-01;0;0;0;0;0;0;0;0;0;0;0;0;0;0;0;0;0;0
FR;8;2022-08-02;0;0;0;0;0;0;0;0;0;0;0;0;0;0;0;0;0;0
FR;8;2022-08-03;0;0;0;0;0;0;0;0;0;0;0;0;0;0;0;0;0;0
FR;8;2022-08-04;0;0;0;0;0;0;0;0;0;0;0;0;0;0;0;0;0;0
FR;8;2022-08-05;0;0;0;0;0;0;0;0;0;0;0;0;0;0;0;0;0;0
FR;8;2022-08-06;0;0;0;0;0;0;0;0;0;0;0;0;0;0;0;0;0;0
FR;8;2022-08-07;0;0;0;0;0;0;0;0;0;0;0;0;0;0;0;0;0;0
FR;8;2022-08-08;0;0;0;0;0;0;0;0;0;0;0;0;0;0;0;0;0;0
FR;8;2022-08-09;0;0;0;0;0;0;0;0;0;0;0;0;0;0;0;0;0;0
FR;8;2022-08-10;0;0;0;0;0;0;0;0;0;0;0;0;0;0;0;0;0;0
FR;8;2022-08-11;0;0;0;0;0;0;0;0;0;0;0;0;0;0;0;0;0;0
FR;8;2022-08-12;0;0;0;0;0;0;0;0;0;0;0;0;0;0;0;0;0;0
FR;8;2022-08-13;0;0;0;0;0;0;0;0;0;0;0;0;0;0;0;0;0;0
FR;8;2022-08-14;0;0;0;0;0;0;0;0;0;0;0;0;0;0;0;0;0;0
FR;8;2022-08-15;0;0;0;0;0;0;0;0;0;0;0;0;0;0;0;0;0;0
FR;8;2022-08-16;0;0;0;0;0;0;0;0;0;0;0;0;0;0;0;0;0;0
FR;8;2022-08-17;0;0;0;0;0;0;0;0;0;0;0;0;0;0;0;0;0;0
FR;8;2022-08-18;0;0;0;0;0;0;0;0;0;0;0;0;0;0;0;0;0;0
FR;8;2022-08-19;0;0;0;0;0;0;0;0;0;0;0;0;0;0;0;0;0;0
FR;8;2022-08-20;0;0;0;0;0;0;0;0;0;0;0;0;0;0;0;0;0;0
FR;8;2022-08-21;0;0;0;0;0;0;0;0;0;0;0;0;0;0;0;0;0;0
FR;8;2022-08-22;0;0;0;0;0;0;0;0;0;0;0;0;0;0;0;0;0;0
FR;8;2022-08-23;0;0;0;0;0;0;0;0;0;0;0;0;0;0;0;0;0;0
FR;8;2022-08-24;0;0;0;0;0;0;0;0;0;0;0;0;0;0;0;0;0;0
FR;8;2022-08-25;0;0;0;0;0;0;0;0;0;0;0;0;0;0;0;0;0;0
FR;8;2022-08-26;0;0;0;0;0;0;0;0;0;0;0;0;0;0;0;0;0;0
FR;8;2022-08-27;0;0;0;0;0;0;0;0;0;0;0;0;0;0;0;0;0;0
FR;8;2022-08-28;0;0;0;0;0;0;0;0;0;0;0;0;0;0;0;0;0;0
FR;8;2022-08-29;0;0;0;0;0;0;0;0;0;0;0;0;0;0;0;0;0;0
FR;8;2022-08-30;0;0;0;0;0;0;0;0;0;0;0;0;0;0;0;0;0;0
FR;8;2022-08-31;0;0;0;0;0;0;0;0;0;0;0;0;0;0;0;0;0;0
FR;8;2022-09-01;0;0;0;0;0;0;0;0;0;0;0;0;0;0;0;0;0;0
FR;8;2022-09-02;0;0;0;0;0;0;0;0;0;0;0;0;0;0;0;0;0;0
FR;8;2022-09-03;0;0;0;0;0;0;0;0;0;0;0;0;0;0;0;0;0;0
FR;8;2022-09-04;0;0;0;0;0;0;0;0;0;0;0;0;0;0;0;0;0;0
FR;8;2022-09-05;0;0;0;0;0;0;0;0;0;0;0;0;0;0;0;0;0;0
FR;8;2022-09-06;0;0;0;0;0;0;0;0;0;0;0;0;0;0;0;0;0;0
FR;8;2022-09-07;0;0;0;0;0;0;0;0;0;0;0;0;0;0;0;0;0;0
FR;8;2022-09-08;0;0;0;0;0;0;0;0;0;0;0;0;0;0;0;0;0;0
FR;8;2022-09-09;0;0;0;0;0;0;0;0;0;0;0;0;0;0;0;0;0;0
FR;8;2022-09-10;0;0;0;0;0;0;0;0;0;0;0;0;0;0;0;0;0;0
FR;8;2022-09-11;0;0;0;0;0;0;0;0;0;0;0;0;0;0;0;0;0;0
FR;8;2022-09-12;0;0;0;0;0;0;0;0;0;0;0;0;0;0;0;0;0;0
FR;8;2022-09-13;0;0;0;0;0;0;0;0;0;0;0;0;0;0;0;0;0;0
FR;8;2022-09-14;0;0;0;0;0;0;0;0;0;0;0;0;0;0;0;0;0;0
FR;8;2022-09-15;0;0;0;0;0;0;0;0;0;0;0;0;0;0;0;0;0;0
FR;8;2022-09-16;0;0;0;0;0;0;0;0;0;0;0;0;0;0;0;0;0;0
FR;8;2022-09-17;0;0;0;0;0;0;0;0;0;0;0;0;0;0;0;0;0;0
FR;8;2022-09-18;0;0;0;0;0;0;0;0;0;0;0;0;0;0;0;0;0;0
FR;8;2022-09-19;0;0;0;0;0;0;0;0;0;0;0;0;0;0;0;0;0;0
FR;8;2022-09-20;0;0;0;0;0;0;0;0;0;0;0;0;0;0;0;0;0;0
FR;8;2022-09-21;0;0;0;0;0;0;0;0;0;0;0;0;0;0;0;0;0;0
FR;8;2022-09-22;0;0;0;0;0;0;0;0;0;0;0;0;0;0;0;0;0;0
FR;8;2022-09-23;0;0;0;0;0;0;0;0;0;0;0;0;0;0;0;0;0;0
FR;8;2022-09-24;0;0;0;0;0;0;0;0;0;0;0;0;0;0;0;0;0;0
FR;8;2022-09-25;0;0;0;0;0;0;0;0;0;0;0;0;0;0;0;0;0;0
FR;8;2022-09-26;0;0;0;0;0;0;0;0;0;0;0;0;0;0;0;0;0;0
FR;8;2022-09-27;0;0;0;0;0;0;0;0;0;0;0;0;0;0;0;0;0;0
FR;8;2022-09-28;0;0;0;0;0;0;0;0;0;0;0;0;0;0;0;0;0;0
FR;8;2022-09-29;0;0;0;0;0;0;0;0;0;0;0;0;0;0;0;0;0;0
FR;8;2022-09-30;0;0;0;0;0;0;0;0;0;0;0;0;0;0;0;0;0;0
FR;8;2022-10-01;0;0;0;0;0;0;0;0;0;0;0;0;0;0;0;0;0;0
FR;8;2022-10-02;0;0;0;0;0;0;0;0;0;0;0;0;0;0;0;0;0;0
FR;8;2022-10-03;0;0;0;0;0;0;0;0;0;0;0;0;0;0;0;0;0;0
FR;8;2022-10-04;0;0;0;0;0;0;0;0;0;0;0;0;0;0;0;0;0;0
FR;8;2022-10-05;0;0;0;0;0;0;0;0;0;0;0;0;0;0;0;0;0;0
FR;8;2022-10-06;7;17;113;859;8;82;865;1057;110;7;17;113;859;8;82;865;1057;110
FR;8;2022-10-07;70;101;842;8010;62;699;8064;9841;1071;77;118;955;8869;70;781;8929;10898;1181
FR;8;2022-10-08;35;115;610;4054;50;516;4106;5307;676;112;233;1565;12923;120;1297;13035;16205;1857
FR;8;2022-10-09;17;22;145;885;13;132;913;1233;184;129;255;1710;13808;133;1429;13948;17438;2041
FR;8;2022-10-10;117;192;1342;12680;106;1026;12919;16189;2224;246;447;3052;26488;239;2455;26867;33627;4265
FR;8;2022-10-11;177;261;2475;26914;135;2010;27186;33941;4708;423;708;5527;53402;374;4465;54053;67568;8973
FR;8;2022-10-12;152;255;1830;18230;149;1441;18465;23462;3532;575;963;7357;71632;523;5906;72518;91030;12505
FR;8;2022-10-13;205;276;2506;28034;173;1899;28397;35529;5205;780;1239;9863;99666;696;7805;100915;126559;17710
FR;8;2022-10-14;254;419;3271;36228;242;2555;36655;45547;6295;1034;1658;13134;135894;938;10360;137570;172106;24005
FR;8;2022-10-15;102;181;1201;8802;78;1000;8931;11781;1830;1136;1839;14335;144696;1016;11360;146501;183887;25835
FR;8;2022-10-16;34;54;248;1520;26;215;1555;2175;400;1170;1893;14583;146216;1042;11575;148056;186062;26235
FR;8;2022-10-17;157;308;2097;21754;171;1624;22063;28242;4533;1327;2201;16680;167970;1213;13199;170119;214304;30768
FR;8;2022-10-18;268;347;3354;37832;224;2652;38216;50749;9808;1595;2548;20034;205802;1437;15851;208335;265053;40576
FR;8;2022-10-19;192;313;2625;28276;182;2183;28605;38678;7829;1787;2861;22659;234078;1619;18034;236940;303731;48405
FR;8;2022-10-20;251;363;3574;41146;222;2639;41769;55615;11122;2038;3224;26233;275224;1841;20673;278709;359346;59527
FR;8;2022-10-21;324;489;4448;49368;276;3460;49970;66231;12704;2362;3713;30681;324592;2117;24133;328679;425577;72231
FR;8;2022-10-22;123;168;1230;10658;110;926;10847;14730;2939;2485;3881;31911;335250;2227;25059;339526;440307;75170
FR;8;2022-10-23;49;53;266;1760;48;197;1839;2605;568;2534;3934;32177;337010;2275;25256;341365;442912;75738
FR;8;2022-10-24;230;311;2474;24024;173;2071;24324;33491;7046;2764;4245;34651;361034;2448;27327;365689;476403;82784
FR;8;2022-10-25;307;411;4075;43389;255;3130;43988;61191;13970;3071;4656;38726;404423;2703;30457;409677;537594;96754
FR;8;2022-10-26;224;338;2858;28627;181;2360;28940;41225;9837;3295;4994;41584;433050;2884;32817;438617;578819;106591
FR;8;2022-10-27;273;414;3318;36092;241;2626;36585;51061;11785;3568;5408;44902;469142;3125;35443;475202;629880;118376
FR;8;2022-10-28;327;460;3821;39368;255;2858;40112;54924;11885;3895;5868;48723;508510;3380;38301;515314;684804;130261
FR;8;2022-10-29;109;165;1071;8219;94;800;8363;11845;2665;4004;6033;49794;516729;3474;39101;523677;696649;132926
FR;8;2022-10-30;40;53;209;1333;38;180;1377;2045;484;4044;6086;50003;518062;3512;39281;525054;698694;133410
FR;8;2022-10-31;195;255;1658;14513;139;1271;14777;21094;5028;4239;6341;51661;532575;3651;40552;539831;719788;138438
FR;8;2022-11-01;24;39;132;951;21;166;967;1587;452;4263;6380;51793;533526;3672;40718;540798;721375;138890
FR;8;2022-11-02;192;368;2368;23240;202;1966;23630;34910;9247;4455;6748;54161;556766;3874;42684;564428;756285;148137
FR;8;2022-11-03;307;412;3467;36815;251;2594;37453;54365;14221;4762;7160;57628;593581;4125;45278;601881;810650;162358
FR;8;2022-11-04;352;494;3778;40174;258;2971;40692;57912;14138;5114;7654;61406;633755;4383;48249;642573;868562;176496
FR;8;2022-11-05;113;182;1097;8742;117;847;8905;12845;3058;5227;7836;62503;642497;4500;49096;651478;881407;179554
FR;8;2022-11-06;41;56;223;1400;38;205;1433;2236;588;5268;7892;62726;643897;4538;49301;652911;883643;180142
FR;8;2022-11-07;226;274;2312;24639;200;1784;25222;37241;10168;5494;8166;65038;668536;4738;51085;678133;920884;190310
FR;8;2022-11-08;336;499;4319;48276;298;3237;49232;71305;18675;5830;8665;69357;716812;5036;54322;727365;992189;208985
FR;8;2022-11-09;255;365;2874;29132;206;2258;29810;44350;12200;6085;9030;72231;745944;5242;56580;757175;1036539;221185
FR;8;2022-11-10;362;529;3936;40136;301;3007;41052;60220;16023;6447;9559;76167;786080;5543;59587;798227;1096759;237208
FR;8;2022-11-11;39;63;242;1468;30;204;1515;2654;922;6486;9622;76409;787548;5573;59791;799742;1099413;238130
FR;8;2022-11-12;84;165;881;6427;79;686;6631;9888;2552;6570;9787;77290;793975;5652;60477;806373;1109301;240682
FR;8;2022-11-13;35;54;211;1108;34;171;1160;1916;579;6605;9841;77501;795083;5686;60648;807533;1111217;241261
FR;8;2022-11-14;225;302;2218;22337;161;1709;22865;34814;10167;6830;10143;79719;817420;5847;62357;830398;1146031;251428
FR;8;2022-11-15;334;416;3738;42140;250;2827;43059;64415;18399;7164;10559;83457;859560;6097;65184;873457;1210446;269827
FR;8;2022-11-16;295;344;2596;26291;210;2134;26750;41376;12408;7459;10903;86053;885851;6307;67318;900207;1251822;282235
FR;8;2022-11-17;359;423;3356;36673;283;2588;37255;56126;16186;7818;11326;89409;922524;6590;69906;937462;1307948;298421
FR;8;2022-11-18;340;460;4052;42193;278;2963;43033;63415;17315;8158;11786;93461;964717;6868;72869;980495;1371363;315736
FR;8;2022-11-19;118;177;1195;8932;115;835;9114;13715;3730;8276;11963;94656;973649;6983;73704;989609;1385078;319466
FR;8;2022-11-20;33;48;260;1582;33;216;1649;2642;773;8309;12011;94916;975231;7016;73920;991258;1387720;320239
FR;8;2022-11-21;209;298;2058;19956;171;1580;20477;31800;9680;8518;12309;96974;995187;7187;75500;1011735;1419520;329919
FR;8;2022-11-22;331;404;3443;37378;243;2645;37883;57763;17124;8849;12713;100417;1032565;7430;78145;1049618;1477283;347043
FR;8;2022-11-23;222;314;2388;24279;176;1994;24710;38918;12133;9071;13027;102805;1056844;7606;80139;1074328;1516201;359176
FR;8;2022-11-24;341;373;3345;34668;226;2542;35325;54723;16760;9412;13400;106150;1091512;7832;82681;1109653;1570924;375936
FR;8;2022-11-25;306;412;3616;37560;274;2607;38355;57490;16404;9718;13812;109766;1129072;8106;85288;1148008;1628414;392340
FR;8;2022-11-26;166;194;1176;8782;126;896;8943;13636;3766;9884;14006;110942;1137854;8232;86184;1156951;1642050;396106
FR;8;2022-11-27;43;40;224;1538;33;179;1552;2456;715;9927;14046;111166;1139392;8265;86363;1158503;1644506;396821
FR;8;2022-11-28;175;294;2293;23214;166;1685;23862;36992;11371;10102;14340;113459;1162606;8431;88048;1182365;1681498;408192
FR;8;2022-11-29;287;420;3934;43798;214;2896;44467;68628;21142;10389;14760;117393;1206404;8645;90944;1226832;1750126;429334
FR;8;2022-11-30;277;401;3334;34681;218;2513;35416;54307;16260;10666;15161;120727;1241085;8863;93457;1262248;1804433;445594
FR;8;2022-12-01;317;451;4395;48855;256;3022;49654;76744;23907;10983;15612;125122;1289940;9119;96479;1311902;1881177;469501
FR;8;2022-12-02;393;508;5390;58080;293;3698;59262;89163;26015;11376;16120;130512;1348020;9412;100177;1371164;1970340;495516
FR;8;2022-12-03;171;215;1902;16781;109;1312;17195;25710;7167;11547;16335;132414;1364801;9521;101489;1388359;1996050;502683
FR;8;2022-12-04;54;88;487;4031;58;402;4091;6242;1737;11601;16423;132901;1368832;9579;101891;1392450;2002292;504420
FR;8;2022-12-05;268;387;3794;42116;238;2462;43032;66384;20743;11869;16810;136695;1410948;9817;104353;1435482;2068676;525163
FR;8;2022-12-06;409;528;6258;73872;285;4171;75284;117024;37327;12278;17338;142953;1484820;10102;108524;1510766;2185700;562490
FR;8;2022-12-07;344;418;4862;54701;252;3197;55782;86989;27818;12622;17756;147815;1539521;10354;111721;1566548;2272689;590308
FR;8;2022-12-08;440;520;6366;74879;283;4118;76450;119424;38601;13062;18276;154181;1614400;10637;115839;1642998;2392113;628909
FR;8;2022-12-09;537;593;7916;90307;346;5118;92065;141713;44267;13599;18869;162097;1704707;10983;120957;1735063;2533826;673176
FR;8;2022-12-10;256;289;3323;31555;157;2075;32400;48467;13902;13855;19158;165420;1736262;11140;123032;1767463;2582293;687078
FR;8;2022-12-11;85;96;930;7815;63;631;8033;11801;3117;13940;19254;166350;1744077;11203;123663;1775496;2594094;690195
FR;8;2022-12-12;343;449;5756;63824;241;3653;65293;102366;33226;14283;19703;172106;1807901;11444;127316;1840789;2696460;723421
FR;8;2022-12-13;511;586;8320;98368;338;5113;100767;158707;52497;14794;20289;180426;1906269;11782;132429;1941556;2855167;775918
FR;8;2022-12-14;436;513;6259;69298;292;4088;70825;111796;36623;15230;20802;186685;1975567;12074;136517;2012381;2966963;812541
FR;8;2022-12-15;461;617;7977;90500;331;5020;92665;146843;48831;15691;21419;194662;2066067;12405;141537;2105046;3113806;861372
FR;8;2022-12-16;549;685;8726;98921;359;5580;100962;159352;52443;16240;22104;203388;2164988;12764;147117;2206008;3273158;913815
FR;8;2022-12-17;224;291;3084;29567;170;1949;30350;45928;13527;16464;22395;206472;2194555;12934;149066;2236358;3319086;927342
FR;8;2022-12-18;65;85;709;5829;42;474;5979;9023;2541;16529;22480;207181;2200384;12976;149540;2242337;3328109;929883
FR;8;2022-12-19;377;431;5216;52661;244;3256;54205;85565;27935;16906;22911;212397;2253045;13220;152796;2296542;3413674;957818
FR;8;2022-12-20;524;534;7111;74528;309;4541;76559;123083;41671;17430;23445;219508;2327573;13529;157337;2373101;3536757;999489
FR;8;2022-12-21;376;435;4686;46719;251;3118;47915;77708;26501;17806;23880;224194;2374292;13780;160455;2421016;3614465;1025990
FR;9;2020-12-27;0;0;0;0;0;0;0;0;0;0;0;0;0;0;0;0;0;0
FR;9;2020-12-28;0;0;0;0;0;0;0;0;0;0;0;0;0;0;0;0;0;0
FR;9;2020-12-29;0;0;0;0;0;0;0;0;0;0;0;0;0;0;0;0;0;0
FR;9;2020-12-30;0;0;0;0;0;0;0;0;0;0;0;0;0;0;0;0;0;0
FR;9;2020-12-31;0;0;0;0;0;0;0;0;0;0;0;0;0;0;0;0;0;0
FR;9;2021-01-01;0;0;0;0;0;0;0;0;0;0;0;0;0;0;0;0;0;0
FR;9;2021-01-02;0;0;0;0;0;0;0;0;0;0;0;0;0;0;0;0;0;0
FR;9;2021-01-03;0;0;0;0;0;0;0;0;0;0;0;0;0;0;0;0;0;0
FR;9;2021-01-04;0;0;0;0;0;0;0;0;0;0;0;0;0;0;0;0;0;0
FR;9;2021-01-05;0;0;0;0;0;0;0;0;0;0;0;0;0;0;0;0;0;0
FR;9;2021-01-06;0;0;0;0;0;0;0;0;0;0;0;0;0;0;0;0;0;0
FR;9;2021-01-07;0;0;0;0;0;0;0;0;0;0;0;0;0;0;0;0;0;0
FR;9;2021-01-08;0;0;0;0;0;0;0;0;0;0;0;0;0;0;0;0;0;0
FR;9;2021-01-09;0;0;0;0;0;0;0;0;0;0;0;0;0;0;0;0;0;0
FR;9;2021-01-10;0;0;0;0;0;0;0;0;0;0;0;0;0;0;0;0;0;0
FR;9;2021-01-11;0;0;0;0;0;0;0;0;0;0;0;0;0;0;0;0;0;0
FR;9;2021-01-12;0;0;0;0;0;0;0;0;0;0;0;0;0;0;0;0;0;0
FR;9;2021-01-13;0;0;0;0;0;0;0;0;0;0;0;0;0;0;0;0;0;0
FR;9;2021-01-14;0;0;0;0;0;0;0;0;0;0;0;0;0;0;0;0;0;0
FR;9;2021-01-15;0;0;0;0;0;0;0;0;0;0;0;0;0;0;0;0;0;0
FR;9;2021-01-16;0;0;0;0;0;0;0;0;0;0;0;0;0;0;0;0;0;0
FR;9;2021-01-17;0;0;0;0;0;0;0;0;0;0;0;0;0;0;0;0;0;0
FR;9;2021-01-18;0;0;0;0;0;0;0;0;0;0;0;0;0;0;0;0;0;0
FR;9;2021-01-19;0;0;0;0;0;0;0;0;0;0;0;0;0;0;0;0;0;0
FR;9;2021-01-20;0;0;0;0;0;0;0;0;0;0;0;0;0;0;0;0;0;0
FR;9;2021-01-21;0;0;0;0;0;0;0;0;0;0;0;0;0;0;0;0;0;0
FR;9;2021-01-22;0;0;0;0;0;0;0;0;0;0;0;0;0;0;0;0;0;0
FR;9;2021-01-23;0;0;0;0;0;0;0;0;0;0;0;0;0;0;0;0;0;0
FR;9;2021-01-24;0;0;0;0;0;0;0;0;0;0;0;0;0;0;0;0;0;0
FR;9;2021-01-25;0;0;0;0;0;0;0;0;0;0;0;0;0;0;0;0;0;0
FR;9;2021-01-26;0;0;0;0;0;0;0;0;0;0;0;0;0;0;0;0;0;0
FR;9;2021-01-27;0;0;0;0;0;0;0;0;0;0;0;0;0;0;0;0;0;0
FR;9;2021-01-28;0;0;0;0;0;0;0;0;0;0;0;0;0;0;0;0;0;0
FR;9;2021-01-29;0;0;0;0;0;0;0;0;0;0;0;0;0;0;0;0;0;0
FR;9;2021-01-30;0;0;0;0;0;0;0;0;0;0;0;0;0;0;0;0;0;0
FR;9;2021-01-31;0;0;0;0;0;0;0;0;0;0;0;0;0;0;0;0;0;0
FR;9;2021-02-01;0;0;0;0;0;0;0;0;0;0;0;0;0;0;0;0;0;0
FR;9;2021-02-02;0;0;0;0;0;0;0;0;0;0;0;0;0;0;0;0;0;0
FR;9;2021-02-03;0;0;0;0;0;0;0;0;0;0;0;0;0;0;0;0;0;0
FR;9;2021-02-04;0;0;0;0;0;0;0;0;0;0;0;0;0;0;0;0;0;0
FR;9;2021-02-05;0;0;0;0;0;0;0;0;0;0;0;0;0;0;0;0;0;0
FR;9;2021-02-06;0;0;0;0;0;0;0;0;0;0;0;0;0;0;0;0;0;0
FR;9;2021-02-07;0;0;0;0;0;0;0;0;0;0;0;0;0;0;0;0;0;0
FR;9;2021-02-08;0;0;0;0;0;0;0;0;0;0;0;0;0;0;0;0;0;0
FR;9;2021-02-09;0;0;0;0;0;0;0;0;0;0;0;0;0;0;0;0;0;0
FR;9;2021-02-10;0;0;0;0;0;0;0;0;0;0;0;0;0;0;0;0;0;0
FR;9;2021-02-11;0;0;0;0;0;0;0;0;0;0;0;0;0;0;0;0;0;0
FR;9;2021-02-12;0;0;0;0;0;0;0;0;0;0;0;0;0;0;0;0;0;0
FR;9;2021-02-13;0;0;0;0;0;0;0;0;0;0;0;0;0;0;0;0;0;0
FR;9;2021-02-14;0;0;0;0;0;0;0;0;0;0;0;0;0;0;0;0;0;0
FR;9;2021-02-15;0;0;0;0;0;0;0;0;0;0;0;0;0;0;0;0;0;0
FR;9;2021-02-16;0;0;0;0;0;0;0;0;0;0;0;0;0;0;0;0;0;0
FR;9;2021-02-17;0;0;0;0;0;0;0;0;0;0;0;0;0;0;0;0;0;0
FR;9;2021-02-18;0;0;0;0;0;0;0;0;0;0;0;0;0;0;0;0;0;0
FR;9;2021-02-19;0;0;0;0;0;0;0;0;0;0;0;0;0;0;0;0;0;0
FR;9;2021-02-20;0;0;0;0;0;0;0;0;0;0;0;0;0;0;0;0;0;0
FR;9;2021-02-21;0;0;0;0;0;0;0;0;0;0;0;0;0;0;0;0;0;0
FR;9;2021-02-22;0;0;0;0;0;0;0;0;0;0;0;0;0;0;0;0;0;0
FR;9;2021-02-23;0;0;0;0;0;0;0;0;0;0;0;0;0;0;0;0;0;0
FR;9;2021-02-24;0;0;0;0;0;0;0;0;0;0;0;0;0;0;0;0;0;0
FR;9;2021-02-25;0;0;0;0;0;0;0;0;0;0;0;0;0;0;0;0;0;0
FR;9;2021-02-26;0;0;0;0;0;0;0;0;0;0;0;0;0;0;0;0;0;0
FR;9;2021-02-27;0;0;0;0;0;0;0;0;0;0;0;0;0;0;0;0;0;0
FR;9;2021-02-28;0;0;0;0;0;0;0;0;0;0;0;0;0;0;0;0;0;0
FR;9;2021-03-01;0;0;0;0;0;0;0;0;0;0;0;0;0;0;0;0;0;0
FR;9;2021-03-02;0;0;0;0;0;0;0;0;0;0;0;0;0;0;0;0;0;0
FR;9;2021-03-03;0;0;0;0;0;0;0;0;0;0;0;0;0;0;0;0;0;0
FR;9;2021-03-04;0;0;0;0;0;0;0;0;0;0;0;0;0;0;0;0;0;0
FR;9;2021-03-05;0;0;0;0;0;0;0;0;0;0;0;0;0;0;0;0;0;0
FR;9;2021-03-06;0;0;0;0;0;0;0;0;0;0;0;0;0;0;0;0;0;0
FR;9;2021-03-07;0;0;0;0;0;0;0;0;0;0;0;0;0;0;0;0;0;0
FR;9;2021-03-08;0;0;0;0;0;0;0;0;0;0;0;0;0;0;0;0;0;0
FR;9;2021-03-09;0;0;0;0;0;0;0;0;0;0;0;0;0;0;0;0;0;0
FR;9;2021-03-10;0;0;0;0;0;0;0;0;0;0;0;0;0;0;0;0;0;0
FR;9;2021-03-11;0;0;0;0;0;0;0;0;0;0;0;0;0;0;0;0;0;0
FR;9;2021-03-12;0;0;0;0;0;0;0;0;0;0;0;0;0;0;0;0;0;0
FR;9;2021-03-13;0;0;0;0;0;0;0;0;0;0;0;0;0;0;0;0;0;0
FR;9;2021-03-14;0;0;0;0;0;0;0;0;0;0;0;0;0;0;0;0;0;0
FR;9;2021-03-15;0;0;0;0;0;0;0;0;0;0;0;0;0;0;0;0;0;0
FR;9;2021-03-16;0;0;0;0;0;0;0;0;0;0;0;0;0;0;0;0;0;0
FR;9;2021-03-17;0;0;0;0;0;0;0;0;0;0;0;0;0;0;0;0;0;0
FR;9;2021-03-18;0;0;0;0;0;0;0;0;0;0;0;0;0;0;0;0;0;0
FR;9;2021-03-19;0;0;0;0;0;0;0;0;0;0;0;0;0;0;0;0;0;0
FR;9;2021-03-20;0;0;0;0;0;0;0;0;0;0;0;0;0;0;0;0;0;0
FR;9;2021-03-21;0;0;0;0;0;0;0;0;0;0;0;0;0;0;0;0;0;0
FR;9;2021-03-22;0;0;0;0;0;0;0;0;0;0;0;0;0;0;0;0;0;0
FR;9;2021-03-23;0;0;0;0;0;0;0;0;0;0;0;0;0;0;0;0;0;0
FR;9;2021-03-24;0;0;0;0;0;0;0;0;0;0;0;0;0;0;0;0;0;0
FR;9;2021-03-25;0;0;0;0;0;0;0;0;0;0;0;0;0;0;0;0;0;0
FR;9;2021-03-26;0;0;0;0;0;0;0;0;0;0;0;0;0;0;0;0;0;0
FR;9;2021-03-27;0;0;0;0;0;0;0;0;0;0;0;0;0;0;0;0;0;0
FR;9;2021-03-28;0;0;0;0;0;0;0;0;0;0;0;0;0;0;0;0;0;0
FR;9;2021-03-29;0;0;0;0;0;0;0;0;0;0;0;0;0;0;0;0;0;0
FR;9;2021-03-30;0;0;0;0;0;0;0;0;0;0;0;0;0;0;0;0;0;0
FR;9;2021-03-31;0;0;0;0;0;0;0;0;0;0;0;0;0;0;0;0;0;0
FR;9;2021-04-01;0;0;0;0;0;0;0;0;0;0;0;0;0;0;0;0;0;0
FR;9;2021-04-02;0;0;0;0;0;0;0;0;0;0;0;0;0;0;0;0;0;0
FR;9;2021-04-03;0;0;0;0;0;0;0;0;0;0;0;0;0;0;0;0;0;0
FR;9;2021-04-04;0;0;0;0;0;0;0;0;0;0;0;0;0;0;0;0;0;0
FR;9;2021-04-05;0;0;0;0;0;0;0;0;0;0;0;0;0;0;0;0;0;0
FR;9;2021-04-06;0;0;0;0;0;0;0;0;0;0;0;0;0;0;0;0;0;0
FR;9;2021-04-07;0;0;0;0;0;0;0;0;0;0;0;0;0;0;0;0;0;0
FR;9;2021-04-08;0;0;0;0;0;0;0;0;0;0;0;0;0;0;0;0;0;0
FR;9;2021-04-09;0;0;0;0;0;0;0;0;0;0;0;0;0;0;0;0;0;0
FR;9;2021-04-10;0;0;0;0;0;0;0;0;0;0;0;0;0;0;0;0;0;0
FR;9;2021-04-11;0;0;0;0;0;0;0;0;0;0;0;0;0;0;0;0;0;0
FR;9;2021-04-12;0;0;0;0;0;0;0;0;0;0;0;0;0;0;0;0;0;0
FR;9;2021-04-13;0;0;0;0;0;0;0;0;0;0;0;0;0;0;0;0;0;0
FR;9;2021-04-14;0;0;0;0;0;0;0;0;0;0;0;0;0;0;0;0;0;0
FR;9;2021-04-15;0;0;0;0;0;0;0;0;0;0;0;0;0;0;0;0;0;0
FR;9;2021-04-16;0;0;0;0;0;0;0;0;0;0;0;0;0;0;0;0;0;0
FR;9;2021-04-17;0;0;0;0;0;0;0;0;0;0;0;0;0;0;0;0;0;0
FR;9;2021-04-18;0;0;0;0;0;0;0;0;0;0;0;0;0;0;0;0;0;0
FR;9;2021-04-19;0;0;0;0;0;0;0;0;0;0;0;0;0;0;0;0;0;0
FR;9;2021-04-20;0;0;0;0;0;0;0;0;0;0;0;0;0;0;0;0;0;0
FR;9;2021-04-21;0;0;0;0;0;0;0;0;0;0;0;0;0;0;0;0;0;0
FR;9;2021-04-22;0;0;0;0;0;0;0;0;0;0;0;0;0;0;0;0;0;0
FR;9;2021-04-23;0;0;0;0;0;0;0;0;0;0;0;0;0;0;0;0;0;0
FR;9;2021-04-24;0;0;0;0;0;0;0;0;0;0;0;0;0;0;0;0;0;0
FR;9;2021-04-25;0;0;0;0;0;0;0;0;0;0;0;0;0;0;0;0;0;0
FR;9;2021-04-26;0;0;0;0;0;0;0;0;0;0;0;0;0;0;0;0;0;0
FR;9;2021-04-27;0;0;0;0;0;0;0;0;0;0;0;0;0;0;0;0;0;0
FR;9;2021-04-28;0;0;0;0;0;0;0;0;0;0;0;0;0;0;0;0;0;0
FR;9;2021-04-29;0;0;0;0;0;0;0;0;0;0;0;0;0;0;0;0;0;0
FR;9;2021-04-30;0;0;0;0;0;0;0;0;0;0;0;0;0;0;0;0;0;0
FR;9;2021-05-01;0;0;0;0;0;0;0;0;0;0;0;0;0;0;0;0;0;0
FR;9;2021-05-02;0;0;0;0;0;0;0;0;0;0;0;0;0;0;0;0;0;0
FR;9;2021-05-03;0;0;0;0;0;0;0;0;0;0;0;0;0;0;0;0;0;0
FR;9;2021-05-04;0;0;0;0;0;0;0;0;0;0;0;0;0;0;0;0;0;0
FR;9;2021-05-05;0;0;0;0;0;0;0;0;0;0;0;0;0;0;0;0;0;0
FR;9;2021-05-06;0;0;0;0;0;0;0;0;0;0;0;0;0;0;0;0;0;0
FR;9;2021-05-07;0;0;0;0;0;0;0;0;0;0;0;0;0;0;0;0;0;0
FR;9;2021-05-08;0;0;0;0;0;0;0;0;0;0;0;0;0;0;0;0;0;0
FR;9;2021-05-09;0;0;0;0;0;0;0;0;0;0;0;0;0;0;0;0;0;0
FR;9;2021-05-10;0;0;0;0;0;0;0;0;0;0;0;0;0;0;0;0;0;0
FR;9;2021-05-11;0;0;0;0;0;0;0;0;0;0;0;0;0;0;0;0;0;0
FR;9;2021-05-12;0;0;0;0;0;0;0;0;0;0;0;0;0;0;0;0;0;0
FR;9;2021-05-13;0;0;0;0;0;0;0;0;0;0;0;0;0;0;0;0;0;0
FR;9;2021-05-14;0;0;0;0;0;0;0;0;0;0;0;0;0;0;0;0;0;0
FR;9;2021-05-15;0;0;0;0;0;0;0;0;0;0;0;0;0;0;0;0;0;0
FR;9;2021-05-16;0;0;0;0;0;0;0;0;0;0;0;0;0;0;0;0;0;0
FR;9;2021-05-17;0;0;0;0;0;0;0;0;0;0;0;0;0;0;0;0;0;0
FR;9;2021-05-18;0;0;0;0;0;0;0;0;0;0;0;0;0;0;0;0;0;0
FR;9;2021-05-19;0;0;0;0;0;0;0;0;0;0;0;0;0;0;0;0;0;0
FR;9;2021-05-20;0;0;0;0;0;0;0;0;0;0;0;0;0;0;0;0;0;0
FR;9;2021-05-21;0;0;0;0;0;0;0;0;0;0;0;0;0;0;0;0;0;0
FR;9;2021-05-22;0;0;0;0;0;0;0;0;0;0;0;0;0;0;0;0;0;0
FR;9;2021-05-23;0;0;0;0;0;0;0;0;0;0;0;0;0;0;0;0;0;0
FR;9;2021-05-24;0;0;0;0;0;0;0;0;0;0;0;0;0;0;0;0;0;0
FR;9;2021-05-25;0;0;0;0;0;0;0;0;0;0;0;0;0;0;0;0;0;0
FR;9;2021-05-26;0;0;0;0;0;0;0;0;0;0;0;0;0;0;0;0;0;0
FR;9;2021-05-27;0;0;0;0;0;0;0;0;0;0;0;0;0;0;0;0;0;0
FR;9;2021-05-28;0;0;0;0;0;0;0;0;0;0;0;0;0;0;0;0;0;0
FR;9;2021-05-29;0;0;0;0;0;0;0;0;0;0;0;0;0;0;0;0;0;0
FR;9;2021-05-30;0;0;0;0;0;0;0;0;0;0;0;0;0;0;0;0;0;0
FR;9;2021-05-31;0;0;0;0;0;0;0;0;0;0;0;0;0;0;0;0;0;0
FR;9;2021-06-01;0;0;0;0;0;0;0;0;0;0;0;0;0;0;0;0;0;0
FR;9;2021-06-02;0;0;0;0;0;0;0;0;0;0;0;0;0;0;0;0;0;0
FR;9;2021-06-03;0;0;0;0;0;0;0;0;0;0;0;0;0;0;0;0;0;0
FR;9;2021-06-04;0;0;0;0;0;0;0;0;0;0;0;0;0;0;0;0;0;0
FR;9;2021-06-05;0;0;0;0;0;0;0;0;0;0;0;0;0;0;0;0;0;0
FR;9;2021-06-06;0;0;0;0;0;0;0;0;0;0;0;0;0;0;0;0;0;0
FR;9;2021-06-07;0;0;0;0;0;0;0;0;0;0;0;0;0;0;0;0;0;0
FR;9;2021-06-08;0;0;0;0;0;0;0;0;0;0;0;0;0;0;0;0;0;0
FR;9;2021-06-09;0;0;0;0;0;0;0;0;0;0;0;0;0;0;0;0;0;0
FR;9;2021-06-10;0;0;0;0;0;0;0;0;0;0;0;0;0;0;0;0;0;0
FR;9;2021-06-11;0;0;0;0;0;0;0;0;0;0;0;0;0;0;0;0;0;0
FR;9;2021-06-12;0;0;0;0;0;0;0;0;0;0;0;0;0;0;0;0;0;0
FR;9;2021-06-13;0;0;0;0;0;0;0;0;0;0;0;0;0;0;0;0;0;0
FR;9;2021-06-14;0;0;0;0;0;0;0;0;0;0;0;0;0;0;0;0;0;0
FR;9;2021-06-15;0;0;0;0;0;0;0;0;0;0;0;0;0;0;0;0;0;0
FR;9;2021-06-16;0;0;0;0;0;0;0;0;0;0;0;0;0;0;0;0;0;0
FR;9;2021-06-17;0;0;0;0;0;0;0;0;0;0;0;0;0;0;0;0;0;0
FR;9;2021-06-18;0;0;0;0;0;0;0;0;0;0;0;0;0;0;0;0;0;0
FR;9;2021-06-19;0;0;0;0;0;0;0;0;0;0;0;0;0;0;0;0;0;0
FR;9;2021-06-20;0;0;0;0;0;0;0;0;0;0;0;0;0;0;0;0;0;0
FR;9;2021-06-21;0;0;0;0;0;0;0;0;0;0;0;0;0;0;0;0;0;0
FR;9;2021-06-22;0;0;0;0;0;0;0;0;0;0;0;0;0;0;0;0;0;0
FR;9;2021-06-23;0;0;0;0;0;0;0;0;0;0;0;0;0;0;0;0;0;0
FR;9;2021-06-24;0;0;0;0;0;0;0;0;0;0;0;0;0;0;0;0;0;0
FR;9;2021-06-25;0;0;0;0;0;0;0;0;0;0;0;0;0;0;0;0;0;0
FR;9;2021-06-26;0;0;0;0;0;0;0;0;0;0;0;0;0;0;0;0;0;0
FR;9;2021-06-27;0;0;0;0;0;0;0;0;0;0;0;0;0;0;0;0;0;0
FR;9;2021-06-28;0;0;0;0;0;0;0;0;0;0;0;0;0;0;0;0;0;0
FR;9;2021-06-29;0;0;0;0;0;0;0;0;0;0;0;0;0;0;0;0;0;0
FR;9;2021-06-30;0;0;0;0;0;0;0;0;0;0;0;0;0;0;0;0;0;0
FR;9;2021-07-01;0;0;0;0;0;0;0;0;0;0;0;0;0;0;0;0;0;0
FR;9;2021-07-02;0;0;0;0;0;0;0;0;0;0;0;0;0;0;0;0;0;0
FR;9;2021-07-03;0;0;0;0;0;0;0;0;0;0;0;0;0;0;0;0;0;0
FR;9;2021-07-04;0;0;0;0;0;0;0;0;0;0;0;0;0;0;0;0;0;0
FR;9;2021-07-05;0;0;0;0;0;0;0;0;0;0;0;0;0;0;0;0;0;0
FR;9;2021-07-06;0;0;0;0;0;0;0;0;0;0;0;0;0;0;0;0;0;0
FR;9;2021-07-07;0;0;0;0;0;0;0;0;0;0;0;0;0;0;0;0;0;0
FR;9;2021-07-08;0;0;0;0;0;0;0;0;0;0;0;0;0;0;0;0;0;0
FR;9;2021-07-09;0;0;0;0;0;0;0;0;0;0;0;0;0;0;0;0;0;0
FR;9;2021-07-10;0;0;0;0;0;0;0;0;0;0;0;0;0;0;0;0;0;0
FR;9;2021-07-11;0;0;0;0;0;0;0;0;0;0;0;0;0;0;0;0;0;0
FR;9;2021-07-12;0;0;0;0;0;0;0;0;0;0;0;0;0;0;0;0;0;0
FR;9;2021-07-13;0;0;0;0;0;0;0;0;0;0;0;0;0;0;0;0;0;0
FR;9;2021-07-14;0;0;0;0;0;0;0;0;0;0;0;0;0;0;0;0;0;0
FR;9;2021-07-15;0;0;0;0;0;0;0;0;0;0;0;0;0;0;0;0;0;0
FR;9;2021-07-16;0;0;0;0;0;0;0;0;0;0;0;0;0;0;0;0;0;0
FR;9;2021-07-17;0;0;0;0;0;0;0;0;0;0;0;0;0;0;0;0;0;0
FR;9;2021-07-18;0;0;0;0;0;0;0;0;0;0;0;0;0;0;0;0;0;0
FR;9;2021-07-19;0;0;0;0;0;0;0;0;0;0;0;0;0;0;0;0;0;0
FR;9;2021-07-20;0;0;0;0;0;0;0;0;0;0;0;0;0;0;0;0;0;0
FR;9;2021-07-21;0;0;0;0;0;0;0;0;0;0;0;0;0;0;0;0;0;0
FR;9;2021-07-22;0;0;0;0;0;0;0;0;0;0;0;0;0;0;0;0;0;0
FR;9;2021-07-23;0;0;0;0;0;0;0;0;0;0;0;0;0;0;0;0;0;0
FR;9;2021-07-24;0;0;0;0;0;0;0;0;0;0;0;0;0;0;0;0;0;0
FR;9;2021-07-25;0;0;0;0;0;0;0;0;0;0;0;0;0;0;0;0;0;0
FR;9;2021-07-26;0;0;0;0;0;0;0;0;0;0;0;0;0;0;0;0;0;0
FR;9;2021-07-27;0;0;0;0;0;0;0;0;0;0;0;0;0;0;0;0;0;0
FR;9;2021-07-28;0;0;0;0;0;0;0;0;0;0;0;0;0;0;0;0;0;0
FR;9;2021-07-29;0;0;0;0;0;0;0;0;0;0;0;0;0;0;0;0;0;0
FR;9;2021-07-30;0;0;0;0;0;0;0;0;0;0;0;0;0;0;0;0;0;0
FR;9;2021-07-31;0;0;0;0;0;0;0;0;0;0;0;0;0;0;0;0;0;0
FR;9;2021-08-01;0;0;0;0;0;0;0;0;0;0;0;0;0;0;0;0;0;0
FR;9;2021-08-02;0;0;0;0;0;0;0;0;0;0;0;0;0;0;0;0;0;0
FR;9;2021-08-03;0;0;0;0;0;0;0;0;0;0;0;0;0;0;0;0;0;0
FR;9;2021-08-04;0;0;0;0;0;0;0;0;0;0;0;0;0;0;0;0;0;0
FR;9;2021-08-05;0;0;0;0;0;0;0;0;0;0;0;0;0;0;0;0;0;0
FR;9;2021-08-06;0;0;0;0;0;0;0;0;0;0;0;0;0;0;0;0;0;0
FR;9;2021-08-07;0;0;0;0;0;0;0;0;0;0;0;0;0;0;0;0;0;0
FR;9;2021-08-08;0;0;0;0;0;0;0;0;0;0;0;0;0;0;0;0;0;0
FR;9;2021-08-09;0;0;0;0;0;0;0;0;0;0;0;0;0;0;0;0;0;0
FR;9;2021-08-10;0;0;0;0;0;0;0;0;0;0;0;0;0;0;0;0;0;0
FR;9;2021-08-11;0;0;0;0;0;0;0;0;0;0;0;0;0;0;0;0;0;0
FR;9;2021-08-12;0;0;0;0;0;0;0;0;0;0;0;0;0;0;0;0;0;0
FR;9;2021-08-13;0;0;0;0;0;0;0;0;0;0;0;0;0;0;0;0;0;0
FR;9;2021-08-14;0;0;0;0;0;0;0;0;0;0;0;0;0;0;0;0;0;0
FR;9;2021-08-15;0;0;0;0;0;0;0;0;0;0;0;0;0;0;0;0;0;0
FR;9;2021-08-16;0;0;0;0;0;0;0;0;0;0;0;0;0;0;0;0;0;0
FR;9;2021-08-17;0;0;0;0;0;0;0;0;0;0;0;0;0;0;0;0;0;0
FR;9;2021-08-18;0;0;0;0;0;0;0;0;0;0;0;0;0;0;0;0;0;0
FR;9;2021-08-19;0;0;0;0;0;0;0;0;0;0;0;0;0;0;0;0;0;0
FR;9;2021-08-20;0;0;0;0;0;0;0;0;0;0;0;0;0;0;0;0;0;0
FR;9;2021-08-21;0;0;0;0;0;0;0;0;0;0;0;0;0;0;0;0;0;0
FR;9;2021-08-22;0;0;0;0;0;0;0;0;0;0;0;0;0;0;0;0;0;0
FR;9;2021-08-23;0;0;0;0;0;0;0;0;0;0;0;0;0;0;0;0;0;0
FR;9;2021-08-24;0;0;0;0;0;0;0;0;0;0;0;0;0;0;0;0;0;0
FR;9;2021-08-25;0;0;0;0;0;0;0;0;0;0;0;0;0;0;0;0;0;0
FR;9;2021-08-26;0;0;0;0;0;0;0;0;0;0;0;0;0;0;0;0;0;0
FR;9;2021-08-27;0;0;0;0;0;0;0;0;0;0;0;0;0;0;0;0;0;0
FR;9;2021-08-28;0;0;0;0;0;0;0;0;0;0;0;0;0;0;0;0;0;0
FR;9;2021-08-29;0;0;0;0;0;0;0;0;0;0;0;0;0;0;0;0;0;0
FR;9;2021-08-30;0;0;0;0;0;0;0;0;0;0;0;0;0;0;0;0;0;0
FR;9;2021-08-31;0;0;0;0;0;0;0;0;0;0;0;0;0;0;0;0;0;0
FR;9;2021-09-01;0;0;0;0;0;0;0;0;0;0;0;0;0;0;0;0;0;0
FR;9;2021-09-02;0;0;0;0;0;0;0;0;0;0;0;0;0;0;0;0;0;0
FR;9;2021-09-03;0;0;0;0;0;0;0;0;0;0;0;0;0;0;0;0;0;0
FR;9;2021-09-04;0;0;0;0;0;0;0;0;0;0;0;0;0;0;0;0;0;0
FR;9;2021-09-05;0;0;0;0;0;0;0;0;0;0;0;0;0;0;0;0;0;0
FR;9;2021-09-06;0;0;0;0;0;0;0;0;0;0;0;0;0;0;0;0;0;0
FR;9;2021-09-07;0;0;0;0;0;0;0;0;0;0;0;0;0;0;0;0;0;0
FR;9;2021-09-08;0;0;0;0;0;0;0;0;0;0;0;0;0;0;0;0;0;0
FR;9;2021-09-09;0;0;0;0;0;0;0;0;0;0;0;0;0;0;0;0;0;0
FR;9;2021-09-10;0;0;0;0;0;0;0;0;0;0;0;0;0;0;0;0;0;0
FR;9;2021-09-11;0;0;0;0;0;0;0;0;0;0;0;0;0;0;0;0;0;0
FR;9;2021-09-12;0;0;0;0;0;0;0;0;0;0;0;0;0;0;0;0;0;0
FR;9;2021-09-13;0;0;0;0;0;0;0;0;0;0;0;0;0;0;0;0;0;0
FR;9;2021-09-14;0;0;0;0;0;0;0;0;0;0;0;0;0;0;0;0;0;0
FR;9;2021-09-15;0;0;0;0;0;0;0;0;0;0;0;0;0;0;0;0;0;0
FR;9;2021-09-16;0;0;0;0;0;0;0;0;0;0;0;0;0;0;0;0;0;0
FR;9;2021-09-17;0;0;0;0;0;0;0;0;0;0;0;0;0;0;0;0;0;0
FR;9;2021-09-18;0;0;0;0;0;0;0;0;0;0;0;0;0;0;0;0;0;0
FR;9;2021-09-19;0;0;0;0;0;0;0;0;0;0;0;0;0;0;0;0;0;0
FR;9;2021-09-20;0;0;0;0;0;0;0;0;0;0;0;0;0;0;0;0;0;0
FR;9;2021-09-21;0;0;0;0;0;0;0;0;0;0;0;0;0;0;0;0;0;0
FR;9;2021-09-22;0;0;0;0;0;0;0;0;0;0;0;0;0;0;0;0;0;0
FR;9;2021-09-23;0;0;0;0;0;0;0;0;0;0;0;0;0;0;0;0;0;0
FR;9;2021-09-24;0;0;0;0;0;0;0;0;0;0;0;0;0;0;0;0;0;0
FR;9;2021-09-25;0;0;0;0;0;0;0;0;0;0;0;0;0;0;0;0;0;0
FR;9;2021-09-26;0;0;0;0;0;0;0;0;0;0;0;0;0;0;0;0;0;0
FR;9;2021-09-27;0;0;0;0;0;0;0;0;0;0;0;0;0;0;0;0;0;0
FR;9;2021-09-28;0;0;0;0;0;0;0;0;0;0;0;0;0;0;0;0;0;0
FR;9;2021-09-29;0;0;0;0;0;0;0;0;0;0;0;0;0;0;0;0;0;0
FR;9;2021-09-30;0;0;0;0;0;0;0;0;0;0;0;0;0;0;0;0;0;0
FR;9;2021-10-01;0;0;0;0;0;0;0;0;0;0;0;0;0;0;0;0;0;0
FR;9;2021-10-02;0;0;0;0;0;0;0;0;0;0;0;0;0;0;0;0;0;0
FR;9;2021-10-03;0;0;0;0;0;0;0;0;0;0;0;0;0;0;0;0;0;0
FR;9;2021-10-04;0;0;0;0;0;0;0;0;0;0;0;0;0;0;0;0;0;0
FR;9;2021-10-05;0;0;0;0;0;0;0;0;0;0;0;0;0;0;0;0;0;0
FR;9;2021-10-06;0;0;0;0;0;0;0;0;0;0;0;0;0;0;0;0;0;0
FR;9;2021-10-07;0;0;0;0;0;0;0;0;0;0;0;0;0;0;0;0;0;0
FR;9;2021-10-08;0;0;0;0;0;0;0;0;0;0;0;0;0;0;0;0;0;0
FR;9;2021-10-09;0;0;0;0;0;0;0;0;0;0;0;0;0;0;0;0;0;0
FR;9;2021-10-10;0;0;0;0;0;0;0;0;0;0;0;0;0;0;0;0;0;0
FR;9;2021-10-11;0;0;0;0;0;0;0;0;0;0;0;0;0;0;0;0;0;0
FR;9;2021-10-12;0;0;0;0;0;0;0;0;0;0;0;0;0;0;0;0;0;0
FR;9;2021-10-13;0;0;0;0;0;0;0;0;0;0;0;0;0;0;0;0;0;0
FR;9;2021-10-14;0;0;0;0;0;0;0;0;0;0;0;0;0;0;0;0;0;0
FR;9;2021-10-15;0;0;0;0;0;0;0;0;0;0;0;0;0;0;0;0;0;0
FR;9;2021-10-16;0;0;0;0;0;0;0;0;0;0;0;0;0;0;0;0;0;0
FR;9;2021-10-17;0;0;0;0;0;0;0;0;0;0;0;0;0;0;0;0;0;0
FR;9;2021-10-18;0;0;0;0;0;0;0;0;0;0;0;0;0;0;0;0;0;0
FR;9;2021-10-19;0;0;0;0;0;0;0;0;0;0;0;0;0;0;0;0;0;0
FR;9;2021-10-20;0;0;0;0;0;0;0;0;0;0;0;0;0;0;0;0;0;0
FR;9;2021-10-21;0;0;0;0;0;0;0;0;0;0;0;0;0;0;0;0;0;0
FR;9;2021-10-22;0;0;0;0;0;0;0;0;0;0;0;0;0;0;0;0;0;0
FR;9;2021-10-23;0;0;0;0;0;0;0;0;0;0;0;0;0;0;0;0;0;0
FR;9;2021-10-24;0;0;0;0;0;0;0;0;0;0;0;0;0;0;0;0;0;0
FR;9;2021-10-25;0;0;0;0;0;0;0;0;0;0;0;0;0;0;0;0;0;0
FR;9;2021-10-26;0;0;0;0;0;0;0;0;0;0;0;0;0;0;0;0;0;0
FR;9;2021-10-27;0;0;0;0;0;0;0;0;0;0;0;0;0;0;0;0;0;0
FR;9;2021-10-28;0;0;0;0;0;0;0;0;0;0;0;0;0;0;0;0;0;0
FR;9;2021-10-29;0;0;0;0;0;0;0;0;0;0;0;0;0;0;0;0;0;0
FR;9;2021-10-30;0;0;0;0;0;0;0;0;0;0;0;0;0;0;0;0;0;0
FR;9;2021-10-31;0;0;0;0;0;0;0;0;0;0;0;0;0;0;0;0;0;0
FR;9;2021-11-01;0;0;0;0;0;0;0;0;0;0;0;0;0;0;0;0;0;0
FR;9;2021-11-02;0;0;0;0;0;0;0;0;0;0;0;0;0;0;0;0;0;0
FR;9;2021-11-03;0;0;0;0;0;0;0;0;0;0;0;0;0;0;0;0;0;0
FR;9;2021-11-04;0;0;0;0;0;0;0;0;0;0;0;0;0;0;0;0;0;0
FR;9;2021-11-05;0;0;0;0;0;0;0;0;0;0;0;0;0;0;0;0;0;0
FR;9;2021-11-06;0;0;0;0;0;0;0;0;0;0;0;0;0;0;0;0;0;0
FR;9;2021-11-07;0;0;0;0;0;0;0;0;0;0;0;0;0;0;0;0;0;0
FR;9;2021-11-08;0;0;0;0;0;0;0;0;0;0;0;0;0;0;0;0;0;0
FR;9;2021-11-09;0;0;0;0;0;0;0;0;0;0;0;0;0;0;0;0;0;0
FR;9;2021-11-10;0;0;0;0;0;0;0;0;0;0;0;0;0;0;0;0;0;0
FR;9;2021-11-11;0;0;0;0;0;0;0;0;0;0;0;0;0;0;0;0;0;0
FR;9;2021-11-12;0;0;0;0;0;0;0;0;0;0;0;0;0;0;0;0;0;0
FR;9;2021-11-13;0;0;0;0;0;0;0;0;0;0;0;0;0;0;0;0;0;0
FR;9;2021-11-14;0;0;0;0;0;0;0;0;0;0;0;0;0;0;0;0;0;0
FR;9;2021-11-15;0;0;0;0;0;0;0;0;0;0;0;0;0;0;0;0;0;0
FR;9;2021-11-16;0;0;0;0;0;0;0;0;0;0;0;0;0;0;0;0;0;0
FR;9;2021-11-17;0;0;0;0;0;0;0;0;0;0;0;0;0;0;0;0;0;0
FR;9;2021-11-18;0;0;0;0;0;0;0;0;0;0;0;0;0;0;0;0;0;0
FR;9;2021-11-19;0;0;0;0;0;0;0;0;0;0;0;0;0;0;0;0;0;0
FR;9;2021-11-20;0;0;0;0;0;0;0;0;0;0;0;0;0;0;0;0;0;0
FR;9;2021-11-21;0;0;0;0;0;0;0;0;0;0;0;0;0;0;0;0;0;0
FR;9;2021-11-22;0;0;0;0;0;0;0;0;0;0;0;0;0;0;0;0;0;0
FR;9;2021-11-23;0;0;0;0;0;0;0;0;0;0;0;0;0;0;0;0;0;0
FR;9;2021-11-24;0;0;0;0;0;0;0;0;0;0;0;0;0;0;0;0;0;0
FR;9;2021-11-25;0;0;0;0;0;0;0;0;0;0;0;0;0;0;0;0;0;0
FR;9;2021-11-26;0;0;0;0;0;0;0;0;0;0;0;0;0;0;0;0;0;0
FR;9;2021-11-27;0;0;0;0;0;0;0;0;0;0;0;0;0;0;0;0;0;0
FR;9;2021-11-28;0;0;0;0;0;0;0;0;0;0;0;0;0;0;0;0;0;0
FR;9;2021-11-29;0;0;0;0;0;0;0;0;0;0;0;0;0;0;0;0;0;0
FR;9;2021-11-30;0;0;0;0;0;0;0;0;0;0;0;0;0;0;0;0;0;0
FR;9;2021-12-01;0;0;0;0;0;0;0;0;0;0;0;0;0;0;0;0;0;0
FR;9;2021-12-02;0;0;0;0;0;0;0;0;0;0;0;0;0;0;0;0;0;0
FR;9;2021-12-03;0;0;0;0;0;0;0;0;0;0;0;0;0;0;0;0;0;0
FR;9;2021-12-04;0;0;0;0;0;0;0;0;0;0;0;0;0;0;0;0;0;0
FR;9;2021-12-05;0;0;0;0;0;0;0;0;0;0;0;0;0;0;0;0;0;0
FR;9;2021-12-06;0;0;0;0;0;0;0;0;0;0;0;0;0;0;0;0;0;0
FR;9;2021-12-07;0;0;0;0;0;0;0;0;0;0;0;0;0;0;0;0;0;0
FR;9;2021-12-08;0;0;0;0;0;0;0;0;0;0;0;0;0;0;0;0;0;0
FR;9;2021-12-09;0;0;0;0;0;0;0;0;0;0;0;0;0;0;0;0;0;0
FR;9;2021-12-10;0;0;0;0;0;0;0;0;0;0;0;0;0;0;0;0;0;0
FR;9;2021-12-11;0;0;0;0;0;0;0;0;0;0;0;0;0;0;0;0;0;0
FR;9;2021-12-12;0;0;0;0;0;0;0;0;0;0;0;0;0;0;0;0;0;0
FR;9;2021-12-13;0;0;0;0;0;0;0;0;0;0;0;0;0;0;0;0;0;0
FR;9;2021-12-14;0;0;0;0;0;0;0;0;0;0;0;0;0;0;0;0;0;0
FR;9;2021-12-15;0;0;0;0;0;0;0;0;0;0;0;0;0;0;0;0;0;0
FR;9;2021-12-16;0;0;0;0;0;0;0;0;0;0;0;0;0;0;0;0;0;0
FR;9;2021-12-17;0;0;0;0;0;0;0;0;0;0;0;0;0;0;0;0;0;0
FR;9;2021-12-18;0;0;0;0;0;0;0;0;0;0;0;0;0;0;0;0;0;0
FR;9;2021-12-19;0;0;0;0;0;0;0;0;0;0;0;0;0;0;0;0;0;0
FR;9;2021-12-20;0;0;0;0;0;0;0;0;0;0;0;0;0;0;0;0;0;0
FR;9;2021-12-21;0;0;0;0;0;0;0;0;0;0;0;0;0;0;0;0;0;0
FR;9;2021-12-22;0;0;0;0;0;0;0;0;0;0;0;0;0;0;0;0;0;0
FR;9;2021-12-23;0;0;0;0;0;0;0;0;0;0;0;0;0;0;0;0;0;0
FR;9;2021-12-24;0;0;0;0;0;0;0;0;0;0;0;0;0;0;0;0;0;0
FR;9;2021-12-25;0;0;0;0;0;0;0;0;0;0;0;0;0;0;0;0;0;0
FR;9;2021-12-26;0;0;0;0;0;0;0;0;0;0;0;0;0;0;0;0;0;0
FR;9;2021-12-27;0;0;0;0;0;0;0;0;0;0;0;0;0;0;0;0;0;0
FR;9;2021-12-28;0;0;0;0;0;0;0;0;0;0;0;0;0;0;0;0;0;0
FR;9;2021-12-29;0;0;0;0;0;0;0;0;0;0;0;0;0;0;0;0;0;0
FR;9;2021-12-30;0;0;0;0;0;0;0;0;0;0;0;0;0;0;0;0;0;0
FR;9;2021-12-31;0;0;0;0;0;0;0;0;0;0;0;0;0;0;0;0;0;0
FR;9;2022-01-01;0;0;0;0;0;0;0;0;0;0;0;0;0;0;0;0;0;0
FR;9;2022-01-02;0;0;0;0;0;0;0;0;0;0;0;0;0;0;0;0;0;0
FR;9;2022-01-03;0;0;0;0;0;0;0;0;0;0;0;0;0;0;0;0;0;0
FR;9;2022-01-04;0;0;0;0;0;0;0;0;0;0;0;0;0;0;0;0;0;0
FR;9;2022-01-05;0;0;0;0;0;0;0;0;0;0;0;0;0;0;0;0;0;0
FR;9;2022-01-06;0;0;0;0;0;0;0;0;0;0;0;0;0;0;0;0;0;0
FR;9;2022-01-07;0;0;0;0;0;0;0;0;0;0;0;0;0;0;0;0;0;0
FR;9;2022-01-08;0;0;0;0;0;0;0;0;0;0;0;0;0;0;0;0;0;0
FR;9;2022-01-09;0;0;0;0;0;0;0;0;0;0;0;0;0;0;0;0;0;0
FR;9;2022-01-10;0;0;0;0;0;0;0;0;0;0;0;0;0;0;0;0;0;0
FR;9;2022-01-11;0;0;0;0;0;0;0;0;0;0;0;0;0;0;0;0;0;0
FR;9;2022-01-12;0;0;0;0;0;0;0;0;0;0;0;0;0;0;0;0;0;0
FR;9;2022-01-13;0;0;0;0;0;0;0;0;0;0;0;0;0;0;0;0;0;0
FR;9;2022-01-14;0;0;0;0;0;0;0;0;0;0;0;0;0;0;0;0;0;0
FR;9;2022-01-15;0;0;0;0;0;0;0;0;0;0;0;0;0;0;0;0;0;0
FR;9;2022-01-16;0;0;0;0;0;0;0;0;0;0;0;0;0;0;0;0;0;0
FR;9;2022-01-17;0;0;0;0;0;0;0;0;0;0;0;0;0;0;0;0;0;0
FR;9;2022-01-18;0;0;0;0;0;0;0;0;0;0;0;0;0;0;0;0;0;0
FR;9;2022-01-19;0;0;0;0;0;0;0;0;0;0;0;0;0;0;0;0;0;0
FR;9;2022-01-20;0;0;0;0;0;0;0;0;0;0;0;0;0;0;0;0;0;0
FR;9;2022-01-21;0;0;0;0;0;0;0;0;0;0;0;0;0;0;0;0;0;0
FR;9;2022-01-22;0;0;0;0;0;0;0;0;0;0;0;0;0;0;0;0;0;0
FR;9;2022-01-23;0;0;0;0;0;0;0;0;0;0;0;0;0;0;0;0;0;0
FR;9;2022-01-24;0;0;0;0;0;0;0;0;0;0;0;0;0;0;0;0;0;0
FR;9;2022-01-25;0;0;0;0;0;0;0;0;0;0;0;0;0;0;0;0;0;0
FR;9;2022-01-26;0;0;0;0;0;0;0;0;0;0;0;0;0;0;0;0;0;0
FR;9;2022-01-27;0;0;0;0;0;0;0;0;0;0;0;0;0;0;0;0;0;0
FR;9;2022-01-28;0;0;0;0;0;0;0;0;0;0;0;0;0;0;0;0;0;0
FR;9;2022-01-29;0;0;0;0;0;0;0;0;0;0;0;0;0;0;0;0;0;0
FR;9;2022-01-30;0;0;0;0;0;0;0;0;0;0;0;0;0;0;0;0;0;0
FR;9;2022-01-31;0;0;0;0;0;0;0;0;0;0;0;0;0;0;0;0;0;0
FR;9;2022-02-01;0;0;0;0;0;0;0;0;0;0;0;0;0;0;0;0;0;0
FR;9;2022-02-02;0;0;0;0;0;0;0;0;0;0;0;0;0;0;0;0;0;0
FR;9;2022-02-03;0;0;0;0;0;0;0;0;0;0;0;0;0;0;0;0;0;0
FR;9;2022-02-04;0;0;0;0;0;0;0;0;0;0;0;0;0;0;0;0;0;0
FR;9;2022-02-05;0;0;0;0;0;0;0;0;0;0;0;0;0;0;0;0;0;0
FR;9;2022-02-06;0;0;0;0;0;0;0;0;0;0;0;0;0;0;0;0;0;0
FR;9;2022-02-07;0;0;0;0;0;0;0;0;0;0;0;0;0;0;0;0;0;0
FR;9;2022-02-08;0;0;0;0;0;0;0;0;0;0;0;0;0;0;0;0;0;0
FR;9;2022-02-09;0;0;0;0;0;0;0;0;0;0;0;0;0;0;0;0;0;0
FR;9;2022-02-10;0;0;0;0;0;0;0;0;0;0;0;0;0;0;0;0;0;0
FR;9;2022-02-11;0;0;0;0;0;0;0;0;0;0;0;0;0;0;0;0;0;0
FR;9;2022-02-12;0;0;0;0;0;0;0;0;0;0;0;0;0;0;0;0;0;0
FR;9;2022-02-13;0;0;0;0;0;0;0;0;0;0;0;0;0;0;0;0;0;0
FR;9;2022-02-14;0;0;0;0;0;0;0;0;0;0;0;0;0;0;0;0;0;0
FR;9;2022-02-15;0;0;0;0;0;0;0;0;0;0;0;0;0;0;0;0;0;0
FR;9;2022-02-16;0;0;0;0;0;0;0;0;0;0;0;0;0;0;0;0;0;0
FR;9;2022-02-17;0;0;0;0;0;0;0;0;0;0;0;0;0;0;0;0;0;0
FR;9;2022-02-18;0;0;0;0;0;0;0;0;0;0;0;0;0;0;0;0;0;0
FR;9;2022-02-19;0;0;0;0;0;0;0;0;0;0;0;0;0;0;0;0;0;0
FR;9;2022-02-20;0;0;0;0;0;0;0;0;0;0;0;0;0;0;0;0;0;0
FR;9;2022-02-21;0;0;0;0;0;0;0;0;0;0;0;0;0;0;0;0;0;0
FR;9;2022-02-22;0;0;0;0;0;0;0;0;0;0;0;0;0;0;0;0;0;0
FR;9;2022-02-23;0;0;0;0;0;0;0;0;0;0;0;0;0;0;0;0;0;0
FR;9;2022-02-24;0;0;0;0;0;0;0;0;0;0;0;0;0;0;0;0;0;0
FR;9;2022-02-25;0;0;0;0;0;0;0;0;0;0;0;0;0;0;0;0;0;0
FR;9;2022-02-26;0;0;0;0;0;0;0;0;0;0;0;0;0;0;0;0;0;0
FR;9;2022-02-27;0;0;0;0;0;0;0;0;0;0;0;0;0;0;0;0;0;0
FR;9;2022-02-28;0;0;0;0;0;0;0;0;0;0;0;0;0;0;0;0;0;0
FR;9;2022-03-01;0;0;0;0;0;0;0;0;0;0;0;0;0;0;0;0;0;0
FR;9;2022-03-02;0;0;0;0;0;0;0;0;0;0;0;0;0;0;0;0;0;0
FR;9;2022-03-03;0;0;0;0;0;0;0;0;0;0;0;0;0;0;0;0;0;0
FR;9;2022-03-04;0;0;0;0;0;0;0;0;0;0;0;0;0;0;0;0;0;0
FR;9;2022-03-05;0;0;0;0;0;0;0;0;0;0;0;0;0;0;0;0;0;0
FR;9;2022-03-06;0;0;0;0;0;0;0;0;0;0;0;0;0;0;0;0;0;0
FR;9;2022-03-07;0;0;0;0;0;0;0;0;0;0;0;0;0;0;0;0;0;0
FR;9;2022-03-08;0;0;0;0;0;0;0;0;0;0;0;0;0;0;0;0;0;0
FR;9;2022-03-09;0;0;0;0;0;0;0;0;0;0;0;0;0;0;0;0;0;0
FR;9;2022-03-10;0;0;0;0;0;0;0;0;0;0;0;0;0;0;0;0;0;0
FR;9;2022-03-11;0;0;0;0;0;0;0;0;0;0;0;0;0;0;0;0;0;0
FR;9;2022-03-12;0;0;0;0;0;0;0;0;0;0;0;0;0;0;0;0;0;0
FR;9;2022-03-13;0;0;0;0;0;0;0;0;0;0;0;0;0;0;0;0;0;0
FR;9;2022-03-14;0;0;0;0;0;0;0;0;0;0;0;0;0;0;0;0;0;0
FR;9;2022-03-15;0;0;0;0;0;0;0;0;0;0;0;0;0;0;0;0;0;0
FR;9;2022-03-16;0;0;0;0;0;0;0;0;0;0;0;0;0;0;0;0;0;0
FR;9;2022-03-17;0;0;0;0;0;0;0;0;0;0;0;0;0;0;0;0;0;0
FR;9;2022-03-18;0;0;0;0;0;0;0;0;0;0;0;0;0;0;0;0;0;0
FR;9;2022-03-19;0;0;0;0;0;0;0;0;0;0;0;0;0;0;0;0;0;0
FR;9;2022-03-20;0;0;0;0;0;0;0;0;0;0;0;0;0;0;0;0;0;0
FR;9;2022-03-21;0;0;0;0;0;0;0;0;0;0;0;0;0;0;0;0;0;0
FR;9;2022-03-22;0;0;0;0;0;0;0;0;0;0;0;0;0;0;0;0;0;0
FR;9;2022-03-23;0;0;0;0;0;0;0;0;0;0;0;0;0;0;0;0;0;0
FR;9;2022-03-24;0;0;0;0;0;0;0;0;0;0;0;0;0;0;0;0;0;0
FR;9;2022-03-25;0;0;0;0;0;0;0;0;0;0;0;0;0;0;0;0;0;0
FR;9;2022-03-26;0;0;0;0;0;0;0;0;0;0;0;0;0;0;0;0;0;0
FR;9;2022-03-27;0;0;0;0;0;0;0;0;0;0;0;0;0;0;0;0;0;0
FR;9;2022-03-28;0;0;0;0;0;0;0;0;0;0;0;0;0;0;0;0;0;0
FR;9;2022-03-29;0;0;0;0;0;0;0;0;0;0;0;0;0;0;0;0;0;0
FR;9;2022-03-30;0;0;0;0;0;0;0;0;0;0;0;0;0;0;0;0;0;0
FR;9;2022-03-31;0;0;0;0;0;0;0;0;0;0;0;0;0;0;0;0;0;0
FR;9;2022-04-01;0;0;0;0;0;0;0;0;0;0;0;0;0;0;0;0;0;0
FR;9;2022-04-02;0;0;0;0;0;0;0;0;0;0;0;0;0;0;0;0;0;0
FR;9;2022-04-03;0;0;0;0;0;0;0;0;0;0;0;0;0;0;0;0;0;0
FR;9;2022-04-04;0;0;0;0;0;0;0;0;0;0;0;0;0;0;0;0;0;0
FR;9;2022-04-05;0;0;0;0;0;0;0;0;0;0;0;0;0;0;0;0;0;0
FR;9;2022-04-06;0;0;0;0;0;0;0;0;0;0;0;0;0;0;0;0;0;0
FR;9;2022-04-07;0;0;0;0;0;0;0;0;0;0;0;0;0;0;0;0;0;0
FR;9;2022-04-08;0;0;0;0;0;0;0;0;0;0;0;0;0;0;0;0;0;0
FR;9;2022-04-09;0;0;0;0;0;0;0;0;0;0;0;0;0;0;0;0;0;0
FR;9;2022-04-10;0;0;0;0;0;0;0;0;0;0;0;0;0;0;0;0;0;0
FR;9;2022-04-11;0;0;0;0;0;0;0;0;0;0;0;0;0;0;0;0;0;0
FR;9;2022-04-12;0;0;0;0;0;0;0;0;0;0;0;0;0;0;0;0;0;0
FR;9;2022-04-13;0;0;0;0;0;0;0;0;0;0;0;0;0;0;0;0;0;0
FR;9;2022-04-14;0;0;0;0;0;0;0;0;0;0;0;0;0;0;0;0;0;0
FR;9;2022-04-15;0;0;0;0;0;0;0;0;0;0;0;0;0;0;0;0;0;0
FR;9;2022-04-16;0;0;0;0;0;0;0;0;0;0;0;0;0;0;0;0;0;0
FR;9;2022-04-17;0;0;0;0;0;0;0;0;0;0;0;0;0;0;0;0;0;0
FR;9;2022-04-18;0;0;0;0;0;0;0;0;0;0;0;0;0;0;0;0;0;0
FR;9;2022-04-19;0;0;0;0;0;0;0;0;0;0;0;0;0;0;0;0;0;0
FR;9;2022-04-20;0;0;0;0;0;0;0;0;0;0;0;0;0;0;0;0;0;0
FR;9;2022-04-21;0;0;0;0;0;0;0;0;0;0;0;0;0;0;0;0;0;0
FR;9;2022-04-22;0;0;0;0;0;0;0;0;0;0;0;0;0;0;0;0;0;0
FR;9;2022-04-23;0;0;0;0;0;0;0;0;0;0;0;0;0;0;0;0;0;0
FR;9;2022-04-24;0;0;0;0;0;0;0;0;0;0;0;0;0;0;0;0;0;0
FR;9;2022-04-25;0;0;0;0;0;0;0;0;0;0;0;0;0;0;0;0;0;0
FR;9;2022-04-26;0;0;0;0;0;0;0;0;0;0;0;0;0;0;0;0;0;0
FR;9;2022-04-27;0;0;0;0;0;0;0;0;0;0;0;0;0;0;0;0;0;0
FR;9;2022-04-28;0;0;0;0;0;0;0;0;0;0;0;0;0;0;0;0;0;0
FR;9;2022-04-29;0;0;0;0;0;0;0;0;0;0;0;0;0;0;0;0;0;0
FR;9;2022-04-30;0;0;0;0;0;0;0;0;0;0;0;0;0;0;0;0;0;0
FR;9;2022-05-01;0;0;0;0;0;0;0;0;0;0;0;0;0;0;0;0;0;0
FR;9;2022-05-02;0;0;0;0;0;0;0;0;0;0;0;0;0;0;0;0;0;0
FR;9;2022-05-03;0;0;0;0;0;0;0;0;0;0;0;0;0;0;0;0;0;0
FR;9;2022-05-04;0;0;0;0;0;0;0;0;0;0;0;0;0;0;0;0;0;0
FR;9;2022-05-05;0;0;0;0;0;0;0;0;0;0;0;0;0;0;0;0;0;0
FR;9;2022-05-06;0;0;0;0;0;0;0;0;0;0;0;0;0;0;0;0;0;0
FR;9;2022-05-07;0;0;0;0;0;0;0;0;0;0;0;0;0;0;0;0;0;0
FR;9;2022-05-08;0;0;0;0;0;0;0;0;0;0;0;0;0;0;0;0;0;0
FR;9;2022-05-09;0;0;0;0;0;0;0;0;0;0;0;0;0;0;0;0;0;0
FR;9;2022-05-10;0;0;0;0;0;0;0;0;0;0;0;0;0;0;0;0;0;0
FR;9;2022-05-11;0;0;0;0;0;0;0;0;0;0;0;0;0;0;0;0;0;0
FR;9;2022-05-12;0;0;0;0;0;0;0;0;0;0;0;0;0;0;0;0;0;0
FR;9;2022-05-13;0;0;0;0;0;0;0;0;0;0;0;0;0;0;0;0;0;0
FR;9;2022-05-14;0;0;0;0;0;0;0;0;0;0;0;0;0;0;0;0;0;0
FR;9;2022-05-15;0;0;0;0;0;0;0;0;0;0;0;0;0;0;0;0;0;0
FR;9;2022-05-16;0;0;0;0;0;0;0;0;0;0;0;0;0;0;0;0;0;0
FR;9;2022-05-17;0;0;0;0;0;0;0;0;0;0;0;0;0;0;0;0;0;0
FR;9;2022-05-18;0;0;0;0;0;0;0;0;0;0;0;0;0;0;0;0;0;0
FR;9;2022-05-19;0;0;0;0;0;0;0;0;0;0;0;0;0;0;0;0;0;0
FR;9;2022-05-20;0;0;0;0;0;0;0;0;0;0;0;0;0;0;0;0;0;0
FR;9;2022-05-21;0;0;0;0;0;0;0;0;0;0;0;0;0;0;0;0;0;0
FR;9;2022-05-22;0;0;0;0;0;0;0;0;0;0;0;0;0;0;0;0;0;0
FR;9;2022-05-23;0;0;0;0;0;0;0;0;0;0;0;0;0;0;0;0;0;0
FR;9;2022-05-24;0;0;0;0;0;0;0;0;0;0;0;0;0;0;0;0;0;0
FR;9;2022-05-25;0;0;0;0;0;0;0;0;0;0;0;0;0;0;0;0;0;0
FR;9;2022-05-26;0;0;0;0;0;0;0;0;0;0;0;0;0;0;0;0;0;0
FR;9;2022-05-27;0;0;0;0;0;0;0;0;0;0;0;0;0;0;0;0;0;0
FR;9;2022-05-28;0;0;0;0;0;0;0;0;0;0;0;0;0;0;0;0;0;0
FR;9;2022-05-29;0;0;0;0;0;0;0;0;0;0;0;0;0;0;0;0;0;0
FR;9;2022-05-30;0;0;0;0;0;0;0;0;0;0;0;0;0;0;0;0;0;0
FR;9;2022-05-31;0;0;0;0;0;0;0;0;0;0;0;0;0;0;0;0;0;0
FR;9;2022-06-01;0;0;0;0;0;0;0;0;0;0;0;0;0;0;0;0;0;0
FR;9;2022-06-02;0;0;0;0;0;0;0;0;0;0;0;0;0;0;0;0;0;0
FR;9;2022-06-03;0;0;0;0;0;0;0;0;0;0;0;0;0;0;0;0;0;0
FR;9;2022-06-04;0;0;0;0;0;0;0;0;0;0;0;0;0;0;0;0;0;0
FR;9;2022-06-05;0;0;0;0;0;0;0;0;0;0;0;0;0;0;0;0;0;0
FR;9;2022-06-06;0;0;0;0;0;0;0;0;0;0;0;0;0;0;0;0;0;0
FR;9;2022-06-07;0;0;0;0;0;0;0;0;0;0;0;0;0;0;0;0;0;0
FR;9;2022-06-08;0;0;0;0;0;0;0;0;0;0;0;0;0;0;0;0;0;0
FR;9;2022-06-09;0;0;0;0;0;0;0;0;0;0;0;0;0;0;0;0;0;0
FR;9;2022-06-10;0;0;0;0;0;0;0;0;0;0;0;0;0;0;0;0;0;0
FR;9;2022-06-11;0;0;0;0;0;0;0;0;0;0;0;0;0;0;0;0;0;0
FR;9;2022-06-12;0;0;0;0;0;0;0;0;0;0;0;0;0;0;0;0;0;0
FR;9;2022-06-13;0;0;0;0;0;0;0;0;0;0;0;0;0;0;0;0;0;0
FR;9;2022-06-14;0;0;0;0;0;0;0;0;0;0;0;0;0;0;0;0;0;0
FR;9;2022-06-15;0;0;0;0;0;0;0;0;0;0;0;0;0;0;0;0;0;0
FR;9;2022-06-16;0;0;0;0;0;0;0;0;0;0;0;0;0;0;0;0;0;0
FR;9;2022-06-17;0;0;0;0;0;0;0;0;0;0;0;0;0;0;0;0;0;0
FR;9;2022-06-18;0;0;0;0;0;0;0;0;0;0;0;0;0;0;0;0;0;0
FR;9;2022-06-19;0;0;0;0;0;0;0;0;0;0;0;0;0;0;0;0;0;0
FR;9;2022-06-20;0;0;0;0;0;0;0;0;0;0;0;0;0;0;0;0;0;0
FR;9;2022-06-21;0;0;0;0;0;0;0;0;0;0;0;0;0;0;0;0;0;0
FR;9;2022-06-22;0;0;0;0;0;0;0;0;0;0;0;0;0;0;0;0;0;0
FR;9;2022-06-23;0;0;0;0;0;0;0;0;0;0;0;0;0;0;0;0;0;0
FR;9;2022-06-24;0;0;0;0;0;0;0;0;0;0;0;0;0;0;0;0;0;0
FR;9;2022-06-25;0;0;0;0;0;0;0;0;0;0;0;0;0;0;0;0;0;0
FR;9;2022-06-26;0;0;0;0;0;0;0;0;0;0;0;0;0;0;0;0;0;0
FR;9;2022-06-27;0;0;0;0;0;0;0;0;0;0;0;0;0;0;0;0;0;0
FR;9;2022-06-28;0;0;0;0;0;0;0;0;0;0;0;0;0;0;0;0;0;0
FR;9;2022-06-29;0;0;0;0;0;0;0;0;0;0;0;0;0;0;0;0;0;0
FR;9;2022-06-30;0;0;0;0;0;0;0;0;0;0;0;0;0;0;0;0;0;0
FR;9;2022-07-01;0;0;0;0;0;0;0;0;0;0;0;0;0;0;0;0;0;0
FR;9;2022-07-02;0;0;0;0;0;0;0;0;0;0;0;0;0;0;0;0;0;0
FR;9;2022-07-03;0;0;0;0;0;0;0;0;0;0;0;0;0;0;0;0;0;0
FR;9;2022-07-04;0;0;0;0;0;0;0;0;0;0;0;0;0;0;0;0;0;0
FR;9;2022-07-05;0;0;0;0;0;0;0;0;0;0;0;0;0;0;0;0;0;0
FR;9;2022-07-06;0;0;0;0;0;0;0;0;0;0;0;0;0;0;0;0;0;0
FR;9;2022-07-07;0;0;0;0;0;0;0;0;0;0;0;0;0;0;0;0;0;0
FR;9;2022-07-08;0;0;0;0;0;0;0;0;0;0;0;0;0;0;0;0;0;0
FR;9;2022-07-09;0;0;0;0;0;0;0;0;0;0;0;0;0;0;0;0;0;0
FR;9;2022-07-10;0;0;0;0;0;0;0;0;0;0;0;0;0;0;0;0;0;0
FR;9;2022-07-11;0;0;0;0;0;0;0;0;0;0;0;0;0;0;0;0;0;0
FR;9;2022-07-12;0;0;0;0;0;0;0;0;0;0;0;0;0;0;0;0;0;0
FR;9;2022-07-13;0;0;0;0;0;0;0;0;0;0;0;0;0;0;0;0;0;0
FR;9;2022-07-14;0;0;0;0;0;0;0;0;0;0;0;0;0;0;0;0;0;0
FR;9;2022-07-15;0;0;0;0;0;0;0;0;0;0;0;0;0;0;0;0;0;0
FR;9;2022-07-16;0;0;0;0;0;0;0;0;0;0;0;0;0;0;0;0;0;0
FR;9;2022-07-17;0;0;0;0;0;0;0;0;0;0;0;0;0;0;0;0;0;0
FR;9;2022-07-18;0;0;0;0;0;0;0;0;0;0;0;0;0;0;0;0;0;0
FR;9;2022-07-19;0;0;0;0;0;0;0;0;0;0;0;0;0;0;0;0;0;0
FR;9;2022-07-20;0;0;0;0;0;0;0;0;0;0;0;0;0;0;0;0;0;0
FR;9;2022-07-21;0;0;0;0;0;0;0;0;0;0;0;0;0;0;0;0;0;0
FR;9;2022-07-22;0;0;0;0;0;0;0;0;0;0;0;0;0;0;0;0;0;0
FR;9;2022-07-23;0;0;0;0;0;0;0;0;0;0;0;0;0;0;0;0;0;0
FR;9;2022-07-24;0;0;0;0;0;0;0;0;0;0;0;0;0;0;0;0;0;0
FR;9;2022-07-25;0;0;0;0;0;0;0;0;0;0;0;0;0;0;0;0;0;0
FR;9;2022-07-26;0;0;0;0;0;0;0;0;0;0;0;0;0;0;0;0;0;0
FR;9;2022-07-27;0;0;0;0;0;0;0;0;0;0;0;0;0;0;0;0;0;0
FR;9;2022-07-28;0;0;0;0;0;0;0;0;0;0;0;0;0;0;0;0;0;0
FR;9;2022-07-29;0;0;0;0;0;0;0;0;0;0;0;0;0;0;0;0;0;0
FR;9;2022-07-30;0;0;0;0;0;0;0;0;0;0;0;0;0;0;0;0;0;0
FR;9;2022-07-31;0;0;0;0;0;0;0;0;0;0;0;0;0;0;0;0;0;0
FR;9;2022-08-01;0;0;0;0;0;0;0;0;0;0;0;0;0;0;0;0;0;0
FR;9;2022-08-02;0;0;0;0;0;0;0;0;0;0;0;0;0;0;0;0;0;0
FR;9;2022-08-03;0;0;0;0;0;0;0;0;0;0;0;0;0;0;0;0;0;0
FR;9;2022-08-04;0;0;0;0;0;0;0;0;0;0;0;0;0;0;0;0;0;0
FR;9;2022-08-05;0;0;0;0;0;0;0;0;0;0;0;0;0;0;0;0;0;0
FR;9;2022-08-06;0;0;0;0;0;0;0;0;0;0;0;0;0;0;0;0;0;0
FR;9;2022-08-07;0;0;0;0;0;0;0;0;0;0;0;0;0;0;0;0;0;0
FR;9;2022-08-08;0;0;0;0;0;0;0;0;0;0;0;0;0;0;0;0;0;0
FR;9;2022-08-09;0;0;0;0;0;0;0;0;0;0;0;0;0;0;0;0;0;0
FR;9;2022-08-10;0;0;0;0;0;0;0;0;0;0;0;0;0;0;0;0;0;0
FR;9;2022-08-11;0;0;0;0;0;0;0;0;0;0;0;0;0;0;0;0;0;0
FR;9;2022-08-12;0;0;0;0;0;0;0;0;0;0;0;0;0;0;0;0;0;0
FR;9;2022-08-13;0;0;0;0;0;0;0;0;0;0;0;0;0;0;0;0;0;0
FR;9;2022-08-14;0;0;0;0;0;0;0;0;0;0;0;0;0;0;0;0;0;0
FR;9;2022-08-15;0;0;0;0;0;0;0;0;0;0;0;0;0;0;0;0;0;0
FR;9;2022-08-16;0;0;0;0;0;0;0;0;0;0;0;0;0;0;0;0;0;0
FR;9;2022-08-17;0;0;0;0;0;0;0;0;0;0;0;0;0;0;0;0;0;0
FR;9;2022-08-18;0;0;0;0;0;0;0;0;0;0;0;0;0;0;0;0;0;0
FR;9;2022-08-19;0;0;0;0;0;0;0;0;0;0;0;0;0;0;0;0;0;0
FR;9;2022-08-20;0;0;0;0;0;0;0;0;0;0;0;0;0;0;0;0;0;0
FR;9;2022-08-21;0;0;0;0;0;0;0;0;0;0;0;0;0;0;0;0;0;0
FR;9;2022-08-22;0;0;0;0;0;0;0;0;0;0;0;0;0;0;0;0;0;0
FR;9;2022-08-23;0;0;0;0;0;0;0;0;0;0;0;0;0;0;0;0;0;0
FR;9;2022-08-24;0;0;0;0;0;0;0;0;0;0;0;0;0;0;0;0;0;0
FR;9;2022-08-25;0;0;0;0;0;0;0;0;0;0;0;0;0;0;0;0;0;0
FR;9;2022-08-26;0;0;0;0;0;0;0;0;0;0;0;0;0;0;0;0;0;0
FR;9;2022-08-27;0;0;0;0;0;0;0;0;0;0;0;0;0;0;0;0;0;0
FR;9;2022-08-28;0;0;0;0;0;0;0;0;0;0;0;0;0;0;0;0;0;0
FR;9;2022-08-29;0;0;0;0;0;0;0;0;0;0;0;0;0;0;0;0;0;0
FR;9;2022-08-30;0;0;0;0;0;0;0;0;0;0;0;0;0;0;0;0;0;0
FR;9;2022-08-31;0;0;0;0;0;0;0;0;0;0;0;0;0;0;0;0;0;0
FR;9;2022-09-01;0;0;0;0;0;0;0;0;0;0;0;0;0;0;0;0;0;0
FR;9;2022-09-02;0;0;0;0;0;0;0;0;0;0;0;0;0;0;0;0;0;0
FR;9;2022-09-03;0;0;0;0;0;0;0;0;0;0;0;0;0;0;0;0;0;0
FR;9;2022-09-04;0;0;0;0;0;0;0;0;0;0;0;0;0;0;0;0;0;0
FR;9;2022-09-05;0;0;0;0;0;0;0;0;0;0;0;0;0;0;0;0;0;0
FR;9;2022-09-06;0;0;0;0;0;0;0;0;0;0;0;0;0;0;0;0;0;0
FR;9;2022-09-07;0;0;0;0;0;0;0;0;0;0;0;0;0;0;0;0;0;0
FR;9;2022-09-08;0;0;0;0;0;0;0;0;0;0;0;0;0;0;0;0;0;0
FR;9;2022-09-09;0;0;0;0;0;0;0;0;0;0;0;0;0;0;0;0;0;0
FR;9;2022-09-10;0;0;0;0;0;0;0;0;0;0;0;0;0;0;0;0;0;0
FR;9;2022-09-11;0;0;0;0;0;0;0;0;0;0;0;0;0;0;0;0;0;0
FR;9;2022-09-12;0;0;0;0;0;0;0;0;0;0;0;0;0;0;0;0;0;0
FR;9;2022-09-13;0;0;0;0;0;0;0;0;0;0;0;0;0;0;0;0;0;0
FR;9;2022-09-14;0;0;0;0;0;0;0;0;0;0;0;0;0;0;0;0;0;0
FR;9;2022-09-15;0;0;0;0;0;0;0;0;0;0;0;0;0;0;0;0;0;0
FR;9;2022-09-16;0;0;0;0;0;0;0;0;0;0;0;0;0;0;0;0;0;0
FR;9;2022-09-17;0;0;0;0;0;0;0;0;0;0;0;0;0;0;0;0;0;0
FR;9;2022-09-18;0;0;0;0;0;0;0;0;0;0;0;0;0;0;0;0;0;0
FR;9;2022-09-19;0;0;0;0;0;0;0;0;0;0;0;0;0;0;0;0;0;0
FR;9;2022-09-20;0;0;0;0;0;0;0;0;0;0;0;0;0;0;0;0;0;0
FR;9;2022-09-21;0;0;0;0;0;0;0;0;0;0;0;0;0;0;0;0;0;0
FR;9;2022-09-22;0;0;0;0;0;0;0;0;0;0;0;0;0;0;0;0;0;0
FR;9;2022-09-23;0;0;0;0;0;0;0;0;0;0;0;0;0;0;0;0;0;0
FR;9;2022-09-24;0;0;0;0;0;0;0;0;0;0;0;0;0;0;0;0;0;0
FR;9;2022-09-25;0;0;0;0;0;0;0;0;0;0;0;0;0;0;0;0;0;0
FR;9;2022-09-26;0;0;0;0;0;0;0;0;0;0;0;0;0;0;0;0;0;0
FR;9;2022-09-27;0;0;0;0;0;0;0;0;0;0;0;0;0;0;0;0;0;0
FR;9;2022-09-28;0;0;0;0;0;0;0;0;0;0;0;0;0;0;0;0;0;0
FR;9;2022-09-29;1;1;8;31;0;6;33;40;1;1;1;8;31;0;6;33;40;1
FR;9;2022-09-30;5;12;60;606;6;47;613;713;51;6;13;68;637;6;53;646;753;52
FR;9;2022-10-01;9;1;43;327;2;26;335;396;35;15;14;111;964;8;79;981;1149;87
FR;9;2022-10-02;1;1;5;50;0;4;51;66;11;16;15;116;1014;8;83;1032;1215;98
FR;9;2022-10-03;10;16;151;1713;10;129;1707;2073;234;26;31;267;2727;18;212;2739;3288;332
FR;9;2022-10-04;20;48;353;3952;18;228;4020;4702;450;46;79;620;6679;36;440;6759;7990;782
FR;9;2022-10-05;27;19;269;2997;16;203;3010;3655;433;73;98;889;9676;52;643;9769;11645;1215
FR;9;2022-10-06;23;34;399;4598;17;300;4631;5608;672;96;132;1288;14274;69;943;14400;17253;1887
FR;9;2022-10-07;29;50;499;5704;19;384;5718;7027;923;125;182;1787;19978;88;1327;20118;24280;2810
FR;9;2022-10-08;10;18;128;1089;8;86;1107;1387;190;135;200;1915;21067;96;1413;21225;25667;3000
FR;9;2022-10-09;1;7;22;197;1;29;198;277;50;136;207;1937;21264;97;1442;21423;25944;3050
FR;9;2022-10-10;11;26;207;2572;14;181;2576;3296;533;147;233;2144;23836;111;1623;23999;29240;3583
FR;9;2022-10-11;31;40;424;5043;27;312;5024;6197;851;178;273;2568;28879;138;1935;29023;35437;4434
FR;9;2022-10-12;22;26;297;2987;16;212;3044;3830;572;200;299;2865;31866;154;2147;32067;39267;5006
FR;9;2022-10-13;25;42;374;3980;16;245;4036;5026;739;225;341;3239;35846;170;2392;36103;44293;5745
FR;9;2022-10-14;27;26;381;4427;12;293;4411;5553;838;252;367;3620;40273;182;2685;40514;49846;6583
FR;9;2022-10-15;14;8;101;1051;7;79;1028;1307;198;266;375;3721;41324;189;2764;41542;51153;6781
FR;9;2022-10-16;4;1;9;131;2;12;125;167;28;270;376;3730;41455;191;2776;41667;51320;6809
FR;9;2022-10-17;4;22;165;1875;11;127;1883;2492;475;274;398;3895;43330;202;2903;43550;53812;7284
FR;9;2022-10-18;35;28;315;3427;17;226;3437;4624;952;309;426;4210;46757;219;3129;46987;58436;8236
FR;9;2022-10-19;22;19;262;2687;16;174;2717;3725;819;331;445;4472;49444;235;3303;49704;62161;9055
FR;9;2022-10-20;21;22;308;3625;8;232;3626;4798;932;352;467;4780;53069;243;3535;53330;66959;9987
FR;9;2022-10-21;14;31;324;3524;10;226;3542;4635;859;366;498;5104;56593;253;3761;56872;71594;10846
FR;9;2022-10-22;10;11;90;914;8;62;919;1193;207;376;509;5194;57507;261;3823;57791;72787;11053
FR;9;2022-10-23;2;2;17;99;2;10;104;147;33;378;511;5211;57606;263;3833;57895;72934;11086
FR;9;2022-10-24;7;17;158;1362;6;104;1430;1934;395;385;528;5369;58968;269;3937;59325;74868;11481
FR;9;2022-10-25;18;22;227;2837;16;188;2846;3908;871;403;550;5596;61805;285;4125;62171;78776;12352
FR;9;2022-10-26;14;16;169;1797;13;123;1810;2519;584;417;566;5765;63602;298;4248;63981;81295;12936
FR;9;2022-10-27;9;26;230;2291;15;173;2324;3170;662;426;592;5995;65893;313;4421;66305;84465;13598
FR;9;2022-10-28;18;27;224;2277;17;151;2301;3139;680;444;619;6219;68170;330;4572;68606;87604;14278
FR;9;2022-10-29;12;8;55;505;5;46;496;662;119;456;627;6274;68675;335;4618;69102;88266;14397
FR;9;2022-10-30;2;1;8;58;1;8;58;82;16;458;628;6282;68733;336;4626;69160;88348;14413
FR;9;2022-10-31;13;7;105;658;9;59;693;986;232;471;635;6387;69391;345;4685;69853;89334;14645
FR;9;2022-11-01;1;1;15;43;0;11;49;71;11;472;636;6402;69434;345;4696;69902;89405;14656
FR;9;2022-11-02;7;12;102;1025;4;76;1043;1573;450;479;648;6504;70459;349;4772;70945;90978;15106
FR;9;2022-11-03;17;17;155;1583;15;90;1631;2325;594;496;665;6659;72042;364;4862;72576;93303;15700
FR;9;2022-11-04;21;19;193;1746;15;120;1795;2521;601;517;684;6852;73788;379;4982;74371;95824;16301
FR;9;2022-11-05;8;10;58;403;9;39;424;573;107;525;694;6910;74191;388;5021;74795;96397;16408
FR;9;2022-11-06;5;4;5;61;6;2;60;87;25;530;698;6915;74252;394;5023;74855;96484;16433
FR;9;2022-11-07;16;19;88;923;16;109;929;1468;424;546;717;7003;75175;410;5132;75784;97952;16857
FR;9;2022-11-08;10;19;164;1800;13;132;1795;2634;702;556;736;7167;76975;423;5264;77579;100586;17559
FR;9;2022-11-09;16;16;123;1260;9;98;1321;1877;453;572;752;7290;78235;432;5362;78900;102463;18012
FR;9;2022-11-10;13;21;158;1620;13;137;1613;2272;518;585;773;7448;79855;445;5499;80513;104735;18530
FR;9;2022-11-11;1;1;13;81;1;6;83;123;34;586;774;7461;79936;446;5505;80596;104858;18564
FR;9;2022-11-12;5;8;44;259;7;19;278;395;97;591;782;7505;80195;453;5524;80874;105253;18661
FR;9;2022-11-13;2;0;4;30;0;4;31;51;16;593;782;7509;80225;453;5528;80905;105304;18677
FR;9;2022-11-14;11;12;56;707;11;44;722;1107;338;604;794;7565;80932;464;5572;81627;106411;19015
FR;9;2022-11-15;17;16;146;1318;7;103;1328;2044;608;621;810;7711;82250;471;5675;82955;108455;19623
FR;9;2022-11-16;10;4;99;977;7;58;996;1486;428;631;814;7810;83227;478;5733;83951;109941;20051
FR;9;2022-11-17;9;15;121;1069;10;74;1092;1660;489;640;829;7931;84296;488;5807;85043;111601;20540
FR;9;2022-11-18;7;16;119;1435;5;77;1450;2014;485;647;845;8050;85731;493;5884;86493;113615;21025
FR;9;2022-11-19;3;5;50;364;1;27;350;488;106;650;850;8100;86095;494;5911;86843;114103;21131
FR;9;2022-11-20;1;0;5;37;0;3;35;54;16;651;850;8105;86132;494;5914;86878;114157;21147
FR;9;2022-11-21;9;12;65;636;5;51;638;959;263;660;862;8170;86768;499;5965;87516;115116;21410
FR;9;2022-11-22;15;12;121;1037;13;74;1067;1591;448;675;874;8291;87805;512;6039;88583;116707;21858
FR;9;2022-11-23;6;10;67;710;5;33;736;1134;360;681;884;8358;88515;517;6072;89319;117841;22218
FR;9;2022-11-24;8;19;91;976;14;66;989;1467;406;689;903;8449;89491;531;6138;90308;119308;22624
FR;9;2022-11-25;8;10;106;1174;8;81;1190;1743;471;697;913;8555;90665;539;6219;91498;121051;23095
FR;9;2022-11-26;6;6;35;217;7;24;211;307;68;703;919;8590;90882;546;6243;91709;121358;23163
FR;9;2022-11-27;1;1;6;42;0;2;46;82;34;704;920;8596;90924;546;6245;91755;121440;23197
FR;9;2022-11-28;5;7;98;689;7;57;716;1107;329;709;927;8694;91613;553;6302;92471;122547;23526
FR;9;2022-11-29;5;17;139;1295;6;87;1322;1930;516;714;944;8833;92908;559;6389;93793;124477;24042
FR;9;2022-11-30;9;12;99;1026;5;76;1049;1599;469;723;956;8932;93934;564;6465;94842;126076;24511
FR;9;2022-12-01;16;14;111;1329;8;80;1314;1938;540;739;970;9043;95263;572;6545;96156;128014;25051
FR;9;2022-12-02;10;13;192;1813;10;107;1813;2624;698;749;983;9235;97076;582;6652;97969;130638;25749
FR;9;2022-12-03;7;9;78;617;5;40;631;884;207;756;992;9313;97693;587;6692;98600;131522;25956
FR;9;2022-12-04;9;4;15;105;5;8;105;153;40;765;996;9328;97798;592;6700;98705;131675;25996
FR;9;2022-12-05;19;24;144;1403;17;98;1419;2104;580;784;1020;9472;99201;609;6798;100124;133779;26576
FR;9;2022-12-06;30;21;261;2436;20;146;2530;3783;1089;814;1041;9733;101637;629;6944;102654;137562;27665
FR;9;2022-12-07;15;22;180;1843;20;111;1885;2815;811;829;1063;9913;103480;649;7055;104539;140377;28476
FR;9;2022-12-08;13;22;218;2375;15;119;2431;3608;1042;842;1085;10131;105855;664;7174;106970;143985;29518
FR;9;2022-12-09;14;25;285;2868;10;141;2949;4272;1174;856;1110;10416;108723;674;7315;109919;148257;30692
FR;9;2022-12-10;12;12;121;1319;4;56;1341;1811;408;868;1122;10537;110042;678;7371;111260;150068;31100
FR;9;2022-12-11;5;4;21;277;5;10;283;363;66;873;1126;10558;110319;683;7381;111543;150431;31166
FR;9;2022-12-12;17;13;216;1952;12;108;2027;2874;734;890;1139;10774;112271;695;7489;113570;153305;31900
FR;9;2022-12-13;27;20;316;3071;13;150;3206;4692;1325;917;1159;11090;115342;708;7639;116776;157997;33225
FR;9;2022-12-14;15;10;184;2292;8;90;2355;3407;946;932;1169;11274;117634;716;7729;119131;161404;34171
FR;9;2022-12-15;17;23;247;2557;12;137;2629;3989;1213;949;1192;11521;120191;728;7866;121760;165393;35384
FR;9;2022-12-16;14;29;290;3040;21;163;3124;4532;1236;963;1221;11811;123231;749;8029;124884;169925;36620
FR;9;2022-12-17;8;12;106;1182;7;49;1199;1644;392;971;1233;11917;124413;756;8078;126083;171569;37012
FR;9;2022-12-18;1;7;29;240;6;14;245;326;66;972;1240;11946;124653;762;8092;126328;171895;37078
FR;9;2022-12-19;20;20;149;1588;14;78;1620;2489;782;992;1260;12095;126241;776;8170;127948;174384;37860
FR;9;2022-12-20;20;19;230;2281;6;113;2322;3658;1214;1012;1279;12325;128522;782;8283;130270;178042;39074
FR;9;2022-12-21;6;14;136;1435;7;65;1489;2281;721;1018;1293;12461;129957;789;8348;131759;180323;39795
FR;0;2020-12-27;615;0;0;0;55;0;0;0;0;615;0;0;0;55;0;0;0;0
FR;0;2020-12-28;700;1;0;0;43;0;0;0;0;1315;1;0;0;98;0;0;0;0
FR;0;2020-12-29;387;0;0;0;19;0;0;0;0;1702;1;0;0;117;0;0;0;0
FR;0;2020-12-30;450;0;0;0;18;0;0;0;0;2152;1;0;0;135;0;0;0;0
FR;0;2020-12-31;446;1;0;0;23;0;0;0;0;2598;2;0;0;158;0;0;0;0
FR;0;2021-01-01;1186;2;0;0;65;0;0;0;0;3784;4;0;0;223;0;0;0;0
FR;0;2021-01-02;366;3;0;0;28;0;0;0;0;4150;7;0;0;251;0;0;0;0
FR;0;2021-01-03;412;0;0;0;23;0;0;0;0;4562;7;0;0;274;0;0;0;0
FR;0;2021-01-04;2126;4;0;0;50;0;0;0;0;6688;11;0;0;324;0;0;0;0
FR;0;2021-01-05;7762;6;0;0;128;0;0;0;0;14450;17;0;0;452;0;0;0;0
FR;0;2021-01-06;12468;23;0;0;127;0;0;0;0;26918;40;0;0;579;0;0;0;0
FR;0;2021-01-07;29474;22;0;0;159;0;0;0;0;56392;62;0;0;738;0;0;0;0
FR;0;2021-01-08;37163;33;0;0;203;0;0;0;0;93555;95;0;0;941;0;0;0;0
FR;0;2021-01-09;11219;9;0;0;77;0;0;0;0;104774;104;0;0;1018;0;0;0;0
FR;0;2021-01-10;6012;8;0;0;28;0;0;0;0;110786;112;0;0;1046;0;0;0;0
FR;0;2021-01-11;39952;35;0;0;228;0;0;0;0;150738;147;0;0;1274;0;0;0;0
FR;0;2021-01-12;62156;27;0;0;298;0;0;0;0;212894;174;0;0;1572;0;0;0;0
FR;0;2021-01-13;65144;58;0;0;431;0;0;0;0;278038;232;0;0;2003;0;0;0;0
FR;0;2021-01-14;83111;230;0;0;1170;0;0;0;0;361149;462;0;0;3173;0;0;0;0
FR;0;2021-01-15;69026;91;0;0;553;0;0;0;0;430175;553;0;0;3726;0;0;0;0
FR;0;2021-01-16;20219;73;0;0;184;0;0;0;0;450394;626;0;0;3910;0;0;0;0
FR;0;2021-01-17;10989;52;0;0;136;0;0;0;0;461383;678;0;0;4046;0;0;0;0
FR;0;2021-01-18;85917;177;0;0;615;0;0;0;0;547300;855;0;0;4661;0;0;0;0
FR;0;2021-01-19;130613;207;0;0;867;0;0;0;0;677913;1062;0;0;5528;0;0;0;0
FR;0;2021-01-20;137563;192;0;0;841;0;0;0;0;815476;1254;0;0;6369;0;0;0;0
FR;0;2021-01-21;158424;199;0;0;948;0;0;0;0;973900;1453;0;0;7317;0;0;0;0
FR;0;2021-01-22;121080;249;0;0;838;0;0;0;0;1094980;1702;0;0;8155;0;0;0;0
FR;0;2021-01-23;38489;80;0;0;217;0;0;0;0;1133469;1782;0;0;8372;0;0;0;0
FR;0;2021-01-24;9748;127;0;0;192;0;0;0;0;1143217;1909;0;0;8564;0;0;0;0
FR;0;2021-01-25;78249;1438;0;0;1790;0;0;0;0;1221466;3347;0;0;10354;0;0;0;0
FR;0;2021-01-26;100390;3680;1;0;4159;0;0;0;0;1321856;7027;1;0;14513;0;0;0;0
FR;0;2021-01-27;107260;6392;0;0;7109;0;0;0;0;1429116;13419;1;0;21622;0;0;0;0
FR;0;2021-01-28;124375;16340;0;0;17164;0;0;0;0;1553491;29759;1;0;38786;0;0;0;0
FR;0;2021-01-29;92199;18670;0;0;19244;0;0;0;0;1645690;48429;1;0;58030;0;0;0;0
FR;0;2021-01-30;29128;4506;0;0;4642;0;0;0;0;1674818;52935;1;0;62672;0;0;0;0
FR;0;2021-01-31;5240;1899;0;0;1943;0;0;0;0;1680058;54834;1;0;64615;0;0;0;0
FR;0;2021-02-01;53149;22863;0;0;23126;0;0;0;0;1733207;77697;1;0;87741;0;0;0;0
FR;0;2021-02-02;72330;37970;0;0;38460;0;0;0;0;1805537;115667;1;0;126201;0;0;0;0
FR;0;2021-02-03;72325;39999;0;0;40496;0;0;0;0;1877862;155666;1;0;166697;0;0;0;0
FR;0;2021-02-04;82090;54717;0;0;55310;0;0;0;0;1959952;210383;1;0;222007;0;0;0;0
FR;0;2021-02-05;68248;47962;0;0;48390;0;0;0;0;2028200;258345;1;0;270397;0;0;0;0
FR;0;2021-02-06;22965;11378;0;0;11616;0;0;0;0;2051165;269723;1;0;282013;0;0;0;0
FR;0;2021-02-07;5195;6007;0;0;6133;0;0;0;0;2056360;275730;1;0;288146;0;0;0;0
FR;0;2021-02-08;46855;48621;0;0;49092;0;0;0;0;2103215;324351;1;0;337238;0;0;0;0
FR;0;2021-02-09;66038;78015;0;0;79105;0;0;0;0;2169253;402366;1;0;416343;0;0;0;0
FR;0;2021-02-10;71037;82993;0;0;84283;0;0;0;0;2240290;485359;1;0;500626;0;0;0;0
FR;0;2021-02-11;87302;105037;0;0;106950;0;0;0;0;2327592;590396;1;0;607576;0;0;0;0
FR;0;2021-02-12;79350;75987;0;0;77718;0;0;0;0;2406942;666383;1;0;685294;0;0;0;0
FR;0;2021-02-13;22388;19535;0;0;19901;0;0;0;0;2429330;685918;1;0;705195;0;0;0;0
FR;0;2021-02-14;5080;7369;0;0;7495;0;0;0;0;2434410;693287;1;0;712690;0;0;0;0
FR;0;2021-02-15;38125;76726;0;0;77726;0;0;0;0;2472535;770013;1;0;790416;0;0;0;0
FR;0;2021-02-16;50411;99830;0;0;101156;0;0;0;0;2522946;869843;1;0;891572;0;0;0;0
FR;0;2021-02-17;50549;106700;20;0;108132;0;0;0;0;2573495;976543;21;0;999704;0;0;0;0
FR;0;2021-02-18;69810;123396;0;0;125422;0;0;0;0;2643305;1099939;21;0;1125126;0;0;0;0
FR;0;2021-02-19;65088;92091;1;0;93972;0;0;0;0;2708393;1192030;22;0;1219098;0;0;0;0
FR;0;2021-02-20;18599;28573;0;0;28938;0;0;0;0;2726992;1220603;22;0;1248036;0;0;0;0
FR;0;2021-02-21;3331;6084;0;0;6189;0;0;0;0;2730323;1226687;22;0;1254225;0;0;0;0
FR;0;2021-02-22;37506;73184;2;0;74187;0;0;0;0;2767829;1299871;24;0;1328412;0;0;0;0
FR;0;2021-02-23;53796;85260;1;0;86761;0;0;0;0;2821625;1385131;25;0;1415173;0;0;0;0
FR;0;2021-02-24;60032;82776;1;0;84348;0;0;0;0;2881657;1467907;26;0;1499521;0;0;0;0
FR;0;2021-02-25;100604;91340;1;0;94317;0;0;0;0;2982261;1559247;27;0;1593838;0;0;0;0
FR;0;2021-02-26;113487;70765;1;0;73893;0;0;0;0;3095748;1630012;28;0;1667731;0;0;0;0
FR;0;2021-02-27;52127;22412;1;0;23653;0;0;0;0;3147875;1652424;29;0;1691384;0;0;0;0
FR;0;2021-02-28;6207;4127;2;0;4324;0;0;0;0;3154082;1656551;31;0;1695708;0;0;0;0
FR;0;2021-03-01;65929;54059;1;0;55914;0;0;0;0;3220011;1710610;32;0;1751622;0;0;0;0
FR;0;2021-03-02;101407;67156;3;0;70191;0;0;0;0;3321418;1777766;35;0;1821813;0;0;0;0
FR;0;2021-03-03;116550;65461;0;0;69138;0;0;0;0;3437968;1843227;35;0;1890951;0;0;0;0
FR;0;2021-03-04;163655;72446;3;0;78006;0;0;0;0;3601623;1915673;38;0;1968957;0;0;0;0
FR;0;2021-03-05;200952;62715;3;0;69438;0;0;0;0;3802575;1978388;41;0;2038395;0;0;0;0
FR;0;2021-03-06;207983;17513;3;0;22812;0;0;0;0;4010558;1995901;44;0;2061207;0;0;0;0
FR;0;2021-03-07;121290;4071;1;0;7365;0;0;0;0;4131848;1999972;45;0;2068572;0;0;0;0
FR;0;2021-03-08;107171;49645;2;0;53122;0;0;0;0;4239019;2049617;47;0;2121694;0;0;0;0
FR;0;2021-03-09;172474;56098;2;0;61580;0;0;0;0;4411493;2105715;49;0;2183274;0;0;0;0
FR;0;2021-03-10;179031;57107;5;0;62771;0;0;0;0;4590524;2162822;54;0;2246045;0;0;0;0
FR;0;2021-03-11;242927;63992;2;0;72072;0;0;0;0;4833451;2226814;56;0;2318117;0;0;0;0
FR;0;2021-03-12;294865;53399;1;0;62854;0;0;0;0;5128316;2280213;57;0;2380971;0;0;0;0
FR;0;2021-03-13;231436;15271;1;0;21249;0;0;0;0;5359752;2295484;58;0;2402220;0;0;0;0
FR;0;2021-03-14;63358;3094;1;0;5129;0;0;0;0;5423110;2298578;59;0;2407349;0;0;0;0
FR;0;2021-03-15;158686;31575;3;0;36222;0;0;0;0;5581796;2330153;62;0;2443571;0;0;0;0
FR;0;2021-03-16;141588;38840;6;0;42982;0;0;0;0;5723384;2368993;68;0;2486553;0;0;0;0
FR;0;2021-03-17;150513;37609;4;0;42374;0;0;0;0;5873897;2406602;72;0;2528927;0;0;0;0
FR;0;2021-03-18;167862;44396;5;0;49950;0;0;0;0;6041759;2450998;77;0;2578877;0;0;0;0
FR;0;2021-03-19;230044;36759;2;0;44110;0;0;0;0;6271803;2487757;79;0;2622987;0;0;0;0
FR;0;2021-03-20;166714;11395;1;0;16019;0;0;0;0;6438517;2499152;80;0;2639006;0;0;0;0
FR;0;2021-03-21;49951;2158;1;0;3916;0;0;0;0;6488468;2501310;81;0;2642922;0;0;0;0
FR;0;2021-03-22;170076;33567;2;0;39062;0;0;0;0;6658544;2534877;83;0;2681984;0;0;0;0
FR;0;2021-03-23;250424;42399;1;0;50235;0;0;0;0;6908968;2577276;84;0;2732219;0;0;0;0
FR;0;2021-03-24;256936;43539;0;0;51623;0;0;0;0;7165904;2620815;84;0;2783842;0;0;0;0
FR;0;2021-03-25;341859;45250;5;0;56240;0;0;0;0;7507763;2666065;89;0;2840082;0;0;0;0
FR;0;2021-03-26;358838;41792;5;1;53539;0;0;0;0;7866601;2707857;94;1;2893621;0;0;0;0
FR;0;2021-03-27;195291;16937;1;0;23379;0;0;0;0;8061892;2724794;95;1;2917000;0;0;0;0
FR;0;2021-03-28;59349;4531;3;0;6595;0;0;0;0;8121241;2729325;98;1;2923595;0;0;0;0
FR;0;2021-03-29;203008;53448;4;0;60202;0;0;0;0;8324249;2782773;102;1;2983797;0;0;0;0
FR;0;2021-03-30;285519;69987;5;0;80389;0;0;0;0;8609768;2852760;107;1;3064186;0;0;0;0
FR;0;2021-03-31;263071;73925;4;0;84598;0;0;0;0;8872839;2926685;111;1;3148784;0;0;0;0
FR;0;2021-04-01;315559;92574;11;0;106140;0;0;0;0;9188398;3019259;122;1;3254924;0;0;0;0
FR;0;2021-04-02;281371;94651;7;0;106467;0;0;0;0;9469769;3113910;129;1;3361391;0;0;0;0
FR;0;2021-04-03;141089;62547;6;0;67801;0;0;0;0;9610858;3176457;135;1;3429192;0;0;0;0
FR;0;2021-04-04;46546;19003;2;0;21052;0;0;0;0;9657404;3195460;137;1;3450244;0;0;0;0
FR;0;2021-04-05;63360;10427;11;0;13084;0;0;0;0;9720764;3205887;148;1;3463328;0;0;0;0
FR;0;2021-04-06;217254;112812;17;0;121649;0;0;0;0;9938018;3318699;165;1;3584977;0;0;0;0
FR;0;2021-04-07;260308;115275;17;0;126609;0;0;0;0;10198326;3433974;182;1;3711586;0;0;0;0
FR;0;2021-04-08;337896;123050;15;0;138658;0;0;0;0;10536222;3557024;197;1;3850244;0;0;0;0
FR;0;2021-04-09;410208;116835;49;0;134227;0;0;0;0;10946430;3673859;246;1;3984471;0;0;0;0
FR;0;2021-04-10;212656;82846;15;0;91230;0;0;0;0;11159086;3756705;261;1;4075701;0;0;0;0
FR;0;2021-04-11;56153;34181;7;0;36705;0;0;0;0;11215239;3790886;268;1;4112406;0;0;0;0
FR;0;2021-04-12;237110;115789;46;0;125379;0;0;0;0;11452349;3906675;314;1;4237785;0;0;0;0
FR;0;2021-04-13;309532;144189;98;1;157135;0;0;0;0;11761881;4050864;412;2;4394920;0;0;0;0
FR;0;2021-04-14;294576;139731;215;0;153099;0;0;0;0;12056457;4190595;627;2;4548019;0;0;0;0
FR;0;2021-04-15;337167;150308;340;0;165822;0;0;0;0;12393624;4340903;967;2;4713841;0;0;0;0
FR;0;2021-04-16;339349;146968;354;0;161619;0;0;0;0;12732973;4487871;1321;2;4875460;0;0;0;0
FR;0;2021-04-17;188684;89974;109;0;97668;0;0;0;0;12921657;4577845;1430;2;4973128;0;0;0;0
FR;0;2021-04-18;51634;35455;47;0;37874;0;0;0;0;12973291;4613300;1477;2;5011002;0;0;0;0
FR;0;2021-04-19;205735;138242;456;0;147386;0;0;0;0;13179026;4751542;1933;2;5158388;0;0;0;0
FR;0;2021-04-20;254472;171860;569;0;183504;0;0;0;0;13433498;4923402;2502;2;5341892;0;0;0;0
FR;0;2021-04-21;253316;170018;836;0;182031;0;0;0;0;13686814;5093420;3338;2;5523923;0;0;0;0
FR;0;2021-04-22;287609;190283;819;0;204867;0;0;0;0;13974423;5283703;4157;2;5728790;0;0;0;0
FR;0;2021-04-23;297710;184554;747;0;203339;0;0;0;0;14272133;5468257;4904;2;5932129;0;0;0;0
FR;0;2021-04-24;190477;111992;252;0;122440;0;0;0;0;14462610;5580249;5156;2;6054569;0;0;0;0
FR;0;2021-04-25;69570;38844;51;0;42575;0;0;0;0;14532180;5619093;5207;2;6097144;0;0;0;0
FR;0;2021-04-26;220992;158446;563;0;171639;0;0;0;0;14753172;5777539;5770;2;6268783;0;0;0;0
FR;0;2021-04-27;284642;187973;941;0;211283;0;0;0;0;15037814;5965512;6711;2;6480066;0;0;0;0
FR;0;2021-04-28;299556;184561;1426;1;209637;1;0;0;0;15337370;6150073;8137;3;6689703;1;0;0;0
FR;0;2021-04-29;357188;198085;1281;0;233166;0;0;0;0;15694558;6348158;9418;3;6922869;1;0;0;0
FR;0;2021-04-30;372251;185946;1123;1;225287;0;0;0;0;16066809;6534104;10541;4;7148156;1;0;0;0
FR;0;2021-05-01;167670;52509;179;0;63756;0;0;0;0;16234479;6586613;10720;4;7211912;1;0;0;0
FR;0;2021-05-02;91764;37841;83;0;43565;0;0;0;0;16326243;6624454;10803;4;7255477;1;0;0;0
FR;0;2021-05-03;288958;165581;843;0;186096;0;0;0;0;16615201;6790035;11646;4;7441573;1;0;0;0
FR;0;2021-05-04;315736;225440;1235;0;251609;0;0;0;0;16930937;7015475;12881;4;7693182;1;0;0;0
FR;0;2021-05-05;327265;226387;1315;0;251450;0;0;0;0;17258202;7241862;14196;4;7944632;1;0;0;0
FR;0;2021-05-06;379571;240954;1634;0;275207;0;0;0;0;17637773;7482816;15830;4;8219839;1;0;0;0
FR;0;2021-05-07;372808;258709;1224;0;299765;0;0;0;0;18010581;7741525;17054;4;8519604;1;0;0;0
FR;0;2021-05-08;222179;71065;300;0;86278;0;0;0;0;18232760;7812590;17354;4;8605882;1;0;0;0
FR;0;2021-05-09;129722;44741;243;0;53376;0;0;0;0;18362482;7857331;17597;4;8659258;1;0;0;0
FR;0;2021-05-10;313415;229582;1238;0;255361;0;0;0;0;18675897;8086913;18835;4;8914619;1;0;0;0
FR;0;2021-05-11;403958;258315;1566;0;296736;0;0;0;0;19079855;8345228;20401;4;9211355;1;0;0;0
FR;0;2021-05-12;434180;233774;1544;0;270057;0;0;0;0;19514035;8579002;21945;4;9481412;1;0;0;0
FR;0;2021-05-13;338630;56491;432;0;77987;0;0;0;0;19852665;8635493;22377;4;9559399;1;0;0;0
FR;0;2021-05-14;454172;167469;1127;0;203070;0;0;0;0;20306837;8802962;23504;4;9762469;1;0;0;0
FR;0;2021-05-15;375003;94348;444;0;120743;0;0;0;0;20681840;8897310;23948;4;9883212;1;0;0;0
FR;0;2021-05-16;202769;20690;168;0;34090;0;0;0;0;20884609;8918000;24116;4;9917302;1;0;0;0
FR;0;2021-05-17;376143;148824;1555;0;178616;0;0;0;0;21260752;9066824;25671;4;10095918;1;0;0;0
FR;0;2021-05-18;460188;153989;1990;0;193138;0;0;0;0;21720940;9220813;27661;4;10289056;1;0;0;0
FR;0;2021-05-19;467440;142724;2465;0;179986;0;0;0;0;22188380;9363537;30126;4;10469042;1;0;0;0
FR;0;2021-05-20;507575;160291;2339;0;204269;0;0;0;0;22695955;9523828;32465;4;10673311;1;0;0;0
FR;0;2021-05-21;489707;175155;1996;0;221708;0;0;0;0;23185662;9698983;34461;4;10895019;1;0;0;0
FR;0;2021-05-22;347218;80187;670;0;108616;0;0;0;0;23532880;9779170;35131;4;11003635;1;0;0;0
FR;0;2021-05-23;161705;14230;246;0;26698;0;0;0;0;23694585;9793400;35377;4;11030333;1;0;0;0
FR;0;2021-05-24;263209;33097;604;0;52935;0;0;0;0;23957794;9826497;35981;4;11083268;1;0;0;0
FR;0;2021-05-25;400299;190422;2356;1;226981;0;0;0;0;24358093;10016919;38337;5;11310249;1;0;0;0
FR;0;2021-05-26;413481;190859;2227;0;228924;0;0;0;0;24771574;10207778;40564;5;11539173;1;0;0;0
FR;0;2021-05-27;449847;219872;2163;0;267016;0;0;0;0;25221421;10427650;42727;5;11806189;1;0;0;0
FR;0;2021-05-28;429579;260989;1894;0;319090;0;0;0;0;25651000;10688639;44621;5;12125279;1;0;0;0
FR;0;2021-05-29;299000;150407;586;0;183258;0;0;0;0;25950000;10839046;45207;5;12308537;1;0;0;0
FR;0;2021-05-30;107150;32522;164;0;42106;0;0;0;0;26057150;10871568;45371;5;12350643;1;0;0;0
FR;0;2021-05-31;358065;203435;1472;1;241722;1;0;0;0;26415215;11075003;46843;6;12592365;2;0;0;0
FR;0;2021-06-01;431097;251200;1970;1;302845;1;0;0;0;26846312;11326203;48813;7;12895210;3;0;0;0
FR;0;2021-06-02;420145;232473;1985;0;279852;0;0;0;0;27266457;11558676;50798;7;13175062;3;0;0;0
FR;0;2021-06-03;465658;257713;1826;0;312474;0;0;0;0;27732115;11816389;52624;7;13487536;3;0;0;0
FR;0;2021-06-04;456277;305744;1734;1;363144;1;0;0;0;28188392;12122133;54358;8;13850680;4;0;0;0
FR;0;2021-06-05;304820;189481;653;0;222695;0;0;0;0;28493212;12311614;55011;8;14073375;4;0;0;0
FR;0;2021-06-06;133330;49044;226;0;61185;0;0;0;0;28626542;12360658;55237;8;14134560;4;0;0;0
FR;0;2021-06-07;340007;261523;1529;0;298616;0;0;0;0;28966549;12622181;56766;8;14433176;4;0;0;0
FR;0;2021-06-08;393919;291344;1806;0;338207;0;0;0;0;29360468;12913525;58572;8;14771383;4;0;0;0
FR;0;2021-06-09;384902;273915;1734;0;318330;0;0;0;0;29745370;13187440;60306;8;15089713;4;0;0;0
FR;0;2021-06-10;404220;286703;1727;1;336143;0;0;0;0;30149590;13474143;62033;9;15425856;4;0;0;0
FR;0;2021-06-11;386685;356522;1467;1;406952;0;0;0;0;30536275;13830665;63500;10;15832808;4;0;0;0
FR;0;2021-06-12;283288;210972;497;0;243117;0;0;0;0;30819563;14041637;63997;10;16075925;4;0;0;0
FR;0;2021-06-13;104894;73848;204;0;84838;0;0;0;0;30924457;14115485;64201;10;16160763;4;0;0;0
FR;0;2021-06-14;240864;354177;1429;1;383361;0;0;0;0;31165321;14469662;65630;11;16544124;4;0;0;0
FR;0;2021-06-15;308199;384444;1574;1;423208;0;0;0;0;31473520;14854106;67204;12;16967332;4;0;0;0
FR;0;2021-06-16;314001;357513;1418;1;395274;0;0;0;0;31787521;15211619;68622;13;17362606;4;0;0;0
FR;0;2021-06-17;317715;373023;1431;1;414201;0;0;0;0;32105236;15584642;70053;14;17776807;4;0;0;0
FR;0;2021-06-18;321770;442604;1341;1;485990;0;0;0;0;32427006;16027246;71394;15;18262797;4;0;0;0
FR;0;2021-06-19;224357;273972;449;0;301156;0;0;0;0;32651363;16301218;71843;15;18563953;4;0;0;0
FR;0;2021-06-20;74449;102319;130;0;111513;0;0;0;0;32725812;16403537;71973;15;18675466;4;0;0;0
FR;0;2021-06-21;195800;401661;1038;1;427617;1;0;0;0;32921612;16805198;73011;16;19103083;5;0;0;0
FR;0;2021-06-22;223217;467648;1266;10;500296;1;0;0;0;33144829;17272846;74277;26;19603379;6;0;0;0
FR;0;2021-06-23;234063;440008;1197;1;474116;1;0;0;0;33378892;17712854;75474;27;20077495;7;0;0;0
FR;0;2021-06-24;241885;409636;1359;0;447136;0;0;0;0;33620777;18122490;76833;27;20524631;7;0;0;0
FR;0;2021-06-25;227656;522947;1403;0;561941;0;0;0;0;33848433;18645437;78236;27;21086572;7;0;0;0
FR;0;2021-06-26;153281;370976;587;1;395770;0;0;0;0;34001714;19016413;78823;28;21482342;7;0;0;0
FR;0;2021-06-27;55912;155958;169;1;164867;0;0;0;0;34057626;19172371;78992;29;21647209;7;0;0;0
FR;0;2021-06-28;154799;452526;1177;0;478123;0;0;0;0;34212425;19624897;80169;29;22125332;7;0;0;0
FR;0;2021-06-29;182729;507629;2123;0;539016;0;0;0;0;34395154;20132526;82292;29;22664348;7;0;0;0
FR;0;2021-06-30;204027;485090;2015;21;519377;2;0;0;0;34599181;20617616;84307;50;23183725;9;0;0;0
FR;0;2021-07-01;231430;458402;2224;5;498369;1;0;0;0;34830611;21076018;86531;55;23682094;10;0;0;0
FR;0;2021-07-02;228697;520011;2120;5;562342;2;0;0;0;35059308;21596029;88651;60;24244436;12;0;0;0
FR;0;2021-07-03;142052;368744;908;3;395235;1;0;0;0;35201360;21964773;89559;63;24639671;13;0;0;0
FR;0;2021-07-04;56759;141016;265;0;150713;0;0;0;0;35258119;22105789;89824;63;24790384;13;0;0;0
FR;0;2021-07-05;168528;418692;1668;8;448641;0;0;0;0;35426647;22524481;91492;71;25239025;13;0;0;0
FR;0;2021-07-06;196790;474479;1830;45;511092;8;0;0;0;35623437;22998960;93322;116;25750117;21;0;0;0
FR;0;2021-07-07;213223;438991;1880;25;477459;3;0;0;0;35836660;23437951;95202;141;26227576;24;0;0;0
FR;0;2021-07-08;231661;424101;2089;20;468061;3;0;0;0;36068321;23862052;97291;161;26695637;27;0;0;0
FR;0;2021-07-09;228633;511059;2185;4;557382;2;0;0;0;36296954;24373111;99476;165;27253019;29;0;0;0
FR;0;2021-07-10;148626;339898;986;1;368850;1;0;0;0;36445580;24713009;100462;166;27621869;30;0;0;0
FR;0;2021-07-11;60208;110048;283;0;120967;0;0;0;0;36505788;24823057;100745;166;27742836;30;0;0;0
FR;0;2021-07-12;169431;477774;1765;4;512531;0;0;0;0;36675219;25300831;102510;170;28255367;30;0;0;0
FR;0;2021-07-13;287282;526714;2050;8;585763;1;0;0;0;36962501;25827545;104560;178;28841130;31;0;0;0
FR;0;2021-07-14;181115;157381;435;0;186702;0;0;0;0;37143616;25984926;104995;178;29027832;31;0;0;0
FR;0;2021-07-15;347115;501640;2100;1;571634;0;0;0;0;37490731;26486566;107095;179;29599466;31;0;0;0
FR;0;2021-07-16;380118;495091;2023;3;574303;1;0;0;0;37870849;26981657;109118;182;30173769;32;0;0;0
FR;0;2021-07-17;259745;319622;877;1;368591;0;0;0;0;38130594;27301279;109995;183;30542360;32;0;0;0
FR;0;2021-07-18;109735;114577;310;0;133028;0;0;0;0;38240329;27415856;110305;183;30675388;32;0;0;0
FR;0;2021-07-19;285507;424001;1631;3;479043;0;0;0;0;38525836;27839857;111936;186;31154431;32;0;0;0
FR;0;2021-07-20;376930;451329;1724;0;523687;0;0;0;0;38902766;28291186;113660;186;31678118;32;0;0;0
FR;0;2021-07-21;395827;406972;1549;4;482003;1;0;0;0;39298593;28698158;115209;190;32160121;33;0;0;0
FR;0;2021-07-22;441070;387376;1715;4;471895;2;0;0;0;39739663;29085534;116924;194;32632016;35;0;0;0
FR;0;2021-07-23;440339;422104;1883;4;510095;1;0;0;0;40180002;29507638;118807;198;33142111;36;0;0;0
FR;0;2021-07-24;285259;269308;804;1;322008;0;0;0;0;40465261;29776946;119611;199;33464119;36;0;0;0
FR;0;2021-07-25;121118;79928;234;0;100291;0;0;0;0;40586379;29856874;119845;199;33564410;36;0;0;0
FR;0;2021-07-26;347437;322233;1614;3;384812;1;0;0;0;40933816;30179107;121459;202;33949222;37;0;0;0
FR;0;2021-07-27;464087;319355;1698;4;400526;1;0;0;0;41397903;30498462;123157;206;34349748;38;0;0;0
FR;0;2021-07-28;459456;289383;1637;4;367022;1;0;0;0;41857359;30787845;124794;210;34716770;39;0;0;0
FR;0;2021-07-29;489846;276157;1797;2;357074;0;0;0;0;42347205;31064002;126591;212;35073844;39;0;0;0
FR;0;2021-07-30;461847;302411;1941;5;380934;1;0;0;0;42809052;31366413;128532;217;35454778;40;0;0;0
FR;0;2021-07-31;285412;185013;916;1;231531;0;0;0;0;43094464;31551426;129448;218;35686309;40;0;0;0
FR;0;2021-08-01;112037;49922;255;0;65703;0;0;0;0;43206501;31601348;129703;218;35752012;40;0;0;0
FR;0;2021-08-02;341649;234081;1602;2;284809;0;0;0;0;43548150;31835429;131305;220;36036821;40;0;0;0
FR;0;2021-08-03;398631;244508;1728;2;304614;1;0;0;0;43946781;32079937;133033;222;36341435;41;0;0;0
FR;0;2021-08-04;384872;209550;1593;6;265704;3;0;0;0;44331653;32289487;134626;228;36607139;44;0;0;0
FR;0;2021-08-05;366185;228367;1711;0;281769;0;0;0;0;44697838;32517854;136337;228;36888908;44;0;0;0
FR;0;2021-08-06;359740;271240;1835;4;326668;0;0;0;0;45057578;32789094;138172;232;37215576;44;0;0;0
FR;0;2021-08-07;213137;178320;756;5;210070;1;0;0;0;45270715;32967414;138928;237;37425646;45;0;0;0
FR;0;2021-08-08;74197;63184;276;0;73616;0;0;0;0;45344912;33030598;139204;237;37499262;45;0;0;0
FR;0;2021-08-09;258768;258651;1548;4;297606;2;0;0;0;45603680;33289249;140752;241;37796868;47;0;0;0
FR;0;2021-08-10;306882;277113;1663;2;323543;0;0;0;0;45910562;33566362;142415;243;38120411;47;0;0;0
FR;0;2021-08-11;279754;259597;1441;5;301694;0;0;0;0;46190316;33825959;143856;248;38422105;47;0;0;0
FR;0;2021-08-12;271557;278073;1667;3;320379;0;0;0;0;46461873;34104032;145523;251;38742484;47;0;0;0
FR;0;2021-08-13;252165;278070;1594;3;316946;2;0;0;0;46714038;34382102;147117;254;39059430;49;0;0;0
FR;0;2021-08-14;145353;197094;740;0;219040;0;0;0;0;46859391;34579196;147857;254;39278470;49;0;0;0
FR;0;2021-08-15;39395;50098;218;1;55685;0;0;0;0;46898786;34629294;148075;255;39334155;49;0;0;0
FR;0;2021-08-16;186192;317524;1542;0;345481;0;0;0;0;47084978;34946818;149617;255;39679636;49;0;0;0
FR;0;2021-08-17;215703;335859;1638;7;368932;0;0;0;0;47300681;35282677;151255;262;40048568;49;0;0;0
FR;0;2021-08-18;199064;324396;1599;7;354598;4;0;0;0;47499745;35607073;152854;269;40403166;53;0;0;0
FR;0;2021-08-19;192042;325406;1641;1;356004;0;0;0;0;47691787;35932479;154495;270;40759170;53;0;0;0
FR;0;2021-08-20;186479;366213;1820;3;396688;2;0;0;0;47878266;36298692;156315;273;41155858;55;0;0;0
FR;0;2021-08-21;104806;238121;708;0;254568;0;0;0;0;47983072;36536813;157023;273;41410426;55;0;0;0
FR;0;2021-08-22;31945;87212;256;1;92168;1;0;0;0;48015017;36624025;157279;274;41502594;56;0;0;0
FR;0;2021-08-23;140986;357003;1561;3;379629;1;0;0;0;48156003;36981028;158840;277;41882223;57;0;0;0
FR;0;2021-08-24;162508;376625;1850;5;402909;0;0;0;0;48318511;37357653;160690;282;42285132;57;0;0;0
FR;0;2021-08-25;151155;350735;2036;8;375470;2;0;0;0;48469666;37708388;162726;290;42660602;59;0;0;0
FR;0;2021-08-26;142883;342743;2561;10;367590;0;0;0;0;48612549;38051131;165287;300;43028192;59;0;0;0
FR;0;2021-08-27;148454;388248;2790;11;414972;1;0;0;0;48761003;38439379;168077;311;43443164;60;0;0;0
FR;0;2021-08-28;90674;249618;1407;0;264976;0;0;0;0;48851677;38688997;169484;311;43708140;60;0;0;0
FR;0;2021-08-29;27322;83347;518;1;88271;0;0;0;0;48878999;38772344;170002;312;43796411;60;0;0;0
FR;0;2021-08-30;117426;324594;4713;6;342411;5859;0;0;0;48996425;39096938;174715;318;44138822;5919;0;0;0
FR;0;2021-08-31;128822;334469;10189;19;353953;11785;2;0;0;49125247;39431407;184904;337;44492775;17704;2;0;0
FR;0;2021-09-01;136156;285670;22435;8;302448;24404;1;0;0;49261403;39717077;207339;345;44795223;42108;3;0;0
FR;0;2021-09-02;114658;247200;26521;20;262123;29001;0;0;0;49376061;39964277;233860;365;45057346;71109;3;0;0
FR;0;2021-09-03;118318;292660;29967;24;309344;33075;1;0;0;49494379;40256937;263827;389;45366690;104184;4;0;0
FR;0;2021-09-04;89891;217783;12587;12;230512;14146;7;0;0;49584270;40474720;276414;401;45597202;118330;11;0;0
FR;0;2021-09-05;21362;44806;4395;2;48295;4714;0;0;0;49605632;40519526;280809;403;45645497;123044;11;0;0
FR;0;2021-09-06;75695;180532;31956;16;190724;34312;2;0;0;49681327;40700058;312765;419;45836221;157356;13;0;0
FR;0;2021-09-07;80312;181195;33248;43;191096;36301;2;0;0;49761639;40881253;346013;462;46027317;193657;15;0;0
FR;0;2021-09-08;91004;206080;29667;28;216596;32562;4;0;0;49852643;41087333;375680;490;46243913;226219;19;0;0
FR;0;2021-09-09;76957;165305;33080;27;174137;36688;5;0;0;49929600;41252638;408760;517;46418050;262907;24;0;0
FR;0;2021-09-10;96040;203796;35743;28;214919;40769;7;0;0;50025640;41456434;444503;545;46632969;303676;31;0;0
FR;0;2021-09-11;67166;169313;12140;19;178191;14395;0;0;0;50092806;41625747;456643;564;46811160;318071;31;0;0
FR;0;2021-09-12;12826;32098;2782;1;34148;3187;2;0;0;50105632;41657845;459425;565;46845308;321258;33;0;0
FR;0;2021-09-13;64574;126188;41246;35;134229;44251;17;0;0;50170206;41784033;500671;600;46979537;365509;50;0;0
FR;0;2021-09-14;73496;129009;56380;80;135802;62405;41;0;0;50243702;41913042;557051;680;47115339;427914;91;0;0
FR;0;2021-09-15;76651;167759;55670;58;174718;54846;77;0;0;50320353;42080801;612721;738;47290057;482760;168;0;0
FR;0;2021-09-16;63887;114496;60099;82;117888;60156;74;0;0;50384240;42195297;672820;820;47407945;542916;242;0;0
FR;0;2021-09-17;75088;156836;53857;71;159730;57339;69;0;0;50459328;42352133;726677;891;47567675;600255;311;0;0
FR;0;2021-09-18;48240;139627;15601;25;144316;17317;20;0;0;50507568;42491760;742278;916;47711991;617572;331;0;0
FR;0;2021-09-19;7908;23662;2440;1;24890;2618;1;0;0;50515476;42515422;744718;917;47736881;620190;332;0;0
FR;0;2021-09-20;44575;93749;50088;72;96243;50343;36;0;0;50560051;42609171;794806;989;47833124;670533;368;0;0
FR;0;2021-09-21;45906;98385;62768;77;98396;63503;81;0;0;50605957;42707556;857574;1066;47931520;734036;449;0;0
FR;0;2021-09-22;48696;142391;55376;82;144847;55460;49;0;0;50654653;42849947;912950;1148;48076367;789496;498;0;0
FR;0;2021-09-23;43292;92072;62400;95;91275;63584;95;0;0;50697945;42942019;975350;1243;48167642;853080;593;0;0
FR;0;2021-09-24;52314;133294;54563;107;132404;59216;79;0;0;50750259;43075313;1029913;1350;48300046;912296;672;0;0
FR;0;2021-09-25;35221;115653;16276;36;118648;18312;22;0;0;50785480;43190966;1046189;1386;48418694;930608;694;0;0
FR;0;2021-09-26;5555;17802;2272;5;18686;2331;5;0;0;50791035;43208768;1048461;1391;48437380;932939;699;0;0
FR;0;2021-09-27;33982;76913;47203;97;78799;48188;83;0;1;50825017;43285681;1095664;1488;48516179;981127;782;0;1
FR;0;2021-09-28;36521;75235;54975;90;74335;56575;49;0;0;50861538;43360916;1150639;1578;48590514;1037702;831;0;1
FR;0;2021-09-29;44423;100713;53369;112;102872;54905;44;0;0;50905961;43461629;1204008;1690;48693386;1092607;875;0;1
FR;0;2021-09-30;36345;72967;57042;96;71480;59598;58;0;0;50942306;43534596;1261050;1786;48764866;1152205;933;0;1
FR;0;2021-10-01;61713;102864;57828;108;101439;63993;25;0;0;51004019;43637460;1318878;1894;48866305;1216198;958;0;1
FR;0;2021-10-02;39470;78442;20963;39;81730;23381;12;0;0;51043489;43715902;1339841;1933;48948035;1239579;970;0;1
FR;0;2021-10-03;5289;10497;2533;4;11260;2542;4;0;0;51048778;43726399;1342374;1937;48959295;1242121;974;0;1
FR;0;2021-10-04;35197;58494;52631;84;59503;54849;37;0;0;51083975;43784893;1395005;2021;49018798;1296970;1011;0;1
FR;0;2021-10-05;33926;64364;61028;135;62109;65100;52;0;0;51117901;43849257;1456033;2156;49080907;1362070;1063;0;1
FR;0;2021-10-06;42722;79283;65758;113;80170;68370;31;0;0;51160623;43928540;1521791;2269;49161077;1430440;1094;0;1
FR;0;2021-10-07;30568;62275;65441;89;59504;68882;39;0;0;51191191;43990815;1587232;2358;49220581;1499322;1133;0;1
FR;0;2021-10-08;49482;91937;77769;111;89889;84801;42;0;0;51240673;44082752;1665001;2469;49310470;1584123;1175;0;1
FR;0;2021-10-09;33678;60929;31546;35;64136;33921;17;0;0;51274351;44143681;1696547;2504;49374606;1618044;1192;0;1
FR;0;2021-10-10;4721;7429;3198;9;7945;3477;2;0;0;51279072;44151110;1699745;2513;49382551;1621521;1194;0;1
FR;0;2021-10-11;30733;49907;61046;105;50625;64110;51;0;0;51309805;44201017;1760791;2618;49433176;1685631;1245;0;1
FR;0;2021-10-12;31642;54483;70629;141;51339;76025;27;0;0;51341447;44255500;1831420;2759;49484515;1761656;1272;0;1
FR;0;2021-10-13;40165;62830;74441;137;62799;79378;30;0;1;51381612;44318330;1905861;2896;49547314;1841034;1302;0;2
FR;0;2021-10-14;30360;52869;68775;116;49701;73854;35;0;0;51411972;44371199;1974636;3012;49597015;1914888;1337;0;2
FR;0;2021-10-15;44951;75235;93245;191;70340;103037;27;0;0;51456923;44446434;2067881;3203;49667355;2017925;1364;0;2
FR;0;2021-10-16;31332;44100;36698;44;46709;39656;17;0;0;51488255;44490534;2104579;3247;49714064;2057581;1381;0;2
FR;0;2021-10-17;3891;5227;3602;2;5670;3677;4;0;0;51492146;44495761;2108181;3249;49719734;2061258;1385;0;2
FR;0;2021-10-18;29207;42363;67512;134;42585;71369;28;0;0;51521353;44538124;2175693;3383;49762319;2132627;1413;0;2
FR;0;2021-10-19;27193;45554;76423;140;43220;81669;46;0;0;51548546;44583678;2252116;3523;49805539;2214296;1459;0;2
FR;0;2021-10-20;35341;52413;96952;181;51822;101570;45;0;0;51583887;44636091;2349068;3704;49857361;2315866;1504;0;2
FR;0;2021-10-21;26163;45169;83987;112;41970;89178;32;0;0;51610050;44681260;2433055;3816;49899331;2405044;1536;0;2
FR;0;2021-10-22;38448;62485;104922;200;59368;112632;65;0;0;51648498;44743745;2537977;4016;49958699;2517676;1601;0;2
FR;0;2021-10-23;27032;41206;45466;57;42437;48638;14;0;0;51675530;44784951;2583443;4073;50001136;2566314;1615;0;2
FR;0;2021-10-24;2946;4766;3684;6;5015;3923;1;0;0;51678476;44789717;2587127;4079;50006151;2570237;1616;0;2
FR;0;2021-10-25;26100;36232;82344;144;35512;86673;39;0;0;51704576;44825949;2669471;4223;50041663;2656910;1655;0;2
FR;0;2021-10-26;23768;34995;87275;166;32175;92395;36;0;0;51728344;44860944;2756746;4389;50073838;2749305;1691;0;2
FR;0;2021-10-27;30110;46319;109025;257;44059;114743;53;0;0;51758454;44907263;2865771;4646;50117897;2864048;1744;0;2
FR;0;2021-10-28;23608;34935;88738;153;31215;94527;38;0;0;51782062;44942198;2954509;4799;50149112;2958575;1782;0;2
FR;0;2021-10-29;31581;51459;117343;206;46517;125419;56;0;0;51813643;44993657;3071852;5005;50195629;3083994;1838;0;2
FR;0;2021-10-30;20573;33229;50359;76;32928;53415;20;0;0;51834216;45026886;3122211;5081;50228557;3137409;1858;0;2
FR;0;2021-10-31;2517;3736;3594;3;3847;3881;3;0;0;51836733;45030622;3125805;5084;50232404;3141290;1861;0;2
FR;0;2021-11-01;8529;4867;3222;3;5017;3587;10;0;0;51845262;45035489;3129027;5087;50237421;3144877;1871;0;2
FR;0;2021-11-02;26374;40113;93603;156;36260;99655;44;0;1;51871636;45075602;3222630;5243;50273681;3244532;1915;0;3
FR;0;2021-11-03;30126;47924;118916;222;43585;125886;67;0;0;51901762;45123526;3341546;5465;50317266;3370418;1982;0;3
FR;0;2021-11-04;23819;37482;107594;217;31587;114481;47;0;0;51925581;45161008;3449140;5682;50348853;3484899;2029;0;3
FR;0;2021-11-05;32406;52943;141665;236;44667;151444;54;0;0;51957987;45213951;3590805;5918;50393520;3636343;2083;0;3
FR;0;2021-11-06;21549;34555;64894;123;32397;68327;27;0;0;51979536;45248506;3655699;6041;50425917;3704670;2110;0;3
FR;0;2021-11-07;2427;4170;5206;6;4012;5597;7;0;0;51981963;45252676;3660905;6047;50429929;3710267;2117;0;3
FR;0;2021-11-08;20627;37734;127221;227;30950;134343;51;0;0;52002590;45290410;3788126;6274;50460879;3844610;2168;0;3
FR;0;2021-11-09;22440;44658;161732;339;32880;172329;70;0;0;52025030;45335068;3949858;6613;50493759;4016939;2238;0;3
FR;0;2021-11-10;31614;54905;187056;447;44056;198869;97;0;0;52056644;45389973;4136914;7060;50537815;4215808;2335;0;3
FR;0;2021-11-11;4747;6753;12992;28;5908;13979;17;0;0;52061391;45396726;4149906;7088;50543723;4229787;2352;0;3
FR;0;2021-11-12;29097;55061;183831;252;41747;197473;91;0;0;52090488;45451787;4333737;7340;50585470;4427260;2443;0;3
FR;0;2021-11-13;20354;32611;80727;118;28243;86355;45;0;0;52110842;45484398;4414464;7458;50613713;4513615;2488;0;3
FR;0;2021-11-14;2365;3858;7183;6;3365;7846;9;0;0;52113207;45488256;4421647;7464;50617078;4521461;2497;0;3
FR;0;2021-11-15;20513;38566;160899;314;27806;171627;79;0;0;52133720;45526822;4582546;7778;50644884;4693088;2576;0;3
FR;0;2021-11-16;23664;43879;200470;394;27752;215163;119;0;1;52157384;45570701;4783016;8172;50672636;4908251;2695;0;4
FR;0;2021-11-17;30539;50240;199894;406;36460;212948;101;0;0;52187923;45620941;4982910;8578;50709096;5121199;2796;0;4
FR;0;2021-11-18;23454;45694;191738;468;29422;205707;96;0;0;52211377;45666635;5174648;9046;50738518;5326906;2892;0;4
FR;0;2021-11-19;33689;61286;243282;551;39941;262281;151;0;0;52245066;45727921;5417930;9597;50778459;5589187;3043;0;4
FR;0;2021-11-20;25416;36668;102185;207;29273;109755;47;0;0;52270482;45764589;5520115;9804;50807732;5698942;3090;0;4
FR;0;2021-11-21;2659;4452;9672;19;3442;10607;19;0;0;52273141;45769041;5529787;9823;50811174;5709549;3109;0;4
FR;0;2021-11-22;22820;33149;180427;472;18940;194920;89;0;0;52295961;45802190;5710214;10295;50830114;5904469;3198;0;4
FR;0;2021-11-23;25731;45473;229473;549;24136;247951;85;0;0;52321692;45847663;5939687;10844;50854250;6152420;3283;0;4
FR;0;2021-11-24;31819;53628;224886;716;34525;243329;81;0;0;52353511;45901291;6164573;11560;50888775;6395749;3364;0;4
FR;0;2021-11-25;25650;49134;256000;739;25080;277876;112;0;0;52379161;45950425;6420573;12299;50913855;6673625;3476;0;4
FR;0;2021-11-26;33258;74710;379548;867;37455;414769;172;0;0;52412419;46025135;6800121;13166;50951310;7088394;3648;0;4
FR;0;2021-11-27;23508;49587;214963;390;28492;236760;134;0;0;52435927;46074722;7015084;13556;50979802;7325154;3782;0;4
FR;0;2021-11-28;3523;10475;56780;66;4070;63337;42;0;0;52439450;46085197;7071864;13622;50983872;7388491;3824;0;4
FR;0;2021-11-29;19444;54084;341549;864;23135;371860;178;0;0;52458894;46139281;7413413;14486;51007007;7760351;4002;0;4
FR;0;2021-11-30;24783;71867;457462;988;26889;500890;286;0;0;52483677;46211148;7870875;15474;51033896;8261241;4288;0;4
FR;0;2021-12-01;27384;75543;469191;1162;31424;511421;304;0;0;52511061;46286691;8340066;16636;51065320;8772662;4592;0;4
FR;0;2021-12-02;22122;71603;527217;1281;21124;575023;306;0;0;52533183;46358294;8867283;17917;51086444;9347685;4898;0;4
FR;0;2021-12-03;25577;92858;596494;1421;34440;651264;341;0;0;52558760;46451152;9463777;19338;51120884;9998949;5239;0;4
FR;0;2021-12-04;18340;60382;336285;692;25741;369873;198;0;0;52577100;46511534;9800062;20030;51146625;10368822;5437;0;4
FR;0;2021-12-05;4157;16119;95809;157;4878;107048;92;0;0;52581257;46527653;9895871;20187;51151503;10475870;5529;0;4
FR;0;2021-12-06;28457;72747;493233;1175;25314;540044;384;0;0;52609714;46600400;10389104;21362;51176817;11015914;5913;0;4
FR;0;2021-12-07;23558;91256;645514;1774;28599;706502;415;0;0;52633272;46691656;11034618;23136;51205416;11722416;6328;0;4
FR;0;2021-12-08;25518;91978;591737;1875;35019;647622;440;0;0;52658790;46783634;11626355;25011;51240435;12370038;6768;0;4
FR;0;2021-12-09;24081;94112;663242;2182;29097;726653;462;0;0;52682871;46877746;12289597;27193;51269532;13096691;7230;0;4
FR;0;2021-12-10;28073;110948;736159;2075;38061;806322;468;0;1;52710944;46988694;13025756;29268;51307593;13903013;7698;0;5
FR;0;2021-12-11;20252;76097;435235;990;30009;480446;346;0;0;52731196;47064791;13460991;30258;51337602;14383459;8044;0;5
FR;0;2021-12-12;5678;23141;142342;262;6413;159227;108;0;0;52736874;47087932;13603333;30520;51344015;14542686;8152;0;5
FR;0;2021-12-13;21362;90802;587779;1699;29759;649391;396;0;0;52758236;47178734;14191112;32219;51373774;15192077;8548;0;5
FR;0;2021-12-14;27984;118317;765739;2656;35534;847698;698;0;1;52786220;47297051;14956851;34875;51409308;16039775;9246;0;6
FR;0;2021-12-15;28446;114258;694450;2266;39603;769238;502;0;1;52814666;47411309;15651301;37141;51448911;16809013;9748;0;7
FR;0;2021-12-16;28053;115704;764160;2558;35215;844575;515;0;0;52842719;47527013;16415461;39699;51484126;17653588;10263;0;7
FR;0;2021-12-17;31663;128375;807972;2713;43470;892131;611;0;0;52874382;47655388;17223433;42412;51527596;18545719;10874;0;7
FR;0;2021-12-18;24944;81587;470029;1179;30112;522280;351;0;0;52899326;47736975;17693462;43591;51557708;19067999;11225;0;7
FR;0;2021-12-19;8770;28577;169432;376;7872;191069;141;0;0;52908096;47765552;17862894;43967;51565580;19259068;11366;0;7
FR;0;2021-12-20;31777;97208;591581;1787;33975;658820;499;0;0;52939873;47862760;18454475;45754;51599555;19917888;11865;0;7
FR;0;2021-12-21;39475;112000;682504;2391;38902;759646;602;0;0;52979348;47974760;19136979;48145;51638457;20677534;12467;0;7
FR;0;2021-12-22;39555;99247;575839;2169;37215;642159;686;0;2;53018903;48074007;19712818;50314;51675672;21319693;13153;0;9
FR;0;2021-12-23;33782;79463;441059;1658;30217;494417;590;0;0;53052685;48153470;20153877;51972;51705889;21814110;13743;0;9
FR;0;2021-12-24;10696;26071;111043;398;11677;126673;236;0;1;53063381;48179541;20264920;52370;51717566;21940783;13979;0;10
FR;0;2021-12-25;777;3587;7597;25;2055;9027;72;0;0;53064158;48183128;20272517;52395;51719621;21949810;14051;0;10
FR;0;2021-12-26;4697;11892;52111;142;4745;60157;170;0;0;53068855;48195020;20324628;52537;51724366;22009967;14221;0;10
FR;0;2021-12-27;30512;83980;453599;1364;33114;509224;665;0;0;53099367;48279000;20778227;53901;51757480;22519191;14886;0;10
FR;0;2021-12-28;38369;98908;564204;1769;35193;632299;1558;0;2;53137736;48377908;21342431;55670;51792673;23151490;16444;0;12
FR;0;2021-12-29;39881;88252;501254;1687;33182;561033;1739;0;1;53177617;48466160;21843685;57357;51825855;23712523;18183;0;13
FR;0;2021-12-30;35927;75129;421054;1521;29582;471148;1881;0;0;53213544;48541289;22264739;58878;51855437;24183671;20064;0;13
FR;0;2021-12-31;12050;25109;116888;405;11301;131672;740;0;0;53225594;48566398;22381627;59283;51866738;24315343;20804;0;13
FR;0;2022-01-01;1580;3216;8529;37;1800;9945;102;0;0;53227174;48569614;22390156;59320;51868538;24325288;20906;0;13
FR;0;2022-01-02;6121;13014;58431;125;5110;66961;408;0;0;53233295;48582628;22448587;59445;51873648;24392249;21314;0;13
FR;0;2022-01-03;38355;90223;494872;1596;36940;551761;2646;0;1;53271650;48672851;22943459;61041;51910588;24944010;23960;0;14
FR;0;2022-01-04;42137;111096;641438;2307;40748;714451;3836;0;3;53313787;48783947;23584897;63348;51951336;25658461;27796;0;17
FR;0;2022-01-05;61198;103655;569237;1984;43849;634280;3427;0;2;53374985;48887602;24154134;65332;51995185;26292741;31223;0;19
FR;0;2022-01-06;44295;110356;639008;2698;40272;711518;4556;0;2;53419280;48997958;24793142;68030;52035457;27004259;35779;0;21
FR;0;2022-01-07;50833;123383;711033;2811;46917;790537;4995;0;2;53470113;49121341;25504175;70841;52082374;27794796;40774;0;23
FR;0;2022-01-08;45010;80297;423825;1213;35066;472896;2444;0;3;53515123;49201638;25928000;72054;52117440;28267692;43218;0;26
FR;0;2022-01-09;15614;26632;128570;300;11513;145656;829;0;0;53530737;49228270;26056570;72354;52128953;28413348;44047;0;26
FR;0;2022-01-10;35396;93345;469362;1813;43095;522758;3719;0;1;53566133;49321615;26525932;74167;52172048;28936106;47766;0;27
FR;0;2022-01-11;41935;100509;548286;2309;42465;608547;5217;0;2;53608068;49422124;27074218;76476;52214513;29544653;52983;0;29
FR;0;2022-01-12;60411;95756;452717;1968;49541;504384;4496;0;8;53668479;49517880;27526935;78444;52264054;30049037;57479;0;37
FR;0;2022-01-13;38266;92568;487373;2084;40605;541054;5467;0;8;53706745;49610448;28014308;80528;52304659;30590091;62946;0;45
FR;0;2022-01-14;42578;103373;568638;2286;43578;629022;6467;0;2;53749323;49713821;28582946;82814;52348237;31219113;69413;0;47
FR;0;2022-01-15;39426;65916;340150;984;31467;377571;3294;0;1;53788749;49779737;28923096;83798;52379704;31596684;72707;0;48
FR;0;2022-01-16;11412;19221;87438;216;9029;99408;763;0;0;53800161;49798958;29010534;84014;52388733;31696092;73470;0;48
FR;0;2022-01-17;24739;60053;320304;1382;28090;354158;3960;0;4;53824900;49859011;29330838;85396;52416823;32050250;77430;0;52
FR;0;2022-01-18;28326;68715;361116;1801;32040;397568;5772;0;1;53853226;49927726;29691954;87197;52448863;32447818;83202;0;53
FR;0;2022-01-19;43221;67079;281320;1450;40422;311090;4387;0;5;53896447;49994805;29973274;88647;52489285;32758908;87589;0;58
FR;0;2022-01-20;23666;59630;299041;1742;29577;328516;5633;0;4;53920113;50054435;30272315;90389;52518862;33087424;93222;0;62
FR;0;2022-01-21;28206;68819;366389;2086;33117;401202;6579;0;3;53948319;50123254;30638704;92475;52551979;33488626;99801;0;65
FR;0;2022-01-22;27630;47991;218793;839;27322;241775;2838;0;2;53975949;50171245;30857497;93314;52579301;33730401;102639;0;67
FR;0;2022-01-23;6738;12972;48682;173;7503;55164;591;0;1;53982687;50184217;30906179;93487;52586804;33785565;103230;0;68
FR;0;2022-01-24;16276;47477;217332;1142;25427;239339;4100;0;3;53998963;50231694;31123511;94629;52612231;34024904;107330;0;71
FR;0;2022-01-25;19030;54359;243071;1548;28821;267097;6065;0;5;54017993;50286053;31366582;96177;52641052;34292001;113395;0;76
FR;0;2022-01-26;28147;60545;209295;1298;41364;229513;4479;0;3;54046140;50346598;31575877;97475;52682416;34521514;117874;0;79
FR;0;2022-01-27;16335;46466;207653;1276;26150;226016;5687;0;4;54062475;50393064;31783530;98751;52708566;34747530;123561;0;83
FR;0;2022-01-28;21589;78687;290069;1572;44989;321348;7411;0;4;54084064;50471751;32073599;100323;52753555;35068878;130972;0;87
FR;0;2022-01-29;18418;52871;184130;689;32756;204576;3256;0;2;54102482;50524622;32257729;101012;52786311;35273454;134228;0;89
FR;0;2022-01-30;4476;14481;39143;124;9137;45060;638;0;1;54106958;50539103;32296872;101136;52795448;35318514;134866;0;90
FR;0;2022-01-31;11259;43946;148210;742;26154;164744;4234;0;5;54118217;50583049;32445082;101878;52821602;35483258;139100;0;95
FR;0;2022-02-01;13636;48327;174136;1144;27347;191360;7044;0;1;54131853;50631376;32619218;103022;52848949;35674618;146144;0;96
FR;0;2022-02-02;20642;66330;171545;1034;46171;190095;5976;0;10;54152495;50697706;32790763;104056;52895120;35864713;152120;0;106
FR;0;2022-02-03;11547;44806;157566;990;25346;173296;6945;0;6;54164042;50742512;32948329;105046;52920466;36038009;159065;0;112
FR;0;2022-02-04;14635;66956;239256;1266;36572;264104;9162;0;6;54178677;50809468;33187585;106312;52957038;36302113;168227;0;118
FR;0;2022-02-05;12900;51458;153559;523;31987;172310;3791;0;3;54191577;50860926;33341144;106835;52989025;36474423;172018;0;121
FR;0;2022-02-06;2725;12174;28893;101;7287;33831;661;0;0;54194302;50873100;33370037;106936;52996312;36508254;172679;0;121
FR;0;2022-02-07;9592;46663;156896;593;24537;176315;5294;0;6;54203894;50919763;33526933;107529;53020849;36684569;177973;0;127
FR;0;2022-02-08;9807;43096;166646;869;20960;184440;7054;0;6;54213701;50962859;33693579;108398;53041809;36869009;185027;0;133
FR;0;2022-02-09;14372;58253;172349;875;35351;193059;5787;0;9;54228073;51021112;33865928;109273;53077160;37062068;190814;0;142
FR;0;2022-02-10;8719;39205;150237;879;18680;166714;6502;0;2;54236792;51060317;34016165;110152;53095840;37228782;197316;0;144
FR;0;2022-02-11;10860;55683;218515;1101;25823;243110;8322;0;3;54247652;51116000;34234680;111253;53121663;37471892;205638;0;147
FR;0;2022-02-12;8405;40962;134736;465;22629;151765;3508;0;4;54256057;51156962;34369416;111718;53144292;37623657;209146;0;151
FR;0;2022-02-13;1936;8601;26565;86;4409;30925;544;0;3;54257993;51165563;34395981;111804;53148701;37654582;209690;0;154
FR;0;2022-02-14;6991;35253;148385;485;14665;166381;4787;0;5;54264984;51200816;34544366;112289;53163366;37820963;214477;0;159
FR;0;2022-02-15;7064;36225;146989;751;15994;162573;6850;0;3;54272048;51237041;34691355;113040;53179360;37983536;221327;0;162
FR;0;2022-02-16;9411;42981;132539;721;25969;146758;5726;0;6;54281459;51280022;34823894;113761;53205329;38130294;227053;0;168
FR;0;2022-02-17;5578;24336;87309;586;13141;94882;5406;0;5;54287037;51304358;34911203;114347;53218470;38225176;232459;0;173
FR;0;2022-02-18;6997;33582;119665;807;18754;129329;7416;0;2;54294034;51337940;35030868;115154;53237224;38354505;239875;0;175
FR;0;2022-02-19;5369;24557;70029;370;15908;77339;3019;0;2;54299403;51362497;35100897;115524;53253132;38431844;242894;0;177
FR;0;2022-02-20;1148;4656;12175;39;2913;13954;460;0;1;54300551;51367153;35113072;115563;53256045;38445798;243354;0;178
FR;0;2022-02-21;4097;17888;61958;351;10168;67185;4059;0;2;54304648;51385041;35175030;115914;53266213;38512983;247413;0;180
FR;0;2022-02-22;4461;18656;60837;577;11258;64479;5254;0;1;54309109;51403697;35235867;116491;53277471;38577462;252667;0;181
FR;0;2022-02-23;6590;27357;66501;591;19626;71897;4595;0;3;54315699;51431054;35302368;117082;53297097;38649359;257262;0;184
FR;0;2022-02-24;3850;15547;50429;519;9509;53251;4530;0;2;54319549;51446601;35352797;117601;53306606;38702610;261792;0;186
FR;0;2022-02-25;5283;24105;76363;803;15082;80096;7334;0;7;54324832;51470706;35429160;118404;53321688;38782706;269126;0;193
FR;0;2022-02-26;3990;17768;47416;359;12169;51483;3083;0;3;54328822;51488474;35476576;118763;53333857;38834189;272209;0;196
FR;0;2022-02-27;880;3009;8036;47;1978;8947;529;0;0;54329702;51491483;35484612;118810;53335835;38843136;272738;0;196
FR;0;2022-02-28;3122;12552;40490;359;7588;42923;3858;0;0;54332824;51504035;35525102;119169;53343423;38886059;276596;0;196
FR;0;2022-03-01;4002;12605;44200;437;7632;44870;5519;0;6;54336826;51516640;35569302;119606;53351055;38930929;282115;0;202
FR;0;2022-03-02;5329;17797;47144;446;12856;49076;4929;0;2;54342155;51534437;35616446;120052;53363911;38980005;287044;0;204
FR;0;2022-03-03;2825;9352;29897;370;6249;30020;4049;0;2;54344980;51543789;35646343;120422;53370160;39010025;291093;0;206
FR;0;2022-03-04;3222;12462;40315;667;8460;39465;6231;0;4;54348202;51556251;35686658;121089;53378620;39049490;297324;0;210
FR;0;2022-03-05;3073;9283;24957;314;7126;25121;3134;0;1;54351275;51565534;35711615;121403;53385746;39074611;300458;0;211
FR;0;2022-03-06;520;1400;3198;43;1023;3441;379;0;0;54351795;51566934;35714813;121446;53386769;39078052;300837;0;211
FR;0;2022-03-07;2363;5631;18432;315;3849;17702;3307;0;4;54354158;51572565;35733245;121761;53390618;39095754;304144;0;215
FR;0;2022-03-08;2147;6077;19448;363;4331;17919;4095;0;3;54356305;51578642;35752693;122124;53394949;39113673;308239;0;218
FR;0;2022-03-09;3580;10498;22189;407;8727;21285;4038;0;4;54359885;51589140;35774882;122531;53403676;39134958;312277;0;222
FR;0;2022-03-10;1824;5834;17002;344;4379;15829;3407;0;3;54361709;51594974;35791884;122875;53408055;39150787;315684;0;225
FR;0;2022-03-11;2418;7558;24502;545;5436;22270;5479;0;2;54364127;51602532;35816386;123420;53413491;39173057;321163;0;227
FR;0;2022-03-12;2690;6777;17166;309;5497;16520;3136;0;2;54366817;51609309;35833552;123729;53418988;39189577;324299;0;229
FR;0;2022-03-13;404;791;2324;149;599;2273;537;0;0;54367221;51610100;35835876;123878;53419587;39191850;324836;0;229
FR;0;2022-03-14;1551;4274;14987;4412;2809;13841;7295;0;8;54368772;51614374;35850863;128290;53422396;39205691;332131;0;237
FR;0;2022-03-15;1749;6295;16382;7554;4812;14612;11032;0;9;54370521;51620669;35867245;135844;53427208;39220303;343163;0;246
FR;0;2022-03-16;3034;7406;19426;13140;6208;18105;16296;0;8;54373555;51628075;35886671;148984;53433416;39238408;359459;0;254
FR;0;2022-03-17;1453;3986;13149;10846;2805;11991;13312;0;8;54375008;51632061;35899820;159830;53436221;39250399;372771;0;262
FR;0;2022-03-18;2270;5756;20012;18306;4097;18108;22038;0;15;54377278;51637817;35919832;178136;53440318;39268507;394809;0;277
FR;0;2022-03-19;2293;4803;13115;9404;4139;12418;11407;0;6;54379571;51642620;35932947;187540;53444457;39280925;406216;0;283
FR;0;2022-03-20;300;734;1918;1073;526;1929;1340;0;2;54379871;51643354;35934865;188613;53444983;39282854;407556;0;285
FR;0;2022-03-21;1392;3220;12731;14950;2155;11955;16910;0;11;54381263;51646574;35947596;203563;53447138;39294809;424466;0;296
FR;0;2022-03-22;1533;3737;13799;20550;2577;12554;22841;0;5;54382796;51650311;35961395;224113;53449715;39307363;447307;0;301
FR;0;2022-03-23;2682;6291;17728;23151;5222;17241;25267;0;40;54385478;51656602;35979123;247264;53454937;39324604;472574;0;341
FR;0;2022-03-24;1406;3159;11595;17617;2248;10681;19391;0;23;54386884;51659761;35990718;264881;53457185;39335285;491965;0;364
FR;0;2022-03-25;2083;5158;18572;27775;3685;16910;30809;0;31;54388967;51664919;36009290;292656;53460870;39352195;522774;0;395
FR;0;2022-03-26;2230;4414;12079;12678;3863;11519;14400;0;26;54391197;51669333;36021369;305334;53464733;39363714;537174;0;421
FR;0;2022-03-27;361;693;1909;1482;515;1943;1739;0;1;54391558;51670026;36023278;306816;53465248;39365657;538913;0;422
FR;0;2022-03-28;1464;3078;11128;17490;2115;10619;19067;0;16;54393022;51673104;36034406;324306;53467363;39376276;557980;0;438
FR;0;2022-03-29;1454;3270;12907;27583;2086;12051;29281;0;34;54394476;51676374;36047313;351889;53469449;39388327;587261;0;472
FR;0;2022-03-30;2852;5509;15685;27423;4693;15085;29332;0;21;54397328;51681883;36062998;379312;53474142;39403412;616593;0;493
FR;0;2022-03-31;1610;3568;12987;25022;2549;12327;26631;0;43;54398938;51685451;36075985;404334;53476691;39415739;643224;0;536
FR;0;2022-04-01;2679;4584;20075;30894;2968;18717;33487;0;61;54401617;51690035;36096060;435228;53479659;39434456;676711;0;597
FR;0;2022-04-02;1531;2644;9052;10133;2008;8722;11295;0;29;54403148;51692679;36105112;445361;53481667;39443178;688006;0;626
FR;0;2022-04-03;290;515;1562;1170;360;1579;1381;0;2;54403438;51693194;36106674;446531;53482027;39444757;689387;0;628
FR;0;2022-04-04;2676;2886;12374;19126;1899;11581;20600;0;35;54406114;51696080;36119048;465657;53483926;39456338;709987;0;663
FR;0;2022-04-05;2433;3157;14341;34140;2036;13193;35757;0;85;54408547;51699237;36133389;499797;53485962;39469531;745744;0;748
FR;0;2022-04-06;2535;3945;13539;26504;3011;12812;27973;0;72;54411082;51703182;36146928;526301;53488973;39482343;773717;0;820
FR;0;2022-04-07;1843;3134;13677;33781;1985;12888;35138;0;76;54412925;51706316;36160605;560082;53490958;39495231;808855;0;896
FR;0;2022-04-08;2216;4280;19222;43985;2615;17828;46353;0;89;54415141;51710596;36179827;604067;53493573;39513059;855208;0;985
FR;0;2022-04-09;1366;2679;9313;13565;1900;8866;14799;0;30;54416507;51713275;36189140;617632;53495473;39521925;870007;0;1015
FR;0;2022-04-10;293;747;1984;2017;543;2006;2279;0;7;54416800;51714022;36191124;619649;53496016;39523931;872286;0;1022
FR;0;2022-04-11;1326;2620;11871;23908;1635;11482;25178;0;74;54418126;51716642;36202995;643557;53497651;39535413;897464;0;1096
FR;0;2022-04-12;1708;3073;14016;40910;1955;13390;41799;0;127;54419834;51719715;36217011;684467;53499606;39548803;939263;0;1223
FR;0;2022-04-13;1972;3718;13407;33107;2716;13030;34074;0;96;54421806;51723433;36230418;717574;53502322;39561833;973337;0;1319
FR;0;2022-04-14;1497;2970;13214;36314;1898;13072;36983;0;106;54423303;51726403;36243632;753888;53504220;39574905;1010320;0;1425
FR;0;2022-04-15;1866;3756;15636;35569;2504;14912;37220;0;115;54425169;51730159;36259268;789457;53506724;39589817;1047540;0;1540
FR;0;2022-04-16;1043;1829;6399;8553;1259;6261;9435;0;40;54426212;51731988;36265667;798010;53507983;39596078;1056975;0;1580
FR;0;2022-04-17;193;337;993;1174;221;1036;1242;0;7;54426405;51732325;36266660;799184;53508204;39597114;1058217;0;1587
FR;0;2022-04-18;197;541;2768;1072;342;2786;1287;0;5;54426602;51732866;36269428;800256;53508546;39599900;1059504;0;1592
FR;0;2022-04-19;1539;3028;12916;29667;1873;12476;30714;0;78;54428141;51735894;36282344;829923;53510419;39612376;1090218;0;1670
FR;0;2022-04-20;1998;3488;13304;29061;2599;12991;30080;0;96;54430139;51739382;36295648;858984;53513018;39625367;1120298;0;1766
FR;0;2022-04-21;1513;2850;12547;35173;1821;12621;35765;0;117;54431652;51742232;36308195;894157;53514839;39637988;1156063;0;1883
FR;0;2022-04-22;1868;3615;16475;37607;2391;15835;39145;0;131;54433520;51745847;36324670;931764;53517230;39653823;1195208;0;2014
FR;0;2022-04-23;1146;2062;7387;10658;1471;7238;11443;0;38;54434666;51747909;36332057;942422;53518701;39661061;1206651;0;2052
FR;0;2022-04-24;250;462;1475;1589;321;1413;1845;0;7;54434916;51748371;36333532;944011;53519022;39662474;1208496;0;2059
FR;0;2022-04-25;1307;2532;10683;21056;1612;10491;22077;0;79;54436223;51750903;36344215;965067;53520634;39672965;1230573;0;2138
FR;0;2022-04-26;1622;3003;13665;38612;1962;13109;39408;0;181;54437845;51753906;36357880;1003679;53522596;39686074;1269981;0;2319
FR;0;2022-04-27;1964;3060;11538;31034;2273;11595;31453;0;130;54439809;51756966;36369418;1034713;53524869;39697669;1301434;0;2449
FR;0;2022-04-28;1569;2770;12528;36219;1852;12270;36535;0;139;54441378;51759736;36381946;1070932;53526721;39709939;1337969;0;2588
FR;0;2022-04-29;2007;4807;15553;37274;3614;14929;38743;0;164;54443385;51764543;36397499;1108206;53530335;39724868;1376712;0;2752
FR;0;2022-04-30;1215;2711;6926;9718;2207;6754;10609;0;44;54444600;51767254;36404425;1117924;53532542;39731622;1387321;0;2796
FR;0;2022-05-01;218;325;915;997;229;910;1138;0;6;54444818;51767579;36405340;1118921;53532771;39732532;1388459;0;2802
FR;0;2022-05-02;2112;2946;11152;18172;2043;10984;19018;0;69;54446930;51770525;36416492;1137093;53534814;39743516;1407477;0;2871
FR;0;2022-05-03;1999;3260;13722;34679;2124;13563;35601;0;163;54448929;51773785;36430214;1171772;53536938;39757079;1443078;0;3034
FR;0;2022-05-04;1912;3295;12182;25634;2295;12300;26184;0;110;54450841;51777080;36442396;1197406;53539233;39769379;1469262;0;3144
FR;0;2022-05-05;1768;2995;13062;33585;1972;12907;34254;0;179;54452609;51780075;36455458;1230991;53541205;39782286;1503516;0;3323
FR;0;2022-05-06;2214;3655;15347;36785;2314;14856;38248;0;182;54454823;51783730;36470805;1267776;53543519;39797142;1541764;0;3505
FR;0;2022-05-07;1207;1781;6462;9611;1255;6453;10336;0;48;54456030;51785511;36477267;1277387;53544774;39803595;1552100;0;3553
FR;0;2022-05-08;267;400;1173;1547;289;1234;1653;0;8;54456297;51785911;36478440;1278934;53545063;39804829;1553753;0;3561
FR;0;2022-05-09;1383;2299;9925;20259;1406;9795;21176;0;102;54457680;51788210;36488365;1299193;53546469;39814624;1574929;0;3663
FR;0;2022-05-10;1779;3382;13576;38988;2244;13131;40016;0;200;54459459;51791592;36501941;1338181;53548713;39827755;1614945;0;3863
FR;0;2022-05-11;1998;3012;10750;27921;2316;10695;28429;0;146;54461457;51794604;36512691;1366102;53551029;39838450;1643374;0;4009
FR;0;2022-05-12;1588;2718;11376;35699;1787;11047;36460;0;211;54463045;51797322;36524067;1401801;53552816;39849497;1679834;0;4220
FR;0;2022-05-13;1975;3218;13757;37970;2058;13345;39236;0;162;54465020;51800540;36537824;1439771;53554874;39862842;1719070;0;4382
FR;0;2022-05-14;1148;1637;5937;10776;1195;5800;11364;0;57;54466168;51802177;36543761;1450547;53556069;39868642;1730434;0;4439
FR;0;2022-05-15;281;475;1278;1438;299;1361;1591;0;6;54466449;51802652;36545039;1451985;53556368;39870003;1732025;0;4445
FR;0;2022-05-16;1194;2040;8687;21053;1242;8682;21592;0;128;54467643;51804692;36553726;1473038;53557610;39878685;1753617;0;4573
FR;0;2022-05-17;1587;2597;11824;37874;1662;11402;38714;0;180;54469230;51807289;36565550;1510912;53559272;39890087;1792331;0;4753
FR;0;2022-05-18;1814;2650;9687;27157;1953;9661;27774;0;109;54471044;51809939;36575237;1538069;53561225;39899748;1820105;0;4862
FR;0;2022-05-19;1445;2653;10573;35832;1627;10714;36020;0;162;54472489;51812592;36585810;1573901;53562852;39910462;1856125;0;5024
FR;0;2022-05-20;1872;3112;13419;39367;2071;12910;40385;0;168;54474361;51815704;36599229;1613268;53564923;39923372;1896510;0;5192
FR;0;2022-05-21;1158;1706;5662;9897;1300;5534;10533;0;45;54475519;51817410;36604891;1623165;53566223;39928906;1907043;0;5237
FR;0;2022-05-22;238;341;1028;1438;262;1016;1581;0;10;54475757;51817751;36605919;1624603;53566485;39929922;1908624;0;5247
FR;0;2022-05-23;1173;2120;8879;20346;1402;8828;21001;0;86;54476930;51819871;36614798;1644949;53567887;39938750;1929625;0;5333
FR;0;2022-05-24;1539;2758;11360;38873;1734;11230;39504;0;190;54478469;51822629;36626158;1683822;53569621;39949980;1969129;0;5523
FR;0;2022-05-25;1814;2832;9341;24844;2071;9478;25320;0;116;54480283;51825461;36635499;1708666;53571692;39959458;1994449;0;5639
FR;0;2022-05-26;210;422;1663;1201;286;1673;1344;0;26;54480493;51825883;36637162;1709867;53571978;39961131;1995793;0;5665
FR;0;2022-05-27;1384;2470;9261;21290;1663;9002;22323;0;94;54481877;51828353;36646423;1731157;53573641;39970133;2018116;0;5759
FR;0;2022-05-28;669;1264;3916;6791;844;3966;7201;0;38;54482546;51829617;36650339;1737948;53574485;39974099;2025317;0;5797
FR;0;2022-05-29;157;315;752;918;200;773;1030;0;4;54482703;51829932;36651091;1738866;53574685;39974872;2026347;0;5801
FR;0;2022-05-30;1025;1957;6993;19295;1239;7010;19807;0;91;54483728;51831889;36658084;1758161;53575924;39981882;2046154;0;5892
FR;0;2022-05-31;1489;2506;9820;35654;1636;9642;36286;0;171;54485217;51834395;36667904;1793815;53577560;39991524;2082440;0;6063
FR;0;2022-06-01;1736;3097;11018;24532;2244;10883;25486;0;121;54486953;51837492;36678922;1818347;53579804;40002407;2107926;0;6184
FR;0;2022-06-02;1475;2611;11305;35567;1712;10863;36511;0;174;54488428;51840103;36690227;1853914;53581516;40013270;2144437;0;6358
FR;0;2022-06-03;1727;3068;13395;38722;2037;12759;39992;0;176;54490155;51843171;36703622;1892636;53583553;40026029;2184429;0;6534
FR;0;2022-06-04;971;1515;5044;9112;1075;5115;9648;0;73;54491126;51844686;36708666;1901748;53584628;40031144;2194077;0;6607
FR;0;2022-06-05;177;335;875;1106;205;886;1228;0;4;54491303;51845021;36709541;1902854;53584833;40032030;2195305;0;6611
FR;0;2022-06-06;585;1208;2119;1326;1034;2133;1507;0;12;54491888;51846229;36711660;1904180;53585867;40034163;2196812;0;6623
FR;0;2022-06-07;1410;2703;9850;35583;1781;9429;36809;0;153;54493298;51848932;36721510;1939763;53587648;40043592;2233621;0;6776
FR;0;2022-06-08;1561;2692;9165;28749;1938;9009;29713;0;112;54494859;51851624;36730675;1968512;53589586;40052601;2263334;0;6888
FR;0;2022-06-09;1288;2436;10621;39492;1551;10265;40268;0;167;54496147;51854060;36741296;2008004;53591137;40062866;2303602;0;7055
FR;0;2022-06-10;1627;3088;13082;44805;2056;12628;46144;0;224;54497774;51857148;36754378;2052809;53593193;40075494;2349746;0;7279
FR;0;2022-06-11;959;1737;5436;11625;1122;5468;12211;0;55;54498733;51858885;36759814;2064434;53594315;40080962;2361957;0;7334
FR;0;2022-06-12;197;443;1074;1764;253;1137;1865;0;11;54498930;51859328;36760888;2066198;53594568;40082099;2363822;0;7345
FR;0;2022-06-13;1092;2060;7439;23182;1334;7268;24098;0;90;54500022;51861388;36768327;2089380;53595902;40089367;2387920;0;7435
FR;0;2022-06-14;1319;2534;10448;44942;1583;9804;46138;0;200;54501341;51863922;36778775;2134322;53597485;40099171;2434058;0;7635
FR;0;2022-06-15;1509;2452;9322;30887;1921;8953;31584;0;178;54502850;51866374;36788097;2165209;53599406;40108124;2465642;0;7813
FR;0;2022-06-16;1181;2034;9912;39923;1268;9324;40943;0;201;54504031;51868408;36798009;2205132;53600674;40117448;2506585;0;8014
FR;0;2022-06-17;1486;2846;12471;46631;1770;11894;47855;0;239;54505517;51871254;36810480;2251763;53602444;40129342;2554440;0;8253
FR;0;2022-06-18;854;1525;4563;11123;1035;4498;11717;0;67;54506371;51872779;36815043;2262886;53603479;40133840;2566157;0;8320
FR;0;2022-06-19;183;363;1058;1615;208;1130;1701;0;14;54506554;51873142;36816101;2264501;53603687;40134970;2567858;0;8334
FR;0;2022-06-20;1024;1917;8906;26070;1189;8565;27014;0;153;54507578;51875059;36825007;2290571;53604876;40143535;2594872;0;8487
FR;0;2022-06-21;1325;2398;10307;49889;1533;9335;51276;0;264;54508903;51877457;36835314;2340460;53606409;40152870;2646148;0;8751
FR;0;2022-06-22;1389;2501;8912;39055;1793;8418;39999;0;256;54510292;51879958;36844226;2379515;53608202;40161288;2686147;0;9007
FR;0;2022-06-23;1226;2361;10678;55097;1356;9883;56230;0;320;54511518;51882319;36854904;2434612;53609558;40171171;2742377;0;9327
FR;0;2022-06-24;1487;2987;13641;69176;1742;12302;70994;0;405;54513005;51885306;36868545;2503788;53611300;40183473;2813371;0;9732
FR;0;2022-06-25;937;1779;6233;19917;1110;5985;20772;0;176;54513942;51887085;36874778;2523705;53612410;40189458;2834143;0;9908
FR;0;2022-06-26;229;459;1953;3688;259;1817;3967;0;39;54514171;51887544;36876731;2527393;53612669;40191275;2838110;0;9947
FR;0;2022-06-27;1129;2016;10495;48484;1172;9636;49752;0;339;54515300;51889560;36887226;2575877;53613841;40200911;2887862;0;10286
FR;0;2022-06-28;1455;2810;14663;91377;1576;13083;93145;0;624;54516755;51892370;36901889;2667254;53615417;40213994;2981007;0;10910
FR;0;2022-06-29;1708;2825;12291;71881;1839;11238;73024;0;548;54518463;51895195;36914180;2739135;53617256;40225232;3054031;0;11458
FR;0;2022-06-30;1532;2717;14390;95162;1636;12470;97177;0;724;54519995;51897912;36928570;2834297;53618892;40237702;3151208;0;12182
FR;0;2022-07-01;1993;3796;21495;115922;2301;18849;118567;0;954;54521988;51901708;36950065;2950219;53621193;40256551;3269775;0;13136
FR;0;2022-07-02;1085;1855;8524;35748;1101;7701;36869;0;342;54523073;51903563;36958589;2985967;53622294;40264252;3306644;0;13478
FR;0;2022-07-03;292;539;2091;6455;317;1894;6804;0;79;54523365;51904102;36960680;2992422;53622611;40266146;3313448;0;13557
FR;0;2022-07-04;1690;3317;14706;79214;2176;12980;81290;0;639;54525055;51907419;36975386;3071636;53624787;40279126;3394738;0;14196
FR;0;2022-07-05;1717;3140;18829;133248;1770;16011;135538;0;1145;54526772;51910559;36994215;3204884;53626557;40295137;3530276;0;15341
FR;0;2022-07-06;1817;2771;15849;99569;1834;13637;101137;0;900;54528589;51913330;37010064;3304453;53628391;40308774;3631413;0;16241
FR;0;2022-07-07;1705;2865;17998;126032;1703;14776;128359;0;1180;54530294;51916195;37028062;3430485;53630094;40323550;3759772;0;17421
FR;0;2022-07-08;1888;3148;20747;137079;1848;16761;140073;0;1346;54532182;51919343;37048809;3567564;53631942;40340311;3899845;0;18767
FR;0;2022-07-09;866;1456;7741;37921;874;6686;38765;0;426;54533048;51920799;37056550;3605485;53632816;40346997;3938610;0;19193
FR;0;2022-07-10;263;565;2345;7003;318;2124;7394;0;94;54533311;51921364;37058895;3612488;53633134;40349121;3946004;0;19287
FR;0;2022-07-11;1429;2460;15014;88270;1382;12502;90462;0;801;54534740;51923824;37073909;3700758;53634516;40361623;4036466;0;20088
FR;0;2022-07-12;1796;3100;20526;143950;1697;16721;146653;0;1604;54536536;51926924;37094435;3844708;53636213;40378344;4183119;0;21692
FR;0;2022-07-13;1736;2738;15689;94528;1649;13267;96388;0;1080;54538272;51929662;37110124;3939236;53637862;40391611;4279507;0;22772
FR;0;2022-07-14;184;368;1952;5533;217;1831;5700;0;82;54538456;51930030;37112076;3944769;53638079;40393442;4285207;0;22854
FR;0;2022-07-15;1475;2554;15112;84452;1414;12594;86611;0;1034;54539931;51932584;37127188;4029221;53639493;40406036;4371818;0;23888
FR;0;2022-07-16;618;1178;5948;24976;683;5155;25667;0;327;54540549;51933762;37133136;4054197;53640176;40411191;4397485;0;24215
FR;0;2022-07-17;177;389;1736;4663;213;1567;4935;0;66;54540726;51934151;37134872;4058860;53640389;40412758;4402420;0;24281
FR;0;2022-07-18;1130;2245;11824;61797;1333;9973;63660;0;780;54541856;51936396;37146696;4120657;53641722;40422731;4466080;0;25061
FR;0;2022-07-19;1415;2345;15469;103694;1384;12291;105881;0;1459;54543271;51938741;37162165;4224351;53643106;40435022;4571961;0;26520
FR;0;2022-07-20;1417;2287;12954;77562;1456;10727;79150;0;1051;54544688;51941028;37175119;4301913;53644562;40445749;4651111;0;27571
FR;0;2022-07-21;1284;2163;13086;88229;1364;10488;89712;0;1315;54545972;51943191;37188205;4390142;53645926;40456237;4740823;0;28886
FR;0;2022-07-22;1401;2455;14808;89516;1442;11959;91386;0;1347;54547373;51945646;37203013;4479658;53647368;40468196;4832209;0;30233
FR;0;2022-07-23;671;1304;5530;22477;817;4853;23073;0;412;54548044;51946950;37208543;4502135;53648185;40473049;4855282;0;30645
FR;0;2022-07-24;183;352;1397;3900;200;1238;4128;0;72;54548227;51947302;37209940;4506035;53648385;40474287;4859410;0;30717
FR;0;2022-07-25;1057;1790;9488;48067;1141;7837;49507;0;737;54549284;51949092;37219428;4554102;53649526;40482124;4908917;0;31454
FR;0;2022-07-26;1289;2207;13303;85416;1313;10827;87114;0;1310;54550573;51951299;37232731;4639518;53650839;40492951;4996031;0;32764
FR;0;2022-07-27;1220;2003;10235;61311;1332;8529;62516;0;971;54551793;51953302;37242966;4700829;53652171;40501480;5058547;0;33735
FR;0;2022-07-28;1088;1859;10307;64390;1249;8214;65625;0;1046;54552881;51955161;37253273;4765219;53653420;40509694;5124172;0;34781
FR;0;2022-07-29;1281;2055;11002;65865;1362;8758;67294;0;1139;54554162;51957216;37264275;4831084;53654782;40518452;5191466;0;35920
FR;0;2022-07-30;499;854;3519;15281;589;2971;15662;0;303;54554661;51958070;37267794;4846365;53655371;40521423;5207128;0;36223
FR;0;2022-07-31;152;288;929;2439;184;788;2588;0;49;54554813;51958358;37268723;4848804;53655555;40522211;5209716;0;36272
FR;0;2022-08-01;840;1552;7591;30234;1145;6387;31307;0;548;54555653;51959910;37276314;4879038;53656700;40528598;5241023;0;36820
FR;0;2022-08-02;1021;1634;8572;56102;1138;6885;56790;0;1169;54556674;51961544;37284886;4935140;53657838;40535483;5297813;0;37989
FR;0;2022-08-03;837;1258;6420;38672;893;5142;39407;0;702;54557511;51962802;37291306;4973812;53658731;40540625;5337220;0;38691
FR;0;2022-08-04;732;1179;6566;43153;775;5296;43719;0;917;54558243;51963981;37297872;5016965;53659506;40545921;5380939;0;39608
FR;0;2022-08-05;852;1354;7092;44951;960;5672;45613;0;993;54559095;51965335;37304964;5061916;53660466;40551593;5426552;0;40601
FR;0;2022-08-06;338;555;2098;9366;396;1756;9566;0;228;54559433;51965890;37307062;5071282;53660862;40553349;5436118;0;40829
FR;0;2022-08-07;104;156;536;1621;113;453;1701;0;38;54559537;51966046;37307598;5072903;53660975;40553802;5437819;0;40867
FR;0;2022-08-08;562;1016;4018;22096;771;3280;22539;0;490;54560099;51967062;37311616;5094999;53661746;40557082;5460358;0;41357
FR;0;2022-08-09;685;1138;5966;39936;824;4797;40426;0;843;54560784;51968200;37317582;5134935;53662570;40561879;5500784;0;42200
FR;0;2022-08-10;632;1120;4653;28054;833;3793;28389;0;652;54561416;51969320;37322235;5162989;53663403;40565672;5529173;0;42852
FR;0;2022-08-11;613;1021;4482;29244;733;3702;29580;0;676;54562029;51970341;37326717;5192233;53664136;40569374;5558753;0;43528
FR;0;2022-08-12;709;1145;4741;28208;828;3913;28644;0;702;54562738;51971486;37331458;5220441;53664964;40573287;5587397;0;44230
FR;0;2022-08-13;213;413;1294;5255;311;1118;5414;0;121;54562951;51971899;37332752;5225696;53665275;40574405;5592811;0;44351
FR;0;2022-08-14;71;121;288;923;104;246;995;0;25;54563022;51972020;37333040;5226619;53665379;40574651;5593806;0;44376
FR;0;2022-08-15;82;182;607;563;148;555;617;0;19;54563104;51972202;37333647;5227182;53665527;40575206;5594423;0;44395
FR;0;2022-08-16;617;1054;3953;22174;815;3348;22366;0;615;54563721;51973256;37337600;5249356;53666342;40578554;5616789;0;45010
FR;0;2022-08-17;629;1013;3886;22895;790;3291;23139;0;620;54564350;51974269;37341486;5272251;53667132;40581845;5639928;0;45630
FR;0;2022-08-18;615;979;4107;26291;779;3248;26521;0;673;54564965;51975248;37345593;5298542;53667911;40585093;5666449;0;46303
FR;0;2022-08-19;601;1153;4488;27243;860;3690;27548;0;766;54565566;51976401;37350081;5325785;53668771;40588783;5693997;0;47069
FR;0;2022-08-20;290;494;1355;5568;391;1170;5728;0;145;54565856;51976895;37351436;5331353;53669162;40589953;5699725;0;47214
FR;0;2022-08-21;94;133;301;1008;94;263;1043;0;27;54565950;51977028;37351737;5332361;53669256;40590216;5700768;0;47241
FR;0;2022-08-22;546;983;3272;15346;760;2794;15677;0;425;54566496;51978011;37355009;5347707;53670016;40593010;5716445;0;47666
FR;0;2022-08-23;711;1172;4294;28990;846;3608;29075;0;870;54567207;51979183;37359303;5376697;53670862;40596618;5745520;0;48536
FR;0;2022-08-24;656;930;3494;19529;773;2856;19719;0;608;54567863;51980113;37362797;5396226;53671635;40599474;5765239;0;49144
FR;0;2022-08-25;622;1011;3936;23401;720;3284;23665;0;673;54568485;51981124;37366733;5419627;53672355;40602758;5788904;0;49817
FR;0;2022-08-26;848;1251;4473;25880;943;3664;26254;0;777;54569333;51982375;37371206;5445507;53673298;40606422;5815158;0;50594
FR;0;2022-08-27;293;497;1377;5462;358;1243;5526;0;194;54569626;51982872;37372583;5450969;53673656;40607665;5820684;0;50788
FR;0;2022-08-28;123;160;303;919;114;288;964;0;38;54569749;51983032;37372886;5451888;53673770;40607953;5821648;0;50826
FR;0;2022-08-29;618;963;3072;14655;762;2609;14961;0;433;54570367;51983995;37375958;5466543;53674532;40610562;5836609;0;51259
FR;0;2022-08-30;848;1206;4791;28542;883;3909;28872;0;823;54571215;51985201;37380749;5495085;53675415;40614471;5865481;0;52082
FR;0;2022-08-31;688;945;3200;17633;730;2709;17899;0;508;54571903;51986146;37383949;5512718;53676145;40617180;5883380;0;52590
FR;0;2022-09-01;727;980;4472;22474;692;3818;22749;0;622;54572630;51987126;37388421;5535192;53676837;40620998;5906129;0;53212
FR;0;2022-09-02;867;1136;5035;28608;820;4246;28901;0;914;54573497;51988262;37393456;5563800;53677657;40625244;5935030;0;54126
FR;0;2022-09-03;415;560;1917;6084;415;1663;6321;0;181;54573912;51988822;37395373;5569884;53678072;40626907;5941351;0;54307
FR;0;2022-09-04;131;150;351;873;85;347;942;0;24;54574043;51988972;37395724;5570757;53678157;40627254;5942293;0;54331
FR;0;2022-09-05;618;697;3145;16054;518;2623;16366;0;523;54574661;51989669;37398869;5586811;53678675;40629877;5958659;0;54854
FR;0;2022-09-06;792;1013;4731;31841;644;3862;32072;0;1040;54575453;51990682;37403600;5618652;53679319;40633739;5990731;0;55894
FR;0;2022-09-07;642;764;2994;16820;544;2474;16969;0;572;54576095;51991446;37406594;5635472;53679863;40636213;6007700;0;56466
FR;0;2022-09-08;616;848;3802;24844;579;3136;24932;0;818;54576711;51992294;37410396;5660316;53680442;40639349;6032632;0;57284
FR;0;2022-09-09;835;1008;4436;27643;649;3672;27821;0;948;54577546;51993302;37414832;5687959;53681091;40643021;6060453;0;58232
FR;0;2022-09-10;385;534;1731;5708;360;1531;5912;0;207;54577931;51993836;37416563;5693667;53681451;40644552;6066365;0;58439
FR;0;2022-09-11;122;129;321;656;90;305;714;0;17;54578053;51993965;37416884;5694323;53681541;40644857;6067079;0;58456
FR;0;2022-09-12;486;618;2680;13282;438;2287;13573;0;478;54578539;51994583;37419564;5707605;53681979;40647144;6080652;0;58934
FR;0;2022-09-13;609;832;3993;26502;518;3481;26384;0;875;54579148;51995415;37423557;5734107;53682497;40650625;6107036;0;59809
FR;0;2022-09-14;651;767;2951;16178;559;2466;16411;0;573;54579799;51996182;37426508;5750285;53683056;40653091;6123447;0;60382
FR;0;2022-09-15;553;774;3463;23565;525;2948;23638;0;725;54580352;51996956;37429971;5773850;53683581;40656039;6147085;0;61107
FR;0;2022-09-16;785;1029;4137;25898;712;3475;26121;0;932;54581137;51997985;37434108;5799748;53684293;40659514;6173206;0;62039
FR;0;2022-09-17;386;488;1449;6144;365;1279;6236;0;242;54581523;51998473;37435557;5805892;53684658;40660793;6179442;0;62281
FR;0;2022-09-18;115;139;323;961;118;291;1016;0;36;54581638;51998612;37435880;5806853;53684776;40661084;6180458;0;62317
FR;0;2022-09-19;445;634;2251;13199;433;1926;13381;0;436;54582083;51999246;37438131;5820052;53685209;40663010;6193839;0;62753
FR;0;2022-09-20;633;863;3779;26433;615;3148;26486;0;892;54582716;52000109;37441910;5846485;53685824;40666158;6220325;0;63645
FR;0;2022-09-21;575;763;2736;16257;567;2351;16249;0;586;54583291;52000872;37444646;5862742;53686391;40668509;6236574;0;64231
FR;0;2022-09-22;582;820;3413;23572;545;2783;23798;0;772;54583873;52001692;37448059;5886314;53686936;40671292;6260372;0;65003
FR;0;2022-09-23;828;1035;4491;28698;754;3759;28874;0;1017;54584701;52002727;37452550;5915012;53687690;40675051;6289246;0;66020
FR;0;2022-09-24;423;608;1639;6893;468;1414;7075;0;306;54585124;52003335;37454189;5921905;53688158;40676465;6296321;0;66326
FR;0;2022-09-25;98;188;335;1100;142;306;1142;0;37;54585222;52003523;37454524;5923005;53688300;40676771;6297463;0;66363
FR;0;2022-09-26;437;694;2286;13512;465;2015;13620;0;432;54585659;52004217;37456810;5936517;53688765;40678786;6311083;0;66795
FR;0;2022-09-27;610;833;3626;25935;604;2909;26090;0;959;54586269;52005050;37460436;5962452;53689369;40681695;6337173;0;67754
FR;0;2022-09-28;626;814;2548;15387;621;2294;15502;0;622;54586895;52005864;37462984;5977839;53689990;40683989;6352675;0;68376
FR;0;2022-09-29;563;758;3112;21029;535;2626;21056;40;809;54587458;52006622;37466096;5998868;53690525;40686615;6373731;40;69185
FR;0;2022-09-30;769;1090;3950;25549;798;3297;25814;713;1048;54588227;52007712;37470046;6024417;53691323;40689912;6399545;753;70233
FR;0;2022-10-01;419;609;2003;5969;456;1733;6208;396;317;54588646;52008321;37472049;6030386;53691779;40691645;6405753;1149;70550
FR;0;2022-10-02;58;132;218;638;94;214;664;66;42;54588704;52008453;37472267;6031024;53691873;40691859;6406417;1215;70592
FR;0;2022-10-03;467;727;2432;12019;561;2140;12213;2073;744;54589171;52009180;37474699;6043043;53692434;40693999;6418630;3288;71336
FR;0;2022-10-04;612;788;3384;23502;531;2774;23682;4702;1581;54589783;52009968;37478083;6066545;53692965;40696773;6442312;7990;72917
FR;0;2022-10-05;544;802;2428;14588;578;2143;14734;3655;1209;54590327;52010770;37480511;6081133;53693543;40698916;6457046;11645;74126
FR;0;2022-10-06;532;701;3082;21681;502;2514;21892;6665;1907;54590859;52011471;37483593;6102814;53694045;40701430;6478938;18310;76033
FR;0;2022-10-07;716;973;4125;30291;703;3471;30381;16868;3201;54591575;52012444;37487718;6133105;53694748;40704901;6509319;35178;79234
FR;0;2022-10-08;345;510;1648;8424;369;1408;8592;6694;1169;54591920;52012954;37489366;6141529;53695117;40706309;6517911;41872;80403
FR;0;2022-10-09;108;137;335;1587;111;310;1650;1510;295;54592028;52013091;37489701;6143116;53695228;40706619;6519561;43382;80698
FR;0;2022-10-10;474;699;2911;20482;514;2495;20810;19485;3242;54592502;52013790;37492612;6163598;53695742;40709114;6540371;62867;83940
FR;0;2022-10-11;569;784;4259;40304;527;3561;40647;40138;6371;54593071;52014574;37496871;6203902;53696269;40712675;6581018;103005;90311
FR;0;2022-10-12;562;788;3245;26705;575;2751;27030;27292;4687;54593633;52015362;37500116;6230607;53696844;40715426;6608048;130297;94998
FR;0;2022-10-13;608;745;3997;38387;536;3116;38849;40555;6601;54594241;52016107;37504113;6268994;53697380;40718542;6646897;170852;101599
FR;0;2022-10-14;752;1044;4863;47639;754;3944;48116;51100;7850;54594993;52017151;37508976;6316633;53698134;40722486;6695013;221952;109449
FR;0;2022-10-15;353;492;1850;11845;331;1609;11962;13088;2275;54595346;52017643;37510826;6328478;53698465;40724095;6706975;235040;111724
FR;0;2022-10-16;92;124;371;1959;76;354;2005;2342;476;54595438;52017767;37511197;6330437;53698541;40724449;6708980;237382;112200
FR;0;2022-10-17;435;687;3031;26414;474;2470;26787;30734;5407;54595873;52018454;37514228;6356851;53699015;40726919;6735767;268116;117607
FR;0;2022-10-18;597;723;4696;46055;520;3745;46574;55373;11677;54596470;52019177;37518924;6402906;53699535;40730664;6782341;323489;129284
FR;0;2022-10-19;546;770;3624;34339;574;3059;34684;42403;9201;54597016;52019947;37522548;6437245;53700109;40733723;6817025;365892;138485
FR;0;2022-10-20;599;756;4822;49388;540;3693;50056;60413;12888;54597615;52020703;37527370;6486633;53700649;40737416;6867081;426305;151373
FR;0;2022-10-21;682;969;5690;56958;687;4494;57645;70866;14280;54598297;52021672;37533060;6543591;53701336;40741910;6924726;497171;165653
FR;0;2022-10-22;330;395;1654;12932;313;1318;13093;15923;3375;54598627;52022067;37534714;6556523;53701649;40743228;6937819;513094;169028
FR;0;2022-10-23;93;101;349;2061;96;265;2163;2752;628;54598720;52022168;37535063;6558584;53701745;40743493;6939982;515846;169656
FR;0;2022-10-24;548;592;3132;27106;418;2678;27532;35425;7769;54599268;52022760;37538195;6585690;53702163;40746171;6967514;551271;177425
FR;0;2022-10-25;584;714;4858;49033;523;3791;49704;65099;15386;54599852;52023474;37543053;6634723;53702686;40749962;7017218;616370;192811
FR;0;2022-10-26;527;632;3443;32480;468;2876;32819;43744;10888;54600379;52024106;37546496;6667203;53703154;40752838;7050037;660114;203699
FR;0;2022-10-27;586;680;4066;40669;480;3324;41161;54231;12996;54600965;52024786;37550562;6707872;53703634;40756162;7091198;714345;216695
FR;0;2022-10-28;696;839;4594;44069;608;3492;44906;58063;13066;54601661;52025625;37555156;6751941;53704242;40759654;7136104;772408;229761
FR;0;2022-10-29;252;353;1324;9483;249;1078;9616;12507;3008;54601913;52025978;37556480;6761424;53704491;40760732;7145720;784915;232769
FR;0;2022-10-30;86;111;284;1580;87;247;1627;2127;539;54601999;52026089;37556764;6763004;53704578;40760979;7147347;787042;233308
FR;0;2022-10-31;379;475;2066;16030;341;1617;16394;22080;5418;54602378;52026564;37558830;6779034;53704919;40762596;7163741;809122;238726
FR;0;2022-11-01;66;149;899;1111;112;928;1155;1658;481;54602444;52026713;37559729;6780145;53705031;40763524;7164896;810780;239207
FR;0;2022-11-02;495;650;3015;25315;479;2557;25785;36483;10074;54602939;52027363;37562744;6805460;53705510;40766081;7190681;847263;249281
FR;0;2022-11-03;634;678;4075;39891;512;3089;40617;56690;15211;54603573;52028041;37566819;6845351;53706022;40769170;7231298;903953;264492
FR;0;2022-11-04;648;816;4414;43618;561;3510;44230;60433;15196;54604221;52028857;37571233;6888969;53706583;40772680;7275528;964386;279688
FR;0;2022-11-05;250;353;1442;9687;277;1161;9892;13418;3282;54604471;52029210;37572675;6898656;53706860;40773841;7285420;977804;282970
FR;0;2022-11-06;87;110;262;1593;93;245;1622;2323;648;54604558;52029320;37572937;6900249;53706953;40774086;7287042;980127;283618
FR;0;2022-11-07;458;513;2711;26535;427;2191;27170;38709;10834;54605016;52029833;37575648;6926784;53707380;40776277;7314212;1018836;294452
FR;0;2022-11-08;587;771;4955;51816;556;3787;52800;73939;19912;54605603;52030604;37580603;6978600;53707936;40780064;7367012;1092775;314364
FR;0;2022-11-09;499;641;3351;31556;462;2678;32327;46227;13141;54606102;52031245;37583954;7010156;53708398;40782742;7399339;1139002;327505
FR;0;2022-11-10;603;847;4540;43520;595;3597;44417;62492;17142;54606705;52032092;37588494;7053676;53708993;40786339;7443756;1201494;344647
FR;0;2022-11-11;68;104;361;1651;70;304;1717;2777;998;54606773;52032196;37588855;7055327;53709063;40786643;7445473;1204271;345645
FR;0;2022-11-12;197;310;1192;7094;219;973;7332;10283;2763;54606970;52032506;37590047;7062421;53709282;40787616;7452805;1214554;348408
FR;0;2022-11-13;62;82;240;1206;58;204;1260;1967;621;54607032;52032588;37590287;7063627;53709340;40787820;7454065;1216521;349029
FR;0;2022-11-14;425;510;2547;23869;356;2031;24488;35921;10773;54607457;52033098;37592834;7087496;53709696;40789851;7478553;1252442;359802
FR;0;2022-11-15;572;691;4275;44795;516;3303;45757;66459;19448;54608029;52033789;37597109;7132291;53710212;40793154;7524310;1318901;379250
FR;0;2022-11-16;535;607;3033;28322;477;2541;28845;42862;13219;54608564;52034396;37600142;7160613;53710689;40795695;7553155;1361763;392469
FR;0;2022-11-17;549;644;3773;39024;492;2933;39632;57786;17089;54609113;52035040;37603915;7199637;53711181;40798628;7592787;1419549;409558
FR;0;2022-11-18;612;755;4575;45002;565;3432;45896;65429;18228;54609725;52035795;37608490;7244639;53711746;40802060;7638683;1484978;427786
FR;0;2022-11-19;264;324;1491;9749;254;1081;9943;14203;3941;54609989;52036119;37609981;7254388;53712000;40803141;7648626;1499181;431727
FR;0;2022-11-20;61;86;298;1693;68;254;1768;2696;842;54610050;52036205;37610279;7256081;53712068;40803395;7650394;1501877;432569
FR;0;2022-11-21;427;501;2395;21275;339;1926;21831;32759;10178;54610477;52036706;37612674;7277356;53712407;40805321;7672225;1534636;442747
FR;0;2022-11-22;528;577;3981;39596;401;3121;40161;59354;18013;54611005;52037283;37616655;7316952;53712808;40808442;7712386;1593990;460760
FR;0;2022-11-23;456;532;2717;25837;372;2288;26328;40052;12751;54611461;52037815;37619372;7342789;53713180;40810730;7738714;1634042;473511
FR;0;2022-11-24;497;576;3728;36880;409;2898;37560;56190;17607;54611958;52038391;37623100;7379669;53713589;40813628;7776274;1690232;491118
FR;0;2022-11-25;559;689;4159;39961;546;3116;40801;59233;17280;54612517;52039080;37627259;7419630;53714135;40816744;7817075;1749465;508398
FR;0;2022-11-26;291;332;1329;9323;252;1056;9464;13943;3949;54612808;52039412;37628588;7428953;53714387;40817800;7826539;1763408;512347
FR;0;2022-11-27;68;74;260;1653;53;222;1679;2538;799;54612876;52039486;37628848;7430606;53714440;40818022;7828218;1765946;513146
FR;0;2022-11-28;395;457;2608;24565;340;1946;25282;38099;11989;54613271;52039943;37631456;7455171;53714780;40819968;7853500;1804045;525135
FR;0;2022-11-29;486;589;4337;46205;363;3228;46913;70558;22128;54613757;52040532;37635793;7501376;53715143;40823196;7900413;1874603;547263
FR;0;2022-11-30;493;664;3685;36703;465;2853;37480;55906;17074;54614250;52041196;37639478;7538079;53715608;40826049;7937893;1930509;564337
FR;0;2022-12-01;479;605;5042;51326;396;3606;52148;78682;24838;54614729;52041801;37644520;7589405;53716004;40829655;7990041;2009191;589175
FR;0;2022-12-02;611;714;6018;61151;494;4237;62380;91787;27202;54615340;52042515;37650538;7650556;53716498;40833892;8052421;2100978;616377
FR;0;2022-12-03;294;334;2186;17956;217;1532;18387;26594;7571;54615634;52042849;37652724;7668512;53716715;40835424;8070808;2127572;623948
FR;0;2022-12-04;92;118;522;4278;86;432;4329;6395;1835;54615726;52042967;37653246;7672790;53716801;40835856;8075137;2133967;625783
FR;0;2022-12-05;429;536;4186;44437;379;2800;45393;68488;21645;54616155;52043503;37657432;7717227;53717180;40838656;8120530;2202455;647428
FR;0;2022-12-06;595;708;6761;77804;443;4567;79316;120807;39143;54616750;52044211;37664193;7795031;53717623;40843223;8199846;2323262;686571
FR;0;2022-12-07;527;596;5276;57807;441;3519;58948;89804;29227;54617277;52044807;37669469;7852838;53718064;40846742;8258794;2413066;715798
FR;0;2022-12-08;586;687;6859;79012;429;4467;80686;123032;40427;54617863;52045494;37676328;7931850;53718493;40851209;8339480;2536098;756225
FR;0;2022-12-09;763;818;8492;95040;533;5555;96903;145985;46177;54618626;52046312;37684820;8026890;53719026;40856764;8436383;2682083;802402
FR;0;2022-12-10;393;404;3577;33767;254;2239;34653;50278;14614;54619019;52046716;37688397;8060657;53719280;40859003;8471036;2732361;817016
FR;0;2022-12-11;127;126;982;8307;91;669;8516;12164;3245;54619146;52046842;37689379;8068964;53719371;40859672;8479552;2744525;820261
FR;0;2022-12-12;490;551;6176;66927;345;3955;68475;105240;34431;54619636;52047393;37695555;8135891;53719716;40863627;8548027;2849765;854692
FR;0;2022-12-13;669;742;8854;102801;460;5470;105337;163399;54455;54620305;52048135;37704409;8238692;53720176;40869097;8653364;3013164;909147
FR;0;2022-12-14;565;658;6627;72502;430;4341;74116;115203;37961;54620870;52048793;37711036;8311194;53720606;40873438;8727480;3128367;947108
FR;0;2022-12-15;614;771;8449;94496;463;5350;96755;150832;50723;54621484;52049564;37719485;8405690;53721069;40878788;8824235;3279199;997831
FR;0;2022-12-16;775;904;9239;103298;577;5954;105443;163884;54298;54622259;52050468;37728724;8508988;53721646;40884742;8929678;3443083;1052129
FR;0;2022-12-17;333;391;3299;31257;256;2097;32056;47572;14131;54622592;52050859;37732023;8540245;53721902;40886839;8961734;3490655;1066260
FR;0;2022-12-18;92;113;751;6169;66;503;6321;9349;2646;54622684;52050972;37732774;8546414;53721968;40887342;8968055;3500004;1068906
FR;0;2022-12-19;558;576;5545;55056;388;3494;56659;88054;29091;54623242;52051548;37738319;8601470;53722356;40890836;9024714;3588058;1097997
FR;0;2022-12-20;689;700;7507;77700;446;4824;79785;126741;43318;54623931;52052248;37745826;8679170;53722802;40895660;9104499;3714799;1141315
FR;0;2022-12-21;536;555;4944;48756;372;3282;50020;79989;27552;54624467;52052803;37750770;8727926;53723174;40898942;9154519;3794788;1168867
