fra;vaccin;jour;n_dose1;n_dose2;n_dose3;n_dose4;n_rappel;n_cum_dose1;n_cum_dose2;n_cum_dose3;n_cum_dose4;n_cum_rappel
FR;1;2020-12-27;592;0;0;0;0;592;0;0;0;0
FR;1;2020-12-28;642;0;0;0;0;1234;0;0;0;0
FR;1;2020-12-29;368;0;0;0;0;1602;0;0;0;0
FR;1;2020-12-30;432;0;0;0;0;2034;0;0;0;0
FR;1;2020-12-31;347;0;0;0;0;2381;0;0;0;0
FR;1;2021-01-01;1175;0;0;0;0;3556;0;0;0;0
FR;1;2021-01-02;349;1;0;0;0;3905;1;0;0;0
FR;1;2021-01-03;415;0;0;0;0;4320;1;0;0;0
FR;1;2021-01-04;2086;0;0;0;0;6406;1;0;0;0
FR;1;2021-01-05;6518;2;0;0;0;12924;3;0;0;0
FR;1;2021-01-06;12224;0;0;0;0;25148;3;0;0;0
FR;1;2021-01-07;29423;2;0;0;0;54571;5;0;0;0
FR;1;2021-01-08;37188;2;0;0;0;91759;7;0;0;0
FR;1;2021-01-09;11214;2;0;0;0;102973;9;0;0;0
FR;1;2021-01-10;6032;0;0;0;0;109005;9;0;0;0
FR;1;2021-01-11;39923;5;0;0;0;148928;14;0;0;0
FR;1;2021-01-12;62107;6;0;0;0;211035;20;0;0;0
FR;1;2021-01-13;65042;13;0;0;0;276077;33;0;0;0
FR;1;2021-01-14;81421;16;0;0;0;357498;49;0;0;0
FR;1;2021-01-15;68586;3;0;0;0;426084;52;0;0;0
FR;1;2021-01-16;19893;75;0;0;0;445977;127;0;0;0
FR;1;2021-01-17;10930;45;0;0;0;456907;172;0;0;0
FR;1;2021-01-18;82753;161;0;0;0;539660;333;0;0;0
FR;1;2021-01-19;125909;139;0;0;0;665569;472;0;0;0
FR;1;2021-01-20;132402;166;0;0;0;797971;638;0;0;0
FR;1;2021-01-21;153034;142;0;0;0;951005;780;0;0;0
FR;1;2021-01-22;115896;173;0;0;0;1066901;953;0;0;0
FR;1;2021-01-23;36592;56;0;0;0;1103493;1009;0;0;0
FR;1;2021-01-24;9595;44;0;0;0;1113088;1053;0;0;0
FR;1;2021-01-25;74411;1218;0;0;0;1187499;2271;0;0;0
FR;1;2021-01-26;96433;3129;1;0;0;1283932;5400;1;0;0
FR;1;2021-01-27;103626;5598;0;0;0;1387558;10998;1;0;0
FR;1;2021-01-28;120577;14341;0;0;0;1508135;25339;1;0;0
FR;1;2021-01-29;88863;17294;0;0;0;1596998;42633;1;0;0
FR;1;2021-01-30;27967;4210;0;0;0;1624965;46843;1;0;0
FR;1;2021-01-31;5173;1687;0;0;0;1630138;48530;1;0;0
FR;1;2021-02-01;49805;21113;0;0;0;1679943;69643;1;0;0
FR;1;2021-02-02;67778;34567;0;0;0;1747721;104210;1;0;0
FR;1;2021-02-03;67040;36947;0;0;0;1814761;141157;1;0;0
FR;1;2021-02-04;77104;50042;0;0;0;1891865;191199;1;0;0
FR;1;2021-02-05;63392;45275;0;0;0;1955257;236474;1;0;0
FR;1;2021-02-06;19403;10397;0;0;0;1974660;246871;1;0;0
FR;1;2021-02-07;3667;5052;0;0;0;1978327;251923;1;0;0
FR;1;2021-02-08;36483;45928;0;0;0;2014810;297851;1;0;0
FR;1;2021-02-09;50785;72361;0;0;0;2065595;370212;1;0;0
FR;1;2021-02-10;52020;76548;0;0;0;2117615;446760;1;0;0
FR;1;2021-02-11;63326;98956;0;0;0;2180941;545716;1;0;0
FR;1;2021-02-12;55820;73953;0;0;0;2236761;619669;1;0;0
FR;1;2021-02-13;15444;19253;0;0;0;2252205;638922;1;0;0
FR;1;2021-02-14;3736;7198;0;0;0;2255941;646120;1;0;0
FR;1;2021-02-15;24122;73353;0;0;0;2280063;719473;1;0;0
FR;1;2021-02-16;32737;96709;0;0;0;2312800;816182;1;0;0
FR;1;2021-02-17;35084;98482;1;0;0;2347884;914664;2;0;0
FR;1;2021-02-18;49373;113368;0;0;0;2397257;1028032;2;0;0
FR;1;2021-02-19;45359;86276;1;0;0;2442616;1114308;3;0;0
FR;1;2021-02-20;13378;26869;0;0;0;2455994;1141177;3;0;0
FR;1;2021-02-21;2450;6292;0;0;0;2458444;1147469;3;0;0
FR;1;2021-02-22;24682;69308;2;0;0;2483126;1216777;5;0;0
FR;1;2021-02-23;37403;80285;1;0;0;2520529;1297062;6;0;0
FR;1;2021-02-24;40648;77547;1;0;0;2561177;1374609;7;0;0
FR;1;2021-02-25;50125;87857;1;0;0;2611302;1462466;8;0;0
FR;1;2021-02-26;47168;67796;0;0;0;2658470;1530262;8;0;0
FR;1;2021-02-27;15663;20906;0;0;0;2674133;1551168;8;0;0
FR;1;2021-02-28;3550;4381;1;0;0;2677683;1555549;9;0;0
FR;1;2021-03-01;40184;48943;1;0;0;2717867;1604492;10;0;0
FR;1;2021-03-02;55943;61416;2;0;0;2773810;1665908;12;0;0
FR;1;2021-03-03;61136;60559;0;0;0;2834946;1726467;12;0;0
FR;1;2021-03-04;72920;64849;3;0;0;2907866;1791316;15;0;0
FR;1;2021-03-05;74703;59176;3;0;0;2982569;1850492;18;0;0
FR;1;2021-03-06;82435;16065;2;0;0;3065004;1866557;20;0;0
FR;1;2021-03-07;63711;5390;1;0;0;3128715;1871947;21;0;0
FR;1;2021-03-08;60127;42407;2;0;0;3188842;1914354;23;0;0
FR;1;2021-03-09;85920;48249;1;0;0;3274762;1962603;24;0;0
FR;1;2021-03-10;90814;48046;5;0;0;3365576;2010649;29;0;0
FR;1;2021-03-11;104968;53790;1;0;0;3470544;2064439;30;0;0
FR;1;2021-03-12;104059;45237;0;0;0;3574603;2109676;30;0;0
FR;1;2021-03-13;89157;12708;1;0;0;3663760;2122384;31;0;0
FR;1;2021-03-14;44432;3021;1;0;0;3708192;2125405;32;0;0
FR;1;2021-03-15;95392;29098;3;0;0;3803584;2154503;35;0;0
FR;1;2021-03-16;123579;34879;4;0;0;3927163;2189382;39;0;0
FR;1;2021-03-17;129254;34813;5;0;0;4056417;2224195;44;0;0
FR;1;2021-03-18;142857;39699;5;0;0;4199274;2263894;49;0;0
FR;1;2021-03-19;136234;32861;2;0;0;4335508;2296755;51;0;0
FR;1;2021-03-20;75972;10193;1;0;0;4411480;2306948;52;0;0
FR;1;2021-03-21;26464;2484;1;0;0;4437944;2309432;53;0;0
FR;1;2021-03-22;114639;31142;2;0;0;4552583;2340574;55;0;0
FR;1;2021-03-23;142966;38140;1;0;0;4695549;2378714;56;0;0
FR;1;2021-03-24;141963;38771;0;0;0;4837512;2417485;56;0;0
FR;1;2021-03-25;164952;39550;4;0;0;5002464;2457035;60;0;0
FR;1;2021-03-26;166346;37436;4;0;0;5168810;2494471;64;0;0
FR;1;2021-03-27;110853;15242;1;0;0;5279663;2509713;65;0;0
FR;1;2021-03-28;42267;3642;3;0;0;5321930;2513355;68;0;0
FR;1;2021-03-29;129773;49908;4;0;0;5451703;2563263;72;0;0
FR;1;2021-03-30;167610;63479;4;0;0;5619313;2626742;76;0;0
FR;1;2021-03-31;170855;66813;4;0;0;5790168;2693555;80;0;0
FR;1;2021-04-01;194759;79166;11;0;0;5984927;2772721;91;0;0
FR;1;2021-04-02;164402;84245;7;0;0;6149329;2856966;98;0;0
FR;1;2021-04-03;88222;58073;5;0;0;6237551;2915039;103;0;0
FR;1;2021-04-04;33517;17731;0;0;0;6271068;2932770;103;0;0
FR;1;2021-04-05;46553;10158;11;0;0;6317621;2942928;114;0;0
FR;1;2021-04-06;160195;100749;16;0;0;6477816;3043677;130;0;0
FR;1;2021-04-07;196894;108115;16;0;0;6674710;3151792;146;0;0
FR;1;2021-04-08;221965;112281;13;0;0;6896675;3264073;159;0;0
FR;1;2021-04-09;214469;107398;20;0;0;7111144;3371471;179;0;0
FR;1;2021-04-10;117128;73372;13;0;0;7228272;3444843;192;0;0
FR;1;2021-04-11;40800;30244;6;0;0;7269072;3475087;198;0;0
FR;1;2021-04-12;168330;103652;45;0;0;7437402;3578739;243;0;0
FR;1;2021-04-13;203698;128034;95;1;0;7641100;3706773;338;1;0
FR;1;2021-04-14;208500;122650;203;0;0;7849600;3829423;541;1;0
FR;1;2021-04-15;221688;126592;309;0;0;8071288;3956015;850;1;0
FR;1;2021-04-16;205965;125009;307;0;0;8277253;4081024;1157;1;0
FR;1;2021-04-17;122042;67410;102;0;0;8399295;4148434;1259;1;0
FR;1;2021-04-18;35914;20993;39;0;0;8435209;4169427;1298;1;0
FR;1;2021-04-19;163587;121746;429;0;0;8598796;4291173;1727;1;0
FR;1;2021-04-20;189291;148601;528;0;0;8788087;4439774;2255;1;0
FR;1;2021-04-21;193864;146606;753;0;0;8981951;4586380;3008;1;0
FR;1;2021-04-22;208856;162496;777;0;0;9190807;4748876;3785;1;0
FR;1;2021-04-23;198890;156749;665;0;0;9389697;4905625;4450;1;0
FR;1;2021-04-24;126285;95428;144;0;0;9515982;5001053;4594;1;0
FR;1;2021-04-25;53540;30078;46;0;0;9569522;5031131;4640;1;0
FR;1;2021-04-26;181023;138079;535;0;0;9750545;5169210;5175;1;0
FR;1;2021-04-27;221272;161733;896;0;0;9971817;5330943;6071;1;0
FR;1;2021-04-28;238193;154926;1306;1;1;10210010;5485869;7377;2;1
FR;1;2021-04-29;270178;159900;1205;0;0;10480188;5645769;8582;2;1
FR;1;2021-04-30;271898;147956;1066;0;0;10752086;5793725;9648;2;1
FR;1;2021-05-01;141128;40676;172;0;0;10893214;5834401;9820;2;1
FR;1;2021-05-02;81583;28117;80;0;0;10974797;5862518;9900;2;1
FR;1;2021-05-03;250971;146299;795;0;0;11225768;6008817;10695;2;1
FR;1;2021-05-04;265769;186749;1196;0;0;11491537;6195566;11891;2;1
FR;1;2021-05-05;283950;184393;1262;0;0;11775487;6379959;13153;2;1
FR;1;2021-05-06;309825;182847;1490;0;0;12085312;6562806;14643;2;1
FR;1;2021-05-07;284100;195461;1125;0;0;12369412;6758267;15768;2;1
FR;1;2021-05-08;191617;48280;281;0;0;12561029;6806547;16049;2;1
FR;1;2021-05-09;114001;36135;236;0;0;12675030;6842682;16285;2;1
FR;1;2021-05-10;258183;193980;1177;0;0;12933213;7036662;17462;2;1
FR;1;2021-05-11;318805;211059;1457;0;0;13252018;7247721;18919;2;1
FR;1;2021-05-12;356563;185670;1390;0;0;13608581;7433391;20309;2;1
FR;1;2021-05-13;283369;47645;397;0;0;13891950;7481036;20706;2;1
FR;1;2021-05-14;370709;128623;981;0;0;14262659;7609659;21687;2;1
FR;1;2021-05-15;298037;66061;398;0;0;14560696;7675720;22085;2;1
FR;1;2021-05-16;157717;15540;158;0;0;14718413;7691260;22243;2;1
FR;1;2021-05-17;318881;116504;1429;0;0;15037294;7807764;23672;2;1
FR;1;2021-05-18;383070;111113;1790;0;0;15420364;7918877;25462;2;1
FR;1;2021-05-19;395158;102686;2164;0;0;15815522;8021563;27626;2;1
FR;1;2021-05-20;421701;96153;2034;0;0;16237223;8117716;29660;2;1
FR;1;2021-05-21;399741;97204;1750;0;0;16636964;8214920;31410;2;1
FR;1;2021-05-22;275600;41993;601;0;0;16912564;8256913;32011;2;1
FR;1;2021-05-23;122944;11182;224;0;0;17035508;8268095;32235;2;1
FR;1;2021-05-24;243954;26248;563;0;0;17279462;8294343;32798;2;1
FR;1;2021-05-25;366051;131696;2096;1;0;17645513;8426039;34894;3;1
FR;1;2021-05-26;380720;125576;1978;0;0;18026233;8551615;36872;3;1
FR;1;2021-05-27;406024;127993;1964;0;0;18432257;8679608;38836;3;1
FR;1;2021-05-28;365978;145305;1689;0;0;18798235;8824913;40525;3;1
FR;1;2021-05-29;253776;80857;524;0;0;19052011;8905770;41049;3;1
FR;1;2021-05-30;100889;22531;156;0;0;19152900;8928301;41205;3;1
FR;1;2021-05-31;314170;148824;1275;1;1;19467070;9077125;42480;4;2
FR;1;2021-06-01;361773;166578;1718;1;1;19828843;9243703;44198;5;3
FR;1;2021-06-02;364908;153055;1785;0;0;20193751;9396758;45983;5;3
FR;1;2021-06-03;390273;147613;1641;0;0;20584024;9544371;47624;5;3
FR;1;2021-06-04;363453;175571;1481;1;1;20947477;9719942;49105;6;4
FR;1;2021-06-05;258455;112661;595;0;0;21205932;9832603;49700;6;4
FR;1;2021-06-06;126771;37513;215;0;0;21332703;9870116;49915;6;4
FR;1;2021-06-07;300100;207917;1359;0;0;21632803;10078033;51274;6;4
FR;1;2021-06-08;330553;220771;1626;0;0;21963356;10298804;52900;6;4
FR;1;2021-06-09;336346;212360;1598;0;0;22299702;10511164;54498;6;4
FR;1;2021-06-10;344352;202113;1601;0;0;22644054;10713277;56099;6;4
FR;1;2021-06-11;311787;235277;1284;0;0;22955841;10948554;57383;6;4
FR;1;2021-06-12;244033;150645;427;0;0;23199874;11099199;57810;6;4
FR;1;2021-06-13;100302;60998;185;0;0;23300176;11160197;57995;6;4
FR;1;2021-06-14;207808;289044;1311;1;0;23507984;11449241;59306;7;4
FR;1;2021-06-15;256688;282268;1382;1;0;23764672;11731509;60688;8;4
FR;1;2021-06-16;273556;270435;1255;1;0;24038228;12001944;61943;9;4
FR;1;2021-06-17;268264;244420;1227;1;0;24306492;12246364;63170;10;4
FR;1;2021-06-18;260630;295699;1144;1;0;24567122;12542063;64314;11;4
FR;1;2021-06-19;193423;209458;384;0;0;24760545;12751521;64698;11;4
FR;1;2021-06-20;69648;89116;117;0;0;24830193;12840637;64815;11;4
FR;1;2021-06-21;172218;319831;920;1;1;25002411;13160468;65735;12;5
FR;1;2021-06-22;185692;347733;1093;10;2;25188103;13508201;66828;22;7
FR;1;2021-06-23;204084;339373;1046;0;0;25392187;13847574;67874;22;7
FR;1;2021-06-24;203397;281904;1157;0;0;25595584;14129478;69031;22;7
FR;1;2021-06-25;183282;371810;1195;0;0;25778866;14501288;70226;22;7
FR;1;2021-06-26;131308;278277;498;0;0;25910174;14779565;70724;22;7
FR;1;2021-06-27;52361;122960;143;0;0;25962535;14902525;70867;22;7
FR;1;2021-06-28;136465;368263;1053;0;0;26099000;15270788;71920;22;7
FR;1;2021-06-29;154726;390482;1845;0;0;26253726;15661270;73765;22;7
FR;1;2021-06-30;179899;378532;1659;4;2;26433625;16039802;75424;26;9
FR;1;2021-07-01;202034;332153;1886;5;1;26635659;16371955;77310;31;10
FR;1;2021-07-02;193460;367694;1761;5;3;26829119;16739649;79071;36;13
FR;1;2021-07-03;124419;280451;703;3;1;26953538;17020100;79774;39;14
FR;1;2021-07-04;53917;113676;244;0;0;27007455;17133776;80018;39;14
FR;1;2021-07-05;153950;356069;1497;8;2;27161405;17489845;81515;47;16
FR;1;2021-07-06;173525;382524;1597;43;8;27334930;17872369;83112;90;24
FR;1;2021-07-07;191145;362573;1655;24;5;27526075;18234942;84767;114;29
FR;1;2021-07-08;201464;323100;1825;20;9;27727539;18558042;86592;134;38
FR;1;2021-07-09;189754;387169;1852;3;2;27917293;18945211;88444;137;40
FR;1;2021-07-10;129868;281112;814;1;1;28047161;19226323;89258;138;41
FR;1;2021-07-11;57598;102475;260;0;0;28104759;19328798;89518;138;41
FR;1;2021-07-12;149527;417004;1573;4;0;28254286;19745802;91091;142;41
FR;1;2021-07-13;234188;439487;1803;7;2;28488474;20185289;92894;149;43
FR;1;2021-07-14;171710;151574;415;0;0;28660184;20336863;93309;149;43
FR;1;2021-07-15;279543;424813;1853;1;0;28939727;20761676;95162;150;43
FR;1;2021-07-16;290227;401312;1709;3;1;29229954;21162988;96871;153;44
FR;1;2021-07-17;217313;282124;753;1;0;29447267;21445112;97624;154;44
FR;1;2021-07-18;101992;107315;288;0;0;29549259;21552427;97912;154;44
FR;1;2021-07-19;238146;379416;1494;3;0;29787405;21931843;99406;157;44
FR;1;2021-07-20;305706;380965;1466;0;0;30093111;22312808;100872;157;44
FR;1;2021-07-21;333139;353612;1410;4;2;30426250;22666420;102282;161;46
FR;1;2021-07-22;364396;319533;1496;3;2;30790646;22985953;103778;164;48
FR;1;2021-07-23;347575;343681;1582;4;2;31138221;23329634;105360;168;50
FR;1;2021-07-24;238923;241116;695;1;0;31377144;23570750;106055;169;50
FR;1;2021-07-25;112752;76059;214;0;0;31489896;23646809;106269;169;50
FR;1;2021-07-26;299008;290335;1494;2;2;31788904;23937144;107763;171;52
FR;1;2021-07-27;385714;268950;1458;4;2;32174618;24206094;109221;175;54
FR;1;2021-07-28;390144;251668;1459;4;2;32564762;24457762;110680;179;56
FR;1;2021-07-29;406134;228517;1537;2;1;32970896;24686279;112217;181;57
FR;1;2021-07-30;370602;247118;1632;4;1;33341498;24933397;113849;185;58
FR;1;2021-07-31;243316;165102;790;1;0;33584814;25098499;114639;186;58
FR;1;2021-08-01;105554;47224;228;0;0;33690368;25145723;114867;186;58
FR;1;2021-08-02;297392;213231;1472;1;0;33987760;25358954;116339;187;58
FR;1;2021-08-03;331204;209344;1542;2;1;34318964;25568298;117881;189;59
FR;1;2021-08-04;327886;184431;1435;5;3;34646850;25752729;119316;194;62
FR;1;2021-08-05;301168;193576;1478;0;0;34948018;25946305;120794;194;62
FR;1;2021-08-06;290781;224675;1557;3;1;35238799;26170980;122351;197;63
FR;1;2021-08-07;182545;158818;654;4;3;35421344;26329798;123005;201;66
FR;1;2021-08-08;68783;59154;245;0;0;35490127;26388952;123250;201;66
FR;1;2021-08-09;222647;236148;1435;4;3;35712774;26625100;124685;205;69
FR;1;2021-08-10;252665;241030;1485;2;1;35965439;26866130;126170;207;70
FR;1;2021-08-11;236055;232598;1266;5;1;36201494;27098728;127436;212;71
FR;1;2021-08-12;220534;240256;1480;3;1;36422028;27338984;128916;215;72
FR;1;2021-08-13;201623;238477;1350;2;2;36623651;27577461;130266;217;74
FR;1;2021-08-14;122720;174168;645;0;0;36746371;27751629;130911;217;74
FR;1;2021-08-15;34624;46117;194;1;0;36780995;27797746;131105;218;74
FR;1;2021-08-16;156387;289958;1417;0;0;36937382;28087704;132522;218;74
FR;1;2021-08-17;171366;291773;1417;4;1;37108748;28379477;133939;222;75
FR;1;2021-08-18;161254;287197;1382;6;3;37270002;28666674;135321;228;78
FR;1;2021-08-19;148757;277535;1391;1;0;37418759;28944209;136712;229;78
FR;1;2021-08-20;140291;308411;1517;2;2;37559050;29252620;138229;231;80
FR;1;2021-08-21;84166;213266;584;0;0;37643216;29465886;138813;231;80
FR;1;2021-08-22;28525;82695;229;0;0;37671741;29548581;139042;231;80
FR;1;2021-08-23;118529;321221;1415;2;1;37790270;29869802;140457;233;81
FR;1;2021-08-24;126570;319961;1589;5;1;37916840;30189763;142046;238;82
FR;1;2021-08-25;121376;306616;1772;6;3;38038216;30496379;143818;244;85
FR;1;2021-08-26;106509;286183;2151;10;1;38144725;30782562;145969;254;86
FR;1;2021-08-27;107513;321101;2296;8;3;38252238;31103663;148265;262;89
FR;1;2021-08-28;70866;220673;1097;0;0;38323104;31324336;149362;262;89
FR;1;2021-08-29;24133;78112;459;1;0;38347237;31402448;149821;263;89
FR;1;2021-08-30;96735;286479;4305;6;5160;38443972;31688927;154126;269;5249
FR;1;2021-08-31;97960;276451;9265;13;10173;38541932;31965378;163391;282;15422
FR;1;2021-09-01;111530;245268;21081;7;21913;38653462;32210646;184472;289;37335
FR;1;2021-09-02;84969;198061;24490;11;25322;38738431;32408707;208962;300;62657
FR;1;2021-09-03;82396;227631;26919;21;27850;38820827;32636338;235881;321;90507
FR;1;2021-09-04;71312;189684;11128;11;11583;38892139;32826022;247009;332;102090
FR;1;2021-09-05;18598;41197;4116;2;4277;38910737;32867219;251125;334;106367
FR;1;2021-09-06;59425;151713;30149;15;30978;38970162;33018932;281274;349;137345
FR;1;2021-09-07;56023;139707;30187;26;30991;39026185;33158639;311461;375;168336
FR;1;2021-09-08;70265;173810;26897;20;27662;39096450;33332449;338358;395;195998
FR;1;2021-09-09;53416;124445;28567;23;29483;39149866;33456894;366925;418;225481
FR;1;2021-09-10;65455;151994;30399;22;31394;39215321;33608888;397324;440;256875
FR;1;2021-09-11;51722;146563;9710;13;10190;39267043;33755451;407034;453;267065
FR;1;2021-09-12;10679;29240;2478;2;2621;39277722;33784691;409512;455;269686
FR;1;2021-09-13;51292;104588;38684;28;39614;39329014;33889279;448196;483;309300
FR;1;2021-09-14;53121;96153;51180;67;52493;39382135;33985432;499376;550;361793
FR;1;2021-09-15;60399;139161;50403;55;46852;39442534;34124593;549779;605;408645
FR;1;2021-09-16;46562;81265;53229;72;49346;39489096;34205858;603008;677;457991
FR;1;2021-09-17;53122;109319;44995;61;42551;39542218;34315177;648003;738;500542
FR;1;2021-09-18;37778;118408;11784;19;11241;39579996;34433585;659787;757;511783
FR;1;2021-09-19;6472;21020;2030;2;1968;39586468;34454605;661817;759;513751
FR;1;2021-09-20;37274;74844;46117;69;43943;39623742;34529449;707934;828;557694
FR;1;2021-09-21;34048;68128;56150;73;52456;39657790;34597577;764084;901;610150
FR;1;2021-09-22;38671;118239;49764;78;46664;39696461;34715816;813848;979;656814
FR;1;2021-09-23;31880;62603;54405;86;50618;39728341;34778419;868253;1065;707432
FR;1;2021-09-24;36659;89553;43594;92;41796;39765000;34867972;911847;1157;749228
FR;1;2021-09-25;27549;96444;12291;27;12144;39792549;34964416;924138;1184;761372
FR;1;2021-09-26;4364;15211;1764;4;1701;39796913;34979627;925902;1188;763073
FR;1;2021-09-27;27312;60193;42839;89;41498;39824225;35039820;968741;1277;804571
FR;1;2021-09-28;26815;49429;47090;75;44273;39851040;35089249;1015831;1352;848844
FR;1;2021-09-29;35752;80279;47177;86;45414;39886792;35169528;1063008;1438;894258
FR;1;2021-09-30;25927;45742;47423;80;45223;39912719;35215270;1110431;1518;939481
FR;1;2021-10-01;47318;64443;44824;83;44337;39960037;35279713;1155255;1601;983818
FR;1;2021-10-02;31771;62192;16093;32;16266;39991808;35341905;1171348;1633;1000084
FR;1;2021-10-03;4293;8605;2024;3;2034;39996101;35350510;1173372;1636;1002118
FR;1;2021-10-04;28403;44256;47050;78;46858;40024504;35394766;1220422;1714;1048976
FR;1;2021-10-05;23933;41545;49769;116;49059;40048437;35436311;1270191;1830;1098035
FR;1;2021-10-06;34087;61122;57381;102;57022;40082524;35497433;1327572;1932;1155057
FR;1;2021-10-07;20797;39570;52944;75;51739;40103321;35537003;1380516;2007;1206796
FR;1;2021-10-08;34634;59437;60308;83;60963;40137955;35596440;1440824;2090;1267759
FR;1;2021-10-09;27254;47822;25450;29;25942;40165209;35644262;1466274;2119;1293701
FR;1;2021-10-10;3547;5697;2739;7;2833;40168756;35649959;1469013;2126;1296534
FR;1;2021-10-11;24580;38157;54520;88;55112;40193336;35688116;1523533;2214;1351646
FR;1;2021-10-12;22935;36517;57969;125;58969;40216271;35724633;1581502;2339;1410615
FR;1;2021-10-13;32725;47650;64116;124;65552;40248996;35772283;1645618;2463;1476167
FR;1;2021-10-14;21648;34573;53696;101;54187;40270644;35806856;1699314;2564;1530354
FR;1;2021-10-15;32422;48469;72270;163;74892;40303066;35855325;1771584;2727;1605246
FR;1;2021-10-16;25821;35172;34843;45;36357;40328887;35890497;1806427;2772;1641603
FR;1;2021-10-17;3083;4002;3403;2;3308;40331970;35894499;1809830;2774;1644911
FR;1;2021-10-18;22409;33719;66774;129;69585;40354379;35928218;1876604;2903;1714496
FR;1;2021-10-19;20447;33014;75593;136;79454;40374826;35961232;1952197;3039;1793950
FR;1;2021-10-20;29788;43927;96093;176;99649;40404614;36005159;2048290;3215;1893599
FR;1;2021-10-21;19464;34986;83073;108;86918;40424078;36040145;2131363;3323;1980517
FR;1;2021-10-22;29493;47373;103654;194;109490;40453571;36087518;2235017;3517;2090007
FR;1;2021-10-23;22866;34623;44834;57;47321;40476437;36122141;2279851;3574;2137328
FR;1;2021-10-24;2366;3863;3576;6;3739;40478803;36126004;2283427;3580;2141067
FR;1;2021-10-25;22342;30663;81955;143;85700;40501145;36156667;2365382;3723;2226767
FR;1;2021-10-26;19247;27570;86018;162;90197;40520392;36184237;2451400;3885;2316964
FR;1;2021-10-27;26050;39514;107708;253;112526;40546442;36223751;2559108;4138;2429490
FR;1;2021-10-28;18488;26856;86859;150;91502;40564930;36250607;2645967;4288;2520992
FR;1;2021-10-29;25805;39703;114731;201;121405;40590735;36290310;2760698;4489;2642397
FR;1;2021-10-30;17486;28487;49314;76;51883;40608221;36318797;2810012;4565;2694280
FR;1;2021-10-31;2063;3228;3440;2;3683;40610284;36322025;2813452;4567;2697963
FR;1;2021-11-01;7175;3900;3008;3;3241;40617459;36325925;2816460;4570;2701204
FR;1;2021-11-02;21490;32999;92305;155;97587;40638949;36358924;2908765;4725;2798791
FR;1;2021-11-03;26026;41191;117397;215;123687;40664975;36400115;3026162;4940;2922478
FR;1;2021-11-04;19379;30151;105682;213;111738;40684354;36430266;3131844;5153;3034216
FR;1;2021-11-05;26816;41994;138658;227;147189;40711170;36472260;3270502;5380;3181405
FR;1;2021-11-06;18682;29740;63417;123;66362;40729852;36502000;3333919;5503;3247767
FR;1;2021-11-07;1774;3392;4942;6;5297;40731626;36505392;3338861;5509;3253064
FR;1;2021-11-08;17468;32211;125877;222;132379;40749094;36537603;3464738;5731;3385443
FR;1;2021-11-09;19057;37605;159163;336;168809;40768151;36575208;3623901;6067;3554252
FR;1;2021-11-10;28416;48725;181769;438;192223;40796567;36623933;3805670;6505;3746475
FR;1;2021-11-11;3463;5558;12161;26;12949;40800030;36629491;3817831;6531;3759424
FR;1;2021-11-12;25880;46755;174698;240;186258;40825910;36676246;3992529;6771;3945682
FR;1;2021-11-13;18562;29173;76777;110;81709;40844472;36705419;4069306;6881;4027391
FR;1;2021-11-14;1993;3346;6803;5;7381;40846465;36708765;4076109;6886;4034772
FR;1;2021-11-15;18461;34745;156264;303;166003;40864926;36743510;4232373;7189;4200775
FR;1;2021-11-16;20870;37706;191941;377;204622;40885796;36781216;4424314;7566;4405397
FR;1;2021-11-17;28353;45528;193105;398;204839;40914149;36826744;4617419;7964;4610236
FR;1;2021-11-18;20911;37623;182330;457;194251;40935060;36864367;4799749;8421;4804487
FR;1;2021-11-19;30794;53238;230074;528;246416;40965854;36917605;5029823;8949;5050903
FR;1;2021-11-20;23580;33147;96910;200;103529;40989434;36950752;5126733;9149;5154432
FR;1;2021-11-21;2298;4052;9086;18;9981;40991732;36954804;5135819;9167;5164413
FR;1;2021-11-22;21296;30303;175736;465;189202;41013028;36985107;5311555;9632;5353615
FR;1;2021-11-23;23741;40899;221018;538;237627;41036769;37026006;5532573;10170;5591242
FR;1;2021-11-24;30191;49462;217221;702;234283;41066960;37075468;5749794;10872;5825525
FR;1;2021-11-25;23416;43569;244304;719;263760;41090376;37119037;5994098;11591;6089285
FR;1;2021-11-26;30485;66378;356612;834;388291;41120861;37185415;6350710;12425;6477576
FR;1;2021-11-27;21627;45017;202514;370;222478;41142488;37230432;6553224;12795;6700054
FR;1;2021-11-28;3134;9695;54737;62;61043;41145622;37240127;6607961;12857;6761097
FR;1;2021-11-29;17788;49319;326220;841;354114;41163410;37289446;6934181;13698;7115211
FR;1;2021-11-30;22429;64590;430931;949;470474;41185839;37354036;7365112;14647;7585685
FR;1;2021-12-01;24484;69032;442659;1129;481434;41210323;37423068;7807771;15776;8067119
FR;1;2021-12-02;19788;64184;489184;1222;532569;41230111;37487252;8296955;16998;8599688
FR;1;2021-12-03;22815;81605;542527;1303;591424;41252926;37568857;8839482;18301;9191112
FR;1;2021-12-04;16341;53830;298980;652;328790;41269267;37622687;9138462;18953;9519902
FR;1;2021-12-05;3624;13925;81488;143;91072;41272891;37636612;9219950;19096;9610974
FR;1;2021-12-06;16652;62400;415249;1062;454929;41289543;37699012;9635199;20158;10065903
FR;1;2021-12-07;19724;75681;522702;1527;572224;41309267;37774693;10157901;21685;10638127
FR;1;2021-12-08;21408;75361;458175;1541;501845;41330675;37850054;10616076;23226;11139972
FR;1;2021-12-09;19306;73856;492696;1625;540506;41349981;37923910;11108772;24851;11680478
FR;1;2021-12-10;22448;87461;547177;1582;599735;41372429;38011371;11655949;26433;12280213
FR;1;2021-12-11;16514;58866;302647;745;335386;41388943;38070237;11958596;27178;12615599
FR;1;2021-12-12;4326;15910;83160;178;94076;41393269;38086147;12041756;27356;12709675
FR;1;2021-12-13;15428;63546;366768;1094;406101;41408697;38149693;12408524;28450;13115776
FR;1;2021-12-14;19857;80067;464467;1735;514935;41428554;38229760;12872991;30185;13630711
FR;1;2021-12-15;21275;77076;408866;1308;452912;41449829;38306836;13281857;31493;14083623
FR;1;2021-12-16;19890;77173;451669;1574;500444;41469719;38384009;13733526;33067;14584067
FR;1;2021-12-17;22437;86578;479770;1735;530881;41492156;38470587;14213296;34802;15114948
FR;1;2021-12-18;17584;54594;257573;730;288488;41509740;38525181;14470869;35532;15403436
FR;1;2021-12-19;5535;17202;79174;194;90847;41515275;38542383;14550043;35726;15494283
FR;1;2021-12-20;20851;62987;316286;1081;355366;41536126;38605370;14866329;36807;15849649
FR;1;2021-12-21;26050;73003;372647;1420;418012;41562176;38678373;15238976;38227;16267661
FR;1;2021-12-22;24859;65715;310468;1213;349442;41587035;38744088;15549444;39440;16617103
FR;1;2021-12-23;21166;52200;241657;947;273258;41608201;38796288;15791101;40387;16890361
FR;1;2021-12-24;7063;18244;67169;255;77122;41615264;38814532;15858270;40642;16967483
FR;1;2021-12-25;491;2740;5593;15;6568;41615755;38817272;15863863;40657;16974051
FR;1;2021-12-26;2748;7583;26939;68;31468;41618503;38824855;15890802;40725;17005519
FR;1;2021-12-27;18078;53212;235176;707;265834;41636581;38878067;16125978;41432;17271353
FR;1;2021-12-28;23197;61770;292086;1021;330244;41659778;38939837;16418064;42453;17601597
FR;1;2021-12-29;22178;55393;255009;919;288242;41681956;38995230;16673073;43372;17889839
FR;1;2021-12-30;21186;45983;212200;857;239659;41703142;39041213;16885273;44229;18129498
FR;1;2021-12-31;7246;16421;61973;228;70464;41710388;39057634;16947246;44457;18199962
FR;1;2022-01-01;808;2481;5682;30;6612;41711196;39060115;16952928;44487;18206574
FR;1;2022-01-02;3033;8067;28954;50;33617;41714229;39068182;16981882;44537;18240191
FR;1;2022-01-03;18876;51399;229399;784;258608;41733105;39119581;17211281;45321;18498799
FR;1;2022-01-04;24637;64449;299724;1235;337703;41757742;39184030;17511005;46556;18836502
FR;1;2022-01-05;28958;63403;275712;1095;310984;41786700;39247433;17786717;47651;19147486
FR;1;2022-01-06;26335;65774;307507;1391;347140;41813035;39313207;18094224;49042;19494626
FR;1;2022-01-07;31170;74254;350833;1537;394875;41844205;39387461;18445057;50579;19889501
FR;1;2022-01-08;23275;51351;222618;693;251245;41867480;39438812;18667675;51272;20140746
FR;1;2022-01-09;7074;17272;66064;162;76222;41874554;39456084;18733739;51434;20216968
FR;1;2022-01-10;21248;53443;239136;952;269366;41895802;39509527;18972875;52386;20486334
FR;1;2022-01-11;26357;62554;283173;1272;318693;41922159;39572081;19256048;53658;20805027
FR;1;2022-01-12;28541;61684;247147;1101;278884;41950700;39633765;19503195;54759;21083911
FR;1;2022-01-13;24301;59607;263579;1249;296874;41975001;39693372;19766774;56008;21380785
FR;1;2022-01-14;27636;66409;315280;1363;352558;42002637;39759781;20082054;57371;21733343
FR;1;2022-01-15;19237;44420;199567;618;224149;42021874;39804201;20281621;57989;21957492
FR;1;2022-01-16;5132;14383;51541;135;59635;42027006;39818584;20333162;58124;22017127
FR;1;2022-01-17;16675;41713;186745;776;208803;42043681;39860297;20519907;58900;22225930
FR;1;2022-01-18;19194;47382;213484;1150;238098;42062875;39907679;20733391;60050;22464028
FR;1;2022-01-19;20055;45573;177130;894;198260;42082930;39953252;20910521;60944;22662288
FR;1;2022-01-20;16521;42135;184952;1136;206019;42099451;39995387;21095473;62080;22868307
FR;1;2022-01-21;19647;48518;230637;1397;255049;42119098;40043905;21326110;63477;23123356
FR;1;2022-01-22;13816;33120;144851;578;161736;42132914;40077025;21470961;64055;23285092
FR;1;2022-01-23;3340;9622;33438;130;38382;42136254;40086647;21504399;64185;23323474
FR;1;2022-01-24;11709;34892;143471;704;159590;42147963;40121539;21647870;64889;23483064
FR;1;2022-01-25;14068;39996;164249;1045;182447;42162031;40161535;21812119;65934;23665511
FR;1;2022-01-26;14787;38484;150865;925;166882;42176818;40200019;21962984;66859;23832393
FR;1;2022-01-27;12255;34668;144046;875;158520;42189073;40234687;22107030;67734;23990913
FR;1;2022-01-28;16190;55406;198921;1143;223143;42205263;40290093;22305951;68877;24214056
FR;1;2022-01-29;10242;37258;135450;520;151842;42215505;40327351;22441401;69397;24365898
FR;1;2022-01-30;2470;10423;29671;84;34483;42217975;40337774;22471072;69481;24400381
FR;1;2022-01-31;8698;32546;104519;531;117617;42226673;40370320;22575591;70012;24517998
FR;1;2022-02-01;9932;36872;127555;854;141708;42236605;40407192;22703146;70866;24659706
FR;1;2022-02-02;11069;41807;130604;764;146131;42247674;40448999;22833750;71630;24805837
FR;1;2022-02-03;8652;34674;117054;767;130450;42256326;40483673;22950804;72397;24936287
FR;1;2022-02-04;11330;49810;172522;961;192804;42267656;40533483;23123326;73358;25129091
FR;1;2022-02-05;7662;35413;117574;391;133074;42275318;40568896;23240900;73749;25262165
FR;1;2022-02-06;1685;9059;22736;82;26926;42277003;40577955;23263636;73831;25289091
FR;1;2022-02-07;6949;35896;119038;448;134967;42283952;40613851;23382674;74279;25424058
FR;1;2022-02-08;7449;31344;125571;689;140530;42291401;40645195;23508245;74968;25564588
FR;1;2022-02-09;8349;35758;135180;689;152362;42299750;40680953;23643425;75657;25716950
FR;1;2022-02-10;6502;28799;116191;668;129889;42306252;40709752;23759616;76325;25846839
FR;1;2022-02-11;8497;41120;164954;869;185140;42314749;40750872;23924570;77194;26031979
FR;1;2022-02-12;5221;27473;106622;377;120785;42319970;40778345;24031192;77571;26152764
FR;1;2022-02-13;1206;5679;21671;61;25285;42321176;40784024;24052863;77632;26178049
FR;1;2022-02-14;5311;26967;117950;390;132955;42326487;40810991;24170813;78022;26311004
FR;1;2022-02-15;5526;27893;118605;608;132169;42332013;40838884;24289418;78630;26443173
FR;1;2022-02-16;5585;27806;110241;591;122824;42337598;40866690;24399659;79221;26565997
FR;1;2022-02-17;4343;18816;72961;481;79983;42341941;40885506;24472620;79702;26645980
FR;1;2022-02-18;5415;26232;98978;666;107887;42347356;40911738;24571598;80368;26753867
FR;1;2022-02-19;3473;17033;59354;301;65916;42350829;40928771;24630952;80669;26819783
FR;1;2022-02-20;764;3199;10649;35;12268;42351593;40931970;24641601;80704;26832051
FR;1;2022-02-21;3288;14395;52646;286;57484;42354881;40946365;24694247;80990;26889535
FR;1;2022-02-22;3629;15258;51705;488;55411;42358510;40961623;24745952;81478;26944946
FR;1;2022-02-23;4104;17402;57290;507;62352;42362614;40979025;24803242;81985;27007298
FR;1;2022-02-24;3166;12473;43336;430;46090;42365780;40991498;24846578;82415;27053388
FR;1;2022-02-25;4310;19146;64598;691;68427;42370090;41010644;24911176;83106;27121815
FR;1;2022-02-26;2647;12476;41208;303;44954;42372737;41023120;24952384;83409;27166769
FR;1;2022-02-27;627;2153;7080;41;7941;42373364;41025273;24959464;83450;27174710
FR;1;2022-02-28;2511;9910;34740;300;37155;42375875;41035183;24994204;83750;27211865
FR;1;2022-03-01;2518;9978;36664;370;37575;42378393;41045161;25030868;84120;27249440
FR;1;2022-03-02;3307;11611;40412;381;42474;42381700;41056772;25071280;84501;27291914
FR;1;2022-03-03;2203;7169;24868;296;25172;42383903;41063941;25096148;84797;27317086
FR;1;2022-03-04;2570;9990;34334;563;33806;42386473;41073931;25130482;85360;27350892
FR;1;2022-03-05;1613;6192;21572;270;21943;42388086;41080123;25152054;85630;27372835
FR;1;2022-03-06;333;912;2860;38;3051;42388419;41081035;25154914;85668;27375886
FR;1;2022-03-07;1285;4348;15045;235;14496;42389704;41085383;25169959;85903;27390382
FR;1;2022-03-08;1449;4827;16092;290;14911;42391153;41090210;25186051;86193;27405293
FR;1;2022-03-09;1779;6140;18359;349;17704;42392932;41096350;25204410;86542;27422997
FR;1;2022-03-10;1182;3814;12727;274;11744;42394114;41100164;25217137;86816;27434741
FR;1;2022-03-11;1603;5860;20572;454;18692;42395717;41106024;25237709;87270;27453433
FR;1;2022-03-12;1157;4428;14943;261;14476;42396874;41110452;25252652;87531;27467909
FR;1;2022-03-13;220;557;1930;109;1883;42397094;41111009;25254582;87640;27469792
FR;1;2022-03-14;963;3151;11462;3813;10622;42398057;41114160;25266044;91453;27480414
FR;2;2020-12-27;0;0;0;0;0;0;0;0;0;0
FR;2;2020-12-28;0;0;0;0;0;0;0;0;0;0
FR;2;2020-12-29;0;0;0;0;0;0;0;0;0;0
FR;2;2020-12-30;0;0;0;0;0;0;0;0;0;0
FR;2;2020-12-31;0;0;0;0;0;0;0;0;0;0
FR;2;2021-01-01;0;0;0;0;0;0;0;0;0;0
FR;2;2021-01-02;0;0;0;0;0;0;0;0;0;0
FR;2;2021-01-03;0;0;0;0;0;0;0;0;0;0
FR;2;2021-01-04;0;0;0;0;0;0;0;0;0;0
FR;2;2021-01-05;0;0;0;0;0;0;0;0;0;0
FR;2;2021-01-06;0;0;0;0;0;0;0;0;0;0
FR;2;2021-01-07;0;0;0;0;0;0;0;0;0;0
FR;2;2021-01-08;0;0;0;0;0;0;0;0;0;0
FR;2;2021-01-09;0;0;0;0;0;0;0;0;0;0
FR;2;2021-01-10;0;0;0;0;0;0;0;0;0;0
FR;2;2021-01-11;0;0;0;0;0;0;0;0;0;0
FR;2;2021-01-12;0;0;0;0;0;0;0;0;0;0
FR;2;2021-01-13;0;0;0;0;0;0;0;0;0;0
FR;2;2021-01-14;1706;0;0;0;0;1706;0;0;0;0
FR;2;2021-01-15;389;0;0;0;0;2095;0;0;0;0
FR;2;2021-01-16;311;0;0;0;0;2406;0;0;0;0
FR;2;2021-01-17;80;0;0;0;0;2486;0;0;0;0
FR;2;2021-01-18;3072;0;0;0;0;5558;0;0;0;0
FR;2;2021-01-19;4674;0;0;0;0;10232;0;0;0;0
FR;2;2021-01-20;5134;2;0;0;0;15366;2;0;0;0
FR;2;2021-01-21;5332;3;0;0;0;20698;5;0;0;0
FR;2;2021-01-22;5116;0;0;0;0;25814;5;0;0;0
FR;2;2021-01-23;1863;0;0;0;0;27677;5;0;0;0
FR;2;2021-01-24;160;1;0;0;0;27837;6;0;0;0
FR;2;2021-01-25;3810;1;0;0;0;31647;7;0;0;0
FR;2;2021-01-26;3914;0;0;0;0;35561;7;0;0;0
FR;2;2021-01-27;3594;1;0;0;0;39155;8;0;0;0
FR;2;2021-01-28;3738;0;0;0;0;42893;8;0;0;0
FR;2;2021-01-29;3286;2;0;0;0;46179;10;0;0;0
FR;2;2021-01-30;1129;1;0;0;0;47308;11;0;0;0
FR;2;2021-01-31;45;1;0;0;0;47353;12;0;0;0
FR;2;2021-02-01;3399;2;0;0;0;50752;14;0;0;0
FR;2;2021-02-02;4485;7;0;0;0;55237;21;0;0;0
FR;2;2021-02-03;5214;3;0;0;0;60451;24;0;0;0
FR;2;2021-02-04;4923;5;0;0;0;65374;29;0;0;0
FR;2;2021-02-05;4808;12;0;0;0;70182;41;0;0;0
FR;2;2021-02-06;2037;8;0;0;0;72219;49;0;0;0
FR;2;2021-02-07;97;4;0;0;0;72316;53;0;0;0
FR;2;2021-02-08;7548;16;0;0;0;79864;69;0;0;0
FR;2;2021-02-09;8417;25;0;0;0;88281;94;0;0;0
FR;2;2021-02-10;9336;55;0;0;0;97617;149;0;0;0
FR;2;2021-02-11;10270;69;0;0;0;107887;218;0;0;0
FR;2;2021-02-12;10044;245;0;0;0;117931;463;0;0;0
FR;2;2021-02-13;3115;229;0;0;0;121046;692;0;0;0
FR;2;2021-02-14;349;2;0;0;0;121395;694;0;0;0
FR;2;2021-02-15;3453;3065;0;0;0;124848;3759;0;0;0
FR;2;2021-02-16;5063;3887;0;0;0;129911;7646;0;0;0
FR;2;2021-02-17;4246;4402;0;0;0;134157;12048;0;0;0
FR;2;2021-02-18;5397;5091;0;0;0;139554;17139;0;0;0
FR;2;2021-02-19;5319;4325;0;0;0;144873;21464;0;0;0
FR;2;2021-02-20;1864;1509;0;0;0;146737;22973;0;0;0
FR;2;2021-02-21;238;86;0;0;0;146975;23059;0;0;0
FR;2;2021-02-22;3608;3719;0;0;0;150583;26778;0;0;0
FR;2;2021-02-23;4950;3691;0;0;0;155533;30469;0;0;0
FR;2;2021-02-24;5005;3462;0;0;0;160538;33931;0;0;0
FR;2;2021-02-25;5478;3436;0;0;0;166016;37367;0;0;0
FR;2;2021-02-26;4354;3131;0;0;0;170370;40498;0;0;0
FR;2;2021-02-27;1622;1044;0;0;0;171992;41542;0;0;0
FR;2;2021-02-28;174;34;0;0;0;172166;41576;0;0;0
FR;2;2021-03-01;5168;3763;0;0;0;177334;45339;0;0;0
FR;2;2021-03-02;6526;4719;0;0;0;183860;50058;0;0;0
FR;2;2021-03-03;6531;4885;0;0;0;190391;54943;0;0;0
FR;2;2021-03-04;8393;3956;0;0;0;198784;58899;0;0;0
FR;2;2021-03-05;8023;4063;0;0;0;206807;62962;0;0;0
FR;2;2021-03-06;4782;1684;0;0;0;211589;64646;0;0;0
FR;2;2021-03-07;2371;31;0;0;0;213960;64677;0;0;0
FR;2;2021-03-08;4163;8308;0;0;0;218123;72985;0;0;0
FR;2;2021-03-09;7481;8432;1;0;0;225604;81417;1;0;0
FR;2;2021-03-10;7085;9097;0;0;0;232689;90514;1;0;0
FR;2;2021-03-11;9367;9185;1;0;0;242056;99699;2;0;0
FR;2;2021-03-12;7967;8175;0;0;0;250023;107874;2;0;0
FR;2;2021-03-13;10040;2512;0;0;0;260063;110386;2;0;0
FR;2;2021-03-14;4838;402;0;0;0;264901;110788;2;0;0
FR;2;2021-03-15;10904;3490;0;0;0;275805;114278;2;0;0
FR;2;2021-03-16;16753;4636;1;0;0;292558;118914;3;0;0
FR;2;2021-03-17;20216;3960;0;0;0;312774;122874;3;0;0
FR;2;2021-03-18;23358;4893;0;0;0;336132;127767;3;0;0
FR;2;2021-03-19;23295;4526;0;0;0;359427;132293;3;0;0
FR;2;2021-03-20;25436;1537;0;0;0;384863;133830;3;0;0
FR;2;2021-03-21;17668;147;0;0;0;402531;133977;3;0;0
FR;2;2021-03-22;17776;3066;0;0;0;420307;137043;3;0;0
FR;2;2021-03-23;22681;4191;0;0;0;442988;141234;3;0;0
FR;2;2021-03-24;23952;4984;0;0;0;466940;146218;3;0;0
FR;2;2021-03-25;26731;5038;1;0;0;493671;151256;4;0;0
FR;2;2021-03-26;26970;4263;0;0;0;520641;155519;4;0;0
FR;2;2021-03-27;15913;1308;0;0;0;536554;156827;4;0;0
FR;2;2021-03-28;10560;96;0;0;0;547114;156923;4;0;0
FR;2;2021-03-29;18979;4281;0;0;0;566093;161204;4;0;0
FR;2;2021-03-30;24567;6011;0;0;0;590660;167215;4;0;0
FR;2;2021-03-31;28546;5949;0;0;0;619206;173164;4;0;0
FR;2;2021-04-01;34539;8486;1;0;0;653745;181650;5;0;0
FR;2;2021-04-02;29972;7665;0;0;0;683717;189315;5;0;0
FR;2;2021-04-03;16949;3584;0;0;0;700666;192899;5;0;0
FR;2;2021-04-04;9304;924;2;0;0;709970;193823;7;0;0
FR;2;2021-04-05;12434;815;0;0;0;722404;194638;7;0;0
FR;2;2021-04-06;27132;6930;0;0;0;749536;201568;7;0;0
FR;2;2021-04-07;30921;7159;1;0;0;780457;208727;8;0;0
FR;2;2021-04-08;36874;8804;1;0;0;817331;217531;9;0;0
FR;2;2021-04-09;33821;8588;28;0;0;851152;226119;37;0;0
FR;2;2021-04-10;19676;8965;1;0;0;870828;235084;38;0;0
FR;2;2021-04-11;7938;4266;1;0;0;878766;239350;39;0;0
FR;2;2021-04-12;17118;11238;0;0;0;895884;250588;39;0;0
FR;2;2021-04-13;19444;16410;1;0;0;915328;266998;40;0;0
FR;2;2021-04-14;18053;16267;7;0;0;933381;283265;47;0;0
FR;2;2021-04-15;22180;20749;26;0;0;955561;304014;73;0;0
FR;2;2021-04-16;20704;20043;45;0;0;976265;324057;118;0;0
FR;2;2021-04-17;13248;22437;5;0;0;989513;346494;123;0;0
FR;2;2021-04-18;5907;14390;6;0;0;995420;360884;129;0;0
FR;2;2021-04-19;16824;16232;24;0;0;1012244;377116;153;0;0
FR;2;2021-04-20;19312;21542;38;0;0;1031556;398658;191;0;0
FR;2;2021-04-21;20278;21650;76;0;0;1051834;420308;267;0;0
FR;2;2021-04-22;23800;24835;41;0;0;1075634;445143;308;0;0
FR;2;2021-04-23;24504;25332;76;0;0;1100138;470475;384;0;0
FR;2;2021-04-24;25296;15081;102;0;0;1125434;485556;486;0;0
FR;2;2021-04-25;9592;8590;5;0;0;1135026;494146;491;0;0
FR;2;2021-04-26;17151;17190;20;0;0;1152177;511336;511;0;0
FR;2;2021-04-27;19239;24279;40;0;0;1171416;535615;551;0;0
FR;2;2021-04-28;22330;26169;112;0;0;1193746;561784;663;0;0
FR;2;2021-04-29;25461;30116;69;0;0;1219207;591900;732;0;0
FR;2;2021-04-30;25528;27752;49;1;0;1244735;619652;781;1;0
FR;2;2021-05-01;14978;9862;6;0;0;1259713;629514;787;1;0
FR;2;2021-05-02;6634;9174;2;0;0;1266347;638688;789;1;0
FR;2;2021-05-03;20012;19298;40;0;0;1286359;657986;829;1;0
FR;2;2021-05-04;18277;29022;33;0;0;1304636;687008;862;1;0
FR;2;2021-05-05;18356;29373;47;0;0;1322992;716381;909;1;0
FR;2;2021-05-06;23530;35234;131;0;0;1346522;751615;1040;1;0
FR;2;2021-05-07;25319;33202;97;0;0;1371841;784817;1137;1;0
FR;2;2021-05-08;21332;9697;14;0;0;1393173;794514;1151;1;0
FR;2;2021-05-09;13160;7884;7;0;0;1406333;802398;1158;1;0
FR;2;2021-05-10;32933;22186;47;0;0;1439266;824584;1205;1;0
FR;2;2021-05-11;43588;21054;101;0;0;1482854;845638;1306;1;0
FR;2;2021-05-12;50032;19877;141;0;0;1532886;865515;1447;1;0
FR;2;2021-05-13;51284;5767;31;0;0;1584170;871282;1478;1;0
FR;2;2021-05-14;61333;12921;131;0;0;1645503;884203;1609;1;0
FR;2;2021-05-15;65918;7139;39;0;0;1711421;891342;1648;1;0
FR;2;2021-05-16;43575;2567;10;0;0;1754996;893909;1658;1;0
FR;2;2021-05-17;44736;12561;113;0;0;1799732;906470;1771;1;0
FR;2;2021-05-18;54629;12235;191;0;0;1854361;918705;1962;1;0
FR;2;2021-05-19;57156;10600;280;0;0;1911517;929305;2242;1;0
FR;2;2021-05-20;63427;10842;286;0;0;1974944;940147;2528;1;0
FR;2;2021-05-21;64280;11648;229;0;0;2039224;951795;2757;1;0
FR;2;2021-05-22;61474;4499;65;0;0;2100698;956294;2822;1;0
FR;2;2021-05-23;37528;568;22;0;0;2138226;956862;2844;1;0
FR;2;2021-05-24;17232;2030;33;0;0;2155458;958892;2877;1;0
FR;2;2021-05-25;21097;12232;238;0;0;2176555;971124;3115;1;0
FR;2;2021-05-26;19925;11444;229;0;0;2196480;982568;3344;1;0
FR;2;2021-05-27;22984;12648;181;0;0;2219464;995216;3525;1;0
FR;2;2021-05-28;29383;14952;190;0;0;2248847;1010168;3715;1;0
FR;2;2021-05-29;30411;8176;57;0;0;2279258;1018344;3772;1;0
FR;2;2021-05-30;4646;1810;6;0;0;2283904;1020154;3778;1;0
FR;2;2021-05-31;28579;18713;183;0;0;2312483;1038867;3961;1;0
FR;2;2021-06-01;45704;20027;221;0;0;2358187;1058894;4182;1;0
FR;2;2021-06-02;37464;19293;180;0;0;2395651;1078187;4362;1;0
FR;2;2021-06-03;51260;23357;161;0;0;2446911;1101544;4523;1;0
FR;2;2021-06-04;65500;24048;215;0;0;2512411;1125592;4738;1;0
FR;2;2021-06-05;34592;24023;51;0;0;2547003;1149615;4789;1;0
FR;2;2021-06-06;4946;6196;10;0;0;2551949;1155811;4799;1;0
FR;2;2021-06-07;28161;23059;145;0;0;2580110;1178870;4944;1;0
FR;2;2021-06-08;46369;22922;143;0;0;2626479;1201792;5087;1;0
FR;2;2021-06-09;34279;20910;107;0;0;2660758;1222702;5194;1;0
FR;2;2021-06-10;42629;19137;95;1;0;2703387;1241839;5289;2;0
FR;2;2021-06-11;55276;25220;133;0;0;2758663;1267059;5422;2;0
FR;2;2021-06-12;30554;19782;53;0;0;2789217;1286841;5475;2;0
FR;2;2021-06-13;3327;9181;13;0;0;2792544;1296022;5488;2;0
FR;2;2021-06-14;25295;24159;92;0;0;2817839;1320181;5580;2;0
FR;2;2021-06-15;39022;22852;154;0;0;2856861;1343033;5734;2;0
FR;2;2021-06-16;30154;21454;134;0;0;2887015;1364487;5868;2;0
FR;2;2021-06-17;36895;25868;150;0;0;2923910;1390355;6018;2;0
FR;2;2021-06-18;46838;28786;121;0;0;2970748;1419141;6139;2;0
FR;2;2021-06-19;24524;24892;39;0;0;2995272;1444033;6178;2;0
FR;2;2021-06-20;3737;10060;10;0;0;2999009;1454093;6188;2;0
FR;2;2021-06-21;17520;42831;87;0;0;3016529;1496924;6275;2;0
FR;2;2021-06-22;28353;49534;110;0;0;3044882;1546458;6385;2;0
FR;2;2021-06-23;21781;49567;106;1;1;3066663;1596025;6491;3;1
FR;2;2021-06-24;28369;50285;133;0;0;3095032;1646310;6624;3;1
FR;2;2021-06-25;33392;60370;125;0;0;3128424;1706680;6749;3;1
FR;2;2021-06-26;16368;59235;54;1;0;3144792;1765915;6803;4;1
FR;2;2021-06-27;2564;29322;22;1;0;3147356;1795237;6825;5;1
FR;2;2021-06-28;12632;54338;80;0;0;3159988;1849575;6905;5;1
FR;2;2021-06-29;19837;59876;178;0;0;3179825;1909451;7083;5;1
FR;2;2021-06-30;16315;57841;251;17;0;3196140;1967292;7334;22;1
FR;2;2021-07-01;20479;59881;226;0;0;3216619;2027173;7560;22;1
FR;2;2021-07-02;24069;62117;183;0;0;3240688;2089290;7743;22;1
FR;2;2021-07-03;12107;57072;153;0;0;3252795;2146362;7896;22;1
FR;2;2021-07-04;1957;23308;18;0;0;3254752;2169670;7914;22;1
FR;2;2021-07-05;9163;29354;106;0;0;3263915;2199024;8020;22;1
FR;2;2021-07-06;14566;36194;134;0;0;3278481;2235218;8154;22;1
FR;2;2021-07-07;14400;33660;138;0;0;3292881;2268878;8292;22;1
FR;2;2021-07-08;19703;40283;162;0;0;3312584;2309161;8454;22;1
FR;2;2021-07-09;27085;54254;202;1;1;3339669;2363415;8656;23;2
FR;2;2021-07-10;13378;33659;107;0;0;3353047;2397074;8763;23;2
FR;2;2021-07-11;1801;4336;16;0;0;3354848;2401410;8779;23;2
FR;2;2021-07-12;12959;37260;118;0;0;3367807;2438670;8897;23;2
FR;2;2021-07-13;37102;53234;150;0;0;3404909;2491904;9047;23;2
FR;2;2021-07-14;6600;3575;15;0;0;3411509;2495479;9062;23;2
FR;2;2021-07-15;47216;47026;156;0;0;3458725;2542505;9218;23;2
FR;2;2021-07-16;64303;55819;187;0;0;3523028;2598324;9405;23;2
FR;2;2021-07-17;31587;23931;96;0;0;3554615;2622255;9501;23;2
FR;2;2021-07-18;6085;4899;19;0;0;3560700;2627154;9520;23;2
FR;2;2021-07-19;32981;28694;93;0;0;3593681;2655848;9613;23;2
FR;2;2021-07-20;51979;44559;155;0;0;3645660;2700407;9768;23;2
FR;2;2021-07-21;45244;34782;93;0;0;3690904;2735189;9861;23;2
FR;2;2021-07-22;56269;41105;128;1;0;3747173;2776294;9989;24;2
FR;2;2021-07-23;68272;49098;170;0;0;3815445;2825392;10159;24;2
FR;2;2021-07-24;36156;21575;82;0;0;3851601;2846967;10241;24;2
FR;2;2021-07-25;6734;2670;10;0;0;3858335;2849637;10251;24;2
FR;2;2021-07-26;36280;22472;91;1;0;3894615;2872109;10342;25;2
FR;2;2021-07-27;62342;34629;180;0;0;3956957;2906738;10522;25;2
FR;2;2021-07-28;55271;26462;133;0;0;4012228;2933200;10655;25;2
FR;2;2021-07-29;68427;32771;189;0;0;4080655;2965971;10844;25;2
FR;2;2021-07-30;74405;37778;222;1;1;4155060;3003749;11066;26;3
FR;2;2021-07-31;34739;16175;104;0;0;4189799;3019924;11170;26;3
FR;2;2021-08-01;5388;2294;19;0;0;4195187;3022218;11189;26;3
FR;2;2021-08-02;35845;16200;101;0;0;4231032;3038418;11290;26;3
FR;2;2021-08-03;55948;28281;142;0;0;4286980;3066699;11432;26;3
FR;2;2021-08-04;46657;20861;128;0;0;4333637;3087560;11560;26;3
FR;2;2021-08-05;54621;31577;215;0;0;4388258;3119137;11775;26;3
FR;2;2021-08-06;58064;42385;242;1;0;4446322;3161522;12017;27;3
FR;2;2021-08-07;25129;17599;89;0;0;4471451;3179121;12106;27;3
FR;2;2021-08-08;3829;3668;21;0;0;4475280;3182789;12127;27;3
FR;2;2021-08-09;29279;21141;91;0;0;4504559;3203930;12218;27;3
FR;2;2021-08-10;44976;33515;152;0;0;4549535;3237445;12370;27;3
FR;2;2021-08-11;35254;25164;150;0;0;4584789;3262609;12520;27;3
FR;2;2021-08-12;41873;35732;162;0;0;4626662;3298341;12682;27;3
FR;2;2021-08-13;42579;36978;218;0;0;4669241;3335319;12900;27;3
FR;2;2021-08-14;18500;22277;93;0;0;4687741;3357596;12993;27;3
FR;2;2021-08-15;3774;3814;17;0;0;4691515;3361410;13010;27;3
FR;2;2021-08-16;25065;27231;110;0;0;4716580;3388641;13120;27;3
FR;2;2021-08-17;38244;43479;204;1;0;4754824;3432120;13324;28;3
FR;2;2021-08-18;32236;36382;192;1;1;4787060;3468502;13516;29;4
FR;2;2021-08-19;37418;46602;223;0;0;4824478;3515104;13739;29;4
FR;2;2021-08-20;40551;55579;267;1;0;4865029;3570683;14006;30;4
FR;2;2021-08-21;18112;24288;113;0;0;4883141;3594971;14119;30;4
FR;2;2021-08-22;2900;4323;22;1;1;4886041;3599294;14141;31;5
FR;2;2021-08-23;19238;35135;131;1;1;4905279;3634429;14272;32;6
FR;2;2021-08-24;31931;56028;234;0;0;4937210;3690457;14506;32;6
FR;2;2021-08-25;25922;43426;250;0;0;4963132;3733883;14756;32;6
FR;2;2021-08-26;32339;55761;387;0;0;4995471;3789644;15143;32;6
FR;2;2021-08-27;36990;65554;477;3;1;5032461;3855198;15620;35;7
FR;2;2021-08-28;17808;28445;300;0;0;5050269;3883643;15920;35;7
FR;2;2021-08-29;2653;5037;47;0;0;5052922;3888680;15967;35;7
FR;2;2021-08-30;18406;37742;398;0;760;5071328;3926422;16365;35;767
FR;2;2021-08-31;28064;57504;881;4;1529;5099392;3983926;17246;39;2296
FR;2;2021-09-01;21582;39805;1304;0;2079;5120974;4023731;18550;39;4375
FR;2;2021-09-02;25474;48600;1957;1;3266;5146448;4072331;20507;40;7641
FR;2;2021-09-03;33406;64456;2983;3;4800;5179854;4136787;23490;43;12441
FR;2;2021-09-04;16819;27658;1441;1;2339;5196673;4164445;24931;44;14780
FR;2;2021-09-05;2259;3629;262;0;413;5198932;4168074;25193;44;15193
FR;2;2021-09-06;14025;28734;1768;1;2927;5212957;4196808;26961;45;18120
FR;2;2021-09-07;21092;41042;3019;13;4832;5234049;4237850;29980;58;22952
FR;2;2021-09-08;17232;31908;2729;6;4428;5251281;4269758;32709;64;27380
FR;2;2021-09-09;20969;40421;4424;3;6706;5272250;4310179;37133;67;34086
FR;2;2021-09-10;28184;51091;5276;4;8768;5300434;4361270;42409;71;42854
FR;2;2021-09-11;13649;22314;2401;5;3911;5314083;4383584;44810;76;46765
FR;2;2021-09-12;1821;2797;281;0;496;5315904;4386381;45091;76;47261
FR;2;2021-09-13;11652;21444;2460;4;3981;5327556;4407825;47551;80;51242
FR;2;2021-09-14;18559;32770;5079;13;8987;5346115;4440595;52630;93;60229
FR;2;2021-09-15;14909;28279;5163;3;7778;5361024;4468874;57793;96;68007
FR;2;2021-09-16;16062;32741;6731;14;10510;5377086;4501615;64524;110;78517
FR;2;2021-09-17;20907;47056;8771;10;14553;5397993;4548671;73295;120;93070
FR;2;2021-09-18;9852;20923;3801;6;6023;5407845;4569594;77096;126;99093
FR;2;2021-09-19;1165;2656;395;0;648;5409010;4572250;77491;126;99741
FR;2;2021-09-20;7485;18803;3849;7;6147;5416495;4591053;81340;133;105888
FR;2;2021-09-21;11200;30011;6491;5;10738;5427695;4621064;87831;138;116626
FR;2;2021-09-22;9406;23550;5488;7;8506;5437101;4644614;93319;145;125132
FR;2;2021-09-23;10717;28863;7875;9;12620;5447818;4673477;101194;154;137752
FR;2;2021-09-24;15056;42807;10864;18;17145;5462874;4716284;112058;172;154897
FR;2;2021-09-25;7257;18710;3959;10;6069;5470131;4734994;116017;182;160966
FR;2;2021-09-26;1078;2559;494;0;638;5471209;4737553;116511;182;161604
FR;2;2021-09-27;6307;16444;4283;6;6548;5477516;4753997;120794;188;168152
FR;2;2021-09-28;9241;25532;7758;13;12053;5486757;4779529;128552;201;180205
FR;2;2021-09-29;8073;20197;6065;25;9248;5494830;4799726;134617;226;189453
FR;2;2021-09-30;9861;25771;9494;16;14067;5504691;4825497;144111;242;203520
FR;2;2021-10-01;13963;35615;12904;25;19209;5518654;4861112;157015;267;222729
FR;2;2021-10-02;6870;15860;4845;6;6992;5525524;4876972;161860;273;229721
FR;2;2021-10-03;840;1966;491;1;518;5526364;4878938;162351;274;230239
FR;2;2021-10-04;5815;13926;5510;5;7855;5532179;4892864;167861;279;238094
FR;2;2021-10-05;9047;22527;11118;19;15700;5541226;4915391;178979;298;253794
FR;2;2021-10-06;7773;17756;8234;11;11061;5548999;4933147;187213;309;264855
FR;2;2021-10-07;9191;22184;12368;15;16810;5558190;4955331;199581;324;281665
FR;2;2021-10-08;13420;31996;17337;27;23491;5571610;4987327;216918;351;305156
FR;2;2021-10-09;5994;12807;6039;6;7867;5577604;5000134;222957;357;313023
FR;2;2021-10-10;884;1642;434;2;628;5578488;5001776;223391;359;313651
FR;2;2021-10-11;5599;11623;6453;17;8841;5584087;5013399;229844;376;322492
FR;2;2021-10-12;8030;17750;12531;13;16716;5592117;5031149;242375;389;339208
FR;2;2021-10-13;6933;14853;10243;11;13593;5599050;5046002;252618;400;352801
FR;2;2021-10-14;8310;17919;14985;13;19437;5607360;5063921;267603;413;372238
FR;2;2021-10-15;11842;26248;20893;26;27919;5619202;5090169;288496;439;400157
FR;2;2021-10-16;5137;8717;1815;0;3204;5624339;5098886;290311;439;403361
FR;2;2021-10-17;650;1196;183;0;377;5624989;5100082;290494;439;403738
FR;2;2021-10-18;4555;7456;659;2;1681;5629544;5107538;291153;441;405419
FR;2;2021-10-19;6233;9911;728;5;2065;5635777;5117449;291881;446;407484
FR;2;2021-10-20;5160;8115;756;3;1682;5640937;5125564;292637;449;409166
FR;2;2021-10-21;6083;9965;777;5;2090;5647020;5135529;293414;454;411256
FR;2;2021-10-22;8442;14534;1135;4;2853;5655462;5150063;294549;458;414109
FR;2;2021-10-23;3839;6001;577;0;1236;5659301;5156064;295126;458;415345
FR;2;2021-10-24;493;889;99;0;203;5659794;5156953;295225;458;415548
FR;2;2021-10-25;3356;5391;297;1;830;5663150;5162344;295522;459;416378
FR;2;2021-10-26;4170;7239;1118;4;1994;5667320;5169583;296640;463;418372
FR;2;2021-10-27;3669;6631;1190;5;1999;5670989;5176214;297830;468;420371
FR;2;2021-10-28;4592;7686;1723;3;2732;5675581;5183900;299553;471;423103
FR;2;2021-10-29;5404;11073;2426;4;3661;5680985;5194973;301979;475;426764
FR;2;2021-10-30;2745;4416;971;1;1424;5683730;5199389;302950;476;428188
FR;2;2021-10-31;365;556;138;1;189;5684095;5199945;303088;477;428377
FR;2;2021-11-01;412;554;170;0;258;5684507;5200499;303258;477;428635
FR;2;2021-11-02;3285;6765;1177;0;1758;5687792;5207264;304435;477;430393
FR;2;2021-11-03;3330;6250;1379;2;1960;5691122;5213514;305814;479;432353
FR;2;2021-11-04;3980;7114;1754;4;2486;5695102;5220628;307568;483;434839
FR;2;2021-11-05;5219;10491;2860;5;3934;5700321;5231119;310428;488;438773
FR;2;2021-11-06;2589;4647;1396;0;1802;5702910;5235766;311824;488;440575
FR;2;2021-11-07;505;877;215;0;288;5703415;5236643;312039;488;440863
FR;2;2021-11-08;2571;5377;1198;3;1680;5705986;5242020;313237;491;442543
FR;2;2021-11-09;2748;6957;2389;6;3173;5708734;5248977;315626;497;445716
FR;2;2021-11-10;2580;5706;5084;6;6251;5711314;5254683;320710;503;451967
FR;2;2021-11-11;431;741;730;2;910;5711745;5255424;321440;505;452877
FR;2;2021-11-12;2948;8083;8956;8;10878;5714693;5263507;330396;513;463755
FR;2;2021-11-13;1528;3358;3862;7;4519;5716221;5266865;334258;520;468274
FR;2;2021-11-14;253;617;346;1;488;5716474;5267482;334604;521;468762
FR;2;2021-11-15;1619;3725;4431;9;5324;5718093;5271207;339035;530;474086
FR;2;2021-11-16;2181;5963;8282;14;10054;5720274;5277170;347317;544;484140
FR;2;2021-11-17;1734;4580;6611;8;7831;5722008;5281750;353928;552;491971
FR;2;2021-11-18;2187;5927;9164;11;10980;5724195;5287677;363092;563;502951
FR;2;2021-11-19;2696;7787;12952;19;15452;5726891;5295464;376044;582;518403
FR;2;2021-11-20;1563;3306;5164;5;6061;5728454;5298770;381208;587;524464
FR;2;2021-11-21;246;526;536;0;663;5728700;5299296;381744;587;525127
FR;2;2021-11-22;1274;2638;4467;5;5401;5729974;5301934;386211;592;530528
FR;2;2021-11-23;1611;4322;8183;9;9886;5731585;5306256;394394;601;540414
FR;2;2021-11-24;1421;3823;7453;15;8706;5733006;5310079;401847;616;549120
FR;2;2021-11-25;1811;4891;11438;21;13626;5734817;5314970;413285;637;562746
FR;2;2021-11-26;2533;7776;22638;31;26055;5737350;5322746;435923;668;588801
FR;2;2021-11-27;1498;4136;12253;18;13989;5738848;5326882;448176;686;602790
FR;2;2021-11-28;293;845;1963;3;2288;5739141;5327727;450139;689;605078
FR;2;2021-11-29;1444;4385;15067;23;17225;5740585;5332112;465206;712;622303
FR;2;2021-11-30;1907;6770;26218;36;29971;5742492;5338882;491424;748;652274
FR;2;2021-12-01;1907;6081;26175;29;29477;5744399;5344963;517599;777;681751
FR;2;2021-12-02;1913;6831;37679;52;41913;5746312;5351794;555278;829;723664
FR;2;2021-12-03;2548;10083;53575;112;59280;5748860;5361877;608853;941;782944
FR;2;2021-12-04;1847;6260;37082;38;40735;5750707;5368137;645935;979;823679
FR;2;2021-12-05;458;2295;14246;13;15994;5751165;5370432;660181;992;839673
FR;2;2021-12-06;2453;9887;77670;109;84725;5753618;5380319;737851;1101;924398
FR;2;2021-12-07;3441;15331;122399;238;133664;5757059;5395650;860250;1339;1058062
FR;2;2021-12-08;3717;16045;133150;330;145337;5760776;5411695;993400;1669;1203399
FR;2;2021-12-09;4543;19582;170115;554;185446;5765319;5431277;1163515;2223;1388845
FR;2;2021-12-10;4665;22784;188589;489;205987;5769984;5454061;1352104;2712;1594832
FR;2;2021-12-11;3682;16604;132414;237;144830;5773666;5470665;1484518;2949;1739662
FR;2;2021-12-12;1257;7146;59068;83;65132;5774923;5477811;1543586;3032;1804794
FR;2;2021-12-13;5522;26871;220630;604;242927;5780445;5504682;1764216;3636;2047721
FR;2;2021-12-14;7019;37495;300692;906;332117;5787464;5542177;2064908;4542;2379838
FR;2;2021-12-15;6562;36231;285138;955;315732;5794026;5578408;2350046;5497;2695570
FR;2;2021-12-16;7766;37922;312074;981;343660;5801792;5616330;2662120;6478;3039230
FR;2;2021-12-17;8687;41196;327806;975;360855;5810479;5657526;2989926;7453;3400085
FR;2;2021-12-18;6517;26552;212310;448;233602;5816996;5684078;3202236;7901;3633687
FR;2;2021-12-19;2603;11528;90195;184;100400;5819599;5695606;3292431;8085;3734087
FR;2;2021-12-20;9552;33608;275120;705;303293;5829151;5729214;3567551;8790;4037380
FR;2;2021-12-21;11552;38289;309562;969;341316;5840703;5767503;3877113;9759;4378696
FR;2;2021-12-22;10451;32885;265055;951;292460;5851154;5800388;4142168;10710;4671156
FR;2;2021-12-23;9425;26706;199439;700;221234;5860579;5827094;4341607;11410;4892390
FR;2;2021-12-24;2782;7501;43838;140;49560;5863361;5834595;4385445;11550;4941950
FR;2;2021-12-25;202;712;2000;10;2505;5863563;5835307;4387445;11560;4944455
FR;2;2021-12-26;1322;4210;25142;71;28679;5864885;5839517;4412587;11631;4973134
FR;2;2021-12-27;8071;29923;218364;658;243276;5872956;5869440;4630951;12289;5216410
FR;2;2021-12-28;9841;36351;272048;741;301937;5882797;5905791;4902999;13030;5518347
FR;2;2021-12-29;9493;32288;246086;766;272657;5892290;5938079;5149085;13796;5791004
FR;2;2021-12-30;9449;28126;208794;662;231451;5901739;5966205;5357879;14458;6022455
FR;2;2021-12-31;3008;8400;54972;177;61244;5904747;5974605;5412851;14635;6083699
FR;2;2022-01-01;227;690;2849;7;3338;5904974;5975295;5415700;14642;6087037
FR;2;2022-01-02;1506;4853;29503;74;33393;5906480;5980148;5445203;14716;6120430
FR;2;2022-01-03;9574;35328;266495;807;293836;5916054;6015476;5711698;15523;6414266
FR;2;2022-01-04;12839;45349;342042;1067;376919;5928893;6060825;6053740;16590;6791185
FR;2;2022-01-05;11270;38668;294122;884;323789;5940163;6099493;6347862;17474;7114974
FR;2;2022-01-06;13653;43455;331906;1296;364662;5953816;6142948;6679768;18770;7479636
FR;2;2022-01-07;14226;47624;361053;1269;396378;5968042;6190572;7040821;20039;7876014
FR;2;2022-01-08;7946;28139;201235;514;221658;5975988;6218711;7242056;20553;8097672
FR;2;2022-01-09;2750;9030;62512;137;69532;5978738;6227741;7304568;20690;8167204
FR;2;2022-01-10;10089;31924;232450;857;255053;5988827;6259665;7537018;21547;8422257
FR;2;2022-01-11;11460;36254;265879;1029;290575;6000287;6295919;7802897;22576;8712832
FR;2;2022-01-12;8754;29839;206285;861;226160;6009041;6325758;8009182;23437;8938992
FR;2;2022-01-13;9379;31329;224451;829;244796;6018420;6357087;8233633;24266;9183788
FR;2;2022-01-14;9742;35692;254514;919;277687;6028162;6392779;8488147;25185;9461475
FR;2;2022-01-15;5352;19444;140761;358;153628;6033514;6412223;8628908;25543;9615103
FR;2;2022-01-16;1512;5552;35863;80;39852;6035026;6417775;8664771;25623;9654955
FR;2;2022-01-17;5546;19321;135410;601;147276;6040572;6437096;8800181;26224;9802231
FR;2;2022-01-18;6416;21552;148604;647;160483;6046988;6458648;8948785;26871;9962714
FR;2;2022-01-19;4384;16414;105090;552;113701;6051372;6475062;9053875;27423;10076415
FR;2;2022-01-20;4863;17597;115289;601;123689;6056235;6492659;9169164;28024;10200104
FR;2;2022-01-21;5193;20078;137345;677;147766;6061428;6512737;9306509;28701;10347870
FR;2;2022-01-22;3025;10973;74250;259;80327;6064453;6523710;9380759;28960;10428197
FR;2;2022-01-23;722;2754;15233;41;16839;6065175;6526464;9395992;29001;10445036
FR;2;2022-01-24;3291;12838;75081;428;81034;6068466;6539302;9471073;29429;10526070
FR;2;2022-01-25;3571;14472;79623;494;85466;6072037;6553774;9550696;29923;10611536
FR;2;2022-01-26;2515;10670;58976;363;63008;6074552;6564444;9609672;30286;10674544
FR;2;2022-01-27;2683;11228;64167;386;67895;6077235;6575672;9673839;30672;10742439
FR;2;2022-01-28;3539;18446;91771;430;99033;6080774;6594118;9765610;31102;10841472
FR;2;2022-01-29;1890;9272;48833;163;52919;6082664;6603390;9814443;31265;10894391
FR;2;2022-01-30;466;2256;9453;37;10612;6083130;6605646;9823896;31302;10905003
FR;2;2022-01-31;1882;9616;43812;208;47345;6085012;6615262;9867708;31510;10952348
FR;2;2022-02-01;1906;10059;47016;278;50105;6086918;6625321;9914724;31788;11002453
FR;2;2022-02-02;1604;9038;41090;249;44156;6088522;6634359;9955814;32037;11046609
FR;2;2022-02-03;1712;8944;40498;204;42898;6090234;6643303;9996312;32241;11089507
FR;2;2022-02-04;2151;15226;66602;297;71326;6092385;6658529;10062914;32538;11160833
FR;2;2022-02-05;1358;8550;35925;131;39227;6093743;6667079;10098839;32669;11200060
FR;2;2022-02-06;274;1794;6121;16;6896;6094017;6668873;10104960;32685;11206956
FR;2;2022-02-07;1345;9616;37736;133;41298;6095362;6678489;10142696;32818;11248254
FR;2;2022-02-08;1290;9795;40918;173;43695;6096652;6688284;10183614;32991;11291949
FR;2;2022-02-09;1157;8804;37013;172;40426;6097809;6697088;10220627;33163;11332375
FR;2;2022-02-10;1012;7965;33820;203;36488;6098821;6705053;10254447;33366;11368863
FR;2;2022-02-11;1387;12072;53330;222;57673;6100208;6717125;10307777;33588;11426536
FR;2;2022-02-12;750;6518;27977;83;30794;6100958;6723643;10335754;33671;11457330
FR;2;2022-02-13;198;1333;4829;20;5569;6101156;6724976;10340583;33691;11462899
FR;2;2022-02-14;834;6718;30244;89;33207;6101990;6731694;10370827;33780;11496106
FR;2;2022-02-15;765;6439;28035;140;29970;6102755;6738133;10398862;33920;11526076
FR;2;2022-02-16;647;5331;22015;123;23570;6103402;6743464;10420877;34043;11549646
FR;2;2022-02-17;509;3764;14133;98;14599;6103911;6747228;10435010;34141;11564245
FR;2;2022-02-18;720;5353;20419;133;21111;6104631;6752581;10455429;34274;11585356
FR;2;2022-02-19;427;3038;10520;66;11232;6105058;6755619;10465949;34340;11596588
FR;2;2022-02-20;101;509;1455;3;1602;6105159;6756128;10467404;34343;11598190
FR;2;2022-02-21;412;2678;9103;65;9478;6105571;6758806;10476507;34408;11607668
FR;2;2022-02-22;387;2559;8877;75;8777;6105958;6761365;10485384;34483;11616445
FR;2;2022-02-23;428;2590;8973;81;9251;6106386;6763955;10494357;34564;11625696
FR;2;2022-02-24;311;2022;6777;81;6803;6106697;6765977;10501134;34645;11632499
FR;2;2022-02-25;450;3184;11380;107;11243;6107147;6769161;10512514;34752;11643742
FR;2;2022-02-26;291;1882;6028;49;6332;6107438;6771043;10518542;34801;11650074
FR;2;2022-02-27;71;305;895;4;936;6107509;6771348;10519437;34805;11651010
FR;2;2022-02-28;325;1670;5496;49;5502;6107834;6773018;10524933;34854;11656512
FR;2;2022-03-01;267;1536;5411;44;5130;6108101;6774554;10530344;34898;11661642
FR;2;2022-03-02;293;1425;5193;43;5039;6108394;6775979;10535537;34941;11666681
FR;2;2022-03-03;218;1081;3654;39;3435;6108612;6777060;10539191;34980;11670116
FR;2;2022-03-04;221;1443;4812;72;4452;6108833;6778503;10544003;35052;11674568
FR;2;2022-03-05;165;885;2953;30;2696;6108998;6779388;10546956;35082;11677264
FR;2;2022-03-06;36;175;266;5;306;6109034;6779563;10547222;35087;11677570
FR;2;2022-03-07;149;637;1936;64;1728;6109183;6780200;10549158;35151;11679298
FR;2;2022-03-08;137;631;2228;47;1852;6109320;6780831;10551386;35198;11681150
FR;2;2022-03-09;142;675;2292;36;1990;6109462;6781506;10553678;35234;11683140
FR;2;2022-03-10;108;567;1597;33;1378;6109570;6782073;10555275;35267;11684518
FR;2;2022-03-11;163;733;2713;55;2312;6109733;6782806;10557988;35322;11686830
FR;2;2022-03-12;132;446;1739;26;1512;6109865;6783252;10559727;35348;11688342
FR;2;2022-03-13;21;70;177;29;180;6109886;6783322;10559904;35377;11688522
FR;2;2022-03-14;110;411;1463;520;1195;6109996;6783733;10561367;35897;11689717
FR;3;2020-12-27;0;0;0;0;0;0;0;0;0;0
FR;3;2020-12-28;0;0;0;0;0;0;0;0;0;0
FR;3;2020-12-29;0;0;0;0;0;0;0;0;0;0
FR;3;2020-12-30;0;0;0;0;0;0;0;0;0;0
FR;3;2020-12-31;0;0;0;0;0;0;0;0;0;0
FR;3;2021-01-01;0;0;0;0;0;0;0;0;0;0
FR;3;2021-01-02;0;0;0;0;0;0;0;0;0;0
FR;3;2021-01-03;0;0;0;0;0;0;0;0;0;0
FR;3;2021-01-04;0;0;0;0;0;0;0;0;0;0
FR;3;2021-01-05;0;0;0;0;0;0;0;0;0;0
FR;3;2021-01-06;0;0;0;0;0;0;0;0;0;0
FR;3;2021-01-07;0;0;0;0;0;0;0;0;0;0
FR;3;2021-01-08;0;0;0;0;0;0;0;0;0;0
FR;3;2021-01-09;0;0;0;0;0;0;0;0;0;0
FR;3;2021-01-10;0;0;0;0;0;0;0;0;0;0
FR;3;2021-01-11;0;0;0;0;0;0;0;0;0;0
FR;3;2021-01-12;0;0;0;0;0;0;0;0;0;0
FR;3;2021-01-13;0;0;0;0;0;0;0;0;0;0
FR;3;2021-01-14;0;0;0;0;0;0;0;0;0;0
FR;3;2021-01-15;0;0;0;0;0;0;0;0;0;0
FR;3;2021-01-16;0;0;0;0;0;0;0;0;0;0
FR;3;2021-01-17;0;0;0;0;0;0;0;0;0;0
FR;3;2021-01-18;0;0;0;0;0;0;0;0;0;0
FR;3;2021-01-19;0;0;0;0;0;0;0;0;0;0
FR;3;2021-01-20;0;0;0;0;0;0;0;0;0;0
FR;3;2021-01-21;0;0;0;0;0;0;0;0;0;0
FR;3;2021-01-22;0;0;0;0;0;0;0;0;0;0
FR;3;2021-01-23;0;0;0;0;0;0;0;0;0;0
FR;3;2021-01-24;0;0;0;0;0;0;0;0;0;0
FR;3;2021-01-25;0;0;0;0;0;0;0;0;0;0
FR;3;2021-01-26;0;0;0;0;0;0;0;0;0;0
FR;3;2021-01-27;0;0;0;0;0;0;0;0;0;0
FR;3;2021-01-28;0;0;0;0;0;0;0;0;0;0
FR;3;2021-01-29;0;0;0;0;0;0;0;0;0;0
FR;3;2021-01-30;0;0;0;0;0;0;0;0;0;0
FR;3;2021-01-31;0;0;0;0;0;0;0;0;0;0
FR;3;2021-02-01;0;0;0;0;0;0;0;0;0;0
FR;3;2021-02-02;0;0;0;0;0;0;0;0;0;0
FR;3;2021-02-03;0;0;0;0;0;0;0;0;0;0
FR;3;2021-02-04;0;0;0;0;0;0;0;0;0;0
FR;3;2021-02-05;0;0;0;0;0;0;0;0;0;0
FR;3;2021-02-06;1707;0;0;0;0;1707;0;0;0;0
FR;3;2021-02-07;1421;0;0;0;0;3128;0;0;0;0
FR;3;2021-02-08;2778;0;0;0;0;5906;0;0;0;0
FR;3;2021-02-09;6779;0;0;0;0;12685;0;0;0;0
FR;3;2021-02-10;9602;0;0;0;0;22287;0;0;0;0
FR;3;2021-02-11;13606;0;0;0;0;35893;0;0;0;0
FR;3;2021-02-12;13392;0;0;0;0;49285;0;0;0;0
FR;3;2021-02-13;3773;0;0;0;0;53058;0;0;0;0
FR;3;2021-02-14;972;0;0;0;0;54030;0;0;0;0
FR;3;2021-02-15;10475;0;0;0;0;64505;0;0;0;0
FR;3;2021-02-16;12541;0;0;0;0;77046;0;0;0;0
FR;3;2021-02-17;11145;0;0;0;0;88191;0;0;0;0
FR;3;2021-02-18;14931;0;0;0;0;103122;0;0;0;0
FR;3;2021-02-19;14357;1;0;0;0;117479;1;0;0;0
FR;3;2021-02-20;3329;0;0;0;0;120808;1;0;0;0
FR;3;2021-02-21;617;0;0;0;0;121425;1;0;0;0
FR;3;2021-02-22;9160;0;0;0;0;130585;1;0;0;0
FR;3;2021-02-23;11392;1;0;0;0;141977;2;0;0;0
FR;3;2021-02-24;14297;0;0;0;0;156274;2;0;0;0
FR;3;2021-02-25;44924;0;0;0;0;201198;2;0;0;0
FR;3;2021-02-26;61880;0;0;0;0;263078;2;0;0;0
FR;3;2021-02-27;34798;5;0;0;0;297876;7;0;0;0
FR;3;2021-02-28;2465;0;0;0;0;300341;7;0;0;0
FR;3;2021-03-01;20501;9;0;0;0;320842;16;0;0;0
FR;3;2021-03-02;38854;16;0;0;0;359696;32;0;0;0
FR;3;2021-03-03;48723;15;0;0;0;408419;47;0;0;0
FR;3;2021-03-04;82211;18;0;0;0;490630;65;0;0;0
FR;3;2021-03-05;118116;37;0;0;0;608746;102;0;0;0
FR;3;2021-03-06;120708;47;1;0;0;729454;149;1;0;0
FR;3;2021-03-07;55173;26;0;0;0;784627;175;1;0;0
FR;3;2021-03-08;42804;20;0;0;0;827431;195;1;0;0
FR;3;2021-03-09;78967;38;0;0;0;906398;233;1;0;0
FR;3;2021-03-10;80957;42;0;0;0;987355;275;1;0;0
FR;3;2021-03-11;128408;46;0;0;0;1115763;321;1;0;0
FR;3;2021-03-12;182713;74;0;0;0;1298476;395;1;0;0
FR;3;2021-03-13;132140;52;0;0;0;1430616;447;1;0;0
FR;3;2021-03-14;14054;4;0;0;0;1444670;451;1;0;0
FR;3;2021-03-15;52213;39;0;0;0;1496883;490;1;0;0
FR;3;2021-03-16;1206;16;0;0;0;1498089;506;1;0;0
FR;3;2021-03-17;939;13;0;0;0;1499028;519;1;0;0
FR;3;2021-03-18;1562;8;0;0;0;1500590;527;1;0;0
FR;3;2021-03-19;70438;42;0;0;0;1571028;569;1;0;0
FR;3;2021-03-20;65223;39;0;0;0;1636251;608;1;0;0
FR;3;2021-03-21;5754;4;0;0;0;1642005;612;1;0;0
FR;3;2021-03-22;37491;36;0;0;0;1679496;648;1;0;0
FR;3;2021-03-23;84644;57;0;0;0;1764140;705;1;0;0
FR;3;2021-03-24;90925;89;0;0;0;1855065;794;1;0;0
FR;3;2021-03-25;150034;119;0;0;0;2005099;913;1;0;0
FR;3;2021-03-26;165404;149;0;0;0;2170503;1062;1;0;0
FR;3;2021-03-27;68453;93;0;0;0;2238956;1155;1;0;0
FR;3;2021-03-28;6468;19;0;0;0;2245424;1174;1;0;0
FR;3;2021-03-29;54149;66;0;0;0;2299573;1240;1;0;0
FR;3;2021-03-30;93151;91;0;0;0;2392724;1331;1;0;0
FR;3;2021-03-31;63516;84;0;0;0;2456240;1415;1;0;0
FR;3;2021-04-01;86115;99;0;0;0;2542355;1514;1;0;0
FR;3;2021-04-02;86882;145;0;0;0;2629237;1659;1;0;0
FR;3;2021-04-03;35865;112;0;0;0;2665102;1771;1;0;0
FR;3;2021-04-04;3569;14;0;0;0;2668671;1785;1;0;0
FR;3;2021-04-05;4481;24;0;0;0;2673152;1809;1;0;0
FR;3;2021-04-06;29736;76;0;0;0;2702888;1885;1;0;0
FR;3;2021-04-07;32332;68;0;0;0;2735220;1953;1;0;0
FR;3;2021-04-08;78804;233;0;0;0;2814024;2186;1;0;0
FR;3;2021-04-09;161745;411;0;0;0;2975769;2597;1;0;0
FR;3;2021-04-10;75747;329;0;0;0;3051516;2926;1;0;0
FR;3;2021-04-11;7305;44;0;0;0;3058821;2970;1;0;0
FR;3;2021-04-12;51463;200;0;0;0;3110284;3170;1;0;0
FR;3;2021-04-13;86219;312;0;0;0;3196503;3482;1;0;0
FR;3;2021-04-14;67832;336;0;0;0;3264335;3818;1;0;0
FR;3;2021-04-15;93217;364;0;0;0;3357552;4182;1;0;0
FR;3;2021-04-16;112514;563;0;0;0;3470066;4745;1;0;0
FR;3;2021-04-17;53309;316;1;0;0;3523375;5061;2;0;0
FR;3;2021-04-18;9741;32;0;0;0;3533116;5093;2;0;0
FR;3;2021-04-19;25102;230;0;0;0;3558218;5323;2;0;0
FR;3;2021-04-20;45664;390;0;0;0;3603882;5713;2;0;0
FR;3;2021-04-21;38960;452;0;0;0;3642842;6165;2;0;0
FR;3;2021-04-22;54695;774;0;0;0;3697537;6939;2;0;0
FR;3;2021-04-23;70474;1010;0;0;0;3768011;7949;2;0;0
FR;3;2021-04-24;37240;971;0;0;0;3805251;8920;2;0;0
FR;3;2021-04-25;6200;155;0;0;0;3811451;9075;2;0;0
FR;3;2021-04-26;19780;644;0;0;0;3831231;9719;2;0;0
FR;3;2021-04-27;34467;1245;0;0;0;3865698;10964;2;0;0
FR;3;2021-04-28;28952;1923;0;0;0;3894650;12887;2;0;0
FR;3;2021-04-29;45368;5944;0;0;0;3940018;18831;2;0;0
FR;3;2021-04-30;55453;8908;1;0;0;3995471;27739;3;0;0
FR;3;2021-05-01;9506;1964;0;0;0;4004977;29703;3;0;0
FR;3;2021-05-02;3069;492;0;0;0;4008046;30195;3;0;0
FR;3;2021-05-03;13052;3881;0;0;0;4021098;34076;3;0;0
FR;3;2021-05-04;23105;8392;0;0;0;4044203;42468;3;0;0
FR;3;2021-05-05;18746;10564;0;0;0;4062949;53032;3;0;0
FR;3;2021-05-06;34613;20863;0;0;0;4097562;73895;3;0;0
FR;3;2021-05-07;44195;28356;0;0;0;4141757;102251;3;0;0
FR;3;2021-05-08;6774;8837;0;0;0;4148531;111088;3;0;0
FR;3;2021-05-09;1792;2650;0;0;0;4150323;113738;3;0;0
FR;3;2021-05-10;14982;12541;0;0;0;4165305;126279;3;0;0
FR;3;2021-05-11;27089;25694;0;0;0;4192394;151973;3;0;0
FR;3;2021-05-12;17258;27421;0;0;0;4209652;179394;3;0;0
FR;3;2021-05-13;2274;3480;0;0;0;4211926;182874;3;0;0
FR;3;2021-05-14;14508;25700;0;0;0;4226434;208574;3;0;0
FR;3;2021-05-15;7227;20717;0;0;0;4233661;229291;3;0;0
FR;3;2021-05-16;972;2672;0;0;0;4234633;231963;3;0;0
FR;3;2021-05-17;7953;19888;0;0;0;4242586;251851;3;0;0
FR;3;2021-05-18;13398;29611;0;0;0;4255984;281462;3;0;0
FR;3;2021-05-19;9254;31815;0;0;0;4265238;313277;3;0;0
FR;3;2021-05-20;12798;53155;3;0;0;4278036;366432;6;0;0
FR;3;2021-05-21;12758;65452;2;0;0;4290794;431884;8;0;0
FR;3;2021-05-22;4958;33256;1;0;0;4295752;465140;9;0;0
FR;3;2021-05-23;648;2664;0;0;0;4296400;467804;9;0;0
FR;3;2021-05-24;875;4920;0;0;0;4297275;472724;9;0;0
FR;3;2021-05-25;5292;45139;1;0;0;4302567;517863;10;0;0
FR;3;2021-05-26;4965;50995;1;0;0;4307532;568858;11;0;0
FR;3;2021-05-27;6316;77743;3;0;0;4313848;646601;14;0;0
FR;3;2021-05-28;7539;98998;2;0;0;4321387;745599;16;0;0
FR;3;2021-05-29;3344;60220;1;0;0;4324731;805819;17;0;0
FR;3;2021-05-30;543;8231;0;0;0;4325274;814050;17;0;0
FR;3;2021-05-31;2427;35940;3;0;0;4327701;849990;20;0;0
FR;3;2021-06-01;3393;64745;10;0;0;4331094;914735;30;0;0
FR;3;2021-06-02;2718;58278;6;0;0;4333812;973013;36;0;0
FR;3;2021-06-03;3488;87485;10;0;0;4337300;1060498;46;0;0
FR;3;2021-06-04;4100;105015;22;0;0;4341400;1165513;68;0;0
FR;3;2021-06-05;1965;52206;4;0;0;4343365;1217719;72;0;0
FR;3;2021-06-06;502;5401;1;0;0;4343867;1223120;73;0;0
FR;3;2021-06-07;1460;31147;11;0;0;4345327;1254267;84;0;0
FR;3;2021-06-08;2040;47219;18;0;0;4347367;1301486;102;0;0
FR;3;2021-06-09;1780;42356;13;0;0;4349147;1343842;115;0;0
FR;3;2021-06-10;2240;67908;17;0;0;4351387;1411750;132;0;0
FR;3;2021-06-11;2466;96709;34;0;0;4353853;1508459;166;0;0
FR;3;2021-06-12;1169;40810;6;0;0;4355022;1549269;172;0;0
FR;3;2021-06-13;275;3820;3;0;0;4355297;1553089;175;0;0
FR;3;2021-06-14;1035;42617;17;0;0;4356332;1595706;192;0;0
FR;3;2021-06-15;1360;80612;20;0;0;4357692;1676318;212;0;0
FR;3;2021-06-16;1251;65713;19;0;0;4358943;1742031;231;0;0
FR;3;2021-06-17;1652;101757;41;0;0;4360595;1843788;272;0;0
FR;3;2021-06-18;1866;117819;61;0;0;4362461;1961607;333;0;0
FR;3;2021-06-19;798;39363;22;0;0;4363259;2000970;355;0;0
FR;3;2021-06-20;157;3391;0;0;0;4363416;2004361;355;0;0
FR;3;2021-06-21;760;39256;16;0;0;4364176;2043617;371;0;0
FR;3;2021-06-22;1060;69958;52;0;0;4365236;2113575;423;0;0
FR;3;2021-06-23;938;50795;38;0;0;4366174;2164370;461;0;0
FR;3;2021-06-24;1300;77128;48;0;0;4367474;2241498;509;0;0
FR;3;2021-06-25;1399;89895;73;0;0;4368873;2331393;582;0;0
FR;3;2021-06-26;623;33122;29;0;0;4369496;2364515;611;0;0
FR;3;2021-06-27;163;4018;1;0;0;4369659;2368533;612;0;0
FR;3;2021-06-28;644;30432;27;0;0;4370303;2398965;639;0;0
FR;3;2021-06-29;848;56124;95;0;0;4371151;2455089;734;0;0
FR;3;2021-06-30;896;45061;93;0;0;4372047;2500150;827;0;0
FR;3;2021-07-01;1158;65632;108;0;0;4373205;2565782;935;0;0
FR;3;2021-07-02;1290;90347;170;0;0;4374495;2656129;1105;0;0
FR;3;2021-07-03;600;31166;52;0;0;4375095;2687295;1157;0;0
FR;3;2021-07-04;139;4280;3;0;0;4375234;2691575;1160;0;0
FR;3;2021-07-05;604;33905;60;0;0;4375838;2725480;1220;0;0
FR;3;2021-07-06;950;56070;88;0;0;4376788;2781550;1308;0;0
FR;3;2021-07-07;866;43042;79;0;0;4377654;2824592;1387;0;0
FR;3;2021-07-08;1120;60710;99;0;0;4378774;2885302;1486;0;0
FR;3;2021-07-09;1259;68793;128;0;0;4380033;2954095;1614;0;0
FR;3;2021-07-10;638;25041;59;0;0;4380671;2979136;1673;0;0
FR;3;2021-07-11;127;3306;4;0;0;4380798;2982442;1677;0;0
FR;3;2021-07-12;658;23895;59;0;0;4381456;3006337;1736;0;0
FR;3;2021-07-13;1644;34738;90;0;0;4383100;3041075;1826;0;0
FR;3;2021-07-14;259;2644;2;0;0;4383359;3043719;1828;0;0
FR;3;2021-07-15;1930;30671;85;0;0;4385289;3074390;1913;0;0
FR;3;2021-07-16;2517;38881;122;0;0;4387806;3113271;2035;0;0
FR;3;2021-07-17;1041;13753;26;0;0;4388847;3127024;2061;0;0
FR;3;2021-07-18;259;2621;3;0;0;4389106;3129645;2064;0;0
FR;3;2021-07-19;1268;17222;37;0;0;4390374;3146867;2101;0;0
FR;3;2021-07-20;1818;27163;98;0;0;4392192;3174030;2199;0;0
FR;3;2021-07-21;1638;19733;44;0;0;4393830;3193763;2243;0;0
FR;3;2021-07-22;1844;27776;82;0;0;4395674;3221539;2325;0;0
FR;3;2021-07-23;2209;30457;117;0;0;4397883;3251996;2442;0;0
FR;3;2021-07-24;819;7012;25;0;0;4398702;3259008;2467;0;0
FR;3;2021-07-25;208;1355;1;0;0;4398910;3260363;2468;0;0
FR;3;2021-07-26;914;10716;28;0;0;4399824;3271079;2496;0;0
FR;3;2021-07-27;1164;16953;56;0;0;4400988;3288032;2552;0;0
FR;3;2021-07-28;982;12120;40;0;0;4401970;3300152;2592;0;0
FR;3;2021-07-29;1125;15855;63;0;0;4403095;3316007;2655;0;0
FR;3;2021-07-30;1122;18117;79;0;0;4404217;3334124;2734;0;0
FR;3;2021-07-31;405;3743;15;0;0;4404622;3337867;2749;0;0
FR;3;2021-08-01;111;483;1;0;0;4404733;3338350;2750;0;0
FR;3;2021-08-02;411;5161;22;0;0;4405144;3343511;2772;0;0
FR;3;2021-08-03;484;7602;27;0;0;4405628;3351113;2799;0;0
FR;3;2021-08-04;433;4900;26;0;0;4406061;3356013;2825;0;0
FR;3;2021-08-05;425;3749;12;0;0;4406486;3359762;2837;0;0
FR;3;2021-08-06;448;4799;30;0;0;4406934;3364561;2867;0;0
FR;3;2021-08-07;213;1921;11;0;0;4407147;3366482;2878;0;0
FR;3;2021-08-08;241;428;2;0;0;4407388;3366910;2880;0;0
FR;3;2021-08-09;309;2524;11;0;0;4407697;3369434;2891;0;0
FR;3;2021-08-10;357;3890;15;0;0;4408054;3373324;2906;0;0
FR;3;2021-08-11;280;2724;15;0;0;4408334;3376048;2921;0;0
FR;3;2021-08-12;270;2638;12;0;0;4408604;3378686;2933;0;0
FR;3;2021-08-13;273;2268;16;0;0;4408877;3380954;2949;0;0
FR;3;2021-08-14;167;924;1;0;0;4409044;3381878;2950;0;0
FR;3;2021-08-15;55;167;0;0;0;4409099;3382045;2950;0;0
FR;3;2021-08-16;121;1094;8;0;0;4409220;3383139;2958;0;0
FR;3;2021-08-17;185;1512;8;0;0;4409405;3384651;2966;0;0
FR;3;2021-08-18;189;1367;8;0;0;4409594;3386018;2974;0;0
FR;3;2021-08-19;160;1435;10;0;0;4409754;3387453;2984;0;0
FR;3;2021-08-20;160;1639;16;0;0;4409914;3389092;3000;0;0
FR;3;2021-08-21;93;586;2;0;0;4410007;3389678;3002;0;0
FR;3;2021-08-22;38;186;1;0;0;4410045;3389864;3003;0;0
FR;3;2021-08-23;139;939;7;0;0;4410184;3390803;3010;0;0
FR;3;2021-08-24;122;968;10;0;0;4410306;3391771;3020;0;0
FR;3;2021-08-25;133;852;2;0;0;4410439;3392623;3022;0;0
FR;3;2021-08-26;168;876;9;0;0;4410607;3393499;3031;0;0
FR;3;2021-08-27;170;966;9;0;0;4410777;3394465;3040;0;0
FR;3;2021-08-28;95;370;4;0;0;4410872;3394835;3044;0;0
FR;3;2021-08-29;121;133;1;0;0;4410993;3394968;3045;0;0
FR;3;2021-08-30;93;600;0;0;139;4411086;3395568;3045;0;139
FR;3;2021-08-31;124;718;7;0;160;4411210;3396286;3052;0;299
FR;3;2021-09-01;112;482;5;0;126;4411322;3396768;3057;0;425
FR;3;2021-09-02;98;637;22;0;125;4411420;3397405;3079;0;550
FR;3;2021-09-03;111;594;17;0;132;4411531;3397999;3096;0;682
FR;3;2021-09-04;49;297;3;0;59;4411580;3398296;3099;0;741
FR;3;2021-09-05;51;68;5;0;30;4411631;3398364;3104;0;771
FR;3;2021-09-06;111;407;4;0;152;4411742;3398771;3108;0;923
FR;3;2021-09-07;117;483;14;0;135;4411859;3399254;3122;0;1058
FR;3;2021-09-08;112;370;2;0;107;4411971;3399624;3124;0;1165
FR;3;2021-09-09;87;400;8;0;117;4412058;3400024;3132;0;1282
FR;3;2021-09-10;95;426;3;0;105;4412153;3400450;3135;0;1387
FR;3;2021-09-11;70;235;4;0;66;4412223;3400685;3139;0;1453
FR;3;2021-09-12;36;48;1;0;16;4412259;3400733;3140;0;1469
FR;3;2021-09-13;63;332;7;0;113;4412322;3401065;3147;0;1582
FR;3;2021-09-14;65;294;6;0;108;4412387;3401359;3153;0;1690
FR;3;2021-09-15;55;262;3;0;6;4412442;3401621;3156;0;1696
FR;3;2021-09-16;57;344;5;0;5;4412499;3401965;3161;0;1701
FR;3;2021-09-17;49;350;3;0;7;4412548;3402315;3164;0;1708
FR;3;2021-09-18;34;176;1;0;1;4412582;3402491;3165;0;1709
FR;3;2021-09-19;26;32;2;0;1;4412608;3402523;3167;0;1710
FR;3;2021-09-20;76;212;0;0;1;4412684;3402735;3167;0;1711
FR;3;2021-09-21;54;287;6;0;7;4412738;3403022;3173;0;1718
FR;3;2021-09-22;61;230;6;0;7;4412799;3403252;3179;0;1725
FR;3;2021-09-23;34;274;10;0;6;4412833;3403526;3189;0;1731
FR;3;2021-09-24;22;314;12;0;19;4412855;3403840;3201;0;1750
FR;3;2021-09-25;28;157;3;0;3;4412883;3403997;3204;0;1753
FR;3;2021-09-26;15;51;1;0;1;4412898;3404048;3205;0;1754
FR;3;2021-09-27;37;290;3;0;5;4412935;3404338;3208;0;1759
FR;3;2021-09-28;47;257;6;0;10;4412982;3404595;3214;0;1769
FR;3;2021-09-29;32;222;10;0;13;4413014;3404817;3224;0;1782
FR;3;2021-09-30;35;197;7;0;9;4413049;3405014;3231;0;1791
FR;3;2021-10-01;17;171;5;0;6;4413066;3405185;3236;0;1797
FR;3;2021-10-02;14;92;0;0;0;4413080;3405277;3236;0;1797
FR;3;2021-10-03;16;18;1;0;2;4413096;3405295;3237;0;1799
FR;3;2021-10-04;27;163;4;0;4;4413123;3405458;3241;0;1803
FR;3;2021-10-05;15;160;10;0;13;4413138;3405618;3251;0;1816
FR;3;2021-10-06;29;161;7;0;8;4413167;3405779;3258;0;1824
FR;3;2021-10-07;16;146;6;0;6;4413183;3405925;3264;0;1830
FR;3;2021-10-08;20;143;10;0;9;4413203;3406068;3274;0;1839
FR;3;2021-10-09;11;73;1;0;1;4413214;3406141;3275;0;1840
FR;3;2021-10-10;7;16;2;0;2;4413221;3406157;3277;0;1842
FR;3;2021-10-11;13;128;4;0;5;4413234;3406285;3281;0;1847
FR;3;2021-10-12;15;115;4;0;4;4413249;3406400;3285;0;1851
FR;3;2021-10-13;22;117;7;0;5;4413271;3406517;3292;0;1856
FR;3;2021-10-14;15;162;3;0;4;4413286;3406679;3295;0;1860
FR;3;2021-10-15;19;154;8;0;11;4413305;3406833;3303;0;1871
FR;3;2021-10-16;10;80;6;0;8;4413315;3406913;3309;0;1879
FR;3;2021-10-17;9;24;0;0;0;4413324;3406937;3309;0;1879
FR;3;2021-10-18;17;129;2;0;1;4413341;3407066;3311;0;1880
FR;3;2021-10-19;12;130;17;0;19;4413353;3407196;3328;0;1899
FR;3;2021-10-20;18;137;5;0;6;4413371;3407333;3333;0;1905
FR;3;2021-10-21;22;136;17;0;13;4413393;3407469;3350;0;1918
FR;3;2021-10-22;17;127;16;0;20;4413410;3407596;3366;0;1938
FR;3;2021-10-23;11;58;2;0;1;4413421;3407654;3368;0;1939
FR;3;2021-10-24;6;25;0;0;0;4413427;3407679;3368;0;1939
FR;3;2021-10-25;20;152;6;0;6;4413447;3407831;3374;0;1945
FR;3;2021-10-26;15;118;22;0;19;4413462;3407949;3396;0;1964
FR;3;2021-10-27;15;117;9;0;9;4413477;3408066;3405;0;1973
FR;3;2021-10-28;16;130;33;0;36;4413493;3408196;3438;0;2009
FR;3;2021-10-29;9;124;64;0;54;4413502;3408320;3502;0;2063
FR;3;2021-10-30;7;73;11;1;10;4413509;3408393;3513;1;2073
FR;3;2021-10-31;5;23;1;0;1;4413514;3408416;3514;1;2074
FR;3;2021-11-01;5;20;2;0;1;4413519;3408436;3516;1;2075
FR;3;2021-11-02;9;109;8;0;10;4413528;3408545;3524;1;2085
FR;3;2021-11-03;19;125;9;0;9;4413547;3408670;3533;1;2094
FR;3;2021-11-04;14;97;3;0;2;4413561;3408767;3536;1;2096
FR;3;2021-11-05;13;146;8;1;5;4413574;3408913;3544;2;2101
FR;3;2021-11-06;6;67;3;0;3;4413580;3408980;3547;2;2104
FR;3;2021-11-07;6;20;1;0;1;4413586;3409000;3548;2;2105
FR;3;2021-11-08;7;141;7;0;5;4413593;3409141;3555;2;2110
FR;3;2021-11-09;9;158;5;0;5;4413602;3409299;3560;2;2115
FR;3;2021-11-10;10;191;13;0;13;4413612;3409490;3573;2;2128
FR;3;2021-11-11;5;52;3;0;3;4413617;3409542;3576;2;2131
FR;3;2021-11-12;9;163;6;0;4;4413626;3409705;3582;2;2135
FR;3;2021-11-13;5;83;8;0;10;4413631;3409788;3590;2;2145
FR;3;2021-11-14;2;17;0;0;0;4413633;3409805;3590;2;2145
FR;3;2021-11-15;3;195;9;0;8;4413636;3410000;3599;2;2153
FR;3;2021-11-16;2;166;10;0;9;4413638;3410166;3609;2;2162
FR;3;2021-11-17;5;185;10;0;7;4413643;3410351;3619;2;2169
FR;3;2021-11-18;10;184;10;0;11;4413653;3410535;3629;2;2180
FR;3;2021-11-19;5;237;21;0;26;4413658;3410772;3650;2;2206
FR;3;2021-11-20;5;118;4;0;4;4413663;3410890;3654;2;2210
FR;3;2021-11-21;2;30;2;0;2;4413665;3410920;3656;2;2212
FR;3;2021-11-22;9;241;10;0;10;4413674;3411161;3666;2;2222
FR;3;2021-11-23;6;228;15;0;14;4413680;3411389;3681;2;2236
FR;3;2021-11-24;4;257;8;0;16;4413684;3411646;3689;2;2252
FR;3;2021-11-25;9;288;11;0;10;4413693;3411934;3700;2;2262
FR;3;2021-11-26;5;383;33;0;30;4413698;3412317;3733;2;2292
FR;3;2021-11-27;5;178;19;0;20;4413703;3412495;3752;2;2312
FR;3;2021-11-28;2;58;7;0;7;4413705;3412553;3759;2;2319
FR;3;2021-11-29;4;335;19;0;21;4413709;3412888;3778;2;2340
FR;3;2021-11-30;3;428;26;0;29;4413712;3413316;3804;2;2369
FR;3;2021-12-01;18;467;33;0;34;4413730;3413783;3837;2;2403
FR;3;2021-12-02;9;502;33;0;36;4413739;3414285;3870;2;2439
FR;3;2021-12-03;3;578;37;0;38;4413742;3414863;3907;2;2477
FR;3;2021-12-04;3;284;26;0;28;4413745;3415147;3933;2;2505
FR;3;2021-12-05;1;83;5;0;5;4413746;3415230;3938;2;2510
FR;3;2021-12-06;5;520;14;0;16;4413751;3415750;3952;2;2526
FR;3;2021-12-07;4;621;20;0;24;4413755;3416371;3972;2;2550
FR;3;2021-12-08;3;547;29;0;29;4413758;3416918;4001;2;2579
FR;3;2021-12-09;3;609;17;0;22;4413761;3417527;4018;2;2601
FR;3;2021-12-10;8;645;29;0;25;4413769;3418172;4047;2;2626
FR;3;2021-12-11;4;397;10;0;9;4413773;3418569;4057;2;2635
FR;3;2021-12-12;1;121;3;0;3;4413774;3418690;4060;2;2638
FR;3;2021-12-13;2;610;19;0;20;4413776;3419300;4079;2;2658
FR;3;2021-12-14;7;772;18;0;21;4413783;3420072;4097;2;2679
FR;3;2021-12-15;7;736;17;0;21;4413790;3420808;4114;2;2700
FR;3;2021-12-16;9;740;19;0;18;4413799;3421548;4133;2;2718
FR;3;2021-12-17;4;811;18;0;19;4413803;3422359;4151;2;2737
FR;3;2021-12-18;4;417;4;0;5;4413807;3422776;4155;2;2742
FR;3;2021-12-19;3;208;2;0;2;4413810;3422984;4157;2;2744
FR;3;2021-12-20;8;731;23;0;28;4413818;3423715;4180;2;2772
FR;3;2021-12-21;3;818;10;0;14;4413821;3424533;4190;2;2786
FR;3;2021-12-22;6;765;9;0;11;4413827;3425298;4199;2;2797
FR;3;2021-12-23;1;658;9;0;8;4413828;3425956;4208;2;2805
FR;3;2021-12-24;2;276;3;0;6;4413830;3426232;4211;2;2811
FR;3;2021-12-25;0;25;0;0;0;4413830;3426257;4211;2;2811
FR;3;2021-12-26;0;95;1;0;1;4413830;3426352;4212;2;2812
FR;3;2021-12-27;7;546;17;0;19;4413837;3426898;4229;2;2831
FR;3;2021-12-28;1;695;6;0;5;4413838;3427593;4235;2;2836
FR;3;2021-12-29;4;576;14;0;16;4413842;3428169;4249;2;2852
FR;3;2021-12-30;1;605;7;0;10;4413843;3428774;4256;2;2862
FR;3;2021-12-31;0;210;5;0;6;4413843;3428984;4261;2;2868
FR;3;2022-01-01;0;27;0;0;2;4413843;3429011;4261;2;2870
FR;3;2022-01-02;0;83;0;0;0;4413843;3429094;4261;2;2870
FR;3;2022-01-03;3;566;17;0;21;4413846;3429660;4278;2;2891
FR;3;2022-01-04;6;627;9;0;8;4413852;3430287;4287;2;2899
FR;3;2022-01-05;3;559;10;0;15;4413855;3430846;4297;2;2914
FR;3;2022-01-06;4;557;9;0;12;4413859;3431403;4306;2;2926
FR;3;2022-01-07;2;579;11;0;14;4413861;3431982;4317;2;2940
FR;3;2022-01-08;2;286;4;0;5;4413863;3432268;4321;2;2945
FR;3;2022-01-09;0;118;0;0;0;4413863;3432386;4321;2;2945
FR;3;2022-01-10;2;481;12;0;12;4413865;3432867;4333;2;2957
FR;3;2022-01-11;2;535;1;0;1;4413867;3433402;4334;2;2958
FR;3;2022-01-12;3;449;9;0;10;4413870;3433851;4343;2;2968
FR;3;2022-01-13;3;428;11;0;12;4413873;3434279;4354;2;2980
FR;3;2022-01-14;3;484;10;0;12;4413876;3434763;4364;2;2992
FR;3;2022-01-15;0;299;2;0;3;4413876;3435062;4366;2;2995
FR;3;2022-01-16;0;116;1;0;1;4413876;3435178;4367;2;2996
FR;3;2022-01-17;2;355;8;0;10;4413878;3435533;4375;2;3006
FR;3;2022-01-18;2;420;1;0;2;4413880;3435953;4376;2;3008
FR;3;2022-01-19;1;351;5;0;10;4413881;3436304;4381;2;3018
FR;3;2022-01-20;1;380;5;0;3;4413882;3436684;4386;2;3021
FR;3;2022-01-21;2;377;5;0;8;4413884;3437061;4391;2;3029
FR;3;2022-01-22;2;234;1;0;3;4413886;3437295;4392;2;3032
FR;3;2022-01-23;0;82;0;0;1;4413886;3437377;4392;2;3033
FR;3;2022-01-24;2;352;1;0;6;4413888;3437729;4393;2;3039
FR;3;2022-01-25;0;194;0;0;0;4413888;3437923;4393;2;3039
FR;3;2022-01-26;0;89;0;0;0;4413888;3438012;4393;2;3039
FR;3;2022-01-27;0;60;0;0;0;4413888;3438072;4393;2;3039
FR;3;2022-01-28;0;134;0;0;0;4413888;3438206;4393;2;3039
FR;3;2022-01-29;0;110;0;0;0;4413888;3438316;4393;2;3039
FR;3;2022-01-30;0;51;0;0;0;4413888;3438367;4393;2;3039
FR;3;2022-01-31;0;98;0;0;0;4413888;3438465;4393;2;3039
FR;3;2022-02-01;0;111;0;0;1;4413888;3438576;4393;2;3040
FR;3;2022-02-02;0;98;0;0;0;4413888;3438674;4393;2;3040
FR;3;2022-02-03;0;101;0;0;0;4413888;3438775;4393;2;3040
FR;3;2022-02-04;0;124;0;0;0;4413888;3438899;4393;2;3040
FR;3;2022-02-05;0;73;0;0;0;4413888;3438972;4393;2;3040
FR;3;2022-02-06;0;11;0;0;0;4413888;3438983;4393;2;3040
FR;3;2022-02-07;0;92;0;0;1;4413888;3439075;4393;2;3041
FR;3;2022-02-08;0;0;0;0;0;4413888;3439075;4393;2;3041
FR;3;2022-02-09;0;0;0;0;0;4413888;3439075;4393;2;3041
FR;3;2022-02-10;0;0;0;0;0;4413888;3439075;4393;2;3041
FR;3;2022-02-11;0;0;0;0;0;4413888;3439075;4393;2;3041
FR;3;2022-02-12;0;0;0;0;0;4413888;3439075;4393;2;3041
FR;3;2022-02-13;0;0;0;0;0;4413888;3439075;4393;2;3041
FR;3;2022-02-14;0;0;0;0;0;4413888;3439075;4393;2;3041
FR;3;2022-02-15;0;0;0;0;0;4413888;3439075;4393;2;3041
FR;3;2022-02-16;0;0;0;0;0;4413888;3439075;4393;2;3041
FR;3;2022-02-17;0;0;0;0;0;4413888;3439075;4393;2;3041
FR;3;2022-02-18;0;0;0;0;0;4413888;3439075;4393;2;3041
FR;3;2022-02-19;0;0;0;0;0;4413888;3439075;4393;2;3041
FR;3;2022-02-20;0;0;0;0;0;4413888;3439075;4393;2;3041
FR;3;2022-02-21;2;0;0;0;0;4413890;3439075;4393;2;3041
FR;3;2022-02-22;0;0;0;0;0;4413890;3439075;4393;2;3041
FR;3;2022-02-23;0;0;0;0;0;4413890;3439075;4393;2;3041
FR;3;2022-02-24;0;0;0;0;0;4413890;3439075;4393;2;3041
FR;3;2022-02-25;0;0;0;0;0;4413890;3439075;4393;2;3041
FR;3;2022-02-26;0;0;0;0;0;4413890;3439075;4393;2;3041
FR;3;2022-02-27;0;0;0;0;0;4413890;3439075;4393;2;3041
FR;3;2022-02-28;1;0;0;0;0;4413891;3439075;4393;2;3041
FR;3;2022-03-01;1;0;0;0;0;4413892;3439075;4393;2;3041
FR;3;2022-03-02;0;0;0;0;0;4413892;3439075;4393;2;3041
FR;3;2022-03-03;0;0;0;0;0;4413892;3439075;4393;2;3041
FR;3;2022-03-04;0;0;0;0;0;4413892;3439075;4393;2;3041
FR;3;2022-03-05;0;0;0;0;0;4413892;3439075;4393;2;3041
FR;3;2022-03-06;1;0;0;0;0;4413893;3439075;4393;2;3041
FR;3;2022-03-07;0;0;0;0;0;4413893;3439075;4393;2;3041
FR;3;2022-03-08;1;0;0;0;0;4413894;3439075;4393;2;3041
FR;3;2022-03-09;0;0;0;0;0;4413894;3439075;4393;2;3041
FR;3;2022-03-10;0;0;0;0;0;4413894;3439075;4393;2;3041
FR;3;2022-03-11;0;0;0;0;0;4413894;3439075;4393;2;3041
FR;3;2022-03-12;0;0;0;0;0;4413894;3439075;4393;2;3041
FR;3;2022-03-13;0;0;0;0;0;4413894;3439075;4393;2;3041
FR;3;2022-03-14;0;0;0;0;0;4413894;3439075;4393;2;3041
FR;4;2020-12-27;0;0;0;0;0;0;0;0;0;0
FR;4;2020-12-28;0;0;0;0;0;0;0;0;0;0
FR;4;2020-12-29;0;0;0;0;0;0;0;0;0;0
FR;4;2020-12-30;0;0;0;0;0;0;0;0;0;0
FR;4;2020-12-31;0;0;0;0;0;0;0;0;0;0
FR;4;2021-01-01;0;0;0;0;0;0;0;0;0;0
FR;4;2021-01-02;0;0;0;0;0;0;0;0;0;0
FR;4;2021-01-03;0;0;0;0;0;0;0;0;0;0
FR;4;2021-01-04;0;0;0;0;0;0;0;0;0;0
FR;4;2021-01-05;0;0;0;0;0;0;0;0;0;0
FR;4;2021-01-06;0;0;0;0;0;0;0;0;0;0
FR;4;2021-01-07;0;0;0;0;0;0;0;0;0;0
FR;4;2021-01-08;0;0;0;0;0;0;0;0;0;0
FR;4;2021-01-09;0;0;0;0;0;0;0;0;0;0
FR;4;2021-01-10;0;0;0;0;0;0;0;0;0;0
FR;4;2021-01-11;0;0;0;0;0;0;0;0;0;0
FR;4;2021-01-12;0;0;0;0;0;0;0;0;0;0
FR;4;2021-01-13;0;0;0;0;0;0;0;0;0;0
FR;4;2021-01-14;0;0;0;0;0;0;0;0;0;0
FR;4;2021-01-15;0;0;0;0;0;0;0;0;0;0
FR;4;2021-01-16;0;0;0;0;0;0;0;0;0;0
FR;4;2021-01-17;0;0;0;0;0;0;0;0;0;0
FR;4;2021-01-18;0;0;0;0;0;0;0;0;0;0
FR;4;2021-01-19;0;0;0;0;0;0;0;0;0;0
FR;4;2021-01-20;0;0;0;0;0;0;0;0;0;0
FR;4;2021-01-21;0;0;0;0;0;0;0;0;0;0
FR;4;2021-01-22;0;0;0;0;0;0;0;0;0;0
FR;4;2021-01-23;0;0;0;0;0;0;0;0;0;0
FR;4;2021-01-24;0;0;0;0;0;0;0;0;0;0
FR;4;2021-01-25;0;0;0;0;0;0;0;0;0;0
FR;4;2021-01-26;0;0;0;0;0;0;0;0;0;0
FR;4;2021-01-27;0;0;0;0;0;0;0;0;0;0
FR;4;2021-01-28;0;0;0;0;0;0;0;0;0;0
FR;4;2021-01-29;0;0;0;0;0;0;0;0;0;0
FR;4;2021-01-30;0;0;0;0;0;0;0;0;0;0
FR;4;2021-01-31;0;0;0;0;0;0;0;0;0;0
FR;4;2021-02-01;0;0;0;0;0;0;0;0;0;0
FR;4;2021-02-02;0;0;0;0;0;0;0;0;0;0
FR;4;2021-02-03;0;0;0;0;0;0;0;0;0;0
FR;4;2021-02-04;0;0;0;0;0;0;0;0;0;0
FR;4;2021-02-05;0;0;0;0;0;0;0;0;0;0
FR;4;2021-02-06;0;0;0;0;0;0;0;0;0;0
FR;4;2021-02-07;0;0;0;0;0;0;0;0;0;0
FR;4;2021-02-08;0;0;0;0;0;0;0;0;0;0
FR;4;2021-02-09;0;0;0;0;0;0;0;0;0;0
FR;4;2021-02-10;0;0;0;0;0;0;0;0;0;0
FR;4;2021-02-11;0;0;0;0;0;0;0;0;0;0
FR;4;2021-02-12;0;0;0;0;0;0;0;0;0;0
FR;4;2021-02-13;0;0;0;0;0;0;0;0;0;0
FR;4;2021-02-14;0;0;0;0;0;0;0;0;0;0
FR;4;2021-02-15;0;0;0;0;0;0;0;0;0;0
FR;4;2021-02-16;0;0;0;0;0;0;0;0;0;0
FR;4;2021-02-17;0;0;0;0;0;0;0;0;0;0
FR;4;2021-02-18;0;0;0;0;0;0;0;0;0;0
FR;4;2021-02-19;0;0;0;0;0;0;0;0;0;0
FR;4;2021-02-20;0;0;0;0;0;0;0;0;0;0
FR;4;2021-02-21;0;0;0;0;0;0;0;0;0;0
FR;4;2021-02-22;0;0;0;0;0;0;0;0;0;0
FR;4;2021-02-23;0;0;0;0;0;0;0;0;0;0
FR;4;2021-02-24;0;0;0;0;0;0;0;0;0;0
FR;4;2021-02-25;0;0;0;0;0;0;0;0;0;0
FR;4;2021-02-26;0;0;0;0;0;0;0;0;0;0
FR;4;2021-02-27;0;0;0;0;0;0;0;0;0;0
FR;4;2021-02-28;0;0;0;0;0;0;0;0;0;0
FR;4;2021-03-01;0;0;0;0;0;0;0;0;0;0
FR;4;2021-03-02;0;0;0;0;0;0;0;0;0;0
FR;4;2021-03-03;0;0;0;0;0;0;0;0;0;0
FR;4;2021-03-04;0;0;0;0;0;0;0;0;0;0
FR;4;2021-03-05;0;0;0;0;0;0;0;0;0;0
FR;4;2021-03-06;0;0;0;0;0;0;0;0;0;0
FR;4;2021-03-07;0;0;0;0;0;0;0;0;0;0
FR;4;2021-03-08;0;0;0;0;0;0;0;0;0;0
FR;4;2021-03-09;0;0;0;0;0;0;0;0;0;0
FR;4;2021-03-10;0;0;0;0;0;0;0;0;0;0
FR;4;2021-03-11;0;0;0;0;0;0;0;0;0;0
FR;4;2021-03-12;0;0;0;0;0;0;0;0;0;0
FR;4;2021-03-13;0;0;0;0;0;0;0;0;0;0
FR;4;2021-03-14;0;0;0;0;0;0;0;0;0;0
FR;4;2021-03-15;0;0;0;0;0;0;0;0;0;0
FR;4;2021-03-16;0;0;0;0;0;0;0;0;0;0
FR;4;2021-03-17;0;0;0;0;0;0;0;0;0;0
FR;4;2021-03-18;0;0;0;0;0;0;0;0;0;0
FR;4;2021-03-19;0;0;0;0;0;0;0;0;0;0
FR;4;2021-03-20;0;0;0;0;0;0;0;0;0;0
FR;4;2021-03-21;0;0;0;0;0;0;0;0;0;0
FR;4;2021-03-22;0;0;0;0;0;0;0;0;0;0
FR;4;2021-03-23;0;0;0;0;0;0;0;0;0;0
FR;4;2021-03-24;0;0;0;0;0;0;0;0;0;0
FR;4;2021-03-25;0;0;0;0;0;0;0;0;0;0
FR;4;2021-03-26;0;0;0;0;0;0;0;0;0;0
FR;4;2021-03-27;0;0;0;0;0;0;0;0;0;0
FR;4;2021-03-28;0;0;0;0;0;0;0;0;0;0
FR;4;2021-03-29;0;0;0;0;0;0;0;0;0;0
FR;4;2021-03-30;0;0;0;0;0;0;0;0;0;0
FR;4;2021-03-31;0;0;0;0;0;0;0;0;0;0
FR;4;2021-04-01;0;0;0;0;0;0;0;0;0;0
FR;4;2021-04-02;0;0;0;0;0;0;0;0;0;0
FR;4;2021-04-03;0;0;0;0;0;0;0;0;0;0
FR;4;2021-04-04;0;0;0;0;0;0;0;0;0;0
FR;4;2021-04-05;0;0;0;0;0;0;0;0;0;0
FR;4;2021-04-06;0;0;0;0;0;0;0;0;0;0
FR;4;2021-04-07;0;0;0;0;0;0;0;0;0;0
FR;4;2021-04-08;0;0;0;0;0;0;0;0;0;0
FR;4;2021-04-09;0;0;0;0;0;0;0;0;0;0
FR;4;2021-04-10;0;0;0;0;0;0;0;0;0;0
FR;4;2021-04-11;0;0;0;0;0;0;0;0;0;0
FR;4;2021-04-12;0;0;0;0;0;0;0;0;0;0
FR;4;2021-04-13;0;0;0;0;0;0;0;0;0;0
FR;4;2021-04-14;0;0;0;0;0;0;0;0;0;0
FR;4;2021-04-15;0;0;0;0;0;0;0;0;0;0
FR;4;2021-04-16;0;0;0;0;0;0;0;0;0;0
FR;4;2021-04-17;0;0;0;0;0;0;0;0;0;0
FR;4;2021-04-18;0;0;0;0;0;0;0;0;0;0
FR;4;2021-04-19;0;0;0;0;0;0;0;0;0;0
FR;4;2021-04-20;0;0;0;0;0;0;0;0;0;0
FR;4;2021-04-21;0;0;0;0;0;0;0;0;0;0
FR;4;2021-04-22;0;0;0;0;0;0;0;0;0;0
FR;4;2021-04-23;4118;0;0;0;0;4118;0;0;0;0
FR;4;2021-04-24;1569;0;0;0;0;5687;0;0;0;0
FR;4;2021-04-25;124;0;0;0;0;5811;0;0;0;0
FR;4;2021-04-26;2868;1;0;0;0;8679;1;0;0;0
FR;4;2021-04-27;9517;3;0;0;0;18196;4;0;0;0
FR;4;2021-04-28;9901;6;0;0;0;28097;10;0;0;0
FR;4;2021-04-29;15987;8;0;0;0;44084;18;0;0;0
FR;4;2021-04-30;19224;10;0;0;0;63308;28;0;0;0
FR;4;2021-05-01;1989;6;0;0;0;65297;34;0;0;0
FR;4;2021-05-02;481;0;0;0;0;65778;34;0;0;0
FR;4;2021-05-03;5053;2;0;0;0;70831;36;0;0;0
FR;4;2021-05-04;8394;10;0;0;0;79225;46;0;0;0
FR;4;2021-05-05;6179;7;0;0;0;85404;53;0;0;0
FR;4;2021-05-06;11379;11;0;0;0;96783;64;0;0;0
FR;4;2021-05-07;19116;9;0;0;0;115899;73;0;0;0
FR;4;2021-05-08;2375;6;0;0;0;118274;79;0;0;0
FR;4;2021-05-09;683;3;0;0;0;118957;82;0;0;0
FR;4;2021-05-10;7233;5;1;0;0;126190;87;1;0;0
FR;4;2021-05-11;14310;11;0;0;0;140500;98;1;0;0
FR;4;2021-05-12;10153;16;0;0;0;150653;114;1;0;0
FR;4;2021-05-13;1577;3;0;0;0;152230;117;1;0;0
FR;4;2021-05-14;7749;6;0;0;0;159979;123;1;0;0
FR;4;2021-05-15;3710;8;1;0;0;163689;131;2;0;0
FR;4;2021-05-16;418;1;0;0;0;164107;132;2;0;0
FR;4;2021-05-17;4472;6;0;0;0;168579;138;2;0;0
FR;4;2021-05-18;8742;10;0;0;0;177321;148;2;0;0
FR;4;2021-05-19;5686;7;0;0;0;183007;155;2;0;0
FR;4;2021-05-20;9476;7;0;0;0;192483;162;2;0;0
FR;4;2021-05-21;12781;29;0;0;0;205264;191;2;0;0
FR;4;2021-05-22;5048;15;0;0;0;210312;206;2;0;0
FR;4;2021-05-23;494;4;0;0;0;210806;210;2;0;0
FR;4;2021-05-24;1049;7;0;0;0;211855;217;2;0;0
FR;4;2021-05-25;7615;15;0;0;0;219470;232;2;0;0
FR;4;2021-05-26;7718;16;0;0;0;227188;248;2;0;0
FR;4;2021-05-27;14326;35;0;0;0;241514;283;2;0;0
FR;4;2021-05-28;26575;82;1;0;0;268089;365;3;0;0
FR;4;2021-05-29;11381;18;0;0;0;279470;383;3;0;0
FR;4;2021-05-30;970;6;0;0;0;280440;389;3;0;0
FR;4;2021-05-31;12684;21;0;0;0;293124;410;3;0;0
FR;4;2021-06-01;20237;46;1;0;0;313361;456;4;0;0
FR;4;2021-06-02;14513;33;0;0;0;327874;489;4;0;0
FR;4;2021-06-03;19401;24;1;0;0;347275;513;5;0;0
FR;4;2021-06-04;22502;47;0;0;0;369777;560;5;0;0
FR;4;2021-06-05;9709;32;0;0;0;379486;592;5;0;0
FR;4;2021-06-06;1037;0;0;0;0;380523;592;5;0;0
FR;4;2021-06-07;9222;19;0;0;0;389745;611;5;0;0
FR;4;2021-06-08;14606;31;0;0;0;404351;642;5;0;0
FR;4;2021-06-09;12202;25;0;0;0;416553;667;5;0;0
FR;4;2021-06-10;15394;30;0;0;0;431947;697;5;0;0
FR;4;2021-06-11;16972;55;0;0;0;448919;752;5;0;0
FR;4;2021-06-12;7438;27;0;0;0;456357;779;5;0;0
FR;4;2021-06-13;907;2;0;0;0;457264;781;5;0;0
FR;4;2021-06-14;6645;25;0;0;0;463909;806;5;0;0
FR;4;2021-06-15;10872;37;0;0;0;474781;843;5;0;0
FR;4;2021-06-16;8901;14;0;0;0;483682;857;5;0;0
FR;4;2021-06-17;10891;36;0;0;0;494573;893;5;0;0
FR;4;2021-06-18;12416;44;0;0;0;506989;937;5;0;0
FR;4;2021-06-19;5562;25;0;0;0;512551;962;5;0;0
FR;4;2021-06-20;814;5;0;0;0;513365;967;5;0;0
FR;4;2021-06-21;5077;20;0;0;0;518442;987;5;0;0
FR;4;2021-06-22;7900;26;2;0;0;526342;1013;7;0;0
FR;4;2021-06-23;7089;39;2;0;0;533431;1052;9;0;0
FR;4;2021-06-24;8643;45;1;0;0;542074;1097;10;0;0
FR;4;2021-06-25;10163;39;2;0;0;552237;1136;12;0;0
FR;4;2021-06-26;4837;21;0;0;0;557074;1157;12;0;0
FR;4;2021-06-27;757;3;0;0;0;557831;1160;12;0;0
FR;4;2021-06-28;4811;16;1;0;0;562642;1176;13;0;0
FR;4;2021-06-29;7090;27;2;0;0;569732;1203;15;0;0
FR;4;2021-06-30;6701;40;2;0;0;576433;1243;17;0;0
FR;4;2021-07-01;8182;39;0;0;0;584615;1282;17;0;0
FR;4;2021-07-02;9410;52;1;0;0;594025;1334;18;0;0
FR;4;2021-07-03;4840;19;0;0;0;598865;1353;18;0;0
FR;4;2021-07-04;683;5;0;0;0;599548;1358;18;0;0
FR;4;2021-07-05;4761;19;2;0;0;604309;1377;20;0;0
FR;4;2021-07-06;7710;28;4;0;0;612019;1405;24;0;0
FR;4;2021-07-07;7060;34;2;0;0;619079;1439;26;0;0
FR;4;2021-07-08;9214;38;2;0;0;628293;1477;28;0;0
FR;4;2021-07-09;10264;33;1;0;0;638557;1510;29;0;0
FR;4;2021-07-10;4633;14;2;0;0;643190;1524;31;0;0
FR;4;2021-07-11;578;5;1;0;0;643768;1529;32;0;0
FR;4;2021-07-12;5862;28;0;0;0;649630;1557;32;0;0
FR;4;2021-07-13;14228;29;0;0;0;663858;1586;32;0;0
FR;4;2021-07-14;2280;14;0;0;0;666138;1600;32;0;0
FR;4;2021-07-15;18220;36;0;0;0;684358;1636;32;0;0
FR;4;2021-07-16;22813;70;2;0;0;707171;1706;34;0;0
FR;4;2021-07-17;9730;20;0;0;0;716901;1726;34;0;0
FR;4;2021-07-18;1350;4;0;0;0;718251;1730;34;0;0
FR;4;2021-07-19;12963;28;1;0;0;731214;1758;35;0;0
FR;4;2021-07-20;17317;26;1;0;0;748531;1784;36;0;0
FR;4;2021-07-21;15593;33;0;0;0;764124;1817;36;0;0
FR;4;2021-07-22;18227;43;2;0;0;782351;1860;38;0;0
FR;4;2021-07-23;20391;57;7;0;0;802742;1917;45;0;0
FR;4;2021-07-24;9270;32;0;0;0;812012;1949;45;0;0
FR;4;2021-07-25;1339;8;0;0;0;813351;1957;45;0;0
FR;4;2021-07-26;11017;20;0;0;0;824368;1977;45;0;0
FR;4;2021-07-27;14645;34;3;0;0;839013;2011;48;0;0
FR;4;2021-07-28;12899;25;2;0;0;851912;2036;50;0;0
FR;4;2021-07-29;14054;54;4;0;0;865966;2090;54;0;0
FR;4;2021-07-30;15463;45;2;0;0;881429;2135;56;0;0
FR;4;2021-07-31;6810;14;2;0;0;888239;2149;58;0;0
FR;4;2021-08-01;901;1;0;0;0;889140;2150;58;0;0
FR;4;2021-08-02;7884;28;0;0;0;897024;2178;58;0;0
FR;4;2021-08-03;10778;32;2;0;0;907802;2210;60;0;0
FR;4;2021-08-04;9710;29;0;0;0;917512;2239;60;0;0
FR;4;2021-08-05;9795;41;0;0;0;927307;2280;60;0;0
FR;4;2021-08-06;10166;31;3;0;0;937473;2311;63;0;0
FR;4;2021-08-07;5074;30;1;0;0;942547;2341;64;0;0
FR;4;2021-08-08;1210;13;0;0;0;943757;2354;64;0;0
FR;4;2021-08-09;6318;30;0;0;0;950075;2384;64;0;0
FR;4;2021-08-10;8737;20;0;0;0;958812;2404;64;0;0
FR;4;2021-08-11;7919;33;3;0;0;966731;2437;67;0;0
FR;4;2021-08-12;8573;28;1;0;0;975304;2465;68;0;0
FR;4;2021-08-13;7531;24;0;1;0;982835;2489;68;1;0
FR;4;2021-08-14;3777;20;0;0;0;986612;2509;68;1;0
FR;4;2021-08-15;767;5;0;0;0;987379;2514;68;1;0
FR;4;2021-08-16;3994;16;0;0;0;991373;2530;68;1;0
FR;4;2021-08-17;5608;14;1;0;0;996981;2544;69;1;0
FR;4;2021-08-18;5150;35;0;0;0;1002131;2579;69;1;0
FR;4;2021-08-19;5469;34;3;0;0;1007600;2613;72;1;0
FR;4;2021-08-20;5197;23;1;0;0;1012797;2636;73;1;0
FR;4;2021-08-21;2303;21;1;0;0;1015100;2657;74;1;0
FR;4;2021-08-22;400;2;0;0;0;1015500;2659;74;1;0
FR;4;2021-08-23;2911;18;1;0;0;1018411;2677;75;1;0
FR;4;2021-08-24;3731;14;0;0;0;1022142;2691;75;1;0
FR;4;2021-08-25;3523;25;0;0;0;1025665;2716;75;1;0
FR;4;2021-08-26;3697;20;1;0;0;1029362;2736;76;1;0
FR;4;2021-08-27;3597;31;2;0;0;1032959;2767;78;1;0
FR;4;2021-08-28;1716;10;1;0;0;1034675;2777;79;1;0
FR;4;2021-08-29;384;7;1;0;0;1035059;2784;80;1;0
FR;4;2021-08-30;1997;23;0;0;14;1037056;2807;80;1;14
FR;4;2021-08-31;2469;20;0;0;13;1039525;2827;80;1;27
FR;4;2021-09-01;2068;37;1;0;20;1041593;2864;81;1;47
FR;4;2021-09-02;2294;31;4;0;18;1043887;2895;85;1;65
FR;4;2021-09-03;2350;44;5;0;32;1046237;2939;90;1;97
FR;4;2021-09-04;1369;17;0;0;5;1047606;2956;90;1;102
FR;4;2021-09-05;428;2;0;0;2;1048034;2958;90;1;104
FR;4;2021-09-06;1699;61;0;0;23;1049733;3019;90;1;127
FR;4;2021-09-07;1670;19;0;0;9;1051403;3038;90;1;136
FR;4;2021-09-08;1276;27;3;0;19;1052679;3065;93;1;155
FR;4;2021-09-09;1382;23;2;0;9;1054061;3088;95;1;164
FR;4;2021-09-10;1512;30;2;0;22;1055573;3118;97;1;186
FR;4;2021-09-11;731;11;0;0;3;1056304;3129;97;1;189
FR;4;2021-09-12;168;4;0;0;2;1056472;3133;97;1;191
FR;4;2021-09-13;1302;21;1;0;15;1057774;3154;98;1;206
FR;4;2021-09-14;1486;9;2;0;6;1059260;3163;100;1;212
FR;4;2021-09-15;1089;26;1;0;24;1060349;3189;101;1;236
FR;4;2021-09-16;1092;22;2;0;15;1061441;3211;103;1;251
FR;4;2021-09-17;888;21;1;0;12;1062329;3232;104;1;263
FR;4;2021-09-18;457;5;1;0;4;1062786;3237;105;1;267
FR;4;2021-09-19;181;2;0;0;1;1062967;3239;105;1;268
FR;4;2021-09-20;441;18;0;0;12;1063408;3257;105;1;280
FR;4;2021-09-21;419;10;0;0;6;1063827;3267;105;1;286
FR;4;2021-09-22;372;20;2;0;14;1064199;3287;107;1;300
FR;4;2021-09-23;470;12;1;0;11;1064669;3299;108;1;311
FR;4;2021-09-24;408;13;2;0;9;1065077;3312;110;1;320
FR;4;2021-09-25;281;9;1;0;4;1065358;3321;111;1;324
FR;4;2021-09-26;71;2;0;0;1;1065429;3323;111;1;325
FR;4;2021-09-27;259;10;1;0;8;1065688;3333;112;1;333
FR;4;2021-09-28;310;8;0;0;8;1065998;3341;112;1;341
FR;4;2021-09-29;369;19;1;0;13;1066367;3360;113;1;354
FR;4;2021-09-30;356;39;0;0;20;1066723;3399;113;1;374
FR;4;2021-10-01;396;48;0;0;42;1067119;3447;113;1;416
FR;4;2021-10-02;192;22;1;0;13;1067311;3469;114;1;429
FR;4;2021-10-03;82;1;0;0;0;1067393;3470;114;1;429
FR;4;2021-10-04;351;19;1;0;15;1067744;3489;115;1;444
FR;4;2021-10-05;271;19;2;0;15;1068015;3508;117;1;459
FR;4;2021-10-06;241;21;1;0;18;1068256;3529;118;1;477
FR;4;2021-10-07;251;26;2;0;14;1068507;3555;120;1;491
FR;4;2021-10-08;350;22;2;0;18;1068857;3577;122;1;509
FR;4;2021-10-09;188;6;6;0;7;1069045;3583;128;1;516
FR;4;2021-10-10;91;3;2;0;3;1069136;3586;130;1;519
FR;4;2021-10-11;242;14;1;0;13;1069378;3600;131;1;532
FR;4;2021-10-12;201;14;0;0;13;1069579;3614;131;1;545
FR;4;2021-10-13;216;28;1;0;25;1069795;3642;132;1;570
FR;4;2021-10-14;304;20;4;0;14;1070099;3662;136;1;584
FR;4;2021-10-15;316;24;5;0;25;1070415;3686;141;1;609
FR;4;2021-10-16;163;6;2;0;6;1070578;3692;143;1;615
FR;4;2021-10-17;69;3;0;0;1;1070647;3695;143;1;616
FR;4;2021-10-18;273;16;1;0;12;1070920;3711;144;1;628
FR;4;2021-10-19;205;14;2;0;15;1071125;3725;146;1;643
FR;4;2021-10-20;223;27;3;0;14;1071348;3752;149;1;657
FR;4;2021-10-21;229;17;0;0;13;1071577;3769;149;1;670
FR;4;2021-10-22;204;26;2;0;21;1071781;3795;151;1;691
FR;4;2021-10-23;115;16;1;0;15;1071896;3811;152;1;706
FR;4;2021-10-24;37;4;0;0;1;1071933;3815;152;1;707
FR;4;2021-10-25;205;7;2;0;9;1072138;3822;154;1;716
FR;4;2021-10-26;193;13;0;0;11;1072331;3835;154;1;727
FR;4;2021-10-27;188;11;4;0;11;1072519;3846;158;1;738
FR;4;2021-10-28;178;18;4;0;21;1072697;3864;162;1;759
FR;4;2021-10-29;218;16;2;0;14;1072915;3880;164;1;773
FR;4;2021-10-30;98;2;0;0;1;1073013;3882;164;1;774
FR;4;2021-10-31;54;3;2;0;3;1073067;3885;166;1;777
FR;4;2021-11-01;72;27;4;0;24;1073139;3912;170;1;801
FR;4;2021-11-02;147;20;2;0;21;1073286;3932;172;1;822
FR;4;2021-11-03;125;20;8;1;18;1073411;3952;180;2;840
FR;4;2021-11-04;169;13;1;0;10;1073580;3965;181;2;850
FR;4;2021-11-05;123;17;1;0;16;1073703;3982;182;2;866
FR;4;2021-11-06;77;6;1;0;6;1073780;3988;183;2;872
FR;4;2021-11-07;73;2;2;0;4;1073853;3990;185;2;876
FR;4;2021-11-08;157;17;1;0;17;1074010;4007;186;2;893
FR;4;2021-11-09;149;14;3;0;16;1074159;4021;189;2;909
FR;4;2021-11-10;109;26;6;0;28;1074268;4047;195;2;937
FR;4;2021-11-11;78;8;0;0;8;1074346;4055;195;2;945
FR;4;2021-11-12;94;18;2;0;18;1074440;4073;197;2;963
FR;4;2021-11-13;72;15;2;0;14;1074512;4088;199;2;977
FR;4;2021-11-14;52;5;3;0;7;1074564;4093;202;2;984
FR;4;2021-11-15;91;26;2;0;24;1074655;4119;204;2;1008
FR;4;2021-11-16;97;11;2;0;13;1074752;4130;206;2;1021
FR;4;2021-11-17;110;29;4;0;29;1074862;4159;210;2;1050
FR;4;2021-11-18;95;34;11;0;39;1074957;4193;221;2;1089
FR;4;2021-11-19;75;20;3;0;21;1075032;4213;224;2;1110
FR;4;2021-11-20;59;6;1;0;6;1075091;4219;225;2;1116
FR;4;2021-11-21;61;7;2;0;9;1075152;4226;227;2;1125
FR;4;2021-11-22;96;27;6;0;29;1075248;4253;233;2;1154
FR;4;2021-11-23;69;30;5;0;27;1075317;4283;238;2;1181
FR;4;2021-11-24;83;23;9;0;22;1075400;4306;247;2;1203
FR;4;2021-11-25;82;30;14;0;32;1075482;4336;261;2;1235
FR;4;2021-11-26;78;42;12;0;44;1075560;4378;273;2;1279
FR;4;2021-11-27;29;23;17;0;26;1075589;4401;290;2;1305
FR;4;2021-11-28;45;9;0;0;8;1075634;4410;290;2;1313
FR;4;2021-11-29;79;31;14;0;38;1075713;4441;304;2;1351
FR;4;2021-11-30;55;36;13;0;40;1075768;4477;317;2;1391
FR;4;2021-12-01;67;60;19;0;67;1075835;4537;336;2;1458
FR;4;2021-12-02;92;47;17;0;50;1075927;4584;353;2;1508
FR;4;2021-12-03;96;35;15;0;43;1076023;4619;368;2;1551
FR;4;2021-12-04;66;30;19;0;44;1076089;4649;387;2;1595
FR;4;2021-12-05;55;5;1;0;6;1076144;4654;388;2;1601
FR;4;2021-12-06;90;45;21;0;60;1076234;4699;409;2;1661
FR;4;2021-12-07;74;33;10;0;33;1076308;4732;419;2;1694
FR;4;2021-12-08;61;28;18;0;33;1076369;4760;437;2;1727
FR;4;2021-12-09;57;31;11;0;37;1076426;4791;448;2;1764
FR;4;2021-12-10;58;62;21;0;67;1076484;4853;469;2;1831
FR;4;2021-12-11;24;33;7;0;33;1076508;4886;476;2;1864
FR;4;2021-12-12;21;10;3;0;13;1076529;4896;479;2;1877
FR;4;2021-12-13;60;39;12;0;48;1076589;4935;491;2;1925
FR;4;2021-12-14;53;43;14;0;51;1076642;4978;505;2;1976
FR;4;2021-12-15;52;59;29;0;79;1076694;5037;534;2;2055
FR;4;2021-12-16;29;41;19;0;53;1076723;5078;553;2;2108
FR;4;2021-12-17;36;53;12;0;58;1076759;5131;565;2;2166
FR;4;2021-12-18;45;29;2;0;30;1076804;5160;567;2;2196
FR;4;2021-12-19;14;3;1;0;3;1076818;5163;568;2;2199
FR;4;2021-12-20;32;38;12;0;43;1076850;5201;580;2;2242
FR;4;2021-12-21;25;30;14;0;35;1076875;5231;594;2;2277
FR;4;2021-12-22;34;35;11;0;36;1076909;5266;605;2;2313
FR;4;2021-12-23;36;43;9;0;48;1076945;5309;614;2;2361
FR;4;2021-12-24;22;25;10;0;29;1076967;5334;624;2;2390
FR;4;2021-12-25;5;3;3;0;4;1076972;5337;627;2;2394
FR;4;2021-12-26;4;2;1;0;1;1076976;5339;628;2;2395
FR;4;2021-12-27;26;42;9;0;43;1077002;5381;637;2;2438
FR;4;2021-12-28;22;28;10;0;31;1077024;5409;647;2;2469
FR;4;2021-12-29;43;22;10;0;26;1077067;5431;657;2;2495
FR;4;2021-12-30;35;15;12;0;18;1077102;5446;669;2;2513
FR;4;2021-12-31;18;4;8;0;10;1077120;5450;677;2;2523
FR;4;2022-01-01;4;3;4;0;5;1077124;5453;681;2;2528
FR;4;2022-01-02;36;4;14;0;16;1077160;5457;695;2;2544
FR;4;2022-01-03;36;47;21;1;53;1077196;5504;716;3;2597
FR;4;2022-01-04;25;24;10;1;24;1077221;5528;726;4;2621
FR;4;2022-01-05;40;18;16;0;19;1077261;5546;742;4;2640
FR;4;2022-01-06;41;18;20;0;30;1077302;5564;762;4;2670
FR;4;2022-01-07;17;16;15;0;16;1077319;5580;777;4;2686
FR;4;2022-01-08;7;5;9;0;11;1077326;5585;786;4;2697
FR;4;2022-01-09;14;1;1;0;2;1077340;5586;787;4;2699
FR;4;2022-01-10;32;20;15;0;30;1077372;5606;802;4;2729
FR;4;2022-01-11;21;29;12;0;31;1077393;5635;814;4;2760
FR;4;2022-01-12;27;17;12;0;18;1077420;5652;826;4;2778
FR;4;2022-01-13;45;17;25;0;32;1077465;5669;851;4;2810
FR;4;2022-01-14;19;26;12;0;28;1077484;5695;863;4;2838
FR;4;2022-01-15;7;5;7;0;10;1077491;5700;870;4;2848
FR;4;2022-01-16;8;8;10;0;17;1077499;5708;880;4;2865
FR;4;2022-01-17;22;18;10;0;22;1077521;5726;890;4;2887
FR;4;2022-01-18;15;14;7;0;18;1077536;5740;897;4;2905
FR;4;2022-01-19;27;20;9;0;27;1077563;5760;906;4;2932
FR;4;2022-01-20;29;35;13;0;37;1077592;5795;919;4;2969
FR;4;2022-01-21;7;12;18;1;15;1077599;5807;937;5;2984
FR;4;2022-01-22;24;9;2;0;9;1077623;5816;939;5;2993
FR;4;2022-01-23;4;2;4;0;6;1077627;5818;943;5;2999
FR;4;2022-01-24;15;20;8;0;27;1077642;5838;951;5;3026
FR;4;2022-01-25;17;31;8;1;35;1077659;5869;959;6;3061
FR;4;2022-01-26;15;15;6;1;16;1077674;5884;965;7;3077
FR;4;2022-01-27;14;18;5;0;21;1077688;5902;970;7;3098
FR;4;2022-01-28;12;21;7;0;23;1077700;5923;977;7;3121
FR;4;2022-01-29;14;5;3;0;7;1077714;5928;980;7;3128
FR;4;2022-01-30;15;2;0;0;2;1077729;5930;980;7;3130
FR;4;2022-01-31;16;25;6;0;28;1077745;5955;986;7;3158
FR;4;2022-02-01;7;17;11;0;17;1077752;5972;997;7;3175
FR;4;2022-02-02;16;11;9;2;15;1077768;5983;1006;9;3190
FR;4;2022-02-03;10;20;9;0;22;1077778;6003;1015;9;3212
FR;4;2022-02-04;6;4;7;0;8;1077784;6007;1022;9;3220
FR;4;2022-02-05;6;14;1;0;13;1077790;6021;1023;9;3233
FR;4;2022-02-06;5;2;1;0;2;1077795;6023;1024;9;3235
FR;4;2022-02-07;8;17;6;0;17;1077803;6040;1030;9;3252
FR;4;2022-02-08;13;18;11;1;18;1077816;6058;1041;10;3270
FR;4;2022-02-09;13;11;7;0;14;1077829;6069;1048;10;3284
FR;4;2022-02-10;18;22;8;0;22;1077847;6091;1056;10;3306
FR;4;2022-02-11;17;14;7;0;18;1077864;6105;1063;10;3324
FR;4;2022-02-12;23;5;0;0;3;1077887;6110;1063;10;3327
FR;4;2022-02-13;7;2;2;0;4;1077894;6112;1065;10;3331
FR;4;2022-02-14;15;10;7;0;13;1077909;6122;1072;10;3344
FR;4;2022-02-15;13;7;0;0;6;1077922;6129;1072;10;3350
FR;4;2022-02-16;9;8;9;0;13;1077931;6137;1081;10;3363
FR;4;2022-02-17;7;2;4;0;4;1077938;6139;1085;10;3367
FR;4;2022-02-18;16;13;6;0;17;1077954;6152;1091;10;3384
FR;4;2022-02-19;15;1;1;0;2;1077969;6153;1092;10;3386
FR;4;2022-02-20;6;2;0;0;1;1077975;6155;1092;10;3387
FR;4;2022-02-21;22;3;2;0;3;1077997;6158;1094;10;3390
FR;4;2022-02-22;6;1;4;0;2;1078003;6159;1098;10;3392
FR;4;2022-02-23;15;6;6;0;6;1078018;6165;1104;10;3398
FR;4;2022-02-24;7;2;2;0;2;1078025;6167;1106;10;3400
FR;4;2022-02-25;14;4;6;0;4;1078039;6171;1112;10;3404
FR;4;2022-02-26;24;3;0;0;3;1078063;6174;1112;10;3407
FR;4;2022-02-27;8;0;0;0;0;1078071;6174;1112;10;3407
FR;4;2022-02-28;12;2;2;0;3;1078083;6176;1114;10;3410
FR;4;2022-03-01;4;2;7;0;3;1078087;6178;1121;10;3413
FR;4;2022-03-02;8;2;3;0;4;1078095;6180;1124;10;3417
FR;4;2022-03-03;10;2;1;0;1;1078105;6182;1125;10;3418
FR;4;2022-03-04;6;2;3;0;2;1078111;6184;1128;10;3420
FR;4;2022-03-05;8;1;0;0;1;1078119;6185;1128;10;3421
FR;4;2022-03-06;2;0;1;0;1;1078121;6185;1129;10;3422
FR;4;2022-03-07;8;4;1;0;3;1078129;6189;1130;10;3425
FR;4;2022-03-08;11;0;0;0;0;1078140;6189;1130;10;3425
FR;4;2022-03-09;7;2;0;0;1;1078147;6191;1130;10;3426
FR;4;2022-03-10;4;0;1;0;0;1078151;6191;1131;10;3426
FR;4;2022-03-11;6;1;4;0;0;1078157;6192;1135;10;3426
FR;4;2022-03-12;9;2;0;0;0;1078166;6194;1135;10;3426
FR;4;2022-03-13;4;0;0;0;0;1078170;6194;1135;10;3426
FR;4;2022-03-14;3;0;0;0;0;1078173;6194;1135;10;3426
FR;5;2020-12-27;0;0;0;0;0;0;0;0;0;0
FR;5;2020-12-28;0;0;0;0;0;0;0;0;0;0
FR;5;2020-12-29;0;0;0;0;0;0;0;0;0;0
FR;5;2020-12-30;0;0;0;0;0;0;0;0;0;0
FR;5;2020-12-31;0;0;0;0;0;0;0;0;0;0
FR;5;2021-01-01;0;0;0;0;0;0;0;0;0;0
FR;5;2021-01-02;0;0;0;0;0;0;0;0;0;0
FR;5;2021-01-03;0;0;0;0;0;0;0;0;0;0
FR;5;2021-01-04;0;0;0;0;0;0;0;0;0;0
FR;5;2021-01-05;0;0;0;0;0;0;0;0;0;0
FR;5;2021-01-06;0;0;0;0;0;0;0;0;0;0
FR;5;2021-01-07;0;0;0;0;0;0;0;0;0;0
FR;5;2021-01-08;0;0;0;0;0;0;0;0;0;0
FR;5;2021-01-09;0;0;0;0;0;0;0;0;0;0
FR;5;2021-01-10;0;0;0;0;0;0;0;0;0;0
FR;5;2021-01-11;0;0;0;0;0;0;0;0;0;0
FR;5;2021-01-12;0;0;0;0;0;0;0;0;0;0
FR;5;2021-01-13;0;0;0;0;0;0;0;0;0;0
FR;5;2021-01-14;0;0;0;0;0;0;0;0;0;0
FR;5;2021-01-15;0;0;0;0;0;0;0;0;0;0
FR;5;2021-01-16;0;0;0;0;0;0;0;0;0;0
FR;5;2021-01-17;0;0;0;0;0;0;0;0;0;0
FR;5;2021-01-18;0;0;0;0;0;0;0;0;0;0
FR;5;2021-01-19;0;0;0;0;0;0;0;0;0;0
FR;5;2021-01-20;0;0;0;0;0;0;0;0;0;0
FR;5;2021-01-21;0;0;0;0;0;0;0;0;0;0
FR;5;2021-01-22;0;0;0;0;0;0;0;0;0;0
FR;5;2021-01-23;0;0;0;0;0;0;0;0;0;0
FR;5;2021-01-24;0;0;0;0;0;0;0;0;0;0
FR;5;2021-01-25;0;0;0;0;0;0;0;0;0;0
FR;5;2021-01-26;0;0;0;0;0;0;0;0;0;0
FR;5;2021-01-27;0;0;0;0;0;0;0;0;0;0
FR;5;2021-01-28;0;0;0;0;0;0;0;0;0;0
FR;5;2021-01-29;0;0;0;0;0;0;0;0;0;0
FR;5;2021-01-30;0;0;0;0;0;0;0;0;0;0
FR;5;2021-01-31;0;0;0;0;0;0;0;0;0;0
FR;5;2021-02-01;0;0;0;0;0;0;0;0;0;0
FR;5;2021-02-02;0;0;0;0;0;0;0;0;0;0
FR;5;2021-02-03;0;0;0;0;0;0;0;0;0;0
FR;5;2021-02-04;0;0;0;0;0;0;0;0;0;0
FR;5;2021-02-05;0;0;0;0;0;0;0;0;0;0
FR;5;2021-02-06;0;0;0;0;0;0;0;0;0;0
FR;5;2021-02-07;0;0;0;0;0;0;0;0;0;0
FR;5;2021-02-08;0;0;0;0;0;0;0;0;0;0
FR;5;2021-02-09;0;0;0;0;0;0;0;0;0;0
FR;5;2021-02-10;0;0;0;0;0;0;0;0;0;0
FR;5;2021-02-11;0;0;0;0;0;0;0;0;0;0
FR;5;2021-02-12;0;0;0;0;0;0;0;0;0;0
FR;5;2021-02-13;0;0;0;0;0;0;0;0;0;0
FR;5;2021-02-14;0;0;0;0;0;0;0;0;0;0
FR;5;2021-02-15;0;0;0;0;0;0;0;0;0;0
FR;5;2021-02-16;0;0;0;0;0;0;0;0;0;0
FR;5;2021-02-17;0;0;0;0;0;0;0;0;0;0
FR;5;2021-02-18;0;0;0;0;0;0;0;0;0;0
FR;5;2021-02-19;0;0;0;0;0;0;0;0;0;0
FR;5;2021-02-20;0;0;0;0;0;0;0;0;0;0
FR;5;2021-02-21;0;0;0;0;0;0;0;0;0;0
FR;5;2021-02-22;0;0;0;0;0;0;0;0;0;0
FR;5;2021-02-23;0;0;0;0;0;0;0;0;0;0
FR;5;2021-02-24;0;0;0;0;0;0;0;0;0;0
FR;5;2021-02-25;0;0;0;0;0;0;0;0;0;0
FR;5;2021-02-26;0;0;0;0;0;0;0;0;0;0
FR;5;2021-02-27;0;0;0;0;0;0;0;0;0;0
FR;5;2021-02-28;0;0;0;0;0;0;0;0;0;0
FR;5;2021-03-01;0;0;0;0;0;0;0;0;0;0
FR;5;2021-03-02;0;0;0;0;0;0;0;0;0;0
FR;5;2021-03-03;0;0;0;0;0;0;0;0;0;0
FR;5;2021-03-04;0;0;0;0;0;0;0;0;0;0
FR;5;2021-03-05;0;0;0;0;0;0;0;0;0;0
FR;5;2021-03-06;0;0;0;0;0;0;0;0;0;0
FR;5;2021-03-07;0;0;0;0;0;0;0;0;0;0
FR;5;2021-03-08;0;0;0;0;0;0;0;0;0;0
FR;5;2021-03-09;0;0;0;0;0;0;0;0;0;0
FR;5;2021-03-10;0;0;0;0;0;0;0;0;0;0
FR;5;2021-03-11;0;0;0;0;0;0;0;0;0;0
FR;5;2021-03-12;0;0;0;0;0;0;0;0;0;0
FR;5;2021-03-13;0;0;0;0;0;0;0;0;0;0
FR;5;2021-03-14;0;0;0;0;0;0;0;0;0;0
FR;5;2021-03-15;0;0;0;0;0;0;0;0;0;0
FR;5;2021-03-16;0;0;0;0;0;0;0;0;0;0
FR;5;2021-03-17;0;0;0;0;0;0;0;0;0;0
FR;5;2021-03-18;0;0;0;0;0;0;0;0;0;0
FR;5;2021-03-19;0;0;0;0;0;0;0;0;0;0
FR;5;2021-03-20;0;0;0;0;0;0;0;0;0;0
FR;5;2021-03-21;0;0;0;0;0;0;0;0;0;0
FR;5;2021-03-22;0;0;0;0;0;0;0;0;0;0
FR;5;2021-03-23;0;0;0;0;0;0;0;0;0;0
FR;5;2021-03-24;0;0;0;0;0;0;0;0;0;0
FR;5;2021-03-25;0;0;0;0;0;0;0;0;0;0
FR;5;2021-03-26;0;0;0;0;0;0;0;0;0;0
FR;5;2021-03-27;0;0;0;0;0;0;0;0;0;0
FR;5;2021-03-28;0;0;0;0;0;0;0;0;0;0
FR;5;2021-03-29;0;0;0;0;0;0;0;0;0;0
FR;5;2021-03-30;0;0;0;0;0;0;0;0;0;0
FR;5;2021-03-31;0;0;0;0;0;0;0;0;0;0
FR;5;2021-04-01;0;0;0;0;0;0;0;0;0;0
FR;5;2021-04-02;0;0;0;0;0;0;0;0;0;0
FR;5;2021-04-03;0;0;0;0;0;0;0;0;0;0
FR;5;2021-04-04;0;0;0;0;0;0;0;0;0;0
FR;5;2021-04-05;0;0;0;0;0;0;0;0;0;0
FR;5;2021-04-06;0;0;0;0;0;0;0;0;0;0
FR;5;2021-04-07;0;0;0;0;0;0;0;0;0;0
FR;5;2021-04-08;0;0;0;0;0;0;0;0;0;0
FR;5;2021-04-09;0;0;0;0;0;0;0;0;0;0
FR;5;2021-04-10;0;0;0;0;0;0;0;0;0;0
FR;5;2021-04-11;0;0;0;0;0;0;0;0;0;0
FR;5;2021-04-12;0;0;0;0;0;0;0;0;0;0
FR;5;2021-04-13;0;0;0;0;0;0;0;0;0;0
FR;5;2021-04-14;0;0;0;0;0;0;0;0;0;0
FR;5;2021-04-15;0;0;0;0;0;0;0;0;0;0
FR;5;2021-04-16;0;0;0;0;0;0;0;0;0;0
FR;5;2021-04-17;0;0;0;0;0;0;0;0;0;0
FR;5;2021-04-18;0;0;0;0;0;0;0;0;0;0
FR;5;2021-04-19;0;0;0;0;0;0;0;0;0;0
FR;5;2021-04-20;0;0;0;0;0;0;0;0;0;0
FR;5;2021-04-21;0;0;0;0;0;0;0;0;0;0
FR;5;2021-04-22;0;0;0;0;0;0;0;0;0;0
FR;5;2021-04-23;0;0;0;0;0;0;0;0;0;0
FR;5;2021-04-24;0;0;0;0;0;0;0;0;0;0
FR;5;2021-04-25;0;0;0;0;0;0;0;0;0;0
FR;5;2021-04-26;0;0;0;0;0;0;0;0;0;0
FR;5;2021-04-27;0;0;0;0;0;0;0;0;0;0
FR;5;2021-04-28;0;0;0;0;0;0;0;0;0;0
FR;5;2021-04-29;0;0;0;0;0;0;0;0;0;0
FR;5;2021-04-30;0;0;0;0;0;0;0;0;0;0
FR;5;2021-05-01;0;0;0;0;0;0;0;0;0;0
FR;5;2021-05-02;0;0;0;0;0;0;0;0;0;0
FR;5;2021-05-03;0;0;0;0;0;0;0;0;0;0
FR;5;2021-05-04;0;0;0;0;0;0;0;0;0;0
FR;5;2021-05-05;0;0;0;0;0;0;0;0;0;0
FR;5;2021-05-06;0;0;0;0;0;0;0;0;0;0
FR;5;2021-05-07;0;0;0;0;0;0;0;0;0;0
FR;5;2021-05-08;0;0;0;0;0;0;0;0;0;0
FR;5;2021-05-09;0;0;0;0;0;0;0;0;0;0
FR;5;2021-05-10;0;0;0;0;0;0;0;0;0;0
FR;5;2021-05-11;0;0;0;0;0;0;0;0;0;0
FR;5;2021-05-12;0;0;0;0;0;0;0;0;0;0
FR;5;2021-05-13;0;0;0;0;0;0;0;0;0;0
FR;5;2021-05-14;0;0;0;0;0;0;0;0;0;0
FR;5;2021-05-15;0;0;0;0;0;0;0;0;0;0
FR;5;2021-05-16;0;0;0;0;0;0;0;0;0;0
FR;5;2021-05-17;0;0;0;0;0;0;0;0;0;0
FR;5;2021-05-18;0;0;0;0;0;0;0;0;0;0
FR;5;2021-05-19;0;0;0;0;0;0;0;0;0;0
FR;5;2021-05-20;0;0;0;0;0;0;0;0;0;0
FR;5;2021-05-21;0;0;0;0;0;0;0;0;0;0
FR;5;2021-05-22;0;0;0;0;0;0;0;0;0;0
FR;5;2021-05-23;0;0;0;0;0;0;0;0;0;0
FR;5;2021-05-24;0;0;0;0;0;0;0;0;0;0
FR;5;2021-05-25;0;0;0;0;0;0;0;0;0;0
FR;5;2021-05-26;0;0;0;0;0;0;0;0;0;0
FR;5;2021-05-27;0;0;0;0;0;0;0;0;0;0
FR;5;2021-05-28;0;0;0;0;0;0;0;0;0;0
FR;5;2021-05-29;0;0;0;0;0;0;0;0;0;0
FR;5;2021-05-30;0;0;0;0;0;0;0;0;0;0
FR;5;2021-05-31;0;0;0;0;0;0;0;0;0;0
FR;5;2021-06-01;0;0;0;0;0;0;0;0;0;0
FR;5;2021-06-02;0;0;0;0;0;0;0;0;0;0
FR;5;2021-06-03;0;0;0;0;0;0;0;0;0;0
FR;5;2021-06-04;0;0;0;0;0;0;0;0;0;0
FR;5;2021-06-05;0;0;0;0;0;0;0;0;0;0
FR;5;2021-06-06;0;0;0;0;0;0;0;0;0;0
FR;5;2021-06-07;0;0;0;0;0;0;0;0;0;0
FR;5;2021-06-08;0;0;0;0;0;0;0;0;0;0
FR;5;2021-06-09;0;0;0;0;0;0;0;0;0;0
FR;5;2021-06-10;0;0;0;0;0;0;0;0;0;0
FR;5;2021-06-11;0;0;0;0;0;0;0;0;0;0
FR;5;2021-06-12;0;0;0;0;0;0;0;0;0;0
FR;5;2021-06-13;0;0;0;0;0;0;0;0;0;0
FR;5;2021-06-14;0;0;0;0;0;0;0;0;0;0
FR;5;2021-06-15;0;0;0;0;0;0;0;0;0;0
FR;5;2021-06-16;0;0;0;0;0;0;0;0;0;0
FR;5;2021-06-17;0;0;0;0;0;0;0;0;0;0
FR;5;2021-06-18;0;0;0;0;0;0;0;0;0;0
FR;5;2021-06-19;0;0;0;0;0;0;0;0;0;0
FR;5;2021-06-20;0;0;0;0;0;0;0;0;0;0
FR;5;2021-06-21;0;0;0;0;0;0;0;0;0;0
FR;5;2021-06-22;0;0;0;0;0;0;0;0;0;0
FR;5;2021-06-23;0;0;0;0;0;0;0;0;0;0
FR;5;2021-06-24;0;0;0;0;0;0;0;0;0;0
FR;5;2021-06-25;0;0;0;0;0;0;0;0;0;0
FR;5;2021-06-26;0;0;0;0;0;0;0;0;0;0
FR;5;2021-06-27;0;0;0;0;0;0;0;0;0;0
FR;5;2021-06-28;0;0;0;0;0;0;0;0;0;0
FR;5;2021-06-29;0;0;0;0;0;0;0;0;0;0
FR;5;2021-06-30;0;0;0;0;0;0;0;0;0;0
FR;5;2021-07-01;0;0;0;0;0;0;0;0;0;0
FR;5;2021-07-02;0;0;0;0;0;0;0;0;0;0
FR;5;2021-07-03;0;0;0;0;0;0;0;0;0;0
FR;5;2021-07-04;0;0;0;0;0;0;0;0;0;0
FR;5;2021-07-05;0;0;0;0;0;0;0;0;0;0
FR;5;2021-07-06;0;0;0;0;0;0;0;0;0;0
FR;5;2021-07-07;0;0;0;0;0;0;0;0;0;0
FR;5;2021-07-08;0;0;0;0;0;0;0;0;0;0
FR;5;2021-07-09;0;0;0;0;0;0;0;0;0;0
FR;5;2021-07-10;0;0;0;0;0;0;0;0;0;0
FR;5;2021-07-11;0;0;0;0;0;0;0;0;0;0
FR;5;2021-07-12;0;0;0;0;0;0;0;0;0;0
FR;5;2021-07-13;0;0;0;0;0;0;0;0;0;0
FR;5;2021-07-14;0;0;0;0;0;0;0;0;0;0
FR;5;2021-07-15;0;0;0;0;0;0;0;0;0;0
FR;5;2021-07-16;0;0;0;0;0;0;0;0;0;0
FR;5;2021-07-17;0;0;0;0;0;0;0;0;0;0
FR;5;2021-07-18;0;0;0;0;0;0;0;0;0;0
FR;5;2021-07-19;0;0;0;0;0;0;0;0;0;0
FR;5;2021-07-20;0;0;0;0;0;0;0;0;0;0
FR;5;2021-07-21;0;0;0;0;0;0;0;0;0;0
FR;5;2021-07-22;0;0;0;0;0;0;0;0;0;0
FR;5;2021-07-23;0;0;0;0;0;0;0;0;0;0
FR;5;2021-07-24;0;0;0;0;0;0;0;0;0;0
FR;5;2021-07-25;0;0;0;0;0;0;0;0;0;0
FR;5;2021-07-26;0;0;0;0;0;0;0;0;0;0
FR;5;2021-07-27;0;0;0;0;0;0;0;0;0;0
FR;5;2021-07-28;0;0;0;0;0;0;0;0;0;0
FR;5;2021-07-29;0;0;0;0;0;0;0;0;0;0
FR;5;2021-07-30;0;0;0;0;0;0;0;0;0;0
FR;5;2021-07-31;0;0;0;0;0;0;0;0;0;0
FR;5;2021-08-01;0;0;0;0;0;0;0;0;0;0
FR;5;2021-08-02;0;0;0;0;0;0;0;0;0;0
FR;5;2021-08-03;0;0;0;0;0;0;0;0;0;0
FR;5;2021-08-04;0;0;0;0;0;0;0;0;0;0
FR;5;2021-08-05;0;0;0;0;0;0;0;0;0;0
FR;5;2021-08-06;0;0;0;0;0;0;0;0;0;0
FR;5;2021-08-07;0;0;0;0;0;0;0;0;0;0
FR;5;2021-08-08;0;0;0;0;0;0;0;0;0;0
FR;5;2021-08-09;0;0;0;0;0;0;0;0;0;0
FR;5;2021-08-10;0;0;0;0;0;0;0;0;0;0
FR;5;2021-08-11;0;0;0;0;0;0;0;0;0;0
FR;5;2021-08-12;0;0;0;0;0;0;0;0;0;0
FR;5;2021-08-13;0;0;0;0;0;0;0;0;0;0
FR;5;2021-08-14;0;0;0;0;0;0;0;0;0;0
FR;5;2021-08-15;0;0;0;0;0;0;0;0;0;0
FR;5;2021-08-16;0;0;0;0;0;0;0;0;0;0
FR;5;2021-08-17;0;0;0;0;0;0;0;0;0;0
FR;5;2021-08-18;0;0;0;0;0;0;0;0;0;0
FR;5;2021-08-19;0;0;0;0;0;0;0;0;0;0
FR;5;2021-08-20;0;0;0;0;0;0;0;0;0;0
FR;5;2021-08-21;0;0;0;0;0;0;0;0;0;0
FR;5;2021-08-22;0;0;0;0;0;0;0;0;0;0
FR;5;2021-08-23;0;0;0;0;0;0;0;0;0;0
FR;5;2021-08-24;0;0;0;0;0;0;0;0;0;0
FR;5;2021-08-25;0;0;0;0;0;0;0;0;0;0
FR;5;2021-08-26;0;0;0;0;0;0;0;0;0;0
FR;5;2021-08-27;0;0;0;0;0;0;0;0;0;0
FR;5;2021-08-28;0;0;0;0;0;0;0;0;0;0
FR;5;2021-08-29;0;0;0;0;0;0;0;0;0;0
FR;5;2021-08-30;0;0;0;0;0;0;0;0;0;0
FR;5;2021-08-31;0;0;0;0;0;0;0;0;0;0
FR;5;2021-09-01;0;0;0;0;0;0;0;0;0;0
FR;5;2021-09-02;0;0;0;0;0;0;0;0;0;0
FR;5;2021-09-03;0;0;0;0;0;0;0;0;0;0
FR;5;2021-09-04;0;0;0;0;0;0;0;0;0;0
FR;5;2021-09-05;0;0;0;0;0;0;0;0;0;0
FR;5;2021-09-06;0;0;0;0;0;0;0;0;0;0
FR;5;2021-09-07;0;0;0;0;0;0;0;0;0;0
FR;5;2021-09-08;0;0;0;0;0;0;0;0;0;0
FR;5;2021-09-09;0;0;0;0;0;0;0;0;0;0
FR;5;2021-09-10;0;0;0;0;0;0;0;0;0;0
FR;5;2021-09-11;0;0;0;0;0;0;0;0;0;0
FR;5;2021-09-12;0;0;0;0;0;0;0;0;0;0
FR;5;2021-09-13;0;0;0;0;0;0;0;0;0;0
FR;5;2021-09-14;0;0;0;0;0;0;0;0;0;0
FR;5;2021-09-15;0;0;0;0;0;0;0;0;0;0
FR;5;2021-09-16;0;0;0;0;0;0;0;0;0;0
FR;5;2021-09-17;0;0;0;0;0;0;0;0;0;0
FR;5;2021-09-18;0;0;0;0;0;0;0;0;0;0
FR;5;2021-09-19;0;0;0;0;0;0;0;0;0;0
FR;5;2021-09-20;0;0;0;0;0;0;0;0;0;0
FR;5;2021-09-21;0;0;0;0;0;0;0;0;0;0
FR;5;2021-09-22;0;0;0;0;0;0;0;0;0;0
FR;5;2021-09-23;0;0;0;0;0;0;0;0;0;0
FR;5;2021-09-24;0;0;0;0;0;0;0;0;0;0
FR;5;2021-09-25;0;0;0;0;0;0;0;0;0;0
FR;5;2021-09-26;0;0;0;0;0;0;0;0;0;0
FR;5;2021-09-27;0;0;0;0;0;0;0;0;0;0
FR;5;2021-09-28;0;0;0;0;0;0;0;0;0;0
FR;5;2021-09-29;0;0;0;0;0;0;0;0;0;0
FR;5;2021-09-30;0;0;0;0;0;0;0;0;0;0
FR;5;2021-10-01;0;0;0;0;0;0;0;0;0;0
FR;5;2021-10-02;0;0;0;0;0;0;0;0;0;0
FR;5;2021-10-03;0;0;0;0;0;0;0;0;0;0
FR;5;2021-10-04;0;0;0;0;0;0;0;0;0;0
FR;5;2021-10-05;0;0;0;0;0;0;0;0;0;0
FR;5;2021-10-06;0;0;0;0;0;0;0;0;0;0
FR;5;2021-10-07;0;0;0;0;0;0;0;0;0;0
FR;5;2021-10-08;0;0;0;0;0;0;0;0;0;0
FR;5;2021-10-09;0;0;0;0;0;0;0;0;0;0
FR;5;2021-10-10;0;0;0;0;0;0;0;0;0;0
FR;5;2021-10-11;0;0;0;0;0;0;0;0;0;0
FR;5;2021-10-12;0;0;0;0;0;0;0;0;0;0
FR;5;2021-10-13;0;0;0;0;0;0;0;0;0;0
FR;5;2021-10-14;0;0;0;0;0;0;0;0;0;0
FR;5;2021-10-15;0;0;0;0;0;0;0;0;0;0
FR;5;2021-10-16;0;0;0;0;0;0;0;0;0;0
FR;5;2021-10-17;0;0;0;0;0;0;0;0;0;0
FR;5;2021-10-18;0;0;0;0;0;0;0;0;0;0
FR;5;2021-10-19;0;0;0;0;0;0;0;0;0;0
FR;5;2021-10-20;0;0;0;0;0;0;0;0;0;0
FR;5;2021-10-21;0;0;0;0;0;0;0;0;0;0
FR;5;2021-10-22;0;0;0;0;0;0;0;0;0;0
FR;5;2021-10-23;0;0;0;0;0;0;0;0;0;0
FR;5;2021-10-24;0;0;0;0;0;0;0;0;0;0
FR;5;2021-10-25;0;0;0;0;0;0;0;0;0;0
FR;5;2021-10-26;0;0;0;0;0;0;0;0;0;0
FR;5;2021-10-27;0;0;0;0;0;0;0;0;0;0
FR;5;2021-10-28;0;0;0;0;0;0;0;0;0;0
FR;5;2021-10-29;0;0;0;0;0;0;0;0;0;0
FR;5;2021-10-30;0;0;0;0;0;0;0;0;0;0
FR;5;2021-10-31;0;0;0;0;0;0;0;0;0;0
FR;5;2021-11-01;0;0;0;0;0;0;0;0;0;0
FR;5;2021-11-02;0;0;0;0;0;0;0;0;0;0
FR;5;2021-11-03;0;0;0;0;0;0;0;0;0;0
FR;5;2021-11-04;0;0;0;0;0;0;0;0;0;0
FR;5;2021-11-05;0;0;0;0;0;0;0;0;0;0
FR;5;2021-11-06;0;0;0;0;0;0;0;0;0;0
FR;5;2021-11-07;0;0;0;0;0;0;0;0;0;0
FR;5;2021-11-08;0;0;0;0;0;0;0;0;0;0
FR;5;2021-11-09;0;0;0;0;0;0;0;0;0;0
FR;5;2021-11-10;0;0;0;0;0;0;0;0;0;0
FR;5;2021-11-11;0;0;0;0;0;0;0;0;0;0
FR;5;2021-11-12;0;0;0;0;0;0;0;0;0;0
FR;5;2021-11-13;0;0;0;0;0;0;0;0;0;0
FR;5;2021-11-14;0;0;0;0;0;0;0;0;0;0
FR;5;2021-11-15;0;0;0;0;0;0;0;0;0;0
FR;5;2021-11-16;0;0;0;0;0;0;0;0;0;0
FR;5;2021-11-17;0;0;0;0;0;0;0;0;0;0
FR;5;2021-11-18;0;0;0;0;0;0;0;0;0;0
FR;5;2021-11-19;0;0;0;0;0;0;0;0;0;0
FR;5;2021-11-20;0;0;0;0;0;0;0;0;0;0
FR;5;2021-11-21;0;0;0;0;0;0;0;0;0;0
FR;5;2021-11-22;0;0;0;0;0;0;0;0;0;0
FR;5;2021-11-23;0;0;0;0;0;0;0;0;0;0
FR;5;2021-11-24;0;0;0;0;0;0;0;0;0;0
FR;5;2021-11-25;0;0;0;0;0;0;0;0;0;0
FR;5;2021-11-26;0;0;0;0;0;0;0;0;0;0
FR;5;2021-11-27;0;0;0;0;0;0;0;0;0;0
FR;5;2021-11-28;0;0;0;0;0;0;0;0;0;0
FR;5;2021-11-29;0;0;0;0;0;0;0;0;0;0
FR;5;2021-11-30;0;0;0;0;0;0;0;0;0;0
FR;5;2021-12-01;0;0;0;0;0;0;0;0;0;0
FR;5;2021-12-02;0;0;0;0;0;0;0;0;0;0
FR;5;2021-12-03;0;0;0;0;0;0;0;0;0;0
FR;5;2021-12-04;0;0;0;0;0;0;0;0;0;0
FR;5;2021-12-05;0;0;0;0;0;0;0;0;0;0
FR;5;2021-12-06;0;0;0;0;0;0;0;0;0;0
FR;5;2021-12-07;0;0;0;0;0;0;0;0;0;0
FR;5;2021-12-08;0;0;0;0;0;0;0;0;0;0
FR;5;2021-12-09;0;0;0;0;0;0;0;0;0;0
FR;5;2021-12-10;0;0;0;0;0;0;0;0;0;0
FR;5;2021-12-11;0;0;0;0;0;0;0;0;0;0
FR;5;2021-12-12;0;0;0;0;0;0;0;0;0;0
FR;5;2021-12-13;0;0;0;0;0;0;0;0;0;0
FR;5;2021-12-14;25;45;77;0;88;25;45;77;0;88
FR;5;2021-12-15;196;44;37;0;49;221;89;114;0;137
FR;5;2021-12-16;180;21;44;0;48;401;110;158;0;185
FR;5;2021-12-17;311;16;72;0;74;712;126;230;0;259
FR;5;2021-12-18;763;24;22;0;29;1475;150;252;0;288
FR;5;2021-12-19;586;15;15;0;17;2061;165;267;0;305
FR;5;2021-12-20;1216;31;35;0;38;3277;196;302;0;343
FR;5;2021-12-21;1534;22;54;1;60;4811;218;356;1;403
FR;5;2021-12-22;4067;40;37;0;46;8878;258;393;1;449
FR;5;2021-12-23;3041;16;21;0;25;11919;274;414;1;474
FR;5;2021-12-24;760;18;9;0;15;12679;292;423;1;489
FR;5;2021-12-25;61;5;1;0;2;12740;297;424;1;491
FR;5;2021-12-26;623;6;3;0;4;13363;303;427;1;495
FR;5;2021-12-27;4080;25;21;0;23;17443;328;448;1;518
FR;5;2021-12-28;5199;22;41;1;42;22642;350;489;2;560
FR;5;2021-12-29;8101;34;65;2;68;30743;384;554;4;628
FR;5;2021-12-30;5171;19;33;0;39;35914;403;587;4;667
FR;5;2021-12-31;1553;8;10;0;11;37467;411;597;4;678
FR;5;2022-01-01;182;1;2;0;2;37649;412;599;4;680
FR;5;2022-01-02;1489;1;1;0;1;39138;413;600;4;681
FR;5;2022-01-03;3054;33;33;0;32;42192;446;633;4;713
FR;5;2022-01-04;3034;39;33;0;42;45226;485;666;4;755
FR;5;2022-01-05;19305;202;97;1;107;64531;687;763;5;862
FR;5;2022-01-06;3740;133;122;0;142;68271;820;885;5;1004
FR;5;2022-01-07;5005;199;48;2;56;73276;1019;933;7;1060
FR;5;2022-01-08;13650;514;45;0;52;86926;1533;978;7;1112
FR;5;2022-01-09;5755;398;15;0;20;92681;1931;993;7;1132
FR;5;2022-01-10;3453;328;25;0;29;96134;2259;1018;7;1161
FR;5;2022-01-11;3667;284;38;0;41;99801;2543;1056;7;1202
FR;5;2022-01-12;22648;3004;90;0;113;122449;5547;1146;7;1315
FR;5;2022-01-13;4031;624;30;0;32;126480;6171;1176;7;1347
FR;5;2022-01-14;4842;581;43;0;50;131322;6752;1219;7;1397
FR;5;2022-01-15;14674;1747;39;3;50;145996;8499;1258;10;1447
FR;5;2022-01-16;4728;666;3;0;5;150724;9165;1261;10;1452
FR;5;2022-01-17;2296;716;26;0;29;153020;9881;1287;10;1481
FR;5;2022-01-18;2429;869;30;0;40;155449;10750;1317;10;1521
FR;5;2022-01-19;18477;6419;74;2;142;173926;17169;1391;12;1663
FR;5;2022-01-20;1918;1069;24;0;33;175844;18238;1415;12;1696
FR;5;2022-01-21;3077;1370;47;1;59;178921;19608;1462;13;1755
FR;5;2022-01-22;10719;3453;33;1;43;189640;23061;1495;14;1798
FR;5;2022-01-23;2627;1413;5;0;8;192267;24474;1500;14;1806
FR;5;2022-01-24;1158;1342;19;0;23;193425;25816;1519;14;1829
FR;5;2022-01-25;1220;1548;19;2;29;194645;27364;1538;16;1858
FR;5;2022-01-26;10744;12011;50;1;89;205389;39375;1588;17;1947
FR;5;2022-01-27;1290;1689;10;0;17;206679;41064;1598;17;1964
FR;5;2022-01-28;1696;3345;16;0;19;208375;44409;1614;17;1983
FR;5;2022-01-29;6237;8042;68;0;96;214612;52451;1682;17;2079
FR;5;2022-01-30;1509;2950;5;0;18;216121;55401;1687;17;2097
FR;5;2022-01-31;586;1772;23;0;24;216707;57173;1710;17;2121
FR;5;2022-02-01;707;1701;10;0;15;217414;58874;1720;17;2136
FR;5;2022-02-02;6948;15652;52;0;94;224362;74526;1772;17;2230
FR;5;2022-02-03;485;1688;13;0;11;224847;76214;1785;17;2241
FR;5;2022-02-04;937;3001;19;0;31;225784;79215;1804;17;2272
FR;5;2022-02-05;3530;8914;23;0;37;229314;88129;1827;17;2309
FR;5;2022-02-06;735;2397;9;0;18;230049;90526;1836;17;2327
FR;5;2022-02-07;878;1595;22;0;24;230927;92121;1858;17;2351
FR;5;2022-02-08;719;1283;18;0;19;231646;93404;1876;17;2370
FR;5;2022-02-09;4532;12874;44;0;76;236178;106278;1920;17;2446
FR;5;2022-02-10;644;1057;13;0;14;236822;107335;1933;17;2460
FR;5;2022-02-11;792;2026;16;0;20;237614;109361;1949;17;2480
FR;5;2022-02-12;2283;6809;32;0;52;239897;116170;1981;17;2532
FR;5;2022-02-13;463;1539;8;0;8;240360;117709;1989;17;2540
FR;5;2022-02-14;675;1287;10;0;13;241035;118996;1999;17;2553
FR;5;2022-02-15;481;883;9;0;14;241516;119879;2008;17;2567
FR;5;2022-02-16;2970;9119;41;1;58;244486;128998;2049;18;2625
FR;5;2022-02-17;434;803;6;0;7;244920;129801;2055;18;2632
FR;5;2022-02-18;648;1407;13;0;17;245568;131208;2068;18;2649
FR;5;2022-02-19;1367;4313;16;0;28;246935;135521;2084;18;2677
FR;5;2022-02-20;244;879;6;0;8;247179;136400;2090;18;2685
FR;5;2022-02-21;218;605;2;0;4;247397;137005;2092;18;2689
FR;5;2022-02-22;258;544;17;0;17;247655;137549;2109;18;2706
FR;5;2022-02-23;1903;6917;22;1;41;249558;144466;2131;19;2747
FR;5;2022-02-24;181;371;5;1;5;249739;144837;2136;20;2752
FR;5;2022-02-25;333;946;13;0;12;250072;145783;2149;20;2764
FR;5;2022-02-26;964;3064;10;0;14;251036;148847;2159;20;2778
FR;5;2022-02-27;145;506;0;0;3;251181;149353;2159;20;2781
FR;5;2022-02-28;159;366;1;0;1;251340;149719;2160;20;2782
FR;5;2022-03-01;122;278;6;0;7;251462;149997;2166;20;2789
FR;5;2022-03-02;1227;4140;28;4;39;252689;154137;2194;24;2828
FR;5;2022-03-03;117;247;6;0;8;252806;154384;2200;24;2836
FR;5;2022-03-04;192;481;13;0;13;252998;154865;2213;24;2849
FR;5;2022-03-05;669;1990;8;0;16;253667;156855;2221;24;2865
FR;5;2022-03-06;107;261;0;0;1;253774;157116;2221;24;2866
FR;5;2022-03-07;69;228;3;0;3;253843;157344;2224;24;2869
FR;5;2022-03-08;45;126;7;1;7;253888;157470;2231;25;2876
FR;5;2022-03-09;888;3074;23;0;35;254776;160544;2254;25;2911
FR;5;2022-03-10;81;199;6;0;9;254857;160743;2260;25;2920
FR;5;2022-03-11;143;362;14;1;15;255000;161105;2274;26;2935
FR;5;2022-03-12;752;1606;12;1;28;255752;162711;2286;27;2963
FR;5;2022-03-13;75;99;0;0;0;255827;162810;2286;27;2963
FR;5;2022-03-14;67;114;5;1;5;255894;162924;2291;28;2968
FR;6;2020-12-27;0;0;0;0;0;0;0;0;0;0
FR;6;2020-12-28;0;0;0;0;0;0;0;0;0;0
FR;6;2020-12-29;0;0;0;0;0;0;0;0;0;0
FR;6;2020-12-30;0;0;0;0;0;0;0;0;0;0
FR;6;2020-12-31;0;0;0;0;0;0;0;0;0;0
FR;6;2021-01-01;0;0;0;0;0;0;0;0;0;0
FR;6;2021-01-02;0;0;0;0;0;0;0;0;0;0
FR;6;2021-01-03;0;0;0;0;0;0;0;0;0;0
FR;6;2021-01-04;0;0;0;0;0;0;0;0;0;0
FR;6;2021-01-05;0;0;0;0;0;0;0;0;0;0
FR;6;2021-01-06;0;0;0;0;0;0;0;0;0;0
FR;6;2021-01-07;0;0;0;0;0;0;0;0;0;0
FR;6;2021-01-08;0;0;0;0;0;0;0;0;0;0
FR;6;2021-01-09;0;0;0;0;0;0;0;0;0;0
FR;6;2021-01-10;0;0;0;0;0;0;0;0;0;0
FR;6;2021-01-11;0;0;0;0;0;0;0;0;0;0
FR;6;2021-01-12;0;0;0;0;0;0;0;0;0;0
FR;6;2021-01-13;0;0;0;0;0;0;0;0;0;0
FR;6;2021-01-14;0;0;0;0;0;0;0;0;0;0
FR;6;2021-01-15;0;0;0;0;0;0;0;0;0;0
FR;6;2021-01-16;0;0;0;0;0;0;0;0;0;0
FR;6;2021-01-17;0;0;0;0;0;0;0;0;0;0
FR;6;2021-01-18;0;0;0;0;0;0;0;0;0;0
FR;6;2021-01-19;0;0;0;0;0;0;0;0;0;0
FR;6;2021-01-20;0;0;0;0;0;0;0;0;0;0
FR;6;2021-01-21;0;0;0;0;0;0;0;0;0;0
FR;6;2021-01-22;0;0;0;0;0;0;0;0;0;0
FR;6;2021-01-23;0;0;0;0;0;0;0;0;0;0
FR;6;2021-01-24;0;0;0;0;0;0;0;0;0;0
FR;6;2021-01-25;0;0;0;0;0;0;0;0;0;0
FR;6;2021-01-26;0;0;0;0;0;0;0;0;0;0
FR;6;2021-01-27;0;0;0;0;0;0;0;0;0;0
FR;6;2021-01-28;0;0;0;0;0;0;0;0;0;0
FR;6;2021-01-29;0;0;0;0;0;0;0;0;0;0
FR;6;2021-01-30;0;0;0;0;0;0;0;0;0;0
FR;6;2021-01-31;0;0;0;0;0;0;0;0;0;0
FR;6;2021-02-01;0;0;0;0;0;0;0;0;0;0
FR;6;2021-02-02;0;0;0;0;0;0;0;0;0;0
FR;6;2021-02-03;0;0;0;0;0;0;0;0;0;0
FR;6;2021-02-04;0;0;0;0;0;0;0;0;0;0
FR;6;2021-02-05;0;0;0;0;0;0;0;0;0;0
FR;6;2021-02-06;0;0;0;0;0;0;0;0;0;0
FR;6;2021-02-07;0;0;0;0;0;0;0;0;0;0
FR;6;2021-02-08;0;0;0;0;0;0;0;0;0;0
FR;6;2021-02-09;0;0;0;0;0;0;0;0;0;0
FR;6;2021-02-10;0;0;0;0;0;0;0;0;0;0
FR;6;2021-02-11;0;0;0;0;0;0;0;0;0;0
FR;6;2021-02-12;0;0;0;0;0;0;0;0;0;0
FR;6;2021-02-13;0;0;0;0;0;0;0;0;0;0
FR;6;2021-02-14;0;0;0;0;0;0;0;0;0;0
FR;6;2021-02-15;0;0;0;0;0;0;0;0;0;0
FR;6;2021-02-16;0;0;0;0;0;0;0;0;0;0
FR;6;2021-02-17;0;0;0;0;0;0;0;0;0;0
FR;6;2021-02-18;0;0;0;0;0;0;0;0;0;0
FR;6;2021-02-19;0;0;0;0;0;0;0;0;0;0
FR;6;2021-02-20;0;0;0;0;0;0;0;0;0;0
FR;6;2021-02-21;0;0;0;0;0;0;0;0;0;0
FR;6;2021-02-22;0;0;0;0;0;0;0;0;0;0
FR;6;2021-02-23;0;0;0;0;0;0;0;0;0;0
FR;6;2021-02-24;0;0;0;0;0;0;0;0;0;0
FR;6;2021-02-25;0;0;0;0;0;0;0;0;0;0
FR;6;2021-02-26;0;0;0;0;0;0;0;0;0;0
FR;6;2021-02-27;0;0;0;0;0;0;0;0;0;0
FR;6;2021-02-28;0;0;0;0;0;0;0;0;0;0
FR;6;2021-03-01;0;0;0;0;0;0;0;0;0;0
FR;6;2021-03-02;0;0;0;0;0;0;0;0;0;0
FR;6;2021-03-03;0;0;0;0;0;0;0;0;0;0
FR;6;2021-03-04;0;0;0;0;0;0;0;0;0;0
FR;6;2021-03-05;0;0;0;0;0;0;0;0;0;0
FR;6;2021-03-06;0;0;0;0;0;0;0;0;0;0
FR;6;2021-03-07;0;0;0;0;0;0;0;0;0;0
FR;6;2021-03-08;0;0;0;0;0;0;0;0;0;0
FR;6;2021-03-09;0;0;0;0;0;0;0;0;0;0
FR;6;2021-03-10;0;0;0;0;0;0;0;0;0;0
FR;6;2021-03-11;0;0;0;0;0;0;0;0;0;0
FR;6;2021-03-12;0;0;0;0;0;0;0;0;0;0
FR;6;2021-03-13;0;0;0;0;0;0;0;0;0;0
FR;6;2021-03-14;0;0;0;0;0;0;0;0;0;0
FR;6;2021-03-15;0;0;0;0;0;0;0;0;0;0
FR;6;2021-03-16;0;0;0;0;0;0;0;0;0;0
FR;6;2021-03-17;0;0;0;0;0;0;0;0;0;0
FR;6;2021-03-18;0;0;0;0;0;0;0;0;0;0
FR;6;2021-03-19;0;0;0;0;0;0;0;0;0;0
FR;6;2021-03-20;0;0;0;0;0;0;0;0;0;0
FR;6;2021-03-21;0;0;0;0;0;0;0;0;0;0
FR;6;2021-03-22;0;0;0;0;0;0;0;0;0;0
FR;6;2021-03-23;0;0;0;0;0;0;0;0;0;0
FR;6;2021-03-24;0;0;0;0;0;0;0;0;0;0
FR;6;2021-03-25;0;0;0;0;0;0;0;0;0;0
FR;6;2021-03-26;0;0;0;0;0;0;0;0;0;0
FR;6;2021-03-27;0;0;0;0;0;0;0;0;0;0
FR;6;2021-03-28;0;0;0;0;0;0;0;0;0;0
FR;6;2021-03-29;0;0;0;0;0;0;0;0;0;0
FR;6;2021-03-30;0;0;0;0;0;0;0;0;0;0
FR;6;2021-03-31;0;0;0;0;0;0;0;0;0;0
FR;6;2021-04-01;0;0;0;0;0;0;0;0;0;0
FR;6;2021-04-02;0;0;0;0;0;0;0;0;0;0
FR;6;2021-04-03;0;0;0;0;0;0;0;0;0;0
FR;6;2021-04-04;0;0;0;0;0;0;0;0;0;0
FR;6;2021-04-05;0;0;0;0;0;0;0;0;0;0
FR;6;2021-04-06;0;0;0;0;0;0;0;0;0;0
FR;6;2021-04-07;0;0;0;0;0;0;0;0;0;0
FR;6;2021-04-08;0;0;0;0;0;0;0;0;0;0
FR;6;2021-04-09;0;0;0;0;0;0;0;0;0;0
FR;6;2021-04-10;0;0;0;0;0;0;0;0;0;0
FR;6;2021-04-11;0;0;0;0;0;0;0;0;0;0
FR;6;2021-04-12;0;0;0;0;0;0;0;0;0;0
FR;6;2021-04-13;0;0;0;0;0;0;0;0;0;0
FR;6;2021-04-14;0;0;0;0;0;0;0;0;0;0
FR;6;2021-04-15;0;0;0;0;0;0;0;0;0;0
FR;6;2021-04-16;0;0;0;0;0;0;0;0;0;0
FR;6;2021-04-17;0;0;0;0;0;0;0;0;0;0
FR;6;2021-04-18;0;0;0;0;0;0;0;0;0;0
FR;6;2021-04-19;0;0;0;0;0;0;0;0;0;0
FR;6;2021-04-20;0;0;0;0;0;0;0;0;0;0
FR;6;2021-04-21;0;0;0;0;0;0;0;0;0;0
FR;6;2021-04-22;0;0;0;0;0;0;0;0;0;0
FR;6;2021-04-23;0;0;0;0;0;0;0;0;0;0
FR;6;2021-04-24;0;0;0;0;0;0;0;0;0;0
FR;6;2021-04-25;0;0;0;0;0;0;0;0;0;0
FR;6;2021-04-26;0;0;0;0;0;0;0;0;0;0
FR;6;2021-04-27;0;0;0;0;0;0;0;0;0;0
FR;6;2021-04-28;0;0;0;0;0;0;0;0;0;0
FR;6;2021-04-29;0;0;0;0;0;0;0;0;0;0
FR;6;2021-04-30;0;0;0;0;0;0;0;0;0;0
FR;6;2021-05-01;0;0;0;0;0;0;0;0;0;0
FR;6;2021-05-02;0;0;0;0;0;0;0;0;0;0
FR;6;2021-05-03;0;0;0;0;0;0;0;0;0;0
FR;6;2021-05-04;0;0;0;0;0;0;0;0;0;0
FR;6;2021-05-05;0;0;0;0;0;0;0;0;0;0
FR;6;2021-05-06;0;0;0;0;0;0;0;0;0;0
FR;6;2021-05-07;0;0;0;0;0;0;0;0;0;0
FR;6;2021-05-08;0;0;0;0;0;0;0;0;0;0
FR;6;2021-05-09;0;0;0;0;0;0;0;0;0;0
FR;6;2021-05-10;0;0;0;0;0;0;0;0;0;0
FR;6;2021-05-11;0;0;0;0;0;0;0;0;0;0
FR;6;2021-05-12;0;0;0;0;0;0;0;0;0;0
FR;6;2021-05-13;0;0;0;0;0;0;0;0;0;0
FR;6;2021-05-14;0;0;0;0;0;0;0;0;0;0
FR;6;2021-05-15;0;0;0;0;0;0;0;0;0;0
FR;6;2021-05-16;0;0;0;0;0;0;0;0;0;0
FR;6;2021-05-17;0;0;0;0;0;0;0;0;0;0
FR;6;2021-05-18;0;0;0;0;0;0;0;0;0;0
FR;6;2021-05-19;0;0;0;0;0;0;0;0;0;0
FR;6;2021-05-20;0;0;0;0;0;0;0;0;0;0
FR;6;2021-05-21;0;0;0;0;0;0;0;0;0;0
FR;6;2021-05-22;0;0;0;0;0;0;0;0;0;0
FR;6;2021-05-23;0;0;0;0;0;0;0;0;0;0
FR;6;2021-05-24;0;0;0;0;0;0;0;0;0;0
FR;6;2021-05-25;0;0;0;0;0;0;0;0;0;0
FR;6;2021-05-26;0;0;0;0;0;0;0;0;0;0
FR;6;2021-05-27;0;0;0;0;0;0;0;0;0;0
FR;6;2021-05-28;0;0;0;0;0;0;0;0;0;0
FR;6;2021-05-29;0;0;0;0;0;0;0;0;0;0
FR;6;2021-05-30;0;0;0;0;0;0;0;0;0;0
FR;6;2021-05-31;0;0;0;0;0;0;0;0;0;0
FR;6;2021-06-01;0;0;0;0;0;0;0;0;0;0
FR;6;2021-06-02;0;0;0;0;0;0;0;0;0;0
FR;6;2021-06-03;0;0;0;0;0;0;0;0;0;0
FR;6;2021-06-04;0;0;0;0;0;0;0;0;0;0
FR;6;2021-06-05;0;0;0;0;0;0;0;0;0;0
FR;6;2021-06-06;0;0;0;0;0;0;0;0;0;0
FR;6;2021-06-07;0;0;0;0;0;0;0;0;0;0
FR;6;2021-06-08;0;0;0;0;0;0;0;0;0;0
FR;6;2021-06-09;0;0;0;0;0;0;0;0;0;0
FR;6;2021-06-10;0;0;0;0;0;0;0;0;0;0
FR;6;2021-06-11;0;0;0;0;0;0;0;0;0;0
FR;6;2021-06-12;0;0;0;0;0;0;0;0;0;0
FR;6;2021-06-13;0;0;0;0;0;0;0;0;0;0
FR;6;2021-06-14;0;0;0;0;0;0;0;0;0;0
FR;6;2021-06-15;0;0;0;0;0;0;0;0;0;0
FR;6;2021-06-16;0;0;0;0;0;0;0;0;0;0
FR;6;2021-06-17;0;0;0;0;0;0;0;0;0;0
FR;6;2021-06-18;0;0;0;0;0;0;0;0;0;0
FR;6;2021-06-19;0;0;0;0;0;0;0;0;0;0
FR;6;2021-06-20;0;0;0;0;0;0;0;0;0;0
FR;6;2021-06-21;0;0;0;0;0;0;0;0;0;0
FR;6;2021-06-22;0;0;0;0;0;0;0;0;0;0
FR;6;2021-06-23;0;0;0;0;0;0;0;0;0;0
FR;6;2021-06-24;0;0;0;0;0;0;0;0;0;0
FR;6;2021-06-25;0;0;0;0;0;0;0;0;0;0
FR;6;2021-06-26;0;0;0;0;0;0;0;0;0;0
FR;6;2021-06-27;0;0;0;0;0;0;0;0;0;0
FR;6;2021-06-28;0;0;0;0;0;0;0;0;0;0
FR;6;2021-06-29;0;0;0;0;0;0;0;0;0;0
FR;6;2021-06-30;0;0;0;0;0;0;0;0;0;0
FR;6;2021-07-01;0;0;0;0;0;0;0;0;0;0
FR;6;2021-07-02;0;0;0;0;0;0;0;0;0;0
FR;6;2021-07-03;0;0;0;0;0;0;0;0;0;0
FR;6;2021-07-04;0;0;0;0;0;0;0;0;0;0
FR;6;2021-07-05;0;0;0;0;0;0;0;0;0;0
FR;6;2021-07-06;0;0;0;0;0;0;0;0;0;0
FR;6;2021-07-07;0;0;0;0;0;0;0;0;0;0
FR;6;2021-07-08;0;0;0;0;0;0;0;0;0;0
FR;6;2021-07-09;0;0;0;0;0;0;0;0;0;0
FR;6;2021-07-10;0;0;0;0;0;0;0;0;0;0
FR;6;2021-07-11;0;0;0;0;0;0;0;0;0;0
FR;6;2021-07-12;0;0;0;0;0;0;0;0;0;0
FR;6;2021-07-13;0;0;0;0;0;0;0;0;0;0
FR;6;2021-07-14;0;0;0;0;0;0;0;0;0;0
FR;6;2021-07-15;0;0;0;0;0;0;0;0;0;0
FR;6;2021-07-16;0;0;0;0;0;0;0;0;0;0
FR;6;2021-07-17;0;0;0;0;0;0;0;0;0;0
FR;6;2021-07-18;0;0;0;0;0;0;0;0;0;0
FR;6;2021-07-19;0;0;0;0;0;0;0;0;0;0
FR;6;2021-07-20;0;0;0;0;0;0;0;0;0;0
FR;6;2021-07-21;0;0;0;0;0;0;0;0;0;0
FR;6;2021-07-22;0;0;0;0;0;0;0;0;0;0
FR;6;2021-07-23;0;0;0;0;0;0;0;0;0;0
FR;6;2021-07-24;0;0;0;0;0;0;0;0;0;0
FR;6;2021-07-25;0;0;0;0;0;0;0;0;0;0
FR;6;2021-07-26;0;0;0;0;0;0;0;0;0;0
FR;6;2021-07-27;0;0;0;0;0;0;0;0;0;0
FR;6;2021-07-28;0;0;0;0;0;0;0;0;0;0
FR;6;2021-07-29;0;0;0;0;0;0;0;0;0;0
FR;6;2021-07-30;0;0;0;0;0;0;0;0;0;0
FR;6;2021-07-31;0;0;0;0;0;0;0;0;0;0
FR;6;2021-08-01;0;0;0;0;0;0;0;0;0;0
FR;6;2021-08-02;0;0;0;0;0;0;0;0;0;0
FR;6;2021-08-03;0;0;0;0;0;0;0;0;0;0
FR;6;2021-08-04;0;0;0;0;0;0;0;0;0;0
FR;6;2021-08-05;0;0;0;0;0;0;0;0;0;0
FR;6;2021-08-06;0;0;0;0;0;0;0;0;0;0
FR;6;2021-08-07;0;0;0;0;0;0;0;0;0;0
FR;6;2021-08-08;0;0;0;0;0;0;0;0;0;0
FR;6;2021-08-09;0;0;0;0;0;0;0;0;0;0
FR;6;2021-08-10;0;0;0;0;0;0;0;0;0;0
FR;6;2021-08-11;0;0;0;0;0;0;0;0;0;0
FR;6;2021-08-12;0;0;0;0;0;0;0;0;0;0
FR;6;2021-08-13;0;0;0;0;0;0;0;0;0;0
FR;6;2021-08-14;0;0;0;0;0;0;0;0;0;0
FR;6;2021-08-15;0;0;0;0;0;0;0;0;0;0
FR;6;2021-08-16;0;0;0;0;0;0;0;0;0;0
FR;6;2021-08-17;0;0;0;0;0;0;0;0;0;0
FR;6;2021-08-18;0;0;0;0;0;0;0;0;0;0
FR;6;2021-08-19;0;0;0;0;0;0;0;0;0;0
FR;6;2021-08-20;0;0;0;0;0;0;0;0;0;0
FR;6;2021-08-21;0;0;0;0;0;0;0;0;0;0
FR;6;2021-08-22;0;0;0;0;0;0;0;0;0;0
FR;6;2021-08-23;0;0;0;0;0;0;0;0;0;0
FR;6;2021-08-24;0;0;0;0;0;0;0;0;0;0
FR;6;2021-08-25;0;0;0;0;0;0;0;0;0;0
FR;6;2021-08-26;0;0;0;0;0;0;0;0;0;0
FR;6;2021-08-27;0;0;0;0;0;0;0;0;0;0
FR;6;2021-08-28;0;0;0;0;0;0;0;0;0;0
FR;6;2021-08-29;0;0;0;0;0;0;0;0;0;0
FR;6;2021-08-30;0;0;0;0;0;0;0;0;0;0
FR;6;2021-08-31;0;0;0;0;0;0;0;0;0;0
FR;6;2021-09-01;0;0;0;0;0;0;0;0;0;0
FR;6;2021-09-02;0;0;0;0;0;0;0;0;0;0
FR;6;2021-09-03;0;0;0;0;0;0;0;0;0;0
FR;6;2021-09-04;0;0;0;0;0;0;0;0;0;0
FR;6;2021-09-05;0;0;0;0;0;0;0;0;0;0
FR;6;2021-09-06;0;0;0;0;0;0;0;0;0;0
FR;6;2021-09-07;0;0;0;0;0;0;0;0;0;0
FR;6;2021-09-08;0;0;0;0;0;0;0;0;0;0
FR;6;2021-09-09;0;0;0;0;0;0;0;0;0;0
FR;6;2021-09-10;0;0;0;0;0;0;0;0;0;0
FR;6;2021-09-11;0;0;0;0;0;0;0;0;0;0
FR;6;2021-09-12;0;0;0;0;0;0;0;0;0;0
FR;6;2021-09-13;0;0;0;0;0;0;0;0;0;0
FR;6;2021-09-14;0;0;0;0;0;0;0;0;0;0
FR;6;2021-09-15;0;0;0;0;0;0;0;0;0;0
FR;6;2021-09-16;0;0;0;0;0;0;0;0;0;0
FR;6;2021-09-17;0;0;0;0;0;0;0;0;0;0
FR;6;2021-09-18;0;0;0;0;0;0;0;0;0;0
FR;6;2021-09-19;0;0;0;0;0;0;0;0;0;0
FR;6;2021-09-20;0;0;0;0;0;0;0;0;0;0
FR;6;2021-09-21;0;0;0;0;0;0;0;0;0;0
FR;6;2021-09-22;0;0;0;0;0;0;0;0;0;0
FR;6;2021-09-23;0;0;0;0;0;0;0;0;0;0
FR;6;2021-09-24;0;0;0;0;0;0;0;0;0;0
FR;6;2021-09-25;0;0;0;0;0;0;0;0;0;0
FR;6;2021-09-26;0;0;0;0;0;0;0;0;0;0
FR;6;2021-09-27;0;0;0;0;0;0;0;0;0;0
FR;6;2021-09-28;0;0;0;0;0;0;0;0;0;0
FR;6;2021-09-29;0;0;0;0;0;0;0;0;0;0
FR;6;2021-09-30;0;0;0;0;0;0;0;0;0;0
FR;6;2021-10-01;0;0;0;0;0;0;0;0;0;0
FR;6;2021-10-02;0;0;0;0;0;0;0;0;0;0
FR;6;2021-10-03;0;0;0;0;0;0;0;0;0;0
FR;6;2021-10-04;0;0;0;0;0;0;0;0;0;0
FR;6;2021-10-05;0;0;0;0;0;0;0;0;0;0
FR;6;2021-10-06;0;0;0;0;0;0;0;0;0;0
FR;6;2021-10-07;0;0;0;0;0;0;0;0;0;0
FR;6;2021-10-08;0;0;0;0;0;0;0;0;0;0
FR;6;2021-10-09;0;0;0;0;0;0;0;0;0;0
FR;6;2021-10-10;0;0;0;0;0;0;0;0;0;0
FR;6;2021-10-11;0;0;0;0;0;0;0;0;0;0
FR;6;2021-10-12;0;0;0;0;0;0;0;0;0;0
FR;6;2021-10-13;0;0;0;0;0;0;0;0;0;0
FR;6;2021-10-14;0;0;0;0;0;0;0;0;0;0
FR;6;2021-10-15;0;0;0;0;0;0;0;0;0;0
FR;6;2021-10-16;0;0;0;0;0;0;0;0;0;0
FR;6;2021-10-17;0;0;0;0;0;0;0;0;0;0
FR;6;2021-10-18;0;0;0;0;0;0;0;0;0;0
FR;6;2021-10-19;0;0;0;0;0;0;0;0;0;0
FR;6;2021-10-20;0;0;0;0;0;0;0;0;0;0
FR;6;2021-10-21;0;0;0;0;0;0;0;0;0;0
FR;6;2021-10-22;0;0;0;0;0;0;0;0;0;0
FR;6;2021-10-23;0;0;0;0;0;0;0;0;0;0
FR;6;2021-10-24;0;0;0;0;0;0;0;0;0;0
FR;6;2021-10-25;0;0;0;0;0;0;0;0;0;0
FR;6;2021-10-26;0;0;0;0;0;0;0;0;0;0
FR;6;2021-10-27;0;0;0;0;0;0;0;0;0;0
FR;6;2021-10-28;0;0;0;0;0;0;0;0;0;0
FR;6;2021-10-29;0;0;0;0;0;0;0;0;0;0
FR;6;2021-10-30;0;0;0;0;0;0;0;0;0;0
FR;6;2021-10-31;0;0;0;0;0;0;0;0;0;0
FR;6;2021-11-01;0;0;0;0;0;0;0;0;0;0
FR;6;2021-11-02;0;0;0;0;0;0;0;0;0;0
FR;6;2021-11-03;0;0;0;0;0;0;0;0;0;0
FR;6;2021-11-04;0;0;0;0;0;0;0;0;0;0
FR;6;2021-11-05;0;0;0;0;0;0;0;0;0;0
FR;6;2021-11-06;0;0;0;0;0;0;0;0;0;0
FR;6;2021-11-07;0;0;0;0;0;0;0;0;0;0
FR;6;2021-11-08;0;0;0;0;0;0;0;0;0;0
FR;6;2021-11-09;0;0;0;0;0;0;0;0;0;0
FR;6;2021-11-10;0;0;0;0;0;0;0;0;0;0
FR;6;2021-11-11;0;0;0;0;0;0;0;0;0;0
FR;6;2021-11-12;0;0;0;0;0;0;0;0;0;0
FR;6;2021-11-13;0;0;0;0;0;0;0;0;0;0
FR;6;2021-11-14;0;0;0;0;0;0;0;0;0;0
FR;6;2021-11-15;0;0;0;0;0;0;0;0;0;0
FR;6;2021-11-16;0;0;0;0;0;0;0;0;0;0
FR;6;2021-11-17;0;0;0;0;0;0;0;0;0;0
FR;6;2021-11-18;0;0;0;0;0;0;0;0;0;0
FR;6;2021-11-19;0;0;0;0;0;0;0;0;0;0
FR;6;2021-11-20;0;0;0;0;0;0;0;0;0;0
FR;6;2021-11-21;0;0;0;0;0;0;0;0;0;0
FR;6;2021-11-22;0;0;0;0;0;0;0;0;0;0
FR;6;2021-11-23;0;0;0;0;0;0;0;0;0;0
FR;6;2021-11-24;0;0;0;0;0;0;0;0;0;0
FR;6;2021-11-25;0;0;0;0;0;0;0;0;0;0
FR;6;2021-11-26;0;0;0;0;0;0;0;0;0;0
FR;6;2021-11-27;0;0;0;0;0;0;0;0;0;0
FR;6;2021-11-28;0;0;0;0;0;0;0;0;0;0
FR;6;2021-11-29;0;0;0;0;0;0;0;0;0;0
FR;6;2021-11-30;0;0;0;0;0;0;0;0;0;0
FR;6;2021-12-01;0;0;0;0;0;0;0;0;0;0
FR;6;2021-12-02;0;0;0;0;0;0;0;0;0;0
FR;6;2021-12-03;0;0;0;0;0;0;0;0;0;0
FR;6;2021-12-04;0;0;0;0;0;0;0;0;0;0
FR;6;2021-12-05;0;0;0;0;0;0;0;0;0;0
FR;6;2021-12-06;0;0;0;0;0;0;0;0;0;0
FR;6;2021-12-07;0;0;0;0;0;0;0;0;0;0
FR;6;2021-12-08;0;0;0;0;0;0;0;0;0;0
FR;6;2021-12-09;0;0;0;0;0;0;0;0;0;0
FR;6;2021-12-10;0;0;0;0;0;0;0;0;0;0
FR;6;2021-12-11;0;0;0;0;0;0;0;0;0;0
FR;6;2021-12-12;0;0;0;0;0;0;0;0;0;0
FR;6;2021-12-13;0;0;0;0;0;0;0;0;0;0
FR;6;2021-12-14;0;0;0;0;0;0;0;0;0;0
FR;6;2021-12-15;0;0;0;0;0;0;0;0;0;0
FR;6;2021-12-16;0;0;0;0;0;0;0;0;0;0
FR;6;2021-12-17;0;0;0;0;0;0;0;0;0;0
FR;6;2021-12-18;0;0;0;0;0;0;0;0;0;0
FR;6;2021-12-19;0;0;0;0;0;0;0;0;0;0
FR;6;2021-12-20;0;0;0;0;0;0;0;0;0;0
FR;6;2021-12-21;0;0;0;0;0;0;0;0;0;0
FR;6;2021-12-22;0;0;0;0;0;0;0;0;0;0
FR;6;2021-12-23;0;0;0;0;0;0;0;0;0;0
FR;6;2021-12-24;0;0;0;0;0;0;0;0;0;0
FR;6;2021-12-25;0;0;0;0;0;0;0;0;0;0
FR;6;2021-12-26;0;0;0;0;0;0;0;0;0;0
FR;6;2021-12-27;0;0;0;0;0;0;0;0;0;0
FR;6;2021-12-28;0;0;0;0;0;0;0;0;0;0
FR;6;2021-12-29;0;0;0;0;0;0;0;0;0;0
FR;6;2021-12-30;0;0;0;0;0;0;0;0;0;0
FR;6;2021-12-31;0;0;0;0;0;0;0;0;0;0
FR;6;2022-01-01;0;0;0;0;0;0;0;0;0;0
FR;6;2022-01-02;0;0;0;0;0;0;0;0;0;0
FR;6;2022-01-03;0;0;0;0;0;0;0;0;0;0
FR;6;2022-01-04;0;0;0;0;0;0;0;0;0;0
FR;6;2022-01-05;0;0;0;0;0;0;0;0;0;0
FR;6;2022-01-06;0;0;0;0;0;0;0;0;0;0
FR;6;2022-01-07;0;0;0;0;0;0;0;0;0;0
FR;6;2022-01-08;0;0;0;0;0;0;0;0;0;0
FR;6;2022-01-09;0;0;0;0;0;0;0;0;0;0
FR;6;2022-01-10;0;0;0;0;0;0;0;0;0;0
FR;6;2022-01-11;0;0;0;0;0;0;0;0;0;0
FR;6;2022-01-12;0;0;0;0;0;0;0;0;0;0
FR;6;2022-01-13;0;0;0;0;0;0;0;0;0;0
FR;6;2022-01-14;0;0;0;0;0;0;0;0;0;0
FR;6;2022-01-15;0;0;0;0;0;0;0;0;0;0
FR;6;2022-01-16;0;0;0;0;0;0;0;0;0;0
FR;6;2022-01-17;0;0;0;0;0;0;0;0;0;0
FR;6;2022-01-18;0;0;0;0;0;0;0;0;0;0
FR;6;2022-01-19;0;0;0;0;0;0;0;0;0;0
FR;6;2022-01-20;0;0;0;0;0;0;0;0;0;0
FR;6;2022-01-21;0;0;0;0;0;0;0;0;0;0
FR;6;2022-01-22;0;0;0;0;0;0;0;0;0;0
FR;6;2022-01-23;0;0;0;0;0;0;0;0;0;0
FR;6;2022-01-24;0;0;0;0;0;0;0;0;0;0
FR;6;2022-01-25;0;0;0;0;0;0;0;0;0;0
FR;6;2022-01-26;0;0;0;0;0;0;0;0;0;0
FR;6;2022-01-27;0;0;0;0;0;0;0;0;0;0
FR;6;2022-01-28;0;0;0;0;0;0;0;0;0;0
FR;6;2022-01-29;0;0;0;0;0;0;0;0;0;0
FR;6;2022-01-30;0;0;0;0;0;0;0;0;0;0
FR;6;2022-01-31;0;0;0;0;0;0;0;0;0;0
FR;6;2022-02-01;0;0;0;0;0;0;0;0;0;0
FR;6;2022-02-02;0;0;0;0;0;0;0;0;0;0
FR;6;2022-02-03;0;0;0;0;0;0;0;0;0;0
FR;6;2022-02-04;0;0;0;0;0;0;0;0;0;0
FR;6;2022-02-05;0;0;0;0;0;0;0;0;0;0
FR;6;2022-02-06;0;0;0;0;0;0;0;0;0;0
FR;6;2022-02-07;0;0;0;0;0;0;0;0;0;0
FR;6;2022-02-08;0;0;0;0;0;0;0;0;0;0
FR;6;2022-02-09;0;0;0;0;0;0;0;0;0;0
FR;6;2022-02-10;0;0;0;0;0;0;0;0;0;0
FR;6;2022-02-11;0;0;0;0;0;0;0;0;0;0
FR;6;2022-02-12;0;0;0;0;0;0;0;0;0;0
FR;6;2022-02-13;0;0;0;0;0;0;0;0;0;0
FR;6;2022-02-14;0;0;0;0;0;0;0;0;0;0
FR;6;2022-02-15;0;0;0;0;0;0;0;0;0;0
FR;6;2022-02-16;0;0;0;0;0;0;0;0;0;0
FR;6;2022-02-17;0;0;0;0;0;0;0;0;0;0
FR;6;2022-02-18;0;0;0;0;0;0;0;0;0;0
FR;6;2022-02-19;0;0;0;0;0;0;0;0;0;0
FR;6;2022-02-20;0;0;0;0;0;0;0;0;0;0
FR;6;2022-02-21;0;0;0;0;0;0;0;0;0;0
FR;6;2022-02-22;0;0;0;0;0;0;0;0;0;0
FR;6;2022-02-23;0;0;0;0;0;0;0;0;0;0
FR;6;2022-02-24;0;0;0;0;0;0;0;0;0;0
FR;6;2022-02-25;0;0;0;0;0;0;0;0;0;0
FR;6;2022-02-26;0;0;0;0;0;0;0;0;0;0
FR;6;2022-02-27;0;0;0;0;0;0;0;0;0;0
FR;6;2022-02-28;0;0;0;0;0;0;0;0;0;0
FR;6;2022-03-01;0;0;0;0;0;0;0;0;0;0
FR;6;2022-03-02;96;9;2;0;7;96;9;2;0;7
FR;6;2022-03-03;0;0;0;0;0;96;9;2;0;7
FR;6;2022-03-04;89;4;0;0;4;185;13;2;0;11
FR;6;2022-03-05;389;23;2;0;14;574;36;4;0;25
FR;6;2022-03-06;7;1;0;0;0;581;37;4;0;25
FR;6;2022-03-07;336;19;0;0;13;917;56;4;0;38
FR;6;2022-03-08;229;14;0;0;5;1146;70;4;0;43
FR;6;2022-03-09;518;30;2;0;22;1664;100;6;0;65
FR;6;2022-03-10;207;18;0;1;12;1871;118;6;1;77
FR;6;2022-03-11;328;20;6;0;21;2199;138;12;1;98
FR;6;2022-03-12;514;25;1;0;20;2713;163;13;1;118
FR;6;2022-03-13;40;2;0;0;1;2753;165;13;1;119
FR;6;2022-03-14;202;4;2;0;3;2955;169;15;1;122
FR;0;2020-12-27;592;0;0;0;0;592;0;0;0;0
FR;0;2020-12-28;642;0;0;0;0;1234;0;0;0;0
FR;0;2020-12-29;368;0;0;0;0;1602;0;0;0;0
FR;0;2020-12-30;432;0;0;0;0;2034;0;0;0;0
FR;0;2020-12-31;347;0;0;0;0;2381;0;0;0;0
FR;0;2021-01-01;1175;0;0;0;0;3556;0;0;0;0
FR;0;2021-01-02;349;1;0;0;0;3905;1;0;0;0
FR;0;2021-01-03;415;0;0;0;0;4320;1;0;0;0
FR;0;2021-01-04;2086;0;0;0;0;6406;1;0;0;0
FR;0;2021-01-05;6518;2;0;0;0;12924;3;0;0;0
FR;0;2021-01-06;12224;0;0;0;0;25148;3;0;0;0
FR;0;2021-01-07;29423;2;0;0;0;54571;5;0;0;0
FR;0;2021-01-08;37188;2;0;0;0;91759;7;0;0;0
FR;0;2021-01-09;11214;2;0;0;0;102973;9;0;0;0
FR;0;2021-01-10;6032;0;0;0;0;109005;9;0;0;0
FR;0;2021-01-11;39923;5;0;0;0;148928;14;0;0;0
FR;0;2021-01-12;62107;6;0;0;0;211035;20;0;0;0
FR;0;2021-01-13;65042;13;0;0;0;276077;33;0;0;0
FR;0;2021-01-14;83127;16;0;0;0;359204;49;0;0;0
FR;0;2021-01-15;68975;3;0;0;0;428179;52;0;0;0
FR;0;2021-01-16;20204;75;0;0;0;448383;127;0;0;0
FR;0;2021-01-17;11010;45;0;0;0;459393;172;0;0;0
FR;0;2021-01-18;85825;161;0;0;0;545218;333;0;0;0
FR;0;2021-01-19;130583;139;0;0;0;675801;472;0;0;0
FR;0;2021-01-20;137536;168;0;0;0;813337;640;0;0;0
FR;0;2021-01-21;158366;145;0;0;0;971703;785;0;0;0
FR;0;2021-01-22;121012;173;0;0;0;1092715;958;0;0;0
FR;0;2021-01-23;38455;56;0;0;0;1131170;1014;0;0;0
FR;0;2021-01-24;9755;45;0;0;0;1140925;1059;0;0;0
FR;0;2021-01-25;78221;1219;0;0;0;1219146;2278;0;0;0
FR;0;2021-01-26;100347;3129;1;0;0;1319493;5407;1;0;0
FR;0;2021-01-27;107220;5599;0;0;0;1426713;11006;1;0;0
FR;0;2021-01-28;124315;14341;0;0;0;1551028;25347;1;0;0
FR;0;2021-01-29;92149;17296;0;0;0;1643177;42643;1;0;0
FR;0;2021-01-30;29096;4211;0;0;0;1672273;46854;1;0;0
FR;0;2021-01-31;5218;1688;0;0;0;1677491;48542;1;0;0
FR;0;2021-02-01;53204;21115;0;0;0;1730695;69657;1;0;0
FR;0;2021-02-02;72263;34574;0;0;0;1802958;104231;1;0;0
FR;0;2021-02-03;72254;36950;0;0;0;1875212;141181;1;0;0
FR;0;2021-02-04;82027;50047;0;0;0;1957239;191228;1;0;0
FR;0;2021-02-05;68200;45287;0;0;0;2025439;236515;1;0;0
FR;0;2021-02-06;23147;10405;0;0;0;2048586;246920;1;0;0
FR;0;2021-02-07;5185;5056;0;0;0;2053771;251976;1;0;0
FR;0;2021-02-08;46809;45944;0;0;0;2100580;297920;1;0;0
FR;0;2021-02-09;65981;72386;0;0;0;2166561;370306;1;0;0
FR;0;2021-02-10;70958;76603;0;0;0;2237519;446909;1;0;0
FR;0;2021-02-11;87202;99025;0;0;0;2324721;545934;1;0;0
FR;0;2021-02-12;79256;74198;0;0;0;2403977;620132;1;0;0
FR;0;2021-02-13;22332;19482;0;0;0;2426309;639614;1;0;0
FR;0;2021-02-14;5057;7200;0;0;0;2431366;646814;1;0;0
FR;0;2021-02-15;38050;76418;0;0;0;2469416;723232;1;0;0
FR;0;2021-02-16;50341;100596;0;0;0;2519757;823828;1;0;0
FR;0;2021-02-17;50475;102884;1;0;0;2570232;926712;2;0;0
FR;0;2021-02-18;69701;118459;0;0;0;2639933;1045171;2;0;0
FR;0;2021-02-19;65035;90602;1;0;0;2704968;1135773;3;0;0
FR;0;2021-02-20;18571;28378;0;0;0;2723539;1164151;3;0;0
FR;0;2021-02-21;3305;6378;0;0;0;2726844;1170529;3;0;0
FR;0;2021-02-22;37450;73027;2;0;0;2764294;1243556;5;0;0
FR;0;2021-02-23;53745;83977;1;0;0;2818039;1327533;6;0;0
FR;0;2021-02-24;59950;81009;1;0;0;2877989;1408542;7;0;0
FR;0;2021-02-25;100527;91293;1;0;0;2978516;1499835;8;0;0
FR;0;2021-02-26;113402;70927;0;0;0;3091918;1570762;8;0;0
FR;0;2021-02-27;52083;21955;0;0;0;3144001;1592717;8;0;0
FR;0;2021-02-28;6189;4415;1;0;0;3150190;1597132;9;0;0
FR;0;2021-03-01;65853;52715;1;0;0;3216043;1649847;10;0;0
FR;0;2021-03-02;101323;66151;2;0;0;3317366;1715998;12;0;0
FR;0;2021-03-03;116390;65459;0;0;0;3433756;1781457;12;0;0
FR;0;2021-03-04;163524;68823;3;0;0;3597280;1850280;15;0;0
FR;0;2021-03-05;200842;63276;3;0;0;3798122;1913556;18;0;0
FR;0;2021-03-06;207925;17796;3;0;0;4006047;1931352;21;0;0
FR;0;2021-03-07;121255;5447;1;0;0;4127302;1936799;22;0;0
FR;0;2021-03-08;107094;50735;2;0;0;4234396;1987534;24;0;0
FR;0;2021-03-09;172368;56719;2;0;0;4406764;2044253;26;0;0
FR;0;2021-03-10;178856;57185;5;0;0;4585620;2101438;31;0;0
FR;0;2021-03-11;242743;63021;2;0;0;4828363;2164459;33;0;0
FR;0;2021-03-12;294739;53486;0;0;0;5123102;2217945;33;0;0
FR;0;2021-03-13;231338;15272;1;0;0;5354440;2233217;34;0;0
FR;0;2021-03-14;63324;3427;1;0;0;5417764;2236644;35;0;0
FR;0;2021-03-15;158509;32627;3;0;0;5576273;2269271;38;0;0
FR;0;2021-03-16;141538;39531;5;0;0;5717811;2308802;43;0;0
FR;0;2021-03-17;150409;38786;5;0;0;5868220;2347588;48;0;0
FR;0;2021-03-18;167777;44600;5;0;0;6035997;2392188;53;0;0
FR;0;2021-03-19;229967;37429;2;0;0;6265964;2429617;55;0;0
FR;0;2021-03-20;166631;11769;1;0;0;6432595;2441386;56;0;0
FR;0;2021-03-21;49886;2635;1;0;0;6482481;2444021;57;0;0
FR;0;2021-03-22;169906;34244;2;0;0;6652387;2478265;59;0;0
FR;0;2021-03-23;250291;42388;1;0;0;6902678;2520653;60;0;0
FR;0;2021-03-24;256840;43844;0;0;0;7159518;2564497;60;0;0
FR;0;2021-03-25;341717;44707;5;0;0;7501235;2609204;65;0;0
FR;0;2021-03-26;358720;41848;4;0;0;7859955;2651052;69;0;0
FR;0;2021-03-27;195219;16643;1;0;0;8055174;2667695;70;0;0
FR;0;2021-03-28;59295;3757;3;0;0;8114469;2671452;73;0;0
FR;0;2021-03-29;202901;54255;4;0;0;8317370;2725707;77;0;0
FR;0;2021-03-30;285328;69581;4;0;0;8602698;2795288;81;0;0
FR;0;2021-03-31;262917;72846;4;0;0;8865615;2868134;85;0;0
FR;0;2021-04-01;315413;87751;12;0;0;9181028;2955885;97;0;0
FR;0;2021-04-02;281256;92055;7;0;0;9462284;3047940;104;0;0
FR;0;2021-04-03;141036;61769;5;0;0;9603320;3109709;109;0;0
FR;0;2021-04-04;46390;18669;2;0;0;9649710;3128378;111;0;0
FR;0;2021-04-05;63468;10997;11;0;0;9713178;3139375;122;0;0
FR;0;2021-04-06;217063;107755;16;0;0;9930241;3247130;138;0;0
FR;0;2021-04-07;260147;115342;17;0;0;10190388;3362472;155;0;0
FR;0;2021-04-08;337643;121318;14;0;0;10528031;3483790;169;0;0
FR;0;2021-04-09;410035;116398;48;0;0;10938066;3600188;217;0;0
FR;0;2021-04-10;212551;82666;14;0;0;11150617;3682854;231;0;0
FR;0;2021-04-11;56043;34554;7;0;0;11206660;3717408;238;0;0
FR;0;2021-04-12;236911;115090;45;0;0;11443571;3832498;283;0;0
FR;0;2021-04-13;309361;144756;96;1;0;11752932;3977254;379;1;0
FR;0;2021-04-14;294385;139253;210;0;0;12047317;4116507;589;1;0
FR;0;2021-04-15;337085;147705;335;0;0;12384402;4264212;924;1;0
FR;0;2021-04-16;339183;145615;352;0;0;12723585;4409827;1276;1;0
FR;0;2021-04-17;188599;90163;108;0;0;12912184;4499990;1384;1;0
FR;0;2021-04-18;51562;35415;45;0;0;12963746;4535405;1429;1;0
FR;0;2021-04-19;205513;138208;453;0;0;13169259;4673613;1882;1;0
FR;0;2021-04-20;254267;170533;566;0;0;13423526;4844146;2448;1;0
FR;0;2021-04-21;253102;168708;829;0;0;13676628;5012854;3277;1;0
FR;0;2021-04-22;287351;188105;818;0;0;13963979;5200959;4095;1;0
FR;0;2021-04-23;297986;183091;741;0;0;14261965;5384050;4836;1;0
FR;0;2021-04-24;190390;111480;246;0;0;14452355;5495530;5082;1;0
FR;0;2021-04-25;69456;38823;51;0;0;14521811;5534353;5133;1;0
FR;0;2021-04-26;220822;155914;555;0;0;14742633;5690267;5688;1;0
FR;0;2021-04-27;284495;187260;936;0;0;15027128;5877527;6624;1;0
FR;0;2021-04-28;299376;183024;1418;1;1;15326504;6060551;8042;2;1
FR;0;2021-04-29;356994;195968;1274;0;0;15683498;6256519;9316;2;1
FR;0;2021-04-30;372103;184626;1116;1;0;16055601;6441145;10432;3;1
FR;0;2021-05-01;167601;52508;178;0;0;16223202;6493653;10610;3;1
FR;0;2021-05-02;91767;37783;82;0;0;16314969;6531436;10692;3;1
FR;0;2021-05-03;289088;169480;835;0;0;16604057;6700916;11527;3;1
FR;0;2021-05-04;315545;224173;1229;0;0;16919602;6925089;12756;3;1
FR;0;2021-05-05;327231;224337;1309;0;0;17246833;7149426;14065;3;1
FR;0;2021-05-06;379347;238955;1621;0;0;17626180;7388381;15686;3;1
FR;0;2021-05-07;372730;257029;1222;0;0;17998910;7645410;16908;3;1
FR;0;2021-05-08;222098;66820;295;0;0;18221008;7712230;17203;3;1
FR;0;2021-05-09;129636;46672;243;0;0;18350644;7758902;17446;3;1
FR;0;2021-05-10;313331;228712;1225;0;0;18663975;7987614;18671;3;1
FR;0;2021-05-11;403792;257818;1558;0;0;19067767;8245432;20229;3;1
FR;0;2021-05-12;434006;232984;1531;0;0;19501773;8478416;21760;3;1
FR;0;2021-05-13;338504;56895;428;0;0;19840277;8535311;22188;3;1
FR;0;2021-05-14;454299;167250;1112;0;0;20294576;8702561;23300;3;1
FR;0;2021-05-15;374892;93925;438;0;0;20669468;8796486;23738;3;1
FR;0;2021-05-16;202682;20780;168;0;0;20872150;8817266;23906;3;1
FR;0;2021-05-17;376042;148959;1542;0;0;21248192;8966225;25448;3;1
FR;0;2021-05-18;459839;152969;1981;0;0;21708031;9119194;27429;3;1
FR;0;2021-05-19;467254;145108;2444;0;0;22175285;9264302;29873;3;1
FR;0;2021-05-20;507402;160157;2323;0;0;22682687;9424459;32196;3;1
FR;0;2021-05-21;489560;174333;1981;0;0;23172247;9598792;34177;3;1
FR;0;2021-05-22;347080;79763;667;0;0;23519327;9678555;34844;3;1
FR;0;2021-05-23;161614;14418;246;0;0;23680941;9692973;35090;3;1
FR;0;2021-05-24;263110;33205;596;0;0;23944051;9726178;35686;3;1
FR;0;2021-05-25;400055;189082;2335;1;0;24344106;9915260;38021;4;1
FR;0;2021-05-26;413328;188031;2208;0;0;24757434;10103291;40229;4;1
FR;0;2021-05-27;449650;218420;2148;0;0;25207084;10321711;42377;4;1
FR;0;2021-05-28;429475;259337;1882;0;0;25636559;10581048;44259;4;1
FR;0;2021-05-29;298912;149271;582;0;0;25935471;10730319;44841;4;1
FR;0;2021-05-30;107048;32578;162;0;0;26042519;10762897;45003;4;1
FR;0;2021-05-31;357860;203498;1461;1;1;26400379;10966395;46464;5;2
FR;0;2021-06-01;431107;251396;1950;1;1;26831486;11217791;48414;6;3
FR;0;2021-06-02;419603;230659;1971;0;0;27251089;11448450;50385;6;3
FR;0;2021-06-03;464422;258479;1813;0;0;27715511;11706929;52198;6;3
FR;0;2021-06-04;455555;304681;1718;1;1;28171066;12011610;53916;7;4
FR;0;2021-06-05;304721;188922;650;0;0;28475787;12200532;54566;7;4
FR;0;2021-06-06;133256;49110;226;0;0;28609043;12249642;54792;7;4
FR;0;2021-06-07;338943;262142;1515;0;0;28947986;12511784;56307;7;4
FR;0;2021-06-08;393568;290943;1787;0;0;29341554;12802727;58094;7;4
FR;0;2021-06-09;384607;275651;1718;0;0;29726161;13078378;59812;7;4
FR;0;2021-06-10;404615;289188;1713;1;0;30130776;13367566;61525;8;4
FR;0;2021-06-11;386501;357261;1451;0;0;30517277;13724827;62976;8;4
FR;0;2021-06-12;283194;211264;486;0;0;30800471;13936091;63462;8;4
FR;0;2021-06-13;104811;74001;201;0;0;30905282;14010092;63663;8;4
FR;0;2021-06-14;240783;355845;1420;1;0;31146065;14365937;65083;9;4
FR;0;2021-06-15;307942;385769;1556;1;0;31454007;14751706;66639;10;4
FR;0;2021-06-16;313862;357616;1408;1;0;31767869;15109322;68047;11;4
FR;0;2021-06-17;317702;372081;1418;1;0;32085571;15481403;69465;12;4
FR;0;2021-06-18;321750;442348;1326;1;0;32407321;15923751;70791;13;4
FR;0;2021-06-19;224307;273738;445;0;0;32631628;16197489;71236;13;4
FR;0;2021-06-20;74356;102572;127;0;0;32705984;16300061;71363;13;4
FR;0;2021-06-21;195575;401938;1023;1;1;32901559;16701999;72386;14;5
FR;0;2021-06-22;223005;467251;1257;10;2;33124564;17169250;73643;24;7
FR;0;2021-06-23;233892;439774;1192;1;1;33358456;17609024;74835;25;8
FR;0;2021-06-24;241709;409362;1339;0;0;33600165;18018386;76174;25;8
FR;0;2021-06-25;228236;522114;1395;0;0;33828401;18540500;77569;25;8
FR;0;2021-06-26;153136;370655;581;1;0;33981537;18911155;78150;26;8
FR;0;2021-06-27;55845;156303;166;1;0;34037382;19067458;78316;27;8
FR;0;2021-06-28;154552;453049;1161;0;0;34191934;19520507;79477;27;8
FR;0;2021-06-29;182501;506509;2120;0;0;34374435;20027016;81597;27;8
FR;0;2021-06-30;203811;481474;2005;21;2;34578246;20508490;83602;48;10
FR;0;2021-07-01;231853;457705;2220;5;1;34810099;20966195;85822;53;11
FR;0;2021-07-02;228229;520210;2115;5;3;35038328;21486405;87937;58;14
FR;0;2021-07-03;141966;368708;908;3;1;35180294;21855113;88845;61;15
FR;0;2021-07-04;56696;141269;265;0;0;35236990;21996382;89110;61;15
FR;0;2021-07-05;168478;419347;1665;8;2;35405468;22415729;90775;69;17
FR;0;2021-07-06;196751;474816;1823;43;8;35602219;22890545;92598;112;25
FR;0;2021-07-07;213471;439309;1874;24;5;35815690;23329854;94472;136;30
FR;0;2021-07-08;231501;424131;2088;20;9;36047191;23753985;96560;156;39
FR;0;2021-07-09;228362;510249;2183;4;3;36275553;24264234;98743;160;42
FR;0;2021-07-10;148517;339826;982;1;1;36424070;24604060;99725;161;43
FR;0;2021-07-11;60104;110122;281;0;0;36484174;24714182;100006;161;43
FR;0;2021-07-12;169006;478187;1750;4;0;36653180;25192369;101756;165;43
FR;0;2021-07-13;287162;527488;2043;7;2;36940342;25719857;103799;172;45
FR;0;2021-07-14;180849;157807;432;0;0;37121191;25877664;104231;172;45
FR;0;2021-07-15;346909;502546;2094;1;0;37468100;26380210;106325;173;45
FR;0;2021-07-16;379860;496082;2020;3;1;37847960;26876292;108345;176;46
FR;0;2021-07-17;259671;319828;875;1;0;38107631;27196120;109220;177;46
FR;0;2021-07-18;109686;114839;310;0;0;38217317;27310959;109530;177;46
FR;0;2021-07-19;285358;425360;1625;3;0;38502675;27736319;111155;180;46
FR;0;2021-07-20;376820;452713;1720;0;0;38879495;28189032;112875;180;46
FR;0;2021-07-21;395614;408160;1547;4;2;39275109;28597192;114422;184;48
FR;0;2021-07-22;440736;388457;1708;4;2;39715845;28985649;116130;188;50
FR;0;2021-07-23;438447;423293;1876;4;2;40154292;29408942;118006;192;52
FR;0;2021-07-24;285168;269735;802;1;0;40439460;29678677;118808;193;52
FR;0;2021-07-25;121033;80092;225;0;0;40560493;29758769;119033;193;52
FR;0;2021-07-26;347219;323543;1613;3;2;40907712;30082312;120646;196;54
FR;0;2021-07-27;463865;320566;1697;4;2;41371577;30402878;122343;200;56
FR;0;2021-07-28;459296;290275;1634;4;2;41830873;30693153;123977;204;58
FR;0;2021-07-29;489740;277197;1793;2;1;42320613;30970350;125770;206;59
FR;0;2021-07-30;461592;303058;1935;5;2;42782205;31273408;127705;211;61
FR;0;2021-07-31;285270;185034;911;1;0;43067475;31458442;128616;212;61
FR;0;2021-08-01;111954;50002;248;0;0;43179429;31508444;128864;212;61
FR;0;2021-08-02;341532;234620;1595;1;0;43520961;31743064;130459;213;61
FR;0;2021-08-03;398414;245259;1713;2;1;43919375;31988323;132172;215;62
FR;0;2021-08-04;384686;210221;1589;5;3;44304061;32198544;133761;220;65
FR;0;2021-08-05;366009;228943;1705;0;0;44670070;32427487;135466;220;65
FR;0;2021-08-06;359459;271890;1832;4;1;45029529;32699377;137298;224;66
FR;0;2021-08-07;212961;178368;755;4;3;45242490;32877745;138053;228;69
FR;0;2021-08-08;74063;63263;268;0;0;45316553;32941008;138321;228;69
FR;0;2021-08-09;258553;259843;1537;4;3;45575106;33200851;139858;232;72
FR;0;2021-08-10;306735;278455;1652;2;1;45881841;33479306;141510;234;73
FR;0;2021-08-11;279508;260519;1434;5;1;46161349;33739825;142944;239;74
FR;0;2021-08-12;271250;278654;1655;3;1;46432599;34018479;144599;242;75
FR;0;2021-08-13;252006;277747;1584;3;2;46684605;34296226;146183;245;77
FR;0;2021-08-14;145164;197389;739;0;0;46829769;34493615;146922;245;77
FR;0;2021-08-15;39220;50103;211;1;0;46868989;34543718;147133;246;77
FR;0;2021-08-16;185567;318299;1535;0;0;47054556;34862017;148668;246;77
FR;0;2021-08-17;215403;336778;1630;5;1;47269959;35198795;150298;251;78
FR;0;2021-08-18;198829;324981;1582;7;4;47468788;35523776;151880;258;82
FR;0;2021-08-19;191804;325606;1627;1;0;47660592;35849382;153507;259;82
FR;0;2021-08-20;186199;365652;1801;3;2;47846791;36215034;155308;262;84
FR;0;2021-08-21;104674;238161;700;0;0;47951465;36453195;156008;262;84
FR;0;2021-08-22;31863;87206;252;1;1;47983328;36540401;156260;263;85
FR;0;2021-08-23;140817;357313;1554;3;2;48124145;36897714;157814;266;87
FR;0;2021-08-24;162354;376971;1833;5;1;48286499;37274685;159647;271;88
FR;0;2021-08-25;150954;350919;2024;6;3;48437453;37625604;161671;277;91
FR;0;2021-08-26;142713;342840;2548;10;1;48580166;37968444;164219;287;92
FR;0;2021-08-27;148270;387652;2784;11;4;48728436;38356096;167003;298;96
FR;0;2021-08-28;90485;249498;1402;0;0;48818921;38605594;168405;298;96
FR;0;2021-08-29;27291;83289;508;1;0;48846212;38688883;168913;299;96
FR;0;2021-08-30;117231;324844;4703;6;6073;48963443;39013727;173616;305;6169
FR;0;2021-08-31;128617;334693;10153;17;11875;49092060;39348420;183769;322;18044
FR;0;2021-09-01;135292;285592;22391;7;24138;49227352;39634012;206160;329;42182
FR;0;2021-09-02;112835;247329;26473;12;28731;49340187;39881341;232633;341;70913
FR;0;2021-09-03;118263;292725;29924;24;32814;49458450;40174066;262557;365;103727
FR;0;2021-09-04;89549;217656;12572;12;13986;49547999;40391722;275129;377;117713
FR;0;2021-09-05;21336;44896;4383;2;4722;49569335;40436618;279512;379;122435
FR;0;2021-09-06;75260;180915;31921;16;34080;49644595;40617533;311433;395;156515
FR;0;2021-09-07;78902;181251;33220;39;35967;49723497;40798784;344653;434;192482
FR;0;2021-09-08;88885;206115;29631;26;32216;49812382;41004899;374284;460;224698
FR;0;2021-09-09;75854;165289;33001;26;36315;49888236;41170188;407285;486;261013
FR;0;2021-09-10;95246;203541;35680;26;40289;49983482;41373729;442965;512;301302
FR;0;2021-09-11;66172;169123;12115;18;14170;50049654;41542852;455080;530;315472
FR;0;2021-09-12;12704;32089;2760;2;3135;50062358;41574941;457840;532;318607
FR;0;2021-09-13;64309;126385;41152;32;43723;50126667;41701326;498992;564;362330
FR;0;2021-09-14;73231;129226;56267;80;61594;50199898;41830552;555259;644;423924
FR;0;2021-09-15;76452;167728;55570;58;54660;50276350;41998280;610829;702;478584
FR;0;2021-09-16;63773;114372;59967;86;59876;50340123;42112652;670796;788;538460
FR;0;2021-09-17;74966;156746;53770;71;57123;50415089;42269398;724566;859;595583
FR;0;2021-09-18;48121;139512;15587;25;17269;50463210;42408910;740153;884;612852
FR;0;2021-09-19;7844;23710;2427;2;2618;50471054;42432620;742580;886;615470
FR;0;2021-09-20;45276;93877;49966;76;50103;50516330;42526497;792546;962;665573
FR;0;2021-09-21;45721;98436;62647;78;63207;50562051;42624933;855193;1040;728780
FR;0;2021-09-22;48510;142039;55260;85;55191;50610561;42766972;910453;1125;783971
FR;0;2021-09-23;43101;91752;62291;95;63255;50653662;42858724;972744;1220;847226
FR;0;2021-09-24;52145;132687;54472;110;58969;50705807;42991411;1027216;1330;906195
FR;0;2021-09-25;35115;115320;16254;37;18220;50740922;43106731;1043470;1367;924415
FR;0;2021-09-26;5528;17823;2259;4;2341;50746450;43124554;1045729;1371;926756
FR;0;2021-09-27;33915;76937;47126;95;48059;50780365;43201491;1092855;1466;974815
FR;0;2021-09-28;36413;75226;54854;88;56344;50816778;43276717;1147709;1554;1031159
FR;0;2021-09-29;44226;100717;53253;111;54688;50861004;43377434;1200962;1665;1085847
FR;0;2021-09-30;36179;71749;56924;96;59319;50897183;43449183;1257886;1761;1145166
FR;0;2021-10-01;61694;100277;57733;108;63594;50958877;43549460;1315619;1869;1208760
FR;0;2021-10-02;38847;78166;20939;38;23271;50997724;43627626;1336558;1907;1232031
FR;0;2021-10-03;5231;10590;2516;4;2554;51002955;43638216;1339074;1911;1234585
FR;0;2021-10-04;34596;58364;52565;83;54732;51037551;43696580;1391639;1994;1289317
FR;0;2021-10-05;33266;64251;60899;135;64787;51070817;43760831;1452538;2129;1354104
FR;0;2021-10-06;42130;79060;65623;113;68109;51112947;43839891;1518161;2242;1422213
FR;0;2021-10-07;30255;61926;65320;90;68569;51143202;43901817;1583481;2332;1490782
FR;0;2021-10-08;48424;91598;77657;110;84481;51191626;43993415;1661138;2442;1575263
FR;0;2021-10-09;33447;60708;31496;35;33817;51225073;44054123;1692634;2477;1609080
FR;0;2021-10-10;4529;7358;3177;9;3466;51229602;44061481;1695811;2486;1612546
FR;0;2021-10-11;30434;49922;60978;105;63971;51260036;44111403;1756789;2591;1676517
FR;0;2021-10-12;31181;54396;70504;138;75702;51291217;44165799;1827293;2729;1752219
FR;0;2021-10-13;39896;62648;74367;135;79175;51331113;44228447;1901660;2864;1831394
FR;0;2021-10-14;30277;52674;68688;114;73642;51361390;44281121;1970348;2978;1905036
FR;0;2021-10-15;44599;74895;93176;189;102847;51405989;44356016;2063524;3167;2007883
FR;0;2021-10-16;31131;43975;36666;45;39575;51437120;44399991;2100190;3212;2047458
FR;0;2021-10-17;3811;5225;3586;2;3686;51440931;44405216;2103776;3214;2051144
FR;0;2021-10-18;27254;41320;67436;131;71279;51468185;44446536;2171212;3345;2122423
FR;0;2021-10-19;26897;43069;76340;141;81553;51495082;44489605;2247552;3486;2203976
FR;0;2021-10-20;35189;52206;96857;179;101351;51530271;44541811;2344409;3665;2305327
FR;0;2021-10-21;25798;45104;83867;113;89034;51556069;44586915;2428276;3778;2394361
FR;0;2021-10-22;38156;62060;104807;198;112384;51594225;44648975;2533083;3976;2506745
FR;0;2021-10-23;26831;40698;45414;57;48573;51621056;44689673;2578497;4033;2555318
FR;0;2021-10-24;2902;4781;3675;6;3943;51623958;44694454;2582172;4039;2559261
FR;0;2021-10-25;25923;36213;82260;144;86545;51649881;44730667;2664432;4183;2645806
FR;0;2021-10-26;23625;34940;87158;166;92221;51673506;44765607;2751590;4349;2738027
FR;0;2021-10-27;29922;46273;108911;258;114545;51703428;44811880;2860501;4607;2852572
FR;0;2021-10-28;23274;34690;88619;153;94291;51726702;44846570;2949120;4760;2946863
FR;0;2021-10-29;31436;50916;117223;205;125134;51758138;44897486;3066343;4965;3071997
FR;0;2021-10-30;20336;32978;50296;78;53318;51778474;44930464;3116639;5043;3125315
FR;0;2021-10-31;2487;3810;3581;3;3876;51780961;44934274;3120220;5046;3129191
FR;0;2021-11-01;7664;4501;3184;3;3524;51788625;44938775;3123404;5049;3132715
FR;0;2021-11-02;24931;39893;93492;155;99376;51813556;44978668;3216896;5204;3232091
FR;0;2021-11-03;29500;47586;118793;218;125674;51843056;45026254;3335689;5422;3357765
FR;0;2021-11-04;23542;37375;107440;217;114236;51866598;45063629;3443129;5639;3472001
FR;0;2021-11-05;32171;52648;141527;233;151144;51898769;45116277;3584656;5872;3623145
FR;0;2021-11-06;21354;34460;64817;123;68173;51920123;45150737;3649473;5995;3691318
FR;0;2021-11-07;2358;4291;5160;6;5590;51922481;45155028;3654633;6001;3696908
FR;0;2021-11-08;20203;37746;127083;225;134081;51942684;45192774;3781716;6226;3830989
FR;0;2021-11-09;21963;44734;161560;342;172003;51964647;45237508;3943276;6568;4002992
FR;0;2021-11-10;31115;54648;186872;444;198515;51995762;45292156;4130148;7012;4201507
FR;0;2021-11-11;3977;6359;12894;28;13870;51999739;45298515;4143042;7040;4215377
FR;0;2021-11-12;28931;55019;183662;248;197158;52028670;45353534;4326704;7288;4412535
FR;0;2021-11-13;20167;32629;80649;117;86252;52048837;45386163;4407353;7405;4498787
FR;0;2021-11-14;2300;3985;7152;6;7876;52051137;45390148;4414505;7411;4506663
FR;0;2021-11-15;20174;38691;160706;312;171359;52071311;45428839;4575211;7723;4678022
FR;0;2021-11-16;23150;43846;200235;391;214698;52094461;45472685;4775446;8114;4892720
FR;0;2021-11-17;30202;50322;199730;406;212706;52124663;45523007;4975176;8520;5105426
FR;0;2021-11-18;23203;43768;191515;468;205281;52147866;45566775;5166691;8988;5310707
FR;0;2021-11-19;33570;61282;243050;547;261915;52181436;45628057;5409741;9535;5572622
FR;0;2021-11-20;25207;36577;102079;205;109600;52206643;45664634;5511820;9740;5682222
FR;0;2021-11-21;2607;4615;9626;18;10655;52209250;45669249;5521446;9758;5692877
FR;0;2021-11-22;22675;33209;180219;470;194642;52231925;45702458;5701665;10228;5887519
FR;0;2021-11-23;25427;45479;229221;547;247554;52257352;45747937;5930886;10775;6135073
FR;0;2021-11-24;31699;53565;224691;717;243027;52289051;45801502;6155577;11492;6378100
FR;0;2021-11-25;25318;48778;255767;740;277428;52314369;45850280;6411344;12232;6655528
FR;0;2021-11-26;33101;74579;379295;865;414420;52347470;45924859;6790639;13097;7069948
FR;0;2021-11-27;23159;49354;214803;388;236513;52370629;45974213;7005442;13485;7306461
FR;0;2021-11-28;3474;10607;56707;65;63346;52374103;45984820;7062149;13550;7369807
FR;0;2021-11-29;19315;54070;341320;864;371398;52393418;46038890;7403469;14414;7741205
FR;0;2021-11-30;24394;71824;457188;985;500514;52417812;46110714;7860657;15399;8241719
FR;0;2021-12-01;26476;75640;468886;1158;511012;52444288;46186354;8329543;16557;8752731
FR;0;2021-12-02;21802;71564;526913;1274;574568;52466090;46257918;8856456;17831;9327299
FR;0;2021-12-03;25462;92301;596154;1415;650785;52491552;46350219;9452610;19246;9978084
FR;0;2021-12-04;18257;60404;336107;690;369597;52509809;46410623;9788717;19936;10347681
FR;0;2021-12-05;4138;16308;95740;156;107077;52513947;46426931;9884457;20092;10454758
FR;0;2021-12-06;19200;72852;492954;1171;539730;52533147;46499783;10377411;21263;10994488
FR;0;2021-12-07;23243;91666;645131;1765;705945;52556390;46591449;11022542;23028;11700433
FR;0;2021-12-08;25189;91981;591372;1871;647244;52581579;46683430;11613914;24899;12347677
FR;0;2021-12-09;23909;94078;662839;2179;726011;52605488;46777508;12276753;27078;13073688
FR;0;2021-12-10;27179;110952;735816;2071;805814;52632667;46888460;13012569;29149;13879502
FR;0;2021-12-11;20224;75900;435078;982;480258;52652891;46964360;13447647;30131;14359760
FR;0;2021-12-12;5605;23187;142234;261;159224;52658496;46987547;13589881;30392;14518984
FR;0;2021-12-13;21012;91066;587429;1698;649096;52679508;47078613;14177310;32090;15168080
FR;0;2021-12-14;26961;118422;765268;2641;847212;52706469;47197035;14942578;34731;16015292
FR;0;2021-12-15;28092;114146;694087;2263;768793;52734561;47311181;15636665;36994;16784085
FR;0;2021-12-16;27874;115897;763825;2555;844223;52762435;47427078;16400490;39549;17628308
FR;0;2021-12-17;31475;128654;807678;2710;891887;52793910;47555732;17208168;42259;18520195
FR;0;2021-12-18;24913;81616;469911;1178;522154;52818823;47637348;17678079;43437;19042349
FR;0;2021-12-19;8741;28956;169387;378;191269;52827564;47666304;17847466;43815;19233618
FR;0;2021-12-20;31659;97395;591476;1786;658768;52859223;47763699;18438942;45601;19892386
FR;0;2021-12-21;39164;112162;682287;2390;759437;52898387;47875861;19121229;47991;20651823
FR;0;2021-12-22;39417;99440;575580;2164;641995;52937804;47975301;19696809;50155;21293818
FR;0;2021-12-23;33669;79623;441135;1647;494573;52971473;48054924;20137944;51802;21788391
FR;0;2021-12-24;10629;26064;111029;395;126732;52982102;48080988;20248973;52197;21915123
FR;0;2021-12-25;759;3485;7597;25;9079;52982861;48084473;20256570;52222;21924202
FR;0;2021-12-26;4697;11896;52086;139;60153;52987558;48096369;20308656;52361;21984355
FR;0;2021-12-27;30262;83748;453587;1365;509195;53017820;48180117;20762243;53726;22493550
FR;0;2021-12-28;38260;98866;564191;1763;632259;53056080;48278983;21326434;55489;23125809
FR;0;2021-12-29;39819;88313;501184;1687;561009;53095899;48367296;21827618;57176;23686818
FR;0;2021-12-30;35842;74748;421046;1519;471177;53131741;48442044;22248664;58695;24157995
FR;0;2021-12-31;11825;25043;116968;405;131735;53143566;48467087;22365632;59100;24289730
FR;0;2022-01-01;1221;3202;8537;37;9959;53144787;48470289;22374169;59137;24299689
FR;0;2022-01-02;6064;13008;58472;124;67027;53150851;48483297;22432641;59261;24366716
FR;0;2022-01-03;31543;87373;495965;1592;552550;53182394;48570670;22928606;60853;24919266
FR;0;2022-01-04;40541;110488;641818;2303;714696;53222935;48681158;23570424;63156;25633962
FR;0;2022-01-05;59576;102850;569957;1980;634914;53282511;48784008;24140381;65136;26268876
FR;0;2022-01-06;43773;109937;639564;2687;711986;53326284;48893945;24779945;67823;26980862
FR;0;2022-01-07;50420;122672;711960;2808;791339;53376704;49016617;25491905;70631;27772201
FR;0;2022-01-08;44880;80295;423911;1207;472971;53421584;49096912;25915816;71838;28245172
FR;0;2022-01-09;15593;26819;128592;299;145776;53437177;49123731;26044408;72137;28390948
FR;0;2022-01-10;34824;86196;471638;1809;524490;53472001;49209927;26516046;73946;28915438
FR;0;2022-01-11;41507;99656;549103;2301;609341;53513508;49309583;27065149;76247;29524779
FR;0;2022-01-12;59973;94993;453543;1962;505185;53573481;49404576;27518692;78209;30029964
FR;0;2022-01-13;37759;92005;488096;2078;541746;53611240;49496581;28006788;80287;30571710
FR;0;2022-01-14;42242;103192;569859;2282;630335;53653482;49599773;28576647;82569;31202045
FR;0;2022-01-15;39270;65915;340376;979;377840;53692752;49665688;28917023;83548;31579885
FR;0;2022-01-16;11380;20725;87418;215;99510;53704132;49686413;29004441;83763;31679395
FR;0;2022-01-17;24541;62123;322199;1377;356140;53728673;49748536;29326640;85140;32035535
FR;0;2022-01-18;28056;70237;362126;1797;398641;53756729;49818773;29688766;86937;32434176
FR;0;2022-01-19;42944;68777;282308;1448;312140;53799673;49887550;29971074;88385;32746316
FR;0;2022-01-20;23332;61216;300283;1737;329781;53823005;49948766;30271357;90122;33076097
FR;0;2022-01-21;27926;70355;368052;2076;402897;53850931;50019121;30639409;92198;33478994
FR;0;2022-01-22;27586;47789;219137;838;242118;53878517;50066910;30858546;93036;33721112
FR;0;2022-01-23;6693;13873;48680;171;55236;53885210;50080783;30907226;93207;33776348
FR;0;2022-01-24;16175;49444;218580;1132;240680;53901385;50130227;31125806;94339;34017028
FR;0;2022-01-25;18876;56241;243899;1542;267977;53920261;50186468;31369705;95881;34285005
FR;0;2022-01-26;28061;61269;209897;1290;229995;53948322;50247737;31579602;97171;34515000
FR;0;2022-01-27;16242;47663;208228;1261;226453;53964564;50295400;31787830;98432;34741453
FR;0;2022-01-28;21437;77352;290715;1573;322218;53986001;50372752;32078545;100005;35063671
FR;0;2022-01-29;18383;54687;184354;683;204864;54004384;50427439;32262899;100688;35268535
FR;0;2022-01-30;4460;15682;39129;121;45115;54008844;50443121;32302028;100809;35313650
FR;0;2022-01-31;11182;44057;148360;739;165014;54020026;50487178;32450388;101548;35478664
FR;0;2022-02-01;12552;48760;174592;1132;191846;54032578;50535938;32624980;102680;35670510
FR;0;2022-02-02;19637;66606;171755;1015;190396;54052215;50602544;32796735;103695;35860906
FR;0;2022-02-03;10859;45427;157574;971;173381;54063074;50647971;32954309;104666;36034287
FR;0;2022-02-04;14424;68165;239150;1258;264169;54077498;50716136;33193459;105924;36298456
FR;0;2022-02-05;12556;52964;153523;522;172351;54090054;50769100;33346982;106446;36470807
FR;0;2022-02-06;2699;13263;28867;98;33842;54092753;50782363;33375849;106544;36504649
FR;0;2022-02-07;9180;47216;156802;581;176307;54101933;50829579;33532651;107125;36680956
FR;0;2022-02-08;9471;42440;166518;863;184262;54111404;50872019;33699169;107988;36865218
FR;0;2022-02-09;14051;57447;172244;861;192878;54125455;50929466;33871413;108849;37058096
FR;0;2022-02-10;8176;37843;150032;871;166413;54133631;50967309;34021445;109720;37224509
FR;0;2022-02-11;10693;55232;218307;1091;242851;54144324;51022541;34239752;110811;37467360
FR;0;2022-02-12;8277;40805;134631;460;151634;54152601;51063346;34374383;111271;37618994
FR;0;2022-02-13;1874;8553;26510;81;30866;54154475;51071899;34400893;111352;37649860
FR;0;2022-02-14;6835;34982;148211;479;166188;54161310;51106881;34549104;111831;37816048
FR;0;2022-02-15;6785;35222;146649;748;162159;54168095;51142103;34695753;112579;37978207
FR;0;2022-02-16;9211;42264;132306;715;146465;54177306;51184367;34828059;113294;38124672
FR;0;2022-02-17;5293;23385;87104;579;94593;54182599;51207752;34915163;113873;38219265
FR;0;2022-02-18;6799;33005;119416;799;129032;54189398;51240757;35034579;114672;38348297
FR;0;2022-02-19;5282;24385;69891;367;77178;54194680;51265142;35104470;115039;38425475
FR;0;2022-02-20;1115;4589;12110;38;13879;54195795;51269731;35116580;115077;38439354
FR;0;2022-02-21;3942;17681;61753;351;66969;54199737;51287412;35178333;115428;38506323
FR;0;2022-02-22;4280;18362;60603;563;64207;54204017;51305774;35238936;115991;38570530
FR;0;2022-02-23;6450;26915;66291;589;71650;54210467;51332689;35305227;116580;38642180
FR;0;2022-02-24;3665;14868;50120;512;52900;54214132;51347557;35355347;117092;38695080
FR;0;2022-02-25;5107;23280;75997;798;79686;54219239;51370837;35431344;117890;38774766
FR;0;2022-02-26;3926;17425;47246;352;51303;54223165;51388262;35478590;118242;38826069
FR;0;2022-02-27;851;2964;7975;45;8880;54224016;51391226;35486565;118287;38834949
FR;0;2022-02-28;3008;11948;40239;349;42661;54227024;51403174;35526804;118636;38877610
FR;0;2022-03-01;2912;11794;42088;414;42715;54229936;51414968;35568892;119050;38920325
FR;0;2022-03-02;4931;17187;45638;428;47563;54234867;51432155;35614530;119478;38967888
FR;0;2022-03-03;2548;8499;28529;335;28616;54237415;51440654;35643059;119813;38996504
FR;0;2022-03-04;3078;11920;39162;635;38277;54240493;51452574;35682221;120448;39034781
FR;0;2022-03-05;2844;9091;24535;300;24670;54243337;51461665;35706756;120748;39059451
FR;0;2022-03-06;486;1349;3127;43;3359;54243823;51463014;35709883;120791;39062810
FR;0;2022-03-07;1847;5236;16985;299;16243;54245670;51468250;35726868;121090;39079053
FR;0;2022-03-08;1872;5598;18327;338;16775;54247542;51473848;35745195;121428;39095828
FR;0;2022-03-09;3334;9921;20676;385;19752;54250876;51483769;35765871;121813;39115580
FR;0;2022-03-10;1582;4598;14331;308;13143;54252458;51488367;35780202;122121;39128723
FR;0;2022-03-11;2243;6976;23309;510;21040;54254701;51495343;35803511;122631;39149763
FR;0;2022-03-12;2564;6507;16695;288;16036;54257265;51501850;35820206;122919;39165799
FR;0;2022-03-13;360;728;2107;138;2064;54257625;51502578;35822313;123057;39167863
FR;0;2022-03-14;1345;3680;12932;4334;11825;54258970;51506258;35835245;127391;39179688
