fra;vaccin;jour;n_dose1;n_dose2;n_cum_dose1;n_cum_dose2
FR;1;2020-12-27;267;0;267;0
FR;1;2020-12-28;284;0;551;0
FR;1;2020-12-29;209;0;760;0
FR;1;2020-12-30;254;0;1014;0
FR;1;2020-12-31;193;0;1207;0
FR;1;2021-01-01;210;0;1417;0
FR;1;2021-01-02;163;0;1580;0
FR;1;2021-01-03;196;0;1776;0
FR;1;2021-01-04;1658;0;3434;0
FR;1;2021-01-05;5611;0;9045;0
FR;1;2021-01-06;11520;0;20565;0
FR;1;2021-01-07;28955;0;49520;0
FR;1;2021-01-08;36636;0;86156;0
FR;1;2021-01-09;11039;0;97195;0
FR;1;2021-01-10;5733;0;102928;0
FR;1;2021-01-11;39508;0;142436;0
FR;1;2021-01-12;61527;0;203963;0
FR;1;2021-01-13;64481;0;268444;0
FR;1;2021-01-14;80690;0;349134;0
FR;1;2021-01-15;68050;0;417184;0
FR;1;2021-01-16;19727;77;436911;77
FR;1;2021-01-17;10646;42;447557;119
FR;1;2021-01-18;82194;161;529751;280
FR;1;2021-01-19;125172;125;654923;405
FR;1;2021-01-20;131605;156;786528;561
FR;1;2021-01-21;151971;132;938499;693
FR;1;2021-01-22;115132;160;1053631;853
FR;1;2021-01-23;36343;50;1089974;903
FR;1;2021-01-24;9388;27;1099362;930
FR;1;2021-01-25;73857;1215;1173219;2145
FR;1;2021-01-26;95924;3108;1269143;5253
FR;1;2021-01-27;103089;5593;1372232;10846
FR;1;2021-01-28;119944;14356;1492176;25202
FR;1;2021-01-29;88372;17281;1580548;42483
FR;1;2021-01-30;27792;4223;1608340;46706
FR;1;2021-01-31;5009;1679;1613349;48385
FR;1;2021-02-01;48790;21120;1662139;69505
FR;1;2021-02-02;67040;34557;1729179;104062
FR;1;2021-02-03;66517;36954;1795696;141016
FR;1;2021-02-04;76463;50038;1872159;191054
FR;1;2021-02-05;62946;45323;1935105;236377
FR;1;2021-02-06;19196;10393;1954301;246770
FR;1;2021-02-07;3531;5041;1957832;251811
FR;1;2021-02-08;36108;45962;1993940;297773
FR;1;2021-02-09;50396;72383;2044336;370156
FR;1;2021-02-10;51371;76667;2095707;446823
FR;1;2021-02-11;62840;99070;2158547;545893
FR;1;2021-02-12;55347;73973;2213894;619866
FR;1;2021-02-13;15280;19262;2229174;639128
FR;1;2021-02-14;3534;7190;2232708;646318
FR;1;2021-02-15;23808;73432;2256516;719750
FR;1;2021-02-16;32347;96841;2288863;816591
FR;1;2021-02-17;34665;98582;2323528;915173
FR;1;2021-02-18;48832;113423;2372360;1028596
FR;1;2021-02-19;44934;86418;2417294;1115014
FR;1;2021-02-20;13199;26911;2430493;1141925
FR;1;2021-02-21;2255;6286;2432748;1148211
FR;1;2021-02-22;24322;69414;2457070;1217625
FR;1;2021-02-23;37004;80352;2494074;1297977
FR;1;2021-02-24;40074;77646;2534148;1375623
FR;1;2021-02-25;49605;87947;2583753;1463570
FR;1;2021-02-26;46631;67884;2630384;1531454
FR;1;2021-02-27;15409;20930;2645793;1552384
FR;1;2021-02-28;3356;4385;2649149;1556769
FR;1;2021-03-01;39250;49010;2688399;1605779
FR;1;2021-03-02;55280;61509;2743679;1667288
FR;1;2021-03-03;60240;60645;2803919;1727933
FR;1;2021-03-04;72152;64893;2876071;1792826
FR;1;2021-03-05;73884;59258;2949955;1852084
FR;1;2021-03-06;81940;16083;3031895;1868167
FR;1;2021-03-07;63325;5412;3095220;1873579
FR;1;2021-03-08;59417;42460;3154637;1916039
FR;1;2021-03-09;85216;48315;3239853;1964354
FR;1;2021-03-10;89860;48062;3329713;2012416
FR;1;2021-03-11;104042;53852;3433755;2066268
FR;1;2021-03-12;103188;45290;3536943;2111558
FR;1;2021-03-13;88404;12743;3625347;2124301
FR;1;2021-03-14;44050;3028;3669397;2127329
FR;1;2021-03-15;94601;29119;3763998;2156448
FR;1;2021-03-16;122812;34891;3886810;2191339
FR;1;2021-03-17;128522;34829;4015332;2226168
FR;1;2021-03-18;141988;39708;4157320;2265876
FR;1;2021-03-19;135402;32898;4292722;2298774
FR;1;2021-03-20;75487;10208;4368209;2308982
FR;1;2021-03-21;26111;2475;4394320;2311457
FR;1;2021-03-22;113884;31174;4508204;2342631
FR;1;2021-03-23;142056;38168;4650260;2380799
FR;1;2021-03-24;141011;38772;4791271;2419571
FR;1;2021-03-25;164054;39617;4955325;2459188
FR;1;2021-03-26;165560;37486;5120885;2496674
FR;1;2021-03-27;110377;15253;5231262;2511927
FR;1;2021-03-28;41998;3620;5273260;2515547
FR;1;2021-03-29;129168;49949;5402428;2565496
FR;1;2021-03-30;166731;63578;5569159;2629074
FR;1;2021-03-31;169941;66897;5739100;2695971
FR;1;2021-04-01;192769;79241;5931869;2775212
FR;1;2021-04-02;163442;84310;6095311;2859522
FR;1;2021-04-03;87566;58170;6182877;2917692
FR;1;2021-04-04;32625;17732;6215502;2935424
FR;1;2021-04-05;42930;10176;6258432;2945600
FR;1;2021-04-06;158994;100869;6417426;3046469
FR;1;2021-04-07;195433;108246;6612859;3154715
FR;1;2021-04-08;220285;112379;6833144;3267094
FR;1;2021-04-09;212992;107498;7046136;3374592
FR;1;2021-04-10;116422;73455;7162558;3448047
FR;1;2021-04-11;40379;30281;7202937;3478328
FR;1;2021-04-12;167294;103779;7370231;3582107
FR;1;2021-04-13;202333;128239;7572564;3710346
FR;1;2021-04-14;206719;122802;7779283;3833148
FR;1;2021-04-15;219529;126752;7998812;3959900
FR;1;2021-04-16;204857;125139;8203669;4085039
FR;1;2021-04-17;121411;67479;8325080;4152518
FR;1;2021-04-18;35498;20992;8360578;4173510
FR;1;2021-04-19;162596;121907;8523174;4295417
FR;1;2021-04-20;187911;148765;8711085;4444182
FR;1;2021-04-21;192541;146703;8903626;4590885
FR;1;2021-04-22;207517;162629;9111143;4753514
FR;1;2021-04-23;197713;156924;9308856;4910438
FR;1;2021-04-24;125488;95502;9434344;5005940
FR;1;2021-04-25;53134;30130;9487478;5036070
FR;1;2021-04-26;180083;138264;9667561;5174334
FR;1;2021-04-27;219971;161966;9887532;5336300
FR;1;2021-04-28;236924;155100;10124456;5491400
FR;1;2021-04-29;268617;160055;10393073;5651455
FR;1;2021-04-30;270352;148139;10663425;5799594
FR;1;2021-05-01;138901;40708;10802326;5840302
FR;1;2021-05-02;80777;28150;10883103;5868452
FR;1;2021-05-03;248201;146452;11131304;6014904
FR;1;2021-05-04;263427;186830;11394731;6201734
FR;1;2021-05-05;280428;184558;11675159;6386292
FR;1;2021-05-06;306976;183019;11982135;6569311
FR;1;2021-05-07;281951;195719;12264086;6765030
FR;1;2021-05-08;190520;48335;12454606;6813365
FR;1;2021-05-09;113439;36212;12568045;6849577
FR;1;2021-05-10;254368;194248;12822413;7043825
FR;1;2021-05-11;316396;211386;13138809;7255211
FR;1;2021-05-12;353472;185891;13492281;7441102
FR;1;2021-05-13;280986;47647;13773267;7488749
FR;1;2021-05-14;367550;128848;14140817;7617597
FR;1;2021-05-15;295251;66142;14436068;7683739
FR;1;2021-05-16;156796;15578;14592864;7699317
FR;1;2021-05-17;316628;116684;14909492;7816001
FR;1;2021-05-18;379811;111321;15289303;7927322
FR;1;2021-05-19;392672;102909;15681975;8030231
FR;1;2021-05-20;418689;96311;16100664;8126542
FR;1;2021-05-21;397177;97373;16497841;8223915
FR;1;2021-05-22;274180;42082;16772021;8265997
FR;1;2021-05-23;122359;11209;16894380;8277206
FR;1;2021-05-24;242664;26305;17137044;8303511
FR;1;2021-05-25;363667;131936;17500711;8435447
FR;1;2021-05-26;378431;125692;17879142;8561139
FR;1;2021-05-27;403742;128216;18282884;8689355
FR;1;2021-05-28;363918;145541;18646802;8834896
FR;1;2021-05-29;252816;80974;18899618;8915870
FR;1;2021-05-30;100274;22571;18999892;8938441
FR;1;2021-05-31;312520;148813;19312412;9087254
FR;1;2021-06-01;353706;166788;19666118;9254042
FR;1;2021-06-02;358243;153259;20024361;9407301
FR;1;2021-06-03;384579;147762;20408940;9555063
FR;1;2021-06-04;359800;175671;20768740;9730734
FR;1;2021-06-05;256444;112796;21025184;9843530
FR;1;2021-06-06;125225;37538;21150409;9881068
FR;1;2021-06-07;296212;208214;21446621;10089282
FR;1;2021-06-08;327352;221093;21773973;10310375
FR;1;2021-06-09;332618;212686;22106591;10523061
FR;1;2021-06-10;338410;202297;22445001;10725358
FR;1;2021-06-11;309376;235548;22754377;10960906
FR;1;2021-06-12;242341;150859;22996718;11111765
FR;1;2021-06-13;99482;61083;23096200;11172848
FR;1;2021-06-14;205430;289188;23301630;11462036
FR;1;2021-06-15;253656;282567;23555286;11744603
FR;1;2021-06-16;270589;270593;23825875;12015196
FR;1;2021-06-17;265277;244536;24091152;12259732
FR;1;2021-06-18;258287;296151;24349439;12555883
FR;1;2021-06-19;192338;209704;24541777;12765587
FR;1;2021-06-20;68875;89195;24610652;12854782
FR;1;2021-06-21;170198;320166;24780850;13174948
FR;1;2021-06-22;183646;347849;24964496;13522797
FR;1;2021-06-23;201667;339568;25166163;13862365
FR;1;2021-06-24;201223;281912;25367386;14144277
FR;1;2021-06-25;179878;372056;25547264;14516333
FR;1;2021-06-26;130332;278519;25677596;14794852
FR;1;2021-06-27;51837;123058;25729433;14917910
FR;1;2021-06-28;134966;368552;25864399;15286462
FR;1;2021-06-29;153314;389713;26017713;15676175
FR;1;2021-06-30;178069;378461;26195782;16054636
FR;1;2021-07-01;192538;332315;26388320;16386951
FR;1;2021-07-02;187330;367932;26575650;16754883
FR;1;2021-07-03;122681;280672;26698331;17035555
FR;1;2021-07-04;53188;113780;26751519;17149335
FR;1;2021-07-05;149545;356360;26901064;17505695
FR;1;2021-07-06;169895;382866;27070959;17888561
FR;1;2021-07-07;185847;362893;27256806;18251454
FR;1;2021-07-08;198048;323236;27454854;18574690
FR;1;2021-07-09;186557;386857;27641411;18961547
FR;1;2021-07-10;128286;281104;27769697;19242651
FR;1;2021-07-11;57008;102516;27826705;19345167
FR;1;2021-07-12;146435;417158;27973140;19762325
FR;1;2021-07-13;230971;439855;28204111;20202180
FR;1;2021-07-14;169345;151690;28373456;20353870
FR;1;2021-07-15;275691;424925;28649147;20778795
FR;1;2021-07-16;286059;401545;28935206;21180340
FR;1;2021-07-17;215141;282411;29150347;21462751
FR;1;2021-07-18;101311;107491;29251658;21570242
FR;1;2021-07-19;234976;379591;29486634;21949833
FR;1;2021-07-20;302522;381442;29789156;22331275
FR;1;2021-07-21;330048;353947;30119204;22685222
FR;1;2021-07-22;361342;319661;30480546;23004883
FR;1;2021-07-23;344329;343316;30824875;23348199
FR;1;2021-07-24;237710;241474;31062585;23589673
FR;1;2021-07-25;111964;76182;31174549;23665855
FR;1;2021-07-26;296405;290586;31470954;23956441
FR;1;2021-07-27;382028;269125;31852982;24225566
FR;1;2021-07-28;384616;251719;32237598;24477285
FR;1;2021-07-29;402216;228112;32639814;24705397
FR;1;2021-07-30;364560;246873;33004374;24952270
FR;1;2021-07-31;241535;165091;33245909;25117361
FR;1;2021-08-01;102066;47281;33347975;25164642
FR;1;2021-08-02;278402;212940;33626377;25377582
FR;1;2021-08-03;321775;209479;33948152;25587061
FR;1;2021-08-04;318518;184648;34266670;25771709
FR;1;2021-08-05;294013;193490;34560683;25965199
FR;1;2021-08-06;283230;224950;34843913;26190149
FR;1;2021-08-07;179281;159190;35023194;26349339
FR;1;2021-08-08;66751;59260;35089945;26408599
FR;1;2021-08-09;216232;236543;35306177;26645142
FR;1;2021-08-10;245503;241337;35551680;26886479
FR;1;2021-08-11;229961;233048;35781641;27119527
FR;1;2021-08-12;214830;240120;35996471;27359647
FR;1;2021-08-13;194850;237002;36191321;27596649
FR;1;2021-08-14;118637;174851;36309958;27771500
FR;1;2021-08-15;33206;46256;36343164;27817756
FR;1;2021-08-16;150057;290216;36493221;28107972
FR;1;2021-08-17;166802;292059;36660023;28400031
FR;1;2021-08-18;156938;287121;36816961;28687152
FR;1;2021-08-19;144635;277508;36961596;28964660
FR;1;2021-08-20;134748;307933;37096344;29272593
FR;1;2021-08-21;82233;213238;37178577;29485831
FR;1;2021-08-22;27782;82763;37206359;29568594
FR;1;2021-08-23;114626;321071;37320985;29889665
FR;1;2021-08-24;122330;319997;37443315;30209662
FR;2;2020-12-27;0;0;0;0
FR;2;2020-12-28;0;0;0;0
FR;2;2020-12-29;0;0;0;0
FR;2;2020-12-30;0;0;0;0
FR;2;2020-12-31;0;0;0;0
FR;2;2021-01-01;0;0;0;0
FR;2;2021-01-02;0;0;0;0
FR;2;2021-01-03;0;0;0;0
FR;2;2021-01-04;0;0;0;0
FR;2;2021-01-05;0;0;0;0
FR;2;2021-01-06;0;0;0;0
FR;2;2021-01-07;0;0;0;0
FR;2;2021-01-08;0;0;0;0
FR;2;2021-01-09;0;0;0;0
FR;2;2021-01-10;0;0;0;0
FR;2;2021-01-11;0;0;0;0
FR;2;2021-01-12;0;0;0;0
FR;2;2021-01-13;0;0;0;0
FR;2;2021-01-14;722;0;722;0
FR;2;2021-01-15;278;0;1000;0
FR;2;2021-01-16;234;0;1234;0
FR;2;2021-01-17;34;0;1268;0
FR;2;2021-01-18;2989;0;4257;0
FR;2;2021-01-19;4581;0;8838;0
FR;2;2021-01-20;5005;0;13843;0
FR;2;2021-01-21;5204;0;19047;0
FR;2;2021-01-22;4979;0;24026;0
FR;2;2021-01-23;1778;0;25804;0
FR;2;2021-01-24;122;0;25926;0
FR;2;2021-01-25;3718;0;29644;0
FR;2;2021-01-26;3800;0;33444;0
FR;2;2021-01-27;3486;0;36930;0
FR;2;2021-01-28;3599;0;40529;0
FR;2;2021-01-29;3152;0;43681;0
FR;2;2021-01-30;1088;0;44769;0
FR;2;2021-01-31;14;0;44783;0
FR;2;2021-02-01;3306;0;48089;0
FR;2;2021-02-02;4362;0;52451;0
FR;2;2021-02-03;5084;0;57535;0
FR;2;2021-02-04;4799;3;62334;3
FR;2;2021-02-05;4681;6;67015;9
FR;2;2021-02-06;1961;3;68976;12
FR;2;2021-02-07;55;0;69031;12
FR;2;2021-02-08;7463;8;76494;20
FR;2;2021-02-09;8304;15;84798;35
FR;2;2021-02-10;9201;50;93999;85
FR;2;2021-02-11;10125;66;104124;151
FR;2;2021-02-12;9897;238;114021;389
FR;2;2021-02-13;3056;221;117077;610
FR;2;2021-02-14;318;0;117395;610
FR;2;2021-02-15;3386;3067;120781;3677
FR;2;2021-02-16;4984;3880;125765;7557
FR;2;2021-02-17;4158;4402;129923;11959
FR;2;2021-02-18;5300;5089;135223;17048
FR;2;2021-02-19;5246;4323;140469;21371
FR;2;2021-02-20;1798;1509;142267;22880
FR;2;2021-02-21;213;86;142480;22966
FR;2;2021-02-22;3552;3722;146032;26688
FR;2;2021-02-23;4862;3693;150894;30381
FR;2;2021-02-24;4882;3468;155776;33849
FR;2;2021-02-25;5359;3426;161135;37275
FR;2;2021-02-26;4274;3124;165409;40399
FR;2;2021-02-27;1548;1042;166957;41441
FR;2;2021-02-28;131;28;167088;41469
FR;2;2021-03-01;5023;3764;172111;45233
FR;2;2021-03-02;6383;4727;178494;49960
FR;2;2021-03-03;6379;4882;184873;54842
FR;2;2021-03-04;8222;3966;193095;58808
FR;2;2021-03-05;7860;4058;200955;62866
FR;2;2021-03-06;4680;1683;205635;64549
FR;2;2021-03-07;2325;29;207960;64578
FR;2;2021-03-08;4044;8311;212004;72889
FR;2;2021-03-09;7354;8430;219358;81319
FR;2;2021-03-10;6943;9108;226301;90427
FR;2;2021-03-11;9212;9207;235513;99634
FR;2;2021-03-12;7812;8161;243325;107795
FR;2;2021-03-13;9945;2510;253270;110305
FR;2;2021-03-14;4797;402;258067;110707
FR;2;2021-03-15;10747;3483;268814;114190
FR;2;2021-03-16;16603;4621;285417;118811
FR;2;2021-03-17;20043;3952;305460;122763
FR;2;2021-03-18;23132;4907;328592;127670
FR;2;2021-03-19;23094;4537;351686;132207
FR;2;2021-03-20;25292;1539;376978;133746
FR;2;2021-03-21;17561;147;394539;133893
FR;2;2021-03-22;17577;3079;412116;136972
FR;2;2021-03-23;22450;4184;434566;141156
FR;2;2021-03-24;23729;4985;458295;146141
FR;2;2021-03-25;26498;5018;484793;151159
FR;2;2021-03-26;26746;4262;511539;155421
FR;2;2021-03-27;15785;1308;527324;156729
FR;2;2021-03-28;10491;92;537815;156821
FR;2;2021-03-29;18804;4278;556619;161099
FR;2;2021-03-30;24321;6019;580940;167118
FR;2;2021-03-31;28331;5954;609271;173072
FR;2;2021-04-01;34255;8479;643526;181551
FR;2;2021-04-02;29746;7685;673272;189236
FR;2;2021-04-03;16831;3580;690103;192816
FR;2;2021-04-04;9226;918;699329;193734
FR;2;2021-04-05;12255;807;711584;194541
FR;2;2021-04-06;26928;6926;738512;201467
FR;2;2021-04-07;30715;7156;769227;208623
FR;2;2021-04-08;36659;8818;805886;217441
FR;2;2021-04-09;33585;8593;839471;226034
FR;2;2021-04-10;19551;8969;859022;235003
FR;2;2021-04-11;7849;4271;866871;239274
FR;2;2021-04-12;16951;11252;883822;250526
FR;2;2021-04-13;19275;16425;903097;266951
FR;2;2021-04-14;17819;16279;920916;283230
FR;2;2021-04-15;21983;20755;942899;303985
FR;2;2021-04-16;20521;20076;963420;324061
FR;2;2021-04-17;13134;22461;976554;346522
FR;2;2021-04-18;5830;14403;982384;360925
FR;2;2021-04-19;16596;16254;998980;377179
FR;2;2021-04-20;19085;21577;1018065;398756
FR;2;2021-04-21;20026;21665;1038091;420421
FR;2;2021-04-22;23560;24853;1061651;445274
FR;2;2021-04-23;24320;25349;1085971;470623
FR;2;2021-04-24;25149;15104;1111120;485727
FR;2;2021-04-25;9532;8589;1120652;494316
FR;2;2021-04-26;16987;17198;1137639;511514
FR;2;2021-04-27;19094;24299;1156733;535813
FR;2;2021-04-28;22163;26180;1178896;561993
FR;2;2021-04-29;25278;30130;1204174;592123
FR;2;2021-04-30;25395;27775;1229569;619898
FR;2;2021-05-01;14860;9858;1244429;629756
FR;2;2021-05-02;6561;9183;1250990;638939
FR;2;2021-05-03;19814;19315;1270804;658254
FR;2;2021-05-04;18116;29054;1288920;687308
FR;2;2021-05-05;18089;29409;1307009;716717
FR;2;2021-05-06;23309;35287;1330318;752004
FR;2;2021-05-07;25044;33223;1355362;785227
FR;2;2021-05-08;21142;9701;1376504;794928
FR;2;2021-05-09;13063;7893;1389567;802821
FR;2;2021-05-10;32626;22217;1422193;825038
FR;2;2021-05-11;43329;21072;1465522;846110
FR;2;2021-05-12;49669;19896;1515191;866006
FR;2;2021-05-13;50975;5766;1566166;871772
FR;2;2021-05-14;60993;12953;1627159;884725
FR;2;2021-05-15;65605;7148;1692764;891873
FR;2;2021-05-16;43330;2575;1736094;894448
FR;2;2021-05-17;44437;12585;1780531;907033
FR;2;2021-05-18;54287;12244;1834818;919277
FR;2;2021-05-19;56821;10611;1891639;929888
FR;2;2021-05-20;63028;10875;1954667;940763
FR;2;2021-05-21;63923;11664;2018590;952427
FR;2;2021-05-22;61227;4513;2079817;956940
FR;2;2021-05-23;37313;570;2117130;957510
FR;2;2021-05-24;17013;2030;2134143;959540
FR;2;2021-05-25;20814;12237;2154957;971777
FR;2;2021-05-26;19586;11457;2174543;983234
FR;2;2021-05-27;22673;12663;2197216;995897
FR;2;2021-05-28;29104;14977;2226320;1010874
FR;2;2021-05-29;30228;8180;2256548;1019054
FR;2;2021-05-30;4559;1812;2261107;1020866
FR;2;2021-05-31;28372;18749;2289479;1039615
FR;2;2021-06-01;45281;20068;2334760;1059683
FR;2;2021-06-02;37159;19309;2371919;1078992
FR;2;2021-06-03;50947;23384;2422866;1102376
FR;2;2021-06-04;65230;24097;2488096;1126473
FR;2;2021-06-05;34298;24041;2522394;1150514
FR;2;2021-06-06;4834;6203;2527228;1156717
FR;2;2021-06-07;27919;23099;2555147;1179816
FR;2;2021-06-08;46095;22959;2601242;1202775
FR;2;2021-06-09;34052;20912;2635294;1223687
FR;2;2021-06-10;42388;19155;2677682;1242842
FR;2;2021-06-11;55079;25249;2732761;1268091
FR;2;2021-06-12;30412;19815;2763173;1287906
FR;2;2021-06-13;3234;9189;2766407;1297095
FR;2;2021-06-14;25100;24188;2791507;1321283
FR;2;2021-06-15;38773;22889;2830280;1344172
FR;2;2021-06-16;29974;21486;2860254;1365658
FR;2;2021-06-17;36677;25901;2896931;1391559
FR;2;2021-06-18;46673;28800;2943604;1420359
FR;2;2021-06-19;24415;24918;2968019;1445277
FR;2;2021-06-20;2697;10072;2970716;1455349
FR;2;2021-06-21;17308;42776;2988024;1498125
FR;2;2021-06-22;28172;49619;3016196;1547744
FR;2;2021-06-23;21629;49620;3037825;1597364
FR;2;2021-06-24;28223;50314;3066048;1647678
FR;2;2021-06-25;33237;60437;3099285;1708115
FR;2;2021-06-26;16255;59292;3115540;1767407
FR;2;2021-06-27;2509;29358;3118049;1796765
FR;2;2021-06-28;12486;54387;3130535;1851152
FR;2;2021-06-29;19743;59910;3150278;1911062
FR;2;2021-06-30;16192;57789;3166470;1968851
FR;2;2021-07-01;20158;59921;3186628;2028772
FR;2;2021-07-02;23831;62227;3210459;2090999
FR;2;2021-07-03;11970;57110;3222429;2148109
FR;2;2021-07-04;1899;23335;3224328;2171444
FR;2;2021-07-05;8933;29372;3233261;2200816
FR;2;2021-07-06;14314;36214;3247575;2237030
FR;2;2021-07-07;14054;33694;3261629;2270724
FR;2;2021-07-08;19349;40305;3280978;2311029
FR;2;2021-07-09;26838;54289;3307816;2365318
FR;2;2021-07-10;13233;33684;3321049;2399002
FR;2;2021-07-11;1630;4329;3322679;2403331
FR;2;2021-07-12;12731;37289;3335410;2440620
FR;2;2021-07-13;36867;53294;3372277;2493914
FR;2;2021-07-14;6376;3579;3378653;2497493
FR;2;2021-07-15;46895;47067;3425548;2544560
FR;2;2021-07-16;63950;55891;3489498;2600451
FR;2;2021-07-17;31345;23964;3520843;2624415
FR;2;2021-07-18;5975;4946;3526818;2629361
FR;2;2021-07-19;32689;28744;3559507;2658105
FR;2;2021-07-20;51667;44608;3611174;2702713
FR;2;2021-07-21;44877;34845;3656051;2737558
FR;2;2021-07-22;55860;41118;3711911;2778676
FR;2;2021-07-23;67862;49152;3779773;2827828
FR;2;2021-07-24;35859;21565;3815632;2849393
FR;2;2021-07-25;6582;2680;3822214;2852073
FR;2;2021-07-26;35890;22525;3858104;2874598
FR;2;2021-07-27;61829;34676;3919933;2909274
FR;2;2021-07-28;54753;26498;3974686;2935772
FR;2;2021-07-29;67731;32809;4042417;2968581
FR;2;2021-07-30;73549;37800;4115966;3006381
FR;2;2021-07-31;34236;16168;4150202;3022549
FR;2;2021-08-01;5115;2308;4155317;3024857
FR;2;2021-08-02;34899;16198;4190216;3041055
FR;2;2021-08-03;55108;28262;4245324;3069317
FR;2;2021-08-04;45779;20867;4291103;3090184
FR;2;2021-08-05;53596;31610;4344699;3121794
FR;2;2021-08-06;57047;42385;4401746;3164179
FR;2;2021-08-07;24543;17598;4426289;3181777
FR;2;2021-08-08;3665;3669;4429954;3185446
FR;2;2021-08-09;28604;21156;4458558;3206602
FR;2;2021-08-10;44189;33554;4502747;3240156
FR;2;2021-08-11;34626;25157;4537373;3265313
FR;2;2021-08-12;41116;35756;4578489;3301069
FR;2;2021-08-13;41624;36312;4620113;3337381
FR;2;2021-08-14;18007;22648;4638120;3360029
FR;2;2021-08-15;2744;3846;4640864;3363875
FR;2;2021-08-16;24381;27393;4665245;3391268
FR;2;2021-08-17;37538;43551;4702783;3434819
FR;2;2021-08-18;31590;36419;4734373;3471238
FR;2;2021-08-19;36758;46599;4771131;3517837
FR;2;2021-08-20;39485;55512;4810616;3573349
FR;2;2021-08-21;17505;24270;4828121;3597619
FR;2;2021-08-22;2707;4316;4830828;3601935
FR;2;2021-08-23;18465;35140;4849293;3637075
FR;2;2021-08-24;30483;56069;4879776;3693144
FR;3;2020-12-27;0;0;0;0
FR;3;2020-12-28;0;0;0;0
FR;3;2020-12-29;0;0;0;0
FR;3;2020-12-30;0;0;0;0
FR;3;2020-12-31;0;0;0;0
FR;3;2021-01-01;0;0;0;0
FR;3;2021-01-02;0;0;0;0
FR;3;2021-01-03;0;0;0;0
FR;3;2021-01-04;0;0;0;0
FR;3;2021-01-05;0;0;0;0
FR;3;2021-01-06;0;0;0;0
FR;3;2021-01-07;0;0;0;0
FR;3;2021-01-08;0;0;0;0
FR;3;2021-01-09;0;0;0;0
FR;3;2021-01-10;0;0;0;0
FR;3;2021-01-11;0;0;0;0
FR;3;2021-01-12;0;0;0;0
FR;3;2021-01-13;0;0;0;0
FR;3;2021-01-14;0;0;0;0
FR;3;2021-01-15;0;0;0;0
FR;3;2021-01-16;0;0;0;0
FR;3;2021-01-17;0;0;0;0
FR;3;2021-01-18;0;0;0;0
FR;3;2021-01-19;0;0;0;0
FR;3;2021-01-20;0;0;0;0
FR;3;2021-01-21;0;0;0;0
FR;3;2021-01-22;0;0;0;0
FR;3;2021-01-23;0;0;0;0
FR;3;2021-01-24;0;0;0;0
FR;3;2021-01-25;0;0;0;0
FR;3;2021-01-26;0;0;0;0
FR;3;2021-01-27;0;0;0;0
FR;3;2021-01-28;0;0;0;0
FR;3;2021-01-29;0;0;0;0
FR;3;2021-01-30;0;0;0;0
FR;3;2021-01-31;0;0;0;0
FR;3;2021-02-01;0;0;0;0
FR;3;2021-02-02;0;0;0;0
FR;3;2021-02-03;0;0;0;0
FR;3;2021-02-04;0;0;0;0
FR;3;2021-02-05;0;0;0;0
FR;3;2021-02-06;697;0;697;0
FR;3;2021-02-07;1371;0;2068;0
FR;3;2021-02-08;2687;0;4755;0
FR;3;2021-02-09;6688;0;11443;0
FR;3;2021-02-10;9435;0;20878;0
FR;3;2021-02-11;13457;0;34335;0
FR;3;2021-02-12;13165;0;47500;0
FR;3;2021-02-13;3574;0;51074;0
FR;3;2021-02-14;895;0;51969;0
FR;3;2021-02-15;10241;0;62210;0
FR;3;2021-02-16;12316;0;74526;0
FR;3;2021-02-17;10944;0;85470;0
FR;3;2021-02-18;14710;0;100180;0
FR;3;2021-02-19;14209;0;114389;0
FR;3;2021-02-20;3221;0;117610;0
FR;3;2021-02-21;566;0;118176;0
FR;3;2021-02-22;9010;0;127186;0
FR;3;2021-02-23;11213;0;138399;0
FR;3;2021-02-24;14067;0;152466;0
FR;3;2021-02-25;44688;0;197154;0
FR;3;2021-02-26;61679;0;258833;0
FR;3;2021-02-27;34639;6;293472;6
FR;3;2021-02-28;2389;0;295861;6
FR;3;2021-03-01;20174;9;316035;15
FR;3;2021-03-02;38602;12;354637;27
FR;3;2021-03-03;48381;15;403018;42
FR;3;2021-03-04;81866;18;484884;60
FR;3;2021-03-05;117746;42;602630;102
FR;3;2021-03-06;120270;47;722900;149
FR;3;2021-03-07;54967;27;777867;176
FR;3;2021-03-08;42511;20;820378;196
FR;3;2021-03-09;78638;30;899016;226
FR;3;2021-03-10;80497;36;979513;262
FR;3;2021-03-11;128029;46;1107542;308
FR;3;2021-03-12;182275;67;1289817;375
FR;3;2021-03-13;131828;50;1421645;425
FR;3;2021-03-14;13931;4;1435576;429
FR;3;2021-03-15;51902;34;1487478;463
FR;3;2021-03-16;1030;13;1488508;476
FR;3;2021-03-17;781;6;1489289;482
FR;3;2021-03-18;1365;4;1490654;486
FR;3;2021-03-19;70159;36;1560813;522
FR;3;2021-03-20;64994;35;1625807;557
FR;3;2021-03-21;5615;4;1631422;561
FR;3;2021-03-22;37212;30;1668634;591
FR;3;2021-03-23;84286;49;1752920;640
FR;3;2021-03-24;90613;89;1843533;729
FR;3;2021-03-25;149690;114;1993223;843
FR;3;2021-03-26;165041;152;2158264;995
FR;3;2021-03-27;68199;88;2226463;1083
FR;3;2021-03-28;6354;19;2232817;1102
FR;3;2021-03-29;53901;59;2286718;1161
FR;3;2021-03-30;92865;87;2379583;1248
FR;3;2021-03-31;63225;81;2442808;1329
FR;3;2021-04-01;85783;99;2528591;1428
FR;3;2021-04-02;86645;143;2615236;1571
FR;3;2021-04-03;35690;108;2650926;1679
FR;3;2021-04-04;3461;15;2654387;1694
FR;3;2021-04-05;4347;21;2658734;1715
FR;3;2021-04-06;29441;72;2688175;1787
FR;3;2021-04-07;32042;59;2720217;1846
FR;3;2021-04-08;78508;232;2798725;2078
FR;3;2021-04-09;161417;405;2960142;2483
FR;3;2021-04-10;75499;329;3035641;2812
FR;3;2021-04-11;7200;42;3042841;2854
FR;3;2021-04-12;51190;195;3094031;3049
FR;3;2021-04-13;85909;309;3179940;3358
FR;3;2021-04-14;67477;337;3247417;3695
FR;3;2021-04-15;92782;363;3340199;4058
FR;3;2021-04-16;112206;567;3452405;4625
FR;3;2021-04-17;53097;320;3505502;4945
FR;3;2021-04-18;9598;32;3515100;4977
FR;3;2021-04-19;24840;228;3539940;5205
FR;3;2021-04-20;45338;389;3585278;5594
FR;3;2021-04-21;38648;442;3623926;6036
FR;3;2021-04-22;54432;780;3678358;6816
FR;3;2021-04-23;70218;1009;3748576;7825
FR;3;2021-04-24;37052;969;3785628;8794
FR;3;2021-04-25;6056;152;3791684;8946
FR;3;2021-04-26;19495;648;3811179;9594
FR;3;2021-04-27;34181;1240;3845360;10834
FR;3;2021-04-28;28724;1926;3874084;12760
FR;3;2021-04-29;45124;5946;3919208;18706
FR;3;2021-04-30;55249;8921;3974457;27627
FR;3;2021-05-01;9359;1964;3983816;29591
FR;3;2021-05-02;2914;498;3986730;30089
FR;3;2021-05-03;12813;3881;3999543;33970
FR;3;2021-05-04;22804;8428;4022347;42398
FR;3;2021-05-05;18432;10568;4040779;52966
FR;3;2021-05-06;34319;20892;4075098;73858
FR;3;2021-05-07;43932;28394;4119030;102252
FR;3;2021-05-08;6593;8878;4125623;111130
FR;3;2021-05-09;1679;2651;4127302;113781
FR;3;2021-05-10;14731;12556;4142033;126337
FR;3;2021-05-11;26793;25720;4168826;152057
FR;3;2021-05-12;17029;27447;4185855;179504
FR;3;2021-05-13;2124;3483;4187979;182987
FR;3;2021-05-14;14322;25735;4202301;208722
FR;3;2021-05-15;7047;20730;4209348;229452
FR;3;2021-05-16;879;2677;4210227;232129
FR;3;2021-05-17;7723;19907;4217950;252036
FR;3;2021-05-18;13182;29628;4231132;281664
FR;3;2021-05-19;9003;31856;4240135;313520
FR;3;2021-05-20;12531;53210;4252666;366730
FR;3;2021-05-21;12519;65528;4265185;432258
FR;3;2021-05-22;4795;33295;4269980;465553
FR;3;2021-05-23;548;2665;4270528;468218
FR;3;2021-05-24;641;4915;4271169;473133
FR;3;2021-05-25;5038;45170;4276207;518303
FR;3;2021-05-26;4721;51050;4280928;569353
FR;3;2021-05-27;6072;77831;4287000;647184
FR;3;2021-05-28;7320;99100;4294320;746284
FR;3;2021-05-29;3160;60283;4297480;806567
FR;3;2021-05-30;395;8243;4297875;814810
FR;3;2021-05-31;2165;35991;4300040;850801
FR;3;2021-06-01;3088;64812;4303128;915613
FR;3;2021-06-02;2490;58354;4305618;973967
FR;3;2021-06-03;3286;87579;4308904;1061546
FR;3;2021-06-04;3928;105119;4312832;1166665
FR;3;2021-06-05;1836;52243;4314668;1218908
FR;3;2021-06-06;305;5399;4314973;1224307
FR;3;2021-06-07;1169;31182;4316142;1255489
FR;3;2021-06-08;1778;47281;4317920;1302770
FR;3;2021-06-09;1512;42394;4319432;1345164
FR;3;2021-06-10;1956;67998;4321388;1413162
FR;3;2021-06-11;2291;96798;4323679;1509960
FR;3;2021-06-12;1032;40835;4324711;1550795
FR;3;2021-06-13;164;3823;4324875;1554618
FR;3;2021-06-14;819;42665;4325694;1597283
FR;3;2021-06-15;1190;80697;4326884;1677980
FR;3;2021-06-16;1068;65781;4327952;1743761
FR;3;2021-06-17;1466;101856;4329418;1845617
FR;3;2021-06-18;1759;117924;4331177;1963541
FR;3;2021-06-19;729;39405;4331906;2002946
FR;3;2021-06-20;88;3384;4331994;2006330
FR;3;2021-06-21;600;39290;4332594;2045620
FR;3;2021-06-22;910;70018;4333504;2115638
FR;3;2021-06-23;806;50846;4334310;2166484
FR;3;2021-06-24;1182;77216;4335492;2243700
FR;3;2021-06-25;1287;89970;4336779;2333670
FR;3;2021-06-26;545;33137;4337324;2366807
FR;3;2021-06-27;99;4027;4337423;2370834
FR;3;2021-06-28;495;30459;4337918;2401293
FR;3;2021-06-29;751;56147;4338669;2457440
FR;3;2021-06-30;779;45062;4339448;2502502
FR;3;2021-07-01;1013;65663;4340461;2568165
FR;3;2021-07-02;1180;90450;4341641;2658615
FR;3;2021-07-03;547;31195;4342188;2689810
FR;3;2021-07-04;84;4275;4342272;2694085
FR;3;2021-07-05;516;33934;4342788;2728019
FR;3;2021-07-06;821;56135;4343609;2784154
FR;3;2021-07-07;755;43085;4344364;2827239
FR;3;2021-07-08;1013;60760;4345377;2887999
FR;3;2021-07-09;1157;68839;4346534;2956838
FR;3;2021-07-10;555;25054;4347089;2981892
FR;3;2021-07-11;71;3311;4347160;2985203
FR;3;2021-07-12;529;23933;4347689;3009136
FR;3;2021-07-13;1512;34767;4349201;3043903
FR;3;2021-07-14;141;2651;4349342;3046554
FR;3;2021-07-15;1830;30700;4351172;3077254
FR;3;2021-07-16;2400;38907;4353572;3116161
FR;3;2021-07-17;974;13753;4354546;3129914
FR;3;2021-07-18;201;2610;4354747;3132524
FR;3;2021-07-19;1190;17242;4355937;3149766
FR;3;2021-07-20;1711;27173;4357648;3176939
FR;3;2021-07-21;1554;19752;4359202;3196691
FR;3;2021-07-22;1737;27806;4360939;3224497
FR;3;2021-07-23;2094;30481;4363033;3254978
FR;3;2021-07-24;755;7022;4363788;3262000
FR;3;2021-07-25;159;1353;4363947;3263353
FR;3;2021-07-26;799;10736;4364746;3274089
FR;3;2021-07-27;1054;16984;4365800;3291073
FR;3;2021-07-28;858;12136;4366658;3303209
FR;3;2021-07-29;1028;15872;4367686;3319081
FR;3;2021-07-30;1035;18112;4368721;3337193
FR;3;2021-07-31;335;3751;4369056;3340944
FR;3;2021-08-01;44;484;4369100;3341428
FR;3;2021-08-02;315;5163;4369415;3346591
FR;3;2021-08-03;410;7589;4369825;3354180
FR;3;2021-08-04;362;4893;4370187;3359073
FR;3;2021-08-05;353;3750;4370540;3362823
FR;3;2021-08-06;386;4788;4370926;3367611
FR;3;2021-08-07;160;1926;4371086;3369537
FR;3;2021-08-08;42;423;4371128;3369960
FR;3;2021-08-09;210;2521;4371338;3372481
FR;3;2021-08-10;258;3898;4371596;3376379
FR;3;2021-08-11;187;2719;4371783;3379098
FR;3;2021-08-12;208;2627;4371991;3381725
FR;3;2021-08-13;208;2252;4372199;3383977
FR;3;2021-08-14;125;937;4372324;3384914
FR;3;2021-08-15;24;161;4372348;3385075
FR;3;2021-08-16;82;1092;4372430;3386167
FR;3;2021-08-17;118;1494;4372548;3387661
FR;3;2021-08-18;132;1347;4372680;3389008
FR;3;2021-08-19;119;1428;4372799;3390436
FR;3;2021-08-20;119;1630;4372918;3392066
FR;3;2021-08-21;56;583;4372974;3392649
FR;3;2021-08-22;18;168;4372992;3392817
FR;3;2021-08-23;86;921;4373078;3393738
FR;3;2021-08-24;88;961;4373166;3394699
FR;4;2020-12-27;0;0;0;0
FR;4;2020-12-28;0;0;0;0
FR;4;2020-12-29;0;0;0;0
FR;4;2020-12-30;0;0;0;0
FR;4;2020-12-31;0;0;0;0
FR;4;2021-01-01;0;0;0;0
FR;4;2021-01-02;0;0;0;0
FR;4;2021-01-03;0;0;0;0
FR;4;2021-01-04;0;0;0;0
FR;4;2021-01-05;0;0;0;0
FR;4;2021-01-06;0;0;0;0
FR;4;2021-01-07;0;0;0;0
FR;4;2021-01-08;0;0;0;0
FR;4;2021-01-09;0;0;0;0
FR;4;2021-01-10;0;0;0;0
FR;4;2021-01-11;0;0;0;0
FR;4;2021-01-12;0;0;0;0
FR;4;2021-01-13;0;0;0;0
FR;4;2021-01-14;0;0;0;0
FR;4;2021-01-15;0;0;0;0
FR;4;2021-01-16;0;0;0;0
FR;4;2021-01-17;0;0;0;0
FR;4;2021-01-18;0;0;0;0
FR;4;2021-01-19;0;0;0;0
FR;4;2021-01-20;0;0;0;0
FR;4;2021-01-21;0;0;0;0
FR;4;2021-01-22;0;0;0;0
FR;4;2021-01-23;0;0;0;0
FR;4;2021-01-24;0;0;0;0
FR;4;2021-01-25;0;0;0;0
FR;4;2021-01-26;0;0;0;0
FR;4;2021-01-27;0;0;0;0
FR;4;2021-01-28;0;0;0;0
FR;4;2021-01-29;0;0;0;0
FR;4;2021-01-30;0;0;0;0
FR;4;2021-01-31;0;0;0;0
FR;4;2021-02-01;0;0;0;0
FR;4;2021-02-02;0;0;0;0
FR;4;2021-02-03;0;0;0;0
FR;4;2021-02-04;0;0;0;0
FR;4;2021-02-05;0;0;0;0
FR;4;2021-02-06;0;0;0;0
FR;4;2021-02-07;0;0;0;0
FR;4;2021-02-08;0;0;0;0
FR;4;2021-02-09;0;0;0;0
FR;4;2021-02-10;0;0;0;0
FR;4;2021-02-11;0;0;0;0
FR;4;2021-02-12;0;0;0;0
FR;4;2021-02-13;0;0;0;0
FR;4;2021-02-14;0;0;0;0
FR;4;2021-02-15;0;0;0;0
FR;4;2021-02-16;0;0;0;0
FR;4;2021-02-17;0;0;0;0
FR;4;2021-02-18;0;0;0;0
FR;4;2021-02-19;0;0;0;0
FR;4;2021-02-20;0;0;0;0
FR;4;2021-02-21;0;0;0;0
FR;4;2021-02-22;0;0;0;0
FR;4;2021-02-23;0;0;0;0
FR;4;2021-02-24;0;0;0;0
FR;4;2021-02-25;0;0;0;0
FR;4;2021-02-26;0;0;0;0
FR;4;2021-02-27;0;0;0;0
FR;4;2021-02-28;0;0;0;0
FR;4;2021-03-01;0;0;0;0
FR;4;2021-03-02;0;0;0;0
FR;4;2021-03-03;0;0;0;0
FR;4;2021-03-04;0;0;0;0
FR;4;2021-03-05;0;1;0;1
FR;4;2021-03-06;0;0;0;1
FR;4;2021-03-07;0;0;0;1
FR;4;2021-03-08;0;0;0;1
FR;4;2021-03-09;0;0;0;1
FR;4;2021-03-10;0;0;0;1
FR;4;2021-03-11;0;0;0;1
FR;4;2021-03-12;0;0;0;1
FR;4;2021-03-13;0;0;0;1
FR;4;2021-03-14;0;0;0;1
FR;4;2021-03-15;0;0;0;1
FR;4;2021-03-16;0;0;0;1
FR;4;2021-03-17;0;0;0;1
FR;4;2021-03-18;0;0;0;1
FR;4;2021-03-19;0;0;0;1
FR;4;2021-03-20;0;0;0;1
FR;4;2021-03-21;0;0;0;1
FR;4;2021-03-22;0;0;0;1
FR;4;2021-03-23;0;0;0;1
FR;4;2021-03-24;0;0;0;1
FR;4;2021-03-25;0;0;0;1
FR;4;2021-03-26;0;0;0;1
FR;4;2021-03-27;0;0;0;1
FR;4;2021-03-28;0;0;0;1
FR;4;2021-03-29;0;0;0;1
FR;4;2021-03-30;0;0;0;1
FR;4;2021-03-31;0;1;0;2
FR;4;2021-04-01;0;0;0;2
FR;4;2021-04-02;0;0;0;2
FR;4;2021-04-03;0;0;0;2
FR;4;2021-04-04;0;0;0;2
FR;4;2021-04-05;0;0;0;2
FR;4;2021-04-06;0;1;0;3
FR;4;2021-04-07;0;0;0;3
FR;4;2021-04-08;0;0;0;3
FR;4;2021-04-09;0;2;0;5
FR;4;2021-04-10;0;0;0;5
FR;4;2021-04-11;0;0;0;5
FR;4;2021-04-12;0;1;0;6
FR;4;2021-04-13;0;0;0;6
FR;4;2021-04-14;0;0;0;6
FR;4;2021-04-15;0;0;0;6
FR;4;2021-04-16;0;0;0;6
FR;4;2021-04-17;0;0;0;6
FR;4;2021-04-18;0;0;0;6
FR;4;2021-04-19;0;0;0;6
FR;4;2021-04-20;0;0;0;6
FR;4;2021-04-21;0;0;0;6
FR;4;2021-04-22;0;0;0;6
FR;4;2021-04-23;2390;0;2390;6
FR;4;2021-04-24;1557;0;3947;6
FR;4;2021-04-25;122;0;4069;6
FR;4;2021-04-26;2848;0;6917;6
FR;4;2021-04-27;9450;4;16367;10
FR;4;2021-04-28;9843;3;26210;13
FR;4;2021-04-29;15953;8;42163;21
FR;4;2021-04-30;19172;7;61335;28
FR;4;2021-05-01;1941;5;63276;33
FR;4;2021-05-02;459;0;63735;33
FR;4;2021-05-03;4982;1;68717;34
FR;4;2021-05-04;8308;8;77025;42
FR;4;2021-05-05;6075;5;83100;47
FR;4;2021-05-06;11303;11;94403;58
FR;4;2021-05-07;18991;9;113394;67
FR;4;2021-05-08;2287;6;115681;73
FR;4;2021-05-09;641;2;116322;75
FR;4;2021-05-10;7150;8;123472;83
FR;4;2021-05-11;14204;12;137676;95
FR;4;2021-05-12;10075;16;147751;111
FR;4;2021-05-13;1496;3;149247;114
FR;4;2021-05-14;7654;7;156901;121
FR;4;2021-05-15;3642;8;160543;129
FR;4;2021-05-16;382;1;160925;130
FR;4;2021-05-17;4379;3;165304;133
FR;4;2021-05-18;8659;10;173963;143
FR;4;2021-05-19;5586;5;179549;148
FR;4;2021-05-20;9320;6;188869;154
FR;4;2021-05-21;12637;29;201506;183
FR;4;2021-05-22;4969;12;206475;195
FR;4;2021-05-23;447;2;206922;197
FR;4;2021-05-24;977;3;207899;200
FR;4;2021-05-25;7472;16;215371;216
FR;4;2021-05-26;7620;13;222991;229
FR;4;2021-05-27;14191;34;237182;263
FR;4;2021-05-28;26376;81;263558;344
FR;4;2021-05-29;11235;20;274793;364
FR;4;2021-05-30;873;2;275666;366
FR;4;2021-05-31;12490;19;288156;385
FR;4;2021-06-01;19978;41;308134;426
FR;4;2021-06-02;14330;33;322464;459
FR;4;2021-06-03;19247;24;341711;483
FR;4;2021-06-04;22257;46;363968;529
FR;4;2021-06-05;9604;29;373572;558
FR;4;2021-06-06;945;0;374517;558
FR;4;2021-06-07;8999;16;383516;574
FR;4;2021-06-08;14419;27;397935;601
FR;4;2021-06-09;12023;24;409958;625
FR;4;2021-06-10;15183;24;425141;649
FR;4;2021-06-11;16775;52;441916;701
FR;4;2021-06-12;7318;27;449234;728
FR;4;2021-06-13;852;2;450086;730
FR;4;2021-06-14;6495;22;456581;752
FR;4;2021-06-15;10740;32;467321;784
FR;4;2021-06-16;8734;13;476055;797
FR;4;2021-06-17;10712;24;486767;821
FR;4;2021-06-18;12242;39;499009;860
FR;4;2021-06-19;5462;24;504471;884
FR;4;2021-06-20;618;2;505089;886
FR;4;2021-06-21;4913;9;510002;895
FR;4;2021-06-22;7711;18;517713;913
FR;4;2021-06-23;6940;33;524653;946
FR;4;2021-06-24;8468;31;533121;977
FR;4;2021-06-25;9923;36;543044;1013
FR;4;2021-06-26;4639;20;547683;1033
FR;4;2021-06-27;606;2;548289;1035
FR;4;2021-06-28;4581;14;552870;1049
FR;4;2021-06-29;6805;16;559675;1065
FR;4;2021-06-30;6431;36;566106;1101
FR;4;2021-07-01;7901;26;574007;1127
FR;4;2021-07-02;9196;44;583203;1171
FR;4;2021-07-03;4700;18;587903;1189
FR;4;2021-07-04;576;5;588479;1194
FR;4;2021-07-05;4590;18;593069;1212
FR;4;2021-07-06;7484;20;600553;1232
FR;4;2021-07-07;6749;27;607302;1259
FR;4;2021-07-08;8967;37;616269;1296
FR;4;2021-07-09;10062;30;626331;1326
FR;4;2021-07-10;4475;10;630806;1336
FR;4;2021-07-11;502;0;631308;1336
FR;4;2021-07-12;5647;27;636955;1363
FR;4;2021-07-13;14025;26;650980;1389
FR;4;2021-07-14;2068;6;653048;1395
FR;4;2021-07-15;17992;32;671040;1427
FR;4;2021-07-16;22528;64;693568;1491
FR;4;2021-07-17;9541;16;703109;1507
FR;4;2021-07-18;1271;4;704380;1511
FR;4;2021-07-19;12722;26;717102;1537
FR;4;2021-07-20;17084;29;734186;1566
FR;4;2021-07-21;15301;28;749487;1594
FR;4;2021-07-22;17941;40;767428;1634
FR;4;2021-07-23;20061;48;787489;1682
FR;4;2021-07-24;9024;29;796513;1711
FR;4;2021-07-25;1189;6;797702;1717
FR;4;2021-07-26;10646;18;808348;1735
FR;4;2021-07-27;14128;26;822476;1761
FR;4;2021-07-28;12293;18;834769;1779
FR;4;2021-07-29;13682;45;848451;1824
FR;4;2021-07-30;15089;39;863540;1863
FR;4;2021-07-31;6553;11;870093;1874
FR;4;2021-08-01;774;1;870867;1875
FR;4;2021-08-02;7062;16;877929;1891
FR;4;2021-08-03;9873;21;887802;1912
FR;4;2021-08-04;8653;21;896455;1933
FR;4;2021-08-05;8904;32;905359;1965
FR;4;2021-08-06;9468;19;914827;1984
FR;4;2021-08-07;4436;22;919263;2006
FR;4;2021-08-08;695;8;919958;2014
FR;4;2021-08-09;5372;16;925330;2030
FR;4;2021-08-10;8029;14;933359;2044
FR;4;2021-08-11;7350;20;940709;2064
FR;4;2021-08-12;7840;13;948549;2077
FR;4;2021-08-13;6805;21;955354;2098
FR;4;2021-08-14;3182;16;958536;2114
FR;4;2021-08-15;463;2;958999;2116
FR;4;2021-08-16;3634;6;962633;2122
FR;4;2021-08-17;5234;7;967867;2129
FR;4;2021-08-18;4832;24;972699;2153
FR;4;2021-08-19;5144;13;977843;2166
FR;4;2021-08-20;4816;9;982659;2175
FR;4;2021-08-21;1979;14;984638;2189
FR;4;2021-08-22;320;1;984958;2190
FR;4;2021-08-23;2538;4;987496;2194
FR;4;2021-08-24;3362;8;990858;2202
FR;0;2020-12-27;267;0;267;0
FR;0;2020-12-28;284;0;551;0
FR;0;2020-12-29;209;0;760;0
FR;0;2020-12-30;254;0;1014;0
FR;0;2020-12-31;193;0;1207;0
FR;0;2021-01-01;210;0;1417;0
FR;0;2021-01-02;163;0;1580;0
FR;0;2021-01-03;196;0;1776;0
FR;0;2021-01-04;1658;0;3434;0
FR;0;2021-01-05;5611;0;9045;0
FR;0;2021-01-06;11520;0;20565;0
FR;0;2021-01-07;28955;0;49520;0
FR;0;2021-01-08;36636;0;86156;0
FR;0;2021-01-09;11039;0;97195;0
FR;0;2021-01-10;5733;0;102928;0
FR;0;2021-01-11;39508;0;142436;0
FR;0;2021-01-12;61527;0;203963;0
FR;0;2021-01-13;64481;0;268444;0
FR;0;2021-01-14;81412;0;349856;0
FR;0;2021-01-15;68328;0;418184;0
FR;0;2021-01-16;19961;77;438145;77
FR;0;2021-01-17;10680;42;448825;119
FR;0;2021-01-18;85183;161;534008;280
FR;0;2021-01-19;129753;125;663761;405
FR;0;2021-01-20;136610;156;800371;561
FR;0;2021-01-21;157175;132;957546;693
FR;0;2021-01-22;120111;160;1077657;853
FR;0;2021-01-23;38121;50;1115778;903
FR;0;2021-01-24;9510;27;1125288;930
FR;0;2021-01-25;77575;1215;1202863;2145
FR;0;2021-01-26;99724;3108;1302587;5253
FR;0;2021-01-27;106575;5593;1409162;10846
FR;0;2021-01-28;123543;14356;1532705;25202
FR;0;2021-01-29;91524;17281;1624229;42483
FR;0;2021-01-30;28880;4223;1653109;46706
FR;0;2021-01-31;5023;1679;1658132;48385
FR;0;2021-02-01;52096;21120;1710228;69505
FR;0;2021-02-02;71402;34557;1781630;104062
FR;0;2021-02-03;71601;36954;1853231;141016
FR;0;2021-02-04;81262;50041;1934493;191057
FR;0;2021-02-05;67627;45329;2002120;236386
FR;0;2021-02-06;21854;10396;2023974;246782
FR;0;2021-02-07;4957;5041;2028931;251823
FR;0;2021-02-08;46258;45970;2075189;297793
FR;0;2021-02-09;65388;72398;2140577;370191
FR;0;2021-02-10;70007;76717;2210584;446908
FR;0;2021-02-11;86422;99136;2297006;546044
FR;0;2021-02-12;78409;74211;2375415;620255
FR;0;2021-02-13;21910;19483;2397325;639738
FR;0;2021-02-14;4747;7190;2402072;646928
FR;0;2021-02-15;37435;76499;2439507;723427
FR;0;2021-02-16;49647;100721;2489154;824148
FR;0;2021-02-17;49767;102984;2538921;927132
FR;0;2021-02-18;68842;118512;2607763;1045644
FR;0;2021-02-19;64389;90741;2672152;1136385
FR;0;2021-02-20;18218;28420;2690370;1164805
FR;0;2021-02-21;3034;6372;2693404;1171177
FR;0;2021-02-22;36884;73136;2730288;1244313
FR;0;2021-02-23;53079;84045;2783367;1328358
FR;0;2021-02-24;59023;81114;2842390;1409472
FR;0;2021-02-25;99652;91373;2942042;1500845
FR;0;2021-02-26;112584;71008;3054626;1571853
FR;0;2021-02-27;51596;21978;3106222;1593831
FR;0;2021-02-28;5876;4413;3112098;1598244
FR;0;2021-03-01;64447;52783;3176545;1651027
FR;0;2021-03-02;100265;66248;3276810;1717275
FR;0;2021-03-03;115000;65542;3391810;1782817
FR;0;2021-03-04;162240;68877;3554050;1851694
FR;0;2021-03-05;199490;63359;3753540;1915053
FR;0;2021-03-06;206890;17813;3960430;1932866
FR;0;2021-03-07;120617;5468;4081047;1938334
FR;0;2021-03-08;105972;50791;4187019;1989125
FR;0;2021-03-09;171208;56775;4358227;2045900
FR;0;2021-03-10;177300;57206;4535527;2103106
FR;0;2021-03-11;241283;63105;4776810;2166211
FR;0;2021-03-12;293275;53518;5070085;2219729
FR;0;2021-03-13;230177;15303;5300262;2235032
FR;0;2021-03-14;62778;3434;5363040;2238466
FR;0;2021-03-15;157250;32636;5520290;2271102
FR;0;2021-03-16;140445;39525;5660735;2310627
FR;0;2021-03-17;149346;38787;5810081;2349414
FR;0;2021-03-18;166485;44619;5976566;2394033
FR;0;2021-03-19;228655;37471;6205221;2431504
FR;0;2021-03-20;165773;11782;6370994;2443286
FR;0;2021-03-21;49287;2626;6420281;2445912
FR;0;2021-03-22;168673;34283;6588954;2480195
FR;0;2021-03-23;248792;42401;6837746;2522596
FR;0;2021-03-24;255353;43846;7093099;2566442
FR;0;2021-03-25;340242;44749;7433341;2611191
FR;0;2021-03-26;357347;41900;7790688;2653091
FR;0;2021-03-27;194361;16649;7985049;2669740
FR;0;2021-03-28;58843;3731;8043892;2673471
FR;0;2021-03-29;201873;54286;8245765;2727757
FR;0;2021-03-30;283917;69684;8529682;2797441
FR;0;2021-03-31;261497;72933;8791179;2870374
FR;0;2021-04-01;312807;87819;9103986;2958193
FR;0;2021-04-02;279833;92138;9383819;3050331
FR;0;2021-04-03;140087;61858;9523906;3112189
FR;0;2021-04-04;45312;18665;9569218;3130854
FR;0;2021-04-05;59532;11004;9628750;3141858
FR;0;2021-04-06;215363;107868;9844113;3249726
FR;0;2021-04-07;258190;115461;10102303;3365187
FR;0;2021-04-08;335452;121429;10437755;3486616
FR;0;2021-04-09;407994;116498;10845749;3603114
FR;0;2021-04-10;211472;82753;11057221;3685867
FR;0;2021-04-11;55428;34594;11112649;3720461
FR;0;2021-04-12;235435;115227;11348084;3835688
FR;0;2021-04-13;307517;144973;11655601;3980661
FR;0;2021-04-14;292015;139418;11947616;4120079
FR;0;2021-04-15;334294;147870;12281910;4267949
FR;0;2021-04-16;337584;145782;12619494;4413731
FR;0;2021-04-17;187642;90260;12807136;4503991
FR;0;2021-04-18;50926;35427;12858062;4539418
FR;0;2021-04-19;204032;138389;13062094;4677807
FR;0;2021-04-20;252334;170731;13314428;4848538
FR;0;2021-04-21;251215;168810;13565643;5017348
FR;0;2021-04-22;285509;188262;13851152;5205610
FR;0;2021-04-23;294641;183282;14145793;5388892
FR;0;2021-04-24;189246;111575;14335039;5500467
FR;0;2021-04-25;68844;38871;14403883;5539338
FR;0;2021-04-26;219413;156110;14623296;5695448
FR;0;2021-04-27;282696;187509;14905992;5882957
FR;0;2021-04-28;297654;183209;15203646;6066166
FR;0;2021-04-29;354972;196139;15558618;6262305
FR;0;2021-04-30;370168;184842;15928786;6447147
FR;0;2021-05-01;165061;52535;16093847;6499682
FR;0;2021-05-02;90711;37831;16184558;6537513
FR;0;2021-05-03;285810;169649;16470368;6707162
FR;0;2021-05-04;312655;224320;16783023;6931482
FR;0;2021-05-05;323024;224540;17106047;7156022
FR;0;2021-05-06;375907;239209;17481954;7395231
FR;0;2021-05-07;369918;257345;17851872;7652576
FR;0;2021-05-08;220542;66920;18072414;7719496
FR;0;2021-05-09;128822;46758;18201236;7766254
FR;0;2021-05-10;308875;229029;18510111;7995283
FR;0;2021-05-11;400722;258190;18910833;8253473
FR;0;2021-05-12;430245;233250;19341078;8486723
FR;0;2021-05-13;335581;56899;19676659;8543622
FR;0;2021-05-14;450519;167543;20127178;8711165
FR;0;2021-05-15;371545;94028;20498723;8805193
FR;0;2021-05-16;201387;20831;20700110;8826024
FR;0;2021-05-17;373167;149179;21073277;8975203
FR;0;2021-05-18;455939;153203;21529216;9128406
FR;0;2021-05-19;464082;145381;21993298;9273787
FR;0;2021-05-20;503568;160402;22496866;9434189
FR;0;2021-05-21;486256;174594;22983122;9608783
FR;0;2021-05-22;345171;79902;23328293;9688685
FR;0;2021-05-23;160667;14446;23488960;9703131
FR;0;2021-05-24;261295;33253;23750255;9736384
FR;0;2021-05-25;396991;189359;24147246;9925743
FR;0;2021-05-26;410358;188212;24557604;10113955
FR;0;2021-05-27;446678;218744;25004282;10332699
FR;0;2021-05-28;426718;259699;25431000;10592398
FR;0;2021-05-29;297439;149457;25728439;10741855
FR;0;2021-05-30;106101;32628;25834540;10774483
FR;0;2021-05-31;355547;203572;26190087;10978055
FR;0;2021-06-01;422053;251709;26612140;11229764
FR;0;2021-06-02;412222;230955;27024362;11460719
FR;0;2021-06-03;458059;258749;27482421;11719468
FR;0;2021-06-04;451215;304933;27933636;12024401
FR;0;2021-06-05;302182;189109;28235818;12213510
FR;0;2021-06-06;131309;49140;28367127;12262650
FR;0;2021-06-07;334299;262511;28701426;12525161
FR;0;2021-06-08;389644;291360;29091070;12816521
FR;0;2021-06-09;380205;276016;29471275;13092537
FR;0;2021-06-10;397937;289474;29869212;13382011
FR;0;2021-06-11;383521;357647;30252733;13739658
FR;0;2021-06-12;281103;211536;30533836;13951194
FR;0;2021-06-13;103732;74097;30637568;14025291
FR;0;2021-06-14;237844;356063;30875412;14381354
FR;0;2021-06-15;304359;386185;31179771;14767539
FR;0;2021-06-16;310365;357873;31490136;15125412
FR;0;2021-06-17;314132;372317;31804268;15497729
FR;0;2021-06-18;318961;442914;32123229;15940643
FR;0;2021-06-19;222944;274051;32346173;16214694
FR;0;2021-06-20;72278;102653;32418451;16317347
FR;0;2021-06-21;193019;402241;32611470;16719588
FR;0;2021-06-22;220439;467504;32831909;17187092
FR;0;2021-06-23;231042;440067;33062951;17627159
FR;0;2021-06-24;239096;409473;33302047;18036632
FR;0;2021-06-25;224325;522499;33526372;18559131
FR;0;2021-06-26;151771;370968;33678143;18930099
FR;0;2021-06-27;55051;156445;33733194;19086544
FR;0;2021-06-28;152528;453412;33885722;19539956
FR;0;2021-06-29;180613;505786;34066335;20045742
FR;0;2021-06-30;201471;481348;34267806;20527090
FR;0;2021-07-01;221610;457925;34489416;20985015
FR;0;2021-07-02;221537;520653;34710953;21505668
FR;0;2021-07-03;139898;368995;34850851;21874663
FR;0;2021-07-04;55747;141395;34906598;22016058
FR;0;2021-07-05;163584;419684;35070182;22435742
FR;0;2021-07-06;192514;475235;35262696;22910977
FR;0;2021-07-07;207405;439699;35470101;23350676
FR;0;2021-07-08;227377;424338;35697478;23775014
FR;0;2021-07-09;224614;510015;35922092;24285029
FR;0;2021-07-10;146549;339852;36068641;24624881
FR;0;2021-07-11;59211;110156;36127852;24735037
FR;0;2021-07-12;165342;478407;36293194;25213444
FR;0;2021-07-13;283375;527942;36576569;25741386
FR;0;2021-07-14;177930;157926;36754499;25899312
FR;0;2021-07-15;342408;502724;37096907;26402036
FR;0;2021-07-16;374937;496407;37471844;26898443
FR;0;2021-07-17;257001;320144;37728845;27218587
FR;0;2021-07-18;108758;115051;37837603;27333638
FR;0;2021-07-19;281577;425603;38119180;27759241
FR;0;2021-07-20;372984;453252;38492164;28212493
FR;0;2021-07-21;391780;408572;38883944;28621065
FR;0;2021-07-22;436880;388625;39320824;29009690
FR;0;2021-07-23;434346;422997;39755170;29432687
FR;0;2021-07-24;283348;270090;40038518;29702777
FR;0;2021-07-25;119894;80221;40158412;29782998
FR;0;2021-07-26;343740;323865;40502152;30106863
FR;0;2021-07-27;459039;320811;40961191;30427674
FR;0;2021-07-28;452520;290371;41413711;30718045
FR;0;2021-07-29;484657;276838;41898368;30994883
FR;0;2021-07-30;454233;302824;42352601;31297707
FR;0;2021-07-31;282659;185021;42635260;31482728
FR;0;2021-08-01;107999;50074;42743259;31532802
FR;0;2021-08-02;320678;234317;43063937;31767119
FR;0;2021-08-03;387166;245351;43451103;32012470
FR;0;2021-08-04;373312;210429;43824415;32222899
FR;0;2021-08-05;356866;228882;44181281;32451781
FR;0;2021-08-06;350131;272142;44531412;32723923
FR;0;2021-08-07;208420;178736;44739832;32902659
FR;0;2021-08-08;71153;63360;44810985;32966019
FR;0;2021-08-09;250418;260236;45061403;33226255
FR;0;2021-08-10;297979;278803;45359382;33505058
FR;0;2021-08-11;272124;260944;45631506;33766002
FR;0;2021-08-12;263994;278516;45895500;34044518
FR;0;2021-08-13;243487;275587;46138987;34320105
FR;0;2021-08-14;139951;198452;46278938;34518557
FR;0;2021-08-15;36437;50265;46315375;34568822
FR;0;2021-08-16;178154;318707;46493529;34887529
FR;0;2021-08-17;209692;337111;46703221;35224640
FR;0;2021-08-18;193492;324911;46896713;35549551
FR;0;2021-08-19;186656;325548;47083369;35875099
FR;0;2021-08-20;179168;365084;47262537;36240183
FR;0;2021-08-21;101773;238105;47364310;36478288
FR;0;2021-08-22;30827;87248;47395137;36565536
FR;0;2021-08-23;135715;357136;47530852;36922672
FR;0;2021-08-24;156263;377035;47687115;37299707
