fra;vaccin;jour;n_dose1;n_dose2;n_dose3;n_cum_dose1;n_cum_dose2;n_cum_dose3
FR;1;2020-12-27;419;0;0;419;0;0
FR;1;2020-12-28;432;0;0;851;0;0
FR;1;2020-12-29;277;0;0;1128;0;0
FR;1;2020-12-30;332;0;0;1460;0;0
FR;1;2020-12-31;264;0;0;1724;0;0
FR;1;2021-01-01;311;0;0;2035;0;0
FR;1;2021-01-02;251;0;0;2286;0;0
FR;1;2021-01-03;281;0;0;2567;0;0
FR;1;2021-01-04;1786;0;0;4353;0;0
FR;1;2021-01-05;5725;0;0;10078;0;0
FR;1;2021-01-06;11631;0;0;21709;0;0
FR;1;2021-01-07;29092;0;0;50801;0;0
FR;1;2021-01-08;36749;0;0;87550;0;0
FR;1;2021-01-09;11089;0;0;98639;0;0
FR;1;2021-01-10;5775;0;0;104414;0;0
FR;1;2021-01-11;39650;0;0;144064;0;0
FR;1;2021-01-12;61705;0;0;205769;0;0
FR;1;2021-01-13;64653;0;0;270422;0;0
FR;1;2021-01-14;80928;0;0;351350;0;0
FR;1;2021-01-15;68217;0;0;419567;0;0
FR;1;2021-01-16;19783;86;0;439350;86;0
FR;1;2021-01-17;10784;41;0;450134;127;0
FR;1;2021-01-18;82430;160;0;532564;287;0
FR;1;2021-01-19;125496;124;0;658060;411;0
FR;1;2021-01-20;131991;154;0;790051;565;0
FR;1;2021-01-21;152390;130;0;942441;695;0
FR;1;2021-01-22;115472;160;0;1057913;855;0
FR;1;2021-01-23;36448;50;0;1094361;905;0
FR;1;2021-01-24;9470;27;0;1103831;932;0
FR;1;2021-01-25;74053;1211;0;1177884;2143;0
FR;1;2021-01-26;96152;3104;0;1274036;5247;0
FR;1;2021-01-27;103366;5584;0;1377402;10831;0
FR;1;2021-01-28;120267;14337;0;1497669;25168;0
FR;1;2021-01-29;88581;17263;0;1586250;42431;0
FR;1;2021-01-30;27850;4218;0;1614100;46649;0
FR;1;2021-01-31;5073;1677;0;1619173;48326;0
FR;1;2021-02-01;48979;21107;0;1668152;69433;0
FR;1;2021-02-02;67313;34527;0;1735465;103960;0
FR;1;2021-02-03;66697;36931;0;1802162;140891;0
FR;1;2021-02-04;76681;49999;0;1878843;190890;0
FR;1;2021-02-05;63115;45278;0;1941958;236168;0
FR;1;2021-02-06;19278;10381;0;1961236;246549;0
FR;1;2021-02-07;3582;5034;0;1964818;251583;0
FR;1;2021-02-08;36215;45926;0;2001033;297509;0
FR;1;2021-02-09;50521;72324;0;2051554;369833;0
FR;1;2021-02-10;51574;76608;0;2103128;446441;0
FR;1;2021-02-11;63002;98965;0;2166130;545406;0
FR;1;2021-02-12;55482;73921;0;2221612;619327;0
FR;1;2021-02-13;15340;19250;0;2236952;638577;0
FR;1;2021-02-14;3605;7185;0;2240557;645762;0
FR;1;2021-02-15;23888;73368;0;2264445;719130;0
FR;1;2021-02-16;32441;96743;0;2296886;815873;0
FR;1;2021-02-17;34792;98501;1;2331678;914374;1
FR;1;2021-02-18;48981;113318;0;2380659;1027692;1
FR;1;2021-02-19;45075;86349;0;2425734;1114041;1
FR;1;2021-02-20;13250;26885;0;2438984;1140926;1
FR;1;2021-02-21;2322;6282;0;2441306;1147208;1
FR;1;2021-02-22;24428;69353;1;2465734;1216561;2
FR;1;2021-02-23;37134;80297;1;2502868;1296858;3
FR;1;2021-02-24;40253;77586;1;2543121;1374444;4
FR;1;2021-02-25;49757;87904;1;2592878;1462348;5
FR;1;2021-02-26;46773;67820;0;2639651;1530168;5
FR;1;2021-02-27;15499;20912;0;2655150;1551080;5
FR;1;2021-02-28;3419;4382;1;2658569;1555462;6
FR;1;2021-03-01;39414;48968;0;2697983;1604430;6
FR;1;2021-03-02;55471;61456;1;2753454;1665886;7
FR;1;2021-03-03;60472;60602;0;2813926;1726488;7
FR;1;2021-03-04;72356;64846;2;2886282;1791334;9
FR;1;2021-03-05;74075;59216;2;2960357;1850550;11
FR;1;2021-03-06;82077;16079;2;3042434;1866629;13
FR;1;2021-03-07;63436;5410;0;3105870;1872039;13
FR;1;2021-03-08;59599;42440;0;3165469;1914479;13
FR;1;2021-03-09;85398;48285;0;3250867;1962764;13
FR;1;2021-03-10;90048;48016;2;3340915;2010780;15
FR;1;2021-03-11;104254;53818;0;3445169;2064598;15
FR;1;2021-03-12;103361;45258;0;3548530;2109856;15
FR;1;2021-03-13;88551;12731;0;3637081;2122587;15
FR;1;2021-03-14;44144;3025;0;3681225;2125612;15
FR;1;2021-03-15;94777;29093;1;3776002;2154705;16
FR;1;2021-03-16;122951;34866;1;3898953;2189571;17
FR;1;2021-03-17;128691;34802;2;4027644;2224373;19
FR;1;2021-03-18;142191;39674;1;4169835;2264047;20
FR;1;2021-03-19;135559;32866;0;4305394;2296913;20
FR;1;2021-03-20;75591;10196;0;4380985;2307109;20
FR;1;2021-03-21;26200;2474;1;4407185;2309583;21
FR;1;2021-03-22;114020;31156;2;4521205;2340739;23
FR;1;2021-03-23;142222;38144;1;4663427;2378883;24
FR;1;2021-03-24;141178;38737;0;4804605;2417620;24
FR;1;2021-03-25;164226;39592;2;4968831;2457212;26
FR;1;2021-03-26;165687;37451;1;5134518;2494663;27
FR;1;2021-03-27;110469;15240;0;5244987;2509903;27
FR;1;2021-03-28;42041;3618;2;5287028;2513521;29
FR;1;2021-03-29;129269;49928;1;5416297;2563449;30
FR;1;2021-03-30;166857;63537;3;5583154;2626986;33
FR;1;2021-03-31;170080;66859;3;5753234;2693845;36
FR;1;2021-04-01;193061;79185;6;5946295;2773030;42
FR;1;2021-04-02;163542;84275;4;6109837;2857305;46
FR;1;2021-04-03;87651;58139;3;6197488;2915444;49
FR;1;2021-04-04;32685;17723;0;6230173;2933167;49
FR;1;2021-04-05;43078;10167;4;6273251;2943334;53
FR;1;2021-04-06;159162;100822;7;6432413;3044156;60
FR;1;2021-04-07;195572;108200;6;6627985;3152356;66
FR;1;2021-04-08;220487;112335;6;6848472;3264691;72
FR;1;2021-04-09;213142;107450;6;7061614;3372141;78
FR;1;2021-04-10;116484;73427;8;7178098;3445568;86
FR;1;2021-04-11;40442;30267;3;7218540;3475835;89
FR;1;2021-04-12;167370;103752;29;7385910;3579587;118
FR;1;2021-04-13;202482;128187;56;7588392;3707774;174
FR;1;2021-04-14;206841;122763;119;7795233;3830537;293
FR;1;2021-04-15;219662;126715;150;8014895;3957252;443
FR;1;2021-04-16;204957;125112;175;8219852;4082364;618
FR;1;2021-04-17;121433;67459;46;8341285;4149823;664
FR;1;2021-04-18;35551;20991;21;8376836;4170814;685
FR;1;2021-04-19;162700;121871;324;8539536;4292685;1009
FR;1;2021-04-20;187988;148728;331;8727524;4441413;1340
FR;1;2021-04-21;192601;146668;484;8920125;4588081;1824
FR;1;2021-04-22;207626;162575;505;9127751;4750656;2329
FR;1;2021-04-23;197780;156888;431;9325531;4907544;2760
FR;1;2021-04-24;125552;95486;72;9451083;5003030;2832
FR;1;2021-04-25;53185;30121;23;9504268;5033151;2855
FR;1;2021-04-26;180157;138236;328;9684425;5171387;3183
FR;1;2021-04-27;220013;161919;574;9904438;5333306;3757
FR;1;2021-04-28;237024;155060;982;10141462;5488366;4739
FR;1;2021-04-29;268718;160010;840;10410180;5648376;5579
FR;1;2021-04-30;270420;148106;699;10680600;5796482;6278
FR;1;2021-05-01;138944;40703;104;10819544;5837185;6382
FR;1;2021-05-02;80814;28149;49;10900358;5865334;6431
FR;1;2021-05-03;248259;146414;520;11148617;6011748;6951
FR;1;2021-05-04;263410;186792;745;11412027;6198540;7696
FR;1;2021-05-05;280485;184519;741;11692512;6383059;8437
FR;1;2021-05-06;307012;182968;1019;11999524;6566027;9456
FR;1;2021-05-07;282003;195673;696;12281527;6761700;10152
FR;1;2021-05-08;190594;48324;141;12472121;6810024;10293
FR;1;2021-05-09;113456;36199;88;12585577;6846223;10381
FR;1;2021-05-10;254407;194203;702;12839984;7040426;11083
FR;1;2021-05-11;316395;211335;939;13156379;7251761;12022
FR;1;2021-05-12;353515;185857;791;13509894;7437618;12813
FR;1;2021-05-13;281024;47629;229;13790918;7485247;13042
FR;1;2021-05-14;367595;128812;591;14158513;7614059;13633
FR;1;2021-05-15;295275;66130;207;14453788;7680189;13840
FR;1;2021-05-16;156828;15575;79;14610616;7695764;13919
FR;1;2021-05-17;316658;116657;864;14927274;7812421;14783
FR;1;2021-05-18;379859;111291;1104;15307133;7923712;15887
FR;1;2021-05-19;392745;102875;1397;15699878;8026587;17284
FR;1;2021-05-20;418744;96283;1222;16118622;8122870;18506
FR;1;2021-05-21;397172;97340;1049;16515794;8220210;19555
FR;1;2021-05-22;274116;42066;344;16789910;8262276;19899
FR;1;2021-05-23;122348;11202;135;16912258;8273478;20034
FR;1;2021-05-24;242680;26293;330;17154938;8299771;20364
FR;1;2021-05-25;363664;131902;1264;17518602;8431673;21628
FR;1;2021-05-26;378430;125650;1240;17897032;8557323;22868
FR;1;2021-05-27;403691;128177;1258;18300723;8685500;24126
FR;1;2021-05-28;363854;145505;1004;18664577;8831005;25130
FR;1;2021-05-29;252750;80958;308;18917327;8911963;25438
FR;1;2021-05-30;100274;22561;92;19017601;8934524;25530
FR;1;2021-05-31;312464;148780;791;19330065;9083304;26321
FR;1;2021-06-01;353768;166737;1076;19683833;9250041;27397
FR;1;2021-06-02;358162;153211;1102;20041995;9403252;28499
FR;1;2021-06-03;384544;147720;956;20426539;9550972;29455
FR;1;2021-06-04;359857;175630;888;20786396;9726602;30343
FR;1;2021-06-05;256355;112769;361;21042751;9839371;30704
FR;1;2021-06-06;125208;37521;131;21167959;9876892;30835
FR;1;2021-06-07;296108;208144;809;21464067;10085036;31644
FR;1;2021-06-08;327192;221035;929;21791259;10306071;32573
FR;1;2021-06-09;332588;212641;1010;22123847;10518712;33583
FR;1;2021-06-10;338414;202227;1037;22462261;10720939;34620
FR;1;2021-06-11;309294;235492;746;22771555;10956431;35366
FR;1;2021-06-12;242253;150821;244;23013808;11107252;35610
FR;1;2021-06-13;99496;61063;106;23113304;11168315;35716
FR;1;2021-06-14;205380;289102;799;23318684;11457417;36515
FR;1;2021-06-15;253627;282483;837;23572311;11739900;37352
FR;1;2021-06-16;270609;270520;793;23842920;12010420;38145
FR;1;2021-06-17;265357;244470;717;24108277;12254890;38862
FR;1;2021-06-18;258179;296055;650;24366456;12550945;39512
FR;1;2021-06-19;192292;209635;224;24558748;12760580;39736
FR;1;2021-06-20;68877;89167;63;24627625;12849747;39799
FR;1;2021-06-21;170187;320058;560;24797812;13169805;40359
FR;1;2021-06-22;183731;347744;655;24981543;13517549;41014
FR;1;2021-06-23;201738;339449;648;25183281;13856998;41662
FR;1;2021-06-24;201315;281816;685;25384596;14138814;42347
FR;1;2021-06-25;179874;371963;711;25564470;14510777;43058
FR;1;2021-06-26;130231;278421;273;25694701;14789198;43331
FR;1;2021-06-27;51833;123027;81;25746534;14912225;43412
FR;1;2021-06-28;135007;368439;659;25881541;15280664;44071
FR;1;2021-06-29;153361;389608;1708;26034902;15670272;45779
FR;1;2021-06-30;178095;378380;1561;26212997;16048652;47340
FR;1;2021-07-01;195630;332186;1811;26408627;16380838;49151
FR;1;2021-07-02;188807;367820;1693;26597434;16748658;50844
FR;1;2021-07-03;122847;280578;684;26720281;17029236;51528
FR;1;2021-07-04;53216;113753;239;26773497;17142989;51767
FR;1;2021-07-05;150309;356240;1430;26923806;17499229;53197
FR;1;2021-07-06;170820;382764;1521;27094626;17881993;54718
FR;1;2021-07-07;187124;362771;1534;27281750;18244764;56252
FR;1;2021-07-08;198855;323142;1755;27480605;18567906;58007
FR;1;2021-07-09;187846;386745;1779;27668451;18954651;59786
FR;1;2021-07-10;128437;281028;779;27796888;19235679;60565
FR;1;2021-07-11;57029;102477;250;27853917;19338156;60815
FR;1;2021-07-12;147455;417038;1542;28001372;19755194;62357
FR;1;2021-07-13;232186;439692;1742;28233558;20194886;64099
FR;1;2021-07-14;170178;151626;404;28403736;20346512;64503
FR;1;2021-07-15;277082;424737;1781;28680818;20771249;66284
FR;1;2021-07-16;288349;401372;1647;28969167;21172621;67931
FR;1;2021-07-17;216230;282300;717;29185397;21454921;68648
FR;1;2021-07-18;101406;107459;283;29286803;21562380;68931
FR;1;2021-07-19;236542;379447;1452;29523345;21941827;70383
FR;1;2021-07-20;303723;381280;1408;29827068;22323107;71791
FR;1;2021-07-21;331298;353803;1362;30158366;22676910;73153
FR;1;2021-07-22;362443;319463;1456;30520809;22996373;74609
FR;1;2021-07-23;346059;343174;1508;30866868;23339547;76117
FR;1;2021-07-24;238354;241348;665;31105222;23580895;76782
FR;1;2021-07-25;112190;76152;211;31217412;23657047;76993
FR;1;2021-07-26;297887;290441;1453;31515299;23947488;78446
FR;1;2021-07-27;383826;268910;1411;31899125;24216398;79857
FR;1;2021-07-28;388243;251544;1426;32287368;24467942;81283
FR;1;2021-07-29;403993;227897;1501;32691361;24695839;82784
FR;1;2021-07-30;368944;246694;1593;33060305;24942533;84377
FR;1;2021-07-31;242776;164965;769;33303081;25107498;85146
FR;1;2021-08-01;103673;47210;207;33406754;25154708;85353
FR;1;2021-08-02;292725;212777;1431;33699479;25367485;86784
FR;1;2021-08-03;327322;209269;1470;34026801;25576754;88254
FR;1;2021-08-04;325619;184331;1378;34352420;25761085;89632
FR;1;2021-08-05;298925;193179;1428;34651345;25954264;91060
FR;1;2021-08-06;288764;224560;1510;34940109;26178824;92570
FR;1;2021-08-07;181391;158803;632;35121500;26337627;93202
FR;1;2021-08-08;67839;59105;219;35189339;26396732;93421
FR;1;2021-08-09;220971;235980;1386;35410310;26632712;94807
FR;1;2021-08-10;249535;240848;1423;35659845;26873560;96230
FR;1;2021-08-11;233729;232497;1199;35893574;27106057;97429
FR;1;2021-08-12;218796;239810;1417;36112370;27345867;98846
FR;1;2021-08-13;200109;236772;1318;36312479;27582639;100164
FR;1;2021-08-14;122074;174417;619;36434553;27757056;100783
FR;1;2021-08-15;34250;46200;167;36468803;27803256;100950
FR;1;2021-08-16;155288;289905;1349;36624091;28093161;102299
FR;1;2021-08-17;169607;291797;1359;36793698;28384958;103658
FR;1;2021-08-18;159558;286927;1339;36953256;28671885;104997
FR;1;2021-08-19;147422;277289;1330;37100678;28949174;106327
FR;1;2021-08-20;138458;307750;1429;37239136;29256924;107756
FR;1;2021-08-21;83577;213129;547;37322713;29470053;108303
FR;1;2021-08-22;28239;82705;198;37350952;29552758;108501
FR;1;2021-08-23;117586;320870;1366;37468538;29873628;109867
FR;1;2021-08-24;125472;319773;1533;37594010;30193401;111400
FR;1;2021-08-25;119872;306215;1693;37713882;30499616;113093
FR;1;2021-08-26;105238;285429;2094;37819120;30785045;115187
FR;1;2021-08-27;106051;320645;2250;37925171;31105690;117437
FR;1;2021-08-28;70325;220709;1059;37995496;31326399;118496
FR;1;2021-08-29;23873;77948;434;38019369;31404347;118930
FR;1;2021-08-30;95702;286155;4234;38115071;31690502;123164
FR;1;2021-08-31;97164;276305;9094;38212235;31966807;132258
FR;1;2021-09-01;100407;244655;20577;38312642;32211462;152835
FR;1;2021-09-02;77210;197707;23901;38389852;32409169;176736
FR;1;2021-09-03;78709;227282;26471;38468561;32636451;203207
FR;1;2021-09-04;70137;189580;10965;38538698;32826031;214172
FR;1;2021-09-05;18220;41203;4024;38556918;32867234;218196
FR;1;2021-09-06;55040;151500;29758;38611958;33018734;247954
FR;1;2021-09-07;51376;139494;29543;38663334;33158228;277497
FR;1;2021-09-08;66403;173593;26471;38729737;33331821;303968
FR;1;2021-09-09;49449;123955;27536;38779186;33455776;331504
FR;1;2021-09-10;61028;151557;29106;38840214;33607333;360610
FR;1;2021-09-11;50603;146458;9516;38890817;33753791;370126
FR;1;2021-09-12;10376;29188;2372;38901193;33782979;372498
FR;1;2021-09-13;46537;104411;37488;38947730;33887390;409986
FR;1;2021-09-14;50441;95738;49424;38998171;33983128;459410
FR;1;2021-09-15;56519;138764;48994;39054690;34121892;508404
FR;1;2021-09-16;43981;80928;51362;39098671;34202820;559766
FR;1;2021-09-17;50417;108972;43804;39149088;34311792;603570
FR;1;2021-09-18;36175;118138;11552;39185263;34429930;615122
FR;1;2021-09-19;6127;21027;1931;39191390;34450957;617053
FR;1;2021-09-20;32597;74500;44696;39223987;34525457;661749
FR;1;2021-09-21;32332;68031;54005;39256319;34593488;715754
FR;1;2021-09-22;36546;117210;47883;39292865;34710698;763637
FR;1;2021-09-23;30221;61412;51950;39323086;34772110;815587
FR;1;2021-09-24;34892;88520;41816;39357978;34860630;857403
FR;1;2021-09-25;25486;95975;12084;39383464;34956605;869487
FR;1;2021-09-26;3998;15190;1699;39387462;34971795;871186
FR;1;2021-09-27;25560;59794;41450;39413022;35031589;912636
FR;1;2021-09-28;25209;48521;45195;39438231;35080110;957831
FR;1;2021-09-29;34002;79749;44977;39472233;35159859;1002808
FR;1;2021-09-30;24024;44341;45127;39496257;35204200;1047935
FR;1;2021-10-01;31323;62773;43464;39527580;35266973;1091399
FR;1;2021-10-02;28398;61783;15885;39555978;35328756;1107284
FR;1;2021-10-03;3943;8577;1958;39559921;35337333;1109242
FR;1;2021-10-04;21743;43504;45796;39581664;35380837;1155038
FR;1;2021-10-05;19784;41117;47713;39601448;35421954;1202751
FR;1;2021-10-06;30654;60598;55695;39632102;35482552;1258446
FR;1;2021-10-07;18732;39049;50694;39650834;35521601;1309140
FR;1;2021-10-08;29838;58940;58679;39680672;35580541;1367819
FR;1;2021-10-09;25983;47559;25085;39706655;35628100;1392904
FR;1;2021-10-10;2937;5370;2641;39709592;35633470;1395545
FR;1;2021-10-11;21376;37693;53191;39730968;35671163;1448736
FR;1;2021-10-12;20454;36104;55878;39751422;35707267;1504614
FR;1;2021-10-13;30280;47094;62448;39781702;35754361;1567062
FR;1;2021-10-14;19483;34256;51188;39801185;35788617;1618250
FR;1;2021-10-15;29077;47754;69793;39830262;35836371;1688043
FR;1;2021-10-16;24467;35062;34204;39854729;35871433;1722247
FR;1;2021-10-17;2557;4078;3272;39857286;35875511;1725519
FR;2;2020-12-27;0;0;0;0;0;0
FR;2;2020-12-28;0;0;0;0;0;0
FR;2;2020-12-29;0;0;0;0;0;0
FR;2;2020-12-30;0;0;0;0;0;0
FR;2;2020-12-31;0;0;0;0;0;0
FR;2;2021-01-01;0;0;0;0;0;0
FR;2;2021-01-02;0;0;0;0;0;0
FR;2;2021-01-03;0;0;0;0;0;0
FR;2;2021-01-04;0;0;0;0;0;0
FR;2;2021-01-05;0;0;0;0;0;0
FR;2;2021-01-06;0;0;0;0;0;0
FR;2;2021-01-07;0;0;0;0;0;0
FR;2;2021-01-08;0;0;0;0;0;0
FR;2;2021-01-09;0;0;0;0;0;0
FR;2;2021-01-10;0;0;0;0;0;0
FR;2;2021-01-11;0;0;0;0;0;0
FR;2;2021-01-12;0;0;0;0;0;0
FR;2;2021-01-13;0;0;0;0;0;0
FR;2;2021-01-14;1211;0;0;1211;0;0
FR;2;2021-01-15;334;0;0;1545;0;0
FR;2;2021-01-16;266;0;0;1811;0;0
FR;2;2021-01-17;51;0;0;1862;0;0
FR;2;2021-01-18;3026;0;0;4888;0;0
FR;2;2021-01-19;4633;0;0;9521;0;0
FR;2;2021-01-20;5073;0;0;14594;0;0
FR;2;2021-01-21;5266;0;0;19860;0;0
FR;2;2021-01-22;5044;0;0;24904;0;0
FR;2;2021-01-23;1837;0;0;26741;0;0
FR;2;2021-01-24;151;0;0;26892;0;0
FR;2;2021-01-25;3742;0;0;30634;0;0
FR;2;2021-01-26;3842;0;0;34476;0;0
FR;2;2021-01-27;3530;0;0;38006;0;0
FR;2;2021-01-28;3649;0;0;41655;0;0
FR;2;2021-01-29;3211;0;0;44866;0;0
FR;2;2021-01-30;1108;0;0;45974;0;0
FR;2;2021-01-31;30;0;0;46004;0;0
FR;2;2021-02-01;3333;0;0;49337;0;0
FR;2;2021-02-02;4413;0;0;53750;0;0
FR;2;2021-02-03;5155;0;0;58905;0;0
FR;2;2021-02-04;4847;4;0;63752;4;0
FR;2;2021-02-05;4737;6;0;68489;10;0
FR;2;2021-02-06;1996;3;0;70485;13;0
FR;2;2021-02-07;80;0;0;70565;13;0
FR;2;2021-02-08;7485;8;0;78050;21;0
FR;2;2021-02-09;8351;15;0;86401;36;0
FR;2;2021-02-10;9250;50;0;95651;86;0
FR;2;2021-02-11;10174;66;0;105825;152;0
FR;2;2021-02-12;9945;237;0;115770;389;0
FR;2;2021-02-13;3087;221;0;118857;610;0
FR;2;2021-02-14;332;0;0;119189;610;0
FR;2;2021-02-15;3406;3063;0;122595;3673;0
FR;2;2021-02-16;5014;3876;0;127609;7549;0
FR;2;2021-02-17;4192;4398;0;131801;11947;0
FR;2;2021-02-18;5335;5087;0;137136;17034;0
FR;2;2021-02-19;5274;4323;0;142410;21357;0
FR;2;2021-02-20;1815;1508;0;144225;22865;0
FR;2;2021-02-21;216;86;0;144441;22951;0
FR;2;2021-02-22;3575;3721;0;148016;26672;0
FR;2;2021-02-23;4897;3688;0;152913;30360;0
FR;2;2021-02-24;4924;3463;0;157837;33823;0
FR;2;2021-02-25;5396;3423;0;163233;37246;0
FR;2;2021-02-26;4304;3121;0;167537;40367;0
FR;2;2021-02-27;1579;1042;0;169116;41409;0
FR;2;2021-02-28;145;28;0;169261;41437;0
FR;2;2021-03-01;5061;3763;0;174322;45200;0
FR;2;2021-03-02;6431;4723;0;180753;49923;0
FR;2;2021-03-03;6434;4881;0;187187;54804;0
FR;2;2021-03-04;8272;3960;0;195459;58764;0
FR;2;2021-03-05;7916;4053;0;203375;62817;0
FR;2;2021-03-06;4712;1681;0;208087;64498;0
FR;2;2021-03-07;2343;29;0;210430;64527;0
FR;2;2021-03-08;4088;8304;0;214518;72831;0
FR;2;2021-03-09;7402;8420;1;221920;81251;1
FR;2;2021-03-10;6981;9103;0;228901;90354;1
FR;2;2021-03-11;9274;9193;0;238175;99547;1
FR;2;2021-03-12;7870;8157;0;246045;107704;1
FR;2;2021-03-13;9977;2509;0;256022;110213;1
FR;2;2021-03-14;4813;400;0;260835;110613;1
FR;2;2021-03-15;10798;3481;0;271633;114094;1
FR;2;2021-03-16;16642;4619;0;288275;118713;1
FR;2;2021-03-17;20088;3952;0;308363;122665;1
FR;2;2021-03-18;23211;4902;0;331574;127567;1
FR;2;2021-03-19;23144;4533;0;354718;132100;1
FR;2;2021-03-20;25320;1537;0;380038;133637;1
FR;2;2021-03-21;17595;147;0;397633;133784;1
FR;2;2021-03-22;17625;3077;0;415258;136861;1
FR;2;2021-03-23;22507;4180;0;437765;141041;1
FR;2;2021-03-24;23777;4985;0;461542;146026;1
FR;2;2021-03-25;26555;5017;0;488097;151043;1
FR;2;2021-03-26;26808;4262;0;514905;155305;1
FR;2;2021-03-27;15817;1308;0;530722;156613;1
FR;2;2021-03-28;10514;92;0;541236;156705;1
FR;2;2021-03-29;18849;4276;0;560085;160981;1
FR;2;2021-03-30;24376;6015;0;584461;166996;1
FR;2;2021-03-31;28390;5952;0;612851;172948;1
FR;2;2021-04-01;34318;8476;0;647169;181424;1
FR;2;2021-04-02;29792;7678;0;676961;189102;1
FR;2;2021-04-03;16855;3578;0;693816;192680;1
FR;2;2021-04-04;9239;918;1;703055;193598;2
FR;2;2021-04-05;12283;807;0;715338;194405;2
FR;2;2021-04-06;26949;6924;0;742287;201329;2
FR;2;2021-04-07;30757;7150;0;773044;208479;2
FR;2;2021-04-08;36693;8814;0;809737;217293;2
FR;2;2021-04-09;33652;8589;27;843389;225882;29
FR;2;2021-04-10;19573;8968;0;862962;234850;29
FR;2;2021-04-11;7871;4270;0;870833;239120;29
FR;2;2021-04-12;16970;11247;0;887803;250367;29
FR;2;2021-04-13;19300;16415;1;907103;266782;30
FR;2;2021-04-14;17854;16274;2;924957;283056;32
FR;2;2021-04-15;22020;20748;25;946977;303804;57
FR;2;2021-04-16;20551;20064;39;967528;323868;96
FR;2;2021-04-17;13150;22451;3;980678;346319;99
FR;2;2021-04-18;5843;14402;3;986521;360721;102
FR;2;2021-04-19;16618;16249;17;1003139;376970;119
FR;2;2021-04-20;19101;21569;25;1022240;398539;144
FR;2;2021-04-21;20041;21659;45;1042281;420198;189
FR;2;2021-04-22;23578;24850;18;1065859;445048;207
FR;2;2021-04-23;24337;25343;64;1090196;470391;271
FR;2;2021-04-24;25162;15101;19;1115358;485492;290
FR;2;2021-04-25;9540;8587;5;1124898;494079;295
FR;2;2021-04-26;17001;17196;14;1141899;511275;309
FR;2;2021-04-27;19107;24296;32;1161006;535571;341
FR;2;2021-04-28;22176;26175;97;1183182;561746;438
FR;2;2021-04-29;25293;30122;54;1208475;591868;492
FR;2;2021-04-30;25408;27766;33;1233883;619634;525
FR;2;2021-05-01;14874;9856;3;1248757;629490;528
FR;2;2021-05-02;6571;9181;2;1255328;638671;530
FR;2;2021-05-03;19831;19315;15;1275159;657986;545
FR;2;2021-05-04;18124;29047;14;1293283;687033;559
FR;2;2021-05-05;18095;29402;26;1311378;716435;585
FR;2;2021-05-06;23316;35279;92;1334694;751714;677
FR;2;2021-05-07;25045;33218;69;1359739;784932;746
FR;2;2021-05-08;21155;9700;7;1380894;794632;753
FR;2;2021-05-09;13078;7891;2;1393972;802523;755
FR;2;2021-05-10;32639;22209;21;1426611;824732;776
FR;2;2021-05-11;43270;21065;44;1469881;845797;820
FR;2;2021-05-12;49680;19894;72;1519561;865691;892
FR;2;2021-05-13;50986;5765;14;1570547;871456;906
FR;2;2021-05-14;60988;12947;82;1631535;884403;988
FR;2;2021-05-15;65589;7146;12;1697124;891549;1000
FR;2;2021-05-16;43322;2574;4;1740446;894123;1004
FR;2;2021-05-17;44447;12580;54;1784893;906703;1058
FR;2;2021-05-18;54300;12241;71;1839193;918944;1129
FR;2;2021-05-19;56811;10609;125;1896004;929553;1254
FR;2;2021-05-20;63033;10872;140;1959037;940425;1394
FR;2;2021-05-21;63915;11659;120;2022952;952084;1514
FR;2;2021-05-22;61208;4512;31;2084160;956596;1545
FR;2;2021-05-23;37318;570;9;2121478;957166;1554
FR;2;2021-05-24;17009;2030;19;2138487;959196;1573
FR;2;2021-05-25;20813;12234;144;2159300;971430;1717
FR;2;2021-05-26;19592;11453;149;2178892;982883;1866
FR;2;2021-05-27;22680;12659;123;2201572;995542;1989
FR;2;2021-05-28;29120;14974;124;2230692;1010516;2113
FR;2;2021-05-29;30225;8181;33;2260917;1018697;2146
FR;2;2021-05-30;4560;1809;2;2265477;1020506;2148
FR;2;2021-05-31;28367;18746;115;2293844;1039252;2263
FR;2;2021-06-01;45286;20062;146;2339130;1059314;2409
FR;2;2021-06-02;37191;19302;99;2376321;1078616;2508
FR;2;2021-06-03;50945;23376;93;2427266;1101992;2601
FR;2;2021-06-04;65212;24091;131;2492478;1126083;2732
FR;2;2021-06-05;34301;24035;22;2526779;1150118;2754
FR;2;2021-06-06;4840;6201;4;2531619;1156319;2758
FR;2;2021-06-07;27903;23091;88;2559522;1179410;2846
FR;2;2021-06-08;46096;22954;89;2605618;1202364;2935
FR;2;2021-06-09;34050;20911;54;2639668;1223275;2989
FR;2;2021-06-10;42378;19151;34;2682046;1242426;3023
FR;2;2021-06-11;55058;25244;70;2737104;1267670;3093
FR;2;2021-06-12;30403;19810;29;2767507;1287480;3122
FR;2;2021-06-13;3240;9186;4;2770747;1296666;3126
FR;2;2021-06-14;25107;24185;50;2795854;1320851;3176
FR;2;2021-06-15;38787;22883;72;2834641;1343734;3248
FR;2;2021-06-16;29973;21479;88;2864614;1365213;3336
FR;2;2021-06-17;36676;25896;77;2901290;1391109;3413
FR;2;2021-06-18;46674;28796;68;2947964;1419905;3481
FR;2;2021-06-19;24422;24915;21;2972386;1444820;3502
FR;2;2021-06-20;3617;10069;5;2976003;1454889;3507
FR;2;2021-06-21;17335;42764;51;2993338;1497653;3558
FR;2;2021-06-22;28187;49606;70;3021525;1547259;3628
FR;2;2021-06-23;21641;49611;65;3043166;1596870;3693
FR;2;2021-06-24;28245;50299;87;3071411;1647169;3780
FR;2;2021-06-25;33250;60416;83;3104661;1707585;3863
FR;2;2021-06-26;16262;59278;28;3120923;1766863;3891
FR;2;2021-06-27;2514;29350;12;3123437;1796213;3903
FR;2;2021-06-28;12490;54368;40;3135927;1850581;3943
FR;2;2021-06-29;19728;59893;174;3155655;1910474;4117
FR;2;2021-06-30;16204;57761;214;3171859;1968235;4331
FR;2;2021-07-01;20277;59909;212;3192136;2028144;4543
FR;2;2021-07-02;23887;62213;181;3216023;2090357;4724
FR;2;2021-07-03;11995;57099;155;3228018;2147456;4879
FR;2;2021-07-04;1902;23331;20;3229920;2170787;4899
FR;2;2021-07-05;8995;29362;101;3238915;2200149;5000
FR;2;2021-07-06;14398;36202;130;3253313;2236351;5130
FR;2;2021-07-07;14135;33679;135;3267448;2270030;5265
FR;2;2021-07-08;19508;40294;159;3286956;2310324;5424
FR;2;2021-07-09;26919;54278;194;3313875;2364602;5618
FR;2;2021-07-10;13259;33672;108;3327134;2398274;5726
FR;2;2021-07-11;1706;4329;12;3328840;2402603;5738
FR;2;2021-07-12;12813;37278;110;3341653;2439881;5848
FR;2;2021-07-13;36943;53277;151;3378596;2493158;5999
FR;2;2021-07-14;6419;3576;14;3385015;2496734;6013
FR;2;2021-07-15;47007;47046;151;3432022;2543780;6164
FR;2;2021-07-16;64093;55867;183;3496115;2599647;6347
FR;2;2021-07-17;31427;23952;95;3527542;2623599;6442
FR;2;2021-07-18;5988;4946;18;3533530;2628545;6460
FR;2;2021-07-19;32822;28728;90;3566352;2657273;6550
FR;2;2021-07-20;51787;44597;145;3618139;2701870;6695
FR;2;2021-07-21;45030;34832;90;3663169;2736702;6785
FR;2;2021-07-22;56051;41104;123;3719220;2777806;6908
FR;2;2021-07-23;68103;49135;168;3787323;2826941;7076
FR;2;2021-07-24;36007;21554;80;3823330;2848495;7156
FR;2;2021-07-25;6646;2678;10;3829976;2851173;7166
FR;2;2021-07-26;36112;22502;88;3866088;2873675;7254
FR;2;2021-07-27;62151;34652;178;3928239;2908327;7432
FR;2;2021-07-28;55075;26488;129;3983314;2934815;7561
FR;2;2021-07-29;68172;32791;182;4051486;2967606;7743
FR;2;2021-07-30;74152;37786;214;4125638;3005392;7957
FR;2;2021-07-31;34566;16164;94;4160204;3021556;8051
FR;2;2021-08-01;5234;2300;13;4165438;3023856;8064
FR;2;2021-08-02;35576;16165;94;4201014;3040021;8158
FR;2;2021-08-03;55706;28249;135;4256720;3068270;8293
FR;2;2021-08-04;46387;20838;127;4303107;3089108;8420
FR;2;2021-08-05;54388;31592;210;4357495;3120700;8630
FR;2;2021-08-06;57900;42360;231;4415395;3163060;8861
FR;2;2021-08-07;25008;17593;90;4440403;3180653;8951
FR;2;2021-08-08;3752;3666;19;4444155;3184319;8970
FR;2;2021-08-09;29161;21149;83;4473316;3205468;9053
FR;2;2021-08-10;44811;33527;149;4518127;3238995;9202
FR;2;2021-08-11;35122;25146;142;4553249;3264141;9344
FR;2;2021-08-12;41764;35736;154;4595013;3299877;9498
FR;2;2021-08-13;42476;36228;204;4637489;3336105;9702
FR;2;2021-08-14;18406;22627;90;4655895;3358732;9792
FR;2;2021-08-15;2987;3845;13;4658882;3362577;9805
FR;2;2021-08-16;24978;27376;97;4683860;3389953;9902
FR;2;2021-08-17;38144;43526;190;4722004;3433479;10092
FR;2;2021-08-18;32154;36398;180;4754158;3469877;10272
FR;2;2021-08-19;37319;46580;211;4791477;3516457;10483
FR;2;2021-08-20;40431;55487;248;4831908;3571944;10731
FR;2;2021-08-21;18041;24257;103;4849949;3596201;10834
FR;2;2021-08-22;2873;4315;19;4852822;3600516;10853
FR;2;2021-08-23;19169;35127;118;4871991;3635643;10971
FR;2;2021-08-24;31818;56041;218;4903809;3691684;11189
FR;2;2021-08-25;25849;43413;233;4929658;3735097;11422
FR;2;2021-08-26;32242;55653;373;4961900;3790750;11795
FR;2;2021-08-27;36898;65412;457;4998798;3856162;12252
FR;2;2021-08-28;17738;28347;287;5016536;3884509;12539
FR;2;2021-08-29;2623;5093;46;5019159;3889602;12585
FR;2;2021-08-30;18282;37787;374;5037441;3927389;12959
FR;2;2021-08-31;27955;57470;857;5065396;3984859;13816
FR;2;2021-09-01;21400;39770;1264;5086796;4024629;15080
FR;2;2021-09-02;25316;48561;1906;5112112;4073190;16986
FR;2;2021-09-03;33201;64347;2865;5145313;4137537;19851
FR;2;2021-09-04;16666;27543;1399;5161979;4165080;21250
FR;2;2021-09-05;2212;3731;248;5164191;4168811;21498
FR;2;2021-09-06;13913;28744;1736;5178104;4197555;23234
FR;2;2021-09-07;20988;41013;2921;5199092;4238568;26155
FR;2;2021-09-08;17112;31929;2687;5216204;4270497;28842
FR;2;2021-09-09;20812;40400;4313;5237016;4310897;33155
FR;2;2021-09-10;28047;50998;5153;5265063;4361895;38308
FR;2;2021-09-11;13522;21986;2321;5278585;4383881;40629
FR;2;2021-09-12;1763;2850;265;5280348;4386731;40894
FR;2;2021-09-13;11543;21497;2410;5291891;4408228;43304
FR;2;2021-09-14;18429;32757;4907;5310320;4440985;48211
FR;2;2021-09-15;14601;28385;5077;5324921;4469370;53288
FR;2;2021-09-16;15953;32709;6620;5340874;4502079;59908
FR;2;2021-09-17;20729;47004;8645;5361603;4549083;68553
FR;2;2021-09-18;9727;20843;3726;5371330;4569926;72279
FR;2;2021-09-19;1142;2728;378;5372472;4572654;72657
FR;2;2021-09-20;7347;18867;3735;5379819;4591521;76392
FR;2;2021-09-21;11062;30026;6419;5390881;4621547;82811
FR;2;2021-09-22;9270;23540;5419;5400151;4645087;88230
FR;2;2021-09-23;10580;28858;7766;5410731;4673945;95996
FR;2;2021-09-24;14842;42742;10714;5425573;4716687;106710
FR;2;2021-09-25;7047;18592;3889;5432620;4735279;110599
FR;2;2021-09-26;1042;2590;484;5433662;4737869;111083
FR;2;2021-09-27;6149;16462;4204;5439811;4754331;115287
FR;2;2021-09-28;9079;25523;7624;5448890;4779854;122911
FR;2;2021-09-29;7915;20232;5972;5456805;4800086;128883
FR;2;2021-09-30;9686;25716;9324;5466491;4825802;138207
FR;2;2021-10-01;13521;35454;12688;5480012;4861256;150895
FR;2;2021-10-02;6597;15801;4755;5486609;4877057;155650
FR;2;2021-10-03;750;2035;469;5487359;4879092;156119
FR;2;2021-10-04;5617;13982;5465;5492976;4893074;161584
FR;2;2021-10-05;8786;22497;11009;5501762;4915571;172593
FR;2;2021-10-06;7563;17753;8117;5509325;4933324;180710
FR;2;2021-10-07;8966;22122;12190;5518291;4955446;192900
FR;2;2021-10-08;13100;31956;16984;5531391;4987402;209884
FR;2;2021-10-09;5809;12716;5940;5537200;5000118;215824
FR;2;2021-10-10;816;1685;419;5538016;5001803;216243
FR;2;2021-10-11;5183;11686;6368;5543199;5013489;222611
FR;2;2021-10-12;7610;17751;12276;5550809;5031240;234887
FR;2;2021-10-13;6694;14836;10037;5557503;5046076;244924
FR;2;2021-10-14;8014;17903;14375;5565517;5063979;259299
FR;2;2021-10-15;11314;26224;20245;5576831;5090203;279544
FR;2;2021-10-16;4770;8728;1689;5581601;5098931;281233
FR;2;2021-10-17;526;1220;171;5582127;5100151;281404
FR;3;2020-12-27;0;0;0;0;0;0
FR;3;2020-12-28;0;0;0;0;0;0
FR;3;2020-12-29;0;0;0;0;0;0
FR;3;2020-12-30;0;0;0;0;0;0
FR;3;2020-12-31;0;0;0;0;0;0
FR;3;2021-01-01;0;0;0;0;0;0
FR;3;2021-01-02;0;0;0;0;0;0
FR;3;2021-01-03;0;0;0;0;0;0
FR;3;2021-01-04;0;0;0;0;0;0
FR;3;2021-01-05;0;0;0;0;0;0
FR;3;2021-01-06;0;0;0;0;0;0
FR;3;2021-01-07;0;0;0;0;0;0
FR;3;2021-01-08;0;0;0;0;0;0
FR;3;2021-01-09;0;0;0;0;0;0
FR;3;2021-01-10;0;0;0;0;0;0
FR;3;2021-01-11;0;0;0;0;0;0
FR;3;2021-01-12;0;0;0;0;0;0
FR;3;2021-01-13;0;0;0;0;0;0
FR;3;2021-01-14;0;0;0;0;0;0
FR;3;2021-01-15;0;0;0;0;0;0
FR;3;2021-01-16;0;0;0;0;0;0
FR;3;2021-01-17;0;0;0;0;0;0
FR;3;2021-01-18;0;0;0;0;0;0
FR;3;2021-01-19;0;0;0;0;0;0
FR;3;2021-01-20;0;0;0;0;0;0
FR;3;2021-01-21;0;0;0;0;0;0
FR;3;2021-01-22;0;0;0;0;0;0
FR;3;2021-01-23;0;0;0;0;0;0
FR;3;2021-01-24;0;0;0;0;0;0
FR;3;2021-01-25;0;0;0;0;0;0
FR;3;2021-01-26;0;0;0;0;0;0
FR;3;2021-01-27;0;0;0;0;0;0
FR;3;2021-01-28;0;0;0;0;0;0
FR;3;2021-01-29;0;0;0;0;0;0
FR;3;2021-01-30;0;0;0;0;0;0
FR;3;2021-01-31;0;0;0;0;0;0
FR;3;2021-02-01;0;0;0;0;0;0
FR;3;2021-02-02;0;0;0;0;0;0
FR;3;2021-02-03;0;0;0;0;0;0
FR;3;2021-02-04;0;0;0;0;0;0
FR;3;2021-02-05;0;0;0;0;0;0
FR;3;2021-02-06;961;0;0;961;0;0
FR;3;2021-02-07;1379;0;0;2340;0;0
FR;3;2021-02-08;2713;0;0;5053;0;0
FR;3;2021-02-09;6713;0;0;11766;0;0
FR;3;2021-02-10;9476;0;0;21242;0;0
FR;3;2021-02-11;13498;0;0;34740;0;0
FR;3;2021-02-12;13204;0;0;47944;0;0
FR;3;2021-02-13;3624;0;0;51568;0;0
FR;3;2021-02-14;916;0;0;52484;0;0
FR;3;2021-02-15;10296;0;0;62780;0;0
FR;3;2021-02-16;12364;0;0;75144;0;0
FR;3;2021-02-17;10981;0;0;86125;0;0
FR;3;2021-02-18;14770;0;0;100895;0;0
FR;3;2021-02-19;14224;0;0;115119;0;0
FR;3;2021-02-20;3240;0;0;118359;0;0
FR;3;2021-02-21;581;0;0;118940;0;0
FR;3;2021-02-22;9042;0;0;127982;0;0
FR;3;2021-02-23;11242;0;0;139224;0;0
FR;3;2021-02-24;14113;0;0;153337;0;0
FR;3;2021-02-25;44740;0;0;198077;0;0
FR;3;2021-02-26;61703;0;0;259780;0;0
FR;3;2021-02-27;34665;6;0;294445;6;0
FR;3;2021-02-28;2397;0;0;296842;6;0
FR;3;2021-03-01;20215;9;0;317057;15;0
FR;3;2021-03-02;38635;11;0;355692;26;0
FR;3;2021-03-03;48426;14;0;404118;40;0
FR;3;2021-03-04;81939;18;0;486057;58;0
FR;3;2021-03-05;117788;41;0;603845;99;0
FR;3;2021-03-06;120328;47;1;724173;146;1
FR;3;2021-03-07;54974;26;0;779147;172;1
FR;3;2021-03-08;42574;20;0;821721;192;1
FR;3;2021-03-09;78713;30;0;900434;222;1
FR;3;2021-03-10;80587;36;0;981021;258;1
FR;3;2021-03-11;128082;44;0;1109103;302;1
FR;3;2021-03-12;182359;67;0;1291462;369;1
FR;3;2021-03-13;131870;49;0;1423332;418;1
FR;3;2021-03-14;13948;4;0;1437280;422;1
FR;3;2021-03-15;51938;34;0;1489218;456;1
FR;3;2021-03-16;1051;13;0;1490269;469;1
FR;3;2021-03-17;792;6;0;1491061;475;1
FR;3;2021-03-18;1390;4;0;1492451;479;1
FR;3;2021-03-19;70193;36;0;1562644;515;1
FR;3;2021-03-20;65030;35;0;1627674;550;1
FR;3;2021-03-21;5635;4;0;1633309;554;1
FR;3;2021-03-22;37240;30;0;1670549;584;1
FR;3;2021-03-23;84334;49;0;1754883;633;1
FR;3;2021-03-24;90665;88;0;1845548;721;1
FR;3;2021-03-25;149724;114;0;1995272;835;1
FR;3;2021-03-26;165078;152;0;2160350;987;1
FR;3;2021-03-27;68239;86;0;2228589;1073;1
FR;3;2021-03-28;6365;19;0;2234954;1092;1
FR;3;2021-03-29;53921;59;0;2288875;1151;1
FR;3;2021-03-30;92889;87;0;2381764;1238;1
FR;3;2021-03-31;63272;81;0;2445036;1319;1
FR;3;2021-04-01;85816;97;0;2530852;1416;1
FR;3;2021-04-02;86684;143;0;2617536;1559;1
FR;3;2021-04-03;35710;107;0;2653246;1666;1
FR;3;2021-04-04;3482;14;0;2656728;1680;1
FR;3;2021-04-05;4366;21;0;2661094;1701;1
FR;3;2021-04-06;29489;72;0;2690583;1773;1
FR;3;2021-04-07;32072;59;0;2722655;1832;1
FR;3;2021-04-08;78561;231;0;2801216;2063;1
FR;3;2021-04-09;161455;404;0;2962671;2467;1
FR;3;2021-04-10;75529;327;0;3038200;2794;1
FR;3;2021-04-11;7212;42;0;3045412;2836;1
FR;3;2021-04-12;51226;195;0;3096638;3031;1
FR;3;2021-04-13;85955;308;0;3182593;3339;1
FR;3;2021-04-14;67518;337;0;3250111;3676;1
FR;3;2021-04-15;92830;363;0;3342941;4039;1
FR;3;2021-04-16;112224;566;0;3455165;4605;1
FR;3;2021-04-17;53128;318;1;3508293;4923;2
FR;3;2021-04-18;9616;32;0;3517909;4955;2
FR;3;2021-04-19;24868;228;0;3542777;5183;2
FR;3;2021-04-20;45387;388;0;3588164;5571;2
FR;3;2021-04-21;38697;441;0;3626861;6012;2
FR;3;2021-04-22;54476;778;0;3681337;6790;2
FR;3;2021-04-23;70270;1009;0;3751607;7799;2
FR;3;2021-04-24;37066;968;0;3788673;8767;2
FR;3;2021-04-25;6081;152;0;3794754;8919;2
FR;3;2021-04-26;19536;648;0;3814290;9567;2
FR;3;2021-04-27;34208;1240;0;3848498;10807;2
FR;3;2021-04-28;28746;1925;0;3877244;12732;2
FR;3;2021-04-29;45153;5945;0;3922397;18677;2
FR;3;2021-04-30;55270;8919;0;3977667;27596;2
FR;3;2021-05-01;9375;1962;0;3987042;29558;2
FR;3;2021-05-02;2937;498;0;3989979;30056;2
FR;3;2021-05-03;12850;3880;0;4002829;33936;2
FR;3;2021-05-04;22845;8421;0;4025674;42357;2
FR;3;2021-05-05;18481;10567;0;4044155;52924;2
FR;3;2021-05-06;34354;20889;0;4078509;73813;2
FR;3;2021-05-07;43990;28382;0;4122499;102195;2
FR;3;2021-05-08;6630;8873;0;4129129;111068;2
FR;3;2021-05-09;1692;2650;0;4130821;113718;2
FR;3;2021-05-10;14757;12553;0;4145578;126271;2
FR;3;2021-05-11;26841;25717;0;4172419;151988;2
FR;3;2021-05-12;17069;27441;1;4189488;179429;3
FR;3;2021-05-13;2147;3481;0;4191635;182910;3
FR;3;2021-05-14;14354;25729;0;4205989;208639;3
FR;3;2021-05-15;7083;20728;0;4213072;229367;3
FR;3;2021-05-16;889;2677;0;4213961;232044;3
FR;3;2021-05-17;7743;19903;0;4221704;251947;3
FR;3;2021-05-18;13188;29624;0;4234892;281571;3
FR;3;2021-05-19;9039;31848;0;4243931;313419;3
FR;3;2021-05-20;12566;53203;2;4256497;366622;5
FR;3;2021-05-21;12546;65522;0;4269043;432144;5
FR;3;2021-05-22;4825;33293;1;4273868;465437;6
FR;3;2021-05-23;555;2663;0;4274423;468100;6
FR;3;2021-05-24;683;4914;0;4275106;473014;6
FR;3;2021-05-25;5076;45166;0;4280182;518180;6
FR;3;2021-05-26;4766;51046;1;4284948;569226;7
FR;3;2021-05-27;6107;77821;1;4291055;647047;8
FR;3;2021-05-28;7367;99091;0;4298422;746138;8
FR;3;2021-05-29;3187;60274;1;4301609;806412;9
FR;3;2021-05-30;416;8243;0;4302025;814655;9
FR;3;2021-05-31;2199;35985;0;4304224;850640;9
FR;3;2021-06-01;3123;64805;5;4307347;915445;14
FR;3;2021-06-02;2524;58340;0;4309871;973785;14
FR;3;2021-06-03;3314;87572;4;4313185;1061357;18
FR;3;2021-06-04;3964;105108;12;4317149;1166465;30
FR;3;2021-06-05;1867;52236;0;4319016;1218701;30
FR;3;2021-06-06;341;5399;0;4319357;1224100;30
FR;3;2021-06-07;1222;31179;3;4320579;1255279;33
FR;3;2021-06-08;1829;47272;10;4322408;1302551;43
FR;3;2021-06-09;1553;42392;8;4323961;1344943;51
FR;3;2021-06-10;2018;67986;9;4325979;1412929;60
FR;3;2021-06-11;2337;96787;17;4328316;1509716;77
FR;3;2021-06-12;1052;40835;4;4329368;1550551;81
FR;3;2021-06-13;175;3823;1;4329543;1554374;82
FR;3;2021-06-14;866;42656;11;4330409;1597030;93
FR;3;2021-06-15;1215;80681;6;4331624;1677711;99
FR;3;2021-06-16;1093;65774;7;4332717;1743485;106
FR;3;2021-06-17;1503;101845;20;4334220;1845330;126
FR;3;2021-06-18;1782;117913;24;4336002;1963243;150
FR;3;2021-06-19;749;39401;11;4336751;2002644;161
FR;3;2021-06-20;98;3383;0;4336849;2006027;161
FR;3;2021-06-21;629;39285;9;4337478;2045312;170
FR;3;2021-06-22;939;70009;33;4338417;2115321;203
FR;3;2021-06-23;827;50841;15;4339244;2166162;218
FR;3;2021-06-24;1209;77203;24;4340453;2243365;242
FR;3;2021-06-25;1312;89958;40;4341765;2333323;282
FR;3;2021-06-26;560;33134;13;4342325;2366457;295
FR;3;2021-06-27;110;4026;1;4342435;2370483;296
FR;3;2021-06-28;534;30454;13;4342969;2400937;309
FR;3;2021-06-29;772;56143;93;4343741;2457080;402
FR;3;2021-06-30;802;45054;89;4344543;2502134;491
FR;3;2021-07-01;1051;65655;108;4345594;2567789;599
FR;3;2021-07-02;1211;90439;171;4346805;2658228;770
FR;3;2021-07-03;563;31190;54;4347368;2689418;824
FR;3;2021-07-04;93;4275;3;4347461;2693693;827
FR;3;2021-07-05;543;33930;60;4348004;2727623;887
FR;3;2021-07-06;846;56127;87;4348850;2783750;974
FR;3;2021-07-07;779;43080;77;4349629;2826830;1051
FR;3;2021-07-08;1041;60749;99;4350670;2887579;1150
FR;3;2021-07-09;1180;68835;125;4351850;2956414;1275
FR;3;2021-07-10;564;25052;58;4352414;2981466;1333
FR;3;2021-07-11;80;3309;4;4352494;2984775;1337
FR;3;2021-07-12;554;23930;58;4353048;3008705;1395
FR;3;2021-07-13;1539;34756;88;4354587;3043461;1483
FR;3;2021-07-14;161;2650;2;4354748;3046111;1485
FR;3;2021-07-15;1850;30693;82;4356598;3076804;1567
FR;3;2021-07-16;2423;38901;123;4359021;3115705;1690
FR;3;2021-07-17;984;13753;26;4360005;3129458;1716
FR;3;2021-07-18;207;2610;3;4360212;3132068;1719
FR;3;2021-07-19;1199;17237;34;4361411;3149305;1753
FR;3;2021-07-20;1750;27170;93;4363161;3176475;1846
FR;3;2021-07-21;1577;19745;43;4364738;3196220;1889
FR;3;2021-07-22;1756;27796;79;4366494;3224016;1968
FR;3;2021-07-23;2128;30477;113;4368622;3254493;2081
FR;3;2021-07-24;772;7019;23;4369394;3261512;2104
FR;3;2021-07-25;176;1350;1;4369570;3262862;2105
FR;3;2021-07-26;823;10717;28;4370393;3273579;2133
FR;3;2021-07-27;1086;16977;55;4371479;3290556;2188
FR;3;2021-07-28;904;12125;37;4372383;3302681;2225
FR;3;2021-07-29;1060;15868;63;4373443;3318549;2288
FR;3;2021-07-30;1055;18109;75;4374498;3336658;2363
FR;3;2021-07-31;347;3750;13;4374845;3340408;2376
FR;3;2021-08-01;63;482;1;4374908;3340890;2377
FR;3;2021-08-02;339;5160;23;4375247;3346050;2400
FR;3;2021-08-03;433;7587;26;4375680;3353637;2426
FR;3;2021-08-04;381;4893;25;4376061;3358530;2451
FR;3;2021-08-05;375;3749;12;4376436;3362279;2463
FR;3;2021-08-06;405;4785;28;4376841;3367064;2491
FR;3;2021-08-07;168;1925;11;4377009;3368989;2502
FR;3;2021-08-08;94;423;2;4377103;3369412;2504
FR;3;2021-08-09;237;2521;10;4377340;3371933;2514
FR;3;2021-08-10;290;3898;15;4377630;3375831;2529
FR;3;2021-08-11;206;2719;14;4377836;3378550;2543
FR;3;2021-08-12;218;2624;12;4378054;3381174;2555
FR;3;2021-08-13;233;2251;15;4378287;3383425;2570
FR;3;2021-08-14;134;934;1;4378421;3384359;2571
FR;3;2021-08-15;26;161;0;4378447;3384520;2571
FR;3;2021-08-16;92;1090;8;4378539;3385610;2579
FR;3;2021-08-17;129;1494;7;4378668;3387104;2586
FR;3;2021-08-18;139;1343;8;4378807;3388447;2594
FR;3;2021-08-19;132;1426;9;4378939;3389873;2603
FR;3;2021-08-20;124;1626;15;4379063;3391499;2618
FR;3;2021-08-21;63;583;0;4379126;3392082;2618
FR;3;2021-08-22;19;168;1;4379145;3392250;2619
FR;3;2021-08-23;95;921;7;4379240;3393171;2626
FR;3;2021-08-24;92;958;9;4379332;3394129;2635
FR;3;2021-08-25;95;835;2;4379427;3394964;2637
FR;3;2021-08-26;133;876;9;4379560;3395840;2646
FR;3;2021-08-27;142;953;9;4379702;3396793;2655
FR;3;2021-08-28;76;354;3;4379778;3397147;2658
FR;3;2021-08-29;29;123;1;4379807;3397270;2659
FR;3;2021-08-30;60;590;0;4379867;3397860;2659
FR;3;2021-08-31;82;710;7;4379949;3398570;2666
FR;3;2021-09-01;70;467;4;4380019;3399037;2670
FR;3;2021-09-02;67;623;21;4380086;3399660;2691
FR;3;2021-09-03;78;586;17;4380164;3400246;2708
FR;3;2021-09-04;28;279;3;4380192;3400525;2711
FR;3;2021-09-05;17;58;4;4380209;3400583;2715
FR;3;2021-09-06;53;401;3;4380262;3400984;2718
FR;3;2021-09-07;77;482;13;4380339;3401466;2731
FR;3;2021-09-08;65;353;0;4380404;3401819;2731
FR;3;2021-09-09;45;386;5;4380449;3402205;2736
FR;3;2021-09-10;69;421;2;4380518;3402626;2738
FR;3;2021-09-11;32;229;4;4380550;3402855;2742
FR;3;2021-09-12;9;46;1;4380559;3402901;2743
FR;3;2021-09-13;30;332;4;4380589;3403233;2747
FR;3;2021-09-14;26;286;4;4380615;3403519;2751
FR;3;2021-09-15;18;258;3;4380633;3403777;2754
FR;3;2021-09-16;23;332;5;4380656;3404109;2759
FR;3;2021-09-17;29;345;4;4380685;3404454;2763
FR;3;2021-09-18;14;169;0;4380699;3404623;2763
FR;3;2021-09-19;6;29;1;4380705;3404652;2764
FR;3;2021-09-20;40;212;0;4380745;3404864;2764
FR;3;2021-09-21;20;274;4;4380765;3405138;2768
FR;3;2021-09-22;14;219;6;4380779;3405357;2774
FR;3;2021-09-23;11;267;9;4380790;3405624;2783
FR;3;2021-09-24;9;311;9;4380799;3405935;2792
FR;3;2021-09-25;15;154;3;4380814;3406089;2795
FR;3;2021-09-26;1;40;1;4380815;3406129;2796
FR;3;2021-09-27;13;275;2;4380828;3406404;2798
FR;3;2021-09-28;10;257;5;4380838;3406661;2803
FR;3;2021-09-29;14;209;5;4380852;3406870;2808
FR;3;2021-09-30;14;186;7;4380866;3407056;2815
FR;3;2021-10-01;6;166;4;4380872;3407222;2819
FR;3;2021-10-02;3;85;0;4380875;3407307;2819
FR;3;2021-10-03;1;16;1;4380876;3407323;2820
FR;3;2021-10-04;5;151;4;4380881;3407474;2824
FR;3;2021-10-05;3;146;10;4380884;3407620;2834
FR;3;2021-10-06;11;152;7;4380895;3407772;2841
FR;3;2021-10-07;4;134;6;4380899;3407906;2847
FR;3;2021-10-08;9;138;8;4380908;3408044;2855
FR;3;2021-10-09;4;70;1;4380912;3408114;2856
FR;3;2021-10-10;0;11;0;4380912;3408125;2856
FR;3;2021-10-11;5;119;5;4380917;3408244;2861
FR;3;2021-10-12;1;101;1;4380918;3408345;2862
FR;3;2021-10-13;7;106;5;4380925;3408451;2867
FR;3;2021-10-14;0;146;2;4380925;3408597;2869
FR;3;2021-10-15;7;145;5;4380932;3408742;2874
FR;3;2021-10-16;1;73;2;4380933;3408815;2876
FR;3;2021-10-17;0;18;0;4380933;3408833;2876
FR;4;2020-12-27;0;0;0;0;0;0
FR;4;2020-12-28;0;0;0;0;0;0
FR;4;2020-12-29;0;0;0;0;0;0
FR;4;2020-12-30;0;0;0;0;0;0
FR;4;2020-12-31;0;0;0;0;0;0
FR;4;2021-01-01;0;0;0;0;0;0
FR;4;2021-01-02;0;0;0;0;0;0
FR;4;2021-01-03;0;0;0;0;0;0
FR;4;2021-01-04;0;0;0;0;0;0
FR;4;2021-01-05;0;0;0;0;0;0
FR;4;2021-01-06;0;0;0;0;0;0
FR;4;2021-01-07;0;0;0;0;0;0
FR;4;2021-01-08;0;0;0;0;0;0
FR;4;2021-01-09;0;0;0;0;0;0
FR;4;2021-01-10;0;0;0;0;0;0
FR;4;2021-01-11;0;0;0;0;0;0
FR;4;2021-01-12;0;0;0;0;0;0
FR;4;2021-01-13;0;0;0;0;0;0
FR;4;2021-01-14;0;0;0;0;0;0
FR;4;2021-01-15;0;0;0;0;0;0
FR;4;2021-01-16;0;0;0;0;0;0
FR;4;2021-01-17;0;0;0;0;0;0
FR;4;2021-01-18;0;0;0;0;0;0
FR;4;2021-01-19;0;0;0;0;0;0
FR;4;2021-01-20;0;0;0;0;0;0
FR;4;2021-01-21;0;0;0;0;0;0
FR;4;2021-01-22;0;0;0;0;0;0
FR;4;2021-01-23;0;0;0;0;0;0
FR;4;2021-01-24;0;0;0;0;0;0
FR;4;2021-01-25;0;0;0;0;0;0
FR;4;2021-01-26;0;0;0;0;0;0
FR;4;2021-01-27;0;0;0;0;0;0
FR;4;2021-01-28;0;0;0;0;0;0
FR;4;2021-01-29;0;0;0;0;0;0
FR;4;2021-01-30;0;0;0;0;0;0
FR;4;2021-01-31;0;0;0;0;0;0
FR;4;2021-02-01;0;0;0;0;0;0
FR;4;2021-02-02;0;0;0;0;0;0
FR;4;2021-02-03;0;0;0;0;0;0
FR;4;2021-02-04;0;0;0;0;0;0
FR;4;2021-02-05;0;0;0;0;0;0
FR;4;2021-02-06;0;0;0;0;0;0
FR;4;2021-02-07;0;0;0;0;0;0
FR;4;2021-02-08;0;0;0;0;0;0
FR;4;2021-02-09;0;0;0;0;0;0
FR;4;2021-02-10;0;0;0;0;0;0
FR;4;2021-02-11;0;0;0;0;0;0
FR;4;2021-02-12;0;0;0;0;0;0
FR;4;2021-02-13;0;0;0;0;0;0
FR;4;2021-02-14;0;0;0;0;0;0
FR;4;2021-02-15;0;0;0;0;0;0
FR;4;2021-02-16;0;0;0;0;0;0
FR;4;2021-02-17;0;0;0;0;0;0
FR;4;2021-02-18;0;0;0;0;0;0
FR;4;2021-02-19;0;0;0;0;0;0
FR;4;2021-02-20;0;0;0;0;0;0
FR;4;2021-02-21;0;0;0;0;0;0
FR;4;2021-02-22;0;0;0;0;0;0
FR;4;2021-02-23;0;0;0;0;0;0
FR;4;2021-02-24;0;0;0;0;0;0
FR;4;2021-02-25;0;0;0;0;0;0
FR;4;2021-02-26;0;0;0;0;0;0
FR;4;2021-02-27;0;0;0;0;0;0
FR;4;2021-02-28;0;0;0;0;0;0
FR;4;2021-03-01;0;0;0;0;0;0
FR;4;2021-03-02;0;0;0;0;0;0
FR;4;2021-03-03;0;0;0;0;0;0
FR;4;2021-03-04;0;0;0;0;0;0
FR;4;2021-03-05;0;1;0;0;1;0
FR;4;2021-03-06;0;0;0;0;1;0
FR;4;2021-03-07;0;0;0;0;1;0
FR;4;2021-03-08;0;0;0;0;1;0
FR;4;2021-03-09;0;0;0;0;1;0
FR;4;2021-03-10;0;0;0;0;1;0
FR;4;2021-03-11;0;0;0;0;1;0
FR;4;2021-03-12;0;0;0;0;1;0
FR;4;2021-03-13;0;0;0;0;1;0
FR;4;2021-03-14;0;0;0;0;1;0
FR;4;2021-03-15;0;0;0;0;1;0
FR;4;2021-03-16;0;0;0;0;1;0
FR;4;2021-03-17;0;0;0;0;1;0
FR;4;2021-03-18;0;0;0;0;1;0
FR;4;2021-03-19;0;0;0;0;1;0
FR;4;2021-03-20;0;0;0;0;1;0
FR;4;2021-03-21;0;0;0;0;1;0
FR;4;2021-03-22;0;0;0;0;1;0
FR;4;2021-03-23;0;0;0;0;1;0
FR;4;2021-03-24;0;0;0;0;1;0
FR;4;2021-03-25;0;0;0;0;1;0
FR;4;2021-03-26;0;0;0;0;1;0
FR;4;2021-03-27;0;0;0;0;1;0
FR;4;2021-03-28;0;0;0;0;1;0
FR;4;2021-03-29;0;2;0;0;3;0
FR;4;2021-03-30;0;0;0;0;3;0
FR;4;2021-03-31;0;1;0;0;4;0
FR;4;2021-04-01;0;0;0;0;4;0
FR;4;2021-04-02;0;1;0;0;5;0
FR;4;2021-04-03;0;0;0;0;5;0
FR;4;2021-04-04;0;0;0;0;5;0
FR;4;2021-04-05;0;0;0;0;5;0
FR;4;2021-04-06;0;8;0;0;13;0
FR;4;2021-04-07;0;2;0;0;15;0
FR;4;2021-04-08;0;3;0;0;18;0
FR;4;2021-04-09;0;7;0;0;25;0
FR;4;2021-04-10;0;0;0;0;25;0
FR;4;2021-04-11;0;0;0;0;25;0
FR;4;2021-04-12;0;6;0;0;31;0
FR;4;2021-04-13;0;4;0;0;35;0
FR;4;2021-04-14;0;0;0;0;35;0
FR;4;2021-04-15;0;0;0;0;35;0
FR;4;2021-04-16;0;0;0;0;35;0
FR;4;2021-04-17;0;0;0;0;35;0
FR;4;2021-04-18;0;0;0;0;35;0
FR;4;2021-04-19;0;0;0;0;35;0
FR;4;2021-04-20;0;0;0;0;35;0
FR;4;2021-04-21;0;0;0;0;35;0
FR;4;2021-04-22;0;0;0;0;35;0
FR;4;2021-04-23;3019;0;0;3019;35;0
FR;4;2021-04-24;1562;0;0;4581;35;0
FR;4;2021-04-25;123;0;0;4704;35;0
FR;4;2021-04-26;2854;0;0;7558;35;0
FR;4;2021-04-27;9467;3;0;17025;38;0
FR;4;2021-04-28;9853;3;0;26878;41;0
FR;4;2021-04-29;15953;8;0;42831;49;0
FR;4;2021-04-30;19186;7;0;62017;56;0
FR;4;2021-05-01;1951;5;0;63968;61;0
FR;4;2021-05-02;462;0;0;64430;61;0
FR;4;2021-05-03;4997;1;0;69427;62;0
FR;4;2021-05-04;8317;8;0;77744;70;0
FR;4;2021-05-05;6089;5;0;83833;75;0
FR;4;2021-05-06;11319;10;0;95152;85;0
FR;4;2021-05-07;19017;9;0;114169;94;0
FR;4;2021-05-08;2316;6;0;116485;100;0
FR;4;2021-05-09;654;2;0;117139;102;0
FR;4;2021-05-10;7169;7;1;124308;109;1
FR;4;2021-05-11;14231;11;0;138539;120;1
FR;4;2021-05-12;10088;16;0;148627;136;1
FR;4;2021-05-13;1514;3;0;150141;139;1
FR;4;2021-05-14;7664;6;0;157805;145;1
FR;4;2021-05-15;3657;8;1;161462;153;2
FR;4;2021-05-16;390;1;0;161852;154;2
FR;4;2021-05-17;4396;5;0;166248;159;2
FR;4;2021-05-18;8670;10;0;174918;169;2
FR;4;2021-05-19;5601;5;0;180519;174;2
FR;4;2021-05-20;9341;6;0;189860;180;2
FR;4;2021-05-21;12670;29;0;202530;209;2
FR;4;2021-05-22;4976;13;0;207506;222;2
FR;4;2021-05-23;458;2;0;207964;224;2
FR;4;2021-05-24;990;3;0;208954;227;2
FR;4;2021-05-25;7498;16;0;216452;243;2
FR;4;2021-05-26;7636;13;0;224088;256;2
FR;4;2021-05-27;14215;34;0;238303;290;2
FR;4;2021-05-28;26393;81;1;264696;371;3
FR;4;2021-05-29;11245;20;0;275941;391;3
FR;4;2021-05-30;879;2;0;276820;393;3
FR;4;2021-05-31;12513;19;0;289333;412;3
FR;4;2021-06-01;20009;41;1;309342;453;4
FR;4;2021-06-02;14344;33;0;323686;486;4
FR;4;2021-06-03;19263;24;0;342949;510;4
FR;4;2021-06-04;22307;45;0;365256;555;4
FR;4;2021-06-05;9611;31;0;374867;586;4
FR;4;2021-06-06;956;0;0;375823;586;4
FR;4;2021-06-07;9028;16;0;384851;602;4
FR;4;2021-06-08;14448;28;0;399299;630;4
FR;4;2021-06-09;12039;24;0;411338;654;4
FR;4;2021-06-10;15233;24;0;426571;678;4
FR;4;2021-06-11;16802;55;0;443373;733;4
FR;4;2021-06-12;7328;27;0;450701;760;4
FR;4;2021-06-13;856;2;0;451557;762;4
FR;4;2021-06-14;6520;22;0;458077;784;4
FR;4;2021-06-15;10762;33;0;468839;817;4
FR;4;2021-06-16;8761;14;0;477600;831;4
FR;4;2021-06-17;10742;27;0;488342;858;4
FR;4;2021-06-18;12266;42;0;500608;900;4
FR;4;2021-06-19;5480;24;0;506088;924;4
FR;4;2021-06-20;634;2;0;506722;926;4
FR;4;2021-06-21;4932;17;0;511654;943;4
FR;4;2021-06-22;7730;20;2;519384;963;6
FR;4;2021-06-23;6966;36;1;526350;999;7
FR;4;2021-06-24;8487;39;0;534837;1038;7
FR;4;2021-06-25;9947;37;1;544784;1075;8
FR;4;2021-06-26;4652;20;0;549436;1095;8
FR;4;2021-06-27;618;2;0;550054;1097;8
FR;4;2021-06-28;4608;15;1;554662;1112;9
FR;4;2021-06-29;6834;16;2;561496;1128;11
FR;4;2021-06-30;6461;37;0;567957;1165;11
FR;4;2021-07-01;7940;28;0;575897;1193;11
FR;4;2021-07-02;9222;50;1;585119;1243;12
FR;4;2021-07-03;4713;18;0;589832;1261;12
FR;4;2021-07-04;583;5;0;590415;1266;12
FR;4;2021-07-05;4617;18;2;595032;1284;14
FR;4;2021-07-06;7506;20;4;602538;1304;18
FR;4;2021-07-07;6793;27;2;609331;1331;20
FR;4;2021-07-08;9007;37;3;618338;1368;23
FR;4;2021-07-09;10099;30;1;628437;1398;24
FR;4;2021-07-10;4484;10;2;632921;1408;26
FR;4;2021-07-11;511;0;1;633432;1408;27
FR;4;2021-07-12;5683;27;0;639115;1435;27
FR;4;2021-07-13;14038;26;0;653153;1461;27
FR;4;2021-07-14;2084;6;0;655237;1467;27
FR;4;2021-07-15;18010;32;0;673247;1499;27
FR;4;2021-07-16;22562;65;2;695809;1564;29
FR;4;2021-07-17;9560;16;0;705369;1580;29
FR;4;2021-07-18;1275;3;0;706644;1583;29
FR;4;2021-07-19;12743;26;1;719387;1609;30
FR;4;2021-07-20;17104;27;1;736491;1636;31
FR;4;2021-07-21;15335;29;1;751826;1665;32
FR;4;2021-07-22;18005;40;2;769831;1705;34
FR;4;2021-07-23;20110;48;5;789941;1753;39
FR;4;2021-07-24;9063;29;0;799004;1782;39
FR;4;2021-07-25;1210;6;0;800214;1788;39
FR;4;2021-07-26;10716;18;0;810930;1806;39
FR;4;2021-07-27;14222;30;1;825152;1836;40
FR;4;2021-07-28;12425;18;2;837577;1854;42
FR;4;2021-07-29;13741;46;3;851318;1900;45
FR;4;2021-07-30;15190;39;3;866508;1939;48
FR;4;2021-07-31;6600;11;1;873108;1950;49
FR;4;2021-08-01;803;1;0;873911;1951;49
FR;4;2021-08-02;7577;17;0;881488;1968;49
FR;4;2021-08-03;10303;21;2;891791;1989;51
FR;4;2021-08-04;9104;21;0;900895;2010;51
FR;4;2021-08-05;9208;31;0;910103;2041;51
FR;4;2021-08-06;9701;20;4;919804;2061;55
FR;4;2021-08-07;4674;24;1;924478;2085;56
FR;4;2021-08-08;992;8;0;925470;2093;56
FR;4;2021-08-09;5810;17;0;931280;2110;56
FR;4;2021-08-10;8374;13;0;939654;2123;56
FR;4;2021-08-11;7637;21;3;947291;2144;59
FR;4;2021-08-12;8170;12;1;955461;2156;60
FR;4;2021-08-13;7104;22;0;962565;2178;60
FR;4;2021-08-14;3519;16;0;966084;2194;60
FR;4;2021-08-15;617;2;0;966701;2196;60
FR;4;2021-08-16;3743;8;0;970444;2204;60
FR;4;2021-08-17;5325;8;1;975769;2212;61
FR;4;2021-08-18;4890;24;0;980659;2236;61
FR;4;2021-08-19;5203;13;2;985862;2249;63
FR;4;2021-08-20;4938;11;1;990800;2260;64
FR;4;2021-08-21;2138;16;1;992938;2276;65
FR;4;2021-08-22;341;1;0;993279;2277;65
FR;4;2021-08-23;2645;4;0;995924;2281;65
FR;4;2021-08-24;3518;10;0;999442;2291;65
FR;4;2021-08-25;3358;18;0;1002800;2309;65
FR;4;2021-08-26;3528;15;0;1006328;2324;65
FR;4;2021-08-27;3435;16;2;1009763;2340;67
FR;4;2021-08-28;1612;9;1;1011375;2349;68
FR;4;2021-08-29;352;4;1;1011727;2353;69
FR;4;2021-08-30;1845;13;0;1013572;2366;69
FR;4;2021-08-31;2338;12;0;1015910;2378;69
FR;4;2021-09-01;1907;24;1;1017817;2402;70
FR;4;2021-09-02;2164;20;6;1019981;2422;76
FR;4;2021-09-03;2242;36;3;1022223;2458;79
FR;4;2021-09-04;1307;13;0;1023530;2471;79
FR;4;2021-09-05;374;0;0;1023904;2471;79
FR;4;2021-09-06;1575;20;0;1025479;2491;79
FR;4;2021-09-07;1556;9;0;1027035;2500;79
FR;4;2021-09-08;1156;16;4;1028191;2516;83
FR;4;2021-09-09;1278;18;2;1029469;2534;85
FR;4;2021-09-10;1410;15;2;1030879;2549;87
FR;4;2021-09-11;687;11;0;1031566;2560;87
FR;4;2021-09-12;132;2;0;1031698;2562;87
FR;4;2021-09-13;935;11;2;1032633;2573;89
FR;4;2021-09-14;1020;4;2;1033653;2577;91
FR;4;2021-09-15;910;10;0;1034563;2587;91
FR;4;2021-09-16;727;9;1;1035290;2596;92
FR;4;2021-09-17;696;16;1;1035986;2612;93
FR;4;2021-09-18;410;0;3;1036396;2612;96
FR;4;2021-09-19;145;1;4;1036541;2613;100
FR;4;2021-09-20;320;9;0;1036861;2622;100
FR;4;2021-09-21;351;4;0;1037212;2626;100
FR;4;2021-09-22;300;10;2;1037512;2636;102
FR;4;2021-09-23;381;5;1;1037893;2641;103
FR;4;2021-09-24;337;9;4;1038230;2650;107
FR;4;2021-09-25;227;9;0;1038457;2659;107
FR;4;2021-09-26;48;1;0;1038505;2660;107
FR;4;2021-09-27;206;7;0;1038711;2667;107
FR;4;2021-09-28;250;1;0;1038961;2668;107
FR;4;2021-09-29;301;9;1;1039262;2677;108
FR;4;2021-09-30;282;28;0;1039544;2705;108
FR;4;2021-10-01;296;11;3;1039840;2716;111
FR;4;2021-10-02;135;18;0;1039975;2734;111
FR;4;2021-10-03;57;1;0;1040032;2735;111
FR;4;2021-10-04;237;10;1;1040269;2745;112
FR;4;2021-10-05;177;9;1;1040446;2754;113
FR;4;2021-10-06;175;8;1;1040621;2762;114
FR;4;2021-10-07;183;14;2;1040804;2776;116
FR;4;2021-10-08;230;13;2;1041034;2789;118
FR;4;2021-10-09;133;6;2;1041167;2795;120
FR;4;2021-10-10;47;2;0;1041214;2797;120
FR;4;2021-10-11;144;9;0;1041358;2806;120
FR;4;2021-10-12;130;11;0;1041488;2817;120
FR;4;2021-10-13;147;12;1;1041635;2829;121
FR;4;2021-10-14;211;12;3;1041846;2841;124
FR;4;2021-10-15;182;13;1;1042028;2854;125
FR;4;2021-10-16;82;2;2;1042110;2856;127
FR;4;2021-10-17;46;2;0;1042156;2858;127
FR;0;2020-12-27;419;0;0;419;0;0
FR;0;2020-12-28;432;0;0;851;0;0
FR;0;2020-12-29;277;0;0;1128;0;0
FR;0;2020-12-30;332;0;0;1460;0;0
FR;0;2020-12-31;264;0;0;1724;0;0
FR;0;2021-01-01;311;0;0;2035;0;0
FR;0;2021-01-02;251;0;0;2286;0;0
FR;0;2021-01-03;281;0;0;2567;0;0
FR;0;2021-01-04;1786;0;0;4353;0;0
FR;0;2021-01-05;5725;0;0;10078;0;0
FR;0;2021-01-06;11631;0;0;21709;0;0
FR;0;2021-01-07;29092;0;0;50801;0;0
FR;0;2021-01-08;36749;0;0;87550;0;0
FR;0;2021-01-09;11089;0;0;98639;0;0
FR;0;2021-01-10;5775;0;0;104414;0;0
FR;0;2021-01-11;39650;0;0;144064;0;0
FR;0;2021-01-12;61705;0;0;205769;0;0
FR;0;2021-01-13;64653;0;0;270422;0;0
FR;0;2021-01-14;82139;0;0;352561;0;0
FR;0;2021-01-15;68551;0;0;421112;0;0
FR;0;2021-01-16;20049;86;0;441161;86;0
FR;0;2021-01-17;10835;41;0;451996;127;0
FR;0;2021-01-18;85456;160;0;537452;287;0
FR;0;2021-01-19;130129;124;0;667581;411;0
FR;0;2021-01-20;137064;154;0;804645;565;0
FR;0;2021-01-21;157656;130;0;962301;695;0
FR;0;2021-01-22;120516;160;0;1082817;855;0
FR;0;2021-01-23;38285;50;0;1121102;905;0
FR;0;2021-01-24;9621;27;0;1130723;932;0
FR;0;2021-01-25;77795;1211;0;1208518;2143;0
FR;0;2021-01-26;99994;3104;0;1308512;5247;0
FR;0;2021-01-27;106896;5584;0;1415408;10831;0
FR;0;2021-01-28;123916;14337;0;1539324;25168;0
FR;0;2021-01-29;91792;17263;0;1631116;42431;0
FR;0;2021-01-30;28958;4218;0;1660074;46649;0
FR;0;2021-01-31;5103;1677;0;1665177;48326;0
FR;0;2021-02-01;52312;21107;0;1717489;69433;0
FR;0;2021-02-02;71726;34527;0;1789215;103960;0
FR;0;2021-02-03;71852;36931;0;1861067;140891;0
FR;0;2021-02-04;81528;50003;0;1942595;190894;0
FR;0;2021-02-05;67852;45284;0;2010447;236178;0
FR;0;2021-02-06;22235;10384;0;2032682;246562;0
FR;0;2021-02-07;5041;5034;0;2037723;251596;0
FR;0;2021-02-08;46413;45934;0;2084136;297530;0
FR;0;2021-02-09;65585;72339;0;2149721;369869;0
FR;0;2021-02-10;70300;76658;0;2220021;446527;0
FR;0;2021-02-11;86674;99031;0;2306695;545558;0
FR;0;2021-02-12;78631;74158;0;2385326;619716;0
FR;0;2021-02-13;22051;19471;0;2407377;639187;0
FR;0;2021-02-14;4853;7185;0;2412230;646372;0
FR;0;2021-02-15;37590;76431;0;2449820;722803;0
FR;0;2021-02-16;49819;100619;0;2499639;823422;0
FR;0;2021-02-17;49965;102899;1;2549604;926321;1
FR;0;2021-02-18;69086;118405;0;2618690;1044726;1
FR;0;2021-02-19;64573;90672;0;2683263;1135398;1
FR;0;2021-02-20;18305;28393;0;2701568;1163791;1
FR;0;2021-02-21;3119;6368;0;2704687;1170159;1
FR;0;2021-02-22;37045;73074;1;2741732;1243233;2
FR;0;2021-02-23;53273;83985;1;2795005;1327218;3
FR;0;2021-02-24;59290;81049;1;2854295;1408267;4
FR;0;2021-02-25;99893;91327;1;2954188;1499594;5
FR;0;2021-02-26;112780;70941;0;3066968;1570535;5
FR;0;2021-02-27;51743;21960;0;3118711;1592495;5
FR;0;2021-02-28;5961;4410;1;3124672;1596905;6
FR;0;2021-03-01;64690;52740;0;3189362;1649645;6
FR;0;2021-03-02;100537;66190;1;3289899;1715835;7
FR;0;2021-03-03;115332;65497;0;3405231;1781332;7
FR;0;2021-03-04;162567;68824;2;3567798;1850156;9
FR;0;2021-03-05;199779;63311;2;3767577;1913467;11
FR;0;2021-03-06;207117;17807;3;3974694;1931274;14
FR;0;2021-03-07;120753;5465;0;4095447;1936739;14
FR;0;2021-03-08;106261;50764;0;4201708;1987503;14
FR;0;2021-03-09;171513;56735;1;4373221;2044238;15
FR;0;2021-03-10;177616;57155;2;4550837;2101393;17
FR;0;2021-03-11;241610;63055;0;4792447;2164448;17
FR;0;2021-03-12;293590;53482;0;5086037;2217930;17
FR;0;2021-03-13;230398;15289;0;5316435;2233219;17
FR;0;2021-03-14;62905;3429;0;5379340;2236648;17
FR;0;2021-03-15;157513;32608;1;5536853;2269256;18
FR;0;2021-03-16;140644;39498;1;5677497;2308754;19
FR;0;2021-03-17;149571;38760;2;5827068;2347514;21
FR;0;2021-03-18;166792;44580;1;5993860;2392094;22
FR;0;2021-03-19;228896;37435;0;6222756;2429529;22
FR;0;2021-03-20;165941;11768;0;6388697;2441297;22
FR;0;2021-03-21;49430;2625;1;6438127;2443922;23
FR;0;2021-03-22;168885;34263;2;6607012;2478185;25
FR;0;2021-03-23;249063;42373;1;6856075;2520558;26
FR;0;2021-03-24;255620;43810;0;7111695;2564368;26
FR;0;2021-03-25;340505;44723;2;7452200;2609091;28
FR;0;2021-03-26;357573;41865;1;7809773;2650956;29
FR;0;2021-03-27;194525;16634;0;8004298;2667590;29
FR;0;2021-03-28;58920;3729;2;8063218;2671319;31
FR;0;2021-03-29;202039;54265;1;8265257;2725584;32
FR;0;2021-03-30;284122;69639;3;8549379;2795223;35
FR;0;2021-03-31;261742;72893;3;8811121;2868116;38
FR;0;2021-04-01;313195;87758;6;9124316;2955874;44
FR;0;2021-04-02;280018;92097;4;9404334;3047971;48
FR;0;2021-04-03;140216;61824;3;9544550;3109795;51
FR;0;2021-04-04;45406;18655;1;9589956;3128450;52
FR;0;2021-04-05;59727;10995;4;9649683;3139445;56
FR;0;2021-04-06;215600;107826;7;9865283;3247271;63
FR;0;2021-04-07;258401;115411;6;10123684;3362682;69
FR;0;2021-04-08;335741;121383;6;10459425;3484065;75
FR;0;2021-04-09;408249;116450;33;10867674;3600515;108
FR;0;2021-04-10;211586;82722;8;11079260;3683237;116
FR;0;2021-04-11;55525;34579;3;11134785;3717816;119
FR;0;2021-04-12;235566;115200;29;11370351;3833016;148
FR;0;2021-04-13;307737;144914;57;11678088;3977930;205
FR;0;2021-04-14;292213;139374;121;11970301;4117304;326
FR;0;2021-04-15;334512;147826;175;12304813;4265130;501
FR;0;2021-04-16;337732;145742;214;12642545;4410872;715
FR;0;2021-04-17;187711;90228;50;12830256;4501100;765
FR;0;2021-04-18;51010;35425;24;12881266;4536525;789
FR;0;2021-04-19;204186;138348;341;13085452;4674873;1130
FR;0;2021-04-20;252476;170685;356;13337928;4845558;1486
FR;0;2021-04-21;251339;168768;529;13589267;5014326;2015
FR;0;2021-04-22;285680;188203;523;13874947;5202529;2538
FR;0;2021-04-23;295406;183240;495;14170353;5385769;3033
FR;0;2021-04-24;189342;111555;91;14359695;5497324;3124
FR;0;2021-04-25;68929;38860;28;14428624;5536184;3152
FR;0;2021-04-26;219548;156080;342;14648172;5692264;3494
FR;0;2021-04-27;282795;187458;606;14930967;5879722;4100
FR;0;2021-04-28;297799;183163;1079;15228766;6062885;5179
FR;0;2021-04-29;355117;196085;894;15583883;6258970;6073
FR;0;2021-04-30;370284;184798;732;15954167;6443768;6805
FR;0;2021-05-01;165144;52526;107;16119311;6496294;6912
FR;0;2021-05-02;90784;37828;51;16210095;6534122;6963
FR;0;2021-05-03;285937;169610;535;16496032;6703732;7498
FR;0;2021-05-04;312696;224268;759;16808728;6928000;8257
FR;0;2021-05-05;323150;224493;767;17131878;7152493;9024
FR;0;2021-05-06;376001;239146;1111;17507879;7391639;10135
FR;0;2021-05-07;370055;257282;765;17877934;7648921;10900
FR;0;2021-05-08;220695;66903;148;18098629;7715824;11048
FR;0;2021-05-09;128880;46742;90;18227509;7762566;11138
FR;0;2021-05-10;308972;228972;724;18536481;7991538;11862
FR;0;2021-05-11;400737;258128;983;18937218;8249666;12845
FR;0;2021-05-12;430352;233208;864;19367570;8482874;13709
FR;0;2021-05-13;335671;56878;243;19703241;8539752;13952
FR;0;2021-05-14;450601;167494;673;20153842;8707246;14625
FR;0;2021-05-15;371604;94012;220;20525446;8801258;14845
FR;0;2021-05-16;201429;20827;83;20726875;8822085;14928
FR;0;2021-05-17;373244;149145;918;21100119;8971230;15846
FR;0;2021-05-18;456017;153166;1175;21556136;9124396;17021
FR;0;2021-05-19;464196;145337;1522;22020332;9269733;18543
FR;0;2021-05-20;503684;160364;1364;22524016;9430097;19907
FR;0;2021-05-21;486303;174550;1169;23010319;9604647;21076
FR;0;2021-05-22;345125;79884;376;23355444;9684531;21452
FR;0;2021-05-23;160679;14437;144;23516123;9698968;21596
FR;0;2021-05-24;261362;33240;349;23777485;9732208;21945
FR;0;2021-05-25;397051;189318;1408;24174536;9921526;23353
FR;0;2021-05-26;410424;188162;1390;24584960;10109688;24743
FR;0;2021-05-27;446693;218691;1382;25031653;10328379;26125
FR;0;2021-05-28;426734;259651;1129;25458387;10588030;27254
FR;0;2021-05-29;297407;149433;342;25755794;10737463;27596
FR;0;2021-05-30;106129;32615;94;25861923;10770078;27690
FR;0;2021-05-31;355543;203530;906;26217466;10973608;28596
FR;0;2021-06-01;422186;251645;1228;26639652;11225253;29824
FR;0;2021-06-02;412221;230886;1201;27051873;11456139;31025
FR;0;2021-06-03;458066;258692;1053;27509939;11714831;32078
FR;0;2021-06-04;451340;304874;1031;27961279;12019705;33109
FR;0;2021-06-05;302134;189071;383;28263413;12208776;33492
FR;0;2021-06-06;131345;49121;135;28394758;12257897;33627
FR;0;2021-06-07;334261;262430;900;28729019;12520327;34527
FR;0;2021-06-08;389565;291289;1028;29118584;12811616;35555
FR;0;2021-06-09;380230;275968;1072;29498814;13087584;36627
FR;0;2021-06-10;398043;289388;1080;29896857;13376972;37707
FR;0;2021-06-11;383491;357578;833;30280348;13734550;38540
FR;0;2021-06-12;281036;211493;277;30561384;13946043;38817
FR;0;2021-06-13;103767;74074;111;30665151;14020117;38928
FR;0;2021-06-14;237873;355965;860;30903024;14376082;39788
FR;0;2021-06-15;304391;386080;915;31207415;14762162;40703
FR;0;2021-06-16;310436;357787;888;31517851;15119949;41591
FR;0;2021-06-17;314278;372238;814;31832129;15492187;42405
FR;0;2021-06-18;318901;442806;742;32151030;15934993;43147
FR;0;2021-06-19;222943;273975;256;32373973;16208968;43403
FR;0;2021-06-20;73226;102621;68;32447199;16311589;43471
FR;0;2021-06-21;193083;402124;620;32640282;16713713;44091
FR;0;2021-06-22;220587;467379;760;32860869;17181092;44851
FR;0;2021-06-23;231172;439937;729;33092041;17621029;45580
FR;0;2021-06-24;239256;409357;796;33331297;18030386;46376
FR;0;2021-06-25;224383;522374;835;33555680;18552760;47211
FR;0;2021-06-26;151705;370853;314;33707385;18923613;47525
FR;0;2021-06-27;55075;156405;94;33762460;19080018;47619
FR;0;2021-06-28;152639;453276;713;33915099;19533294;48332
FR;0;2021-06-29;180695;505660;1977;34095794;20038954;50309
FR;0;2021-06-30;201562;481232;1864;34297356;20520186;52173
FR;0;2021-07-01;224898;457778;2131;34522254;20977964;54304
FR;0;2021-07-02;223127;520522;2046;34745381;21498486;56350
FR;0;2021-07-03;140118;368885;893;34885499;21867371;57243
FR;0;2021-07-04;55794;141364;262;34941293;22008735;57505
FR;0;2021-07-05;164464;419550;1593;35105757;22428285;59098
FR;0;2021-07-06;193570;475113;1742;35299327;22903398;60840
FR;0;2021-07-07;208831;439557;1748;35508158;23342955;62588
FR;0;2021-07-08;228411;424222;2016;35736569;23767177;64604
FR;0;2021-07-09;226044;509888;2099;35962613;24277065;66703
FR;0;2021-07-10;146744;339762;947;36109357;24616827;67650
FR;0;2021-07-11;59326;110115;267;36168683;24726942;67917
FR;0;2021-07-12;166505;478273;1710;36335188;25205215;69627
FR;0;2021-07-13;284706;527751;1981;36619894;25732966;71608
FR;0;2021-07-14;178842;157858;420;36798736;25890824;72028
FR;0;2021-07-15;343949;502508;2014;37142685;26393332;74042
FR;0;2021-07-16;377427;496205;1955;37520112;26889537;75997
FR;0;2021-07-17;258201;320021;838;37778313;27209558;76835
FR;0;2021-07-18;108876;115018;304;37887189;27324576;77139
FR;0;2021-07-19;283306;425438;1577;38170495;27750014;78716
FR;0;2021-07-20;374364;453074;1647;38544859;28203088;80363
FR;0;2021-07-21;393240;408409;1496;38938099;28611497;81859
FR;0;2021-07-22;438255;388403;1660;39376354;28999900;83519
FR;0;2021-07-23;436400;422834;1794;39812754;29422734;85313
FR;0;2021-07-24;284196;269950;768;40096950;29692684;86081
FR;0;2021-07-25;120222;80186;222;40217172;29772870;86303
FR;0;2021-07-26;345538;323678;1569;40562710;30096548;87872
FR;0;2021-07-27;461285;320569;1645;41023995;30417117;89517
FR;0;2021-07-28;456647;290175;1594;41480642;30707292;91111
FR;0;2021-07-29;486966;276602;1749;41967608;30983894;92860
FR;0;2021-07-30;459341;302628;1885;42426949;31286522;94745
FR;0;2021-07-31;284289;184890;877;42711238;31471412;95622
FR;0;2021-08-01;109773;49993;221;42821011;31521405;95843
FR;0;2021-08-02;336217;234119;1548;43157228;31755524;97391
FR;0;2021-08-03;393764;245126;1633;43550992;32000650;99024
FR;0;2021-08-04;381491;210083;1530;43932483;32210733;100554
FR;0;2021-08-05;362896;228551;1650;44295379;32439284;102204
FR;0;2021-08-06;356770;271725;1773;44652149;32711009;103977
FR;0;2021-08-07;211241;178345;734;44863390;32889354;104711
FR;0;2021-08-08;72677;63202;240;44936067;32952556;104951
FR;0;2021-08-09;256179;259667;1479;45192246;33212223;106430
FR;0;2021-08-10;303010;278286;1587;45495256;33490509;108017
FR;0;2021-08-11;276694;260383;1358;45771950;33750892;109375
FR;0;2021-08-12;268948;278182;1584;46040898;34029074;110959
FR;0;2021-08-13;249922;275273;1537;46290820;34304347;112496
FR;0;2021-08-14;144133;197994;710;46434953;34502341;113206
FR;0;2021-08-15;37880;50208;180;46472833;34552549;113386
FR;0;2021-08-16;184101;318379;1454;46656934;34870928;114840
FR;0;2021-08-17;213205;336825;1557;46870139;35207753;116397
FR;0;2021-08-18;196741;324692;1527;47066880;35532445;117924
FR;0;2021-08-19;190076;325308;1552;47256956;35857753;119476
FR;0;2021-08-20;183951;364874;1693;47440907;36222627;121169
FR;0;2021-08-21;103819;237985;651;47544726;36460612;121820
FR;0;2021-08-22;31472;87189;218;47576198;36547801;122038
FR;0;2021-08-23;139495;356922;1491;47715693;36904723;123529
FR;0;2021-08-24;160900;376782;1760;47876593;37281505;125289
FR;0;2021-08-25;149174;350481;1928;48025767;37631986;127217
FR;0;2021-08-26;141141;341973;2476;48166908;37973959;129693
FR;0;2021-08-27;146526;387026;2718;48313434;38360985;132411
FR;0;2021-08-28;89751;249419;1350;48403185;38610404;133761
FR;0;2021-08-29;26877;83168;482;48430062;38693572;134243
FR;0;2021-08-30;115889;324545;4608;48545951;39018117;138851
FR;0;2021-08-31;127539;334497;9958;48673490;39352614;148809
FR;0;2021-09-01;123784;284916;21846;48797274;39637530;170655
FR;0;2021-09-02;104757;246911;25834;48902031;39884441;196489
FR;0;2021-09-03;114230;292251;29356;49016261;40176692;225845
FR;0;2021-09-04;88138;217415;12367;49104399;40394107;238212
FR;0;2021-09-05;20823;44992;4276;49125222;40439099;242488
FR;0;2021-09-06;70581;180665;31497;49195803;40619764;273985
FR;0;2021-09-07;73997;180998;32477;49269800;40800762;306462
FR;0;2021-09-08;84736;205891;29162;49354536;41006653;335624
FR;0;2021-09-09;71584;164759;31856;49426120;41171412;367480
FR;0;2021-09-10;90554;202991;34263;49516674;41374403;401743
FR;0;2021-09-11;64844;168684;11841;49581518;41543087;413584
FR;0;2021-09-12;12280;32086;2638;49593798;41575173;416222
FR;0;2021-09-13;59045;126251;39904;49652843;41701424;456126
FR;0;2021-09-14;69916;128785;54337;49722759;41830209;510463
FR;0;2021-09-15;72048;167417;54074;49794807;41997626;564537
FR;0;2021-09-16;60684;113978;57988;49855491;42111604;622525
FR;0;2021-09-17;71871;156337;52454;49927362;42267941;674979
FR;0;2021-09-18;46326;139150;15281;49973688;42407091;690260
FR;0;2021-09-19;7420;23785;2314;49981108;42430876;692574
FR;0;2021-09-20;40304;93588;48431;50021412;42524464;741005
FR;0;2021-09-21;43765;98335;60428;50065177;42622799;801433
FR;0;2021-09-22;46130;140979;53310;50111307;42763778;854743
FR;0;2021-09-23;41193;90542;59726;50152500;42854320;914469
FR;0;2021-09-24;50080;131582;52543;50202580;42985902;967012
FR;0;2021-09-25;32775;114730;15976;50235355;43100632;982988
FR;0;2021-09-26;5089;17821;2184;50240444;43118453;985172
FR;0;2021-09-27;31928;76538;45656;50272372;43194991;1030828
FR;0;2021-09-28;34548;74302;52824;50306920;43269293;1083652
FR;0;2021-09-29;42232;100199;50955;50349152;43369492;1134607
FR;0;2021-09-30;34006;70271;54458;50383158;43439763;1189065
FR;0;2021-10-01;45146;98404;56159;50428304;43538167;1245224
FR;0;2021-10-02;35133;77687;20640;50463437;43615854;1265864
FR;0;2021-10-03;4751;10629;2428;50468188;43626483;1268292
FR;0;2021-10-04;27602;57647;51266;50495790;43684130;1319558
FR;0;2021-10-05;28750;63769;58733;50524540;43747899;1378291
FR;0;2021-10-06;38403;78511;63820;50562943;43826410;1442111
FR;0;2021-10-07;27885;61319;62892;50590828;43887729;1505003
FR;0;2021-10-08;43177;91047;75673;50634005;43978776;1580676
FR;0;2021-10-09;31929;60351;31028;50665934;44039127;1611704
FR;0;2021-10-10;3800;7068;3060;50669734;44046195;1614764
FR;0;2021-10-11;26708;49507;59564;50696442;44095702;1674328
FR;0;2021-10-12;28195;53967;68155;50724637;44149669;1742483
FR;0;2021-10-13;37128;62048;72491;50761765;44211717;1814974
FR;0;2021-10-14;27708;52317;65568;50789473;44264034;1880542
FR;0;2021-10-15;40580;74136;90044;50830053;44338170;1970586
FR;0;2021-10-16;29320;43865;35897;50859373;44382035;2006483
FR;0;2021-10-17;3129;5318;3443;50862502;44387353;2009926
