fra;vaccin;jour;n_dose1;n_dose2;n_dose3;n_dose4;n_complet;n_rappel;n_2_rappel;n_rappel_biv;n_3_rappel;n_cum_dose1;n_cum_dose2;n_cum_dose3;n_cum_dose4;n_cum_complet;n_cum_rappel;n_cum_2_rappel;n_cum_rappel_biv;n_cum_3_rappel
FR;1;2020-12-27;616;0;0;0;55;0;0;0;0;616;0;0;0;55;0;0;0;0
FR;1;2020-12-28;708;1;0;0;44;0;0;0;0;1324;1;0;0;99;0;0;0;0
FR;1;2020-12-29;389;0;0;0;19;0;0;0;0;1713;1;0;0;118;0;0;0;0
FR;1;2020-12-30;455;0;0;0;19;0;0;0;0;2168;1;0;0;137;0;0;0;0
FR;1;2020-12-31;451;1;0;0;21;0;0;0;0;2619;2;0;0;158;0;0;0;0
FR;1;2021-01-01;1195;2;0;0;66;0;0;0;0;3814;4;0;0;224;0;0;0;0
FR;1;2021-01-02;369;4;0;0;29;0;0;0;0;4183;8;0;0;253;0;0;0;0
FR;1;2021-01-03;419;0;0;0;23;0;0;0;0;4602;8;0;0;276;0;0;0;0
FR;1;2021-01-04;2147;5;0;0;51;0;0;0;0;6749;13;0;0;327;0;0;0;0
FR;1;2021-01-05;7782;6;0;0;128;0;0;0;0;14531;19;0;0;455;0;0;0;0
FR;1;2021-01-06;12482;23;0;0;128;0;0;0;0;27013;42;0;0;583;0;0;0;0
FR;1;2021-01-07;29480;24;0;0;159;0;0;0;0;56493;66;0;0;742;0;0;0;0
FR;1;2021-01-08;37170;35;0;0;204;0;0;0;0;93663;101;0;0;946;0;0;0;0
FR;1;2021-01-09;11220;9;0;0;77;0;0;0;0;104883;110;0;0;1023;0;0;0;0
FR;1;2021-01-10;6017;8;0;0;28;0;0;0;0;110900;118;0;0;1051;0;0;0;0
FR;1;2021-01-11;39956;39;0;0;232;0;0;0;0;150856;157;0;0;1283;0;0;0;0
FR;1;2021-01-12;62164;30;0;0;298;0;0;0;0;213020;187;0;0;1581;0;0;0;0
FR;1;2021-01-13;65150;62;0;0;433;0;0;0;0;278170;249;0;0;2014;0;0;0;0
FR;1;2021-01-14;81473;262;0;0;958;0;0;0;0;359643;511;0;0;2972;0;0;0;0
FR;1;2021-01-15;68639;101;0;0;528;0;0;0;0;428282;612;0;0;3500;0;0;0;0
FR;1;2021-01-16;19903;73;0;0;171;0;0;0;0;448185;685;0;0;3671;0;0;0;0
FR;1;2021-01-17;10909;54;0;0;130;0;0;0;0;459094;739;0;0;3801;0;0;0;0
FR;1;2021-01-18;82849;176;0;0;587;0;0;0;0;541943;915;0;0;4388;0;0;0;0
FR;1;2021-01-19;125936;209;0;0;837;0;0;0;0;667879;1124;0;0;5225;0;0;0;0
FR;1;2021-01-20;132439;191;0;0;779;0;0;0;0;800318;1315;0;0;6004;0;0;0;0
FR;1;2021-01-21;153085;196;0;0;896;0;0;0;0;953403;1511;0;0;6900;0;0;0;0
FR;1;2021-01-22;115972;239;0;0;775;0;0;0;0;1069375;1750;0;0;7675;0;0;0;0
FR;1;2021-01-23;36617;84;0;0;207;0;0;0;0;1105992;1834;0;0;7882;0;0;0;0
FR;1;2021-01-24;9589;128;0;0;187;0;0;0;0;1115581;1962;0;0;8069;0;0;0;0
FR;1;2021-01-25;74442;1454;0;0;1772;0;0;0;0;1190023;3416;0;0;9841;0;0;0;0
FR;1;2021-01-26;96471;3703;1;0;4144;0;0;0;0;1286494;7119;1;0;13985;0;0;0;0
FR;1;2021-01-27;103660;6440;0;0;7124;0;0;0;0;1390154;13559;1;0;21109;0;0;0;0
FR;1;2021-01-28;120627;16414;0;0;17203;0;0;0;0;1510781;29973;1;0;38312;0;0;0;0
FR;1;2021-01-29;88904;18795;0;0;19335;0;0;0;0;1599685;48768;1;0;57647;0;0;0;0
FR;1;2021-01-30;27995;4532;0;0;4656;0;0;0;0;1627680;53300;1;0;62303;0;0;0;0
FR;1;2021-01-31;5194;1898;0;0;1936;0;0;0;0;1632874;55198;1;0;64239;0;0;0;0
FR;1;2021-02-01;49752;23044;0;0;23286;0;0;0;0;1682626;78242;1;0;87525;0;0;0;0
FR;1;2021-02-02;67839;38194;0;0;38651;0;0;0;0;1750465;116436;1;0;126176;0;0;0;0
FR;1;2021-02-03;67105;40252;0;0;40687;0;0;0;0;1817570;156688;1;0;166863;0;0;0;0
FR;1;2021-02-04;77155;55118;0;0;55688;0;0;0;0;1894725;211806;1;0;222551;0;0;0;0
FR;1;2021-02-05;63435;48226;0;0;48631;0;0;0;0;1958160;260032;1;0;271182;0;0;0;0
FR;1;2021-02-06;19428;11420;0;0;11527;0;0;0;0;1977588;271452;1;0;282709;0;0;0;0
FR;1;2021-02-07;3669;6067;0;0;6094;0;0;0;0;1981257;277519;1;0;288803;0;0;0;0
FR;1;2021-02-08;36507;48778;0;0;49031;0;0;0;0;2017764;326297;1;0;337834;0;0;0;0
FR;1;2021-02-09;50829;78444;0;0;78970;0;0;0;0;2068593;404741;1;0;416804;0;0;0;0
FR;1;2021-02-10;52088;83451;0;0;83934;0;0;0;0;2120681;488192;1;0;500738;0;0;0;0
FR;1;2021-02-11;63397;105545;0;0;106455;0;0;0;0;2184078;593737;1;0;607193;0;0;0;0
FR;1;2021-02-12;55887;75812;0;0;76498;0;0;0;0;2239965;669549;1;0;683691;0;0;0;0
FR;1;2021-02-13;15469;19309;0;0;19421;0;0;0;0;2255434;688858;1;0;703112;0;0;0;0
FR;1;2021-02-14;3747;7311;0;0;7377;0;0;0;0;2259181;696169;1;0;710489;0;0;0;0
FR;1;2021-02-15;24175;73663;0;0;73921;0;0;0;0;2283356;769832;1;0;784410;0;0;0;0
FR;1;2021-02-16;32788;95514;0;0;95928;0;0;0;0;2316144;865346;1;0;880338;0;0;0;0
FR;1;2021-02-17;35141;102376;20;0;103034;0;0;0;0;2351285;967722;21;0;983372;0;0;0;0
FR;1;2021-02-18;49466;118557;0;0;119554;0;0;0;0;2400751;1086279;21;0;1102926;0;0;0;0
FR;1;2021-02-19;45400;87845;1;0;88789;0;0;0;0;2446151;1174124;22;0;1191715;0;0;0;0
FR;1;2021-02-20;13398;27026;0;0;27202;0;0;0;0;2459549;1201150;22;0;1218917;0;0;0;0
FR;1;2021-02-21;2471;5945;0;0;6013;0;0;0;0;2462020;1207095;22;0;1224930;0;0;0;0
FR;1;2021-02-22;24726;69390;2;0;69690;0;0;0;0;2486746;1276485;24;0;1294620;0;0;0;0
FR;1;2021-02-23;37441;81552;1;0;82256;0;0;0;0;2524187;1358037;25;0;1376876;0;0;0;0
FR;1;2021-02-24;40717;79375;1;0;80075;0;0;0;0;2564904;1437412;26;0;1456951;0;0;0;0
FR;1;2021-02-25;50176;87704;1;0;88801;0;0;0;0;2615080;1525116;27;0;1545752;0;0;0;0
FR;1;2021-02-26;47234;67559;1;0;68447;0;0;0;0;2662314;1592675;28;0;1614199;0;0;0;0
FR;1;2021-02-27;15691;21357;1;0;21570;0;0;0;0;2678005;1614032;29;0;1635769;0;0;0;0
FR;1;2021-02-28;3566;4097;2;0;4170;0;0;0;0;2681571;1618129;31;0;1639939;0;0;0;0
FR;1;2021-03-01;40232;50289;1;0;51027;0;0;0;0;2721803;1668418;32;0;1690966;0;0;0;0
FR;1;2021-03-02;55995;62424;3;0;63604;0;0;0;0;2777798;1730842;35;0;1754570;0;0;0;0
FR;1;2021-03-03;61271;60504;0;0;61942;0;0;0;0;2839069;1791346;35;0;1816512;0;0;0;0
FR;1;2021-03-04;73022;68395;3;0;70613;0;0;0;0;2912091;1859741;38;0;1887125;0;0;0;0
FR;1;2021-03-05;74787;58608;3;0;60507;0;0;0;0;2986878;1918349;41;0;1947632;0;0;0;0
FR;1;2021-03-06;82475;15735;2;0;17443;0;0;0;0;3069353;1934084;43;0;1965075;0;0;0;0
FR;1;2021-03-07;63734;3918;1;0;5462;0;0;0;0;3133087;1938002;44;0;1970537;0;0;0;0
FR;1;2021-03-08;60200;41130;2;0;42417;0;0;0;0;3193287;1979132;46;0;2012954;0;0;0;0
FR;1;2021-03-09;86015;47359;1;0;49360;0;0;0;0;3279302;2026491;47;0;2062314;0;0;0;0
FR;1;2021-03-10;90950;47739;5;0;50012;0;0;0;0;3370252;2074230;52;0;2112326;0;0;0;0
FR;1;2021-03-11;105107;54598;1;0;57675;0;0;0;0;3475359;2128828;53;0;2170001;0;0;0;0
FR;1;2021-03-12;104169;44879;1;0;47876;0;0;0;0;3579528;2173707;54;0;2217877;0;0;0;0
FR;1;2021-03-13;89226;12579;1;0;14796;0;0;0;0;3668754;2186286;55;0;2232673;0;0;0;0
FR;1;2021-03-14;44462;2656;1;0;3989;0;0;0;0;3713216;2188942;56;0;2236662;0;0;0;0
FR;1;2021-03-15;95538;27942;3;0;30293;0;0;0;0;3808754;2216884;59;0;2266955;0;0;0;0
FR;1;2021-03-16;123607;34032;5;0;37580;0;0;0;0;3932361;2250916;64;0;2304535;0;0;0;0
FR;1;2021-03-17;129327;33515;4;0;37570;0;0;0;0;4061688;2284431;68;0;2342105;0;0;0;0
FR;1;2021-03-18;142918;39159;5;0;43837;0;0;0;0;4204606;2323590;73;0;2385942;0;0;0;0
FR;1;2021-03-19;136282;32011;2;0;36602;0;0;0;0;4340888;2355601;75;0;2422544;0;0;0;0
FR;1;2021-03-20;76026;9747;1;0;11963;0;0;0;0;4416914;2365348;76;0;2434507;0;0;0;0
FR;1;2021-03-21;26522;1968;1;0;2958;0;0;0;0;4443436;2367316;77;0;2437465;0;0;0;0
FR;1;2021-03-22;114783;30210;2;0;34043;0;0;0;0;4558219;2397526;79;0;2471508;0;0;0;0
FR;1;2021-03-23;143065;37999;1;0;42790;0;0;0;0;4701284;2435525;80;0;2514298;0;0;0;0
FR;1;2021-03-24;142031;38413;0;0;43286;0;0;0;0;4843315;2473938;80;0;2557584;0;0;0;0
FR;1;2021-03-25;165046;39877;4;0;46040;0;0;0;0;5008361;2513815;84;0;2603624;0;0;0;0
FR;1;2021-03-26;166426;37414;5;1;44035;0;0;0;0;5174787;2551229;89;1;2647659;0;0;0;0
FR;1;2021-03-27;110909;15484;1;0;19495;0;0;0;0;5285696;2566713;90;1;2667154;0;0;0;0
FR;1;2021-03-28;42316;4431;3;0;5986;0;0;0;0;5328012;2571144;93;1;2673140;0;0;0;0
FR;1;2021-03-29;129853;48963;4;0;53630;0;0;0;0;5457865;2620107;97;1;2726770;0;0;0;0
FR;1;2021-03-30;167765;63830;5;0;70843;0;0;0;0;5625630;2683937;102;1;2797613;0;0;0;0
FR;1;2021-03-31;170974;68014;4;0;75540;0;0;0;0;5796604;2751951;106;1;2873153;0;0;0;0
FR;1;2021-04-01;194889;84123;10;0;93632;0;0;0;0;5991493;2836074;116;1;2966785;0;0;0;0
FR;1;2021-04-02;164477;86898;7;0;94723;0;0;0;0;6155970;2922972;123;1;3061508;0;0;0;0
FR;1;2021-04-03;88262;58202;6;0;61750;0;0;0;0;6244232;2981174;129;1;3123258;0;0;0;0
FR;1;2021-04-04;33666;17733;0;0;19233;0;0;0;0;6277898;2998907;129;1;3142491;0;0;0;0
FR;1;2021-04-05;46433;9566;11;0;11443;0;0;0;0;6324331;3008473;140;1;3153934;0;0;0;0
FR;1;2021-04-06;160352;105677;17;0;112165;0;0;0;0;6484683;3114150;157;1;3266099;0;0;0;0
FR;1;2021-04-07;197042;108097;16;0;116936;0;0;0;0;6681725;3222247;173;1;3383035;0;0;0;0
FR;1;2021-04-08;222194;114356;14;0;125716;0;0;0;0;6903919;3336603;187;1;3508751;0;0;0;0
FR;1;2021-04-09;214623;108037;21;0;118935;0;0;0;0;7118542;3444640;208;1;3627686;0;0;0;0
FR;1;2021-04-10;117211;73241;14;0;78389;0;0;0;0;7235753;3517881;222;1;3706075;0;0;0;0
FR;1;2021-04-11;40903;29892;6;0;31796;0;0;0;0;7276656;3547773;228;1;3737871;0;0;0;0
FR;1;2021-04-12;168509;104586;46;0;111836;0;0;0;0;7445165;3652359;274;1;3849707;0;0;0;0
FR;1;2021-04-13;203854;127759;97;1;137107;0;0;0;0;7649019;3780118;371;2;3986814;0;0;0;0
FR;1;2021-04-14;208689;123036;208;0;133269;0;0;0;0;7857708;3903154;579;2;4120083;0;0;0;0
FR;1;2021-04-15;221749;128235;313;0;139285;0;0;0;0;8079457;4031389;892;2;4259368;0;0;0;0
FR;1;2021-04-16;206110;125778;309;0;135449;0;0;0;0;8285567;4157167;1201;2;4394817;0;0;0;0
FR;1;2021-04-17;122112;67119;103;0;72181;0;0;0;0;8407679;4224286;1304;2;4466998;0;0;0;0
FR;1;2021-04-18;35980;21015;42;0;22723;0;0;0;0;8443659;4245301;1346;2;4489721;0;0;0;0
FR;1;2021-04-19;163783;121615;433;0;129166;0;0;0;0;8607442;4366916;1779;2;4618887;0;0;0;0
FR;1;2021-04-20;189491;149791;531;0;158920;0;0;0;0;8796933;4516707;2310;2;4777807;0;0;0;0
FR;1;2021-04-21;194064;147790;760;0;157320;0;0;0;0;8990997;4664497;3070;2;4935127;0;0;0;0
FR;1;2021-04-22;209084;164618;779;0;175848;0;0;0;0;9200081;4829115;3849;2;5110975;0;0;0;0
FR;1;2021-04-23;198999;158151;671;0;169174;0;0;0;0;9399080;4987266;4520;2;5280149;0;0;0;0
FR;1;2021-04-24;126355;95887;148;0;101956;0;0;0;0;9525435;5083153;4668;2;5382105;0;0;0;0
FR;1;2021-04-25;53642;30082;46;0;32839;0;0;0;0;9579077;5113235;4714;2;5414944;0;0;0;0
FR;1;2021-04-26;181174;140328;543;0;149048;0;0;0;0;9760251;5253563;5257;2;5563992;0;0;0;0
FR;1;2021-04-27;221405;162628;901;0;174006;0;0;0;0;9981656;5416191;6158;2;5737998;0;0;0;0
FR;1;2021-04-28;238372;156214;1314;1;168896;1;0;0;0;10220028;5572405;7472;3;5906894;1;0;0;0
FR;1;2021-04-29;270351;161681;1211;0;177288;0;0;0;0;10490379;5734086;8683;3;6084182;1;0;0;0
FR;1;2021-04-30;272030;149043;1074;0;165144;0;0;0;0;10762409;5883129;9757;3;6249326;1;0;0;0
FR;1;2021-05-01;141180;40617;173;0;48645;0;0;0;0;10903589;5923746;9930;3;6297971;1;0;0;0
FR;1;2021-05-02;81564;28243;81;0;32999;0;0;0;0;10985153;5951989;10011;3;6330970;1;0;0;0
FR;1;2021-05-03;250825;142065;803;0;155759;0;0;0;0;11235978;6094054;10814;3;6486729;1;0;0;0
FR;1;2021-05-04;265939;188049;1204;0;203621;0;0;0;0;11501917;6282103;12018;3;6690350;1;0;0;0
FR;1;2021-05-05;283977;186319;1268;0;202983;0;0;0;0;11785894;6468422;13286;3;6893333;1;0;0;0
FR;1;2021-05-06;310083;184602;1502;0;204355;0;0;0;0;12095977;6653024;14788;3;7097688;1;0;0;0
FR;1;2021-05-07;284152;196759;1127;0;214577;0;0;0;0;12380129;6849783;15915;3;7312265;1;0;0;0
FR;1;2021-05-08;191687;51619;285;0;63002;0;0;0;0;12571816;6901402;16200;3;7375267;1;0;0;0
FR;1;2021-05-09;114076;34211;236;0;41383;0;0;0;0;12685892;6935613;16436;3;7416650;1;0;0;0
FR;1;2021-05-10;258240;195096;1188;0;211089;0;0;0;0;12944132;7130709;17624;3;7627739;1;0;0;0
FR;1;2021-05-11;318945;211263;1465;0;231503;0;0;0;0;13263077;7341972;19089;3;7859242;1;0;0;0
FR;1;2021-05-12;356710;186093;1401;0;208400;0;0;0;0;13619787;7528065;20490;3;8067642;1;0;0;0
FR;1;2021-05-13;283473;47325;401;0;64248;0;0;0;0;13903260;7575390;20891;3;8131890;1;0;0;0
FR;1;2021-05-14;370544;128530;998;0;151951;0;0;0;0;14273804;7703920;21889;3;8283841;1;0;0;0
FR;1;2021-05-15;298126;66208;404;0;84916;0;0;0;0;14571930;7770128;22293;3;8368757;1;0;0;0
FR;1;2021-05-16;157796;15470;158;0;26038;0;0;0;0;14729726;7785598;22451;3;8394795;1;0;0;0
FR;1;2021-05-17;318959;116204;1441;0;138166;0;0;0;0;15048685;7901802;23892;3;8532961;1;0;0;0
FR;1;2021-05-18;383394;111693;1801;0;137644;0;0;0;0;15432079;8013495;25693;3;8670605;1;0;0;0
FR;1;2021-05-19;395324;101585;2185;0;128523;0;0;0;0;15827403;8115080;27878;3;8799128;1;0;0;0
FR;1;2021-05-20;421861;95608;2049;0;125074;0;0;0;0;16249264;8210688;29927;3;8924202;1;0;0;0
FR;1;2021-05-21;399844;97449;1765;0;125848;0;0;0;0;16649108;8308137;31692;3;9050050;1;0;0;0
FR;1;2021-05-22;275711;41926;604;0;60951;0;0;0;0;16924819;8350063;32296;3;9111001;1;0;0;0
FR;1;2021-05-23;123033;10969;224;0;20571;0;0;0;0;17047852;8361032;32520;3;9131572;1;0;0;0
FR;1;2021-05-24;244028;26265;569;0;43792;0;0;0;0;17291880;8387297;33089;3;9175364;1;0;0;0
FR;1;2021-05-25;366247;131454;2115;1;158389;0;0;0;0;17658127;8518751;35204;4;9333753;1;0;0;0
FR;1;2021-05-26;380864;127549;1996;0;155873;0;0;0;0;18038991;8646300;37200;4;9489626;1;0;0;0
FR;1;2021-05-27;406208;128358;1978;0;158838;0;0;0;0;18445199;8774658;39178;4;9648464;1;0;0;0
FR;1;2021-05-28;366080;145709;1702;0;174271;0;0;0;0;18811279;8920367;40880;4;9822735;1;0;0;0
FR;1;2021-05-29;253852;81138;527;0;100337;0;0;0;0;19065131;9001505;41407;4;9923072;1;0;0;0
FR;1;2021-05-30;100983;22601;158;0;30835;0;0;0;0;19166114;9024106;41565;4;9953907;1;0;0;0
FR;1;2021-05-31;314351;149245;1287;1;172501;1;0;0;0;19480465;9173351;42852;5;10126408;2;0;0;0
FR;1;2021-06-01;361706;166428;1733;1;194132;1;0;0;0;19842171;9339779;44585;6;10320540;3;0;0;0
FR;1;2021-06-02;365447;154542;1798;0;184083;0;0;0;0;20207618;9494321;46383;6;10504623;3;0;0;0
FR;1;2021-06-03;391502;147435;1654;0;178409;0;0;0;0;20599120;9641756;48037;6;10683032;3;0;0;0
FR;1;2021-06-04;364145;175900;1496;1;205193;1;0;0;0;20963265;9817656;49533;7;10888225;4;0;0;0
FR;1;2021-06-05;258534;112820;597;0;133181;0;0;0;0;21221799;9930476;50130;7;11021406;4;0;0;0
FR;1;2021-06-06;126834;37555;216;0;48194;0;0;0;0;21348633;9968031;50346;7;11069600;4;0;0;0
FR;1;2021-06-07;301132;207765;1368;0;233042;0;0;0;0;21649765;10175796;51714;7;11302642;4;0;0;0
FR;1;2021-06-08;330914;221012;1645;0;248975;0;0;0;0;21980679;10396808;53359;7;11551617;4;0;0;0
FR;1;2021-06-09;336660;210950;1614;0;239707;0;0;0;0;22317339;10607758;54973;7;11791324;4;0;0;0
FR;1;2021-06-10;343948;199517;1615;0;229261;0;0;0;0;22661287;10807275;56588;7;12020585;4;0;0;0
FR;1;2021-06-11;311945;234706;1300;1;262617;0;0;0;0;22973232;11041981;57888;8;12283202;4;0;0;0
FR;1;2021-06-12;244101;150610;438;0;172220;0;0;0;0;23217333;11192591;58326;8;12455422;4;0;0;0
FR;1;2021-06-13;100383;61036;188;0;70698;0;0;0;0;23317716;11253627;58514;8;12526120;4;0;0;0
FR;1;2021-06-14;207882;287577;1320;1;307385;0;0;0;0;23525598;11541204;59834;9;12833505;4;0;0;0
FR;1;2021-06-15;256910;281117;1400;1;304965;0;0;0;0;23782508;11822321;61234;10;13138470;4;0;0;0
FR;1;2021-06-16;273688;270712;1264;1;296150;0;0;0;0;24056196;12093033;62498;11;13434620;4;0;0;0
FR;1;2021-06-17;268258;245101;1241;1;271173;0;0;0;0;24324454;12338134;63739;12;13705793;4;0;0;0
FR;1;2021-06-18;260625;295199;1155;1;321026;0;0;0;0;24585079;12633333;64894;13;14026819;4;0;0;0
FR;1;2021-06-19;193468;209609;388;0;228270;0;0;0;0;24778547;12842942;65282;13;14255089;4;0;0;0
FR;1;2021-06-20;69724;89029;122;0;96869;0;0;0;0;24848271;12931971;65404;13;14351958;4;0;0;0
FR;1;2021-06-21;172400;319784;934;1;338495;1;0;0;0;25020671;13251755;66338;14;14690453;5;0;0;0
FR;1;2021-06-22;185898;348075;1102;10;369142;1;0;0;0;25206569;13599830;67440;24;15059595;6;0;0;0
FR;1;2021-06-23;204243;339644;1050;0;363543;0;0;0;0;25410812;13939474;68490;24;15423138;6;0;0;0
FR;1;2021-06-24;203558;282095;1176;0;306841;0;0;0;0;25614370;14221569;69666;24;15729979;6;0;0;0
FR;1;2021-06-25;182685;371701;1200;0;395708;0;0;0;0;25797055;14593270;70866;24;16125687;6;0;0;0
FR;1;2021-06-26;131415;278606;506;0;295981;0;0;0;0;25928470;14871876;71372;24;16421668;6;0;0;0
FR;1;2021-06-27;52421;122845;146;0;130382;0;0;0;0;25980891;14994721;71518;24;16552050;6;0;0;0
FR;1;2021-06-28;136682;368239;1066;0;386840;0;0;0;0;26117573;15362960;72584;24;16938890;6;0;0;0
FR;1;2021-06-29;154928;391161;1849;0;412255;0;0;0;0;26272501;15754121;74433;24;17351145;6;0;0;0
FR;1;2021-06-30;180076;381961;1668;4;406561;2;0;0;0;26452577;16136082;76101;28;17757706;8;0;0;0
FR;1;2021-07-01;201590;332509;1890;5;360582;0;0;0;0;26654167;16468591;77991;33;18118288;8;0;0;0
FR;1;2021-07-02;193890;367289;1765;5;395487;2;0;0;0;26848057;16835880;79756;38;18513775;10;0;0;0
FR;1;2021-07-03;124485;280410;704;3;299514;1;0;0;0;26972542;17116290;80460;41;18813289;11;0;0;0
FR;1;2021-07-04;53969;113731;244;0;122138;0;0;0;0;27026511;17230021;80704;41;18935427;11;0;0;0
FR;1;2021-07-05;153986;355778;1500;8;379118;0;0;0;0;27180497;17585799;82204;49;19314545;11;0;0;0
FR;1;2021-07-06;173535;382279;1603;45;408169;8;0;0;0;27354032;17968078;83807;94;19722714;19;0;0;0
FR;1;2021-07-07;190874;362299;1659;25;390641;2;0;0;0;27544906;18330377;85466;119;20113355;21;0;0;0
FR;1;2021-07-08;201594;322966;1827;20;353612;2;0;0;0;27746500;18653343;87293;139;20466967;23;0;0;0
FR;1;2021-07-09;189996;387763;1854;3;418165;1;0;0;0;27936496;19041106;89147;142;20885132;24;0;0;0
FR;1;2021-07-10;129967;281184;818;1;302610;0;0;0;0;28066463;19322290;89965;143;21187742;24;0;0;0
FR;1;2021-07-11;57688;102529;263;0;112410;0;0;0;0;28124151;19424819;90228;143;21300152;24;0;0;0
FR;1;2021-07-12;149931;416801;1588;4;442791;0;0;0;0;28274082;19841620;91816;147;21742943;24;0;0;0
FR;1;2021-07-13;234311;438995;1808;8;476178;0;0;0;0;28508393;20280615;93624;155;22219121;24;0;0;0
FR;1;2021-07-14;171931;151301;418;0;176931;0;0;0;0;28680324;20431916;94042;155;22396052;24;0;0;0
FR;1;2021-07-15;279706;424134;1859;1;467107;0;0;0;0;28960030;20856050;95901;156;22863159;24;0;0;0
FR;1;2021-07-16;290446;400514;1711;3;445155;1;0;0;0;29250476;21256564;97612;159;23308314;25;0;0;0
FR;1;2021-07-17;217361;281972;755;1;315437;0;0;0;0;29467837;21538536;98367;160;23623751;25;0;0;0
FR;1;2021-07-18;102032;107203;288;0;123090;0;0;0;0;29569869;21645739;98655;160;23746841;25;0;0;0
FR;1;2021-07-19;238251;378362;1498;3;414403;0;0;0;0;29808120;22024101;100153;163;24161244;25;0;0;0
FR;1;2021-07-20;305776;379723;1471;0;425544;0;0;0;0;30113896;22403824;101624;163;24586788;25;0;0;0
FR;1;2021-07-21;333311;352691;1413;4;404059;1;0;0;0;30447207;22756515;103037;167;24990847;26;0;0;0
FR;1;2021-07-22;364709;318528;1502;3;374937;2;0;0;0;30811916;23075043;104539;170;25365784;28;0;0;0
FR;1;2021-07-23;349411;342720;1589;4;398258;1;0;0;0;31161327;23417763;106128;174;25764042;29;0;0;0
FR;1;2021-07-24;238968;240733;697;1;278059;0;0;0;0;31400295;23658496;106825;175;26042101;29;0;0;0
FR;1;2021-07-25;112810;76013;223;0;93705;0;0;0;0;31513105;23734509;107048;175;26135806;29;0;0;0
FR;1;2021-07-26;299149;289266;1495;2;334976;1;0;0;0;31812254;24023775;108543;177;26470782;30;0;0;0
FR;1;2021-07-27;385872;267855;1459;4;324822;1;0;0;0;32198126;24291630;110002;181;26795604;31;0;0;0
FR;1;2021-07-28;390228;250918;1463;4;307204;1;0;0;0;32588354;24542548;111465;185;27102808;32;0;0;0
FR;1;2021-07-29;406162;227575;1541;2;284267;0;0;0;0;32994516;24770123;113006;187;27387075;32;0;0;0
FR;1;2021-07-30;370761;246481;1639;4;298313;1;0;0;0;33365277;25016604;114645;191;27685388;33;0;0;0
FR;1;2021-07-31;243395;165091;794;1;199411;0;0;0;0;33608672;25181695;115439;192;27884799;33;0;0;0
FR;1;2021-08-01;105614;47204;237;0;61197;0;0;0;0;33714286;25228899;115676;192;27945996;33;0;0;0
FR;1;2021-08-02;297438;212825;1480;2;250606;0;0;0;0;34011724;25441724;117156;194;28196602;33;0;0;0
FR;1;2021-08-03;331354;208677;1557;2;250643;1;0;0;0;34343078;25650401;118713;196;28447245;34;0;0;0
FR;1;2021-08-04;328059;183821;1440;5;223971;3;0;0;0;34671137;25834222;120153;201;28671216;37;0;0;0
FR;1;2021-08-05;301299;193083;1483;0;229377;0;0;0;0;34972436;26027305;121636;201;28900593;37;0;0;0
FR;1;2021-08-06;291004;224079;1560;3;261363;0;0;0;0;35263440;26251384;123196;204;29161956;37;0;0;0
FR;1;2021-08-07;182685;158760;655;5;181668;1;0;0;0;35446125;26410144;123851;209;29343624;38;0;0;0
FR;1;2021-08-08;68897;59101;253;0;67629;0;0;0;0;35515022;26469245;124104;209;29411253;38;0;0;0
FR;1;2021-08-09;222800;235145;1446;4;263850;2;0;0;0;35737822;26704390;125550;213;29675103;40;0;0;0
FR;1;2021-08-10;252763;239823;1492;2;271653;0;0;0;0;35990585;26944213;127042;215;29946756;40;0;0;0
FR;1;2021-08-11;236256;231715;1272;5;261228;0;0;0;0;36226841;27175928;128314;220;30207984;40;0;0;0
FR;1;2021-08-12;220804;239719;1492;3;267808;0;0;0;0;36447645;27415647;129806;223;30475792;40;0;0;0
FR;1;2021-08-13;201733;238488;1360;2;264027;2;0;0;0;36649378;27654135;131166;225;30739819;42;0;0;0
FR;1;2021-08-14;122876;174030;645;0;189534;0;0;0;0;36772254;27828165;131811;225;30929353;42;0;0;0
FR;1;2021-08-15;34711;46113;201;1;50332;0;0;0;0;36806965;27874278;132012;226;30979685;42;0;0;0
FR;1;2021-08-16;156967;289322;1424;0;309889;0;0;0;0;36963932;28163600;133436;226;31289574;42;0;0;0
FR;1;2021-08-17;171626;290954;1422;5;313353;0;0;0;0;37135558;28454554;134858;231;31602927;42;0;0;0
FR;1;2021-08-18;161452;286672;1394;6;307299;3;0;0;0;37297010;28741226;136252;237;31910226;45;0;0;0
FR;1;2021-08-19;148962;277414;1405;1;297255;0;0;0;0;37445972;29018640;137657;238;32207481;45;0;0;0
FR;1;2021-08-20;140533;308908;1535;2;328138;2;0;0;0;37586505;29327548;139192;240;32535619;47;0;0;0
FR;1;2021-08-21;84288;213209;589;0;224527;0;0;0;0;37670793;29540757;139781;240;32760146;47;0;0;0
FR;1;2021-08-22;28584;82696;233;0;86701;0;0;0;0;37699377;29623453;140014;240;32846847;47;0;0;0
FR;1;2021-08-23;118672;320939;1422;2;337674;0;0;0;0;37818049;29944392;141436;242;33184521;47;0;0;0
FR;1;2021-08-24;126687;319599;1604;5;337412;0;0;0;0;37944736;30263991;143040;247;33521933;47;0;0;0
FR;1;2021-08-25;121548;306408;1783;8;323581;2;0;0;0;38066284;30570399;144823;255;33845514;49;0;0;0
FR;1;2021-08-26;106647;286082;2165;10;302378;0;0;0;0;38172931;30856481;146988;265;34147892;49;0;0;0
FR;1;2021-08-27;107659;321594;2303;9;338851;1;0;0;0;38280590;31178075;149291;274;34486743;50;0;0;0
FR;1;2021-08-28;71030;220699;1102;0;231220;0;0;0;0;38351620;31398774;150393;274;34717963;50;0;0;0
FR;1;2021-08-29;24156;78206;469;1;82096;0;0;0;0;38375776;31476980;150862;275;34800059;50;0;0;0
FR;1;2021-08-30;96904;286273;4315;6;299759;4967;0;0;0;38472680;31763253;155177;281;35099818;5017;0;0;0
FR;1;2021-08-31;98136;276227;9295;15;289894;10064;2;0;0;38570816;32039480;164472;296;35389712;15081;2;0;0
FR;1;2021-09-01;112367;245290;21121;8;257672;22158;1;0;0;38683183;32284770;185593;304;35647384;37239;3;0;0
FR;1;2021-09-02;86757;197901;24536;18;208297;25519;0;0;0;38769940;32482671;210129;322;35855681;62758;3;0;0
FR;1;2021-09-03;82433;227484;26958;21;238922;28038;0;0;0;38852373;32710155;237087;343;36094603;90796;3;0;0
FR;1;2021-09-04;71631;189718;11141;11;199301;11712;7;0;0;38924004;32899873;248228;354;36293904;102508;10;0;0
FR;1;2021-09-05;18614;41144;4126;2;43849;4277;0;0;0;38942618;32941017;252354;356;36337753;106785;10;0;0
FR;1;2021-09-06;59825;151362;30182;15;158892;31206;2;0;0;39002443;33092379;282536;371;36496645;137991;12;0;0
FR;1;2021-09-07;57401;139622;30215;30;146741;31253;2;0;0;39059844;33232001;312751;401;36643386;169244;14;0;0
FR;1;2021-09-08;72356;173793;26926;22;182264;27967;4;0;0;39132200;33405794;339677;423;36825650;197211;18;0;0
FR;1;2021-09-09;54514;124427;28637;24;131184;29748;5;0;0;39186714;33530221;368314;447;36956834;226959;23;0;0
FR;1;2021-09-10;66224;152064;30452;24;161152;31692;5;0;0;39252938;33682285;398766;471;37117986;258651;28;0;0
FR;1;2021-09-11;52688;146637;9731;14;154126;10356;0;0;0;39305626;33828922;408497;485;37272112;269007;28;0;0
FR;1;2021-09-12;10800;29269;2490;1;30967;2660;2;0;0;39316426;33858191;410987;486;37303079;271667;30;0;0
FR;1;2021-09-13;51520;104396;38767;31;110929;40096;16;0;0;39367946;33962587;449754;517;37414008;311763;46;0;0
FR;1;2021-09-14;53343;96007;51291;67;102372;53289;42;0;0;39421289;34058594;501045;584;37516380;365052;88;0;0
FR;1;2021-09-15;60589;139224;50499;55;146392;47070;68;0;0;39481878;34197818;551544;639;37662772;412122;156;0;0
FR;1;2021-09-16;46646;81362;53354;70;86257;49611;61;0;0;39528524;34279180;604898;709;37749029;461733;217;0;0
FR;1;2021-09-17;53227;109327;45081;61;115661;42714;61;0;0;39581751;34388507;649979;770;37864690;504447;278;0;0
FR;1;2021-09-18;37887;118498;11797;19;124082;11280;19;0;0;39619638;34507005;661776;789;37988772;515727;297;0;0
FR;1;2021-09-19;6531;21025;2045;1;22129;1985;1;0;0;39626169;34528030;663821;790;38010901;517712;298;0;0
FR;1;2021-09-20;36543;74844;46231;65;78565;44198;30;0;0;39662712;34602874;710052;855;38089466;561910;328;0;0
FR;1;2021-09-21;34208;68100;56270;72;71135;52747;76;0;0;39696920;34670974;766322;927;38160601;614657;404;0;0
FR;1;2021-09-22;38848;118600;49884;76;123020;46936;39;0;0;39735768;34789574;816206;1003;38283621;661593;443;0;0
FR;1;2021-09-23;32042;62890;54515;85;65794;50921;76;0;0;39767810;34852464;870721;1088;38349415;712514;519;0;0
FR;1;2021-09-24;36805;90022;43677;89;94381;41957;57;0;0;39804615;34942486;914398;1177;38443796;754471;576;0;0
FR;1;2021-09-25;27656;96711;12307;27;101065;12187;19;0;0;39832271;35039197;926705;1204;38544861;766658;595;0;0
FR;1;2021-09-26;4390;15202;1777;5;16066;1700;4;0;0;39836661;35054399;928482;1209;38560927;768358;599;0;0
FR;1;2021-09-27;27356;60205;42914;89;63434;41644;79;0;1;39864017;35114604;971396;1298;38624361;810002;678;0;1
FR;1;2021-09-28;26913;49419;47207;76;52036;44494;40;0;0;39890930;35164023;1018603;1374;38676397;854496;718;0;1
FR;1;2021-09-29;35927;80253;47297;87;84639;45623;33;0;0;39926857;35244276;1065900;1461;38761036;900119;751;0;1
FR;1;2021-09-30;26078;46899;47527;80;49258;45476;52;0;0;39952935;35291175;1113427;1541;38810294;945595;803;0;1
FR;1;2021-10-01;47307;66910;44909;83;70792;44634;14;0;0;40000242;35358085;1158336;1624;38881086;990229;817;0;1
FR;1;2021-10-02;32383;62416;16114;32;67224;16325;6;0;0;40032625;35420501;1174450;1656;38948310;1006554;823;0;1
FR;1;2021-10-03;4343;8564;2043;3;9312;2039;4;0;0;40036968;35429065;1176493;1659;38957622;1008593;827;0;1
FR;1;2021-10-04;28985;44425;47117;79;46838;46986;31;0;0;40065953;35473490;1223610;1738;39004460;1055579;858;0;1
FR;1;2021-10-05;24576;41642;49895;116;43139;49352;47;0;0;40090529;35515132;1273505;1854;39047599;1104931;905;0;1
FR;1;2021-10-06;34659;61389;57510;101;64496;57265;25;0;0;40125188;35576521;1331015;1955;39112095;1162196;930;0;1
FR;1;2021-10-07;21083;39914;53052;74;41092;51997;32;0;0;40146271;35616435;1384067;2029;39153187;1214193;962;0;1
FR;1;2021-10-08;35672;59645;60412;83;62871;61170;28;0;0;40181943;35676080;1444479;2112;39216058;1275363;990;0;1
FR;1;2021-10-09;27466;48024;25498;29;52492;26028;10;0;0;40209409;35724104;1469977;2141;39268550;1301391;1000;0;1
FR;1;2021-10-10;3728;5810;2759;7;6288;2865;1;0;0;40213137;35729914;1472736;2148;39274838;1304256;1001;0;1
FR;1;2021-10-11;24858;38212;54589;88;40296;55271;43;0;0;40237995;35768126;1527325;2236;39315134;1359527;1044;0;1
FR;1;2021-10-12;23386;36583;58078;128;37082;59241;18;0;0;40261381;35804709;1585403;2364;39352216;1418768;1062;0;1
FR;1;2021-10-13;32974;47842;64177;125;50647;65703;22;0;1;40294355;35852551;1649580;2489;39402863;1484471;1084;0;2
FR;1;2021-10-14;21715;34774;53776;103;35680;54370;24;0;0;40316070;35887325;1703356;2592;39438543;1538841;1108;0;2
FR;1;2021-10-15;32757;48763;72338;165;50456;75035;22;0;0;40348827;35936088;1775694;2757;39488999;1613876;1130;0;2
FR;1;2021-10-16;26014;35285;34874;45;38300;36432;13;0;0;40374841;35971373;1810568;2802;39527299;1650308;1143;0;2
FR;1;2021-10-17;3161;4053;3418;2;4496;3319;3;0;0;40378002;35975426;1813986;2804;39531795;1653627;1146;0;2
FR;1;2021-10-18;24354;34876;66852;132;34915;69736;27;0;0;40402356;36010302;1880838;2936;39566710;1723363;1173;0;2
FR;1;2021-10-19;20724;35572;75678;135;33223;79610;40;0;0;40423080;36045874;1956516;3071;39599933;1802973;1213;0;2
FR;1;2021-10-20;29917;44205;96190;178;43279;99881;45;0;0;40452997;36090079;2052706;3249;39643212;1902854;1258;0;2
FR;1;2021-10-21;19805;35053;83200;107;31764;87063;29;0;0;40472802;36125132;2135906;3356;39674976;1989917;1287;0;2
FR;1;2021-10-22;29756;47757;103757;196;44553;109723;58;0;0;40502558;36172889;2239663;3552;39719529;2099640;1345;0;2
FR;1;2021-10-23;23055;35142;44876;57;36131;47386;11;0;0;40525613;36208031;2284539;3609;39755660;2147026;1356;0;2
FR;1;2021-10-24;2407;3841;3584;6;4041;3717;1;0;0;40528020;36211872;2288123;3615;39759701;2150743;1357;0;2
FR;1;2021-10-25;22504;30718;82031;143;29600;85840;36;0;0;40550524;36242590;2370154;3758;39789301;2236583;1393;0;2
FR;1;2021-10-26;19368;27644;86125;162;24738;90357;29;0;0;40569892;36270234;2456279;3920;39814039;2326940;1422;0;2
FR;1;2021-10-27;26223;39612;107826;252;37303;112741;45;0;0;40596115;36309846;2564105;4172;39851342;2439681;1467;0;2
FR;1;2021-10-28;18803;27108;86969;150;23482;91737;34;0;0;40614918;36336954;2651074;4322;39874824;2531418;1501;0;2
FR;1;2021-10-29;25936;40253;114844;202;35488;121682;49;0;0;40640854;36377207;2765918;4524;39910312;2653100;1550;0;2
FR;1;2021-10-30;17713;28718;49373;74;28303;51970;18;0;0;40658567;36405925;2815291;4598;39938615;2705070;1568;0;2
FR;1;2021-10-31;2088;3169;3452;2;3215;3686;2;0;0;40660655;36409094;2818743;4600;39941830;2708756;1570;0;2
FR;1;2021-11-01;8025;4274;3037;3;4358;3294;6;0;0;40668680;36413368;2821780;4603;39946188;2712050;1576;0;2
FR;1;2021-11-02;22916;33219;92416;156;29173;97870;39;0;1;40691596;36446587;2914196;4759;39975361;2809920;1615;0;3
FR;1;2021-11-03;26638;41548;117525;219;36997;123909;56;0;0;40718234;36488135;3031721;4978;40012358;2933829;1671;0;3
FR;1;2021-11-04;19628;30291;105825;213;24186;111970;42;0;0;40737862;36518426;3137546;5191;40036544;3045799;1713;0;3
FR;1;2021-11-05;27033;42297;138800;230;34177;147490;47;0;0;40764895;36560723;3276346;5421;40070721;3193289;1760;0;3
FR;1;2021-11-06;18864;29807;63501;123;27605;66521;24;0;0;40783759;36590530;3339847;5544;40098326;3259810;1784;0;3
FR;1;2021-11-07;1834;3268;4985;6;3025;5302;5;0;0;40785593;36593798;3344832;5550;40101351;3265112;1789;0;3
FR;1;2021-11-08;17881;32245;126021;224;25388;132658;47;0;0;40803474;36626043;3470853;5774;40126739;3397770;1836;0;3
FR;1;2021-11-09;19521;37605;159331;334;26126;169156;63;0;0;40822995;36663648;3630184;6108;40152865;3566926;1899;0;3
FR;1;2021-11-10;28894;49048;181930;441;39012;192547;82;0;0;40851889;36712696;3812114;6549;40191877;3759473;1981;0;3
FR;1;2021-11-11;4192;5930;12239;26;5107;13029;14;0;0;40856081;36718626;3824353;6575;40196984;3772502;1995;0;3
FR;1;2021-11-12;26027;46821;174849;244;35288;186549;76;0;0;40882108;36765447;3999202;6819;40232272;3959051;2071;0;3
FR;1;2021-11-13;18736;29144;76847;111;25370;81792;40;0;0;40900844;36794591;4076049;6930;40257642;4040843;2111;0;3
FR;1;2021-11-14;2051;3240;6827;5;2796;7357;6;0;0;40902895;36797831;4082876;6935;40260438;4048200;2117;0;3
FR;1;2021-11-15;18797;34709;156449;306;24616;166287;59;0;0;40921692;36832540;4239325;7241;40285054;4214487;2176;0;3
FR;1;2021-11-16;21369;37813;192163;380;23318;205080;99;0;1;40943061;36870353;4431488;7621;40308372;4419567;2275;0;4
FR;1;2021-11-17;28675;45550;193256;398;33021;205081;92;0;0;40971736;36915903;4624744;8019;40341393;4624648;2367;0;4
FR;1;2021-11-18;21147;39599;182544;459;25137;194672;85;0;0;40992883;36955502;4807288;8478;40366530;4819320;2452;0;4
FR;1;2021-11-19;30894;53319;230285;532;34815;246781;134;0;0;41023777;37008821;5037573;9010;40401345;5066101;2586;0;4
FR;1;2021-11-20;23776;33215;97001;202;26734;103655;40;0;0;41047553;37042036;5134574;9212;40428079;5169756;2626;0;4
FR;1;2021-11-21;2342;3908;9133;19;2956;9939;16;0;0;41049895;37045944;5143707;9231;40431035;5179695;2642;0;4
FR;1;2021-11-22;21426;30327;175932;467;16946;189480;79;0;0;41071321;37076271;5319639;9698;40447981;5369175;2721;0;4
FR;1;2021-11-23;24031;40970;221266;540;21319;238019;77;0;0;41095352;37117241;5540905;10238;40469300;5607194;2798;0;4
FR;1;2021-11-24;30298;49644;217402;701;31964;234585;67;0;0;41125650;37166885;5758307;10939;40501264;5841779;2865;0;4
FR;1;2021-11-25;23732;44043;244525;718;22071;264225;101;0;0;41149382;37210928;6002832;11657;40523335;6106004;2966;0;4
FR;1;2021-11-26;30618;66636;356842;836;33239;388627;154;0;0;41180000;37277564;6359674;12493;40556574;6494631;3120;0;4
FR;1;2021-11-27;21960;45262;202666;372;26151;222696;112;0;0;41201960;37322826;6562340;12865;40582725;6717327;3232;0;4
FR;1;2021-11-28;3180;9544;54803;63;3468;61016;37;0;0;41205140;37332370;6617143;12928;40586193;6778343;3269;0;4
FR;1;2021-11-29;17904;49469;326436;841;20776;354583;150;0;0;41223044;37381839;6943579;13769;40606969;7132926;3419;0;4
FR;1;2021-11-30;22790;64818;431195;952;23797;470843;266;0;0;41245834;37446657;7374774;14721;40630766;7603769;3685;0;4
FR;1;2021-12-01;25365;69037;442956;1131;28429;481821;271;0;0;41271199;37515694;7817730;15852;40659195;8085590;3956;0;4
FR;1;2021-12-02;20093;64298;489465;1230;18434;532970;274;0;0;41291292;37579992;8307195;17082;40677629;8618560;4230;0;4
FR;1;2021-12-03;22912;82300;542842;1310;30272;591857;308;0;0;41314204;37662292;8850037;18392;40707901;9210417;4538;0;4
FR;1;2021-12-04;16417;53778;299138;654;23203;328998;180;0;0;41330621;37716070;9149175;19046;40731104;9539415;4718;0;4
FR;1;2021-12-05;3635;13771;81549;143;4193;91046;85;0;0;41334256;37729841;9230724;19189;40735297;9630461;4803;0;4
FR;1;2021-12-06;25848;62420;415524;1066;22063;455251;358;0;0;41360104;37792261;9646248;20255;40757360;10085712;5161;0;4
FR;1;2021-12-07;20018;75457;523078;1536;24274;572739;372;0;0;41380122;37867718;10169326;21791;40781634;10658451;5533;0;4
FR;1;2021-12-08;21718;75491;458634;1545;30647;502292;378;0;0;41401840;37943209;10627960;23336;40812281;11160743;5911;0;4
FR;1;2021-12-09;19473;73940;493114;1624;24325;541127;398;0;0;41421313;38017149;11121074;24960;40836606;11701870;6309;0;4
FR;1;2021-12-10;23330;87514;547470;1585;32416;600108;392;0;1;41444643;38104663;11668544;26545;40869022;12301978;6701;0;5
FR;1;2021-12-11;16534;59085;302768;751;25944;335502;278;0;0;41461177;38163748;11971312;27296;40894966;12637480;6979;0;5
FR;1;2021-12-12;4397;15876;83241;179;5242;94047;96;0;0;41465574;38179624;12054553;27475;40900208;12731527;7075;0;5
FR;1;2021-12-13;15761;63400;367087;1094;23905;406373;236;0;0;41481335;38243024;12421640;28569;40924113;13137900;7311;0;5
FR;1;2021-12-14;20870;80112;464898;1749;28640;515356;507;0;1;41502205;38323136;12886538;30318;40952753;13653256;7818;0;6
FR;1;2021-12-15;21631;77293;409186;1309;33008;453258;311;0;1;41523836;38400429;13295724;31627;40985761;14106514;8129;0;7
FR;1;2021-12-16;20070;77051;452008;1577;27920;500747;324;0;0;41543906;38477480;13747732;33204;41013681;14607261;8453;0;7
FR;1;2021-12-17;22629;86366;480029;1737;34638;531051;372;0;0;41566535;38563846;14227761;34941;41048319;15138312;8825;0;7
FR;1;2021-12-18;17610;54549;257662;731;24684;288530;232;0;0;41584145;38618395;14485423;35672;41073003;15426842;9057;0;7
FR;1;2021-12-19;5563;16908;79205;194;5920;90678;117;0;0;41589708;38635303;14564628;35866;41078923;15517520;9174;0;7
FR;1;2021-12-20;20957;62869;316306;1082;26487;355339;286;0;0;41610665;38698172;14880934;36948;41105410;15872859;9460;0;7
FR;1;2021-12-21;26344;72857;372822;1422;30553;418148;338;0;0;41637009;38771029;15253756;38370;41135963;16291007;9798;0;7
FR;1;2021-12-22;24989;65644;310703;1217;29574;349625;361;0;1;41661998;38836673;15564459;39587;41165537;16640632;10159;0;8
FR;1;2021-12-23;21278;52106;241542;958;23339;273076;362;0;0;41683276;38888779;15806001;40545;41188876;16913708;10521;0;8
FR;1;2021-12-24;7130;18267;67173;258;9243;77065;154;0;1;41690406;38907046;15873174;40803;41198119;16990773;10675;0;9
FR;1;2021-12-25;510;2864;5595;15;1796;6539;55;0;0;41690916;38909910;15878769;40818;41199915;16997312;10730;0;9
FR;1;2021-12-26;2751;7569;26960;71;3493;31470;100;0;0;41693667;38917479;15905729;40889;41203408;17028782;10830;0;9
FR;1;2021-12-27;18312;53461;235147;705;25453;265805;365;0;0;41711979;38970940;16140876;41594;41228861;17294587;11195;0;9
FR;1;2021-12-28;23302;61878;292070;1026;26987;330243;595;0;1;41735281;39032818;16432946;42620;41255848;17624830;11790;0;10
FR;1;2021-12-29;22218;55372;255049;921;25256;288245;645;0;1;41757499;39088190;16687995;43541;41281104;17913075;12435;0;11
FR;1;2021-12-30;21240;46405;212183;857;22439;239633;718;0;0;41778739;39134595;16900178;44398;41303543;18152708;13153;0;11
FR;1;2021-12-31;7468;16534;61882;229;8713;70416;346;0;0;41786207;39151129;16962060;44627;41312256;18223124;13499;0;11
FR;1;2022-01-01;1170;2489;5668;30;1543;6577;73;0;0;41787377;39153618;16967728;44657;41313799;18229701;13572;0;11
FR;1;2022-01-02;3089;8074;28897;50;3671;33539;190;0;0;41790466;39161692;16996625;44707;41317470;18263240;13762;0;11
FR;1;2022-01-03;26920;54160;228289;790;27529;257749;964;0;1;41817386;39215852;17224914;45497;41344999;18520989;14726;0;12
FR;1;2022-01-04;26354;64974;299325;1241;29774;337372;1367;0;2;41843740;39280826;17524239;46738;41374773;18858361;16093;0;14
FR;1;2022-01-05;30570;64238;274936;1099;32507;310314;1264;0;0;41874310;39345064;17799175;47837;41407280;19168675;17357;0;14
FR;1;2022-01-06;26860;66196;306955;1404;29270;346628;1569;0;1;41901170;39411260;18106130;49241;41436550;19515303;18926;0;15
FR;1;2022-01-07;31579;74962;349880;1538;34387;394009;1822;0;1;41932749;39486222;18456010;50779;41470937;19909312;20748;0;16
FR;1;2022-01-08;23391;51357;222511;698;25569;251139;913;0;1;41956140;39537579;18678521;51477;41496506;20160451;21661;0;17
FR;1;2022-01-09;7091;17131;66036;163;8166;76142;336;0;0;41963231;39554710;18744557;51640;41504672;20236593;21997;0;17
FR;1;2022-01-10;21814;60574;236837;957;32912;267629;1258;0;1;41985045;39615284;18981394;52597;41537584;20504222;23255;0;18
FR;1;2022-01-11;26783;63428;282345;1280;31190;317861;1837;0;1;42011828;39678712;19263739;53877;41568774;20822083;25092;0;19
FR;1;2022-01-12;28967;62475;246303;1106;35039;278092;1686;0;3;42040795;39741187;19510042;54983;41603813;21100175;26778;0;22
FR;1;2022-01-13;24791;60153;262845;1253;30023;296166;1993;0;4;42065586;39801340;19772887;56236;41633836;21396341;28771;0;26
FR;1;2022-01-14;27972;66684;314052;1366;32104;351306;2475;0;1;42093558;39868024;20086939;57602;41665940;21747647;31246;0;27
FR;1;2022-01-15;19372;44405;199333;619;22460;223869;1363;0;1;42112930;39912429;20286272;58221;41688400;21971516;32609;0;28
FR;1;2022-01-16;5161;12955;51537;135;6020;59557;338;0;0;42118091;39925384;20337809;58356;41694420;22031073;32947;0;28
FR;1;2022-01-17;16884;39662;184864;783;20112;206842;1690;0;2;42134975;39965046;20522673;59139;41714532;22237915;34637;0;30
FR;1;2022-01-18;19460;45958;212460;1154;22983;237061;2456;0;1;42154435;40011004;20735133;60293;41737515;22474976;37093;0;31
FR;1;2022-01-19;20314;43939;176149;898;25466;197205;1977;0;4;42174749;40054943;20911282;61191;41762981;22672181;39070;0;35
FR;1;2022-01-20;16852;40561;183722;1147;20809;204766;2516;0;2;42191601;40095504;21095004;62338;41783790;22876947;41586;0;37
FR;1;2022-01-21;19923;47003;228984;1405;23884;253360;3105;0;1;42211524;40142507;21323988;63743;41807674;23130307;44691;0;38
FR;1;2022-01-22;13845;33332;144509;579;18433;161398;1404;0;2;42225369;40175839;21468497;64322;41826107;23291705;46095;0;40
FR;1;2022-01-23;3379;8763;33439;132;4575;38325;352;0;1;42228748;40184602;21501936;64454;41830682;23330030;46447;0;41
FR;1;2022-01-24;11816;32968;142243;718;17789;158280;2104;0;1;42240564;40217570;21644179;65172;41848471;23488310;48551;0;42
FR;1;2022-01-25;14216;38159;163434;1049;20284;181568;3181;0;1;42254780;40255729;21807613;66221;41868755;23669878;51732;0;43
FR;1;2022-01-26;14865;37721;150273;934;22634;166401;2516;0;1;42269645;40293450;21957886;67155;41891389;23836279;54248;0;44
FR;1;2022-01-27;12341;33340;143471;896;18502;158050;3230;0;3;42281986;40326790;22101357;68051;41909891;23994329;57478;0;47
FR;1;2022-01-28;16331;56907;198336;1144;32662;222397;4007;0;3;42298317;40383697;22299693;69195;41942553;24216726;61485;0;50
FR;1;2022-01-29;10270;35470;135216;525;19611;151543;1879;0;1;42308587;40419167;22434909;69720;41962164;24368269;63364;0;51
FR;1;2022-01-30;2484;9255;29688;86;4827;34450;434;0;1;42311071;40428422;22464597;69806;41966991;24402719;63798;0;52
FR;1;2022-01-31;8759;32461;104354;533;19472;117342;2340;0;3;42319830;40460883;22568951;70339;41986463;24520061;66138;0;55
FR;1;2022-02-01;11008;36447;127092;865;20631;141214;4320;0;1;42330838;40497330;22696043;71204;42007094;24661275;70458;0;56
FR;1;2022-02-02;12120;41572;130370;782;25262;145818;3774;0;9;42342958;40538902;22826413;71986;42032356;24807093;74232;0;65
FR;1;2022-02-03;9514;34052;117034;785;19120;130334;4284;0;4;42352472;40572954;22943447;72771;42051476;24937427;78516;0;69
FR;1;2022-02-04;11542;49682;172589;968;26973;192726;5479;0;5;42364014;40622636;23116036;73739;42078449;25130153;83995;0;74
FR;1;2022-02-05;8000;33921;117593;391;18170;133024;2414;0;3;42372014;40656557;23233629;74130;42096619;25263177;86409;0;77
FR;1;2022-02-06;1706;7995;22754;86;3873;26905;444;0;0;42373720;40664552;23256383;74216;42100492;25290082;86853;0;77
FR;1;2022-02-07;7367;35385;119114;460;18171;134971;3398;0;4;42381087;40699937;23375497;74676;42118663;25425053;90251;0;81
FR;1;2022-02-08;7771;31960;125676;696;14892;140666;4301;0;5;42388858;40731897;23501173;75372;42133555;25565719;94552;0;86
FR;1;2022-02-09;8741;36530;135267;702;17930;152511;3884;0;7;42397599;40768427;23636440;76074;42151485;25718230;98436;0;93
FR;1;2022-02-10;7029;30139;116383;677;13903;130171;4445;0;1;42404628;40798566;23752823;76751;42165388;25848401;102881;0;94
FR;1;2022-02-11;8662;41565;165150;878;18378;185374;5430;0;3;42413290;40840131;23917973;77629;42183766;26033775;108311;0;97
FR;1;2022-02-12;5346;27617;106715;379;12540;120900;2396;0;2;42418636;40867748;24024688;78008;42196306;26154675;110707;0;99
FR;1;2022-02-13;1269;5721;21721;66;2188;25339;402;0;3;42419905;40873469;24046409;78074;42198494;26180014;111109;0;102
FR;1;2022-02-14;5460;27230;118096;395;10645;133124;3385;0;4;42425365;40900699;24164505;78469;42209139;26313138;114494;0;106
FR;1;2022-02-15;5797;28872;118941;611;12221;132572;4883;0;1;42431162;40929571;24283446;79080;42221360;26445710;119377;0;107
FR;1;2022-02-16;5763;28495;110428;597;13762;123058;4153;0;3;42436925;40958066;24393874;79677;42235122;26568768;123530;0;110
FR;1;2022-02-17;4616;19747;73155;489;10128;80261;3999;0;3;42441541;40977813;24467029;80166;42245250;26649029;127529;0;113
FR;1;2022-02-18;5615;26800;99207;673;14172;108168;5519;0;2;42447156;41004613;24566236;80839;42259422;26757197;133048;0;115
FR;1;2022-02-19;3551;17177;59479;305;9570;66060;2267;0;0;42450707;41021790;24625715;81144;42268992;26823257;135315;0;115
FR;1;2022-02-20;792;3258;10706;36;1651;12333;360;0;1;42451499;41025048;24636421;81180;42270643;26835590;135675;0;116
FR;1;2022-02-21;3430;14599;52830;286;7919;57678;3126;0;2;42454929;41039647;24689251;81466;42278562;26893268;138801;0;118
FR;1;2022-02-22;3804;15549;51919;500;9046;55657;4070;0;1;42458733;41055196;24741170;81966;42287608;26948925;142871;0;119
FR;1;2022-02-23;4235;17828;57487;510;10748;62589;3568;0;3;42462968;41073024;24798657;82476;42298356;27011514;146439;0;122
FR;1;2022-02-24;3345;13145;43620;436;7840;46410;3658;0;2;42466313;41086169;24842277;82912;42306196;27057924;150097;0;124
FR;1;2022-02-25;4478;20133;64927;697;12251;68798;5768;0;4;42470791;41106302;24907204;83609;42318447;27126722;155865;0;128
FR;1;2022-02-26;2698;12806;41372;310;7653;45125;2494;0;2;42473489;41119108;24948576;83919;42326100;27171847;158359;0;130
FR;1;2022-02-27;644;2192;7131;42;1207;7994;433;0;0;42474133;41121300;24955707;83961;42327307;27179841;158792;0;130
FR;1;2022-02-28;2614;10501;34969;306;6081;37395;3124;0;0;42476747;41131801;24990676;84267;42333388;27217236;161916;0;130
FR;1;2022-03-01;3592;10762;38707;391;6364;39663;4548;0;4;42480339;41142563;25029383;84658;42339752;27256899;166464;0;134
FR;1;2022-03-02;3685;12241;41870;398;7508;43940;4110;0;1;42484024;41154804;25071253;85056;42347260;27300839;170574;0;135
FR;1;2022-03-03;2463;7993;26186;329;5248;26524;3380;0;1;42486487;41162797;25097439;85385;42352508;27327363;173954;0;136
FR;1;2022-03-04;2691;10547;35468;594;6978;34962;5280;0;3;42489178;41173344;25132907;85979;42359486;27362325;179234;0;139
FR;1;2022-03-05;1823;6369;21972;280;4207;22370;2572;0;1;42491001;41179713;25154879;86259;42363693;27384695;181806;0;140
FR;1;2022-03-06;360;959;2918;38;605;3121;327;0;0;42491361;41180672;25157797;86297;42364298;27387816;182133;0;140
FR;1;2022-03-07;1922;4724;16442;245;3046;15910;2831;0;4;42493283;41185396;25174239;86542;42367344;27403726;184964;0;144
FR;1;2022-03-08;1719;5259;17173;309;3670;16002;3471;0;3;42495002;41190655;25191412;86851;42371014;27419728;188435;0;147
FR;1;2022-03-09;1988;6749;19820;371;4824;19178;3424;0;4;42496990;41197404;25211232;87222;42375838;27438906;191859;0;151
FR;1;2022-03-10;1416;5021;15300;309;3672;14338;2944;0;2;42498406;41202425;25226532;87531;42379510;27453244;194803;0;153
FR;1;2022-03-11;1761;6413;21717;487;4448;19871;4738;0;1;42500167;41208838;25248249;88018;42383958;27473115;199541;0;154
FR;1;2022-03-12;1263;4653;15367;281;3094;14915;2687;0;2;42501430;41213491;25263616;88299;42387052;27488030;202228;0;156
FR;1;2022-03-13;257;613;2119;119;414;2065;468;0;0;42501687;41214104;25265735;88418;42387466;27490095;202696;0;156
FR;1;2022-03-14;1158;3679;13407;3882;2294;12528;6342;0;8;42502845;41217783;25279142;92300;42389760;27502623;209038;0;164
FR;1;2022-03-15;1409;5735;14665;6865;4319;13262;9847;0;8;42504254;41223518;25293807;99165;42394079;27515885;218885;0;172
FR;1;2022-03-16;1696;5090;17401;11521;3601;16465;14126;0;6;42505950;41228608;25311208;110686;42397680;27532350;233011;0;178
FR;1;2022-03-17;1179;3442;11735;9648;2367;10830;11732;0;8;42507129;41232050;25322943;120334;42400047;27543180;244743;0;186
FR;1;2022-03-18;1725;4930;17979;16508;3324;16418;19722;0;14;42508854;41236980;25340922;136842;42403371;27559598;264465;0;200
FR;1;2022-03-19;1126;3302;11891;8460;2277;11362;10142;0;6;42509980;41240282;25352813;145302;42405648;27570960;274607;0;206
FR;1;2022-03-20;224;561;1726;1015;363;1761;1224;0;2;42510204;41240843;25354539;146317;42406011;27572721;275831;0;208
FR;1;2022-03-21;1088;2768;11504;13462;1787;10855;15142;0;10;42511292;41243611;25366043;159779;42407798;27583576;290973;0;218
FR;1;2022-03-22;1282;3215;12264;18716;2156;11252;20619;0;5;42512574;41246826;25378307;178495;42409954;27594828;311592;0;223
FR;1;2022-03-23;1514;4362;16034;20111;2958;15715;21883;0;34;42514088;41251188;25394341;198606;42412912;27610543;333475;0;257
FR;1;2022-03-24;1121;2754;10405;16060;1910;9666;17565;0;15;42515209;41253942;25404746;214666;42414822;27620209;351040;0;272
FR;1;2022-03-25;1540;4364;16758;25315;2882;15409;27960;0;23;42516749;41258306;25421504;239981;42417704;27635618;379000;0;295
FR;1;2022-03-26;1110;3018;10856;11452;2065;10518;12864;0;20;42517859;41261324;25432360;251433;42419769;27646136;391864;0;315
FR;1;2022-03-27;236;546;1750;1383;334;1803;1594;0;1;42518095;41261870;25434110;252816;42420103;27647939;393458;0;316
FR;1;2022-03-28;1086;2490;9981;15885;1558;9602;17230;0;10;42519181;41264360;25444091;268701;42421661;27657541;410688;0;326
FR;1;2022-03-29;1141;2754;11562;25111;1603;10926;26508;0;30;42520322;41267114;25455653;293812;42423264;27668467;437196;0;356
FR;1;2022-03-30;1632;3680;14174;24233;2454;13714;25897;0;19;42521954;41270794;25469827;318045;42425718;27682181;463093;0;375
FR;1;2022-03-31;1281;3032;11701;22700;2060;11214;24021;0;40;42523235;41273826;25481528;340745;42427778;27693395;487114;0;415
FR;1;2022-04-01;2239;4025;18492;28534;2481;17362;30806;0;54;42525474;41277851;25500020;369279;42430259;27710757;517920;0;469
FR;1;2022-04-02;911;1894;8196;9240;1106;7959;10233;0;28;42526385;41279745;25508216;378519;42431365;27718716;528153;0;497
FR;1;2022-04-03;207;382;1433;1058;219;1435;1249;0;1;42526592;41280127;25509649;379577;42431584;27720151;529402;0;498
FR;1;2022-04-04;4273;2608;11384;17680;1696;10775;18900;0;30;42530865;41282735;25521033;397257;42433280;27730926;548302;0;528
FR;1;2022-04-05;2261;2722;13007;31222;1705;12033;32603;0;68;42533126;41285457;25534040;428479;42434985;27742959;580905;0;596
FR;1;2022-04-06;1891;3018;12205;23982;1926;11642;25279;0;62;42535017;41288475;25546245;452461;42436911;27754601;606184;0;658
FR;1;2022-04-07;1694;2754;12359;31120;1651;11826;32196;0;68;42536711;41291229;25558604;483581;42438562;27766427;638380;0;726
FR;1;2022-04-08;1847;3712;17570;40648;2098;16500;42701;0;76;42538558;41294941;25576174;524229;42440660;27782927;681081;0;802
FR;1;2022-04-09;827;2000;8406;12504;1078;8106;13502;0;26;42539385;41296941;25584580;536733;42441738;27791033;694583;0;828
FR;1;2022-04-10;202;654;1837;1855;419;1883;2075;0;6;42539587;41297595;25586417;538588;42442157;27792916;696658;0;834
FR;1;2022-04-11;1107;2258;10973;22371;1310;10688;23479;0;68;42540694;41299853;25597390;560959;42443467;27803604;720137;0;902
FR;1;2022-04-12;1352;2679;12829;38146;1593;12317;38898;0;119;42542046;41302532;25610219;599105;42445060;27815921;759035;0;1021
FR;1;2022-04-13;1283;2894;12278;30627;1790;12008;31399;0;85;42543329;41305426;25622497;629732;42446850;27827929;790434;0;1106
FR;1;2022-04-14;1237;2601;12119;33660;1604;12133;34097;0;87;42544566;41308027;25634616;663392;42448454;27840062;824531;0;1193
FR;1;2022-04-15;1511;3339;14409;33269;2154;13814;34672;0;107;42546077;41311366;25649025;696661;42450608;27853876;859203;0;1300
FR;1;2022-04-16;663;1410;5845;8003;767;5777;8757;0;31;42546740;41312776;25654870;704664;42451375;27859653;867960;0;1331
FR;1;2022-04-17;157;290;930;1121;177;975;1171;0;7;42546897;41313066;25655800;705785;42451552;27860628;869131;0;1338
FR;1;2022-04-18;169;484;2636;1002;298;2660;1187;0;5;42547066;41313550;25658436;706787;42451850;27863288;870318;0;1343
FR;1;2022-04-19;1259;2610;11788;27936;1500;11519;28791;0;69;42548325;41316160;25670224;734723;42453350;27874807;899109;0;1412
FR;1;2022-04-20;1360;2674;12179;26886;1678;12031;27711;0;82;42549685;41318834;25682403;761609;42455028;27886838;926820;0;1494
FR;1;2022-04-21;1245;2463;11553;33285;1512;11785;33622;0;107;42550930;41321297;25693956;794894;42456540;27898623;960442;0;1601
FR;1;2022-04-22;1527;3093;15217;35507;1927;14795;36705;0;120;42552457;41324390;25709173;830401;42458467;27913418;997147;0;1721
FR;1;2022-04-23;767;1588;6738;9894;925;6644;10578;0;30;42553224;41325978;25715911;840295;42459392;27920062;1007725;0;1751
FR;1;2022-04-24;195;378;1376;1524;242;1329;1749;0;7;42553419;41326356;25717287;841819;42459634;27921391;1009474;0;1758
FR;1;2022-04-25;1042;2132;9858;19736;1255;9758;20558;0;64;42554461;41328488;25727145;861555;42460889;27931149;1030032;0;1822
FR;1;2022-04-26;1351;2627;12608;36640;1608;12207;37228;0;163;42555812;41331115;25739753;898195;42462497;27943356;1067260;0;1985
FR;1;2022-04-27;1330;2408;10654;29290;1468;10790;29675;0;123;42557142;41333523;25750407;927485;42463965;27954146;1096935;0;2108
FR;1;2022-04-28;1284;2418;11565;34323;1524;11406;34473;0;127;42558426;41335941;25761972;961808;42465489;27965552;1131408;0;2235
FR;1;2022-04-29;1615;4296;14407;35563;3169;13859;36853;0;153;42560041;41340237;25776379;997371;42468658;27979411;1168261;0;2388
FR;1;2022-04-30;841;4336;6448;9173;3763;6292;9974;0;35;42560882;41344573;25782827;1006544;42472421;27985703;1178235;0;2423
FR;1;2022-05-01;178;288;832;951;190;826;1080;0;5;42561060;41344861;25783659;1007495;42472611;27986529;1179315;0;2428
FR;1;2022-05-02;2097;2617;10381;16953;1772;10306;17634;0;64;42563157;41347478;25794040;1024448;42474383;27996835;1196949;0;2492
FR;1;2022-05-03;1687;2879;12712;32915;1763;12604;33714;0;149;42564844;41350357;25806752;1057363;42476146;28009439;1230663;0;2641
FR;1;2022-05-04;1381;2751;11234;23826;1695;11396;24365;0;96;42566225;41353108;25817986;1081189;42477841;28020835;1255028;0;2737
FR;1;2022-05-05;1499;2738;12201;31862;1722;12124;32410;0;170;42567724;41355846;25830187;1113051;42479563;28032959;1287438;0;2907
FR;1;2022-05-06;1822;3242;14242;34941;1919;13826;36203;0;166;42569546;41359088;25844429;1147992;42481482;28046785;1323641;0;3073
FR;1;2022-05-07;860;1473;5979;9097;878;6013;9731;0;44;42570406;41360561;25850408;1157089;42482360;28052798;1333372;0;3117
FR;1;2022-05-08;190;329;1062;1472;221;1124;1548;0;8;42570596;41360890;25851470;1158561;42482581;28053922;1334920;0;3125
FR;1;2022-05-09;1167;2019;9250;19262;1159;9165;20034;0;93;42571763;41362909;25860720;1177823;42483740;28063087;1354954;0;3218
FR;1;2022-05-10;1511;3050;12616;37145;1961;12215;38043;0;177;42573274;41365959;25873336;1214968;42485701;28075302;1392997;0;3395
FR;1;2022-05-11;1441;2478;9912;26042;1696;9860;26559;0;138;42574715;41368437;25883248;1241010;42487397;28085162;1419556;0;3533
FR;1;2022-05-12;1326;2455;10526;33632;1547;10229;34275;0;188;42576041;41370892;25893774;1274642;42488944;28095391;1453831;0;3721
FR;1;2022-05-13;1618;2806;12770;35855;1684;12418;36950;0;149;42577659;41373698;25906544;1310497;42490628;28107809;1490781;0;3870
FR;1;2022-05-14;783;1329;5481;10217;815;5365;10732;0;51;42578442;41375027;25912025;1320714;42491443;28113174;1501513;0;3921
FR;1;2022-05-15;223;422;1182;1352;246;1252;1497;0;5;42578665;41375449;25913207;1322066;42491689;28114426;1503010;0;3926
FR;1;2022-05-16;972;1787;8080;20138;1005;8145;20550;0;117;42579637;41377236;25921287;1342204;42492694;28122571;1523560;0;4043
FR;1;2022-05-17;1296;2303;11126;36187;1386;10730;36973;0;172;42580933;41379539;25932413;1378391;42494080;28133301;1560533;0;4215
FR;1;2022-05-18;1313;2136;9041;25730;1368;8991;26289;0;99;42582246;41381675;25941454;1404121;42495448;28142292;1586822;0;4314
FR;1;2022-05-19;1204;2404;9857;34000;1413;9952;34203;0;150;42583450;41384079;25951311;1438121;42496861;28152244;1621025;0;4464
FR;1;2022-05-20;1563;2757;12532;37655;1720;12113;38515;0;151;42585013;41386836;25963843;1475776;42498581;28164357;1659540;0;4615
FR;1;2022-05-21;775;1387;5247;9374;879;5164;9944;0;37;42585788;41388223;25969090;1485150;42499460;28169521;1669484;0;4652
FR;1;2022-05-22;194;292;953;1397;204;952;1520;0;10;42585982;41388515;25970043;1486547;42499664;28170473;1671004;0;4662
FR;1;2022-05-23;971;1891;8371;19438;1179;8347;20055;0;79;42586953;41390406;25978414;1505985;42500843;28178820;1691059;0;4741
FR;1;2022-05-24;1289;2448;10728;37252;1440;10598;37825;0;173;42588242;41392854;25989142;1543237;42502283;28189418;1728884;0;4914
FR;1;2022-05-25;1272;2300;8793;23694;1425;8957;24056;0;111;42589514;41395154;25997935;1566931;42503708;28198375;1752940;0;5025
FR;1;2022-05-26;175;385;1585;1155;261;1580;1288;0;24;42589689;41395539;25999520;1568086;42503969;28199955;1754228;0;5049
FR;1;2022-05-27;1120;2192;8789;20457;1377;8537;21410;0;84;42590809;41397731;26008309;1588543;42505346;28208492;1775638;0;5133
FR;1;2022-05-28;486;1059;3692;6543;627;3729;6930;0;37;42591295;41398790;26012001;1595086;42505973;28212221;1782568;0;5170
FR;1;2022-05-29;121;257;707;896;149;718;1005;0;4;42591416;41399047;26012708;1595982;42506122;28212939;1783573;0;5174
FR;1;2022-05-30;832;1743;6559;18536;1044;6592;18990;0;85;42592248;41400790;26019267;1614518;42507166;28219531;1802563;0;5259
FR;1;2022-05-31;1266;2239;9248;34376;1370;9118;34976;0;159;42593514;41403029;26028515;1648894;42508536;28228649;1837539;0;5418
FR;1;2022-06-01;1335;2605;10439;23460;1752;10302;24307;0;116;42594849;41405634;26038954;1672354;42510288;28238951;1861846;0;5534
FR;1;2022-06-02;1228;2309;10666;34153;1448;10244;34986;0;162;42596077;41407943;26049620;1706507;42511736;28249195;1896832;0;5696
FR;1;2022-06-03;1447;2749;12735;37111;1740;12156;38287;0;157;42597524;41410692;26062355;1743618;42513476;28261351;1935119;0;5853
FR;1;2022-06-04;686;1262;4750;8677;759;4826;9167;0;62;42598210;41411954;26067105;1752295;42514235;28266177;1944286;0;5915
FR;1;2022-06-05;134;292;811;1049;150;835;1154;0;3;42598344;41412246;26067916;1753344;42514385;28267012;1945440;0;5918
FR;1;2022-06-06;839;1196;2028;1252;1018;2047;1427;0;9;42599183;41413442;26069944;1754596;42515403;28269059;1946867;0;5927
FR;1;2022-06-07;1264;2343;9184;34056;1440;8844;35155;0;143;42600447;41415785;26079128;1788652;42516843;28277903;1982022;0;6070
FR;1;2022-06-08;1138;2239;8682;27613;1402;8566;28484;0;107;42601585;41418024;26087810;1816265;42518245;28286469;2010506;0;6177
FR;1;2022-06-09;1076;2151;9987;37569;1282;9672;38336;0;148;42602661;41420175;26097797;1853834;42519527;28296141;2048842;0;6325
FR;1;2022-06-10;1336;2860;12424;43134;1823;12015;44363;0;200;42603997;41423035;26110221;1896968;42521350;28308156;2093205;0;6525
FR;1;2022-06-11;661;1450;5136;11085;797;5185;11614;0;50;42604658;41424485;26115357;1908053;42522147;28313341;2104819;0;6575
FR;1;2022-06-12;157;377;1019;1687;189;1077;1788;0;11;42604815;41424862;26116376;1909740;42522336;28314418;2106607;0;6586
FR;1;2022-06-13;948;1840;7014;22226;1135;6871;23067;0;84;42605763;41426702;26123390;1931966;42523471;28321289;2129674;0;6670
FR;1;2022-06-14;1117;2232;9840;42851;1312;9243;43943;0;186;42606880;41428934;26133230;1974817;42524783;28330532;2173617;0;6856
FR;1;2022-06-15;1094;2011;8788;29393;1362;8476;29941;0;169;42607974;41430945;26142018;2004210;42526145;28339008;2203558;0;7025
FR;1;2022-06-16;959;1840;9404;38510;1061;8882;39417;0;188;42608933;41432785;26151422;2042720;42527206;28347890;2242975;0;7213
FR;1;2022-06-17;1229;2568;11916;44864;1483;11382;46004;0;224;42610162;41435353;26163338;2087584;42528689;28359272;2288979;0;7437
FR;1;2022-06-18;564;1277;4319;10544;717;4258;11086;0;62;42610726;41436630;26167657;2098128;42529406;28363530;2300065;0;7499
FR;1;2022-06-19;137;325;1003;1543;173;1082;1609;0;12;42610863;41436955;26168660;2099671;42529579;28364612;2301674;0;7511
FR;1;2022-06-20;861;1709;8493;25049;1008;8157;25910;0;146;42611724;41438664;26177153;2124720;42530587;28372769;2327584;0;7657
FR;1;2022-06-21;1102;2140;9765;47760;1256;8856;49105;0;241;42612826;41440804;26186918;2172480;42531843;28381625;2376689;0;7898
FR;1;2022-06-22;1045;2073;8442;37162;1300;7963;38022;0;231;42613871;41442877;26195360;2209642;42533143;28389588;2414711;0;8129
FR;1;2022-06-23;1054;2181;10124;52819;1210;9408;53828;0;290;42614925;41445058;26205484;2262461;42534353;28398996;2468539;0;8419
FR;1;2022-06-24;1256;2719;12916;65969;1487;11700;67641;0;367;42616181;41447777;26218400;2328430;42535840;28410696;2536180;0;8786
FR;1;2022-06-25;685;1506;5931;18922;792;5713;19721;0;163;42616866;41449283;26224331;2347352;42536632;28416409;2555901;0;8949
FR;1;2022-06-26;167;406;1817;3494;191;1713;3730;0;34;42617033;41449689;26226148;2350846;42536823;28418122;2559631;0;8983
FR;1;2022-06-27;945;1777;9901;45979;943;9127;47114;0;300;42617978;41451466;26236049;2396825;42537766;28427249;2606745;0;9283
FR;1;2022-06-28;1215;2576;13844;86577;1381;12406;88264;0;569;42619193;41454042;26249893;2483402;42539147;28439655;2695009;0;9852
FR;1;2022-06-29;1242;2295;11482;67402;1259;10549;68447;0;487;42620435;41456337;26261375;2550804;42540406;28450204;2763456;0;10339
FR;1;2022-06-30;1290;2486;13518;89967;1437;11828;91769;0;645;42621725;41458823;26274893;2640771;42541843;28462032;2855225;0;10984
FR;1;2022-07-01;1659;3482;20314;109200;1992;17970;111596;0;859;42623384;41462305;26295207;2749971;42543835;28480002;2966821;0;11843
FR;1;2022-07-02;770;1527;8024;33776;751;7253;34802;0;315;42624154;41463832;26303231;2783747;42544586;28487255;3001623;0;12158
FR;1;2022-07-03;229;480;1943;6118;257;1759;6444;0;71;42624383;41464312;26305174;2789865;42544843;28489014;3008067;0;12229
FR;1;2022-07-04;1665;3179;13935;75420;2063;12362;77309;0;589;42626048;41467491;26319109;2865285;42546906;28501376;3085376;0;12818
FR;1;2022-07-05;1506;2858;17691;126371;1512;15147;128485;0;1060;42627554;41470349;26336800;2991656;42548418;28516523;3213861;0;13878
FR;1;2022-07-06;1376;2405;14888;93747;1384;12912;95183;0;815;42628930;41472754;26351688;3085403;42549802;28529435;3309044;0;14693
FR;1;2022-07-07;1444;2539;16938;119493;1407;14009;121588;0;1074;42630374;41475293;26368626;3204896;42551209;28543444;3430632;0;15767
FR;1;2022-07-08;1534;2823;19608;130003;1541;15971;132808;0;1220;42631908;41478116;26388234;3334899;42552750;28559415;3563440;0;16987
FR;1;2022-07-09;663;1281;7310;36022;699;6353;36809;0;392;42632571;41479397;26395544;3370921;42553449;28565768;3600249;0;17379
FR;1;2022-07-10;245;657;2240;6689;412;2032;7068;0;89;42632816;41480054;26397784;3377610;42553861;28567800;3607317;0;17468
FR;1;2022-07-11;1239;2243;14320;84455;1178;11942;86565;0;734;42634055;41482297;26412104;3462065;42555039;28579742;3693882;0;18202
FR;1;2022-07-12;1604;2804;19464;137423;1441;15902;139914;0;1485;42635659;41485101;26431568;3599488;42556480;28595644;3833796;0;19687
FR;1;2022-07-13;1461;2439;14791;89838;1316;12644;91523;0;1002;42637120;41487540;26446359;3689326;42557796;28608288;3925319;0;20689
FR;1;2022-07-14;162;350;1865;5290;195;1774;5437;0;74;42637282;41487890;26448224;3694616;42557991;28610062;3930756;0;20763
FR;1;2022-07-15;1266;2319;14364;80599;1206;12007;82603;0;960;42638548;41490209;26462588;3775215;42559197;28622069;4013359;0;21723
FR;1;2022-07-16;514;1064;5641;23949;556;4894;24590;0;302;42639062;41491273;26468229;3799164;42559753;28626963;4037949;0;22025
FR;1;2022-07-17;163;369;1656;4464;193;1501;4727;0;60;42639225;41491642;26469885;3803628;42559946;28628464;4042676;0;22085
FR;1;2022-07-18;975;2036;11301;59281;1147;9571;61005;0;715;42640200;41493678;26481186;3862909;42561093;28638035;4103681;0;22800
FR;1;2022-07-19;1235;2132;14695;99429;1196;11727;101426;0;1386;42641435;41495810;26495881;3962338;42562289;28649762;4205107;0;24186
FR;1;2022-07-20;1184;2007;12372;74374;1173;10283;75859;0;964;42642619;41497817;26508253;4036712;42563462;28660045;4280966;0;25150
FR;1;2022-07-21;1137;1954;12418;84546;1188;9994;85911;0;1211;42643756;41499771;26520671;4121258;42564650;28670039;4366877;0;26361
FR;1;2022-07-22;1273;2245;14111;85963;1256;11434;87688;0;1264;42645029;41502016;26534782;4207221;42565906;28681473;4454565;0;27625
FR;1;2022-07-23;548;1093;5236;21296;634;4610;21841;0;373;42645577;41503109;26540018;4228517;42566540;28686083;4476406;0;27998
FR;1;2022-07-24;148;306;1327;3700;153;1168;3925;0;65;42645725;41503415;26541345;4232217;42566693;28687251;4480331;0;28063
FR;1;2022-07-25;890;1634;9076;46124;984;7526;47497;0;680;42646615;41505049;26550421;4278341;42567677;28694777;4527828;0;28743
FR;1;2022-07-26;1136;1964;12681;81968;1121;10336;83582;0;1198;42647751;41507013;26563102;4360309;42568798;28705113;4611410;0;29941
FR;1;2022-07-27;1021;1729;9760;58521;1046;8138;59702;0;874;42648772;41508742;26572862;4418830;42569844;28713251;4671112;0;30815
FR;1;2022-07-28;982;1705;9857;61913;1113;7854;63139;0;967;42649754;41510447;26582719;4480743;42570957;28721105;4734251;0;31782
FR;1;2022-07-29;1112;1845;10461;62989;1171;8385;64303;0;1066;42650866;41512292;26593180;4543732;42572128;28729490;4798554;0;32848
FR;1;2022-07-30;395;726;3349;14491;442;2849;14851;0;279;42651261;41513018;26596529;4558223;42572570;28732339;4813405;0;33127
FR;1;2022-07-31;141;264;900;2335;159;766;2477;0;47;42651402;41513282;26597429;4560558;42572729;28733105;4815882;0;33174
FR;1;2022-08-01;869;1472;7260;28967;1086;6122;29960;0;519;42652271;41514754;26604689;4589525;42573815;28739227;4845842;0;33693
FR;1;2022-08-02;928;1486;8237;54037;999;6633;54687;0;1091;42653199;41516240;26612926;4643562;42574814;28745860;4900529;0;34784
FR;1;2022-08-03;738;1107;6157;37044;752;4939;37774;0;645;42653937;41517347;26619083;4680606;42575566;28750799;4938303;0;35429
FR;1;2022-08-04;651;1080;6263;41453;696;5058;42007;0;850;42654588;41518427;26625346;4722059;42576262;28755857;4980310;0;36279
FR;1;2022-08-05;743;1198;6766;43078;809;5436;43706;0;933;42655331;41519625;26632112;4765137;42577071;28761293;5024016;0;37212
FR;1;2022-08-06;277;463;1993;8999;303;1674;9191;0;218;42655608;41520088;26634105;4774136;42577374;28762967;5033207;0;37430
FR;1;2022-08-07;89;148;520;1557;104;436;1630;0;35;42655697;41520236;26634625;4775693;42577478;28763403;5034837;0;37465
FR;1;2022-08-08;575;1076;3806;21229;831;3140;21627;0;457;42656272;41521312;26638431;4796922;42578309;28766543;5056464;0;37922
FR;1;2022-08-09;668;1056;5683;38473;746;4558;38967;0;794;42656940;41522368;26644114;4835395;42579055;28771101;5095431;0;38716
FR;1;2022-08-10;568;1183;4434;26915;884;3635;27228;0;601;42657508;41523551;26648548;4862310;42579939;28774736;5122659;0;39317
FR;1;2022-08-11;566;919;4314;28210;631;3588;28538;0;634;42658074;41524470;26652862;4890520;42580570;28778324;5151197;0;39951
FR;1;2022-08-12;732;1042;4555;27171;719;3762;27583;0;668;42658806;41525512;26657417;4917691;42581289;28782086;5178780;0;40619
FR;1;2022-08-13;318;371;1248;5111;263;1066;5282;0;116;42659124;41525883;26658665;4922802;42581552;28783152;5184062;0;40735
FR;1;2022-08-14;67;115;277;871;96;236;941;0;24;42659191;41525998;26658942;4923673;42581648;28783388;5185003;0;40759
FR;1;2022-08-15;112;216;574;542;185;535;593;0;16;42659303;41526214;26659516;4924215;42581833;28783923;5185596;0;40775
FR;1;2022-08-16;550;953;3792;21490;712;3221;21691;0;582;42659853;41527167;26663308;4945705;42582545;28787144;5207287;0;41357
FR;1;2022-08-17;548;915;3769;22149;682;3195;22391;0;579;42660401;41528082;26667077;4967854;42583227;28790339;5229678;0;41936
FR;1;2022-08-18;562;898;3942;25451;699;3141;25673;0;630;42660963;41528980;26671019;4993305;42583926;28793480;5255351;0;42566
FR;1;2022-08-19;537;1050;4369;26547;749;3601;26855;0;732;42661500;41530030;26675388;5019852;42584675;28797081;5282206;0;43298
FR;1;2022-08-20;250;422;1290;5371;322;1107;5524;0;138;42661750;41530452;26676678;5025223;42584997;28798188;5287730;0;43436
FR;1;2022-08-21;84;112;287;990;77;253;1013;0;27;42661834;41530564;26676965;5026213;42585074;28798441;5288743;0;43463
FR;1;2022-08-22;511;899;3141;14956;673;2713;15232;0;411;42662345;41531463;26680106;5041169;42585747;28801154;5303975;0;43874
FR;1;2022-08-23;655;1063;4153;28323;747;3486;28403;0;830;42663000;41532526;26684259;5069492;42586494;28804640;5332378;0;44704
FR;1;2022-08-24;568;838;3403;19069;660;2772;19254;0;587;42663568;41533364;26687662;5088561;42587154;28807412;5351632;0;45291
FR;1;2022-08-25;565;936;3831;22919;653;3214;23148;0;655;42664133;41534300;26691493;5111480;42587807;28810626;5374780;0;45946
FR;1;2022-08-26;754;1137;4350;25157;810;3568;25532;0;745;42664887;41535437;26695843;5136637;42588617;28814194;5400312;0;46691
FR;1;2022-08-27;221;432;1324;5308;277;1191;5362;0;192;42665108;41535869;26697167;5141945;42588894;28815385;5405674;0;46883
FR;1;2022-08-28;113;147;298;899;106;280;948;0;33;42665221;41536016;26697465;5142844;42589000;28815665;5406622;0;46916
FR;1;2022-08-29;505;858;2979;14256;635;2519;14566;0;409;42665726;41536874;26700444;5157100;42589635;28818184;5421188;0;47325
FR;1;2022-08-30;745;1111;4626;27712;788;3776;28033;0;793;42666471;41537985;26705070;5184812;42590423;28821960;5449221;0;48118
FR;1;2022-08-31;587;835;3114;17241;614;2624;17503;0;483;42667058;41538820;26708184;5202053;42591037;28824584;5466724;0;48601
FR;1;2022-09-01;698;927;4333;21885;652;3693;22147;0;587;42667756;41539747;26712517;5223938;42591689;28828277;5488871;0;49188
FR;1;2022-09-02;858;1061;4886;27865;760;4083;28153;0;882;42668614;41540808;26717403;5251803;42592449;28832360;5517024;0;50070
FR;1;2022-09-03;321;511;1833;5876;349;1595;6105;0;174;42668935;41541319;26719236;5257679;42592798;28833955;5523129;0;50244
FR;1;2022-09-04;109;137;341;845;73;334;915;0;21;42669044;41541456;26719577;5258524;42592871;28834289;5524044;0;50265
FR;1;2022-09-05;692;870;3050;15698;693;2556;15982;0;499;42669736;41542326;26722627;5274222;42593564;28836845;5540026;0;50764
FR;1;2022-09-06;832;965;4572;31063;612;3712;31284;0;1002;42670568;41543291;26727199;5305285;42594176;28840557;5571310;0;51766
FR;1;2022-09-07;607;703;2921;16444;465;2425;16581;0;550;42671175;41543994;26730120;5321729;42594641;28842982;5587891;0;52316
FR;1;2022-09-08;582;796;3701;24224;543;3041;24305;0;796;42671757;41544790;26733821;5345953;42595184;28846023;5612196;0;53112
FR;1;2022-09-09;777;976;4307;26897;616;3597;27078;0;903;42672534;41545766;26738128;5372850;42595800;28849620;5639274;0;54015
FR;1;2022-09-10;347;572;1679;5590;402;1479;5782;0;203;42672881;41546338;26739807;5378440;42596202;28851099;5645056;0;54218
FR;1;2022-09-11;106;120;313;646;82;293;703;0;17;42672987;41546458;26740120;5379086;42596284;28851392;5645759;0;54235
FR;1;2022-09-12;482;606;2616;12954;427;2233;13234;0;462;42673469;41547064;26742736;5392040;42596711;28853625;5658993;0;54697
FR;1;2022-09-13;640;829;3868;25845;540;3382;25719;0;834;42674109;41547893;26746604;5417885;42597251;28857007;5684712;0;55531
FR;1;2022-09-14;622;724;2881;15702;508;2412;15938;0;537;42674731;41548617;26749485;5433587;42597759;28859419;5700650;0;56068
FR;1;2022-09-15;532;774;3342;23092;547;2847;23156;0;679;42675263;41549391;26752827;5456679;42598306;28862266;5723806;0;56747
FR;1;2022-09-16;726;944;4018;25347;629;3390;25549;0;891;42675989;41550335;26756845;5482026;42598935;28865656;5749355;0;57638
FR;1;2022-09-17;303;428;1397;5979;300;1222;6087;0;227;42676292;41550763;26758242;5488005;42599235;28866878;5755442;0;57865
FR;1;2022-09-18;99;126;310;924;103;278;980;0;34;42676391;41550889;26758552;5488929;42599338;28867156;5756422;0;57899
FR;1;2022-09-19;400;577;2142;12864;379;1837;13018;0;414;42676791;41551466;26760694;5501793;42599717;28868993;5769440;0;58313
FR;1;2022-09-20;564;838;3669;25830;586;3066;25870;0;854;42677355;41552304;26764363;5527623;42600303;28872059;5795310;0;59167
FR;1;2022-09-21;484;690;2628;15862;490;2256;15826;0;561;42677839;41552994;26766991;5543485;42600793;28874315;5811136;0;59728
FR;1;2022-09-22;549;775;3295;22968;514;2694;23156;0;744;42678388;41553769;26770286;5566453;42601307;28877009;5834292;0;60472
FR;1;2022-09-23;767;944;4353;28163;678;3634;28326;0;981;42679155;41554713;26774639;5594616;42601985;28880643;5862618;0;61453
FR;1;2022-09-24;356;539;1590;6706;379;1372;6880;0;300;42679511;41555252;26776229;5601322;42602364;28882015;5869498;0;61753
FR;1;2022-09-25;81;157;321;1072;111;293;1110;0;32;42679592;41555409;26776550;5602394;42602475;28882308;5870608;0;61785
FR;1;2022-09-26;383;654;2182;13077;432;1935;13171;0;412;42679975;41556063;26778732;5615471;42602907;28884243;5883779;0;62197
FR;1;2022-09-27;542;767;3458;25025;541;2794;25223;0;906;42680517;41556830;26782190;5640496;42603448;28887037;5909002;0;63103
FR;1;2022-09-28;525;720;2448;14971;507;2217;15060;0;597;42681042;41557550;26784638;5655467;42603955;28889254;5924062;0;63700
FR;1;2022-09-29;504;697;2999;20365;487;2523;20380;0;767;42681546;41558247;26787637;5675832;42604442;28891777;5944442;0;64467
FR;1;2022-09-30;694;994;3776;24429;702;3160;24677;0;970;42682240;41559241;26791413;5700261;42605144;28894937;5969119;0;65437
FR;1;2022-10-01;352;610;1905;5507;446;1659;5733;0;273;42682592;41559851;26793318;5705768;42605590;28896596;5974852;0;65710
FR;1;2022-10-02;56;120;204;568;82;204;589;0;29;42682648;41559971;26793522;5706336;42605672;28896800;5975441;0;65739
FR;1;2022-10-03;524;857;2225;10042;701;1985;10210;0;489;42683172;41560828;26795747;5716378;42606373;28898785;5985651;0;66228
FR;1;2022-10-04;639;738;2930;18922;506;2481;19010;0;1086;42683811;41561566;26798677;5735300;42606879;28901266;6004661;0;67314
FR;1;2022-10-05;481;726;2099;11114;500;1872;11243;0;723;42684292;41562292;26800776;5746414;42607379;28903138;6015904;0;68037
FR;1;2022-10-06;451;643;2497;15777;465;2062;15959;0;1062;42684743;41562935;26803273;5762191;42607844;28905200;6031863;0;69099
FR;1;2022-10-07;557;770;2693;16068;569;2310;16092;0;1161;42685300;41563705;26805966;5778259;42608413;28907510;6047955;0;70260
FR;1;2022-10-08;242;315;888;3171;248;776;3276;0;291;42685542;41564020;26806854;5781430;42608661;28908286;6051231;0;70551
FR;1;2022-10-09;76;88;151;461;78;135;487;0;51;42685618;41564108;26807005;5781891;42608739;28908421;6051718;0;70602
FR;1;2022-10-10;313;555;1323;4999;462;1240;5095;0;463;42685931;41564663;26808328;5786890;42609201;28909661;6056813;0;71065
FR;1;2022-10-11;334;456;1316;8086;341;1198;8187;0;758;42686265;41565119;26809644;5794976;42609542;28910859;6065000;0;71823
FR;1;2022-10-12;346;480;1078;5222;367;1075;5239;0;521;42686611;41565599;26810722;5800198;42609909;28911934;6070239;0;72344
FR;1;2022-10-13;335;448;1078;6099;358;935;6146;0;629;42686946;41566047;26811800;5806297;42610267;28912869;6076385;0;72973
FR;1;2022-10-14;412;552;1175;6711;467;1048;6780;0;676;42687358;41566599;26812975;5813008;42610734;28913917;6083165;0;73649
FR;1;2022-10-15;212;340;531;1860;292;514;1868;0;226;42687570;41566939;26813506;5814868;42611026;28914431;6085033;0;73875
FR;1;2022-10-16;47;67;111;296;48;118;315;0;48;42687617;41567006;26813617;5815164;42611074;28914549;6085348;0;73923
FR;1;2022-10-17;237;335;740;2653;267;696;2698;0;366;42687854;41567341;26814357;5817817;42611341;28915245;6088046;0;74289
FR;1;2022-10-18;265;319;954;4596;257;833;4698;0;866;42688119;41567660;26815311;5822413;42611598;28916078;6092744;0;75155
FR;1;2022-10-19;286;404;697;3185;337;666;3164;0;502;42688405;41568064;26816008;5825598;42611935;28916744;6095908;0;75657
FR;1;2022-10-20;288;352;903;4369;299;795;4404;0;771;42688693;41568416;26816911;5829967;42612234;28917539;6100312;0;76428
FR;1;2022-10-21;304;420;847;3806;371;743;3878;0;675;42688997;41568836;26817758;5833773;42612605;28918282;6104190;0;77103
FR;1;2022-10-22;135;184;306;1253;162;300;1218;0;210;42689132;41569020;26818064;5835026;42612767;28918582;6105408;0;77313
FR;1;2022-10-23;33;43;65;197;41;59;213;0;25;42689165;41569063;26818129;5835223;42612808;28918641;6105621;0;77338
FR;1;2022-10-24;272;236;479;1603;204;476;1660;0;306;42689437;41569299;26818608;5836826;42613012;28919117;6107281;0;77644
FR;1;2022-10-25;222;258;526;2651;227;447;2707;0;487;42689659;41569557;26819134;5839477;42613239;28919564;6109988;0;78131
FR;1;2022-10-26;235;251;393;1958;239;370;1965;0;438;42689894;41569808;26819527;5841435;42613478;28919934;6111953;0;78569
FR;1;2022-10-27;260;234;490;2167;206;509;2151;0;518;42690154;41570042;26820017;5843602;42613684;28920443;6114104;0;79087
FR;1;2022-10-28;312;332;534;2335;311;471;2402;0;478;42690466;41570374;26820551;5845937;42613995;28920914;6116506;0;79565
FR;1;2022-10-29;99;155;176;712;125;210;703;0;203;42690565;41570529;26820727;5846649;42614120;28921124;6117209;0;79768
FR;1;2022-10-30;38;48;62;184;40;56;189;0;38;42690603;41570577;26820789;5846833;42614160;28921180;6117398;0;79806
FR;1;2022-10-31;135;188;295;796;167;273;863;0;143;42690738;41570765;26821084;5847629;42614327;28921453;6118261;0;79949
FR;1;2022-11-01;67;132;767;115;114;767;134;0;19;42690805;41570897;26821851;5847744;42614441;28922220;6118395;0;79968
FR;1;2022-11-02;269;245;530;985;241;496;1048;0;356;42691074;41571142;26822381;5848729;42614682;28922716;6119443;0;80324
FR;1;2022-11-03;272;238;442;1379;223;403;1418;0;377;42691346;41571380;26822823;5850108;42614905;28923119;6120861;0;80701
FR;1;2022-11-04;232;262;424;1597;242;401;1637;0;438;42691578;41571642;26823247;5851705;42615147;28923520;6122498;0;81139
FR;1;2022-11-05;100;128;273;503;117;255;525;0;111;42691678;41571770;26823520;5852208;42615264;28923775;6123023;0;81250
FR;1;2022-11-06;36;47;32;131;46;35;129;0;33;42691714;41571817;26823552;5852339;42615310;28923810;6123152;0;81283
FR;1;2022-11-07;213;258;325;899;245;318;944;0;211;42691927;41572075;26823877;5853238;42615555;28924128;6124096;0;81494
FR;1;2022-11-08;231;262;472;1709;250;417;1738;0;524;42692158;41572337;26824349;5854947;42615805;28924545;6125834;0;82018
FR;1;2022-11-09;195;253;336;1104;241;302;1141;0;477;42692353;41572590;26824685;5856051;42616046;28924847;6126975;0;82495
FR;1;2022-11-10;215;363;434;1680;355;442;1669;0;605;42692568;41572953;26825119;5857731;42616401;28925289;6128644;0;83100
FR;1;2022-11-11;34;47;105;100;45;91;114;0;44;42692602;41573000;26825224;5857831;42616446;28925380;6128758;0;83144
FR;1;2022-11-12;95;150;257;375;137;256;390;0;101;42692697;41573150;26825481;5858206;42616583;28925636;6129148;0;83245
FR;1;2022-11-13;25;56;28;64;53;31;66;0;26;42692722;41573206;26825509;5858270;42616636;28925667;6129214;0;83271
FR;1;2022-11-14;173;183;271;768;171;275;838;0;235;42692895;41573389;26825780;5859038;42616807;28925942;6130052;0;83506
FR;1;2022-11-15;227;397;394;1300;396;372;1338;0;436;42693122;41573786;26826174;5860338;42617203;28926314;6131390;0;83942
FR;1;2022-11-16;196;271;335;983;265;349;1017;0;359;42693318;41574057;26826509;5861321;42617468;28926663;6132407;0;84301
FR;1;2022-11-17;171;209;297;1207;203;273;1211;0;387;42693489;41574266;26826806;5862528;42617671;28926936;6133618;0;84688
FR;1;2022-11-18;228;268;394;1315;260;383;1349;0;411;42693717;41574534;26827200;5863843;42617931;28927319;6134967;0;85099
FR;1;2022-11-19;120;115;249;441;114;214;474;0;102;42693837;41574649;26827449;5864284;42618045;28927533;6135441;0;85201
FR;1;2022-11-20;35;127;31;66;123;33;74;0;28;42693872;41574776;26827480;5864350;42618168;28927566;6135515;0;85229
FR;1;2022-11-21;175;170;271;640;143;287;677;0;211;42694047;41574946;26827751;5864990;42618311;28927853;6136192;0;85440
FR;1;2022-11-22;157;168;417;1160;151;398;1185;0;409;42694204;41575114;26828168;5866150;42618462;28928251;6137377;0;85849
FR;1;2022-11-23;179;184;246;763;168;247;786;0;241;42694383;41575298;26828414;5866913;42618630;28928498;6138163;0;86090
FR;1;2022-11-24;138;170;288;1203;151;300;1207;0;440;42694521;41575468;26828702;5868116;42618781;28928798;6139370;0;86530
FR;1;2022-11-25;210;246;426;1154;232;415;1186;0;392;42694731;41575714;26829128;5869270;42619013;28929213;6140556;0;86922
FR;1;2022-11-26;90;109;113;323;101;125;311;0;118;42694821;41575823;26829241;5869593;42619114;28929338;6140867;0;87040
FR;1;2022-11-27;21;38;19;72;28;31;78;0;49;42694842;41575861;26829260;5869665;42619142;28929369;6140945;0;87089
FR;1;2022-11-28;210;146;209;665;153;205;708;0;332;42695052;41576007;26829469;5870330;42619295;28929574;6141653;0;87421
FR;1;2022-11-29;171;145;269;1107;130;251;1119;0;458;42695223;41576152;26829738;5871437;42619425;28929825;6142772;0;87879
FR;1;2022-11-30;161;208;235;938;194;238;960;0;322;42695384;41576360;26829973;5872375;42619619;28930063;6143732;0;88201
FR;1;2022-12-01;165;158;715;1097;146;680;1146;0;379;42695549;41576518;26830688;5873472;42619765;28930743;6144878;0;88580
FR;1;2022-12-02;200;199;516;1186;194;512;1234;0;470;42695749;41576717;26831204;5874658;42619959;28931255;6146112;0;89050
FR;1;2022-12-03;102;111;262;532;99;240;529;0;180;42695851;41576828;26831466;5875190;42620058;28931495;6146641;0;89230
FR;1;2022-12-04;27;27;19;138;24;20;129;0;58;42695878;41576855;26831485;5875328;42620082;28931515;6146770;0;89288
FR;1;2022-12-05;146;156;303;867;153;297;899;0;316;42696024;41577011;26831788;5876195;42620235;28931812;6147669;0;89604
FR;1;2022-12-06;156;164;274;1449;149;279;1455;0;739;42696180;41577175;26832062;5877644;42620384;28932091;6149124;0;90343
FR;1;2022-12-07;155;166;255;1187;175;235;1203;0;576;42696335;41577341;26832317;5878831;42620559;28932326;6150327;0;90919
FR;1;2022-12-08;130;143;302;1756;135;259;1797;0;765;42696465;41577484;26832619;5880587;42620694;28932585;6152124;0;91684
FR;1;2022-12-09;202;196;356;1815;169;364;1836;0;721;42696667;41577680;26832975;5882402;42620863;28932949;6153960;0;92405
FR;1;2022-12-10;116;139;341;856;126;324;877;0;292;42696783;41577819;26833316;5883258;42620989;28933273;6154837;0;92697
FR;1;2022-12-11;31;30;32;218;27;30;200;0;62;42696814;41577849;26833348;5883476;42621016;28933303;6155037;0;92759
FR;1;2022-12-12;128;102;295;1099;98;283;1111;0;457;42696942;41577951;26833643;5884575;42621114;28933586;6156148;0;93216
FR;1;2022-12-13;125;127;292;1307;101;267;1321;0;618;42697067;41578078;26833935;5885882;42621215;28933853;6157469;0;93834
FR;1;2022-12-14;105;154;255;867;148;234;892;0;372;42697172;41578232;26834190;5886749;42621363;28934087;6158361;0;94206
FR;1;2022-12-15;139;177;452;1492;165;422;1517;0;691;42697311;41578409;26834642;5888241;42621528;28934509;6159878;0;94897
FR;1;2022-12-16;205;217;566;1344;220;551;1366;0;623;42697516;41578626;26835208;5889585;42621748;28935060;6161244;0;95520
FR;1;2022-12-17;88;93;224;467;82;219;475;0;204;42697604;41578719;26835432;5890052;42621830;28935279;6161719;0;95724
FR;1;2022-12-18;17;22;27;112;19;29;108;0;37;42697621;41578741;26835459;5890164;42621849;28935308;6161827;0;95761
FR;1;2022-12-19;151;131;249;791;139;220;834;0;381;42697772;41578872;26835708;5890955;42621988;28935528;6162661;0;96142
FR;1;2022-12-20;145;161;353;905;148;347;911;0;427;42697917;41579033;26836061;5891860;42622136;28935875;6163572;0;96569
FR;1;2022-12-21;137;111;214;638;121;180;646;0;388;42698054;41579144;26836275;5892498;42622257;28936055;6164218;0;96957
FR;1;2022-12-22;147;111;165;552;121;150;542;0;326;42698201;41579255;26836440;5893050;42622378;28936205;6164760;0;97283
FR;1;2022-12-23;130;155;456;419;138;446;426;0;182;42698331;41579410;26836896;5893469;42622516;28936651;6165186;0;97465
FR;1;2022-12-24;30;27;33;56;29;32;63;0;21;42698361;41579437;26836929;5893525;42622545;28936683;6165249;0;97486
FR;1;2022-12-25;4;11;20;12;12;14;15;0;11;42698365;41579448;26836949;5893537;42622557;28936697;6165264;0;97497
FR;1;2022-12-26;94;90;248;251;89;253;257;0;93;42698459;41579538;26837197;5893788;42622646;28936950;6165521;0;97590
FR;1;2022-12-27;117;159;310;387;150;316;402;0;180;42698576;41579697;26837507;5894175;42622796;28937266;6165923;0;97770
FR;1;2022-12-28;106;143;203;270;128;206;281;0;126;42698682;41579840;26837710;5894445;42622924;28937472;6166204;0;97896
FR;1;2022-12-29;105;103;154;282;103;153;303;0;114;42698787;41579943;26837864;5894727;42623027;28937625;6166507;0;98010
FR;1;2022-12-30;126;123;88;258;115;93;268;0;143;42698913;41580066;26837952;5894985;42623142;28937718;6166775;0;98153
FR;1;2022-12-31;38;35;28;74;40;25;74;0;25;42698951;41580101;26837980;5895059;42623182;28937743;6166849;0;98178
FR;1;2023-01-01;6;12;61;22;12;57;27;0;10;42698957;41580113;26838041;5895081;42623194;28937800;6166876;0;98188
FR;1;2023-01-02;180;128;668;169;134;650;192;0;64;42699137;41580241;26838709;5895250;42623328;28938450;6167068;0;98252
FR;1;2023-01-03;164;96;368;207;94;361;215;0;146;42699301;41580337;26839077;5895457;42623422;28938811;6167283;0;98398
FR;1;2023-01-04;94;91;246;198;92;247;208;0;193;42699395;41580428;26839323;5895655;42623514;28939058;6167491;0;98591
FR;1;2023-01-05;147;123;172;334;133;173;335;0;206;42699542;41580551;26839495;5895989;42623647;28939231;6167826;0;98797
FR;1;2023-01-06;198;143;224;325;146;210;350;0;230;42699740;41580694;26839719;5896314;42623793;28939441;6168176;0;99027
FR;1;2023-01-07;106;89;175;147;92;158;164;0;92;42699846;41580783;26839894;5896461;42623885;28939599;6168340;0;99119
FR;1;2023-01-08;26;18;30;59;17;25;64;0;24;42699872;41580801;26839924;5896520;42623902;28939624;6168404;0;99143
FR;1;2023-01-09;138;121;133;135;117;141;153;0;115;42700010;41580922;26840057;5896655;42624019;28939765;6168557;0;99258
FR;1;2023-01-10;117;117;279;277;117;284;277;0;192;42700127;41581039;26840336;5896932;42624136;28940049;6168834;0;99450
FR;1;2023-01-11;105;108;91;209;117;95;221;0;96;42700232;41581147;26840427;5897141;42624253;28940144;6169055;0;99546
FR;1;2023-01-12;132;116;213;243;111;213;268;0;166;42700364;41581263;26840640;5897384;42624364;28940357;6169323;0;99712
FR;1;2023-01-13;216;160;171;285;158;170;306;0;188;42700580;41581423;26840811;5897669;42624522;28940527;6169629;0;99900
FR;1;2023-01-14;89;63;161;104;65;171;103;0;62;42700669;41581486;26840972;5897773;42624587;28940698;6169732;0;99962
FR;1;2023-01-15;23;36;31;42;33;31;46;0;30;42700692;41581522;26841003;5897815;42624620;28940729;6169778;0;99992
FR;1;2023-01-16;113;104;310;155;98;314;133;0;100;42700805;41581626;26841313;5897970;42624718;28941043;6169911;0;100092
FR;1;2023-01-17;113;100;167;214;99;164;241;0;128;42700918;41581726;26841480;5898184;42624817;28941207;6170152;0;100220
FR;1;2023-01-18;99;88;96;143;87;91;184;0;121;42701017;41581814;26841576;5898327;42624904;28941298;6170336;0;100341
FR;1;2023-01-19;113;78;102;134;77;114;134;0;135;42701130;41581892;26841678;5898461;42624981;28941412;6170470;0;100476
FR;1;2023-01-20;168;146;165;277;149;193;266;0;203;42701298;41582038;26841843;5898738;42625130;28941605;6170736;0;100679
FR;1;2023-01-21;58;71;91;85;71;102;75;0;35;42701356;41582109;26841934;5898823;42625201;28941707;6170811;0;100714
FR;1;2023-01-22;10;9;13;21;7;9;25;0;14;42701366;41582118;26841947;5898844;42625208;28941716;6170836;0;100728
FR;1;2023-01-23;88;84;108;100;87;100;119;0;85;42701454;41582202;26842055;5898944;42625295;28941816;6170955;0;100813
FR;1;2023-01-24;121;75;71;122;88;69;131;0;183;42701575;41582277;26842126;5899066;42625383;28941885;6171086;0;100996
FR;1;2023-01-25;98;118;77;108;119;77;124;0;106;42701673;41582395;26842203;5899174;42625502;28941962;6171210;0;101102
FR;1;2023-01-26;105;105;61;152;94;66;173;0;107;42701778;41582500;26842264;5899326;42625596;28942028;6171383;0;101209
FR;1;2023-01-27;172;215;104;137;231;121;137;0;199;42701950;41582715;26842368;5899463;42625827;28942149;6171520;0;101408
FR;1;2023-01-28;73;74;55;40;76;52;48;0;28;42702023;41582789;26842423;5899503;42625903;28942201;6171568;0;101436
FR;1;2023-01-29;12;22;33;10;20;31;16;0;12;42702035;41582811;26842456;5899513;42625923;28942232;6171584;0;101448
FR;1;2023-01-30;144;108;64;72;110;70;80;0;51;42702179;41582919;26842520;5899585;42626033;28942302;6171664;0;101499
FR;1;2023-01-31;122;83;65;137;72;68;149;0;142;42702301;41583002;26842585;5899722;42626105;28942370;6171813;0;101641
FR;1;2023-02-01;121;137;341;106;135;336;132;0;77;42702422;41583139;26842926;5899828;42626240;28942706;6171945;0;101718
FR;1;2023-02-02;88;92;91;106;87;98;107;0;98;42702510;41583231;26843017;5899934;42626327;28942804;6172052;0;101816
FR;1;2023-02-03;155;146;133;98;146;139;104;0;97;42702665;41583377;26843150;5900032;42626473;28942943;6172156;0;101913
FR;1;2023-02-04;50;78;72;46;85;74;47;0;24;42702715;41583455;26843222;5900078;42626558;28943017;6172203;0;101937
FR;1;2023-02-05;6;8;18;6;7;21;7;0;8;42702721;41583463;26843240;5900084;42626565;28943038;6172210;0;101945
FR;1;2023-02-06;95;75;112;77;81;114;81;0;89;42702816;41583538;26843352;5900161;42626646;28943152;6172291;0;102034
FR;1;2023-02-07;90;75;96;75;76;90;95;0;114;42702906;41583613;26843448;5900236;42626722;28943242;6172386;0;102148
FR;1;2023-02-08;83;91;60;30;90;65;34;0;51;42702989;41583704;26843508;5900266;42626812;28943307;6172420;0;102199
FR;1;2023-02-09;65;65;79;59;75;78;67;0;79;42703054;41583769;26843587;5900325;42626887;28943385;6172487;0;102278
FR;1;2023-02-10;141;129;56;72;132;68;73;0;117;42703195;41583898;26843643;5900397;42627019;28943453;6172560;0;102395
FR;1;2023-02-11;45;50;78;25;47;87;27;0;11;42703240;41583948;26843721;5900422;42627066;28943540;6172587;0;102406
FR;1;2023-02-12;8;7;9;8;11;9;9;0;9;42703248;41583955;26843730;5900430;42627077;28943549;6172596;0;102415
FR;1;2023-02-13;77;107;45;42;109;51;34;0;31;42703325;41584062;26843775;5900472;42627186;28943600;6172630;0;102446
FR;1;2023-02-14;67;70;72;50;69;76;47;0;77;42703392;41584132;26843847;5900522;42627255;28943676;6172677;0;102523
FR;1;2023-02-15;73;97;74;52;105;80;60;0;81;42703465;41584229;26843921;5900574;42627360;28943756;6172737;0;102604
FR;1;2023-02-16;60;74;112;82;62;121;86;0;73;42703525;41584303;26844033;5900656;42627422;28943877;6172823;0;102677
FR;1;2023-02-17;103;124;165;61;128;169;70;0;47;42703628;41584427;26844198;5900717;42627550;28944046;6172893;0;102724
FR;1;2023-02-18;44;56;146;41;56;152;43;0;9;42703672;41584483;26844344;5900758;42627606;28944198;6172936;0;102733
FR;1;2023-02-19;14;0;6;4;2;5;4;0;5;42703686;41584483;26844350;5900762;42627608;28944203;6172940;0;102738
FR;1;2023-02-20;74;68;50;28;72;55;32;0;16;42703760;41584551;26844400;5900790;42627680;28944258;6172972;0;102754
FR;1;2023-02-21;62;74;54;49;78;57;47;0;38;42703822;41584625;26844454;5900839;42627758;28944315;6173019;0;102792
FR;1;2023-02-22;63;77;31;18;78;35;18;0;22;42703885;41584702;26844485;5900857;42627836;28944350;6173037;0;102814
FR;1;2023-02-23;51;78;47;36;75;57;31;0;54;42703936;41584780;26844532;5900893;42627911;28944407;6173068;0;102868
FR;1;2023-02-24;93;111;39;33;112;47;34;0;37;42704029;41584891;26844571;5900926;42628023;28944454;6173102;0;102905
FR;1;2023-02-25;41;49;69;22;56;69;24;0;26;42704070;41584940;26844640;5900948;42628079;28944523;6173126;0;102931
FR;1;2023-02-26;2;3;1;2;1;3;1;0;3;42704072;41584943;26844641;5900950;42628080;28944526;6173127;0;102934
FR;1;2023-02-27;87;77;62;35;77;70;32;0;20;42704159;41585020;26844703;5900985;42628157;28944596;6173159;0;102954
FR;1;2023-02-28;85;72;33;50;68;43;52;0;32;42704244;41585092;26844736;5901035;42628225;28944639;6173211;0;102986
FR;1;2023-03-01;70;89;236;51;87;229;67;0;42;42704314;41585181;26844972;5901086;42628312;28944868;6173278;0;103028
FR;1;2023-03-02;63;61;85;55;63;82;66;0;117;42704377;41585242;26845057;5901141;42628375;28944950;6173344;0;103145
FR;1;2023-03-03;101;107;65;51;106;64;54;0;47;42704478;41585349;26845122;5901192;42628481;28945014;6173398;0;103192
FR;1;2023-03-04;49;46;68;26;43;69;31;0;15;42704527;41585395;26845190;5901218;42628524;28945083;6173429;0;103207
FR;1;2023-03-05;4;2;4;0;3;4;1;0;0;42704531;41585397;26845194;5901218;42628527;28945087;6173430;0;103207
FR;1;2023-03-06;85;57;75;17;63;81;23;0;14;42704616;41585454;26845269;5901235;42628590;28945168;6173453;0;103221
FR;1;2023-03-07;52;70;46;40;67;44;50;0;71;42704668;41585524;26845315;5901275;42628657;28945212;6173503;0;103292
FR;1;2023-03-08;47;65;32;16;68;34;22;0;6;42704715;41585589;26845347;5901291;42628725;28945246;6173525;0;103298
FR;1;2023-03-09;37;53;45;22;49;48;31;0;27;42704752;41585642;26845392;5901313;42628774;28945294;6173556;0;103325
FR;1;2023-03-10;93;96;83;41;96;87;46;0;25;42704845;41585738;26845475;5901354;42628870;28945381;6173602;0;103350
FR;1;2023-03-11;47;39;48;9;33;55;12;0;6;42704892;41585777;26845523;5901363;42628903;28945436;6173614;0;103356
FR;1;2023-03-12;2;9;6;0;11;5;1;0;0;42704894;41585786;26845529;5901363;42628914;28945441;6173615;0;103356
FR;1;2023-03-13;45;49;38;14;45;45;14;0;18;42704939;41585835;26845567;5901377;42628959;28945486;6173629;0;103374
FR;1;2023-03-14;66;44;50;21;49;55;22;0;31;42705005;41585879;26845617;5901398;42629008;28945541;6173651;0;103405
FR;1;2023-03-15;39;54;59;19;54;66;21;0;19;42705044;41585933;26845676;5901417;42629062;28945607;6173672;0;103424
FR;1;2023-03-16;55;49;84;23;53;83;27;0;20;42705099;41585982;26845760;5901440;42629115;28945690;6173699;0;103444
FR;1;2023-03-17;109;84;95;36;100;97;40;0;34;42705208;41586066;26845855;5901476;42629215;28945787;6173739;0;103478
FR;1;2023-03-18;34;33;118;10;28;122;15;0;5;42705242;41586099;26845973;5901486;42629243;28945909;6173754;0;103483
FR;1;2023-03-19;11;2;0;2;3;0;3;0;0;42705253;41586101;26845973;5901488;42629246;28945909;6173757;0;103483
FR;1;2023-03-20;42;51;39;13;42;49;16;0;8;42705295;41586152;26846012;5901501;42629288;28945958;6173773;0;103491
FR;1;2023-03-21;72;55;41;11;60;44;16;0;26;42705367;41586207;26846053;5901512;42629348;28946002;6173789;0;103517
FR;1;2023-03-22;58;53;33;31;53;47;26;0;13;42705425;41586260;26846086;5901543;42629401;28946049;6173815;0;103530
FR;1;2023-03-23;55;46;28;23;47;32;25;0;47;42705480;41586306;26846114;5901566;42629448;28946081;6173840;0;103577
FR;1;2023-03-24;77;98;181;28;101;187;34;0;24;42705557;41586404;26846295;5901594;42629549;28946268;6173874;0;103601
FR;1;2023-03-25;45;43;37;9;41;40;13;0;5;42705602;41586447;26846332;5901603;42629590;28946308;6173887;0;103606
FR;1;2023-03-26;2;3;8;0;0;9;2;0;2;42705604;41586450;26846340;5901603;42629590;28946317;6173889;0;103608
FR;1;2023-03-27;102;58;67;11;61;70;15;0;21;42705706;41586508;26846407;5901614;42629651;28946387;6173904;0;103629
FR;1;2023-03-28;45;36;22;21;41;24;21;0;31;42705751;41586544;26846429;5901635;42629692;28946411;6173925;0;103660
FR;1;2023-03-29;54;42;30;28;41;37;25;0;14;42705805;41586586;26846459;5901663;42629733;28946448;6173950;0;103674
FR;1;2023-03-30;56;37;54;17;39;53;24;0;29;42705861;41586623;26846513;5901680;42629772;28946501;6173974;0;103703
FR;1;2023-03-31;64;83;26;16;81;32;13;0;35;42705925;41586706;26846539;5901696;42629853;28946533;6173987;0;103738
FR;1;2023-04-01;29;49;82;7;45;85;13;0;10;42705954;41586755;26846621;5901703;42629898;28946618;6174000;0;103748
FR;1;2023-04-02;1;1;3;0;1;2;1;0;0;42705955;41586756;26846624;5901703;42629899;28946620;6174001;0;103748
FR;1;2023-04-03;89;37;55;19;35;55;24;0;19;42706044;41586793;26846679;5901722;42629934;28946675;6174025;0;103767
FR;1;2023-04-04;38;49;25;10;42;31;11;0;25;42706082;41586842;26846704;5901732;42629976;28946706;6174036;0;103792
FR;1;2023-04-05;24;39;24;15;36;20;21;0;14;42706106;41586881;26846728;5901747;42630012;28946726;6174057;0;103806
FR;1;2023-04-06;39;40;13;8;37;16;12;0;14;42706145;41586921;26846741;5901755;42630049;28946742;6174069;0;103820
FR;1;2023-04-07;46;62;19;16;60;24;14;0;13;42706191;41586983;26846760;5901771;42630109;28946766;6174083;0;103833
FR;1;2023-04-08;25;32;6;13;25;13;13;0;13;42706216;41587015;26846766;5901784;42630134;28946779;6174096;0;103846
FR;1;2023-04-09;1;2;0;1;1;1;1;0;1;42706217;41587017;26846766;5901785;42630135;28946780;6174097;0;103847
FR;1;2023-04-10;4;4;2;1;3;4;1;0;1;42706221;41587021;26846768;5901786;42630138;28946784;6174098;0;103848
FR;1;2023-04-11;38;50;11;9;49;10;11;0;17;42706259;41587071;26846779;5901795;42630187;28946794;6174109;0;103865
FR;1;2023-04-12;36;33;11;17;31;18;19;0;23;42706295;41587104;26846790;5901812;42630218;28946812;6174128;0;103888
FR;1;2023-04-13;37;30;8;14;33;12;12;0;26;42706332;41587134;26846798;5901826;42630251;28946824;6174140;0;103914
FR;1;2023-04-14;59;60;10;10;70;8;11;0;17;42706391;41587194;26846808;5901836;42630321;28946832;6174151;0;103931
FR;1;2023-04-15;24;28;7;6;28;12;6;0;2;42706415;41587222;26846815;5901842;42630349;28946844;6174157;0;103933
FR;1;2023-04-16;3;2;0;0;2;0;0;0;0;42706418;41587224;26846815;5901842;42630351;28946844;6174157;0;103933
FR;1;2023-04-17;35;35;7;15;38;14;12;0;8;42706453;41587259;26846822;5901857;42630389;28946858;6174169;0;103941
FR;1;2023-04-18;34;31;9;5;27;13;6;0;18;42706487;41587290;26846831;5901862;42630416;28946871;6174175;0;103959
FR;2;2020-12-27;0;0;0;0;0;0;0;0;0;0;0;0;0;0;0;0;0;0
FR;2;2020-12-28;0;0;0;0;0;0;0;0;0;0;0;0;0;0;0;0;0;0
FR;2;2020-12-29;0;0;0;0;0;0;0;0;0;0;0;0;0;0;0;0;0;0
FR;2;2020-12-30;0;0;0;0;0;0;0;0;0;0;0;0;0;0;0;0;0;0
FR;2;2020-12-31;0;0;0;0;0;0;0;0;0;0;0;0;0;0;0;0;0;0
FR;2;2021-01-01;0;0;0;0;0;0;0;0;0;0;0;0;0;0;0;0;0;0
FR;2;2021-01-02;0;0;0;0;0;0;0;0;0;0;0;0;0;0;0;0;0;0
FR;2;2021-01-03;0;0;0;0;0;0;0;0;0;0;0;0;0;0;0;0;0;0
FR;2;2021-01-04;0;0;0;0;0;0;0;0;0;0;0;0;0;0;0;0;0;0
FR;2;2021-01-05;0;0;0;0;0;0;0;0;0;0;0;0;0;0;0;0;0;0
FR;2;2021-01-06;0;0;0;0;0;0;0;0;0;0;0;0;0;0;0;0;0;0
FR;2;2021-01-07;0;0;0;0;0;0;0;0;0;0;0;0;0;0;0;0;0;0
FR;2;2021-01-08;0;0;0;0;0;0;0;0;0;0;0;0;0;0;0;0;0;0
FR;2;2021-01-09;0;0;0;0;0;0;0;0;0;0;0;0;0;0;0;0;0;0
FR;2;2021-01-10;0;0;0;0;0;0;0;0;0;0;0;0;0;0;0;0;0;0
FR;2;2021-01-11;0;0;0;0;0;0;0;0;0;0;0;0;0;0;0;0;0;0
FR;2;2021-01-12;0;0;0;0;0;0;0;0;0;0;0;0;0;0;0;0;0;0
FR;2;2021-01-13;0;0;0;0;0;0;0;0;0;0;0;0;0;0;0;0;0;0
FR;2;2021-01-14;1636;0;0;0;213;0;0;0;0;1636;0;0;0;213;0;0;0;0
FR;2;2021-01-15;398;0;0;0;28;0;0;0;0;2034;0;0;0;241;0;0;0;0
FR;2;2021-01-16;316;0;0;0;12;0;0;0;0;2350;0;0;0;253;0;0;0;0
FR;2;2021-01-17;84;0;0;0;7;0;0;0;0;2434;0;0;0;260;0;0;0;0
FR;2;2021-01-18;3075;3;0;0;27;0;0;0;0;5509;3;0;0;287;0;0;0;0
FR;2;2021-01-19;4681;2;0;0;31;0;0;0;0;10190;5;0;0;318;0;0;0;0
FR;2;2021-01-20;5138;6;0;0;58;0;0;0;0;15328;11;0;0;376;0;0;0;0
FR;2;2021-01-21;5345;9;0;0;55;0;0;0;0;20673;20;0;0;431;0;0;0;0
FR;2;2021-01-22;5119;19;0;0;70;0;0;0;0;25792;39;0;0;501;0;0;0;0
FR;2;2021-01-23;1875;2;0;0;16;0;0;0;0;27667;41;0;0;517;0;0;0;0
FR;2;2021-01-24;163;2;0;0;8;0;0;0;0;27830;43;0;0;525;0;0;0;0
FR;2;2021-01-25;3814;4;0;0;37;0;0;0;0;31644;47;0;0;562;0;0;0;0
FR;2;2021-01-26;3930;6;0;0;42;0;0;0;0;35574;53;0;0;604;0;0;0;0
FR;2;2021-01-27;3606;4;0;0;36;0;0;0;0;39180;57;0;0;640;0;0;0;0
FR;2;2021-01-28;3757;9;0;0;44;0;0;0;0;42937;66;0;0;684;0;0;0;0
FR;2;2021-01-29;3300;6;0;0;42;0;0;0;0;46237;72;0;0;726;0;0;0;0
FR;2;2021-01-30;1133;3;0;0;16;0;0;0;0;47370;75;0;0;742;0;0;0;0
FR;2;2021-01-31;46;2;0;0;9;0;0;0;0;47416;77;0;0;751;0;0;0;0
FR;2;2021-02-01;3408;13;0;0;44;0;0;0;0;50824;90;0;0;795;0;0;0;0
FR;2;2021-02-02;4497;19;0;0;53;0;0;0;0;55321;109;0;0;848;0;0;0;0
FR;2;2021-02-03;5223;12;0;0;83;0;0;0;0;60544;121;0;0;931;0;0;0;0
FR;2;2021-02-04;4941;11;0;0;36;0;0;0;0;65485;132;0;0;967;0;0;0;0
FR;2;2021-02-05;4817;17;0;0;50;0;0;0;0;70302;149;0;0;1017;0;0;0;0
FR;2;2021-02-06;2047;15;0;0;41;0;0;0;0;72349;164;0;0;1058;0;0;0;0
FR;2;2021-02-07;103;6;0;0;20;0;0;0;0;72452;170;0;0;1078;0;0;0;0
FR;2;2021-02-08;7559;27;0;0;86;0;0;0;0;80011;197;0;0;1164;0;0;0;0
FR;2;2021-02-09;8435;31;0;0;100;0;0;0;0;88446;228;0;0;1264;0;0;0;0
FR;2;2021-02-10;9349;63;0;0;183;0;0;0;0;97795;291;0;0;1447;0;0;0;0
FR;2;2021-02-11;10292;132;0;0;256;0;0;0;0;108087;423;0;0;1703;0;0;0;0
FR;2;2021-02-12;10059;276;0;0;430;0;0;0;0;118146;699;0;0;2133;0;0;0;0
FR;2;2021-02-13;3121;223;0;0;261;0;0;0;0;121267;922;0;0;2394;0;0;0;0
FR;2;2021-02-14;358;11;0;0;21;0;0;0;0;121625;933;0;0;2415;0;0;0;0
FR;2;2021-02-15;3460;3129;0;0;3176;0;0;0;0;125085;4062;0;0;5591;0;0;0;0
FR;2;2021-02-16;5076;4164;0;0;4237;0;0;0;0;130161;8226;0;0;9828;0;0;0;0
FR;2;2021-02-17;4259;4554;0;0;4631;0;0;0;0;134420;12780;0;0;14459;0;0;0;0
FR;2;2021-02-18;5406;5178;0;0;5248;0;0;0;0;139826;17958;0;0;19707;0;0;0;0
FR;2;2021-02-19;5329;4491;0;0;4592;0;0;0;0;145155;22449;0;0;24299;0;0;0;0
FR;2;2021-02-20;1872;1520;0;0;1537;0;0;0;0;147027;23969;0;0;25836;0;0;0;0
FR;2;2021-02-21;244;96;0;0;98;0;0;0;0;147271;24065;0;0;25934;0;0;0;0
FR;2;2021-02-22;3614;3782;0;0;3844;0;0;0;0;150885;27847;0;0;29778;0;0;0;0
FR;2;2021-02-23;4956;3740;0;0;3804;0;0;0;0;155841;31587;0;0;33582;0;0;0;0
FR;2;2021-02-24;5017;3558;0;0;3611;0;0;0;0;160858;35145;0;0;37193;0;0;0;0
FR;2;2021-02-25;5501;3495;0;0;3585;0;0;0;0;166359;38640;0;0;40778;0;0;0;0
FR;2;2021-02-26;4368;3179;0;0;3253;0;0;0;0;170727;41819;0;0;44031;0;0;0;0
FR;2;2021-02-27;1629;1067;0;0;1086;0;0;0;0;172356;42886;0;0;45117;0;0;0;0
FR;2;2021-02-28;179;17;0;0;28;0;0;0;0;172535;42903;0;0;45145;0;0;0;0
FR;2;2021-03-01;5193;3763;0;0;3852;0;0;0;0;177728;46666;0;0;48997;0;0;0;0
FR;2;2021-03-02;6542;4726;0;0;4827;0;0;0;0;184270;51392;0;0;53824;0;0;0;0
FR;2;2021-03-03;6544;4955;0;0;5096;0;0;0;0;190814;56347;0;0;58920;0;0;0;0
FR;2;2021-03-04;8412;4210;0;0;4396;0;0;0;0;199226;60557;0;0;63316;0;0;0;0
FR;2;2021-03-05;8037;4054;0;0;4237;0;0;0;0;207263;64611;0;0;67553;0;0;0;0
FR;2;2021-03-06;4790;1683;0;0;1783;0;0;0;0;212053;66294;0;0;69336;0;0;0;0
FR;2;2021-03-07;2373;32;0;0;76;0;0;0;0;214426;66326;0;0;69412;0;0;0;0
FR;2;2021-03-08;4166;8392;0;0;8549;0;0;0;0;218592;74718;0;0;77961;0;0;0;0
FR;2;2021-03-09;7494;8610;1;0;8868;0;0;0;0;226086;83328;1;0;86829;0;0;0;0
FR;2;2021-03-10;7108;9246;0;0;9473;0;0;0;0;233194;92574;1;0;96302;0;0;0;0
FR;2;2021-03-11;9379;9365;1;0;9685;0;0;0;0;242573;101939;2;0;105987;0;0;0;0
FR;2;2021-03-12;7988;8367;0;0;8669;0;0;0;0;250561;110306;2;0;114656;0;0;0;0
FR;2;2021-03-13;10058;2593;0;0;2914;0;0;0;0;260619;112899;2;0;117570;0;0;0;0
FR;2;2021-03-14;4841;380;0;0;539;0;0;0;0;265460;113279;2;0;118109;0;0;0;0
FR;2;2021-03-15;10919;3476;0;0;3765;0;0;0;0;276379;116755;2;0;121874;0;0;0;0
FR;2;2021-03-16;16770;4732;1;0;5282;0;0;0;0;293149;121487;3;0;127156;0;0;0;0
FR;2;2021-03-17;20242;3998;0;0;4672;0;0;0;0;313391;125485;3;0;131828;0;0;0;0
FR;2;2021-03-18;23375;5128;0;0;5957;0;0;0;0;336766;130613;3;0;137785;0;0;0;0
FR;2;2021-03-19;23316;4680;0;0;5443;0;0;0;0;360082;135293;3;0;143228;0;0;0;0
FR;2;2021-03-20;25452;1587;0;0;2344;0;0;0;0;385534;136880;3;0;145572;0;0;0;0
FR;2;2021-03-21;17675;153;0;0;731;0;0;0;0;403209;137033;3;0;146303;0;0;0;0
FR;2;2021-03-22;17791;3261;0;0;3930;0;0;0;0;421000;140294;3;0;150233;0;0;0;0
FR;2;2021-03-23;22707;4288;0;0;5142;0;0;0;0;443707;144582;3;0;155375;0;0;0;0
FR;2;2021-03-24;23966;5091;0;0;5928;0;0;0;0;467673;149673;3;0;161303;0;0;0;0
FR;2;2021-03-25;26762;5257;1;0;6454;0;0;0;0;494435;154930;4;0;167757;0;0;0;0
FR;2;2021-03-26;26992;4236;0;0;5382;0;0;0;0;521427;159166;4;0;173139;0;0;0;0
FR;2;2021-03-27;15923;1369;0;0;1899;0;0;0;0;537350;160535;4;0;175038;0;0;0;0
FR;2;2021-03-28;10563;136;0;0;428;0;0;0;0;547913;160671;4;0;175466;0;0;0;0
FR;2;2021-03-29;19004;4349;0;0;5049;0;0;0;0;566917;165020;4;0;180515;0;0;0;0
FR;2;2021-03-30;24597;6105;0;0;7045;0;0;0;0;591514;171125;4;0;187560;0;0;0;0
FR;2;2021-03-31;28562;5930;0;0;7222;0;0;0;0;620076;177055;4;0;194782;0;0;0;0
FR;2;2021-04-01;34560;8576;1;0;10269;0;0;0;0;654636;185631;5;0;205051;0;0;0;0
FR;2;2021-04-02;29992;7736;0;0;9164;0;0;0;0;684628;193367;5;0;214215;0;0;0;0
FR;2;2021-04-03;16959;4263;0;0;4945;0;0;0;0;701587;197630;5;0;219160;0;0;0;0
FR;2;2021-04-04;9309;1269;2;0;1677;0;0;0;0;710896;198899;7;0;220837;0;0;0;0
FR;2;2021-04-05;12448;797;0;0;1381;0;0;0;0;723344;199696;7;0;222218;0;0;0;0
FR;2;2021-04-06;27159;7358;0;0;8750;0;0;0;0;750503;207054;7;0;230968;0;0;0;0
FR;2;2021-04-07;30931;7070;1;0;8646;0;0;0;0;781434;214124;8;0;239614;0;0;0;0
FR;2;2021-04-08;36896;8591;1;0;10516;0;0;0;0;818330;222715;9;0;250130;0;0;0;0
FR;2;2021-04-09;33856;8389;28;0;10174;0;0;0;0;852186;231104;37;0;260304;0;0;0;0
FR;2;2021-04-10;19689;9270;1;0;10182;0;0;0;0;871875;240374;38;0;270486;0;0;0;0
FR;2;2021-04-11;7943;4240;1;0;4603;0;0;0;0;879818;244614;39;0;275089;0;0;0;0
FR;2;2021-04-12;17136;11028;0;0;11869;0;0;0;0;896954;255642;39;0;286958;0;0;0;0
FR;2;2021-04-13;19465;16036;1;0;17104;0;0;0;0;916419;271678;40;0;304062;0;0;0;0
FR;2;2021-04-14;18071;16446;7;0;17542;0;0;0;0;934490;288124;47;0;321604;0;0;0;0
FR;2;2021-04-15;22208;21890;27;0;23344;0;0;0;0;956698;310014;74;0;344948;0;0;0;0
FR;2;2021-04-16;20721;20643;45;0;21916;0;0;0;0;977419;330657;119;0;366864;0;0;0;0
FR;2;2021-04-17;13258;22496;5;0;23227;0;0;0;0;990677;353153;124;0;390091;0;0;0;0
FR;2;2021-04-18;5911;14397;6;0;14737;0;0;0;0;996588;367550;130;0;404828;0;0;0;0
FR;2;2021-04-19;16850;16393;24;0;17196;0;0;0;0;1013438;383943;154;0;422024;0;0;0;0
FR;2;2021-04-20;19328;21807;38;0;22868;0;0;0;0;1032766;405750;192;0;444892;0;0;0;0
FR;2;2021-04-21;20294;21901;76;0;23051;0;0;0;0;1053060;427651;268;0;467943;0;0;0;0
FR;2;2021-04-22;23824;24956;41;0;26369;0;0;0;0;1076884;452607;309;0;494312;0;0;0;0
FR;2;2021-04-23;24534;25501;76;0;27012;0;0;0;0;1101418;478108;385;0;521324;0;0;0;0
FR;2;2021-04-24;25305;15068;104;0;16506;0;0;0;0;1126723;493176;489;0;537830;0;0;0;0
FR;2;2021-04-25;9597;8622;5;0;9183;0;0;0;0;1136320;501798;494;0;547013;0;0;0;0
FR;2;2021-04-26;17169;17678;21;0;18564;0;0;0;0;1153489;519476;515;0;565577;0;0;0;0
FR;2;2021-04-27;19246;24099;40;0;25283;0;0;0;0;1172735;543575;555;0;590860;0;0;0;0
FR;2;2021-04-28;22343;26464;113;0;27865;0;0;0;0;1195078;570039;668;0;618725;0;0;0;0
FR;2;2021-04-29;25477;30500;70;0;32190;0;0;0;0;1220555;600539;738;0;650915;0;0;0;0
FR;2;2021-04-30;25540;27977;49;1;29627;0;0;0;0;1246095;628516;787;1;680542;0;0;0;0
FR;2;2021-05-01;14988;9853;6;0;10654;0;0;0;0;1261083;638369;793;1;691196;0;0;0;0
FR;2;2021-05-02;6642;9160;2;0;9506;0;0;0;0;1267725;647529;795;1;700702;0;0;0;0
FR;2;2021-05-03;20026;19127;40;0;20334;0;0;0;0;1287751;666656;835;1;721036;0;0;0;0
FR;2;2021-05-04;18288;29202;33;0;30348;0;0;0;0;1306039;695858;868;1;751384;0;0;0;0
FR;2;2021-05-05;18385;29524;48;0;30822;0;0;0;0;1324424;725382;916;1;782206;0;0;0;0
FR;2;2021-05-06;23553;35413;132;0;36986;0;0;0;0;1347977;760795;1048;1;819192;0;0;0;0
FR;2;2021-05-07;25349;33241;97;0;35100;0;0;0;0;1373326;794036;1145;1;854292;0;0;0;0
FR;2;2021-05-08;21343;10691;15;0;11778;0;0;0;0;1394669;804727;1160;1;866070;0;0;0;0
FR;2;2021-05-09;13170;7615;7;0;8290;0;0;0;0;1407839;812342;1167;1;874360;0;0;0;0
FR;2;2021-05-10;32948;21717;50;0;23574;0;0;0;0;1440787;834059;1217;1;897934;0;0;0;0
FR;2;2021-05-11;43616;20902;101;0;23527;0;0;0;0;1484403;854961;1318;1;921461;0;0;0;0
FR;2;2021-05-12;50070;19637;143;0;22517;0;0;0;0;1534473;874598;1461;1;943978;0;0;0;0
FR;2;2021-05-13;51302;5597;31;0;8465;0;0;0;0;1585775;880195;1492;1;952443;0;0;0;0
FR;2;2021-05-14;61361;12884;132;0;16538;0;0;0;0;1647136;893079;1624;1;968981;0;0;0;0
FR;2;2021-05-15;65938;7100;40;0;10650;0;0;0;0;1713074;900179;1664;1;979631;0;0;0;0
FR;2;2021-05-16;43588;2573;10;0;4944;0;0;0;0;1756662;902752;1674;1;984575;0;0;0;0
FR;2;2021-05-17;44756;12448;114;0;15355;0;0;0;0;1801418;915200;1788;1;999930;0;0;0;0
FR;2;2021-05-18;54650;12289;190;0;15972;0;0;0;0;1856068;927489;1978;1;1015902;0;0;0;0
FR;2;2021-05-19;57180;10459;281;0;14499;0;0;0;0;1913248;937948;2259;1;1030401;0;0;0;0
FR;2;2021-05-20;63452;10802;288;0;14897;0;0;0;0;1976700;948750;2547;1;1045298;0;0;0;0
FR;2;2021-05-21;64306;11601;230;0;16026;0;0;0;0;2041006;960351;2777;1;1061324;0;0;0;0
FR;2;2021-05-22;61488;4530;65;0;8500;0;0;0;0;2102494;964881;2842;1;1069824;0;0;0;0
FR;2;2021-05-23;37536;575;22;0;2912;0;0;0;0;2140030;965456;2864;1;1072736;0;0;0;0
FR;2;2021-05-24;17248;2052;35;0;3259;0;0;0;0;2157278;967508;2899;1;1075995;0;0;0;0
FR;2;2021-05-25;21121;12253;241;0;13854;0;0;0;0;2178399;979761;3140;1;1089849;0;0;0;0
FR;2;2021-05-26;19946;11538;230;0;13067;0;0;0;0;2198345;991299;3370;1;1102916;0;0;0;0
FR;2;2021-05-27;23001;12663;182;0;14400;0;0;0;0;2221346;1003962;3552;1;1117316;0;0;0;0
FR;2;2021-05-28;29398;15045;190;0;17226;0;0;0;0;2250744;1019007;3742;1;1134542;0;0;0;0
FR;2;2021-05-29;30425;8196;58;0;10105;0;0;0;0;2281169;1027203;3800;1;1144647;0;0;0;0
FR;2;2021-05-30;4648;1819;6;0;2154;0;0;0;0;2285817;1029022;3806;1;1146801;0;0;0;0
FR;2;2021-05-31;28590;18741;184;0;20820;0;0;0;0;2314407;1047763;3990;1;1167621;0;0;0;0
FR;2;2021-06-01;45744;19915;225;0;23151;0;0;0;0;2360151;1067678;4215;1;1190772;0;0;0;0
FR;2;2021-06-02;37483;19312;182;0;22318;0;0;0;0;2397634;1086990;4397;1;1213090;0;0;0;0
FR;2;2021-06-03;51284;23118;161;0;26971;0;0;0;0;2448918;1110108;4558;1;1240061;0;0;0;0
FR;2;2021-06-04;65519;24090;217;0;29055;0;0;0;0;2514437;1134198;4775;1;1269116;0;0;0;0
FR;2;2021-06-05;34607;24109;52;0;26964;0;0;0;0;2549044;1158307;4827;1;1296080;0;0;0;0
FR;2;2021-06-06;4958;6194;10;0;6613;0;0;0;0;2554002;1164501;4837;1;1302693;0;0;0;0
FR;2;2021-06-07;28177;23015;150;0;25431;0;0;0;0;2582179;1187516;4987;1;1328124;0;0;0;0
FR;2;2021-06-08;46379;22944;143;0;26910;0;0;0;0;2628558;1210460;5130;1;1355034;0;0;0;0
FR;2;2021-06-09;34297;21000;107;0;24132;0;0;0;0;2662855;1231460;5237;1;1379166;0;0;0;0
FR;2;2021-06-10;42644;19081;96;1;23003;0;0;0;0;2705499;1250541;5333;2;1402169;0;0;0;0
FR;2;2021-06-11;55306;25133;134;0;30232;0;0;0;0;2760805;1275674;5467;2;1432401;0;0;0;0
FR;2;2021-06-12;30566;19800;53;0;22654;0;0;0;0;2791371;1295474;5520;2;1455055;0;0;0;0
FR;2;2021-06-13;3333;9197;13;0;9586;0;0;0;0;2794704;1304671;5533;2;1464641;0;0;0;0
FR;2;2021-06-14;25304;24119;92;0;26699;0;0;0;0;2820008;1328790;5625;2;1491340;0;0;0;0
FR;2;2021-06-15;39049;22819;154;0;26567;0;0;0;0;2859057;1351609;5779;2;1517907;0;0;0;0
FR;2;2021-06-16;30168;21368;135;0;24521;0;0;0;0;2889225;1372977;5914;2;1542428;0;0;0;0
FR;2;2021-06-17;36913;25738;150;0;29600;0;0;0;0;2926138;1398715;6064;2;1572028;0;0;0;0
FR;2;2021-06-18;46860;28890;123;0;33593;0;0;0;0;2972998;1427605;6187;2;1605621;0;0;0;0
FR;2;2021-06-19;24527;24940;39;0;27714;0;0;0;0;2997525;1452545;6226;2;1633335;0;0;0;0
FR;2;2021-06-20;3745;10058;9;0;10557;0;0;0;0;3001270;1462603;6235;2;1643892;0;0;0;0
FR;2;2021-06-21;17538;42861;88;0;44873;0;0;0;0;3018808;1505464;6323;2;1688765;0;0;0;0
FR;2;2021-06-22;28366;49617;110;0;53045;0;0;0;0;3047174;1555081;6433;2;1741810;0;0;0;0
FR;2;2021-06-23;21790;49618;107;1;52467;1;0;0;0;3068964;1604699;6540;3;1794277;1;0;0;0
FR;2;2021-06-24;28380;50316;134;0;54047;0;0;0;0;3097344;1655015;6674;3;1848324;1;0;0;0
FR;2;2021-06-25;33402;60489;129;0;64878;0;0;0;0;3130746;1715504;6803;3;1913202;1;0;0;0
FR;2;2021-06-26;16395;59355;54;1;61747;0;0;0;0;3147141;1774859;6857;4;1974949;1;0;0;0
FR;2;2021-06-27;2566;29316;22;1;29898;0;0;0;0;3149707;1804175;6879;5;2004847;1;0;0;0
FR;2;2021-06-28;12641;54341;84;0;56317;0;0;0;0;3162348;1858516;6963;5;2061164;1;0;0;0
FR;2;2021-06-29;19857;59999;178;0;62941;0;0;0;0;3182205;1918515;7141;5;2124105;1;0;0;0
FR;2;2021-06-30;16337;58039;253;17;60723;0;0;0;0;3198542;1976554;7394;22;2184828;1;0;0;0
FR;2;2021-07-01;20497;59874;228;0;63201;0;0;0;0;3219039;2036428;7622;22;2248029;1;0;0;0
FR;2;2021-07-02;24083;62159;184;0;66373;0;0;0;0;3243122;2098587;7806;22;2314402;1;0;0;0
FR;2;2021-07-03;12123;57147;153;0;59486;0;0;0;0;3255245;2155734;7959;22;2373888;1;0;0;0
FR;2;2021-07-04;1961;23303;18;0;23870;0;0;0;0;3257206;2179037;7977;22;2397758;1;0;0;0
FR;2;2021-07-05;9179;29257;106;0;30893;0;0;0;0;3266385;2208294;8083;22;2428651;1;0;0;0
FR;2;2021-07-06;14584;36280;135;0;38959;0;0;0;0;3280969;2244574;8218;22;2467610;1;0;0;0
FR;2;2021-07-07;14420;33663;140;0;36417;0;0;0;0;3295389;2278237;8358;22;2504027;1;0;0;0
FR;2;2021-07-08;19723;40324;162;0;43981;0;0;0;0;3315112;2318561;8520;22;2548008;1;0;0;0
FR;2;2021-07-09;27105;54334;202;1;59484;0;0;0;0;3342217;2372895;8722;23;2607492;1;0;0;0
FR;2;2021-07-10;13388;33708;107;0;36392;0;0;0;0;3355605;2406603;8829;23;2643884;1;0;0;0
FR;2;2021-07-11;1812;4344;16;0;4772;0;0;0;0;3357417;2410947;8845;23;2648656;1;0;0;0
FR;2;2021-07-12;12971;37264;119;0;39919;0;0;0;0;3370388;2448211;8964;23;2688575;1;0;0;0
FR;2;2021-07-13;37120;53147;152;0;60283;0;0;0;0;3407508;2501358;9116;23;2748858;1;0;0;0
FR;2;2021-07-14;6628;3540;15;0;4887;0;0;0;0;3414136;2504898;9131;23;2753745;1;0;0;0
FR;2;2021-07-15;47244;47014;156;0;55211;0;0;0;0;3461380;2551912;9287;23;2808956;1;0;0;0
FR;2;2021-07-16;64320;55754;188;0;66737;0;0;0;0;3525700;2607666;9475;23;2875693;1;0;0;0
FR;2;2021-07-17;31603;23918;96;0;29375;0;0;0;0;3557303;2631584;9571;23;2905068;1;0;0;0
FR;2;2021-07-18;6090;4807;19;0;5952;0;0;0;0;3563393;2636391;9590;23;2911020;1;0;0;0
FR;2;2021-07-19;33007;28599;94;0;34212;0;0;0;0;3596400;2664990;9684;23;2945232;1;0;0;0
FR;2;2021-07-20;51999;44525;155;0;53161;0;0;0;0;3648399;2709515;9839;23;2998393;1;0;0;0
FR;2;2021-07-21;45257;34627;93;0;42131;0;0;0;0;3693656;2744142;9932;23;3040524;1;0;0;0
FR;2;2021-07-22;56280;41081;128;1;50354;0;0;0;0;3749936;2785223;10060;24;3090878;1;0;0;0
FR;2;2021-07-23;68304;48966;170;0;60256;0;0;0;0;3818240;2834189;10230;24;3151134;1;0;0;0
FR;2;2021-07-24;36178;21613;82;0;27471;0;0;0;0;3854418;2855802;10312;24;3178605;1;0;0;0
FR;2;2021-07-25;6751;2608;10;0;3866;0;0;0;0;3861169;2858410;10322;24;3182471;1;0;0;0
FR;2;2021-07-26;36320;22337;91;1;27840;0;0;0;0;3897489;2880747;10413;25;3210311;1;0;0;0
FR;2;2021-07-27;62392;34563;180;0;43710;0;0;0;0;3959881;2915310;10593;25;3254021;1;0;0;0
FR;2;2021-07-28;55326;26425;132;0;34512;0;0;0;0;4015207;2941735;10725;25;3288533;1;0;0;0
FR;2;2021-07-29;68481;32797;189;0;42480;0;0;0;0;4083688;2974532;10914;25;3331013;1;0;0;0
FR;2;2021-07-30;74468;37814;222;1;48605;0;0;0;0;4158156;3012346;11136;26;3379618;1;0;0;0
FR;2;2021-07-31;34778;16207;105;0;21406;0;0;0;0;4192934;3028553;11241;26;3401024;1;0;0;0
FR;2;2021-08-01;5416;2260;19;0;3123;0;0;0;0;4198350;3030813;11260;26;3404147;1;0;0;0
FR;2;2021-08-02;35896;16151;101;0;21053;0;0;0;0;4234246;3046964;11361;26;3425200;1;0;0;0
FR;2;2021-08-03;55988;28258;143;0;35461;0;0;0;0;4290234;3075222;11504;26;3460661;1;0;0;0
FR;2;2021-08-04;46639;20828;128;1;26936;0;0;0;0;4336873;3096050;11632;27;3487597;1;0;0;0
FR;2;2021-08-05;54641;31562;215;0;38738;0;0;0;0;4391514;3127612;11847;27;3526335;1;0;0;0
FR;2;2021-08-06;58098;42397;242;1;50225;0;0;0;0;4449612;3170009;12089;28;3576560;1;0;0;0
FR;2;2021-08-07;25152;17628;89;0;21318;0;0;0;0;4474764;3187637;12178;28;3597878;1;0;0;0
FR;2;2021-08-08;3840;3653;21;0;4311;0;0;0;0;4478604;3191290;12199;28;3602189;1;0;0;0
FR;2;2021-08-09;29308;21023;92;0;24849;0;0;0;0;4507912;3212313;12291;28;3627038;1;0;0;0
FR;2;2021-08-10;45014;33465;155;0;39226;0;0;0;0;4552926;3245778;12446;28;3666264;1;0;0;0
FR;2;2021-08-11;35277;25141;151;0;29741;0;0;0;0;4588203;3270919;12597;28;3696005;1;0;0;0
FR;2;2021-08-12;41905;35692;163;0;41229;0;0;0;0;4630108;3306611;12760;28;3737234;1;0;0;0
FR;2;2021-08-13;42608;37350;218;0;43036;0;0;0;0;4672716;3343961;12978;28;3780270;1;0;0;0
FR;2;2021-08-14;18524;22132;94;0;24763;0;0;0;0;4691240;3366093;13072;28;3805033;1;0;0;0
FR;2;2021-08-15;3865;3795;17;0;4381;0;0;0;0;4695105;3369888;13089;28;3809414;1;0;0;0
FR;2;2021-08-16;25094;27123;111;0;30445;0;0;0;0;4720199;3397011;13200;28;3839859;1;0;0;0
FR;2;2021-08-17;38270;43399;207;2;48383;0;0;0;0;4758469;3440410;13407;30;3888242;1;0;0;0
FR;2;2021-08-18;32254;36352;195;1;40695;0;0;0;0;4790723;3476762;13602;31;3928937;1;0;0;0
FR;2;2021-08-19;37435;46574;224;0;51777;0;0;0;0;4828158;3523336;13826;31;3980714;1;0;0;0
FR;2;2021-08-20;40568;55649;271;1;61575;0;0;0;0;4868726;3578985;14097;32;4042289;1;0;0;0
FR;2;2021-08-21;18121;24321;117;0;27113;0;0;0;0;4886847;3603306;14214;32;4069402;1;0;0;0
FR;2;2021-08-22;2909;4320;22;1;4852;1;0;0;0;4889756;3607626;14236;33;4074254;2;0;0;0
FR;2;2021-08-23;19250;35148;131;1;38037;0;0;0;0;4909006;3642774;14367;34;4112291;2;0;0;0
FR;2;2021-08-24;31952;56037;236;0;60694;0;0;0;0;4940958;3698811;14603;34;4172985;2;0;0;0
FR;2;2021-08-25;25934;43456;251;0;47406;0;0;0;0;4966892;3742267;14854;34;4220391;2;0;0;0
FR;2;2021-08-26;32362;55844;388;0;60583;0;0;0;0;4999254;3798111;15242;34;4280974;2;0;0;0
FR;2;2021-08-27;37004;65679;477;2;71404;0;0;0;0;5036258;3863790;15719;36;4352378;2;0;0;0
FR;2;2021-08-28;17819;28555;300;0;31615;0;0;0;0;5054077;3892345;16019;36;4383993;2;0;0;0
FR;2;2021-08-29;2656;5012;47;0;5623;0;0;0;0;5056733;3897357;16066;36;4389616;2;0;0;0
FR;2;2021-08-30;18418;37727;399;0;40146;756;0;0;0;5075151;3935084;16465;36;4429762;758;0;0;0
FR;2;2021-08-31;28077;57518;887;4;60949;1558;0;0;0;5103228;3992602;17352;40;4490711;2316;0;0;0
FR;2;2021-09-01;21595;39875;1309;0;42256;2128;0;0;0;5124823;4032477;18661;40;4532967;4444;0;0;0
FR;2;2021-09-02;25486;48668;1963;2;50943;3369;0;0;0;5150309;4081145;20624;42;4583910;7813;0;0;0
FR;2;2021-09-03;33414;64575;2988;3;67538;4886;1;0;0;5183723;4145720;23612;45;4651448;12699;1;0;0
FR;2;2021-09-04;16833;27766;1443;1;29557;2386;0;0;0;5200556;4173486;25055;46;4681005;15085;1;0;0
FR;2;2021-09-05;2265;3585;266;0;3941;412;0;0;0;5202821;4177071;25321;46;4684946;15497;1;0;0
FR;2;2021-09-06;14045;28693;1771;1;29758;2945;0;0;0;5216866;4205764;27092;47;4714704;18442;1;0;0
FR;2;2021-09-07;21111;41111;3022;13;42264;4945;0;0;0;5237977;4246875;30114;60;4756968;23387;1;0;0
FR;2;2021-09-08;17248;31921;2735;6;32738;4498;0;0;0;5255225;4278796;32849;66;4789706;27885;1;0;0
FR;2;2021-09-09;20982;40484;4437;3;41228;6842;0;0;0;5276207;4319280;37286;69;4830934;34727;1;0;0
FR;2;2021-09-10;28203;51314;5286;4;51884;8979;1;0;0;5304410;4370594;42572;73;4882818;43706;2;0;0
FR;2;2021-09-11;13655;22460;2405;5;23133;3990;0;0;0;5318065;4393054;44977;78;4905951;47696;2;0;0
FR;2;2021-09-12;1824;2770;292;0;2965;509;0;0;0;5319889;4395824;45269;78;4908916;48205;2;0;0
FR;2;2021-09-13;11659;21441;2474;4;21702;4051;0;0;0;5331548;4417265;47743;82;4930618;52256;2;0;0
FR;2;2021-09-14;18578;32720;5092;13;31678;9055;2;0;0;5350126;4449985;52835;95;4962296;61311;4;0;0
FR;2;2021-09-15;14917;28226;5168;3;26926;7748;9;0;0;5365043;4478211;58003;98;4989222;69059;13;0;0
FR;2;2021-09-16;16078;32798;6737;12;30179;10541;4;0;0;5381121;4511009;64740;110;5019401;79600;17;0;0
FR;2;2021-09-17;20916;47179;8782;10;42825;14631;6;0;0;5402037;4558188;73522;120;5062226;94231;23;0;0
FR;2;2021-09-18;9857;20960;3804;6;19596;6034;1;0;0;5411894;4579148;77326;126;5081822;100265;24;0;0
FR;2;2021-09-19;1166;2590;396;0;2533;631;0;0;0;5413060;4581738;77722;126;5084355;100896;24;0;0
FR;2;2021-09-20;7503;18703;3856;7;17026;6135;4;0;0;5420563;4600441;81578;133;5101381;107031;28;0;0
FR;2;2021-09-21;11215;29983;6495;5;26536;10744;3;0;0;5431778;4630424;88073;138;5127917;117775;31;0;0
FR;2;2021-09-22;9414;23546;5490;6;21194;8526;8;0;0;5441192;4653970;93563;144;5149111;126301;39;0;0
FR;2;2021-09-23;10730;28903;7881;10;24731;12646;10;0;0;5451922;4682873;101444;154;5173842;138947;49;0;0
FR;2;2021-09-24;15075;42945;10878;18;37280;17245;21;0;0;5466997;4725818;112322;172;5211122;156192;70;0;0
FR;2;2021-09-25;7258;18798;3965;9;17152;6120;3;0;0;5474255;4744616;116287;181;5228274;162312;73;0;0
FR;2;2021-09-26;1080;2544;495;0;2490;630;1;0;0;5475335;4747160;116782;181;5230764;162942;74;0;0
FR;2;2021-09-27;6311;16400;4287;8;14792;6533;2;0;0;5481646;4763560;121069;189;5245556;169475;76;0;0
FR;2;2021-09-28;9243;25572;7770;14;21721;12087;7;0;0;5490889;4789132;128839;203;5267277;181562;83;0;0
FR;2;2021-09-29;8081;20200;6067;25;17605;9261;8;0;0;5498970;4809332;134906;228;5284882;190823;91;0;0
FR;2;2021-09-30;9865;25838;9509;16;21639;14099;6;0;0;5508835;4835170;144415;244;5306521;204922;97;0;0
FR;2;2021-10-01;13979;35733;12921;25;30043;19328;9;0;0;5522814;4870903;157336;269;5336564;224250;106;0;0
FR;2;2021-10-02;6874;15934;4850;7;14227;7047;6;0;0;5529688;4886837;162186;276;5350791;231297;112;0;0
FR;2;2021-10-03;841;1909;492;1;1840;502;0;0;0;5530529;4888746;162678;277;5352631;231799;112;0;0
FR;2;2021-10-04;5826;13901;5516;5;12137;7854;6;0;0;5536355;4902647;168194;282;5364768;239653;118;0;0
FR;2;2021-10-05;9058;22570;11125;19;18530;15741;1;0;0;5545413;4925217;179319;301;5383298;255394;119;0;0
FR;2;2021-10-06;7785;17748;8243;11;15274;11091;4;0;0;5553198;4942965;187562;312;5398572;266485;123;0;0
FR;2;2021-10-07;9204;22212;12386;14;18005;16878;6;0;0;5562402;4965177;199948;326;5416577;283363;129;0;0
FR;2;2021-10-08;13432;32144;17349;28;26518;23609;11;0;0;5575834;4997321;217297;354;5443095;306972;140;0;0
FR;2;2021-10-09;6000;12847;6044;6;11381;7897;7;0;0;5581834;5010168;223341;360;5454476;314869;147;0;0
FR;2;2021-10-10;885;1592;436;2;1535;604;1;0;0;5582719;5011760;223777;362;5456011;315473;148;0;0
FR;2;2021-10-11;5607;11544;6455;17;9933;8828;3;0;0;5588326;5023304;230232;379;5465944;324301;151;0;0
FR;2;2021-10-12;8031;17789;12551;13;13921;16790;9;0;0;5596357;5041093;242783;392;5479865;341091;160;0;0
FR;2;2021-10-13;6947;14867;10256;12;11808;13663;7;0;0;5603304;5055960;253039;404;5491673;354754;167;0;0
FR;2;2021-10-14;8314;17940;14996;13;13558;19477;10;0;0;5611618;5073900;268035;417;5505231;374231;177;0;0
FR;2;2021-10-15;11856;26309;20902;26;19412;27981;4;0;0;5623474;5100209;288937;443;5524643;402212;181;0;0
FR;2;2021-10-16;5141;8728;1819;0;8172;3205;2;0;0;5628615;5108937;290756;443;5532815;405417;183;0;0
FR;2;2021-10-17;654;1150;185;0;1083;354;1;0;0;5629269;5110087;290941;443;5533898;405771;184;0;0
FR;2;2021-10-18;4564;7337;665;2;7243;1630;0;0;0;5633833;5117424;291606;445;5541141;407401;184;0;0
FR;2;2021-10-19;6239;9849;732;5;9656;2030;5;0;0;5640072;5127273;292338;450;5550797;409431;189;0;0
FR;2;2021-10-20;5170;8050;759;3;8172;1675;0;0;0;5645242;5135323;293097;453;5558969;411106;189;0;0
FR;2;2021-10-21;6090;9984;780;5;9841;2105;1;0;0;5651332;5145307;293877;458;5568810;413211;190;0;0
FR;2;2021-10-22;8452;14598;1151;4;14474;2891;2;0;0;5659784;5159905;295028;462;5583284;416102;192;0;0
FR;2;2021-10-23;3845;5994;587;0;6127;1235;3;0;0;5663629;5165899;295615;462;5589411;417337;195;0;0
FR;2;2021-10-24;494;882;101;0;900;204;0;0;0;5664123;5166781;295716;462;5590311;417541;195;0;0
FR;2;2021-10-25;3360;5342;307;1;5518;825;2;0;0;5667483;5172123;296023;463;5595829;418366;197;0;0
FR;2;2021-10-26;4177;7236;1134;4;7125;2023;5;0;0;5671660;5179359;297157;467;5602954;420389;202;0;0
FR;2;2021-10-27;3677;6587;1194;5;6448;1990;1;0;0;5675337;5185946;298351;472;5609402;422379;203;0;0
FR;2;2021-10-28;4597;7687;1737;3;7415;2746;1;0;0;5679934;5193633;300088;475;5616817;425125;204;0;0
FR;2;2021-10-29;5414;11082;2438;4;10692;3684;3;0;0;5685348;5204715;302526;479;5627509;428809;207;0;0
FR;2;2021-10-30;2749;4457;976;1;4452;1448;2;0;0;5688097;5209172;303502;480;5631961;430257;209;0;0
FR;2;2021-10-31;364;535;140;1;544;191;1;0;0;5688461;5209707;303642;481;5632505;430448;210;0;0
FR;2;2021-11-01;430;546;181;0;563;267;1;0;0;5688891;5210253;303823;481;5633068;430715;211;0;0
FR;2;2021-11-02;3294;6759;1184;0;6799;1771;5;0;0;5692185;5217012;305007;481;5639867;432486;216;0;0
FR;2;2021-11-03;3340;6226;1389;2;6311;1970;2;0;0;5695525;5223238;306396;483;5646178;434456;218;0;0
FR;2;2021-11-04;3987;7069;1769;4;7109;2495;3;0;0;5699512;5230307;308165;487;5653287;436951;221;0;0
FR;2;2021-11-05;5235;10502;2868;5;10215;3957;5;0;0;5704747;5240809;311033;492;5663502;440908;226;0;0
FR;2;2021-11-06;2597;4684;1407;0;4641;1824;2;0;0;5707344;5245493;312440;492;5668143;442732;228;0;0
FR;2;2021-11-07;506;862;221;0;869;291;2;0;0;5707850;5246355;312661;492;5669012;443023;230;0;0
FR;2;2021-11-08;2578;5348;1207;3;5268;1678;3;0;0;5710428;5251703;313868;495;5674280;444701;233;0;0
FR;2;2021-11-09;2749;6908;2402;5;6442;3182;2;0;0;5713177;5258611;316270;500;5680722;447883;235;0;0
FR;2;2021-11-10;2590;5668;5118;6;4761;6294;7;0;0;5715767;5264279;321388;506;5685483;454177;242;0;0
FR;2;2021-11-11;446;754;755;2;647;938;3;0;0;5716213;5265033;322143;508;5686130;455115;245;0;0
FR;2;2021-11-12;2953;8088;8982;8;6196;10933;9;0;0;5719166;5273121;331125;516;5692326;466048;254;0;0
FR;2;2021-11-13;1539;3373;3872;7;2721;4538;4;0;0;5720705;5276494;334997;523;5695047;470586;258;0;0
FR;2;2021-11-14;258;585;351;1;486;480;3;0;0;5720963;5277079;335348;524;5695533;471066;261;0;0
FR;2;2021-11-15;1621;3655;4449;8;2909;5329;16;0;0;5722584;5280734;339797;532;5698442;476395;277;0;0
FR;2;2021-11-16;2185;5878;8313;14;4155;10082;16;0;0;5724769;5286612;348110;546;5702597;486477;293;0;0
FR;2;2021-11-17;1740;4523;6634;8;3168;7852;5;0;0;5726509;5291135;354744;554;5705765;494329;298;0;0
FR;2;2021-11-18;2192;5920;9188;10;4018;11018;8;0;0;5728701;5297055;363932;564;5709783;505347;306;0;0
FR;2;2021-11-19;2701;7752;12981;19;4832;15480;12;0;0;5731402;5304807;376913;583;5714615;520827;318;0;0
FR;2;2021-11-20;1566;3333;5184;5;2351;6097;3;0;0;5732968;5308140;382097;588;5716966;526924;321;0;0
FR;2;2021-11-21;251;502;543;0;392;655;3;0;0;5733219;5308642;382640;588;5717358;527579;324;0;0
FR;2;2021-11-22;1278;2573;4485;5;1675;5398;9;0;0;5734497;5311215;387125;593;5719033;532977;333;0;0
FR;2;2021-11-23;1617;4277;8207;9;2536;9923;6;0;0;5736114;5315492;395332;602;5721569;542900;339;0;0
FR;2;2021-11-24;1421;3747;7486;14;2246;8736;9;0;0;5737535;5319239;402818;616;5723815;551636;348;0;0
FR;2;2021-11-25;1814;4863;11474;21;2682;13668;6;0;0;5739349;5324102;414292;637;5726497;565304;354;0;0
FR;2;2021-11-26;2541;7735;22676;31;3812;26091;14;0;0;5741890;5331837;436968;668;5730309;591395;368;0;0
FR;2;2021-11-27;1498;4144;12278;19;2127;14042;13;0;0;5743388;5335981;449246;687;5732436;605437;381;0;0
FR;2;2021-11-28;292;836;1976;3;478;2303;5;0;0;5743680;5336817;451222;690;5732914;607740;386;0;0
FR;2;2021-11-29;1449;4349;15099;23;2010;17269;25;0;0;5745129;5341166;466321;713;5734924;625009;411;0;0
FR;2;2021-11-30;1913;6658;26251;36;2640;30013;22;0;0;5747042;5347824;492572;749;5737564;655022;433;0;0
FR;2;2021-12-01;1918;6006;26210;31;2477;29518;20;0;0;5748960;5353830;518782;780;5740041;684540;453;0;0
FR;2;2021-12-02;1916;6780;37736;52;2112;41995;32;0;0;5750876;5360610;556518;832;5742153;726535;485;0;0
FR;2;2021-12-03;2558;10069;53644;111;3592;59391;31;0;0;5753434;5370679;610162;943;5745745;785926;516;0;0
FR;2;2021-12-04;1850;6275;37132;38;2185;40820;16;0;0;5755284;5376954;647294;981;5747930;826746;532;0;0
FR;2;2021-12-05;458;2242;14265;14;533;15990;7;0;0;5755742;5379196;661559;995;5748463;842736;539;0;0
FR;2;2021-12-06;2486;9849;77735;109;2699;84788;25;0;0;5758228;5389045;739294;1104;5751162;927524;564;0;0
FR;2;2021-12-07;3458;15288;122473;238;3742;133795;40;0;0;5761686;5404333;861767;1342;5754904;1061319;604;0;0
FR;2;2021-12-08;3725;15969;133225;330;3847;145413;54;0;0;5765411;5420302;994992;1672;5758751;1206732;658;0;0
FR;2;2021-12-09;4547;19624;170241;554;4165;185638;61;0;0;5769958;5439926;1165233;2226;5762916;1392370;719;0;0
FR;2;2021-12-10;4676;22804;188699;490;5011;206188;69;0;0;5774634;5462730;1353932;2716;5767927;1598558;788;0;0
FR;2;2021-12-11;3688;16621;132468;239;3664;144936;60;0;0;5778322;5479351;1486400;2955;5771591;1743494;848;0;0
FR;2;2021-12-12;1256;7119;59116;83;1015;65170;12;0;0;5779578;5486470;1545516;3038;5772606;1808664;860;0;0
FR;2;2021-12-13;5529;26811;220733;605;5223;243029;159;0;0;5785107;5513281;1766249;3643;5777829;2051693;1019;0;0
FR;2;2021-12-14;7019;37458;300806;909;6136;332278;190;0;0;5792126;5550739;2067055;4552;5783965;2383971;1209;0;0
FR;2;2021-12-15;6555;36216;285264;958;5866;315903;186;0;0;5798681;5586955;2352319;5510;5789831;2699874;1395;0;0
FR;2;2021-12-16;7765;37922;312177;982;6565;343818;186;0;0;5806446;5624877;2664496;6492;5796396;3043692;1581;0;0
FR;2;2021-12-17;8681;41188;327909;976;8020;360986;232;0;0;5815127;5666065;2992405;7468;5804416;3404678;1813;0;0
FR;2;2021-12-18;6515;26527;212374;448;4904;233673;120;0;0;5821642;5692592;3204779;7916;5809320;3638351;1933;0;0
FR;2;2021-12-19;2603;11403;90226;182;1655;100356;26;0;0;5824245;5703995;3295005;8098;5810975;3738707;1959;0;0
FR;2;2021-12-20;9548;33516;275258;707;6587;303404;209;0;0;5833793;5737511;3570263;8805;5817562;4042111;2168;0;0
FR;2;2021-12-21;11567;38270;309662;968;7370;341437;262;0;0;5845360;5775781;3879925;9773;5824932;4383548;2430;0;0
FR;2;2021-12-22;10461;32775;265147;952;6442;292502;316;0;1;5855821;5808556;4145072;10725;5831374;4676050;2746;0;1
FR;2;2021-12-23;9426;26618;199534;701;5874;221292;225;0;0;5865247;5835174;4344606;11426;5837248;4897342;2971;0;1
FR;2;2021-12-24;2783;7466;43866;140;2036;49561;78;0;0;5868030;5842640;4388472;11566;5839284;4946903;3049;0;1
FR;2;2021-12-25;201;671;2003;10;209;2478;15;0;0;5868231;5843311;4390475;11576;5839493;4949381;3064;0;1
FR;2;2021-12-26;1320;4215;25161;71;1052;28693;70;0;0;5869551;5847526;4415636;11647;5840545;4978074;3134;0;1
FR;2;2021-12-27;8076;29928;218437;659;6623;243388;294;0;0;5877627;5877454;4634073;12306;5847168;5221462;3428;0;1
FR;2;2021-12-28;9832;36287;272116;742;6983;302014;957;0;1;5887459;5913741;4906189;13048;5854151;5523476;4385;0;2
FR;2;2021-12-29;9498;32219;246151;765;6403;272697;1088;0;0;5896957;5945960;5152340;13813;5860554;5796173;5473;0;2
FR;2;2021-12-30;9464;28092;208839;663;5970;231480;1155;0;0;5906421;5974052;5361179;14476;5866524;6027653;6628;0;2
FR;2;2021-12-31;3011;8341;54991;176;2170;61233;392;0;0;5909432;5982393;5416170;14652;5868694;6088886;7020;0;2
FR;2;2022-01-01;231;693;2858;7;207;3353;29;0;0;5909663;5983086;5419028;14659;5868901;6092239;7049;0;2
FR;2;2022-01-02;1503;4858;29524;76;1166;33417;217;0;0;5911166;5987944;5448552;14735;5870067;6125656;7266;0;2
FR;2;2022-01-03;9606;35394;266544;806;8498;293919;1672;0;0;5920772;6023338;5715096;15541;5878565;6419575;8938;0;2
FR;2;2022-01-04;12856;45401;342103;1068;9970;377042;2458;0;1;5933628;6068739;6057199;16609;5888535;6796617;11396;0;3
FR;2;2022-01-05;11273;38626;294222;884;8635;323855;2154;0;2;5944901;6107365;6351421;17493;5897170;7120472;13550;0;5
FR;2;2022-01-06;13653;43489;331957;1298;9934;364768;2977;0;1;5958554;6150854;6683378;18791;5907104;7485240;16527;0;6
FR;2;2022-01-07;14224;47608;361123;1271;11231;396466;3159;0;0;5972778;6198462;7044501;20062;5918335;7881706;19686;0;6
FR;2;2022-01-08;7946;28136;201276;515;7209;221702;1531;0;2;5980724;6226598;7245777;20577;5925544;8103408;21217;0;8
FR;2;2022-01-09;2749;8947;62531;137;2069;69498;493;0;0;5983473;6235545;7308308;20714;5927613;8172906;21710;0;8
FR;2;2022-01-10;10100;31906;232509;859;8901;255084;2460;0;0;5993573;6267451;7540817;21573;5936514;8427990;24170;0;8
FR;2;2022-01-11;11466;36236;265946;1030;10055;290652;3380;0;1;6005039;6303687;7806763;22603;5946569;8718642;27550;0;9
FR;2;2022-01-12;8766;29788;206336;863;8717;226178;2798;0;5;6013805;6333475;8013099;23466;5955286;8944820;30348;0;14
FR;2;2022-01-13;9387;31337;224510;831;9039;244858;3463;0;4;6023192;6364812;8237609;24297;5964325;9189678;33811;0;18
FR;2;2022-01-14;9745;35575;254550;920;9842;277654;3979;0;1;6032937;6400387;8492159;25217;5974167;9467332;37790;0;19
FR;2;2022-01-15;5361;19443;140787;363;5321;153647;1929;0;0;6038298;6419830;8632946;25580;5979488;9620979;39719;0;19
FR;2;2022-01-16;1512;5457;35892;81;1619;39818;424;0;0;6039810;6425287;8668838;25661;5981107;9660797;40143;0;19
FR;2;2022-01-17;5546;19264;135421;601;6600;147263;2264;0;2;6045356;6444551;8804259;26262;5987707;9808060;42407;0;21
FR;2;2022-01-18;6422;21480;148647;648;7519;160471;3311;0;0;6051778;6466031;8952906;26910;5995226;9968531;45718;0;21
FR;2;2022-01-19;4398;16304;105112;552;6206;113702;2411;0;1;6056176;6482335;9058018;27462;6001432;10082233;48129;0;22
FR;2;2022-01-20;4873;17573;115304;603;7068;123695;3111;0;2;6061049;6499908;9173322;28065;6008500;10205928;51240;0;24
FR;2;2022-01-21;5198;20041;137357;679;7169;147775;3455;0;1;6066247;6519949;9310679;28744;6015669;10353703;54695;0;25
FR;2;2022-01-22;3033;10956;74265;260;3956;80339;1428;0;0;6069280;6530905;9384944;29004;6019625;10434042;56123;0;25
FR;2;2022-01-23;724;2707;15243;41;1055;16826;238;0;0;6070004;6533612;9400187;29045;6020680;10450868;56361;0;25
FR;2;2022-01-24;3292;12793;75084;431;5843;81019;1994;0;2;6073296;6546405;9475271;29476;6026523;10531887;58355;0;27
FR;2;2022-01-25;3575;14404;79636;496;6650;85461;2879;0;4;6076871;6560809;9554907;29972;6033173;10617348;61234;0;31
FR;2;2022-01-26;2515;10702;58986;363;5331;63035;1958;0;1;6079386;6571511;9613893;30335;6038504;10680383;63192;0;32
FR;2;2022-01-27;2684;11386;64185;391;5738;67972;2462;0;1;6082070;6582897;9678078;30726;6044242;10748355;65654;0;33
FR;2;2022-01-28;3551;18258;91730;430;8612;98907;3399;0;1;6085621;6601155;9769808;31156;6052854;10847262;69053;0;34
FR;2;2022-01-29;1896;9234;48856;164;4170;52929;1374;0;1;6087517;6610389;9818664;31320;6057024;10900191;70427;0;35
FR;2;2022-01-30;464;2206;9457;38;1049;10584;203;0;0;6087981;6612595;9828121;31358;6058073;10910775;70630;0;35
FR;2;2022-01-31;1891;9552;43834;209;4710;47322;1886;0;2;6089872;6622147;9871955;31567;6062783;10958097;72516;0;37
FR;2;2022-02-01;1916;10020;47030;279;4797;50080;2707;0;0;6091788;6632167;9918985;31846;6067580;11008177;75223;0;37
FR;2;2022-02-02;1614;8971;41124;250;4191;44147;2189;0;1;6093402;6641138;9960109;32096;6071771;11052324;77412;0;38
FR;2;2022-02-03;1732;8930;40526;205;4370;42911;2640;0;2;6095134;6650068;10000635;32301;6076141;11095235;80052;0;40
FR;2;2022-02-04;2151;15170;66648;299;7382;71317;3670;0;1;6097285;6665238;10067283;32600;6083523;11166552;83722;0;41
FR;2;2022-02-05;1360;8517;35948;132;4214;39220;1369;0;0;6098645;6673755;10103231;32732;6087737;11205772;85091;0;41
FR;2;2022-02-06;275;1761;6130;16;842;6899;217;0;0;6098920;6675516;10109361;32748;6088579;11212671;85308;0;41
FR;2;2022-02-07;1352;9543;37760;134;4535;41288;1888;0;2;6100272;6685059;10147121;32882;6093114;11253959;87196;0;43
FR;2;2022-02-08;1299;9833;40956;173;4645;43750;2741;0;1;6101571;6694892;10188077;33055;6097759;11297709;89937;0;44
FR;2;2022-02-09;1160;8841;37040;174;3804;40465;1901;0;2;6102731;6703733;10225117;33229;6101563;11338174;91838;0;46
FR;2;2022-02-10;1030;8001;33837;204;3605;36511;2051;0;1;6103761;6711734;10258954;33433;6105168;11374685;93889;0;47
FR;2;2022-02-11;1391;12087;53348;223;5282;57702;2888;0;0;6105152;6723821;10312302;33656;6110450;11432387;96777;0;47
FR;2;2022-02-12;753;6535;27989;86;2792;30808;1113;0;2;6105905;6730356;10340291;33742;6113242;11463195;97890;0;49
FR;2;2022-02-13;200;1340;4836;20;562;5577;141;0;0;6106105;6731696;10345127;33762;6113804;11468772;98031;0;49
FR;2;2022-02-14;836;6732;30274;92;2599;33233;1399;0;1;6106941;6738428;10375401;33854;6116403;11502005;99430;0;50
FR;2;2022-02-15;774;6473;28051;140;2801;29994;1965;0;2;6107715;6744901;10403452;33994;6119204;11531999;101395;0;52
FR;2;2022-02-16;657;5363;22069;124;2529;23635;1569;0;3;6108372;6750264;10425521;34118;6121733;11555634;102964;0;55
FR;2;2022-02-17;518;3786;14152;98;2131;14617;1406;0;2;6108890;6754050;10439673;34216;6123864;11570251;104370;0;57
FR;2;2022-02-18;723;5369;20443;134;3041;21130;1895;0;0;6109613;6759419;10460116;34350;6126905;11591381;106265;0;57
FR;2;2022-02-19;431;3061;10533;66;1699;11247;753;0;2;6110044;6762480;10470649;34416;6128604;11602628;107018;0;59
FR;2;2022-02-20;102;520;1463;3;314;1613;100;0;0;6110146;6763000;10472112;34419;6128918;11604241;107118;0;59
FR;2;2022-02-21;423;2685;9122;65;1569;9499;930;0;0;6110569;6765685;10481234;34484;6130487;11613740;108048;0;59
FR;2;2022-02-22;393;2568;8894;77;1622;8797;1180;0;0;6110962;6768253;10490128;34561;6132109;11622537;109228;0;59
FR;2;2022-02-23;432;2605;8992;82;1522;9269;1022;0;0;6111394;6770858;10499120;34643;6133631;11631806;110250;0;59
FR;2;2022-02-24;314;2039;6805;82;1251;6835;870;0;0;6111708;6772897;10505925;34725;6134882;11638641;111120;0;59
FR;2;2022-02-25;456;3210;11423;107;1979;11286;1560;0;3;6112164;6776107;10517348;34832;6136861;11649927;112680;0;62
FR;2;2022-02-26;297;1892;6038;49;1161;6345;587;0;1;6112461;6777999;10523386;34881;6138022;11656272;113267;0;63
FR;2;2022-02-27;76;313;908;5;214;951;98;0;0;6112537;6778312;10524294;34886;6138236;11657223;113365;0;63
FR;2;2022-02-28;332;1689;5525;53;1088;5531;733;0;0;6112869;6780001;10529819;34939;6139324;11662754;114098;0;63
FR;2;2022-03-01;279;1569;5484;46;952;5201;964;0;2;6113148;6781570;10535303;34985;6140276;11667955;115062;0;65
FR;2;2022-03-02;298;1446;5248;46;878;5092;816;0;1;6113446;6783016;10540551;35031;6141154;11673047;115878;0;66
FR;2;2022-03-03;226;1112;3709;42;721;3486;668;0;1;6113672;6784128;10544260;35073;6141875;11676533;116546;0;67
FR;2;2022-03-04;243;1469;4860;74;983;4506;950;0;1;6113915;6785597;10549120;35147;6142858;11681039;117496;0;68
FR;2;2022-03-05;174;906;2981;34;613;2725;561;0;0;6114089;6786503;10552101;35181;6143471;11683764;118057;0;68
FR;2;2022-03-06;42;188;280;5;110;320;52;0;0;6114131;6786691;10552381;35186;6143581;11684084;118109;0;68
FR;2;2022-03-07;157;659;1989;70;491;1779;472;0;0;6114288;6787350;10554370;35256;6144072;11685863;118581;0;68
FR;2;2022-03-08;144;670;2273;53;461;1908;619;0;0;6114432;6788020;10556643;35309;6144533;11687771;119200;0;68
FR;2;2022-03-09;156;709;2351;37;473;2052;617;0;0;6114588;6788729;10558994;35346;6145006;11689823;119817;0;68
FR;2;2022-03-10;123;603;1695;35;446;1470;456;0;1;6114711;6789332;10560689;35381;6145452;11691293;120273;0;69
FR;2;2022-03-11;172;757;2770;57;505;2369;737;0;1;6114883;6790089;10563459;35438;6145957;11693662;121010;0;70
FR;2;2022-03-12;149;485;1787;27;331;1557;450;0;0;6115032;6790574;10565246;35465;6146288;11695219;121460;0;70
FR;2;2022-03-13;25;75;203;30;45;204;69;0;0;6115057;6790649;10565449;35495;6146333;11695423;121529;0;70
FR;2;2022-03-14;129;470;1572;529;333;1301;951;0;0;6115186;6791119;10567021;36024;6146666;11696724;122480;0;70
FR;2;2022-03-15;139;441;1713;691;333;1333;1186;0;1;6115325;6791560;10568734;36715;6146999;11698057;123666;0;71
FR;2;2022-03-16;142;476;2013;1616;331;1593;2160;0;2;6115467;6792036;10570747;38331;6147330;11699650;125826;0;73
FR;2;2022-03-17;95;413;1412;1192;273;1148;1576;0;1;6115562;6792449;10572159;39523;6147603;11700798;127402;0;74
FR;2;2022-03-18;147;496;2026;1795;335;1669;2313;0;1;6115709;6792945;10574185;41318;6147938;11702467;129715;0;75
FR;2;2022-03-19;108;321;1210;941;219;1015;1259;0;0;6115817;6793266;10575395;42259;6148157;11703482;130974;0;75
FR;2;2022-03-20;13;77;191;59;39;168;115;0;0;6115830;6793343;10575586;42318;6148196;11703650;131089;0;75
FR;2;2022-03-21;98;307;1218;1483;181;1081;1760;0;1;6115928;6793650;10576804;43801;6148377;11704731;132849;0;76
FR;2;2022-03-22;118;391;1533;1830;244;1294;2219;0;0;6116046;6794041;10578337;45631;6148621;11706025;135068;0;76
FR;2;2022-03-23;137;362;1684;3032;232;1475;3374;0;6;6116183;6794403;10580021;48663;6148853;11707500;138442;0;82
FR;2;2022-03-24;117;293;1183;1548;186;1001;1814;0;8;6116300;6794696;10581204;50211;6149039;11708501;140256;0;90
FR;2;2022-03-25;119;361;1807;2451;238;1477;2837;0;8;6116419;6795057;10583011;52662;6149277;11709978;143093;0;98
FR;2;2022-03-26;79;247;1205;1222;138;953;1531;0;5;6116498;6795304;10584216;53884;6149415;11710931;144624;0;103
FR;2;2022-03-27;19;36;154;100;19;133;144;0;0;6116517;6795340;10584370;53984;6149434;11711064;144768;0;103
FR;2;2022-03-28;94;290;1140;1602;189;996;1835;0;6;6116611;6795630;10585510;55586;6149623;11712060;146603;0;109
FR;2;2022-03-29;108;258;1325;2467;167;1105;2760;0;4;6116719;6795888;10586835;58053;6149790;11713165;149363;0;113
FR;2;2022-03-30;91;312;1489;3187;163;1320;3424;0;2;6116810;6796200;10588324;61240;6149953;11714485;152787;0;115
FR;2;2022-03-31;104;284;1277;2332;171;1092;2616;0;3;6116914;6796484;10589601;63572;6150124;11715577;155403;0;118
FR;2;2022-04-01;123;324;1568;2349;164;1323;2667;0;7;6117037;6796808;10591169;65921;6150288;11716900;158070;0;125
FR;2;2022-04-02;81;161;845;891;83;737;1052;0;1;6117118;6796969;10592014;66812;6150371;11717637;159122;0;126
FR;2;2022-04-03;16;53;128;113;27;142;133;0;1;6117134;6797022;10592142;66925;6150398;11717779;159255;0;127
FR;2;2022-04-04;114;249;990;1447;151;799;1693;0;5;6117248;6797271;10593132;68372;6150549;11718578;160948;0;132
FR;2;2022-04-05;143;302;1322;2921;162;1150;3150;0;17;6117391;6797573;10594454;71293;6150711;11719728;164098;0;149
FR;2;2022-04-06;89;261;1308;2522;129;1131;2687;0;10;6117480;6797834;10595762;73815;6150840;11720859;166785;0;159
FR;2;2022-04-07;120;230;1303;2682;141;1042;2958;0;8;6117600;6798064;10597065;76497;6150981;11721901;169743;0;167
FR;2;2022-04-08;126;346;1636;3351;182;1328;3642;0;12;6117726;6798410;10598701;79848;6151163;11723229;173385;0;179
FR;2;2022-04-09;90;219;900;1046;144;732;1288;0;4;6117816;6798629;10599601;80894;6151307;11723961;174673;0;183
FR;2;2022-04-10;37;49;143;162;46;119;200;0;1;6117853;6798678;10599744;81056;6151353;11724080;174873;0;184
FR;2;2022-04-11;88;196;892;1560;122;782;1718;0;6;6117941;6798874;10600636;82616;6151475;11724862;176591;0;190
FR;2;2022-04-12;176;273;1183;2770;175;1062;2903;0;8;6118117;6799147;10601819;85386;6151650;11725924;179494;0;198
FR;2;2022-04-13;147;232;1125;2477;111;989;2671;0;11;6118264;6799379;10602944;87863;6151761;11726913;182165;0;209
FR;2;2022-04-14;115;227;1085;2677;114;919;2911;0;18;6118379;6799606;10604029;90540;6151875;11727832;185076;0;227
FR;2;2022-04-15;114;261;1221;2304;131;1078;2544;0;7;6118493;6799867;10605250;92844;6152006;11728910;187620;0;234
FR;2;2022-04-16;67;108;548;549;68;459;675;0;9;6118560;6799975;10605798;93393;6152074;11729369;188295;0;243
FR;2;2022-04-17;15;28;57;53;17;53;71;0;0;6118575;6800003;10605855;93446;6152091;11729422;188366;0;243
FR;2;2022-04-18;12;35;121;70;18;116;95;0;0;6118587;6800038;10605976;93516;6152109;11729538;188461;0;243
FR;2;2022-04-19;112;237;1120;1750;149;951;1934;0;9;6118699;6800275;10607096;95266;6152258;11730489;190395;0;252
FR;2;2022-04-20;95;243;1110;2172;127;934;2366;0;14;6118794;6800518;10608206;97438;6152385;11731423;192761;0;266
FR;2;2022-04-21;111;233;983;1912;125;838;2141;0;10;6118905;6800751;10609189;99350;6152510;11732261;194902;0;276
FR;2;2022-04-22;100;276;1243;2102;141;1024;2440;0;11;6119005;6801027;10610432;101452;6152651;11733285;197342;0;287
FR;2;2022-04-23;67;156;645;762;107;574;862;0;8;6119072;6801183;10611077;102214;6152758;11733859;198204;0;295
FR;2;2022-04-24;12;30;101;68;12;79;100;0;0;6119084;6801213;10611178;102282;6152770;11733938;198304;0;295
FR;2;2022-04-25;104;204;822;1329;103;711;1528;0;15;6119188;6801417;10612000;103611;6152873;11734649;199832;0;310
FR;2;2022-04-26;110;184;1041;2022;118;879;2219;0;18;6119298;6801601;10613041;105633;6152991;11735528;202051;0;328
FR;2;2022-04-27;98;181;860;1787;122;764;1809;0;7;6119396;6801782;10613901;107420;6153113;11736292;203860;0;335
FR;2;2022-04-28;93;214;949;1931;128;842;2087;0;12;6119489;6801996;10614850;109351;6153241;11737134;205947;0;347
FR;2;2022-04-29;81;282;1133;1697;131;1044;1876;0;11;6119570;6802278;10615983;111048;6153372;11738178;207823;0;358
FR;2;2022-04-30;66;127;471;540;80;430;628;0;9;6119636;6802405;10616454;111588;6153452;11738608;208451;0;367
FR;2;2022-05-01;24;24;84;49;20;85;61;0;1;6119660;6802429;10616538;111637;6153472;11738693;208512;0;368
FR;2;2022-05-02;115;232;764;1217;141;662;1375;0;5;6119775;6802661;10617302;112854;6153613;11739355;209887;0;373
FR;2;2022-05-03;152;233;999;1781;156;938;1895;0;14;6119927;6802894;10618301;114635;6153769;11740293;211782;0;387
FR;2;2022-05-04;90;226;926;1811;116;869;1822;0;13;6120017;6803120;10619227;116446;6153885;11741162;213604;0;400
FR;2;2022-05-05;127;198;857;1732;147;774;1848;0;10;6120144;6803318;10620084;118178;6154032;11741936;215452;0;410
FR;2;2022-05-06;133;246;1100;1855;139;1016;2052;0;16;6120277;6803564;10621184;120033;6154171;11742952;217504;0;426
FR;2;2022-05-07;40;99;470;504;61;406;593;0;4;6120317;6803663;10621654;120537;6154232;11743358;218097;0;430
FR;2;2022-05-08;48;54;107;71;41;102;101;0;0;6120365;6803717;10621761;120608;6154273;11743460;218198;0;430
FR;2;2022-05-09;101;174;654;986;103;604;1130;0;9;6120466;6803891;10622415;121594;6154376;11744064;219328;0;439
FR;2;2022-05-10;121;252;938;1841;155;893;1965;0;23;6120587;6804143;10623353;123435;6154531;11744957;221293;0;462
FR;2;2022-05-11;103;179;816;1879;117;795;1868;0;8;6120690;6804322;10624169;125314;6154648;11745752;223161;0;470
FR;2;2022-05-12;111;174;845;2096;116;803;2213;0;21;6120801;6804496;10625014;127410;6154764;11746555;225374;0;491
FR;2;2022-05-13;100;236;969;2097;122;900;2273;0;13;6120901;6804732;10625983;129507;6154886;11747455;227647;0;504
FR;2;2022-05-14;76;124;451;553;93;411;632;0;6;6120977;6804856;10626434;130060;6154979;11747866;228279;0;510
FR;2;2022-05-15;24;39;94;88;20;108;95;0;1;6121001;6804895;10626528;130148;6154999;11747974;228374;0;511
FR;2;2022-05-16;102;170;601;925;115;537;1037;0;11;6121103;6805065;10627129;131073;6155114;11748511;229411;0;522
FR;2;2022-05-17;95;184;690;1687;119;658;1739;0;8;6121198;6805249;10627819;132760;6155233;11749169;231150;0;530
FR;2;2022-05-18;80;181;643;1431;97;648;1486;0;10;6121278;6805430;10628462;134191;6155330;11749817;232636;0;540
FR;2;2022-05-19;73;161;710;1830;81;752;1816;0;12;6121351;6805591;10629172;136021;6155411;11750569;234452;0;552
FR;2;2022-05-20;107;181;874;1701;111;779;1849;0;17;6121458;6805772;10630046;137722;6155522;11751348;236301;0;569
FR;2;2022-05-21;48;96;398;517;71;339;581;0;8;6121506;6805868;10630444;138239;6155593;11751687;236882;0;577
FR;2;2022-05-22;8;23;69;37;18;57;56;0;0;6121514;6805891;10630513;138276;6155611;11751744;236938;0;577
FR;2;2022-05-23;86;133;498;931;100;469;967;0;7;6121600;6806024;10631011;139207;6155711;11752213;237905;0;584
FR;2;2022-05-24;87;164;627;1626;103;615;1680;0;17;6121687;6806188;10631638;140833;6155814;11752828;239585;0;601
FR;2;2022-05-25;72;146;539;1149;90;494;1260;0;5;6121759;6806334;10632177;141982;6155904;11753322;240845;0;606
FR;2;2022-05-26;12;31;77;45;13;85;56;0;1;6121771;6806365;10632254;142027;6155917;11753407;240901;0;607
FR;2;2022-05-27;44;124;456;818;68;438;893;0;9;6121815;6806489;10632710;142845;6155985;11753845;241794;0;616
FR;2;2022-05-28;28;60;221;244;29;221;266;0;1;6121843;6806549;10632931;143089;6156014;11754066;242060;0;617
FR;2;2022-05-29;13;34;43;25;22;51;28;0;0;6121856;6806583;10632974;143114;6156036;11754117;242088;0;617
FR;2;2022-05-30;65;109;425;755;60;410;806;0;6;6121921;6806692;10633399;143869;6156096;11754527;242894;0;623
FR;2;2022-05-31;76;135;564;1278;92;511;1304;0;12;6121997;6806827;10633963;145147;6156188;11755038;244198;0;635
FR;2;2022-06-01;59;160;564;1075;86;543;1170;0;6;6122056;6806987;10634527;146222;6156274;11755581;245368;0;641
FR;2;2022-06-02;92;178;626;1414;109;593;1520;0;12;6122148;6807165;10635153;147636;6156383;11756174;246888;0;653
FR;2;2022-06-03;71;157;668;1605;96;595;1694;0;19;6122219;6807322;10635821;149241;6156479;11756769;248582;0;672
FR;2;2022-06-04;69;93;283;434;66;269;476;0;11;6122288;6807415;10636104;149675;6156545;11757038;249058;0;683
FR;2;2022-06-05;12;17;63;58;16;47;75;0;1;6122300;6807432;10636167;149733;6156561;11757085;249133;0;684
FR;2;2022-06-06;12;40;93;76;29;92;81;0;4;6122312;6807472;10636260;149809;6156590;11757177;249214;0;688
FR;2;2022-06-07;99;222;667;1535;154;577;1661;0;10;6122411;6807694;10636927;151344;6156744;11757754;250875;0;698
FR;2;2022-06-08;70;119;477;1166;76;411;1262;0;5;6122481;6807813;10637404;152510;6156820;11758165;252137;0;703
FR;2;2022-06-09;93;166;613;1923;107;571;1927;0;18;6122574;6807979;10638017;154433;6156927;11758736;254064;0;721
FR;2;2022-06-10;93;168;650;1683;107;622;1774;0;23;6122667;6808147;10638667;156116;6157034;11759358;255838;0;744
FR;2;2022-06-11;44;85;287;529;42;258;583;0;5;6122711;6808232;10638954;156645;6157076;11759616;256421;0;749
FR;2;2022-06-12;18;38;58;78;27;60;78;0;0;6122729;6808270;10639012;156723;6157103;11759676;256499;0;749
FR;2;2022-06-13;39;121;395;953;63;379;1021;0;6;6122768;6808391;10639407;157676;6157166;11760055;257520;0;755
FR;2;2022-06-14;68;157;599;2088;101;537;2189;0;14;6122836;6808548;10640006;159764;6157267;11760592;259709;0;769
FR;2;2022-06-15;78;104;522;1504;84;444;1641;0;10;6122914;6808652;10640528;161268;6157351;11761036;261350;0;779
FR;2;2022-06-16;127;128;497;1411;123;424;1526;0;12;6123041;6808780;10641025;162679;6157474;11761460;262876;0;791
FR;2;2022-06-17;73;138;589;1817;88;516;1921;0;16;6123114;6808918;10641614;164496;6157562;11761976;264797;0;807
FR;2;2022-06-18;76;93;224;579;81;196;630;0;4;6123190;6809011;10641838;165075;6157643;11762172;265427;0;811
FR;2;2022-06-19;11;17;53;71;7;41;90;0;2;6123201;6809028;10641891;165146;6157650;11762213;265517;0;813
FR;2;2022-06-20;62;125;401;1028;72;392;1105;0;10;6123263;6809153;10642292;166174;6157722;11762605;266622;0;823
FR;2;2022-06-21;108;116;526;2127;105;455;2164;0;22;6123371;6809269;10642818;168301;6157827;11763060;268786;0;845
FR;2;2022-06-22;39;110;462;1889;57;415;1971;0;25;6123410;6809379;10643280;170190;6157884;11763475;270757;0;870
FR;2;2022-06-23;58;109;537;2282;68;452;2400;0;30;6123468;6809488;10643817;172472;6157952;11763927;273157;0;900
FR;2;2022-06-24;66;122;709;3199;65;571;3339;0;38;6123534;6809610;10644526;175671;6158017;11764498;276496;0;938
FR;2;2022-06-25;30;90;298;988;55;254;1041;0;13;6123564;6809700;10644824;176659;6158072;11764752;277537;0;951
FR;2;2022-06-26;30;27;131;194;29;97;236;0;5;6123594;6809727;10644955;176853;6158101;11764849;277773;0;956
FR;2;2022-06-27;79;137;582;2490;94;483;2623;0;39;6123673;6809864;10645537;179343;6158195;11765332;280396;0;995
FR;2;2022-06-28;110;140;812;4817;81;650;4894;0;54;6123783;6810004;10646349;184160;6158276;11765982;285290;0;1049
FR;2;2022-06-29;73;150;776;4436;80;637;4532;0;56;6123856;6810154;10647125;188596;6158356;11766619;289822;0;1105
FR;2;2022-06-30;72;133;834;5177;71;619;5398;0;79;6123928;6810287;10647959;193773;6158427;11767238;295220;0;1184
FR;2;2022-07-01;113;161;1152;6692;95;853;6944;0;92;6124041;6810448;10649111;200465;6158522;11768091;302164;0;1276
FR;2;2022-07-02;69;132;474;1977;82;392;2068;0;27;6124110;6810580;10649585;202442;6158604;11768483;304232;0;1303
FR;2;2022-07-03;23;30;147;334;21;131;357;0;8;6124133;6810610;10649732;202776;6158625;11768614;304589;0;1311
FR;2;2022-07-04;122;184;776;3785;113;612;3971;0;49;6124255;6810794;10650508;206561;6158738;11769226;308560;0;1360
FR;2;2022-07-05;119;187;1121;6818;121;828;6999;0;85;6124374;6810981;10651629;213379;6158859;11770054;315559;0;1445
FR;2;2022-07-06;92;152;951;5807;94;698;5933;0;84;6124466;6811133;10652580;219186;6158953;11770752;321492;0;1529
FR;2;2022-07-07;81;185;1021;6501;116;752;6732;0;101;6124547;6811318;10653601;225687;6159069;11771504;328224;0;1630
FR;2;2022-07-08;65;122;1095;7044;51;758;7235;0;123;6124612;6811440;10654696;232731;6159120;11772262;335459;0;1753
FR;2;2022-07-09;34;62;417;1869;31;299;1919;0;33;6124646;6811502;10655113;234600;6159151;11772561;337378;0;1786
FR;2;2022-07-10;7;17;97;315;8;83;327;0;5;6124653;6811519;10655210;234915;6159159;11772644;337705;0;1791
FR;2;2022-07-11;68;121;683;3826;76;541;3901;0;67;6124721;6811640;10655893;238741;6159235;11773185;341606;0;1858
FR;2;2022-07-12;102;180;1054;6517;107;809;6725;0;119;6124823;6811820;10656947;245258;6159342;11773994;348331;0;1977
FR;2;2022-07-13;65;127;879;4664;75;591;4830;0;78;6124888;6811947;10657826;249922;6159417;11774585;353161;0;2055
FR;2;2022-07-14;6;13;89;250;8;60;269;0;8;6124894;6811960;10657915;250172;6159425;11774645;353430;0;2063
FR;2;2022-07-15;61;129;739;3795;53;560;3961;0;75;6124955;6812089;10658654;253967;6159478;11775205;357391;0;2138
FR;2;2022-07-16;27;54;289;1031;30;242;1077;0;25;6124982;6812143;10658943;254998;6159508;11775447;358468;0;2163
FR;2;2022-07-17;5;12;78;201;6;67;207;0;6;6124987;6812155;10659021;255199;6159514;11775514;358675;0;2169
FR;2;2022-07-18;57;103;514;2510;61;385;2648;0;59;6125044;6812258;10659535;257709;6159575;11775899;361323;0;2228
FR;2;2022-07-19;66;133;770;4258;72;555;4447;0;72;6125110;6812391;10660305;261967;6159647;11776454;365770;0;2300
FR;2;2022-07-20;59;117;582;3179;68;430;3278;0;87;6125169;6812508;10660887;265146;6159715;11776884;369048;0;2387
FR;2;2022-07-21;60;110;673;3680;73;487;3797;0;105;6125229;6812618;10661560;268826;6159788;11777371;372845;0;2492
FR;2;2022-07-22;51;100;700;3550;48;507;3701;0;80;6125280;6812718;10662260;272376;6159836;11777878;376546;0;2572
FR;2;2022-07-23;38;97;290;1175;51;229;1228;0;37;6125318;6812815;10662550;273551;6159887;11778107;377774;0;2609
FR;2;2022-07-24;14;24;69;201;19;68;203;0;7;6125332;6812839;10662619;273752;6159906;11778175;377977;0;2616
FR;2;2022-07-25;50;71;405;1938;60;300;2000;0;56;6125382;6812910;10663024;275690;6159966;11778475;379977;0;2672
FR;2;2022-07-26;57;133;606;3423;67;476;3496;0;113;6125439;6813043;10663630;279113;6160033;11778951;383473;0;2785
FR;2;2022-07-27;42;81;457;2782;50;361;2801;0;89;6125481;6813124;10664087;281895;6160083;11779312;386274;0;2874
FR;2;2022-07-28;29;75;450;2487;36;357;2491;0;78;6125510;6813199;10664537;284382;6160119;11779669;388765;0;2952
FR;2;2022-07-29;68;88;535;2857;63;347;2978;0;73;6125578;6813287;10665072;287239;6160182;11780016;391743;0;3025
FR;2;2022-07-30;22;39;163;776;32;110;796;0;24;6125600;6813326;10665235;288015;6160214;11780126;392539;0;3049
FR;2;2022-07-31;6;13;27;104;12;21;110;0;2;6125606;6813339;10665262;288119;6160226;11780147;392649;0;3051
FR;2;2022-08-01;38;106;323;1262;73;260;1344;0;29;6125644;6813445;10665585;289381;6160299;11780407;393993;0;3080
FR;2;2022-08-02;49;75;325;2061;50;247;2097;0;78;6125693;6813520;10665910;291442;6160349;11780654;396090;0;3158
FR;2;2022-08-03;29;53;260;1611;25;188;1617;0;57;6125722;6813573;10666170;293053;6160374;11780842;397707;0;3215
FR;2;2022-08-04;40;65;306;1692;39;240;1701;0;66;6125762;6813638;10666476;294745;6160413;11781082;399408;0;3281
FR;2;2022-08-05;33;94;328;1881;67;236;1912;0;60;6125795;6813732;10666804;296626;6160480;11781318;401320;0;3341
FR;2;2022-08-06;22;41;106;365;29;82;372;0;10;6125817;6813773;10666910;296991;6160509;11781400;401692;0;3351
FR;2;2022-08-07;7;8;15;69;5;16;71;0;3;6125824;6813781;10666925;297060;6160514;11781416;401763;0;3354
FR;2;2022-08-08;19;35;220;877;22;148;915;0;33;6125843;6813816;10667145;297937;6160536;11781564;402678;0;3387
FR;2;2022-08-09;29;52;279;1474;41;238;1470;0;50;6125872;6813868;10667424;299411;6160577;11781802;404148;0;3437
FR;2;2022-08-10;17;22;213;1134;19;150;1155;0;46;6125889;6813890;10667637;300545;6160596;11781952;405303;0;3483
FR;2;2022-08-11;21;41;174;1038;26;117;1047;0;40;6125910;6813931;10667811;301583;6160622;11782069;406350;0;3523
FR;2;2022-08-12;36;50;184;1046;38;140;1069;0;35;6125946;6813981;10667995;302629;6160660;11782209;407419;0;3558
FR;2;2022-08-13;11;19;47;149;15;53;137;0;5;6125957;6814000;10668042;302778;6160675;11782262;407556;0;3563
FR;2;2022-08-14;1;2;12;52;1;11;54;0;1;6125958;6814002;10668054;302830;6160676;11782273;407610;0;3564
FR;2;2022-08-15;0;5;32;22;2;21;21;0;3;6125958;6814007;10668086;302852;6160678;11782294;407631;0;3567
FR;2;2022-08-16;27;33;144;681;34;120;678;0;33;6125985;6814040;10668230;303533;6160712;11782414;408309;0;3600
FR;2;2022-08-17;18;27;109;738;18;88;744;0;34;6126003;6814067;10668339;304271;6160730;11782502;409053;0;3634
FR;2;2022-08-18;14;30;160;836;14;107;852;0;42;6126017;6814097;10668499;305107;6160744;11782609;409905;0;3676
FR;2;2022-08-19;8;38;118;706;31;88;706;0;33;6126025;6814135;10668617;305813;6160775;11782697;410611;0;3709
FR;2;2022-08-20;6;26;61;197;16;52;201;0;8;6126031;6814161;10668678;306010;6160791;11782749;410812;0;3717
FR;2;2022-08-21;4;14;15;19;6;13;31;0;0;6126035;6814175;10668693;306029;6160797;11782762;410843;0;3717
FR;2;2022-08-22;11;25;116;395;17;73;451;0;13;6126046;6814200;10668809;306424;6160814;11782835;411294;0;3730
FR;2;2022-08-23;11;42;134;671;23;112;679;0;38;6126057;6814242;10668943;307095;6160837;11782947;411973;0;3768
FR;2;2022-08-24;11;28;87;466;21;80;472;0;18;6126068;6814270;10669030;307561;6160858;11783027;412445;0;3786
FR;2;2022-08-25;8;32;109;481;16;69;516;0;17;6126076;6814302;10669139;308042;6160874;11783096;412961;0;3803
FR;2;2022-08-26;16;46;117;720;36;91;713;0;32;6126092;6814348;10669256;308762;6160910;11783187;413674;0;3835
FR;2;2022-08-27;10;19;47;158;16;42;166;0;2;6126102;6814367;10669303;308920;6160926;11783229;413840;0;3837
FR;2;2022-08-28;1;5;5;15;1;7;16;0;1;6126103;6814372;10669308;308935;6160927;11783236;413856;0;3838
FR;2;2022-08-29;24;43;94;400;29;88;396;0;24;6126127;6814415;10669402;309335;6160956;11783324;414252;0;3862
FR;2;2022-08-30;31;54;154;791;34;119;798;0;29;6126158;6814469;10669556;310126;6160990;11783443;415050;0;3891
FR;2;2022-08-31;19;37;85;392;24;79;393;0;25;6126177;6814506;10669641;310518;6161014;11783522;415443;0;3916
FR;2;2022-09-01;19;43;139;600;25;122;609;0;36;6126196;6814549;10669780;311118;6161039;11783644;416052;0;3952
FR;2;2022-09-02;34;57;147;744;34;160;748;0;32;6126230;6814606;10669927;311862;6161073;11783804;416800;0;3984
FR;2;2022-09-03;17;20;83;205;11;67;213;0;7;6126247;6814626;10670010;312067;6161084;11783871;417013;0;3991
FR;2;2022-09-04;8;5;9;31;2;10;30;0;3;6126255;6814631;10670019;312098;6161086;11783881;417043;0;3994
FR;2;2022-09-05;29;32;126;367;24;98;397;0;24;6126284;6814663;10670145;312465;6161110;11783979;417440;0;4018
FR;2;2022-09-06;44;63;158;761;43;153;767;0;36;6126328;6814726;10670303;313226;6161153;11784132;418207;0;4054
FR;2;2022-09-07;21;22;74;375;18;49;387;0;23;6126349;6814748;10670377;313601;6161171;11784181;418594;0;4077
FR;2;2022-09-08;31;58;109;636;41;100;646;0;22;6126380;6814806;10670486;314237;6161212;11784281;419240;0;4099
FR;2;2022-09-09;18;24;126;754;21;74;747;0;48;6126398;6814830;10670612;314991;6161233;11784355;419987;0;4147
FR;2;2022-09-10;14;25;57;117;17;48;131;0;4;6126412;6814855;10670669;315108;6161250;11784403;420118;0;4151
FR;2;2022-09-11;12;5;11;11;3;13;13;0;0;6126424;6814860;10670680;315119;6161253;11784416;420131;0;4151
FR;2;2022-09-12;20;31;70;340;26;56;352;0;16;6126444;6814891;10670750;315459;6161279;11784472;420483;0;4167
FR;2;2022-09-13;15;34;125;670;13;99;674;0;40;6126459;6814925;10670875;316129;6161292;11784571;421157;0;4207
FR;2;2022-09-14;19;23;81;480;20;60;478;0;36;6126478;6814948;10670956;316609;6161312;11784631;421635;0;4243
FR;2;2022-09-15;23;44;126;486;26;102;493;0;47;6126501;6814992;10671082;317095;6161338;11784733;422128;0;4290
FR;2;2022-09-16;22;31;124;563;17;89;585;0;39;6126523;6815023;10671206;317658;6161355;11784822;422713;0;4329
FR;2;2022-09-17;6;20;56;160;15;52;147;0;14;6126529;6815043;10671262;317818;6161370;11784874;422860;0;4343
FR;2;2022-09-18;4;7;13;37;6;10;37;0;3;6126533;6815050;10671275;317855;6161376;11784884;422897;0;4346
FR;2;2022-09-19;26;24;114;353;16;87;381;0;22;6126559;6815074;10671389;318208;6161392;11784971;423278;0;4368
FR;2;2022-09-20;29;27;117;624;21;84;639;0;38;6126588;6815101;10671506;318832;6161413;11785055;423917;0;4406
FR;2;2022-09-21;15;30;100;393;15;78;418;0;22;6126603;6815131;10671606;319225;6161428;11785133;424335;0;4428
FR;2;2022-09-22;19;39;124;581;18;95;619;0;28;6126622;6815170;10671730;319806;6161446;11785228;424954;0;4456
FR;2;2022-09-23;21;38;135;555;22;111;570;0;39;6126643;6815208;10671865;320361;6161468;11785339;425524;0;4495
FR;2;2022-09-24;10;8;52;190;8;37;201;0;7;6126653;6815216;10671917;320551;6161476;11785376;425725;0;4502
FR;2;2022-09-25;9;11;15;29;11;12;33;0;5;6126662;6815227;10671932;320580;6161487;11785388;425758;0;4507
FR;2;2022-09-26;22;41;116;447;27;79;458;0;20;6126684;6815268;10672048;321027;6161514;11785467;426216;0;4527
FR;2;2022-09-27;30;46;162;906;35;108;861;0;52;6126714;6815314;10672210;321933;6161549;11785575;427077;0;4579
FR;2;2022-09-28;15;31;93;421;18;74;439;0;23;6126729;6815345;10672303;322354;6161567;11785649;427516;0;4602
FR;2;2022-09-29;26;48;115;618;23;110;630;0;33;6126755;6815393;10672418;322972;6161590;11785759;428146;0;4635
FR;2;2022-09-30;25;44;111;520;44;84;533;0;31;6126780;6815437;10672529;323492;6161634;11785843;428679;0;4666
FR;2;2022-10-01;11;20;51;128;20;36;129;0;8;6126791;6815457;10672580;323620;6161654;11785879;428808;0;4674
FR;2;2022-10-02;0;5;8;21;4;5;25;0;2;6126791;6815462;10672588;323641;6161658;11785884;428833;0;4676
FR;2;2022-10-03;22;35;85;291;30;69;306;0;22;6126813;6815497;10672673;323932;6161688;11785953;429139;0;4698
FR;2;2022-10-04;17;21;106;601;19;71;620;0;46;6126830;6815518;10672779;324533;6161707;11786024;429759;0;4744
FR;2;2022-10-05;20;31;75;491;26;67;488;0;54;6126850;6815549;10672854;325024;6161733;11786091;430247;0;4798
FR;2;2022-10-06;30;23;74;442;17;71;428;0;65;6126880;6815572;10672928;325466;6161750;11786162;430675;0;4863
FR;2;2022-10-07;21;30;86;499;27;66;503;0;42;6126901;6815602;10673014;325965;6161777;11786228;431178;0;4905
FR;2;2022-10-08;12;8;24;114;3;25;108;0;12;6126913;6815610;10673038;326079;6161780;11786253;431286;0;4917
FR;2;2022-10-09;1;8;15;17;6;11;22;0;5;6126914;6815618;10673053;326096;6161786;11786264;431308;0;4922
FR;2;2022-10-10;18;27;47;223;25;49;218;0;21;6126932;6815645;10673100;326319;6161811;11786313;431526;0;4943
FR;2;2022-10-11;16;15;48;253;11;39;241;0;52;6126948;6815660;10673148;326572;6161822;11786352;431767;0;4995
FR;2;2022-10-12;9;20;52;290;16;36;305;0;56;6126957;6815680;10673200;326862;6161838;11786388;432072;0;5051
FR;2;2022-10-13;11;14;48;271;9;48;261;0;26;6126968;6815694;10673248;327133;6161847;11786436;432333;0;5077
FR;2;2022-10-14;13;30;36;230;18;40;231;0;29;6126981;6815724;10673284;327363;6161865;11786476;432564;0;5106
FR;2;2022-10-15;4;13;22;111;7;17;113;0;15;6126985;6815737;10673306;327474;6161872;11786493;432677;0;5121
FR;2;2022-10-16;0;7;4;11;6;7;8;0;1;6126985;6815744;10673310;327485;6161878;11786500;432685;0;5122
FR;2;2022-10-17;15;19;31;121;18;26;131;0;29;6127000;6815763;10673341;327606;6161896;11786526;432816;0;5151
FR;2;2022-10-18;13;12;68;185;6;34;247;0;46;6127013;6815775;10673409;327791;6161902;11786560;433063;0;5197
FR;2;2022-10-19;8;17;38;184;12;31;222;0;52;6127021;6815792;10673447;327975;6161914;11786591;433285;0;5249
FR;2;2022-10-20;11;29;41;200;15;40;196;0;52;6127032;6815821;10673488;328175;6161929;11786631;433481;0;5301
FR;2;2022-10-21;6;15;60;233;6;53;222;0;31;6127038;6815836;10673548;328408;6161935;11786684;433703;0;5332
FR;2;2022-10-22;8;7;25;102;2;23;103;0;20;6127046;6815843;10673573;328510;6161937;11786707;433806;0;5352
FR;2;2022-10-23;0;3;1;5;3;0;6;0;2;6127046;6815846;10673574;328515;6161940;11786707;433812;0;5354
FR;2;2022-10-24;12;12;16;110;12;16;113;0;20;6127058;6815858;10673590;328625;6161952;11786723;433925;0;5374
FR;2;2022-10-25;12;7;23;138;6;15;145;0;51;6127070;6815865;10673613;328763;6161958;11786738;434070;0;5425
FR;2;2022-10-26;4;3;17;90;2;11;96;0;27;6127074;6815868;10673630;328853;6161960;11786749;434166;0;5452
FR;2;2022-10-27;7;10;18;88;10;20;71;0;27;6127081;6815878;10673648;328941;6161970;11786769;434237;0;5479
FR;2;2022-10-28;5;3;15;91;3;7;92;0;27;6127086;6815881;10673663;329032;6161973;11786776;434329;0;5506
FR;2;2022-10-29;7;8;18;33;6;14;37;0;8;6127093;6815889;10673681;329065;6161979;11786790;434366;0;5514
FR;2;2022-10-30;3;7;5;8;5;2;5;0;1;6127096;6815896;10673686;329073;6161984;11786792;434371;0;5515
FR;2;2022-10-31;2;8;6;49;6;10;48;0;11;6127098;6815904;10673692;329122;6161990;11786802;434419;0;5526
FR;2;2022-11-01;0;5;8;1;5;5;4;0;0;6127098;6815909;10673700;329123;6161995;11786807;434423;0;5526
FR;2;2022-11-02;6;5;12;44;5;12;45;0;11;6127104;6815914;10673712;329167;6162000;11786819;434468;0;5537
FR;2;2022-11-03;6;7;16;77;6;10;75;0;18;6127110;6815921;10673728;329244;6162006;11786829;434543;0;5555
FR;2;2022-11-04;7;12;15;85;10;14;93;0;10;6127117;6815933;10673743;329329;6162016;11786843;434636;0;5565
FR;2;2022-11-05;0;11;13;38;6;17;35;0;6;6127117;6815944;10673756;329367;6162022;11786860;434671;0;5571
FR;2;2022-11-06;0;2;2;1;0;4;0;0;2;6127117;6815946;10673758;329368;6162022;11786864;434671;0;5573
FR;2;2022-11-07;13;8;15;67;6;14;66;0;20;6127130;6815954;10673773;329435;6162028;11786878;434737;0;5593
FR;2;2022-11-08;14;8;18;58;6;14;65;0;27;6127144;6815962;10673791;329493;6162034;11786892;434802;0;5620
FR;2;2022-11-09;4;5;17;56;2;17;50;0;28;6127148;6815967;10673808;329549;6162036;11786909;434852;0;5648
FR;2;2022-11-10;7;10;17;74;7;14;76;0;14;6127155;6815977;10673825;329623;6162043;11786923;434928;0;5662
FR;2;2022-11-11;0;3;9;3;0;10;4;0;0;6127155;6815980;10673834;329626;6162043;11786933;434932;0;5662
FR;2;2022-11-12;2;5;7;19;4;7;19;0;4;6127157;6815985;10673841;329645;6162047;11786940;434951;0;5666
FR;2;2022-11-13;3;2;4;2;1;5;1;0;0;6127160;6815987;10673845;329647;6162048;11786945;434952;0;5666
FR;2;2022-11-14;7;6;13;29;3;10;33;0;7;6127167;6815993;10673858;329676;6162051;11786955;434985;0;5673
FR;2;2022-11-15;8;15;15;35;16;18;32;0;7;6127175;6816008;10673873;329711;6162067;11786973;435017;0;5680
FR;2;2022-11-16;3;6;4;45;6;4;46;0;18;6127178;6816014;10673877;329756;6162073;11786977;435063;0;5698
FR;2;2022-11-17;2;6;12;56;5;9;55;0;22;6127180;6816020;10673889;329812;6162078;11786986;435118;0;5720
FR;2;2022-11-18;3;4;7;41;4;6;44;0;10;6127183;6816024;10673896;329853;6162082;11786992;435162;0;5730
FR;2;2022-11-19;3;3;2;25;3;3;18;0;5;6127186;6816027;10673898;329878;6162085;11786995;435180;0;5735
FR;2;2022-11-20;0;2;6;9;2;6;10;0;26;6127186;6816029;10673904;329887;6162087;11787001;435190;0;5761
FR;2;2022-11-21;6;10;9;31;7;8;34;0;22;6127192;6816039;10673913;329918;6162094;11787009;435224;0;5783
FR;2;2022-11-22;8;8;20;65;6;21;70;0;71;6127200;6816047;10673933;329983;6162100;11787030;435294;0;5854
FR;2;2022-11-23;7;6;8;68;3;5;73;0;8;6127207;6816053;10673941;330051;6162103;11787035;435367;0;5862
FR;2;2022-11-24;2;2;11;50;2;7;57;0;10;6127209;6816055;10673952;330101;6162105;11787042;435424;0;5872
FR;2;2022-11-25;11;8;14;25;11;14;26;0;8;6127220;6816063;10673966;330126;6162116;11787056;435450;0;5880
FR;2;2022-11-26;1;5;4;8;4;7;6;0;0;6127221;6816068;10673970;330134;6162120;11787063;435456;0;5880
FR;2;2022-11-27;2;2;12;2;0;11;4;0;1;6127223;6816070;10673982;330136;6162120;11787074;435460;0;5881
FR;2;2022-11-28;0;2;8;35;1;6;37;0;5;6127223;6816072;10673990;330171;6162121;11787080;435497;0;5886
FR;2;2022-11-29;1;1;10;24;0;4;30;0;8;6127224;6816073;10674000;330195;6162121;11787084;435527;0;5894
FR;2;2022-11-30;2;2;10;47;1;11;44;0;21;6127226;6816075;10674010;330242;6162122;11787095;435571;0;5915
FR;2;2022-12-01;2;12;6;63;9;13;55;0;24;6127228;6816087;10674016;330305;6162131;11787108;435626;0;5939
FR;2;2022-12-02;1;2;12;51;2;10;51;0;27;6127229;6816089;10674028;330356;6162133;11787118;435677;0;5966
FR;2;2022-12-03;1;4;8;19;2;8;18;0;10;6127230;6816093;10674036;330375;6162135;11787126;435695;0;5976
FR;2;2022-12-04;0;0;0;4;0;0;4;0;2;6127230;6816093;10674036;330379;6162135;11787126;435699;0;5978
FR;2;2022-12-05;3;5;8;51;8;4;45;0;16;6127233;6816098;10674044;330430;6162143;11787130;435744;0;5994
FR;2;2022-12-06;3;5;14;45;4;6;48;0;17;6127236;6816103;10674058;330475;6162147;11787136;435792;0;6011
FR;2;2022-12-07;1;5;9;42;3;8;44;0;11;6127237;6816108;10674067;330517;6162150;11787144;435836;0;6022
FR;2;2022-12-08;0;2;11;44;0;6;49;0;16;6127237;6816110;10674078;330561;6162150;11787150;435885;0;6038
FR;2;2022-12-09;0;1;13;52;0;9;57;0;17;6127237;6816111;10674091;330613;6162150;11787159;435942;0;6055
FR;2;2022-12-10;0;3;15;50;1;6;52;0;9;6127237;6816114;10674106;330663;6162151;11787165;435994;0;6064
FR;2;2022-12-11;0;0;2;2;0;2;1;0;3;6127237;6816114;10674108;330665;6162151;11787167;435995;0;6067
FR;2;2022-12-12;1;0;6;37;0;6;36;0;11;6127238;6816114;10674114;330702;6162151;11787173;436031;0;6078
FR;2;2022-12-13;0;3;1;37;2;1;36;0;14;6127238;6816117;10674115;330739;6162153;11787174;436067;0;6092
FR;2;2022-12-14;0;5;8;26;5;3;31;0;14;6127238;6816122;10674123;330765;6162158;11787177;436098;0;6106
FR;2;2022-12-15;0;4;12;43;4;9;44;0;17;6127238;6816126;10674135;330808;6162162;11787186;436142;0;6123
FR;2;2022-12-16;2;4;27;56;3;20;62;0;16;6127240;6816130;10674162;330864;6162165;11787206;436204;0;6139
FR;2;2022-12-17;1;4;10;44;3;6;39;0;5;6127241;6816134;10674172;330908;6162168;11787212;436243;0;6144
FR;2;2022-12-18;1;0;0;0;0;0;0;0;1;6127242;6816134;10674172;330908;6162168;11787212;436243;0;6145
FR;2;2022-12-19;6;5;4;31;6;5;24;0;24;6127248;6816139;10674176;330939;6162174;11787217;436267;0;6169
FR;2;2022-12-20;0;3;6;37;1;7;38;0;24;6127248;6816142;10674182;330976;6162175;11787224;436305;0;6193
FR;2;2022-12-21;0;1;4;13;1;4;13;0;8;6127248;6816143;10674186;330989;6162176;11787228;436318;0;6201
FR;2;2022-12-22;0;5;17;32;2;6;45;0;10;6127248;6816148;10674203;331021;6162178;11787234;436363;0;6211
FR;2;2022-12-23;1;5;15;18;3;12;22;0;4;6127249;6816153;10674218;331039;6162181;11787246;436385;0;6215
FR;2;2022-12-24;0;0;1;1;0;1;1;0;0;6127249;6816153;10674219;331040;6162181;11787247;436386;0;6215
FR;2;2022-12-25;0;1;1;3;0;1;4;0;0;6127249;6816154;10674220;331043;6162181;11787248;436390;0;6215
FR;2;2022-12-26;0;0;7;11;0;5;11;0;3;6127249;6816154;10674227;331054;6162181;11787253;436401;0;6218
FR;2;2022-12-27;0;1;7;5;1;5;7;0;4;6127249;6816155;10674234;331059;6162182;11787258;436408;0;6222
FR;2;2022-12-28;0;2;4;13;2;3;14;0;5;6127249;6816157;10674238;331072;6162184;11787261;436422;0;6227
FR;2;2022-12-29;1;2;4;18;1;5;18;0;7;6127250;6816159;10674242;331090;6162185;11787266;436440;0;6234
FR;2;2022-12-30;1;0;2;8;0;2;7;0;1;6127251;6816159;10674244;331098;6162185;11787268;436447;0;6235
FR;2;2022-12-31;0;0;1;2;0;1;2;0;1;6127251;6816159;10674245;331100;6162185;11787269;436449;0;6236
FR;2;2023-01-01;0;0;0;0;0;0;0;0;0;6127251;6816159;10674245;331100;6162185;11787269;436449;0;6236
FR;2;2023-01-02;5;2;9;21;1;7;23;0;2;6127256;6816161;10674254;331121;6162186;11787276;436472;0;6238
FR;2;2023-01-03;1;0;6;13;0;7;11;0;6;6127257;6816161;10674260;331134;6162186;11787283;436483;0;6244
FR;2;2023-01-04;1;2;9;13;3;7;13;0;6;6127258;6816163;10674269;331147;6162189;11787290;436496;0;6250
FR;2;2023-01-05;0;2;7;6;2;4;7;0;3;6127258;6816165;10674276;331153;6162191;11787294;436503;0;6253
FR;2;2023-01-06;1;0;9;9;0;4;13;0;9;6127259;6816165;10674285;331162;6162191;11787298;436516;0;6262
FR;2;2023-01-07;0;0;4;10;0;4;8;0;5;6127259;6816165;10674289;331172;6162191;11787302;436524;0;6267
FR;2;2023-01-08;0;0;3;3;0;3;3;0;2;6127259;6816165;10674292;331175;6162191;11787305;436527;0;6269
FR;2;2023-01-09;0;2;8;9;2;3;13;0;5;6127259;6816167;10674300;331184;6162193;11787308;436540;0;6274
FR;2;2023-01-10;0;4;4;8;3;3;10;0;6;6127259;6816171;10674304;331192;6162196;11787311;436550;0;6280
FR;2;2023-01-11;3;0;4;7;0;3;9;0;3;6127262;6816171;10674308;331199;6162196;11787314;436559;0;6283
FR;2;2023-01-12;1;0;9;13;0;7;10;0;11;6127263;6816171;10674317;331212;6162196;11787321;436569;0;6294
FR;2;2023-01-13;0;1;5;7;1;3;10;0;3;6127263;6816172;10674322;331219;6162197;11787324;436579;0;6297
FR;2;2023-01-14;0;1;2;6;0;3;6;0;1;6127263;6816173;10674324;331225;6162197;11787327;436585;0;6298
FR;2;2023-01-15;0;0;0;0;0;0;0;0;0;6127263;6816173;10674324;331225;6162197;11787327;436585;0;6298
FR;2;2023-01-16;1;1;5;6;2;2;7;0;1;6127264;6816174;10674329;331231;6162199;11787329;436592;0;6299
FR;2;2023-01-17;1;0;5;4;0;5;3;0;0;6127265;6816174;10674334;331235;6162199;11787334;436595;0;6299
FR;2;2023-01-18;0;0;3;2;0;3;2;0;0;6127265;6816174;10674337;331237;6162199;11787337;436597;0;6299
FR;2;2023-01-19;0;0;1;6;0;1;6;0;6;6127265;6816174;10674338;331243;6162199;11787338;436603;0;6305
FR;2;2023-01-20;0;0;1;8;0;1;8;0;4;6127265;6816174;10674339;331251;6162199;11787339;436611;0;6309
FR;2;2023-01-21;0;0;0;3;0;0;0;0;0;6127265;6816174;10674339;331254;6162199;11787339;436611;0;6309
FR;2;2023-01-22;0;0;0;0;0;0;0;0;0;6127265;6816174;10674339;331254;6162199;11787339;436611;0;6309
FR;2;2023-01-23;0;0;3;3;0;2;3;0;1;6127265;6816174;10674342;331257;6162199;11787341;436614;0;6310
FR;2;2023-01-24;1;3;1;6;3;0;7;0;4;6127266;6816177;10674343;331263;6162202;11787341;436621;0;6314
FR;2;2023-01-25;1;0;0;6;1;0;6;0;0;6127267;6816177;10674343;331269;6162203;11787341;436627;0;6314
FR;2;2023-01-26;1;0;3;7;0;1;9;0;3;6127268;6816177;10674346;331276;6162203;11787342;436636;0;6317
FR;2;2023-01-27;0;2;3;3;1;2;3;0;2;6127268;6816179;10674349;331279;6162204;11787344;436639;0;6319
FR;2;2023-01-28;0;0;0;1;0;0;1;0;0;6127268;6816179;10674349;331280;6162204;11787344;436640;0;6319
FR;2;2023-01-29;0;0;1;0;0;0;1;0;0;6127268;6816179;10674350;331280;6162204;11787344;436641;0;6319
FR;2;2023-01-30;0;1;2;3;1;1;4;0;1;6127268;6816180;10674352;331283;6162205;11787345;436645;0;6320
FR;2;2023-01-31;1;0;3;2;0;2;3;0;0;6127269;6816180;10674355;331285;6162205;11787347;436648;0;6320
FR;2;2023-02-01;0;3;2;0;2;3;0;0;0;6127269;6816183;10674357;331285;6162207;11787350;436648;0;6320
FR;2;2023-02-02;0;2;3;4;1;4;6;0;4;6127269;6816185;10674360;331289;6162208;11787354;436654;0;6324
FR;2;2023-02-03;0;2;1;12;2;0;11;0;9;6127269;6816187;10674361;331301;6162210;11787354;436665;0;6333
FR;2;2023-02-04;0;1;1;0;0;2;0;0;0;6127269;6816188;10674362;331301;6162210;11787356;436665;0;6333
FR;2;2023-02-05;0;0;0;0;0;0;0;0;0;6127269;6816188;10674362;331301;6162210;11787356;436665;0;6333
FR;2;2023-02-06;0;3;2;2;2;3;2;0;0;6127269;6816191;10674364;331303;6162212;11787359;436667;0;6333
FR;2;2023-02-07;2;1;0;0;0;1;0;0;1;6127271;6816192;10674364;331303;6162212;11787360;436667;0;6334
FR;2;2023-02-08;0;0;3;2;0;2;4;0;1;6127271;6816192;10674367;331305;6162212;11787362;436671;0;6335
FR;2;2023-02-09;0;0;1;4;0;2;3;0;3;6127271;6816192;10674368;331309;6162212;11787364;436674;0;6338
FR;2;2023-02-10;0;0;1;3;0;1;2;0;6;6127271;6816192;10674369;331312;6162212;11787365;436676;0;6344
FR;2;2023-02-11;2;2;1;1;0;2;2;0;0;6127273;6816194;10674370;331313;6162212;11787367;436678;0;6344
FR;2;2023-02-12;0;0;0;0;0;0;0;0;0;6127273;6816194;10674370;331313;6162212;11787367;436678;0;6344
FR;2;2023-02-13;3;0;1;5;0;0;5;0;1;6127276;6816194;10674371;331318;6162212;11787367;436683;0;6345
FR;2;2023-02-14;1;2;1;1;2;0;2;0;0;6127277;6816196;10674372;331319;6162214;11787367;436685;0;6345
FR;2;2023-02-15;2;0;1;1;0;1;1;0;0;6127279;6816196;10674373;331320;6162214;11787368;436686;0;6345
FR;2;2023-02-16;1;1;1;1;1;1;1;0;2;6127280;6816197;10674374;331321;6162215;11787369;436687;0;6347
FR;2;2023-02-17;0;0;1;4;0;1;3;0;4;6127280;6816197;10674375;331325;6162215;11787370;436690;0;6351
FR;2;2023-02-18;0;0;4;1;0;4;0;0;1;6127280;6816197;10674379;331326;6162215;11787374;436690;0;6352
FR;2;2023-02-19;0;1;0;0;1;0;0;0;0;6127280;6816198;10674379;331326;6162216;11787374;436690;0;6352
FR;2;2023-02-20;1;0;0;1;0;0;1;0;2;6127281;6816198;10674379;331327;6162216;11787374;436691;0;6354
FR;2;2023-02-21;0;0;0;1;0;0;1;0;2;6127281;6816198;10674379;331328;6162216;11787374;436692;0;6356
FR;2;2023-02-22;1;0;0;3;0;0;3;0;0;6127282;6816198;10674379;331331;6162216;11787374;436695;0;6356
FR;2;2023-02-23;0;0;0;1;0;0;1;0;3;6127282;6816198;10674379;331332;6162216;11787374;436696;0;6359
FR;2;2023-02-24;1;0;1;2;0;0;3;0;0;6127283;6816198;10674380;331334;6162216;11787374;436699;0;6359
FR;2;2023-02-25;0;0;1;2;0;1;2;0;0;6127283;6816198;10674381;331336;6162216;11787375;436701;0;6359
FR;2;2023-02-26;0;0;0;0;0;0;0;0;0;6127283;6816198;10674381;331336;6162216;11787375;436701;0;6359
FR;2;2023-02-27;1;0;1;1;1;1;1;0;0;6127284;6816198;10674382;331337;6162217;11787376;436702;0;6359
FR;2;2023-02-28;1;0;0;0;0;0;0;0;2;6127285;6816198;10674382;331337;6162217;11787376;436702;0;6361
FR;2;2023-03-01;0;2;3;2;1;3;1;0;1;6127285;6816200;10674385;331339;6162218;11787379;436703;0;6362
FR;2;2023-03-02;0;2;2;1;2;1;1;0;1;6127285;6816202;10674387;331340;6162220;11787380;436704;0;6363
FR;2;2023-03-03;1;0;3;1;0;3;1;0;0;6127286;6816202;10674390;331341;6162220;11787383;436705;0;6363
FR;2;2023-03-04;0;0;1;0;0;1;0;0;0;6127286;6816202;10674391;331341;6162220;11787384;436705;0;6363
FR;2;2023-03-05;0;0;0;0;0;0;0;0;0;6127286;6816202;10674391;331341;6162220;11787384;436705;0;6363
FR;2;2023-03-06;0;0;2;1;0;1;2;0;2;6127286;6816202;10674393;331342;6162220;11787385;436707;0;6365
FR;2;2023-03-07;0;1;2;1;1;2;1;0;1;6127286;6816203;10674395;331343;6162221;11787387;436708;0;6366
FR;2;2023-03-08;0;0;0;0;0;0;0;0;2;6127286;6816203;10674395;331343;6162221;11787387;436708;0;6368
FR;2;2023-03-09;0;0;1;1;0;0;2;0;0;6127286;6816203;10674396;331344;6162221;11787387;436710;0;6368
FR;2;2023-03-10;0;0;1;0;0;1;0;0;0;6127286;6816203;10674397;331344;6162221;11787388;436710;0;6368
FR;2;2023-03-11;0;0;4;1;0;3;2;0;0;6127286;6816203;10674401;331345;6162221;11787391;436712;0;6368
FR;2;2023-03-12;0;0;0;0;0;0;0;0;0;6127286;6816203;10674401;331345;6162221;11787391;436712;0;6368
FR;2;2023-03-13;0;0;1;3;0;1;3;0;0;6127286;6816203;10674402;331348;6162221;11787392;436715;0;6368
FR;2;2023-03-14;1;0;0;0;0;0;0;0;0;6127287;6816203;10674402;331348;6162221;11787392;436715;0;6368
FR;2;2023-03-15;0;1;0;3;1;0;3;0;0;6127287;6816204;10674402;331351;6162222;11787392;436718;0;6368
FR;2;2023-03-16;0;1;0;0;1;0;1;0;0;6127287;6816205;10674402;331351;6162223;11787392;436719;0;6368
FR;2;2023-03-17;0;0;1;1;0;1;0;0;0;6127287;6816205;10674403;331352;6162223;11787393;436719;0;6368
FR;2;2023-03-18;0;0;5;0;0;5;0;0;1;6127287;6816205;10674408;331352;6162223;11787398;436719;0;6369
FR;2;2023-03-19;0;0;0;0;0;0;0;0;0;6127287;6816205;10674408;331352;6162223;11787398;436719;0;6369
FR;2;2023-03-20;0;0;1;0;0;1;0;0;0;6127287;6816205;10674409;331352;6162223;11787399;436719;0;6369
FR;2;2023-03-21;0;0;1;2;0;1;2;0;1;6127287;6816205;10674410;331354;6162223;11787400;436721;0;6370
FR;2;2023-03-22;0;0;0;0;0;0;0;0;1;6127287;6816205;10674410;331354;6162223;11787400;436721;0;6371
FR;2;2023-03-23;0;1;0;0;1;0;0;0;1;6127287;6816206;10674410;331354;6162224;11787400;436721;0;6372
FR;2;2023-03-24;0;1;0;2;1;0;2;0;2;6127287;6816207;10674410;331356;6162225;11787400;436723;0;6374
FR;2;2023-03-25;0;0;1;2;0;1;2;0;0;6127287;6816207;10674411;331358;6162225;11787401;436725;0;6374
FR;2;2023-03-26;0;1;1;0;1;1;0;0;0;6127287;6816208;10674412;331358;6162226;11787402;436725;0;6374
FR;2;2023-03-27;0;2;2;0;2;2;0;0;1;6127287;6816210;10674414;331358;6162228;11787404;436725;0;6375
FR;2;2023-03-28;0;0;0;0;0;0;0;0;1;6127287;6816210;10674414;331358;6162228;11787404;436725;0;6376
FR;2;2023-03-29;0;0;0;2;0;0;2;0;0;6127287;6816210;10674414;331360;6162228;11787404;436727;0;6376
FR;2;2023-03-30;0;0;0;0;0;0;0;0;0;6127287;6816210;10674414;331360;6162228;11787404;436727;0;6376
FR;2;2023-03-31;0;1;0;1;1;0;1;0;0;6127287;6816211;10674414;331361;6162229;11787404;436728;0;6376
FR;2;2023-04-01;0;0;1;0;0;0;1;0;0;6127287;6816211;10674415;331361;6162229;11787404;436729;0;6376
FR;2;2023-04-02;0;0;0;0;0;0;0;0;0;6127287;6816211;10674415;331361;6162229;11787404;436729;0;6376
FR;2;2023-04-03;0;1;0;2;1;0;2;0;1;6127287;6816212;10674415;331363;6162230;11787404;436731;0;6377
FR;2;2023-04-04;0;0;0;2;0;0;2;0;0;6127287;6816212;10674415;331365;6162230;11787404;436733;0;6377
FR;2;2023-04-05;0;0;0;0;0;0;0;0;0;6127287;6816212;10674415;331365;6162230;11787404;436733;0;6377
FR;2;2023-04-06;0;1;0;0;1;0;0;0;0;6127287;6816213;10674415;331365;6162231;11787404;436733;0;6377
FR;2;2023-04-07;0;0;0;1;0;0;1;0;0;6127287;6816213;10674415;331366;6162231;11787404;436734;0;6377
FR;2;2023-04-08;0;0;0;0;0;0;0;0;0;6127287;6816213;10674415;331366;6162231;11787404;436734;0;6377
FR;2;2023-04-09;0;0;1;0;0;1;0;0;0;6127287;6816213;10674416;331366;6162231;11787405;436734;0;6377
FR;2;2023-04-10;0;2;0;0;1;1;0;0;0;6127287;6816215;10674416;331366;6162232;11787406;436734;0;6377
FR;2;2023-04-11;0;0;0;0;0;0;0;0;1;6127287;6816215;10674416;331366;6162232;11787406;436734;0;6378
FR;2;2023-04-12;0;0;0;0;0;0;0;0;0;6127287;6816215;10674416;331366;6162232;11787406;436734;0;6378
FR;2;2023-04-13;0;0;1;0;0;1;0;0;0;6127287;6816215;10674417;331366;6162232;11787407;436734;0;6378
FR;2;2023-04-14;0;0;0;1;0;0;1;0;0;6127287;6816215;10674417;331367;6162232;11787407;436735;0;6378
FR;2;2023-04-15;0;0;0;0;0;0;0;0;0;6127287;6816215;10674417;331367;6162232;11787407;436735;0;6378
FR;2;2023-04-16;0;0;0;0;0;0;0;0;0;6127287;6816215;10674417;331367;6162232;11787407;436735;0;6378
FR;2;2023-04-17;1;1;0;0;1;0;0;0;0;6127288;6816216;10674417;331367;6162233;11787407;436735;0;6378
FR;2;2023-04-18;0;0;1;0;0;0;1;0;0;6127288;6816216;10674418;331367;6162233;11787407;436736;0;6378
FR;3;2020-12-27;0;0;0;0;0;0;0;0;0;0;0;0;0;0;0;0;0;0
FR;3;2020-12-28;0;0;0;0;0;0;0;0;0;0;0;0;0;0;0;0;0;0
FR;3;2020-12-29;0;0;0;0;0;0;0;0;0;0;0;0;0;0;0;0;0;0
FR;3;2020-12-30;0;0;0;0;0;0;0;0;0;0;0;0;0;0;0;0;0;0
FR;3;2020-12-31;0;0;0;0;0;0;0;0;0;0;0;0;0;0;0;0;0;0
FR;3;2021-01-01;0;0;0;0;0;0;0;0;0;0;0;0;0;0;0;0;0;0
FR;3;2021-01-02;0;0;0;0;0;0;0;0;0;0;0;0;0;0;0;0;0;0
FR;3;2021-01-03;0;0;0;0;0;0;0;0;0;0;0;0;0;0;0;0;0;0
FR;3;2021-01-04;0;0;0;0;0;0;0;0;0;0;0;0;0;0;0;0;0;0
FR;3;2021-01-05;0;0;0;0;0;0;0;0;0;0;0;0;0;0;0;0;0;0
FR;3;2021-01-06;0;0;0;0;0;0;0;0;0;0;0;0;0;0;0;0;0;0
FR;3;2021-01-07;0;0;0;0;0;0;0;0;0;0;0;0;0;0;0;0;0;0
FR;3;2021-01-08;0;0;0;0;0;0;0;0;0;0;0;0;0;0;0;0;0;0
FR;3;2021-01-09;0;0;0;0;0;0;0;0;0;0;0;0;0;0;0;0;0;0
FR;3;2021-01-10;0;0;0;0;0;0;0;0;0;0;0;0;0;0;0;0;0;0
FR;3;2021-01-11;0;0;0;0;0;0;0;0;0;0;0;0;0;0;0;0;0;0
FR;3;2021-01-12;0;0;0;0;0;0;0;0;0;0;0;0;0;0;0;0;0;0
FR;3;2021-01-13;0;0;0;0;0;0;0;0;0;0;0;0;0;0;0;0;0;0
FR;3;2021-01-14;0;0;0;0;0;0;0;0;0;0;0;0;0;0;0;0;0;0
FR;3;2021-01-15;0;0;0;0;0;0;0;0;0;0;0;0;0;0;0;0;0;0
FR;3;2021-01-16;0;0;0;0;0;0;0;0;0;0;0;0;0;0;0;0;0;0
FR;3;2021-01-17;0;0;0;0;0;0;0;0;0;0;0;0;0;0;0;0;0;0
FR;3;2021-01-18;0;0;0;0;0;0;0;0;0;0;0;0;0;0;0;0;0;0
FR;3;2021-01-19;0;0;0;0;0;0;0;0;0;0;0;0;0;0;0;0;0;0
FR;3;2021-01-20;0;0;0;0;0;0;0;0;0;0;0;0;0;0;0;0;0;0
FR;3;2021-01-21;0;0;0;0;0;0;0;0;0;0;0;0;0;0;0;0;0;0
FR;3;2021-01-22;0;0;0;0;0;0;0;0;0;0;0;0;0;0;0;0;0;0
FR;3;2021-01-23;0;0;0;0;0;0;0;0;0;0;0;0;0;0;0;0;0;0
FR;3;2021-01-24;0;0;0;0;0;0;0;0;0;0;0;0;0;0;0;0;0;0
FR;3;2021-01-25;0;0;0;0;0;0;0;0;0;0;0;0;0;0;0;0;0;0
FR;3;2021-01-26;0;0;0;0;0;0;0;0;0;0;0;0;0;0;0;0;0;0
FR;3;2021-01-27;0;0;0;0;0;0;0;0;0;0;0;0;0;0;0;0;0;0
FR;3;2021-01-28;0;0;0;0;0;0;0;0;0;0;0;0;0;0;0;0;0;0
FR;3;2021-01-29;0;0;0;0;0;0;0;0;0;0;0;0;0;0;0;0;0;0
FR;3;2021-01-30;0;0;0;0;0;0;0;0;0;0;0;0;0;0;0;0;0;0
FR;3;2021-01-31;0;0;0;0;0;0;0;0;0;0;0;0;0;0;0;0;0;0
FR;3;2021-02-01;0;0;0;0;0;0;0;0;0;0;0;0;0;0;0;0;0;0
FR;3;2021-02-02;0;0;0;0;0;0;0;0;0;0;0;0;0;0;0;0;0;0
FR;3;2021-02-03;0;0;0;0;0;0;0;0;0;0;0;0;0;0;0;0;0;0
FR;3;2021-02-04;0;0;0;0;0;0;0;0;0;0;0;0;0;0;0;0;0;0
FR;3;2021-02-05;0;0;0;0;0;0;0;0;0;0;0;0;0;0;0;0;0;0
FR;3;2021-02-06;1477;0;0;0;106;0;0;0;0;1477;0;0;0;106;0;0;0;0
FR;3;2021-02-07;1423;2;0;0;87;0;0;0;0;2900;2;0;0;193;0;0;0;0
FR;3;2021-02-08;2789;1;0;0;177;0;0;0;0;5689;3;0;0;370;0;0;0;0
FR;3;2021-02-09;6786;0;0;0;502;0;0;0;0;12475;3;0;0;872;0;0;0;0
FR;3;2021-02-10;9612;0;0;0;695;0;0;0;0;22087;3;0;0;1567;0;0;0;0
FR;3;2021-02-11;13620;4;0;0;919;0;0;0;0;35707;7;0;0;2486;0;0;0;0
FR;3;2021-02-12;13410;0;0;0;907;0;0;0;0;49117;7;0;0;3393;0;0;0;0
FR;3;2021-02-13;3800;1;0;0;218;0;0;0;0;52917;8;0;0;3611;0;0;0;0
FR;3;2021-02-14;975;1;0;0;53;0;0;0;0;53892;9;0;0;3664;0;0;0;0
FR;3;2021-02-15;10497;2;0;0;719;0;0;0;0;64389;11;0;0;4383;0;0;0;0
FR;3;2021-02-16;12556;5;0;0;871;0;0;0;0;76945;16;0;0;5254;0;0;0;0
FR;3;2021-02-17;11159;1;0;0;717;0;0;0;0;88104;17;0;0;5971;0;0;0;0
FR;3;2021-02-18;14943;2;0;0;985;0;0;0;0;103047;19;0;0;6956;0;0;0;0
FR;3;2021-02-19;14364;1;0;0;846;0;0;0;0;117411;20;0;0;7802;0;0;0;0
FR;3;2021-02-20;3332;0;0;0;178;0;0;0;0;120743;20;0;0;7980;0;0;0;0
FR;3;2021-02-21;620;0;0;0;35;0;0;0;0;121363;20;0;0;8015;0;0;0;0
FR;3;2021-02-22;9171;1;0;0;654;0;0;0;0;130534;21;0;0;8669;0;0;0;0
FR;3;2021-02-23;11406;6;0;0;761;0;0;0;0;141940;27;0;0;9430;0;0;0;0
FR;3;2021-02-24;14305;1;0;0;829;0;0;0;0;156245;28;0;0;10259;0;0;0;0
FR;3;2021-02-25;44935;3;0;0;1814;0;0;0;0;201180;31;0;0;12073;0;0;0;0
FR;3;2021-02-26;61889;13;0;0;2201;0;0;0;0;263069;44;0;0;14274;0;0;0;0
FR;3;2021-02-27;34811;14;0;0;1028;0;0;0;0;297880;58;0;0;15302;0;0;0;0
FR;3;2021-02-28;2464;0;0;0;114;0;0;0;0;300344;58;0;0;15416;0;0;0;0
FR;3;2021-03-01;20521;21;0;0;1067;0;0;0;0;320865;79;0;0;16483;0;0;0;0
FR;3;2021-03-02;38878;25;0;0;1790;0;0;0;0;359743;104;0;0;18273;0;0;0;0
FR;3;2021-03-03;48750;18;0;0;2130;0;0;0;0;408493;122;0;0;20403;0;0;0;0
FR;3;2021-03-04;82228;25;0;0;3193;0;0;0;0;490721;147;0;0;23596;0;0;0;0
FR;3;2021-03-05;118138;42;0;0;4692;0;0;0;0;608859;189;0;0;28288;0;0;0;0
FR;3;2021-03-06;120727;65;1;0;3559;0;0;0;0;729586;254;1;0;31847;0;0;0;0
FR;3;2021-03-07;55186;23;0;0;1729;0;0;0;0;784772;277;1;0;33576;0;0;0;0
FR;3;2021-03-08;42814;29;0;0;2074;0;0;0;0;827586;306;1;0;35650;0;0;0;0
FR;3;2021-03-09;78978;51;0;0;3288;0;0;0;0;906564;357;1;0;38938;0;0;0;0
FR;3;2021-03-10;80985;67;0;0;3243;0;0;0;0;987549;424;1;0;42181;0;0;0;0
FR;3;2021-03-11;128447;66;0;0;4766;0;0;0;0;1115996;490;1;0;46947;0;0;0;0
FR;3;2021-03-12;182719;122;0;0;6279;0;0;0;0;1298715;612;1;0;53226;0;0;0;0
FR;3;2021-03-13;132160;91;0;0;3530;0;0;0;0;1430875;703;1;0;56756;0;0;0;0
FR;3;2021-03-14;14061;6;0;0;550;0;0;0;0;1444936;709;1;0;57306;0;0;0;0
FR;3;2021-03-15;52242;82;0;0;2097;0;0;0;0;1497178;791;1;0;59403;0;0;0;0
FR;3;2021-03-16;1221;51;0;0;105;0;0;0;0;1498399;842;1;0;59508;0;0;0;0
FR;3;2021-03-17;950;56;0;0;95;0;0;0;0;1499349;898;1;0;59603;0;0;0;0
FR;3;2021-03-18;1576;42;0;0;102;0;0;0;0;1500925;940;1;0;59705;0;0;0;0
FR;3;2021-03-19;70458;56;0;0;2060;0;0;0;0;1571383;996;1;0;61765;0;0;0;0
FR;3;2021-03-20;65242;51;0;0;1702;0;0;0;0;1636625;1047;1;0;63467;0;0;0;0
FR;3;2021-03-21;5761;8;0;0;199;0;0;0;0;1642386;1055;1;0;63666;0;0;0;0
FR;3;2021-03-22;37511;49;0;0;1052;0;0;0;0;1679897;1104;1;0;64718;0;0;0;0
FR;3;2021-03-23;84670;87;0;0;2288;0;0;0;0;1764567;1191;1;0;67006;0;0;0;0
FR;3;2021-03-24;90955;99;0;0;2491;0;0;0;0;1855522;1290;1;0;69497;0;0;0;0
FR;3;2021-03-25;150068;149;0;0;3792;0;0;0;0;2005590;1439;1;0;73289;0;0;0;0
FR;3;2021-03-26;165431;157;0;0;4148;0;0;0;0;2171021;1596;1;0;77437;0;0;0;0
FR;3;2021-03-27;68465;101;0;0;2004;0;0;0;0;2239486;1697;1;0;79441;0;0;0;0
FR;3;2021-03-28;6480;20;0;0;238;0;0;0;0;2245966;1717;1;0;79679;0;0;0;0
FR;3;2021-03-29;54171;83;0;0;1480;0;0;0;0;2300137;1800;1;0;81159;0;0;0;0
FR;3;2021-03-30;93185;103;0;0;2564;0;0;0;0;2393322;1903;1;0;83723;0;0;0;0
FR;3;2021-03-31;63546;110;0;0;1964;0;0;0;0;2456868;2013;1;0;85687;0;0;0;0
FR;3;2021-04-01;86136;115;0;0;2495;0;0;0;0;2543004;2128;1;0;88182;0;0;0;0
FR;3;2021-04-02;86915;187;0;0;2766;0;0;0;0;2629919;2315;1;0;90948;0;0;0;0
FR;3;2021-04-03;35876;133;0;0;1164;0;0;0;0;2665795;2448;1;0;92112;0;0;0;0
FR;3;2021-04-04;3577;19;0;0;164;0;0;0;0;2669372;2467;1;0;92276;0;0;0;0
FR;3;2021-04-05;4492;40;0;0;236;0;0;0;0;2673864;2507;1;0;92512;0;0;0;0
FR;3;2021-04-06;29763;105;0;0;1091;0;0;0;0;2703627;2612;1;0;93603;0;0;0;0
FR;3;2021-04-07;32350;113;0;0;1052;0;0;0;0;2735977;2725;1;0;94655;0;0;0;0
FR;3;2021-04-08;78826;273;0;0;2618;0;0;0;0;2814803;2998;1;0;97273;0;0;0;0
FR;3;2021-04-09;161764;454;0;0;5180;0;0;0;0;2976567;3452;1;0;102453;0;0;0;0
FR;3;2021-04-10;75765;364;0;0;2696;0;0;0;0;3052332;3816;1;0;105149;0;0;0;0
FR;3;2021-04-11;7316;47;0;0;306;0;0;0;0;3059648;3863;1;0;105455;0;0;0;0
FR;3;2021-04-12;51484;219;0;0;1738;0;0;0;0;3111132;4082;1;0;107193;0;0;0;0
FR;3;2021-04-13;86236;364;0;0;2911;0;0;0;0;3197368;4446;1;0;110104;0;0;0;0
FR;3;2021-04-14;67847;377;0;0;2429;0;0;0;0;3265215;4823;1;0;112533;0;0;0;0
FR;3;2021-04-15;93246;404;0;0;3442;0;0;0;0;3358461;5227;1;0;115975;0;0;0;0
FR;3;2021-04-16;112532;627;0;0;4342;0;0;0;0;3470993;5854;1;0;120317;0;0;0;0
FR;3;2021-04-17;53319;371;1;0;2277;0;0;0;0;3524312;6225;2;0;122594;0;0;0;0
FR;3;2021-04-18;9752;49;0;0;423;0;0;0;0;3534064;6274;2;0;123017;0;0;0;0
FR;3;2021-04-19;25117;287;0;0;1093;0;0;0;0;3559181;6561;2;0;124110;0;0;0;0
FR;3;2021-04-20;45676;438;0;0;1908;0;0;0;0;3604857;6999;2;0;126018;0;0;0;0
FR;3;2021-04-21;38988;552;0;0;1896;0;0;0;0;3643845;7551;2;0;127914;0;0;0;0
FR;3;2021-04-22;54723;875;0;0;2827;0;0;0;0;3698568;8426;2;0;130741;0;0;0;0
FR;3;2021-04-23;70493;1094;0;0;3696;0;0;0;0;3769061;9520;2;0;134437;0;0;0;0
FR;3;2021-04-24;37253;1101;0;0;2490;0;0;0;0;3806314;10621;2;0;136927;0;0;0;0
FR;3;2021-04-25;6213;158;0;0;446;0;0;0;0;3812527;10779;2;0;137373;0;0;0;0
FR;3;2021-04-26;19792;699;0;0;1434;0;0;0;0;3832319;11478;2;0;138807;0;0;0;0
FR;3;2021-04-27;34486;1337;0;0;2595;0;0;0;0;3866805;12815;2;0;141402;0;0;0;0
FR;3;2021-04-28;28971;2046;0;0;3163;0;0;0;0;3895776;14861;2;0;144565;0;0;0;0
FR;3;2021-04-29;45393;6125;0;0;7944;0;0;0;0;3941169;20986;2;0;152509;0;0;0;0
FR;3;2021-04-30;55465;9117;1;0;11512;0;0;0;0;3996634;30103;3;0;164021;0;0;0;0
FR;3;2021-05-01;9518;2064;0;0;2495;0;0;0;0;4006152;32167;3;0;166516;0;0;0;0
FR;3;2021-05-02;3081;465;0;0;610;0;0;0;0;4009233;32632;3;0;167126;0;0;0;0
FR;3;2021-05-03;13067;3940;0;0;4507;0;0;0;0;4022300;36572;3;0;171633;0;0;0;0
FR;3;2021-05-04;23123;8374;0;0;9441;0;0;0;0;4045423;44946;3;0;181074;0;0;0;0
FR;3;2021-05-05;18767;10832;0;0;11770;0;0;0;0;4064190;55778;3;0;192844;0;0;0;0
FR;3;2021-05-06;34632;21264;0;0;22814;0;0;0;0;4098822;77042;3;0;215658;0;0;0;0
FR;3;2021-05-07;44211;28903;0;0;31206;0;0;0;0;4143033;105945;3;0;246864;0;0;0;0
FR;3;2021-05-08;6786;9193;0;0;9559;0;0;0;0;4149819;115138;3;0;256423;0;0;0;0
FR;3;2021-05-09;1797;2666;0;0;2767;0;0;0;0;4151616;117804;3;0;259190;0;0;0;0
FR;3;2021-05-10;15001;12916;0;0;13609;0;0;0;0;4166617;130720;3;0;272799;0;0;0;0
FR;3;2021-05-11;27100;26274;0;0;27547;0;0;0;0;4193717;156994;3;0;300346;0;0;0;0
FR;3;2021-05-12;17273;28142;0;0;29080;0;0;0;0;4210990;185136;3;0;329426;0;0;0;0
FR;3;2021-05-13;2285;3510;0;0;3630;0;0;0;0;4213275;188646;3;0;333056;0;0;0;0
FR;3;2021-05-14;14521;26084;0;0;26865;0;0;0;0;4227796;214730;3;0;359921;0;0;0;0
FR;3;2021-05-15;7233;21086;0;0;21516;0;0;0;0;4235029;235816;3;0;381437;0;0;0;0
FR;3;2021-05-16;977;2649;0;0;2695;0;0;0;0;4236006;238465;3;0;384132;0;0;0;0
FR;3;2021-05-17;7967;20223;0;0;20667;0;0;0;0;4243973;258688;3;0;404799;0;0;0;0
FR;3;2021-05-18;13418;30158;0;0;30920;0;0;0;0;4257391;288846;3;0;435719;0;0;0;0
FR;3;2021-05-19;9277;30526;0;0;31120;0;0;0;0;4266668;319372;3;0;466839;0;0;0;0
FR;3;2021-05-20;12808;53831;3;0;54758;0;0;0;0;4279476;373203;6;0;521597;0;0;0;0
FR;3;2021-05-21;12771;66183;2;0;67114;0;0;0;0;4292247;439386;8;0;588711;0;0;0;0
FR;3;2021-05-22;4967;33780;1;0;34163;0;0;0;0;4297214;473166;9;0;622874;0;0;0;0
FR;3;2021-05-23;651;2663;0;0;2695;0;0;0;0;4297865;475829;9;0;625569;0;0;0;0
FR;3;2021-05-24;885;4785;0;0;4829;0;0;0;0;4298750;480614;9;0;630398;0;0;0;0
FR;3;2021-05-25;5314;46733;1;0;47137;0;0;0;0;4304064;527347;10;0;677535;0;0;0;0
FR;3;2021-05-26;4982;52191;1;0;52665;0;0;0;0;4309046;579538;11;0;730200;0;0;0;0
FR;3;2021-05-27;6338;79067;3;0;79678;0;0;0;0;4315384;658605;14;0;809878;0;0;0;0
FR;3;2021-05-28;7546;100334;2;0;101140;0;0;0;0;4322930;758939;16;0;911018;0;0;0;0
FR;3;2021-05-29;3350;61184;1;0;61566;0;0;0;0;4326280;820123;17;0;972584;0;0;0;0
FR;3;2021-05-30;551;8078;0;0;8127;0;0;0;0;4326831;828201;17;0;980711;0;0;0;0
FR;3;2021-05-31;2442;35484;3;0;35750;0;0;0;0;4329273;863685;20;0;1016461;0;0;0;0
FR;3;2021-06-01;3418;64902;10;0;65354;0;0;0;0;4332691;928587;30;0;1081815;0;0;0;0
FR;3;2021-06-02;2735;58931;6;0;59266;0;0;0;0;4335426;987518;36;0;1141081;0;0;0;0
FR;3;2021-06-03;3496;87200;10;0;87739;0;0;0;0;4338922;1074718;46;0;1228820;0;0;0;0
FR;3;2021-06-04;4125;105869;22;0;106535;0;0;0;0;4343047;1180587;68;0;1335355;0;0;0;0
FR;3;2021-06-05;1983;52608;4;0;52926;0;0;0;0;4345030;1233195;72;0;1388281;0;0;0;0
FR;3;2021-06-06;511;5269;1;0;5317;0;0;0;0;4345541;1238464;73;0;1393598;0;0;0;0
FR;3;2021-06-07;1487;30715;11;0;30896;0;0;0;0;4347028;1269179;84;0;1424494;0;0;0;0
FR;3;2021-06-08;2066;47424;18;0;47770;0;0;0;0;4349094;1316603;102;0;1472264;0;0;0;0
FR;3;2021-06-09;1796;41810;13;0;42115;0;0;0;0;4350890;1358413;115;0;1514379;0;0;0;0
FR;3;2021-06-10;2261;67663;17;0;68061;0;0;0;0;4353151;1426076;132;0;1582440;0;0;0;0
FR;3;2021-06-11;2493;96633;34;0;97109;0;0;0;0;4355644;1522709;166;0;1679549;0;0;0;0
FR;3;2021-06-12;1179;40557;6;0;40789;0;0;0;0;4356823;1563266;172;0;1720338;0;0;0;0
FR;3;2021-06-13;283;3606;3;0;3641;0;0;0;0;4357106;1566872;175;0;1723979;0;0;0;0
FR;3;2021-06-14;1051;42317;17;0;42486;0;0;0;0;4358157;1609189;192;0;1766465;0;0;0;0
FR;3;2021-06-15;1379;80352;20;0;80657;0;0;0;0;4359536;1689541;212;0;1847122;0;0;0;0
FR;3;2021-06-16;1263;65506;20;0;65779;0;0;0;0;4360799;1755047;232;0;1912901;0;0;0;0
FR;3;2021-06-17;1667;102291;41;0;102677;0;0;0;0;4362466;1857338;273;0;2015578;0;0;0;0
FR;3;2021-06-18;1873;118467;63;0;118937;0;0;0;0;4364339;1975805;336;0;2134515;0;0;0;0
FR;3;2021-06-19;804;39454;22;0;39649;0;0;0;0;4365143;2015259;358;0;2174164;0;0;0;0
FR;3;2021-06-20;162;3195;0;0;3224;0;0;0;0;4365305;2018454;358;0;2177388;0;0;0;0
FR;3;2021-06-21;775;39089;16;0;39247;0;0;0;0;4366080;2057543;374;0;2216635;0;0;0;0
FR;3;2021-06-22;1065;70094;52;0;70364;0;0;0;0;4367145;2127637;426;0;2286999;0;0;0;0
FR;3;2021-06-23;946;50832;39;0;51104;0;0;0;0;4368091;2178469;465;0;2338103;0;0;0;0
FR;3;2021-06-24;1314;77298;48;0;77671;0;0;0;0;4369405;2255767;513;0;2415774;0;0;0;0
FR;3;2021-06-25;1410;90853;73;0;91286;0;0;0;0;4370815;2346620;586;0;2507060;0;0;0;0
FR;3;2021-06-26;631;33112;29;0;33304;0;0;0;0;4371446;2379732;615;0;2540364;0;0;0;0
FR;3;2021-06-27;168;3779;1;0;3803;0;0;0;0;4371614;2383511;616;0;2544167;0;0;0;0
FR;3;2021-06-28;655;29930;27;0;30124;0;0;0;0;4372269;2413441;643;0;2574291;0;0;0;0
FR;3;2021-06-29;856;56655;95;0;56899;0;0;0;0;4373125;2470096;738;0;2631190;0;0;0;0
FR;3;2021-06-30;905;45215;93;0;45483;0;0;0;0;4374030;2515311;831;0;2676673;0;0;0;0
FR;3;2021-07-01;1164;66128;108;0;66477;0;0;0;0;4375194;2581439;939;0;2743150;0;0;0;0
FR;3;2021-07-02;1305;90527;170;0;91010;0;0;0;0;4376499;2671966;1109;0;2834160;0;0;0;0
FR;3;2021-07-03;602;31187;51;0;31388;0;0;0;0;4377101;2703153;1160;0;2865548;0;0;0;0
FR;3;2021-07-04;144;3967;3;0;3997;0;0;0;0;4377245;2707120;1163;0;2869545;0;0;0;0
FR;3;2021-07-05;613;33605;60;0;33806;0;0;0;0;4377858;2740725;1223;0;2903351;0;0;0;0
FR;3;2021-07-06;965;55935;88;0;56246;0;0;0;0;4378823;2796660;1311;0;2959597;0;0;0;0
FR;3;2021-07-07;874;42964;80;0;43262;0;0;0;0;4379697;2839624;1391;0;3002859;0;0;0;0
FR;3;2021-07-08;1127;60812;99;0;61222;0;0;0;0;4380824;2900436;1490;0;3064081;0;0;0;0
FR;3;2021-07-09;1261;68940;128;0;69405;0;0;0;0;4382085;2969376;1618;0;3133486;0;0;0;0
FR;3;2021-07-10;644;25019;59;0;25216;0;0;0;0;4382729;2994395;1677;0;3158702;0;0;0;0
FR;3;2021-07-11;132;3173;4;0;3198;0;0;0;0;4382861;2997568;1681;0;3161900;0;0;0;0
FR;3;2021-07-12;662;23597;59;0;23810;0;0;0;0;4383523;3021165;1740;0;3185710;0;0;0;0
FR;3;2021-07-13;1648;34426;90;0;34916;0;0;0;0;4385171;3055591;1830;0;3220626;0;0;0;0
FR;3;2021-07-14;272;2476;2;0;2533;0;0;0;0;4385443;3058067;1832;0;3223159;0;0;0;0
FR;3;2021-07-15;1941;30418;85;0;30993;0;0;0;0;4387384;3088485;1917;0;3254152;0;0;0;0
FR;3;2021-07-16;2520;38619;122;0;39353;0;0;0;0;4389904;3127104;2039;0;3293505;0;0;0;0
FR;3;2021-07-17;1051;13725;26;0;14033;0;0;0;0;4390955;3140829;2065;0;3307538;0;0;0;0
FR;3;2021-07-18;266;2549;3;0;2597;0;0;0;0;4391221;3143378;2068;0;3310135;0;0;0;0
FR;3;2021-07-19;1280;16885;38;0;17253;0;0;0;0;4392501;3160263;2106;0;3327388;0;0;0;0
FR;3;2021-07-20;1823;26931;98;0;27473;0;0;0;0;4394324;3187194;2204;0;3354861;0;0;0;0
FR;3;2021-07-21;1652;19472;44;0;19977;0;0;0;0;4395976;3206666;2248;0;3374838;0;0;0;0
FR;3;2021-07-22;1856;27647;83;0;28212;0;0;0;0;4397832;3234313;2331;0;3403050;0;0;0;0
FR;3;2021-07-23;2217;30212;117;0;30949;0;0;0;0;4400049;3264525;2448;0;3433999;0;0;0;0
FR;3;2021-07-24;828;6928;25;0;7151;0;0;0;0;4400877;3271453;2473;0;3441150;0;0;0;0
FR;3;2021-07-25;210;1287;1;0;1342;0;0;0;0;4401087;3272740;2474;0;3442492;0;0;0;0
FR;3;2021-07-26;933;10508;28;0;10816;0;0;0;0;4402020;3283248;2502;0;3453308;0;0;0;0
FR;3;2021-07-27;1171;16802;56;0;17165;0;0;0;0;4403191;3300050;2558;0;3470473;0;0;0;0
FR;3;2021-07-28;989;12000;40;0;12312;0;0;0;0;4404180;3312050;2598;0;3482785;0;0;0;0
FR;3;2021-07-29;1127;15677;63;0;16090;0;0;0;0;4405307;3327727;2661;0;3498875;0;0;0;0
FR;3;2021-07-30;1129;17991;79;0;18366;0;0;0;0;4406436;3345718;2740;0;3517241;0;0;0;0
FR;3;2021-07-31;407;3710;15;0;3836;0;0;0;0;4406843;3349428;2755;0;3521077;0;0;0;0
FR;3;2021-08-01;117;445;1;0;467;0;0;0;0;4406960;3349873;2756;0;3521544;0;0;0;0
FR;3;2021-08-02;424;5015;22;0;5136;0;0;0;0;4407384;3354888;2778;0;3526680;0;0;0;0
FR;3;2021-08-03;498;7466;27;0;7599;0;0;0;0;4407882;3362354;2805;0;3534279;0;0;0;0
FR;3;2021-08-04;440;4831;26;0;4976;0;0;0;0;4408322;3367185;2831;0;3539255;0;0;0;0
FR;3;2021-08-05;433;3653;13;0;3763;0;0;0;0;4408755;3370838;2844;0;3543018;0;0;0;0
FR;3;2021-08-06;456;4699;30;0;4800;0;0;0;0;4409211;3375537;2874;0;3547818;0;0;0;0
FR;3;2021-08-07;214;1900;11;0;1946;0;0;0;0;4409425;3377437;2885;0;3549764;0;0;0;0
FR;3;2021-08-08;251;423;2;0;456;0;0;0;0;4409676;3377860;2887;0;3550220;0;0;0;0
FR;3;2021-08-09;320;2377;11;0;2447;0;0;0;0;4409996;3380237;2898;0;3552667;0;0;0;0
FR;3;2021-08-10;369;3735;15;0;3823;0;0;0;0;4410365;3383972;2913;0;3556490;0;0;0;0
FR;3;2021-08-11;291;2640;15;0;2700;0;0;0;0;4410656;3386612;2928;0;3559190;0;0;0;0
FR;3;2021-08-12;279;2563;13;0;2651;0;0;0;0;4410935;3389175;2941;0;3561841;0;0;0;0
FR;3;2021-08-13;279;2254;16;0;2340;0;0;0;0;4411214;3391429;2957;0;3564181;0;0;0;0
FR;3;2021-08-14;172;874;1;0;905;0;0;0;0;4411386;3392303;2958;0;3565086;0;0;0;0
FR;3;2021-08-15;56;174;0;0;183;0;0;0;0;4411442;3392477;2958;0;3565269;0;0;0;0
FR;3;2021-08-16;126;1002;8;0;1041;0;0;0;0;4411568;3393479;2966;0;3566310;0;0;0;0
FR;3;2021-08-17;191;1430;8;0;1471;0;0;0;0;4411759;3394909;2974;0;3567781;0;0;0;0
FR;3;2021-08-18;205;1309;10;0;1351;0;0;0;0;4411964;3396218;2984;0;3569132;0;0;0;0
FR;3;2021-08-19;165;1373;10;0;1420;0;0;0;0;4412129;3397591;2994;0;3570552;0;0;0;0
FR;3;2021-08-20;167;1595;16;0;1657;0;0;0;0;4412296;3399186;3010;0;3572209;0;0;0;0
FR;3;2021-08-21;94;576;2;0;591;0;0;0;0;4412390;3399762;3012;0;3572800;0;0;0;0
FR;3;2021-08-22;42;192;1;0;195;0;0;0;0;4412432;3399954;3013;0;3572995;0;0;0;0
FR;3;2021-08-23;141;885;7;0;930;0;0;0;0;4412573;3400839;3020;0;3573925;0;0;0;0
FR;3;2021-08-24;125;924;10;0;956;0;0;0;0;4412698;3401763;3030;0;3574881;0;0;0;0
FR;3;2021-08-25;137;820;3;0;849;0;0;0;0;4412835;3402583;3033;0;3575730;0;0;0;0
FR;3;2021-08-26;172;824;9;0;872;0;0;0;0;4413007;3403407;3042;0;3576602;0;0;0;0
FR;3;2021-08-27;178;937;9;0;989;0;0;0;0;4413185;3404344;3051;0;3577591;0;0;0;0
FR;3;2021-08-28;101;374;4;0;391;0;0;0;0;4413286;3404718;3055;0;3577982;0;0;0;0
FR;3;2021-08-29;128;129;1;0;162;0;0;0;0;4413414;3404847;3056;0;3578144;0;0;0;0
FR;3;2021-08-30;100;560;0;0;469;108;0;0;0;4413514;3405407;3056;0;3578613;108;0;0;0
FR;3;2021-08-31;134;682;7;0;587;134;0;0;0;4413648;3406089;3063;0;3579200;242;0;0;0
FR;3;2021-09-01;122;461;5;0;383;106;0;0;0;4413770;3406550;3068;0;3579583;348;0;0;0
FR;3;2021-09-02;100;595;22;0;531;105;0;0;0;4413870;3407145;3090;0;3580114;453;0;0;0
FR;3;2021-09-03;116;552;17;0;477;116;0;0;0;4413986;3407697;3107;0;3580591;569;0;0;0
FR;3;2021-09-04;55;295;3;0;256;50;0;0;0;4414041;3407992;3110;0;3580847;619;0;0;0
FR;3;2021-09-05;52;65;5;0;55;25;0;0;0;4414093;3408057;3115;0;3580902;644;0;0;0
FR;3;2021-09-06;118;367;4;0;261;130;0;0;0;4414211;3408424;3119;0;3581163;774;0;0;0
FR;3;2021-09-07;125;431;14;0;347;116;0;0;0;4414336;3408855;3133;0;3581510;890;0;0;0
FR;3;2021-09-08;122;344;2;0;274;87;0;0;0;4414458;3409199;3135;0;3581784;977;0;0;0
FR;3;2021-09-09;94;378;8;0;298;103;0;0;0;4414552;3409577;3143;0;3582082;1080;0;0;0
FR;3;2021-09-10;101;402;3;0;332;93;0;0;0;4414653;3409979;3146;0;3582414;1173;0;0;0
FR;3;2021-09-11;79;232;4;0;177;65;0;0;0;4414732;3410211;3150;0;3582591;1238;0;0;0
FR;3;2021-09-12;37;49;1;0;38;16;0;0;0;4414769;3410260;3151;0;3582629;1254;0;0;0
FR;3;2021-09-13;78;298;7;0;215;102;1;0;0;4414847;3410558;3158;0;3582844;1356;1;0;0
FR;3;2021-09-14;75;271;6;0;191;94;0;0;0;4414922;3410829;3164;0;3583035;1450;1;0;0
FR;3;2021-09-15;64;252;3;0;257;6;0;0;0;4414986;3411081;3167;0;3583292;1456;1;0;0
FR;3;2021-09-16;65;320;6;0;331;6;0;0;0;4415051;3411401;3173;0;3583623;1462;1;0;0
FR;3;2021-09-17;52;327;3;0;339;6;0;0;0;4415103;3411728;3176;0;3583962;1468;1;0;0
FR;3;2021-09-18;37;172;1;0;176;1;0;0;0;4415140;3411900;3177;0;3584138;1469;1;0;0
FR;3;2021-09-19;29;31;2;0;34;1;0;0;0;4415169;3411931;3179;0;3584172;1470;1;0;0
FR;3;2021-09-20;82;188;0;0;196;1;0;0;0;4415251;3412119;3179;0;3584368;1471;1;0;0
FR;3;2021-09-21;60;273;7;0;277;8;0;0;0;4415311;3412392;3186;0;3584645;1479;1;0;0
FR;3;2021-09-22;67;229;6;0;242;7;0;0;0;4415378;3412621;3192;0;3584887;1486;1;0;0
FR;3;2021-09-23;37;257;11;0;261;7;0;0;0;4415415;3412878;3203;0;3585148;1493;1;0;0
FR;3;2021-09-24;29;315;12;0;313;18;0;0;0;4415444;3413193;3215;0;3585461;1511;1;0;0
FR;3;2021-09-25;31;144;3;0;150;3;0;0;0;4415475;3413337;3218;0;3585611;1514;1;0;0
FR;3;2021-09-26;16;57;1;0;59;1;0;0;0;4415491;3413394;3219;0;3585670;1515;1;0;0
FR;3;2021-09-27;49;282;3;0;285;5;0;0;0;4415540;3413676;3222;0;3585955;1520;1;0;0
FR;3;2021-09-28;49;245;6;0;253;8;0;0;0;4415589;3413921;3228;0;3586208;1528;1;0;0
FR;3;2021-09-29;40;218;10;0;222;15;0;0;0;4415629;3414139;3238;0;3586430;1543;1;0;0
FR;3;2021-09-30;40;200;8;0;204;11;0;0;0;4415669;3414339;3246;0;3586634;1554;1;0;0
FR;3;2021-10-01;23;159;6;0;161;8;0;0;0;4415692;3414498;3252;0;3586795;1562;1;0;0
FR;3;2021-10-02;17;88;0;0;89;0;0;0;0;4415709;3414586;3252;0;3586884;1562;1;0;0
FR;3;2021-10-03;19;19;1;0;19;2;0;0;0;4415728;3414605;3253;0;3586903;1564;1;0;0
FR;3;2021-10-04;33;157;4;0;162;4;0;0;0;4415761;3414762;3257;0;3587065;1568;1;0;0
FR;3;2021-10-05;17;148;10;0;153;12;0;0;0;4415778;3414910;3267;0;3587218;1580;1;0;0
FR;3;2021-10-06;34;145;9;0;153;10;0;0;0;4415812;3415055;3276;0;3587371;1590;1;0;0
FR;3;2021-10-07;20;132;6;0;130;6;0;0;0;4415832;3415187;3282;0;3587501;1596;1;0;0
FR;3;2021-10-08;25;136;10;0;141;9;0;0;0;4415857;3415323;3292;0;3587642;1605;1;0;0
FR;3;2021-10-09;17;72;1;0;73;1;0;0;0;4415874;3415395;3293;0;3587715;1606;1;0;0
FR;3;2021-10-10;13;17;2;0;16;3;0;0;0;4415887;3415412;3295;0;3587731;1609;1;0;0
FR;3;2021-10-11;17;117;4;0;122;5;0;0;0;4415904;3415529;3299;0;3587853;1614;1;0;0
FR;3;2021-10-12;22;99;6;0;99;6;0;0;0;4415926;3415628;3305;0;3587952;1620;1;0;0
FR;3;2021-10-13;25;114;9;0;121;7;0;0;0;4415951;3415742;3314;0;3588073;1627;1;0;0
FR;3;2021-10-14;19;138;3;0;139;4;0;0;0;4415970;3415880;3317;0;3588212;1631;1;0;0
FR;3;2021-10-15;23;140;8;0;139;13;0;0;0;4415993;3416020;3325;0;3588351;1644;1;0;0
FR;3;2021-10-16;13;66;6;0;65;8;0;0;0;4416006;3416086;3331;0;3588416;1652;1;0;0
FR;3;2021-10-17;13;24;0;0;26;0;0;0;0;4416019;3416110;3331;0;3588442;1652;1;0;0
FR;3;2021-10-18;18;112;2;0;117;2;0;0;0;4416037;3416222;3333;0;3588559;1654;1;0;0
FR;3;2021-10-19;18;112;19;0;113;21;0;0;0;4416055;3416334;3352;0;3588672;1675;1;0;0
FR;3;2021-10-20;27;124;6;0;126;7;0;0;0;4416082;3416458;3358;0;3588798;1682;1;0;0
FR;3;2021-10-21;28;120;17;0;120;13;0;0;0;4416110;3416578;3375;0;3588918;1695;1;0;0
FR;3;2021-10-22;25;103;18;0;102;21;0;0;0;4416135;3416681;3393;0;3589020;1716;1;0;0
FR;3;2021-10-23;17;53;3;0;53;2;0;0;0;4416152;3416734;3396;0;3589073;1718;1;0;0
FR;3;2021-10-24;7;36;0;0;34;0;0;0;0;4416159;3416770;3396;0;3589107;1718;1;0;0
FR;3;2021-10-25;27;141;7;0;145;7;0;0;0;4416186;3416911;3403;0;3589252;1725;1;0;0
FR;3;2021-10-26;25;96;22;0;93;19;0;0;0;4416211;3417007;3425;0;3589345;1744;1;0;0
FR;3;2021-10-27;19;91;9;0;93;9;0;0;0;4416230;3417098;3434;0;3589438;1753;1;0;0
FR;3;2021-10-28;23;114;33;0;111;36;0;0;0;4416253;3417212;3467;0;3589549;1789;1;0;0
FR;3;2021-10-29;12;98;64;0;92;54;0;0;0;4416265;3417310;3531;0;3589641;1843;1;0;0
FR;3;2021-10-30;11;62;11;1;62;10;0;0;0;4416276;3417372;3542;1;3589703;1853;1;0;0
FR;3;2021-10-31;8;25;1;0;25;1;0;0;0;4416284;3417397;3543;1;3589728;1854;1;0;0
FR;3;2021-11-01;11;22;2;0;23;1;0;0;0;4416295;3417419;3545;1;3589751;1855;1;0;0
FR;3;2021-11-02;11;100;10;0;100;12;0;0;0;4416306;3417519;3555;1;3589851;1867;1;0;0
FR;3;2021-11-03;22;105;10;0;113;10;0;0;0;4416328;3417624;3565;1;3589964;1877;1;0;0
FR;3;2021-11-04;20;88;6;0;93;5;0;0;0;4416348;3417712;3571;1;3590057;1882;1;0;0
FR;3;2021-11-05;19;119;9;1;125;6;1;0;0;4416367;3417831;3580;2;3590182;1888;2;0;0
FR;3;2021-11-06;11;54;3;0;56;3;0;0;0;4416378;3417885;3583;2;3590238;1891;2;0;0
FR;3;2021-11-07;6;23;1;0;24;1;0;0;0;4416384;3417908;3584;2;3590262;1892;2;0;0
FR;3;2021-11-08;12;124;7;0;129;5;0;0;0;4416396;3418032;3591;2;3590391;1897;2;0;0
FR;3;2021-11-09;15;123;6;0;125;6;0;0;0;4416411;3418155;3597;2;3590516;1903;2;0;0
FR;3;2021-11-10;15;130;15;0;128;16;0;0;0;4416426;3418285;3612;2;3590644;1919;2;0;0
FR;3;2021-11-11;12;49;3;0;51;3;0;0;0;4416438;3418334;3615;2;3590695;1922;2;0;0
FR;3;2021-11-12;15;126;6;0;128;5;0;0;0;4416453;3418460;3621;2;3590823;1927;2;0;0
FR;3;2021-11-13;7;66;9;0;61;10;0;0;0;4416460;3418526;3630;2;3590884;1937;2;0;0
FR;3;2021-11-14;3;24;1;0;24;1;0;0;0;4416463;3418550;3631;2;3590908;1938;2;0;0
FR;3;2021-11-15;7;161;11;0;158;12;0;0;0;4416470;3418711;3642;2;3591066;1950;2;0;0
FR;3;2021-11-16;9;125;11;0;120;10;0;0;0;4416479;3418836;3653;2;3591186;1960;2;0;0
FR;3;2021-11-17;8;134;11;0;135;8;0;0;0;4416487;3418970;3664;2;3591321;1968;2;0;0
FR;3;2021-11-18;16;131;10;0;132;11;0;0;0;4416503;3419101;3674;2;3591453;1979;2;0;0
FR;3;2021-11-19;12;178;23;0;173;28;0;0;0;4416515;3419279;3697;2;3591626;2007;2;0;0
FR;3;2021-11-20;6;101;6;0;102;6;0;0;0;4416521;3419380;3703;2;3591728;2013;2;0;0
FR;3;2021-11-21;3;24;4;0;23;4;0;0;0;4416524;3419404;3707;2;3591751;2017;2;0;0
FR;3;2021-11-22;11;185;11;0;185;11;0;0;0;4416535;3419589;3718;2;3591936;2028;2;0;0
FR;3;2021-11-23;9;181;16;0;179;15;0;0;0;4416544;3419770;3734;2;3592115;2043;2;0;0
FR;3;2021-11-24;11;180;9;0;172;17;0;0;0;4416555;3419950;3743;2;3592287;2060;2;0;0
FR;3;2021-11-25;12;197;11;0;196;11;0;0;0;4416567;3420147;3754;2;3592483;2071;2;0;0
FR;3;2021-11-26;10;251;35;0;250;33;1;0;0;4416577;3420398;3789;2;3592733;2104;3;0;0
FR;3;2021-11-27;8;124;20;0;123;21;0;0;0;4416585;3420522;3809;2;3592856;2125;3;0;0
FR;3;2021-11-28;3;56;7;0;57;7;0;0;0;4416588;3420578;3816;2;3592913;2132;3;0;0
FR;3;2021-11-29;5;214;22;0;209;23;1;0;0;4416593;3420792;3838;2;3593122;2155;4;0;0
FR;3;2021-11-30;9;281;31;0;280;33;1;0;0;4416602;3421073;3869;2;3593402;2188;5;0;0
FR;3;2021-12-01;30;316;39;0;314;41;2;0;0;4416632;3421389;3908;2;3593716;2229;7;0;0
FR;3;2021-12-02;9;337;33;0;333;36;0;0;0;4416641;3421726;3941;2;3594049;2265;7;0;0
FR;3;2021-12-03;6;364;37;0;360;38;0;0;0;4416647;3422090;3978;2;3594409;2303;7;0;0
FR;3;2021-12-04;3;201;26;0;197;28;0;0;0;4416650;3422291;4004;2;3594606;2331;7;0;0
FR;3;2021-12-05;1;61;5;0;61;5;0;0;0;4416651;3422352;4009;2;3594667;2336;7;0;0
FR;3;2021-12-06;7;348;14;0;347;15;0;0;0;4416658;3422700;4023;2;3595014;2351;7;0;0
FR;3;2021-12-07;6;410;20;0;404;24;1;0;0;4416664;3423110;4043;2;3595418;2375;8;0;0
FR;3;2021-12-08;8;375;29;0;367;30;1;0;0;4416672;3423485;4072;2;3595785;2405;9;0;0
FR;3;2021-12-09;3;424;17;0;411;22;1;0;0;4416675;3423909;4089;2;3596196;2427;10;0;0
FR;3;2021-12-10;10;443;29;0;440;25;0;0;0;4416685;3424352;4118;2;3596636;2452;10;0;0
FR;3;2021-12-11;4;299;10;0;296;9;2;0;0;4416689;3424651;4128;2;3596932;2461;12;0;0
FR;3;2021-12-12;1;96;3;0;96;3;0;0;0;4416690;3424747;4131;2;3597028;2464;12;0;0
FR;3;2021-12-13;2;432;19;0;426;21;0;0;0;4416692;3425179;4150;2;3597454;2485;12;0;0
FR;3;2021-12-14;8;551;18;0;539;21;1;0;0;4416700;3425730;4168;2;3597993;2506;13;0;0
FR;3;2021-12-15;10;523;17;0;510;21;0;0;0;4416710;3426253;4185;2;3598503;2527;13;0;0
FR;3;2021-12-16;10;527;19;0;521;18;3;0;0;4416720;3426780;4204;2;3599024;2545;16;0;0
FR;3;2021-12-17;5;593;18;0;589;19;0;0;0;4416725;3427373;4222;2;3599613;2564;16;0;0
FR;3;2021-12-18;5;344;4;0;338;5;1;0;0;4416730;3427717;4226;2;3599951;2569;17;0;0
FR;3;2021-12-19;3;176;2;0;174;2;0;0;0;4416733;3427893;4228;2;3600125;2571;17;0;0
FR;3;2021-12-20;10;567;23;0;561;28;0;0;0;4416743;3428460;4251;2;3600686;2599;17;0;0
FR;3;2021-12-21;5;660;10;0;652;13;2;0;0;4416748;3429120;4261;2;3601338;2612;19;0;0
FR;3;2021-12-22;10;612;9;0;606;10;1;0;0;4416758;3429732;4270;2;3601944;2622;20;0;0
FR;3;2021-12-23;4;537;8;0;535;8;0;0;0;4416762;3430269;4278;2;3602479;2630;20;0;0
FR;3;2021-12-24;2;233;3;0;228;6;0;0;0;4416764;3430502;4281;2;3602707;2636;20;0;0
FR;3;2021-12-25;0;24;0;0;24;0;0;0;0;4416764;3430526;4281;2;3602731;2636;20;0;0
FR;3;2021-12-26;0;87;1;0;87;1;0;0;0;4416764;3430613;4282;2;3602818;2637;20;0;0
FR;3;2021-12-27;7;456;17;0;453;20;1;0;0;4416771;3431069;4299;2;3603271;2657;21;0;0
FR;3;2021-12-28;3;572;6;0;571;5;0;0;0;4416774;3431641;4305;2;3603842;2662;21;0;0
FR;3;2021-12-29;5;488;14;0;483;16;0;0;0;4416779;3432129;4319;2;3604325;2678;21;0;0
FR;3;2021-12-30;3;517;7;0;510;10;2;0;0;4416782;3432646;4326;2;3604835;2688;23;0;0
FR;3;2021-12-31;0;182;5;0;178;7;0;0;0;4416782;3432828;4331;2;3605013;2695;23;0;0
FR;3;2022-01-01;0;26;0;0;24;2;0;0;0;4416782;3432854;4331;2;3605037;2697;23;0;0
FR;3;2022-01-02;0;76;0;0;76;0;0;0;0;4416782;3432930;4331;2;3605113;2697;23;0;0
FR;3;2022-01-03;5;489;17;0;479;21;3;0;0;4416787;3433419;4348;2;3605592;2718;26;0;0
FR;3;2022-01-04;7;536;9;0;535;8;0;0;0;4416794;3433955;4357;2;3606127;2726;26;0;0
FR;3;2022-01-05;5;487;10;0;479;14;1;0;0;4416799;3434442;4367;2;3606606;2740;27;0;0
FR;3;2022-01-06;6;464;9;0;459;10;1;0;0;4416805;3434906;4376;2;3607065;2750;28;0;0
FR;3;2022-01-07;2;489;11;0;483;13;1;0;1;4416807;3435395;4387;2;3607548;2763;29;0;1
FR;3;2022-01-08;6;251;4;0;248;5;0;0;0;4416813;3435646;4391;2;3607796;2768;29;0;1
FR;3;2022-01-09;0;116;0;0;116;0;0;0;0;4416813;3435762;4391;2;3607912;2768;29;0;1
FR;3;2022-01-10;2;421;12;0;419;12;0;0;0;4416815;3436183;4403;2;3608331;2780;29;0;1
FR;3;2022-01-11;3;456;1;0;455;1;0;0;0;4416818;3436639;4404;2;3608786;2781;29;0;1
FR;3;2022-01-12;4;393;9;0;390;10;2;0;0;4416822;3437032;4413;2;3609176;2791;31;0;1
FR;3;2022-01-13;3;382;11;0;380;12;1;0;0;4416825;3437414;4424;2;3609556;2803;32;0;1
FR;3;2022-01-14;4;420;10;0;414;13;1;0;0;4416829;3437834;4434;2;3609970;2816;33;0;1
FR;3;2022-01-15;0;275;2;0;271;3;0;0;0;4416829;3438109;4436;2;3610241;2819;33;0;1
FR;3;2022-01-16;1;108;1;0;106;1;1;0;0;4416830;3438217;4437;2;3610347;2820;34;0;1
FR;3;2022-01-17;2;318;8;0;315;9;1;0;0;4416832;3438535;4445;2;3610662;2829;35;0;1
FR;3;2022-01-18;2;359;1;0;355;2;1;0;0;4416834;3438894;4446;2;3611017;2831;36;0;1
FR;3;2022-01-19;2;322;5;0;316;10;0;0;0;4416836;3439216;4451;2;3611333;2841;36;0;1
FR;3;2022-01-20;1;351;5;0;350;3;2;0;0;4416837;3439567;4456;2;3611683;2844;38;0;1
FR;3;2022-01-21;4;337;5;0;331;7;2;0;0;4416841;3439904;4461;2;3612014;2851;40;0;1
FR;3;2022-01-22;2;218;1;0;214;2;3;0;0;4416843;3440122;4462;2;3612228;2853;43;0;1
FR;3;2022-01-23;0;77;0;0;75;1;1;0;0;4416843;3440199;4462;2;3612303;2854;44;0;1
FR;3;2022-01-24;3;316;1;0;308;6;2;0;0;4416846;3440515;4463;2;3612611;2860;46;0;1
FR;3;2022-01-25;0;171;0;0;168;0;1;0;0;4416846;3440686;4463;2;3612779;2860;47;0;1
FR;3;2022-01-26;0;77;0;0;77;0;0;0;0;4416846;3440763;4463;2;3612856;2860;47;0;1
FR;3;2022-01-27;0;52;0;0;52;0;0;0;0;4416846;3440815;4463;2;3612908;2860;47;0;1
FR;3;2022-01-28;0;115;0;0;114;0;0;0;0;4416846;3440930;4463;2;3613022;2860;47;0;1
FR;3;2022-01-29;0;97;0;0;97;0;0;0;0;4416846;3441027;4463;2;3613119;2860;47;0;1
FR;3;2022-01-30;0;50;0;0;50;0;0;0;0;4416846;3441077;4463;2;3613169;2860;47;0;1
FR;3;2022-01-31;0;91;0;0;91;0;0;0;0;4416846;3441168;4463;2;3613260;2860;47;0;1
FR;3;2022-02-01;0;98;0;0;96;1;0;0;0;4416846;3441266;4463;2;3613356;2861;47;0;1
FR;3;2022-02-02;0;85;0;0;83;0;0;0;0;4416846;3441351;4463;2;3613439;2861;47;0;1
FR;3;2022-02-03;0;91;0;0;89;0;0;0;0;4416846;3441442;4463;2;3613528;2861;47;0;1
FR;3;2022-02-04;0;113;0;0;110;0;1;0;0;4416846;3441555;4463;2;3613638;2861;48;0;1
FR;3;2022-02-05;0;68;0;0;68;0;0;0;0;4416846;3441623;4463;2;3613706;2861;48;0;1
FR;3;2022-02-06;0;10;0;0;10;0;0;0;0;4416846;3441633;4463;2;3613716;2861;48;0;1
FR;3;2022-02-07;0;75;0;0;75;0;0;0;0;4416846;3441708;4463;2;3613791;2861;48;0;1
FR;3;2022-02-08;0;0;0;0;0;0;0;0;0;4416846;3441708;4463;2;3613791;2861;48;0;1
FR;3;2022-02-09;0;0;0;0;0;0;0;0;0;4416846;3441708;4463;2;3613791;2861;48;0;1
FR;3;2022-02-10;0;0;0;0;0;0;0;0;0;4416846;3441708;4463;2;3613791;2861;48;0;1
FR;3;2022-02-11;0;0;0;0;0;0;0;0;0;4416846;3441708;4463;2;3613791;2861;48;0;1
FR;3;2022-02-12;0;0;0;0;0;0;0;0;0;4416846;3441708;4463;2;3613791;2861;48;0;1
FR;3;2022-02-13;0;0;0;0;0;0;0;0;0;4416846;3441708;4463;2;3613791;2861;48;0;1
FR;3;2022-02-14;0;0;0;0;0;0;0;0;0;4416846;3441708;4463;2;3613791;2861;48;0;1
FR;3;2022-02-15;0;0;0;0;0;0;0;0;0;4416846;3441708;4463;2;3613791;2861;48;0;1
FR;3;2022-02-16;0;0;0;0;0;0;0;0;0;4416846;3441708;4463;2;3613791;2861;48;0;1
FR;3;2022-02-17;0;0;0;0;0;0;0;0;0;4416846;3441708;4463;2;3613791;2861;48;0;1
FR;3;2022-02-18;0;0;0;0;0;0;0;0;0;4416846;3441708;4463;2;3613791;2861;48;0;1
FR;3;2022-02-19;0;0;0;0;0;0;0;0;0;4416846;3441708;4463;2;3613791;2861;48;0;1
FR;3;2022-02-20;0;0;0;0;0;0;0;0;0;4416846;3441708;4463;2;3613791;2861;48;0;1
FR;3;2022-02-21;2;0;0;0;0;0;0;0;0;4416848;3441708;4463;2;3613791;2861;48;0;1
FR;3;2022-02-22;0;0;0;0;0;0;0;0;0;4416848;3441708;4463;2;3613791;2861;48;0;1
FR;3;2022-02-23;0;0;0;0;0;0;0;0;0;4416848;3441708;4463;2;3613791;2861;48;0;1
FR;3;2022-02-24;0;0;0;0;0;0;0;0;0;4416848;3441708;4463;2;3613791;2861;48;0;1
FR;3;2022-02-25;0;0;0;0;0;0;0;0;0;4416848;3441708;4463;2;3613791;2861;48;0;1
FR;3;2022-02-26;0;0;0;0;0;0;0;0;0;4416848;3441708;4463;2;3613791;2861;48;0;1
FR;3;2022-02-27;0;0;0;0;0;0;0;0;0;4416848;3441708;4463;2;3613791;2861;48;0;1
FR;3;2022-02-28;1;0;0;0;0;0;0;0;0;4416849;3441708;4463;2;3613791;2861;48;0;1
FR;3;2022-03-01;1;0;0;0;0;0;0;0;0;4416850;3441708;4463;2;3613791;2861;48;0;1
FR;3;2022-03-02;0;0;0;0;0;0;0;0;0;4416850;3441708;4463;2;3613791;2861;48;0;1
FR;3;2022-03-03;0;0;0;0;0;0;0;0;0;4416850;3441708;4463;2;3613791;2861;48;0;1
FR;3;2022-03-04;0;0;0;0;0;0;0;0;0;4416850;3441708;4463;2;3613791;2861;48;0;1
FR;3;2022-03-05;0;0;0;0;0;0;0;0;0;4416850;3441708;4463;2;3613791;2861;48;0;1
FR;3;2022-03-06;1;0;0;0;0;0;0;0;0;4416851;3441708;4463;2;3613791;2861;48;0;1
FR;3;2022-03-07;0;0;0;0;0;0;0;0;0;4416851;3441708;4463;2;3613791;2861;48;0;1
FR;3;2022-03-08;1;0;0;0;0;0;0;0;0;4416852;3441708;4463;2;3613791;2861;48;0;1
FR;3;2022-03-09;0;0;0;0;0;0;0;0;0;4416852;3441708;4463;2;3613791;2861;48;0;1
FR;3;2022-03-10;0;0;0;0;0;0;0;0;0;4416852;3441708;4463;2;3613791;2861;48;0;1
FR;3;2022-03-11;0;0;0;0;0;0;0;0;0;4416852;3441708;4463;2;3613791;2861;48;0;1
FR;3;2022-03-12;0;0;0;0;0;0;0;0;0;4416852;3441708;4463;2;3613791;2861;48;0;1
FR;3;2022-03-13;0;0;0;0;0;0;0;0;0;4416852;3441708;4463;2;3613791;2861;48;0;1
FR;3;2022-03-14;0;0;0;0;0;0;0;0;0;4416852;3441708;4463;2;3613791;2861;48;0;1
FR;3;2022-03-15;0;0;0;0;0;0;0;0;0;4416852;3441708;4463;2;3613791;2861;48;0;1
FR;3;2022-03-16;0;0;0;0;0;0;0;0;0;4416852;3441708;4463;2;3613791;2861;48;0;1
FR;3;2022-03-17;0;0;0;0;0;0;0;0;0;4416852;3441708;4463;2;3613791;2861;48;0;1
FR;3;2022-03-18;0;0;0;0;0;0;0;0;0;4416852;3441708;4463;2;3613791;2861;48;0;1
FR;3;2022-03-19;0;0;0;0;0;0;0;0;0;4416852;3441708;4463;2;3613791;2861;48;0;1
FR;3;2022-03-20;1;0;0;0;0;0;0;0;0;4416853;3441708;4463;2;3613791;2861;48;0;1
FR;3;2022-03-21;0;0;0;0;0;0;0;0;0;4416853;3441708;4463;2;3613791;2861;48;0;1
FR;3;2022-03-22;0;0;0;0;0;0;0;0;0;4416853;3441708;4463;2;3613791;2861;48;0;1
FR;3;2022-03-23;1;0;0;0;0;0;0;0;0;4416854;3441708;4463;2;3613791;2861;48;0;1
FR;3;2022-03-24;0;0;0;0;0;0;0;0;0;4416854;3441708;4463;2;3613791;2861;48;0;1
FR;3;2022-03-25;1;0;0;0;0;0;0;0;0;4416855;3441708;4463;2;3613791;2861;48;0;1
FR;3;2022-03-26;0;0;0;0;0;0;0;0;0;4416855;3441708;4463;2;3613791;2861;48;0;1
FR;3;2022-03-27;0;0;0;0;0;0;0;0;0;4416855;3441708;4463;2;3613791;2861;48;0;1
FR;3;2022-03-28;0;0;0;0;0;0;0;0;0;4416855;3441708;4463;2;3613791;2861;48;0;1
FR;3;2022-03-29;0;0;0;0;0;0;0;0;0;4416855;3441708;4463;2;3613791;2861;48;0;1
FR;3;2022-03-30;0;0;0;0;0;0;0;0;0;4416855;3441708;4463;2;3613791;2861;48;0;1
FR;3;2022-03-31;0;0;0;0;0;0;0;0;0;4416855;3441708;4463;2;3613791;2861;48;0;1
FR;3;2022-04-01;0;0;0;0;0;0;0;0;0;4416855;3441708;4463;2;3613791;2861;48;0;1
FR;3;2022-04-02;0;0;0;0;0;0;0;0;0;4416855;3441708;4463;2;3613791;2861;48;0;1
FR;3;2022-04-03;0;0;0;0;0;0;0;0;0;4416855;3441708;4463;2;3613791;2861;48;0;1
FR;3;2022-04-04;0;0;0;0;0;0;0;0;0;4416855;3441708;4463;2;3613791;2861;48;0;1
FR;3;2022-04-05;0;0;0;0;0;0;0;0;0;4416855;3441708;4463;2;3613791;2861;48;0;1
FR;3;2022-04-06;0;0;0;0;0;0;0;0;0;4416855;3441708;4463;2;3613791;2861;48;0;1
FR;3;2022-04-07;0;0;0;0;0;0;0;0;0;4416855;3441708;4463;2;3613791;2861;48;0;1
FR;3;2022-04-08;0;0;0;0;0;0;0;0;0;4416855;3441708;4463;2;3613791;2861;48;0;1
FR;3;2022-04-09;0;0;0;0;0;0;0;0;0;4416855;3441708;4463;2;3613791;2861;48;0;1
FR;3;2022-04-10;0;0;0;0;0;0;0;0;0;4416855;3441708;4463;2;3613791;2861;48;0;1
FR;3;2022-04-11;0;0;0;0;0;0;0;0;0;4416855;3441708;4463;2;3613791;2861;48;0;1
FR;3;2022-04-12;0;0;0;0;0;0;0;0;0;4416855;3441708;4463;2;3613791;2861;48;0;1
FR;3;2022-04-13;0;0;0;0;0;0;0;0;0;4416855;3441708;4463;2;3613791;2861;48;0;1
FR;3;2022-04-14;0;0;0;0;0;0;0;0;0;4416855;3441708;4463;2;3613791;2861;48;0;1
FR;3;2022-04-15;1;0;0;0;0;0;0;0;0;4416856;3441708;4463;2;3613791;2861;48;0;1
FR;3;2022-04-16;0;0;0;0;0;0;0;0;0;4416856;3441708;4463;2;3613791;2861;48;0;1
FR;3;2022-04-17;0;0;0;0;0;0;0;0;0;4416856;3441708;4463;2;3613791;2861;48;0;1
FR;3;2022-04-18;0;0;0;0;0;0;0;0;0;4416856;3441708;4463;2;3613791;2861;48;0;1
FR;3;2022-04-19;0;0;0;0;0;0;0;0;0;4416856;3441708;4463;2;3613791;2861;48;0;1
FR;3;2022-04-20;0;0;0;0;0;0;0;0;0;4416856;3441708;4463;2;3613791;2861;48;0;1
FR;3;2022-04-21;0;0;0;0;0;0;0;0;0;4416856;3441708;4463;2;3613791;2861;48;0;1
FR;3;2022-04-22;0;0;0;0;0;0;0;0;0;4416856;3441708;4463;2;3613791;2861;48;0;1
FR;3;2022-04-23;0;0;0;0;0;0;0;0;0;4416856;3441708;4463;2;3613791;2861;48;0;1
FR;3;2022-04-24;0;0;0;0;0;0;0;0;0;4416856;3441708;4463;2;3613791;2861;48;0;1
FR;3;2022-04-25;0;0;0;0;0;0;0;0;0;4416856;3441708;4463;2;3613791;2861;48;0;1
FR;3;2022-04-26;0;0;0;0;0;0;0;0;0;4416856;3441708;4463;2;3613791;2861;48;0;1
FR;3;2022-04-27;0;0;0;0;0;0;0;0;0;4416856;3441708;4463;2;3613791;2861;48;0;1
FR;3;2022-04-28;0;0;0;0;0;0;0;0;0;4416856;3441708;4463;2;3613791;2861;48;0;1
FR;3;2022-04-29;0;0;0;0;0;0;0;0;0;4416856;3441708;4463;2;3613791;2861;48;0;1
FR;3;2022-04-30;0;0;0;0;0;0;0;0;0;4416856;3441708;4463;2;3613791;2861;48;0;1
FR;3;2022-05-01;0;0;0;0;0;0;0;0;0;4416856;3441708;4463;2;3613791;2861;48;0;1
FR;3;2022-05-02;0;0;0;0;0;0;0;0;0;4416856;3441708;4463;2;3613791;2861;48;0;1
FR;3;2022-05-03;0;0;0;0;0;0;0;0;0;4416856;3441708;4463;2;3613791;2861;48;0;1
FR;3;2022-05-04;0;0;0;0;0;0;0;0;0;4416856;3441708;4463;2;3613791;2861;48;0;1
FR;3;2022-05-05;0;0;0;0;0;0;0;0;0;4416856;3441708;4463;2;3613791;2861;48;0;1
FR;3;2022-05-06;0;0;0;0;0;0;0;0;0;4416856;3441708;4463;2;3613791;2861;48;0;1
FR;3;2022-05-07;0;0;0;0;0;0;0;0;0;4416856;3441708;4463;2;3613791;2861;48;0;1
FR;3;2022-05-08;0;0;0;0;0;0;0;0;0;4416856;3441708;4463;2;3613791;2861;48;0;1
FR;3;2022-05-09;0;0;0;0;0;0;0;0;0;4416856;3441708;4463;2;3613791;2861;48;0;1
FR;3;2022-05-10;0;0;0;0;0;0;0;0;0;4416856;3441708;4463;2;3613791;2861;48;0;1
FR;3;2022-05-11;0;0;0;0;0;0;0;0;0;4416856;3441708;4463;2;3613791;2861;48;0;1
FR;3;2022-05-12;0;0;0;0;0;0;0;0;0;4416856;3441708;4463;2;3613791;2861;48;0;1
FR;3;2022-05-13;0;0;0;0;0;0;0;0;0;4416856;3441708;4463;2;3613791;2861;48;0;1
FR;3;2022-05-14;1;0;0;0;0;0;0;0;0;4416857;3441708;4463;2;3613791;2861;48;0;1
FR;3;2022-05-15;0;0;0;0;0;0;0;0;0;4416857;3441708;4463;2;3613791;2861;48;0;1
FR;3;2022-05-16;0;0;0;0;0;0;0;0;0;4416857;3441708;4463;2;3613791;2861;48;0;1
FR;3;2022-05-17;0;0;0;0;0;0;0;0;0;4416857;3441708;4463;2;3613791;2861;48;0;1
FR;3;2022-05-18;0;0;0;0;0;0;0;0;0;4416857;3441708;4463;2;3613791;2861;48;0;1
FR;3;2022-05-19;0;0;0;0;0;0;0;0;0;4416857;3441708;4463;2;3613791;2861;48;0;1
FR;3;2022-05-20;0;0;0;0;0;0;0;0;0;4416857;3441708;4463;2;3613791;2861;48;0;1
FR;3;2022-05-21;0;0;0;0;0;0;0;0;0;4416857;3441708;4463;2;3613791;2861;48;0;1
FR;3;2022-05-22;0;0;0;0;0;0;0;0;0;4416857;3441708;4463;2;3613791;2861;48;0;1
FR;3;2022-05-23;0;0;0;0;0;0;0;0;0;4416857;3441708;4463;2;3613791;2861;48;0;1
FR;3;2022-05-24;0;0;0;0;0;0;0;0;0;4416857;3441708;4463;2;3613791;2861;48;0;1
FR;3;2022-05-25;0;0;0;0;0;0;0;0;0;4416857;3441708;4463;2;3613791;2861;48;0;1
FR;3;2022-05-26;0;0;0;0;0;0;0;0;0;4416857;3441708;4463;2;3613791;2861;48;0;1
FR;3;2022-05-27;0;0;0;0;0;0;0;0;0;4416857;3441708;4463;2;3613791;2861;48;0;1
FR;3;2022-05-28;0;0;0;0;0;0;0;0;0;4416857;3441708;4463;2;3613791;2861;48;0;1
FR;3;2022-05-29;0;0;0;0;0;0;0;0;0;4416857;3441708;4463;2;3613791;2861;48;0;1
FR;3;2022-05-30;0;0;0;0;0;0;0;0;0;4416857;3441708;4463;2;3613791;2861;48;0;1
FR;3;2022-05-31;0;0;0;0;0;0;0;0;0;4416857;3441708;4463;2;3613791;2861;48;0;1
FR;3;2022-06-01;0;0;0;0;0;0;0;0;0;4416857;3441708;4463;2;3613791;2861;48;0;1
FR;3;2022-06-02;0;0;0;0;0;0;0;0;0;4416857;3441708;4463;2;3613791;2861;48;0;1
FR;3;2022-06-03;0;0;0;0;0;0;0;0;0;4416857;3441708;4463;2;3613791;2861;48;0;1
FR;3;2022-06-04;0;0;0;0;0;0;0;0;0;4416857;3441708;4463;2;3613791;2861;48;0;1
FR;3;2022-06-05;0;0;0;0;0;0;0;0;0;4416857;3441708;4463;2;3613791;2861;48;0;1
FR;3;2022-06-06;0;0;0;0;0;0;0;0;0;4416857;3441708;4463;2;3613791;2861;48;0;1
FR;3;2022-06-07;0;0;0;0;0;0;0;0;0;4416857;3441708;4463;2;3613791;2861;48;0;1
FR;3;2022-06-08;0;0;0;0;0;0;0;0;0;4416857;3441708;4463;2;3613791;2861;48;0;1
FR;3;2022-06-09;0;0;0;0;0;0;0;0;0;4416857;3441708;4463;2;3613791;2861;48;0;1
FR;3;2022-06-10;0;0;0;0;0;0;0;0;0;4416857;3441708;4463;2;3613791;2861;48;0;1
FR;3;2022-06-11;0;0;0;0;0;0;0;0;0;4416857;3441708;4463;2;3613791;2861;48;0;1
FR;3;2022-06-12;0;0;0;0;0;0;0;0;0;4416857;3441708;4463;2;3613791;2861;48;0;1
FR;3;2022-06-13;1;0;0;0;0;0;0;0;0;4416858;3441708;4463;2;3613791;2861;48;0;1
FR;3;2022-06-14;0;0;0;0;0;0;0;0;0;4416858;3441708;4463;2;3613791;2861;48;0;1
FR;3;2022-06-15;0;0;0;0;0;0;0;0;0;4416858;3441708;4463;2;3613791;2861;48;0;1
FR;3;2022-06-16;0;0;0;0;0;0;0;0;0;4416858;3441708;4463;2;3613791;2861;48;0;1
FR;3;2022-06-17;0;0;0;0;0;0;0;0;0;4416858;3441708;4463;2;3613791;2861;48;0;1
FR;3;2022-06-18;0;0;0;0;0;0;0;0;0;4416858;3441708;4463;2;3613791;2861;48;0;1
FR;3;2022-06-19;0;0;0;0;0;0;0;0;0;4416858;3441708;4463;2;3613791;2861;48;0;1
FR;3;2022-06-20;0;0;0;0;0;0;0;0;0;4416858;3441708;4463;2;3613791;2861;48;0;1
FR;3;2022-06-21;0;0;0;0;0;0;0;0;0;4416858;3441708;4463;2;3613791;2861;48;0;1
FR;3;2022-06-22;0;0;0;0;0;0;0;0;0;4416858;3441708;4463;2;3613791;2861;48;0;1
FR;3;2022-06-23;0;0;0;0;0;0;0;0;0;4416858;3441708;4463;2;3613791;2861;48;0;1
FR;3;2022-06-24;0;0;0;0;0;0;0;0;0;4416858;3441708;4463;2;3613791;2861;48;0;1
FR;3;2022-06-25;0;0;0;0;0;0;0;0;0;4416858;3441708;4463;2;3613791;2861;48;0;1
FR;3;2022-06-26;0;0;0;0;0;0;0;0;0;4416858;3441708;4463;2;3613791;2861;48;0;1
FR;3;2022-06-27;0;0;0;0;0;0;0;0;0;4416858;3441708;4463;2;3613791;2861;48;0;1
FR;3;2022-06-28;0;0;0;0;0;0;0;0;0;4416858;3441708;4463;2;3613791;2861;48;0;1
FR;3;2022-06-29;1;0;0;0;0;0;0;0;0;4416859;3441708;4463;2;3613791;2861;48;0;1
FR;3;2022-06-30;0;0;0;0;0;0;0;0;0;4416859;3441708;4463;2;3613791;2861;48;0;1
FR;3;2022-07-01;0;0;0;0;0;0;0;0;0;4416859;3441708;4463;2;3613791;2861;48;0;1
FR;3;2022-07-02;0;0;0;0;0;0;0;0;0;4416859;3441708;4463;2;3613791;2861;48;0;1
FR;3;2022-07-03;0;0;0;0;0;0;0;0;0;4416859;3441708;4463;2;3613791;2861;48;0;1
FR;3;2022-07-04;0;0;0;0;0;0;0;0;0;4416859;3441708;4463;2;3613791;2861;48;0;1
FR;3;2022-07-05;0;0;0;0;0;0;0;0;0;4416859;3441708;4463;2;3613791;2861;48;0;1
FR;3;2022-07-06;0;0;0;0;0;0;0;0;0;4416859;3441708;4463;2;3613791;2861;48;0;1
FR;3;2022-07-07;0;0;0;0;0;0;0;0;0;4416859;3441708;4463;2;3613791;2861;48;0;1
FR;3;2022-07-08;0;0;0;0;0;0;0;0;0;4416859;3441708;4463;2;3613791;2861;48;0;1
FR;3;2022-07-09;0;0;0;0;0;0;0;0;0;4416859;3441708;4463;2;3613791;2861;48;0;1
FR;3;2022-07-10;0;0;0;0;0;0;0;0;0;4416859;3441708;4463;2;3613791;2861;48;0;1
FR;3;2022-07-11;0;0;0;0;0;0;0;0;0;4416859;3441708;4463;2;3613791;2861;48;0;1
FR;3;2022-07-12;0;0;0;0;0;0;0;0;0;4416859;3441708;4463;2;3613791;2861;48;0;1
FR;3;2022-07-13;0;0;0;0;0;0;0;0;0;4416859;3441708;4463;2;3613791;2861;48;0;1
FR;3;2022-07-14;0;0;0;0;0;0;0;0;0;4416859;3441708;4463;2;3613791;2861;48;0;1
FR;3;2022-07-15;0;0;0;0;0;0;0;0;0;4416859;3441708;4463;2;3613791;2861;48;0;1
FR;3;2022-07-16;0;0;0;0;0;0;0;0;0;4416859;3441708;4463;2;3613791;2861;48;0;1
FR;3;2022-07-17;0;0;0;0;0;0;0;0;0;4416859;3441708;4463;2;3613791;2861;48;0;1
FR;3;2022-07-18;0;0;0;0;0;0;0;0;0;4416859;3441708;4463;2;3613791;2861;48;0;1
FR;3;2022-07-19;0;0;0;0;0;0;0;0;0;4416859;3441708;4463;2;3613791;2861;48;0;1
FR;3;2022-07-20;0;0;0;0;0;0;0;0;0;4416859;3441708;4463;2;3613791;2861;48;0;1
FR;3;2022-07-21;0;0;0;0;0;0;0;0;0;4416859;3441708;4463;2;3613791;2861;48;0;1
FR;3;2022-07-22;0;0;0;0;0;0;0;0;0;4416859;3441708;4463;2;3613791;2861;48;0;1
FR;3;2022-07-23;0;0;0;0;0;0;0;0;0;4416859;3441708;4463;2;3613791;2861;48;0;1
FR;3;2022-07-24;0;0;0;0;0;0;0;0;0;4416859;3441708;4463;2;3613791;2861;48;0;1
FR;3;2022-07-25;0;0;0;0;0;0;0;0;0;4416859;3441708;4463;2;3613791;2861;48;0;1
FR;3;2022-07-26;0;0;0;0;0;0;0;0;0;4416859;3441708;4463;2;3613791;2861;48;0;1
FR;3;2022-07-27;0;0;0;0;0;0;0;0;0;4416859;3441708;4463;2;3613791;2861;48;0;1
FR;3;2022-07-28;0;0;0;0;0;0;0;0;0;4416859;3441708;4463;2;3613791;2861;48;0;1
FR;3;2022-07-29;0;0;0;0;0;0;0;0;0;4416859;3441708;4463;2;3613791;2861;48;0;1
FR;3;2022-07-30;0;0;0;0;0;0;0;0;0;4416859;3441708;4463;2;3613791;2861;48;0;1
FR;3;2022-07-31;0;0;0;0;0;0;0;0;0;4416859;3441708;4463;2;3613791;2861;48;0;1
FR;3;2022-08-01;0;0;0;0;0;0;0;0;0;4416859;3441708;4463;2;3613791;2861;48;0;1
FR;3;2022-08-02;0;0;0;0;0;0;0;0;0;4416859;3441708;4463;2;3613791;2861;48;0;1
FR;3;2022-08-03;0;0;0;0;0;0;0;0;0;4416859;3441708;4463;2;3613791;2861;48;0;1
FR;3;2022-08-04;0;0;0;0;0;0;0;0;0;4416859;3441708;4463;2;3613791;2861;48;0;1
FR;3;2022-08-05;0;0;0;0;0;0;0;0;0;4416859;3441708;4463;2;3613791;2861;48;0;1
FR;3;2022-08-06;0;0;0;0;0;0;0;0;0;4416859;3441708;4463;2;3613791;2861;48;0;1
FR;3;2022-08-07;0;0;0;0;0;0;0;0;0;4416859;3441708;4463;2;3613791;2861;48;0;1
FR;3;2022-08-08;0;0;0;0;0;0;0;0;0;4416859;3441708;4463;2;3613791;2861;48;0;1
FR;3;2022-08-09;0;0;0;0;0;0;0;0;0;4416859;3441708;4463;2;3613791;2861;48;0;1
FR;3;2022-08-10;0;0;0;0;0;0;0;0;0;4416859;3441708;4463;2;3613791;2861;48;0;1
FR;3;2022-08-11;0;0;0;0;0;0;0;0;0;4416859;3441708;4463;2;3613791;2861;48;0;1
FR;3;2022-08-12;0;0;0;0;0;0;0;0;0;4416859;3441708;4463;2;3613791;2861;48;0;1
FR;3;2022-08-13;0;0;0;0;0;0;0;0;0;4416859;3441708;4463;2;3613791;2861;48;0;1
FR;3;2022-08-14;0;0;0;0;0;0;0;0;0;4416859;3441708;4463;2;3613791;2861;48;0;1
FR;3;2022-08-15;0;0;0;0;0;0;0;0;0;4416859;3441708;4463;2;3613791;2861;48;0;1
FR;3;2022-08-16;0;0;0;0;0;0;0;0;0;4416859;3441708;4463;2;3613791;2861;48;0;1
FR;3;2022-08-17;0;0;0;0;0;0;0;0;0;4416859;3441708;4463;2;3613791;2861;48;0;1
FR;3;2022-08-18;0;0;0;0;0;0;0;0;0;4416859;3441708;4463;2;3613791;2861;48;0;1
FR;3;2022-08-19;0;0;0;0;0;0;0;0;0;4416859;3441708;4463;2;3613791;2861;48;0;1
FR;3;2022-08-20;0;0;0;0;0;0;0;0;0;4416859;3441708;4463;2;3613791;2861;48;0;1
FR;3;2022-08-21;0;0;0;0;0;0;0;0;0;4416859;3441708;4463;2;3613791;2861;48;0;1
FR;3;2022-08-22;0;0;0;0;0;0;0;0;0;4416859;3441708;4463;2;3613791;2861;48;0;1
FR;3;2022-08-23;0;0;0;0;0;0;0;0;0;4416859;3441708;4463;2;3613791;2861;48;0;1
FR;3;2022-08-24;0;0;0;0;0;0;0;0;0;4416859;3441708;4463;2;3613791;2861;48;0;1
FR;3;2022-08-25;0;0;0;0;0;0;0;0;0;4416859;3441708;4463;2;3613791;2861;48;0;1
FR;3;2022-08-26;0;0;0;0;0;0;0;0;0;4416859;3441708;4463;2;3613791;2861;48;0;1
FR;3;2022-08-27;0;0;0;0;0;0;0;0;0;4416859;3441708;4463;2;3613791;2861;48;0;1
FR;3;2022-08-28;0;0;0;0;0;0;0;0;0;4416859;3441708;4463;2;3613791;2861;48;0;1
FR;3;2022-08-29;0;0;0;0;0;0;0;0;0;4416859;3441708;4463;2;3613791;2861;48;0;1
FR;3;2022-08-30;0;0;0;0;0;0;0;0;0;4416859;3441708;4463;2;3613791;2861;48;0;1
FR;3;2022-08-31;0;0;0;0;0;0;0;0;0;4416859;3441708;4463;2;3613791;2861;48;0;1
FR;3;2022-09-01;0;0;0;0;0;0;0;0;0;4416859;3441708;4463;2;3613791;2861;48;0;1
FR;3;2022-09-02;0;0;0;0;0;0;0;0;0;4416859;3441708;4463;2;3613791;2861;48;0;1
FR;3;2022-09-03;0;0;0;0;0;0;0;0;0;4416859;3441708;4463;2;3613791;2861;48;0;1
FR;3;2022-09-04;0;0;0;0;0;0;0;0;0;4416859;3441708;4463;2;3613791;2861;48;0;1
FR;3;2022-09-05;0;0;0;0;0;0;0;0;0;4416859;3441708;4463;2;3613791;2861;48;0;1
FR;3;2022-09-06;0;0;0;0;0;0;0;0;0;4416859;3441708;4463;2;3613791;2861;48;0;1
FR;3;2022-09-07;0;0;0;0;0;0;0;0;0;4416859;3441708;4463;2;3613791;2861;48;0;1
FR;3;2022-09-08;0;0;0;0;0;0;0;0;0;4416859;3441708;4463;2;3613791;2861;48;0;1
FR;3;2022-09-09;0;0;0;0;0;0;0;0;0;4416859;3441708;4463;2;3613791;2861;48;0;1
FR;3;2022-09-10;0;0;0;0;0;0;0;0;0;4416859;3441708;4463;2;3613791;2861;48;0;1
FR;3;2022-09-11;0;0;0;0;0;0;0;0;0;4416859;3441708;4463;2;3613791;2861;48;0;1
FR;3;2022-09-12;0;0;0;0;0;0;0;0;0;4416859;3441708;4463;2;3613791;2861;48;0;1
FR;3;2022-09-13;0;0;0;0;0;0;0;0;0;4416859;3441708;4463;2;3613791;2861;48;0;1
FR;3;2022-09-14;0;0;0;0;0;0;0;0;0;4416859;3441708;4463;2;3613791;2861;48;0;1
FR;3;2022-09-15;0;0;0;0;0;0;0;0;0;4416859;3441708;4463;2;3613791;2861;48;0;1
FR;3;2022-09-16;0;0;0;0;0;0;0;0;0;4416859;3441708;4463;2;3613791;2861;48;0;1
FR;3;2022-09-17;0;0;0;0;0;0;0;0;0;4416859;3441708;4463;2;3613791;2861;48;0;1
FR;3;2022-09-18;0;0;0;0;0;0;0;0;0;4416859;3441708;4463;2;3613791;2861;48;0;1
FR;3;2022-09-19;0;0;0;0;0;0;0;0;0;4416859;3441708;4463;2;3613791;2861;48;0;1
FR;3;2022-09-20;0;0;0;0;0;0;0;0;0;4416859;3441708;4463;2;3613791;2861;48;0;1
FR;3;2022-09-21;0;0;0;0;0;0;0;0;0;4416859;3441708;4463;2;3613791;2861;48;0;1
FR;3;2022-09-22;0;0;0;0;0;0;0;0;0;4416859;3441708;4463;2;3613791;2861;48;0;1
FR;3;2022-09-23;0;0;0;0;0;0;0;0;0;4416859;3441708;4463;2;3613791;2861;48;0;1
FR;3;2022-09-24;0;0;0;0;0;0;0;0;0;4416859;3441708;4463;2;3613791;2861;48;0;1
FR;3;2022-09-25;0;0;0;0;0;0;0;0;0;4416859;3441708;4463;2;3613791;2861;48;0;1
FR;3;2022-09-26;0;0;0;0;0;0;0;0;0;4416859;3441708;4463;2;3613791;2861;48;0;1
FR;3;2022-09-27;0;0;0;0;0;0;0;0;0;4416859;3441708;4463;2;3613791;2861;48;0;1
FR;3;2022-09-28;0;0;0;0;0;0;0;0;0;4416859;3441708;4463;2;3613791;2861;48;0;1
FR;3;2022-09-29;0;0;0;0;0;0;0;0;0;4416859;3441708;4463;2;3613791;2861;48;0;1
FR;3;2022-09-30;0;0;0;0;0;0;0;0;0;4416859;3441708;4463;2;3613791;2861;48;0;1
FR;3;2022-10-01;0;0;0;0;0;0;0;0;0;4416859;3441708;4463;2;3613791;2861;48;0;1
FR;3;2022-10-02;0;0;0;0;0;0;0;0;0;4416859;3441708;4463;2;3613791;2861;48;0;1
FR;3;2022-10-03;0;0;0;0;0;0;0;0;0;4416859;3441708;4463;2;3613791;2861;48;0;1
FR;3;2022-10-04;0;0;0;0;0;0;0;0;0;4416859;3441708;4463;2;3613791;2861;48;0;1
FR;3;2022-10-05;0;0;0;0;0;0;0;0;0;4416859;3441708;4463;2;3613791;2861;48;0;1
FR;3;2022-10-06;0;0;0;0;0;0;0;0;0;4416859;3441708;4463;2;3613791;2861;48;0;1
FR;3;2022-10-07;0;0;0;0;0;0;0;0;0;4416859;3441708;4463;2;3613791;2861;48;0;1
FR;3;2022-10-08;0;0;0;0;0;0;0;0;0;4416859;3441708;4463;2;3613791;2861;48;0;1
FR;3;2022-10-09;0;0;0;0;0;0;0;0;0;4416859;3441708;4463;2;3613791;2861;48;0;1
FR;3;2022-10-10;0;0;0;0;0;0;0;0;0;4416859;3441708;4463;2;3613791;2861;48;0;1
FR;3;2022-10-11;0;0;0;0;0;0;0;0;0;4416859;3441708;4463;2;3613791;2861;48;0;1
FR;3;2022-10-12;0;0;0;0;0;0;0;0;0;4416859;3441708;4463;2;3613791;2861;48;0;1
FR;3;2022-10-13;0;0;0;0;0;0;0;0;0;4416859;3441708;4463;2;3613791;2861;48;0;1
FR;3;2022-10-14;0;0;0;0;0;0;0;0;0;4416859;3441708;4463;2;3613791;2861;48;0;1
FR;3;2022-10-15;0;0;0;0;0;0;0;0;0;4416859;3441708;4463;2;3613791;2861;48;0;1
FR;3;2022-10-16;0;0;0;0;0;0;0;0;0;4416859;3441708;4463;2;3613791;2861;48;0;1
FR;3;2022-10-17;0;0;0;0;0;0;0;0;0;4416859;3441708;4463;2;3613791;2861;48;0;1
FR;3;2022-10-18;0;0;0;0;0;0;0;0;0;4416859;3441708;4463;2;3613791;2861;48;0;1
FR;3;2022-10-19;0;0;0;0;0;0;0;0;0;4416859;3441708;4463;2;3613791;2861;48;0;1
FR;3;2022-10-20;0;0;0;0;0;0;0;0;0;4416859;3441708;4463;2;3613791;2861;48;0;1
FR;3;2022-10-21;0;0;0;0;0;0;0;0;0;4416859;3441708;4463;2;3613791;2861;48;0;1
FR;3;2022-10-22;0;0;0;0;0;0;0;0;0;4416859;3441708;4463;2;3613791;2861;48;0;1
FR;3;2022-10-23;0;0;0;0;0;0;0;0;0;4416859;3441708;4463;2;3613791;2861;48;0;1
FR;3;2022-10-24;0;0;0;0;0;0;0;0;0;4416859;3441708;4463;2;3613791;2861;48;0;1
FR;3;2022-10-25;0;0;0;0;0;0;0;0;0;4416859;3441708;4463;2;3613791;2861;48;0;1
FR;3;2022-10-26;0;0;0;0;0;0;0;0;0;4416859;3441708;4463;2;3613791;2861;48;0;1
FR;3;2022-10-27;0;0;0;0;0;0;0;0;0;4416859;3441708;4463;2;3613791;2861;48;0;1
FR;3;2022-10-28;0;0;0;0;0;0;0;0;0;4416859;3441708;4463;2;3613791;2861;48;0;1
FR;3;2022-10-29;0;0;0;0;0;0;0;0;0;4416859;3441708;4463;2;3613791;2861;48;0;1
FR;3;2022-10-30;0;0;0;0;0;0;0;0;0;4416859;3441708;4463;2;3613791;2861;48;0;1
FR;3;2022-10-31;0;0;0;0;0;0;0;0;0;4416859;3441708;4463;2;3613791;2861;48;0;1
FR;3;2022-11-01;0;0;0;0;0;0;0;0;0;4416859;3441708;4463;2;3613791;2861;48;0;1
FR;3;2022-11-02;0;0;0;0;0;0;0;0;0;4416859;3441708;4463;2;3613791;2861;48;0;1
FR;3;2022-11-03;0;0;0;0;0;0;0;0;0;4416859;3441708;4463;2;3613791;2861;48;0;1
FR;3;2022-11-04;0;0;0;0;0;0;0;0;0;4416859;3441708;4463;2;3613791;2861;48;0;1
FR;3;2022-11-05;0;0;0;0;0;0;0;0;0;4416859;3441708;4463;2;3613791;2861;48;0;1
FR;3;2022-11-06;0;0;0;0;0;0;0;0;0;4416859;3441708;4463;2;3613791;2861;48;0;1
FR;3;2022-11-07;0;0;0;0;0;0;0;0;0;4416859;3441708;4463;2;3613791;2861;48;0;1
FR;3;2022-11-08;1;0;0;0;0;0;0;0;0;4416860;3441708;4463;2;3613791;2861;48;0;1
FR;3;2022-11-09;0;0;0;0;0;0;0;0;0;4416860;3441708;4463;2;3613791;2861;48;0;1
FR;3;2022-11-10;0;0;0;0;0;0;0;0;0;4416860;3441708;4463;2;3613791;2861;48;0;1
FR;3;2022-11-11;0;0;0;0;0;0;0;0;0;4416860;3441708;4463;2;3613791;2861;48;0;1
FR;3;2022-11-12;0;0;0;0;0;0;0;0;0;4416860;3441708;4463;2;3613791;2861;48;0;1
FR;3;2022-11-13;0;0;0;0;0;0;0;0;0;4416860;3441708;4463;2;3613791;2861;48;0;1
FR;3;2022-11-14;0;0;0;0;0;0;0;0;0;4416860;3441708;4463;2;3613791;2861;48;0;1
FR;3;2022-11-15;0;0;0;0;0;0;0;0;0;4416860;3441708;4463;2;3613791;2861;48;0;1
FR;3;2022-11-16;0;0;0;0;0;0;0;0;0;4416860;3441708;4463;2;3613791;2861;48;0;1
FR;3;2022-11-17;0;0;0;0;0;0;0;0;0;4416860;3441708;4463;2;3613791;2861;48;0;1
FR;3;2022-11-18;0;0;0;0;0;0;0;0;0;4416860;3441708;4463;2;3613791;2861;48;0;1
FR;3;2022-11-19;0;0;0;0;0;0;0;0;0;4416860;3441708;4463;2;3613791;2861;48;0;1
FR;3;2022-11-20;0;0;0;0;0;0;0;0;0;4416860;3441708;4463;2;3613791;2861;48;0;1
FR;3;2022-11-21;0;0;0;0;0;0;0;0;0;4416860;3441708;4463;2;3613791;2861;48;0;1
FR;3;2022-11-22;0;0;0;0;0;0;0;0;0;4416860;3441708;4463;2;3613791;2861;48;0;1
FR;3;2022-11-23;0;0;0;0;0;0;0;0;0;4416860;3441708;4463;2;3613791;2861;48;0;1
FR;3;2022-11-24;0;0;0;0;0;0;0;0;0;4416860;3441708;4463;2;3613791;2861;48;0;1
FR;3;2022-11-25;0;0;0;0;0;0;0;0;0;4416860;3441708;4463;2;3613791;2861;48;0;1
FR;3;2022-11-26;0;0;0;0;0;0;0;0;0;4416860;3441708;4463;2;3613791;2861;48;0;1
FR;3;2022-11-27;0;0;0;0;0;0;0;0;0;4416860;3441708;4463;2;3613791;2861;48;0;1
FR;3;2022-11-28;0;0;0;0;0;0;0;0;0;4416860;3441708;4463;2;3613791;2861;48;0;1
FR;3;2022-11-29;0;0;0;0;0;0;0;0;0;4416860;3441708;4463;2;3613791;2861;48;0;1
FR;3;2022-11-30;0;0;0;0;0;0;0;0;0;4416860;3441708;4463;2;3613791;2861;48;0;1
FR;3;2022-12-01;0;0;0;0;0;0;0;0;0;4416860;3441708;4463;2;3613791;2861;48;0;1
FR;3;2022-12-02;0;0;0;0;0;0;0;0;0;4416860;3441708;4463;2;3613791;2861;48;0;1
FR;3;2022-12-03;0;0;0;0;0;0;0;0;0;4416860;3441708;4463;2;3613791;2861;48;0;1
FR;3;2022-12-04;0;0;0;0;0;0;0;0;0;4416860;3441708;4463;2;3613791;2861;48;0;1
FR;3;2022-12-05;0;0;0;0;0;0;0;0;0;4416860;3441708;4463;2;3613791;2861;48;0;1
FR;3;2022-12-06;0;0;0;0;0;0;0;0;0;4416860;3441708;4463;2;3613791;2861;48;0;1
FR;3;2022-12-07;0;0;0;0;0;0;0;0;0;4416860;3441708;4463;2;3613791;2861;48;0;1
FR;3;2022-12-08;0;0;0;0;0;0;0;0;0;4416860;3441708;4463;2;3613791;2861;48;0;1
FR;3;2022-12-09;0;0;0;0;0;0;0;0;0;4416860;3441708;4463;2;3613791;2861;48;0;1
FR;3;2022-12-10;0;0;0;0;0;0;0;0;0;4416860;3441708;4463;2;3613791;2861;48;0;1
FR;3;2022-12-11;0;0;0;0;0;0;0;0;0;4416860;3441708;4463;2;3613791;2861;48;0;1
FR;3;2022-12-12;0;0;0;0;0;0;0;0;0;4416860;3441708;4463;2;3613791;2861;48;0;1
FR;3;2022-12-13;0;0;0;0;0;0;0;0;0;4416860;3441708;4463;2;3613791;2861;48;0;1
FR;3;2022-12-14;0;0;0;0;0;0;0;0;0;4416860;3441708;4463;2;3613791;2861;48;0;1
FR;3;2022-12-15;0;0;0;0;0;0;0;0;0;4416860;3441708;4463;2;3613791;2861;48;0;1
FR;3;2022-12-16;0;0;0;0;0;0;0;0;0;4416860;3441708;4463;2;3613791;2861;48;0;1
FR;3;2022-12-17;0;0;0;0;0;0;0;0;0;4416860;3441708;4463;2;3613791;2861;48;0;1
FR;3;2022-12-18;0;0;0;0;0;0;0;0;0;4416860;3441708;4463;2;3613791;2861;48;0;1
FR;3;2022-12-19;0;0;0;0;0;0;0;0;0;4416860;3441708;4463;2;3613791;2861;48;0;1
FR;3;2022-12-20;0;0;0;0;0;0;0;0;0;4416860;3441708;4463;2;3613791;2861;48;0;1
FR;3;2022-12-21;0;0;0;0;0;0;0;0;0;4416860;3441708;4463;2;3613791;2861;48;0;1
FR;3;2022-12-22;0;0;0;0;0;0;0;0;0;4416860;3441708;4463;2;3613791;2861;48;0;1
FR;3;2022-12-23;0;0;0;0;0;0;0;0;0;4416860;3441708;4463;2;3613791;2861;48;0;1
FR;3;2022-12-24;0;0;0;0;0;0;0;0;0;4416860;3441708;4463;2;3613791;2861;48;0;1
FR;3;2022-12-25;0;0;0;0;0;0;0;0;0;4416860;3441708;4463;2;3613791;2861;48;0;1
FR;3;2022-12-26;0;0;0;0;0;0;0;0;0;4416860;3441708;4463;2;3613791;2861;48;0;1
FR;3;2022-12-27;0;0;0;0;0;0;0;0;0;4416860;3441708;4463;2;3613791;2861;48;0;1
FR;3;2022-12-28;0;0;0;0;0;0;0;0;0;4416860;3441708;4463;2;3613791;2861;48;0;1
FR;3;2022-12-29;0;0;0;0;0;0;0;0;0;4416860;3441708;4463;2;3613791;2861;48;0;1
FR;3;2022-12-30;0;0;0;0;0;0;0;0;0;4416860;3441708;4463;2;3613791;2861;48;0;1
FR;3;2022-12-31;0;0;0;0;0;0;0;0;0;4416860;3441708;4463;2;3613791;2861;48;0;1
FR;3;2023-01-01;0;0;0;0;0;0;0;0;0;4416860;3441708;4463;2;3613791;2861;48;0;1
FR;3;2023-01-02;0;0;0;0;0;0;0;0;0;4416860;3441708;4463;2;3613791;2861;48;0;1
FR;3;2023-01-03;0;0;0;0;0;0;0;0;0;4416860;3441708;4463;2;3613791;2861;48;0;1
FR;3;2023-01-04;0;0;0;0;0;0;0;0;0;4416860;3441708;4463;2;3613791;2861;48;0;1
FR;3;2023-01-05;0;0;0;0;0;0;0;0;0;4416860;3441708;4463;2;3613791;2861;48;0;1
FR;3;2023-01-06;0;0;0;0;0;0;0;0;0;4416860;3441708;4463;2;3613791;2861;48;0;1
FR;3;2023-01-07;0;0;0;0;0;0;0;0;0;4416860;3441708;4463;2;3613791;2861;48;0;1
FR;3;2023-01-08;0;0;0;0;0;0;0;0;0;4416860;3441708;4463;2;3613791;2861;48;0;1
FR;3;2023-01-09;0;0;0;0;0;0;0;0;0;4416860;3441708;4463;2;3613791;2861;48;0;1
FR;3;2023-01-10;0;0;0;0;0;0;0;0;0;4416860;3441708;4463;2;3613791;2861;48;0;1
FR;3;2023-01-11;0;0;0;0;0;0;0;0;0;4416860;3441708;4463;2;3613791;2861;48;0;1
FR;3;2023-01-12;0;0;0;0;0;0;0;0;0;4416860;3441708;4463;2;3613791;2861;48;0;1
FR;3;2023-01-13;0;0;0;0;0;0;0;0;0;4416860;3441708;4463;2;3613791;2861;48;0;1
FR;3;2023-01-14;0;0;0;0;0;0;0;0;0;4416860;3441708;4463;2;3613791;2861;48;0;1
FR;3;2023-01-15;0;0;0;0;0;0;0;0;0;4416860;3441708;4463;2;3613791;2861;48;0;1
FR;3;2023-01-16;0;0;0;0;0;0;0;0;0;4416860;3441708;4463;2;3613791;2861;48;0;1
FR;3;2023-01-17;0;0;0;0;0;0;0;0;0;4416860;3441708;4463;2;3613791;2861;48;0;1
FR;3;2023-01-18;0;0;0;0;0;0;0;0;0;4416860;3441708;4463;2;3613791;2861;48;0;1
FR;3;2023-01-19;0;0;0;0;0;0;0;0;0;4416860;3441708;4463;2;3613791;2861;48;0;1
FR;3;2023-01-20;0;0;0;0;0;0;0;0;0;4416860;3441708;4463;2;3613791;2861;48;0;1
FR;3;2023-01-21;0;0;0;0;0;0;0;0;0;4416860;3441708;4463;2;3613791;2861;48;0;1
FR;3;2023-01-22;0;0;0;0;0;0;0;0;0;4416860;3441708;4463;2;3613791;2861;48;0;1
FR;3;2023-01-23;0;0;0;0;0;0;0;0;0;4416860;3441708;4463;2;3613791;2861;48;0;1
FR;3;2023-01-24;0;0;0;0;0;0;0;0;0;4416860;3441708;4463;2;3613791;2861;48;0;1
FR;3;2023-01-25;1;0;0;0;0;0;0;0;0;4416861;3441708;4463;2;3613791;2861;48;0;1
FR;3;2023-01-26;0;0;0;0;0;0;0;0;0;4416861;3441708;4463;2;3613791;2861;48;0;1
FR;3;2023-01-27;0;0;0;0;0;0;0;0;0;4416861;3441708;4463;2;3613791;2861;48;0;1
FR;3;2023-01-28;0;0;0;0;0;0;0;0;0;4416861;3441708;4463;2;3613791;2861;48;0;1
FR;3;2023-01-29;0;0;0;0;0;0;0;0;0;4416861;3441708;4463;2;3613791;2861;48;0;1
FR;3;2023-01-30;0;0;0;0;0;0;0;0;0;4416861;3441708;4463;2;3613791;2861;48;0;1
FR;3;2023-01-31;0;0;0;0;0;0;0;0;0;4416861;3441708;4463;2;3613791;2861;48;0;1
FR;3;2023-02-01;0;0;0;0;0;0;0;0;0;4416861;3441708;4463;2;3613791;2861;48;0;1
FR;3;2023-02-02;0;0;0;0;0;0;0;0;0;4416861;3441708;4463;2;3613791;2861;48;0;1
FR;3;2023-02-03;0;0;0;0;0;0;0;0;0;4416861;3441708;4463;2;3613791;2861;48;0;1
FR;3;2023-02-04;0;0;0;0;0;0;0;0;0;4416861;3441708;4463;2;3613791;2861;48;0;1
FR;3;2023-02-05;0;0;0;0;0;0;0;0;0;4416861;3441708;4463;2;3613791;2861;48;0;1
FR;3;2023-02-06;0;0;0;0;0;0;0;0;0;4416861;3441708;4463;2;3613791;2861;48;0;1
FR;3;2023-02-07;0;0;0;0;0;0;0;0;0;4416861;3441708;4463;2;3613791;2861;48;0;1
FR;3;2023-02-08;0;0;0;0;0;0;0;0;0;4416861;3441708;4463;2;3613791;2861;48;0;1
FR;3;2023-02-09;0;0;0;0;0;0;0;0;0;4416861;3441708;4463;2;3613791;2861;48;0;1
FR;3;2023-02-10;0;0;0;0;0;0;0;0;0;4416861;3441708;4463;2;3613791;2861;48;0;1
FR;3;2023-02-11;0;0;0;0;0;0;0;0;0;4416861;3441708;4463;2;3613791;2861;48;0;1
FR;3;2023-02-12;0;0;0;0;0;0;0;0;0;4416861;3441708;4463;2;3613791;2861;48;0;1
FR;3;2023-02-13;0;0;0;0;0;0;0;0;0;4416861;3441708;4463;2;3613791;2861;48;0;1
FR;3;2023-02-14;0;0;0;0;0;0;0;0;0;4416861;3441708;4463;2;3613791;2861;48;0;1
FR;3;2023-02-15;0;0;0;0;0;0;0;0;0;4416861;3441708;4463;2;3613791;2861;48;0;1
FR;3;2023-02-16;0;0;0;0;0;0;0;0;0;4416861;3441708;4463;2;3613791;2861;48;0;1
FR;3;2023-02-17;0;0;0;0;0;0;0;0;0;4416861;3441708;4463;2;3613791;2861;48;0;1
FR;3;2023-02-18;0;0;0;0;0;0;0;0;0;4416861;3441708;4463;2;3613791;2861;48;0;1
FR;3;2023-02-19;0;0;0;0;0;0;0;0;0;4416861;3441708;4463;2;3613791;2861;48;0;1
FR;3;2023-02-20;0;0;0;0;0;0;0;0;0;4416861;3441708;4463;2;3613791;2861;48;0;1
FR;3;2023-02-21;0;0;0;0;0;0;0;0;0;4416861;3441708;4463;2;3613791;2861;48;0;1
FR;3;2023-02-22;0;0;0;0;0;0;0;0;0;4416861;3441708;4463;2;3613791;2861;48;0;1
FR;3;2023-02-23;0;0;0;0;0;0;0;0;0;4416861;3441708;4463;2;3613791;2861;48;0;1
FR;3;2023-02-24;0;0;0;0;0;0;0;0;0;4416861;3441708;4463;2;3613791;2861;48;0;1
FR;3;2023-02-25;0;0;0;0;0;0;0;0;0;4416861;3441708;4463;2;3613791;2861;48;0;1
FR;3;2023-02-26;0;0;0;0;0;0;0;0;0;4416861;3441708;4463;2;3613791;2861;48;0;1
FR;3;2023-02-27;0;0;0;0;0;0;0;0;0;4416861;3441708;4463;2;3613791;2861;48;0;1
FR;3;2023-02-28;0;0;0;0;0;0;0;0;0;4416861;3441708;4463;2;3613791;2861;48;0;1
FR;3;2023-03-01;0;0;0;0;0;0;0;0;0;4416861;3441708;4463;2;3613791;2861;48;0;1
FR;3;2023-03-02;0;0;0;0;0;0;0;0;0;4416861;3441708;4463;2;3613791;2861;48;0;1
FR;3;2023-03-03;0;0;0;0;0;0;0;0;0;4416861;3441708;4463;2;3613791;2861;48;0;1
FR;3;2023-03-04;0;0;0;0;0;0;0;0;0;4416861;3441708;4463;2;3613791;2861;48;0;1
FR;3;2023-03-05;0;0;0;0;0;0;0;0;0;4416861;3441708;4463;2;3613791;2861;48;0;1
FR;3;2023-03-06;0;0;0;0;0;0;0;0;0;4416861;3441708;4463;2;3613791;2861;48;0;1
FR;3;2023-03-07;0;0;0;0;0;0;0;0;0;4416861;3441708;4463;2;3613791;2861;48;0;1
FR;3;2023-03-08;0;0;0;0;0;0;0;0;0;4416861;3441708;4463;2;3613791;2861;48;0;1
FR;3;2023-03-09;0;0;0;0;0;0;0;0;0;4416861;3441708;4463;2;3613791;2861;48;0;1
FR;3;2023-03-10;0;0;0;0;0;0;0;0;0;4416861;3441708;4463;2;3613791;2861;48;0;1
FR;3;2023-03-11;0;0;0;0;0;0;0;0;0;4416861;3441708;4463;2;3613791;2861;48;0;1
FR;3;2023-03-12;0;0;0;0;0;0;0;0;0;4416861;3441708;4463;2;3613791;2861;48;0;1
FR;3;2023-03-13;0;0;0;0;0;0;0;0;0;4416861;3441708;4463;2;3613791;2861;48;0;1
FR;3;2023-03-14;0;0;0;0;0;0;0;0;0;4416861;3441708;4463;2;3613791;2861;48;0;1
FR;3;2023-03-15;0;0;0;0;0;0;0;0;0;4416861;3441708;4463;2;3613791;2861;48;0;1
FR;3;2023-03-16;0;0;0;0;0;0;0;0;0;4416861;3441708;4463;2;3613791;2861;48;0;1
FR;3;2023-03-17;0;0;0;0;0;0;0;0;0;4416861;3441708;4463;2;3613791;2861;48;0;1
FR;3;2023-03-18;0;0;0;0;0;0;0;0;0;4416861;3441708;4463;2;3613791;2861;48;0;1
FR;3;2023-03-19;0;0;0;0;0;0;0;0;0;4416861;3441708;4463;2;3613791;2861;48;0;1
FR;3;2023-03-20;0;0;0;0;0;0;0;0;0;4416861;3441708;4463;2;3613791;2861;48;0;1
FR;3;2023-03-21;0;0;0;0;0;0;0;0;0;4416861;3441708;4463;2;3613791;2861;48;0;1
FR;3;2023-03-22;0;0;0;0;0;0;0;0;0;4416861;3441708;4463;2;3613791;2861;48;0;1
FR;3;2023-03-23;0;0;0;0;0;0;0;0;0;4416861;3441708;4463;2;3613791;2861;48;0;1
FR;3;2023-03-24;0;0;0;0;0;0;0;0;0;4416861;3441708;4463;2;3613791;2861;48;0;1
FR;3;2023-03-25;0;0;0;0;0;0;0;0;0;4416861;3441708;4463;2;3613791;2861;48;0;1
FR;3;2023-03-26;0;0;0;0;0;0;0;0;0;4416861;3441708;4463;2;3613791;2861;48;0;1
FR;3;2023-03-27;0;0;0;0;0;0;0;0;0;4416861;3441708;4463;2;3613791;2861;48;0;1
FR;3;2023-03-28;0;0;0;0;0;0;0;0;0;4416861;3441708;4463;2;3613791;2861;48;0;1
FR;3;2023-03-29;0;0;0;0;0;0;0;0;0;4416861;3441708;4463;2;3613791;2861;48;0;1
FR;3;2023-03-30;0;0;0;0;0;0;0;0;0;4416861;3441708;4463;2;3613791;2861;48;0;1
FR;3;2023-03-31;0;0;0;0;0;0;0;0;0;4416861;3441708;4463;2;3613791;2861;48;0;1
FR;3;2023-04-01;0;0;0;0;0;0;0;0;0;4416861;3441708;4463;2;3613791;2861;48;0;1
FR;3;2023-04-02;0;0;0;0;0;0;0;0;0;4416861;3441708;4463;2;3613791;2861;48;0;1
FR;3;2023-04-03;0;0;0;0;0;0;0;0;0;4416861;3441708;4463;2;3613791;2861;48;0;1
FR;3;2023-04-04;0;0;0;0;0;0;0;0;0;4416861;3441708;4463;2;3613791;2861;48;0;1
FR;3;2023-04-05;0;0;0;0;0;0;0;0;0;4416861;3441708;4463;2;3613791;2861;48;0;1
FR;3;2023-04-06;0;0;0;0;0;0;0;0;0;4416861;3441708;4463;2;3613791;2861;48;0;1
FR;3;2023-04-07;0;0;0;0;0;0;0;0;0;4416861;3441708;4463;2;3613791;2861;48;0;1
FR;3;2023-04-08;0;0;0;0;0;0;0;0;0;4416861;3441708;4463;2;3613791;2861;48;0;1
FR;3;2023-04-09;0;0;0;0;0;0;0;0;0;4416861;3441708;4463;2;3613791;2861;48;0;1
FR;3;2023-04-10;0;0;0;0;0;0;0;0;0;4416861;3441708;4463;2;3613791;2861;48;0;1
FR;3;2023-04-11;0;0;0;0;0;0;0;0;0;4416861;3441708;4463;2;3613791;2861;48;0;1
FR;3;2023-04-12;0;0;0;0;0;0;0;0;0;4416861;3441708;4463;2;3613791;2861;48;0;1
FR;3;2023-04-13;0;0;0;0;0;0;0;0;0;4416861;3441708;4463;2;3613791;2861;48;0;1
FR;3;2023-04-14;0;0;0;0;0;0;0;0;0;4416861;3441708;4463;2;3613791;2861;48;0;1
FR;3;2023-04-15;0;0;0;0;0;0;0;0;0;4416861;3441708;4463;2;3613791;2861;48;0;1
FR;3;2023-04-16;0;0;0;0;0;0;0;0;0;4416861;3441708;4463;2;3613791;2861;48;0;1
FR;3;2023-04-17;0;0;0;0;0;0;0;0;0;4416861;3441708;4463;2;3613791;2861;48;0;1
FR;3;2023-04-18;0;0;0;0;0;0;0;0;0;4416861;3441708;4463;2;3613791;2861;48;0;1
FR;4;2020-12-27;0;0;0;0;0;0;0;0;0;0;0;0;0;0;0;0;0;0
FR;4;2020-12-28;0;0;0;0;0;0;0;0;0;0;0;0;0;0;0;0;0;0
FR;4;2020-12-29;0;0;0;0;0;0;0;0;0;0;0;0;0;0;0;0;0;0
FR;4;2020-12-30;0;0;0;0;0;0;0;0;0;0;0;0;0;0;0;0;0;0
FR;4;2020-12-31;0;0;0;0;0;0;0;0;0;0;0;0;0;0;0;0;0;0
FR;4;2021-01-01;0;0;0;0;0;0;0;0;0;0;0;0;0;0;0;0;0;0
FR;4;2021-01-02;0;0;0;0;0;0;0;0;0;0;0;0;0;0;0;0;0;0
FR;4;2021-01-03;0;0;0;0;0;0;0;0;0;0;0;0;0;0;0;0;0;0
FR;4;2021-01-04;0;0;0;0;0;0;0;0;0;0;0;0;0;0;0;0;0;0
FR;4;2021-01-05;0;0;0;0;0;0;0;0;0;0;0;0;0;0;0;0;0;0
FR;4;2021-01-06;0;0;0;0;0;0;0;0;0;0;0;0;0;0;0;0;0;0
FR;4;2021-01-07;0;0;0;0;0;0;0;0;0;0;0;0;0;0;0;0;0;0
FR;4;2021-01-08;0;0;0;0;0;0;0;0;0;0;0;0;0;0;0;0;0;0
FR;4;2021-01-09;0;0;0;0;0;0;0;0;0;0;0;0;0;0;0;0;0;0
FR;4;2021-01-10;0;0;0;0;0;0;0;0;0;0;0;0;0;0;0;0;0;0
FR;4;2021-01-11;0;0;0;0;0;0;0;0;0;0;0;0;0;0;0;0;0;0
FR;4;2021-01-12;0;0;0;0;0;0;0;0;0;0;0;0;0;0;0;0;0;0
FR;4;2021-01-13;0;0;0;0;0;0;0;0;0;0;0;0;0;0;0;0;0;0
FR;4;2021-01-14;0;0;0;0;0;0;0;0;0;0;0;0;0;0;0;0;0;0
FR;4;2021-01-15;0;0;0;0;0;0;0;0;0;0;0;0;0;0;0;0;0;0
FR;4;2021-01-16;0;0;0;0;0;0;0;0;0;0;0;0;0;0;0;0;0;0
FR;4;2021-01-17;0;0;0;0;0;0;0;0;0;0;0;0;0;0;0;0;0;0
FR;4;2021-01-18;0;0;0;0;0;0;0;0;0;0;0;0;0;0;0;0;0;0
FR;4;2021-01-19;0;0;0;0;0;0;0;0;0;0;0;0;0;0;0;0;0;0
FR;4;2021-01-20;0;0;0;0;0;0;0;0;0;0;0;0;0;0;0;0;0;0
FR;4;2021-01-21;0;0;0;0;0;0;0;0;0;0;0;0;0;0;0;0;0;0
FR;4;2021-01-22;0;0;0;0;0;0;0;0;0;0;0;0;0;0;0;0;0;0
FR;4;2021-01-23;0;0;0;0;0;0;0;0;0;0;0;0;0;0;0;0;0;0
FR;4;2021-01-24;0;0;0;0;0;0;0;0;0;0;0;0;0;0;0;0;0;0
FR;4;2021-01-25;0;0;0;0;0;0;0;0;0;0;0;0;0;0;0;0;0;0
FR;4;2021-01-26;0;0;0;0;0;0;0;0;0;0;0;0;0;0;0;0;0;0
FR;4;2021-01-27;0;0;0;0;0;0;0;0;0;0;0;0;0;0;0;0;0;0
FR;4;2021-01-28;0;0;0;0;0;0;0;0;0;0;0;0;0;0;0;0;0;0
FR;4;2021-01-29;0;0;0;0;0;0;0;0;0;0;0;0;0;0;0;0;0;0
FR;4;2021-01-30;0;0;0;0;0;0;0;0;0;0;0;0;0;0;0;0;0;0
FR;4;2021-01-31;0;0;0;0;0;0;0;0;0;0;0;0;0;0;0;0;0;0
FR;4;2021-02-01;0;0;0;0;0;0;0;0;0;0;0;0;0;0;0;0;0;0
FR;4;2021-02-02;0;0;0;0;0;0;0;0;0;0;0;0;0;0;0;0;0;0
FR;4;2021-02-03;0;0;0;0;0;0;0;0;0;0;0;0;0;0;0;0;0;0
FR;4;2021-02-04;0;0;0;0;0;0;0;0;0;0;0;0;0;0;0;0;0;0
FR;4;2021-02-05;0;0;0;0;0;0;0;0;0;0;0;0;0;0;0;0;0;0
FR;4;2021-02-06;0;0;0;0;0;0;0;0;0;0;0;0;0;0;0;0;0;0
FR;4;2021-02-07;0;0;0;0;0;0;0;0;0;0;0;0;0;0;0;0;0;0
FR;4;2021-02-08;0;0;0;0;0;0;0;0;0;0;0;0;0;0;0;0;0;0
FR;4;2021-02-09;0;0;0;0;0;0;0;0;0;0;0;0;0;0;0;0;0;0
FR;4;2021-02-10;0;0;0;0;0;0;0;0;0;0;0;0;0;0;0;0;0;0
FR;4;2021-02-11;0;0;0;0;0;0;0;0;0;0;0;0;0;0;0;0;0;0
FR;4;2021-02-12;0;0;0;0;0;0;0;0;0;0;0;0;0;0;0;0;0;0
FR;4;2021-02-13;0;0;0;0;0;0;0;0;0;0;0;0;0;0;0;0;0;0
FR;4;2021-02-14;0;0;0;0;0;0;0;0;0;0;0;0;0;0;0;0;0;0
FR;4;2021-02-15;0;0;0;0;0;0;0;0;0;0;0;0;0;0;0;0;0;0
FR;4;2021-02-16;0;0;0;0;0;0;0;0;0;0;0;0;0;0;0;0;0;0
FR;4;2021-02-17;0;0;0;0;0;0;0;0;0;0;0;0;0;0;0;0;0;0
FR;4;2021-02-18;0;0;0;0;0;0;0;0;0;0;0;0;0;0;0;0;0;0
FR;4;2021-02-19;0;0;0;0;0;0;0;0;0;0;0;0;0;0;0;0;0;0
FR;4;2021-02-20;0;0;0;0;0;0;0;0;0;0;0;0;0;0;0;0;0;0
FR;4;2021-02-21;0;0;0;0;0;0;0;0;0;0;0;0;0;0;0;0;0;0
FR;4;2021-02-22;0;0;0;0;0;0;0;0;0;0;0;0;0;0;0;0;0;0
FR;4;2021-02-23;0;0;0;0;0;0;0;0;0;0;0;0;0;0;0;0;0;0
FR;4;2021-02-24;0;0;0;0;0;0;0;0;0;0;0;0;0;0;0;0;0;0
FR;4;2021-02-25;0;0;0;0;0;0;0;0;0;0;0;0;0;0;0;0;0;0
FR;4;2021-02-26;0;0;0;0;0;0;0;0;0;0;0;0;0;0;0;0;0;0
FR;4;2021-02-27;0;0;0;0;0;0;0;0;0;0;0;0;0;0;0;0;0;0
FR;4;2021-02-28;0;0;0;0;0;0;0;0;0;0;0;0;0;0;0;0;0;0
FR;4;2021-03-01;0;0;0;0;0;0;0;0;0;0;0;0;0;0;0;0;0;0
FR;4;2021-03-02;0;0;0;0;0;0;0;0;0;0;0;0;0;0;0;0;0;0
FR;4;2021-03-03;0;0;0;0;0;0;0;0;0;0;0;0;0;0;0;0;0;0
FR;4;2021-03-04;0;0;0;0;0;0;0;0;0;0;0;0;0;0;0;0;0;0
FR;4;2021-03-05;0;0;0;0;0;0;0;0;0;0;0;0;0;0;0;0;0;0
FR;4;2021-03-06;0;0;0;0;0;0;0;0;0;0;0;0;0;0;0;0;0;0
FR;4;2021-03-07;0;0;0;0;0;0;0;0;0;0;0;0;0;0;0;0;0;0
FR;4;2021-03-08;0;0;0;0;0;0;0;0;0;0;0;0;0;0;0;0;0;0
FR;4;2021-03-09;0;0;0;0;0;0;0;0;0;0;0;0;0;0;0;0;0;0
FR;4;2021-03-10;0;0;0;0;0;0;0;0;0;0;0;0;0;0;0;0;0;0
FR;4;2021-03-11;0;0;0;0;0;0;0;0;0;0;0;0;0;0;0;0;0;0
FR;4;2021-03-12;0;0;0;0;0;0;0;0;0;0;0;0;0;0;0;0;0;0
FR;4;2021-03-13;0;0;0;0;0;0;0;0;0;0;0;0;0;0;0;0;0;0
FR;4;2021-03-14;0;0;0;0;0;0;0;0;0;0;0;0;0;0;0;0;0;0
FR;4;2021-03-15;0;0;0;0;0;0;0;0;0;0;0;0;0;0;0;0;0;0
FR;4;2021-03-16;0;0;0;0;0;0;0;0;0;0;0;0;0;0;0;0;0;0
FR;4;2021-03-17;0;0;0;0;0;0;0;0;0;0;0;0;0;0;0;0;0;0
FR;4;2021-03-18;0;0;0;0;0;0;0;0;0;0;0;0;0;0;0;0;0;0
FR;4;2021-03-19;0;0;0;0;0;0;0;0;0;0;0;0;0;0;0;0;0;0
FR;4;2021-03-20;0;0;0;0;0;0;0;0;0;0;0;0;0;0;0;0;0;0
FR;4;2021-03-21;0;0;0;0;0;0;0;0;0;0;0;0;0;0;0;0;0;0
FR;4;2021-03-22;0;0;0;0;0;0;0;0;0;0;0;0;0;0;0;0;0;0
FR;4;2021-03-23;0;0;0;0;0;0;0;0;0;0;0;0;0;0;0;0;0;0
FR;4;2021-03-24;0;0;0;0;0;0;0;0;0;0;0;0;0;0;0;0;0;0
FR;4;2021-03-25;0;0;0;0;0;0;0;0;0;0;0;0;0;0;0;0;0;0
FR;4;2021-03-26;0;0;0;0;0;0;0;0;0;0;0;0;0;0;0;0;0;0
FR;4;2021-03-27;0;0;0;0;0;0;0;0;0;0;0;0;0;0;0;0;0;0
FR;4;2021-03-28;0;0;0;0;0;0;0;0;0;0;0;0;0;0;0;0;0;0
FR;4;2021-03-29;0;0;0;0;0;0;0;0;0;0;0;0;0;0;0;0;0;0
FR;4;2021-03-30;0;0;0;0;0;0;0;0;0;0;0;0;0;0;0;0;0;0
FR;4;2021-03-31;0;0;0;0;0;0;0;0;0;0;0;0;0;0;0;0;0;0
FR;4;2021-04-01;0;0;0;0;0;0;0;0;0;0;0;0;0;0;0;0;0;0
FR;4;2021-04-02;0;0;0;0;0;0;0;0;0;0;0;0;0;0;0;0;0;0
FR;4;2021-04-03;0;0;0;0;0;0;0;0;0;0;0;0;0;0;0;0;0;0
FR;4;2021-04-04;0;0;0;0;0;0;0;0;0;0;0;0;0;0;0;0;0;0
FR;4;2021-04-05;0;0;0;0;0;0;0;0;0;0;0;0;0;0;0;0;0;0
FR;4;2021-04-06;0;0;0;0;0;0;0;0;0;0;0;0;0;0;0;0;0;0
FR;4;2021-04-07;0;0;0;0;0;0;0;0;0;0;0;0;0;0;0;0;0;0
FR;4;2021-04-08;0;0;0;0;0;0;0;0;0;0;0;0;0;0;0;0;0;0
FR;4;2021-04-09;0;0;0;0;0;0;0;0;0;0;0;0;0;0;0;0;0;0
FR;4;2021-04-10;0;0;0;0;0;0;0;0;0;0;0;0;0;0;0;0;0;0
FR;4;2021-04-11;0;0;0;0;0;0;0;0;0;0;0;0;0;0;0;0;0;0
FR;4;2021-04-12;0;0;0;0;0;0;0;0;0;0;0;0;0;0;0;0;0;0
FR;4;2021-04-13;0;0;0;0;0;0;0;0;0;0;0;0;0;0;0;0;0;0
FR;4;2021-04-14;0;0;0;0;0;0;0;0;0;0;0;0;0;0;0;0;0;0
FR;4;2021-04-15;0;0;0;0;0;0;0;0;0;0;0;0;0;0;0;0;0;0
FR;4;2021-04-16;0;0;0;0;0;0;0;0;0;0;0;0;0;0;0;0;0;0
FR;4;2021-04-17;0;0;0;0;0;0;0;0;0;0;0;0;0;0;0;0;0;0
FR;4;2021-04-18;0;0;0;0;0;0;0;0;0;0;0;0;0;0;0;0;0;0
FR;4;2021-04-19;0;0;0;0;0;0;0;0;0;0;0;0;0;0;0;0;0;0
FR;4;2021-04-20;0;0;0;0;0;0;0;0;0;0;0;0;0;0;0;0;0;0
FR;4;2021-04-21;0;0;0;0;0;0;0;0;0;0;0;0;0;0;0;0;0;0
FR;4;2021-04-22;0;0;0;0;0;0;0;0;0;0;0;0;0;0;0;0;0;0
FR;4;2021-04-23;3660;0;0;0;3622;0;0;0;0;3660;0;0;0;3622;0;0;0;0
FR;4;2021-04-24;1570;1;0;0;1559;0;0;0;0;5230;1;0;0;5181;0;0;0;0
FR;4;2021-04-25;125;0;0;0;125;0;0;0;0;5355;1;0;0;5306;0;0;0;0
FR;4;2021-04-26;2872;1;0;0;2862;0;0;0;0;8227;2;0;0;8168;0;0;0;0
FR;4;2021-04-27;9520;3;0;0;9501;0;0;0;0;17747;5;0;0;17669;0;0;0;0
FR;4;2021-04-28;9910;6;0;0;9885;0;0;0;0;27657;11;0;0;27554;0;0;0;0
FR;4;2021-04-29;15995;8;0;0;15979;0;0;0;0;43652;19;0;0;43533;0;0;0;0
FR;4;2021-04-30;19234;10;0;0;19205;0;0;0;0;62886;29;0;0;62738;0;0;0;0
FR;4;2021-05-01;1994;6;0;0;1992;0;0;0;0;64880;35;0;0;64730;0;0;0;0
FR;4;2021-05-02;484;0;0;0;482;0;0;0;0;65364;35;0;0;65212;0;0;0;0
FR;4;2021-05-03;5066;2;0;0;5059;0;0;0;0;70430;37;0;0;70271;0;0;0;0
FR;4;2021-05-04;8411;11;0;0;8400;0;0;0;0;78841;48;0;0;78671;0;0;0;0
FR;4;2021-05-05;6193;7;0;0;6188;0;0;0;0;85034;55;0;0;84859;0;0;0;0
FR;4;2021-05-06;11388;11;0;0;11385;0;0;0;0;96422;66;0;0;96244;0;0;0;0
FR;4;2021-05-07;19127;9;0;0;19088;0;0;0;0;115549;75;0;0;115332;0;0;0;0
FR;4;2021-05-08;2376;7;0;0;2380;0;0;0;0;117925;82;0;0;117712;0;0;0;0
FR;4;2021-05-09;692;3;0;0;693;0;0;0;0;118617;85;0;0;118405;0;0;0;0
FR;4;2021-05-10;7246;5;1;0;7243;0;0;0;0;125863;90;1;0;125648;0;0;0;0
FR;4;2021-05-11;14325;13;0;0;14305;0;0;0;0;140188;103;1;0;139953;0;0;0;0
FR;4;2021-05-12;10176;15;0;0;10179;0;0;0;0;150364;118;1;0;150132;0;0;0;0
FR;4;2021-05-13;1584;4;0;0;1585;0;0;0;0;151948;122;1;0;151717;0;0;0;0
FR;4;2021-05-14;7768;7;0;0;7763;0;0;0;0;159716;129;1;0;159480;0;0;0;0
FR;4;2021-05-15;3721;8;1;0;3720;0;0;0;0;163437;137;2;0;163200;0;0;0;0
FR;4;2021-05-16;417;1;0;0;417;0;0;0;0;163854;138;2;0;163617;0;0;0;0
FR;4;2021-05-17;4485;8;0;0;4484;0;0;0;0;168339;146;2;0;168101;0;0;0;0
FR;4;2021-05-18;8769;10;0;0;8769;0;0;0;0;177108;156;2;0;176870;0;0;0;0
FR;4;2021-05-19;5699;7;0;0;5701;0;0;0;0;182807;163;2;0;182571;0;0;0;0
FR;4;2021-05-20;9487;8;0;0;9479;0;0;0;0;192294;171;2;0;192050;0;0;0;0
FR;4;2021-05-21;12816;30;0;0;12823;0;0;0;0;205110;201;2;0;204873;0;0;0;0
FR;4;2021-05-22;5061;15;0;0;5068;0;0;0;0;210171;216;2;0;209941;0;0;0;0
FR;4;2021-05-23;498;4;0;0;501;0;0;0;0;210669;220;2;0;210442;0;0;0;0
FR;4;2021-05-24;1062;7;0;0;1066;0;0;0;0;211731;227;2;0;211508;0;0;0;0
FR;4;2021-05-25;7637;16;0;0;7643;0;0;0;0;219368;243;2;0;219151;0;0;0;0
FR;4;2021-05-26;7731;16;0;0;7739;0;0;0;0;227099;259;2;0;226890;0;0;0;0
FR;4;2021-05-27;14340;35;0;0;14349;0;0;0;0;241439;294;2;0;241239;0;0;0;0
FR;4;2021-05-28;26593;82;1;0;26634;0;0;0;0;268032;376;3;0;267873;0;0;0;0
FR;4;2021-05-29;11385;19;0;0;11385;0;0;0;0;279417;395;3;0;279258;0;0;0;0
FR;4;2021-05-30;974;7;0;0;973;0;0;0;0;280391;402;3;0;280231;0;0;0;0
FR;4;2021-05-31;12701;21;0;0;12701;0;0;0;0;293092;423;3;0;292932;0;0;0;0
FR;4;2021-06-01;20283;48;1;0;20301;0;0;0;0;313375;471;4;0;313233;0;0;0;0
FR;4;2021-06-02;14526;33;0;0;14538;0;0;0;0;327901;504;4;0;327771;0;0;0;0
FR;4;2021-06-03;19436;24;1;0;19434;0;0;0;0;347337;528;5;0;347205;0;0;0;0
FR;4;2021-06-04;22520;48;0;0;22538;0;0;0;0;369857;576;5;0;369743;0;0;0;0
FR;4;2021-06-05;9717;32;0;0;9721;0;0;0;0;379574;608;5;0;379464;0;0;0;0
FR;4;2021-06-06;1041;2;0;0;1037;0;0;0;0;380615;610;5;0;380501;0;0;0;0
FR;4;2021-06-07;9230;19;0;0;9238;0;0;0;0;389845;629;5;0;389739;0;0;0;0
FR;4;2021-06-08;14614;32;0;0;14626;0;0;0;0;404459;661;5;0;404365;0;0;0;0
FR;4;2021-06-09;12218;25;0;0;12226;0;0;0;0;416677;686;5;0;416591;0;0;0;0
FR;4;2021-06-10;15408;30;0;0;15416;0;0;0;0;432085;716;5;0;432007;0;0;0;0
FR;4;2021-06-11;16989;57;0;0;17016;0;0;0;0;449074;773;5;0;449023;0;0;0;0
FR;4;2021-06-12;7453;27;0;0;7478;0;0;0;0;456527;800;5;0;456501;0;0;0;0
FR;4;2021-06-13;908;3;0;0;910;0;0;0;0;457435;803;5;0;457411;0;0;0;0
FR;4;2021-06-14;6652;27;0;0;6662;0;0;0;0;464087;830;5;0;464073;0;0;0;0
FR;4;2021-06-15;10896;39;0;0;10913;0;0;0;0;474983;869;5;0;474986;0;0;0;0
FR;4;2021-06-16;8909;17;0;0;8917;0;0;0;0;483892;886;5;0;483903;0;0;0;0
FR;4;2021-06-17;10903;36;0;0;10915;0;0;0;0;494795;922;5;0;494818;0;0;0;0
FR;4;2021-06-18;12427;45;0;0;12454;0;0;0;0;507222;967;5;0;507272;0;0;0;0
FR;4;2021-06-19;5568;25;0;0;5588;0;0;0;0;512790;992;5;0;512860;0;0;0;0
FR;4;2021-06-20;828;5;0;0;832;0;0;0;0;513618;997;5;0;513692;0;0;0;0
FR;4;2021-06-21;5106;21;0;0;5106;0;0;0;0;518724;1018;5;0;518798;0;0;0;0
FR;4;2021-06-22;7914;29;2;0;7932;0;0;0;0;526638;1047;7;0;526730;0;0;0;0
FR;4;2021-06-23;7106;43;2;0;7133;0;0;0;0;533744;1090;9;0;533863;0;0;0;0
FR;4;2021-06-24;8657;46;1;0;8689;0;0;0;0;542401;1136;10;0;542552;0;0;0;0
FR;4;2021-06-25;10179;41;2;0;10211;0;0;0;0;552580;1177;12;0;552763;0;0;0;0
FR;4;2021-06-26;4854;21;0;0;4871;0;0;0;0;557434;1198;12;0;557634;0;0;0;0
FR;4;2021-06-27;769;4;0;0;771;0;0;0;0;558203;1202;12;0;558405;0;0;0;0
FR;4;2021-06-28;4835;16;1;0;4844;0;0;0;0;563038;1218;13;0;563249;0;0;0;0
FR;4;2021-06-29;7110;28;2;0;7119;0;0;0;0;570148;1246;15;0;570368;0;0;0;0
FR;4;2021-06-30;6728;41;2;0;6756;0;0;0;0;576876;1287;17;0;577124;0;0;0;0
FR;4;2021-07-01;8213;42;0;0;8235;0;0;0;0;585089;1329;17;0;585359;0;0;0;0
FR;4;2021-07-02;9430;53;1;0;9470;0;0;0;0;594519;1382;18;0;594829;0;0;0;0
FR;4;2021-07-03;4848;20;0;0;4863;0;0;0;0;599367;1402;18;0;599692;0;0;0;0
FR;4;2021-07-04;690;5;0;0;692;0;0;0;0;600057;1407;18;0;600384;0;0;0;0
FR;4;2021-07-05;4774;19;2;0;4785;0;0;0;0;604831;1426;20;0;605169;0;0;0;0
FR;4;2021-07-06;7729;29;4;0;7742;0;0;0;0;612560;1455;24;0;612911;0;0;0;0
FR;4;2021-07-07;7088;34;2;0;7100;0;0;0;0;619648;1489;26;0;620011;0;0;0;0
FR;4;2021-07-08;9235;40;2;0;9258;0;0;0;0;628883;1529;28;0;629269;0;0;0;0
FR;4;2021-07-09;10282;34;1;0;10305;0;0;0;0;639165;1563;29;0;639574;0;0;0;0
FR;4;2021-07-10;4639;14;2;0;4646;0;0;0;0;643804;1577;31;0;644220;0;0;0;0
FR;4;2021-07-11;586;4;1;0;584;0;0;0;0;644390;1581;32;0;644804;0;0;0;0
FR;4;2021-07-12;5878;29;0;0;5900;0;0;0;0;650268;1610;32;0;650704;0;0;0;0
FR;4;2021-07-13;14231;29;0;0;14249;0;0;0;0;664499;1639;32;0;664953;0;0;0;0
FR;4;2021-07-14;2291;15;0;0;2291;0;0;0;0;666790;1654;32;0;667244;0;0;0;0
FR;4;2021-07-15;18239;37;0;0;18256;0;0;0;0;685029;1691;32;0;685500;0;0;0;0
FR;4;2021-07-16;22838;71;2;0;22888;0;0;0;0;707867;1762;34;0;708388;0;0;0;0
FR;4;2021-07-17;9741;20;0;0;9749;0;0;0;0;717608;1782;34;0;718137;0;0;0;0
FR;4;2021-07-18;1359;5;0;0;1362;0;0;0;0;718967;1787;34;0;719499;0;0;0;0
FR;4;2021-07-19;12991;30;1;0;13016;0;0;0;0;731958;1817;35;0;732515;0;0;0;0
FR;4;2021-07-20;17344;26;1;0;17360;0;0;0;0;749302;1843;36;0;749875;0;0;0;0
FR;4;2021-07-21;15623;33;0;0;15643;0;0;0;0;764925;1876;36;0;765518;0;0;0;0
FR;4;2021-07-22;18247;45;2;0;18271;0;0;0;0;783172;1921;38;0;783789;0;0;0;0
FR;4;2021-07-23;20420;57;7;0;20453;0;0;0;0;803592;1978;45;0;804242;0;0;0;0
FR;4;2021-07-24;9290;34;0;0;9305;0;0;0;0;812882;2012;45;0;813547;0;0;0;0
FR;4;2021-07-25;1356;11;0;0;1358;0;0;0;0;814238;2023;45;0;814905;0;0;0;0
FR;4;2021-07-26;11050;23;0;0;11057;0;0;0;0;825288;2046;45;0;825962;0;0;0;0
FR;4;2021-07-27;14688;35;3;0;14708;0;0;0;0;839976;2081;48;0;840670;0;0;0;0
FR;4;2021-07-28;12937;26;2;0;12954;0;0;0;0;852913;2107;50;0;853624;0;0;0;0
FR;4;2021-07-29;14097;54;4;0;14139;0;0;0;0;867010;2161;54;0;867763;0;0;0;0
FR;4;2021-07-30;15502;46;2;0;15532;0;0;0;0;882512;2207;56;0;883295;0;0;0;0
FR;4;2021-07-31;6845;14;2;0;6855;0;0;0;0;889357;2221;58;0;890150;0;0;0;0
FR;4;2021-08-01;906;1;0;0;901;0;0;0;0;890263;2222;58;0;891051;0;0;0;0
FR;4;2021-08-02;7918;31;0;0;7919;0;0;0;0;898181;2253;58;0;898970;0;0;0;0
FR;4;2021-08-03;10805;31;2;0;10801;0;0;0;0;908986;2284;60;0;909771;0;0;0;0
FR;4;2021-08-04;9749;29;0;0;9748;0;0;0;0;918735;2313;60;0;919519;0;0;0;0
FR;4;2021-08-05;9831;42;0;0;9837;0;0;0;0;928566;2355;60;0;929356;0;0;0;0
FR;4;2021-08-06;10201;30;3;0;10198;0;0;0;0;938767;2385;63;0;939554;0;0;0;0
FR;4;2021-08-07;5100;30;1;0;5116;0;0;0;0;943867;2415;64;0;944670;0;0;0;0
FR;4;2021-08-08;1225;13;0;0;1228;0;0;0;0;945092;2428;64;0;945898;0;0;0;0
FR;4;2021-08-09;6350;31;0;0;6343;0;0;0;0;951442;2459;64;0;952241;0;0;0;0
FR;4;2021-08-10;8753;18;0;0;8724;0;0;0;0;960195;2477;64;0;960965;0;0;0;0
FR;4;2021-08-11;7945;34;4;0;7934;0;0;0;0;968140;2511;68;0;968899;0;0;0;0
FR;4;2021-08-12;8585;31;1;0;8573;0;0;0;0;976725;2542;69;0;977472;0;0;0;0
FR;4;2021-08-13;7561;25;0;1;7548;0;0;0;0;984286;2567;69;1;985020;0;0;0;0
FR;4;2021-08-14;3793;20;0;0;3777;0;0;0;0;988079;2587;69;1;988797;0;0;0;0
FR;4;2021-08-15;771;5;0;0;773;0;0;0;0;988850;2592;69;1;989570;0;0;0;0
FR;4;2021-08-16;4009;17;0;0;4004;0;0;0;0;992859;2609;69;1;993574;0;0;0;0
FR;4;2021-08-17;5634;17;1;0;5624;0;0;0;0;998493;2626;70;1;999198;0;0;0;0
FR;4;2021-08-18;5172;37;0;0;5189;0;0;0;0;1003665;2663;70;1;1004387;0;0;0;0
FR;4;2021-08-19;5489;34;3;0;5503;0;0;0;0;1009154;2697;73;1;1009890;0;0;0;0
FR;4;2021-08-20;5225;25;1;0;5235;0;0;0;0;1014379;2722;74;1;1015125;0;0;0;0
FR;4;2021-08-21;2311;23;1;0;2328;0;0;0;0;1016690;2745;75;1;1017453;0;0;0;0
FR;4;2021-08-22;414;2;0;0;415;0;0;0;0;1017104;2747;75;1;1017868;0;0;0;0
FR;4;2021-08-23;2936;21;1;0;2944;0;0;0;0;1020040;2768;76;1;1020812;0;0;0;0
FR;4;2021-08-24;3758;16;0;0;3761;0;0;0;0;1023798;2784;76;1;1024573;0;0;0;0
FR;4;2021-08-25;3546;25;1;0;3562;0;0;0;0;1027344;2809;77;1;1028135;0;0;0;0
FR;4;2021-08-26;3716;21;2;0;3728;0;0;0;0;1031060;2830;79;1;1031863;0;0;0;0
FR;4;2021-08-27;3617;31;2;0;3635;0;0;0;0;1034677;2861;81;1;1035498;0;0;0;0
FR;4;2021-08-28;1732;10;1;0;1737;0;0;0;0;1036409;2871;82;1;1037235;0;0;0;0
FR;4;2021-08-29;385;7;1;0;389;0;0;0;0;1036794;2878;83;1;1037624;0;0;0;0
FR;4;2021-08-30;2010;25;0;0;2018;16;0;0;0;1038804;2903;83;1;1039642;16;0;0;0
FR;4;2021-08-31;2487;21;0;0;2494;14;0;0;0;1041291;2924;83;1;1042136;30;0;0;0
FR;4;2021-09-01;2085;38;1;0;2096;22;0;0;0;1043376;2962;84;1;1044232;52;0;0;0
FR;4;2021-09-02;2309;31;4;0;2322;18;0;0;0;1045685;2993;88;1;1046554;70;0;0;0
FR;4;2021-09-03;2366;44;5;0;2375;36;0;0;0;1048051;3037;93;1;1048929;106;0;0;0
FR;4;2021-09-04;1374;18;0;0;1381;9;0;0;0;1049425;3055;93;1;1050310;115;0;0;0
FR;4;2021-09-05;434;2;0;0;434;2;0;0;0;1049859;3057;93;1;1050744;117;0;0;0
FR;4;2021-09-06;1713;62;0;0;1750;24;0;0;0;1051572;3119;93;1;1052494;141;0;0;0
FR;4;2021-09-07;1681;18;0;0;1690;8;0;0;0;1053253;3137;93;1;1054184;149;0;0;0
FR;4;2021-09-08;1286;26;3;0;1291;19;0;0;0;1054539;3163;96;1;1055475;168;0;0;0
FR;4;2021-09-09;1394;23;2;0;1404;9;0;0;0;1055933;3186;98;1;1056879;177;0;0;0
FR;4;2021-09-10;1521;31;2;0;1525;23;1;0;0;1057454;3217;100;1;1058404;200;1;0;0
FR;4;2021-09-11;746;11;0;0;749;3;0;0;0;1058200;3228;100;1;1059153;203;1;0;0
FR;4;2021-09-12;169;5;0;0;170;4;0;0;0;1058369;3233;100;1;1059323;207;1;0;0
FR;4;2021-09-13;1325;22;1;0;1328;16;0;0;0;1059694;3255;101;1;1060651;223;1;0;0
FR;4;2021-09-14;1507;9;2;0;1509;7;0;0;0;1061201;3264;103;1;1062160;230;1;0;0
FR;4;2021-09-15;1095;28;1;0;1098;25;0;0;0;1062296;3292;104;1;1063258;255;1;0;0
FR;4;2021-09-16;1107;22;2;0;1111;15;0;0;0;1063403;3314;106;1;1064369;270;1;0;0
FR;4;2021-09-17;898;21;1;0;905;12;0;0;0;1064301;3335;107;1;1065274;282;1;0;0
FR;4;2021-09-18;464;7;1;0;465;6;0;0;0;1064765;3342;108;1;1065739;288;1;0;0
FR;4;2021-09-19;182;3;0;0;183;2;0;0;0;1064947;3345;108;1;1065922;290;1;0;0
FR;4;2021-09-20;452;19;0;0;458;13;0;0;0;1065399;3364;108;1;1066380;303;1;0;0
FR;4;2021-09-21;434;11;0;0;436;7;0;0;0;1065833;3375;108;1;1066816;310;1;0;0
FR;4;2021-09-22;377;19;4;0;384;15;0;0;0;1066210;3394;112;1;1067200;325;1;0;0
FR;4;2021-09-23;488;15;1;0;489;14;0;0;0;1066698;3409;113;1;1067689;339;1;0;0
FR;4;2021-09-24;416;13;2;0;420;9;0;0;0;1067114;3422;115;1;1068109;348;1;0;0
FR;4;2021-09-25;281;10;1;0;282;5;0;0;0;1067395;3432;116;1;1068391;353;1;0;0
FR;4;2021-09-26;75;2;0;0;76;1;0;0;0;1067470;3434;116;1;1068467;354;1;0;0
FR;4;2021-09-27;270;10;1;0;271;8;0;0;0;1067740;3444;117;1;1068738;362;1;0;0
FR;4;2021-09-28;319;8;0;0;319;8;0;0;0;1068059;3452;117;1;1069057;370;1;0;0
FR;4;2021-09-29;378;19;1;0;380;13;0;0;0;1068437;3471;118;1;1069437;383;1;0;0
FR;4;2021-09-30;367;41;0;0;381;22;0;0;0;1068804;3512;118;1;1069818;405;1;0;0
FR;4;2021-10-01;411;56;0;0;413;50;0;0;0;1069215;3568;118;1;1070231;455;1;0;0
FR;4;2021-10-02;196;23;1;0;198;14;0;0;0;1069411;3591;119;1;1070429;469;1;0;0
FR;4;2021-10-03;86;1;0;0;87;0;0;0;0;1069497;3592;119;1;1070516;469;1;0;0
FR;4;2021-10-04;363;20;1;0;367;16;0;0;0;1069860;3612;120;1;1070883;485;1;0;0
FR;4;2021-10-05;286;19;2;0;288;15;0;0;0;1070146;3631;122;1;1071171;500;1;0;0
FR;4;2021-10-06;249;23;1;0;254;18;0;0;0;1070395;3654;123;1;1071425;518;1;0;0
FR;4;2021-10-07;268;25;2;0;273;13;0;0;0;1070663;3679;125;1;1071698;531;1;0;0
FR;4;2021-10-08;357;24;2;0;360;20;0;0;0;1071020;3703;127;1;1072058;551;1;0;0
FR;4;2021-10-09;194;6;6;0;195;7;0;0;0;1071214;3709;133;1;1072253;558;1;0;0
FR;4;2021-10-10;97;3;2;0;99;3;0;0;0;1071311;3712;135;1;1072352;561;1;0;0
FR;4;2021-10-11;252;15;1;0;253;14;0;0;0;1071563;3727;136;1;1072605;575;1;0;0
FR;4;2021-10-12;211;14;0;0;211;13;0;0;0;1071774;3741;136;1;1072816;588;1;0;0
FR;4;2021-10-13;221;28;1;0;224;25;0;0;0;1071995;3769;137;1;1073040;613;1;0;0
FR;4;2021-10-14;316;21;4;0;320;15;0;0;0;1072311;3790;141;1;1073360;628;1;0;0
FR;4;2021-10-15;324;24;5;0;325;25;0;0;0;1072635;3814;146;1;1073685;653;1;0;0
FR;4;2021-10-16;167;6;2;0;167;6;0;0;0;1072802;3820;148;1;1073852;659;1;0;0
FR;4;2021-10-17;70;2;0;0;71;1;0;0;0;1072872;3822;148;1;1073923;660;1;0;0
FR;4;2021-10-18;281;16;1;0;283;13;0;0;0;1073153;3838;149;1;1074206;673;1;0;0
FR;4;2021-10-19;215;14;2;0;215;15;0;0;0;1073368;3852;151;1;1074421;688;1;0;0
FR;4;2021-10-20;232;27;4;0;235;15;0;0;0;1073600;3879;155;1;1074656;703;1;0;0
FR;4;2021-10-21;244;18;0;0;246;14;0;0;0;1073844;3897;155;1;1074902;717;1;0;0
FR;4;2021-10-22;217;25;2;0;219;20;1;0;0;1074061;3922;157;1;1075121;737;2;0;0
FR;4;2021-10-23;117;16;1;0;118;15;0;0;0;1074178;3938;158;1;1075239;752;2;0;0
FR;4;2021-10-24;39;4;0;0;39;1;0;0;0;1074217;3942;158;1;1075278;753;2;0;0
FR;4;2021-10-25;218;7;2;0;218;9;0;0;0;1074435;3949;160;1;1075496;762;2;0;0
FR;4;2021-10-26;200;14;0;0;202;12;0;0;0;1074635;3963;160;1;1075698;774;2;0;0
FR;4;2021-10-27;196;12;4;0;196;12;2;0;0;1074831;3975;164;1;1075894;786;4;0;0
FR;4;2021-10-28;186;18;5;0;186;22;0;0;0;1075017;3993;169;1;1076080;808;4;0;0
FR;4;2021-10-29;227;18;2;0;228;16;0;0;0;1075244;4011;171;1;1076308;824;4;0;0
FR;4;2021-10-30;104;2;1;0;105;2;0;0;0;1075348;4013;172;1;1076413;826;4;0;0
FR;4;2021-10-31;59;3;2;0;60;3;0;0;0;1075407;4016;174;1;1076473;829;4;0;0
FR;4;2021-11-01;76;27;4;0;77;24;3;0;0;1075483;4043;178;1;1076550;853;7;0;0
FR;4;2021-11-02;164;21;2;0;165;21;0;0;0;1075647;4064;180;1;1076715;874;7;0;0
FR;4;2021-11-03;132;21;8;1;133;19;6;0;0;1075779;4085;188;2;1076848;893;13;0;0
FR;4;2021-11-04;187;15;1;0;188;12;1;0;0;1075966;4100;189;2;1077036;905;14;0;0
FR;4;2021-11-05;130;17;1;0;131;16;0;0;0;1076096;4117;190;2;1077167;921;14;0;0
FR;4;2021-11-06;82;6;1;0;82;6;0;0;0;1076178;4123;191;2;1077249;927;14;0;0
FR;4;2021-11-07;83;2;2;0;83;4;0;0;0;1076261;4125;193;2;1077332;931;14;0;0
FR;4;2021-11-08;162;20;1;0;163;20;0;0;0;1076423;4145;194;2;1077495;951;14;0;0
FR;4;2021-11-09;159;14;3;0;159;16;0;0;0;1076582;4159;197;2;1077654;967;14;0;0
FR;4;2021-11-10;121;30;7;0;121;33;2;0;0;1076703;4189;204;2;1077775;1000;16;0;0
FR;4;2021-11-11;100;10;1;0;100;11;0;0;0;1076803;4199;205;2;1077875;1011;16;0;0
FR;4;2021-11-12;107;19;2;0;108;18;1;0;0;1076910;4218;207;2;1077983;1029;17;0;0
FR;4;2021-11-13;74;15;2;0;75;14;0;0;0;1076984;4233;209;2;1078058;1043;17;0;0
FR;4;2021-11-14;55;5;4;0;56;8;0;0;0;1077039;4238;213;2;1078114;1051;17;0;0
FR;4;2021-11-15;99;26;2;0;101;24;2;0;0;1077138;4264;215;2;1078215;1075;19;0;0
FR;4;2021-11-16;112;14;3;0;112;17;0;0;0;1077250;4278;218;2;1078327;1092;19;0;0
FR;4;2021-11-17;122;30;4;0;122;30;1;0;0;1077372;4308;222;2;1078449;1122;20;0;0
FR;4;2021-11-18;103;34;14;0;105;43;1;0;0;1077475;4342;236;2;1078554;1165;21;0;0
FR;4;2021-11-19;89;21;3;0;89;22;1;0;0;1077564;4363;239;2;1078643;1187;22;0;0
FR;4;2021-11-20;78;8;1;0;78;8;0;0;0;1077642;4371;240;2;1078721;1195;22;0;0
FR;4;2021-11-21;69;7;2;0;69;9;0;0;0;1077711;4378;242;2;1078790;1204;22;0;0
FR;4;2021-11-22;109;28;9;0;110;33;2;0;0;1077820;4406;251;2;1078900;1237;24;0;0
FR;4;2021-11-23;78;31;6;0;79;29;2;0;0;1077898;4437;257;2;1078979;1266;26;0;0
FR;4;2021-11-24;91;23;12;0;93;25;4;0;0;1077989;4460;269;2;1079072;1291;30;0;0
FR;4;2021-11-25;96;28;19;0;97;35;5;0;0;1078085;4488;288;2;1079169;1326;35;0;0
FR;4;2021-11-26;86;43;12;0;90;45;3;0;0;1078171;4531;300;2;1079259;1371;38;0;0
FR;4;2021-11-27;42;22;15;0;42;25;10;0;0;1078213;4553;315;2;1079301;1396;48;0;0
FR;4;2021-11-28;53;8;0;0;54;7;0;0;0;1078266;4561;315;2;1079355;1403;48;0;0
FR;4;2021-11-29;90;31;16;0;90;40;2;0;0;1078356;4592;331;2;1079445;1443;50;0;0
FR;4;2021-11-30;77;37;13;0;77;42;2;0;0;1078433;4629;344;2;1079522;1485;52;0;0
FR;4;2021-12-01;88;60;19;0;88;67;11;0;0;1078521;4689;363;2;1079610;1552;63;0;0
FR;4;2021-12-02;114;48;21;0;118;56;3;0;0;1078635;4737;384;2;1079728;1608;66;0;0
FR;4;2021-12-03;105;36;15;0;105;44;4;0;0;1078740;4773;399;2;1079833;1652;70;0;0
FR;4;2021-12-04;73;31;18;0;75;44;1;0;0;1078813;4804;417;2;1079908;1696;71;0;0
FR;4;2021-12-05;64;7;1;0;65;7;0;0;0;1078877;4811;418;2;1079973;1703;71;0;0
FR;4;2021-12-06;112;46;20;0;112;60;3;0;0;1078989;4857;438;2;1080085;1763;74;0;0
FR;4;2021-12-07;85;37;9;0;88;36;3;0;0;1079074;4894;447;2;1080173;1799;77;0;0
FR;4;2021-12-08;74;31;17;0;76;38;7;0;0;1079148;4925;464;2;1080249;1837;84;0;0
FR;4;2021-12-09;65;32;10;1;65;39;3;0;0;1079213;4957;474;3;1080314;1876;87;0;0
FR;4;2021-12-10;64;64;20;0;65;68;10;0;0;1079277;5021;494;3;1080379;1944;97;0;0
FR;4;2021-12-11;30;34;7;0;30;34;3;0;0;1079307;5055;501;3;1080409;1978;100;0;0
FR;4;2021-12-12;30;12;3;0;30;15;0;0;0;1079337;5067;504;3;1080439;1993;100;0;0
FR;4;2021-12-13;78;40;14;0;80;49;2;0;0;1079415;5107;518;3;1080519;2042;102;0;0
FR;4;2021-12-14;61;43;18;0;62;55;2;0;0;1079476;5150;536;3;1080581;2097;104;0;0
FR;4;2021-12-15;68;65;29;0;68;86;6;0;0;1079544;5215;565;3;1080649;2183;110;0;0
FR;4;2021-12-16;35;45;18;0;36;58;3;0;0;1079579;5260;583;3;1080685;2241;113;0;0
FR;4;2021-12-17;39;55;11;0;39;59;6;0;0;1079618;5315;594;3;1080724;2300;119;0;0
FR;4;2021-12-18;49;31;3;0;50;33;0;0;0;1079667;5346;597;3;1080774;2333;119;0;0
FR;4;2021-12-19;16;4;1;0;17;4;0;0;0;1079683;5350;598;3;1080791;2337;119;0;0
FR;4;2021-12-20;45;38;10;0;46;41;6;0;0;1079728;5388;608;3;1080837;2378;125;0;0
FR;4;2021-12-21;31;32;17;0;33;39;5;0;0;1079759;5420;625;3;1080870;2417;130;0;0
FR;4;2021-12-22;37;39;10;0;38;39;7;0;0;1079796;5459;635;3;1080908;2456;137;0;0
FR;4;2021-12-23;41;45;8;0;41;49;2;0;0;1079837;5504;643;3;1080949;2505;139;0;0
FR;4;2021-12-24;24;28;10;0;26;31;4;0;0;1079861;5532;653;3;1080975;2536;143;0;0
FR;4;2021-12-25;7;3;3;0;7;4;2;0;0;1079868;5535;656;3;1080982;2540;145;0;0
FR;4;2021-12-26;5;3;1;0;6;2;0;0;0;1079873;5538;657;3;1080988;2542;145;0;0
FR;4;2021-12-27;31;41;9;0;32;43;4;0;0;1079904;5579;666;3;1081020;2585;149;0;0
FR;4;2021-12-28;27;28;7;0;29;29;4;0;0;1079931;5607;673;3;1081049;2614;153;0;0
FR;4;2021-12-29;56;25;11;0;57;30;5;0;0;1079987;5632;684;3;1081106;2644;158;0;0
FR;4;2021-12-30;48;19;12;0;51;22;5;0;0;1080035;5651;696;3;1081157;2666;163;0;0
FR;4;2021-12-31;20;6;8;0;21;11;2;0;0;1080055;5657;704;3;1081178;2677;165;0;0
FR;4;2022-01-01;6;4;5;0;6;7;1;0;0;1080061;5661;709;3;1081184;2684;166;0;0
FR;4;2022-01-02;43;5;16;0;43;20;1;0;0;1080104;5666;725;3;1081227;2704;167;0;0
FR;4;2022-01-03;45;55;25;1;47;65;10;0;0;1080149;5721;750;4;1081274;2769;177;0;0
FR;4;2022-01-04;42;28;16;0;43;33;8;0;0;1080191;5749;766;4;1081317;2802;185;0;0
FR;4;2022-01-05;52;24;19;0;58;27;9;0;0;1080243;5773;785;4;1081375;2829;194;0;0
FR;4;2022-01-06;52;24;24;0;52;40;8;0;0;1080295;5797;809;4;1081427;2869;202;0;0
FR;4;2022-01-07;31;20;16;0;33;21;12;0;0;1080326;5817;825;4;1081460;2890;214;0;0
FR;4;2022-01-08;13;6;10;0;14;12;3;0;0;1080339;5823;835;4;1081474;2902;217;0;0
FR;4;2022-01-09;20;2;3;0;21;4;0;0;0;1080359;5825;838;4;1081495;2906;217;0;0
FR;4;2022-01-10;52;22;19;0;52;36;4;0;0;1080411;5847;857;4;1081547;2942;221;0;0
FR;4;2022-01-11;30;31;12;0;34;35;1;0;0;1080441;5878;869;4;1081581;2977;222;0;0
FR;4;2022-01-12;35;21;13;0;37;23;9;0;0;1080476;5899;882;4;1081618;3000;231;0;0
FR;4;2022-01-13;55;20;27;0;56;38;8;0;0;1080531;5919;909;4;1081674;3038;239;0;0
FR;4;2022-01-14;25;32;13;0;26;35;7;0;0;1080556;5951;922;4;1081700;3073;246;0;0
FR;4;2022-01-15;15;6;8;0;16;12;1;0;0;1080571;5957;930;4;1081716;3085;247;0;0
FR;4;2022-01-16;13;9;14;0;13;22;1;0;0;1080584;5966;944;4;1081729;3107;248;0;0
FR;4;2022-01-17;27;20;15;0;27;29;5;0;0;1080611;5986;959;4;1081756;3136;253;0;0
FR;4;2022-01-18;17;14;10;0;17;21;3;0;0;1080628;6000;969;4;1081773;3157;256;0;0
FR;4;2022-01-19;33;23;13;0;33;34;1;0;0;1080661;6023;982;4;1081806;3191;257;0;0
FR;4;2022-01-20;34;34;13;0;36;39;5;0;0;1080695;6057;995;4;1081842;3230;262;0;0
FR;4;2022-01-21;13;12;20;1;13;17;15;0;1;1080708;6069;1015;5;1081855;3247;277;0;1
FR;4;2022-01-22;30;13;3;0;30;14;2;0;0;1080738;6082;1018;5;1081885;3261;279;0;1
FR;4;2022-01-23;8;2;7;0;8;9;0;0;0;1080746;6084;1025;5;1081893;3270;279;0;1
FR;4;2022-01-24;14;21;9;0;15;28;1;0;0;1080760;6105;1034;5;1081908;3298;280;0;1
FR;4;2022-01-25;22;32;10;1;23;38;3;0;0;1080782;6137;1044;6;1081931;3336;283;0;1
FR;4;2022-01-26;20;17;9;1;21;21;4;0;0;1080802;6154;1053;7;1081952;3357;287;0;1
FR;4;2022-01-27;22;19;8;0;23;25;1;0;0;1080824;6173;1061;7;1081975;3382;288;0;1
FR;4;2022-01-28;14;23;8;0;15;26;4;0;0;1080838;6196;1069;7;1081990;3408;292;0;1
FR;4;2022-01-29;17;6;5;0;17;10;0;0;0;1080855;6202;1074;7;1082007;3418;292;0;1
FR;4;2022-01-30;19;3;2;0;19;5;0;0;0;1080874;6205;1076;7;1082026;3423;292;0;1
FR;4;2022-01-31;22;28;8;0;22;32;2;0;0;1080896;6233;1084;7;1082048;3455;294;0;1
FR;4;2022-02-01;13;24;13;0;15;25;9;0;0;1080909;6257;1097;7;1082063;3480;303;0;1
FR;4;2022-02-02;19;12;14;2;20;20;7;0;0;1080928;6269;1111;9;1082083;3500;310;0;1
FR;4;2022-02-03;16;24;11;0;18;29;4;0;0;1080944;6293;1122;9;1082101;3529;314;0;1
FR;4;2022-02-04;7;5;7;0;7;9;3;0;0;1080951;6298;1129;9;1082108;3538;317;0;1
FR;4;2022-02-05;7;14;1;0;8;13;1;0;0;1080958;6312;1130;9;1082116;3551;318;0;1
FR;4;2022-02-06;8;4;4;0;8;7;1;0;0;1080966;6316;1134;9;1082124;3558;319;0;1
FR;4;2022-02-07;15;20;8;0;17;20;6;0;0;1080981;6336;1142;9;1082141;3578;325;0;1
FR;4;2022-02-08;20;21;13;1;22;22;10;0;0;1081001;6357;1155;10;1082163;3600;335;0;1
FR;4;2022-02-09;18;12;9;0;19;17;2;0;0;1081019;6369;1164;10;1082182;3617;337;0;1
FR;4;2022-02-10;23;23;10;0;24;25;7;0;0;1081042;6392;1174;10;1082206;3642;344;0;1
FR;4;2022-02-11;18;15;8;0;18;20;3;0;0;1081060;6407;1182;10;1082224;3662;347;0;1
FR;4;2022-02-12;24;6;3;0;26;7;0;0;0;1081084;6413;1185;10;1082250;3669;347;0;1
FR;4;2022-02-13;7;3;3;0;7;6;0;0;0;1081091;6416;1188;10;1082257;3675;347;0;1
FR;4;2022-02-14;22;10;10;0;22;16;4;0;0;1081113;6426;1198;10;1082279;3691;351;0;1
FR;4;2022-02-15;18;7;2;0;18;8;0;0;0;1081131;6433;1200;10;1082297;3699;351;0;1
FR;4;2022-02-16;17;11;11;0;17;18;3;0;0;1081148;6444;1211;10;1082314;3717;354;0;1
FR;4;2022-02-17;11;4;5;0;11;7;2;0;0;1081159;6448;1216;10;1082325;3724;356;0;1
FR;4;2022-02-18;16;15;8;0;16;21;2;0;0;1081175;6463;1224;10;1082341;3745;358;0;1
FR;4;2022-02-19;16;4;2;0;17;5;0;0;0;1081191;6467;1226;10;1082358;3750;358;0;1
FR;4;2022-02-20;8;3;0;0;9;2;0;0;0;1081199;6470;1226;10;1082367;3752;358;0;1
FR;4;2022-02-21;24;5;4;0;24;7;2;0;0;1081223;6475;1230;10;1082391;3759;360;0;1
FR;4;2022-02-22;8;5;10;0;9;10;4;0;0;1081231;6480;1240;10;1082400;3769;364;0;1
FR;4;2022-02-23;17;6;10;0;17;10;5;0;0;1081248;6486;1250;10;1082417;3779;369;0;1
FR;4;2022-02-24;11;5;4;0;11;7;2;0;0;1081259;6491;1254;10;1082428;3786;371;0;1
FR;4;2022-02-25;17;5;7;0;17;6;6;0;0;1081276;6496;1261;10;1082445;3792;377;0;1
FR;4;2022-02-26;27;3;1;0;27;4;0;0;0;1081303;6499;1262;10;1082472;3796;377;0;1
FR;4;2022-02-27;9;0;1;0;9;1;0;0;0;1081312;6499;1263;10;1082481;3797;377;0;1
FR;4;2022-02-28;18;3;2;0;19;3;1;0;0;1081330;6502;1265;10;1082500;3800;378;0;1
FR;4;2022-03-01;8;4;7;0;8;5;5;0;0;1081338;6506;1272;10;1082508;3805;383;0;1
FR;4;2022-03-02;16;3;5;0;17;6;1;0;0;1081354;6509;1277;10;1082525;3811;384;0;1
FR;4;2022-03-03;19;5;3;0;19;6;1;0;0;1081373;6514;1280;10;1082544;3817;385;0;1
FR;4;2022-03-04;7;8;2;1;7;6;3;0;0;1081380;6522;1282;11;1082551;3823;388;0;1
FR;4;2022-03-05;9;2;0;0;9;2;0;0;0;1081389;6524;1282;11;1082560;3825;388;0;1
FR;4;2022-03-06;4;0;1;0;4;1;0;0;0;1081393;6524;1283;11;1082564;3826;388;0;1
FR;4;2022-03-07;11;6;2;0;11;5;2;0;0;1081404;6530;1285;11;1082575;3831;390;0;1
FR;4;2022-03-08;15;3;0;0;15;3;0;0;0;1081419;6533;1285;11;1082590;3834;390;0;1
FR;4;2022-03-09;9;7;2;0;11;7;0;0;0;1081428;6540;1287;11;1082601;3841;390;0;1
FR;4;2022-03-10;6;1;6;0;6;3;4;0;0;1081434;6541;1293;11;1082607;3844;394;0;1
FR;4;2022-03-11;10;4;5;0;12;2;5;0;0;1081444;6545;1298;11;1082619;3846;399;0;1
FR;4;2022-03-12;10;2;0;0;11;0;0;0;0;1081454;6547;1298;11;1082630;3846;399;0;1
FR;4;2022-03-13;6;2;1;0;7;2;0;0;0;1081460;6549;1299;11;1082637;3848;399;0;1
FR;4;2022-03-14;4;3;1;0;5;3;0;0;0;1081464;6552;1300;11;1082642;3851;399;0;1
FR;4;2022-03-15;8;8;3;0;10;7;2;0;0;1081472;6560;1303;11;1082652;3858;401;0;1
FR;4;2022-03-16;7;3;4;0;7;4;3;0;0;1081479;6563;1307;11;1082659;3862;404;0;1
FR;4;2022-03-17;3;4;1;0;3;5;0;0;0;1081482;6567;1308;11;1082662;3867;404;0;1
FR;4;2022-03-18;9;3;0;0;9;3;0;0;0;1081491;6570;1308;11;1082671;3870;404;0;1
FR;4;2022-03-19;1;1;1;0;1;2;0;0;0;1081492;6571;1309;11;1082672;3872;404;0;1
FR;4;2022-03-20;3;1;2;0;3;2;1;0;0;1081495;6572;1311;11;1082675;3874;405;0;1
FR;4;2022-03-21;6;4;1;0;6;5;0;0;0;1081501;6576;1312;11;1082681;3879;405;0;1
FR;4;2022-03-22;4;2;2;0;4;3;1;0;0;1081505;6578;1314;11;1082685;3882;406;0;1
FR;4;2022-03-23;6;4;5;0;6;8;1;0;0;1081511;6582;1319;11;1082691;3890;407;0;1
FR;4;2022-03-24;2;5;3;1;2;7;2;0;0;1081513;6587;1322;12;1082693;3897;409;0;1
FR;4;2022-03-25;4;1;2;0;4;1;2;0;0;1081517;6588;1324;12;1082697;3898;411;0;1
FR;4;2022-03-26;5;5;0;0;5;5;0;0;0;1081522;6593;1324;12;1082702;3903;411;0;1
FR;4;2022-03-27;1;0;3;0;1;2;1;0;0;1081523;6593;1327;12;1082703;3905;412;0;1
FR;4;2022-03-28;6;1;3;0;7;3;0;0;0;1081529;6594;1330;12;1082710;3908;412;0;1
FR;4;2022-03-29;9;0;4;1;9;0;2;0;0;1081538;6594;1334;13;1082719;3908;414;0;1
FR;4;2022-03-30;3;4;0;0;3;4;0;0;0;1081541;6598;1334;13;1082722;3912;414;0;1
FR;4;2022-03-31;5;3;2;1;5;4;1;0;0;1081546;6601;1336;14;1082727;3916;415;0;1
FR;4;2022-04-01;15;3;5;0;15;6;2;0;0;1081561;6604;1341;14;1082742;3922;417;0;1
FR;4;2022-04-02;4;4;0;0;5;3;0;0;0;1081565;6608;1341;14;1082747;3925;417;0;1
FR;4;2022-04-03;0;1;0;0;0;1;0;0;0;1081565;6609;1341;14;1082747;3926;417;0;1
FR;4;2022-04-04;4;4;4;0;5;5;2;0;0;1081569;6613;1345;14;1082752;3931;419;0;1
FR;4;2022-04-05;4;3;3;1;5;3;3;0;0;1081573;6616;1348;15;1082757;3934;422;0;1
FR;4;2022-04-06;6;1;0;0;6;1;0;0;0;1081579;6617;1348;15;1082763;3935;422;0;1
FR;4;2022-04-07;3;2;3;2;3;5;0;0;0;1081582;6619;1351;17;1082766;3940;422;0;1
FR;4;2022-04-08;4;2;1;0;4;2;1;0;0;1081586;6621;1352;17;1082770;3942;423;0;1
FR;4;2022-04-09;0;0;1;1;0;1;1;0;0;1081586;6621;1353;18;1082770;3943;424;0;1
FR;4;2022-04-10;2;2;0;0;2;2;0;0;0;1081588;6623;1353;18;1082772;3945;424;0;1
FR;4;2022-04-11;4;3;4;0;4;5;2;0;0;1081592;6626;1357;18;1082776;3950;426;0;1
FR;4;2022-04-12;5;1;4;0;5;2;3;0;0;1081597;6627;1361;18;1082781;3952;429;0;1
FR;4;2022-04-13;5;8;2;1;5;10;1;0;0;1081602;6635;1363;19;1082786;3962;430;0;1
FR;4;2022-04-14;6;4;2;1;7;5;1;0;0;1081608;6639;1365;20;1082793;3967;431;0;1
FR;4;2022-04-15;7;9;1;0;7;10;0;0;0;1081615;6648;1366;20;1082800;3977;431;0;1
FR;4;2022-04-16;1;0;0;0;1;0;0;0;0;1081616;6648;1366;20;1082801;3977;431;0;1
FR;4;2022-04-17;3;2;1;0;3;3;0;0;0;1081619;6650;1367;20;1082804;3980;431;0;1
FR;4;2022-04-18;2;2;6;0;2;4;4;0;0;1081621;6652;1373;20;1082806;3984;435;0;1
FR;4;2022-04-19;3;0;1;0;3;0;1;0;0;1081624;6652;1374;20;1082809;3984;436;0;1
FR;4;2022-04-20;15;4;1;1;16;3;1;0;0;1081639;6656;1375;21;1082825;3987;437;0;1
FR;4;2022-04-21;7;1;0;0;7;1;0;0;0;1081646;6657;1375;21;1082832;3988;437;0;1
FR;4;2022-04-22;1;1;2;0;1;2;1;0;0;1081647;6658;1377;21;1082833;3990;438;0;1
FR;4;2022-04-23;2;3;3;0;2;6;0;0;0;1081649;6661;1380;21;1082835;3996;438;0;1
FR;4;2022-04-24;0;3;0;0;0;3;0;0;0;1081649;6664;1380;21;1082835;3999;438;0;1
FR;4;2022-04-25;3;5;3;0;3;8;0;0;0;1081652;6669;1383;21;1082838;4007;438;0;1
FR;4;2022-04-26;5;6;1;0;5;6;1;0;0;1081657;6675;1384;21;1082843;4013;439;0;1
FR;4;2022-04-27;4;1;1;2;5;1;2;0;0;1081661;6676;1385;23;1082848;4014;441;0;1
FR;4;2022-04-28;3;5;5;1;3;7;4;0;0;1081664;6681;1390;24;1082851;4021;445;0;1
FR;4;2022-04-29;6;3;0;0;6;2;0;0;0;1081670;6684;1390;24;1082857;4023;445;0;1
FR;4;2022-04-30;2;1;1;0;2;2;0;0;0;1081672;6685;1391;24;1082859;4025;445;0;1
FR;4;2022-05-01;0;0;0;0;0;0;0;0;0;1081672;6685;1391;24;1082859;4025;445;0;1
FR;4;2022-05-02;5;16;6;0;5;19;3;0;0;1081677;6701;1397;24;1082864;4044;448;0;1
FR;4;2022-05-03;2;6;2;0;2;7;1;0;0;1081679;6707;1399;24;1082866;4051;449;0;1
FR;4;2022-05-04;7;4;1;0;7;4;1;0;0;1081686;6711;1400;24;1082873;4055;450;0;1
FR;4;2022-05-05;5;2;1;1;6;1;2;0;0;1081691;6713;1401;25;1082879;4056;452;0;1
FR;4;2022-05-06;5;3;1;0;6;2;1;0;0;1081696;6716;1402;25;1082885;4058;453;0;1
FR;4;2022-05-07;0;1;0;0;0;1;0;0;0;1081696;6717;1402;25;1082885;4059;453;0;1
FR;4;2022-05-08;1;1;0;0;1;1;0;0;0;1081697;6718;1402;25;1082886;4060;453;0;1
FR;4;2022-05-09;5;1;0;1;5;1;1;0;0;1081702;6719;1402;26;1082891;4061;454;0;1
FR;4;2022-05-10;3;1;0;2;3;3;0;0;0;1081705;6720;1402;28;1082894;4064;454;0;1
FR;4;2022-05-11;4;2;4;0;4;5;1;0;0;1081709;6722;1406;28;1082898;4069;455;0;1
FR;4;2022-05-12;7;4;2;1;7;5;1;0;1;1081716;6726;1408;29;1082905;4074;456;0;2
FR;4;2022-05-13;1;0;2;0;1;2;0;0;0;1081717;6726;1410;29;1082906;4076;456;0;2
FR;4;2022-05-14;0;2;0;0;0;2;0;0;0;1081717;6728;1410;29;1082906;4078;456;0;2
FR;4;2022-05-15;2;2;0;0;4;0;0;0;0;1081719;6730;1410;29;1082910;4078;456;0;2
FR;4;2022-05-16;5;2;2;0;5;2;2;0;0;1081724;6732;1412;29;1082915;4080;458;0;2
FR;4;2022-05-17;5;1;2;0;5;3;0;0;0;1081729;6733;1414;29;1082920;4083;458;0;2
FR;4;2022-05-18;3;6;0;0;3;6;0;0;0;1081732;6739;1414;29;1082923;4089;458;0;2
FR;4;2022-05-19;2;3;3;0;2;5;1;0;0;1081734;6742;1417;29;1082925;4094;459;0;2
FR;4;2022-05-20;5;2;3;0;5;2;3;0;0;1081739;6744;1420;29;1082930;4096;462;0;2
FR;4;2022-05-21;2;0;1;0;2;1;0;0;0;1081741;6744;1421;29;1082932;4097;462;0;2
FR;4;2022-05-22;0;0;1;0;0;1;0;0;0;1081741;6744;1422;29;1082932;4098;462;0;2
FR;4;2022-05-23;0;0;2;0;0;0;2;0;0;1081741;6744;1424;29;1082932;4098;464;0;2
FR;4;2022-05-24;2;4;1;0;2;5;0;0;0;1081743;6748;1425;29;1082934;4103;464;0;2
FR;4;2022-05-25;1;4;1;0;3;3;0;0;0;1081744;6752;1426;29;1082937;4106;464;0;2
FR;4;2022-05-26;5;0;1;0;5;1;0;0;0;1081749;6752;1427;29;1082942;4107;464;0;2
FR;4;2022-05-27;0;2;1;1;0;3;1;0;0;1081749;6754;1428;30;1082942;4110;465;0;2
FR;4;2022-05-28;1;0;0;0;1;0;0;0;0;1081750;6754;1428;30;1082943;4110;465;0;2
FR;4;2022-05-29;1;0;1;0;1;1;0;0;0;1081751;6754;1429;30;1082944;4111;465;0;2
FR;4;2022-05-30;3;4;2;0;3;5;1;0;0;1081754;6758;1431;30;1082947;4116;466;0;2
FR;4;2022-05-31;2;1;0;0;2;1;0;0;0;1081756;6759;1431;30;1082949;4117;466;0;2
FR;4;2022-06-01;3;11;7;0;3;15;3;0;0;1081759;6770;1438;30;1082952;4132;469;0;2
FR;4;2022-06-02;6;7;3;0;6;7;2;0;0;1081765;6777;1441;30;1082958;4139;471;0;2
FR;4;2022-06-03;2;6;4;1;2;7;4;0;0;1081767;6783;1445;31;1082960;4146;475;0;2
FR;4;2022-06-04;0;1;1;1;0;1;2;0;0;1081767;6784;1446;32;1082960;4147;477;0;2
FR;4;2022-06-05;0;0;0;0;0;0;0;0;0;1081767;6784;1446;32;1082960;4147;477;0;2
FR;4;2022-06-06;8;0;3;0;8;2;1;0;0;1081775;6784;1449;32;1082968;4149;478;0;2
FR;4;2022-06-07;6;2;0;1;6;2;1;0;0;1081781;6786;1449;33;1082974;4151;479;0;2
FR;4;2022-06-08;0;5;3;0;1;7;0;0;0;1081781;6791;1452;33;1082975;4158;479;0;2
FR;4;2022-06-09;1;2;0;0;2;1;0;0;0;1081782;6793;1452;33;1082977;4159;479;0;2
FR;4;2022-06-10;4;0;3;0;4;1;2;0;0;1081786;6793;1455;33;1082981;4160;481;0;2
FR;4;2022-06-11;1;0;0;0;1;0;0;0;0;1081787;6793;1455;33;1082982;4160;481;0;2
FR;4;2022-06-12;4;1;1;0;4;2;0;0;0;1081791;6794;1456;33;1082986;4162;481;0;2
FR;4;2022-06-13;6;2;3;0;7;2;1;0;0;1081797;6796;1459;33;1082993;4164;482;0;2
FR;4;2022-06-14;4;3;0;0;5;2;0;0;0;1081801;6799;1459;33;1082998;4166;482;0;2
FR;4;2022-06-15;9;3;4;0;9;3;4;0;0;1081810;6802;1463;33;1083007;4169;486;0;2
FR;4;2022-06-16;2;3;1;1;3;2;1;0;1;1081812;6805;1464;34;1083010;4171;487;0;3
FR;4;2022-06-17;6;1;0;0;6;1;0;0;0;1081818;6806;1464;34;1083016;4172;487;0;3
FR;4;2022-06-18;0;0;0;0;0;0;0;0;0;1081818;6806;1464;34;1083016;4172;487;0;3
FR;4;2022-06-19;3;0;0;0;3;0;0;0;0;1081821;6806;1464;34;1083019;4172;487;0;3
FR;4;2022-06-20;6;2;2;1;6;3;2;0;0;1081827;6808;1466;35;1083025;4175;489;0;3
FR;4;2022-06-21;5;2;4;1;6;4;2;0;0;1081832;6810;1470;36;1083031;4179;491;0;3
FR;4;2022-06-22;3;2;1;3;4;2;1;0;0;1081835;6812;1471;39;1083035;4181;492;0;3
FR;4;2022-06-23;3;3;3;0;3;5;1;0;0;1081838;6815;1474;39;1083038;4186;493;0;3
FR;4;2022-06-24;3;0;2;0;3;0;2;0;0;1081841;6815;1476;39;1083041;4186;495;0;3
FR;4;2022-06-25;3;0;1;1;3;1;1;0;0;1081844;6815;1477;40;1083044;4187;496;0;3
FR;4;2022-06-26;0;0;2;0;0;2;0;0;0;1081844;6815;1479;40;1083044;4189;496;0;3
FR;4;2022-06-27;2;2;1;3;2;3;3;0;0;1081846;6817;1480;43;1083046;4192;499;0;3
FR;4;2022-06-28;0;4;2;1;0;5;2;0;0;1081846;6821;1482;44;1083046;4197;501;0;3
FR;4;2022-06-29;1;2;0;0;1;2;0;0;0;1081847;6823;1482;44;1083047;4199;501;0;3
FR;4;2022-06-30;2;0;0;0;2;0;0;0;0;1081849;6823;1482;44;1083049;4199;501;0;3
FR;4;2022-07-01;2;4;8;0;2;4;8;0;0;1081851;6827;1490;44;1083051;4203;509;0;3
FR;4;2022-07-02;0;1;0;0;1;0;0;0;0;1081851;6828;1490;44;1083052;4203;509;0;3
FR;4;2022-07-03;0;0;0;0;0;0;0;0;0;1081851;6828;1490;44;1083052;4203;509;0;3
FR;4;2022-07-04;4;1;0;0;4;1;0;0;0;1081855;6829;1490;44;1083056;4204;509;0;3
FR;4;2022-07-05;3;1;3;0;3;3;1;0;0;1081858;6830;1493;44;1083059;4207;510;0;3
FR;4;2022-07-06;5;0;1;1;5;0;1;0;1;1081863;6830;1494;45;1083064;4207;511;0;4
FR;4;2022-07-07;2;1;2;1;2;1;3;0;0;1081865;6831;1496;46;1083066;4208;514;0;4
FR;4;2022-07-08;4;1;0;0;4;1;0;0;0;1081869;6832;1496;46;1083070;4209;514;0;4
FR;4;2022-07-09;2;2;1;0;2;3;0;0;0;1081871;6834;1497;46;1083072;4212;514;0;4
FR;4;2022-07-10;2;0;1;0;2;0;0;0;0;1081873;6834;1498;46;1083074;4212;514;0;4
FR;4;2022-07-11;3;0;2;0;3;0;1;0;0;1081876;6834;1500;46;1083077;4212;515;0;4
FR;4;2022-07-12;0;0;2;0;0;2;0;0;0;1081876;6834;1502;46;1083077;4214;515;0;4
FR;4;2022-07-13;3;2;3;1;3;2;4;0;0;1081879;6836;1505;47;1083080;4216;519;0;4
FR;4;2022-07-14;6;0;1;0;6;0;1;0;0;1081885;6836;1506;47;1083086;4216;520;0;4
FR;4;2022-07-15;11;2;0;0;11;2;0;0;0;1081896;6838;1506;47;1083097;4218;520;0;4
FR;4;2022-07-16;5;0;0;2;5;0;2;0;0;1081901;6838;1506;49;1083102;4218;522;0;4
FR;4;2022-07-17;1;0;1;1;1;0;2;0;0;1081902;6838;1507;50;1083103;4218;524;0;4
FR;4;2022-07-18;3;3;2;0;3;3;2;0;0;1081905;6841;1509;50;1083106;4221;526;0;4
FR;4;2022-07-19;5;0;1;0;5;1;0;0;0;1081910;6841;1510;50;1083111;4222;526;0;4
FR;4;2022-07-20;12;1;1;0;13;1;0;0;0;1081922;6842;1511;50;1083124;4223;526;0;4
FR;4;2022-07-21;2;3;1;0;2;3;1;0;0;1081924;6845;1512;50;1083126;4226;527;0;4
FR;4;2022-07-22;5;1;3;0;5;2;2;0;0;1081929;6846;1515;50;1083131;4228;529;0;4
FR;4;2022-07-23;1;2;0;0;1;1;0;0;0;1081930;6848;1515;50;1083132;4229;529;0;4
FR;4;2022-07-24;1;0;0;0;1;0;0;0;0;1081931;6848;1515;50;1083133;4229;529;0;4
FR;4;2022-07-25;7;0;2;0;7;2;0;0;0;1081938;6848;1517;50;1083140;4231;529;0;4
FR;4;2022-07-26;2;0;0;0;2;0;0;0;0;1081940;6848;1517;50;1083142;4231;529;0;4
FR;4;2022-07-27;3;1;0;0;3;0;0;0;0;1081943;6849;1517;50;1083145;4231;529;0;4
FR;4;2022-07-28;13;0;0;0;13;0;0;0;0;1081956;6849;1517;50;1083158;4231;529;0;4
FR;4;2022-07-29;3;0;2;0;3;1;1;0;0;1081959;6849;1519;50;1083161;4232;530;0;4
FR;4;2022-07-30;5;0;2;0;5;0;2;0;0;1081964;6849;1521;50;1083166;4232;532;0;4
FR;4;2022-07-31;0;0;0;0;0;0;0;0;0;1081964;6849;1521;50;1083166;4232;532;0;4
FR;4;2022-08-01;4;0;3;0;4;2;1;0;0;1081968;6849;1524;50;1083170;4234;533;0;4
FR;4;2022-08-02;6;0;0;0;6;0;0;0;0;1081974;6849;1524;50;1083176;4234;533;0;4
FR;4;2022-08-03;2;2;1;0;2;2;1;0;0;1081976;6851;1525;50;1083178;4236;534;0;4
FR;4;2022-08-04;5;2;0;1;5;2;1;0;0;1081981;6853;1525;51;1083183;4238;535;0;4
FR;4;2022-08-05;3;1;1;0;3;1;1;0;0;1081984;6854;1526;51;1083186;4239;536;0;4
FR;4;2022-08-06;2;0;0;0;2;0;0;0;0;1081986;6854;1526;51;1083188;4239;536;0;4
FR;4;2022-08-07;5;0;0;0;5;0;0;0;0;1081991;6854;1526;51;1083193;4239;536;0;4
FR;4;2022-08-08;2;0;1;1;2;1;1;0;0;1081993;6854;1527;52;1083195;4240;537;0;4
FR;4;2022-08-09;1;1;2;2;1;2;3;0;0;1081994;6855;1529;54;1083196;4242;540;0;4
FR;4;2022-08-10;6;1;1;0;7;1;0;0;0;1082000;6856;1530;54;1083203;4243;540;0;4
FR;4;2022-08-11;2;0;1;0;2;1;0;0;0;1082002;6856;1531;54;1083205;4244;540;0;4
FR;4;2022-08-12;4;0;1;0;4;0;1;0;0;1082006;6856;1532;54;1083209;4244;541;0;4
FR;4;2022-08-13;1;0;0;0;1;0;0;0;0;1082007;6856;1532;54;1083210;4244;541;0;4
FR;4;2022-08-14;1;0;0;0;1;0;0;0;0;1082008;6856;1532;54;1083211;4244;541;0;4
FR;4;2022-08-15;1;2;3;0;1;2;3;0;0;1082009;6858;1535;54;1083212;4246;544;0;4
FR;4;2022-08-16;0;0;1;0;0;1;0;0;0;1082009;6858;1536;54;1083212;4247;544;0;4
FR;4;2022-08-17;3;0;0;0;3;0;0;0;0;1082012;6858;1536;54;1083215;4247;544;0;4
FR;4;2022-08-18;6;0;0;0;6;0;0;0;0;1082018;6858;1536;54;1083221;4247;544;0;4
FR;4;2022-08-19;5;0;0;0;5;0;0;0;0;1082023;6858;1536;54;1083226;4247;544;0;4
FR;4;2022-08-20;3;1;0;0;4;0;0;0;0;1082026;6859;1536;54;1083230;4247;544;0;4
FR;4;2022-08-21;1;0;0;0;1;0;0;0;0;1082027;6859;1536;54;1083231;4247;544;0;4
FR;4;2022-08-22;3;9;0;0;3;9;0;0;0;1082030;6868;1536;54;1083234;4256;544;0;4
FR;4;2022-08-23;3;3;3;0;3;4;2;0;0;1082033;6871;1539;54;1083237;4260;546;0;4
FR;4;2022-08-24;6;0;0;1;6;0;1;0;0;1082039;6871;1539;55;1083243;4260;547;0;4
FR;4;2022-08-25;1;3;2;0;1;4;1;0;0;1082040;6874;1541;55;1083244;4264;548;0;4
FR;4;2022-08-26;6;0;0;1;6;0;1;0;0;1082046;6874;1541;56;1083250;4264;549;0;4
FR;4;2022-08-27;1;0;0;0;1;0;0;0;0;1082047;6874;1541;56;1083251;4264;549;0;4
FR;4;2022-08-28;0;1;0;0;0;0;0;0;0;1082047;6875;1541;56;1083251;4264;549;0;4
FR;4;2022-08-29;8;0;0;0;8;0;0;0;0;1082055;6875;1541;56;1083259;4264;549;0;4
FR;4;2022-08-30;5;1;0;0;5;1;0;0;0;1082060;6876;1541;56;1083264;4265;549;0;4
FR;4;2022-08-31;3;1;0;0;3;1;0;0;0;1082063;6877;1541;56;1083267;4266;549;0;4
FR;4;2022-09-01;4;8;2;0;5;7;2;0;0;1082067;6885;1543;56;1083272;4273;551;0;4
FR;4;2022-09-02;2;2;1;0;3;2;0;0;0;1082069;6887;1544;56;1083275;4275;551;0;4
FR;4;2022-09-03;3;0;0;0;3;0;0;0;0;1082072;6887;1544;56;1083278;4275;551;0;4
FR;4;2022-09-04;1;0;0;0;1;0;0;0;0;1082073;6887;1544;56;1083279;4275;551;0;4
FR;4;2022-09-05;4;2;0;0;4;2;0;0;0;1082077;6889;1544;56;1083283;4277;551;0;4
FR;4;2022-09-06;1;0;0;0;1;0;0;0;0;1082078;6889;1544;56;1083284;4277;551;0;4
FR;4;2022-09-07;2;0;1;1;2;1;1;0;0;1082080;6889;1545;57;1083286;4278;552;0;4
FR;4;2022-09-08;3;0;0;0;3;0;0;0;0;1082083;6889;1545;57;1083289;4278;552;0;4
FR;4;2022-09-09;2;2;0;0;2;2;0;0;0;1082085;6891;1545;57;1083291;4280;552;0;4
FR;4;2022-09-10;0;1;0;3;0;2;2;0;0;1082085;6892;1545;60;1083291;4282;554;0;4
FR;4;2022-09-11;2;0;0;0;2;0;0;0;0;1082087;6892;1545;60;1083293;4282;554;0;4
FR;4;2022-09-12;1;1;1;0;1;1;1;0;0;1082088;6893;1546;60;1083294;4283;555;0;4
FR;4;2022-09-13;1;0;0;0;1;0;0;0;0;1082089;6893;1546;60;1083295;4283;555;0;4
FR;4;2022-09-14;4;0;0;0;4;0;0;0;0;1082093;6893;1546;60;1083299;4283;555;0;4
FR;4;2022-09-15;4;0;0;0;4;0;0;0;0;1082097;6893;1546;60;1083303;4283;555;0;4
FR;4;2022-09-16;1;0;0;0;1;0;0;0;0;1082098;6893;1546;60;1083304;4283;555;0;4
FR;4;2022-09-17;2;0;0;0;2;0;0;0;0;1082100;6893;1546;60;1083306;4283;555;0;4
FR;4;2022-09-18;0;1;0;0;0;1;0;0;0;1082100;6894;1546;60;1083306;4284;555;0;4
FR;4;2022-09-19;4;0;2;0;4;2;0;0;0;1082104;6894;1548;60;1083310;4286;555;0;4
FR;4;2022-09-20;4;0;0;0;4;0;0;0;0;1082108;6894;1548;60;1083314;4286;555;0;4
FR;4;2022-09-21;2;1;0;0;2;1;0;0;0;1082110;6895;1548;60;1083316;4287;555;0;4
FR;4;2022-09-22;2;1;0;0;2;1;0;0;0;1082112;6896;1548;60;1083318;4288;555;0;4
FR;4;2022-09-23;2;3;0;0;3;2;0;0;0;1082114;6899;1548;60;1083321;4290;555;0;4
FR;4;2022-09-24;1;0;0;0;1;0;0;0;0;1082115;6899;1548;60;1083322;4290;555;0;4
FR;4;2022-09-25;0;0;0;0;0;0;0;0;0;1082115;6899;1548;60;1083322;4290;555;0;4
FR;4;2022-09-26;2;0;1;0;2;0;1;0;0;1082117;6899;1549;60;1083324;4290;556;0;4
FR;4;2022-09-27;1;0;1;1;1;0;2;0;0;1082118;6899;1550;61;1083325;4290;558;0;4
FR;4;2022-09-28;3;0;2;0;3;2;0;0;0;1082121;6899;1552;61;1083328;4292;558;0;4
FR;4;2022-09-29;5;0;1;1;5;1;1;0;0;1082126;6899;1553;62;1083333;4293;559;0;4
FR;4;2022-09-30;1;1;0;0;1;1;0;0;0;1082127;6900;1553;62;1083334;4294;559;0;4
FR;4;2022-10-01;1;1;0;0;2;0;0;0;0;1082128;6901;1553;62;1083336;4294;559;0;4
FR;4;2022-10-02;0;1;0;0;0;1;0;0;0;1082128;6902;1553;62;1083336;4295;559;0;4
FR;4;2022-10-03;2;3;1;1;3;3;1;0;0;1082130;6905;1554;63;1083339;4298;560;0;4
FR;4;2022-10-04;3;0;0;0;3;0;0;0;0;1082133;6905;1554;63;1083342;4298;560;0;4
FR;4;2022-10-05;0;1;0;0;0;1;0;0;0;1082133;6906;1554;63;1083342;4299;560;0;4
FR;4;2022-10-06;2;0;0;0;2;0;0;0;0;1082135;6906;1554;63;1083344;4299;560;0;4
FR;4;2022-10-07;3;1;1;0;3;1;1;0;0;1082138;6907;1555;63;1083347;4300;561;0;4
FR;4;2022-10-08;4;1;0;0;4;0;0;0;0;1082142;6908;1555;63;1083351;4300;561;0;4
FR;4;2022-10-09;0;0;0;0;0;0;0;0;0;1082142;6908;1555;63;1083351;4300;561;0;4
FR;4;2022-10-10;5;0;2;3;5;2;1;0;2;1082147;6908;1557;66;1083356;4302;562;0;6
FR;4;2022-10-11;2;2;0;0;2;1;0;0;0;1082149;6910;1557;66;1083358;4303;562;0;6
FR;4;2022-10-12;1;0;0;0;1;0;0;0;0;1082150;6910;1557;66;1083359;4303;562;0;6
FR;4;2022-10-13;5;0;0;0;5;0;0;0;0;1082155;6910;1557;66;1083364;4303;562;0;6
FR;4;2022-10-14;1;0;0;0;1;0;0;0;0;1082156;6910;1557;66;1083365;4303;562;0;6
FR;4;2022-10-15;1;2;0;0;1;2;0;0;0;1082157;6912;1557;66;1083366;4305;562;0;6
FR;4;2022-10-16;0;0;0;0;0;0;0;0;0;1082157;6912;1557;66;1083366;4305;562;0;6
FR;4;2022-10-17;2;0;1;0;2;1;0;0;0;1082159;6912;1558;66;1083368;4306;562;0;6
FR;4;2022-10-18;1;0;0;1;1;0;1;0;0;1082160;6912;1558;67;1083369;4306;563;0;6
FR;4;2022-10-19;1;0;0;2;1;0;2;0;3;1082161;6912;1558;69;1083370;4306;565;0;9
FR;4;2022-10-20;4;1;0;0;4;1;0;0;0;1082165;6913;1558;69;1083374;4307;565;0;9
FR;4;2022-10-21;3;1;0;0;3;1;0;0;0;1082168;6914;1558;69;1083377;4308;565;0;9
FR;4;2022-10-22;1;0;0;0;1;0;0;0;0;1082169;6914;1558;69;1083378;4308;565;0;9
FR;4;2022-10-23;0;0;0;0;0;0;0;0;0;1082169;6914;1558;69;1083378;4308;565;0;9
FR;4;2022-10-24;3;0;0;0;3;0;0;0;0;1082172;6914;1558;69;1083381;4308;565;0;9
FR;4;2022-10-25;4;0;0;0;4;0;0;0;0;1082176;6914;1558;69;1083385;4308;565;0;9
FR;4;2022-10-26;2;1;0;0;2;1;0;0;0;1082178;6915;1558;69;1083387;4309;565;0;9
FR;4;2022-10-27;3;1;1;0;3;0;1;0;0;1082181;6916;1559;69;1083390;4309;566;0;9
FR;4;2022-10-28;0;0;0;0;0;0;0;0;0;1082181;6916;1559;69;1083390;4309;566;0;9
FR;4;2022-10-29;1;0;0;3;1;0;3;0;3;1082182;6916;1559;72;1083391;4309;569;0;12
FR;4;2022-10-30;1;0;0;0;1;0;0;0;0;1082183;6916;1559;72;1083392;4309;569;0;12
FR;4;2022-10-31;1;0;0;0;1;0;0;0;0;1082184;6916;1559;72;1083393;4309;569;0;12
FR;4;2022-11-01;1;6;0;0;1;6;0;0;0;1082185;6922;1559;72;1083394;4315;569;0;12
FR;4;2022-11-02;0;0;2;2;0;1;3;0;0;1082185;6922;1561;74;1083394;4316;572;0;12
FR;4;2022-11-03;1;0;0;0;1;0;0;0;0;1082186;6922;1561;74;1083395;4316;572;0;12
FR;4;2022-11-04;4;1;0;0;4;0;0;0;0;1082190;6923;1561;74;1083399;4316;572;0;12
FR;4;2022-11-05;0;0;0;0;0;0;0;0;0;1082190;6923;1561;74;1083399;4316;572;0;12
FR;4;2022-11-06;2;0;0;0;2;0;0;0;0;1082192;6923;1561;74;1083401;4316;572;0;12
FR;4;2022-11-07;2;0;0;0;2;0;0;0;0;1082194;6923;1561;74;1083403;4316;572;0;12
FR;4;2022-11-08;7;0;0;0;7;0;0;0;0;1082201;6923;1561;74;1083410;4316;572;0;12
FR;4;2022-11-09;0;0;0;0;0;0;0;0;0;1082201;6923;1561;74;1083410;4316;572;0;12
FR;4;2022-11-10;2;0;1;0;2;1;0;0;0;1082203;6923;1562;74;1083412;4317;572;0;12
FR;4;2022-11-11;1;0;0;0;1;0;0;0;0;1082204;6923;1562;74;1083413;4317;572;0;12
FR;4;2022-11-12;3;1;0;0;3;1;0;0;0;1082207;6924;1562;74;1083416;4318;572;0;12
FR;4;2022-11-13;2;0;0;0;2;0;0;0;0;1082209;6924;1562;74;1083418;4318;572;0;12
FR;4;2022-11-14;0;1;0;0;0;1;0;0;0;1082209;6925;1562;74;1083418;4319;572;0;12
FR;4;2022-11-15;3;1;0;0;3;1;0;0;0;1082212;6926;1562;74;1083421;4320;572;0;12
FR;4;2022-11-16;1;1;1;0;1;1;1;0;0;1082213;6927;1563;74;1083422;4321;573;0;12
FR;4;2022-11-17;0;2;0;0;0;2;0;0;0;1082213;6929;1563;74;1083422;4323;573;0;12
FR;4;2022-11-18;5;0;1;0;5;0;1;0;0;1082218;6929;1564;74;1083427;4323;574;0;12
FR;4;2022-11-19;0;0;0;0;0;0;0;0;0;1082218;6929;1564;74;1083427;4323;574;0;12
FR;4;2022-11-20;0;0;0;1;0;0;0;0;1;1082218;6929;1564;75;1083427;4323;574;0;13
FR;4;2022-11-21;0;0;0;0;0;0;0;0;0;1082218;6929;1564;75;1083427;4323;574;0;13
FR;4;2022-11-22;0;1;1;0;0;2;0;0;0;1082218;6930;1565;75;1083427;4325;574;0;13
FR;4;2022-11-23;1;0;0;0;1;0;0;0;1;1082219;6930;1565;75;1083428;4325;574;0;14
FR;4;2022-11-24;0;2;0;0;0;2;0;0;0;1082219;6932;1565;75;1083428;4327;574;0;14
FR;4;2022-11-25;3;4;0;0;3;4;0;0;0;1082222;6936;1565;75;1083431;4331;574;0;14
FR;4;2022-11-26;1;0;0;0;1;0;0;0;0;1082223;6936;1565;75;1083432;4331;574;0;14
FR;4;2022-11-27;0;0;0;0;0;0;0;0;0;1082223;6936;1565;75;1083432;4331;574;0;14
FR;4;2022-11-28;3;0;0;0;3;0;0;0;0;1082226;6936;1565;75;1083435;4331;574;0;14
FR;4;2022-11-29;3;0;0;0;3;0;0;0;0;1082229;6936;1565;75;1083438;4331;574;0;14
FR;4;2022-11-30;0;0;0;0;0;0;0;0;0;1082229;6936;1565;75;1083438;4331;574;0;14
FR;4;2022-12-01;1;2;2;0;2;2;1;0;0;1082230;6938;1567;75;1083440;4333;575;0;14
FR;4;2022-12-02;6;1;0;1;6;1;0;0;1;1082236;6939;1567;76;1083446;4334;575;0;15
FR;4;2022-12-03;1;0;0;0;1;0;0;0;0;1082237;6939;1567;76;1083447;4334;575;0;15
FR;4;2022-12-04;0;0;0;0;0;0;0;0;0;1082237;6939;1567;76;1083447;4334;575;0;15
FR;4;2022-12-05;2;1;0;0;2;1;0;0;0;1082239;6940;1567;76;1083449;4335;575;0;15
FR;4;2022-12-06;2;0;0;0;2;0;0;0;0;1082241;6940;1567;76;1083451;4335;575;0;15
FR;4;2022-12-07;2;3;1;0;2;4;0;0;0;1082243;6943;1568;76;1083453;4339;575;0;15
FR;4;2022-12-08;1;0;0;0;1;0;0;0;0;1082244;6943;1568;76;1083454;4339;575;0;15
FR;4;2022-12-09;2;0;1;0;2;0;1;0;0;1082246;6943;1569;76;1083456;4339;576;0;15
FR;4;2022-12-10;1;0;0;0;1;0;0;0;0;1082247;6943;1569;76;1083457;4339;576;0;15
FR;4;2022-12-11;0;0;0;0;0;0;0;0;0;1082247;6943;1569;76;1083457;4339;576;0;15
FR;4;2022-12-12;2;1;0;5;2;1;5;0;0;1082249;6944;1569;81;1083459;4340;581;0;15
FR;4;2022-12-13;1;0;0;0;1;0;0;0;0;1082250;6944;1569;81;1083460;4340;581;0;15
FR;4;2022-12-14;0;0;0;0;0;0;0;0;0;1082250;6944;1569;81;1083460;4340;581;0;15
FR;4;2022-12-15;1;1;0;0;1;1;0;0;0;1082251;6945;1569;81;1083461;4341;581;0;15
FR;4;2022-12-16;2;0;0;0;2;0;0;0;0;1082253;6945;1569;81;1083463;4341;581;0;15
FR;4;2022-12-17;0;0;1;0;0;0;1;0;0;1082253;6945;1570;81;1083463;4341;582;0;15
FR;4;2022-12-18;1;0;0;0;1;0;0;0;0;1082254;6945;1570;81;1083464;4341;582;0;15
FR;4;2022-12-19;1;0;0;0;1;0;0;0;0;1082255;6945;1570;81;1083465;4341;582;0;15
FR;4;2022-12-20;4;2;0;0;5;1;0;0;0;1082259;6947;1570;81;1083470;4342;582;0;15
FR;4;2022-12-21;6;0;0;0;6;0;0;0;0;1082265;6947;1570;81;1083476;4342;582;0;15
FR;4;2022-12-22;2;1;0;0;2;1;0;0;0;1082267;6948;1570;81;1083478;4343;582;0;15
FR;4;2022-12-23;3;0;0;0;3;0;0;0;0;1082270;6948;1570;81;1083481;4343;582;0;15
FR;4;2022-12-24;0;0;1;0;0;1;0;0;0;1082270;6948;1571;81;1083481;4344;582;0;15
FR;4;2022-12-25;0;0;0;0;0;0;0;0;0;1082270;6948;1571;81;1083481;4344;582;0;15
FR;4;2022-12-26;1;2;0;0;1;1;0;0;0;1082271;6950;1571;81;1083482;4345;582;0;15
FR;4;2022-12-27;1;1;0;0;1;1;0;0;0;1082272;6951;1571;81;1083483;4346;582;0;15
FR;4;2022-12-28;0;0;0;0;0;0;0;0;0;1082272;6951;1571;81;1083483;4346;582;0;15
FR;4;2022-12-29;0;1;0;0;1;0;0;0;0;1082272;6952;1571;81;1083484;4346;582;0;15
FR;4;2022-12-30;1;0;0;0;1;0;0;0;0;1082273;6952;1571;81;1083485;4346;582;0;15
FR;4;2022-12-31;0;0;0;0;0;0;0;0;0;1082273;6952;1571;81;1083485;4346;582;0;15
FR;4;2023-01-01;0;0;0;0;0;0;0;0;0;1082273;6952;1571;81;1083485;4346;582;0;15
FR;4;2023-01-02;2;0;2;0;2;1;1;0;0;1082275;6952;1573;81;1083487;4347;583;0;15
FR;4;2023-01-03;1;1;0;0;1;1;0;0;0;1082276;6953;1573;81;1083488;4348;583;0;15
FR;4;2023-01-04;0;0;0;0;0;0;0;0;0;1082276;6953;1573;81;1083488;4348;583;0;15
FR;4;2023-01-05;0;0;0;0;0;0;0;0;0;1082276;6953;1573;81;1083488;4348;583;0;15
FR;4;2023-01-06;1;1;3;0;1;4;0;0;0;1082277;6954;1576;81;1083489;4352;583;0;15
FR;4;2023-01-07;1;0;0;0;1;0;0;0;0;1082278;6954;1576;81;1083490;4352;583;0;15
FR;4;2023-01-08;1;0;0;0;1;0;0;0;0;1082279;6954;1576;81;1083491;4352;583;0;15
FR;4;2023-01-09;1;0;0;0;1;0;0;0;0;1082280;6954;1576;81;1083492;4352;583;0;15
FR;4;2023-01-10;2;0;0;0;2;0;0;0;0;1082282;6954;1576;81;1083494;4352;583;0;15
FR;4;2023-01-11;0;0;0;0;0;0;0;0;0;1082282;6954;1576;81;1083494;4352;583;0;15
FR;4;2023-01-12;3;2;0;0;3;2;0;0;0;1082285;6956;1576;81;1083497;4354;583;0;15
FR;4;2023-01-13;3;0;2;0;3;0;2;0;0;1082288;6956;1578;81;1083500;4354;585;0;15
FR;4;2023-01-14;0;0;1;0;0;0;1;0;0;1082288;6956;1579;81;1083500;4354;586;0;15
FR;4;2023-01-15;0;0;0;0;0;0;0;0;0;1082288;6956;1579;81;1083500;4354;586;0;15
FR;4;2023-01-16;3;0;0;0;3;0;0;0;0;1082291;6956;1579;81;1083503;4354;586;0;15
FR;4;2023-01-17;2;0;0;0;2;0;0;0;0;1082293;6956;1579;81;1083505;4354;586;0;15
FR;4;2023-01-18;3;0;0;0;3;0;0;0;0;1082296;6956;1579;81;1083508;4354;586;0;15
FR;4;2023-01-19;1;0;0;2;1;0;0;0;0;1082297;6956;1579;83;1083509;4354;586;0;15
FR;4;2023-01-20;0;0;0;0;0;0;0;0;0;1082297;6956;1579;83;1083509;4354;586;0;15
FR;4;2023-01-21;0;0;0;0;0;0;0;0;0;1082297;6956;1579;83;1083509;4354;586;0;15
FR;4;2023-01-22;0;0;0;0;0;0;0;0;0;1082297;6956;1579;83;1083509;4354;586;0;15
FR;4;2023-01-23;1;0;0;0;1;0;0;0;0;1082298;6956;1579;83;1083510;4354;586;0;15
FR;4;2023-01-24;3;1;0;0;3;1;0;0;0;1082301;6957;1579;83;1083513;4355;586;0;15
FR;4;2023-01-25;6;0;0;0;6;0;0;0;0;1082307;6957;1579;83;1083519;4355;586;0;15
FR;4;2023-01-26;0;0;0;0;0;0;0;0;0;1082307;6957;1579;83;1083519;4355;586;0;15
FR;4;2023-01-27;0;0;0;0;0;0;0;0;0;1082307;6957;1579;83;1083519;4355;586;0;15
FR;4;2023-01-28;0;0;0;0;0;0;0;0;0;1082307;6957;1579;83;1083519;4355;586;0;15
FR;4;2023-01-29;0;0;0;0;0;0;0;0;0;1082307;6957;1579;83;1083519;4355;586;0;15
FR;4;2023-01-30;0;0;0;0;0;0;0;0;0;1082307;6957;1579;83;1083519;4355;586;0;15
FR;4;2023-01-31;0;0;0;0;0;0;0;0;0;1082307;6957;1579;83;1083519;4355;586;0;15
FR;4;2023-02-01;0;0;0;0;0;0;0;0;0;1082307;6957;1579;83;1083519;4355;586;0;15
FR;4;2023-02-02;2;2;2;1;2;3;1;0;0;1082309;6959;1581;84;1083521;4358;587;0;15
FR;4;2023-02-03;0;0;0;0;0;0;0;0;0;1082309;6959;1581;84;1083521;4358;587;0;15
FR;4;2023-02-04;1;0;0;0;1;0;0;0;0;1082310;6959;1581;84;1083522;4358;587;0;15
FR;4;2023-02-05;0;0;0;0;0;0;0;0;0;1082310;6959;1581;84;1083522;4358;587;0;15
FR;4;2023-02-06;1;0;0;0;1;0;0;0;0;1082311;6959;1581;84;1083523;4358;587;0;15
FR;4;2023-02-07;2;0;0;0;2;0;0;0;0;1082313;6959;1581;84;1083525;4358;587;0;15
FR;4;2023-02-08;2;1;0;0;2;0;0;0;0;1082315;6960;1581;84;1083527;4358;587;0;15
FR;4;2023-02-09;1;1;0;0;1;1;0;0;0;1082316;6961;1581;84;1083528;4359;587;0;15
FR;4;2023-02-10;4;1;0;0;4;0;0;0;0;1082320;6962;1581;84;1083532;4359;587;0;15
FR;4;2023-02-11;4;0;0;0;4;0;0;0;0;1082324;6962;1581;84;1083536;4359;587;0;15
FR;4;2023-02-12;0;0;0;0;0;0;0;0;0;1082324;6962;1581;84;1083536;4359;587;0;15
FR;4;2023-02-13;2;0;0;0;2;0;0;0;0;1082326;6962;1581;84;1083538;4359;587;0;15
FR;4;2023-02-14;0;2;0;0;2;0;0;0;0;1082326;6964;1581;84;1083540;4359;587;0;15
FR;4;2023-02-15;2;0;0;0;2;0;0;0;0;1082328;6964;1581;84;1083542;4359;587;0;15
FR;4;2023-02-16;1;1;0;0;1;1;0;0;0;1082329;6965;1581;84;1083543;4360;587;0;15
FR;4;2023-02-17;1;0;0;0;1;0;0;0;0;1082330;6965;1581;84;1083544;4360;587;0;15
FR;4;2023-02-18;0;2;0;0;0;2;0;0;0;1082330;6967;1581;84;1083544;4362;587;0;15
FR;4;2023-02-19;0;0;0;0;0;0;0;0;0;1082330;6967;1581;84;1083544;4362;587;0;15
FR;4;2023-02-20;1;0;0;0;1;0;0;0;0;1082331;6967;1581;84;1083545;4362;587;0;15
FR;4;2023-02-21;2;0;0;0;2;0;0;0;0;1082333;6967;1581;84;1083547;4362;587;0;15
FR;4;2023-02-22;0;0;0;0;0;0;0;0;0;1082333;6967;1581;84;1083547;4362;587;0;15
FR;4;2023-02-23;0;0;0;0;0;0;0;0;0;1082333;6967;1581;84;1083547;4362;587;0;15
FR;4;2023-02-24;1;0;0;0;1;0;0;0;0;1082334;6967;1581;84;1083548;4362;587;0;15
FR;4;2023-02-25;2;1;0;0;2;1;0;0;0;1082336;6968;1581;84;1083550;4363;587;0;15
FR;4;2023-02-26;0;0;0;0;0;0;0;0;0;1082336;6968;1581;84;1083550;4363;587;0;15
FR;4;2023-02-27;1;0;0;0;1;0;0;0;0;1082337;6968;1581;84;1083551;4363;587;0;15
FR;4;2023-02-28;0;0;0;0;0;0;0;0;0;1082337;6968;1581;84;1083551;4363;587;0;15
FR;4;2023-03-01;1;0;0;0;1;0;0;0;0;1082338;6968;1581;84;1083552;4363;587;0;15
FR;4;2023-03-02;1;1;2;0;1;1;2;0;0;1082339;6969;1583;84;1083553;4364;589;0;15
FR;4;2023-03-03;0;0;0;0;0;0;0;0;0;1082339;6969;1583;84;1083553;4364;589;0;15
FR;4;2023-03-04;0;0;0;0;0;0;0;0;0;1082339;6969;1583;84;1083553;4364;589;0;15
FR;4;2023-03-05;0;0;0;0;0;0;0;0;0;1082339;6969;1583;84;1083553;4364;589;0;15
FR;4;2023-03-06;0;0;0;0;0;0;0;0;0;1082339;6969;1583;84;1083553;4364;589;0;15
FR;4;2023-03-07;0;0;0;0;0;0;0;0;0;1082339;6969;1583;84;1083553;4364;589;0;15
FR;4;2023-03-08;0;0;0;0;0;0;0;0;0;1082339;6969;1583;84;1083553;4364;589;0;15
FR;4;2023-03-09;0;0;0;0;0;0;0;0;0;1082339;6969;1583;84;1083553;4364;589;0;15
FR;4;2023-03-10;2;0;1;0;2;0;1;0;0;1082341;6969;1584;84;1083555;4364;590;0;15
FR;4;2023-03-11;0;0;0;0;0;0;0;0;0;1082341;6969;1584;84;1083555;4364;590;0;15
FR;4;2023-03-12;0;0;0;0;0;0;0;0;0;1082341;6969;1584;84;1083555;4364;590;0;15
FR;4;2023-03-13;0;0;0;0;0;0;0;0;0;1082341;6969;1584;84;1083555;4364;590;0;15
FR;4;2023-03-14;0;0;0;0;0;0;0;0;0;1082341;6969;1584;84;1083555;4364;590;0;15
FR;4;2023-03-15;1;0;0;1;1;0;0;0;1;1082342;6969;1584;85;1083556;4364;590;0;16
FR;4;2023-03-16;1;0;0;0;1;0;0;0;0;1082343;6969;1584;85;1083557;4364;590;0;16
FR;4;2023-03-17;1;0;0;0;1;0;0;0;0;1082344;6969;1584;85;1083558;4364;590;0;16
FR;4;2023-03-18;0;1;0;0;0;1;0;0;0;1082344;6970;1584;85;1083558;4365;590;0;16
FR;4;2023-03-19;0;0;0;0;0;0;0;0;0;1082344;6970;1584;85;1083558;4365;590;0;16
FR;4;2023-03-20;0;0;0;0;0;0;0;0;0;1082344;6970;1584;85;1083558;4365;590;0;16
FR;4;2023-03-21;2;0;0;0;2;0;0;0;0;1082346;6970;1584;85;1083560;4365;590;0;16
FR;4;2023-03-22;0;0;1;0;0;0;1;0;0;1082346;6970;1585;85;1083560;4365;591;0;16
FR;4;2023-03-23;1;0;0;0;1;0;0;0;0;1082347;6970;1585;85;1083561;4365;591;0;16
FR;4;2023-03-24;0;0;0;0;0;0;0;0;0;1082347;6970;1585;85;1083561;4365;591;0;16
FR;4;2023-03-25;0;0;0;0;0;0;0;0;0;1082347;6970;1585;85;1083561;4365;591;0;16
FR;4;2023-03-26;0;0;0;0;0;0;0;0;0;1082347;6970;1585;85;1083561;4365;591;0;16
FR;4;2023-03-27;2;0;0;0;2;0;0;0;0;1082349;6970;1585;85;1083563;4365;591;0;16
FR;4;2023-03-28;1;0;0;0;1;0;0;0;0;1082350;6970;1585;85;1083564;4365;591;0;16
FR;4;2023-03-29;2;0;0;0;2;0;0;0;0;1082352;6970;1585;85;1083566;4365;591;0;16
FR;4;2023-03-30;0;0;0;0;0;0;0;0;0;1082352;6970;1585;85;1083566;4365;591;0;16
FR;4;2023-03-31;3;0;0;1;3;0;0;0;4;1082355;6970;1585;86;1083569;4365;591;0;20
FR;4;2023-04-01;2;0;0;0;2;0;0;0;0;1082357;6970;1585;86;1083571;4365;591;0;20
FR;4;2023-04-02;0;0;0;0;0;0;0;0;0;1082357;6970;1585;86;1083571;4365;591;0;20
FR;4;2023-04-03;0;0;0;0;0;0;0;0;0;1082357;6970;1585;86;1083571;4365;591;0;20
FR;4;2023-04-04;0;0;0;0;0;0;0;0;0;1082357;6970;1585;86;1083571;4365;591;0;20
FR;4;2023-04-05;0;0;0;0;0;0;0;0;0;1082357;6970;1585;86;1083571;4365;591;0;20
FR;4;2023-04-06;0;0;0;0;0;0;0;0;0;1082357;6970;1585;86;1083571;4365;591;0;20
FR;4;2023-04-07;0;0;0;0;0;0;0;0;0;1082357;6970;1585;86;1083571;4365;591;0;20
FR;4;2023-04-08;0;0;0;0;0;0;0;0;0;1082357;6970;1585;86;1083571;4365;591;0;20
FR;4;2023-04-09;0;0;0;0;0;0;0;0;0;1082357;6970;1585;86;1083571;4365;591;0;20
FR;4;2023-04-10;0;0;0;0;0;0;0;0;0;1082357;6970;1585;86;1083571;4365;591;0;20
FR;4;2023-04-11;0;0;0;0;0;0;0;0;0;1082357;6970;1585;86;1083571;4365;591;0;20
FR;4;2023-04-12;1;0;0;0;1;0;0;0;0;1082358;6970;1585;86;1083572;4365;591;0;20
FR;4;2023-04-13;0;0;0;0;0;0;0;0;0;1082358;6970;1585;86;1083572;4365;591;0;20
FR;4;2023-04-14;0;0;0;0;0;0;0;0;0;1082358;6970;1585;86;1083572;4365;591;0;20
FR;4;2023-04-15;0;0;0;0;0;0;0;0;0;1082358;6970;1585;86;1083572;4365;591;0;20
FR;4;2023-04-16;0;0;0;0;0;0;0;0;0;1082358;6970;1585;86;1083572;4365;591;0;20
FR;4;2023-04-17;0;0;0;0;0;0;0;0;0;1082358;6970;1585;86;1083572;4365;591;0;20
FR;4;2023-04-18;0;0;0;0;0;0;0;0;0;1082358;6970;1585;86;1083572;4365;591;0;20
FR;5;2020-12-27;0;0;0;0;0;0;0;0;0;0;0;0;0;0;0;0;0;0
FR;5;2020-12-28;0;0;0;0;0;0;0;0;0;0;0;0;0;0;0;0;0;0
FR;5;2020-12-29;0;0;0;0;0;0;0;0;0;0;0;0;0;0;0;0;0;0
FR;5;2020-12-30;0;0;0;0;0;0;0;0;0;0;0;0;0;0;0;0;0;0
FR;5;2020-12-31;0;0;0;0;0;0;0;0;0;0;0;0;0;0;0;0;0;0
FR;5;2021-01-01;0;0;0;0;0;0;0;0;0;0;0;0;0;0;0;0;0;0
FR;5;2021-01-02;0;0;0;0;0;0;0;0;0;0;0;0;0;0;0;0;0;0
FR;5;2021-01-03;0;0;0;0;0;0;0;0;0;0;0;0;0;0;0;0;0;0
FR;5;2021-01-04;0;0;0;0;0;0;0;0;0;0;0;0;0;0;0;0;0;0
FR;5;2021-01-05;0;0;0;0;0;0;0;0;0;0;0;0;0;0;0;0;0;0
FR;5;2021-01-06;0;0;0;0;0;0;0;0;0;0;0;0;0;0;0;0;0;0
FR;5;2021-01-07;0;0;0;0;0;0;0;0;0;0;0;0;0;0;0;0;0;0
FR;5;2021-01-08;0;0;0;0;0;0;0;0;0;0;0;0;0;0;0;0;0;0
FR;5;2021-01-09;0;0;0;0;0;0;0;0;0;0;0;0;0;0;0;0;0;0
FR;5;2021-01-10;0;0;0;0;0;0;0;0;0;0;0;0;0;0;0;0;0;0
FR;5;2021-01-11;0;0;0;0;0;0;0;0;0;0;0;0;0;0;0;0;0;0
FR;5;2021-01-12;0;0;0;0;0;0;0;0;0;0;0;0;0;0;0;0;0;0
FR;5;2021-01-13;0;0;0;0;0;0;0;0;0;0;0;0;0;0;0;0;0;0
FR;5;2021-01-14;0;0;0;0;0;0;0;0;0;0;0;0;0;0;0;0;0;0
FR;5;2021-01-15;0;0;0;0;0;0;0;0;0;0;0;0;0;0;0;0;0;0
FR;5;2021-01-16;0;0;0;0;0;0;0;0;0;0;0;0;0;0;0;0;0;0
FR;5;2021-01-17;0;0;0;0;0;0;0;0;0;0;0;0;0;0;0;0;0;0
FR;5;2021-01-18;0;0;0;0;0;0;0;0;0;0;0;0;0;0;0;0;0;0
FR;5;2021-01-19;0;0;0;0;0;0;0;0;0;0;0;0;0;0;0;0;0;0
FR;5;2021-01-20;0;0;0;0;0;0;0;0;0;0;0;0;0;0;0;0;0;0
FR;5;2021-01-21;0;0;0;0;0;0;0;0;0;0;0;0;0;0;0;0;0;0
FR;5;2021-01-22;0;0;0;0;0;0;0;0;0;0;0;0;0;0;0;0;0;0
FR;5;2021-01-23;0;0;0;0;0;0;0;0;0;0;0;0;0;0;0;0;0;0
FR;5;2021-01-24;0;0;0;0;0;0;0;0;0;0;0;0;0;0;0;0;0;0
FR;5;2021-01-25;0;0;0;0;0;0;0;0;0;0;0;0;0;0;0;0;0;0
FR;5;2021-01-26;0;0;0;0;0;0;0;0;0;0;0;0;0;0;0;0;0;0
FR;5;2021-01-27;0;0;0;0;0;0;0;0;0;0;0;0;0;0;0;0;0;0
FR;5;2021-01-28;0;0;0;0;0;0;0;0;0;0;0;0;0;0;0;0;0;0
FR;5;2021-01-29;0;0;0;0;0;0;0;0;0;0;0;0;0;0;0;0;0;0
FR;5;2021-01-30;0;0;0;0;0;0;0;0;0;0;0;0;0;0;0;0;0;0
FR;5;2021-01-31;0;0;0;0;0;0;0;0;0;0;0;0;0;0;0;0;0;0
FR;5;2021-02-01;0;0;0;0;0;0;0;0;0;0;0;0;0;0;0;0;0;0
FR;5;2021-02-02;0;0;0;0;0;0;0;0;0;0;0;0;0;0;0;0;0;0
FR;5;2021-02-03;0;0;0;0;0;0;0;0;0;0;0;0;0;0;0;0;0;0
FR;5;2021-02-04;0;0;0;0;0;0;0;0;0;0;0;0;0;0;0;0;0;0
FR;5;2021-02-05;0;0;0;0;0;0;0;0;0;0;0;0;0;0;0;0;0;0
FR;5;2021-02-06;0;0;0;0;0;0;0;0;0;0;0;0;0;0;0;0;0;0
FR;5;2021-02-07;0;0;0;0;0;0;0;0;0;0;0;0;0;0;0;0;0;0
FR;5;2021-02-08;0;0;0;0;0;0;0;0;0;0;0;0;0;0;0;0;0;0
FR;5;2021-02-09;0;0;0;0;0;0;0;0;0;0;0;0;0;0;0;0;0;0
FR;5;2021-02-10;0;0;0;0;0;0;0;0;0;0;0;0;0;0;0;0;0;0
FR;5;2021-02-11;0;0;0;0;0;0;0;0;0;0;0;0;0;0;0;0;0;0
FR;5;2021-02-12;0;0;0;0;0;0;0;0;0;0;0;0;0;0;0;0;0;0
FR;5;2021-02-13;0;0;0;0;0;0;0;0;0;0;0;0;0;0;0;0;0;0
FR;5;2021-02-14;0;0;0;0;0;0;0;0;0;0;0;0;0;0;0;0;0;0
FR;5;2021-02-15;0;0;0;0;0;0;0;0;0;0;0;0;0;0;0;0;0;0
FR;5;2021-02-16;0;0;0;0;0;0;0;0;0;0;0;0;0;0;0;0;0;0
FR;5;2021-02-17;0;0;0;0;0;0;0;0;0;0;0;0;0;0;0;0;0;0
FR;5;2021-02-18;0;0;0;0;0;0;0;0;0;0;0;0;0;0;0;0;0;0
FR;5;2021-02-19;0;0;0;0;0;0;0;0;0;0;0;0;0;0;0;0;0;0
FR;5;2021-02-20;0;0;0;0;0;0;0;0;0;0;0;0;0;0;0;0;0;0
FR;5;2021-02-21;0;0;0;0;0;0;0;0;0;0;0;0;0;0;0;0;0;0
FR;5;2021-02-22;0;0;0;0;0;0;0;0;0;0;0;0;0;0;0;0;0;0
FR;5;2021-02-23;0;0;0;0;0;0;0;0;0;0;0;0;0;0;0;0;0;0
FR;5;2021-02-24;0;0;0;0;0;0;0;0;0;0;0;0;0;0;0;0;0;0
FR;5;2021-02-25;0;0;0;0;0;0;0;0;0;0;0;0;0;0;0;0;0;0
FR;5;2021-02-26;0;0;0;0;0;0;0;0;0;0;0;0;0;0;0;0;0;0
FR;5;2021-02-27;0;0;0;0;0;0;0;0;0;0;0;0;0;0;0;0;0;0
FR;5;2021-02-28;0;0;0;0;0;0;0;0;0;0;0;0;0;0;0;0;0;0
FR;5;2021-03-01;0;0;0;0;0;0;0;0;0;0;0;0;0;0;0;0;0;0
FR;5;2021-03-02;0;0;0;0;0;0;0;0;0;0;0;0;0;0;0;0;0;0
FR;5;2021-03-03;0;0;0;0;0;0;0;0;0;0;0;0;0;0;0;0;0;0
FR;5;2021-03-04;0;0;0;0;0;0;0;0;0;0;0;0;0;0;0;0;0;0
FR;5;2021-03-05;0;0;0;0;0;0;0;0;0;0;0;0;0;0;0;0;0;0
FR;5;2021-03-06;0;0;0;0;0;0;0;0;0;0;0;0;0;0;0;0;0;0
FR;5;2021-03-07;0;0;0;0;0;0;0;0;0;0;0;0;0;0;0;0;0;0
FR;5;2021-03-08;0;0;0;0;0;0;0;0;0;0;0;0;0;0;0;0;0;0
FR;5;2021-03-09;0;0;0;0;0;0;0;0;0;0;0;0;0;0;0;0;0;0
FR;5;2021-03-10;0;0;0;0;0;0;0;0;0;0;0;0;0;0;0;0;0;0
FR;5;2021-03-11;0;0;0;0;0;0;0;0;0;0;0;0;0;0;0;0;0;0
FR;5;2021-03-12;0;0;0;0;0;0;0;0;0;0;0;0;0;0;0;0;0;0
FR;5;2021-03-13;0;0;0;0;0;0;0;0;0;0;0;0;0;0;0;0;0;0
FR;5;2021-03-14;0;0;0;0;0;0;0;0;0;0;0;0;0;0;0;0;0;0
FR;5;2021-03-15;0;0;0;0;0;0;0;0;0;0;0;0;0;0;0;0;0;0
FR;5;2021-03-16;0;0;0;0;0;0;0;0;0;0;0;0;0;0;0;0;0;0
FR;5;2021-03-17;0;0;0;0;0;0;0;0;0;0;0;0;0;0;0;0;0;0
FR;5;2021-03-18;0;0;0;0;0;0;0;0;0;0;0;0;0;0;0;0;0;0
FR;5;2021-03-19;0;0;0;0;0;0;0;0;0;0;0;0;0;0;0;0;0;0
FR;5;2021-03-20;0;0;0;0;0;0;0;0;0;0;0;0;0;0;0;0;0;0
FR;5;2021-03-21;0;0;0;0;0;0;0;0;0;0;0;0;0;0;0;0;0;0
FR;5;2021-03-22;0;0;0;0;0;0;0;0;0;0;0;0;0;0;0;0;0;0
FR;5;2021-03-23;0;0;0;0;0;0;0;0;0;0;0;0;0;0;0;0;0;0
FR;5;2021-03-24;0;0;0;0;0;0;0;0;0;0;0;0;0;0;0;0;0;0
FR;5;2021-03-25;0;0;0;0;0;0;0;0;0;0;0;0;0;0;0;0;0;0
FR;5;2021-03-26;0;0;0;0;0;0;0;0;0;0;0;0;0;0;0;0;0;0
FR;5;2021-03-27;0;0;0;0;0;0;0;0;0;0;0;0;0;0;0;0;0;0
FR;5;2021-03-28;0;0;0;0;0;0;0;0;0;0;0;0;0;0;0;0;0;0
FR;5;2021-03-29;0;0;0;0;0;0;0;0;0;0;0;0;0;0;0;0;0;0
FR;5;2021-03-30;0;0;0;0;0;0;0;0;0;0;0;0;0;0;0;0;0;0
FR;5;2021-03-31;0;0;0;0;0;0;0;0;0;0;0;0;0;0;0;0;0;0
FR;5;2021-04-01;0;0;0;0;0;0;0;0;0;0;0;0;0;0;0;0;0;0
FR;5;2021-04-02;0;0;0;0;0;0;0;0;0;0;0;0;0;0;0;0;0;0
FR;5;2021-04-03;0;0;0;0;0;0;0;0;0;0;0;0;0;0;0;0;0;0
FR;5;2021-04-04;0;0;0;0;0;0;0;0;0;0;0;0;0;0;0;0;0;0
FR;5;2021-04-05;0;0;0;0;0;0;0;0;0;0;0;0;0;0;0;0;0;0
FR;5;2021-04-06;0;0;0;0;0;0;0;0;0;0;0;0;0;0;0;0;0;0
FR;5;2021-04-07;0;0;0;0;0;0;0;0;0;0;0;0;0;0;0;0;0;0
FR;5;2021-04-08;0;0;0;0;0;0;0;0;0;0;0;0;0;0;0;0;0;0
FR;5;2021-04-09;0;0;0;0;0;0;0;0;0;0;0;0;0;0;0;0;0;0
FR;5;2021-04-10;0;0;0;0;0;0;0;0;0;0;0;0;0;0;0;0;0;0
FR;5;2021-04-11;0;0;0;0;0;0;0;0;0;0;0;0;0;0;0;0;0;0
FR;5;2021-04-12;0;0;0;0;0;0;0;0;0;0;0;0;0;0;0;0;0;0
FR;5;2021-04-13;0;0;0;0;0;0;0;0;0;0;0;0;0;0;0;0;0;0
FR;5;2021-04-14;0;0;0;0;0;0;0;0;0;0;0;0;0;0;0;0;0;0
FR;5;2021-04-15;0;0;0;0;0;0;0;0;0;0;0;0;0;0;0;0;0;0
FR;5;2021-04-16;0;0;0;0;0;0;0;0;0;0;0;0;0;0;0;0;0;0
FR;5;2021-04-17;0;0;0;0;0;0;0;0;0;0;0;0;0;0;0;0;0;0
FR;5;2021-04-18;0;0;0;0;0;0;0;0;0;0;0;0;0;0;0;0;0;0
FR;5;2021-04-19;0;0;0;0;0;0;0;0;0;0;0;0;0;0;0;0;0;0
FR;5;2021-04-20;0;0;0;0;0;0;0;0;0;0;0;0;0;0;0;0;0;0
FR;5;2021-04-21;0;0;0;0;0;0;0;0;0;0;0;0;0;0;0;0;0;0
FR;5;2021-04-22;0;0;0;0;0;0;0;0;0;0;0;0;0;0;0;0;0;0
FR;5;2021-04-23;0;0;0;0;0;0;0;0;0;0;0;0;0;0;0;0;0;0
FR;5;2021-04-24;0;0;0;0;0;0;0;0;0;0;0;0;0;0;0;0;0;0
FR;5;2021-04-25;0;0;0;0;0;0;0;0;0;0;0;0;0;0;0;0;0;0
FR;5;2021-04-26;0;0;0;0;0;0;0;0;0;0;0;0;0;0;0;0;0;0
FR;5;2021-04-27;0;0;0;0;0;0;0;0;0;0;0;0;0;0;0;0;0;0
FR;5;2021-04-28;0;0;0;0;0;0;0;0;0;0;0;0;0;0;0;0;0;0
FR;5;2021-04-29;0;0;0;0;0;0;0;0;0;0;0;0;0;0;0;0;0;0
FR;5;2021-04-30;0;0;0;0;0;0;0;0;0;0;0;0;0;0;0;0;0;0
FR;5;2021-05-01;0;0;0;0;0;0;0;0;0;0;0;0;0;0;0;0;0;0
FR;5;2021-05-02;0;0;0;0;0;0;0;0;0;0;0;0;0;0;0;0;0;0
FR;5;2021-05-03;0;0;0;0;0;0;0;0;0;0;0;0;0;0;0;0;0;0
FR;5;2021-05-04;0;0;0;0;0;0;0;0;0;0;0;0;0;0;0;0;0;0
FR;5;2021-05-05;0;0;0;0;0;0;0;0;0;0;0;0;0;0;0;0;0;0
FR;5;2021-05-06;0;0;0;0;0;0;0;0;0;0;0;0;0;0;0;0;0;0
FR;5;2021-05-07;0;0;0;0;0;0;0;0;0;0;0;0;0;0;0;0;0;0
FR;5;2021-05-08;0;0;0;0;0;0;0;0;0;0;0;0;0;0;0;0;0;0
FR;5;2021-05-09;0;0;0;0;0;0;0;0;0;0;0;0;0;0;0;0;0;0
FR;5;2021-05-10;0;0;0;0;0;0;0;0;0;0;0;0;0;0;0;0;0;0
FR;5;2021-05-11;0;0;0;0;0;0;0;0;0;0;0;0;0;0;0;0;0;0
FR;5;2021-05-12;0;0;0;0;0;0;0;0;0;0;0;0;0;0;0;0;0;0
FR;5;2021-05-13;0;0;0;0;0;0;0;0;0;0;0;0;0;0;0;0;0;0
FR;5;2021-05-14;0;0;0;0;0;0;0;0;0;0;0;0;0;0;0;0;0;0
FR;5;2021-05-15;0;0;0;0;0;0;0;0;0;0;0;0;0;0;0;0;0;0
FR;5;2021-05-16;0;0;0;0;0;0;0;0;0;0;0;0;0;0;0;0;0;0
FR;5;2021-05-17;0;0;0;0;0;0;0;0;0;0;0;0;0;0;0;0;0;0
FR;5;2021-05-18;0;0;0;0;0;0;0;0;0;0;0;0;0;0;0;0;0;0
FR;5;2021-05-19;0;0;0;0;0;0;0;0;0;0;0;0;0;0;0;0;0;0
FR;5;2021-05-20;0;0;0;0;0;0;0;0;0;0;0;0;0;0;0;0;0;0
FR;5;2021-05-21;0;0;0;0;0;0;0;0;0;0;0;0;0;0;0;0;0;0
FR;5;2021-05-22;0;0;0;0;0;0;0;0;0;0;0;0;0;0;0;0;0;0
FR;5;2021-05-23;0;0;0;0;0;0;0;0;0;0;0;0;0;0;0;0;0;0
FR;5;2021-05-24;0;0;0;0;0;0;0;0;0;0;0;0;0;0;0;0;0;0
FR;5;2021-05-25;0;0;0;0;0;0;0;0;0;0;0;0;0;0;0;0;0;0
FR;5;2021-05-26;0;0;0;0;0;0;0;0;0;0;0;0;0;0;0;0;0;0
FR;5;2021-05-27;0;0;0;0;0;0;0;0;0;0;0;0;0;0;0;0;0;0
FR;5;2021-05-28;0;0;0;0;0;0;0;0;0;0;0;0;0;0;0;0;0;0
FR;5;2021-05-29;0;0;0;0;0;0;0;0;0;0;0;0;0;0;0;0;0;0
FR;5;2021-05-30;0;0;0;0;0;0;0;0;0;0;0;0;0;0;0;0;0;0
FR;5;2021-05-31;0;0;0;0;0;0;0;0;0;0;0;0;0;0;0;0;0;0
FR;5;2021-06-01;0;0;0;0;0;0;0;0;0;0;0;0;0;0;0;0;0;0
FR;5;2021-06-02;0;0;0;0;0;0;0;0;0;0;0;0;0;0;0;0;0;0
FR;5;2021-06-03;0;0;0;0;0;0;0;0;0;0;0;0;0;0;0;0;0;0
FR;5;2021-06-04;0;0;0;0;0;0;0;0;0;0;0;0;0;0;0;0;0;0
FR;5;2021-06-05;0;0;0;0;0;0;0;0;0;0;0;0;0;0;0;0;0;0
FR;5;2021-06-06;0;0;0;0;0;0;0;0;0;0;0;0;0;0;0;0;0;0
FR;5;2021-06-07;0;0;0;0;0;0;0;0;0;0;0;0;0;0;0;0;0;0
FR;5;2021-06-08;0;0;0;0;0;0;0;0;0;0;0;0;0;0;0;0;0;0
FR;5;2021-06-09;0;0;0;0;0;0;0;0;0;0;0;0;0;0;0;0;0;0
FR;5;2021-06-10;0;0;0;0;0;0;0;0;0;0;0;0;0;0;0;0;0;0
FR;5;2021-06-11;0;0;0;0;0;0;0;0;0;0;0;0;0;0;0;0;0;0
FR;5;2021-06-12;0;0;0;0;0;0;0;0;0;0;0;0;0;0;0;0;0;0
FR;5;2021-06-13;0;0;0;0;0;0;0;0;0;0;0;0;0;0;0;0;0;0
FR;5;2021-06-14;0;0;0;0;0;0;0;0;0;0;0;0;0;0;0;0;0;0
FR;5;2021-06-15;0;0;0;0;0;0;0;0;0;0;0;0;0;0;0;0;0;0
FR;5;2021-06-16;0;0;0;0;0;0;0;0;0;0;0;0;0;0;0;0;0;0
FR;5;2021-06-17;0;0;0;0;0;0;0;0;0;0;0;0;0;0;0;0;0;0
FR;5;2021-06-18;0;0;0;0;0;0;0;0;0;0;0;0;0;0;0;0;0;0
FR;5;2021-06-19;0;0;0;0;0;0;0;0;0;0;0;0;0;0;0;0;0;0
FR;5;2021-06-20;0;0;0;0;0;0;0;0;0;0;0;0;0;0;0;0;0;0
FR;5;2021-06-21;0;0;0;0;0;0;0;0;0;0;0;0;0;0;0;0;0;0
FR;5;2021-06-22;0;0;0;0;0;0;0;0;0;0;0;0;0;0;0;0;0;0
FR;5;2021-06-23;0;0;0;0;0;0;0;0;0;0;0;0;0;0;0;0;0;0
FR;5;2021-06-24;0;0;0;0;0;0;0;0;0;0;0;0;0;0;0;0;0;0
FR;5;2021-06-25;0;0;0;0;0;0;0;0;0;0;0;0;0;0;0;0;0;0
FR;5;2021-06-26;0;0;0;0;0;0;0;0;0;0;0;0;0;0;0;0;0;0
FR;5;2021-06-27;0;0;0;0;0;0;0;0;0;0;0;0;0;0;0;0;0;0
FR;5;2021-06-28;0;0;0;0;0;0;0;0;0;0;0;0;0;0;0;0;0;0
FR;5;2021-06-29;0;0;0;0;0;0;0;0;0;0;0;0;0;0;0;0;0;0
FR;5;2021-06-30;0;0;0;0;0;0;0;0;0;0;0;0;0;0;0;0;0;0
FR;5;2021-07-01;0;0;0;0;0;0;0;0;0;0;0;0;0;0;0;0;0;0
FR;5;2021-07-02;0;0;0;0;0;0;0;0;0;0;0;0;0;0;0;0;0;0
FR;5;2021-07-03;0;0;0;0;0;0;0;0;0;0;0;0;0;0;0;0;0;0
FR;5;2021-07-04;0;0;0;0;0;0;0;0;0;0;0;0;0;0;0;0;0;0
FR;5;2021-07-05;0;0;0;0;0;0;0;0;0;0;0;0;0;0;0;0;0;0
FR;5;2021-07-06;0;0;0;0;0;0;0;0;0;0;0;0;0;0;0;0;0;0
FR;5;2021-07-07;0;0;0;0;0;0;0;0;0;0;0;0;0;0;0;0;0;0
FR;5;2021-07-08;0;0;0;0;0;0;0;0;0;0;0;0;0;0;0;0;0;0
FR;5;2021-07-09;0;0;0;0;0;0;0;0;0;0;0;0;0;0;0;0;0;0
FR;5;2021-07-10;0;0;0;0;0;0;0;0;0;0;0;0;0;0;0;0;0;0
FR;5;2021-07-11;0;0;0;0;0;0;0;0;0;0;0;0;0;0;0;0;0;0
FR;5;2021-07-12;0;0;0;0;0;0;0;0;0;0;0;0;0;0;0;0;0;0
FR;5;2021-07-13;0;0;0;0;0;0;0;0;0;0;0;0;0;0;0;0;0;0
FR;5;2021-07-14;0;0;0;0;0;0;0;0;0;0;0;0;0;0;0;0;0;0
FR;5;2021-07-15;0;0;0;0;0;0;0;0;0;0;0;0;0;0;0;0;0;0
FR;5;2021-07-16;0;0;0;0;0;0;0;0;0;0;0;0;0;0;0;0;0;0
FR;5;2021-07-17;0;0;0;0;0;0;0;0;0;0;0;0;0;0;0;0;0;0
FR;5;2021-07-18;0;0;0;0;0;0;0;0;0;0;0;0;0;0;0;0;0;0
FR;5;2021-07-19;0;0;0;0;0;0;0;0;0;0;0;0;0;0;0;0;0;0
FR;5;2021-07-20;0;0;0;0;0;0;0;0;0;0;0;0;0;0;0;0;0;0
FR;5;2021-07-21;0;0;0;0;0;0;0;0;0;0;0;0;0;0;0;0;0;0
FR;5;2021-07-22;0;0;0;0;0;0;0;0;0;0;0;0;0;0;0;0;0;0
FR;5;2021-07-23;0;0;0;0;0;0;0;0;0;0;0;0;0;0;0;0;0;0
FR;5;2021-07-24;0;0;0;0;0;0;0;0;0;0;0;0;0;0;0;0;0;0
FR;5;2021-07-25;0;0;0;0;0;0;0;0;0;0;0;0;0;0;0;0;0;0
FR;5;2021-07-26;0;0;0;0;0;0;0;0;0;0;0;0;0;0;0;0;0;0
FR;5;2021-07-27;0;0;0;0;0;0;0;0;0;0;0;0;0;0;0;0;0;0
FR;5;2021-07-28;0;0;0;0;0;0;0;0;0;0;0;0;0;0;0;0;0;0
FR;5;2021-07-29;0;0;0;0;0;0;0;0;0;0;0;0;0;0;0;0;0;0
FR;5;2021-07-30;0;0;0;0;0;0;0;0;0;0;0;0;0;0;0;0;0;0
FR;5;2021-07-31;0;0;0;0;0;0;0;0;0;0;0;0;0;0;0;0;0;0
FR;5;2021-08-01;0;0;0;0;0;0;0;0;0;0;0;0;0;0;0;0;0;0
FR;5;2021-08-02;0;0;0;0;0;0;0;0;0;0;0;0;0;0;0;0;0;0
FR;5;2021-08-03;0;0;0;0;0;0;0;0;0;0;0;0;0;0;0;0;0;0
FR;5;2021-08-04;0;0;0;0;0;0;0;0;0;0;0;0;0;0;0;0;0;0
FR;5;2021-08-05;0;0;0;0;0;0;0;0;0;0;0;0;0;0;0;0;0;0
FR;5;2021-08-06;0;0;0;0;0;0;0;0;0;0;0;0;0;0;0;0;0;0
FR;5;2021-08-07;0;0;0;0;0;0;0;0;0;0;0;0;0;0;0;0;0;0
FR;5;2021-08-08;0;0;0;0;0;0;0;0;0;0;0;0;0;0;0;0;0;0
FR;5;2021-08-09;0;0;0;0;0;0;0;0;0;0;0;0;0;0;0;0;0;0
FR;5;2021-08-10;0;0;0;0;0;0;0;0;0;0;0;0;0;0;0;0;0;0
FR;5;2021-08-11;0;0;0;0;0;0;0;0;0;0;0;0;0;0;0;0;0;0
FR;5;2021-08-12;0;0;0;0;0;0;0;0;0;0;0;0;0;0;0;0;0;0
FR;5;2021-08-13;0;0;0;0;0;0;0;0;0;0;0;0;0;0;0;0;0;0
FR;5;2021-08-14;0;0;0;0;0;0;0;0;0;0;0;0;0;0;0;0;0;0
FR;5;2021-08-15;0;0;0;0;0;0;0;0;0;0;0;0;0;0;0;0;0;0
FR;5;2021-08-16;0;0;0;0;0;0;0;0;0;0;0;0;0;0;0;0;0;0
FR;5;2021-08-17;0;0;0;0;0;0;0;0;0;0;0;0;0;0;0;0;0;0
FR;5;2021-08-18;0;0;0;0;0;0;0;0;0;0;0;0;0;0;0;0;0;0
FR;5;2021-08-19;0;0;0;0;0;0;0;0;0;0;0;0;0;0;0;0;0;0
FR;5;2021-08-20;0;0;0;0;0;0;0;0;0;0;0;0;0;0;0;0;0;0
FR;5;2021-08-21;0;0;0;0;0;0;0;0;0;0;0;0;0;0;0;0;0;0
FR;5;2021-08-22;0;0;0;0;0;0;0;0;0;0;0;0;0;0;0;0;0;0
FR;5;2021-08-23;0;0;0;0;0;0;0;0;0;0;0;0;0;0;0;0;0;0
FR;5;2021-08-24;0;0;0;0;0;0;0;0;0;0;0;0;0;0;0;0;0;0
FR;5;2021-08-25;0;0;0;0;0;0;0;0;0;0;0;0;0;0;0;0;0;0
FR;5;2021-08-26;0;0;0;0;0;0;0;0;0;0;0;0;0;0;0;0;0;0
FR;5;2021-08-27;0;0;0;0;0;0;0;0;0;0;0;0;0;0;0;0;0;0
FR;5;2021-08-28;0;0;0;0;0;0;0;0;0;0;0;0;0;0;0;0;0;0
FR;5;2021-08-29;0;0;0;0;0;0;0;0;0;0;0;0;0;0;0;0;0;0
FR;5;2021-08-30;0;0;0;0;0;0;0;0;0;0;0;0;0;0;0;0;0;0
FR;5;2021-08-31;0;0;0;0;0;0;0;0;0;0;0;0;0;0;0;0;0;0
FR;5;2021-09-01;0;0;0;0;0;0;0;0;0;0;0;0;0;0;0;0;0;0
FR;5;2021-09-02;0;0;0;0;0;0;0;0;0;0;0;0;0;0;0;0;0;0
FR;5;2021-09-03;0;0;0;0;0;0;0;0;0;0;0;0;0;0;0;0;0;0
FR;5;2021-09-04;0;0;0;0;0;0;0;0;0;0;0;0;0;0;0;0;0;0
FR;5;2021-09-05;0;0;0;0;0;0;0;0;0;0;0;0;0;0;0;0;0;0
FR;5;2021-09-06;0;0;0;0;0;0;0;0;0;0;0;0;0;0;0;0;0;0
FR;5;2021-09-07;0;0;0;0;0;0;0;0;0;0;0;0;0;0;0;0;0;0
FR;5;2021-09-08;0;0;0;0;0;0;0;0;0;0;0;0;0;0;0;0;0;0
FR;5;2021-09-09;0;0;0;0;0;0;0;0;0;0;0;0;0;0;0;0;0;0
FR;5;2021-09-10;0;0;0;0;0;0;0;0;0;0;0;0;0;0;0;0;0;0
FR;5;2021-09-11;0;0;0;0;0;0;0;0;0;0;0;0;0;0;0;0;0;0
FR;5;2021-09-12;0;0;0;0;0;0;0;0;0;0;0;0;0;0;0;0;0;0
FR;5;2021-09-13;0;0;0;0;0;0;0;0;0;0;0;0;0;0;0;0;0;0
FR;5;2021-09-14;0;0;0;0;0;0;0;0;0;0;0;0;0;0;0;0;0;0
FR;5;2021-09-15;0;0;0;0;0;0;0;0;0;0;0;0;0;0;0;0;0;0
FR;5;2021-09-16;0;0;0;0;0;0;0;0;0;0;0;0;0;0;0;0;0;0
FR;5;2021-09-17;0;0;0;0;0;0;0;0;0;0;0;0;0;0;0;0;0;0
FR;5;2021-09-18;0;0;0;0;0;0;0;0;0;0;0;0;0;0;0;0;0;0
FR;5;2021-09-19;0;0;0;0;0;0;0;0;0;0;0;0;0;0;0;0;0;0
FR;5;2021-09-20;0;0;0;0;0;0;0;0;0;0;0;0;0;0;0;0;0;0
FR;5;2021-09-21;0;0;0;0;0;0;0;0;0;0;0;0;0;0;0;0;0;0
FR;5;2021-09-22;0;0;0;0;0;0;0;0;0;0;0;0;0;0;0;0;0;0
FR;5;2021-09-23;0;0;0;0;0;0;0;0;0;0;0;0;0;0;0;0;0;0
FR;5;2021-09-24;0;0;0;0;0;0;0;0;0;0;0;0;0;0;0;0;0;0
FR;5;2021-09-25;0;0;0;0;0;0;0;0;0;0;0;0;0;0;0;0;0;0
FR;5;2021-09-26;0;0;0;0;0;0;0;0;0;0;0;0;0;0;0;0;0;0
FR;5;2021-09-27;0;0;0;0;0;0;0;0;0;0;0;0;0;0;0;0;0;0
FR;5;2021-09-28;0;0;0;0;0;0;0;0;0;0;0;0;0;0;0;0;0;0
FR;5;2021-09-29;0;0;0;0;0;0;0;0;0;0;0;0;0;0;0;0;0;0
FR;5;2021-09-30;0;0;0;0;0;0;0;0;0;0;0;0;0;0;0;0;0;0
FR;5;2021-10-01;0;0;0;0;0;0;0;0;0;0;0;0;0;0;0;0;0;0
FR;5;2021-10-02;0;0;0;0;0;0;0;0;0;0;0;0;0;0;0;0;0;0
FR;5;2021-10-03;0;0;0;0;0;0;0;0;0;0;0;0;0;0;0;0;0;0
FR;5;2021-10-04;0;0;0;0;0;0;0;0;0;0;0;0;0;0;0;0;0;0
FR;5;2021-10-05;0;0;0;0;0;0;0;0;0;0;0;0;0;0;0;0;0;0
FR;5;2021-10-06;0;0;0;0;0;0;0;0;0;0;0;0;0;0;0;0;0;0
FR;5;2021-10-07;0;0;0;0;0;0;0;0;0;0;0;0;0;0;0;0;0;0
FR;5;2021-10-08;0;0;0;0;0;0;0;0;0;0;0;0;0;0;0;0;0;0
FR;5;2021-10-09;0;0;0;0;0;0;0;0;0;0;0;0;0;0;0;0;0;0
FR;5;2021-10-10;0;0;0;0;0;0;0;0;0;0;0;0;0;0;0;0;0;0
FR;5;2021-10-11;0;0;0;0;0;0;0;0;0;0;0;0;0;0;0;0;0;0
FR;5;2021-10-12;0;0;0;0;0;0;0;0;0;0;0;0;0;0;0;0;0;0
FR;5;2021-10-13;0;0;0;0;0;0;0;0;0;0;0;0;0;0;0;0;0;0
FR;5;2021-10-14;0;0;0;0;0;0;0;0;0;0;0;0;0;0;0;0;0;0
FR;5;2021-10-15;0;0;0;0;0;0;0;0;0;0;0;0;0;0;0;0;0;0
FR;5;2021-10-16;0;0;0;0;0;0;0;0;0;0;0;0;0;0;0;0;0;0
FR;5;2021-10-17;0;0;0;0;0;0;0;0;0;0;0;0;0;0;0;0;0;0
FR;5;2021-10-18;0;0;0;0;0;0;0;0;0;0;0;0;0;0;0;0;0;0
FR;5;2021-10-19;0;0;0;0;0;0;0;0;0;0;0;0;0;0;0;0;0;0
FR;5;2021-10-20;0;0;0;0;0;0;0;0;0;0;0;0;0;0;0;0;0;0
FR;5;2021-10-21;0;0;0;0;0;0;0;0;0;0;0;0;0;0;0;0;0;0
FR;5;2021-10-22;0;0;0;0;0;0;0;0;0;0;0;0;0;0;0;0;0;0
FR;5;2021-10-23;0;0;0;0;0;0;0;0;0;0;0;0;0;0;0;0;0;0
FR;5;2021-10-24;0;0;0;0;0;0;0;0;0;0;0;0;0;0;0;0;0;0
FR;5;2021-10-25;0;0;0;0;0;0;0;0;0;0;0;0;0;0;0;0;0;0
FR;5;2021-10-26;0;0;0;0;0;0;0;0;0;0;0;0;0;0;0;0;0;0
FR;5;2021-10-27;0;0;0;0;0;0;0;0;0;0;0;0;0;0;0;0;0;0
FR;5;2021-10-28;0;0;0;0;0;0;0;0;0;0;0;0;0;0;0;0;0;0
FR;5;2021-10-29;0;0;0;0;0;0;0;0;0;0;0;0;0;0;0;0;0;0
FR;5;2021-10-30;0;0;0;0;0;0;0;0;0;0;0;0;0;0;0;0;0;0
FR;5;2021-10-31;0;0;0;0;0;0;0;0;0;0;0;0;0;0;0;0;0;0
FR;5;2021-11-01;0;0;0;0;0;0;0;0;0;0;0;0;0;0;0;0;0;0
FR;5;2021-11-02;0;0;0;0;0;0;0;0;0;0;0;0;0;0;0;0;0;0
FR;5;2021-11-03;0;0;0;0;0;0;0;0;0;0;0;0;0;0;0;0;0;0
FR;5;2021-11-04;0;0;0;0;0;0;0;0;0;0;0;0;0;0;0;0;0;0
FR;5;2021-11-05;0;0;0;0;0;0;0;0;0;0;0;0;0;0;0;0;0;0
FR;5;2021-11-06;0;0;0;0;0;0;0;0;0;0;0;0;0;0;0;0;0;0
FR;5;2021-11-07;0;0;0;0;0;0;0;0;0;0;0;0;0;0;0;0;0;0
FR;5;2021-11-08;0;0;0;0;0;0;0;0;0;0;0;0;0;0;0;0;0;0
FR;5;2021-11-09;0;0;0;0;0;0;0;0;0;0;0;0;0;0;0;0;0;0
FR;5;2021-11-10;0;0;0;0;0;0;0;0;0;0;0;0;0;0;0;0;0;0
FR;5;2021-11-11;0;0;0;0;0;0;0;0;0;0;0;0;0;0;0;0;0;0
FR;5;2021-11-12;0;0;0;0;0;0;0;0;0;0;0;0;0;0;0;0;0;0
FR;5;2021-11-13;0;0;0;0;0;0;0;0;0;0;0;0;0;0;0;0;0;0
FR;5;2021-11-14;0;0;0;0;0;0;0;0;0;0;0;0;0;0;0;0;0;0
FR;5;2021-11-15;0;0;0;0;0;0;0;0;0;0;0;0;0;0;0;0;0;0
FR;5;2021-11-16;0;0;0;0;0;0;0;0;0;0;0;0;0;0;0;0;0;0
FR;5;2021-11-17;0;0;0;0;0;0;0;0;0;0;0;0;0;0;0;0;0;0
FR;5;2021-11-18;0;0;0;0;0;0;0;0;0;0;0;0;0;0;0;0;0;0
FR;5;2021-11-19;0;0;0;0;0;0;0;0;0;0;0;0;0;0;0;0;0;0
FR;5;2021-11-20;0;0;0;0;0;0;0;0;0;0;0;0;0;0;0;0;0;0
FR;5;2021-11-21;0;0;0;0;0;0;0;0;0;0;0;0;0;0;0;0;0;0
FR;5;2021-11-22;0;0;0;0;0;0;0;0;0;0;0;0;0;0;0;0;0;0
FR;5;2021-11-23;0;0;0;0;0;0;0;0;0;0;0;0;0;0;0;0;0;0
FR;5;2021-11-24;0;0;0;0;0;0;0;0;0;0;0;0;0;0;0;0;0;0
FR;5;2021-11-25;0;0;0;0;0;0;0;0;0;0;0;0;0;0;0;0;0;0
FR;5;2021-11-26;0;0;0;0;0;0;0;0;0;0;0;0;0;0;0;0;0;0
FR;5;2021-11-27;0;0;0;0;0;0;0;0;0;0;0;0;0;0;0;0;0;0
FR;5;2021-11-28;0;0;0;0;0;0;0;0;0;0;0;0;0;0;0;0;0;0
FR;5;2021-11-29;0;0;0;0;0;0;0;0;0;0;0;0;0;0;0;0;0;0
FR;5;2021-11-30;0;0;0;0;0;0;0;0;0;0;0;0;0;0;0;0;0;0
FR;5;2021-12-01;0;0;0;0;0;0;0;0;0;0;0;0;0;0;0;0;0;0
FR;5;2021-12-02;0;0;0;0;0;0;0;0;0;0;0;0;0;0;0;0;0;0
FR;5;2021-12-03;0;0;0;0;0;0;0;0;0;0;0;0;0;0;0;0;0;0
FR;5;2021-12-04;0;0;0;0;0;0;0;0;0;0;0;0;0;0;0;0;0;0
FR;5;2021-12-05;0;0;0;0;0;0;0;0;0;0;0;0;0;0;0;0;0;0
FR;5;2021-12-06;0;0;0;0;0;0;0;0;0;0;0;0;0;0;0;0;0;0
FR;5;2021-12-07;0;0;0;0;0;0;0;0;0;0;0;0;0;0;0;0;0;0
FR;5;2021-12-08;0;0;0;0;0;0;0;0;0;0;0;0;0;0;0;0;0;0
FR;5;2021-12-09;0;0;0;0;0;0;0;0;0;0;0;0;0;0;0;0;0;0
FR;5;2021-12-10;0;0;0;0;0;0;0;0;0;0;0;0;0;0;0;0;0;0
FR;5;2021-12-11;0;0;0;0;0;0;0;0;0;0;0;0;0;0;0;0;0;0
FR;5;2021-12-12;0;0;0;0;0;0;0;0;0;0;0;0;0;0;0;0;0;0
FR;5;2021-12-13;0;0;0;0;0;0;0;0;0;0;0;0;0;0;0;0;0;0
FR;5;2021-12-14;33;45;77;0;27;88;1;0;0;33;45;77;0;27;88;1;0;0
FR;5;2021-12-15;196;44;37;0;42;49;0;0;0;229;89;114;0;69;137;1;0;0
FR;5;2021-12-16;181;21;44;0;38;48;0;0;0;410;110;158;0;107;185;1;0;0
FR;5;2021-12-17;313;16;72;0;34;74;2;0;0;723;126;230;0;141;259;3;0;0
FR;5;2021-12-18;766;24;22;0;67;29;0;0;0;1489;150;252;0;208;288;3;0;0
FR;5;2021-12-19;585;15;15;0;67;17;0;0;0;2074;165;267;0;275;305;3;0;0
FR;5;2021-12-20;1225;31;34;0;134;37;2;0;0;3299;196;301;0;409;342;5;0;0
FR;5;2021-12-21;1535;22;54;1;141;60;0;0;0;4834;218;355;1;550;402;5;0;0
FR;5;2021-12-22;4069;40;37;0;420;46;2;0;0;8903;258;392;1;970;448;7;0;0
FR;5;2021-12-23;3043;16;21;0;305;25;0;0;0;11946;274;413;1;1275;473;7;0;0
FR;5;2021-12-24;761;18;9;0;103;14;0;0;0;12707;292;422;1;1378;487;7;0;0
FR;5;2021-12-25;61;5;2;0;9;3;0;0;0;12768;297;424;1;1387;490;7;0;0
FR;5;2021-12-26;623;6;3;0;101;4;0;0;0;13391;303;427;1;1488;494;7;0;0
FR;5;2021-12-27;4085;25;21;0;458;23;1;0;0;17476;328;448;1;1946;517;8;0;0
FR;5;2021-12-28;5204;23;41;1;513;43;2;0;0;22680;351;489;2;2459;560;10;0;0
FR;5;2021-12-29;8105;34;66;1;887;69;0;0;0;30785;385;555;3;3346;629;10;0;0
FR;5;2021-12-30;5173;18;33;0;525;39;0;0;0;35958;403;588;3;3871;668;10;0;0
FR;5;2021-12-31;1554;8;10;0;182;11;0;0;0;37512;411;598;3;4053;679;10;0;0
FR;5;2022-01-01;186;2;2;0;24;3;0;0;0;37698;413;600;3;4077;682;10;0;0
FR;5;2022-01-02;1489;1;1;0;152;1;0;0;0;39187;414;601;3;4229;683;10;0;0
FR;5;2022-01-03;3069;36;34;0;322;33;1;0;0;42256;450;635;3;4551;716;11;0;0
FR;5;2022-01-04;3034;39;33;0;321;42;3;0;0;45290;489;668;3;4872;758;14;0;0
FR;5;2022-01-05;19324;203;97;1;2117;108;0;0;0;64614;692;765;4;6989;866;14;0;0
FR;5;2022-01-06;3748;134;122;0;507;142;2;0;0;68362;826;887;4;7496;1008;16;0;0
FR;5;2022-01-07;5006;202;48;2;704;56;1;0;0;73368;1028;935;6;8200;1064;17;0;0
FR;5;2022-01-08;13659;514;45;0;2003;52;0;0;0;87027;1542;980;6;10203;1116;17;0;0
FR;5;2022-01-09;5754;399;15;0;1112;20;1;0;0;92781;1941;995;6;11315;1136;18;0;0
FR;5;2022-01-10;3455;326;25;0;735;29;0;0;0;96236;2267;1020;6;12050;1165;18;0;0
FR;5;2022-01-11;3671;283;38;0;661;41;1;0;0;99907;2550;1058;6;12711;1206;19;0;0
FR;5;2022-01-12;22650;3005;89;0;5297;112;2;0;0;122557;5555;1147;6;18008;1318;21;0;0
FR;5;2022-01-13;4039;623;29;0;1051;31;2;0;0;126596;6178;1176;6;19059;1349;23;0;0
FR;5;2022-01-14;4843;583;45;0;1115;52;1;0;0;131439;6761;1221;6;20174;1401;24;0;0
FR;5;2022-01-15;14686;1747;38;3;3378;49;3;0;0;146125;8508;1259;9;23552;1450;27;0;0
FR;5;2022-01-16;4728;666;3;0;1261;5;0;0;0;150853;9174;1262;9;24813;1455;27;0;0
FR;5;2022-01-17;2297;718;26;0;986;29;0;0;0;153150;9892;1288;9;25799;1484;27;0;0
FR;5;2022-01-18;2431;870;30;0;1141;40;0;0;0;155581;10762;1318;9;26940;1524;27;0;0
FR;5;2022-01-19;18484;6423;74;2;8366;142;3;0;0;174065;17185;1392;11;35306;1666;30;0;0
FR;5;2022-01-20;1920;1067;25;0;1295;34;2;0;0;175985;18252;1417;11;36601;1700;32;0;0
FR;5;2022-01-21;3077;1372;47;1;1677;59;2;0;0;179062;19624;1464;12;38278;1759;34;0;0
FR;5;2022-01-22;10720;3454;33;1;4671;43;1;0;0;189782;23078;1497;13;42949;1802;35;0;0
FR;5;2022-01-23;2629;1415;6;0;1789;10;0;0;0;192411;24493;1503;13;44738;1812;35;0;0
FR;5;2022-01-24;1161;1341;19;0;1447;23;1;0;0;193572;25834;1522;13;46185;1835;36;0;0
FR;5;2022-01-25;1220;1549;20;2;1683;31;3;0;0;194792;27383;1542;15;47868;1866;39;0;0
FR;5;2022-01-26;10748;12032;50;1;13300;89;1;0;1;205540;39415;1592;16;61168;1955;40;0;1
FR;5;2022-01-27;1291;1693;10;0;1838;17;0;0;0;206831;41108;1602;16;63006;1972;40;0;1
FR;5;2022-01-28;1698;3346;16;0;3566;19;1;0;0;208529;44454;1618;16;66572;1991;41;0;1
FR;5;2022-01-29;6241;8041;68;0;8855;96;2;0;0;214770;52495;1686;16;75427;2087;43;0;1
FR;5;2022-01-30;1509;2950;5;0;3185;18;0;0;0;216279;55445;1691;16;78612;2105;43;0;1
FR;5;2022-01-31;589;1773;23;0;1837;24;3;0;0;216868;57218;1714;16;80449;2129;46;0;1
FR;5;2022-02-01;712;1706;10;0;1791;15;0;0;0;217580;58924;1724;16;82240;2144;46;0;1
FR;5;2022-02-02;6959;15655;52;0;16603;94;0;0;0;224539;74579;1776;16;98843;2238;46;0;1
FR;5;2022-02-03;492;1691;14;0;1748;13;5;0;0;225031;76270;1790;16;100591;2251;51;0;1
FR;5;2022-02-04;945;3002;19;0;3123;31;0;0;0;225976;79272;1809;16;103714;2282;51;0;1
FR;5;2022-02-05;3536;8919;23;0;9517;37;0;0;0;229512;88191;1832;16;113231;2319;51;0;1
FR;5;2022-02-06;737;2398;10;0;2556;19;0;0;0;230249;90589;1842;16;115787;2338;51;0;1
FR;5;2022-02-07;884;1596;23;0;1715;25;2;0;0;231133;92185;1865;16;117502;2363;53;0;1
FR;5;2022-02-08;725;1287;18;0;1407;20;2;0;0;231858;93472;1883;16;118909;2383;55;0;1
FR;5;2022-02-09;4544;12880;44;0;13608;76;1;0;0;236402;106352;1927;16;132517;2459;56;0;1
FR;5;2022-02-10;646;1059;14;0;1166;15;0;0;0;237048;107411;1941;16;133683;2474;56;0;1
FR;5;2022-02-11;793;2032;16;0;2163;21;1;0;0;237841;109443;1957;16;135846;2495;57;0;1
FR;5;2022-02-12;2286;6812;33;0;7279;53;0;0;0;240127;116255;1990;16;143125;2548;57;0;1
FR;5;2022-02-13;464;1541;8;0;1654;8;1;0;0;240591;117796;1998;16;144779;2556;58;0;1
FR;5;2022-02-14;678;1288;10;0;1407;13;1;0;0;241269;119084;2008;16;146186;2569;59;0;1
FR;5;2022-02-15;482;886;9;0;968;14;1;0;0;241751;119970;2017;16;147154;2583;60;0;1
FR;5;2022-02-16;2980;9124;41;1;9676;58;2;0;0;244731;129094;2058;17;156830;2641;62;0;1
FR;5;2022-02-17;436;809;6;0;876;7;1;0;0;245167;129903;2064;17;157706;2648;63;0;1
FR;5;2022-02-18;649;1408;13;0;1535;17;0;0;0;245816;131311;2077;17;159241;2665;63;0;1
FR;5;2022-02-19;1373;4315;16;0;4623;28;0;0;0;247189;135626;2093;17;163864;2693;63;0;1
FR;5;2022-02-20;247;879;6;0;941;8;0;0;0;247436;136505;2099;17;164805;2701;63;0;1
FR;5;2022-02-21;221;607;2;0;661;4;1;0;0;247657;137112;2101;17;165466;2705;64;0;1
FR;5;2022-02-22;262;545;17;0;591;17;1;0;0;247919;137657;2118;17;166057;2722;65;0;1
FR;5;2022-02-23;1909;6926;23;1;7346;43;0;0;0;249828;144583;2141;18;173403;2765;65;0;1
FR;5;2022-02-24;182;374;6;1;421;7;1;0;0;250010;144957;2147;19;173824;2772;66;0;1
FR;5;2022-02-25;336;951;13;0;1028;12;2;0;0;250346;145908;2160;19;174852;2784;68;0;1
FR;5;2022-02-26;972;3071;11;0;3333;15;2;0;0;251318;148979;2171;19;178185;2799;70;0;1
FR;5;2022-02-27;151;506;0;0;549;3;0;0;0;251469;149485;2171;19;178734;2802;70;0;1
FR;5;2022-02-28;162;369;1;0;408;1;0;0;0;251631;149854;2172;19;179142;2803;70;0;1
FR;5;2022-03-01;130;280;6;0;315;7;1;0;0;251761;150134;2178;19;179457;2810;71;0;1
FR;5;2022-03-02;1242;4156;28;3;4497;40;3;0;0;253003;154290;2206;22;183954;2850;74;0;1
FR;5;2022-03-03;121;251;5;0;271;10;1;0;0;253124;154541;2211;22;184225;2860;75;0;1
FR;5;2022-03-04;197;488;13;0;538;14;2;0;0;253321;155029;2224;22;184763;2874;77;0;1
FR;5;2022-03-05;677;1990;8;0;2243;16;2;0;0;253998;157019;2232;22;187006;2890;79;0;1
FR;5;2022-03-06;108;260;0;0;310;0;0;0;0;254106;157279;2232;22;187316;2890;79;0;1
FR;5;2022-03-07;71;228;5;0;254;3;2;0;0;254177;157507;2237;22;187570;2893;81;0;1
FR;5;2022-03-08;46;134;7;1;141;8;3;0;0;254223;157641;2244;23;187711;2901;84;0;1
FR;5;2022-03-09;911;3078;24;0;3407;36;0;0;0;255134;160719;2268;23;191118;2937;84;0;1
FR;5;2022-03-10;82;202;9;0;215;13;3;0;0;255216;160921;2277;23;191333;2950;87;0;1
FR;5;2022-03-11;148;369;13;1;426;15;0;0;0;255364;161290;2290;24;191759;2965;87;0;1
FR;5;2022-03-12;758;1613;13;1;1977;30;0;0;0;256122;162903;2303;25;193736;2995;87;0;1
FR;5;2022-03-13;78;102;0;0;135;0;0;0;0;256200;163005;2303;25;193871;2995;87;0;1
FR;5;2022-03-14;69;119;7;1;139;7;1;0;0;256269;163124;2310;26;194010;3002;88;0;1
FR;5;2022-03-15;83;99;4;0;119;7;1;0;0;256352;163223;2314;26;194129;3009;89;0;1
FR;5;2022-03-16;882;1827;15;3;2227;36;7;0;0;257234;165050;2329;29;196356;3045;96;0;1
FR;5;2022-03-17;68;123;8;4;151;10;4;0;0;257302;165173;2337;33;196507;3055;100;0;1
FR;5;2022-03-18;172;318;13;4;391;18;4;0;0;257474;165491;2350;37;196898;3073;104;0;1
FR;5;2022-03-19;752;1163;12;5;1555;33;8;0;0;258226;166654;2362;42;198453;3106;112;0;1
FR;5;2022-03-20;45;93;1;0;119;1;0;0;0;258271;166747;2363;42;198572;3107;112;0;1
FR;5;2022-03-21;71;120;10;6;136;15;8;0;0;258342;166867;2373;48;198708;3122;120;0;1
FR;5;2022-03-22;56;119;8;7;143;9;6;0;0;258398;166986;2381;55;198851;3131;126;0;1
FR;5;2022-03-23;805;1461;14;8;1878;36;9;0;0;259203;168447;2395;63;200729;3167;135;0;1
FR;5;2022-03-24;71;93;8;7;118;7;10;0;0;259274;168540;2403;70;200847;3174;145;0;1
FR;5;2022-03-25;222;293;14;8;388;18;9;0;0;259496;168833;2417;78;201235;3192;154;0;1
FR;5;2022-03-26;707;853;12;5;1273;26;6;0;1;260203;169686;2429;83;202508;3218;160;0;2
FR;5;2022-03-27;75;81;0;0;124;3;0;0;0;260278;169767;2429;83;202632;3221;160;0;2
FR;5;2022-03-28;81;93;1;2;132;3;2;0;0;260359;169860;2430;85;202764;3224;162;0;2
FR;5;2022-03-29;71;83;10;4;114;12;5;0;0;260430;169943;2440;89;202878;3236;167;0;2
FR;5;2022-03-30;823;1116;16;13;1604;29;14;0;0;261253;171059;2456;102;204482;3265;181;0;2
FR;5;2022-03-31;102;125;1;4;173;6;4;0;0;261355;171184;2457;106;204655;3271;185;0;2
FR;5;2022-04-01;114;86;7;12;135;11;12;0;1;261469;171270;2464;118;204790;3282;197;0;3
FR;5;2022-04-02;330;349;3;3;535;15;4;0;0;261799;171619;2467;121;205325;3297;201;0;3
FR;5;2022-04-03;54;59;1;0;88;1;0;0;0;261853;171678;2468;121;205413;3298;201;0;3
FR;5;2022-04-04;40;57;4;1;70;8;2;0;0;261893;171735;2472;122;205483;3306;203;0;3
FR;5;2022-04-05;53;60;6;6;75;9;5;0;0;261946;171795;2478;128;205558;3315;208;0;3
FR;5;2022-04-06;421;439;7;14;678;16;14;0;0;262367;172234;2485;142;206236;3331;222;0;3
FR;5;2022-04-07;45;69;5;7;89;7;10;0;0;262412;172303;2490;149;206325;3338;232;0;3
FR;5;2022-04-08;134;112;12;13;175;14;15;0;0;262546;172415;2502;162;206500;3352;247;0;3
FR;5;2022-04-09;311;324;2;5;511;17;5;0;0;262857;172739;2504;167;207011;3369;252;0;3
FR;5;2022-04-10;44;31;2;0;61;2;1;0;0;262901;172770;2506;167;207072;3371;253;0;3
FR;5;2022-04-11;50;60;3;2;78;4;3;0;0;262951;172830;2509;169;207150;3375;256;0;3
FR;5;2022-04-12;59;54;3;3;78;5;3;0;0;263010;172884;2512;172;207228;3380;259;0;3
FR;5;2022-04-13;382;413;3;8;606;16;8;0;0;263392;173297;2515;180;207834;3396;267;0;3
FR;5;2022-04-14;48;53;5;5;70;9;3;0;0;263440;173350;2520;185;207904;3405;270;0;3
FR;5;2022-04-15;91;111;4;4;152;5;6;0;0;263531;173461;2524;189;208056;3410;276;0;3
FR;5;2022-04-16;188;184;2;1;265;13;1;0;0;263719;173645;2526;190;208321;3423;277;0;3
FR;5;2022-04-17;12;11;1;0;17;1;0;0;0;263731;173656;2527;190;208338;3424;277;0;3
FR;5;2022-04-18;9;10;2;0;11;3;1;0;0;263740;173666;2529;190;208349;3427;278;0;3
FR;5;2022-04-19;75;71;6;1;96;6;4;0;0;263815;173737;2535;191;208445;3433;282;0;3
FR;5;2022-04-20;361;349;9;6;521;12;7;0;0;264176;174086;2544;197;208966;3445;289;0;3
FR;5;2022-04-21;42;64;9;10;71;12;14;0;0;264218;174150;2553;207;209037;3457;303;0;3
FR;5;2022-04-22;113;96;5;4;144;5;5;0;0;264331;174246;2558;211;209181;3462;308;0;3
FR;5;2022-04-23;209;193;4;2;284;11;3;0;0;264540;174439;2562;213;209465;3473;311;0;3
FR;5;2022-04-24;37;35;0;0;50;3;0;0;0;264577;174474;2562;213;209515;3476;311;0;3
FR;5;2022-04-25;69;65;1;1;102;4;1;0;0;264646;174539;2563;214;209617;3480;312;0;3
FR;5;2022-04-26;60;63;2;1;85;5;1;0;0;264706;174602;2565;215;209702;3485;313;0;3
FR;5;2022-04-27;335;316;3;7;463;14;8;0;0;265041;174918;2568;222;210165;3499;321;0;3
FR;5;2022-04-28;81;54;4;5;81;8;7;0;0;265122;174972;2572;227;210246;3507;328;0;3
FR;5;2022-04-29;117;84;5;19;118;12;17;0;0;265239;175056;2577;246;210364;3519;345;0;3
FR;5;2022-04-30;183;114;2;3;184;10;4;0;0;265422;175170;2579;249;210548;3529;349;0;3
FR;5;2022-05-01;11;7;0;0;11;0;0;0;0;265433;175177;2579;249;210559;3529;349;0;3
FR;5;2022-05-02;52;28;4;5;48;2;7;0;0;265485;175205;2583;254;210607;3531;356;0;3
FR;5;2022-05-03;87;57;2;4;84;11;4;0;0;265572;175262;2585;258;210691;3542;360;0;3
FR;5;2022-05-04;278;205;1;2;324;7;2;0;0;265850;175467;2586;260;211015;3549;362;0;3
FR;5;2022-05-05;62;32;3;4;46;5;4;0;0;265912;175499;2589;264;211061;3554;366;0;3
FR;5;2022-05-06;105;65;2;3;106;5;3;0;0;266017;175564;2591;267;211167;3559;369;0;3
FR;5;2022-05-07;171;117;2;10;180;13;7;0;0;266188;175681;2593;277;211347;3572;376;0;3
FR;5;2022-05-08;8;8;0;0;9;2;0;0;0;266196;175689;2593;277;211356;3574;376;0;3
FR;5;2022-05-09;44;34;15;3;51;16;4;0;0;266240;175723;2608;280;211407;3590;380;0;3
FR;5;2022-05-10;54;49;3;4;67;5;5;0;0;266294;175772;2611;284;211474;3595;385;0;3
FR;5;2022-05-11;327;237;12;7;344;21;11;0;0;266621;176009;2623;291;211818;3616;396;0;3
FR;5;2022-05-12;46;34;2;2;47;2;3;0;0;266667;176043;2625;293;211865;3618;399;0;3
FR;5;2022-05-13;109;83;3;8;120;8;7;0;0;266776;176126;2628;301;211985;3626;406;0;3
FR;5;2022-05-14;209;131;0;1;212;8;0;0;0;266985;176257;2628;302;212197;3634;406;0;3
FR;5;2022-05-15;22;9;2;0;18;1;1;0;0;267007;176266;2630;302;212215;3635;407;0;3
FR;5;2022-05-16;52;34;4;5;53;4;5;0;0;267059;176300;2634;307;212268;3639;412;0;3
FR;5;2022-05-17;72;40;5;0;68;2;3;0;0;267131;176340;2639;307;212336;3641;415;0;3
FR;5;2022-05-18;289;215;4;4;330;8;6;0;0;267420;176555;2643;311;212666;3649;421;0;3
FR;5;2022-05-19;45;35;5;3;42;3;4;0;0;267465;176590;2648;314;212708;3652;425;0;3
FR;5;2022-05-20;76;63;3;10;92;1;11;0;0;267541;176653;2651;324;212800;3653;436;0;3
FR;5;2022-05-21;242;166;2;3;268;17;1;0;0;267783;176819;2653;327;213068;3670;437;0;3
FR;5;2022-05-22;20;14;2;5;20;2;6;0;0;267803;176833;2655;332;213088;3672;443;0;3
FR;5;2022-05-23;42;31;4;3;42;6;3;0;0;267845;176864;2659;335;213130;3678;446;0;3
FR;5;2022-05-24;47;45;3;2;60;5;2;0;0;267892;176909;2662;337;213190;3683;448;0;3
FR;5;2022-05-25;329;258;4;1;386;16;1;0;0;268221;177167;2666;338;213576;3699;449;0;3
FR;5;2022-05-26;17;5;0;1;9;2;0;0;1;268238;177172;2666;339;213585;3701;449;0;4
FR;5;2022-05-27;99;54;4;4;89;9;3;0;0;268337;177226;2670;343;213674;3710;452;0;4
FR;5;2022-05-28;100;78;5;3;106;10;3;0;0;268437;177304;2675;346;213780;3720;455;0;4
FR;5;2022-05-29;14;14;1;0;18;2;0;0;0;268451;177318;2676;346;213798;3722;455;0;4
FR;5;2022-05-30;56;41;2;1;54;2;2;0;0;268507;177359;2678;347;213852;3724;457;0;4
FR;5;2022-05-31;57;43;1;8;62;1;8;0;0;268564;177402;2679;355;213914;3725;465;0;4
FR;5;2022-06-01;257;241;9;2;300;25;5;0;0;268821;177643;2688;357;214214;3750;470;0;4
FR;5;2022-06-02;63;61;5;0;73;9;1;0;0;268884;177704;2693;357;214287;3759;471;0;4
FR;5;2022-06-03;82;71;4;5;88;10;6;0;0;268966;177775;2697;362;214375;3769;477;0;4
FR;5;2022-06-04;157;109;2;1;187;9;1;0;0;269123;177884;2699;363;214562;3778;478;0;4
FR;5;2022-06-05;18;11;0;0;21;1;0;0;0;269141;177895;2699;363;214583;3779;478;0;4
FR;5;2022-06-06;16;12;0;1;15;0;1;0;0;269157;177907;2699;364;214598;3779;479;0;4
FR;5;2022-06-07;50;56;1;1;76;2;1;0;0;269207;177963;2700;365;214674;3781;480;0;4
FR;5;2022-06-08;283;225;3;4;332;17;2;0;0;269490;178188;2703;369;215006;3798;482;0;4
FR;5;2022-06-09;52;41;6;3;57;7;2;0;1;269542;178229;2709;372;215063;3805;484;0;5
FR;5;2022-06-10;81;72;1;1;105;6;1;0;0;269623;178301;2710;373;215168;3811;485;0;5
FR;5;2022-06-11;173;141;3;3;202;10;4;0;0;269796;178442;2713;376;215370;3821;489;0;5
FR;5;2022-06-12;17;16;0;0;19;2;0;0;0;269813;178458;2713;376;215389;3823;489;0;5
FR;5;2022-06-13;56;47;9;3;70;10;6;0;0;269869;178505;2722;379;215459;3833;495;0;5
FR;5;2022-06-14;59;56;1;4;64;6;4;0;0;269928;178561;2723;383;215523;3839;499;0;5
FR;5;2022-06-15;266;260;5;2;363;27;1;0;0;270194;178821;2728;385;215886;3866;500;0;5
FR;5;2022-06-16;47;30;5;2;44;5;2;0;0;270241;178851;2733;387;215930;3871;502;0;5
FR;5;2022-06-17;100;67;5;5;102;10;5;0;0;270341;178918;2738;392;216032;3881;507;0;5
FR;5;2022-06-18;146;95;10;2;152;26;2;0;1;270487;179013;2748;394;216184;3907;509;0;6
FR;5;2022-06-19;26;15;0;1;18;4;1;0;0;270513;179028;2748;395;216202;3911;510;0;6
FR;5;2022-06-20;56;50;8;0;62;11;2;0;0;270569;179078;2756;395;216264;3922;512;0;6
FR;5;2022-06-21;53;73;5;3;91;7;5;0;1;270622;179151;2761;398;216355;3929;517;0;7
FR;5;2022-06-22;224;248;7;9;348;33;10;0;0;270846;179399;2768;407;216703;3962;527;0;7
FR;5;2022-06-23;50;38;2;5;43;6;6;0;0;270896;179437;2770;412;216746;3968;533;0;7
FR;5;2022-06-24;91;70;12;5;101;16;8;0;0;270987;179507;2782;417;216847;3984;541;0;7
FR;5;2022-06-25;154;124;3;7;185;14;8;0;1;271141;179631;2785;424;217032;3998;549;0;8
FR;5;2022-06-26;26;19;2;0;29;5;0;0;0;271167;179650;2787;424;217061;4003;549;0;8
FR;5;2022-06-27;57;60;5;7;78;11;9;0;0;271224;179710;2792;431;217139;4014;558;0;8
FR;5;2022-06-28;70;49;8;2;69;14;5;0;0;271294;179759;2800;433;217208;4028;563;0;8
FR;5;2022-06-29;297;268;9;21;390;34;23;0;0;271591;180027;2809;454;217598;4062;586;0;8
FR;5;2022-06-30;89;57;10;12;89;17;11;0;0;271680;180084;2819;466;217687;4079;597;0;8
FR;5;2022-07-01;127;65;7;11;118;12;11;0;2;271807;180149;2826;477;217805;4091;608;0;10
FR;5;2022-07-02;191;132;4;0;210;22;0;0;0;271998;180281;2830;477;218015;4113;608;0;10
FR;5;2022-07-03;30;25;1;0;36;4;0;0;0;272028;180306;2831;477;218051;4117;608;0;10
FR;5;2022-07-04;103;65;2;5;102;7;5;0;1;272131;180371;2833;482;218153;4124;613;0;11
FR;5;2022-07-05;104;72;3;8;107;13;8;0;1;272235;180443;2836;490;218260;4137;621;0;12
FR;5;2022-07-06;278;168;9;36;289;27;36;0;0;272513;180611;2845;526;218549;4164;657;0;12
FR;5;2022-07-07;88;69;6;9;89;13;11;0;0;272601;180680;2851;535;218638;4177;668;0;12
FR;5;2022-07-08;152;120;7;14;146;25;13;0;1;272753;180800;2858;549;218784;4202;681;0;13
FR;5;2022-07-09;116;68;1;8;100;10;8;0;0;272869;180868;2859;557;218884;4212;689;0;13
FR;5;2022-07-10;15;6;0;0;10;1;0;0;0;272884;180874;2859;557;218894;4213;689;0;13
FR;5;2022-07-11;92;72;10;2;98;19;3;0;0;272976;180946;2869;559;218992;4232;692;0;13
FR;5;2022-07-12;67;63;5;10;81;7;12;0;0;273043;181009;2874;569;219073;4239;704;0;13
FR;5;2022-07-13;169;118;10;19;196;16;23;0;0;273212;181127;2884;588;219269;4255;727;0;13
FR;5;2022-07-14;8;4;0;0;7;0;0;0;0;273220;181131;2884;588;219276;4255;727;0;13
FR;5;2022-07-15;74;66;5;14;86;15;15;0;0;273294;181197;2889;602;219362;4270;742;0;13
FR;5;2022-07-16;54;44;3;0;71;3;2;0;0;273348;181241;2892;602;219433;4273;744;0;13
FR;5;2022-07-17;10;7;3;0;10;2;2;0;0;273358;181248;2895;602;219443;4275;746;0;13
FR;5;2022-07-18;60;47;0;4;70;4;3;0;0;273418;181295;2895;606;219513;4279;749;0;13
FR;5;2022-07-19;63;42;5;3;63;7;4;0;0;273481;181337;2900;609;219576;4286;753;0;13
FR;5;2022-07-20;120;106;4;11;141;14;9;0;0;273601;181443;2904;620;219717;4300;762;0;13
FR;5;2022-07-21;38;43;2;10;52;5;10;0;0;273639;181486;2906;630;219769;4305;772;0;13
FR;5;2022-07-22;48;69;11;13;75;23;11;0;1;273687;181555;2917;643;219844;4328;783;0;14
FR;5;2022-07-23;59;78;2;1;95;11;2;0;0;273746;181633;2919;644;219939;4339;785;0;14
FR;5;2022-07-24;11;9;3;1;12;3;1;0;0;273757;181642;2922;645;219951;4342;786;0;14
FR;5;2022-07-25;53;48;2;7;57;8;8;0;0;273810;181690;2924;652;220008;4350;794;0;14
FR;5;2022-07-26;58;52;5;41;70;6;44;0;0;273868;181742;2929;693;220078;4356;838;0;14
FR;5;2022-07-27;106;118;4;4;161;13;4;0;0;273974;181860;2933;697;220239;4369;842;0;14
FR;5;2022-07-28;39;35;2;2;47;6;1;0;0;274013;181895;2935;699;220286;4375;843;0;14
FR;5;2022-07-29;56;74;3;14;90;8;10;0;0;274069;181969;2938;713;220376;4383;853;0;14
FR;5;2022-07-30;55;53;5;1;76;7;2;0;0;274124;182022;2943;714;220452;4390;855;0;14
FR;5;2022-07-31;7;11;1;0;13;1;0;0;0;274131;182033;2944;714;220465;4391;855;0;14
FR;5;2022-08-01;39;53;1;2;64;6;2;0;0;274170;182086;2945;716;220529;4397;857;0;14
FR;5;2022-08-02;32;43;8;7;47;8;7;0;1;274202;182129;2953;723;220576;4405;864;0;15
FR;5;2022-08-03;54;51;4;10;70;9;8;0;0;274256;182180;2957;733;220646;4414;872;0;15
FR;5;2022-08-04;20;18;1;6;22;1;6;0;0;274276;182198;2958;739;220668;4415;878;0;15
FR;5;2022-08-05;35;26;3;3;39;3;3;0;0;274311;182224;2961;742;220707;4418;881;0;15
FR;5;2022-08-06;23;26;1;0;31;1;0;0;0;274334;182250;2962;742;220738;4419;881;0;15
FR;5;2022-08-07;2;2;1;0;1;1;1;0;0;274336;182252;2963;742;220739;4420;882;0;15
FR;5;2022-08-08;26;19;1;2;24;2;1;0;0;274362;182271;2964;744;220763;4422;883;0;15
FR;5;2022-08-09;26;28;3;3;35;3;3;0;0;274388;182299;2967;747;220798;4425;886;0;15
FR;5;2022-08-10;47;47;2;0;56;5;0;0;0;274435;182346;2969;747;220854;4430;886;0;15
FR;5;2022-08-11;19;36;2;2;42;5;2;0;0;274454;182382;2971;749;220896;4435;888;0;15
FR;5;2022-08-12;27;28;2;0;39;2;0;0;0;274481;182410;2973;749;220935;4437;888;0;15
FR;5;2022-08-13;16;18;0;0;24;0;0;0;0;274497;182428;2973;749;220959;4437;888;0;15
FR;5;2022-08-14;2;3;0;0;4;0;0;0;0;274499;182431;2973;749;220963;4437;888;0;15
FR;5;2022-08-15;2;6;0;0;6;0;0;0;0;274501;182437;2973;749;220969;4437;888;0;15
FR;5;2022-08-16;33;26;3;0;28;6;0;0;0;274534;182463;2976;749;220997;4443;888;0;15
FR;5;2022-08-17;52;55;2;1;72;1;1;0;0;274586;182518;2978;750;221069;4444;889;0;15
FR;5;2022-08-18;26;18;8;17;25;10;16;0;0;274612;182536;2986;767;221094;4454;905;0;15
FR;5;2022-08-19;26;34;1;2;43;2;2;0;0;274638;182570;2987;769;221137;4456;907;0;15
FR;5;2022-08-20;25;27;2;1;33;4;2;0;0;274663;182597;2989;770;221170;4460;909;0;15
FR;5;2022-08-21;7;4;1;0;7;1;0;0;0;274670;182601;2990;770;221177;4461;909;0;15
FR;5;2022-08-22;39;26;1;6;42;2;5;0;1;274709;182627;2991;776;221219;4463;914;0;16
FR;5;2022-08-23;27;26;1;1;32;2;1;0;0;274736;182653;2992;777;221251;4465;915;0;16
FR;5;2022-08-24;50;43;0;0;62;0;0;0;0;274786;182696;2992;777;221313;4465;915;0;16
FR;5;2022-08-25;27;26;3;1;31;2;0;0;1;274813;182722;2995;778;221344;4467;915;0;17
FR;5;2022-08-26;48;39;7;2;58;5;4;0;0;274861;182761;3002;780;221402;4472;919;0;17
FR;5;2022-08-27;46;28;1;0;46;3;1;0;0;274907;182789;3003;780;221448;4475;920;0;17
FR;5;2022-08-28;5;7;0;0;7;0;0;0;0;274912;182796;3003;780;221455;4475;920;0;17
FR;5;2022-08-29;58;44;1;1;66;4;1;0;0;274970;182840;3004;781;221521;4479;921;0;17
FR;5;2022-08-30;45;23;12;29;40;10;30;0;1;275015;182863;3016;810;221561;4489;951;0;18
FR;5;2022-08-31;53;47;6;1;58;11;1;0;0;275068;182910;3022;811;221619;4500;952;0;18
FR;5;2022-09-01;16;8;1;4;13;1;4;0;0;275084;182918;3023;815;221632;4501;956;0;18
FR;5;2022-09-02;42;23;8;2;35;9;3;0;0;275126;182941;3031;817;221667;4510;959;0;18
FR;5;2022-09-03;69;37;2;0;58;2;0;0;0;275195;182978;3033;817;221725;4512;959;0;18
FR;5;2022-09-04;12;7;1;0;8;3;0;0;0;275207;182985;3034;817;221733;4515;959;0;18
FR;5;2022-09-05;7;4;1;0;4;1;0;0;0;275214;182989;3035;817;221737;4516;959;0;18
FR;5;2022-09-06;23;14;3;15;17;2;14;0;2;275237;183003;3038;832;221754;4518;973;0;20
FR;5;2022-09-07;79;53;1;1;76;3;1;0;0;275316;183056;3039;833;221830;4521;974;0;20
FR;5;2022-09-08;10;4;0;4;7;0;4;0;0;275326;183060;3039;837;221837;4521;978;0;20
FR;5;2022-09-09;41;11;9;2;14;10;3;0;0;275367;183071;3048;839;221851;4531;981;0;20
FR;5;2022-09-10;40;45;1;1;50;8;1;0;0;275407;183116;3049;840;221901;4539;982;0;20
FR;5;2022-09-11;3;3;0;0;3;1;0;0;0;275410;183119;3049;840;221904;4540;982;0;20
FR;5;2022-09-12;7;5;2;2;7;2;2;0;0;275417;183124;3051;842;221911;4542;984;0;20
FR;5;2022-09-13;9;6;0;1;4;3;1;0;0;275426;183130;3051;843;221915;4545;985;0;20
FR;5;2022-09-14;52;47;4;6;55;9;5;0;0;275478;183177;3055;849;221970;4554;990;0;20
FR;5;2022-09-15;11;13;2;3;11;5;3;0;0;275489;183190;3057;852;221981;4559;993;0;20
FR;5;2022-09-16;25;33;1;4;38;3;3;0;0;275514;183223;3058;856;222019;4562;996;0;20
FR;5;2022-09-17;60;43;1;1;51;5;1;0;0;275574;183266;3059;857;222070;4567;997;0;20
FR;5;2022-09-18;9;6;0;1;10;1;0;0;0;275583;183272;3059;858;222080;4568;997;0;20
FR;5;2022-09-19;22;17;2;1;20;5;2;0;0;275605;183289;3061;859;222100;4573;999;0;20
FR;5;2022-09-20;15;11;3;3;15;1;4;0;0;275620;183300;3064;862;222115;4574;1003;0;20
FR;5;2022-09-21;68;45;9;0;65;13;0;0;0;275688;183345;3073;862;222180;4587;1003;0;20
FR;5;2022-09-22;12;6;4;24;6;4;23;0;1;275700;183351;3077;886;222186;4591;1026;0;21
FR;5;2022-09-23;20;25;2;3;23;8;3;0;0;275720;183376;3079;889;222209;4599;1029;0;21
FR;5;2022-09-24;44;51;1;8;65;5;8;0;0;275764;183427;3080;897;222274;4604;1037;0;21
FR;5;2022-09-25;6;12;0;0;13;1;0;0;0;275770;183439;3080;897;222287;4605;1037;0;21
FR;5;2022-09-26;15;7;0;2;12;0;1;0;1;275785;183446;3080;899;222299;4605;1038;0;22
FR;5;2022-09-27;7;12;4;9;14;4;9;0;1;275792;183458;3084;908;222313;4609;1047;0;23
FR;5;2022-09-28;65;67;5;0;91;7;0;0;0;275857;183525;3089;908;222404;4616;1047;0;23
FR;5;2022-09-29;17;9;1;0;15;1;1;0;1;275874;183534;3090;908;222419;4617;1048;0;24
FR;5;2022-09-30;28;46;2;2;53;4;3;0;0;275902;183580;3092;910;222472;4621;1051;0;24
FR;5;2022-10-01;40;35;5;5;48;8;7;0;0;275942;183615;3097;915;222520;4629;1058;0;24
FR;5;2022-10-02;1;9;1;0;10;1;0;0;0;275943;183624;3098;915;222530;4630;1058;0;24
FR;5;2022-10-03;7;6;3;0;5;4;0;0;0;275950;183630;3101;915;222535;4634;1058;0;24
FR;5;2022-10-04;11;8;1;3;11;2;3;0;0;275961;183638;3102;918;222546;4636;1061;0;24
FR;5;2022-10-05;57;62;2;2;79;13;2;0;0;276018;183700;3104;920;222625;4649;1063;0;24
FR;5;2022-10-06;12;10;1;4;15;2;4;0;0;276030;183710;3105;924;222640;4651;1067;0;24
FR;5;2022-10-07;21;31;1;0;34;5;0;0;0;276051;183741;3106;924;222674;4656;1067;0;24
FR;5;2022-10-08;33;51;1;0;54;7;0;0;0;276084;183792;3107;924;222728;4663;1067;0;24
FR;5;2022-10-09;7;10;0;0;11;1;0;0;0;276091;183802;3107;924;222739;4664;1067;0;24
FR;5;2022-10-10;14;6;0;1;8;1;1;0;0;276105;183808;3107;925;222747;4665;1068;0;24
FR;5;2022-10-11;6;13;2;1;14;2;2;0;0;276111;183821;3109;926;222761;4667;1070;0;24
FR;5;2022-10-12;40;57;3;2;69;8;2;0;0;276151;183878;3112;928;222830;4675;1072;0;24
FR;5;2022-10-13;11;16;2;0;18;4;0;0;0;276162;183894;3114;928;222848;4679;1072;0;24
FR;5;2022-10-14;21;21;1;0;20;5;0;0;0;276183;183915;3115;928;222868;4684;1072;0;24
FR;5;2022-10-15;19;26;10;0;25;11;2;0;0;276202;183941;3125;928;222893;4695;1074;0;24
FR;5;2022-10-16;3;1;0;0;1;1;0;0;0;276205;183942;3125;928;222894;4696;1074;0;24
FR;5;2022-10-17;8;8;2;1;8;3;1;0;2;276213;183950;3127;929;222902;4699;1075;0;26
FR;5;2022-10-18;6;7;0;2;8;0;2;0;0;276219;183957;3127;931;222910;4699;1077;0;26
FR;5;2022-10-19;38;44;8;0;53;11;0;0;1;276257;184001;3135;931;222963;4710;1077;0;27
FR;5;2022-10-20;18;15;2;1;16;3;1;0;0;276275;184016;3137;932;222979;4713;1078;0;27
FR;5;2022-10-21;22;15;6;0;19;8;1;0;2;276297;184031;3143;932;222998;4721;1079;0;29
FR;5;2022-10-22;35;29;2;12;32;5;12;0;0;276332;184060;3145;944;223030;4726;1091;0;29
FR;5;2022-10-23;9;3;0;0;4;0;0;0;0;276341;184063;3145;944;223034;4726;1091;0;29
FR;5;2022-10-24;14;7;6;7;9;9;8;0;0;276355;184070;3151;951;223043;4735;1099;0;29
FR;5;2022-10-25;13;9;6;3;9;8;3;0;2;276368;184079;3157;954;223052;4743;1102;0;31
FR;5;2022-10-26;34;22;6;0;29;10;0;0;0;276402;184101;3163;954;223081;4753;1102;0;31
FR;5;2022-10-27;16;4;4;0;11;4;0;0;0;276418;184105;3167;954;223092;4757;1102;0;31
FR;5;2022-10-28;19;13;5;3;14;6;4;0;0;276437;184118;3172;957;223106;4763;1106;0;31
FR;5;2022-10-29;21;13;0;0;17;3;0;0;0;276458;184131;3172;957;223123;4766;1106;0;31
FR;5;2022-10-30;1;4;2;0;4;3;0;0;0;276459;184135;3174;957;223127;4769;1106;0;31
FR;5;2022-10-31;14;11;2;1;12;3;1;0;0;276473;184146;3176;958;223139;4772;1107;0;31
FR;5;2022-11-01;3;3;0;1;3;0;1;0;0;276476;184149;3176;959;223142;4772;1108;0;31
FR;5;2022-11-02;23;17;5;4;23;5;5;0;0;276499;184166;3181;963;223165;4777;1113;0;31
FR;5;2022-11-03;22;4;1;1;11;1;1;0;0;276521;184170;3182;964;223176;4778;1114;0;31
FR;5;2022-11-04;19;18;1;0;18;2;0;0;0;276540;184188;3183;964;223194;4780;1114;0;31
FR;5;2022-11-05;25;16;1;0;21;1;0;0;0;276565;184204;3184;964;223215;4781;1114;0;31
FR;5;2022-11-06;1;7;0;0;7;0;0;0;0;276566;184211;3184;964;223222;4781;1114;0;31
FR;5;2022-11-07;9;3;3;0;3;3;0;0;0;276575;184214;3187;964;223225;4784;1114;0;31
FR;5;2022-11-08;12;7;1;2;8;1;1;0;0;276587;184221;3188;966;223233;4785;1115;0;31
FR;5;2022-11-09;30;29;6;1;32;6;1;0;0;276617;184250;3194;967;223265;4791;1116;0;31
FR;5;2022-11-10;11;16;1;0;17;1;0;0;0;276628;184266;3195;967;223282;4792;1116;0;31
FR;5;2022-11-11;2;4;0;1;6;0;1;0;0;276630;184270;3195;968;223288;4792;1117;0;31
FR;5;2022-11-12;19;10;5;9;18;6;9;0;2;276649;184280;3200;977;223306;4798;1126;0;33
FR;5;2022-11-13;2;2;0;1;2;0;1;0;0;276651;184282;3200;978;223308;4798;1127;0;33
FR;5;2022-11-14;8;11;0;1;10;3;0;0;0;276659;184293;3200;979;223318;4801;1127;0;33
FR;5;2022-11-15;8;6;4;3;6;4;3;0;0;276667;184299;3204;982;223324;4805;1130;0;33
FR;5;2022-11-16;29;28;2;1;33;5;0;0;0;276696;184327;3206;983;223357;4810;1130;0;33
FR;5;2022-11-17;6;15;4;0;15;5;0;0;0;276702;184342;3210;983;223372;4815;1130;0;33
FR;5;2022-11-18;17;17;7;0;19;9;0;0;0;276719;184359;3217;983;223391;4824;1130;0;33
FR;5;2022-11-19;18;27;2;0;28;6;0;0;0;276737;184386;3219;983;223419;4830;1130;0;33
FR;5;2022-11-20;6;3;0;0;5;0;0;0;0;276743;184389;3219;983;223424;4830;1130;0;33
FR;5;2022-11-21;8;5;0;2;4;2;1;0;0;276751;184394;3219;985;223428;4832;1131;0;33
FR;5;2022-11-22;9;3;0;1;4;0;1;0;0;276760;184397;3219;986;223432;4832;1132;0;33
FR;5;2022-11-23;34;25;6;1;27;13;0;0;0;276794;184422;3225;987;223459;4845;1132;0;33
FR;5;2022-11-24;3;7;2;0;8;1;1;0;0;276797;184429;3227;987;223467;4846;1133;0;33
FR;5;2022-11-25;15;20;2;0;25;3;0;0;1;276812;184449;3229;987;223492;4849;1133;0;34
FR;5;2022-11-26;22;19;4;0;20;8;0;0;0;276834;184468;3233;987;223512;4857;1133;0;34
FR;5;2022-11-27;7;0;1;0;3;1;0;0;0;276841;184468;3234;987;223515;4858;1133;0;34
FR;5;2022-11-28;7;15;3;0;15;5;0;0;0;276848;184483;3237;987;223530;4863;1133;0;34
FR;5;2022-11-29;10;9;1;0;11;3;0;0;1;276858;184492;3238;987;223541;4866;1133;0;35
FR;5;2022-11-30;35;48;12;0;56;17;1;0;0;276893;184540;3250;987;223597;4883;1134;0;35
FR;5;2022-12-01;5;10;2;0;10;3;0;0;0;276898;184550;3252;987;223607;4886;1134;0;35
FR;5;2022-12-02;1;5;2;1;4;3;1;0;0;276899;184555;3254;988;223611;4889;1135;0;35
FR;5;2022-12-03;3;3;8;1;5;8;1;0;0;276902;184558;3262;989;223616;4897;1136;0;35
FR;5;2022-12-04;3;2;1;0;2;2;0;0;0;276905;184560;3263;989;223618;4899;1136;0;35
FR;5;2022-12-05;1;1;0;0;0;1;0;0;0;276906;184561;3263;989;223618;4900;1136;0;35
FR;5;2022-12-06;5;1;0;0;1;0;0;0;1;276911;184562;3263;989;223619;4900;1136;0;36
FR;5;2022-12-07;5;8;1;0;8;1;0;0;0;276916;184570;3264;989;223627;4901;1136;0;36
FR;5;2022-12-08;2;2;0;0;2;0;0;0;0;276918;184572;3264;989;223629;4901;1136;0;36
FR;5;2022-12-09;5;8;0;0;6;2;0;0;0;276923;184580;3264;989;223635;4903;1136;0;36
FR;5;2022-12-10;4;7;2;1;8;2;1;0;0;276927;184587;3266;990;223643;4905;1137;0;36
FR;5;2022-12-11;2;0;0;0;0;0;0;0;0;276929;184587;3266;990;223643;4905;1137;0;36
FR;5;2022-12-12;0;0;0;0;0;0;0;0;0;276929;184587;3266;990;223643;4905;1137;0;36
FR;5;2022-12-13;2;3;0;0;4;1;0;0;0;276931;184590;3266;990;223647;4906;1137;0;36
FR;5;2022-12-14;2;3;0;9;3;1;8;0;3;276933;184593;3266;999;223650;4907;1145;0;39
FR;5;2022-12-15;0;2;0;0;2;0;0;0;0;276933;184595;3266;999;223652;4907;1145;0;39
FR;5;2022-12-16;3;3;2;0;4;3;0;0;0;276936;184598;3268;999;223656;4910;1145;0;39
FR;5;2022-12-17;3;3;3;0;3;2;1;0;0;276939;184601;3271;999;223659;4912;1146;0;39
FR;5;2022-12-18;3;0;0;1;0;0;1;0;1;276942;184601;3271;1000;223659;4912;1147;0;40
FR;5;2022-12-19;1;0;0;2;0;0;2;0;0;276943;184601;3271;1002;223659;4912;1149;0;40
FR;5;2022-12-20;0;1;3;0;1;3;0;0;0;276943;184602;3274;1002;223660;4915;1149;0;40
FR;5;2022-12-21;2;4;0;0;4;0;0;0;0;276945;184606;3274;1002;223664;4915;1149;0;40
FR;5;2022-12-22;2;2;0;0;2;0;0;0;0;276947;184608;3274;1002;223666;4915;1149;0;40
FR;5;2022-12-23;3;1;1;0;1;1;0;0;0;276950;184609;3275;1002;223667;4916;1149;0;40
FR;5;2022-12-24;0;1;0;0;1;0;0;0;0;276950;184610;3275;1002;223668;4916;1149;0;40
FR;5;2022-12-25;0;1;2;0;0;3;0;0;0;276950;184611;3277;1002;223668;4919;1149;0;40
FR;5;2022-12-26;2;2;0;0;2;0;0;0;0;276952;184613;3277;1002;223670;4919;1149;0;40
FR;5;2022-12-27;0;3;0;0;3;0;0;0;0;276952;184616;3277;1002;223673;4919;1149;0;40
FR;5;2022-12-28;5;3;3;0;3;3;2;0;0;276957;184619;3280;1002;223676;4922;1151;0;40
FR;5;2022-12-29;3;2;2;0;3;2;0;0;0;276960;184621;3282;1002;223679;4924;1151;0;40
FR;5;2022-12-30;3;2;1;0;2;1;0;0;0;276963;184623;3283;1002;223681;4925;1151;0;40
FR;5;2022-12-31;0;0;0;0;0;0;0;0;0;276963;184623;3283;1002;223681;4925;1151;0;40
FR;5;2023-01-01;0;0;0;0;0;0;0;0;0;276963;184623;3283;1002;223681;4925;1151;0;40
FR;5;2023-01-02;1;1;1;0;1;1;0;0;0;276964;184624;3284;1002;223682;4926;1151;0;40
FR;5;2023-01-03;3;1;0;0;2;0;0;0;0;276967;184625;3284;1002;223684;4926;1151;0;40
FR;5;2023-01-04;6;1;1;0;2;1;0;0;0;276973;184626;3285;1002;223686;4927;1151;0;40
FR;5;2023-01-05;0;3;0;0;3;0;0;0;0;276973;184629;3285;1002;223689;4927;1151;0;40
FR;5;2023-01-06;2;1;1;0;1;1;0;0;0;276975;184630;3286;1002;223690;4928;1151;0;40
FR;5;2023-01-07;5;1;1;0;1;2;0;0;0;276980;184631;3287;1002;223691;4930;1151;0;40
FR;5;2023-01-08;2;2;0;0;2;0;0;0;0;276982;184633;3287;1002;223693;4930;1151;0;40
FR;5;2023-01-09;4;0;1;0;1;1;0;0;0;276986;184633;3288;1002;223694;4931;1151;0;40
FR;5;2023-01-10;3;1;0;0;2;0;0;0;0;276989;184634;3288;1002;223696;4931;1151;0;40
FR;5;2023-01-11;7;5;3;0;4;4;0;0;0;276996;184639;3291;1002;223700;4935;1151;0;40
FR;5;2023-01-12;14;6;4;0;6;6;0;0;0;277010;184645;3295;1002;223706;4941;1151;0;40
FR;5;2023-01-13;55;16;16;0;31;18;0;0;0;277065;184661;3311;1002;223737;4959;1151;0;40
FR;5;2023-01-14;56;34;13;1;34;20;2;0;0;277121;184695;3324;1003;223771;4979;1153;0;40
FR;5;2023-01-15;13;9;0;0;5;4;0;0;0;277134;184704;3324;1003;223776;4983;1153;0;40
FR;5;2023-01-16;13;8;3;0;8;3;0;0;0;277147;184712;3327;1003;223784;4986;1153;0;40
FR;5;2023-01-17;12;8;3;0;4;7;0;0;0;277159;184720;3330;1003;223788;4993;1153;0;40
FR;5;2023-01-18;71;35;21;2;46;25;2;0;0;277230;184755;3351;1005;223834;5018;1155;0;40
FR;5;2023-01-19;13;6;8;0;5;10;1;0;0;277243;184761;3359;1005;223839;5028;1156;0;40
FR;5;2023-01-20;27;17;13;0;17;18;0;0;2;277270;184778;3372;1005;223856;5046;1156;0;42
FR;5;2023-01-21;34;23;18;1;31;21;1;0;0;277304;184801;3390;1006;223887;5067;1157;0;42
FR;5;2023-01-22;6;4;2;0;4;3;0;0;0;277310;184805;3392;1006;223891;5070;1157;0;42
FR;5;2023-01-23;6;5;3;0;3;5;0;0;0;277316;184810;3395;1006;223894;5075;1157;0;42
FR;5;2023-01-24;16;3;3;0;6;4;0;0;0;277332;184813;3398;1006;223900;5079;1157;0;42
FR;5;2023-01-25;33;31;12;2;27;23;2;0;0;277365;184844;3410;1008;223927;5102;1159;0;42
FR;5;2023-01-26;6;5;4;0;6;4;0;0;0;277371;184849;3414;1008;223933;5106;1159;0;42
FR;5;2023-01-27;18;13;8;0;17;8;1;0;0;277389;184862;3422;1008;223950;5114;1160;0;42
FR;5;2023-01-28;21;8;4;3;11;6;3;0;0;277410;184870;3426;1011;223961;5120;1163;0;42
FR;5;2023-01-29;0;3;0;0;2;1;0;0;0;277410;184873;3426;1011;223963;5121;1163;0;42
FR;5;2023-01-30;7;5;3;0;4;6;0;0;0;277417;184878;3429;1011;223967;5127;1163;0;42
FR;5;2023-01-31;3;7;2;0;5;4;0;0;0;277420;184885;3431;1011;223972;5131;1163;0;42
FR;5;2023-02-01;18;18;7;1;19;8;1;0;0;277438;184903;3438;1012;223991;5139;1164;0;42
FR;5;2023-02-02;7;8;1;0;7;2;0;0;0;277445;184911;3439;1012;223998;5141;1164;0;42
FR;5;2023-02-03;15;25;6;0;26;9;0;0;0;277460;184936;3445;1012;224024;5150;1164;0;42
FR;5;2023-02-04;15;23;5;0;25;6;0;0;0;277475;184959;3450;1012;224049;5156;1164;0;42
FR;5;2023-02-05;1;2;0;1;2;1;0;0;0;277476;184961;3450;1013;224051;5157;1164;0;42
FR;5;2023-02-06;12;11;7;0;12;7;0;0;0;277488;184972;3457;1013;224063;5164;1164;0;42
FR;5;2023-02-07;6;11;2;0;10;4;0;0;0;277494;184983;3459;1013;224073;5168;1164;0;42
FR;5;2023-02-08;29;35;8;0;39;10;0;0;0;277523;185018;3467;1013;224112;5178;1164;0;42
FR;5;2023-02-09;15;7;5;0;8;5;0;0;0;277538;185025;3472;1013;224120;5183;1164;0;42
FR;5;2023-02-10;11;22;5;0;24;7;0;0;0;277549;185047;3477;1013;224144;5190;1164;0;42
FR;5;2023-02-11;12;11;3;1;15;4;0;0;0;277561;185058;3480;1014;224159;5194;1164;0;42
FR;5;2023-02-12;4;7;1;0;8;1;0;0;0;277565;185065;3481;1014;224167;5195;1164;0;42
FR;5;2023-02-13;4;6;6;0;5;7;0;0;0;277569;185071;3487;1014;224172;5202;1164;0;42
FR;5;2023-02-14;11;8;2;0;9;3;0;0;0;277580;185079;3489;1014;224181;5205;1164;0;42
FR;5;2023-02-15;27;25;4;0;27;5;0;0;0;277607;185104;3493;1014;224208;5210;1164;0;42
FR;5;2023-02-16;8;4;3;0;8;3;0;0;0;277615;185108;3496;1014;224216;5213;1164;0;42
FR;5;2023-02-17;9;5;9;0;6;9;0;0;0;277624;185113;3505;1014;224222;5222;1164;0;42
FR;5;2023-02-18;9;14;3;1;16;3;1;0;0;277633;185127;3508;1015;224238;5225;1165;0;42
FR;5;2023-02-19;0;1;0;0;1;0;0;0;0;277633;185128;3508;1015;224239;5225;1165;0;42
FR;5;2023-02-20;6;6;4;0;6;5;0;0;0;277639;185134;3512;1015;224245;5230;1165;0;42
FR;5;2023-02-21;4;6;5;0;7;5;0;0;0;277643;185140;3517;1015;224252;5235;1165;0;42
FR;5;2023-02-22;10;16;5;0;15;5;1;0;0;277653;185156;3522;1015;224267;5240;1166;0;42
FR;5;2023-02-23;5;5;2;0;5;2;0;0;0;277658;185161;3524;1015;224272;5242;1166;0;42
FR;5;2023-02-24;17;23;1;0;22;3;0;0;0;277675;185184;3525;1015;224294;5245;1166;0;42
FR;5;2023-02-25;11;9;0;0;9;0;0;0;0;277686;185193;3525;1015;224303;5245;1166;0;42
FR;5;2023-02-26;1;1;0;0;1;0;0;0;0;277687;185194;3525;1015;224304;5245;1166;0;42
FR;5;2023-02-27;7;5;2;0;5;2;0;0;0;277694;185199;3527;1015;224309;5247;1166;0;42
FR;5;2023-02-28;4;8;2;0;8;4;0;0;0;277698;185207;3529;1015;224317;5251;1166;0;42
FR;5;2023-03-01;12;25;1;0;23;3;1;0;0;277710;185232;3530;1015;224340;5254;1167;0;42
FR;5;2023-03-02;7;13;3;0;12;5;0;0;0;277717;185245;3533;1015;224352;5259;1167;0;42
FR;5;2023-03-03;11;4;3;0;8;3;1;0;0;277728;185249;3536;1015;224360;5262;1168;0;42
FR;5;2023-03-04;8;17;7;0;18;8;0;0;0;277736;185266;3543;1015;224378;5270;1168;0;42
FR;5;2023-03-05;3;3;0;0;3;0;0;0;0;277739;185269;3543;1015;224381;5270;1168;0;42
FR;5;2023-03-06;2;8;2;0;6;4;0;0;0;277741;185277;3545;1015;224387;5274;1168;0;42
FR;5;2023-03-07;2;9;4;0;9;4;0;0;0;277743;185286;3549;1015;224396;5278;1168;0;42
FR;5;2023-03-08;9;21;1;0;22;1;0;0;0;277752;185307;3550;1015;224418;5279;1168;0;42
FR;5;2023-03-09;1;6;0;0;5;1;0;0;0;277753;185313;3550;1015;224423;5280;1168;0;42
FR;5;2023-03-10;3;7;2;1;8;2;1;0;0;277756;185320;3552;1016;224431;5282;1169;0;42
FR;5;2023-03-11;5;2;0;0;4;0;0;0;0;277761;185322;3552;1016;224435;5282;1169;0;42
FR;5;2023-03-12;0;1;0;0;1;0;0;0;0;277761;185323;3552;1016;224436;5282;1169;0;42
FR;5;2023-03-13;2;2;0;0;4;0;0;0;0;277763;185325;3552;1016;224440;5282;1169;0;42
FR;5;2023-03-14;6;1;1;1;5;1;1;0;0;277769;185326;3553;1017;224445;5283;1170;0;42
FR;5;2023-03-15;7;8;2;0;12;3;0;0;0;277776;185334;3555;1017;224457;5286;1170;0;42
FR;5;2023-03-16;2;6;0;0;6;0;0;0;0;277778;185340;3555;1017;224463;5286;1170;0;42
FR;5;2023-03-17;14;15;3;0;13;4;1;0;0;277792;185355;3558;1017;224476;5290;1171;0;42
FR;5;2023-03-18;4;9;0;0;9;1;0;0;0;277796;185364;3558;1017;224485;5291;1171;0;42
FR;5;2023-03-19;0;0;0;0;0;0;0;0;0;277796;185364;3558;1017;224485;5291;1171;0;42
FR;5;2023-03-20;3;8;0;0;9;0;0;0;0;277799;185372;3558;1017;224494;5291;1171;0;42
FR;5;2023-03-21;2;7;2;2;7;2;2;0;0;277801;185379;3560;1019;224501;5293;1173;0;42
FR;5;2023-03-22;9;22;3;0;20;4;0;0;0;277810;185401;3563;1019;224521;5297;1173;0;42
FR;5;2023-03-23;2;5;1;0;5;1;0;0;0;277812;185406;3564;1019;224526;5298;1173;0;42
FR;5;2023-03-24;5;9;1;0;9;3;0;0;0;277817;185415;3565;1019;224535;5301;1173;0;42
FR;5;2023-03-25;3;8;2;0;8;2;0;0;0;277820;185423;3567;1019;224543;5303;1173;0;42
FR;5;2023-03-26;0;1;0;0;0;1;0;0;0;277820;185424;3567;1019;224543;5304;1173;0;42
FR;5;2023-03-27;3;0;1;0;1;1;0;0;0;277823;185424;3568;1019;224544;5305;1173;0;42
FR;5;2023-03-28;3;3;0;0;4;0;0;0;0;277826;185427;3568;1019;224548;5305;1173;0;42
FR;5;2023-03-29;7;16;4;0;16;6;0;0;0;277833;185443;3572;1019;224564;5311;1173;0;42
FR;5;2023-03-30;3;2;0;0;4;0;0;0;1;277836;185445;3572;1019;224568;5311;1173;0;43
FR;5;2023-03-31;3;7;2;1;7;2;1;0;0;277839;185452;3574;1020;224575;5313;1174;0;43
FR;5;2023-04-01;5;7;3;1;5;4;2;0;0;277844;185459;3577;1021;224580;5317;1176;0;43
FR;5;2023-04-02;0;1;0;0;1;0;0;0;0;277844;185460;3577;1021;224581;5317;1176;0;43
FR;5;2023-04-03;3;4;2;0;4;0;2;0;0;277847;185464;3579;1021;224585;5317;1178;0;43
FR;5;2023-04-04;1;3;0;0;3;0;0;0;0;277848;185467;3579;1021;224588;5317;1178;0;43
FR;5;2023-04-05;3;6;1;0;5;2;0;0;0;277851;185473;3580;1021;224593;5319;1178;0;43
FR;5;2023-04-06;3;3;0;0;3;0;0;0;0;277854;185476;3580;1021;224596;5319;1178;0;43
FR;5;2023-04-07;5;4;1;0;4;1;0;0;0;277859;185480;3581;1021;224600;5320;1178;0;43
FR;5;2023-04-08;6;10;1;0;10;1;0;0;0;277865;185490;3582;1021;224610;5321;1178;0;43
FR;5;2023-04-09;0;0;0;0;0;0;0;0;0;277865;185490;3582;1021;224610;5321;1178;0;43
FR;5;2023-04-10;0;0;0;0;0;0;0;0;0;277865;185490;3582;1021;224610;5321;1178;0;43
FR;5;2023-04-11;1;6;0;0;6;0;0;0;1;277866;185496;3582;1021;224616;5321;1178;0;44
FR;5;2023-04-12;4;9;1;0;9;1;0;0;0;277870;185505;3583;1021;224625;5322;1178;0;44
FR;5;2023-04-13;2;1;2;0;0;3;0;0;0;277872;185506;3585;1021;224625;5325;1178;0;44
FR;5;2023-04-14;5;5;2;0;8;2;0;0;0;277877;185511;3587;1021;224633;5327;1178;0;44
FR;5;2023-04-15;3;4;0;0;4;0;0;0;0;277880;185515;3587;1021;224637;5327;1178;0;44
FR;5;2023-04-16;1;0;0;0;0;0;0;0;0;277881;185515;3587;1021;224637;5327;1178;0;44
FR;5;2023-04-17;4;4;3;0;4;3;0;0;0;277885;185519;3590;1021;224641;5330;1178;0;44
FR;5;2023-04-18;3;2;0;0;2;0;0;0;0;277888;185521;3590;1021;224643;5330;1178;0;44
FR;6;2020-12-27;0;0;0;0;0;0;0;0;0;0;0;0;0;0;0;0;0;0
FR;6;2020-12-28;0;0;0;0;0;0;0;0;0;0;0;0;0;0;0;0;0;0
FR;6;2020-12-29;0;0;0;0;0;0;0;0;0;0;0;0;0;0;0;0;0;0
FR;6;2020-12-30;0;0;0;0;0;0;0;0;0;0;0;0;0;0;0;0;0;0
FR;6;2020-12-31;0;0;0;0;0;0;0;0;0;0;0;0;0;0;0;0;0;0
FR;6;2021-01-01;0;0;0;0;0;0;0;0;0;0;0;0;0;0;0;0;0;0
FR;6;2021-01-02;0;0;0;0;0;0;0;0;0;0;0;0;0;0;0;0;0;0
FR;6;2021-01-03;0;0;0;0;0;0;0;0;0;0;0;0;0;0;0;0;0;0
FR;6;2021-01-04;0;0;0;0;0;0;0;0;0;0;0;0;0;0;0;0;0;0
FR;6;2021-01-05;0;0;0;0;0;0;0;0;0;0;0;0;0;0;0;0;0;0
FR;6;2021-01-06;0;0;0;0;0;0;0;0;0;0;0;0;0;0;0;0;0;0
FR;6;2021-01-07;0;0;0;0;0;0;0;0;0;0;0;0;0;0;0;0;0;0
FR;6;2021-01-08;0;0;0;0;0;0;0;0;0;0;0;0;0;0;0;0;0;0
FR;6;2021-01-09;0;0;0;0;0;0;0;0;0;0;0;0;0;0;0;0;0;0
FR;6;2021-01-10;0;0;0;0;0;0;0;0;0;0;0;0;0;0;0;0;0;0
FR;6;2021-01-11;0;0;0;0;0;0;0;0;0;0;0;0;0;0;0;0;0;0
FR;6;2021-01-12;0;0;0;0;0;0;0;0;0;0;0;0;0;0;0;0;0;0
FR;6;2021-01-13;0;0;0;0;0;0;0;0;0;0;0;0;0;0;0;0;0;0
FR;6;2021-01-14;0;0;0;0;0;0;0;0;0;0;0;0;0;0;0;0;0;0
FR;6;2021-01-15;0;0;0;0;0;0;0;0;0;0;0;0;0;0;0;0;0;0
FR;6;2021-01-16;0;0;0;0;0;0;0;0;0;0;0;0;0;0;0;0;0;0
FR;6;2021-01-17;0;0;0;0;0;0;0;0;0;0;0;0;0;0;0;0;0;0
FR;6;2021-01-18;0;0;0;0;0;0;0;0;0;0;0;0;0;0;0;0;0;0
FR;6;2021-01-19;0;0;0;0;0;0;0;0;0;0;0;0;0;0;0;0;0;0
FR;6;2021-01-20;0;0;0;0;0;0;0;0;0;0;0;0;0;0;0;0;0;0
FR;6;2021-01-21;0;0;0;0;0;0;0;0;0;0;0;0;0;0;0;0;0;0
FR;6;2021-01-22;0;0;0;0;0;0;0;0;0;0;0;0;0;0;0;0;0;0
FR;6;2021-01-23;0;0;0;0;0;0;0;0;0;0;0;0;0;0;0;0;0;0
FR;6;2021-01-24;0;0;0;0;0;0;0;0;0;0;0;0;0;0;0;0;0;0
FR;6;2021-01-25;0;0;0;0;0;0;0;0;0;0;0;0;0;0;0;0;0;0
FR;6;2021-01-26;0;0;0;0;0;0;0;0;0;0;0;0;0;0;0;0;0;0
FR;6;2021-01-27;0;0;0;0;0;0;0;0;0;0;0;0;0;0;0;0;0;0
FR;6;2021-01-28;0;0;0;0;0;0;0;0;0;0;0;0;0;0;0;0;0;0
FR;6;2021-01-29;0;0;0;0;0;0;0;0;0;0;0;0;0;0;0;0;0;0
FR;6;2021-01-30;0;0;0;0;0;0;0;0;0;0;0;0;0;0;0;0;0;0
FR;6;2021-01-31;0;0;0;0;0;0;0;0;0;0;0;0;0;0;0;0;0;0
FR;6;2021-02-01;0;0;0;0;0;0;0;0;0;0;0;0;0;0;0;0;0;0
FR;6;2021-02-02;0;0;0;0;0;0;0;0;0;0;0;0;0;0;0;0;0;0
FR;6;2021-02-03;0;0;0;0;0;0;0;0;0;0;0;0;0;0;0;0;0;0
FR;6;2021-02-04;0;0;0;0;0;0;0;0;0;0;0;0;0;0;0;0;0;0
FR;6;2021-02-05;0;0;0;0;0;0;0;0;0;0;0;0;0;0;0;0;0;0
FR;6;2021-02-06;0;0;0;0;0;0;0;0;0;0;0;0;0;0;0;0;0;0
FR;6;2021-02-07;0;0;0;0;0;0;0;0;0;0;0;0;0;0;0;0;0;0
FR;6;2021-02-08;0;0;0;0;0;0;0;0;0;0;0;0;0;0;0;0;0;0
FR;6;2021-02-09;0;0;0;0;0;0;0;0;0;0;0;0;0;0;0;0;0;0
FR;6;2021-02-10;0;0;0;0;0;0;0;0;0;0;0;0;0;0;0;0;0;0
FR;6;2021-02-11;0;0;0;0;0;0;0;0;0;0;0;0;0;0;0;0;0;0
FR;6;2021-02-12;0;0;0;0;0;0;0;0;0;0;0;0;0;0;0;0;0;0
FR;6;2021-02-13;0;0;0;0;0;0;0;0;0;0;0;0;0;0;0;0;0;0
FR;6;2021-02-14;0;0;0;0;0;0;0;0;0;0;0;0;0;0;0;0;0;0
FR;6;2021-02-15;0;0;0;0;0;0;0;0;0;0;0;0;0;0;0;0;0;0
FR;6;2021-02-16;0;0;0;0;0;0;0;0;0;0;0;0;0;0;0;0;0;0
FR;6;2021-02-17;0;0;0;0;0;0;0;0;0;0;0;0;0;0;0;0;0;0
FR;6;2021-02-18;0;0;0;0;0;0;0;0;0;0;0;0;0;0;0;0;0;0
FR;6;2021-02-19;0;0;0;0;0;0;0;0;0;0;0;0;0;0;0;0;0;0
FR;6;2021-02-20;0;0;0;0;0;0;0;0;0;0;0;0;0;0;0;0;0;0
FR;6;2021-02-21;0;0;0;0;0;0;0;0;0;0;0;0;0;0;0;0;0;0
FR;6;2021-02-22;0;0;0;0;0;0;0;0;0;0;0;0;0;0;0;0;0;0
FR;6;2021-02-23;0;0;0;0;0;0;0;0;0;0;0;0;0;0;0;0;0;0
FR;6;2021-02-24;0;0;0;0;0;0;0;0;0;0;0;0;0;0;0;0;0;0
FR;6;2021-02-25;0;0;0;0;0;0;0;0;0;0;0;0;0;0;0;0;0;0
FR;6;2021-02-26;0;0;0;0;0;0;0;0;0;0;0;0;0;0;0;0;0;0
FR;6;2021-02-27;0;0;0;0;0;0;0;0;0;0;0;0;0;0;0;0;0;0
FR;6;2021-02-28;0;0;0;0;0;0;0;0;0;0;0;0;0;0;0;0;0;0
FR;6;2021-03-01;0;0;0;0;0;0;0;0;0;0;0;0;0;0;0;0;0;0
FR;6;2021-03-02;0;0;0;0;0;0;0;0;0;0;0;0;0;0;0;0;0;0
FR;6;2021-03-03;0;0;0;0;0;0;0;0;0;0;0;0;0;0;0;0;0;0
FR;6;2021-03-04;0;0;0;0;0;0;0;0;0;0;0;0;0;0;0;0;0;0
FR;6;2021-03-05;0;0;0;0;0;0;0;0;0;0;0;0;0;0;0;0;0;0
FR;6;2021-03-06;0;0;0;0;0;0;0;0;0;0;0;0;0;0;0;0;0;0
FR;6;2021-03-07;0;0;0;0;0;0;0;0;0;0;0;0;0;0;0;0;0;0
FR;6;2021-03-08;0;0;0;0;0;0;0;0;0;0;0;0;0;0;0;0;0;0
FR;6;2021-03-09;0;0;0;0;0;0;0;0;0;0;0;0;0;0;0;0;0;0
FR;6;2021-03-10;0;0;0;0;0;0;0;0;0;0;0;0;0;0;0;0;0;0
FR;6;2021-03-11;0;0;0;0;0;0;0;0;0;0;0;0;0;0;0;0;0;0
FR;6;2021-03-12;0;0;0;0;0;0;0;0;0;0;0;0;0;0;0;0;0;0
FR;6;2021-03-13;0;0;0;0;0;0;0;0;0;0;0;0;0;0;0;0;0;0
FR;6;2021-03-14;0;0;0;0;0;0;0;0;0;0;0;0;0;0;0;0;0;0
FR;6;2021-03-15;0;0;0;0;0;0;0;0;0;0;0;0;0;0;0;0;0;0
FR;6;2021-03-16;0;0;0;0;0;0;0;0;0;0;0;0;0;0;0;0;0;0
FR;6;2021-03-17;0;0;0;0;0;0;0;0;0;0;0;0;0;0;0;0;0;0
FR;6;2021-03-18;0;0;0;0;0;0;0;0;0;0;0;0;0;0;0;0;0;0
FR;6;2021-03-19;0;0;0;0;0;0;0;0;0;0;0;0;0;0;0;0;0;0
FR;6;2021-03-20;0;0;0;0;0;0;0;0;0;0;0;0;0;0;0;0;0;0
FR;6;2021-03-21;0;0;0;0;0;0;0;0;0;0;0;0;0;0;0;0;0;0
FR;6;2021-03-22;0;0;0;0;0;0;0;0;0;0;0;0;0;0;0;0;0;0
FR;6;2021-03-23;0;0;0;0;0;0;0;0;0;0;0;0;0;0;0;0;0;0
FR;6;2021-03-24;0;0;0;0;0;0;0;0;0;0;0;0;0;0;0;0;0;0
FR;6;2021-03-25;0;0;0;0;0;0;0;0;0;0;0;0;0;0;0;0;0;0
FR;6;2021-03-26;0;0;0;0;0;0;0;0;0;0;0;0;0;0;0;0;0;0
FR;6;2021-03-27;0;0;0;0;0;0;0;0;0;0;0;0;0;0;0;0;0;0
FR;6;2021-03-28;0;0;0;0;0;0;0;0;0;0;0;0;0;0;0;0;0;0
FR;6;2021-03-29;0;0;0;0;0;0;0;0;0;0;0;0;0;0;0;0;0;0
FR;6;2021-03-30;0;0;0;0;0;0;0;0;0;0;0;0;0;0;0;0;0;0
FR;6;2021-03-31;0;0;0;0;0;0;0;0;0;0;0;0;0;0;0;0;0;0
FR;6;2021-04-01;0;0;0;0;0;0;0;0;0;0;0;0;0;0;0;0;0;0
FR;6;2021-04-02;0;0;0;0;0;0;0;0;0;0;0;0;0;0;0;0;0;0
FR;6;2021-04-03;0;0;0;0;0;0;0;0;0;0;0;0;0;0;0;0;0;0
FR;6;2021-04-04;0;0;0;0;0;0;0;0;0;0;0;0;0;0;0;0;0;0
FR;6;2021-04-05;0;0;0;0;0;0;0;0;0;0;0;0;0;0;0;0;0;0
FR;6;2021-04-06;0;0;0;0;0;0;0;0;0;0;0;0;0;0;0;0;0;0
FR;6;2021-04-07;0;0;0;0;0;0;0;0;0;0;0;0;0;0;0;0;0;0
FR;6;2021-04-08;0;0;0;0;0;0;0;0;0;0;0;0;0;0;0;0;0;0
FR;6;2021-04-09;0;0;0;0;0;0;0;0;0;0;0;0;0;0;0;0;0;0
FR;6;2021-04-10;0;0;0;0;0;0;0;0;0;0;0;0;0;0;0;0;0;0
FR;6;2021-04-11;0;0;0;0;0;0;0;0;0;0;0;0;0;0;0;0;0;0
FR;6;2021-04-12;0;0;0;0;0;0;0;0;0;0;0;0;0;0;0;0;0;0
FR;6;2021-04-13;0;0;0;0;0;0;0;0;0;0;0;0;0;0;0;0;0;0
FR;6;2021-04-14;0;0;0;0;0;0;0;0;0;0;0;0;0;0;0;0;0;0
FR;6;2021-04-15;0;0;0;0;0;0;0;0;0;0;0;0;0;0;0;0;0;0
FR;6;2021-04-16;0;0;0;0;0;0;0;0;0;0;0;0;0;0;0;0;0;0
FR;6;2021-04-17;0;0;0;0;0;0;0;0;0;0;0;0;0;0;0;0;0;0
FR;6;2021-04-18;0;0;0;0;0;0;0;0;0;0;0;0;0;0;0;0;0;0
FR;6;2021-04-19;0;0;0;0;0;0;0;0;0;0;0;0;0;0;0;0;0;0
FR;6;2021-04-20;0;0;0;0;0;0;0;0;0;0;0;0;0;0;0;0;0;0
FR;6;2021-04-21;0;0;0;0;0;0;0;0;0;0;0;0;0;0;0;0;0;0
FR;6;2021-04-22;0;0;0;0;0;0;0;0;0;0;0;0;0;0;0;0;0;0
FR;6;2021-04-23;0;0;0;0;0;0;0;0;0;0;0;0;0;0;0;0;0;0
FR;6;2021-04-24;0;0;0;0;0;0;0;0;0;0;0;0;0;0;0;0;0;0
FR;6;2021-04-25;0;0;0;0;0;0;0;0;0;0;0;0;0;0;0;0;0;0
FR;6;2021-04-26;0;0;0;0;0;0;0;0;0;0;0;0;0;0;0;0;0;0
FR;6;2021-04-27;0;0;0;0;0;0;0;0;0;0;0;0;0;0;0;0;0;0
FR;6;2021-04-28;0;0;0;0;0;0;0;0;0;0;0;0;0;0;0;0;0;0
FR;6;2021-04-29;0;0;0;0;0;0;0;0;0;0;0;0;0;0;0;0;0;0
FR;6;2021-04-30;0;0;0;0;0;0;0;0;0;0;0;0;0;0;0;0;0;0
FR;6;2021-05-01;0;0;0;0;0;0;0;0;0;0;0;0;0;0;0;0;0;0
FR;6;2021-05-02;0;0;0;0;0;0;0;0;0;0;0;0;0;0;0;0;0;0
FR;6;2021-05-03;0;0;0;0;0;0;0;0;0;0;0;0;0;0;0;0;0;0
FR;6;2021-05-04;0;0;0;0;0;0;0;0;0;0;0;0;0;0;0;0;0;0
FR;6;2021-05-05;0;0;0;0;0;0;0;0;0;0;0;0;0;0;0;0;0;0
FR;6;2021-05-06;0;0;0;0;0;0;0;0;0;0;0;0;0;0;0;0;0;0
FR;6;2021-05-07;0;0;0;0;0;0;0;0;0;0;0;0;0;0;0;0;0;0
FR;6;2021-05-08;0;0;0;0;0;0;0;0;0;0;0;0;0;0;0;0;0;0
FR;6;2021-05-09;0;0;0;0;0;0;0;0;0;0;0;0;0;0;0;0;0;0
FR;6;2021-05-10;0;0;0;0;0;0;0;0;0;0;0;0;0;0;0;0;0;0
FR;6;2021-05-11;0;0;0;0;0;0;0;0;0;0;0;0;0;0;0;0;0;0
FR;6;2021-05-12;0;0;0;0;0;0;0;0;0;0;0;0;0;0;0;0;0;0
FR;6;2021-05-13;0;0;0;0;0;0;0;0;0;0;0;0;0;0;0;0;0;0
FR;6;2021-05-14;0;0;0;0;0;0;0;0;0;0;0;0;0;0;0;0;0;0
FR;6;2021-05-15;0;0;0;0;0;0;0;0;0;0;0;0;0;0;0;0;0;0
FR;6;2021-05-16;0;0;0;0;0;0;0;0;0;0;0;0;0;0;0;0;0;0
FR;6;2021-05-17;0;0;0;0;0;0;0;0;0;0;0;0;0;0;0;0;0;0
FR;6;2021-05-18;0;0;0;0;0;0;0;0;0;0;0;0;0;0;0;0;0;0
FR;6;2021-05-19;0;0;0;0;0;0;0;0;0;0;0;0;0;0;0;0;0;0
FR;6;2021-05-20;0;0;0;0;0;0;0;0;0;0;0;0;0;0;0;0;0;0
FR;6;2021-05-21;0;0;0;0;0;0;0;0;0;0;0;0;0;0;0;0;0;0
FR;6;2021-05-22;0;0;0;0;0;0;0;0;0;0;0;0;0;0;0;0;0;0
FR;6;2021-05-23;0;0;0;0;0;0;0;0;0;0;0;0;0;0;0;0;0;0
FR;6;2021-05-24;0;0;0;0;0;0;0;0;0;0;0;0;0;0;0;0;0;0
FR;6;2021-05-25;0;0;0;0;0;0;0;0;0;0;0;0;0;0;0;0;0;0
FR;6;2021-05-26;0;0;0;0;0;0;0;0;0;0;0;0;0;0;0;0;0;0
FR;6;2021-05-27;0;0;0;0;0;0;0;0;0;0;0;0;0;0;0;0;0;0
FR;6;2021-05-28;0;0;0;0;0;0;0;0;0;0;0;0;0;0;0;0;0;0
FR;6;2021-05-29;0;0;0;0;0;0;0;0;0;0;0;0;0;0;0;0;0;0
FR;6;2021-05-30;0;0;0;0;0;0;0;0;0;0;0;0;0;0;0;0;0;0
FR;6;2021-05-31;0;0;0;0;0;0;0;0;0;0;0;0;0;0;0;0;0;0
FR;6;2021-06-01;0;0;0;0;0;0;0;0;0;0;0;0;0;0;0;0;0;0
FR;6;2021-06-02;0;0;0;0;0;0;0;0;0;0;0;0;0;0;0;0;0;0
FR;6;2021-06-03;0;0;0;0;0;0;0;0;0;0;0;0;0;0;0;0;0;0
FR;6;2021-06-04;0;0;0;0;0;0;0;0;0;0;0;0;0;0;0;0;0;0
FR;6;2021-06-05;0;0;0;0;0;0;0;0;0;0;0;0;0;0;0;0;0;0
FR;6;2021-06-06;0;0;0;0;0;0;0;0;0;0;0;0;0;0;0;0;0;0
FR;6;2021-06-07;0;0;0;0;0;0;0;0;0;0;0;0;0;0;0;0;0;0
FR;6;2021-06-08;0;0;0;0;0;0;0;0;0;0;0;0;0;0;0;0;0;0
FR;6;2021-06-09;0;0;0;0;0;0;0;0;0;0;0;0;0;0;0;0;0;0
FR;6;2021-06-10;0;0;0;0;0;0;0;0;0;0;0;0;0;0;0;0;0;0
FR;6;2021-06-11;0;0;0;0;0;0;0;0;0;0;0;0;0;0;0;0;0;0
FR;6;2021-06-12;0;0;0;0;0;0;0;0;0;0;0;0;0;0;0;0;0;0
FR;6;2021-06-13;0;0;0;0;0;0;0;0;0;0;0;0;0;0;0;0;0;0
FR;6;2021-06-14;0;0;0;0;0;0;0;0;0;0;0;0;0;0;0;0;0;0
FR;6;2021-06-15;0;0;0;0;0;0;0;0;0;0;0;0;0;0;0;0;0;0
FR;6;2021-06-16;0;0;0;0;0;0;0;0;0;0;0;0;0;0;0;0;0;0
FR;6;2021-06-17;0;0;0;0;0;0;0;0;0;0;0;0;0;0;0;0;0;0
FR;6;2021-06-18;0;0;0;0;0;0;0;0;0;0;0;0;0;0;0;0;0;0
FR;6;2021-06-19;0;0;0;0;0;0;0;0;0;0;0;0;0;0;0;0;0;0
FR;6;2021-06-20;0;0;0;0;0;0;0;0;0;0;0;0;0;0;0;0;0;0
FR;6;2021-06-21;0;0;0;0;0;0;0;0;0;0;0;0;0;0;0;0;0;0
FR;6;2021-06-22;0;0;0;0;0;0;0;0;0;0;0;0;0;0;0;0;0;0
FR;6;2021-06-23;0;0;0;0;0;0;0;0;0;0;0;0;0;0;0;0;0;0
FR;6;2021-06-24;0;0;0;0;0;0;0;0;0;0;0;0;0;0;0;0;0;0
FR;6;2021-06-25;0;0;0;0;0;0;0;0;0;0;0;0;0;0;0;0;0;0
FR;6;2021-06-26;0;0;0;0;0;0;0;0;0;0;0;0;0;0;0;0;0;0
FR;6;2021-06-27;0;0;0;0;0;0;0;0;0;0;0;0;0;0;0;0;0;0
FR;6;2021-06-28;0;0;0;0;0;0;0;0;0;0;0;0;0;0;0;0;0;0
FR;6;2021-06-29;0;0;0;0;0;0;0;0;0;0;0;0;0;0;0;0;0;0
FR;6;2021-06-30;0;0;0;0;0;0;0;0;0;0;0;0;0;0;0;0;0;0
FR;6;2021-07-01;0;0;0;0;0;0;0;0;0;0;0;0;0;0;0;0;0;0
FR;6;2021-07-02;0;0;0;0;0;0;0;0;0;0;0;0;0;0;0;0;0;0
FR;6;2021-07-03;0;0;0;0;0;0;0;0;0;0;0;0;0;0;0;0;0;0
FR;6;2021-07-04;0;0;0;0;0;0;0;0;0;0;0;0;0;0;0;0;0;0
FR;6;2021-07-05;0;0;0;0;0;0;0;0;0;0;0;0;0;0;0;0;0;0
FR;6;2021-07-06;0;0;0;0;0;0;0;0;0;0;0;0;0;0;0;0;0;0
FR;6;2021-07-07;0;0;0;0;0;0;0;0;0;0;0;0;0;0;0;0;0;0
FR;6;2021-07-08;0;0;0;0;0;0;0;0;0;0;0;0;0;0;0;0;0;0
FR;6;2021-07-09;0;0;0;0;0;0;0;0;0;0;0;0;0;0;0;0;0;0
FR;6;2021-07-10;0;0;0;0;0;0;0;0;0;0;0;0;0;0;0;0;0;0
FR;6;2021-07-11;0;0;0;0;0;0;0;0;0;0;0;0;0;0;0;0;0;0
FR;6;2021-07-12;0;0;0;0;0;0;0;0;0;0;0;0;0;0;0;0;0;0
FR;6;2021-07-13;0;0;0;0;0;0;0;0;0;0;0;0;0;0;0;0;0;0
FR;6;2021-07-14;0;0;0;0;0;0;0;0;0;0;0;0;0;0;0;0;0;0
FR;6;2021-07-15;0;0;0;0;0;0;0;0;0;0;0;0;0;0;0;0;0;0
FR;6;2021-07-16;0;0;0;0;0;0;0;0;0;0;0;0;0;0;0;0;0;0
FR;6;2021-07-17;0;0;0;0;0;0;0;0;0;0;0;0;0;0;0;0;0;0
FR;6;2021-07-18;0;0;0;0;0;0;0;0;0;0;0;0;0;0;0;0;0;0
FR;6;2021-07-19;0;0;0;0;0;0;0;0;0;0;0;0;0;0;0;0;0;0
FR;6;2021-07-20;0;0;0;0;0;0;0;0;0;0;0;0;0;0;0;0;0;0
FR;6;2021-07-21;0;0;0;0;0;0;0;0;0;0;0;0;0;0;0;0;0;0
FR;6;2021-07-22;0;0;0;0;0;0;0;0;0;0;0;0;0;0;0;0;0;0
FR;6;2021-07-23;0;0;0;0;0;0;0;0;0;0;0;0;0;0;0;0;0;0
FR;6;2021-07-24;0;0;0;0;0;0;0;0;0;0;0;0;0;0;0;0;0;0
FR;6;2021-07-25;0;0;0;0;0;0;0;0;0;0;0;0;0;0;0;0;0;0
FR;6;2021-07-26;0;0;0;0;0;0;0;0;0;0;0;0;0;0;0;0;0;0
FR;6;2021-07-27;0;0;0;0;0;0;0;0;0;0;0;0;0;0;0;0;0;0
FR;6;2021-07-28;0;0;0;0;0;0;0;0;0;0;0;0;0;0;0;0;0;0
FR;6;2021-07-29;0;0;0;0;0;0;0;0;0;0;0;0;0;0;0;0;0;0
FR;6;2021-07-30;0;0;0;0;0;0;0;0;0;0;0;0;0;0;0;0;0;0
FR;6;2021-07-31;0;0;0;0;0;0;0;0;0;0;0;0;0;0;0;0;0;0
FR;6;2021-08-01;0;0;0;0;0;0;0;0;0;0;0;0;0;0;0;0;0;0
FR;6;2021-08-02;0;0;0;0;0;0;0;0;0;0;0;0;0;0;0;0;0;0
FR;6;2021-08-03;0;0;0;0;0;0;0;0;0;0;0;0;0;0;0;0;0;0
FR;6;2021-08-04;0;0;0;0;0;0;0;0;0;0;0;0;0;0;0;0;0;0
FR;6;2021-08-05;0;0;0;0;0;0;0;0;0;0;0;0;0;0;0;0;0;0
FR;6;2021-08-06;0;0;0;0;0;0;0;0;0;0;0;0;0;0;0;0;0;0
FR;6;2021-08-07;0;0;0;0;0;0;0;0;0;0;0;0;0;0;0;0;0;0
FR;6;2021-08-08;0;0;0;0;0;0;0;0;0;0;0;0;0;0;0;0;0;0
FR;6;2021-08-09;0;0;0;0;0;0;0;0;0;0;0;0;0;0;0;0;0;0
FR;6;2021-08-10;0;0;0;0;0;0;0;0;0;0;0;0;0;0;0;0;0;0
FR;6;2021-08-11;0;0;0;0;0;0;0;0;0;0;0;0;0;0;0;0;0;0
FR;6;2021-08-12;0;0;0;0;0;0;0;0;0;0;0;0;0;0;0;0;0;0
FR;6;2021-08-13;0;0;0;0;0;0;0;0;0;0;0;0;0;0;0;0;0;0
FR;6;2021-08-14;0;0;0;0;0;0;0;0;0;0;0;0;0;0;0;0;0;0
FR;6;2021-08-15;0;0;0;0;0;0;0;0;0;0;0;0;0;0;0;0;0;0
FR;6;2021-08-16;0;0;0;0;0;0;0;0;0;0;0;0;0;0;0;0;0;0
FR;6;2021-08-17;0;0;0;0;0;0;0;0;0;0;0;0;0;0;0;0;0;0
FR;6;2021-08-18;0;0;0;0;0;0;0;0;0;0;0;0;0;0;0;0;0;0
FR;6;2021-08-19;0;0;0;0;0;0;0;0;0;0;0;0;0;0;0;0;0;0
FR;6;2021-08-20;0;0;0;0;0;0;0;0;0;0;0;0;0;0;0;0;0;0
FR;6;2021-08-21;0;0;0;0;0;0;0;0;0;0;0;0;0;0;0;0;0;0
FR;6;2021-08-22;0;0;0;0;0;0;0;0;0;0;0;0;0;0;0;0;0;0
FR;6;2021-08-23;0;0;0;0;0;0;0;0;0;0;0;0;0;0;0;0;0;0
FR;6;2021-08-24;0;0;0;0;0;0;0;0;0;0;0;0;0;0;0;0;0;0
FR;6;2021-08-25;0;0;0;0;0;0;0;0;0;0;0;0;0;0;0;0;0;0
FR;6;2021-08-26;0;0;0;0;0;0;0;0;0;0;0;0;0;0;0;0;0;0
FR;6;2021-08-27;0;0;0;0;0;0;0;0;0;0;0;0;0;0;0;0;0;0
FR;6;2021-08-28;0;0;0;0;0;0;0;0;0;0;0;0;0;0;0;0;0;0
FR;6;2021-08-29;0;0;0;0;0;0;0;0;0;0;0;0;0;0;0;0;0;0
FR;6;2021-08-30;0;0;0;0;0;0;0;0;0;0;0;0;0;0;0;0;0;0
FR;6;2021-08-31;0;0;0;0;0;0;0;0;0;0;0;0;0;0;0;0;0;0
FR;6;2021-09-01;0;0;0;0;0;0;0;0;0;0;0;0;0;0;0;0;0;0
FR;6;2021-09-02;0;0;0;0;0;0;0;0;0;0;0;0;0;0;0;0;0;0
FR;6;2021-09-03;0;0;0;0;0;0;0;0;0;0;0;0;0;0;0;0;0;0
FR;6;2021-09-04;0;0;0;0;0;0;0;0;0;0;0;0;0;0;0;0;0;0
FR;6;2021-09-05;0;0;0;0;0;0;0;0;0;0;0;0;0;0;0;0;0;0
FR;6;2021-09-06;0;0;0;0;0;0;0;0;0;0;0;0;0;0;0;0;0;0
FR;6;2021-09-07;0;0;0;0;0;0;0;0;0;0;0;0;0;0;0;0;0;0
FR;6;2021-09-08;0;0;0;0;0;0;0;0;0;0;0;0;0;0;0;0;0;0
FR;6;2021-09-09;0;0;0;0;0;0;0;0;0;0;0;0;0;0;0;0;0;0
FR;6;2021-09-10;0;0;0;0;0;0;0;0;0;0;0;0;0;0;0;0;0;0
FR;6;2021-09-11;0;0;0;0;0;0;0;0;0;0;0;0;0;0;0;0;0;0
FR;6;2021-09-12;0;0;0;0;0;0;0;0;0;0;0;0;0;0;0;0;0;0
FR;6;2021-09-13;0;0;0;0;0;0;0;0;0;0;0;0;0;0;0;0;0;0
FR;6;2021-09-14;0;0;0;0;0;0;0;0;0;0;0;0;0;0;0;0;0;0
FR;6;2021-09-15;0;0;0;0;0;0;0;0;0;0;0;0;0;0;0;0;0;0
FR;6;2021-09-16;0;0;0;0;0;0;0;0;0;0;0;0;0;0;0;0;0;0
FR;6;2021-09-17;0;0;0;0;0;0;0;0;0;0;0;0;0;0;0;0;0;0
FR;6;2021-09-18;0;0;0;0;0;0;0;0;0;0;0;0;0;0;0;0;0;0
FR;6;2021-09-19;0;0;0;0;0;0;0;0;0;0;0;0;0;0;0;0;0;0
FR;6;2021-09-20;0;0;0;0;0;0;0;0;0;0;0;0;0;0;0;0;0;0
FR;6;2021-09-21;0;0;0;0;0;0;0;0;0;0;0;0;0;0;0;0;0;0
FR;6;2021-09-22;0;0;0;0;0;0;0;0;0;0;0;0;0;0;0;0;0;0
FR;6;2021-09-23;0;0;0;0;0;0;0;0;0;0;0;0;0;0;0;0;0;0
FR;6;2021-09-24;0;0;0;0;0;0;0;0;0;0;0;0;0;0;0;0;0;0
FR;6;2021-09-25;0;0;0;0;0;0;0;0;0;0;0;0;0;0;0;0;0;0
FR;6;2021-09-26;0;0;0;0;0;0;0;0;0;0;0;0;0;0;0;0;0;0
FR;6;2021-09-27;0;0;0;0;0;0;0;0;0;0;0;0;0;0;0;0;0;0
FR;6;2021-09-28;0;0;0;0;0;0;0;0;0;0;0;0;0;0;0;0;0;0
FR;6;2021-09-29;0;0;0;0;0;0;0;0;0;0;0;0;0;0;0;0;0;0
FR;6;2021-09-30;0;0;0;0;0;0;0;0;0;0;0;0;0;0;0;0;0;0
FR;6;2021-10-01;0;0;0;0;0;0;0;0;0;0;0;0;0;0;0;0;0;0
FR;6;2021-10-02;0;0;0;0;0;0;0;0;0;0;0;0;0;0;0;0;0;0
FR;6;2021-10-03;0;0;0;0;0;0;0;0;0;0;0;0;0;0;0;0;0;0
FR;6;2021-10-04;0;0;0;0;0;0;0;0;0;0;0;0;0;0;0;0;0;0
FR;6;2021-10-05;0;0;0;0;0;0;0;0;0;0;0;0;0;0;0;0;0;0
FR;6;2021-10-06;0;0;0;0;0;0;0;0;0;0;0;0;0;0;0;0;0;0
FR;6;2021-10-07;0;0;0;0;0;0;0;0;0;0;0;0;0;0;0;0;0;0
FR;6;2021-10-08;0;0;0;0;0;0;0;0;0;0;0;0;0;0;0;0;0;0
FR;6;2021-10-09;0;0;0;0;0;0;0;0;0;0;0;0;0;0;0;0;0;0
FR;6;2021-10-10;0;0;0;0;0;0;0;0;0;0;0;0;0;0;0;0;0;0
FR;6;2021-10-11;0;0;0;0;0;0;0;0;0;0;0;0;0;0;0;0;0;0
FR;6;2021-10-12;0;0;0;0;0;0;0;0;0;0;0;0;0;0;0;0;0;0
FR;6;2021-10-13;0;0;0;0;0;0;0;0;0;0;0;0;0;0;0;0;0;0
FR;6;2021-10-14;0;0;0;0;0;0;0;0;0;0;0;0;0;0;0;0;0;0
FR;6;2021-10-15;0;0;0;0;0;0;0;0;0;0;0;0;0;0;0;0;0;0
FR;6;2021-10-16;0;0;0;0;0;0;0;0;0;0;0;0;0;0;0;0;0;0
FR;6;2021-10-17;0;0;0;0;0;0;0;0;0;0;0;0;0;0;0;0;0;0
FR;6;2021-10-18;0;0;0;0;0;0;0;0;0;0;0;0;0;0;0;0;0;0
FR;6;2021-10-19;0;0;0;0;0;0;0;0;0;0;0;0;0;0;0;0;0;0
FR;6;2021-10-20;0;0;0;0;0;0;0;0;0;0;0;0;0;0;0;0;0;0
FR;6;2021-10-21;0;0;0;0;0;0;0;0;0;0;0;0;0;0;0;0;0;0
FR;6;2021-10-22;0;0;0;0;0;0;0;0;0;0;0;0;0;0;0;0;0;0
FR;6;2021-10-23;0;0;0;0;0;0;0;0;0;0;0;0;0;0;0;0;0;0
FR;6;2021-10-24;0;0;0;0;0;0;0;0;0;0;0;0;0;0;0;0;0;0
FR;6;2021-10-25;0;0;0;0;0;0;0;0;0;0;0;0;0;0;0;0;0;0
FR;6;2021-10-26;0;0;0;0;0;0;0;0;0;0;0;0;0;0;0;0;0;0
FR;6;2021-10-27;0;0;0;0;0;0;0;0;0;0;0;0;0;0;0;0;0;0
FR;6;2021-10-28;0;0;0;0;0;0;0;0;0;0;0;0;0;0;0;0;0;0
FR;6;2021-10-29;0;0;0;0;0;0;0;0;0;0;0;0;0;0;0;0;0;0
FR;6;2021-10-30;0;0;0;0;0;0;0;0;0;0;0;0;0;0;0;0;0;0
FR;6;2021-10-31;0;0;0;0;0;0;0;0;0;0;0;0;0;0;0;0;0;0
FR;6;2021-11-01;0;0;0;0;0;0;0;0;0;0;0;0;0;0;0;0;0;0
FR;6;2021-11-02;0;0;0;0;0;0;0;0;0;0;0;0;0;0;0;0;0;0
FR;6;2021-11-03;0;0;0;0;0;0;0;0;0;0;0;0;0;0;0;0;0;0
FR;6;2021-11-04;0;0;0;0;0;0;0;0;0;0;0;0;0;0;0;0;0;0
FR;6;2021-11-05;0;0;0;0;0;0;0;0;0;0;0;0;0;0;0;0;0;0
FR;6;2021-11-06;0;0;0;0;0;0;0;0;0;0;0;0;0;0;0;0;0;0
FR;6;2021-11-07;0;0;0;0;0;0;0;0;0;0;0;0;0;0;0;0;0;0
FR;6;2021-11-08;0;0;0;0;0;0;0;0;0;0;0;0;0;0;0;0;0;0
FR;6;2021-11-09;0;0;0;0;0;0;0;0;0;0;0;0;0;0;0;0;0;0
FR;6;2021-11-10;0;0;0;0;0;0;0;0;0;0;0;0;0;0;0;0;0;0
FR;6;2021-11-11;0;0;0;0;0;0;0;0;0;0;0;0;0;0;0;0;0;0
FR;6;2021-11-12;0;0;0;0;0;0;0;0;0;0;0;0;0;0;0;0;0;0
FR;6;2021-11-13;0;0;0;0;0;0;0;0;0;0;0;0;0;0;0;0;0;0
FR;6;2021-11-14;0;0;0;0;0;0;0;0;0;0;0;0;0;0;0;0;0;0
FR;6;2021-11-15;0;0;0;0;0;0;0;0;0;0;0;0;0;0;0;0;0;0
FR;6;2021-11-16;0;0;0;0;0;0;0;0;0;0;0;0;0;0;0;0;0;0
FR;6;2021-11-17;0;0;0;0;0;0;0;0;0;0;0;0;0;0;0;0;0;0
FR;6;2021-11-18;0;0;0;0;0;0;0;0;0;0;0;0;0;0;0;0;0;0
FR;6;2021-11-19;0;0;0;0;0;0;0;0;0;0;0;0;0;0;0;0;0;0
FR;6;2021-11-20;0;0;0;0;0;0;0;0;0;0;0;0;0;0;0;0;0;0
FR;6;2021-11-21;0;0;0;0;0;0;0;0;0;0;0;0;0;0;0;0;0;0
FR;6;2021-11-22;0;0;0;0;0;0;0;0;0;0;0;0;0;0;0;0;0;0
FR;6;2021-11-23;0;0;0;0;0;0;0;0;0;0;0;0;0;0;0;0;0;0
FR;6;2021-11-24;0;0;0;0;0;0;0;0;0;0;0;0;0;0;0;0;0;0
FR;6;2021-11-25;0;0;0;0;0;0;0;0;0;0;0;0;0;0;0;0;0;0
FR;6;2021-11-26;0;0;0;0;0;0;0;0;0;0;0;0;0;0;0;0;0;0
FR;6;2021-11-27;0;0;0;0;0;0;0;0;0;0;0;0;0;0;0;0;0;0
FR;6;2021-11-28;0;0;0;0;0;0;0;0;0;0;0;0;0;0;0;0;0;0
FR;6;2021-11-29;0;0;0;0;0;0;0;0;0;0;0;0;0;0;0;0;0;0
FR;6;2021-11-30;0;0;0;0;0;0;0;0;0;0;0;0;0;0;0;0;0;0
FR;6;2021-12-01;0;0;0;0;0;0;0;0;0;0;0;0;0;0;0;0;0;0
FR;6;2021-12-02;0;0;0;0;0;0;0;0;0;0;0;0;0;0;0;0;0;0
FR;6;2021-12-03;0;0;0;0;0;0;0;0;0;0;0;0;0;0;0;0;0;0
FR;6;2021-12-04;0;0;0;0;0;0;0;0;0;0;0;0;0;0;0;0;0;0
FR;6;2021-12-05;0;0;0;0;0;0;0;0;0;0;0;0;0;0;0;0;0;0
FR;6;2021-12-06;0;0;0;0;0;0;0;0;0;0;0;0;0;0;0;0;0;0
FR;6;2021-12-07;0;0;0;0;0;0;0;0;0;0;0;0;0;0;0;0;0;0
FR;6;2021-12-08;0;0;0;0;0;0;0;0;0;0;0;0;0;0;0;0;0;0
FR;6;2021-12-09;0;0;0;0;0;0;0;0;0;0;0;0;0;0;0;0;0;0
FR;6;2021-12-10;0;0;0;0;0;0;0;0;0;0;0;0;0;0;0;0;0;0
FR;6;2021-12-11;0;0;0;0;0;0;0;0;0;0;0;0;0;0;0;0;0;0
FR;6;2021-12-12;0;0;0;0;0;0;0;0;0;0;0;0;0;0;0;0;0;0
FR;6;2021-12-13;0;0;0;0;0;0;0;0;0;0;0;0;0;0;0;0;0;0
FR;6;2021-12-14;0;0;0;0;0;0;0;0;0;0;0;0;0;0;0;0;0;0
FR;6;2021-12-15;0;0;0;0;0;0;0;0;0;0;0;0;0;0;0;0;0;0
FR;6;2021-12-16;0;0;0;0;0;0;0;0;0;0;0;0;0;0;0;0;0;0
FR;6;2021-12-17;0;0;0;0;0;0;0;0;0;0;0;0;0;0;0;0;0;0
FR;6;2021-12-18;0;0;0;0;0;0;0;0;0;0;0;0;0;0;0;0;0;0
FR;6;2021-12-19;0;0;0;0;0;0;0;0;0;0;0;0;0;0;0;0;0;0
FR;6;2021-12-20;0;0;0;0;0;0;0;0;0;0;0;0;0;0;0;0;0;0
FR;6;2021-12-21;0;0;0;0;0;0;0;0;0;0;0;0;0;0;0;0;0;0
FR;6;2021-12-22;0;0;0;0;0;0;0;0;0;0;0;0;0;0;0;0;0;0
FR;6;2021-12-23;0;0;0;0;0;0;0;0;0;0;0;0;0;0;0;0;0;0
FR;6;2021-12-24;0;0;0;0;0;0;0;0;0;0;0;0;0;0;0;0;0;0
FR;6;2021-12-25;0;0;0;0;0;0;0;0;0;0;0;0;0;0;0;0;0;0
FR;6;2021-12-26;0;0;0;0;0;0;0;0;0;0;0;0;0;0;0;0;0;0
FR;6;2021-12-27;0;0;0;0;0;0;0;0;0;0;0;0;0;0;0;0;0;0
FR;6;2021-12-28;0;0;0;0;0;0;0;0;0;0;0;0;0;0;0;0;0;0
FR;6;2021-12-29;0;0;0;0;0;0;0;0;0;0;0;0;0;0;0;0;0;0
FR;6;2021-12-30;0;0;0;0;0;0;0;0;0;0;0;0;0;0;0;0;0;0
FR;6;2021-12-31;0;0;0;0;0;0;0;0;0;0;0;0;0;0;0;0;0;0
FR;6;2022-01-01;0;0;0;0;0;0;0;0;0;0;0;0;0;0;0;0;0;0
FR;6;2022-01-02;0;0;0;0;0;0;0;0;0;0;0;0;0;0;0;0;0;0
FR;6;2022-01-03;0;0;0;0;0;0;0;0;0;0;0;0;0;0;0;0;0;0
FR;6;2022-01-04;0;0;0;0;0;0;0;0;0;0;0;0;0;0;0;0;0;0
FR;6;2022-01-05;0;0;0;0;0;0;0;0;0;0;0;0;0;0;0;0;0;0
FR;6;2022-01-06;0;0;0;0;0;0;0;0;0;0;0;0;0;0;0;0;0;0
FR;6;2022-01-07;0;0;0;0;0;0;0;0;0;0;0;0;0;0;0;0;0;0
FR;6;2022-01-08;0;0;0;0;0;0;0;0;0;0;0;0;0;0;0;0;0;0
FR;6;2022-01-09;0;0;0;0;0;0;0;0;0;0;0;0;0;0;0;0;0;0
FR;6;2022-01-10;0;0;0;0;0;0;0;0;0;0;0;0;0;0;0;0;0;0
FR;6;2022-01-11;0;0;0;0;0;0;0;0;0;0;0;0;0;0;0;0;0;0
FR;6;2022-01-12;0;0;0;0;0;0;0;0;0;0;0;0;0;0;0;0;0;0
FR;6;2022-01-13;0;0;0;0;0;0;0;0;0;0;0;0;0;0;0;0;0;0
FR;6;2022-01-14;0;0;0;0;0;0;0;0;0;0;0;0;0;0;0;0;0;0
FR;6;2022-01-15;0;0;0;0;0;0;0;0;0;0;0;0;0;0;0;0;0;0
FR;6;2022-01-16;0;0;0;0;0;0;0;0;0;0;0;0;0;0;0;0;0;0
FR;6;2022-01-17;0;0;0;0;0;0;0;0;0;0;0;0;0;0;0;0;0;0
FR;6;2022-01-18;0;0;0;0;0;0;0;0;0;0;0;0;0;0;0;0;0;0
FR;6;2022-01-19;0;0;0;0;0;0;0;0;0;0;0;0;0;0;0;0;0;0
FR;6;2022-01-20;0;0;0;0;0;0;0;0;0;0;0;0;0;0;0;0;0;0
FR;6;2022-01-21;0;0;0;0;0;0;0;0;0;0;0;0;0;0;0;0;0;0
FR;6;2022-01-22;0;0;0;0;0;0;0;0;0;0;0;0;0;0;0;0;0;0
FR;6;2022-01-23;0;0;0;0;0;0;0;0;0;0;0;0;0;0;0;0;0;0
FR;6;2022-01-24;0;0;0;0;0;0;0;0;0;0;0;0;0;0;0;0;0;0
FR;6;2022-01-25;0;0;0;0;0;0;0;0;0;0;0;0;0;0;0;0;0;0
FR;6;2022-01-26;0;0;0;0;0;0;0;0;0;0;0;0;0;0;0;0;0;0
FR;6;2022-01-27;0;0;0;0;0;0;0;0;0;0;0;0;0;0;0;0;0;0
FR;6;2022-01-28;0;0;0;0;0;0;0;0;0;0;0;0;0;0;0;0;0;0
FR;6;2022-01-29;0;0;0;0;0;0;0;0;0;0;0;0;0;0;0;0;0;0
FR;6;2022-01-30;0;0;0;0;0;0;0;0;0;0;0;0;0;0;0;0;0;0
FR;6;2022-01-31;0;0;0;0;0;0;0;0;0;0;0;0;0;0;0;0;0;0
FR;6;2022-02-01;0;0;0;0;0;0;0;0;0;0;0;0;0;0;0;0;0;0
FR;6;2022-02-02;0;0;0;0;0;0;0;0;0;0;0;0;0;0;0;0;0;0
FR;6;2022-02-03;0;0;0;0;0;0;0;0;0;0;0;0;0;0;0;0;0;0
FR;6;2022-02-04;0;0;0;0;0;0;0;0;0;0;0;0;0;0;0;0;0;0
FR;6;2022-02-05;0;0;0;0;0;0;0;0;0;0;0;0;0;0;0;0;0;0
FR;6;2022-02-06;0;0;0;0;0;0;0;0;0;0;0;0;0;0;0;0;0;0
FR;6;2022-02-07;0;0;0;0;0;0;0;0;0;0;0;0;0;0;0;0;0;0
FR;6;2022-02-08;0;0;0;0;0;0;0;0;0;0;0;0;0;0;0;0;0;0
FR;6;2022-02-09;0;0;0;0;0;0;0;0;0;0;0;0;0;0;0;0;0;0
FR;6;2022-02-10;0;0;0;0;0;0;0;0;0;0;0;0;0;0;0;0;0;0
FR;6;2022-02-11;0;0;0;0;0;0;0;0;0;0;0;0;0;0;0;0;0;0
FR;6;2022-02-12;0;0;0;0;0;0;0;0;0;0;0;0;0;0;0;0;0;0
FR;6;2022-02-13;0;0;0;0;0;0;0;0;0;0;0;0;0;0;0;0;0;0
FR;6;2022-02-14;0;0;0;0;0;0;0;0;0;0;0;0;0;0;0;0;0;0
FR;6;2022-02-15;0;0;0;0;0;0;0;0;0;0;0;0;0;0;0;0;0;0
FR;6;2022-02-16;0;0;0;0;0;0;0;0;0;0;0;0;0;0;0;0;0;0
FR;6;2022-02-17;0;0;0;0;0;0;0;0;0;0;0;0;0;0;0;0;0;0
FR;6;2022-02-18;0;0;0;0;0;0;0;0;0;0;0;0;0;0;0;0;0;0
FR;6;2022-02-19;0;0;0;0;0;0;0;0;0;0;0;0;0;0;0;0;0;0
FR;6;2022-02-20;0;0;0;0;0;0;0;0;0;0;0;0;0;0;0;0;0;0
FR;6;2022-02-21;0;0;0;0;0;0;0;0;0;0;0;0;0;0;0;0;0;0
FR;6;2022-02-22;0;0;0;0;0;0;0;0;0;0;0;0;0;0;0;0;0;0
FR;6;2022-02-23;0;0;0;0;0;0;0;0;0;0;0;0;0;0;0;0;0;0
FR;6;2022-02-24;0;0;0;0;0;0;0;0;0;0;0;0;0;0;0;0;0;0
FR;6;2022-02-25;0;0;0;0;0;0;0;0;0;0;0;0;0;0;0;0;0;0
FR;6;2022-02-26;1;0;0;0;0;0;0;0;0;1;0;0;0;0;0;0;0;0
FR;6;2022-02-27;1;0;0;0;1;0;0;0;0;2;0;0;0;1;0;0;0;0
FR;6;2022-02-28;0;0;0;0;0;0;0;0;0;2;0;0;0;1;0;0;0;0
FR;6;2022-03-01;3;0;0;0;0;0;0;0;0;5;0;0;0;1;0;0;0;0
FR;6;2022-03-02;97;9;2;0;15;7;0;0;0;102;9;2;0;16;7;0;0;0
FR;6;2022-03-03;0;0;0;0;0;0;0;0;0;102;9;2;0;16;7;0;0;0
FR;6;2022-03-04;92;4;0;0;8;4;0;0;0;194;13;2;0;24;11;0;0;0
FR;6;2022-03-05;391;23;2;0;60;14;0;0;0;585;36;4;0;84;25;0;0;0
FR;6;2022-03-06;7;1;0;0;2;0;0;0;0;592;37;4;0;86;25;0;0;0
FR;6;2022-03-07;337;19;0;0;51;13;0;0;0;929;56;4;0;137;38;0;0;0
FR;6;2022-03-08;230;14;0;0;47;5;0;0;0;1159;70;4;0;184;43;0;0;0
FR;6;2022-03-09;519;29;2;0;84;21;1;0;0;1678;99;6;0;268;64;1;0;0
FR;6;2022-03-10;206;19;0;1;54;12;1;0;0;1884;118;6;1;322;76;2;0;0
FR;6;2022-03-11;331;22;6;0;53;21;0;0;0;2215;140;12;1;375;97;2;0;0
FR;6;2022-03-12;518;25;1;0;83;20;0;0;0;2733;165;13;1;458;117;2;0;0
FR;6;2022-03-13;40;2;0;0;2;1;0;0;0;2773;167;13;1;460;118;2;0;0
FR;6;2022-03-14;201;4;2;0;39;3;1;0;0;2974;171;15;1;499;121;3;0;0
FR;6;2022-03-15;112;11;2;0;28;9;0;0;0;3086;182;17;1;527;130;3;0;0
FR;6;2022-03-16;310;17;2;1;49;15;1;0;0;3396;199;19;2;576;145;4;0;0
FR;6;2022-03-17;117;6;1;2;14;4;2;0;0;3513;205;20;4;590;149;6;0;0
FR;6;2022-03-18;215;10;0;0;40;6;0;0;0;3728;215;20;4;630;155;6;0;0
FR;6;2022-03-19;307;19;2;0;90;9;0;0;0;4035;234;22;4;720;164;6;0;0
FR;6;2022-03-20;15;5;0;0;5;1;0;0;0;4050;239;22;4;725;165;6;0;0
FR;6;2022-03-21;132;23;1;0;47;4;0;0;0;4182;262;23;4;772;169;6;0;0
FR;6;2022-03-22;97;15;0;0;34;4;0;0;0;4279;277;23;4;806;173;6;0;0
FR;6;2022-03-23;226;108;3;0;154;14;1;0;0;4505;385;26;4;960;187;7;0;0
FR;6;2022-03-24;100;15;1;3;32;4;3;0;0;4605;400;27;7;992;191;10;0;0
FR;6;2022-03-25;203;141;2;1;179;15;2;0;0;4808;541;29;8;1171;206;12;0;0
FR;6;2022-03-26;331;295;7;1;385;19;1;0;0;5139;836;36;9;1556;225;13;0;0
FR;6;2022-03-27;32;30;1;0;37;1;1;0;0;5171;866;37;9;1593;226;14;0;0
FR;6;2022-03-28;201;208;8;1;234;17;3;0;0;5372;1074;45;10;1827;243;17;0;0
FR;6;2022-03-29;124;189;12;2;206;12;9;0;0;5496;1263;57;12;2033;255;26;0;0
FR;6;2022-03-30;305;476;10;2;548;22;6;0;0;5801;1739;67;14;2581;277;32;0;0
FR;6;2022-03-31;123;140;10;0;160;14;5;0;0;5924;1879;77;14;2741;291;37;0;0
FR;6;2022-04-01;195;150;11;2;178;23;3;0;0;6119;2029;88;16;2919;314;40;0;0
FR;6;2022-04-02;206;241;9;1;280;13;8;0;0;6325;2270;97;17;3199;327;48;0;0
FR;6;2022-04-03;17;21;0;0;26;1;0;0;0;6342;2291;97;17;3225;328;48;0;0
FR;6;2022-04-04;137;114;6;1;131;9;5;0;0;6479;2405;103;18;3356;337;53;0;0
FR;6;2022-04-05;146;88;15;1;105;11;8;0;0;6625;2493;118;19;3461;348;61;0;0
FR;6;2022-04-06;204;245;22;26;291;27;33;0;0;6829;2738;140;45;3752;375;94;0;0
FR;6;2022-04-07;127;96;15;9;115;17;14;0;0;6956;2834;155;54;3867;392;108;0;0
FR;6;2022-04-08;199;171;16;3;214;17;9;0;1;7155;3005;171;57;4081;409;117;0;1
FR;6;2022-04-09;145;139;6;12;171;13;4;0;0;7300;3144;177;69;4252;422;121;0;1
FR;6;2022-04-10;11;20;3;0;26;1;3;0;0;7311;3164;180;69;4278;423;124;0;1
FR;6;2022-04-11;101;106;4;0;129;5;3;0;0;7412;3270;184;69;4407;428;127;0;1
FR;6;2022-04-12;136;75;5;8;114;10;10;0;0;7548;3345;189;77;4521;438;137;0;1
FR;6;2022-04-13;162;175;7;5;208;13;8;0;0;7710;3520;196;82;4729;451;145;0;1
FR;6;2022-04-14;100;103;5;10;121;8;10;0;0;7810;3623;201;92;4850;459;155;0;1
FR;6;2022-04-15;158;149;11;7;167;19;14;0;1;7968;3772;212;99;5017;478;169;0;2
FR;6;2022-04-16;127;132;5;0;162;14;2;0;0;8095;3904;217;99;5179;492;171;0;2
FR;6;2022-04-17;8;9;4;0;10;4;0;0;0;8103;3913;221;99;5189;496;171;0;2
FR;6;2022-04-18;8;15;3;0;14;4;0;0;0;8111;3928;224;99;5203;500;171;0;2
FR;6;2022-04-19;97;112;4;3;130;3;7;0;0;8208;4040;228;102;5333;503;178;0;2
FR;6;2022-04-20;177;227;8;7;269;15;3;0;0;8385;4267;236;109;5602;518;181;0;2
FR;6;2022-04-21;111;93;8;4;110;11;7;0;0;8496;4360;244;113;5712;529;188;0;2
FR;6;2022-04-22;139;160;13;12;189;13;13;0;0;8635;4520;257;125;5901;542;201;0;2
FR;6;2022-04-23;106;129;1;1;161;7;1;0;0;8741;4649;258;126;6062;549;202;0;2
FR;6;2022-04-24;5;21;1;0;22;0;1;0;0;8746;4670;259;126;6084;549;203;0;2
FR;6;2022-04-25;90;128;3;8;151;11;9;0;0;8836;4798;262;134;6235;560;212;0;2
FR;6;2022-04-26;101;128;19;2;151;17;13;0;0;8937;4926;281;136;6386;577;225;0;2
FR;6;2022-04-27;197;159;21;1;222;27;11;0;1;9134;5085;302;137;6608;604;236;0;3
FR;6;2022-04-28;109;87;7;1;123;8;7;0;0;9243;5172;309;138;6731;612;243;0;3
FR;6;2022-04-29;191;169;16;2;215;20;6;0;0;9434;5341;325;140;6946;632;249;0;3
FR;6;2022-04-30;133;125;7;1;168;24;2;0;0;9567;5466;332;141;7114;656;251;0;3
FR;6;2022-05-01;7;6;0;0;8;0;0;0;0;9574;5472;332;141;7122;656;251;0;3
FR;6;2022-05-02;94;65;3;4;88;3;4;0;0;9668;5537;335;145;7210;659;255;0;3
FR;6;2022-05-03;136;93;11;2;125;7;9;0;0;9804;5630;346;147;7335;666;264;0;3
FR;6;2022-05-04;167;118;25;12;161;29;12;0;1;9971;5748;371;159;7496;695;276;0;4
FR;6;2022-05-05;101;70;8;3;97;12;6;0;0;10072;5818;379;162;7593;707;282;0;4
FR;6;2022-05-06;152;110;10;9;155;16;11;0;0;10224;5928;389;171;7748;723;293;0;4
FR;6;2022-05-07;139;93;13;3;136;23;8;0;0;10363;6021;402;174;7884;746;301;0;4
FR;6;2022-05-08;20;8;6;5;16;7;5;0;0;10383;6029;408;179;7900;753;306;0;4
FR;6;2022-05-09;86;78;9;7;95;13;6;0;0;10469;6107;417;186;7995;766;312;0;4
FR;6;2022-05-10;112;80;15;7;110;12;13;0;0;10581;6187;432;193;8105;778;325;0;4
FR;6;2022-05-11;130;124;11;14;163;20;6;0;0;10711;6311;443;207;8268;798;331;0;4
FR;6;2022-05-12;105;76;7;5;96;15;6;0;1;10816;6387;450;212;8364;813;337;0;5
FR;6;2022-05-13;155;97;17;21;137;22;16;0;0;10971;6484;467;233;8501;835;353;0;5
FR;6;2022-05-14;81;60;6;7;84;15;2;0;0;11052;6544;473;240;8585;850;355;0;5
FR;6;2022-05-15;12;7;0;0;14;0;0;0;0;11064;6551;473;240;8599;850;355;0;5
FR;6;2022-05-16;65;54;6;2;69;12;3;0;0;11129;6605;479;242;8668;862;358;0;5
FR;6;2022-05-17;123;77;5;7;92;11;8;0;0;11252;6682;484;249;8760;873;366;0;5
FR;6;2022-05-18;131;116;5;1;158;14;3;0;0;11383;6798;489;250;8918;887;369;0;5
FR;6;2022-05-19;124;57;6;8;96;9;8;0;0;11507;6855;495;258;9014;896;377;0;5
FR;6;2022-05-20;125;115;13;3;151;18;10;0;0;11632;6970;508;261;9165;914;387;0;5
FR;6;2022-05-21;92;69;14;3;93;12;8;0;0;11724;7039;522;264;9258;926;395;0;5
FR;6;2022-05-22;19;12;5;0;21;4;1;0;0;11743;7051;527;264;9279;930;396;0;5
FR;6;2022-05-23;77;72;4;2;90;7;2;0;0;11820;7123;531;266;9369;937;398;0;5
FR;6;2022-05-24;117;98;8;2;131;16;4;0;0;11937;7221;539;268;9500;953;402;0;5
FR;6;2022-05-25;140;129;6;3;171;11;6;0;0;12077;7350;545;271;9671;964;408;0;5
FR;6;2022-05-26;7;9;3;0;5;9;0;0;0;12084;7359;548;271;9676;973;408;0;5
FR;6;2022-05-27;127;105;15;11;136;18;18;0;1;12211;7464;563;282;9812;991;426;0;6
FR;6;2022-05-28;54;75;1;5;89;8;5;0;0;12265;7539;564;287;9901;999;431;0;6
FR;6;2022-05-29;8;10;0;0;10;1;0;0;0;12273;7549;564;287;9911;1000;431;0;6
FR;6;2022-05-30;70;70;7;4;86;4;9;0;0;12343;7619;571;291;9997;1004;440;0;6
FR;6;2022-05-31;87;102;10;2;121;14;7;0;0;12430;7721;581;293;10118;1018;447;0;6
FR;6;2022-06-01;97;89;10;1;111;11;6;0;0;12527;7810;591;294;10229;1029;453;0;6
FR;6;2022-06-02;91;60;6;3;80;9;6;0;0;12618;7870;597;297;10309;1038;459;0;6
FR;6;2022-06-03;126;102;13;7;128;21;8;0;0;12744;7972;610;304;10437;1059;467;0;6
FR;6;2022-06-04;63;51;10;0;64;12;3;0;0;12807;8023;620;304;10501;1071;470;0;6
FR;6;2022-06-05;16;15;2;1;18;4;1;0;0;12823;8038;622;305;10519;1075;471;0;6
FR;6;2022-06-06;9;6;0;0;8;0;0;0;0;12832;8044;622;305;10527;1075;471;0;6
FR;6;2022-06-07;79;90;3;4;117;8;6;0;0;12911;8134;625;309;10644;1083;477;0;6
FR;6;2022-06-08;92;110;13;5;130;20;6;0;0;13003;8244;638;314;10774;1103;483;0;6
FR;6;2022-06-09;75;81;15;3;106;15;8;0;0;13078;8325;653;317;10880;1118;491;0;6
FR;6;2022-06-10;116;93;26;10;120;22;13;0;0;13194;8418;679;327;11000;1140;504;0;6
FR;6;2022-06-11;83;62;6;10;82;12;11;0;0;13277;8480;685;337;11082;1152;515;0;6
FR;6;2022-06-12;6;14;1;0;16;2;0;0;0;13283;8494;686;337;11098;1154;515;0;6
FR;6;2022-06-13;74;59;18;1;68;7;4;0;0;13357;8553;704;338;11166;1161;519;0;6
FR;6;2022-06-14;98;100;8;5;116;16;8;0;0;13455;8653;712;343;11282;1177;527;0;6
FR;6;2022-06-15;80;86;7;8;114;15;10;0;0;13535;8739;719;351;11396;1192;537;0;6
FR;6;2022-06-16;53;40;11;7;45;14;6;0;0;13588;8779;730;358;11441;1206;543;0;6
FR;6;2022-06-17;86;85;3;13;109;11;5;0;0;13674;8864;733;371;11550;1217;548;0;6
FR;6;2022-06-18;71;62;13;0;88;21;1;0;0;13745;8926;746;371;11638;1238;549;0;6
FR;6;2022-06-19;6;6;3;0;7;4;1;0;0;13751;8932;749;371;11645;1242;550;0;6
FR;6;2022-06-20;42;41;4;1;55;6;1;0;0;13793;8973;753;372;11700;1248;551;0;6
FR;6;2022-06-21;59;73;10;7;83;17;7;0;0;13852;9046;763;379;11783;1265;558;0;6
FR;6;2022-06-22;86;85;8;2;98;17;3;0;0;13938;9131;771;381;11881;1282;561;0;6
FR;6;2022-06-23;64;39;13;7;41;15;10;0;0;14002;9170;784;388;11922;1297;571;0;6
FR;6;2022-06-24;77;85;7;14;95;20;16;0;0;14079;9255;791;402;12017;1317;587;0;6
FR;6;2022-06-25;67;61;4;3;77;8;5;0;0;14146;9316;795;405;12094;1325;592;0;6
FR;6;2022-06-26;6;7;1;0;10;1;0;0;0;14152;9323;796;405;12104;1326;592;0;6
FR;6;2022-06-27;51;50;4;9;62;12;7;0;0;14203;9373;800;414;12166;1338;599;0;6
FR;6;2022-06-28;68;47;6;3;53;15;5;0;0;14271;9420;806;417;12219;1353;604;0;6
FR;6;2022-06-29;98;117;26;37;115;19;35;0;5;14369;9537;832;454;12334;1372;639;0;11
FR;6;2022-06-30;84;60;33;10;61;12;7;0;0;14453;9597;865;464;12395;1384;646;0;11
FR;6;2022-07-01;115;94;25;33;102;18;27;0;1;14568;9691;890;497;12497;1402;673;0;12
FR;6;2022-07-02;58;67;26;2;64;37;6;0;0;14626;9758;916;499;12561;1439;679;0;12
FR;6;2022-07-03;11;4;4;3;5;4;3;0;0;14637;9762;920;502;12566;1443;682;0;12
FR;6;2022-07-04;61;43;3;23;55;13;20;0;0;14698;9805;923;525;12621;1456;702;0;12
FR;6;2022-07-05;65;53;19;67;60;27;63;0;0;14763;9858;942;592;12681;1483;765;0;12
FR;6;2022-07-06;94;64;7;11;78;12;17;0;0;14857;9922;949;603;12759;1495;782;0;12
FR;6;2022-07-07;99;79;42;37;99;14;34;0;4;14956;10001;991;640;12858;1509;816;0;16
FR;6;2022-07-08;139;87;42;27;115;10;25;0;3;15095;10088;1033;667;12973;1519;841;0;19
FR;6;2022-07-09;53;51;16;29;51;27;33;0;1;15148;10139;1049;696;13024;1546;874;0;20
FR;6;2022-07-10;3;7;8;0;9;9;0;0;0;15151;10146;1057;696;13033;1555;874;0;20
FR;6;2022-07-11;54;44;5;4;47;12;4;0;0;15205;10190;1062;700;13080;1567;878;0;20
FR;6;2022-07-12;70;72;12;23;87;12;27;0;0;15275;10262;1074;723;13167;1579;905;0;20
FR;6;2022-07-13;84;65;14;21;71;25;22;0;0;15359;10327;1088;744;13238;1604;927;0;20
FR;6;2022-07-14;4;3;1;0;4;1;0;0;0;15363;10330;1089;744;13242;1605;927;0;20
FR;6;2022-07-15;74;59;9;57;85;16;45;0;0;15437;10389;1098;801;13327;1621;972;0;20
FR;6;2022-07-16;27;31;17;0;37;17;3;0;0;15464;10420;1115;801;13364;1638;975;0;20
FR;6;2022-07-17;3;7;0;0;8;0;0;0;0;15467;10427;1115;801;13372;1638;975;0;20
FR;6;2022-07-18;37;62;11;14;60;15;14;0;6;15504;10489;1126;815;13432;1653;989;0;26
FR;6;2022-07-19;54;48;4;19;60;6;21;0;1;15558;10537;1130;834;13492;1659;1010;0;27
FR;6;2022-07-20;53;70;7;22;75;11;27;0;0;15611;10607;1137;856;13567;1670;1037;0;27
FR;6;2022-07-21;51;61;4;7;56;11;9;0;0;15662;10668;1141;863;13623;1681;1046;0;27
FR;6;2022-07-22;55;74;7;26;82;8;16;0;2;15717;10742;1148;889;13705;1689;1062;0;29
FR;6;2022-07-23;38;40;6;10;40;6;9;0;1;15755;10782;1154;899;13745;1695;1071;0;30
FR;6;2022-07-24;11;14;1;3;19;3;3;0;0;15766;10796;1155;902;13764;1698;1074;0;30
FR;6;2022-07-25;60;44;8;12;41;9;13;0;1;15826;10840;1163;914;13805;1707;1087;0;31
FR;6;2022-07-26;47;64;14;6;62;10;13;0;0;15873;10904;1177;920;13867;1717;1100;0;31
FR;6;2022-07-27;54;78;15;11;80;18;15;0;8;15927;10982;1192;931;13947;1735;1115;0;39
FR;6;2022-07-28;30;48;4;6;50;8;7;0;1;15957;11030;1196;937;13997;1743;1122;0;40
FR;6;2022-07-29;43;71;10;38;60;24;36;0;1;16000;11101;1206;975;14057;1767;1158;0;41
FR;6;2022-07-30;26;48;4;15;49;7;15;0;0;16026;11149;1210;990;14106;1774;1173;0;41
FR;6;2022-07-31;0;1;1;0;1;0;1;0;0;16026;11150;1211;990;14107;1774;1174;0;41
FR;6;2022-08-01;39;36;14;8;32;10;6;0;1;16065;11186;1225;998;14139;1784;1180;0;42
FR;6;2022-08-02;37;46;10;14;52;6;16;0;0;16102;11232;1235;1012;14191;1790;1196;0;42
FR;6;2022-08-03;29;52;7;16;53;11;19;0;0;16131;11284;1242;1028;14244;1801;1215;0;42
FR;6;2022-08-04;25;21;4;9;20;6;10;0;1;16156;11305;1246;1037;14264;1807;1225;0;43
FR;6;2022-08-05;43;45;1;7;54;5;7;0;0;16199;11350;1247;1044;14318;1812;1232;0;43
FR;6;2022-08-06;17;27;1;3;33;2;4;0;0;16216;11377;1248;1047;14351;1814;1236;0;43
FR;6;2022-08-07;1;2;0;0;2;0;0;0;0;16217;11379;1248;1047;14353;1814;1236;0;43
FR;6;2022-08-08;24;33;1;0;40;1;0;0;0;16241;11412;1249;1047;14393;1815;1236;0;43
FR;6;2022-08-09;22;30;6;3;29;3;3;0;0;16263;11442;1255;1050;14422;1818;1239;0;43
FR;6;2022-08-10;32;36;5;9;38;5;9;0;5;16295;11478;1260;1059;14460;1823;1248;0;48
FR;6;2022-08-11;32;33;1;1;40;1;0;0;1;16327;11511;1261;1060;14500;1824;1248;0;49
FR;6;2022-08-12;50;44;6;2;50;15;3;0;1;16377;11555;1267;1062;14550;1839;1251;0;50
FR;6;2022-08-13;9;20;0;0;22;1;0;0;0;16386;11575;1267;1062;14572;1840;1251;0;50
FR;6;2022-08-14;3;1;0;0;2;0;0;0;0;16389;11576;1267;1062;14574;1840;1251;0;50
FR;6;2022-08-15;2;3;1;0;4;0;1;0;0;16391;11579;1268;1062;14578;1840;1252;0;50
FR;6;2022-08-16;35;66;21;7;66;7;2;0;0;16426;11645;1289;1069;14644;1847;1254;0;50
FR;6;2022-08-17;32;44;10;9;41;10;6;0;7;16458;11689;1299;1078;14685;1857;1260;0;57
FR;6;2022-08-18;29;55;14;4;61;4;0;0;1;16487;11744;1313;1082;14746;1861;1260;0;58
FR;6;2022-08-19;30;45;5;4;47;3;2;0;1;16517;11789;1318;1086;14793;1864;1262;0;59
FR;6;2022-08-20;26;28;3;0;27;8;1;0;0;16543;11817;1321;1086;14820;1872;1263;0;59
FR;6;2022-08-21;1;5;2;0;5;0;0;0;0;16544;11822;1323;1086;14825;1872;1263;0;59
FR;6;2022-08-22;20;42;15;1;45;0;0;0;0;16564;11864;1338;1087;14870;1872;1263;0;59
FR;6;2022-08-23;34;45;6;7;47;6;4;0;2;16598;11909;1344;1094;14917;1878;1267;0;61
FR;6;2022-08-24;34;30;6;3;36;6;2;0;3;16632;11939;1350;1097;14953;1884;1269;0;64
FR;6;2022-08-25;25;27;1;1;29;5;1;0;0;16657;11966;1351;1098;14982;1889;1270;0;64
FR;6;2022-08-26;38;44;4;4;51;7;7;0;0;16695;12010;1355;1102;15033;1896;1277;0;64
FR;6;2022-08-27;19;21;7;3;22;8;4;0;0;16714;12031;1362;1105;15055;1904;1281;0;64
FR;6;2022-08-28;6;3;0;6;3;1;1;0;4;16720;12034;1362;1111;15058;1905;1282;0;68
FR;6;2022-08-29;26;22;2;6;29;3;6;0;0;16746;12056;1364;1117;15087;1908;1288;0;68
FR;6;2022-08-30;28;35;4;12;33;8;13;0;0;16774;12091;1368;1129;15120;1916;1301;0;68
FR;6;2022-08-31;35;38;2;11;46;3;12;0;0;16809;12129;1370;1140;15166;1919;1313;0;68
FR;6;2022-09-01;17;11;5;1;13;4;3;0;0;16826;12140;1375;1141;15179;1923;1316;0;68
FR;6;2022-09-02;19;14;2;1;13;3;2;0;0;16845;12154;1377;1142;15192;1926;1318;0;68
FR;6;2022-09-03;10;3;1;5;4;2;5;0;0;16855;12157;1378;1147;15196;1928;1323;0;68
FR;6;2022-09-04;4;1;0;0;1;0;0;0;0;16859;12158;1378;1147;15197;1928;1323;0;68
FR;6;2022-09-05;8;7;0;0;10;0;0;0;0;16867;12165;1378;1147;15207;1928;1323;0;68
FR;6;2022-09-06;7;9;7;12;8;6;15;0;0;16874;12174;1385;1159;15215;1934;1338;0;68
FR;6;2022-09-07;3;8;1;0;8;1;0;0;0;16877;12182;1386;1159;15223;1935;1338;0;68
FR;6;2022-09-08;6;4;0;2;3;1;2;0;0;16883;12186;1386;1161;15226;1936;1340;0;68
FR;6;2022-09-09;7;9;2;7;9;3;8;0;0;16890;12195;1388;1168;15235;1939;1348;0;68
FR;6;2022-09-10;3;4;1;0;3;1;1;0;0;16893;12199;1389;1168;15238;1940;1349;0;68
FR;6;2022-09-11;1;3;0;0;3;0;0;0;0;16894;12202;1389;1168;15241;1940;1349;0;68
FR;6;2022-09-12;10;4;1;0;3;3;0;0;0;16904;12206;1390;1168;15244;1943;1349;0;68
FR;6;2022-09-13;7;2;3;0;2;2;2;0;0;16911;12208;1393;1168;15246;1945;1351;0;68
FR;6;2022-09-14;9;8;2;0;7;4;0;0;0;16920;12216;1395;1168;15253;1949;1351;0;68
FR;6;2022-09-15;8;13;5;5;9;9;3;0;2;16928;12229;1400;1173;15262;1958;1354;0;70
FR;6;2022-09-16;25;39;1;1;47;4;1;0;2;16953;12268;1401;1174;15309;1962;1355;0;72
FR;6;2022-09-17;24;22;0;6;24;5;3;0;2;16977;12290;1401;1180;15333;1967;1358;0;74
FR;6;2022-09-18;5;4;0;0;4;1;0;0;0;16982;12294;1401;1180;15337;1968;1358;0;74
FR;6;2022-09-19;30;30;2;1;32;5;1;0;0;17012;12324;1403;1181;15369;1973;1359;0;74
FR;6;2022-09-20;34;25;1;4;30;6;2;0;1;17046;12349;1404;1185;15399;1979;1361;0;75
FR;6;2022-09-21;21;9;3;3;7;7;5;0;3;17067;12358;1407;1188;15406;1986;1366;0;78
FR;6;2022-09-22;19;28;1;22;32;3;21;0;1;17086;12386;1408;1210;15438;1989;1387;0;79
FR;6;2022-09-23;28;41;5;9;47;9;2;0;0;17114;12427;1413;1219;15485;1998;1389;0;79
FR;6;2022-09-24;16;16;4;2;21;6;2;0;0;17130;12443;1417;1221;15506;2004;1391;0;79
FR;6;2022-09-25;3;14;0;0;14;1;0;0;0;17133;12457;1417;1221;15520;2005;1391;0;79
FR;6;2022-09-26;16;13;0;18;12;5;18;0;2;17149;12470;1417;1239;15532;2010;1409;0;81
FR;6;2022-09-27;32;19;2;3;23;4;4;0;0;17181;12489;1419;1242;15555;2014;1413;0;81
FR;6;2022-09-28;27;10;9;11;16;5;17;0;2;17208;12499;1428;1253;15571;2019;1430;0;83
FR;6;2022-09-29;13;13;10;34;16;6;33;0;7;17221;12512;1438;1287;15587;2025;1463;0;90
FR;6;2022-09-30;34;24;5;6;33;5;3;0;0;17255;12536;1443;1293;15620;2030;1466;0;90
FR;6;2022-10-01;17;12;5;8;9;8;8;0;2;17272;12548;1448;1301;15629;2038;1474;0;92
FR;6;2022-10-02;4;0;0;0;1;0;0;0;0;17276;12548;1448;1301;15630;2038;1474;0;92
FR;6;2022-10-03;11;10;3;5;11;4;6;0;0;17287;12558;1451;1306;15641;2042;1480;0;92
FR;6;2022-10-04;19;17;4;28;21;3;30;0;3;17306;12575;1455;1334;15662;2045;1510;0;95
FR;6;2022-10-05;11;12;3;2;9;7;4;0;0;17317;12587;1458;1336;15671;2052;1514;0;95
FR;6;2022-10-06;19;13;4;6;17;2;10;0;0;17336;12600;1462;1342;15688;2054;1524;0;95
FR;6;2022-10-07;27;26;5;24;24;11;16;0;5;17363;12626;1467;1366;15712;2065;1540;0;100
FR;6;2022-10-08;18;13;0;0;16;0;0;0;0;17381;12639;1467;1366;15728;2065;1540;0;100
FR;6;2022-10-09;7;3;4;27;3;4;30;0;6;17388;12642;1471;1393;15731;2069;1570;0;106
FR;6;2022-10-10;15;14;1;16;16;6;13;0;0;17403;12656;1472;1409;15747;2075;1583;0;106
FR;6;2022-10-11;21;23;3;11;22;8;13;0;3;17424;12679;1475;1420;15769;2083;1596;0;109
FR;6;2022-10-12;20;16;7;19;18;3;24;0;7;17444;12695;1482;1439;15787;2086;1620;0;116
FR;6;2022-10-13;28;15;2;36;23;0;38;0;6;17472;12710;1484;1475;15810;2086;1658;0;122
FR;6;2022-10-14;29;23;5;49;23;11;45;0;13;17501;12733;1489;1524;15833;2097;1703;0;135
FR;6;2022-10-15;13;9;0;22;8;4;21;0;6;17514;12742;1489;1546;15841;2101;1724;0;141
FR;6;2022-10-16;4;5;0;6;2;3;6;0;0;17518;12747;1489;1552;15843;2104;1730;0;141
FR;6;2022-10-17;14;14;2;10;14;1;12;0;2;17532;12761;1491;1562;15857;2105;1742;0;143
FR;6;2022-10-18;12;19;9;26;19;4;18;0;11;17544;12780;1500;1588;15876;2109;1760;0;154
FR;6;2022-10-19;10;20;6;16;20;5;19;0;5;17554;12800;1506;1604;15896;2114;1779;0;159
FR;6;2022-10-20;16;15;12;57;19;5;67;0;13;17570;12815;1518;1661;15915;2119;1846;0;172
FR;6;2022-10-21;16;21;9;34;22;11;37;0;10;17586;12836;1527;1695;15937;2130;1883;0;182
FR;6;2022-10-22;19;14;1;4;17;3;4;0;0;17605;12850;1528;1699;15954;2133;1887;0;182
FR;6;2022-10-23;3;3;1;0;4;0;1;0;0;17608;12853;1529;1699;15958;2133;1888;0;182
FR;6;2022-10-24;12;14;2;7;14;6;5;0;2;17620;12867;1531;1706;15972;2139;1893;0;184
FR;6;2022-10-25;20;13;6;17;16;7;19;0;4;17640;12880;1537;1723;15988;2146;1912;0;188
FR;6;2022-10-26;17;9;4;13;12;4;15;0;5;17657;12889;1541;1736;16000;2150;1927;0;193
FR;6;2022-10-27;20;7;8;37;10;6;36;0;14;17677;12896;1549;1773;16010;2156;1963;0;207
FR;6;2022-10-28;21;27;3;4;28;6;5;0;1;17698;12923;1552;1777;16038;2162;1968;0;208
FR;6;2022-10-29;7;11;5;11;10;6;14;0;12;17705;12934;1557;1788;16048;2168;1982;0;220
FR;6;2022-10-30;2;5;0;0;5;0;0;0;0;17707;12939;1557;1788;16053;2168;1982;0;220
FR;6;2022-10-31;20;14;2;13;17;4;12;0;3;17727;12953;1559;1801;16070;2172;1994;0;223
FR;6;2022-11-01;2;1;1;0;1;1;0;0;0;17729;12954;1560;1801;16071;2173;1994;0;223
FR;6;2022-11-02;15;25;9;21;26;11;19;0;12;17744;12979;1569;1822;16097;2184;2013;0;235
FR;6;2022-11-03;17;17;11;39;20;8;43;0;9;17761;12996;1580;1861;16117;2192;2056;0;244
FR;6;2022-11-04;19;22;9;16;27;5;16;0;10;17780;13018;1589;1877;16144;2197;2072;0;254
FR;6;2022-11-05;9;16;2;4;17;4;6;0;0;17789;13034;1591;1881;16161;2201;2078;0;254
FR;6;2022-11-06;5;1;0;0;1;0;0;0;0;17794;13035;1591;1881;16162;2201;2078;0;254
FR;6;2022-11-07;18;10;6;17;12;4;18;0;11;17812;13045;1597;1898;16174;2205;2096;0;265
FR;6;2022-11-08;18;10;2;3;8;5;5;0;4;17830;13055;1599;1901;16182;2210;2101;0;269
FR;6;2022-11-09;16;22;1;6;21;4;5;0;4;17846;13077;1600;1907;16203;2214;2106;0;273
FR;6;2022-11-10;10;10;4;12;8;5;11;0;10;17856;13087;1604;1919;16211;2219;2117;0;283
FR;6;2022-11-11;4;1;0;0;1;1;0;0;0;17860;13088;1604;1919;16212;2220;2117;0;283
FR;6;2022-11-12;4;11;1;7;11;2;5;0;9;17864;13099;1605;1926;16223;2222;2122;0;292
FR;6;2022-11-13;1;1;0;1;1;0;1;0;0;17865;13100;1605;1927;16224;2222;2123;0;292
FR;6;2022-11-14;13;10;7;32;14;8;33;0;14;17878;13110;1612;1959;16238;2230;2156;0;306
FR;6;2022-11-15;7;18;1;11;16;4;7;0;2;17885;13128;1613;1970;16254;2234;2163;0;308
FR;6;2022-11-16;16;15;9;32;16;3;42;0;9;17901;13143;1622;2002;16270;2237;2205;0;317
FR;6;2022-11-17;10;8;1;29;8;2;28;0;5;17911;13151;1623;2031;16278;2239;2233;0;322
FR;6;2022-11-18;19;12;5;23;17;4;25;0;7;17930;13163;1628;2054;16295;2243;2258;0;329
FR;6;2022-11-19;5;13;0;2;11;3;2;0;1;17935;13176;1628;2056;16306;2246;2260;0;330
FR;6;2022-11-20;2;1;2;0;1;2;0;0;0;17937;13177;1630;2056;16307;2248;2260;0;330
FR;6;2022-11-21;22;13;1;14;14;6;11;0;3;17959;13190;1631;2070;16321;2254;2271;0;333
FR;6;2022-11-22;14;9;0;4;11;1;3;0;1;17973;13199;1631;2074;16332;2255;2274;0;334
FR;6;2022-11-23;14;15;15;23;17;9;31;0;8;17987;13214;1646;2097;16349;2264;2305;0;342
FR;6;2022-11-24;14;17;1;13;19;5;12;0;7;18001;13231;1647;2110;16368;2269;2317;0;349
FR;6;2022-11-25;23;15;5;50;15;5;47;0;5;18024;13246;1652;2160;16383;2274;2364;0;354
FR;6;2022-11-26;9;5;2;4;3;2;5;0;1;18033;13251;1654;2164;16386;2276;2369;0;355
FR;6;2022-11-27;1;4;0;0;4;0;0;0;0;18034;13255;1654;2164;16390;2276;2369;0;355
FR;6;2022-11-28;9;11;6;22;11;3;24;0;11;18043;13266;1660;2186;16401;2279;2393;0;366
FR;6;2022-11-29;15;10;1;12;14;1;8;0;7;18058;13276;1661;2198;16415;2280;2401;0;373
FR;6;2022-11-30;18;20;8;23;19;12;22;0;8;18076;13296;1669;2221;16434;2292;2423;0;381
FR;6;2022-12-01;12;9;7;20;11;4;24;0;9;18088;13305;1676;2241;16445;2296;2447;0;390
FR;6;2022-12-02;17;9;12;36;12;8;42;0;1;18105;13314;1688;2277;16457;2304;2489;0;391
FR;6;2022-12-03;13;3;13;20;6;5;28;0;13;18118;13317;1701;2297;16463;2309;2517;0;404
FR;6;2022-12-04;3;1;0;2;1;0;2;0;0;18121;13318;1701;2299;16464;2309;2519;0;404
FR;6;2022-12-05;11;10;7;16;10;4;19;0;8;18132;13328;1708;2315;16474;2313;2538;0;412
FR;6;2022-12-06;10;19;3;30;12;11;28;0;3;18142;13347;1711;2345;16486;2324;2566;0;415
FR;6;2022-12-07;17;8;10;56;10;8;57;0;30;18159;13355;1721;2401;16496;2332;2623;0;445
FR;6;2022-12-08;9;13;8;19;11;7;21;0;13;18168;13368;1729;2420;16507;2339;2644;0;458
FR;6;2022-12-09;15;9;5;29;12;4;30;0;6;18183;13377;1734;2449;16519;2343;2674;0;464
FR;6;2022-12-10;12;9;6;9;7;4;14;0;7;18195;13386;1740;2458;16526;2347;2688;0;471
FR;6;2022-12-11;4;2;1;0;2;1;0;0;0;18199;13388;1741;2458;16528;2348;2688;0;471
FR;6;2022-12-12;17;10;8;36;14;9;33;0;17;18216;13398;1749;2494;16542;2357;2721;0;488
FR;6;2022-12-13;17;21;12;66;16;18;65;0;14;18233;13419;1761;2560;16558;2375;2786;0;502
FR;6;2022-12-14;14;13;8;53;11;12;53;0;14;18247;13432;1769;2613;16569;2387;2839;0;516
FR;6;2022-12-15;12;15;14;38;13;9;44;0;9;18259;13447;1783;2651;16582;2396;2883;0;525
FR;6;2022-12-16;18;14;15;39;15;14;39;0;13;18277;13461;1798;2690;16597;2410;2922;0;538
FR;6;2022-12-17;11;10;15;28;9;15;29;0;8;18288;13471;1813;2718;16606;2425;2951;0;546
FR;6;2022-12-18;7;4;0;2;5;0;2;0;0;18295;13475;1813;2720;16611;2425;2953;0;546
FR;6;2022-12-19;12;8;9;29;8;12;29;0;15;18307;13483;1822;2749;16619;2437;2982;0;561
FR;6;2022-12-20;17;23;11;23;17;19;22;0;21;18324;13506;1833;2772;16636;2456;3004;0;582
FR;6;2022-12-21;23;16;9;19;13;13;17;0;5;18347;13522;1842;2791;16649;2469;3021;0;587
FR;6;2022-12-22;13;14;9;21;15;13;18;0;11;18360;13536;1851;2812;16664;2482;3039;0;598
FR;6;2022-12-23;10;19;12;7;14;18;7;0;3;18370;13555;1863;2819;16678;2500;3046;0;601
FR;6;2022-12-24;4;5;3;1;5;2;2;0;1;18374;13560;1866;2820;16683;2502;3048;0;602
FR;6;2022-12-25;0;0;0;0;0;0;0;0;0;18374;13560;1866;2820;16683;2502;3048;0;602
FR;6;2022-12-26;8;12;12;11;10;18;11;0;3;18382;13572;1878;2831;16693;2520;3059;0;605
FR;6;2022-12-27;16;13;15;8;11;19;8;0;0;18398;13585;1893;2839;16704;2539;3067;0;605
FR;6;2022-12-28;15;19;6;8;19;9;9;0;4;18413;13604;1899;2847;16723;2548;3076;0;609
FR;6;2022-12-29;15;12;7;8;10;9;9;0;7;18428;13616;1906;2855;16733;2557;3085;0;616
FR;6;2022-12-30;20;19;13;8;20;13;11;0;4;18448;13635;1919;2863;16753;2570;3096;0;620
FR;6;2022-12-31;5;2;6;1;4;7;1;0;1;18453;13637;1925;2864;16757;2577;3097;0;621
FR;6;2023-01-01;2;1;0;3;0;3;0;0;1;18455;13638;1925;2867;16757;2580;3097;0;622
FR;6;2023-01-02;9;14;2;3;10;7;3;0;0;18464;13652;1927;2870;16767;2587;3100;0;622
FR;6;2023-01-03;8;17;9;21;17;9;21;0;7;18472;13669;1936;2891;16784;2596;3121;0;629
FR;6;2023-01-04;9;10;4;10;9;8;6;0;14;18481;13679;1940;2901;16793;2604;3127;0;643
FR;6;2023-01-05;11;11;6;23;10;3;26;0;8;18492;13690;1946;2924;16803;2607;3153;0;651
FR;6;2023-01-06;16;24;15;30;21;17;29;0;15;18508;13714;1961;2954;16824;2624;3182;0;666
FR;6;2023-01-07;9;19;4;1;10;13;3;0;1;18517;13733;1965;2955;16834;2637;3185;0;667
FR;6;2023-01-08;2;7;4;11;6;4;11;0;3;18519;13740;1969;2966;16840;2641;3196;0;670
FR;6;2023-01-09;16;10;5;35;8;8;34;0;17;18535;13750;1974;3001;16848;2649;3230;0;687
FR;6;2023-01-10;13;15;13;23;13;10;26;0;9;18548;13765;1987;3024;16861;2659;3256;0;696
FR;6;2023-01-11;15;14;5;16;18;6;14;0;12;18563;13779;1992;3040;16879;2665;3270;0;708
FR;6;2023-01-12;7;13;2;5;10;3;5;0;12;18570;13792;1994;3045;16889;2668;3275;0;720
FR;6;2023-01-13;19;14;18;43;14;20;43;0;31;18589;13806;2012;3088;16903;2688;3318;0;751
FR;6;2023-01-14;20;8;6;2;9;9;2;0;0;18609;13814;2018;3090;16912;2697;3320;0;751
FR;6;2023-01-15;0;0;1;3;0;1;3;0;0;18609;13814;2019;3093;16912;2698;3323;0;751
FR;6;2023-01-16;22;12;2;1;10;6;3;0;2;18631;13826;2021;3094;16922;2704;3326;0;753
FR;6;2023-01-17;8;17;12;8;17;11;14;0;5;18639;13843;2033;3102;16939;2715;3340;0;758
FR;6;2023-01-18;22;15;9;7;17;10;8;0;1;18661;13858;2042;3109;16956;2725;3348;0;759
FR;6;2023-01-19;9;9;14;9;11;12;13;0;7;18670;13867;2056;3118;16967;2737;3361;0;766
FR;6;2023-01-20;17;13;9;32;15;7;34;0;27;18687;13880;2065;3150;16982;2744;3395;0;793
FR;6;2023-01-21;12;7;5;2;6;8;3;0;1;18699;13887;2070;3152;16988;2752;3398;0;794
FR;6;2023-01-22;0;0;1;1;0;1;1;0;0;18699;13887;2071;3153;16988;2753;3399;0;794
FR;6;2023-01-23;9;9;5;11;8;5;11;0;3;18708;13896;2076;3164;16996;2758;3410;0;797
FR;6;2023-01-24;14;15;15;13;15;14;18;0;6;18722;13911;2091;3177;17011;2772;3428;0;803
FR;6;2023-01-25;15;7;5;3;6;6;4;0;4;18737;13918;2096;3180;17017;2778;3432;0;807
FR;6;2023-01-26;13;15;3;11;12;8;13;0;9;18750;13933;2099;3191;17029;2786;3445;0;816
FR;6;2023-01-27;21;17;7;34;22;7;29;0;29;18771;13950;2106;3225;17051;2793;3474;0;845
FR;6;2023-01-28;15;15;7;4;17;6;5;0;1;18786;13965;2113;3229;17068;2799;3479;0;846
FR;6;2023-01-29;1;4;0;0;3;1;0;0;0;18787;13969;2113;3229;17071;2800;3479;0;846
FR;6;2023-01-30;2;15;8;4;15;8;3;0;8;18789;13984;2121;3233;17086;2808;3482;0;854
FR;6;2023-01-31;9;8;5;8;8;5;8;0;5;18798;13992;2126;3241;17094;2813;3490;0;859
FR;6;2023-02-01;20;18;4;4;17;4;8;0;4;18818;14010;2130;3245;17111;2817;3498;0;863
FR;6;2023-02-02;8;10;9;1;10;10;1;0;1;18826;14020;2139;3246;17121;2827;3499;0;864
FR;6;2023-02-03;16;15;11;18;16;11;19;0;13;18842;14035;2150;3264;17137;2838;3518;0;877
FR;6;2023-02-04;6;9;9;7;11;9;8;0;2;18848;14044;2159;3271;17148;2847;3526;0;879
FR;6;2023-02-05;0;0;0;4;0;0;4;0;0;18848;14044;2159;3275;17148;2847;3530;0;879
FR;6;2023-02-06;10;16;1;4;15;5;4;0;0;18858;14060;2160;3279;17163;2852;3534;0;879
FR;6;2023-02-07;8;9;4;8;9;7;7;0;3;18866;14069;2164;3287;17172;2859;3541;0;882
FR;6;2023-02-08;7;3;3;2;2;6;1;0;1;18873;14072;2167;3289;17174;2865;3542;0;883
FR;6;2023-02-09;6;11;1;6;8;8;2;0;2;18879;14083;2168;3295;17182;2873;3544;0;885
FR;6;2023-02-10;13;21;6;12;15;15;11;0;2;18892;14104;2174;3307;17197;2888;3555;0;887
FR;6;2023-02-11;12;8;7;4;9;3;9;0;5;18904;14112;2181;3311;17206;2891;3564;0;892
FR;6;2023-02-12;0;1;0;0;1;0;0;0;0;18904;14113;2181;3311;17207;2891;3564;0;892
FR;6;2023-02-13;5;6;0;0;6;1;0;0;0;18909;14119;2181;3311;17213;2892;3564;0;892
FR;6;2023-02-14;12;13;3;15;15;4;14;0;0;18921;14132;2184;3326;17228;2896;3578;0;892
FR;6;2023-02-15;8;11;3;2;11;2;2;0;4;18929;14143;2187;3328;17239;2898;3580;0;896
FR;6;2023-02-16;17;8;1;3;18;1;3;0;4;18946;14151;2188;3331;17257;2899;3583;0;900
FR;6;2023-02-17;9;15;3;9;12;8;9;0;5;18955;14166;2191;3340;17269;2907;3592;0;905
FR;6;2023-02-18;10;6;1;1;7;1;1;0;0;18965;14172;2192;3341;17276;2908;3593;0;905
FR;6;2023-02-19;0;0;0;0;0;0;0;0;0;18965;14172;2192;3341;17276;2908;3593;0;905
FR;6;2023-02-20;10;8;3;2;9;5;1;0;0;18975;14180;2195;3343;17285;2913;3594;0;905
FR;6;2023-02-21;9;8;8;5;6;7;8;0;1;18984;14188;2203;3348;17291;2920;3602;0;906
FR;6;2023-02-22;4;13;1;3;13;3;3;0;5;18988;14201;2204;3351;17304;2923;3605;0;911
FR;6;2023-02-23;7;11;6;2;10;6;4;0;1;18995;14212;2210;3353;17314;2929;3609;0;912
FR;6;2023-02-24;9;13;5;21;14;5;19;0;15;19004;14225;2215;3374;17328;2934;3628;0;927
FR;6;2023-02-25;4;5;1;1;6;1;1;0;0;19008;14230;2216;3375;17334;2935;3629;0;927
FR;6;2023-02-26;0;1;0;0;0;1;0;0;0;19008;14231;2216;3375;17334;2936;3629;0;927
FR;6;2023-02-27;10;8;3;1;3;9;0;0;2;19018;14239;2219;3376;17337;2945;3629;0;929
FR;6;2023-02-28;3;8;4;4;9;3;6;0;0;19021;14247;2223;3380;17346;2948;3635;0;929
FR;6;2023-03-01;6;10;3;2;10;4;2;0;0;19027;14257;2226;3382;17356;2952;3637;0;929
FR;6;2023-03-02;8;7;1;3;7;3;2;0;5;19035;14264;2227;3385;17363;2955;3639;0;934
FR;6;2023-03-03;14;12;5;7;11;9;6;0;7;19049;14276;2232;3392;17374;2964;3645;0;941
FR;6;2023-03-04;8;14;1;0;13;3;0;0;0;19057;14290;2233;3392;17387;2967;3645;0;941
FR;6;2023-03-05;4;0;0;0;0;0;0;0;0;19061;14290;2233;3392;17387;2967;3645;0;941
FR;6;2023-03-06;8;12;0;1;11;2;0;0;1;19069;14302;2233;3393;17398;2969;3645;0;942
FR;6;2023-03-07;4;6;0;1;4;3;0;0;5;19073;14308;2233;3394;17402;2972;3645;0;947
FR;6;2023-03-08;3;7;2;0;7;2;0;0;0;19076;14315;2235;3394;17409;2974;3645;0;947
FR;6;2023-03-09;7;6;0;1;6;2;1;0;0;19083;14321;2235;3395;17415;2976;3646;0;947
FR;6;2023-03-10;9;9;2;9;9;2;9;0;9;19092;14330;2237;3404;17424;2978;3655;0;956
FR;6;2023-03-11;13;12;2;0;12;2;2;0;0;19105;14342;2239;3404;17436;2980;3657;0;956
FR;6;2023-03-12;2;0;0;0;1;0;0;0;0;19107;14342;2239;3404;17437;2980;3657;0;956
FR;6;2023-03-13;7;12;4;1;13;2;1;0;2;19114;14354;2243;3405;17450;2982;3658;0;958
FR;6;2023-03-14;5;12;2;0;8;6;0;0;0;19119;14366;2245;3405;17458;2988;3658;0;958
FR;6;2023-03-15;6;4;2;3;5;3;3;0;1;19125;14370;2247;3408;17463;2991;3661;0;959
FR;6;2023-03-16;9;5;2;0;5;3;0;0;0;19134;14375;2249;3408;17468;2994;3661;0;959
FR;6;2023-03-17;10;12;5;5;8;8;5;0;3;19144;14387;2254;3413;17476;3002;3666;0;962
FR;6;2023-03-18;6;2;2;0;3;2;0;0;0;19150;14389;2256;3413;17479;3004;3666;0;962
FR;6;2023-03-19;0;0;1;0;0;0;0;0;0;19150;14389;2257;3413;17479;3004;3666;0;962
FR;6;2023-03-20;2;6;3;7;5;4;5;0;4;19152;14395;2260;3420;17484;3008;3671;0;966
FR;6;2023-03-21;2;1;5;2;1;3;4;0;0;19154;14396;2265;3422;17485;3011;3675;0;966
FR;6;2023-03-22;1;4;3;0;4;3;0;0;3;19155;14400;2268;3422;17489;3014;3675;0;969
FR;6;2023-03-23;3;4;3;2;4;3;2;0;0;19158;14404;2271;3424;17493;3017;3677;0;969
FR;6;2023-03-24;3;9;6;0;9;7;0;0;0;19161;14413;2277;3424;17502;3024;3677;0;969
FR;6;2023-03-25;10;7;0;0;9;0;0;0;0;19171;14420;2277;3424;17511;3024;3677;0;969
FR;6;2023-03-26;0;0;0;0;0;0;0;0;0;19171;14420;2277;3424;17511;3024;3677;0;969
FR;6;2023-03-27;6;9;2;2;8;4;1;0;0;19177;14429;2279;3426;17519;3028;3678;0;969
FR;6;2023-03-28;8;4;2;2;6;2;2;0;2;19185;14433;2281;3428;17525;3030;3680;0;971
FR;6;2023-03-29;4;1;2;0;1;2;0;0;0;19189;14434;2283;3428;17526;3032;3680;0;971
FR;6;2023-03-30;4;7;1;0;5;3;0;0;0;19193;14441;2284;3428;17531;3035;3680;0;971
FR;6;2023-03-31;1;3;3;3;3;3;1;0;7;19194;14444;2287;3431;17534;3038;3681;0;978
FR;6;2023-04-01;5;11;0;0;11;1;0;0;3;19199;14455;2287;3431;17545;3039;3681;0;981
FR;6;2023-04-02;0;0;0;0;0;0;0;0;0;19199;14455;2287;3431;17545;3039;3681;0;981
FR;6;2023-04-03;5;8;0;1;10;0;1;0;2;19204;14463;2287;3432;17555;3039;3682;0;983
FR;6;2023-04-04;5;10;2;4;8;3;5;0;6;19209;14473;2289;3436;17563;3042;3687;0;989
FR;6;2023-04-05;0;7;3;0;7;3;0;0;2;19209;14480;2292;3436;17570;3045;3687;0;991
FR;6;2023-04-06;3;6;4;1;3;7;1;0;2;19212;14486;2296;3437;17573;3052;3688;0;993
FR;6;2023-04-07;11;8;2;0;9;4;0;0;0;19223;14494;2298;3437;17582;3056;3688;0;993
FR;6;2023-04-08;2;1;3;0;1;3;0;0;0;19225;14495;2301;3437;17583;3059;3688;0;993
FR;6;2023-04-09;0;0;0;0;0;0;0;0;0;19225;14495;2301;3437;17583;3059;3688;0;993
FR;6;2023-04-10;0;0;0;0;0;0;0;0;0;19225;14495;2301;3437;17583;3059;3688;0;993
FR;6;2023-04-11;3;8;1;0;6;3;0;0;0;19228;14503;2302;3437;17589;3062;3688;0;993
FR;6;2023-04-12;3;4;2;0;5;2;0;0;4;19231;14507;2304;3437;17594;3064;3688;0;997
FR;6;2023-04-13;1;4;0;0;3;1;0;0;2;19232;14511;2304;3437;17597;3065;3688;0;999
FR;6;2023-04-14;4;5;0;0;5;0;0;0;1;19236;14516;2304;3437;17602;3065;3688;0;1000
FR;6;2023-04-15;7;2;1;1;4;1;1;0;0;19243;14518;2305;3438;17606;3066;3689;0;1000
FR;6;2023-04-16;0;2;0;0;1;1;0;0;0;19243;14520;2305;3438;17607;3067;3689;0;1000
FR;6;2023-04-17;4;8;2;0;8;2;0;0;0;19247;14528;2307;3438;17615;3069;3689;0;1000
FR;6;2023-04-18;3;2;1;0;2;1;0;0;1;19250;14530;2308;3438;17617;3070;3689;0;1001
FR;8;2020-12-27;0;0;0;0;0;0;0;0;0;0;0;0;0;0;0;0;0;0
FR;8;2020-12-28;0;0;0;0;0;0;0;0;0;0;0;0;0;0;0;0;0;0
FR;8;2020-12-29;0;0;0;0;0;0;0;0;0;0;0;0;0;0;0;0;0;0
FR;8;2020-12-30;0;0;0;0;0;0;0;0;0;0;0;0;0;0;0;0;0;0
FR;8;2020-12-31;0;0;0;0;0;0;0;0;0;0;0;0;0;0;0;0;0;0
FR;8;2021-01-01;0;0;0;0;0;0;0;0;0;0;0;0;0;0;0;0;0;0
FR;8;2021-01-02;0;0;0;0;0;0;0;0;0;0;0;0;0;0;0;0;0;0
FR;8;2021-01-03;0;0;0;0;0;0;0;0;0;0;0;0;0;0;0;0;0;0
FR;8;2021-01-04;0;0;0;0;0;0;0;0;0;0;0;0;0;0;0;0;0;0
FR;8;2021-01-05;0;0;0;0;0;0;0;0;0;0;0;0;0;0;0;0;0;0
FR;8;2021-01-06;0;0;0;0;0;0;0;0;0;0;0;0;0;0;0;0;0;0
FR;8;2021-01-07;0;0;0;0;0;0;0;0;0;0;0;0;0;0;0;0;0;0
FR;8;2021-01-08;0;0;0;0;0;0;0;0;0;0;0;0;0;0;0;0;0;0
FR;8;2021-01-09;0;0;0;0;0;0;0;0;0;0;0;0;0;0;0;0;0;0
FR;8;2021-01-10;0;0;0;0;0;0;0;0;0;0;0;0;0;0;0;0;0;0
FR;8;2021-01-11;0;0;0;0;0;0;0;0;0;0;0;0;0;0;0;0;0;0
FR;8;2021-01-12;0;0;0;0;0;0;0;0;0;0;0;0;0;0;0;0;0;0
FR;8;2021-01-13;0;0;0;0;0;0;0;0;0;0;0;0;0;0;0;0;0;0
FR;8;2021-01-14;0;0;0;0;0;0;0;0;0;0;0;0;0;0;0;0;0;0
FR;8;2021-01-15;0;0;0;0;0;0;0;0;0;0;0;0;0;0;0;0;0;0
FR;8;2021-01-16;0;0;0;0;0;0;0;0;0;0;0;0;0;0;0;0;0;0
FR;8;2021-01-17;0;0;0;0;0;0;0;0;0;0;0;0;0;0;0;0;0;0
FR;8;2021-01-18;0;0;0;0;0;0;0;0;0;0;0;0;0;0;0;0;0;0
FR;8;2021-01-19;0;0;0;0;0;0;0;0;0;0;0;0;0;0;0;0;0;0
FR;8;2021-01-20;0;0;0;0;0;0;0;0;0;0;0;0;0;0;0;0;0;0
FR;8;2021-01-21;0;0;0;0;0;0;0;0;0;0;0;0;0;0;0;0;0;0
FR;8;2021-01-22;0;0;0;0;0;0;0;0;0;0;0;0;0;0;0;0;0;0
FR;8;2021-01-23;0;0;0;0;0;0;0;0;0;0;0;0;0;0;0;0;0;0
FR;8;2021-01-24;0;0;0;0;0;0;0;0;0;0;0;0;0;0;0;0;0;0
FR;8;2021-01-25;0;0;0;0;0;0;0;0;0;0;0;0;0;0;0;0;0;0
FR;8;2021-01-26;0;0;0;0;0;0;0;0;0;0;0;0;0;0;0;0;0;0
FR;8;2021-01-27;0;0;0;0;0;0;0;0;0;0;0;0;0;0;0;0;0;0
FR;8;2021-01-28;0;0;0;0;0;0;0;0;0;0;0;0;0;0;0;0;0;0
FR;8;2021-01-29;0;0;0;0;0;0;0;0;0;0;0;0;0;0;0;0;0;0
FR;8;2021-01-30;0;0;0;0;0;0;0;0;0;0;0;0;0;0;0;0;0;0
FR;8;2021-01-31;0;0;0;0;0;0;0;0;0;0;0;0;0;0;0;0;0;0
FR;8;2021-02-01;0;0;0;0;0;0;0;0;0;0;0;0;0;0;0;0;0;0
FR;8;2021-02-02;0;0;0;0;0;0;0;0;0;0;0;0;0;0;0;0;0;0
FR;8;2021-02-03;0;0;0;0;0;0;0;0;0;0;0;0;0;0;0;0;0;0
FR;8;2021-02-04;0;0;0;0;0;0;0;0;0;0;0;0;0;0;0;0;0;0
FR;8;2021-02-05;0;0;0;0;0;0;0;0;0;0;0;0;0;0;0;0;0;0
FR;8;2021-02-06;0;0;0;0;0;0;0;0;0;0;0;0;0;0;0;0;0;0
FR;8;2021-02-07;0;0;0;0;0;0;0;0;0;0;0;0;0;0;0;0;0;0
FR;8;2021-02-08;0;0;0;0;0;0;0;0;0;0;0;0;0;0;0;0;0;0
FR;8;2021-02-09;0;0;0;0;0;0;0;0;0;0;0;0;0;0;0;0;0;0
FR;8;2021-02-10;0;0;0;0;0;0;0;0;0;0;0;0;0;0;0;0;0;0
FR;8;2021-02-11;0;0;0;0;0;0;0;0;0;0;0;0;0;0;0;0;0;0
FR;8;2021-02-12;0;0;0;0;0;0;0;0;0;0;0;0;0;0;0;0;0;0
FR;8;2021-02-13;0;0;0;0;0;0;0;0;0;0;0;0;0;0;0;0;0;0
FR;8;2021-02-14;0;0;0;0;0;0;0;0;0;0;0;0;0;0;0;0;0;0
FR;8;2021-02-15;0;0;0;0;0;0;0;0;0;0;0;0;0;0;0;0;0;0
FR;8;2021-02-16;0;0;0;0;0;0;0;0;0;0;0;0;0;0;0;0;0;0
FR;8;2021-02-17;0;0;0;0;0;0;0;0;0;0;0;0;0;0;0;0;0;0
FR;8;2021-02-18;0;0;0;0;0;0;0;0;0;0;0;0;0;0;0;0;0;0
FR;8;2021-02-19;0;0;0;0;0;0;0;0;0;0;0;0;0;0;0;0;0;0
FR;8;2021-02-20;0;0;0;0;0;0;0;0;0;0;0;0;0;0;0;0;0;0
FR;8;2021-02-21;0;0;0;0;0;0;0;0;0;0;0;0;0;0;0;0;0;0
FR;8;2021-02-22;0;0;0;0;0;0;0;0;0;0;0;0;0;0;0;0;0;0
FR;8;2021-02-23;0;0;0;0;0;0;0;0;0;0;0;0;0;0;0;0;0;0
FR;8;2021-02-24;0;0;0;0;0;0;0;0;0;0;0;0;0;0;0;0;0;0
FR;8;2021-02-25;0;0;0;0;0;0;0;0;0;0;0;0;0;0;0;0;0;0
FR;8;2021-02-26;0;0;0;0;0;0;0;0;0;0;0;0;0;0;0;0;0;0
FR;8;2021-02-27;0;0;0;0;0;0;0;0;0;0;0;0;0;0;0;0;0;0
FR;8;2021-02-28;0;0;0;0;0;0;0;0;0;0;0;0;0;0;0;0;0;0
FR;8;2021-03-01;0;0;0;0;0;0;0;0;0;0;0;0;0;0;0;0;0;0
FR;8;2021-03-02;0;0;0;0;0;0;0;0;0;0;0;0;0;0;0;0;0;0
FR;8;2021-03-03;0;0;0;0;0;0;0;0;0;0;0;0;0;0;0;0;0;0
FR;8;2021-03-04;0;0;0;0;0;0;0;0;0;0;0;0;0;0;0;0;0;0
FR;8;2021-03-05;0;0;0;0;0;0;0;0;0;0;0;0;0;0;0;0;0;0
FR;8;2021-03-06;0;0;0;0;0;0;0;0;0;0;0;0;0;0;0;0;0;0
FR;8;2021-03-07;0;0;0;0;0;0;0;0;0;0;0;0;0;0;0;0;0;0
FR;8;2021-03-08;0;0;0;0;0;0;0;0;0;0;0;0;0;0;0;0;0;0
FR;8;2021-03-09;0;0;0;0;0;0;0;0;0;0;0;0;0;0;0;0;0;0
FR;8;2021-03-10;0;0;0;0;0;0;0;0;0;0;0;0;0;0;0;0;0;0
FR;8;2021-03-11;0;0;0;0;0;0;0;0;0;0;0;0;0;0;0;0;0;0
FR;8;2021-03-12;0;0;0;0;0;0;0;0;0;0;0;0;0;0;0;0;0;0
FR;8;2021-03-13;0;0;0;0;0;0;0;0;0;0;0;0;0;0;0;0;0;0
FR;8;2021-03-14;0;0;0;0;0;0;0;0;0;0;0;0;0;0;0;0;0;0
FR;8;2021-03-15;0;0;0;0;0;0;0;0;0;0;0;0;0;0;0;0;0;0
FR;8;2021-03-16;0;0;0;0;0;0;0;0;0;0;0;0;0;0;0;0;0;0
FR;8;2021-03-17;0;0;0;0;0;0;0;0;0;0;0;0;0;0;0;0;0;0
FR;8;2021-03-18;0;0;0;0;0;0;0;0;0;0;0;0;0;0;0;0;0;0
FR;8;2021-03-19;0;0;0;0;0;0;0;0;0;0;0;0;0;0;0;0;0;0
FR;8;2021-03-20;0;0;0;0;0;0;0;0;0;0;0;0;0;0;0;0;0;0
FR;8;2021-03-21;0;0;0;0;0;0;0;0;0;0;0;0;0;0;0;0;0;0
FR;8;2021-03-22;0;0;0;0;0;0;0;0;0;0;0;0;0;0;0;0;0;0
FR;8;2021-03-23;0;0;0;0;0;0;0;0;0;0;0;0;0;0;0;0;0;0
FR;8;2021-03-24;0;0;0;0;0;0;0;0;0;0;0;0;0;0;0;0;0;0
FR;8;2021-03-25;0;0;0;0;0;0;0;0;0;0;0;0;0;0;0;0;0;0
FR;8;2021-03-26;0;0;0;0;0;0;0;0;0;0;0;0;0;0;0;0;0;0
FR;8;2021-03-27;0;0;0;0;0;0;0;0;0;0;0;0;0;0;0;0;0;0
FR;8;2021-03-28;0;0;0;0;0;0;0;0;0;0;0;0;0;0;0;0;0;0
FR;8;2021-03-29;0;0;0;0;0;0;0;0;0;0;0;0;0;0;0;0;0;0
FR;8;2021-03-30;0;0;0;0;0;0;0;0;0;0;0;0;0;0;0;0;0;0
FR;8;2021-03-31;0;0;0;0;0;0;0;0;0;0;0;0;0;0;0;0;0;0
FR;8;2021-04-01;0;0;0;0;0;0;0;0;0;0;0;0;0;0;0;0;0;0
FR;8;2021-04-02;0;0;0;0;0;0;0;0;0;0;0;0;0;0;0;0;0;0
FR;8;2021-04-03;0;0;0;0;0;0;0;0;0;0;0;0;0;0;0;0;0;0
FR;8;2021-04-04;0;0;0;0;0;0;0;0;0;0;0;0;0;0;0;0;0;0
FR;8;2021-04-05;0;0;0;0;0;0;0;0;0;0;0;0;0;0;0;0;0;0
FR;8;2021-04-06;0;0;0;0;0;0;0;0;0;0;0;0;0;0;0;0;0;0
FR;8;2021-04-07;0;0;0;0;0;0;0;0;0;0;0;0;0;0;0;0;0;0
FR;8;2021-04-08;0;0;0;0;0;0;0;0;0;0;0;0;0;0;0;0;0;0
FR;8;2021-04-09;0;0;0;0;0;0;0;0;0;0;0;0;0;0;0;0;0;0
FR;8;2021-04-10;0;0;0;0;0;0;0;0;0;0;0;0;0;0;0;0;0;0
FR;8;2021-04-11;0;0;0;0;0;0;0;0;0;0;0;0;0;0;0;0;0;0
FR;8;2021-04-12;0;0;0;0;0;0;0;0;0;0;0;0;0;0;0;0;0;0
FR;8;2021-04-13;0;0;0;0;0;0;0;0;0;0;0;0;0;0;0;0;0;0
FR;8;2021-04-14;0;0;0;0;0;0;0;0;0;0;0;0;0;0;0;0;0;0
FR;8;2021-04-15;0;0;0;0;0;0;0;0;0;0;0;0;0;0;0;0;0;0
FR;8;2021-04-16;0;0;0;0;0;0;0;0;0;0;0;0;0;0;0;0;0;0
FR;8;2021-04-17;0;0;0;0;0;0;0;0;0;0;0;0;0;0;0;0;0;0
FR;8;2021-04-18;0;0;0;0;0;0;0;0;0;0;0;0;0;0;0;0;0;0
FR;8;2021-04-19;0;0;0;0;0;0;0;0;0;0;0;0;0;0;0;0;0;0
FR;8;2021-04-20;0;0;0;0;0;0;0;0;0;0;0;0;0;0;0;0;0;0
FR;8;2021-04-21;0;0;0;0;0;0;0;0;0;0;0;0;0;0;0;0;0;0
FR;8;2021-04-22;0;0;0;0;0;0;0;0;0;0;0;0;0;0;0;0;0;0
FR;8;2021-04-23;0;0;0;0;0;0;0;0;0;0;0;0;0;0;0;0;0;0
FR;8;2021-04-24;0;0;0;0;0;0;0;0;0;0;0;0;0;0;0;0;0;0
FR;8;2021-04-25;0;0;0;0;0;0;0;0;0;0;0;0;0;0;0;0;0;0
FR;8;2021-04-26;0;0;0;0;0;0;0;0;0;0;0;0;0;0;0;0;0;0
FR;8;2021-04-27;0;0;0;0;0;0;0;0;0;0;0;0;0;0;0;0;0;0
FR;8;2021-04-28;0;0;0;0;0;0;0;0;0;0;0;0;0;0;0;0;0;0
FR;8;2021-04-29;0;0;0;0;0;0;0;0;0;0;0;0;0;0;0;0;0;0
FR;8;2021-04-30;0;0;0;0;0;0;0;0;0;0;0;0;0;0;0;0;0;0
FR;8;2021-05-01;0;0;0;0;0;0;0;0;0;0;0;0;0;0;0;0;0;0
FR;8;2021-05-02;0;0;0;0;0;0;0;0;0;0;0;0;0;0;0;0;0;0
FR;8;2021-05-03;0;0;0;0;0;0;0;0;0;0;0;0;0;0;0;0;0;0
FR;8;2021-05-04;0;0;0;0;0;0;0;0;0;0;0;0;0;0;0;0;0;0
FR;8;2021-05-05;0;0;0;0;0;0;0;0;0;0;0;0;0;0;0;0;0;0
FR;8;2021-05-06;0;0;0;0;0;0;0;0;0;0;0;0;0;0;0;0;0;0
FR;8;2021-05-07;0;0;0;0;0;0;0;0;0;0;0;0;0;0;0;0;0;0
FR;8;2021-05-08;0;0;0;0;0;0;0;0;0;0;0;0;0;0;0;0;0;0
FR;8;2021-05-09;0;0;0;0;0;0;0;0;0;0;0;0;0;0;0;0;0;0
FR;8;2021-05-10;0;0;0;0;0;0;0;0;0;0;0;0;0;0;0;0;0;0
FR;8;2021-05-11;0;0;0;0;0;0;0;0;0;0;0;0;0;0;0;0;0;0
FR;8;2021-05-12;0;0;0;0;0;0;0;0;0;0;0;0;0;0;0;0;0;0
FR;8;2021-05-13;0;0;0;0;0;0;0;0;0;0;0;0;0;0;0;0;0;0
FR;8;2021-05-14;0;0;0;0;0;0;0;0;0;0;0;0;0;0;0;0;0;0
FR;8;2021-05-15;0;0;0;0;0;0;0;0;0;0;0;0;0;0;0;0;0;0
FR;8;2021-05-16;0;0;0;0;0;0;0;0;0;0;0;0;0;0;0;0;0;0
FR;8;2021-05-17;0;0;0;0;0;0;0;0;0;0;0;0;0;0;0;0;0;0
FR;8;2021-05-18;0;0;0;0;0;0;0;0;0;0;0;0;0;0;0;0;0;0
FR;8;2021-05-19;0;0;0;0;0;0;0;0;0;0;0;0;0;0;0;0;0;0
FR;8;2021-05-20;0;0;0;0;0;0;0;0;0;0;0;0;0;0;0;0;0;0
FR;8;2021-05-21;0;0;0;0;0;0;0;0;0;0;0;0;0;0;0;0;0;0
FR;8;2021-05-22;0;0;0;0;0;0;0;0;0;0;0;0;0;0;0;0;0;0
FR;8;2021-05-23;0;0;0;0;0;0;0;0;0;0;0;0;0;0;0;0;0;0
FR;8;2021-05-24;0;0;0;0;0;0;0;0;0;0;0;0;0;0;0;0;0;0
FR;8;2021-05-25;0;0;0;0;0;0;0;0;0;0;0;0;0;0;0;0;0;0
FR;8;2021-05-26;0;0;0;0;0;0;0;0;0;0;0;0;0;0;0;0;0;0
FR;8;2021-05-27;0;0;0;0;0;0;0;0;0;0;0;0;0;0;0;0;0;0
FR;8;2021-05-28;0;0;0;0;0;0;0;0;0;0;0;0;0;0;0;0;0;0
FR;8;2021-05-29;0;0;0;0;0;0;0;0;0;0;0;0;0;0;0;0;0;0
FR;8;2021-05-30;0;0;0;0;0;0;0;0;0;0;0;0;0;0;0;0;0;0
FR;8;2021-05-31;0;0;0;0;0;0;0;0;0;0;0;0;0;0;0;0;0;0
FR;8;2021-06-01;0;0;0;0;0;0;0;0;0;0;0;0;0;0;0;0;0;0
FR;8;2021-06-02;0;0;0;0;0;0;0;0;0;0;0;0;0;0;0;0;0;0
FR;8;2021-06-03;0;0;0;0;0;0;0;0;0;0;0;0;0;0;0;0;0;0
FR;8;2021-06-04;0;0;0;0;0;0;0;0;0;0;0;0;0;0;0;0;0;0
FR;8;2021-06-05;0;0;0;0;0;0;0;0;0;0;0;0;0;0;0;0;0;0
FR;8;2021-06-06;0;0;0;0;0;0;0;0;0;0;0;0;0;0;0;0;0;0
FR;8;2021-06-07;0;0;0;0;0;0;0;0;0;0;0;0;0;0;0;0;0;0
FR;8;2021-06-08;0;0;0;0;0;0;0;0;0;0;0;0;0;0;0;0;0;0
FR;8;2021-06-09;0;0;0;0;0;0;0;0;0;0;0;0;0;0;0;0;0;0
FR;8;2021-06-10;0;0;0;0;0;0;0;0;0;0;0;0;0;0;0;0;0;0
FR;8;2021-06-11;0;0;0;0;0;0;0;0;0;0;0;0;0;0;0;0;0;0
FR;8;2021-06-12;0;0;0;0;0;0;0;0;0;0;0;0;0;0;0;0;0;0
FR;8;2021-06-13;0;0;0;0;0;0;0;0;0;0;0;0;0;0;0;0;0;0
FR;8;2021-06-14;0;0;0;0;0;0;0;0;0;0;0;0;0;0;0;0;0;0
FR;8;2021-06-15;0;0;0;0;0;0;0;0;0;0;0;0;0;0;0;0;0;0
FR;8;2021-06-16;0;0;0;0;0;0;0;0;0;0;0;0;0;0;0;0;0;0
FR;8;2021-06-17;0;0;0;0;0;0;0;0;0;0;0;0;0;0;0;0;0;0
FR;8;2021-06-18;0;0;0;0;0;0;0;0;0;0;0;0;0;0;0;0;0;0
FR;8;2021-06-19;0;0;0;0;0;0;0;0;0;0;0;0;0;0;0;0;0;0
FR;8;2021-06-20;0;0;0;0;0;0;0;0;0;0;0;0;0;0;0;0;0;0
FR;8;2021-06-21;0;0;0;0;0;0;0;0;0;0;0;0;0;0;0;0;0;0
FR;8;2021-06-22;0;0;0;0;0;0;0;0;0;0;0;0;0;0;0;0;0;0
FR;8;2021-06-23;0;0;0;0;0;0;0;0;0;0;0;0;0;0;0;0;0;0
FR;8;2021-06-24;0;0;0;0;0;0;0;0;0;0;0;0;0;0;0;0;0;0
FR;8;2021-06-25;0;0;0;0;0;0;0;0;0;0;0;0;0;0;0;0;0;0
FR;8;2021-06-26;0;0;0;0;0;0;0;0;0;0;0;0;0;0;0;0;0;0
FR;8;2021-06-27;0;0;0;0;0;0;0;0;0;0;0;0;0;0;0;0;0;0
FR;8;2021-06-28;0;0;0;0;0;0;0;0;0;0;0;0;0;0;0;0;0;0
FR;8;2021-06-29;0;0;0;0;0;0;0;0;0;0;0;0;0;0;0;0;0;0
FR;8;2021-06-30;0;0;0;0;0;0;0;0;0;0;0;0;0;0;0;0;0;0
FR;8;2021-07-01;0;0;0;0;0;0;0;0;0;0;0;0;0;0;0;0;0;0
FR;8;2021-07-02;0;0;0;0;0;0;0;0;0;0;0;0;0;0;0;0;0;0
FR;8;2021-07-03;0;0;0;0;0;0;0;0;0;0;0;0;0;0;0;0;0;0
FR;8;2021-07-04;0;0;0;0;0;0;0;0;0;0;0;0;0;0;0;0;0;0
FR;8;2021-07-05;0;0;0;0;0;0;0;0;0;0;0;0;0;0;0;0;0;0
FR;8;2021-07-06;0;0;0;0;0;0;0;0;0;0;0;0;0;0;0;0;0;0
FR;8;2021-07-07;0;0;0;0;0;0;0;0;0;0;0;0;0;0;0;0;0;0
FR;8;2021-07-08;0;0;0;0;0;0;0;0;0;0;0;0;0;0;0;0;0;0
FR;8;2021-07-09;0;0;0;0;0;0;0;0;0;0;0;0;0;0;0;0;0;0
FR;8;2021-07-10;0;0;0;0;0;0;0;0;0;0;0;0;0;0;0;0;0;0
FR;8;2021-07-11;0;0;0;0;0;0;0;0;0;0;0;0;0;0;0;0;0;0
FR;8;2021-07-12;0;0;0;0;0;0;0;0;0;0;0;0;0;0;0;0;0;0
FR;8;2021-07-13;0;0;0;0;0;0;0;0;0;0;0;0;0;0;0;0;0;0
FR;8;2021-07-14;0;0;0;0;0;0;0;0;0;0;0;0;0;0;0;0;0;0
FR;8;2021-07-15;0;0;0;0;0;0;0;0;0;0;0;0;0;0;0;0;0;0
FR;8;2021-07-16;0;0;0;0;0;0;0;0;0;0;0;0;0;0;0;0;0;0
FR;8;2021-07-17;0;0;0;0;0;0;0;0;0;0;0;0;0;0;0;0;0;0
FR;8;2021-07-18;0;0;0;0;0;0;0;0;0;0;0;0;0;0;0;0;0;0
FR;8;2021-07-19;0;0;0;0;0;0;0;0;0;0;0;0;0;0;0;0;0;0
FR;8;2021-07-20;0;0;0;0;0;0;0;0;0;0;0;0;0;0;0;0;0;0
FR;8;2021-07-21;0;0;0;0;0;0;0;0;0;0;0;0;0;0;0;0;0;0
FR;8;2021-07-22;0;0;0;0;0;0;0;0;0;0;0;0;0;0;0;0;0;0
FR;8;2021-07-23;0;0;0;0;0;0;0;0;0;0;0;0;0;0;0;0;0;0
FR;8;2021-07-24;0;0;0;0;0;0;0;0;0;0;0;0;0;0;0;0;0;0
FR;8;2021-07-25;0;0;0;0;0;0;0;0;0;0;0;0;0;0;0;0;0;0
FR;8;2021-07-26;0;0;0;0;0;0;0;0;0;0;0;0;0;0;0;0;0;0
FR;8;2021-07-27;0;0;0;0;0;0;0;0;0;0;0;0;0;0;0;0;0;0
FR;8;2021-07-28;0;0;0;0;0;0;0;0;0;0;0;0;0;0;0;0;0;0
FR;8;2021-07-29;0;0;0;0;0;0;0;0;0;0;0;0;0;0;0;0;0;0
FR;8;2021-07-30;0;0;0;0;0;0;0;0;0;0;0;0;0;0;0;0;0;0
FR;8;2021-07-31;0;0;0;0;0;0;0;0;0;0;0;0;0;0;0;0;0;0
FR;8;2021-08-01;0;0;0;0;0;0;0;0;0;0;0;0;0;0;0;0;0;0
FR;8;2021-08-02;0;0;0;0;0;0;0;0;0;0;0;0;0;0;0;0;0;0
FR;8;2021-08-03;0;0;0;0;0;0;0;0;0;0;0;0;0;0;0;0;0;0
FR;8;2021-08-04;0;0;0;0;0;0;0;0;0;0;0;0;0;0;0;0;0;0
FR;8;2021-08-05;0;0;0;0;0;0;0;0;0;0;0;0;0;0;0;0;0;0
FR;8;2021-08-06;0;0;0;0;0;0;0;0;0;0;0;0;0;0;0;0;0;0
FR;8;2021-08-07;0;0;0;0;0;0;0;0;0;0;0;0;0;0;0;0;0;0
FR;8;2021-08-08;0;0;0;0;0;0;0;0;0;0;0;0;0;0;0;0;0;0
FR;8;2021-08-09;0;0;0;0;0;0;0;0;0;0;0;0;0;0;0;0;0;0
FR;8;2021-08-10;0;0;0;0;0;0;0;0;0;0;0;0;0;0;0;0;0;0
FR;8;2021-08-11;0;0;0;0;0;0;0;0;0;0;0;0;0;0;0;0;0;0
FR;8;2021-08-12;0;0;0;0;0;0;0;0;0;0;0;0;0;0;0;0;0;0
FR;8;2021-08-13;0;0;0;0;0;0;0;0;0;0;0;0;0;0;0;0;0;0
FR;8;2021-08-14;0;0;0;0;0;0;0;0;0;0;0;0;0;0;0;0;0;0
FR;8;2021-08-15;0;0;0;0;0;0;0;0;0;0;0;0;0;0;0;0;0;0
FR;8;2021-08-16;0;0;0;0;0;0;0;0;0;0;0;0;0;0;0;0;0;0
FR;8;2021-08-17;0;0;0;0;0;0;0;0;0;0;0;0;0;0;0;0;0;0
FR;8;2021-08-18;0;0;0;0;0;0;0;0;0;0;0;0;0;0;0;0;0;0
FR;8;2021-08-19;0;0;0;0;0;0;0;0;0;0;0;0;0;0;0;0;0;0
FR;8;2021-08-20;0;0;0;0;0;0;0;0;0;0;0;0;0;0;0;0;0;0
FR;8;2021-08-21;0;0;0;0;0;0;0;0;0;0;0;0;0;0;0;0;0;0
FR;8;2021-08-22;0;0;0;0;0;0;0;0;0;0;0;0;0;0;0;0;0;0
FR;8;2021-08-23;0;0;0;0;0;0;0;0;0;0;0;0;0;0;0;0;0;0
FR;8;2021-08-24;0;0;0;0;0;0;0;0;0;0;0;0;0;0;0;0;0;0
FR;8;2021-08-25;0;0;0;0;0;0;0;0;0;0;0;0;0;0;0;0;0;0
FR;8;2021-08-26;0;0;0;0;0;0;0;0;0;0;0;0;0;0;0;0;0;0
FR;8;2021-08-27;0;0;0;0;0;0;0;0;0;0;0;0;0;0;0;0;0;0
FR;8;2021-08-28;0;0;0;0;0;0;0;0;0;0;0;0;0;0;0;0;0;0
FR;8;2021-08-29;0;0;0;0;0;0;0;0;0;0;0;0;0;0;0;0;0;0
FR;8;2021-08-30;0;0;0;0;0;0;0;0;0;0;0;0;0;0;0;0;0;0
FR;8;2021-08-31;0;0;0;0;0;0;0;0;0;0;0;0;0;0;0;0;0;0
FR;8;2021-09-01;0;0;0;0;0;0;0;0;0;0;0;0;0;0;0;0;0;0
FR;8;2021-09-02;0;0;0;0;0;0;0;0;0;0;0;0;0;0;0;0;0;0
FR;8;2021-09-03;0;0;0;0;0;0;0;0;0;0;0;0;0;0;0;0;0;0
FR;8;2021-09-04;0;0;0;0;0;0;0;0;0;0;0;0;0;0;0;0;0;0
FR;8;2021-09-05;0;0;0;0;0;0;0;0;0;0;0;0;0;0;0;0;0;0
FR;8;2021-09-06;0;0;0;0;0;0;0;0;0;0;0;0;0;0;0;0;0;0
FR;8;2021-09-07;0;0;0;0;0;0;0;0;0;0;0;0;0;0;0;0;0;0
FR;8;2021-09-08;0;0;0;0;0;0;0;0;0;0;0;0;0;0;0;0;0;0
FR;8;2021-09-09;0;0;0;0;0;0;0;0;0;0;0;0;0;0;0;0;0;0
FR;8;2021-09-10;0;0;0;0;0;0;0;0;0;0;0;0;0;0;0;0;0;0
FR;8;2021-09-11;0;0;0;0;0;0;0;0;0;0;0;0;0;0;0;0;0;0
FR;8;2021-09-12;0;0;0;0;0;0;0;0;0;0;0;0;0;0;0;0;0;0
FR;8;2021-09-13;0;0;0;0;0;0;0;0;0;0;0;0;0;0;0;0;0;0
FR;8;2021-09-14;0;0;0;0;0;0;0;0;0;0;0;0;0;0;0;0;0;0
FR;8;2021-09-15;0;0;0;0;0;0;0;0;0;0;0;0;0;0;0;0;0;0
FR;8;2021-09-16;0;0;0;0;0;0;0;0;0;0;0;0;0;0;0;0;0;0
FR;8;2021-09-17;0;0;0;0;0;0;0;0;0;0;0;0;0;0;0;0;0;0
FR;8;2021-09-18;0;0;0;0;0;0;0;0;0;0;0;0;0;0;0;0;0;0
FR;8;2021-09-19;0;0;0;0;0;0;0;0;0;0;0;0;0;0;0;0;0;0
FR;8;2021-09-20;0;0;0;0;0;0;0;0;0;0;0;0;0;0;0;0;0;0
FR;8;2021-09-21;0;0;0;0;0;0;0;0;0;0;0;0;0;0;0;0;0;0
FR;8;2021-09-22;0;0;0;0;0;0;0;0;0;0;0;0;0;0;0;0;0;0
FR;8;2021-09-23;0;0;0;0;0;0;0;0;0;0;0;0;0;0;0;0;0;0
FR;8;2021-09-24;0;0;0;0;0;0;0;0;0;0;0;0;0;0;0;0;0;0
FR;8;2021-09-25;0;0;0;0;0;0;0;0;0;0;0;0;0;0;0;0;0;0
FR;8;2021-09-26;0;0;0;0;0;0;0;0;0;0;0;0;0;0;0;0;0;0
FR;8;2021-09-27;0;0;0;0;0;0;0;0;0;0;0;0;0;0;0;0;0;0
FR;8;2021-09-28;0;0;0;0;0;0;0;0;0;0;0;0;0;0;0;0;0;0
FR;8;2021-09-29;0;0;0;0;0;0;0;0;0;0;0;0;0;0;0;0;0;0
FR;8;2021-09-30;0;0;0;0;0;0;0;0;0;0;0;0;0;0;0;0;0;0
FR;8;2021-10-01;0;0;0;0;0;0;0;0;0;0;0;0;0;0;0;0;0;0
FR;8;2021-10-02;0;0;0;0;0;0;0;0;0;0;0;0;0;0;0;0;0;0
FR;8;2021-10-03;0;0;0;0;0;0;0;0;0;0;0;0;0;0;0;0;0;0
FR;8;2021-10-04;0;0;0;0;0;0;0;0;0;0;0;0;0;0;0;0;0;0
FR;8;2021-10-05;0;0;0;0;0;0;0;0;0;0;0;0;0;0;0;0;0;0
FR;8;2021-10-06;0;0;0;0;0;0;0;0;0;0;0;0;0;0;0;0;0;0
FR;8;2021-10-07;0;0;0;0;0;0;0;0;0;0;0;0;0;0;0;0;0;0
FR;8;2021-10-08;0;0;0;0;0;0;0;0;0;0;0;0;0;0;0;0;0;0
FR;8;2021-10-09;0;0;0;0;0;0;0;0;0;0;0;0;0;0;0;0;0;0
FR;8;2021-10-10;0;0;0;0;0;0;0;0;0;0;0;0;0;0;0;0;0;0
FR;8;2021-10-11;0;0;0;0;0;0;0;0;0;0;0;0;0;0;0;0;0;0
FR;8;2021-10-12;0;0;0;0;0;0;0;0;0;0;0;0;0;0;0;0;0;0
FR;8;2021-10-13;0;0;0;0;0;0;0;0;0;0;0;0;0;0;0;0;0;0
FR;8;2021-10-14;0;0;0;0;0;0;0;0;0;0;0;0;0;0;0;0;0;0
FR;8;2021-10-15;0;0;0;0;0;0;0;0;0;0;0;0;0;0;0;0;0;0
FR;8;2021-10-16;0;0;0;0;0;0;0;0;0;0;0;0;0;0;0;0;0;0
FR;8;2021-10-17;0;0;0;0;0;0;0;0;0;0;0;0;0;0;0;0;0;0
FR;8;2021-10-18;0;0;0;0;0;0;0;0;0;0;0;0;0;0;0;0;0;0
FR;8;2021-10-19;0;0;0;0;0;0;0;0;0;0;0;0;0;0;0;0;0;0
FR;8;2021-10-20;0;0;0;0;0;0;0;0;0;0;0;0;0;0;0;0;0;0
FR;8;2021-10-21;0;0;0;0;0;0;0;0;0;0;0;0;0;0;0;0;0;0
FR;8;2021-10-22;0;0;0;0;0;0;0;0;0;0;0;0;0;0;0;0;0;0
FR;8;2021-10-23;0;0;0;0;0;0;0;0;0;0;0;0;0;0;0;0;0;0
FR;8;2021-10-24;0;0;0;0;0;0;0;0;0;0;0;0;0;0;0;0;0;0
FR;8;2021-10-25;0;0;0;0;0;0;0;0;0;0;0;0;0;0;0;0;0;0
FR;8;2021-10-26;0;0;0;0;0;0;0;0;0;0;0;0;0;0;0;0;0;0
FR;8;2021-10-27;0;0;0;0;0;0;0;0;0;0;0;0;0;0;0;0;0;0
FR;8;2021-10-28;0;0;0;0;0;0;0;0;0;0;0;0;0;0;0;0;0;0
FR;8;2021-10-29;0;0;0;0;0;0;0;0;0;0;0;0;0;0;0;0;0;0
FR;8;2021-10-30;0;0;0;0;0;0;0;0;0;0;0;0;0;0;0;0;0;0
FR;8;2021-10-31;0;0;0;0;0;0;0;0;0;0;0;0;0;0;0;0;0;0
FR;8;2021-11-01;0;0;0;0;0;0;0;0;0;0;0;0;0;0;0;0;0;0
FR;8;2021-11-02;0;0;0;0;0;0;0;0;0;0;0;0;0;0;0;0;0;0
FR;8;2021-11-03;0;0;0;0;0;0;0;0;0;0;0;0;0;0;0;0;0;0
FR;8;2021-11-04;0;0;0;0;0;0;0;0;0;0;0;0;0;0;0;0;0;0
FR;8;2021-11-05;0;0;0;0;0;0;0;0;0;0;0;0;0;0;0;0;0;0
FR;8;2021-11-06;0;0;0;0;0;0;0;0;0;0;0;0;0;0;0;0;0;0
FR;8;2021-11-07;0;0;0;0;0;0;0;0;0;0;0;0;0;0;0;0;0;0
FR;8;2021-11-08;0;0;0;0;0;0;0;0;0;0;0;0;0;0;0;0;0;0
FR;8;2021-11-09;0;0;0;0;0;0;0;0;0;0;0;0;0;0;0;0;0;0
FR;8;2021-11-10;0;0;0;0;0;0;0;0;0;0;0;0;0;0;0;0;0;0
FR;8;2021-11-11;0;0;0;0;0;0;0;0;0;0;0;0;0;0;0;0;0;0
FR;8;2021-11-12;0;0;0;0;0;0;0;0;0;0;0;0;0;0;0;0;0;0
FR;8;2021-11-13;0;0;0;0;0;0;0;0;0;0;0;0;0;0;0;0;0;0
FR;8;2021-11-14;0;0;0;0;0;0;0;0;0;0;0;0;0;0;0;0;0;0
FR;8;2021-11-15;0;0;0;0;0;0;0;0;0;0;0;0;0;0;0;0;0;0
FR;8;2021-11-16;0;0;0;0;0;0;0;0;0;0;0;0;0;0;0;0;0;0
FR;8;2021-11-17;0;0;0;0;0;0;0;0;0;0;0;0;0;0;0;0;0;0
FR;8;2021-11-18;0;0;0;0;0;0;0;0;0;0;0;0;0;0;0;0;0;0
FR;8;2021-11-19;0;0;0;0;0;0;0;0;0;0;0;0;0;0;0;0;0;0
FR;8;2021-11-20;0;0;0;0;0;0;0;0;0;0;0;0;0;0;0;0;0;0
FR;8;2021-11-21;0;0;0;0;0;0;0;0;0;0;0;0;0;0;0;0;0;0
FR;8;2021-11-22;0;0;0;0;0;0;0;0;0;0;0;0;0;0;0;0;0;0
FR;8;2021-11-23;0;0;0;0;0;0;0;0;0;0;0;0;0;0;0;0;0;0
FR;8;2021-11-24;0;0;0;0;0;0;0;0;0;0;0;0;0;0;0;0;0;0
FR;8;2021-11-25;0;0;0;0;0;0;0;0;0;0;0;0;0;0;0;0;0;0
FR;8;2021-11-26;0;0;0;0;0;0;0;0;0;0;0;0;0;0;0;0;0;0
FR;8;2021-11-27;0;0;0;0;0;0;0;0;0;0;0;0;0;0;0;0;0;0
FR;8;2021-11-28;0;0;0;0;0;0;0;0;0;0;0;0;0;0;0;0;0;0
FR;8;2021-11-29;0;0;0;0;0;0;0;0;0;0;0;0;0;0;0;0;0;0
FR;8;2021-11-30;0;0;0;0;0;0;0;0;0;0;0;0;0;0;0;0;0;0
FR;8;2021-12-01;0;0;0;0;0;0;0;0;0;0;0;0;0;0;0;0;0;0
FR;8;2021-12-02;0;0;0;0;0;0;0;0;0;0;0;0;0;0;0;0;0;0
FR;8;2021-12-03;0;0;0;0;0;0;0;0;0;0;0;0;0;0;0;0;0;0
FR;8;2021-12-04;0;0;0;0;0;0;0;0;0;0;0;0;0;0;0;0;0;0
FR;8;2021-12-05;0;0;0;0;0;0;0;0;0;0;0;0;0;0;0;0;0;0
FR;8;2021-12-06;0;0;0;0;0;0;0;0;0;0;0;0;0;0;0;0;0;0
FR;8;2021-12-07;0;0;0;0;0;0;0;0;0;0;0;0;0;0;0;0;0;0
FR;8;2021-12-08;0;0;0;0;0;0;0;0;0;0;0;0;0;0;0;0;0;0
FR;8;2021-12-09;0;0;0;0;0;0;0;0;0;0;0;0;0;0;0;0;0;0
FR;8;2021-12-10;0;0;0;0;0;0;0;0;0;0;0;0;0;0;0;0;0;0
FR;8;2021-12-11;0;0;0;0;0;0;0;0;0;0;0;0;0;0;0;0;0;0
FR;8;2021-12-12;0;0;0;0;0;0;0;0;0;0;0;0;0;0;0;0;0;0
FR;8;2021-12-13;0;0;0;0;0;0;0;0;0;0;0;0;0;0;0;0;0;0
FR;8;2021-12-14;0;0;0;0;0;0;0;0;0;0;0;0;0;0;0;0;0;0
FR;8;2021-12-15;0;0;0;0;0;0;0;0;0;0;0;0;0;0;0;0;0;0
FR;8;2021-12-16;0;0;0;0;0;0;0;0;0;0;0;0;0;0;0;0;0;0
FR;8;2021-12-17;0;0;0;0;0;0;0;0;0;0;0;0;0;0;0;0;0;0
FR;8;2021-12-18;0;0;0;0;0;0;0;0;0;0;0;0;0;0;0;0;0;0
FR;8;2021-12-19;0;0;0;0;0;0;0;0;0;0;0;0;0;0;0;0;0;0
FR;8;2021-12-20;0;0;0;0;0;0;0;0;0;0;0;0;0;0;0;0;0;0
FR;8;2021-12-21;0;0;0;0;0;0;0;0;0;0;0;0;0;0;0;0;0;0
FR;8;2021-12-22;0;0;0;0;0;0;0;0;0;0;0;0;0;0;0;0;0;0
FR;8;2021-12-23;0;0;0;0;0;0;0;0;0;0;0;0;0;0;0;0;0;0
FR;8;2021-12-24;0;0;0;0;0;0;0;0;0;0;0;0;0;0;0;0;0;0
FR;8;2021-12-25;0;0;0;0;0;0;0;0;0;0;0;0;0;0;0;0;0;0
FR;8;2021-12-26;0;0;0;0;0;0;0;0;0;0;0;0;0;0;0;0;0;0
FR;8;2021-12-27;0;0;0;0;0;0;0;0;0;0;0;0;0;0;0;0;0;0
FR;8;2021-12-28;0;0;0;0;0;0;0;0;0;0;0;0;0;0;0;0;0;0
FR;8;2021-12-29;0;0;0;0;0;0;0;0;0;0;0;0;0;0;0;0;0;0
FR;8;2021-12-30;0;0;0;0;0;0;0;0;0;0;0;0;0;0;0;0;0;0
FR;8;2021-12-31;0;0;0;0;0;0;0;0;0;0;0;0;0;0;0;0;0;0
FR;8;2022-01-01;0;0;0;0;0;0;0;0;0;0;0;0;0;0;0;0;0;0
FR;8;2022-01-02;0;0;0;0;0;0;0;0;0;0;0;0;0;0;0;0;0;0
FR;8;2022-01-03;0;0;0;0;0;0;0;0;0;0;0;0;0;0;0;0;0;0
FR;8;2022-01-04;0;0;0;0;0;0;0;0;0;0;0;0;0;0;0;0;0;0
FR;8;2022-01-05;0;0;0;0;0;0;0;0;0;0;0;0;0;0;0;0;0;0
FR;8;2022-01-06;0;0;0;0;0;0;0;0;0;0;0;0;0;0;0;0;0;0
FR;8;2022-01-07;0;0;0;0;0;0;0;0;0;0;0;0;0;0;0;0;0;0
FR;8;2022-01-08;0;0;0;0;0;0;0;0;0;0;0;0;0;0;0;0;0;0
FR;8;2022-01-09;0;0;0;0;0;0;0;0;0;0;0;0;0;0;0;0;0;0
FR;8;2022-01-10;0;0;0;0;0;0;0;0;0;0;0;0;0;0;0;0;0;0
FR;8;2022-01-11;0;0;0;0;0;0;0;0;0;0;0;0;0;0;0;0;0;0
FR;8;2022-01-12;0;0;0;0;0;0;0;0;0;0;0;0;0;0;0;0;0;0
FR;8;2022-01-13;0;0;0;0;0;0;0;0;0;0;0;0;0;0;0;0;0;0
FR;8;2022-01-14;0;0;0;0;0;0;0;0;0;0;0;0;0;0;0;0;0;0
FR;8;2022-01-15;0;0;0;0;0;0;0;0;0;0;0;0;0;0;0;0;0;0
FR;8;2022-01-16;0;0;0;0;0;0;0;0;0;0;0;0;0;0;0;0;0;0
FR;8;2022-01-17;0;0;0;0;0;0;0;0;0;0;0;0;0;0;0;0;0;0
FR;8;2022-01-18;0;0;0;0;0;0;0;0;0;0;0;0;0;0;0;0;0;0
FR;8;2022-01-19;0;0;0;0;0;0;0;0;0;0;0;0;0;0;0;0;0;0
FR;8;2022-01-20;0;0;0;0;0;0;0;0;0;0;0;0;0;0;0;0;0;0
FR;8;2022-01-21;0;0;0;0;0;0;0;0;0;0;0;0;0;0;0;0;0;0
FR;8;2022-01-22;0;0;0;0;0;0;0;0;0;0;0;0;0;0;0;0;0;0
FR;8;2022-01-23;0;0;0;0;0;0;0;0;0;0;0;0;0;0;0;0;0;0
FR;8;2022-01-24;0;0;0;0;0;0;0;0;0;0;0;0;0;0;0;0;0;0
FR;8;2022-01-25;0;0;0;0;0;0;0;0;0;0;0;0;0;0;0;0;0;0
FR;8;2022-01-26;0;0;0;0;0;0;0;0;0;0;0;0;0;0;0;0;0;0
FR;8;2022-01-27;0;0;0;0;0;0;0;0;0;0;0;0;0;0;0;0;0;0
FR;8;2022-01-28;0;0;0;0;0;0;0;0;0;0;0;0;0;0;0;0;0;0
FR;8;2022-01-29;0;0;0;0;0;0;0;0;0;0;0;0;0;0;0;0;0;0
FR;8;2022-01-30;0;0;0;0;0;0;0;0;0;0;0;0;0;0;0;0;0;0
FR;8;2022-01-31;0;0;0;0;0;0;0;0;0;0;0;0;0;0;0;0;0;0
FR;8;2022-02-01;0;0;0;0;0;0;0;0;0;0;0;0;0;0;0;0;0;0
FR;8;2022-02-02;0;0;0;0;0;0;0;0;0;0;0;0;0;0;0;0;0;0
FR;8;2022-02-03;0;0;0;0;0;0;0;0;0;0;0;0;0;0;0;0;0;0
FR;8;2022-02-04;0;0;0;0;0;0;0;0;0;0;0;0;0;0;0;0;0;0
FR;8;2022-02-05;0;0;0;0;0;0;0;0;0;0;0;0;0;0;0;0;0;0
FR;8;2022-02-06;0;0;0;0;0;0;0;0;0;0;0;0;0;0;0;0;0;0
FR;8;2022-02-07;0;0;0;0;0;0;0;0;0;0;0;0;0;0;0;0;0;0
FR;8;2022-02-08;0;0;0;0;0;0;0;0;0;0;0;0;0;0;0;0;0;0
FR;8;2022-02-09;0;0;0;0;0;0;0;0;0;0;0;0;0;0;0;0;0;0
FR;8;2022-02-10;0;0;0;0;0;0;0;0;0;0;0;0;0;0;0;0;0;0
FR;8;2022-02-11;0;0;0;0;0;0;0;0;0;0;0;0;0;0;0;0;0;0
FR;8;2022-02-12;0;0;0;0;0;0;0;0;0;0;0;0;0;0;0;0;0;0
FR;8;2022-02-13;0;0;0;0;0;0;0;0;0;0;0;0;0;0;0;0;0;0
FR;8;2022-02-14;0;0;0;0;0;0;0;0;0;0;0;0;0;0;0;0;0;0
FR;8;2022-02-15;0;0;0;0;0;0;0;0;0;0;0;0;0;0;0;0;0;0
FR;8;2022-02-16;0;0;0;0;0;0;0;0;0;0;0;0;0;0;0;0;0;0
FR;8;2022-02-17;0;0;0;0;0;0;0;0;0;0;0;0;0;0;0;0;0;0
FR;8;2022-02-18;0;0;0;0;0;0;0;0;0;0;0;0;0;0;0;0;0;0
FR;8;2022-02-19;0;0;0;0;0;0;0;0;0;0;0;0;0;0;0;0;0;0
FR;8;2022-02-20;0;0;0;0;0;0;0;0;0;0;0;0;0;0;0;0;0;0
FR;8;2022-02-21;0;0;0;0;0;0;0;0;0;0;0;0;0;0;0;0;0;0
FR;8;2022-02-22;0;0;0;0;0;0;0;0;0;0;0;0;0;0;0;0;0;0
FR;8;2022-02-23;0;0;0;0;0;0;0;0;0;0;0;0;0;0;0;0;0;0
FR;8;2022-02-24;0;0;0;0;0;0;0;0;0;0;0;0;0;0;0;0;0;0
FR;8;2022-02-25;0;0;0;0;0;0;0;0;0;0;0;0;0;0;0;0;0;0
FR;8;2022-02-26;0;0;0;0;0;0;0;0;0;0;0;0;0;0;0;0;0;0
FR;8;2022-02-27;0;0;0;0;0;0;0;0;0;0;0;0;0;0;0;0;0;0
FR;8;2022-02-28;0;0;0;0;0;0;0;0;0;0;0;0;0;0;0;0;0;0
FR;8;2022-03-01;0;0;0;0;0;0;0;0;0;0;0;0;0;0;0;0;0;0
FR;8;2022-03-02;0;0;0;0;0;0;0;0;0;0;0;0;0;0;0;0;0;0
FR;8;2022-03-03;0;0;0;0;0;0;0;0;0;0;0;0;0;0;0;0;0;0
FR;8;2022-03-04;0;0;0;0;0;0;0;0;0;0;0;0;0;0;0;0;0;0
FR;8;2022-03-05;0;0;0;0;0;0;0;0;0;0;0;0;0;0;0;0;0;0
FR;8;2022-03-06;0;0;0;0;0;0;0;0;0;0;0;0;0;0;0;0;0;0
FR;8;2022-03-07;0;0;0;0;0;0;0;0;0;0;0;0;0;0;0;0;0;0
FR;8;2022-03-08;0;0;0;0;0;0;0;0;0;0;0;0;0;0;0;0;0;0
FR;8;2022-03-09;0;0;0;0;0;0;0;0;0;0;0;0;0;0;0;0;0;0
FR;8;2022-03-10;0;0;0;0;0;0;0;0;0;0;0;0;0;0;0;0;0;0
FR;8;2022-03-11;0;0;0;0;0;0;0;0;0;0;0;0;0;0;0;0;0;0
FR;8;2022-03-12;0;0;0;0;0;0;0;0;0;0;0;0;0;0;0;0;0;0
FR;8;2022-03-13;0;0;0;0;0;0;0;0;0;0;0;0;0;0;0;0;0;0
FR;8;2022-03-14;0;0;0;0;0;0;0;0;0;0;0;0;0;0;0;0;0;0
FR;8;2022-03-15;0;0;0;0;0;0;0;0;0;0;0;0;0;0;0;0;0;0
FR;8;2022-03-16;0;0;0;0;0;0;0;0;0;0;0;0;0;0;0;0;0;0
FR;8;2022-03-17;0;0;0;0;0;0;0;0;0;0;0;0;0;0;0;0;0;0
FR;8;2022-03-18;0;0;0;0;0;0;0;0;0;0;0;0;0;0;0;0;0;0
FR;8;2022-03-19;0;0;0;0;0;0;0;0;0;0;0;0;0;0;0;0;0;0
FR;8;2022-03-20;0;0;0;0;0;0;0;0;0;0;0;0;0;0;0;0;0;0
FR;8;2022-03-21;0;0;0;0;0;0;0;0;0;0;0;0;0;0;0;0;0;0
FR;8;2022-03-22;0;0;0;0;0;0;0;0;0;0;0;0;0;0;0;0;0;0
FR;8;2022-03-23;0;0;0;0;0;0;0;0;0;0;0;0;0;0;0;0;0;0
FR;8;2022-03-24;0;0;0;0;0;0;0;0;0;0;0;0;0;0;0;0;0;0
FR;8;2022-03-25;0;0;0;0;0;0;0;0;0;0;0;0;0;0;0;0;0;0
FR;8;2022-03-26;0;0;0;0;0;0;0;0;0;0;0;0;0;0;0;0;0;0
FR;8;2022-03-27;0;0;0;0;0;0;0;0;0;0;0;0;0;0;0;0;0;0
FR;8;2022-03-28;0;0;0;0;0;0;0;0;0;0;0;0;0;0;0;0;0;0
FR;8;2022-03-29;0;0;0;0;0;0;0;0;0;0;0;0;0;0;0;0;0;0
FR;8;2022-03-30;0;0;0;0;0;0;0;0;0;0;0;0;0;0;0;0;0;0
FR;8;2022-03-31;0;0;0;0;0;0;0;0;0;0;0;0;0;0;0;0;0;0
FR;8;2022-04-01;0;0;0;0;0;0;0;0;0;0;0;0;0;0;0;0;0;0
FR;8;2022-04-02;0;0;0;0;0;0;0;0;0;0;0;0;0;0;0;0;0;0
FR;8;2022-04-03;0;0;0;0;0;0;0;0;0;0;0;0;0;0;0;0;0;0
FR;8;2022-04-04;0;0;0;0;0;0;0;0;0;0;0;0;0;0;0;0;0;0
FR;8;2022-04-05;0;0;0;0;0;0;0;0;0;0;0;0;0;0;0;0;0;0
FR;8;2022-04-06;0;0;0;0;0;0;0;0;0;0;0;0;0;0;0;0;0;0
FR;8;2022-04-07;0;0;0;0;0;0;0;0;0;0;0;0;0;0;0;0;0;0
FR;8;2022-04-08;0;0;0;0;0;0;0;0;0;0;0;0;0;0;0;0;0;0
FR;8;2022-04-09;0;0;0;0;0;0;0;0;0;0;0;0;0;0;0;0;0;0
FR;8;2022-04-10;0;0;0;0;0;0;0;0;0;0;0;0;0;0;0;0;0;0
FR;8;2022-04-11;0;0;0;0;0;0;0;0;0;0;0;0;0;0;0;0;0;0
FR;8;2022-04-12;0;0;0;0;0;0;0;0;0;0;0;0;0;0;0;0;0;0
FR;8;2022-04-13;0;0;0;0;0;0;0;0;0;0;0;0;0;0;0;0;0;0
FR;8;2022-04-14;0;0;0;0;0;0;0;0;0;0;0;0;0;0;0;0;0;0
FR;8;2022-04-15;0;0;0;0;0;0;0;0;0;0;0;0;0;0;0;0;0;0
FR;8;2022-04-16;0;0;0;0;0;0;0;0;0;0;0;0;0;0;0;0;0;0
FR;8;2022-04-17;0;0;0;0;0;0;0;0;0;0;0;0;0;0;0;0;0;0
FR;8;2022-04-18;0;0;0;0;0;0;0;0;0;0;0;0;0;0;0;0;0;0
FR;8;2022-04-19;0;0;0;0;0;0;0;0;0;0;0;0;0;0;0;0;0;0
FR;8;2022-04-20;0;0;0;0;0;0;0;0;0;0;0;0;0;0;0;0;0;0
FR;8;2022-04-21;0;0;0;0;0;0;0;0;0;0;0;0;0;0;0;0;0;0
FR;8;2022-04-22;0;0;0;0;0;0;0;0;0;0;0;0;0;0;0;0;0;0
FR;8;2022-04-23;0;0;0;0;0;0;0;0;0;0;0;0;0;0;0;0;0;0
FR;8;2022-04-24;0;0;0;0;0;0;0;0;0;0;0;0;0;0;0;0;0;0
FR;8;2022-04-25;0;0;0;0;0;0;0;0;0;0;0;0;0;0;0;0;0;0
FR;8;2022-04-26;0;0;0;0;0;0;0;0;0;0;0;0;0;0;0;0;0;0
FR;8;2022-04-27;0;0;0;0;0;0;0;0;0;0;0;0;0;0;0;0;0;0
FR;8;2022-04-28;0;0;0;0;0;0;0;0;0;0;0;0;0;0;0;0;0;0
FR;8;2022-04-29;0;0;0;0;0;0;0;0;0;0;0;0;0;0;0;0;0;0
FR;8;2022-04-30;0;0;0;0;0;0;0;0;0;0;0;0;0;0;0;0;0;0
FR;8;2022-05-01;0;0;0;0;0;0;0;0;0;0;0;0;0;0;0;0;0;0
FR;8;2022-05-02;0;0;0;0;0;0;0;0;0;0;0;0;0;0;0;0;0;0
FR;8;2022-05-03;0;0;0;0;0;0;0;0;0;0;0;0;0;0;0;0;0;0
FR;8;2022-05-04;0;0;0;0;0;0;0;0;0;0;0;0;0;0;0;0;0;0
FR;8;2022-05-05;0;0;0;0;0;0;0;0;0;0;0;0;0;0;0;0;0;0
FR;8;2022-05-06;0;0;0;0;0;0;0;0;0;0;0;0;0;0;0;0;0;0
FR;8;2022-05-07;0;0;0;0;0;0;0;0;0;0;0;0;0;0;0;0;0;0
FR;8;2022-05-08;0;0;0;0;0;0;0;0;0;0;0;0;0;0;0;0;0;0
FR;8;2022-05-09;0;0;0;0;0;0;0;0;0;0;0;0;0;0;0;0;0;0
FR;8;2022-05-10;0;0;0;0;0;0;0;0;0;0;0;0;0;0;0;0;0;0
FR;8;2022-05-11;0;0;0;0;0;0;0;0;0;0;0;0;0;0;0;0;0;0
FR;8;2022-05-12;0;0;0;0;0;0;0;0;0;0;0;0;0;0;0;0;0;0
FR;8;2022-05-13;0;0;0;0;0;0;0;0;0;0;0;0;0;0;0;0;0;0
FR;8;2022-05-14;0;0;0;0;0;0;0;0;0;0;0;0;0;0;0;0;0;0
FR;8;2022-05-15;0;0;0;0;0;0;0;0;0;0;0;0;0;0;0;0;0;0
FR;8;2022-05-16;0;0;0;0;0;0;0;0;0;0;0;0;0;0;0;0;0;0
FR;8;2022-05-17;0;0;0;0;0;0;0;0;0;0;0;0;0;0;0;0;0;0
FR;8;2022-05-18;0;0;0;0;0;0;0;0;0;0;0;0;0;0;0;0;0;0
FR;8;2022-05-19;0;0;0;0;0;0;0;0;0;0;0;0;0;0;0;0;0;0
FR;8;2022-05-20;0;0;0;0;0;0;0;0;0;0;0;0;0;0;0;0;0;0
FR;8;2022-05-21;0;0;0;0;0;0;0;0;0;0;0;0;0;0;0;0;0;0
FR;8;2022-05-22;0;0;0;0;0;0;0;0;0;0;0;0;0;0;0;0;0;0
FR;8;2022-05-23;0;0;0;0;0;0;0;0;0;0;0;0;0;0;0;0;0;0
FR;8;2022-05-24;0;0;0;0;0;0;0;0;0;0;0;0;0;0;0;0;0;0
FR;8;2022-05-25;0;0;0;0;0;0;0;0;0;0;0;0;0;0;0;0;0;0
FR;8;2022-05-26;0;0;0;0;0;0;0;0;0;0;0;0;0;0;0;0;0;0
FR;8;2022-05-27;0;0;0;0;0;0;0;0;0;0;0;0;0;0;0;0;0;0
FR;8;2022-05-28;0;0;0;0;0;0;0;0;0;0;0;0;0;0;0;0;0;0
FR;8;2022-05-29;0;0;0;0;0;0;0;0;0;0;0;0;0;0;0;0;0;0
FR;8;2022-05-30;0;0;0;0;0;0;0;0;0;0;0;0;0;0;0;0;0;0
FR;8;2022-05-31;0;0;0;0;0;0;0;0;0;0;0;0;0;0;0;0;0;0
FR;8;2022-06-01;0;0;0;0;0;0;0;0;0;0;0;0;0;0;0;0;0;0
FR;8;2022-06-02;0;0;0;0;0;0;0;0;0;0;0;0;0;0;0;0;0;0
FR;8;2022-06-03;0;0;0;0;0;0;0;0;0;0;0;0;0;0;0;0;0;0
FR;8;2022-06-04;0;0;0;0;0;0;0;0;0;0;0;0;0;0;0;0;0;0
FR;8;2022-06-05;0;0;0;0;0;0;0;0;0;0;0;0;0;0;0;0;0;0
FR;8;2022-06-06;0;0;0;0;0;0;0;0;0;0;0;0;0;0;0;0;0;0
FR;8;2022-06-07;0;0;0;0;0;0;0;0;0;0;0;0;0;0;0;0;0;0
FR;8;2022-06-08;0;0;0;0;0;0;0;0;0;0;0;0;0;0;0;0;0;0
FR;8;2022-06-09;0;0;0;0;0;0;0;0;0;0;0;0;0;0;0;0;0;0
FR;8;2022-06-10;0;0;0;0;0;0;0;0;0;0;0;0;0;0;0;0;0;0
FR;8;2022-06-11;0;0;0;0;0;0;0;0;0;0;0;0;0;0;0;0;0;0
FR;8;2022-06-12;0;0;0;0;0;0;0;0;0;0;0;0;0;0;0;0;0;0
FR;8;2022-06-13;0;0;0;0;0;0;0;0;0;0;0;0;0;0;0;0;0;0
FR;8;2022-06-14;0;0;0;0;0;0;0;0;0;0;0;0;0;0;0;0;0;0
FR;8;2022-06-15;0;0;0;0;0;0;0;0;0;0;0;0;0;0;0;0;0;0
FR;8;2022-06-16;0;0;0;0;0;0;0;0;0;0;0;0;0;0;0;0;0;0
FR;8;2022-06-17;0;0;0;0;0;0;0;0;0;0;0;0;0;0;0;0;0;0
FR;8;2022-06-18;0;0;0;0;0;0;0;0;0;0;0;0;0;0;0;0;0;0
FR;8;2022-06-19;0;0;0;0;0;0;0;0;0;0;0;0;0;0;0;0;0;0
FR;8;2022-06-20;0;0;0;0;0;0;0;0;0;0;0;0;0;0;0;0;0;0
FR;8;2022-06-21;0;0;0;0;0;0;0;0;0;0;0;0;0;0;0;0;0;0
FR;8;2022-06-22;0;0;0;0;0;0;0;0;0;0;0;0;0;0;0;0;0;0
FR;8;2022-06-23;0;0;0;0;0;0;0;0;0;0;0;0;0;0;0;0;0;0
FR;8;2022-06-24;0;0;0;0;0;0;0;0;0;0;0;0;0;0;0;0;0;0
FR;8;2022-06-25;0;0;0;0;0;0;0;0;0;0;0;0;0;0;0;0;0;0
FR;8;2022-06-26;0;0;0;0;0;0;0;0;0;0;0;0;0;0;0;0;0;0
FR;8;2022-06-27;0;0;0;0;0;0;0;0;0;0;0;0;0;0;0;0;0;0
FR;8;2022-06-28;0;0;0;0;0;0;0;0;0;0;0;0;0;0;0;0;0;0
FR;8;2022-06-29;0;0;0;0;0;0;0;0;0;0;0;0;0;0;0;0;0;0
FR;8;2022-06-30;0;0;0;0;0;0;0;0;0;0;0;0;0;0;0;0;0;0
FR;8;2022-07-01;0;0;0;0;0;0;0;0;0;0;0;0;0;0;0;0;0;0
FR;8;2022-07-02;0;0;0;0;0;0;0;0;0;0;0;0;0;0;0;0;0;0
FR;8;2022-07-03;0;0;0;0;0;0;0;0;0;0;0;0;0;0;0;0;0;0
FR;8;2022-07-04;0;0;0;0;0;0;0;0;0;0;0;0;0;0;0;0;0;0
FR;8;2022-07-05;0;0;0;0;0;0;0;0;0;0;0;0;0;0;0;0;0;0
FR;8;2022-07-06;0;0;0;0;0;0;0;0;0;0;0;0;0;0;0;0;0;0
FR;8;2022-07-07;0;0;0;0;0;0;0;0;0;0;0;0;0;0;0;0;0;0
FR;8;2022-07-08;0;0;0;0;0;0;0;0;0;0;0;0;0;0;0;0;0;0
FR;8;2022-07-09;0;0;0;0;0;0;0;0;0;0;0;0;0;0;0;0;0;0
FR;8;2022-07-10;0;0;0;0;0;0;0;0;0;0;0;0;0;0;0;0;0;0
FR;8;2022-07-11;0;0;0;0;0;0;0;0;0;0;0;0;0;0;0;0;0;0
FR;8;2022-07-12;0;0;0;0;0;0;0;0;0;0;0;0;0;0;0;0;0;0
FR;8;2022-07-13;0;0;0;0;0;0;0;0;0;0;0;0;0;0;0;0;0;0
FR;8;2022-07-14;0;0;0;0;0;0;0;0;0;0;0;0;0;0;0;0;0;0
FR;8;2022-07-15;0;0;0;0;0;0;0;0;0;0;0;0;0;0;0;0;0;0
FR;8;2022-07-16;0;0;0;0;0;0;0;0;0;0;0;0;0;0;0;0;0;0
FR;8;2022-07-17;0;0;0;0;0;0;0;0;0;0;0;0;0;0;0;0;0;0
FR;8;2022-07-18;0;0;0;0;0;0;0;0;0;0;0;0;0;0;0;0;0;0
FR;8;2022-07-19;0;0;0;0;0;0;0;0;0;0;0;0;0;0;0;0;0;0
FR;8;2022-07-20;0;0;0;0;0;0;0;0;0;0;0;0;0;0;0;0;0;0
FR;8;2022-07-21;0;0;0;0;0;0;0;0;0;0;0;0;0;0;0;0;0;0
FR;8;2022-07-22;0;0;0;0;0;0;0;0;0;0;0;0;0;0;0;0;0;0
FR;8;2022-07-23;0;0;0;0;0;0;0;0;0;0;0;0;0;0;0;0;0;0
FR;8;2022-07-24;0;0;0;0;0;0;0;0;0;0;0;0;0;0;0;0;0;0
FR;8;2022-07-25;0;0;0;0;0;0;0;0;0;0;0;0;0;0;0;0;0;0
FR;8;2022-07-26;0;0;0;0;0;0;0;0;0;0;0;0;0;0;0;0;0;0
FR;8;2022-07-27;0;0;0;0;0;0;0;0;0;0;0;0;0;0;0;0;0;0
FR;8;2022-07-28;0;0;0;0;0;0;0;0;0;0;0;0;0;0;0;0;0;0
FR;8;2022-07-29;0;0;0;0;0;0;0;0;0;0;0;0;0;0;0;0;0;0
FR;8;2022-07-30;0;0;0;0;0;0;0;0;0;0;0;0;0;0;0;0;0;0
FR;8;2022-07-31;0;0;0;0;0;0;0;0;0;0;0;0;0;0;0;0;0;0
FR;8;2022-08-01;0;0;0;0;0;0;0;0;0;0;0;0;0;0;0;0;0;0
FR;8;2022-08-02;0;0;0;0;0;0;0;0;0;0;0;0;0;0;0;0;0;0
FR;8;2022-08-03;0;0;0;0;0;0;0;0;0;0;0;0;0;0;0;0;0;0
FR;8;2022-08-04;0;0;0;0;0;0;0;0;0;0;0;0;0;0;0;0;0;0
FR;8;2022-08-05;0;0;0;0;0;0;0;0;0;0;0;0;0;0;0;0;0;0
FR;8;2022-08-06;0;0;0;0;0;0;0;0;0;0;0;0;0;0;0;0;0;0
FR;8;2022-08-07;0;0;0;0;0;0;0;0;0;0;0;0;0;0;0;0;0;0
FR;8;2022-08-08;0;0;0;0;0;0;0;0;0;0;0;0;0;0;0;0;0;0
FR;8;2022-08-09;0;0;0;0;0;0;0;0;0;0;0;0;0;0;0;0;0;0
FR;8;2022-08-10;0;0;0;0;0;0;0;0;0;0;0;0;0;0;0;0;0;0
FR;8;2022-08-11;0;0;0;0;0;0;0;0;0;0;0;0;0;0;0;0;0;0
FR;8;2022-08-12;0;0;0;0;0;0;0;0;0;0;0;0;0;0;0;0;0;0
FR;8;2022-08-13;0;0;0;0;0;0;0;0;0;0;0;0;0;0;0;0;0;0
FR;8;2022-08-14;0;0;0;0;0;0;0;0;0;0;0;0;0;0;0;0;0;0
FR;8;2022-08-15;0;0;0;0;0;0;0;0;0;0;0;0;0;0;0;0;0;0
FR;8;2022-08-16;0;0;0;0;0;0;0;0;0;0;0;0;0;0;0;0;0;0
FR;8;2022-08-17;0;0;0;0;0;0;0;0;0;0;0;0;0;0;0;0;0;0
FR;8;2022-08-18;0;0;0;0;0;0;0;0;0;0;0;0;0;0;0;0;0;0
FR;8;2022-08-19;0;0;0;0;0;0;0;0;0;0;0;0;0;0;0;0;0;0
FR;8;2022-08-20;0;0;0;0;0;0;0;0;0;0;0;0;0;0;0;0;0;0
FR;8;2022-08-21;0;0;0;0;0;0;0;0;0;0;0;0;0;0;0;0;0;0
FR;8;2022-08-22;0;0;0;0;0;0;0;0;0;0;0;0;0;0;0;0;0;0
FR;8;2022-08-23;0;0;0;0;0;0;0;0;0;0;0;0;0;0;0;0;0;0
FR;8;2022-08-24;0;0;0;0;0;0;0;0;0;0;0;0;0;0;0;0;0;0
FR;8;2022-08-25;0;0;0;0;0;0;0;0;0;0;0;0;0;0;0;0;0;0
FR;8;2022-08-26;0;0;0;0;0;0;0;0;0;0;0;0;0;0;0;0;0;0
FR;8;2022-08-27;0;0;0;0;0;0;0;0;0;0;0;0;0;0;0;0;0;0
FR;8;2022-08-28;0;0;0;0;0;0;0;0;0;0;0;0;0;0;0;0;0;0
FR;8;2022-08-29;0;0;0;0;0;0;0;0;0;0;0;0;0;0;0;0;0;0
FR;8;2022-08-30;0;0;0;0;0;0;0;0;0;0;0;0;0;0;0;0;0;0
FR;8;2022-08-31;0;0;0;0;0;0;0;0;0;0;0;0;0;0;0;0;0;0
FR;8;2022-09-01;0;0;0;0;0;0;0;0;0;0;0;0;0;0;0;0;0;0
FR;8;2022-09-02;0;0;0;0;0;0;0;0;0;0;0;0;0;0;0;0;0;0
FR;8;2022-09-03;0;0;0;0;0;0;0;0;0;0;0;0;0;0;0;0;0;0
FR;8;2022-09-04;0;0;0;0;0;0;0;0;0;0;0;0;0;0;0;0;0;0
FR;8;2022-09-05;0;0;0;0;0;0;0;0;0;0;0;0;0;0;0;0;0;0
FR;8;2022-09-06;0;0;0;0;0;0;0;0;0;0;0;0;0;0;0;0;0;0
FR;8;2022-09-07;0;0;0;0;0;0;0;0;0;0;0;0;0;0;0;0;0;0
FR;8;2022-09-08;0;0;0;0;0;0;0;0;0;0;0;0;0;0;0;0;0;0
FR;8;2022-09-09;0;0;0;0;0;0;0;0;0;0;0;0;0;0;0;0;0;0
FR;8;2022-09-10;0;0;0;0;0;0;0;0;0;0;0;0;0;0;0;0;0;0
FR;8;2022-09-11;0;0;0;0;0;0;0;0;0;0;0;0;0;0;0;0;0;0
FR;8;2022-09-12;0;0;0;0;0;0;0;0;0;0;0;0;0;0;0;0;0;0
FR;8;2022-09-13;0;0;0;0;0;0;0;0;0;0;0;0;0;0;0;0;0;0
FR;8;2022-09-14;0;0;0;0;0;0;0;0;0;0;0;0;0;0;0;0;0;0
FR;8;2022-09-15;0;0;0;0;0;0;0;0;0;0;0;0;0;0;0;0;0;0
FR;8;2022-09-16;0;0;0;0;0;0;0;0;0;0;0;0;0;0;0;0;0;0
FR;8;2022-09-17;0;0;0;0;0;0;0;0;0;0;0;0;0;0;0;0;0;0
FR;8;2022-09-18;0;0;0;0;0;0;0;0;0;0;0;0;0;0;0;0;0;0
FR;8;2022-09-19;0;0;0;0;0;0;0;0;0;0;0;0;0;0;0;0;0;0
FR;8;2022-09-20;0;0;0;0;0;0;0;0;0;0;0;0;0;0;0;0;0;0
FR;8;2022-09-21;0;0;0;0;0;0;0;0;0;0;0;0;0;0;0;0;0;0
FR;8;2022-09-22;0;0;0;0;0;0;0;0;0;0;0;0;0;0;0;0;0;0
FR;8;2022-09-23;0;0;0;0;0;0;0;0;0;0;0;0;0;0;0;0;0;0
FR;8;2022-09-24;0;0;0;0;0;0;0;0;0;0;0;0;0;0;0;0;0;0
FR;8;2022-09-25;0;0;0;0;0;0;0;0;0;0;0;0;0;0;0;0;0;0
FR;8;2022-09-26;0;0;0;0;0;0;0;0;0;0;0;0;0;0;0;0;0;0
FR;8;2022-09-27;0;0;0;0;0;0;0;0;0;0;0;0;0;0;0;0;0;0
FR;8;2022-09-28;0;0;0;0;0;0;0;0;0;0;0;0;0;0;0;0;0;0
FR;8;2022-09-29;0;0;0;0;0;0;0;0;0;0;0;0;0;0;0;0;0;0
FR;8;2022-09-30;0;0;0;0;0;0;0;0;0;0;0;0;0;0;0;0;0;0
FR;8;2022-10-01;0;0;0;0;0;0;0;0;0;0;0;0;0;0;0;0;0;0
FR;8;2022-10-02;0;0;0;0;0;0;0;0;0;0;0;0;0;0;0;0;0;0
FR;8;2022-10-03;0;0;0;0;0;0;0;0;0;0;0;0;0;0;0;0;0;0
FR;8;2022-10-04;0;0;0;0;0;0;0;0;0;0;0;0;0;0;0;0;0;0
FR;8;2022-10-05;0;0;0;0;0;0;0;0;0;0;0;0;0;0;0;0;0;0
FR;8;2022-10-06;12;17;113;861;8;83;866;1059;110;12;17;113;861;8;83;866;1059;110
FR;8;2022-10-07;73;103;842;8012;63;699;8066;9845;1073;85;120;955;8873;71;782;8932;10904;1183
FR;8;2022-10-08;36;115;610;4057;50;516;4109;5310;676;121;235;1565;12930;121;1298;13041;16214;1859
FR;8;2022-10-09;17;22;145;885;13;132;913;1234;185;138;257;1710;13815;134;1430;13954;17448;2044
FR;8;2022-10-10;120;192;1351;12749;106;1044;12980;16299;2253;258;449;3061;26564;240;2474;26934;33747;4297
FR;8;2022-10-11;186;264;2476;26927;136;2012;27198;33964;4717;444;713;5537;53491;376;4486;54132;67711;9014
FR;8;2022-10-12;158;258;1831;18236;152;1441;18472;23472;3535;602;971;7368;71727;528;5927;72604;91183;12549
FR;8;2022-10-13;208;281;2512;28077;178;1905;28441;35580;5206;810;1252;9880;99804;706;7832;101045;126763;17755
FR;8;2022-10-14;257;419;3271;36247;241;2556;36672;45577;6307;1067;1671;13151;136051;947;10388;137717;172340;24062
FR;8;2022-10-15;103;182;1203;8806;79;1002;8932;11783;1829;1170;1853;14354;144857;1026;11390;146649;184123;25891
FR;8;2022-10-16;34;54;248;1522;26;215;1557;2179;402;1204;1907;14602;146379;1052;11605;148206;186302;26293
FR;8;2022-10-17;158;313;2101;21805;175;1631;22112;28301;4536;1362;2220;16703;168184;1227;13236;170318;214603;30829
FR;8;2022-10-18;270;350;3356;37861;227;2654;38244;50786;9815;1632;2570;20059;206045;1454;15890;208562;265389;40644
FR;8;2022-10-19;200;314;2631;28300;183;2187;28619;38729;7862;1832;2884;22690;234345;1637;18077;237181;304118;48506
FR;8;2022-10-20;256;368;3577;41208;229;2653;41813;55718;11167;2088;3252;26267;275553;1866;20730;278994;359836;59673
FR;8;2022-10-21;325;489;4461;49420;276;3475;50019;66309;12716;2413;3741;30728;324973;2142;24205;329013;426145;72389
FR;8;2022-10-22;126;168;1230;10664;111;927;10850;14745;2949;2539;3909;31958;335637;2253;25132;339863;440890;75338
FR;8;2022-10-23;50;53;266;1762;48;197;1841;2610;571;2589;3962;32224;337399;2301;25329;341704;443500;75909
FR;8;2022-10-24;231;311;2475;24044;174;2074;24342;33551;7084;2820;4273;34699;361443;2475;27403;366046;477051;82993
FR;8;2022-10-25;307;416;4081;43464;257;3136;44063;61310;14008;3127;4689;38780;404907;2732;30539;410109;538361;97001
FR;8;2022-10-26;226;343;2885;28761;186;2381;29040;41471;9962;3353;5032;41665;433668;2918;32920;439149;579832;106963
FR;8;2022-10-27;276;415;3329;36200;242;2635;36676;51265;11889;3629;5447;44994;469868;3160;35555;475825;631097;118852
FR;8;2022-10-28;328;466;3829;39477;258;2864;40200;55132;11999;3957;5913;48823;509345;3418;38419;516025;686229;130851
FR;8;2022-10-29;113;165;1074;8230;94;803;8374;11861;2667;4070;6078;49897;517575;3512;39222;524399;698090;133518
FR;8;2022-10-30;40;53;210;1348;38;180;1394;2063;485;4110;6131;50107;518923;3550;39402;525793;700153;134003
FR;8;2022-10-31;196;260;1665;14543;145;1277;14808;21209;5106;4306;6391;51772;533466;3695;40679;540601;721362;139109
FR;8;2022-11-01;41;42;137;963;24;171;978;1626;474;4347;6433;51909;534429;3719;40850;541579;722988;139583
FR;8;2022-11-02;197;371;2377;23320;205;1982;23714;35065;9302;4544;6804;54286;557749;3924;42832;565293;758053;148885
FR;8;2022-11-03;311;418;3487;36969;258;2604;37612;54691;14376;4855;7222;57773;594718;4182;45436;602905;812744;163261
FR;8;2022-11-04;355;496;3783;40210;260;2976;40732;57998;14179;5210;7718;61556;634928;4442;48412;643637;870742;177440
FR;8;2022-11-05;113;186;1103;8768;120;850;8935;12890;3070;5323;7904;62659;643696;4562;49262;652572;883632;180510
FR;8;2022-11-06;45;56;224;1408;38;205;1441;2249;593;5368;7960;62883;645104;4600;49467;654013;885881;181103
FR;8;2022-11-07;234;280;2324;24843;207;1799;25432;37629;10330;5602;8240;65207;669947;4807;51266;679445;923510;191433
FR;8;2022-11-08;348;506;4340;48400;307;3266;49379;71627;18820;5950;8746;69547;718347;5114;54532;728824;995137;210253
FR;8;2022-11-09;265;370;2879;29182;212;2263;29867;44485;12271;6215;9116;72426;747529;5326;56795;758691;1039622;222524
FR;8;2022-11-10;367;538;3958;40291;307;3028;41203;60577;16206;6582;9654;76384;787820;5633;59823;799894;1100199;238730
FR;8;2022-11-11;40;62;243;1479;33;204;1525;2675;933;6622;9716;76627;789299;5666;60027;801419;1102874;239663
FR;8;2022-11-12;84;165;881;6433;79;687;6636;9894;2552;6706;9881;77508;795732;5745;60714;808055;1112768;242215
FR;8;2022-11-13;36;54;213;1110;35;173;1162;1927;586;6742;9935;77721;796842;5780;60887;809217;1114695;242801
FR;8;2022-11-14;232;307;2242;22451;168;1725;23002;35096;10294;6974;10242;79963;819293;5948;62612;832219;1149791;253095
FR;8;2022-11-15;345;427;3766;42361;261;2871;43268;64817;18544;7319;10669;83729;861654;6209;65483;875487;1214608;271639
FR;8;2022-11-16;304;352;2621;26555;220;2158;27028;41766;12495;7623;11021;86350;888209;6429;67641;902515;1256374;284134
FR;8;2022-11-17;373;430;3386;36873;292;2617;37453;56661;16492;7996;11451;89736;925082;6721;70258;939968;1313035;300626
FR;8;2022-11-18;345;466;4073;42326;288;2977;43177;63687;17429;8341;11917;93809;967408;7009;73235;983145;1376722;318055
FR;8;2022-11-19;121;181;1198;8974;119;844;9156;13833;3795;8462;12098;95007;976382;7128;74079;992301;1390555;321850
FR;8;2022-11-20;35;53;260;1585;37;217;1653;2663;788;8497;12151;95267;977967;7165;74296;993954;1393218;322638
FR;8;2022-11-21;217;303;2078;20125;178;1601;20656;32172;9848;8714;12454;97345;998092;7343;75897;1014610;1425390;332486
FR;8;2022-11-22;336;407;3472;37565;251;2671;38080;58184;17322;9050;12861;100817;1035657;7594;78568;1052690;1483574;349808
FR;8;2022-11-23;231;327;2414;24439;192;2017;24867;39224;12258;9281;13188;103231;1060096;7786;80585;1077557;1522798;362066
FR;8;2022-11-24;348;391;3373;34912;238;2581;35600;55358;17078;9629;13579;106604;1095008;8024;83166;1113157;1578156;379144
FR;8;2022-11-25;309;428;3633;37740;290;2625;38538;57854;16567;9938;14007;110237;1132748;8314;85791;1151695;1636010;395711
FR;8;2022-11-26;172;195;1177;8819;127;898;8976;13689;3784;10110;14202;111414;1141567;8441;86689;1160671;1649699;399495
FR;8;2022-11-27;45;43;227;1545;38;180;1561;2472;721;10155;14245;111641;1143112;8479;86869;1162232;1652171;400216
FR;8;2022-11-28;184;301;2309;23380;172;1703;24044;37329;11508;10339;14546;113950;1166492;8651;88572;1186276;1689500;411724
FR;8;2022-11-29;293;428;3978;44083;217;2943;44769;69161;21326;10632;14974;117928;1210575;8868;91515;1231045;1758661;433050
FR;8;2022-11-30;283;410;3376;34886;226;2544;35650;54720;16408;10915;15384;121304;1245461;9094;94059;1266695;1813381;449458
FR;8;2022-12-01;334;476;4475;49364;274;3129;50140;77703;24271;11249;15860;125779;1294825;9368;97188;1316835;1891084;473729
FR;8;2022-12-02;409;518;5438;58446;304;3740;59625;89808;26254;11658;16378;131217;1353271;9672;100928;1376460;1980892;499983
FR;8;2022-12-03;178;218;1917;16860;108;1327;17272;25842;7207;11836;16596;133134;1370131;9780;102255;1393732;2006734;507190
FR;8;2022-12-04;53;90;489;4056;59;404;4116;6288;1756;11889;16686;133623;1374187;9839;102659;1397848;2013022;508946
FR;8;2022-12-05;287;404;3847;42356;247;2514;43279;66917;20975;12176;17090;137470;1416543;10086;105173;1441127;2079939;529921
FR;8;2022-12-06;427;547;6299;74321;306;4213;75740;117941;37742;12603;17637;143769;1490864;10392;109386;1516867;2197880;567663
FR;8;2022-12-07;363;436;4907;55025;265;3242;56111;87689;28141;12966;18073;148676;1545889;10657;112628;1572978;2285569;595804
FR;8;2022-12-08;453;534;6447;75449;292;4196;77033;120475;38985;13419;18607;155123;1621338;10949;116824;1650011;2406044;634789
FR;8;2022-12-09;546;604;8020;90900;356;5213;92667;143005;44857;13965;19211;163143;1712238;11305;122037;1742678;2549049;679646
FR;8;2022-12-10;264;312;3341;31719;179;2089;32565;48739;13994;14229;19523;166484;1743957;11484;124126;1775243;2597788;693640
FR;8;2022-12-11;90;104;937;7865;66;644;8083;11892;3145;14319;19627;167421;1751822;11550;124770;1783326;2609680;696785
FR;8;2022-12-12;355;462;5856;64342;253;3727;65854;103383;33604;14674;20089;173277;1816164;11803;128497;1849180;2713063;730389
FR;8;2022-12-13;532;605;8428;99108;351;5198;101550;160198;53115;15206;20694;181705;1915272;12154;133695;1950730;2873261;783504
FR;8;2022-12-14;456;533;6362;70055;306;4210;71637;113494;37377;15662;21227;188067;1985327;12460;137905;2022367;2986755;820881
FR;8;2022-12-15;491;653;8160;91744;369;5141;93954;149256;49820;16153;21880;196227;2077071;12829;143046;2116321;3136011;870701
FR;8;2022-12-16;582;710;8874;100309;387;5707;102439;161923;53402;16735;22590;205101;2177380;13216;148753;2218760;3297934;924103
FR;8;2022-12-17;234;308;3145;30070;190;2004;30841;46780;13830;16969;22898;208246;2207450;13406;150757;2249601;3344714;937933
FR;8;2022-12-18;63;94;732;5974;50;499;6122;9296;2646;17032;22992;208978;2213424;13456;151256;2255723;3354010;940579
FR;8;2022-12-19;399;453;5344;53765;265;3368;55328;87755;28877;17431;23445;214322;2267189;13721;154624;2311051;3441765;969456
FR;8;2022-12-20;555;581;7346;76574;348;4753;78672;127106;43353;17986;24026;221668;2343763;14069;159377;2389723;3568871;1012809
FR;8;2022-12-21;424;481;4969;48806;287;3324;50098;81779;28159;18410;24507;226637;2392569;14356;162701;2439821;3650650;1040968
FR;8;2022-12-22;462;525;4587;44272;314;3187;45492;74775;25941;18872;25032;231224;2436841;14670;165888;2485313;3725425;1066909
FR;8;2022-12-23;320;389;2886;25048;252;2101;25696;42322;14407;19192;25421;234110;2461889;14922;167989;2511009;3767747;1081316
FR;8;2022-12-24;70;70;395;2551;41;295;2665;4151;1174;19262;25491;234505;2464440;14963;168284;2513674;3771898;1082490
FR;8;2022-12-25;29;30;106;546;22;84;567;914;260;19291;25521;234611;2464986;14985;168368;2514241;3772812;1082750
FR;8;2022-12-26;244;276;2158;16073;178;1501;16695;26776;8485;19535;25797;236769;2481059;15163;169869;2530936;3799588;1091235
FR;8;2022-12-27;392;452;3774;32409;263;2532;33504;55302;19119;19927;26249;240543;2513468;15426;172401;2564440;3854890;1110354
FR;8;2022-12-28;343;342;2941;24661;191;2055;25249;41751;14327;20270;26591;243484;2538129;15617;174456;2589689;3896641;1124681
FR;8;2022-12-29;299;406;3158;25511;226;2186;26463;43969;15190;20569;26997;246642;2563640;15843;176642;2616152;3940610;1139871
FR;8;2022-12-30;298;343;2444;18677;216;1702;19319;31740;10611;20867;27340;249086;2582317;16059;178344;2635471;3972350;1150482
FR;8;2022-12-31;92;117;453;2959;75;364;3102;4755;1269;20959;27457;249539;2585276;16134;178708;2638573;3977105;1151751
FR;8;2023-01-01;17;30;112;661;14;85;684;995;225;20976;27487;249651;2585937;16148;178793;2639257;3978100;1151976
FR;8;2023-01-02;267;404;2262;18211;236;1608;18671;32030;11666;21243;27891;251913;2604148;16384;180401;2657928;4010130;1163642
FR;8;2023-01-03;468;542;4248;42803;322;2912;43719;80840;33886;21711;28433;256161;2646951;16706;183313;2701647;4090970;1197528
FR;8;2023-01-04;409;473;3492;29984;291;2422;30739;58271;24923;22120;28906;259653;2676935;16997;185735;2732386;4149241;1222451
FR;8;2023-01-05;504;597;4370;41813;400;2933;42707;82000;36039;22624;29503;264023;2718748;17397;188668;2775093;4231241;1258490
FR;8;2023-01-06;515;670;5106;46735;406;3342;47750;89691;38268;23139;30173;269129;2765483;17803;192010;2822843;4320932;1296758
FR;8;2023-01-07;217;289;1703;12300;180;1198;12614;22347;8435;23356;30462;270832;2777783;17983;193208;2835457;4343279;1305193
FR;8;2023-01-08;68;105;443;2744;64;312;2839;5094;1926;23424;30567;271275;2780527;18047;193520;2838296;4348373;1307119
FR;8;2023-01-09;402;480;2621;21477;312;1841;22050;44576;20465;23826;31047;273896;2802004;18359;195361;2860346;4392949;1327584
FR;8;2023-01-10;461;621;4345;40167;386;3062;40931;85027;40650;24287;31668;278241;2842171;18745;198423;2901277;4477976;1368234
FR;8;2023-01-11;346;458;2947;24112;286;2112;24623;51470;24443;24633;32126;281188;2866283;19031;200535;2925900;4529446;1392677
FR;8;2023-01-12;410;540;3656;33165;330;2573;33786;70814;34085;25043;32666;284844;2899448;19361;203108;2959686;4600260;1426762
FR;8;2023-01-13;447;589;4047;34885;339;2860;35479;72848;34130;25490;33255;288891;2934333;19700;205968;2995165;4673108;1460892
FR;8;2023-01-14;178;229;1338;8857;123;955;9039;17178;7104;25668;33484;290229;2943190;19823;206923;3004204;4690286;1467996
FR;8;2023-01-15;63;87;329;1475;53;244;1581;3172;1335;25731;33571;290558;2944665;19876;207167;3005785;4693458;1469331
FR;8;2023-01-16;267;339;1997;15749;198;1433;16010;35205;17559;25998;33910;292555;2960414;20074;208600;3021795;4728663;1486890
FR;8;2023-01-17;360;453;3246;28163;280;2320;28669;64501;33105;26358;34363;295801;2988577;20354;210920;3050464;4793164;1519995
FR;8;2023-01-18;266;407;2191;16821;247;1668;17063;38330;19344;26624;34770;297992;3005398;20601;212588;3067527;4831494;1539339
FR;8;2023-01-19;354;413;2665;22300;251;1945;22652;51206;26237;26978;35183;300657;3027698;20852;214533;3090179;4882700;1565576
FR;8;2023-01-20;403;506;3174;24796;306;2340;25276;56580;28583;27381;35689;303831;3052494;21158;216873;3115455;4939280;1594159
FR;8;2023-01-21;147;189;1002;6114;102;731;6240;12897;5829;27528;35878;304833;3058608;21260;217604;3121695;4952177;1599988
FR;8;2023-01-22;31;52;155;833;23;137;878;1879;844;27559;35930;304988;3059441;21283;217741;3122573;4954056;1600832
FR;8;2023-01-23;213;299;1588;10613;163;1162;10833;26663;14420;27772;36229;306576;3070054;21446;218903;3133406;4980719;1615252
FR;8;2023-01-24;304;416;2407;19964;247;1795;20232;49854;27409;28076;36645;308983;3090018;21693;220698;3153638;5030573;1642661
FR;8;2023-01-25;240;376;1799;12091;228;1323;12492;29958;15877;28316;37021;310782;3102109;21921;222021;3166130;5060531;1658538
FR;8;2023-01-26;299;380;2215;16480;260;1637;16752;41480;22705;28615;37401;312997;3118589;22181;223658;3182882;5102011;1681243
FR;8;2023-01-27;311;487;2457;17856;292;1841;18090;44123;23768;28926;37888;315454;3136445;22473;225499;3200972;5146134;1705011
FR;8;2023-01-28;125;187;766;4327;124;599;4442;9721;4591;29051;38075;316220;3140772;22597;226098;3205414;5155855;1709602
FR;8;2023-01-29;26;43;86;438;28;67;470;1058;513;29077;38118;316306;3141210;22625;226165;3205884;5156913;1710115
FR;8;2023-01-30;207;313;1224;7958;185;1010;8121;20443;11063;29284;38431;317530;3149168;22810;227175;3214005;5177356;1721178
FR;8;2023-01-31;272;382;1910;13586;235;1417;13812;36220;20700;29556;38813;319440;3162754;23045;228592;3227817;5213576;1741878
FR;8;2023-02-01;247;343;1329;8018;222;1087;8138;21682;12179;29803;39156;320769;3170772;23267;229679;3235955;5235258;1754057
FR;8;2023-02-02;257;383;1566;11431;231;1275;11651;30991;17704;30060;39539;322335;3182203;23498;230954;3247606;5266249;1771761
FR;8;2023-02-03;279;446;1846;12102;284;1434;12286;32929;18829;30339;39985;324181;3194305;23782;232388;3259892;5299178;1790590
FR;8;2023-02-04;117;158;568;2953;108;461;2995;7182;3655;30456;40143;324749;3197258;23890;232849;3262887;5306360;1794245
FR;8;2023-02-05;10;53;65;224;31;60;239;571;264;30466;40196;324814;3197482;23921;232909;3263126;5306931;1794509
FR;8;2023-02-06;184;241;939;5164;169;702;5347;14997;8716;30650;40437;325753;3202646;24090;233611;3268473;5321928;1803225
FR;8;2023-02-07;234;386;1454;9405;260;1179;9543;27515;16385;30884;40823;327207;3212051;24350;234790;3278016;5349443;1819610
FR;8;2023-02-08;172;248;1017;5839;170;807;5984;16521;9449;31056;41071;328224;3217890;24520;235597;3284000;5365964;1829059
FR;8;2023-02-09;236;384;1174;7535;246;982;7719;22209;13180;31292;41455;329398;3225425;24766;236579;3291719;5388173;1842239
FR;8;2023-02-10;277;362;1397;7952;244;1157;8085;23119;13495;31569;41817;330795;3233377;25010;237736;3299804;5411292;1855734
FR;8;2023-02-11;88;145;470;2015;100;402;2092;5227;2664;31657;41962;331265;3235392;25110;238138;3301896;5416519;1858398
FR;8;2023-02-12;26;31;51;163;25;45;184;425;189;31683;41993;331316;3235555;25135;238183;3302080;5416944;1858587
FR;8;2023-02-13;131;204;669;3152;128;606;3246;9274;5285;31814;42197;331985;3238707;25263;238789;3305326;5426218;1863872
FR;8;2023-02-14;188;262;1061;5686;159;885;5835;17079;10061;32002;42459;333046;3244393;25422;239674;3311161;5443297;1873933
FR;8;2023-02-15;162;251;847;3874;142;725;4047;11818;6844;32164;42710;333893;3248267;25564;240399;3315208;5455115;1880777
FR;8;2023-02-16;168;305;997;4915;172;849;5060;14611;8452;32332;43015;334890;3253182;25736;241248;3320268;5469726;1889229
FR;8;2023-02-17;227;316;1101;5201;222;941;5424;15936;9312;32559;43331;335991;3258383;25958;242189;3325692;5485662;1898541
FR;8;2023-02-18;95;130;395;1491;86;312;1565;3902;1969;32654;43461;336386;3259874;26044;242501;3327257;5489564;1900510
FR;8;2023-02-19;22;36;43;132;31;35;135;333;159;32676;43497;336429;3260006;26075;242536;3327392;5489897;1900669
FR;8;2023-02-20;140;256;632;2669;160;586;2784;8171;4655;32816;43753;337061;3262675;26235;243122;3330176;5498068;1905324
FR;8;2023-02-21;177;307;962;4285;163;835;4490;13542;7940;32993;44060;338023;3266960;26398;243957;3334666;5511610;1913264
FR;8;2023-02-22;155;253;661;2765;169;620;2798;8597;5012;33148;44313;338684;3269725;26567;244577;3337464;5520207;1918276
FR;8;2023-02-23;151;260;825;3773;153;732;3951;11821;6859;33299;44573;339509;3273498;26720;245309;3341415;5532028;1925135
FR;8;2023-02-24;157;309;952;4101;191;824;4287;12390;7040;33456;44882;340461;3277599;26911;246133;3345702;5544418;1932175
FR;8;2023-02-25;56;100;344;1058;67;274;1113;2939;1494;33512;44982;340805;3278657;26978;246407;3346815;5547357;1933669
FR;8;2023-02-26;14;21;31;95;22;28;108;249;106;33526;45003;340836;3278752;27000;246435;3346923;5547606;1933775
FR;8;2023-02-27;92;221;504;1828;152;479;1898;6235;3721;33618;45224;341340;3280580;27152;246914;3348821;5553841;1937496
FR;8;2023-02-28;156;256;753;3330;152;715;3457;11593;7126;33774;45480;342093;3283910;27304;247629;3352278;5565434;1944622
FR;8;2023-03-01;127;195;521;1829;144;459;1981;6234;3647;33901;45675;342614;3285739;27448;248088;3354259;5571668;1948269
FR;8;2023-03-02;128;217;711;2759;132;605;2953;9687;5899;34029;45892;343325;3288498;27580;248693;3357212;5581355;1954168
FR;8;2023-03-03;179;328;892;3403;217;791;3530;11206;6574;34208;46220;344217;3291901;27797;249484;3360742;5592561;1960742
FR;8;2023-03-04;58;134;310;975;81;293;981;2628;1295;34266;46354;344527;3292876;27878;249777;3361723;5595189;1962037
FR;8;2023-03-05;12;18;20;48;14;24;48;182;99;34278;46372;344547;3292924;27892;249801;3361771;5595371;1962136
FR;8;2023-03-06;117;176;412;1309;101;392;1368;4419;2521;34395;46548;344959;3294233;27993;250193;3363139;5599790;1964657
FR;8;2023-03-07;120;209;562;2150;125;519;2226;7502;4567;34515;46757;345521;3296383;28118;250712;3365365;5607292;1969224
FR;8;2023-03-08;88;173;445;1324;107;394;1394;4683;2742;34603;46930;345966;3297707;28225;251106;3366759;5611975;1971966
FR;8;2023-03-09;116;200;553;1865;122;518;1924;6745;4131;34719;47130;346519;3299572;28347;251624;3368683;5618720;1976097
FR;8;2023-03-10;198;329;762;2396;208;689;2515;8507;5064;34917;47459;347281;3301968;28555;252313;3371198;5627227;1981161
FR;8;2023-03-11;54;114;271;734;78;236;768;2152;1096;34971;47573;347552;3302702;28633;252549;3371966;5629379;1982257
FR;8;2023-03-12;6;10;23;60;8;22;61;172;85;34977;47583;347575;3302762;28641;252571;3372027;5629551;1982342
FR;8;2023-03-13;78;137;383;989;87;342;1067;3420;1921;35055;47720;347958;3303751;28728;252913;3373094;5632971;1984263
FR;8;2023-03-14;110;209;559;1732;123;543;1807;6351;3795;35165;47929;348517;3305483;28851;253456;3374901;5639322;1988058
FR;8;2023-03-15;104;164;405;1095;116;368;1164;4038;2359;35269;48093;348922;3306578;28967;253824;3376065;5643360;1990417
FR;8;2023-03-16;99;191;501;1489;123;457;1575;5553;3326;35368;48284;349423;3308067;29090;254281;3377640;5648913;1993743
FR;8;2023-03-17;138;219;639;1828;135;557;1974;6781;4005;35506;48503;350062;3309895;29225;254838;3379614;5655694;1997748
FR;8;2023-03-18;75;110;257;525;69;245;582;1832;944;35581;48613;350319;3310420;29294;255083;3380196;5657526;1998692
FR;8;2023-03-19;3;15;23;45;15;12;51;115;49;35584;48628;350342;3310465;29309;255095;3380247;5657641;1998741
FR;8;2023-03-20;83;171;401;921;95;399;1003;3491;1958;35667;48799;350743;3311386;29404;255494;3381250;5661132;2000699
FR;8;2023-03-21;126;200;569;1499;118;545;1670;6077;3616;35793;48999;351312;3312885;29522;256039;3382920;5667209;2004315
FR;8;2023-03-22;118;156;394;932;105;368;1045;3619;2080;35911;49155;351706;3313817;29627;256407;3383965;5670828;2006395
FR;8;2023-03-23;87;160;513;1269;88;456;1357;4821;2801;35998;49315;352219;3315086;29715;256863;3385322;5675649;2009196
FR;8;2023-03-24;142;258;684;1611;151;623;1777;6199;3543;36140;49573;352903;3316697;29866;257486;3387099;5681848;2012739
FR;8;2023-03-25;58;92;264;491;70;229;545;1600;758;36198;49665;353167;3317188;29936;257715;3387644;5683448;2013497
FR;8;2023-03-26;6;9;16;30;8;13;30;83;38;36204;49674;353183;3317218;29944;257728;3387674;5683531;2013535
FR;8;2023-03-27;107;167;402;783;122;383;870;3112;1737;36311;49841;353585;3318001;30066;258111;3388544;5686643;2015272
FR;8;2023-03-28;111;178;526;1441;98;482;1575;5777;3437;36422;50019;354111;3319442;30164;258593;3390119;5692420;2018709
FR;8;2023-03-29;88;167;369;886;85;361;1023;3537;1965;36510;50186;354480;3320328;30249;258954;3391142;5695957;2020674
FR;8;2023-03-30;94;168;478;1244;84;474;1387;5028;2871;36604;50354;354958;3321572;30333;259428;3392529;5700985;2023545
FR;8;2023-03-31;126;243;634;1608;162;556;1748;6355;3687;36730;50597;355592;3323180;30495;259984;3394277;5707340;2027232
FR;8;2023-04-01;57;104;280;536;52;238;623;1820;867;36787;50701;355872;3323716;30547;260222;3394900;5709160;2028099
FR;8;2023-04-02;5;21;20;32;12;26;34;99;39;36792;50722;355892;3323748;30559;260248;3394934;5709259;2028138
FR;8;2023-04-03;71;130;347;720;84;317;814;2874;1575;36863;50852;356239;3324468;30643;260565;3395748;5712133;2029713
FR;8;2023-04-04;76;172;441;1082;115;364;1229;4786;2836;36939;51024;356680;3325550;30758;260929;3396977;5716919;2032549
FR;8;2023-04-05;68;132;339;712;83;322;803;3092;1762;37007;51156;357019;3326262;30841;261251;3397780;5720011;2034311
FR;8;2023-04-06;90;117;361;941;72;328;1049;3870;2198;37097;51273;357380;3327203;30913;261579;3398829;5723881;2036509
FR;8;2023-04-07;116;206;484;1146;122;442;1246;4544;2536;37213;51479;357864;3328349;31035;262021;3400075;5728425;2039045
FR;8;2023-04-08;29;87;205;344;53;195;379;1201;536;37242;51566;358069;3328693;31088;262216;3400454;5729626;2039581
FR;8;2023-04-09;3;11;16;12;4;19;16;52;15;37245;51577;358085;3328705;31092;262235;3400470;5729678;2039596
FR;8;2023-04-10;6;7;21;27;1;21;35;85;25;37251;51584;358106;3328732;31093;262256;3400505;5729763;2039621
FR;8;2023-04-11;72;168;454;867;90;443;966;3933;2164;37323;51752;358560;3329599;31183;262699;3401471;5733696;2041785
FR;8;2023-04-12;73;134;297;645;88;289;697;2885;1631;37396;51886;358857;3330244;31271;262988;3402168;5736581;2043416
FR;8;2023-04-13;66;159;341;833;95;331;919;3782;2171;37462;52045;359198;3331077;31366;263319;3403087;5740363;2045587
FR;8;2023-04-14;113;184;457;1095;121;410;1174;4744;2738;37575;52229;359655;3332172;31487;263729;3404261;5745107;2048325
FR;8;2023-04-15;29;79;173;364;40;173;390;1327;617;37604;52308;359828;3332536;31527;263902;3404651;5746434;2048942
FR;8;2023-04-16;14;9;9;28;8;13;23;73;29;37618;52317;359837;3332564;31535;263915;3404674;5746507;2048971
FR;8;2023-04-17;50;124;268;513;67;272;596;2605;1414;37668;52441;360105;3333077;31602;264187;3405270;5749112;2050385
FR;8;2023-04-18;90;129;341;732;76;347;812;3589;2038;37758;52570;360446;3333809;31678;264534;3406082;5752701;2052423
FR;9;2020-12-27;0;0;0;0;0;0;0;0;0;0;0;0;0;0;0;0;0;0
FR;9;2020-12-28;0;0;0;0;0;0;0;0;0;0;0;0;0;0;0;0;0;0
FR;9;2020-12-29;0;0;0;0;0;0;0;0;0;0;0;0;0;0;0;0;0;0
FR;9;2020-12-30;0;0;0;0;0;0;0;0;0;0;0;0;0;0;0;0;0;0
FR;9;2020-12-31;0;0;0;0;0;0;0;0;0;0;0;0;0;0;0;0;0;0
FR;9;2021-01-01;0;0;0;0;0;0;0;0;0;0;0;0;0;0;0;0;0;0
FR;9;2021-01-02;0;0;0;0;0;0;0;0;0;0;0;0;0;0;0;0;0;0
FR;9;2021-01-03;0;0;0;0;0;0;0;0;0;0;0;0;0;0;0;0;0;0
FR;9;2021-01-04;0;0;0;0;0;0;0;0;0;0;0;0;0;0;0;0;0;0
FR;9;2021-01-05;0;0;0;0;0;0;0;0;0;0;0;0;0;0;0;0;0;0
FR;9;2021-01-06;0;0;0;0;0;0;0;0;0;0;0;0;0;0;0;0;0;0
FR;9;2021-01-07;0;0;0;0;0;0;0;0;0;0;0;0;0;0;0;0;0;0
FR;9;2021-01-08;0;0;0;0;0;0;0;0;0;0;0;0;0;0;0;0;0;0
FR;9;2021-01-09;0;0;0;0;0;0;0;0;0;0;0;0;0;0;0;0;0;0
FR;9;2021-01-10;0;0;0;0;0;0;0;0;0;0;0;0;0;0;0;0;0;0
FR;9;2021-01-11;0;0;0;0;0;0;0;0;0;0;0;0;0;0;0;0;0;0
FR;9;2021-01-12;0;0;0;0;0;0;0;0;0;0;0;0;0;0;0;0;0;0
FR;9;2021-01-13;0;0;0;0;0;0;0;0;0;0;0;0;0;0;0;0;0;0
FR;9;2021-01-14;0;0;0;0;0;0;0;0;0;0;0;0;0;0;0;0;0;0
FR;9;2021-01-15;0;0;0;0;0;0;0;0;0;0;0;0;0;0;0;0;0;0
FR;9;2021-01-16;0;0;0;0;0;0;0;0;0;0;0;0;0;0;0;0;0;0
FR;9;2021-01-17;0;0;0;0;0;0;0;0;0;0;0;0;0;0;0;0;0;0
FR;9;2021-01-18;0;0;0;0;0;0;0;0;0;0;0;0;0;0;0;0;0;0
FR;9;2021-01-19;0;0;0;0;0;0;0;0;0;0;0;0;0;0;0;0;0;0
FR;9;2021-01-20;0;0;0;0;0;0;0;0;0;0;0;0;0;0;0;0;0;0
FR;9;2021-01-21;0;0;0;0;0;0;0;0;0;0;0;0;0;0;0;0;0;0
FR;9;2021-01-22;0;0;0;0;0;0;0;0;0;0;0;0;0;0;0;0;0;0
FR;9;2021-01-23;0;0;0;0;0;0;0;0;0;0;0;0;0;0;0;0;0;0
FR;9;2021-01-24;0;0;0;0;0;0;0;0;0;0;0;0;0;0;0;0;0;0
FR;9;2021-01-25;0;0;0;0;0;0;0;0;0;0;0;0;0;0;0;0;0;0
FR;9;2021-01-26;0;0;0;0;0;0;0;0;0;0;0;0;0;0;0;0;0;0
FR;9;2021-01-27;0;0;0;0;0;0;0;0;0;0;0;0;0;0;0;0;0;0
FR;9;2021-01-28;0;0;0;0;0;0;0;0;0;0;0;0;0;0;0;0;0;0
FR;9;2021-01-29;0;0;0;0;0;0;0;0;0;0;0;0;0;0;0;0;0;0
FR;9;2021-01-30;0;0;0;0;0;0;0;0;0;0;0;0;0;0;0;0;0;0
FR;9;2021-01-31;0;0;0;0;0;0;0;0;0;0;0;0;0;0;0;0;0;0
FR;9;2021-02-01;0;0;0;0;0;0;0;0;0;0;0;0;0;0;0;0;0;0
FR;9;2021-02-02;0;0;0;0;0;0;0;0;0;0;0;0;0;0;0;0;0;0
FR;9;2021-02-03;0;0;0;0;0;0;0;0;0;0;0;0;0;0;0;0;0;0
FR;9;2021-02-04;0;0;0;0;0;0;0;0;0;0;0;0;0;0;0;0;0;0
FR;9;2021-02-05;0;0;0;0;0;0;0;0;0;0;0;0;0;0;0;0;0;0
FR;9;2021-02-06;0;0;0;0;0;0;0;0;0;0;0;0;0;0;0;0;0;0
FR;9;2021-02-07;0;0;0;0;0;0;0;0;0;0;0;0;0;0;0;0;0;0
FR;9;2021-02-08;0;0;0;0;0;0;0;0;0;0;0;0;0;0;0;0;0;0
FR;9;2021-02-09;0;0;0;0;0;0;0;0;0;0;0;0;0;0;0;0;0;0
FR;9;2021-02-10;0;0;0;0;0;0;0;0;0;0;0;0;0;0;0;0;0;0
FR;9;2021-02-11;0;0;0;0;0;0;0;0;0;0;0;0;0;0;0;0;0;0
FR;9;2021-02-12;0;0;0;0;0;0;0;0;0;0;0;0;0;0;0;0;0;0
FR;9;2021-02-13;0;0;0;0;0;0;0;0;0;0;0;0;0;0;0;0;0;0
FR;9;2021-02-14;0;0;0;0;0;0;0;0;0;0;0;0;0;0;0;0;0;0
FR;9;2021-02-15;0;0;0;0;0;0;0;0;0;0;0;0;0;0;0;0;0;0
FR;9;2021-02-16;0;0;0;0;0;0;0;0;0;0;0;0;0;0;0;0;0;0
FR;9;2021-02-17;0;0;0;0;0;0;0;0;0;0;0;0;0;0;0;0;0;0
FR;9;2021-02-18;0;0;0;0;0;0;0;0;0;0;0;0;0;0;0;0;0;0
FR;9;2021-02-19;0;0;0;0;0;0;0;0;0;0;0;0;0;0;0;0;0;0
FR;9;2021-02-20;0;0;0;0;0;0;0;0;0;0;0;0;0;0;0;0;0;0
FR;9;2021-02-21;0;0;0;0;0;0;0;0;0;0;0;0;0;0;0;0;0;0
FR;9;2021-02-22;0;0;0;0;0;0;0;0;0;0;0;0;0;0;0;0;0;0
FR;9;2021-02-23;0;0;0;0;0;0;0;0;0;0;0;0;0;0;0;0;0;0
FR;9;2021-02-24;0;0;0;0;0;0;0;0;0;0;0;0;0;0;0;0;0;0
FR;9;2021-02-25;0;0;0;0;0;0;0;0;0;0;0;0;0;0;0;0;0;0
FR;9;2021-02-26;0;0;0;0;0;0;0;0;0;0;0;0;0;0;0;0;0;0
FR;9;2021-02-27;0;0;0;0;0;0;0;0;0;0;0;0;0;0;0;0;0;0
FR;9;2021-02-28;0;0;0;0;0;0;0;0;0;0;0;0;0;0;0;0;0;0
FR;9;2021-03-01;0;0;0;0;0;0;0;0;0;0;0;0;0;0;0;0;0;0
FR;9;2021-03-02;0;0;0;0;0;0;0;0;0;0;0;0;0;0;0;0;0;0
FR;9;2021-03-03;0;0;0;0;0;0;0;0;0;0;0;0;0;0;0;0;0;0
FR;9;2021-03-04;0;0;0;0;0;0;0;0;0;0;0;0;0;0;0;0;0;0
FR;9;2021-03-05;0;0;0;0;0;0;0;0;0;0;0;0;0;0;0;0;0;0
FR;9;2021-03-06;0;0;0;0;0;0;0;0;0;0;0;0;0;0;0;0;0;0
FR;9;2021-03-07;0;0;0;0;0;0;0;0;0;0;0;0;0;0;0;0;0;0
FR;9;2021-03-08;0;0;0;0;0;0;0;0;0;0;0;0;0;0;0;0;0;0
FR;9;2021-03-09;0;0;0;0;0;0;0;0;0;0;0;0;0;0;0;0;0;0
FR;9;2021-03-10;0;0;0;0;0;0;0;0;0;0;0;0;0;0;0;0;0;0
FR;9;2021-03-11;0;0;0;0;0;0;0;0;0;0;0;0;0;0;0;0;0;0
FR;9;2021-03-12;0;0;0;0;0;0;0;0;0;0;0;0;0;0;0;0;0;0
FR;9;2021-03-13;0;0;0;0;0;0;0;0;0;0;0;0;0;0;0;0;0;0
FR;9;2021-03-14;0;0;0;0;0;0;0;0;0;0;0;0;0;0;0;0;0;0
FR;9;2021-03-15;0;0;0;0;0;0;0;0;0;0;0;0;0;0;0;0;0;0
FR;9;2021-03-16;0;0;0;0;0;0;0;0;0;0;0;0;0;0;0;0;0;0
FR;9;2021-03-17;0;0;0;0;0;0;0;0;0;0;0;0;0;0;0;0;0;0
FR;9;2021-03-18;0;0;0;0;0;0;0;0;0;0;0;0;0;0;0;0;0;0
FR;9;2021-03-19;0;0;0;0;0;0;0;0;0;0;0;0;0;0;0;0;0;0
FR;9;2021-03-20;0;0;0;0;0;0;0;0;0;0;0;0;0;0;0;0;0;0
FR;9;2021-03-21;0;0;0;0;0;0;0;0;0;0;0;0;0;0;0;0;0;0
FR;9;2021-03-22;0;0;0;0;0;0;0;0;0;0;0;0;0;0;0;0;0;0
FR;9;2021-03-23;0;0;0;0;0;0;0;0;0;0;0;0;0;0;0;0;0;0
FR;9;2021-03-24;0;0;0;0;0;0;0;0;0;0;0;0;0;0;0;0;0;0
FR;9;2021-03-25;0;0;0;0;0;0;0;0;0;0;0;0;0;0;0;0;0;0
FR;9;2021-03-26;0;0;0;0;0;0;0;0;0;0;0;0;0;0;0;0;0;0
FR;9;2021-03-27;0;0;0;0;0;0;0;0;0;0;0;0;0;0;0;0;0;0
FR;9;2021-03-28;0;0;0;0;0;0;0;0;0;0;0;0;0;0;0;0;0;0
FR;9;2021-03-29;0;0;0;0;0;0;0;0;0;0;0;0;0;0;0;0;0;0
FR;9;2021-03-30;0;0;0;0;0;0;0;0;0;0;0;0;0;0;0;0;0;0
FR;9;2021-03-31;0;0;0;0;0;0;0;0;0;0;0;0;0;0;0;0;0;0
FR;9;2021-04-01;0;0;0;0;0;0;0;0;0;0;0;0;0;0;0;0;0;0
FR;9;2021-04-02;0;0;0;0;0;0;0;0;0;0;0;0;0;0;0;0;0;0
FR;9;2021-04-03;0;0;0;0;0;0;0;0;0;0;0;0;0;0;0;0;0;0
FR;9;2021-04-04;0;0;0;0;0;0;0;0;0;0;0;0;0;0;0;0;0;0
FR;9;2021-04-05;0;0;0;0;0;0;0;0;0;0;0;0;0;0;0;0;0;0
FR;9;2021-04-06;0;0;0;0;0;0;0;0;0;0;0;0;0;0;0;0;0;0
FR;9;2021-04-07;0;0;0;0;0;0;0;0;0;0;0;0;0;0;0;0;0;0
FR;9;2021-04-08;0;0;0;0;0;0;0;0;0;0;0;0;0;0;0;0;0;0
FR;9;2021-04-09;0;0;0;0;0;0;0;0;0;0;0;0;0;0;0;0;0;0
FR;9;2021-04-10;0;0;0;0;0;0;0;0;0;0;0;0;0;0;0;0;0;0
FR;9;2021-04-11;0;0;0;0;0;0;0;0;0;0;0;0;0;0;0;0;0;0
FR;9;2021-04-12;0;0;0;0;0;0;0;0;0;0;0;0;0;0;0;0;0;0
FR;9;2021-04-13;0;0;0;0;0;0;0;0;0;0;0;0;0;0;0;0;0;0
FR;9;2021-04-14;0;0;0;0;0;0;0;0;0;0;0;0;0;0;0;0;0;0
FR;9;2021-04-15;0;0;0;0;0;0;0;0;0;0;0;0;0;0;0;0;0;0
FR;9;2021-04-16;0;0;0;0;0;0;0;0;0;0;0;0;0;0;0;0;0;0
FR;9;2021-04-17;0;0;0;0;0;0;0;0;0;0;0;0;0;0;0;0;0;0
FR;9;2021-04-18;0;0;0;0;0;0;0;0;0;0;0;0;0;0;0;0;0;0
FR;9;2021-04-19;0;0;0;0;0;0;0;0;0;0;0;0;0;0;0;0;0;0
FR;9;2021-04-20;0;0;0;0;0;0;0;0;0;0;0;0;0;0;0;0;0;0
FR;9;2021-04-21;0;0;0;0;0;0;0;0;0;0;0;0;0;0;0;0;0;0
FR;9;2021-04-22;0;0;0;0;0;0;0;0;0;0;0;0;0;0;0;0;0;0
FR;9;2021-04-23;0;0;0;0;0;0;0;0;0;0;0;0;0;0;0;0;0;0
FR;9;2021-04-24;0;0;0;0;0;0;0;0;0;0;0;0;0;0;0;0;0;0
FR;9;2021-04-25;0;0;0;0;0;0;0;0;0;0;0;0;0;0;0;0;0;0
FR;9;2021-04-26;0;0;0;0;0;0;0;0;0;0;0;0;0;0;0;0;0;0
FR;9;2021-04-27;0;0;0;0;0;0;0;0;0;0;0;0;0;0;0;0;0;0
FR;9;2021-04-28;0;0;0;0;0;0;0;0;0;0;0;0;0;0;0;0;0;0
FR;9;2021-04-29;0;0;0;0;0;0;0;0;0;0;0;0;0;0;0;0;0;0
FR;9;2021-04-30;0;0;0;0;0;0;0;0;0;0;0;0;0;0;0;0;0;0
FR;9;2021-05-01;0;0;0;0;0;0;0;0;0;0;0;0;0;0;0;0;0;0
FR;9;2021-05-02;0;0;0;0;0;0;0;0;0;0;0;0;0;0;0;0;0;0
FR;9;2021-05-03;0;0;0;0;0;0;0;0;0;0;0;0;0;0;0;0;0;0
FR;9;2021-05-04;0;0;0;0;0;0;0;0;0;0;0;0;0;0;0;0;0;0
FR;9;2021-05-05;0;0;0;0;0;0;0;0;0;0;0;0;0;0;0;0;0;0
FR;9;2021-05-06;0;0;0;0;0;0;0;0;0;0;0;0;0;0;0;0;0;0
FR;9;2021-05-07;0;0;0;0;0;0;0;0;0;0;0;0;0;0;0;0;0;0
FR;9;2021-05-08;0;0;0;0;0;0;0;0;0;0;0;0;0;0;0;0;0;0
FR;9;2021-05-09;0;0;0;0;0;0;0;0;0;0;0;0;0;0;0;0;0;0
FR;9;2021-05-10;0;0;0;0;0;0;0;0;0;0;0;0;0;0;0;0;0;0
FR;9;2021-05-11;0;0;0;0;0;0;0;0;0;0;0;0;0;0;0;0;0;0
FR;9;2021-05-12;0;0;0;0;0;0;0;0;0;0;0;0;0;0;0;0;0;0
FR;9;2021-05-13;0;0;0;0;0;0;0;0;0;0;0;0;0;0;0;0;0;0
FR;9;2021-05-14;0;0;0;0;0;0;0;0;0;0;0;0;0;0;0;0;0;0
FR;9;2021-05-15;0;0;0;0;0;0;0;0;0;0;0;0;0;0;0;0;0;0
FR;9;2021-05-16;0;0;0;0;0;0;0;0;0;0;0;0;0;0;0;0;0;0
FR;9;2021-05-17;0;0;0;0;0;0;0;0;0;0;0;0;0;0;0;0;0;0
FR;9;2021-05-18;0;0;0;0;0;0;0;0;0;0;0;0;0;0;0;0;0;0
FR;9;2021-05-19;0;0;0;0;0;0;0;0;0;0;0;0;0;0;0;0;0;0
FR;9;2021-05-20;0;0;0;0;0;0;0;0;0;0;0;0;0;0;0;0;0;0
FR;9;2021-05-21;0;0;0;0;0;0;0;0;0;0;0;0;0;0;0;0;0;0
FR;9;2021-05-22;0;0;0;0;0;0;0;0;0;0;0;0;0;0;0;0;0;0
FR;9;2021-05-23;0;0;0;0;0;0;0;0;0;0;0;0;0;0;0;0;0;0
FR;9;2021-05-24;0;0;0;0;0;0;0;0;0;0;0;0;0;0;0;0;0;0
FR;9;2021-05-25;0;0;0;0;0;0;0;0;0;0;0;0;0;0;0;0;0;0
FR;9;2021-05-26;0;0;0;0;0;0;0;0;0;0;0;0;0;0;0;0;0;0
FR;9;2021-05-27;0;0;0;0;0;0;0;0;0;0;0;0;0;0;0;0;0;0
FR;9;2021-05-28;0;0;0;0;0;0;0;0;0;0;0;0;0;0;0;0;0;0
FR;9;2021-05-29;0;0;0;0;0;0;0;0;0;0;0;0;0;0;0;0;0;0
FR;9;2021-05-30;0;0;0;0;0;0;0;0;0;0;0;0;0;0;0;0;0;0
FR;9;2021-05-31;0;0;0;0;0;0;0;0;0;0;0;0;0;0;0;0;0;0
FR;9;2021-06-01;0;0;0;0;0;0;0;0;0;0;0;0;0;0;0;0;0;0
FR;9;2021-06-02;0;0;0;0;0;0;0;0;0;0;0;0;0;0;0;0;0;0
FR;9;2021-06-03;0;0;0;0;0;0;0;0;0;0;0;0;0;0;0;0;0;0
FR;9;2021-06-04;0;0;0;0;0;0;0;0;0;0;0;0;0;0;0;0;0;0
FR;9;2021-06-05;0;0;0;0;0;0;0;0;0;0;0;0;0;0;0;0;0;0
FR;9;2021-06-06;0;0;0;0;0;0;0;0;0;0;0;0;0;0;0;0;0;0
FR;9;2021-06-07;0;0;0;0;0;0;0;0;0;0;0;0;0;0;0;0;0;0
FR;9;2021-06-08;0;0;0;0;0;0;0;0;0;0;0;0;0;0;0;0;0;0
FR;9;2021-06-09;0;0;0;0;0;0;0;0;0;0;0;0;0;0;0;0;0;0
FR;9;2021-06-10;0;0;0;0;0;0;0;0;0;0;0;0;0;0;0;0;0;0
FR;9;2021-06-11;0;0;0;0;0;0;0;0;0;0;0;0;0;0;0;0;0;0
FR;9;2021-06-12;0;0;0;0;0;0;0;0;0;0;0;0;0;0;0;0;0;0
FR;9;2021-06-13;0;0;0;0;0;0;0;0;0;0;0;0;0;0;0;0;0;0
FR;9;2021-06-14;0;0;0;0;0;0;0;0;0;0;0;0;0;0;0;0;0;0
FR;9;2021-06-15;0;0;0;0;0;0;0;0;0;0;0;0;0;0;0;0;0;0
FR;9;2021-06-16;0;0;0;0;0;0;0;0;0;0;0;0;0;0;0;0;0;0
FR;9;2021-06-17;0;0;0;0;0;0;0;0;0;0;0;0;0;0;0;0;0;0
FR;9;2021-06-18;0;0;0;0;0;0;0;0;0;0;0;0;0;0;0;0;0;0
FR;9;2021-06-19;0;0;0;0;0;0;0;0;0;0;0;0;0;0;0;0;0;0
FR;9;2021-06-20;0;0;0;0;0;0;0;0;0;0;0;0;0;0;0;0;0;0
FR;9;2021-06-21;0;0;0;0;0;0;0;0;0;0;0;0;0;0;0;0;0;0
FR;9;2021-06-22;0;0;0;0;0;0;0;0;0;0;0;0;0;0;0;0;0;0
FR;9;2021-06-23;0;0;0;0;0;0;0;0;0;0;0;0;0;0;0;0;0;0
FR;9;2021-06-24;0;0;0;0;0;0;0;0;0;0;0;0;0;0;0;0;0;0
FR;9;2021-06-25;0;0;0;0;0;0;0;0;0;0;0;0;0;0;0;0;0;0
FR;9;2021-06-26;0;0;0;0;0;0;0;0;0;0;0;0;0;0;0;0;0;0
FR;9;2021-06-27;0;0;0;0;0;0;0;0;0;0;0;0;0;0;0;0;0;0
FR;9;2021-06-28;0;0;0;0;0;0;0;0;0;0;0;0;0;0;0;0;0;0
FR;9;2021-06-29;0;0;0;0;0;0;0;0;0;0;0;0;0;0;0;0;0;0
FR;9;2021-06-30;0;0;0;0;0;0;0;0;0;0;0;0;0;0;0;0;0;0
FR;9;2021-07-01;0;0;0;0;0;0;0;0;0;0;0;0;0;0;0;0;0;0
FR;9;2021-07-02;0;0;0;0;0;0;0;0;0;0;0;0;0;0;0;0;0;0
FR;9;2021-07-03;0;0;0;0;0;0;0;0;0;0;0;0;0;0;0;0;0;0
FR;9;2021-07-04;0;0;0;0;0;0;0;0;0;0;0;0;0;0;0;0;0;0
FR;9;2021-07-05;0;0;0;0;0;0;0;0;0;0;0;0;0;0;0;0;0;0
FR;9;2021-07-06;0;0;0;0;0;0;0;0;0;0;0;0;0;0;0;0;0;0
FR;9;2021-07-07;0;0;0;0;0;0;0;0;0;0;0;0;0;0;0;0;0;0
FR;9;2021-07-08;0;0;0;0;0;0;0;0;0;0;0;0;0;0;0;0;0;0
FR;9;2021-07-09;0;0;0;0;0;0;0;0;0;0;0;0;0;0;0;0;0;0
FR;9;2021-07-10;0;0;0;0;0;0;0;0;0;0;0;0;0;0;0;0;0;0
FR;9;2021-07-11;0;0;0;0;0;0;0;0;0;0;0;0;0;0;0;0;0;0
FR;9;2021-07-12;0;0;0;0;0;0;0;0;0;0;0;0;0;0;0;0;0;0
FR;9;2021-07-13;0;0;0;0;0;0;0;0;0;0;0;0;0;0;0;0;0;0
FR;9;2021-07-14;0;0;0;0;0;0;0;0;0;0;0;0;0;0;0;0;0;0
FR;9;2021-07-15;0;0;0;0;0;0;0;0;0;0;0;0;0;0;0;0;0;0
FR;9;2021-07-16;0;0;0;0;0;0;0;0;0;0;0;0;0;0;0;0;0;0
FR;9;2021-07-17;0;0;0;0;0;0;0;0;0;0;0;0;0;0;0;0;0;0
FR;9;2021-07-18;0;0;0;0;0;0;0;0;0;0;0;0;0;0;0;0;0;0
FR;9;2021-07-19;0;0;0;0;0;0;0;0;0;0;0;0;0;0;0;0;0;0
FR;9;2021-07-20;0;0;0;0;0;0;0;0;0;0;0;0;0;0;0;0;0;0
FR;9;2021-07-21;0;0;0;0;0;0;0;0;0;0;0;0;0;0;0;0;0;0
FR;9;2021-07-22;0;0;0;0;0;0;0;0;0;0;0;0;0;0;0;0;0;0
FR;9;2021-07-23;0;0;0;0;0;0;0;0;0;0;0;0;0;0;0;0;0;0
FR;9;2021-07-24;0;0;0;0;0;0;0;0;0;0;0;0;0;0;0;0;0;0
FR;9;2021-07-25;0;0;0;0;0;0;0;0;0;0;0;0;0;0;0;0;0;0
FR;9;2021-07-26;0;0;0;0;0;0;0;0;0;0;0;0;0;0;0;0;0;0
FR;9;2021-07-27;0;0;0;0;0;0;0;0;0;0;0;0;0;0;0;0;0;0
FR;9;2021-07-28;0;0;0;0;0;0;0;0;0;0;0;0;0;0;0;0;0;0
FR;9;2021-07-29;0;0;0;0;0;0;0;0;0;0;0;0;0;0;0;0;0;0
FR;9;2021-07-30;0;0;0;0;0;0;0;0;0;0;0;0;0;0;0;0;0;0
FR;9;2021-07-31;0;0;0;0;0;0;0;0;0;0;0;0;0;0;0;0;0;0
FR;9;2021-08-01;0;0;0;0;0;0;0;0;0;0;0;0;0;0;0;0;0;0
FR;9;2021-08-02;0;0;0;0;0;0;0;0;0;0;0;0;0;0;0;0;0;0
FR;9;2021-08-03;0;0;0;0;0;0;0;0;0;0;0;0;0;0;0;0;0;0
FR;9;2021-08-04;0;0;0;0;0;0;0;0;0;0;0;0;0;0;0;0;0;0
FR;9;2021-08-05;0;0;0;0;0;0;0;0;0;0;0;0;0;0;0;0;0;0
FR;9;2021-08-06;0;0;0;0;0;0;0;0;0;0;0;0;0;0;0;0;0;0
FR;9;2021-08-07;0;0;0;0;0;0;0;0;0;0;0;0;0;0;0;0;0;0
FR;9;2021-08-08;0;0;0;0;0;0;0;0;0;0;0;0;0;0;0;0;0;0
FR;9;2021-08-09;0;0;0;0;0;0;0;0;0;0;0;0;0;0;0;0;0;0
FR;9;2021-08-10;0;0;0;0;0;0;0;0;0;0;0;0;0;0;0;0;0;0
FR;9;2021-08-11;0;0;0;0;0;0;0;0;0;0;0;0;0;0;0;0;0;0
FR;9;2021-08-12;0;0;0;0;0;0;0;0;0;0;0;0;0;0;0;0;0;0
FR;9;2021-08-13;0;0;0;0;0;0;0;0;0;0;0;0;0;0;0;0;0;0
FR;9;2021-08-14;0;0;0;0;0;0;0;0;0;0;0;0;0;0;0;0;0;0
FR;9;2021-08-15;0;0;0;0;0;0;0;0;0;0;0;0;0;0;0;0;0;0
FR;9;2021-08-16;0;0;0;0;0;0;0;0;0;0;0;0;0;0;0;0;0;0
FR;9;2021-08-17;0;0;0;0;0;0;0;0;0;0;0;0;0;0;0;0;0;0
FR;9;2021-08-18;0;0;0;0;0;0;0;0;0;0;0;0;0;0;0;0;0;0
FR;9;2021-08-19;0;0;0;0;0;0;0;0;0;0;0;0;0;0;0;0;0;0
FR;9;2021-08-20;0;0;0;0;0;0;0;0;0;0;0;0;0;0;0;0;0;0
FR;9;2021-08-21;0;0;0;0;0;0;0;0;0;0;0;0;0;0;0;0;0;0
FR;9;2021-08-22;0;0;0;0;0;0;0;0;0;0;0;0;0;0;0;0;0;0
FR;9;2021-08-23;0;0;0;0;0;0;0;0;0;0;0;0;0;0;0;0;0;0
FR;9;2021-08-24;0;0;0;0;0;0;0;0;0;0;0;0;0;0;0;0;0;0
FR;9;2021-08-25;0;0;0;0;0;0;0;0;0;0;0;0;0;0;0;0;0;0
FR;9;2021-08-26;0;0;0;0;0;0;0;0;0;0;0;0;0;0;0;0;0;0
FR;9;2021-08-27;0;0;0;0;0;0;0;0;0;0;0;0;0;0;0;0;0;0
FR;9;2021-08-28;0;0;0;0;0;0;0;0;0;0;0;0;0;0;0;0;0;0
FR;9;2021-08-29;0;0;0;0;0;0;0;0;0;0;0;0;0;0;0;0;0;0
FR;9;2021-08-30;0;0;0;0;0;0;0;0;0;0;0;0;0;0;0;0;0;0
FR;9;2021-08-31;0;0;0;0;0;0;0;0;0;0;0;0;0;0;0;0;0;0
FR;9;2021-09-01;0;0;0;0;0;0;0;0;0;0;0;0;0;0;0;0;0;0
FR;9;2021-09-02;0;0;0;0;0;0;0;0;0;0;0;0;0;0;0;0;0;0
FR;9;2021-09-03;0;0;0;0;0;0;0;0;0;0;0;0;0;0;0;0;0;0
FR;9;2021-09-04;0;0;0;0;0;0;0;0;0;0;0;0;0;0;0;0;0;0
FR;9;2021-09-05;0;0;0;0;0;0;0;0;0;0;0;0;0;0;0;0;0;0
FR;9;2021-09-06;0;0;0;0;0;0;0;0;0;0;0;0;0;0;0;0;0;0
FR;9;2021-09-07;0;0;0;0;0;0;0;0;0;0;0;0;0;0;0;0;0;0
FR;9;2021-09-08;0;0;0;0;0;0;0;0;0;0;0;0;0;0;0;0;0;0
FR;9;2021-09-09;0;0;0;0;0;0;0;0;0;0;0;0;0;0;0;0;0;0
FR;9;2021-09-10;0;0;0;0;0;0;0;0;0;0;0;0;0;0;0;0;0;0
FR;9;2021-09-11;0;0;0;0;0;0;0;0;0;0;0;0;0;0;0;0;0;0
FR;9;2021-09-12;0;0;0;0;0;0;0;0;0;0;0;0;0;0;0;0;0;0
FR;9;2021-09-13;0;0;0;0;0;0;0;0;0;0;0;0;0;0;0;0;0;0
FR;9;2021-09-14;0;0;0;0;0;0;0;0;0;0;0;0;0;0;0;0;0;0
FR;9;2021-09-15;0;0;0;0;0;0;0;0;0;0;0;0;0;0;0;0;0;0
FR;9;2021-09-16;0;0;0;0;0;0;0;0;0;0;0;0;0;0;0;0;0;0
FR;9;2021-09-17;0;0;0;0;0;0;0;0;0;0;0;0;0;0;0;0;0;0
FR;9;2021-09-18;0;0;0;0;0;0;0;0;0;0;0;0;0;0;0;0;0;0
FR;9;2021-09-19;0;0;0;0;0;0;0;0;0;0;0;0;0;0;0;0;0;0
FR;9;2021-09-20;0;0;0;0;0;0;0;0;0;0;0;0;0;0;0;0;0;0
FR;9;2021-09-21;0;0;0;0;0;0;0;0;0;0;0;0;0;0;0;0;0;0
FR;9;2021-09-22;0;0;0;0;0;0;0;0;0;0;0;0;0;0;0;0;0;0
FR;9;2021-09-23;0;0;0;0;0;0;0;0;0;0;0;0;0;0;0;0;0;0
FR;9;2021-09-24;0;0;0;0;0;0;0;0;0;0;0;0;0;0;0;0;0;0
FR;9;2021-09-25;0;0;0;0;0;0;0;0;0;0;0;0;0;0;0;0;0;0
FR;9;2021-09-26;0;0;0;0;0;0;0;0;0;0;0;0;0;0;0;0;0;0
FR;9;2021-09-27;0;0;0;0;0;0;0;0;0;0;0;0;0;0;0;0;0;0
FR;9;2021-09-28;0;0;0;0;0;0;0;0;0;0;0;0;0;0;0;0;0;0
FR;9;2021-09-29;0;0;0;0;0;0;0;0;0;0;0;0;0;0;0;0;0;0
FR;9;2021-09-30;0;0;0;0;0;0;0;0;0;0;0;0;0;0;0;0;0;0
FR;9;2021-10-01;0;0;0;0;0;0;0;0;0;0;0;0;0;0;0;0;0;0
FR;9;2021-10-02;0;0;0;0;0;0;0;0;0;0;0;0;0;0;0;0;0;0
FR;9;2021-10-03;0;0;0;0;0;0;0;0;0;0;0;0;0;0;0;0;0;0
FR;9;2021-10-04;0;0;0;0;0;0;0;0;0;0;0;0;0;0;0;0;0;0
FR;9;2021-10-05;0;0;0;0;0;0;0;0;0;0;0;0;0;0;0;0;0;0
FR;9;2021-10-06;0;0;0;0;0;0;0;0;0;0;0;0;0;0;0;0;0;0
FR;9;2021-10-07;0;0;0;0;0;0;0;0;0;0;0;0;0;0;0;0;0;0
FR;9;2021-10-08;0;0;0;0;0;0;0;0;0;0;0;0;0;0;0;0;0;0
FR;9;2021-10-09;0;0;0;0;0;0;0;0;0;0;0;0;0;0;0;0;0;0
FR;9;2021-10-10;0;0;0;0;0;0;0;0;0;0;0;0;0;0;0;0;0;0
FR;9;2021-10-11;0;0;0;0;0;0;0;0;0;0;0;0;0;0;0;0;0;0
FR;9;2021-10-12;0;0;0;0;0;0;0;0;0;0;0;0;0;0;0;0;0;0
FR;9;2021-10-13;0;0;0;0;0;0;0;0;0;0;0;0;0;0;0;0;0;0
FR;9;2021-10-14;0;0;0;0;0;0;0;0;0;0;0;0;0;0;0;0;0;0
FR;9;2021-10-15;0;0;0;0;0;0;0;0;0;0;0;0;0;0;0;0;0;0
FR;9;2021-10-16;0;0;0;0;0;0;0;0;0;0;0;0;0;0;0;0;0;0
FR;9;2021-10-17;0;0;0;0;0;0;0;0;0;0;0;0;0;0;0;0;0;0
FR;9;2021-10-18;0;0;0;0;0;0;0;0;0;0;0;0;0;0;0;0;0;0
FR;9;2021-10-19;0;0;0;0;0;0;0;0;0;0;0;0;0;0;0;0;0;0
FR;9;2021-10-20;0;0;0;0;0;0;0;0;0;0;0;0;0;0;0;0;0;0
FR;9;2021-10-21;0;0;0;0;0;0;0;0;0;0;0;0;0;0;0;0;0;0
FR;9;2021-10-22;0;0;0;0;0;0;0;0;0;0;0;0;0;0;0;0;0;0
FR;9;2021-10-23;0;0;0;0;0;0;0;0;0;0;0;0;0;0;0;0;0;0
FR;9;2021-10-24;0;0;0;0;0;0;0;0;0;0;0;0;0;0;0;0;0;0
FR;9;2021-10-25;0;0;0;0;0;0;0;0;0;0;0;0;0;0;0;0;0;0
FR;9;2021-10-26;0;0;0;0;0;0;0;0;0;0;0;0;0;0;0;0;0;0
FR;9;2021-10-27;0;0;0;0;0;0;0;0;0;0;0;0;0;0;0;0;0;0
FR;9;2021-10-28;0;0;0;0;0;0;0;0;0;0;0;0;0;0;0;0;0;0
FR;9;2021-10-29;0;0;0;0;0;0;0;0;0;0;0;0;0;0;0;0;0;0
FR;9;2021-10-30;0;0;0;0;0;0;0;0;0;0;0;0;0;0;0;0;0;0
FR;9;2021-10-31;0;0;0;0;0;0;0;0;0;0;0;0;0;0;0;0;0;0
FR;9;2021-11-01;0;0;0;0;0;0;0;0;0;0;0;0;0;0;0;0;0;0
FR;9;2021-11-02;0;0;0;0;0;0;0;0;0;0;0;0;0;0;0;0;0;0
FR;9;2021-11-03;0;0;0;0;0;0;0;0;0;0;0;0;0;0;0;0;0;0
FR;9;2021-11-04;0;0;0;0;0;0;0;0;0;0;0;0;0;0;0;0;0;0
FR;9;2021-11-05;0;0;0;0;0;0;0;0;0;0;0;0;0;0;0;0;0;0
FR;9;2021-11-06;0;0;0;0;0;0;0;0;0;0;0;0;0;0;0;0;0;0
FR;9;2021-11-07;0;0;0;0;0;0;0;0;0;0;0;0;0;0;0;0;0;0
FR;9;2021-11-08;0;0;0;0;0;0;0;0;0;0;0;0;0;0;0;0;0;0
FR;9;2021-11-09;0;0;0;0;0;0;0;0;0;0;0;0;0;0;0;0;0;0
FR;9;2021-11-10;0;0;0;0;0;0;0;0;0;0;0;0;0;0;0;0;0;0
FR;9;2021-11-11;0;0;0;0;0;0;0;0;0;0;0;0;0;0;0;0;0;0
FR;9;2021-11-12;0;0;0;0;0;0;0;0;0;0;0;0;0;0;0;0;0;0
FR;9;2021-11-13;0;0;0;0;0;0;0;0;0;0;0;0;0;0;0;0;0;0
FR;9;2021-11-14;0;0;0;0;0;0;0;0;0;0;0;0;0;0;0;0;0;0
FR;9;2021-11-15;0;0;0;0;0;0;0;0;0;0;0;0;0;0;0;0;0;0
FR;9;2021-11-16;0;0;0;0;0;0;0;0;0;0;0;0;0;0;0;0;0;0
FR;9;2021-11-17;0;0;0;0;0;0;0;0;0;0;0;0;0;0;0;0;0;0
FR;9;2021-11-18;0;0;0;0;0;0;0;0;0;0;0;0;0;0;0;0;0;0
FR;9;2021-11-19;0;0;0;0;0;0;0;0;0;0;0;0;0;0;0;0;0;0
FR;9;2021-11-20;0;0;0;0;0;0;0;0;0;0;0;0;0;0;0;0;0;0
FR;9;2021-11-21;0;0;0;0;0;0;0;0;0;0;0;0;0;0;0;0;0;0
FR;9;2021-11-22;0;0;0;0;0;0;0;0;0;0;0;0;0;0;0;0;0;0
FR;9;2021-11-23;0;0;0;0;0;0;0;0;0;0;0;0;0;0;0;0;0;0
FR;9;2021-11-24;0;0;0;0;0;0;0;0;0;0;0;0;0;0;0;0;0;0
FR;9;2021-11-25;0;0;0;0;0;0;0;0;0;0;0;0;0;0;0;0;0;0
FR;9;2021-11-26;0;0;0;0;0;0;0;0;0;0;0;0;0;0;0;0;0;0
FR;9;2021-11-27;0;0;0;0;0;0;0;0;0;0;0;0;0;0;0;0;0;0
FR;9;2021-11-28;0;0;0;0;0;0;0;0;0;0;0;0;0;0;0;0;0;0
FR;9;2021-11-29;0;0;0;0;0;0;0;0;0;0;0;0;0;0;0;0;0;0
FR;9;2021-11-30;0;0;0;0;0;0;0;0;0;0;0;0;0;0;0;0;0;0
FR;9;2021-12-01;0;0;0;0;0;0;0;0;0;0;0;0;0;0;0;0;0;0
FR;9;2021-12-02;0;0;0;0;0;0;0;0;0;0;0;0;0;0;0;0;0;0
FR;9;2021-12-03;0;0;0;0;0;0;0;0;0;0;0;0;0;0;0;0;0;0
FR;9;2021-12-04;0;0;0;0;0;0;0;0;0;0;0;0;0;0;0;0;0;0
FR;9;2021-12-05;0;0;0;0;0;0;0;0;0;0;0;0;0;0;0;0;0;0
FR;9;2021-12-06;0;0;0;0;0;0;0;0;0;0;0;0;0;0;0;0;0;0
FR;9;2021-12-07;0;0;0;0;0;0;0;0;0;0;0;0;0;0;0;0;0;0
FR;9;2021-12-08;0;0;0;0;0;0;0;0;0;0;0;0;0;0;0;0;0;0
FR;9;2021-12-09;0;0;0;0;0;0;0;0;0;0;0;0;0;0;0;0;0;0
FR;9;2021-12-10;0;0;0;0;0;0;0;0;0;0;0;0;0;0;0;0;0;0
FR;9;2021-12-11;0;0;0;0;0;0;0;0;0;0;0;0;0;0;0;0;0;0
FR;9;2021-12-12;0;0;0;0;0;0;0;0;0;0;0;0;0;0;0;0;0;0
FR;9;2021-12-13;0;0;0;0;0;0;0;0;0;0;0;0;0;0;0;0;0;0
FR;9;2021-12-14;0;0;0;0;0;0;0;0;0;0;0;0;0;0;0;0;0;0
FR;9;2021-12-15;0;0;0;0;0;0;0;0;0;0;0;0;0;0;0;0;0;0
FR;9;2021-12-16;0;0;0;0;0;0;0;0;0;0;0;0;0;0;0;0;0;0
FR;9;2021-12-17;0;0;0;0;0;0;0;0;0;0;0;0;0;0;0;0;0;0
FR;9;2021-12-18;0;0;0;0;0;0;0;0;0;0;0;0;0;0;0;0;0;0
FR;9;2021-12-19;0;0;0;0;0;0;0;0;0;0;0;0;0;0;0;0;0;0
FR;9;2021-12-20;0;0;0;0;0;0;0;0;0;0;0;0;0;0;0;0;0;0
FR;9;2021-12-21;0;0;0;0;0;0;0;0;0;0;0;0;0;0;0;0;0;0
FR;9;2021-12-22;0;0;0;0;0;0;0;0;0;0;0;0;0;0;0;0;0;0
FR;9;2021-12-23;0;0;0;0;0;0;0;0;0;0;0;0;0;0;0;0;0;0
FR;9;2021-12-24;0;0;0;0;0;0;0;0;0;0;0;0;0;0;0;0;0;0
FR;9;2021-12-25;0;0;0;0;0;0;0;0;0;0;0;0;0;0;0;0;0;0
FR;9;2021-12-26;0;0;0;0;0;0;0;0;0;0;0;0;0;0;0;0;0;0
FR;9;2021-12-27;0;0;0;0;0;0;0;0;0;0;0;0;0;0;0;0;0;0
FR;9;2021-12-28;0;0;0;0;0;0;0;0;0;0;0;0;0;0;0;0;0;0
FR;9;2021-12-29;0;0;0;0;0;0;0;0;0;0;0;0;0;0;0;0;0;0
FR;9;2021-12-30;0;0;0;0;0;0;0;0;0;0;0;0;0;0;0;0;0;0
FR;9;2021-12-31;0;0;0;0;0;0;0;0;0;0;0;0;0;0;0;0;0;0
FR;9;2022-01-01;0;0;0;0;0;0;0;0;0;0;0;0;0;0;0;0;0;0
FR;9;2022-01-02;0;0;0;0;0;0;0;0;0;0;0;0;0;0;0;0;0;0
FR;9;2022-01-03;0;0;0;0;0;0;0;0;0;0;0;0;0;0;0;0;0;0
FR;9;2022-01-04;0;0;0;0;0;0;0;0;0;0;0;0;0;0;0;0;0;0
FR;9;2022-01-05;0;0;0;0;0;0;0;0;0;0;0;0;0;0;0;0;0;0
FR;9;2022-01-06;0;0;0;0;0;0;0;0;0;0;0;0;0;0;0;0;0;0
FR;9;2022-01-07;0;0;0;0;0;0;0;0;0;0;0;0;0;0;0;0;0;0
FR;9;2022-01-08;0;0;0;0;0;0;0;0;0;0;0;0;0;0;0;0;0;0
FR;9;2022-01-09;0;0;0;0;0;0;0;0;0;0;0;0;0;0;0;0;0;0
FR;9;2022-01-10;0;0;0;0;0;0;0;0;0;0;0;0;0;0;0;0;0;0
FR;9;2022-01-11;0;0;0;0;0;0;0;0;0;0;0;0;0;0;0;0;0;0
FR;9;2022-01-12;0;0;0;0;0;0;0;0;0;0;0;0;0;0;0;0;0;0
FR;9;2022-01-13;0;0;0;0;0;0;0;0;0;0;0;0;0;0;0;0;0;0
FR;9;2022-01-14;0;0;0;0;0;0;0;0;0;0;0;0;0;0;0;0;0;0
FR;9;2022-01-15;0;0;0;0;0;0;0;0;0;0;0;0;0;0;0;0;0;0
FR;9;2022-01-16;0;0;0;0;0;0;0;0;0;0;0;0;0;0;0;0;0;0
FR;9;2022-01-17;0;0;0;0;0;0;0;0;0;0;0;0;0;0;0;0;0;0
FR;9;2022-01-18;0;0;0;0;0;0;0;0;0;0;0;0;0;0;0;0;0;0
FR;9;2022-01-19;0;0;0;0;0;0;0;0;0;0;0;0;0;0;0;0;0;0
FR;9;2022-01-20;0;0;0;0;0;0;0;0;0;0;0;0;0;0;0;0;0;0
FR;9;2022-01-21;0;0;0;0;0;0;0;0;0;0;0;0;0;0;0;0;0;0
FR;9;2022-01-22;0;0;0;0;0;0;0;0;0;0;0;0;0;0;0;0;0;0
FR;9;2022-01-23;0;0;0;0;0;0;0;0;0;0;0;0;0;0;0;0;0;0
FR;9;2022-01-24;0;0;0;0;0;0;0;0;0;0;0;0;0;0;0;0;0;0
FR;9;2022-01-25;0;0;0;0;0;0;0;0;0;0;0;0;0;0;0;0;0;0
FR;9;2022-01-26;0;0;0;0;0;0;0;0;0;0;0;0;0;0;0;0;0;0
FR;9;2022-01-27;0;0;0;0;0;0;0;0;0;0;0;0;0;0;0;0;0;0
FR;9;2022-01-28;0;0;0;0;0;0;0;0;0;0;0;0;0;0;0;0;0;0
FR;9;2022-01-29;0;0;0;0;0;0;0;0;0;0;0;0;0;0;0;0;0;0
FR;9;2022-01-30;0;0;0;0;0;0;0;0;0;0;0;0;0;0;0;0;0;0
FR;9;2022-01-31;0;0;0;0;0;0;0;0;0;0;0;0;0;0;0;0;0;0
FR;9;2022-02-01;0;0;0;0;0;0;0;0;0;0;0;0;0;0;0;0;0;0
FR;9;2022-02-02;0;0;0;0;0;0;0;0;0;0;0;0;0;0;0;0;0;0
FR;9;2022-02-03;0;0;0;0;0;0;0;0;0;0;0;0;0;0;0;0;0;0
FR;9;2022-02-04;0;0;0;0;0;0;0;0;0;0;0;0;0;0;0;0;0;0
FR;9;2022-02-05;0;0;0;0;0;0;0;0;0;0;0;0;0;0;0;0;0;0
FR;9;2022-02-06;0;0;0;0;0;0;0;0;0;0;0;0;0;0;0;0;0;0
FR;9;2022-02-07;0;0;0;0;0;0;0;0;0;0;0;0;0;0;0;0;0;0
FR;9;2022-02-08;0;0;0;0;0;0;0;0;0;0;0;0;0;0;0;0;0;0
FR;9;2022-02-09;0;0;0;0;0;0;0;0;0;0;0;0;0;0;0;0;0;0
FR;9;2022-02-10;0;0;0;0;0;0;0;0;0;0;0;0;0;0;0;0;0;0
FR;9;2022-02-11;0;0;0;0;0;0;0;0;0;0;0;0;0;0;0;0;0;0
FR;9;2022-02-12;0;0;0;0;0;0;0;0;0;0;0;0;0;0;0;0;0;0
FR;9;2022-02-13;0;0;0;0;0;0;0;0;0;0;0;0;0;0;0;0;0;0
FR;9;2022-02-14;0;0;0;0;0;0;0;0;0;0;0;0;0;0;0;0;0;0
FR;9;2022-02-15;0;0;0;0;0;0;0;0;0;0;0;0;0;0;0;0;0;0
FR;9;2022-02-16;0;0;0;0;0;0;0;0;0;0;0;0;0;0;0;0;0;0
FR;9;2022-02-17;0;0;0;0;0;0;0;0;0;0;0;0;0;0;0;0;0;0
FR;9;2022-02-18;0;0;0;0;0;0;0;0;0;0;0;0;0;0;0;0;0;0
FR;9;2022-02-19;0;0;0;0;0;0;0;0;0;0;0;0;0;0;0;0;0;0
FR;9;2022-02-20;0;0;0;0;0;0;0;0;0;0;0;0;0;0;0;0;0;0
FR;9;2022-02-21;0;0;0;0;0;0;0;0;0;0;0;0;0;0;0;0;0;0
FR;9;2022-02-22;0;0;0;0;0;0;0;0;0;0;0;0;0;0;0;0;0;0
FR;9;2022-02-23;0;0;0;0;0;0;0;0;0;0;0;0;0;0;0;0;0;0
FR;9;2022-02-24;0;0;0;0;0;0;0;0;0;0;0;0;0;0;0;0;0;0
FR;9;2022-02-25;0;0;0;0;0;0;0;0;0;0;0;0;0;0;0;0;0;0
FR;9;2022-02-26;0;0;0;0;0;0;0;0;0;0;0;0;0;0;0;0;0;0
FR;9;2022-02-27;0;0;0;0;0;0;0;0;0;0;0;0;0;0;0;0;0;0
FR;9;2022-02-28;0;0;0;0;0;0;0;0;0;0;0;0;0;0;0;0;0;0
FR;9;2022-03-01;0;0;0;0;0;0;0;0;0;0;0;0;0;0;0;0;0;0
FR;9;2022-03-02;0;0;0;0;0;0;0;0;0;0;0;0;0;0;0;0;0;0
FR;9;2022-03-03;0;0;0;0;0;0;0;0;0;0;0;0;0;0;0;0;0;0
FR;9;2022-03-04;0;0;0;0;0;0;0;0;0;0;0;0;0;0;0;0;0;0
FR;9;2022-03-05;0;0;0;0;0;0;0;0;0;0;0;0;0;0;0;0;0;0
FR;9;2022-03-06;0;0;0;0;0;0;0;0;0;0;0;0;0;0;0;0;0;0
FR;9;2022-03-07;0;0;0;0;0;0;0;0;0;0;0;0;0;0;0;0;0;0
FR;9;2022-03-08;0;0;0;0;0;0;0;0;0;0;0;0;0;0;0;0;0;0
FR;9;2022-03-09;0;0;0;0;0;0;0;0;0;0;0;0;0;0;0;0;0;0
FR;9;2022-03-10;0;0;0;0;0;0;0;0;0;0;0;0;0;0;0;0;0;0
FR;9;2022-03-11;0;0;0;0;0;0;0;0;0;0;0;0;0;0;0;0;0;0
FR;9;2022-03-12;0;0;0;0;0;0;0;0;0;0;0;0;0;0;0;0;0;0
FR;9;2022-03-13;0;0;0;0;0;0;0;0;0;0;0;0;0;0;0;0;0;0
FR;9;2022-03-14;0;0;0;0;0;0;0;0;0;0;0;0;0;0;0;0;0;0
FR;9;2022-03-15;0;0;0;0;0;0;0;0;0;0;0;0;0;0;0;0;0;0
FR;9;2022-03-16;0;0;0;0;0;0;0;0;0;0;0;0;0;0;0;0;0;0
FR;9;2022-03-17;0;0;0;0;0;0;0;0;0;0;0;0;0;0;0;0;0;0
FR;9;2022-03-18;0;0;0;0;0;0;0;0;0;0;0;0;0;0;0;0;0;0
FR;9;2022-03-19;0;0;0;0;0;0;0;0;0;0;0;0;0;0;0;0;0;0
FR;9;2022-03-20;0;0;0;0;0;0;0;0;0;0;0;0;0;0;0;0;0;0
FR;9;2022-03-21;0;0;0;0;0;0;0;0;0;0;0;0;0;0;0;0;0;0
FR;9;2022-03-22;0;0;0;0;0;0;0;0;0;0;0;0;0;0;0;0;0;0
FR;9;2022-03-23;0;0;0;0;0;0;0;0;0;0;0;0;0;0;0;0;0;0
FR;9;2022-03-24;0;0;0;0;0;0;0;0;0;0;0;0;0;0;0;0;0;0
FR;9;2022-03-25;0;0;0;0;0;0;0;0;0;0;0;0;0;0;0;0;0;0
FR;9;2022-03-26;0;0;0;0;0;0;0;0;0;0;0;0;0;0;0;0;0;0
FR;9;2022-03-27;0;0;0;0;0;0;0;0;0;0;0;0;0;0;0;0;0;0
FR;9;2022-03-28;0;0;0;0;0;0;0;0;0;0;0;0;0;0;0;0;0;0
FR;9;2022-03-29;0;0;0;0;0;0;0;0;0;0;0;0;0;0;0;0;0;0
FR;9;2022-03-30;0;0;0;0;0;0;0;0;0;0;0;0;0;0;0;0;0;0
FR;9;2022-03-31;0;0;0;0;0;0;0;0;0;0;0;0;0;0;0;0;0;0
FR;9;2022-04-01;0;0;0;0;0;0;0;0;0;0;0;0;0;0;0;0;0;0
FR;9;2022-04-02;0;0;0;0;0;0;0;0;0;0;0;0;0;0;0;0;0;0
FR;9;2022-04-03;0;0;0;0;0;0;0;0;0;0;0;0;0;0;0;0;0;0
FR;9;2022-04-04;0;0;0;0;0;0;0;0;0;0;0;0;0;0;0;0;0;0
FR;9;2022-04-05;0;0;0;0;0;0;0;0;0;0;0;0;0;0;0;0;0;0
FR;9;2022-04-06;0;0;0;0;0;0;0;0;0;0;0;0;0;0;0;0;0;0
FR;9;2022-04-07;0;0;0;0;0;0;0;0;0;0;0;0;0;0;0;0;0;0
FR;9;2022-04-08;0;0;0;0;0;0;0;0;0;0;0;0;0;0;0;0;0;0
FR;9;2022-04-09;0;0;0;0;0;0;0;0;0;0;0;0;0;0;0;0;0;0
FR;9;2022-04-10;0;0;0;0;0;0;0;0;0;0;0;0;0;0;0;0;0;0
FR;9;2022-04-11;0;0;0;0;0;0;0;0;0;0;0;0;0;0;0;0;0;0
FR;9;2022-04-12;0;0;0;0;0;0;0;0;0;0;0;0;0;0;0;0;0;0
FR;9;2022-04-13;0;0;0;0;0;0;0;0;0;0;0;0;0;0;0;0;0;0
FR;9;2022-04-14;0;0;0;0;0;0;0;0;0;0;0;0;0;0;0;0;0;0
FR;9;2022-04-15;0;0;0;0;0;0;0;0;0;0;0;0;0;0;0;0;0;0
FR;9;2022-04-16;0;0;0;0;0;0;0;0;0;0;0;0;0;0;0;0;0;0
FR;9;2022-04-17;0;0;0;0;0;0;0;0;0;0;0;0;0;0;0;0;0;0
FR;9;2022-04-18;0;0;0;0;0;0;0;0;0;0;0;0;0;0;0;0;0;0
FR;9;2022-04-19;0;0;0;0;0;0;0;0;0;0;0;0;0;0;0;0;0;0
FR;9;2022-04-20;0;0;0;0;0;0;0;0;0;0;0;0;0;0;0;0;0;0
FR;9;2022-04-21;0;0;0;0;0;0;0;0;0;0;0;0;0;0;0;0;0;0
FR;9;2022-04-22;0;0;0;0;0;0;0;0;0;0;0;0;0;0;0;0;0;0
FR;9;2022-04-23;0;0;0;0;0;0;0;0;0;0;0;0;0;0;0;0;0;0
FR;9;2022-04-24;0;0;0;0;0;0;0;0;0;0;0;0;0;0;0;0;0;0
FR;9;2022-04-25;0;0;0;0;0;0;0;0;0;0;0;0;0;0;0;0;0;0
FR;9;2022-04-26;0;0;0;0;0;0;0;0;0;0;0;0;0;0;0;0;0;0
FR;9;2022-04-27;0;0;0;0;0;0;0;0;0;0;0;0;0;0;0;0;0;0
FR;9;2022-04-28;0;0;0;0;0;0;0;0;0;0;0;0;0;0;0;0;0;0
FR;9;2022-04-29;0;0;0;0;0;0;0;0;0;0;0;0;0;0;0;0;0;0
FR;9;2022-04-30;0;0;0;0;0;0;0;0;0;0;0;0;0;0;0;0;0;0
FR;9;2022-05-01;0;0;0;0;0;0;0;0;0;0;0;0;0;0;0;0;0;0
FR;9;2022-05-02;0;0;0;0;0;0;0;0;0;0;0;0;0;0;0;0;0;0
FR;9;2022-05-03;0;0;0;0;0;0;0;0;0;0;0;0;0;0;0;0;0;0
FR;9;2022-05-04;0;0;0;0;0;0;0;0;0;0;0;0;0;0;0;0;0;0
FR;9;2022-05-05;0;0;0;0;0;0;0;0;0;0;0;0;0;0;0;0;0;0
FR;9;2022-05-06;0;0;0;0;0;0;0;0;0;0;0;0;0;0;0;0;0;0
FR;9;2022-05-07;0;0;0;0;0;0;0;0;0;0;0;0;0;0;0;0;0;0
FR;9;2022-05-08;0;0;0;0;0;0;0;0;0;0;0;0;0;0;0;0;0;0
FR;9;2022-05-09;0;0;0;0;0;0;0;0;0;0;0;0;0;0;0;0;0;0
FR;9;2022-05-10;0;0;0;0;0;0;0;0;0;0;0;0;0;0;0;0;0;0
FR;9;2022-05-11;0;0;0;0;0;0;0;0;0;0;0;0;0;0;0;0;0;0
FR;9;2022-05-12;0;0;0;0;0;0;0;0;0;0;0;0;0;0;0;0;0;0
FR;9;2022-05-13;0;0;0;0;0;0;0;0;0;0;0;0;0;0;0;0;0;0
FR;9;2022-05-14;0;0;0;0;0;0;0;0;0;0;0;0;0;0;0;0;0;0
FR;9;2022-05-15;0;0;0;0;0;0;0;0;0;0;0;0;0;0;0;0;0;0
FR;9;2022-05-16;0;0;0;0;0;0;0;0;0;0;0;0;0;0;0;0;0;0
FR;9;2022-05-17;0;0;0;0;0;0;0;0;0;0;0;0;0;0;0;0;0;0
FR;9;2022-05-18;0;0;0;0;0;0;0;0;0;0;0;0;0;0;0;0;0;0
FR;9;2022-05-19;0;0;0;0;0;0;0;0;0;0;0;0;0;0;0;0;0;0
FR;9;2022-05-20;0;0;0;0;0;0;0;0;0;0;0;0;0;0;0;0;0;0
FR;9;2022-05-21;0;0;0;0;0;0;0;0;0;0;0;0;0;0;0;0;0;0
FR;9;2022-05-22;0;0;0;0;0;0;0;0;0;0;0;0;0;0;0;0;0;0
FR;9;2022-05-23;0;0;0;0;0;0;0;0;0;0;0;0;0;0;0;0;0;0
FR;9;2022-05-24;0;0;0;0;0;0;0;0;0;0;0;0;0;0;0;0;0;0
FR;9;2022-05-25;0;0;0;0;0;0;0;0;0;0;0;0;0;0;0;0;0;0
FR;9;2022-05-26;0;0;0;0;0;0;0;0;0;0;0;0;0;0;0;0;0;0
FR;9;2022-05-27;0;0;0;0;0;0;0;0;0;0;0;0;0;0;0;0;0;0
FR;9;2022-05-28;0;0;0;0;0;0;0;0;0;0;0;0;0;0;0;0;0;0
FR;9;2022-05-29;0;0;0;0;0;0;0;0;0;0;0;0;0;0;0;0;0;0
FR;9;2022-05-30;0;0;0;0;0;0;0;0;0;0;0;0;0;0;0;0;0;0
FR;9;2022-05-31;0;0;0;0;0;0;0;0;0;0;0;0;0;0;0;0;0;0
FR;9;2022-06-01;0;0;0;0;0;0;0;0;0;0;0;0;0;0;0;0;0;0
FR;9;2022-06-02;0;0;0;0;0;0;0;0;0;0;0;0;0;0;0;0;0;0
FR;9;2022-06-03;0;0;0;0;0;0;0;0;0;0;0;0;0;0;0;0;0;0
FR;9;2022-06-04;0;0;0;0;0;0;0;0;0;0;0;0;0;0;0;0;0;0
FR;9;2022-06-05;0;0;0;0;0;0;0;0;0;0;0;0;0;0;0;0;0;0
FR;9;2022-06-06;0;0;0;0;0;0;0;0;0;0;0;0;0;0;0;0;0;0
FR;9;2022-06-07;0;0;0;0;0;0;0;0;0;0;0;0;0;0;0;0;0;0
FR;9;2022-06-08;0;0;0;0;0;0;0;0;0;0;0;0;0;0;0;0;0;0
FR;9;2022-06-09;0;0;0;0;0;0;0;0;0;0;0;0;0;0;0;0;0;0
FR;9;2022-06-10;0;0;0;0;0;0;0;0;0;0;0;0;0;0;0;0;0;0
FR;9;2022-06-11;0;0;0;0;0;0;0;0;0;0;0;0;0;0;0;0;0;0
FR;9;2022-06-12;0;0;0;0;0;0;0;0;0;0;0;0;0;0;0;0;0;0
FR;9;2022-06-13;0;0;0;0;0;0;0;0;0;0;0;0;0;0;0;0;0;0
FR;9;2022-06-14;0;0;0;0;0;0;0;0;0;0;0;0;0;0;0;0;0;0
FR;9;2022-06-15;0;0;0;0;0;0;0;0;0;0;0;0;0;0;0;0;0;0
FR;9;2022-06-16;0;0;0;0;0;0;0;0;0;0;0;0;0;0;0;0;0;0
FR;9;2022-06-17;0;0;0;0;0;0;0;0;0;0;0;0;0;0;0;0;0;0
FR;9;2022-06-18;0;0;0;0;0;0;0;0;0;0;0;0;0;0;0;0;0;0
FR;9;2022-06-19;0;0;0;0;0;0;0;0;0;0;0;0;0;0;0;0;0;0
FR;9;2022-06-20;0;0;0;0;0;0;0;0;0;0;0;0;0;0;0;0;0;0
FR;9;2022-06-21;0;0;0;0;0;0;0;0;0;0;0;0;0;0;0;0;0;0
FR;9;2022-06-22;0;0;0;0;0;0;0;0;0;0;0;0;0;0;0;0;0;0
FR;9;2022-06-23;0;0;0;0;0;0;0;0;0;0;0;0;0;0;0;0;0;0
FR;9;2022-06-24;0;0;0;0;0;0;0;0;0;0;0;0;0;0;0;0;0;0
FR;9;2022-06-25;0;0;0;0;0;0;0;0;0;0;0;0;0;0;0;0;0;0
FR;9;2022-06-26;0;0;0;0;0;0;0;0;0;0;0;0;0;0;0;0;0;0
FR;9;2022-06-27;0;0;0;0;0;0;0;0;0;0;0;0;0;0;0;0;0;0
FR;9;2022-06-28;0;0;0;0;0;0;0;0;0;0;0;0;0;0;0;0;0;0
FR;9;2022-06-29;0;0;0;0;0;0;0;0;0;0;0;0;0;0;0;0;0;0
FR;9;2022-06-30;0;0;0;0;0;0;0;0;0;0;0;0;0;0;0;0;0;0
FR;9;2022-07-01;0;0;0;0;0;0;0;0;0;0;0;0;0;0;0;0;0;0
FR;9;2022-07-02;0;0;0;0;0;0;0;0;0;0;0;0;0;0;0;0;0;0
FR;9;2022-07-03;0;0;0;0;0;0;0;0;0;0;0;0;0;0;0;0;0;0
FR;9;2022-07-04;0;0;0;0;0;0;0;0;0;0;0;0;0;0;0;0;0;0
FR;9;2022-07-05;0;0;0;0;0;0;0;0;0;0;0;0;0;0;0;0;0;0
FR;9;2022-07-06;0;0;0;0;0;0;0;0;0;0;0;0;0;0;0;0;0;0
FR;9;2022-07-07;0;0;0;0;0;0;0;0;0;0;0;0;0;0;0;0;0;0
FR;9;2022-07-08;0;0;0;0;0;0;0;0;0;0;0;0;0;0;0;0;0;0
FR;9;2022-07-09;0;0;0;0;0;0;0;0;0;0;0;0;0;0;0;0;0;0
FR;9;2022-07-10;0;0;0;0;0;0;0;0;0;0;0;0;0;0;0;0;0;0
FR;9;2022-07-11;0;0;0;0;0;0;0;0;0;0;0;0;0;0;0;0;0;0
FR;9;2022-07-12;0;0;0;0;0;0;0;0;0;0;0;0;0;0;0;0;0;0
FR;9;2022-07-13;0;0;0;0;0;0;0;0;0;0;0;0;0;0;0;0;0;0
FR;9;2022-07-14;0;0;0;0;0;0;0;0;0;0;0;0;0;0;0;0;0;0
FR;9;2022-07-15;0;0;0;0;0;0;0;0;0;0;0;0;0;0;0;0;0;0
FR;9;2022-07-16;0;0;0;0;0;0;0;0;0;0;0;0;0;0;0;0;0;0
FR;9;2022-07-17;0;0;0;0;0;0;0;0;0;0;0;0;0;0;0;0;0;0
FR;9;2022-07-18;0;0;0;0;0;0;0;0;0;0;0;0;0;0;0;0;0;0
FR;9;2022-07-19;0;0;0;0;0;0;0;0;0;0;0;0;0;0;0;0;0;0
FR;9;2022-07-20;0;0;0;0;0;0;0;0;0;0;0;0;0;0;0;0;0;0
FR;9;2022-07-21;0;0;0;0;0;0;0;0;0;0;0;0;0;0;0;0;0;0
FR;9;2022-07-22;0;0;0;0;0;0;0;0;0;0;0;0;0;0;0;0;0;0
FR;9;2022-07-23;0;0;0;0;0;0;0;0;0;0;0;0;0;0;0;0;0;0
FR;9;2022-07-24;0;0;0;0;0;0;0;0;0;0;0;0;0;0;0;0;0;0
FR;9;2022-07-25;0;0;0;0;0;0;0;0;0;0;0;0;0;0;0;0;0;0
FR;9;2022-07-26;0;0;0;0;0;0;0;0;0;0;0;0;0;0;0;0;0;0
FR;9;2022-07-27;0;0;0;0;0;0;0;0;0;0;0;0;0;0;0;0;0;0
FR;9;2022-07-28;0;0;0;0;0;0;0;0;0;0;0;0;0;0;0;0;0;0
FR;9;2022-07-29;0;0;0;0;0;0;0;0;0;0;0;0;0;0;0;0;0;0
FR;9;2022-07-30;0;0;0;0;0;0;0;0;0;0;0;0;0;0;0;0;0;0
FR;9;2022-07-31;0;0;0;0;0;0;0;0;0;0;0;0;0;0;0;0;0;0
FR;9;2022-08-01;0;0;0;0;0;0;0;0;0;0;0;0;0;0;0;0;0;0
FR;9;2022-08-02;0;0;0;0;0;0;0;0;0;0;0;0;0;0;0;0;0;0
FR;9;2022-08-03;0;0;0;0;0;0;0;0;0;0;0;0;0;0;0;0;0;0
FR;9;2022-08-04;0;0;0;0;0;0;0;0;0;0;0;0;0;0;0;0;0;0
FR;9;2022-08-05;0;0;0;0;0;0;0;0;0;0;0;0;0;0;0;0;0;0
FR;9;2022-08-06;0;0;0;0;0;0;0;0;0;0;0;0;0;0;0;0;0;0
FR;9;2022-08-07;0;0;0;0;0;0;0;0;0;0;0;0;0;0;0;0;0;0
FR;9;2022-08-08;0;0;0;0;0;0;0;0;0;0;0;0;0;0;0;0;0;0
FR;9;2022-08-09;0;0;0;0;0;0;0;0;0;0;0;0;0;0;0;0;0;0
FR;9;2022-08-10;0;0;0;0;0;0;0;0;0;0;0;0;0;0;0;0;0;0
FR;9;2022-08-11;0;0;0;0;0;0;0;0;0;0;0;0;0;0;0;0;0;0
FR;9;2022-08-12;0;0;0;0;0;0;0;0;0;0;0;0;0;0;0;0;0;0
FR;9;2022-08-13;0;0;0;0;0;0;0;0;0;0;0;0;0;0;0;0;0;0
FR;9;2022-08-14;0;0;0;0;0;0;0;0;0;0;0;0;0;0;0;0;0;0
FR;9;2022-08-15;0;0;0;0;0;0;0;0;0;0;0;0;0;0;0;0;0;0
FR;9;2022-08-16;0;0;0;0;0;0;0;0;0;0;0;0;0;0;0;0;0;0
FR;9;2022-08-17;0;0;0;0;0;0;0;0;0;0;0;0;0;0;0;0;0;0
FR;9;2022-08-18;0;0;0;0;0;0;0;0;0;0;0;0;0;0;0;0;0;0
FR;9;2022-08-19;0;0;0;0;0;0;0;0;0;0;0;0;0;0;0;0;0;0
FR;9;2022-08-20;0;0;0;0;0;0;0;0;0;0;0;0;0;0;0;0;0;0
FR;9;2022-08-21;0;0;0;0;0;0;0;0;0;0;0;0;0;0;0;0;0;0
FR;9;2022-08-22;0;0;0;0;0;0;0;0;0;0;0;0;0;0;0;0;0;0
FR;9;2022-08-23;0;0;0;0;0;0;0;0;0;0;0;0;0;0;0;0;0;0
FR;9;2022-08-24;0;0;0;0;0;0;0;0;0;0;0;0;0;0;0;0;0;0
FR;9;2022-08-25;0;0;0;0;0;0;0;0;0;0;0;0;0;0;0;0;0;0
FR;9;2022-08-26;0;0;0;0;0;0;0;0;0;0;0;0;0;0;0;0;0;0
FR;9;2022-08-27;0;0;0;0;0;0;0;0;0;0;0;0;0;0;0;0;0;0
FR;9;2022-08-28;0;0;0;0;0;0;0;0;0;0;0;0;0;0;0;0;0;0
FR;9;2022-08-29;0;0;0;0;0;0;0;0;0;0;0;0;0;0;0;0;0;0
FR;9;2022-08-30;0;0;0;0;0;0;0;0;0;0;0;0;0;0;0;0;0;0
FR;9;2022-08-31;0;0;0;0;0;0;0;0;0;0;0;0;0;0;0;0;0;0
FR;9;2022-09-01;0;0;0;0;0;0;0;0;0;0;0;0;0;0;0;0;0;0
FR;9;2022-09-02;0;0;0;0;0;0;0;0;0;0;0;0;0;0;0;0;0;0
FR;9;2022-09-03;0;0;0;0;0;0;0;0;0;0;0;0;0;0;0;0;0;0
FR;9;2022-09-04;0;0;0;0;0;0;0;0;0;0;0;0;0;0;0;0;0;0
FR;9;2022-09-05;0;0;0;0;0;0;0;0;0;0;0;0;0;0;0;0;0;0
FR;9;2022-09-06;0;0;0;0;0;0;0;0;0;0;0;0;0;0;0;0;0;0
FR;9;2022-09-07;0;0;0;0;0;0;0;0;0;0;0;0;0;0;0;0;0;0
FR;9;2022-09-08;0;0;0;0;0;0;0;0;0;0;0;0;0;0;0;0;0;0
FR;9;2022-09-09;0;0;0;0;0;0;0;0;0;0;0;0;0;0;0;0;0;0
FR;9;2022-09-10;0;0;0;0;0;0;0;0;0;0;0;0;0;0;0;0;0;0
FR;9;2022-09-11;0;0;0;0;0;0;0;0;0;0;0;0;0;0;0;0;0;0
FR;9;2022-09-12;0;0;0;0;0;0;0;0;0;0;0;0;0;0;0;0;0;0
FR;9;2022-09-13;0;0;0;0;0;0;0;0;0;0;0;0;0;0;0;0;0;0
FR;9;2022-09-14;0;0;0;0;0;0;0;0;0;0;0;0;0;0;0;0;0;0
FR;9;2022-09-15;0;0;0;0;0;0;0;0;0;0;0;0;0;0;0;0;0;0
FR;9;2022-09-16;0;0;0;0;0;0;0;0;0;0;0;0;0;0;0;0;0;0
FR;9;2022-09-17;0;0;0;0;0;0;0;0;0;0;0;0;0;0;0;0;0;0
FR;9;2022-09-18;0;0;0;0;0;0;0;0;0;0;0;0;0;0;0;0;0;0
FR;9;2022-09-19;0;0;0;0;0;0;0;0;0;0;0;0;0;0;0;0;0;0
FR;9;2022-09-20;0;0;0;0;0;0;0;0;0;0;0;0;0;0;0;0;0;0
FR;9;2022-09-21;0;0;0;0;0;0;0;0;0;0;0;0;0;0;0;0;0;0
FR;9;2022-09-22;0;0;0;0;0;0;0;0;0;0;0;0;0;0;0;0;0;0
FR;9;2022-09-23;0;0;0;0;0;0;0;0;0;0;0;0;0;0;0;0;0;0
FR;9;2022-09-24;0;0;0;0;0;0;0;0;0;0;0;0;0;0;0;0;0;0
FR;9;2022-09-25;0;0;0;0;0;0;0;0;0;0;0;0;0;0;0;0;0;0
FR;9;2022-09-26;0;0;0;0;0;0;0;0;0;0;0;0;0;0;0;0;0;0
FR;9;2022-09-27;0;0;0;0;0;0;0;0;0;0;0;0;0;0;0;0;0;0
FR;9;2022-09-28;0;0;0;0;0;0;0;0;0;0;0;0;0;0;0;0;0;0
FR;9;2022-09-29;1;1;8;33;0;6;35;43;2;1;1;8;33;0;6;35;43;2
FR;9;2022-09-30;5;13;62;606;7;48;614;715;51;6;14;70;639;7;54;649;758;53
FR;9;2022-10-01;10;2;43;327;3;26;335;396;35;16;16;113;966;10;80;984;1154;88
FR;9;2022-10-02;2;1;5;50;0;4;51;66;11;18;17;118;1016;10;84;1035;1220;99
FR;9;2022-10-03;14;17;151;1714;11;129;1708;2074;234;32;34;269;2730;21;213;2743;3294;333
FR;9;2022-10-04;22;48;353;3954;18;228;4022;4704;450;54;82;622;6684;39;441;6765;7998;783
FR;9;2022-10-05;30;20;269;2998;17;203;3011;3656;433;84;102;891;9682;56;644;9776;11654;1216
FR;9;2022-10-06;23;35;400;4598;18;301;4631;5609;672;107;137;1291;14280;74;945;14407;17263;1888
FR;9;2022-10-07;29;50;499;5706;19;384;5720;7029;923;136;187;1790;19986;93;1329;20127;24292;2811
FR;9;2022-10-08;10;18;128;1090;8;86;1108;1389;191;146;205;1918;21076;101;1415;21235;25681;3002
FR;9;2022-10-09;1;7;22;197;1;29;198;277;50;147;212;1940;21273;102;1444;21433;25958;3052
FR;9;2022-10-10;11;26;207;2572;14;181;2576;3296;533;158;238;2147;23845;116;1625;24009;29254;3585
FR;9;2022-10-11;31;40;424;5043;27;312;5024;6198;851;189;278;2571;28888;143;1937;29033;35452;4436
FR;9;2022-10-12;22;26;297;2987;16;212;3044;3830;572;211;304;2868;31875;159;2149;32077;39282;5008
FR;9;2022-10-13;25;42;374;3980;16;245;4036;5027;740;236;346;3242;35855;175;2394;36113;44309;5748
FR;9;2022-10-14;27;26;381;4430;12;293;4414;5556;838;263;372;3623;40285;187;2687;40527;49865;6586
FR;9;2022-10-15;14;8;101;1052;7;79;1029;1308;198;277;380;3724;41337;194;2766;41556;51173;6784
FR;9;2022-10-16;4;1;9;132;2;12;126;168;28;281;381;3733;41469;196;2778;41682;51341;6812
FR;9;2022-10-17;4;22;165;1875;11;127;1883;2492;475;285;403;3898;43344;207;2905;43565;53833;7287
FR;9;2022-10-18;36;29;317;3430;17;237;3454;4663;963;321;432;4215;46774;224;3142;47019;58496;8250
FR;9;2022-10-19;22;19;262;2688;17;174;2717;3732;826;343;451;4477;49462;241;3316;49736;62228;9076
FR;9;2022-10-20;22;22;308;3628;8;233;3639;4813;933;365;473;4785;53090;249;3549;53375;67041;10009
FR;9;2022-10-21;14;32;327;3548;11;228;3554;4655;865;379;505;5112;56638;260;3777;56929;71696;10874
FR;9;2022-10-22;10;11;90;914;8;62;919;1193;207;389;516;5202;57552;268;3839;57848;72889;11081
FR;9;2022-10-23;2;2;17;100;2;10;105;148;33;391;518;5219;57652;270;3849;57953;73037;11114
FR;9;2022-10-24;7;17;159;1363;6;106;1434;1942;397;398;535;5378;59015;276;3955;59387;74979;11511
FR;9;2022-10-25;18;22;228;2841;16;188;2851;3938;896;416;557;5606;61856;292;4143;62238;78917;12407
FR;9;2022-10-26;14;16;169;1800;13;123;1812;2527;590;430;573;5775;63656;305;4266;64050;81444;12997
FR;9;2022-10-27;9;26;230;2303;15;173;2337;3210;689;439;599;6005;65959;320;4439;66387;84654;13686
FR;9;2022-10-28;18;27;224;2277;17;151;2303;3142;681;457;626;6229;68236;337;4590;68690;87796;14367
FR;9;2022-10-29;12;8;55;505;5;46;496;662;119;469;634;6284;68741;342;4636;69186;88458;14486
FR;9;2022-10-30;2;1;8;58;1;8;58;82;16;471;635;6292;68799;343;4644;69244;88540;14502
FR;9;2022-10-31;13;7;105;660;9;59;695;996;240;484;642;6397;69459;352;4703;69939;89536;14742
FR;9;2022-11-01;1;1;15;43;0;11;49;71;11;485;643;6412;69502;352;4714;69988;89607;14753
FR;9;2022-11-02;7;12;102;1027;4;76;1045;1577;452;492;655;6514;70529;356;4790;71033;91184;15205
FR;9;2022-11-03;17;18;157;1599;16;92;1647;2348;599;509;673;6671;72128;372;4882;72680;93532;15804
FR;9;2022-11-04;21;19;193;1751;15;120;1800;2536;611;530;692;6864;73879;387;5002;74480;96068;16415
FR;9;2022-11-05;8;10;58;403;9;39;424;573;107;538;702;6922;74282;396;5041;74904;96641;16522
FR;9;2022-11-06;5;4;5;62;6;2;61;88;25;543;706;6927;74344;402;5043;74965;96729;16547
FR;9;2022-11-07;16;19;89;942;16;110;941;1489;432;559;725;7016;75286;418;5153;75906;98218;16979
FR;9;2022-11-08;11;19;171;1827;13;137;1815;2660;703;570;744;7187;77113;431;5290;77721;100878;17682
FR;9;2022-11-09;16;16;123;1261;9;98;1322;1878;453;586;760;7310;78374;440;5388;79043;102756;18135
FR;9;2022-11-10;13;22;162;1622;14;137;1620;2280;519;599;782;7472;79996;454;5525;80663;105036;18654
FR;9;2022-11-11;1;1;13;81;1;6;83;124;35;600;783;7485;80077;455;5531;80746;105160;18689
FR;9;2022-11-12;5;8;44;259;7;19;278;395;97;605;791;7529;80336;462;5550;81024;105555;18786
FR;9;2022-11-13;2;0;4;30;0;4;31;51;16;607;791;7533;80366;462;5554;81055;105606;18802
FR;9;2022-11-14;11;12;56;713;11;44;722;1108;339;618;803;7589;81079;473;5598;81777;106714;19141
FR;9;2022-11-15;18;16;150;1346;7;103;1356;2103;638;636;819;7739;82425;480;5701;83133;108817;19779
FR;9;2022-11-16;10;5;99;979;8;58;997;1490;431;646;824;7838;83404;488;5759;84130;110307;20210
FR;9;2022-11-17;9;17;126;1086;11;78;1111;1695;501;655;841;7964;84490;499;5837;85241;112002;20711
FR;9;2022-11-18;7;16;120;1440;5;78;1455;2027;492;662;857;8084;85930;504;5915;86696;114029;21203
FR;9;2022-11-19;3;5;50;364;1;27;351;489;106;665;862;8134;86294;505;5942;87047;114518;21309
FR;9;2022-11-20;1;0;5;37;0;3;35;54;16;666;862;8139;86331;505;5945;87082;114572;21325
FR;9;2022-11-21;9;12;66;636;5;51;639;960;263;675;874;8205;86967;510;5996;87721;115532;21588
FR;9;2022-11-22;15;12;121;1037;13;74;1067;1592;449;690;886;8326;88004;523;6070;88788;117124;22037
FR;9;2022-11-23;7;10;69;733;5;33;760;1170;372;697;896;8395;88737;528;6103;89548;118294;22409
FR;9;2022-11-24;8;19;93;979;14;68;992;1472;406;705;915;8488;89716;542;6171;90540;119766;22815
FR;9;2022-11-25;8;10;107;1180;8;82;1195;1781;503;713;925;8595;90896;550;6253;91735;121547;23318
FR;9;2022-11-26;6;6;35;217;7;24;214;310;68;719;931;8630;91113;557;6277;91949;121857;23386
FR;9;2022-11-27;1;1;6;42;0;2;46;82;34;720;932;8636;91155;557;6279;91995;121939;23420
FR;9;2022-11-28;5;7;103;698;7;60;726;1135;344;725;939;8739;91853;564;6339;92721;123074;23764
FR;9;2022-11-29;6;18;142;1299;6;89;1327;1942;521;731;957;8881;93152;570;6428;94048;125016;24285
FR;9;2022-11-30;9;12;99;1032;5;76;1055;1606;470;740;969;8980;94184;575;6504;95103;126622;24755
FR;9;2022-12-01;16;14;112;1345;8;80;1331;1970;554;756;983;9092;95529;583;6584;96434;128592;25309
FR;9;2022-12-02;10;13;193;1817;10;107;1818;2631;700;766;996;9285;97346;593;6691;98252;131223;26009
FR;9;2022-12-03;7;9;79;619;5;41;632;887;208;773;1005;9364;97965;598;6732;98884;132110;26217
FR;9;2022-12-04;11;4;15;105;5;8;105;153;40;784;1009;9379;98070;603;6740;98989;132263;26257
FR;9;2022-12-05;19;24;144;1406;17;98;1421;2110;584;803;1033;9523;99476;620;6838;100410;134373;26841
FR;9;2022-12-06;30;21;264;2453;21;148;2548;3812;1097;833;1054;9787;101929;641;6986;102958;138185;27938
FR;9;2022-12-07;15;22;181;1848;20;112;1890;2826;814;848;1076;9968;103777;661;7098;104848;141011;28752
FR;9;2022-12-08;14;22;222;2404;15;125;2467;3701;1092;862;1098;10190;106181;676;7223;107315;144712;29844
FR;9;2022-12-09;14;25;287;2888;10;143;2986;4337;1200;876;1123;10477;109069;686;7366;110301;149049;31044
FR;9;2022-12-10;12;13;122;1324;5;56;1347;1819;410;888;1136;10599;110393;691;7422;111648;150868;31454
FR;9;2022-12-11;5;5;21;277;6;10;283;363;66;893;1141;10620;110670;697;7432;111931;151231;31520
FR;9;2022-12-12;17;14;215;1958;12;109;2032;2891;745;910;1155;10835;112628;709;7541;113963;154122;32265
FR;9;2022-12-13;28;23;317;3085;15;151;3221;4720;1337;938;1178;11152;115713;724;7692;117184;158842;33602
FR;9;2022-12-14;15;10;191;2335;8;94;2405;3505;989;953;1188;11343;118048;732;7786;119589;162347;34591
FR;9;2022-12-15;17;24;257;2611;13;138;2682;4069;1238;970;1212;11600;120659;745;7924;122271;166416;35829
FR;9;2022-12-16;15;29;294;3072;21;165;3155;4603;1274;985;1241;11894;123731;766;8089;125426;171019;37103
FR;9;2022-12-17;8;11;106;1193;6;50;1208;1664;402;993;1252;12000;124924;772;8139;126634;172683;37505
FR;9;2022-12-18;1;7;30;245;6;14;251;333;67;994;1259;12030;125169;778;8153;126885;173016;37572
FR;9;2022-12-19;20;21;149;1599;15;78;1631;2507;789;1014;1280;12179;126768;793;8231;128516;175523;38361
FR;9;2022-12-20;21;19;232;2306;6;115;2349;3708;1233;1035;1299;12411;129074;799;8346;130865;179231;39594
FR;9;2022-12-21;6;14;139;1501;7;66;1554;2402;775;1041;1313;12550;130575;806;8412;132419;181633;40369
FR;9;2022-12-22;19;9;136;1401;9;78;1418;2119;615;1060;1322;12686;131976;815;8490;133837;183752;40984
FR;9;2022-12-23;11;15;77;728;9;51;730;1092;305;1071;1337;12763;132704;824;8541;134567;184844;41289
FR;9;2022-12-24;1;5;13;96;4;6;98;138;34;1072;1342;12776;132800;828;8547;134665;184982;41323
FR;9;2022-12-25;1;0;5;5;0;4;6;12;2;1073;1342;12781;132805;828;8551;134671;184994;41325
FR;9;2022-12-26;17;8;64;547;11;37;554;829;235;1090;1350;12845;133352;839;8588;135225;185823;41560
FR;9;2022-12-27;12;30;97;882;14;69;917;1422;430;1102;1380;12942;134234;853;8657;136142;187245;41990
FR;9;2022-12-28;8;9;82;749;8;40;768;1185;372;1110;1389;13024;134983;861;8697;136910;188430;42362
FR;9;2022-12-29;9;14;92;720;10;51;753;1135;324;1119;1403;13116;135703;871;8748;137663;189565;42686
FR;9;2022-12-30;12;17;77;592;9;47;612;899;237;1131;1420;13193;136295;880;8795;138275;190464;42923
FR;9;2022-12-31;2;3;17;136;2;12;139;190;38;1133;1423;13210;136431;882;8807;138414;190654;42961
FR;9;2023-01-01;0;2;3;19;1;4;19;31;8;1133;1425;13213;136450;883;8811;138433;190685;42969
FR;9;2023-01-02;11;11;56;592;4;40;585;949;320;1144;1436;13269;137042;887;8851;139018;191634;43289
FR;9;2023-01-03;19;20;121;1079;20;74;1101;1939;749;1163;1456;13390;138121;907;8925;140119;193573;44038
FR;9;2023-01-04;21;18;113;846;8;73;898;1609;633;1184;1474;13503;138967;915;8998;141017;195182;44671
FR;9;2023-01-05;5;20;115;1059;11;65;1091;2048;882;1189;1494;13618;140026;926;9063;142108;197230;45553
FR;9;2023-01-06;11;17;152;1370;4;73;1388;2410;938;1200;1511;13770;141396;930;9136;143496;199640;46491
FR;9;2023-01-07;6;13;58;436;14;36;427;687;220;1206;1524;13828;141832;944;9172;143923;200327;46711
FR;9;2023-01-08;4;11;15;92;9;12;91;137;32;1210;1535;13843;141924;953;9184;144014;200464;46743
FR;9;2023-01-09;16;15;87;623;9;62;615;1276;586;1226;1550;13930;142547;962;9246;144629;201740;47329
FR;9;2023-01-10;13;12;154;979;11;74;1033;1990;871;1239;1562;14084;143526;973;9320;145662;203730;48200
FR;9;2023-01-11;19;9;74;680;10;49;689;1387;643;1258;1571;14158;144206;983;9369;146351;205117;48843
FR;9;2023-01-12;21;9;92;845;3;77;823;1688;775;1279;1580;14250;145051;986;9446;147174;206805;49618
FR;9;2023-01-13;15;19;106;887;12;73;909;1783;785;1294;1599;14356;145938;998;9519;148083;208588;50403
FR;9;2023-01-14;8;9;55;294;5;33;299;585;247;1302;1608;14411;146232;1003;9552;148382;209173;50650
FR;9;2023-01-15;1;3;15;37;0;9;41;82;32;1303;1611;14426;146269;1003;9561;148423;209255;50682
FR;9;2023-01-16;6;15;54;366;13;24;383;785;371;1309;1626;14480;146635;1016;9585;148806;210040;51053
FR;9;2023-01-17;7;9;83;563;4;49;577;1244;609;1316;1635;14563;147198;1020;9634;149383;211284;51662
FR;9;2023-01-18;8;14;37;380;6;32;397;839;403;1324;1649;14600;147578;1026;9666;149780;212123;52065
FR;9;2023-01-19;10;9;58;477;8;30;478;1086;567;1334;1658;14658;148055;1034;9696;150258;213209;52632
FR;9;2023-01-20;15;19;96;578;16;57;595;1190;534;1349;1677;14754;148633;1050;9753;150853;214399;53166
FR;9;2023-01-21;8;15;20;192;11;13;190;347;140;1357;1692;14774;148825;1061;9766;151043;214746;53306
FR;9;2023-01-22;0;0;8;20;0;5;21;42;16;1357;1692;14782;148845;1061;9771;151064;214788;53322
FR;9;2023-01-23;4;15;27;253;9;25;242;563;287;1361;1707;14809;149098;1070;9796;151306;215351;53609
FR;9;2023-01-24;11;10;70;461;9;42;484;1162;633;1372;1717;14879;149559;1079;9838;151790;216513;54242
FR;9;2023-01-25;11;20;50;325;8;48;336;799;410;1383;1737;14929;149884;1087;9886;152126;217312;54652
FR;9;2023-01-26;7;17;64;391;8;50;390;967;515;1390;1754;14993;150275;1095;9936;152516;218279;55167
FR;9;2023-01-27;4;7;59;381;3;31;397;906;462;1394;1761;15052;150656;1098;9967;152913;219185;55629
FR;9;2023-01-28;3;6;31;128;5;27;120;265;116;1397;1767;15083;150784;1103;9994;153033;219450;55745
FR;9;2023-01-29;3;0;3;18;2;1;17;40;22;1400;1767;15086;150802;1105;9995;153050;219490;55767
FR;9;2023-01-30;4;6;31;192;5;11;211;501;272;1404;1773;15117;150994;1110;10006;153261;219991;56039
FR;9;2023-01-31;14;7;38;260;9;18;264;649;359;1418;1780;15155;151254;1119;10024;153525;220640;56398
FR;9;2023-02-01;4;7;26;173;4;20;179;519;309;1422;1787;15181;151427;1123;10044;153704;221159;56707
FR;9;2023-02-02;4;6;31;252;6;23;233;666;395;1426;1793;15212;151679;1129;10067;153937;221825;57102
FR;9;2023-02-03;8;11;42;289;8;37;275;677;355;1434;1804;15254;151968;1137;10104;154212;222502;57457
FR;9;2023-02-04;6;5;10;70;7;8;68;160;84;1440;1809;15264;152038;1144;10112;154280;222662;57541
FR;9;2023-02-05;1;1;4;7;0;4;7;17;6;1441;1810;15268;152045;1144;10116;154287;222679;57547
FR;9;2023-02-06;3;5;17;81;4;15;78;229;134;1444;1815;15285;152126;1148;10131;154365;222908;57681
FR;9;2023-02-07;3;5;29;139;3;20;134;402;242;1447;1820;15314;152265;1151;10151;154499;223310;57923
FR;9;2023-02-08;4;6;25;116;3;13;125;301;160;1451;1826;15339;152381;1154;10164;154624;223611;58083
FR;9;2023-02-09;8;3;20;138;4;14;123;336;195;1459;1829;15359;152519;1158;10178;154747;223947;58278
FR;9;2023-02-10;8;8;19;149;10;11;145;309;147;1467;1837;15378;152668;1168;10189;154892;224256;58425
FR;9;2023-02-11;5;4;14;42;3;9;47;84;28;1472;1841;15392;152710;1171;10198;154939;224340;58453
FR;9;2023-02-12;0;0;0;1;0;0;1;8;7;1472;1841;15392;152711;1171;10198;154940;224348;58460
FR;9;2023-02-13;3;8;5;50;8;4;45;107;55;1475;1849;15397;152761;1179;10202;154985;224455;58515
FR;9;2023-02-14;10;10;16;66;10;13;63;225;146;1485;1859;15413;152827;1189;10215;155048;224680;58661
FR;9;2023-02-15;1;5;16;52;3;12;50;162;99;1486;1864;15429;152879;1192;10227;155098;224842;58760
FR;9;2023-02-16;4;6;19;77;1;17;78;197;93;1490;1870;15448;152956;1193;10244;155176;225039;58853
FR;9;2023-02-17;6;4;15;62;5;11;64;178;99;1496;1874;15463;153018;1198;10255;155240;225217;58952
FR;9;2023-02-18;1;5;1;30;5;3;25;58;29;1497;1879;15464;153048;1203;10258;155265;225275;58981
FR;9;2023-02-19;1;0;0;1;0;0;1;3;2;1498;1879;15464;153049;1203;10258;155266;225278;58983
FR;9;2023-02-20;2;3;9;60;2;6;60;123;55;1500;1882;15473;153109;1205;10264;155326;225401;59038
FR;9;2023-02-21;6;9;11;65;7;10;65;160;83;1506;1891;15484;153174;1212;10274;155391;225561;59121
FR;9;2023-02-22;2;4;18;70;3;13;72;210;118;1508;1895;15502;153244;1215;10287;155463;225771;59239
FR;9;2023-02-23;5;3;17;63;1;12;69;146;61;1513;1898;15519;153307;1216;10299;155532;225917;59300
FR;9;2023-02-24;6;4;13;80;5;8;83;211;114;1519;1902;15532;153387;1221;10307;155615;226128;59414
FR;9;2023-02-25;2;2;10;14;4;4;23;43;16;1521;1904;15542;153401;1225;10311;155638;226171;59430
FR;9;2023-02-26;3;1;0;4;3;1;4;5;0;1524;1905;15542;153405;1228;10312;155642;226176;59430
FR;9;2023-02-27;2;3;5;17;3;2;19;49;26;1526;1908;15547;153422;1231;10314;155661;226225;59456
FR;9;2023-02-28;7;13;18;55;11;16;58;155;76;1533;1921;15565;153477;1242;10330;155719;226380;59532
FR;9;2023-03-01;0;7;4;20;5;5;20;76;48;1533;1928;15569;153497;1247;10335;155739;226456;59580
FR;9;2023-03-02;0;1;7;31;1;2;36;80;41;1533;1929;15576;153528;1248;10337;155775;226536;59621
FR;9;2023-03-03;1;4;9;47;3;6;49;122;67;1534;1933;15585;153575;1251;10343;155824;226658;59688
FR;9;2023-03-04;1;2;7;19;1;4;25;41;10;1535;1935;15592;153594;1252;10347;155849;226699;59698
FR;9;2023-03-05;0;1;1;0;1;0;1;8;7;1535;1936;15593;153594;1253;10347;155850;226707;59705
FR;9;2023-03-06;1;6;6;8;3;6;9;35;19;1536;1942;15599;153602;1256;10353;155859;226742;59724
FR;9;2023-03-07;2;4;8;20;0;9;24;69;34;1538;1946;15607;153622;1256;10362;155883;226811;59758
FR;9;2023-03-08;2;4;10;6;4;4;13;39;20;1540;1950;15617;153628;1260;10366;155896;226850;59778
FR;9;2023-03-09;1;3;9;12;2;6;17;65;42;1541;1953;15626;153640;1262;10372;155913;226915;59820
FR;9;2023-03-10;3;3;6;20;3;4;19;58;34;1544;1956;15632;153660;1265;10376;155932;226973;59854
FR;9;2023-03-11;2;3;4;8;2;1;11;15;3;1546;1959;15636;153668;1267;10377;155943;226988;59857
FR;9;2023-03-12;0;1;0;0;1;0;0;0;0;1546;1960;15636;153668;1268;10377;155943;226988;59857
FR;9;2023-03-13;3;5;9;34;3;4;14;49;29;1549;1965;15645;153702;1271;10381;155957;227037;59886
FR;9;2023-03-14;3;3;7;27;1;6;29;79;41;1552;1968;15652;153729;1272;10387;155986;227116;59927
FR;9;2023-03-15;0;5;4;15;3;4;17;47;24;1552;1973;15656;153744;1275;10391;156003;227163;59951
FR;9;2023-03-16;0;9;7;15;5;8;15;77;52;1552;1982;15663;153759;1280;10399;156018;227240;60003
FR;9;2023-03-17;0;7;6;40;3;8;27;113;71;1552;1989;15669;153799;1283;10407;156045;227353;60074
FR;9;2023-03-18;2;2;5;13;1;4;16;48;26;1554;1991;15674;153812;1284;10411;156061;227401;60100
FR;9;2023-03-19;0;1;0;0;1;0;0;0;0;1554;1992;15674;153812;1285;10411;156061;227401;60100
FR;9;2023-03-20;3;7;1;25;6;1;13;54;40;1557;1999;15675;153837;1291;10412;156074;227455;60140
FR;9;2023-03-21;1;1;6;16;1;1;21;69;47;1558;2000;15681;153853;1292;10413;156095;227524;60187
FR;9;2023-03-22;1;2;4;19;2;2;22;78;49;1559;2002;15685;153872;1294;10415;156117;227602;60236
FR;9;2023-03-23;0;6;7;22;4;7;21;56;25;1559;2008;15692;153894;1298;10422;156138;227658;60261
FR;9;2023-03-24;2;2;5;25;2;5;26;53;19;1561;2010;15697;153919;1300;10427;156164;227711;60280
FR;9;2023-03-25;0;0;4;6;0;3;8;16;5;1561;2010;15701;153925;1300;10430;156172;227727;60285
FR;9;2023-03-26;0;1;0;0;0;1;0;2;1;1561;2011;15701;153925;1300;10431;156172;227729;60286
FR;9;2023-03-27;0;3;4;8;2;2;12;32;15;1561;2014;15705;153933;1302;10433;156184;227761;60301
FR;9;2023-03-28;5;13;6;16;12;7;15;48;22;1566;2027;15711;153949;1314;10440;156199;227809;60323
FR;9;2023-03-29;3;6;8;5;2;8;8;28;12;1569;2033;15719;153954;1316;10448;156207;227837;60335
FR;9;2023-03-30;2;2;2;17;2;3;17;43;20;1571;2035;15721;153971;1318;10451;156224;227880;60355
FR;9;2023-03-31;0;3;2;18;1;6;15;45;22;1571;2038;15723;153989;1319;10457;156239;227925;60377
FR;9;2023-04-01;0;1;5;2;0;4;5;12;3;1571;2039;15728;153991;1319;10461;156244;227937;60380
FR;9;2023-04-02;0;0;0;0;0;0;0;2;2;1571;2039;15728;153991;1319;10461;156244;227939;60382
FR;9;2023-04-03;0;1;3;13;0;4;10;53;34;1571;2040;15731;154004;1319;10465;156254;227992;60416
FR;9;2023-04-04;4;4;11;18;2;7;22;61;29;1575;2044;15742;154022;1321;10472;156276;228053;60445
FR;9;2023-04-05;0;2;4;27;1;3;32;78;39;1575;2046;15746;154049;1322;10475;156308;228131;60484
FR;9;2023-04-06;0;0;4;13;0;2;16;42;23;1575;2046;15750;154062;1322;10477;156324;228173;60507
FR;9;2023-04-07;1;6;1;7;2;4;7;34;19;1576;2052;15751;154069;1324;10481;156331;228207;60526
FR;9;2023-04-08;0;1;2;1;0;1;3;7;2;1576;2053;15753;154070;1324;10482;156334;228214;60528
FR;9;2023-04-09;0;1;0;0;1;0;0;2;1;1576;2054;15753;154070;1325;10482;156334;228216;60529
FR;9;2023-04-10;0;1;1;5;1;1;5;6;0;1576;2055;15754;154075;1326;10483;156339;228222;60529
FR;9;2023-04-11;2;5;4;9;4;3;8;22;8;1578;2060;15758;154084;1330;10486;156347;228244;60537
FR;9;2023-04-12;1;3;6;8;2;5;10;42;24;1579;2063;15764;154092;1332;10491;156357;228286;60561
FR;9;2023-04-13;0;0;2;4;0;2;4;15;9;1579;2063;15766;154096;1332;10493;156361;228301;60570
FR;9;2023-04-14;1;4;7;9;1;6;12;38;13;1580;2067;15773;154105;1333;10499;156373;228339;60583
FR;9;2023-04-15;0;1;2;2;1;1;2;7;4;1580;2068;15775;154107;1334;10500;156375;228346;60587
FR;9;2023-04-16;0;1;0;0;1;0;0;0;0;1580;2069;15775;154107;1335;10500;156375;228346;60587
FR;9;2023-04-17;1;2;6;7;2;2;10;26;8;1581;2071;15781;154114;1337;10502;156385;228372;60595
FR;9;2023-04-18;2;1;3;8;1;2;9;34;21;1583;2072;15784;154122;1338;10504;156394;228406;60616
FR;10;2020-12-27;0;0;0;0;0;0;0;0;0;0;0;0;0;0;0;0;0;0
FR;10;2020-12-28;0;0;0;0;0;0;0;0;0;0;0;0;0;0;0;0;0;0
FR;10;2020-12-29;0;0;0;0;0;0;0;0;0;0;0;0;0;0;0;0;0;0
FR;10;2020-12-30;0;0;0;0;0;0;0;0;0;0;0;0;0;0;0;0;0;0
FR;10;2020-12-31;0;0;0;0;0;0;0;0;0;0;0;0;0;0;0;0;0;0
FR;10;2021-01-01;0;0;0;0;0;0;0;0;0;0;0;0;0;0;0;0;0;0
FR;10;2021-01-02;0;0;0;0;0;0;0;0;0;0;0;0;0;0;0;0;0;0
FR;10;2021-01-03;0;0;0;0;0;0;0;0;0;0;0;0;0;0;0;0;0;0
FR;10;2021-01-04;0;0;0;0;0;0;0;0;0;0;0;0;0;0;0;0;0;0
FR;10;2021-01-05;0;0;0;0;0;0;0;0;0;0;0;0;0;0;0;0;0;0
FR;10;2021-01-06;0;0;0;0;0;0;0;0;0;0;0;0;0;0;0;0;0;0
FR;10;2021-01-07;0;0;0;0;0;0;0;0;0;0;0;0;0;0;0;0;0;0
FR;10;2021-01-08;0;0;0;0;0;0;0;0;0;0;0;0;0;0;0;0;0;0
FR;10;2021-01-09;0;0;0;0;0;0;0;0;0;0;0;0;0;0;0;0;0;0
FR;10;2021-01-10;0;0;0;0;0;0;0;0;0;0;0;0;0;0;0;0;0;0
FR;10;2021-01-11;0;0;0;0;0;0;0;0;0;0;0;0;0;0;0;0;0;0
FR;10;2021-01-12;0;0;0;0;0;0;0;0;0;0;0;0;0;0;0;0;0;0
FR;10;2021-01-13;0;0;0;0;0;0;0;0;0;0;0;0;0;0;0;0;0;0
FR;10;2021-01-14;0;0;0;0;0;0;0;0;0;0;0;0;0;0;0;0;0;0
FR;10;2021-01-15;0;0;0;0;0;0;0;0;0;0;0;0;0;0;0;0;0;0
FR;10;2021-01-16;0;0;0;0;0;0;0;0;0;0;0;0;0;0;0;0;0;0
FR;10;2021-01-17;0;0;0;0;0;0;0;0;0;0;0;0;0;0;0;0;0;0
FR;10;2021-01-18;0;0;0;0;0;0;0;0;0;0;0;0;0;0;0;0;0;0
FR;10;2021-01-19;0;0;0;0;0;0;0;0;0;0;0;0;0;0;0;0;0;0
FR;10;2021-01-20;0;0;0;0;0;0;0;0;0;0;0;0;0;0;0;0;0;0
FR;10;2021-01-21;0;0;0;0;0;0;0;0;0;0;0;0;0;0;0;0;0;0
FR;10;2021-01-22;0;0;0;0;0;0;0;0;0;0;0;0;0;0;0;0;0;0
FR;10;2021-01-23;0;0;0;0;0;0;0;0;0;0;0;0;0;0;0;0;0;0
FR;10;2021-01-24;0;0;0;0;0;0;0;0;0;0;0;0;0;0;0;0;0;0
FR;10;2021-01-25;0;0;0;0;0;0;0;0;0;0;0;0;0;0;0;0;0;0
FR;10;2021-01-26;0;0;0;0;0;0;0;0;0;0;0;0;0;0;0;0;0;0
FR;10;2021-01-27;0;0;0;0;0;0;0;0;0;0;0;0;0;0;0;0;0;0
FR;10;2021-01-28;0;0;0;0;0;0;0;0;0;0;0;0;0;0;0;0;0;0
FR;10;2021-01-29;0;0;0;0;0;0;0;0;0;0;0;0;0;0;0;0;0;0
FR;10;2021-01-30;0;0;0;0;0;0;0;0;0;0;0;0;0;0;0;0;0;0
FR;10;2021-01-31;0;0;0;0;0;0;0;0;0;0;0;0;0;0;0;0;0;0
FR;10;2021-02-01;0;0;0;0;0;0;0;0;0;0;0;0;0;0;0;0;0;0
FR;10;2021-02-02;0;0;0;0;0;0;0;0;0;0;0;0;0;0;0;0;0;0
FR;10;2021-02-03;0;0;0;0;0;0;0;0;0;0;0;0;0;0;0;0;0;0
FR;10;2021-02-04;0;0;0;0;0;0;0;0;0;0;0;0;0;0;0;0;0;0
FR;10;2021-02-05;0;0;0;0;0;0;0;0;0;0;0;0;0;0;0;0;0;0
FR;10;2021-02-06;0;0;0;0;0;0;0;0;0;0;0;0;0;0;0;0;0;0
FR;10;2021-02-07;0;0;0;0;0;0;0;0;0;0;0;0;0;0;0;0;0;0
FR;10;2021-02-08;0;0;0;0;0;0;0;0;0;0;0;0;0;0;0;0;0;0
FR;10;2021-02-09;0;0;0;0;0;0;0;0;0;0;0;0;0;0;0;0;0;0
FR;10;2021-02-10;0;0;0;0;0;0;0;0;0;0;0;0;0;0;0;0;0;0
FR;10;2021-02-11;0;0;0;0;0;0;0;0;0;0;0;0;0;0;0;0;0;0
FR;10;2021-02-12;0;0;0;0;0;0;0;0;0;0;0;0;0;0;0;0;0;0
FR;10;2021-02-13;0;0;0;0;0;0;0;0;0;0;0;0;0;0;0;0;0;0
FR;10;2021-02-14;0;0;0;0;0;0;0;0;0;0;0;0;0;0;0;0;0;0
FR;10;2021-02-15;0;0;0;0;0;0;0;0;0;0;0;0;0;0;0;0;0;0
FR;10;2021-02-16;0;0;0;0;0;0;0;0;0;0;0;0;0;0;0;0;0;0
FR;10;2021-02-17;0;0;0;0;0;0;0;0;0;0;0;0;0;0;0;0;0;0
FR;10;2021-02-18;0;0;0;0;0;0;0;0;0;0;0;0;0;0;0;0;0;0
FR;10;2021-02-19;0;0;0;0;0;0;0;0;0;0;0;0;0;0;0;0;0;0
FR;10;2021-02-20;0;0;0;0;0;0;0;0;0;0;0;0;0;0;0;0;0;0
FR;10;2021-02-21;0;0;0;0;0;0;0;0;0;0;0;0;0;0;0;0;0;0
FR;10;2021-02-22;0;0;0;0;0;0;0;0;0;0;0;0;0;0;0;0;0;0
FR;10;2021-02-23;0;0;0;0;0;0;0;0;0;0;0;0;0;0;0;0;0;0
FR;10;2021-02-24;0;0;0;0;0;0;0;0;0;0;0;0;0;0;0;0;0;0
FR;10;2021-02-25;0;0;0;0;0;0;0;0;0;0;0;0;0;0;0;0;0;0
FR;10;2021-02-26;0;0;0;0;0;0;0;0;0;0;0;0;0;0;0;0;0;0
FR;10;2021-02-27;0;0;0;0;0;0;0;0;0;0;0;0;0;0;0;0;0;0
FR;10;2021-02-28;0;0;0;0;0;0;0;0;0;0;0;0;0;0;0;0;0;0
FR;10;2021-03-01;0;0;0;0;0;0;0;0;0;0;0;0;0;0;0;0;0;0
FR;10;2021-03-02;0;0;0;0;0;0;0;0;0;0;0;0;0;0;0;0;0;0
FR;10;2021-03-03;0;0;0;0;0;0;0;0;0;0;0;0;0;0;0;0;0;0
FR;10;2021-03-04;0;0;0;0;0;0;0;0;0;0;0;0;0;0;0;0;0;0
FR;10;2021-03-05;0;0;0;0;0;0;0;0;0;0;0;0;0;0;0;0;0;0
FR;10;2021-03-06;0;0;0;0;0;0;0;0;0;0;0;0;0;0;0;0;0;0
FR;10;2021-03-07;0;0;0;0;0;0;0;0;0;0;0;0;0;0;0;0;0;0
FR;10;2021-03-08;0;0;0;0;0;0;0;0;0;0;0;0;0;0;0;0;0;0
FR;10;2021-03-09;0;0;0;0;0;0;0;0;0;0;0;0;0;0;0;0;0;0
FR;10;2021-03-10;0;0;0;0;0;0;0;0;0;0;0;0;0;0;0;0;0;0
FR;10;2021-03-11;0;0;0;0;0;0;0;0;0;0;0;0;0;0;0;0;0;0
FR;10;2021-03-12;0;0;0;0;0;0;0;0;0;0;0;0;0;0;0;0;0;0
FR;10;2021-03-13;0;0;0;0;0;0;0;0;0;0;0;0;0;0;0;0;0;0
FR;10;2021-03-14;0;0;0;0;0;0;0;0;0;0;0;0;0;0;0;0;0;0
FR;10;2021-03-15;0;0;0;0;0;0;0;0;0;0;0;0;0;0;0;0;0;0
FR;10;2021-03-16;0;0;0;0;0;0;0;0;0;0;0;0;0;0;0;0;0;0
FR;10;2021-03-17;0;0;0;0;0;0;0;0;0;0;0;0;0;0;0;0;0;0
FR;10;2021-03-18;0;0;0;0;0;0;0;0;0;0;0;0;0;0;0;0;0;0
FR;10;2021-03-19;0;0;0;0;0;0;0;0;0;0;0;0;0;0;0;0;0;0
FR;10;2021-03-20;0;0;0;0;0;0;0;0;0;0;0;0;0;0;0;0;0;0
FR;10;2021-03-21;0;0;0;0;0;0;0;0;0;0;0;0;0;0;0;0;0;0
FR;10;2021-03-22;0;0;0;0;0;0;0;0;0;0;0;0;0;0;0;0;0;0
FR;10;2021-03-23;0;0;0;0;0;0;0;0;0;0;0;0;0;0;0;0;0;0
FR;10;2021-03-24;0;0;0;0;0;0;0;0;0;0;0;0;0;0;0;0;0;0
FR;10;2021-03-25;0;0;0;0;0;0;0;0;0;0;0;0;0;0;0;0;0;0
FR;10;2021-03-26;0;0;0;0;0;0;0;0;0;0;0;0;0;0;0;0;0;0
FR;10;2021-03-27;0;0;0;0;0;0;0;0;0;0;0;0;0;0;0;0;0;0
FR;10;2021-03-28;0;0;0;0;0;0;0;0;0;0;0;0;0;0;0;0;0;0
FR;10;2021-03-29;0;0;0;0;0;0;0;0;0;0;0;0;0;0;0;0;0;0
FR;10;2021-03-30;0;0;0;0;0;0;0;0;0;0;0;0;0;0;0;0;0;0
FR;10;2021-03-31;0;0;0;0;0;0;0;0;0;0;0;0;0;0;0;0;0;0
FR;10;2021-04-01;0;0;0;0;0;0;0;0;0;0;0;0;0;0;0;0;0;0
FR;10;2021-04-02;0;0;0;0;0;0;0;0;0;0;0;0;0;0;0;0;0;0
FR;10;2021-04-03;0;0;0;0;0;0;0;0;0;0;0;0;0;0;0;0;0;0
FR;10;2021-04-04;0;0;0;0;0;0;0;0;0;0;0;0;0;0;0;0;0;0
FR;10;2021-04-05;0;0;0;0;0;0;0;0;0;0;0;0;0;0;0;0;0;0
FR;10;2021-04-06;0;0;0;0;0;0;0;0;0;0;0;0;0;0;0;0;0;0
FR;10;2021-04-07;0;0;0;0;0;0;0;0;0;0;0;0;0;0;0;0;0;0
FR;10;2021-04-08;0;0;0;0;0;0;0;0;0;0;0;0;0;0;0;0;0;0
FR;10;2021-04-09;0;0;0;0;0;0;0;0;0;0;0;0;0;0;0;0;0;0
FR;10;2021-04-10;0;0;0;0;0;0;0;0;0;0;0;0;0;0;0;0;0;0
FR;10;2021-04-11;0;0;0;0;0;0;0;0;0;0;0;0;0;0;0;0;0;0
FR;10;2021-04-12;0;0;0;0;0;0;0;0;0;0;0;0;0;0;0;0;0;0
FR;10;2021-04-13;0;0;0;0;0;0;0;0;0;0;0;0;0;0;0;0;0;0
FR;10;2021-04-14;0;0;0;0;0;0;0;0;0;0;0;0;0;0;0;0;0;0
FR;10;2021-04-15;0;0;0;0;0;0;0;0;0;0;0;0;0;0;0;0;0;0
FR;10;2021-04-16;0;0;0;0;0;0;0;0;0;0;0;0;0;0;0;0;0;0
FR;10;2021-04-17;0;0;0;0;0;0;0;0;0;0;0;0;0;0;0;0;0;0
FR;10;2021-04-18;0;0;0;0;0;0;0;0;0;0;0;0;0;0;0;0;0;0
FR;10;2021-04-19;0;0;0;0;0;0;0;0;0;0;0;0;0;0;0;0;0;0
FR;10;2021-04-20;0;0;0;0;0;0;0;0;0;0;0;0;0;0;0;0;0;0
FR;10;2021-04-21;0;0;0;0;0;0;0;0;0;0;0;0;0;0;0;0;0;0
FR;10;2021-04-22;0;0;0;0;0;0;0;0;0;0;0;0;0;0;0;0;0;0
FR;10;2021-04-23;0;0;0;0;0;0;0;0;0;0;0;0;0;0;0;0;0;0
FR;10;2021-04-24;0;0;0;0;0;0;0;0;0;0;0;0;0;0;0;0;0;0
FR;10;2021-04-25;0;0;0;0;0;0;0;0;0;0;0;0;0;0;0;0;0;0
FR;10;2021-04-26;0;0;0;0;0;0;0;0;0;0;0;0;0;0;0;0;0;0
FR;10;2021-04-27;0;0;0;0;0;0;0;0;0;0;0;0;0;0;0;0;0;0
FR;10;2021-04-28;0;0;0;0;0;0;0;0;0;0;0;0;0;0;0;0;0;0
FR;10;2021-04-29;0;0;0;0;0;0;0;0;0;0;0;0;0;0;0;0;0;0
FR;10;2021-04-30;0;0;0;0;0;0;0;0;0;0;0;0;0;0;0;0;0;0
FR;10;2021-05-01;0;0;0;0;0;0;0;0;0;0;0;0;0;0;0;0;0;0
FR;10;2021-05-02;0;0;0;0;0;0;0;0;0;0;0;0;0;0;0;0;0;0
FR;10;2021-05-03;0;0;0;0;0;0;0;0;0;0;0;0;0;0;0;0;0;0
FR;10;2021-05-04;0;0;0;0;0;0;0;0;0;0;0;0;0;0;0;0;0;0
FR;10;2021-05-05;0;0;0;0;0;0;0;0;0;0;0;0;0;0;0;0;0;0
FR;10;2021-05-06;0;0;0;0;0;0;0;0;0;0;0;0;0;0;0;0;0;0
FR;10;2021-05-07;0;0;0;0;0;0;0;0;0;0;0;0;0;0;0;0;0;0
FR;10;2021-05-08;0;0;0;0;0;0;0;0;0;0;0;0;0;0;0;0;0;0
FR;10;2021-05-09;0;0;0;0;0;0;0;0;0;0;0;0;0;0;0;0;0;0
FR;10;2021-05-10;0;0;0;0;0;0;0;0;0;0;0;0;0;0;0;0;0;0
FR;10;2021-05-11;0;0;0;0;0;0;0;0;0;0;0;0;0;0;0;0;0;0
FR;10;2021-05-12;0;0;0;0;0;0;0;0;0;0;0;0;0;0;0;0;0;0
FR;10;2021-05-13;0;0;0;0;0;0;0;0;0;0;0;0;0;0;0;0;0;0
FR;10;2021-05-14;0;0;0;0;0;0;0;0;0;0;0;0;0;0;0;0;0;0
FR;10;2021-05-15;0;0;0;0;0;0;0;0;0;0;0;0;0;0;0;0;0;0
FR;10;2021-05-16;0;0;0;0;0;0;0;0;0;0;0;0;0;0;0;0;0;0
FR;10;2021-05-17;0;0;0;0;0;0;0;0;0;0;0;0;0;0;0;0;0;0
FR;10;2021-05-18;0;0;0;0;0;0;0;0;0;0;0;0;0;0;0;0;0;0
FR;10;2021-05-19;0;0;0;0;0;0;0;0;0;0;0;0;0;0;0;0;0;0
FR;10;2021-05-20;0;0;0;0;0;0;0;0;0;0;0;0;0;0;0;0;0;0
FR;10;2021-05-21;0;0;0;0;0;0;0;0;0;0;0;0;0;0;0;0;0;0
FR;10;2021-05-22;0;0;0;0;0;0;0;0;0;0;0;0;0;0;0;0;0;0
FR;10;2021-05-23;0;0;0;0;0;0;0;0;0;0;0;0;0;0;0;0;0;0
FR;10;2021-05-24;0;0;0;0;0;0;0;0;0;0;0;0;0;0;0;0;0;0
FR;10;2021-05-25;0;0;0;0;0;0;0;0;0;0;0;0;0;0;0;0;0;0
FR;10;2021-05-26;0;0;0;0;0;0;0;0;0;0;0;0;0;0;0;0;0;0
FR;10;2021-05-27;0;0;0;0;0;0;0;0;0;0;0;0;0;0;0;0;0;0
FR;10;2021-05-28;0;0;0;0;0;0;0;0;0;0;0;0;0;0;0;0;0;0
FR;10;2021-05-29;0;0;0;0;0;0;0;0;0;0;0;0;0;0;0;0;0;0
FR;10;2021-05-30;0;0;0;0;0;0;0;0;0;0;0;0;0;0;0;0;0;0
FR;10;2021-05-31;0;0;0;0;0;0;0;0;0;0;0;0;0;0;0;0;0;0
FR;10;2021-06-01;0;0;0;0;0;0;0;0;0;0;0;0;0;0;0;0;0;0
FR;10;2021-06-02;0;0;0;0;0;0;0;0;0;0;0;0;0;0;0;0;0;0
FR;10;2021-06-03;0;0;0;0;0;0;0;0;0;0;0;0;0;0;0;0;0;0
FR;10;2021-06-04;0;0;0;0;0;0;0;0;0;0;0;0;0;0;0;0;0;0
FR;10;2021-06-05;0;0;0;0;0;0;0;0;0;0;0;0;0;0;0;0;0;0
FR;10;2021-06-06;0;0;0;0;0;0;0;0;0;0;0;0;0;0;0;0;0;0
FR;10;2021-06-07;0;0;0;0;0;0;0;0;0;0;0;0;0;0;0;0;0;0
FR;10;2021-06-08;0;0;0;0;0;0;0;0;0;0;0;0;0;0;0;0;0;0
FR;10;2021-06-09;0;0;0;0;0;0;0;0;0;0;0;0;0;0;0;0;0;0
FR;10;2021-06-10;0;0;0;0;0;0;0;0;0;0;0;0;0;0;0;0;0;0
FR;10;2021-06-11;0;0;0;0;0;0;0;0;0;0;0;0;0;0;0;0;0;0
FR;10;2021-06-12;0;0;0;0;0;0;0;0;0;0;0;0;0;0;0;0;0;0
FR;10;2021-06-13;0;0;0;0;0;0;0;0;0;0;0;0;0;0;0;0;0;0
FR;10;2021-06-14;0;0;0;0;0;0;0;0;0;0;0;0;0;0;0;0;0;0
FR;10;2021-06-15;0;0;0;0;0;0;0;0;0;0;0;0;0;0;0;0;0;0
FR;10;2021-06-16;0;0;0;0;0;0;0;0;0;0;0;0;0;0;0;0;0;0
FR;10;2021-06-17;0;0;0;0;0;0;0;0;0;0;0;0;0;0;0;0;0;0
FR;10;2021-06-18;0;0;0;0;0;0;0;0;0;0;0;0;0;0;0;0;0;0
FR;10;2021-06-19;0;0;0;0;0;0;0;0;0;0;0;0;0;0;0;0;0;0
FR;10;2021-06-20;0;0;0;0;0;0;0;0;0;0;0;0;0;0;0;0;0;0
FR;10;2021-06-21;0;0;0;0;0;0;0;0;0;0;0;0;0;0;0;0;0;0
FR;10;2021-06-22;0;0;0;0;0;0;0;0;0;0;0;0;0;0;0;0;0;0
FR;10;2021-06-23;0;0;0;0;0;0;0;0;0;0;0;0;0;0;0;0;0;0
FR;10;2021-06-24;0;0;0;0;0;0;0;0;0;0;0;0;0;0;0;0;0;0
FR;10;2021-06-25;0;0;0;0;0;0;0;0;0;0;0;0;0;0;0;0;0;0
FR;10;2021-06-26;0;0;0;0;0;0;0;0;0;0;0;0;0;0;0;0;0;0
FR;10;2021-06-27;0;0;0;0;0;0;0;0;0;0;0;0;0;0;0;0;0;0
FR;10;2021-06-28;0;0;0;0;0;0;0;0;0;0;0;0;0;0;0;0;0;0
FR;10;2021-06-29;0;0;0;0;0;0;0;0;0;0;0;0;0;0;0;0;0;0
FR;10;2021-06-30;0;0;0;0;0;0;0;0;0;0;0;0;0;0;0;0;0;0
FR;10;2021-07-01;0;0;0;0;0;0;0;0;0;0;0;0;0;0;0;0;0;0
FR;10;2021-07-02;0;0;0;0;0;0;0;0;0;0;0;0;0;0;0;0;0;0
FR;10;2021-07-03;0;0;0;0;0;0;0;0;0;0;0;0;0;0;0;0;0;0
FR;10;2021-07-04;0;0;0;0;0;0;0;0;0;0;0;0;0;0;0;0;0;0
FR;10;2021-07-05;0;0;0;0;0;0;0;0;0;0;0;0;0;0;0;0;0;0
FR;10;2021-07-06;0;0;0;0;0;0;0;0;0;0;0;0;0;0;0;0;0;0
FR;10;2021-07-07;0;0;0;0;0;0;0;0;0;0;0;0;0;0;0;0;0;0
FR;10;2021-07-08;0;0;0;0;0;0;0;0;0;0;0;0;0;0;0;0;0;0
FR;10;2021-07-09;0;0;0;0;0;0;0;0;0;0;0;0;0;0;0;0;0;0
FR;10;2021-07-10;0;0;0;0;0;0;0;0;0;0;0;0;0;0;0;0;0;0
FR;10;2021-07-11;0;0;0;0;0;0;0;0;0;0;0;0;0;0;0;0;0;0
FR;10;2021-07-12;0;0;0;0;0;0;0;0;0;0;0;0;0;0;0;0;0;0
FR;10;2021-07-13;0;0;0;0;0;0;0;0;0;0;0;0;0;0;0;0;0;0
FR;10;2021-07-14;0;0;0;0;0;0;0;0;0;0;0;0;0;0;0;0;0;0
FR;10;2021-07-15;0;0;0;0;0;0;0;0;0;0;0;0;0;0;0;0;0;0
FR;10;2021-07-16;0;0;0;0;0;0;0;0;0;0;0;0;0;0;0;0;0;0
FR;10;2021-07-17;0;0;0;0;0;0;0;0;0;0;0;0;0;0;0;0;0;0
FR;10;2021-07-18;0;0;0;0;0;0;0;0;0;0;0;0;0;0;0;0;0;0
FR;10;2021-07-19;0;0;0;0;0;0;0;0;0;0;0;0;0;0;0;0;0;0
FR;10;2021-07-20;0;0;0;0;0;0;0;0;0;0;0;0;0;0;0;0;0;0
FR;10;2021-07-21;0;0;0;0;0;0;0;0;0;0;0;0;0;0;0;0;0;0
FR;10;2021-07-22;0;0;0;0;0;0;0;0;0;0;0;0;0;0;0;0;0;0
FR;10;2021-07-23;0;0;0;0;0;0;0;0;0;0;0;0;0;0;0;0;0;0
FR;10;2021-07-24;0;0;0;0;0;0;0;0;0;0;0;0;0;0;0;0;0;0
FR;10;2021-07-25;0;0;0;0;0;0;0;0;0;0;0;0;0;0;0;0;0;0
FR;10;2021-07-26;0;0;0;0;0;0;0;0;0;0;0;0;0;0;0;0;0;0
FR;10;2021-07-27;0;0;0;0;0;0;0;0;0;0;0;0;0;0;0;0;0;0
FR;10;2021-07-28;0;0;0;0;0;0;0;0;0;0;0;0;0;0;0;0;0;0
FR;10;2021-07-29;0;0;0;0;0;0;0;0;0;0;0;0;0;0;0;0;0;0
FR;10;2021-07-30;0;0;0;0;0;0;0;0;0;0;0;0;0;0;0;0;0;0
FR;10;2021-07-31;0;0;0;0;0;0;0;0;0;0;0;0;0;0;0;0;0;0
FR;10;2021-08-01;0;0;0;0;0;0;0;0;0;0;0;0;0;0;0;0;0;0
FR;10;2021-08-02;0;0;0;0;0;0;0;0;0;0;0;0;0;0;0;0;0;0
FR;10;2021-08-03;0;0;0;0;0;0;0;0;0;0;0;0;0;0;0;0;0;0
FR;10;2021-08-04;0;0;0;0;0;0;0;0;0;0;0;0;0;0;0;0;0;0
FR;10;2021-08-05;0;0;0;0;0;0;0;0;0;0;0;0;0;0;0;0;0;0
FR;10;2021-08-06;0;0;0;0;0;0;0;0;0;0;0;0;0;0;0;0;0;0
FR;10;2021-08-07;0;0;0;0;0;0;0;0;0;0;0;0;0;0;0;0;0;0
FR;10;2021-08-08;0;0;0;0;0;0;0;0;0;0;0;0;0;0;0;0;0;0
FR;10;2021-08-09;0;0;0;0;0;0;0;0;0;0;0;0;0;0;0;0;0;0
FR;10;2021-08-10;0;0;0;0;0;0;0;0;0;0;0;0;0;0;0;0;0;0
FR;10;2021-08-11;0;0;0;0;0;0;0;0;0;0;0;0;0;0;0;0;0;0
FR;10;2021-08-12;0;0;0;0;0;0;0;0;0;0;0;0;0;0;0;0;0;0
FR;10;2021-08-13;0;0;0;0;0;0;0;0;0;0;0;0;0;0;0;0;0;0
FR;10;2021-08-14;0;0;0;0;0;0;0;0;0;0;0;0;0;0;0;0;0;0
FR;10;2021-08-15;0;0;0;0;0;0;0;0;0;0;0;0;0;0;0;0;0;0
FR;10;2021-08-16;0;0;0;0;0;0;0;0;0;0;0;0;0;0;0;0;0;0
FR;10;2021-08-17;0;0;0;0;0;0;0;0;0;0;0;0;0;0;0;0;0;0
FR;10;2021-08-18;0;0;0;0;0;0;0;0;0;0;0;0;0;0;0;0;0;0
FR;10;2021-08-19;0;0;0;0;0;0;0;0;0;0;0;0;0;0;0;0;0;0
FR;10;2021-08-20;0;0;0;0;0;0;0;0;0;0;0;0;0;0;0;0;0;0
FR;10;2021-08-21;0;0;0;0;0;0;0;0;0;0;0;0;0;0;0;0;0;0
FR;10;2021-08-22;0;0;0;0;0;0;0;0;0;0;0;0;0;0;0;0;0;0
FR;10;2021-08-23;0;0;0;0;0;0;0;0;0;0;0;0;0;0;0;0;0;0
FR;10;2021-08-24;0;0;0;0;0;0;0;0;0;0;0;0;0;0;0;0;0;0
FR;10;2021-08-25;0;0;0;0;0;0;0;0;0;0;0;0;0;0;0;0;0;0
FR;10;2021-08-26;0;0;0;0;0;0;0;0;0;0;0;0;0;0;0;0;0;0
FR;10;2021-08-27;0;0;0;0;0;0;0;0;0;0;0;0;0;0;0;0;0;0
FR;10;2021-08-28;0;0;0;0;0;0;0;0;0;0;0;0;0;0;0;0;0;0
FR;10;2021-08-29;0;0;0;0;0;0;0;0;0;0;0;0;0;0;0;0;0;0
FR;10;2021-08-30;0;0;0;0;0;0;0;0;0;0;0;0;0;0;0;0;0;0
FR;10;2021-08-31;0;0;0;0;0;0;0;0;0;0;0;0;0;0;0;0;0;0
FR;10;2021-09-01;0;0;0;0;0;0;0;0;0;0;0;0;0;0;0;0;0;0
FR;10;2021-09-02;0;0;0;0;0;0;0;0;0;0;0;0;0;0;0;0;0;0
FR;10;2021-09-03;0;0;0;0;0;0;0;0;0;0;0;0;0;0;0;0;0;0
FR;10;2021-09-04;0;0;0;0;0;0;0;0;0;0;0;0;0;0;0;0;0;0
FR;10;2021-09-05;0;0;0;0;0;0;0;0;0;0;0;0;0;0;0;0;0;0
FR;10;2021-09-06;0;0;0;0;0;0;0;0;0;0;0;0;0;0;0;0;0;0
FR;10;2021-09-07;0;0;0;0;0;0;0;0;0;0;0;0;0;0;0;0;0;0
FR;10;2021-09-08;0;0;0;0;0;0;0;0;0;0;0;0;0;0;0;0;0;0
FR;10;2021-09-09;0;0;0;0;0;0;0;0;0;0;0;0;0;0;0;0;0;0
FR;10;2021-09-10;0;0;0;0;0;0;0;0;0;0;0;0;0;0;0;0;0;0
FR;10;2021-09-11;0;0;0;0;0;0;0;0;0;0;0;0;0;0;0;0;0;0
FR;10;2021-09-12;0;0;0;0;0;0;0;0;0;0;0;0;0;0;0;0;0;0
FR;10;2021-09-13;0;0;0;0;0;0;0;0;0;0;0;0;0;0;0;0;0;0
FR;10;2021-09-14;0;0;0;0;0;0;0;0;0;0;0;0;0;0;0;0;0;0
FR;10;2021-09-15;0;0;0;0;0;0;0;0;0;0;0;0;0;0;0;0;0;0
FR;10;2021-09-16;0;0;0;0;0;0;0;0;0;0;0;0;0;0;0;0;0;0
FR;10;2021-09-17;0;0;0;0;0;0;0;0;0;0;0;0;0;0;0;0;0;0
FR;10;2021-09-18;0;0;0;0;0;0;0;0;0;0;0;0;0;0;0;0;0;0
FR;10;2021-09-19;0;0;0;0;0;0;0;0;0;0;0;0;0;0;0;0;0;0
FR;10;2021-09-20;0;0;0;0;0;0;0;0;0;0;0;0;0;0;0;0;0;0
FR;10;2021-09-21;0;0;0;0;0;0;0;0;0;0;0;0;0;0;0;0;0;0
FR;10;2021-09-22;0;0;0;0;0;0;0;0;0;0;0;0;0;0;0;0;0;0
FR;10;2021-09-23;0;0;0;0;0;0;0;0;0;0;0;0;0;0;0;0;0;0
FR;10;2021-09-24;0;0;0;0;0;0;0;0;0;0;0;0;0;0;0;0;0;0
FR;10;2021-09-25;0;0;0;0;0;0;0;0;0;0;0;0;0;0;0;0;0;0
FR;10;2021-09-26;0;0;0;0;0;0;0;0;0;0;0;0;0;0;0;0;0;0
FR;10;2021-09-27;0;0;0;0;0;0;0;0;0;0;0;0;0;0;0;0;0;0
FR;10;2021-09-28;0;0;0;0;0;0;0;0;0;0;0;0;0;0;0;0;0;0
FR;10;2021-09-29;0;0;0;0;0;0;0;0;0;0;0;0;0;0;0;0;0;0
FR;10;2021-09-30;0;0;0;0;0;0;0;0;0;0;0;0;0;0;0;0;0;0
FR;10;2021-10-01;0;0;0;0;0;0;0;0;0;0;0;0;0;0;0;0;0;0
FR;10;2021-10-02;0;0;0;0;0;0;0;0;0;0;0;0;0;0;0;0;0;0
FR;10;2021-10-03;0;0;0;0;0;0;0;0;0;0;0;0;0;0;0;0;0;0
FR;10;2021-10-04;0;0;0;0;0;0;0;0;0;0;0;0;0;0;0;0;0;0
FR;10;2021-10-05;0;0;0;0;0;0;0;0;0;0;0;0;0;0;0;0;0;0
FR;10;2021-10-06;0;0;0;0;0;0;0;0;0;0;0;0;0;0;0;0;0;0
FR;10;2021-10-07;0;0;0;0;0;0;0;0;0;0;0;0;0;0;0;0;0;0
FR;10;2021-10-08;0;0;0;0;0;0;0;0;0;0;0;0;0;0;0;0;0;0
FR;10;2021-10-09;0;0;0;0;0;0;0;0;0;0;0;0;0;0;0;0;0;0
FR;10;2021-10-10;0;0;0;0;0;0;0;0;0;0;0;0;0;0;0;0;0;0
FR;10;2021-10-11;0;0;0;0;0;0;0;0;0;0;0;0;0;0;0;0;0;0
FR;10;2021-10-12;0;0;0;0;0;0;0;0;0;0;0;0;0;0;0;0;0;0
FR;10;2021-10-13;0;0;0;0;0;0;0;0;0;0;0;0;0;0;0;0;0;0
FR;10;2021-10-14;0;0;0;0;0;0;0;0;0;0;0;0;0;0;0;0;0;0
FR;10;2021-10-15;0;0;0;0;0;0;0;0;0;0;0;0;0;0;0;0;0;0
FR;10;2021-10-16;0;0;0;0;0;0;0;0;0;0;0;0;0;0;0;0;0;0
FR;10;2021-10-17;0;0;0;0;0;0;0;0;0;0;0;0;0;0;0;0;0;0
FR;10;2021-10-18;0;0;0;0;0;0;0;0;0;0;0;0;0;0;0;0;0;0
FR;10;2021-10-19;0;0;0;0;0;0;0;0;0;0;0;0;0;0;0;0;0;0
FR;10;2021-10-20;0;0;0;0;0;0;0;0;0;0;0;0;0;0;0;0;0;0
FR;10;2021-10-21;0;0;0;0;0;0;0;0;0;0;0;0;0;0;0;0;0;0
FR;10;2021-10-22;0;0;0;0;0;0;0;0;0;0;0;0;0;0;0;0;0;0
FR;10;2021-10-23;0;0;0;0;0;0;0;0;0;0;0;0;0;0;0;0;0;0
FR;10;2021-10-24;0;0;0;0;0;0;0;0;0;0;0;0;0;0;0;0;0;0
FR;10;2021-10-25;0;0;0;0;0;0;0;0;0;0;0;0;0;0;0;0;0;0
FR;10;2021-10-26;0;0;0;0;0;0;0;0;0;0;0;0;0;0;0;0;0;0
FR;10;2021-10-27;0;0;0;0;0;0;0;0;0;0;0;0;0;0;0;0;0;0
FR;10;2021-10-28;0;0;0;0;0;0;0;0;0;0;0;0;0;0;0;0;0;0
FR;10;2021-10-29;0;0;0;0;0;0;0;0;0;0;0;0;0;0;0;0;0;0
FR;10;2021-10-30;0;0;0;0;0;0;0;0;0;0;0;0;0;0;0;0;0;0
FR;10;2021-10-31;0;0;0;0;0;0;0;0;0;0;0;0;0;0;0;0;0;0
FR;10;2021-11-01;0;0;0;0;0;0;0;0;0;0;0;0;0;0;0;0;0;0
FR;10;2021-11-02;0;0;0;0;0;0;0;0;0;0;0;0;0;0;0;0;0;0
FR;10;2021-11-03;0;0;0;0;0;0;0;0;0;0;0;0;0;0;0;0;0;0
FR;10;2021-11-04;0;0;0;0;0;0;0;0;0;0;0;0;0;0;0;0;0;0
FR;10;2021-11-05;0;0;0;0;0;0;0;0;0;0;0;0;0;0;0;0;0;0
FR;10;2021-11-06;0;0;0;0;0;0;0;0;0;0;0;0;0;0;0;0;0;0
FR;10;2021-11-07;0;0;0;0;0;0;0;0;0;0;0;0;0;0;0;0;0;0
FR;10;2021-11-08;0;0;0;0;0;0;0;0;0;0;0;0;0;0;0;0;0;0
FR;10;2021-11-09;0;0;0;0;0;0;0;0;0;0;0;0;0;0;0;0;0;0
FR;10;2021-11-10;0;0;0;0;0;0;0;0;0;0;0;0;0;0;0;0;0;0
FR;10;2021-11-11;0;0;0;0;0;0;0;0;0;0;0;0;0;0;0;0;0;0
FR;10;2021-11-12;0;0;0;0;0;0;0;0;0;0;0;0;0;0;0;0;0;0
FR;10;2021-11-13;0;0;0;0;0;0;0;0;0;0;0;0;0;0;0;0;0;0
FR;10;2021-11-14;0;0;0;0;0;0;0;0;0;0;0;0;0;0;0;0;0;0
FR;10;2021-11-15;0;0;0;0;0;0;0;0;0;0;0;0;0;0;0;0;0;0
FR;10;2021-11-16;0;0;0;0;0;0;0;0;0;0;0;0;0;0;0;0;0;0
FR;10;2021-11-17;0;0;0;0;0;0;0;0;0;0;0;0;0;0;0;0;0;0
FR;10;2021-11-18;0;0;0;0;0;0;0;0;0;0;0;0;0;0;0;0;0;0
FR;10;2021-11-19;0;0;0;0;0;0;0;0;0;0;0;0;0;0;0;0;0;0
FR;10;2021-11-20;0;0;0;0;0;0;0;0;0;0;0;0;0;0;0;0;0;0
FR;10;2021-11-21;0;0;0;0;0;0;0;0;0;0;0;0;0;0;0;0;0;0
FR;10;2021-11-22;0;0;0;0;0;0;0;0;0;0;0;0;0;0;0;0;0;0
FR;10;2021-11-23;0;0;0;0;0;0;0;0;0;0;0;0;0;0;0;0;0;0
FR;10;2021-11-24;0;0;0;0;0;0;0;0;0;0;0;0;0;0;0;0;0;0
FR;10;2021-11-25;0;0;0;0;0;0;0;0;0;0;0;0;0;0;0;0;0;0
FR;10;2021-11-26;0;0;0;0;0;0;0;0;0;0;0;0;0;0;0;0;0;0
FR;10;2021-11-27;0;0;0;0;0;0;0;0;0;0;0;0;0;0;0;0;0;0
FR;10;2021-11-28;0;0;0;0;0;0;0;0;0;0;0;0;0;0;0;0;0;0
FR;10;2021-11-29;0;0;0;0;0;0;0;0;0;0;0;0;0;0;0;0;0;0
FR;10;2021-11-30;0;0;0;0;0;0;0;0;0;0;0;0;0;0;0;0;0;0
FR;10;2021-12-01;0;0;0;0;0;0;0;0;0;0;0;0;0;0;0;0;0;0
FR;10;2021-12-02;0;0;0;0;0;0;0;0;0;0;0;0;0;0;0;0;0;0
FR;10;2021-12-03;0;0;0;0;0;0;0;0;0;0;0;0;0;0;0;0;0;0
FR;10;2021-12-04;0;0;0;0;0;0;0;0;0;0;0;0;0;0;0;0;0;0
FR;10;2021-12-05;0;0;0;0;0;0;0;0;0;0;0;0;0;0;0;0;0;0
FR;10;2021-12-06;0;0;0;0;0;0;0;0;0;0;0;0;0;0;0;0;0;0
FR;10;2021-12-07;0;0;0;0;0;0;0;0;0;0;0;0;0;0;0;0;0;0
FR;10;2021-12-08;0;0;0;0;0;0;0;0;0;0;0;0;0;0;0;0;0;0
FR;10;2021-12-09;0;0;0;0;0;0;0;0;0;0;0;0;0;0;0;0;0;0
FR;10;2021-12-10;0;0;0;0;0;0;0;0;0;0;0;0;0;0;0;0;0;0
FR;10;2021-12-11;0;0;0;0;0;0;0;0;0;0;0;0;0;0;0;0;0;0
FR;10;2021-12-12;0;0;0;0;0;0;0;0;0;0;0;0;0;0;0;0;0;0
FR;10;2021-12-13;0;0;0;0;0;0;0;0;0;0;0;0;0;0;0;0;0;0
FR;10;2021-12-14;0;0;0;0;0;0;0;0;0;0;0;0;0;0;0;0;0;0
FR;10;2021-12-15;0;0;0;0;0;0;0;0;0;0;0;0;0;0;0;0;0;0
FR;10;2021-12-16;0;0;0;0;0;0;0;0;0;0;0;0;0;0;0;0;0;0
FR;10;2021-12-17;0;0;0;0;0;0;0;0;0;0;0;0;0;0;0;0;0;0
FR;10;2021-12-18;0;0;0;0;0;0;0;0;0;0;0;0;0;0;0;0;0;0
FR;10;2021-12-19;0;0;0;0;0;0;0;0;0;0;0;0;0;0;0;0;0;0
FR;10;2021-12-20;0;0;0;0;0;0;0;0;0;0;0;0;0;0;0;0;0;0
FR;10;2021-12-21;0;0;0;0;0;0;0;0;0;0;0;0;0;0;0;0;0;0
FR;10;2021-12-22;0;0;0;0;0;0;0;0;0;0;0;0;0;0;0;0;0;0
FR;10;2021-12-23;0;0;0;0;0;0;0;0;0;0;0;0;0;0;0;0;0;0
FR;10;2021-12-24;0;0;0;0;0;0;0;0;0;0;0;0;0;0;0;0;0;0
FR;10;2021-12-25;0;0;0;0;0;0;0;0;0;0;0;0;0;0;0;0;0;0
FR;10;2021-12-26;0;0;0;0;0;0;0;0;0;0;0;0;0;0;0;0;0;0
FR;10;2021-12-27;0;0;0;0;0;0;0;0;0;0;0;0;0;0;0;0;0;0
FR;10;2021-12-28;0;0;0;0;0;0;0;0;0;0;0;0;0;0;0;0;0;0
FR;10;2021-12-29;0;0;0;0;0;0;0;0;0;0;0;0;0;0;0;0;0;0
FR;10;2021-12-30;0;0;0;0;0;0;0;0;0;0;0;0;0;0;0;0;0;0
FR;10;2021-12-31;0;0;0;0;0;0;0;0;0;0;0;0;0;0;0;0;0;0
FR;10;2022-01-01;0;0;0;0;0;0;0;0;0;0;0;0;0;0;0;0;0;0
FR;10;2022-01-02;0;0;0;0;0;0;0;0;0;0;0;0;0;0;0;0;0;0
FR;10;2022-01-03;0;0;0;0;0;0;0;0;0;0;0;0;0;0;0;0;0;0
FR;10;2022-01-04;0;0;0;0;0;0;0;0;0;0;0;0;0;0;0;0;0;0
FR;10;2022-01-05;0;0;0;0;0;0;0;0;0;0;0;0;0;0;0;0;0;0
FR;10;2022-01-06;0;0;0;0;0;0;0;0;0;0;0;0;0;0;0;0;0;0
FR;10;2022-01-07;0;0;0;0;0;0;0;0;0;0;0;0;0;0;0;0;0;0
FR;10;2022-01-08;0;0;0;0;0;0;0;0;0;0;0;0;0;0;0;0;0;0
FR;10;2022-01-09;0;0;0;0;0;0;0;0;0;0;0;0;0;0;0;0;0;0
FR;10;2022-01-10;0;0;0;0;0;0;0;0;0;0;0;0;0;0;0;0;0;0
FR;10;2022-01-11;0;0;0;0;0;0;0;0;0;0;0;0;0;0;0;0;0;0
FR;10;2022-01-12;0;0;0;0;0;0;0;0;0;0;0;0;0;0;0;0;0;0
FR;10;2022-01-13;0;0;0;0;0;0;0;0;0;0;0;0;0;0;0;0;0;0
FR;10;2022-01-14;0;0;0;0;0;0;0;0;0;0;0;0;0;0;0;0;0;0
FR;10;2022-01-15;0;0;0;0;0;0;0;0;0;0;0;0;0;0;0;0;0;0
FR;10;2022-01-16;0;0;0;0;0;0;0;0;0;0;0;0;0;0;0;0;0;0
FR;10;2022-01-17;0;0;0;0;0;0;0;0;0;0;0;0;0;0;0;0;0;0
FR;10;2022-01-18;0;0;0;0;0;0;0;0;0;0;0;0;0;0;0;0;0;0
FR;10;2022-01-19;0;0;0;0;0;0;0;0;0;0;0;0;0;0;0;0;0;0
FR;10;2022-01-20;0;0;0;0;0;0;0;0;0;0;0;0;0;0;0;0;0;0
FR;10;2022-01-21;0;0;0;0;0;0;0;0;0;0;0;0;0;0;0;0;0;0
FR;10;2022-01-22;0;0;0;0;0;0;0;0;0;0;0;0;0;0;0;0;0;0
FR;10;2022-01-23;0;0;0;0;0;0;0;0;0;0;0;0;0;0;0;0;0;0
FR;10;2022-01-24;0;0;0;0;0;0;0;0;0;0;0;0;0;0;0;0;0;0
FR;10;2022-01-25;0;0;0;0;0;0;0;0;0;0;0;0;0;0;0;0;0;0
FR;10;2022-01-26;0;0;0;0;0;0;0;0;0;0;0;0;0;0;0;0;0;0
FR;10;2022-01-27;0;0;0;0;0;0;0;0;0;0;0;0;0;0;0;0;0;0
FR;10;2022-01-28;0;0;0;0;0;0;0;0;0;0;0;0;0;0;0;0;0;0
FR;10;2022-01-29;0;0;0;0;0;0;0;0;0;0;0;0;0;0;0;0;0;0
FR;10;2022-01-30;0;0;0;0;0;0;0;0;0;0;0;0;0;0;0;0;0;0
FR;10;2022-01-31;0;0;0;0;0;0;0;0;0;0;0;0;0;0;0;0;0;0
FR;10;2022-02-01;0;0;0;0;0;0;0;0;0;0;0;0;0;0;0;0;0;0
FR;10;2022-02-02;0;0;0;0;0;0;0;0;0;0;0;0;0;0;0;0;0;0
FR;10;2022-02-03;0;0;0;0;0;0;0;0;0;0;0;0;0;0;0;0;0;0
FR;10;2022-02-04;0;0;0;0;0;0;0;0;0;0;0;0;0;0;0;0;0;0
FR;10;2022-02-05;0;0;0;0;0;0;0;0;0;0;0;0;0;0;0;0;0;0
FR;10;2022-02-06;0;0;0;0;0;0;0;0;0;0;0;0;0;0;0;0;0;0
FR;10;2022-02-07;0;0;0;0;0;0;0;0;0;0;0;0;0;0;0;0;0;0
FR;10;2022-02-08;0;0;0;0;0;0;0;0;0;0;0;0;0;0;0;0;0;0
FR;10;2022-02-09;0;0;0;0;0;0;0;0;0;0;0;0;0;0;0;0;0;0
FR;10;2022-02-10;0;0;0;0;0;0;0;0;0;0;0;0;0;0;0;0;0;0
FR;10;2022-02-11;0;0;0;0;0;0;0;0;0;0;0;0;0;0;0;0;0;0
FR;10;2022-02-12;0;0;0;0;0;0;0;0;0;0;0;0;0;0;0;0;0;0
FR;10;2022-02-13;0;0;0;0;0;0;0;0;0;0;0;0;0;0;0;0;0;0
FR;10;2022-02-14;0;0;0;0;0;0;0;0;0;0;0;0;0;0;0;0;0;0
FR;10;2022-02-15;0;0;0;0;0;0;0;0;0;0;0;0;0;0;0;0;0;0
FR;10;2022-02-16;0;0;0;0;0;0;0;0;0;0;0;0;0;0;0;0;0;0
FR;10;2022-02-17;0;0;0;0;0;0;0;0;0;0;0;0;0;0;0;0;0;0
FR;10;2022-02-18;0;0;0;0;0;0;0;0;0;0;0;0;0;0;0;0;0;0
FR;10;2022-02-19;0;0;0;0;0;0;0;0;0;0;0;0;0;0;0;0;0;0
FR;10;2022-02-20;0;0;0;0;0;0;0;0;0;0;0;0;0;0;0;0;0;0
FR;10;2022-02-21;0;0;0;0;0;0;0;0;0;0;0;0;0;0;0;0;0;0
FR;10;2022-02-22;0;0;0;0;0;0;0;0;0;0;0;0;0;0;0;0;0;0
FR;10;2022-02-23;0;0;0;0;0;0;0;0;0;0;0;0;0;0;0;0;0;0
FR;10;2022-02-24;0;0;0;0;0;0;0;0;0;0;0;0;0;0;0;0;0;0
FR;10;2022-02-25;0;0;0;0;0;0;0;0;0;0;0;0;0;0;0;0;0;0
FR;10;2022-02-26;0;0;0;0;0;0;0;0;0;0;0;0;0;0;0;0;0;0
FR;10;2022-02-27;0;0;0;0;0;0;0;0;0;0;0;0;0;0;0;0;0;0
FR;10;2022-02-28;0;0;0;0;0;0;0;0;0;0;0;0;0;0;0;0;0;0
FR;10;2022-03-01;0;0;0;0;0;0;0;0;0;0;0;0;0;0;0;0;0;0
FR;10;2022-03-02;0;0;0;0;0;0;0;0;0;0;0;0;0;0;0;0;0;0
FR;10;2022-03-03;0;0;0;0;0;0;0;0;0;0;0;0;0;0;0;0;0;0
FR;10;2022-03-04;0;0;0;0;0;0;0;0;0;0;0;0;0;0;0;0;0;0
FR;10;2022-03-05;0;0;0;0;0;0;0;0;0;0;0;0;0;0;0;0;0;0
FR;10;2022-03-06;0;0;0;0;0;0;0;0;0;0;0;0;0;0;0;0;0;0
FR;10;2022-03-07;0;0;0;0;0;0;0;0;0;0;0;0;0;0;0;0;0;0
FR;10;2022-03-08;0;0;0;0;0;0;0;0;0;0;0;0;0;0;0;0;0;0
FR;10;2022-03-09;0;0;0;0;0;0;0;0;0;0;0;0;0;0;0;0;0;0
FR;10;2022-03-10;0;0;0;0;0;0;0;0;0;0;0;0;0;0;0;0;0;0
FR;10;2022-03-11;0;0;0;0;0;0;0;0;0;0;0;0;0;0;0;0;0;0
FR;10;2022-03-12;0;0;0;0;0;0;0;0;0;0;0;0;0;0;0;0;0;0
FR;10;2022-03-13;0;0;0;0;0;0;0;0;0;0;0;0;0;0;0;0;0;0
FR;10;2022-03-14;0;0;0;0;0;0;0;0;0;0;0;0;0;0;0;0;0;0
FR;10;2022-03-15;0;0;0;0;0;0;0;0;0;0;0;0;0;0;0;0;0;0
FR;10;2022-03-16;0;0;0;0;0;0;0;0;0;0;0;0;0;0;0;0;0;0
FR;10;2022-03-17;0;0;0;0;0;0;0;0;0;0;0;0;0;0;0;0;0;0
FR;10;2022-03-18;0;0;0;0;0;0;0;0;0;0;0;0;0;0;0;0;0;0
FR;10;2022-03-19;0;0;0;0;0;0;0;0;0;0;0;0;0;0;0;0;0;0
FR;10;2022-03-20;0;0;0;0;0;0;0;0;0;0;0;0;0;0;0;0;0;0
FR;10;2022-03-21;0;0;0;0;0;0;0;0;0;0;0;0;0;0;0;0;0;0
FR;10;2022-03-22;0;0;0;0;0;0;0;0;0;0;0;0;0;0;0;0;0;0
FR;10;2022-03-23;0;0;0;0;0;0;0;0;0;0;0;0;0;0;0;0;0;0
FR;10;2022-03-24;0;0;0;0;0;0;0;0;0;0;0;0;0;0;0;0;0;0
FR;10;2022-03-25;0;0;0;0;0;0;0;0;0;0;0;0;0;0;0;0;0;0
FR;10;2022-03-26;0;0;0;0;0;0;0;0;0;0;0;0;0;0;0;0;0;0
FR;10;2022-03-27;0;0;0;0;0;0;0;0;0;0;0;0;0;0;0;0;0;0
FR;10;2022-03-28;0;0;0;0;0;0;0;0;0;0;0;0;0;0;0;0;0;0
FR;10;2022-03-29;0;0;0;0;0;0;0;0;0;0;0;0;0;0;0;0;0;0
FR;10;2022-03-30;0;0;0;0;0;0;0;0;0;0;0;0;0;0;0;0;0;0
FR;10;2022-03-31;0;0;0;0;0;0;0;0;0;0;0;0;0;0;0;0;0;0
FR;10;2022-04-01;0;0;0;0;0;0;0;0;0;0;0;0;0;0;0;0;0;0
FR;10;2022-04-02;0;0;0;0;0;0;0;0;0;0;0;0;0;0;0;0;0;0
FR;10;2022-04-03;0;0;0;0;0;0;0;0;0;0;0;0;0;0;0;0;0;0
FR;10;2022-04-04;0;0;0;0;0;0;0;0;0;0;0;0;0;0;0;0;0;0
FR;10;2022-04-05;0;0;0;0;0;0;0;0;0;0;0;0;0;0;0;0;0;0
FR;10;2022-04-06;0;0;0;0;0;0;0;0;0;0;0;0;0;0;0;0;0;0
FR;10;2022-04-07;0;0;0;0;0;0;0;0;0;0;0;0;0;0;0;0;0;0
FR;10;2022-04-08;0;0;0;0;0;0;0;0;0;0;0;0;0;0;0;0;0;0
FR;10;2022-04-09;0;0;0;0;0;0;0;0;0;0;0;0;0;0;0;0;0;0
FR;10;2022-04-10;0;0;0;0;0;0;0;0;0;0;0;0;0;0;0;0;0;0
FR;10;2022-04-11;0;0;0;0;0;0;0;0;0;0;0;0;0;0;0;0;0;0
FR;10;2022-04-12;0;0;0;0;0;0;0;0;0;0;0;0;0;0;0;0;0;0
FR;10;2022-04-13;0;0;0;0;0;0;0;0;0;0;0;0;0;0;0;0;0;0
FR;10;2022-04-14;0;0;0;0;0;0;0;0;0;0;0;0;0;0;0;0;0;0
FR;10;2022-04-15;0;0;0;0;0;0;0;0;0;0;0;0;0;0;0;0;0;0
FR;10;2022-04-16;0;0;0;0;0;0;0;0;0;0;0;0;0;0;0;0;0;0
FR;10;2022-04-17;0;0;0;0;0;0;0;0;0;0;0;0;0;0;0;0;0;0
FR;10;2022-04-18;0;0;0;0;0;0;0;0;0;0;0;0;0;0;0;0;0;0
FR;10;2022-04-19;0;0;0;0;0;0;0;0;0;0;0;0;0;0;0;0;0;0
FR;10;2022-04-20;0;0;0;0;0;0;0;0;0;0;0;0;0;0;0;0;0;0
FR;10;2022-04-21;0;0;0;0;0;0;0;0;0;0;0;0;0;0;0;0;0;0
FR;10;2022-04-22;0;0;0;0;0;0;0;0;0;0;0;0;0;0;0;0;0;0
FR;10;2022-04-23;0;0;0;0;0;0;0;0;0;0;0;0;0;0;0;0;0;0
FR;10;2022-04-24;0;0;0;0;0;0;0;0;0;0;0;0;0;0;0;0;0;0
FR;10;2022-04-25;0;0;0;0;0;0;0;0;0;0;0;0;0;0;0;0;0;0
FR;10;2022-04-26;0;0;0;0;0;0;0;0;0;0;0;0;0;0;0;0;0;0
FR;10;2022-04-27;0;0;0;0;0;0;0;0;0;0;0;0;0;0;0;0;0;0
FR;10;2022-04-28;0;0;0;0;0;0;0;0;0;0;0;0;0;0;0;0;0;0
FR;10;2022-04-29;0;0;0;0;0;0;0;0;0;0;0;0;0;0;0;0;0;0
FR;10;2022-04-30;0;0;0;0;0;0;0;0;0;0;0;0;0;0;0;0;0;0
FR;10;2022-05-01;0;0;0;0;0;0;0;0;0;0;0;0;0;0;0;0;0;0
FR;10;2022-05-02;0;0;0;0;0;0;0;0;0;0;0;0;0;0;0;0;0;0
FR;10;2022-05-03;0;0;0;0;0;0;0;0;0;0;0;0;0;0;0;0;0;0
FR;10;2022-05-04;0;0;0;0;0;0;0;0;0;0;0;0;0;0;0;0;0;0
FR;10;2022-05-05;0;0;0;0;0;0;0;0;0;0;0;0;0;0;0;0;0;0
FR;10;2022-05-06;0;0;0;0;0;0;0;0;0;0;0;0;0;0;0;0;0;0
FR;10;2022-05-07;0;0;0;0;0;0;0;0;0;0;0;0;0;0;0;0;0;0
FR;10;2022-05-08;0;0;0;0;0;0;0;0;0;0;0;0;0;0;0;0;0;0
FR;10;2022-05-09;0;0;0;0;0;0;0;0;0;0;0;0;0;0;0;0;0;0
FR;10;2022-05-10;0;0;0;0;0;0;0;0;0;0;0;0;0;0;0;0;0;0
FR;10;2022-05-11;0;0;0;0;0;0;0;0;0;0;0;0;0;0;0;0;0;0
FR;10;2022-05-12;0;0;0;0;0;0;0;0;0;0;0;0;0;0;0;0;0;0
FR;10;2022-05-13;0;0;0;0;0;0;0;0;0;0;0;0;0;0;0;0;0;0
FR;10;2022-05-14;0;0;0;0;0;0;0;0;0;0;0;0;0;0;0;0;0;0
FR;10;2022-05-15;0;0;0;0;0;0;0;0;0;0;0;0;0;0;0;0;0;0
FR;10;2022-05-16;0;0;0;0;0;0;0;0;0;0;0;0;0;0;0;0;0;0
FR;10;2022-05-17;0;0;0;0;0;0;0;0;0;0;0;0;0;0;0;0;0;0
FR;10;2022-05-18;0;0;0;0;0;0;0;0;0;0;0;0;0;0;0;0;0;0
FR;10;2022-05-19;0;0;0;0;0;0;0;0;0;0;0;0;0;0;0;0;0;0
FR;10;2022-05-20;0;0;0;0;0;0;0;0;0;0;0;0;0;0;0;0;0;0
FR;10;2022-05-21;0;0;0;0;0;0;0;0;0;0;0;0;0;0;0;0;0;0
FR;10;2022-05-22;0;0;0;0;0;0;0;0;0;0;0;0;0;0;0;0;0;0
FR;10;2022-05-23;0;0;0;0;0;0;0;0;0;0;0;0;0;0;0;0;0;0
FR;10;2022-05-24;0;0;0;0;0;0;0;0;0;0;0;0;0;0;0;0;0;0
FR;10;2022-05-25;0;0;0;0;0;0;0;0;0;0;0;0;0;0;0;0;0;0
FR;10;2022-05-26;0;0;0;0;0;0;0;0;0;0;0;0;0;0;0;0;0;0
FR;10;2022-05-27;0;0;0;0;0;0;0;0;0;0;0;0;0;0;0;0;0;0
FR;10;2022-05-28;0;0;0;0;0;0;0;0;0;0;0;0;0;0;0;0;0;0
FR;10;2022-05-29;0;0;0;0;0;0;0;0;0;0;0;0;0;0;0;0;0;0
FR;10;2022-05-30;0;0;0;0;0;0;0;0;0;0;0;0;0;0;0;0;0;0
FR;10;2022-05-31;0;0;0;0;0;0;0;0;0;0;0;0;0;0;0;0;0;0
FR;10;2022-06-01;0;0;0;0;0;0;0;0;0;0;0;0;0;0;0;0;0;0
FR;10;2022-06-02;0;0;0;0;0;0;0;0;0;0;0;0;0;0;0;0;0;0
FR;10;2022-06-03;0;0;0;0;0;0;0;0;0;0;0;0;0;0;0;0;0;0
FR;10;2022-06-04;0;0;0;0;0;0;0;0;0;0;0;0;0;0;0;0;0;0
FR;10;2022-06-05;0;0;0;0;0;0;0;0;0;0;0;0;0;0;0;0;0;0
FR;10;2022-06-06;0;0;0;0;0;0;0;0;0;0;0;0;0;0;0;0;0;0
FR;10;2022-06-07;0;0;0;0;0;0;0;0;0;0;0;0;0;0;0;0;0;0
FR;10;2022-06-08;0;0;0;0;0;0;0;0;0;0;0;0;0;0;0;0;0;0
FR;10;2022-06-09;0;0;0;0;0;0;0;0;0;0;0;0;0;0;0;0;0;0
FR;10;2022-06-10;0;0;0;0;0;0;0;0;0;0;0;0;0;0;0;0;0;0
FR;10;2022-06-11;0;0;0;0;0;0;0;0;0;0;0;0;0;0;0;0;0;0
FR;10;2022-06-12;0;0;0;0;0;0;0;0;0;0;0;0;0;0;0;0;0;0
FR;10;2022-06-13;0;0;0;0;0;0;0;0;0;0;0;0;0;0;0;0;0;0
FR;10;2022-06-14;0;0;0;0;0;0;0;0;0;0;0;0;0;0;0;0;0;0
FR;10;2022-06-15;0;0;0;0;0;0;0;0;0;0;0;0;0;0;0;0;0;0
FR;10;2022-06-16;0;0;0;0;0;0;0;0;0;0;0;0;0;0;0;0;0;0
FR;10;2022-06-17;0;0;0;0;0;0;0;0;0;0;0;0;0;0;0;0;0;0
FR;10;2022-06-18;0;0;0;0;0;0;0;0;0;0;0;0;0;0;0;0;0;0
FR;10;2022-06-19;0;0;0;0;0;0;0;0;0;0;0;0;0;0;0;0;0;0
FR;10;2022-06-20;0;0;0;0;0;0;0;0;0;0;0;0;0;0;0;0;0;0
FR;10;2022-06-21;0;0;0;0;0;0;0;0;0;0;0;0;0;0;0;0;0;0
FR;10;2022-06-22;0;0;0;0;0;0;0;0;0;0;0;0;0;0;0;0;0;0
FR;10;2022-06-23;0;0;0;0;0;0;0;0;0;0;0;0;0;0;0;0;0;0
FR;10;2022-06-24;0;0;0;0;0;0;0;0;0;0;0;0;0;0;0;0;0;0
FR;10;2022-06-25;0;0;0;0;0;0;0;0;0;0;0;0;0;0;0;0;0;0
FR;10;2022-06-26;0;0;0;0;0;0;0;0;0;0;0;0;0;0;0;0;0;0
FR;10;2022-06-27;0;0;0;0;0;0;0;0;0;0;0;0;0;0;0;0;0;0
FR;10;2022-06-28;0;0;0;0;0;0;0;0;0;0;0;0;0;0;0;0;0;0
FR;10;2022-06-29;0;0;0;0;0;0;0;0;0;0;0;0;0;0;0;0;0;0
FR;10;2022-06-30;0;0;0;0;0;0;0;0;0;0;0;0;0;0;0;0;0;0
FR;10;2022-07-01;0;0;0;0;0;0;0;0;0;0;0;0;0;0;0;0;0;0
FR;10;2022-07-02;0;0;0;0;0;0;0;0;0;0;0;0;0;0;0;0;0;0
FR;10;2022-07-03;0;0;0;0;0;0;0;0;0;0;0;0;0;0;0;0;0;0
FR;10;2022-07-04;0;0;0;0;0;0;0;0;0;0;0;0;0;0;0;0;0;0
FR;10;2022-07-05;0;0;0;0;0;0;0;0;0;0;0;0;0;0;0;0;0;0
FR;10;2022-07-06;0;0;0;0;0;0;0;0;0;0;0;0;0;0;0;0;0;0
FR;10;2022-07-07;0;0;0;0;0;0;0;0;0;0;0;0;0;0;0;0;0;0
FR;10;2022-07-08;0;0;0;0;0;0;0;0;0;0;0;0;0;0;0;0;0;0
FR;10;2022-07-09;0;0;0;0;0;0;0;0;0;0;0;0;0;0;0;0;0;0
FR;10;2022-07-10;0;0;0;0;0;0;0;0;0;0;0;0;0;0;0;0;0;0
FR;10;2022-07-11;0;0;0;0;0;0;0;0;0;0;0;0;0;0;0;0;0;0
FR;10;2022-07-12;0;0;0;0;0;0;0;0;0;0;0;0;0;0;0;0;0;0
FR;10;2022-07-13;0;0;0;0;0;0;0;0;0;0;0;0;0;0;0;0;0;0
FR;10;2022-07-14;0;0;0;0;0;0;0;0;0;0;0;0;0;0;0;0;0;0
FR;10;2022-07-15;0;0;0;0;0;0;0;0;0;0;0;0;0;0;0;0;0;0
FR;10;2022-07-16;0;0;0;0;0;0;0;0;0;0;0;0;0;0;0;0;0;0
FR;10;2022-07-17;0;0;0;0;0;0;0;0;0;0;0;0;0;0;0;0;0;0
FR;10;2022-07-18;0;0;0;0;0;0;0;0;0;0;0;0;0;0;0;0;0;0
FR;10;2022-07-19;0;0;0;0;0;0;0;0;0;0;0;0;0;0;0;0;0;0
FR;10;2022-07-20;0;0;0;0;0;0;0;0;0;0;0;0;0;0;0;0;0;0
FR;10;2022-07-21;0;0;0;0;0;0;0;0;0;0;0;0;0;0;0;0;0;0
FR;10;2022-07-22;0;0;0;0;0;0;0;0;0;0;0;0;0;0;0;0;0;0
FR;10;2022-07-23;0;0;0;0;0;0;0;0;0;0;0;0;0;0;0;0;0;0
FR;10;2022-07-24;0;0;0;0;0;0;0;0;0;0;0;0;0;0;0;0;0;0
FR;10;2022-07-25;0;0;0;0;0;0;0;0;0;0;0;0;0;0;0;0;0;0
FR;10;2022-07-26;0;0;0;0;0;0;0;0;0;0;0;0;0;0;0;0;0;0
FR;10;2022-07-27;0;0;0;0;0;0;0;0;0;0;0;0;0;0;0;0;0;0
FR;10;2022-07-28;0;0;0;0;0;0;0;0;0;0;0;0;0;0;0;0;0;0
FR;10;2022-07-29;0;0;0;0;0;0;0;0;0;0;0;0;0;0;0;0;0;0
FR;10;2022-07-30;0;0;0;0;0;0;0;0;0;0;0;0;0;0;0;0;0;0
FR;10;2022-07-31;0;0;0;0;0;0;0;0;0;0;0;0;0;0;0;0;0;0
FR;10;2022-08-01;0;0;0;0;0;0;0;0;0;0;0;0;0;0;0;0;0;0
FR;10;2022-08-02;0;0;0;0;0;0;0;0;0;0;0;0;0;0;0;0;0;0
FR;10;2022-08-03;0;0;0;0;0;0;0;0;0;0;0;0;0;0;0;0;0;0
FR;10;2022-08-04;0;0;0;0;0;0;0;0;0;0;0;0;0;0;0;0;0;0
FR;10;2022-08-05;0;0;0;0;0;0;0;0;0;0;0;0;0;0;0;0;0;0
FR;10;2022-08-06;0;0;0;0;0;0;0;0;0;0;0;0;0;0;0;0;0;0
FR;10;2022-08-07;0;0;0;0;0;0;0;0;0;0;0;0;0;0;0;0;0;0
FR;10;2022-08-08;0;0;0;0;0;0;0;0;0;0;0;0;0;0;0;0;0;0
FR;10;2022-08-09;0;0;0;0;0;0;0;0;0;0;0;0;0;0;0;0;0;0
FR;10;2022-08-10;0;0;0;0;0;0;0;0;0;0;0;0;0;0;0;0;0;0
FR;10;2022-08-11;0;0;0;0;0;0;0;0;0;0;0;0;0;0;0;0;0;0
FR;10;2022-08-12;0;0;0;0;0;0;0;0;0;0;0;0;0;0;0;0;0;0
FR;10;2022-08-13;0;0;0;0;0;0;0;0;0;0;0;0;0;0;0;0;0;0
FR;10;2022-08-14;0;0;0;0;0;0;0;0;0;0;0;0;0;0;0;0;0;0
FR;10;2022-08-15;0;0;0;0;0;0;0;0;0;0;0;0;0;0;0;0;0;0
FR;10;2022-08-16;0;0;0;0;0;0;0;0;0;0;0;0;0;0;0;0;0;0
FR;10;2022-08-17;0;0;0;0;0;0;0;0;0;0;0;0;0;0;0;0;0;0
FR;10;2022-08-18;0;0;0;0;0;0;0;0;0;0;0;0;0;0;0;0;0;0
FR;10;2022-08-19;0;0;0;0;0;0;0;0;0;0;0;0;0;0;0;0;0;0
FR;10;2022-08-20;0;0;0;0;0;0;0;0;0;0;0;0;0;0;0;0;0;0
FR;10;2022-08-21;0;0;0;0;0;0;0;0;0;0;0;0;0;0;0;0;0;0
FR;10;2022-08-22;0;0;0;0;0;0;0;0;0;0;0;0;0;0;0;0;0;0
FR;10;2022-08-23;0;0;0;0;0;0;0;0;0;0;0;0;0;0;0;0;0;0
FR;10;2022-08-24;0;0;0;0;0;0;0;0;0;0;0;0;0;0;0;0;0;0
FR;10;2022-08-25;0;0;0;0;0;0;0;0;0;0;0;0;0;0;0;0;0;0
FR;10;2022-08-26;0;0;0;0;0;0;0;0;0;0;0;0;0;0;0;0;0;0
FR;10;2022-08-27;0;0;0;0;0;0;0;0;0;0;0;0;0;0;0;0;0;0
FR;10;2022-08-28;0;0;0;0;0;0;0;0;0;0;0;0;0;0;0;0;0;0
FR;10;2022-08-29;0;0;0;0;0;0;0;0;0;0;0;0;0;0;0;0;0;0
FR;10;2022-08-30;0;0;0;0;0;0;0;0;0;0;0;0;0;0;0;0;0;0
FR;10;2022-08-31;0;0;0;0;0;0;0;0;0;0;0;0;0;0;0;0;0;0
FR;10;2022-09-01;0;0;0;0;0;0;0;0;0;0;0;0;0;0;0;0;0;0
FR;10;2022-09-02;0;0;0;0;0;0;0;0;0;0;0;0;0;0;0;0;0;0
FR;10;2022-09-03;0;0;0;0;0;0;0;0;0;0;0;0;0;0;0;0;0;0
FR;10;2022-09-04;0;0;0;0;0;0;0;0;0;0;0;0;0;0;0;0;0;0
FR;10;2022-09-05;0;0;0;0;0;0;0;0;0;0;0;0;0;0;0;0;0;0
FR;10;2022-09-06;0;0;0;0;0;0;0;0;0;0;0;0;0;0;0;0;0;0
FR;10;2022-09-07;0;0;0;0;0;0;0;0;0;0;0;0;0;0;0;0;0;0
FR;10;2022-09-08;0;0;0;0;0;0;0;0;0;0;0;0;0;0;0;0;0;0
FR;10;2022-09-09;0;0;0;0;0;0;0;0;0;0;0;0;0;0;0;0;0;0
FR;10;2022-09-10;0;0;0;0;0;0;0;0;0;0;0;0;0;0;0;0;0;0
FR;10;2022-09-11;0;0;0;0;0;0;0;0;0;0;0;0;0;0;0;0;0;0
FR;10;2022-09-12;0;0;0;0;0;0;0;0;0;0;0;0;0;0;0;0;0;0
FR;10;2022-09-13;0;0;0;0;0;0;0;0;0;0;0;0;0;0;0;0;0;0
FR;10;2022-09-14;0;0;0;0;0;0;0;0;0;0;0;0;0;0;0;0;0;0
FR;10;2022-09-15;0;0;0;0;0;0;0;0;0;0;0;0;0;0;0;0;0;0
FR;10;2022-09-16;0;0;0;0;0;0;0;0;0;0;0;0;0;0;0;0;0;0
FR;10;2022-09-17;0;0;0;0;0;0;0;0;0;0;0;0;0;0;0;0;0;0
FR;10;2022-09-18;0;0;0;0;0;0;0;0;0;0;0;0;0;0;0;0;0;0
FR;10;2022-09-19;0;0;0;0;0;0;0;0;0;0;0;0;0;0;0;0;0;0
FR;10;2022-09-20;0;0;0;0;0;0;0;0;0;0;0;0;0;0;0;0;0;0
FR;10;2022-09-21;0;0;0;0;0;0;0;0;0;0;0;0;0;0;0;0;0;0
FR;10;2022-09-22;0;0;0;0;0;0;0;0;0;0;0;0;0;0;0;0;0;0
FR;10;2022-09-23;0;0;0;0;0;0;0;0;0;0;0;0;0;0;0;0;0;0
FR;10;2022-09-24;0;0;0;0;0;0;0;0;0;0;0;0;0;0;0;0;0;0
FR;10;2022-09-25;0;0;0;0;0;0;0;0;0;0;0;0;0;0;0;0;0;0
FR;10;2022-09-26;0;0;0;0;0;0;0;0;0;0;0;0;0;0;0;0;0;0
FR;10;2022-09-27;0;0;0;0;0;0;0;0;0;0;0;0;0;0;0;0;0;0
FR;10;2022-09-28;0;0;0;0;0;0;0;0;0;0;0;0;0;0;0;0;0;0
FR;10;2022-09-29;0;0;0;0;0;0;0;0;0;0;0;0;0;0;0;0;0;0
FR;10;2022-09-30;0;0;0;0;0;0;0;0;0;0;0;0;0;0;0;0;0;0
FR;10;2022-10-01;0;0;0;0;0;0;0;0;0;0;0;0;0;0;0;0;0;0
FR;10;2022-10-02;0;0;0;0;0;0;0;0;0;0;0;0;0;0;0;0;0;0
FR;10;2022-10-03;0;0;0;0;0;0;0;0;0;0;0;0;0;0;0;0;0;0
FR;10;2022-10-04;0;0;0;0;0;0;0;0;0;0;0;0;0;0;0;0;0;0
FR;10;2022-10-05;0;0;0;0;0;0;0;0;0;0;0;0;0;0;0;0;0;0
FR;10;2022-10-06;0;0;0;0;0;0;0;0;0;0;0;0;0;0;0;0;0;0
FR;10;2022-10-07;0;0;0;0;0;0;0;0;0;0;0;0;0;0;0;0;0;0
FR;10;2022-10-08;0;0;0;0;0;0;0;0;0;0;0;0;0;0;0;0;0;0
FR;10;2022-10-09;0;0;0;0;0;0;0;0;0;0;0;0;0;0;0;0;0;0
FR;10;2022-10-10;0;0;0;0;0;0;0;0;0;0;0;0;0;0;0;0;0;0
FR;10;2022-10-11;0;0;0;0;0;0;0;0;0;0;0;0;0;0;0;0;0;0
FR;10;2022-10-12;0;0;0;0;0;0;0;0;0;0;0;0;0;0;0;0;0;0
FR;10;2022-10-13;0;0;0;0;0;0;0;0;0;0;0;0;0;0;0;0;0;0
FR;10;2022-10-14;0;0;0;0;0;0;0;0;0;0;0;0;0;0;0;0;0;0
FR;10;2022-10-15;0;0;0;0;0;0;0;0;0;0;0;0;0;0;0;0;0;0
FR;10;2022-10-16;0;0;0;0;0;0;0;0;0;0;0;0;0;0;0;0;0;0
FR;10;2022-10-17;0;0;0;0;0;0;0;0;0;0;0;0;0;0;0;0;0;0
FR;10;2022-10-18;0;0;0;0;0;0;0;0;0;0;0;0;0;0;0;0;0;0
FR;10;2022-10-19;0;0;0;0;0;0;0;0;0;0;0;0;0;0;0;0;0;0
FR;10;2022-10-20;0;0;0;0;0;0;0;0;0;0;0;0;0;0;0;0;0;0
FR;10;2022-10-21;0;0;0;0;0;0;0;0;0;0;0;0;0;0;0;0;0;0
FR;10;2022-10-22;0;0;0;0;0;0;0;0;0;0;0;0;0;0;0;0;0;0
FR;10;2022-10-23;0;0;0;0;0;0;0;0;0;0;0;0;0;0;0;0;0;0
FR;10;2022-10-24;0;0;0;0;0;0;0;0;0;0;0;0;0;0;0;0;0;0
FR;10;2022-10-25;0;0;0;0;0;0;0;0;0;0;0;0;0;0;0;0;0;0
FR;10;2022-10-26;0;0;0;0;0;0;0;0;0;0;0;0;0;0;0;0;0;0
FR;10;2022-10-27;0;0;0;0;0;0;0;0;0;0;0;0;0;0;0;0;0;0
FR;10;2022-10-28;0;0;0;0;0;0;0;0;0;0;0;0;0;0;0;0;0;0
FR;10;2022-10-29;0;0;0;0;0;0;0;0;0;0;0;0;0;0;0;0;0;0
FR;10;2022-10-30;0;0;0;0;0;0;0;0;0;0;0;0;0;0;0;0;0;0
FR;10;2022-10-31;0;0;0;0;0;0;0;0;0;0;0;0;0;0;0;0;0;0
FR;10;2022-11-01;0;0;0;0;0;0;0;0;0;0;0;0;0;0;0;0;0;0
FR;10;2022-11-02;0;0;0;0;0;0;0;0;0;0;0;0;0;0;0;0;0;0
FR;10;2022-11-03;0;0;0;0;0;0;0;0;0;0;0;0;0;0;0;0;0;0
FR;10;2022-11-04;0;0;0;0;0;0;0;0;0;0;0;0;0;0;0;0;0;0
FR;10;2022-11-05;0;0;0;0;0;0;0;0;0;0;0;0;0;0;0;0;0;0
FR;10;2022-11-06;0;0;0;0;0;0;0;0;0;0;0;0;0;0;0;0;0;0
FR;10;2022-11-07;0;0;0;0;0;0;0;0;0;0;0;0;0;0;0;0;0;0
FR;10;2022-11-08;0;0;0;0;0;0;0;0;0;0;0;0;0;0;0;0;0;0
FR;10;2022-11-09;0;0;0;0;0;0;0;0;0;0;0;0;0;0;0;0;0;0
FR;10;2022-11-10;0;0;0;0;0;0;0;0;0;0;0;0;0;0;0;0;0;0
FR;10;2022-11-11;0;0;0;0;0;0;0;0;0;0;0;0;0;0;0;0;0;0
FR;10;2022-11-12;0;0;0;0;0;0;0;0;0;0;0;0;0;0;0;0;0;0
FR;10;2022-11-13;0;0;0;0;0;0;0;0;0;0;0;0;0;0;0;0;0;0
FR;10;2022-11-14;0;0;0;0;0;0;0;0;0;0;0;0;0;0;0;0;0;0
FR;10;2022-11-15;0;0;0;0;0;0;0;0;0;0;0;0;0;0;0;0;0;0
FR;10;2022-11-16;0;0;0;0;0;0;0;0;0;0;0;0;0;0;0;0;0;0
FR;10;2022-11-17;0;0;0;0;0;0;0;0;0;0;0;0;0;0;0;0;0;0
FR;10;2022-11-18;0;0;0;0;0;0;0;0;0;0;0;0;0;0;0;0;0;0
FR;10;2022-11-19;0;0;0;0;0;0;0;0;0;0;0;0;0;0;0;0;0;0
FR;10;2022-11-20;0;0;0;0;0;0;0;0;0;0;0;0;0;0;0;0;0;0
FR;10;2022-11-21;0;0;0;0;0;0;0;0;0;0;0;0;0;0;0;0;0;0
FR;10;2022-11-22;0;0;0;0;0;0;0;0;0;0;0;0;0;0;0;0;0;0
FR;10;2022-11-23;0;0;0;0;0;0;0;0;0;0;0;0;0;0;0;0;0;0
FR;10;2022-11-24;0;0;0;0;0;0;0;0;0;0;0;0;0;0;0;0;0;0
FR;10;2022-11-25;0;0;0;0;0;0;0;0;0;0;0;0;0;0;0;0;0;0
FR;10;2022-11-26;0;0;0;0;0;0;0;0;0;0;0;0;0;0;0;0;0;0
FR;10;2022-11-27;0;0;0;0;0;0;0;0;0;0;0;0;0;0;0;0;0;0
FR;10;2022-11-28;0;0;0;0;0;0;0;0;0;0;0;0;0;0;0;0;0;0
FR;10;2022-11-29;0;0;0;0;0;0;0;0;0;0;0;0;0;0;0;0;0;0
FR;10;2022-11-30;0;0;0;0;0;0;0;0;0;0;0;0;0;0;0;0;0;0
FR;10;2022-12-01;0;0;0;0;0;0;0;0;0;0;0;0;0;0;0;0;0;0
FR;10;2022-12-02;0;0;0;0;0;0;0;0;0;0;0;0;0;0;0;0;0;0
FR;10;2022-12-03;0;0;0;0;0;0;0;0;0;0;0;0;0;0;0;0;0;0
FR;10;2022-12-04;0;0;0;0;0;0;0;0;0;0;0;0;0;0;0;0;0;0
FR;10;2022-12-05;0;0;0;0;0;0;0;0;0;0;0;0;0;0;0;0;0;0
FR;10;2022-12-06;0;0;0;0;0;0;0;0;0;0;0;0;0;0;0;0;0;0
FR;10;2022-12-07;0;0;0;0;0;0;0;0;0;0;0;0;0;0;0;0;0;0
FR;10;2022-12-08;0;0;0;0;0;0;0;0;0;0;0;0;0;0;0;0;0;0
FR;10;2022-12-09;0;0;0;0;0;0;0;0;0;0;0;0;0;0;0;0;0;0
FR;10;2022-12-10;0;0;0;0;0;0;0;0;0;0;0;0;0;0;0;0;0;0
FR;10;2022-12-11;0;0;0;0;0;0;0;0;0;0;0;0;0;0;0;0;0;0
FR;10;2022-12-12;0;0;0;0;0;0;0;0;0;0;0;0;0;0;0;0;0;0
FR;10;2022-12-13;0;0;0;0;0;0;0;0;0;0;0;0;0;0;0;0;0;0
FR;10;2022-12-14;0;0;0;0;0;0;0;0;0;0;0;0;0;0;0;0;0;0
FR;10;2022-12-15;0;0;0;0;0;0;0;0;0;0;0;0;0;0;0;0;0;0
FR;10;2022-12-16;0;0;0;0;0;0;0;0;0;0;0;0;0;0;0;0;0;0
FR;10;2022-12-17;0;0;0;0;0;0;0;0;0;0;0;0;0;0;0;0;0;0
FR;10;2022-12-18;0;0;0;0;0;0;0;0;0;0;0;0;0;0;0;0;0;0
FR;10;2022-12-19;0;0;0;0;0;0;0;0;0;0;0;0;0;0;0;0;0;0
FR;10;2022-12-20;0;0;0;0;0;0;0;0;0;0;0;0;0;0;0;0;0;0
FR;10;2022-12-21;0;0;1;0;0;1;0;0;0;0;0;1;0;0;1;0;0;0
FR;10;2022-12-22;0;0;0;1;0;0;1;0;0;0;0;1;1;0;1;1;0;0
FR;10;2022-12-23;0;0;1;14;0;2;14;0;7;0;0;2;15;0;3;15;0;7
FR;10;2022-12-24;0;0;0;3;0;0;3;0;1;0;0;2;18;0;3;18;0;8
FR;10;2022-12-25;0;0;0;0;0;0;0;0;0;0;0;2;18;0;3;18;0;8
FR;10;2022-12-26;3;1;11;35;0;8;39;0;5;3;1;13;53;0;11;57;0;13
FR;10;2022-12-27;1;1;14;35;1;11;38;0;10;4;2;27;88;1;22;95;0;23
FR;10;2022-12-28;0;0;2;15;0;1;14;0;3;4;2;29;103;1;23;109;0;26
FR;10;2022-12-29;0;0;6;48;0;1;48;0;17;4;2;35;151;1;24;157;0;43
FR;10;2022-12-30;0;1;5;33;0;8;31;0;6;4;3;40;184;1;32;188;0;49
FR;10;2022-12-31;0;0;3;12;0;4;10;0;4;4;3;43;196;1;36;198;0;53
FR;10;2023-01-01;0;0;1;6;0;0;7;0;2;4;3;44;202;1;36;205;0;55
FR;10;2023-01-02;0;4;4;37;1;6;36;0;21;4;7;48;239;2;42;241;0;76
FR;10;2023-01-03;1;2;6;63;2;5;64;0;25;5;9;54;302;4;47;305;0;101
FR;10;2023-01-04;0;1;7;52;0;6;53;0;53;5;10;61;354;4;53;358;0;154
FR;10;2023-01-05;1;2;16;74;0;12;76;0;37;6;12;77;428;4;65;434;0;191
FR;10;2023-01-06;2;3;16;107;2;13;107;0;52;8;15;93;535;6;78;541;0;243
FR;10;2023-01-07;3;1;3;41;1;3;40;0;13;11;16;96;576;7;81;581;0;256
FR;10;2023-01-08;1;0;0;9;0;0;7;0;5;12;16;96;585;7;81;588;0;261
FR;10;2023-01-09;3;2;7;67;1;7;66;0;26;15;18;103;652;8;88;654;0;287
FR;10;2023-01-10;6;1;21;118;0;13;124;0;57;21;19;124;770;8;101;778;0;344
FR;10;2023-01-11;5;4;19;77;1;16;79;0;38;26;23;143;847;9;117;857;0;382
FR;10;2023-01-12;13;1;7;77;2;3;80;0;51;39;24;150;924;11;120;937;0;433
FR;10;2023-01-13;0;6;15;122;1;8;129;0;77;39;30;165;1046;12;128;1066;0;510
FR;10;2023-01-14;2;1;8;43;0;5;47;0;3;41;31;173;1089;12;133;1113;0;513
FR;10;2023-01-15;0;0;2;10;0;1;7;0;8;41;31;175;1099;12;134;1120;0;521
FR;10;2023-01-16;0;1;11;70;1;7;73;0;68;41;32;186;1169;13;141;1193;0;589
FR;10;2023-01-17;0;7;22;109;2;11;118;0;61;41;39;208;1278;15;152;1311;0;650
FR;10;2023-01-18;2;1;13;92;1;9;104;0;15;43;40;221;1370;16;161;1415;0;665
FR;10;2023-01-19;6;6;24;142;3;22;135;0;56;49;46;245;1512;19;183;1550;0;721
FR;10;2023-01-20;2;1;11;111;0;9;106;0;73;51;47;256;1623;19;192;1656;0;794
FR;10;2023-01-21;2;1;5;26;0;5;23;0;15;53;48;261;1649;19;197;1679;0;809
FR;10;2023-01-22;0;0;0;5;0;0;5;0;0;53;48;261;1654;19;197;1684;0;809
FR;10;2023-01-23;1;2;5;62;1;5;59;0;23;54;50;266;1716;20;202;1743;0;832
FR;10;2023-01-24;6;6;27;148;2;19;152;0;75;60;56;293;1864;22;221;1895;0;907
FR;10;2023-01-25;2;1;9;81;1;5;82;0;55;62;57;302;1945;23;226;1977;0;962
FR;10;2023-01-26;4;5;33;147;1;22;159;0;52;66;62;335;2092;24;248;2136;0;1014
FR;10;2023-01-27;1;1;16;117;1;6;118;0;78;67;63;351;2209;25;254;2254;0;1092
FR;10;2023-01-28;0;1;3;18;1;1;21;0;15;67;64;354;2227;26;255;2275;0;1107
FR;10;2023-01-29;0;0;1;0;0;1;0;0;1;67;64;355;2227;26;256;2275;0;1108
FR;10;2023-01-30;2;1;11;60;1;5;63;0;40;69;65;366;2287;27;261;2338;0;1148
FR;10;2023-01-31;5;2;24;121;3;17;121;0;51;74;67;390;2408;30;278;2459;0;1199
FR;10;2023-02-01;0;2;11;49;2;10;49;0;28;74;69;401;2457;32;288;2508;0;1227
FR;10;2023-02-02;3;0;21;104;0;16;108;0;48;77;69;422;2561;32;304;2616;0;1275
FR;10;2023-02-03;6;5;18;48;4;11;51;0;64;83;74;440;2609;36;315;2667;0;1339
FR;10;2023-02-04;1;0;1;8;0;0;10;0;6;84;74;441;2617;36;315;2677;0;1345
FR;10;2023-02-05;7;1;2;3;2;1;4;0;5;91;75;443;2620;38;316;2681;0;1350
FR;10;2023-02-06;1;0;9;28;0;8;22;0;46;92;75;452;2648;38;324;2703;0;1396
FR;10;2023-02-07;2;2;2;12;1;3;12;0;13;94;77;454;2660;39;327;2715;0;1409
FR;10;2023-02-08;1;3;3;15;2;4;15;0;12;95;80;457;2675;41;331;2730;0;1421
FR;10;2023-02-09;2;1;11;91;2;7;97;0;41;97;81;468;2766;43;338;2827;0;1462
FR;10;2023-02-10;8;3;12;29;0;6;37;0;25;105;84;480;2795;43;344;2864;0;1487
FR;10;2023-02-11;1;0;2;2;0;2;2;0;1;106;84;482;2797;43;346;2866;0;1488
FR;10;2023-02-12;1;1;0;0;1;0;0;0;0;107;85;482;2797;44;346;2866;0;1488
FR;10;2023-02-13;3;1;9;15;0;7;18;0;10;110;86;491;2812;44;353;2884;0;1498
FR;10;2023-02-14;2;4;11;49;3;9;50;0;17;112;90;502;2861;47;362;2934;0;1515
FR;10;2023-02-15;7;3;2;10;2;3;8;0;8;119;93;504;2871;49;365;2942;0;1523
FR;10;2023-02-16;0;0;8;17;0;5;18;0;8;119;93;512;2888;49;370;2960;0;1531
FR;10;2023-02-17;13;5;7;28;5;2;22;0;17;132;98;519;2916;54;372;2982;0;1548
FR;10;2023-02-18;2;0;3;11;0;3;10;0;6;134;98;522;2927;54;375;2992;0;1554
FR;10;2023-02-19;0;0;0;0;0;0;0;0;0;134;98;522;2927;54;375;2992;0;1554
FR;10;2023-02-20;2;1;2;25;1;1;23;0;23;136;99;524;2952;55;376;3015;0;1577
FR;10;2023-02-21;2;3;12;27;1;6;35;0;30;138;102;536;2979;56;382;3050;0;1607
FR;10;2023-02-22;5;4;2;7;3;3;6;0;1;143;106;538;2986;59;385;3056;0;1608
FR;10;2023-02-23;3;2;17;31;2;14;37;0;12;146;108;555;3017;61;399;3093;0;1620
FR;10;2023-02-24;1;2;8;27;0;5;27;0;29;147;110;563;3044;61;404;3120;0;1649
FR;10;2023-02-25;0;0;2;3;0;2;3;0;7;147;110;565;3047;61;406;3123;0;1656
FR;10;2023-02-26;0;0;0;0;0;0;0;0;0;147;110;565;3047;61;406;3123;0;1656
FR;10;2023-02-27;3;3;3;20;4;3;21;0;15;150;113;568;3067;65;409;3144;0;1671
FR;10;2023-02-28;3;2;3;10;2;1;11;0;10;153;115;571;3077;67;410;3155;0;1681
FR;10;2023-03-01;2;6;34;12;6;33;12;0;14;155;121;605;3089;73;443;3167;0;1695
FR;10;2023-03-02;2;1;10;22;2;6;22;0;31;157;122;615;3111;75;449;3189;0;1726
FR;10;2023-03-03;7;2;5;21;0;6;20;0;18;164;124;620;3132;75;455;3209;0;1744
FR;10;2023-03-04;0;1;0;6;1;0;6;0;2;164;125;620;3138;76;455;3215;0;1746
FR;10;2023-03-05;0;0;0;1;0;0;0;0;2;164;125;620;3139;76;455;3215;0;1748
FR;10;2023-03-06;2;2;8;8;3;7;9;0;8;166;127;628;3147;79;462;3224;0;1756
FR;10;2023-03-07;2;3;0;11;1;2;11;0;8;168;130;628;3158;80;464;3235;0;1764
FR;10;2023-03-08;1;4;4;20;3;3;22;0;9;169;134;632;3178;83;467;3257;0;1773
FR;10;2023-03-09;0;3;1;9;1;2;8;0;8;169;137;633;3187;84;469;3265;0;1781
FR;10;2023-03-10;1;2;1;8;2;1;9;0;9;170;139;634;3195;86;470;3274;0;1790
FR;10;2023-03-11;2;1;5;4;0;3;7;0;2;172;140;639;3199;86;473;3281;0;1792
FR;10;2023-03-12;0;0;0;0;0;0;0;0;0;172;140;639;3199;86;473;3281;0;1792
FR;10;2023-03-13;0;2;2;3;2;2;3;0;5;172;142;641;3202;88;475;3284;0;1797
FR;10;2023-03-14;2;0;6;25;0;4;27;0;21;174;142;647;3227;88;479;3311;0;1818
FR;10;2023-03-15;0;2;5;5;1;7;4;0;6;174;144;652;3232;89;486;3315;0;1824
FR;10;2023-03-16;3;1;7;12;0;5;15;0;11;177;145;659;3244;89;491;3330;0;1835
FR;10;2023-03-17;3;5;8;18;4;4;22;0;19;180;150;667;3262;93;495;3352;0;1854
FR;10;2023-03-18;0;1;1;3;0;2;2;0;3;180;151;668;3265;93;497;3354;0;1857
FR;10;2023-03-19;6;0;0;0;0;0;0;0;0;186;151;668;3265;93;497;3354;0;1857
FR;10;2023-03-20;5;4;0;12;3;1;13;0;12;191;155;668;3277;96;498;3367;0;1869
FR;10;2023-03-21;1;2;2;7;0;3;9;0;14;192;157;670;3284;96;501;3376;0;1883
FR;10;2023-03-22;0;0;3;4;0;3;3;0;3;192;157;673;3288;96;504;3379;0;1886
FR;10;2023-03-23;9;9;4;6;9;1;8;0;13;201;166;677;3294;105;505;3387;0;1899
FR;10;2023-03-24;3;3;2;14;2;1;10;0;17;204;169;679;3308;107;506;3397;0;1916
FR;10;2023-03-25;1;3;0;4;1;3;5;0;8;205;172;679;3312;108;509;3402;0;1924
FR;10;2023-03-26;1;1;0;0;1;0;0;0;0;206;173;679;3312;109;509;3402;0;1924
FR;10;2023-03-27;0;2;3;4;2;3;2;0;16;206;175;682;3316;111;512;3404;0;1940
FR;10;2023-03-28;9;8;3;5;8;1;6;0;6;215;183;685;3321;119;513;3410;0;1946
FR;10;2023-03-29;7;7;3;2;6;4;2;0;6;222;190;688;3323;125;517;3412;0;1952
FR;10;2023-03-30;16;13;3;7;13;2;8;0;6;238;203;691;3330;138;519;3420;0;1958
FR;10;2023-03-31;8;6;4;12;5;4;13;0;19;246;209;695;3342;143;523;3433;0;1977
FR;10;2023-04-01;9;8;1;0;8;1;0;0;0;255;217;696;3342;151;524;3433;0;1977
FR;10;2023-04-02;1;0;0;0;0;0;0;0;1;256;217;696;3342;151;524;3433;0;1978
FR;10;2023-04-03;2;1;0;3;1;0;2;0;5;258;218;696;3345;152;524;3435;0;1983
FR;10;2023-04-04;0;1;0;3;1;0;3;0;5;258;219;696;3348;153;524;3438;0;1988
FR;10;2023-04-05;0;0;2;1;0;2;3;0;2;258;219;698;3349;153;526;3441;0;1990
FR;10;2023-04-06;2;2;4;4;2;1;7;0;2;260;221;702;3353;155;527;3448;0;1992
FR;10;2023-04-07;3;0;2;3;0;1;3;0;9;263;221;704;3356;155;528;3451;0;2001
FR;10;2023-04-08;0;0;1;0;0;1;0;0;0;263;221;705;3356;155;529;3451;0;2001
FR;10;2023-04-09;0;0;0;0;0;0;0;0;0;263;221;705;3356;155;529;3451;0;2001
FR;10;2023-04-10;0;0;2;0;0;0;2;0;0;263;221;707;3356;155;529;3453;0;2001
FR;10;2023-04-11;1;0;1;3;0;1;2;0;3;264;221;708;3359;155;530;3455;0;2004
FR;10;2023-04-12;0;0;2;1;0;1;2;0;4;264;221;710;3360;155;531;3457;0;2008
FR;10;2023-04-13;0;1;0;5;1;0;5;0;5;264;222;710;3365;156;531;3462;0;2013
FR;10;2023-04-14;3;0;1;7;0;1;4;0;5;267;222;711;3372;156;532;3466;0;2018
FR;10;2023-04-15;0;1;1;3;1;0;4;0;0;267;223;712;3375;157;532;3470;0;2018
FR;10;2023-04-16;0;0;0;2;0;0;2;0;0;267;223;712;3377;157;532;3472;0;2018
FR;10;2023-04-17;1;2;2;0;1;2;0;0;0;268;225;714;3377;158;534;3472;0;2018
FR;10;2023-04-18;2;2;1;3;2;1;0;0;2;270;227;715;3380;160;535;3472;0;2020
FR;11;2020-12-27;0;0;0;0;0;0;0;0;0;0;0;0;0;0;0;0;0;0
FR;11;2020-12-28;0;0;0;0;0;0;0;0;0;0;0;0;0;0;0;0;0;0
FR;11;2020-12-29;0;0;0;0;0;0;0;0;0;0;0;0;0;0;0;0;0;0
FR;11;2020-12-30;0;0;0;0;0;0;0;0;0;0;0;0;0;0;0;0;0;0
FR;11;2020-12-31;0;0;0;0;0;0;0;0;0;0;0;0;0;0;0;0;0;0
FR;11;2021-01-01;0;0;0;0;0;0;0;0;0;0;0;0;0;0;0;0;0;0
FR;11;2021-01-02;0;0;0;0;0;0;0;0;0;0;0;0;0;0;0;0;0;0
FR;11;2021-01-03;0;0;0;0;0;0;0;0;0;0;0;0;0;0;0;0;0;0
FR;11;2021-01-04;0;0;0;0;0;0;0;0;0;0;0;0;0;0;0;0;0;0
FR;11;2021-01-05;0;0;0;0;0;0;0;0;0;0;0;0;0;0;0;0;0;0
FR;11;2021-01-06;0;0;0;0;0;0;0;0;0;0;0;0;0;0;0;0;0;0
FR;11;2021-01-07;0;0;0;0;0;0;0;0;0;0;0;0;0;0;0;0;0;0
FR;11;2021-01-08;0;0;0;0;0;0;0;0;0;0;0;0;0;0;0;0;0;0
FR;11;2021-01-09;0;0;0;0;0;0;0;0;0;0;0;0;0;0;0;0;0;0
FR;11;2021-01-10;0;0;0;0;0;0;0;0;0;0;0;0;0;0;0;0;0;0
FR;11;2021-01-11;0;0;0;0;0;0;0;0;0;0;0;0;0;0;0;0;0;0
FR;11;2021-01-12;0;0;0;0;0;0;0;0;0;0;0;0;0;0;0;0;0;0
FR;11;2021-01-13;0;0;0;0;0;0;0;0;0;0;0;0;0;0;0;0;0;0
FR;11;2021-01-14;0;0;0;0;0;0;0;0;0;0;0;0;0;0;0;0;0;0
FR;11;2021-01-15;0;0;0;0;0;0;0;0;0;0;0;0;0;0;0;0;0;0
FR;11;2021-01-16;0;0;0;0;0;0;0;0;0;0;0;0;0;0;0;0;0;0
FR;11;2021-01-17;0;0;0;0;0;0;0;0;0;0;0;0;0;0;0;0;0;0
FR;11;2021-01-18;0;0;0;0;0;0;0;0;0;0;0;0;0;0;0;0;0;0
FR;11;2021-01-19;0;0;0;0;0;0;0;0;0;0;0;0;0;0;0;0;0;0
FR;11;2021-01-20;0;0;0;0;0;0;0;0;0;0;0;0;0;0;0;0;0;0
FR;11;2021-01-21;0;0;0;0;0;0;0;0;0;0;0;0;0;0;0;0;0;0
FR;11;2021-01-22;0;0;0;0;0;0;0;0;0;0;0;0;0;0;0;0;0;0
FR;11;2021-01-23;0;0;0;0;0;0;0;0;0;0;0;0;0;0;0;0;0;0
FR;11;2021-01-24;0;0;0;0;0;0;0;0;0;0;0;0;0;0;0;0;0;0
FR;11;2021-01-25;0;0;0;0;0;0;0;0;0;0;0;0;0;0;0;0;0;0
FR;11;2021-01-26;0;0;0;0;0;0;0;0;0;0;0;0;0;0;0;0;0;0
FR;11;2021-01-27;0;0;0;0;0;0;0;0;0;0;0;0;0;0;0;0;0;0
FR;11;2021-01-28;0;0;0;0;0;0;0;0;0;0;0;0;0;0;0;0;0;0
FR;11;2021-01-29;0;0;0;0;0;0;0;0;0;0;0;0;0;0;0;0;0;0
FR;11;2021-01-30;0;0;0;0;0;0;0;0;0;0;0;0;0;0;0;0;0;0
FR;11;2021-01-31;0;0;0;0;0;0;0;0;0;0;0;0;0;0;0;0;0;0
FR;11;2021-02-01;0;0;0;0;0;0;0;0;0;0;0;0;0;0;0;0;0;0
FR;11;2021-02-02;0;0;0;0;0;0;0;0;0;0;0;0;0;0;0;0;0;0
FR;11;2021-02-03;0;0;0;0;0;0;0;0;0;0;0;0;0;0;0;0;0;0
FR;11;2021-02-04;0;0;0;0;0;0;0;0;0;0;0;0;0;0;0;0;0;0
FR;11;2021-02-05;0;0;0;0;0;0;0;0;0;0;0;0;0;0;0;0;0;0
FR;11;2021-02-06;0;0;0;0;0;0;0;0;0;0;0;0;0;0;0;0;0;0
FR;11;2021-02-07;0;0;0;0;0;0;0;0;0;0;0;0;0;0;0;0;0;0
FR;11;2021-02-08;0;0;0;0;0;0;0;0;0;0;0;0;0;0;0;0;0;0
FR;11;2021-02-09;0;0;0;0;0;0;0;0;0;0;0;0;0;0;0;0;0;0
FR;11;2021-02-10;0;0;0;0;0;0;0;0;0;0;0;0;0;0;0;0;0;0
FR;11;2021-02-11;0;0;0;0;0;0;0;0;0;0;0;0;0;0;0;0;0;0
FR;11;2021-02-12;0;0;0;0;0;0;0;0;0;0;0;0;0;0;0;0;0;0
FR;11;2021-02-13;0;0;0;0;0;0;0;0;0;0;0;0;0;0;0;0;0;0
FR;11;2021-02-14;0;0;0;0;0;0;0;0;0;0;0;0;0;0;0;0;0;0
FR;11;2021-02-15;0;0;0;0;0;0;0;0;0;0;0;0;0;0;0;0;0;0
FR;11;2021-02-16;0;0;0;0;0;0;0;0;0;0;0;0;0;0;0;0;0;0
FR;11;2021-02-17;0;0;0;0;0;0;0;0;0;0;0;0;0;0;0;0;0;0
FR;11;2021-02-18;0;0;0;0;0;0;0;0;0;0;0;0;0;0;0;0;0;0
FR;11;2021-02-19;0;0;0;0;0;0;0;0;0;0;0;0;0;0;0;0;0;0
FR;11;2021-02-20;0;0;0;0;0;0;0;0;0;0;0;0;0;0;0;0;0;0
FR;11;2021-02-21;0;0;0;0;0;0;0;0;0;0;0;0;0;0;0;0;0;0
FR;11;2021-02-22;0;0;0;0;0;0;0;0;0;0;0;0;0;0;0;0;0;0
FR;11;2021-02-23;0;0;0;0;0;0;0;0;0;0;0;0;0;0;0;0;0;0
FR;11;2021-02-24;0;0;0;0;0;0;0;0;0;0;0;0;0;0;0;0;0;0
FR;11;2021-02-25;0;0;0;0;0;0;0;0;0;0;0;0;0;0;0;0;0;0
FR;11;2021-02-26;0;0;0;0;0;0;0;0;0;0;0;0;0;0;0;0;0;0
FR;11;2021-02-27;0;0;0;0;0;0;0;0;0;0;0;0;0;0;0;0;0;0
FR;11;2021-02-28;0;0;0;0;0;0;0;0;0;0;0;0;0;0;0;0;0;0
FR;11;2021-03-01;0;0;0;0;0;0;0;0;0;0;0;0;0;0;0;0;0;0
FR;11;2021-03-02;0;0;0;0;0;0;0;0;0;0;0;0;0;0;0;0;0;0
FR;11;2021-03-03;0;0;0;0;0;0;0;0;0;0;0;0;0;0;0;0;0;0
FR;11;2021-03-04;0;0;0;0;0;0;0;0;0;0;0;0;0;0;0;0;0;0
FR;11;2021-03-05;0;0;0;0;0;0;0;0;0;0;0;0;0;0;0;0;0;0
FR;11;2021-03-06;0;0;0;0;0;0;0;0;0;0;0;0;0;0;0;0;0;0
FR;11;2021-03-07;0;0;0;0;0;0;0;0;0;0;0;0;0;0;0;0;0;0
FR;11;2021-03-08;0;0;0;0;0;0;0;0;0;0;0;0;0;0;0;0;0;0
FR;11;2021-03-09;0;0;0;0;0;0;0;0;0;0;0;0;0;0;0;0;0;0
FR;11;2021-03-10;0;0;0;0;0;0;0;0;0;0;0;0;0;0;0;0;0;0
FR;11;2021-03-11;0;0;0;0;0;0;0;0;0;0;0;0;0;0;0;0;0;0
FR;11;2021-03-12;0;0;0;0;0;0;0;0;0;0;0;0;0;0;0;0;0;0
FR;11;2021-03-13;0;0;0;0;0;0;0;0;0;0;0;0;0;0;0;0;0;0
FR;11;2021-03-14;0;0;0;0;0;0;0;0;0;0;0;0;0;0;0;0;0;0
FR;11;2021-03-15;0;0;0;0;0;0;0;0;0;0;0;0;0;0;0;0;0;0
FR;11;2021-03-16;0;0;0;0;0;0;0;0;0;0;0;0;0;0;0;0;0;0
FR;11;2021-03-17;0;0;0;0;0;0;0;0;0;0;0;0;0;0;0;0;0;0
FR;11;2021-03-18;0;0;0;0;0;0;0;0;0;0;0;0;0;0;0;0;0;0
FR;11;2021-03-19;0;0;0;0;0;0;0;0;0;0;0;0;0;0;0;0;0;0
FR;11;2021-03-20;0;0;0;0;0;0;0;0;0;0;0;0;0;0;0;0;0;0
FR;11;2021-03-21;0;0;0;0;0;0;0;0;0;0;0;0;0;0;0;0;0;0
FR;11;2021-03-22;0;0;0;0;0;0;0;0;0;0;0;0;0;0;0;0;0;0
FR;11;2021-03-23;0;0;0;0;0;0;0;0;0;0;0;0;0;0;0;0;0;0
FR;11;2021-03-24;0;0;0;0;0;0;0;0;0;0;0;0;0;0;0;0;0;0
FR;11;2021-03-25;0;0;0;0;0;0;0;0;0;0;0;0;0;0;0;0;0;0
FR;11;2021-03-26;0;0;0;0;0;0;0;0;0;0;0;0;0;0;0;0;0;0
FR;11;2021-03-27;0;0;0;0;0;0;0;0;0;0;0;0;0;0;0;0;0;0
FR;11;2021-03-28;0;0;0;0;0;0;0;0;0;0;0;0;0;0;0;0;0;0
FR;11;2021-03-29;0;0;0;0;0;0;0;0;0;0;0;0;0;0;0;0;0;0
FR;11;2021-03-30;0;0;0;0;0;0;0;0;0;0;0;0;0;0;0;0;0;0
FR;11;2021-03-31;0;0;0;0;0;0;0;0;0;0;0;0;0;0;0;0;0;0
FR;11;2021-04-01;0;0;0;0;0;0;0;0;0;0;0;0;0;0;0;0;0;0
FR;11;2021-04-02;0;0;0;0;0;0;0;0;0;0;0;0;0;0;0;0;0;0
FR;11;2021-04-03;0;0;0;0;0;0;0;0;0;0;0;0;0;0;0;0;0;0
FR;11;2021-04-04;0;0;0;0;0;0;0;0;0;0;0;0;0;0;0;0;0;0
FR;11;2021-04-05;0;0;0;0;0;0;0;0;0;0;0;0;0;0;0;0;0;0
FR;11;2021-04-06;0;0;0;0;0;0;0;0;0;0;0;0;0;0;0;0;0;0
FR;11;2021-04-07;0;0;0;0;0;0;0;0;0;0;0;0;0;0;0;0;0;0
FR;11;2021-04-08;0;0;0;0;0;0;0;0;0;0;0;0;0;0;0;0;0;0
FR;11;2021-04-09;0;0;0;0;0;0;0;0;0;0;0;0;0;0;0;0;0;0
FR;11;2021-04-10;0;0;0;0;0;0;0;0;0;0;0;0;0;0;0;0;0;0
FR;11;2021-04-11;0;0;0;0;0;0;0;0;0;0;0;0;0;0;0;0;0;0
FR;11;2021-04-12;0;0;0;0;0;0;0;0;0;0;0;0;0;0;0;0;0;0
FR;11;2021-04-13;0;0;0;0;0;0;0;0;0;0;0;0;0;0;0;0;0;0
FR;11;2021-04-14;0;0;0;0;0;0;0;0;0;0;0;0;0;0;0;0;0;0
FR;11;2021-04-15;0;0;0;0;0;0;0;0;0;0;0;0;0;0;0;0;0;0
FR;11;2021-04-16;0;0;0;0;0;0;0;0;0;0;0;0;0;0;0;0;0;0
FR;11;2021-04-17;0;0;0;0;0;0;0;0;0;0;0;0;0;0;0;0;0;0
FR;11;2021-04-18;0;0;0;0;0;0;0;0;0;0;0;0;0;0;0;0;0;0
FR;11;2021-04-19;0;0;0;0;0;0;0;0;0;0;0;0;0;0;0;0;0;0
FR;11;2021-04-20;0;0;0;0;0;0;0;0;0;0;0;0;0;0;0;0;0;0
FR;11;2021-04-21;0;0;0;0;0;0;0;0;0;0;0;0;0;0;0;0;0;0
FR;11;2021-04-22;0;0;0;0;0;0;0;0;0;0;0;0;0;0;0;0;0;0
FR;11;2021-04-23;0;0;0;0;0;0;0;0;0;0;0;0;0;0;0;0;0;0
FR;11;2021-04-24;0;0;0;0;0;0;0;0;0;0;0;0;0;0;0;0;0;0
FR;11;2021-04-25;0;0;0;0;0;0;0;0;0;0;0;0;0;0;0;0;0;0
FR;11;2021-04-26;0;0;0;0;0;0;0;0;0;0;0;0;0;0;0;0;0;0
FR;11;2021-04-27;0;0;0;0;0;0;0;0;0;0;0;0;0;0;0;0;0;0
FR;11;2021-04-28;0;0;0;0;0;0;0;0;0;0;0;0;0;0;0;0;0;0
FR;11;2021-04-29;0;0;0;0;0;0;0;0;0;0;0;0;0;0;0;0;0;0
FR;11;2021-04-30;0;0;0;0;0;0;0;0;0;0;0;0;0;0;0;0;0;0
FR;11;2021-05-01;0;0;0;0;0;0;0;0;0;0;0;0;0;0;0;0;0;0
FR;11;2021-05-02;0;0;0;0;0;0;0;0;0;0;0;0;0;0;0;0;0;0
FR;11;2021-05-03;0;0;0;0;0;0;0;0;0;0;0;0;0;0;0;0;0;0
FR;11;2021-05-04;0;0;0;0;0;0;0;0;0;0;0;0;0;0;0;0;0;0
FR;11;2021-05-05;0;0;0;0;0;0;0;0;0;0;0;0;0;0;0;0;0;0
FR;11;2021-05-06;0;0;0;0;0;0;0;0;0;0;0;0;0;0;0;0;0;0
FR;11;2021-05-07;0;0;0;0;0;0;0;0;0;0;0;0;0;0;0;0;0;0
FR;11;2021-05-08;0;0;0;0;0;0;0;0;0;0;0;0;0;0;0;0;0;0
FR;11;2021-05-09;0;0;0;0;0;0;0;0;0;0;0;0;0;0;0;0;0;0
FR;11;2021-05-10;0;0;0;0;0;0;0;0;0;0;0;0;0;0;0;0;0;0
FR;11;2021-05-11;0;0;0;0;0;0;0;0;0;0;0;0;0;0;0;0;0;0
FR;11;2021-05-12;0;0;0;0;0;0;0;0;0;0;0;0;0;0;0;0;0;0
FR;11;2021-05-13;0;0;0;0;0;0;0;0;0;0;0;0;0;0;0;0;0;0
FR;11;2021-05-14;0;0;0;0;0;0;0;0;0;0;0;0;0;0;0;0;0;0
FR;11;2021-05-15;0;0;0;0;0;0;0;0;0;0;0;0;0;0;0;0;0;0
FR;11;2021-05-16;0;0;0;0;0;0;0;0;0;0;0;0;0;0;0;0;0;0
FR;11;2021-05-17;0;0;0;0;0;0;0;0;0;0;0;0;0;0;0;0;0;0
FR;11;2021-05-18;0;0;0;0;0;0;0;0;0;0;0;0;0;0;0;0;0;0
FR;11;2021-05-19;0;0;0;0;0;0;0;0;0;0;0;0;0;0;0;0;0;0
FR;11;2021-05-20;0;0;0;0;0;0;0;0;0;0;0;0;0;0;0;0;0;0
FR;11;2021-05-21;0;0;0;0;0;0;0;0;0;0;0;0;0;0;0;0;0;0
FR;11;2021-05-22;0;0;0;0;0;0;0;0;0;0;0;0;0;0;0;0;0;0
FR;11;2021-05-23;0;0;0;0;0;0;0;0;0;0;0;0;0;0;0;0;0;0
FR;11;2021-05-24;0;0;0;0;0;0;0;0;0;0;0;0;0;0;0;0;0;0
FR;11;2021-05-25;0;0;0;0;0;0;0;0;0;0;0;0;0;0;0;0;0;0
FR;11;2021-05-26;0;0;0;0;0;0;0;0;0;0;0;0;0;0;0;0;0;0
FR;11;2021-05-27;0;0;0;0;0;0;0;0;0;0;0;0;0;0;0;0;0;0
FR;11;2021-05-28;0;0;0;0;0;0;0;0;0;0;0;0;0;0;0;0;0;0
FR;11;2021-05-29;0;0;0;0;0;0;0;0;0;0;0;0;0;0;0;0;0;0
FR;11;2021-05-30;0;0;0;0;0;0;0;0;0;0;0;0;0;0;0;0;0;0
FR;11;2021-05-31;0;0;0;0;0;0;0;0;0;0;0;0;0;0;0;0;0;0
FR;11;2021-06-01;0;0;0;0;0;0;0;0;0;0;0;0;0;0;0;0;0;0
FR;11;2021-06-02;0;0;0;0;0;0;0;0;0;0;0;0;0;0;0;0;0;0
FR;11;2021-06-03;0;0;0;0;0;0;0;0;0;0;0;0;0;0;0;0;0;0
FR;11;2021-06-04;0;0;0;0;0;0;0;0;0;0;0;0;0;0;0;0;0;0
FR;11;2021-06-05;0;0;0;0;0;0;0;0;0;0;0;0;0;0;0;0;0;0
FR;11;2021-06-06;0;0;0;0;0;0;0;0;0;0;0;0;0;0;0;0;0;0
FR;11;2021-06-07;0;0;0;0;0;0;0;0;0;0;0;0;0;0;0;0;0;0
FR;11;2021-06-08;0;0;0;0;0;0;0;0;0;0;0;0;0;0;0;0;0;0
FR;11;2021-06-09;0;0;0;0;0;0;0;0;0;0;0;0;0;0;0;0;0;0
FR;11;2021-06-10;0;0;0;0;0;0;0;0;0;0;0;0;0;0;0;0;0;0
FR;11;2021-06-11;0;0;0;0;0;0;0;0;0;0;0;0;0;0;0;0;0;0
FR;11;2021-06-12;0;0;0;0;0;0;0;0;0;0;0;0;0;0;0;0;0;0
FR;11;2021-06-13;0;0;0;0;0;0;0;0;0;0;0;0;0;0;0;0;0;0
FR;11;2021-06-14;0;0;0;0;0;0;0;0;0;0;0;0;0;0;0;0;0;0
FR;11;2021-06-15;0;0;0;0;0;0;0;0;0;0;0;0;0;0;0;0;0;0
FR;11;2021-06-16;0;0;0;0;0;0;0;0;0;0;0;0;0;0;0;0;0;0
FR;11;2021-06-17;0;0;0;0;0;0;0;0;0;0;0;0;0;0;0;0;0;0
FR;11;2021-06-18;0;0;0;0;0;0;0;0;0;0;0;0;0;0;0;0;0;0
FR;11;2021-06-19;0;0;0;0;0;0;0;0;0;0;0;0;0;0;0;0;0;0
FR;11;2021-06-20;0;0;0;0;0;0;0;0;0;0;0;0;0;0;0;0;0;0
FR;11;2021-06-21;0;0;0;0;0;0;0;0;0;0;0;0;0;0;0;0;0;0
FR;11;2021-06-22;0;0;0;0;0;0;0;0;0;0;0;0;0;0;0;0;0;0
FR;11;2021-06-23;0;0;0;0;0;0;0;0;0;0;0;0;0;0;0;0;0;0
FR;11;2021-06-24;0;0;0;0;0;0;0;0;0;0;0;0;0;0;0;0;0;0
FR;11;2021-06-25;0;0;0;0;0;0;0;0;0;0;0;0;0;0;0;0;0;0
FR;11;2021-06-26;0;0;0;0;0;0;0;0;0;0;0;0;0;0;0;0;0;0
FR;11;2021-06-27;0;0;0;0;0;0;0;0;0;0;0;0;0;0;0;0;0;0
FR;11;2021-06-28;0;0;0;0;0;0;0;0;0;0;0;0;0;0;0;0;0;0
FR;11;2021-06-29;0;0;0;0;0;0;0;0;0;0;0;0;0;0;0;0;0;0
FR;11;2021-06-30;0;0;0;0;0;0;0;0;0;0;0;0;0;0;0;0;0;0
FR;11;2021-07-01;0;0;0;0;0;0;0;0;0;0;0;0;0;0;0;0;0;0
FR;11;2021-07-02;0;0;0;0;0;0;0;0;0;0;0;0;0;0;0;0;0;0
FR;11;2021-07-03;0;0;0;0;0;0;0;0;0;0;0;0;0;0;0;0;0;0
FR;11;2021-07-04;0;0;0;0;0;0;0;0;0;0;0;0;0;0;0;0;0;0
FR;11;2021-07-05;0;0;0;0;0;0;0;0;0;0;0;0;0;0;0;0;0;0
FR;11;2021-07-06;0;0;0;0;0;0;0;0;0;0;0;0;0;0;0;0;0;0
FR;11;2021-07-07;0;0;0;0;0;0;0;0;0;0;0;0;0;0;0;0;0;0
FR;11;2021-07-08;0;0;0;0;0;0;0;0;0;0;0;0;0;0;0;0;0;0
FR;11;2021-07-09;0;0;0;0;0;0;0;0;0;0;0;0;0;0;0;0;0;0
FR;11;2021-07-10;0;0;0;0;0;0;0;0;0;0;0;0;0;0;0;0;0;0
FR;11;2021-07-11;0;0;0;0;0;0;0;0;0;0;0;0;0;0;0;0;0;0
FR;11;2021-07-12;0;0;0;0;0;0;0;0;0;0;0;0;0;0;0;0;0;0
FR;11;2021-07-13;0;0;0;0;0;0;0;0;0;0;0;0;0;0;0;0;0;0
FR;11;2021-07-14;0;0;0;0;0;0;0;0;0;0;0;0;0;0;0;0;0;0
FR;11;2021-07-15;0;0;0;0;0;0;0;0;0;0;0;0;0;0;0;0;0;0
FR;11;2021-07-16;0;0;0;0;0;0;0;0;0;0;0;0;0;0;0;0;0;0
FR;11;2021-07-17;0;0;0;0;0;0;0;0;0;0;0;0;0;0;0;0;0;0
FR;11;2021-07-18;0;0;0;0;0;0;0;0;0;0;0;0;0;0;0;0;0;0
FR;11;2021-07-19;0;0;0;0;0;0;0;0;0;0;0;0;0;0;0;0;0;0
FR;11;2021-07-20;0;0;0;0;0;0;0;0;0;0;0;0;0;0;0;0;0;0
FR;11;2021-07-21;0;0;0;0;0;0;0;0;0;0;0;0;0;0;0;0;0;0
FR;11;2021-07-22;0;0;0;0;0;0;0;0;0;0;0;0;0;0;0;0;0;0
FR;11;2021-07-23;0;0;0;0;0;0;0;0;0;0;0;0;0;0;0;0;0;0
FR;11;2021-07-24;0;0;0;0;0;0;0;0;0;0;0;0;0;0;0;0;0;0
FR;11;2021-07-25;0;0;0;0;0;0;0;0;0;0;0;0;0;0;0;0;0;0
FR;11;2021-07-26;0;0;0;0;0;0;0;0;0;0;0;0;0;0;0;0;0;0
FR;11;2021-07-27;0;0;0;0;0;0;0;0;0;0;0;0;0;0;0;0;0;0
FR;11;2021-07-28;0;0;0;0;0;0;0;0;0;0;0;0;0;0;0;0;0;0
FR;11;2021-07-29;0;0;0;0;0;0;0;0;0;0;0;0;0;0;0;0;0;0
FR;11;2021-07-30;0;0;0;0;0;0;0;0;0;0;0;0;0;0;0;0;0;0
FR;11;2021-07-31;0;0;0;0;0;0;0;0;0;0;0;0;0;0;0;0;0;0
FR;11;2021-08-01;0;0;0;0;0;0;0;0;0;0;0;0;0;0;0;0;0;0
FR;11;2021-08-02;0;0;0;0;0;0;0;0;0;0;0;0;0;0;0;0;0;0
FR;11;2021-08-03;0;0;0;0;0;0;0;0;0;0;0;0;0;0;0;0;0;0
FR;11;2021-08-04;0;0;0;0;0;0;0;0;0;0;0;0;0;0;0;0;0;0
FR;11;2021-08-05;0;0;0;0;0;0;0;0;0;0;0;0;0;0;0;0;0;0
FR;11;2021-08-06;0;0;0;0;0;0;0;0;0;0;0;0;0;0;0;0;0;0
FR;11;2021-08-07;0;0;0;0;0;0;0;0;0;0;0;0;0;0;0;0;0;0
FR;11;2021-08-08;0;0;0;0;0;0;0;0;0;0;0;0;0;0;0;0;0;0
FR;11;2021-08-09;0;0;0;0;0;0;0;0;0;0;0;0;0;0;0;0;0;0
FR;11;2021-08-10;0;0;0;0;0;0;0;0;0;0;0;0;0;0;0;0;0;0
FR;11;2021-08-11;0;0;0;0;0;0;0;0;0;0;0;0;0;0;0;0;0;0
FR;11;2021-08-12;0;0;0;0;0;0;0;0;0;0;0;0;0;0;0;0;0;0
FR;11;2021-08-13;0;0;0;0;0;0;0;0;0;0;0;0;0;0;0;0;0;0
FR;11;2021-08-14;0;0;0;0;0;0;0;0;0;0;0;0;0;0;0;0;0;0
FR;11;2021-08-15;0;0;0;0;0;0;0;0;0;0;0;0;0;0;0;0;0;0
FR;11;2021-08-16;0;0;0;0;0;0;0;0;0;0;0;0;0;0;0;0;0;0
FR;11;2021-08-17;0;0;0;0;0;0;0;0;0;0;0;0;0;0;0;0;0;0
FR;11;2021-08-18;0;0;0;0;0;0;0;0;0;0;0;0;0;0;0;0;0;0
FR;11;2021-08-19;0;0;0;0;0;0;0;0;0;0;0;0;0;0;0;0;0;0
FR;11;2021-08-20;0;0;0;0;0;0;0;0;0;0;0;0;0;0;0;0;0;0
FR;11;2021-08-21;0;0;0;0;0;0;0;0;0;0;0;0;0;0;0;0;0;0
FR;11;2021-08-22;0;0;0;0;0;0;0;0;0;0;0;0;0;0;0;0;0;0
FR;11;2021-08-23;0;0;0;0;0;0;0;0;0;0;0;0;0;0;0;0;0;0
FR;11;2021-08-24;0;0;0;0;0;0;0;0;0;0;0;0;0;0;0;0;0;0
FR;11;2021-08-25;0;0;0;0;0;0;0;0;0;0;0;0;0;0;0;0;0;0
FR;11;2021-08-26;0;0;0;0;0;0;0;0;0;0;0;0;0;0;0;0;0;0
FR;11;2021-08-27;0;0;0;0;0;0;0;0;0;0;0;0;0;0;0;0;0;0
FR;11;2021-08-28;0;0;0;0;0;0;0;0;0;0;0;0;0;0;0;0;0;0
FR;11;2021-08-29;0;0;0;0;0;0;0;0;0;0;0;0;0;0;0;0;0;0
FR;11;2021-08-30;0;0;0;0;0;0;0;0;0;0;0;0;0;0;0;0;0;0
FR;11;2021-08-31;0;0;0;0;0;0;0;0;0;0;0;0;0;0;0;0;0;0
FR;11;2021-09-01;0;0;0;0;0;0;0;0;0;0;0;0;0;0;0;0;0;0
FR;11;2021-09-02;0;0;0;0;0;0;0;0;0;0;0;0;0;0;0;0;0;0
FR;11;2021-09-03;0;0;0;0;0;0;0;0;0;0;0;0;0;0;0;0;0;0
FR;11;2021-09-04;0;0;0;0;0;0;0;0;0;0;0;0;0;0;0;0;0;0
FR;11;2021-09-05;0;0;0;0;0;0;0;0;0;0;0;0;0;0;0;0;0;0
FR;11;2021-09-06;0;0;0;0;0;0;0;0;0;0;0;0;0;0;0;0;0;0
FR;11;2021-09-07;0;0;0;0;0;0;0;0;0;0;0;0;0;0;0;0;0;0
FR;11;2021-09-08;0;0;0;0;0;0;0;0;0;0;0;0;0;0;0;0;0;0
FR;11;2021-09-09;0;0;0;0;0;0;0;0;0;0;0;0;0;0;0;0;0;0
FR;11;2021-09-10;0;0;0;0;0;0;0;0;0;0;0;0;0;0;0;0;0;0
FR;11;2021-09-11;0;0;0;0;0;0;0;0;0;0;0;0;0;0;0;0;0;0
FR;11;2021-09-12;0;0;0;0;0;0;0;0;0;0;0;0;0;0;0;0;0;0
FR;11;2021-09-13;0;0;0;0;0;0;0;0;0;0;0;0;0;0;0;0;0;0
FR;11;2021-09-14;0;0;0;0;0;0;0;0;0;0;0;0;0;0;0;0;0;0
FR;11;2021-09-15;0;0;0;0;0;0;0;0;0;0;0;0;0;0;0;0;0;0
FR;11;2021-09-16;0;0;0;0;0;0;0;0;0;0;0;0;0;0;0;0;0;0
FR;11;2021-09-17;0;0;0;0;0;0;0;0;0;0;0;0;0;0;0;0;0;0
FR;11;2021-09-18;0;0;0;0;0;0;0;0;0;0;0;0;0;0;0;0;0;0
FR;11;2021-09-19;0;0;0;0;0;0;0;0;0;0;0;0;0;0;0;0;0;0
FR;11;2021-09-20;0;0;0;0;0;0;0;0;0;0;0;0;0;0;0;0;0;0
FR;11;2021-09-21;0;0;0;0;0;0;0;0;0;0;0;0;0;0;0;0;0;0
FR;11;2021-09-22;0;0;0;0;0;0;0;0;0;0;0;0;0;0;0;0;0;0
FR;11;2021-09-23;0;0;0;0;0;0;0;0;0;0;0;0;0;0;0;0;0;0
FR;11;2021-09-24;0;0;0;0;0;0;0;0;0;0;0;0;0;0;0;0;0;0
FR;11;2021-09-25;0;0;0;0;0;0;0;0;0;0;0;0;0;0;0;0;0;0
FR;11;2021-09-26;0;0;0;0;0;0;0;0;0;0;0;0;0;0;0;0;0;0
FR;11;2021-09-27;0;0;0;0;0;0;0;0;0;0;0;0;0;0;0;0;0;0
FR;11;2021-09-28;0;0;0;0;0;0;0;0;0;0;0;0;0;0;0;0;0;0
FR;11;2021-09-29;0;0;0;0;0;0;0;0;0;0;0;0;0;0;0;0;0;0
FR;11;2021-09-30;0;0;0;0;0;0;0;0;0;0;0;0;0;0;0;0;0;0
FR;11;2021-10-01;0;0;0;0;0;0;0;0;0;0;0;0;0;0;0;0;0;0
FR;11;2021-10-02;0;0;0;0;0;0;0;0;0;0;0;0;0;0;0;0;0;0
FR;11;2021-10-03;0;0;0;0;0;0;0;0;0;0;0;0;0;0;0;0;0;0
FR;11;2021-10-04;0;0;0;0;0;0;0;0;0;0;0;0;0;0;0;0;0;0
FR;11;2021-10-05;0;0;0;0;0;0;0;0;0;0;0;0;0;0;0;0;0;0
FR;11;2021-10-06;0;0;0;0;0;0;0;0;0;0;0;0;0;0;0;0;0;0
FR;11;2021-10-07;0;0;0;0;0;0;0;0;0;0;0;0;0;0;0;0;0;0
FR;11;2021-10-08;0;0;0;0;0;0;0;0;0;0;0;0;0;0;0;0;0;0
FR;11;2021-10-09;0;0;0;0;0;0;0;0;0;0;0;0;0;0;0;0;0;0
FR;11;2021-10-10;0;0;0;0;0;0;0;0;0;0;0;0;0;0;0;0;0;0
FR;11;2021-10-11;0;0;0;0;0;0;0;0;0;0;0;0;0;0;0;0;0;0
FR;11;2021-10-12;0;0;0;0;0;0;0;0;0;0;0;0;0;0;0;0;0;0
FR;11;2021-10-13;0;0;0;0;0;0;0;0;0;0;0;0;0;0;0;0;0;0
FR;11;2021-10-14;0;0;0;0;0;0;0;0;0;0;0;0;0;0;0;0;0;0
FR;11;2021-10-15;0;0;0;0;0;0;0;0;0;0;0;0;0;0;0;0;0;0
FR;11;2021-10-16;0;0;0;0;0;0;0;0;0;0;0;0;0;0;0;0;0;0
FR;11;2021-10-17;0;0;0;0;0;0;0;0;0;0;0;0;0;0;0;0;0;0
FR;11;2021-10-18;0;0;0;0;0;0;0;0;0;0;0;0;0;0;0;0;0;0
FR;11;2021-10-19;0;0;0;0;0;0;0;0;0;0;0;0;0;0;0;0;0;0
FR;11;2021-10-20;0;0;0;0;0;0;0;0;0;0;0;0;0;0;0;0;0;0
FR;11;2021-10-21;0;0;0;0;0;0;0;0;0;0;0;0;0;0;0;0;0;0
FR;11;2021-10-22;0;0;0;0;0;0;0;0;0;0;0;0;0;0;0;0;0;0
FR;11;2021-10-23;0;0;0;0;0;0;0;0;0;0;0;0;0;0;0;0;0;0
FR;11;2021-10-24;0;0;0;0;0;0;0;0;0;0;0;0;0;0;0;0;0;0
FR;11;2021-10-25;0;0;0;0;0;0;0;0;0;0;0;0;0;0;0;0;0;0
FR;11;2021-10-26;0;0;0;0;0;0;0;0;0;0;0;0;0;0;0;0;0;0
FR;11;2021-10-27;0;0;0;0;0;0;0;0;0;0;0;0;0;0;0;0;0;0
FR;11;2021-10-28;0;0;0;0;0;0;0;0;0;0;0;0;0;0;0;0;0;0
FR;11;2021-10-29;0;0;0;0;0;0;0;0;0;0;0;0;0;0;0;0;0;0
FR;11;2021-10-30;0;0;0;0;0;0;0;0;0;0;0;0;0;0;0;0;0;0
FR;11;2021-10-31;0;0;0;0;0;0;0;0;0;0;0;0;0;0;0;0;0;0
FR;11;2021-11-01;0;0;0;0;0;0;0;0;0;0;0;0;0;0;0;0;0;0
FR;11;2021-11-02;0;0;0;0;0;0;0;0;0;0;0;0;0;0;0;0;0;0
FR;11;2021-11-03;0;0;0;0;0;0;0;0;0;0;0;0;0;0;0;0;0;0
FR;11;2021-11-04;0;0;0;0;0;0;0;0;0;0;0;0;0;0;0;0;0;0
FR;11;2021-11-05;0;0;0;0;0;0;0;0;0;0;0;0;0;0;0;0;0;0
FR;11;2021-11-06;0;0;0;0;0;0;0;0;0;0;0;0;0;0;0;0;0;0
FR;11;2021-11-07;0;0;0;0;0;0;0;0;0;0;0;0;0;0;0;0;0;0
FR;11;2021-11-08;0;0;0;0;0;0;0;0;0;0;0;0;0;0;0;0;0;0
FR;11;2021-11-09;0;0;0;0;0;0;0;0;0;0;0;0;0;0;0;0;0;0
FR;11;2021-11-10;0;0;0;0;0;0;0;0;0;0;0;0;0;0;0;0;0;0
FR;11;2021-11-11;0;0;0;0;0;0;0;0;0;0;0;0;0;0;0;0;0;0
FR;11;2021-11-12;0;0;0;0;0;0;0;0;0;0;0;0;0;0;0;0;0;0
FR;11;2021-11-13;0;0;0;0;0;0;0;0;0;0;0;0;0;0;0;0;0;0
FR;11;2021-11-14;0;0;0;0;0;0;0;0;0;0;0;0;0;0;0;0;0;0
FR;11;2021-11-15;0;0;0;0;0;0;0;0;0;0;0;0;0;0;0;0;0;0
FR;11;2021-11-16;0;0;0;0;0;0;0;0;0;0;0;0;0;0;0;0;0;0
FR;11;2021-11-17;0;0;0;0;0;0;0;0;0;0;0;0;0;0;0;0;0;0
FR;11;2021-11-18;0;0;0;0;0;0;0;0;0;0;0;0;0;0;0;0;0;0
FR;11;2021-11-19;0;0;0;0;0;0;0;0;0;0;0;0;0;0;0;0;0;0
FR;11;2021-11-20;0;0;0;0;0;0;0;0;0;0;0;0;0;0;0;0;0;0
FR;11;2021-11-21;0;0;0;0;0;0;0;0;0;0;0;0;0;0;0;0;0;0
FR;11;2021-11-22;0;0;0;0;0;0;0;0;0;0;0;0;0;0;0;0;0;0
FR;11;2021-11-23;0;0;0;0;0;0;0;0;0;0;0;0;0;0;0;0;0;0
FR;11;2021-11-24;0;0;0;0;0;0;0;0;0;0;0;0;0;0;0;0;0;0
FR;11;2021-11-25;0;0;0;0;0;0;0;0;0;0;0;0;0;0;0;0;0;0
FR;11;2021-11-26;0;0;0;0;0;0;0;0;0;0;0;0;0;0;0;0;0;0
FR;11;2021-11-27;0;0;0;0;0;0;0;0;0;0;0;0;0;0;0;0;0;0
FR;11;2021-11-28;0;0;0;0;0;0;0;0;0;0;0;0;0;0;0;0;0;0
FR;11;2021-11-29;0;0;0;0;0;0;0;0;0;0;0;0;0;0;0;0;0;0
FR;11;2021-11-30;0;0;0;0;0;0;0;0;0;0;0;0;0;0;0;0;0;0
FR;11;2021-12-01;0;0;0;0;0;0;0;0;0;0;0;0;0;0;0;0;0;0
FR;11;2021-12-02;0;0;0;0;0;0;0;0;0;0;0;0;0;0;0;0;0;0
FR;11;2021-12-03;0;0;0;0;0;0;0;0;0;0;0;0;0;0;0;0;0;0
FR;11;2021-12-04;0;0;0;0;0;0;0;0;0;0;0;0;0;0;0;0;0;0
FR;11;2021-12-05;0;0;0;0;0;0;0;0;0;0;0;0;0;0;0;0;0;0
FR;11;2021-12-06;0;0;0;0;0;0;0;0;0;0;0;0;0;0;0;0;0;0
FR;11;2021-12-07;0;0;0;0;0;0;0;0;0;0;0;0;0;0;0;0;0;0
FR;11;2021-12-08;0;0;0;0;0;0;0;0;0;0;0;0;0;0;0;0;0;0
FR;11;2021-12-09;0;0;0;0;0;0;0;0;0;0;0;0;0;0;0;0;0;0
FR;11;2021-12-10;0;0;0;0;0;0;0;0;0;0;0;0;0;0;0;0;0;0
FR;11;2021-12-11;0;0;0;0;0;0;0;0;0;0;0;0;0;0;0;0;0;0
FR;11;2021-12-12;0;0;0;0;0;0;0;0;0;0;0;0;0;0;0;0;0;0
FR;11;2021-12-13;0;0;0;0;0;0;0;0;0;0;0;0;0;0;0;0;0;0
FR;11;2021-12-14;0;0;0;0;0;0;0;0;0;0;0;0;0;0;0;0;0;0
FR;11;2021-12-15;0;0;0;0;0;0;0;0;0;0;0;0;0;0;0;0;0;0
FR;11;2021-12-16;0;0;0;0;0;0;0;0;0;0;0;0;0;0;0;0;0;0
FR;11;2021-12-17;0;0;0;0;0;0;0;0;0;0;0;0;0;0;0;0;0;0
FR;11;2021-12-18;0;0;0;0;0;0;0;0;0;0;0;0;0;0;0;0;0;0
FR;11;2021-12-19;0;0;0;0;0;0;0;0;0;0;0;0;0;0;0;0;0;0
FR;11;2021-12-20;0;0;0;0;0;0;0;0;0;0;0;0;0;0;0;0;0;0
FR;11;2021-12-21;0;0;0;0;0;0;0;0;0;0;0;0;0;0;0;0;0;0
FR;11;2021-12-22;0;0;0;0;0;0;0;0;0;0;0;0;0;0;0;0;0;0
FR;11;2021-12-23;0;0;0;0;0;0;0;0;0;0;0;0;0;0;0;0;0;0
FR;11;2021-12-24;0;0;0;0;0;0;0;0;0;0;0;0;0;0;0;0;0;0
FR;11;2021-12-25;0;0;0;0;0;0;0;0;0;0;0;0;0;0;0;0;0;0
FR;11;2021-12-26;0;0;0;0;0;0;0;0;0;0;0;0;0;0;0;0;0;0
FR;11;2021-12-27;0;0;0;0;0;0;0;0;0;0;0;0;0;0;0;0;0;0
FR;11;2021-12-28;0;0;0;0;0;0;0;0;0;0;0;0;0;0;0;0;0;0
FR;11;2021-12-29;0;0;0;0;0;0;0;0;0;0;0;0;0;0;0;0;0;0
FR;11;2021-12-30;0;0;0;0;0;0;0;0;0;0;0;0;0;0;0;0;0;0
FR;11;2021-12-31;0;0;0;0;0;0;0;0;0;0;0;0;0;0;0;0;0;0
FR;11;2022-01-01;0;0;0;0;0;0;0;0;0;0;0;0;0;0;0;0;0;0
FR;11;2022-01-02;0;0;0;0;0;0;0;0;0;0;0;0;0;0;0;0;0;0
FR;11;2022-01-03;0;0;0;0;0;0;0;0;0;0;0;0;0;0;0;0;0;0
FR;11;2022-01-04;0;0;0;0;0;0;0;0;0;0;0;0;0;0;0;0;0;0
FR;11;2022-01-05;0;0;0;0;0;0;0;0;0;0;0;0;0;0;0;0;0;0
FR;11;2022-01-06;0;0;0;0;0;0;0;0;0;0;0;0;0;0;0;0;0;0
FR;11;2022-01-07;0;0;0;0;0;0;0;0;0;0;0;0;0;0;0;0;0;0
FR;11;2022-01-08;0;0;0;0;0;0;0;0;0;0;0;0;0;0;0;0;0;0
FR;11;2022-01-09;0;0;0;0;0;0;0;0;0;0;0;0;0;0;0;0;0;0
FR;11;2022-01-10;0;0;0;0;0;0;0;0;0;0;0;0;0;0;0;0;0;0
FR;11;2022-01-11;0;0;0;0;0;0;0;0;0;0;0;0;0;0;0;0;0;0
FR;11;2022-01-12;0;0;0;0;0;0;0;0;0;0;0;0;0;0;0;0;0;0
FR;11;2022-01-13;0;0;0;0;0;0;0;0;0;0;0;0;0;0;0;0;0;0
FR;11;2022-01-14;0;0;0;0;0;0;0;0;0;0;0;0;0;0;0;0;0;0
FR;11;2022-01-15;0;0;0;0;0;0;0;0;0;0;0;0;0;0;0;0;0;0
FR;11;2022-01-16;0;0;0;0;0;0;0;0;0;0;0;0;0;0;0;0;0;0
FR;11;2022-01-17;0;0;0;0;0;0;0;0;0;0;0;0;0;0;0;0;0;0
FR;11;2022-01-18;0;0;0;0;0;0;0;0;0;0;0;0;0;0;0;0;0;0
FR;11;2022-01-19;0;0;0;0;0;0;0;0;0;0;0;0;0;0;0;0;0;0
FR;11;2022-01-20;0;0;0;0;0;0;0;0;0;0;0;0;0;0;0;0;0;0
FR;11;2022-01-21;0;0;0;0;0;0;0;0;0;0;0;0;0;0;0;0;0;0
FR;11;2022-01-22;0;0;0;0;0;0;0;0;0;0;0;0;0;0;0;0;0;0
FR;11;2022-01-23;0;0;0;0;0;0;0;0;0;0;0;0;0;0;0;0;0;0
FR;11;2022-01-24;0;0;0;0;0;0;0;0;0;0;0;0;0;0;0;0;0;0
FR;11;2022-01-25;0;0;0;0;0;0;0;0;0;0;0;0;0;0;0;0;0;0
FR;11;2022-01-26;0;0;0;0;0;0;0;0;0;0;0;0;0;0;0;0;0;0
FR;11;2022-01-27;0;0;0;0;0;0;0;0;0;0;0;0;0;0;0;0;0;0
FR;11;2022-01-28;0;0;0;0;0;0;0;0;0;0;0;0;0;0;0;0;0;0
FR;11;2022-01-29;0;0;0;0;0;0;0;0;0;0;0;0;0;0;0;0;0;0
FR;11;2022-01-30;0;0;0;0;0;0;0;0;0;0;0;0;0;0;0;0;0;0
FR;11;2022-01-31;0;0;0;0;0;0;0;0;0;0;0;0;0;0;0;0;0;0
FR;11;2022-02-01;0;0;0;0;0;0;0;0;0;0;0;0;0;0;0;0;0;0
FR;11;2022-02-02;0;0;0;0;0;0;0;0;0;0;0;0;0;0;0;0;0;0
FR;11;2022-02-03;0;0;0;0;0;0;0;0;0;0;0;0;0;0;0;0;0;0
FR;11;2022-02-04;0;0;0;0;0;0;0;0;0;0;0;0;0;0;0;0;0;0
FR;11;2022-02-05;0;0;0;0;0;0;0;0;0;0;0;0;0;0;0;0;0;0
FR;11;2022-02-06;0;0;0;0;0;0;0;0;0;0;0;0;0;0;0;0;0;0
FR;11;2022-02-07;0;0;0;0;0;0;0;0;0;0;0;0;0;0;0;0;0;0
FR;11;2022-02-08;0;0;0;0;0;0;0;0;0;0;0;0;0;0;0;0;0;0
FR;11;2022-02-09;0;0;0;0;0;0;0;0;0;0;0;0;0;0;0;0;0;0
FR;11;2022-02-10;0;0;0;0;0;0;0;0;0;0;0;0;0;0;0;0;0;0
FR;11;2022-02-11;0;0;0;0;0;0;0;0;0;0;0;0;0;0;0;0;0;0
FR;11;2022-02-12;0;0;0;0;0;0;0;0;0;0;0;0;0;0;0;0;0;0
FR;11;2022-02-13;0;0;0;0;0;0;0;0;0;0;0;0;0;0;0;0;0;0
FR;11;2022-02-14;0;0;0;0;0;0;0;0;0;0;0;0;0;0;0;0;0;0
FR;11;2022-02-15;0;0;0;0;0;0;0;0;0;0;0;0;0;0;0;0;0;0
FR;11;2022-02-16;0;0;0;0;0;0;0;0;0;0;0;0;0;0;0;0;0;0
FR;11;2022-02-17;0;0;0;0;0;0;0;0;0;0;0;0;0;0;0;0;0;0
FR;11;2022-02-18;0;0;0;0;0;0;0;0;0;0;0;0;0;0;0;0;0;0
FR;11;2022-02-19;0;0;0;0;0;0;0;0;0;0;0;0;0;0;0;0;0;0
FR;11;2022-02-20;0;0;0;0;0;0;0;0;0;0;0;0;0;0;0;0;0;0
FR;11;2022-02-21;0;0;0;0;0;0;0;0;0;0;0;0;0;0;0;0;0;0
FR;11;2022-02-22;0;0;0;0;0;0;0;0;0;0;0;0;0;0;0;0;0;0
FR;11;2022-02-23;0;0;0;0;0;0;0;0;0;0;0;0;0;0;0;0;0;0
FR;11;2022-02-24;0;0;0;0;0;0;0;0;0;0;0;0;0;0;0;0;0;0
FR;11;2022-02-25;0;0;0;0;0;0;0;0;0;0;0;0;0;0;0;0;0;0
FR;11;2022-02-26;0;0;0;0;0;0;0;0;0;0;0;0;0;0;0;0;0;0
FR;11;2022-02-27;0;0;0;0;0;0;0;0;0;0;0;0;0;0;0;0;0;0
FR;11;2022-02-28;0;0;0;0;0;0;0;0;0;0;0;0;0;0;0;0;0;0
FR;11;2022-03-01;0;0;0;0;0;0;0;0;0;0;0;0;0;0;0;0;0;0
FR;11;2022-03-02;0;0;0;0;0;0;0;0;0;0;0;0;0;0;0;0;0;0
FR;11;2022-03-03;0;0;0;0;0;0;0;0;0;0;0;0;0;0;0;0;0;0
FR;11;2022-03-04;0;0;0;0;0;0;0;0;0;0;0;0;0;0;0;0;0;0
FR;11;2022-03-05;0;0;0;0;0;0;0;0;0;0;0;0;0;0;0;0;0;0
FR;11;2022-03-06;0;0;0;0;0;0;0;0;0;0;0;0;0;0;0;0;0;0
FR;11;2022-03-07;0;0;0;0;0;0;0;0;0;0;0;0;0;0;0;0;0;0
FR;11;2022-03-08;0;0;0;0;0;0;0;0;0;0;0;0;0;0;0;0;0;0
FR;11;2022-03-09;0;0;0;0;0;0;0;0;0;0;0;0;0;0;0;0;0;0
FR;11;2022-03-10;0;0;0;0;0;0;0;0;0;0;0;0;0;0;0;0;0;0
FR;11;2022-03-11;0;0;0;0;0;0;0;0;0;0;0;0;0;0;0;0;0;0
FR;11;2022-03-12;0;0;0;0;0;0;0;0;0;0;0;0;0;0;0;0;0;0
FR;11;2022-03-13;0;0;0;0;0;0;0;0;0;0;0;0;0;0;0;0;0;0
FR;11;2022-03-14;0;0;0;0;0;0;0;0;0;0;0;0;0;0;0;0;0;0
FR;11;2022-03-15;0;0;0;0;0;0;0;0;0;0;0;0;0;0;0;0;0;0
FR;11;2022-03-16;0;0;0;0;0;0;0;0;0;0;0;0;0;0;0;0;0;0
FR;11;2022-03-17;0;0;0;0;0;0;0;0;0;0;0;0;0;0;0;0;0;0
FR;11;2022-03-18;0;0;0;0;0;0;0;0;0;0;0;0;0;0;0;0;0;0
FR;11;2022-03-19;0;0;0;0;0;0;0;0;0;0;0;0;0;0;0;0;0;0
FR;11;2022-03-20;0;0;0;0;0;0;0;0;0;0;0;0;0;0;0;0;0;0
FR;11;2022-03-21;0;0;0;0;0;0;0;0;0;0;0;0;0;0;0;0;0;0
FR;11;2022-03-22;0;0;0;0;0;0;0;0;0;0;0;0;0;0;0;0;0;0
FR;11;2022-03-23;0;0;0;0;0;0;0;0;0;0;0;0;0;0;0;0;0;0
FR;11;2022-03-24;0;0;0;0;0;0;0;0;0;0;0;0;0;0;0;0;0;0
FR;11;2022-03-25;0;0;0;0;0;0;0;0;0;0;0;0;0;0;0;0;0;0
FR;11;2022-03-26;0;0;0;0;0;0;0;0;0;0;0;0;0;0;0;0;0;0
FR;11;2022-03-27;0;0;0;0;0;0;0;0;0;0;0;0;0;0;0;0;0;0
FR;11;2022-03-28;0;0;0;0;0;0;0;0;0;0;0;0;0;0;0;0;0;0
FR;11;2022-03-29;0;0;0;0;0;0;0;0;0;0;0;0;0;0;0;0;0;0
FR;11;2022-03-30;0;0;0;0;0;0;0;0;0;0;0;0;0;0;0;0;0;0
FR;11;2022-03-31;0;0;0;0;0;0;0;0;0;0;0;0;0;0;0;0;0;0
FR;11;2022-04-01;0;0;0;0;0;0;0;0;0;0;0;0;0;0;0;0;0;0
FR;11;2022-04-02;0;0;0;0;0;0;0;0;0;0;0;0;0;0;0;0;0;0
FR;11;2022-04-03;0;0;0;0;0;0;0;0;0;0;0;0;0;0;0;0;0;0
FR;11;2022-04-04;0;0;0;0;0;0;0;0;0;0;0;0;0;0;0;0;0;0
FR;11;2022-04-05;0;0;0;0;0;0;0;0;0;0;0;0;0;0;0;0;0;0
FR;11;2022-04-06;0;0;0;0;0;0;0;0;0;0;0;0;0;0;0;0;0;0
FR;11;2022-04-07;0;0;0;0;0;0;0;0;0;0;0;0;0;0;0;0;0;0
FR;11;2022-04-08;0;0;0;0;0;0;0;0;0;0;0;0;0;0;0;0;0;0
FR;11;2022-04-09;0;0;0;0;0;0;0;0;0;0;0;0;0;0;0;0;0;0
FR;11;2022-04-10;0;0;0;0;0;0;0;0;0;0;0;0;0;0;0;0;0;0
FR;11;2022-04-11;0;0;0;0;0;0;0;0;0;0;0;0;0;0;0;0;0;0
FR;11;2022-04-12;0;0;0;0;0;0;0;0;0;0;0;0;0;0;0;0;0;0
FR;11;2022-04-13;0;0;0;0;0;0;0;0;0;0;0;0;0;0;0;0;0;0
FR;11;2022-04-14;0;0;0;0;0;0;0;0;0;0;0;0;0;0;0;0;0;0
FR;11;2022-04-15;0;0;0;0;0;0;0;0;0;0;0;0;0;0;0;0;0;0
FR;11;2022-04-16;0;0;0;0;0;0;0;0;0;0;0;0;0;0;0;0;0;0
FR;11;2022-04-17;0;0;0;0;0;0;0;0;0;0;0;0;0;0;0;0;0;0
FR;11;2022-04-18;0;0;0;0;0;0;0;0;0;0;0;0;0;0;0;0;0;0
FR;11;2022-04-19;0;0;0;0;0;0;0;0;0;0;0;0;0;0;0;0;0;0
FR;11;2022-04-20;0;0;0;0;0;0;0;0;0;0;0;0;0;0;0;0;0;0
FR;11;2022-04-21;0;0;0;0;0;0;0;0;0;0;0;0;0;0;0;0;0;0
FR;11;2022-04-22;0;0;0;0;0;0;0;0;0;0;0;0;0;0;0;0;0;0
FR;11;2022-04-23;0;0;0;0;0;0;0;0;0;0;0;0;0;0;0;0;0;0
FR;11;2022-04-24;0;0;0;0;0;0;0;0;0;0;0;0;0;0;0;0;0;0
FR;11;2022-04-25;0;0;0;0;0;0;0;0;0;0;0;0;0;0;0;0;0;0
FR;11;2022-04-26;0;0;0;0;0;0;0;0;0;0;0;0;0;0;0;0;0;0
FR;11;2022-04-27;0;0;0;0;0;0;0;0;0;0;0;0;0;0;0;0;0;0
FR;11;2022-04-28;0;0;0;0;0;0;0;0;0;0;0;0;0;0;0;0;0;0
FR;11;2022-04-29;0;0;0;0;0;0;0;0;0;0;0;0;0;0;0;0;0;0
FR;11;2022-04-30;0;0;0;0;0;0;0;0;0;0;0;0;0;0;0;0;0;0
FR;11;2022-05-01;0;0;0;0;0;0;0;0;0;0;0;0;0;0;0;0;0;0
FR;11;2022-05-02;0;0;0;0;0;0;0;0;0;0;0;0;0;0;0;0;0;0
FR;11;2022-05-03;0;0;0;0;0;0;0;0;0;0;0;0;0;0;0;0;0;0
FR;11;2022-05-04;0;0;0;0;0;0;0;0;0;0;0;0;0;0;0;0;0;0
FR;11;2022-05-05;0;0;0;0;0;0;0;0;0;0;0;0;0;0;0;0;0;0
FR;11;2022-05-06;0;0;0;0;0;0;0;0;0;0;0;0;0;0;0;0;0;0
FR;11;2022-05-07;0;0;0;0;0;0;0;0;0;0;0;0;0;0;0;0;0;0
FR;11;2022-05-08;0;0;0;0;0;0;0;0;0;0;0;0;0;0;0;0;0;0
FR;11;2022-05-09;0;0;0;0;0;0;0;0;0;0;0;0;0;0;0;0;0;0
FR;11;2022-05-10;0;0;0;0;0;0;0;0;0;0;0;0;0;0;0;0;0;0
FR;11;2022-05-11;0;0;0;0;0;0;0;0;0;0;0;0;0;0;0;0;0;0
FR;11;2022-05-12;0;0;0;0;0;0;0;0;0;0;0;0;0;0;0;0;0;0
FR;11;2022-05-13;0;0;0;0;0;0;0;0;0;0;0;0;0;0;0;0;0;0
FR;11;2022-05-14;0;0;0;0;0;0;0;0;0;0;0;0;0;0;0;0;0;0
FR;11;2022-05-15;0;0;0;0;0;0;0;0;0;0;0;0;0;0;0;0;0;0
FR;11;2022-05-16;0;0;0;0;0;0;0;0;0;0;0;0;0;0;0;0;0;0
FR;11;2022-05-17;0;0;0;0;0;0;0;0;0;0;0;0;0;0;0;0;0;0
FR;11;2022-05-18;0;0;0;0;0;0;0;0;0;0;0;0;0;0;0;0;0;0
FR;11;2022-05-19;0;0;0;0;0;0;0;0;0;0;0;0;0;0;0;0;0;0
FR;11;2022-05-20;0;0;0;0;0;0;0;0;0;0;0;0;0;0;0;0;0;0
FR;11;2022-05-21;0;0;0;0;0;0;0;0;0;0;0;0;0;0;0;0;0;0
FR;11;2022-05-22;0;0;0;0;0;0;0;0;0;0;0;0;0;0;0;0;0;0
FR;11;2022-05-23;0;0;0;0;0;0;0;0;0;0;0;0;0;0;0;0;0;0
FR;11;2022-05-24;0;0;0;0;0;0;0;0;0;0;0;0;0;0;0;0;0;0
FR;11;2022-05-25;0;0;0;0;0;0;0;0;0;0;0;0;0;0;0;0;0;0
FR;11;2022-05-26;0;0;0;0;0;0;0;0;0;0;0;0;0;0;0;0;0;0
FR;11;2022-05-27;0;0;0;0;0;0;0;0;0;0;0;0;0;0;0;0;0;0
FR;11;2022-05-28;0;0;0;0;0;0;0;0;0;0;0;0;0;0;0;0;0;0
FR;11;2022-05-29;0;0;0;0;0;0;0;0;0;0;0;0;0;0;0;0;0;0
FR;11;2022-05-30;0;0;0;0;0;0;0;0;0;0;0;0;0;0;0;0;0;0
FR;11;2022-05-31;0;0;0;0;0;0;0;0;0;0;0;0;0;0;0;0;0;0
FR;11;2022-06-01;0;0;0;0;0;0;0;0;0;0;0;0;0;0;0;0;0;0
FR;11;2022-06-02;0;0;0;0;0;0;0;0;0;0;0;0;0;0;0;0;0;0
FR;11;2022-06-03;0;0;0;0;0;0;0;0;0;0;0;0;0;0;0;0;0;0
FR;11;2022-06-04;0;0;0;0;0;0;0;0;0;0;0;0;0;0;0;0;0;0
FR;11;2022-06-05;0;0;0;0;0;0;0;0;0;0;0;0;0;0;0;0;0;0
FR;11;2022-06-06;0;0;0;0;0;0;0;0;0;0;0;0;0;0;0;0;0;0
FR;11;2022-06-07;0;0;0;0;0;0;0;0;0;0;0;0;0;0;0;0;0;0
FR;11;2022-06-08;0;0;0;0;0;0;0;0;0;0;0;0;0;0;0;0;0;0
FR;11;2022-06-09;0;0;0;0;0;0;0;0;0;0;0;0;0;0;0;0;0;0
FR;11;2022-06-10;0;0;0;0;0;0;0;0;0;0;0;0;0;0;0;0;0;0
FR;11;2022-06-11;0;0;0;0;0;0;0;0;0;0;0;0;0;0;0;0;0;0
FR;11;2022-06-12;0;0;0;0;0;0;0;0;0;0;0;0;0;0;0;0;0;0
FR;11;2022-06-13;0;0;0;0;0;0;0;0;0;0;0;0;0;0;0;0;0;0
FR;11;2022-06-14;0;0;0;0;0;0;0;0;0;0;0;0;0;0;0;0;0;0
FR;11;2022-06-15;0;0;0;0;0;0;0;0;0;0;0;0;0;0;0;0;0;0
FR;11;2022-06-16;0;0;0;0;0;0;0;0;0;0;0;0;0;0;0;0;0;0
FR;11;2022-06-17;0;0;0;0;0;0;0;0;0;0;0;0;0;0;0;0;0;0
FR;11;2022-06-18;0;0;0;0;0;0;0;0;0;0;0;0;0;0;0;0;0;0
FR;11;2022-06-19;0;0;0;0;0;0;0;0;0;0;0;0;0;0;0;0;0;0
FR;11;2022-06-20;0;0;0;0;0;0;0;0;0;0;0;0;0;0;0;0;0;0
FR;11;2022-06-21;0;0;0;0;0;0;0;0;0;0;0;0;0;0;0;0;0;0
FR;11;2022-06-22;0;0;0;0;0;0;0;0;0;0;0;0;0;0;0;0;0;0
FR;11;2022-06-23;0;0;0;0;0;0;0;0;0;0;0;0;0;0;0;0;0;0
FR;11;2022-06-24;0;0;0;0;0;0;0;0;0;0;0;0;0;0;0;0;0;0
FR;11;2022-06-25;0;0;0;0;0;0;0;0;0;0;0;0;0;0;0;0;0;0
FR;11;2022-06-26;0;0;0;0;0;0;0;0;0;0;0;0;0;0;0;0;0;0
FR;11;2022-06-27;0;0;0;0;0;0;0;0;0;0;0;0;0;0;0;0;0;0
FR;11;2022-06-28;0;0;0;0;0;0;0;0;0;0;0;0;0;0;0;0;0;0
FR;11;2022-06-29;0;0;0;0;0;0;0;0;0;0;0;0;0;0;0;0;0;0
FR;11;2022-06-30;0;0;0;0;0;0;0;0;0;0;0;0;0;0;0;0;0;0
FR;11;2022-07-01;0;0;0;0;0;0;0;0;0;0;0;0;0;0;0;0;0;0
FR;11;2022-07-02;0;0;0;0;0;0;0;0;0;0;0;0;0;0;0;0;0;0
FR;11;2022-07-03;0;0;0;0;0;0;0;0;0;0;0;0;0;0;0;0;0;0
FR;11;2022-07-04;0;0;0;0;0;0;0;0;0;0;0;0;0;0;0;0;0;0
FR;11;2022-07-05;0;0;0;0;0;0;0;0;0;0;0;0;0;0;0;0;0;0
FR;11;2022-07-06;0;0;0;0;0;0;0;0;0;0;0;0;0;0;0;0;0;0
FR;11;2022-07-07;0;0;0;0;0;0;0;0;0;0;0;0;0;0;0;0;0;0
FR;11;2022-07-08;0;0;0;0;0;0;0;0;0;0;0;0;0;0;0;0;0;0
FR;11;2022-07-09;0;0;0;0;0;0;0;0;0;0;0;0;0;0;0;0;0;0
FR;11;2022-07-10;0;0;0;0;0;0;0;0;0;0;0;0;0;0;0;0;0;0
FR;11;2022-07-11;0;0;0;0;0;0;0;0;0;0;0;0;0;0;0;0;0;0
FR;11;2022-07-12;0;0;0;0;0;0;0;0;0;0;0;0;0;0;0;0;0;0
FR;11;2022-07-13;0;0;0;0;0;0;0;0;0;0;0;0;0;0;0;0;0;0
FR;11;2022-07-14;0;0;0;0;0;0;0;0;0;0;0;0;0;0;0;0;0;0
FR;11;2022-07-15;0;0;0;0;0;0;0;0;0;0;0;0;0;0;0;0;0;0
FR;11;2022-07-16;0;0;0;0;0;0;0;0;0;0;0;0;0;0;0;0;0;0
FR;11;2022-07-17;0;0;0;0;0;0;0;0;0;0;0;0;0;0;0;0;0;0
FR;11;2022-07-18;0;0;0;0;0;0;0;0;0;0;0;0;0;0;0;0;0;0
FR;11;2022-07-19;0;0;0;0;0;0;0;0;0;0;0;0;0;0;0;0;0;0
FR;11;2022-07-20;0;0;0;0;0;0;0;0;0;0;0;0;0;0;0;0;0;0
FR;11;2022-07-21;0;0;0;0;0;0;0;0;0;0;0;0;0;0;0;0;0;0
FR;11;2022-07-22;0;0;0;0;0;0;0;0;0;0;0;0;0;0;0;0;0;0
FR;11;2022-07-23;0;0;0;0;0;0;0;0;0;0;0;0;0;0;0;0;0;0
FR;11;2022-07-24;0;0;0;0;0;0;0;0;0;0;0;0;0;0;0;0;0;0
FR;11;2022-07-25;0;0;0;0;0;0;0;0;0;0;0;0;0;0;0;0;0;0
FR;11;2022-07-26;0;0;0;0;0;0;0;0;0;0;0;0;0;0;0;0;0;0
FR;11;2022-07-27;0;0;0;0;0;0;0;0;0;0;0;0;0;0;0;0;0;0
FR;11;2022-07-28;0;0;0;0;0;0;0;0;0;0;0;0;0;0;0;0;0;0
FR;11;2022-07-29;0;0;0;0;0;0;0;0;0;0;0;0;0;0;0;0;0;0
FR;11;2022-07-30;0;0;0;0;0;0;0;0;0;0;0;0;0;0;0;0;0;0
FR;11;2022-07-31;0;0;0;0;0;0;0;0;0;0;0;0;0;0;0;0;0;0
FR;11;2022-08-01;0;0;0;0;0;0;0;0;0;0;0;0;0;0;0;0;0;0
FR;11;2022-08-02;0;0;0;0;0;0;0;0;0;0;0;0;0;0;0;0;0;0
FR;11;2022-08-03;0;0;0;0;0;0;0;0;0;0;0;0;0;0;0;0;0;0
FR;11;2022-08-04;0;0;0;0;0;0;0;0;0;0;0;0;0;0;0;0;0;0
FR;11;2022-08-05;0;0;0;0;0;0;0;0;0;0;0;0;0;0;0;0;0;0
FR;11;2022-08-06;0;0;0;0;0;0;0;0;0;0;0;0;0;0;0;0;0;0
FR;11;2022-08-07;0;0;0;0;0;0;0;0;0;0;0;0;0;0;0;0;0;0
FR;11;2022-08-08;0;0;0;0;0;0;0;0;0;0;0;0;0;0;0;0;0;0
FR;11;2022-08-09;0;0;0;0;0;0;0;0;0;0;0;0;0;0;0;0;0;0
FR;11;2022-08-10;0;0;0;0;0;0;0;0;0;0;0;0;0;0;0;0;0;0
FR;11;2022-08-11;0;0;0;0;0;0;0;0;0;0;0;0;0;0;0;0;0;0
FR;11;2022-08-12;0;0;0;0;0;0;0;0;0;0;0;0;0;0;0;0;0;0
FR;11;2022-08-13;0;0;0;0;0;0;0;0;0;0;0;0;0;0;0;0;0;0
FR;11;2022-08-14;0;0;0;0;0;0;0;0;0;0;0;0;0;0;0;0;0;0
FR;11;2022-08-15;0;0;0;0;0;0;0;0;0;0;0;0;0;0;0;0;0;0
FR;11;2022-08-16;0;0;0;0;0;0;0;0;0;0;0;0;0;0;0;0;0;0
FR;11;2022-08-17;0;0;0;0;0;0;0;0;0;0;0;0;0;0;0;0;0;0
FR;11;2022-08-18;0;0;0;0;0;0;0;0;0;0;0;0;0;0;0;0;0;0
FR;11;2022-08-19;0;0;0;0;0;0;0;0;0;0;0;0;0;0;0;0;0;0
FR;11;2022-08-20;0;0;0;0;0;0;0;0;0;0;0;0;0;0;0;0;0;0
FR;11;2022-08-21;0;0;0;0;0;0;0;0;0;0;0;0;0;0;0;0;0;0
FR;11;2022-08-22;0;0;0;0;0;0;0;0;0;0;0;0;0;0;0;0;0;0
FR;11;2022-08-23;0;0;0;0;0;0;0;0;0;0;0;0;0;0;0;0;0;0
FR;11;2022-08-24;0;0;0;0;0;0;0;0;0;0;0;0;0;0;0;0;0;0
FR;11;2022-08-25;0;0;0;0;0;0;0;0;0;0;0;0;0;0;0;0;0;0
FR;11;2022-08-26;0;0;0;0;0;0;0;0;0;0;0;0;0;0;0;0;0;0
FR;11;2022-08-27;0;0;0;0;0;0;0;0;0;0;0;0;0;0;0;0;0;0
FR;11;2022-08-28;0;0;0;0;0;0;0;0;0;0;0;0;0;0;0;0;0;0
FR;11;2022-08-29;0;0;0;0;0;0;0;0;0;0;0;0;0;0;0;0;0;0
FR;11;2022-08-30;0;0;0;0;0;0;0;0;0;0;0;0;0;0;0;0;0;0
FR;11;2022-08-31;0;0;0;0;0;0;0;0;0;0;0;0;0;0;0;0;0;0
FR;11;2022-09-01;0;0;0;0;0;0;0;0;0;0;0;0;0;0;0;0;0;0
FR;11;2022-09-02;0;0;0;0;0;0;0;0;0;0;0;0;0;0;0;0;0;0
FR;11;2022-09-03;0;0;0;0;0;0;0;0;0;0;0;0;0;0;0;0;0;0
FR;11;2022-09-04;0;0;0;0;0;0;0;0;0;0;0;0;0;0;0;0;0;0
FR;11;2022-09-05;0;0;0;0;0;0;0;0;0;0;0;0;0;0;0;0;0;0
FR;11;2022-09-06;0;0;0;0;0;0;0;0;0;0;0;0;0;0;0;0;0;0
FR;11;2022-09-07;0;0;0;0;0;0;0;0;0;0;0;0;0;0;0;0;0;0
FR;11;2022-09-08;0;0;0;0;0;0;0;0;0;0;0;0;0;0;0;0;0;0
FR;11;2022-09-09;0;0;0;0;0;0;0;0;0;0;0;0;0;0;0;0;0;0
FR;11;2022-09-10;0;0;0;0;0;0;0;0;0;0;0;0;0;0;0;0;0;0
FR;11;2022-09-11;0;0;0;0;0;0;0;0;0;0;0;0;0;0;0;0;0;0
FR;11;2022-09-12;0;0;0;0;0;0;0;0;0;0;0;0;0;0;0;0;0;0
FR;11;2022-09-13;0;0;0;0;0;0;0;0;0;0;0;0;0;0;0;0;0;0
FR;11;2022-09-14;0;0;0;0;0;0;0;0;0;0;0;0;0;0;0;0;0;0
FR;11;2022-09-15;0;0;0;0;0;0;0;0;0;0;0;0;0;0;0;0;0;0
FR;11;2022-09-16;0;0;0;0;0;0;0;0;0;0;0;0;0;0;0;0;0;0
FR;11;2022-09-17;0;0;0;0;0;0;0;0;0;0;0;0;0;0;0;0;0;0
FR;11;2022-09-18;0;0;0;0;0;0;0;0;0;0;0;0;0;0;0;0;0;0
FR;11;2022-09-19;0;0;0;0;0;0;0;0;0;0;0;0;0;0;0;0;0;0
FR;11;2022-09-20;0;0;0;0;0;0;0;0;0;0;0;0;0;0;0;0;0;0
FR;11;2022-09-21;0;0;0;0;0;0;0;0;0;0;0;0;0;0;0;0;0;0
FR;11;2022-09-22;0;0;0;0;0;0;0;0;0;0;0;0;0;0;0;0;0;0
FR;11;2022-09-23;0;0;0;0;0;0;0;0;0;0;0;0;0;0;0;0;0;0
FR;11;2022-09-24;0;0;0;0;0;0;0;0;0;0;0;0;0;0;0;0;0;0
FR;11;2022-09-25;0;0;0;0;0;0;0;0;0;0;0;0;0;0;0;0;0;0
FR;11;2022-09-26;0;0;0;0;0;0;0;0;0;0;0;0;0;0;0;0;0;0
FR;11;2022-09-27;0;0;0;0;0;0;0;0;0;0;0;0;0;0;0;0;0;0
FR;11;2022-09-28;0;0;0;0;0;0;0;0;0;0;0;0;0;0;0;0;0;0
FR;11;2022-09-29;0;0;0;0;0;0;0;0;0;0;0;0;0;0;0;0;0;0
FR;11;2022-09-30;0;0;0;0;0;0;0;0;0;0;0;0;0;0;0;0;0;0
FR;11;2022-10-01;0;0;0;0;0;0;0;0;0;0;0;0;0;0;0;0;0;0
FR;11;2022-10-02;0;0;0;0;0;0;0;0;0;0;0;0;0;0;0;0;0;0
FR;11;2022-10-03;0;0;0;0;0;0;0;0;0;0;0;0;0;0;0;0;0;0
FR;11;2022-10-04;0;0;0;0;0;0;0;0;0;0;0;0;0;0;0;0;0;0
FR;11;2022-10-05;0;0;0;0;0;0;0;0;0;0;0;0;0;0;0;0;0;0
FR;11;2022-10-06;0;0;0;0;0;0;0;0;0;0;0;0;0;0;0;0;0;0
FR;11;2022-10-07;0;0;0;0;0;0;0;0;0;0;0;0;0;0;0;0;0;0
FR;11;2022-10-08;0;0;0;0;0;0;0;0;0;0;0;0;0;0;0;0;0;0
FR;11;2022-10-09;0;0;0;0;0;0;0;0;0;0;0;0;0;0;0;0;0;0
FR;11;2022-10-10;0;0;0;0;0;0;0;0;0;0;0;0;0;0;0;0;0;0
FR;11;2022-10-11;0;0;0;0;0;0;0;0;0;0;0;0;0;0;0;0;0;0
FR;11;2022-10-12;0;0;0;0;0;0;0;0;0;0;0;0;0;0;0;0;0;0
FR;11;2022-10-13;0;0;0;0;0;0;0;0;0;0;0;0;0;0;0;0;0;0
FR;11;2022-10-14;0;0;0;0;0;0;0;0;0;0;0;0;0;0;0;0;0;0
FR;11;2022-10-15;0;0;0;0;0;0;0;0;0;0;0;0;0;0;0;0;0;0
FR;11;2022-10-16;0;0;0;0;0;0;0;0;0;0;0;0;0;0;0;0;0;0
FR;11;2022-10-17;0;0;0;0;0;0;0;0;0;0;0;0;0;0;0;0;0;0
FR;11;2022-10-18;0;0;0;0;0;0;0;0;0;0;0;0;0;0;0;0;0;0
FR;11;2022-10-19;0;0;0;0;0;0;0;0;0;0;0;0;0;0;0;0;0;0
FR;11;2022-10-20;0;0;0;0;0;0;0;0;0;0;0;0;0;0;0;0;0;0
FR;11;2022-10-21;0;0;0;0;0;0;0;0;0;0;0;0;0;0;0;0;0;0
FR;11;2022-10-22;0;0;0;0;0;0;0;0;0;0;0;0;0;0;0;0;0;0
FR;11;2022-10-23;0;0;0;0;0;0;0;0;0;0;0;0;0;0;0;0;0;0
FR;11;2022-10-24;0;0;0;0;0;0;0;0;0;0;0;0;0;0;0;0;0;0
FR;11;2022-10-25;0;0;0;0;0;0;0;0;0;0;0;0;0;0;0;0;0;0
FR;11;2022-10-26;0;0;0;0;0;0;0;0;0;0;0;0;0;0;0;0;0;0
FR;11;2022-10-27;0;0;0;0;0;0;0;0;0;0;0;0;0;0;0;0;0;0
FR;11;2022-10-28;0;0;0;0;0;0;0;0;0;0;0;0;0;0;0;0;0;0
FR;11;2022-10-29;0;0;0;0;0;0;0;0;0;0;0;0;0;0;0;0;0;0
FR;11;2022-10-30;0;0;0;0;0;0;0;0;0;0;0;0;0;0;0;0;0;0
FR;11;2022-10-31;0;0;0;0;0;0;0;0;0;0;0;0;0;0;0;0;0;0
FR;11;2022-11-01;0;0;0;0;0;0;0;0;0;0;0;0;0;0;0;0;0;0
FR;11;2022-11-02;0;0;0;0;0;0;0;0;0;0;0;0;0;0;0;0;0;0
FR;11;2022-11-03;0;0;0;0;0;0;0;0;0;0;0;0;0;0;0;0;0;0
FR;11;2022-11-04;0;0;0;0;0;0;0;0;0;0;0;0;0;0;0;0;0;0
FR;11;2022-11-05;0;0;0;0;0;0;0;0;0;0;0;0;0;0;0;0;0;0
FR;11;2022-11-06;0;0;0;0;0;0;0;0;0;0;0;0;0;0;0;0;0;0
FR;11;2022-11-07;0;0;0;0;0;0;0;0;0;0;0;0;0;0;0;0;0;0
FR;11;2022-11-08;0;0;0;0;0;0;0;0;0;0;0;0;0;0;0;0;0;0
FR;11;2022-11-09;0;0;0;0;0;0;0;0;0;0;0;0;0;0;0;0;0;0
FR;11;2022-11-10;0;0;0;0;0;0;0;0;0;0;0;0;0;0;0;0;0;0
FR;11;2022-11-11;0;0;0;0;0;0;0;0;0;0;0;0;0;0;0;0;0;0
FR;11;2022-11-12;0;0;0;0;0;0;0;0;0;0;0;0;0;0;0;0;0;0
FR;11;2022-11-13;0;0;0;0;0;0;0;0;0;0;0;0;0;0;0;0;0;0
FR;11;2022-11-14;0;0;0;0;0;0;0;0;0;0;0;0;0;0;0;0;0;0
FR;11;2022-11-15;0;0;0;0;0;0;0;0;0;0;0;0;0;0;0;0;0;0
FR;11;2022-11-16;0;0;0;0;0;0;0;0;0;0;0;0;0;0;0;0;0;0
FR;11;2022-11-17;0;0;0;0;0;0;0;0;0;0;0;0;0;0;0;0;0;0
FR;11;2022-11-18;0;0;0;0;0;0;0;0;0;0;0;0;0;0;0;0;0;0
FR;11;2022-11-19;0;0;0;0;0;0;0;0;0;0;0;0;0;0;0;0;0;0
FR;11;2022-11-20;0;0;0;0;0;0;0;0;0;0;0;0;0;0;0;0;0;0
FR;11;2022-11-21;0;0;0;0;0;0;0;0;0;0;0;0;0;0;0;0;0;0
FR;11;2022-11-22;0;0;0;0;0;0;0;0;0;0;0;0;0;0;0;0;0;0
FR;11;2022-11-23;0;0;0;0;0;0;0;0;0;0;0;0;0;0;0;0;0;0
FR;11;2022-11-24;0;0;0;0;0;0;0;0;0;0;0;0;0;0;0;0;0;0
FR;11;2022-11-25;0;0;0;0;0;0;0;0;0;0;0;0;0;0;0;0;0;0
FR;11;2022-11-26;0;0;0;0;0;0;0;0;0;0;0;0;0;0;0;0;0;0
FR;11;2022-11-27;0;0;0;0;0;0;0;0;0;0;0;0;0;0;0;0;0;0
FR;11;2022-11-28;0;0;0;0;0;0;0;0;0;0;0;0;0;0;0;0;0;0
FR;11;2022-11-29;0;0;0;0;0;0;0;0;0;0;0;0;0;0;0;0;0;0
FR;11;2022-11-30;0;0;0;0;0;0;0;0;0;0;0;0;0;0;0;0;0;0
FR;11;2022-12-01;0;0;0;0;0;0;0;0;0;0;0;0;0;0;0;0;0;0
FR;11;2022-12-02;0;0;0;0;0;0;0;0;0;0;0;0;0;0;0;0;0;0
FR;11;2022-12-03;0;0;0;0;0;0;0;0;0;0;0;0;0;0;0;0;0;0
FR;11;2022-12-04;0;0;0;0;0;0;0;0;0;0;0;0;0;0;0;0;0;0
FR;11;2022-12-05;0;0;0;0;0;0;0;0;0;0;0;0;0;0;0;0;0;0
FR;11;2022-12-06;0;0;0;0;0;0;0;0;0;0;0;0;0;0;0;0;0;0
FR;11;2022-12-07;0;0;0;0;0;0;0;0;0;0;0;0;0;0;0;0;0;0
FR;11;2022-12-08;0;0;0;0;0;0;0;0;0;0;0;0;0;0;0;0;0;0
FR;11;2022-12-09;0;0;0;0;0;0;0;0;0;0;0;0;0;0;0;0;0;0
FR;11;2022-12-10;0;0;0;0;0;0;0;0;0;0;0;0;0;0;0;0;0;0
FR;11;2022-12-11;0;0;0;0;0;0;0;0;0;0;0;0;0;0;0;0;0;0
FR;11;2022-12-12;0;0;0;0;0;0;0;0;0;0;0;0;0;0;0;0;0;0
FR;11;2022-12-13;0;0;0;0;0;0;0;0;0;0;0;0;0;0;0;0;0;0
FR;11;2022-12-14;0;0;0;0;0;0;0;0;0;0;0;0;0;0;0;0;0;0
FR;11;2022-12-15;0;0;0;0;0;0;0;0;0;0;0;0;0;0;0;0;0;0
FR;11;2022-12-16;0;0;0;0;0;0;0;0;0;0;0;0;0;0;0;0;0;0
FR;11;2022-12-17;0;0;0;0;0;0;0;0;0;0;0;0;0;0;0;0;0;0
FR;11;2022-12-18;0;0;0;0;0;0;0;0;0;0;0;0;0;0;0;0;0;0
FR;11;2022-12-19;0;0;0;0;0;0;0;0;0;0;0;0;0;0;0;0;0;0
FR;11;2022-12-20;0;0;0;0;0;0;0;0;0;0;0;0;0;0;0;0;0;0
FR;11;2022-12-21;0;0;0;0;0;0;0;0;0;0;0;0;0;0;0;0;0;0
FR;11;2022-12-22;0;0;0;0;0;0;0;0;0;0;0;0;0;0;0;0;0;0
FR;11;2022-12-23;0;0;0;0;0;0;0;0;0;0;0;0;0;0;0;0;0;0
FR;11;2022-12-24;0;0;0;0;0;0;0;0;0;0;0;0;0;0;0;0;0;0
FR;11;2022-12-25;0;0;0;0;0;0;0;0;0;0;0;0;0;0;0;0;0;0
FR;11;2022-12-26;0;0;0;0;0;0;0;0;0;0;0;0;0;0;0;0;0;0
FR;11;2022-12-27;0;0;0;0;0;0;0;0;0;0;0;0;0;0;0;0;0;0
FR;11;2022-12-28;0;0;0;0;0;0;0;0;0;0;0;0;0;0;0;0;0;0
FR;11;2022-12-29;0;0;0;0;0;0;0;0;0;0;0;0;0;0;0;0;0;0
FR;11;2022-12-30;0;0;0;0;0;0;0;0;0;0;0;0;0;0;0;0;0;0
FR;11;2022-12-31;0;0;0;0;0;0;0;0;0;0;0;0;0;0;0;0;0;0
FR;11;2023-01-01;0;0;0;0;0;0;0;0;0;0;0;0;0;0;0;0;0;0
FR;11;2023-01-02;0;0;0;0;0;0;0;0;0;0;0;0;0;0;0;0;0;0
FR;11;2023-01-03;0;0;0;0;0;0;0;0;0;0;0;0;0;0;0;0;0;0
FR;11;2023-01-04;0;0;0;0;0;0;0;0;0;0;0;0;0;0;0;0;0;0
FR;11;2023-01-05;0;0;0;0;0;0;0;0;0;0;0;0;0;0;0;0;0;0
FR;11;2023-01-06;0;0;0;0;0;0;0;0;0;0;0;0;0;0;0;0;0;0
FR;11;2023-01-07;0;0;0;0;0;0;0;0;0;0;0;0;0;0;0;0;0;0
FR;11;2023-01-08;0;0;0;0;0;0;0;0;0;0;0;0;0;0;0;0;0;0
FR;11;2023-01-09;0;0;0;0;0;0;0;0;0;0;0;0;0;0;0;0;0;0
FR;11;2023-01-10;0;0;0;0;0;0;0;0;0;0;0;0;0;0;0;0;0;0
FR;11;2023-01-11;0;0;0;0;0;0;0;0;0;0;0;0;0;0;0;0;0;0
FR;11;2023-01-12;0;0;0;0;0;0;0;0;0;0;0;0;0;0;0;0;0;0
FR;11;2023-01-13;0;0;0;0;0;0;0;0;0;0;0;0;0;0;0;0;0;0
FR;11;2023-01-14;0;0;0;0;0;0;0;0;0;0;0;0;0;0;0;0;0;0
FR;11;2023-01-15;0;0;0;0;0;0;0;0;0;0;0;0;0;0;0;0;0;0
FR;11;2023-01-16;0;0;0;0;0;0;0;0;0;0;0;0;0;0;0;0;0;0
FR;11;2023-01-17;0;0;0;0;0;0;0;0;0;0;0;0;0;0;0;0;0;0
FR;11;2023-01-18;0;0;0;0;0;0;0;0;0;0;0;0;0;0;0;0;0;0
FR;11;2023-01-19;0;0;0;0;0;0;0;0;0;0;0;0;0;0;0;0;0;0
FR;11;2023-01-20;0;0;0;0;0;0;0;0;0;0;0;0;0;0;0;0;0;0
FR;11;2023-01-21;0;0;0;0;0;0;0;0;0;0;0;0;0;0;0;0;0;0
FR;11;2023-01-22;0;0;0;0;0;0;0;0;0;0;0;0;0;0;0;0;0;0
FR;11;2023-01-23;0;0;0;0;0;0;0;0;0;0;0;0;0;0;0;0;0;0
FR;11;2023-01-24;0;0;0;0;0;0;0;0;0;0;0;0;0;0;0;0;0;0
FR;11;2023-01-25;0;0;0;0;0;0;0;0;0;0;0;0;0;0;0;0;0;0
FR;11;2023-01-26;0;0;0;0;0;0;0;0;0;0;0;0;0;0;0;0;0;0
FR;11;2023-01-27;0;0;0;0;0;0;0;0;0;0;0;0;0;0;0;0;0;0
FR;11;2023-01-28;0;0;0;0;0;0;0;0;0;0;0;0;0;0;0;0;0;0
FR;11;2023-01-29;0;0;0;0;0;0;0;0;0;0;0;0;0;0;0;0;0;0
FR;11;2023-01-30;0;0;0;0;0;0;0;0;0;0;0;0;0;0;0;0;0;0
FR;11;2023-01-31;0;0;0;0;0;0;0;0;0;0;0;0;0;0;0;0;0;0
FR;11;2023-02-01;0;0;0;0;0;0;0;0;0;0;0;0;0;0;0;0;0;0
FR;11;2023-02-02;0;0;0;0;0;0;0;0;0;0;0;0;0;0;0;0;0;0
FR;11;2023-02-03;0;0;0;0;0;0;0;0;0;0;0;0;0;0;0;0;0;0
FR;11;2023-02-04;0;0;0;0;0;0;0;0;0;0;0;0;0;0;0;0;0;0
FR;11;2023-02-05;0;0;0;0;0;0;0;0;0;0;0;0;0;0;0;0;0;0
FR;11;2023-02-06;1;0;0;0;0;0;0;0;0;1;0;0;0;0;0;0;0;0
FR;11;2023-02-07;0;0;0;0;0;0;0;0;0;1;0;0;0;0;0;0;0;0
FR;11;2023-02-08;2;0;0;0;0;0;0;0;0;3;0;0;0;0;0;0;0;0
FR;11;2023-02-09;2;0;0;0;0;0;0;0;0;5;0;0;0;0;0;0;0;0
FR;11;2023-02-10;0;0;0;0;0;0;0;0;0;5;0;0;0;0;0;0;0;0
FR;11;2023-02-11;0;0;0;0;0;0;0;0;0;5;0;0;0;0;0;0;0;0
FR;11;2023-02-12;0;0;0;0;0;0;0;0;0;5;0;0;0;0;0;0;0;0
FR;11;2023-02-13;2;0;0;0;0;0;0;0;0;7;0;0;0;0;0;0;0;0
FR;11;2023-02-14;0;0;0;0;0;0;0;0;0;7;0;0;0;0;0;0;0;0
FR;11;2023-02-15;2;0;0;0;0;0;0;0;0;9;0;0;0;0;0;0;0;0
FR;11;2023-02-16;0;0;0;0;0;0;0;0;0;9;0;0;0;0;0;0;0;0
FR;11;2023-02-17;0;0;0;0;0;0;0;0;0;9;0;0;0;0;0;0;0;0
FR;11;2023-02-18;0;0;0;0;0;0;0;0;0;9;0;0;0;0;0;0;0;0
FR;11;2023-02-19;0;0;0;0;0;0;0;0;0;9;0;0;0;0;0;0;0;0
FR;11;2023-02-20;0;0;0;0;0;0;0;0;0;9;0;0;0;0;0;0;0;0
FR;11;2023-02-21;1;0;0;0;0;0;0;0;0;10;0;0;0;0;0;0;0;0
FR;11;2023-02-22;0;0;0;0;0;0;0;0;0;10;0;0;0;0;0;0;0;0
FR;11;2023-02-23;0;0;0;0;0;0;0;0;0;10;0;0;0;0;0;0;0;0
FR;11;2023-02-24;0;0;0;0;0;0;0;0;0;10;0;0;0;0;0;0;0;0
FR;11;2023-02-25;0;0;0;0;0;0;0;0;0;10;0;0;0;0;0;0;0;0
FR;11;2023-02-26;0;0;2;0;0;2;0;0;0;10;0;2;0;0;2;0;0;0
FR;11;2023-02-27;0;0;0;0;0;0;0;0;0;10;0;2;0;0;2;0;0;0
FR;11;2023-02-28;1;1;0;0;1;0;0;0;0;11;1;2;0;1;2;0;0;0
FR;11;2023-03-01;0;1;0;0;1;0;0;0;0;11;2;2;0;2;2;0;0;0
FR;11;2023-03-02;0;0;0;0;0;0;0;0;0;11;2;2;0;2;2;0;0;0
FR;11;2023-03-03;0;0;0;0;0;0;0;0;0;11;2;2;0;2;2;0;0;0
FR;11;2023-03-04;2;1;0;0;1;0;0;0;0;13;3;2;0;3;2;0;0;0
FR;11;2023-03-05;0;0;0;0;0;0;0;0;0;13;3;2;0;3;2;0;0;0
FR;11;2023-03-06;4;0;1;0;1;1;0;0;0;17;3;3;0;4;3;0;0;0
FR;11;2023-03-07;0;1;0;0;1;0;0;0;0;17;4;3;0;5;3;0;0;0
FR;11;2023-03-08;1;1;0;0;1;0;0;0;0;18;5;3;0;6;3;0;0;0
FR;11;2023-03-09;0;0;0;0;0;0;0;0;0;18;5;3;0;6;3;0;0;0
FR;11;2023-03-10;0;0;0;0;0;0;0;0;0;18;5;3;0;6;3;0;0;0
FR;11;2023-03-11;2;0;0;0;0;0;0;0;0;20;5;3;0;6;3;0;0;0
FR;11;2023-03-12;0;1;0;0;1;0;0;0;0;20;6;3;0;7;3;0;0;0
FR;11;2023-03-13;0;0;0;0;0;0;0;0;0;20;6;3;0;7;3;0;0;0
FR;11;2023-03-14;0;0;0;0;0;0;0;0;0;20;6;3;0;7;3;0;0;0
FR;11;2023-03-15;0;1;0;0;1;0;0;0;0;20;7;3;0;8;3;0;0;0
FR;11;2023-03-16;0;0;0;0;0;0;0;0;0;20;7;3;0;8;3;0;0;0
FR;11;2023-03-17;0;0;0;0;0;0;0;0;0;20;7;3;0;8;3;0;0;0
FR;11;2023-03-18;1;0;0;0;0;0;0;0;0;21;7;3;0;8;3;0;0;0
FR;11;2023-03-19;0;0;0;0;0;0;0;0;0;21;7;3;0;8;3;0;0;0
FR;11;2023-03-20;0;0;0;0;0;0;0;0;0;21;7;3;0;8;3;0;0;0
FR;11;2023-03-21;1;0;0;0;0;0;0;0;0;22;7;3;0;8;3;0;0;0
FR;11;2023-03-22;2;0;0;0;0;0;0;0;0;24;7;3;0;8;3;0;0;0
FR;11;2023-03-23;0;0;0;1;0;0;1;0;0;24;7;3;1;8;3;1;0;0
FR;11;2023-03-24;0;0;0;0;0;0;0;0;0;24;7;3;1;8;3;1;0;0
FR;11;2023-03-25;1;1;0;0;1;0;0;0;0;25;8;3;1;9;3;1;0;0
FR;11;2023-03-26;0;0;0;0;0;0;0;0;0;25;8;3;1;9;3;1;0;0
FR;11;2023-03-27;0;1;0;0;0;1;0;0;0;25;9;3;1;9;4;1;0;0
FR;11;2023-03-28;0;0;0;0;0;0;0;0;0;25;9;3;1;9;4;1;0;0
FR;11;2023-03-29;0;1;0;0;1;0;0;0;0;25;10;3;1;10;4;1;0;0
FR;11;2023-03-30;1;1;0;0;1;0;0;0;0;26;11;3;1;11;4;1;0;0
FR;11;2023-03-31;0;0;0;0;0;0;0;0;0;26;11;3;1;11;4;1;0;0
FR;11;2023-04-01;0;2;0;0;2;0;0;0;0;26;13;3;1;13;4;1;0;0
FR;11;2023-04-02;0;0;0;0;0;0;0;0;0;26;13;3;1;13;4;1;0;0
FR;11;2023-04-03;0;3;0;0;3;0;0;0;0;26;16;3;1;16;4;1;0;0
FR;11;2023-04-04;0;0;0;0;0;0;0;0;0;26;16;3;1;16;4;1;0;0
FR;11;2023-04-05;0;0;0;0;0;0;0;0;0;26;16;3;1;16;4;1;0;0
FR;11;2023-04-06;0;0;0;0;0;0;0;0;0;26;16;3;1;16;4;1;0;0
FR;11;2023-04-07;0;1;0;0;1;0;0;0;0;26;17;3;1;17;4;1;0;0
FR;11;2023-04-08;0;0;0;0;0;0;0;0;0;26;17;3;1;17;4;1;0;0
FR;11;2023-04-09;0;0;0;0;0;0;0;0;0;26;17;3;1;17;4;1;0;0
FR;11;2023-04-10;0;0;0;0;0;0;0;0;0;26;17;3;1;17;4;1;0;0
FR;11;2023-04-11;0;1;0;0;1;0;0;0;0;26;18;3;1;18;4;1;0;0
FR;11;2023-04-12;1;1;0;0;1;0;0;0;0;27;19;3;1;19;4;1;0;0
FR;11;2023-04-13;0;0;0;0;0;0;0;0;0;27;19;3;1;19;4;1;0;0
FR;11;2023-04-14;0;0;0;0;0;0;0;0;0;27;19;3;1;19;4;1;0;0
FR;11;2023-04-15;0;1;0;0;1;0;0;0;0;27;20;3;1;20;4;1;0;0
FR;11;2023-04-16;0;0;0;0;0;0;0;0;0;27;20;3;1;20;4;1;0;0
FR;11;2023-04-17;0;1;0;0;1;0;0;0;0;27;21;3;1;21;4;1;0;0
FR;11;2023-04-18;0;0;0;0;0;0;0;0;0;27;21;3;1;21;4;1;0;0
FR;12;2020-12-27;0;0;0;0;0;0;0;0;0;0;0;0;0;0;0;0;0;0
FR;12;2020-12-28;0;0;0;0;0;0;0;0;0;0;0;0;0;0;0;0;0;0
FR;12;2020-12-29;0;0;0;0;0;0;0;0;0;0;0;0;0;0;0;0;0;0
FR;12;2020-12-30;0;0;0;0;0;0;0;0;0;0;0;0;0;0;0;0;0;0
FR;12;2020-12-31;0;0;0;0;0;0;0;0;0;0;0;0;0;0;0;0;0;0
FR;12;2021-01-01;0;0;0;0;0;0;0;0;0;0;0;0;0;0;0;0;0;0
FR;12;2021-01-02;0;0;0;0;0;0;0;0;0;0;0;0;0;0;0;0;0;0
FR;12;2021-01-03;0;0;0;0;0;0;0;0;0;0;0;0;0;0;0;0;0;0
FR;12;2021-01-04;0;0;0;0;0;0;0;0;0;0;0;0;0;0;0;0;0;0
FR;12;2021-01-05;0;0;0;0;0;0;0;0;0;0;0;0;0;0;0;0;0;0
FR;12;2021-01-06;0;0;0;0;0;0;0;0;0;0;0;0;0;0;0;0;0;0
FR;12;2021-01-07;0;0;0;0;0;0;0;0;0;0;0;0;0;0;0;0;0;0
FR;12;2021-01-08;0;0;0;0;0;0;0;0;0;0;0;0;0;0;0;0;0;0
FR;12;2021-01-09;0;0;0;0;0;0;0;0;0;0;0;0;0;0;0;0;0;0
FR;12;2021-01-10;0;0;0;0;0;0;0;0;0;0;0;0;0;0;0;0;0;0
FR;12;2021-01-11;0;0;0;0;0;0;0;0;0;0;0;0;0;0;0;0;0;0
FR;12;2021-01-12;0;0;0;0;0;0;0;0;0;0;0;0;0;0;0;0;0;0
FR;12;2021-01-13;0;0;0;0;0;0;0;0;0;0;0;0;0;0;0;0;0;0
FR;12;2021-01-14;0;0;0;0;0;0;0;0;0;0;0;0;0;0;0;0;0;0
FR;12;2021-01-15;0;0;0;0;0;0;0;0;0;0;0;0;0;0;0;0;0;0
FR;12;2021-01-16;0;0;0;0;0;0;0;0;0;0;0;0;0;0;0;0;0;0
FR;12;2021-01-17;0;0;0;0;0;0;0;0;0;0;0;0;0;0;0;0;0;0
FR;12;2021-01-18;0;0;0;0;0;0;0;0;0;0;0;0;0;0;0;0;0;0
FR;12;2021-01-19;0;0;0;0;0;0;0;0;0;0;0;0;0;0;0;0;0;0
FR;12;2021-01-20;0;0;0;0;0;0;0;0;0;0;0;0;0;0;0;0;0;0
FR;12;2021-01-21;0;0;0;0;0;0;0;0;0;0;0;0;0;0;0;0;0;0
FR;12;2021-01-22;0;0;0;0;0;0;0;0;0;0;0;0;0;0;0;0;0;0
FR;12;2021-01-23;0;0;0;0;0;0;0;0;0;0;0;0;0;0;0;0;0;0
FR;12;2021-01-24;0;0;0;0;0;0;0;0;0;0;0;0;0;0;0;0;0;0
FR;12;2021-01-25;0;0;0;0;0;0;0;0;0;0;0;0;0;0;0;0;0;0
FR;12;2021-01-26;0;0;0;0;0;0;0;0;0;0;0;0;0;0;0;0;0;0
FR;12;2021-01-27;0;0;0;0;0;0;0;0;0;0;0;0;0;0;0;0;0;0
FR;12;2021-01-28;0;0;0;0;0;0;0;0;0;0;0;0;0;0;0;0;0;0
FR;12;2021-01-29;0;0;0;0;0;0;0;0;0;0;0;0;0;0;0;0;0;0
FR;12;2021-01-30;0;0;0;0;0;0;0;0;0;0;0;0;0;0;0;0;0;0
FR;12;2021-01-31;0;0;0;0;0;0;0;0;0;0;0;0;0;0;0;0;0;0
FR;12;2021-02-01;0;0;0;0;0;0;0;0;0;0;0;0;0;0;0;0;0;0
FR;12;2021-02-02;0;0;0;0;0;0;0;0;0;0;0;0;0;0;0;0;0;0
FR;12;2021-02-03;0;0;0;0;0;0;0;0;0;0;0;0;0;0;0;0;0;0
FR;12;2021-02-04;0;0;0;0;0;0;0;0;0;0;0;0;0;0;0;0;0;0
FR;12;2021-02-05;0;0;0;0;0;0;0;0;0;0;0;0;0;0;0;0;0;0
FR;12;2021-02-06;0;0;0;0;0;0;0;0;0;0;0;0;0;0;0;0;0;0
FR;12;2021-02-07;0;0;0;0;0;0;0;0;0;0;0;0;0;0;0;0;0;0
FR;12;2021-02-08;0;0;0;0;0;0;0;0;0;0;0;0;0;0;0;0;0;0
FR;12;2021-02-09;0;0;0;0;0;0;0;0;0;0;0;0;0;0;0;0;0;0
FR;12;2021-02-10;0;0;0;0;0;0;0;0;0;0;0;0;0;0;0;0;0;0
FR;12;2021-02-11;0;0;0;0;0;0;0;0;0;0;0;0;0;0;0;0;0;0
FR;12;2021-02-12;0;0;0;0;0;0;0;0;0;0;0;0;0;0;0;0;0;0
FR;12;2021-02-13;0;0;0;0;0;0;0;0;0;0;0;0;0;0;0;0;0;0
FR;12;2021-02-14;0;0;0;0;0;0;0;0;0;0;0;0;0;0;0;0;0;0
FR;12;2021-02-15;0;0;0;0;0;0;0;0;0;0;0;0;0;0;0;0;0;0
FR;12;2021-02-16;0;0;0;0;0;0;0;0;0;0;0;0;0;0;0;0;0;0
FR;12;2021-02-17;0;0;0;0;0;0;0;0;0;0;0;0;0;0;0;0;0;0
FR;12;2021-02-18;0;0;0;0;0;0;0;0;0;0;0;0;0;0;0;0;0;0
FR;12;2021-02-19;0;0;0;0;0;0;0;0;0;0;0;0;0;0;0;0;0;0
FR;12;2021-02-20;0;0;0;0;0;0;0;0;0;0;0;0;0;0;0;0;0;0
FR;12;2021-02-21;0;0;0;0;0;0;0;0;0;0;0;0;0;0;0;0;0;0
FR;12;2021-02-22;0;0;0;0;0;0;0;0;0;0;0;0;0;0;0;0;0;0
FR;12;2021-02-23;0;0;0;0;0;0;0;0;0;0;0;0;0;0;0;0;0;0
FR;12;2021-02-24;0;0;0;0;0;0;0;0;0;0;0;0;0;0;0;0;0;0
FR;12;2021-02-25;0;0;0;0;0;0;0;0;0;0;0;0;0;0;0;0;0;0
FR;12;2021-02-26;0;0;0;0;0;0;0;0;0;0;0;0;0;0;0;0;0;0
FR;12;2021-02-27;0;0;0;0;0;0;0;0;0;0;0;0;0;0;0;0;0;0
FR;12;2021-02-28;0;0;0;0;0;0;0;0;0;0;0;0;0;0;0;0;0;0
FR;12;2021-03-01;0;0;0;0;0;0;0;0;0;0;0;0;0;0;0;0;0;0
FR;12;2021-03-02;0;0;0;0;0;0;0;0;0;0;0;0;0;0;0;0;0;0
FR;12;2021-03-03;0;0;0;0;0;0;0;0;0;0;0;0;0;0;0;0;0;0
FR;12;2021-03-04;0;0;0;0;0;0;0;0;0;0;0;0;0;0;0;0;0;0
FR;12;2021-03-05;0;0;0;0;0;0;0;0;0;0;0;0;0;0;0;0;0;0
FR;12;2021-03-06;0;0;0;0;0;0;0;0;0;0;0;0;0;0;0;0;0;0
FR;12;2021-03-07;0;0;0;0;0;0;0;0;0;0;0;0;0;0;0;0;0;0
FR;12;2021-03-08;0;0;0;0;0;0;0;0;0;0;0;0;0;0;0;0;0;0
FR;12;2021-03-09;0;0;0;0;0;0;0;0;0;0;0;0;0;0;0;0;0;0
FR;12;2021-03-10;0;0;0;0;0;0;0;0;0;0;0;0;0;0;0;0;0;0
FR;12;2021-03-11;0;0;0;0;0;0;0;0;0;0;0;0;0;0;0;0;0;0
FR;12;2021-03-12;0;0;0;0;0;0;0;0;0;0;0;0;0;0;0;0;0;0
FR;12;2021-03-13;0;0;0;0;0;0;0;0;0;0;0;0;0;0;0;0;0;0
FR;12;2021-03-14;0;0;0;0;0;0;0;0;0;0;0;0;0;0;0;0;0;0
FR;12;2021-03-15;0;0;0;0;0;0;0;0;0;0;0;0;0;0;0;0;0;0
FR;12;2021-03-16;0;0;0;0;0;0;0;0;0;0;0;0;0;0;0;0;0;0
FR;12;2021-03-17;0;0;0;0;0;0;0;0;0;0;0;0;0;0;0;0;0;0
FR;12;2021-03-18;0;0;0;0;0;0;0;0;0;0;0;0;0;0;0;0;0;0
FR;12;2021-03-19;0;0;0;0;0;0;0;0;0;0;0;0;0;0;0;0;0;0
FR;12;2021-03-20;0;0;0;0;0;0;0;0;0;0;0;0;0;0;0;0;0;0
FR;12;2021-03-21;0;0;0;0;0;0;0;0;0;0;0;0;0;0;0;0;0;0
FR;12;2021-03-22;0;0;0;0;0;0;0;0;0;0;0;0;0;0;0;0;0;0
FR;12;2021-03-23;0;0;0;0;0;0;0;0;0;0;0;0;0;0;0;0;0;0
FR;12;2021-03-24;0;0;0;0;0;0;0;0;0;0;0;0;0;0;0;0;0;0
FR;12;2021-03-25;0;0;0;0;0;0;0;0;0;0;0;0;0;0;0;0;0;0
FR;12;2021-03-26;0;0;0;0;0;0;0;0;0;0;0;0;0;0;0;0;0;0
FR;12;2021-03-27;0;0;0;0;0;0;0;0;0;0;0;0;0;0;0;0;0;0
FR;12;2021-03-28;0;0;0;0;0;0;0;0;0;0;0;0;0;0;0;0;0;0
FR;12;2021-03-29;0;0;0;0;0;0;0;0;0;0;0;0;0;0;0;0;0;0
FR;12;2021-03-30;0;0;0;0;0;0;0;0;0;0;0;0;0;0;0;0;0;0
FR;12;2021-03-31;0;0;0;0;0;0;0;0;0;0;0;0;0;0;0;0;0;0
FR;12;2021-04-01;0;0;0;0;0;0;0;0;0;0;0;0;0;0;0;0;0;0
FR;12;2021-04-02;0;0;0;0;0;0;0;0;0;0;0;0;0;0;0;0;0;0
FR;12;2021-04-03;0;0;0;0;0;0;0;0;0;0;0;0;0;0;0;0;0;0
FR;12;2021-04-04;0;0;0;0;0;0;0;0;0;0;0;0;0;0;0;0;0;0
FR;12;2021-04-05;0;0;0;0;0;0;0;0;0;0;0;0;0;0;0;0;0;0
FR;12;2021-04-06;0;0;0;0;0;0;0;0;0;0;0;0;0;0;0;0;0;0
FR;12;2021-04-07;0;0;0;0;0;0;0;0;0;0;0;0;0;0;0;0;0;0
FR;12;2021-04-08;0;0;0;0;0;0;0;0;0;0;0;0;0;0;0;0;0;0
FR;12;2021-04-09;0;0;0;0;0;0;0;0;0;0;0;0;0;0;0;0;0;0
FR;12;2021-04-10;0;0;0;0;0;0;0;0;0;0;0;0;0;0;0;0;0;0
FR;12;2021-04-11;0;0;0;0;0;0;0;0;0;0;0;0;0;0;0;0;0;0
FR;12;2021-04-12;0;0;0;0;0;0;0;0;0;0;0;0;0;0;0;0;0;0
FR;12;2021-04-13;0;0;0;0;0;0;0;0;0;0;0;0;0;0;0;0;0;0
FR;12;2021-04-14;0;0;0;0;0;0;0;0;0;0;0;0;0;0;0;0;0;0
FR;12;2021-04-15;0;0;0;0;0;0;0;0;0;0;0;0;0;0;0;0;0;0
FR;12;2021-04-16;0;0;0;0;0;0;0;0;0;0;0;0;0;0;0;0;0;0
FR;12;2021-04-17;0;0;0;0;0;0;0;0;0;0;0;0;0;0;0;0;0;0
FR;12;2021-04-18;0;0;0;0;0;0;0;0;0;0;0;0;0;0;0;0;0;0
FR;12;2021-04-19;0;0;0;0;0;0;0;0;0;0;0;0;0;0;0;0;0;0
FR;12;2021-04-20;0;0;0;0;0;0;0;0;0;0;0;0;0;0;0;0;0;0
FR;12;2021-04-21;0;0;0;0;0;0;0;0;0;0;0;0;0;0;0;0;0;0
FR;12;2021-04-22;0;0;0;0;0;0;0;0;0;0;0;0;0;0;0;0;0;0
FR;12;2021-04-23;0;0;0;0;0;0;0;0;0;0;0;0;0;0;0;0;0;0
FR;12;2021-04-24;0;0;0;0;0;0;0;0;0;0;0;0;0;0;0;0;0;0
FR;12;2021-04-25;0;0;0;0;0;0;0;0;0;0;0;0;0;0;0;0;0;0
FR;12;2021-04-26;0;0;0;0;0;0;0;0;0;0;0;0;0;0;0;0;0;0
FR;12;2021-04-27;0;0;0;0;0;0;0;0;0;0;0;0;0;0;0;0;0;0
FR;12;2021-04-28;0;0;0;0;0;0;0;0;0;0;0;0;0;0;0;0;0;0
FR;12;2021-04-29;0;0;0;0;0;0;0;0;0;0;0;0;0;0;0;0;0;0
FR;12;2021-04-30;0;0;0;0;0;0;0;0;0;0;0;0;0;0;0;0;0;0
FR;12;2021-05-01;0;0;0;0;0;0;0;0;0;0;0;0;0;0;0;0;0;0
FR;12;2021-05-02;0;0;0;0;0;0;0;0;0;0;0;0;0;0;0;0;0;0
FR;12;2021-05-03;0;0;0;0;0;0;0;0;0;0;0;0;0;0;0;0;0;0
FR;12;2021-05-04;0;0;0;0;0;0;0;0;0;0;0;0;0;0;0;0;0;0
FR;12;2021-05-05;0;0;0;0;0;0;0;0;0;0;0;0;0;0;0;0;0;0
FR;12;2021-05-06;0;0;0;0;0;0;0;0;0;0;0;0;0;0;0;0;0;0
FR;12;2021-05-07;0;0;0;0;0;0;0;0;0;0;0;0;0;0;0;0;0;0
FR;12;2021-05-08;0;0;0;0;0;0;0;0;0;0;0;0;0;0;0;0;0;0
FR;12;2021-05-09;0;0;0;0;0;0;0;0;0;0;0;0;0;0;0;0;0;0
FR;12;2021-05-10;0;0;0;0;0;0;0;0;0;0;0;0;0;0;0;0;0;0
FR;12;2021-05-11;0;0;0;0;0;0;0;0;0;0;0;0;0;0;0;0;0;0
FR;12;2021-05-12;0;0;0;0;0;0;0;0;0;0;0;0;0;0;0;0;0;0
FR;12;2021-05-13;0;0;0;0;0;0;0;0;0;0;0;0;0;0;0;0;0;0
FR;12;2021-05-14;0;0;0;0;0;0;0;0;0;0;0;0;0;0;0;0;0;0
FR;12;2021-05-15;0;0;0;0;0;0;0;0;0;0;0;0;0;0;0;0;0;0
FR;12;2021-05-16;0;0;0;0;0;0;0;0;0;0;0;0;0;0;0;0;0;0
FR;12;2021-05-17;0;0;0;0;0;0;0;0;0;0;0;0;0;0;0;0;0;0
FR;12;2021-05-18;0;0;0;0;0;0;0;0;0;0;0;0;0;0;0;0;0;0
FR;12;2021-05-19;0;0;0;0;0;0;0;0;0;0;0;0;0;0;0;0;0;0
FR;12;2021-05-20;0;0;0;0;0;0;0;0;0;0;0;0;0;0;0;0;0;0
FR;12;2021-05-21;0;0;0;0;0;0;0;0;0;0;0;0;0;0;0;0;0;0
FR;12;2021-05-22;0;0;0;0;0;0;0;0;0;0;0;0;0;0;0;0;0;0
FR;12;2021-05-23;0;0;0;0;0;0;0;0;0;0;0;0;0;0;0;0;0;0
FR;12;2021-05-24;0;0;0;0;0;0;0;0;0;0;0;0;0;0;0;0;0;0
FR;12;2021-05-25;0;0;0;0;0;0;0;0;0;0;0;0;0;0;0;0;0;0
FR;12;2021-05-26;0;0;0;0;0;0;0;0;0;0;0;0;0;0;0;0;0;0
FR;12;2021-05-27;0;0;0;0;0;0;0;0;0;0;0;0;0;0;0;0;0;0
FR;12;2021-05-28;0;0;0;0;0;0;0;0;0;0;0;0;0;0;0;0;0;0
FR;12;2021-05-29;0;0;0;0;0;0;0;0;0;0;0;0;0;0;0;0;0;0
FR;12;2021-05-30;0;0;0;0;0;0;0;0;0;0;0;0;0;0;0;0;0;0
FR;12;2021-05-31;0;0;0;0;0;0;0;0;0;0;0;0;0;0;0;0;0;0
FR;12;2021-06-01;0;0;0;0;0;0;0;0;0;0;0;0;0;0;0;0;0;0
FR;12;2021-06-02;0;0;0;0;0;0;0;0;0;0;0;0;0;0;0;0;0;0
FR;12;2021-06-03;0;0;0;0;0;0;0;0;0;0;0;0;0;0;0;0;0;0
FR;12;2021-06-04;0;0;0;0;0;0;0;0;0;0;0;0;0;0;0;0;0;0
FR;12;2021-06-05;0;0;0;0;0;0;0;0;0;0;0;0;0;0;0;0;0;0
FR;12;2021-06-06;0;0;0;0;0;0;0;0;0;0;0;0;0;0;0;0;0;0
FR;12;2021-06-07;0;0;0;0;0;0;0;0;0;0;0;0;0;0;0;0;0;0
FR;12;2021-06-08;0;0;0;0;0;0;0;0;0;0;0;0;0;0;0;0;0;0
FR;12;2021-06-09;0;0;0;0;0;0;0;0;0;0;0;0;0;0;0;0;0;0
FR;12;2021-06-10;0;0;0;0;0;0;0;0;0;0;0;0;0;0;0;0;0;0
FR;12;2021-06-11;0;0;0;0;0;0;0;0;0;0;0;0;0;0;0;0;0;0
FR;12;2021-06-12;0;0;0;0;0;0;0;0;0;0;0;0;0;0;0;0;0;0
FR;12;2021-06-13;0;0;0;0;0;0;0;0;0;0;0;0;0;0;0;0;0;0
FR;12;2021-06-14;0;0;0;0;0;0;0;0;0;0;0;0;0;0;0;0;0;0
FR;12;2021-06-15;0;0;0;0;0;0;0;0;0;0;0;0;0;0;0;0;0;0
FR;12;2021-06-16;0;0;0;0;0;0;0;0;0;0;0;0;0;0;0;0;0;0
FR;12;2021-06-17;0;0;0;0;0;0;0;0;0;0;0;0;0;0;0;0;0;0
FR;12;2021-06-18;0;0;0;0;0;0;0;0;0;0;0;0;0;0;0;0;0;0
FR;12;2021-06-19;0;0;0;0;0;0;0;0;0;0;0;0;0;0;0;0;0;0
FR;12;2021-06-20;0;0;0;0;0;0;0;0;0;0;0;0;0;0;0;0;0;0
FR;12;2021-06-21;0;0;0;0;0;0;0;0;0;0;0;0;0;0;0;0;0;0
FR;12;2021-06-22;0;0;0;0;0;0;0;0;0;0;0;0;0;0;0;0;0;0
FR;12;2021-06-23;0;0;0;0;0;0;0;0;0;0;0;0;0;0;0;0;0;0
FR;12;2021-06-24;0;0;0;0;0;0;0;0;0;0;0;0;0;0;0;0;0;0
FR;12;2021-06-25;0;0;0;0;0;0;0;0;0;0;0;0;0;0;0;0;0;0
FR;12;2021-06-26;0;0;0;0;0;0;0;0;0;0;0;0;0;0;0;0;0;0
FR;12;2021-06-27;0;0;0;0;0;0;0;0;0;0;0;0;0;0;0;0;0;0
FR;12;2021-06-28;0;0;0;0;0;0;0;0;0;0;0;0;0;0;0;0;0;0
FR;12;2021-06-29;0;0;0;0;0;0;0;0;0;0;0;0;0;0;0;0;0;0
FR;12;2021-06-30;0;0;0;0;0;0;0;0;0;0;0;0;0;0;0;0;0;0
FR;12;2021-07-01;0;0;0;0;0;0;0;0;0;0;0;0;0;0;0;0;0;0
FR;12;2021-07-02;0;0;0;0;0;0;0;0;0;0;0;0;0;0;0;0;0;0
FR;12;2021-07-03;0;0;0;0;0;0;0;0;0;0;0;0;0;0;0;0;0;0
FR;12;2021-07-04;0;0;0;0;0;0;0;0;0;0;0;0;0;0;0;0;0;0
FR;12;2021-07-05;0;0;0;0;0;0;0;0;0;0;0;0;0;0;0;0;0;0
FR;12;2021-07-06;0;0;0;0;0;0;0;0;0;0;0;0;0;0;0;0;0;0
FR;12;2021-07-07;0;0;0;0;0;0;0;0;0;0;0;0;0;0;0;0;0;0
FR;12;2021-07-08;0;0;0;0;0;0;0;0;0;0;0;0;0;0;0;0;0;0
FR;12;2021-07-09;0;0;0;0;0;0;0;0;0;0;0;0;0;0;0;0;0;0
FR;12;2021-07-10;0;0;0;0;0;0;0;0;0;0;0;0;0;0;0;0;0;0
FR;12;2021-07-11;0;0;0;0;0;0;0;0;0;0;0;0;0;0;0;0;0;0
FR;12;2021-07-12;0;0;0;0;0;0;0;0;0;0;0;0;0;0;0;0;0;0
FR;12;2021-07-13;0;0;0;0;0;0;0;0;0;0;0;0;0;0;0;0;0;0
FR;12;2021-07-14;0;0;0;0;0;0;0;0;0;0;0;0;0;0;0;0;0;0
FR;12;2021-07-15;0;0;0;0;0;0;0;0;0;0;0;0;0;0;0;0;0;0
FR;12;2021-07-16;0;0;0;0;0;0;0;0;0;0;0;0;0;0;0;0;0;0
FR;12;2021-07-17;0;0;0;0;0;0;0;0;0;0;0;0;0;0;0;0;0;0
FR;12;2021-07-18;0;0;0;0;0;0;0;0;0;0;0;0;0;0;0;0;0;0
FR;12;2021-07-19;0;0;0;0;0;0;0;0;0;0;0;0;0;0;0;0;0;0
FR;12;2021-07-20;0;0;0;0;0;0;0;0;0;0;0;0;0;0;0;0;0;0
FR;12;2021-07-21;0;0;0;0;0;0;0;0;0;0;0;0;0;0;0;0;0;0
FR;12;2021-07-22;0;0;0;0;0;0;0;0;0;0;0;0;0;0;0;0;0;0
FR;12;2021-07-23;0;0;0;0;0;0;0;0;0;0;0;0;0;0;0;0;0;0
FR;12;2021-07-24;0;0;0;0;0;0;0;0;0;0;0;0;0;0;0;0;0;0
FR;12;2021-07-25;0;0;0;0;0;0;0;0;0;0;0;0;0;0;0;0;0;0
FR;12;2021-07-26;0;0;0;0;0;0;0;0;0;0;0;0;0;0;0;0;0;0
FR;12;2021-07-27;0;0;0;0;0;0;0;0;0;0;0;0;0;0;0;0;0;0
FR;12;2021-07-28;0;0;0;0;0;0;0;0;0;0;0;0;0;0;0;0;0;0
FR;12;2021-07-29;0;0;0;0;0;0;0;0;0;0;0;0;0;0;0;0;0;0
FR;12;2021-07-30;0;0;0;0;0;0;0;0;0;0;0;0;0;0;0;0;0;0
FR;12;2021-07-31;0;0;0;0;0;0;0;0;0;0;0;0;0;0;0;0;0;0
FR;12;2021-08-01;0;0;0;0;0;0;0;0;0;0;0;0;0;0;0;0;0;0
FR;12;2021-08-02;0;0;0;0;0;0;0;0;0;0;0;0;0;0;0;0;0;0
FR;12;2021-08-03;0;0;0;0;0;0;0;0;0;0;0;0;0;0;0;0;0;0
FR;12;2021-08-04;0;0;0;0;0;0;0;0;0;0;0;0;0;0;0;0;0;0
FR;12;2021-08-05;0;0;0;0;0;0;0;0;0;0;0;0;0;0;0;0;0;0
FR;12;2021-08-06;0;0;0;0;0;0;0;0;0;0;0;0;0;0;0;0;0;0
FR;12;2021-08-07;0;0;0;0;0;0;0;0;0;0;0;0;0;0;0;0;0;0
FR;12;2021-08-08;0;0;0;0;0;0;0;0;0;0;0;0;0;0;0;0;0;0
FR;12;2021-08-09;0;0;0;0;0;0;0;0;0;0;0;0;0;0;0;0;0;0
FR;12;2021-08-10;0;0;0;0;0;0;0;0;0;0;0;0;0;0;0;0;0;0
FR;12;2021-08-11;0;0;0;0;0;0;0;0;0;0;0;0;0;0;0;0;0;0
FR;12;2021-08-12;0;0;0;0;0;0;0;0;0;0;0;0;0;0;0;0;0;0
FR;12;2021-08-13;0;0;0;0;0;0;0;0;0;0;0;0;0;0;0;0;0;0
FR;12;2021-08-14;0;0;0;0;0;0;0;0;0;0;0;0;0;0;0;0;0;0
FR;12;2021-08-15;0;0;0;0;0;0;0;0;0;0;0;0;0;0;0;0;0;0
FR;12;2021-08-16;0;0;0;0;0;0;0;0;0;0;0;0;0;0;0;0;0;0
FR;12;2021-08-17;0;0;0;0;0;0;0;0;0;0;0;0;0;0;0;0;0;0
FR;12;2021-08-18;0;0;0;0;0;0;0;0;0;0;0;0;0;0;0;0;0;0
FR;12;2021-08-19;0;0;0;0;0;0;0;0;0;0;0;0;0;0;0;0;0;0
FR;12;2021-08-20;0;0;0;0;0;0;0;0;0;0;0;0;0;0;0;0;0;0
FR;12;2021-08-21;0;0;0;0;0;0;0;0;0;0;0;0;0;0;0;0;0;0
FR;12;2021-08-22;0;0;0;0;0;0;0;0;0;0;0;0;0;0;0;0;0;0
FR;12;2021-08-23;0;0;0;0;0;0;0;0;0;0;0;0;0;0;0;0;0;0
FR;12;2021-08-24;0;0;0;0;0;0;0;0;0;0;0;0;0;0;0;0;0;0
FR;12;2021-08-25;0;0;0;0;0;0;0;0;0;0;0;0;0;0;0;0;0;0
FR;12;2021-08-26;0;0;0;0;0;0;0;0;0;0;0;0;0;0;0;0;0;0
FR;12;2021-08-27;0;0;0;0;0;0;0;0;0;0;0;0;0;0;0;0;0;0
FR;12;2021-08-28;0;0;0;0;0;0;0;0;0;0;0;0;0;0;0;0;0;0
FR;12;2021-08-29;0;0;0;0;0;0;0;0;0;0;0;0;0;0;0;0;0;0
FR;12;2021-08-30;0;0;0;0;0;0;0;0;0;0;0;0;0;0;0;0;0;0
FR;12;2021-08-31;0;0;0;0;0;0;0;0;0;0;0;0;0;0;0;0;0;0
FR;12;2021-09-01;0;0;0;0;0;0;0;0;0;0;0;0;0;0;0;0;0;0
FR;12;2021-09-02;0;0;0;0;0;0;0;0;0;0;0;0;0;0;0;0;0;0
FR;12;2021-09-03;0;0;0;0;0;0;0;0;0;0;0;0;0;0;0;0;0;0
FR;12;2021-09-04;0;0;0;0;0;0;0;0;0;0;0;0;0;0;0;0;0;0
FR;12;2021-09-05;0;0;0;0;0;0;0;0;0;0;0;0;0;0;0;0;0;0
FR;12;2021-09-06;0;0;0;0;0;0;0;0;0;0;0;0;0;0;0;0;0;0
FR;12;2021-09-07;0;0;0;0;0;0;0;0;0;0;0;0;0;0;0;0;0;0
FR;12;2021-09-08;0;0;0;0;0;0;0;0;0;0;0;0;0;0;0;0;0;0
FR;12;2021-09-09;0;0;0;0;0;0;0;0;0;0;0;0;0;0;0;0;0;0
FR;12;2021-09-10;0;0;0;0;0;0;0;0;0;0;0;0;0;0;0;0;0;0
FR;12;2021-09-11;0;0;0;0;0;0;0;0;0;0;0;0;0;0;0;0;0;0
FR;12;2021-09-12;0;0;0;0;0;0;0;0;0;0;0;0;0;0;0;0;0;0
FR;12;2021-09-13;0;0;0;0;0;0;0;0;0;0;0;0;0;0;0;0;0;0
FR;12;2021-09-14;0;0;0;0;0;0;0;0;0;0;0;0;0;0;0;0;0;0
FR;12;2021-09-15;0;0;0;0;0;0;0;0;0;0;0;0;0;0;0;0;0;0
FR;12;2021-09-16;0;0;0;0;0;0;0;0;0;0;0;0;0;0;0;0;0;0
FR;12;2021-09-17;0;0;0;0;0;0;0;0;0;0;0;0;0;0;0;0;0;0
FR;12;2021-09-18;0;0;0;0;0;0;0;0;0;0;0;0;0;0;0;0;0;0
FR;12;2021-09-19;0;0;0;0;0;0;0;0;0;0;0;0;0;0;0;0;0;0
FR;12;2021-09-20;0;0;0;0;0;0;0;0;0;0;0;0;0;0;0;0;0;0
FR;12;2021-09-21;0;0;0;0;0;0;0;0;0;0;0;0;0;0;0;0;0;0
FR;12;2021-09-22;0;0;0;0;0;0;0;0;0;0;0;0;0;0;0;0;0;0
FR;12;2021-09-23;0;0;0;0;0;0;0;0;0;0;0;0;0;0;0;0;0;0
FR;12;2021-09-24;0;0;0;0;0;0;0;0;0;0;0;0;0;0;0;0;0;0
FR;12;2021-09-25;0;0;0;0;0;0;0;0;0;0;0;0;0;0;0;0;0;0
FR;12;2021-09-26;0;0;0;0;0;0;0;0;0;0;0;0;0;0;0;0;0;0
FR;12;2021-09-27;0;0;0;0;0;0;0;0;0;0;0;0;0;0;0;0;0;0
FR;12;2021-09-28;0;0;0;0;0;0;0;0;0;0;0;0;0;0;0;0;0;0
FR;12;2021-09-29;0;0;0;0;0;0;0;0;0;0;0;0;0;0;0;0;0;0
FR;12;2021-09-30;0;0;0;0;0;0;0;0;0;0;0;0;0;0;0;0;0;0
FR;12;2021-10-01;0;0;0;0;0;0;0;0;0;0;0;0;0;0;0;0;0;0
FR;12;2021-10-02;0;0;0;0;0;0;0;0;0;0;0;0;0;0;0;0;0;0
FR;12;2021-10-03;0;0;0;0;0;0;0;0;0;0;0;0;0;0;0;0;0;0
FR;12;2021-10-04;0;0;0;0;0;0;0;0;0;0;0;0;0;0;0;0;0;0
FR;12;2021-10-05;0;0;0;0;0;0;0;0;0;0;0;0;0;0;0;0;0;0
FR;12;2021-10-06;0;0;0;0;0;0;0;0;0;0;0;0;0;0;0;0;0;0
FR;12;2021-10-07;0;0;0;0;0;0;0;0;0;0;0;0;0;0;0;0;0;0
FR;12;2021-10-08;0;0;0;0;0;0;0;0;0;0;0;0;0;0;0;0;0;0
FR;12;2021-10-09;0;0;0;0;0;0;0;0;0;0;0;0;0;0;0;0;0;0
FR;12;2021-10-10;0;0;0;0;0;0;0;0;0;0;0;0;0;0;0;0;0;0
FR;12;2021-10-11;0;0;0;0;0;0;0;0;0;0;0;0;0;0;0;0;0;0
FR;12;2021-10-12;0;0;0;0;0;0;0;0;0;0;0;0;0;0;0;0;0;0
FR;12;2021-10-13;0;0;0;0;0;0;0;0;0;0;0;0;0;0;0;0;0;0
FR;12;2021-10-14;0;0;0;0;0;0;0;0;0;0;0;0;0;0;0;0;0;0
FR;12;2021-10-15;0;0;0;0;0;0;0;0;0;0;0;0;0;0;0;0;0;0
FR;12;2021-10-16;0;0;0;0;0;0;0;0;0;0;0;0;0;0;0;0;0;0
FR;12;2021-10-17;0;0;0;0;0;0;0;0;0;0;0;0;0;0;0;0;0;0
FR;12;2021-10-18;0;0;0;0;0;0;0;0;0;0;0;0;0;0;0;0;0;0
FR;12;2021-10-19;0;0;0;0;0;0;0;0;0;0;0;0;0;0;0;0;0;0
FR;12;2021-10-20;0;0;0;0;0;0;0;0;0;0;0;0;0;0;0;0;0;0
FR;12;2021-10-21;0;0;0;0;0;0;0;0;0;0;0;0;0;0;0;0;0;0
FR;12;2021-10-22;0;0;0;0;0;0;0;0;0;0;0;0;0;0;0;0;0;0
FR;12;2021-10-23;0;0;0;0;0;0;0;0;0;0;0;0;0;0;0;0;0;0
FR;12;2021-10-24;0;0;0;0;0;0;0;0;0;0;0;0;0;0;0;0;0;0
FR;12;2021-10-25;0;0;0;0;0;0;0;0;0;0;0;0;0;0;0;0;0;0
FR;12;2021-10-26;0;0;0;0;0;0;0;0;0;0;0;0;0;0;0;0;0;0
FR;12;2021-10-27;0;0;0;0;0;0;0;0;0;0;0;0;0;0;0;0;0;0
FR;12;2021-10-28;0;0;0;0;0;0;0;0;0;0;0;0;0;0;0;0;0;0
FR;12;2021-10-29;0;0;0;0;0;0;0;0;0;0;0;0;0;0;0;0;0;0
FR;12;2021-10-30;0;0;0;0;0;0;0;0;0;0;0;0;0;0;0;0;0;0
FR;12;2021-10-31;0;0;0;0;0;0;0;0;0;0;0;0;0;0;0;0;0;0
FR;12;2021-11-01;0;0;0;0;0;0;0;0;0;0;0;0;0;0;0;0;0;0
FR;12;2021-11-02;0;0;0;0;0;0;0;0;0;0;0;0;0;0;0;0;0;0
FR;12;2021-11-03;0;0;0;0;0;0;0;0;0;0;0;0;0;0;0;0;0;0
FR;12;2021-11-04;0;0;0;0;0;0;0;0;0;0;0;0;0;0;0;0;0;0
FR;12;2021-11-05;0;0;0;0;0;0;0;0;0;0;0;0;0;0;0;0;0;0
FR;12;2021-11-06;0;0;0;0;0;0;0;0;0;0;0;0;0;0;0;0;0;0
FR;12;2021-11-07;0;0;0;0;0;0;0;0;0;0;0;0;0;0;0;0;0;0
FR;12;2021-11-08;0;0;0;0;0;0;0;0;0;0;0;0;0;0;0;0;0;0
FR;12;2021-11-09;0;0;0;0;0;0;0;0;0;0;0;0;0;0;0;0;0;0
FR;12;2021-11-10;0;0;0;0;0;0;0;0;0;0;0;0;0;0;0;0;0;0
FR;12;2021-11-11;0;0;0;0;0;0;0;0;0;0;0;0;0;0;0;0;0;0
FR;12;2021-11-12;0;0;0;0;0;0;0;0;0;0;0;0;0;0;0;0;0;0
FR;12;2021-11-13;0;0;0;0;0;0;0;0;0;0;0;0;0;0;0;0;0;0
FR;12;2021-11-14;0;0;0;0;0;0;0;0;0;0;0;0;0;0;0;0;0;0
FR;12;2021-11-15;0;0;0;0;0;0;0;0;0;0;0;0;0;0;0;0;0;0
FR;12;2021-11-16;0;0;0;0;0;0;0;0;0;0;0;0;0;0;0;0;0;0
FR;12;2021-11-17;0;0;0;0;0;0;0;0;0;0;0;0;0;0;0;0;0;0
FR;12;2021-11-18;0;0;0;0;0;0;0;0;0;0;0;0;0;0;0;0;0;0
FR;12;2021-11-19;0;0;0;0;0;0;0;0;0;0;0;0;0;0;0;0;0;0
FR;12;2021-11-20;0;0;0;0;0;0;0;0;0;0;0;0;0;0;0;0;0;0
FR;12;2021-11-21;0;0;0;0;0;0;0;0;0;0;0;0;0;0;0;0;0;0
FR;12;2021-11-22;0;0;0;0;0;0;0;0;0;0;0;0;0;0;0;0;0;0
FR;12;2021-11-23;0;0;0;0;0;0;0;0;0;0;0;0;0;0;0;0;0;0
FR;12;2021-11-24;0;0;0;0;0;0;0;0;0;0;0;0;0;0;0;0;0;0
FR;12;2021-11-25;0;0;0;0;0;0;0;0;0;0;0;0;0;0;0;0;0;0
FR;12;2021-11-26;0;0;0;0;0;0;0;0;0;0;0;0;0;0;0;0;0;0
FR;12;2021-11-27;0;0;0;0;0;0;0;0;0;0;0;0;0;0;0;0;0;0
FR;12;2021-11-28;0;0;0;0;0;0;0;0;0;0;0;0;0;0;0;0;0;0
FR;12;2021-11-29;0;0;0;0;0;0;0;0;0;0;0;0;0;0;0;0;0;0
FR;12;2021-11-30;0;0;0;0;0;0;0;0;0;0;0;0;0;0;0;0;0;0
FR;12;2021-12-01;0;0;0;0;0;0;0;0;0;0;0;0;0;0;0;0;0;0
FR;12;2021-12-02;0;0;0;0;0;0;0;0;0;0;0;0;0;0;0;0;0;0
FR;12;2021-12-03;0;0;0;0;0;0;0;0;0;0;0;0;0;0;0;0;0;0
FR;12;2021-12-04;0;0;0;0;0;0;0;0;0;0;0;0;0;0;0;0;0;0
FR;12;2021-12-05;0;0;0;0;0;0;0;0;0;0;0;0;0;0;0;0;0;0
FR;12;2021-12-06;0;0;0;0;0;0;0;0;0;0;0;0;0;0;0;0;0;0
FR;12;2021-12-07;0;0;0;0;0;0;0;0;0;0;0;0;0;0;0;0;0;0
FR;12;2021-12-08;0;0;0;0;0;0;0;0;0;0;0;0;0;0;0;0;0;0
FR;12;2021-12-09;0;0;0;0;0;0;0;0;0;0;0;0;0;0;0;0;0;0
FR;12;2021-12-10;0;0;0;0;0;0;0;0;0;0;0;0;0;0;0;0;0;0
FR;12;2021-12-11;0;0;0;0;0;0;0;0;0;0;0;0;0;0;0;0;0;0
FR;12;2021-12-12;0;0;0;0;0;0;0;0;0;0;0;0;0;0;0;0;0;0
FR;12;2021-12-13;0;0;0;0;0;0;0;0;0;0;0;0;0;0;0;0;0;0
FR;12;2021-12-14;0;0;0;0;0;0;0;0;0;0;0;0;0;0;0;0;0;0
FR;12;2021-12-15;0;0;0;0;0;0;0;0;0;0;0;0;0;0;0;0;0;0
FR;12;2021-12-16;0;0;0;0;0;0;0;0;0;0;0;0;0;0;0;0;0;0
FR;12;2021-12-17;0;0;0;0;0;0;0;0;0;0;0;0;0;0;0;0;0;0
FR;12;2021-12-18;0;0;0;0;0;0;0;0;0;0;0;0;0;0;0;0;0;0
FR;12;2021-12-19;0;0;0;0;0;0;0;0;0;0;0;0;0;0;0;0;0;0
FR;12;2021-12-20;0;0;0;0;0;0;0;0;0;0;0;0;0;0;0;0;0;0
FR;12;2021-12-21;0;0;0;0;0;0;0;0;0;0;0;0;0;0;0;0;0;0
FR;12;2021-12-22;0;0;0;0;0;0;0;0;0;0;0;0;0;0;0;0;0;0
FR;12;2021-12-23;0;0;0;0;0;0;0;0;0;0;0;0;0;0;0;0;0;0
FR;12;2021-12-24;0;0;0;0;0;0;0;0;0;0;0;0;0;0;0;0;0;0
FR;12;2021-12-25;0;0;0;0;0;0;0;0;0;0;0;0;0;0;0;0;0;0
FR;12;2021-12-26;0;0;0;0;0;0;0;0;0;0;0;0;0;0;0;0;0;0
FR;12;2021-12-27;0;0;0;0;0;0;0;0;0;0;0;0;0;0;0;0;0;0
FR;12;2021-12-28;0;0;0;0;0;0;0;0;0;0;0;0;0;0;0;0;0;0
FR;12;2021-12-29;0;0;0;0;0;0;0;0;0;0;0;0;0;0;0;0;0;0
FR;12;2021-12-30;0;0;0;0;0;0;0;0;0;0;0;0;0;0;0;0;0;0
FR;12;2021-12-31;0;0;0;0;0;0;0;0;0;0;0;0;0;0;0;0;0;0
FR;12;2022-01-01;0;0;0;0;0;0;0;0;0;0;0;0;0;0;0;0;0;0
FR;12;2022-01-02;0;0;0;0;0;0;0;0;0;0;0;0;0;0;0;0;0;0
FR;12;2022-01-03;0;0;0;0;0;0;0;0;0;0;0;0;0;0;0;0;0;0
FR;12;2022-01-04;0;0;0;0;0;0;0;0;0;0;0;0;0;0;0;0;0;0
FR;12;2022-01-05;0;0;0;0;0;0;0;0;0;0;0;0;0;0;0;0;0;0
FR;12;2022-01-06;0;0;0;0;0;0;0;0;0;0;0;0;0;0;0;0;0;0
FR;12;2022-01-07;0;0;0;0;0;0;0;0;0;0;0;0;0;0;0;0;0;0
FR;12;2022-01-08;0;0;0;0;0;0;0;0;0;0;0;0;0;0;0;0;0;0
FR;12;2022-01-09;0;0;0;0;0;0;0;0;0;0;0;0;0;0;0;0;0;0
FR;12;2022-01-10;0;0;0;0;0;0;0;0;0;0;0;0;0;0;0;0;0;0
FR;12;2022-01-11;0;0;0;0;0;0;0;0;0;0;0;0;0;0;0;0;0;0
FR;12;2022-01-12;0;0;0;0;0;0;0;0;0;0;0;0;0;0;0;0;0;0
FR;12;2022-01-13;0;0;0;0;0;0;0;0;0;0;0;0;0;0;0;0;0;0
FR;12;2022-01-14;0;0;0;0;0;0;0;0;0;0;0;0;0;0;0;0;0;0
FR;12;2022-01-15;0;0;0;0;0;0;0;0;0;0;0;0;0;0;0;0;0;0
FR;12;2022-01-16;0;0;0;0;0;0;0;0;0;0;0;0;0;0;0;0;0;0
FR;12;2022-01-17;0;0;0;0;0;0;0;0;0;0;0;0;0;0;0;0;0;0
FR;12;2022-01-18;0;0;0;0;0;0;0;0;0;0;0;0;0;0;0;0;0;0
FR;12;2022-01-19;0;0;0;0;0;0;0;0;0;0;0;0;0;0;0;0;0;0
FR;12;2022-01-20;0;0;0;0;0;0;0;0;0;0;0;0;0;0;0;0;0;0
FR;12;2022-01-21;0;0;0;0;0;0;0;0;0;0;0;0;0;0;0;0;0;0
FR;12;2022-01-22;0;0;0;0;0;0;0;0;0;0;0;0;0;0;0;0;0;0
FR;12;2022-01-23;0;0;0;0;0;0;0;0;0;0;0;0;0;0;0;0;0;0
FR;12;2022-01-24;0;0;0;0;0;0;0;0;0;0;0;0;0;0;0;0;0;0
FR;12;2022-01-25;0;0;0;0;0;0;0;0;0;0;0;0;0;0;0;0;0;0
FR;12;2022-01-26;0;0;0;0;0;0;0;0;0;0;0;0;0;0;0;0;0;0
FR;12;2022-01-27;0;0;0;0;0;0;0;0;0;0;0;0;0;0;0;0;0;0
FR;12;2022-01-28;0;0;0;0;0;0;0;0;0;0;0;0;0;0;0;0;0;0
FR;12;2022-01-29;0;0;0;0;0;0;0;0;0;0;0;0;0;0;0;0;0;0
FR;12;2022-01-30;0;0;0;0;0;0;0;0;0;0;0;0;0;0;0;0;0;0
FR;12;2022-01-31;0;0;0;0;0;0;0;0;0;0;0;0;0;0;0;0;0;0
FR;12;2022-02-01;0;0;0;0;0;0;0;0;0;0;0;0;0;0;0;0;0;0
FR;12;2022-02-02;0;0;0;0;0;0;0;0;0;0;0;0;0;0;0;0;0;0
FR;12;2022-02-03;0;0;0;0;0;0;0;0;0;0;0;0;0;0;0;0;0;0
FR;12;2022-02-04;0;0;0;0;0;0;0;0;0;0;0;0;0;0;0;0;0;0
FR;12;2022-02-05;0;0;0;0;0;0;0;0;0;0;0;0;0;0;0;0;0;0
FR;12;2022-02-06;0;0;0;0;0;0;0;0;0;0;0;0;0;0;0;0;0;0
FR;12;2022-02-07;0;0;0;0;0;0;0;0;0;0;0;0;0;0;0;0;0;0
FR;12;2022-02-08;0;0;0;0;0;0;0;0;0;0;0;0;0;0;0;0;0;0
FR;12;2022-02-09;0;0;0;0;0;0;0;0;0;0;0;0;0;0;0;0;0;0
FR;12;2022-02-10;0;0;0;0;0;0;0;0;0;0;0;0;0;0;0;0;0;0
FR;12;2022-02-11;0;0;0;0;0;0;0;0;0;0;0;0;0;0;0;0;0;0
FR;12;2022-02-12;0;0;0;0;0;0;0;0;0;0;0;0;0;0;0;0;0;0
FR;12;2022-02-13;0;0;0;0;0;0;0;0;0;0;0;0;0;0;0;0;0;0
FR;12;2022-02-14;0;0;0;0;0;0;0;0;0;0;0;0;0;0;0;0;0;0
FR;12;2022-02-15;0;0;0;0;0;0;0;0;0;0;0;0;0;0;0;0;0;0
FR;12;2022-02-16;0;0;0;0;0;0;0;0;0;0;0;0;0;0;0;0;0;0
FR;12;2022-02-17;0;0;0;0;0;0;0;0;0;0;0;0;0;0;0;0;0;0
FR;12;2022-02-18;0;0;0;0;0;0;0;0;0;0;0;0;0;0;0;0;0;0
FR;12;2022-02-19;0;0;0;0;0;0;0;0;0;0;0;0;0;0;0;0;0;0
FR;12;2022-02-20;0;0;0;0;0;0;0;0;0;0;0;0;0;0;0;0;0;0
FR;12;2022-02-21;0;0;0;0;0;0;0;0;0;0;0;0;0;0;0;0;0;0
FR;12;2022-02-22;0;0;0;0;0;0;0;0;0;0;0;0;0;0;0;0;0;0
FR;12;2022-02-23;0;0;0;0;0;0;0;0;0;0;0;0;0;0;0;0;0;0
FR;12;2022-02-24;0;0;0;0;0;0;0;0;0;0;0;0;0;0;0;0;0;0
FR;12;2022-02-25;0;0;0;0;0;0;0;0;0;0;0;0;0;0;0;0;0;0
FR;12;2022-02-26;0;0;0;0;0;0;0;0;0;0;0;0;0;0;0;0;0;0
FR;12;2022-02-27;0;0;0;0;0;0;0;0;0;0;0;0;0;0;0;0;0;0
FR;12;2022-02-28;0;0;0;0;0;0;0;0;0;0;0;0;0;0;0;0;0;0
FR;12;2022-03-01;0;0;0;0;0;0;0;0;0;0;0;0;0;0;0;0;0;0
FR;12;2022-03-02;0;0;0;0;0;0;0;0;0;0;0;0;0;0;0;0;0;0
FR;12;2022-03-03;0;0;0;0;0;0;0;0;0;0;0;0;0;0;0;0;0;0
FR;12;2022-03-04;0;0;0;0;0;0;0;0;0;0;0;0;0;0;0;0;0;0
FR;12;2022-03-05;0;0;0;0;0;0;0;0;0;0;0;0;0;0;0;0;0;0
FR;12;2022-03-06;0;0;0;0;0;0;0;0;0;0;0;0;0;0;0;0;0;0
FR;12;2022-03-07;0;0;0;0;0;0;0;0;0;0;0;0;0;0;0;0;0;0
FR;12;2022-03-08;0;0;0;0;0;0;0;0;0;0;0;0;0;0;0;0;0;0
FR;12;2022-03-09;0;0;0;0;0;0;0;0;0;0;0;0;0;0;0;0;0;0
FR;12;2022-03-10;0;0;0;0;0;0;0;0;0;0;0;0;0;0;0;0;0;0
FR;12;2022-03-11;0;0;0;0;0;0;0;0;0;0;0;0;0;0;0;0;0;0
FR;12;2022-03-12;0;0;0;0;0;0;0;0;0;0;0;0;0;0;0;0;0;0
FR;12;2022-03-13;0;0;0;0;0;0;0;0;0;0;0;0;0;0;0;0;0;0
FR;12;2022-03-14;0;0;0;0;0;0;0;0;0;0;0;0;0;0;0;0;0;0
FR;12;2022-03-15;0;0;0;0;0;0;0;0;0;0;0;0;0;0;0;0;0;0
FR;12;2022-03-16;0;0;0;0;0;0;0;0;0;0;0;0;0;0;0;0;0;0
FR;12;2022-03-17;0;0;0;0;0;0;0;0;0;0;0;0;0;0;0;0;0;0
FR;12;2022-03-18;0;0;0;0;0;0;0;0;0;0;0;0;0;0;0;0;0;0
FR;12;2022-03-19;0;0;0;0;0;0;0;0;0;0;0;0;0;0;0;0;0;0
FR;12;2022-03-20;0;0;0;0;0;0;0;0;0;0;0;0;0;0;0;0;0;0
FR;12;2022-03-21;0;0;0;0;0;0;0;0;0;0;0;0;0;0;0;0;0;0
FR;12;2022-03-22;0;0;0;0;0;0;0;0;0;0;0;0;0;0;0;0;0;0
FR;12;2022-03-23;0;0;0;0;0;0;0;0;0;0;0;0;0;0;0;0;0;0
FR;12;2022-03-24;0;0;0;0;0;0;0;0;0;0;0;0;0;0;0;0;0;0
FR;12;2022-03-25;0;0;0;0;0;0;0;0;0;0;0;0;0;0;0;0;0;0
FR;12;2022-03-26;0;0;0;0;0;0;0;0;0;0;0;0;0;0;0;0;0;0
FR;12;2022-03-27;0;0;0;0;0;0;0;0;0;0;0;0;0;0;0;0;0;0
FR;12;2022-03-28;0;0;0;0;0;0;0;0;0;0;0;0;0;0;0;0;0;0
FR;12;2022-03-29;0;0;0;0;0;0;0;0;0;0;0;0;0;0;0;0;0;0
FR;12;2022-03-30;0;0;0;0;0;0;0;0;0;0;0;0;0;0;0;0;0;0
FR;12;2022-03-31;0;0;0;0;0;0;0;0;0;0;0;0;0;0;0;0;0;0
FR;12;2022-04-01;0;0;0;0;0;0;0;0;0;0;0;0;0;0;0;0;0;0
FR;12;2022-04-02;0;0;0;0;0;0;0;0;0;0;0;0;0;0;0;0;0;0
FR;12;2022-04-03;0;0;0;0;0;0;0;0;0;0;0;0;0;0;0;0;0;0
FR;12;2022-04-04;0;0;0;0;0;0;0;0;0;0;0;0;0;0;0;0;0;0
FR;12;2022-04-05;0;0;0;0;0;0;0;0;0;0;0;0;0;0;0;0;0;0
FR;12;2022-04-06;0;0;0;0;0;0;0;0;0;0;0;0;0;0;0;0;0;0
FR;12;2022-04-07;0;0;0;0;0;0;0;0;0;0;0;0;0;0;0;0;0;0
FR;12;2022-04-08;0;0;0;0;0;0;0;0;0;0;0;0;0;0;0;0;0;0
FR;12;2022-04-09;0;0;0;0;0;0;0;0;0;0;0;0;0;0;0;0;0;0
FR;12;2022-04-10;0;0;0;0;0;0;0;0;0;0;0;0;0;0;0;0;0;0
FR;12;2022-04-11;0;0;0;0;0;0;0;0;0;0;0;0;0;0;0;0;0;0
FR;12;2022-04-12;0;0;0;0;0;0;0;0;0;0;0;0;0;0;0;0;0;0
FR;12;2022-04-13;0;0;0;0;0;0;0;0;0;0;0;0;0;0;0;0;0;0
FR;12;2022-04-14;0;0;0;0;0;0;0;0;0;0;0;0;0;0;0;0;0;0
FR;12;2022-04-15;0;0;0;0;0;0;0;0;0;0;0;0;0;0;0;0;0;0
FR;12;2022-04-16;0;0;0;0;0;0;0;0;0;0;0;0;0;0;0;0;0;0
FR;12;2022-04-17;0;0;0;0;0;0;0;0;0;0;0;0;0;0;0;0;0;0
FR;12;2022-04-18;0;0;0;0;0;0;0;0;0;0;0;0;0;0;0;0;0;0
FR;12;2022-04-19;0;0;0;0;0;0;0;0;0;0;0;0;0;0;0;0;0;0
FR;12;2022-04-20;0;0;0;0;0;0;0;0;0;0;0;0;0;0;0;0;0;0
FR;12;2022-04-21;0;0;0;0;0;0;0;0;0;0;0;0;0;0;0;0;0;0
FR;12;2022-04-22;0;0;0;0;0;0;0;0;0;0;0;0;0;0;0;0;0;0
FR;12;2022-04-23;0;0;0;0;0;0;0;0;0;0;0;0;0;0;0;0;0;0
FR;12;2022-04-24;0;0;0;0;0;0;0;0;0;0;0;0;0;0;0;0;0;0
FR;12;2022-04-25;0;0;0;0;0;0;0;0;0;0;0;0;0;0;0;0;0;0
FR;12;2022-04-26;0;0;0;0;0;0;0;0;0;0;0;0;0;0;0;0;0;0
FR;12;2022-04-27;0;0;0;0;0;0;0;0;0;0;0;0;0;0;0;0;0;0
FR;12;2022-04-28;0;0;0;0;0;0;0;0;0;0;0;0;0;0;0;0;0;0
FR;12;2022-04-29;0;0;0;0;0;0;0;0;0;0;0;0;0;0;0;0;0;0
FR;12;2022-04-30;0;0;0;0;0;0;0;0;0;0;0;0;0;0;0;0;0;0
FR;12;2022-05-01;0;0;0;0;0;0;0;0;0;0;0;0;0;0;0;0;0;0
FR;12;2022-05-02;0;0;0;0;0;0;0;0;0;0;0;0;0;0;0;0;0;0
FR;12;2022-05-03;0;0;0;0;0;0;0;0;0;0;0;0;0;0;0;0;0;0
FR;12;2022-05-04;0;0;0;0;0;0;0;0;0;0;0;0;0;0;0;0;0;0
FR;12;2022-05-05;0;0;0;0;0;0;0;0;0;0;0;0;0;0;0;0;0;0
FR;12;2022-05-06;0;0;0;0;0;0;0;0;0;0;0;0;0;0;0;0;0;0
FR;12;2022-05-07;0;0;0;0;0;0;0;0;0;0;0;0;0;0;0;0;0;0
FR;12;2022-05-08;0;0;0;0;0;0;0;0;0;0;0;0;0;0;0;0;0;0
FR;12;2022-05-09;0;0;0;0;0;0;0;0;0;0;0;0;0;0;0;0;0;0
FR;12;2022-05-10;0;0;0;0;0;0;0;0;0;0;0;0;0;0;0;0;0;0
FR;12;2022-05-11;0;0;0;0;0;0;0;0;0;0;0;0;0;0;0;0;0;0
FR;12;2022-05-12;0;0;0;0;0;0;0;0;0;0;0;0;0;0;0;0;0;0
FR;12;2022-05-13;0;0;0;0;0;0;0;0;0;0;0;0;0;0;0;0;0;0
FR;12;2022-05-14;0;0;0;0;0;0;0;0;0;0;0;0;0;0;0;0;0;0
FR;12;2022-05-15;0;0;0;0;0;0;0;0;0;0;0;0;0;0;0;0;0;0
FR;12;2022-05-16;0;0;0;0;0;0;0;0;0;0;0;0;0;0;0;0;0;0
FR;12;2022-05-17;0;0;0;0;0;0;0;0;0;0;0;0;0;0;0;0;0;0
FR;12;2022-05-18;0;0;0;0;0;0;0;0;0;0;0;0;0;0;0;0;0;0
FR;12;2022-05-19;0;0;0;0;0;0;0;0;0;0;0;0;0;0;0;0;0;0
FR;12;2022-05-20;0;0;0;0;0;0;0;0;0;0;0;0;0;0;0;0;0;0
FR;12;2022-05-21;0;0;0;0;0;0;0;0;0;0;0;0;0;0;0;0;0;0
FR;12;2022-05-22;0;0;0;0;0;0;0;0;0;0;0;0;0;0;0;0;0;0
FR;12;2022-05-23;0;0;0;0;0;0;0;0;0;0;0;0;0;0;0;0;0;0
FR;12;2022-05-24;0;0;0;0;0;0;0;0;0;0;0;0;0;0;0;0;0;0
FR;12;2022-05-25;0;0;0;0;0;0;0;0;0;0;0;0;0;0;0;0;0;0
FR;12;2022-05-26;0;0;0;0;0;0;0;0;0;0;0;0;0;0;0;0;0;0
FR;12;2022-05-27;0;0;0;0;0;0;0;0;0;0;0;0;0;0;0;0;0;0
FR;12;2022-05-28;0;0;0;0;0;0;0;0;0;0;0;0;0;0;0;0;0;0
FR;12;2022-05-29;0;0;0;0;0;0;0;0;0;0;0;0;0;0;0;0;0;0
FR;12;2022-05-30;0;0;0;0;0;0;0;0;0;0;0;0;0;0;0;0;0;0
FR;12;2022-05-31;0;0;0;0;0;0;0;0;0;0;0;0;0;0;0;0;0;0
FR;12;2022-06-01;0;0;0;0;0;0;0;0;0;0;0;0;0;0;0;0;0;0
FR;12;2022-06-02;0;0;0;0;0;0;0;0;0;0;0;0;0;0;0;0;0;0
FR;12;2022-06-03;0;0;0;0;0;0;0;0;0;0;0;0;0;0;0;0;0;0
FR;12;2022-06-04;0;0;0;0;0;0;0;0;0;0;0;0;0;0;0;0;0;0
FR;12;2022-06-05;0;0;0;0;0;0;0;0;0;0;0;0;0;0;0;0;0;0
FR;12;2022-06-06;0;0;0;0;0;0;0;0;0;0;0;0;0;0;0;0;0;0
FR;12;2022-06-07;0;0;0;0;0;0;0;0;0;0;0;0;0;0;0;0;0;0
FR;12;2022-06-08;0;0;0;0;0;0;0;0;0;0;0;0;0;0;0;0;0;0
FR;12;2022-06-09;0;0;0;0;0;0;0;0;0;0;0;0;0;0;0;0;0;0
FR;12;2022-06-10;0;0;0;0;0;0;0;0;0;0;0;0;0;0;0;0;0;0
FR;12;2022-06-11;0;0;0;0;0;0;0;0;0;0;0;0;0;0;0;0;0;0
FR;12;2022-06-12;0;0;0;0;0;0;0;0;0;0;0;0;0;0;0;0;0;0
FR;12;2022-06-13;0;0;0;0;0;0;0;0;0;0;0;0;0;0;0;0;0;0
FR;12;2022-06-14;0;0;0;0;0;0;0;0;0;0;0;0;0;0;0;0;0;0
FR;12;2022-06-15;0;0;0;0;0;0;0;0;0;0;0;0;0;0;0;0;0;0
FR;12;2022-06-16;0;0;0;0;0;0;0;0;0;0;0;0;0;0;0;0;0;0
FR;12;2022-06-17;0;0;0;0;0;0;0;0;0;0;0;0;0;0;0;0;0;0
FR;12;2022-06-18;0;0;0;0;0;0;0;0;0;0;0;0;0;0;0;0;0;0
FR;12;2022-06-19;0;0;0;0;0;0;0;0;0;0;0;0;0;0;0;0;0;0
FR;12;2022-06-20;0;0;0;0;0;0;0;0;0;0;0;0;0;0;0;0;0;0
FR;12;2022-06-21;0;0;0;0;0;0;0;0;0;0;0;0;0;0;0;0;0;0
FR;12;2022-06-22;0;0;0;0;0;0;0;0;0;0;0;0;0;0;0;0;0;0
FR;12;2022-06-23;0;0;0;0;0;0;0;0;0;0;0;0;0;0;0;0;0;0
FR;12;2022-06-24;0;0;0;0;0;0;0;0;0;0;0;0;0;0;0;0;0;0
FR;12;2022-06-25;0;0;0;0;0;0;0;0;0;0;0;0;0;0;0;0;0;0
FR;12;2022-06-26;0;0;0;0;0;0;0;0;0;0;0;0;0;0;0;0;0;0
FR;12;2022-06-27;0;0;0;0;0;0;0;0;0;0;0;0;0;0;0;0;0;0
FR;12;2022-06-28;0;0;0;0;0;0;0;0;0;0;0;0;0;0;0;0;0;0
FR;12;2022-06-29;0;0;0;0;0;0;0;0;0;0;0;0;0;0;0;0;0;0
FR;12;2022-06-30;0;0;0;0;0;0;0;0;0;0;0;0;0;0;0;0;0;0
FR;12;2022-07-01;0;0;0;0;0;0;0;0;0;0;0;0;0;0;0;0;0;0
FR;12;2022-07-02;0;0;0;0;0;0;0;0;0;0;0;0;0;0;0;0;0;0
FR;12;2022-07-03;0;0;0;0;0;0;0;0;0;0;0;0;0;0;0;0;0;0
FR;12;2022-07-04;0;0;0;0;0;0;0;0;0;0;0;0;0;0;0;0;0;0
FR;12;2022-07-05;0;0;0;0;0;0;0;0;0;0;0;0;0;0;0;0;0;0
FR;12;2022-07-06;0;0;0;0;0;0;0;0;0;0;0;0;0;0;0;0;0;0
FR;12;2022-07-07;0;0;0;0;0;0;0;0;0;0;0;0;0;0;0;0;0;0
FR;12;2022-07-08;0;0;0;0;0;0;0;0;0;0;0;0;0;0;0;0;0;0
FR;12;2022-07-09;0;0;0;0;0;0;0;0;0;0;0;0;0;0;0;0;0;0
FR;12;2022-07-10;0;0;0;0;0;0;0;0;0;0;0;0;0;0;0;0;0;0
FR;12;2022-07-11;0;0;0;0;0;0;0;0;0;0;0;0;0;0;0;0;0;0
FR;12;2022-07-12;0;0;0;0;0;0;0;0;0;0;0;0;0;0;0;0;0;0
FR;12;2022-07-13;0;0;0;0;0;0;0;0;0;0;0;0;0;0;0;0;0;0
FR;12;2022-07-14;0;0;0;0;0;0;0;0;0;0;0;0;0;0;0;0;0;0
FR;12;2022-07-15;0;0;0;0;0;0;0;0;0;0;0;0;0;0;0;0;0;0
FR;12;2022-07-16;0;0;0;0;0;0;0;0;0;0;0;0;0;0;0;0;0;0
FR;12;2022-07-17;0;0;0;0;0;0;0;0;0;0;0;0;0;0;0;0;0;0
FR;12;2022-07-18;0;0;0;0;0;0;0;0;0;0;0;0;0;0;0;0;0;0
FR;12;2022-07-19;0;0;0;0;0;0;0;0;0;0;0;0;0;0;0;0;0;0
FR;12;2022-07-20;0;0;0;0;0;0;0;0;0;0;0;0;0;0;0;0;0;0
FR;12;2022-07-21;0;0;0;0;0;0;0;0;0;0;0;0;0;0;0;0;0;0
FR;12;2022-07-22;0;0;0;0;0;0;0;0;0;0;0;0;0;0;0;0;0;0
FR;12;2022-07-23;0;0;0;0;0;0;0;0;0;0;0;0;0;0;0;0;0;0
FR;12;2022-07-24;0;0;0;0;0;0;0;0;0;0;0;0;0;0;0;0;0;0
FR;12;2022-07-25;0;0;0;0;0;0;0;0;0;0;0;0;0;0;0;0;0;0
FR;12;2022-07-26;0;0;0;0;0;0;0;0;0;0;0;0;0;0;0;0;0;0
FR;12;2022-07-27;0;0;0;0;0;0;0;0;0;0;0;0;0;0;0;0;0;0
FR;12;2022-07-28;0;0;0;0;0;0;0;0;0;0;0;0;0;0;0;0;0;0
FR;12;2022-07-29;0;0;0;0;0;0;0;0;0;0;0;0;0;0;0;0;0;0
FR;12;2022-07-30;0;0;0;0;0;0;0;0;0;0;0;0;0;0;0;0;0;0
FR;12;2022-07-31;0;0;0;0;0;0;0;0;0;0;0;0;0;0;0;0;0;0
FR;12;2022-08-01;0;0;0;0;0;0;0;0;0;0;0;0;0;0;0;0;0;0
FR;12;2022-08-02;0;0;0;0;0;0;0;0;0;0;0;0;0;0;0;0;0;0
FR;12;2022-08-03;0;0;0;0;0;0;0;0;0;0;0;0;0;0;0;0;0;0
FR;12;2022-08-04;0;0;0;0;0;0;0;0;0;0;0;0;0;0;0;0;0;0
FR;12;2022-08-05;0;0;0;0;0;0;0;0;0;0;0;0;0;0;0;0;0;0
FR;12;2022-08-06;0;0;0;0;0;0;0;0;0;0;0;0;0;0;0;0;0;0
FR;12;2022-08-07;0;0;0;0;0;0;0;0;0;0;0;0;0;0;0;0;0;0
FR;12;2022-08-08;0;0;0;0;0;0;0;0;0;0;0;0;0;0;0;0;0;0
FR;12;2022-08-09;0;0;0;0;0;0;0;0;0;0;0;0;0;0;0;0;0;0
FR;12;2022-08-10;0;0;0;0;0;0;0;0;0;0;0;0;0;0;0;0;0;0
FR;12;2022-08-11;0;0;0;0;0;0;0;0;0;0;0;0;0;0;0;0;0;0
FR;12;2022-08-12;0;0;0;0;0;0;0;0;0;0;0;0;0;0;0;0;0;0
FR;12;2022-08-13;0;0;0;0;0;0;0;0;0;0;0;0;0;0;0;0;0;0
FR;12;2022-08-14;0;0;0;0;0;0;0;0;0;0;0;0;0;0;0;0;0;0
FR;12;2022-08-15;0;0;0;0;0;0;0;0;0;0;0;0;0;0;0;0;0;0
FR;12;2022-08-16;0;0;0;0;0;0;0;0;0;0;0;0;0;0;0;0;0;0
FR;12;2022-08-17;0;0;0;0;0;0;0;0;0;0;0;0;0;0;0;0;0;0
FR;12;2022-08-18;0;0;0;0;0;0;0;0;0;0;0;0;0;0;0;0;0;0
FR;12;2022-08-19;0;0;0;0;0;0;0;0;0;0;0;0;0;0;0;0;0;0
FR;12;2022-08-20;0;0;0;0;0;0;0;0;0;0;0;0;0;0;0;0;0;0
FR;12;2022-08-21;0;0;0;0;0;0;0;0;0;0;0;0;0;0;0;0;0;0
FR;12;2022-08-22;0;0;0;0;0;0;0;0;0;0;0;0;0;0;0;0;0;0
FR;12;2022-08-23;0;0;0;0;0;0;0;0;0;0;0;0;0;0;0;0;0;0
FR;12;2022-08-24;0;0;0;0;0;0;0;0;0;0;0;0;0;0;0;0;0;0
FR;12;2022-08-25;0;0;0;0;0;0;0;0;0;0;0;0;0;0;0;0;0;0
FR;12;2022-08-26;0;0;0;0;0;0;0;0;0;0;0;0;0;0;0;0;0;0
FR;12;2022-08-27;0;0;0;0;0;0;0;0;0;0;0;0;0;0;0;0;0;0
FR;12;2022-08-28;0;0;0;0;0;0;0;0;0;0;0;0;0;0;0;0;0;0
FR;12;2022-08-29;0;0;0;0;0;0;0;0;0;0;0;0;0;0;0;0;0;0
FR;12;2022-08-30;0;0;0;0;0;0;0;0;0;0;0;0;0;0;0;0;0;0
FR;12;2022-08-31;0;0;0;0;0;0;0;0;0;0;0;0;0;0;0;0;0;0
FR;12;2022-09-01;0;0;0;0;0;0;0;0;0;0;0;0;0;0;0;0;0;0
FR;12;2022-09-02;0;0;0;0;0;0;0;0;0;0;0;0;0;0;0;0;0;0
FR;12;2022-09-03;0;0;0;0;0;0;0;0;0;0;0;0;0;0;0;0;0;0
FR;12;2022-09-04;0;0;0;0;0;0;0;0;0;0;0;0;0;0;0;0;0;0
FR;12;2022-09-05;0;0;0;0;0;0;0;0;0;0;0;0;0;0;0;0;0;0
FR;12;2022-09-06;0;0;0;0;0;0;0;0;0;0;0;0;0;0;0;0;0;0
FR;12;2022-09-07;0;0;0;0;0;0;0;0;0;0;0;0;0;0;0;0;0;0
FR;12;2022-09-08;0;0;0;0;0;0;0;0;0;0;0;0;0;0;0;0;0;0
FR;12;2022-09-09;0;0;0;0;0;0;0;0;0;0;0;0;0;0;0;0;0;0
FR;12;2022-09-10;0;0;0;0;0;0;0;0;0;0;0;0;0;0;0;0;0;0
FR;12;2022-09-11;0;0;0;0;0;0;0;0;0;0;0;0;0;0;0;0;0;0
FR;12;2022-09-12;0;0;0;0;0;0;0;0;0;0;0;0;0;0;0;0;0;0
FR;12;2022-09-13;0;0;0;0;0;0;0;0;0;0;0;0;0;0;0;0;0;0
FR;12;2022-09-14;0;0;0;0;0;0;0;0;0;0;0;0;0;0;0;0;0;0
FR;12;2022-09-15;0;0;0;0;0;0;0;0;0;0;0;0;0;0;0;0;0;0
FR;12;2022-09-16;0;0;0;0;0;0;0;0;0;0;0;0;0;0;0;0;0;0
FR;12;2022-09-17;0;0;0;0;0;0;0;0;0;0;0;0;0;0;0;0;0;0
FR;12;2022-09-18;0;0;0;0;0;0;0;0;0;0;0;0;0;0;0;0;0;0
FR;12;2022-09-19;0;0;0;0;0;0;0;0;0;0;0;0;0;0;0;0;0;0
FR;12;2022-09-20;0;0;0;0;0;0;0;0;0;0;0;0;0;0;0;0;0;0
FR;12;2022-09-21;0;0;0;0;0;0;0;0;0;0;0;0;0;0;0;0;0;0
FR;12;2022-09-22;0;0;0;0;0;0;0;0;0;0;0;0;0;0;0;0;0;0
FR;12;2022-09-23;0;0;0;0;0;0;0;0;0;0;0;0;0;0;0;0;0;0
FR;12;2022-09-24;0;0;0;0;0;0;0;0;0;0;0;0;0;0;0;0;0;0
FR;12;2022-09-25;0;0;0;0;0;0;0;0;0;0;0;0;0;0;0;0;0;0
FR;12;2022-09-26;0;0;0;0;0;0;0;0;0;0;0;0;0;0;0;0;0;0
FR;12;2022-09-27;0;0;0;0;0;0;0;0;0;0;0;0;0;0;0;0;0;0
FR;12;2022-09-28;0;0;0;0;0;0;0;0;0;0;0;0;0;0;0;0;0;0
FR;12;2022-09-29;0;0;0;0;0;0;0;0;0;0;0;0;0;0;0;0;0;0
FR;12;2022-09-30;0;0;0;0;0;0;0;0;0;0;0;0;0;0;0;0;0;0
FR;12;2022-10-01;0;0;0;0;0;0;0;0;0;0;0;0;0;0;0;0;0;0
FR;12;2022-10-02;0;0;0;0;0;0;0;0;0;0;0;0;0;0;0;0;0;0
FR;12;2022-10-03;0;0;0;0;0;0;0;0;0;0;0;0;0;0;0;0;0;0
FR;12;2022-10-04;0;0;0;0;0;0;0;0;0;0;0;0;0;0;0;0;0;0
FR;12;2022-10-05;0;0;0;0;0;0;0;0;0;0;0;0;0;0;0;0;0;0
FR;12;2022-10-06;0;0;0;0;0;0;0;0;0;0;0;0;0;0;0;0;0;0
FR;12;2022-10-07;0;0;0;0;0;0;0;0;0;0;0;0;0;0;0;0;0;0
FR;12;2022-10-08;0;0;0;0;0;0;0;0;0;0;0;0;0;0;0;0;0;0
FR;12;2022-10-09;0;0;0;0;0;0;0;0;0;0;0;0;0;0;0;0;0;0
FR;12;2022-10-10;0;0;0;0;0;0;0;0;0;0;0;0;0;0;0;0;0;0
FR;12;2022-10-11;0;0;0;0;0;0;0;0;0;0;0;0;0;0;0;0;0;0
FR;12;2022-10-12;0;0;0;0;0;0;0;0;0;0;0;0;0;0;0;0;0;0
FR;12;2022-10-13;0;0;0;0;0;0;0;0;0;0;0;0;0;0;0;0;0;0
FR;12;2022-10-14;0;0;0;0;0;0;0;0;0;0;0;0;0;0;0;0;0;0
FR;12;2022-10-15;0;0;0;0;0;0;0;0;0;0;0;0;0;0;0;0;0;0
FR;12;2022-10-16;0;0;0;0;0;0;0;0;0;0;0;0;0;0;0;0;0;0
FR;12;2022-10-17;0;0;0;0;0;0;0;0;0;0;0;0;0;0;0;0;0;0
FR;12;2022-10-18;0;0;0;0;0;0;0;0;0;0;0;0;0;0;0;0;0;0
FR;12;2022-10-19;0;0;0;0;0;0;0;0;0;0;0;0;0;0;0;0;0;0
FR;12;2022-10-20;0;0;0;0;0;0;0;0;0;0;0;0;0;0;0;0;0;0
FR;12;2022-10-21;0;0;0;0;0;0;0;0;0;0;0;0;0;0;0;0;0;0
FR;12;2022-10-22;0;0;0;0;0;0;0;0;0;0;0;0;0;0;0;0;0;0
FR;12;2022-10-23;0;0;0;0;0;0;0;0;0;0;0;0;0;0;0;0;0;0
FR;12;2022-10-24;0;0;0;0;0;0;0;0;0;0;0;0;0;0;0;0;0;0
FR;12;2022-10-25;0;0;0;0;0;0;0;0;0;0;0;0;0;0;0;0;0;0
FR;12;2022-10-26;0;0;0;0;0;0;0;0;0;0;0;0;0;0;0;0;0;0
FR;12;2022-10-27;0;0;0;0;0;0;0;0;0;0;0;0;0;0;0;0;0;0
FR;12;2022-10-28;0;0;0;0;0;0;0;0;0;0;0;0;0;0;0;0;0;0
FR;12;2022-10-29;0;0;0;0;0;0;0;0;0;0;0;0;0;0;0;0;0;0
FR;12;2022-10-30;0;0;0;0;0;0;0;0;0;0;0;0;0;0;0;0;0;0
FR;12;2022-10-31;0;0;0;0;0;0;0;0;0;0;0;0;0;0;0;0;0;0
FR;12;2022-11-01;0;0;0;0;0;0;0;0;0;0;0;0;0;0;0;0;0;0
FR;12;2022-11-02;0;0;0;0;0;0;0;0;0;0;0;0;0;0;0;0;0;0
FR;12;2022-11-03;0;0;0;0;0;0;0;0;0;0;0;0;0;0;0;0;0;0
FR;12;2022-11-04;0;0;0;0;0;0;0;0;0;0;0;0;0;0;0;0;0;0
FR;12;2022-11-05;0;0;0;0;0;0;0;0;0;0;0;0;0;0;0;0;0;0
FR;12;2022-11-06;0;0;0;0;0;0;0;0;0;0;0;0;0;0;0;0;0;0
FR;12;2022-11-07;0;0;0;0;0;0;0;0;0;0;0;0;0;0;0;0;0;0
FR;12;2022-11-08;0;0;0;0;0;0;0;0;0;0;0;0;0;0;0;0;0;0
FR;12;2022-11-09;0;0;0;0;0;0;0;0;0;0;0;0;0;0;0;0;0;0
FR;12;2022-11-10;0;0;0;0;0;0;0;0;0;0;0;0;0;0;0;0;0;0
FR;12;2022-11-11;0;0;0;0;0;0;0;0;0;0;0;0;0;0;0;0;0;0
FR;12;2022-11-12;0;0;0;0;0;0;0;0;0;0;0;0;0;0;0;0;0;0
FR;12;2022-11-13;0;0;0;0;0;0;0;0;0;0;0;0;0;0;0;0;0;0
FR;12;2022-11-14;0;0;0;0;0;0;0;0;0;0;0;0;0;0;0;0;0;0
FR;12;2022-11-15;0;0;0;0;0;0;0;0;0;0;0;0;0;0;0;0;0;0
FR;12;2022-11-16;0;0;0;0;0;0;0;0;0;0;0;0;0;0;0;0;0;0
FR;12;2022-11-17;0;0;0;0;0;0;0;0;0;0;0;0;0;0;0;0;0;0
FR;12;2022-11-18;0;0;0;0;0;0;0;0;0;0;0;0;0;0;0;0;0;0
FR;12;2022-11-19;0;0;0;0;0;0;0;0;0;0;0;0;0;0;0;0;0;0
FR;12;2022-11-20;0;0;0;0;0;0;0;0;0;0;0;0;0;0;0;0;0;0
FR;12;2022-11-21;0;0;0;0;0;0;0;0;0;0;0;0;0;0;0;0;0;0
FR;12;2022-11-22;0;0;0;0;0;0;0;0;0;0;0;0;0;0;0;0;0;0
FR;12;2022-11-23;0;0;0;0;0;0;0;0;0;0;0;0;0;0;0;0;0;0
FR;12;2022-11-24;0;0;0;0;0;0;0;0;0;0;0;0;0;0;0;0;0;0
FR;12;2022-11-25;0;0;0;0;0;0;0;0;0;0;0;0;0;0;0;0;0;0
FR;12;2022-11-26;0;0;0;0;0;0;0;0;0;0;0;0;0;0;0;0;0;0
FR;12;2022-11-27;0;0;0;0;0;0;0;0;0;0;0;0;0;0;0;0;0;0
FR;12;2022-11-28;0;0;0;0;0;0;0;0;0;0;0;0;0;0;0;0;0;0
FR;12;2022-11-29;0;0;0;0;0;0;0;0;0;0;0;0;0;0;0;0;0;0
FR;12;2022-11-30;0;0;0;0;0;0;0;0;0;0;0;0;0;0;0;0;0;0
FR;12;2022-12-01;0;0;0;0;0;0;0;0;0;0;0;0;0;0;0;0;0;0
FR;12;2022-12-02;0;0;0;0;0;0;0;0;0;0;0;0;0;0;0;0;0;0
FR;12;2022-12-03;0;0;0;0;0;0;0;0;0;0;0;0;0;0;0;0;0;0
FR;12;2022-12-04;0;0;0;0;0;0;0;0;0;0;0;0;0;0;0;0;0;0
FR;12;2022-12-05;0;0;0;0;0;0;0;0;0;0;0;0;0;0;0;0;0;0
FR;12;2022-12-06;0;0;0;0;0;0;0;0;0;0;0;0;0;0;0;0;0;0
FR;12;2022-12-07;0;0;0;0;0;0;0;0;0;0;0;0;0;0;0;0;0;0
FR;12;2022-12-08;0;0;0;0;0;0;0;0;0;0;0;0;0;0;0;0;0;0
FR;12;2022-12-09;0;0;0;0;0;0;0;0;0;0;0;0;0;0;0;0;0;0
FR;12;2022-12-10;0;0;0;0;0;0;0;0;0;0;0;0;0;0;0;0;0;0
FR;12;2022-12-11;0;0;0;0;0;0;0;0;0;0;0;0;0;0;0;0;0;0
FR;12;2022-12-12;0;0;0;0;0;0;0;0;0;0;0;0;0;0;0;0;0;0
FR;12;2022-12-13;0;0;0;0;0;0;0;0;0;0;0;0;0;0;0;0;0;0
FR;12;2022-12-14;0;0;0;0;0;0;0;0;0;0;0;0;0;0;0;0;0;0
FR;12;2022-12-15;0;0;0;0;0;0;0;0;0;0;0;0;0;0;0;0;0;0
FR;12;2022-12-16;0;0;0;0;0;0;0;0;0;0;0;0;0;0;0;0;0;0
FR;12;2022-12-17;0;0;0;0;0;0;0;0;0;0;0;0;0;0;0;0;0;0
FR;12;2022-12-18;0;0;0;0;0;0;0;0;0;0;0;0;0;0;0;0;0;0
FR;12;2022-12-19;0;0;0;0;0;0;0;0;0;0;0;0;0;0;0;0;0;0
FR;12;2022-12-20;0;0;0;0;0;0;0;0;0;0;0;0;0;0;0;0;0;0
FR;12;2022-12-21;0;0;0;0;0;0;0;0;0;0;0;0;0;0;0;0;0;0
FR;12;2022-12-22;0;0;0;0;0;0;0;0;0;0;0;0;0;0;0;0;0;0
FR;12;2022-12-23;0;0;0;0;0;0;0;0;0;0;0;0;0;0;0;0;0;0
FR;12;2022-12-24;0;0;0;0;0;0;0;0;0;0;0;0;0;0;0;0;0;0
FR;12;2022-12-25;0;0;0;0;0;0;0;0;0;0;0;0;0;0;0;0;0;0
FR;12;2022-12-26;0;0;0;0;0;0;0;0;0;0;0;0;0;0;0;0;0;0
FR;12;2022-12-27;0;0;0;0;0;0;0;0;0;0;0;0;0;0;0;0;0;0
FR;12;2022-12-28;0;0;0;0;0;0;0;0;0;0;0;0;0;0;0;0;0;0
FR;12;2022-12-29;0;0;0;0;0;0;0;0;0;0;0;0;0;0;0;0;0;0
FR;12;2022-12-30;0;0;0;0;0;0;0;0;0;0;0;0;0;0;0;0;0;0
FR;12;2022-12-31;0;0;0;0;0;0;0;0;0;0;0;0;0;0;0;0;0;0
FR;12;2023-01-01;0;0;0;0;0;0;0;0;0;0;0;0;0;0;0;0;0;0
FR;12;2023-01-02;0;0;0;0;0;0;0;0;0;0;0;0;0;0;0;0;0;0
FR;12;2023-01-03;0;0;0;0;0;0;0;0;0;0;0;0;0;0;0;0;0;0
FR;12;2023-01-04;0;0;0;0;0;0;0;0;0;0;0;0;0;0;0;0;0;0
FR;12;2023-01-05;0;0;0;0;0;0;0;0;0;0;0;0;0;0;0;0;0;0
FR;12;2023-01-06;0;0;0;0;0;0;0;0;0;0;0;0;0;0;0;0;0;0
FR;12;2023-01-07;0;0;0;0;0;0;0;0;0;0;0;0;0;0;0;0;0;0
FR;12;2023-01-08;0;0;0;0;0;0;0;0;0;0;0;0;0;0;0;0;0;0
FR;12;2023-01-09;0;0;0;0;0;0;0;0;0;0;0;0;0;0;0;0;0;0
FR;12;2023-01-10;0;0;0;0;0;0;0;0;0;0;0;0;0;0;0;0;0;0
FR;12;2023-01-11;0;0;0;0;0;0;0;0;0;0;0;0;0;0;0;0;0;0
FR;12;2023-01-12;0;0;0;0;0;0;0;0;0;0;0;0;0;0;0;0;0;0
FR;12;2023-01-13;0;0;0;0;0;0;0;0;0;0;0;0;0;0;0;0;0;0
FR;12;2023-01-14;0;0;0;0;0;0;0;0;0;0;0;0;0;0;0;0;0;0
FR;12;2023-01-15;0;0;0;0;0;0;0;0;0;0;0;0;0;0;0;0;0;0
FR;12;2023-01-16;0;0;0;0;0;0;0;0;0;0;0;0;0;0;0;0;0;0
FR;12;2023-01-17;0;0;0;0;0;0;0;0;0;0;0;0;0;0;0;0;0;0
FR;12;2023-01-18;0;0;0;0;0;0;0;0;0;0;0;0;0;0;0;0;0;0
FR;12;2023-01-19;0;0;0;0;0;0;0;0;0;0;0;0;0;0;0;0;0;0
FR;12;2023-01-20;0;0;0;0;0;0;0;0;0;0;0;0;0;0;0;0;0;0
FR;12;2023-01-21;0;0;0;0;0;0;0;0;0;0;0;0;0;0;0;0;0;0
FR;12;2023-01-22;0;0;0;0;0;0;0;0;0;0;0;0;0;0;0;0;0;0
FR;12;2023-01-23;0;0;0;0;0;0;0;0;0;0;0;0;0;0;0;0;0;0
FR;12;2023-01-24;0;0;0;0;0;0;0;0;0;0;0;0;0;0;0;0;0;0
FR;12;2023-01-25;0;0;0;0;0;0;0;0;0;0;0;0;0;0;0;0;0;0
FR;12;2023-01-26;0;0;0;0;0;0;0;0;0;0;0;0;0;0;0;0;0;0
FR;12;2023-01-27;0;0;0;0;0;0;0;0;0;0;0;0;0;0;0;0;0;0
FR;12;2023-01-28;0;0;0;0;0;0;0;0;0;0;0;0;0;0;0;0;0;0
FR;12;2023-01-29;0;0;0;0;0;0;0;0;0;0;0;0;0;0;0;0;0;0
FR;12;2023-01-30;0;0;0;0;0;0;0;0;0;0;0;0;0;0;0;0;0;0
FR;12;2023-01-31;0;0;0;0;0;0;0;0;0;0;0;0;0;0;0;0;0;0
FR;12;2023-02-01;0;0;0;0;0;0;0;0;0;0;0;0;0;0;0;0;0;0
FR;12;2023-02-02;0;0;0;1;0;0;0;2;2;0;0;0;1;0;0;0;2;2
FR;12;2023-02-03;0;1;6;57;0;4;58;141;77;0;1;6;58;0;4;58;143;79
FR;12;2023-02-04;1;3;6;51;1;5;52;110;52;1;4;12;109;1;9;110;253;131
FR;12;2023-02-05;0;0;0;0;0;0;0;1;1;1;4;12;109;1;9;110;254;132
FR;12;2023-02-06;3;2;13;63;0;11;69;154;69;4;6;25;172;1;20;179;408;201
FR;12;2023-02-07;2;7;18;95;4;13;98;237;121;6;13;43;267;5;33;277;645;322
FR;12;2023-02-08;1;3;10;62;1;10;69;170;89;7;16;53;329;6;43;346;815;411
FR;12;2023-02-09;5;3;12;75;2;13;78;284;190;12;19;65;404;8;56;424;1099;601
FR;12;2023-02-10;4;2;22;140;4;12;150;327;162;16;21;87;544;12;68;574;1426;763
FR;12;2023-02-11;0;2;8;59;1;3;58;123;60;16;23;95;603;13;71;632;1549;823
FR;12;2023-02-12;0;0;0;3;0;0;3;7;3;16;23;95;606;13;71;635;1556;826
FR;12;2023-02-13;0;0;17;78;0;8;85;217;114;16;23;112;684;13;79;720;1773;940
FR;12;2023-02-14;3;5;17;96;5;14;99;229;108;19;28;129;780;18;93;819;2002;1048
FR;12;2023-02-15;3;5;19;85;0;13;86;236;132;22;33;148;865;18;106;905;2238;1180
FR;12;2023-02-16;5;3;16;107;3;13;103;247;129;27;36;164;972;21;119;1008;2485;1309
FR;12;2023-02-17;2;4;12;115;3;11;110;280;153;29;40;176;1087;24;130;1118;2765;1462
FR;12;2023-02-18;1;4;10;51;2;12;52;102;36;30;44;186;1138;26;142;1170;2867;1498
FR;12;2023-02-19;0;0;0;2;0;0;1;2;1;30;44;186;1140;26;142;1171;2869;1499
FR;12;2023-02-20;10;2;11;65;6;11;69;218;131;40;46;197;1205;32;153;1240;3087;1630
FR;12;2023-02-21;6;6;19;98;4;14;94;280;167;46;52;216;1303;36;167;1334;3367;1797
FR;12;2023-02-22;2;4;19;74;2;20;78;231;125;48;56;235;1377;38;187;1412;3598;1922
FR;12;2023-02-23;4;3;20;88;2;16;87;265;155;52;59;255;1465;40;203;1499;3863;2077
FR;12;2023-02-24;3;7;20;135;3;17;142;360;189;55;66;275;1600;43;220;1641;4223;2266
FR;12;2023-02-25;7;1;19;92;1;10;106;200;77;62;67;294;1692;44;230;1747;4423;2343
FR;12;2023-02-26;0;0;0;0;0;0;0;2;2;62;67;294;1692;44;230;1747;4425;2345
FR;12;2023-02-27;6;10;20;92;8;16;95;270;156;68;77;314;1784;52;246;1842;4695;2501
FR;12;2023-02-28;6;9;21;125;0;23;128;385;227;74;86;335;1909;52;269;1970;5080;2728
FR;12;2023-03-01;3;7;23;78;2;18;91;292;175;77;93;358;1987;54;287;2061;5372;2903
FR;12;2023-03-02;9;9;21;110;6;18;117;304;163;86;102;379;2097;60;305;2178;5676;3066
FR;12;2023-03-03;10;8;45;142;7;39;148;418;220;96;110;424;2239;67;344;2326;6094;3286
FR;12;2023-03-04;3;2;12;55;0;10;53;119;49;99;112;436;2294;67;354;2379;6213;3335
FR;12;2023-03-05;0;1;1;2;1;1;2;8;5;99;113;437;2296;68;355;2381;6221;3340
FR;12;2023-03-06;4;5;27;74;2;20;82;268;157;103;118;464;2370;70;375;2463;6489;3497
FR;12;2023-03-07;6;10;29;130;9;24;132;356;191;109;128;493;2500;79;399;2595;6845;3688
FR;12;2023-03-08;4;7;27;71;5;22;77;249;137;113;135;520;2571;84;421;2672;7094;3825
FR;12;2023-03-09;4;8;18;91;4;22;85;323;197;117;143;538;2662;88;443;2757;7417;4022
FR;12;2023-03-10;11;7;23;137;9;23;133;367;208;128;150;561;2799;97;466;2890;7784;4230
FR;12;2023-03-11;1;4;15;45;4;9;50;132;72;129;154;576;2844;101;475;2940;7916;4302
FR;12;2023-03-12;0;2;0;2;0;2;1;5;2;129;156;576;2846;101;477;2941;7921;4304
FR;12;2023-03-13;3;4;32;101;1;28;103;294;156;132;160;608;2947;102;505;3044;8215;4460
FR;12;2023-03-14;3;7;16;85;2;15;83;322;210;135;167;624;3032;104;520;3127;8537;4670
FR;12;2023-03-15;1;4;20;66;2;19;69;225;124;136;171;644;3098;106;539;3196;8762;4794
FR;12;2023-03-16;5;5;20;100;5;13;116;300;157;141;176;664;3198;111;552;3312;9062;4951
FR;12;2023-03-17;3;11;30;112;4;28;113;388;224;144;187;694;3310;115;580;3425;9450;5175
FR;12;2023-03-18;1;4;21;53;4;17;59;144;64;145;191;715;3363;119;597;3484;9594;5239
FR;12;2023-03-19;0;0;0;6;0;0;5;10;5;145;191;715;3369;119;597;3489;9604;5244
FR;12;2023-03-20;9;8;27;87;7;23;90;258;134;154;199;742;3456;126;620;3579;9862;5378
FR;12;2023-03-21;2;7;42;81;3;36;93;355;209;156;206;784;3537;129;656;3672;10217;5587
FR;12;2023-03-22;6;4;36;50;4;29;58;241;139;162;210;820;3587;133;685;3730;10458;5726
FR;12;2023-03-23;3;8;26;80;5;25;82;264;147;165;218;846;3667;138;710;3812;10722;5873
FR;12;2023-03-24;6;2;25;99;3;22;109;347;203;171;220;871;3766;141;732;3921;11069;6076
FR;12;2023-03-25;7;8;25;61;3;14;75;160;60;178;228;896;3827;144;746;3996;11229;6136
FR;12;2023-03-26;0;1;0;1;1;0;1;7;6;178;229;896;3828;145;746;3997;11236;6142
FR;12;2023-03-27;5;10;28;77;7;23;85;283;159;183;239;924;3905;152;769;4082;11519;6301
FR;12;2023-03-28;2;5;29;95;2;25;91;344;207;185;244;953;4000;154;794;4173;11863;6508
FR;12;2023-03-29;4;7;18;52;4;20;56;201;105;189;251;971;4052;158;814;4229;12064;6613
FR;12;2023-03-30;7;2;27;65;4;19;81;281;168;196;253;998;4117;162;833;4310;12345;6781
FR;12;2023-03-31;4;14;40;120;4;39;125;420;231;200;267;1038;4237;166;872;4435;12765;7012
FR;12;2023-04-01;1;8;17;42;4;13;48;136;60;201;275;1055;4279;170;885;4483;12901;7072
FR;12;2023-04-02;0;1;1;0;0;2;0;5;3;201;276;1056;4279;170;887;4483;12906;7075
FR;12;2023-04-03;5;3;35;89;3;18;111;299;159;206;279;1091;4368;173;905;4594;13205;7234
FR;12;2023-04-04;4;7;22;85;0;26;87;383;247;210;286;1113;4453;173;931;4681;13588;7481
FR;12;2023-04-05;4;9;21;60;5;23;57;229;136;214;295;1134;4513;178;954;4738;13817;7617
FR;12;2023-04-06;7;8;25;55;3;23;67;278;162;221;303;1159;4568;181;977;4805;14095;7779
FR;12;2023-04-07;4;11;29;98;8;25;110;387;219;225;314;1188;4666;189;1002;4915;14482;7998
FR;12;2023-04-08;1;5;11;38;2;9;38;117;56;226;319;1199;4704;191;1011;4953;14599;8054
FR;12;2023-04-09;0;0;2;1;0;1;2;4;1;226;319;1201;4705;191;1012;4955;14603;8055
FR;12;2023-04-10;0;1;2;2;1;0;5;9;4;226;320;1203;4707;192;1012;4960;14612;8059
FR;12;2023-04-11;5;8;26;87;6;16;96;295;161;231;328;1229;4794;198;1028;5056;14907;8220
FR;12;2023-04-12;3;12;16;52;4;23;60;258;152;234;340;1245;4846;202;1051;5116;15165;8372
FR;12;2023-04-13;3;5;22;55;2;17;62;250;141;237;345;1267;4901;204;1068;5178;15415;8513
FR;12;2023-04-14;5;13;20;88;8;16;92;380;241;242;358;1287;4989;212;1084;5270;15795;8754
FR;12;2023-04-15;5;0;13;34;0;7;39;105;47;247;358;1300;5023;212;1091;5309;15900;8801
FR;12;2023-04-16;0;0;1;2;0;0;2;3;1;247;358;1301;5025;212;1091;5311;15903;8802
FR;12;2023-04-17;3;2;17;40;2;19;39;180;97;250;360;1318;5065;214;1110;5350;16083;8899
FR;12;2023-04-18;6;6;18;56;2;14;63;266;141;256;366;1336;5121;216;1124;5413;16349;9040
FR;0;2020-12-27;616;0;0;0;55;0;0;0;0;616;0;0;0;55;0;0;0;0
FR;0;2020-12-28;708;1;0;0;44;0;0;0;0;1324;1;0;0;99;0;0;0;0
FR;0;2020-12-29;389;0;0;0;19;0;0;0;0;1713;1;0;0;118;0;0;0;0
FR;0;2020-12-30;455;0;0;0;19;0;0;0;0;2168;1;0;0;137;0;0;0;0
FR;0;2020-12-31;451;1;0;0;21;0;0;0;0;2619;2;0;0;158;0;0;0;0
FR;0;2021-01-01;1195;2;0;0;66;0;0;0;0;3814;4;0;0;224;0;0;0;0
FR;0;2021-01-02;369;4;0;0;29;0;0;0;0;4183;8;0;0;253;0;0;0;0
FR;0;2021-01-03;419;0;0;0;23;0;0;0;0;4602;8;0;0;276;0;0;0;0
FR;0;2021-01-04;2147;5;0;0;51;0;0;0;0;6749;13;0;0;327;0;0;0;0
FR;0;2021-01-05;7782;6;0;0;128;0;0;0;0;14531;19;0;0;455;0;0;0;0
FR;0;2021-01-06;12482;23;0;0;128;0;0;0;0;27013;42;0;0;583;0;0;0;0
FR;0;2021-01-07;29480;24;0;0;159;0;0;0;0;56493;66;0;0;742;0;0;0;0
FR;0;2021-01-08;37170;35;0;0;204;0;0;0;0;93663;101;0;0;946;0;0;0;0
FR;0;2021-01-09;11220;9;0;0;77;0;0;0;0;104883;110;0;0;1023;0;0;0;0
FR;0;2021-01-10;6017;8;0;0;28;0;0;0;0;110900;118;0;0;1051;0;0;0;0
FR;0;2021-01-11;39956;39;0;0;232;0;0;0;0;150856;157;0;0;1283;0;0;0;0
FR;0;2021-01-12;62164;30;0;0;298;0;0;0;0;213020;187;0;0;1581;0;0;0;0
FR;0;2021-01-13;65150;62;0;0;433;0;0;0;0;278170;249;0;0;2014;0;0;0;0
FR;0;2021-01-14;83109;262;0;0;1171;0;0;0;0;361279;511;0;0;3185;0;0;0;0
FR;0;2021-01-15;69037;101;0;0;556;0;0;0;0;430316;612;0;0;3741;0;0;0;0
FR;0;2021-01-16;20219;73;0;0;183;0;0;0;0;450535;685;0;0;3924;0;0;0;0
FR;0;2021-01-17;10993;54;0;0;137;0;0;0;0;461528;739;0;0;4061;0;0;0;0
FR;0;2021-01-18;85924;179;0;0;614;0;0;0;0;547452;918;0;0;4675;0;0;0;0
FR;0;2021-01-19;130617;211;0;0;868;0;0;0;0;678069;1129;0;0;5543;0;0;0;0
FR;0;2021-01-20;137577;197;0;0;837;0;0;0;0;815646;1326;0;0;6380;0;0;0;0
FR;0;2021-01-21;158430;205;0;0;951;0;0;0;0;974076;1531;0;0;7331;0;0;0;0
FR;0;2021-01-22;121091;258;0;0;845;0;0;0;0;1095167;1789;0;0;8176;0;0;0;0
FR;0;2021-01-23;38492;86;0;0;223;0;0;0;0;1133659;1875;0;0;8399;0;0;0;0
FR;0;2021-01-24;9752;130;0;0;195;0;0;0;0;1143411;2005;0;0;8594;0;0;0;0
FR;0;2021-01-25;78256;1458;0;0;1809;0;0;0;0;1221667;3463;0;0;10403;0;0;0;0
FR;0;2021-01-26;100401;3709;1;0;4186;0;0;0;0;1322068;7172;1;0;14589;0;0;0;0
FR;0;2021-01-27;107266;6444;0;0;7160;0;0;0;0;1429334;13616;1;0;21749;0;0;0;0
FR;0;2021-01-28;124384;16423;0;0;17247;0;0;0;0;1553718;30039;1;0;38996;0;0;0;0
FR;0;2021-01-29;92204;18801;0;0;19377;0;0;0;0;1645922;48840;1;0;58373;0;0;0;0
FR;0;2021-01-30;29128;4535;0;0;4672;0;0;0;0;1675050;53375;1;0;63045;0;0;0;0
FR;0;2021-01-31;5240;1900;0;0;1945;0;0;0;0;1680290;55275;1;0;64990;0;0;0;0
FR;0;2021-02-01;53160;23057;0;0;23330;0;0;0;0;1733450;78332;1;0;88320;0;0;0;0
FR;0;2021-02-02;72336;38213;0;0;38704;0;0;0;0;1805786;116545;1;0;127024;0;0;0;0
FR;0;2021-02-03;72328;40264;0;0;40770;0;0;0;0;1878114;156809;1;0;167794;0;0;0;0
FR;0;2021-02-04;82096;55129;0;0;55724;0;0;0;0;1960210;211938;1;0;223518;0;0;0;0
FR;0;2021-02-05;68252;48243;0;0;48681;0;0;0;0;2028462;260181;1;0;272199;0;0;0;0
FR;0;2021-02-06;22952;11435;0;0;11674;0;0;0;0;2051414;271616;1;0;283873;0;0;0;0
FR;0;2021-02-07;5195;6075;0;0;6201;0;0;0;0;2056609;277691;1;0;290074;0;0;0;0
FR;0;2021-02-08;46855;48806;0;0;49294;0;0;0;0;2103464;326497;1;0;339368;0;0;0;0
FR;0;2021-02-09;66050;78475;0;0;79572;0;0;0;0;2169514;404972;1;0;418940;0;0;0;0
FR;0;2021-02-10;71049;83514;0;0;84812;0;0;0;0;2240563;488486;1;0;503752;0;0;0;0
FR;0;2021-02-11;87309;105681;0;0;107630;0;0;0;0;2327872;594167;1;0;611382;0;0;0;0
FR;0;2021-02-12;79356;76088;0;0;77835;0;0;0;0;2407228;670255;1;0;689217;0;0;0;0
FR;0;2021-02-13;22390;19533;0;0;19900;0;0;0;0;2429618;689788;1;0;709117;0;0;0;0
FR;0;2021-02-14;5080;7323;0;0;7451;0;0;0;0;2434698;697111;1;0;716568;0;0;0;0
FR;0;2021-02-15;38132;76794;0;0;77816;0;0;0;0;2472830;773905;1;0;794384;0;0;0;0
FR;0;2021-02-16;50420;99683;0;0;101036;0;0;0;0;2523250;873588;1;0;895420;0;0;0;0
FR;0;2021-02-17;50559;106931;20;0;108382;0;0;0;0;2573809;980519;21;0;1003802;0;0;0;0
FR;0;2021-02-18;69815;123737;0;0;125787;0;0;0;0;2643624;1104256;21;0;1129589;0;0;0;0
FR;0;2021-02-19;65093;92337;1;0;94227;0;0;0;0;2708717;1196593;22;0;1223816;0;0;0;0
FR;0;2021-02-20;18602;28546;0;0;28917;0;0;0;0;2727319;1225139;22;0;1252733;0;0;0;0
FR;0;2021-02-21;3335;6041;0;0;6146;0;0;0;0;2730654;1231180;22;0;1258879;0;0;0;0
FR;0;2021-02-22;37511;73173;2;0;74188;0;0;0;0;2768165;1304353;24;0;1333067;0;0;0;0
FR;0;2021-02-23;53803;85298;1;0;86821;0;0;0;0;2821968;1389651;25;0;1419888;0;0;0;0
FR;0;2021-02-24;60039;82934;1;0;84515;0;0;0;0;2882007;1472585;26;0;1504403;0;0;0;0
FR;0;2021-02-25;100612;91202;1;0;94200;0;0;0;0;2982619;1563787;27;0;1598603;0;0;0;0
FR;0;2021-02-26;113491;70751;1;0;73901;0;0;0;0;3096110;1634538;28;0;1672504;0;0;0;0
FR;0;2021-02-27;52131;22438;1;0;23684;0;0;0;0;3148241;1656976;29;0;1696188;0;0;0;0
FR;0;2021-02-28;6209;4114;2;0;4312;0;0;0;0;3154450;1661090;31;0;1700500;0;0;0;0
FR;0;2021-03-01;65946;54073;1;0;55946;0;0;0;0;3220396;1715163;32;0;1756446;0;0;0;0
FR;0;2021-03-02;101415;67175;3;0;70221;0;0;0;0;3321811;1782338;35;0;1826667;0;0;0;0
FR;0;2021-03-03;116565;65477;0;0;69168;0;0;0;0;3438376;1847815;35;0;1895835;0;0;0;0
FR;0;2021-03-04;163662;72630;3;0;78202;0;0;0;0;3602038;1920445;38;0;1974037;0;0;0;0
FR;0;2021-03-05;200962;62704;3;0;69436;0;0;0;0;3803000;1983149;41;0;2043473;0;0;0;0
FR;0;2021-03-06;207992;17483;3;0;22785;0;0;0;0;4010992;2000632;44;0;2066258;0;0;0;0
FR;0;2021-03-07;121293;3973;1;0;7267;0;0;0;0;4132285;2004605;45;0;2073525;0;0;0;0
FR;0;2021-03-08;107180;49551;2;0;53040;0;0;0;0;4239465;2054156;47;0;2126565;0;0;0;0
FR;0;2021-03-09;172487;56020;2;0;61516;0;0;0;0;4411952;2110176;49;0;2188081;0;0;0;0
FR;0;2021-03-10;179043;57052;5;0;62728;0;0;0;0;4590995;2167228;54;0;2250809;0;0;0;0
FR;0;2021-03-11;242933;64029;2;0;72126;0;0;0;0;4833928;2231257;56;0;2322935;0;0;0;0
FR;0;2021-03-12;294876;53368;1;0;62824;0;0;0;0;5128804;2284625;57;0;2385759;0;0;0;0
FR;0;2021-03-13;231445;15263;1;0;21241;0;0;0;0;5360249;2299888;58;0;2407000;0;0;0;0
FR;0;2021-03-14;63364;3042;1;0;5078;0;0;0;0;5423613;2302930;59;0;2412078;0;0;0;0
FR;0;2021-03-15;158699;31500;3;0;36155;0;0;0;0;5582312;2334430;62;0;2448233;0;0;0;0
FR;0;2021-03-16;141598;38815;6;0;42967;0;0;0;0;5723910;2373245;68;0;2491200;0;0;0;0
FR;0;2021-03-17;150519;37569;4;0;42337;0;0;0;0;5874429;2410814;72;0;2533537;0;0;0;0
FR;0;2021-03-18;167869;44329;5;0;49896;0;0;0;0;6042298;2455143;77;0;2583433;0;0;0;0
FR;0;2021-03-19;230056;36747;2;0;44105;0;0;0;0;6272354;2491890;79;0;2627538;0;0;0;0
FR;0;2021-03-20;166720;11385;1;0;16009;0;0;0;0;6439074;2503275;80;0;2643547;0;0;0;0
FR;0;2021-03-21;49958;2129;1;0;3888;0;0;0;0;6489032;2505404;81;0;2647435;0;0;0;0
FR;0;2021-03-22;170085;33520;2;0;39025;0;0;0;0;6659117;2538924;83;0;2686460;0;0;0;0
FR;0;2021-03-23;250442;42374;1;0;50220;0;0;0;0;6909559;2581298;84;0;2736680;0;0;0;0
FR;0;2021-03-24;256952;43603;0;0;51705;0;0;0;0;7166511;2624901;84;0;2788385;0;0;0;0
FR;0;2021-03-25;341876;45283;5;0;56286;0;0;0;0;7508387;2670184;89;0;2844671;0;0;0;0
FR;0;2021-03-26;358849;41807;5;1;53565;0;0;0;0;7867236;2711991;94;1;2898236;0;0;0;0
FR;0;2021-03-27;195297;16954;1;0;23398;0;0;0;0;8062533;2728945;95;1;2921634;0;0;0;0
FR;0;2021-03-28;59359;4587;3;0;6652;0;0;0;0;8121892;2733532;98;1;2928286;0;0;0;0
FR;0;2021-03-29;203028;53395;4;0;60159;0;0;0;0;8324920;2786927;102;1;2988445;0;0;0;0
FR;0;2021-03-30;285547;70038;5;0;80452;0;0;0;0;8610467;2856965;107;1;3068897;0;0;0;0
FR;0;2021-03-31;263082;74054;4;0;84726;0;0;0;0;8873549;2931019;111;1;3153623;0;0;0;0
FR;0;2021-04-01;315586;92814;11;0;106397;0;0;0;0;9189135;3023833;122;1;3260020;0;0;0;0
FR;0;2021-04-02;281384;94821;7;0;106653;0;0;0;0;9470519;3118654;129;1;3366673;0;0;0;0
FR;0;2021-04-03;141097;62598;6;0;67859;0;0;0;0;9611616;3181252;135;1;3434532;0;0;0;0
FR;0;2021-04-04;46552;19021;2;0;21074;0;0;0;0;9658168;3200273;137;1;3455606;0;0;0;0
FR;0;2021-04-05;63373;10403;11;0;13060;0;0;0;0;9721541;3210676;148;1;3468666;0;0;0;0
FR;0;2021-04-06;217274;113140;17;0;122006;0;0;0;0;9938815;3323816;165;1;3590672;0;0;0;0
FR;0;2021-04-07;260323;115280;17;0;126634;0;0;0;0;10199138;3439096;182;1;3717306;0;0;0;0
FR;0;2021-04-08;337916;123220;15;0;138850;0;0;0;0;10537054;3562316;197;1;3856156;0;0;0;0
FR;0;2021-04-09;410243;116881;49;0;134290;0;0;0;0;10947297;3679197;246;1;3990446;0;0;0;0
FR;0;2021-04-10;212665;82875;15;0;91267;0;0;0;0;11159962;3762072;261;1;4081713;0;0;0;0
FR;0;2021-04-11;56162;34179;7;0;36705;0;0;0;0;11216124;3796251;268;1;4118418;0;0;0;0
FR;0;2021-04-12;237129;115833;46;0;125443;0;0;0;0;11453253;3912084;314;1;4243861;0;0;0;0
FR;0;2021-04-13;309555;144159;98;1;157122;0;0;0;0;11762808;4056243;412;2;4400983;0;0;0;0
FR;0;2021-04-14;294607;139859;215;0;153240;0;0;0;0;12057415;4196102;627;2;4554223;0;0;0;0
FR;0;2021-04-15;337204;150529;340;0;166072;0;0;0;0;12394619;4346631;967;2;4720295;0;0;0;0
FR;0;2021-04-16;339363;147048;354;0;161707;0;0;0;0;12733982;4493679;1321;2;4882002;0;0;0;0
FR;0;2021-04-17;188689;89986;109;0;97685;0;0;0;0;12922671;4583665;1430;2;4979687;0;0;0;0
FR;0;2021-04-18;51643;35461;48;0;37883;0;0;0;0;12974314;4619126;1478;2;5017570;0;0;0;0
FR;0;2021-04-19;205750;138295;457;0;147455;0;0;0;0;13180064;4757421;1935;2;5165025;0;0;0;0
FR;0;2021-04-20;254495;172036;569;0;183696;0;0;0;0;13434559;4929457;2504;2;5348721;0;0;0;0
FR;0;2021-04-21;253346;170243;836;0;182267;0;0;0;0;13687905;5099700;3340;2;5530988;0;0;0;0
FR;0;2021-04-22;287631;190449;820;0;205044;0;0;0;0;13975536;5290149;4160;2;5736032;0;0;0;0
FR;0;2021-04-23;297686;184746;747;0;203504;0;0;0;0;14273222;5474895;4907;2;5939536;0;0;0;0
FR;0;2021-04-24;190483;112057;252;0;122511;0;0;0;0;14463705;5586952;5159;2;6062047;0;0;0;0
FR;0;2021-04-25;69577;38862;51;0;42593;0;0;0;0;14533282;5625814;5210;2;6104640;0;0;0;0
FR;0;2021-04-26;221007;158706;564;0;171908;0;0;0;0;14754289;5784520;5774;2;6276548;0;0;0;0
FR;0;2021-04-27;284657;188067;941;0;211385;0;0;0;0;15038946;5972587;6715;2;6487933;0;0;0;0
FR;0;2021-04-28;299596;184730;1427;1;209809;1;0;0;0;15338542;6157317;8142;3;6697742;1;0;0;0
FR;0;2021-04-29;357216;198314;1281;0;233401;0;0;0;0;15695758;6355631;9423;3;6931143;1;0;0;0
FR;0;2021-04-30;372269;186147;1124;1;225488;0;0;0;0;16068027;6541778;10547;4;7156631;1;0;0;0
FR;0;2021-05-01;167680;52540;179;0;63786;0;0;0;0;16235707;6594318;10726;4;7220417;1;0;0;0
FR;0;2021-05-02;91771;37868;83;0;43597;0;0;0;0;16327478;6632186;10809;4;7264014;1;0;0;0
FR;0;2021-05-03;288984;165134;843;0;185659;0;0;0;0;16616462;6797320;11652;4;7449673;1;0;0;0
FR;0;2021-05-04;315761;225636;1237;0;251810;0;0;0;0;16932223;7022956;12889;4;7701483;1;0;0;0
FR;0;2021-05-05;327322;226682;1316;0;251763;0;0;0;0;17259545;7249638;14205;4;7953246;1;0;0;0
FR;0;2021-05-06;379656;241290;1634;0;275540;0;0;0;0;17639201;7490928;15839;4;8228786;1;0;0;0
FR;0;2021-05-07;372839;258913;1224;0;299972;0;0;0;0;18012040;7749841;17063;4;8528758;1;0;0;0
FR;0;2021-05-08;222192;71510;300;0;86719;0;0;0;0;18234232;7821351;17363;4;8615477;1;0;0;0
FR;0;2021-05-09;129735;44495;243;0;53133;0;0;0;0;18363967;7865846;17606;4;8668610;1;0;0;0
FR;0;2021-05-10;313435;229734;1239;0;255515;0;0;0;0;18677402;8095580;18845;4;8924125;1;0;0;0
FR;0;2021-05-11;403986;258452;1566;0;296882;0;0;0;0;19081388;8354032;20411;4;9221007;1;0;0;0
FR;0;2021-05-12;434229;233887;1544;0;270176;0;0;0;0;19515617;8587919;21955;4;9491183;1;0;0;0
FR;0;2021-05-13;338644;56436;432;0;77928;0;0;0;0;19854261;8644355;22387;4;9569111;1;0;0;0
FR;0;2021-05-14;454194;167505;1130;0;203117;0;0;0;0;20308455;8811860;23517;4;9772228;1;0;0;0
FR;0;2021-05-15;375018;94402;445;0;120802;0;0;0;0;20683473;8906262;23962;4;9893030;1;0;0;0
FR;0;2021-05-16;202778;20693;168;0;34094;0;0;0;0;20886251;8926955;24130;4;9927124;1;0;0;0
FR;0;2021-05-17;376167;148883;1555;0;178672;0;0;0;0;21262418;9075838;25685;4;10105796;1;0;0;0
FR;0;2021-05-18;460231;154150;1991;0;193305;0;0;0;0;21722649;9229988;27676;4;10299101;1;0;0;0
FR;0;2021-05-19;467480;142577;2466;0;179843;0;0;0;0;22190129;9372565;30142;4;10478944;1;0;0;0
FR;0;2021-05-20;507608;160249;2340;0;204208;0;0;0;0;22697737;9532814;32482;4;10683152;1;0;0;0
FR;0;2021-05-21;489737;175263;1997;0;221811;0;0;0;0;23187474;9708077;34479;4;10904963;1;0;0;0
FR;0;2021-05-22;347227;80251;670;0;108682;0;0;0;0;23534701;9788328;35149;4;11013645;1;0;0;0
FR;0;2021-05-23;161718;14211;246;0;26679;0;0;0;0;23696419;9802539;35395;4;11040324;1;0;0;0
FR;0;2021-05-24;263223;33109;604;0;52946;0;0;0;0;23959642;9835648;35999;4;11093270;1;0;0;0
FR;0;2021-05-25;400319;190456;2357;1;227023;0;0;0;0;24359961;10026104;38356;5;11320293;1;0;0;0
FR;0;2021-05-26;413523;191294;2227;0;229344;0;0;0;0;24773484;10217398;40583;5;11549637;1;0;0;0
FR;0;2021-05-27;449887;220124;2163;0;267266;0;0;0;0;25223371;10437522;42746;5;11816903;1;0;0;0
FR;0;2021-05-28;429617;261170;1895;0;319271;0;0;0;0;25652988;10698692;44641;5;12136174;1;0;0;0
FR;0;2021-05-29;299012;150537;586;0;183393;0;0;0;0;25952000;10849229;45227;5;12319567;1;0;0;0
FR;0;2021-05-30;107156;32505;164;0;42089;0;0;0;0;26059156;10881734;45391;5;12361656;1;0;0;0
FR;0;2021-05-31;358084;203491;1474;1;241772;1;0;0;0;26417240;11085225;46865;6;12603428;2;0;0;0
FR;0;2021-06-01;431151;251293;1969;1;302938;1;0;0;0;26848391;11336518;48834;7;12906366;3;0;0;0
FR;0;2021-06-02;420191;232818;1986;0;280205;0;0;0;0;27268582;11569336;50820;7;13186571;3;0;0;0
FR;0;2021-06-03;465718;257777;1826;0;312553;0;0;0;0;27734300;11827113;52646;7;13499124;3;0;0;0
FR;0;2021-06-04;456309;305907;1735;1;363321;1;0;0;0;28190609;12133020;54381;8;13862445;4;0;0;0
FR;0;2021-06-05;304841;189569;653;0;222792;0;0;0;0;28495450;12322589;55034;8;14085237;4;0;0;0
FR;0;2021-06-06;133344;49020;227;0;61161;0;0;0;0;28628794;12371609;55261;8;14146398;4;0;0;0
FR;0;2021-06-07;340026;261514;1529;0;298607;0;0;0;0;28968820;12633123;56790;8;14445005;4;0;0;0
FR;0;2021-06-08;393973;291412;1806;0;338281;0;0;0;0;29362793;12924535;58596;8;14783286;4;0;0;0
FR;0;2021-06-09;384971;273785;1734;0;318180;0;0;0;0;29747764;13198320;60330;8;15101466;4;0;0;0
FR;0;2021-06-10;404261;286291;1728;1;335741;0;0;0;0;30152025;13484611;62058;9;15437207;4;0;0;0
FR;0;2021-06-11;386733;356529;1468;1;406974;0;0;0;0;30538758;13841140;63526;10;15844181;4;0;0;0
FR;0;2021-06-12;283299;210994;497;0;243141;0;0;0;0;30822057;14052134;64023;10;16087322;4;0;0;0
FR;0;2021-06-13;104907;73842;204;0;84835;0;0;0;0;30926964;14125976;64227;10;16172157;4;0;0;0
FR;0;2021-06-14;240889;354040;1429;1;383232;0;0;0;0;31167853;14480016;65656;11;16555389;4;0;0;0
FR;0;2021-06-15;308234;384327;1574;1;423102;0;0;0;0;31476087;14864343;67230;12;16978491;4;0;0;0
FR;0;2021-06-16;314028;357603;1419;1;395367;0;0;0;0;31790115;15221946;68649;13;17373858;4;0;0;0
FR;0;2021-06-17;317741;373166;1432;1;414365;0;0;0;0;32107856;15595112;70081;14;17788223;4;0;0;0
FR;0;2021-06-18;321785;442601;1341;1;486010;0;0;0;0;32429641;16037713;71422;15;18274233;4;0;0;0
FR;0;2021-06-19;224367;274028;449;0;301221;0;0;0;0;32654008;16311741;71871;15;18575454;4;0;0;0
FR;0;2021-06-20;74459;102287;131;0;111482;0;0;0;0;32728467;16414028;72002;15;18686936;4;0;0;0
FR;0;2021-06-21;195819;401755;1038;1;427721;1;0;0;0;32924286;16815783;73040;16;19114657;5;0;0;0
FR;0;2021-06-22;223243;467815;1266;10;500483;1;0;0;0;33147529;17283598;74306;26;19615140;6;0;0;0
FR;0;2021-06-23;234085;440137;1198;1;474247;1;0;0;0;33381614;17723735;75504;27;20089387;7;0;0;0
FR;0;2021-06-24;241909;409755;1359;0;447248;0;0;0;0;33623523;18133490;76863;27;20536635;7;0;0;0
FR;0;2021-06-25;227676;523084;1404;0;562083;0;0;0;0;33851199;18656574;78267;27;21098718;7;0;0;0
FR;0;2021-06-26;153295;371094;589;1;395903;0;0;0;0;34004494;19027668;78856;28;21494621;7;0;0;0
FR;0;2021-06-27;55924;155944;169;1;164854;0;0;0;0;34060418;19183612;79025;29;21659475;7;0;0;0
FR;0;2021-06-28;154813;452526;1178;0;478125;0;0;0;0;34215231;19636138;80203;29;22137600;7;0;0;0
FR;0;2021-06-29;182751;507843;2124;0;539214;0;0;0;0;34397982;20143981;82327;29;22676814;7;0;0;0
FR;0;2021-06-30;204046;485256;2016;21;519523;2;0;0;0;34602028;20629237;84343;50;23196337;9;0;0;0
FR;0;2021-07-01;231464;458553;2226;5;498495;0;0;0;0;34833492;21087790;86569;55;23694832;9;0;0;0
FR;0;2021-07-02;228708;520028;2120;5;562340;2;0;0;0;35062200;21607818;88689;60;24257172;11;0;0;0
FR;0;2021-07-03;142058;368764;908;3;395251;1;0;0;0;35204258;21976582;89597;63;24652423;12;0;0;0
FR;0;2021-07-04;56764;141006;265;0;150697;0;0;0;0;35261022;22117588;89862;63;24803120;12;0;0;0
FR;0;2021-07-05;168552;418659;1668;8;448602;0;0;0;0;35429574;22536247;91530;71;25251722;12;0;0;0
FR;0;2021-07-06;196813;474523;1830;45;511116;8;0;0;0;35626387;23010770;93360;116;25762838;20;0;0;0
FR;0;2021-07-07;213256;438960;1881;25;477420;2;0;0;0;35839643;23449730;95241;141;26240258;22;0;0;0
FR;0;2021-07-08;231679;424142;2090;20;468073;2;0;0;0;36071322;23873872;97331;161;26708331;24;0;0;0
FR;0;2021-07-09;228644;511071;2185;4;557359;1;0;0;0;36299966;24384943;99516;165;27265690;25;0;0;0
FR;0;2021-07-10;148638;339925;986;1;368864;0;0;0;0;36448604;24724868;100502;166;27634554;25;0;0;0
FR;0;2021-07-11;60218;110050;284;0;120964;0;0;0;0;36508822;24834918;100786;166;27755518;25;0;0;0
FR;0;2021-07-12;169442;477691;1766;4;512420;0;0;0;0;36678264;25312609;102552;170;28267938;25;0;0;0
FR;0;2021-07-13;287310;526597;2050;8;585626;0;0;0;0;36965574;25839206;104602;178;28853564;25;0;0;0
FR;0;2021-07-14;181122;157332;435;0;186642;0;0;0;0;37146696;25996538;105037;178;29040206;25;0;0;0
FR;0;2021-07-15;347130;501603;2100;1;571567;0;0;0;0;37493826;26498141;107137;179;29611773;25;0;0;0
FR;0;2021-07-16;380124;494958;2023;3;574133;1;0;0;0;37873950;26993099;109160;182;30185906;26;0;0;0
FR;0;2021-07-17;259756;319635;877;1;368594;0;0;0;0;38133706;27312734;110037;183;30554500;26;0;0;0
FR;0;2021-07-18;109747;114564;310;0;133001;0;0;0;0;38243453;27427298;110347;183;30687501;26;0;0;0
FR;0;2021-07-19;285529;423876;1631;3;478884;0;0;0;0;38528982;27851174;111978;186;31166385;26;0;0;0
FR;0;2021-07-20;376942;451205;1725;0;523538;0;0;0;0;38905924;28302379;113703;186;31689923;26;0;0;0
FR;0;2021-07-21;395843;406823;1550;4;481810;1;0;0;0;39301767;28709202;115253;190;32171733;27;0;0;0
FR;0;2021-07-22;441092;387301;1715;4;471774;2;0;0;0;39742859;29096503;116968;194;32643507;29;0;0;0
FR;0;2021-07-23;440352;421955;1883;4;509916;1;0;0;0;40183211;29518458;118851;198;33153423;30;0;0;0
FR;0;2021-07-24;285264;269308;804;1;321986;0;0;0;0;40468475;29787766;119655;199;33475409;30;0;0;0
FR;0;2021-07-25;121127;79919;234;0;100271;0;0;0;0;40589602;29867685;119889;199;33575680;30;0;0;0
FR;0;2021-07-26;347452;322134;1614;3;384689;1;0;0;0;40937054;30189819;121503;202;33960369;31;0;0;0
FR;0;2021-07-27;464123;319255;1698;4;400405;1;0;0;0;41401177;30509074;123201;206;34360774;32;0;0;0
FR;0;2021-07-28;459480;289369;1637;4;366982;1;0;0;0;41860657;30798443;124838;210;34727756;33;0;0;0
FR;0;2021-07-29;489867;276103;1797;2;356976;0;0;0;0;42350524;31074546;126635;212;35084732;33;0;0;0
FR;0;2021-07-30;461860;302332;1942;5;380816;1;0;0;0;42812384;31376878;128577;217;35465548;34;0;0;0
FR;0;2021-07-31;285425;185022;916;1;231508;0;0;0;0;43097809;31561900;129493;218;35697056;34;0;0;0
FR;0;2021-08-01;112053;49910;257;0;65688;0;0;0;0;43209862;31611810;129750;218;35762744;34;0;0;0
FR;0;2021-08-02;341676;234022;1603;2;284714;0;0;0;0;43551538;31845832;131353;220;36047458;34;0;0;0
FR;0;2021-08-03;398645;244432;1729;2;304504;1;0;0;0;43950183;32090264;133082;222;36351962;35;0;0;0
FR;0;2021-08-04;384887;209509;1594;6;265631;3;0;0;0;44335070;32299773;134676;228;36617593;38;0;0;0
FR;0;2021-08-05;366204;228340;1711;0;281715;0;0;0;0;44701274;32528113;136387;228;36899308;38;0;0;0
FR;0;2021-08-06;359759;271205;1835;4;326586;0;0;0;0;45061033;32799318;138222;232;37225894;38;0;0;0
FR;0;2021-08-07;213151;178318;756;5;210048;1;0;0;0;45274184;32977636;138978;237;37435942;39;0;0;0
FR;0;2021-08-08;74213;63190;276;0;73624;0;0;0;0;45348397;33040826;139254;237;37509566;39;0;0;0
FR;0;2021-08-09;258778;258576;1549;4;297489;2;0;0;0;45607175;33299402;140803;241;37807055;41;0;0;0
FR;0;2021-08-10;306899;277041;1662;2;323426;0;0;0;0;45914074;33576443;142465;243;38130481;41;0;0;0
FR;0;2021-08-11;279769;259530;1442;5;301603;0;0;0;0;46193843;33835973;143907;248;38432084;41;0;0;0
FR;0;2021-08-12;271573;278005;1669;3;320261;0;0;0;0;46465416;34113978;145576;251;38752345;41;0;0;0
FR;0;2021-08-13;252181;278117;1594;3;316951;2;0;0;0;46717597;34392095;147170;254;39069296;43;0;0;0
FR;0;2021-08-14;145365;197056;740;0;218979;0;0;0;0;46862962;34589151;147910;254;39288275;43;0;0;0
FR;0;2021-08-15;39403;50087;218;1;55669;0;0;0;0;46902365;34639238;148128;255;39343944;43;0;0;0
FR;0;2021-08-16;186196;317464;1543;0;345379;0;0;0;0;47088561;34956702;149671;255;39689323;43;0;0;0
FR;0;2021-08-17;215721;335800;1638;7;368831;0;0;0;0;47304282;35292502;151309;262;40058154;43;0;0;0
FR;0;2021-08-18;199083;324370;1599;7;354534;3;0;0;0;47503365;35616872;152908;269;40412688;46;0;0;0
FR;0;2021-08-19;192051;325395;1642;1;355955;0;0;0;0;47695416;35942267;154550;270;40768643;46;0;0;0
FR;0;2021-08-20;186493;366177;1823;3;396605;2;0;0;0;47881909;36308444;156373;273;41165248;48;0;0;0
FR;0;2021-08-21;104814;238129;709;0;254559;0;0;0;0;47986723;36546573;157082;273;41419807;48;0;0;0
FR;0;2021-08-22;31949;87210;256;1;92163;1;0;0;0;48018672;36633783;157338;274;41511970;49;0;0;0
FR;0;2021-08-23;140999;356993;1561;3;379585;0;0;0;0;48159671;36990776;158899;277;41891555;49;0;0;0
FR;0;2021-08-24;162522;376576;1850;5;402823;0;0;0;0;48322193;37367352;160749;282;42294378;49;0;0;0
FR;0;2021-08-25;151165;350709;2038;8;375398;2;0;0;0;48473358;37718061;162787;290;42669776;51;0;0;0
FR;0;2021-08-26;142897;342771;2564;10;367561;0;0;0;0;48616255;38060832;165351;300;43037337;51;0;0;0
FR;0;2021-08-27;148458;388241;2791;11;414879;1;0;0;0;48764713;38449073;168142;311;43452216;52;0;0;0
FR;0;2021-08-28;90682;249638;1407;0;264963;0;0;0;0;48855395;38698711;169549;311;43717179;52;0;0;0
FR;0;2021-08-29;27325;83354;518;1;88270;0;0;0;0;48882720;38782065;170067;312;43805449;52;0;0;0
FR;0;2021-08-30;117432;324585;4714;6;342392;5847;0;0;0;49000152;39106650;174781;318;44147841;5899;0;0;0
FR;0;2021-08-31;128834;334448;10189;19;353924;11770;2;0;0;49128986;39441098;184970;337;44501765;17669;2;0;0
FR;0;2021-09-01;136169;285664;22436;8;302407;24414;1;0;0;49265155;39726762;207406;345;44804172;42083;3;0;0
FR;0;2021-09-02;114652;247195;26525;20;262093;29011;0;0;0;49379807;39973957;233931;365;45066265;71094;3;0;0
FR;0;2021-09-03;118329;292655;29968;24;309312;33076;1;0;0;49498136;40266612;263899;389;45375577;104170;4;0;0
FR;0;2021-09-04;89893;217797;12587;12;230495;14157;7;0;0;49588029;40484409;276486;401;45606072;118327;11;0;0
FR;0;2021-09-05;21365;44796;4397;2;48279;4716;0;0;0;49609394;40529205;280883;403;45654351;123043;11;0;0
FR;0;2021-09-06;75701;180484;31957;16;190661;34305;2;0;0;49685095;40709689;312840;419;45845012;157348;13;0;0
FR;0;2021-09-07;80318;181182;33251;43;191042;36322;2;0;0;49765413;40890871;346091;462;46036054;193670;15;0;0
FR;0;2021-09-08;91012;206084;29666;28;216567;32571;4;0;0;49856425;41096955;375757;490;46252621;226241;19;0;0
FR;0;2021-09-09;76984;165312;33084;27;174114;36702;5;0;0;49933409;41262267;408841;517;46426735;262943;24;0;0
FR;0;2021-09-10;96049;203811;35743;28;214893;40787;7;0;0;50029458;41466078;444584;545;46641628;303730;31;0;0
FR;0;2021-09-11;67168;169340;12140;19;178185;14414;0;0;0;50096626;41635418;456724;564;46819813;318144;31;0;0
FR;0;2021-09-12;12830;32093;2783;1;34140;3189;2;0;0;50109456;41667511;459507;565;46853953;321333;33;0;0
FR;0;2021-09-13;64582;126157;41249;35;134174;44265;17;0;0;50174038;41793668;500756;600;46988127;365598;50;0;0
FR;0;2021-09-14;73503;129007;56391;80;135750;62445;44;0;0;50247541;41922675;557147;680;47123877;428043;94;0;0
FR;0;2021-09-15;76665;167730;55671;58;174673;54849;77;0;0;50324206;42090405;612818;738;47298550;482892;171;0;0
FR;0;2021-09-16;63896;114502;60099;82;117878;60173;65;0;0;50388102;42204907;672917;820;47416428;543065;236;0;0
FR;0;2021-09-17;75093;156854;53867;71;159730;57363;67;0;0;50463195;42361761;726784;891;47576158;600428;303;0;0
FR;0;2021-09-18;48245;139637;15603;25;144319;17321;20;0;0;50511440;42501398;742387;916;47720477;617749;323;0;0
FR;0;2021-09-19;7908;23649;2443;1;24879;2619;1;0;0;50519348;42525047;744830;917;47745356;620368;324;0;0
FR;0;2021-09-20;44580;93754;50087;72;96245;50347;34;0;0;50563928;42618801;794917;989;47841601;670715;358;0;0
FR;0;2021-09-21;45917;98367;62772;77;98384;63506;79;0;0;50609845;42717168;857689;1066;47939985;734221;437;0;0
FR;0;2021-09-22;48706;142394;55384;82;144840;55484;47;0;0;50658551;42859562;913073;1148;48084825;789705;484;0;0
FR;0;2021-09-23;43297;92065;62408;95;91275;63588;86;0;0;50701848;42951627;975481;1243;48176100;853293;570;0;0
FR;0;2021-09-24;52325;133295;54569;107;132394;59229;78;0;0;50754173;43084922;1030050;1350;48308494;912522;648;0;0
FR;0;2021-09-25;35226;115663;16276;36;118649;18315;22;0;0;50789399;43200585;1046326;1386;48427143;930837;670;0;0
FR;0;2021-09-26;5561;17805;2273;5;18691;2332;5;0;0;50794960;43218390;1048599;1391;48445834;933169;675;0;0
FR;0;2021-09-27;33986;76897;47205;97;78782;48190;81;0;1;50828946;43295287;1095804;1488;48524616;981359;756;0;1
FR;0;2021-09-28;36524;75244;54983;90;74329;56597;47;0;0;50865470;43370531;1150787;1578;48598945;1037956;803;0;1
FR;0;2021-09-29;44426;100690;53375;112;102846;54912;41;0;0;50909896;43471221;1204162;1690;48701791;1092868;844;0;1
FR;0;2021-09-30;36350;72978;57044;96;71482;59608;58;0;0;50946246;43544199;1261206;1786;48773273;1152476;902;0;1
FR;0;2021-10-01;61720;102858;57836;108;101409;64020;23;0;0;51007966;43647057;1319042;1894;48874682;1216496;925;0;1
FR;0;2021-10-02;39470;78461;20965;39;81738;23386;12;0;0;51047436;43725518;1340007;1933;48956420;1239882;937;0;1
FR;0;2021-10-03;5289;10493;2536;4;11258;2543;4;0;0;51052725;43736011;1342543;1937;48967678;1242425;941;0;1
FR;0;2021-10-04;35207;58503;52638;84;59504;54860;37;0;0;51087932;43794514;1395181;2021;49027182;1297285;978;0;1
FR;0;2021-10-05;33937;64379;61032;135;62110;65120;48;0;0;51121869;43858893;1456213;2156;49089292;1362405;1026;0;1
FR;0;2021-10-06;42727;79305;65763;112;80177;68384;29;0;0;51164596;43938198;1521976;2268;49169469;1430789;1055;0;1
FR;0;2021-10-07;30575;62283;65446;88;59500;68894;38;0;0;51195171;44000481;1587422;2356;49228969;1499683;1093;0;1
FR;0;2021-10-08;49486;91949;77773;111;89890;84808;39;0;0;51244657;44092430;1665195;2467;49318859;1584491;1132;0;1
FR;0;2021-10-09;33677;60949;31549;35;64141;33933;17;0;0;51278334;44153379;1696744;2502;49383000;1618424;1149;0;1
FR;0;2021-10-10;4723;7422;3199;9;7938;3475;2;0;0;51283057;44160801;1699943;2511;49390938;1621899;1151;0;1
FR;0;2021-10-11;30734;49888;61049;105;50604;64118;46;0;0;51313791;44210689;1760992;2616;49441542;1686017;1197;0;1
FR;0;2021-10-12;31650;54485;70635;141;51313;76050;27;0;0;51345441;44265174;1831627;2757;49492855;1762067;1224;0;1
FR;0;2021-10-13;40167;62851;74443;137;62800;79398;29;0;1;51385608;44328025;1906070;2894;49555655;1841465;1253;0;2
FR;0;2021-10-14;30364;52873;68779;116;49697;73866;34;0;0;51415972;44380898;1974849;3010;49605352;1915331;1287;0;2
FR;0;2021-10-15;44960;75236;93253;191;70332;103054;26;0;0;51460932;44456134;2068102;3201;49675684;2018385;1313;0;2
FR;0;2021-10-16;31335;44085;36701;45;46704;39651;15;0;0;51492267;44500219;2104803;3246;49722388;2058036;1328;0;2
FR;0;2021-10-17;3898;5229;3603;2;5676;3674;4;0;0;51496165;44505448;2108406;3248;49728064;2061710;1332;0;2
FR;0;2021-10-18;29217;42341;67520;134;42558;71381;27;0;0;51525382;44547789;2175926;3382;49770622;2133091;1359;0;2
FR;0;2021-10-19;27196;45547;76431;140;43207;81676;45;0;0;51552578;44593336;2252357;3522;49813829;2214767;1404;0;2
FR;0;2021-10-20;35346;52406;96959;181;51812;101578;45;0;0;51587924;44645742;2349316;3703;49865641;2316345;1449;0;2
FR;0;2021-10-21;26167;45175;83997;112;41971;89195;30;0;0;51614091;44690917;2433313;3815;49907612;2405540;1479;0;2
FR;0;2021-10-22;38450;62483;104928;200;59348;112655;61;0;0;51652541;44753400;2538241;4015;49966960;2518195;1540;0;2
FR;0;2021-10-23;27034;41205;45467;57;42429;48638;14;0;0;51679575;44794605;2583708;4072;50009389;2566833;1554;0;2
FR;0;2021-10-24;2947;4763;3685;6;5014;3922;1;0;0;51682522;44799368;2587393;4078;50014403;2570755;1555;0;2
FR;0;2021-10-25;26109;36208;82347;144;35481;86681;38;0;0;51708631;44835576;2669740;4222;50049884;2657436;1593;0;2
FR;0;2021-10-26;23770;34990;87281;166;32158;92411;34;0;0;51732401;44870566;2757021;4388;50082042;2749847;1627;0;2
FR;0;2021-10-27;30115;46302;109033;257;44040;114752;48;0;0;51762516;44916868;2866054;4645;50126082;2864599;1675;0;2
FR;0;2021-10-28;23609;34927;88744;153;31194;94541;35;0;0;51786125;44951795;2954798;4798;50157276;2959140;1710;0;2
FR;0;2021-10-29;31589;51451;117348;206;46500;125436;52;0;0;51817714;45003246;3072146;5004;50203776;3084576;1762;0;2
FR;0;2021-10-30;20577;33239;50361;76;32922;53430;20;0;0;51838291;45036485;3122507;5080;50236698;3138006;1782;0;2
FR;0;2021-10-31;2519;3732;3595;3;3844;3881;3;0;0;51840810;45040217;3126102;5083;50240542;3141887;1785;0;2
FR;0;2021-11-01;8542;4869;3224;3;5021;3586;10;0;0;51849352;45045086;3129326;5086;50245563;3145473;1795;0;2
FR;0;2021-11-02;26385;40099;93612;156;36237;99674;44;0;1;51875737;45085185;3222938;5242;50281800;3245147;1839;0;3
FR;0;2021-11-03;30132;47900;118932;222;43554;125908;64;0;0;51905869;45133085;3341870;5464;50325354;3371055;1903;0;3
FR;0;2021-11-04;23822;37463;107601;217;31576;114482;46;0;0;51929691;45170548;3449471;5681;50356930;3485537;1949;0;3
FR;0;2021-11-05;32417;52935;141678;236;44648;151469;53;0;0;51962108;45223483;3591149;5917;50401578;3637006;2002;0;3
FR;0;2021-11-06;21554;34551;64912;123;32384;68354;26;0;0;51983662;45258034;3656061;6040;50433962;3705360;2028;0;3
FR;0;2021-11-07;2429;4155;5209;6;4001;5598;7;0;0;51986091;45262189;3661270;6046;50437963;3710958;2035;0;3
FR;0;2021-11-08;20633;37737;127236;227;30948;134361;50;0;0;52006724;45299926;3788506;6273;50468911;3845319;2085;0;3
FR;0;2021-11-09;22444;44650;161742;339;32852;172360;65;0;0;52029168;45344576;3950248;6612;50501763;4017679;2150;0;3
FR;0;2021-11-10;31620;54876;187070;447;44022;198890;91;0;0;52060788;45399452;4137318;7059;50545785;4216569;2241;0;3
FR;0;2021-11-11;4750;6743;12998;28;5905;13981;17;0;0;52065538;45406195;4150316;7087;50551690;4230550;2258;0;3
FR;0;2021-11-12;29102;55054;183839;252;41720;197505;86;0;0;52094640;45461249;4334155;7339;50593410;4428055;2344;0;3
FR;0;2021-11-13;20356;32598;80730;118;28227;86354;44;0;0;52114996;45493847;4414885;7457;50621637;4514409;2388;0;3
FR;0;2021-11-14;2367;3854;7183;6;3362;7846;9;0;0;52117363;45497701;4422068;7463;50624999;4522255;2397;0;3
FR;0;2021-11-15;20524;38551;160911;314;27784;171652;77;0;0;52137887;45536252;4582979;7777;50652783;4693907;2474;0;3
FR;0;2021-11-16;23675;43830;200490;394;27705;215189;115;0;1;52161562;45580082;4783469;8171;50680488;4909096;2589;0;4
FR;0;2021-11-17;30545;50237;199905;406;36446;212971;98;0;0;52192107;45630319;4983374;8577;50716934;5122067;2687;0;4
FR;0;2021-11-18;23458;45684;191756;469;29392;205744;94;0;0;52215565;45676003;5175130;9046;50746326;5327811;2781;0;4
FR;0;2021-11-19;33696;61270;243292;551;39909;262311;147;0;0;52249261;45737273;5418422;9597;50786235;5590122;2928;0;4
FR;0;2021-11-20;25426;36657;102192;207;29265;109766;43;0;0;52274687;45773930;5520614;9804;50815500;5699888;2971;0;4
FR;0;2021-11-21;2665;4441;9682;19;3440;10607;19;0;0;52277352;45778371;5530296;9823;50818940;5710495;2990;0;4
FR;0;2021-11-22;22824;33113;180437;472;18916;194922;90;0;0;52300176;45811484;5710733;10295;50837856;5905417;3080;0;4
FR;0;2021-11-23;25735;45459;229495;549;24113;247986;85;0;0;52325911;45856943;5940228;10844;50861969;6153403;3165;0;4
FR;0;2021-11-24;31821;53594;224909;715;34475;243363;80;0;0;52357732;45910537;6165137;11559;50896444;6396766;3245;0;4
FR;0;2021-11-25;25654;49131;256029;739;25046;277939;112;0;0;52383386;45959668;6421166;12298;50921490;6674705;3357;0;4
FR;0;2021-11-26;33255;74665;379565;867;37391;414796;172;0;0;52416641;46034333;6800731;13165;50958881;7089501;3529;0;4
FR;0;2021-11-27;23508;49552;214979;391;28443;236784;135;0;0;52440149;46083885;7015710;13556;50987324;7326285;3664;0;4
FR;0;2021-11-28;3528;10444;56786;66;4057;63333;42;0;0;52443677;46094329;7072496;13622;50991381;7389618;3706;0;4
FR;0;2021-11-29;19448;54063;341573;864;23085;371915;178;0;0;52463125;46148392;7414069;14486;51014466;7761533;3884;0;4
FR;0;2021-11-30;24789;71794;457490;988;26794;500931;291;0;0;52487914;46220186;7871559;15474;51041260;8262464;4175;0;4
FR;0;2021-12-01;27401;75419;469224;1162;31308;511447;304;0;0;52515315;46295605;8340783;16636;51072568;8773911;4479;0;4
FR;0;2021-12-02;22132;71463;527255;1282;20997;575057;309;0;0;52537447;46367068;8868038;17918;51093565;9348968;4788;0;4
FR;0;2021-12-03;25581;92769;596538;1421;34329;651330;343;0;0;52563028;46459837;9464576;19339;51127894;10000298;5131;0;4
FR;0;2021-12-04;18343;60285;336314;692;25660;369890;197;0;0;52581371;46520122;9800890;20031;51153554;10370188;5328;0;4
FR;0;2021-12-05;4158;16081;95820;157;4852;107048;92;0;0;52585529;46536203;9896710;20188;51158406;10477236;5420;0;4
FR;0;2021-12-06;28453;72663;493293;1175;25221;540114;386;0;0;52613982;46608866;10390003;21363;51183627;11017350;5806;0;4
FR;0;2021-12-07;23567;91192;645580;1774;28508;706594;416;0;0;52637549;46700058;11035583;23137;51212135;11723944;6222;0;4
FR;0;2021-12-08;25525;91866;591905;1875;34937;647773;440;0;0;52663074;46791924;11627488;25012;51247072;12371717;6662;0;4
FR;0;2021-12-09;24088;94020;663382;2179;28966;726826;463;0;0;52687162;46885944;12290870;27191;51276038;13098543;7125;0;4
FR;0;2021-12-10;28080;110825;736218;2075;37932;806389;471;0;1;52715242;46996769;13027088;29266;51313970;13904932;7596;0;5
FR;0;2021-12-11;20256;76039;435253;990;29934;480481;343;0;0;52735498;47072808;13462341;30256;51343904;14385413;7939;0;5
FR;0;2021-12-12;5684;23103;142363;262;6383;159235;108;0;0;52741182;47095911;13604704;30518;51350287;14544648;8047;0;5
FR;0;2021-12-13;21370;90683;587853;1699;29634;649472;397;0;0;52762552;47186594;14192557;32217;51379921;15194120;8444;0;5
FR;0;2021-12-14;27991;118209;765817;2658;35404;847798;701;0;1;52790543;47304803;14958374;34875;51415325;16041918;9145;0;6
FR;0;2021-12-15;28460;114141;694533;2267;39494;769317;503;0;1;52819003;47418944;15652907;37142;51454819;16811235;9648;0;7
FR;0;2021-12-16;28061;115566;764266;2559;35080;844689;516;0;0;52847064;47534510;16417173;39701;51489899;17655924;10164;0;7
FR;0;2021-12-17;31667;128218;808039;2713;43320;892189;612;0;0;52878731;47662728;17225212;42414;51533219;18548113;10776;0;7
FR;0;2021-12-18;24945;81475;470065;1179;30043;522270;353;0;0;52903676;47744203;17695277;43593;51563262;19070383;11129;0;7
FR;0;2021-12-19;8770;28506;169449;376;7833;191057;143;0;0;52912446;47772709;17864726;43969;51571095;19261440;11272;0;7
FR;0;2021-12-20;31785;97021;591631;1789;33815;658849;503;0;0;52944231;47869730;18456357;45758;51604910;19920289;11775;0;7
FR;0;2021-12-21;39482;111841;682565;2391;38749;759697;607;0;0;52983713;47981571;19138922;48149;51643659;20679986;12382;0;7
FR;0;2021-12-22;39566;99110;575906;2169;37080;642222;687;0;2;53023279;48080681;19714828;50318;51680739;21322208;13069;0;9
FR;0;2021-12-23;33792;79322;441113;1659;30094;494450;589;0;0;53057071;48160003;20155941;51977;51710833;21816658;13658;0;9
FR;0;2021-12-24;10700;26012;111061;398;11636;126677;236;0;1;53067771;48186015;20267002;52375;51722469;21943335;13894;0;10
FR;0;2021-12-25;779;3567;7603;25;2045;9024;72;0;0;53068550;48189582;20274605;52400;51724514;21952359;13966;0;10
FR;0;2021-12-26;4699;11880;52126;142;4739;60170;170;0;0;53073249;48201462;20326731;52542;51729253;22012529;14136;0;10
FR;0;2021-12-27;30511;83911;453631;1364;33019;509279;665;0;0;53103760;48285373;20780362;53906;51762272;22521808;14801;0;10
FR;0;2021-12-28;38368;98788;564240;1769;35083;632334;1558;0;2;53142128;48384161;21344602;55675;51797355;23154142;16359;0;12
FR;0;2021-12-29;39882;88138;501291;1687;33086;561057;1738;0;1;53182010;48472299;21845893;57362;51830441;23715199;18097;0;13
FR;0;2021-12-30;35928;75051;421074;1520;29495;471184;1880;0;0;53217938;48547350;22266967;58882;51859936;24186383;19977;0;13
FR;0;2021-12-31;12053;25071;116896;405;11264;131678;740;0;0;53229991;48572421;22383863;59287;51871200;24318061;20717;0;13
FR;0;2022-01-01;1593;3214;8533;37;1804;9942;103;0;0;53231584;48575635;22392396;59324;51873004;24328003;20820;0;13
FR;0;2022-01-02;6124;13014;58438;126;5108;66977;408;0;0;53237708;48588649;22450834;59450;51878112;24394980;21228;0;13
FR;0;2022-01-03;39645;90134;494909;1597;36875;551787;2650;0;1;53277353;48678783;22945743;61047;51914987;24946767;23878;0;14
FR;0;2022-01-04;42293;110978;641486;2309;40643;714497;3836;0;3;53319646;48789761;23587229;63356;51955630;25661264;27714;0;17
FR;0;2022-01-05;61224;103578;569284;1984;43796;634318;3428;0;2;53380870;48893339;24156513;65340;51999426;26295582;31142;0;19
FR;0;2022-01-06;44319;110307;639067;2702;40222;711588;4557;0;2;53425189;49003646;24795580;68042;52039648;27007170;35699;0;21
FR;0;2022-01-07;50842;123281;711078;2811;46838;790565;4995;0;2;53476031;49126927;25506658;70853;52086486;27797735;40694;0;23
FR;0;2022-01-08;45015;80264;423846;1213;35043;472910;2447;0;3;53521046;49207191;25930504;72066;52121529;28270645;43141;0;26
FR;0;2022-01-09;15614;26595;128585;300;11484;145664;830;0;0;53536660;49233786;26059089;72366;52133013;28416309;43971;0;26
FR;0;2022-01-10;35423;93249;469402;1816;43019;522790;3722;0;1;53572083;49327035;26528491;74182;52176032;28939099;47693;0;27
FR;0;2022-01-11;41953;100434;548342;2310;42395;608590;5219;0;2;53614036;49427469;27076833;76492;52218427;29547689;52912;0;29
FR;0;2022-01-12;60422;95682;452750;1969;49480;504415;4497;0;8;53674458;49523151;27529583;78461;52267907;30052104;57409;0;37
FR;0;2022-01-13;38275;92515;487422;2084;40549;541105;5467;0;8;53712733;49615666;28017005;80545;52308456;30593209;62876;0;45
FR;0;2022-01-14;42589;103294;568670;2286;43501;629060;6463;0;2;53755322;49718960;28585675;82831;52351957;31222269;69339;0;47
FR;0;2022-01-15;39434;65876;340168;985;31446;377580;3296;0;1;53794756;49784836;28925843;83816;52383403;31599849;72635;0;48
FR;0;2022-01-16;11415;19195;87447;216;9019;99403;764;0;0;53806171;49804031;29013290;84032;52392422;31699252;73399;0;48
FR;0;2022-01-17;24756;59982;320334;1384;28040;354172;3960;0;4;53830927;49864013;29333624;85416;52420462;32053424;77359;0;52
FR;0;2022-01-18;28332;68681;361148;1802;32015;397595;5771;0;1;53859259;49932694;29694772;87218;52452477;32451019;83130;0;53
FR;0;2022-01-19;43231;67011;281353;1452;40387;311093;4392;0;5;53902490;49999705;29976125;88670;52492864;32762112;87522;0;58
FR;0;2022-01-20;23680;59586;299069;1750;29558;328537;5636;0;4;53926170;50059291;30275194;90420;52522422;33090649;93158;0;62
FR;0;2022-01-21;28215;68765;366413;2086;33074;401218;6579;0;3;53954385;50128056;30641607;92506;52555496;33491867;99737;0;65
FR;0;2022-01-22;27630;47973;218811;840;27304;241796;2838;0;2;53982015;50176029;30860418;93346;52582800;33733663;102575;0;67
FR;0;2022-01-23;6740;12964;48695;173;7502;55171;591;0;1;53988755;50188993;30909113;93519;52590302;33788834;103166;0;68
FR;0;2022-01-24;16286;47439;217356;1149;25402;239356;4102;0;3;54005041;50236432;31126469;94668;52615704;34028190;107268;0;71
FR;0;2022-01-25;19033;54315;243100;1548;28808;267098;6067;0;5;54024074;50290747;31369569;96216;52644512;34295288;113335;0;76
FR;0;2022-01-26;28148;60549;209318;1299;41363;229546;4479;0;3;54052222;50351296;31578887;97515;52685875;34524834;117814;0;79
FR;0;2022-01-27;16338;46490;207674;1287;26153;226064;5693;0;4;54068560;50397786;31786561;98802;52712028;34750898;123507;0;83
FR;0;2022-01-28;21594;78649;290090;1574;44969;321349;7411;0;4;54090154;50476435;32076651;100376;52756997;35072247;130918;0;87
FR;0;2022-01-29;18424;52848;184145;689;32750;204578;3255;0;2;54108578;50529283;32260796;101065;52789747;35276825;134173;0;89
FR;0;2022-01-30;4476;14464;39152;124;9130;45057;637;0;1;54113054;50543747;32299948;101189;52798877;35321882;134810;0;90
FR;0;2022-01-31;11261;43905;148219;742;26132;164720;4231;0;5;54124315;50587652;32448167;101931;52825009;35486602;139041;0;95
FR;0;2022-02-01;13649;48295;174145;1144;27330;191335;7036;0;1;54137964;50635947;32622312;103075;52852339;35677937;146077;0;96
FR;0;2022-02-02;20712;66295;171560;1034;46159;190079;5970;0;10;54158676;50702242;32793872;104109;52898498;35868016;152047;0;106
FR;0;2022-02-03;11754;44788;157585;990;25345;173287;6933;0;6;54170430;50747030;32951457;105099;52923843;36041303;158980;0;112
FR;0;2022-02-04;14645;67972;239263;1267;37595;264083;9153;0;6;54185075;50815002;33190720;106366;52961438;36305386;168133;0;118
FR;0;2022-02-05;12903;51439;153565;523;31977;172294;3784;0;3;54197978;50866441;33344285;106889;52993415;36477680;171917;0;121
FR;0;2022-02-06;2726;12168;28898;102;7289;33830;662;0;0;54200704;50878609;33373183;106991;53000704;36511510;172579;0;121
FR;0;2022-02-07;9618;46619;156905;594;24513;176304;5294;0;6;54210322;50925228;33530088;107585;53025217;36687814;177873;0;127
FR;0;2022-02-08;9815;43101;166663;870;20966;184458;7054;0;6;54220137;50968329;33696751;108455;53046183;36872272;184927;0;133
FR;0;2022-02-09;14463;58263;172360;876;35361;193069;5788;0;9;54234600;51026592;33869111;109331;53081544;37065341;190715;0;142
FR;0;2022-02-10;8728;39222;150244;881;18698;166722;6503;0;2;54243328;51065814;34019355;110212;53100242;37232063;197218;0;144
FR;0;2022-02-11;10864;55699;218522;1101;25841;243117;8322;0;3;54254192;51121513;34237877;111313;53126083;37475180;205540;0;147
FR;0;2022-02-12;8409;40970;134740;465;22637;151768;3509;0;4;54262601;51162483;34372617;111778;53148720;37626948;209049;0;151
FR;0;2022-02-13;1940;8605;26568;86;4411;30930;544;0;3;54264541;51171088;34399185;111864;53153131;37657878;209593;0;154
FR;0;2022-02-14;6996;35260;148390;487;14673;166386;4789;0;5;54271537;51206348;34547575;112351;53167804;37824264;214382;0;159
FR;0;2022-02-15;7071;36238;147003;751;16008;162588;6849;0;3;54278608;51242586;34694578;113102;53183812;37986852;221231;0;162
FR;0;2022-02-16;9417;42993;132549;722;25984;146769;5727;0;6;54288025;51285579;34827127;113824;53209796;38133621;226958;0;168
FR;0;2022-02-17;5581;24346;87318;587;13146;94892;5408;0;5;54293606;51309925;34914445;114411;53222942;38228513;232366;0;173
FR;0;2022-02-18;7003;33592;119671;807;18764;129336;7416;0;2;54300609;51343517;35034116;115218;53241706;38357849;239782;0;175
FR;0;2022-02-19;5371;24557;70030;371;15909;77340;3020;0;2;54305980;51368074;35104146;115589;53257615;38435189;242802;0;177
FR;0;2022-02-20;1149;4660;12175;39;2915;13956;460;0;1;54307129;51372734;35116321;115628;53260530;38449145;243262;0;178
FR;0;2022-02-21;4100;17896;61958;351;10173;67188;4059;0;2;54311229;51390630;35178279;115979;53270703;38516333;247321;0;180
FR;0;2022-02-22;4467;18667;60840;577;11268;64481;5255;0;1;54315696;51409297;35239119;116556;53281971;38580814;252576;0;181
FR;0;2022-02-23;6593;27365;66512;593;19633;71911;4595;0;3;54322289;51436662;35305631;117149;53301604;38652725;257171;0;184
FR;0;2022-02-24;3852;15563;50435;519;9523;53259;4531;0;2;54326141;51452225;35356066;117668;53311127;38705984;261702;0;186
FR;0;2022-02-25;5287;24299;76370;804;15275;80102;7336;0;7;54331428;51476524;35432436;118472;53326402;38786086;269038;0;193
FR;0;2022-02-26;3995;17772;47422;359;12174;51489;3083;0;3;54335423;51494296;35479858;118831;53338576;38837575;272121;0;196
FR;0;2022-02-27;881;3011;8040;47;1980;8949;531;0;0;54336304;51497307;35487898;118878;53340556;38846524;272652;0;196
FR;0;2022-02-28;3127;12562;40497;359;7596;42930;3858;0;0;54339431;51509869;35528395;119237;53348152;38889454;276510;0;196
FR;0;2022-03-01;4013;12615;44204;437;7639;44876;5518;0;6;54343444;51522484;35572599;119674;53355791;38934330;282028;0;202
FR;0;2022-03-02;5338;17855;47153;447;12915;49085;4930;0;2;54348782;51540339;35619752;120121;53368706;38983415;286958;0;204
FR;0;2022-03-03;2829;9361;29903;371;6259;30026;4050;0;2;54351611;51549700;35649655;120492;53374965;39013441;291008;0;206
FR;0;2022-03-04;3230;12516;40343;669;8514;39492;6235;0;4;54354841;51562216;35689998;121161;53383479;39052933;297243;0;210
FR;0;2022-03-05;3074;9290;24963;314;7132;25127;3135;0;1;54357915;51571506;35714961;121475;53390611;39078060;300378;0;211
FR;0;2022-03-06;522;1408;3199;43;1031;3442;379;0;0;54358437;51572914;35718160;121518;53391642;39081502;300757;0;211
FR;0;2022-03-07;2498;5636;18438;315;3853;17710;3307;0;4;54360935;51578550;35736598;121833;53395495;39099212;304064;0;215
FR;0;2022-03-08;2155;6080;19453;363;4334;17926;4093;0;3;54363090;51584630;35756051;122196;53399829;39117138;308157;0;218
FR;0;2022-03-09;3583;10572;22199;408;8799;21294;4042;0;4;54366673;51595202;35778250;122604;53408628;39138432;312199;0;222
FR;0;2022-03-10;1833;5846;17010;345;4393;15836;3408;0;3;54368506;51601048;35795260;122949;53413021;39154268;315607;0;225
FR;0;2022-03-11;2422;7565;24511;545;5444;22278;5480;0;2;54370928;51608613;35819771;123494;53418465;39176546;321087;0;227
FR;0;2022-03-12;2698;6778;17168;309;5496;16522;3137;0;2;54373626;51615391;35836939;123803;53423961;39193068;324224;0;229
FR;0;2022-03-13;406;794;2323;149;603;2272;537;0;0;54374032;51616185;35839262;123952;53424564;39195340;324761;0;229
FR;0;2022-03-14;1561;4275;14989;4412;2810;13842;7295;0;8;54375593;51620460;35854251;128364;53427374;39209182;332056;0;237
FR;0;2022-03-15;1751;6294;16387;7556;4809;14618;11036;0;9;54377344;51626754;35870638;135920;53432183;39223800;343092;0;246
FR;0;2022-03-16;3037;7413;19435;13141;6215;18113;16297;0;8;54380381;51634167;35890073;149061;53438398;39241913;359389;0;254
FR;0;2022-03-17;1462;3988;13157;10846;2808;11997;13314;0;9;54381843;51638155;35903230;159907;53441206;39253910;372703;0;263
FR;0;2022-03-18;2268;5757;20018;18307;4099;18114;22039;0;15;54384111;51643912;35923248;178214;53445305;39272024;394742;0;278
FR;0;2022-03-19;2294;4806;13116;9406;4142;12421;11409;0;6;54386405;51648718;35936364;187620;53449447;39284445;406151;0;284
FR;0;2022-03-20;301;737;1920;1074;529;1933;1340;0;2;54386706;51649455;35938284;188694;53449976;39286378;407491;0;286
FR;0;2022-03-21;1395;3222;12734;14951;2157;11960;16910;0;11;54388101;51652677;35951018;203645;53452133;39298338;424401;0;297
FR;0;2022-03-22;1557;3742;13807;20553;2581;12562;22845;0;5;54389658;51656419;35964825;224198;53454714;39310900;447246;0;302
FR;0;2022-03-23;2689;6297;17740;23151;5228;17248;25268;0;40;54392347;51662716;35982565;247349;53459942;39328148;472514;0;342
FR;0;2022-03-24;1411;3160;11600;17619;2248;10685;19394;0;23;54393758;51665876;35994165;264968;53462190;39338833;491908;0;365
FR;0;2022-03-25;2089;5160;18583;27775;3691;16920;30810;0;31;54395847;51671036;36012748;292743;53465881;39355753;522718;0;396
FR;0;2022-03-26;2232;4418;12080;12680;3866;11521;14402;0;26;54398079;51675454;36024828;305423;53469747;39367274;537120;0;422
FR;0;2022-03-27;363;693;1908;1483;515;1942;1740;0;1;54398442;51676147;36026736;306906;53470262;39369216;538860;0;423
FR;0;2022-03-28;1468;3082;11133;17490;2120;10621;19070;0;16;54399910;51679229;36037869;324396;53472382;39379837;557930;0;439
FR;0;2022-03-29;1453;3284;12913;27585;2099;12055;29284;0;34;54401363;51682513;36050782;351981;53474481;39391892;587214;0;473
FR;0;2022-03-30;2854;5588;15689;27435;4772;15089;29341;0;21;54404217;51688101;36066471;379416;53479253;39406981;616555;0;494
FR;0;2022-03-31;1615;3584;12991;25037;2569;12330;26647;0;43;54405832;51691685;36079462;404453;53481822;39419311;643202;0;537
FR;0;2022-04-01;2686;4588;20083;30897;2973;18725;33490;0;62;54408518;51696273;36099545;435350;53484795;39438036;676692;0;599
FR;0;2022-04-02;1532;2649;9053;10135;2009;8727;11297;0;29;54410050;51698922;36108598;445485;53486804;39446763;687989;0;628
FR;0;2022-04-03;294;516;1562;1171;360;1580;1382;0;2;54410344;51699438;36110160;446656;53487164;39448343;689371;0;630
FR;0;2022-04-04;4568;3032;12388;19129;2053;11596;20602;0;35;54414912;51702470;36122548;465785;53489217;39459939;709973;0;665
FR;0;2022-04-05;2607;3175;14353;34151;2052;13206;35769;0;85;54417519;51705645;36136901;499936;53491269;39473145;745742;0;750
FR;0;2022-04-06;2611;3964;13542;26544;3030;12817;28013;0;72;54420130;51709609;36150443;526480;53494299;39485962;773755;0;822
FR;0;2022-04-07;1989;3151;13685;33820;1999;12897;35178;0;76;54422119;51712760;36164128;560300;53496298;39498859;808933;0;898
FR;0;2022-04-08;2310;4343;19235;44015;2673;17861;46368;0;89;54424429;51717103;36183363;604315;53498971;39516720;855301;0;987
FR;0;2022-04-09;1373;2682;9315;13568;1904;8869;14800;0;30;54425802;51719785;36192678;617883;53500875;39525589;870101;0;1017
FR;0;2022-04-10;296;756;1985;2017;554;2007;2279;0;7;54426098;51720541;36194663;619900;53501429;39527596;872380;0;1024
FR;0;2022-04-11;1350;2623;11876;23933;1643;11484;25205;0;74;54427448;51723164;36206539;643833;53503072;39539080;897585;0;1098
FR;0;2022-04-12;1728;3082;14024;40927;1965;13396;41817;0;127;54429176;51726246;36220563;684760;53505037;39552476;939402;0;1225
FR;0;2022-04-13;1979;3722;13415;33118;2720;13036;34087;0;96;54431155;51729968;36233978;717878;53507757;39565512;973489;0;1321
FR;0;2022-04-14;1506;2988;13216;36353;1916;13074;37022;0;105;54432661;51732956;36247194;754231;53509673;39578586;1010511;0;1426
FR;0;2022-04-15;1882;3869;15646;35584;2611;14926;37236;0;115;54434543;51736825;36262840;789815;53512284;39593512;1047747;0;1541
FR;0;2022-04-16;1046;1834;6400;8553;1263;6263;9435;0;40;54435589;51738659;36269240;798368;53513547;39599775;1057182;0;1581
FR;0;2022-04-17;195;340;993;1174;224;1036;1242;0;7;54435784;51738999;36270233;799542;53513771;39600811;1058424;0;1588
FR;0;2022-04-18;200;546;2768;1072;343;2787;1287;0;5;54435984;51739545;36273001;800614;53514114;39603598;1059711;0;1593
FR;0;2022-04-19;1546;3030;12919;29690;1878;12479;30737;0;78;54437530;51742575;36285920;830304;53515992;39616077;1090448;0;1671
FR;0;2022-04-20;2008;3497;13307;29072;2611;12995;30088;0;96;54439538;51746072;36299227;859376;53518603;39629072;1120536;0;1767
FR;0;2022-04-21;1516;2854;12553;35211;1825;12647;35784;0;117;54441054;51748926;36311780;894587;53520428;39641719;1156320;0;1884
FR;0;2022-04-22;1880;3626;16480;37625;2402;15839;39164;0;131;54442934;51752552;36328260;932212;53522830;39657558;1195484;0;2015
FR;0;2022-04-23;1151;2069;7391;10659;1479;7242;11444;0;38;54444085;51754621;36335651;942871;53524309;39664800;1206928;0;2053
FR;0;2022-04-24;249;467;1478;1592;326;1414;1850;0;7;54444334;51755088;36337129;944463;53524635;39666214;1208778;0;2060
FR;0;2022-04-25;1308;2534;10687;21074;1614;10492;22096;0;79;54445642;51757622;36347816;965537;53526249;39676706;1230874;0;2139
FR;0;2022-04-26;1627;3008;13671;38665;1967;13114;39462;0;181;54447269;51760630;36361487;1004202;53528216;39689820;1270336;0;2320
FR;0;2022-04-27;1964;3065;11539;31087;2280;11596;31505;0;131;54449233;51763695;36373026;1035289;53530496;39701416;1301841;0;2451
FR;0;2022-04-28;1570;2778;12530;36261;1859;12271;36578;0;139;54450803;51766473;36385556;1071550;53532355;39713687;1338419;0;2590
FR;0;2022-04-29;2010;4834;15561;37281;3639;14937;38752;0;164;54452813;51771307;36401117;1108831;53535994;39728624;1377171;0;2754
FR;0;2022-04-30;1225;4703;6929;9717;4197;6758;10608;0;44;54454038;51776010;36408046;1118548;53540191;39735382;1387779;0;2798
FR;0;2022-05-01;220;325;916;1000;229;911;1141;0;6;54454258;51776335;36408962;1119548;53540420;39736293;1388920;0;2804
FR;0;2022-05-02;2363;2958;11158;18179;2054;10992;19023;0;69;54456621;51779293;36420120;1137727;53542474;39747285;1407943;0;2873
FR;0;2022-05-03;2064;3268;13726;34702;2130;13567;35623;0;163;54458685;51782561;36433846;1172429;53544604;39760852;1443566;0;3036
FR;0;2022-05-04;1923;3304;12187;25651;2303;12305;26202;0;110;54460608;51785865;36446033;1198080;53546907;39773157;1469768;0;3146
FR;0;2022-05-05;1794;3040;13070;33602;2018;12916;34270;0;180;54462402;51788905;36459103;1231682;53548925;39786073;1504038;0;3326
FR;0;2022-05-06;2217;3666;15355;36808;2325;14865;38270;0;182;54464619;51792571;36474458;1268490;53551250;39800938;1542308;0;3508
FR;0;2022-05-07;1210;1783;6464;9614;1255;6456;10339;0;48;54465829;51794354;36480922;1278104;53552505;39807394;1552647;0;3556
FR;0;2022-05-08;267;400;1175;1548;288;1236;1654;0;8;54466096;51794754;36482097;1279652;53552793;39808630;1554301;0;3564
FR;0;2022-05-09;1403;2306;9928;20259;1413;9799;21175;0;102;54467499;51797060;36492025;1299911;53554206;39818429;1575476;0;3666
FR;0;2022-05-10;1801;3432;13572;38999;2296;13128;40026;0;200;54469300;51800492;36505597;1338910;53556502;39831557;1615502;0;3866
FR;0;2022-05-11;2005;3020;10755;27942;2324;10701;28445;0;146;54471305;51803512;36516352;1366852;53558826;39842258;1643947;0;4012
FR;0;2022-05-12;1595;2743;11382;35736;1813;11054;36498;0;211;54472900;51806255;36527734;1402588;53560639;39853312;1680445;0;4223
FR;0;2022-05-13;1983;3222;13761;37981;2064;13350;39246;0;162;54474883;51809477;36541495;1440569;53562703;39866662;1719691;0;4385
FR;0;2022-05-14;1150;1646;5938;10778;1204;5801;11366;0;57;54476033;51811123;36547433;1451347;53563907;39872463;1731057;0;4442
FR;0;2022-05-15;283;479;1278;1440;302;1361;1593;0;6;54476316;51811602;36548711;1452787;53564209;39873824;1732650;0;4448
FR;0;2022-05-16;1196;2047;8693;21070;1247;8700;21597;0;128;54477512;51813649;36557404;1473857;53565456;39882524;1754247;0;4576
FR;0;2022-05-17;1591;2605;11828;37881;1670;11404;38723;0;180;54479103;51816254;36569232;1511738;53567126;39893928;1792970;0;4756
FR;0;2022-05-18;1816;2654;9693;27166;1956;9667;27784;0;109;54480919;51818908;36578925;1538904;53569082;39903595;1820754;0;4865
FR;0;2022-05-19;1448;2660;10581;35841;1634;10721;36032;0;162;54482367;51821568;36589506;1574745;53570716;39914316;1856786;0;5027
FR;0;2022-05-20;1876;3118;13425;39369;2079;12913;40388;0;168;54484243;51824686;36602931;1614114;53572795;39927229;1897174;0;5195
FR;0;2022-05-21;1159;1718;5662;9897;1313;5533;10534;0;45;54485402;51826404;36608593;1624011;53574108;39932762;1907708;0;5240
FR;0;2022-05-22;241;341;1030;1439;263;1016;1583;0;10;54485643;51826745;36609623;1625450;53574371;39933778;1909291;0;5250
FR;0;2022-05-23;1176;2127;8879;20374;1411;8829;21029;0;86;54486819;51828872;36618502;1645824;53575782;39942607;1930320;0;5336
FR;0;2022-05-24;1542;2759;11367;38882;1736;11239;39511;0;190;54488361;51831631;36629869;1684706;53577518;39953846;1969831;0;5526
FR;0;2022-05-25;1814;2837;9343;24847;2075;9481;25323;0;116;54490175;51834468;36639212;1709553;53579593;39963327;1995154;0;5642
FR;0;2022-05-26;216;430;1666;1201;293;1677;1344;0;26;54490391;51834898;36640878;1710754;53579886;39965004;1996498;0;5668
FR;0;2022-05-27;1390;2477;9265;21291;1670;9005;22325;0;94;54491781;51837375;36650143;1732045;53581556;39974009;2018823;0;5762
FR;0;2022-05-28;669;1272;3919;6795;852;3968;7204;0;38;54492450;51838647;36654062;1738840;53582408;39977977;2026027;0;5800
FR;0;2022-05-29;157;315;752;921;200;773;1033;0;4;54492607;51838962;36654814;1739761;53582608;39978750;2027060;0;5804
FR;0;2022-05-30;1026;1967;6995;19296;1247;7013;19808;0;91;54493633;51840929;36661809;1759057;53583855;39985763;2046868;0;5895
FR;0;2022-05-31;1488;2520;9823;35664;1647;9645;36295;0;171;54495121;51843449;36671632;1794721;53585502;39995408;2083163;0;6066
FR;0;2022-06-01;1751;3106;11029;24538;2252;10896;25491;0;122;54496872;51846555;36682661;1819259;53587754;40006304;2108654;0;6188
FR;0;2022-06-02;1480;2615;11306;35570;1716;10862;36515;0;174;54498352;51849170;36693967;1854829;53589470;40017166;2145169;0;6362
FR;0;2022-06-03;1728;3085;13424;38729;2054;12789;39999;0;176;54500080;51852255;36707391;1893558;53591524;40029955;2185168;0;6538
FR;0;2022-06-04;975;1516;5046;9113;1076;5117;9649;0;73;54501055;51853771;36712437;1902671;53592600;40035072;2194817;0;6611
FR;0;2022-06-05;180;335;876;1108;205;887;1230;0;4;54501235;51854106;36713313;1903779;53592805;40035959;2196047;0;6615
FR;0;2022-06-06;884;1254;2124;1329;1078;2141;1510;0;13;54502119;51855360;36715437;1905108;53593883;40038100;2197557;0;6628
FR;0;2022-06-07;1498;2713;9855;35597;1793;9433;36824;0;153;54503617;51858073;36725292;1940705;53595676;40047533;2234381;0;6781
FR;0;2022-06-08;1583;2698;9178;28788;1941;9021;29754;0;112;54505200;51860771;36734470;1969493;53597617;40056554;2264135;0;6893
FR;0;2022-06-09;1297;2441;10621;39498;1554;10266;40273;0;167;54506497;51863212;36745091;2008991;53599171;40066820;2304408;0;7060
FR;0;2022-06-10;1630;3193;13104;44828;2159;12666;46153;0;223;54508127;51866405;36758195;2053819;53601330;40079486;2350561;0;7283
FR;0;2022-06-11;962;1738;5432;11627;1124;5465;12212;0;55;54509089;51868143;36763627;2065446;53602454;40084951;2362773;0;7338
FR;0;2022-06-12;202;446;1079;1765;255;1143;1866;0;11;54509291;51868589;36764706;2067211;53602709;40086094;2364639;0;7349
FR;0;2022-06-13;1124;2069;7439;23183;1343;7269;24099;0;90;54510415;51870658;36772145;2090394;53604052;40093363;2388738;0;7439
FR;0;2022-06-14;1346;2548;10448;44948;1598;9804;46144;0;200;54511761;51873206;36782593;2135342;53605650;40103167;2434882;0;7639
FR;0;2022-06-15;1527;2464;9326;30907;1932;8965;31597;0;179;54513288;51875670;36791919;2166249;53607582;40112132;2466479;0;7818
FR;0;2022-06-16;1188;2041;9918;39932;1276;9327;40953;0;201;54514476;51877711;36801837;2206181;53608858;40121459;2507432;0;8019
FR;0;2022-06-17;1494;2859;12513;46699;1788;11920;47935;0;240;54515970;51880570;36814350;2252880;53610646;40133379;2555367;0;8259
FR;0;2022-06-18;857;1527;4566;11125;1038;4501;11719;0;67;54516827;51882097;36818916;2264005;53611684;40137880;2567086;0;8326
FR;0;2022-06-19;183;363;1059;1615;208;1131;1701;0;14;54517010;51882460;36819975;2265620;53611892;40139011;2568787;0;8340
FR;0;2022-06-20;1027;1927;8908;26079;1203;8569;27020;0;156;54518037;51884387;36828883;2291699;53613095;40147580;2595807;0;8496
FR;0;2022-06-21;1327;2404;10310;49898;1541;9339;51283;0;264;54519364;51886791;36839193;2341597;53614636;40156919;2647090;0;8760
FR;0;2022-06-22;1397;2518;8920;39065;1807;8430;40007;0;256;54520761;51889309;36848113;2380662;53616443;40165349;2687097;0;9016
FR;0;2022-06-23;1229;2370;10679;55113;1365;9886;56245;0;320;54521990;51891679;36858792;2435775;53617808;40175235;2743342;0;9336
FR;0;2022-06-24;1493;2996;13646;69187;1751;12307;71006;0;405;54523483;51894675;36872438;2504962;53619559;40187542;2814348;0;9741
FR;0;2022-06-25;939;1781;6237;19921;1112;5990;20776;0;177;54524422;51896456;36878675;2524883;53620671;40193532;2835124;0;9918
FR;0;2022-06-26;229;459;1953;3688;259;1818;3966;0;39;54524651;51896915;36880628;2528571;53620930;40195350;2839090;0;9957
FR;0;2022-06-27;1134;2026;10493;48488;1179;9636;49756;0;339;54525785;51898941;36891121;2577059;53622109;40204986;2888846;0;10296
FR;0;2022-06-28;1463;2816;14672;91400;1584;13090;93170;0;623;54527248;51901757;36905793;2668459;53623693;40218076;2982016;0;10919
FR;0;2022-06-29;1712;2832;12293;71896;1845;11241;73037;0;548;54528960;51904589;36918086;2740355;53625538;40229317;3055053;0;11467
FR;0;2022-06-30;1537;2736;14395;95167;1660;12476;97185;0;724;54530497;51907325;36932481;2835522;53627198;40241793;3152238;0;12191
FR;0;2022-07-01;2016;3806;21506;115936;2309;18857;118586;0;954;54532513;51911131;36953987;2951458;53629507;40260650;3270824;0;13145
FR;0;2022-07-02;1088;1859;8528;35755;1108;7704;36876;0;342;54533601;51912990;36962515;2987213;53630615;40268354;3307700;0;13487
FR;0;2022-07-03;293;539;2095;6455;319;1898;6804;0;79;54533894;51913529;36964610;2993668;53630934;40270252;3314504;0;13566
FR;0;2022-07-04;1955;3472;14716;79233;2337;12995;81305;0;639;54535849;51917001;36979326;3072901;53633271;40283247;3395809;0;14205
FR;0;2022-07-05;1797;3171;18837;133264;1803;16018;135556;0;1146;54537646;51920172;36998163;3206165;53635074;40299265;3531365;0;15351
FR;0;2022-07-06;1845;2789;15856;99602;1850;13649;101170;0;900;54539491;51922961;37014019;3305767;53636924;40312914;3632535;0;16251
FR;0;2022-07-07;1714;2873;18009;126041;1713;14789;128368;0;1179;54541205;51925834;37032028;3431808;53638637;40327703;3760903;0;17430
FR;0;2022-07-08;1894;3153;20752;137088;1857;16765;140081;0;1347;54543099;51928987;37052780;3568896;53640494;40344468;3900984;0;18777
FR;0;2022-07-09;868;1464;7745;37928;883;6692;38769;0;426;54543967;51930451;37060525;3606824;53641377;40351160;3939753;0;19203
FR;0;2022-07-10;272;687;2346;7004;441;2125;7395;0;94;54544239;51931138;37062871;3613828;53641818;40353285;3947148;0;19297
FR;0;2022-07-11;1456;2480;15020;88287;1402;12514;90474;0;801;54545695;51933618;37077891;3702115;53643220;40365799;4037622;0;20098
FR;0;2022-07-12;1843;3119;20537;143973;1716;16732;146678;0;1604;54547538;51936737;37098428;3846088;53644936;40382531;4184300;0;21702
FR;0;2022-07-13;1782;2751;15697;94543;1661;13278;96402;0;1080;54549320;51939488;37114125;3940631;53646597;40395809;4280702;0;22782
FR;0;2022-07-14;186;370;1956;5540;220;1835;5707;0;82;54549506;51939858;37116081;3946171;53646817;40397644;4286409;0;22864
FR;0;2022-07-15;1486;2575;15117;84465;1441;12600;86624;0;1035;54550992;51942433;37131198;4030636;53648258;40410244;4373033;0;23899
FR;0;2022-07-16;627;1193;5950;24982;699;5156;25674;0;327;54551619;51943626;37137148;4055618;53648957;40415400;4398707;0;24226
FR;0;2022-07-17;182;395;1738;4666;218;1570;4938;0;66;54551801;51944021;37138886;4060284;53649175;40416970;4403645;0;24292
FR;0;2022-07-18;1132;2251;11828;61809;1341;9978;63672;0;780;54552933;51946272;37150714;4122093;53650516;40426948;4467317;0;25072
FR;0;2022-07-19;1423;2355;15475;103709;1396;12296;105898;0;1459;54554356;51948627;37166189;4225802;53651912;40439244;4573215;0;26531
FR;0;2022-07-20;1428;2301;12966;77586;1470;10739;79173;0;1051;54555784;51950928;37179155;4303388;53653382;40449983;4652388;0;27582
FR;0;2022-07-21;1288;2171;13098;88243;1371;10500;89728;0;1316;54557072;51953099;37192253;4391631;53654753;40460483;4742116;0;28898
FR;0;2022-07-22;1432;2489;14832;89552;1466;11974;91418;0;1347;54558504;51955588;37207085;4481183;53656219;40472457;4833534;0;30245
FR;0;2022-07-23;684;1310;5534;22482;821;4857;23080;0;411;54559188;51956898;37212619;4503665;53657040;40477314;4856614;0;30656
FR;0;2022-07-24;185;353;1400;3905;204;1242;4132;0;72;54559373;51957251;37214019;4507570;53657244;40478556;4860746;0;30728
FR;0;2022-07-25;1060;1797;9493;48081;1149;7845;49518;0;737;54560433;51959048;37223512;4555651;53658393;40486401;4910264;0;31465
FR;0;2022-07-26;1300;2213;13306;85438;1322;10828;87135;0;1311;54561733;51961261;37236818;4641089;53659715;40497229;4997399;0;32776
FR;0;2022-07-27;1226;2007;10236;61318;1340;8530;62522;0;971;54562959;51963268;37247054;4702407;53661055;40505759;5059921;0;33747
FR;0;2022-07-28;1093;1863;10313;64408;1259;8225;65638;0;1046;54564052;51965131;37257367;4766815;53662314;40513984;5125559;0;34793
FR;0;2022-07-29;1282;2078;11011;65898;1387;8765;67328;0;1140;54565334;51967209;37268378;4832713;53663701;40522749;5192887;0;35933
FR;0;2022-07-30;503;866;3523;15283;604;2973;15666;0;303;54565837;51968075;37271901;4847996;53664305;40525722;5208553;0;36236
FR;0;2022-07-31;154;289;929;2439;185;788;2588;0;49;54565991;51968364;37272830;4850435;53664490;40526510;5211141;0;36285
FR;0;2022-08-01;989;1667;7601;30239;1259;6400;31313;0;549;54566980;51970031;37280431;4880674;53665749;40532910;5242454;0;36834
FR;0;2022-08-02;1052;1650;8580;56119;1154;6894;56807;0;1170;54568032;51971681;37289011;4936793;53666903;40539804;5299261;0;38004
FR;0;2022-08-03;852;1265;6430;38681;902;5150;39419;0;702;54568884;51972946;37295441;4975474;53667805;40544954;5338680;0;38706
FR;0;2022-08-04;741;1186;6574;43161;782;5307;43725;0;917;54569625;51974132;37302015;5018635;53668587;40550261;5382405;0;39623
FR;0;2022-08-05;857;1364;7099;44969;972;5681;45629;0;993;54570482;51975496;37309114;5063604;53669559;40555942;5428034;0;40616
FR;0;2022-08-06;341;557;2101;9367;398;1759;9567;0;228;54570823;51976053;37311215;5072971;53669957;40557701;5437601;0;40844
FR;0;2022-08-07;104;160;536;1626;117;453;1702;0;38;54570927;51976213;37311751;5074597;53670074;40558154;5439303;0;40882
FR;0;2022-08-08;646;1163;4029;22109;919;3292;22544;0;490;54571573;51977376;37315780;5096706;53670993;40561446;5461847;0;41372
FR;0;2022-08-09;746;1167;5973;39955;852;4804;40446;0;844;54572319;51978543;37321753;5136661;53671845;40566250;5502293;0;42216
FR;0;2022-08-10;670;1289;4655;28058;1004;3796;28392;0;652;54572989;51979832;37326408;5164719;53672849;40570046;5530685;0;42868
FR;0;2022-08-11;640;1029;4492;29251;741;3712;29587;0;676;54573629;51980861;37330900;5193970;53673590;40573758;5560272;0;43544
FR;0;2022-08-12;849;1164;4748;28219;850;3919;28656;0;704;54574478;51982025;37335648;5222189;53674440;40577677;5588928;0;44248
FR;0;2022-08-13;355;428;1295;5260;325;1120;5419;0;121;54574833;51982453;37336943;5227449;53674765;40578797;5594347;0;44369
FR;0;2022-08-14;74;121;289;923;104;247;995;0;25;54574907;51982574;37337232;5228372;53674869;40579044;5595342;0;44394
FR;0;2022-08-15;117;232;610;564;198;558;618;0;19;54575024;51982806;37337842;5228936;53675067;40579602;5595960;0;44413
FR;0;2022-08-16;645;1078;3961;22178;840;3355;22371;0;615;54575669;51983884;37341803;5251114;53675907;40582957;5618331;0;45028
FR;0;2022-08-17;653;1041;3890;22897;816;3294;23142;0;620;54576322;51984925;37345693;5274011;53676723;40586251;5641473;0;45648
FR;0;2022-08-18;637;1001;4124;26308;805;3262;26541;0;673;54576959;51985926;37349817;5300319;53677528;40589513;5668014;0;46321
FR;0;2022-08-19;606;1167;4493;27259;875;3694;27565;0;766;54577565;51987093;37354310;5327578;53678403;40593207;5695579;0;47087
FR;0;2022-08-20;310;504;1356;5569;402;1171;5728;0;146;54577875;51987597;37355666;5333147;53678805;40594378;5701307;0;47233
FR;0;2022-08-21;97;135;305;1009;96;267;1044;0;27;54577972;51987732;37355971;5334156;53678901;40594645;5702351;0;47260
FR;0;2022-08-22;584;1001;3273;15358;780;2797;15688;0;425;54578556;51988733;37359244;5349514;53679681;40597442;5718039;0;47685
FR;0;2022-08-23;730;1179;4297;29002;852;3610;29089;0;870;54579286;51989912;37363541;5378516;53680533;40601052;5747128;0;48555
FR;0;2022-08-24;669;939;3496;19539;785;2858;19729;0;608;54579955;51990851;37367037;5398055;53681318;40603910;5766857;0;49163
FR;0;2022-08-25;626;1024;3946;23402;730;3294;23666;0;673;54580581;51991875;37370983;5421457;53682048;40607204;5790523;0;49836
FR;0;2022-08-26;862;1266;4478;25884;961;3671;26257;0;777;54581443;51993141;37375461;5447341;53683009;40610875;5816780;0;50613
FR;0;2022-08-27;297;500;1379;5469;362;1244;5533;0;194;54581740;51993641;37376840;5452810;53683371;40612119;5822313;0;50807
FR;0;2022-08-28;125;163;303;920;117;288;965;0;38;54581865;51993804;37377143;5453730;53683488;40612407;5823278;0;50845
FR;0;2022-08-29;621;967;3076;14663;767;2614;14969;0;433;54582486;51994771;37380219;5468393;53684255;40615021;5838247;0;51278
FR;0;2022-08-30;854;1224;4796;28544;900;3914;28874;0;823;54583340;51995995;37385015;5496937;53685155;40618935;5867121;0;52101
FR;0;2022-08-31;697;958;3207;17645;745;2718;17909;0;508;54584037;51996953;37388222;5514582;53685900;40621653;5885030;0;52609
FR;0;2022-09-01;754;997;4480;22490;708;3827;22765;0;623;54584791;51997950;37392702;5537072;53686608;40625480;5907795;0;53232
FR;0;2022-09-02;955;1157;5044;28612;845;4257;28906;0;914;54585746;51999107;37397746;5565684;53687453;40629737;5936701;0;54146
FR;0;2022-09-03;420;571;1919;6086;425;1666;6323;0;181;54586166;51999678;37399665;5571770;53687878;40631403;5943024;0;54327
FR;0;2022-09-04;134;150;351;876;85;347;945;0;24;54586300;51999828;37400016;5572646;53687963;40631750;5943969;0;54351
FR;0;2022-09-05;740;915;3177;16065;735;2657;16379;0;523;54587040;52000743;37403193;5588711;53688698;40634407;5960348;0;54874
FR;0;2022-09-06;907;1051;4740;31851;681;3873;32080;0;1040;54587947;52001794;37407933;5620562;53689379;40638280;5992428;0;55914
FR;0;2022-09-07;712;786;2998;16822;569;2479;16971;0;573;54588659;52002580;37410931;5637384;53689948;40640759;6009399;0;56487
FR;0;2022-09-08;632;862;3810;24866;597;3142;24957;0;818;54589291;52003442;37414741;5662250;53690545;40643901;6034356;0;57305
FR;0;2022-09-09;845;1022;4444;27660;662;3686;27836;0;951;54590136;52004464;37419185;5689910;53691207;40647587;6062192;0;58256
FR;0;2022-09-10;404;647;1738;5711;472;1538;5917;0;207;54590540;52005111;37420923;5695621;53691679;40649125;6068109;0;58463
FR;0;2022-09-11;124;131;324;657;93;307;716;0;17;54590664;52005242;37421247;5696278;53691772;40649432;6068825;0;58480
FR;0;2022-09-12;520;647;2690;13296;464;2295;13589;0;478;54591184;52005889;37423937;5709574;53692236;40651727;6082414;0;58958
FR;0;2022-09-13;672;871;3996;26516;560;3486;26396;0;875;54591856;52006760;37427933;5736090;53692796;40655213;6108810;0;59833
FR;0;2022-09-14;706;802;2968;16188;594;2485;16421;0;573;54592562;52007562;37430901;5752278;53693390;40657698;6125231;0;60406
FR;0;2022-09-15;578;844;3475;23586;597;2963;23655;0;728;54593140;52008406;37434376;5775864;53693987;40660661;6148886;0;61134
FR;0;2022-09-16;799;1047;4144;25915;732;3486;26138;0;932;54593939;52009453;37438520;5801779;53694719;40664147;6175024;0;62066
FR;0;2022-09-17;395;513;1454;6146;392;1284;6238;0;243;54594334;52009966;37439974;5807925;53695111;40665431;6181262;0;62309
FR;0;2022-09-18;117;144;323;962;123;291;1017;0;37;54594451;52010110;37440297;5808887;53695234;40665722;6182279;0;62346
FR;0;2022-09-19;482;648;2262;13219;451;1936;13402;0;436;54594933;52010758;37442559;5822106;53695685;40667658;6195681;0;62782
FR;0;2022-09-20;646;901;3790;26462;656;3157;26516;0;893;54595579;52011659;37446349;5848568;53696341;40670815;6222197;0;63675
FR;0;2022-09-21;590;775;2740;16258;579;2355;16249;0;586;54596169;52012434;37449089;5864826;53696920;40673170;6238446;0;64261
FR;0;2022-09-22;601;849;3424;23595;572;2797;23819;0;774;54596770;52013283;37452513;5888421;53697492;40675967;6262265;0;65035
FR;0;2022-09-23;838;1051;4495;28730;773;3764;28901;0;1020;54597608;52014334;37457008;5917151;53698265;40679731;6291166;0;66055
FR;0;2022-09-24;427;614;1647;6906;474;1420;7091;0;307;54598035;52014948;37458655;5924057;53698739;40681151;6298257;0;66362
FR;0;2022-09-25;99;194;336;1101;149;307;1143;0;37;54598134;52015142;37458991;5925158;53698888;40681458;6299400;0;66399
FR;0;2022-09-26;438;715;2299;13544;485;2019;13649;0;435;54598572;52015857;37461290;5938702;53699373;40683477;6313049;0;66834
FR;0;2022-09-27;612;844;3627;25944;614;2910;26099;0;959;54599184;52016701;37464917;5964646;53699987;40686387;6339148;0;67793
FR;0;2022-09-28;635;828;2557;15403;635;2305;15516;0;622;54599819;52017529;37467474;5980049;53700622;40688692;6354664;0;68415
FR;0;2022-09-29;566;768;3134;21051;546;2647;21080;43;810;54600385;52018297;37470608;6001100;53701168;40691339;6375744;43;69225
FR;0;2022-09-30;787;1122;3956;25563;840;3302;25830;715;1052;54601172;52019419;37474564;6026663;53702008;40694641;6401574;758;70277
FR;0;2022-10-01;431;680;2009;5975;528;1737;6212;396;318;54601603;52020099;37476573;6032638;53702536;40696378;6407786;1154;70595
FR;0;2022-10-02;63;136;218;639;97;215;665;66;42;54601666;52020235;37476791;6033277;53702633;40696593;6408451;1220;70637
FR;0;2022-10-03;580;928;2468;12053;761;2194;12231;2074;745;54602246;52021163;37479259;6045330;53703394;40698787;6420682;3294;71382
FR;0;2022-10-04;711;832;3394;23508;578;2785;23685;4704;1585;54602957;52021995;37482653;6068838;53703972;40701572;6444367;7998;72967
FR;0;2022-10-05;599;852;2448;14607;631;2163;14748;3656;1210;54603556;52022847;37485101;6083445;53704603;40703735;6459115;11654;74177
FR;0;2022-10-06;549;741;3089;21688;542;2521;21898;6668;1909;54604105;52023588;37488190;6105133;53705145;40706256;6481013;18322;76086
FR;0;2022-10-07;731;1011;4127;30309;739;3476;30398;16874;3204;54604836;52024599;37492317;6135442;53705884;40709732;6511411;35196;79290
FR;0;2022-10-08;355;521;1651;8432;383;1410;8601;6699;1170;54605191;52025120;37493968;6143874;53706267;40711142;6520012;41895;80460
FR;0;2022-10-09;109;138;337;1587;112;312;1650;1511;297;54605300;52025258;37494305;6145461;53706379;40711454;6521662;43406;80757
FR;0;2022-10-10;496;820;2931;20563;636;2523;20884;19595;3272;54605796;52026078;37497236;6166024;53707015;40713977;6542546;63001;84029
FR;0;2022-10-11;596;813;4269;40321;553;3572;40665;40162;6381;54606392;52026891;37501505;6206345;53707568;40717549;6583211;103163;90410
FR;0;2022-10-12;596;857;3268;26756;639;2775;27086;27302;4691;54606988;52027748;37504773;6233101;53708207;40720324;6610297;130465;95101
FR;0;2022-10-13;623;816;4016;38463;607;3137;38922;40607;6607;54607611;52028564;37508789;6271564;53708814;40723461;6649219;171072;101708
FR;0;2022-10-14;760;1071;4869;47667;782;3953;48142;51133;7863;54608371;52029635;37513658;6319231;53709596;40727414;6697361;222205;109571
FR;0;2022-10-15;366;580;1867;11851;419;1629;11965;13091;2274;54608737;52030215;37515525;6331082;53710015;40729043;6709326;235296;111845
FR;0;2022-10-16;92;135;372;1967;85;356;2012;2347;479;54608829;52030350;37515897;6333049;53710100;40729399;6711338;237643;112324
FR;0;2022-10-17;438;711;3042;26465;495;2485;26837;30793;5410;54609267;52031061;37518939;6359514;53710595;40731884;6738175;268436;117734
FR;0;2022-10-18;603;736;4704;46101;535;3762;46664;55449;11701;54609870;52031797;37523643;6405615;53711130;40735646;6784839;323885;129435
FR;0;2022-10-19;565;818;3642;34375;623;3074;34743;42461;9251;54610435;52032615;37527285;6439990;53711753;40738720;6819582;366346;138686
FR;0;2022-10-20;615;802;4843;49463;590;3730;50120;60531;12936;54611050;52033417;37532128;6489453;53712343;40742450;6869702;426877;151622
FR;0;2022-10-21;690;993;5710;57041;708;4519;57711;70964;14299;54611740;52034410;37537838;6546494;53713051;40746969;6927413;497841;165921
FR;0;2022-10-22;334;413;1654;12949;333;1320;13106;15938;3386;54612074;52034823;37539492;6559443;53713384;40748289;6940519;513779;169307
FR;0;2022-10-23;97;107;350;2064;102;266;2166;2758;631;54612171;52034930;37539842;6561507;53713486;40748555;6942685;516537;169938
FR;0;2022-10-24;551;597;3137;27134;422;2687;27562;35493;7809;54612722;52035527;37542979;6588641;53713908;40751242;6970247;552030;177747
FR;0;2022-10-25;596;725;4870;49114;535;3801;49788;65248;15448;54613318;52036252;37547849;6637755;53714443;40755043;7020035;617278;193195
FR;0;2022-10-26;532;645;3474;32622;483;2900;32928;43998;11022;54613850;52036897;37551323;6670377;53714926;40757943;7052963;661276;204217
FR;0;2022-10-27;591;697;4080;40795;497;3347;41272;54475;13137;54614441;52037594;37555403;6711172;53715423;40761290;7094235;715751;217354
FR;0;2022-10-28;703;868;4610;44187;631;3505;45006;58274;13186;54615144;52038462;37560013;6755359;53716054;40764795;7139241;774025;230540
FR;0;2022-10-29;260;360;1328;9494;258;1082;9627;12523;3012;54615404;52038822;37561341;6764853;53716312;40765877;7148868;786548;233552
FR;0;2022-10-30;87;118;287;1598;94;249;1646;2145;540;54615491;52038940;37561628;6766451;53716406;40766126;7150514;788693;234092
FR;0;2022-10-31;381;488;2075;16062;357;1626;16427;22205;5503;54615872;52039428;37563703;6782513;53716763;40767752;7166941;810898;239595
FR;0;2022-11-01;115;190;928;1123;148;961;1166;1697;504;54615987;52039618;37564631;6783636;53716911;40768713;7168107;812595;240099
FR;0;2022-11-02;517;675;3037;25403;504;2583;25879;36642;10133;54616504;52040293;37567668;6809039;53717415;40771296;7193986;849237;250232
FR;0;2022-11-03;646;702;4114;40064;535;3118;40796;57039;15379;54617150;52040995;37571782;6849103;53717950;40774414;7234782;906276;265611
FR;0;2022-11-04;657;830;4425;43659;576;3518;44278;60534;15248;54617807;52041825;37576207;6892762;53718526;40777932;7279060;966810;280859
FR;0;2022-11-05;255;367;1450;9716;290;1166;9925;13463;3294;54618062;52042192;37577657;6902478;53718816;40779098;7288985;980273;284153
FR;0;2022-11-06;94;117;263;1602;100;246;1631;2337;653;54618156;52042309;37577920;6904080;53718916;40779344;7290616;982610;284806
FR;0;2022-11-07;505;578;2762;26768;491;2248;27401;39118;11004;54618661;52042887;37580682;6930848;53719407;40781592;7318017;1021728;295810
FR;0;2022-11-08;642;812;5004;51999;599;3840;53003;74287;20078;54619303;52043699;37585686;6982847;53720006;40785432;7371020;1096015;315888
FR;0;2022-11-09;526;695;3362;31610;517;2690;32386;46363;13233;54619829;52044394;37589048;7014457;53720523;40788122;7403406;1142378;329121
FR;0;2022-11-10;625;959;4577;43679;710;3628;44579;62857;17354;54620454;52045353;37593625;7058136;53721233;40791750;7447985;1205235;346475
FR;0;2022-11-11;82;118;370;1664;87;312;1727;2799;1012;54620536;52045471;37593995;7059800;53721320;40792062;7449712;1208034;347487
FR;0;2022-11-12;212;350;1195;7102;259;978;7337;10289;2765;54620748;52045821;37595190;7066902;53721579;40793040;7457049;1218323;350252
FR;0;2022-11-13;71;115;249;1208;94;213;1262;1978;628;54620819;52045936;37595439;7068110;53721673;40793253;7458311;1220301;350880
FR;0;2022-11-14;444;530;2589;23994;377;2066;24628;36204;10889;54621263;52046466;37598028;7092104;53722050;40795319;7482939;1256505;361769
FR;0;2022-11-15;616;880;4330;45056;705;3373;46004;66920;19627;54621879;52047346;37602358;7137160;53722755;40798692;7528943;1323425;381396
FR;0;2022-11-16;559;678;3071;28595;549;2578;29131;43256;13312;54622438;52048024;37605429;7165755;53723304;40801270;7558074;1366681;394708
FR;0;2022-11-17;571;687;3826;39251;534;2986;39858;58356;17407;54623009;52048711;37609255;7205006;53723838;40804256;7597932;1425037;412115
FR;0;2022-11-18;624;783;4607;45145;598;3457;46051;65714;18349;54623633;52049494;37613862;7250151;53724436;40807713;7643983;1490751;430464
FR;0;2022-11-19;270;344;1501;9806;276;1097;10001;14322;4009;54623903;52049838;37615363;7259957;53724712;40808810;7653984;1505073;434473
FR;0;2022-11-20;79;186;304;1698;168;261;1772;2717;859;54623982;52050024;37615667;7261655;53724880;40809071;7655756;1507790;435332
FR;0;2022-11-21;437;513;2425;21448;351;1955;22018;33132;10347;54624419;52050537;37618092;7283103;53725231;40811026;7677774;1540922;445679
FR;0;2022-11-22;539;608;4031;39832;436;3167;40406;59776;18252;54624958;52051145;37622123;7322935;53725667;40814193;7718180;1600698;463931
FR;0;2022-11-23;473;567;2758;26027;413;2324;26517;40394;12888;54625431;52051712;37624881;7348962;53726080;40816517;7744697;1641092;476819
FR;0;2022-11-24;513;608;3768;37157;432;2964;37869;56830;17941;54625944;52052320;37628649;7386119;53726512;40819481;7782566;1697922;494760
FR;0;2022-11-25;579;731;4187;40149;584;3148;40992;59635;17476;54626523;52053051;37632836;7426268;53727096;40822629;7823558;1757557;512236
FR;0;2022-11-26;301;339;1335;9371;263;1064;9512;13999;3971;54626824;52053390;37634171;7435639;53727359;40823693;7833070;1771556;516207
FR;0;2022-11-27;77;88;265;1661;73;225;1689;2554;805;54626901;52053478;37634436;7437300;53727432;40823918;7834759;1774110;517012
FR;0;2022-11-28;418;482;2638;24800;362;1982;25539;38464;12200;54627319;52053960;37637074;7462100;53727794;40825900;7860298;1812574;529212
FR;0;2022-11-29;499;611;4401;46525;381;3291;47253;71103;22321;54627818;52054571;37641475;7508625;53728175;40829191;7907551;1883677;551533
FR;0;2022-11-30;508;700;3740;36926;501;2898;37732;56326;17229;54628326;52055271;37645215;7545551;53728676;40832089;7945283;1940003;568762
FR;0;2022-12-01;535;681;5319;51889;460;3911;52697;79673;25237;54628861;52055952;37650534;7597440;53729136;40836000;7997980;2019676;593999
FR;0;2022-12-02;644;747;6173;61538;532;4381;62771;92439;27453;54629505;52056699;37656707;7658978;53729668;40840381;8060751;2112115;621452
FR;0;2022-12-03;305;348;2287;18051;226;1629;18480;26729;7618;54629810;52057047;37658994;7677029;53729894;40842010;8079231;2138844;629070
FR;0;2022-12-04;97;124;524;4305;91;434;4356;6441;1856;54629907;52057171;37659518;7681334;53729985;40842444;8083587;2145285;630926
FR;0;2022-12-05;469;601;4309;44696;437;2919;45663;69027;21899;54630376;52057772;37663827;7726030;53730422;40845363;8129250;2214312;652825
FR;0;2022-12-06;633;757;6854;78298;495;4657;79819;121753;39599;54631009;52058529;37670681;7804328;53730917;40850020;8209069;2336065;692424
FR;0;2022-12-07;558;648;5364;58158;483;3610;59305;90515;29572;54631567;52059177;37676045;7862486;53731400;40853630;8268374;2426580;721996
FR;0;2022-12-08;609;716;6990;79672;456;4593;81367;124176;40871;54632176;52059893;37683035;7942158;53731856;40858223;8349741;2550756;762867
FR;0;2022-12-09;784;843;8682;95684;555;5735;97577;147342;46801;54632960;52060736;37691717;8037842;53732411;40863958;8447318;2698098;809668
FR;0;2022-12-10;409;483;3827;33959;327;2481;34856;50558;14712;54633369;52061219;37695544;8071801;53732738;40866439;8482174;2748656;824380
FR;0;2022-12-11;132;141;993;8362;101;687;8567;12255;3276;54633501;52061360;37696537;8080163;53732839;40867126;8490741;2760911;827656
FR;0;2022-12-12;520;589;6380;67477;379;4135;69071;106274;34834;54634021;52061949;37702917;8147640;53733218;40871261;8559812;2867185;862490
FR;0;2022-12-13;705;782;9050;103603;490;5636;106193;164918;55098;54634726;52062731;37711967;8251243;53733708;40876897;8666005;3032103;917588
FR;0;2022-12-14;592;718;6824;73345;481;4554;75026;116999;38769;54635318;52063449;37718791;8324588;53734189;40881451;8741031;3149102;956357
FR;0;2022-12-15;660;876;8896;95928;567;5721;98241;153325;51775;54635978;52064325;37727687;8420516;53734756;40887172;8839272;3302427;1008132
FR;0;2022-12-16;827;977;9778;104820;652;6460;107061;166526;55328;54636805;52065302;37737465;8525336;53735408;40893632;8946333;3468953;1063460
FR;0;2022-12-17;345;429;3504;31802;293;2296;32594;48444;14449;54637150;52065731;37740969;8557138;53735701;40895928;8978927;3517397;1077909
FR;0;2022-12-18;93;127;789;6334;81;542;6484;9629;2752;54637243;52065858;37741758;8563472;53735782;40896470;8985411;3527026;1080661
FR;0;2022-12-19;590;618;5755;56217;434;3683;57848;90262;30086;54637833;52066476;37747513;8619689;53736216;40900153;9043259;3617288;1110747
FR;0;2022-12-20;742;790;7951;79845;526;5245;81992;130814;45058;54638575;52067266;37755464;8699534;53736742;40905398;9125251;3748102;1155805
FR;0;2022-12-21;598;627;5336;50977;439;3588;52328;84181;29335;54639173;52067893;37760800;8750511;53737181;40908986;9177579;3832283;1185140
FR;0;2022-12-22;645;667;4914;46279;465;3435;47516;76894;26903;54639818;52068560;37765714;8796790;53737646;40912421;9225095;3909177;1212043
FR;0;2022-12-23;478;584;3448;26234;420;2631;26895;43414;14908;54640296;52069144;37769162;8823024;53738066;40915052;9251990;3952591;1226951
FR;0;2022-12-24;105;108;446;2708;80;337;2832;4289;1231;54640401;52069252;37769608;8825732;53738146;40915389;9254822;3956880;1228182
FR;0;2022-12-25;34;43;134;566;34;106;592;926;273;54640435;52069295;37769742;8826298;53738180;40915495;9255414;3957806;1228455
FR;0;2022-12-26;369;391;2500;16928;291;1823;17567;27605;8824;54640804;52069686;37772242;8843226;53738471;40917318;9272981;3985411;1237279
FR;0;2022-12-27;539;660;4217;33726;444;2953;34876;56724;19743;54641343;52070346;37776459;8876952;53738915;40920271;9307857;4042135;1257022
FR;0;2022-12-28;477;518;3241;25716;351;2317;26337;42936;14837;54641820;52070864;37779700;8902668;53739266;40922588;9334194;4085071;1271859
FR;0;2022-12-29;432;540;3423;26587;354;2407;27594;45104;15659;54642252;52071404;37783123;8929255;53739620;40924995;9361788;4130175;1287518
FR;0;2022-12-30;461;505;2630;19576;363;1866;20248;32639;11002;54642713;52071909;37785753;8948831;53739983;40926861;9382036;4162814;1298520
FR;0;2022-12-31;137;157;508;3184;121;413;3328;4945;1338;54642850;52072066;37786261;8952015;53740104;40927274;9385364;4167759;1299858
FR;0;2023-01-01;25;45;177;711;27;149;737;1026;246;54642875;52072111;37786438;8952726;53740131;40927423;9386101;4168785;1300104
FR;0;2023-01-02;475;564;3004;19033;389;2320;19511;32979;12073;54643350;52072675;37789442;8971759;53740520;40929743;9405612;4201764;1312177
FR;0;2023-01-03;665;679;4758;44186;458;3369;45131;82779;34819;54644015;52073354;37794200;9015945;53740978;40933112;9450743;4284543;1346996
FR;0;2023-01-04;540;596;3872;31103;405;2764;31917;59880;25822;54644555;52073950;37798072;9047048;53741383;40935876;9482660;4344423;1372818
FR;0;2023-01-05;668;758;4686;43309;559;3190;44242;84048;37175;54645223;52074708;37802758;9090357;53741942;40939066;9526902;4428471;1409993
FR;0;2023-01-06;746;859;5526;48576;581;3664;49637;92101;39512;54645969;52075567;37808284;9138933;53742523;40942730;9576539;4520572;1449505
FR;0;2023-01-07;347;412;1948;12935;299;1414;13256;23034;8766;54646316;52075979;37810232;9151868;53742822;40944144;9589795;4543606;1458271
FR;0;2023-01-08;104;143;495;2918;99;356;3015;5231;1992;54646420;52076122;37810727;9154786;53742921;40944500;9592810;4548837;1460263
FR;0;2023-01-09;580;630;2862;22346;451;2063;22931;45852;21214;54647000;52076752;37813589;9177132;53743372;40946563;9615741;4594689;1481477
FR;0;2023-01-10;615;771;4816;41572;534;3446;42401;87017;41785;54647615;52077523;37818405;9218704;53743906;40950009;9658142;4681706;1523262
FR;0;2023-01-11;500;598;3143;25101;436;2285;25635;52857;25235;54648115;52078121;37821548;9243805;53744342;40952294;9683777;4734563;1548497
FR;0;2023-01-12;601;687;3983;34348;465;2884;34972;72502;35100;54648716;52078808;37825531;9278153;53744807;40955178;9718749;4807065;1583597
FR;0;2023-01-13;755;805;4380;36229;559;3152;36878;74631;35214;54649471;52079613;37829911;9314382;53745366;40958330;9755627;4881696;1618811
FR;0;2023-01-14;353;345;1584;9307;236;1196;9499;17763;7417;54649824;52079958;37831495;9323689;53745602;40959526;9765126;4899459;1626228
FR;0;2023-01-15;100;135;378;1567;91;290;1678;3254;1405;54649924;52080093;37831873;9325256;53745693;40959816;9766804;4902713;1627633
FR;0;2023-01-16;425;480;2382;16347;333;1789;16609;35990;18101;54650349;52080573;37834255;9341603;53746026;40961605;9783413;4938703;1645734
FR;0;2023-01-17;503;594;3538;29061;408;2567;29622;65745;33908;54650852;52081167;37837793;9370664;53746434;40964172;9813035;5004448;1679642
FR;0;2023-01-18;471;560;2370;17447;407;1838;17760;39169;19884;54651323;52081727;37840163;9388111;53746841;40966010;9830795;5043617;1699526
FR;0;2023-01-19;506;521;2872;23070;356;2134;23419;52292;27008;54651829;52082248;37843035;9411181;53747197;40968144;9854214;5095909;1726534
FR;0;2023-01-20;632;702;3469;25802;503;2625;26285;57770;29426;54652461;52082950;37846504;9436983;53747700;40970769;9880499;5153679;1755960
FR;0;2023-01-21;261;306;1141;6423;221;880;6532;13244;6020;54652722;52083256;37847645;9443406;53747921;40971649;9887031;5166923;1761980
FR;0;2023-01-22;47;65;179;880;34;155;930;1921;874;54652769;52083321;37847824;9444286;53747955;40971804;9887961;5168844;1762854
FR;0;2023-01-23;322;414;1739;11042;272;1304;11267;27226;14819;54653091;52083735;37849563;9455328;53748227;40973108;9899228;5196070;1777673
FR;0;2023-01-24;476;529;2594;20714;373;1944;21024;51016;28310;54653567;52084264;37852157;9476042;53748600;40975052;9920252;5247086;1805983
FR;0;2023-01-25;407;553;1952;12616;396;1482;13046;30757;16452;54653974;52084817;37854109;9488658;53748996;40976534;9933298;5277843;1822435
FR;0;2023-01-26;435;527;2383;17188;381;1788;17496;42447;23391;54654409;52085344;37856492;9505846;53749377;40978322;9950794;5320290;1845826
FR;0;2023-01-27;527;742;2654;18528;567;2016;18775;45029;24538;54654936;52086086;37859146;9524374;53749944;40980338;9969569;5365319;1870364
FR;0;2023-01-28;237;291;866;4521;234;691;4640;9986;4751;54655173;52086377;37860012;9528895;53750178;40981029;9974209;5375305;1875115
FR;0;2023-01-29;42;72;124;466;55;102;504;1098;548;54655215;52086449;37860136;9529361;53750233;40981131;9974713;5376403;1875663
FR;0;2023-01-30;366;449;1343;8289;321;1111;8482;20944;11435;54655581;52086898;37861479;9537650;53750554;40982242;9983195;5397347;1887098
FR;0;2023-01-31;426;489;2047;14114;332;1531;14357;36869;21257;54656007;52087387;37863526;9551764;53750886;40983773;9997552;5434216;1908355
FR;0;2023-02-01;410;528;1720;8351;401;1468;8507;22201;12597;54656417;52087915;37865246;9560115;53751287;40985241;10006059;5456417;1920952
FR;0;2023-02-02;369;503;1724;11900;344;1431;12107;31659;18252;54656786;52088418;37866970;9572015;53751631;40986672;10018166;5488076;1939204
FR;0;2023-02-03;479;651;2063;12624;486;1645;12804;33747;19444;54657265;52089069;37869033;9584639;53752117;40988317;10030970;5521823;1958648
FR;0;2023-02-04;197;277;672;3135;238;565;3180;7452;3823;54657462;52089346;37869705;9587774;53752355;40988882;10034150;5529275;1962471
FR;0;2023-02-05;25;65;89;245;42;87;261;589;284;54657487;52089411;37869794;9588019;53752397;40988969;10034411;5529864;1962755
FR;0;2023-02-06;310;353;1100;5419;284;865;5603;15380;9054;54657797;52089764;37870894;9593438;53752681;40989834;10040014;5545244;1971809
FR;0;2023-02-07;349;496;1605;9734;365;1317;9889;28154;16879;54658146;52090260;37872499;9603172;53753046;40991151;10049903;5573398;1988688
FR;0;2023-02-08;301;390;1129;6066;309;917;6232;16992;9763;54658447;52090650;37873628;9609238;53753355;40992068;10056135;5590390;1998451
FR;0;2023-02-09;340;475;1303;7908;346;1110;8089;22829;13690;54658787;52091125;37874931;9617146;53753701;40993178;10064224;5613219;2012141
FR;0;2023-02-10;466;548;1518;8357;433;1277;8503;23755;13954;54659253;52091673;37876449;9625503;53754134;40994455;10072727;5636974;2026095
FR;0;2023-02-11;169;222;583;2149;179;512;2237;5434;2769;54659422;52091895;37877032;9627652;53754313;40994967;10074964;5642408;2028864
FR;0;2023-02-12;39;47;61;175;46;55;197;440;208;54659461;52091942;37877093;9627827;53754359;40995022;10075161;5642848;2029072
FR;0;2023-02-13;230;332;752;3342;258;684;3433;9598;5496;54659691;52092274;37877845;9631169;53754617;40995706;10078594;5652446;2034568
FR;0;2023-02-14;294;376;1183;5963;274;1004;6110;17533;10409;54659985;52092650;37879028;9637132;53754891;40996710;10084704;5669979;2044977
FR;0;2023-02-15;287;397;966;4076;292;841;4254;12216;7168;54660272;52093047;37879994;9641208;53755183;40997551;10088958;5682195;2052145
FR;0;2023-02-16;264;402;1157;5202;266;1011;5349;15055;8761;54660536;52093449;37881151;9646410;53755449;40998562;10094307;5697250;2060906
FR;0;2023-02-17;370;473;1313;5480;382;1152;5702;16394;9637;54660906;52093922;37882464;9651890;53755831;40999714;10100009;5713644;2070543
FR;0;2023-02-18;162;217;563;1627;172;492;1697;4062;2050;54661068;52094139;37883027;9653517;53756003;41000206;10101706;5717706;2072593
FR;0;2023-02-19;37;38;49;139;35;40;141;338;167;54661105;52094177;37883076;9653656;53756038;41000246;10101847;5718044;2072760
FR;0;2023-02-20;246;344;711;2850;257;669;2970;8512;4882;54661351;52094521;37883787;9656506;53756295;41000915;10104817;5726556;2077642
FR;0;2023-02-21;269;413;1071;4530;268;934;4740;13982;8261;54661620;52094934;37884858;9661036;53756563;41001849;10109557;5740538;2085903
FR;0;2023-02-22;242;371;737;2940;283;699;2979;9038;5283;54661862;52095305;37885595;9663976;53756846;41002548;10112536;5749576;2091186
FR;0;2023-02-23;226;362;934;3994;248;839;4180;12232;7145;54662088;52095667;37886529;9667970;53757094;41003387;10116716;5761808;2098331
FR;0;2023-02-24;288;469;1039;4399;348;909;4595;12961;7424;54662376;52096136;37887568;9672369;53757442;41004296;10121311;5774769;2105755
FR;0;2023-02-25;123;167;446;1192;145;362;1272;3182;1620;54662499;52096303;37888014;9673561;53757587;41004658;10122583;5777951;2107375
FR;0;2023-02-26;20;27;34;101;27;35;113;256;111;54662519;52096330;37888048;9673662;53757614;41004693;10122696;5778207;2107486
FR;0;2023-02-27;209;327;600;1994;254;582;2066;6554;3940;54662728;52096657;37888648;9675656;53757868;41005275;10124762;5784761;2111426
FR;0;2023-02-28;266;369;834;3574;251;805;3712;12133;7473;54662994;52097026;37889482;9679230;53758119;41006080;10128474;5796894;2118899
FR;0;2023-03-01;221;342;825;1994;280;754;2175;6602;3927;54663215;52097368;37890307;9681224;53758399;41006834;10130649;5803496;2122826
FR;0;2023-03-02;218;312;842;2981;226;723;3199;10071;6257;54663433;52097680;37891149;9684205;53758625;41007557;10133848;5813567;2129083
FR;0;2023-03-03;324;465;1027;3672;352;921;3809;11746;6933;54663757;52098145;37892176;9687877;53758977;41008478;10137657;5825313;2136016
FR;0;2023-03-04;129;217;406;1081;158;388;1096;2788;1371;54663886;52098362;37892582;9688958;53759135;41008866;10138753;5828101;2137387
FR;0;2023-03-05;23;25;26;51;22;29;52;198;113;54663909;52098387;37892608;9689009;53759157;41008895;10138805;5828299;2137500
FR;0;2023-03-06;223;266;533;1418;190;514;1493;4722;2722;54664132;52098653;37893141;9690427;53759347;41009409;10140298;5833021;2140222
FR;0;2023-03-07;188;313;651;2353;217;607;2444;7927;4877;54664320;52098966;37893792;9692780;53759564;41010016;10142742;5840948;2145099
FR;0;2023-03-08;155;282;521;1437;217;460;1528;4971;2916;54664475;52099248;37894313;9694217;53759781;41010476;10144270;5845919;2148015
FR;0;2023-03-09;166;279;627;2001;189;599;2068;7133;4405;54664641;52099527;37894940;9696218;53759970;41011075;10146338;5853052;2152420
FR;0;2023-03-10;320;453;881;2612;337;809;2733;8932;5349;54664961;52099980;37895821;9698830;53760307;41011884;10149071;5861984;2157769
FR;0;2023-03-11;126;175;349;801;133;309;852;2299;1179;54665087;52100155;37896170;9699631;53760440;41012193;10149923;5864283;2158948
FR;0;2023-03-12;10;24;29;62;23;29;63;177;87;54665097;52100179;37896199;9699693;53760463;41012222;10149986;5864460;2159035
FR;0;2023-03-13;138;211;469;1145;155;424;1205;3763;2131;54665235;52100390;37896668;9700838;53760618;41012646;10151191;5868223;2161166
FR;0;2023-03-14;196;276;641;1891;188;630;1969;6752;4098;54665431;52100666;37897309;9702729;53760806;41013276;10153160;5874975;2165264
FR;0;2023-03-15;158;243;497;1207;196;470;1281;4310;2534;54665589;52100909;37897806;9703936;53761002;41013746;10154441;5879285;2167798
FR;0;2023-03-16;174;267;621;1639;199;569;1749;5930;3566;54665763;52101176;37898427;9705575;53761201;41014315;10156190;5885215;2171364
FR;0;2023-03-17;278;353;787;2040;268;707;2182;7282;4356;54666041;52101529;37899214;9707615;53761469;41015022;10158372;5892497;2175720
FR;0;2023-03-18;123;162;409;604;114;399;674;2024;1043;54666164;52101691;37899623;9708219;53761583;41015421;10159046;5894521;2176763
FR;0;2023-03-19;20;18;24;53;19;12;59;125;54;54666184;52101709;37899647;9708272;53761602;41015433;10159105;5894646;2176817
FR;0;2023-03-20;147;255;472;1065;167;478;1140;3803;2156;54666331;52101964;37900119;9709337;53761769;41015911;10160245;5898449;2178973
FR;0;2023-03-21;209;273;668;1620;192;635;1817;6501;3913;54666540;52102237;37900787;9710957;53761961;41016546;10162062;5904950;2182886
FR;0;2023-03-22;195;241;477;1036;188;456;1155;3938;2288;54666735;52102478;37901264;9711993;53762149;41017002;10163217;5908888;2185174
FR;0;2023-03-23;160;239;582;1403;164;525;1496;5141;3034;54666895;52102717;37901846;9713396;53762313;41017527;10164713;5914029;2188208
FR;0;2023-03-24;238;382;904;1779;278;848;1958;6599;3808;54667133;52103099;37902750;9715175;53762591;41018375;10166671;5920628;2192016
FR;0;2023-03-25;125;162;333;573;133;292;648;1776;836;54667258;52103261;37903083;9715748;53762724;41018667;10167319;5922404;2192852
FR;0;2023-03-26;9;17;25;31;11;25;33;92;47;54667267;52103278;37903108;9715779;53762735;41018692;10167352;5922496;2192899
FR;0;2023-03-27;225;252;509;885;207;489;985;3427;1949;54667492;52103530;37903617;9716664;53762942;41019181;10168337;5925923;2194848
FR;0;2023-03-28;184;247;588;1580;172;541;1710;6169;3706;54667676;52103777;37904205;9718244;53763114;41019722;10170047;5932092;2198554
FR;0;2023-03-29;169;247;434;975;158;438;1116;3766;2102;54667845;52104024;37904639;9719219;53763272;41020160;10171163;5935858;2200656
FR;0;2023-03-30;183;232;565;1350;152;554;1517;5352;3095;54668028;52104256;37905204;9720569;53763424;41020714;10172680;5941210;2203751
FR;0;2023-03-31;209;360;711;1780;267;642;1917;6820;4005;54668237;52104616;37905915;9722349;53763691;41021356;10174597;5948030;2207756
FR;0;2023-04-01;108;190;389;588;129;346;692;1968;943;54668345;52104806;37906304;9722937;53763820;41021702;10175289;5949998;2208699
FR;0;2023-04-02;7;24;24;32;14;30;35;106;45;54668352;52104830;37906328;9722969;53763834;41021732;10175324;5950104;2208744
FR;0;2023-04-03;175;188;442;847;141;394;966;3226;1795;54668527;52105018;37906770;9723816;53763975;41022126;10176290;5953330;2210539
FR;0;2023-04-04;128;246;501;1204;171;431;1359;5230;3148;54668655;52105264;37907271;9725020;53764146;41022557;10177649;5958560;2213687
FR;0;2023-04-05;99;195;394;815;137;375;916;3399;1955;54668754;52105459;37907665;9725835;53764283;41022932;10178565;5961959;2215642
FR;0;2023-04-06;144;177;411;1022;121;377;1152;4190;2401;54668898;52105636;37908076;9726857;53764404;41023309;10179717;5966149;2218043
FR;0;2023-04-07;186;298;538;1271;206;501;1381;4965;2796;54669084;52105934;37908614;9728128;53764610;41023810;10181098;5971114;2220839
FR;0;2023-04-08;63;136;229;396;91;223;433;1325;607;54669147;52106070;37908843;9728524;53764701;41024033;10181531;5972439;2221446
FR;0;2023-04-09;4;14;19;14;6;22;19;58;18;54669151;52106084;37908862;9728538;53764707;41024055;10181550;5972497;2221464
FR;0;2023-04-10;10;15;28;35;7;27;48;100;30;54669161;52106099;37908890;9728573;53764714;41024082;10181598;5972597;2221494
FR;0;2023-04-11;122;246;497;975;162;476;1083;4250;2355;54669283;52106345;37909387;9729548;53764876;41024558;10182681;5976847;2223849
FR;0;2023-04-12;122;196;335;723;141;339;788;3185;1838;54669405;52106541;37909722;9730271;53765017;41024897;10183469;5980032;2225687
FR;0;2023-04-13;109;200;376;911;134;367;1002;4047;2354;54669514;52106741;37910098;9731182;53765151;41025264;10184471;5984079;2228041
FR;0;2023-04-14;190;271;497;1210;213;443;1294;5162;3015;54669704;52107012;37910595;9732392;53765364;41025707;10185765;5989241;2231056
FR;0;2023-04-15;68;116;197;410;79;194;442;1439;670;54669772;52107128;37910792;9732802;53765443;41025901;10186207;5990680;2231726
FR;0;2023-04-16;18;14;10;32;12;14;27;76;30;54669790;52107142;37910802;9732834;53765455;41025915;10186234;5990756;2231756
FR;0;2023-04-17;99;179;305;575;124;314;657;2811;1527;54669889;52107321;37911107;9733409;53765579;41026229;10186891;5993567;2233283
FR;0;2023-04-18;140;173;374;804;112;378;891;3889;2221;54670029;52107494;37911481;9734213;53765691;41026607;10187782;5997456;2235504
