fra;vaccin;jour;n_dose1;n_dose2;n_dose3;n_dose4;n_rappel;n_cum_dose1;n_cum_dose2;n_cum_dose3;n_cum_dose4;n_cum_rappel
FR;1;2020-12-27;611;0;0;0;0;611;0;0;0;0
FR;1;2020-12-28;693;1;0;0;0;1304;1;0;0;0
FR;1;2020-12-29;385;0;0;0;0;1689;1;0;0;0
FR;1;2020-12-30;444;0;0;0;0;2133;1;0;0;0
FR;1;2020-12-31;444;1;0;0;0;2577;2;0;0;0
FR;1;2021-01-01;1167;2;0;0;0;3744;4;0;0;0
FR;1;2021-01-02;365;3;0;0;0;4109;7;0;0;0
FR;1;2021-01-03;406;0;0;0;0;4515;7;0;0;0
FR;1;2021-01-04;2119;4;0;0;0;6634;11;0;0;0
FR;1;2021-01-05;7756;4;0;0;0;14390;15;0;0;0
FR;1;2021-01-06;12461;21;0;0;0;26851;36;0;0;0
FR;1;2021-01-07;29471;20;0;0;0;56322;56;0;0;0
FR;1;2021-01-08;37156;22;0;0;0;93478;78;0;0;0
FR;1;2021-01-09;11214;9;0;0;0;104692;87;0;0;0
FR;1;2021-01-10;6009;7;0;0;0;110701;94;0;0;0
FR;1;2021-01-11;39947;29;0;0;0;150648;123;0;0;0
FR;1;2021-01-12;62147;22;0;0;0;212795;145;0;0;0
FR;1;2021-01-13;65131;49;0;0;0;277926;194;0;0;0
FR;1;2021-01-14;81459;185;0;0;0;359385;379;0;0;0
FR;1;2021-01-15;68615;75;0;0;0;428000;454;0;0;0
FR;1;2021-01-16;19901;72;0;0;0;447901;526;0;0;0
FR;1;2021-01-17;10903;50;0;0;0;458804;576;0;0;0
FR;1;2021-01-18;82837;172;0;0;0;541641;748;0;0;0
FR;1;2021-01-19;125922;192;0;0;0;667563;940;0;0;0
FR;1;2021-01-20;132422;184;0;0;0;799985;1124;0;0;0
FR;1;2021-01-21;153070;179;0;0;0;953055;1303;0;0;0
FR;1;2021-01-22;115954;223;0;0;0;1069009;1526;0;0;0
FR;1;2021-01-23;36612;70;0;0;0;1105621;1596;0;0;0
FR;1;2021-01-24;9584;111;0;0;0;1115205;1707;0;0;0
FR;1;2021-01-25;74430;1372;0;0;0;1189635;3079;0;0;0
FR;1;2021-01-26;96459;3578;1;0;0;1286094;6657;1;0;0
FR;1;2021-01-27;103654;6271;0;0;0;1389748;12928;1;0;0
FR;1;2021-01-28;120612;15940;0;0;0;1510360;28868;1;0;0
FR;1;2021-01-29;88893;18446;0;0;0;1599253;47314;1;0;0
FR;1;2021-01-30;27995;4465;0;0;0;1627248;51779;1;0;0
FR;1;2021-01-31;5192;1856;0;0;0;1632440;53635;1;0;0
FR;1;2021-02-01;49733;22439;0;0;0;1682173;76074;1;0;0
FR;1;2021-02-02;67828;37279;0;0;0;1750001;113353;1;0;0
FR;1;2021-02-03;67091;39475;0;0;0;1817092;152828;1;0;0
FR;1;2021-02-04;77144;53908;0;0;0;1894236;206736;1;0;0
FR;1;2021-02-05;63424;47332;0;0;0;1957660;254068;1;0;0
FR;1;2021-02-06;19426;11191;0;0;0;1977086;265259;1;0;0
FR;1;2021-02-07;3666;5800;0;0;0;1980752;271059;1;0;0
FR;1;2021-02-08;36503;48216;0;0;0;2017255;319275;1;0;0
FR;1;2021-02-09;50812;77086;0;0;0;2068067;396361;1;0;0
FR;1;2021-02-10;52077;81804;0;0;0;2120144;478165;1;0;0
FR;1;2021-02-11;63383;104167;0;0;0;2183527;582332;1;0;0
FR;1;2021-02-12;55874;75212;0;0;0;2239401;657544;1;0;0
FR;1;2021-02-13;15465;19310;0;0;0;2254866;676854;1;0;0
FR;1;2021-02-14;3747;7354;0;0;0;2258613;684208;1;0;0
FR;1;2021-02-15;24159;73533;0;0;0;2282772;757741;1;0;0
FR;1;2021-02-16;32778;95987;0;0;0;2315550;853728;1;0;0
FR;1;2021-02-17;35128;101810;20;0;0;2350678;955538;21;0;0
FR;1;2021-02-18;49454;117474;0;0;0;2400132;1073012;21;0;0
FR;1;2021-02-19;45387;87379;1;0;0;2445519;1160391;22;0;0
FR;1;2021-02-20;13392;27159;0;0;0;2458911;1187550;22;0;0
FR;1;2021-02-21;2464;6059;0;0;0;2461375;1193609;22;0;0
FR;1;2021-02-22;24721;69428;2;0;0;2486096;1263037;24;0;0
FR;1;2021-02-23;37432;81431;1;0;0;2523528;1344468;25;0;0
FR;1;2021-02-24;40702;79072;1;0;0;2564230;1423540;26;0;0
FR;1;2021-02-25;50161;87944;1;0;0;2614391;1511484;27;0;0
FR;1;2021-02-26;47227;67643;1;0;0;2661618;1579127;28;0;0
FR;1;2021-02-27;15683;21259;1;0;0;2677301;1600386;29;0;0
FR;1;2021-02-28;3564;4168;2;0;0;2680865;1604554;31;0;0
FR;1;2021-03-01;40207;50149;1;0;0;2721072;1654703;32;0;0
FR;1;2021-03-02;55987;62369;3;0;0;2777059;1717072;35;0;0
FR;1;2021-03-03;61250;60587;0;0;0;2838309;1777659;35;0;0
FR;1;2021-03-04;73007;67804;3;0;0;2911316;1845463;38;0;0
FR;1;2021-03-05;74776;58732;3;0;0;2986092;1904195;41;0;0
FR;1;2021-03-06;82463;15788;2;0;0;3068555;1919983;43;0;0
FR;1;2021-03-07;63727;4281;1;0;0;3132282;1924264;44;0;0
FR;1;2021-03-08;60183;41424;2;0;0;3192465;1965688;46;0;0
FR;1;2021-03-09;85999;47671;1;0;0;3278464;2013359;47;0;0
FR;1;2021-03-10;90932;47807;5;0;0;3369396;2061166;52;0;0
FR;1;2021-03-11;105094;54553;1;0;0;3474490;2115719;53;0;0
FR;1;2021-03-12;104141;44939;1;0;0;3578631;2160658;54;0;0
FR;1;2021-03-13;89208;12604;1;0;0;3667839;2173262;55;0;0
FR;1;2021-03-14;44459;2756;1;0;0;3712298;2176018;56;0;0
FR;1;2021-03-15;95525;28223;3;0;0;3807823;2204241;59;0;0
FR;1;2021-03-16;123596;34266;5;0;0;3931419;2238507;64;0;0
FR;1;2021-03-17;129315;33710;4;0;0;4060734;2272217;68;0;0
FR;1;2021-03-18;142907;39341;5;0;0;4203641;2311558;73;0;0
FR;1;2021-03-19;136264;32197;2;0;0;4339905;2343755;75;0;0
FR;1;2021-03-20;76015;9811;1;0;0;4415920;2353566;76;0;0
FR;1;2021-03-21;26516;2078;1;0;0;4442436;2355644;77;0;0
FR;1;2021-03-22;114769;30389;2;0;0;4557205;2386033;79;0;0
FR;1;2021-03-23;143046;38050;1;0;0;4700251;2424083;80;0;0
FR;1;2021-03-24;142011;38419;0;0;0;4842262;2462502;80;0;0
FR;1;2021-03-25;165016;39818;4;0;0;5007278;2502320;84;0;0
FR;1;2021-03-26;166409;37502;5;1;0;5173687;2539822;89;1;0
FR;1;2021-03-27;110890;15442;1;0;0;5284577;2555264;90;1;0
FR;1;2021-03-28;42304;4263;3;0;0;5326881;2559527;93;1;0
FR;1;2021-03-29;129830;49173;4;0;0;5456711;2608700;97;1;0
FR;1;2021-03-30;167729;63714;5;0;0;5624440;2672414;102;1;0
FR;1;2021-03-31;170951;67760;4;0;0;5795391;2740174;106;1;0
FR;1;2021-04-01;194845;83264;10;0;0;5990236;2823438;116;1;0
FR;1;2021-04-02;164463;86344;7;0;0;6154699;2909782;123;1;0
FR;1;2021-04-03;88251;58139;6;0;0;6242950;2967921;129;1;0
FR;1;2021-04-04;33656;17722;0;0;0;6276606;2985643;129;1;0
FR;1;2021-04-05;46414;9693;11;0;0;6323020;2995336;140;1;0
FR;1;2021-04-06;160326;104688;17;0;0;6483346;3100024;157;1;0
FR;1;2021-04-07;197007;108139;16;0;0;6680353;3208163;173;1;0
FR;1;2021-04-08;222153;113781;13;0;0;6902506;3321944;186;1;0
FR;1;2021-04-09;214579;107834;21;0;0;7117085;3429778;207;1;0
FR;1;2021-04-10;117189;73215;14;0;0;7234274;3502993;221;1;0
FR;1;2021-04-11;40897;29910;6;0;0;7275171;3532903;227;1;0
FR;1;2021-04-12;168477;104477;46;0;0;7443648;3637380;273;1;0
FR;1;2021-04-13;203819;127878;97;1;0;7647467;3765258;370;2;0
FR;1;2021-04-14;208639;122845;208;0;0;7856106;3888103;578;2;0
FR;1;2021-04-15;221697;127881;312;0;0;8077803;4015984;890;2;0
FR;1;2021-04-16;206078;125576;309;0;0;8283881;4141560;1199;2;0
FR;1;2021-04-17;122099;67158;103;0;0;8405980;4208718;1302;2;0
FR;1;2021-04-18;35966;20989;41;0;0;8441946;4229707;1343;2;0
FR;1;2021-04-19;163761;121565;432;0;0;8605707;4351272;1775;2;0
FR;1;2021-04-20;189446;149440;531;0;0;8795153;4500712;2306;2;0
FR;1;2021-04-21;194018;147386;760;0;0;8989171;4648098;3066;2;0
FR;1;2021-04-22;209048;164134;777;0;0;9198219;4812232;3843;2;0
FR;1;2021-04-23;198965;157711;671;0;0;9397184;4969943;4514;2;0
FR;1;2021-04-24;126339;95729;148;0;0;9523523;5065672;4662;2;0
FR;1;2021-04-25;53631;30038;46;0;0;9577154;5095710;4708;2;0
FR;1;2021-04-26;181157;139645;542;0;0;9758311;5235355;5250;2;0
FR;1;2021-04-27;221378;162310;901;0;0;9979689;5397665;6151;2;0
FR;1;2021-04-28;238311;155821;1314;1;1;10218000;5553486;7465;3;1
FR;1;2021-04-29;270308;161176;1211;0;0;10488308;5714662;8676;3;1
FR;1;2021-04-30;272003;148673;1073;0;0;10760311;5863335;9749;3;1
FR;1;2021-05-01;141155;40604;173;0;0;10901466;5903939;9922;3;1
FR;1;2021-05-02;81555;28179;81;0;0;10983021;5932118;10003;3;1
FR;1;2021-05-03;250792;143421;803;0;0;11233813;6075539;10806;3;1
FR;1;2021-05-04;265892;187572;1202;0;0;11499705;6263111;12008;3;1
FR;1;2021-05-05;283892;185688;1267;0;0;11783597;6448799;13275;3;1
FR;1;2021-05-06;309978;183992;1502;0;0;12093575;6632791;14777;3;1
FR;1;2021-05-07;284111;196209;1126;0;0;12377686;6829000;15903;3;1
FR;1;2021-05-08;191665;50634;285;0;0;12569351;6879634;16188;3;1
FR;1;2021-05-09;114059;34832;236;0;0;12683410;6914466;16424;3;1
FR;1;2021-05-10;258218;194654;1186;0;0;12941628;7109120;17610;3;1
FR;1;2021-05-11;318892;211024;1465;0;0;13260520;7320144;19075;3;1
FR;1;2021-05-12;356638;185909;1400;0;0;13617158;7506053;20475;3;1
FR;1;2021-05-13;283450;47466;401;0;0;13900608;7553519;20876;3;1
FR;1;2021-05-14;370506;128506;994;0;0;14271114;7682025;21870;3;1
FR;1;2021-05-15;298098;66152;403;0;0;14569212;7748177;22273;3;1
FR;1;2021-05-16;157779;15477;158;0;0;14726991;7763654;22431;3;1
FR;1;2021-05-17;318935;116174;1441;0;0;15045926;7879828;23872;3;1
FR;1;2021-05-18;383341;111486;1799;0;0;15429267;7991314;25671;3;1
FR;1;2021-05-19;395278;101916;2183;0;0;15824545;8093230;27854;3;1
FR;1;2021-05-20;421821;95799;2048;0;0;16246366;8189029;29902;3;1
FR;1;2021-05-21;399811;97308;1764;0;0;16646177;8286337;31666;3;1
FR;1;2021-05-22;275694;41921;604;0;0;16921871;8328258;32270;3;1
FR;1;2021-05-23;123016;11003;224;0;0;17044887;8339261;32494;3;1
FR;1;2021-05-24;244016;26248;569;0;0;17288903;8365509;33063;3;1
FR;1;2021-05-25;366229;131539;2114;1;0;17655132;8497048;35177;4;1
FR;1;2021-05-26;380815;126800;1993;0;0;18035947;8623848;37170;4;1
FR;1;2021-05-27;406156;128140;1977;0;0;18442103;8751988;39147;4;1
FR;1;2021-05-28;366034;145479;1701;0;0;18808137;8897467;40848;4;1
FR;1;2021-05-29;253835;81016;527;0;0;19061972;8978483;41375;4;1
FR;1;2021-05-30;100974;22574;158;0;0;19162946;9001057;41533;4;1
FR;1;2021-05-31;314318;148997;1284;1;1;19477264;9150054;42817;5;2
FR;1;2021-06-01;361640;166504;1730;1;1;19838904;9316558;44547;6;3
FR;1;2021-06-02;365392;153930;1796;0;0;20204296;9470488;46343;6;3
FR;1;2021-06-03;391430;147437;1653;0;0;20595726;9617925;47996;6;3
FR;1;2021-06-04;364120;175684;1495;1;1;20959846;9793609;49491;7;4
FR;1;2021-06-05;258512;112718;596;0;0;21218358;9906327;50087;7;4
FR;1;2021-06-06;126814;37550;215;0;0;21345172;9943877;50302;7;4
FR;1;2021-06-07;301109;207740;1365;0;0;21646281;10151617;51667;7;4
FR;1;2021-06-08;330849;220909;1643;0;0;21977130;10372526;53310;7;4
FR;1;2021-06-09;336589;211490;1613;0;0;22313719;10584016;54923;7;4
FR;1;2021-06-10;343897;200887;1614;0;0;22657616;10784903;56537;7;4
FR;1;2021-06-11;311900;234801;1299;1;0;22969516;11019704;57836;8;4
FR;1;2021-06-12;244085;150620;437;0;0;23213601;11170324;58273;8;4
FR;1;2021-06-13;100369;61004;188;0;0;23313970;11231328;58461;8;4
FR;1;2021-06-14;207847;287975;1318;1;0;23521817;11519303;59779;9;4
FR;1;2021-06-15;256865;281519;1399;1;0;23778682;11800822;61178;10;4
FR;1;2021-06-16;273652;270573;1263;1;0;24052334;12071395;62441;11;4
FR;1;2021-06-17;268221;244887;1238;1;0;24320555;12316282;63679;12;4
FR;1;2021-06-18;260605;295385;1154;1;0;24581160;12611667;64833;13;4
FR;1;2021-06-19;193455;209530;388;0;0;24774615;12821197;65221;13;4
FR;1;2021-06-20;69712;89082;120;0;0;24844327;12910279;65341;13;4
FR;1;2021-06-21;172379;319714;934;1;1;25016706;13229993;66275;14;5
FR;1;2021-06-22;185872;347916;1102;10;1;25202578;13577909;67377;24;6
FR;1;2021-06-23;204205;339517;1049;0;0;25406783;13917426;68426;24;6
FR;1;2021-06-24;203533;282024;1175;0;0;25610316;14199450;69601;24;6
FR;1;2021-06-25;182664;371752;1198;0;0;25792980;14571202;70799;24;6
FR;1;2021-06-26;131398;278418;504;0;0;25924378;14849620;71303;24;6
FR;1;2021-06-27;52408;122898;145;0;0;25976786;14972518;71448;24;6
FR;1;2021-06-28;136663;368210;1064;0;0;26113449;15340728;72512;24;6
FR;1;2021-06-29;154899;390946;1848;0;0;26268348;15731674;74360;24;6
FR;1;2021-06-30;180060;381889;1666;4;2;26448408;16113563;76026;28;8
FR;1;2021-07-01;201532;332335;1887;5;1;26649940;16445898;77913;33;9
FR;1;2021-07-02;193882;367412;1765;5;2;26843822;16813310;79678;38;11
FR;1;2021-07-03;124479;280417;704;3;1;26968301;17093727;80382;41;12
FR;1;2021-07-04;53965;113705;244;0;0;27022266;17207432;80626;41;12
FR;1;2021-07-05;153963;355862;1500;8;2;27176229;17563294;82126;49;14
FR;1;2021-07-06;173505;382337;1603;45;8;27349734;17945631;83729;94;22
FR;1;2021-07-07;190842;362417;1658;25;4;27540576;18308048;85387;119;26
FR;1;2021-07-08;201574;323045;1826;20;5;27742150;18631093;87213;139;31
FR;1;2021-07-09;189980;387812;1854;3;2;27932130;19018905;89067;142;33
FR;1;2021-07-10;129956;281153;817;1;1;28062086;19300058;89884;143;34
FR;1;2021-07-11;57681;102527;262;0;0;28119767;19402585;90146;143;34
FR;1;2021-07-12;149918;416908;1585;4;0;28269685;19819493;91731;147;34
FR;1;2021-07-13;234276;439200;1807;8;1;28503961;20258693;93538;155;35
FR;1;2021-07-14;171920;151415;418;0;0;28675881;20410108;93956;155;35
FR;1;2021-07-15;279687;424362;1858;1;0;28955568;20834470;95814;156;35
FR;1;2021-07-16;290439;400789;1711;3;1;29246007;21235259;97525;159;36
FR;1;2021-07-17;217347;282023;755;1;0;29463354;21517282;98280;160;36
FR;1;2021-07-18;102011;107217;288;0;0;29565365;21624499;98568;160;36
FR;1;2021-07-19;238221;378649;1497;3;0;29803586;22003148;100065;163;36
FR;1;2021-07-20;305760;380105;1469;0;0;30109346;22383253;101534;163;36
FR;1;2021-07-21;333289;352936;1412;4;2;30442635;22736189;102946;167;38
FR;1;2021-07-22;364682;318761;1502;3;2;30807317;23054950;104448;170;40
FR;1;2021-07-23;349402;343031;1589;4;1;31156719;23397981;106037;174;41
FR;1;2021-07-24;238960;240789;697;1;0;31395679;23638770;106734;175;41
FR;1;2021-07-25;112803;76019;223;0;0;31508482;23714789;106957;175;41
FR;1;2021-07-26;299145;289504;1495;2;1;31807627;24004293;108452;177;42
FR;1;2021-07-27;385833;268088;1459;4;2;32193460;24272381;109911;181;44
FR;1;2021-07-28;390201;251042;1462;4;1;32583661;24523423;111373;185;45
FR;1;2021-07-29;406138;227775;1540;2;0;32989799;24751198;112913;187;45
FR;1;2021-07-30;370744;246652;1638;4;1;33360543;24997850;114551;191;46
FR;1;2021-07-31;243385;165108;793;1;0;33603928;25162958;115344;192;46
FR;1;2021-08-01;105595;47210;233;0;0;33709523;25210168;115577;192;46
FR;1;2021-08-02;297404;212910;1480;2;0;34006927;25423078;117057;194;46
FR;1;2021-08-03;331336;208804;1557;2;1;34338263;25631882;118614;196;47
FR;1;2021-08-04;328037;183973;1439;5;3;34666300;25815855;120053;201;50
FR;1;2021-08-05;301283;193210;1482;0;0;34967583;26009065;121535;201;50
FR;1;2021-08-06;290985;224223;1560;3;0;35258568;26233288;123095;204;50
FR;1;2021-08-07;182663;158785;655;5;1;35441231;26392073;123750;209;51
FR;1;2021-08-08;68887;59103;253;0;0;35510118;26451176;124003;209;51
FR;1;2021-08-09;222787;235334;1444;4;2;35732905;26686510;125447;213;53
FR;1;2021-08-10;252741;240038;1493;2;1;35985646;26926548;126940;215;54
FR;1;2021-08-11;236236;231864;1271;5;0;36221882;27158412;128211;220;54
FR;1;2021-08-12;220785;239875;1487;3;0;36442667;27398287;129698;223;54
FR;1;2021-08-13;201720;238557;1360;2;2;36644387;27636844;131058;225;56
FR;1;2021-08-14;122862;174056;646;0;0;36767249;27810900;131704;225;56
FR;1;2021-08-15;34706;46121;201;1;0;36801955;27857021;131905;226;56
FR;1;2021-08-16;156961;289466;1423;0;0;36958916;28146487;133328;226;56
FR;1;2021-08-17;171611;291113;1422;5;0;37130527;28437600;134750;231;56
FR;1;2021-08-18;161433;286791;1392;6;3;37291960;28724391;136142;237;59
FR;1;2021-08-19;148949;277522;1403;1;0;37440909;29001913;137545;238;59
FR;1;2021-08-20;140510;309030;1532;2;2;37581419;29310943;139077;240;61
FR;1;2021-08-21;84279;213210;589;0;0;37665698;29524153;139666;240;61
FR;1;2021-08-22;28581;82697;233;0;0;37694279;29606850;139899;240;61
FR;1;2021-08-23;118662;321018;1422;2;1;37812941;29927868;141321;242;62
FR;1;2021-08-24;126665;319721;1603;5;1;37939606;30247589;142924;247;63
FR;1;2021-08-25;121533;306483;1779;8;2;38061139;30554072;144703;255;65
FR;1;2021-08-26;106631;286102;2162;10;0;38167770;30840174;146865;265;65
FR;1;2021-08-27;107656;321649;2302;9;3;38275426;31161823;149167;274;68
FR;1;2021-08-28;71021;220693;1102;0;0;38346447;31382516;150269;274;68
FR;1;2021-08-29;24152;78194;469;1;0;38370599;31460710;150738;275;68
FR;1;2021-08-30;96895;286326;4313;6;4996;38467494;31747036;155051;281;5064
FR;1;2021-08-31;98121;276288;9294;15;10097;38565615;32023324;164345;296;15161
FR;1;2021-09-01;112346;245315;21117;8;22135;38677961;32268639;185462;304;37296
FR;1;2021-09-02;86769;197926;24530;18;25505;38764730;32466565;209992;322;62801
FR;1;2021-09-03;82422;227520;26953;21;28028;38847152;32694085;236945;343;90829
FR;1;2021-09-04;71630;189720;11140;11;11700;38918782;32883805;248085;354;102529
FR;1;2021-09-05;18613;41152;4124;2;4277;38937395;32924957;252209;356;106806
FR;1;2021-09-06;59810;151452;30182;15;31197;38997205;33076409;282391;371;138003
FR;1;2021-09-07;57399;139668;30210;30;31222;39054604;33216077;312601;401;169225
FR;1;2021-09-08;72340;173789;26925;22;27935;39126944;33389866;339526;423;197160
FR;1;2021-09-09;54486;124466;28630;24;29739;39181430;33514332;368156;447;226899
FR;1;2021-09-10;66218;152085;30449;24;31656;39247648;33666417;398605;471;258555
FR;1;2021-09-11;52689;146630;9730;14;10344;39300337;33813047;408335;485;268899
FR;1;2021-09-12;10796;29271;2486;1;2649;39311133;33842318;410821;486;271548
FR;1;2021-09-13;51507;104449;38761;31;40060;39362640;33946767;449582;517;311608
FR;1;2021-09-14;53340;96014;51276;67;53156;39415980;34042781;500858;584;364764
FR;1;2021-09-15;60571;139257;50491;55;47049;39476551;34182038;551349;639;411813
FR;1;2021-09-16;46633;81401;53350;70;49594;39523184;34263439;604699;709;461407
FR;1;2021-09-17;53221;109349;45070;61;42691;39576405;34372788;649769;770;504098
FR;1;2021-09-18;37876;118494;11796;19;11275;39614281;34491282;661565;789;515373
FR;1;2021-09-19;6531;21041;2040;1;1982;39620812;34512323;663605;790;517355
FR;1;2021-09-20;36537;74871;46227;65;44182;39657349;34587194;709832;855;561537
FR;1;2021-09-21;34186;68134;56261;71;52725;39691535;34655328;766093;926;614262
FR;1;2021-09-22;38828;118605;49872;76;46906;39730363;34773933;815965;1002;661168
FR;1;2021-09-23;32026;62905;54503;85;50897;39762389;34836838;870468;1087;712065
FR;1;2021-09-24;36783;90047;43671;89;41940;39799172;34926885;914139;1176;754005
FR;1;2021-09-25;27649;96702;12306;27;12181;39826821;35023587;926445;1203;766186
FR;1;2021-09-26;4385;15195;1774;5;1696;39831206;35038782;928219;1208;767882
FR;1;2021-09-27;27351;60215;42912;89;41629;39858557;35098997;971131;1297;809511
FR;1;2021-09-28;26911;49445;47196;76;44473;39885468;35148442;1018327;1373;853984
FR;1;2021-09-29;35924;80313;47287;87;45601;39921392;35228755;1065614;1460;899585
FR;1;2021-09-30;26075;46893;47526;80;45454;39947467;35275648;1113140;1540;945039
FR;1;2021-10-01;47295;66949;44896;83;44605;39994762;35342597;1158036;1623;989644
FR;1;2021-10-02;32383;62410;16113;32;16317;40027145;35405007;1174149;1655;1005961
FR;1;2021-10-03;4342;8560;2039;3;2033;40031487;35413567;1176188;1658;1007994
FR;1;2021-10-04;28974;44430;47104;79;46962;40060461;35457997;1223292;1737;1054956
FR;1;2021-10-05;24565;41665;49886;116;49318;40085026;35499662;1273178;1853;1104274
FR;1;2021-10-06;34654;61383;57504;102;57242;40119680;35561045;1330682;1955;1161516
FR;1;2021-10-07;21079;39907;53040;75;51965;40140759;35600952;1383722;2030;1213481
FR;1;2021-10-08;35660;59651;60399;83;61144;40176419;35660603;1444121;2113;1274625
FR;1;2021-10-09;27463;48012;25495;29;26019;40203882;35708615;1469616;2142;1300644
FR;1;2021-10-10;3723;5810;2754;7;2861;40207605;35714425;1472370;2149;1303505
FR;1;2021-10-11;24852;38238;54583;88;55254;40232457;35752663;1526953;2237;1358759
FR;1;2021-10-12;23377;36591;58067;127;59212;40255834;35789254;1585020;2364;1417971
FR;1;2021-10-13;32966;47841;64170;124;65687;40288800;35837095;1649190;2488;1483658
FR;1;2021-10-14;21712;34783;53763;103;54349;40310512;35871878;1702953;2591;1538007
FR;1;2021-10-15;32746;48784;72327;165;75003;40343258;35920662;1775280;2756;1613010
FR;1;2021-10-16;26009;35292;34869;44;36413;40369267;35955954;1810149;2800;1649423
FR;1;2021-10-17;3156;4053;3413;2;3316;40372423;35960007;1813562;2802;1652739
FR;1;2021-10-18;24319;34896;66836;132;69707;40396742;35994903;1880398;2934;1722446
FR;1;2021-10-19;20720;35592;75658;135;79575;40417462;36030495;1956056;3069;1802021
FR;1;2021-10-20;29910;44221;96175;178;99848;40447372;36074716;2052231;3247;1901869
FR;1;2021-10-21;19797;35064;83178;107;87027;40467169;36109780;2135409;3354;1988896
FR;1;2021-10-22;29754;47779;103740;196;109683;40496923;36157559;2239149;3550;2098579
FR;1;2021-10-23;23050;35136;44870;57;47378;40519973;36192695;2284019;3607;2145957
FR;1;2021-10-24;2404;3837;3583;6;3720;40522377;36196532;2287602;3613;2149677
FR;1;2021-10-25;22494;30759;82023;143;85821;40544871;36227291;2369625;3756;2235498
FR;1;2021-10-26;19365;27675;86109;162;90332;40564236;36254966;2455734;3918;2325830
FR;1;2021-10-27;26213;39635;107805;252;112698;40590449;36294601;2563539;4170;2438528
FR;1;2021-10-28;18801;27125;86956;150;91700;40609250;36321726;2650495;4320;2530228
FR;1;2021-10-29;25930;40281;114826;202;121636;40635180;36362007;2765321;4522;2651864
FR;1;2021-10-30;17709;28720;49367;74;51954;40652889;36390727;2814688;4596;2703818
FR;1;2021-10-31;2085;3173;3451;2;3686;40654974;36393900;2818139;4598;2707504
FR;1;2021-11-01;8010;4265;3031;3;3290;40662984;36398165;2821170;4601;2710794
FR;1;2021-11-02;22905;33238;92396;156;97828;40685889;36431403;2913566;4757;2808622
FR;1;2021-11-03;26631;41585;117504;217;123869;40712520;36472988;3031070;4974;2932491
FR;1;2021-11-04;19625;30331;105808;213;111946;40732145;36503319;3136878;5187;3044437
FR;1;2021-11-05;27019;42340;138777;230;147433;40759164;36545659;3275655;5417;3191870
FR;1;2021-11-06;18858;29823;63482;123;66488;40778022;36575482;3339137;5540;3258358
FR;1;2021-11-07;1832;3286;4978;6;5304;40779854;36578768;3344115;5546;3263662
FR;1;2021-11-08;17875;32271;126000;224;132625;40797729;36611039;3470115;5770;3396287
FR;1;2021-11-09;19486;37655;159300;334;169087;40817215;36648694;3629415;6104;3565374
FR;1;2021-11-10;28866;49119;181900;440;192510;40846081;36697813;3811315;6544;3757884
FR;1;2021-11-11;4176;5947;12231;26;13024;40850257;36703760;3823546;6570;3770908
FR;1;2021-11-12;26013;46861;174818;244;186483;40876270;36750621;3998364;6814;3957391
FR;1;2021-11-13;18732;29164;76835;111;81778;40895002;36779785;4075199;6925;4039169
FR;1;2021-11-14;2044;3257;6821;5;7355;40897046;36783042;4082020;6930;4046524
FR;1;2021-11-15;18765;34796;156423;304;166245;40915811;36817838;4238443;7234;4212769
FR;1;2021-11-16;21350;37924;192117;380;205007;40937161;36855762;4430560;7614;4417776
FR;1;2021-11-17;28650;45610;193229;398;205034;40965811;36901372;4623789;8012;4622810
FR;1;2021-11-18;21129;39565;182493;458;194544;40986940;36940937;4806282;8470;4817354
FR;1;2021-11-19;30882;53385;230249;532;246722;41017822;36994322;5036531;9002;5064076
FR;1;2021-11-20;23760;33243;96986;201;103620;41041582;37027565;5133517;9203;5167696
FR;1;2021-11-21;2329;3925;9116;19;9942;41043911;37031490;5142633;9222;5177638
FR;1;2021-11-22;21409;30385;175904;465;189437;41065320;37061875;5318537;9687;5367075
FR;1;2021-11-23;24018;41036;221211;540;237939;41089338;37102911;5539748;10227;5605014
FR;1;2021-11-24;30285;49739;217343;701;234524;41119623;37152650;5757091;10928;5839538
FR;1;2021-11-25;23719;44085;244472;718;264129;41143342;37196735;6001563;11646;6103667
FR;1;2021-11-26;30624;66738;356803;836;388551;41173966;37263473;6358366;12482;6492218
FR;1;2021-11-27;21949;45354;202630;371;222642;41195915;37308827;6560996;12853;6714860
FR;1;2021-11-28;3169;9601;54788;63;61016;41199084;37318428;6615784;12916;6775876
FR;1;2021-11-29;17879;49529;326388;841;354469;41216963;37367957;6942172;13757;7130345
FR;1;2021-11-30;22783;64928;431144;952;470762;41239746;37432885;7373316;14709;7601107
FR;1;2021-12-01;25339;69271;442891;1131;481757;41265085;37502156;7816207;15840;8082864
FR;1;2021-12-02;20070;64538;489394;1228;532903;41285155;37566694;8305601;17068;8615767
FR;1;2021-12-03;22899;82520;542767;1309;591765;41308054;37649214;8848368;18377;9207532
FR;1;2021-12-04;16396;53925;299095;654;328953;41324450;37703139;9147463;19031;9536485
FR;1;2021-12-05;3633;13841;81526;143;91048;41328083;37716980;9228989;19174;9627533
FR;1;2021-12-06;25820;62607;415439;1066;455159;41353903;37779587;9644428;20240;10082692
FR;1;2021-12-07;19999;75613;522971;1535;572565;41373902;37855200;10167399;21775;10655257
FR;1;2021-12-08;21698;75724;458410;1544;502116;41395600;37930924;10625809;23319;11157373
FR;1;2021-12-09;19448;74069;492928;1625;540888;41415048;38004993;11118737;24944;11698261
FR;1;2021-12-10;23311;87697;547380;1585;600006;41438359;38092690;11666117;26529;12298267
FR;1;2021-12-11;16533;59207;302746;749;335488;41454892;38151897;11968863;27278;12633755
FR;1;2021-12-12;4376;15951;83216;179;94044;41459268;38167848;12052079;27457;12727799
FR;1;2021-12-13;15751;63613;366974;1094;406257;41475019;38231461;12419053;28551;13134056
FR;1;2021-12-14;20861;80321;464758;1746;515208;41495880;38311782;12883811;30297;13649264
FR;1;2021-12-15;21610;77512;409072;1309;453162;41517490;38389294;13292883;31606;14102426
FR;1;2021-12-16;20042;77309;451861;1578;500632;41537532;38466603;13744744;33184;14603058
FR;1;2021-12-17;22614;86602;479935;1736;530965;41560146;38553205;14224679;34920;15134023
FR;1;2021-12-18;17604;54676;257619;730;288512;41577750;38607881;14482298;35650;15422535
FR;1;2021-12-19;5552;17015;79180;194;90710;41583302;38624896;14561478;35844;15513245
FR;1;2021-12-20;20933;63138;316237;1080;355306;41604235;38688034;14877715;36924;15868551
FR;1;2021-12-21;26326;73084;372742;1423;418082;41630561;38761118;15250457;38347;16286633
FR;1;2021-12-22;24977;65888;310629;1216;349596;41655538;38827006;15561086;39563;16636229
FR;1;2021-12-23;21272;52273;241486;956;273033;41676810;38879279;15802572;40519;16909262
FR;1;2021-12-24;7126;18340;67156;258;77062;41683936;38897619;15869728;40777;16986324
FR;1;2021-12-25;507;2872;5586;15;6538;41684443;38900491;15875314;40792;16992862
FR;1;2021-12-26;2749;7581;26937;71;31456;41687192;38908072;15902251;40863;17024318
FR;1;2021-12-27;18308;53582;235115;705;265773;41705500;38961654;16137366;41568;17290091
FR;1;2021-12-28;23298;62034;292034;1026;330217;41728798;39023688;16429400;42594;17620308
FR;1;2021-12-29;22216;55536;254999;920;288220;41751014;39079224;16684399;43514;17908528
FR;1;2021-12-30;21240;46538;212161;858;239633;41772254;39125762;16896560;44372;18148161
FR;1;2021-12-31;7466;16583;61873;229;70410;41779720;39142345;16958433;44601;18218571
FR;1;2022-01-01;1153;2498;5660;30;6579;41780873;39144843;16964093;44631;18225150
FR;1;2022-01-02;3084;8079;28890;50;33528;41783957;39152922;16992983;44681;18258678
FR;1;2022-01-03;24752;54264;228237;789;257705;41808709;39207186;17221220;45470;18516383
FR;1;2022-01-04;26098;65092;299251;1238;337279;41834807;39272278;17520471;46708;18853662
FR;1;2022-01-05;30470;64333;274871;1099;310234;41865277;39336611;17795342;47807;19163896
FR;1;2022-01-06;26824;66264;306882;1399;346537;41892101;39402875;18102224;49206;19510433
FR;1;2022-01-07;31560;75079;349832;1538;393982;41923661;39477954;18452056;50744;19904415
FR;1;2022-01-08;23387;51411;222492;698;251121;41947048;39529365;18674548;51442;20155536
FR;1;2022-01-09;7089;17143;66024;163;76139;41954137;39546508;18740572;51605;20231675
FR;1;2022-01-10;21783;60690;236800;954;267621;41975920;39607198;18977372;52559;20499296
FR;1;2022-01-11;26759;63500;282285;1277;317813;42002679;39670698;19259657;53836;20817109
FR;1;2022-01-12;28953;62543;246260;1105;278041;42031632;39733241;19505917;54941;21095150
FR;1;2022-01-13;24775;60237;262798;1253;296129;42056407;39793478;19768715;56194;21391279
FR;1;2022-01-14;27965;66780;314003;1366;351271;42084372;39860258;20082718;57560;21742550
FR;1;2022-01-15;19361;44438;199307;619;223859;42103733;39904696;20282025;58179;21966409
FR;1;2022-01-16;5158;12992;51526;135;59564;42108891;39917688;20333551;58314;22025973
FR;1;2022-01-17;16862;39776;184827;781;206843;42125753;39957464;20518378;59095;22232816
FR;1;2022-01-18;19452;46029;212420;1154;237050;42145205;40003493;20730798;60249;22469866
FR;1;2022-01-19;20303;44020;176105;897;197192;42165508;40047513;20906903;61146;22667058
FR;1;2022-01-20;16837;40634;183677;1138;204744;42182345;40088147;21090580;62284;22871802
FR;1;2022-01-21;19913;47094;228951;1405;253352;42202258;40135241;21319531;63689;23125154
FR;1;2022-01-22;13842;33365;144493;578;161384;42216100;40168606;21464024;64267;23286538
FR;1;2022-01-23;3377;8777;33427;132;38322;42219477;40177383;21497451;64399;23324860
FR;1;2022-01-24;11804;33007;142210;710;158253;42231281;40210390;21639661;65109;23483113
FR;1;2022-01-25;14211;38220;163400;1047;181565;42245492;40248610;21803061;66156;23664678
FR;1;2022-01-26;14860;37709;150250;933;166353;42260352;40286319;21953311;67089;23831031
FR;1;2022-01-27;12338;33303;143452;889;157998;42272690;40319622;22096763;67978;23989029
FR;1;2022-01-28;16321;56985;198313;1143;222415;42289011;40376607;22295076;69121;24211444
FR;1;2022-01-29;10268;35513;135206;525;151553;42299279;40412120;22430282;69646;24362997
FR;1;2022-01-30;2483;9280;29681;86;34460;42301762;40421400;22459963;69732;24397457
FR;1;2022-01-31;8757;32520;104341;533;117382;42310519;40453920;22564304;70265;24514839
FR;1;2022-02-01;10985;36501;127069;864;141249;42321504;40490421;22691373;71129;24656088
FR;1;2022-02-02;12005;41624;130352;782;145840;42333509;40532045;22821725;71911;24801928
FR;1;2022-02-03;9251;34046;117007;784;130350;42342760;40566091;22938732;72695;24932278
FR;1;2022-02-04;11521;48239;172581;967;192772;42354281;40614330;23111313;73662;25125050
FR;1;2022-02-05;7993;33952;117581;391;133046;42362274;40648282;23228894;74053;25258096
FR;1;2022-02-06;1706;8007;22752;85;26910;42363980;40656289;23251646;74138;25285006
FR;1;2022-02-07;7317;35434;119094;458;134973;42371297;40691723;23370740;74596;25419979
FR;1;2022-02-08;7758;31946;125649;693;140637;42379055;40723669;23496389;75289;25560616
FR;1;2022-02-09;8653;36515;135249;699;152493;42387708;40760184;23631638;75988;25713109
FR;1;2022-02-10;7020;30072;116370;673;130157;42394728;40790256;23748008;76661;25843266
FR;1;2022-02-11;8656;41539;165136;878;185359;42403384;40831795;23913144;77539;26028625
FR;1;2022-02-12;5340;27604;106702;379;120887;42408724;40859399;24019846;77918;26149512
FR;1;2022-02-13;1259;5718;21717;66;25333;42409983;40865117;24041563;77984;26174845
FR;1;2022-02-14;5454;27217;118084;393;133111;42415437;40892334;24159647;78377;26307956
FR;1;2022-02-15;5787;28847;118920;610;132552;42421224;40921181;24278567;78987;26440508
FR;1;2022-02-16;5752;28476;110418;596;123049;42426976;40949657;24388985;79583;26563557
FR;1;2022-02-17;4610;19730;73139;487;80242;42431586;40969387;24462124;80070;26643799
FR;1;2022-02-18;5604;26784;99200;671;108159;42437190;40996171;24561324;80741;26751958
FR;1;2022-02-19;3549;17175;59476;304;66057;42440739;41013346;24620800;81045;26818015
FR;1;2022-02-20;791;3256;10705;36;12332;42441530;41016602;24631505;81081;26830347
FR;1;2022-02-21;3424;14587;52826;286;57672;42444954;41031189;24684331;81367;26888019
FR;1;2022-02-22;3792;15535;51913;500;55651;42448746;41046724;24736244;81867;26943670
FR;1;2022-02-23;4231;17814;57469;508;62570;42452977;41064538;24793713;82375;27006240
FR;1;2022-02-24;3342;13079;43612;436;46401;42456319;41077617;24837325;82811;27052641
FR;1;2022-02-25;4470;19892;64923;696;68794;42460789;41097509;24902248;83507;27121435
FR;1;2022-02-26;2693;12800;41369;310;45122;42463482;41110309;24943617;83817;27166557
FR;1;2022-02-27;644;2189;7127;42;7992;42464126;41112498;24950744;83859;27174549
FR;1;2022-02-28;2612;10480;34955;306;37381;42466738;41122978;24985699;84165;27211930
FR;1;2022-03-01;3568;10750;38698;390;39654;42470306;41133728;25024397;84555;27251584
FR;1;2022-03-02;3668;12178;41855;397;43925;42473974;41145906;25066252;84952;27295509
FR;1;2022-03-03;2453;7971;26176;326;26514;42476427;41153877;25092428;85278;27322023
FR;1;2022-03-04;2684;10457;35429;592;34924;42479111;41164334;25127857;85870;27356947
FR;1;2022-03-05;1820;6360;21966;278;22363;42480931;41170694;25149823;86148;27379310
FR;1;2022-03-06;358;955;2917;38;3120;42481289;41171649;25152740;86186;27382430
FR;1;2022-03-07;1741;4715;16435;245;15902;42483030;41176364;25169175;86431;27398332
FR;1;2022-03-08;1693;5254;17167;308;15995;42484723;41181618;25186342;86739;27414327
FR;1;2022-03-09;1987;6678;19805;368;19165;42486710;41188296;25206147;87107;27433492
FR;1;2022-03-10;1405;4982;15280;308;14321;42488115;41193278;25221427;87415;27447813
FR;1;2022-03-11;1753;6400;21706;484;19861;42489868;41199678;25243133;87899;27467674
FR;1;2022-03-12;1245;4650;15361;280;14910;42491113;41204328;25258494;88179;27482584
FR;1;2022-03-13;253;612;2120;119;2066;42491366;41204940;25260614;88298;27484650
FR;1;2022-03-14;1143;3676;13401;3879;12523;42492509;41208616;25274015;92177;27497173
FR;1;2022-03-15;1393;5738;14654;6861;13254;42493902;41214354;25288669;99038;27510427
FR;1;2022-03-16;1693;5073;17392;11518;16455;42495595;41219427;25306061;110556;27526882
FR;1;2022-03-17;1170;3438;11725;9648;10823;42496765;41222865;25317786;120204;27537705
FR;1;2022-03-18;1726;4927;17965;16504;16404;42498491;41227792;25335751;136708;27554109
FR;1;2022-03-19;1124;3299;11889;8455;11357;42499615;41231091;25347640;145163;27565466
FR;1;2022-03-20;224;559;1725;1014;1759;42499839;41231650;25349365;146177;27567225
FR;1;2022-03-21;1085;2763;11492;13448;10842;42500924;41234413;25360857;159625;27578067
FR;1;2022-03-22;1233;3208;12257;18705;11245;42502157;41237621;25373114;178330;27589312
FR;1;2022-03-23;1503;4345;16025;20111;15709;42503660;41241966;25389139;198441;27605021
FR;1;2022-03-24;1115;2750;10394;16050;9657;42504775;41244716;25399533;214491;27614678
FR;1;2022-03-25;1534;4355;16746;25299;15398;42506309;41249071;25416279;239790;27630076
FR;1;2022-03-26;1108;3012;10854;11450;10515;42507417;41252083;25427133;251240;27640591
FR;1;2022-03-27;233;546;1750;1381;1803;42507650;41252629;25428883;252621;27642394
FR;1;2022-03-28;1081;2483;9975;15883;9598;42508731;41255112;25438858;268504;27651992
FR;1;2022-03-29;1140;2740;11552;25098;10920;42509871;41257852;25450410;293602;27662912
FR;1;2022-03-30;1625;3593;14166;24211;13697;42511496;41261445;25464576;317813;27676609
FR;1;2022-03-31;1279;3010;11691;22665;11197;42512775;41264455;25476267;340478;27687806
FR;1;2022-04-01;2230;4019;18463;28517;17334;42515005;41268474;25494730;368995;27705140
FR;1;2022-04-02;909;1884;8190;9224;7938;42515914;41270358;25502920;378219;27713078
FR;1;2022-04-03;202;379;1432;1057;1433;42516116;41270737;25504352;379276;27714511
FR;1;2022-04-04;2017;2465;11366;17673;10755;42518133;41273202;25515718;396949;27725266
FR;1;2022-04-05;1903;2703;12997;31175;12021;42520036;41275905;25528715;428124;27737287
FR;1;2022-04-06;1715;2990;12197;23916;11627;42521751;41278895;25540912;452040;27748914
FR;1;2022-04-07;1311;2719;12345;31062;11811;42523062;41281614;25553257;483102;27760725
FR;1;2022-04-08;1612;3614;17555;40604;16467;42524674;41285228;25570812;523706;27777192
FR;1;2022-04-09;818;1993;8404;12499;8102;42525492;41287221;25579216;536205;27785294
FR;1;2022-04-10;199;600;1834;1853;1878;42525691;41287821;25581050;538058;27787172
FR;1;2022-04-11;1065;2239;10964;22327;10679;42526756;41290060;25592014;560385;27797851
FR;1;2022-04-12;1310;2621;12819;38111;12306;42528066;41292681;25604833;598496;27810157
FR;1;2022-04-13;1263;2861;12270;30611;12002;42529329;41295542;25617103;629107;27822159
FR;1;2022-04-14;1219;2533;12111;33612;12113;42530548;41298075;25629214;662719;27834272
FR;1;2022-04-15;1482;2992;14395;33254;13777;42532030;41301067;25643609;695973;27848049
FR;1;2022-04-16;658;1403;5841;7986;5766;42532688;41302470;25649450;703959;27853815
FR;1;2022-04-17;155;287;929;1119;974;42532843;41302757;25650379;705078;27854789
FR;1;2022-04-18;164;466;2634;1000;2658;42533007;41303223;25653013;706078;27857447
FR;1;2022-04-19;1239;2588;11778;27920;11510;42534246;41305811;25664791;733998;27868957
FR;1;2022-04-20;1340;2631;12174;26847;12014;42535586;41308442;25676965;760845;27880971
FR;1;2022-04-21;1239;2457;11539;33245;11748;42536825;41310899;25688504;794090;27892719
FR;1;2022-04-22;1510;3071;15206;35486;14787;42538335;41313970;25703710;829576;27907506
FR;1;2022-04-23;760;1580;6731;9891;6636;42539095;41315550;25710441;839467;27914142
FR;1;2022-04-24;196;373;1373;1520;1328;42539291;41315923;25711814;840987;27915470
FR;1;2022-04-25;1035;2128;9850;19690;9751;42540326;41318051;25721664;860677;27925221
FR;1;2022-04-26;1347;2621;12599;36557;12201;42541673;41320672;25734263;897234;27937422
FR;1;2022-04-27;1325;2404;10650;29193;10785;42542998;41323076;25744913;926427;27948207
FR;1;2022-04-28;1279;2397;11559;34261;11402;42544277;41325473;25756472;960688;27959609
FR;1;2022-04-29;1611;4254;14395;35518;13847;42545888;41329727;25770867;996206;27973456
FR;1;2022-04-30;828;1590;6446;9165;6288;42546716;41331317;25777313;1005371;27979744
FR;1;2022-05-01;177;286;829;948;822;42546893;41331603;25778142;1006319;27980566
FR;1;2022-05-02;1631;2590;10371;16910;10281;42548524;41334193;25788513;1023229;27990847
FR;1;2022-05-03;1552;2863;12701;32881;12593;42550076;41337056;25801214;1056110;28003440
FR;1;2022-05-04;1356;2731;11229;23800;11387;42551432;41339787;25812443;1079910;28014827
FR;1;2022-05-05;1467;2619;12172;31838;12097;42552899;41342406;25824615;1111748;28026924
FR;1;2022-05-06;1811;3228;14230;34910;13812;42554710;41345634;25838845;1146658;28040736
FR;1;2022-05-07;853;1469;5976;9089;6010;42555563;41347103;25844821;1155747;28046746
FR;1;2022-05-08;190;328;1059;1471;1121;42555753;41347431;25845880;1157218;28047867
FR;1;2022-05-09;1119;2008;9244;19258;9158;42556872;41349439;25855124;1176476;28057025
FR;1;2022-05-10;1469;2872;12605;37093;12204;42558341;41352311;25867729;1213569;28069229
FR;1;2022-05-11;1431;2459;9906;26015;9851;42559772;41354770;25877635;1239584;28079080
FR;1;2022-05-12;1315;2416;10510;33580;10211;42561087;41357186;25888145;1273164;28089291
FR;1;2022-05-13;1605;2798;12758;35723;12405;42562692;41359984;25900903;1308887;28101696
FR;1;2022-05-14;780;1318;5479;10210;5364;42563472;41361302;25906382;1319097;28107060
FR;1;2022-05-15;220;413;1182;1349;1251;42563692;41361715;25907564;1320446;28108311
FR;1;2022-05-16;967;1769;8069;20104;8122;42564659;41363484;25915633;1340550;28116433
FR;1;2022-05-17;1291;2289;11116;36165;10722;42565950;41365773;25926749;1376715;28127155
FR;1;2022-05-18;1302;2126;9035;25705;8986;42567252;41367899;25935784;1402420;28136141
FR;1;2022-05-19;1195;2391;9847;33984;9941;42568447;41370290;25945631;1436404;28146082
FR;1;2022-05-20;1561;2752;12522;37638;12108;42570008;41373042;25958153;1474042;28158190
FR;1;2022-05-21;774;1373;5246;9373;5164;42570782;41374415;25963399;1483415;28163354
FR;1;2022-05-22;191;291;949;1395;950;42570973;41374706;25964348;1484810;28164304
FR;1;2022-05-23;969;1880;8368;19405;8344;42571942;41376586;25972716;1504215;28172648
FR;1;2022-05-24;1285;2443;10717;37227;10586;42573227;41379029;25983433;1541442;28183234
FR;1;2022-05-25;1271;2290;8790;23668;8950;42574498;41381319;25992223;1565110;28192184
FR;1;2022-05-26;167;373;1580;1154;1574;42574665;41381692;25993803;1566264;28193758
FR;1;2022-05-27;1108;2177;8781;20449;8531;42575773;41383869;26002584;1586713;28202289
FR;1;2022-05-28;482;1046;3686;6536;3725;42576255;41384915;26006270;1593249;28206014
FR;1;2022-05-29;120;257;706;893;717;42576375;41385172;26006976;1594142;28206731
FR;1;2022-05-30;830;1725;6558;18530;6588;42577205;41386897;26013534;1612672;28213319
FR;1;2022-05-31;1265;2215;9241;34366;9110;42578470;41389112;26022775;1647038;28222429
FR;1;2022-06-01;1306;2590;10429;23447;10291;42579776;41391702;26033204;1670485;28232720
FR;1;2022-06-02;1221;2303;10662;34114;10230;42580997;41394005;26043866;1704599;28242950
FR;1;2022-06-03;1440;2729;12696;37093;12116;42582437;41396734;26056562;1741692;28255066
FR;1;2022-06-04;679;1261;4745;8675;4822;42583116;41397995;26061307;1750367;28259888
FR;1;2022-06-05;130;289;810;1048;832;42583246;41398284;26062117;1751415;28260720
FR;1;2022-06-06;395;1091;2017;1191;2031;42583641;41399375;26064134;1752606;28262751
FR;1;2022-06-07;1150;2310;9177;34033;8838;42584791;41401685;26073311;1786639;28271589
FR;1;2022-06-08;1105;2229;8667;27538;8549;42585896;41403914;26081978;1814177;28280138
FR;1;2022-06-09;1063;2142;9978;37550;9661;42586959;41406056;26091956;1851727;28289799
FR;1;2022-06-10;1332;2601;12390;43096;11966;42588291;41408657;26104346;1894823;28301765
FR;1;2022-06-11;656;1445;5136;11080;5184;42588947;41410102;26109482;1905903;28306949
FR;1;2022-06-12;152;372;1013;1683;1069;42589099;41410474;26110495;1907586;28308018
FR;1;2022-06-13;908;1824;7006;22218;6863;42590007;41412298;26117501;1929804;28314881
FR;1;2022-06-14;1086;2185;9836;42829;9238;42591093;41414483;26127337;1972633;28324119
FR;1;2022-06-15;1072;1978;8780;29363;8458;42592165;41416461;26136117;2001996;28332577
FR;1;2022-06-16;944;1825;9393;38463;8870;42593109;41418286;26145510;2040459;28341447
FR;1;2022-06-17;1213;2545;11868;44784;11354;42594322;41420831;26157378;2085243;28352801
FR;1;2022-06-18;560;1270;4316;10543;4254;42594882;41422101;26161694;2095786;28357055
FR;1;2022-06-19;137;324;1002;1543;1081;42595019;41422425;26162696;2097329;28358136
FR;1;2022-06-20;856;1697;8489;25036;8153;42595875;41424122;26171185;2122365;28366289
FR;1;2022-06-21;1098;2132;9759;47745;8849;42596973;41426254;26180944;2170110;28375138
FR;1;2022-06-22;1033;2051;8432;37128;7948;42598006;41428305;26189376;2207238;28383086
FR;1;2022-06-23;1048;2167;10119;52785;9404;42599054;41430472;26199495;2260023;28392490
FR;1;2022-06-24;1247;2705;12905;65934;11688;42600301;41433177;26212400;2325957;28404178
FR;1;2022-06-25;684;1503;5923;18915;5706;42600985;41434680;26218323;2344872;28409884
FR;1;2022-06-26;166;407;1818;3494;1713;42601151;41435087;26220141;2348366;28411597
FR;1;2022-06-27;937;1765;9901;45962;9126;42602088;41436852;26230042;2394328;28420723
FR;1;2022-06-28;1205;2566;13833;86524;12398;42603293;41439418;26243875;2480852;28433121
FR;1;2022-06-29;1237;2283;11477;67356;10543;42604530;41441701;26255352;2548208;28443664
FR;1;2022-06-30;1278;2441;13510;89949;11819;42605808;41444142;26268862;2638157;28455483
FR;1;2022-07-01;1632;3468;20295;109183;17956;42607440;41447610;26289157;2747340;28473439
FR;1;2022-07-02;760;1521;8014;33770;7247;42608200;41449131;26297171;2781110;28480686
FR;1;2022-07-03;226;479;1940;6115;1755;42608426;41449610;26299111;2787225;28482441
FR;1;2022-07-04;1333;2882;13907;75386;12329;42609759;41452492;26313018;2862611;28494770
FR;1;2022-07-05;1414;2800;17679;126330;15132;42611173;41455292;26330697;2988941;28509902
FR;1;2022-07-06;1344;2382;14878;93696;12897;42612517;41457674;26345575;3082637;28522799
FR;1;2022-07-07;1434;2529;16920;119440;13991;42613951;41460203;26362495;3202077;28536790
FR;1;2022-07-08;1525;2812;19601;129977;15964;42615476;41463015;26382096;3332054;28552754
FR;1;2022-07-09;660;1269;7303;36012;6346;42616136;41464284;26389399;3368066;28559100
FR;1;2022-07-10;235;486;2239;6687;2033;42616371;41464770;26391638;3374753;28561133
FR;1;2022-07-11;1204;2213;14311;84421;11926;42617575;41466983;26405949;3459174;28573059
FR;1;2022-07-12;1551;2768;19450;137384;15885;42619126;41469751;26425399;3596558;28588944
FR;1;2022-07-13;1404;2405;14774;89816;12618;42620530;41472156;26440173;3686374;28601562
FR;1;2022-07-14;157;344;1862;5285;1771;42620687;41472500;26442035;3691659;28603333
FR;1;2022-07-15;1252;2295;14358;80570;12001;42621939;41474795;26456393;3772229;28615334
FR;1;2022-07-16;505;1046;5636;23943;4890;42622444;41475841;26462029;3796172;28620224
FR;1;2022-07-17;158;363;1655;4459;1498;42622602;41476204;26463684;3800631;28621722
FR;1;2022-07-18;970;2025;11290;59264;9557;42623572;41478229;26474974;3859895;28631279
FR;1;2022-07-19;1225;2115;14683;99375;11713;42624797;41480344;26489657;3959270;28642992
FR;1;2022-07-20;1171;1986;12357;74337;10269;42625968;41482330;26502014;4033607;28653261
FR;1;2022-07-21;1122;1940;12404;84507;9982;42627090;41484270;26514418;4118114;28663243
FR;1;2022-07-22;1240;2203;14079;85861;11404;42628330;41486473;26528497;4203975;28674647
FR;1;2022-07-23;533;1083;5229;21291;4605;42628863;41487556;26533726;4225266;28679252
FR;1;2022-07-24;147;303;1325;3695;1165;42629010;41487859;26535051;4228961;28680417
FR;1;2022-07-25;884;1622;9065;46100;7511;42629894;41489481;26544116;4275061;28687928
FR;1;2022-07-26;1123;1955;12668;81933;10325;42631017;41491436;26556784;4356994;28698253
FR;1;2022-07-27;1013;1717;9741;58421;8118;42632030;41493153;26566525;4415415;28706371
FR;1;2022-07-28;979;1698;9846;61864;7841;42633009;41494851;26576371;4477279;28714212
FR;1;2022-07-29;1110;1805;10429;62899;8357;42634119;41496656;26586800;4540178;28722569
FR;1;2022-07-30;390;712;3343;14482;2846;42634509;41497368;26590143;4554660;28725415
FR;1;2022-07-31;138;263;900;2333;766;42634647;41497631;26591043;4556993;28726181
FR;1;2022-08-01;718;1303;7238;28955;6098;42635365;41498934;26598281;4585948;28732279
FR;1;2022-08-02;892;1464;8216;53990;6608;42636257;41500398;26606497;4639938;28738887
FR;1;2022-08-03;719;1091;6131;37025;4914;42636976;41501489;26612628;4676963;28743801
FR;1;2022-08-04;641;1071;6251;41402;5040;42637617;41502560;26618879;4718365;28748841
FR;1;2022-08-05;736;1188;6749;43030;5411;42638353;41503748;26625628;4761395;28754252
FR;1;2022-08-06;272;459;1990;8998;1670;42638625;41504207;26627618;4770393;28755922
FR;1;2022-08-07;88;143;520;1552;436;42638713;41504350;26628138;4771945;28756358
FR;1;2022-08-08;485;852;3787;21209;3114;42639198;41505202;26631925;4793154;28759472
FR;1;2022-08-09;606;1021;5670;38447;4544;42639804;41506223;26637595;4831601;28764016
FR;1;2022-08-10;528;997;4431;26893;3627;42640332;41507220;26642026;4858494;28767643
FR;1;2022-08-11;537;907;4296;28161;3567;42640869;41508127;26646322;4886655;28771210
FR;1;2022-08-12;589;1017;4543;27154;3751;42641458;41509144;26650865;4913809;28774961
FR;1;2022-08-13;174;346;1247;5101;1062;42641632;41509490;26652112;4918910;28776023
FR;1;2022-08-14;64;114;275;868;234;42641696;41509604;26652387;4919778;28776257
FR;1;2022-08-15;73;156;566;540;526;42641769;41509760;26652953;4920318;28776783
FR;1;2022-08-16;522;927;3779;21476;3205;42642291;41510687;26656732;4941794;28779988
FR;1;2022-08-17;524;882;3758;22104;3181;42642815;41511569;26660490;4963898;28783169
FR;1;2022-08-18;538;870;3901;25418;3104;42643353;41512439;26664391;4989316;28786273
FR;1;2022-08-19;533;1031;4354;26505;3589;42643886;41513470;26668745;5015821;28789862
FR;1;2022-08-20;231;404;1284;5362;1098;42644117;41513874;26670029;5021183;28790960
FR;1;2022-08-21;81;110;281;988;249;42644198;41513984;26670310;5022171;28791209
FR;1;2022-08-22;471;873;3137;14931;2708;42644669;41514857;26673447;5037102;28793917
FR;1;2022-08-23;633;1050;4142;28308;3477;42645302;41515907;26677589;5065410;28797394
FR;1;2022-08-24;552;823;3393;19057;2763;42645854;41516730;26680982;5084467;28800157
FR;1;2022-08-25;559;919;3811;22908;3193;42646413;41517649;26684793;5107375;28803350
FR;1;2022-08-26;745;1117;4342;25141;3556;42647158;41518766;26689135;5132516;28806906
FR;1;2022-08-27;215;426;1322;5302;1190;42647373;41519192;26690457;5137818;28808096
FR;1;2022-08-28;111;144;298;894;279;42647484;41519336;26690755;5138712;28808375
FR;1;2022-08-29;502;850;2972;14223;2510;42647986;41520186;26693727;5152935;28810885
FR;1;2022-08-30;733;1092;4614;27687;3769;42648719;41521278;26698341;5180622;28814654
FR;1;2022-08-31;575;816;3098;17188;2609;42649294;41522094;26701439;5197810;28817263
FR;1;2022-09-01;662;899;4303;21840;3662;42649956;41522993;26705742;5219650;28820925
FR;1;2022-09-02;766;1033;4869;27847;4067;42650722;41524026;26710611;5247497;28824992
FR;1;2022-09-03;316;494;1829;5868;1585;42651038;41524520;26712440;5253365;28826577
FR;1;2022-09-04;106;136;341;840;334;42651144;41524656;26712781;5254205;28826911
FR;1;2022-09-05;564;635;2992;15680;2496;42651708;41525291;26715773;5269885;28829407
FR;1;2022-09-06;718;917;4547;31017;3688;42652426;41526208;26720320;5300902;28833095
FR;1;2022-09-07;532;677;2913;16391;2415;42652958;41526885;26723233;5317293;28835510
FR;1;2022-09-08;565;776;3685;24170;3027;42653523;41527661;26726918;5341463;28838537
FR;1;2022-09-09;758;954;4270;26760;3556;42654281;41528615;26731188;5368223;28842093
FR;1;2022-09-10;326;458;1668;5575;1469;42654607;41529073;26732856;5373798;28843562
FR;1;2022-09-11;106;117;308;644;289;42654713;41529190;26733164;5374442;28843851
FR;1;2022-09-12;446;562;2602;12922;2219;42655159;41529752;26735766;5387364;28846070
FR;1;2022-09-13;572;784;3851;25700;3327;42655731;41530536;26739617;5413064;28849397
FR;1;2022-09-14;567;688;2855;15674;2381;42656298;41531224;26742472;5428738;28851778
FR;1;2022-09-15;504;696;3316;23012;2796;42656802;41531920;26745788;5451750;28854574
FR;1;2022-09-16;712;921;3999;25264;3367;42657514;41532841;26749787;5477014;28857941
FR;1;2022-09-17;290;401;1389;5966;1213;42657804;41533242;26751176;5482980;28859154
FR;1;2022-09-18;96;120;310;921;278;42657900;41533362;26751486;5483901;28859432
FR;1;2022-09-19;363;554;2131;12826;1827;42658263;41533916;26753617;5496727;28861259
FR;1;2022-09-20;551;794;3642;25707;3045;42658814;41534710;26757259;5522434;28864304
FR;1;2022-09-21;468;676;2620;15849;2248;42659282;41535386;26759879;5538283;28866552
FR;1;2022-09-22;532;739;3260;22921;2660;42659814;41536125;26763139;5561204;28869212
FR;1;2022-09-23;749;921;4341;28108;3622;42660563;41537046;26767480;5589312;28872834
FR;1;2022-09-24;351;529;1580;6690;1360;42660914;41537575;26769060;5596002;28874194
FR;1;2022-09-25;79;149;321;1072;293;42660993;41537724;26769381;5597074;28874487
FR;1;2022-09-26;373;627;2164;12992;1919;42661366;41538351;26771545;5610066;28876406
FR;1;2022-09-27;537;751;3447;24999;2781;42661903;41539102;26774992;5635065;28879187
FR;1;2022-09-28;509;706;2437;14950;2204;42662412;41539808;26777429;5650015;28881391
FR;1;2022-09-29;498;684;2969;20274;2489;42662910;41540492;26780398;5670289;28883880
FR;1;2022-09-30;672;959;3760;24384;3137;42663582;41541451;26784158;5694673;28887017
FR;1;2022-10-01;326;536;1861;5486;1618;42663908;41541987;26786019;5700159;28888635
FR;1;2022-10-02;47;115;202;561;201;42663955;41542102;26786221;5700720;28888836
FR;1;2022-10-03;388;547;2150;9997;1895;42664343;41542649;26788371;5710717;28890731
FR;1;2022-10-04;538;657;2901;18901;2446;42664881;41543306;26791272;5729618;28893177
FR;1;2022-10-05;419;675;2066;11073;1840;42665300;41543981;26793338;5740691;28895017
FR;1;2022-10-06;432;595;2482;15751;2049;42665732;41544576;26795820;5756442;28897066
FR;1;2022-10-07;541;733;2678;16027;2293;42666273;41545309;26798498;5772469;28899359
FR;1;2022-10-08;229;301;878;3161;768;42666502;41545610;26799376;5775630;28900127
FR;1;2022-10-09;72;84;149;461;133;42666574;41545694;26799525;5776091;28900260
FR;1;2022-10-10;285;405;1236;4953;1154;42666859;41546099;26800761;5781044;28901414
FR;1;2022-10-11;313;424;1290;7976;1167;42667172;41546523;26802051;5789020;28902581
FR;1;2022-10-12;314;413;1032;5165;1031;42667486;41546936;26803083;5794185;28903612
FR;1;2022-10-13;310;375;1047;6031;905;42667796;41547311;26804130;5800216;28904517
FR;1;2022-10-14;398;515;1153;6696;1028;42668194;41547826;26805283;5806912;28905545
FR;1;2022-10-15;190;250;486;1842;468;42668384;41548076;26805769;5808754;28906013
FR;1;2022-10-16;46;57;105;283;113;42668430;41548133;26805874;5809037;28906126
FR;1;2022-10-17;225;310;716;2639;670;42668655;41548443;26806590;5811676;28906796
FR;1;2022-10-18;256;303;889;4560;768;42668911;41548746;26807479;5816236;28907564
FR;1;2022-10-19;266;352;669;3153;635;42669177;41549098;26808148;5819389;28908199
FR;1;2022-10-20;259;299;833;4277;723;42669436;41549397;26808981;5823666;28908922
FR;1;2022-10-21;297;392;791;3771;685;42669733;41549789;26809772;5827437;28909607
FR;1;2022-10-22;132;163;256;1231;251;42669865;41549952;26810028;5828668;28909858
FR;1;2022-10-23;29;30;62;195;56;42669894;41549982;26810090;5828863;28909914
FR;1;2022-10-24;263;216;415;1555;407;42670157;41550198;26810505;5830418;28910321
FR;1;2022-10-25;210;240;490;2596;416;42670367;41550438;26810995;5833014;28910737
FR;1;2022-10-26;230;227;372;1909;351;42670597;41550665;26811367;5834923;28911088
FR;1;2022-10-27;248;210;455;2108;462;42670845;41550875;26811822;5837031;28911550
FR;1;2022-10-28;295;293;473;2273;419;42671140;41551168;26812295;5839304;28911969
FR;1;2022-10-29;93;140;141;678;175;42671233;41551308;26812436;5839982;28912144
FR;1;2022-10-30;32;39;52;179;48;42671265;41551347;26812488;5840161;28912192
FR;1;2022-10-31;129;170;271;782;253;42671394;41551517;26812759;5840943;28912445
FR;1;2022-11-01;15;18;48;53;51;42671409;41551535;26812807;5840996;28912496
FR;1;2022-11-02;230;196;297;935;273;42671639;41551731;26813104;5841931;28912769
FR;1;2022-11-03;250;208;350;1317;316;42671889;41551939;26813454;5843248;28913085
FR;1;2022-11-04;216;229;299;1531;281;42672105;41552168;26813753;5844779;28913366
FR;1;2022-11-05;83;103;138;480;127;42672188;41552271;26813891;5845259;28913493
FR;1;2022-11-06;31;35;29;126;32;42672219;41552306;26813920;5845385;28913525
FR;1;2022-11-07;150;178;208;803;208;42672369;41552484;26814128;5846188;28913733
FR;1;2022-11-08;176;200;324;1508;279;42672545;41552684;26814452;5847696;28914012
FR;2;2020-12-27;0;0;0;0;0;0;0;0;0;0
FR;2;2020-12-28;0;0;0;0;0;0;0;0;0;0
FR;2;2020-12-29;0;0;0;0;0;0;0;0;0;0
FR;2;2020-12-30;0;0;0;0;0;0;0;0;0;0
FR;2;2020-12-31;0;0;0;0;0;0;0;0;0;0
FR;2;2021-01-01;0;0;0;0;0;0;0;0;0;0
FR;2;2021-01-02;0;0;0;0;0;0;0;0;0;0
FR;2;2021-01-03;0;0;0;0;0;0;0;0;0;0
FR;2;2021-01-04;0;0;0;0;0;0;0;0;0;0
FR;2;2021-01-05;0;0;0;0;0;0;0;0;0;0
FR;2;2021-01-06;0;0;0;0;0;0;0;0;0;0
FR;2;2021-01-07;0;0;0;0;0;0;0;0;0;0
FR;2;2021-01-08;0;0;0;0;0;0;0;0;0;0
FR;2;2021-01-09;0;0;0;0;0;0;0;0;0;0
FR;2;2021-01-10;0;0;0;0;0;0;0;0;0;0
FR;2;2021-01-11;0;0;0;0;0;0;0;0;0;0
FR;2;2021-01-12;0;0;0;0;0;0;0;0;0;0
FR;2;2021-01-13;0;0;0;0;0;0;0;0;0;0
FR;2;2021-01-14;1655;0;0;0;0;1655;0;0;0;0
FR;2;2021-01-15;398;0;0;0;0;2053;0;0;0;0
FR;2;2021-01-16;316;0;0;0;0;2369;0;0;0;0
FR;2;2021-01-17;83;0;0;0;0;2452;0;0;0;0
FR;2;2021-01-18;3074;2;0;0;0;5526;2;0;0;0
FR;2;2021-01-19;4681;1;0;0;0;10207;3;0;0;0
FR;2;2021-01-20;5136;6;0;0;0;15343;9;0;0;0
FR;2;2021-01-21;5345;9;0;0;0;20688;18;0;0;0
FR;2;2021-01-22;5118;17;0;0;0;25806;35;0;0;0
FR;2;2021-01-23;1874;2;0;0;0;27680;37;0;0;0
FR;2;2021-01-24;163;2;0;0;0;27843;39;0;0;0
FR;2;2021-01-25;3814;3;0;0;0;31657;42;0;0;0
FR;2;2021-01-26;3925;5;0;0;0;35582;47;0;0;0
FR;2;2021-01-27;3603;4;0;0;0;39185;51;0;0;0
FR;2;2021-01-28;3754;8;0;0;0;42939;59;0;0;0
FR;2;2021-01-29;3297;4;0;0;0;46236;63;0;0;0
FR;2;2021-01-30;1133;3;0;0;0;47369;66;0;0;0
FR;2;2021-01-31;46;2;0;0;0;47415;68;0;0;0
FR;2;2021-02-01;3405;11;0;0;0;50820;79;0;0;0
FR;2;2021-02-02;4493;18;0;0;0;55313;97;0;0;0
FR;2;2021-02-03;5222;9;0;0;0;60535;106;0;0;0
FR;2;2021-02-04;4938;11;0;0;0;65473;117;0;0;0
FR;2;2021-02-05;4815;16;0;0;0;70288;133;0;0;0
FR;2;2021-02-06;2044;16;0;0;0;72332;149;0;0;0
FR;2;2021-02-07;103;4;0;0;0;72435;153;0;0;0
FR;2;2021-02-08;7557;25;0;0;0;79992;178;0;0;0
FR;2;2021-02-09;8429;28;0;0;0;88421;206;0;0;0
FR;2;2021-02-10;9343;60;0;0;0;97764;266;0;0;0
FR;2;2021-02-11;10289;125;0;0;0;108053;391;0;0;0
FR;2;2021-02-12;10056;272;0;0;0;118109;663;0;0;0
FR;2;2021-02-13;3120;225;0;0;0;121229;888;0;0;0
FR;2;2021-02-14;355;10;0;0;0;121584;898;0;0;0
FR;2;2021-02-15;3460;3115;0;0;0;125044;4013;0;0;0
FR;2;2021-02-16;5074;4125;0;0;0;130118;8138;0;0;0
FR;2;2021-02-17;4258;4535;0;0;0;134376;12673;0;0;0
FR;2;2021-02-18;5404;5168;0;0;0;139780;17841;0;0;0
FR;2;2021-02-19;5327;4467;0;0;0;145107;22308;0;0;0
FR;2;2021-02-20;1872;1517;0;0;0;146979;23825;0;0;0
FR;2;2021-02-21;244;95;0;0;0;147223;23920;0;0;0
FR;2;2021-02-22;3613;3769;0;0;0;150836;27689;0;0;0
FR;2;2021-02-23;4955;3729;0;0;0;155791;31418;0;0;0
FR;2;2021-02-24;5015;3536;0;0;0;160806;34954;0;0;0
FR;2;2021-02-25;5497;3479;0;0;0;166303;38433;0;0;0
FR;2;2021-02-26;4365;3171;0;0;0;170668;41604;0;0;0
FR;2;2021-02-27;1629;1065;0;0;0;172297;42669;0;0;0
FR;2;2021-02-28;179;17;0;0;0;172476;42686;0;0;0
FR;2;2021-03-01;5190;3760;0;0;0;177666;46446;0;0;0
FR;2;2021-03-02;6538;4718;0;0;0;184204;51164;0;0;0
FR;2;2021-03-03;6540;4948;0;0;0;190744;56112;0;0;0
FR;2;2021-03-04;8409;4179;0;0;0;199153;60291;0;0;0
FR;2;2021-03-05;8036;4052;0;0;0;207189;64343;0;0;0
FR;2;2021-03-06;4787;1680;0;0;0;211976;66023;0;0;0
FR;2;2021-03-07;2372;33;0;0;0;214348;66056;0;0;0
FR;2;2021-03-08;4166;8388;0;0;0;218514;74444;0;0;0
FR;2;2021-03-09;7491;8575;1;0;0;226005;83019;1;0;0
FR;2;2021-03-10;7104;9216;0;0;0;233109;92235;1;0;0
FR;2;2021-03-11;9376;9327;1;0;0;242485;101562;2;0;0
FR;2;2021-03-12;7981;8333;0;0;0;250466;109895;2;0;0
FR;2;2021-03-13;10055;2584;0;0;0;260521;112479;2;0;0
FR;2;2021-03-14;4841;382;0;0;0;265362;112861;2;0;0
FR;2;2021-03-15;10913;3478;0;0;0;276275;116339;2;0;0
FR;2;2021-03-16;16768;4681;1;0;0;293043;121020;3;0;0
FR;2;2021-03-17;20240;4000;0;0;0;313283;125020;3;0;0
FR;2;2021-03-18;23370;5097;0;0;0;336653;130117;3;0;0
FR;2;2021-03-19;23310;4653;0;0;0;359963;134770;3;0;0
FR;2;2021-03-20;25452;1577;0;0;0;385415;136347;3;0;0
FR;2;2021-03-21;17671;154;0;0;0;403086;136501;3;0;0
FR;2;2021-03-22;17788;3229;0;0;0;420874;139730;3;0;0
FR;2;2021-03-23;22699;4263;0;0;0;443573;143993;3;0;0
FR;2;2021-03-24;23960;5037;0;0;0;467533;149030;3;0;0
FR;2;2021-03-25;26754;5231;1;0;0;494287;154261;4;0;0
FR;2;2021-03-26;26987;4225;0;0;0;521274;158486;4;0;0
FR;2;2021-03-27;15920;1356;0;0;0;537194;159842;4;0;0
FR;2;2021-03-28;10562;133;0;0;0;547756;159975;4;0;0
FR;2;2021-03-29;18996;4316;0;0;0;566752;164291;4;0;0
FR;2;2021-03-30;24589;6091;0;0;0;591341;170382;4;0;0
FR;2;2021-03-31;28560;5921;0;0;0;619901;176303;4;0;0
FR;2;2021-04-01;34552;8559;1;0;0;654453;184862;5;0;0
FR;2;2021-04-02;29986;7708;0;0;0;684439;192570;5;0;0
FR;2;2021-04-03;16955;4147;0;0;0;701394;196717;5;0;0
FR;2;2021-04-04;9306;1216;2;0;0;710700;197933;7;0;0
FR;2;2021-04-05;12445;797;0;0;0;723145;198730;7;0;0
FR;2;2021-04-06;27155;7242;0;0;0;750300;205972;7;0;0
FR;2;2021-04-07;30931;7094;1;0;0;781231;213066;8;0;0
FR;2;2021-04-08;36894;8593;1;0;0;818125;221659;9;0;0
FR;2;2021-04-09;33848;8412;28;0;0;851973;230071;37;0;0
FR;2;2021-04-10;19687;9248;1;0;0;871660;239319;38;0;0
FR;2;2021-04-11;7942;4251;1;0;0;879602;243570;39;0;0
FR;2;2021-04-12;17128;11030;0;0;0;896730;254600;39;0;0
FR;2;2021-04-13;19459;16050;1;0;0;916189;270650;40;0;0
FR;2;2021-04-14;18069;16411;7;0;0;934258;287061;47;0;0
FR;2;2021-04-15;22200;21592;27;0;0;956458;308653;74;0;0
FR;2;2021-04-16;20712;20466;45;0;0;977170;329119;119;0;0
FR;2;2021-04-17;13257;22489;5;0;0;990427;351608;124;0;0
FR;2;2021-04-18;5911;14401;6;0;0;996338;366009;130;0;0
FR;2;2021-04-19;16845;16357;24;0;0;1013183;382366;154;0;0
FR;2;2021-04-20;19324;21712;38;0;0;1032507;404078;192;0;0
FR;2;2021-04-21;20291;21792;76;0;0;1052798;425870;268;0;0
FR;2;2021-04-22;23819;24933;41;0;0;1076617;450803;309;0;0
FR;2;2021-04-23;24528;25422;76;0;0;1101145;476225;385;0;0
FR;2;2021-04-24;25304;15063;104;0;0;1126449;491288;489;0;0
FR;2;2021-04-25;9596;8613;5;0;0;1136045;499901;494;0;0
FR;2;2021-04-26;17164;17507;21;0;0;1153209;517408;515;0;0
FR;2;2021-04-27;19244;24132;40;0;0;1172453;541540;555;0;0
FR;2;2021-04-28;22338;26371;112;0;0;1194791;567911;667;0;0
FR;2;2021-04-29;25472;30332;69;0;0;1220263;598243;736;0;0
FR;2;2021-04-30;25533;27897;49;1;0;1245796;626140;785;1;0
FR;2;2021-05-01;14987;9860;6;0;0;1260783;636000;791;1;0
FR;2;2021-05-02;6639;9171;2;0;0;1267422;645171;793;1;0
FR;2;2021-05-03;20021;19171;40;0;0;1287443;664342;833;1;0
FR;2;2021-05-04;18284;29143;33;0;0;1305727;693485;866;1;0
FR;2;2021-05-05;18377;29456;48;0;0;1324104;722941;914;1;0
FR;2;2021-05-06;23547;35366;132;0;0;1347651;758307;1046;1;0
FR;2;2021-05-07;25336;33239;97;0;0;1372987;791546;1143;1;0
FR;2;2021-05-08;21342;10381;14;0;0;1394329;801927;1157;1;0
FR;2;2021-05-09;13166;7702;7;0;0;1407495;809629;1164;1;0
FR;2;2021-05-10;32942;21841;50;0;0;1440437;831470;1214;1;0
FR;2;2021-05-11;43608;20950;101;0;0;1484045;852420;1315;1;0
FR;2;2021-05-12;50056;19691;143;0;0;1534101;872111;1458;1;0
FR;2;2021-05-13;51297;5664;31;0;0;1585398;877775;1489;1;0
FR;2;2021-05-14;61354;12889;132;0;0;1646752;890664;1621;1;0
FR;2;2021-05-15;65934;7114;39;0;0;1712686;897778;1660;1;0
FR;2;2021-05-16;43587;2573;10;0;0;1756273;900351;1670;1;0
FR;2;2021-05-17;44752;12479;114;0;0;1801025;912830;1784;1;0
FR;2;2021-05-18;54645;12279;191;0;0;1855670;925109;1975;1;0
FR;2;2021-05-19;57176;10516;281;0;0;1912846;935625;2256;1;0
FR;2;2021-05-20;63441;10810;288;0;0;1976287;946435;2544;1;0
FR;2;2021-05-21;64297;11619;230;0;0;2040584;958054;2774;1;0
FR;2;2021-05-22;61487;4522;65;0;0;2102071;962576;2839;1;0
FR;2;2021-05-23;37534;575;22;0;0;2139605;963151;2861;1;0
FR;2;2021-05-24;17243;2042;35;0;0;2156848;965193;2896;1;0
FR;2;2021-05-25;21114;12226;240;0;0;2177962;977419;3136;1;0
FR;2;2021-05-26;19939;11497;230;0;0;2197901;988916;3366;1;0
FR;2;2021-05-27;22997;12659;182;0;0;2220898;1001575;3548;1;0
FR;2;2021-05-28;29394;15002;190;0;0;2250292;1016577;3738;1;0
FR;2;2021-05-29;30421;8189;57;0;0;2280713;1024766;3795;1;0
FR;2;2021-05-30;4647;1816;6;0;0;2285360;1026582;3801;1;0
FR;2;2021-05-31;28589;18745;184;0;0;2313949;1045327;3985;1;0
FR;2;2021-06-01;45734;19919;224;0;0;2359683;1065246;4209;1;0
FR;2;2021-06-02;37476;19281;182;0;0;2397159;1084527;4391;1;0
FR;2;2021-06-03;51278;23166;161;0;0;2448437;1107693;4552;1;0
FR;2;2021-06-04;65512;24075;217;0;0;2513949;1131768;4769;1;0
FR;2;2021-06-05;34601;24079;52;0;0;2548550;1155847;4821;1;0
FR;2;2021-06-06;4956;6193;10;0;0;2553506;1162040;4831;1;0
FR;2;2021-06-07;28174;23014;150;0;0;2581680;1185054;4981;1;0
FR;2;2021-06-08;46377;22927;143;0;0;2628057;1207981;5124;1;0
FR;2;2021-06-09;34291;20946;107;0;0;2662348;1228927;5231;1;0
FR;2;2021-06-10;42640;19127;95;1;0;2704988;1248054;5326;2;0
FR;2;2021-06-11;55300;25157;134;0;0;2760288;1273211;5460;2;0
FR;2;2021-06-12;30561;19784;53;0;0;2790849;1292995;5513;2;0
FR;2;2021-06-13;3331;9195;13;0;0;2794180;1302190;5526;2;0
FR;2;2021-06-14;25300;24119;92;0;0;2819480;1326309;5618;2;0
FR;2;2021-06-15;39047;22833;154;0;0;2858527;1349142;5772;2;0
FR;2;2021-06-16;30164;21383;135;0;0;2888691;1370525;5907;2;0
FR;2;2021-06-17;36912;25807;150;0;0;2925603;1396332;6057;2;0
FR;2;2021-06-18;46859;28852;123;0;0;2972462;1425184;6180;2;0
FR;2;2021-06-19;24525;24912;39;0;0;2996987;1450096;6219;2;0
FR;2;2021-06-20;3744;10061;9;0;0;3000731;1460157;6228;2;0
FR;2;2021-06-21;17529;42841;88;0;0;3018260;1502998;6316;2;0
FR;2;2021-06-22;28361;49577;110;0;0;3046621;1552575;6426;2;0
FR;2;2021-06-23;21790;49593;107;1;1;3068411;1602168;6533;3;1
FR;2;2021-06-24;28376;50293;134;0;0;3096787;1652461;6667;3;1
FR;2;2021-06-25;33400;60423;128;0;0;3130187;1712884;6795;3;1
FR;2;2021-06-26;16388;59316;54;1;0;3146575;1772200;6849;4;1
FR;2;2021-06-27;2566;29315;22;1;0;3149141;1801515;6871;5;1
FR;2;2021-06-28;12640;54332;84;0;0;3161781;1855847;6955;5;1
FR;2;2021-06-29;19855;59949;178;0;0;3181636;1915796;7133;5;1
FR;2;2021-06-30;16331;57985;253;17;0;3197967;1973781;7386;22;1
FR;2;2021-07-01;20491;59882;228;0;0;3218458;2033663;7614;22;1
FR;2;2021-07-02;24081;62141;184;0;0;3242539;2095804;7798;22;1
FR;2;2021-07-03;12119;57115;153;0;0;3254658;2152919;7951;22;1
FR;2;2021-07-04;1959;23307;18;0;0;3256617;2176226;7969;22;1
FR;2;2021-07-05;9177;29321;106;0;0;3265794;2205547;8075;22;1
FR;2;2021-07-06;14582;36237;135;0;0;3280376;2241784;8210;22;1
FR;2;2021-07-07;14414;33661;139;0;0;3294790;2275445;8349;22;1
FR;2;2021-07-08;19722;40312;162;0;0;3314512;2315757;8511;22;1
FR;2;2021-07-09;27103;54316;202;1;0;3341615;2370073;8713;23;1
FR;2;2021-07-10;13386;33697;107;0;0;3355001;2403770;8820;23;1
FR;2;2021-07-11;1809;4355;16;0;0;3356810;2408125;8836;23;1
FR;2;2021-07-12;12971;37292;119;0;0;3369781;2445417;8955;23;1
FR;2;2021-07-13;37114;53181;152;0;0;3406895;2498598;9107;23;1
FR;2;2021-07-14;6626;3543;15;0;0;3413521;2502141;9122;23;1
FR;2;2021-07-15;47242;47022;156;0;0;3460763;2549163;9278;23;1
FR;2;2021-07-16;64316;55799;188;0;0;3525079;2604962;9466;23;1
FR;2;2021-07-17;31600;23927;96;0;0;3556679;2628889;9562;23;1
FR;2;2021-07-18;6088;4835;19;0;0;3562767;2633724;9581;23;1
FR;2;2021-07-19;33004;28626;94;0;0;3595771;2662350;9675;23;1
FR;2;2021-07-20;51998;44530;155;0;0;3647769;2706880;9830;23;1
FR;2;2021-07-21;45255;34690;93;0;0;3693024;2741570;9923;23;1
FR;2;2021-07-22;56280;41074;128;1;0;3749304;2782644;10051;24;1
FR;2;2021-07-23;68297;48994;170;0;0;3817601;2831638;10221;24;1
FR;2;2021-07-24;36176;21605;82;0;0;3853777;2853243;10303;24;1
FR;2;2021-07-25;6749;2620;10;0;0;3860526;2855863;10313;24;1
FR;2;2021-07-26;36315;22376;91;1;0;3896841;2878239;10404;25;1
FR;2;2021-07-27;62387;34591;180;0;0;3959228;2912830;10584;25;1
FR;2;2021-07-28;55320;26431;132;0;0;4014548;2939261;10716;25;1
FR;2;2021-07-29;68478;32799;189;0;0;4083026;2972060;10905;25;1
FR;2;2021-07-30;74464;37802;222;1;0;4157490;3009862;11127;26;1
FR;2;2021-07-31;34770;16203;105;0;0;4192260;3026065;11232;26;1
FR;2;2021-08-01;5413;2258;19;0;0;4197673;3028323;11251;26;1
FR;2;2021-08-02;35884;16178;101;0;0;4233557;3044501;11352;26;1
FR;2;2021-08-03;55985;28276;142;0;0;4289542;3072777;11494;26;1
FR;2;2021-08-04;46636;20842;128;1;0;4336178;3093619;11622;27;1
FR;2;2021-08-05;54637;31565;215;0;0;4390815;3125184;11837;27;1
FR;2;2021-08-06;58094;42396;242;1;0;4448909;3167580;12079;28;1
FR;2;2021-08-07;25149;17624;89;0;0;4474058;3185204;12168;28;1
FR;2;2021-08-08;3838;3651;21;0;0;4477896;3188855;12189;28;1
FR;2;2021-08-09;29307;21071;92;0;0;4507203;3209926;12281;28;1
FR;2;2021-08-10;45009;33481;155;0;0;4552212;3243407;12436;28;1
FR;2;2021-08-11;35275;25151;151;0;0;4587487;3268558;12587;28;1
FR;2;2021-08-12;41904;35698;163;0;0;4629391;3304256;12750;28;1
FR;2;2021-08-13;42606;37269;218;0;0;4671997;3341525;12968;28;1
FR;2;2021-08-14;18522;22165;94;0;0;4690519;3363690;13062;28;1
FR;2;2021-08-15;3856;3804;17;0;0;4694375;3367494;13079;28;1
FR;2;2021-08-16;25093;27142;111;0;0;4719468;3394636;13190;28;1
FR;2;2021-08-17;38261;43415;205;2;0;4757729;3438051;13395;30;1
FR;2;2021-08-18;32253;36363;195;1;1;4789982;3474414;13590;31;2
FR;2;2021-08-19;37434;46577;224;0;0;4827416;3520991;13814;31;2
FR;2;2021-08-20;40567;55645;271;1;0;4867983;3576636;14085;32;2
FR;2;2021-08-21;18120;24307;116;0;0;4886103;3600943;14201;32;2
FR;2;2021-08-22;2907;4327;22;1;1;4889010;3605270;14223;33;3
FR;2;2021-08-23;19248;35153;131;1;0;4908258;3640423;14354;34;3
FR;2;2021-08-24;31949;56051;236;0;0;4940207;3696474;14590;34;3
FR;2;2021-08-25;25934;43451;250;0;0;4966141;3739925;14840;34;3
FR;2;2021-08-26;32361;55816;388;0;0;4998502;3795741;15228;34;3
FR;2;2021-08-27;37003;65671;477;2;0;5035505;3861412;15705;36;3
FR;2;2021-08-28;17819;28531;300;0;0;5053324;3889943;16005;36;3
FR;2;2021-08-29;2656;5016;47;0;0;5055980;3894959;16052;36;3
FR;2;2021-08-30;18416;37735;400;0;759;5074396;3932694;16452;36;762
FR;2;2021-08-31;28076;57500;887;4;1550;5102472;3990194;17339;40;2312
FR;2;2021-09-01;21592;39867;1309;0;2118;5124064;4030061;18648;40;4430
FR;2;2021-09-02;25485;48663;1962;2;3351;5149549;4078724;20610;42;7781
FR;2;2021-09-03;33411;64542;2988;3;4870;5182960;4143266;23598;45;12651
FR;2;2021-09-04;16832;27752;1442;1;2380;5199792;4171018;25040;46;15031
FR;2;2021-09-05;2262;3603;266;0;412;5202054;4174621;25306;46;15443
FR;2;2021-09-06;14043;28711;1770;1;2943;5216097;4203332;27076;47;18386
FR;2;2021-09-07;21107;41096;3021;13;4916;5237204;4244428;30097;60;23302
FR;2;2021-09-08;17248;31924;2736;6;4499;5254452;4276352;32833;66;27801
FR;2;2021-09-09;20980;40477;4436;3;6814;5275432;4316829;37269;69;34615
FR;2;2021-09-10;28201;51268;5285;4;8926;5303633;4368097;42554;73;43541
FR;2;2021-09-11;13654;22436;2404;5;3975;5317287;4390533;44958;78;47516
FR;2;2021-09-12;1824;2775;291;0;509;5319111;4393308;45249;78;48025
FR;2;2021-09-13;11659;21442;2473;4;4035;5330770;4414750;47722;82;52060
FR;2;2021-09-14;18574;32745;5089;13;9055;5349344;4447495;52811;95;61115
FR;2;2021-09-15;14914;28256;5169;3;7762;5364258;4475751;57980;98;68877
FR;2;2021-09-16;16079;32784;6737;12;10534;5380337;4508535;64717;110;79411
FR;2;2021-09-17;20915;47143;8780;10;14611;5401252;4555678;73497;120;94022
FR;2;2021-09-18;9857;20963;3803;6;6034;5411109;4576641;77300;126;100056
FR;2;2021-09-19;1166;2602;396;0;633;5412275;4579243;77696;126;100689
FR;2;2021-09-20;7498;18721;3855;7;6142;5419773;4597964;81551;133;106831
FR;2;2021-09-21;11214;29998;6495;5;10743;5430987;4627962;88046;138;117574
FR;2;2021-09-22;9409;23535;5490;6;8515;5440396;4651497;93536;144;126089
FR;2;2021-09-23;10729;28899;7881;10;12650;5451125;4680396;101417;154;138739
FR;2;2021-09-24;15072;42933;10876;18;17240;5466197;4723329;112293;172;155979
FR;2;2021-09-25;7258;18784;3965;9;6111;5473455;4742113;116258;181;162090
FR;2;2021-09-26;1079;2549;495;0;629;5474534;4744662;116753;181;162719
FR;2;2021-09-27;6313;16415;4285;8;6535;5480847;4761077;121038;189;169254
FR;2;2021-09-28;9241;25552;7769;14;12075;5490088;4786629;128807;203;181329
FR;2;2021-09-29;8081;20207;6067;25;9262;5498169;4806836;134874;228;190591
FR;2;2021-09-30;9864;25834;9507;16;14104;5508033;4832670;144381;244;204695
FR;2;2021-10-01;13976;35719;12918;25;19309;5522009;4868389;157299;269;224004
FR;2;2021-10-02;6874;15923;4849;7;7036;5528883;4884312;162148;276;231040
FR;2;2021-10-03;841;1916;492;1;503;5529724;4886228;162640;277;231543
FR;2;2021-10-04;5825;13899;5515;5;7852;5535549;4900127;168155;282;239395
FR;2;2021-10-05;9058;22550;11122;19;15733;5544607;4922677;179277;301;255128
FR;2;2021-10-06;7783;17744;8242;11;11080;5552390;4940421;187519;312;266208
FR;2;2021-10-07;9203;22202;12383;14;16863;5561593;4962623;199902;326;283071
FR;2;2021-10-08;13431;32108;17350;27;23586;5575024;4994731;217252;353;306657
FR;2;2021-10-09;6000;12844;6043;6;7894;5581024;5007575;223295;359;314551
FR;2;2021-10-10;885;1600;436;2;609;5581909;5009175;223731;361;315160
FR;2;2021-10-11;5607;11559;6455;17;8830;5587516;5020734;230186;378;323990
FR;2;2021-10-12;8031;17794;12548;13;16779;5595547;5038528;242734;391;340769
FR;2;2021-10-13;6944;14857;10255;12;13640;5602491;5053385;252989;403;354409
FR;2;2021-10-14;8314;17928;14996;13;19460;5610805;5071313;267985;416;373869
FR;2;2021-10-15;11854;26308;20903;26;27977;5622659;5097621;288888;442;401846
FR;2;2021-10-16;5139;8737;1819;0;3218;5627798;5106358;290707;442;405064
FR;2;2021-10-17;651;1159;184;0;363;5628449;5107517;290891;442;405427
FR;2;2021-10-18;4562;7358;664;2;1641;5633011;5114875;291555;444;407068
FR;2;2021-10-19;6238;9860;732;5;2037;5639249;5124735;292287;449;409105
FR;2;2021-10-20;5170;8064;758;3;1680;5644419;5132799;293045;452;410785
FR;2;2021-10-21;6090;9971;780;5;2103;5650509;5142770;293825;457;412888
FR;2;2021-10-22;8450;14596;1148;4;2886;5658959;5157366;294973;461;415774
FR;2;2021-10-23;3845;5995;587;0;1234;5662804;5163361;295560;461;417008
FR;2;2021-10-24;494;887;101;0;206;5663298;5164248;295661;461;417214
FR;2;2021-10-25;3358;5348;307;1;826;5666656;5169596;295968;462;418040
FR;2;2021-10-26;4176;7249;1132;4;2023;5670832;5176845;297100;466;420063
FR;2;2021-10-27;3676;6598;1193;5;1993;5674508;5183443;298293;471;422056
FR;2;2021-10-28;4598;7696;1734;3;2748;5679106;5191139;300027;474;424804
FR;2;2021-10-29;5413;11088;2437;4;3681;5684519;5202227;302464;478;428485
FR;2;2021-10-30;2749;4445;976;1;1436;5687268;5206672;303440;479;429921
FR;2;2021-10-31;364;533;139;1;190;5687632;5207205;303579;480;430111
FR;2;2021-11-01;428;549;179;0;265;5688060;5207754;303758;480;430376
FR;2;2021-11-02;3293;6762;1183;0;1763;5691353;5214516;304941;480;432139
FR;2;2021-11-03;3340;6237;1388;2;1969;5694693;5220753;306329;482;434108
FR;2;2021-11-04;3986;7079;1768;4;2497;5698679;5227832;308097;486;436605
FR;2;2021-11-05;5233;10500;2867;5;3954;5703912;5238332;310964;491;440559
FR;2;2021-11-06;2596;4680;1403;0;1817;5706508;5243012;312367;491;442376
FR;2;2021-11-07;506;865;220;0;289;5707014;5243877;312587;491;442665
FR;2;2021-11-08;2578;5353;1203;3;1676;5709592;5249230;313790;494;444341
FR;2;2021-11-09;2749;6916;2402;5;3181;5712341;5256146;316192;499;447522
FR;2;2021-11-10;2589;5678;5112;6;6286;5714930;5261824;321304;505;453808
FR;2;2021-11-11;444;754;746;2;930;5715374;5262578;322050;507;454738
FR;2;2021-11-12;2953;8091;8973;8;10912;5718327;5270669;331023;515;465650
FR;2;2021-11-13;1539;3381;3870;7;4541;5719866;5274050;334893;522;470191
FR;2;2021-11-14;257;590;351;1;482;5720123;5274640;335244;523;470673
FR;2;2021-11-15;1622;3664;4446;8;5328;5721745;5278304;339690;531;476001
FR;2;2021-11-16;2184;5892;8309;14;10079;5723929;5284196;347999;545;486080
FR;2;2021-11-17;1741;4533;6630;8;7853;5725670;5288729;354629;553;493933
FR;2;2021-11-18;2192;5933;9183;10;11017;5727862;5294662;363812;563;504950
FR;2;2021-11-19;2700;7773;12974;19;15476;5730562;5302435;376786;582;520426
FR;2;2021-11-20;1566;3338;5180;5;6090;5732128;5305773;381966;587;526516
FR;2;2021-11-21;248;510;541;0;660;5732376;5306283;382507;587;527176
FR;2;2021-11-22;1278;2589;4481;5;5404;5733654;5308872;386988;592;532580
FR;2;2021-11-23;1617;4292;8200;9;9913;5735271;5313164;395188;601;542493
FR;2;2021-11-24;1419;3757;7477;14;8727;5736690;5316921;402665;615;551220
FR;2;2021-11-25;1813;4878;11472;21;13667;5738503;5321799;414137;636;564887
FR;2;2021-11-26;2541;7750;22670;31;26079;5741044;5329549;436807;667;590966
FR;2;2021-11-27;1497;4156;12271;18;14030;5742541;5333705;449078;685;604996
FR;2;2021-11-28;292;840;1972;3;2296;5742833;5334545;451050;688;607292
FR;2;2021-11-29;1447;4360;15090;23;17257;5744280;5338905;466140;711;624549
FR;2;2021-11-30;1912;6674;26243;36;29995;5746192;5345579;492383;747;654544
FR;2;2021-12-01;1915;6050;26202;31;29520;5748107;5351629;518585;778;684064
FR;2;2021-12-02;1914;6795;37717;52;41964;5750021;5358424;556302;830;726028
FR;2;2021-12-03;2556;10093;53623;111;59369;5752577;5368517;609925;941;785397
FR;2;2021-12-04;1848;6296;37118;38;40812;5754425;5374813;647043;979;826209
FR;2;2021-12-05;458;2250;14262;14;15990;5754883;5377063;661305;993;842199
FR;2;2021-12-06;2486;9877;77714;109;84769;5757369;5386940;739019;1102;926968
FR;2;2021-12-07;3454;15317;122453;238;133775;5760823;5402257;861472;1340;1060743
FR;2;2021-12-08;3725;16008;133203;330;145392;5764548;5418265;994675;1670;1206135
FR;2;2021-12-09;4547;19643;170215;555;185603;5769095;5437908;1164890;2225;1391738
FR;2;2021-12-10;4675;22845;188685;490;206174;5773770;5460753;1353575;2715;1597912
FR;2;2021-12-11;3686;16637;132448;239;144897;5777456;5477390;1486023;2954;1742809
FR;2;2021-12-12;1257;7125;59100;83;65150;5778713;5484515;1545123;3037;1807959
FR;2;2021-12-13;5528;26843;220701;605;242998;5784241;5511358;1765824;3642;2050957
FR;2;2021-12-14;7017;37466;300786;908;332232;5791258;5548824;2066610;4550;2383189
FR;2;2021-12-15;6555;36240;285236;957;315863;5797813;5585064;2351846;5507;2699052
FR;2;2021-12-16;7763;37935;312147;979;343766;5805576;5622999;2663993;6486;3042818
FR;2;2021-12-17;8681;41211;327890;976;360962;5814257;5664210;2991883;7462;3403780
FR;2;2021-12-18;6515;26557;212349;448;233661;5820772;5690767;3204232;7910;3637441
FR;2;2021-12-19;2602;11428;90214;182;100350;5823374;5702195;3294446;8092;3737791
FR;2;2021-12-20;9544;33560;275231;706;303384;5832918;5735755;3569677;8798;4041175
FR;2;2021-12-21;11563;38325;309635;968;341438;5844481;5774080;3879312;9766;4382613
FR;2;2021-12-22;10459;32802;265117;952;292474;5854940;5806882;4144429;10718;4675087
FR;2;2021-12-23;9426;26680;199511;701;221300;5864366;5833562;4343940;11419;4896387
FR;2;2021-12-24;2783;7480;43860;140;49561;5867149;5841042;4387800;11559;4945948
FR;2;2021-12-25;201;681;2002;10;2484;5867350;5841723;4389802;11569;4948432
FR;2;2021-12-26;1320;4210;25156;71;28681;5868670;5845933;4414958;11640;4977113
FR;2;2021-12-27;8077;29919;218416;659;243341;5876747;5875852;4633374;12299;5220454
FR;2;2021-12-28;9837;36324;272099;742;302005;5886584;5912176;4905473;13041;5522459
FR;2;2021-12-29;9497;32252;246136;765;272692;5896081;5944428;5151609;13806;5795151
FR;2;2021-12-30;9461;28097;208832;663;231455;5905542;5972525;5360441;14469;6026606
FR;2;2021-12-31;3010;8349;54990;176;61235;5908552;5980874;5415431;14645;6087841
FR;2;2022-01-01;230;692;2856;7;3354;5908782;5981566;5418287;14652;6091195
FR;2;2022-01-02;1505;4854;29514;75;33403;5910287;5986420;5447801;14727;6124598
FR;2;2022-01-03;9597;35407;266534;806;293912;5919884;6021827;5714335;15533;6418510
FR;2;2022-01-04;12853;45414;342090;1068;377020;5932737;6067241;6056425;16601;6795530
FR;2;2022-01-05;11273;38646;294193;884;323835;5944010;6105887;6350618;17485;7119365
FR;2;2022-01-06;13654;43503;331950;1298;364747;5957664;6149390;6682568;18783;7484112
FR;2;2022-01-07;14225;47641;361102;1270;396457;5971889;6197031;7043670;20053;7880569
FR;2;2022-01-08;7947;28145;201262;515;221703;5979836;6225176;7244932;20568;8102272
FR;2;2022-01-09;2749;8970;62524;137;69503;5982585;6234146;7307456;20705;8171775
FR;2;2022-01-10;10098;31915;232483;858;255054;5992683;6266061;7539939;21563;8426829
FR;2;2022-01-11;11469;36248;265926;1029;290624;6004152;6302309;7805865;22592;8717453
FR;2;2022-01-12;8765;29814;206326;863;226175;6012917;6332123;8012191;23455;8943628
FR;2;2022-01-13;9387;31342;224496;832;244842;6022304;6363465;8236687;24287;9188470
FR;2;2022-01-14;9741;35613;254544;920;277665;6032045;6399078;8491231;25207;9466135
FR;2;2022-01-15;5359;19454;140779;363;153640;6037404;6418532;8632010;25570;9619775
FR;2;2022-01-16;1512;5477;35887;81;39828;6038916;6424009;8667897;25651;9659603
FR;2;2022-01-17;5546;19274;135415;601;147255;6044462;6443283;8803312;26252;9806858
FR;2;2022-01-18;6423;21497;148632;647;160462;6050885;6464780;8951944;26899;9967320
FR;2;2022-01-19;4395;16322;105103;551;113699;6055280;6481102;9057047;27450;10081019
FR;2;2022-01-20;4873;17589;115296;603;123693;6060153;6498691;9172343;28053;10204712
FR;2;2022-01-21;5197;20058;137349;679;147771;6065350;6518749;9309692;28732;10352483
FR;2;2022-01-22;3030;10951;74263;260;80326;6068380;6529700;9383955;28992;10432809
FR;2;2022-01-23;724;2716;15242;41;16832;6069104;6532416;9399197;29033;10449641
FR;2;2022-01-24;3289;12813;75079;430;81032;6072393;6545229;9474276;29463;10530673
FR;2;2022-01-25;3574;14415;79629;496;85453;6075967;6559644;9553905;29959;10616126
FR;2;2022-01-26;2515;10704;58976;363;63029;6078482;6570348;9612881;30322;10679155
FR;2;2022-01-27;2682;11361;64177;388;67942;6081164;6581709;9677058;30710;10747097
FR;2;2022-01-28;3551;18284;91720;429;98907;6084715;6599993;9768778;31139;10846004
FR;2;2022-01-29;1893;9241;48852;164;52929;6086608;6609234;9817630;31303;10898933
FR;2;2022-01-30;464;2227;9455;38;10602;6087072;6611461;9827085;31341;10909535
FR;2;2022-01-31;1888;9564;43833;208;47330;6088960;6621025;9870918;31549;10956865
FR;2;2022-02-01;1916;10040;47030;279;50099;6090876;6631065;9917948;31828;11006964
FR;2;2022-02-02;1614;8997;41118;250;44158;6092490;6640062;9959066;32078;11051122
FR;2;2022-02-03;1725;8946;40526;205;42923;6094215;6649008;9999592;32283;11094045
FR;2;2022-02-04;2151;15190;66646;299;71335;6096366;6664198;10066238;32582;11165380
FR;2;2022-02-05;1360;8526;35945;132;39228;6097726;6672724;10102183;32714;11204608
FR;2;2022-02-06;275;1762;6127;16;6898;6098001;6674486;10108310;32730;11211506
FR;2;2022-02-07;1351;9560;37756;134;41294;6099352;6684046;10146066;32864;11252800
FR;2;2022-02-08;1299;9832;40953;173;43747;6100651;6693878;10187019;33037;11296547
FR;2;2022-02-09;1160;8839;37039;174;40464;6101811;6702717;10224058;33211;11337011
FR;2;2022-02-10;1029;7996;33837;204;36509;6102840;6710713;10257895;33415;11373520
FR;2;2022-02-11;1391;12085;53345;223;57698;6104231;6722798;10311240;33638;11431218
FR;2;2022-02-12;754;6533;27985;86;30804;6104985;6729331;10339225;33724;11462022
FR;2;2022-02-13;200;1340;4836;20;5577;6105185;6730671;10344061;33744;11467599
FR;2;2022-02-14;835;6731;30272;91;33231;6106020;6737402;10374333;33835;11500830
FR;2;2022-02-15;774;6472;28049;141;29992;6106794;6743874;10402382;33976;11530822
FR;2;2022-02-16;657;5361;22064;123;23629;6107451;6749235;10424446;34099;11554451
FR;2;2022-02-17;518;3783;14152;98;14617;6107969;6753018;10438598;34197;11569068
FR;2;2022-02-18;723;5368;20442;134;21129;6108692;6758386;10459040;34331;11590197
FR;2;2022-02-19;430;3056;10531;66;11245;6109122;6761442;10469571;34397;11601442
FR;2;2022-02-20;102;518;1460;3;1608;6109224;6761960;10471031;34400;11603050
FR;2;2022-02-21;422;2685;9122;65;9499;6109646;6764645;10480153;34465;11612549
FR;2;2022-02-22;392;2567;8892;76;8796;6110038;6767212;10489045;34541;11621345
FR;2;2022-02-23;432;2604;8991;82;9267;6110470;6769816;10498036;34623;11630612
FR;2;2022-02-24;314;2036;6802;82;6830;6110784;6771852;10504838;34705;11637442
FR;2;2022-02-25;457;3207;11418;107;11282;6111241;6775059;10516256;34812;11648724
FR;2;2022-02-26;297;1892;6036;49;6343;6111538;6776951;10522292;34861;11655067
FR;2;2022-02-27;76;313;907;5;950;6111614;6777264;10523199;34866;11656017
FR;2;2022-02-28;330;1688;5524;53;5531;6111944;6778952;10528723;34919;11661548
FR;2;2022-03-01;277;1569;5479;46;5197;6112221;6780521;10534202;34965;11666745
FR;2;2022-03-02;298;1445;5246;45;5090;6112519;6781966;10539448;35010;11671835
FR;2;2022-03-03;225;1111;3708;42;3485;6112744;6783077;10543156;35052;11675320
FR;2;2022-03-04;243;1468;4857;74;4505;6112987;6784545;10548013;35126;11679825
FR;2;2022-03-05;174;906;2979;34;2723;6113161;6785451;10550992;35160;11682548
FR;2;2022-03-06;42;183;280;5;320;6113203;6785634;10551272;35165;11682868
FR;2;2022-03-07;156;659;1987;70;1777;6113359;6786293;10553259;35235;11684645
FR;2;2022-03-08;144;668;2273;52;1906;6113503;6786961;10555532;35287;11686551
FR;2;2022-03-09;154;708;2348;37;2050;6113657;6787669;10557880;35324;11688601
FR;2;2022-03-10;123;603;1694;35;1469;6113780;6788272;10559574;35359;11690070
FR;2;2022-03-11;172;756;2769;57;2368;6113952;6789028;10562343;35416;11692438
FR;2;2022-03-12;149;484;1786;27;1555;6114101;6789512;10564129;35443;11693993
FR;2;2022-03-13;25;75;203;30;204;6114126;6789587;10564332;35473;11694197
FR;2;2022-03-14;128;470;1567;529;1297;6114254;6790057;10565899;36002;11695494
FR;2;2022-03-15;138;439;1713;690;1333;6114392;6790496;10567612;36692;11696827
FR;2;2022-03-16;142;476;2013;1615;1593;6114534;6790972;10569625;38307;11698420
FR;2;2022-03-17;94;413;1408;1193;1144;6114628;6791385;10571033;39500;11699564
FR;2;2022-03-18;147;496;2023;1794;1666;6114775;6791881;10573056;41294;11701230
FR;2;2022-03-19;108;321;1210;941;1015;6114883;6792202;10574266;42235;11702245
FR;2;2022-03-20;13;77;191;59;168;6114896;6792279;10574457;42294;11702413
FR;2;2022-03-21;97;307;1214;1483;1077;6114993;6792586;10575671;43777;11703490
FR;2;2022-03-22;118;390;1530;1830;1291;6115111;6792976;10577201;45607;11704781
FR;2;2022-03-23;139;361;1674;3032;1470;6115250;6793337;10578875;48639;11706251
FR;2;2022-03-24;117;293;1183;1547;1001;6115367;6793630;10580058;50186;11707252
FR;2;2022-03-25;119;361;1805;2450;1475;6115486;6793991;10581863;52636;11708727
FR;2;2022-03-26;79;247;1204;1222;952;6115565;6794238;10583067;53858;11709679
FR;2;2022-03-27;19;36;153;100;132;6115584;6794274;10583220;53958;11709811
FR;2;2022-03-28;94;288;1138;1602;995;6115678;6794562;10584358;55560;11710806
FR;2;2022-03-29;108;258;1325;2467;1105;6115786;6794820;10585683;58027;11711911
FR;2;2022-03-30;91;312;1488;3184;1320;6115877;6795132;10587171;61211;11713231
FR;2;2022-03-31;104;284;1275;2332;1090;6115981;6795416;10588446;63543;11714321
FR;2;2022-04-01;123;323;1567;2349;1322;6116104;6795739;10590013;65892;11715643
FR;2;2022-04-02;81;161;845;891;737;6116185;6795900;10590858;66783;11716380
FR;2;2022-04-03;16;53;128;113;142;6116201;6795953;10590986;66896;11716522
FR;2;2022-04-04;113;238;988;1440;797;6116314;6796191;10591974;68336;11717319
FR;2;2022-04-05;143;298;1316;2910;1143;6116457;6796489;10593290;71246;11718462
FR;2;2022-04-06;89;259;1306;2522;1130;6116546;6796748;10594596;73768;11719592
FR;2;2022-04-07;120;228;1301;2682;1041;6116666;6796976;10595897;76450;11720633
FR;2;2022-04-08;125;337;1633;3341;1326;6116791;6797313;10597530;79791;11721959
FR;2;2022-04-09;90;219;899;1046;731;6116881;6797532;10598429;80837;11722690
FR;2;2022-04-10;37;48;143;162;119;6116918;6797580;10598572;80999;11722809
FR;2;2022-04-11;88;195;889;1559;779;6117006;6797775;10599461;82558;11723588
FR;2;2022-04-12;176;271;1182;2768;1061;6117182;6798046;10600643;85326;11724649
FR;2;2022-04-13;147;230;1125;2469;987;6117329;6798276;10601768;87795;11725636
FR;2;2022-04-14;115;225;1085;2677;919;6117444;6798501;10602853;90472;11726555
FR;2;2022-04-15;114;254;1214;2292;1070;6117558;6798755;10604067;92764;11727625
FR;2;2022-04-16;67;108;548;549;459;6117625;6798863;10604615;93313;11728084
FR;2;2022-04-17;15;27;57;53;53;6117640;6798890;10604672;93366;11728137
FR;2;2022-04-18;12;35;120;70;115;6117652;6798925;10604792;93436;11728252
FR;2;2022-04-19;112;237;1120;1731;951;6117764;6799162;10605912;95167;11729203
FR;2;2022-04-20;95;241;1108;2172;932;6117859;6799403;10607020;97339;11730135
FR;2;2022-04-21;111;233;982;1912;837;6117970;6799636;10608002;99251;11730972
FR;2;2022-04-22;99;276;1242;2091;1023;6118069;6799912;10609244;101342;11731995
FR;2;2022-04-23;67;156;644;762;573;6118136;6800068;10609888;102104;11732568
FR;2;2022-04-24;12;29;101;68;79;6118148;6800097;10609989;102172;11732647
FR;2;2022-04-25;103;204;821;1314;711;6118251;6800301;10610810;103486;11733358
FR;2;2022-04-26;108;184;1041;2017;878;6118359;6800485;10611851;105503;11734236
FR;2;2022-04-27;98;179;860;1783;764;6118457;6800664;10612711;107286;11735000
FR;2;2022-04-28;93;214;950;1929;843;6118550;6800878;10613661;109215;11735843
FR;2;2022-04-29;81;280;1130;1696;1040;6118631;6801158;10614791;110911;11736883
FR;2;2022-04-30;65;126;470;539;429;6118696;6801284;10615261;111450;11737312
FR;2;2022-05-01;23;24;84;48;85;6118719;6801308;10615345;111498;11737397
FR;2;2022-05-02;116;232;762;1216;660;6118835;6801540;10616107;112714;11738057
FR;2;2022-05-03;148;233;999;1778;938;6118983;6801773;10617106;114492;11738995
FR;2;2022-05-04;90;226;923;1809;866;6119073;6801999;10618029;116301;11739861
FR;2;2022-05-05;127;197;853;1718;770;6119200;6802196;10618882;118019;11740631
FR;2;2022-05-06;133;246;1100;1855;1016;6119333;6802442;10619982;119874;11741647
FR;2;2022-05-07;40;99;470;504;406;6119373;6802541;10620452;120378;11742053
FR;2;2022-05-08;48;54;107;70;102;6119421;6802595;10620559;120448;11742155
FR;2;2022-05-09;101;174;654;984;604;6119522;6802769;10621213;121432;11742759
FR;2;2022-05-10;121;250;938;1840;893;6119643;6803019;10622151;123272;11743652
FR;2;2022-05-11;101;176;811;1873;791;6119744;6803195;10622962;125145;11744443
FR;2;2022-05-12;111;173;845;2095;803;6119855;6803368;10623807;127240;11745246
FR;2;2022-05-13;100;233;969;2096;899;6119955;6803601;10624776;129336;11746145
FR;2;2022-05-14;76;124;451;554;411;6120031;6803725;10625227;129890;11746556
FR;2;2022-05-15;24;39;94;87;108;6120055;6803764;10625321;129977;11746664
FR;2;2022-05-16;102;170;600;924;536;6120157;6803934;10625921;130901;11747200
FR;2;2022-05-17;95;184;689;1685;657;6120252;6804118;10626610;132586;11747857
FR;2;2022-05-18;80;181;641;1431;646;6120332;6804299;10627251;134017;11748503
FR;2;2022-05-19;70;160;708;1831;750;6120402;6804459;10627959;135848;11749253
FR;2;2022-05-20;107;180;874;1700;779;6120509;6804639;10628833;137548;11750032
FR;2;2022-05-21;48;96;397;517;338;6120557;6804735;10629230;138065;11750370
FR;2;2022-05-22;8;23;69;37;57;6120565;6804758;10629299;138102;11750427
FR;2;2022-05-23;86;133;498;931;469;6120651;6804891;10629797;139033;11750896
FR;2;2022-05-24;87;163;627;1621;615;6120738;6805054;10630424;140654;11751511
FR;2;2022-05-25;72;145;539;1148;493;6120810;6805199;10630963;141802;11752004
FR;2;2022-05-26;11;31;77;42;85;6120821;6805230;10631040;141844;11752089
FR;2;2022-05-27;44;123;456;818;438;6120865;6805353;10631496;142662;11752527
FR;2;2022-05-28;28;60;221;244;221;6120893;6805413;10631717;142906;11752748
FR;2;2022-05-29;13;34;43;25;51;6120906;6805447;10631760;142931;11752799
FR;2;2022-05-30;65;108;424;755;409;6120971;6805555;10632184;143686;11753208
FR;2;2022-05-31;76;135;564;1276;511;6121047;6805690;10632748;144962;11753719
FR;2;2022-06-01;59;157;562;1074;541;6121106;6805847;10633310;146036;11754260
FR;2;2022-06-02;92;175;625;1412;591;6121198;6806022;10633935;147448;11754851
FR;2;2022-06-03;71;155;667;1604;593;6121269;6806177;10634602;149052;11755444
FR;2;2022-06-04;69;93;283;433;269;6121338;6806270;10634885;149485;11755713
FR;2;2022-06-05;12;17;63;57;47;6121350;6806287;10634948;149542;11755760
FR;2;2022-06-06;11;34;92;75;92;6121361;6806321;10635040;149617;11755852
FR;2;2022-06-07;99;221;667;1533;577;6121460;6806542;10635707;151150;11756429
FR;2;2022-06-08;70;118;475;1166;411;6121530;6806660;10636182;152316;11756840
FR;2;2022-06-09;93;166;613;1921;571;6121623;6806826;10636795;154237;11757411
FR;2;2022-06-10;91;167;650;1683;621;6121714;6806993;10637445;155920;11758032
FR;2;2022-06-11;43;84;286;528;258;6121757;6807077;10637731;156448;11758290
FR;2;2022-06-12;18;38;58;78;60;6121775;6807115;10637789;156526;11758350
FR;2;2022-06-13;39;119;393;952;378;6121814;6807234;10638182;157478;11758728
FR;2;2022-06-14;68;157;599;2087;537;6121882;6807391;10638781;159565;11759265
FR;2;2022-06-15;78;104;520;1502;444;6121960;6807495;10639301;161067;11759709
FR;2;2022-06-16;127;127;495;1411;422;6122087;6807622;10639796;162478;11760131
FR;2;2022-06-17;73;136;587;1817;515;6122160;6807758;10640383;164295;11760646
FR;2;2022-06-18;75;92;224;578;196;6122235;6807850;10640607;164873;11760842
FR;2;2022-06-19;11;17;53;71;41;6122246;6807867;10640660;164944;11760883
FR;2;2022-06-20;62;125;401;1027;392;6122308;6807992;10641061;165971;11761275
FR;2;2022-06-21;107;115;524;2123;453;6122415;6808107;10641585;168094;11761728
FR;2;2022-06-22;39;109;462;1889;415;6122454;6808216;10642047;169983;11762143
FR;2;2022-06-23;58;108;537;2281;452;6122512;6808324;10642584;172264;11762595
FR;2;2022-06-24;66;122;709;3199;571;6122578;6808446;10643293;175463;11763166
FR;2;2022-06-25;30;90;296;987;253;6122608;6808536;10643589;176450;11763419
FR;2;2022-06-26;30;27;131;194;97;6122638;6808563;10643720;176644;11763516
FR;2;2022-06-27;79;137;581;2488;482;6122717;6808700;10644301;179132;11763998
FR;2;2022-06-28;110;140;812;4816;650;6122827;6808840;10645113;183948;11764648
FR;2;2022-06-29;73;150;776;4432;637;6122900;6808990;10645889;188380;11765285
FR;2;2022-06-30;72;133;832;5177;618;6122972;6809123;10646721;193557;11765903
FR;2;2022-07-01;112;158;1149;6691;848;6123084;6809281;10647870;200248;11766751
FR;2;2022-07-02;68;132;474;1976;392;6123152;6809413;10648344;202224;11767143
FR;2;2022-07-03;23;30;146;334;130;6123175;6809443;10648490;202558;11767273
FR;2;2022-07-04;120;180;775;3774;611;6123295;6809623;10649265;206332;11767884
FR;2;2022-07-05;118;186;1121;6817;828;6123413;6809809;10650386;213149;11768712
FR;2;2022-07-06;92;149;950;5807;696;6123505;6809958;10651336;218956;11769408
FR;2;2022-07-07;81;185;1020;6498;750;6123586;6810143;10652356;225454;11770158
FR;2;2022-07-08;65;122;1095;7044;758;6123651;6810265;10653451;232498;11770916
FR;2;2022-07-09;34;61;418;1869;299;6123685;6810326;10653869;234367;11771215
FR;2;2022-07-10;6;17;96;315;82;6123691;6810343;10653965;234682;11771297
FR;2;2022-07-11;68;120;683;3825;540;6123759;6810463;10654648;238507;11771837
FR;2;2022-07-12;102;178;1054;6517;809;6123861;6810641;10655702;245024;11772646
FR;2;2022-07-13;64;126;878;4664;590;6123925;6810767;10656580;249688;11773236
FR;2;2022-07-14;6;13;88;248;59;6123931;6810780;10656668;249936;11773295
FR;2;2022-07-15;61;129;739;3791;560;6123992;6810909;10657407;253727;11773855
FR;2;2022-07-16;27;54;289;1029;242;6124019;6810963;10657696;254756;11774097
FR;2;2022-07-17;5;12;77;201;66;6124024;6810975;10657773;254957;11774163
FR;2;2022-07-18;57;103;514;2509;384;6124081;6811078;10658287;257466;11774547
FR;2;2022-07-19;66;133;769;4247;555;6124147;6811211;10659056;261713;11775102
FR;2;2022-07-20;59;118;580;3179;430;6124206;6811329;10659636;264892;11775532
FR;2;2022-07-21;60;110;671;3678;485;6124266;6811439;10660307;268570;11776017
FR;2;2022-07-22;51;99;698;3548;506;6124317;6811538;10661005;272118;11776523
FR;2;2022-07-23;39;97;290;1173;229;6124356;6811635;10661295;273291;11776752
FR;2;2022-07-24;14;23;68;201;67;6124370;6811658;10661363;273492;11776819
FR;2;2022-07-25;50;71;405;1936;300;6124420;6811729;10661768;275428;11777119
FR;2;2022-07-26;57;133;606;3423;477;6124477;6811862;10662374;278851;11777596
FR;2;2022-07-27;42;81;457;2782;361;6124519;6811943;10662831;281633;11777957
FR;2;2022-07-28;29;75;449;2476;356;6124548;6812018;10663280;284109;11778313
FR;2;2022-07-29;68;87;535;2857;347;6124616;6812105;10663815;286966;11778660
FR;2;2022-07-30;22;38;162;774;110;6124638;6812143;10663977;287740;11778770
FR;2;2022-07-31;6;13;27;104;21;6124644;6812156;10664004;287844;11778791
FR;2;2022-08-01;38;105;323;1261;260;6124682;6812261;10664327;289105;11779051
FR;2;2022-08-02;49;74;325;2060;247;6124731;6812335;10664652;291165;11779298
FR;2;2022-08-03;29;53;259;1610;187;6124760;6812388;10664911;292775;11779485
FR;2;2022-08-04;40;64;306;1686;240;6124800;6812452;10665217;294461;11779725
FR;2;2022-08-05;33;94;327;1879;235;6124833;6812546;10665544;296340;11779960
FR;2;2022-08-06;22;40;106;365;82;6124855;6812586;10665650;296705;11780042
FR;2;2022-08-07;7;8;14;69;16;6124862;6812594;10665664;296774;11780058
FR;2;2022-08-08;19;35;218;876;146;6124881;6812629;10665882;297650;11780204
FR;2;2022-08-09;29;51;279;1475;238;6124910;6812680;10666161;299125;11780442
FR;2;2022-08-10;15;21;213;1130;150;6124925;6812701;10666374;300255;11780592
FR;2;2022-08-11;21;41;174;1037;117;6124946;6812742;10666548;301292;11780709
FR;2;2022-08-12;36;49;184;1044;140;6124982;6812791;10666732;302336;11780849
FR;2;2022-08-13;9;19;47;149;53;6124991;6812810;10666779;302485;11780902
FR;2;2022-08-14;1;2;12;52;11;6124992;6812812;10666791;302537;11780913
FR;2;2022-08-15;0;5;32;22;21;6124992;6812817;10666823;302559;11780934
FR;2;2022-08-16;27;32;144;681;120;6125019;6812849;10666967;303240;11781054
FR;2;2022-08-17;17;26;109;738;88;6125036;6812875;10667076;303978;11781142
FR;2;2022-08-18;14;28;159;835;106;6125050;6812903;10667235;304813;11781248
FR;2;2022-08-19;8;38;117;705;86;6125058;6812941;10667352;305518;11781334
FR;2;2022-08-20;6;26;61;196;52;6125064;6812967;10667413;305714;11781386
FR;2;2022-08-21;4;14;15;19;13;6125068;6812981;10667428;305733;11781399
FR;2;2022-08-22;10;24;116;395;73;6125078;6813005;10667544;306128;11781472
FR;2;2022-08-23;11;41;134;671;112;6125089;6813046;10667678;306799;11781584
FR;2;2022-08-24;11;28;87;466;80;6125100;6813074;10667765;307265;11781664
FR;2;2022-08-25;8;32;109;481;69;6125108;6813106;10667874;307746;11781733
FR;2;2022-08-26;15;46;117;720;91;6125123;6813152;10667991;308466;11781824
FR;2;2022-08-27;10;19;47;156;42;6125133;6813171;10668038;308622;11781866
FR;2;2022-08-28;1;5;5;15;7;6125134;6813176;10668043;308637;11781873
FR;2;2022-08-29;24;43;93;400;87;6125158;6813219;10668136;309037;11781960
FR;2;2022-08-30;31;54;154;791;119;6125189;6813273;10668290;309828;11782079
FR;2;2022-08-31;19;35;85;391;79;6125208;6813308;10668375;310219;11782158
FR;2;2022-09-01;19;42;139;600;122;6125227;6813350;10668514;310819;11782280
FR;2;2022-09-02;34;55;146;744;158;6125261;6813405;10668660;311563;11782438
FR;2;2022-09-03;17;20;83;204;67;6125278;6813425;10668743;311767;11782505
FR;2;2022-09-04;8;5;9;31;10;6125286;6813430;10668752;311798;11782515
FR;2;2022-09-05;28;28;124;367;95;6125314;6813458;10668876;312165;11782610
FR;2;2022-09-06;43;62;158;761;153;6125357;6813520;10669034;312926;11782763
FR;2;2022-09-07;21;20;74;375;49;6125378;6813540;10669108;313301;11782812
FR;2;2022-09-08;31;57;109;636;100;6125409;6813597;10669217;313937;11782912
FR;2;2022-09-09;17;24;126;751;74;6125426;6813621;10669343;314688;11782986
FR;2;2022-09-10;14;24;57;117;48;6125440;6813645;10669400;314805;11783034
FR;2;2022-09-11;11;5;10;11;12;6125451;6813650;10669410;314816;11783046
FR;2;2022-09-12;20;30;69;340;55;6125471;6813680;10669479;315156;11783101
FR;2;2022-09-13;15;34;125;670;99;6125486;6813714;10669604;315826;11783200
FR;2;2022-09-14;19;21;81;480;59;6125505;6813735;10669685;316306;11783259
FR;2;2022-09-15;22;43;125;486;101;6125527;6813778;10669810;316792;11783360
FR;2;2022-09-16;21;30;122;563;89;6125548;6813808;10669932;317355;11783449
FR;2;2022-09-17;6;20;56;160;52;6125554;6813828;10669988;317515;11783501
FR;2;2022-09-18;4;7;13;36;10;6125558;6813835;10670001;317551;11783511
FR;2;2022-09-19;26;24;114;353;87;6125584;6813859;10670115;317904;11783598
FR;2;2022-09-20;27;27;117;624;84;6125611;6813886;10670232;318528;11783682
FR;2;2022-09-21;15;30;100;393;78;6125626;6813916;10670332;318921;11783760
FR;2;2022-09-22;16;39;122;581;94;6125642;6813955;10670454;319502;11783854
FR;2;2022-09-23;21;38;135;555;111;6125663;6813993;10670589;320057;11783965
FR;2;2022-09-24;10;8;51;190;36;6125673;6814001;10670640;320247;11784001
FR;2;2022-09-25;9;11;14;29;11;6125682;6814012;10670654;320276;11784012
FR;2;2022-09-26;21;40;103;447;79;6125703;6814052;10670757;320723;11784091
FR;2;2022-09-27;29;46;159;906;108;6125732;6814098;10670916;321629;11784199
FR;2;2022-09-28;14;31;93;421;73;6125746;6814129;10671009;322050;11784272
FR;2;2022-09-29;26;47;114;618;110;6125772;6814176;10671123;322668;11784382
FR;2;2022-09-30;24;44;111;519;84;6125796;6814220;10671234;323187;11784466
FR;2;2022-10-01;10;20;51;128;36;6125806;6814240;10671285;323315;11784502
FR;2;2022-10-02;0;5;8;21;5;6125806;6814245;10671293;323336;11784507
FR;2;2022-10-03;22;28;83;291;66;6125828;6814273;10671376;323627;11784573
FR;2;2022-10-04;17;21;105;600;71;6125845;6814294;10671481;324227;11784644
FR;2;2022-10-05;20;29;75;491;67;6125865;6814323;10671556;324718;11784711
FR;2;2022-10-06;30;23;74;442;71;6125895;6814346;10671630;325160;11784782
FR;2;2022-10-07;21;29;86;499;65;6125916;6814375;10671716;325659;11784847
FR;2;2022-10-08;12;8;23;114;24;6125928;6814383;10671739;325773;11784871
FR;2;2022-10-09;1;8;15;17;11;6125929;6814391;10671754;325790;11784882
FR;2;2022-10-10;18;24;46;223;49;6125947;6814415;10671800;326013;11784931
FR;2;2022-10-11;15;14;47;253;38;6125962;6814429;10671847;326266;11784969
FR;2;2022-10-12;8;17;52;290;36;6125970;6814446;10671899;326556;11785005
FR;2;2022-10-13;11;13;47;270;46;6125981;6814459;10671946;326826;11785051
FR;2;2022-10-14;11;25;34;228;38;6125992;6814484;10671980;327054;11785089
FR;2;2022-10-15;4;10;22;111;17;6125996;6814494;10672002;327165;11785106
FR;2;2022-10-16;0;5;4;10;6;6125996;6814499;10672006;327175;11785112
FR;2;2022-10-17;15;17;30;120;25;6126011;6814516;10672036;327295;11785137
FR;2;2022-10-18;13;11;67;181;33;6126024;6814527;10672103;327476;11785170
FR;2;2022-10-19;9;17;34;181;29;6126033;6814544;10672137;327657;11785199
FR;2;2022-10-20;11;29;38;197;38;6126044;6814573;10672175;327854;11785237
FR;2;2022-10-21;5;15;54;223;48;6126049;6814588;10672229;328077;11785285
FR;2;2022-10-22;8;7;22;99;21;6126057;6814595;10672251;328176;11785306
FR;2;2022-10-23;0;3;1;5;0;6126057;6814598;10672252;328181;11785306
FR;2;2022-10-24;12;11;15;109;15;6126069;6814609;10672267;328290;11785321
FR;2;2022-10-25;12;7;23;138;15;6126081;6814616;10672290;328428;11785336
FR;2;2022-10-26;4;3;14;79;8;6126085;6814619;10672304;328507;11785344
FR;2;2022-10-27;7;9;17;86;20;6126092;6814628;10672321;328593;11785364
FR;2;2022-10-28;5;2;14;91;6;6126097;6814630;10672335;328684;11785370
FR;2;2022-10-29;7;8;17;32;14;6126104;6814638;10672352;328716;11785384
FR;2;2022-10-30;3;7;3;8;2;6126107;6814645;10672355;328724;11785386
FR;2;2022-10-31;2;7;6;49;10;6126109;6814652;10672361;328773;11785396
FR;2;2022-11-01;0;0;2;1;1;6126109;6814652;10672363;328774;11785397
FR;2;2022-11-02;5;4;4;43;5;6126114;6814656;10672367;328817;11785402
FR;2;2022-11-03;6;7;12;76;8;6126120;6814663;10672379;328893;11785410
FR;2;2022-11-04;7;12;12;84;13;6126127;6814675;10672391;328977;11785423
FR;2;2022-11-05;0;11;10;37;14;6126127;6814686;10672401;329014;11785437
FR;2;2022-11-06;0;1;2;1;3;6126127;6814687;10672403;329015;11785440
FR;2;2022-11-07;7;7;12;63;12;6126134;6814694;10672415;329078;11785452
FR;2;2022-11-08;8;6;16;45;12;6126142;6814700;10672431;329123;11785464
FR;3;2020-12-27;0;0;0;0;0;0;0;0;0;0
FR;3;2020-12-28;0;0;0;0;0;0;0;0;0;0
FR;3;2020-12-29;0;0;0;0;0;0;0;0;0;0
FR;3;2020-12-30;0;0;0;0;0;0;0;0;0;0
FR;3;2020-12-31;0;0;0;0;0;0;0;0;0;0
FR;3;2021-01-01;0;0;0;0;0;0;0;0;0;0
FR;3;2021-01-02;0;0;0;0;0;0;0;0;0;0
FR;3;2021-01-03;0;0;0;0;0;0;0;0;0;0
FR;3;2021-01-04;0;0;0;0;0;0;0;0;0;0
FR;3;2021-01-05;0;0;0;0;0;0;0;0;0;0
FR;3;2021-01-06;0;0;0;0;0;0;0;0;0;0
FR;3;2021-01-07;0;0;0;0;0;0;0;0;0;0
FR;3;2021-01-08;0;0;0;0;0;0;0;0;0;0
FR;3;2021-01-09;0;0;0;0;0;0;0;0;0;0
FR;3;2021-01-10;0;0;0;0;0;0;0;0;0;0
FR;3;2021-01-11;0;0;0;0;0;0;0;0;0;0
FR;3;2021-01-12;0;0;0;0;0;0;0;0;0;0
FR;3;2021-01-13;0;0;0;0;0;0;0;0;0;0
FR;3;2021-01-14;0;0;0;0;0;0;0;0;0;0
FR;3;2021-01-15;0;0;0;0;0;0;0;0;0;0
FR;3;2021-01-16;0;0;0;0;0;0;0;0;0;0
FR;3;2021-01-17;0;0;0;0;0;0;0;0;0;0
FR;3;2021-01-18;0;0;0;0;0;0;0;0;0;0
FR;3;2021-01-19;0;0;0;0;0;0;0;0;0;0
FR;3;2021-01-20;0;0;0;0;0;0;0;0;0;0
FR;3;2021-01-21;0;0;0;0;0;0;0;0;0;0
FR;3;2021-01-22;0;0;0;0;0;0;0;0;0;0
FR;3;2021-01-23;0;0;0;0;0;0;0;0;0;0
FR;3;2021-01-24;0;0;0;0;0;0;0;0;0;0
FR;3;2021-01-25;0;0;0;0;0;0;0;0;0;0
FR;3;2021-01-26;0;0;0;0;0;0;0;0;0;0
FR;3;2021-01-27;0;0;0;0;0;0;0;0;0;0
FR;3;2021-01-28;0;0;0;0;0;0;0;0;0;0
FR;3;2021-01-29;0;0;0;0;0;0;0;0;0;0
FR;3;2021-01-30;0;0;0;0;0;0;0;0;0;0
FR;3;2021-01-31;0;0;0;0;0;0;0;0;0;0
FR;3;2021-02-01;0;0;0;0;0;0;0;0;0;0
FR;3;2021-02-02;0;0;0;0;0;0;0;0;0;0
FR;3;2021-02-03;0;0;0;0;0;0;0;0;0;0
FR;3;2021-02-04;0;0;0;0;0;0;0;0;0;0
FR;3;2021-02-05;0;0;0;0;0;0;0;0;0;0
FR;3;2021-02-06;1537;0;0;0;0;1537;0;0;0;0
FR;3;2021-02-07;1423;1;0;0;0;2960;1;0;0;0
FR;3;2021-02-08;2788;1;0;0;0;5748;2;0;0;0
FR;3;2021-02-09;6784;0;0;0;0;12532;2;0;0;0
FR;3;2021-02-10;9610;0;0;0;0;22142;2;0;0;0
FR;3;2021-02-11;13618;3;0;0;0;35760;5;0;0;0
FR;3;2021-02-12;13408;0;0;0;0;49168;5;0;0;0
FR;3;2021-02-13;3799;1;0;0;0;52967;6;0;0;0
FR;3;2021-02-14;975;1;0;0;0;53942;7;0;0;0
FR;3;2021-02-15;10494;2;0;0;0;64436;9;0;0;0
FR;3;2021-02-16;12552;5;0;0;0;76988;14;0;0;0
FR;3;2021-02-17;11158;1;0;0;0;88146;15;0;0;0
FR;3;2021-02-18;14943;2;0;0;0;103089;17;0;0;0
FR;3;2021-02-19;14365;1;0;0;0;117454;18;0;0;0
FR;3;2021-02-20;3330;0;0;0;0;120784;18;0;0;0
FR;3;2021-02-21;619;0;0;0;0;121403;18;0;0;0
FR;3;2021-02-22;9170;1;0;0;0;130573;19;0;0;0
FR;3;2021-02-23;11400;3;0;0;0;141973;22;0;0;0
FR;3;2021-02-24;14305;1;0;0;0;156278;23;0;0;0
FR;3;2021-02-25;44933;3;0;0;0;201211;26;0;0;0
FR;3;2021-02-26;61890;9;0;0;0;263101;35;0;0;0
FR;3;2021-02-27;34807;11;0;0;0;297908;46;0;0;0
FR;3;2021-02-28;2463;0;0;0;0;300371;46;0;0;0
FR;3;2021-03-01;20520;19;0;0;0;320891;65;0;0;0
FR;3;2021-03-02;38874;22;0;0;0;359765;87;0;0;0
FR;3;2021-03-03;48747;19;0;0;0;408512;106;0;0;0
FR;3;2021-03-04;82222;25;0;0;0;490734;131;0;0;0
FR;3;2021-03-05;118131;41;0;0;0;608865;172;0;0;0
FR;3;2021-03-06;120721;64;1;0;0;729586;236;1;0;0
FR;3;2021-03-07;55183;24;0;0;0;784769;260;1;0;0
FR;3;2021-03-08;42813;26;0;0;0;827582;286;1;0;0
FR;3;2021-03-09;78976;50;0;0;0;906558;336;1;0;0
FR;3;2021-03-10;80981;60;0;0;0;987539;396;1;0;0
FR;3;2021-03-11;128446;60;0;0;0;1115985;456;1;0;0
FR;3;2021-03-12;182720;116;0;0;0;1298705;572;1;0;0
FR;3;2021-03-13;132161;81;0;0;0;1430866;653;1;0;0
FR;3;2021-03-14;14057;5;0;0;0;1444923;658;1;0;0
FR;3;2021-03-15;52235;73;0;0;0;1497158;731;1;0;0
FR;3;2021-03-16;1217;45;0;0;0;1498375;776;1;0;0
FR;3;2021-03-17;949;52;0;0;0;1499324;828;1;0;0
FR;3;2021-03-18;1573;35;0;0;0;1500897;863;1;0;0
FR;3;2021-03-19;70455;53;0;0;0;1571352;916;1;0;0
FR;3;2021-03-20;65238;47;0;0;0;1636590;963;1;0;0
FR;3;2021-03-21;5761;8;0;0;0;1642351;971;1;0;0
FR;3;2021-03-22;37508;45;0;0;0;1679859;1016;1;0;0
FR;3;2021-03-23;84665;83;0;0;0;1764524;1099;1;0;0
FR;3;2021-03-24;90953;94;0;0;0;1855477;1193;1;0;0
FR;3;2021-03-25;150065;137;0;0;0;2005542;1330;1;0;0
FR;3;2021-03-26;165427;158;0;0;0;2170969;1488;1;0;0
FR;3;2021-03-27;68462;101;0;0;0;2239431;1589;1;0;0
FR;3;2021-03-28;6479;20;0;0;0;2245910;1609;1;0;0
FR;3;2021-03-29;54168;77;0;0;0;2300078;1686;1;0;0
FR;3;2021-03-30;93180;104;0;0;0;2393258;1790;1;0;0
FR;3;2021-03-31;63541;109;0;0;0;2456799;1899;1;0;0
FR;3;2021-04-01;86133;113;0;0;0;2542932;2012;1;0;0
FR;3;2021-04-02;86912;181;0;0;0;2629844;2193;1;0;0
FR;3;2021-04-03;35875;129;0;0;0;2665719;2322;1;0;0
FR;3;2021-04-04;3576;19;0;0;0;2669295;2341;1;0;0
FR;3;2021-04-05;4491;38;0;0;0;2673786;2379;1;0;0
FR;3;2021-04-06;29758;99;0;0;0;2703544;2478;1;0;0
FR;3;2021-04-07;32347;98;0;0;0;2735891;2576;1;0;0
FR;3;2021-04-08;78824;259;0;0;0;2814715;2835;1;0;0
FR;3;2021-04-09;161754;436;0;0;0;2976469;3271;1;0;0
FR;3;2021-04-10;75761;360;0;0;0;3052230;3631;1;0;0
FR;3;2021-04-11;7313;46;0;0;0;3059543;3677;1;0;0
FR;3;2021-04-12;51482;215;0;0;0;3111025;3892;1;0;0
FR;3;2021-04-13;86234;347;0;0;0;3197259;4239;1;0;0
FR;3;2021-04-14;67845;367;0;0;0;3265104;4606;1;0;0
FR;3;2021-04-15;93238;393;0;0;0;3358342;4999;1;0;0
FR;3;2021-04-16;112525;605;0;0;0;3470867;5604;1;0;0
FR;3;2021-04-17;53318;349;1;0;0;3524185;5953;2;0;0
FR;3;2021-04-18;9749;44;0;0;0;3533934;5997;2;0;0
FR;3;2021-04-19;25113;270;0;0;0;3559047;6267;2;0;0
FR;3;2021-04-20;45673;429;0;0;0;3604720;6696;2;0;0
FR;3;2021-04-21;38985;517;0;0;0;3643705;7213;2;0;0
FR;3;2021-04-22;54716;843;0;0;0;3698421;8056;2;0;0
FR;3;2021-04-23;70490;1071;0;0;0;3768911;9127;2;0;0
FR;3;2021-04-24;37250;1071;0;0;0;3806161;10198;2;0;0
FR;3;2021-04-25;6212;156;0;0;0;3812373;10354;2;0;0
FR;3;2021-04-26;19787;685;0;0;0;3832160;11039;2;0;0
FR;3;2021-04-27;34484;1303;0;0;0;3866644;12342;2;0;0
FR;3;2021-04-28;28967;2001;0;0;0;3895611;14343;2;0;0
FR;3;2021-04-29;45387;6071;0;0;0;3940998;20414;2;0;0
FR;3;2021-04-30;55464;9044;1;0;0;3996462;29458;3;0;0
FR;3;2021-05-01;9516;2036;0;0;0;4005978;31494;3;0;0
FR;3;2021-05-02;3077;480;0;0;0;4009055;31974;3;0;0
FR;3;2021-05-03;13063;3904;0;0;0;4022118;35878;3;0;0
FR;3;2021-05-04;23115;8435;0;0;0;4045233;44313;3;0;0
FR;3;2021-05-05;18760;10766;0;0;0;4063993;55079;3;0;0
FR;3;2021-05-06;34629;21147;0;0;0;4098622;76226;3;0;0
FR;3;2021-05-07;44207;28758;0;0;0;4142829;104984;3;0;0
FR;3;2021-05-08;6785;9196;0;0;0;4149614;114180;3;0;0
FR;3;2021-05-09;1796;2652;0;0;0;4151410;116832;3;0;0
FR;3;2021-05-10;15000;12838;0;0;0;4166410;129670;3;0;0
FR;3;2021-05-11;27099;26146;0;0;0;4193509;155816;3;0;0
FR;3;2021-05-12;17268;27961;0;0;0;4210777;183777;3;0;0
FR;3;2021-05-13;2285;3504;0;0;0;4213062;187281;3;0;0
FR;3;2021-05-14;14520;26010;0;0;0;4227582;213291;3;0;0
FR;3;2021-05-15;7233;21000;0;0;0;4234815;234291;3;0;0
FR;3;2021-05-16;977;2645;0;0;0;4235792;236936;3;0;0
FR;3;2021-05-17;7966;20109;0;0;0;4243758;257045;3;0;0
FR;3;2021-05-18;13414;30043;0;0;0;4257172;287088;3;0;0
FR;3;2021-05-19;9274;30817;0;0;0;4266446;317905;3;0;0
FR;3;2021-05-20;12806;53671;3;0;0;4279252;371576;6;0;0
FR;3;2021-05-21;12768;66036;2;0;0;4292020;437612;8;0;0
FR;3;2021-05-22;4963;33666;1;0;0;4296983;471278;9;0;0
FR;3;2021-05-23;651;2672;0;0;0;4297634;473950;9;0;0
FR;3;2021-05-24;883;4833;0;0;0;4298517;478783;9;0;0
FR;3;2021-05-25;5311;46331;1;0;0;4303828;525114;10;0;0
FR;3;2021-05-26;4978;51908;1;0;0;4308806;577022;11;0;0
FR;3;2021-05-27;6334;78789;3;0;0;4315140;655811;14;0;0
FR;3;2021-05-28;7542;100029;2;0;0;4322682;755840;16;0;0
FR;3;2021-05-29;3349;60941;1;0;0;4326031;816781;17;0;0
FR;3;2021-05-30;549;8129;0;0;0;4326580;824910;17;0;0
FR;3;2021-05-31;2441;35594;3;0;0;4329021;860504;20;0;0
FR;3;2021-06-01;3411;64835;10;0;0;4332432;925339;30;0;0
FR;3;2021-06-02;2734;58741;6;0;0;4335166;984080;36;0;0
FR;3;2021-06-03;3494;87228;10;0;0;4338660;1071308;46;0;0
FR;3;2021-06-04;4118;105691;22;0;0;4342778;1176999;68;0;0
FR;3;2021-06-05;1983;52508;4;0;0;4344761;1229507;72;0;0
FR;3;2021-06-06;510;5306;1;0;0;4345271;1234813;73;0;0
FR;3;2021-06-07;1483;30790;11;0;0;4346754;1265603;84;0;0
FR;3;2021-06-08;2061;47379;18;0;0;4348815;1312982;102;0;0
FR;3;2021-06-09;1793;41923;13;0;0;4350608;1354905;115;0;0
FR;3;2021-06-10;2254;67723;17;0;0;4352862;1422628;132;0;0
FR;3;2021-06-11;2484;96625;34;0;0;4355346;1519253;166;0;0
FR;3;2021-06-12;1177;40643;6;0;0;4356523;1559896;172;0;0
FR;3;2021-06-13;283;3649;3;0;0;4356806;1563545;175;0;0
FR;3;2021-06-14;1047;42391;17;0;0;4357853;1605936;192;0;0
FR;3;2021-06-15;1375;80447;20;0;0;4359228;1686383;212;0;0
FR;3;2021-06-16;1261;65529;20;0;0;4360489;1751912;232;0;0
FR;3;2021-06-17;1666;102151;41;0;0;4362155;1854063;273;0;0
FR;3;2021-06-18;1871;118317;63;0;0;4364026;1972380;336;0;0
FR;3;2021-06-19;802;39440;22;0;0;4364828;2011820;358;0;0
FR;3;2021-06-20;161;3232;0;0;0;4364989;2015052;358;0;0
FR;3;2021-06-21;773;39100;16;0;0;4365762;2054152;374;0;0
FR;3;2021-06-22;1065;70054;52;0;0;4366827;2124206;426;0;0
FR;3;2021-06-23;944;50826;39;0;0;4367771;2175032;465;0;0
FR;3;2021-06-24;1310;77247;48;0;0;4369081;2252279;513;0;0
FR;3;2021-06-25;1410;90623;73;0;0;4370491;2342902;586;0;0
FR;3;2021-06-26;631;33112;29;0;0;4371122;2376014;615;0;0
FR;3;2021-06-27;166;3838;1;0;0;4371288;2379852;616;0;0
FR;3;2021-06-28;654;30084;27;0;0;4371942;2409936;643;0;0
FR;3;2021-06-29;857;56479;95;0;0;4372799;2466415;738;0;0
FR;3;2021-06-30;905;45163;93;0;0;4373704;2511578;831;0;0
FR;3;2021-07-01;1164;65981;108;0;0;4374868;2577559;939;0;0
FR;3;2021-07-02;1305;90488;170;0;0;4376173;2668047;1109;0;0
FR;3;2021-07-03;602;31190;51;0;0;4376775;2699237;1160;0;0
FR;3;2021-07-04;144;4048;3;0;0;4376919;2703285;1163;0;0
FR;3;2021-07-05;612;33673;60;0;0;4377531;2736958;1223;0;0
FR;3;2021-07-06;963;55964;88;0;0;4378494;2792922;1311;0;0
FR;3;2021-07-07;872;42986;80;0;0;4379366;2835908;1391;0;0
FR;3;2021-07-08;1127;60764;99;0;0;4380493;2896672;1490;0;0
FR;3;2021-07-09;1261;68891;128;0;0;4381754;2965563;1618;0;0
FR;3;2021-07-10;643;25033;59;0;0;4382397;2990596;1677;0;0
FR;3;2021-07-11;132;3204;4;0;0;4382529;2993800;1681;0;0
FR;3;2021-07-12;662;23710;59;0;0;4383191;3017510;1740;0;0
FR;3;2021-07-13;1647;34527;90;0;0;4384838;3052037;1830;0;0
FR;3;2021-07-14;271;2502;2;0;0;4385109;3054539;1832;0;0
FR;3;2021-07-15;1940;30489;85;0;0;4387049;3085028;1917;0;0
FR;3;2021-07-16;2520;38712;122;0;0;4389569;3123740;2039;0;0
FR;3;2021-07-17;1051;13732;26;0;0;4390620;3137472;2065;0;0
FR;3;2021-07-18;266;2562;3;0;0;4390886;3140034;2068;0;0
FR;3;2021-07-19;1280;16962;38;0;0;4392166;3156996;2106;0;0
FR;3;2021-07-20;1823;26988;98;0;0;4393989;3183984;2204;0;0
FR;3;2021-07-21;1651;19567;44;0;0;4395640;3203551;2248;0;0
FR;3;2021-07-22;1856;27665;83;0;0;4397496;3231216;2331;0;0
FR;3;2021-07-23;2216;30278;117;0;0;4399712;3261494;2448;0;0
FR;3;2021-07-24;826;6955;25;0;0;4400538;3268449;2473;0;0
FR;3;2021-07-25;210;1301;1;0;0;4400748;3269750;2474;0;0
FR;3;2021-07-26;932;10562;28;0;0;4401680;3280312;2502;0;0
FR;3;2021-07-27;1169;16847;56;0;0;4402849;3297159;2558;0;0
FR;3;2021-07-28;989;12024;40;0;0;4403838;3309183;2598;0;0
FR;3;2021-07-29;1127;15730;63;0;0;4404965;3324913;2661;0;0
FR;3;2021-07-30;1128;18016;79;0;0;4406093;3342929;2740;0;0
FR;3;2021-07-31;406;3722;15;0;0;4406499;3346651;2755;0;0
FR;3;2021-08-01;117;457;1;0;0;4406616;3347108;2756;0;0
FR;3;2021-08-02;421;5054;22;0;0;4407037;3352162;2778;0;0
FR;3;2021-08-03;498;7498;27;0;0;4407535;3359660;2805;0;0
FR;3;2021-08-04;439;4850;26;0;0;4407974;3364510;2831;0;0
FR;3;2021-08-05;431;3669;13;0;0;4408405;3368179;2844;0;0
FR;3;2021-08-06;456;4719;30;0;0;4408861;3372898;2874;0;0
FR;3;2021-08-07;214;1900;11;0;0;4409075;3374798;2885;0;0
FR;3;2021-08-08;250;423;2;0;0;4409325;3375221;2887;0;0
FR;3;2021-08-09;318;2408;11;0;0;4409643;3377629;2898;0;0
FR;3;2021-08-10;368;3779;15;0;0;4410011;3381408;2913;0;0
FR;3;2021-08-11;291;2673;15;0;0;4410302;3384081;2928;0;0
FR;3;2021-08-12;278;2589;13;0;0;4410580;3386670;2941;0;0
FR;3;2021-08-13;278;2262;16;0;0;4410858;3388932;2957;0;0
FR;3;2021-08-14;172;891;1;0;0;4411030;3389823;2958;0;0
FR;3;2021-08-15;56;176;0;0;0;4411086;3389999;2958;0;0
FR;3;2021-08-16;124;1033;8;0;0;4411210;3391032;2966;0;0
FR;3;2021-08-17;189;1448;8;0;0;4411399;3392480;2974;0;0
FR;3;2021-08-18;204;1316;10;0;0;4411603;3393796;2984;0;0
FR;3;2021-08-19;165;1383;10;0;0;4411768;3395179;2994;0;0
FR;3;2021-08-20;167;1604;16;0;0;4411935;3396783;3010;0;0
FR;3;2021-08-21;93;584;2;0;0;4412028;3397367;3012;0;0
FR;3;2021-08-22;42;190;1;0;0;4412070;3397557;3013;0;0
FR;3;2021-08-23;141;900;7;0;0;4412211;3398457;3020;0;0
FR;3;2021-08-24;125;930;10;0;0;4412336;3399387;3030;0;0
FR;3;2021-08-25;137;823;3;0;0;4412473;3400210;3033;0;0
FR;3;2021-08-26;172;837;9;0;0;4412645;3401047;3042;0;0
FR;3;2021-08-27;178;941;9;0;0;4412823;3401988;3051;0;0
FR;3;2021-08-28;101;374;4;0;0;4412924;3402362;3055;0;0
FR;3;2021-08-29;128;130;1;0;0;4413052;3402492;3056;0;0
FR;3;2021-08-30;100;573;0;0;116;4413152;3403065;3056;0;116
FR;3;2021-08-31;134;693;7;0;140;4413286;3403758;3063;0;256
FR;3;2021-09-01;121;465;5;0;112;4413407;3404223;3068;0;368
FR;3;2021-09-02;100;607;22;0;105;4413507;3404830;3090;0;473
FR;3;2021-09-03;116;566;17;0;119;4413623;3405396;3107;0;592
FR;3;2021-09-04;55;297;3;0;53;4413678;3405693;3110;0;645
FR;3;2021-09-05;51;67;5;0;26;4413729;3405760;3115;0;671
FR;3;2021-09-06;118;370;4;0;132;4413847;3406130;3119;0;803
FR;3;2021-09-07;124;438;14;0;118;4413971;3406568;3133;0;921
FR;3;2021-09-08;121;349;2;0;91;4414092;3406917;3135;0;1012
FR;3;2021-09-09;94;381;8;0;103;4414186;3407298;3143;0;1115
FR;3;2021-09-10;101;403;3;0;95;4414287;3407701;3146;0;1210
FR;3;2021-09-11;77;233;4;0;65;4414364;3407934;3150;0;1275
FR;3;2021-09-12;37;47;1;0;16;4414401;3407981;3151;0;1291
FR;3;2021-09-13;75;307;7;0;102;4414476;3408288;3158;0;1393
FR;3;2021-09-14;75;276;6;0;97;4414551;3408564;3164;0;1490
FR;3;2021-09-15;62;257;3;0;6;4414613;3408821;3167;0;1496
FR;3;2021-09-16;65;322;6;0;6;4414678;3409143;3173;0;1502
FR;3;2021-09-17;52;330;3;0;7;4414730;3409473;3176;0;1509
FR;3;2021-09-18;37;174;1;0;1;4414767;3409647;3177;0;1510
FR;3;2021-09-19;28;31;2;0;1;4414795;3409678;3179;0;1511
FR;3;2021-09-20;81;194;0;0;1;4414876;3409872;3179;0;1512
FR;3;2021-09-21;60;276;6;0;7;4414936;3410148;3185;0;1519
FR;3;2021-09-22;65;234;6;0;7;4415001;3410382;3191;0;1526
FR;3;2021-09-23;37;261;11;0;7;4415038;3410643;3202;0;1533
FR;3;2021-09-24;28;320;12;0;18;4415066;3410963;3214;0;1551
FR;3;2021-09-25;31;143;3;0;3;4415097;3411106;3217;0;1554
FR;3;2021-09-26;16;58;1;0;1;4415113;3411164;3218;0;1555
FR;3;2021-09-27;48;289;3;0;5;4415161;3411453;3221;0;1560
FR;3;2021-09-28;49;246;6;0;8;4415210;3411699;3227;0;1568
FR;3;2021-09-29;38;221;10;0;15;4415248;3411920;3237;0;1583
FR;3;2021-09-30;40;202;8;0;10;4415288;3412122;3245;0;1593
FR;3;2021-10-01;23;162;6;0;8;4415311;3412284;3251;0;1601
FR;3;2021-10-02;17;84;0;0;0;4415328;3412368;3251;0;1601
FR;3;2021-10-03;19;18;1;0;2;4415347;3412386;3252;0;1603
FR;3;2021-10-04;33;159;4;0;4;4415380;3412545;3256;0;1607
FR;3;2021-10-05;17;149;10;0;12;4415397;3412694;3266;0;1619
FR;3;2021-10-06;32;146;8;0;9;4415429;3412840;3274;0;1628
FR;3;2021-10-07;19;136;6;0;6;4415448;3412976;3280;0;1634
FR;3;2021-10-08;25;139;10;0;9;4415473;3413115;3290;0;1643
FR;3;2021-10-09;16;72;1;0;1;4415489;3413187;3291;0;1644
FR;3;2021-10-10;13;17;2;0;3;4415502;3413204;3293;0;1647
FR;3;2021-10-11;17;117;4;0;5;4415519;3413321;3297;0;1652
FR;3;2021-10-12;20;103;5;0;5;4415539;3413424;3302;0;1657
FR;3;2021-10-13;25;116;9;0;7;4415564;3413540;3311;0;1664
FR;3;2021-10-14;19;150;3;0;4;4415583;3413690;3314;0;1668
FR;3;2021-10-15;23;143;8;0;12;4415606;3413833;3322;0;1680
FR;3;2021-10-16;13;70;6;0;8;4415619;3413903;3328;0;1688
FR;3;2021-10-17;12;26;0;0;0;4415631;3413929;3328;0;1688
FR;3;2021-10-18;18;115;2;0;2;4415649;3414044;3330;0;1690
FR;3;2021-10-19;18;114;19;0;21;4415667;3414158;3349;0;1711
FR;3;2021-10-20;26;126;6;0;7;4415693;3414284;3355;0;1718
FR;3;2021-10-21;28;128;17;0;13;4415721;3414412;3372;0;1731
FR;3;2021-10-22;24;108;18;0;21;4415745;3414520;3390;0;1752
FR;3;2021-10-23;17;54;3;0;2;4415762;3414574;3393;0;1754
FR;3;2021-10-24;7;36;0;0;0;4415769;3414610;3393;0;1754
FR;3;2021-10-25;25;143;7;0;7;4415794;3414753;3400;0;1761
FR;3;2021-10-26;25;98;22;0;19;4415819;3414851;3422;0;1780
FR;3;2021-10-27;18;98;9;0;9;4415837;3414949;3431;0;1789
FR;3;2021-10-28;22;118;33;0;36;4415859;3415067;3464;0;1825
FR;3;2021-10-29;12;102;64;0;54;4415871;3415169;3528;0;1879
FR;3;2021-10-30;11;63;11;1;10;4415882;3415232;3539;1;1889
FR;3;2021-10-31;8;25;1;0;1;4415890;3415257;3540;1;1890
FR;3;2021-11-01;11;22;2;0;1;4415901;3415279;3542;1;1891
FR;3;2021-11-02;10;102;10;0;12;4415911;3415381;3552;1;1903
FR;3;2021-11-03;20;109;10;0;10;4415931;3415490;3562;1;1913
FR;3;2021-11-04;20;90;5;0;4;4415951;3415580;3567;1;1917
FR;3;2021-11-05;19;122;9;1;6;4415970;3415702;3576;2;1923
FR;3;2021-11-06;10;59;3;0;3;4415980;3415761;3579;2;1926
FR;3;2021-11-07;6;22;1;0;1;4415986;3415783;3580;2;1927
FR;3;2021-11-08;11;133;7;0;5;4415997;3415916;3587;2;1932
FR;3;2021-11-09;14;127;5;0;5;4416011;3416043;3592;2;1937
FR;3;2021-11-10;14;154;14;0;15;4416025;3416197;3606;2;1952
FR;3;2021-11-11;11;50;3;0;3;4416036;3416247;3609;2;1955
FR;3;2021-11-12;15;130;6;0;4;4416051;3416377;3615;2;1959
FR;3;2021-11-13;7;67;9;0;10;4416058;3416444;3624;2;1969
FR;3;2021-11-14;3;24;1;0;1;4416061;3416468;3625;2;1970
FR;3;2021-11-15;5;169;10;0;11;4416066;3416637;3635;2;1981
FR;3;2021-11-16;9;132;11;0;10;4416075;3416769;3646;2;1991
FR;3;2021-11-17;8;141;11;0;8;4416083;3416910;3657;2;1999
FR;3;2021-11-18;15;142;10;0;11;4416098;3417052;3667;2;2010
FR;3;2021-11-19;11;191;22;0;27;4416109;3417243;3689;2;2037
FR;3;2021-11-20;6;104;6;0;6;4416115;3417347;3695;2;2043
FR;3;2021-11-21;3;26;4;0;4;4416118;3417373;3699;2;2047
FR;3;2021-11-22;11;196;11;0;11;4416129;3417569;3710;2;2058
FR;3;2021-11-23;9;194;15;0;14;4416138;3417763;3725;2;2072
FR;3;2021-11-24;9;198;9;0;17;4416147;3417961;3734;2;2089
FR;3;2021-11-25;12;216;11;0;11;4416159;3418177;3745;2;2100
FR;3;2021-11-26;9;285;35;0;33;4416168;3418462;3780;2;2133
FR;3;2021-11-27;8;138;20;0;21;4416176;3418600;3800;2;2154
FR;3;2021-11-28;3;60;7;0;7;4416179;3418660;3807;2;2161
FR;3;2021-11-29;5;246;21;0;22;4416184;3418906;3828;2;2183
FR;3;2021-11-30;7;324;29;0;32;4416191;3419230;3857;2;2215
FR;3;2021-12-01;30;356;37;0;39;4416221;3419586;3894;2;2254
FR;3;2021-12-02;9;374;33;0;36;4416230;3419960;3927;2;2290
FR;3;2021-12-03;4;416;37;0;38;4416234;3420376;3964;2;2328
FR;3;2021-12-04;3;228;26;0;28;4416237;3420604;3990;2;2356
FR;3;2021-12-05;1;65;5;0;5;4416238;3420669;3995;2;2361
FR;3;2021-12-06;6;393;14;0;15;4416244;3421062;4009;2;2376
FR;3;2021-12-07;4;461;20;0;24;4416248;3421523;4029;2;2400
FR;3;2021-12-08;8;419;29;0;30;4416256;3421942;4058;2;2430
FR;3;2021-12-09;3;478;17;0;22;4416259;3422420;4075;2;2452
FR;3;2021-12-10;10;493;29;0;25;4416269;3422913;4104;2;2477
FR;3;2021-12-11;4;320;10;0;9;4416273;3423233;4114;2;2486
FR;3;2021-12-12;1;105;3;0;3;4416274;3423338;4117;2;2489
FR;3;2021-12-13;2;471;19;0;21;4416276;3423809;4136;2;2510
FR;3;2021-12-14;8;601;18;0;21;4416284;3424410;4154;2;2531
FR;3;2021-12-15;9;579;17;0;21;4416293;3424989;4171;2;2552
FR;3;2021-12-16;10;587;19;0;18;4416303;3425576;4190;2;2570
FR;3;2021-12-17;5;663;18;0;19;4416308;3426239;4208;2;2589
FR;3;2021-12-18;4;368;4;0;5;4416312;3426607;4212;2;2594
FR;3;2021-12-19;3;193;2;0;2;4416315;3426800;4214;2;2596
FR;3;2021-12-20;8;614;23;0;28;4416323;3427414;4237;2;2624
FR;3;2021-12-21;3;703;10;0;13;4416326;3428117;4247;2;2637
FR;3;2021-12-22;10;653;9;0;10;4416336;3428770;4256;2;2647
FR;3;2021-12-23;3;576;8;0;8;4416339;3429346;4264;2;2655
FR;3;2021-12-24;2;243;3;0;6;4416341;3429589;4267;2;2661
FR;3;2021-12-25;0;25;0;0;0;4416341;3429614;4267;2;2661
FR;3;2021-12-26;0;92;1;0;1;4416341;3429706;4268;2;2662
FR;3;2021-12-27;7;489;17;0;20;4416348;3430195;4285;2;2682
FR;3;2021-12-28;3;618;6;0;5;4416351;3430813;4291;2;2687
FR;3;2021-12-29;4;519;14;0;16;4416355;3431332;4305;2;2703
FR;3;2021-12-30;3;542;7;0;10;4416358;3431874;4312;2;2713
FR;3;2021-12-31;0;191;5;0;7;4416358;3432065;4317;2;2720
FR;3;2022-01-01;0;26;0;0;2;4416358;3432091;4317;2;2722
FR;3;2022-01-02;0;80;0;0;0;4416358;3432171;4317;2;2722
FR;3;2022-01-03;3;521;17;0;21;4416361;3432692;4334;2;2743
FR;3;2022-01-04;6;565;9;0;8;4416367;3433257;4343;2;2751
FR;3;2022-01-05;5;510;10;0;14;4416372;3433767;4353;2;2765
FR;3;2022-01-06;6;489;9;0;10;4416378;3434256;4362;2;2775
FR;3;2022-01-07;2;516;11;0;13;4416380;3434772;4373;2;2788
FR;3;2022-01-08;4;261;4;0;5;4416384;3435033;4377;2;2793
FR;3;2022-01-09;0;117;0;0;0;4416384;3435150;4377;2;2793
FR;3;2022-01-10;2;449;12;0;12;4416386;3435599;4389;2;2805
FR;3;2022-01-11;3;478;1;0;1;4416389;3436077;4390;2;2806
FR;3;2022-01-12;2;412;9;0;10;4416391;3436489;4399;2;2816
FR;3;2022-01-13;3;397;11;0;12;4416394;3436886;4410;2;2828
FR;3;2022-01-14;4;438;10;0;13;4416398;3437324;4420;2;2841
FR;3;2022-01-15;0;284;2;0;3;4416398;3437608;4422;2;2844
FR;3;2022-01-16;1;110;1;0;1;4416399;3437718;4423;2;2845
FR;3;2022-01-17;2;330;8;0;9;4416401;3438048;4431;2;2854
FR;3;2022-01-18;2;375;1;0;2;4416403;3438423;4432;2;2856
FR;3;2022-01-19;2;334;5;0;10;4416405;3438757;4437;2;2866
FR;3;2022-01-20;1;357;5;0;3;4416406;3439114;4442;2;2869
FR;3;2022-01-21;4;349;5;0;7;4416410;3439463;4447;2;2876
FR;3;2022-01-22;2;228;1;0;2;4416412;3439691;4448;2;2878
FR;3;2022-01-23;0;78;0;0;1;4416412;3439769;4448;2;2879
FR;3;2022-01-24;2;326;1;0;6;4416414;3440095;4449;2;2885
FR;3;2022-01-25;0;178;0;0;0;4416414;3440273;4449;2;2885
FR;3;2022-01-26;0;77;0;0;0;4416414;3440350;4449;2;2885
FR;3;2022-01-27;0;54;0;0;0;4416414;3440404;4449;2;2885
FR;3;2022-01-28;0;120;0;0;0;4416414;3440524;4449;2;2885
FR;3;2022-01-29;0;99;0;0;0;4416414;3440623;4449;2;2885
FR;3;2022-01-30;0;51;0;0;0;4416414;3440674;4449;2;2885
FR;3;2022-01-31;0;92;0;0;0;4416414;3440766;4449;2;2885
FR;3;2022-02-01;0;99;0;0;1;4416414;3440865;4449;2;2886
FR;3;2022-02-02;0;86;0;0;0;4416414;3440951;4449;2;2886
FR;3;2022-02-03;0;96;0;0;0;4416414;3441047;4449;2;2886
FR;3;2022-02-04;0;115;0;0;0;4416414;3441162;4449;2;2886
FR;3;2022-02-05;0;71;0;0;0;4416414;3441233;4449;2;2886
FR;3;2022-02-06;0;11;0;0;0;4416414;3441244;4449;2;2886
FR;3;2022-02-07;0;78;0;0;0;4416414;3441322;4449;2;2886
FR;3;2022-02-08;0;0;0;0;0;4416414;3441322;4449;2;2886
FR;3;2022-02-09;0;0;0;0;0;4416414;3441322;4449;2;2886
FR;3;2022-02-10;0;0;0;0;0;4416414;3441322;4449;2;2886
FR;3;2022-02-11;0;0;0;0;0;4416414;3441322;4449;2;2886
FR;3;2022-02-12;0;0;0;0;0;4416414;3441322;4449;2;2886
FR;3;2022-02-13;0;0;0;0;0;4416414;3441322;4449;2;2886
FR;3;2022-02-14;0;0;0;0;0;4416414;3441322;4449;2;2886
FR;3;2022-02-15;0;0;0;0;0;4416414;3441322;4449;2;2886
FR;3;2022-02-16;0;0;0;0;0;4416414;3441322;4449;2;2886
FR;3;2022-02-17;0;0;0;0;0;4416414;3441322;4449;2;2886
FR;3;2022-02-18;0;0;0;0;0;4416414;3441322;4449;2;2886
FR;3;2022-02-19;0;0;0;0;0;4416414;3441322;4449;2;2886
FR;3;2022-02-20;0;0;0;0;0;4416414;3441322;4449;2;2886
FR;3;2022-02-21;2;0;0;0;0;4416416;3441322;4449;2;2886
FR;3;2022-02-22;0;0;0;0;0;4416416;3441322;4449;2;2886
FR;3;2022-02-23;0;0;0;0;0;4416416;3441322;4449;2;2886
FR;3;2022-02-24;0;0;0;0;0;4416416;3441322;4449;2;2886
FR;3;2022-02-25;0;0;0;0;0;4416416;3441322;4449;2;2886
FR;3;2022-02-26;0;0;0;0;0;4416416;3441322;4449;2;2886
FR;3;2022-02-27;0;0;0;0;0;4416416;3441322;4449;2;2886
FR;3;2022-02-28;1;0;0;0;0;4416417;3441322;4449;2;2886
FR;3;2022-03-01;1;0;0;0;0;4416418;3441322;4449;2;2886
FR;3;2022-03-02;0;0;0;0;0;4416418;3441322;4449;2;2886
FR;3;2022-03-03;0;0;0;0;0;4416418;3441322;4449;2;2886
FR;3;2022-03-04;0;0;0;0;0;4416418;3441322;4449;2;2886
FR;3;2022-03-05;0;0;0;0;0;4416418;3441322;4449;2;2886
FR;3;2022-03-06;1;0;0;0;0;4416419;3441322;4449;2;2886
FR;3;2022-03-07;0;0;0;0;0;4416419;3441322;4449;2;2886
FR;3;2022-03-08;1;0;0;0;0;4416420;3441322;4449;2;2886
FR;3;2022-03-09;0;0;0;0;0;4416420;3441322;4449;2;2886
FR;3;2022-03-10;0;0;0;0;0;4416420;3441322;4449;2;2886
FR;3;2022-03-11;0;0;0;0;0;4416420;3441322;4449;2;2886
FR;3;2022-03-12;0;0;0;0;0;4416420;3441322;4449;2;2886
FR;3;2022-03-13;0;0;0;0;0;4416420;3441322;4449;2;2886
FR;3;2022-03-14;0;0;0;0;0;4416420;3441322;4449;2;2886
FR;3;2022-03-15;0;0;0;0;0;4416420;3441322;4449;2;2886
FR;3;2022-03-16;0;0;0;0;0;4416420;3441322;4449;2;2886
FR;3;2022-03-17;0;0;0;0;0;4416420;3441322;4449;2;2886
FR;3;2022-03-18;0;0;0;0;0;4416420;3441322;4449;2;2886
FR;3;2022-03-19;0;0;0;0;0;4416420;3441322;4449;2;2886
FR;3;2022-03-20;1;0;0;0;0;4416421;3441322;4449;2;2886
FR;3;2022-03-21;0;0;0;0;0;4416421;3441322;4449;2;2886
FR;3;2022-03-22;0;0;0;0;0;4416421;3441322;4449;2;2886
FR;3;2022-03-23;1;0;0;0;0;4416422;3441322;4449;2;2886
FR;3;2022-03-24;0;0;0;0;0;4416422;3441322;4449;2;2886
FR;3;2022-03-25;1;0;0;0;0;4416423;3441322;4449;2;2886
FR;3;2022-03-26;0;0;0;0;0;4416423;3441322;4449;2;2886
FR;3;2022-03-27;0;0;0;0;0;4416423;3441322;4449;2;2886
FR;3;2022-03-28;0;0;0;0;0;4416423;3441322;4449;2;2886
FR;3;2022-03-29;0;0;0;0;0;4416423;3441322;4449;2;2886
FR;3;2022-03-30;0;0;0;0;0;4416423;3441322;4449;2;2886
FR;3;2022-03-31;0;0;0;0;0;4416423;3441322;4449;2;2886
FR;3;2022-04-01;0;0;0;0;0;4416423;3441322;4449;2;2886
FR;3;2022-04-02;0;0;0;0;0;4416423;3441322;4449;2;2886
FR;3;2022-04-03;0;0;0;0;0;4416423;3441322;4449;2;2886
FR;3;2022-04-04;0;0;0;0;0;4416423;3441322;4449;2;2886
FR;3;2022-04-05;0;0;0;0;0;4416423;3441322;4449;2;2886
FR;3;2022-04-06;0;0;0;0;0;4416423;3441322;4449;2;2886
FR;3;2022-04-07;0;0;0;0;0;4416423;3441322;4449;2;2886
FR;3;2022-04-08;0;0;0;0;0;4416423;3441322;4449;2;2886
FR;3;2022-04-09;0;0;0;0;0;4416423;3441322;4449;2;2886
FR;3;2022-04-10;0;0;0;0;0;4416423;3441322;4449;2;2886
FR;3;2022-04-11;0;0;0;0;0;4416423;3441322;4449;2;2886
FR;3;2022-04-12;0;0;0;0;0;4416423;3441322;4449;2;2886
FR;3;2022-04-13;0;0;0;0;0;4416423;3441322;4449;2;2886
FR;3;2022-04-14;0;0;0;0;0;4416423;3441322;4449;2;2886
FR;3;2022-04-15;1;0;0;0;0;4416424;3441322;4449;2;2886
FR;3;2022-04-16;0;0;0;0;0;4416424;3441322;4449;2;2886
FR;3;2022-04-17;0;0;0;0;0;4416424;3441322;4449;2;2886
FR;3;2022-04-18;0;0;0;0;0;4416424;3441322;4449;2;2886
FR;3;2022-04-19;0;0;0;0;0;4416424;3441322;4449;2;2886
FR;3;2022-04-20;0;0;0;0;0;4416424;3441322;4449;2;2886
FR;3;2022-04-21;0;0;0;0;0;4416424;3441322;4449;2;2886
FR;3;2022-04-22;0;0;0;0;0;4416424;3441322;4449;2;2886
FR;3;2022-04-23;0;0;0;0;0;4416424;3441322;4449;2;2886
FR;3;2022-04-24;0;0;0;0;0;4416424;3441322;4449;2;2886
FR;3;2022-04-25;0;0;0;0;0;4416424;3441322;4449;2;2886
FR;3;2022-04-26;0;0;0;0;0;4416424;3441322;4449;2;2886
FR;3;2022-04-27;0;0;0;0;0;4416424;3441322;4449;2;2886
FR;3;2022-04-28;0;0;0;0;0;4416424;3441322;4449;2;2886
FR;3;2022-04-29;0;0;0;0;0;4416424;3441322;4449;2;2886
FR;3;2022-04-30;0;0;0;0;0;4416424;3441322;4449;2;2886
FR;3;2022-05-01;0;0;0;0;0;4416424;3441322;4449;2;2886
FR;3;2022-05-02;0;0;0;0;0;4416424;3441322;4449;2;2886
FR;3;2022-05-03;0;0;0;0;0;4416424;3441322;4449;2;2886
FR;3;2022-05-04;0;0;0;0;0;4416424;3441322;4449;2;2886
FR;3;2022-05-05;0;0;0;0;0;4416424;3441322;4449;2;2886
FR;3;2022-05-06;0;0;0;0;0;4416424;3441322;4449;2;2886
FR;3;2022-05-07;0;0;0;0;0;4416424;3441322;4449;2;2886
FR;3;2022-05-08;0;0;0;0;0;4416424;3441322;4449;2;2886
FR;3;2022-05-09;0;0;0;0;0;4416424;3441322;4449;2;2886
FR;3;2022-05-10;0;0;0;0;0;4416424;3441322;4449;2;2886
FR;3;2022-05-11;0;0;0;0;0;4416424;3441322;4449;2;2886
FR;3;2022-05-12;0;0;0;0;0;4416424;3441322;4449;2;2886
FR;3;2022-05-13;0;0;0;0;0;4416424;3441322;4449;2;2886
FR;3;2022-05-14;1;0;0;0;0;4416425;3441322;4449;2;2886
FR;3;2022-05-15;0;0;0;0;0;4416425;3441322;4449;2;2886
FR;3;2022-05-16;0;0;0;0;0;4416425;3441322;4449;2;2886
FR;3;2022-05-17;0;0;0;0;0;4416425;3441322;4449;2;2886
FR;3;2022-05-18;0;0;0;0;0;4416425;3441322;4449;2;2886
FR;3;2022-05-19;0;0;0;0;0;4416425;3441322;4449;2;2886
FR;3;2022-05-20;0;0;0;0;0;4416425;3441322;4449;2;2886
FR;3;2022-05-21;0;0;0;0;0;4416425;3441322;4449;2;2886
FR;3;2022-05-22;0;0;0;0;0;4416425;3441322;4449;2;2886
FR;3;2022-05-23;0;0;0;0;0;4416425;3441322;4449;2;2886
FR;3;2022-05-24;0;0;0;0;0;4416425;3441322;4449;2;2886
FR;3;2022-05-25;0;0;0;0;0;4416425;3441322;4449;2;2886
FR;3;2022-05-26;0;0;0;0;0;4416425;3441322;4449;2;2886
FR;3;2022-05-27;0;0;0;0;0;4416425;3441322;4449;2;2886
FR;3;2022-05-28;0;0;0;0;0;4416425;3441322;4449;2;2886
FR;3;2022-05-29;0;0;0;0;0;4416425;3441322;4449;2;2886
FR;3;2022-05-30;0;0;0;0;0;4416425;3441322;4449;2;2886
FR;3;2022-05-31;0;0;0;0;0;4416425;3441322;4449;2;2886
FR;3;2022-06-01;0;0;0;0;0;4416425;3441322;4449;2;2886
FR;3;2022-06-02;0;0;0;0;0;4416425;3441322;4449;2;2886
FR;3;2022-06-03;0;0;0;0;0;4416425;3441322;4449;2;2886
FR;3;2022-06-04;0;0;0;0;0;4416425;3441322;4449;2;2886
FR;3;2022-06-05;0;0;0;0;0;4416425;3441322;4449;2;2886
FR;3;2022-06-06;0;0;0;0;0;4416425;3441322;4449;2;2886
FR;3;2022-06-07;0;0;0;0;0;4416425;3441322;4449;2;2886
FR;3;2022-06-08;0;0;0;0;0;4416425;3441322;4449;2;2886
FR;3;2022-06-09;0;0;0;0;0;4416425;3441322;4449;2;2886
FR;3;2022-06-10;0;0;0;0;0;4416425;3441322;4449;2;2886
FR;3;2022-06-11;0;0;0;0;0;4416425;3441322;4449;2;2886
FR;3;2022-06-12;0;0;0;0;0;4416425;3441322;4449;2;2886
FR;3;2022-06-13;1;0;0;0;0;4416426;3441322;4449;2;2886
FR;3;2022-06-14;0;0;0;0;0;4416426;3441322;4449;2;2886
FR;3;2022-06-15;0;0;0;0;0;4416426;3441322;4449;2;2886
FR;3;2022-06-16;0;0;0;0;0;4416426;3441322;4449;2;2886
FR;3;2022-06-17;0;0;0;0;0;4416426;3441322;4449;2;2886
FR;3;2022-06-18;0;0;0;0;0;4416426;3441322;4449;2;2886
FR;3;2022-06-19;0;0;0;0;0;4416426;3441322;4449;2;2886
FR;3;2022-06-20;0;0;0;0;0;4416426;3441322;4449;2;2886
FR;3;2022-06-21;0;0;0;0;0;4416426;3441322;4449;2;2886
FR;3;2022-06-22;0;0;0;0;0;4416426;3441322;4449;2;2886
FR;3;2022-06-23;0;0;0;0;0;4416426;3441322;4449;2;2886
FR;3;2022-06-24;0;0;0;0;0;4416426;3441322;4449;2;2886
FR;3;2022-06-25;0;0;0;0;0;4416426;3441322;4449;2;2886
FR;3;2022-06-26;0;0;0;0;0;4416426;3441322;4449;2;2886
FR;3;2022-06-27;0;0;0;0;0;4416426;3441322;4449;2;2886
FR;3;2022-06-28;0;0;0;0;0;4416426;3441322;4449;2;2886
FR;3;2022-06-29;1;0;0;0;0;4416427;3441322;4449;2;2886
FR;3;2022-06-30;0;0;0;0;0;4416427;3441322;4449;2;2886
FR;3;2022-07-01;0;0;0;0;0;4416427;3441322;4449;2;2886
FR;3;2022-07-02;0;0;0;0;0;4416427;3441322;4449;2;2886
FR;3;2022-07-03;0;0;0;0;0;4416427;3441322;4449;2;2886
FR;3;2022-07-04;0;0;0;0;0;4416427;3441322;4449;2;2886
FR;3;2022-07-05;0;0;0;0;0;4416427;3441322;4449;2;2886
FR;3;2022-07-06;0;0;0;0;0;4416427;3441322;4449;2;2886
FR;3;2022-07-07;0;0;0;0;0;4416427;3441322;4449;2;2886
FR;3;2022-07-08;0;0;0;0;0;4416427;3441322;4449;2;2886
FR;3;2022-07-09;0;0;0;0;0;4416427;3441322;4449;2;2886
FR;3;2022-07-10;0;0;0;0;0;4416427;3441322;4449;2;2886
FR;3;2022-07-11;0;0;0;0;0;4416427;3441322;4449;2;2886
FR;3;2022-07-12;0;0;0;0;0;4416427;3441322;4449;2;2886
FR;3;2022-07-13;0;0;0;0;0;4416427;3441322;4449;2;2886
FR;3;2022-07-14;0;0;0;0;0;4416427;3441322;4449;2;2886
FR;3;2022-07-15;0;0;0;0;0;4416427;3441322;4449;2;2886
FR;3;2022-07-16;0;0;0;0;0;4416427;3441322;4449;2;2886
FR;3;2022-07-17;0;0;0;0;0;4416427;3441322;4449;2;2886
FR;3;2022-07-18;0;0;0;0;0;4416427;3441322;4449;2;2886
FR;3;2022-07-19;0;0;0;0;0;4416427;3441322;4449;2;2886
FR;3;2022-07-20;0;0;0;0;0;4416427;3441322;4449;2;2886
FR;3;2022-07-21;0;0;0;0;0;4416427;3441322;4449;2;2886
FR;3;2022-07-22;0;0;0;0;0;4416427;3441322;4449;2;2886
FR;3;2022-07-23;0;0;0;0;0;4416427;3441322;4449;2;2886
FR;3;2022-07-24;0;0;0;0;0;4416427;3441322;4449;2;2886
FR;3;2022-07-25;0;0;0;0;0;4416427;3441322;4449;2;2886
FR;3;2022-07-26;0;0;0;0;0;4416427;3441322;4449;2;2886
FR;3;2022-07-27;0;0;0;0;0;4416427;3441322;4449;2;2886
FR;3;2022-07-28;0;0;0;0;0;4416427;3441322;4449;2;2886
FR;3;2022-07-29;0;0;0;0;0;4416427;3441322;4449;2;2886
FR;3;2022-07-30;0;0;0;0;0;4416427;3441322;4449;2;2886
FR;3;2022-07-31;0;0;0;0;0;4416427;3441322;4449;2;2886
FR;3;2022-08-01;0;0;0;0;0;4416427;3441322;4449;2;2886
FR;3;2022-08-02;0;0;0;0;0;4416427;3441322;4449;2;2886
FR;3;2022-08-03;0;0;0;0;0;4416427;3441322;4449;2;2886
FR;3;2022-08-04;0;0;0;0;0;4416427;3441322;4449;2;2886
FR;3;2022-08-05;0;0;0;0;0;4416427;3441322;4449;2;2886
FR;3;2022-08-06;0;0;0;0;0;4416427;3441322;4449;2;2886
FR;3;2022-08-07;0;0;0;0;0;4416427;3441322;4449;2;2886
FR;3;2022-08-08;0;0;0;0;0;4416427;3441322;4449;2;2886
FR;3;2022-08-09;0;0;0;0;0;4416427;3441322;4449;2;2886
FR;3;2022-08-10;0;0;0;0;0;4416427;3441322;4449;2;2886
FR;3;2022-08-11;0;0;0;0;0;4416427;3441322;4449;2;2886
FR;3;2022-08-12;0;0;0;0;0;4416427;3441322;4449;2;2886
FR;3;2022-08-13;0;0;0;0;0;4416427;3441322;4449;2;2886
FR;3;2022-08-14;0;0;0;0;0;4416427;3441322;4449;2;2886
FR;3;2022-08-15;0;0;0;0;0;4416427;3441322;4449;2;2886
FR;3;2022-08-16;0;0;0;0;0;4416427;3441322;4449;2;2886
FR;3;2022-08-17;0;0;0;0;0;4416427;3441322;4449;2;2886
FR;3;2022-08-18;0;0;0;0;0;4416427;3441322;4449;2;2886
FR;3;2022-08-19;0;0;0;0;0;4416427;3441322;4449;2;2886
FR;3;2022-08-20;0;0;0;0;0;4416427;3441322;4449;2;2886
FR;3;2022-08-21;0;0;0;0;0;4416427;3441322;4449;2;2886
FR;3;2022-08-22;0;0;0;0;0;4416427;3441322;4449;2;2886
FR;3;2022-08-23;0;0;0;0;0;4416427;3441322;4449;2;2886
FR;3;2022-08-24;0;0;0;0;0;4416427;3441322;4449;2;2886
FR;3;2022-08-25;0;0;0;0;0;4416427;3441322;4449;2;2886
FR;3;2022-08-26;0;0;0;0;0;4416427;3441322;4449;2;2886
FR;3;2022-08-27;0;0;0;0;0;4416427;3441322;4449;2;2886
FR;3;2022-08-28;0;0;0;0;0;4416427;3441322;4449;2;2886
FR;3;2022-08-29;0;0;0;0;0;4416427;3441322;4449;2;2886
FR;3;2022-08-30;0;0;0;0;0;4416427;3441322;4449;2;2886
FR;3;2022-08-31;0;0;0;0;0;4416427;3441322;4449;2;2886
FR;3;2022-09-01;0;0;0;0;0;4416427;3441322;4449;2;2886
FR;3;2022-09-02;0;0;0;0;0;4416427;3441322;4449;2;2886
FR;3;2022-09-03;0;0;0;0;0;4416427;3441322;4449;2;2886
FR;3;2022-09-04;0;0;0;0;0;4416427;3441322;4449;2;2886
FR;3;2022-09-05;0;0;0;0;0;4416427;3441322;4449;2;2886
FR;3;2022-09-06;0;0;0;0;0;4416427;3441322;4449;2;2886
FR;3;2022-09-07;0;0;0;0;0;4416427;3441322;4449;2;2886
FR;3;2022-09-08;0;0;0;0;0;4416427;3441322;4449;2;2886
FR;3;2022-09-09;0;0;0;0;0;4416427;3441322;4449;2;2886
FR;3;2022-09-10;0;0;0;0;0;4416427;3441322;4449;2;2886
FR;3;2022-09-11;0;0;0;0;0;4416427;3441322;4449;2;2886
FR;3;2022-09-12;0;0;0;0;0;4416427;3441322;4449;2;2886
FR;3;2022-09-13;0;0;0;0;0;4416427;3441322;4449;2;2886
FR;3;2022-09-14;0;0;0;0;0;4416427;3441322;4449;2;2886
FR;3;2022-09-15;0;0;0;0;0;4416427;3441322;4449;2;2886
FR;3;2022-09-16;0;0;0;0;0;4416427;3441322;4449;2;2886
FR;3;2022-09-17;0;0;0;0;0;4416427;3441322;4449;2;2886
FR;3;2022-09-18;0;0;0;0;0;4416427;3441322;4449;2;2886
FR;3;2022-09-19;0;0;0;0;0;4416427;3441322;4449;2;2886
FR;3;2022-09-20;0;0;0;0;0;4416427;3441322;4449;2;2886
FR;3;2022-09-21;0;0;0;0;0;4416427;3441322;4449;2;2886
FR;3;2022-09-22;0;0;0;0;0;4416427;3441322;4449;2;2886
FR;3;2022-09-23;0;0;0;0;0;4416427;3441322;4449;2;2886
FR;3;2022-09-24;0;0;0;0;0;4416427;3441322;4449;2;2886
FR;3;2022-09-25;0;0;0;0;0;4416427;3441322;4449;2;2886
FR;3;2022-09-26;0;0;0;0;0;4416427;3441322;4449;2;2886
FR;3;2022-09-27;0;0;0;0;0;4416427;3441322;4449;2;2886
FR;3;2022-09-28;0;0;0;0;0;4416427;3441322;4449;2;2886
FR;3;2022-09-29;0;0;0;0;0;4416427;3441322;4449;2;2886
FR;3;2022-09-30;0;0;0;0;0;4416427;3441322;4449;2;2886
FR;3;2022-10-01;0;0;0;0;0;4416427;3441322;4449;2;2886
FR;3;2022-10-02;0;0;0;0;0;4416427;3441322;4449;2;2886
FR;3;2022-10-03;0;0;0;0;0;4416427;3441322;4449;2;2886
FR;3;2022-10-04;0;0;0;0;0;4416427;3441322;4449;2;2886
FR;3;2022-10-05;0;0;0;0;0;4416427;3441322;4449;2;2886
FR;3;2022-10-06;0;0;0;0;0;4416427;3441322;4449;2;2886
FR;3;2022-10-07;0;0;0;0;0;4416427;3441322;4449;2;2886
FR;3;2022-10-08;0;0;0;0;0;4416427;3441322;4449;2;2886
FR;3;2022-10-09;0;0;0;0;0;4416427;3441322;4449;2;2886
FR;3;2022-10-10;0;0;0;0;0;4416427;3441322;4449;2;2886
FR;3;2022-10-11;0;0;0;0;0;4416427;3441322;4449;2;2886
FR;3;2022-10-12;0;0;0;0;0;4416427;3441322;4449;2;2886
FR;3;2022-10-13;0;0;0;0;0;4416427;3441322;4449;2;2886
FR;3;2022-10-14;0;0;0;0;0;4416427;3441322;4449;2;2886
FR;3;2022-10-15;0;0;0;0;0;4416427;3441322;4449;2;2886
FR;3;2022-10-16;0;0;0;0;0;4416427;3441322;4449;2;2886
FR;3;2022-10-17;0;0;0;0;0;4416427;3441322;4449;2;2886
FR;3;2022-10-18;0;0;0;0;0;4416427;3441322;4449;2;2886
FR;3;2022-10-19;0;0;0;0;0;4416427;3441322;4449;2;2886
FR;3;2022-10-20;0;0;0;0;0;4416427;3441322;4449;2;2886
FR;3;2022-10-21;0;0;0;0;0;4416427;3441322;4449;2;2886
FR;3;2022-10-22;0;0;0;0;0;4416427;3441322;4449;2;2886
FR;3;2022-10-23;0;0;0;0;0;4416427;3441322;4449;2;2886
FR;3;2022-10-24;0;0;0;0;0;4416427;3441322;4449;2;2886
FR;3;2022-10-25;0;0;0;0;0;4416427;3441322;4449;2;2886
FR;3;2022-10-26;0;0;0;0;0;4416427;3441322;4449;2;2886
FR;3;2022-10-27;0;0;0;0;0;4416427;3441322;4449;2;2886
FR;3;2022-10-28;0;0;0;0;0;4416427;3441322;4449;2;2886
FR;3;2022-10-29;0;0;0;0;0;4416427;3441322;4449;2;2886
FR;3;2022-10-30;0;0;0;0;0;4416427;3441322;4449;2;2886
FR;3;2022-10-31;0;0;0;0;0;4416427;3441322;4449;2;2886
FR;3;2022-11-01;0;0;0;0;0;4416427;3441322;4449;2;2886
FR;3;2022-11-02;0;0;0;0;0;4416427;3441322;4449;2;2886
FR;3;2022-11-03;0;0;0;0;0;4416427;3441322;4449;2;2886
FR;3;2022-11-04;0;0;0;0;0;4416427;3441322;4449;2;2886
FR;3;2022-11-05;0;0;0;0;0;4416427;3441322;4449;2;2886
FR;3;2022-11-06;0;0;0;0;0;4416427;3441322;4449;2;2886
FR;3;2022-11-07;0;0;0;0;0;4416427;3441322;4449;2;2886
FR;3;2022-11-08;1;0;0;0;0;4416428;3441322;4449;2;2886
FR;4;2020-12-27;0;0;0;0;0;0;0;0;0;0
FR;4;2020-12-28;0;0;0;0;0;0;0;0;0;0
FR;4;2020-12-29;0;0;0;0;0;0;0;0;0;0
FR;4;2020-12-30;0;0;0;0;0;0;0;0;0;0
FR;4;2020-12-31;0;0;0;0;0;0;0;0;0;0
FR;4;2021-01-01;0;0;0;0;0;0;0;0;0;0
FR;4;2021-01-02;0;0;0;0;0;0;0;0;0;0
FR;4;2021-01-03;0;0;0;0;0;0;0;0;0;0
FR;4;2021-01-04;0;0;0;0;0;0;0;0;0;0
FR;4;2021-01-05;0;0;0;0;0;0;0;0;0;0
FR;4;2021-01-06;0;0;0;0;0;0;0;0;0;0
FR;4;2021-01-07;0;0;0;0;0;0;0;0;0;0
FR;4;2021-01-08;0;0;0;0;0;0;0;0;0;0
FR;4;2021-01-09;0;0;0;0;0;0;0;0;0;0
FR;4;2021-01-10;0;0;0;0;0;0;0;0;0;0
FR;4;2021-01-11;0;0;0;0;0;0;0;0;0;0
FR;4;2021-01-12;0;0;0;0;0;0;0;0;0;0
FR;4;2021-01-13;0;0;0;0;0;0;0;0;0;0
FR;4;2021-01-14;0;0;0;0;0;0;0;0;0;0
FR;4;2021-01-15;0;0;0;0;0;0;0;0;0;0
FR;4;2021-01-16;0;0;0;0;0;0;0;0;0;0
FR;4;2021-01-17;0;0;0;0;0;0;0;0;0;0
FR;4;2021-01-18;0;0;0;0;0;0;0;0;0;0
FR;4;2021-01-19;0;0;0;0;0;0;0;0;0;0
FR;4;2021-01-20;0;0;0;0;0;0;0;0;0;0
FR;4;2021-01-21;0;0;0;0;0;0;0;0;0;0
FR;4;2021-01-22;0;0;0;0;0;0;0;0;0;0
FR;4;2021-01-23;0;0;0;0;0;0;0;0;0;0
FR;4;2021-01-24;0;0;0;0;0;0;0;0;0;0
FR;4;2021-01-25;0;0;0;0;0;0;0;0;0;0
FR;4;2021-01-26;0;0;0;0;0;0;0;0;0;0
FR;4;2021-01-27;0;0;0;0;0;0;0;0;0;0
FR;4;2021-01-28;0;0;0;0;0;0;0;0;0;0
FR;4;2021-01-29;0;0;0;0;0;0;0;0;0;0
FR;4;2021-01-30;0;0;0;0;0;0;0;0;0;0
FR;4;2021-01-31;0;0;0;0;0;0;0;0;0;0
FR;4;2021-02-01;0;0;0;0;0;0;0;0;0;0
FR;4;2021-02-02;0;0;0;0;0;0;0;0;0;0
FR;4;2021-02-03;0;0;0;0;0;0;0;0;0;0
FR;4;2021-02-04;0;0;0;0;0;0;0;0;0;0
FR;4;2021-02-05;0;0;0;0;0;0;0;0;0;0
FR;4;2021-02-06;0;0;0;0;0;0;0;0;0;0
FR;4;2021-02-07;0;0;0;0;0;0;0;0;0;0
FR;4;2021-02-08;0;0;0;0;0;0;0;0;0;0
FR;4;2021-02-09;0;0;0;0;0;0;0;0;0;0
FR;4;2021-02-10;0;0;0;0;0;0;0;0;0;0
FR;4;2021-02-11;0;0;0;0;0;0;0;0;0;0
FR;4;2021-02-12;0;0;0;0;0;0;0;0;0;0
FR;4;2021-02-13;0;0;0;0;0;0;0;0;0;0
FR;4;2021-02-14;0;0;0;0;0;0;0;0;0;0
FR;4;2021-02-15;0;0;0;0;0;0;0;0;0;0
FR;4;2021-02-16;0;0;0;0;0;0;0;0;0;0
FR;4;2021-02-17;0;0;0;0;0;0;0;0;0;0
FR;4;2021-02-18;0;0;0;0;0;0;0;0;0;0
FR;4;2021-02-19;0;0;0;0;0;0;0;0;0;0
FR;4;2021-02-20;0;0;0;0;0;0;0;0;0;0
FR;4;2021-02-21;0;0;0;0;0;0;0;0;0;0
FR;4;2021-02-22;0;0;0;0;0;0;0;0;0;0
FR;4;2021-02-23;0;0;0;0;0;0;0;0;0;0
FR;4;2021-02-24;0;0;0;0;0;0;0;0;0;0
FR;4;2021-02-25;0;0;0;0;0;0;0;0;0;0
FR;4;2021-02-26;0;0;0;0;0;0;0;0;0;0
FR;4;2021-02-27;0;0;0;0;0;0;0;0;0;0
FR;4;2021-02-28;0;0;0;0;0;0;0;0;0;0
FR;4;2021-03-01;0;0;0;0;0;0;0;0;0;0
FR;4;2021-03-02;0;0;0;0;0;0;0;0;0;0
FR;4;2021-03-03;0;0;0;0;0;0;0;0;0;0
FR;4;2021-03-04;0;0;0;0;0;0;0;0;0;0
FR;4;2021-03-05;0;0;0;0;0;0;0;0;0;0
FR;4;2021-03-06;0;0;0;0;0;0;0;0;0;0
FR;4;2021-03-07;0;0;0;0;0;0;0;0;0;0
FR;4;2021-03-08;0;0;0;0;0;0;0;0;0;0
FR;4;2021-03-09;0;0;0;0;0;0;0;0;0;0
FR;4;2021-03-10;0;0;0;0;0;0;0;0;0;0
FR;4;2021-03-11;0;0;0;0;0;0;0;0;0;0
FR;4;2021-03-12;0;0;0;0;0;0;0;0;0;0
FR;4;2021-03-13;0;0;0;0;0;0;0;0;0;0
FR;4;2021-03-14;0;0;0;0;0;0;0;0;0;0
FR;4;2021-03-15;0;0;0;0;0;0;0;0;0;0
FR;4;2021-03-16;0;0;0;0;0;0;0;0;0;0
FR;4;2021-03-17;0;0;0;0;0;0;0;0;0;0
FR;4;2021-03-18;0;0;0;0;0;0;0;0;0;0
FR;4;2021-03-19;0;0;0;0;0;0;0;0;0;0
FR;4;2021-03-20;0;0;0;0;0;0;0;0;0;0
FR;4;2021-03-21;0;0;0;0;0;0;0;0;0;0
FR;4;2021-03-22;0;0;0;0;0;0;0;0;0;0
FR;4;2021-03-23;0;0;0;0;0;0;0;0;0;0
FR;4;2021-03-24;0;0;0;0;0;0;0;0;0;0
FR;4;2021-03-25;0;0;0;0;0;0;0;0;0;0
FR;4;2021-03-26;0;0;0;0;0;0;0;0;0;0
FR;4;2021-03-27;0;0;0;0;0;0;0;0;0;0
FR;4;2021-03-28;0;0;0;0;0;0;0;0;0;0
FR;4;2021-03-29;0;0;0;0;0;0;0;0;0;0
FR;4;2021-03-30;0;0;0;0;0;0;0;0;0;0
FR;4;2021-03-31;0;0;0;0;0;0;0;0;0;0
FR;4;2021-04-01;0;0;0;0;0;0;0;0;0;0
FR;4;2021-04-02;0;0;0;0;0;0;0;0;0;0
FR;4;2021-04-03;0;0;0;0;0;0;0;0;0;0
FR;4;2021-04-04;0;0;0;0;0;0;0;0;0;0
FR;4;2021-04-05;0;0;0;0;0;0;0;0;0;0
FR;4;2021-04-06;0;0;0;0;0;0;0;0;0;0
FR;4;2021-04-07;0;0;0;0;0;0;0;0;0;0
FR;4;2021-04-08;0;0;0;0;0;0;0;0;0;0
FR;4;2021-04-09;0;0;0;0;0;0;0;0;0;0
FR;4;2021-04-10;0;0;0;0;0;0;0;0;0;0
FR;4;2021-04-11;0;0;0;0;0;0;0;0;0;0
FR;4;2021-04-12;0;0;0;0;0;0;0;0;0;0
FR;4;2021-04-13;0;0;0;0;0;0;0;0;0;0
FR;4;2021-04-14;0;0;0;0;0;0;0;0;0;0
FR;4;2021-04-15;0;0;0;0;0;0;0;0;0;0
FR;4;2021-04-16;0;0;0;0;0;0;0;0;0;0
FR;4;2021-04-17;0;0;0;0;0;0;0;0;0;0
FR;4;2021-04-18;0;0;0;0;0;0;0;0;0;0
FR;4;2021-04-19;0;0;0;0;0;0;0;0;0;0
FR;4;2021-04-20;0;0;0;0;0;0;0;0;0;0
FR;4;2021-04-21;0;0;0;0;0;0;0;0;0;0
FR;4;2021-04-22;0;0;0;0;0;0;0;0;0;0
FR;4;2021-04-23;3787;0;0;0;0;3787;0;0;0;0
FR;4;2021-04-24;1569;1;0;0;0;5356;1;0;0;0
FR;4;2021-04-25;125;0;0;0;0;5481;1;0;0;0
FR;4;2021-04-26;2869;1;0;0;0;8350;2;0;0;0
FR;4;2021-04-27;9521;3;0;0;0;17871;5;0;0;0
FR;4;2021-04-28;9909;6;0;0;0;27780;11;0;0;0
FR;4;2021-04-29;15993;8;0;0;0;43773;19;0;0;0
FR;4;2021-04-30;19234;10;0;0;0;63007;29;0;0;0
FR;4;2021-05-01;1993;6;0;0;0;65000;35;0;0;0
FR;4;2021-05-02;483;0;0;0;0;65483;35;0;0;0
FR;4;2021-05-03;5065;2;0;0;0;70548;37;0;0;0
FR;4;2021-05-04;8407;11;0;0;0;78955;48;0;0;0
FR;4;2021-05-05;6190;7;0;0;0;85145;55;0;0;0
FR;4;2021-05-06;11387;11;0;0;0;96532;66;0;0;0
FR;4;2021-05-07;19124;9;0;0;0;115656;75;0;0;0
FR;4;2021-05-08;2378;6;0;0;0;118034;81;0;0;0
FR;4;2021-05-09;688;3;0;0;0;118722;84;0;0;0
FR;4;2021-05-10;7244;5;1;0;0;125966;89;1;0;0
FR;4;2021-05-11;14324;12;0;0;0;140290;101;1;0;0
FR;4;2021-05-12;10173;15;0;0;0;150463;116;1;0;0
FR;4;2021-05-13;1583;4;0;0;0;152046;120;1;0;0
FR;4;2021-05-14;7766;7;0;0;0;159812;127;1;0;0
FR;4;2021-05-15;3721;8;1;0;0;163533;135;2;0;0
FR;4;2021-05-16;417;1;0;0;0;163950;136;2;0;0
FR;4;2021-05-17;4479;6;0;0;0;168429;142;2;0;0
FR;4;2021-05-18;8765;10;0;0;0;177194;152;2;0;0
FR;4;2021-05-19;5695;7;0;0;0;182889;159;2;0;0
FR;4;2021-05-20;9485;8;0;0;0;192374;167;2;0;0
FR;4;2021-05-21;12809;30;0;0;0;205183;197;2;0;0
FR;4;2021-05-22;5060;15;0;0;0;210243;212;2;0;0
FR;4;2021-05-23;495;4;0;0;0;210738;216;2;0;0
FR;4;2021-05-24;1058;7;0;0;0;211796;223;2;0;0
FR;4;2021-05-25;7632;16;0;0;0;219428;239;2;0;0
FR;4;2021-05-26;7729;16;0;0;0;227157;255;2;0;0
FR;4;2021-05-27;14335;35;0;0;0;241492;290;2;0;0
FR;4;2021-05-28;26591;82;1;0;0;268083;372;3;0;0
FR;4;2021-05-29;11385;18;0;0;0;279468;390;3;0;0
FR;4;2021-05-30;973;6;0;0;0;280441;396;3;0;0
FR;4;2021-05-31;12695;21;0;0;0;293136;417;3;0;0
FR;4;2021-06-01;20264;48;1;0;0;313400;465;4;0;0
FR;4;2021-06-02;14521;33;0;0;0;327921;498;4;0;0
FR;4;2021-06-03;19431;24;1;0;0;347352;522;5;0;0
FR;4;2021-06-04;22515;47;0;0;0;369867;569;5;0;0
FR;4;2021-06-05;9714;32;0;0;0;379581;601;5;0;0
FR;4;2021-06-06;1040;1;0;0;0;380621;602;5;0;0
FR;4;2021-06-07;9228;19;0;0;0;389849;621;5;0;0
FR;4;2021-06-08;14612;32;0;0;0;404461;653;5;0;0
FR;4;2021-06-09;12210;25;0;0;0;416671;678;5;0;0
FR;4;2021-06-10;15405;30;0;0;0;432076;708;5;0;0
FR;4;2021-06-11;16987;57;0;0;0;449063;765;5;0;0
FR;4;2021-06-12;7451;27;0;0;0;456514;792;5;0;0
FR;4;2021-06-13;908;3;0;0;0;457422;795;5;0;0
FR;4;2021-06-14;6649;27;0;0;0;464071;822;5;0;0
FR;4;2021-06-15;10891;38;0;0;0;474962;860;5;0;0
FR;4;2021-06-16;8909;16;0;0;0;483871;876;5;0;0
FR;4;2021-06-17;10899;37;0;0;0;494770;913;5;0;0
FR;4;2021-06-18;12424;45;0;0;0;507194;958;5;0;0
FR;4;2021-06-19;5567;25;0;0;0;512761;983;5;0;0
FR;4;2021-06-20;824;5;0;0;0;513585;988;5;0;0
FR;4;2021-06-21;5101;20;0;0;0;518686;1008;5;0;0
FR;4;2021-06-22;7913;28;2;0;0;526599;1036;7;0;0
FR;4;2021-06-23;7102;42;2;0;0;533701;1078;9;0;0
FR;4;2021-06-24;8653;46;1;0;0;542354;1124;10;0;0
FR;4;2021-06-25;10174;41;2;0;0;552528;1165;12;0;0
FR;4;2021-06-26;4849;21;0;0;0;557377;1186;12;0;0
FR;4;2021-06-27;764;4;0;0;0;558141;1190;12;0;0
FR;4;2021-06-28;4833;16;1;0;0;562974;1206;13;0;0
FR;4;2021-06-29;7110;28;2;0;0;570084;1234;15;0;0
FR;4;2021-06-30;6723;39;2;0;0;576807;1273;17;0;0
FR;4;2021-07-01;8209;42;0;0;0;585016;1315;17;0;0
FR;4;2021-07-02;9427;53;1;0;0;594443;1368;18;0;0
FR;4;2021-07-03;4846;20;0;0;0;599289;1388;18;0;0
FR;4;2021-07-04;689;5;0;0;0;599978;1393;18;0;0
FR;4;2021-07-05;4771;19;2;0;0;604749;1412;20;0;0
FR;4;2021-07-06;7727;29;4;0;0;612476;1441;24;0;0
FR;4;2021-07-07;7084;34;2;0;0;619560;1475;26;0;0
FR;4;2021-07-08;9231;40;2;0;0;628791;1515;28;0;0
FR;4;2021-07-09;10278;34;1;0;0;639069;1549;29;0;0
FR;4;2021-07-10;4639;14;2;0;0;643708;1563;31;0;0
FR;4;2021-07-11;583;4;1;0;0;644291;1567;32;0;0
FR;4;2021-07-12;5875;29;0;0;0;650166;1596;32;0;0
FR;4;2021-07-13;14232;29;0;0;0;664398;1625;32;0;0
FR;4;2021-07-14;2289;15;0;0;0;666687;1640;32;0;0
FR;4;2021-07-15;18237;36;0;0;0;684924;1676;32;0;0
FR;4;2021-07-16;22837;71;2;0;0;707761;1747;34;0;0
FR;4;2021-07-17;9738;20;0;0;0;717499;1767;34;0;0
FR;4;2021-07-18;1357;4;0;0;0;718856;1771;34;0;0
FR;4;2021-07-19;12989;30;1;0;0;731845;1801;35;0;0
FR;4;2021-07-20;17343;26;1;0;0;749188;1827;36;0;0
FR;4;2021-07-21;15617;33;0;0;0;764805;1860;36;0;0
FR;4;2021-07-22;18244;44;2;0;0;783049;1904;38;0;0
FR;4;2021-07-23;20417;57;7;0;0;803466;1961;45;0;0
FR;4;2021-07-24;9289;32;0;0;0;812755;1993;45;0;0
FR;4;2021-07-25;1354;9;0;0;0;814109;2002;45;0;0
FR;4;2021-07-26;11041;23;0;0;0;825150;2025;45;0;0
FR;4;2021-07-27;14681;35;3;0;0;839831;2060;48;0;0
FR;4;2021-07-28;12933;26;2;0;0;852764;2086;50;0;0
FR;4;2021-07-29;14090;54;4;0;0;866854;2140;54;0;0
FR;4;2021-07-30;15500;46;2;0;0;882354;2186;56;0;0
FR;4;2021-07-31;6842;14;2;0;0;889196;2200;58;0;0
FR;4;2021-08-01;906;1;0;0;0;890102;2201;58;0;0
FR;4;2021-08-02;7917;31;0;0;0;898019;2232;58;0;0
FR;4;2021-08-03;10798;31;2;0;0;908817;2263;60;0;0
FR;4;2021-08-04;9746;29;0;0;0;918563;2292;60;0;0
FR;4;2021-08-05;9823;42;0;0;0;928386;2334;60;0;0
FR;4;2021-08-06;10200;31;3;0;0;938586;2365;63;0;0
FR;4;2021-08-07;5099;30;1;0;0;943685;2395;64;0;0
FR;4;2021-08-08;1219;13;0;0;0;944904;2408;64;0;0
FR;4;2021-08-09;6348;31;0;0;0;951252;2439;64;0;0
FR;4;2021-08-10;8750;18;0;0;0;960002;2457;64;0;0
FR;4;2021-08-11;7944;34;4;0;0;967946;2491;68;0;0
FR;4;2021-08-12;8585;31;1;0;0;976531;2522;69;0;0
FR;4;2021-08-13;7558;25;0;1;0;984089;2547;69;1;0
FR;4;2021-08-14;3790;20;0;0;0;987879;2567;69;1;0
FR;4;2021-08-15;771;5;0;0;0;988650;2572;69;1;0
FR;4;2021-08-16;4008;17;0;0;0;992658;2589;69;1;0
FR;4;2021-08-17;5628;17;1;0;0;998286;2606;70;1;0
FR;4;2021-08-18;5166;37;0;0;0;1003452;2643;70;1;0
FR;4;2021-08-19;5486;33;3;0;0;1008938;2676;73;1;0
FR;4;2021-08-20;5221;25;1;0;0;1014159;2701;74;1;0
FR;4;2021-08-21;2310;21;1;0;0;1016469;2722;75;1;0
FR;4;2021-08-22;414;2;0;0;0;1016883;2724;75;1;0
FR;4;2021-08-23;2932;19;1;0;0;1019815;2743;76;1;0
FR;4;2021-08-24;3757;15;0;0;0;1023572;2758;76;1;0
FR;4;2021-08-25;3542;25;1;0;0;1027114;2783;77;1;0
FR;4;2021-08-26;3715;21;2;0;0;1030829;2804;79;1;0
FR;4;2021-08-27;3617;31;2;0;0;1034446;2835;81;1;0
FR;4;2021-08-28;1725;10;1;0;0;1036171;2845;82;1;0
FR;4;2021-08-29;385;7;1;0;0;1036556;2852;83;1;0
FR;4;2021-08-30;2009;25;0;0;15;1038565;2877;83;1;15
FR;4;2021-08-31;2485;21;0;0;14;1041050;2898;83;1;29
FR;4;2021-09-01;2083;38;1;0;21;1043133;2936;84;1;50
FR;4;2021-09-02;2306;31;4;0;18;1045439;2967;88;1;68
FR;4;2021-09-03;2363;44;5;0;36;1047802;3011;93;1;104
FR;4;2021-09-04;1373;18;0;0;9;1049175;3029;93;1;113
FR;4;2021-09-05;433;2;0;0;2;1049608;3031;93;1;115
FR;4;2021-09-06;1713;62;0;0;23;1051321;3093;93;1;138
FR;4;2021-09-07;1679;18;0;0;8;1053000;3111;93;1;146
FR;4;2021-09-08;1285;26;3;0;19;1054285;3137;96;1;165
FR;4;2021-09-09;1390;23;2;0;9;1055675;3160;98;1;174
FR;4;2021-09-10;1521;31;2;0;23;1057196;3191;100;1;197
FR;4;2021-09-11;745;11;0;0;3;1057941;3202;100;1;200
FR;4;2021-09-12;169;4;0;0;3;1058110;3206;100;1;203
FR;4;2021-09-13;1322;22;1;0;16;1059432;3228;101;1;219
FR;4;2021-09-14;1503;9;2;0;6;1060935;3237;103;1;225
FR;4;2021-09-15;1095;28;1;0;25;1062030;3265;104;1;250
FR;4;2021-09-16;1105;22;2;0;15;1063135;3287;106;1;265
FR;4;2021-09-17;896;21;1;0;12;1064031;3308;107;1;277
FR;4;2021-09-18;464;6;1;0;5;1064495;3314;108;1;282
FR;4;2021-09-19;182;3;0;0;2;1064677;3317;108;1;284
FR;4;2021-09-20;453;19;0;0;13;1065130;3336;108;1;297
FR;4;2021-09-21;432;11;0;0;7;1065562;3347;108;1;304
FR;4;2021-09-22;374;19;2;0;13;1065936;3366;110;1;317
FR;4;2021-09-23;483;15;1;0;14;1066419;3381;111;1;331
FR;4;2021-09-24;413;13;2;0;9;1066832;3394;113;1;340
FR;4;2021-09-25;280;10;1;0;5;1067112;3404;114;1;345
FR;4;2021-09-26;74;2;0;0;1;1067186;3406;114;1;346
FR;4;2021-09-27;266;10;1;0;8;1067452;3416;115;1;354
FR;4;2021-09-28;318;8;0;0;8;1067770;3424;115;1;362
FR;4;2021-09-29;375;19;1;0;13;1068145;3443;116;1;375
FR;4;2021-09-30;364;41;0;0;22;1068509;3484;116;1;397
FR;4;2021-10-01;411;56;0;0;50;1068920;3540;116;1;447
FR;4;2021-10-02;196;22;1;0;13;1069116;3562;117;1;460
FR;4;2021-10-03;85;1;0;0;0;1069201;3563;117;1;460
FR;4;2021-10-04;361;20;1;0;16;1069562;3583;118;1;476
FR;4;2021-10-05;286;19;2;0;15;1069848;3602;120;1;491
FR;4;2021-10-06;248;23;1;0;18;1070096;3625;121;1;509
FR;4;2021-10-07;265;25;2;0;13;1070361;3650;123;1;522
FR;4;2021-10-08;356;24;2;0;20;1070717;3674;125;1;542
FR;4;2021-10-09;194;6;6;0;7;1070911;3680;131;1;549
FR;4;2021-10-10;97;3;2;0;3;1071008;3683;133;1;552
FR;4;2021-10-11;251;15;1;0;14;1071259;3698;134;1;566
FR;4;2021-10-12;208;14;0;0;13;1071467;3712;134;1;579
FR;4;2021-10-13;220;28;1;0;25;1071687;3740;135;1;604
FR;4;2021-10-14;314;21;4;0;15;1072001;3761;139;1;619
FR;4;2021-10-15;322;24;5;0;25;1072323;3785;144;1;644
FR;4;2021-10-16;166;6;2;0;6;1072489;3791;146;1;650
FR;4;2021-10-17;70;2;0;0;1;1072559;3793;146;1;651
FR;4;2021-10-18;281;16;1;0;13;1072840;3809;147;1;664
FR;4;2021-10-19;215;14;2;0;15;1073055;3823;149;1;679
FR;4;2021-10-20;230;27;4;0;15;1073285;3850;153;1;694
FR;4;2021-10-21;243;17;0;0;13;1073528;3867;153;1;707
FR;4;2021-10-22;217;25;2;0;20;1073745;3892;155;1;727
FR;4;2021-10-23;116;16;1;0;15;1073861;3908;156;1;742
FR;4;2021-10-24;38;4;0;0;1;1073899;3912;156;1;743
FR;4;2021-10-25;214;7;2;0;9;1074113;3919;158;1;752
FR;4;2021-10-26;200;14;0;0;12;1074313;3933;158;1;764
FR;4;2021-10-27;196;12;4;0;12;1074509;3945;162;1;776
FR;4;2021-10-28;184;18;5;0;22;1074693;3963;167;1;798
FR;4;2021-10-29;224;15;2;0;13;1074917;3978;169;1;811
FR;4;2021-10-30;102;2;1;0;2;1075019;3980;170;1;813
FR;4;2021-10-31;59;3;2;0;3;1075078;3983;172;1;816
FR;4;2021-11-01;75;27;4;0;24;1075153;4010;176;1;840
FR;4;2021-11-02;161;21;2;0;21;1075314;4031;178;1;861
FR;4;2021-11-03;130;20;8;1;18;1075444;4051;186;2;879
FR;4;2021-11-04;186;15;1;0;12;1075630;4066;187;2;891
FR;4;2021-11-05;130;17;1;0;16;1075760;4083;188;2;907
FR;4;2021-11-06;80;6;1;0;6;1075840;4089;189;2;913
FR;4;2021-11-07;81;2;2;0;4;1075921;4091;191;2;917
FR;4;2021-11-08;160;20;1;0;20;1076081;4111;192;2;937
FR;4;2021-11-09;157;14;3;0;16;1076238;4125;195;2;953
FR;4;2021-11-10;121;30;6;0;32;1076359;4155;201;2;985
FR;4;2021-11-11;98;10;1;0;11;1076457;4165;202;2;996
FR;4;2021-11-12;105;19;2;0;18;1076562;4184;204;2;1014
FR;4;2021-11-13;74;15;2;0;14;1076636;4199;206;2;1028
FR;4;2021-11-14;55;5;4;0;8;1076691;4204;210;2;1036
FR;4;2021-11-15;99;26;2;0;24;1076790;4230;212;2;1060
FR;4;2021-11-16;107;13;3;0;16;1076897;4243;215;2;1076
FR;4;2021-11-17;119;30;4;0;30;1077016;4273;219;2;1106
FR;4;2021-11-18;100;34;14;0;43;1077116;4307;233;2;1149
FR;4;2021-11-19;87;21;3;0;22;1077203;4328;236;2;1171
FR;4;2021-11-20;77;8;1;0;8;1077280;4336;237;2;1179
FR;4;2021-11-21;68;7;2;0;9;1077348;4343;239;2;1188
FR;4;2021-11-22;107;28;9;0;33;1077455;4371;248;2;1221
FR;4;2021-11-23;77;31;6;0;29;1077532;4402;254;2;1250
FR;4;2021-11-24;89;23;11;0;24;1077621;4425;265;2;1274
FR;4;2021-11-25;93;28;17;0;33;1077714;4453;282;2;1307
FR;4;2021-11-26;84;43;12;0;45;1077798;4496;294;2;1352
FR;4;2021-11-27;41;22;15;0;25;1077839;4518;309;2;1377
FR;4;2021-11-28;50;8;0;0;7;1077889;4526;309;2;1384
FR;4;2021-11-29;90;31;16;0;40;1077979;4557;325;2;1424
FR;4;2021-11-30;75;37;12;0;41;1078054;4594;337;2;1465
FR;4;2021-12-01;88;60;19;0;67;1078142;4654;356;2;1532
FR;4;2021-12-02;107;48;21;0;56;1078249;4702;377;2;1588
FR;4;2021-12-03;101;36;15;0;44;1078350;4738;392;2;1632
FR;4;2021-12-04;72;31;18;0;44;1078422;4769;410;2;1676
FR;4;2021-12-05;62;7;1;0;7;1078484;4776;411;2;1683
FR;4;2021-12-06;109;46;19;0;59;1078593;4822;430;2;1742
FR;4;2021-12-07;82;37;9;0;36;1078675;4859;439;2;1778
FR;4;2021-12-08;70;31;17;0;38;1078745;4890;456;2;1816
FR;4;2021-12-09;63;32;10;1;39;1078808;4922;466;3;1855
FR;4;2021-12-10;63;64;20;0;68;1078871;4986;486;3;1923
FR;4;2021-12-11;28;34;7;0;34;1078899;5020;493;3;1957
FR;4;2021-12-12;26;10;3;0;13;1078925;5030;496;3;1970
FR;4;2021-12-13;73;40;14;0;49;1078998;5070;510;3;2019
FR;4;2021-12-14;61;43;17;0;54;1079059;5113;527;3;2073
FR;4;2021-12-15;68;64;28;0;84;1079127;5177;555;3;2157
FR;4;2021-12-16;34;45;19;0;58;1079161;5222;574;3;2215
FR;4;2021-12-17;39;55;12;0;60;1079200;5277;586;3;2275
FR;4;2021-12-18;49;30;2;0;31;1079249;5307;588;3;2306
FR;4;2021-12-19;15;4;1;0;4;1079264;5311;589;3;2310
FR;4;2021-12-20;43;38;10;0;41;1079307;5349;599;3;2351
FR;4;2021-12-21;30;32;16;0;38;1079337;5381;615;3;2389
FR;4;2021-12-22;37;37;10;0;38;1079374;5418;625;3;2427
FR;4;2021-12-23;39;45;8;0;49;1079413;5463;633;3;2476
FR;4;2021-12-24;23;26;10;0;30;1079436;5489;643;3;2506
FR;4;2021-12-25;7;3;3;0;4;1079443;5492;646;3;2510
FR;4;2021-12-26;5;3;1;0;2;1079448;5495;647;3;2512
FR;4;2021-12-27;31;41;9;0;43;1079479;5536;656;3;2555
FR;4;2021-12-28;25;28;7;0;29;1079504;5564;663;3;2584
FR;4;2021-12-29;53;25;11;0;30;1079557;5589;674;3;2614
FR;4;2021-12-30;46;19;12;0;22;1079603;5608;686;3;2636
FR;4;2021-12-31;19;6;8;0;11;1079622;5614;694;3;2647
FR;4;2022-01-01;5;4;4;0;6;1079627;5618;698;3;2653
FR;4;2022-01-02;40;5;16;0;20;1079667;5623;714;3;2673
FR;4;2022-01-03;43;55;22;1;62;1079710;5678;736;4;2735
FR;4;2022-01-04;37;28;15;0;33;1079747;5706;751;4;2768
FR;4;2022-01-05;51;22;19;0;25;1079798;5728;770;4;2793
FR;4;2022-01-06;49;22;24;0;38;1079847;5750;794;4;2831
FR;4;2022-01-07;30;20;15;0;20;1079877;5770;809;4;2851
FR;4;2022-01-08;11;6;10;0;12;1079888;5776;819;4;2863
FR;4;2022-01-09;18;2;3;0;4;1079906;5778;822;4;2867
FR;4;2022-01-10;49;22;19;0;36;1079955;5800;841;4;2903
FR;4;2022-01-11;28;31;12;0;35;1079983;5831;853;4;2938
FR;4;2022-01-12;33;21;13;0;23;1080016;5852;866;4;2961
FR;4;2022-01-13;53;20;27;0;38;1080069;5872;893;4;2999
FR;4;2022-01-14;23;29;13;0;32;1080092;5901;906;4;3031
FR;4;2022-01-15;13;6;8;0;12;1080105;5907;914;4;3043
FR;4;2022-01-16;12;9;14;0;22;1080117;5916;928;4;3065
FR;4;2022-01-17;27;19;12;0;25;1080144;5935;940;4;3090
FR;4;2022-01-18;16;13;8;0;18;1080160;5948;948;4;3108
FR;4;2022-01-19;31;23;13;0;34;1080191;5971;961;4;3142
FR;4;2022-01-20;32;34;13;0;39;1080223;6005;974;4;3181
FR;4;2022-01-21;11;12;20;1;17;1080234;6017;994;5;3198
FR;4;2022-01-22;30;13;2;0;13;1080264;6030;996;5;3211
FR;4;2022-01-23;8;2;5;0;7;1080272;6032;1001;5;3218
FR;4;2022-01-24;14;21;8;0;27;1080286;6053;1009;5;3245
FR;4;2022-01-25;22;32;10;1;38;1080308;6085;1019;6;3283
FR;4;2022-01-26;19;16;9;1;21;1080327;6101;1028;7;3304
FR;4;2022-01-27;21;18;8;0;24;1080348;6119;1036;7;3328
FR;4;2022-01-28;13;23;8;0;26;1080361;6142;1044;7;3354
FR;4;2022-01-29;17;6;5;0;10;1080378;6148;1049;7;3364
FR;4;2022-01-30;18;3;1;0;4;1080396;6151;1050;7;3368
FR;4;2022-01-31;22;27;8;0;31;1080418;6178;1058;7;3399
FR;4;2022-02-01;12;22;12;0;23;1080430;6200;1070;7;3422
FR;4;2022-02-02;18;11;13;2;19;1080448;6211;1083;9;3441
FR;4;2022-02-03;15;24;10;0;28;1080463;6235;1093;9;3469
FR;4;2022-02-04;7;5;7;0;9;1080470;6240;1100;9;3478
FR;4;2022-02-05;7;14;1;0;13;1080477;6254;1101;9;3491
FR;4;2022-02-06;7;4;4;0;7;1080484;6258;1105;9;3498
FR;4;2022-02-07;15;19;8;0;19;1080499;6277;1113;9;3517
FR;4;2022-02-08;19;21;13;1;22;1080518;6298;1126;10;3539
FR;4;2022-02-09;17;11;8;0;15;1080535;6309;1134;10;3554
FR;4;2022-02-10;22;23;9;0;24;1080557;6332;1143;10;3578
FR;4;2022-02-11;18;15;8;0;20;1080575;6347;1151;10;3598
FR;4;2022-02-12;24;6;2;0;6;1080599;6353;1153;10;3604
FR;4;2022-02-13;7;3;3;0;6;1080606;6356;1156;10;3610
FR;4;2022-02-14;20;10;10;0;16;1080626;6366;1166;10;3626
FR;4;2022-02-15;18;7;1;0;7;1080644;6373;1167;10;3633
FR;4;2022-02-16;16;9;11;0;16;1080660;6382;1178;10;3649
FR;4;2022-02-17;11;4;4;0;6;1080671;6386;1182;10;3655
FR;4;2022-02-18;16;15;8;0;21;1080687;6401;1190;10;3676
FR;4;2022-02-19;16;4;2;0;5;1080703;6405;1192;10;3681
FR;4;2022-02-20;8;3;0;0;2;1080711;6408;1192;10;3683
FR;4;2022-02-21;23;4;4;0;6;1080734;6412;1196;10;3689
FR;4;2022-02-22;8;5;10;0;10;1080742;6417;1206;10;3699
FR;4;2022-02-23;17;6;10;0;10;1080759;6423;1216;10;3709
FR;4;2022-02-24;11;5;3;0;6;1080770;6428;1219;10;3715
FR;4;2022-02-25;15;5;7;0;6;1080785;6433;1226;10;3721
FR;4;2022-02-26;27;3;0;0;3;1080812;6436;1226;10;3724
FR;4;2022-02-27;9;0;1;0;1;1080821;6436;1227;10;3725
FR;4;2022-02-28;18;3;2;0;3;1080839;6439;1229;10;3728
FR;4;2022-03-01;8;4;7;0;5;1080847;6443;1236;10;3733
FR;4;2022-03-02;15;2;4;0;5;1080862;6445;1240;10;3738
FR;4;2022-03-03;17;5;3;0;6;1080879;6450;1243;10;3744
FR;4;2022-03-04;7;7;2;1;5;1080886;6457;1245;11;3749
FR;4;2022-03-05;9;2;0;0;2;1080895;6459;1245;11;3751
FR;4;2022-03-06;4;0;1;0;1;1080899;6459;1246;11;3752
FR;4;2022-03-07;10;4;2;0;3;1080909;6463;1248;11;3755
FR;4;2022-03-08;14;3;0;0;3;1080923;6466;1248;11;3758
FR;4;2022-03-09;8;7;2;0;7;1080931;6473;1250;11;3765
FR;4;2022-03-10;5;1;6;0;3;1080936;6474;1256;11;3768
FR;4;2022-03-11;10;4;5;0;2;1080946;6478;1261;11;3770
FR;4;2022-03-12;10;2;0;0;0;1080956;6480;1261;11;3770
FR;4;2022-03-13;6;1;1;0;2;1080962;6481;1262;11;3772
FR;4;2022-03-14;4;3;1;0;3;1080966;6484;1263;11;3775
FR;4;2022-03-15;7;6;3;0;5;1080973;6490;1266;11;3780
FR;4;2022-03-16;7;3;3;0;3;1080980;6493;1269;11;3783
FR;4;2022-03-17;3;4;1;0;5;1080983;6497;1270;11;3788
FR;4;2022-03-18;9;3;0;0;3;1080992;6500;1270;11;3791
FR;4;2022-03-19;1;1;1;0;2;1080993;6501;1271;11;3793
FR;4;2022-03-20;2;0;2;0;1;1080995;6501;1273;11;3794
FR;4;2022-03-21;6;3;1;0;4;1081001;6504;1274;11;3798
FR;4;2022-03-22;4;2;2;0;3;1081005;6506;1276;11;3801
FR;4;2022-03-23;6;4;4;0;7;1081011;6510;1280;11;3808
FR;4;2022-03-24;2;5;3;1;7;1081013;6515;1283;12;3815
FR;4;2022-03-25;3;1;2;0;1;1081016;6516;1285;12;3816
FR;4;2022-03-26;5;5;0;0;5;1081021;6521;1285;12;3821
FR;4;2022-03-27;1;0;3;0;2;1081022;6521;1288;12;3823
FR;4;2022-03-28;5;1;3;0;3;1081027;6522;1291;12;3826
FR;4;2022-03-29;9;0;4;1;0;1081036;6522;1295;13;3826
FR;4;2022-03-30;3;4;0;0;4;1081039;6526;1295;13;3830
FR;4;2022-03-31;3;3;2;1;4;1081042;6529;1297;14;3834
FR;4;2022-04-01;14;2;5;0;5;1081056;6531;1302;14;3839
FR;4;2022-04-02;4;4;0;0;3;1081060;6535;1302;14;3842
FR;4;2022-04-03;0;1;0;0;1;1081060;6536;1302;14;3843
FR;4;2022-04-04;4;4;4;0;5;1081064;6540;1306;14;3848
FR;4;2022-04-05;4;3;2;1;3;1081068;6543;1308;15;3851
FR;4;2022-04-06;6;0;0;0;0;1081074;6543;1308;15;3851
FR;4;2022-04-07;3;2;3;2;5;1081077;6545;1311;17;3856
FR;4;2022-04-08;4;2;1;0;2;1081081;6547;1312;17;3858
FR;4;2022-04-09;0;0;1;1;1;1081081;6547;1313;18;3859
FR;4;2022-04-10;1;2;0;0;2;1081082;6549;1313;18;3861
FR;4;2022-04-11;4;3;4;0;5;1081086;6552;1317;18;3866
FR;4;2022-04-12;5;1;4;0;2;1081091;6553;1321;18;3868
FR;4;2022-04-13;5;8;2;0;10;1081096;6561;1323;18;3878
FR;4;2022-04-14;6;4;2;1;5;1081102;6565;1325;19;3883
FR;4;2022-04-15;5;9;1;0;10;1081107;6574;1326;19;3893
FR;4;2022-04-16;1;0;0;0;0;1081108;6574;1326;19;3893
FR;4;2022-04-17;3;2;1;0;3;1081111;6576;1327;19;3896
FR;4;2022-04-18;2;2;6;0;4;1081113;6578;1333;19;3900
FR;4;2022-04-19;2;0;1;0;0;1081115;6578;1334;19;3900
FR;4;2022-04-20;14;4;1;1;3;1081129;6582;1335;20;3903
FR;4;2022-04-21;7;1;0;0;1;1081136;6583;1335;20;3904
FR;4;2022-04-22;1;1;2;0;2;1081137;6584;1337;20;3906
FR;4;2022-04-23;2;3;3;0;6;1081139;6587;1340;20;3912
FR;4;2022-04-24;0;3;0;0;3;1081139;6590;1340;20;3915
FR;4;2022-04-25;3;5;3;0;8;1081142;6595;1343;20;3923
FR;4;2022-04-26;5;6;1;0;6;1081147;6601;1344;20;3929
FR;4;2022-04-27;4;1;1;1;1;1081151;6602;1345;21;3930
FR;4;2022-04-28;3;5;5;0;6;1081154;6607;1350;21;3936
FR;4;2022-04-29;6;3;0;0;2;1081160;6610;1350;21;3938
FR;4;2022-04-30;2;1;1;0;2;1081162;6611;1351;21;3940
FR;4;2022-05-01;0;0;0;0;0;1081162;6611;1351;21;3940
FR;4;2022-05-02;5;16;6;0;19;1081167;6627;1357;21;3959
FR;4;2022-05-03;2;6;2;0;7;1081169;6633;1359;21;3966
FR;4;2022-05-04;7;4;1;0;4;1081176;6637;1360;21;3970
FR;4;2022-05-05;2;2;1;1;1;1081178;6639;1361;22;3971
FR;4;2022-05-06;5;3;1;0;2;1081183;6642;1362;22;3973
FR;4;2022-05-07;0;0;0;0;0;1081183;6642;1362;22;3973
FR;4;2022-05-08;1;1;0;0;1;1081184;6643;1362;22;3974
FR;4;2022-05-09;5;1;0;0;1;1081189;6644;1362;22;3975
FR;4;2022-05-10;2;1;0;2;3;1081191;6645;1362;24;3978
FR;4;2022-05-11;3;2;4;0;5;1081194;6647;1366;24;3983
FR;4;2022-05-12;6;4;2;1;5;1081200;6651;1368;25;3988
FR;4;2022-05-13;1;0;2;0;2;1081201;6651;1370;25;3990
FR;4;2022-05-14;0;2;0;0;2;1081201;6653;1370;25;3992
FR;4;2022-05-15;2;2;0;0;0;1081203;6655;1370;25;3992
FR;4;2022-05-16;5;2;2;0;2;1081208;6657;1372;25;3994
FR;4;2022-05-17;5;1;2;0;3;1081213;6658;1374;25;3997
FR;4;2022-05-18;3;6;0;0;6;1081216;6664;1374;25;4003
FR;4;2022-05-19;2;3;3;0;5;1081218;6667;1377;25;4008
FR;4;2022-05-20;4;2;3;0;2;1081222;6669;1380;25;4010
FR;4;2022-05-21;2;0;1;0;1;1081224;6669;1381;25;4011
FR;4;2022-05-22;0;0;1;0;1;1081224;6669;1382;25;4012
FR;4;2022-05-23;0;0;2;0;0;1081224;6669;1384;25;4012
FR;4;2022-05-24;2;4;0;0;4;1081226;6673;1384;25;4016
FR;4;2022-05-25;1;3;1;0;2;1081227;6676;1385;25;4018
FR;4;2022-05-26;5;0;1;0;1;1081232;6676;1386;25;4019
FR;4;2022-05-27;0;2;0;1;2;1081232;6678;1386;26;4021
FR;4;2022-05-28;1;0;0;0;0;1081233;6678;1386;26;4021
FR;4;2022-05-29;1;0;1;0;1;1081234;6678;1387;26;4022
FR;4;2022-05-30;2;4;2;0;5;1081236;6682;1389;26;4027
FR;4;2022-05-31;2;1;0;0;1;1081238;6683;1389;26;4028
FR;4;2022-06-01;3;11;7;0;15;1081241;6694;1396;26;4043
FR;4;2022-06-02;5;6;3;0;7;1081246;6700;1399;26;4050
FR;4;2022-06-03;2;6;4;1;7;1081248;6706;1403;27;4057
FR;4;2022-06-04;0;1;1;0;1;1081248;6707;1404;27;4058
FR;4;2022-06-05;0;0;0;0;0;1081248;6707;1404;27;4058
FR;4;2022-06-06;6;0;3;0;2;1081254;6707;1407;27;4060
FR;4;2022-06-07;5;2;0;1;2;1081259;6709;1407;28;4062
FR;4;2022-06-08;0;3;3;0;6;1081259;6712;1410;28;4068
FR;4;2022-06-09;1;2;0;0;1;1081260;6714;1410;28;4069
FR;4;2022-06-10;3;0;3;0;1;1081263;6714;1413;28;4070
FR;4;2022-06-11;1;0;0;0;0;1081264;6714;1413;28;4070
FR;4;2022-06-12;4;0;0;0;0;1081268;6714;1413;28;4070
FR;4;2022-06-13;5;2;3;0;2;1081273;6716;1416;28;4072
FR;4;2022-06-14;4;3;0;0;2;1081277;6719;1416;28;4074
FR;4;2022-06-15;8;3;4;0;3;1081285;6722;1420;28;4077
FR;4;2022-06-16;1;3;1;1;2;1081286;6725;1421;29;4079
FR;4;2022-06-17;6;1;0;0;1;1081292;6726;1421;29;4080
FR;4;2022-06-18;0;0;0;0;0;1081292;6726;1421;29;4080
FR;4;2022-06-19;0;0;0;0;0;1081292;6726;1421;29;4080
FR;4;2022-06-20;4;2;2;1;3;1081296;6728;1423;30;4083
FR;4;2022-06-21;5;2;3;1;3;1081301;6730;1426;31;4086
FR;4;2022-06-22;3;1;0;3;1;1081304;6731;1426;34;4087
FR;4;2022-06-23;3;3;3;0;5;1081307;6734;1429;34;4092
FR;4;2022-06-24;3;0;2;0;0;1081310;6734;1431;34;4092
FR;4;2022-06-25;1;0;1;1;1;1081311;6734;1432;35;4093
FR;4;2022-06-26;0;0;1;0;1;1081311;6734;1433;35;4094
FR;4;2022-06-27;2;2;0;3;2;1081313;6736;1433;38;4096
FR;4;2022-06-28;0;4;2;1;5;1081313;6740;1435;39;4101
FR;4;2022-06-29;1;2;0;0;2;1081314;6742;1435;39;4103
FR;4;2022-06-30;2;0;0;0;0;1081316;6742;1435;39;4103
FR;4;2022-07-01;2;4;8;0;4;1081318;6746;1443;39;4107
FR;4;2022-07-02;0;1;0;0;0;1081318;6747;1443;39;4107
FR;4;2022-07-03;0;0;0;0;0;1081318;6747;1443;39;4107
FR;4;2022-07-04;3;1;0;0;1;1081321;6748;1443;39;4108
FR;4;2022-07-05;2;0;2;0;2;1081323;6748;1445;39;4110
FR;4;2022-07-06;5;0;1;1;0;1081328;6748;1446;40;4110
FR;4;2022-07-07;1;0;2;1;0;1081329;6748;1448;41;4110
FR;4;2022-07-08;3;1;0;0;1;1081332;6749;1448;41;4111
FR;4;2022-07-09;2;2;1;0;3;1081334;6751;1449;41;4114
FR;4;2022-07-10;2;0;1;0;0;1081336;6751;1450;41;4114
FR;4;2022-07-11;2;0;2;0;0;1081338;6751;1452;41;4114
FR;4;2022-07-12;0;0;2;0;2;1081338;6751;1454;41;4116
FR;4;2022-07-13;2;2;3;0;2;1081340;6753;1457;41;4118
FR;4;2022-07-14;4;0;1;0;0;1081344;6753;1458;41;4118
FR;4;2022-07-15;11;2;0;0;2;1081355;6755;1458;41;4120
FR;4;2022-07-16;4;0;0;2;0;1081359;6755;1458;43;4120
FR;4;2022-07-17;0;0;1;0;0;1081359;6755;1459;43;4120
FR;4;2022-07-18;3;2;2;0;2;1081362;6757;1461;43;4122
FR;4;2022-07-19;4;0;1;0;1;1081366;6757;1462;43;4123
FR;4;2022-07-20;10;0;0;0;0;1081376;6757;1462;43;4123
FR;4;2022-07-21;2;1;1;0;1;1081378;6758;1463;43;4124
FR;4;2022-07-22;4;0;3;0;1;1081382;6758;1466;43;4125
FR;4;2022-07-23;1;2;0;0;1;1081383;6760;1466;43;4126
FR;4;2022-07-24;0;0;0;0;0;1081383;6760;1466;43;4126
FR;4;2022-07-25;5;0;2;0;2;1081388;6760;1468;43;4128
FR;4;2022-07-26;2;0;0;0;0;1081390;6760;1468;43;4128
FR;4;2022-07-27;2;1;0;0;0;1081392;6761;1468;43;4128
FR;4;2022-07-28;11;0;0;0;0;1081403;6761;1468;43;4128
FR;4;2022-07-29;3;0;1;0;0;1081406;6761;1469;43;4128
FR;4;2022-07-30;3;0;2;0;0;1081409;6761;1471;43;4128
FR;4;2022-07-31;0;0;0;0;0;1081409;6761;1471;43;4128
FR;4;2022-08-01;1;0;2;0;1;1081410;6761;1473;43;4129
FR;4;2022-08-02;6;0;0;0;0;1081416;6761;1473;43;4129
FR;4;2022-08-03;0;2;1;0;2;1081416;6763;1474;43;4131
FR;4;2022-08-04;3;2;0;1;2;1081419;6765;1474;44;4133
FR;4;2022-08-05;2;0;1;0;0;1081421;6765;1475;44;4133
FR;4;2022-08-06;2;0;0;0;0;1081423;6765;1475;44;4133
FR;4;2022-08-07;3;0;0;0;0;1081426;6765;1475;44;4133
FR;4;2022-08-08;1;0;1;1;1;1081427;6765;1476;45;4134
FR;4;2022-08-09;1;1;1;2;2;1081428;6766;1477;47;4136
FR;4;2022-08-10;5;1;1;0;1;1081433;6767;1478;47;4137
FR;4;2022-08-11;4;0;1;0;1;1081437;6767;1479;47;4138
FR;4;2022-08-12;4;0;1;0;0;1081441;6767;1480;47;4138
FR;4;2022-08-13;1;0;0;0;0;1081442;6767;1480;47;4138
FR;4;2022-08-14;0;0;0;0;0;1081442;6767;1480;47;4138
FR;4;2022-08-15;1;2;3;0;2;1081443;6769;1483;47;4140
FR;4;2022-08-16;0;0;1;0;1;1081443;6769;1484;47;4141
FR;4;2022-08-17;2;0;0;0;0;1081445;6769;1484;47;4141
FR;4;2022-08-18;1;0;0;0;0;1081446;6769;1484;47;4141
FR;4;2022-08-19;5;0;0;0;0;1081451;6769;1484;47;4141
FR;4;2022-08-20;1;0;0;0;0;1081452;6769;1484;47;4141
FR;4;2022-08-21;1;0;0;0;0;1081453;6769;1484;47;4141
FR;4;2022-08-22;3;9;0;0;9;1081456;6778;1484;47;4150
FR;4;2022-08-23;1;3;3;0;4;1081457;6781;1487;47;4154
FR;4;2022-08-24;5;0;0;1;0;1081462;6781;1487;48;4154
FR;4;2022-08-25;0;3;1;0;3;1081462;6784;1488;48;4157
FR;4;2022-08-26;2;0;0;1;0;1081464;6784;1488;49;4157
FR;4;2022-08-27;1;0;0;0;0;1081465;6784;1488;49;4157
FR;4;2022-08-28;0;0;0;0;0;1081465;6784;1488;49;4157
FR;4;2022-08-29;6;0;0;0;0;1081471;6784;1488;49;4157
FR;4;2022-08-30;4;0;0;0;0;1081475;6784;1488;49;4157
FR;4;2022-08-31;1;1;0;0;1;1081476;6785;1488;49;4158
FR;4;2022-09-01;1;7;2;0;6;1081477;6792;1490;49;4164
FR;4;2022-09-02;1;1;1;0;2;1081478;6793;1491;49;4166
FR;4;2022-09-03;3;0;0;0;0;1081481;6793;1491;49;4166
FR;4;2022-09-04;0;0;0;0;0;1081481;6793;1491;49;4166
FR;4;2022-09-05;2;2;0;0;2;1081483;6795;1491;49;4168
FR;4;2022-09-06;1;0;0;0;0;1081484;6795;1491;49;4168
FR;4;2022-09-07;0;0;1;1;1;1081484;6795;1492;50;4169
FR;4;2022-09-08;3;0;0;0;0;1081487;6795;1492;50;4169
FR;4;2022-09-09;2;0;0;0;0;1081489;6795;1492;50;4169
FR;4;2022-09-10;0;0;0;3;1;1081489;6795;1492;53;4170
FR;4;2022-09-11;2;0;0;0;0;1081491;6795;1492;53;4170
FR;4;2022-09-12;1;1;1;0;1;1081492;6796;1493;53;4171
FR;4;2022-09-13;1;0;0;0;0;1081493;6796;1493;53;4171
FR;4;2022-09-14;0;0;0;0;0;1081493;6796;1493;53;4171
FR;4;2022-09-15;3;0;0;0;0;1081496;6796;1493;53;4171
FR;4;2022-09-16;0;0;0;0;0;1081496;6796;1493;53;4171
FR;4;2022-09-17;2;0;0;0;0;1081498;6796;1493;53;4171
FR;4;2022-09-18;0;0;0;0;0;1081498;6796;1493;53;4171
FR;4;2022-09-19;2;0;2;0;2;1081500;6796;1495;53;4173
FR;4;2022-09-20;2;0;0;0;0;1081502;6796;1495;53;4173
FR;4;2022-09-21;2;0;0;0;0;1081504;6796;1495;53;4173
FR;4;2022-09-22;1;0;0;0;0;1081505;6796;1495;53;4173
FR;4;2022-09-23;2;3;0;0;2;1081507;6799;1495;53;4175
FR;4;2022-09-24;1;0;0;0;0;1081508;6799;1495;53;4175
FR;4;2022-09-25;0;0;0;0;0;1081508;6799;1495;53;4175
FR;4;2022-09-26;2;0;1;0;0;1081510;6799;1496;53;4175
FR;4;2022-09-27;0;0;0;1;0;1081510;6799;1496;54;4175
FR;4;2022-09-28;3;0;2;0;2;1081513;6799;1498;54;4177
FR;4;2022-09-29;3;0;1;1;1;1081516;6799;1499;55;4178
FR;4;2022-09-30;1;0;0;0;0;1081517;6799;1499;55;4178
FR;4;2022-10-01;1;1;0;0;0;1081518;6800;1499;55;4178
FR;4;2022-10-02;0;0;0;0;0;1081518;6800;1499;55;4178
FR;4;2022-10-03;2;2;0;0;1;1081520;6802;1499;55;4179
FR;4;2022-10-04;2;0;0;0;0;1081522;6802;1499;55;4179
FR;4;2022-10-05;0;1;0;0;1;1081522;6803;1499;55;4180
FR;4;2022-10-06;1;0;0;0;0;1081523;6803;1499;55;4180
FR;4;2022-10-07;3;0;1;0;0;1081526;6803;1500;55;4180
FR;4;2022-10-08;3;1;0;0;0;1081529;6804;1500;55;4180
FR;4;2022-10-09;0;0;0;0;0;1081529;6804;1500;55;4180
FR;4;2022-10-10;4;0;1;3;1;1081533;6804;1501;58;4181
FR;4;2022-10-11;1;2;0;0;1;1081534;6806;1501;58;4182
FR;4;2022-10-12;0;0;0;0;0;1081534;6806;1501;58;4182
FR;4;2022-10-13;5;0;0;0;0;1081539;6806;1501;58;4182
FR;4;2022-10-14;1;0;0;0;0;1081540;6806;1501;58;4182
FR;4;2022-10-15;0;1;0;0;1;1081540;6807;1501;58;4183
FR;4;2022-10-16;0;0;0;0;0;1081540;6807;1501;58;4183
FR;4;2022-10-17;2;0;1;0;1;1081542;6807;1502;58;4184
FR;4;2022-10-18;1;0;0;1;0;1081543;6807;1502;59;4184
FR;4;2022-10-19;1;0;0;2;0;1081544;6807;1502;61;4184
FR;4;2022-10-20;2;1;0;0;1;1081546;6808;1502;61;4185
FR;4;2022-10-21;0;0;0;0;0;1081546;6808;1502;61;4185
FR;4;2022-10-22;1;0;0;0;0;1081547;6808;1502;61;4185
FR;4;2022-10-23;0;0;0;0;0;1081547;6808;1502;61;4185
FR;4;2022-10-24;0;0;0;0;0;1081547;6808;1502;61;4185
FR;4;2022-10-25;1;0;0;0;0;1081548;6808;1502;61;4185
FR;4;2022-10-26;2;1;0;0;1;1081550;6809;1502;61;4186
FR;4;2022-10-27;3;1;1;0;0;1081553;6810;1503;61;4186
FR;4;2022-10-28;0;0;0;0;0;1081553;6810;1503;61;4186
FR;4;2022-10-29;1;0;0;3;0;1081554;6810;1503;64;4186
FR;4;2022-10-30;0;0;0;0;0;1081554;6810;1503;64;4186
FR;4;2022-10-31;0;0;0;0;0;1081554;6810;1503;64;4186
FR;4;2022-11-01;0;0;0;0;0;1081554;6810;1503;64;4186
FR;4;2022-11-02;0;0;1;2;1;1081554;6810;1504;66;4187
FR;4;2022-11-03;1;0;0;0;0;1081555;6810;1504;66;4187
FR;4;2022-11-04;3;1;0;0;0;1081558;6811;1504;66;4187
FR;4;2022-11-05;0;0;0;0;0;1081558;6811;1504;66;4187
FR;4;2022-11-06;1;0;0;0;0;1081559;6811;1504;66;4187
FR;4;2022-11-07;1;0;0;0;0;1081560;6811;1504;66;4187
FR;4;2022-11-08;2;0;0;0;0;1081562;6811;1504;66;4187
FR;5;2020-12-27;0;0;0;0;0;0;0;0;0;0
FR;5;2020-12-28;0;0;0;0;0;0;0;0;0;0
FR;5;2020-12-29;0;0;0;0;0;0;0;0;0;0
FR;5;2020-12-30;0;0;0;0;0;0;0;0;0;0
FR;5;2020-12-31;0;0;0;0;0;0;0;0;0;0
FR;5;2021-01-01;0;0;0;0;0;0;0;0;0;0
FR;5;2021-01-02;0;0;0;0;0;0;0;0;0;0
FR;5;2021-01-03;0;0;0;0;0;0;0;0;0;0
FR;5;2021-01-04;0;0;0;0;0;0;0;0;0;0
FR;5;2021-01-05;0;0;0;0;0;0;0;0;0;0
FR;5;2021-01-06;0;0;0;0;0;0;0;0;0;0
FR;5;2021-01-07;0;0;0;0;0;0;0;0;0;0
FR;5;2021-01-08;0;0;0;0;0;0;0;0;0;0
FR;5;2021-01-09;0;0;0;0;0;0;0;0;0;0
FR;5;2021-01-10;0;0;0;0;0;0;0;0;0;0
FR;5;2021-01-11;0;0;0;0;0;0;0;0;0;0
FR;5;2021-01-12;0;0;0;0;0;0;0;0;0;0
FR;5;2021-01-13;0;0;0;0;0;0;0;0;0;0
FR;5;2021-01-14;0;0;0;0;0;0;0;0;0;0
FR;5;2021-01-15;0;0;0;0;0;0;0;0;0;0
FR;5;2021-01-16;0;0;0;0;0;0;0;0;0;0
FR;5;2021-01-17;0;0;0;0;0;0;0;0;0;0
FR;5;2021-01-18;0;0;0;0;0;0;0;0;0;0
FR;5;2021-01-19;0;0;0;0;0;0;0;0;0;0
FR;5;2021-01-20;0;0;0;0;0;0;0;0;0;0
FR;5;2021-01-21;0;0;0;0;0;0;0;0;0;0
FR;5;2021-01-22;0;0;0;0;0;0;0;0;0;0
FR;5;2021-01-23;0;0;0;0;0;0;0;0;0;0
FR;5;2021-01-24;0;0;0;0;0;0;0;0;0;0
FR;5;2021-01-25;0;0;0;0;0;0;0;0;0;0
FR;5;2021-01-26;0;0;0;0;0;0;0;0;0;0
FR;5;2021-01-27;0;0;0;0;0;0;0;0;0;0
FR;5;2021-01-28;0;0;0;0;0;0;0;0;0;0
FR;5;2021-01-29;0;0;0;0;0;0;0;0;0;0
FR;5;2021-01-30;0;0;0;0;0;0;0;0;0;0
FR;5;2021-01-31;0;0;0;0;0;0;0;0;0;0
FR;5;2021-02-01;0;0;0;0;0;0;0;0;0;0
FR;5;2021-02-02;0;0;0;0;0;0;0;0;0;0
FR;5;2021-02-03;0;0;0;0;0;0;0;0;0;0
FR;5;2021-02-04;0;0;0;0;0;0;0;0;0;0
FR;5;2021-02-05;0;0;0;0;0;0;0;0;0;0
FR;5;2021-02-06;0;0;0;0;0;0;0;0;0;0
FR;5;2021-02-07;0;0;0;0;0;0;0;0;0;0
FR;5;2021-02-08;0;0;0;0;0;0;0;0;0;0
FR;5;2021-02-09;0;0;0;0;0;0;0;0;0;0
FR;5;2021-02-10;0;0;0;0;0;0;0;0;0;0
FR;5;2021-02-11;0;0;0;0;0;0;0;0;0;0
FR;5;2021-02-12;0;0;0;0;0;0;0;0;0;0
FR;5;2021-02-13;0;0;0;0;0;0;0;0;0;0
FR;5;2021-02-14;0;0;0;0;0;0;0;0;0;0
FR;5;2021-02-15;0;0;0;0;0;0;0;0;0;0
FR;5;2021-02-16;0;0;0;0;0;0;0;0;0;0
FR;5;2021-02-17;0;0;0;0;0;0;0;0;0;0
FR;5;2021-02-18;0;0;0;0;0;0;0;0;0;0
FR;5;2021-02-19;0;0;0;0;0;0;0;0;0;0
FR;5;2021-02-20;0;0;0;0;0;0;0;0;0;0
FR;5;2021-02-21;0;0;0;0;0;0;0;0;0;0
FR;5;2021-02-22;0;0;0;0;0;0;0;0;0;0
FR;5;2021-02-23;0;0;0;0;0;0;0;0;0;0
FR;5;2021-02-24;0;0;0;0;0;0;0;0;0;0
FR;5;2021-02-25;0;0;0;0;0;0;0;0;0;0
FR;5;2021-02-26;0;0;0;0;0;0;0;0;0;0
FR;5;2021-02-27;0;0;0;0;0;0;0;0;0;0
FR;5;2021-02-28;0;0;0;0;0;0;0;0;0;0
FR;5;2021-03-01;0;0;0;0;0;0;0;0;0;0
FR;5;2021-03-02;0;0;0;0;0;0;0;0;0;0
FR;5;2021-03-03;0;0;0;0;0;0;0;0;0;0
FR;5;2021-03-04;0;0;0;0;0;0;0;0;0;0
FR;5;2021-03-05;0;0;0;0;0;0;0;0;0;0
FR;5;2021-03-06;0;0;0;0;0;0;0;0;0;0
FR;5;2021-03-07;0;0;0;0;0;0;0;0;0;0
FR;5;2021-03-08;0;0;0;0;0;0;0;0;0;0
FR;5;2021-03-09;0;0;0;0;0;0;0;0;0;0
FR;5;2021-03-10;0;0;0;0;0;0;0;0;0;0
FR;5;2021-03-11;0;0;0;0;0;0;0;0;0;0
FR;5;2021-03-12;0;0;0;0;0;0;0;0;0;0
FR;5;2021-03-13;0;0;0;0;0;0;0;0;0;0
FR;5;2021-03-14;0;0;0;0;0;0;0;0;0;0
FR;5;2021-03-15;0;0;0;0;0;0;0;0;0;0
FR;5;2021-03-16;0;0;0;0;0;0;0;0;0;0
FR;5;2021-03-17;0;0;0;0;0;0;0;0;0;0
FR;5;2021-03-18;0;0;0;0;0;0;0;0;0;0
FR;5;2021-03-19;0;0;0;0;0;0;0;0;0;0
FR;5;2021-03-20;0;0;0;0;0;0;0;0;0;0
FR;5;2021-03-21;0;0;0;0;0;0;0;0;0;0
FR;5;2021-03-22;0;0;0;0;0;0;0;0;0;0
FR;5;2021-03-23;0;0;0;0;0;0;0;0;0;0
FR;5;2021-03-24;0;0;0;0;0;0;0;0;0;0
FR;5;2021-03-25;0;0;0;0;0;0;0;0;0;0
FR;5;2021-03-26;0;0;0;0;0;0;0;0;0;0
FR;5;2021-03-27;0;0;0;0;0;0;0;0;0;0
FR;5;2021-03-28;0;0;0;0;0;0;0;0;0;0
FR;5;2021-03-29;0;0;0;0;0;0;0;0;0;0
FR;5;2021-03-30;0;0;0;0;0;0;0;0;0;0
FR;5;2021-03-31;0;0;0;0;0;0;0;0;0;0
FR;5;2021-04-01;0;0;0;0;0;0;0;0;0;0
FR;5;2021-04-02;0;0;0;0;0;0;0;0;0;0
FR;5;2021-04-03;0;0;0;0;0;0;0;0;0;0
FR;5;2021-04-04;0;0;0;0;0;0;0;0;0;0
FR;5;2021-04-05;0;0;0;0;0;0;0;0;0;0
FR;5;2021-04-06;0;0;0;0;0;0;0;0;0;0
FR;5;2021-04-07;0;0;0;0;0;0;0;0;0;0
FR;5;2021-04-08;0;0;0;0;0;0;0;0;0;0
FR;5;2021-04-09;0;0;0;0;0;0;0;0;0;0
FR;5;2021-04-10;0;0;0;0;0;0;0;0;0;0
FR;5;2021-04-11;0;0;0;0;0;0;0;0;0;0
FR;5;2021-04-12;0;0;0;0;0;0;0;0;0;0
FR;5;2021-04-13;0;0;0;0;0;0;0;0;0;0
FR;5;2021-04-14;0;0;0;0;0;0;0;0;0;0
FR;5;2021-04-15;0;0;0;0;0;0;0;0;0;0
FR;5;2021-04-16;0;0;0;0;0;0;0;0;0;0
FR;5;2021-04-17;0;0;0;0;0;0;0;0;0;0
FR;5;2021-04-18;0;0;0;0;0;0;0;0;0;0
FR;5;2021-04-19;0;0;0;0;0;0;0;0;0;0
FR;5;2021-04-20;0;0;0;0;0;0;0;0;0;0
FR;5;2021-04-21;0;0;0;0;0;0;0;0;0;0
FR;5;2021-04-22;0;0;0;0;0;0;0;0;0;0
FR;5;2021-04-23;0;0;0;0;0;0;0;0;0;0
FR;5;2021-04-24;0;0;0;0;0;0;0;0;0;0
FR;5;2021-04-25;0;0;0;0;0;0;0;0;0;0
FR;5;2021-04-26;0;0;0;0;0;0;0;0;0;0
FR;5;2021-04-27;0;0;0;0;0;0;0;0;0;0
FR;5;2021-04-28;0;0;0;0;0;0;0;0;0;0
FR;5;2021-04-29;0;0;0;0;0;0;0;0;0;0
FR;5;2021-04-30;0;0;0;0;0;0;0;0;0;0
FR;5;2021-05-01;0;0;0;0;0;0;0;0;0;0
FR;5;2021-05-02;0;0;0;0;0;0;0;0;0;0
FR;5;2021-05-03;0;0;0;0;0;0;0;0;0;0
FR;5;2021-05-04;0;0;0;0;0;0;0;0;0;0
FR;5;2021-05-05;0;0;0;0;0;0;0;0;0;0
FR;5;2021-05-06;0;0;0;0;0;0;0;0;0;0
FR;5;2021-05-07;0;0;0;0;0;0;0;0;0;0
FR;5;2021-05-08;0;0;0;0;0;0;0;0;0;0
FR;5;2021-05-09;0;0;0;0;0;0;0;0;0;0
FR;5;2021-05-10;0;0;0;0;0;0;0;0;0;0
FR;5;2021-05-11;0;0;0;0;0;0;0;0;0;0
FR;5;2021-05-12;0;0;0;0;0;0;0;0;0;0
FR;5;2021-05-13;0;0;0;0;0;0;0;0;0;0
FR;5;2021-05-14;0;0;0;0;0;0;0;0;0;0
FR;5;2021-05-15;0;0;0;0;0;0;0;0;0;0
FR;5;2021-05-16;0;0;0;0;0;0;0;0;0;0
FR;5;2021-05-17;0;0;0;0;0;0;0;0;0;0
FR;5;2021-05-18;0;0;0;0;0;0;0;0;0;0
FR;5;2021-05-19;0;0;0;0;0;0;0;0;0;0
FR;5;2021-05-20;0;0;0;0;0;0;0;0;0;0
FR;5;2021-05-21;0;0;0;0;0;0;0;0;0;0
FR;5;2021-05-22;0;0;0;0;0;0;0;0;0;0
FR;5;2021-05-23;0;0;0;0;0;0;0;0;0;0
FR;5;2021-05-24;0;0;0;0;0;0;0;0;0;0
FR;5;2021-05-25;0;0;0;0;0;0;0;0;0;0
FR;5;2021-05-26;0;0;0;0;0;0;0;0;0;0
FR;5;2021-05-27;0;0;0;0;0;0;0;0;0;0
FR;5;2021-05-28;0;0;0;0;0;0;0;0;0;0
FR;5;2021-05-29;0;0;0;0;0;0;0;0;0;0
FR;5;2021-05-30;0;0;0;0;0;0;0;0;0;0
FR;5;2021-05-31;0;0;0;0;0;0;0;0;0;0
FR;5;2021-06-01;0;0;0;0;0;0;0;0;0;0
FR;5;2021-06-02;0;0;0;0;0;0;0;0;0;0
FR;5;2021-06-03;0;0;0;0;0;0;0;0;0;0
FR;5;2021-06-04;0;0;0;0;0;0;0;0;0;0
FR;5;2021-06-05;0;0;0;0;0;0;0;0;0;0
FR;5;2021-06-06;0;0;0;0;0;0;0;0;0;0
FR;5;2021-06-07;0;0;0;0;0;0;0;0;0;0
FR;5;2021-06-08;0;0;0;0;0;0;0;0;0;0
FR;5;2021-06-09;0;0;0;0;0;0;0;0;0;0
FR;5;2021-06-10;0;0;0;0;0;0;0;0;0;0
FR;5;2021-06-11;0;0;0;0;0;0;0;0;0;0
FR;5;2021-06-12;0;0;0;0;0;0;0;0;0;0
FR;5;2021-06-13;0;0;0;0;0;0;0;0;0;0
FR;5;2021-06-14;0;0;0;0;0;0;0;0;0;0
FR;5;2021-06-15;0;0;0;0;0;0;0;0;0;0
FR;5;2021-06-16;0;0;0;0;0;0;0;0;0;0
FR;5;2021-06-17;0;0;0;0;0;0;0;0;0;0
FR;5;2021-06-18;0;0;0;0;0;0;0;0;0;0
FR;5;2021-06-19;0;0;0;0;0;0;0;0;0;0
FR;5;2021-06-20;0;0;0;0;0;0;0;0;0;0
FR;5;2021-06-21;0;0;0;0;0;0;0;0;0;0
FR;5;2021-06-22;0;0;0;0;0;0;0;0;0;0
FR;5;2021-06-23;0;0;0;0;0;0;0;0;0;0
FR;5;2021-06-24;0;0;0;0;0;0;0;0;0;0
FR;5;2021-06-25;0;0;0;0;0;0;0;0;0;0
FR;5;2021-06-26;0;0;0;0;0;0;0;0;0;0
FR;5;2021-06-27;0;0;0;0;0;0;0;0;0;0
FR;5;2021-06-28;0;0;0;0;0;0;0;0;0;0
FR;5;2021-06-29;0;0;0;0;0;0;0;0;0;0
FR;5;2021-06-30;0;0;0;0;0;0;0;0;0;0
FR;5;2021-07-01;0;0;0;0;0;0;0;0;0;0
FR;5;2021-07-02;0;0;0;0;0;0;0;0;0;0
FR;5;2021-07-03;0;0;0;0;0;0;0;0;0;0
FR;5;2021-07-04;0;0;0;0;0;0;0;0;0;0
FR;5;2021-07-05;0;0;0;0;0;0;0;0;0;0
FR;5;2021-07-06;0;0;0;0;0;0;0;0;0;0
FR;5;2021-07-07;0;0;0;0;0;0;0;0;0;0
FR;5;2021-07-08;0;0;0;0;0;0;0;0;0;0
FR;5;2021-07-09;0;0;0;0;0;0;0;0;0;0
FR;5;2021-07-10;0;0;0;0;0;0;0;0;0;0
FR;5;2021-07-11;0;0;0;0;0;0;0;0;0;0
FR;5;2021-07-12;0;0;0;0;0;0;0;0;0;0
FR;5;2021-07-13;0;0;0;0;0;0;0;0;0;0
FR;5;2021-07-14;0;0;0;0;0;0;0;0;0;0
FR;5;2021-07-15;0;0;0;0;0;0;0;0;0;0
FR;5;2021-07-16;0;0;0;0;0;0;0;0;0;0
FR;5;2021-07-17;0;0;0;0;0;0;0;0;0;0
FR;5;2021-07-18;0;0;0;0;0;0;0;0;0;0
FR;5;2021-07-19;0;0;0;0;0;0;0;0;0;0
FR;5;2021-07-20;0;0;0;0;0;0;0;0;0;0
FR;5;2021-07-21;0;0;0;0;0;0;0;0;0;0
FR;5;2021-07-22;0;0;0;0;0;0;0;0;0;0
FR;5;2021-07-23;0;0;0;0;0;0;0;0;0;0
FR;5;2021-07-24;0;0;0;0;0;0;0;0;0;0
FR;5;2021-07-25;0;0;0;0;0;0;0;0;0;0
FR;5;2021-07-26;0;0;0;0;0;0;0;0;0;0
FR;5;2021-07-27;0;0;0;0;0;0;0;0;0;0
FR;5;2021-07-28;0;0;0;0;0;0;0;0;0;0
FR;5;2021-07-29;0;0;0;0;0;0;0;0;0;0
FR;5;2021-07-30;0;0;0;0;0;0;0;0;0;0
FR;5;2021-07-31;0;0;0;0;0;0;0;0;0;0
FR;5;2021-08-01;0;0;0;0;0;0;0;0;0;0
FR;5;2021-08-02;0;0;0;0;0;0;0;0;0;0
FR;5;2021-08-03;0;0;0;0;0;0;0;0;0;0
FR;5;2021-08-04;0;0;0;0;0;0;0;0;0;0
FR;5;2021-08-05;0;0;0;0;0;0;0;0;0;0
FR;5;2021-08-06;0;0;0;0;0;0;0;0;0;0
FR;5;2021-08-07;0;0;0;0;0;0;0;0;0;0
FR;5;2021-08-08;0;0;0;0;0;0;0;0;0;0
FR;5;2021-08-09;0;0;0;0;0;0;0;0;0;0
FR;5;2021-08-10;0;0;0;0;0;0;0;0;0;0
FR;5;2021-08-11;0;0;0;0;0;0;0;0;0;0
FR;5;2021-08-12;0;0;0;0;0;0;0;0;0;0
FR;5;2021-08-13;0;0;0;0;0;0;0;0;0;0
FR;5;2021-08-14;0;0;0;0;0;0;0;0;0;0
FR;5;2021-08-15;0;0;0;0;0;0;0;0;0;0
FR;5;2021-08-16;0;0;0;0;0;0;0;0;0;0
FR;5;2021-08-17;0;0;0;0;0;0;0;0;0;0
FR;5;2021-08-18;0;0;0;0;0;0;0;0;0;0
FR;5;2021-08-19;0;0;0;0;0;0;0;0;0;0
FR;5;2021-08-20;0;0;0;0;0;0;0;0;0;0
FR;5;2021-08-21;0;0;0;0;0;0;0;0;0;0
FR;5;2021-08-22;0;0;0;0;0;0;0;0;0;0
FR;5;2021-08-23;0;0;0;0;0;0;0;0;0;0
FR;5;2021-08-24;0;0;0;0;0;0;0;0;0;0
FR;5;2021-08-25;0;0;0;0;0;0;0;0;0;0
FR;5;2021-08-26;0;0;0;0;0;0;0;0;0;0
FR;5;2021-08-27;0;0;0;0;0;0;0;0;0;0
FR;5;2021-08-28;0;0;0;0;0;0;0;0;0;0
FR;5;2021-08-29;0;0;0;0;0;0;0;0;0;0
FR;5;2021-08-30;0;0;0;0;0;0;0;0;0;0
FR;5;2021-08-31;0;0;0;0;0;0;0;0;0;0
FR;5;2021-09-01;0;0;0;0;0;0;0;0;0;0
FR;5;2021-09-02;0;0;0;0;0;0;0;0;0;0
FR;5;2021-09-03;0;0;0;0;0;0;0;0;0;0
FR;5;2021-09-04;0;0;0;0;0;0;0;0;0;0
FR;5;2021-09-05;0;0;0;0;0;0;0;0;0;0
FR;5;2021-09-06;0;0;0;0;0;0;0;0;0;0
FR;5;2021-09-07;0;0;0;0;0;0;0;0;0;0
FR;5;2021-09-08;0;0;0;0;0;0;0;0;0;0
FR;5;2021-09-09;0;0;0;0;0;0;0;0;0;0
FR;5;2021-09-10;0;0;0;0;0;0;0;0;0;0
FR;5;2021-09-11;0;0;0;0;0;0;0;0;0;0
FR;5;2021-09-12;0;0;0;0;0;0;0;0;0;0
FR;5;2021-09-13;0;0;0;0;0;0;0;0;0;0
FR;5;2021-09-14;0;0;0;0;0;0;0;0;0;0
FR;5;2021-09-15;0;0;0;0;0;0;0;0;0;0
FR;5;2021-09-16;0;0;0;0;0;0;0;0;0;0
FR;5;2021-09-17;0;0;0;0;0;0;0;0;0;0
FR;5;2021-09-18;0;0;0;0;0;0;0;0;0;0
FR;5;2021-09-19;0;0;0;0;0;0;0;0;0;0
FR;5;2021-09-20;0;0;0;0;0;0;0;0;0;0
FR;5;2021-09-21;0;0;0;0;0;0;0;0;0;0
FR;5;2021-09-22;0;0;0;0;0;0;0;0;0;0
FR;5;2021-09-23;0;0;0;0;0;0;0;0;0;0
FR;5;2021-09-24;0;0;0;0;0;0;0;0;0;0
FR;5;2021-09-25;0;0;0;0;0;0;0;0;0;0
FR;5;2021-09-26;0;0;0;0;0;0;0;0;0;0
FR;5;2021-09-27;0;0;0;0;0;0;0;0;0;0
FR;5;2021-09-28;0;0;0;0;0;0;0;0;0;0
FR;5;2021-09-29;0;0;0;0;0;0;0;0;0;0
FR;5;2021-09-30;0;0;0;0;0;0;0;0;0;0
FR;5;2021-10-01;0;0;0;0;0;0;0;0;0;0
FR;5;2021-10-02;0;0;0;0;0;0;0;0;0;0
FR;5;2021-10-03;0;0;0;0;0;0;0;0;0;0
FR;5;2021-10-04;0;0;0;0;0;0;0;0;0;0
FR;5;2021-10-05;0;0;0;0;0;0;0;0;0;0
FR;5;2021-10-06;0;0;0;0;0;0;0;0;0;0
FR;5;2021-10-07;0;0;0;0;0;0;0;0;0;0
FR;5;2021-10-08;0;0;0;0;0;0;0;0;0;0
FR;5;2021-10-09;0;0;0;0;0;0;0;0;0;0
FR;5;2021-10-10;0;0;0;0;0;0;0;0;0;0
FR;5;2021-10-11;0;0;0;0;0;0;0;0;0;0
FR;5;2021-10-12;0;0;0;0;0;0;0;0;0;0
FR;5;2021-10-13;0;0;0;0;0;0;0;0;0;0
FR;5;2021-10-14;0;0;0;0;0;0;0;0;0;0
FR;5;2021-10-15;0;0;0;0;0;0;0;0;0;0
FR;5;2021-10-16;0;0;0;0;0;0;0;0;0;0
FR;5;2021-10-17;0;0;0;0;0;0;0;0;0;0
FR;5;2021-10-18;0;0;0;0;0;0;0;0;0;0
FR;5;2021-10-19;0;0;0;0;0;0;0;0;0;0
FR;5;2021-10-20;0;0;0;0;0;0;0;0;0;0
FR;5;2021-10-21;0;0;0;0;0;0;0;0;0;0
FR;5;2021-10-22;0;0;0;0;0;0;0;0;0;0
FR;5;2021-10-23;0;0;0;0;0;0;0;0;0;0
FR;5;2021-10-24;0;0;0;0;0;0;0;0;0;0
FR;5;2021-10-25;0;0;0;0;0;0;0;0;0;0
FR;5;2021-10-26;0;0;0;0;0;0;0;0;0;0
FR;5;2021-10-27;0;0;0;0;0;0;0;0;0;0
FR;5;2021-10-28;0;0;0;0;0;0;0;0;0;0
FR;5;2021-10-29;0;0;0;0;0;0;0;0;0;0
FR;5;2021-10-30;0;0;0;0;0;0;0;0;0;0
FR;5;2021-10-31;0;0;0;0;0;0;0;0;0;0
FR;5;2021-11-01;0;0;0;0;0;0;0;0;0;0
FR;5;2021-11-02;0;0;0;0;0;0;0;0;0;0
FR;5;2021-11-03;0;0;0;0;0;0;0;0;0;0
FR;5;2021-11-04;0;0;0;0;0;0;0;0;0;0
FR;5;2021-11-05;0;0;0;0;0;0;0;0;0;0
FR;5;2021-11-06;0;0;0;0;0;0;0;0;0;0
FR;5;2021-11-07;0;0;0;0;0;0;0;0;0;0
FR;5;2021-11-08;0;0;0;0;0;0;0;0;0;0
FR;5;2021-11-09;0;0;0;0;0;0;0;0;0;0
FR;5;2021-11-10;0;0;0;0;0;0;0;0;0;0
FR;5;2021-11-11;0;0;0;0;0;0;0;0;0;0
FR;5;2021-11-12;0;0;0;0;0;0;0;0;0;0
FR;5;2021-11-13;0;0;0;0;0;0;0;0;0;0
FR;5;2021-11-14;0;0;0;0;0;0;0;0;0;0
FR;5;2021-11-15;0;0;0;0;0;0;0;0;0;0
FR;5;2021-11-16;0;0;0;0;0;0;0;0;0;0
FR;5;2021-11-17;0;0;0;0;0;0;0;0;0;0
FR;5;2021-11-18;0;0;0;0;0;0;0;0;0;0
FR;5;2021-11-19;0;0;0;0;0;0;0;0;0;0
FR;5;2021-11-20;0;0;0;0;0;0;0;0;0;0
FR;5;2021-11-21;0;0;0;0;0;0;0;0;0;0
FR;5;2021-11-22;0;0;0;0;0;0;0;0;0;0
FR;5;2021-11-23;0;0;0;0;0;0;0;0;0;0
FR;5;2021-11-24;0;0;0;0;0;0;0;0;0;0
FR;5;2021-11-25;0;0;0;0;0;0;0;0;0;0
FR;5;2021-11-26;0;0;0;0;0;0;0;0;0;0
FR;5;2021-11-27;0;0;0;0;0;0;0;0;0;0
FR;5;2021-11-28;0;0;0;0;0;0;0;0;0;0
FR;5;2021-11-29;0;0;0;0;0;0;0;0;0;0
FR;5;2021-11-30;0;0;0;0;0;0;0;0;0;0
FR;5;2021-12-01;0;0;0;0;0;0;0;0;0;0
FR;5;2021-12-02;0;0;0;0;0;0;0;0;0;0
FR;5;2021-12-03;0;0;0;0;0;0;0;0;0;0
FR;5;2021-12-04;0;0;0;0;0;0;0;0;0;0
FR;5;2021-12-05;0;0;0;0;0;0;0;0;0;0
FR;5;2021-12-06;0;0;0;0;0;0;0;0;0;0
FR;5;2021-12-07;0;0;0;0;0;0;0;0;0;0
FR;5;2021-12-08;0;0;0;0;0;0;0;0;0;0
FR;5;2021-12-09;0;0;0;0;0;0;0;0;0;0
FR;5;2021-12-10;0;0;0;0;0;0;0;0;0;0
FR;5;2021-12-11;0;0;0;0;0;0;0;0;0;0
FR;5;2021-12-12;0;0;0;0;0;0;0;0;0;0
FR;5;2021-12-13;0;0;0;0;0;0;0;0;0;0
FR;5;2021-12-14;33;45;77;0;88;33;45;77;0;88
FR;5;2021-12-15;196;44;37;0;49;229;89;114;0;137
FR;5;2021-12-16;181;21;44;0;48;410;110;158;0;185
FR;5;2021-12-17;312;16;72;0;74;722;126;230;0;259
FR;5;2021-12-18;766;24;22;0;29;1488;150;252;0;288
FR;5;2021-12-19;586;15;15;0;17;2074;165;267;0;305
FR;5;2021-12-20;1223;31;35;0;38;3297;196;302;0;343
FR;5;2021-12-21;1535;22;54;1;60;4832;218;356;1;403
FR;5;2021-12-22;4069;40;37;0;46;8901;258;393;1;449
FR;5;2021-12-23;3042;16;21;0;25;11943;274;414;1;474
FR;5;2021-12-24;761;18;9;0;14;12704;292;423;1;488
FR;5;2021-12-25;61;5;2;0;3;12765;297;425;1;491
FR;5;2021-12-26;623;6;3;0;4;13388;303;428;1;495
FR;5;2021-12-27;4085;25;21;0;23;17473;328;449;1;518
FR;5;2021-12-28;5204;23;41;1;43;22677;351;490;2;561
FR;5;2021-12-29;8107;34;66;2;69;30784;385;556;4;630
FR;5;2021-12-30;5173;18;33;0;39;35957;403;589;4;669
FR;5;2021-12-31;1553;8;10;0;11;37510;411;599;4;680
FR;5;2022-01-01;185;2;2;0;3;37695;413;601;4;683
FR;5;2022-01-02;1489;1;1;0;1;39184;414;602;4;684
FR;5;2022-01-03;3066;36;33;0;32;42250;450;635;4;716
FR;5;2022-01-04;3033;39;33;0;42;45283;489;668;4;758
FR;5;2022-01-05;19323;203;97;1;108;64606;692;765;5;866
FR;5;2022-01-06;3748;134;122;0;142;68354;826;887;5;1008
FR;5;2022-01-07;5007;202;48;2;56;73361;1028;935;7;1064
FR;5;2022-01-08;13658;514;45;0;52;87019;1542;980;7;1116
FR;5;2022-01-09;5754;399;15;0;20;92773;1941;995;7;1136
FR;5;2022-01-10;3455;326;25;0;29;96228;2267;1020;7;1165
FR;5;2022-01-11;3671;284;38;0;41;99899;2551;1058;7;1206
FR;5;2022-01-12;22652;3005;89;0;112;122551;5556;1147;7;1318
FR;5;2022-01-13;4038;622;30;0;32;126589;6178;1177;7;1350
FR;5;2022-01-14;4843;582;44;0;51;131432;6760;1221;7;1401
FR;5;2022-01-15;14686;1746;38;3;49;146118;8506;1259;10;1450
FR;5;2022-01-16;4727;666;3;0;5;150845;9172;1262;10;1455
FR;5;2022-01-17;2297;718;26;0;29;153142;9890;1288;10;1484
FR;5;2022-01-18;2431;870;30;0;40;155573;10760;1318;10;1524
FR;5;2022-01-19;18483;6423;74;2;142;174056;17183;1392;12;1666
FR;5;2022-01-20;1920;1068;25;0;34;175976;18251;1417;12;1700
FR;5;2022-01-21;3077;1372;47;1;59;179053;19623;1464;13;1759
FR;5;2022-01-22;10720;3454;33;1;43;189773;23077;1497;14;1802
FR;5;2022-01-23;2629;1415;6;0;10;192402;24492;1503;14;1812
FR;5;2022-01-24;1161;1340;19;0;23;193563;25832;1522;14;1835
FR;5;2022-01-25;1220;1549;20;2;31;194783;27381;1542;16;1866
FR;5;2022-01-26;10751;12029;50;1;89;205534;39410;1592;17;1955
FR;5;2022-01-27;1291;1692;10;0;17;206825;41102;1602;17;1972
FR;5;2022-01-28;1699;3347;16;0;19;208524;44449;1618;17;1991
FR;5;2022-01-29;6241;8041;68;0;96;214765;52490;1686;17;2087
FR;5;2022-01-30;1509;2950;5;0;18;216274;55440;1691;17;2105
FR;5;2022-01-31;589;1773;23;0;24;216863;57213;1714;17;2129
FR;5;2022-02-01;712;1706;10;0;15;217575;58919;1724;17;2144
FR;5;2022-02-02;6958;15656;52;0;94;224533;74575;1776;17;2238
FR;5;2022-02-03;491;1691;14;0;13;225024;76266;1790;17;2251
FR;5;2022-02-04;945;3002;19;0;31;225969;79268;1809;17;2282
FR;5;2022-02-05;3535;8919;23;0;37;229504;88187;1832;17;2319
FR;5;2022-02-06;737;2397;10;0;19;230241;90584;1842;17;2338
FR;5;2022-02-07;884;1596;23;0;25;231125;92180;1865;17;2363
FR;5;2022-02-08;722;1287;18;0;20;231847;93467;1883;17;2383
FR;5;2022-02-09;4544;12878;44;0;76;236391;106345;1927;17;2459
FR;5;2022-02-10;646;1059;14;0;15;237037;107404;1941;17;2474
FR;5;2022-02-11;793;2032;16;0;21;237830;109436;1957;17;2495
FR;5;2022-02-12;2286;6812;33;0;53;240116;116248;1990;17;2548
FR;5;2022-02-13;464;1540;8;0;8;240580;117788;1998;17;2556
FR;5;2022-02-14;678;1288;10;0;13;241258;119076;2008;17;2569
FR;5;2022-02-15;482;886;9;0;14;241740;119962;2017;17;2583
FR;5;2022-02-16;2980;9123;41;1;58;244720;129085;2058;18;2641
FR;5;2022-02-17;436;809;6;0;7;245156;129894;2064;18;2648
FR;5;2022-02-18;649;1408;13;0;17;245805;131302;2077;18;2665
FR;5;2022-02-19;1373;4315;16;0;28;247178;135617;2093;18;2693
FR;5;2022-02-20;247;879;6;0;8;247425;136496;2099;18;2701
FR;5;2022-02-21;221;607;2;0;4;247646;137103;2101;18;2705
FR;5;2022-02-22;262;545;17;0;17;247908;137648;2118;18;2722
FR;5;2022-02-23;1909;6926;23;1;43;249817;144574;2141;19;2765
FR;5;2022-02-24;182;374;6;1;7;249999;144948;2147;20;2772
FR;5;2022-02-25;336;950;13;0;12;250335;145898;2160;20;2784
FR;5;2022-02-26;972;3071;11;0;15;251307;148969;2171;20;2799
FR;5;2022-02-27;151;506;0;0;3;251458;149475;2171;20;2802
FR;5;2022-02-28;162;369;1;0;1;251620;149844;2172;20;2803
FR;5;2022-03-01;130;280;6;0;7;251750;150124;2178;20;2810
FR;5;2022-03-02;1241;4156;28;3;40;252991;154280;2206;23;2850
FR;5;2022-03-03;121;251;5;0;10;253112;154531;2211;23;2860
FR;5;2022-03-04;197;488;13;0;14;253309;155019;2224;23;2874
FR;5;2022-03-05;677;1990;8;0;16;253986;157009;2232;23;2890
FR;5;2022-03-06;108;260;0;0;0;254094;157269;2232;23;2890
FR;5;2022-03-07;71;228;5;0;3;254165;157497;2237;23;2893
FR;5;2022-03-08;46;134;7;1;8;254211;157631;2244;24;2901
FR;5;2022-03-09;910;3078;24;0;36;255121;160709;2268;24;2937
FR;5;2022-03-10;82;202;9;0;13;255203;160911;2277;24;2950
FR;5;2022-03-11;148;369;13;1;15;255351;161280;2290;25;2965
FR;5;2022-03-12;758;1613;13;1;30;256109;162893;2303;26;2995
FR;5;2022-03-13;78;100;0;0;0;256187;162993;2303;26;2995
FR;5;2022-03-14;67;119;7;1;7;256254;163112;2310;27;3002
FR;5;2022-03-15;83;99;4;0;7;256337;163211;2314;27;3009
FR;5;2022-03-16;882;1827;15;3;36;257219;165038;2329;30;3045
FR;5;2022-03-17;68;123;8;4;10;257287;165161;2337;34;3055
FR;5;2022-03-18;172;318;13;4;18;257459;165479;2350;38;3073
FR;5;2022-03-19;751;1163;12;5;33;258210;166642;2362;43;3106
FR;5;2022-03-20;45;93;1;0;1;258255;166735;2363;43;3107
FR;5;2022-03-21;71;120;10;6;15;258326;166855;2373;49;3122
FR;5;2022-03-22;56;119;8;7;9;258382;166974;2381;56;3131
FR;5;2022-03-23;805;1461;14;8;36;259187;168435;2395;64;3167
FR;5;2022-03-24;70;93;8;7;7;259257;168528;2403;71;3174
FR;5;2022-03-25;222;293;14;8;18;259479;168821;2417;79;3192
FR;5;2022-03-26;707;853;12;5;26;260186;169674;2429;84;3218
FR;5;2022-03-27;75;81;0;0;3;260261;169755;2429;84;3221
FR;5;2022-03-28;81;93;1;2;3;260342;169848;2430;86;3224
FR;5;2022-03-29;71;82;10;4;12;260413;169930;2440;90;3236
FR;5;2022-03-30;823;1116;16;13;29;261236;171046;2456;103;3265
FR;5;2022-03-31;102;125;1;4;6;261338;171171;2457;107;3271
FR;5;2022-04-01;114;86;7;12;11;261452;171257;2464;119;3282
FR;5;2022-04-02;330;349;3;3;15;261782;171606;2467;122;3297
FR;5;2022-04-03;54;59;1;0;1;261836;171665;2468;122;3298
FR;5;2022-04-04;40;57;4;1;8;261876;171722;2472;123;3306
FR;5;2022-04-05;52;60;6;7;9;261928;171782;2478;130;3315
FR;5;2022-04-06;421;439;7;15;16;262349;172221;2485;145;3331
FR;5;2022-04-07;45;69;5;7;7;262394;172290;2490;152;3338
FR;5;2022-04-08;134;112;12;13;14;262528;172402;2502;165;3352
FR;5;2022-04-09;311;324;2;5;17;262839;172726;2504;170;3369
FR;5;2022-04-10;44;31;2;0;2;262883;172757;2506;170;3371
FR;5;2022-04-11;50;60;3;2;4;262933;172817;2509;172;3375
FR;5;2022-04-12;59;54;3;3;5;262992;172871;2512;175;3380
FR;5;2022-04-13;382;413;3;8;16;263374;173284;2515;183;3396
FR;5;2022-04-14;48;51;5;5;9;263422;173335;2520;188;3405
FR;5;2022-04-15;91;109;4;4;5;263513;173444;2524;192;3410
FR;5;2022-04-16;188;184;2;1;13;263701;173628;2526;193;3423
FR;5;2022-04-17;12;11;1;0;1;263713;173639;2527;193;3424
FR;5;2022-04-18;9;10;2;0;3;263722;173649;2529;193;3427
FR;5;2022-04-19;75;71;6;1;6;263797;173720;2535;194;3433
FR;5;2022-04-20;361;349;9;6;12;264158;174069;2544;200;3445
FR;5;2022-04-21;42;64;9;10;12;264200;174133;2553;210;3457
FR;5;2022-04-22;113;96;5;4;5;264313;174229;2558;214;3462
FR;5;2022-04-23;209;193;4;2;11;264522;174422;2562;216;3473
FR;5;2022-04-24;37;35;0;0;3;264559;174457;2562;216;3476
FR;5;2022-04-25;69;65;1;1;4;264628;174522;2563;217;3480
FR;5;2022-04-26;60;63;2;1;5;264688;174585;2565;218;3485
FR;5;2022-04-27;335;316;3;7;14;265023;174901;2568;225;3499
FR;5;2022-04-28;81;54;4;5;8;265104;174955;2572;230;3507
FR;5;2022-04-29;117;84;5;19;12;265221;175039;2577;249;3519
FR;5;2022-04-30;183;114;2;3;10;265404;175153;2579;252;3529
FR;5;2022-05-01;11;7;0;0;0;265415;175160;2579;252;3529
FR;5;2022-05-02;52;28;4;5;2;265467;175188;2583;257;3531
FR;5;2022-05-03;84;57;2;5;11;265551;175245;2585;262;3542
FR;5;2022-05-04;278;205;1;2;7;265829;175450;2586;264;3549
FR;5;2022-05-05;62;32;3;4;5;265891;175482;2589;268;3554
FR;5;2022-05-06;105;65;2;3;5;265996;175547;2591;271;3559
FR;5;2022-05-07;171;117;2;10;13;266167;175664;2593;281;3572
FR;5;2022-05-08;8;8;0;0;2;266175;175672;2593;281;3574
FR;5;2022-05-09;44;34;15;3;16;266219;175706;2608;284;3590
FR;5;2022-05-10;54;49;3;4;5;266273;175755;2611;288;3595
FR;5;2022-05-11;326;237;12;7;21;266599;175992;2623;295;3616
FR;5;2022-05-12;46;34;2;2;2;266645;176026;2625;297;3618
FR;5;2022-05-13;109;83;3;8;8;266754;176109;2628;305;3626
FR;5;2022-05-14;209;131;0;1;8;266963;176240;2628;306;3634
FR;5;2022-05-15;22;9;2;0;1;266985;176249;2630;306;3635
FR;5;2022-05-16;52;34;4;5;4;267037;176283;2634;311;3639
FR;5;2022-05-17;72;40;5;0;2;267109;176323;2639;311;3641
FR;5;2022-05-18;289;215;4;4;8;267398;176538;2643;315;3649
FR;5;2022-05-19;45;35;5;3;3;267443;176573;2648;318;3652
FR;5;2022-05-20;76;63;3;10;1;267519;176636;2651;328;3653
FR;5;2022-05-21;242;166;2;3;17;267761;176802;2653;331;3670
FR;5;2022-05-22;20;14;2;5;2;267781;176816;2655;336;3672
FR;5;2022-05-23;42;31;4;3;6;267823;176847;2659;339;3678
FR;5;2022-05-24;47;45;3;2;5;267870;176892;2662;341;3683
FR;5;2022-05-25;329;257;4;1;16;268199;177149;2666;342;3699
FR;5;2022-05-26;17;5;0;1;2;268216;177154;2666;343;3701
FR;5;2022-05-27;99;54;4;4;9;268315;177208;2670;347;3710
FR;5;2022-05-28;100;78;5;3;10;268415;177286;2675;350;3720
FR;5;2022-05-29;14;14;1;0;2;268429;177300;2676;350;3722
FR;5;2022-05-30;56;41;2;1;2;268485;177341;2678;351;3724
FR;5;2022-05-31;57;43;1;8;1;268542;177384;2679;359;3725
FR;5;2022-06-01;257;241;9;2;25;268799;177625;2688;361;3750
FR;5;2022-06-02;63;61;5;0;9;268862;177686;2693;361;3759
FR;5;2022-06-03;82;71;4;5;10;268944;177757;2697;366;3769
FR;5;2022-06-04;157;109;2;1;9;269101;177866;2699;367;3778
FR;5;2022-06-05;18;11;0;0;1;269119;177877;2699;367;3779
FR;5;2022-06-06;16;9;0;1;0;269135;177886;2699;368;3779
FR;5;2022-06-07;50;56;1;1;2;269185;177942;2700;369;3781
FR;5;2022-06-08;283;225;3;4;17;269468;178167;2703;373;3798
FR;5;2022-06-09;52;41;6;3;7;269520;178208;2709;376;3805
FR;5;2022-06-10;81;72;1;1;6;269601;178280;2710;377;3811
FR;5;2022-06-11;173;141;3;3;10;269774;178421;2713;380;3821
FR;5;2022-06-12;17;16;0;0;2;269791;178437;2713;380;3823
FR;5;2022-06-13;56;47;9;3;10;269847;178484;2722;383;3833
FR;5;2022-06-14;59;56;1;4;6;269906;178540;2723;387;3839
FR;5;2022-06-15;266;260;5;2;27;270172;178800;2728;389;3866
FR;5;2022-06-16;47;30;5;2;5;270219;178830;2733;391;3871
FR;5;2022-06-17;100;67;5;5;10;270319;178897;2738;396;3881
FR;5;2022-06-18;146;95;10;2;26;270465;178992;2748;398;3907
FR;5;2022-06-19;26;15;0;1;4;270491;179007;2748;399;3911
FR;5;2022-06-20;56;50;8;0;11;270547;179057;2756;399;3922
FR;5;2022-06-21;52;73;5;3;7;270599;179130;2761;402;3929
FR;5;2022-06-22;224;247;7;9;33;270823;179377;2768;411;3962
FR;5;2022-06-23;50;38;2;5;6;270873;179415;2770;416;3968
FR;5;2022-06-24;91;70;12;5;16;270964;179485;2782;421;3984
FR;5;2022-06-25;154;124;3;7;14;271118;179609;2785;428;3998
FR;5;2022-06-26;26;19;2;0;5;271144;179628;2787;428;4003
FR;5;2022-06-27;57;60;5;7;11;271201;179688;2792;435;4014
FR;5;2022-06-28;70;49;8;2;14;271271;179737;2800;437;4028
FR;5;2022-06-29;297;268;9;21;34;271568;180005;2809;458;4062
FR;5;2022-06-30;89;57;10;12;17;271657;180062;2819;470;4079
FR;5;2022-07-01;127;65;7;11;12;271784;180127;2826;481;4091
FR;5;2022-07-02;191;132;4;0;22;271975;180259;2830;481;4113
FR;5;2022-07-03;30;25;1;0;4;272005;180284;2831;481;4117
FR;5;2022-07-04;103;64;2;5;6;272108;180348;2833;486;4123
FR;5;2022-07-05;104;72;3;8;13;272212;180420;2836;494;4136
FR;5;2022-07-06;277;168;9;36;27;272489;180588;2845;530;4163
FR;5;2022-07-07;88;68;6;9;13;272577;180656;2851;539;4176
FR;5;2022-07-08;152;120;7;14;25;272729;180776;2858;553;4201
FR;5;2022-07-09;116;68;1;8;10;272845;180844;2859;561;4211
FR;5;2022-07-10;15;6;0;0;1;272860;180850;2859;561;4212
FR;5;2022-07-11;92;72;10;2;19;272952;180922;2869;563;4231
FR;5;2022-07-12;67;63;5;10;7;273019;180985;2874;573;4238
FR;5;2022-07-13;169;118;10;19;16;273188;181103;2884;592;4254
FR;5;2022-07-14;8;4;0;0;0;273196;181107;2884;592;4254
FR;5;2022-07-15;74;66;5;14;15;273270;181173;2889;606;4269
FR;5;2022-07-16;54;44;3;0;3;273324;181217;2892;606;4272
FR;5;2022-07-17;10;7;3;0;2;273334;181224;2895;606;4274
FR;5;2022-07-18;60;47;0;4;4;273394;181271;2895;610;4278
FR;5;2022-07-19;63;42;5;3;7;273457;181313;2900;613;4285
FR;5;2022-07-20;119;106;4;11;14;273576;181419;2904;624;4299
FR;5;2022-07-21;38;43;2;10;5;273614;181462;2906;634;4304
FR;5;2022-07-22;48;69;11;13;23;273662;181531;2917;647;4327
FR;5;2022-07-23;59;78;2;1;11;273721;181609;2919;648;4338
FR;5;2022-07-24;11;9;3;1;3;273732;181618;2922;649;4341
FR;5;2022-07-25;53;48;2;7;8;273785;181666;2924;656;4349
FR;5;2022-07-26;58;52;5;41;6;273843;181718;2929;697;4355
FR;5;2022-07-27;106;118;4;4;13;273949;181836;2933;701;4368
FR;5;2022-07-28;39;35;2;2;6;273988;181871;2935;703;4374
FR;5;2022-07-29;56;74;3;14;8;274044;181945;2938;717;4382
FR;5;2022-07-30;55;53;5;1;7;274099;181998;2943;718;4389
FR;5;2022-07-31;7;11;1;0;1;274106;182009;2944;718;4390
FR;5;2022-08-01;39;53;1;2;6;274145;182062;2945;720;4396
FR;5;2022-08-02;32;43;8;7;8;274177;182105;2953;727;4404
FR;5;2022-08-03;54;51;4;10;9;274231;182156;2957;737;4413
FR;5;2022-08-04;20;18;1;6;1;274251;182174;2958;743;4414
FR;5;2022-08-05;35;26;3;3;3;274286;182200;2961;746;4417
FR;5;2022-08-06;23;26;1;0;1;274309;182226;2962;746;4418
FR;5;2022-08-07;2;2;1;0;1;274311;182228;2963;746;4419
FR;5;2022-08-08;26;19;1;2;2;274337;182247;2964;748;4421
FR;5;2022-08-09;26;28;3;3;3;274363;182275;2967;751;4424
FR;5;2022-08-10;47;47;2;0;5;274410;182322;2969;751;4429
FR;5;2022-08-11;19;36;2;2;5;274429;182358;2971;753;4434
FR;5;2022-08-12;27;28;2;0;2;274456;182386;2973;753;4436
FR;5;2022-08-13;16;18;0;0;0;274472;182404;2973;753;4436
FR;5;2022-08-14;2;3;0;0;0;274474;182407;2973;753;4436
FR;5;2022-08-15;2;5;0;0;0;274476;182412;2973;753;4436
FR;5;2022-08-16;33;26;3;0;6;274509;182438;2976;753;4442
FR;5;2022-08-17;52;55;2;1;1;274561;182493;2978;754;4443
FR;5;2022-08-18;26;18;8;17;10;274587;182511;2986;771;4453
FR;5;2022-08-19;25;33;1;2;2;274612;182544;2987;773;4455
FR;5;2022-08-20;25;27;2;1;4;274637;182571;2989;774;4459
FR;5;2022-08-21;7;4;1;0;1;274644;182575;2990;774;4460
FR;5;2022-08-22;39;26;1;6;2;274683;182601;2991;780;4462
FR;5;2022-08-23;27;26;1;1;2;274710;182627;2992;781;4464
FR;5;2022-08-24;50;43;0;0;0;274760;182670;2992;781;4464
FR;5;2022-08-25;27;26;3;1;2;274787;182696;2995;782;4466
FR;5;2022-08-26;48;38;7;2;5;274835;182734;3002;784;4471
FR;5;2022-08-27;46;28;1;0;3;274881;182762;3003;784;4474
FR;5;2022-08-28;5;6;0;0;0;274886;182768;3003;784;4474
FR;5;2022-08-29;58;44;1;1;4;274944;182812;3004;785;4478
FR;5;2022-08-30;43;23;12;29;10;274987;182835;3016;814;4488
FR;5;2022-08-31;52;47;6;1;11;275039;182882;3022;815;4499
FR;5;2022-09-01;14;8;1;4;1;275053;182890;3023;819;4500
FR;5;2022-09-02;42;22;8;2;9;275095;182912;3031;821;4509
FR;5;2022-09-03;69;37;2;0;2;275164;182949;3033;821;4511
FR;5;2022-09-04;12;7;1;0;3;275176;182956;3034;821;4514
FR;5;2022-09-05;7;4;1;0;1;275183;182960;3035;821;4515
FR;5;2022-09-06;21;14;3;15;2;275204;182974;3038;836;4517
FR;5;2022-09-07;79;53;1;1;3;275283;183027;3039;837;4520
FR;5;2022-09-08;9;4;0;4;0;275292;183031;3039;841;4520
FR;5;2022-09-09;40;11;9;2;10;275332;183042;3048;843;4530
FR;5;2022-09-10;40;45;1;1;8;275372;183087;3049;844;4538
FR;5;2022-09-11;3;3;0;0;1;275375;183090;3049;844;4539
FR;5;2022-09-12;7;5;2;2;2;275382;183095;3051;846;4541
FR;5;2022-09-13;9;6;0;1;3;275391;183101;3051;847;4544
FR;5;2022-09-14;52;46;4;7;9;275443;183147;3055;854;4553
FR;5;2022-09-15;11;13;2;3;5;275454;183160;3057;857;4558
FR;5;2022-09-16;25;33;1;4;3;275479;183193;3058;861;4561
FR;5;2022-09-17;60;43;1;1;5;275539;183236;3059;862;4566
FR;5;2022-09-18;9;6;0;1;1;275548;183242;3059;863;4567
FR;5;2022-09-19;22;17;2;1;5;275570;183259;3061;864;4572
FR;5;2022-09-20;15;11;3;3;1;275585;183270;3064;867;4573
FR;5;2022-09-21;68;45;9;0;13;275653;183315;3073;867;4586
FR;5;2022-09-22;12;6;4;24;4;275665;183321;3077;891;4590
FR;5;2022-09-23;19;24;2;3;8;275684;183345;3079;894;4598
FR;5;2022-09-24;44;51;1;8;5;275728;183396;3080;902;4603
FR;5;2022-09-25;6;12;0;0;1;275734;183408;3080;902;4604
FR;5;2022-09-26;15;7;0;2;0;275749;183415;3080;904;4604
FR;5;2022-09-27;7;12;4;9;4;275756;183427;3084;913;4608
FR;5;2022-09-28;65;64;5;0;7;275821;183491;3089;913;4615
FR;5;2022-09-29;17;9;1;0;1;275838;183500;3090;913;4616
FR;5;2022-09-30;28;44;2;2;4;275866;183544;3092;915;4620
FR;5;2022-10-01;39;35;5;5;8;275905;183579;3097;920;4628
FR;5;2022-10-02;1;9;1;0;1;275906;183588;3098;920;4629
FR;5;2022-10-03;6;6;3;0;4;275912;183594;3101;920;4633
FR;5;2022-10-04;11;8;0;3;1;275923;183602;3101;923;4634
FR;5;2022-10-05;57;61;2;2;13;275980;183663;3103;925;4647
FR;5;2022-10-06;12;10;0;4;1;275992;183673;3103;929;4648
FR;5;2022-10-07;21;31;1;0;5;276013;183704;3104;929;4653
FR;5;2022-10-08;33;51;1;0;7;276046;183755;3105;929;4660
FR;5;2022-10-09;7;10;0;0;1;276053;183765;3105;929;4661
FR;5;2022-10-10;14;5;0;1;0;276067;183770;3105;930;4661
FR;5;2022-10-11;6;13;2;0;2;276073;183783;3107;930;4663
FR;5;2022-10-12;38;56;3;2;8;276111;183839;3110;932;4671
FR;5;2022-10-13;11;16;2;0;4;276122;183855;3112;932;4675
FR;5;2022-10-14;21;21;1;0;5;276143;183876;3113;932;4680
FR;5;2022-10-15;19;26;10;0;11;276162;183902;3123;932;4691
FR;5;2022-10-16;3;1;0;0;1;276165;183903;3123;932;4692
FR;5;2022-10-17;7;8;2;1;3;276172;183911;3125;933;4695
FR;5;2022-10-18;4;7;0;2;0;276176;183918;3125;935;4695
FR;5;2022-10-19;38;42;8;0;11;276214;183960;3133;935;4706
FR;5;2022-10-20;18;15;2;1;3;276232;183975;3135;936;4709
FR;5;2022-10-21;22;15;6;0;8;276254;183990;3141;936;4717
FR;5;2022-10-22;34;27;2;12;5;276288;184017;3143;948;4722
FR;5;2022-10-23;9;3;0;0;0;276297;184020;3143;948;4722
FR;5;2022-10-24;14;7;6;7;9;276311;184027;3149;955;4731
FR;5;2022-10-25;12;9;6;3;8;276323;184036;3155;958;4739
FR;5;2022-10-26;34;22;6;0;10;276357;184058;3161;958;4749
FR;5;2022-10-27;16;4;4;0;4;276373;184062;3165;958;4753
FR;5;2022-10-28;20;13;5;3;6;276393;184075;3170;961;4759
FR;5;2022-10-29;21;13;0;0;3;276414;184088;3170;961;4762
FR;5;2022-10-30;1;3;2;0;3;276415;184091;3172;961;4765
FR;5;2022-10-31;14;10;1;1;2;276429;184101;3173;962;4767
FR;5;2022-11-01;1;0;0;1;0;276430;184101;3173;963;4767
FR;5;2022-11-02;22;16;5;4;4;276452;184117;3178;967;4771
FR;5;2022-11-03;22;4;1;1;1;276474;184121;3179;968;4772
FR;5;2022-11-04;19;17;1;0;2;276493;184138;3180;968;4774
FR;5;2022-11-05;23;16;1;0;1;276516;184154;3181;968;4775
FR;5;2022-11-06;1;7;0;0;0;276517;184161;3181;968;4775
FR;5;2022-11-07;4;3;2;0;2;276521;184164;3183;968;4777
FR;5;2022-11-08;10;7;1;2;1;276531;184171;3184;970;4778
FR;6;2020-12-27;0;0;0;0;0;0;0;0;0;0
FR;6;2020-12-28;0;0;0;0;0;0;0;0;0;0
FR;6;2020-12-29;0;0;0;0;0;0;0;0;0;0
FR;6;2020-12-30;0;0;0;0;0;0;0;0;0;0
FR;6;2020-12-31;0;0;0;0;0;0;0;0;0;0
FR;6;2021-01-01;0;0;0;0;0;0;0;0;0;0
FR;6;2021-01-02;0;0;0;0;0;0;0;0;0;0
FR;6;2021-01-03;0;0;0;0;0;0;0;0;0;0
FR;6;2021-01-04;0;0;0;0;0;0;0;0;0;0
FR;6;2021-01-05;0;0;0;0;0;0;0;0;0;0
FR;6;2021-01-06;0;0;0;0;0;0;0;0;0;0
FR;6;2021-01-07;0;0;0;0;0;0;0;0;0;0
FR;6;2021-01-08;0;0;0;0;0;0;0;0;0;0
FR;6;2021-01-09;0;0;0;0;0;0;0;0;0;0
FR;6;2021-01-10;0;0;0;0;0;0;0;0;0;0
FR;6;2021-01-11;0;0;0;0;0;0;0;0;0;0
FR;6;2021-01-12;0;0;0;0;0;0;0;0;0;0
FR;6;2021-01-13;0;0;0;0;0;0;0;0;0;0
FR;6;2021-01-14;0;0;0;0;0;0;0;0;0;0
FR;6;2021-01-15;0;0;0;0;0;0;0;0;0;0
FR;6;2021-01-16;0;0;0;0;0;0;0;0;0;0
FR;6;2021-01-17;0;0;0;0;0;0;0;0;0;0
FR;6;2021-01-18;0;0;0;0;0;0;0;0;0;0
FR;6;2021-01-19;0;0;0;0;0;0;0;0;0;0
FR;6;2021-01-20;0;0;0;0;0;0;0;0;0;0
FR;6;2021-01-21;0;0;0;0;0;0;0;0;0;0
FR;6;2021-01-22;0;0;0;0;0;0;0;0;0;0
FR;6;2021-01-23;0;0;0;0;0;0;0;0;0;0
FR;6;2021-01-24;0;0;0;0;0;0;0;0;0;0
FR;6;2021-01-25;0;0;0;0;0;0;0;0;0;0
FR;6;2021-01-26;0;0;0;0;0;0;0;0;0;0
FR;6;2021-01-27;0;0;0;0;0;0;0;0;0;0
FR;6;2021-01-28;0;0;0;0;0;0;0;0;0;0
FR;6;2021-01-29;0;0;0;0;0;0;0;0;0;0
FR;6;2021-01-30;0;0;0;0;0;0;0;0;0;0
FR;6;2021-01-31;0;0;0;0;0;0;0;0;0;0
FR;6;2021-02-01;0;0;0;0;0;0;0;0;0;0
FR;6;2021-02-02;0;0;0;0;0;0;0;0;0;0
FR;6;2021-02-03;0;0;0;0;0;0;0;0;0;0
FR;6;2021-02-04;0;0;0;0;0;0;0;0;0;0
FR;6;2021-02-05;0;0;0;0;0;0;0;0;0;0
FR;6;2021-02-06;0;0;0;0;0;0;0;0;0;0
FR;6;2021-02-07;0;0;0;0;0;0;0;0;0;0
FR;6;2021-02-08;0;0;0;0;0;0;0;0;0;0
FR;6;2021-02-09;0;0;0;0;0;0;0;0;0;0
FR;6;2021-02-10;0;0;0;0;0;0;0;0;0;0
FR;6;2021-02-11;0;0;0;0;0;0;0;0;0;0
FR;6;2021-02-12;0;0;0;0;0;0;0;0;0;0
FR;6;2021-02-13;0;0;0;0;0;0;0;0;0;0
FR;6;2021-02-14;0;0;0;0;0;0;0;0;0;0
FR;6;2021-02-15;0;0;0;0;0;0;0;0;0;0
FR;6;2021-02-16;0;0;0;0;0;0;0;0;0;0
FR;6;2021-02-17;0;0;0;0;0;0;0;0;0;0
FR;6;2021-02-18;0;0;0;0;0;0;0;0;0;0
FR;6;2021-02-19;0;0;0;0;0;0;0;0;0;0
FR;6;2021-02-20;0;0;0;0;0;0;0;0;0;0
FR;6;2021-02-21;0;0;0;0;0;0;0;0;0;0
FR;6;2021-02-22;0;0;0;0;0;0;0;0;0;0
FR;6;2021-02-23;0;0;0;0;0;0;0;0;0;0
FR;6;2021-02-24;0;0;0;0;0;0;0;0;0;0
FR;6;2021-02-25;0;0;0;0;0;0;0;0;0;0
FR;6;2021-02-26;0;0;0;0;0;0;0;0;0;0
FR;6;2021-02-27;0;0;0;0;0;0;0;0;0;0
FR;6;2021-02-28;0;0;0;0;0;0;0;0;0;0
FR;6;2021-03-01;0;0;0;0;0;0;0;0;0;0
FR;6;2021-03-02;0;0;0;0;0;0;0;0;0;0
FR;6;2021-03-03;0;0;0;0;0;0;0;0;0;0
FR;6;2021-03-04;0;0;0;0;0;0;0;0;0;0
FR;6;2021-03-05;0;0;0;0;0;0;0;0;0;0
FR;6;2021-03-06;0;0;0;0;0;0;0;0;0;0
FR;6;2021-03-07;0;0;0;0;0;0;0;0;0;0
FR;6;2021-03-08;0;0;0;0;0;0;0;0;0;0
FR;6;2021-03-09;0;0;0;0;0;0;0;0;0;0
FR;6;2021-03-10;0;0;0;0;0;0;0;0;0;0
FR;6;2021-03-11;0;0;0;0;0;0;0;0;0;0
FR;6;2021-03-12;0;0;0;0;0;0;0;0;0;0
FR;6;2021-03-13;0;0;0;0;0;0;0;0;0;0
FR;6;2021-03-14;0;0;0;0;0;0;0;0;0;0
FR;6;2021-03-15;0;0;0;0;0;0;0;0;0;0
FR;6;2021-03-16;0;0;0;0;0;0;0;0;0;0
FR;6;2021-03-17;0;0;0;0;0;0;0;0;0;0
FR;6;2021-03-18;0;0;0;0;0;0;0;0;0;0
FR;6;2021-03-19;0;0;0;0;0;0;0;0;0;0
FR;6;2021-03-20;0;0;0;0;0;0;0;0;0;0
FR;6;2021-03-21;0;0;0;0;0;0;0;0;0;0
FR;6;2021-03-22;0;0;0;0;0;0;0;0;0;0
FR;6;2021-03-23;0;0;0;0;0;0;0;0;0;0
FR;6;2021-03-24;0;0;0;0;0;0;0;0;0;0
FR;6;2021-03-25;0;0;0;0;0;0;0;0;0;0
FR;6;2021-03-26;0;0;0;0;0;0;0;0;0;0
FR;6;2021-03-27;0;0;0;0;0;0;0;0;0;0
FR;6;2021-03-28;0;0;0;0;0;0;0;0;0;0
FR;6;2021-03-29;0;0;0;0;0;0;0;0;0;0
FR;6;2021-03-30;0;0;0;0;0;0;0;0;0;0
FR;6;2021-03-31;0;0;0;0;0;0;0;0;0;0
FR;6;2021-04-01;0;0;0;0;0;0;0;0;0;0
FR;6;2021-04-02;0;0;0;0;0;0;0;0;0;0
FR;6;2021-04-03;0;0;0;0;0;0;0;0;0;0
FR;6;2021-04-04;0;0;0;0;0;0;0;0;0;0
FR;6;2021-04-05;0;0;0;0;0;0;0;0;0;0
FR;6;2021-04-06;0;0;0;0;0;0;0;0;0;0
FR;6;2021-04-07;0;0;0;0;0;0;0;0;0;0
FR;6;2021-04-08;0;0;0;0;0;0;0;0;0;0
FR;6;2021-04-09;0;0;0;0;0;0;0;0;0;0
FR;6;2021-04-10;0;0;0;0;0;0;0;0;0;0
FR;6;2021-04-11;0;0;0;0;0;0;0;0;0;0
FR;6;2021-04-12;0;0;0;0;0;0;0;0;0;0
FR;6;2021-04-13;0;0;0;0;0;0;0;0;0;0
FR;6;2021-04-14;0;0;0;0;0;0;0;0;0;0
FR;6;2021-04-15;0;0;0;0;0;0;0;0;0;0
FR;6;2021-04-16;0;0;0;0;0;0;0;0;0;0
FR;6;2021-04-17;0;0;0;0;0;0;0;0;0;0
FR;6;2021-04-18;0;0;0;0;0;0;0;0;0;0
FR;6;2021-04-19;0;0;0;0;0;0;0;0;0;0
FR;6;2021-04-20;0;0;0;0;0;0;0;0;0;0
FR;6;2021-04-21;0;0;0;0;0;0;0;0;0;0
FR;6;2021-04-22;0;0;0;0;0;0;0;0;0;0
FR;6;2021-04-23;0;0;0;0;0;0;0;0;0;0
FR;6;2021-04-24;0;0;0;0;0;0;0;0;0;0
FR;6;2021-04-25;0;0;0;0;0;0;0;0;0;0
FR;6;2021-04-26;0;0;0;0;0;0;0;0;0;0
FR;6;2021-04-27;0;0;0;0;0;0;0;0;0;0
FR;6;2021-04-28;0;0;0;0;0;0;0;0;0;0
FR;6;2021-04-29;0;0;0;0;0;0;0;0;0;0
FR;6;2021-04-30;0;0;0;0;0;0;0;0;0;0
FR;6;2021-05-01;0;0;0;0;0;0;0;0;0;0
FR;6;2021-05-02;0;0;0;0;0;0;0;0;0;0
FR;6;2021-05-03;0;0;0;0;0;0;0;0;0;0
FR;6;2021-05-04;0;0;0;0;0;0;0;0;0;0
FR;6;2021-05-05;0;0;0;0;0;0;0;0;0;0
FR;6;2021-05-06;0;0;0;0;0;0;0;0;0;0
FR;6;2021-05-07;0;0;0;0;0;0;0;0;0;0
FR;6;2021-05-08;0;0;0;0;0;0;0;0;0;0
FR;6;2021-05-09;0;0;0;0;0;0;0;0;0;0
FR;6;2021-05-10;0;0;0;0;0;0;0;0;0;0
FR;6;2021-05-11;0;0;0;0;0;0;0;0;0;0
FR;6;2021-05-12;0;0;0;0;0;0;0;0;0;0
FR;6;2021-05-13;0;0;0;0;0;0;0;0;0;0
FR;6;2021-05-14;0;0;0;0;0;0;0;0;0;0
FR;6;2021-05-15;0;0;0;0;0;0;0;0;0;0
FR;6;2021-05-16;0;0;0;0;0;0;0;0;0;0
FR;6;2021-05-17;0;0;0;0;0;0;0;0;0;0
FR;6;2021-05-18;0;0;0;0;0;0;0;0;0;0
FR;6;2021-05-19;0;0;0;0;0;0;0;0;0;0
FR;6;2021-05-20;0;0;0;0;0;0;0;0;0;0
FR;6;2021-05-21;0;0;0;0;0;0;0;0;0;0
FR;6;2021-05-22;0;0;0;0;0;0;0;0;0;0
FR;6;2021-05-23;0;0;0;0;0;0;0;0;0;0
FR;6;2021-05-24;0;0;0;0;0;0;0;0;0;0
FR;6;2021-05-25;0;0;0;0;0;0;0;0;0;0
FR;6;2021-05-26;0;0;0;0;0;0;0;0;0;0
FR;6;2021-05-27;0;0;0;0;0;0;0;0;0;0
FR;6;2021-05-28;0;0;0;0;0;0;0;0;0;0
FR;6;2021-05-29;0;0;0;0;0;0;0;0;0;0
FR;6;2021-05-30;0;0;0;0;0;0;0;0;0;0
FR;6;2021-05-31;0;0;0;0;0;0;0;0;0;0
FR;6;2021-06-01;0;0;0;0;0;0;0;0;0;0
FR;6;2021-06-02;0;0;0;0;0;0;0;0;0;0
FR;6;2021-06-03;0;0;0;0;0;0;0;0;0;0
FR;6;2021-06-04;0;0;0;0;0;0;0;0;0;0
FR;6;2021-06-05;0;0;0;0;0;0;0;0;0;0
FR;6;2021-06-06;0;0;0;0;0;0;0;0;0;0
FR;6;2021-06-07;0;0;0;0;0;0;0;0;0;0
FR;6;2021-06-08;0;0;0;0;0;0;0;0;0;0
FR;6;2021-06-09;0;0;0;0;0;0;0;0;0;0
FR;6;2021-06-10;0;0;0;0;0;0;0;0;0;0
FR;6;2021-06-11;0;0;0;0;0;0;0;0;0;0
FR;6;2021-06-12;0;0;0;0;0;0;0;0;0;0
FR;6;2021-06-13;0;0;0;0;0;0;0;0;0;0
FR;6;2021-06-14;0;0;0;0;0;0;0;0;0;0
FR;6;2021-06-15;0;0;0;0;0;0;0;0;0;0
FR;6;2021-06-16;0;0;0;0;0;0;0;0;0;0
FR;6;2021-06-17;0;0;0;0;0;0;0;0;0;0
FR;6;2021-06-18;0;0;0;0;0;0;0;0;0;0
FR;6;2021-06-19;0;0;0;0;0;0;0;0;0;0
FR;6;2021-06-20;0;0;0;0;0;0;0;0;0;0
FR;6;2021-06-21;0;0;0;0;0;0;0;0;0;0
FR;6;2021-06-22;0;0;0;0;0;0;0;0;0;0
FR;6;2021-06-23;0;0;0;0;0;0;0;0;0;0
FR;6;2021-06-24;0;0;0;0;0;0;0;0;0;0
FR;6;2021-06-25;0;0;0;0;0;0;0;0;0;0
FR;6;2021-06-26;0;0;0;0;0;0;0;0;0;0
FR;6;2021-06-27;0;0;0;0;0;0;0;0;0;0
FR;6;2021-06-28;0;0;0;0;0;0;0;0;0;0
FR;6;2021-06-29;0;0;0;0;0;0;0;0;0;0
FR;6;2021-06-30;0;0;0;0;0;0;0;0;0;0
FR;6;2021-07-01;0;0;0;0;0;0;0;0;0;0
FR;6;2021-07-02;0;0;0;0;0;0;0;0;0;0
FR;6;2021-07-03;0;0;0;0;0;0;0;0;0;0
FR;6;2021-07-04;0;0;0;0;0;0;0;0;0;0
FR;6;2021-07-05;0;0;0;0;0;0;0;0;0;0
FR;6;2021-07-06;0;0;0;0;0;0;0;0;0;0
FR;6;2021-07-07;0;0;0;0;0;0;0;0;0;0
FR;6;2021-07-08;0;0;0;0;0;0;0;0;0;0
FR;6;2021-07-09;0;0;0;0;0;0;0;0;0;0
FR;6;2021-07-10;0;0;0;0;0;0;0;0;0;0
FR;6;2021-07-11;0;0;0;0;0;0;0;0;0;0
FR;6;2021-07-12;0;0;0;0;0;0;0;0;0;0
FR;6;2021-07-13;0;0;0;0;0;0;0;0;0;0
FR;6;2021-07-14;0;0;0;0;0;0;0;0;0;0
FR;6;2021-07-15;0;0;0;0;0;0;0;0;0;0
FR;6;2021-07-16;0;0;0;0;0;0;0;0;0;0
FR;6;2021-07-17;0;0;0;0;0;0;0;0;0;0
FR;6;2021-07-18;0;0;0;0;0;0;0;0;0;0
FR;6;2021-07-19;0;0;0;0;0;0;0;0;0;0
FR;6;2021-07-20;0;0;0;0;0;0;0;0;0;0
FR;6;2021-07-21;0;0;0;0;0;0;0;0;0;0
FR;6;2021-07-22;0;0;0;0;0;0;0;0;0;0
FR;6;2021-07-23;0;0;0;0;0;0;0;0;0;0
FR;6;2021-07-24;0;0;0;0;0;0;0;0;0;0
FR;6;2021-07-25;0;0;0;0;0;0;0;0;0;0
FR;6;2021-07-26;0;0;0;0;0;0;0;0;0;0
FR;6;2021-07-27;0;0;0;0;0;0;0;0;0;0
FR;6;2021-07-28;0;0;0;0;0;0;0;0;0;0
FR;6;2021-07-29;0;0;0;0;0;0;0;0;0;0
FR;6;2021-07-30;0;0;0;0;0;0;0;0;0;0
FR;6;2021-07-31;0;0;0;0;0;0;0;0;0;0
FR;6;2021-08-01;0;0;0;0;0;0;0;0;0;0
FR;6;2021-08-02;0;0;0;0;0;0;0;0;0;0
FR;6;2021-08-03;0;0;0;0;0;0;0;0;0;0
FR;6;2021-08-04;0;0;0;0;0;0;0;0;0;0
FR;6;2021-08-05;0;0;0;0;0;0;0;0;0;0
FR;6;2021-08-06;0;0;0;0;0;0;0;0;0;0
FR;6;2021-08-07;0;0;0;0;0;0;0;0;0;0
FR;6;2021-08-08;0;0;0;0;0;0;0;0;0;0
FR;6;2021-08-09;0;0;0;0;0;0;0;0;0;0
FR;6;2021-08-10;0;0;0;0;0;0;0;0;0;0
FR;6;2021-08-11;0;0;0;0;0;0;0;0;0;0
FR;6;2021-08-12;0;0;0;0;0;0;0;0;0;0
FR;6;2021-08-13;0;0;0;0;0;0;0;0;0;0
FR;6;2021-08-14;0;0;0;0;0;0;0;0;0;0
FR;6;2021-08-15;0;0;0;0;0;0;0;0;0;0
FR;6;2021-08-16;0;0;0;0;0;0;0;0;0;0
FR;6;2021-08-17;0;0;0;0;0;0;0;0;0;0
FR;6;2021-08-18;0;0;0;0;0;0;0;0;0;0
FR;6;2021-08-19;0;0;0;0;0;0;0;0;0;0
FR;6;2021-08-20;0;0;0;0;0;0;0;0;0;0
FR;6;2021-08-21;0;0;0;0;0;0;0;0;0;0
FR;6;2021-08-22;0;0;0;0;0;0;0;0;0;0
FR;6;2021-08-23;0;0;0;0;0;0;0;0;0;0
FR;6;2021-08-24;0;0;0;0;0;0;0;0;0;0
FR;6;2021-08-25;0;0;0;0;0;0;0;0;0;0
FR;6;2021-08-26;0;0;0;0;0;0;0;0;0;0
FR;6;2021-08-27;0;0;0;0;0;0;0;0;0;0
FR;6;2021-08-28;0;0;0;0;0;0;0;0;0;0
FR;6;2021-08-29;0;0;0;0;0;0;0;0;0;0
FR;6;2021-08-30;0;0;0;0;0;0;0;0;0;0
FR;6;2021-08-31;0;0;0;0;0;0;0;0;0;0
FR;6;2021-09-01;0;0;0;0;0;0;0;0;0;0
FR;6;2021-09-02;0;0;0;0;0;0;0;0;0;0
FR;6;2021-09-03;0;0;0;0;0;0;0;0;0;0
FR;6;2021-09-04;0;0;0;0;0;0;0;0;0;0
FR;6;2021-09-05;0;0;0;0;0;0;0;0;0;0
FR;6;2021-09-06;0;0;0;0;0;0;0;0;0;0
FR;6;2021-09-07;0;0;0;0;0;0;0;0;0;0
FR;6;2021-09-08;0;0;0;0;0;0;0;0;0;0
FR;6;2021-09-09;0;0;0;0;0;0;0;0;0;0
FR;6;2021-09-10;0;0;0;0;0;0;0;0;0;0
FR;6;2021-09-11;0;0;0;0;0;0;0;0;0;0
FR;6;2021-09-12;0;0;0;0;0;0;0;0;0;0
FR;6;2021-09-13;0;0;0;0;0;0;0;0;0;0
FR;6;2021-09-14;0;0;0;0;0;0;0;0;0;0
FR;6;2021-09-15;0;0;0;0;0;0;0;0;0;0
FR;6;2021-09-16;0;0;0;0;0;0;0;0;0;0
FR;6;2021-09-17;0;0;0;0;0;0;0;0;0;0
FR;6;2021-09-18;0;0;0;0;0;0;0;0;0;0
FR;6;2021-09-19;0;0;0;0;0;0;0;0;0;0
FR;6;2021-09-20;0;0;0;0;0;0;0;0;0;0
FR;6;2021-09-21;0;0;0;0;0;0;0;0;0;0
FR;6;2021-09-22;0;0;0;0;0;0;0;0;0;0
FR;6;2021-09-23;0;0;0;0;0;0;0;0;0;0
FR;6;2021-09-24;0;0;0;0;0;0;0;0;0;0
FR;6;2021-09-25;0;0;0;0;0;0;0;0;0;0
FR;6;2021-09-26;0;0;0;0;0;0;0;0;0;0
FR;6;2021-09-27;0;0;0;0;0;0;0;0;0;0
FR;6;2021-09-28;0;0;0;0;0;0;0;0;0;0
FR;6;2021-09-29;0;0;0;0;0;0;0;0;0;0
FR;6;2021-09-30;0;0;0;0;0;0;0;0;0;0
FR;6;2021-10-01;0;0;0;0;0;0;0;0;0;0
FR;6;2021-10-02;0;0;0;0;0;0;0;0;0;0
FR;6;2021-10-03;0;0;0;0;0;0;0;0;0;0
FR;6;2021-10-04;0;0;0;0;0;0;0;0;0;0
FR;6;2021-10-05;0;0;0;0;0;0;0;0;0;0
FR;6;2021-10-06;0;0;0;0;0;0;0;0;0;0
FR;6;2021-10-07;0;0;0;0;0;0;0;0;0;0
FR;6;2021-10-08;0;0;0;0;0;0;0;0;0;0
FR;6;2021-10-09;0;0;0;0;0;0;0;0;0;0
FR;6;2021-10-10;0;0;0;0;0;0;0;0;0;0
FR;6;2021-10-11;0;0;0;0;0;0;0;0;0;0
FR;6;2021-10-12;0;0;0;0;0;0;0;0;0;0
FR;6;2021-10-13;0;0;0;0;0;0;0;0;0;0
FR;6;2021-10-14;0;0;0;0;0;0;0;0;0;0
FR;6;2021-10-15;0;0;0;0;0;0;0;0;0;0
FR;6;2021-10-16;0;0;0;0;0;0;0;0;0;0
FR;6;2021-10-17;0;0;0;0;0;0;0;0;0;0
FR;6;2021-10-18;0;0;0;0;0;0;0;0;0;0
FR;6;2021-10-19;0;0;0;0;0;0;0;0;0;0
FR;6;2021-10-20;0;0;0;0;0;0;0;0;0;0
FR;6;2021-10-21;0;0;0;0;0;0;0;0;0;0
FR;6;2021-10-22;0;0;0;0;0;0;0;0;0;0
FR;6;2021-10-23;0;0;0;0;0;0;0;0;0;0
FR;6;2021-10-24;0;0;0;0;0;0;0;0;0;0
FR;6;2021-10-25;0;0;0;0;0;0;0;0;0;0
FR;6;2021-10-26;0;0;0;0;0;0;0;0;0;0
FR;6;2021-10-27;0;0;0;0;0;0;0;0;0;0
FR;6;2021-10-28;0;0;0;0;0;0;0;0;0;0
FR;6;2021-10-29;0;0;0;0;0;0;0;0;0;0
FR;6;2021-10-30;0;0;0;0;0;0;0;0;0;0
FR;6;2021-10-31;0;0;0;0;0;0;0;0;0;0
FR;6;2021-11-01;0;0;0;0;0;0;0;0;0;0
FR;6;2021-11-02;0;0;0;0;0;0;0;0;0;0
FR;6;2021-11-03;0;0;0;0;0;0;0;0;0;0
FR;6;2021-11-04;0;0;0;0;0;0;0;0;0;0
FR;6;2021-11-05;0;0;0;0;0;0;0;0;0;0
FR;6;2021-11-06;0;0;0;0;0;0;0;0;0;0
FR;6;2021-11-07;0;0;0;0;0;0;0;0;0;0
FR;6;2021-11-08;0;0;0;0;0;0;0;0;0;0
FR;6;2021-11-09;0;0;0;0;0;0;0;0;0;0
FR;6;2021-11-10;0;0;0;0;0;0;0;0;0;0
FR;6;2021-11-11;0;0;0;0;0;0;0;0;0;0
FR;6;2021-11-12;0;0;0;0;0;0;0;0;0;0
FR;6;2021-11-13;0;0;0;0;0;0;0;0;0;0
FR;6;2021-11-14;0;0;0;0;0;0;0;0;0;0
FR;6;2021-11-15;0;0;0;0;0;0;0;0;0;0
FR;6;2021-11-16;0;0;0;0;0;0;0;0;0;0
FR;6;2021-11-17;0;0;0;0;0;0;0;0;0;0
FR;6;2021-11-18;0;0;0;0;0;0;0;0;0;0
FR;6;2021-11-19;0;0;0;0;0;0;0;0;0;0
FR;6;2021-11-20;0;0;0;0;0;0;0;0;0;0
FR;6;2021-11-21;0;0;0;0;0;0;0;0;0;0
FR;6;2021-11-22;0;0;0;0;0;0;0;0;0;0
FR;6;2021-11-23;0;0;0;0;0;0;0;0;0;0
FR;6;2021-11-24;0;0;0;0;0;0;0;0;0;0
FR;6;2021-11-25;0;0;0;0;0;0;0;0;0;0
FR;6;2021-11-26;0;0;0;0;0;0;0;0;0;0
FR;6;2021-11-27;0;0;0;0;0;0;0;0;0;0
FR;6;2021-11-28;0;0;0;0;0;0;0;0;0;0
FR;6;2021-11-29;0;0;0;0;0;0;0;0;0;0
FR;6;2021-11-30;0;0;0;0;0;0;0;0;0;0
FR;6;2021-12-01;0;0;0;0;0;0;0;0;0;0
FR;6;2021-12-02;0;0;0;0;0;0;0;0;0;0
FR;6;2021-12-03;0;0;0;0;0;0;0;0;0;0
FR;6;2021-12-04;0;0;0;0;0;0;0;0;0;0
FR;6;2021-12-05;0;0;0;0;0;0;0;0;0;0
FR;6;2021-12-06;0;0;0;0;0;0;0;0;0;0
FR;6;2021-12-07;0;0;0;0;0;0;0;0;0;0
FR;6;2021-12-08;0;0;0;0;0;0;0;0;0;0
FR;6;2021-12-09;0;0;0;0;0;0;0;0;0;0
FR;6;2021-12-10;0;0;0;0;0;0;0;0;0;0
FR;6;2021-12-11;0;0;0;0;0;0;0;0;0;0
FR;6;2021-12-12;0;0;0;0;0;0;0;0;0;0
FR;6;2021-12-13;0;0;0;0;0;0;0;0;0;0
FR;6;2021-12-14;0;0;0;0;0;0;0;0;0;0
FR;6;2021-12-15;0;0;0;0;0;0;0;0;0;0
FR;6;2021-12-16;0;0;0;0;0;0;0;0;0;0
FR;6;2021-12-17;0;0;0;0;0;0;0;0;0;0
FR;6;2021-12-18;0;0;0;0;0;0;0;0;0;0
FR;6;2021-12-19;0;0;0;0;0;0;0;0;0;0
FR;6;2021-12-20;0;0;0;0;0;0;0;0;0;0
FR;6;2021-12-21;0;0;0;0;0;0;0;0;0;0
FR;6;2021-12-22;0;0;0;0;0;0;0;0;0;0
FR;6;2021-12-23;0;0;0;0;0;0;0;0;0;0
FR;6;2021-12-24;0;0;0;0;0;0;0;0;0;0
FR;6;2021-12-25;0;0;0;0;0;0;0;0;0;0
FR;6;2021-12-26;0;0;0;0;0;0;0;0;0;0
FR;6;2021-12-27;0;0;0;0;0;0;0;0;0;0
FR;6;2021-12-28;0;0;0;0;0;0;0;0;0;0
FR;6;2021-12-29;0;0;0;0;0;0;0;0;0;0
FR;6;2021-12-30;0;0;0;0;0;0;0;0;0;0
FR;6;2021-12-31;0;0;0;0;0;0;0;0;0;0
FR;6;2022-01-01;0;0;0;0;0;0;0;0;0;0
FR;6;2022-01-02;0;0;0;0;0;0;0;0;0;0
FR;6;2022-01-03;0;0;0;0;0;0;0;0;0;0
FR;6;2022-01-04;0;0;0;0;0;0;0;0;0;0
FR;6;2022-01-05;0;0;0;0;0;0;0;0;0;0
FR;6;2022-01-06;0;0;0;0;0;0;0;0;0;0
FR;6;2022-01-07;0;0;0;0;0;0;0;0;0;0
FR;6;2022-01-08;0;0;0;0;0;0;0;0;0;0
FR;6;2022-01-09;0;0;0;0;0;0;0;0;0;0
FR;6;2022-01-10;0;0;0;0;0;0;0;0;0;0
FR;6;2022-01-11;0;0;0;0;0;0;0;0;0;0
FR;6;2022-01-12;0;0;0;0;0;0;0;0;0;0
FR;6;2022-01-13;0;0;0;0;0;0;0;0;0;0
FR;6;2022-01-14;0;0;0;0;0;0;0;0;0;0
FR;6;2022-01-15;0;0;0;0;0;0;0;0;0;0
FR;6;2022-01-16;0;0;0;0;0;0;0;0;0;0
FR;6;2022-01-17;0;0;0;0;0;0;0;0;0;0
FR;6;2022-01-18;0;0;0;0;0;0;0;0;0;0
FR;6;2022-01-19;0;0;0;0;0;0;0;0;0;0
FR;6;2022-01-20;0;0;0;0;0;0;0;0;0;0
FR;6;2022-01-21;0;0;0;0;0;0;0;0;0;0
FR;6;2022-01-22;0;0;0;0;0;0;0;0;0;0
FR;6;2022-01-23;0;0;0;0;0;0;0;0;0;0
FR;6;2022-01-24;0;0;0;0;0;0;0;0;0;0
FR;6;2022-01-25;0;0;0;0;0;0;0;0;0;0
FR;6;2022-01-26;0;0;0;0;0;0;0;0;0;0
FR;6;2022-01-27;0;0;0;0;0;0;0;0;0;0
FR;6;2022-01-28;0;0;0;0;0;0;0;0;0;0
FR;6;2022-01-29;0;0;0;0;0;0;0;0;0;0
FR;6;2022-01-30;0;0;0;0;0;0;0;0;0;0
FR;6;2022-01-31;0;0;0;0;0;0;0;0;0;0
FR;6;2022-02-01;0;0;0;0;0;0;0;0;0;0
FR;6;2022-02-02;0;0;0;0;0;0;0;0;0;0
FR;6;2022-02-03;0;0;0;0;0;0;0;0;0;0
FR;6;2022-02-04;0;0;0;0;0;0;0;0;0;0
FR;6;2022-02-05;0;0;0;0;0;0;0;0;0;0
FR;6;2022-02-06;0;0;0;0;0;0;0;0;0;0
FR;6;2022-02-07;0;0;0;0;0;0;0;0;0;0
FR;6;2022-02-08;0;0;0;0;0;0;0;0;0;0
FR;6;2022-02-09;0;0;0;0;0;0;0;0;0;0
FR;6;2022-02-10;0;0;0;0;0;0;0;0;0;0
FR;6;2022-02-11;0;0;0;0;0;0;0;0;0;0
FR;6;2022-02-12;0;0;0;0;0;0;0;0;0;0
FR;6;2022-02-13;0;0;0;0;0;0;0;0;0;0
FR;6;2022-02-14;0;0;0;0;0;0;0;0;0;0
FR;6;2022-02-15;0;0;0;0;0;0;0;0;0;0
FR;6;2022-02-16;0;0;0;0;0;0;0;0;0;0
FR;6;2022-02-17;0;0;0;0;0;0;0;0;0;0
FR;6;2022-02-18;0;0;0;0;0;0;0;0;0;0
FR;6;2022-02-19;0;0;0;0;0;0;0;0;0;0
FR;6;2022-02-20;0;0;0;0;0;0;0;0;0;0
FR;6;2022-02-21;0;0;0;0;0;0;0;0;0;0
FR;6;2022-02-22;0;0;0;0;0;0;0;0;0;0
FR;6;2022-02-23;0;0;0;0;0;0;0;0;0;0
FR;6;2022-02-24;0;0;0;0;0;0;0;0;0;0
FR;6;2022-02-25;0;0;0;0;0;0;0;0;0;0
FR;6;2022-02-26;1;0;0;0;0;1;0;0;0;0
FR;6;2022-02-27;0;0;0;0;0;1;0;0;0;0
FR;6;2022-02-28;0;0;0;0;0;1;0;0;0;0
FR;6;2022-03-01;3;0;0;0;0;4;0;0;0;0
FR;6;2022-03-02;97;9;2;0;7;101;9;2;0;7
FR;6;2022-03-03;0;0;0;0;0;101;9;2;0;7
FR;6;2022-03-04;92;4;0;0;4;193;13;2;0;11
FR;6;2022-03-05;391;23;2;0;14;584;36;4;0;25
FR;6;2022-03-06;7;1;0;0;0;591;37;4;0;25
FR;6;2022-03-07;337;19;0;0;13;928;56;4;0;38
FR;6;2022-03-08;230;14;0;0;5;1158;70;4;0;43
FR;6;2022-03-09;519;29;2;0;21;1677;99;6;0;64
FR;6;2022-03-10;206;19;0;1;12;1883;118;6;1;76
FR;6;2022-03-11;331;22;6;0;21;2214;140;12;1;97
FR;6;2022-03-12;518;25;1;0;20;2732;165;13;1;117
FR;6;2022-03-13;40;2;0;0;1;2772;167;13;1;118
FR;6;2022-03-14;201;4;2;0;3;2973;171;15;1;121
FR;6;2022-03-15;112;11;2;0;9;3085;182;17;1;130
FR;6;2022-03-16;310;17;1;1;14;3395;199;18;2;144
FR;6;2022-03-17;117;6;1;2;4;3512;205;19;4;148
FR;6;2022-03-18;215;10;0;0;6;3727;215;19;4;154
FR;6;2022-03-19;307;19;2;0;9;4034;234;21;4;163
FR;6;2022-03-20;15;5;0;0;1;4049;239;21;4;164
FR;6;2022-03-21;132;23;1;0;4;4181;262;22;4;168
FR;6;2022-03-22;97;15;0;0;4;4278;277;22;4;172
FR;6;2022-03-23;226;108;3;0;14;4504;385;25;4;186
FR;6;2022-03-24;100;15;1;3;4;4604;400;26;7;190
FR;6;2022-03-25;203;141;2;1;15;4807;541;28;8;205
FR;6;2022-03-26;331;295;7;1;19;5138;836;35;9;224
FR;6;2022-03-27;32;30;1;0;1;5170;866;36;9;225
FR;6;2022-03-28;201;208;8;1;17;5371;1074;44;10;242
FR;6;2022-03-29;124;189;12;2;12;5495;1263;56;12;254
FR;6;2022-03-30;305;476;10;2;22;5800;1739;66;14;276
FR;6;2022-03-31;123;140;10;0;14;5923;1879;76;14;290
FR;6;2022-04-01;195;150;11;2;23;6118;2029;87;16;313
FR;6;2022-04-02;206;241;9;1;13;6324;2270;96;17;326
FR;6;2022-04-03;17;21;0;0;1;6341;2291;96;17;327
FR;6;2022-04-04;137;114;6;1;9;6478;2405;102;18;336
FR;6;2022-04-05;146;88;15;1;11;6624;2493;117;19;347
FR;6;2022-04-06;204;245;22;26;27;6828;2738;139;45;374
FR;6;2022-04-07;127;96;15;9;17;6955;2834;154;54;391
FR;6;2022-04-08;199;171;16;3;17;7154;3005;170;57;408
FR;6;2022-04-09;145;139;6;12;13;7299;3144;176;69;421
FR;6;2022-04-10;10;20;3;0;1;7309;3164;179;69;422
FR;6;2022-04-11;101;106;4;0;5;7410;3270;183;69;427
FR;6;2022-04-12;136;75;5;8;10;7546;3345;188;77;437
FR;6;2022-04-13;162;175;7;5;13;7708;3520;195;82;450
FR;6;2022-04-14;100;103;5;10;8;7808;3623;200;92;458
FR;6;2022-04-15;158;149;11;7;19;7966;3772;211;99;477
FR;6;2022-04-16;127;132;5;0;14;8093;3904;216;99;491
FR;6;2022-04-17;8;9;4;0;4;8101;3913;220;99;495
FR;6;2022-04-18;8;15;3;0;4;8109;3928;223;99;499
FR;6;2022-04-19;97;112;4;3;3;8206;4040;227;102;502
FR;6;2022-04-20;178;227;8;7;15;8384;4267;235;109;517
FR;6;2022-04-21;111;93;8;4;11;8495;4360;243;113;528
FR;6;2022-04-22;138;160;13;12;13;8633;4520;256;125;541
FR;6;2022-04-23;106;129;1;1;7;8739;4649;257;126;548
FR;6;2022-04-24;5;21;1;0;0;8744;4670;258;126;548
FR;6;2022-04-25;91;128;3;8;11;8835;4798;261;134;559
FR;6;2022-04-26;101;128;19;2;17;8936;4926;280;136;576
FR;6;2022-04-27;197;159;21;1;27;9133;5085;301;137;603
FR;6;2022-04-28;109;87;7;1;8;9242;5172;308;138;611
FR;6;2022-04-29;191;169;16;2;20;9433;5341;324;140;631
FR;6;2022-04-30;133;125;7;1;24;9566;5466;331;141;655
FR;6;2022-05-01;7;6;0;0;0;9573;5472;331;141;655
FR;6;2022-05-02;94;65;3;4;3;9667;5537;334;145;658
FR;6;2022-05-03;136;93;11;2;7;9803;5630;345;147;665
FR;6;2022-05-04;167;118;25;12;29;9970;5748;370;159;694
FR;6;2022-05-05;101;70;8;3;12;10071;5818;378;162;706
FR;6;2022-05-06;152;110;10;9;16;10223;5928;388;171;722
FR;6;2022-05-07;139;93;13;3;23;10362;6021;401;174;745
FR;6;2022-05-08;20;8;6;5;7;10382;6029;407;179;752
FR;6;2022-05-09;86;78;9;7;13;10468;6107;416;186;765
FR;6;2022-05-10;112;80;15;7;12;10580;6187;431;193;777
FR;6;2022-05-11;130;124;11;14;20;10710;6311;442;207;797
FR;6;2022-05-12;105;76;7;5;15;10815;6387;449;212;812
FR;6;2022-05-13;155;97;17;21;22;10970;6484;466;233;834
FR;6;2022-05-14;81;60;6;7;15;11051;6544;472;240;849
FR;6;2022-05-15;12;7;0;0;0;11063;6551;472;240;849
FR;6;2022-05-16;65;54;6;2;12;11128;6605;478;242;861
FR;6;2022-05-17;123;77;5;7;11;11251;6682;483;249;872
FR;6;2022-05-18;131;116;5;1;13;11382;6798;488;250;885
FR;6;2022-05-19;124;57;6;8;9;11506;6855;494;258;894
FR;6;2022-05-20;125;115;13;3;18;11631;6970;507;261;912
FR;6;2022-05-21;92;69;14;3;12;11723;7039;521;264;924
FR;6;2022-05-22;19;12;5;0;4;11742;7051;526;264;928
FR;6;2022-05-23;77;72;4;2;7;11819;7123;530;266;935
FR;6;2022-05-24;117;98;8;2;16;11936;7221;538;268;951
FR;6;2022-05-25;139;129;6;3;11;12075;7350;544;271;962
FR;6;2022-05-26;7;9;3;0;9;12082;7359;547;271;971
FR;6;2022-05-27;127;105;15;11;18;12209;7464;562;282;989
FR;6;2022-05-28;53;75;1;5;8;12262;7539;563;287;997
FR;6;2022-05-29;8;10;0;0;1;12270;7549;563;287;998
FR;6;2022-05-30;70;70;7;4;4;12340;7619;570;291;1002
FR;6;2022-05-31;87;102;10;2;14;12427;7721;580;293;1016
FR;6;2022-06-01;97;89;10;1;11;12524;7810;590;294;1027
FR;6;2022-06-02;91;60;6;3;9;12615;7870;596;297;1036
FR;6;2022-06-03;126;102;13;7;21;12741;7972;609;304;1057
FR;6;2022-06-04;63;51;10;0;12;12804;8023;619;304;1069
FR;6;2022-06-05;16;15;2;1;4;12820;8038;621;305;1073
FR;6;2022-06-06;9;6;0;0;0;12829;8044;621;305;1073
FR;6;2022-06-07;79;90;3;4;8;12908;8134;624;309;1081
FR;6;2022-06-08;92;110;13;5;20;13000;8244;637;314;1101
FR;6;2022-06-09;75;81;15;3;15;13075;8325;652;317;1116
FR;6;2022-06-10;116;93;26;10;22;13191;8418;678;327;1138
FR;6;2022-06-11;83;62;6;10;12;13274;8480;684;337;1150
FR;6;2022-06-12;6;14;1;0;2;13280;8494;685;337;1152
FR;6;2022-06-13;74;59;18;1;7;13354;8553;703;338;1159
FR;6;2022-06-14;98;100;8;5;16;13452;8653;711;343;1175
FR;6;2022-06-15;80;86;7;8;15;13532;8739;718;351;1190
FR;6;2022-06-16;53;40;11;7;14;13585;8779;729;358;1204
FR;6;2022-06-17;86;85;3;13;11;13671;8864;732;371;1215
FR;6;2022-06-18;71;61;13;0;21;13742;8925;745;371;1236
FR;6;2022-06-19;6;6;3;0;4;13748;8931;748;371;1240
FR;6;2022-06-20;42;41;4;1;6;13790;8972;752;372;1246
FR;6;2022-06-21;59;73;10;7;17;13849;9045;762;379;1263
FR;6;2022-06-22;86;85;8;2;17;13935;9130;770;381;1280
FR;6;2022-06-23;64;39;13;7;15;13999;9169;783;388;1295
FR;6;2022-06-24;77;85;7;14;20;14076;9254;790;402;1315
FR;6;2022-06-25;67;61;4;3;8;14143;9315;794;405;1323
FR;6;2022-06-26;6;7;1;0;1;14149;9322;795;405;1324
FR;6;2022-06-27;51;50;4;9;12;14200;9372;799;414;1336
FR;6;2022-06-28;68;47;6;3;15;14268;9419;805;417;1351
FR;6;2022-06-29;98;117;26;37;19;14366;9536;831;454;1370
FR;6;2022-06-30;84;60;33;10;12;14450;9596;864;464;1382
FR;6;2022-07-01;115;94;25;33;18;14565;9690;889;497;1400
FR;6;2022-07-02;58;67;26;2;37;14623;9757;915;499;1437
FR;6;2022-07-03;11;4;4;3;4;14634;9761;919;502;1441
FR;6;2022-07-04;61;43;3;23;13;14695;9804;922;525;1454
FR;6;2022-07-05;65;53;19;67;27;14760;9857;941;592;1481
FR;6;2022-07-06;94;64;7;11;12;14854;9921;948;603;1493
FR;6;2022-07-07;99;79;42;37;14;14953;10000;990;640;1507
FR;6;2022-07-08;139;87;42;27;10;15092;10087;1032;667;1517
FR;6;2022-07-09;53;51;16;29;27;15145;10138;1048;696;1544
FR;6;2022-07-10;3;7;8;0;9;15148;10145;1056;696;1553
FR;6;2022-07-11;54;44;5;4;12;15202;10189;1061;700;1565
FR;6;2022-07-12;70;72;12;23;12;15272;10261;1073;723;1577
FR;6;2022-07-13;84;65;14;21;25;15356;10326;1087;744;1602
FR;6;2022-07-14;4;3;1;0;1;15360;10329;1088;744;1603
FR;6;2022-07-15;74;59;9;57;16;15434;10388;1097;801;1619
FR;6;2022-07-16;27;31;17;0;17;15461;10419;1114;801;1636
FR;6;2022-07-17;3;7;0;0;0;15464;10426;1114;801;1636
FR;6;2022-07-18;37;62;11;14;15;15501;10488;1125;815;1651
FR;6;2022-07-19;54;48;4;19;6;15555;10536;1129;834;1657
FR;6;2022-07-20;53;70;7;22;11;15608;10606;1136;856;1668
FR;6;2022-07-21;51;60;4;7;11;15659;10666;1140;863;1679
FR;6;2022-07-22;55;74;7;26;8;15714;10740;1147;889;1687
FR;6;2022-07-23;38;40;6;10;6;15752;10780;1153;899;1693
FR;6;2022-07-24;11;14;1;3;3;15763;10794;1154;902;1696
FR;6;2022-07-25;60;44;8;12;9;15823;10838;1162;914;1705
FR;6;2022-07-26;47;64;14;6;10;15870;10902;1176;920;1715
FR;6;2022-07-27;54;78;15;11;17;15924;10980;1191;931;1732
FR;6;2022-07-28;30;48;4;6;8;15954;11028;1195;937;1740
FR;6;2022-07-29;43;71;10;38;24;15997;11099;1205;975;1764
FR;6;2022-07-30;26;48;4;15;7;16023;11147;1209;990;1771
FR;6;2022-07-31;0;1;1;0;0;16023;11148;1210;990;1771
FR;6;2022-08-01;39;36;14;8;10;16062;11184;1224;998;1781
FR;6;2022-08-02;37;46;10;14;6;16099;11230;1234;1012;1787
FR;6;2022-08-03;29;52;7;16;11;16128;11282;1241;1028;1798
FR;6;2022-08-04;25;21;4;9;6;16153;11303;1245;1037;1804
FR;6;2022-08-05;43;45;1;7;5;16196;11348;1246;1044;1809
FR;6;2022-08-06;17;27;1;3;2;16213;11375;1247;1047;1811
FR;6;2022-08-07;1;2;0;0;0;16214;11377;1247;1047;1811
FR;6;2022-08-08;24;33;1;0;1;16238;11410;1248;1047;1812
FR;6;2022-08-09;22;30;6;3;3;16260;11440;1254;1050;1815
FR;6;2022-08-10;32;36;5;9;5;16292;11476;1259;1059;1820
FR;6;2022-08-11;33;33;1;1;1;16325;11509;1260;1060;1821
FR;6;2022-08-12;50;44;6;2;15;16375;11553;1266;1062;1836
FR;6;2022-08-13;9;20;0;0;1;16384;11573;1266;1062;1837
FR;6;2022-08-14;3;1;0;0;0;16387;11574;1266;1062;1837
FR;6;2022-08-15;2;3;1;0;0;16389;11577;1267;1062;1837
FR;6;2022-08-16;35;66;21;7;7;16424;11643;1288;1069;1844
FR;6;2022-08-17;32;44;10;9;10;16456;11687;1298;1078;1854
FR;6;2022-08-18;29;55;14;4;4;16485;11742;1312;1082;1858
FR;6;2022-08-19;30;45;5;4;3;16515;11787;1317;1086;1861
FR;6;2022-08-20;26;29;3;0;8;16541;11816;1320;1086;1869
FR;6;2022-08-21;1;5;2;0;0;16542;11821;1322;1086;1869
FR;6;2022-08-22;20;42;15;1;0;16562;11863;1337;1087;1869
FR;6;2022-08-23;34;45;6;7;6;16596;11908;1343;1094;1875
FR;6;2022-08-24;34;30;6;3;6;16630;11938;1349;1097;1881
FR;6;2022-08-25;25;27;1;1;5;16655;11965;1350;1098;1886
FR;6;2022-08-26;38;44;4;4;7;16693;12009;1354;1102;1893
FR;6;2022-08-27;19;21;7;3;8;16712;12030;1361;1105;1901
FR;6;2022-08-28;6;3;0;6;1;16718;12033;1361;1111;1902
FR;6;2022-08-29;26;22;2;6;3;16744;12055;1363;1117;1905
FR;6;2022-08-30;28;35;4;12;8;16772;12090;1367;1129;1913
FR;6;2022-08-31;35;38;2;11;3;16807;12128;1369;1140;1916
FR;6;2022-09-01;16;11;5;1;4;16823;12139;1374;1141;1920
FR;6;2022-09-02;19;14;2;1;3;16842;12153;1376;1142;1923
FR;6;2022-09-03;10;3;1;5;2;16852;12156;1377;1147;1925
FR;6;2022-09-04;4;1;0;0;0;16856;12157;1377;1147;1925
FR;6;2022-09-05;8;7;0;0;0;16864;12164;1377;1147;1925
FR;6;2022-09-06;7;9;7;12;6;16871;12173;1384;1159;1931
FR;6;2022-09-07;3;8;1;0;1;16874;12181;1385;1159;1932
FR;6;2022-09-08;6;4;0;2;1;16880;12185;1385;1161;1933
FR;6;2022-09-09;7;9;2;7;3;16887;12194;1387;1168;1936
FR;6;2022-09-10;3;4;1;0;1;16890;12198;1388;1168;1937
FR;6;2022-09-11;1;3;0;0;0;16891;12201;1388;1168;1937
FR;6;2022-09-12;10;4;1;0;3;16901;12205;1389;1168;1940
FR;6;2022-09-13;7;2;3;0;2;16908;12207;1392;1168;1942
FR;6;2022-09-14;9;8;2;0;4;16917;12215;1394;1168;1946
FR;6;2022-09-15;8;13;5;5;9;16925;12228;1399;1173;1955
FR;6;2022-09-16;25;38;1;1;3;16950;12266;1400;1174;1958
FR;6;2022-09-17;24;22;0;6;5;16974;12288;1400;1180;1963
FR;6;2022-09-18;5;4;0;0;1;16979;12292;1400;1180;1964
FR;6;2022-09-19;30;30;2;1;5;17009;12322;1402;1181;1969
FR;6;2022-09-20;34;25;1;4;6;17043;12347;1403;1185;1975
FR;6;2022-09-21;21;9;3;3;7;17064;12356;1406;1188;1982
FR;6;2022-09-22;19;28;1;22;3;17083;12384;1407;1210;1985
FR;6;2022-09-23;28;41;5;9;9;17111;12425;1412;1219;1994
FR;6;2022-09-24;16;16;4;2;6;17127;12441;1416;1221;2000
FR;6;2022-09-25;3;14;0;0;1;17130;12455;1416;1221;2001
FR;6;2022-09-26;16;13;0;18;5;17146;12468;1416;1239;2006
FR;6;2022-09-27;32;19;2;3;4;17178;12487;1418;1242;2010
FR;6;2022-09-28;27;10;9;11;5;17205;12497;1427;1253;2015
FR;6;2022-09-29;13;13;10;34;6;17218;12510;1437;1287;2021
FR;6;2022-09-30;34;24;5;6;5;17252;12534;1442;1293;2026
FR;6;2022-10-01;15;12;5;8;8;17267;12546;1447;1301;2034
FR;6;2022-10-02;3;0;0;0;0;17270;12546;1447;1301;2034
FR;6;2022-10-03;11;10;3;5;4;17281;12556;1450;1306;2038
FR;6;2022-10-04;19;17;4;28;3;17300;12573;1454;1334;2041
FR;6;2022-10-05;11;12;3;2;7;17311;12585;1457;1336;2048
FR;6;2022-10-06;19;13;4;6;2;17330;12598;1461;1342;2050
FR;6;2022-10-07;27;26;5;24;10;17357;12624;1466;1366;2060
FR;6;2022-10-08;18;13;0;0;0;17375;12637;1466;1366;2060
FR;6;2022-10-09;7;3;4;27;4;17382;12640;1470;1393;2064
FR;6;2022-10-10;15;14;1;16;6;17397;12654;1471;1409;2070
FR;6;2022-10-11;21;23;3;11;8;17418;12677;1474;1420;2078
FR;6;2022-10-12;20;15;7;19;3;17438;12692;1481;1439;2081
FR;6;2022-10-13;28;14;2;36;0;17466;12706;1483;1475;2081
FR;6;2022-10-14;29;23;5;49;11;17495;12729;1488;1524;2092
FR;6;2022-10-15;13;9;0;22;4;17508;12738;1488;1546;2096
FR;6;2022-10-16;4;4;0;6;2;17512;12742;1488;1552;2098
FR;6;2022-10-17;14;14;2;10;1;17526;12756;1490;1562;2099
FR;6;2022-10-18;12;19;9;26;4;17538;12775;1499;1588;2103
FR;6;2022-10-19;10;20;6;16;5;17548;12795;1505;1604;2108
FR;6;2022-10-20;16;15;12;57;5;17564;12810;1517;1661;2113
FR;6;2022-10-21;16;21;9;34;11;17580;12831;1526;1695;2124
FR;6;2022-10-22;19;14;1;4;3;17599;12845;1527;1699;2127
FR;6;2022-10-23;3;2;1;0;0;17602;12847;1528;1699;2127
FR;6;2022-10-24;12;14;2;7;6;17614;12861;1530;1706;2133
FR;6;2022-10-25;20;13;6;17;7;17634;12874;1536;1723;2140
FR;6;2022-10-26;17;9;4;13;4;17651;12883;1540;1736;2144
FR;6;2022-10-27;20;7;8;37;6;17671;12890;1548;1773;2150
FR;6;2022-10-28;21;26;3;4;5;17692;12916;1551;1777;2155
FR;6;2022-10-29;7;10;5;11;6;17699;12926;1556;1788;2161
FR;6;2022-10-30;2;5;0;0;0;17701;12931;1556;1788;2161
FR;6;2022-10-31;16;14;2;12;4;17717;12945;1558;1800;2165
FR;6;2022-11-01;2;1;0;0;0;17719;12946;1558;1800;2165
FR;6;2022-11-02;15;25;8;21;10;17734;12971;1566;1821;2175
FR;6;2022-11-03;16;17;10;39;7;17750;12988;1576;1860;2182
FR;6;2022-11-04;19;22;9;16;5;17769;13010;1585;1876;2187
FR;6;2022-11-05;9;14;2;3;4;17778;13024;1587;1879;2191
FR;6;2022-11-06;5;1;0;0;0;17783;13025;1587;1879;2191
FR;6;2022-11-07;18;10;6;17;4;17801;13035;1593;1896;2195
FR;6;2022-11-08;18;10;2;3;5;17819;13045;1595;1899;2200
FR;8;2020-12-27;0;0;0;0;0;0;0;0;0;0
FR;8;2020-12-28;0;0;0;0;0;0;0;0;0;0
FR;8;2020-12-29;0;0;0;0;0;0;0;0;0;0
FR;8;2020-12-30;0;0;0;0;0;0;0;0;0;0
FR;8;2020-12-31;0;0;0;0;0;0;0;0;0;0
FR;8;2021-01-01;0;0;0;0;0;0;0;0;0;0
FR;8;2021-01-02;0;0;0;0;0;0;0;0;0;0
FR;8;2021-01-03;0;0;0;0;0;0;0;0;0;0
FR;8;2021-01-04;0;0;0;0;0;0;0;0;0;0
FR;8;2021-01-05;0;0;0;0;0;0;0;0;0;0
FR;8;2021-01-06;0;0;0;0;0;0;0;0;0;0
FR;8;2021-01-07;0;0;0;0;0;0;0;0;0;0
FR;8;2021-01-08;0;0;0;0;0;0;0;0;0;0
FR;8;2021-01-09;0;0;0;0;0;0;0;0;0;0
FR;8;2021-01-10;0;0;0;0;0;0;0;0;0;0
FR;8;2021-01-11;0;0;0;0;0;0;0;0;0;0
FR;8;2021-01-12;0;0;0;0;0;0;0;0;0;0
FR;8;2021-01-13;0;0;0;0;0;0;0;0;0;0
FR;8;2021-01-14;0;0;0;0;0;0;0;0;0;0
FR;8;2021-01-15;0;0;0;0;0;0;0;0;0;0
FR;8;2021-01-16;0;0;0;0;0;0;0;0;0;0
FR;8;2021-01-17;0;0;0;0;0;0;0;0;0;0
FR;8;2021-01-18;0;0;0;0;0;0;0;0;0;0
FR;8;2021-01-19;0;0;0;0;0;0;0;0;0;0
FR;8;2021-01-20;0;0;0;0;0;0;0;0;0;0
FR;8;2021-01-21;0;0;0;0;0;0;0;0;0;0
FR;8;2021-01-22;0;0;0;0;0;0;0;0;0;0
FR;8;2021-01-23;0;0;0;0;0;0;0;0;0;0
FR;8;2021-01-24;0;0;0;0;0;0;0;0;0;0
FR;8;2021-01-25;0;0;0;0;0;0;0;0;0;0
FR;8;2021-01-26;0;0;0;0;0;0;0;0;0;0
FR;8;2021-01-27;0;0;0;0;0;0;0;0;0;0
FR;8;2021-01-28;0;0;0;0;0;0;0;0;0;0
FR;8;2021-01-29;0;0;0;0;0;0;0;0;0;0
FR;8;2021-01-30;0;0;0;0;0;0;0;0;0;0
FR;8;2021-01-31;0;0;0;0;0;0;0;0;0;0
FR;8;2021-02-01;0;0;0;0;0;0;0;0;0;0
FR;8;2021-02-02;0;0;0;0;0;0;0;0;0;0
FR;8;2021-02-03;0;0;0;0;0;0;0;0;0;0
FR;8;2021-02-04;0;0;0;0;0;0;0;0;0;0
FR;8;2021-02-05;0;0;0;0;0;0;0;0;0;0
FR;8;2021-02-06;0;0;0;0;0;0;0;0;0;0
FR;8;2021-02-07;0;0;0;0;0;0;0;0;0;0
FR;8;2021-02-08;0;0;0;0;0;0;0;0;0;0
FR;8;2021-02-09;0;0;0;0;0;0;0;0;0;0
FR;8;2021-02-10;0;0;0;0;0;0;0;0;0;0
FR;8;2021-02-11;0;0;0;0;0;0;0;0;0;0
FR;8;2021-02-12;0;0;0;0;0;0;0;0;0;0
FR;8;2021-02-13;0;0;0;0;0;0;0;0;0;0
FR;8;2021-02-14;0;0;0;0;0;0;0;0;0;0
FR;8;2021-02-15;0;0;0;0;0;0;0;0;0;0
FR;8;2021-02-16;0;0;0;0;0;0;0;0;0;0
FR;8;2021-02-17;0;0;0;0;0;0;0;0;0;0
FR;8;2021-02-18;0;0;0;0;0;0;0;0;0;0
FR;8;2021-02-19;0;0;0;0;0;0;0;0;0;0
FR;8;2021-02-20;0;0;0;0;0;0;0;0;0;0
FR;8;2021-02-21;0;0;0;0;0;0;0;0;0;0
FR;8;2021-02-22;0;0;0;0;0;0;0;0;0;0
FR;8;2021-02-23;0;0;0;0;0;0;0;0;0;0
FR;8;2021-02-24;0;0;0;0;0;0;0;0;0;0
FR;8;2021-02-25;0;0;0;0;0;0;0;0;0;0
FR;8;2021-02-26;0;0;0;0;0;0;0;0;0;0
FR;8;2021-02-27;0;0;0;0;0;0;0;0;0;0
FR;8;2021-02-28;0;0;0;0;0;0;0;0;0;0
FR;8;2021-03-01;0;0;0;0;0;0;0;0;0;0
FR;8;2021-03-02;0;0;0;0;0;0;0;0;0;0
FR;8;2021-03-03;0;0;0;0;0;0;0;0;0;0
FR;8;2021-03-04;0;0;0;0;0;0;0;0;0;0
FR;8;2021-03-05;0;0;0;0;0;0;0;0;0;0
FR;8;2021-03-06;0;0;0;0;0;0;0;0;0;0
FR;8;2021-03-07;0;0;0;0;0;0;0;0;0;0
FR;8;2021-03-08;0;0;0;0;0;0;0;0;0;0
FR;8;2021-03-09;0;0;0;0;0;0;0;0;0;0
FR;8;2021-03-10;0;0;0;0;0;0;0;0;0;0
FR;8;2021-03-11;0;0;0;0;0;0;0;0;0;0
FR;8;2021-03-12;0;0;0;0;0;0;0;0;0;0
FR;8;2021-03-13;0;0;0;0;0;0;0;0;0;0
FR;8;2021-03-14;0;0;0;0;0;0;0;0;0;0
FR;8;2021-03-15;0;0;0;0;0;0;0;0;0;0
FR;8;2021-03-16;0;0;0;0;0;0;0;0;0;0
FR;8;2021-03-17;0;0;0;0;0;0;0;0;0;0
FR;8;2021-03-18;0;0;0;0;0;0;0;0;0;0
FR;8;2021-03-19;0;0;0;0;0;0;0;0;0;0
FR;8;2021-03-20;0;0;0;0;0;0;0;0;0;0
FR;8;2021-03-21;0;0;0;0;0;0;0;0;0;0
FR;8;2021-03-22;0;0;0;0;0;0;0;0;0;0
FR;8;2021-03-23;0;0;0;0;0;0;0;0;0;0
FR;8;2021-03-24;0;0;0;0;0;0;0;0;0;0
FR;8;2021-03-25;0;0;0;0;0;0;0;0;0;0
FR;8;2021-03-26;0;0;0;0;0;0;0;0;0;0
FR;8;2021-03-27;0;0;0;0;0;0;0;0;0;0
FR;8;2021-03-28;0;0;0;0;0;0;0;0;0;0
FR;8;2021-03-29;0;0;0;0;0;0;0;0;0;0
FR;8;2021-03-30;0;0;0;0;0;0;0;0;0;0
FR;8;2021-03-31;0;0;0;0;0;0;0;0;0;0
FR;8;2021-04-01;0;0;0;0;0;0;0;0;0;0
FR;8;2021-04-02;0;0;0;0;0;0;0;0;0;0
FR;8;2021-04-03;0;0;0;0;0;0;0;0;0;0
FR;8;2021-04-04;0;0;0;0;0;0;0;0;0;0
FR;8;2021-04-05;0;0;0;0;0;0;0;0;0;0
FR;8;2021-04-06;0;0;0;0;0;0;0;0;0;0
FR;8;2021-04-07;0;0;0;0;0;0;0;0;0;0
FR;8;2021-04-08;0;0;0;0;0;0;0;0;0;0
FR;8;2021-04-09;0;0;0;0;0;0;0;0;0;0
FR;8;2021-04-10;0;0;0;0;0;0;0;0;0;0
FR;8;2021-04-11;0;0;0;0;0;0;0;0;0;0
FR;8;2021-04-12;0;0;0;0;0;0;0;0;0;0
FR;8;2021-04-13;0;0;0;0;0;0;0;0;0;0
FR;8;2021-04-14;0;0;0;0;0;0;0;0;0;0
FR;8;2021-04-15;0;0;0;0;0;0;0;0;0;0
FR;8;2021-04-16;0;0;0;0;0;0;0;0;0;0
FR;8;2021-04-17;0;0;0;0;0;0;0;0;0;0
FR;8;2021-04-18;0;0;0;0;0;0;0;0;0;0
FR;8;2021-04-19;0;0;0;0;0;0;0;0;0;0
FR;8;2021-04-20;0;0;0;0;0;0;0;0;0;0
FR;8;2021-04-21;0;0;0;0;0;0;0;0;0;0
FR;8;2021-04-22;0;0;0;0;0;0;0;0;0;0
FR;8;2021-04-23;0;0;0;0;0;0;0;0;0;0
FR;8;2021-04-24;0;0;0;0;0;0;0;0;0;0
FR;8;2021-04-25;0;0;0;0;0;0;0;0;0;0
FR;8;2021-04-26;0;0;0;0;0;0;0;0;0;0
FR;8;2021-04-27;0;0;0;0;0;0;0;0;0;0
FR;8;2021-04-28;0;0;0;0;0;0;0;0;0;0
FR;8;2021-04-29;0;0;0;0;0;0;0;0;0;0
FR;8;2021-04-30;0;0;0;0;0;0;0;0;0;0
FR;8;2021-05-01;0;0;0;0;0;0;0;0;0;0
FR;8;2021-05-02;0;0;0;0;0;0;0;0;0;0
FR;8;2021-05-03;0;0;0;0;0;0;0;0;0;0
FR;8;2021-05-04;0;0;0;0;0;0;0;0;0;0
FR;8;2021-05-05;0;0;0;0;0;0;0;0;0;0
FR;8;2021-05-06;0;0;0;0;0;0;0;0;0;0
FR;8;2021-05-07;0;0;0;0;0;0;0;0;0;0
FR;8;2021-05-08;0;0;0;0;0;0;0;0;0;0
FR;8;2021-05-09;0;0;0;0;0;0;0;0;0;0
FR;8;2021-05-10;0;0;0;0;0;0;0;0;0;0
FR;8;2021-05-11;0;0;0;0;0;0;0;0;0;0
FR;8;2021-05-12;0;0;0;0;0;0;0;0;0;0
FR;8;2021-05-13;0;0;0;0;0;0;0;0;0;0
FR;8;2021-05-14;0;0;0;0;0;0;0;0;0;0
FR;8;2021-05-15;0;0;0;0;0;0;0;0;0;0
FR;8;2021-05-16;0;0;0;0;0;0;0;0;0;0
FR;8;2021-05-17;0;0;0;0;0;0;0;0;0;0
FR;8;2021-05-18;0;0;0;0;0;0;0;0;0;0
FR;8;2021-05-19;0;0;0;0;0;0;0;0;0;0
FR;8;2021-05-20;0;0;0;0;0;0;0;0;0;0
FR;8;2021-05-21;0;0;0;0;0;0;0;0;0;0
FR;8;2021-05-22;0;0;0;0;0;0;0;0;0;0
FR;8;2021-05-23;0;0;0;0;0;0;0;0;0;0
FR;8;2021-05-24;0;0;0;0;0;0;0;0;0;0
FR;8;2021-05-25;0;0;0;0;0;0;0;0;0;0
FR;8;2021-05-26;0;0;0;0;0;0;0;0;0;0
FR;8;2021-05-27;0;0;0;0;0;0;0;0;0;0
FR;8;2021-05-28;0;0;0;0;0;0;0;0;0;0
FR;8;2021-05-29;0;0;0;0;0;0;0;0;0;0
FR;8;2021-05-30;0;0;0;0;0;0;0;0;0;0
FR;8;2021-05-31;0;0;0;0;0;0;0;0;0;0
FR;8;2021-06-01;0;0;0;0;0;0;0;0;0;0
FR;8;2021-06-02;0;0;0;0;0;0;0;0;0;0
FR;8;2021-06-03;0;0;0;0;0;0;0;0;0;0
FR;8;2021-06-04;0;0;0;0;0;0;0;0;0;0
FR;8;2021-06-05;0;0;0;0;0;0;0;0;0;0
FR;8;2021-06-06;0;0;0;0;0;0;0;0;0;0
FR;8;2021-06-07;0;0;0;0;0;0;0;0;0;0
FR;8;2021-06-08;0;0;0;0;0;0;0;0;0;0
FR;8;2021-06-09;0;0;0;0;0;0;0;0;0;0
FR;8;2021-06-10;0;0;0;0;0;0;0;0;0;0
FR;8;2021-06-11;0;0;0;0;0;0;0;0;0;0
FR;8;2021-06-12;0;0;0;0;0;0;0;0;0;0
FR;8;2021-06-13;0;0;0;0;0;0;0;0;0;0
FR;8;2021-06-14;0;0;0;0;0;0;0;0;0;0
FR;8;2021-06-15;0;0;0;0;0;0;0;0;0;0
FR;8;2021-06-16;0;0;0;0;0;0;0;0;0;0
FR;8;2021-06-17;0;0;0;0;0;0;0;0;0;0
FR;8;2021-06-18;0;0;0;0;0;0;0;0;0;0
FR;8;2021-06-19;0;0;0;0;0;0;0;0;0;0
FR;8;2021-06-20;0;0;0;0;0;0;0;0;0;0
FR;8;2021-06-21;0;0;0;0;0;0;0;0;0;0
FR;8;2021-06-22;0;0;0;0;0;0;0;0;0;0
FR;8;2021-06-23;0;0;0;0;0;0;0;0;0;0
FR;8;2021-06-24;0;0;0;0;0;0;0;0;0;0
FR;8;2021-06-25;0;0;0;0;0;0;0;0;0;0
FR;8;2021-06-26;0;0;0;0;0;0;0;0;0;0
FR;8;2021-06-27;0;0;0;0;0;0;0;0;0;0
FR;8;2021-06-28;0;0;0;0;0;0;0;0;0;0
FR;8;2021-06-29;0;0;0;0;0;0;0;0;0;0
FR;8;2021-06-30;0;0;0;0;0;0;0;0;0;0
FR;8;2021-07-01;0;0;0;0;0;0;0;0;0;0
FR;8;2021-07-02;0;0;0;0;0;0;0;0;0;0
FR;8;2021-07-03;0;0;0;0;0;0;0;0;0;0
FR;8;2021-07-04;0;0;0;0;0;0;0;0;0;0
FR;8;2021-07-05;0;0;0;0;0;0;0;0;0;0
FR;8;2021-07-06;0;0;0;0;0;0;0;0;0;0
FR;8;2021-07-07;0;0;0;0;0;0;0;0;0;0
FR;8;2021-07-08;0;0;0;0;0;0;0;0;0;0
FR;8;2021-07-09;0;0;0;0;0;0;0;0;0;0
FR;8;2021-07-10;0;0;0;0;0;0;0;0;0;0
FR;8;2021-07-11;0;0;0;0;0;0;0;0;0;0
FR;8;2021-07-12;0;0;0;0;0;0;0;0;0;0
FR;8;2021-07-13;0;0;0;0;0;0;0;0;0;0
FR;8;2021-07-14;0;0;0;0;0;0;0;0;0;0
FR;8;2021-07-15;0;0;0;0;0;0;0;0;0;0
FR;8;2021-07-16;0;0;0;0;0;0;0;0;0;0
FR;8;2021-07-17;0;0;0;0;0;0;0;0;0;0
FR;8;2021-07-18;0;0;0;0;0;0;0;0;0;0
FR;8;2021-07-19;0;0;0;0;0;0;0;0;0;0
FR;8;2021-07-20;0;0;0;0;0;0;0;0;0;0
FR;8;2021-07-21;0;0;0;0;0;0;0;0;0;0
FR;8;2021-07-22;0;0;0;0;0;0;0;0;0;0
FR;8;2021-07-23;0;0;0;0;0;0;0;0;0;0
FR;8;2021-07-24;0;0;0;0;0;0;0;0;0;0
FR;8;2021-07-25;0;0;0;0;0;0;0;0;0;0
FR;8;2021-07-26;0;0;0;0;0;0;0;0;0;0
FR;8;2021-07-27;0;0;0;0;0;0;0;0;0;0
FR;8;2021-07-28;0;0;0;0;0;0;0;0;0;0
FR;8;2021-07-29;0;0;0;0;0;0;0;0;0;0
FR;8;2021-07-30;0;0;0;0;0;0;0;0;0;0
FR;8;2021-07-31;0;0;0;0;0;0;0;0;0;0
FR;8;2021-08-01;0;0;0;0;0;0;0;0;0;0
FR;8;2021-08-02;0;0;0;0;0;0;0;0;0;0
FR;8;2021-08-03;0;0;0;0;0;0;0;0;0;0
FR;8;2021-08-04;0;0;0;0;0;0;0;0;0;0
FR;8;2021-08-05;0;0;0;0;0;0;0;0;0;0
FR;8;2021-08-06;0;0;0;0;0;0;0;0;0;0
FR;8;2021-08-07;0;0;0;0;0;0;0;0;0;0
FR;8;2021-08-08;0;0;0;0;0;0;0;0;0;0
FR;8;2021-08-09;0;0;0;0;0;0;0;0;0;0
FR;8;2021-08-10;0;0;0;0;0;0;0;0;0;0
FR;8;2021-08-11;0;0;0;0;0;0;0;0;0;0
FR;8;2021-08-12;0;0;0;0;0;0;0;0;0;0
FR;8;2021-08-13;0;0;0;0;0;0;0;0;0;0
FR;8;2021-08-14;0;0;0;0;0;0;0;0;0;0
FR;8;2021-08-15;0;0;0;0;0;0;0;0;0;0
FR;8;2021-08-16;0;0;0;0;0;0;0;0;0;0
FR;8;2021-08-17;0;0;0;0;0;0;0;0;0;0
FR;8;2021-08-18;0;0;0;0;0;0;0;0;0;0
FR;8;2021-08-19;0;0;0;0;0;0;0;0;0;0
FR;8;2021-08-20;0;0;0;0;0;0;0;0;0;0
FR;8;2021-08-21;0;0;0;0;0;0;0;0;0;0
FR;8;2021-08-22;0;0;0;0;0;0;0;0;0;0
FR;8;2021-08-23;0;0;0;0;0;0;0;0;0;0
FR;8;2021-08-24;0;0;0;0;0;0;0;0;0;0
FR;8;2021-08-25;0;0;0;0;0;0;0;0;0;0
FR;8;2021-08-26;0;0;0;0;0;0;0;0;0;0
FR;8;2021-08-27;0;0;0;0;0;0;0;0;0;0
FR;8;2021-08-28;0;0;0;0;0;0;0;0;0;0
FR;8;2021-08-29;0;0;0;0;0;0;0;0;0;0
FR;8;2021-08-30;0;0;0;0;0;0;0;0;0;0
FR;8;2021-08-31;0;0;0;0;0;0;0;0;0;0
FR;8;2021-09-01;0;0;0;0;0;0;0;0;0;0
FR;8;2021-09-02;0;0;0;0;0;0;0;0;0;0
FR;8;2021-09-03;0;0;0;0;0;0;0;0;0;0
FR;8;2021-09-04;0;0;0;0;0;0;0;0;0;0
FR;8;2021-09-05;0;0;0;0;0;0;0;0;0;0
FR;8;2021-09-06;0;0;0;0;0;0;0;0;0;0
FR;8;2021-09-07;0;0;0;0;0;0;0;0;0;0
FR;8;2021-09-08;0;0;0;0;0;0;0;0;0;0
FR;8;2021-09-09;0;0;0;0;0;0;0;0;0;0
FR;8;2021-09-10;0;0;0;0;0;0;0;0;0;0
FR;8;2021-09-11;0;0;0;0;0;0;0;0;0;0
FR;8;2021-09-12;0;0;0;0;0;0;0;0;0;0
FR;8;2021-09-13;0;0;0;0;0;0;0;0;0;0
FR;8;2021-09-14;0;0;0;0;0;0;0;0;0;0
FR;8;2021-09-15;0;0;0;0;0;0;0;0;0;0
FR;8;2021-09-16;0;0;0;0;0;0;0;0;0;0
FR;8;2021-09-17;0;0;0;0;0;0;0;0;0;0
FR;8;2021-09-18;0;0;0;0;0;0;0;0;0;0
FR;8;2021-09-19;0;0;0;0;0;0;0;0;0;0
FR;8;2021-09-20;0;0;0;0;0;0;0;0;0;0
FR;8;2021-09-21;0;0;0;0;0;0;0;0;0;0
FR;8;2021-09-22;0;0;0;0;0;0;0;0;0;0
FR;8;2021-09-23;0;0;0;0;0;0;0;0;0;0
FR;8;2021-09-24;0;0;0;0;0;0;0;0;0;0
FR;8;2021-09-25;0;0;0;0;0;0;0;0;0;0
FR;8;2021-09-26;0;0;0;0;0;0;0;0;0;0
FR;8;2021-09-27;0;0;0;0;0;0;0;0;0;0
FR;8;2021-09-28;0;0;0;0;0;0;0;0;0;0
FR;8;2021-09-29;0;0;0;0;0;0;0;0;0;0
FR;8;2021-09-30;0;0;0;0;0;0;0;0;0;0
FR;8;2021-10-01;0;0;0;0;0;0;0;0;0;0
FR;8;2021-10-02;0;0;0;0;0;0;0;0;0;0
FR;8;2021-10-03;0;0;0;0;0;0;0;0;0;0
FR;8;2021-10-04;0;0;0;0;0;0;0;0;0;0
FR;8;2021-10-05;0;0;0;0;0;0;0;0;0;0
FR;8;2021-10-06;0;0;0;0;0;0;0;0;0;0
FR;8;2021-10-07;0;0;0;0;0;0;0;0;0;0
FR;8;2021-10-08;0;0;0;0;0;0;0;0;0;0
FR;8;2021-10-09;0;0;0;0;0;0;0;0;0;0
FR;8;2021-10-10;0;0;0;0;0;0;0;0;0;0
FR;8;2021-10-11;0;0;0;0;0;0;0;0;0;0
FR;8;2021-10-12;0;0;0;0;0;0;0;0;0;0
FR;8;2021-10-13;0;0;0;0;0;0;0;0;0;0
FR;8;2021-10-14;0;0;0;0;0;0;0;0;0;0
FR;8;2021-10-15;0;0;0;0;0;0;0;0;0;0
FR;8;2021-10-16;0;0;0;0;0;0;0;0;0;0
FR;8;2021-10-17;0;0;0;0;0;0;0;0;0;0
FR;8;2021-10-18;0;0;0;0;0;0;0;0;0;0
FR;8;2021-10-19;0;0;0;0;0;0;0;0;0;0
FR;8;2021-10-20;0;0;0;0;0;0;0;0;0;0
FR;8;2021-10-21;0;0;0;0;0;0;0;0;0;0
FR;8;2021-10-22;0;0;0;0;0;0;0;0;0;0
FR;8;2021-10-23;0;0;0;0;0;0;0;0;0;0
FR;8;2021-10-24;0;0;0;0;0;0;0;0;0;0
FR;8;2021-10-25;0;0;0;0;0;0;0;0;0;0
FR;8;2021-10-26;0;0;0;0;0;0;0;0;0;0
FR;8;2021-10-27;0;0;0;0;0;0;0;0;0;0
FR;8;2021-10-28;0;0;0;0;0;0;0;0;0;0
FR;8;2021-10-29;0;0;0;0;0;0;0;0;0;0
FR;8;2021-10-30;0;0;0;0;0;0;0;0;0;0
FR;8;2021-10-31;0;0;0;0;0;0;0;0;0;0
FR;8;2021-11-01;0;0;0;0;0;0;0;0;0;0
FR;8;2021-11-02;0;0;0;0;0;0;0;0;0;0
FR;8;2021-11-03;0;0;0;0;0;0;0;0;0;0
FR;8;2021-11-04;0;0;0;0;0;0;0;0;0;0
FR;8;2021-11-05;0;0;0;0;0;0;0;0;0;0
FR;8;2021-11-06;0;0;0;0;0;0;0;0;0;0
FR;8;2021-11-07;0;0;0;0;0;0;0;0;0;0
FR;8;2021-11-08;0;0;0;0;0;0;0;0;0;0
FR;8;2021-11-09;0;0;0;0;0;0;0;0;0;0
FR;8;2021-11-10;0;0;0;0;0;0;0;0;0;0
FR;8;2021-11-11;0;0;0;0;0;0;0;0;0;0
FR;8;2021-11-12;0;0;0;0;0;0;0;0;0;0
FR;8;2021-11-13;0;0;0;0;0;0;0;0;0;0
FR;8;2021-11-14;0;0;0;0;0;0;0;0;0;0
FR;8;2021-11-15;0;0;0;0;0;0;0;0;0;0
FR;8;2021-11-16;0;0;0;0;0;0;0;0;0;0
FR;8;2021-11-17;0;0;0;0;0;0;0;0;0;0
FR;8;2021-11-18;0;0;0;0;0;0;0;0;0;0
FR;8;2021-11-19;0;0;0;0;0;0;0;0;0;0
FR;8;2021-11-20;0;0;0;0;0;0;0;0;0;0
FR;8;2021-11-21;0;0;0;0;0;0;0;0;0;0
FR;8;2021-11-22;0;0;0;0;0;0;0;0;0;0
FR;8;2021-11-23;0;0;0;0;0;0;0;0;0;0
FR;8;2021-11-24;0;0;0;0;0;0;0;0;0;0
FR;8;2021-11-25;0;0;0;0;0;0;0;0;0;0
FR;8;2021-11-26;0;0;0;0;0;0;0;0;0;0
FR;8;2021-11-27;0;0;0;0;0;0;0;0;0;0
FR;8;2021-11-28;0;0;0;0;0;0;0;0;0;0
FR;8;2021-11-29;0;0;0;0;0;0;0;0;0;0
FR;8;2021-11-30;0;0;0;0;0;0;0;0;0;0
FR;8;2021-12-01;0;0;0;0;0;0;0;0;0;0
FR;8;2021-12-02;0;0;0;0;0;0;0;0;0;0
FR;8;2021-12-03;0;0;0;0;0;0;0;0;0;0
FR;8;2021-12-04;0;0;0;0;0;0;0;0;0;0
FR;8;2021-12-05;0;0;0;0;0;0;0;0;0;0
FR;8;2021-12-06;0;0;0;0;0;0;0;0;0;0
FR;8;2021-12-07;0;0;0;0;0;0;0;0;0;0
FR;8;2021-12-08;0;0;0;0;0;0;0;0;0;0
FR;8;2021-12-09;0;0;0;0;0;0;0;0;0;0
FR;8;2021-12-10;0;0;0;0;0;0;0;0;0;0
FR;8;2021-12-11;0;0;0;0;0;0;0;0;0;0
FR;8;2021-12-12;0;0;0;0;0;0;0;0;0;0
FR;8;2021-12-13;0;0;0;0;0;0;0;0;0;0
FR;8;2021-12-14;0;0;0;0;0;0;0;0;0;0
FR;8;2021-12-15;0;0;0;0;0;0;0;0;0;0
FR;8;2021-12-16;0;0;0;0;0;0;0;0;0;0
FR;8;2021-12-17;0;0;0;0;0;0;0;0;0;0
FR;8;2021-12-18;0;0;0;0;0;0;0;0;0;0
FR;8;2021-12-19;0;0;0;0;0;0;0;0;0;0
FR;8;2021-12-20;0;0;0;0;0;0;0;0;0;0
FR;8;2021-12-21;0;0;0;0;0;0;0;0;0;0
FR;8;2021-12-22;0;0;0;0;0;0;0;0;0;0
FR;8;2021-12-23;0;0;0;0;0;0;0;0;0;0
FR;8;2021-12-24;0;0;0;0;0;0;0;0;0;0
FR;8;2021-12-25;0;0;0;0;0;0;0;0;0;0
FR;8;2021-12-26;0;0;0;0;0;0;0;0;0;0
FR;8;2021-12-27;0;0;0;0;0;0;0;0;0;0
FR;8;2021-12-28;0;0;0;0;0;0;0;0;0;0
FR;8;2021-12-29;0;0;0;0;0;0;0;0;0;0
FR;8;2021-12-30;0;0;0;0;0;0;0;0;0;0
FR;8;2021-12-31;0;0;0;0;0;0;0;0;0;0
FR;8;2022-01-01;0;0;0;0;0;0;0;0;0;0
FR;8;2022-01-02;0;0;0;0;0;0;0;0;0;0
FR;8;2022-01-03;0;0;0;0;0;0;0;0;0;0
FR;8;2022-01-04;0;0;0;0;0;0;0;0;0;0
FR;8;2022-01-05;0;0;0;0;0;0;0;0;0;0
FR;8;2022-01-06;0;0;0;0;0;0;0;0;0;0
FR;8;2022-01-07;0;0;0;0;0;0;0;0;0;0
FR;8;2022-01-08;0;0;0;0;0;0;0;0;0;0
FR;8;2022-01-09;0;0;0;0;0;0;0;0;0;0
FR;8;2022-01-10;0;0;0;0;0;0;0;0;0;0
FR;8;2022-01-11;0;0;0;0;0;0;0;0;0;0
FR;8;2022-01-12;0;0;0;0;0;0;0;0;0;0
FR;8;2022-01-13;0;0;0;0;0;0;0;0;0;0
FR;8;2022-01-14;0;0;0;0;0;0;0;0;0;0
FR;8;2022-01-15;0;0;0;0;0;0;0;0;0;0
FR;8;2022-01-16;0;0;0;0;0;0;0;0;0;0
FR;8;2022-01-17;0;0;0;0;0;0;0;0;0;0
FR;8;2022-01-18;0;0;0;0;0;0;0;0;0;0
FR;8;2022-01-19;0;0;0;0;0;0;0;0;0;0
FR;8;2022-01-20;0;0;0;0;0;0;0;0;0;0
FR;8;2022-01-21;0;0;0;0;0;0;0;0;0;0
FR;8;2022-01-22;0;0;0;0;0;0;0;0;0;0
FR;8;2022-01-23;0;0;0;0;0;0;0;0;0;0
FR;8;2022-01-24;0;0;0;0;0;0;0;0;0;0
FR;8;2022-01-25;0;0;0;0;0;0;0;0;0;0
FR;8;2022-01-26;0;0;0;0;0;0;0;0;0;0
FR;8;2022-01-27;0;0;0;0;0;0;0;0;0;0
FR;8;2022-01-28;0;0;0;0;0;0;0;0;0;0
FR;8;2022-01-29;0;0;0;0;0;0;0;0;0;0
FR;8;2022-01-30;0;0;0;0;0;0;0;0;0;0
FR;8;2022-01-31;0;0;0;0;0;0;0;0;0;0
FR;8;2022-02-01;0;0;0;0;0;0;0;0;0;0
FR;8;2022-02-02;0;0;0;0;0;0;0;0;0;0
FR;8;2022-02-03;0;0;0;0;0;0;0;0;0;0
FR;8;2022-02-04;0;0;0;0;0;0;0;0;0;0
FR;8;2022-02-05;0;0;0;0;0;0;0;0;0;0
FR;8;2022-02-06;0;0;0;0;0;0;0;0;0;0
FR;8;2022-02-07;0;0;0;0;0;0;0;0;0;0
FR;8;2022-02-08;0;0;0;0;0;0;0;0;0;0
FR;8;2022-02-09;0;0;0;0;0;0;0;0;0;0
FR;8;2022-02-10;0;0;0;0;0;0;0;0;0;0
FR;8;2022-02-11;0;0;0;0;0;0;0;0;0;0
FR;8;2022-02-12;0;0;0;0;0;0;0;0;0;0
FR;8;2022-02-13;0;0;0;0;0;0;0;0;0;0
FR;8;2022-02-14;0;0;0;0;0;0;0;0;0;0
FR;8;2022-02-15;0;0;0;0;0;0;0;0;0;0
FR;8;2022-02-16;0;0;0;0;0;0;0;0;0;0
FR;8;2022-02-17;0;0;0;0;0;0;0;0;0;0
FR;8;2022-02-18;0;0;0;0;0;0;0;0;0;0
FR;8;2022-02-19;0;0;0;0;0;0;0;0;0;0
FR;8;2022-02-20;0;0;0;0;0;0;0;0;0;0
FR;8;2022-02-21;0;0;0;0;0;0;0;0;0;0
FR;8;2022-02-22;0;0;0;0;0;0;0;0;0;0
FR;8;2022-02-23;0;0;0;0;0;0;0;0;0;0
FR;8;2022-02-24;0;0;0;0;0;0;0;0;0;0
FR;8;2022-02-25;0;0;0;0;0;0;0;0;0;0
FR;8;2022-02-26;0;0;0;0;0;0;0;0;0;0
FR;8;2022-02-27;0;0;0;0;0;0;0;0;0;0
FR;8;2022-02-28;0;0;0;0;0;0;0;0;0;0
FR;8;2022-03-01;0;0;0;0;0;0;0;0;0;0
FR;8;2022-03-02;0;0;0;0;0;0;0;0;0;0
FR;8;2022-03-03;0;0;0;0;0;0;0;0;0;0
FR;8;2022-03-04;0;0;0;0;0;0;0;0;0;0
FR;8;2022-03-05;0;0;0;0;0;0;0;0;0;0
FR;8;2022-03-06;0;0;0;0;0;0;0;0;0;0
FR;8;2022-03-07;0;0;0;0;0;0;0;0;0;0
FR;8;2022-03-08;0;0;0;0;0;0;0;0;0;0
FR;8;2022-03-09;0;0;0;0;0;0;0;0;0;0
FR;8;2022-03-10;0;0;0;0;0;0;0;0;0;0
FR;8;2022-03-11;0;0;0;0;0;0;0;0;0;0
FR;8;2022-03-12;0;0;0;0;0;0;0;0;0;0
FR;8;2022-03-13;0;0;0;0;0;0;0;0;0;0
FR;8;2022-03-14;0;0;0;0;0;0;0;0;0;0
FR;8;2022-03-15;0;0;0;0;0;0;0;0;0;0
FR;8;2022-03-16;0;0;0;0;0;0;0;0;0;0
FR;8;2022-03-17;0;0;0;0;0;0;0;0;0;0
FR;8;2022-03-18;0;0;0;0;0;0;0;0;0;0
FR;8;2022-03-19;0;0;0;0;0;0;0;0;0;0
FR;8;2022-03-20;0;0;0;0;0;0;0;0;0;0
FR;8;2022-03-21;0;0;0;0;0;0;0;0;0;0
FR;8;2022-03-22;0;0;0;0;0;0;0;0;0;0
FR;8;2022-03-23;0;0;0;0;0;0;0;0;0;0
FR;8;2022-03-24;0;0;0;0;0;0;0;0;0;0
FR;8;2022-03-25;0;0;0;0;0;0;0;0;0;0
FR;8;2022-03-26;0;0;0;0;0;0;0;0;0;0
FR;8;2022-03-27;0;0;0;0;0;0;0;0;0;0
FR;8;2022-03-28;0;0;0;0;0;0;0;0;0;0
FR;8;2022-03-29;0;0;0;0;0;0;0;0;0;0
FR;8;2022-03-30;0;0;0;0;0;0;0;0;0;0
FR;8;2022-03-31;0;0;0;0;0;0;0;0;0;0
FR;8;2022-04-01;0;0;0;0;0;0;0;0;0;0
FR;8;2022-04-02;0;0;0;0;0;0;0;0;0;0
FR;8;2022-04-03;0;0;0;0;0;0;0;0;0;0
FR;8;2022-04-04;0;0;0;0;0;0;0;0;0;0
FR;8;2022-04-05;0;0;0;0;0;0;0;0;0;0
FR;8;2022-04-06;0;0;0;0;0;0;0;0;0;0
FR;8;2022-04-07;0;0;0;0;0;0;0;0;0;0
FR;8;2022-04-08;0;0;0;0;0;0;0;0;0;0
FR;8;2022-04-09;0;0;0;0;0;0;0;0;0;0
FR;8;2022-04-10;0;0;0;0;0;0;0;0;0;0
FR;8;2022-04-11;0;0;0;0;0;0;0;0;0;0
FR;8;2022-04-12;0;0;0;0;0;0;0;0;0;0
FR;8;2022-04-13;0;0;0;0;0;0;0;0;0;0
FR;8;2022-04-14;0;0;0;0;0;0;0;0;0;0
FR;8;2022-04-15;0;0;0;0;0;0;0;0;0;0
FR;8;2022-04-16;0;0;0;0;0;0;0;0;0;0
FR;8;2022-04-17;0;0;0;0;0;0;0;0;0;0
FR;8;2022-04-18;0;0;0;0;0;0;0;0;0;0
FR;8;2022-04-19;0;0;0;0;0;0;0;0;0;0
FR;8;2022-04-20;0;0;0;0;0;0;0;0;0;0
FR;8;2022-04-21;0;0;0;0;0;0;0;0;0;0
FR;8;2022-04-22;0;0;0;0;0;0;0;0;0;0
FR;8;2022-04-23;0;0;0;0;0;0;0;0;0;0
FR;8;2022-04-24;0;0;0;0;0;0;0;0;0;0
FR;8;2022-04-25;0;0;0;0;0;0;0;0;0;0
FR;8;2022-04-26;0;0;0;0;0;0;0;0;0;0
FR;8;2022-04-27;0;0;0;0;0;0;0;0;0;0
FR;8;2022-04-28;0;0;0;0;0;0;0;0;0;0
FR;8;2022-04-29;0;0;0;0;0;0;0;0;0;0
FR;8;2022-04-30;0;0;0;0;0;0;0;0;0;0
FR;8;2022-05-01;0;0;0;0;0;0;0;0;0;0
FR;8;2022-05-02;0;0;0;0;0;0;0;0;0;0
FR;8;2022-05-03;0;0;0;0;0;0;0;0;0;0
FR;8;2022-05-04;0;0;0;0;0;0;0;0;0;0
FR;8;2022-05-05;0;0;0;0;0;0;0;0;0;0
FR;8;2022-05-06;0;0;0;0;0;0;0;0;0;0
FR;8;2022-05-07;0;0;0;0;0;0;0;0;0;0
FR;8;2022-05-08;0;0;0;0;0;0;0;0;0;0
FR;8;2022-05-09;0;0;0;0;0;0;0;0;0;0
FR;8;2022-05-10;0;0;0;0;0;0;0;0;0;0
FR;8;2022-05-11;0;0;0;0;0;0;0;0;0;0
FR;8;2022-05-12;0;0;0;0;0;0;0;0;0;0
FR;8;2022-05-13;0;0;0;0;0;0;0;0;0;0
FR;8;2022-05-14;0;0;0;0;0;0;0;0;0;0
FR;8;2022-05-15;0;0;0;0;0;0;0;0;0;0
FR;8;2022-05-16;0;0;0;0;0;0;0;0;0;0
FR;8;2022-05-17;0;0;0;0;0;0;0;0;0;0
FR;8;2022-05-18;0;0;0;0;0;0;0;0;0;0
FR;8;2022-05-19;0;0;0;0;0;0;0;0;0;0
FR;8;2022-05-20;0;0;0;0;0;0;0;0;0;0
FR;8;2022-05-21;0;0;0;0;0;0;0;0;0;0
FR;8;2022-05-22;0;0;0;0;0;0;0;0;0;0
FR;8;2022-05-23;0;0;0;0;0;0;0;0;0;0
FR;8;2022-05-24;0;0;0;0;0;0;0;0;0;0
FR;8;2022-05-25;0;0;0;0;0;0;0;0;0;0
FR;8;2022-05-26;0;0;0;0;0;0;0;0;0;0
FR;8;2022-05-27;0;0;0;0;0;0;0;0;0;0
FR;8;2022-05-28;0;0;0;0;0;0;0;0;0;0
FR;8;2022-05-29;0;0;0;0;0;0;0;0;0;0
FR;8;2022-05-30;0;0;0;0;0;0;0;0;0;0
FR;8;2022-05-31;0;0;0;0;0;0;0;0;0;0
FR;8;2022-06-01;0;0;0;0;0;0;0;0;0;0
FR;8;2022-06-02;0;0;0;0;0;0;0;0;0;0
FR;8;2022-06-03;0;0;0;0;0;0;0;0;0;0
FR;8;2022-06-04;0;0;0;0;0;0;0;0;0;0
FR;8;2022-06-05;0;0;0;0;0;0;0;0;0;0
FR;8;2022-06-06;0;0;0;0;0;0;0;0;0;0
FR;8;2022-06-07;0;0;0;0;0;0;0;0;0;0
FR;8;2022-06-08;0;0;0;0;0;0;0;0;0;0
FR;8;2022-06-09;0;0;0;0;0;0;0;0;0;0
FR;8;2022-06-10;0;0;0;0;0;0;0;0;0;0
FR;8;2022-06-11;0;0;0;0;0;0;0;0;0;0
FR;8;2022-06-12;0;0;0;0;0;0;0;0;0;0
FR;8;2022-06-13;0;0;0;0;0;0;0;0;0;0
FR;8;2022-06-14;0;0;0;0;0;0;0;0;0;0
FR;8;2022-06-15;0;0;0;0;0;0;0;0;0;0
FR;8;2022-06-16;0;0;0;0;0;0;0;0;0;0
FR;8;2022-06-17;0;0;0;0;0;0;0;0;0;0
FR;8;2022-06-18;0;0;0;0;0;0;0;0;0;0
FR;8;2022-06-19;0;0;0;0;0;0;0;0;0;0
FR;8;2022-06-20;0;0;0;0;0;0;0;0;0;0
FR;8;2022-06-21;0;0;0;0;0;0;0;0;0;0
FR;8;2022-06-22;0;0;0;0;0;0;0;0;0;0
FR;8;2022-06-23;0;0;0;0;0;0;0;0;0;0
FR;8;2022-06-24;0;0;0;0;0;0;0;0;0;0
FR;8;2022-06-25;0;0;0;0;0;0;0;0;0;0
FR;8;2022-06-26;0;0;0;0;0;0;0;0;0;0
FR;8;2022-06-27;0;0;0;0;0;0;0;0;0;0
FR;8;2022-06-28;0;0;0;0;0;0;0;0;0;0
FR;8;2022-06-29;0;0;0;0;0;0;0;0;0;0
FR;8;2022-06-30;0;0;0;0;0;0;0;0;0;0
FR;8;2022-07-01;0;0;0;0;0;0;0;0;0;0
FR;8;2022-07-02;0;0;0;0;0;0;0;0;0;0
FR;8;2022-07-03;0;0;0;0;0;0;0;0;0;0
FR;8;2022-07-04;0;0;0;0;0;0;0;0;0;0
FR;8;2022-07-05;0;0;0;0;0;0;0;0;0;0
FR;8;2022-07-06;0;0;0;0;0;0;0;0;0;0
FR;8;2022-07-07;0;0;0;0;0;0;0;0;0;0
FR;8;2022-07-08;0;0;0;0;0;0;0;0;0;0
FR;8;2022-07-09;0;0;0;0;0;0;0;0;0;0
FR;8;2022-07-10;0;0;0;0;0;0;0;0;0;0
FR;8;2022-07-11;0;0;0;0;0;0;0;0;0;0
FR;8;2022-07-12;0;0;0;0;0;0;0;0;0;0
FR;8;2022-07-13;0;0;0;0;0;0;0;0;0;0
FR;8;2022-07-14;0;0;0;0;0;0;0;0;0;0
FR;8;2022-07-15;0;0;0;0;0;0;0;0;0;0
FR;8;2022-07-16;0;0;0;0;0;0;0;0;0;0
FR;8;2022-07-17;0;0;0;0;0;0;0;0;0;0
FR;8;2022-07-18;0;0;0;0;0;0;0;0;0;0
FR;8;2022-07-19;0;0;0;0;0;0;0;0;0;0
FR;8;2022-07-20;0;0;0;0;0;0;0;0;0;0
FR;8;2022-07-21;0;0;0;0;0;0;0;0;0;0
FR;8;2022-07-22;0;0;0;0;0;0;0;0;0;0
FR;8;2022-07-23;0;0;0;0;0;0;0;0;0;0
FR;8;2022-07-24;0;0;0;0;0;0;0;0;0;0
FR;8;2022-07-25;0;0;0;0;0;0;0;0;0;0
FR;8;2022-07-26;0;0;0;0;0;0;0;0;0;0
FR;8;2022-07-27;0;0;0;0;0;0;0;0;0;0
FR;8;2022-07-28;0;0;0;0;0;0;0;0;0;0
FR;8;2022-07-29;0;0;0;0;0;0;0;0;0;0
FR;8;2022-07-30;0;0;0;0;0;0;0;0;0;0
FR;8;2022-07-31;0;0;0;0;0;0;0;0;0;0
FR;8;2022-08-01;0;0;0;0;0;0;0;0;0;0
FR;8;2022-08-02;0;0;0;0;0;0;0;0;0;0
FR;8;2022-08-03;0;0;0;0;0;0;0;0;0;0
FR;8;2022-08-04;0;0;0;0;0;0;0;0;0;0
FR;8;2022-08-05;0;0;0;0;0;0;0;0;0;0
FR;8;2022-08-06;0;0;0;0;0;0;0;0;0;0
FR;8;2022-08-07;0;0;0;0;0;0;0;0;0;0
FR;8;2022-08-08;0;0;0;0;0;0;0;0;0;0
FR;8;2022-08-09;0;0;0;0;0;0;0;0;0;0
FR;8;2022-08-10;0;0;0;0;0;0;0;0;0;0
FR;8;2022-08-11;0;0;0;0;0;0;0;0;0;0
FR;8;2022-08-12;0;0;0;0;0;0;0;0;0;0
FR;8;2022-08-13;0;0;0;0;0;0;0;0;0;0
FR;8;2022-08-14;0;0;0;0;0;0;0;0;0;0
FR;8;2022-08-15;0;0;0;0;0;0;0;0;0;0
FR;8;2022-08-16;0;0;0;0;0;0;0;0;0;0
FR;8;2022-08-17;0;0;0;0;0;0;0;0;0;0
FR;8;2022-08-18;0;0;0;0;0;0;0;0;0;0
FR;8;2022-08-19;0;0;0;0;0;0;0;0;0;0
FR;8;2022-08-20;0;0;0;0;0;0;0;0;0;0
FR;8;2022-08-21;0;0;0;0;0;0;0;0;0;0
FR;8;2022-08-22;0;0;0;0;0;0;0;0;0;0
FR;8;2022-08-23;0;0;0;0;0;0;0;0;0;0
FR;8;2022-08-24;0;0;0;0;0;0;0;0;0;0
FR;8;2022-08-25;0;0;0;0;0;0;0;0;0;0
FR;8;2022-08-26;0;0;0;0;0;0;0;0;0;0
FR;8;2022-08-27;0;0;0;0;0;0;0;0;0;0
FR;8;2022-08-28;0;0;0;0;0;0;0;0;0;0
FR;8;2022-08-29;0;0;0;0;0;0;0;0;0;0
FR;8;2022-08-30;0;0;0;0;0;0;0;0;0;0
FR;8;2022-08-31;0;0;0;0;0;0;0;0;0;0
FR;8;2022-09-01;0;0;0;0;0;0;0;0;0;0
FR;8;2022-09-02;0;0;0;0;0;0;0;0;0;0
FR;8;2022-09-03;0;0;0;0;0;0;0;0;0;0
FR;8;2022-09-04;0;0;0;0;0;0;0;0;0;0
FR;8;2022-09-05;0;0;0;0;0;0;0;0;0;0
FR;8;2022-09-06;0;0;0;0;0;0;0;0;0;0
FR;8;2022-09-07;0;0;0;0;0;0;0;0;0;0
FR;8;2022-09-08;0;0;0;0;0;0;0;0;0;0
FR;8;2022-09-09;0;0;0;0;0;0;0;0;0;0
FR;8;2022-09-10;0;0;0;0;0;0;0;0;0;0
FR;8;2022-09-11;0;0;0;0;0;0;0;0;0;0
FR;8;2022-09-12;0;0;0;0;0;0;0;0;0;0
FR;8;2022-09-13;0;0;0;0;0;0;0;0;0;0
FR;8;2022-09-14;0;0;0;0;0;0;0;0;0;0
FR;8;2022-09-15;0;0;0;0;0;0;0;0;0;0
FR;8;2022-09-16;0;0;0;0;0;0;0;0;0;0
FR;8;2022-09-17;0;0;0;0;0;0;0;0;0;0
FR;8;2022-09-18;0;0;0;0;0;0;0;0;0;0
FR;8;2022-09-19;0;0;0;0;0;0;0;0;0;0
FR;8;2022-09-20;0;0;0;0;0;0;0;0;0;0
FR;8;2022-09-21;0;0;0;0;0;0;0;0;0;0
FR;8;2022-09-22;0;0;0;0;0;0;0;0;0;0
FR;8;2022-09-23;0;0;0;0;0;0;0;0;0;0
FR;8;2022-09-24;0;0;0;0;0;0;0;0;0;0
FR;8;2022-09-25;0;0;0;0;0;0;0;0;0;0
FR;8;2022-09-26;0;0;0;0;0;0;0;0;0;0
FR;8;2022-09-27;0;0;0;0;0;0;0;0;0;0
FR;8;2022-09-28;0;0;0;0;0;0;0;0;0;0
FR;8;2022-09-29;0;0;0;0;0;0;0;0;0;0
FR;8;2022-09-30;0;0;0;0;0;0;0;0;0;0
FR;8;2022-10-01;0;0;0;0;0;0;0;0;0;0
FR;8;2022-10-02;0;0;0;0;0;0;0;0;0;0
FR;8;2022-10-03;0;0;0;0;0;0;0;0;0;0
FR;8;2022-10-04;0;0;0;0;0;0;0;0;0;0
FR;8;2022-10-05;0;0;0;0;0;0;0;0;0;0
FR;8;2022-10-06;7;17;110;840;80;7;17;110;840;80
FR;8;2022-10-07;68;101;840;8002;698;75;118;950;8842;778
FR;8;2022-10-08;35;115;610;4039;515;110;233;1560;12881;1293
FR;8;2022-10-09;17;22;145;883;132;127;255;1705;13764;1425
FR;8;2022-10-10;114;190;1329;12560;1019;241;445;3034;26324;2444
FR;8;2022-10-11;172;259;2472;26769;2006;413;704;5506;53093;4450
FR;8;2022-10-12;144;246;1823;18165;1434;557;950;7329;71258;5884
FR;8;2022-10-13;203;273;2494;27931;1892;760;1223;9823;99189;7776
FR;8;2022-10-14;255;416;3265;36144;2547;1015;1639;13088;135333;10323
FR;8;2022-10-15;102;179;1195;8791;994;1117;1818;14283;144124;11317
FR;8;2022-10-16;34;54;245;1512;212;1151;1872;14528;145636;11529
FR;8;2022-10-17;154;304;2084;21691;1610;1305;2176;16612;167327;13139
FR;8;2022-10-18;263;344;3338;37692;2641;1568;2520;19950;205019;15780
FR;8;2022-10-19;187;307;2605;28107;2152;1755;2827;22555;233126;17932
FR;8;2022-10-20;242;360;3547;40833;2610;1997;3187;26102;273959;20542
FR;8;2022-10-21;320;485;4416;49201;3430;2317;3672;30518;323160;23972
FR;8;2022-10-22;121;166;1224;10622;918;2438;3838;31742;333782;24890
FR;8;2022-10-23;48;52;266;1745;195;2486;3890;32008;335527;25085
FR;8;2022-10-24;224;306;2450;23737;2019;2710;4196;34458;359264;27104
FR;8;2022-10-25;306;405;4037;42959;3018;3016;4601;38495;402223;30122
FR;8;2022-10-26;213;336;2804;28168;2294;3229;4937;41299;430391;32416
FR;8;2022-10-27;265;403;3281;35632;2565;3494;5340;44580;466023;34981
FR;8;2022-10-28;318;456;3777;38819;2796;3812;5796;48357;504842;37777
FR;8;2022-10-29;106;162;1061;8174;791;3918;5958;49418;513016;38568
FR;8;2022-10-30;40;51;202;1286;176;3958;6009;49620;514302;38744
FR;8;2022-10-31;192;247;1638;14320;1258;4150;6256;51258;528622;40002
FR;8;2022-11-01;19;31;113;863;140;4169;6287;51371;529485;40142
FR;8;2022-11-02;184;361;2320;22788;1910;4353;6648;53691;552273;42052
FR;8;2022-11-03;298;400;3386;35971;2518;4651;7048;57077;588244;44570
FR;8;2022-11-04;330;478;3700;39423;2903;4981;7526;60777;627667;47473
FR;8;2022-11-05;106;176;1076;8507;816;5087;7702;61853;636174;48289
FR;8;2022-11-06;39;55;208;1316;188;5126;7757;62061;637490;48477
FR;8;2022-11-07;204;262;2182;23582;1679;5330;8019;64243;661072;50156
FR;8;2022-11-08;298;455;3970;45350;2975;5628;8474;68213;706422;53131
FR;9;2020-12-27;0;0;0;0;0;0;0;0;0;0
FR;9;2020-12-28;0;0;0;0;0;0;0;0;0;0
FR;9;2020-12-29;0;0;0;0;0;0;0;0;0;0
FR;9;2020-12-30;0;0;0;0;0;0;0;0;0;0
FR;9;2020-12-31;0;0;0;0;0;0;0;0;0;0
FR;9;2021-01-01;0;0;0;0;0;0;0;0;0;0
FR;9;2021-01-02;0;0;0;0;0;0;0;0;0;0
FR;9;2021-01-03;0;0;0;0;0;0;0;0;0;0
FR;9;2021-01-04;0;0;0;0;0;0;0;0;0;0
FR;9;2021-01-05;0;0;0;0;0;0;0;0;0;0
FR;9;2021-01-06;0;0;0;0;0;0;0;0;0;0
FR;9;2021-01-07;0;0;0;0;0;0;0;0;0;0
FR;9;2021-01-08;0;0;0;0;0;0;0;0;0;0
FR;9;2021-01-09;0;0;0;0;0;0;0;0;0;0
FR;9;2021-01-10;0;0;0;0;0;0;0;0;0;0
FR;9;2021-01-11;0;0;0;0;0;0;0;0;0;0
FR;9;2021-01-12;0;0;0;0;0;0;0;0;0;0
FR;9;2021-01-13;0;0;0;0;0;0;0;0;0;0
FR;9;2021-01-14;0;0;0;0;0;0;0;0;0;0
FR;9;2021-01-15;0;0;0;0;0;0;0;0;0;0
FR;9;2021-01-16;0;0;0;0;0;0;0;0;0;0
FR;9;2021-01-17;0;0;0;0;0;0;0;0;0;0
FR;9;2021-01-18;0;0;0;0;0;0;0;0;0;0
FR;9;2021-01-19;0;0;0;0;0;0;0;0;0;0
FR;9;2021-01-20;0;0;0;0;0;0;0;0;0;0
FR;9;2021-01-21;0;0;0;0;0;0;0;0;0;0
FR;9;2021-01-22;0;0;0;0;0;0;0;0;0;0
FR;9;2021-01-23;0;0;0;0;0;0;0;0;0;0
FR;9;2021-01-24;0;0;0;0;0;0;0;0;0;0
FR;9;2021-01-25;0;0;0;0;0;0;0;0;0;0
FR;9;2021-01-26;0;0;0;0;0;0;0;0;0;0
FR;9;2021-01-27;0;0;0;0;0;0;0;0;0;0
FR;9;2021-01-28;0;0;0;0;0;0;0;0;0;0
FR;9;2021-01-29;0;0;0;0;0;0;0;0;0;0
FR;9;2021-01-30;0;0;0;0;0;0;0;0;0;0
FR;9;2021-01-31;0;0;0;0;0;0;0;0;0;0
FR;9;2021-02-01;0;0;0;0;0;0;0;0;0;0
FR;9;2021-02-02;0;0;0;0;0;0;0;0;0;0
FR;9;2021-02-03;0;0;0;0;0;0;0;0;0;0
FR;9;2021-02-04;0;0;0;0;0;0;0;0;0;0
FR;9;2021-02-05;0;0;0;0;0;0;0;0;0;0
FR;9;2021-02-06;0;0;0;0;0;0;0;0;0;0
FR;9;2021-02-07;0;0;0;0;0;0;0;0;0;0
FR;9;2021-02-08;0;0;0;0;0;0;0;0;0;0
FR;9;2021-02-09;0;0;0;0;0;0;0;0;0;0
FR;9;2021-02-10;0;0;0;0;0;0;0;0;0;0
FR;9;2021-02-11;0;0;0;0;0;0;0;0;0;0
FR;9;2021-02-12;0;0;0;0;0;0;0;0;0;0
FR;9;2021-02-13;0;0;0;0;0;0;0;0;0;0
FR;9;2021-02-14;0;0;0;0;0;0;0;0;0;0
FR;9;2021-02-15;0;0;0;0;0;0;0;0;0;0
FR;9;2021-02-16;0;0;0;0;0;0;0;0;0;0
FR;9;2021-02-17;0;0;0;0;0;0;0;0;0;0
FR;9;2021-02-18;0;0;0;0;0;0;0;0;0;0
FR;9;2021-02-19;0;0;0;0;0;0;0;0;0;0
FR;9;2021-02-20;0;0;0;0;0;0;0;0;0;0
FR;9;2021-02-21;0;0;0;0;0;0;0;0;0;0
FR;9;2021-02-22;0;0;0;0;0;0;0;0;0;0
FR;9;2021-02-23;0;0;0;0;0;0;0;0;0;0
FR;9;2021-02-24;0;0;0;0;0;0;0;0;0;0
FR;9;2021-02-25;0;0;0;0;0;0;0;0;0;0
FR;9;2021-02-26;0;0;0;0;0;0;0;0;0;0
FR;9;2021-02-27;0;0;0;0;0;0;0;0;0;0
FR;9;2021-02-28;0;0;0;0;0;0;0;0;0;0
FR;9;2021-03-01;0;0;0;0;0;0;0;0;0;0
FR;9;2021-03-02;0;0;0;0;0;0;0;0;0;0
FR;9;2021-03-03;0;0;0;0;0;0;0;0;0;0
FR;9;2021-03-04;0;0;0;0;0;0;0;0;0;0
FR;9;2021-03-05;0;0;0;0;0;0;0;0;0;0
FR;9;2021-03-06;0;0;0;0;0;0;0;0;0;0
FR;9;2021-03-07;0;0;0;0;0;0;0;0;0;0
FR;9;2021-03-08;0;0;0;0;0;0;0;0;0;0
FR;9;2021-03-09;0;0;0;0;0;0;0;0;0;0
FR;9;2021-03-10;0;0;0;0;0;0;0;0;0;0
FR;9;2021-03-11;0;0;0;0;0;0;0;0;0;0
FR;9;2021-03-12;0;0;0;0;0;0;0;0;0;0
FR;9;2021-03-13;0;0;0;0;0;0;0;0;0;0
FR;9;2021-03-14;0;0;0;0;0;0;0;0;0;0
FR;9;2021-03-15;0;0;0;0;0;0;0;0;0;0
FR;9;2021-03-16;0;0;0;0;0;0;0;0;0;0
FR;9;2021-03-17;0;0;0;0;0;0;0;0;0;0
FR;9;2021-03-18;0;0;0;0;0;0;0;0;0;0
FR;9;2021-03-19;0;0;0;0;0;0;0;0;0;0
FR;9;2021-03-20;0;0;0;0;0;0;0;0;0;0
FR;9;2021-03-21;0;0;0;0;0;0;0;0;0;0
FR;9;2021-03-22;0;0;0;0;0;0;0;0;0;0
FR;9;2021-03-23;0;0;0;0;0;0;0;0;0;0
FR;9;2021-03-24;0;0;0;0;0;0;0;0;0;0
FR;9;2021-03-25;0;0;0;0;0;0;0;0;0;0
FR;9;2021-03-26;0;0;0;0;0;0;0;0;0;0
FR;9;2021-03-27;0;0;0;0;0;0;0;0;0;0
FR;9;2021-03-28;0;0;0;0;0;0;0;0;0;0
FR;9;2021-03-29;0;0;0;0;0;0;0;0;0;0
FR;9;2021-03-30;0;0;0;0;0;0;0;0;0;0
FR;9;2021-03-31;0;0;0;0;0;0;0;0;0;0
FR;9;2021-04-01;0;0;0;0;0;0;0;0;0;0
FR;9;2021-04-02;0;0;0;0;0;0;0;0;0;0
FR;9;2021-04-03;0;0;0;0;0;0;0;0;0;0
FR;9;2021-04-04;0;0;0;0;0;0;0;0;0;0
FR;9;2021-04-05;0;0;0;0;0;0;0;0;0;0
FR;9;2021-04-06;0;0;0;0;0;0;0;0;0;0
FR;9;2021-04-07;0;0;0;0;0;0;0;0;0;0
FR;9;2021-04-08;0;0;0;0;0;0;0;0;0;0
FR;9;2021-04-09;0;0;0;0;0;0;0;0;0;0
FR;9;2021-04-10;0;0;0;0;0;0;0;0;0;0
FR;9;2021-04-11;0;0;0;0;0;0;0;0;0;0
FR;9;2021-04-12;0;0;0;0;0;0;0;0;0;0
FR;9;2021-04-13;0;0;0;0;0;0;0;0;0;0
FR;9;2021-04-14;0;0;0;0;0;0;0;0;0;0
FR;9;2021-04-15;0;0;0;0;0;0;0;0;0;0
FR;9;2021-04-16;0;0;0;0;0;0;0;0;0;0
FR;9;2021-04-17;0;0;0;0;0;0;0;0;0;0
FR;9;2021-04-18;0;0;0;0;0;0;0;0;0;0
FR;9;2021-04-19;0;0;0;0;0;0;0;0;0;0
FR;9;2021-04-20;0;0;0;0;0;0;0;0;0;0
FR;9;2021-04-21;0;0;0;0;0;0;0;0;0;0
FR;9;2021-04-22;0;0;0;0;0;0;0;0;0;0
FR;9;2021-04-23;0;0;0;0;0;0;0;0;0;0
FR;9;2021-04-24;0;0;0;0;0;0;0;0;0;0
FR;9;2021-04-25;0;0;0;0;0;0;0;0;0;0
FR;9;2021-04-26;0;0;0;0;0;0;0;0;0;0
FR;9;2021-04-27;0;0;0;0;0;0;0;0;0;0
FR;9;2021-04-28;0;0;0;0;0;0;0;0;0;0
FR;9;2021-04-29;0;0;0;0;0;0;0;0;0;0
FR;9;2021-04-30;0;0;0;0;0;0;0;0;0;0
FR;9;2021-05-01;0;0;0;0;0;0;0;0;0;0
FR;9;2021-05-02;0;0;0;0;0;0;0;0;0;0
FR;9;2021-05-03;0;0;0;0;0;0;0;0;0;0
FR;9;2021-05-04;0;0;0;0;0;0;0;0;0;0
FR;9;2021-05-05;0;0;0;0;0;0;0;0;0;0
FR;9;2021-05-06;0;0;0;0;0;0;0;0;0;0
FR;9;2021-05-07;0;0;0;0;0;0;0;0;0;0
FR;9;2021-05-08;0;0;0;0;0;0;0;0;0;0
FR;9;2021-05-09;0;0;0;0;0;0;0;0;0;0
FR;9;2021-05-10;0;0;0;0;0;0;0;0;0;0
FR;9;2021-05-11;0;0;0;0;0;0;0;0;0;0
FR;9;2021-05-12;0;0;0;0;0;0;0;0;0;0
FR;9;2021-05-13;0;0;0;0;0;0;0;0;0;0
FR;9;2021-05-14;0;0;0;0;0;0;0;0;0;0
FR;9;2021-05-15;0;0;0;0;0;0;0;0;0;0
FR;9;2021-05-16;0;0;0;0;0;0;0;0;0;0
FR;9;2021-05-17;0;0;0;0;0;0;0;0;0;0
FR;9;2021-05-18;0;0;0;0;0;0;0;0;0;0
FR;9;2021-05-19;0;0;0;0;0;0;0;0;0;0
FR;9;2021-05-20;0;0;0;0;0;0;0;0;0;0
FR;9;2021-05-21;0;0;0;0;0;0;0;0;0;0
FR;9;2021-05-22;0;0;0;0;0;0;0;0;0;0
FR;9;2021-05-23;0;0;0;0;0;0;0;0;0;0
FR;9;2021-05-24;0;0;0;0;0;0;0;0;0;0
FR;9;2021-05-25;0;0;0;0;0;0;0;0;0;0
FR;9;2021-05-26;0;0;0;0;0;0;0;0;0;0
FR;9;2021-05-27;0;0;0;0;0;0;0;0;0;0
FR;9;2021-05-28;0;0;0;0;0;0;0;0;0;0
FR;9;2021-05-29;0;0;0;0;0;0;0;0;0;0
FR;9;2021-05-30;0;0;0;0;0;0;0;0;0;0
FR;9;2021-05-31;0;0;0;0;0;0;0;0;0;0
FR;9;2021-06-01;0;0;0;0;0;0;0;0;0;0
FR;9;2021-06-02;0;0;0;0;0;0;0;0;0;0
FR;9;2021-06-03;0;0;0;0;0;0;0;0;0;0
FR;9;2021-06-04;0;0;0;0;0;0;0;0;0;0
FR;9;2021-06-05;0;0;0;0;0;0;0;0;0;0
FR;9;2021-06-06;0;0;0;0;0;0;0;0;0;0
FR;9;2021-06-07;0;0;0;0;0;0;0;0;0;0
FR;9;2021-06-08;0;0;0;0;0;0;0;0;0;0
FR;9;2021-06-09;0;0;0;0;0;0;0;0;0;0
FR;9;2021-06-10;0;0;0;0;0;0;0;0;0;0
FR;9;2021-06-11;0;0;0;0;0;0;0;0;0;0
FR;9;2021-06-12;0;0;0;0;0;0;0;0;0;0
FR;9;2021-06-13;0;0;0;0;0;0;0;0;0;0
FR;9;2021-06-14;0;0;0;0;0;0;0;0;0;0
FR;9;2021-06-15;0;0;0;0;0;0;0;0;0;0
FR;9;2021-06-16;0;0;0;0;0;0;0;0;0;0
FR;9;2021-06-17;0;0;0;0;0;0;0;0;0;0
FR;9;2021-06-18;0;0;0;0;0;0;0;0;0;0
FR;9;2021-06-19;0;0;0;0;0;0;0;0;0;0
FR;9;2021-06-20;0;0;0;0;0;0;0;0;0;0
FR;9;2021-06-21;0;0;0;0;0;0;0;0;0;0
FR;9;2021-06-22;0;0;0;0;0;0;0;0;0;0
FR;9;2021-06-23;0;0;0;0;0;0;0;0;0;0
FR;9;2021-06-24;0;0;0;0;0;0;0;0;0;0
FR;9;2021-06-25;0;0;0;0;0;0;0;0;0;0
FR;9;2021-06-26;0;0;0;0;0;0;0;0;0;0
FR;9;2021-06-27;0;0;0;0;0;0;0;0;0;0
FR;9;2021-06-28;0;0;0;0;0;0;0;0;0;0
FR;9;2021-06-29;0;0;0;0;0;0;0;0;0;0
FR;9;2021-06-30;0;0;0;0;0;0;0;0;0;0
FR;9;2021-07-01;0;0;0;0;0;0;0;0;0;0
FR;9;2021-07-02;0;0;0;0;0;0;0;0;0;0
FR;9;2021-07-03;0;0;0;0;0;0;0;0;0;0
FR;9;2021-07-04;0;0;0;0;0;0;0;0;0;0
FR;9;2021-07-05;0;0;0;0;0;0;0;0;0;0
FR;9;2021-07-06;0;0;0;0;0;0;0;0;0;0
FR;9;2021-07-07;0;0;0;0;0;0;0;0;0;0
FR;9;2021-07-08;0;0;0;0;0;0;0;0;0;0
FR;9;2021-07-09;0;0;0;0;0;0;0;0;0;0
FR;9;2021-07-10;0;0;0;0;0;0;0;0;0;0
FR;9;2021-07-11;0;0;0;0;0;0;0;0;0;0
FR;9;2021-07-12;0;0;0;0;0;0;0;0;0;0
FR;9;2021-07-13;0;0;0;0;0;0;0;0;0;0
FR;9;2021-07-14;0;0;0;0;0;0;0;0;0;0
FR;9;2021-07-15;0;0;0;0;0;0;0;0;0;0
FR;9;2021-07-16;0;0;0;0;0;0;0;0;0;0
FR;9;2021-07-17;0;0;0;0;0;0;0;0;0;0
FR;9;2021-07-18;0;0;0;0;0;0;0;0;0;0
FR;9;2021-07-19;0;0;0;0;0;0;0;0;0;0
FR;9;2021-07-20;0;0;0;0;0;0;0;0;0;0
FR;9;2021-07-21;0;0;0;0;0;0;0;0;0;0
FR;9;2021-07-22;0;0;0;0;0;0;0;0;0;0
FR;9;2021-07-23;0;0;0;0;0;0;0;0;0;0
FR;9;2021-07-24;0;0;0;0;0;0;0;0;0;0
FR;9;2021-07-25;0;0;0;0;0;0;0;0;0;0
FR;9;2021-07-26;0;0;0;0;0;0;0;0;0;0
FR;9;2021-07-27;0;0;0;0;0;0;0;0;0;0
FR;9;2021-07-28;0;0;0;0;0;0;0;0;0;0
FR;9;2021-07-29;0;0;0;0;0;0;0;0;0;0
FR;9;2021-07-30;0;0;0;0;0;0;0;0;0;0
FR;9;2021-07-31;0;0;0;0;0;0;0;0;0;0
FR;9;2021-08-01;0;0;0;0;0;0;0;0;0;0
FR;9;2021-08-02;0;0;0;0;0;0;0;0;0;0
FR;9;2021-08-03;0;0;0;0;0;0;0;0;0;0
FR;9;2021-08-04;0;0;0;0;0;0;0;0;0;0
FR;9;2021-08-05;0;0;0;0;0;0;0;0;0;0
FR;9;2021-08-06;0;0;0;0;0;0;0;0;0;0
FR;9;2021-08-07;0;0;0;0;0;0;0;0;0;0
FR;9;2021-08-08;0;0;0;0;0;0;0;0;0;0
FR;9;2021-08-09;0;0;0;0;0;0;0;0;0;0
FR;9;2021-08-10;0;0;0;0;0;0;0;0;0;0
FR;9;2021-08-11;0;0;0;0;0;0;0;0;0;0
FR;9;2021-08-12;0;0;0;0;0;0;0;0;0;0
FR;9;2021-08-13;0;0;0;0;0;0;0;0;0;0
FR;9;2021-08-14;0;0;0;0;0;0;0;0;0;0
FR;9;2021-08-15;0;0;0;0;0;0;0;0;0;0
FR;9;2021-08-16;0;0;0;0;0;0;0;0;0;0
FR;9;2021-08-17;0;0;0;0;0;0;0;0;0;0
FR;9;2021-08-18;0;0;0;0;0;0;0;0;0;0
FR;9;2021-08-19;0;0;0;0;0;0;0;0;0;0
FR;9;2021-08-20;0;0;0;0;0;0;0;0;0;0
FR;9;2021-08-21;0;0;0;0;0;0;0;0;0;0
FR;9;2021-08-22;0;0;0;0;0;0;0;0;0;0
FR;9;2021-08-23;0;0;0;0;0;0;0;0;0;0
FR;9;2021-08-24;0;0;0;0;0;0;0;0;0;0
FR;9;2021-08-25;0;0;0;0;0;0;0;0;0;0
FR;9;2021-08-26;0;0;0;0;0;0;0;0;0;0
FR;9;2021-08-27;0;0;0;0;0;0;0;0;0;0
FR;9;2021-08-28;0;0;0;0;0;0;0;0;0;0
FR;9;2021-08-29;0;0;0;0;0;0;0;0;0;0
FR;9;2021-08-30;0;0;0;0;0;0;0;0;0;0
FR;9;2021-08-31;0;0;0;0;0;0;0;0;0;0
FR;9;2021-09-01;0;0;0;0;0;0;0;0;0;0
FR;9;2021-09-02;0;0;0;0;0;0;0;0;0;0
FR;9;2021-09-03;0;0;0;0;0;0;0;0;0;0
FR;9;2021-09-04;0;0;0;0;0;0;0;0;0;0
FR;9;2021-09-05;0;0;0;0;0;0;0;0;0;0
FR;9;2021-09-06;0;0;0;0;0;0;0;0;0;0
FR;9;2021-09-07;0;0;0;0;0;0;0;0;0;0
FR;9;2021-09-08;0;0;0;0;0;0;0;0;0;0
FR;9;2021-09-09;0;0;0;0;0;0;0;0;0;0
FR;9;2021-09-10;0;0;0;0;0;0;0;0;0;0
FR;9;2021-09-11;0;0;0;0;0;0;0;0;0;0
FR;9;2021-09-12;0;0;0;0;0;0;0;0;0;0
FR;9;2021-09-13;0;0;0;0;0;0;0;0;0;0
FR;9;2021-09-14;0;0;0;0;0;0;0;0;0;0
FR;9;2021-09-15;0;0;0;0;0;0;0;0;0;0
FR;9;2021-09-16;0;0;0;0;0;0;0;0;0;0
FR;9;2021-09-17;0;0;0;0;0;0;0;0;0;0
FR;9;2021-09-18;0;0;0;0;0;0;0;0;0;0
FR;9;2021-09-19;0;0;0;0;0;0;0;0;0;0
FR;9;2021-09-20;0;0;0;0;0;0;0;0;0;0
FR;9;2021-09-21;0;0;0;0;0;0;0;0;0;0
FR;9;2021-09-22;0;0;0;0;0;0;0;0;0;0
FR;9;2021-09-23;0;0;0;0;0;0;0;0;0;0
FR;9;2021-09-24;0;0;0;0;0;0;0;0;0;0
FR;9;2021-09-25;0;0;0;0;0;0;0;0;0;0
FR;9;2021-09-26;0;0;0;0;0;0;0;0;0;0
FR;9;2021-09-27;0;0;0;0;0;0;0;0;0;0
FR;9;2021-09-28;0;0;0;0;0;0;0;0;0;0
FR;9;2021-09-29;0;0;0;0;0;0;0;0;0;0
FR;9;2021-09-30;0;0;0;0;0;0;0;0;0;0
FR;9;2021-10-01;0;0;0;0;0;0;0;0;0;0
FR;9;2021-10-02;0;0;0;0;0;0;0;0;0;0
FR;9;2021-10-03;0;0;0;0;0;0;0;0;0;0
FR;9;2021-10-04;0;0;0;0;0;0;0;0;0;0
FR;9;2021-10-05;0;0;0;0;0;0;0;0;0;0
FR;9;2021-10-06;0;0;0;0;0;0;0;0;0;0
FR;9;2021-10-07;0;0;0;0;0;0;0;0;0;0
FR;9;2021-10-08;0;0;0;0;0;0;0;0;0;0
FR;9;2021-10-09;0;0;0;0;0;0;0;0;0;0
FR;9;2021-10-10;0;0;0;0;0;0;0;0;0;0
FR;9;2021-10-11;0;0;0;0;0;0;0;0;0;0
FR;9;2021-10-12;0;0;0;0;0;0;0;0;0;0
FR;9;2021-10-13;0;0;0;0;0;0;0;0;0;0
FR;9;2021-10-14;0;0;0;0;0;0;0;0;0;0
FR;9;2021-10-15;0;0;0;0;0;0;0;0;0;0
FR;9;2021-10-16;0;0;0;0;0;0;0;0;0;0
FR;9;2021-10-17;0;0;0;0;0;0;0;0;0;0
FR;9;2021-10-18;0;0;0;0;0;0;0;0;0;0
FR;9;2021-10-19;0;0;0;0;0;0;0;0;0;0
FR;9;2021-10-20;0;0;0;0;0;0;0;0;0;0
FR;9;2021-10-21;0;0;0;0;0;0;0;0;0;0
FR;9;2021-10-22;0;0;0;0;0;0;0;0;0;0
FR;9;2021-10-23;0;0;0;0;0;0;0;0;0;0
FR;9;2021-10-24;0;0;0;0;0;0;0;0;0;0
FR;9;2021-10-25;0;0;0;0;0;0;0;0;0;0
FR;9;2021-10-26;0;0;0;0;0;0;0;0;0;0
FR;9;2021-10-27;0;0;0;0;0;0;0;0;0;0
FR;9;2021-10-28;0;0;0;0;0;0;0;0;0;0
FR;9;2021-10-29;0;0;0;0;0;0;0;0;0;0
FR;9;2021-10-30;0;0;0;0;0;0;0;0;0;0
FR;9;2021-10-31;0;0;0;0;0;0;0;0;0;0
FR;9;2021-11-01;0;0;0;0;0;0;0;0;0;0
FR;9;2021-11-02;0;0;0;0;0;0;0;0;0;0
FR;9;2021-11-03;0;0;0;0;0;0;0;0;0;0
FR;9;2021-11-04;0;0;0;0;0;0;0;0;0;0
FR;9;2021-11-05;0;0;0;0;0;0;0;0;0;0
FR;9;2021-11-06;0;0;0;0;0;0;0;0;0;0
FR;9;2021-11-07;0;0;0;0;0;0;0;0;0;0
FR;9;2021-11-08;0;0;0;0;0;0;0;0;0;0
FR;9;2021-11-09;0;0;0;0;0;0;0;0;0;0
FR;9;2021-11-10;0;0;0;0;0;0;0;0;0;0
FR;9;2021-11-11;0;0;0;0;0;0;0;0;0;0
FR;9;2021-11-12;0;0;0;0;0;0;0;0;0;0
FR;9;2021-11-13;0;0;0;0;0;0;0;0;0;0
FR;9;2021-11-14;0;0;0;0;0;0;0;0;0;0
FR;9;2021-11-15;0;0;0;0;0;0;0;0;0;0
FR;9;2021-11-16;0;0;0;0;0;0;0;0;0;0
FR;9;2021-11-17;0;0;0;0;0;0;0;0;0;0
FR;9;2021-11-18;0;0;0;0;0;0;0;0;0;0
FR;9;2021-11-19;0;0;0;0;0;0;0;0;0;0
FR;9;2021-11-20;0;0;0;0;0;0;0;0;0;0
FR;9;2021-11-21;0;0;0;0;0;0;0;0;0;0
FR;9;2021-11-22;0;0;0;0;0;0;0;0;0;0
FR;9;2021-11-23;0;0;0;0;0;0;0;0;0;0
FR;9;2021-11-24;0;0;0;0;0;0;0;0;0;0
FR;9;2021-11-25;0;0;0;0;0;0;0;0;0;0
FR;9;2021-11-26;0;0;0;0;0;0;0;0;0;0
FR;9;2021-11-27;0;0;0;0;0;0;0;0;0;0
FR;9;2021-11-28;0;0;0;0;0;0;0;0;0;0
FR;9;2021-11-29;0;0;0;0;0;0;0;0;0;0
FR;9;2021-11-30;0;0;0;0;0;0;0;0;0;0
FR;9;2021-12-01;0;0;0;0;0;0;0;0;0;0
FR;9;2021-12-02;0;0;0;0;0;0;0;0;0;0
FR;9;2021-12-03;0;0;0;0;0;0;0;0;0;0
FR;9;2021-12-04;0;0;0;0;0;0;0;0;0;0
FR;9;2021-12-05;0;0;0;0;0;0;0;0;0;0
FR;9;2021-12-06;0;0;0;0;0;0;0;0;0;0
FR;9;2021-12-07;0;0;0;0;0;0;0;0;0;0
FR;9;2021-12-08;0;0;0;0;0;0;0;0;0;0
FR;9;2021-12-09;0;0;0;0;0;0;0;0;0;0
FR;9;2021-12-10;0;0;0;0;0;0;0;0;0;0
FR;9;2021-12-11;0;0;0;0;0;0;0;0;0;0
FR;9;2021-12-12;0;0;0;0;0;0;0;0;0;0
FR;9;2021-12-13;0;0;0;0;0;0;0;0;0;0
FR;9;2021-12-14;0;0;0;0;0;0;0;0;0;0
FR;9;2021-12-15;0;0;0;0;0;0;0;0;0;0
FR;9;2021-12-16;0;0;0;0;0;0;0;0;0;0
FR;9;2021-12-17;0;0;0;0;0;0;0;0;0;0
FR;9;2021-12-18;0;0;0;0;0;0;0;0;0;0
FR;9;2021-12-19;0;0;0;0;0;0;0;0;0;0
FR;9;2021-12-20;0;0;0;0;0;0;0;0;0;0
FR;9;2021-12-21;0;0;0;0;0;0;0;0;0;0
FR;9;2021-12-22;0;0;0;0;0;0;0;0;0;0
FR;9;2021-12-23;0;0;0;0;0;0;0;0;0;0
FR;9;2021-12-24;0;0;0;0;0;0;0;0;0;0
FR;9;2021-12-25;0;0;0;0;0;0;0;0;0;0
FR;9;2021-12-26;0;0;0;0;0;0;0;0;0;0
FR;9;2021-12-27;0;0;0;0;0;0;0;0;0;0
FR;9;2021-12-28;0;0;0;0;0;0;0;0;0;0
FR;9;2021-12-29;0;0;0;0;0;0;0;0;0;0
FR;9;2021-12-30;0;0;0;0;0;0;0;0;0;0
FR;9;2021-12-31;0;0;0;0;0;0;0;0;0;0
FR;9;2022-01-01;0;0;0;0;0;0;0;0;0;0
FR;9;2022-01-02;0;0;0;0;0;0;0;0;0;0
FR;9;2022-01-03;0;0;0;0;0;0;0;0;0;0
FR;9;2022-01-04;0;0;0;0;0;0;0;0;0;0
FR;9;2022-01-05;0;0;0;0;0;0;0;0;0;0
FR;9;2022-01-06;0;0;0;0;0;0;0;0;0;0
FR;9;2022-01-07;0;0;0;0;0;0;0;0;0;0
FR;9;2022-01-08;0;0;0;0;0;0;0;0;0;0
FR;9;2022-01-09;0;0;0;0;0;0;0;0;0;0
FR;9;2022-01-10;0;0;0;0;0;0;0;0;0;0
FR;9;2022-01-11;0;0;0;0;0;0;0;0;0;0
FR;9;2022-01-12;0;0;0;0;0;0;0;0;0;0
FR;9;2022-01-13;0;0;0;0;0;0;0;0;0;0
FR;9;2022-01-14;0;0;0;0;0;0;0;0;0;0
FR;9;2022-01-15;0;0;0;0;0;0;0;0;0;0
FR;9;2022-01-16;0;0;0;0;0;0;0;0;0;0
FR;9;2022-01-17;0;0;0;0;0;0;0;0;0;0
FR;9;2022-01-18;0;0;0;0;0;0;0;0;0;0
FR;9;2022-01-19;0;0;0;0;0;0;0;0;0;0
FR;9;2022-01-20;0;0;0;0;0;0;0;0;0;0
FR;9;2022-01-21;0;0;0;0;0;0;0;0;0;0
FR;9;2022-01-22;0;0;0;0;0;0;0;0;0;0
FR;9;2022-01-23;0;0;0;0;0;0;0;0;0;0
FR;9;2022-01-24;0;0;0;0;0;0;0;0;0;0
FR;9;2022-01-25;0;0;0;0;0;0;0;0;0;0
FR;9;2022-01-26;0;0;0;0;0;0;0;0;0;0
FR;9;2022-01-27;0;0;0;0;0;0;0;0;0;0
FR;9;2022-01-28;0;0;0;0;0;0;0;0;0;0
FR;9;2022-01-29;0;0;0;0;0;0;0;0;0;0
FR;9;2022-01-30;0;0;0;0;0;0;0;0;0;0
FR;9;2022-01-31;0;0;0;0;0;0;0;0;0;0
FR;9;2022-02-01;0;0;0;0;0;0;0;0;0;0
FR;9;2022-02-02;0;0;0;0;0;0;0;0;0;0
FR;9;2022-02-03;0;0;0;0;0;0;0;0;0;0
FR;9;2022-02-04;0;0;0;0;0;0;0;0;0;0
FR;9;2022-02-05;0;0;0;0;0;0;0;0;0;0
FR;9;2022-02-06;0;0;0;0;0;0;0;0;0;0
FR;9;2022-02-07;0;0;0;0;0;0;0;0;0;0
FR;9;2022-02-08;0;0;0;0;0;0;0;0;0;0
FR;9;2022-02-09;0;0;0;0;0;0;0;0;0;0
FR;9;2022-02-10;0;0;0;0;0;0;0;0;0;0
FR;9;2022-02-11;0;0;0;0;0;0;0;0;0;0
FR;9;2022-02-12;0;0;0;0;0;0;0;0;0;0
FR;9;2022-02-13;0;0;0;0;0;0;0;0;0;0
FR;9;2022-02-14;0;0;0;0;0;0;0;0;0;0
FR;9;2022-02-15;0;0;0;0;0;0;0;0;0;0
FR;9;2022-02-16;0;0;0;0;0;0;0;0;0;0
FR;9;2022-02-17;0;0;0;0;0;0;0;0;0;0
FR;9;2022-02-18;0;0;0;0;0;0;0;0;0;0
FR;9;2022-02-19;0;0;0;0;0;0;0;0;0;0
FR;9;2022-02-20;0;0;0;0;0;0;0;0;0;0
FR;9;2022-02-21;0;0;0;0;0;0;0;0;0;0
FR;9;2022-02-22;0;0;0;0;0;0;0;0;0;0
FR;9;2022-02-23;0;0;0;0;0;0;0;0;0;0
FR;9;2022-02-24;0;0;0;0;0;0;0;0;0;0
FR;9;2022-02-25;0;0;0;0;0;0;0;0;0;0
FR;9;2022-02-26;0;0;0;0;0;0;0;0;0;0
FR;9;2022-02-27;0;0;0;0;0;0;0;0;0;0
FR;9;2022-02-28;0;0;0;0;0;0;0;0;0;0
FR;9;2022-03-01;0;0;0;0;0;0;0;0;0;0
FR;9;2022-03-02;0;0;0;0;0;0;0;0;0;0
FR;9;2022-03-03;0;0;0;0;0;0;0;0;0;0
FR;9;2022-03-04;0;0;0;0;0;0;0;0;0;0
FR;9;2022-03-05;0;0;0;0;0;0;0;0;0;0
FR;9;2022-03-06;0;0;0;0;0;0;0;0;0;0
FR;9;2022-03-07;0;0;0;0;0;0;0;0;0;0
FR;9;2022-03-08;0;0;0;0;0;0;0;0;0;0
FR;9;2022-03-09;0;0;0;0;0;0;0;0;0;0
FR;9;2022-03-10;0;0;0;0;0;0;0;0;0;0
FR;9;2022-03-11;0;0;0;0;0;0;0;0;0;0
FR;9;2022-03-12;0;0;0;0;0;0;0;0;0;0
FR;9;2022-03-13;0;0;0;0;0;0;0;0;0;0
FR;9;2022-03-14;0;0;0;0;0;0;0;0;0;0
FR;9;2022-03-15;0;0;0;0;0;0;0;0;0;0
FR;9;2022-03-16;0;0;0;0;0;0;0;0;0;0
FR;9;2022-03-17;0;0;0;0;0;0;0;0;0;0
FR;9;2022-03-18;0;0;0;0;0;0;0;0;0;0
FR;9;2022-03-19;0;0;0;0;0;0;0;0;0;0
FR;9;2022-03-20;0;0;0;0;0;0;0;0;0;0
FR;9;2022-03-21;0;0;0;0;0;0;0;0;0;0
FR;9;2022-03-22;0;0;0;0;0;0;0;0;0;0
FR;9;2022-03-23;0;0;0;0;0;0;0;0;0;0
FR;9;2022-03-24;0;0;0;0;0;0;0;0;0;0
FR;9;2022-03-25;0;0;0;0;0;0;0;0;0;0
FR;9;2022-03-26;0;0;0;0;0;0;0;0;0;0
FR;9;2022-03-27;0;0;0;0;0;0;0;0;0;0
FR;9;2022-03-28;0;0;0;0;0;0;0;0;0;0
FR;9;2022-03-29;0;0;0;0;0;0;0;0;0;0
FR;9;2022-03-30;0;0;0;0;0;0;0;0;0;0
FR;9;2022-03-31;0;0;0;0;0;0;0;0;0;0
FR;9;2022-04-01;0;0;0;0;0;0;0;0;0;0
FR;9;2022-04-02;0;0;0;0;0;0;0;0;0;0
FR;9;2022-04-03;0;0;0;0;0;0;0;0;0;0
FR;9;2022-04-04;0;0;0;0;0;0;0;0;0;0
FR;9;2022-04-05;0;0;0;0;0;0;0;0;0;0
FR;9;2022-04-06;0;0;0;0;0;0;0;0;0;0
FR;9;2022-04-07;0;0;0;0;0;0;0;0;0;0
FR;9;2022-04-08;0;0;0;0;0;0;0;0;0;0
FR;9;2022-04-09;0;0;0;0;0;0;0;0;0;0
FR;9;2022-04-10;0;0;0;0;0;0;0;0;0;0
FR;9;2022-04-11;0;0;0;0;0;0;0;0;0;0
FR;9;2022-04-12;0;0;0;0;0;0;0;0;0;0
FR;9;2022-04-13;0;0;0;0;0;0;0;0;0;0
FR;9;2022-04-14;0;0;0;0;0;0;0;0;0;0
FR;9;2022-04-15;0;0;0;0;0;0;0;0;0;0
FR;9;2022-04-16;0;0;0;0;0;0;0;0;0;0
FR;9;2022-04-17;0;0;0;0;0;0;0;0;0;0
FR;9;2022-04-18;0;0;0;0;0;0;0;0;0;0
FR;9;2022-04-19;0;0;0;0;0;0;0;0;0;0
FR;9;2022-04-20;0;0;0;0;0;0;0;0;0;0
FR;9;2022-04-21;0;0;0;0;0;0;0;0;0;0
FR;9;2022-04-22;0;0;0;0;0;0;0;0;0;0
FR;9;2022-04-23;0;0;0;0;0;0;0;0;0;0
FR;9;2022-04-24;0;0;0;0;0;0;0;0;0;0
FR;9;2022-04-25;0;0;0;0;0;0;0;0;0;0
FR;9;2022-04-26;0;0;0;0;0;0;0;0;0;0
FR;9;2022-04-27;0;0;0;0;0;0;0;0;0;0
FR;9;2022-04-28;0;0;0;0;0;0;0;0;0;0
FR;9;2022-04-29;0;0;0;0;0;0;0;0;0;0
FR;9;2022-04-30;0;0;0;0;0;0;0;0;0;0
FR;9;2022-05-01;0;0;0;0;0;0;0;0;0;0
FR;9;2022-05-02;0;0;0;0;0;0;0;0;0;0
FR;9;2022-05-03;0;0;0;0;0;0;0;0;0;0
FR;9;2022-05-04;0;0;0;0;0;0;0;0;0;0
FR;9;2022-05-05;0;0;0;0;0;0;0;0;0;0
FR;9;2022-05-06;0;0;0;0;0;0;0;0;0;0
FR;9;2022-05-07;0;0;0;0;0;0;0;0;0;0
FR;9;2022-05-08;0;0;0;0;0;0;0;0;0;0
FR;9;2022-05-09;0;0;0;0;0;0;0;0;0;0
FR;9;2022-05-10;0;0;0;0;0;0;0;0;0;0
FR;9;2022-05-11;0;0;0;0;0;0;0;0;0;0
FR;9;2022-05-12;0;0;0;0;0;0;0;0;0;0
FR;9;2022-05-13;0;0;0;0;0;0;0;0;0;0
FR;9;2022-05-14;0;0;0;0;0;0;0;0;0;0
FR;9;2022-05-15;0;0;0;0;0;0;0;0;0;0
FR;9;2022-05-16;0;0;0;0;0;0;0;0;0;0
FR;9;2022-05-17;0;0;0;0;0;0;0;0;0;0
FR;9;2022-05-18;0;0;0;0;0;0;0;0;0;0
FR;9;2022-05-19;0;0;0;0;0;0;0;0;0;0
FR;9;2022-05-20;0;0;0;0;0;0;0;0;0;0
FR;9;2022-05-21;0;0;0;0;0;0;0;0;0;0
FR;9;2022-05-22;0;0;0;0;0;0;0;0;0;0
FR;9;2022-05-23;0;0;0;0;0;0;0;0;0;0
FR;9;2022-05-24;0;0;0;0;0;0;0;0;0;0
FR;9;2022-05-25;0;0;0;0;0;0;0;0;0;0
FR;9;2022-05-26;0;0;0;0;0;0;0;0;0;0
FR;9;2022-05-27;0;0;0;0;0;0;0;0;0;0
FR;9;2022-05-28;0;0;0;0;0;0;0;0;0;0
FR;9;2022-05-29;0;0;0;0;0;0;0;0;0;0
FR;9;2022-05-30;0;0;0;0;0;0;0;0;0;0
FR;9;2022-05-31;0;0;0;0;0;0;0;0;0;0
FR;9;2022-06-01;0;0;0;0;0;0;0;0;0;0
FR;9;2022-06-02;0;0;0;0;0;0;0;0;0;0
FR;9;2022-06-03;0;0;0;0;0;0;0;0;0;0
FR;9;2022-06-04;0;0;0;0;0;0;0;0;0;0
FR;9;2022-06-05;0;0;0;0;0;0;0;0;0;0
FR;9;2022-06-06;0;0;0;0;0;0;0;0;0;0
FR;9;2022-06-07;0;0;0;0;0;0;0;0;0;0
FR;9;2022-06-08;0;0;0;0;0;0;0;0;0;0
FR;9;2022-06-09;0;0;0;0;0;0;0;0;0;0
FR;9;2022-06-10;0;0;0;0;0;0;0;0;0;0
FR;9;2022-06-11;0;0;0;0;0;0;0;0;0;0
FR;9;2022-06-12;0;0;0;0;0;0;0;0;0;0
FR;9;2022-06-13;0;0;0;0;0;0;0;0;0;0
FR;9;2022-06-14;0;0;0;0;0;0;0;0;0;0
FR;9;2022-06-15;0;0;0;0;0;0;0;0;0;0
FR;9;2022-06-16;0;0;0;0;0;0;0;0;0;0
FR;9;2022-06-17;0;0;0;0;0;0;0;0;0;0
FR;9;2022-06-18;0;0;0;0;0;0;0;0;0;0
FR;9;2022-06-19;0;0;0;0;0;0;0;0;0;0
FR;9;2022-06-20;0;0;0;0;0;0;0;0;0;0
FR;9;2022-06-21;0;0;0;0;0;0;0;0;0;0
FR;9;2022-06-22;0;0;0;0;0;0;0;0;0;0
FR;9;2022-06-23;0;0;0;0;0;0;0;0;0;0
FR;9;2022-06-24;0;0;0;0;0;0;0;0;0;0
FR;9;2022-06-25;0;0;0;0;0;0;0;0;0;0
FR;9;2022-06-26;0;0;0;0;0;0;0;0;0;0
FR;9;2022-06-27;0;0;0;0;0;0;0;0;0;0
FR;9;2022-06-28;0;0;0;0;0;0;0;0;0;0
FR;9;2022-06-29;0;0;0;0;0;0;0;0;0;0
FR;9;2022-06-30;0;0;0;0;0;0;0;0;0;0
FR;9;2022-07-01;0;0;0;0;0;0;0;0;0;0
FR;9;2022-07-02;0;0;0;0;0;0;0;0;0;0
FR;9;2022-07-03;0;0;0;0;0;0;0;0;0;0
FR;9;2022-07-04;0;0;0;0;0;0;0;0;0;0
FR;9;2022-07-05;0;0;0;0;0;0;0;0;0;0
FR;9;2022-07-06;0;0;0;0;0;0;0;0;0;0
FR;9;2022-07-07;0;0;0;0;0;0;0;0;0;0
FR;9;2022-07-08;0;0;0;0;0;0;0;0;0;0
FR;9;2022-07-09;0;0;0;0;0;0;0;0;0;0
FR;9;2022-07-10;0;0;0;0;0;0;0;0;0;0
FR;9;2022-07-11;0;0;0;0;0;0;0;0;0;0
FR;9;2022-07-12;0;0;0;0;0;0;0;0;0;0
FR;9;2022-07-13;0;0;0;0;0;0;0;0;0;0
FR;9;2022-07-14;0;0;0;0;0;0;0;0;0;0
FR;9;2022-07-15;0;0;0;0;0;0;0;0;0;0
FR;9;2022-07-16;0;0;0;0;0;0;0;0;0;0
FR;9;2022-07-17;0;0;0;0;0;0;0;0;0;0
FR;9;2022-07-18;0;0;0;0;0;0;0;0;0;0
FR;9;2022-07-19;0;0;0;0;0;0;0;0;0;0
FR;9;2022-07-20;0;0;0;0;0;0;0;0;0;0
FR;9;2022-07-21;0;0;0;0;0;0;0;0;0;0
FR;9;2022-07-22;0;0;0;0;0;0;0;0;0;0
FR;9;2022-07-23;0;0;0;0;0;0;0;0;0;0
FR;9;2022-07-24;0;0;0;0;0;0;0;0;0;0
FR;9;2022-07-25;0;0;0;0;0;0;0;0;0;0
FR;9;2022-07-26;0;0;0;0;0;0;0;0;0;0
FR;9;2022-07-27;0;0;0;0;0;0;0;0;0;0
FR;9;2022-07-28;0;0;0;0;0;0;0;0;0;0
FR;9;2022-07-29;0;0;0;0;0;0;0;0;0;0
FR;9;2022-07-30;0;0;0;0;0;0;0;0;0;0
FR;9;2022-07-31;0;0;0;0;0;0;0;0;0;0
FR;9;2022-08-01;0;0;0;0;0;0;0;0;0;0
FR;9;2022-08-02;0;0;0;0;0;0;0;0;0;0
FR;9;2022-08-03;0;0;0;0;0;0;0;0;0;0
FR;9;2022-08-04;0;0;0;0;0;0;0;0;0;0
FR;9;2022-08-05;0;0;0;0;0;0;0;0;0;0
FR;9;2022-08-06;0;0;0;0;0;0;0;0;0;0
FR;9;2022-08-07;0;0;0;0;0;0;0;0;0;0
FR;9;2022-08-08;0;0;0;0;0;0;0;0;0;0
FR;9;2022-08-09;0;0;0;0;0;0;0;0;0;0
FR;9;2022-08-10;0;0;0;0;0;0;0;0;0;0
FR;9;2022-08-11;0;0;0;0;0;0;0;0;0;0
FR;9;2022-08-12;0;0;0;0;0;0;0;0;0;0
FR;9;2022-08-13;0;0;0;0;0;0;0;0;0;0
FR;9;2022-08-14;0;0;0;0;0;0;0;0;0;0
FR;9;2022-08-15;0;0;0;0;0;0;0;0;0;0
FR;9;2022-08-16;0;0;0;0;0;0;0;0;0;0
FR;9;2022-08-17;0;0;0;0;0;0;0;0;0;0
FR;9;2022-08-18;0;0;0;0;0;0;0;0;0;0
FR;9;2022-08-19;0;0;0;0;0;0;0;0;0;0
FR;9;2022-08-20;0;0;0;0;0;0;0;0;0;0
FR;9;2022-08-21;0;0;0;0;0;0;0;0;0;0
FR;9;2022-08-22;0;0;0;0;0;0;0;0;0;0
FR;9;2022-08-23;0;0;0;0;0;0;0;0;0;0
FR;9;2022-08-24;0;0;0;0;0;0;0;0;0;0
FR;9;2022-08-25;0;0;0;0;0;0;0;0;0;0
FR;9;2022-08-26;0;0;0;0;0;0;0;0;0;0
FR;9;2022-08-27;0;0;0;0;0;0;0;0;0;0
FR;9;2022-08-28;0;0;0;0;0;0;0;0;0;0
FR;9;2022-08-29;0;0;0;0;0;0;0;0;0;0
FR;9;2022-08-30;0;0;0;0;0;0;0;0;0;0
FR;9;2022-08-31;0;0;0;0;0;0;0;0;0;0
FR;9;2022-09-01;0;0;0;0;0;0;0;0;0;0
FR;9;2022-09-02;0;0;0;0;0;0;0;0;0;0
FR;9;2022-09-03;0;0;0;0;0;0;0;0;0;0
FR;9;2022-09-04;0;0;0;0;0;0;0;0;0;0
FR;9;2022-09-05;0;0;0;0;0;0;0;0;0;0
FR;9;2022-09-06;0;0;0;0;0;0;0;0;0;0
FR;9;2022-09-07;0;0;0;0;0;0;0;0;0;0
FR;9;2022-09-08;0;0;0;0;0;0;0;0;0;0
FR;9;2022-09-09;0;0;0;0;0;0;0;0;0;0
FR;9;2022-09-10;0;0;0;0;0;0;0;0;0;0
FR;9;2022-09-11;0;0;0;0;0;0;0;0;0;0
FR;9;2022-09-12;0;0;0;0;0;0;0;0;0;0
FR;9;2022-09-13;0;0;0;0;0;0;0;0;0;0
FR;9;2022-09-14;0;0;0;0;0;0;0;0;0;0
FR;9;2022-09-15;0;0;0;0;0;0;0;0;0;0
FR;9;2022-09-16;0;0;0;0;0;0;0;0;0;0
FR;9;2022-09-17;0;0;0;0;0;0;0;0;0;0
FR;9;2022-09-18;0;0;0;0;0;0;0;0;0;0
FR;9;2022-09-19;0;0;0;0;0;0;0;0;0;0
FR;9;2022-09-20;0;0;0;0;0;0;0;0;0;0
FR;9;2022-09-21;0;0;0;0;0;0;0;0;0;0
FR;9;2022-09-22;0;0;0;0;0;0;0;0;0;0
FR;9;2022-09-23;0;0;0;0;0;0;0;0;0;0
FR;9;2022-09-24;0;0;0;0;0;0;0;0;0;0
FR;9;2022-09-25;0;0;0;0;0;0;0;0;0;0
FR;9;2022-09-26;0;0;0;0;0;0;0;0;0;0
FR;9;2022-09-27;0;0;0;0;0;0;0;0;0;0
FR;9;2022-09-28;0;0;0;0;0;0;0;0;0;0
FR;9;2022-09-29;1;1;8;31;6;1;1;8;31;6
FR;9;2022-09-30;4;12;60;604;47;5;13;68;635;53
FR;9;2022-10-01;9;1;43;327;26;14;14;111;962;79
FR;9;2022-10-02;1;0;5;50;3;15;14;116;1012;82
FR;9;2022-10-03;10;16;149;1712;128;25;30;265;2724;210
FR;9;2022-10-04;20;48;353;3950;228;45;78;618;6674;438
FR;9;2022-10-05;27;19;269;2995;203;72;97;887;9669;641
FR;9;2022-10-06;23;34;399;4598;300;95;131;1286;14267;941
FR;9;2022-10-07;29;49;499;5701;384;124;180;1785;19968;1325
FR;9;2022-10-08;10;18;127;1088;86;134;198;1912;21056;1411
FR;9;2022-10-09;1;7;22;196;29;135;205;1934;21252;1440
FR;9;2022-10-10;11;26;207;2572;181;146;231;2141;23824;1621
FR;9;2022-10-11;31;40;426;5041;314;177;271;2567;28865;1935
FR;9;2022-10-12;22;26;297;2983;211;199;297;2864;31848;2146
FR;9;2022-10-13;24;42;373;3976;244;223;339;3237;35824;2390
FR;9;2022-10-14;27;26;373;4385;290;250;365;3610;40209;2680
FR;9;2022-10-15;13;7;101;1048;79;263;372;3711;41257;2759
FR;9;2022-10-16;4;1;9;131;12;267;373;3720;41388;2771
FR;9;2022-10-17;4;22;165;1870;127;271;395;3885;43258;2898
FR;9;2022-10-18;34;28;308;3390;219;305;423;4193;46648;3117
FR;9;2022-10-19;20;19;259;2676;171;325;442;4452;49324;3288
FR;9;2022-10-20;20;22;308;3613;232;345;464;4760;52937;3520
FR;9;2022-10-21;14;31;323;3511;225;359;495;5083;56448;3745
FR;9;2022-10-22;10;11;89;913;62;369;506;5172;57361;3807
FR;9;2022-10-23;2;2;17;99;10;371;508;5189;57460;3817
FR;9;2022-10-24;7;16;156;1343;101;378;524;5345;58803;3918
FR;9;2022-10-25;18;22;227;2822;187;396;546;5572;61625;4105
FR;9;2022-10-26;14;15;159;1784;119;410;561;5731;63409;4224
FR;9;2022-10-27;9;26;229;2272;169;419;587;5960;65681;4393
FR;9;2022-10-28;18;26;221;2254;147;437;613;6181;67935;4540
FR;9;2022-10-29;11;8;54;502;46;448;621;6235;68437;4586
FR;9;2022-10-30;2;1;8;58;8;450;622;6243;68495;4594
FR;9;2022-10-31;12;5;102;643;56;462;627;6345;69138;4650
FR;9;2022-11-01;1;1;13;43;11;463;628;6358;69181;4661
FR;9;2022-11-02;7;10;99;986;73;470;638;6457;70167;4734
FR;9;2022-11-03;17;17;155;1569;89;487;655;6612;71736;4823
FR;9;2022-11-04;19;19;189;1673;111;506;674;6801;73409;4934
FR;9;2022-11-05;8;9;57;395;37;514;683;6858;73804;4971
FR;9;2022-11-06;5;4;5;57;2;519;687;6863;73861;4973
FR;9;2022-11-07;16;19;78;875;77;535;706;6941;74736;5050
FR;9;2022-11-08;9;16;147;1702;123;544;722;7088;76438;5173
FR;0;2020-12-27;611;0;0;0;0;611;0;0;0;0
FR;0;2020-12-28;693;1;0;0;0;1304;1;0;0;0
FR;0;2020-12-29;385;0;0;0;0;1689;1;0;0;0
FR;0;2020-12-30;444;0;0;0;0;2133;1;0;0;0
FR;0;2020-12-31;444;1;0;0;0;2577;2;0;0;0
FR;0;2021-01-01;1167;2;0;0;0;3744;4;0;0;0
FR;0;2021-01-02;365;3;0;0;0;4109;7;0;0;0
FR;0;2021-01-03;406;0;0;0;0;4515;7;0;0;0
FR;0;2021-01-04;2119;4;0;0;0;6634;11;0;0;0
FR;0;2021-01-05;7756;4;0;0;0;14390;15;0;0;0
FR;0;2021-01-06;12461;21;0;0;0;26851;36;0;0;0
FR;0;2021-01-07;29471;20;0;0;0;56322;56;0;0;0
FR;0;2021-01-08;37156;22;0;0;0;93478;78;0;0;0
FR;0;2021-01-09;11214;9;0;0;0;104692;87;0;0;0
FR;0;2021-01-10;6009;7;0;0;0;110701;94;0;0;0
FR;0;2021-01-11;39947;29;0;0;0;150648;123;0;0;0
FR;0;2021-01-12;62147;22;0;0;0;212795;145;0;0;0
FR;0;2021-01-13;65131;49;0;0;0;277926;194;0;0;0
FR;0;2021-01-14;83114;185;0;0;0;361040;379;0;0;0
FR;0;2021-01-15;69013;75;0;0;0;430053;454;0;0;0
FR;0;2021-01-16;20217;72;0;0;0;450270;526;0;0;0
FR;0;2021-01-17;10986;50;0;0;0;461256;576;0;0;0
FR;0;2021-01-18;85911;174;0;0;0;547167;750;0;0;0
FR;0;2021-01-19;130603;193;0;0;0;677770;943;0;0;0
FR;0;2021-01-20;137558;190;0;0;0;815328;1133;0;0;0
FR;0;2021-01-21;158415;188;0;0;0;973743;1321;0;0;0
FR;0;2021-01-22;121072;240;0;0;0;1094815;1561;0;0;0
FR;0;2021-01-23;38486;72;0;0;0;1133301;1633;0;0;0
FR;0;2021-01-24;9747;113;0;0;0;1143048;1746;0;0;0
FR;0;2021-01-25;78244;1375;0;0;0;1221292;3121;0;0;0
FR;0;2021-01-26;100384;3583;1;0;0;1321676;6704;1;0;0
FR;0;2021-01-27;107257;6275;0;0;0;1428933;12979;1;0;0
FR;0;2021-01-28;124366;15948;0;0;0;1553299;28927;1;0;0
FR;0;2021-01-29;92190;18450;0;0;0;1645489;47377;1;0;0
FR;0;2021-01-30;29128;4468;0;0;0;1674617;51845;1;0;0
FR;0;2021-01-31;5238;1858;0;0;0;1679855;53703;1;0;0
FR;0;2021-02-01;53138;22450;0;0;0;1732993;76153;1;0;0
FR;0;2021-02-02;72321;37297;0;0;0;1805314;113450;1;0;0
FR;0;2021-02-03;72313;39484;0;0;0;1877627;152934;1;0;0
FR;0;2021-02-04;82082;53919;0;0;0;1959709;206853;1;0;0
FR;0;2021-02-05;68239;47348;0;0;0;2027948;254201;1;0;0
FR;0;2021-02-06;23007;11207;0;0;0;2050955;265408;1;0;0
FR;0;2021-02-07;5192;5805;0;0;0;2056147;271213;1;0;0
FR;0;2021-02-08;46848;48242;0;0;0;2102995;319455;1;0;0
FR;0;2021-02-09;66025;77114;0;0;0;2169020;396569;1;0;0
FR;0;2021-02-10;71030;81864;0;0;0;2240050;478433;1;0;0
FR;0;2021-02-11;87290;104295;0;0;0;2327340;582728;1;0;0
FR;0;2021-02-12;79338;75484;0;0;0;2406678;658212;1;0;0
FR;0;2021-02-13;22384;19536;0;0;0;2429062;677748;1;0;0
FR;0;2021-02-14;5077;7365;0;0;0;2434139;685113;1;0;0
FR;0;2021-02-15;38113;76650;0;0;0;2472252;761763;1;0;0
FR;0;2021-02-16;50404;100117;0;0;0;2522656;861880;1;0;0
FR;0;2021-02-17;50544;106346;20;0;0;2573200;968226;21;0;0
FR;0;2021-02-18;69801;122644;0;0;0;2643001;1090870;21;0;0
FR;0;2021-02-19;65079;91847;1;0;0;2708080;1182717;22;0;0
FR;0;2021-02-20;18594;28676;0;0;0;2726674;1211393;22;0;0
FR;0;2021-02-21;3327;6154;0;0;0;2730001;1217547;22;0;0
FR;0;2021-02-22;37504;73198;2;0;0;2767505;1290745;24;0;0
FR;0;2021-02-23;53787;85163;1;0;0;2821292;1375908;25;0;0
FR;0;2021-02-24;60022;82609;1;0;0;2881314;1458517;26;0;0
FR;0;2021-02-25;100591;91426;1;0;0;2981905;1549943;27;0;0
FR;0;2021-02-26;113482;70823;1;0;0;3095387;1620766;28;0;0
FR;0;2021-02-27;52119;22335;1;0;0;3147506;1643101;29;0;0
FR;0;2021-02-28;6206;4185;2;0;0;3153712;1647286;31;0;0
FR;0;2021-03-01;65917;53928;1;0;0;3219629;1701214;32;0;0
FR;0;2021-03-02;101399;67109;3;0;0;3321028;1768323;35;0;0
FR;0;2021-03-03;116537;65554;0;0;0;3437565;1833877;35;0;0
FR;0;2021-03-04;163638;72008;3;0;0;3601203;1905885;38;0;0
FR;0;2021-03-05;200943;62825;3;0;0;3802146;1968710;41;0;0
FR;0;2021-03-06;207971;17532;3;0;0;4010117;1986242;44;0;0
FR;0;2021-03-07;121282;4338;1;0;0;4131399;1990580;45;0;0
FR;0;2021-03-08;107162;49838;2;0;0;4238561;2040418;47;0;0
FR;0;2021-03-09;172466;56296;2;0;0;4411027;2096714;49;0;0
FR;0;2021-03-10;179017;57083;5;0;0;4590044;2153797;54;0;0
FR;0;2021-03-11;242916;63940;2;0;0;4832960;2217737;56;0;0
FR;0;2021-03-12;294842;53388;1;0;0;5127802;2271125;57;0;0
FR;0;2021-03-13;231425;15269;1;0;0;5359227;2286394;58;0;0
FR;0;2021-03-14;63357;3143;1;0;0;5422584;2289537;59;0;0
FR;0;2021-03-15;158673;31774;3;0;0;5581257;2321311;62;0;0
FR;0;2021-03-16;141581;38992;6;0;0;5722838;2360303;68;0;0
FR;0;2021-03-17;150504;37762;4;0;0;5873342;2398065;72;0;0
FR;0;2021-03-18;167850;44473;5;0;0;6041192;2442538;77;0;0
FR;0;2021-03-19;230029;36903;2;0;0;6271221;2479441;79;0;0
FR;0;2021-03-20;166705;11435;1;0;0;6437926;2490876;80;0;0
FR;0;2021-03-21;49948;2240;1;0;0;6487874;2493116;81;0;0
FR;0;2021-03-22;170065;33663;2;0;0;6657939;2526779;83;0;0
FR;0;2021-03-23;250410;42396;1;0;0;6908349;2569175;84;0;0
FR;0;2021-03-24;256924;43550;0;0;0;7165273;2612725;84;0;0
FR;0;2021-03-25;341835;45186;5;0;0;7507108;2657911;89;0;0
FR;0;2021-03-26;358823;41885;5;1;0;7865931;2699796;94;1;0
FR;0;2021-03-27;195272;16899;1;0;0;8061203;2716695;95;1;0
FR;0;2021-03-28;59345;4416;3;0;0;8120548;2721111;98;1;0
FR;0;2021-03-29;202994;53566;4;0;0;8323542;2774677;102;1;0
FR;0;2021-03-30;285498;69909;5;0;0;8609040;2844586;107;1;0
FR;0;2021-03-31;263052;73790;4;0;0;8872092;2918376;111;1;0
FR;0;2021-04-01;315531;91936;11;0;0;9187623;3010312;122;1;0
FR;0;2021-04-02;281361;94233;7;0;0;9468984;3104545;129;1;0
FR;0;2021-04-03;141081;62415;6;0;0;9610065;3166960;135;1;0
FR;0;2021-04-04;46538;18957;2;0;0;9656603;3185917;137;1;0
FR;0;2021-04-05;63350;10528;11;0;0;9719953;3196445;148;1;0
FR;0;2021-04-06;217239;112029;17;0;0;9937192;3308474;165;1;0
FR;0;2021-04-07;260285;115331;17;0;0;10197477;3423805;182;1;0
FR;0;2021-04-08;337871;122633;14;0;0;10535348;3546438;196;1;0
FR;0;2021-04-09;410181;116683;49;0;0;10945529;3663121;245;1;0
FR;0;2021-04-10;212637;82823;15;0;0;11158166;3745944;260;1;0
FR;0;2021-04-11;56152;34207;7;0;0;11214318;3780151;267;1;0
FR;0;2021-04-12;237087;115722;46;0;0;11451405;3895873;313;1;0
FR;0;2021-04-13;309512;144275;98;1;0;11760917;4040148;411;2;0
FR;0;2021-04-14;294553;139623;215;0;0;12055470;4179771;626;2;0
FR;0;2021-04-15;337136;149866;339;0;0;12392606;4329637;965;2;0
FR;0;2021-04-16;339315;146647;354;0;0;12731921;4476284;1319;2;0
FR;0;2021-04-17;188674;89996;109;0;0;12920595;4566280;1428;2;0
FR;0;2021-04-18;51626;35434;47;0;0;12972221;4601714;1475;2;0
FR;0;2021-04-19;205719;138192;456;0;0;13177940;4739906;1931;2;0
FR;0;2021-04-20;254443;171581;569;0;0;13432383;4911487;2500;2;0
FR;0;2021-04-21;253294;169695;836;0;0;13685677;5081182;3336;2;0
FR;0;2021-04-22;287583;189910;818;0;0;13973260;5271092;4154;2;0
FR;0;2021-04-23;297770;184204;747;0;0;14271030;5455296;4901;2;0
FR;0;2021-04-24;190462;111864;252;0;0;14461492;5567160;5153;2;0
FR;0;2021-04-25;69564;38807;51;0;0;14531056;5605967;5204;2;0
FR;0;2021-04-26;220977;157838;563;0;0;14752033;5763805;5767;2;0
FR;0;2021-04-27;284627;187748;941;0;0;15036660;5951553;6708;2;0
FR;0;2021-04-28;299525;184199;1426;1;1;15336185;6135752;8134;3;1
FR;0;2021-04-29;357160;197587;1280;0;0;15693345;6333339;9414;3;1
FR;0;2021-04-30;372234;185624;1123;1;0;16065579;6518963;10537;4;1
FR;0;2021-05-01;167651;52506;179;0;0;16233230;6571469;10716;4;1
FR;0;2021-05-02;91754;37830;83;0;0;16324984;6609299;10799;4;1
FR;0;2021-05-03;288941;166498;843;0;0;16613925;6775797;11642;4;1
FR;0;2021-05-04;315698;225161;1235;0;0;16929623;7000958;12877;4;1
FR;0;2021-05-05;327219;225917;1315;0;0;17256842;7226875;14192;4;1
FR;0;2021-05-06;379541;240516;1634;0;0;17636383;7467391;15826;4;1
FR;0;2021-05-07;372778;258216;1223;0;0;18009161;7725607;17049;4;1
FR;0;2021-05-08;222170;70217;299;0;0;18231331;7795824;17348;4;1
FR;0;2021-05-09;129709;45189;243;0;0;18361040;7841013;17591;4;1
FR;0;2021-05-10;313404;229338;1237;0;0;18674444;8070351;18828;4;1
FR;0;2021-05-11;403923;258132;1566;0;0;19078367;8328483;20394;4;1
FR;0;2021-05-12;434135;233576;1543;0;0;19512502;8562059;21937;4;1
FR;0;2021-05-13;338615;56638;432;0;0;19851117;8618697;22369;4;1
FR;0;2021-05-14;454146;167412;1126;0;0;20305263;8786109;23495;4;1
FR;0;2021-05-15;374986;94274;443;0;0;20680249;8880383;23938;4;1
FR;0;2021-05-16;202760;20696;168;0;0;20883009;8901079;24106;4;1
FR;0;2021-05-17;376132;148768;1555;0;0;21259141;9049847;25661;4;1
FR;0;2021-05-18;460165;153818;1990;0;0;21719306;9203665;27651;4;1
FR;0;2021-05-19;467423;143256;2464;0;0;22186729;9346921;30115;4;1
FR;0;2021-05-20;507553;160288;2339;0;0;22694282;9507209;32454;4;1
FR;0;2021-05-21;489685;174993;1996;0;0;23183967;9682202;34450;4;1
FR;0;2021-05-22;347204;80124;670;0;0;23531171;9762326;35120;4;1
FR;0;2021-05-23;161696;14254;246;0;0;23692867;9776580;35366;4;1
FR;0;2021-05-24;263200;33130;604;0;0;23956067;9809710;35970;4;1
FR;0;2021-05-25;400286;190112;2355;1;0;24356353;9999822;38325;5;1
FR;0;2021-05-26;413461;190221;2224;0;0;24769814;10190043;40549;5;1
FR;0;2021-05-27;449822;219624;2162;0;0;25219636;10409667;42711;5;1
FR;0;2021-05-28;429561;260592;1894;0;0;25649197;10670259;44605;5;1
FR;0;2021-05-29;298990;150164;585;0;0;25948187;10820423;45190;5;1
FR;0;2021-05-30;107143;32525;164;0;0;26055330;10852948;45354;5;1
FR;0;2021-05-31;358043;203357;1471;1;1;26413373;11056305;46825;6;2
FR;0;2021-06-01;431049;251306;1965;1;1;26844422;11307611;48790;7;3
FR;0;2021-06-02;420123;231985;1984;0;0;27264545;11539596;50774;7;3
FR;0;2021-06-03;465633;257855;1825;0;0;27730178;11797451;52599;7;3
FR;0;2021-06-04;456265;305497;1734;1;1;28186443;12102948;54333;8;4
FR;0;2021-06-05;304810;189337;652;0;0;28491253;12292285;54985;8;4
FR;0;2021-06-06;133320;49050;226;0;0;28624573;12341335;55211;8;4
FR;0;2021-06-07;339994;261563;1526;0;0;28964567;12602898;56737;8;4
FR;0;2021-06-08;393899;291247;1804;0;0;29358466;12894145;58541;8;4
FR;0;2021-06-09;384883;274384;1733;0;0;29743349;13168529;60274;8;4
FR;0;2021-06-10;404196;287767;1726;1;0;30147545;13456296;62000;9;4
FR;0;2021-06-11;386671;356640;1467;1;0;30534216;13812936;63467;10;4
FR;0;2021-06-12;283274;211074;496;0;0;30817490;14024010;63963;10;4
FR;0;2021-06-13;104891;73851;204;0;0;30922381;14097861;64167;10;4
FR;0;2021-06-14;240843;354512;1427;1;0;31163224;14452373;65594;11;4
FR;0;2021-06-15;308178;384837;1573;1;0;31471402;14837210;67167;12;4
FR;0;2021-06-16;313986;357501;1418;1;0;31785388;15194711;68585;13;4
FR;0;2021-06-17;317698;372882;1429;1;0;32103086;15567593;70014;14;4
FR;0;2021-06-18;321759;442599;1340;1;0;32424845;16010192;71354;15;4
FR;0;2021-06-19;224349;273907;449;0;0;32649194;16284099;71803;15;4
FR;0;2021-06-20;74441;102380;129;0;0;32723635;16386479;71932;15;4
FR;0;2021-06-21;195782;401675;1038;1;1;32919417;16788154;72970;16;5
FR;0;2021-06-22;223211;467575;1266;10;1;33142628;17255729;74236;26;6
FR;0;2021-06-23;234041;439978;1197;1;1;33376669;17695707;75433;27;7
FR;0;2021-06-24;241872;409610;1358;0;0;33618541;18105317;76791;27;7
FR;0;2021-06-25;227648;522839;1401;0;0;33846189;18628156;78192;27;7
FR;0;2021-06-26;153266;370867;587;1;0;33999455;18999023;78779;28;7
FR;0;2021-06-27;55904;156055;168;1;0;34055359;19155078;78947;29;7
FR;0;2021-06-28;154790;452642;1176;0;0;34210149;19607720;80123;29;7
FR;0;2021-06-29;182721;507402;2123;0;0;34392870;20115122;82246;29;7
FR;0;2021-06-30;204019;485076;2014;21;2;34596889;20600198;84260;50;9
FR;0;2021-07-01;231396;458240;2223;5;1;34828285;21058438;86483;55;10
FR;0;2021-07-02;228695;520094;2120;5;2;35056980;21578532;88603;60;12
FR;0;2021-07-03;142046;368742;908;3;1;35199026;21947274;89511;63;13
FR;0;2021-07-04;56757;141065;265;0;0;35255783;22088339;89776;63;13
FR;0;2021-07-05;168523;418875;1668;8;2;35424306;22507214;91444;71;15
FR;0;2021-07-06;196777;474567;1830;45;8;35621083;22981781;93274;116;23
FR;0;2021-07-07;213212;439098;1879;25;4;35834295;23420879;95153;141;27
FR;0;2021-07-08;231654;424161;2089;20;5;36065949;23845040;97242;161;32
FR;0;2021-07-09;228622;511053;2185;4;2;36294571;24356093;99427;165;34
FR;0;2021-07-10;148624;339897;985;1;1;36443195;24695990;100412;166;35
FR;0;2021-07-11;60205;110090;283;0;0;36503400;24806080;100695;166;35
FR;0;2021-07-12;169426;477939;1763;4;0;36672826;25284019;102458;170;35
FR;0;2021-07-13;287269;526937;2049;8;1;36960095;25810956;104507;178;36
FR;0;2021-07-14;181106;157475;435;0;0;37141201;25968431;104942;178;36
FR;0;2021-07-15;347106;501909;2099;1;0;37488307;26470340;107041;179;36
FR;0;2021-07-16;380112;495371;2023;3;1;37868419;26965711;109064;182;37
FR;0;2021-07-17;259736;319702;877;1;0;38128155;27285413;109941;183;37
FR;0;2021-07-18;109722;114618;310;0;0;38237877;27400031;110251;183;37
FR;0;2021-07-19;285494;424267;1630;3;0;38523371;27824298;111881;186;37
FR;0;2021-07-20;376924;451649;1723;0;0;38900295;28275947;113604;186;37
FR;0;2021-07-21;395812;407226;1549;4;2;39296107;28683173;115153;190;39
FR;0;2021-07-22;441062;387544;1715;4;2;39737169;29070717;116868;194;41
FR;0;2021-07-23;440332;422360;1883;4;1;40177501;29493077;118751;198;42
FR;0;2021-07-24;285251;269381;804;1;0;40462752;29762458;119555;199;42
FR;0;2021-07-25;121116;79949;234;0;0;40583868;29842407;119789;199;42
FR;0;2021-07-26;347433;322465;1614;3;1;40931301;30164872;121403;202;43
FR;0;2021-07-27;464070;319561;1698;4;2;41395371;30484433;123101;206;45
FR;0;2021-07-28;459443;289523;1636;4;1;41854814;30773956;124737;210;46
FR;0;2021-07-29;489833;276358;1796;2;0;42344647;31050314;126533;212;46
FR;0;2021-07-30;461836;302516;1941;5;1;42806483;31352830;128474;217;47
FR;0;2021-07-31;285403;185047;915;1;0;43091886;31537877;129389;218;47
FR;0;2021-08-01;112031;49926;253;0;0;43203917;31587803;129642;218;47
FR;0;2021-08-02;341626;234173;1603;2;0;43545543;31821976;131245;220;47
FR;0;2021-08-03;398617;244609;1728;2;1;43944160;32066585;132973;222;48
FR;0;2021-08-04;384858;209694;1593;6;3;44329018;32276279;134566;228;51
FR;0;2021-08-05;366174;228486;1710;0;0;44695192;32504765;136276;228;51
FR;0;2021-08-06;359735;271369;1835;4;0;45054927;32776134;138111;232;51
FR;0;2021-08-07;213125;178339;756;5;1;45268052;32954473;138867;237;52
FR;0;2021-08-08;74194;63190;276;0;0;45342246;33017663;139143;237;52
FR;0;2021-08-09;258760;258844;1547;4;2;45601006;33276507;140690;241;54
FR;0;2021-08-10;306868;277316;1663;2;1;45907874;33553823;142353;243;55
FR;0;2021-08-11;279746;259722;1441;5;0;46187620;33813545;143794;248;55
FR;0;2021-08-12;271552;278193;1664;3;0;46459172;34091738;145458;251;55
FR;0;2021-08-13;252162;278113;1594;3;2;46711334;34369851;147052;254;57
FR;0;2021-08-14;145346;197132;741;0;0;46856680;34566983;147793;254;57
FR;0;2021-08-15;39389;50106;218;1;0;46896069;34617089;148011;255;57
FR;0;2021-08-16;186186;317658;1542;0;0;47082255;34934747;149553;255;57
FR;0;2021-08-17;215689;335993;1636;7;0;47297944;35270740;151189;262;57
FR;0;2021-08-18;199056;324507;1597;7;4;47497000;35595247;152786;269;61
FR;0;2021-08-19;192034;325515;1640;1;0;47689034;35920762;154426;270;61
FR;0;2021-08-20;186465;366304;1820;3;2;47875499;36287066;156246;273;63
FR;0;2021-08-21;104802;238122;708;0;0;47980301;36525188;156954;273;63
FR;0;2021-08-22;31944;87216;256;1;1;48012245;36612404;157210;274;64
FR;0;2021-08-23;140983;357090;1561;3;1;48153228;36969494;158771;277;65
FR;0;2021-08-24;162496;376717;1849;5;1;48315724;37346211;160620;282;66
FR;0;2021-08-25;151146;350782;2033;8;2;48466870;37696993;162653;290;68
FR;0;2021-08-26;142879;342776;2561;10;0;48609749;38039769;165214;300;68
FR;0;2021-08-27;148454;388292;2790;11;3;48758203;38428061;168004;311;71
FR;0;2021-08-28;90666;249608;1407;0;0;48848869;38677669;169411;311;71
FR;0;2021-08-29;27321;83347;518;1;0;48876190;38761016;169929;312;71
FR;0;2021-08-30;117420;324659;4713;6;5886;48993610;39085675;174642;318;5957
FR;0;2021-08-31;128816;334502;10188;19;11801;49122426;39420177;184830;337;17758
FR;0;2021-09-01;136142;285685;22432;8;24386;49258568;39705862;207262;345;42144
FR;0;2021-09-02;114660;247227;26518;20;28979;49373228;39953089;233780;365;71123
FR;0;2021-09-03;118312;292672;29963;24;33053;49491540;40245761;263743;389;104176
FR;0;2021-09-04;89890;217787;12585;12;14142;49581430;40463548;276328;401;118318
FR;0;2021-09-05;21359;44824;4395;2;4717;49602789;40508372;280723;403;123035
FR;0;2021-09-06;75684;180595;31956;16;34295;49678473;40688967;312679;419;157330
FR;0;2021-09-07;80309;181220;33245;43;36264;49758782;40870187;345924;462;193594
FR;0;2021-09-08;90994;206088;29666;28;32544;49849776;41076275;375590;490;226138
FR;0;2021-09-09;76950;165347;33076;27;36665;49926726;41241622;408666;517;262803
FR;0;2021-09-10;96041;203787;35739;28;40700;50022767;41445409;444405;545;303503
FR;0;2021-09-11;67165;169310;12138;19;14387;50089932;41614719;456543;564;317890
FR;0;2021-09-12;12826;32097;2778;1;3177;50102758;41646816;459321;565;321067
FR;0;2021-09-13;64563;126220;41242;35;44213;50167321;41773036;500563;600;365280
FR;0;2021-09-14;73492;129044;56373;80;62314;50240813;41902080;556936;680;427594
FR;0;2021-09-15;76642;167798;55664;58;54842;50317455;42069878;612600;738;482436
FR;0;2021-09-16;63882;114529;60095;82;60149;50381337;42184407;672695;820;542585
FR;0;2021-09-17;75084;156843;53854;71;57321;50456421;42341250;726549;891;599906
FR;0;2021-09-18;48234;139637;15601;25;17315;50504655;42480887;742150;916;617221
FR;0;2021-09-19;7907;23677;2438;1;2618;50512562;42504564;744588;917;619839
FR;0;2021-09-20;44569;93805;50082;72;50338;50557131;42598369;794670;989;670177
FR;0;2021-09-21;45892;98419;62762;76;63482;50603023;42696788;857432;1065;733659
FR;0;2021-09-22;48676;142393;55370;82;55441;50651699;42839181;912802;1147;789100
FR;0;2021-09-23;43275;92080;62396;95;63568;50694974;42931261;975198;1242;852668
FR;0;2021-09-24;52296;133313;54561;107;59207;50747270;43064574;1029759;1349;911875
FR;0;2021-09-25;35218;115639;16275;36;18300;50782488;43180213;1046034;1385;930175
FR;0;2021-09-26;5554;17804;2270;5;2327;50788042;43198017;1048304;1390;932502
FR;0;2021-09-27;33978;76929;47201;97;48177;50822020;43274946;1095505;1487;980679
FR;0;2021-09-28;36519;75251;54971;90;56564;50858539;43350197;1150476;1577;1037243
FR;0;2021-09-29;44418;100760;53365;112;54891;50902957;43450957;1203841;1689;1092134
FR;0;2021-09-30;36343;72970;57041;96;59590;50939300;43523927;1260882;1785;1151724
FR;0;2021-10-01;61705;102886;57820;108;63972;51001005;43626813;1318702;1893;1215696
FR;0;2021-10-02;39470;78439;20963;39;23366;51040475;43705252;1339665;1932;1239062
FR;0;2021-10-03;5287;10495;2532;4;2538;51045762;43715747;1342197;1936;1241600
FR;0;2021-10-04;35193;58508;52624;84;54834;51080955;43774255;1394821;2020;1296434
FR;0;2021-10-05;33926;64383;61020;135;65078;51114881;43838638;1455841;2155;1361512
FR;0;2021-10-06;42717;79296;65755;113;68349;51157598;43917934;1521596;2268;1429861
FR;0;2021-10-07;30566;62270;65431;89;68847;51188164;43980204;1587027;2357;1498708
FR;0;2021-10-08;49472;91922;77761;110;84759;51237636;44072126;1664788;2467;1583467
FR;0;2021-10-09;33673;60934;31545;35;33921;51271309;44133060;1696333;2502;1617388
FR;0;2021-10-10;4718;7430;3194;9;3476;51276027;44140490;1699527;2511;1620864
FR;0;2021-10-11;30727;49929;61043;105;64103;51306754;44190419;1760570;2616;1684967
FR;0;2021-10-12;31636;54502;70620;140;76009;51338390;44244921;1831190;2756;1760976
FR;0;2021-10-13;40155;62842;74435;136;79359;51378545;44307763;1905625;2892;1840335
FR;0;2021-10-14;30359;52882;68766;116;73828;51408904;44360645;1974391;3008;1914163
FR;0;2021-10-15;44945;75259;93243;191;103017;51453849;44435904;2067634;3199;2017180
FR;0;2021-10-16;31327;44105;36696;44;39645;51485176;44480009;2104330;3243;2056825
FR;0;2021-10-17;3889;5240;3597;2;3680;51489065;44485249;2107927;3245;2060505
FR;0;2021-10-18;29180;42385;67503;134;71363;51518245;44527634;2175430;3379;2131868
FR;0;2021-10-19;27191;45580;76411;140;81648;51545436;44573214;2251841;3519;2213516
FR;0;2021-10-20;35336;52438;96943;181;101550;51580772;44625652;2348784;3700;2315066
FR;0;2021-10-21;26158;45180;83975;112;89156;51606930;44670832;2432759;3812;2404222
FR;0;2021-10-22;38445;62508;104908;200;112610;51645375;44733340;2537667;4012;2516832
FR;0;2021-10-23;27028;41201;45461;57;48629;51672403;44774541;2583128;4069;2565461
FR;0;2021-10-24;2943;4764;3684;6;3927;51675346;44779305;2586812;4075;2569388
FR;0;2021-10-25;26091;36257;82339;144;86663;51701437;44815562;2669151;4219;2656051
FR;0;2021-10-26;23766;35036;87263;166;92386;51725203;44850598;2756414;4385;2748437
FR;0;2021-10-27;30103;46343;109011;257;114712;51755306;44896941;2865425;4642;2863149
FR;0;2021-10-28;23605;34957;88728;153;94506;51778911;44931898;2954153;4795;2957655
FR;0;2021-10-29;31579;51486;117329;206;125384;51810490;44983384;3071482;5001;3083039
FR;0;2021-10-30;20571;33230;50355;76;53402;51831061;45016614;3121837;5077;3136441
FR;0;2021-10-31;2516;3734;3593;3;3880;51833577;45020348;3125430;5080;3140321
FR;0;2021-11-01;8524;4863;3216;3;3580;51842101;45025211;3128646;5083;3143901
FR;0;2021-11-02;26369;40123;93591;156;99624;51868470;45065334;3222237;5239;3243525
FR;0;2021-11-03;30121;47951;118910;220;125866;51898591;45113285;3341147;5459;3369391
FR;0;2021-11-04;23817;37515;107582;217;114459;51922408;45150800;3448729;5676;3483850
FR;0;2021-11-05;32401;52979;141654;236;151409;51954809;45203779;3590383;5912;3635259
FR;0;2021-11-06;21544;34568;64889;123;68314;51976353;45238347;3655272;6035;3703573
FR;0;2021-11-07;2425;4175;5201;6;5598;51978778;45242522;3660473;6041;3709171
FR;0;2021-11-08;20624;37777;127211;227;134326;51999402;45280299;3787684;6268;3843497
FR;0;2021-11-09;22406;44712;161710;339;172289;52021808;45325011;3949394;6607;4015786
FR;0;2021-11-10;31590;54981;187032;446;198843;52053398;45379992;4136426;7053;4214629
FR;0;2021-11-11;4729;6761;12981;28;13968;52058127;45386753;4149407;7081;4228597
FR;0;2021-11-12;29086;55101;183799;252;197417;52087213;45441854;4333206;7333;4426014
FR;0;2021-11-13;20352;32627;80716;118;86343;52107565;45474481;4413922;7451;4512357
FR;0;2021-11-14;2359;3876;7177;6;7846;52109924;45478357;4421099;7457;4520203
FR;0;2021-11-15;20491;38655;160881;312;171608;52130415;45517012;4581980;7769;4691811
FR;0;2021-11-16;23650;43961;200440;394;215112;52154065;45560973;4782420;8163;4906923
FR;0;2021-11-17;30518;50314;199874;406;212925;52184583;45611287;4982294;8569;5119848
FR;0;2021-11-18;23436;45674;191700;468;205615;52208019;45656961;5173994;9037;5325463
FR;0;2021-11-19;33680;61370;243248;551;262247;52241699;45718331;5417242;9588;5587710
FR;0;2021-11-20;25409;36693;102173;206;109724;52267108;45755024;5519415;9794;5697434
FR;0;2021-11-21;2648;4468;9663;19;10615;52269756;45759492;5529078;9813;5708049
FR;0;2021-11-22;22805;33198;180405;470;194885;52292561;45792690;5709483;10283;5902934
FR;0;2021-11-23;25721;45553;229432;549;247895;52318282;45838243;5938915;10832;6150829
FR;0;2021-11-24;31802;53717;224840;715;243292;52350084;45891960;6163755;11547;6394121
FR;0;2021-11-25;25637;49207;255972;739;277840;52375721;45941167;6419727;12286;6671961
FR;0;2021-11-26;33258;74816;379520;867;414708;52408979;46015983;6799247;13153;7086669
FR;0;2021-11-27;23495;49670;214936;389;236718;52432474;46065653;7014183;13542;7323387
FR;0;2021-11-28;3514;10509;56767;66;63326;52435988;46076162;7070950;13608;7386713
FR;0;2021-11-29;19421;54166;341515;864;371788;52455409;46130328;7412465;14472;7758501
FR;0;2021-11-30;24777;71963;457428;988;500830;52480186;46202291;7869893;15460;8259331
FR;0;2021-12-01;27372;75737;469149;1162;511383;52507558;46278028;8339042;16622;8770714
FR;0;2021-12-02;22100;71755;527165;1280;574959;52529658;46349783;8866207;17902;9345673
FR;0;2021-12-03;25560;93065;596442;1420;651216;52555218;46442848;9462649;19322;9996889
FR;0;2021-12-04;18319;60480;336257;692;369837;52573537;46503328;9798906;20014;10366726
FR;0;2021-12-05;4154;16163;95794;157;107050;52577691;46519491;9894700;20171;10473776
FR;0;2021-12-06;28421;72923;493186;1175;540002;52606112;46592414;10387886;21346;11013778
FR;0;2021-12-07;23539;91428;645453;1773;706400;52629651;46683842;11033339;23119;11720178
FR;0;2021-12-08;25501;92182;591659;1874;647576;52655152;46776024;11624998;24993;12367754
FR;0;2021-12-09;24061;94222;663170;2181;726552;52679213;46870246;12288168;27174;13094306
FR;0;2021-12-10;28059;111099;736114;2075;806273;52707272;46981345;13024282;29249;13900579
FR;0;2021-12-11;20251;76198;435211;988;480428;52727523;47057543;13459493;30237;14381007
FR;0;2021-12-12;5660;23191;142322;262;159210;52733183;47080734;13601815;30499;14540217
FR;0;2021-12-13;21354;90967;587708;1699;649325;52754537;47171701;14189523;32198;15189542
FR;0;2021-12-14;27980;118476;765656;2654;847603;52782517;47290177;14955179;34852;16037145
FR;0;2021-12-15;28438;114439;694390;2266;769179;52810955;47404616;15649569;37118;16806324
FR;0;2021-12-16;28030;115897;764090;2557;844522;52838985;47520513;16413659;39675;17650846
FR;0;2021-12-17;31651;128547;807927;2712;892080;52870636;47649060;17221586;42387;18542926
FR;0;2021-12-18;24938;81655;469996;1178;522238;52895574;47730715;17691582;43565;19065164
FR;0;2021-12-19;8758;28655;169412;376;191083;52904332;47759370;17860994;43941;19256247
FR;0;2021-12-20;31751;97381;591536;1786;658797;52936083;47856751;18452530;45727;19915044
FR;0;2021-12-21;39457;112166;682457;2392;759631;52975540;47968917;19134987;48119;20674675
FR;0;2021-12-22;39552;99420;575802;2168;642164;53015092;48068337;19710789;50287;21316839
FR;0;2021-12-23;33782;79590;441034;1657;494415;53048874;48147927;20151823;51944;21811254
FR;0;2021-12-24;10695;26107;111038;398;126673;53059569;48174034;20262861;52342;21937927
FR;0;2021-12-25;776;3586;7593;25;9029;53060345;48177620;20270454;52367;21946956
FR;0;2021-12-26;4697;11892;52098;142;60144;53065042;48189512;20322552;52509;22007100
FR;0;2021-12-27;30508;84056;453578;1364;509200;53095550;48273568;20776130;53873;22516300
FR;0;2021-12-28;38367;99027;564187;1769;632299;53133917;48372595;21340317;55642;23148599
FR;0;2021-12-29;39877;88366;501226;1687;561027;53173794;48460961;21841543;57329;23709626
FR;0;2021-12-30;35923;75214;421045;1521;471159;53209717;48536175;22262588;58850;24180785
FR;0;2021-12-31;12048;25137;116886;405;131674;53221765;48561312;22379474;59255;24312459
FR;0;2022-01-01;1573;3222;8522;37;9944;53223338;48564534;22387996;59292;24322403
FR;0;2022-01-02;6118;13019;58421;125;66952;53229456;48577553;22446417;59417;24389355
FR;0;2022-01-03;37461;90283;494843;1596;551732;53266917;48667836;22941260;61013;24941087
FR;0;2022-01-04;42027;111138;641398;2306;714382;53308944;48778974;23582658;63319;25655469
FR;0;2022-01-05;61122;103714;569190;1984;634216;53370066;48882688;24151848;65303;26289685
FR;0;2022-01-06;44281;110412;638987;2697;711474;53414347;48993100;24790835;68000;27001159
FR;0;2022-01-07;50824;123458;711008;2810;790528;53465171;49116558;25501843;70810;27791687
FR;0;2022-01-08;45007;80337;423813;1213;472893;53510178;49196895;25925656;72023;28264580
FR;0;2022-01-09;15610;26631;128566;300;145666;53525788;49223526;26054222;72323;28410246
FR;0;2022-01-10;35387;93402;469339;1812;522752;53561175;49316928;26523561;74135;28932998
FR;0;2022-01-11;41930;100541;548262;2306;608514;53603105;49417469;27071823;76441;29541512
FR;0;2022-01-12;60405;95795;452697;1968;504361;53663510;49513264;27524520;78409;30045873
FR;0;2022-01-13;38256;92618;487362;2085;541053;53701766;49605882;28011882;80494;30586926
FR;0;2022-01-14;42576;103442;568614;2286;629032;53744342;49709324;28580496;82780;31215958
FR;0;2022-01-15;39419;65928;340134;985;377563;53783761;49775252;28920630;83765;31593521
FR;0;2022-01-16;11410;19254;87431;216;99420;53795171;49794506;29008061;83981;31692941
FR;0;2022-01-17;24734;60117;320288;1382;354161;53819905;49854623;29328349;85363;32047102
FR;0;2022-01-18;28324;68784;361091;1801;397572;53848229;49923407;29689440;87164;32444674
FR;0;2022-01-19;43214;67122;281300;1450;311077;53891443;49990529;29970740;88614;32755751
FR;0;2022-01-20;23663;59682;299016;1741;328513;53915106;50050211;30269756;90355;33084264
FR;0;2022-01-21;28202;68885;366372;2086;401206;53943308;50119096;30636128;92441;33485470
FR;0;2022-01-22;27624;48011;218792;839;241768;53970932;50167107;30854920;93280;33727238
FR;0;2022-01-23;6738;12988;48680;173;55172;53977670;50180095;30903600;93453;33782410
FR;0;2022-01-24;16270;47507;217317;1140;239341;53993940;50227602;31120917;94593;34021751
FR;0;2022-01-25;19027;54394;243059;1546;267087;54012967;50281996;31363976;96139;34288838
FR;0;2022-01-26;28145;60535;209285;1298;229492;54041112;50342531;31573261;97437;34518330
FR;0;2022-01-27;16332;46428;207647;1277;225981;54057444;50388959;31780908;98714;34744311
FR;0;2022-01-28;21584;78759;290057;1572;321367;54079028;50467718;32070965;100286;35065678
FR;0;2022-01-29;18419;52900;184131;689;204588;54097447;50520618;32255096;100975;35270266
FR;0;2022-01-30;4474;14511;39142;124;45084;54101921;50535129;32294238;101099;35315350
FR;0;2022-01-31;11256;43976;148205;741;164767;54113177;50579105;32442443;101840;35480117
FR;0;2022-02-01;13625;48368;174121;1143;191387;54126802;50627473;32616564;102983;35671504
FR;0;2022-02-02;20595;66374;171535;1034;190111;54147397;50693847;32788099;104017;35861615
FR;0;2022-02-03;11482;44803;157557;989;173314;54158879;50738650;32945656;105006;36034929
FR;0;2022-02-04;14624;66551;239253;1266;264147;54173503;50805201;33184909;106272;36299076
FR;0;2022-02-05;12895;51482;153550;523;172324;54186398;50856683;33338459;106795;36471400
FR;0;2022-02-06;2725;12181;28893;101;33834;54189123;50868864;33367352;106896;36505234
FR;0;2022-02-07;9567;46687;156881;592;176311;54198690;50915551;33524233;107488;36681545
FR;0;2022-02-08;9798;43086;166633;867;184426;54208488;50958637;33690866;108355;36865971
FR;0;2022-02-09;14374;58243;172340;873;193048;54222862;51016880;33863206;109228;37059019
FR;0;2022-02-10;8717;39150;150230;877;166705;54231579;51056030;34013436;110105;37225724
FR;0;2022-02-11;10858;55671;218505;1101;243098;54242437;51111701;34231941;111206;37468822
FR;0;2022-02-12;8404;40955;134722;465;151750;54250841;51152656;34366663;111671;37620572
FR;0;2022-02-13;1930;8601;26564;86;30924;54252771;51161257;34393227;111757;37651496
FR;0;2022-02-14;6987;35246;148376;484;166371;54259758;51196503;34541603;112241;37817867
FR;0;2022-02-15;7061;36212;146979;751;162565;54266819;51232715;34688582;112992;37980432
FR;0;2022-02-16;9405;42969;132534;720;146752;54276224;51275684;34821116;113712;38127184
FR;0;2022-02-17;5575;24326;87301;585;94872;54281799;51300010;34908417;114297;38222056
FR;0;2022-02-18;6992;33575;119663;805;129326;54288791;51333585;35028080;115102;38351382
FR;0;2022-02-19;5368;24550;70025;370;77335;54294159;51358135;35098105;115472;38428717
FR;0;2022-02-20;1148;4656;12171;39;13950;54295307;51362791;35110276;115511;38442667
FR;0;2022-02-21;4092;17883;61954;351;67181;54299399;51380674;35172230;115862;38509848
FR;0;2022-02-22;4454;18652;60832;576;64474;54303853;51399326;35233062;116438;38574322
FR;0;2022-02-23;6589;27350;66493;591;71890;54310442;51426676;35299555;117029;38646212
FR;0;2022-02-24;3849;15494;50423;519;53244;54314291;51442170;35349978;117548;38699456
FR;0;2022-02-25;5278;24054;76361;803;80094;54319569;51466224;35426339;118351;38779550
FR;0;2022-02-26;3990;17766;47416;359;51483;54323559;51483990;35473755;118710;38831033
FR;0;2022-02-27;880;3008;8035;47;8946;54324439;51486998;35481790;118757;38839979
FR;0;2022-02-28;3123;12540;40482;359;42916;54327562;51499538;35522272;119116;38882895
FR;0;2022-03-01;3987;12603;44190;436;44863;54331549;51512141;35566462;119552;38927758
FR;0;2022-03-02;5319;17790;47135;445;49067;54336868;51529931;35613597;119997;38976825
FR;0;2022-03-03;2816;9338;29892;368;30015;54339684;51539269;35643489;120365;39006840
FR;0;2022-03-04;3223;12424;40301;667;39452;54342907;51551693;35683790;121032;39046292
FR;0;2022-03-05;3071;9281;24955;312;25118;54345978;51560974;35708745;121344;39071410
FR;0;2022-03-06;520;1399;3198;43;3441;54346498;51562373;35711943;121387;39074851
FR;0;2022-03-07;2315;5625;18429;315;17698;54348813;51567998;35730372;121702;39092549
FR;0;2022-03-08;2128;6073;19447;361;17917;54350941;51574071;35749819;122063;39110466
FR;0;2022-03-09;3578;10500;22181;405;21279;54354519;51584571;35772000;122468;39131745
FR;0;2022-03-10;1821;5807;16989;344;15818;54356340;51590378;35788989;122812;39147563
FR;0;2022-03-11;2414;7551;24499;542;22267;54358754;51597929;35813488;123354;39169830
FR;0;2022-03-12;2680;6774;17161;308;16515;54361434;51604703;35830649;123662;39186345
FR;0;2022-03-13;402;790;2324;149;2273;54361836;51605493;35832973;123811;39188618
FR;0;2022-03-14;1543;4272;14978;4409;13833;54363379;51609765;35847951;128220;39202451
FR;0;2022-03-15;1733;6293;16376;7551;14608;54365112;51616058;35864327;135771;39217059
FR;0;2022-03-16;3034;7396;19424;13137;18101;54368146;51623454;35883751;148908;39235160
FR;0;2022-03-17;1452;3984;13143;10847;11986;54369598;51627438;35896894;159755;39247146
FR;0;2022-03-18;2269;5754;20001;18302;18097;54371867;51633192;35916895;178057;39265243
FR;0;2022-03-19;2291;4803;13114;9401;12416;54374158;51637995;35930009;187458;39277659
FR;0;2022-03-20;300;734;1919;1073;1930;54374458;51638729;35931928;188531;39279589
FR;0;2022-03-21;1391;3216;12718;14937;11942;54375849;51641945;35944646;203468;39291531
FR;0;2022-03-22;1508;3734;13797;20542;12552;54377357;51645679;35958443;224010;39304083
FR;0;2022-03-23;2680;6279;17720;23151;17236;54380037;51651958;35976163;247161;39321319
FR;0;2022-03-24;1404;3156;11589;17608;10676;54381441;51655114;35987752;264769;39331995
FR;0;2022-03-25;2082;5151;18569;27758;16907;54383523;51660265;36006321;292527;39348902
FR;0;2022-03-26;2230;4412;12077;12678;11517;54385753;51664677;36018398;305205;39360419
FR;0;2022-03-27;360;693;1907;1481;1941;54386113;51665370;36020305;306686;39362360
FR;0;2022-03-28;1462;3073;11125;17488;10616;54387575;51668443;36031430;324174;39372976
FR;0;2022-03-29;1452;3269;12903;27572;12049;54389027;51671712;36044333;351746;39385025
FR;0;2022-03-30;2847;5501;15680;27410;15072;54391874;51677213;36060013;379156;39400097
FR;0;2022-03-31;1611;3562;12979;25002;12311;54393485;51680775;36072992;404158;39412408
FR;0;2022-04-01;2676;4580;20053;30880;18695;54396161;51685355;36093045;435038;39431103
FR;0;2022-04-02;1530;2639;9047;10119;8706;54397691;51687994;36102092;445157;39439809
FR;0;2022-04-03;289;513;1561;1170;1578;54397980;51688507;36103653;446327;39441387
FR;0;2022-04-04;2311;2878;12368;19115;11574;54400291;51691385;36116021;465442;39452961
FR;0;2022-04-05;2248;3152;14336;34094;13187;54402539;51694537;36130357;499536;39466148
FR;0;2022-04-06;2435;3933;13532;26479;12800;54404974;51698470;36143889;526015;39478948
FR;0;2022-04-07;1606;3114;13669;33762;12881;54406580;51701584;36157558;559777;39491829
FR;0;2022-04-08;2074;4236;19217;43961;17826;54408654;51705820;36176775;603738;39509655
FR;0;2022-04-09;1364;2675;9312;13563;8864;54410018;51708495;36186087;617301;39518519
FR;0;2022-04-10;291;701;1982;2015;2002;54410309;51709196;36188069;619316;39520521
FR;0;2022-04-11;1308;2603;11864;23888;11472;54411617;51711799;36199933;643204;39531993
FR;0;2022-04-12;1686;3022;14013;40890;13384;54413303;51714821;36213946;684094;39545377
FR;0;2022-04-13;1959;3687;13407;33093;13028;54415262;51718508;36227353;717187;39558405
FR;0;2022-04-14;1488;2916;13208;36305;13054;54416750;51721424;36240561;753492;39571459
FR;0;2022-04-15;1851;3513;15625;35557;14881;54418601;51724937;36256186;789049;39586340
FR;0;2022-04-16;1041;1827;6396;8536;6252;54419642;51726764;36262582;797585;39592592
FR;0;2022-04-17;193;336;992;1172;1035;54419835;51727100;36263574;798757;39593627
FR;0;2022-04-18;195;528;2765;1070;2784;54420030;51727628;36266339;799827;39596411
FR;0;2022-04-19;1525;3008;12909;29655;12470;54421555;51730636;36279248;829482;39608881
FR;0;2022-04-20;1988;3452;13300;29033;12976;54423543;51734088;36292548;858515;39621857
FR;0;2022-04-21;1510;2848;12538;35171;12609;54425053;51736936;36305086;893686;39634466
FR;0;2022-04-22;1861;3604;16468;37593;15830;54426914;51740540;36321554;931279;39650296
FR;0;2022-04-23;1144;2061;7383;10656;7233;54428058;51742601;36328937;941935;39657529
FR;0;2022-04-24;250;461;1475;1588;1413;54428308;51743062;36330412;943523;39658942
FR;0;2022-04-25;1301;2530;10678;21013;10485;54429609;51745592;36341090;964536;39669427
FR;0;2022-04-26;1621;3002;13662;38577;13107;54431230;51748594;36354752;1003113;39682534
FR;0;2022-04-27;1959;3059;11535;30985;11591;54433189;51751653;36366287;1034098;39694125
FR;0;2022-04-28;1565;2757;12525;36196;12267;54434754;51754410;36378812;1070294;39706392
FR;0;2022-04-29;2006;4790;15546;37235;14921;54436760;51759200;36394358;1107529;39721313
FR;0;2022-04-30;1211;1956;6926;9708;6753;54437971;51761156;36401284;1117237;39728066
FR;0;2022-05-01;218;323;913;996;907;54438189;51761479;36402197;1118233;39728973
FR;0;2022-05-02;1898;2931;11146;18135;10965;54440087;51764410;36413343;1136368;39739938
FR;0;2022-05-03;1922;3252;13715;34666;13556;54442009;51767662;36427058;1171034;39753494
FR;0;2022-05-04;1898;3284;12179;25623;12293;54443907;51770946;36439237;1196657;39765787
FR;0;2022-05-05;1759;2920;13037;33564;12885;54445666;51773866;36452274;1230221;39778672
FR;0;2022-05-06;2206;3652;15343;36777;14851;54447872;51777518;36467617;1266998;39793523
FR;0;2022-05-07;1203;1778;6461;9606;6452;54449075;51779296;36474078;1276604;39799975
FR;0;2022-05-08;267;399;1172;1546;1233;54449342;51779695;36475250;1278150;39801208
FR;0;2022-05-09;1355;2295;9922;20252;9792;54450697;51781990;36485172;1298402;39811000
FR;0;2022-05-10;1758;3252;13561;38946;13117;54452455;51785242;36498733;1337348;39824117
FR;0;2022-05-11;1991;2998;10744;27909;10688;54454446;51788240;36509477;1365257;39834805
FR;0;2022-05-12;1583;2703;11366;35683;11036;54456029;51790943;36520843;1400940;39845841
FR;0;2022-05-13;1970;3211;13749;37848;13336;54457999;51794154;36534592;1438788;39859177
FR;0;2022-05-14;1147;1635;5936;10772;5800;54459146;51795789;36540528;1449560;39864977
FR;0;2022-05-15;280;470;1278;1436;1360;54459426;51796259;36541806;1450996;39866337
FR;0;2022-05-16;1191;2029;8681;21035;8676;54460617;51798288;36550487;1472031;39875013
FR;0;2022-05-17;1586;2591;11817;37857;11395;54462203;51800879;36562304;1509888;39886408
FR;0;2022-05-18;1805;2644;9685;27141;9659;54464008;51803523;36571989;1537029;39896067
FR;0;2022-05-19;1436;2646;10569;35826;10708;54465444;51806169;36582558;1572855;39906775
FR;0;2022-05-20;1873;3112;13415;39351;12908;54467317;51809281;36595973;1612206;39919683
FR;0;2022-05-21;1158;1704;5660;9896;5532;54468475;51810985;36601633;1622102;39925215
FR;0;2022-05-22;238;340;1026;1437;1014;54468713;51811325;36602659;1623539;39926229
FR;0;2022-05-23;1174;2116;8876;20341;8826;54469887;51813441;36611535;1643880;39935055
FR;0;2022-05-24;1538;2753;11355;38852;11226;54471425;51816194;36622890;1682732;39946281
FR;0;2022-05-25;1812;2824;9340;24820;9472;54473237;51819018;36632230;1707552;39955753
FR;0;2022-05-26;207;418;1661;1197;1671;54473444;51819436;36633891;1708749;39957424
FR;0;2022-05-27;1378;2461;9256;21283;8998;54474822;51821897;36643147;1730032;39966422
FR;0;2022-05-28;664;1259;3913;6788;3964;54475486;51823156;36647060;1736820;39970386
FR;0;2022-05-29;156;315;751;918;772;54475642;51823471;36647811;1737738;39971158
FR;0;2022-05-30;1023;1948;6993;19290;7008;54476665;51825419;36654804;1757028;39978166
FR;0;2022-05-31;1487;2496;9816;35652;9637;54478152;51827915;36664620;1792680;39987803
FR;0;2022-06-01;1722;3088;11017;24524;10883;54479874;51831003;36675637;1817204;39998686
FR;0;2022-06-02;1472;2605;11301;35529;10846;54481346;51833608;36686938;1852733;40009532
FR;0;2022-06-03;1721;3063;13384;38710;12747;54483067;51836671;36700322;1891443;40022279
FR;0;2022-06-04;968;1515;5041;9109;5113;54484035;51838186;36705363;1900552;40027392
FR;0;2022-06-05;176;332;875;1106;884;54484211;51838518;36706238;1901658;40028276
FR;0;2022-06-06;437;1140;2112;1267;2125;54484648;51839658;36708350;1902925;40030401
FR;0;2022-06-07;1383;2679;9848;35572;9427;54486031;51842337;36718198;1938497;40039828
FR;0;2022-06-08;1550;2685;9161;28713;9003;54487581;51845022;36727359;1967210;40048831
FR;0;2022-06-09;1284;2432;10612;39477;10255;54488865;51847454;36737971;2006687;40059086
FR;0;2022-06-10;1623;2933;13070;44790;12616;54490488;51850387;36751041;2051477;40071702
FR;0;2022-06-11;956;1732;5431;11621;5464;54491444;51852119;36756472;2063098;40077166
FR;0;2022-06-12;197;440;1072;1761;1133;54491641;51852559;36757544;2064859;40078299
FR;0;2022-06-13;1083;2051;7429;23174;7260;54492724;51854610;36764973;2088033;40085559
FR;0;2022-06-14;1315;2501;10444;44925;9799;54494039;51857111;36775417;2132958;40095358
FR;0;2022-06-15;1504;2431;9316;30875;8947;54495543;51859542;36784733;2163833;40104305
FR;0;2022-06-16;1172;2025;9905;39884;9313;54496715;51861567;36794638;2203717;40113618
FR;0;2022-06-17;1478;2834;12463;46619;11891;54498193;51864401;36807101;2250336;40125509
FR;0;2022-06-18;852;1518;4563;11123;4497;54499045;51865919;36811664;2261459;40130006
FR;0;2022-06-19;180;362;1058;1615;1130;54499225;51866281;36812722;2263074;40131136
FR;0;2022-06-20;1020;1915;8904;26065;8565;54500245;51868196;36821626;2289139;40139701
FR;0;2022-06-21;1321;2395;10301;49879;9329;54501566;51870591;36831927;2339018;40149030
FR;0;2022-06-22;1385;2493;8909;39031;8414;54502951;51873084;36840836;2378049;40157444
FR;0;2022-06-23;1223;2355;10674;55078;9882;54504174;51875439;36851510;2433127;40167326
FR;0;2022-06-24;1484;2982;13635;69152;12295;54505658;51878421;36865145;2502279;40179621
FR;0;2022-06-25;936;1778;6227;19913;5982;54506594;51880199;36871372;2522192;40185603
FR;0;2022-06-26;228;460;1953;3688;1817;54506822;51880659;36873325;2525880;40187420
FR;0;2022-06-27;1126;2014;10491;48469;9633;54507948;51882673;36883816;2574349;40197053
FR;0;2022-06-28;1453;2806;14661;91346;13082;54509401;51885479;36898477;2665695;40210135
FR;0;2022-06-29;1707;2820;12288;71846;11235;54511108;51888299;36910765;2737541;40221370
FR;0;2022-06-30;1525;2691;14385;95148;12466;54512633;51890990;36925150;2832689;40233836
FR;0;2022-07-01;1988;3789;21484;115918;18838;54514621;51894779;36946634;2948607;40252674
FR;0;2022-07-02;1077;1853;8518;35748;7698;54515698;51896632;36955152;2984355;40260372
FR;0;2022-07-03;290;538;2091;6452;1893;54515988;51897170;36957243;2990807;40262265
FR;0;2022-07-04;1620;3170;14687;79188;12960;54517608;51900340;36971930;3069995;40275225
FR;0;2022-07-05;1703;3111;18824;133222;16002;54519311;51903451;36990754;3203217;40291227
FR;0;2022-07-06;1812;2763;15845;99551;13632;54521123;51906214;37006599;3302768;40304859
FR;0;2022-07-07;1703;2861;17990;125985;14768;54522826;51909075;37024589;3428753;40319627
FR;0;2022-07-08;1884;3142;20745;137062;16758;54524710;51912217;37045334;3565815;40336385
FR;0;2022-07-09;865;1451;7739;37918;6685;54525575;51913668;37053073;3603733;40343070
FR;0;2022-07-10;261;516;2344;7002;2125;54525836;51914184;37055417;3610735;40345195
FR;0;2022-07-11;1420;2449;15011;88252;12497;54527256;51916633;37070428;3698987;40357692
FR;0;2022-07-12;1790;3081;20523;143934;16715;54529046;51919714;37090951;3842921;40374407
FR;0;2022-07-13;1723;2716;15679;94520;13251;54530769;51922430;37106630;3937441;40387658
FR;0;2022-07-14;179;364;1952;5533;1831;54530948;51922794;37108582;3942974;40389489
FR;0;2022-07-15;1472;2551;15111;84432;12594;54532420;51925345;37123693;4027406;40402083
FR;0;2022-07-16;617;1175;5945;24974;5152;54533037;51926520;37129638;4052380;40407235
FR;0;2022-07-17;176;389;1736;4660;1566;54533213;51926909;37131374;4057040;40408801
FR;0;2022-07-18;1127;2239;11817;61791;9962;54534340;51929148;37143191;4118831;40418763
FR;0;2022-07-19;1412;2338;15462;103644;12282;54535752;51931486;37158653;4222475;40431045
FR;0;2022-07-20;1412;2280;12948;77549;10724;54537164;51933766;37171601;4300024;40441769
FR;0;2022-07-21;1273;2154;13082;88202;10484;54538437;51935920;37184683;4388226;40452253
FR;0;2022-07-22;1398;2445;14798;89448;11942;54539835;51938365;37199481;4477674;40464195
FR;0;2022-07-23;670;1300;5527;22475;4852;54540505;51939665;37205008;4500149;40469047
FR;0;2022-07-24;183;349;1397;3900;1238;54540688;51940014;37206405;4504049;40470285
FR;0;2022-07-25;1052;1785;9482;48055;7830;54541740;51941799;37215887;4552104;40478115
FR;0;2022-07-26;1287;2204;13293;85403;10818;54543027;51944003;37229180;4637507;40488933
FR;0;2022-07-27;1217;1995;10217;61218;8509;54544244;51945998;37239397;4698725;40497442
FR;0;2022-07-28;1088;1856;10301;64348;8211;54545332;51947854;37249698;4763073;40505653
FR;0;2022-07-29;1280;2037;10978;65808;8736;54546612;51949891;37260676;4828881;40514389
FR;0;2022-07-30;496;851;3516;15272;2970;54547108;51950742;37264192;4844153;40517359
FR;0;2022-07-31;151;288;929;2437;788;54547259;51951030;37265121;4846590;40518147
FR;0;2022-08-01;835;1497;7578;30226;6375;54548094;51952527;37272699;4876816;40524522
FR;0;2022-08-02;1016;1627;8559;56071;6869;54549110;51954154;37281258;4932887;40531391
FR;0;2022-08-03;831;1249;6402;38661;5123;54549941;51955403;37287660;4971548;40536514
FR;0;2022-08-04;729;1176;6562;43104;5289;54550670;51956579;37294222;5014652;40541803
FR;0;2022-08-05;849;1353;7081;44919;5654;54551519;51957932;37301303;5059571;40547457
FR;0;2022-08-06;336;552;2098;9366;1755;54551855;51958484;37303401;5068937;40549212
FR;0;2022-08-07;101;155;535;1621;453;54551956;51958639;37303936;5070558;40549665
FR;0;2022-08-08;555;939;4008;22088;3264;54552511;51959578;37307944;5092646;40552929
FR;0;2022-08-09;684;1131;5959;39930;4790;54553195;51960709;37313903;5132576;40557719
FR;0;2022-08-10;627;1102;4652;28032;3788;54553822;51961811;37318555;5160608;40561507
FR;0;2022-08-11;614;1017;4474;29201;3691;54554436;51962828;37323029;5189809;40565198
FR;0;2022-08-12;706;1138;4736;28200;3908;54555142;51963966;37327765;5218009;40569106
FR;0;2022-08-13;209;403;1294;5250;1116;54555351;51964369;37329059;5223259;40570222
FR;0;2022-08-14;70;120;287;920;245;54555421;51964489;37329346;5224179;40570467
FR;0;2022-08-15;78;171;602;562;549;54555499;51964660;37329948;5224741;40571016
FR;0;2022-08-16;617;1051;3948;22164;3339;54556116;51965711;37333896;5246905;40574355
FR;0;2022-08-17;627;1007;3879;22852;3280;54556743;51966718;37337775;5269757;40577635
FR;0;2022-08-18;608;971;4082;26274;3224;54557351;51967689;37341857;5296031;40580859
FR;0;2022-08-19;601;1147;4477;27216;3680;54557952;51968836;37346334;5323247;40584539
FR;0;2022-08-20;289;486;1350;5559;1162;54558241;51969322;37347684;5328806;40585701
FR;0;2022-08-21;94;133;299;1007;263;54558335;51969455;37347983;5329813;40585964
FR;0;2022-08-22;543;974;3269;15333;2792;54558878;51970429;37351252;5345146;40588756
FR;0;2022-08-23;706;1165;4286;28987;3601;54559584;51971594;37355538;5374133;40592357
FR;0;2022-08-24;652;924;3486;19527;2849;54560236;51972518;37359024;5393660;40595206
FR;0;2022-08-25;619;1007;3925;23391;3272;54560855;51973525;37362949;5417051;40598478
FR;0;2022-08-26;848;1245;4470;25868;3659;54561703;51974770;37367419;5442919;40602137
FR;0;2022-08-27;291;494;1377;5461;1243;54561994;51975264;37368796;5448380;40603380
FR;0;2022-08-28;123;158;303;915;287;54562117;51975422;37369099;5449295;40603667
FR;0;2022-08-29;616;959;3068;14630;2604;54562733;51976381;37372167;5463925;40606271
FR;0;2022-08-30;839;1204;4784;28519;3906;54563572;51977585;37376951;5492444;40610177
FR;0;2022-08-31;682;937;3191;17591;2703;54564254;51978522;37380142;5510035;40612880
FR;0;2022-09-01;712;967;4450;22445;3795;54564966;51979489;37384592;5532480;40616675
FR;0;2022-09-02;862;1125;5026;28594;4239;54565828;51980614;37389618;5561074;40620914
FR;0;2022-09-03;415;554;1915;6077;1656;54566243;51981168;37391533;5567151;40622570
FR;0;2022-09-04;130;149;351;871;347;54566373;51981317;37391884;5568022;40622917
FR;0;2022-09-05;609;676;3117;16047;2594;54566982;51981993;37395001;5584069;40625511
FR;0;2022-09-06;790;1002;4715;31805;3849;54567772;51982995;37399716;5615874;40629360
FR;0;2022-09-07;635;758;2990;16768;2469;54568407;51983753;37402706;5632642;40631829
FR;0;2022-09-08;614;841;3794;24812;3128;54569021;51984594;37406500;5657454;40634957
FR;0;2022-09-09;824;998;4407;27520;3643;54569845;51985592;37410907;5684974;40638600
FR;0;2022-09-10;383;531;1727;5696;1527;54570228;51986123;37412634;5690670;40640127
FR;0;2022-09-11;123;128;318;655;302;54570351;51986251;37412952;5691325;40640429
FR;0;2022-09-12;484;602;2675;13264;2280;54570835;51986853;37415627;5704589;40642709
FR;0;2022-09-13;604;826;3979;26371;3431;54571439;51987679;37419606;5730960;40646140
FR;0;2022-09-14;647;763;2942;16161;2453;54572086;51988442;37422548;5747121;40648593
FR;0;2022-09-15;548;765;3448;23506;2911;54572634;51989207;37425996;5770627;40651504
FR;0;2022-09-16;783;1022;4123;25832;3462;54573417;51990229;37430119;5796459;40654966
FR;0;2022-09-17;382;486;1446;6133;1275;54573799;51990715;37431565;5802592;40656241
FR;0;2022-09-18;114;137;323;958;290;54573913;51990852;37431888;5803550;40656531
FR;0;2022-09-19;443;625;2251;13181;1926;54574356;51991477;37434139;5816731;40658457
FR;0;2022-09-20;629;857;3763;26338;3136;54574985;51992334;37437902;5843069;40661593
FR;0;2022-09-21;574;760;2732;16245;2346;54575559;51993094;37440634;5859314;40663939
FR;0;2022-09-22;580;812;3387;23548;2761;54576139;51993906;37444021;5882862;40666700
FR;0;2022-09-23;819;1027;4483;28675;3752;54576958;51994933;37448504;5911537;40670452
FR;0;2022-09-24;422;604;1636;6890;1407;54577380;51995537;37450140;5918427;40671859
FR;0;2022-09-25;97;186;335;1101;306;54577477;51995723;37450475;5919528;40672165
FR;0;2022-09-26;427;687;2268;13459;2003;54577904;51996410;37452743;5932987;40674168
FR;0;2022-09-27;605;828;3612;25918;2897;54578509;51997238;37456355;5958905;40677065
FR;0;2022-09-28;618;811;2546;15382;2291;54579127;51998049;37458901;5974287;40679356
FR;0;2022-09-29;558;754;3103;20958;2613;54579685;51998803;37462004;5995245;40681969
FR;0;2022-09-30;763;1083;3938;25515;3277;54580448;51999886;37465942;6020760;40685246
FR;0;2022-10-01;400;605;1965;5954;1696;54580848;52000491;37467907;6026714;40686942
FR;0;2022-10-02;52;129;216;632;210;54580900;52000620;37468123;6027346;40687152
FR;0;2022-10-03;439;609;2388;12005;2098;54581339;52001229;37470511;6039351;40689250
FR;0;2022-10-04;607;751;3363;23482;2749;54581946;52001980;37473874;6062833;40691999
FR;0;2022-10-05;534;797;2415;14563;2131;54582480;52002777;37476289;6077396;40694130
FR;0;2022-10-06;524;692;3069;21641;2503;54583004;52003469;37479358;6099037;40696633
FR;0;2022-10-07;710;969;4110;30253;3455;54583714;52004438;37483468;6129290;40700088
FR;0;2022-10-08;340;507;1639;8402;1400;54584054;52004945;37485107;6137692;40701488
FR;0;2022-10-09;105;134;335;1584;310;54584159;52005079;37485442;6139276;40701798
FR;0;2022-10-10;461;664;2820;20328;2410;54584620;52005743;37488262;6159604;40704208
FR;0;2022-10-11;559;775;4240;40050;3536;54585179;52006518;37492502;6199654;40707744
FR;0;2022-10-12;546;773;3214;26624;2723;54585725;52007291;37495716;6226278;40710467
FR;0;2022-10-13;592;733;3965;38244;3091;54586317;52008024;37499681;6264522;40713558
FR;0;2022-10-14;742;1026;4831;47502;3919;54587059;52009050;37504512;6312024;40717477
FR;0;2022-10-15;341;482;1814;11814;1574;54587400;52009532;37506326;6323838;40719051
FR;0;2022-10-16;91;122;363;1942;346;54587491;52009654;37506689;6325780;40719397
FR;0;2022-10-17;421;675;3000;26331;2437;54587912;52010329;37509689;6352111;40721834
FR;0;2022-10-18;583;712;4611;45852;3665;54588495;52011041;37514300;6397963;40725499
FR;0;2022-10-19;531;757;3581;34135;3003;54589026;52011798;37517881;6432098;40728502
FR;0;2022-10-20;568;741;4740;48978;3612;54589594;52012539;37522621;6481076;40732114
FR;0;2022-10-21;674;959;5599;56740;4407;54590268;52013498;37528220;6537816;40736521
FR;0;2022-10-22;325;388;1594;12881;1260;54590593;52013886;37529814;6550697;40737781
FR;0;2022-10-23;91;92;347;2044;261;54590684;52013978;37530161;6552741;40738042
FR;0;2022-10-24;532;570;3044;26758;2557;54591216;52014548;37533205;6579499;40740599
FR;0;2022-10-25;579;696;4789;48535;3651;54591795;52015244;37537994;6628034;40744250
FR;0;2022-10-26;514;613;3359;31953;2787;54592309;52015857;37541353;6659987;40747037
FR;0;2022-10-27;568;660;3995;40135;3226;54592877;52016517;37545348;6700122;40750263
FR;0;2022-10-28;677;816;4493;43444;3379;54593554;52017333;37549841;6743566;40753642
FR;0;2022-10-29;246;341;1278;9400;1035;54593800;52017674;37551119;6752966;40754677
FR;0;2022-10-30;80;106;267;1531;237;54593880;52017780;37551386;6754497;40754914
FR;0;2022-10-31;365;453;2020;15807;1583;54594245;52018233;37553406;6770304;40756497
FR;0;2022-11-01;38;51;176;961;203;54594283;52018284;37553582;6771265;40756700
FR;0;2022-11-02;463;612;2734;24779;2276;54594746;52018896;37556316;6796044;40758976
FR;0;2022-11-03;610;653;3914;38973;2939;54595356;52019549;37560230;6835017;40761915
FR;0;2022-11-04;613;778;4210;42727;3315;54595969;52020327;37564440;6877744;40765230
FR;0;2022-11-05;229;329;1284;9422;999;54596198;52020656;37565724;6887166;40766229
FR;0;2022-11-06;82;103;244;1500;225;54596280;52020759;37565968;6888666;40766454
FR;0;2022-11-07;400;479;2488;25340;1982;54596680;52021238;37568456;6914006;40768436
FR;0;2022-11-08;522;694;4460;48610;3395;54597202;52021932;37572916;6962616;40771831
