fra;vaccin;jour;n_dose1;n_dose2;n_dose3;n_dose4;n_complet;n_rappel;n_2_rappel;n_rappel_biv;n_3_rappel;n_cum_dose1;n_cum_dose2;n_cum_dose3;n_cum_dose4;n_cum_complet;n_cum_rappel;n_cum_2_rappel;n_cum_rappel_biv;n_cum_3_rappel
FR;1;2020-12-27;616;0;0;0;55;0;0;0;0;616;0;0;0;55;0;0;0;0
FR;1;2020-12-28;709;1;0;0;44;0;0;0;0;1325;1;0;0;99;0;0;0;0
FR;1;2020-12-29;389;0;0;0;19;0;0;0;0;1714;1;0;0;118;0;0;0;0
FR;1;2020-12-30;456;0;0;0;20;0;0;0;0;2170;1;0;0;138;0;0;0;0
FR;1;2020-12-31;451;1;0;0;21;0;0;0;0;2621;2;0;0;159;0;0;0;0
FR;1;2021-01-01;1198;2;0;0;66;0;0;0;0;3819;4;0;0;225;0;0;0;0
FR;1;2021-01-02;369;4;0;0;29;0;0;0;0;4188;8;0;0;254;0;0;0;0
FR;1;2021-01-03;419;0;0;0;23;0;0;0;0;4607;8;0;0;277;0;0;0;0
FR;1;2021-01-04;2150;5;0;0;51;0;0;0;0;6757;13;0;0;328;0;0;0;0
FR;1;2021-01-05;7790;6;0;0;128;0;0;0;0;14547;19;0;0;456;0;0;0;0
FR;1;2021-01-06;12487;23;0;0;128;0;0;0;0;27034;42;0;0;584;0;0;0;0
FR;1;2021-01-07;29480;24;0;0;159;0;0;0;0;56514;66;0;0;743;0;0;0;0
FR;1;2021-01-08;37170;35;0;0;204;0;0;0;0;93684;101;0;0;947;0;0;0;0
FR;1;2021-01-09;11221;9;0;0;77;0;0;0;0;104905;110;0;0;1024;0;0;0;0
FR;1;2021-01-10;6017;8;0;0;28;0;0;0;0;110922;118;0;0;1052;0;0;0;0
FR;1;2021-01-11;39956;39;0;0;232;0;0;0;0;150878;157;0;0;1284;0;0;0;0
FR;1;2021-01-12;62165;31;0;0;299;0;0;0;0;213043;188;0;0;1583;0;0;0;0
FR;1;2021-01-13;65150;62;0;0;433;0;0;0;0;278193;250;0;0;2016;0;0;0;0
FR;1;2021-01-14;81473;262;0;0;957;0;0;0;0;359666;512;0;0;2973;0;0;0;0
FR;1;2021-01-15;68639;102;0;0;528;0;0;0;0;428305;614;0;0;3501;0;0;0;0
FR;1;2021-01-16;19903;73;0;0;171;0;0;0;0;448208;687;0;0;3672;0;0;0;0
FR;1;2021-01-17;10909;54;0;0;130;0;0;0;0;459117;741;0;0;3802;0;0;0;0
FR;1;2021-01-18;82849;176;0;0;587;0;0;0;0;541966;917;0;0;4389;0;0;0;0
FR;1;2021-01-19;125935;209;0;0;837;0;0;0;0;667901;1126;0;0;5226;0;0;0;0
FR;1;2021-01-20;132439;191;0;0;779;0;0;0;0;800340;1317;0;0;6005;0;0;0;0
FR;1;2021-01-21;153088;196;0;0;896;0;0;0;0;953428;1513;0;0;6901;0;0;0;0
FR;1;2021-01-22;115972;240;0;0;776;0;0;0;0;1069400;1753;0;0;7677;0;0;0;0
FR;1;2021-01-23;36617;84;0;0;207;0;0;0;0;1106017;1837;0;0;7884;0;0;0;0
FR;1;2021-01-24;9589;129;0;0;188;0;0;0;0;1115606;1966;0;0;8072;0;0;0;0
FR;1;2021-01-25;74442;1454;0;0;1772;0;0;0;0;1190048;3420;0;0;9844;0;0;0;0
FR;1;2021-01-26;96471;3705;1;0;4146;0;0;0;0;1286519;7125;1;0;13990;0;0;0;0
FR;1;2021-01-27;103660;6440;0;0;7124;0;0;0;0;1390179;13565;1;0;21114;0;0;0;0
FR;1;2021-01-28;120627;16414;0;0;17203;0;0;0;0;1510806;29979;1;0;38317;0;0;0;0
FR;1;2021-01-29;88904;18798;0;0;19338;0;0;0;0;1599710;48777;1;0;57655;0;0;0;0
FR;1;2021-01-30;27995;4537;0;0;4661;0;0;0;0;1627705;53314;1;0;62316;0;0;0;0
FR;1;2021-01-31;5194;1898;0;0;1936;0;0;0;0;1632899;55212;1;0;64252;0;0;0;0
FR;1;2021-02-01;49752;23042;0;0;23284;0;0;0;0;1682651;78254;1;0;87536;0;0;0;0
FR;1;2021-02-02;67839;38207;0;0;38664;0;0;0;0;1750490;116461;1;0;126200;0;0;0;0
FR;1;2021-02-03;67105;40270;0;0;40705;0;0;0;0;1817595;156731;1;0;166905;0;0;0;0
FR;1;2021-02-04;77156;55121;0;0;55691;0;0;0;0;1894751;211852;1;0;222596;0;0;0;0
FR;1;2021-02-05;63435;48226;0;0;48631;0;0;0;0;1958186;260078;1;0;271227;0;0;0;0
FR;1;2021-02-06;19428;11420;0;0;11527;0;0;0;0;1977614;271498;1;0;282754;0;0;0;0
FR;1;2021-02-07;3669;6067;0;0;6094;0;0;0;0;1981283;277565;1;0;288848;0;0;0;0
FR;1;2021-02-08;36508;48780;0;0;49033;0;0;0;0;2017791;326345;1;0;337881;0;0;0;0
FR;1;2021-02-09;50829;78436;0;0;78963;0;0;0;0;2068620;404781;1;0;416844;0;0;0;0
FR;1;2021-02-10;52088;83469;0;0;83953;0;0;0;0;2120708;488250;1;0;500797;0;0;0;0
FR;1;2021-02-11;63397;105555;0;0;106465;0;0;0;0;2184105;593805;1;0;607262;0;0;0;0
FR;1;2021-02-12;55888;75787;0;0;76473;0;0;0;0;2239993;669592;1;0;683735;0;0;0;0
FR;1;2021-02-13;15469;19309;0;0;19421;0;0;0;0;2255462;688901;1;0;703156;0;0;0;0
FR;1;2021-02-14;3747;7311;0;0;7377;0;0;0;0;2259209;696212;1;0;710533;0;0;0;0
FR;1;2021-02-15;24175;73667;0;0;73925;0;0;0;0;2283384;769879;1;0;784458;0;0;0;0
FR;1;2021-02-16;32788;95519;0;0;95933;0;0;0;0;2316172;865398;1;0;880391;0;0;0;0
FR;1;2021-02-17;35141;102376;20;0;103034;0;0;0;0;2351313;967774;21;0;983425;0;0;0;0
FR;1;2021-02-18;49466;118559;0;0;119556;0;0;0;0;2400779;1086333;21;0;1102981;0;0;0;0
FR;1;2021-02-19;45400;87843;1;0;88788;0;0;0;0;2446179;1174176;22;0;1191769;0;0;0;0
FR;1;2021-02-20;13398;27026;0;0;27202;0;0;0;0;2459577;1201202;22;0;1218971;0;0;0;0
FR;1;2021-02-21;2471;5945;0;0;6013;0;0;0;0;2462048;1207147;22;0;1224984;0;0;0;0
FR;1;2021-02-22;24726;69393;2;0;69693;0;0;0;0;2486774;1276540;24;0;1294677;0;0;0;0
FR;1;2021-02-23;37441;81552;1;0;82256;0;0;0;0;2524215;1358092;25;0;1376933;0;0;0;0
FR;1;2021-02-24;40717;79375;1;0;80075;0;0;0;0;2564932;1437467;26;0;1457008;0;0;0;0
FR;1;2021-02-25;50176;87700;1;0;88798;0;0;0;0;2615108;1525167;27;0;1545806;0;0;0;0
FR;1;2021-02-26;47235;67558;1;0;68446;0;0;0;0;2662343;1592725;28;0;1614252;0;0;0;0
FR;1;2021-02-27;15691;21357;1;0;21570;0;0;0;0;2678034;1614082;29;0;1635822;0;0;0;0
FR;1;2021-02-28;3566;4099;2;0;4172;0;0;0;0;2681600;1618181;31;0;1639994;0;0;0;0
FR;1;2021-03-01;40232;50293;1;0;51031;0;0;0;0;2721832;1668474;32;0;1691025;0;0;0;0
FR;1;2021-03-02;55997;62427;3;0;63607;0;0;0;0;2777829;1730901;35;0;1754632;0;0;0;0
FR;1;2021-03-03;61271;60498;0;0;61937;0;0;0;0;2839100;1791399;35;0;1816569;0;0;0;0
FR;1;2021-03-04;73022;68402;3;0;70620;0;0;0;0;2912122;1859801;38;0;1887189;0;0;0;0
FR;1;2021-03-05;74787;58606;3;0;60506;0;0;0;0;2986909;1918407;41;0;1947695;0;0;0;0
FR;1;2021-03-06;82475;15735;2;0;17443;0;0;0;0;3069384;1934142;43;0;1965138;0;0;0;0
FR;1;2021-03-07;63734;3917;1;0;5461;0;0;0;0;3133118;1938059;44;0;1970599;0;0;0;0
FR;1;2021-03-08;60200;41129;2;0;42416;0;0;0;0;3193318;1979188;46;0;2013015;0;0;0;0
FR;1;2021-03-09;86015;47357;1;0;49359;0;0;0;0;3279333;2026545;47;0;2062374;0;0;0;0
FR;1;2021-03-10;90950;47741;5;0;50014;0;0;0;0;3370283;2074286;52;0;2112388;0;0;0;0
FR;1;2021-03-11;105107;54598;1;0;57675;0;0;0;0;3475390;2128884;53;0;2170063;0;0;0;0
FR;1;2021-03-12;104169;44881;1;0;47879;0;0;0;0;3579559;2173765;54;0;2217942;0;0;0;0
FR;1;2021-03-13;89226;12580;1;0;14797;0;0;0;0;3668785;2186345;55;0;2232739;0;0;0;0
FR;1;2021-03-14;44462;2656;1;0;3989;0;0;0;0;3713247;2189001;56;0;2236728;0;0;0;0
FR;1;2021-03-15;95538;27941;3;0;30292;0;0;0;0;3808785;2216942;59;0;2267020;0;0;0;0
FR;1;2021-03-16;123607;34035;5;0;37583;0;0;0;0;3932392;2250977;64;0;2304603;0;0;0;0
FR;1;2021-03-17;129327;33514;4;0;37570;0;0;0;0;4061719;2284491;68;0;2342173;0;0;0;0
FR;1;2021-03-18;142919;39160;5;0;43838;0;0;0;0;4204638;2323651;73;0;2386011;0;0;0;0
FR;1;2021-03-19;136282;32012;2;0;36604;0;0;0;0;4340920;2355663;75;0;2422615;0;0;0;0
FR;1;2021-03-20;76027;9746;1;0;11962;0;0;0;0;4416947;2365409;76;0;2434577;0;0;0;0
FR;1;2021-03-21;26523;1967;1;0;2957;0;0;0;0;4443470;2367376;77;0;2437534;0;0;0;0
FR;1;2021-03-22;114783;30207;2;0;34040;0;0;0;0;4558253;2397583;79;0;2471574;0;0;0;0
FR;1;2021-03-23;143065;37999;1;0;42790;0;0;0;0;4701318;2435582;80;0;2514364;0;0;0;0
FR;1;2021-03-24;142031;38412;0;0;43285;0;0;0;0;4843349;2473994;80;0;2557649;0;0;0;0
FR;1;2021-03-25;165046;39879;4;0;46042;0;0;0;0;5008395;2513873;84;0;2603691;0;0;0;0
FR;1;2021-03-26;166426;37414;5;1;44035;0;0;0;0;5174821;2551287;89;1;2647726;0;0;0;0
FR;1;2021-03-27;110909;15482;1;0;19493;0;0;0;0;5285730;2566769;90;1;2667219;0;0;0;0
FR;1;2021-03-28;42316;4431;3;0;5986;0;0;0;0;5328046;2571200;93;1;2673205;0;0;0;0
FR;1;2021-03-29;129853;48963;4;0;53631;0;0;0;0;5457899;2620163;97;1;2726836;0;0;0;0
FR;1;2021-03-30;167767;63830;5;0;70843;0;0;0;0;5625666;2683993;102;1;2797679;0;0;0;0
FR;1;2021-03-31;170974;68019;4;0;75545;0;0;0;0;5796640;2752012;106;1;2873224;0;0;0;0
FR;1;2021-04-01;194889;84123;10;0;93632;0;0;0;0;5991529;2836135;116;1;2966856;0;0;0;0
FR;1;2021-04-02;164477;86901;7;0;94726;0;0;0;0;6156006;2923036;123;1;3061582;0;0;0;0
FR;1;2021-04-03;88262;58209;6;0;61757;0;0;0;0;6244268;2981245;129;1;3123339;0;0;0;0
FR;1;2021-04-04;33665;17733;0;0;19233;0;0;0;0;6277933;2998978;129;1;3142572;0;0;0;0
FR;1;2021-04-05;46433;9565;11;0;11442;0;0;0;0;6324366;3008543;140;1;3154014;0;0;0;0
FR;1;2021-04-06;160353;105676;17;0;112164;0;0;0;0;6484719;3114219;157;1;3266178;0;0;0;0
FR;1;2021-04-07;197042;108097;16;0;116936;0;0;0;0;6681761;3222316;173;1;3383114;0;0;0;0
FR;1;2021-04-08;222195;114359;14;0;125719;0;0;0;0;6903956;3336675;187;1;3508833;0;0;0;0
FR;1;2021-04-09;214624;108039;21;0;118938;0;0;0;0;7118580;3444714;208;1;3627771;0;0;0;0
FR;1;2021-04-10;117211;73240;14;0;78389;0;0;0;0;7235791;3517954;222;1;3706160;0;0;0;0
FR;1;2021-04-11;40903;29892;6;0;31796;0;0;0;0;7276694;3547846;228;1;3737956;0;0;0;0
FR;1;2021-04-12;168509;104586;46;0;111836;0;0;0;0;7445203;3652432;274;1;3849792;0;0;0;0
FR;1;2021-04-13;203856;127754;97;1;137102;0;0;0;0;7649059;3780186;371;2;3986894;0;0;0;0
FR;1;2021-04-14;208689;123036;208;0;133268;0;0;0;0;7857748;3903222;579;2;4120162;0;0;0;0
FR;1;2021-04-15;221749;128242;313;0;139292;0;0;0;0;8079497;4031464;892;2;4259454;0;0;0;0
FR;1;2021-04-16;206110;125774;309;0;135445;0;0;0;0;8285607;4157238;1201;2;4394899;0;0;0;0
FR;1;2021-04-17;122112;67118;103;0;72180;0;0;0;0;8407719;4224356;1304;2;4467079;0;0;0;0
FR;1;2021-04-18;35980;21016;42;0;22724;0;0;0;0;8443699;4245372;1346;2;4489803;0;0;0;0
FR;1;2021-04-19;163783;121618;433;0;129170;0;0;0;0;8607482;4366990;1779;2;4618973;0;0;0;0
FR;1;2021-04-20;189491;149801;531;0;158930;0;0;0;0;8796973;4516791;2310;2;4777903;0;0;0;0
FR;1;2021-04-21;194064;147787;760;0;157317;0;0;0;0;8991037;4664578;3070;2;4935220;0;0;0;0
FR;1;2021-04-22;209086;164624;779;0;175854;0;0;0;0;9200123;4829202;3849;2;5111074;0;0;0;0
FR;1;2021-04-23;198999;158147;671;0;169170;0;0;0;0;9399122;4987349;4520;2;5280244;0;0;0;0
FR;1;2021-04-24;126355;95888;148;0;101957;0;0;0;0;9525477;5083237;4668;2;5382201;0;0;0;0
FR;1;2021-04-25;53642;30082;46;0;32839;0;0;0;0;9579119;5113319;4714;2;5415040;0;0;0;0
FR;1;2021-04-26;181174;140327;543;0;149046;0;0;0;0;9760293;5253646;5257;2;5564086;0;0;0;0
FR;1;2021-04-27;221406;162630;901;0;174007;0;0;0;0;9981699;5416276;6158;2;5738093;0;0;0;0
FR;1;2021-04-28;238373;156215;1314;1;168897;1;0;0;0;10220072;5572491;7472;3;5906990;1;0;0;0
FR;1;2021-04-29;270352;161684;1211;0;177291;0;0;0;0;10490424;5734175;8683;3;6084281;1;0;0;0
FR;1;2021-04-30;272030;149046;1074;0;165147;0;0;0;0;10762454;5883221;9757;3;6249428;1;0;0;0
FR;1;2021-05-01;141180;40616;173;0;48644;0;0;0;0;10903634;5923837;9930;3;6298072;1;0;0;0
FR;1;2021-05-02;81564;28243;81;0;32999;0;0;0;0;10985198;5952080;10011;3;6331071;1;0;0;0
FR;1;2021-05-03;250826;142053;803;0;155747;0;0;0;0;11236024;6094133;10814;3;6486818;1;0;0;0
FR;1;2021-05-04;265939;188052;1204;0;203623;0;0;0;0;11501963;6282185;12018;3;6690441;1;0;0;0
FR;1;2021-05-05;283977;186321;1268;0;202985;0;0;0;0;11785940;6468506;13286;3;6893426;1;0;0;0
FR;1;2021-05-06;310084;184601;1502;0;204354;0;0;0;0;12096024;6653107;14788;3;7097780;1;0;0;0
FR;1;2021-05-07;284152;196761;1128;0;214579;0;0;0;0;12380176;6849868;15916;3;7312359;1;0;0;0
FR;1;2021-05-08;191687;51623;285;0;63006;0;0;0;0;12571863;6901491;16201;3;7375365;1;0;0;0
FR;1;2021-05-09;114076;34208;236;0;41380;0;0;0;0;12685939;6935699;16437;3;7416745;1;0;0;0
FR;1;2021-05-10;258240;195097;1188;0;211090;0;0;0;0;12944179;7130796;17625;3;7627835;1;0;0;0
FR;1;2021-05-11;318946;211265;1465;0;231506;0;0;0;0;13263125;7342061;19090;3;7859341;1;0;0;0
FR;1;2021-05-12;356710;186094;1401;0;208401;0;0;0;0;13619835;7528155;20491;3;8067742;1;0;0;0
FR;1;2021-05-13;283473;47324;401;0;64247;0;0;0;0;13903308;7575479;20892;3;8131989;1;0;0;0
FR;1;2021-05-14;370544;128531;998;0;151952;0;0;0;0;14273852;7704010;21890;3;8283941;1;0;0;0
FR;1;2021-05-15;298129;66208;404;0;84916;0;0;0;0;14571981;7770218;22294;3;8368857;1;0;0;0
FR;1;2021-05-16;157796;15470;158;0;26038;0;0;0;0;14729777;7785688;22452;3;8394895;1;0;0;0
FR;1;2021-05-17;318961;116203;1441;0;138166;0;0;0;0;15048738;7901891;23893;3;8533061;1;0;0;0
FR;1;2021-05-18;383394;111694;1801;0;137643;0;0;0;0;15432132;8013585;25694;3;8670704;1;0;0;0
FR;1;2021-05-19;395324;101589;2185;0;128526;0;0;0;0;15827456;8115174;27879;3;8799230;1;0;0;0
FR;1;2021-05-20;421861;95610;2049;0;125075;0;0;0;0;16249317;8210784;29928;3;8924305;1;0;0;0
FR;1;2021-05-21;399843;97453;1765;0;125850;0;0;0;0;16649160;8308237;31693;3;9050155;1;0;0;0
FR;1;2021-05-22;275713;41926;604;0;60950;0;0;0;0;16924873;8350163;32297;3;9111105;1;0;0;0
FR;1;2021-05-23;123033;10969;224;0;20571;0;0;0;0;17047906;8361132;32521;3;9131676;1;0;0;0
FR;1;2021-05-24;244028;26267;569;0;43793;0;0;0;0;17291934;8387399;33090;3;9175469;1;0;0;0
FR;1;2021-05-25;366248;131455;2115;1;158390;0;0;0;0;17658182;8518854;35205;4;9333859;1;0;0;0
FR;1;2021-05-26;380865;127552;1996;0;155876;0;0;0;0;18039047;8646406;37201;4;9489735;1;0;0;0
FR;1;2021-05-27;406209;128361;1978;0;158840;0;0;0;0;18445256;8774767;39179;4;9648575;1;0;0;0
FR;1;2021-05-28;366081;145708;1702;0;174269;0;0;0;0;18811337;8920475;40881;4;9822844;1;0;0;0
FR;1;2021-05-29;253851;81138;527;0;100335;0;0;0;0;19065188;9001613;41408;4;9923179;1;0;0;0
FR;1;2021-05-30;100983;22601;158;0;30835;0;0;0;0;19166171;9024214;41566;4;9954014;1;0;0;0
FR;1;2021-05-31;314351;149247;1287;1;172503;1;0;0;0;19480522;9173461;42853;5;10126517;2;0;0;0
FR;1;2021-06-01;361710;166430;1733;1;194134;1;0;0;0;19842232;9339891;44586;6;10320651;3;0;0;0
FR;1;2021-06-02;365447;154547;1798;0;184088;0;0;0;0;20207679;9494438;46384;6;10504739;3;0;0;0
FR;1;2021-06-03;391504;147437;1654;0;178410;0;0;0;0;20599183;9641875;48038;6;10683149;3;0;0;0
FR;1;2021-06-04;364147;175899;1496;1;205193;1;0;0;0;20963330;9817774;49534;7;10888342;4;0;0;0
FR;1;2021-06-05;258534;112823;597;0;133184;0;0;0;0;21221864;9930597;50131;7;11021526;4;0;0;0
FR;1;2021-06-06;126834;37555;216;0;48194;0;0;0;0;21348698;9968152;50347;7;11069720;4;0;0;0
FR;1;2021-06-07;301135;207764;1368;0;233040;0;0;0;0;21649833;10175916;51715;7;11302760;4;0;0;0
FR;1;2021-06-08;330914;221017;1645;0;248977;0;0;0;0;21980747;10396933;53360;7;11551737;4;0;0;0
FR;1;2021-06-09;336662;210947;1614;0;239704;0;0;0;0;22317409;10607880;54974;7;11791441;4;0;0;0
FR;1;2021-06-10;343949;199508;1615;0;229252;0;0;0;0;22661358;10807388;56589;7;12020693;4;0;0;0
FR;1;2021-06-11;311945;234706;1300;1;262616;0;0;0;0;22973303;11042094;57889;8;12283309;4;0;0;0
FR;1;2021-06-12;244101;150611;438;0;172220;0;0;0;0;23217404;11192705;58327;8;12455529;4;0;0;0
FR;1;2021-06-13;100383;61037;188;0;70699;0;0;0;0;23317787;11253742;58515;8;12526228;4;0;0;0
FR;1;2021-06-14;207884;287575;1320;1;307385;0;0;0;0;23525671;11541317;59835;9;12833613;4;0;0;0
FR;1;2021-06-15;256913;281114;1400;1;304961;0;0;0;0;23782584;11822431;61235;10;13138574;4;0;0;0
FR;1;2021-06-16;273687;270713;1264;1;296151;0;0;0;0;24056271;12093144;62499;11;13434725;4;0;0;0
FR;1;2021-06-17;268258;245103;1241;1;271175;0;0;0;0;24324529;12338247;63740;12;13705900;4;0;0;0
FR;1;2021-06-18;260625;295197;1156;1;321022;0;0;0;0;24585154;12633444;64896;13;14026922;4;0;0;0
FR;1;2021-06-19;193468;209609;388;0;228269;0;0;0;0;24778622;12843053;65284;13;14255191;4;0;0;0
FR;1;2021-06-20;69724;89030;122;0;96869;0;0;0;0;24848346;12932083;65406;13;14352060;4;0;0;0
FR;1;2021-06-21;172400;319785;934;1;338495;1;0;0;0;25020746;13251868;66340;14;14690555;5;0;0;0
FR;1;2021-06-22;185898;348076;1102;10;369142;1;0;0;0;25206644;13599944;67442;24;15059697;6;0;0;0
FR;1;2021-06-23;204244;339644;1050;0;363544;0;0;0;0;25410888;13939588;68492;24;15423241;6;0;0;0
FR;1;2021-06-24;203558;282099;1176;0;306845;0;0;0;0;25614446;14221687;69668;24;15730086;6;0;0;0
FR;1;2021-06-25;182685;371702;1200;0;395710;0;0;0;0;25797131;14593389;70868;24;16125796;6;0;0;0
FR;1;2021-06-26;131415;278609;506;0;295984;0;0;0;0;25928546;14871998;71374;24;16421780;6;0;0;0
FR;1;2021-06-27;52421;122844;146;0;130381;0;0;0;0;25980967;14994842;71520;24;16552161;6;0;0;0
FR;1;2021-06-28;136682;368244;1066;0;386845;0;0;0;0;26117649;15363086;72586;24;16939006;6;0;0;0
FR;1;2021-06-29;154928;391165;1849;0;412259;0;0;0;0;26272577;15754251;74435;24;17351265;6;0;0;0
FR;1;2021-06-30;180077;381965;1668;4;406564;2;0;0;0;26452654;16136216;76103;28;17757829;8;0;0;0
FR;1;2021-07-01;201592;332518;1890;5;360589;0;0;0;0;26654246;16468734;77993;33;18118418;8;0;0;0
FR;1;2021-07-02;193889;367288;1765;5;395484;2;0;0;0;26848135;16836022;79758;38;18513902;10;0;0;0
FR;1;2021-07-03;124485;280409;704;3;299514;1;0;0;0;26972620;17116431;80462;41;18813416;11;0;0;0
FR;1;2021-07-04;53969;113731;244;0;122137;0;0;0;0;27026589;17230162;80706;41;18935553;11;0;0;0
FR;1;2021-07-05;153987;355778;1500;8;379118;0;0;0;0;27180576;17585940;82206;49;19314671;11;0;0;0
FR;1;2021-07-06;173534;382278;1603;45;408167;8;0;0;0;27354110;17968218;83809;94;19722838;19;0;0;0
FR;1;2021-07-07;190875;362297;1659;25;390640;2;0;0;0;27544985;18330515;85468;119;20113478;21;0;0;0
FR;1;2021-07-08;201595;322965;1827;20;353609;2;0;0;0;27746580;18653480;87295;139;20467087;23;0;0;0
FR;1;2021-07-09;189996;387763;1854;3;418163;1;0;0;0;27936576;19041243;89149;142;20885250;24;0;0;0
FR;1;2021-07-10;129968;281184;818;1;302611;0;0;0;0;28066544;19322427;89967;143;21187861;24;0;0;0
FR;1;2021-07-11;57688;102529;263;0;112408;0;0;0;0;28124232;19424956;90230;143;21300269;24;0;0;0
FR;1;2021-07-12;149931;416804;1588;4;442794;0;0;0;0;28274163;19841760;91818;147;21743063;24;0;0;0
FR;1;2021-07-13;234311;438998;1808;8;476176;0;0;0;0;28508474;20280758;93626;155;22219239;24;0;0;0
FR;1;2021-07-14;171931;151300;418;0;176928;0;0;0;0;28680405;20432058;94044;155;22396167;24;0;0;0
FR;1;2021-07-15;279707;424131;1859;1;467101;0;0;0;0;28960112;20856189;95903;156;22863268;24;0;0;0
FR;1;2021-07-16;290447;400517;1711;3;445155;1;0;0;0;29250559;21256706;97614;159;23308423;25;0;0;0
FR;1;2021-07-17;217361;281971;755;1;315436;0;0;0;0;29467920;21538677;98369;160;23623859;25;0;0;0
FR;1;2021-07-18;102032;107204;288;0;123091;0;0;0;0;29569952;21645881;98657;160;23746950;25;0;0;0
FR;1;2021-07-19;238250;378362;1498;3;414402;0;0;0;0;29808202;22024243;100155;163;24161352;25;0;0;0
FR;1;2021-07-20;305777;379726;1471;0;425547;0;0;0;0;30113979;22403969;101626;163;24586899;25;0;0;0
FR;1;2021-07-21;333315;352691;1413;4;404056;1;0;0;0;30447294;22756660;103039;167;24990955;26;0;0;0
FR;1;2021-07-22;364709;318523;1502;3;374927;2;0;0;0;30812003;23075183;104541;170;25365882;28;0;0;0
FR;1;2021-07-23;349412;342721;1589;4;398258;1;0;0;0;31161415;23417904;106130;174;25764140;29;0;0;0
FR;1;2021-07-24;238968;240734;697;1;278061;0;0;0;0;31400383;23658638;106827;175;26042201;29;0;0;0
FR;1;2021-07-25;112810;76013;223;0;93705;0;0;0;0;31513193;23734651;107050;175;26135906;29;0;0;0
FR;1;2021-07-26;299150;289266;1495;2;334975;1;0;0;0;31812343;24023917;108545;177;26470881;30;0;0;0
FR;1;2021-07-27;385872;267857;1459;4;324822;1;0;0;0;32198215;24291774;110004;181;26795703;31;0;0;0
FR;1;2021-07-28;390230;250921;1463;4;307205;1;0;0;0;32588445;24542695;111467;185;27102908;32;0;0;0
FR;1;2021-07-29;406162;227577;1541;2;284266;0;0;0;0;32994607;24770272;113008;187;27387174;32;0;0;0
FR;1;2021-07-30;370762;246479;1639;4;298308;1;0;0;0;33365369;25016751;114647;191;27685482;33;0;0;0
FR;1;2021-07-31;243395;165091;794;1;199411;0;0;0;0;33608764;25181842;115441;192;27884893;33;0;0;0
FR;1;2021-08-01;105614;47204;237;0;61196;0;0;0;0;33714378;25229046;115678;192;27946089;33;0;0;0
FR;1;2021-08-02;297438;212828;1480;2;250605;0;0;0;0;34011816;25441874;117158;194;28196694;33;0;0;0
FR;1;2021-08-03;331354;208673;1557;2;250639;1;0;0;0;34343170;25650547;118715;196;28447333;34;0;0;0
FR;1;2021-08-04;328058;183821;1440;5;223968;3;0;0;0;34671228;25834368;120155;201;28671301;37;0;0;0
FR;1;2021-08-05;301298;193083;1483;0;229375;0;0;0;0;34972526;26027451;121638;201;28900676;37;0;0;0
FR;1;2021-08-06;291005;224082;1560;3;261363;0;0;0;0;35263531;26251533;123198;204;29162039;37;0;0;0
FR;1;2021-08-07;182685;158758;655;5;181663;1;0;0;0;35446216;26410291;123853;209;29343702;38;0;0;0
FR;1;2021-08-08;68896;59102;253;0;67630;0;0;0;0;35515112;26469393;124106;209;29411332;38;0;0;0
FR;1;2021-08-09;222801;235146;1446;4;263850;2;0;0;0;35737913;26704539;125552;213;29675182;40;0;0;0
FR;1;2021-08-10;252763;239822;1492;2;271651;0;0;0;0;35990676;26944361;127044;215;29946833;40;0;0;0
FR;1;2021-08-11;236256;231720;1272;5;261232;0;0;0;0;36226932;27176081;128316;220;30208065;40;0;0;0
FR;1;2021-08-12;220806;239716;1492;3;267805;0;0;0;0;36447738;27415797;129808;223;30475870;40;0;0;0
FR;1;2021-08-13;201733;238488;1360;2;264027;2;0;0;0;36649471;27654285;131168;225;30739897;42;0;0;0
FR;1;2021-08-14;122876;174031;645;0;189533;0;0;0;0;36772347;27828316;131813;225;30929430;42;0;0;0
FR;1;2021-08-15;34711;46113;201;1;50330;0;0;0;0;36807058;27874429;132014;226;30979760;42;0;0;0
FR;1;2021-08-16;156967;289319;1424;0;309887;0;0;0;0;36964025;28163748;133438;226;31289647;42;0;0;0
FR;1;2021-08-17;171626;290953;1422;5;313352;0;0;0;0;37135651;28454701;134860;231;31602999;42;0;0;0
FR;1;2021-08-18;161452;286673;1394;6;307300;3;0;0;0;37297103;28741374;136254;237;31910299;45;0;0;0
FR;1;2021-08-19;148962;277414;1405;1;297255;0;0;0;0;37446065;29018788;137659;238;32207554;45;0;0;0
FR;1;2021-08-20;140533;308911;1535;2;328140;2;0;0;0;37586598;29327699;139194;240;32535694;47;0;0;0
FR;1;2021-08-21;84288;213210;589;0;224528;0;0;0;0;37670886;29540909;139783;240;32760222;47;0;0;0
FR;1;2021-08-22;28585;82696;233;0;86701;0;0;0;0;37699471;29623605;140016;240;32846923;47;0;0;0
FR;1;2021-08-23;118672;320939;1422;2;337672;0;0;0;0;37818143;29944544;141438;242;33184595;47;0;0;0
FR;1;2021-08-24;126687;319599;1604;5;337411;0;0;0;0;37944830;30264143;143042;247;33522006;47;0;0;0
FR;1;2021-08-25;121548;306406;1783;8;323578;2;0;0;0;38066378;30570549;144825;255;33845584;49;0;0;0
FR;1;2021-08-26;106648;286081;2165;10;302376;0;0;0;0;38173026;30856630;146990;265;34147960;49;0;0;0
FR;1;2021-08-27;107659;321591;2303;9;338847;1;0;0;0;38280685;31178221;149293;274;34486807;50;0;0;0
FR;1;2021-08-28;71030;220699;1102;0;231219;0;0;0;0;38351715;31398920;150395;274;34718026;50;0;0;0
FR;1;2021-08-29;24156;78208;469;1;82098;0;0;0;0;38375871;31477128;150864;275;34800124;50;0;0;0
FR;1;2021-08-30;96904;286273;4315;6;299758;4967;0;0;0;38472775;31763401;155179;281;35099882;5017;0;0;0
FR;1;2021-08-31;98136;276231;9295;15;289899;10063;2;0;0;38570911;32039632;164474;296;35389781;15080;2;0;0
FR;1;2021-09-01;112367;245288;21122;8;257670;22158;1;0;0;38683278;32284920;185596;304;35647451;37238;3;0;0
FR;1;2021-09-02;86758;197903;24536;18;208299;25518;0;0;0;38770036;32482823;210132;322;35855750;62756;3;0;0
FR;1;2021-09-03;82434;227482;26958;21;238920;28038;0;0;0;38852470;32710305;237090;343;36094670;90794;3;0;0
FR;1;2021-09-04;71631;189718;11141;11;199300;11712;7;0;0;38924101;32900023;248231;354;36293970;102506;10;0;0
FR;1;2021-09-05;18614;41144;4126;2;43849;4277;0;0;0;38942715;32941167;252357;356;36337819;106783;10;0;0
FR;1;2021-09-06;59826;151362;30182;15;158891;31206;2;0;0;39002541;33092529;282539;371;36496710;137989;12;0;0
FR;1;2021-09-07;57401;139620;30215;30;146738;31253;2;0;0;39059942;33232149;312754;401;36643448;169242;14;0;0
FR;1;2021-09-08;72357;173794;26926;22;182265;27967;4;0;0;39132299;33405943;339680;423;36825713;197209;18;0;0
FR;1;2021-09-09;54514;124430;28638;24;131185;29749;5;0;0;39186813;33530373;368318;447;36956898;226958;23;0;0
FR;1;2021-09-10;66224;152062;30452;24;161149;31692;5;0;0;39253037;33682435;398770;471;37118047;258650;28;0;0
FR;1;2021-09-11;52688;146638;9731;14;154127;10356;0;0;0;39305725;33829073;408501;485;37272174;269006;28;0;0
FR;1;2021-09-12;10800;29270;2490;1;30968;2660;2;0;0;39316525;33858343;410991;486;37303142;271666;30;0;0
FR;1;2021-09-13;51520;104393;38767;31;110925;40096;16;0;0;39368045;33962736;449758;517;37414067;311762;46;0;0
FR;1;2021-09-14;53343;96007;51291;67;102369;53291;42;0;0;39421388;34058743;501049;584;37516436;365053;88;0;0
FR;1;2021-09-15;60591;139225;50499;55;146395;47071;67;0;0;39481979;34197968;551548;639;37662831;412124;155;0;0
FR;1;2021-09-16;46647;81365;53354;70;86259;49611;61;0;0;39528626;34279333;604902;709;37749090;461735;216;0;0
FR;1;2021-09-17;53227;109328;45085;61;115662;42718;61;0;0;39581853;34388661;649987;770;37864752;504453;277;0;0
FR;1;2021-09-18;37887;118498;11797;19;124082;11280;19;0;0;39619740;34507159;661784;789;37988834;515733;296;0;0
FR;1;2021-09-19;6531;21024;2045;1;22128;1985;1;0;0;39626271;34528183;663829;790;38010962;517718;297;0;0
FR;1;2021-09-20;36543;74842;46231;65;78563;44198;30;0;0;39662814;34603025;710060;855;38089525;561916;327;0;0
FR;1;2021-09-21;34209;68098;56270;72;71133;52747;76;0;0;39697023;34671123;766330;927;38160658;614663;403;0;0
FR;1;2021-09-22;38849;118604;49883;76;123023;46935;39;0;0;39735872;34789727;816213;1003;38283681;661598;442;0;0
FR;1;2021-09-23;32043;62890;54515;85;65792;50922;76;0;0;39767915;34852617;870728;1088;38349473;712520;518;0;0
FR;1;2021-09-24;36805;90022;43678;89;94382;41958;57;0;0;39804720;34942639;914406;1177;38443855;754478;575;0;0
FR;1;2021-09-25;27655;96711;12307;27;101065;12187;19;0;0;39832375;35039350;926713;1204;38544920;766665;594;0;0
FR;1;2021-09-26;4390;15202;1777;5;16066;1700;4;0;0;39836765;35054552;928490;1209;38560986;768365;598;0;0
FR;1;2021-09-27;27356;60204;42914;89;63434;41644;79;0;1;39864121;35114756;971404;1298;38624420;810009;677;0;1
FR;1;2021-09-28;26913;49418;47207;76;52035;44494;40;0;0;39891034;35164174;1018611;1374;38676455;854503;717;0;1
FR;1;2021-09-29;35927;80253;47297;88;84639;45624;33;0;0;39926961;35244427;1065908;1462;38761094;900127;750;0;1
FR;1;2021-09-30;26078;46901;47529;80;49259;45479;52;0;0;39953039;35291328;1113437;1542;38810353;945606;802;0;1
FR;1;2021-10-01;47307;66910;44909;83;70792;44634;14;0;0;40000346;35358238;1158346;1625;38881145;990240;816;0;1
FR;1;2021-10-02;32383;62416;16114;32;67224;16325;6;0;0;40032729;35420654;1174460;1657;38948369;1006565;822;0;1
FR;1;2021-10-03;4343;8563;2043;3;9312;2038;4;0;0;40037072;35429217;1176503;1660;38957681;1008603;826;0;1
FR;1;2021-10-04;28985;44426;47117;79;46839;46986;31;0;0;40066057;35473643;1223620;1739;39004520;1055589;857;0;1
FR;1;2021-10-05;24576;41638;49895;116;43135;49352;47;0;0;40090633;35515281;1273515;1855;39047655;1104941;904;0;1
FR;1;2021-10-06;34660;61391;57510;101;64498;57265;25;0;0;40125293;35576672;1331025;1956;39112153;1162206;929;0;1
FR;1;2021-10-07;21083;39915;53053;74;41093;51999;32;0;0;40146376;35616587;1384078;2030;39153246;1214205;961;0;1
FR;1;2021-10-08;35672;59644;60412;83;62871;61169;28;0;0;40182048;35676231;1444490;2113;39216117;1275374;989;0;1
FR;1;2021-10-09;27466;48025;25498;29;52492;26028;10;0;0;40209514;35724256;1469988;2142;39268609;1301402;999;0;1
FR;1;2021-10-10;3727;5810;2759;7;6288;2865;1;0;0;40213241;35730066;1472747;2149;39274897;1304267;1000;0;1
FR;1;2021-10-11;24858;38211;54590;88;40295;55272;43;0;0;40238099;35768277;1527337;2237;39315192;1359539;1043;0;1
FR;1;2021-10-12;23386;36583;58078;128;37082;59241;18;0;0;40261485;35804860;1585415;2365;39352274;1418780;1061;0;1
FR;1;2021-10-13;32974;47843;64177;125;50647;65703;22;0;1;40294459;35852703;1649592;2490;39402921;1484483;1083;0;2
FR;1;2021-10-14;21715;34774;53776;103;35680;54370;24;0;0;40316174;35887477;1703368;2593;39438601;1538853;1107;0;2
FR;1;2021-10-15;32757;48763;72338;165;50455;75035;22;0;0;40348931;35936240;1775706;2758;39489056;1613888;1129;0;2
FR;1;2021-10-16;26014;35286;34874;45;38301;36432;13;0;0;40374945;35971526;1810580;2803;39527357;1650320;1142;0;2
FR;1;2021-10-17;3161;4053;3418;2;4496;3319;3;0;0;40378106;35975579;1813998;2805;39531853;1653639;1145;0;2
FR;1;2021-10-18;24353;34877;66853;132;34915;69738;27;0;0;40402459;36010456;1880851;2937;39566768;1723377;1172;0;2
FR;1;2021-10-19;20724;35572;75678;135;33223;79610;40;0;0;40423183;36046028;1956529;3072;39599991;1802987;1212;0;2
FR;1;2021-10-20;29917;44205;96191;178;43278;99882;45;0;0;40453100;36090233;2052720;3250;39643269;1902869;1257;0;2
FR;1;2021-10-21;19804;35052;83202;107;31762;87065;29;0;0;40472904;36125285;2135922;3357;39675031;1989934;1286;0;2
FR;1;2021-10-22;29756;47759;103757;196;44555;109723;58;0;0;40502660;36173044;2239679;3553;39719586;2099657;1344;0;2
FR;1;2021-10-23;23055;35142;44876;57;36129;47386;11;0;0;40525715;36208186;2284555;3610;39755715;2147043;1355;0;2
FR;1;2021-10-24;2407;3841;3585;6;4041;3718;1;0;0;40528122;36212027;2288140;3616;39759756;2150761;1356;0;2
FR;1;2021-10-25;22504;30718;82031;143;29600;85840;36;0;0;40550626;36242745;2370171;3759;39789356;2236601;1392;0;2
FR;1;2021-10-26;19368;27644;86127;162;24737;90358;29;0;0;40569994;36270389;2456298;3921;39814093;2326959;1421;0;2
FR;1;2021-10-27;26223;39610;107827;252;37302;112742;45;0;0;40596217;36309999;2564125;4173;39851395;2439701;1466;0;2
FR;1;2021-10-28;18804;27109;86969;150;23483;91737;34;0;0;40615021;36337108;2651094;4323;39874878;2531438;1500;0;2
FR;1;2021-10-29;25936;40253;114844;202;35487;121683;49;0;0;40640957;36377361;2765938;4525;39910365;2653121;1549;0;2
FR;1;2021-10-30;17714;28718;49373;74;28302;51970;18;0;0;40658671;36406079;2815311;4599;39938667;2705091;1567;0;2
FR;1;2021-10-31;2088;3169;3452;2;3215;3686;2;0;0;40660759;36409248;2818763;4601;39941882;2708777;1569;0;2
FR;1;2021-11-01;8026;4274;3037;3;4358;3294;6;0;0;40668785;36413522;2821800;4604;39946240;2712071;1575;0;2
FR;1;2021-11-02;22916;33218;92416;156;29173;97870;39;0;1;40691701;36446740;2914216;4760;39975413;2809941;1614;0;3
FR;1;2021-11-03;26638;41548;117525;219;36996;123909;56;0;0;40718339;36488288;3031741;4979;40012409;2933850;1670;0;3
FR;1;2021-11-04;19629;30291;105825;213;24185;111970;42;0;0;40737968;36518579;3137566;5192;40036594;3045820;1712;0;3
FR;1;2021-11-05;27034;42298;138800;230;34178;147490;47;0;0;40765002;36560877;3276366;5422;40070772;3193310;1759;0;3
FR;1;2021-11-06;18864;29807;63501;123;27605;66521;24;0;0;40783866;36590684;3339867;5545;40098377;3259831;1783;0;3
FR;1;2021-11-07;1834;3268;4985;6;3025;5302;5;0;0;40785700;36593952;3344852;5551;40101402;3265133;1788;0;3
FR;1;2021-11-08;17881;32246;126022;224;25387;132661;47;0;0;40803581;36626198;3470874;5775;40126789;3397794;1835;0;3
FR;1;2021-11-09;19521;37605;159331;334;26127;169154;63;0;0;40823102;36663803;3630205;6109;40152916;3566948;1898;0;3
FR;1;2021-11-10;28895;49048;181930;441;39012;192547;82;0;0;40851997;36712851;3812135;6550;40191928;3759495;1980;0;3
FR;1;2021-11-11;4192;5930;12239;26;5107;13029;14;0;0;40856189;36718781;3824374;6576;40197035;3772524;1994;0;3
FR;1;2021-11-12;26027;46819;174848;244;35285;186549;76;0;0;40882216;36765600;3999222;6820;40232320;3959073;2070;0;3
FR;1;2021-11-13;18736;29144;76847;111;25370;81792;40;0;0;40900952;36794744;4076069;6931;40257690;4040865;2110;0;3
FR;1;2021-11-14;2051;3240;6827;5;2796;7357;6;0;0;40903003;36797984;4082896;6936;40260486;4048222;2116;0;3
FR;1;2021-11-15;18797;34707;156449;306;24615;166286;59;0;0;40921800;36832691;4239345;7242;40285101;4214508;2175;0;3
FR;1;2021-11-16;21369;37810;192163;380;23316;205080;99;0;1;40943169;36870501;4431508;7622;40308417;4419588;2274;0;4
FR;1;2021-11-17;28675;45549;193256;398;33020;205081;92;0;0;40971844;36916050;4624764;8020;40341437;4624669;2366;0;4
FR;1;2021-11-18;21149;39598;182544;459;25136;194672;85;0;0;40992993;36955648;4807308;8479;40366573;4819341;2451;0;4
FR;1;2021-11-19;30894;53320;230287;532;34814;246784;134;0;0;41023887;37008968;5037595;9011;40401387;5066125;2585;0;4
FR;1;2021-11-20;23776;33214;97002;202;26734;103655;40;0;0;41047663;37042182;5134597;9213;40428121;5169780;2625;0;4
FR;1;2021-11-21;2342;3909;9134;19;2957;9940;16;0;0;41050005;37046091;5143731;9232;40431078;5179720;2641;0;4
FR;1;2021-11-22;21426;30328;175932;467;16946;189481;79;0;0;41071431;37076419;5319663;9699;40448024;5369201;2720;0;4
FR;1;2021-11-23;24031;40970;221266;540;21319;238019;77;0;0;41095462;37117389;5540929;10239;40469343;5607220;2797;0;4
FR;1;2021-11-24;30298;49644;217402;701;31963;234585;67;0;0;41125760;37167033;5758331;10940;40501306;5841805;2864;0;4
FR;1;2021-11-25;23732;44044;244526;718;22071;264227;101;0;0;41149492;37211077;6002857;11658;40523377;6106032;2965;0;4
FR;1;2021-11-26;30618;66639;356842;836;33239;388630;154;0;0;41180110;37277716;6359699;12494;40556616;6494662;3119;0;4
FR;1;2021-11-27;21960;45261;202667;372;26149;222697;112;0;0;41202070;37322977;6562366;12866;40582765;6717359;3231;0;4
FR;1;2021-11-28;3180;9544;54804;63;3468;61017;37;0;0;41205250;37332521;6617170;12929;40586233;6778376;3268;0;4
FR;1;2021-11-29;17905;49468;326437;841;20779;354582;150;0;0;41223155;37381989;6943607;13770;40607012;7132958;3418;0;4
FR;1;2021-11-30;22790;64816;431196;952;23794;470845;266;0;0;41245945;37446805;7374803;14722;40630806;7603803;3684;0;4
FR;1;2021-12-01;25364;69037;442957;1131;28429;481822;271;0;0;41271309;37515842;7817760;15853;40659235;8085625;3955;0;4
FR;1;2021-12-02;20093;64297;489465;1230;18435;532969;274;0;0;41291402;37580139;8307225;17083;40677670;8618594;4229;0;4
FR;1;2021-12-03;22912;82299;542842;1310;30271;591857;308;0;0;41314314;37662438;8850067;18393;40707941;9210451;4537;0;4
FR;1;2021-12-04;16417;53779;299138;654;23205;328998;180;0;0;41330731;37716217;9149205;19047;40731146;9539449;4717;0;4
FR;1;2021-12-05;3635;13771;81549;143;4193;91046;85;0;0;41334366;37729988;9230754;19190;40735339;9630495;4802;0;4
FR;1;2021-12-06;25848;62421;415524;1066;22062;455253;358;0;0;41360214;37792409;9646278;20256;40757401;10085748;5160;0;4
FR;1;2021-12-07;20020;75457;523081;1536;24274;572742;372;0;0;41380234;37867866;10169359;21792;40781675;10658490;5532;0;4
FR;1;2021-12-08;21718;75491;458635;1545;30648;502293;377;0;0;41401952;37943357;10627994;23337;40812323;11160783;5909;0;4
FR;1;2021-12-09;19473;73941;493115;1624;24328;541127;398;0;0;41421425;38017298;11121109;24961;40836651;11701910;6307;0;4
FR;1;2021-12-10;23330;87515;547473;1585;32416;600112;392;0;1;41444755;38104813;11668582;26546;40869067;12302022;6699;0;5
FR;1;2021-12-11;16534;59083;302768;751;25944;335500;278;0;0;41461289;38163896;11971350;27297;40895011;12637522;6977;0;5
FR;1;2021-12-12;4397;15876;83241;179;5242;94047;96;0;0;41465686;38179772;12054591;27476;40900253;12731569;7073;0;5
FR;1;2021-12-13;15761;63397;367087;1094;23903;406372;236;0;0;41481447;38243169;12421678;28570;40924156;13137941;7309;0;5
FR;1;2021-12-14;20870;80109;464899;1749;28637;515356;507;0;1;41502317;38323278;12886577;30319;40952793;13653297;7816;0;6
FR;1;2021-12-15;21631;77288;409187;1309;33004;453258;311;0;1;41523948;38400566;13295764;31628;40985797;14106555;8127;0;7
FR;1;2021-12-16;20070;77051;452010;1577;27919;500750;324;0;0;41544018;38477617;13747774;33205;41013716;14607305;8451;0;7
FR;1;2021-12-17;22629;86370;480031;1737;34641;531055;372;0;0;41566647;38563987;14227805;34942;41048357;15138360;8823;0;7
FR;1;2021-12-18;17610;54545;257662;731;24683;288528;232;0;0;41584257;38618532;14485467;35673;41073040;15426888;9055;0;7
FR;1;2021-12-19;5563;16907;79205;194;5921;90676;117;0;0;41589820;38635439;14564672;35867;41078961;15517564;9172;0;7
FR;1;2021-12-20;20957;62869;316306;1082;26487;355339;286;0;0;41610777;38698308;14880978;36949;41105448;15872903;9458;0;7
FR;1;2021-12-21;26344;72857;372823;1422;30553;418149;338;0;0;41637121;38771165;15253801;38371;41136001;16291052;9796;0;7
FR;1;2021-12-22;24989;65642;310704;1217;29571;349627;361;0;1;41662110;38836807;15564505;39588;41165572;16640679;10157;0;8
FR;1;2021-12-23;21278;52104;241542;958;23337;273075;362;0;0;41683388;38888911;15806047;40546;41188909;16913754;10519;0;8
FR;1;2021-12-24;7130;18268;67173;258;9244;77065;154;0;1;41690518;38907179;15873220;40804;41198153;16990819;10673;0;9
FR;1;2021-12-25;510;2864;5595;15;1796;6539;55;0;0;41691028;38910043;15878815;40819;41199949;16997358;10728;0;9
FR;1;2021-12-26;2751;7569;26960;71;3493;31470;100;0;0;41693779;38917612;15905775;40890;41203442;17028828;10828;0;9
FR;1;2021-12-27;18312;53457;235147;705;25449;265805;365;0;0;41712091;38971069;16140922;41595;41228891;17294633;11193;0;9
FR;1;2021-12-28;23302;61880;292071;1026;26988;330247;595;0;1;41735393;39032949;16432993;42621;41255879;17624880;11788;0;10
FR;1;2021-12-29;22218;55371;255049;921;25255;288245;645;0;1;41757611;39088320;16688042;43542;41281134;17913125;12433;0;11
FR;1;2021-12-30;21240;46405;212183;857;22441;239631;718;0;0;41778851;39134725;16900225;44399;41303575;18152756;13151;0;11
FR;1;2021-12-31;7468;16535;61882;229;8713;70416;347;0;0;41786319;39151260;16962107;44628;41312288;18223172;13498;0;11
FR;1;2022-01-01;1170;2489;5668;30;1543;6577;73;0;0;41787489;39153749;16967775;44658;41313831;18229749;13571;0;11
FR;1;2022-01-02;3095;8074;28896;50;3672;33537;190;0;0;41790584;39161823;16996671;44708;41317503;18263286;13761;0;11
FR;1;2022-01-03;26994;54161;228289;790;27529;257749;964;0;1;41817578;39215984;17224960;45498;41345032;18521035;14725;0;12
FR;1;2022-01-04;26370;64973;299326;1241;29774;337372;1367;0;2;41843948;39280957;17524286;46739;41374806;18858407;16092;0;14
FR;1;2022-01-05;30570;64239;274936;1099;32506;310315;1264;0;0;41874518;39345196;17799222;47838;41407312;19168722;17356;0;14
FR;1;2022-01-06;26861;66194;306956;1404;29267;346630;1569;0;1;41901379;39411390;18106178;49242;41436579;19515352;18925;0;15
FR;1;2022-01-07;31583;74960;349882;1538;34386;394010;1822;0;1;41932962;39486350;18456060;50780;41470965;19909362;20747;0;16
FR;1;2022-01-08;23391;51358;222512;698;25571;251140;913;0;1;41956353;39537708;18678572;51478;41496536;20160502;21660;0;17
FR;1;2022-01-09;7091;17130;66036;163;8165;76142;335;0;0;41963444;39554838;18744608;51641;41504701;20236644;21995;0;17
FR;1;2022-01-10;21814;60574;236837;957;32913;267629;1258;0;1;41985258;39615412;18981445;52598;41537614;20504273;23253;0;18
FR;1;2022-01-11;26785;63427;282347;1280;31190;317862;1837;0;1;42012043;39678839;19263792;53878;41568804;20822135;25090;0;19
FR;1;2022-01-12;28969;62473;246304;1106;35037;278092;1686;0;3;42041012;39741312;19510096;54984;41603841;21100227;26776;0;22
FR;1;2022-01-13;24791;60153;262845;1253;30023;296166;1993;0;4;42065803;39801465;19772941;56237;41633864;21396393;28769;0;26
FR;1;2022-01-14;27972;66682;314057;1366;32103;351310;2475;0;1;42093775;39868147;20086998;57603;41665967;21747703;31244;0;27
FR;1;2022-01-15;19372;44405;199333;619;22460;223869;1363;0;1;42113147;39912552;20286331;58222;41688427;21971572;32607;0;28
FR;1;2022-01-16;5161;12955;51537;135;6020;59557;338;0;0;42118308;39925507;20337868;58357;41694447;22031129;32945;0;28
FR;1;2022-01-17;16884;39660;184865;783;20110;206843;1690;0;2;42135192;39965167;20522733;59140;41714557;22237972;34635;0;30
FR;1;2022-01-18;19460;45957;212462;1154;22983;237063;2456;0;1;42154652;40011124;20735195;60294;41737540;22475035;37091;0;31
FR;1;2022-01-19;20314;43939;176150;898;25466;197206;1977;0;4;42174966;40055063;20911345;61192;41763006;22672241;39068;0;35
FR;1;2022-01-20;16852;40564;183722;1147;20811;204767;2516;0;2;42191818;40095627;21095067;62339;41783817;22877008;41584;0;37
FR;1;2022-01-21;19923;47000;228984;1405;23880;253361;3105;0;1;42211741;40142627;21324051;63744;41807697;23130369;44689;0;38
FR;1;2022-01-22;13845;33331;144509;579;18432;161398;1404;0;2;42225586;40175958;21468560;64323;41826129;23291767;46093;0;40
FR;1;2022-01-23;3379;8763;33439;132;4576;38324;352;0;1;42228965;40184721;21501999;64455;41830705;23330091;46445;0;41
FR;1;2022-01-24;11816;32969;142244;718;17789;158282;2104;0;1;42240781;40217690;21644243;65173;41848494;23488373;48549;0;42
FR;1;2022-01-25;14217;38156;163435;1049;20281;181569;3181;0;1;42254998;40255846;21807678;66222;41868775;23669942;51730;0;43
FR;1;2022-01-26;14865;37720;150273;934;22632;166401;2516;0;1;42269863;40293566;21957951;67156;41891407;23836343;54246;0;44
FR;1;2022-01-27;12341;33340;143471;896;18500;158051;3230;0;3;42282204;40326906;22101422;68052;41909907;23994394;57476;0;47
FR;1;2022-01-28;16331;56908;198337;1144;32664;222396;4007;0;3;42298535;40383814;22299759;69196;41942571;24216790;61483;0;50
FR;1;2022-01-29;10270;35469;135216;525;19611;151542;1879;0;1;42308805;40419283;22434975;69721;41962182;24368332;63362;0;51
FR;1;2022-01-30;2484;9254;29688;86;4827;34449;434;0;1;42311289;40428537;22464663;69807;41967009;24402781;63796;0;52
FR;1;2022-01-31;8759;32459;104354;533;19470;117342;2340;0;3;42320048;40460996;22569017;70340;41986479;24520123;66136;0;55
FR;1;2022-02-01;11010;36446;127094;866;20631;141216;4320;0;1;42331058;40497442;22696111;71206;42007110;24661339;70456;0;56
FR;1;2022-02-02;12166;41571;130370;782;25262;145817;3774;0;9;42343224;40539013;22826481;71988;42032372;24807156;74230;0;65
FR;1;2022-02-03;9518;34055;117034;785;19123;130334;4284;0;4;42352742;40573068;22943515;72773;42051495;24937490;78514;0;69
FR;1;2022-02-04;11543;49684;172589;968;26975;192725;5479;0;5;42364285;40622752;23116104;73741;42078470;25130215;83993;0;74
FR;1;2022-02-05;8000;33921;117593;391;18170;133024;2414;0;3;42372285;40656673;23233697;74132;42096640;25263239;86407;0;77
FR;1;2022-02-06;1706;7995;22754;86;3873;26905;444;0;0;42373991;40664668;23256451;74218;42100513;25290144;86851;0;77
FR;1;2022-02-07;7367;35385;119114;460;18171;134971;3398;0;4;42381358;40700053;23375565;74678;42118684;25425115;90249;0;81
FR;1;2022-02-08;7771;31960;125676;696;14892;140666;4301;0;5;42389129;40732013;23501241;75374;42133576;25565781;94550;0;86
FR;1;2022-02-09;8742;36530;135267;702;17930;152511;3884;0;7;42397871;40768543;23636508;76076;42151506;25718292;98434;0;93
FR;1;2022-02-10;7032;30143;116383;677;13908;130171;4445;0;1;42404903;40798686;23752891;76753;42165414;25848463;102879;0;94
FR;1;2022-02-11;8662;41567;165150;878;18380;185374;5430;0;3;42413565;40840253;23918041;77631;42183794;26033837;108309;0;97
FR;1;2022-02-12;5346;27617;106715;379;12540;120900;2396;0;2;42418911;40867870;24024756;78010;42196334;26154737;110705;0;99
FR;1;2022-02-13;1269;5721;21721;66;2188;25339;402;0;3;42420180;40873591;24046477;78076;42198522;26180076;111107;0;102
FR;1;2022-02-14;5461;27230;118096;395;10644;133124;3385;0;4;42425641;40900821;24164573;78471;42209166;26313200;114492;0;106
FR;1;2022-02-15;5797;28872;118941;611;12221;132572;4883;0;1;42431438;40929693;24283514;79082;42221387;26445772;119375;0;107
FR;1;2022-02-16;5763;28496;110428;597;13763;123058;4153;0;3;42437201;40958189;24393942;79679;42235150;26568830;123528;0;110
FR;1;2022-02-17;4616;19748;73155;489;10129;80261;3999;0;3;42441817;40977937;24467097;80168;42245279;26649091;127527;0;113
FR;1;2022-02-18;5615;26802;99207;673;14175;108168;5519;0;2;42447432;41004739;24566304;80841;42259454;26757259;133046;0;115
FR;1;2022-02-19;3551;17177;59479;305;9570;66060;2267;0;0;42450983;41021916;24625783;81146;42269024;26823319;135313;0;115
FR;1;2022-02-20;794;3258;10706;36;1651;12333;360;0;1;42451777;41025174;24636489;81182;42270675;26835652;135673;0;116
FR;1;2022-02-21;3430;14599;52830;286;7919;57678;3126;0;2;42455207;41039773;24689319;81468;42278594;26893330;138799;0;118
FR;1;2022-02-22;3804;15550;51919;500;9047;55657;4070;0;1;42459011;41055323;24741238;81968;42287641;26948987;142869;0;119
FR;1;2022-02-23;4235;17828;57487;510;10748;62589;3568;0;3;42463246;41073151;24798725;82478;42298389;27011576;146437;0;122
FR;1;2022-02-24;3345;13145;43620;436;7840;46410;3658;0;2;42466591;41086296;24842345;82914;42306229;27057986;150095;0;124
FR;1;2022-02-25;4478;20133;64928;697;12250;68799;5768;0;4;42471069;41106429;24907273;83611;42318479;27126785;155863;0;128
FR;1;2022-02-26;2698;12806;41372;310;7653;45125;2494;0;2;42473767;41119235;24948645;83921;42326132;27171910;158357;0;130
FR;1;2022-02-27;644;2192;7131;42;1207;7994;433;0;0;42474411;41121427;24955776;83963;42327339;27179904;158790;0;130
FR;1;2022-02-28;2614;10501;34969;306;6081;37395;3124;0;0;42477025;41131928;24990745;84269;42333420;27217299;161914;0;130
FR;1;2022-03-01;3592;10762;38707;391;6364;39663;4548;0;4;42480617;41142690;25029452;84660;42339784;27256962;166462;0;134
FR;1;2022-03-02;3685;12285;41871;399;7552;43941;4111;0;1;42484302;41154975;25071323;85059;42347336;27300903;170573;0;135
FR;1;2022-03-03;2463;7994;26186;329;5249;26524;3380;0;1;42486765;41162969;25097509;85388;42352585;27327427;173953;0;136
FR;1;2022-03-04;2691;10549;35468;594;6980;34962;5280;0;3;42489456;41173518;25132977;85982;42359565;27362389;179233;0;139
FR;1;2022-03-05;1823;6369;21972;280;4207;22370;2572;0;1;42491279;41179887;25154949;86262;42363772;27384759;181805;0;140
FR;1;2022-03-06;360;959;2918;38;605;3121;327;0;0;42491639;41180846;25157867;86300;42364377;27387880;182132;0;140
FR;1;2022-03-07;1923;4724;16442;245;3046;15910;2831;0;4;42493562;41185570;25174309;86545;42367423;27403790;184963;0;144
FR;1;2022-03-08;1719;5259;17172;309;3670;16001;3471;0;3;42495281;41190829;25191481;86854;42371093;27419791;188434;0;147
FR;1;2022-03-09;1988;6750;19821;371;4825;19179;3424;0;4;42497269;41197579;25211302;87225;42375918;27438970;191858;0;151
FR;1;2022-03-10;1416;5023;15302;309;3675;14340;2944;0;2;42498685;41202602;25226604;87534;42379593;27453310;194802;0;153
FR;1;2022-03-11;1761;6416;21717;487;4450;19873;4737;0;1;42500446;41209018;25248321;88021;42384043;27473183;199539;0;154
FR;1;2022-03-12;1263;4652;15367;281;3093;14915;2687;0;2;42501709;41213670;25263688;88302;42387136;27488098;202226;0;156
FR;1;2022-03-13;257;614;2119;119;415;2065;468;0;0;42501966;41214284;25265807;88421;42387551;27490163;202694;0;156
FR;1;2022-03-14;1158;3681;13407;3882;2296;12528;6342;0;8;42503124;41217965;25279214;92303;42389847;27502691;209036;0;164
FR;1;2022-03-15;1409;5735;14665;6865;4319;13262;9847;0;8;42504533;41223700;25293879;99168;42394166;27515953;218883;0;172
FR;1;2022-03-16;1697;5091;17401;11521;3602;16465;14126;0;6;42506230;41228791;25311280;110689;42397768;27532418;233009;0;178
FR;1;2022-03-17;1181;3442;11735;9648;2367;10830;11732;0;8;42507411;41232233;25323015;120337;42400135;27543248;244741;0;186
FR;1;2022-03-18;1725;4931;17980;16508;3325;16419;19722;0;14;42509136;41237164;25340995;136845;42403460;27559667;264463;0;200
FR;1;2022-03-19;1126;3302;11891;8460;2277;11362;10142;0;6;42510262;41240466;25352886;145305;42405737;27571029;274605;0;206
FR;1;2022-03-20;224;562;1726;1015;364;1761;1224;0;2;42510486;41241028;25354612;146320;42406101;27572790;275829;0;208
FR;1;2022-03-21;1088;2768;11504;13462;1787;10855;15142;0;10;42511574;41243796;25366116;159782;42407888;27583645;290971;0;218
FR;1;2022-03-22;1282;3215;12264;18716;2156;11252;20619;0;5;42512856;41247011;25378380;178498;42410044;27594897;311590;0;223
FR;1;2022-03-23;1514;4365;16034;20111;2961;15715;21883;0;34;42514370;41251376;25394414;198609;42413005;27610612;333473;0;257
FR;1;2022-03-24;1121;2754;10405;16060;1910;9666;17565;0;15;42515491;41254130;25404819;214669;42414915;27620278;351038;0;272
FR;1;2022-03-25;1540;4364;16758;25315;2882;15409;27960;0;23;42517031;41258494;25421577;239984;42417797;27635687;378998;0;295
FR;1;2022-03-26;1110;3018;10856;11452;2065;10518;12864;0;20;42518141;41261512;25432433;251436;42419862;27646205;391862;0;315
FR;1;2022-03-27;237;546;1750;1383;334;1803;1594;0;1;42518378;41262058;25434183;252819;42420196;27648008;393456;0;316
FR;1;2022-03-28;1086;2490;9981;15885;1558;9602;17230;0;10;42519464;41264548;25444164;268704;42421754;27657610;410686;0;326
FR;1;2022-03-29;1141;2754;11562;25111;1603;10926;26508;0;30;42520605;41267302;25455726;293815;42423357;27668536;437194;0;356
FR;1;2022-03-30;1632;3680;14175;24233;2454;13715;25897;0;19;42522237;41270982;25469901;318048;42425811;27682251;463091;0;375
FR;1;2022-03-31;1281;3032;11701;22700;2060;11214;24021;0;40;42523518;41274014;25481602;340748;42427871;27693465;487112;0;415
FR;1;2022-04-01;2239;4025;18492;28534;2482;17362;30806;0;54;42525757;41278039;25500094;369282;42430353;27710827;517918;0;469
FR;1;2022-04-02;911;1894;8197;9240;1106;7960;10233;0;28;42526668;41279933;25508291;378522;42431459;27718787;528151;0;497
FR;1;2022-04-03;207;382;1433;1058;219;1435;1249;0;1;42526875;41280315;25509724;379580;42431678;27720222;529400;0;498
FR;1;2022-04-04;4275;2608;11385;17680;1696;10776;18900;0;30;42531150;41282923;25521109;397260;42433374;27730998;548300;0;528
FR;1;2022-04-05;2261;2725;13007;31222;1708;12033;32603;0;68;42533411;41285648;25534116;428482;42435082;27743031;580903;0;596
FR;1;2022-04-06;1893;3018;12206;23982;1926;11643;25279;0;62;42535304;41288666;25546322;452464;42437008;27754674;606182;0;658
FR;1;2022-04-07;1694;2754;12360;31120;1651;11827;32196;0;68;42536998;41291420;25558682;483584;42438659;27766501;638378;0;726
FR;1;2022-04-08;1847;3713;17570;40648;2099;16500;42701;0;76;42538845;41295133;25576252;524232;42440758;27783001;681079;0;802
FR;1;2022-04-09;827;2000;8406;12504;1078;8106;13502;0;26;42539672;41297133;25584658;536736;42441836;27791107;694581;0;828
FR;1;2022-04-10;202;654;1837;1855;419;1883;2075;0;6;42539874;41297787;25586495;538591;42442255;27792990;696656;0;834
FR;1;2022-04-11;1107;2269;10973;22372;1322;10687;23480;0;68;42540981;41300056;25597468;560963;42443577;27803677;720136;0;902
FR;1;2022-04-12;1352;2680;12828;38147;1594;12316;38899;0;119;42542333;41302736;25610296;599110;42445171;27815993;759035;0;1021
FR;1;2022-04-13;1284;2894;12278;30627;1790;12008;31399;0;85;42543617;41305630;25622574;629737;42446961;27828001;790434;0;1106
FR;1;2022-04-14;1239;2629;12119;33661;1632;12133;34098;0;87;42544856;41308259;25634693;663398;42448593;27840134;824532;0;1193
FR;1;2022-04-15;1512;3346;14408;33269;2161;13814;34671;0;107;42546368;41311605;25649101;696667;42450754;27853948;859203;0;1300
FR;1;2022-04-16;663;1410;5845;8003;767;5777;8757;0;31;42547031;41313015;25654946;704670;42451521;27859725;867960;0;1331
FR;1;2022-04-17;157;290;930;1121;177;975;1171;0;7;42547188;41313305;25655876;705791;42451698;27860700;869131;0;1338
FR;1;2022-04-18;170;499;2636;1002;313;2660;1187;0;5;42547358;41313804;25658512;706793;42452011;27863360;870318;0;1343
FR;1;2022-04-19;1260;2610;11788;27936;1501;11519;28791;0;69;42548618;41316414;25670300;734729;42453512;27874879;899109;0;1412
FR;1;2022-04-20;1360;2675;12179;26886;1678;12031;27711;0;82;42549978;41319089;25682479;761615;42455190;27886910;926820;0;1494
FR;1;2022-04-21;1245;2465;11554;33285;1514;11785;33623;0;107;42551223;41321554;25694033;794900;42456704;27898695;960443;0;1601
FR;1;2022-04-22;1527;3094;15217;35507;1928;14795;36705;0;120;42552750;41324648;25709250;830407;42458632;27913490;997148;0;1721
FR;1;2022-04-23;767;1590;6738;9894;927;6644;10578;0;30;42553517;41326238;25715988;840301;42459559;27920134;1007726;0;1751
FR;1;2022-04-24;195;378;1376;1524;242;1329;1749;0;7;42553712;41326616;25717364;841825;42459801;27921463;1009475;0;1758
FR;1;2022-04-25;1042;2133;9858;19736;1256;9758;20558;0;64;42554754;41328749;25727222;861561;42461057;27931221;1030033;0;1822
FR;1;2022-04-26;1351;2627;12608;36640;1608;12207;37228;0;163;42556105;41331376;25739830;898201;42462665;27943428;1067261;0;1985
FR;1;2022-04-27;1330;2408;10654;29290;1468;10790;29675;0;123;42557435;41333784;25750484;927491;42464133;27954218;1096936;0;2108
FR;1;2022-04-28;1285;2418;11565;34327;1524;11406;34477;0;127;42558720;41336202;25762049;961818;42465657;27965624;1131413;0;2235
FR;1;2022-04-29;1616;4296;14407;35563;3169;13859;36853;0;153;42560336;41340498;25776456;997381;42468826;27979483;1168266;0;2388
FR;1;2022-04-30;841;4336;6448;9173;3763;6292;9974;0;35;42561177;41344834;25782904;1006554;42472589;27985775;1178240;0;2423
FR;1;2022-05-01;178;288;832;951;190;826;1080;0;5;42561355;41345122;25783736;1007505;42472779;27986601;1179320;0;2428
FR;1;2022-05-02;2099;2618;10383;16955;1773;10308;17636;0;64;42563454;41347740;25794119;1024460;42474552;27996909;1196956;0;2492
FR;1;2022-05-03;1687;2879;12712;32916;1762;12604;33715;0;149;42565141;41350619;25806831;1057376;42476314;28009513;1230671;0;2641
FR;1;2022-05-04;1382;2751;11234;23826;1696;11396;24365;0;96;42566523;41353370;25818065;1081202;42478010;28020909;1255036;0;2737
FR;1;2022-05-05;1501;2738;12201;31862;1722;12124;32410;0;170;42568024;41356108;25830266;1113064;42479732;28033033;1287446;0;2907
FR;1;2022-05-06;1822;3242;14242;34941;1919;13826;36203;0;166;42569846;41359350;25844508;1148005;42481651;28046859;1323649;0;3073
FR;1;2022-05-07;860;1473;5979;9097;878;6013;9731;0;44;42570706;41360823;25850487;1157102;42482529;28052872;1333380;0;3117
FR;1;2022-05-08;190;329;1062;1472;221;1124;1548;0;8;42570896;41361152;25851549;1158574;42482750;28053996;1334928;0;3125
FR;1;2022-05-09;1167;2020;9250;19262;1160;9165;20034;0;93;42572063;41363172;25860799;1177836;42483910;28063161;1354962;0;3218
FR;1;2022-05-10;1511;3050;12616;37145;1961;12215;38043;0;177;42573574;41366222;25873415;1214981;42485871;28075376;1393005;0;3395
FR;1;2022-05-11;1441;2480;9912;26042;1698;9860;26559;0;138;42575015;41368702;25883327;1241023;42487569;28085236;1419564;0;3533
FR;1;2022-05-12;1326;2457;10529;33654;1549;10229;34300;0;188;42576341;41371159;25893856;1274677;42489118;28095465;1453864;0;3721
FR;1;2022-05-13;1618;2808;12770;35855;1686;12418;36950;0;149;42577959;41373967;25906626;1310532;42490804;28107883;1490814;0;3870
FR;1;2022-05-14;783;1329;5481;10217;815;5365;10732;0;51;42578742;41375296;25912107;1320749;42491619;28113248;1501546;0;3921
FR;1;2022-05-15;223;422;1182;1352;246;1252;1497;0;5;42578965;41375718;25913289;1322101;42491865;28114500;1503043;0;3926
FR;1;2022-05-16;972;1786;8081;20138;1005;8145;20550;0;117;42579937;41377504;25921370;1342239;42492870;28122645;1523593;0;4043
FR;1;2022-05-17;1297;2303;11126;36187;1387;10730;36973;0;172;42581234;41379807;25932496;1378426;42494257;28133375;1560566;0;4215
FR;1;2022-05-18;1313;2137;9041;25730;1369;8991;26289;0;99;42582547;41381944;25941537;1404156;42495626;28142366;1586855;0;4314
FR;1;2022-05-19;1207;2404;9857;34005;1415;9952;34208;0;150;42583754;41384348;25951394;1438161;42497041;28152318;1621063;0;4464
FR;1;2022-05-20;1563;2757;12533;37655;1720;12113;38516;0;151;42585317;41387105;25963927;1475816;42498761;28164431;1659579;0;4615
FR;1;2022-05-21;775;1387;5247;9374;880;5164;9944;0;37;42586092;41388492;25969174;1485190;42499641;28169595;1669523;0;4652
FR;1;2022-05-22;194;292;954;1398;204;953;1521;0;10;42586286;41388784;25970128;1486588;42499845;28170548;1671044;0;4662
FR;1;2022-05-23;971;1891;8370;19439;1179;8346;20056;0;79;42587257;41390675;25978498;1506027;42501024;28178894;1691100;0;4741
FR;1;2022-05-24;1289;2448;10728;37252;1440;10598;37825;0;173;42588546;41393123;25989226;1543279;42502464;28189492;1728925;0;4914
FR;1;2022-05-25;1272;2300;8793;23694;1425;8957;24056;0;111;42589818;41395423;25998019;1566973;42503889;28198449;1752981;0;5025
FR;1;2022-05-26;175;385;1585;1155;261;1580;1288;0;24;42589993;41395808;25999604;1568128;42504150;28200029;1754269;0;5049
FR;1;2022-05-27;1120;2192;8790;20457;1377;8538;21410;0;84;42591113;41398000;26008394;1588585;42505527;28208567;1775679;0;5133
FR;1;2022-05-28;486;1059;3692;6543;627;3729;6930;0;37;42591599;41399059;26012086;1595128;42506154;28212296;1782609;0;5170
FR;1;2022-05-29;121;257;708;896;149;719;1005;0;4;42591720;41399316;26012794;1596024;42506303;28213015;1783614;0;5174
FR;1;2022-05-30;832;1744;6559;18536;1045;6592;18990;0;85;42592552;41401060;26019353;1614560;42507348;28219607;1802604;0;5259
FR;1;2022-05-31;1266;2241;9248;34376;1372;9118;34976;0;159;42593818;41403301;26028601;1648936;42508720;28228725;1837580;0;5418
FR;1;2022-06-01;1336;2605;10439;23460;1752;10302;24307;0;116;42595154;41405906;26039040;1672396;42510472;28239027;1861887;0;5534
FR;1;2022-06-02;1228;2309;10670;34153;1448;10248;34986;0;162;42596382;41408215;26049710;1706549;42511920;28249275;1896873;0;5696
FR;1;2022-06-03;1447;2749;12735;37112;1740;12156;38288;0;157;42597829;41410964;26062445;1743661;42513660;28261431;1935161;0;5853
FR;1;2022-06-04;686;1262;4750;8677;759;4826;9167;0;62;42598515;41412226;26067195;1752338;42514419;28266257;1944328;0;5915
FR;1;2022-06-05;134;292;811;1049;150;835;1154;0;3;42598649;41412518;26068006;1753387;42514569;28267092;1945482;0;5918
FR;1;2022-06-06;839;1196;2028;1252;1018;2047;1427;0;9;42599488;41413714;26070034;1754639;42515587;28269139;1946909;0;5927
FR;1;2022-06-07;1264;2343;9185;34056;1440;8845;35155;0;143;42600752;41416057;26079219;1788695;42517027;28277984;1982064;0;6070
FR;1;2022-06-08;1140;2239;8682;27613;1402;8566;28484;0;107;42601892;41418296;26087901;1816308;42518429;28286550;2010548;0;6177
FR;1;2022-06-09;1076;2151;9987;37575;1282;9672;38342;0;148;42602968;41420447;26097888;1853883;42519711;28296222;2048890;0;6325
FR;1;2022-06-10;1336;2861;12424;43134;1824;12015;44363;0;200;42604304;41423308;26110312;1897017;42521535;28308237;2093253;0;6525
FR;1;2022-06-11;661;1451;5136;11085;798;5185;11614;0;50;42604965;41424759;26115448;1908102;42522333;28313422;2104867;0;6575
FR;1;2022-06-12;157;377;1019;1687;189;1077;1788;0;11;42605122;41425136;26116467;1909789;42522522;28314499;2106655;0;6586
FR;1;2022-06-13;951;1840;7014;22226;1135;6871;23067;0;84;42606073;41426976;26123481;1932015;42523657;28321370;2129722;0;6670
FR;1;2022-06-14;1117;2234;9840;42851;1312;9245;43943;0;186;42607190;41429210;26133321;1974866;42524969;28330615;2173665;0;6856
FR;1;2022-06-15;1094;2012;8788;29393;1363;8476;29941;0;169;42608284;41431222;26142109;2004259;42526332;28339091;2203606;0;7025
FR;1;2022-06-16;959;1840;9403;38510;1061;8881;39417;0;188;42609243;41433062;26151512;2042769;42527393;28347972;2243023;0;7213
FR;1;2022-06-17;1229;2568;11916;44864;1483;11382;46004;0;224;42610472;41435630;26163428;2087633;42528876;28359354;2289027;0;7437
FR;1;2022-06-18;564;1277;4319;10544;717;4258;11086;0;62;42611036;41436907;26167747;2098177;42529593;28363612;2300113;0;7499
FR;1;2022-06-19;137;325;1003;1543;173;1082;1609;0;12;42611173;41437232;26168750;2099720;42529766;28364694;2301722;0;7511
FR;1;2022-06-20;861;1709;8493;25049;1008;8157;25910;0;146;42612034;41438941;26177243;2124769;42530774;28372851;2327632;0;7657
FR;1;2022-06-21;1103;2140;9765;47760;1256;8856;49105;0;241;42613137;41441081;26187008;2172529;42532030;28381707;2376737;0;7898
FR;1;2022-06-22;1045;2074;8442;37162;1301;7963;38022;0;231;42614182;41443155;26195450;2209691;42533331;28389670;2414759;0;8129
FR;1;2022-06-23;1054;2181;10125;52819;1210;9408;53828;0;290;42615236;41445336;26205575;2262510;42534541;28399078;2468587;0;8419
FR;1;2022-06-24;1256;2719;12917;65969;1487;11701;67641;0;367;42616492;41448055;26218492;2328479;42536028;28410779;2536228;0;8786
FR;1;2022-06-25;685;1506;5930;18923;792;5712;19722;0;163;42617177;41449561;26224422;2347402;42536820;28416491;2555950;0;8949
FR;1;2022-06-26;167;406;1817;3494;191;1713;3730;0;34;42617344;41449967;26226239;2350896;42537011;28418204;2559680;0;8983
FR;1;2022-06-27;945;1777;9901;45979;943;9127;47114;0;300;42618289;41451744;26236140;2396875;42537954;28427331;2606794;0;9283
FR;1;2022-06-28;1215;2576;13844;86578;1381;12406;88265;0;569;42619504;41454320;26249984;2483453;42539335;28439737;2695059;0;9852
FR;1;2022-06-29;1242;2297;11482;67403;1261;10549;68448;0;487;42620746;41456617;26261466;2550856;42540596;28450286;2763507;0;10339
FR;1;2022-06-30;1290;2486;13518;89967;1437;11828;91769;0;645;42622036;41459103;26274984;2640823;42542033;28462114;2855276;0;10984
FR;1;2022-07-01;1659;3482;20315;109201;1992;17971;111597;0;859;42623695;41462585;26295299;2750024;42544025;28480085;2966873;0;11843
FR;1;2022-07-02;770;1527;8025;33776;751;7254;34802;0;315;42624465;41464112;26303324;2783800;42544776;28487339;3001675;0;12158
FR;1;2022-07-03;230;480;1943;6118;257;1759;6444;0;71;42624695;41464592;26305267;2789918;42545033;28489098;3008119;0;12229
FR;1;2022-07-04;1678;3179;13935;75420;2064;12362;77309;0;589;42626373;41467771;26319202;2865338;42547097;28501460;3085428;0;12818
FR;1;2022-07-05;1507;2858;17693;126371;1512;15149;128485;0;1060;42627880;41470629;26336895;2991709;42548609;28516609;3213913;0;13878
FR;1;2022-07-06;1378;2405;14888;93747;1384;12912;95183;0;815;42629258;41473034;26351783;3085456;42549993;28529521;3309096;0;14693
FR;1;2022-07-07;1444;2539;16939;119493;1407;14010;121588;0;1074;42630702;41475573;26368722;3204949;42551400;28543531;3430684;0;15767
FR;1;2022-07-08;1534;2823;19609;130004;1541;15972;132808;0;1220;42632236;41478396;26388331;3334953;42552941;28559503;3563492;0;16987
FR;1;2022-07-09;663;1281;7311;36022;699;6354;36809;0;392;42632899;41479677;26395642;3370975;42553640;28565857;3600301;0;17379
FR;1;2022-07-10;245;657;2240;6689;412;2032;7068;0;89;42633144;41480334;26397882;3377664;42554052;28567889;3607369;0;17468
FR;1;2022-07-11;1241;2245;14320;84455;1180;11942;86565;0;734;42634385;41482579;26412202;3462119;42555232;28579831;3693934;0;18202
FR;1;2022-07-12;1605;2806;19464;137423;1442;15903;139914;0;1485;42635990;41485385;26431666;3599542;42556674;28595734;3833848;0;19687
FR;1;2022-07-13;1461;2442;14791;89838;1319;12644;91523;0;1002;42637451;41487827;26446457;3689380;42557993;28608378;3925371;0;20689
FR;1;2022-07-14;162;350;1864;5290;195;1773;5437;0;74;42637613;41488177;26448321;3694670;42558188;28610151;3930808;0;20763
FR;1;2022-07-15;1266;2319;14364;80599;1206;12007;82603;0;960;42638879;41490496;26462685;3775269;42559394;28622158;4013411;0;21723
FR;1;2022-07-16;514;1064;5641;23949;556;4894;24590;0;302;42639393;41491560;26468326;3799218;42559950;28627052;4038001;0;22025
FR;1;2022-07-17;163;369;1656;4464;193;1501;4727;0;60;42639556;41491929;26469982;3803682;42560143;28628553;4042728;0;22085
FR;1;2022-07-18;975;2037;11301;59282;1148;9571;61006;0;715;42640531;41493966;26481283;3862964;42561291;28638124;4103734;0;22800
FR;1;2022-07-19;1235;2132;14695;99429;1196;11727;101426;0;1386;42641766;41496098;26495978;3962393;42562487;28649851;4205160;0;24186
FR;1;2022-07-20;1184;2007;12372;74374;1173;10283;75859;0;964;42642950;41498105;26508350;4036767;42563660;28660134;4281019;0;25150
FR;1;2022-07-21;1137;1955;12418;84546;1189;9994;85911;0;1211;42644087;41500060;26520768;4121313;42564849;28670128;4366930;0;26361
FR;1;2022-07-22;1273;2245;14111;85963;1257;11433;87688;0;1264;42645360;41502305;26534879;4207276;42566106;28681561;4454618;0;27625
FR;1;2022-07-23;548;1093;5238;21296;634;4611;21842;0;373;42645908;41503398;26540117;4228572;42566740;28686172;4476460;0;27998
FR;1;2022-07-24;149;306;1327;3700;153;1168;3925;0;65;42646057;41503704;26541444;4232272;42566893;28687340;4480385;0;28063
FR;1;2022-07-25;890;1634;9076;46124;984;7526;47497;0;680;42646947;41505338;26550520;4278396;42567877;28694866;4527882;0;28743
FR;1;2022-07-26;1136;1964;12681;81968;1120;10336;83582;0;1198;42648083;41507302;26563201;4360364;42568997;28705202;4611464;0;29941
FR;1;2022-07-27;1021;1730;9760;58521;1047;8138;59702;0;874;42649104;41509032;26572961;4418885;42570044;28713340;4671166;0;30815
FR;1;2022-07-28;982;1705;9857;61914;1113;7854;63140;0;967;42650086;41510737;26582818;4480799;42571157;28721194;4734306;0;31782
FR;1;2022-07-29;1112;1845;10461;62989;1171;8385;64303;0;1066;42651198;41512582;26593279;4543788;42572328;28729579;4798609;0;32848
FR;1;2022-07-30;395;726;3349;14491;442;2849;14851;0;279;42651593;41513308;26596628;4558279;42572770;28732428;4813460;0;33127
FR;1;2022-07-31;141;264;900;2335;159;766;2477;0;47;42651734;41513572;26597528;4560614;42572929;28733194;4815937;0;33174
FR;1;2022-08-01;880;1473;7260;28968;1087;6122;29961;0;519;42652614;41515045;26604788;4589582;42574016;28739316;4845898;0;33693
FR;1;2022-08-02;929;1487;8238;54049;1000;6634;54688;0;1091;42653543;41516532;26613026;4643631;42575016;28745950;4900586;0;34784
FR;1;2022-08-03;738;1108;6157;37044;753;4939;37774;0;645;42654281;41517640;26619183;4680675;42575769;28750889;4938360;0;35429
FR;1;2022-08-04;651;1080;6263;41453;696;5058;42007;0;850;42654932;41518720;26625446;4722128;42576465;28755947;4980367;0;36279
FR;1;2022-08-05;745;1198;6766;43084;809;5436;43707;0;933;42655677;41519918;26632212;4765212;42577274;28761383;5024074;0;37212
FR;1;2022-08-06;277;465;1993;9000;305;1674;9192;0;218;42655954;41520383;26634205;4774212;42577579;28763057;5033266;0;37430
FR;1;2022-08-07;89;148;520;1557;104;436;1630;0;35;42656043;41520531;26634725;4775769;42577683;28763493;5034896;0;37465
FR;1;2022-08-08;581;1077;3807;21229;832;3141;21627;0;457;42656624;41521608;26638532;4796998;42578515;28766634;5056523;0;37922
FR;1;2022-08-09;668;1056;5683;38481;747;4558;38967;0;794;42657292;41522664;26644215;4835479;42579262;28771192;5095490;0;38716
FR;1;2022-08-10;568;1185;4435;26915;886;3636;27228;0;601;42657860;41523849;26648650;4862394;42580148;28774828;5122718;0;39317
FR;1;2022-08-11;566;920;4315;28210;632;3589;28538;0;634;42658426;41524769;26652965;4890604;42580780;28778417;5151256;0;39951
FR;1;2022-08-12;732;1042;4555;27171;719;3762;27583;0;668;42659158;41525811;26657520;4917775;42581499;28782179;5178839;0;40619
FR;1;2022-08-13;319;371;1248;5111;263;1066;5282;0;116;42659477;41526182;26658768;4922886;42581762;28783245;5184121;0;40735
FR;1;2022-08-14;67;115;277;871;96;236;941;0;24;42659544;41526297;26659045;4923757;42581858;28783481;5185062;0;40759
FR;1;2022-08-15;112;216;574;542;185;535;593;0;16;42659656;41526513;26659619;4924299;42582043;28784016;5185655;0;40775
FR;1;2022-08-16;550;953;3792;21490;712;3221;21691;0;582;42660206;41527466;26663411;4945789;42582755;28787237;5207346;0;41357
FR;1;2022-08-17;548;915;3769;22153;682;3195;22391;0;579;42660754;41528381;26667180;4967942;42583437;28790432;5229737;0;41936
FR;1;2022-08-18;562;899;3942;25451;700;3141;25673;0;630;42661316;41529280;26671122;4993393;42584137;28793573;5255410;0;42566
FR;1;2022-08-19;537;1050;4369;26547;749;3601;26855;0;732;42661853;41530330;26675491;5019940;42584886;28797174;5282265;0;43298
FR;1;2022-08-20;251;422;1290;5371;322;1107;5524;0;138;42662104;41530752;26676781;5025311;42585208;28798281;5287789;0;43436
FR;1;2022-08-21;84;112;287;990;77;253;1013;0;27;42662188;41530864;26677068;5026301;42585285;28798534;5288802;0;43463
FR;1;2022-08-22;511;900;3141;14956;674;2713;15232;0;411;42662699;41531764;26680209;5041257;42585959;28801247;5304034;0;43874
FR;1;2022-08-23;655;1064;4155;28323;748;3486;28405;0;830;42663354;41532828;26684364;5069580;42586707;28804733;5332439;0;44704
FR;1;2022-08-24;568;838;3405;19069;660;2774;19254;0;587;42663922;41533666;26687769;5088649;42587367;28807507;5351693;0;45291
FR;1;2022-08-25;565;937;3831;22919;654;3214;23148;0;655;42664487;41534603;26691600;5111568;42588021;28810721;5374841;0;45946
FR;1;2022-08-26;754;1137;4350;25157;810;3568;25532;0;745;42665241;41535740;26695950;5136725;42588831;28814289;5400373;0;46691
FR;1;2022-08-27;221;432;1324;5308;277;1191;5362;0;192;42665462;41536172;26697274;5142033;42589108;28815480;5405735;0;46883
FR;1;2022-08-28;113;147;298;899;106;280;948;0;33;42665575;41536319;26697572;5142932;42589214;28815760;5406683;0;46916
FR;1;2022-08-29;506;861;2979;14256;638;2519;14566;0;409;42666081;41537180;26700551;5157188;42589852;28818279;5421249;0;47325
FR;1;2022-08-30;745;1111;4626;27712;788;3776;28033;0;793;42666826;41538291;26705177;5184900;42590640;28822055;5449282;0;48118
FR;1;2022-08-31;587;835;3114;17241;614;2624;17503;0;483;42667413;41539126;26708291;5202141;42591254;28824679;5466785;0;48601
FR;1;2022-09-01;700;927;4333;21895;652;3693;22148;0;587;42668113;41540053;26712624;5224036;42591906;28828372;5488933;0;49188
FR;1;2022-09-02;858;1063;4886;27865;762;4083;28153;0;882;42668971;41541116;26717510;5251901;42592668;28832455;5517086;0;50070
FR;1;2022-09-03;322;511;1833;5876;349;1595;6105;0;174;42669293;41541627;26719343;5257777;42593017;28834050;5523191;0;50244
FR;1;2022-09-04;109;137;341;845;73;334;915;0;21;42669402;41541764;26719684;5258622;42593090;28834384;5524106;0;50265
FR;1;2022-09-05;717;872;3051;15698;696;2557;15982;0;499;42670119;41542636;26722735;5274320;42593786;28836941;5540088;0;50764
FR;1;2022-09-06;839;965;4572;31063;612;3712;31284;0;1002;42670958;41543601;26727307;5305383;42594398;28840653;5571372;0;51766
FR;1;2022-09-07;609;705;2921;16444;467;2425;16581;0;550;42671567;41544306;26730228;5321827;42594865;28843078;5587953;0;52316
FR;1;2022-09-08;582;796;3701;24224;543;3041;24305;0;796;42672149;41545102;26733929;5346051;42595408;28846119;5612258;0;53112
FR;1;2022-09-09;782;976;4307;26897;618;3597;27078;0;903;42672931;41546078;26738236;5372948;42596026;28849716;5639336;0;54015
FR;1;2022-09-10;349;572;1679;5590;402;1479;5782;0;203;42673280;41546650;26739915;5378538;42596428;28851195;5645118;0;54218
FR;1;2022-09-11;106;120;313;646;82;293;703;0;17;42673386;41546770;26740228;5379184;42596510;28851488;5645821;0;54235
FR;1;2022-09-12;482;605;2616;12955;426;2233;13235;0;462;42673868;41547375;26742844;5392139;42596936;28853721;5659056;0;54697
FR;1;2022-09-13;644;831;3870;25850;542;3383;25721;0;834;42674512;41548206;26746714;5417989;42597478;28857104;5684777;0;55531
FR;1;2022-09-14;624;724;2881;15702;508;2412;15938;0;537;42675136;41548930;26749595;5433691;42597986;28859516;5700715;0;56068
FR;1;2022-09-15;532;777;3344;23092;549;2850;23156;0;679;42675668;41549707;26752939;5456783;42598535;28862366;5723871;0;56747
FR;1;2022-09-16;726;946;4019;25351;630;3391;25550;0;891;42676394;41550653;26756958;5482134;42599165;28865757;5749421;0;57638
FR;1;2022-09-17;303;428;1397;5979;300;1222;6087;0;227;42676697;41551081;26758355;5488113;42599465;28866979;5755508;0;57865
FR;1;2022-09-18;99;126;310;924;103;278;980;0;34;42676796;41551207;26758665;5489037;42599568;28867257;5756488;0;57899
FR;1;2022-09-19;400;577;2142;12864;379;1837;13018;0;414;42677196;41551784;26760807;5501901;42599947;28869094;5769506;0;58313
FR;1;2022-09-20;564;839;3669;25830;587;3066;25870;0;854;42677760;41552623;26764476;5527731;42600534;28872160;5795376;0;59167
FR;1;2022-09-21;484;690;2628;15862;490;2256;15826;0;561;42678244;41553313;26767104;5543593;42601024;28874416;5811202;0;59728
FR;1;2022-09-22;549;777;3296;22968;517;2695;23156;0;744;42678793;41554090;26770400;5566561;42601541;28877111;5834358;0;60472
FR;1;2022-09-23;767;944;4353;28163;678;3634;28326;0;981;42679560;41555034;26774753;5594724;42602219;28880745;5862684;0;61453
FR;1;2022-09-24;356;539;1591;6706;379;1373;6880;0;300;42679916;41555573;26776344;5601430;42602598;28882118;5869564;0;61753
FR;1;2022-09-25;81;157;321;1072;111;293;1110;0;32;42679997;41555730;26776665;5602502;42602709;28882411;5870674;0;61785
FR;1;2022-09-26;383;654;2182;13078;432;1935;13171;0;412;42680380;41556384;26778847;5615580;42603141;28884346;5883845;0;62197
FR;1;2022-09-27;542;767;3458;25025;541;2794;25223;0;906;42680922;41557151;26782305;5640605;42603682;28887140;5909068;0;63103
FR;1;2022-09-28;525;720;2448;14972;507;2217;15061;0;597;42681447;41557871;26784753;5655577;42604189;28889357;5924129;0;63700
FR;1;2022-09-29;504;697;2999;20366;486;2523;20381;0;767;42681951;41558568;26787752;5675943;42604675;28891880;5944510;0;64467
FR;1;2022-09-30;694;996;3776;24429;705;3160;24677;0;970;42682645;41559564;26791528;5700372;42605380;28895040;5969187;0;65437
FR;1;2022-10-01;352;610;1905;5507;446;1659;5733;0;273;42682997;41560174;26793433;5705879;42605826;28896699;5974920;0;65710
FR;1;2022-10-02;56;120;204;568;82;204;589;0;29;42683053;41560294;26793637;5706447;42605908;28896903;5975509;0;65739
FR;1;2022-10-03;552;875;2226;10042;719;1986;10210;0;489;42683605;41561169;26795863;5716489;42606627;28898889;5985719;0;66228
FR;1;2022-10-04;657;738;2930;18922;506;2481;19010;0;1086;42684262;41561907;26798793;5735411;42607133;28901370;6004729;0;67314
FR;1;2022-10-05;486;726;2099;11114;500;1872;11243;0;723;42684748;41562633;26800892;5746525;42607633;28903242;6015972;0;68037
FR;1;2022-10-06;451;643;2497;15777;465;2062;15959;0;1062;42685199;41563276;26803389;5762302;42608098;28905304;6031931;0;69099
FR;1;2022-10-07;558;772;2694;16068;570;2311;16092;0;1161;42685757;41564048;26806083;5778370;42608668;28907615;6048023;0;70260
FR;1;2022-10-08;242;315;888;3171;248;776;3276;0;291;42685999;41564363;26806971;5781541;42608916;28908391;6051299;0;70551
FR;1;2022-10-09;76;90;151;461;80;135;487;0;51;42686075;41564453;26807122;5782002;42608996;28908526;6051786;0;70602
FR;1;2022-10-10;315;562;1324;4999;469;1240;5096;0;463;42686390;41565015;26808446;5787001;42609465;28909766;6056882;0;71065
FR;1;2022-10-11;336;456;1316;8086;341;1198;8187;0;758;42686726;41565471;26809762;5795087;42609806;28910964;6065069;0;71823
FR;1;2022-10-12;346;481;1078;5222;367;1076;5239;0;521;42687072;41565952;26810840;5800309;42610173;28912040;6070308;0;72344
FR;1;2022-10-13;337;450;1079;6099;360;936;6146;0;629;42687409;41566402;26811919;5806408;42610533;28912976;6076454;0;72973
FR;1;2022-10-14;413;553;1176;6712;468;1049;6781;0;676;42687822;41566955;26813095;5813120;42611001;28914025;6083235;0;73649
FR;1;2022-10-15;212;345;531;1860;297;514;1868;0;226;42688034;41567300;26813626;5814980;42611298;28914539;6085103;0;73875
FR;1;2022-10-16;47;67;111;296;48;118;315;0;48;42688081;41567367;26813737;5815276;42611346;28914657;6085418;0;73923
FR;1;2022-10-17;237;335;742;2653;267;698;2698;0;366;42688318;41567702;26814479;5817929;42611613;28915355;6088116;0;74289
FR;1;2022-10-18;266;319;956;4596;257;833;4700;0;866;42688584;41568021;26815435;5822525;42611870;28916188;6092816;0;75155
FR;1;2022-10-19;286;405;697;3185;338;666;3164;0;502;42688870;41568426;26816132;5825710;42612208;28916854;6095980;0;75657
FR;1;2022-10-20;288;355;903;4369;302;795;4404;0;771;42689158;41568781;26817035;5830079;42612510;28917649;6100384;0;76428
FR;1;2022-10-21;304;420;847;3806;371;743;3878;0;675;42689462;41569201;26817882;5833885;42612881;28918392;6104262;0;77103
FR;1;2022-10-22;135;184;306;1253;162;300;1218;0;210;42689597;41569385;26818188;5835138;42613043;28918692;6105480;0;77313
FR;1;2022-10-23;33;43;65;197;41;59;213;0;25;42689630;41569428;26818253;5835335;42613084;28918751;6105693;0;77338
FR;1;2022-10-24;273;236;479;1603;204;476;1660;0;306;42689903;41569664;26818732;5836938;42613288;28919227;6107353;0;77644
FR;1;2022-10-25;222;258;528;2651;227;449;2707;0;487;42690125;41569922;26819260;5839589;42613515;28919676;6110060;0;78131
FR;1;2022-10-26;235;251;394;1958;240;371;1965;0;438;42690360;41570173;26819654;5841547;42613755;28920047;6112025;0;78569
FR;1;2022-10-27;260;234;490;2167;206;509;2151;0;518;42690620;41570407;26820144;5843714;42613961;28920556;6114176;0;79087
FR;1;2022-10-28;312;333;534;2335;312;471;2402;0;478;42690932;41570740;26820678;5846049;42614273;28921027;6116578;0;79565
FR;1;2022-10-29;99;158;176;716;128;210;708;0;203;42691031;41570898;26820854;5846765;42614401;28921237;6117286;0;79768
FR;1;2022-10-30;38;49;62;184;41;56;189;0;38;42691069;41570947;26820916;5846949;42614442;28921293;6117475;0;79806
FR;1;2022-10-31;135;189;295;796;168;273;863;0;143;42691204;41571136;26821211;5847745;42614610;28921566;6118338;0;79949
FR;1;2022-11-01;72;135;767;115;117;767;134;0;19;42691276;41571271;26821978;5847860;42614727;28922333;6118472;0;79968
FR;1;2022-11-02;269;245;531;985;241;497;1048;0;356;42691545;41571516;26822509;5848845;42614968;28922830;6119520;0;80324
FR;1;2022-11-03;272;238;442;1379;223;403;1418;0;377;42691817;41571754;26822951;5850224;42615191;28923233;6120938;0;80701
FR;1;2022-11-04;233;262;424;1597;242;401;1637;0;438;42692050;41572016;26823375;5851821;42615433;28923634;6122575;0;81139
FR;1;2022-11-05;100;135;273;503;124;255;525;0;111;42692150;41572151;26823648;5852324;42615557;28923889;6123100;0;81250
FR;1;2022-11-06;36;48;32;131;47;35;129;0;33;42692186;41572199;26823680;5852455;42615604;28923924;6123229;0;81283
FR;1;2022-11-07;220;283;326;899;271;319;944;0;212;42692406;41572482;26824006;5853354;42615875;28924243;6124173;0;81495
FR;1;2022-11-08;237;267;472;1709;255;417;1738;0;524;42692643;41572749;26824478;5855063;42616130;28924660;6125911;0;82019
FR;1;2022-11-09;196;255;337;1104;245;303;1141;0;477;42692839;41573004;26824815;5856167;42616375;28924963;6127052;0;82496
FR;1;2022-11-10;216;377;435;1680;369;442;1670;0;605;42693055;41573381;26825250;5857847;42616744;28925405;6128722;0;83101
FR;1;2022-11-11;34;48;105;100;45;92;114;0;44;42693089;41573429;26825355;5857947;42616789;28925497;6128836;0;83145
FR;1;2022-11-12;95;150;257;375;137;256;390;0;101;42693184;41573579;26825612;5858322;42616926;28925753;6129226;0;83246
FR;1;2022-11-13;25;56;28;64;53;31;66;0;26;42693209;41573635;26825640;5858386;42616979;28925784;6129292;0;83272
FR;1;2022-11-14;173;184;271;768;172;275;838;0;235;42693382;41573819;26825911;5859154;42617151;28926059;6130130;0;83507
FR;1;2022-11-15;227;404;394;1300;403;372;1338;0;436;42693609;41574223;26826305;5860454;42617554;28926431;6131468;0;83943
FR;1;2022-11-16;197;272;335;983;266;349;1017;0;359;42693806;41574495;26826640;5861437;42617820;28926780;6132485;0;84302
FR;1;2022-11-17;171;210;297;1207;204;273;1211;0;387;42693977;41574705;26826937;5862644;42618024;28927053;6133696;0;84689
FR;1;2022-11-18;229;269;394;1315;261;383;1349;0;411;42694206;41574974;26827331;5863959;42618285;28927436;6135045;0;85100
FR;1;2022-11-19;120;115;249;441;114;214;474;0;102;42694326;41575089;26827580;5864400;42618399;28927650;6135519;0;85202
FR;1;2022-11-20;35;128;31;66;124;33;74;0;28;42694361;41575217;26827611;5864466;42618523;28927683;6135593;0;85230
FR;1;2022-11-21;174;172;271;640;145;288;677;0;211;42694535;41575389;26827882;5865106;42618668;28927971;6136270;0;85441
FR;1;2022-11-22;157;168;417;1160;151;398;1185;0;409;42694692;41575557;26828299;5866266;42618819;28928369;6137455;0;85850
FR;1;2022-11-23;179;185;246;763;170;247;786;0;241;42694871;41575742;26828545;5867029;42618989;28928616;6138241;0;86091
FR;1;2022-11-24;138;170;288;1212;151;300;1215;0;442;42695009;41575912;26828833;5868241;42619140;28928916;6139456;0;86533
FR;1;2022-11-25;210;247;429;1159;233;418;1191;0;392;42695219;41576159;26829262;5869400;42619373;28929334;6140647;0;86925
FR;1;2022-11-26;90;109;113;323;101;125;311;0;118;42695309;41576268;26829375;5869723;42619474;28929459;6140958;0;87043
FR;1;2022-11-27;18;38;22;72;25;34;78;0;49;42695327;41576306;26829397;5869795;42619499;28929493;6141036;0;87092
FR;1;2022-11-28;210;146;209;665;153;205;708;0;332;42695537;41576452;26829606;5870460;42619652;28929698;6141744;0;87424
FR;1;2022-11-29;171;145;269;1107;130;251;1119;0;458;42695708;41576597;26829875;5871567;42619782;28929949;6142863;0;87882
FR;1;2022-11-30;161;209;235;938;195;238;960;0;322;42695869;41576806;26830110;5872505;42619977;28930187;6143823;0;88204
FR;1;2022-12-01;166;161;716;1097;149;681;1146;0;379;42696035;41576967;26830826;5873602;42620126;28930868;6144969;0;88583
FR;1;2022-12-02;200;199;516;1186;194;512;1234;0;470;42696235;41577166;26831342;5874788;42620320;28931380;6146203;0;89053
FR;1;2022-12-03;102;111;262;532;99;240;529;0;180;42696337;41577277;26831604;5875320;42620419;28931620;6146732;0;89233
FR;1;2022-12-04;27;27;19;138;24;20;129;0;58;42696364;41577304;26831623;5875458;42620443;28931640;6146861;0;89291
FR;1;2022-12-05;148;164;307;867;161;301;899;0;316;42696512;41577468;26831930;5876325;42620604;28931941;6147760;0;89607
FR;1;2022-12-06;156;171;274;1449;157;279;1455;0;739;42696668;41577639;26832204;5877774;42620761;28932220;6149215;0;90346
FR;1;2022-12-07;155;168;256;1187;177;236;1203;0;576;42696823;41577807;26832460;5878961;42620938;28932456;6150418;0;90922
FR;1;2022-12-08;131;145;302;1756;137;259;1797;0;765;42696954;41577952;26832762;5880717;42621075;28932715;6152215;0;91687
FR;1;2022-12-09;202;196;356;1815;169;364;1836;0;721;42697156;41578148;26833118;5882532;42621244;28933079;6154051;0;92408
FR;1;2022-12-10;116;147;341;856;134;324;877;0;292;42697272;41578295;26833459;5883388;42621378;28933403;6154928;0;92700
FR;1;2022-12-11;31;30;32;218;27;30;200;0;62;42697303;41578325;26833491;5883606;42621405;28933433;6155128;0;92762
FR;1;2022-12-12;128;105;296;1100;101;283;1113;0;457;42697431;41578430;26833787;5884706;42621506;28933716;6156241;0;93219
FR;1;2022-12-13;125;129;292;1307;103;267;1321;0;618;42697556;41578559;26834079;5886013;42621609;28933983;6157562;0;93837
FR;1;2022-12-14;105;159;256;867;153;235;892;0;372;42697661;41578718;26834335;5886880;42621762;28934218;6158454;0;94209
FR;1;2022-12-15;139;181;455;1492;168;425;1518;0;691;42697800;41578899;26834790;5888372;42621930;28934643;6159972;0;94900
FR;1;2022-12-16;205;217;568;1344;220;553;1366;0;623;42698005;41579116;26835358;5889716;42622150;28935196;6161338;0;95523
FR;1;2022-12-17;88;93;224;467;82;219;475;0;204;42698093;41579209;26835582;5890183;42622232;28935415;6161813;0;95727
FR;1;2022-12-18;17;22;27;112;19;29;108;0;37;42698110;41579231;26835609;5890295;42622251;28935444;6161921;0;95764
FR;1;2022-12-19;151;131;250;791;139;220;835;0;381;42698261;41579362;26835859;5891086;42622390;28935664;6162756;0;96145
FR;1;2022-12-20;147;161;354;906;148;348;912;0;427;42698408;41579523;26836213;5891992;42622538;28936012;6163668;0;96572
FR;1;2022-12-21;139;112;214;638;122;180;646;0;388;42698547;41579635;26836427;5892630;42622660;28936192;6164314;0;96960
FR;1;2022-12-22;147;111;165;552;121;150;543;0;329;42698694;41579746;26836592;5893182;42622781;28936342;6164857;0;97289
FR;1;2022-12-23;130;156;457;419;139;447;426;0;182;42698824;41579902;26837049;5893601;42622920;28936789;6165283;0;97471
FR;1;2022-12-24;30;27;33;56;29;32;63;0;21;42698854;41579929;26837082;5893657;42622949;28936821;6165346;0;97492
FR;1;2022-12-25;4;11;20;12;12;14;15;0;11;42698858;41579940;26837102;5893669;42622961;28936835;6165361;0;97503
FR;1;2022-12-26;94;90;248;251;89;253;257;0;93;42698952;41580030;26837350;5893920;42623050;28937088;6165618;0;97596
FR;1;2022-12-27;117;159;310;387;150;316;402;0;180;42699069;41580189;26837660;5894307;42623200;28937404;6166020;0;97776
FR;1;2022-12-28;107;143;203;270;129;206;281;0;126;42699176;41580332;26837863;5894577;42623329;28937610;6166301;0;97902
FR;1;2022-12-29;105;105;154;282;105;153;303;0;114;42699281;41580437;26838017;5894859;42623434;28937763;6166604;0;98016
FR;1;2022-12-30;127;123;89;258;115;94;268;0;143;42699408;41580560;26838106;5895117;42623549;28937857;6166872;0;98159
FR;1;2022-12-31;38;35;28;79;40;25;79;0;25;42699446;41580595;26838134;5895196;42623589;28937882;6166951;0;98184
FR;1;2023-01-01;6;12;61;22;12;57;27;0;10;42699452;41580607;26838195;5895218;42623601;28937939;6166978;0;98194
FR;1;2023-01-02;312;137;676;169;144;656;194;0;64;42699764;41580744;26838871;5895387;42623745;28938595;6167172;0;98258
FR;1;2023-01-03;165;104;369;207;102;362;215;0;146;42699929;41580848;26839240;5895594;42623847;28938957;6167387;0;98404
FR;1;2023-01-04;94;96;248;198;97;249;208;0;193;42700023;41580944;26839488;5895792;42623944;28939206;6167595;0;98597
FR;1;2023-01-05;147;126;173;334;136;174;335;0;206;42700170;41581070;26839661;5896126;42624080;28939380;6167930;0;98803
FR;1;2023-01-06;198;143;224;325;146;210;350;0;230;42700368;41581213;26839885;5896451;42624226;28939590;6168280;0;99033
FR;1;2023-01-07;106;89;175;147;92;158;164;0;93;42700474;41581302;26840060;5896598;42624318;28939748;6168444;0;99126
FR;1;2023-01-08;26;19;30;59;18;25;64;0;24;42700500;41581321;26840090;5896657;42624336;28939773;6168508;0;99150
FR;1;2023-01-09;138;126;133;135;123;141;153;0;115;42700638;41581447;26840223;5896792;42624459;28939914;6168661;0;99265
FR;1;2023-01-10;119;131;281;277;128;288;278;0;192;42700757;41581578;26840504;5897069;42624587;28940202;6168939;0;99457
FR;1;2023-01-11;106;111;91;209;120;95;221;0;96;42700863;41581689;26840595;5897278;42624707;28940297;6169160;0;99553
FR;1;2023-01-12;135;119;214;243;114;214;268;0;166;42700998;41581808;26840809;5897521;42624821;28940511;6169428;0;99719
FR;1;2023-01-13;228;164;173;285;162;172;306;0;188;42701226;41581972;26840982;5897806;42624983;28940683;6169734;0;99907
FR;1;2023-01-14;89;64;162;104;66;172;103;0;62;42701315;41582036;26841144;5897910;42625049;28940855;6169837;0;99969
FR;1;2023-01-15;23;36;31;42;33;31;46;0;30;42701338;41582072;26841175;5897952;42625082;28940886;6169883;0;99999
FR;1;2023-01-16;113;104;310;155;98;314;133;0;100;42701451;41582176;26841485;5898107;42625180;28941200;6170016;0;100099
FR;1;2023-01-17;113;100;167;216;99;164;243;0;128;42701564;41582276;26841652;5898323;42625279;28941364;6170259;0;100227
FR;1;2023-01-18;99;89;97;143;88;92;184;0;121;42701663;41582365;26841749;5898466;42625367;28941456;6170443;0;100348
FR;1;2023-01-19;112;78;105;134;76;117;134;0;135;42701775;41582443;26841854;5898600;42625443;28941573;6170577;0;100483
FR;1;2023-01-20;170;148;166;278;149;194;267;0;203;42701945;41582591;26842020;5898878;42625592;28941767;6170844;0;100686
FR;1;2023-01-21;58;71;91;85;71;102;75;0;35;42702003;41582662;26842111;5898963;42625663;28941869;6170919;0;100721
FR;1;2023-01-22;10;9;13;21;7;9;25;0;14;42702013;41582671;26842124;5898984;42625670;28941878;6170944;0;100735
FR;1;2023-01-23;88;84;108;100;87;100;119;0;85;42702101;41582755;26842232;5899084;42625757;28941978;6171063;0;100820
FR;1;2023-01-24;122;76;73;122;89;70;131;0;183;42702223;41582831;26842305;5899206;42625846;28942048;6171194;0;101003
FR;1;2023-01-25;98;118;78;108;119;78;124;0;107;42702321;41582949;26842383;5899314;42625965;28942126;6171318;0;101110
FR;1;2023-01-26;105;105;63;152;94;68;173;0;107;42702426;41583054;26842446;5899466;42626059;28942194;6171491;0;101217
FR;1;2023-01-27;172;329;104;137;345;121;137;0;200;42702598;41583383;26842550;5899603;42626404;28942315;6171628;0;101417
FR;1;2023-01-28;73;74;55;40;76;52;48;0;28;42702671;41583457;26842605;5899643;42626480;28942367;6171676;0;101445
FR;1;2023-01-29;12;22;33;10;20;31;16;0;12;42702683;41583479;26842638;5899653;42626500;28942398;6171692;0;101457
FR;1;2023-01-30;144;108;64;72;110;70;80;0;51;42702827;41583587;26842702;5899725;42626610;28942468;6171772;0;101508
FR;1;2023-01-31;122;84;65;137;73;68;149;0;143;42702949;41583671;26842767;5899862;42626683;28942536;6171921;0;101651
FR;1;2023-02-01;122;140;345;106;138;338;134;0;77;42703071;41583811;26843112;5899968;42626821;28942874;6172055;0;101728
FR;1;2023-02-02;88;94;91;106;89;98;108;0;98;42703159;41583905;26843203;5900074;42626910;28942972;6172163;0;101826
FR;1;2023-02-03;155;146;133;98;146;139;104;0;97;42703314;41584051;26843336;5900172;42627056;28943111;6172267;0;101923
FR;1;2023-02-04;50;78;72;46;85;74;47;0;24;42703364;41584129;26843408;5900218;42627141;28943185;6172314;0;101947
FR;1;2023-02-05;6;8;18;6;7;21;7;0;8;42703370;41584137;26843426;5900224;42627148;28943206;6172321;0;101955
FR;1;2023-02-06;95;76;112;77;83;114;81;0;89;42703465;41584213;26843538;5900301;42627231;28943320;6172402;0;102044
FR;1;2023-02-07;91;75;97;75;76;91;95;0;114;42703556;41584288;26843635;5900376;42627307;28943411;6172497;0;102158
FR;1;2023-02-08;83;93;62;30;92;67;34;0;51;42703639;41584381;26843697;5900406;42627399;28943478;6172531;0;102209
FR;1;2023-02-09;65;65;82;59;75;81;67;0;79;42703704;41584446;26843779;5900465;42627474;28943559;6172598;0;102288
FR;1;2023-02-10;142;131;57;72;134;69;73;0;117;42703846;41584577;26843836;5900537;42627608;28943628;6172671;0;102405
FR;1;2023-02-11;45;52;78;25;49;87;27;0;11;42703891;41584629;26843914;5900562;42627657;28943715;6172698;0;102416
FR;1;2023-02-12;10;9;10;8;13;10;9;0;9;42703901;41584638;26843924;5900570;42627670;28943725;6172707;0;102425
FR;1;2023-02-13;80;111;45;42;112;52;34;0;31;42703981;41584749;26843969;5900612;42627782;28943777;6172741;0;102456
FR;1;2023-02-14;69;70;73;50;69;77;47;0;77;42704050;41584819;26844042;5900662;42627851;28943854;6172788;0;102533
FR;1;2023-02-15;75;99;76;52;107;82;60;0;81;42704125;41584918;26844118;5900714;42627958;28943936;6172848;0;102614
FR;1;2023-02-16;60;75;113;82;63;122;86;0;73;42704185;41584993;26844231;5900796;42628021;28944058;6172934;0;102687
FR;1;2023-02-17;104;124;168;61;129;172;70;0;47;42704289;41585117;26844399;5900857;42628150;28944230;6173004;0;102734
FR;1;2023-02-18;44;56;147;41;56;153;43;0;9;42704333;41585173;26844546;5900898;42628206;28944383;6173047;0;102743
FR;1;2023-02-19;14;0;6;4;2;5;4;0;5;42704347;41585173;26844552;5900902;42628208;28944388;6173051;0;102748
FR;1;2023-02-20;76;73;50;28;77;55;32;0;16;42704423;41585246;26844602;5900930;42628285;28944443;6173083;0;102764
FR;1;2023-02-21;62;74;54;49;78;57;47;0;38;42704485;41585320;26844656;5900979;42628363;28944500;6173130;0;102802
FR;1;2023-02-22;64;77;32;18;78;36;18;0;22;42704549;41585397;26844688;5900997;42628441;28944536;6173148;0;102824
FR;1;2023-02-23;51;78;47;36;75;57;31;0;54;42704600;41585475;26844735;5901033;42628516;28944593;6173179;0;102878
FR;1;2023-02-24;95;111;42;33;112;50;34;0;38;42704695;41585586;26844777;5901066;42628628;28944643;6173213;0;102916
FR;1;2023-02-25;42;49;69;22;56;69;24;0;26;42704737;41585635;26844846;5901088;42628684;28944712;6173237;0;102942
FR;1;2023-02-26;2;3;1;2;1;3;1;0;3;42704739;41585638;26844847;5901090;42628685;28944715;6173238;0;102945
FR;1;2023-02-27;91;77;62;35;77;70;32;0;20;42704830;41585715;26844909;5901125;42628762;28944785;6173270;0;102965
FR;1;2023-02-28;87;72;34;50;68;44;52;0;32;42704917;41585787;26844943;5901175;42628830;28944829;6173322;0;102997
FR;1;2023-03-01;72;89;242;52;87;234;69;0;42;42704989;41585876;26845185;5901227;42628917;28945063;6173391;0;103039
FR;1;2023-03-02;64;63;88;55;64;85;66;0;117;42705053;41585939;26845273;5901282;42628981;28945148;6173457;0;103156
FR;1;2023-03-03;105;107;65;52;106;64;55;0;47;42705158;41586046;26845338;5901334;42629087;28945212;6173512;0;103203
FR;1;2023-03-04;51;46;69;26;43;70;31;0;15;42705209;41586092;26845407;5901360;42629130;28945282;6173543;0;103218
FR;1;2023-03-05;4;2;5;0;3;5;1;0;0;42705213;41586094;26845412;5901360;42629133;28945287;6173544;0;103218
FR;1;2023-03-06;86;57;79;17;63;85;23;0;14;42705299;41586151;26845491;5901377;42629196;28945372;6173567;0;103232
FR;1;2023-03-07;52;71;47;40;68;45;50;0;71;42705351;41586222;26845538;5901417;42629264;28945417;6173617;0;103303
FR;1;2023-03-08;47;65;32;16;68;34;22;0;6;42705398;41586287;26845570;5901433;42629332;28945451;6173639;0;103309
FR;1;2023-03-09;37;53;45;22;49;48;31;0;27;42705435;41586340;26845615;5901455;42629381;28945499;6173670;0;103336
FR;1;2023-03-10;93;97;84;41;97;88;46;0;25;42705528;41586437;26845699;5901496;42629478;28945587;6173716;0;103361
FR;1;2023-03-11;47;39;50;9;33;57;12;0;6;42705575;41586476;26845749;5901505;42629511;28945644;6173728;0;103367
FR;1;2023-03-12;2;10;7;0;12;6;1;0;0;42705577;41586486;26845756;5901505;42629523;28945650;6173729;0;103367
FR;1;2023-03-13;47;57;38;14;53;45;14;0;18;42705624;41586543;26845794;5901519;42629576;28945695;6173743;0;103385
FR;1;2023-03-14;66;46;54;21;50;58;23;0;31;42705690;41586589;26845848;5901540;42629626;28945753;6173766;0;103416
FR;1;2023-03-15;39;59;67;31;59;74;34;0;23;42705729;41586648;26845915;5901571;42629685;28945827;6173800;0;103439
FR;1;2023-03-16;55;49;86;23;53;85;27;0;20;42705784;41586697;26846001;5901594;42629738;28945912;6173827;0;103459
FR;1;2023-03-17;109;86;99;37;100;102;41;0;35;42705893;41586783;26846100;5901631;42629838;28946014;6173868;0;103494
FR;1;2023-03-18;34;33;144;10;28;148;15;0;5;42705927;41586816;26846244;5901641;42629866;28946162;6173883;0;103499
FR;1;2023-03-19;11;2;1;2;3;1;3;0;0;42705938;41586818;26846245;5901643;42629869;28946163;6173886;0;103499
FR;1;2023-03-20;43;55;47;17;45;57;21;0;14;42705981;41586873;26846292;5901660;42629914;28946220;6173907;0;103513
FR;1;2023-03-21;73;60;40;11;65;43;16;0;26;42706054;41586933;26846332;5901671;42629979;28946263;6173923;0;103539
FR;1;2023-03-22;58;53;36;31;53;50;26;0;13;42706112;41586986;26846368;5901702;42630032;28946313;6173949;0;103552
FR;1;2023-03-23;58;46;37;23;47;41;25;0;47;42706170;41587032;26846405;5901725;42630079;28946354;6173974;0;103599
FR;1;2023-03-24;77;103;190;29;106;196;35;0;23;42706247;41587135;26846595;5901754;42630185;28946550;6174009;0;103622
FR;1;2023-03-25;45;49;47;10;46;51;14;0;5;42706292;41587184;26846642;5901764;42630231;28946601;6174023;0;103627
FR;1;2023-03-26;2;3;8;0;0;9;2;0;2;42706294;41587187;26846650;5901764;42630231;28946610;6174025;0;103629
FR;1;2023-03-27;103;58;68;11;61;71;15;0;22;42706397;41587245;26846718;5901775;42630292;28946681;6174040;0;103651
FR;1;2023-03-28;46;38;23;21;42;25;21;0;31;42706443;41587283;26846741;5901796;42630334;28946706;6174061;0;103682
FR;1;2023-03-29;55;45;31;28;44;38;25;0;14;42706498;41587328;26846772;5901824;42630378;28946744;6174086;0;103696
FR;1;2023-03-30;56;41;58;19;44;57;26;0;29;42706554;41587369;26846830;5901843;42630422;28946801;6174112;0;103725
FR;1;2023-03-31;66;84;28;16;82;34;13;0;35;42706620;41587453;26846858;5901859;42630504;28946835;6174125;0;103760
FR;1;2023-04-01;29;51;125;10;48;127;17;0;10;42706649;41587504;26846983;5901869;42630552;28946962;6174142;0;103770
FR;1;2023-04-02;1;1;7;0;1;6;1;0;0;42706650;41587505;26846990;5901869;42630553;28946968;6174143;0;103770
FR;1;2023-04-03;90;48;136;26;45;137;31;0;19;42706740;41587553;26847126;5901895;42630598;28947105;6174174;0;103789
FR;1;2023-04-04;39;50;37;10;42;44;11;0;25;42706779;41587603;26847163;5901905;42630640;28947149;6174185;0;103814
FR;1;2023-04-05;25;40;32;19;37;26;27;0;14;42706804;41587643;26847195;5901924;42630677;28947175;6174212;0;103828
FR;1;2023-04-06;41;44;30;10;41;31;15;0;15;42706845;41587687;26847225;5901934;42630718;28947206;6174227;0;103843
FR;1;2023-04-07;46;63;31;17;62;35;16;0;13;42706891;41587750;26847256;5901951;42630780;28947241;6174243;0;103856
FR;1;2023-04-08;25;32;7;13;25;14;13;0;13;42706916;41587782;26847263;5901964;42630805;28947255;6174256;0;103869
FR;1;2023-04-09;1;2;0;2;1;1;2;0;1;42706917;41587784;26847263;5901966;42630806;28947256;6174258;0;103870
FR;1;2023-04-10;5;14;22;1;14;24;1;0;1;42706922;41587798;26847285;5901967;42630820;28947280;6174259;0;103871
FR;1;2023-04-11;38;50;19;12;49;18;14;0;17;42706960;41587848;26847304;5901979;42630869;28947298;6174273;0;103888
FR;1;2023-04-12;36;34;26;19;32;33;20;0;24;42706996;41587882;26847330;5901998;42630901;28947331;6174293;0;103912
FR;1;2023-04-13;37;33;12;15;34;17;13;0;26;42707033;41587915;26847342;5902013;42630935;28947348;6174306;0;103938
FR;1;2023-04-14;59;69;96;13;78;92;17;0;17;42707092;41587984;26847438;5902026;42631013;28947440;6174323;0;103955
FR;1;2023-04-15;28;28;12;8;28;17;8;0;2;42707120;41588012;26847450;5902034;42631041;28947457;6174331;0;103957
FR;1;2023-04-16;3;2;0;0;2;0;0;0;0;42707123;41588014;26847450;5902034;42631043;28947457;6174331;0;103957
FR;1;2023-04-17;37;38;54;16;42;60;14;0;11;42707160;41588052;26847504;5902050;42631085;28947517;6174345;0;103968
FR;1;2023-04-18;36;38;26;7;33;30;11;0;23;42707196;41588090;26847530;5902057;42631118;28947547;6174356;0;103991
FR;1;2023-04-19;36;57;10;6;57;11;8;0;13;42707232;41588147;26847540;5902063;42631175;28947558;6174364;0;104004
FR;1;2023-04-20;27;36;35;16;37;35;17;0;14;42707259;41588183;26847575;5902079;42631212;28947593;6174381;0;104018
FR;1;2023-04-21;45;55;15;11;51;21;11;0;17;42707304;41588238;26847590;5902090;42631263;28947614;6174392;0;104035
FR;1;2023-04-22;19;20;10;5;17;15;5;0;4;42707323;41588258;26847600;5902095;42631280;28947629;6174397;0;104039
FR;1;2023-04-23;0;1;2;1;1;2;1;0;0;42707323;41588259;26847602;5902096;42631281;28947631;6174398;0;104039
FR;1;2023-04-24;57;38;27;5;36;31;6;0;8;42707380;41588297;26847629;5902101;42631317;28947662;6174404;0;104047
FR;1;2023-04-25;29;33;22;15;29;23;19;0;15;42707409;41588330;26847651;5902116;42631346;28947685;6174423;0;104062
FR;1;2023-04-26;31;24;6;6;24;11;7;0;7;42707440;41588354;26847657;5902122;42631370;28947696;6174430;0;104069
FR;1;2023-04-27;32;34;20;24;30;24;27;0;9;42707472;41588388;26847677;5902146;42631400;28947720;6174457;0;104078
FR;1;2023-04-28;68;50;19;11;44;25;17;0;11;42707540;41588438;26847696;5902157;42631444;28947745;6174474;0;104089
FR;1;2023-04-29;19;18;11;2;17;9;6;0;0;42707559;41588456;26847707;5902159;42631461;28947754;6174480;0;104089
FR;1;2023-04-30;6;0;0;1;0;0;1;0;0;42707565;41588456;26847707;5902160;42631461;28947754;6174481;0;104089
FR;1;2023-05-01;0;6;8;0;6;8;0;0;0;42707565;41588462;26847715;5902160;42631467;28947762;6174481;0;104089
FR;1;2023-05-02;89;36;17;3;40;20;7;0;14;42707654;41588498;26847732;5902163;42631507;28947782;6174488;0;104103
FR;1;2023-05-03;40;25;14;2;22;19;2;0;7;42707694;41588523;26847746;5902165;42631529;28947801;6174490;0;104110
FR;2;2020-12-27;0;0;0;0;0;0;0;0;0;0;0;0;0;0;0;0;0;0
FR;2;2020-12-28;0;0;0;0;0;0;0;0;0;0;0;0;0;0;0;0;0;0
FR;2;2020-12-29;0;0;0;0;0;0;0;0;0;0;0;0;0;0;0;0;0;0
FR;2;2020-12-30;0;0;0;0;0;0;0;0;0;0;0;0;0;0;0;0;0;0
FR;2;2020-12-31;0;0;0;0;0;0;0;0;0;0;0;0;0;0;0;0;0;0
FR;2;2021-01-01;0;0;0;0;0;0;0;0;0;0;0;0;0;0;0;0;0;0
FR;2;2021-01-02;0;0;0;0;0;0;0;0;0;0;0;0;0;0;0;0;0;0
FR;2;2021-01-03;0;0;0;0;0;0;0;0;0;0;0;0;0;0;0;0;0;0
FR;2;2021-01-04;0;0;0;0;0;0;0;0;0;0;0;0;0;0;0;0;0;0
FR;2;2021-01-05;0;0;0;0;0;0;0;0;0;0;0;0;0;0;0;0;0;0
FR;2;2021-01-06;0;0;0;0;0;0;0;0;0;0;0;0;0;0;0;0;0;0
FR;2;2021-01-07;0;0;0;0;0;0;0;0;0;0;0;0;0;0;0;0;0;0
FR;2;2021-01-08;0;0;0;0;0;0;0;0;0;0;0;0;0;0;0;0;0;0
FR;2;2021-01-09;0;0;0;0;0;0;0;0;0;0;0;0;0;0;0;0;0;0
FR;2;2021-01-10;0;0;0;0;0;0;0;0;0;0;0;0;0;0;0;0;0;0
FR;2;2021-01-11;0;0;0;0;0;0;0;0;0;0;0;0;0;0;0;0;0;0
FR;2;2021-01-12;0;0;0;0;0;0;0;0;0;0;0;0;0;0;0;0;0;0
FR;2;2021-01-13;0;0;0;0;0;0;0;0;0;0;0;0;0;0;0;0;0;0
FR;2;2021-01-14;1636;0;0;0;213;0;0;0;0;1636;0;0;0;213;0;0;0;0
FR;2;2021-01-15;398;0;0;0;28;0;0;0;0;2034;0;0;0;241;0;0;0;0
FR;2;2021-01-16;316;0;0;0;12;0;0;0;0;2350;0;0;0;253;0;0;0;0
FR;2;2021-01-17;84;0;0;0;7;0;0;0;0;2434;0;0;0;260;0;0;0;0
FR;2;2021-01-18;3075;3;0;0;27;0;0;0;0;5509;3;0;0;287;0;0;0;0
FR;2;2021-01-19;4681;2;0;0;31;0;0;0;0;10190;5;0;0;318;0;0;0;0
FR;2;2021-01-20;5138;6;0;0;58;0;0;0;0;15328;11;0;0;376;0;0;0;0
FR;2;2021-01-21;5345;9;0;0;55;0;0;0;0;20673;20;0;0;431;0;0;0;0
FR;2;2021-01-22;5119;19;0;0;70;0;0;0;0;25792;39;0;0;501;0;0;0;0
FR;2;2021-01-23;1875;2;0;0;16;0;0;0;0;27667;41;0;0;517;0;0;0;0
FR;2;2021-01-24;163;2;0;0;8;0;0;0;0;27830;43;0;0;525;0;0;0;0
FR;2;2021-01-25;3814;4;0;0;37;0;0;0;0;31644;47;0;0;562;0;0;0;0
FR;2;2021-01-26;3930;6;0;0;42;0;0;0;0;35574;53;0;0;604;0;0;0;0
FR;2;2021-01-27;3606;4;0;0;36;0;0;0;0;39180;57;0;0;640;0;0;0;0
FR;2;2021-01-28;3757;9;0;0;44;0;0;0;0;42937;66;0;0;684;0;0;0;0
FR;2;2021-01-29;3300;6;0;0;42;0;0;0;0;46237;72;0;0;726;0;0;0;0
FR;2;2021-01-30;1133;3;0;0;16;0;0;0;0;47370;75;0;0;742;0;0;0;0
FR;2;2021-01-31;46;2;0;0;9;0;0;0;0;47416;77;0;0;751;0;0;0;0
FR;2;2021-02-01;3408;13;0;0;44;0;0;0;0;50824;90;0;0;795;0;0;0;0
FR;2;2021-02-02;4498;19;0;0;53;0;0;0;0;55322;109;0;0;848;0;0;0;0
FR;2;2021-02-03;5223;12;0;0;83;0;0;0;0;60545;121;0;0;931;0;0;0;0
FR;2;2021-02-04;4941;11;0;0;36;0;0;0;0;65486;132;0;0;967;0;0;0;0
FR;2;2021-02-05;4817;17;0;0;50;0;0;0;0;70303;149;0;0;1017;0;0;0;0
FR;2;2021-02-06;2047;15;0;0;41;0;0;0;0;72350;164;0;0;1058;0;0;0;0
FR;2;2021-02-07;103;6;0;0;20;0;0;0;0;72453;170;0;0;1078;0;0;0;0
FR;2;2021-02-08;7559;27;0;0;86;0;0;0;0;80012;197;0;0;1164;0;0;0;0
FR;2;2021-02-09;8435;31;0;0;100;0;0;0;0;88447;228;0;0;1264;0;0;0;0
FR;2;2021-02-10;9349;63;0;0;183;0;0;0;0;97796;291;0;0;1447;0;0;0;0
FR;2;2021-02-11;10292;132;0;0;256;0;0;0;0;108088;423;0;0;1703;0;0;0;0
FR;2;2021-02-12;10059;276;0;0;430;0;0;0;0;118147;699;0;0;2133;0;0;0;0
FR;2;2021-02-13;3121;223;0;0;261;0;0;0;0;121268;922;0;0;2394;0;0;0;0
FR;2;2021-02-14;358;11;0;0;21;0;0;0;0;121626;933;0;0;2415;0;0;0;0
FR;2;2021-02-15;3460;3129;0;0;3176;0;0;0;0;125086;4062;0;0;5591;0;0;0;0
FR;2;2021-02-16;5076;4164;0;0;4237;0;0;0;0;130162;8226;0;0;9828;0;0;0;0
FR;2;2021-02-17;4259;4554;0;0;4631;0;0;0;0;134421;12780;0;0;14459;0;0;0;0
FR;2;2021-02-18;5406;5179;0;0;5249;0;0;0;0;139827;17959;0;0;19708;0;0;0;0
FR;2;2021-02-19;5329;4491;0;0;4592;0;0;0;0;145156;22450;0;0;24300;0;0;0;0
FR;2;2021-02-20;1872;1520;0;0;1537;0;0;0;0;147028;23970;0;0;25837;0;0;0;0
FR;2;2021-02-21;244;96;0;0;98;0;0;0;0;147272;24066;0;0;25935;0;0;0;0
FR;2;2021-02-22;3614;3782;0;0;3844;0;0;0;0;150886;27848;0;0;29779;0;0;0;0
FR;2;2021-02-23;4956;3740;0;0;3804;0;0;0;0;155842;31588;0;0;33583;0;0;0;0
FR;2;2021-02-24;5017;3558;0;0;3611;0;0;0;0;160859;35146;0;0;37194;0;0;0;0
FR;2;2021-02-25;5501;3495;0;0;3585;0;0;0;0;166360;38641;0;0;40779;0;0;0;0
FR;2;2021-02-26;4368;3179;0;0;3253;0;0;0;0;170728;41820;0;0;44032;0;0;0;0
FR;2;2021-02-27;1629;1067;0;0;1086;0;0;0;0;172357;42887;0;0;45118;0;0;0;0
FR;2;2021-02-28;179;17;0;0;28;0;0;0;0;172536;42904;0;0;45146;0;0;0;0
FR;2;2021-03-01;5193;3763;0;0;3852;0;0;0;0;177729;46667;0;0;48998;0;0;0;0
FR;2;2021-03-02;6542;4728;0;0;4829;0;0;0;0;184271;51395;0;0;53827;0;0;0;0
FR;2;2021-03-03;6544;4955;0;0;5096;0;0;0;0;190815;56350;0;0;58923;0;0;0;0
FR;2;2021-03-04;8412;4210;0;0;4396;0;0;0;0;199227;60560;0;0;63319;0;0;0;0
FR;2;2021-03-05;8037;4054;0;0;4237;0;0;0;0;207264;64614;0;0;67556;0;0;0;0
FR;2;2021-03-06;4791;1683;0;0;1783;0;0;0;0;212055;66297;0;0;69339;0;0;0;0
FR;2;2021-03-07;2373;32;0;0;76;0;0;0;0;214428;66329;0;0;69415;0;0;0;0
FR;2;2021-03-08;4166;8392;0;0;8549;0;0;0;0;218594;74721;0;0;77964;0;0;0;0
FR;2;2021-03-09;7494;8610;1;0;8868;0;0;0;0;226088;83331;1;0;86832;0;0;0;0
FR;2;2021-03-10;7108;9246;0;0;9473;0;0;0;0;233196;92577;1;0;96305;0;0;0;0
FR;2;2021-03-11;9379;9365;1;0;9685;0;0;0;0;242575;101942;2;0;105990;0;0;0;0
FR;2;2021-03-12;7988;8367;0;0;8669;0;0;0;0;250563;110309;2;0;114659;0;0;0;0
FR;2;2021-03-13;10058;2593;0;0;2914;0;0;0;0;260621;112902;2;0;117573;0;0;0;0
FR;2;2021-03-14;4841;380;0;0;539;0;0;0;0;265462;113282;2;0;118112;0;0;0;0
FR;2;2021-03-15;10919;3476;0;0;3765;0;0;0;0;276381;116758;2;0;121877;0;0;0;0
FR;2;2021-03-16;16770;4732;1;0;5282;0;0;0;0;293151;121490;3;0;127159;0;0;0;0
FR;2;2021-03-17;20242;3998;0;0;4672;0;0;0;0;313393;125488;3;0;131831;0;0;0;0
FR;2;2021-03-18;23375;5128;0;0;5957;0;0;0;0;336768;130616;3;0;137788;0;0;0;0
FR;2;2021-03-19;23316;4680;0;0;5443;0;0;0;0;360084;135296;3;0;143231;0;0;0;0
FR;2;2021-03-20;25452;1588;0;0;2345;0;0;0;0;385536;136884;3;0;145576;0;0;0;0
FR;2;2021-03-21;17675;153;0;0;731;0;0;0;0;403211;137037;3;0;146307;0;0;0;0
FR;2;2021-03-22;17791;3261;0;0;3930;0;0;0;0;421002;140298;3;0;150237;0;0;0;0
FR;2;2021-03-23;22707;4288;0;0;5142;0;0;0;0;443709;144586;3;0;155379;0;0;0;0
FR;2;2021-03-24;23966;5091;0;0;5928;0;0;0;0;467675;149677;3;0;161307;0;0;0;0
FR;2;2021-03-25;26762;5257;1;0;6454;0;0;0;0;494437;154934;4;0;167761;0;0;0;0
FR;2;2021-03-26;26992;4236;0;0;5382;0;0;0;0;521429;159170;4;0;173143;0;0;0;0
FR;2;2021-03-27;15923;1369;0;0;1899;0;0;0;0;537352;160539;4;0;175042;0;0;0;0
FR;2;2021-03-28;10563;136;0;0;428;0;0;0;0;547915;160675;4;0;175470;0;0;0;0
FR;2;2021-03-29;19004;4349;0;0;5049;0;0;0;0;566919;165024;4;0;180519;0;0;0;0
FR;2;2021-03-30;24597;6105;0;0;7045;0;0;0;0;591516;171129;4;0;187564;0;0;0;0
FR;2;2021-03-31;28562;5930;0;0;7222;0;0;0;0;620078;177059;4;0;194786;0;0;0;0
FR;2;2021-04-01;34560;8576;1;0;10269;0;0;0;0;654638;185635;5;0;205055;0;0;0;0
FR;2;2021-04-02;29992;7736;0;0;9164;0;0;0;0;684630;193371;5;0;214219;0;0;0;0
FR;2;2021-04-03;16959;4263;0;0;4945;0;0;0;0;701589;197634;5;0;219164;0;0;0;0
FR;2;2021-04-04;9309;1269;2;0;1677;0;0;0;0;710898;198903;7;0;220841;0;0;0;0
FR;2;2021-04-05;12448;797;0;0;1381;0;0;0;0;723346;199700;7;0;222222;0;0;0;0
FR;2;2021-04-06;27159;7358;0;0;8750;0;0;0;0;750505;207058;7;0;230972;0;0;0;0
FR;2;2021-04-07;30931;7070;1;0;8646;0;0;0;0;781436;214128;8;0;239618;0;0;0;0
FR;2;2021-04-08;36896;8591;1;0;10516;0;0;0;0;818332;222719;9;0;250134;0;0;0;0
FR;2;2021-04-09;33856;8389;28;0;10174;0;0;0;0;852188;231108;37;0;260308;0;0;0;0
FR;2;2021-04-10;19689;9270;1;0;10182;0;0;0;0;871877;240378;38;0;270490;0;0;0;0
FR;2;2021-04-11;7943;4240;1;0;4603;0;0;0;0;879820;244618;39;0;275093;0;0;0;0
FR;2;2021-04-12;17137;11028;0;0;11869;0;0;0;0;896957;255646;39;0;286962;0;0;0;0
FR;2;2021-04-13;19465;16036;1;0;17104;0;0;0;0;916422;271682;40;0;304066;0;0;0;0
FR;2;2021-04-14;18071;16446;7;0;17542;0;0;0;0;934493;288128;47;0;321608;0;0;0;0
FR;2;2021-04-15;22208;21890;27;0;23344;0;0;0;0;956701;310018;74;0;344952;0;0;0;0
FR;2;2021-04-16;20721;20643;45;0;21916;0;0;0;0;977422;330661;119;0;366868;0;0;0;0
FR;2;2021-04-17;13258;22496;5;0;23227;0;0;0;0;990680;353157;124;0;390095;0;0;0;0
FR;2;2021-04-18;5911;14397;6;0;14737;0;0;0;0;996591;367554;130;0;404832;0;0;0;0
FR;2;2021-04-19;16850;16394;24;0;17197;0;0;0;0;1013441;383948;154;0;422029;0;0;0;0
FR;2;2021-04-20;19328;21807;38;0;22868;0;0;0;0;1032769;405755;192;0;444897;0;0;0;0
FR;2;2021-04-21;20294;21901;76;0;23051;0;0;0;0;1053063;427656;268;0;467948;0;0;0;0
FR;2;2021-04-22;23824;24956;41;0;26369;0;0;0;0;1076887;452612;309;0;494317;0;0;0;0
FR;2;2021-04-23;24534;25501;76;0;27013;0;0;0;0;1101421;478113;385;0;521330;0;0;0;0
FR;2;2021-04-24;25305;15068;104;0;16506;0;0;0;0;1126726;493181;489;0;537836;0;0;0;0
FR;2;2021-04-25;9597;8622;5;0;9183;0;0;0;0;1136323;501803;494;0;547019;0;0;0;0
FR;2;2021-04-26;17169;17678;21;0;18564;0;0;0;0;1153492;519481;515;0;565583;0;0;0;0
FR;2;2021-04-27;19246;24100;40;0;25284;0;0;0;0;1172738;543581;555;0;590867;0;0;0;0
FR;2;2021-04-28;22343;26464;113;0;27865;0;0;0;0;1195081;570045;668;0;618732;0;0;0;0
FR;2;2021-04-29;25477;30500;70;0;32190;0;0;0;0;1220558;600545;738;0;650922;0;0;0;0
FR;2;2021-04-30;25541;27977;49;1;29627;0;0;0;0;1246099;628522;787;1;680549;0;0;0;0
FR;2;2021-05-01;14988;9853;6;0;10654;0;0;0;0;1261087;638375;793;1;691203;0;0;0;0
FR;2;2021-05-02;6642;9160;2;0;9506;0;0;0;0;1267729;647535;795;1;700709;0;0;0;0
FR;2;2021-05-03;20026;19127;40;0;20334;0;0;0;0;1287755;666662;835;1;721043;0;0;0;0
FR;2;2021-05-04;18288;29202;33;0;30348;0;0;0;0;1306043;695864;868;1;751391;0;0;0;0
FR;2;2021-05-05;18385;29524;48;0;30822;0;0;0;0;1324428;725388;916;1;782213;0;0;0;0
FR;2;2021-05-06;23553;35413;132;0;36986;0;0;0;0;1347981;760801;1048;1;819199;0;0;0;0
FR;2;2021-05-07;25349;33241;97;0;35100;0;0;0;0;1373330;794042;1145;1;854299;0;0;0;0
FR;2;2021-05-08;21343;10694;15;0;11781;0;0;0;0;1394673;804736;1160;1;866080;0;0;0;0
FR;2;2021-05-09;13170;7612;7;0;8287;0;0;0;0;1407843;812348;1167;1;874367;0;0;0;0
FR;2;2021-05-10;32949;21718;50;0;23575;0;0;0;0;1440792;834066;1217;1;897942;0;0;0;0
FR;2;2021-05-11;43616;20904;101;0;23529;0;0;0;0;1484408;854970;1318;1;921471;0;0;0;0
FR;2;2021-05-12;50070;19638;143;0;22518;0;0;0;0;1534478;874608;1461;1;943989;0;0;0;0
FR;2;2021-05-13;51301;5597;31;0;8465;0;0;0;0;1585779;880205;1492;1;952454;0;0;0;0
FR;2;2021-05-14;61361;12883;132;0;16537;0;0;0;0;1647140;893088;1624;1;968991;0;0;0;0
FR;2;2021-05-15;65938;7100;40;0;10650;0;0;0;0;1713078;900188;1664;1;979641;0;0;0;0
FR;2;2021-05-16;43588;2573;10;0;4944;0;0;0;0;1756666;902761;1674;1;984585;0;0;0;0
FR;2;2021-05-17;44756;12447;114;0;15354;0;0;0;0;1801422;915208;1788;1;999939;0;0;0;0
FR;2;2021-05-18;54650;12289;190;0;15972;0;0;0;0;1856072;927497;1978;1;1015911;0;0;0;0
FR;2;2021-05-19;57180;10459;281;0;14499;0;0;0;0;1913252;937956;2259;1;1030410;0;0;0;0
FR;2;2021-05-20;63452;10803;288;0;14898;0;0;0;0;1976704;948759;2547;1;1045308;0;0;0;0
FR;2;2021-05-21;64306;11601;230;0;16026;0;0;0;0;2041010;960360;2777;1;1061334;0;0;0;0
FR;2;2021-05-22;61488;4529;65;0;8499;0;0;0;0;2102498;964889;2842;1;1069833;0;0;0;0
FR;2;2021-05-23;37536;575;22;0;2912;0;0;0;0;2140034;965464;2864;1;1072745;0;0;0;0
FR;2;2021-05-24;17248;2052;35;0;3259;0;0;0;0;2157282;967516;2899;1;1076004;0;0;0;0
FR;2;2021-05-25;21121;12253;241;0;13854;0;0;0;0;2178403;979769;3140;1;1089858;0;0;0;0
FR;2;2021-05-26;19946;11539;230;0;13068;0;0;0;0;2198349;991308;3370;1;1102926;0;0;0;0
FR;2;2021-05-27;23001;12663;182;0;14400;0;0;0;0;2221350;1003971;3552;1;1117326;0;0;0;0
FR;2;2021-05-28;29398;15044;190;0;17225;0;0;0;0;2250748;1019015;3742;1;1134551;0;0;0;0
FR;2;2021-05-29;30425;8196;58;0;10105;0;0;0;0;2281173;1027211;3800;1;1144656;0;0;0;0
FR;2;2021-05-30;4648;1819;6;0;2154;0;0;0;0;2285821;1029030;3806;1;1146810;0;0;0;0
FR;2;2021-05-31;28590;18741;184;0;20820;0;0;0;0;2314411;1047771;3990;1;1167630;0;0;0;0
FR;2;2021-06-01;45744;19915;225;0;23151;0;0;0;0;2360155;1067686;4215;1;1190781;0;0;0;0
FR;2;2021-06-02;37483;19312;182;0;22318;0;0;0;0;2397638;1086998;4397;1;1213099;0;0;0;0
FR;2;2021-06-03;51284;23118;161;0;26972;0;0;0;0;2448922;1110116;4558;1;1240071;0;0;0;0
FR;2;2021-06-04;65519;24088;217;0;29053;0;0;0;0;2514441;1134204;4775;1;1269124;0;0;0;0
FR;2;2021-06-05;34607;24109;52;0;26964;0;0;0;0;2549048;1158313;4827;1;1296088;0;0;0;0
FR;2;2021-06-06;4958;6194;10;0;6613;0;0;0;0;2554006;1164507;4837;1;1302701;0;0;0;0
FR;2;2021-06-07;28177;23016;150;0;25432;0;0;0;0;2582183;1187523;4987;1;1328133;0;0;0;0
FR;2;2021-06-08;46379;22944;143;0;26910;0;0;0;0;2628562;1210467;5130;1;1355043;0;0;0;0
FR;2;2021-06-09;34297;21000;107;0;24132;0;0;0;0;2662859;1231467;5237;1;1379175;0;0;0;0
FR;2;2021-06-10;42644;19081;96;1;23003;0;0;0;0;2705503;1250548;5333;2;1402178;0;0;0;0
FR;2;2021-06-11;55306;25133;134;0;30232;0;0;0;0;2760809;1275681;5467;2;1432410;0;0;0;0
FR;2;2021-06-12;30567;19800;53;0;22654;0;0;0;0;2791376;1295481;5520;2;1455064;0;0;0;0
FR;2;2021-06-13;3333;9197;13;0;9586;0;0;0;0;2794709;1304678;5533;2;1464650;0;0;0;0
FR;2;2021-06-14;25304;24119;92;0;26699;0;0;0;0;2820013;1328797;5625;2;1491349;0;0;0;0
FR;2;2021-06-15;39049;22819;154;0;26567;0;0;0;0;2859062;1351616;5779;2;1517916;0;0;0;0
FR;2;2021-06-16;30168;21368;135;0;24521;0;0;0;0;2889230;1372984;5914;2;1542437;0;0;0;0
FR;2;2021-06-17;36913;25738;150;0;29600;0;0;0;0;2926143;1398722;6064;2;1572037;0;0;0;0
FR;2;2021-06-18;46860;28891;123;0;33594;0;0;0;0;2973003;1427613;6187;2;1605631;0;0;0;0
FR;2;2021-06-19;24527;24940;39;0;27714;0;0;0;0;2997530;1452553;6226;2;1633345;0;0;0;0
FR;2;2021-06-20;3745;10058;9;0;10557;0;0;0;0;3001275;1462611;6235;2;1643902;0;0;0;0
FR;2;2021-06-21;17538;42861;88;0;44873;0;0;0;0;3018813;1505472;6323;2;1688775;0;0;0;0
FR;2;2021-06-22;28366;49617;110;0;53046;0;0;0;0;3047179;1555089;6433;2;1741821;0;0;0;0
FR;2;2021-06-23;21790;49618;107;1;52467;1;0;0;0;3068969;1604707;6540;3;1794288;1;0;0;0
FR;2;2021-06-24;28381;50317;134;0;54048;0;0;0;0;3097350;1655024;6674;3;1848336;1;0;0;0
FR;2;2021-06-25;33402;60489;129;0;64878;0;0;0;0;3130752;1715513;6803;3;1913214;1;0;0;0
FR;2;2021-06-26;16395;59356;54;1;61748;0;0;0;0;3147147;1774869;6857;4;1974962;1;0;0;0
FR;2;2021-06-27;2566;29316;22;1;29898;0;0;0;0;3149713;1804185;6879;5;2004860;1;0;0;0
FR;2;2021-06-28;12641;54341;84;0;56317;0;0;0;0;3162354;1858526;6963;5;2061177;1;0;0;0
FR;2;2021-06-29;19857;59999;178;0;62941;0;0;0;0;3182211;1918525;7141;5;2124118;1;0;0;0
FR;2;2021-06-30;16337;58038;253;17;60722;0;0;0;0;3198548;1976563;7394;22;2184840;1;0;0;0
FR;2;2021-07-01;20497;59874;228;0;63201;0;0;0;0;3219045;2036437;7622;22;2248041;1;0;0;0
FR;2;2021-07-02;24083;62160;184;0;66374;0;0;0;0;3243128;2098597;7806;22;2314415;1;0;0;0
FR;2;2021-07-03;12123;57146;153;0;59485;0;0;0;0;3255251;2155743;7959;22;2373900;1;0;0;0
FR;2;2021-07-04;1961;23303;18;0;23870;0;0;0;0;3257212;2179046;7977;22;2397770;1;0;0;0
FR;2;2021-07-05;9179;29257;106;0;30893;0;0;0;0;3266391;2208303;8083;22;2428663;1;0;0;0
FR;2;2021-07-06;14584;36279;135;0;38958;0;0;0;0;3280975;2244582;8218;22;2467621;1;0;0;0
FR;2;2021-07-07;14421;33663;140;0;36417;0;0;0;0;3295396;2278245;8358;22;2504038;1;0;0;0
FR;2;2021-07-08;19723;40324;162;0;43981;0;0;0;0;3315119;2318569;8520;22;2548019;1;0;0;0
FR;2;2021-07-09;27105;54334;202;1;59484;0;0;0;0;3342224;2372903;8722;23;2607503;1;0;0;0
FR;2;2021-07-10;13389;33708;107;0;36392;0;0;0;0;3355613;2406611;8829;23;2643895;1;0;0;0
FR;2;2021-07-11;1811;4344;16;0;4771;0;0;0;0;3357424;2410955;8845;23;2648666;1;0;0;0
FR;2;2021-07-12;12971;37264;119;0;39919;0;0;0;0;3370395;2448219;8964;23;2688585;1;0;0;0
FR;2;2021-07-13;37120;53147;152;0;60281;0;0;0;0;3407515;2501366;9116;23;2748866;1;0;0;0
FR;2;2021-07-14;6628;3540;15;0;4887;0;0;0;0;3414143;2504906;9131;23;2753753;1;0;0;0
FR;2;2021-07-15;47244;47014;156;0;55210;0;0;0;0;3461387;2551920;9287;23;2808963;1;0;0;0
FR;2;2021-07-16;64320;55755;188;0;66738;0;0;0;0;3525707;2607675;9475;23;2875701;1;0;0;0
FR;2;2021-07-17;31603;23918;96;0;29375;0;0;0;0;3557310;2631593;9571;23;2905076;1;0;0;0
FR;2;2021-07-18;6090;4807;19;0;5952;0;0;0;0;3563400;2636400;9590;23;2911028;1;0;0;0
FR;2;2021-07-19;33007;28599;94;0;34211;0;0;0;0;3596407;2664999;9684;23;2945239;1;0;0;0
FR;2;2021-07-20;51999;44525;155;0;53160;0;0;0;0;3648406;2709524;9839;23;2998399;1;0;0;0
FR;2;2021-07-21;45257;34626;93;0;42128;0;0;0;0;3693663;2744150;9932;23;3040527;1;0;0;0
FR;2;2021-07-22;56280;41081;128;1;50354;0;0;0;0;3749943;2785231;10060;24;3090881;1;0;0;0
FR;2;2021-07-23;68304;48967;170;0;60257;0;0;0;0;3818247;2834198;10230;24;3151138;1;0;0;0
FR;2;2021-07-24;36178;21613;82;0;27471;0;0;0;0;3854425;2855811;10312;24;3178609;1;0;0;0
FR;2;2021-07-25;6751;2608;10;0;3866;0;0;0;0;3861176;2858419;10322;24;3182475;1;0;0;0
FR;2;2021-07-26;36320;22337;91;1;27840;0;0;0;0;3897496;2880756;10413;25;3210315;1;0;0;0
FR;2;2021-07-27;62392;34563;180;0;43710;0;0;0;0;3959888;2915319;10593;25;3254025;1;0;0;0
FR;2;2021-07-28;55326;26425;132;0;34511;0;0;0;0;4015214;2941744;10725;25;3288536;1;0;0;0
FR;2;2021-07-29;68481;32797;189;0;42480;0;0;0;0;4083695;2974541;10914;25;3331016;1;0;0;0
FR;2;2021-07-30;74468;37816;222;1;48606;0;0;0;0;4158163;3012357;11136;26;3379622;1;0;0;0
FR;2;2021-07-31;34778;16207;105;0;21406;0;0;0;0;4192941;3028564;11241;26;3401028;1;0;0;0
FR;2;2021-08-01;5416;2260;19;0;3123;0;0;0;0;4198357;3030824;11260;26;3404151;1;0;0;0
FR;2;2021-08-02;35896;16151;101;0;21054;0;0;0;0;4234253;3046975;11361;26;3425205;1;0;0;0
FR;2;2021-08-03;55988;28259;143;0;35462;0;0;0;0;4290241;3075234;11504;26;3460667;1;0;0;0
FR;2;2021-08-04;46639;20828;128;1;26936;0;0;0;0;4336880;3096062;11632;27;3487603;1;0;0;0
FR;2;2021-08-05;54641;31562;215;0;38738;0;0;0;0;4391521;3127624;11847;27;3526341;1;0;0;0
FR;2;2021-08-06;58098;42397;242;1;50225;0;0;0;0;4449619;3170021;12089;28;3576566;1;0;0;0
FR;2;2021-08-07;25152;17628;89;0;21318;0;0;0;0;4474771;3187649;12178;28;3597884;1;0;0;0
FR;2;2021-08-08;3840;3653;21;0;4311;0;0;0;0;4478611;3191302;12199;28;3602195;1;0;0;0
FR;2;2021-08-09;29308;21023;92;0;24849;0;0;0;0;4507919;3212325;12291;28;3627044;1;0;0;0
FR;2;2021-08-10;45014;33465;155;0;39226;0;0;0;0;4552933;3245790;12446;28;3666270;1;0;0;0
FR;2;2021-08-11;35277;25143;151;0;29742;0;0;0;0;4588210;3270933;12597;28;3696012;1;0;0;0
FR;2;2021-08-12;41905;35692;163;0;41229;0;0;0;0;4630115;3306625;12760;28;3737241;1;0;0;0
FR;2;2021-08-13;42608;37350;218;0;43037;0;0;0;0;4672723;3343975;12978;28;3780278;1;0;0;0
FR;2;2021-08-14;18524;22132;94;0;24763;0;0;0;0;4691247;3366107;13072;28;3805041;1;0;0;0
FR;2;2021-08-15;3865;3795;17;0;4381;0;0;0;0;4695112;3369902;13089;28;3809422;1;0;0;0
FR;2;2021-08-16;25094;27124;111;0;30446;0;0;0;0;4720206;3397026;13200;28;3839868;1;0;0;0
FR;2;2021-08-17;38270;43398;207;2;48382;0;0;0;0;4758476;3440424;13407;30;3888250;1;0;0;0
FR;2;2021-08-18;32254;36353;195;1;40695;0;0;0;0;4790730;3476777;13602;31;3928945;1;0;0;0
FR;2;2021-08-19;37435;46574;224;0;51776;0;0;0;0;4828165;3523351;13826;31;3980721;1;0;0;0
FR;2;2021-08-20;40569;55649;271;1;61576;0;0;0;0;4868734;3579000;14097;32;4042297;1;0;0;0
FR;2;2021-08-21;18121;24321;117;0;27113;0;0;0;0;4886855;3603321;14214;32;4069410;1;0;0;0
FR;2;2021-08-22;2909;4320;22;1;4852;1;0;0;0;4889764;3607641;14236;33;4074262;2;0;0;0
FR;2;2021-08-23;19250;35149;131;1;38038;0;0;0;0;4909014;3642790;14367;34;4112300;2;0;0;0
FR;2;2021-08-24;31952;56036;236;0;60693;0;0;0;0;4940966;3698826;14603;34;4172993;2;0;0;0
FR;2;2021-08-25;25934;43456;251;0;47406;0;0;0;0;4966900;3742282;14854;34;4220399;2;0;0;0
FR;2;2021-08-26;32362;55845;388;0;60583;0;0;0;0;4999262;3798127;15242;34;4280982;2;0;0;0
FR;2;2021-08-27;37004;65679;477;2;71404;0;0;0;0;5036266;3863806;15719;36;4352386;2;0;0;0
FR;2;2021-08-28;17819;28556;300;0;31616;0;0;0;0;5054085;3892362;16019;36;4384002;2;0;0;0
FR;2;2021-08-29;2656;5012;47;0;5623;0;0;0;0;5056741;3897374;16066;36;4389625;2;0;0;0
FR;2;2021-08-30;18418;37727;399;0;40146;756;0;0;0;5075159;3935101;16465;36;4429771;758;0;0;0
FR;2;2021-08-31;28077;57518;887;4;60949;1558;0;0;0;5103236;3992619;17352;40;4490720;2316;0;0;0
FR;2;2021-09-01;21595;39876;1309;0;42256;2129;0;0;0;5124831;4032495;18661;40;4532976;4445;0;0;0
FR;2;2021-09-02;25486;48668;1963;2;50943;3369;0;0;0;5150317;4081163;20624;42;4583919;7814;0;0;0
FR;2;2021-09-03;33414;64574;2988;3;67537;4886;1;0;0;5183731;4145737;23612;45;4651456;12700;1;0;0
FR;2;2021-09-04;16833;27766;1443;1;29557;2386;0;0;0;5200564;4173503;25055;46;4681013;15086;1;0;0
FR;2;2021-09-05;2265;3585;266;0;3941;412;0;0;0;5202829;4177088;25321;46;4684954;15498;1;0;0
FR;2;2021-09-06;14045;28694;1771;1;29759;2945;0;0;0;5216874;4205782;27092;47;4714713;18443;1;0;0
FR;2;2021-09-07;21111;41110;3022;13;42263;4945;0;0;0;5237985;4246892;30114;60;4756976;23388;1;0;0
FR;2;2021-09-08;17248;31921;2735;6;32738;4498;0;0;0;5255233;4278813;32849;66;4789714;27886;1;0;0
FR;2;2021-09-09;20982;40485;4437;3;41229;6842;0;0;0;5276215;4319298;37286;69;4830943;34728;1;0;0
FR;2;2021-09-10;28203;51315;5286;4;51884;8979;1;0;0;5304418;4370613;42572;73;4882827;43707;2;0;0
FR;2;2021-09-11;13655;22460;2405;5;23132;3990;0;0;0;5318073;4393073;44977;78;4905959;47697;2;0;0
FR;2;2021-09-12;1824;2770;292;0;2965;509;0;0;0;5319897;4395843;45269;78;4908924;48206;2;0;0
FR;2;2021-09-13;11659;21441;2474;4;21701;4052;0;0;0;5331556;4417284;47743;82;4930625;52258;2;0;0
FR;2;2021-09-14;18578;32720;5092;13;31678;9055;2;0;0;5350134;4450004;52835;95;4962303;61313;4;0;0
FR;2;2021-09-15;14917;28226;5168;3;26926;7748;9;0;0;5365051;4478230;58003;98;4989229;69061;13;0;0
FR;2;2021-09-16;16079;32798;6737;12;30179;10541;4;0;0;5381130;4511028;64740;110;5019408;79602;17;0;0
FR;2;2021-09-17;20916;47179;8782;10;42825;14631;6;0;0;5402046;4558207;73522;120;5062233;94233;23;0;0
FR;2;2021-09-18;9857;20960;3804;6;19596;6034;1;0;0;5411903;4579167;77326;126;5081829;100267;24;0;0
FR;2;2021-09-19;1166;2590;396;0;2533;631;0;0;0;5413069;4581757;77722;126;5084362;100898;24;0;0
FR;2;2021-09-20;7503;18702;3856;7;17025;6135;4;0;0;5420572;4600459;81578;133;5101387;107033;28;0;0
FR;2;2021-09-21;11215;29983;6495;5;26536;10744;3;0;0;5431787;4630442;88073;138;5127923;117777;31;0;0
FR;2;2021-09-22;9415;23546;5490;6;21194;8526;8;0;0;5441202;4653988;93563;144;5149117;126303;39;0;0
FR;2;2021-09-23;10730;28903;7881;10;24731;12646;10;0;0;5451932;4682891;101444;154;5173848;138949;49;0;0
FR;2;2021-09-24;15075;42945;10878;18;37280;17245;21;0;0;5467007;4725836;112322;172;5211128;156194;70;0;0
FR;2;2021-09-25;7258;18798;3965;9;17152;6120;3;0;0;5474265;4744634;116287;181;5228280;162314;73;0;0
FR;2;2021-09-26;1080;2544;495;0;2490;630;1;0;0;5475345;4747178;116782;181;5230770;162944;74;0;0
FR;2;2021-09-27;6311;16400;4287;8;14792;6533;2;0;0;5481656;4763578;121069;189;5245562;169477;76;0;0
FR;2;2021-09-28;9243;25573;7770;14;21720;12089;7;0;0;5490899;4789151;128839;203;5267282;181566;83;0;0
FR;2;2021-09-29;8081;20198;6067;25;17605;9259;8;0;0;5498980;4809349;134906;228;5284887;190825;91;0;0
FR;2;2021-09-30;9865;25838;9509;16;21639;14099;6;0;0;5508845;4835187;144415;244;5306526;204924;97;0;0
FR;2;2021-10-01;13979;35736;12921;25;30046;19328;9;0;0;5522824;4870923;157336;269;5336572;224252;106;0;0
FR;2;2021-10-02;6874;15933;4850;7;14226;7047;6;0;0;5529698;4886856;162186;276;5350798;231299;112;0;0
FR;2;2021-10-03;841;1909;492;1;1840;502;0;0;0;5530539;4888765;162678;277;5352638;231801;112;0;0
FR;2;2021-10-04;5826;13901;5516;5;12137;7854;6;0;0;5536365;4902666;168194;282;5364775;239655;118;0;0
FR;2;2021-10-05;9058;22571;11125;19;18531;15741;1;0;0;5545423;4925237;179319;301;5383306;255396;119;0;0
FR;2;2021-10-06;7785;17748;8243;11;15274;11091;4;0;0;5553208;4942985;187562;312;5398580;266487;123;0;0
FR;2;2021-10-07;9204;22214;12386;14;18007;16878;6;0;0;5562412;4965199;199948;326;5416587;283365;129;0;0
FR;2;2021-10-08;13432;32143;17349;28;26517;23609;11;0;0;5575844;4997342;217297;354;5443104;306974;140;0;0
FR;2;2021-10-09;6000;12847;6044;6;11381;7897;7;0;0;5581844;5010189;223341;360;5454485;314871;147;0;0
FR;2;2021-10-10;885;1592;436;2;1535;604;1;0;0;5582729;5011781;223777;362;5456020;315475;148;0;0
FR;2;2021-10-11;5607;11543;6455;17;9932;8828;3;0;0;5588336;5023324;230232;379;5465952;324303;151;0;0
FR;2;2021-10-12;8031;17790;12551;13;13922;16790;9;0;0;5596367;5041114;242783;392;5479874;341093;160;0;0
FR;2;2021-10-13;6947;14870;10256;12;11811;13663;7;0;0;5603314;5055984;253039;404;5491685;354756;167;0;0
FR;2;2021-10-14;8314;17941;14996;13;13558;19478;10;0;0;5611628;5073925;268035;417;5505243;374234;177;0;0
FR;2;2021-10-15;11856;26309;20902;26;19412;27981;4;0;0;5623484;5100234;288937;443;5524655;402215;181;0;0
FR;2;2021-10-16;5141;8728;1819;0;8172;3205;2;0;0;5628625;5108962;290756;443;5532827;405420;183;0;0
FR;2;2021-10-17;654;1150;185;0;1083;354;1;0;0;5629279;5110112;290941;443;5533910;405774;184;0;0
FR;2;2021-10-18;4564;7337;665;2;7243;1630;0;0;0;5633843;5117449;291606;445;5541153;407404;184;0;0
FR;2;2021-10-19;6239;9849;732;5;9656;2030;5;0;0;5640082;5127298;292338;450;5550809;409434;189;0;0
FR;2;2021-10-20;5170;8051;759;3;8173;1675;0;0;0;5645252;5135349;293097;453;5558982;411109;189;0;0
FR;2;2021-10-21;6090;9984;780;5;9841;2105;1;0;0;5651342;5145333;293877;458;5568823;413214;190;0;0
FR;2;2021-10-22;8452;14601;1151;4;14477;2891;2;0;0;5659794;5159934;295028;462;5583300;416105;192;0;0
FR;2;2021-10-23;3845;5994;587;0;6127;1235;3;0;0;5663639;5165928;295615;462;5589427;417340;195;0;0
FR;2;2021-10-24;494;882;101;0;900;204;0;0;0;5664133;5166810;295716;462;5590327;417544;195;0;0
FR;2;2021-10-25;3360;5342;307;1;5518;825;2;0;0;5667493;5172152;296023;463;5595845;418369;197;0;0
FR;2;2021-10-26;4177;7236;1134;4;7125;2023;5;0;0;5671670;5179388;297157;467;5602970;420392;202;0;0
FR;2;2021-10-27;3677;6586;1194;5;6448;1989;1;0;0;5675347;5185974;298351;472;5609418;422381;203;0;0
FR;2;2021-10-28;4597;7687;1737;3;7415;2746;1;0;0;5679944;5193661;300088;475;5616833;425127;204;0;0
FR;2;2021-10-29;5414;11082;2438;4;10692;3684;3;0;0;5685358;5204743;302526;479;5627525;428811;207;0;0
FR;2;2021-10-30;2749;4457;976;1;4452;1448;2;0;0;5688107;5209200;303502;480;5631977;430259;209;0;0
FR;2;2021-10-31;364;535;140;1;544;191;1;0;0;5688471;5209735;303642;481;5632521;430450;210;0;0
FR;2;2021-11-01;430;546;181;0;563;267;1;0;0;5688901;5210281;303823;481;5633084;430717;211;0;0
FR;2;2021-11-02;3294;6759;1184;0;6799;1771;5;0;0;5692195;5217040;305007;481;5639883;432488;216;0;0
FR;2;2021-11-03;3340;6226;1389;2;6311;1970;2;0;0;5695535;5223266;306396;483;5646194;434458;218;0;0
FR;2;2021-11-04;3987;7069;1769;4;7109;2495;3;0;0;5699522;5230335;308165;487;5653303;436953;221;0;0
FR;2;2021-11-05;5235;10502;2869;5;10215;3957;6;0;0;5704757;5240837;311034;492;5663518;440910;227;0;0
FR;2;2021-11-06;2597;4684;1407;0;4641;1824;2;0;0;5707354;5245521;312441;492;5668159;442734;229;0;0
FR;2;2021-11-07;506;862;221;0;869;291;2;0;0;5707860;5246383;312662;492;5669028;443025;231;0;0
FR;2;2021-11-08;2578;5348;1207;3;5268;1678;3;0;0;5710438;5251731;313869;495;5674296;444703;234;0;0
FR;2;2021-11-09;2749;6908;2402;5;6442;3182;2;0;0;5713187;5258639;316271;500;5680738;447885;236;0;0
FR;2;2021-11-10;2590;5668;5118;6;4761;6294;7;0;0;5715777;5264307;321389;506;5685499;454179;243;0;0
FR;2;2021-11-11;446;754;755;2;647;938;3;0;0;5716223;5265061;322144;508;5686146;455117;246;0;0
FR;2;2021-11-12;2953;8088;8982;8;6196;10933;9;0;0;5719176;5273149;331126;516;5692342;466050;255;0;0
FR;2;2021-11-13;1539;3373;3872;7;2721;4538;4;0;0;5720715;5276522;334998;523;5695063;470588;259;0;0
FR;2;2021-11-14;258;585;351;1;486;480;3;0;0;5720973;5277107;335349;524;5695549;471068;262;0;0
FR;2;2021-11-15;1621;3655;4449;8;2909;5329;16;0;0;5722594;5280762;339798;532;5698458;476397;278;0;0
FR;2;2021-11-16;2185;5875;8314;14;4152;10083;16;0;0;5724779;5286637;348112;546;5702610;486480;294;0;0
FR;2;2021-11-17;1740;4523;6634;8;3168;7852;5;0;0;5726519;5291160;354746;554;5705778;494332;299;0;0
FR;2;2021-11-18;2192;5920;9188;10;4018;11018;8;0;0;5728711;5297080;363934;564;5709796;505350;307;0;0
FR;2;2021-11-19;2701;7752;12981;19;4832;15480;12;0;0;5731412;5304832;376915;583;5714628;520830;319;0;0
FR;2;2021-11-20;1566;3333;5185;5;2351;6098;3;0;0;5732978;5308165;382100;588;5716979;526928;322;0;0
FR;2;2021-11-21;251;504;543;0;393;656;3;0;0;5733229;5308669;382643;588;5717372;527584;325;0;0
FR;2;2021-11-22;1278;2570;4485;5;1673;5397;9;0;0;5734507;5311239;387128;593;5719045;532981;334;0;0
FR;2;2021-11-23;1617;4277;8207;9;2536;9923;6;0;0;5736124;5315516;395335;602;5721581;542904;340;0;0
FR;2;2021-11-24;1421;3747;7486;14;2246;8736;9;0;0;5737545;5319263;402821;616;5723827;551640;349;0;0
FR;2;2021-11-25;1814;4863;11474;21;2682;13668;6;0;0;5739359;5324126;414295;637;5726509;565308;355;0;0
FR;2;2021-11-26;2541;7735;22676;31;3812;26091;14;0;0;5741900;5331861;436971;668;5730321;591399;369;0;0
FR;2;2021-11-27;1498;4144;12278;19;2127;14042;13;0;0;5743398;5336005;449249;687;5732448;605441;382;0;0
FR;2;2021-11-28;292;836;1976;3;478;2303;5;0;0;5743690;5336841;451225;690;5732926;607744;387;0;0
FR;2;2021-11-29;1449;4349;15099;23;2010;17269;25;0;0;5745139;5341190;466324;713;5734936;625013;412;0;0
FR;2;2021-11-30;1913;6658;26251;36;2640;30013;22;0;0;5747052;5347848;492575;749;5737576;655026;434;0;0
FR;2;2021-12-01;1918;6006;26210;31;2477;29518;20;0;0;5748970;5353854;518785;780;5740053;684544;454;0;0
FR;2;2021-12-02;1916;6780;37736;52;2112;41995;32;0;0;5750886;5360634;556521;832;5742165;726539;486;0;0
FR;2;2021-12-03;2558;10069;53644;111;3592;59391;31;0;0;5753444;5370703;610165;943;5745757;785930;517;0;0
FR;2;2021-12-04;1850;6275;37132;38;2185;40820;16;0;0;5755294;5376978;647297;981;5747942;826750;533;0;0
FR;2;2021-12-05;458;2242;14265;14;533;15990;7;0;0;5755752;5379220;661562;995;5748475;842740;540;0;0
FR;2;2021-12-06;2486;9848;77735;109;2701;84785;25;0;0;5758238;5389068;739297;1104;5751176;927525;565;0;0
FR;2;2021-12-07;3458;15288;122473;238;3742;133795;40;0;0;5761696;5404356;861770;1342;5754918;1061320;605;0;0
FR;2;2021-12-08;3725;15969;133225;330;3847;145413;54;0;0;5765421;5420325;994995;1672;5758765;1206733;659;0;0
FR;2;2021-12-09;4547;19624;170241;554;4165;185638;61;0;0;5769968;5439949;1165236;2226;5762930;1392371;720;0;0
FR;2;2021-12-10;4676;22804;188700;490;5011;206189;69;0;0;5774644;5462753;1353936;2716;5767941;1598560;789;0;0
FR;2;2021-12-11;3687;16621;132469;239;3663;144937;60;0;0;5778331;5479374;1486405;2955;5771604;1743497;849;0;0
FR;2;2021-12-12;1256;7119;59116;83;1016;65169;12;0;0;5779587;5486493;1545521;3038;5772620;1808666;861;0;0
FR;2;2021-12-13;5529;26811;220733;605;5223;243029;159;0;0;5785116;5513304;1766254;3643;5777843;2051695;1020;0;0
FR;2;2021-12-14;7019;37458;300806;909;6136;332278;190;0;0;5792135;5550762;2067060;4552;5783979;2383973;1210;0;0
FR;2;2021-12-15;6555;36216;285264;958;5866;315903;186;0;0;5798690;5586978;2352324;5510;5789845;2699876;1396;0;0
FR;2;2021-12-16;7765;37923;312178;982;6565;343820;186;0;0;5806455;5624901;2664502;6492;5796410;3043696;1582;0;0
FR;2;2021-12-17;8681;41188;327910;976;8020;360987;232;0;0;5815136;5666089;2992412;7468;5804430;3404683;1814;0;0
FR;2;2021-12-18;6515;26527;212374;448;4904;233673;120;0;0;5821651;5692616;3204786;7916;5809334;3638356;1934;0;0
FR;2;2021-12-19;2603;11403;90226;182;1655;100356;26;0;0;5824254;5704019;3295012;8098;5810989;3738712;1960;0;0
FR;2;2021-12-20;9548;33515;275258;707;6587;303403;209;0;0;5833802;5737534;3570270;8805;5817576;4042115;2169;0;0
FR;2;2021-12-21;11567;38269;309663;968;7370;341438;262;0;0;5845369;5775803;3879933;9773;5824946;4383553;2431;0;0
FR;2;2021-12-22;10461;32775;265147;952;6442;292502;316;0;1;5855830;5808578;4145080;10725;5831388;4676055;2747;0;1
FR;2;2021-12-23;9426;26619;199534;701;5874;221293;225;0;0;5865256;5835197;4344614;11426;5837262;4897348;2972;0;1
FR;2;2021-12-24;2783;7466;43866;140;2036;49561;78;0;0;5868039;5842663;4388480;11566;5839298;4946909;3050;0;1
FR;2;2021-12-25;201;670;2003;10;209;2477;15;0;0;5868240;5843333;4390483;11576;5839507;4949386;3065;0;1
FR;2;2021-12-26;1320;4215;25161;71;1052;28693;70;0;0;5869560;5847548;4415644;11647;5840559;4978079;3135;0;1
FR;2;2021-12-27;8076;29927;218437;659;6624;243387;294;0;0;5877636;5877475;4634081;12306;5847183;5221466;3429;0;1
FR;2;2021-12-28;9832;36287;272116;742;6982;302014;957;0;1;5887468;5913762;4906197;13048;5854165;5523480;4386;0;2
FR;2;2021-12-29;9498;32218;246151;765;6402;272696;1088;0;0;5896966;5945980;5152348;13813;5860567;5796176;5474;0;2
FR;2;2021-12-30;9464;28091;208839;663;5970;231479;1155;0;0;5906430;5974071;5361187;14476;5866537;6027655;6629;0;2
FR;2;2021-12-31;3011;8341;54991;176;2170;61233;392;0;0;5909441;5982412;5416178;14652;5868707;6088888;7021;0;2
FR;2;2022-01-01;231;693;2858;7;207;3353;29;0;0;5909672;5983105;5419036;14659;5868914;6092241;7050;0;2
FR;2;2022-01-02;1503;4859;29524;76;1166;33418;217;0;0;5911175;5987964;5448560;14735;5870080;6125659;7267;0;2
FR;2;2022-01-03;9606;35393;266544;806;8498;293918;1672;0;0;5920781;6023357;5715104;15541;5878578;6419577;8939;0;2
FR;2;2022-01-04;12857;45402;342103;1068;9971;377043;2458;0;1;5933638;6068759;6057207;16609;5888549;6796620;11397;0;3
FR;2;2022-01-05;11273;38627;294222;885;8635;323856;2155;0;2;5944911;6107386;6351429;17494;5897184;7120476;13552;0;5
FR;2;2022-01-06;13653;43487;331957;1298;9933;364767;2977;0;1;5958564;6150873;6683386;18792;5907117;7485243;16529;0;6
FR;2;2022-01-07;14224;47606;361123;1271;11231;396464;3159;0;0;5972788;6198479;7044509;20063;5918348;7881707;19688;0;6
FR;2;2022-01-08;7946;28137;201276;515;7209;221703;1531;0;2;5980734;6226616;7245785;20578;5925557;8103410;21219;0;8
FR;2;2022-01-09;2749;8946;62531;137;2069;69497;493;0;0;5983483;6235562;7308316;20715;5927626;8172907;21712;0;8
FR;2;2022-01-10;10100;31906;232509;859;8901;255084;2460;0;0;5993583;6267468;7540825;21574;5936527;8427991;24172;0;8
FR;2;2022-01-11;11466;36236;265948;1030;10055;290654;3380;0;1;6005049;6303704;7806773;22604;5946582;8718645;27552;0;9
FR;2;2022-01-12;8766;29788;206335;863;8717;226177;2798;0;5;6013815;6333492;8013108;23467;5955299;8944822;30350;0;14
FR;2;2022-01-13;9387;31337;224510;831;9038;244858;3463;0;4;6023202;6364829;8237618;24298;5964337;9189680;33813;0;18
FR;2;2022-01-14;9746;35575;254551;920;9842;277655;3979;0;1;6032948;6400404;8492169;25218;5974179;9467335;37792;0;19
FR;2;2022-01-15;5361;19443;140787;363;5321;153647;1929;0;0;6038309;6419847;8632956;25581;5979500;9620982;39721;0;19
FR;2;2022-01-16;1512;5457;35892;81;1619;39818;424;0;0;6039821;6425304;8668848;25662;5981119;9660800;40145;0;19
FR;2;2022-01-17;5546;19264;135421;601;6600;147263;2264;0;2;6045367;6444568;8804269;26263;5987719;9808063;42409;0;21
FR;2;2022-01-18;6422;21480;148647;648;7519;160471;3311;0;0;6051789;6466048;8952916;26911;5995238;9968534;45720;0;21
FR;2;2022-01-19;4398;16304;105112;552;6206;113702;2411;0;1;6056187;6482352;9058028;27463;6001444;10082236;48131;0;22
FR;2;2022-01-20;4873;17572;115304;603;7067;123695;3111;0;2;6061060;6499924;9173332;28066;6008511;10205931;51242;0;24
FR;2;2022-01-21;5198;20041;137357;679;7169;147775;3455;0;1;6066258;6519965;9310689;28745;6015680;10353706;54697;0;25
FR;2;2022-01-22;3033;10956;74265;260;3956;80339;1428;0;0;6069291;6530921;9384954;29005;6019636;10434045;56125;0;25
FR;2;2022-01-23;724;2707;15243;41;1055;16826;238;0;0;6070015;6533628;9400197;29046;6020691;10450871;56363;0;25
FR;2;2022-01-24;3292;12793;75084;431;5843;81019;1994;0;2;6073307;6546421;9475281;29477;6026534;10531890;58357;0;27
FR;2;2022-01-25;3575;14404;79637;496;6650;85462;2879;0;4;6076882;6560825;9554918;29973;6033184;10617352;61236;0;31
FR;2;2022-01-26;2515;10701;58986;363;5330;63035;1958;0;1;6079397;6571526;9613904;30336;6038514;10680387;63194;0;32
FR;2;2022-01-27;2684;11386;64185;391;5738;67972;2462;0;1;6082081;6582912;9678089;30727;6044252;10748359;65656;0;33
FR;2;2022-01-28;3551;18257;91730;430;8611;98907;3399;0;1;6085632;6601169;9769819;31157;6052863;10847266;69055;0;34
FR;2;2022-01-29;1896;9234;48856;164;4170;52929;1374;0;1;6087528;6610403;9818675;31321;6057033;10900195;70429;0;35
FR;2;2022-01-30;464;2206;9457;38;1049;10584;203;0;0;6087992;6612609;9828132;31359;6058082;10910779;70632;0;35
FR;2;2022-01-31;1891;9551;43834;209;4709;47322;1885;0;2;6089883;6622160;9871966;31568;6062791;10958101;72517;0;37
FR;2;2022-02-01;1917;10020;47030;279;4797;50080;2707;0;0;6091800;6632180;9918996;31847;6067588;11008181;75224;0;37
FR;2;2022-02-02;1614;8971;41124;250;4191;44147;2189;0;1;6093414;6641151;9960120;32097;6071779;11052328;77413;0;38
FR;2;2022-02-03;1732;8930;40526;205;4370;42911;2640;0;2;6095146;6650081;10000646;32302;6076149;11095239;80053;0;40
FR;2;2022-02-04;2151;15170;66648;299;7382;71317;3670;0;1;6097297;6665251;10067294;32601;6083531;11166556;83723;0;41
FR;2;2022-02-05;1360;8517;35948;132;4214;39220;1369;0;0;6098657;6673768;10103242;32733;6087745;11205776;85092;0;41
FR;2;2022-02-06;275;1761;6130;16;842;6899;217;0;0;6098932;6675529;10109372;32749;6088587;11212675;85309;0;41
FR;2;2022-02-07;1352;9543;37760;134;4535;41288;1888;0;2;6100284;6685072;10147132;32883;6093122;11253963;87197;0;43
FR;2;2022-02-08;1299;9833;40956;173;4645;43750;2741;0;1;6101583;6694905;10188088;33056;6097767;11297713;89938;0;44
FR;2;2022-02-09;1160;8841;37040;174;3804;40465;1901;0;2;6102743;6703746;10225128;33230;6101571;11338178;91839;0;46
FR;2;2022-02-10;1030;8001;33837;204;3605;36511;2051;0;1;6103773;6711747;10258965;33434;6105176;11374689;93890;0;47
FR;2;2022-02-11;1391;12087;53348;223;5282;57702;2888;0;0;6105164;6723834;10312313;33657;6110458;11432391;96778;0;47
FR;2;2022-02-12;753;6535;27989;86;2792;30808;1113;0;2;6105917;6730369;10340302;33743;6113250;11463199;97891;0;49
FR;2;2022-02-13;200;1340;4836;20;562;5577;141;0;0;6106117;6731709;10345138;33763;6113812;11468776;98032;0;49
FR;2;2022-02-14;836;6732;30274;92;2599;33233;1399;0;1;6106953;6738441;10375412;33855;6116411;11502009;99431;0;50
FR;2;2022-02-15;773;6473;28051;140;2801;29994;1965;0;2;6107726;6744914;10403463;33995;6119212;11532003;101396;0;52
FR;2;2022-02-16;657;5363;22069;124;2529;23635;1569;0;3;6108383;6750277;10425532;34119;6121741;11555638;102965;0;55
FR;2;2022-02-17;518;3786;14152;98;2131;14617;1406;0;2;6108901;6754063;10439684;34217;6123872;11570255;104371;0;57
FR;2;2022-02-18;723;5369;20443;134;3041;21130;1895;0;0;6109624;6759432;10460127;34351;6126913;11591385;106266;0;57
FR;2;2022-02-19;431;3061;10533;66;1699;11247;753;0;2;6110055;6762493;10470660;34417;6128612;11602632;107019;0;59
FR;2;2022-02-20;102;520;1463;3;314;1613;100;0;0;6110157;6763013;10472123;34420;6128926;11604245;107119;0;59
FR;2;2022-02-21;423;2685;9122;65;1569;9499;930;0;0;6110580;6765698;10481245;34485;6130495;11613744;108049;0;59
FR;2;2022-02-22;393;2568;8894;77;1622;8797;1180;0;0;6110973;6768266;10490139;34562;6132117;11622541;109229;0;59
FR;2;2022-02-23;432;2605;8992;82;1522;9269;1022;0;0;6111405;6770871;10499131;34644;6133639;11631810;110251;0;59
FR;2;2022-02-24;314;2039;6805;82;1251;6835;870;0;0;6111719;6772910;10505936;34726;6134890;11638645;111121;0;59
FR;2;2022-02-25;456;3210;11424;107;1979;11287;1560;0;3;6112175;6776120;10517360;34833;6136869;11649932;112681;0;62
FR;2;2022-02-26;297;1892;6038;49;1161;6345;587;0;1;6112472;6778012;10523398;34882;6138030;11656277;113268;0;63
FR;2;2022-02-27;76;313;908;5;214;951;98;0;0;6112548;6778325;10524306;34887;6138244;11657228;113366;0;63
FR;2;2022-02-28;332;1689;5525;53;1088;5531;733;0;0;6112880;6780014;10529831;34940;6139332;11662759;114099;0;63
FR;2;2022-03-01;279;1569;5484;46;952;5201;964;0;2;6113159;6781583;10535315;34986;6140284;11667960;115063;0;65
FR;2;2022-03-02;298;1446;5248;46;878;5092;816;0;1;6113457;6783029;10540563;35032;6141162;11673052;115879;0;66
FR;2;2022-03-03;226;1112;3709;42;721;3486;668;0;1;6113683;6784141;10544272;35074;6141883;11676538;116547;0;67
FR;2;2022-03-04;243;1469;4860;74;983;4506;950;0;1;6113926;6785610;10549132;35148;6142866;11681044;117497;0;68
FR;2;2022-03-05;174;906;2981;34;613;2725;561;0;0;6114100;6786516;10552113;35182;6143479;11683769;118058;0;68
FR;2;2022-03-06;42;188;280;5;110;320;52;0;0;6114142;6786704;10552393;35187;6143589;11684089;118110;0;68
FR;2;2022-03-07;157;659;1989;70;491;1779;472;0;0;6114299;6787363;10554382;35257;6144080;11685868;118582;0;68
FR;2;2022-03-08;144;670;2273;53;461;1908;619;0;0;6114443;6788033;10556655;35310;6144541;11687776;119201;0;68
FR;2;2022-03-09;156;709;2351;37;473;2052;617;0;0;6114599;6788742;10559006;35347;6145014;11689828;119818;0;68
FR;2;2022-03-10;123;603;1695;35;446;1470;456;0;1;6114722;6789345;10560701;35382;6145460;11691298;120274;0;69
FR;2;2022-03-11;172;757;2770;57;505;2369;737;0;1;6114894;6790102;10563471;35439;6145965;11693667;121011;0;70
FR;2;2022-03-12;149;485;1787;27;331;1557;450;0;0;6115043;6790587;10565258;35466;6146296;11695224;121461;0;70
FR;2;2022-03-13;25;75;203;30;45;204;69;0;0;6115068;6790662;10565461;35496;6146341;11695428;121530;0;70
FR;2;2022-03-14;129;470;1572;529;333;1301;951;0;0;6115197;6791132;10567033;36025;6146674;11696729;122481;0;70
FR;2;2022-03-15;139;441;1713;691;333;1333;1186;0;1;6115336;6791573;10568746;36716;6147007;11698062;123667;0;71
FR;2;2022-03-16;142;476;2013;1616;331;1593;2160;0;2;6115478;6792049;10570759;38332;6147338;11699655;125827;0;73
FR;2;2022-03-17;95;413;1412;1192;273;1148;1576;0;1;6115573;6792462;10572171;39524;6147611;11700803;127403;0;74
FR;2;2022-03-18;147;496;2026;1795;335;1669;2313;0;1;6115720;6792958;10574197;41319;6147946;11702472;129716;0;75
FR;2;2022-03-19;108;321;1210;941;219;1015;1259;0;0;6115828;6793279;10575407;42260;6148165;11703487;130975;0;75
FR;2;2022-03-20;13;77;191;59;39;168;115;0;0;6115841;6793356;10575598;42319;6148204;11703655;131090;0;75
FR;2;2022-03-21;98;307;1218;1483;181;1081;1760;0;1;6115939;6793663;10576816;43802;6148385;11704736;132850;0;76
FR;2;2022-03-22;118;391;1533;1830;244;1294;2219;0;0;6116057;6794054;10578349;45632;6148629;11706030;135069;0;76
FR;2;2022-03-23;137;362;1684;3032;232;1475;3374;0;6;6116194;6794416;10580033;48664;6148861;11707505;138443;0;82
FR;2;2022-03-24;117;293;1183;1548;186;1001;1814;0;8;6116311;6794709;10581216;50212;6149047;11708506;140257;0;90
FR;2;2022-03-25;119;361;1807;2451;238;1477;2837;0;8;6116430;6795070;10583023;52663;6149285;11709983;143094;0;98
FR;2;2022-03-26;79;247;1205;1222;138;953;1531;0;5;6116509;6795317;10584228;53885;6149423;11710936;144625;0;103
FR;2;2022-03-27;19;36;154;100;19;133;144;0;0;6116528;6795353;10584382;53985;6149442;11711069;144769;0;103
FR;2;2022-03-28;94;290;1140;1602;189;996;1835;0;6;6116622;6795643;10585522;55587;6149631;11712065;146604;0;109
FR;2;2022-03-29;108;258;1325;2467;167;1105;2760;0;4;6116730;6795901;10586847;58054;6149798;11713170;149364;0;113
FR;2;2022-03-30;91;313;1489;3187;164;1320;3424;0;2;6116821;6796214;10588336;61241;6149962;11714490;152788;0;115
FR;2;2022-03-31;104;284;1277;2332;171;1092;2616;0;3;6116925;6796498;10589613;63573;6150133;11715582;155404;0;118
FR;2;2022-04-01;123;324;1568;2349;164;1323;2667;0;7;6117048;6796822;10591181;65922;6150297;11716905;158071;0;125
FR;2;2022-04-02;81;161;845;891;83;737;1052;0;1;6117129;6796983;10592026;66813;6150380;11717642;159123;0;126
FR;2;2022-04-03;16;53;128;113;27;142;133;0;1;6117145;6797036;10592154;66926;6150407;11717784;159256;0;127
FR;2;2022-04-04;114;249;990;1447;151;799;1693;0;5;6117259;6797285;10593144;68373;6150558;11718583;160949;0;132
FR;2;2022-04-05;143;302;1322;2921;162;1150;3150;0;17;6117402;6797587;10594466;71294;6150720;11719733;164099;0;149
FR;2;2022-04-06;89;261;1308;2522;129;1131;2687;0;10;6117491;6797848;10595774;73816;6150849;11720864;166786;0;159
FR;2;2022-04-07;120;230;1303;2682;141;1042;2958;0;8;6117611;6798078;10597077;76498;6150990;11721906;169744;0;167
FR;2;2022-04-08;126;346;1636;3351;182;1328;3642;0;12;6117737;6798424;10598713;79849;6151172;11723234;173386;0;179
FR;2;2022-04-09;90;219;900;1046;144;732;1288;0;4;6117827;6798643;10599613;80895;6151316;11723966;174674;0;183
FR;2;2022-04-10;37;49;143;162;46;119;200;0;1;6117864;6798692;10599756;81057;6151362;11724085;174874;0;184
FR;2;2022-04-11;88;196;892;1560;122;782;1718;0;6;6117952;6798888;10600648;82617;6151484;11724867;176592;0;190
FR;2;2022-04-12;176;273;1183;2770;175;1062;2903;0;8;6118128;6799161;10601831;85387;6151659;11725929;179495;0;198
FR;2;2022-04-13;147;232;1125;2477;111;989;2671;0;11;6118275;6799393;10602956;87864;6151770;11726918;182166;0;209
FR;2;2022-04-14;116;227;1085;2677;114;919;2911;0;18;6118391;6799620;10604041;90541;6151884;11727837;185077;0;227
FR;2;2022-04-15;114;261;1221;2304;131;1078;2544;0;7;6118505;6799881;10605262;92845;6152015;11728915;187621;0;234
FR;2;2022-04-16;67;108;548;549;68;459;675;0;9;6118572;6799989;10605810;93394;6152083;11729374;188296;0;243
FR;2;2022-04-17;15;28;57;53;17;53;71;0;0;6118587;6800017;10605867;93447;6152100;11729427;188367;0;243
FR;2;2022-04-18;12;35;121;70;18;116;95;0;0;6118599;6800052;10605988;93517;6152118;11729543;188462;0;243
FR;2;2022-04-19;112;237;1120;1750;149;951;1934;0;9;6118711;6800289;10607108;95267;6152267;11730494;190396;0;252
FR;2;2022-04-20;95;243;1111;2172;127;935;2366;0;14;6118806;6800532;10608219;97439;6152394;11731429;192762;0;266
FR;2;2022-04-21;111;233;983;1912;125;838;2141;0;10;6118917;6800765;10609202;99351;6152519;11732267;194903;0;276
FR;2;2022-04-22;100;276;1243;2102;141;1024;2440;0;11;6119017;6801041;10610445;101453;6152660;11733291;197343;0;287
FR;2;2022-04-23;67;156;645;762;107;574;862;0;8;6119084;6801197;10611090;102215;6152767;11733865;198205;0;295
FR;2;2022-04-24;12;30;101;68;12;79;100;0;0;6119096;6801227;10611191;102283;6152779;11733944;198305;0;295
FR;2;2022-04-25;104;204;822;1329;103;711;1528;0;15;6119200;6801431;10612013;103612;6152882;11734655;199833;0;310
FR;2;2022-04-26;110;184;1041;2022;118;879;2219;0;18;6119310;6801615;10613054;105634;6153000;11735534;202052;0;328
FR;2;2022-04-27;98;181;860;1787;122;764;1809;0;7;6119408;6801796;10613914;107421;6153122;11736298;203861;0;335
FR;2;2022-04-28;93;214;949;1931;128;842;2087;0;12;6119501;6802010;10614863;109352;6153250;11737140;205948;0;347
FR;2;2022-04-29;81;282;1133;1697;131;1044;1876;0;11;6119582;6802292;10615996;111049;6153381;11738184;207824;0;358
FR;2;2022-04-30;66;127;471;540;80;430;628;0;9;6119648;6802419;10616467;111589;6153461;11738614;208452;0;367
FR;2;2022-05-01;24;24;84;49;20;85;61;0;1;6119672;6802443;10616551;111638;6153481;11738699;208513;0;368
FR;2;2022-05-02;115;232;764;1217;141;662;1375;0;5;6119787;6802675;10617315;112855;6153622;11739361;209888;0;373
FR;2;2022-05-03;153;233;999;1781;155;938;1895;0;14;6119940;6802908;10618314;114636;6153777;11740299;211783;0;387
FR;2;2022-05-04;90;226;926;1811;116;869;1822;0;13;6120030;6803134;10619240;116447;6153893;11741168;213605;0;400
FR;2;2022-05-05;127;198;857;1732;147;774;1848;0;10;6120157;6803332;10620097;118179;6154040;11741942;215453;0;410
FR;2;2022-05-06;133;246;1100;1855;139;1016;2052;0;16;6120290;6803578;10621197;120034;6154179;11742958;217505;0;426
FR;2;2022-05-07;40;99;470;504;61;406;593;0;4;6120330;6803677;10621667;120538;6154240;11743364;218098;0;430
FR;2;2022-05-08;48;54;107;71;41;102;101;0;0;6120378;6803731;10621774;120609;6154281;11743466;218199;0;430
FR;2;2022-05-09;101;174;654;986;103;604;1130;0;9;6120479;6803905;10622428;121595;6154384;11744070;219329;0;439
FR;2;2022-05-10;121;252;938;1841;155;893;1965;0;23;6120600;6804157;10623366;123436;6154539;11744963;221294;0;462
FR;2;2022-05-11;103;179;816;1879;117;795;1868;0;8;6120703;6804336;10624182;125315;6154656;11745758;223162;0;470
FR;2;2022-05-12;111;174;845;2096;116;803;2213;0;21;6120814;6804510;10625027;127411;6154772;11746561;225375;0;491
FR;2;2022-05-13;100;236;969;2097;122;900;2273;0;13;6120914;6804746;10625996;129508;6154894;11747461;227648;0;504
FR;2;2022-05-14;76;124;451;553;93;411;632;0;6;6120990;6804870;10626447;130061;6154987;11747872;228280;0;510
FR;2;2022-05-15;24;39;94;88;20;108;95;0;1;6121014;6804909;10626541;130149;6155007;11747980;228375;0;511
FR;2;2022-05-16;102;171;601;925;116;537;1037;0;11;6121116;6805080;10627142;131074;6155123;11748517;229412;0;522
FR;2;2022-05-17;95;184;690;1687;119;658;1739;0;8;6121211;6805264;10627832;132761;6155242;11749175;231151;0;530
FR;2;2022-05-18;80;181;643;1431;97;648;1486;0;10;6121291;6805445;10628475;134192;6155339;11749823;232637;0;540
FR;2;2022-05-19;73;161;710;1830;81;752;1816;0;12;6121364;6805606;10629185;136022;6155420;11750575;234453;0;552
FR;2;2022-05-20;107;181;874;1701;111;779;1849;0;17;6121471;6805787;10630059;137723;6155531;11751354;236302;0;569
FR;2;2022-05-21;48;96;398;517;71;339;581;0;8;6121519;6805883;10630457;138240;6155602;11751693;236883;0;577
FR;2;2022-05-22;8;23;69;37;18;57;56;0;0;6121527;6805906;10630526;138277;6155620;11751750;236939;0;577
FR;2;2022-05-23;86;133;498;931;100;469;967;0;7;6121613;6806039;10631024;139208;6155720;11752219;237906;0;584
FR;2;2022-05-24;87;164;627;1626;103;615;1680;0;17;6121700;6806203;10631651;140834;6155823;11752834;239586;0;601
FR;2;2022-05-25;72;146;539;1149;90;494;1260;0;5;6121772;6806349;10632190;141983;6155913;11753328;240846;0;606
FR;2;2022-05-26;12;31;77;45;13;85;56;0;1;6121784;6806380;10632267;142028;6155926;11753413;240902;0;607
FR;2;2022-05-27;44;124;456;818;68;438;893;0;9;6121828;6806504;10632723;142846;6155994;11753851;241795;0;616
FR;2;2022-05-28;28;60;221;244;29;221;266;0;1;6121856;6806564;10632944;143090;6156023;11754072;242061;0;617
FR;2;2022-05-29;13;34;43;25;22;51;28;0;0;6121869;6806598;10632987;143115;6156045;11754123;242089;0;617
FR;2;2022-05-30;65;109;425;755;60;410;806;0;6;6121934;6806707;10633412;143870;6156105;11754533;242895;0;623
FR;2;2022-05-31;76;135;564;1278;92;511;1304;0;12;6122010;6806842;10633976;145148;6156197;11755044;244199;0;635
FR;2;2022-06-01;59;160;564;1075;86;543;1170;0;6;6122069;6807002;10634540;146223;6156283;11755587;245369;0;641
FR;2;2022-06-02;92;178;626;1415;109;593;1521;0;12;6122161;6807180;10635166;147638;6156392;11756180;246890;0;653
FR;2;2022-06-03;71;157;668;1605;96;595;1694;0;19;6122232;6807337;10635834;149243;6156488;11756775;248584;0;672
FR;2;2022-06-04;69;93;283;434;66;269;476;0;11;6122301;6807430;10636117;149677;6156554;11757044;249060;0;683
FR;2;2022-06-05;12;17;63;58;16;47;75;0;1;6122313;6807447;10636180;149735;6156570;11757091;249135;0;684
FR;2;2022-06-06;12;41;93;76;30;92;81;0;4;6122325;6807488;10636273;149811;6156600;11757183;249216;0;688
FR;2;2022-06-07;99;222;667;1535;154;577;1661;0;10;6122424;6807710;10636940;151346;6156754;11757760;250877;0;698
FR;2;2022-06-08;70;119;477;1166;76;411;1262;0;5;6122494;6807829;10637417;152512;6156830;11758171;252139;0;703
FR;2;2022-06-09;93;167;613;1923;108;571;1927;0;18;6122587;6807996;10638030;154435;6156938;11758742;254066;0;721
FR;2;2022-06-10;93;168;650;1683;107;622;1774;0;23;6122680;6808164;10638680;156118;6157045;11759364;255840;0;744
FR;2;2022-06-11;44;85;287;529;42;258;583;0;5;6122724;6808249;10638967;156647;6157087;11759622;256423;0;749
FR;2;2022-06-12;18;38;58;78;27;60;78;0;0;6122742;6808287;10639025;156725;6157114;11759682;256501;0;749
FR;2;2022-06-13;39;121;395;953;63;379;1021;0;6;6122781;6808408;10639420;157678;6157177;11760061;257522;0;755
FR;2;2022-06-14;68;157;599;2088;101;537;2189;0;14;6122849;6808565;10640019;159766;6157278;11760598;259711;0;769
FR;2;2022-06-15;78;104;522;1504;84;444;1641;0;10;6122927;6808669;10640541;161270;6157362;11761042;261352;0;779
FR;2;2022-06-16;127;128;497;1411;123;424;1526;0;12;6123054;6808797;10641038;162681;6157485;11761466;262878;0;791
FR;2;2022-06-17;73;138;589;1817;88;516;1921;0;16;6123127;6808935;10641627;164498;6157573;11761982;264799;0;807
FR;2;2022-06-18;76;93;224;579;81;196;630;0;4;6123203;6809028;10641851;165077;6157654;11762178;265429;0;811
FR;2;2022-06-19;11;17;53;71;7;41;90;0;2;6123214;6809045;10641904;165148;6157661;11762219;265519;0;813
FR;2;2022-06-20;62;125;401;1028;72;392;1105;0;10;6123276;6809170;10642305;166176;6157733;11762611;266624;0;823
FR;2;2022-06-21;108;116;526;2127;105;455;2164;0;22;6123384;6809286;10642831;168303;6157838;11763066;268788;0;845
FR;2;2022-06-22;39;110;462;1889;57;415;1971;0;25;6123423;6809396;10643293;170192;6157895;11763481;270759;0;870
FR;2;2022-06-23;58;109;537;2282;68;452;2400;0;30;6123481;6809505;10643830;172474;6157963;11763933;273159;0;900
FR;2;2022-06-24;66;122;709;3199;65;571;3339;0;38;6123547;6809627;10644539;175673;6158028;11764504;276498;0;938
FR;2;2022-06-25;30;90;298;988;55;254;1041;0;13;6123577;6809717;10644837;176661;6158083;11764758;277539;0;951
FR;2;2022-06-26;30;27;131;194;29;97;236;0;5;6123607;6809744;10644968;176855;6158112;11764855;277775;0;956
FR;2;2022-06-27;79;137;582;2490;94;483;2623;0;39;6123686;6809881;10645550;179345;6158206;11765338;280398;0;995
FR;2;2022-06-28;110;140;812;4817;81;650;4894;0;54;6123796;6810021;10646362;184162;6158287;11765988;285292;0;1049
FR;2;2022-06-29;73;150;776;4436;80;637;4532;0;56;6123869;6810171;10647138;188598;6158367;11766625;289824;0;1105
FR;2;2022-06-30;72;133;834;5177;71;619;5398;0;79;6123941;6810304;10647972;193775;6158438;11767244;295222;0;1184
FR;2;2022-07-01;113;161;1152;6692;95;853;6944;0;92;6124054;6810465;10649124;200467;6158533;11768097;302166;0;1276
FR;2;2022-07-02;69;132;474;1977;82;392;2068;0;27;6124123;6810597;10649598;202444;6158615;11768489;304234;0;1303
FR;2;2022-07-03;23;30;147;334;21;131;357;0;8;6124146;6810627;10649745;202778;6158636;11768620;304591;0;1311
FR;2;2022-07-04;122;184;776;3785;113;612;3971;0;49;6124268;6810811;10650521;206563;6158749;11769232;308562;0;1360
FR;2;2022-07-05;119;188;1121;6818;121;829;6999;0;85;6124387;6810999;10651642;213381;6158870;11770061;315561;0;1445
FR;2;2022-07-06;92;152;951;5807;94;698;5933;0;84;6124479;6811151;10652593;219188;6158964;11770759;321494;0;1529
FR;2;2022-07-07;81;185;1021;6501;116;752;6732;0;101;6124560;6811336;10653614;225689;6159080;11771511;328226;0;1630
FR;2;2022-07-08;65;122;1095;7044;51;758;7235;0;123;6124625;6811458;10654709;232733;6159131;11772269;335461;0;1753
FR;2;2022-07-09;34;62;417;1869;31;299;1919;0;33;6124659;6811520;10655126;234602;6159162;11772568;337380;0;1786
FR;2;2022-07-10;7;17;97;315;8;83;327;0;5;6124666;6811537;10655223;234917;6159170;11772651;337707;0;1791
FR;2;2022-07-11;68;121;683;3826;76;541;3901;0;67;6124734;6811658;10655906;238743;6159246;11773192;341608;0;1858
FR;2;2022-07-12;102;180;1054;6517;107;809;6725;0;119;6124836;6811838;10656960;245260;6159353;11774001;348333;0;1977
FR;2;2022-07-13;65;128;879;4664;76;591;4830;0;78;6124901;6811966;10657839;249924;6159429;11774592;353163;0;2055
FR;2;2022-07-14;6;13;89;250;8;60;269;0;8;6124907;6811979;10657928;250174;6159437;11774652;353432;0;2063
FR;2;2022-07-15;61;129;739;3795;53;560;3961;0;75;6124968;6812108;10658667;253969;6159490;11775212;357393;0;2138
FR;2;2022-07-16;27;54;289;1031;30;242;1077;0;25;6124995;6812162;10658956;255000;6159520;11775454;358470;0;2163
FR;2;2022-07-17;5;12;78;201;6;67;207;0;6;6125000;6812174;10659034;255201;6159526;11775521;358677;0;2169
FR;2;2022-07-18;57;103;514;2510;61;385;2648;0;59;6125057;6812277;10659548;257711;6159587;11775906;361325;0;2228
FR;2;2022-07-19;66;133;770;4258;72;555;4447;0;72;6125123;6812410;10660318;261969;6159659;11776461;365772;0;2300
FR;2;2022-07-20;59;117;582;3179;68;430;3278;0;87;6125182;6812527;10660900;265148;6159727;11776891;369050;0;2387
FR;2;2022-07-21;60;110;673;3680;73;487;3797;0;105;6125242;6812637;10661573;268828;6159800;11777378;372847;0;2492
FR;2;2022-07-22;51;100;700;3550;48;507;3701;0;80;6125293;6812737;10662273;272378;6159848;11777885;376548;0;2572
FR;2;2022-07-23;38;97;290;1175;51;229;1228;0;37;6125331;6812834;10662563;273553;6159899;11778114;377776;0;2609
FR;2;2022-07-24;14;24;69;201;19;68;203;0;7;6125345;6812858;10662632;273754;6159918;11778182;377979;0;2616
FR;2;2022-07-25;50;71;405;1938;60;300;2000;0;56;6125395;6812929;10663037;275692;6159978;11778482;379979;0;2672
FR;2;2022-07-26;57;133;606;3423;67;476;3496;0;113;6125452;6813062;10663643;279115;6160045;11778958;383475;0;2785
FR;2;2022-07-27;42;81;457;2782;50;361;2801;0;89;6125494;6813143;10664100;281897;6160095;11779319;386276;0;2874
FR;2;2022-07-28;29;75;450;2487;37;356;2491;0;78;6125523;6813218;10664550;284384;6160132;11779675;388767;0;2952
FR;2;2022-07-29;68;88;535;2857;63;347;2978;0;73;6125591;6813306;10665085;287241;6160195;11780022;391745;0;3025
FR;2;2022-07-30;22;39;163;776;32;110;796;0;24;6125613;6813345;10665248;288017;6160227;11780132;392541;0;3049
FR;2;2022-07-31;6;13;27;104;12;21;110;0;2;6125619;6813358;10665275;288121;6160239;11780153;392651;0;3051
FR;2;2022-08-01;38;107;323;1262;74;260;1344;0;29;6125657;6813465;10665598;289383;6160313;11780413;393995;0;3080
FR;2;2022-08-02;49;75;325;2061;50;247;2097;0;78;6125706;6813540;10665923;291444;6160363;11780660;396092;0;3158
FR;2;2022-08-03;29;53;260;1611;25;188;1617;0;57;6125735;6813593;10666183;293055;6160388;11780848;397709;0;3215
FR;2;2022-08-04;40;65;306;1692;39;240;1701;0;66;6125775;6813658;10666489;294747;6160427;11781088;399410;0;3281
FR;2;2022-08-05;33;94;328;1881;67;236;1912;0;60;6125808;6813752;10666817;296628;6160494;11781324;401322;0;3341
FR;2;2022-08-06;22;41;106;365;29;82;372;0;10;6125830;6813793;10666923;296993;6160523;11781406;401694;0;3351
FR;2;2022-08-07;7;8;15;69;5;16;71;0;3;6125837;6813801;10666938;297062;6160528;11781422;401765;0;3354
FR;2;2022-08-08;19;35;220;877;22;148;915;0;33;6125856;6813836;10667158;297939;6160550;11781570;402680;0;3387
FR;2;2022-08-09;30;52;279;1474;42;238;1470;0;50;6125886;6813888;10667437;299413;6160592;11781808;404150;0;3437
FR;2;2022-08-10;17;22;213;1134;19;150;1155;0;46;6125903;6813910;10667650;300547;6160611;11781958;405305;0;3483
FR;2;2022-08-11;21;41;174;1038;26;117;1047;0;40;6125924;6813951;10667824;301585;6160637;11782075;406352;0;3523
FR;2;2022-08-12;36;50;184;1046;38;140;1069;0;35;6125960;6814001;10668008;302631;6160675;11782215;407421;0;3558
FR;2;2022-08-13;11;19;47;149;15;53;137;0;5;6125971;6814020;10668055;302780;6160690;11782268;407558;0;3563
FR;2;2022-08-14;1;2;12;52;1;11;54;0;1;6125972;6814022;10668067;302832;6160691;11782279;407612;0;3564
FR;2;2022-08-15;0;5;32;22;2;21;21;0;3;6125972;6814027;10668099;302854;6160693;11782300;407633;0;3567
FR;2;2022-08-16;27;33;144;681;34;120;678;0;33;6125999;6814060;10668243;303535;6160727;11782420;408311;0;3600
FR;2;2022-08-17;18;27;109;738;18;88;744;0;34;6126017;6814087;10668352;304273;6160745;11782508;409055;0;3634
FR;2;2022-08-18;14;30;160;836;14;107;852;0;42;6126031;6814117;10668512;305109;6160759;11782615;409907;0;3676
FR;2;2022-08-19;8;38;118;706;31;88;706;0;33;6126039;6814155;10668630;305815;6160790;11782703;410613;0;3709
FR;2;2022-08-20;6;26;61;197;16;52;201;0;8;6126045;6814181;10668691;306012;6160806;11782755;410814;0;3717
FR;2;2022-08-21;4;14;15;19;6;13;31;0;0;6126049;6814195;10668706;306031;6160812;11782768;410845;0;3717
FR;2;2022-08-22;11;25;116;395;17;73;451;0;13;6126060;6814220;10668822;306426;6160829;11782841;411296;0;3730
FR;2;2022-08-23;12;42;134;671;23;112;679;0;38;6126072;6814262;10668956;307097;6160852;11782953;411975;0;3768
FR;2;2022-08-24;11;28;87;466;21;80;472;0;18;6126083;6814290;10669043;307563;6160873;11783033;412447;0;3786
FR;2;2022-08-25;8;32;109;481;16;69;516;0;17;6126091;6814322;10669152;308044;6160889;11783102;412963;0;3803
FR;2;2022-08-26;16;46;117;720;36;91;713;0;32;6126107;6814368;10669269;308764;6160925;11783193;413676;0;3835
FR;2;2022-08-27;10;19;47;158;16;42;166;0;2;6126117;6814387;10669316;308922;6160941;11783235;413842;0;3837
FR;2;2022-08-28;1;5;5;15;1;7;16;0;1;6126118;6814392;10669321;308937;6160942;11783242;413858;0;3838
FR;2;2022-08-29;24;43;94;400;29;88;396;0;24;6126142;6814435;10669415;309337;6160971;11783330;414254;0;3862
FR;2;2022-08-30;31;54;154;791;34;119;798;0;29;6126173;6814489;10669569;310128;6161005;11783449;415052;0;3891
FR;2;2022-08-31;19;37;85;392;24;79;393;0;25;6126192;6814526;10669654;310520;6161029;11783528;415445;0;3916
FR;2;2022-09-01;19;43;139;600;25;122;609;0;36;6126211;6814569;10669793;311120;6161054;11783650;416054;0;3952
FR;2;2022-09-02;34;57;147;744;34;160;748;0;32;6126245;6814626;10669940;311864;6161088;11783810;416802;0;3984
FR;2;2022-09-03;17;20;83;205;11;67;213;0;7;6126262;6814646;10670023;312069;6161099;11783877;417015;0;3991
FR;2;2022-09-04;8;5;9;31;2;10;30;0;3;6126270;6814651;10670032;312100;6161101;11783887;417045;0;3994
FR;2;2022-09-05;29;32;126;367;24;98;397;0;24;6126299;6814683;10670158;312467;6161125;11783985;417442;0;4018
FR;2;2022-09-06;44;63;158;762;43;153;768;0;36;6126343;6814746;10670316;313229;6161168;11784138;418210;0;4054
FR;2;2022-09-07;21;22;76;375;18;51;387;0;23;6126364;6814768;10670392;313604;6161186;11784189;418597;0;4077
FR;2;2022-09-08;31;58;109;636;41;100;646;0;22;6126395;6814826;10670501;314240;6161227;11784289;419243;0;4099
FR;2;2022-09-09;18;24;126;754;21;74;747;0;48;6126413;6814850;10670627;314994;6161248;11784363;419990;0;4147
FR;2;2022-09-10;14;25;57;117;17;48;131;0;4;6126427;6814875;10670684;315111;6161265;11784411;420121;0;4151
FR;2;2022-09-11;12;5;11;11;3;13;13;0;0;6126439;6814880;10670695;315122;6161268;11784424;420134;0;4151
FR;2;2022-09-12;20;31;70;340;26;56;352;0;16;6126459;6814911;10670765;315462;6161294;11784480;420486;0;4167
FR;2;2022-09-13;15;34;125;670;13;99;674;0;40;6126474;6814945;10670890;316132;6161307;11784579;421160;0;4207
FR;2;2022-09-14;19;23;81;480;20;60;478;0;36;6126493;6814968;10670971;316612;6161327;11784639;421638;0;4243
FR;2;2022-09-15;23;45;126;486;27;102;493;0;47;6126516;6815013;10671097;317098;6161354;11784741;422131;0;4290
FR;2;2022-09-16;22;31;124;563;17;89;585;0;39;6126538;6815044;10671221;317661;6161371;11784830;422716;0;4329
FR;2;2022-09-17;6;20;56;160;15;52;147;0;14;6126544;6815064;10671277;317821;6161386;11784882;422863;0;4343
FR;2;2022-09-18;4;7;13;37;6;10;37;0;3;6126548;6815071;10671290;317858;6161392;11784892;422900;0;4346
FR;2;2022-09-19;26;24;114;353;16;87;381;0;22;6126574;6815095;10671404;318211;6161408;11784979;423281;0;4368
FR;2;2022-09-20;29;27;117;624;21;84;639;0;38;6126603;6815122;10671521;318835;6161429;11785063;423920;0;4406
FR;2;2022-09-21;15;30;100;393;15;78;418;0;22;6126618;6815152;10671621;319228;6161444;11785141;424338;0;4428
FR;2;2022-09-22;19;39;124;581;18;95;619;0;28;6126637;6815191;10671745;319809;6161462;11785236;424957;0;4456
FR;2;2022-09-23;21;38;135;555;22;111;570;0;39;6126658;6815229;10671880;320364;6161484;11785347;425527;0;4495
FR;2;2022-09-24;10;8;52;190;8;37;201;0;7;6126668;6815237;10671932;320554;6161492;11785384;425728;0;4502
FR;2;2022-09-25;9;11;15;29;11;12;33;0;5;6126677;6815248;10671947;320583;6161503;11785396;425761;0;4507
FR;2;2022-09-26;22;41;116;447;27;79;458;0;20;6126699;6815289;10672063;321030;6161530;11785475;426219;0;4527
FR;2;2022-09-27;30;46;162;906;35;108;861;0;52;6126729;6815335;10672225;321936;6161565;11785583;427080;0;4579
FR;2;2022-09-28;15;31;93;421;18;74;439;0;23;6126744;6815366;10672318;322357;6161583;11785657;427519;0;4602
FR;2;2022-09-29;26;48;115;618;23;110;630;0;33;6126770;6815414;10672433;322975;6161606;11785767;428149;0;4635
FR;2;2022-09-30;25;44;111;520;44;84;533;0;31;6126795;6815458;10672544;323495;6161650;11785851;428682;0;4666
FR;2;2022-10-01;11;20;51;128;20;36;129;0;8;6126806;6815478;10672595;323623;6161670;11785887;428811;0;4674
FR;2;2022-10-02;0;5;8;21;4;5;25;0;2;6126806;6815483;10672603;323644;6161674;11785892;428836;0;4676
FR;2;2022-10-03;22;35;85;291;30;69;306;0;22;6126828;6815518;10672688;323935;6161704;11785961;429142;0;4698
FR;2;2022-10-04;17;21;106;601;19;71;620;0;46;6126845;6815539;10672794;324536;6161723;11786032;429762;0;4744
FR;2;2022-10-05;20;31;75;491;26;67;488;0;54;6126865;6815570;10672869;325027;6161749;11786099;430250;0;4798
FR;2;2022-10-06;30;23;74;442;17;71;428;0;65;6126895;6815593;10672943;325469;6161766;11786170;430678;0;4863
FR;2;2022-10-07;21;30;86;499;27;66;503;0;42;6126916;6815623;10673029;325968;6161793;11786236;431181;0;4905
FR;2;2022-10-08;12;8;24;114;3;25;108;0;12;6126928;6815631;10673053;326082;6161796;11786261;431289;0;4917
FR;2;2022-10-09;1;8;15;17;6;11;22;0;5;6126929;6815639;10673068;326099;6161802;11786272;431311;0;4922
FR;2;2022-10-10;18;27;47;223;25;49;218;0;21;6126947;6815666;10673115;326322;6161827;11786321;431529;0;4943
FR;2;2022-10-11;16;15;48;253;11;39;241;0;52;6126963;6815681;10673163;326575;6161838;11786360;431770;0;4995
FR;2;2022-10-12;9;20;52;290;16;36;305;0;56;6126972;6815701;10673215;326865;6161854;11786396;432075;0;5051
FR;2;2022-10-13;11;14;48;271;9;48;261;0;26;6126983;6815715;10673263;327136;6161863;11786444;432336;0;5077
FR;2;2022-10-14;13;30;36;230;18;40;231;0;29;6126996;6815745;10673299;327366;6161881;11786484;432567;0;5106
FR;2;2022-10-15;4;13;22;111;7;17;113;0;15;6127000;6815758;10673321;327477;6161888;11786501;432680;0;5121
FR;2;2022-10-16;0;7;4;11;6;7;8;0;1;6127000;6815765;10673325;327488;6161894;11786508;432688;0;5122
FR;2;2022-10-17;15;19;31;121;18;26;131;0;29;6127015;6815784;10673356;327609;6161912;11786534;432819;0;5151
FR;2;2022-10-18;13;12;68;185;6;34;247;0;46;6127028;6815796;10673424;327794;6161918;11786568;433066;0;5197
FR;2;2022-10-19;8;17;39;184;12;31;223;0;52;6127036;6815813;10673463;327978;6161930;11786599;433289;0;5249
FR;2;2022-10-20;11;29;41;200;15;40;196;0;52;6127047;6815842;10673504;328178;6161945;11786639;433485;0;5301
FR;2;2022-10-21;6;15;60;233;6;53;222;0;31;6127053;6815857;10673564;328411;6161951;11786692;433707;0;5332
FR;2;2022-10-22;8;7;25;102;2;23;103;0;20;6127061;6815864;10673589;328513;6161953;11786715;433810;0;5352
FR;2;2022-10-23;0;3;1;5;3;0;6;0;2;6127061;6815867;10673590;328518;6161956;11786715;433816;0;5354
FR;2;2022-10-24;12;12;16;110;12;16;113;0;20;6127073;6815879;10673606;328628;6161968;11786731;433929;0;5374
FR;2;2022-10-25;12;7;23;138;6;15;145;0;51;6127085;6815886;10673629;328766;6161974;11786746;434074;0;5425
FR;2;2022-10-26;4;3;17;90;2;11;96;0;27;6127089;6815889;10673646;328856;6161976;11786757;434170;0;5452
FR;2;2022-10-27;7;10;18;88;10;20;71;0;27;6127096;6815899;10673664;328944;6161986;11786777;434241;0;5479
FR;2;2022-10-28;5;3;15;91;3;7;92;0;27;6127101;6815902;10673679;329035;6161989;11786784;434333;0;5506
FR;2;2022-10-29;7;8;18;33;6;14;37;0;8;6127108;6815910;10673697;329068;6161995;11786798;434370;0;5514
FR;2;2022-10-30;3;7;5;8;5;2;5;0;1;6127111;6815917;10673702;329076;6162000;11786800;434375;0;5515
FR;2;2022-10-31;2;8;6;49;6;10;48;0;11;6127113;6815925;10673708;329125;6162006;11786810;434423;0;5526
FR;2;2022-11-01;0;5;8;1;5;5;4;0;0;6127113;6815930;10673716;329126;6162011;11786815;434427;0;5526
FR;2;2022-11-02;6;5;12;44;5;12;45;0;11;6127119;6815935;10673728;329170;6162016;11786827;434472;0;5537
FR;2;2022-11-03;6;7;16;77;6;10;75;0;18;6127125;6815942;10673744;329247;6162022;11786837;434547;0;5555
FR;2;2022-11-04;7;12;15;85;10;14;93;0;10;6127132;6815954;10673759;329332;6162032;11786851;434640;0;5565
FR;2;2022-11-05;0;11;13;38;6;17;35;0;6;6127132;6815965;10673772;329370;6162038;11786868;434675;0;5571
FR;2;2022-11-06;0;2;2;1;0;4;0;0;2;6127132;6815967;10673774;329371;6162038;11786872;434675;0;5573
FR;2;2022-11-07;13;8;15;67;6;14;66;0;20;6127145;6815975;10673789;329438;6162044;11786886;434741;0;5593
FR;2;2022-11-08;14;8;18;58;6;14;65;0;27;6127159;6815983;10673807;329496;6162050;11786900;434806;0;5620
FR;2;2022-11-09;4;5;17;56;2;17;50;0;28;6127163;6815988;10673824;329552;6162052;11786917;434856;0;5648
FR;2;2022-11-10;7;10;17;74;7;14;76;0;14;6127170;6815998;10673841;329626;6162059;11786931;434932;0;5662
FR;2;2022-11-11;0;3;9;3;0;10;4;0;0;6127170;6816001;10673850;329629;6162059;11786941;434936;0;5662
FR;2;2022-11-12;2;5;7;19;4;7;19;0;4;6127172;6816006;10673857;329648;6162063;11786948;434955;0;5666
FR;2;2022-11-13;3;2;4;2;1;5;1;0;0;6127175;6816008;10673861;329650;6162064;11786953;434956;0;5666
FR;2;2022-11-14;7;6;13;29;3;10;33;0;7;6127182;6816014;10673874;329679;6162067;11786963;434989;0;5673
FR;2;2022-11-15;8;15;15;35;16;18;32;0;7;6127190;6816029;10673889;329714;6162083;11786981;435021;0;5680
FR;2;2022-11-16;3;6;4;45;6;4;46;0;18;6127193;6816035;10673893;329759;6162089;11786985;435067;0;5698
FR;2;2022-11-17;2;6;12;56;5;9;55;0;22;6127195;6816041;10673905;329815;6162094;11786994;435122;0;5720
FR;2;2022-11-18;3;4;7;41;4;6;44;0;10;6127198;6816045;10673912;329856;6162098;11787000;435166;0;5730
FR;2;2022-11-19;3;3;2;25;3;3;18;0;5;6127201;6816048;10673914;329881;6162101;11787003;435184;0;5735
FR;2;2022-11-20;0;2;6;9;2;6;10;0;26;6127201;6816050;10673920;329890;6162103;11787009;435194;0;5761
FR;2;2022-11-21;6;10;9;31;7;8;34;0;22;6127207;6816060;10673929;329921;6162110;11787017;435228;0;5783
FR;2;2022-11-22;8;8;20;65;6;21;70;0;71;6127215;6816068;10673949;329986;6162116;11787038;435298;0;5854
FR;2;2022-11-23;7;6;8;68;3;5;73;0;8;6127222;6816074;10673957;330054;6162119;11787043;435371;0;5862
FR;2;2022-11-24;2;2;11;50;2;7;57;0;10;6127224;6816076;10673968;330104;6162121;11787050;435428;0;5872
FR;2;2022-11-25;11;8;14;25;11;14;26;0;8;6127235;6816084;10673982;330129;6162132;11787064;435454;0;5880
FR;2;2022-11-26;1;5;4;8;4;7;6;0;0;6127236;6816089;10673986;330137;6162136;11787071;435460;0;5880
FR;2;2022-11-27;2;2;12;2;0;11;4;0;1;6127238;6816091;10673998;330139;6162136;11787082;435464;0;5881
FR;2;2022-11-28;0;2;8;35;1;6;37;0;5;6127238;6816093;10674006;330174;6162137;11787088;435501;0;5886
FR;2;2022-11-29;1;1;10;24;0;4;30;0;8;6127239;6816094;10674016;330198;6162137;11787092;435531;0;5894
FR;2;2022-11-30;2;2;10;47;1;11;44;0;21;6127241;6816096;10674026;330245;6162138;11787103;435575;0;5915
FR;2;2022-12-01;2;12;6;63;9;13;55;0;24;6127243;6816108;10674032;330308;6162147;11787116;435630;0;5939
FR;2;2022-12-02;1;2;12;51;2;10;51;0;27;6127244;6816110;10674044;330359;6162149;11787126;435681;0;5966
FR;2;2022-12-03;1;4;8;19;2;8;18;0;10;6127245;6816114;10674052;330378;6162151;11787134;435699;0;5976
FR;2;2022-12-04;0;0;0;4;0;0;4;0;2;6127245;6816114;10674052;330382;6162151;11787134;435703;0;5978
FR;2;2022-12-05;3;5;8;51;8;4;45;0;16;6127248;6816119;10674060;330433;6162159;11787138;435748;0;5994
FR;2;2022-12-06;3;5;14;45;4;6;48;0;17;6127251;6816124;10674074;330478;6162163;11787144;435796;0;6011
FR;2;2022-12-07;1;5;9;42;3;8;44;0;11;6127252;6816129;10674083;330520;6162166;11787152;435840;0;6022
FR;2;2022-12-08;0;2;11;44;0;6;49;0;16;6127252;6816131;10674094;330564;6162166;11787158;435889;0;6038
FR;2;2022-12-09;0;1;13;52;0;9;57;0;17;6127252;6816132;10674107;330616;6162166;11787167;435946;0;6055
FR;2;2022-12-10;0;3;15;50;1;6;52;0;9;6127252;6816135;10674122;330666;6162167;11787173;435998;0;6064
FR;2;2022-12-11;0;0;2;2;0;2;1;0;3;6127252;6816135;10674124;330668;6162167;11787175;435999;0;6067
FR;2;2022-12-12;1;0;6;37;0;6;36;0;11;6127253;6816135;10674130;330705;6162167;11787181;436035;0;6078
FR;2;2022-12-13;0;3;2;37;2;1;37;0;14;6127253;6816138;10674132;330742;6162169;11787182;436072;0;6092
FR;2;2022-12-14;0;5;8;26;5;3;31;0;14;6127253;6816143;10674140;330768;6162174;11787185;436103;0;6106
FR;2;2022-12-15;0;5;12;43;5;9;44;0;17;6127253;6816148;10674152;330811;6162179;11787194;436147;0;6123
FR;2;2022-12-16;2;4;27;56;3;20;62;0;16;6127255;6816152;10674179;330867;6162182;11787214;436209;0;6139
FR;2;2022-12-17;1;4;10;44;3;6;39;0;5;6127256;6816156;10674189;330911;6162185;11787220;436248;0;6144
FR;2;2022-12-18;1;0;0;0;0;0;0;0;1;6127257;6816156;10674189;330911;6162185;11787220;436248;0;6145
FR;2;2022-12-19;6;5;4;31;6;5;24;0;24;6127263;6816161;10674193;330942;6162191;11787225;436272;0;6169
FR;2;2022-12-20;0;4;6;37;2;7;38;0;24;6127263;6816165;10674199;330979;6162193;11787232;436310;0;6193
FR;2;2022-12-21;0;1;4;13;1;4;13;0;8;6127263;6816166;10674203;330992;6162194;11787236;436323;0;6201
FR;2;2022-12-22;0;5;17;32;2;6;45;0;10;6127263;6816171;10674220;331024;6162196;11787242;436368;0;6211
FR;2;2022-12-23;1;5;15;18;3;12;22;0;4;6127264;6816176;10674235;331042;6162199;11787254;436390;0;6215
FR;2;2022-12-24;0;0;1;1;0;1;1;0;0;6127264;6816176;10674236;331043;6162199;11787255;436391;0;6215
FR;2;2022-12-25;0;1;1;3;0;1;4;0;0;6127264;6816177;10674237;331046;6162199;11787256;436395;0;6215
FR;2;2022-12-26;0;0;7;11;0;5;11;0;3;6127264;6816177;10674244;331057;6162199;11787261;436406;0;6218
FR;2;2022-12-27;0;1;7;5;1;5;7;0;4;6127264;6816178;10674251;331062;6162200;11787266;436413;0;6222
FR;2;2022-12-28;0;2;4;13;2;3;14;0;5;6127264;6816180;10674255;331075;6162202;11787269;436427;0;6227
FR;2;2022-12-29;1;2;4;18;1;5;18;0;7;6127265;6816182;10674259;331093;6162203;11787274;436445;0;6234
FR;2;2022-12-30;1;0;2;8;0;2;7;0;1;6127266;6816182;10674261;331101;6162203;11787276;436452;0;6235
FR;2;2022-12-31;0;0;1;2;0;1;2;0;1;6127266;6816182;10674262;331103;6162203;11787277;436454;0;6236
FR;2;2023-01-01;0;0;0;0;0;0;0;0;0;6127266;6816182;10674262;331103;6162203;11787277;436454;0;6236
FR;2;2023-01-02;5;3;9;21;2;7;23;0;2;6127271;6816185;10674271;331124;6162205;11787284;436477;0;6238
FR;2;2023-01-03;1;0;6;13;0;7;11;0;6;6127272;6816185;10674277;331137;6162205;11787291;436488;0;6244
FR;2;2023-01-04;1;2;9;13;3;7;13;0;6;6127273;6816187;10674286;331150;6162208;11787298;436501;0;6250
FR;2;2023-01-05;0;2;7;6;2;4;7;0;3;6127273;6816189;10674293;331156;6162210;11787302;436508;0;6253
FR;2;2023-01-06;1;0;9;9;0;4;13;0;9;6127274;6816189;10674302;331165;6162210;11787306;436521;0;6262
FR;2;2023-01-07;0;0;4;10;0;4;8;0;5;6127274;6816189;10674306;331175;6162210;11787310;436529;0;6267
FR;2;2023-01-08;0;0;3;3;0;3;3;0;2;6127274;6816189;10674309;331178;6162210;11787313;436532;0;6269
FR;2;2023-01-09;0;2;8;9;2;3;13;0;5;6127274;6816191;10674317;331187;6162212;11787316;436545;0;6274
FR;2;2023-01-10;0;5;4;8;4;3;10;0;6;6127274;6816196;10674321;331195;6162216;11787319;436555;0;6280
FR;2;2023-01-11;3;0;4;7;0;3;9;0;3;6127277;6816196;10674325;331202;6162216;11787322;436564;0;6283
FR;2;2023-01-12;1;0;9;13;0;7;10;0;11;6127278;6816196;10674334;331215;6162216;11787329;436574;0;6294
FR;2;2023-01-13;0;1;5;7;1;3;10;0;3;6127278;6816197;10674339;331222;6162217;11787332;436584;0;6297
FR;2;2023-01-14;0;1;2;6;0;3;6;0;1;6127278;6816198;10674341;331228;6162217;11787335;436590;0;6298
FR;2;2023-01-15;0;0;0;0;0;0;0;0;0;6127278;6816198;10674341;331228;6162217;11787335;436590;0;6298
FR;2;2023-01-16;1;1;5;6;2;2;7;0;1;6127279;6816199;10674346;331234;6162219;11787337;436597;0;6299
FR;2;2023-01-17;1;0;5;4;0;5;3;0;0;6127280;6816199;10674351;331238;6162219;11787342;436600;0;6299
FR;2;2023-01-18;0;0;3;2;0;3;2;0;0;6127280;6816199;10674354;331240;6162219;11787345;436602;0;6299
FR;2;2023-01-19;0;0;1;6;0;1;6;0;6;6127280;6816199;10674355;331246;6162219;11787346;436608;0;6305
FR;2;2023-01-20;0;0;1;8;0;1;8;0;4;6127280;6816199;10674356;331254;6162219;11787347;436616;0;6309
FR;2;2023-01-21;0;0;0;3;0;0;0;0;0;6127280;6816199;10674356;331257;6162219;11787347;436616;0;6309
FR;2;2023-01-22;0;0;0;0;0;0;0;0;0;6127280;6816199;10674356;331257;6162219;11787347;436616;0;6309
FR;2;2023-01-23;0;0;3;3;0;2;3;0;1;6127280;6816199;10674359;331260;6162219;11787349;436619;0;6310
FR;2;2023-01-24;1;3;1;6;3;0;7;0;4;6127281;6816202;10674360;331266;6162222;11787349;436626;0;6314
FR;2;2023-01-25;1;0;0;6;1;0;6;0;0;6127282;6816202;10674360;331272;6162223;11787349;436632;0;6314
FR;2;2023-01-26;1;0;3;7;0;1;9;0;3;6127283;6816202;10674363;331279;6162223;11787350;436641;0;6317
FR;2;2023-01-27;0;2;3;3;1;2;3;0;2;6127283;6816204;10674366;331282;6162224;11787352;436644;0;6319
FR;2;2023-01-28;0;0;0;1;0;0;1;0;0;6127283;6816204;10674366;331283;6162224;11787352;436645;0;6319
FR;2;2023-01-29;0;0;1;0;0;0;1;0;0;6127283;6816204;10674367;331283;6162224;11787352;436646;0;6319
FR;2;2023-01-30;0;1;2;3;1;1;4;0;1;6127283;6816205;10674369;331286;6162225;11787353;436650;0;6320
FR;2;2023-01-31;1;0;3;2;0;2;3;0;0;6127284;6816205;10674372;331288;6162225;11787355;436653;0;6320
FR;2;2023-02-01;0;3;2;0;2;3;0;0;0;6127284;6816208;10674374;331288;6162227;11787358;436653;0;6320
FR;2;2023-02-02;0;2;3;4;1;4;6;0;4;6127284;6816210;10674377;331292;6162228;11787362;436659;0;6324
FR;2;2023-02-03;0;2;1;12;2;0;11;0;9;6127284;6816212;10674378;331304;6162230;11787362;436670;0;6333
FR;2;2023-02-04;0;1;1;0;0;2;0;0;0;6127284;6816213;10674379;331304;6162230;11787364;436670;0;6333
FR;2;2023-02-05;0;0;0;0;0;0;0;0;0;6127284;6816213;10674379;331304;6162230;11787364;436670;0;6333
FR;2;2023-02-06;0;3;2;2;2;3;2;0;0;6127284;6816216;10674381;331306;6162232;11787367;436672;0;6333
FR;2;2023-02-07;2;1;0;0;0;1;0;0;1;6127286;6816217;10674381;331306;6162232;11787368;436672;0;6334
FR;2;2023-02-08;0;0;3;2;0;2;4;0;1;6127286;6816217;10674384;331308;6162232;11787370;436676;0;6335
FR;2;2023-02-09;0;0;1;4;0;2;3;0;3;6127286;6816217;10674385;331312;6162232;11787372;436679;0;6338
FR;2;2023-02-10;0;0;1;3;0;1;2;0;6;6127286;6816217;10674386;331315;6162232;11787373;436681;0;6344
FR;2;2023-02-11;2;2;1;1;0;2;2;0;0;6127288;6816219;10674387;331316;6162232;11787375;436683;0;6344
FR;2;2023-02-12;0;0;0;0;0;0;0;0;0;6127288;6816219;10674387;331316;6162232;11787375;436683;0;6344
FR;2;2023-02-13;3;0;1;5;0;0;5;0;1;6127291;6816219;10674388;331321;6162232;11787375;436688;0;6345
FR;2;2023-02-14;1;2;1;1;2;0;2;0;0;6127292;6816221;10674389;331322;6162234;11787375;436690;0;6345
FR;2;2023-02-15;2;0;1;1;0;1;1;0;0;6127294;6816221;10674390;331323;6162234;11787376;436691;0;6345
FR;2;2023-02-16;1;1;1;1;1;1;1;0;2;6127295;6816222;10674391;331324;6162235;11787377;436692;0;6347
FR;2;2023-02-17;0;0;1;4;0;1;3;0;4;6127295;6816222;10674392;331328;6162235;11787378;436695;0;6351
FR;2;2023-02-18;0;0;4;1;0;4;0;0;1;6127295;6816222;10674396;331329;6162235;11787382;436695;0;6352
FR;2;2023-02-19;0;1;0;0;1;0;0;0;0;6127295;6816223;10674396;331329;6162236;11787382;436695;0;6352
FR;2;2023-02-20;1;0;0;1;0;0;1;0;2;6127296;6816223;10674396;331330;6162236;11787382;436696;0;6354
FR;2;2023-02-21;0;0;0;1;0;0;1;0;2;6127296;6816223;10674396;331331;6162236;11787382;436697;0;6356
FR;2;2023-02-22;1;0;0;3;0;0;3;0;0;6127297;6816223;10674396;331334;6162236;11787382;436700;0;6356
FR;2;2023-02-23;0;0;0;1;0;0;1;0;3;6127297;6816223;10674396;331335;6162236;11787382;436701;0;6359
FR;2;2023-02-24;1;0;1;2;0;0;3;0;0;6127298;6816223;10674397;331337;6162236;11787382;436704;0;6359
FR;2;2023-02-25;0;0;1;2;0;1;2;0;0;6127298;6816223;10674398;331339;6162236;11787383;436706;0;6359
FR;2;2023-02-26;0;0;0;0;0;0;0;0;0;6127298;6816223;10674398;331339;6162236;11787383;436706;0;6359
FR;2;2023-02-27;1;0;1;1;1;1;1;0;0;6127299;6816223;10674399;331340;6162237;11787384;436707;0;6359
FR;2;2023-02-28;1;0;0;0;0;0;0;0;2;6127300;6816223;10674399;331340;6162237;11787384;436707;0;6361
FR;2;2023-03-01;0;2;3;2;1;3;1;0;1;6127300;6816225;10674402;331342;6162238;11787387;436708;0;6362
FR;2;2023-03-02;0;2;2;1;2;1;1;0;1;6127300;6816227;10674404;331343;6162240;11787388;436709;0;6363
FR;2;2023-03-03;1;0;3;1;0;3;1;0;0;6127301;6816227;10674407;331344;6162240;11787391;436710;0;6363
FR;2;2023-03-04;0;0;1;0;0;1;0;0;0;6127301;6816227;10674408;331344;6162240;11787392;436710;0;6363
FR;2;2023-03-05;0;0;0;0;0;0;0;0;0;6127301;6816227;10674408;331344;6162240;11787392;436710;0;6363
FR;2;2023-03-06;0;0;2;1;0;1;2;0;2;6127301;6816227;10674410;331345;6162240;11787393;436712;0;6365
FR;2;2023-03-07;0;1;2;1;1;2;1;0;1;6127301;6816228;10674412;331346;6162241;11787395;436713;0;6366
FR;2;2023-03-08;0;0;0;0;0;0;0;0;2;6127301;6816228;10674412;331346;6162241;11787395;436713;0;6368
FR;2;2023-03-09;0;0;1;1;0;0;2;0;0;6127301;6816228;10674413;331347;6162241;11787395;436715;0;6368
FR;2;2023-03-10;0;0;1;0;0;1;0;0;0;6127301;6816228;10674414;331347;6162241;11787396;436715;0;6368
FR;2;2023-03-11;0;0;4;1;0;3;2;0;0;6127301;6816228;10674418;331348;6162241;11787399;436717;0;6368
FR;2;2023-03-12;0;0;0;0;0;0;0;0;0;6127301;6816228;10674418;331348;6162241;11787399;436717;0;6368
FR;2;2023-03-13;0;0;1;3;0;1;3;0;0;6127301;6816228;10674419;331351;6162241;11787400;436720;0;6368
FR;2;2023-03-14;1;0;0;0;0;0;0;0;0;6127302;6816228;10674419;331351;6162241;11787400;436720;0;6368
FR;2;2023-03-15;0;1;0;3;1;0;3;0;0;6127302;6816229;10674419;331354;6162242;11787400;436723;0;6368
FR;2;2023-03-16;0;1;0;0;1;0;1;0;0;6127302;6816230;10674419;331354;6162243;11787400;436724;0;6368
FR;2;2023-03-17;0;0;1;1;0;1;0;0;0;6127302;6816230;10674420;331355;6162243;11787401;436724;0;6368
FR;2;2023-03-18;0;0;7;0;0;7;0;0;1;6127302;6816230;10674427;331355;6162243;11787408;436724;0;6369
FR;2;2023-03-19;0;0;0;0;0;0;0;0;0;6127302;6816230;10674427;331355;6162243;11787408;436724;0;6369
FR;2;2023-03-20;0;0;1;0;0;1;0;0;0;6127302;6816230;10674428;331355;6162243;11787409;436724;0;6369
FR;2;2023-03-21;0;0;1;2;0;1;2;0;1;6127302;6816230;10674429;331357;6162243;11787410;436726;0;6370
FR;2;2023-03-22;0;0;0;0;0;0;0;0;1;6127302;6816230;10674429;331357;6162243;11787410;436726;0;6371
FR;2;2023-03-23;0;1;0;0;1;0;0;0;1;6127302;6816231;10674429;331357;6162244;11787410;436726;0;6372
FR;2;2023-03-24;0;1;0;2;1;0;2;0;2;6127302;6816232;10674429;331359;6162245;11787410;436728;0;6374
FR;2;2023-03-25;0;0;1;2;0;1;2;0;0;6127302;6816232;10674430;331361;6162245;11787411;436730;0;6374
FR;2;2023-03-26;0;1;1;0;1;1;0;0;0;6127302;6816233;10674431;331361;6162246;11787412;436730;0;6374
FR;2;2023-03-27;0;2;2;0;2;2;0;0;1;6127302;6816235;10674433;331361;6162248;11787414;436730;0;6375
FR;2;2023-03-28;0;0;0;0;0;0;0;0;1;6127302;6816235;10674433;331361;6162248;11787414;436730;0;6376
FR;2;2023-03-29;0;0;0;2;0;0;2;0;0;6127302;6816235;10674433;331363;6162248;11787414;436732;0;6376
FR;2;2023-03-30;0;0;0;0;0;0;0;0;0;6127302;6816235;10674433;331363;6162248;11787414;436732;0;6376
FR;2;2023-03-31;0;1;0;1;1;0;1;0;0;6127302;6816236;10674433;331364;6162249;11787414;436733;0;6376
FR;2;2023-04-01;0;0;1;0;0;0;1;0;0;6127302;6816236;10674434;331364;6162249;11787414;436734;0;6376
FR;2;2023-04-02;0;0;0;0;0;0;0;0;0;6127302;6816236;10674434;331364;6162249;11787414;436734;0;6376
FR;2;2023-04-03;0;1;2;2;1;2;2;0;1;6127302;6816237;10674436;331366;6162250;11787416;436736;0;6377
FR;2;2023-04-04;0;0;0;2;0;0;2;0;0;6127302;6816237;10674436;331368;6162250;11787416;436738;0;6377
FR;2;2023-04-05;0;0;0;0;0;0;0;0;0;6127302;6816237;10674436;331368;6162250;11787416;436738;0;6377
FR;2;2023-04-06;0;1;0;0;1;0;0;0;0;6127302;6816238;10674436;331368;6162251;11787416;436738;0;6377
FR;2;2023-04-07;0;0;0;1;0;0;1;0;0;6127302;6816238;10674436;331369;6162251;11787416;436739;0;6377
FR;2;2023-04-08;0;0;0;0;0;0;0;0;0;6127302;6816238;10674436;331369;6162251;11787416;436739;0;6377
FR;2;2023-04-09;0;0;1;0;0;1;0;0;0;6127302;6816238;10674437;331369;6162251;11787417;436739;0;6377
FR;2;2023-04-10;0;2;0;0;1;1;0;0;0;6127302;6816240;10674437;331369;6162252;11787418;436739;0;6377
FR;2;2023-04-11;0;0;0;0;0;0;0;0;1;6127302;6816240;10674437;331369;6162252;11787418;436739;0;6378
FR;2;2023-04-12;0;0;0;0;0;0;0;0;0;6127302;6816240;10674437;331369;6162252;11787418;436739;0;6378
FR;2;2023-04-13;0;0;2;0;0;2;0;0;0;6127302;6816240;10674439;331369;6162252;11787420;436739;0;6378
FR;2;2023-04-14;0;0;0;1;0;0;1;0;0;6127302;6816240;10674439;331370;6162252;11787420;436740;0;6378
FR;2;2023-04-15;0;0;0;0;0;0;0;0;0;6127302;6816240;10674439;331370;6162252;11787420;436740;0;6378
FR;2;2023-04-16;0;0;0;0;0;0;0;0;0;6127302;6816240;10674439;331370;6162252;11787420;436740;0;6378
FR;2;2023-04-17;1;1;0;0;1;0;0;0;0;6127303;6816241;10674439;331370;6162253;11787420;436740;0;6378
FR;2;2023-04-18;0;0;1;2;0;1;2;0;0;6127303;6816241;10674440;331372;6162253;11787421;436742;0;6378
FR;2;2023-04-19;0;0;0;0;0;0;2;0;0;6127303;6816241;10674440;331372;6162253;11787421;436744;0;6378
FR;2;2023-04-20;0;0;1;1;0;1;1;0;0;6127303;6816241;10674441;331373;6162253;11787422;436745;0;6378
FR;2;2023-04-21;0;0;0;0;0;0;0;0;0;6127303;6816241;10674441;331373;6162253;11787422;436745;0;6378
FR;2;2023-04-22;0;0;0;2;0;0;0;0;2;6127303;6816241;10674441;331375;6162253;11787422;436745;0;6380
FR;2;2023-04-23;0;0;0;0;0;0;0;0;0;6127303;6816241;10674441;331375;6162253;11787422;436745;0;6380
FR;2;2023-04-24;0;0;1;0;0;0;1;0;0;6127303;6816241;10674442;331375;6162253;11787422;436746;0;6380
FR;2;2023-04-25;0;0;0;0;0;0;0;0;0;6127303;6816241;10674442;331375;6162253;11787422;436746;0;6380
FR;2;2023-04-26;0;1;0;0;0;1;0;0;0;6127303;6816242;10674442;331375;6162253;11787423;436746;0;6380
FR;2;2023-04-27;0;0;0;0;0;0;0;0;1;6127303;6816242;10674442;331375;6162253;11787423;436746;0;6381
FR;2;2023-04-28;0;0;0;0;0;0;0;0;2;6127303;6816242;10674442;331375;6162253;11787423;436746;0;6383
FR;2;2023-04-29;0;0;0;1;0;0;1;0;0;6127303;6816242;10674442;331376;6162253;11787423;436747;0;6383
FR;2;2023-04-30;0;0;0;0;0;0;0;0;0;6127303;6816242;10674442;331376;6162253;11787423;436747;0;6383
FR;2;2023-05-01;0;0;0;0;0;0;0;0;0;6127303;6816242;10674442;331376;6162253;11787423;436747;0;6383
FR;2;2023-05-02;0;0;3;0;0;3;0;0;2;6127303;6816242;10674445;331376;6162253;11787426;436747;0;6385
FR;2;2023-05-03;0;1;0;0;0;1;0;0;0;6127303;6816243;10674445;331376;6162253;11787427;436747;0;6385
FR;3;2020-12-27;0;0;0;0;0;0;0;0;0;0;0;0;0;0;0;0;0;0
FR;3;2020-12-28;0;0;0;0;0;0;0;0;0;0;0;0;0;0;0;0;0;0
FR;3;2020-12-29;0;0;0;0;0;0;0;0;0;0;0;0;0;0;0;0;0;0
FR;3;2020-12-30;0;0;0;0;0;0;0;0;0;0;0;0;0;0;0;0;0;0
FR;3;2020-12-31;0;0;0;0;0;0;0;0;0;0;0;0;0;0;0;0;0;0
FR;3;2021-01-01;0;0;0;0;0;0;0;0;0;0;0;0;0;0;0;0;0;0
FR;3;2021-01-02;0;0;0;0;0;0;0;0;0;0;0;0;0;0;0;0;0;0
FR;3;2021-01-03;0;0;0;0;0;0;0;0;0;0;0;0;0;0;0;0;0;0
FR;3;2021-01-04;0;0;0;0;0;0;0;0;0;0;0;0;0;0;0;0;0;0
FR;3;2021-01-05;0;0;0;0;0;0;0;0;0;0;0;0;0;0;0;0;0;0
FR;3;2021-01-06;0;0;0;0;0;0;0;0;0;0;0;0;0;0;0;0;0;0
FR;3;2021-01-07;0;0;0;0;0;0;0;0;0;0;0;0;0;0;0;0;0;0
FR;3;2021-01-08;0;0;0;0;0;0;0;0;0;0;0;0;0;0;0;0;0;0
FR;3;2021-01-09;0;0;0;0;0;0;0;0;0;0;0;0;0;0;0;0;0;0
FR;3;2021-01-10;0;0;0;0;0;0;0;0;0;0;0;0;0;0;0;0;0;0
FR;3;2021-01-11;0;0;0;0;0;0;0;0;0;0;0;0;0;0;0;0;0;0
FR;3;2021-01-12;0;0;0;0;0;0;0;0;0;0;0;0;0;0;0;0;0;0
FR;3;2021-01-13;0;0;0;0;0;0;0;0;0;0;0;0;0;0;0;0;0;0
FR;3;2021-01-14;0;0;0;0;0;0;0;0;0;0;0;0;0;0;0;0;0;0
FR;3;2021-01-15;0;0;0;0;0;0;0;0;0;0;0;0;0;0;0;0;0;0
FR;3;2021-01-16;0;0;0;0;0;0;0;0;0;0;0;0;0;0;0;0;0;0
FR;3;2021-01-17;0;0;0;0;0;0;0;0;0;0;0;0;0;0;0;0;0;0
FR;3;2021-01-18;0;0;0;0;0;0;0;0;0;0;0;0;0;0;0;0;0;0
FR;3;2021-01-19;0;0;0;0;0;0;0;0;0;0;0;0;0;0;0;0;0;0
FR;3;2021-01-20;0;0;0;0;0;0;0;0;0;0;0;0;0;0;0;0;0;0
FR;3;2021-01-21;0;0;0;0;0;0;0;0;0;0;0;0;0;0;0;0;0;0
FR;3;2021-01-22;0;0;0;0;0;0;0;0;0;0;0;0;0;0;0;0;0;0
FR;3;2021-01-23;0;0;0;0;0;0;0;0;0;0;0;0;0;0;0;0;0;0
FR;3;2021-01-24;0;0;0;0;0;0;0;0;0;0;0;0;0;0;0;0;0;0
FR;3;2021-01-25;0;0;0;0;0;0;0;0;0;0;0;0;0;0;0;0;0;0
FR;3;2021-01-26;0;0;0;0;0;0;0;0;0;0;0;0;0;0;0;0;0;0
FR;3;2021-01-27;0;0;0;0;0;0;0;0;0;0;0;0;0;0;0;0;0;0
FR;3;2021-01-28;0;0;0;0;0;0;0;0;0;0;0;0;0;0;0;0;0;0
FR;3;2021-01-29;0;0;0;0;0;0;0;0;0;0;0;0;0;0;0;0;0;0
FR;3;2021-01-30;0;0;0;0;0;0;0;0;0;0;0;0;0;0;0;0;0;0
FR;3;2021-01-31;0;0;0;0;0;0;0;0;0;0;0;0;0;0;0;0;0;0
FR;3;2021-02-01;0;0;0;0;0;0;0;0;0;0;0;0;0;0;0;0;0;0
FR;3;2021-02-02;0;0;0;0;0;0;0;0;0;0;0;0;0;0;0;0;0;0
FR;3;2021-02-03;0;0;0;0;0;0;0;0;0;0;0;0;0;0;0;0;0;0
FR;3;2021-02-04;0;0;0;0;0;0;0;0;0;0;0;0;0;0;0;0;0;0
FR;3;2021-02-05;0;0;0;0;0;0;0;0;0;0;0;0;0;0;0;0;0;0
FR;3;2021-02-06;1475;0;0;0;105;0;0;0;0;1475;0;0;0;105;0;0;0;0
FR;3;2021-02-07;1423;2;0;0;87;0;0;0;0;2898;2;0;0;192;0;0;0;0
FR;3;2021-02-08;2789;1;0;0;177;0;0;0;0;5687;3;0;0;369;0;0;0;0
FR;3;2021-02-09;6786;0;0;0;502;0;0;0;0;12473;3;0;0;871;0;0;0;0
FR;3;2021-02-10;9612;0;0;0;695;0;0;0;0;22085;3;0;0;1566;0;0;0;0
FR;3;2021-02-11;13620;4;0;0;919;0;0;0;0;35705;7;0;0;2485;0;0;0;0
FR;3;2021-02-12;13410;0;0;0;907;0;0;0;0;49115;7;0;0;3392;0;0;0;0
FR;3;2021-02-13;3800;1;0;0;218;0;0;0;0;52915;8;0;0;3610;0;0;0;0
FR;3;2021-02-14;975;1;0;0;53;0;0;0;0;53890;9;0;0;3663;0;0;0;0
FR;3;2021-02-15;10497;2;0;0;719;0;0;0;0;64387;11;0;0;4382;0;0;0;0
FR;3;2021-02-16;12556;5;0;0;871;0;0;0;0;76943;16;0;0;5253;0;0;0;0
FR;3;2021-02-17;11159;1;0;0;717;0;0;0;0;88102;17;0;0;5970;0;0;0;0
FR;3;2021-02-18;14943;2;0;0;985;0;0;0;0;103045;19;0;0;6955;0;0;0;0
FR;3;2021-02-19;14364;1;0;0;846;0;0;0;0;117409;20;0;0;7801;0;0;0;0
FR;3;2021-02-20;3332;0;0;0;178;0;0;0;0;120741;20;0;0;7979;0;0;0;0
FR;3;2021-02-21;620;0;0;0;35;0;0;0;0;121361;20;0;0;8014;0;0;0;0
FR;3;2021-02-22;9171;1;0;0;654;0;0;0;0;130532;21;0;0;8668;0;0;0;0
FR;3;2021-02-23;11406;6;0;0;761;0;0;0;0;141938;27;0;0;9429;0;0;0;0
FR;3;2021-02-24;14305;1;0;0;829;0;0;0;0;156243;28;0;0;10258;0;0;0;0
FR;3;2021-02-25;44935;3;0;0;1814;0;0;0;0;201178;31;0;0;12072;0;0;0;0
FR;3;2021-02-26;61889;13;0;0;2201;0;0;0;0;263067;44;0;0;14273;0;0;0;0
FR;3;2021-02-27;34811;14;0;0;1028;0;0;0;0;297878;58;0;0;15301;0;0;0;0
FR;3;2021-02-28;2464;0;0;0;114;0;0;0;0;300342;58;0;0;15415;0;0;0;0
FR;3;2021-03-01;20521;21;0;0;1067;0;0;0;0;320863;79;0;0;16482;0;0;0;0
FR;3;2021-03-02;38878;25;0;0;1790;0;0;0;0;359741;104;0;0;18272;0;0;0;0
FR;3;2021-03-03;48750;18;0;0;2130;0;0;0;0;408491;122;0;0;20402;0;0;0;0
FR;3;2021-03-04;82229;25;0;0;3194;0;0;0;0;490720;147;0;0;23596;0;0;0;0
FR;3;2021-03-05;118138;42;0;0;4692;0;0;0;0;608858;189;0;0;28288;0;0;0;0
FR;3;2021-03-06;120727;65;1;0;3559;0;0;0;0;729585;254;1;0;31847;0;0;0;0
FR;3;2021-03-07;55186;23;0;0;1729;0;0;0;0;784771;277;1;0;33576;0;0;0;0
FR;3;2021-03-08;42814;29;0;0;2074;0;0;0;0;827585;306;1;0;35650;0;0;0;0
FR;3;2021-03-09;78978;51;0;0;3288;0;0;0;0;906563;357;1;0;38938;0;0;0;0
FR;3;2021-03-10;80985;67;0;0;3243;0;0;0;0;987548;424;1;0;42181;0;0;0;0
FR;3;2021-03-11;128447;66;0;0;4766;0;0;0;0;1115995;490;1;0;46947;0;0;0;0
FR;3;2021-03-12;182719;122;0;0;6279;0;0;0;0;1298714;612;1;0;53226;0;0;0;0
FR;3;2021-03-13;132160;91;0;0;3530;0;0;0;0;1430874;703;1;0;56756;0;0;0;0
FR;3;2021-03-14;14061;6;0;0;550;0;0;0;0;1444935;709;1;0;57306;0;0;0;0
FR;3;2021-03-15;52242;82;0;0;2097;0;0;0;0;1497177;791;1;0;59403;0;0;0;0
FR;3;2021-03-16;1221;51;0;0;105;0;0;0;0;1498398;842;1;0;59508;0;0;0;0
FR;3;2021-03-17;950;56;0;0;95;0;0;0;0;1499348;898;1;0;59603;0;0;0;0
FR;3;2021-03-18;1576;42;0;0;102;0;0;0;0;1500924;940;1;0;59705;0;0;0;0
FR;3;2021-03-19;70458;56;0;0;2060;0;0;0;0;1571382;996;1;0;61765;0;0;0;0
FR;3;2021-03-20;65242;51;0;0;1702;0;0;0;0;1636624;1047;1;0;63467;0;0;0;0
FR;3;2021-03-21;5761;8;0;0;199;0;0;0;0;1642385;1055;1;0;63666;0;0;0;0
FR;3;2021-03-22;37511;49;0;0;1052;0;0;0;0;1679896;1104;1;0;64718;0;0;0;0
FR;3;2021-03-23;84670;87;0;0;2288;0;0;0;0;1764566;1191;1;0;67006;0;0;0;0
FR;3;2021-03-24;90955;99;0;0;2491;0;0;0;0;1855521;1290;1;0;69497;0;0;0;0
FR;3;2021-03-25;150068;149;0;0;3792;0;0;0;0;2005589;1439;1;0;73289;0;0;0;0
FR;3;2021-03-26;165431;157;0;0;4148;0;0;0;0;2171020;1596;1;0;77437;0;0;0;0
FR;3;2021-03-27;68465;101;0;0;2004;0;0;0;0;2239485;1697;1;0;79441;0;0;0;0
FR;3;2021-03-28;6481;20;0;0;238;0;0;0;0;2245966;1717;1;0;79679;0;0;0;0
FR;3;2021-03-29;54171;83;0;0;1480;0;0;0;0;2300137;1800;1;0;81159;0;0;0;0
FR;3;2021-03-30;93185;103;0;0;2564;0;0;0;0;2393322;1903;1;0;83723;0;0;0;0
FR;3;2021-03-31;63547;110;0;0;1964;0;0;0;0;2456869;2013;1;0;85687;0;0;0;0
FR;3;2021-04-01;86136;116;0;0;2496;0;0;0;0;2543005;2129;1;0;88183;0;0;0;0
FR;3;2021-04-02;86915;186;0;0;2766;0;0;0;0;2629920;2315;1;0;90949;0;0;0;0
FR;3;2021-04-03;35876;133;0;0;1164;0;0;0;0;2665796;2448;1;0;92113;0;0;0;0
FR;3;2021-04-04;3577;19;0;0;164;0;0;0;0;2669373;2467;1;0;92277;0;0;0;0
FR;3;2021-04-05;4492;40;0;0;236;0;0;0;0;2673865;2507;1;0;92513;0;0;0;0
FR;3;2021-04-06;29763;105;0;0;1091;0;0;0;0;2703628;2612;1;0;93604;0;0;0;0
FR;3;2021-04-07;32350;113;0;0;1052;0;0;0;0;2735978;2725;1;0;94656;0;0;0;0
FR;3;2021-04-08;78826;273;0;0;2618;0;0;0;0;2814804;2998;1;0;97274;0;0;0;0
FR;3;2021-04-09;161764;454;0;0;5180;0;0;0;0;2976568;3452;1;0;102454;0;0;0;0
FR;3;2021-04-10;75765;365;0;0;2697;0;0;0;0;3052333;3817;1;0;105151;0;0;0;0
FR;3;2021-04-11;7316;47;0;0;306;0;0;0;0;3059649;3864;1;0;105457;0;0;0;0
FR;3;2021-04-12;51484;219;0;0;1738;0;0;0;0;3111133;4083;1;0;107195;0;0;0;0
FR;3;2021-04-13;86236;364;0;0;2911;0;0;0;0;3197369;4447;1;0;110106;0;0;0;0
FR;3;2021-04-14;67847;377;0;0;2429;0;0;0;0;3265216;4824;1;0;112535;0;0;0;0
FR;3;2021-04-15;93246;404;0;0;3442;0;0;0;0;3358462;5228;1;0;115977;0;0;0;0
FR;3;2021-04-16;112532;628;0;0;4343;0;0;0;0;3470994;5856;1;0;120320;0;0;0;0
FR;3;2021-04-17;53319;371;1;0;2277;0;0;0;0;3524313;6227;2;0;122597;0;0;0;0
FR;3;2021-04-18;9752;49;0;0;423;0;0;0;0;3534065;6276;2;0;123020;0;0;0;0
FR;3;2021-04-19;25117;287;0;0;1093;0;0;0;0;3559182;6563;2;0;124113;0;0;0;0
FR;3;2021-04-20;45676;438;0;0;1908;0;0;0;0;3604858;7001;2;0;126021;0;0;0;0
FR;3;2021-04-21;38988;552;0;0;1896;0;0;0;0;3643846;7553;2;0;127917;0;0;0;0
FR;3;2021-04-22;54723;875;0;0;2827;0;0;0;0;3698569;8428;2;0;130744;0;0;0;0
FR;3;2021-04-23;70493;1095;0;0;3697;0;0;0;0;3769062;9523;2;0;134441;0;0;0;0
FR;3;2021-04-24;37253;1101;0;0;2490;0;0;0;0;3806315;10624;2;0;136931;0;0;0;0
FR;3;2021-04-25;6213;158;0;0;446;0;0;0;0;3812528;10782;2;0;137377;0;0;0;0
FR;3;2021-04-26;19792;700;0;0;1435;0;0;0;0;3832320;11482;2;0;138812;0;0;0;0
FR;3;2021-04-27;34486;1337;0;0;2595;0;0;0;0;3866806;12819;2;0;141407;0;0;0;0
FR;3;2021-04-28;28971;2047;0;0;3164;0;0;0;0;3895777;14866;2;0;144571;0;0;0;0
FR;3;2021-04-29;45393;6126;0;0;7945;0;0;0;0;3941170;20992;2;0;152516;0;0;0;0
FR;3;2021-04-30;55465;9117;1;0;11512;0;0;0;0;3996635;30109;3;0;164028;0;0;0;0
FR;3;2021-05-01;9518;2064;0;0;2495;0;0;0;0;4006153;32173;3;0;166523;0;0;0;0
FR;3;2021-05-02;3081;466;0;0;611;0;0;0;0;4009234;32639;3;0;167134;0;0;0;0
FR;3;2021-05-03;13067;3940;0;0;4507;0;0;0;0;4022301;36579;3;0;171641;0;0;0;0
FR;3;2021-05-04;23123;8374;0;0;9441;0;0;0;0;4045424;44953;3;0;181082;0;0;0;0
FR;3;2021-05-05;18767;10832;0;0;11770;0;0;0;0;4064191;55785;3;0;192852;0;0;0;0
FR;3;2021-05-06;34632;21265;0;0;22815;0;0;0;0;4098823;77050;3;0;215667;0;0;0;0
FR;3;2021-05-07;44211;28903;0;0;31206;0;0;0;0;4143034;105953;3;0;246873;0;0;0;0
FR;3;2021-05-08;6786;9190;0;0;9556;0;0;0;0;4149820;115143;3;0;256429;0;0;0;0
FR;3;2021-05-09;1797;2666;0;0;2767;0;0;0;0;4151617;117809;3;0;259196;0;0;0;0
FR;3;2021-05-10;15001;12916;0;0;13609;0;0;0;0;4166618;130725;3;0;272805;0;0;0;0
FR;3;2021-05-11;27100;26273;0;0;27546;0;0;0;0;4193718;156998;3;0;300351;0;0;0;0
FR;3;2021-05-12;17273;28146;0;0;29084;0;0;0;0;4210991;185144;3;0;329435;0;0;0;0
FR;3;2021-05-13;2285;3510;0;0;3631;0;0;0;0;4213276;188654;3;0;333066;0;0;0;0
FR;3;2021-05-14;14521;26084;0;0;26865;0;0;0;0;4227797;214738;3;0;359931;0;0;0;0
FR;3;2021-05-15;7233;21086;0;0;21516;0;0;0;0;4235030;235824;3;0;381447;0;0;0;0
FR;3;2021-05-16;977;2649;0;0;2695;0;0;0;0;4236007;238473;3;0;384142;0;0;0;0
FR;3;2021-05-17;7967;20223;0;0;20667;0;0;0;0;4243974;258696;3;0;404809;0;0;0;0
FR;3;2021-05-18;13418;30157;0;0;30919;0;0;0;0;4257392;288853;3;0;435728;0;0;0;0
FR;3;2021-05-19;9277;30525;0;0;31119;0;0;0;0;4266669;319378;3;0;466847;0;0;0;0
FR;3;2021-05-20;12808;53831;3;0;54758;0;0;0;0;4279477;373209;6;0;521605;0;0;0;0
FR;3;2021-05-21;12771;66184;2;0;67115;0;0;0;0;4292248;439393;8;0;588720;0;0;0;0
FR;3;2021-05-22;4967;33780;1;0;34163;0;0;0;0;4297215;473173;9;0;622883;0;0;0;0
FR;3;2021-05-23;651;2663;0;0;2695;0;0;0;0;4297866;475836;9;0;625578;0;0;0;0
FR;3;2021-05-24;885;4784;0;0;4828;0;0;0;0;4298751;480620;9;0;630406;0;0;0;0
FR;3;2021-05-25;5316;46736;1;0;47143;0;0;0;0;4304067;527356;10;0;677549;0;0;0;0
FR;3;2021-05-26;4982;52191;1;0;52665;0;0;0;0;4309049;579547;11;0;730214;0;0;0;0
FR;3;2021-05-27;6338;79067;3;0;79678;0;0;0;0;4315387;658614;14;0;809892;0;0;0;0
FR;3;2021-05-28;7546;100334;2;0;101140;0;0;0;0;4322933;758948;16;0;911032;0;0;0;0
FR;3;2021-05-29;3350;61184;1;0;61566;0;0;0;0;4326283;820132;17;0;972598;0;0;0;0
FR;3;2021-05-30;551;8078;0;0;8127;0;0;0;0;4326834;828210;17;0;980725;0;0;0;0
FR;3;2021-05-31;2442;35484;3;0;35750;0;0;0;0;4329276;863694;20;0;1016475;0;0;0;0
FR;3;2021-06-01;3418;64902;10;0;65354;0;0;0;0;4332694;928596;30;0;1081829;0;0;0;0
FR;3;2021-06-02;2735;58931;6;0;59266;0;0;0;0;4335429;987527;36;0;1141095;0;0;0;0
FR;3;2021-06-03;3496;87202;10;0;87741;0;0;0;0;4338925;1074729;46;0;1228836;0;0;0;0
FR;3;2021-06-04;4125;105868;22;0;106534;0;0;0;0;4343050;1180597;68;0;1335370;0;0;0;0
FR;3;2021-06-05;1983;52608;4;0;52926;0;0;0;0;4345033;1233205;72;0;1388296;0;0;0;0
FR;3;2021-06-06;511;5269;1;0;5317;0;0;0;0;4345544;1238474;73;0;1393613;0;0;0;0
FR;3;2021-06-07;1487;30716;11;0;30897;0;0;0;0;4347031;1269190;84;0;1424510;0;0;0;0
FR;3;2021-06-08;2066;47426;18;0;47772;0;0;0;0;4349097;1316616;102;0;1472282;0;0;0;0
FR;3;2021-06-09;1796;41807;13;0;42112;0;0;0;0;4350893;1358423;115;0;1514394;0;0;0;0
FR;3;2021-06-10;2261;67663;17;0;68061;0;0;0;0;4353154;1426086;132;0;1582455;0;0;0;0
FR;3;2021-06-11;2493;96635;34;0;97111;0;0;0;0;4355647;1522721;166;0;1679566;0;0;0;0
FR;3;2021-06-12;1179;40557;6;0;40789;0;0;0;0;4356826;1563278;172;0;1720355;0;0;0;0
FR;3;2021-06-13;283;3606;3;0;3641;0;0;0;0;4357109;1566884;175;0;1723996;0;0;0;0
FR;3;2021-06-14;1051;42315;17;0;42485;0;0;0;0;4358160;1609199;192;0;1766481;0;0;0;0
FR;3;2021-06-15;1379;80355;20;0;80660;0;0;0;0;4359539;1689554;212;0;1847141;0;0;0;0
FR;3;2021-06-16;1263;65506;20;0;65779;0;0;0;0;4360802;1755060;232;0;1912920;0;0;0;0
FR;3;2021-06-17;1667;102292;41;0;102678;0;0;0;0;4362469;1857352;273;0;2015598;0;0;0;0
FR;3;2021-06-18;1873;118469;63;0;118939;0;0;0;0;4364342;1975821;336;0;2134537;0;0;0;0
FR;3;2021-06-19;804;39455;22;0;39650;0;0;0;0;4365146;2015276;358;0;2174187;0;0;0;0
FR;3;2021-06-20;162;3195;0;0;3224;0;0;0;0;4365308;2018471;358;0;2177411;0;0;0;0
FR;3;2021-06-21;775;39089;16;0;39247;0;0;0;0;4366083;2057560;374;0;2216658;0;0;0;0
FR;3;2021-06-22;1065;70093;52;0;70363;0;0;0;0;4367148;2127653;426;0;2287021;0;0;0;0
FR;3;2021-06-23;946;50831;39;0;51103;0;0;0;0;4368094;2178484;465;0;2338124;0;0;0;0
FR;3;2021-06-24;1314;77298;48;0;77671;0;0;0;0;4369408;2255782;513;0;2415795;0;0;0;0
FR;3;2021-06-25;1410;90854;73;0;91287;0;0;0;0;4370818;2346636;586;0;2507082;0;0;0;0
FR;3;2021-06-26;631;33111;29;0;33303;0;0;0;0;4371449;2379747;615;0;2540385;0;0;0;0
FR;3;2021-06-27;168;3779;1;0;3803;0;0;0;0;4371617;2383526;616;0;2544188;0;0;0;0
FR;3;2021-06-28;655;29929;27;0;30123;0;0;0;0;4372272;2413455;643;0;2574311;0;0;0;0
FR;3;2021-06-29;856;56655;95;0;56899;0;0;0;0;4373128;2470110;738;0;2631210;0;0;0;0
FR;3;2021-06-30;905;45215;93;0;45483;0;0;0;0;4374033;2515325;831;0;2676693;0;0;0;0
FR;3;2021-07-01;1164;66128;108;0;66477;0;0;0;0;4375197;2581453;939;0;2743170;0;0;0;0
FR;3;2021-07-02;1305;90527;170;0;91009;0;0;0;0;4376502;2671980;1109;0;2834179;0;0;0;0
FR;3;2021-07-03;602;31185;51;0;31386;0;0;0;0;4377104;2703165;1160;0;2865565;0;0;0;0
FR;3;2021-07-04;144;3967;3;0;3997;0;0;0;0;4377248;2707132;1163;0;2869562;0;0;0;0
FR;3;2021-07-05;613;33606;60;0;33807;0;0;0;0;4377861;2740738;1223;0;2903369;0;0;0;0
FR;3;2021-07-06;965;55936;88;0;56247;0;0;0;0;4378826;2796674;1311;0;2959616;0;0;0;0
FR;3;2021-07-07;874;42964;80;0;43262;0;0;0;0;4379700;2839638;1391;0;3002878;0;0;0;0
FR;3;2021-07-08;1127;60812;99;0;61222;0;0;0;0;4380827;2900450;1490;0;3064100;0;0;0;0
FR;3;2021-07-09;1261;68940;128;0;69405;0;0;0;0;4382088;2969390;1618;0;3133505;0;0;0;0
FR;3;2021-07-10;644;25020;59;0;25217;0;0;0;0;4382732;2994410;1677;0;3158722;0;0;0;0
FR;3;2021-07-11;132;3173;4;0;3198;0;0;0;0;4382864;2997583;1681;0;3161920;0;0;0;0
FR;3;2021-07-12;662;23597;59;0;23810;0;0;0;0;4383526;3021180;1740;0;3185730;0;0;0;0
FR;3;2021-07-13;1648;34426;90;0;34916;0;0;0;0;4385174;3055606;1830;0;3220646;0;0;0;0
FR;3;2021-07-14;272;2475;2;0;2532;0;0;0;0;4385446;3058081;1832;0;3223178;0;0;0;0
FR;3;2021-07-15;1941;30417;85;0;30992;0;0;0;0;4387387;3088498;1917;0;3254170;0;0;0;0
FR;3;2021-07-16;2520;38620;122;0;39354;0;0;0;0;4389907;3127118;2039;0;3293524;0;0;0;0
FR;3;2021-07-17;1051;13724;26;0;14032;0;0;0;0;4390958;3140842;2065;0;3307556;0;0;0;0
FR;3;2021-07-18;266;2549;3;0;2597;0;0;0;0;4391224;3143391;2068;0;3310153;0;0;0;0
FR;3;2021-07-19;1280;16884;38;0;17252;0;0;0;0;4392504;3160275;2106;0;3327405;0;0;0;0
FR;3;2021-07-20;1823;26931;98;0;27472;0;0;0;0;4394327;3187206;2204;0;3354877;0;0;0;0
FR;3;2021-07-21;1652;19472;44;0;19977;0;0;0;0;4395979;3206678;2248;0;3374854;0;0;0;0
FR;3;2021-07-22;1856;27647;83;0;28212;0;0;0;0;4397835;3234325;2331;0;3403066;0;0;0;0
FR;3;2021-07-23;2217;30212;117;0;30949;0;0;0;0;4400052;3264537;2448;0;3434015;0;0;0;0
FR;3;2021-07-24;828;6928;25;0;7151;0;0;0;0;4400880;3271465;2473;0;3441166;0;0;0;0
FR;3;2021-07-25;210;1287;1;0;1342;0;0;0;0;4401090;3272752;2474;0;3442508;0;0;0;0
FR;3;2021-07-26;933;10508;28;0;10816;0;0;0;0;4402023;3283260;2502;0;3453324;0;0;0;0
FR;3;2021-07-27;1171;16802;56;0;17165;0;0;0;0;4403194;3300062;2558;0;3470489;0;0;0;0
FR;3;2021-07-28;989;12000;40;0;12312;0;0;0;0;4404183;3312062;2598;0;3482801;0;0;0;0
FR;3;2021-07-29;1127;15676;63;0;16089;0;0;0;0;4405310;3327738;2661;0;3498890;0;0;0;0
FR;3;2021-07-30;1129;17991;79;0;18366;0;0;0;0;4406439;3345729;2740;0;3517256;0;0;0;0
FR;3;2021-07-31;407;3711;15;0;3837;0;0;0;0;4406846;3349440;2755;0;3521093;0;0;0;0
FR;3;2021-08-01;117;444;1;0;466;0;0;0;0;4406963;3349884;2756;0;3521559;0;0;0;0
FR;3;2021-08-02;424;5015;22;0;5136;0;0;0;0;4407387;3354899;2778;0;3526695;0;0;0;0
FR;3;2021-08-03;498;7466;27;0;7599;0;0;0;0;4407885;3362365;2805;0;3534294;0;0;0;0
FR;3;2021-08-04;441;4831;26;0;4977;0;0;0;0;4408326;3367196;2831;0;3539271;0;0;0;0
FR;3;2021-08-05;433;3653;13;0;3763;0;0;0;0;4408759;3370849;2844;0;3543034;0;0;0;0
FR;3;2021-08-06;456;4699;30;0;4800;0;0;0;0;4409215;3375548;2874;0;3547834;0;0;0;0
FR;3;2021-08-07;214;1900;11;0;1946;0;0;0;0;4409429;3377448;2885;0;3549780;0;0;0;0
FR;3;2021-08-08;251;423;2;0;456;0;0;0;0;4409680;3377871;2887;0;3550236;0;0;0;0
FR;3;2021-08-09;320;2377;11;0;2447;0;0;0;0;4410000;3380248;2898;0;3552683;0;0;0;0
FR;3;2021-08-10;369;3735;15;0;3823;0;0;0;0;4410369;3383983;2913;0;3556506;0;0;0;0
FR;3;2021-08-11;291;2640;15;0;2700;0;0;0;0;4410660;3386623;2928;0;3559206;0;0;0;0
FR;3;2021-08-12;279;2563;13;0;2651;0;0;0;0;4410939;3389186;2941;0;3561857;0;0;0;0
FR;3;2021-08-13;279;2254;16;0;2340;0;0;0;0;4411218;3391440;2957;0;3564197;0;0;0;0
FR;3;2021-08-14;172;874;1;0;905;0;0;0;0;4411390;3392314;2958;0;3565102;0;0;0;0
FR;3;2021-08-15;56;174;0;0;183;0;0;0;0;4411446;3392488;2958;0;3565285;0;0;0;0
FR;3;2021-08-16;126;1002;8;0;1041;0;0;0;0;4411572;3393490;2966;0;3566326;0;0;0;0
FR;3;2021-08-17;191;1430;8;0;1471;0;0;0;0;4411763;3394920;2974;0;3567797;0;0;0;0
FR;3;2021-08-18;205;1309;10;0;1351;0;0;0;0;4411968;3396229;2984;0;3569148;0;0;0;0
FR;3;2021-08-19;165;1373;10;0;1420;0;0;0;0;4412133;3397602;2994;0;3570568;0;0;0;0
FR;3;2021-08-20;167;1595;16;0;1657;0;0;0;0;4412300;3399197;3010;0;3572225;0;0;0;0
FR;3;2021-08-21;94;576;2;0;591;0;0;0;0;4412394;3399773;3012;0;3572816;0;0;0;0
FR;3;2021-08-22;42;192;1;0;195;0;0;0;0;4412436;3399965;3013;0;3573011;0;0;0;0
FR;3;2021-08-23;141;885;7;0;930;0;0;0;0;4412577;3400850;3020;0;3573941;0;0;0;0
FR;3;2021-08-24;125;924;10;0;956;0;0;0;0;4412702;3401774;3030;0;3574897;0;0;0;0
FR;3;2021-08-25;137;820;3;0;849;0;0;0;0;4412839;3402594;3033;0;3575746;0;0;0;0
FR;3;2021-08-26;172;824;9;0;872;0;0;0;0;4413011;3403418;3042;0;3576618;0;0;0;0
FR;3;2021-08-27;178;937;9;0;989;0;0;0;0;4413189;3404355;3051;0;3577607;0;0;0;0
FR;3;2021-08-28;101;374;4;0;391;0;0;0;0;4413290;3404729;3055;0;3577998;0;0;0;0
FR;3;2021-08-29;128;129;1;0;162;0;0;0;0;4413418;3404858;3056;0;3578160;0;0;0;0
FR;3;2021-08-30;100;560;0;0;469;108;0;0;0;4413518;3405418;3056;0;3578629;108;0;0;0
FR;3;2021-08-31;134;682;7;0;587;134;0;0;0;4413652;3406100;3063;0;3579216;242;0;0;0
FR;3;2021-09-01;122;461;5;0;383;106;0;0;0;4413774;3406561;3068;0;3579599;348;0;0;0
FR;3;2021-09-02;100;595;22;0;531;105;0;0;0;4413874;3407156;3090;0;3580130;453;0;0;0
FR;3;2021-09-03;116;552;17;0;477;116;0;0;0;4413990;3407708;3107;0;3580607;569;0;0;0
FR;3;2021-09-04;55;295;3;0;256;50;0;0;0;4414045;3408003;3110;0;3580863;619;0;0;0
FR;3;2021-09-05;52;65;5;0;55;25;0;0;0;4414097;3408068;3115;0;3580918;644;0;0;0
FR;3;2021-09-06;118;367;4;0;261;130;0;0;0;4414215;3408435;3119;0;3581179;774;0;0;0
FR;3;2021-09-07;125;431;14;0;347;116;0;0;0;4414340;3408866;3133;0;3581526;890;0;0;0
FR;3;2021-09-08;122;344;2;0;274;87;0;0;0;4414462;3409210;3135;0;3581800;977;0;0;0
FR;3;2021-09-09;94;378;8;0;298;103;0;0;0;4414556;3409588;3143;0;3582098;1080;0;0;0
FR;3;2021-09-10;101;402;3;0;332;93;0;0;0;4414657;3409990;3146;0;3582430;1173;0;0;0
FR;3;2021-09-11;79;232;4;0;177;65;0;0;0;4414736;3410222;3150;0;3582607;1238;0;0;0
FR;3;2021-09-12;37;49;1;0;38;16;0;0;0;4414773;3410271;3151;0;3582645;1254;0;0;0
FR;3;2021-09-13;78;298;7;0;215;102;1;0;0;4414851;3410569;3158;0;3582860;1356;1;0;0
FR;3;2021-09-14;75;271;6;0;191;94;0;0;0;4414926;3410840;3164;0;3583051;1450;1;0;0
FR;3;2021-09-15;64;252;3;0;257;6;0;0;0;4414990;3411092;3167;0;3583308;1456;1;0;0
FR;3;2021-09-16;65;320;6;0;331;6;0;0;0;4415055;3411412;3173;0;3583639;1462;1;0;0
FR;3;2021-09-17;52;327;3;0;339;6;0;0;0;4415107;3411739;3176;0;3583978;1468;1;0;0
FR;3;2021-09-18;37;172;1;0;176;1;0;0;0;4415144;3411911;3177;0;3584154;1469;1;0;0
FR;3;2021-09-19;29;31;2;0;34;1;0;0;0;4415173;3411942;3179;0;3584188;1470;1;0;0
FR;3;2021-09-20;82;188;0;0;196;1;0;0;0;4415255;3412130;3179;0;3584384;1471;1;0;0
FR;3;2021-09-21;60;273;7;0;277;8;0;0;0;4415315;3412403;3186;0;3584661;1479;1;0;0
FR;3;2021-09-22;67;229;6;0;242;7;0;0;0;4415382;3412632;3192;0;3584903;1486;1;0;0
FR;3;2021-09-23;37;257;11;0;261;7;0;0;0;4415419;3412889;3203;0;3585164;1493;1;0;0
FR;3;2021-09-24;29;315;12;0;313;18;0;0;0;4415448;3413204;3215;0;3585477;1511;1;0;0
FR;3;2021-09-25;31;144;3;0;150;3;0;0;0;4415479;3413348;3218;0;3585627;1514;1;0;0
FR;3;2021-09-26;16;57;1;0;59;1;0;0;0;4415495;3413405;3219;0;3585686;1515;1;0;0
FR;3;2021-09-27;49;282;3;0;285;5;0;0;0;4415544;3413687;3222;0;3585971;1520;1;0;0
FR;3;2021-09-28;49;245;6;0;253;8;0;0;0;4415593;3413932;3228;0;3586224;1528;1;0;0
FR;3;2021-09-29;40;218;10;0;222;15;0;0;0;4415633;3414150;3238;0;3586446;1543;1;0;0
FR;3;2021-09-30;40;200;8;0;204;11;0;0;0;4415673;3414350;3246;0;3586650;1554;1;0;0
FR;3;2021-10-01;23;159;6;0;161;8;0;0;0;4415696;3414509;3252;0;3586811;1562;1;0;0
FR;3;2021-10-02;17;88;0;0;89;0;0;0;0;4415713;3414597;3252;0;3586900;1562;1;0;0
FR;3;2021-10-03;19;19;1;0;19;2;0;0;0;4415732;3414616;3253;0;3586919;1564;1;0;0
FR;3;2021-10-04;33;157;4;0;162;4;0;0;0;4415765;3414773;3257;0;3587081;1568;1;0;0
FR;3;2021-10-05;17;148;10;0;153;12;0;0;0;4415782;3414921;3267;0;3587234;1580;1;0;0
FR;3;2021-10-06;34;145;9;0;153;10;0;0;0;4415816;3415066;3276;0;3587387;1590;1;0;0
FR;3;2021-10-07;20;132;6;0;130;6;0;0;0;4415836;3415198;3282;0;3587517;1596;1;0;0
FR;3;2021-10-08;25;136;10;0;141;9;0;0;0;4415861;3415334;3292;0;3587658;1605;1;0;0
FR;3;2021-10-09;17;72;1;0;73;1;0;0;0;4415878;3415406;3293;0;3587731;1606;1;0;0
FR;3;2021-10-10;13;17;2;0;16;3;0;0;0;4415891;3415423;3295;0;3587747;1609;1;0;0
FR;3;2021-10-11;17;117;4;0;122;5;0;0;0;4415908;3415540;3299;0;3587869;1614;1;0;0
FR;3;2021-10-12;22;99;6;0;99;6;0;0;0;4415930;3415639;3305;0;3587968;1620;1;0;0
FR;3;2021-10-13;25;114;9;0;121;7;0;0;0;4415955;3415753;3314;0;3588089;1627;1;0;0
FR;3;2021-10-14;19;138;3;0;139;4;0;0;0;4415974;3415891;3317;0;3588228;1631;1;0;0
FR;3;2021-10-15;23;140;8;0;139;13;0;0;0;4415997;3416031;3325;0;3588367;1644;1;0;0
FR;3;2021-10-16;13;66;6;0;65;8;0;0;0;4416010;3416097;3331;0;3588432;1652;1;0;0
FR;3;2021-10-17;13;24;0;0;26;0;0;0;0;4416023;3416121;3331;0;3588458;1652;1;0;0
FR;3;2021-10-18;18;112;2;0;117;2;0;0;0;4416041;3416233;3333;0;3588575;1654;1;0;0
FR;3;2021-10-19;18;112;19;0;113;21;0;0;0;4416059;3416345;3352;0;3588688;1675;1;0;0
FR;3;2021-10-20;27;124;6;0;126;7;0;0;0;4416086;3416469;3358;0;3588814;1682;1;0;0
FR;3;2021-10-21;28;120;17;0;120;13;0;0;0;4416114;3416589;3375;0;3588934;1695;1;0;0
FR;3;2021-10-22;25;103;18;0;102;21;0;0;0;4416139;3416692;3393;0;3589036;1716;1;0;0
FR;3;2021-10-23;17;53;3;0;53;2;0;0;0;4416156;3416745;3396;0;3589089;1718;1;0;0
FR;3;2021-10-24;7;36;0;0;34;0;0;0;0;4416163;3416781;3396;0;3589123;1718;1;0;0
FR;3;2021-10-25;27;141;7;0;145;7;0;0;0;4416190;3416922;3403;0;3589268;1725;1;0;0
FR;3;2021-10-26;25;96;22;0;93;19;0;0;0;4416215;3417018;3425;0;3589361;1744;1;0;0
FR;3;2021-10-27;19;91;9;0;93;9;0;0;0;4416234;3417109;3434;0;3589454;1753;1;0;0
FR;3;2021-10-28;23;114;33;0;111;36;0;0;0;4416257;3417223;3467;0;3589565;1789;1;0;0
FR;3;2021-10-29;12;98;64;0;92;54;0;0;0;4416269;3417321;3531;0;3589657;1843;1;0;0
FR;3;2021-10-30;11;62;11;1;62;10;0;0;0;4416280;3417383;3542;1;3589719;1853;1;0;0
FR;3;2021-10-31;8;25;1;0;25;1;0;0;0;4416288;3417408;3543;1;3589744;1854;1;0;0
FR;3;2021-11-01;11;22;2;0;23;1;0;0;0;4416299;3417430;3545;1;3589767;1855;1;0;0
FR;3;2021-11-02;11;100;10;0;100;12;0;0;0;4416310;3417530;3555;1;3589867;1867;1;0;0
FR;3;2021-11-03;22;105;10;0;113;10;0;0;0;4416332;3417635;3565;1;3589980;1877;1;0;0
FR;3;2021-11-04;20;88;6;0;93;5;0;0;0;4416352;3417723;3571;1;3590073;1882;1;0;0
FR;3;2021-11-05;19;119;9;1;125;6;1;0;0;4416371;3417842;3580;2;3590198;1888;2;0;0
FR;3;2021-11-06;11;54;3;0;56;3;0;0;0;4416382;3417896;3583;2;3590254;1891;2;0;0
FR;3;2021-11-07;6;23;1;0;24;1;0;0;0;4416388;3417919;3584;2;3590278;1892;2;0;0
FR;3;2021-11-08;12;124;7;0;129;5;0;0;0;4416400;3418043;3591;2;3590407;1897;2;0;0
FR;3;2021-11-09;15;123;6;0;125;6;0;0;0;4416415;3418166;3597;2;3590532;1903;2;0;0
FR;3;2021-11-10;15;130;15;0;128;16;0;0;0;4416430;3418296;3612;2;3590660;1919;2;0;0
FR;3;2021-11-11;12;49;3;0;51;3;0;0;0;4416442;3418345;3615;2;3590711;1922;2;0;0
FR;3;2021-11-12;15;126;6;0;128;5;0;0;0;4416457;3418471;3621;2;3590839;1927;2;0;0
FR;3;2021-11-13;7;66;9;0;61;10;0;0;0;4416464;3418537;3630;2;3590900;1937;2;0;0
FR;3;2021-11-14;3;24;1;0;24;1;0;0;0;4416467;3418561;3631;2;3590924;1938;2;0;0
FR;3;2021-11-15;7;161;11;0;158;12;0;0;0;4416474;3418722;3642;2;3591082;1950;2;0;0
FR;3;2021-11-16;9;125;11;0;120;10;0;0;0;4416483;3418847;3653;2;3591202;1960;2;0;0
FR;3;2021-11-17;8;134;11;0;135;8;0;0;0;4416491;3418981;3664;2;3591337;1968;2;0;0
FR;3;2021-11-18;16;131;10;0;132;11;0;0;0;4416507;3419112;3674;2;3591469;1979;2;0;0
FR;3;2021-11-19;12;178;23;0;173;28;0;0;0;4416519;3419290;3697;2;3591642;2007;2;0;0
FR;3;2021-11-20;6;101;6;0;102;6;0;0;0;4416525;3419391;3703;2;3591744;2013;2;0;0
FR;3;2021-11-21;3;24;4;0;23;4;0;0;0;4416528;3419415;3707;2;3591767;2017;2;0;0
FR;3;2021-11-22;11;185;11;0;185;11;0;0;0;4416539;3419600;3718;2;3591952;2028;2;0;0
FR;3;2021-11-23;10;180;16;0;178;15;0;0;0;4416549;3419780;3734;2;3592130;2043;2;0;0
FR;3;2021-11-24;11;180;9;0;172;17;0;0;0;4416560;3419960;3743;2;3592302;2060;2;0;0
FR;3;2021-11-25;12;197;11;0;196;11;0;0;0;4416572;3420157;3754;2;3592498;2071;2;0;0
FR;3;2021-11-26;10;251;35;0;250;33;1;0;0;4416582;3420408;3789;2;3592748;2104;3;0;0
FR;3;2021-11-27;8;124;20;0;123;21;0;0;0;4416590;3420532;3809;2;3592871;2125;3;0;0
FR;3;2021-11-28;3;56;7;0;57;7;0;0;0;4416593;3420588;3816;2;3592928;2132;3;0;0
FR;3;2021-11-29;5;214;22;0;209;23;1;0;0;4416598;3420802;3838;2;3593137;2155;4;0;0
FR;3;2021-11-30;9;281;31;0;280;33;1;0;0;4416607;3421083;3869;2;3593417;2188;5;0;0
FR;3;2021-12-01;30;315;39;0;313;41;2;0;0;4416637;3421398;3908;2;3593730;2229;7;0;0
FR;3;2021-12-02;9;337;33;0;333;36;0;0;0;4416646;3421735;3941;2;3594063;2265;7;0;0
FR;3;2021-12-03;6;364;37;0;360;38;0;0;0;4416652;3422099;3978;2;3594423;2303;7;0;0
FR;3;2021-12-04;3;201;26;0;197;28;0;0;0;4416655;3422300;4004;2;3594620;2331;7;0;0
FR;3;2021-12-05;1;61;5;0;61;5;0;0;0;4416656;3422361;4009;2;3594681;2336;7;0;0
FR;3;2021-12-06;7;348;14;0;347;15;0;0;0;4416663;3422709;4023;2;3595028;2351;7;0;0
FR;3;2021-12-07;6;410;20;0;404;24;1;0;0;4416669;3423119;4043;2;3595432;2375;8;0;0
FR;3;2021-12-08;8;375;29;0;367;30;1;0;0;4416677;3423494;4072;2;3595799;2405;9;0;0
FR;3;2021-12-09;3;424;17;0;411;22;1;0;0;4416680;3423918;4089;2;3596210;2427;10;0;0
FR;3;2021-12-10;10;443;29;0;440;25;0;0;0;4416690;3424361;4118;2;3596650;2452;10;0;0
FR;3;2021-12-11;4;299;10;0;296;9;2;0;0;4416694;3424660;4128;2;3596946;2461;12;0;0
FR;3;2021-12-12;1;96;3;0;96;3;0;0;0;4416695;3424756;4131;2;3597042;2464;12;0;0
FR;3;2021-12-13;2;432;19;0;426;21;0;0;0;4416697;3425188;4150;2;3597468;2485;12;0;0
FR;3;2021-12-14;8;550;18;0;538;21;1;0;0;4416705;3425738;4168;2;3598006;2506;13;0;0
FR;3;2021-12-15;10;521;17;0;508;21;0;0;0;4416715;3426259;4185;2;3598514;2527;13;0;0
FR;3;2021-12-16;10;527;19;0;521;18;3;0;0;4416725;3426786;4204;2;3599035;2545;16;0;0
FR;3;2021-12-17;5;592;18;0;588;19;0;0;0;4416730;3427378;4222;2;3599623;2564;16;0;0
FR;3;2021-12-18;5;343;4;0;337;5;1;0;0;4416735;3427721;4226;2;3599960;2569;17;0;0
FR;3;2021-12-19;3;176;2;0;174;2;0;0;0;4416738;3427897;4228;2;3600134;2571;17;0;0
FR;3;2021-12-20;10;566;23;0;560;28;0;0;0;4416748;3428463;4251;2;3600694;2599;17;0;0
FR;3;2021-12-21;5;660;10;0;652;13;2;0;0;4416753;3429123;4261;2;3601346;2612;19;0;0
FR;3;2021-12-22;10;612;9;0;606;10;1;0;0;4416763;3429735;4270;2;3601952;2622;20;0;0
FR;3;2021-12-23;4;536;8;0;534;8;0;0;0;4416767;3430271;4278;2;3602486;2630;20;0;0
FR;3;2021-12-24;2;233;3;0;228;6;0;0;0;4416769;3430504;4281;2;3602714;2636;20;0;0
FR;3;2021-12-25;0;24;0;0;24;0;0;0;0;4416769;3430528;4281;2;3602738;2636;20;0;0
FR;3;2021-12-26;0;87;1;0;87;1;0;0;0;4416769;3430615;4282;2;3602825;2637;20;0;0
FR;3;2021-12-27;7;456;17;0;453;20;1;0;0;4416776;3431071;4299;2;3603278;2657;21;0;0
FR;3;2021-12-28;3;572;6;0;571;5;0;0;0;4416779;3431643;4305;2;3603849;2662;21;0;0
FR;3;2021-12-29;5;488;14;0;483;16;0;0;0;4416784;3432131;4319;2;3604332;2678;21;0;0
FR;3;2021-12-30;3;517;7;0;510;10;2;0;0;4416787;3432648;4326;2;3604842;2688;23;0;0
FR;3;2021-12-31;0;182;5;0;178;7;0;0;0;4416787;3432830;4331;2;3605020;2695;23;0;0
FR;3;2022-01-01;0;26;0;0;24;2;0;0;0;4416787;3432856;4331;2;3605044;2697;23;0;0
FR;3;2022-01-02;0;76;0;0;76;0;0;0;0;4416787;3432932;4331;2;3605120;2697;23;0;0
FR;3;2022-01-03;5;489;17;0;479;21;3;0;0;4416792;3433421;4348;2;3605599;2718;26;0;0
FR;3;2022-01-04;7;535;9;0;534;8;0;0;0;4416799;3433956;4357;2;3606133;2726;26;0;0
FR;3;2022-01-05;5;487;10;0;479;14;1;0;0;4416804;3434443;4367;2;3606612;2740;27;0;0
FR;3;2022-01-06;6;464;9;0;459;10;1;0;0;4416810;3434907;4376;2;3607071;2750;28;0;0
FR;3;2022-01-07;2;489;11;0;483;13;1;0;1;4416812;3435396;4387;2;3607554;2763;29;0;1
FR;3;2022-01-08;6;251;4;0;248;5;0;0;0;4416818;3435647;4391;2;3607802;2768;29;0;1
FR;3;2022-01-09;0;116;0;0;116;0;0;0;0;4416818;3435763;4391;2;3607918;2768;29;0;1
FR;3;2022-01-10;2;421;12;0;419;12;0;0;0;4416820;3436184;4403;2;3608337;2780;29;0;1
FR;3;2022-01-11;3;456;1;0;455;1;0;0;0;4416823;3436640;4404;2;3608792;2781;29;0;1
FR;3;2022-01-12;4;393;9;0;390;10;2;0;0;4416827;3437033;4413;2;3609182;2791;31;0;1
FR;3;2022-01-13;3;382;11;0;380;12;1;0;0;4416830;3437415;4424;2;3609562;2803;32;0;1
FR;3;2022-01-14;4;420;10;0;414;13;1;0;0;4416834;3437835;4434;2;3609976;2816;33;0;1
FR;3;2022-01-15;0;275;2;0;271;3;0;0;0;4416834;3438110;4436;2;3610247;2819;33;0;1
FR;3;2022-01-16;1;108;1;0;106;1;1;0;0;4416835;3438218;4437;2;3610353;2820;34;0;1
FR;3;2022-01-17;2;318;8;0;315;9;1;0;0;4416837;3438536;4445;2;3610668;2829;35;0;1
FR;3;2022-01-18;2;359;1;0;355;2;1;0;0;4416839;3438895;4446;2;3611023;2831;36;0;1
FR;3;2022-01-19;2;322;5;0;316;10;0;0;0;4416841;3439217;4451;2;3611339;2841;36;0;1
FR;3;2022-01-20;1;351;5;0;350;3;2;0;0;4416842;3439568;4456;2;3611689;2844;38;0;1
FR;3;2022-01-21;4;337;5;0;331;7;2;0;0;4416846;3439905;4461;2;3612020;2851;40;0;1
FR;3;2022-01-22;2;218;1;0;214;2;3;0;0;4416848;3440123;4462;2;3612234;2853;43;0;1
FR;3;2022-01-23;0;77;0;0;75;1;1;0;0;4416848;3440200;4462;2;3612309;2854;44;0;1
FR;3;2022-01-24;3;316;1;0;308;6;2;0;0;4416851;3440516;4463;2;3612617;2860;46;0;1
FR;3;2022-01-25;0;171;0;0;168;0;1;0;0;4416851;3440687;4463;2;3612785;2860;47;0;1
FR;3;2022-01-26;0;77;0;0;77;0;0;0;0;4416851;3440764;4463;2;3612862;2860;47;0;1
FR;3;2022-01-27;0;52;0;0;52;0;0;0;0;4416851;3440816;4463;2;3612914;2860;47;0;1
FR;3;2022-01-28;0;115;0;0;114;0;0;0;0;4416851;3440931;4463;2;3613028;2860;47;0;1
FR;3;2022-01-29;0;97;0;0;97;0;0;0;0;4416851;3441028;4463;2;3613125;2860;47;0;1
FR;3;2022-01-30;0;50;0;0;50;0;0;0;0;4416851;3441078;4463;2;3613175;2860;47;0;1
FR;3;2022-01-31;0;91;0;0;91;0;0;0;0;4416851;3441169;4463;2;3613266;2860;47;0;1
FR;3;2022-02-01;0;98;0;0;96;1;0;0;0;4416851;3441267;4463;2;3613362;2861;47;0;1
FR;3;2022-02-02;0;85;0;0;83;0;0;0;0;4416851;3441352;4463;2;3613445;2861;47;0;1
FR;3;2022-02-03;0;91;0;0;89;0;0;0;0;4416851;3441443;4463;2;3613534;2861;47;0;1
FR;3;2022-02-04;0;113;0;0;110;0;1;0;0;4416851;3441556;4463;2;3613644;2861;48;0;1
FR;3;2022-02-05;0;68;0;0;68;0;0;0;0;4416851;3441624;4463;2;3613712;2861;48;0;1
FR;3;2022-02-06;0;10;0;0;10;0;0;0;0;4416851;3441634;4463;2;3613722;2861;48;0;1
FR;3;2022-02-07;0;75;0;0;75;0;0;0;0;4416851;3441709;4463;2;3613797;2861;48;0;1
FR;3;2022-02-08;0;0;0;0;0;0;0;0;0;4416851;3441709;4463;2;3613797;2861;48;0;1
FR;3;2022-02-09;0;0;0;0;0;0;0;0;0;4416851;3441709;4463;2;3613797;2861;48;0;1
FR;3;2022-02-10;0;0;0;0;0;0;0;0;0;4416851;3441709;4463;2;3613797;2861;48;0;1
FR;3;2022-02-11;0;0;0;0;0;0;0;0;0;4416851;3441709;4463;2;3613797;2861;48;0;1
FR;3;2022-02-12;0;0;0;0;0;0;0;0;0;4416851;3441709;4463;2;3613797;2861;48;0;1
FR;3;2022-02-13;0;0;0;0;0;0;0;0;0;4416851;3441709;4463;2;3613797;2861;48;0;1
FR;3;2022-02-14;0;0;0;0;0;0;0;0;0;4416851;3441709;4463;2;3613797;2861;48;0;1
FR;3;2022-02-15;0;0;0;0;0;0;0;0;0;4416851;3441709;4463;2;3613797;2861;48;0;1
FR;3;2022-02-16;0;0;0;0;0;0;0;0;0;4416851;3441709;4463;2;3613797;2861;48;0;1
FR;3;2022-02-17;0;0;0;0;0;0;0;0;0;4416851;3441709;4463;2;3613797;2861;48;0;1
FR;3;2022-02-18;0;0;0;0;0;0;0;0;0;4416851;3441709;4463;2;3613797;2861;48;0;1
FR;3;2022-02-19;0;0;0;0;0;0;0;0;0;4416851;3441709;4463;2;3613797;2861;48;0;1
FR;3;2022-02-20;0;0;0;0;0;0;0;0;0;4416851;3441709;4463;2;3613797;2861;48;0;1
FR;3;2022-02-21;2;0;0;0;0;0;0;0;0;4416853;3441709;4463;2;3613797;2861;48;0;1
FR;3;2022-02-22;0;0;0;0;0;0;0;0;0;4416853;3441709;4463;2;3613797;2861;48;0;1
FR;3;2022-02-23;0;0;0;0;0;0;0;0;0;4416853;3441709;4463;2;3613797;2861;48;0;1
FR;3;2022-02-24;0;0;0;0;0;0;0;0;0;4416853;3441709;4463;2;3613797;2861;48;0;1
FR;3;2022-02-25;0;0;0;0;0;0;0;0;0;4416853;3441709;4463;2;3613797;2861;48;0;1
FR;3;2022-02-26;0;0;0;0;0;0;0;0;0;4416853;3441709;4463;2;3613797;2861;48;0;1
FR;3;2022-02-27;0;0;0;0;0;0;0;0;0;4416853;3441709;4463;2;3613797;2861;48;0;1
FR;3;2022-02-28;1;0;0;0;0;0;0;0;0;4416854;3441709;4463;2;3613797;2861;48;0;1
FR;3;2022-03-01;1;0;0;0;0;0;0;0;0;4416855;3441709;4463;2;3613797;2861;48;0;1
FR;3;2022-03-02;0;0;0;0;0;0;0;0;0;4416855;3441709;4463;2;3613797;2861;48;0;1
FR;3;2022-03-03;0;0;0;0;0;0;0;0;0;4416855;3441709;4463;2;3613797;2861;48;0;1
FR;3;2022-03-04;0;0;0;0;0;0;0;0;0;4416855;3441709;4463;2;3613797;2861;48;0;1
FR;3;2022-03-05;0;0;0;0;0;0;0;0;0;4416855;3441709;4463;2;3613797;2861;48;0;1
FR;3;2022-03-06;1;0;0;0;0;0;0;0;0;4416856;3441709;4463;2;3613797;2861;48;0;1
FR;3;2022-03-07;0;0;0;0;0;0;0;0;0;4416856;3441709;4463;2;3613797;2861;48;0;1
FR;3;2022-03-08;1;0;0;0;0;0;0;0;0;4416857;3441709;4463;2;3613797;2861;48;0;1
FR;3;2022-03-09;0;0;0;0;0;0;0;0;0;4416857;3441709;4463;2;3613797;2861;48;0;1
FR;3;2022-03-10;0;0;0;0;0;0;0;0;0;4416857;3441709;4463;2;3613797;2861;48;0;1
FR;3;2022-03-11;0;0;0;0;0;0;0;0;0;4416857;3441709;4463;2;3613797;2861;48;0;1
FR;3;2022-03-12;0;0;0;0;0;0;0;0;0;4416857;3441709;4463;2;3613797;2861;48;0;1
FR;3;2022-03-13;0;0;0;0;0;0;0;0;0;4416857;3441709;4463;2;3613797;2861;48;0;1
FR;3;2022-03-14;0;0;0;0;0;0;0;0;0;4416857;3441709;4463;2;3613797;2861;48;0;1
FR;3;2022-03-15;0;0;0;0;0;0;0;0;0;4416857;3441709;4463;2;3613797;2861;48;0;1
FR;3;2022-03-16;0;0;0;0;0;0;0;0;0;4416857;3441709;4463;2;3613797;2861;48;0;1
FR;3;2022-03-17;0;0;0;0;0;0;0;0;0;4416857;3441709;4463;2;3613797;2861;48;0;1
FR;3;2022-03-18;0;0;0;0;0;0;0;0;0;4416857;3441709;4463;2;3613797;2861;48;0;1
FR;3;2022-03-19;0;0;0;0;0;0;0;0;0;4416857;3441709;4463;2;3613797;2861;48;0;1
FR;3;2022-03-20;1;0;0;0;0;0;0;0;0;4416858;3441709;4463;2;3613797;2861;48;0;1
FR;3;2022-03-21;0;0;0;0;0;0;0;0;0;4416858;3441709;4463;2;3613797;2861;48;0;1
FR;3;2022-03-22;0;0;0;0;0;0;0;0;0;4416858;3441709;4463;2;3613797;2861;48;0;1
FR;3;2022-03-23;1;0;0;0;0;0;0;0;0;4416859;3441709;4463;2;3613797;2861;48;0;1
FR;3;2022-03-24;0;0;0;0;0;0;0;0;0;4416859;3441709;4463;2;3613797;2861;48;0;1
FR;3;2022-03-25;1;0;0;0;0;0;0;0;0;4416860;3441709;4463;2;3613797;2861;48;0;1
FR;3;2022-03-26;0;0;0;0;0;0;0;0;0;4416860;3441709;4463;2;3613797;2861;48;0;1
FR;3;2022-03-27;0;0;0;0;0;0;0;0;0;4416860;3441709;4463;2;3613797;2861;48;0;1
FR;3;2022-03-28;0;0;0;0;0;0;0;0;0;4416860;3441709;4463;2;3613797;2861;48;0;1
FR;3;2022-03-29;0;0;0;0;0;0;0;0;0;4416860;3441709;4463;2;3613797;2861;48;0;1
FR;3;2022-03-30;0;0;0;0;0;0;0;0;0;4416860;3441709;4463;2;3613797;2861;48;0;1
FR;3;2022-03-31;0;0;0;0;0;0;0;0;0;4416860;3441709;4463;2;3613797;2861;48;0;1
FR;3;2022-04-01;0;0;0;0;0;0;0;0;0;4416860;3441709;4463;2;3613797;2861;48;0;1
FR;3;2022-04-02;0;0;0;0;0;0;0;0;0;4416860;3441709;4463;2;3613797;2861;48;0;1
FR;3;2022-04-03;0;0;0;0;0;0;0;0;0;4416860;3441709;4463;2;3613797;2861;48;0;1
FR;3;2022-04-04;0;0;0;0;0;0;0;0;0;4416860;3441709;4463;2;3613797;2861;48;0;1
FR;3;2022-04-05;0;0;0;0;0;0;0;0;0;4416860;3441709;4463;2;3613797;2861;48;0;1
FR;3;2022-04-06;0;0;0;0;0;0;0;0;0;4416860;3441709;4463;2;3613797;2861;48;0;1
FR;3;2022-04-07;0;0;0;0;0;0;0;0;0;4416860;3441709;4463;2;3613797;2861;48;0;1
FR;3;2022-04-08;0;0;0;0;0;0;0;0;0;4416860;3441709;4463;2;3613797;2861;48;0;1
FR;3;2022-04-09;0;0;0;0;0;0;0;0;0;4416860;3441709;4463;2;3613797;2861;48;0;1
FR;3;2022-04-10;0;0;0;0;0;0;0;0;0;4416860;3441709;4463;2;3613797;2861;48;0;1
FR;3;2022-04-11;0;0;0;0;0;0;0;0;0;4416860;3441709;4463;2;3613797;2861;48;0;1
FR;3;2022-04-12;0;0;0;0;0;0;0;0;0;4416860;3441709;4463;2;3613797;2861;48;0;1
FR;3;2022-04-13;0;0;0;0;0;0;0;0;0;4416860;3441709;4463;2;3613797;2861;48;0;1
FR;3;2022-04-14;0;0;0;0;0;0;0;0;0;4416860;3441709;4463;2;3613797;2861;48;0;1
FR;3;2022-04-15;1;0;0;0;0;0;0;0;0;4416861;3441709;4463;2;3613797;2861;48;0;1
FR;3;2022-04-16;0;0;0;0;0;0;0;0;0;4416861;3441709;4463;2;3613797;2861;48;0;1
FR;3;2022-04-17;0;0;0;0;0;0;0;0;0;4416861;3441709;4463;2;3613797;2861;48;0;1
FR;3;2022-04-18;0;0;0;0;0;0;0;0;0;4416861;3441709;4463;2;3613797;2861;48;0;1
FR;3;2022-04-19;0;0;0;0;0;0;0;0;0;4416861;3441709;4463;2;3613797;2861;48;0;1
FR;3;2022-04-20;0;0;0;0;0;0;0;0;0;4416861;3441709;4463;2;3613797;2861;48;0;1
FR;3;2022-04-21;0;0;0;0;0;0;0;0;0;4416861;3441709;4463;2;3613797;2861;48;0;1
FR;3;2022-04-22;0;0;0;0;0;0;0;0;0;4416861;3441709;4463;2;3613797;2861;48;0;1
FR;3;2022-04-23;0;0;0;0;0;0;0;0;0;4416861;3441709;4463;2;3613797;2861;48;0;1
FR;3;2022-04-24;0;0;0;0;0;0;0;0;0;4416861;3441709;4463;2;3613797;2861;48;0;1
FR;3;2022-04-25;0;0;0;0;0;0;0;0;0;4416861;3441709;4463;2;3613797;2861;48;0;1
FR;3;2022-04-26;0;0;0;0;0;0;0;0;0;4416861;3441709;4463;2;3613797;2861;48;0;1
FR;3;2022-04-27;0;0;0;0;0;0;0;0;0;4416861;3441709;4463;2;3613797;2861;48;0;1
FR;3;2022-04-28;0;0;0;0;0;0;0;0;0;4416861;3441709;4463;2;3613797;2861;48;0;1
FR;3;2022-04-29;0;0;0;0;0;0;0;0;0;4416861;3441709;4463;2;3613797;2861;48;0;1
FR;3;2022-04-30;0;0;0;0;0;0;0;0;0;4416861;3441709;4463;2;3613797;2861;48;0;1
FR;3;2022-05-01;0;0;0;0;0;0;0;0;0;4416861;3441709;4463;2;3613797;2861;48;0;1
FR;3;2022-05-02;0;0;0;0;0;0;0;0;0;4416861;3441709;4463;2;3613797;2861;48;0;1
FR;3;2022-05-03;0;0;0;0;0;0;0;0;0;4416861;3441709;4463;2;3613797;2861;48;0;1
FR;3;2022-05-04;0;0;0;0;0;0;0;0;0;4416861;3441709;4463;2;3613797;2861;48;0;1
FR;3;2022-05-05;0;0;0;0;0;0;0;0;0;4416861;3441709;4463;2;3613797;2861;48;0;1
FR;3;2022-05-06;0;0;0;0;0;0;0;0;0;4416861;3441709;4463;2;3613797;2861;48;0;1
FR;3;2022-05-07;0;0;0;0;0;0;0;0;0;4416861;3441709;4463;2;3613797;2861;48;0;1
FR;3;2022-05-08;0;0;0;0;0;0;0;0;0;4416861;3441709;4463;2;3613797;2861;48;0;1
FR;3;2022-05-09;0;0;0;0;0;0;0;0;0;4416861;3441709;4463;2;3613797;2861;48;0;1
FR;3;2022-05-10;0;0;0;0;0;0;0;0;0;4416861;3441709;4463;2;3613797;2861;48;0;1
FR;3;2022-05-11;0;0;0;0;0;0;0;0;0;4416861;3441709;4463;2;3613797;2861;48;0;1
FR;3;2022-05-12;0;0;0;0;0;0;0;0;0;4416861;3441709;4463;2;3613797;2861;48;0;1
FR;3;2022-05-13;0;0;0;0;0;0;0;0;0;4416861;3441709;4463;2;3613797;2861;48;0;1
FR;3;2022-05-14;1;0;0;0;0;0;0;0;0;4416862;3441709;4463;2;3613797;2861;48;0;1
FR;3;2022-05-15;0;0;0;0;0;0;0;0;0;4416862;3441709;4463;2;3613797;2861;48;0;1
FR;3;2022-05-16;0;0;0;0;0;0;0;0;0;4416862;3441709;4463;2;3613797;2861;48;0;1
FR;3;2022-05-17;0;0;0;0;0;0;0;0;0;4416862;3441709;4463;2;3613797;2861;48;0;1
FR;3;2022-05-18;0;0;0;0;0;0;0;0;0;4416862;3441709;4463;2;3613797;2861;48;0;1
FR;3;2022-05-19;0;0;0;0;0;0;0;0;0;4416862;3441709;4463;2;3613797;2861;48;0;1
FR;3;2022-05-20;0;0;0;0;0;0;0;0;0;4416862;3441709;4463;2;3613797;2861;48;0;1
FR;3;2022-05-21;0;0;0;0;0;0;0;0;0;4416862;3441709;4463;2;3613797;2861;48;0;1
FR;3;2022-05-22;0;0;0;0;0;0;0;0;0;4416862;3441709;4463;2;3613797;2861;48;0;1
FR;3;2022-05-23;0;0;0;0;0;0;0;0;0;4416862;3441709;4463;2;3613797;2861;48;0;1
FR;3;2022-05-24;0;0;0;0;0;0;0;0;0;4416862;3441709;4463;2;3613797;2861;48;0;1
FR;3;2022-05-25;0;0;0;0;0;0;0;0;0;4416862;3441709;4463;2;3613797;2861;48;0;1
FR;3;2022-05-26;0;0;0;0;0;0;0;0;0;4416862;3441709;4463;2;3613797;2861;48;0;1
FR;3;2022-05-27;0;0;0;0;0;0;0;0;0;4416862;3441709;4463;2;3613797;2861;48;0;1
FR;3;2022-05-28;0;0;0;0;0;0;0;0;0;4416862;3441709;4463;2;3613797;2861;48;0;1
FR;3;2022-05-29;0;0;0;0;0;0;0;0;0;4416862;3441709;4463;2;3613797;2861;48;0;1
FR;3;2022-05-30;0;0;0;0;0;0;0;0;0;4416862;3441709;4463;2;3613797;2861;48;0;1
FR;3;2022-05-31;0;0;0;0;0;0;0;0;0;4416862;3441709;4463;2;3613797;2861;48;0;1
FR;3;2022-06-01;0;0;0;0;0;0;0;0;0;4416862;3441709;4463;2;3613797;2861;48;0;1
FR;3;2022-06-02;0;0;0;0;0;0;0;0;0;4416862;3441709;4463;2;3613797;2861;48;0;1
FR;3;2022-06-03;0;0;0;0;0;0;0;0;0;4416862;3441709;4463;2;3613797;2861;48;0;1
FR;3;2022-06-04;0;0;0;0;0;0;0;0;0;4416862;3441709;4463;2;3613797;2861;48;0;1
FR;3;2022-06-05;0;0;0;0;0;0;0;0;0;4416862;3441709;4463;2;3613797;2861;48;0;1
FR;3;2022-06-06;0;0;0;0;0;0;0;0;0;4416862;3441709;4463;2;3613797;2861;48;0;1
FR;3;2022-06-07;0;0;0;0;0;0;0;0;0;4416862;3441709;4463;2;3613797;2861;48;0;1
FR;3;2022-06-08;0;0;0;0;0;0;0;0;0;4416862;3441709;4463;2;3613797;2861;48;0;1
FR;3;2022-06-09;0;0;0;0;0;0;0;0;0;4416862;3441709;4463;2;3613797;2861;48;0;1
FR;3;2022-06-10;0;0;0;0;0;0;0;0;0;4416862;3441709;4463;2;3613797;2861;48;0;1
FR;3;2022-06-11;0;0;0;0;0;0;0;0;0;4416862;3441709;4463;2;3613797;2861;48;0;1
FR;3;2022-06-12;0;0;0;0;0;0;0;0;0;4416862;3441709;4463;2;3613797;2861;48;0;1
FR;3;2022-06-13;1;0;0;0;0;0;0;0;0;4416863;3441709;4463;2;3613797;2861;48;0;1
FR;3;2022-06-14;0;0;0;0;0;0;0;0;0;4416863;3441709;4463;2;3613797;2861;48;0;1
FR;3;2022-06-15;0;0;0;0;0;0;0;0;0;4416863;3441709;4463;2;3613797;2861;48;0;1
FR;3;2022-06-16;0;0;0;0;0;0;0;0;0;4416863;3441709;4463;2;3613797;2861;48;0;1
FR;3;2022-06-17;0;0;0;0;0;0;0;0;0;4416863;3441709;4463;2;3613797;2861;48;0;1
FR;3;2022-06-18;0;0;0;0;0;0;0;0;0;4416863;3441709;4463;2;3613797;2861;48;0;1
FR;3;2022-06-19;0;0;0;0;0;0;0;0;0;4416863;3441709;4463;2;3613797;2861;48;0;1
FR;3;2022-06-20;0;0;0;0;0;0;0;0;0;4416863;3441709;4463;2;3613797;2861;48;0;1
FR;3;2022-06-21;0;0;0;0;0;0;0;0;0;4416863;3441709;4463;2;3613797;2861;48;0;1
FR;3;2022-06-22;0;0;0;0;0;0;0;0;0;4416863;3441709;4463;2;3613797;2861;48;0;1
FR;3;2022-06-23;0;0;0;0;0;0;0;0;0;4416863;3441709;4463;2;3613797;2861;48;0;1
FR;3;2022-06-24;0;0;0;0;0;0;0;0;0;4416863;3441709;4463;2;3613797;2861;48;0;1
FR;3;2022-06-25;0;0;0;0;0;0;0;0;0;4416863;3441709;4463;2;3613797;2861;48;0;1
FR;3;2022-06-26;0;0;0;0;0;0;0;0;0;4416863;3441709;4463;2;3613797;2861;48;0;1
FR;3;2022-06-27;0;0;0;0;0;0;0;0;0;4416863;3441709;4463;2;3613797;2861;48;0;1
FR;3;2022-06-28;0;0;0;0;0;0;0;0;0;4416863;3441709;4463;2;3613797;2861;48;0;1
FR;3;2022-06-29;1;0;0;0;0;0;0;0;0;4416864;3441709;4463;2;3613797;2861;48;0;1
FR;3;2022-06-30;0;0;0;0;0;0;0;0;0;4416864;3441709;4463;2;3613797;2861;48;0;1
FR;3;2022-07-01;0;0;0;0;0;0;0;0;0;4416864;3441709;4463;2;3613797;2861;48;0;1
FR;3;2022-07-02;0;0;0;0;0;0;0;0;0;4416864;3441709;4463;2;3613797;2861;48;0;1
FR;3;2022-07-03;0;0;0;0;0;0;0;0;0;4416864;3441709;4463;2;3613797;2861;48;0;1
FR;3;2022-07-04;0;0;0;0;0;0;0;0;0;4416864;3441709;4463;2;3613797;2861;48;0;1
FR;3;2022-07-05;0;0;0;0;0;0;0;0;0;4416864;3441709;4463;2;3613797;2861;48;0;1
FR;3;2022-07-06;0;0;0;0;0;0;0;0;0;4416864;3441709;4463;2;3613797;2861;48;0;1
FR;3;2022-07-07;0;0;0;0;0;0;0;0;0;4416864;3441709;4463;2;3613797;2861;48;0;1
FR;3;2022-07-08;0;0;0;0;0;0;0;0;0;4416864;3441709;4463;2;3613797;2861;48;0;1
FR;3;2022-07-09;0;0;0;0;0;0;0;0;0;4416864;3441709;4463;2;3613797;2861;48;0;1
FR;3;2022-07-10;0;0;0;0;0;0;0;0;0;4416864;3441709;4463;2;3613797;2861;48;0;1
FR;3;2022-07-11;0;0;0;0;0;0;0;0;0;4416864;3441709;4463;2;3613797;2861;48;0;1
FR;3;2022-07-12;0;0;0;0;0;0;0;0;0;4416864;3441709;4463;2;3613797;2861;48;0;1
FR;3;2022-07-13;0;0;0;0;0;0;0;0;0;4416864;3441709;4463;2;3613797;2861;48;0;1
FR;3;2022-07-14;0;0;0;0;0;0;0;0;0;4416864;3441709;4463;2;3613797;2861;48;0;1
FR;3;2022-07-15;0;0;0;0;0;0;0;0;0;4416864;3441709;4463;2;3613797;2861;48;0;1
FR;3;2022-07-16;0;0;0;0;0;0;0;0;0;4416864;3441709;4463;2;3613797;2861;48;0;1
FR;3;2022-07-17;0;0;0;0;0;0;0;0;0;4416864;3441709;4463;2;3613797;2861;48;0;1
FR;3;2022-07-18;0;0;0;0;0;0;0;0;0;4416864;3441709;4463;2;3613797;2861;48;0;1
FR;3;2022-07-19;0;0;0;0;0;0;0;0;0;4416864;3441709;4463;2;3613797;2861;48;0;1
FR;3;2022-07-20;0;0;0;0;0;0;0;0;0;4416864;3441709;4463;2;3613797;2861;48;0;1
FR;3;2022-07-21;0;0;0;0;0;0;0;0;0;4416864;3441709;4463;2;3613797;2861;48;0;1
FR;3;2022-07-22;0;0;0;0;0;0;0;0;0;4416864;3441709;4463;2;3613797;2861;48;0;1
FR;3;2022-07-23;0;0;0;0;0;0;0;0;0;4416864;3441709;4463;2;3613797;2861;48;0;1
FR;3;2022-07-24;0;0;0;0;0;0;0;0;0;4416864;3441709;4463;2;3613797;2861;48;0;1
FR;3;2022-07-25;0;0;0;0;0;0;0;0;0;4416864;3441709;4463;2;3613797;2861;48;0;1
FR;3;2022-07-26;0;0;0;0;0;0;0;0;0;4416864;3441709;4463;2;3613797;2861;48;0;1
FR;3;2022-07-27;0;0;0;0;0;0;0;0;0;4416864;3441709;4463;2;3613797;2861;48;0;1
FR;3;2022-07-28;0;0;0;0;0;0;0;0;0;4416864;3441709;4463;2;3613797;2861;48;0;1
FR;3;2022-07-29;0;0;0;0;0;0;0;0;0;4416864;3441709;4463;2;3613797;2861;48;0;1
FR;3;2022-07-30;0;0;0;0;0;0;0;0;0;4416864;3441709;4463;2;3613797;2861;48;0;1
FR;3;2022-07-31;0;0;0;0;0;0;0;0;0;4416864;3441709;4463;2;3613797;2861;48;0;1
FR;3;2022-08-01;0;0;0;0;0;0;0;0;0;4416864;3441709;4463;2;3613797;2861;48;0;1
FR;3;2022-08-02;0;0;0;0;0;0;0;0;0;4416864;3441709;4463;2;3613797;2861;48;0;1
FR;3;2022-08-03;0;0;0;0;0;0;0;0;0;4416864;3441709;4463;2;3613797;2861;48;0;1
FR;3;2022-08-04;0;0;0;0;0;0;0;0;0;4416864;3441709;4463;2;3613797;2861;48;0;1
FR;3;2022-08-05;0;0;0;0;0;0;0;0;0;4416864;3441709;4463;2;3613797;2861;48;0;1
FR;3;2022-08-06;0;0;0;0;0;0;0;0;0;4416864;3441709;4463;2;3613797;2861;48;0;1
FR;3;2022-08-07;0;0;0;0;0;0;0;0;0;4416864;3441709;4463;2;3613797;2861;48;0;1
FR;3;2022-08-08;0;0;0;0;0;0;0;0;0;4416864;3441709;4463;2;3613797;2861;48;0;1
FR;3;2022-08-09;0;0;0;0;0;0;0;0;0;4416864;3441709;4463;2;3613797;2861;48;0;1
FR;3;2022-08-10;0;0;0;0;0;0;0;0;0;4416864;3441709;4463;2;3613797;2861;48;0;1
FR;3;2022-08-11;0;0;0;0;0;0;0;0;0;4416864;3441709;4463;2;3613797;2861;48;0;1
FR;3;2022-08-12;0;0;0;0;0;0;0;0;0;4416864;3441709;4463;2;3613797;2861;48;0;1
FR;3;2022-08-13;0;0;0;0;0;0;0;0;0;4416864;3441709;4463;2;3613797;2861;48;0;1
FR;3;2022-08-14;0;0;0;0;0;0;0;0;0;4416864;3441709;4463;2;3613797;2861;48;0;1
FR;3;2022-08-15;0;0;0;0;0;0;0;0;0;4416864;3441709;4463;2;3613797;2861;48;0;1
FR;3;2022-08-16;0;0;0;0;0;0;0;0;0;4416864;3441709;4463;2;3613797;2861;48;0;1
FR;3;2022-08-17;0;0;0;0;0;0;0;0;0;4416864;3441709;4463;2;3613797;2861;48;0;1
FR;3;2022-08-18;0;0;0;0;0;0;0;0;0;4416864;3441709;4463;2;3613797;2861;48;0;1
FR;3;2022-08-19;0;0;0;0;0;0;0;0;0;4416864;3441709;4463;2;3613797;2861;48;0;1
FR;3;2022-08-20;0;0;0;0;0;0;0;0;0;4416864;3441709;4463;2;3613797;2861;48;0;1
FR;3;2022-08-21;0;0;0;0;0;0;0;0;0;4416864;3441709;4463;2;3613797;2861;48;0;1
FR;3;2022-08-22;0;0;0;0;0;0;0;0;0;4416864;3441709;4463;2;3613797;2861;48;0;1
FR;3;2022-08-23;0;0;0;0;0;0;0;0;0;4416864;3441709;4463;2;3613797;2861;48;0;1
FR;3;2022-08-24;0;0;0;0;0;0;0;0;0;4416864;3441709;4463;2;3613797;2861;48;0;1
FR;3;2022-08-25;0;0;0;0;0;0;0;0;0;4416864;3441709;4463;2;3613797;2861;48;0;1
FR;3;2022-08-26;0;0;0;0;0;0;0;0;0;4416864;3441709;4463;2;3613797;2861;48;0;1
FR;3;2022-08-27;0;0;0;0;0;0;0;0;0;4416864;3441709;4463;2;3613797;2861;48;0;1
FR;3;2022-08-28;0;0;0;0;0;0;0;0;0;4416864;3441709;4463;2;3613797;2861;48;0;1
FR;3;2022-08-29;0;0;0;0;0;0;0;0;0;4416864;3441709;4463;2;3613797;2861;48;0;1
FR;3;2022-08-30;0;0;0;0;0;0;0;0;0;4416864;3441709;4463;2;3613797;2861;48;0;1
FR;3;2022-08-31;0;0;0;0;0;0;0;0;0;4416864;3441709;4463;2;3613797;2861;48;0;1
FR;3;2022-09-01;0;0;0;0;0;0;0;0;0;4416864;3441709;4463;2;3613797;2861;48;0;1
FR;3;2022-09-02;0;0;0;0;0;0;0;0;0;4416864;3441709;4463;2;3613797;2861;48;0;1
FR;3;2022-09-03;0;0;0;0;0;0;0;0;0;4416864;3441709;4463;2;3613797;2861;48;0;1
FR;3;2022-09-04;0;0;0;0;0;0;0;0;0;4416864;3441709;4463;2;3613797;2861;48;0;1
FR;3;2022-09-05;0;0;0;0;0;0;0;0;0;4416864;3441709;4463;2;3613797;2861;48;0;1
FR;3;2022-09-06;0;0;0;0;0;0;0;0;0;4416864;3441709;4463;2;3613797;2861;48;0;1
FR;3;2022-09-07;0;0;0;0;0;0;0;0;0;4416864;3441709;4463;2;3613797;2861;48;0;1
FR;3;2022-09-08;0;0;0;0;0;0;0;0;0;4416864;3441709;4463;2;3613797;2861;48;0;1
FR;3;2022-09-09;0;0;0;0;0;0;0;0;0;4416864;3441709;4463;2;3613797;2861;48;0;1
FR;3;2022-09-10;0;0;0;0;0;0;0;0;0;4416864;3441709;4463;2;3613797;2861;48;0;1
FR;3;2022-09-11;0;0;0;0;0;0;0;0;0;4416864;3441709;4463;2;3613797;2861;48;0;1
FR;3;2022-09-12;0;0;0;0;0;0;0;0;0;4416864;3441709;4463;2;3613797;2861;48;0;1
FR;3;2022-09-13;0;0;0;0;0;0;0;0;0;4416864;3441709;4463;2;3613797;2861;48;0;1
FR;3;2022-09-14;0;0;0;0;0;0;0;0;0;4416864;3441709;4463;2;3613797;2861;48;0;1
FR;3;2022-09-15;0;0;0;0;0;0;0;0;0;4416864;3441709;4463;2;3613797;2861;48;0;1
FR;3;2022-09-16;0;0;0;0;0;0;0;0;0;4416864;3441709;4463;2;3613797;2861;48;0;1
FR;3;2022-09-17;0;0;0;0;0;0;0;0;0;4416864;3441709;4463;2;3613797;2861;48;0;1
FR;3;2022-09-18;0;0;0;0;0;0;0;0;0;4416864;3441709;4463;2;3613797;2861;48;0;1
FR;3;2022-09-19;0;0;0;0;0;0;0;0;0;4416864;3441709;4463;2;3613797;2861;48;0;1
FR;3;2022-09-20;0;0;0;0;0;0;0;0;0;4416864;3441709;4463;2;3613797;2861;48;0;1
FR;3;2022-09-21;0;0;0;0;0;0;0;0;0;4416864;3441709;4463;2;3613797;2861;48;0;1
FR;3;2022-09-22;0;0;0;0;0;0;0;0;0;4416864;3441709;4463;2;3613797;2861;48;0;1
FR;3;2022-09-23;0;0;0;0;0;0;0;0;0;4416864;3441709;4463;2;3613797;2861;48;0;1
FR;3;2022-09-24;0;0;0;0;0;0;0;0;0;4416864;3441709;4463;2;3613797;2861;48;0;1
FR;3;2022-09-25;0;0;0;0;0;0;0;0;0;4416864;3441709;4463;2;3613797;2861;48;0;1
FR;3;2022-09-26;0;0;0;0;0;0;0;0;0;4416864;3441709;4463;2;3613797;2861;48;0;1
FR;3;2022-09-27;0;0;0;0;0;0;0;0;0;4416864;3441709;4463;2;3613797;2861;48;0;1
FR;3;2022-09-28;0;0;0;0;0;0;0;0;0;4416864;3441709;4463;2;3613797;2861;48;0;1
FR;3;2022-09-29;0;0;0;0;0;0;0;0;0;4416864;3441709;4463;2;3613797;2861;48;0;1
FR;3;2022-09-30;0;0;0;0;0;0;0;0;0;4416864;3441709;4463;2;3613797;2861;48;0;1
FR;3;2022-10-01;0;0;0;0;0;0;0;0;0;4416864;3441709;4463;2;3613797;2861;48;0;1
FR;3;2022-10-02;0;0;0;0;0;0;0;0;0;4416864;3441709;4463;2;3613797;2861;48;0;1
FR;3;2022-10-03;0;0;0;0;0;0;0;0;0;4416864;3441709;4463;2;3613797;2861;48;0;1
FR;3;2022-10-04;0;0;0;0;0;0;0;0;0;4416864;3441709;4463;2;3613797;2861;48;0;1
FR;3;2022-10-05;0;0;0;0;0;0;0;0;0;4416864;3441709;4463;2;3613797;2861;48;0;1
FR;3;2022-10-06;0;0;0;0;0;0;0;0;0;4416864;3441709;4463;2;3613797;2861;48;0;1
FR;3;2022-10-07;0;0;0;0;0;0;0;0;0;4416864;3441709;4463;2;3613797;2861;48;0;1
FR;3;2022-10-08;0;0;0;0;0;0;0;0;0;4416864;3441709;4463;2;3613797;2861;48;0;1
FR;3;2022-10-09;0;0;0;0;0;0;0;0;0;4416864;3441709;4463;2;3613797;2861;48;0;1
FR;3;2022-10-10;0;0;0;0;0;0;0;0;0;4416864;3441709;4463;2;3613797;2861;48;0;1
FR;3;2022-10-11;0;0;0;0;0;0;0;0;0;4416864;3441709;4463;2;3613797;2861;48;0;1
FR;3;2022-10-12;0;0;0;0;0;0;0;0;0;4416864;3441709;4463;2;3613797;2861;48;0;1
FR;3;2022-10-13;0;0;0;0;0;0;0;0;0;4416864;3441709;4463;2;3613797;2861;48;0;1
FR;3;2022-10-14;0;0;0;0;0;0;0;0;0;4416864;3441709;4463;2;3613797;2861;48;0;1
FR;3;2022-10-15;0;0;0;0;0;0;0;0;0;4416864;3441709;4463;2;3613797;2861;48;0;1
FR;3;2022-10-16;0;0;0;0;0;0;0;0;0;4416864;3441709;4463;2;3613797;2861;48;0;1
FR;3;2022-10-17;0;0;0;0;0;0;0;0;0;4416864;3441709;4463;2;3613797;2861;48;0;1
FR;3;2022-10-18;0;0;0;0;0;0;0;0;0;4416864;3441709;4463;2;3613797;2861;48;0;1
FR;3;2022-10-19;0;0;0;0;0;0;0;0;0;4416864;3441709;4463;2;3613797;2861;48;0;1
FR;3;2022-10-20;0;0;0;0;0;0;0;0;0;4416864;3441709;4463;2;3613797;2861;48;0;1
FR;3;2022-10-21;0;0;0;0;0;0;0;0;0;4416864;3441709;4463;2;3613797;2861;48;0;1
FR;3;2022-10-22;0;0;0;0;0;0;0;0;0;4416864;3441709;4463;2;3613797;2861;48;0;1
FR;3;2022-10-23;0;0;0;0;0;0;0;0;0;4416864;3441709;4463;2;3613797;2861;48;0;1
FR;3;2022-10-24;0;0;0;0;0;0;0;0;0;4416864;3441709;4463;2;3613797;2861;48;0;1
FR;3;2022-10-25;0;0;0;0;0;0;0;0;0;4416864;3441709;4463;2;3613797;2861;48;0;1
FR;3;2022-10-26;0;0;0;0;0;0;0;0;0;4416864;3441709;4463;2;3613797;2861;48;0;1
FR;3;2022-10-27;0;0;0;0;0;0;0;0;0;4416864;3441709;4463;2;3613797;2861;48;0;1
FR;3;2022-10-28;0;0;0;0;0;0;0;0;0;4416864;3441709;4463;2;3613797;2861;48;0;1
FR;3;2022-10-29;0;0;0;0;0;0;0;0;0;4416864;3441709;4463;2;3613797;2861;48;0;1
FR;3;2022-10-30;0;0;0;0;0;0;0;0;0;4416864;3441709;4463;2;3613797;2861;48;0;1
FR;3;2022-10-31;0;0;0;0;0;0;0;0;0;4416864;3441709;4463;2;3613797;2861;48;0;1
FR;3;2022-11-01;0;0;0;0;0;0;0;0;0;4416864;3441709;4463;2;3613797;2861;48;0;1
FR;3;2022-11-02;0;0;0;0;0;0;0;0;0;4416864;3441709;4463;2;3613797;2861;48;0;1
FR;3;2022-11-03;0;0;0;0;0;0;0;0;0;4416864;3441709;4463;2;3613797;2861;48;0;1
FR;3;2022-11-04;0;0;0;0;0;0;0;0;0;4416864;3441709;4463;2;3613797;2861;48;0;1
FR;3;2022-11-05;0;0;0;0;0;0;0;0;0;4416864;3441709;4463;2;3613797;2861;48;0;1
FR;3;2022-11-06;0;0;0;0;0;0;0;0;0;4416864;3441709;4463;2;3613797;2861;48;0;1
FR;3;2022-11-07;0;0;0;0;0;0;0;0;0;4416864;3441709;4463;2;3613797;2861;48;0;1
FR;3;2022-11-08;1;0;0;0;0;0;0;0;0;4416865;3441709;4463;2;3613797;2861;48;0;1
FR;3;2022-11-09;0;0;0;0;0;0;0;0;0;4416865;3441709;4463;2;3613797;2861;48;0;1
FR;3;2022-11-10;0;0;0;0;0;0;0;0;0;4416865;3441709;4463;2;3613797;2861;48;0;1
FR;3;2022-11-11;0;0;0;0;0;0;0;0;0;4416865;3441709;4463;2;3613797;2861;48;0;1
FR;3;2022-11-12;0;0;0;0;0;0;0;0;0;4416865;3441709;4463;2;3613797;2861;48;0;1
FR;3;2022-11-13;0;0;0;0;0;0;0;0;0;4416865;3441709;4463;2;3613797;2861;48;0;1
FR;3;2022-11-14;0;0;0;0;0;0;0;0;0;4416865;3441709;4463;2;3613797;2861;48;0;1
FR;3;2022-11-15;0;0;0;0;0;0;0;0;0;4416865;3441709;4463;2;3613797;2861;48;0;1
FR;3;2022-11-16;0;0;0;0;0;0;0;0;0;4416865;3441709;4463;2;3613797;2861;48;0;1
FR;3;2022-11-17;0;0;0;0;0;0;0;0;0;4416865;3441709;4463;2;3613797;2861;48;0;1
FR;3;2022-11-18;0;0;0;0;0;0;0;0;0;4416865;3441709;4463;2;3613797;2861;48;0;1
FR;3;2022-11-19;0;0;0;0;0;0;0;0;0;4416865;3441709;4463;2;3613797;2861;48;0;1
FR;3;2022-11-20;0;0;0;0;0;0;0;0;0;4416865;3441709;4463;2;3613797;2861;48;0;1
FR;3;2022-11-21;0;0;0;0;0;0;0;0;0;4416865;3441709;4463;2;3613797;2861;48;0;1
FR;3;2022-11-22;0;0;0;0;0;0;0;0;0;4416865;3441709;4463;2;3613797;2861;48;0;1
FR;3;2022-11-23;0;0;0;0;0;0;0;0;0;4416865;3441709;4463;2;3613797;2861;48;0;1
FR;3;2022-11-24;0;0;0;0;0;0;0;0;0;4416865;3441709;4463;2;3613797;2861;48;0;1
FR;3;2022-11-25;0;0;0;0;0;0;0;0;0;4416865;3441709;4463;2;3613797;2861;48;0;1
FR;3;2022-11-26;0;0;0;0;0;0;0;0;0;4416865;3441709;4463;2;3613797;2861;48;0;1
FR;3;2022-11-27;0;0;0;0;0;0;0;0;0;4416865;3441709;4463;2;3613797;2861;48;0;1
FR;3;2022-11-28;0;0;0;0;0;0;0;0;0;4416865;3441709;4463;2;3613797;2861;48;0;1
FR;3;2022-11-29;0;0;0;0;0;0;0;0;0;4416865;3441709;4463;2;3613797;2861;48;0;1
FR;3;2022-11-30;0;0;0;0;0;0;0;0;0;4416865;3441709;4463;2;3613797;2861;48;0;1
FR;3;2022-12-01;0;0;0;0;0;0;0;0;0;4416865;3441709;4463;2;3613797;2861;48;0;1
FR;3;2022-12-02;0;0;0;0;0;0;0;0;0;4416865;3441709;4463;2;3613797;2861;48;0;1
FR;3;2022-12-03;0;0;0;0;0;0;0;0;0;4416865;3441709;4463;2;3613797;2861;48;0;1
FR;3;2022-12-04;0;0;0;0;0;0;0;0;0;4416865;3441709;4463;2;3613797;2861;48;0;1
FR;3;2022-12-05;0;0;0;0;0;0;0;0;0;4416865;3441709;4463;2;3613797;2861;48;0;1
FR;3;2022-12-06;0;0;0;0;0;0;0;0;0;4416865;3441709;4463;2;3613797;2861;48;0;1
FR;3;2022-12-07;0;0;0;0;0;0;0;0;0;4416865;3441709;4463;2;3613797;2861;48;0;1
FR;3;2022-12-08;0;0;0;0;0;0;0;0;0;4416865;3441709;4463;2;3613797;2861;48;0;1
FR;3;2022-12-09;0;0;0;0;0;0;0;0;0;4416865;3441709;4463;2;3613797;2861;48;0;1
FR;3;2022-12-10;0;0;0;0;0;0;0;0;0;4416865;3441709;4463;2;3613797;2861;48;0;1
FR;3;2022-12-11;0;0;0;0;0;0;0;0;0;4416865;3441709;4463;2;3613797;2861;48;0;1
FR;3;2022-12-12;0;0;0;0;0;0;0;0;0;4416865;3441709;4463;2;3613797;2861;48;0;1
FR;3;2022-12-13;0;0;0;0;0;0;0;0;0;4416865;3441709;4463;2;3613797;2861;48;0;1
FR;3;2022-12-14;0;0;0;0;0;0;0;0;0;4416865;3441709;4463;2;3613797;2861;48;0;1
FR;3;2022-12-15;0;0;0;0;0;0;0;0;0;4416865;3441709;4463;2;3613797;2861;48;0;1
FR;3;2022-12-16;0;0;0;0;0;0;0;0;0;4416865;3441709;4463;2;3613797;2861;48;0;1
FR;3;2022-12-17;0;0;0;0;0;0;0;0;0;4416865;3441709;4463;2;3613797;2861;48;0;1
FR;3;2022-12-18;0;0;0;0;0;0;0;0;0;4416865;3441709;4463;2;3613797;2861;48;0;1
FR;3;2022-12-19;0;0;0;0;0;0;0;0;0;4416865;3441709;4463;2;3613797;2861;48;0;1
FR;3;2022-12-20;0;0;0;0;0;0;0;0;0;4416865;3441709;4463;2;3613797;2861;48;0;1
FR;3;2022-12-21;0;0;0;0;0;0;0;0;0;4416865;3441709;4463;2;3613797;2861;48;0;1
FR;3;2022-12-22;0;0;0;0;0;0;0;0;0;4416865;3441709;4463;2;3613797;2861;48;0;1
FR;3;2022-12-23;0;0;0;0;0;0;0;0;0;4416865;3441709;4463;2;3613797;2861;48;0;1
FR;3;2022-12-24;0;0;0;0;0;0;0;0;0;4416865;3441709;4463;2;3613797;2861;48;0;1
FR;3;2022-12-25;0;0;0;0;0;0;0;0;0;4416865;3441709;4463;2;3613797;2861;48;0;1
FR;3;2022-12-26;0;0;0;0;0;0;0;0;0;4416865;3441709;4463;2;3613797;2861;48;0;1
FR;3;2022-12-27;0;0;0;0;0;0;0;0;0;4416865;3441709;4463;2;3613797;2861;48;0;1
FR;3;2022-12-28;0;0;0;0;0;0;0;0;0;4416865;3441709;4463;2;3613797;2861;48;0;1
FR;3;2022-12-29;0;0;0;0;0;0;0;0;0;4416865;3441709;4463;2;3613797;2861;48;0;1
FR;3;2022-12-30;0;0;0;0;0;0;0;0;0;4416865;3441709;4463;2;3613797;2861;48;0;1
FR;3;2022-12-31;0;0;0;0;0;0;0;0;0;4416865;3441709;4463;2;3613797;2861;48;0;1
FR;3;2023-01-01;0;0;0;0;0;0;0;0;0;4416865;3441709;4463;2;3613797;2861;48;0;1
FR;3;2023-01-02;0;0;0;0;0;0;0;0;0;4416865;3441709;4463;2;3613797;2861;48;0;1
FR;3;2023-01-03;0;0;0;0;0;0;0;0;0;4416865;3441709;4463;2;3613797;2861;48;0;1
FR;3;2023-01-04;0;0;0;0;0;0;0;0;0;4416865;3441709;4463;2;3613797;2861;48;0;1
FR;3;2023-01-05;0;0;0;0;0;0;0;0;0;4416865;3441709;4463;2;3613797;2861;48;0;1
FR;3;2023-01-06;0;0;0;0;0;0;0;0;0;4416865;3441709;4463;2;3613797;2861;48;0;1
FR;3;2023-01-07;0;0;0;0;0;0;0;0;0;4416865;3441709;4463;2;3613797;2861;48;0;1
FR;3;2023-01-08;0;0;0;0;0;0;0;0;0;4416865;3441709;4463;2;3613797;2861;48;0;1
FR;3;2023-01-09;0;0;0;0;0;0;0;0;0;4416865;3441709;4463;2;3613797;2861;48;0;1
FR;3;2023-01-10;0;0;0;0;0;0;0;0;0;4416865;3441709;4463;2;3613797;2861;48;0;1
FR;3;2023-01-11;0;0;0;0;0;0;0;0;0;4416865;3441709;4463;2;3613797;2861;48;0;1
FR;3;2023-01-12;0;0;0;0;0;0;0;0;0;4416865;3441709;4463;2;3613797;2861;48;0;1
FR;3;2023-01-13;0;0;0;0;0;0;0;0;0;4416865;3441709;4463;2;3613797;2861;48;0;1
FR;3;2023-01-14;0;0;0;0;0;0;0;0;0;4416865;3441709;4463;2;3613797;2861;48;0;1
FR;3;2023-01-15;0;0;0;0;0;0;0;0;0;4416865;3441709;4463;2;3613797;2861;48;0;1
FR;3;2023-01-16;0;0;0;0;0;0;0;0;0;4416865;3441709;4463;2;3613797;2861;48;0;1
FR;3;2023-01-17;0;0;0;0;0;0;0;0;0;4416865;3441709;4463;2;3613797;2861;48;0;1
FR;3;2023-01-18;0;0;0;0;0;0;0;0;0;4416865;3441709;4463;2;3613797;2861;48;0;1
FR;3;2023-01-19;0;0;0;0;0;0;0;0;0;4416865;3441709;4463;2;3613797;2861;48;0;1
FR;3;2023-01-20;0;0;0;0;0;0;0;0;0;4416865;3441709;4463;2;3613797;2861;48;0;1
FR;3;2023-01-21;0;0;0;0;0;0;0;0;0;4416865;3441709;4463;2;3613797;2861;48;0;1
FR;3;2023-01-22;0;0;0;0;0;0;0;0;0;4416865;3441709;4463;2;3613797;2861;48;0;1
FR;3;2023-01-23;0;0;0;0;0;0;0;0;0;4416865;3441709;4463;2;3613797;2861;48;0;1
FR;3;2023-01-24;0;0;0;0;0;0;0;0;0;4416865;3441709;4463;2;3613797;2861;48;0;1
FR;3;2023-01-25;1;0;0;0;0;0;0;0;0;4416866;3441709;4463;2;3613797;2861;48;0;1
FR;3;2023-01-26;0;0;0;0;0;0;0;0;0;4416866;3441709;4463;2;3613797;2861;48;0;1
FR;3;2023-01-27;0;0;0;0;0;0;0;0;0;4416866;3441709;4463;2;3613797;2861;48;0;1
FR;3;2023-01-28;0;0;0;0;0;0;0;0;0;4416866;3441709;4463;2;3613797;2861;48;0;1
FR;3;2023-01-29;0;0;0;0;0;0;0;0;0;4416866;3441709;4463;2;3613797;2861;48;0;1
FR;3;2023-01-30;0;0;0;0;0;0;0;0;0;4416866;3441709;4463;2;3613797;2861;48;0;1
FR;3;2023-01-31;0;0;0;0;0;0;0;0;0;4416866;3441709;4463;2;3613797;2861;48;0;1
FR;3;2023-02-01;0;0;0;0;0;0;0;0;0;4416866;3441709;4463;2;3613797;2861;48;0;1
FR;3;2023-02-02;0;0;0;0;0;0;0;0;0;4416866;3441709;4463;2;3613797;2861;48;0;1
FR;3;2023-02-03;0;0;0;0;0;0;0;0;0;4416866;3441709;4463;2;3613797;2861;48;0;1
FR;3;2023-02-04;0;0;0;0;0;0;0;0;0;4416866;3441709;4463;2;3613797;2861;48;0;1
FR;3;2023-02-05;0;0;0;0;0;0;0;0;0;4416866;3441709;4463;2;3613797;2861;48;0;1
FR;3;2023-02-06;0;0;0;0;0;0;0;0;0;4416866;3441709;4463;2;3613797;2861;48;0;1
FR;3;2023-02-07;0;0;0;0;0;0;0;0;0;4416866;3441709;4463;2;3613797;2861;48;0;1
FR;3;2023-02-08;0;0;0;0;0;0;0;0;0;4416866;3441709;4463;2;3613797;2861;48;0;1
FR;3;2023-02-09;0;0;0;0;0;0;0;0;0;4416866;3441709;4463;2;3613797;2861;48;0;1
FR;3;2023-02-10;0;0;0;0;0;0;0;0;0;4416866;3441709;4463;2;3613797;2861;48;0;1
FR;3;2023-02-11;0;0;0;0;0;0;0;0;0;4416866;3441709;4463;2;3613797;2861;48;0;1
FR;3;2023-02-12;0;0;0;0;0;0;0;0;0;4416866;3441709;4463;2;3613797;2861;48;0;1
FR;3;2023-02-13;0;0;0;0;0;0;0;0;0;4416866;3441709;4463;2;3613797;2861;48;0;1
FR;3;2023-02-14;0;0;0;0;0;0;0;0;0;4416866;3441709;4463;2;3613797;2861;48;0;1
FR;3;2023-02-15;0;0;0;0;0;0;0;0;0;4416866;3441709;4463;2;3613797;2861;48;0;1
FR;3;2023-02-16;0;0;0;0;0;0;0;0;0;4416866;3441709;4463;2;3613797;2861;48;0;1
FR;3;2023-02-17;0;0;0;0;0;0;0;0;0;4416866;3441709;4463;2;3613797;2861;48;0;1
FR;3;2023-02-18;0;0;0;0;0;0;0;0;0;4416866;3441709;4463;2;3613797;2861;48;0;1
FR;3;2023-02-19;0;0;0;0;0;0;0;0;0;4416866;3441709;4463;2;3613797;2861;48;0;1
FR;3;2023-02-20;0;0;0;0;0;0;0;0;0;4416866;3441709;4463;2;3613797;2861;48;0;1
FR;3;2023-02-21;0;0;0;0;0;0;0;0;0;4416866;3441709;4463;2;3613797;2861;48;0;1
FR;3;2023-02-22;0;0;0;0;0;0;0;0;0;4416866;3441709;4463;2;3613797;2861;48;0;1
FR;3;2023-02-23;0;0;0;0;0;0;0;0;0;4416866;3441709;4463;2;3613797;2861;48;0;1
FR;3;2023-02-24;0;0;0;0;0;0;0;0;0;4416866;3441709;4463;2;3613797;2861;48;0;1
FR;3;2023-02-25;0;0;0;0;0;0;0;0;0;4416866;3441709;4463;2;3613797;2861;48;0;1
FR;3;2023-02-26;0;0;0;0;0;0;0;0;0;4416866;3441709;4463;2;3613797;2861;48;0;1
FR;3;2023-02-27;0;0;0;0;0;0;0;0;0;4416866;3441709;4463;2;3613797;2861;48;0;1
FR;3;2023-02-28;0;0;0;0;0;0;0;0;0;4416866;3441709;4463;2;3613797;2861;48;0;1
FR;3;2023-03-01;0;0;0;0;0;0;0;0;0;4416866;3441709;4463;2;3613797;2861;48;0;1
FR;3;2023-03-02;0;0;0;0;0;0;0;0;0;4416866;3441709;4463;2;3613797;2861;48;0;1
FR;3;2023-03-03;0;0;0;0;0;0;0;0;0;4416866;3441709;4463;2;3613797;2861;48;0;1
FR;3;2023-03-04;0;0;0;0;0;0;0;0;0;4416866;3441709;4463;2;3613797;2861;48;0;1
FR;3;2023-03-05;0;0;0;0;0;0;0;0;0;4416866;3441709;4463;2;3613797;2861;48;0;1
FR;3;2023-03-06;0;0;0;0;0;0;0;0;0;4416866;3441709;4463;2;3613797;2861;48;0;1
FR;3;2023-03-07;0;0;0;0;0;0;0;0;0;4416866;3441709;4463;2;3613797;2861;48;0;1
FR;3;2023-03-08;0;0;0;0;0;0;0;0;0;4416866;3441709;4463;2;3613797;2861;48;0;1
FR;3;2023-03-09;0;0;0;0;0;0;0;0;0;4416866;3441709;4463;2;3613797;2861;48;0;1
FR;3;2023-03-10;0;0;0;0;0;0;0;0;0;4416866;3441709;4463;2;3613797;2861;48;0;1
FR;3;2023-03-11;0;0;0;0;0;0;0;0;0;4416866;3441709;4463;2;3613797;2861;48;0;1
FR;3;2023-03-12;0;0;0;0;0;0;0;0;0;4416866;3441709;4463;2;3613797;2861;48;0;1
FR;3;2023-03-13;0;0;0;0;0;0;0;0;0;4416866;3441709;4463;2;3613797;2861;48;0;1
FR;3;2023-03-14;0;0;0;0;0;0;0;0;0;4416866;3441709;4463;2;3613797;2861;48;0;1
FR;3;2023-03-15;0;0;0;0;0;0;0;0;0;4416866;3441709;4463;2;3613797;2861;48;0;1
FR;3;2023-03-16;0;0;0;0;0;0;0;0;0;4416866;3441709;4463;2;3613797;2861;48;0;1
FR;3;2023-03-17;0;0;0;0;0;0;0;0;0;4416866;3441709;4463;2;3613797;2861;48;0;1
FR;3;2023-03-18;0;0;0;0;0;0;0;0;0;4416866;3441709;4463;2;3613797;2861;48;0;1
FR;3;2023-03-19;0;0;0;0;0;0;0;0;0;4416866;3441709;4463;2;3613797;2861;48;0;1
FR;3;2023-03-20;0;0;0;0;0;0;0;0;0;4416866;3441709;4463;2;3613797;2861;48;0;1
FR;3;2023-03-21;0;0;0;0;0;0;0;0;0;4416866;3441709;4463;2;3613797;2861;48;0;1
FR;3;2023-03-22;0;0;0;0;0;0;0;0;0;4416866;3441709;4463;2;3613797;2861;48;0;1
FR;3;2023-03-23;0;0;0;0;0;0;0;0;0;4416866;3441709;4463;2;3613797;2861;48;0;1
FR;3;2023-03-24;0;0;0;0;0;0;0;0;0;4416866;3441709;4463;2;3613797;2861;48;0;1
FR;3;2023-03-25;0;0;0;0;0;0;0;0;0;4416866;3441709;4463;2;3613797;2861;48;0;1
FR;3;2023-03-26;0;0;0;0;0;0;0;0;0;4416866;3441709;4463;2;3613797;2861;48;0;1
FR;3;2023-03-27;0;0;0;0;0;0;0;0;0;4416866;3441709;4463;2;3613797;2861;48;0;1
FR;3;2023-03-28;0;0;0;0;0;0;0;0;0;4416866;3441709;4463;2;3613797;2861;48;0;1
FR;3;2023-03-29;0;0;0;0;0;0;0;0;0;4416866;3441709;4463;2;3613797;2861;48;0;1
FR;3;2023-03-30;0;0;0;0;0;0;0;0;0;4416866;3441709;4463;2;3613797;2861;48;0;1
FR;3;2023-03-31;0;0;0;0;0;0;0;0;0;4416866;3441709;4463;2;3613797;2861;48;0;1
FR;3;2023-04-01;0;0;0;0;0;0;0;0;0;4416866;3441709;4463;2;3613797;2861;48;0;1
FR;3;2023-04-02;0;0;0;0;0;0;0;0;0;4416866;3441709;4463;2;3613797;2861;48;0;1
FR;3;2023-04-03;0;0;0;0;0;0;0;0;0;4416866;3441709;4463;2;3613797;2861;48;0;1
FR;3;2023-04-04;0;0;0;0;0;0;0;0;0;4416866;3441709;4463;2;3613797;2861;48;0;1
FR;3;2023-04-05;0;0;0;0;0;0;0;0;0;4416866;3441709;4463;2;3613797;2861;48;0;1
FR;3;2023-04-06;0;0;0;0;0;0;0;0;0;4416866;3441709;4463;2;3613797;2861;48;0;1
FR;3;2023-04-07;0;0;0;0;0;0;0;0;0;4416866;3441709;4463;2;3613797;2861;48;0;1
FR;3;2023-04-08;0;0;0;0;0;0;0;0;0;4416866;3441709;4463;2;3613797;2861;48;0;1
FR;3;2023-04-09;0;0;0;0;0;0;0;0;0;4416866;3441709;4463;2;3613797;2861;48;0;1
FR;3;2023-04-10;0;0;0;0;0;0;0;0;0;4416866;3441709;4463;2;3613797;2861;48;0;1
FR;3;2023-04-11;0;0;0;0;0;0;0;0;0;4416866;3441709;4463;2;3613797;2861;48;0;1
FR;3;2023-04-12;0;0;0;0;0;0;0;0;0;4416866;3441709;4463;2;3613797;2861;48;0;1
FR;3;2023-04-13;0;0;0;0;0;0;0;0;0;4416866;3441709;4463;2;3613797;2861;48;0;1
FR;3;2023-04-14;0;0;0;0;0;0;0;0;0;4416866;3441709;4463;2;3613797;2861;48;0;1
FR;3;2023-04-15;0;0;0;0;0;0;0;0;0;4416866;3441709;4463;2;3613797;2861;48;0;1
FR;3;2023-04-16;0;0;0;0;0;0;0;0;0;4416866;3441709;4463;2;3613797;2861;48;0;1
FR;3;2023-04-17;0;0;0;0;0;0;0;0;0;4416866;3441709;4463;2;3613797;2861;48;0;1
FR;3;2023-04-18;0;0;0;0;0;0;0;0;0;4416866;3441709;4463;2;3613797;2861;48;0;1
FR;3;2023-04-19;0;0;0;0;0;0;0;0;0;4416866;3441709;4463;2;3613797;2861;48;0;1
FR;3;2023-04-20;0;0;0;0;0;0;0;0;0;4416866;3441709;4463;2;3613797;2861;48;0;1
FR;3;2023-04-21;0;0;0;0;0;0;0;0;0;4416866;3441709;4463;2;3613797;2861;48;0;1
FR;3;2023-04-22;0;0;0;0;0;0;0;0;0;4416866;3441709;4463;2;3613797;2861;48;0;1
FR;3;2023-04-23;0;0;0;0;0;0;0;0;0;4416866;3441709;4463;2;3613797;2861;48;0;1
FR;3;2023-04-24;0;0;0;0;0;0;0;0;0;4416866;3441709;4463;2;3613797;2861;48;0;1
FR;3;2023-04-25;0;0;0;0;0;0;0;0;0;4416866;3441709;4463;2;3613797;2861;48;0;1
FR;3;2023-04-26;0;0;0;0;0;0;0;0;0;4416866;3441709;4463;2;3613797;2861;48;0;1
FR;3;2023-04-27;0;0;0;0;0;0;0;0;0;4416866;3441709;4463;2;3613797;2861;48;0;1
FR;3;2023-04-28;0;0;0;0;0;0;0;0;0;4416866;3441709;4463;2;3613797;2861;48;0;1
FR;3;2023-04-29;0;0;0;0;0;0;0;0;0;4416866;3441709;4463;2;3613797;2861;48;0;1
FR;3;2023-04-30;0;0;0;0;0;0;0;0;0;4416866;3441709;4463;2;3613797;2861;48;0;1
FR;3;2023-05-01;0;0;0;0;0;0;0;0;0;4416866;3441709;4463;2;3613797;2861;48;0;1
FR;3;2023-05-02;0;0;0;0;0;0;0;0;0;4416866;3441709;4463;2;3613797;2861;48;0;1
FR;3;2023-05-03;0;0;0;0;0;0;0;0;0;4416866;3441709;4463;2;3613797;2861;48;0;1
FR;4;2020-12-27;0;0;0;0;0;0;0;0;0;0;0;0;0;0;0;0;0;0
FR;4;2020-12-28;0;0;0;0;0;0;0;0;0;0;0;0;0;0;0;0;0;0
FR;4;2020-12-29;0;0;0;0;0;0;0;0;0;0;0;0;0;0;0;0;0;0
FR;4;2020-12-30;0;0;0;0;0;0;0;0;0;0;0;0;0;0;0;0;0;0
FR;4;2020-12-31;0;0;0;0;0;0;0;0;0;0;0;0;0;0;0;0;0;0
FR;4;2021-01-01;0;0;0;0;0;0;0;0;0;0;0;0;0;0;0;0;0;0
FR;4;2021-01-02;0;0;0;0;0;0;0;0;0;0;0;0;0;0;0;0;0;0
FR;4;2021-01-03;0;0;0;0;0;0;0;0;0;0;0;0;0;0;0;0;0;0
FR;4;2021-01-04;0;0;0;0;0;0;0;0;0;0;0;0;0;0;0;0;0;0
FR;4;2021-01-05;0;0;0;0;0;0;0;0;0;0;0;0;0;0;0;0;0;0
FR;4;2021-01-06;0;0;0;0;0;0;0;0;0;0;0;0;0;0;0;0;0;0
FR;4;2021-01-07;0;0;0;0;0;0;0;0;0;0;0;0;0;0;0;0;0;0
FR;4;2021-01-08;0;0;0;0;0;0;0;0;0;0;0;0;0;0;0;0;0;0
FR;4;2021-01-09;0;0;0;0;0;0;0;0;0;0;0;0;0;0;0;0;0;0
FR;4;2021-01-10;0;0;0;0;0;0;0;0;0;0;0;0;0;0;0;0;0;0
FR;4;2021-01-11;0;0;0;0;0;0;0;0;0;0;0;0;0;0;0;0;0;0
FR;4;2021-01-12;0;0;0;0;0;0;0;0;0;0;0;0;0;0;0;0;0;0
FR;4;2021-01-13;0;0;0;0;0;0;0;0;0;0;0;0;0;0;0;0;0;0
FR;4;2021-01-14;0;0;0;0;0;0;0;0;0;0;0;0;0;0;0;0;0;0
FR;4;2021-01-15;0;0;0;0;0;0;0;0;0;0;0;0;0;0;0;0;0;0
FR;4;2021-01-16;0;0;0;0;0;0;0;0;0;0;0;0;0;0;0;0;0;0
FR;4;2021-01-17;0;0;0;0;0;0;0;0;0;0;0;0;0;0;0;0;0;0
FR;4;2021-01-18;0;0;0;0;0;0;0;0;0;0;0;0;0;0;0;0;0;0
FR;4;2021-01-19;0;0;0;0;0;0;0;0;0;0;0;0;0;0;0;0;0;0
FR;4;2021-01-20;0;0;0;0;0;0;0;0;0;0;0;0;0;0;0;0;0;0
FR;4;2021-01-21;0;0;0;0;0;0;0;0;0;0;0;0;0;0;0;0;0;0
FR;4;2021-01-22;0;0;0;0;0;0;0;0;0;0;0;0;0;0;0;0;0;0
FR;4;2021-01-23;0;0;0;0;0;0;0;0;0;0;0;0;0;0;0;0;0;0
FR;4;2021-01-24;0;0;0;0;0;0;0;0;0;0;0;0;0;0;0;0;0;0
FR;4;2021-01-25;0;0;0;0;0;0;0;0;0;0;0;0;0;0;0;0;0;0
FR;4;2021-01-26;0;0;0;0;0;0;0;0;0;0;0;0;0;0;0;0;0;0
FR;4;2021-01-27;0;0;0;0;0;0;0;0;0;0;0;0;0;0;0;0;0;0
FR;4;2021-01-28;0;0;0;0;0;0;0;0;0;0;0;0;0;0;0;0;0;0
FR;4;2021-01-29;0;0;0;0;0;0;0;0;0;0;0;0;0;0;0;0;0;0
FR;4;2021-01-30;0;0;0;0;0;0;0;0;0;0;0;0;0;0;0;0;0;0
FR;4;2021-01-31;0;0;0;0;0;0;0;0;0;0;0;0;0;0;0;0;0;0
FR;4;2021-02-01;0;0;0;0;0;0;0;0;0;0;0;0;0;0;0;0;0;0
FR;4;2021-02-02;0;0;0;0;0;0;0;0;0;0;0;0;0;0;0;0;0;0
FR;4;2021-02-03;0;0;0;0;0;0;0;0;0;0;0;0;0;0;0;0;0;0
FR;4;2021-02-04;0;0;0;0;0;0;0;0;0;0;0;0;0;0;0;0;0;0
FR;4;2021-02-05;0;0;0;0;0;0;0;0;0;0;0;0;0;0;0;0;0;0
FR;4;2021-02-06;0;0;0;0;0;0;0;0;0;0;0;0;0;0;0;0;0;0
FR;4;2021-02-07;0;0;0;0;0;0;0;0;0;0;0;0;0;0;0;0;0;0
FR;4;2021-02-08;0;0;0;0;0;0;0;0;0;0;0;0;0;0;0;0;0;0
FR;4;2021-02-09;0;0;0;0;0;0;0;0;0;0;0;0;0;0;0;0;0;0
FR;4;2021-02-10;0;0;0;0;0;0;0;0;0;0;0;0;0;0;0;0;0;0
FR;4;2021-02-11;0;0;0;0;0;0;0;0;0;0;0;0;0;0;0;0;0;0
FR;4;2021-02-12;0;0;0;0;0;0;0;0;0;0;0;0;0;0;0;0;0;0
FR;4;2021-02-13;0;0;0;0;0;0;0;0;0;0;0;0;0;0;0;0;0;0
FR;4;2021-02-14;0;0;0;0;0;0;0;0;0;0;0;0;0;0;0;0;0;0
FR;4;2021-02-15;0;0;0;0;0;0;0;0;0;0;0;0;0;0;0;0;0;0
FR;4;2021-02-16;0;0;0;0;0;0;0;0;0;0;0;0;0;0;0;0;0;0
FR;4;2021-02-17;0;0;0;0;0;0;0;0;0;0;0;0;0;0;0;0;0;0
FR;4;2021-02-18;0;0;0;0;0;0;0;0;0;0;0;0;0;0;0;0;0;0
FR;4;2021-02-19;0;0;0;0;0;0;0;0;0;0;0;0;0;0;0;0;0;0
FR;4;2021-02-20;0;0;0;0;0;0;0;0;0;0;0;0;0;0;0;0;0;0
FR;4;2021-02-21;0;0;0;0;0;0;0;0;0;0;0;0;0;0;0;0;0;0
FR;4;2021-02-22;0;0;0;0;0;0;0;0;0;0;0;0;0;0;0;0;0;0
FR;4;2021-02-23;0;0;0;0;0;0;0;0;0;0;0;0;0;0;0;0;0;0
FR;4;2021-02-24;0;0;0;0;0;0;0;0;0;0;0;0;0;0;0;0;0;0
FR;4;2021-02-25;0;0;0;0;0;0;0;0;0;0;0;0;0;0;0;0;0;0
FR;4;2021-02-26;0;0;0;0;0;0;0;0;0;0;0;0;0;0;0;0;0;0
FR;4;2021-02-27;0;0;0;0;0;0;0;0;0;0;0;0;0;0;0;0;0;0
FR;4;2021-02-28;0;0;0;0;0;0;0;0;0;0;0;0;0;0;0;0;0;0
FR;4;2021-03-01;0;0;0;0;0;0;0;0;0;0;0;0;0;0;0;0;0;0
FR;4;2021-03-02;0;0;0;0;0;0;0;0;0;0;0;0;0;0;0;0;0;0
FR;4;2021-03-03;0;0;0;0;0;0;0;0;0;0;0;0;0;0;0;0;0;0
FR;4;2021-03-04;0;0;0;0;0;0;0;0;0;0;0;0;0;0;0;0;0;0
FR;4;2021-03-05;0;0;0;0;0;0;0;0;0;0;0;0;0;0;0;0;0;0
FR;4;2021-03-06;0;0;0;0;0;0;0;0;0;0;0;0;0;0;0;0;0;0
FR;4;2021-03-07;0;0;0;0;0;0;0;0;0;0;0;0;0;0;0;0;0;0
FR;4;2021-03-08;0;0;0;0;0;0;0;0;0;0;0;0;0;0;0;0;0;0
FR;4;2021-03-09;0;0;0;0;0;0;0;0;0;0;0;0;0;0;0;0;0;0
FR;4;2021-03-10;0;0;0;0;0;0;0;0;0;0;0;0;0;0;0;0;0;0
FR;4;2021-03-11;0;0;0;0;0;0;0;0;0;0;0;0;0;0;0;0;0;0
FR;4;2021-03-12;0;0;0;0;0;0;0;0;0;0;0;0;0;0;0;0;0;0
FR;4;2021-03-13;0;0;0;0;0;0;0;0;0;0;0;0;0;0;0;0;0;0
FR;4;2021-03-14;0;0;0;0;0;0;0;0;0;0;0;0;0;0;0;0;0;0
FR;4;2021-03-15;0;0;0;0;0;0;0;0;0;0;0;0;0;0;0;0;0;0
FR;4;2021-03-16;0;0;0;0;0;0;0;0;0;0;0;0;0;0;0;0;0;0
FR;4;2021-03-17;0;0;0;0;0;0;0;0;0;0;0;0;0;0;0;0;0;0
FR;4;2021-03-18;0;0;0;0;0;0;0;0;0;0;0;0;0;0;0;0;0;0
FR;4;2021-03-19;0;0;0;0;0;0;0;0;0;0;0;0;0;0;0;0;0;0
FR;4;2021-03-20;0;0;0;0;0;0;0;0;0;0;0;0;0;0;0;0;0;0
FR;4;2021-03-21;0;0;0;0;0;0;0;0;0;0;0;0;0;0;0;0;0;0
FR;4;2021-03-22;0;0;0;0;0;0;0;0;0;0;0;0;0;0;0;0;0;0
FR;4;2021-03-23;0;0;0;0;0;0;0;0;0;0;0;0;0;0;0;0;0;0
FR;4;2021-03-24;0;0;0;0;0;0;0;0;0;0;0;0;0;0;0;0;0;0
FR;4;2021-03-25;0;0;0;0;0;0;0;0;0;0;0;0;0;0;0;0;0;0
FR;4;2021-03-26;0;0;0;0;0;0;0;0;0;0;0;0;0;0;0;0;0;0
FR;4;2021-03-27;0;0;0;0;0;0;0;0;0;0;0;0;0;0;0;0;0;0
FR;4;2021-03-28;0;0;0;0;0;0;0;0;0;0;0;0;0;0;0;0;0;0
FR;4;2021-03-29;0;0;0;0;0;0;0;0;0;0;0;0;0;0;0;0;0;0
FR;4;2021-03-30;0;0;0;0;0;0;0;0;0;0;0;0;0;0;0;0;0;0
FR;4;2021-03-31;0;0;0;0;0;0;0;0;0;0;0;0;0;0;0;0;0;0
FR;4;2021-04-01;0;0;0;0;0;0;0;0;0;0;0;0;0;0;0;0;0;0
FR;4;2021-04-02;0;0;0;0;0;0;0;0;0;0;0;0;0;0;0;0;0;0
FR;4;2021-04-03;0;0;0;0;0;0;0;0;0;0;0;0;0;0;0;0;0;0
FR;4;2021-04-04;0;0;0;0;0;0;0;0;0;0;0;0;0;0;0;0;0;0
FR;4;2021-04-05;0;0;0;0;0;0;0;0;0;0;0;0;0;0;0;0;0;0
FR;4;2021-04-06;0;0;0;0;0;0;0;0;0;0;0;0;0;0;0;0;0;0
FR;4;2021-04-07;0;0;0;0;0;0;0;0;0;0;0;0;0;0;0;0;0;0
FR;4;2021-04-08;0;0;0;0;0;0;0;0;0;0;0;0;0;0;0;0;0;0
FR;4;2021-04-09;0;0;0;0;0;0;0;0;0;0;0;0;0;0;0;0;0;0
FR;4;2021-04-10;0;0;0;0;0;0;0;0;0;0;0;0;0;0;0;0;0;0
FR;4;2021-04-11;0;0;0;0;0;0;0;0;0;0;0;0;0;0;0;0;0;0
FR;4;2021-04-12;0;0;0;0;0;0;0;0;0;0;0;0;0;0;0;0;0;0
FR;4;2021-04-13;0;0;0;0;0;0;0;0;0;0;0;0;0;0;0;0;0;0
FR;4;2021-04-14;0;0;0;0;0;0;0;0;0;0;0;0;0;0;0;0;0;0
FR;4;2021-04-15;0;0;0;0;0;0;0;0;0;0;0;0;0;0;0;0;0;0
FR;4;2021-04-16;0;0;0;0;0;0;0;0;0;0;0;0;0;0;0;0;0;0
FR;4;2021-04-17;0;0;0;0;0;0;0;0;0;0;0;0;0;0;0;0;0;0
FR;4;2021-04-18;0;0;0;0;0;0;0;0;0;0;0;0;0;0;0;0;0;0
FR;4;2021-04-19;0;0;0;0;0;0;0;0;0;0;0;0;0;0;0;0;0;0
FR;4;2021-04-20;0;0;0;0;0;0;0;0;0;0;0;0;0;0;0;0;0;0
FR;4;2021-04-21;0;0;0;0;0;0;0;0;0;0;0;0;0;0;0;0;0;0
FR;4;2021-04-22;0;0;0;0;0;0;0;0;0;0;0;0;0;0;0;0;0;0
FR;4;2021-04-23;3660;0;0;0;3622;0;0;0;0;3660;0;0;0;3622;0;0;0;0
FR;4;2021-04-24;1570;1;0;0;1559;0;0;0;0;5230;1;0;0;5181;0;0;0;0
FR;4;2021-04-25;125;0;0;0;125;0;0;0;0;5355;1;0;0;5306;0;0;0;0
FR;4;2021-04-26;2872;1;0;0;2862;0;0;0;0;8227;2;0;0;8168;0;0;0;0
FR;4;2021-04-27;9520;3;0;0;9501;0;0;0;0;17747;5;0;0;17669;0;0;0;0
FR;4;2021-04-28;9910;6;0;0;9885;0;0;0;0;27657;11;0;0;27554;0;0;0;0
FR;4;2021-04-29;15995;8;0;0;15979;0;0;0;0;43652;19;0;0;43533;0;0;0;0
FR;4;2021-04-30;19234;10;0;0;19205;0;0;0;0;62886;29;0;0;62738;0;0;0;0
FR;4;2021-05-01;1994;6;0;0;1992;0;0;0;0;64880;35;0;0;64730;0;0;0;0
FR;4;2021-05-02;484;0;0;0;482;0;0;0;0;65364;35;0;0;65212;0;0;0;0
FR;4;2021-05-03;5066;2;0;0;5059;0;0;0;0;70430;37;0;0;70271;0;0;0;0
FR;4;2021-05-04;8411;11;0;0;8400;0;0;0;0;78841;48;0;0;78671;0;0;0;0
FR;4;2021-05-05;6193;7;0;0;6188;0;0;0;0;85034;55;0;0;84859;0;0;0;0
FR;4;2021-05-06;11388;11;0;0;11385;0;0;0;0;96422;66;0;0;96244;0;0;0;0
FR;4;2021-05-07;19127;9;0;0;19088;0;0;0;0;115549;75;0;0;115332;0;0;0;0
FR;4;2021-05-08;2376;7;0;0;2380;0;0;0;0;117925;82;0;0;117712;0;0;0;0
FR;4;2021-05-09;692;3;0;0;693;0;0;0;0;118617;85;0;0;118405;0;0;0;0
FR;4;2021-05-10;7246;5;1;0;7243;0;0;0;0;125863;90;1;0;125648;0;0;0;0
FR;4;2021-05-11;14325;13;0;0;14305;0;0;0;0;140188;103;1;0;139953;0;0;0;0
FR;4;2021-05-12;10176;15;0;0;10179;0;0;0;0;150364;118;1;0;150132;0;0;0;0
FR;4;2021-05-13;1584;4;0;0;1585;0;0;0;0;151948;122;1;0;151717;0;0;0;0
FR;4;2021-05-14;7768;7;0;0;7763;0;0;0;0;159716;129;1;0;159480;0;0;0;0
FR;4;2021-05-15;3721;8;1;0;3720;0;0;0;0;163437;137;2;0;163200;0;0;0;0
FR;4;2021-05-16;417;1;0;0;417;0;0;0;0;163854;138;2;0;163617;0;0;0;0
FR;4;2021-05-17;4485;8;0;0;4484;0;0;0;0;168339;146;2;0;168101;0;0;0;0
FR;4;2021-05-18;8769;10;0;0;8769;0;0;0;0;177108;156;2;0;176870;0;0;0;0
FR;4;2021-05-19;5699;7;0;0;5701;0;0;0;0;182807;163;2;0;182571;0;0;0;0
FR;4;2021-05-20;9487;8;0;0;9479;0;0;0;0;192294;171;2;0;192050;0;0;0;0
FR;4;2021-05-21;12816;30;0;0;12823;0;0;0;0;205110;201;2;0;204873;0;0;0;0
FR;4;2021-05-22;5063;15;0;0;5070;0;0;0;0;210173;216;2;0;209943;0;0;0;0
FR;4;2021-05-23;498;4;0;0;501;0;0;0;0;210671;220;2;0;210444;0;0;0;0
FR;4;2021-05-24;1062;7;0;0;1066;0;0;0;0;211733;227;2;0;211510;0;0;0;0
FR;4;2021-05-25;7637;16;0;0;7643;0;0;0;0;219370;243;2;0;219153;0;0;0;0
FR;4;2021-05-26;7731;16;0;0;7739;0;0;0;0;227101;259;2;0;226892;0;0;0;0
FR;4;2021-05-27;14340;35;0;0;14349;0;0;0;0;241441;294;2;0;241241;0;0;0;0
FR;4;2021-05-28;26593;82;1;0;26634;0;0;0;0;268034;376;3;0;267875;0;0;0;0
FR;4;2021-05-29;11385;19;0;0;11385;0;0;0;0;279419;395;3;0;279260;0;0;0;0
FR;4;2021-05-30;974;7;0;0;973;0;0;0;0;280393;402;3;0;280233;0;0;0;0
FR;4;2021-05-31;12701;21;0;0;12701;0;0;0;0;293094;423;3;0;292934;0;0;0;0
FR;4;2021-06-01;20283;48;1;0;20301;0;0;0;0;313377;471;4;0;313235;0;0;0;0
FR;4;2021-06-02;14526;33;0;0;14538;0;0;0;0;327903;504;4;0;327773;0;0;0;0
FR;4;2021-06-03;19436;24;1;0;19434;0;0;0;0;347339;528;5;0;347207;0;0;0;0
FR;4;2021-06-04;22520;48;0;0;22538;0;0;0;0;369859;576;5;0;369745;0;0;0;0
FR;4;2021-06-05;9717;32;0;0;9721;0;0;0;0;379576;608;5;0;379466;0;0;0;0
FR;4;2021-06-06;1041;2;0;0;1037;0;0;0;0;380617;610;5;0;380503;0;0;0;0
FR;4;2021-06-07;9230;19;0;0;9238;0;0;0;0;389847;629;5;0;389741;0;0;0;0
FR;4;2021-06-08;14614;32;0;0;14626;0;0;0;0;404461;661;5;0;404367;0;0;0;0
FR;4;2021-06-09;12218;25;0;0;12226;0;0;0;0;416679;686;5;0;416593;0;0;0;0
FR;4;2021-06-10;15408;30;0;0;15416;0;0;0;0;432087;716;5;0;432009;0;0;0;0
FR;4;2021-06-11;16989;57;0;0;17016;0;0;0;0;449076;773;5;0;449025;0;0;0;0
FR;4;2021-06-12;7453;27;0;0;7478;0;0;0;0;456529;800;5;0;456503;0;0;0;0
FR;4;2021-06-13;908;3;0;0;910;0;0;0;0;457437;803;5;0;457413;0;0;0;0
FR;4;2021-06-14;6652;27;0;0;6662;0;0;0;0;464089;830;5;0;464075;0;0;0;0
FR;4;2021-06-15;10896;39;0;0;10913;0;0;0;0;474985;869;5;0;474988;0;0;0;0
FR;4;2021-06-16;8909;17;0;0;8917;0;0;0;0;483894;886;5;0;483905;0;0;0;0
FR;4;2021-06-17;10903;36;0;0;10915;0;0;0;0;494797;922;5;0;494820;0;0;0;0
FR;4;2021-06-18;12427;45;0;0;12454;0;0;0;0;507224;967;5;0;507274;0;0;0;0
FR;4;2021-06-19;5568;25;0;0;5588;0;0;0;0;512792;992;5;0;512862;0;0;0;0
FR;4;2021-06-20;828;5;0;0;832;0;0;0;0;513620;997;5;0;513694;0;0;0;0
FR;4;2021-06-21;5106;21;0;0;5106;0;0;0;0;518726;1018;5;0;518800;0;0;0;0
FR;4;2021-06-22;7914;29;2;0;7932;0;0;0;0;526640;1047;7;0;526732;0;0;0;0
FR;4;2021-06-23;7106;43;2;0;7133;0;0;0;0;533746;1090;9;0;533865;0;0;0;0
FR;4;2021-06-24;8657;46;1;0;8689;0;0;0;0;542403;1136;10;0;542554;0;0;0;0
FR;4;2021-06-25;10179;41;2;0;10211;0;0;0;0;552582;1177;12;0;552765;0;0;0;0
FR;4;2021-06-26;4854;23;0;0;4871;0;0;0;0;557436;1200;12;0;557636;0;0;0;0
FR;4;2021-06-27;769;4;0;0;771;0;0;0;0;558205;1204;12;0;558407;0;0;0;0
FR;4;2021-06-28;4835;16;1;0;4844;0;0;0;0;563040;1220;13;0;563251;0;0;0;0
FR;4;2021-06-29;7110;28;2;0;7119;0;0;0;0;570150;1248;15;0;570370;0;0;0;0
FR;4;2021-06-30;6728;41;2;0;6756;0;0;0;0;576878;1289;17;0;577126;0;0;0;0
FR;4;2021-07-01;8213;42;0;0;8235;0;0;0;0;585091;1331;17;0;585361;0;0;0;0
FR;4;2021-07-02;9430;53;1;0;9470;0;0;0;0;594521;1384;18;0;594831;0;0;0;0
FR;4;2021-07-03;4848;20;0;0;4863;0;0;0;0;599369;1404;18;0;599694;0;0;0;0
FR;4;2021-07-04;690;5;0;0;692;0;0;0;0;600059;1409;18;0;600386;0;0;0;0
FR;4;2021-07-05;4774;19;2;0;4785;0;0;0;0;604833;1428;20;0;605171;0;0;0;0
FR;4;2021-07-06;7729;29;4;0;7742;0;0;0;0;612562;1457;24;0;612913;0;0;0;0
FR;4;2021-07-07;7088;34;2;0;7100;0;0;0;0;619650;1491;26;0;620013;0;0;0;0
FR;4;2021-07-08;9235;40;2;0;9258;0;0;0;0;628885;1531;28;0;629271;0;0;0;0
FR;4;2021-07-09;10282;34;1;0;10305;0;0;0;0;639167;1565;29;0;639576;0;0;0;0
FR;4;2021-07-10;4639;14;2;0;4646;0;0;0;0;643806;1579;31;0;644222;0;0;0;0
FR;4;2021-07-11;586;4;1;0;584;0;0;0;0;644392;1583;32;0;644806;0;0;0;0
FR;4;2021-07-12;5878;29;0;0;5900;0;0;0;0;650270;1612;32;0;650706;0;0;0;0
FR;4;2021-07-13;14231;29;0;0;14249;0;0;0;0;664501;1641;32;0;664955;0;0;0;0
FR;4;2021-07-14;2291;15;0;0;2291;0;0;0;0;666792;1656;32;0;667246;0;0;0;0
FR;4;2021-07-15;18239;37;0;0;18256;0;0;0;0;685031;1693;32;0;685502;0;0;0;0
FR;4;2021-07-16;22838;71;2;0;22888;0;0;0;0;707869;1764;34;0;708390;0;0;0;0
FR;4;2021-07-17;9741;20;0;0;9749;0;0;0;0;717610;1784;34;0;718139;0;0;0;0
FR;4;2021-07-18;1359;5;0;0;1362;0;0;0;0;718969;1789;34;0;719501;0;0;0;0
FR;4;2021-07-19;12991;30;1;0;13016;0;0;0;0;731960;1819;35;0;732517;0;0;0;0
FR;4;2021-07-20;17344;26;1;0;17360;0;0;0;0;749304;1845;36;0;749877;0;0;0;0
FR;4;2021-07-21;15623;33;0;0;15643;0;0;0;0;764927;1878;36;0;765520;0;0;0;0
FR;4;2021-07-22;18247;45;2;0;18271;0;0;0;0;783174;1923;38;0;783791;0;0;0;0
FR;4;2021-07-23;20420;57;7;0;20453;0;0;0;0;803594;1980;45;0;804244;0;0;0;0
FR;4;2021-07-24;9290;34;0;0;9305;0;0;0;0;812884;2014;45;0;813549;0;0;0;0
FR;4;2021-07-25;1356;11;0;0;1358;0;0;0;0;814240;2025;45;0;814907;0;0;0;0
FR;4;2021-07-26;11050;23;0;0;11057;0;0;0;0;825290;2048;45;0;825964;0;0;0;0
FR;4;2021-07-27;14688;35;3;0;14708;0;0;0;0;839978;2083;48;0;840672;0;0;0;0
FR;4;2021-07-28;12937;26;2;0;12954;0;0;0;0;852915;2109;50;0;853626;0;0;0;0
FR;4;2021-07-29;14097;54;4;0;14139;0;0;0;0;867012;2163;54;0;867765;0;0;0;0
FR;4;2021-07-30;15502;46;2;0;15532;0;0;0;0;882514;2209;56;0;883297;0;0;0;0
FR;4;2021-07-31;6845;14;2;0;6855;0;0;0;0;889359;2223;58;0;890152;0;0;0;0
FR;4;2021-08-01;906;1;0;0;901;0;0;0;0;890265;2224;58;0;891053;0;0;0;0
FR;4;2021-08-02;7918;31;0;0;7919;0;0;0;0;898183;2255;58;0;898972;0;0;0;0
FR;4;2021-08-03;10805;31;2;0;10801;0;0;0;0;908988;2286;60;0;909773;0;0;0;0
FR;4;2021-08-04;9749;29;0;0;9748;0;0;0;0;918737;2315;60;0;919521;0;0;0;0
FR;4;2021-08-05;9831;42;0;0;9837;0;0;0;0;928568;2357;60;0;929358;0;0;0;0
FR;4;2021-08-06;10201;30;3;0;10198;0;0;0;0;938769;2387;63;0;939556;0;0;0;0
FR;4;2021-08-07;5100;30;1;0;5116;0;0;0;0;943869;2417;64;0;944672;0;0;0;0
FR;4;2021-08-08;1225;13;0;0;1228;0;0;0;0;945094;2430;64;0;945900;0;0;0;0
FR;4;2021-08-09;6350;31;0;0;6343;0;0;0;0;951444;2461;64;0;952243;0;0;0;0
FR;4;2021-08-10;8753;18;0;0;8724;0;0;0;0;960197;2479;64;0;960967;0;0;0;0
FR;4;2021-08-11;7945;34;4;0;7934;0;0;0;0;968142;2513;68;0;968901;0;0;0;0
FR;4;2021-08-12;8585;31;1;0;8573;0;0;0;0;976727;2544;69;0;977474;0;0;0;0
FR;4;2021-08-13;7561;25;0;1;7548;0;0;0;0;984288;2569;69;1;985022;0;0;0;0
FR;4;2021-08-14;3793;20;0;0;3777;0;0;0;0;988081;2589;69;1;988799;0;0;0;0
FR;4;2021-08-15;771;5;0;0;773;0;0;0;0;988852;2594;69;1;989572;0;0;0;0
FR;4;2021-08-16;4009;17;0;0;4004;0;0;0;0;992861;2611;69;1;993576;0;0;0;0
FR;4;2021-08-17;5634;17;1;0;5624;0;0;0;0;998495;2628;70;1;999200;0;0;0;0
FR;4;2021-08-18;5172;37;0;0;5189;0;0;0;0;1003667;2665;70;1;1004389;0;0;0;0
FR;4;2021-08-19;5489;34;3;0;5503;0;0;0;0;1009156;2699;73;1;1009892;0;0;0;0
FR;4;2021-08-20;5225;25;1;0;5235;0;0;0;0;1014381;2724;74;1;1015127;0;0;0;0
FR;4;2021-08-21;2311;23;1;0;2328;0;0;0;0;1016692;2747;75;1;1017455;0;0;0;0
FR;4;2021-08-22;414;2;0;0;415;0;0;0;0;1017106;2749;75;1;1017870;0;0;0;0
FR;4;2021-08-23;2936;21;1;0;2944;0;0;0;0;1020042;2770;76;1;1020814;0;0;0;0
FR;4;2021-08-24;3758;16;0;0;3761;0;0;0;0;1023800;2786;76;1;1024575;0;0;0;0
FR;4;2021-08-25;3546;25;1;0;3562;0;0;0;0;1027346;2811;77;1;1028137;0;0;0;0
FR;4;2021-08-26;3716;21;2;0;3728;0;0;0;0;1031062;2832;79;1;1031865;0;0;0;0
FR;4;2021-08-27;3617;31;2;0;3635;0;0;0;0;1034679;2863;81;1;1035500;0;0;0;0
FR;4;2021-08-28;1732;10;1;0;1737;0;0;0;0;1036411;2873;82;1;1037237;0;0;0;0
FR;4;2021-08-29;385;7;1;0;389;0;0;0;0;1036796;2880;83;1;1037626;0;0;0;0
FR;4;2021-08-30;2010;25;0;0;2018;16;0;0;0;1038806;2905;83;1;1039644;16;0;0;0
FR;4;2021-08-31;2487;21;0;0;2494;14;0;0;0;1041293;2926;83;1;1042138;30;0;0;0
FR;4;2021-09-01;2085;38;1;0;2096;22;0;0;0;1043378;2964;84;1;1044234;52;0;0;0
FR;4;2021-09-02;2309;31;4;0;2322;18;0;0;0;1045687;2995;88;1;1046556;70;0;0;0
FR;4;2021-09-03;2366;44;5;0;2375;36;0;0;0;1048053;3039;93;1;1048931;106;0;0;0
FR;4;2021-09-04;1374;18;0;0;1381;9;0;0;0;1049427;3057;93;1;1050312;115;0;0;0
FR;4;2021-09-05;434;2;0;0;434;2;0;0;0;1049861;3059;93;1;1050746;117;0;0;0
FR;4;2021-09-06;1713;62;0;0;1750;24;0;0;0;1051574;3121;93;1;1052496;141;0;0;0
FR;4;2021-09-07;1681;18;0;0;1690;8;0;0;0;1053255;3139;93;1;1054186;149;0;0;0
FR;4;2021-09-08;1286;26;3;0;1291;19;0;0;0;1054541;3165;96;1;1055477;168;0;0;0
FR;4;2021-09-09;1394;23;2;0;1404;9;0;0;0;1055935;3188;98;1;1056881;177;0;0;0
FR;4;2021-09-10;1522;31;2;0;1526;23;1;0;0;1057457;3219;100;1;1058407;200;1;0;0
FR;4;2021-09-11;746;11;0;0;749;3;0;0;0;1058203;3230;100;1;1059156;203;1;0;0
FR;4;2021-09-12;169;5;0;0;170;4;0;0;0;1058372;3235;100;1;1059326;207;1;0;0
FR;4;2021-09-13;1325;22;1;0;1328;16;0;0;0;1059697;3257;101;1;1060654;223;1;0;0
FR;4;2021-09-14;1507;9;2;0;1509;7;0;0;0;1061204;3266;103;1;1062163;230;1;0;0
FR;4;2021-09-15;1095;28;1;0;1098;25;0;0;0;1062299;3294;104;1;1063261;255;1;0;0
FR;4;2021-09-16;1107;22;2;0;1111;15;0;0;0;1063406;3316;106;1;1064372;270;1;0;0
FR;4;2021-09-17;898;21;1;0;905;12;0;0;0;1064304;3337;107;1;1065277;282;1;0;0
FR;4;2021-09-18;464;7;1;0;465;6;0;0;0;1064768;3344;108;1;1065742;288;1;0;0
FR;4;2021-09-19;182;3;0;0;183;2;0;0;0;1064950;3347;108;1;1065925;290;1;0;0
FR;4;2021-09-20;452;19;0;0;458;13;0;0;0;1065402;3366;108;1;1066383;303;1;0;0
FR;4;2021-09-21;434;11;0;0;436;7;0;0;0;1065836;3377;108;1;1066819;310;1;0;0
FR;4;2021-09-22;377;19;4;0;384;15;0;0;0;1066213;3396;112;1;1067203;325;1;0;0
FR;4;2021-09-23;488;15;1;0;489;14;0;0;0;1066701;3411;113;1;1067692;339;1;0;0
FR;4;2021-09-24;416;13;2;0;420;9;0;0;0;1067117;3424;115;1;1068112;348;1;0;0
FR;4;2021-09-25;281;10;1;0;282;5;0;0;0;1067398;3434;116;1;1068394;353;1;0;0
FR;4;2021-09-26;75;2;0;0;76;1;0;0;0;1067473;3436;116;1;1068470;354;1;0;0
FR;4;2021-09-27;270;10;1;0;271;8;0;0;0;1067743;3446;117;1;1068741;362;1;0;0
FR;4;2021-09-28;319;8;0;0;319;8;0;0;0;1068062;3454;117;1;1069060;370;1;0;0
FR;4;2021-09-29;378;19;1;0;380;13;0;0;0;1068440;3473;118;1;1069440;383;1;0;0
FR;4;2021-09-30;367;41;0;0;381;22;0;0;0;1068807;3514;118;1;1069821;405;1;0;0
FR;4;2021-10-01;411;56;0;0;413;50;0;0;0;1069218;3570;118;1;1070234;455;1;0;0
FR;4;2021-10-02;196;23;1;0;198;14;0;0;0;1069414;3593;119;1;1070432;469;1;0;0
FR;4;2021-10-03;86;1;0;0;87;0;0;0;0;1069500;3594;119;1;1070519;469;1;0;0
FR;4;2021-10-04;363;20;1;0;367;16;0;0;0;1069863;3614;120;1;1070886;485;1;0;0
FR;4;2021-10-05;286;19;2;0;288;15;0;0;0;1070149;3633;122;1;1071174;500;1;0;0
FR;4;2021-10-06;249;23;1;0;254;18;0;0;0;1070398;3656;123;1;1071428;518;1;0;0
FR;4;2021-10-07;268;25;2;0;273;13;0;0;0;1070666;3681;125;1;1071701;531;1;0;0
FR;4;2021-10-08;357;24;2;0;360;20;0;0;0;1071023;3705;127;1;1072061;551;1;0;0
FR;4;2021-10-09;194;6;6;0;195;7;0;0;0;1071217;3711;133;1;1072256;558;1;0;0
FR;4;2021-10-10;97;3;2;0;99;3;0;0;0;1071314;3714;135;1;1072355;561;1;0;0
FR;4;2021-10-11;252;15;1;0;253;14;0;0;0;1071566;3729;136;1;1072608;575;1;0;0
FR;4;2021-10-12;211;14;0;0;211;13;0;0;0;1071777;3743;136;1;1072819;588;1;0;0
FR;4;2021-10-13;221;28;1;0;224;25;0;0;0;1071998;3771;137;1;1073043;613;1;0;0
FR;4;2021-10-14;316;21;4;0;320;15;0;0;0;1072314;3792;141;1;1073363;628;1;0;0
FR;4;2021-10-15;324;24;5;0;325;25;0;0;0;1072638;3816;146;1;1073688;653;1;0;0
FR;4;2021-10-16;167;6;2;0;167;6;0;0;0;1072805;3822;148;1;1073855;659;1;0;0
FR;4;2021-10-17;70;2;0;0;71;1;0;0;0;1072875;3824;148;1;1073926;660;1;0;0
FR;4;2021-10-18;282;16;1;0;284;13;0;0;0;1073157;3840;149;1;1074210;673;1;0;0
FR;4;2021-10-19;215;15;2;0;215;16;0;0;0;1073372;3855;151;1;1074425;689;1;0;0
FR;4;2021-10-20;232;27;4;0;235;15;0;0;0;1073604;3882;155;1;1074660;704;1;0;0
FR;4;2021-10-21;244;18;0;0;246;14;0;0;0;1073848;3900;155;1;1074906;718;1;0;0
FR;4;2021-10-22;217;25;2;0;219;20;1;0;0;1074065;3925;157;1;1075125;738;2;0;0
FR;4;2021-10-23;117;16;1;0;118;15;0;0;0;1074182;3941;158;1;1075243;753;2;0;0
FR;4;2021-10-24;39;4;0;0;39;1;0;0;0;1074221;3945;158;1;1075282;754;2;0;0
FR;4;2021-10-25;218;7;2;0;218;9;0;0;0;1074439;3952;160;1;1075500;763;2;0;0
FR;4;2021-10-26;200;14;0;0;202;12;0;0;0;1074639;3966;160;1;1075702;775;2;0;0
FR;4;2021-10-27;196;12;4;0;196;12;2;0;0;1074835;3978;164;1;1075898;787;4;0;0
FR;4;2021-10-28;187;18;5;0;187;22;0;0;0;1075022;3996;169;1;1076085;809;4;0;0
FR;4;2021-10-29;227;18;2;0;228;16;0;0;0;1075249;4014;171;1;1076313;825;4;0;0
FR;4;2021-10-30;104;2;1;0;105;2;0;0;0;1075353;4016;172;1;1076418;827;4;0;0
FR;4;2021-10-31;59;3;2;0;60;3;0;0;0;1075412;4019;174;1;1076478;830;4;0;0
FR;4;2021-11-01;76;27;4;0;77;24;3;0;0;1075488;4046;178;1;1076555;854;7;0;0
FR;4;2021-11-02;164;21;2;0;165;21;0;0;0;1075652;4067;180;1;1076720;875;7;0;0
FR;4;2021-11-03;132;21;8;1;133;19;6;0;0;1075784;4088;188;2;1076853;894;13;0;0
FR;4;2021-11-04;187;15;1;0;188;12;1;0;0;1075971;4103;189;2;1077041;906;14;0;0
FR;4;2021-11-05;130;17;1;0;131;16;0;0;0;1076101;4120;190;2;1077172;922;14;0;0
FR;4;2021-11-06;82;6;1;0;82;6;0;0;0;1076183;4126;191;2;1077254;928;14;0;0
FR;4;2021-11-07;83;2;2;0;83;4;0;0;0;1076266;4128;193;2;1077337;932;14;0;0
FR;4;2021-11-08;162;20;1;0;163;20;0;0;0;1076428;4148;194;2;1077500;952;14;0;0
FR;4;2021-11-09;159;14;3;0;159;16;0;0;0;1076587;4162;197;2;1077659;968;14;0;0
FR;4;2021-11-10;121;30;7;0;121;33;2;0;0;1076708;4192;204;2;1077780;1001;16;0;0
FR;4;2021-11-11;100;10;1;0;100;11;0;0;0;1076808;4202;205;2;1077880;1012;16;0;0
FR;4;2021-11-12;107;19;2;0;108;18;1;0;0;1076915;4221;207;2;1077988;1030;17;0;0
FR;4;2021-11-13;74;15;2;0;75;14;0;0;0;1076989;4236;209;2;1078063;1044;17;0;0
FR;4;2021-11-14;55;5;4;0;56;8;0;0;0;1077044;4241;213;2;1078119;1052;17;0;0
FR;4;2021-11-15;99;26;2;0;101;24;2;0;0;1077143;4267;215;2;1078220;1076;19;0;0
FR;4;2021-11-16;112;14;3;0;112;17;0;0;0;1077255;4281;218;2;1078332;1093;19;0;0
FR;4;2021-11-17;122;30;4;0;122;30;1;0;0;1077377;4311;222;2;1078454;1123;20;0;0
FR;4;2021-11-18;103;34;14;0;105;43;1;0;0;1077480;4345;236;2;1078559;1166;21;0;0
FR;4;2021-11-19;89;21;3;0;89;22;1;0;0;1077569;4366;239;2;1078648;1188;22;0;0
FR;4;2021-11-20;78;8;1;0;78;8;0;0;0;1077647;4374;240;2;1078726;1196;22;0;0
FR;4;2021-11-21;69;7;2;0;69;9;0;0;0;1077716;4381;242;2;1078795;1205;22;0;0
FR;4;2021-11-22;109;28;9;0;110;33;2;0;0;1077825;4409;251;2;1078905;1238;24;0;0
FR;4;2021-11-23;78;31;6;0;79;29;2;0;0;1077903;4440;257;2;1078984;1267;26;0;0
FR;4;2021-11-24;91;23;12;0;93;25;4;0;0;1077994;4463;269;2;1079077;1292;30;0;0
FR;4;2021-11-25;96;28;19;0;97;35;5;0;0;1078090;4491;288;2;1079174;1327;35;0;0
FR;4;2021-11-26;86;43;12;0;90;45;3;0;0;1078176;4534;300;2;1079264;1372;38;0;0
FR;4;2021-11-27;42;22;15;0;42;25;10;0;0;1078218;4556;315;2;1079306;1397;48;0;0
FR;4;2021-11-28;53;8;0;0;54;7;0;0;0;1078271;4564;315;2;1079360;1404;48;0;0
FR;4;2021-11-29;90;31;16;0;90;40;2;0;0;1078361;4595;331;2;1079450;1444;50;0;0
FR;4;2021-11-30;77;37;13;0;77;42;2;0;0;1078438;4632;344;2;1079527;1486;52;0;0
FR;4;2021-12-01;88;60;19;0;88;67;11;0;0;1078526;4692;363;2;1079615;1553;63;0;0
FR;4;2021-12-02;114;48;21;0;118;56;3;0;0;1078640;4740;384;2;1079733;1609;66;0;0
FR;4;2021-12-03;105;36;15;0;105;44;4;0;0;1078745;4776;399;2;1079838;1653;70;0;0
FR;4;2021-12-04;73;31;18;0;75;44;1;0;0;1078818;4807;417;2;1079913;1697;71;0;0
FR;4;2021-12-05;64;7;1;0;65;7;0;0;0;1078882;4814;418;2;1079978;1704;71;0;0
FR;4;2021-12-06;112;46;20;0;112;60;3;0;0;1078994;4860;438;2;1080090;1764;74;0;0
FR;4;2021-12-07;85;37;9;0;88;36;3;0;0;1079079;4897;447;2;1080178;1800;77;0;0
FR;4;2021-12-08;74;31;17;0;76;38;7;0;0;1079153;4928;464;2;1080254;1838;84;0;0
FR;4;2021-12-09;65;32;10;1;65;39;3;0;0;1079218;4960;474;3;1080319;1877;87;0;0
FR;4;2021-12-10;64;64;20;0;65;68;10;0;0;1079282;5024;494;3;1080384;1945;97;0;0
FR;4;2021-12-11;30;34;7;0;30;34;3;0;0;1079312;5058;501;3;1080414;1979;100;0;0
FR;4;2021-12-12;30;12;3;0;30;15;0;0;0;1079342;5070;504;3;1080444;1994;100;0;0
FR;4;2021-12-13;78;40;14;0;80;49;2;0;0;1079420;5110;518;3;1080524;2043;102;0;0
FR;4;2021-12-14;61;43;18;0;62;55;2;0;0;1079481;5153;536;3;1080586;2098;104;0;0
FR;4;2021-12-15;68;65;29;0;68;86;6;0;0;1079549;5218;565;3;1080654;2184;110;0;0
FR;4;2021-12-16;35;45;18;0;36;58;3;0;0;1079584;5263;583;3;1080690;2242;113;0;0
FR;4;2021-12-17;39;55;11;0;39;59;6;0;0;1079623;5318;594;3;1080729;2301;119;0;0
FR;4;2021-12-18;49;31;3;0;50;33;0;0;0;1079672;5349;597;3;1080779;2334;119;0;0
FR;4;2021-12-19;16;4;1;0;17;4;0;0;0;1079688;5353;598;3;1080796;2338;119;0;0
FR;4;2021-12-20;45;38;10;0;46;41;6;0;0;1079733;5391;608;3;1080842;2379;125;0;0
FR;4;2021-12-21;32;32;17;0;34;39;5;0;0;1079765;5423;625;3;1080876;2418;130;0;0
FR;4;2021-12-22;37;39;10;0;38;39;7;0;0;1079802;5462;635;3;1080914;2457;137;0;0
FR;4;2021-12-23;41;45;8;0;41;49;2;0;0;1079843;5507;643;3;1080955;2506;139;0;0
FR;4;2021-12-24;24;28;10;0;26;31;4;0;0;1079867;5535;653;3;1080981;2537;143;0;0
FR;4;2021-12-25;7;3;3;0;7;4;2;0;0;1079874;5538;656;3;1080988;2541;145;0;0
FR;4;2021-12-26;5;3;1;0;6;2;0;0;0;1079879;5541;657;3;1080994;2543;145;0;0
FR;4;2021-12-27;31;41;9;0;32;43;4;0;0;1079910;5582;666;3;1081026;2586;149;0;0
FR;4;2021-12-28;27;28;7;0;29;29;4;0;0;1079937;5610;673;3;1081055;2615;153;0;0
FR;4;2021-12-29;56;25;11;0;57;30;5;0;0;1079993;5635;684;3;1081112;2645;158;0;0
FR;4;2021-12-30;48;19;12;0;51;22;5;0;0;1080041;5654;696;3;1081163;2667;163;0;0
FR;4;2021-12-31;20;6;8;0;21;11;2;0;0;1080061;5660;704;3;1081184;2678;165;0;0
FR;4;2022-01-01;6;4;5;0;6;7;1;0;0;1080067;5664;709;3;1081190;2685;166;0;0
FR;4;2022-01-02;43;5;16;0;43;20;1;0;0;1080110;5669;725;3;1081233;2705;167;0;0
FR;4;2022-01-03;45;55;25;1;47;65;10;0;0;1080155;5724;750;4;1081280;2770;177;0;0
FR;4;2022-01-04;44;28;16;0;45;33;8;0;0;1080199;5752;766;4;1081325;2803;185;0;0
FR;4;2022-01-05;52;24;19;0;58;27;9;0;0;1080251;5776;785;4;1081383;2830;194;0;0
FR;4;2022-01-06;52;24;24;0;52;40;8;0;0;1080303;5800;809;4;1081435;2870;202;0;0
FR;4;2022-01-07;31;20;16;0;33;21;12;0;0;1080334;5820;825;4;1081468;2891;214;0;0
FR;4;2022-01-08;13;6;10;0;14;12;3;0;0;1080347;5826;835;4;1081482;2903;217;0;0
FR;4;2022-01-09;20;2;3;0;21;4;0;0;0;1080367;5828;838;4;1081503;2907;217;0;0
FR;4;2022-01-10;52;22;19;0;52;36;4;0;0;1080419;5850;857;4;1081555;2943;221;0;0
FR;4;2022-01-11;30;31;12;0;34;35;1;0;0;1080449;5881;869;4;1081589;2978;222;0;0
FR;4;2022-01-12;35;21;13;0;37;23;9;0;0;1080484;5902;882;4;1081626;3001;231;0;0
FR;4;2022-01-13;55;20;27;0;56;38;8;0;0;1080539;5922;909;4;1081682;3039;239;0;0
FR;4;2022-01-14;25;32;13;0;26;35;7;0;0;1080564;5954;922;4;1081708;3074;246;0;0
FR;4;2022-01-15;15;6;8;0;16;12;1;0;0;1080579;5960;930;4;1081724;3086;247;0;0
FR;4;2022-01-16;13;9;14;0;13;22;1;0;0;1080592;5969;944;4;1081737;3108;248;0;0
FR;4;2022-01-17;27;20;15;0;27;29;5;0;0;1080619;5989;959;4;1081764;3137;253;0;0
FR;4;2022-01-18;17;14;10;0;17;21;3;0;0;1080636;6003;969;4;1081781;3158;256;0;0
FR;4;2022-01-19;33;23;13;0;33;34;1;0;0;1080669;6026;982;4;1081814;3192;257;0;0
FR;4;2022-01-20;34;34;13;0;36;39;5;0;0;1080703;6060;995;4;1081850;3231;262;0;0
FR;4;2022-01-21;13;12;20;1;13;17;15;0;1;1080716;6072;1015;5;1081863;3248;277;0;1
FR;4;2022-01-22;30;13;3;0;30;14;2;0;0;1080746;6085;1018;5;1081893;3262;279;0;1
FR;4;2022-01-23;8;2;7;0;8;9;0;0;0;1080754;6087;1025;5;1081901;3271;279;0;1
FR;4;2022-01-24;14;21;9;0;15;28;1;0;0;1080768;6108;1034;5;1081916;3299;280;0;1
FR;4;2022-01-25;22;32;10;1;23;38;3;0;0;1080790;6140;1044;6;1081939;3337;283;0;1
FR;4;2022-01-26;20;17;9;1;21;21;4;0;0;1080810;6157;1053;7;1081960;3358;287;0;1
FR;4;2022-01-27;22;19;8;0;23;25;1;0;0;1080832;6176;1061;7;1081983;3383;288;0;1
FR;4;2022-01-28;14;23;8;0;15;26;4;0;0;1080846;6199;1069;7;1081998;3409;292;0;1
FR;4;2022-01-29;17;6;5;0;17;10;0;0;0;1080863;6205;1074;7;1082015;3419;292;0;1
FR;4;2022-01-30;19;3;2;0;19;5;0;0;0;1080882;6208;1076;7;1082034;3424;292;0;1
FR;4;2022-01-31;22;28;8;0;22;32;2;0;0;1080904;6236;1084;7;1082056;3456;294;0;1
FR;4;2022-02-01;13;24;13;0;15;25;9;0;0;1080917;6260;1097;7;1082071;3481;303;0;1
FR;4;2022-02-02;19;12;14;2;20;20;7;0;0;1080936;6272;1111;9;1082091;3501;310;0;1
FR;4;2022-02-03;16;24;11;0;18;29;4;0;0;1080952;6296;1122;9;1082109;3530;314;0;1
FR;4;2022-02-04;7;5;7;0;7;9;3;0;0;1080959;6301;1129;9;1082116;3539;317;0;1
FR;4;2022-02-05;7;14;1;0;8;13;1;0;0;1080966;6315;1130;9;1082124;3552;318;0;1
FR;4;2022-02-06;8;4;4;0;8;7;1;0;0;1080974;6319;1134;9;1082132;3559;319;0;1
FR;4;2022-02-07;15;20;8;0;17;20;6;0;0;1080989;6339;1142;9;1082149;3579;325;0;1
FR;4;2022-02-08;20;21;13;1;22;22;10;0;0;1081009;6360;1155;10;1082171;3601;335;0;1
FR;4;2022-02-09;18;12;9;0;19;17;2;0;0;1081027;6372;1164;10;1082190;3618;337;0;1
FR;4;2022-02-10;23;23;10;0;24;25;7;0;0;1081050;6395;1174;10;1082214;3643;344;0;1
FR;4;2022-02-11;18;15;8;0;18;20;3;0;0;1081068;6410;1182;10;1082232;3663;347;0;1
FR;4;2022-02-12;24;6;3;0;26;7;0;0;0;1081092;6416;1185;10;1082258;3670;347;0;1
FR;4;2022-02-13;7;3;3;0;7;6;0;0;0;1081099;6419;1188;10;1082265;3676;347;0;1
FR;4;2022-02-14;22;10;10;0;22;16;4;0;0;1081121;6429;1198;10;1082287;3692;351;0;1
FR;4;2022-02-15;18;7;2;0;18;8;0;0;0;1081139;6436;1200;10;1082305;3700;351;0;1
FR;4;2022-02-16;17;11;11;0;17;18;3;0;0;1081156;6447;1211;10;1082322;3718;354;0;1
FR;4;2022-02-17;11;4;5;0;11;7;2;0;0;1081167;6451;1216;10;1082333;3725;356;0;1
FR;4;2022-02-18;16;15;8;0;16;21;2;0;0;1081183;6466;1224;10;1082349;3746;358;0;1
FR;4;2022-02-19;16;4;2;0;17;5;0;0;0;1081199;6470;1226;10;1082366;3751;358;0;1
FR;4;2022-02-20;9;4;0;0;10;3;0;0;0;1081208;6474;1226;10;1082376;3754;358;0;1
FR;4;2022-02-21;24;5;4;0;24;7;2;0;0;1081232;6479;1230;10;1082400;3761;360;0;1
FR;4;2022-02-22;8;5;10;0;9;10;4;0;0;1081240;6484;1240;10;1082409;3771;364;0;1
FR;4;2022-02-23;17;6;10;0;17;10;5;0;0;1081257;6490;1250;10;1082426;3781;369;0;1
FR;4;2022-02-24;11;5;4;0;11;7;2;0;0;1081268;6495;1254;10;1082437;3788;371;0;1
FR;4;2022-02-25;17;5;7;0;17;6;6;0;0;1081285;6500;1261;10;1082454;3794;377;0;1
FR;4;2022-02-26;27;3;1;0;27;4;0;0;0;1081312;6503;1262;10;1082481;3798;377;0;1
FR;4;2022-02-27;9;0;1;0;9;1;0;0;0;1081321;6503;1263;10;1082490;3799;377;0;1
FR;4;2022-02-28;18;3;2;0;19;3;1;0;0;1081339;6506;1265;10;1082509;3802;378;0;1
FR;4;2022-03-01;8;4;7;0;8;5;5;0;0;1081347;6510;1272;10;1082517;3807;383;0;1
FR;4;2022-03-02;16;3;5;0;17;6;1;0;0;1081363;6513;1277;10;1082534;3813;384;0;1
FR;4;2022-03-03;19;5;3;0;19;6;1;0;0;1081382;6518;1280;10;1082553;3819;385;0;1
FR;4;2022-03-04;7;8;2;1;7;6;3;0;0;1081389;6526;1282;11;1082560;3825;388;0;1
FR;4;2022-03-05;9;2;0;0;9;2;0;0;0;1081398;6528;1282;11;1082569;3827;388;0;1
FR;4;2022-03-06;4;0;1;0;4;1;0;0;0;1081402;6528;1283;11;1082573;3828;388;0;1
FR;4;2022-03-07;11;6;2;0;11;5;2;0;0;1081413;6534;1285;11;1082584;3833;390;0;1
FR;4;2022-03-08;15;3;0;0;15;3;0;0;0;1081428;6537;1285;11;1082599;3836;390;0;1
FR;4;2022-03-09;9;7;2;0;11;7;0;0;0;1081437;6544;1287;11;1082610;3843;390;0;1
FR;4;2022-03-10;6;1;6;0;6;3;4;0;0;1081443;6545;1293;11;1082616;3846;394;0;1
FR;4;2022-03-11;10;4;5;0;12;2;5;0;0;1081453;6549;1298;11;1082628;3848;399;0;1
FR;4;2022-03-12;10;2;0;0;11;0;0;0;0;1081463;6551;1298;11;1082639;3848;399;0;1
FR;4;2022-03-13;6;2;1;0;7;2;0;0;0;1081469;6553;1299;11;1082646;3850;399;0;1
FR;4;2022-03-14;4;3;1;0;5;3;0;0;0;1081473;6556;1300;11;1082651;3853;399;0;1
FR;4;2022-03-15;8;8;3;0;10;7;2;0;0;1081481;6564;1303;11;1082661;3860;401;0;1
FR;4;2022-03-16;7;3;4;0;7;4;3;0;0;1081488;6567;1307;11;1082668;3864;404;0;1
FR;4;2022-03-17;4;4;1;0;4;5;0;0;0;1081492;6571;1308;11;1082672;3869;404;0;1
FR;4;2022-03-18;9;3;0;0;9;3;0;0;0;1081501;6574;1308;11;1082681;3872;404;0;1
FR;4;2022-03-19;1;1;1;0;1;2;0;0;0;1081502;6575;1309;11;1082682;3874;404;0;1
FR;4;2022-03-20;3;1;2;0;3;2;1;0;0;1081505;6576;1311;11;1082685;3876;405;0;1
FR;4;2022-03-21;6;4;1;0;6;5;0;0;0;1081511;6580;1312;11;1082691;3881;405;0;1
FR;4;2022-03-22;4;2;2;0;4;3;1;0;0;1081515;6582;1314;11;1082695;3884;406;0;1
FR;4;2022-03-23;6;4;5;0;6;8;1;0;0;1081521;6586;1319;11;1082701;3892;407;0;1
FR;4;2022-03-24;2;5;3;1;2;7;2;0;0;1081523;6591;1322;12;1082703;3899;409;0;1
FR;4;2022-03-25;4;1;2;0;4;1;2;0;0;1081527;6592;1324;12;1082707;3900;411;0;1
FR;4;2022-03-26;5;5;0;0;5;5;0;0;0;1081532;6597;1324;12;1082712;3905;411;0;1
FR;4;2022-03-27;1;0;3;0;1;2;1;0;0;1081533;6597;1327;12;1082713;3907;412;0;1
FR;4;2022-03-28;6;1;3;0;7;3;0;0;0;1081539;6598;1330;12;1082720;3910;412;0;1
FR;4;2022-03-29;9;0;4;1;9;0;2;0;0;1081548;6598;1334;13;1082729;3910;414;0;1
FR;4;2022-03-30;3;4;0;0;3;4;0;0;0;1081551;6602;1334;13;1082732;3914;414;0;1
FR;4;2022-03-31;5;3;2;1;5;4;1;0;0;1081556;6605;1336;14;1082737;3918;415;0;1
FR;4;2022-04-01;15;3;5;0;15;6;2;0;0;1081571;6608;1341;14;1082752;3924;417;0;1
FR;4;2022-04-02;4;4;0;0;5;3;0;0;0;1081575;6612;1341;14;1082757;3927;417;0;1
FR;4;2022-04-03;0;1;0;0;0;1;0;0;0;1081575;6613;1341;14;1082757;3928;417;0;1
FR;4;2022-04-04;4;4;4;0;5;5;2;0;0;1081579;6617;1345;14;1082762;3933;419;0;1
FR;4;2022-04-05;4;3;3;1;5;3;3;0;0;1081583;6620;1348;15;1082767;3936;422;0;1
FR;4;2022-04-06;6;1;0;0;6;1;0;0;0;1081589;6621;1348;15;1082773;3937;422;0;1
FR;4;2022-04-07;3;2;3;2;3;5;0;0;0;1081592;6623;1351;17;1082776;3942;422;0;1
FR;4;2022-04-08;4;2;1;0;4;2;1;0;0;1081596;6625;1352;17;1082780;3944;423;0;1
FR;4;2022-04-09;0;0;1;1;0;1;1;0;0;1081596;6625;1353;18;1082780;3945;424;0;1
FR;4;2022-04-10;2;2;0;0;2;2;0;0;0;1081598;6627;1353;18;1082782;3947;424;0;1
FR;4;2022-04-11;4;3;4;0;4;5;2;0;0;1081602;6630;1357;18;1082786;3952;426;0;1
FR;4;2022-04-12;6;1;4;0;6;2;3;0;0;1081608;6631;1361;18;1082792;3954;429;0;1
FR;4;2022-04-13;5;8;2;1;5;10;1;0;0;1081613;6639;1363;19;1082797;3964;430;0;1
FR;4;2022-04-14;6;4;2;1;7;5;1;0;0;1081619;6643;1365;20;1082804;3969;431;0;1
FR;4;2022-04-15;7;9;1;0;7;10;0;0;0;1081626;6652;1366;20;1082811;3979;431;0;1
FR;4;2022-04-16;1;0;0;0;1;0;0;0;0;1081627;6652;1366;20;1082812;3979;431;0;1
FR;4;2022-04-17;3;2;1;0;3;3;0;0;0;1081630;6654;1367;20;1082815;3982;431;0;1
FR;4;2022-04-18;2;2;6;0;2;4;4;0;0;1081632;6656;1373;20;1082817;3986;435;0;1
FR;4;2022-04-19;3;1;1;0;3;1;1;0;0;1081635;6657;1374;20;1082820;3987;436;0;1
FR;4;2022-04-20;15;4;1;1;16;3;1;0;0;1081650;6661;1375;21;1082836;3990;437;0;1
FR;4;2022-04-21;7;1;0;0;7;1;0;0;0;1081657;6662;1375;21;1082843;3991;437;0;1
FR;4;2022-04-22;1;1;2;0;1;2;1;0;0;1081658;6663;1377;21;1082844;3993;438;0;1
FR;4;2022-04-23;2;3;3;0;2;6;0;0;0;1081660;6666;1380;21;1082846;3999;438;0;1
FR;4;2022-04-24;0;3;0;0;0;3;0;0;0;1081660;6669;1380;21;1082846;4002;438;0;1
FR;4;2022-04-25;3;5;3;0;3;8;0;0;0;1081663;6674;1383;21;1082849;4010;438;0;1
FR;4;2022-04-26;5;6;1;0;5;6;1;0;0;1081668;6680;1384;21;1082854;4016;439;0;1
FR;4;2022-04-27;4;1;1;2;5;1;2;0;0;1081672;6681;1385;23;1082859;4017;441;0;1
FR;4;2022-04-28;3;5;5;1;3;7;4;0;0;1081675;6686;1390;24;1082862;4024;445;0;1
FR;4;2022-04-29;6;3;0;0;6;2;0;0;0;1081681;6689;1390;24;1082868;4026;445;0;1
FR;4;2022-04-30;2;1;1;0;2;2;0;0;0;1081683;6690;1391;24;1082870;4028;445;0;1
FR;4;2022-05-01;0;0;0;0;0;0;0;0;0;1081683;6690;1391;24;1082870;4028;445;0;1
FR;4;2022-05-02;5;16;6;0;5;19;3;0;0;1081688;6706;1397;24;1082875;4047;448;0;1
FR;4;2022-05-03;2;6;2;0;2;7;1;0;0;1081690;6712;1399;24;1082877;4054;449;0;1
FR;4;2022-05-04;7;4;1;0;7;4;1;0;0;1081697;6716;1400;24;1082884;4058;450;0;1
FR;4;2022-05-05;5;2;1;1;6;1;2;0;0;1081702;6718;1401;25;1082890;4059;452;0;1
FR;4;2022-05-06;5;3;1;0;6;2;1;0;0;1081707;6721;1402;25;1082896;4061;453;0;1
FR;4;2022-05-07;0;1;0;0;0;1;0;0;0;1081707;6722;1402;25;1082896;4062;453;0;1
FR;4;2022-05-08;1;1;0;0;1;1;0;0;0;1081708;6723;1402;25;1082897;4063;453;0;1
FR;4;2022-05-09;5;1;0;1;5;1;1;0;0;1081713;6724;1402;26;1082902;4064;454;0;1
FR;4;2022-05-10;3;1;0;2;3;3;0;0;0;1081716;6725;1402;28;1082905;4067;454;0;1
FR;4;2022-05-11;4;2;4;0;4;5;1;0;0;1081720;6727;1406;28;1082909;4072;455;0;1
FR;4;2022-05-12;7;4;2;1;7;5;1;0;1;1081727;6731;1408;29;1082916;4077;456;0;2
FR;4;2022-05-13;1;0;2;0;1;2;0;0;0;1081728;6731;1410;29;1082917;4079;456;0;2
FR;4;2022-05-14;0;2;0;0;0;2;0;0;0;1081728;6733;1410;29;1082917;4081;456;0;2
FR;4;2022-05-15;2;2;0;0;4;0;0;0;0;1081730;6735;1410;29;1082921;4081;456;0;2
FR;4;2022-05-16;5;2;2;0;5;2;2;0;0;1081735;6737;1412;29;1082926;4083;458;0;2
FR;4;2022-05-17;5;1;2;0;5;3;0;0;0;1081740;6738;1414;29;1082931;4086;458;0;2
FR;4;2022-05-18;3;6;0;0;3;6;0;0;0;1081743;6744;1414;29;1082934;4092;458;0;2
FR;4;2022-05-19;2;3;3;0;2;5;1;0;0;1081745;6747;1417;29;1082936;4097;459;0;2
FR;4;2022-05-20;5;2;3;0;5;2;3;0;0;1081750;6749;1420;29;1082941;4099;462;0;2
FR;4;2022-05-21;2;0;1;0;2;1;0;0;0;1081752;6749;1421;29;1082943;4100;462;0;2
FR;4;2022-05-22;0;0;1;0;0;1;0;0;0;1081752;6749;1422;29;1082943;4101;462;0;2
FR;4;2022-05-23;0;0;2;0;0;0;2;0;0;1081752;6749;1424;29;1082943;4101;464;0;2
FR;4;2022-05-24;2;4;1;0;2;5;0;0;0;1081754;6753;1425;29;1082945;4106;464;0;2
FR;4;2022-05-25;1;4;1;0;3;3;0;0;0;1081755;6757;1426;29;1082948;4109;464;0;2
FR;4;2022-05-26;5;0;1;0;5;1;0;0;0;1081760;6757;1427;29;1082953;4110;464;0;2
FR;4;2022-05-27;0;2;1;1;0;3;1;0;0;1081760;6759;1428;30;1082953;4113;465;0;2
FR;4;2022-05-28;1;0;0;0;1;0;0;0;0;1081761;6759;1428;30;1082954;4113;465;0;2
FR;4;2022-05-29;1;0;1;0;1;1;0;0;0;1081762;6759;1429;30;1082955;4114;465;0;2
FR;4;2022-05-30;3;4;2;0;3;5;1;0;0;1081765;6763;1431;30;1082958;4119;466;0;2
FR;4;2022-05-31;2;1;0;0;2;1;0;0;0;1081767;6764;1431;30;1082960;4120;466;0;2
FR;4;2022-06-01;3;11;7;0;3;15;3;0;0;1081770;6775;1438;30;1082963;4135;469;0;2
FR;4;2022-06-02;6;7;3;0;6;7;2;0;0;1081776;6782;1441;30;1082969;4142;471;0;2
FR;4;2022-06-03;2;6;4;1;2;7;4;0;0;1081778;6788;1445;31;1082971;4149;475;0;2
FR;4;2022-06-04;0;1;1;1;0;1;2;0;0;1081778;6789;1446;32;1082971;4150;477;0;2
FR;4;2022-06-05;1;0;0;0;1;0;0;0;0;1081779;6789;1446;32;1082972;4150;477;0;2
FR;4;2022-06-06;8;0;3;0;8;2;1;0;0;1081787;6789;1449;32;1082980;4152;478;0;2
FR;4;2022-06-07;7;2;0;1;7;2;1;0;0;1081794;6791;1449;33;1082987;4154;479;0;2
FR;4;2022-06-08;0;5;3;0;1;7;0;0;0;1081794;6796;1452;33;1082988;4161;479;0;2
FR;4;2022-06-09;1;2;0;0;2;1;0;0;0;1081795;6798;1452;33;1082990;4162;479;0;2
FR;4;2022-06-10;4;0;3;0;4;1;2;0;0;1081799;6798;1455;33;1082994;4163;481;0;2
FR;4;2022-06-11;1;0;0;0;1;0;0;0;0;1081800;6798;1455;33;1082995;4163;481;0;2
FR;4;2022-06-12;4;1;1;0;4;2;0;0;0;1081804;6799;1456;33;1082999;4165;481;0;2
FR;4;2022-06-13;6;2;3;0;7;2;1;0;0;1081810;6801;1459;33;1083006;4167;482;0;2
FR;4;2022-06-14;4;3;0;0;5;2;0;0;0;1081814;6804;1459;33;1083011;4169;482;0;2
FR;4;2022-06-15;10;3;4;0;10;3;4;0;0;1081824;6807;1463;33;1083021;4172;486;0;2
FR;4;2022-06-16;2;3;1;1;3;2;1;0;1;1081826;6810;1464;34;1083024;4174;487;0;3
FR;4;2022-06-17;6;1;0;0;6;1;0;0;0;1081832;6811;1464;34;1083030;4175;487;0;3
FR;4;2022-06-18;0;0;0;0;0;0;0;0;0;1081832;6811;1464;34;1083030;4175;487;0;3
FR;4;2022-06-19;3;0;0;0;3;0;0;0;0;1081835;6811;1464;34;1083033;4175;487;0;3
FR;4;2022-06-20;6;2;2;1;6;3;2;0;0;1081841;6813;1466;35;1083039;4178;489;0;3
FR;4;2022-06-21;5;2;4;1;6;4;2;0;0;1081846;6815;1470;36;1083045;4182;491;0;3
FR;4;2022-06-22;3;2;1;3;4;2;1;0;0;1081849;6817;1471;39;1083049;4184;492;0;3
FR;4;2022-06-23;3;3;3;0;3;5;1;0;0;1081852;6820;1474;39;1083052;4189;493;0;3
FR;4;2022-06-24;3;0;2;0;3;0;2;0;0;1081855;6820;1476;39;1083055;4189;495;0;3
FR;4;2022-06-25;3;0;1;1;3;1;1;0;0;1081858;6820;1477;40;1083058;4190;496;0;3
FR;4;2022-06-26;0;0;2;0;0;2;0;0;0;1081858;6820;1479;40;1083058;4192;496;0;3
FR;4;2022-06-27;2;2;1;3;2;3;3;0;0;1081860;6822;1480;43;1083060;4195;499;0;3
FR;4;2022-06-28;0;4;2;1;0;5;2;0;0;1081860;6826;1482;44;1083060;4200;501;0;3
FR;4;2022-06-29;1;2;0;0;1;2;0;0;0;1081861;6828;1482;44;1083061;4202;501;0;3
FR;4;2022-06-30;2;0;0;0;2;0;0;0;0;1081863;6828;1482;44;1083063;4202;501;0;3
FR;4;2022-07-01;2;4;8;0;2;4;8;0;0;1081865;6832;1490;44;1083065;4206;509;0;3
FR;4;2022-07-02;0;1;0;0;1;0;0;0;0;1081865;6833;1490;44;1083066;4206;509;0;3
FR;4;2022-07-03;0;0;0;0;0;0;0;0;0;1081865;6833;1490;44;1083066;4206;509;0;3
FR;4;2022-07-04;4;1;0;0;4;1;0;0;0;1081869;6834;1490;44;1083070;4207;509;0;3
FR;4;2022-07-05;4;1;3;0;4;3;1;0;0;1081873;6835;1493;44;1083074;4210;510;0;3
FR;4;2022-07-06;5;0;1;1;5;0;1;0;1;1081878;6835;1494;45;1083079;4210;511;0;4
FR;4;2022-07-07;2;1;2;1;2;1;3;0;0;1081880;6836;1496;46;1083081;4211;514;0;4
FR;4;2022-07-08;4;1;0;0;4;1;0;0;0;1081884;6837;1496;46;1083085;4212;514;0;4
FR;4;2022-07-09;2;2;1;0;2;3;0;0;0;1081886;6839;1497;46;1083087;4215;514;0;4
FR;4;2022-07-10;2;0;1;0;2;0;0;0;0;1081888;6839;1498;46;1083089;4215;514;0;4
FR;4;2022-07-11;3;0;2;0;3;0;1;0;0;1081891;6839;1500;46;1083092;4215;515;0;4
FR;4;2022-07-12;0;0;2;0;0;2;0;0;0;1081891;6839;1502;46;1083092;4217;515;0;4
FR;4;2022-07-13;3;2;3;1;3;2;4;0;0;1081894;6841;1505;47;1083095;4219;519;0;4
FR;4;2022-07-14;6;0;1;0;6;0;1;0;0;1081900;6841;1506;47;1083101;4219;520;0;4
FR;4;2022-07-15;11;2;0;0;11;2;0;0;0;1081911;6843;1506;47;1083112;4221;520;0;4
FR;4;2022-07-16;5;0;0;2;5;0;2;0;0;1081916;6843;1506;49;1083117;4221;522;0;4
FR;4;2022-07-17;1;0;1;1;1;0;2;0;0;1081917;6843;1507;50;1083118;4221;524;0;4
FR;4;2022-07-18;3;3;2;0;3;3;2;0;0;1081920;6846;1509;50;1083121;4224;526;0;4
FR;4;2022-07-19;5;0;1;0;5;1;0;0;0;1081925;6846;1510;50;1083126;4225;526;0;4
FR;4;2022-07-20;12;2;1;0;13;2;0;0;0;1081937;6848;1511;50;1083139;4227;526;0;4
FR;4;2022-07-21;2;3;1;0;2;3;1;0;0;1081939;6851;1512;50;1083141;4230;527;0;4
FR;4;2022-07-22;5;1;3;0;5;2;2;0;0;1081944;6852;1515;50;1083146;4232;529;0;4
FR;4;2022-07-23;1;2;0;0;1;1;0;0;0;1081945;6854;1515;50;1083147;4233;529;0;4
FR;4;2022-07-24;1;0;0;0;1;0;0;0;0;1081946;6854;1515;50;1083148;4233;529;0;4
FR;4;2022-07-25;7;0;2;0;7;2;0;0;0;1081953;6854;1517;50;1083155;4235;529;0;4
FR;4;2022-07-26;2;0;0;0;2;0;0;0;0;1081955;6854;1517;50;1083157;4235;529;0;4
FR;4;2022-07-27;3;1;0;0;3;0;0;0;0;1081958;6855;1517;50;1083160;4235;529;0;4
FR;4;2022-07-28;13;0;0;0;13;0;0;0;0;1081971;6855;1517;50;1083173;4235;529;0;4
FR;4;2022-07-29;3;0;2;0;3;1;1;0;0;1081974;6855;1519;50;1083176;4236;530;0;4
FR;4;2022-07-30;5;0;2;0;5;0;2;0;0;1081979;6855;1521;50;1083181;4236;532;0;4
FR;4;2022-07-31;0;0;0;0;0;0;0;0;0;1081979;6855;1521;50;1083181;4236;532;0;4
FR;4;2022-08-01;4;0;3;0;4;2;1;0;0;1081983;6855;1524;50;1083185;4238;533;0;4
FR;4;2022-08-02;7;0;0;0;7;0;0;0;0;1081990;6855;1524;50;1083192;4238;533;0;4
FR;4;2022-08-03;2;2;1;0;2;2;1;0;0;1081992;6857;1525;50;1083194;4240;534;0;4
FR;4;2022-08-04;5;2;0;1;5;2;1;0;0;1081997;6859;1525;51;1083199;4242;535;0;4
FR;4;2022-08-05;3;1;1;0;3;1;1;0;0;1082000;6860;1526;51;1083202;4243;536;0;4
FR;4;2022-08-06;2;0;0;0;2;0;0;0;0;1082002;6860;1526;51;1083204;4243;536;0;4
FR;4;2022-08-07;5;0;0;0;5;0;0;0;0;1082007;6860;1526;51;1083209;4243;536;0;4
FR;4;2022-08-08;2;0;1;1;2;1;1;0;0;1082009;6860;1527;52;1083211;4244;537;0;4
FR;4;2022-08-09;1;1;2;2;1;2;3;0;0;1082010;6861;1529;54;1083212;4246;540;0;4
FR;4;2022-08-10;6;1;1;0;7;1;0;0;0;1082016;6862;1530;54;1083219;4247;540;0;4
FR;4;2022-08-11;2;0;1;0;2;1;0;0;0;1082018;6862;1531;54;1083221;4248;540;0;4
FR;4;2022-08-12;4;0;1;0;4;0;1;0;0;1082022;6862;1532;54;1083225;4248;541;0;4
FR;4;2022-08-13;1;0;0;0;1;0;0;0;0;1082023;6862;1532;54;1083226;4248;541;0;4
FR;4;2022-08-14;1;0;0;0;1;0;0;0;0;1082024;6862;1532;54;1083227;4248;541;0;4
FR;4;2022-08-15;1;2;3;0;1;2;3;0;0;1082025;6864;1535;54;1083228;4250;544;0;4
FR;4;2022-08-16;0;0;1;0;0;1;0;0;0;1082025;6864;1536;54;1083228;4251;544;0;4
FR;4;2022-08-17;3;0;0;0;3;0;0;0;0;1082028;6864;1536;54;1083231;4251;544;0;4
FR;4;2022-08-18;6;0;0;0;6;0;0;0;0;1082034;6864;1536;54;1083237;4251;544;0;4
FR;4;2022-08-19;5;0;0;0;5;0;0;0;0;1082039;6864;1536;54;1083242;4251;544;0;4
FR;4;2022-08-20;3;1;0;0;4;0;0;0;0;1082042;6865;1536;54;1083246;4251;544;0;4
FR;4;2022-08-21;1;0;0;0;1;0;0;0;0;1082043;6865;1536;54;1083247;4251;544;0;4
FR;4;2022-08-22;3;9;0;0;3;9;0;0;0;1082046;6874;1536;54;1083250;4260;544;0;4
FR;4;2022-08-23;3;3;3;0;3;4;2;0;0;1082049;6877;1539;54;1083253;4264;546;0;4
FR;4;2022-08-24;6;0;0;1;6;0;1;0;0;1082055;6877;1539;55;1083259;4264;547;0;4
FR;4;2022-08-25;1;3;2;0;1;4;1;0;0;1082056;6880;1541;55;1083260;4268;548;0;4
FR;4;2022-08-26;6;0;0;1;6;0;1;0;0;1082062;6880;1541;56;1083266;4268;549;0;4
FR;4;2022-08-27;1;0;0;0;1;0;0;0;0;1082063;6880;1541;56;1083267;4268;549;0;4
FR;4;2022-08-28;0;1;0;0;0;0;0;0;0;1082063;6881;1541;56;1083267;4268;549;0;4
FR;4;2022-08-29;8;0;0;0;8;0;0;0;0;1082071;6881;1541;56;1083275;4268;549;0;4
FR;4;2022-08-30;5;1;0;0;5;1;0;0;0;1082076;6882;1541;56;1083280;4269;549;0;4
FR;4;2022-08-31;3;1;0;0;3;1;0;0;0;1082079;6883;1541;56;1083283;4270;549;0;4
FR;4;2022-09-01;4;8;2;0;5;7;2;0;0;1082083;6891;1543;56;1083288;4277;551;0;4
FR;4;2022-09-02;2;2;1;0;3;2;0;0;0;1082085;6893;1544;56;1083291;4279;551;0;4
FR;4;2022-09-03;3;0;0;0;3;0;0;0;0;1082088;6893;1544;56;1083294;4279;551;0;4
FR;4;2022-09-04;1;0;0;0;1;0;0;0;0;1082089;6893;1544;56;1083295;4279;551;0;4
FR;4;2022-09-05;4;2;0;0;4;2;0;0;0;1082093;6895;1544;56;1083299;4281;551;0;4
FR;4;2022-09-06;1;0;0;0;1;0;0;0;0;1082094;6895;1544;56;1083300;4281;551;0;4
FR;4;2022-09-07;2;0;1;1;2;1;1;0;0;1082096;6895;1545;57;1083302;4282;552;0;4
FR;4;2022-09-08;3;0;0;0;3;0;0;0;0;1082099;6895;1545;57;1083305;4282;552;0;4
FR;4;2022-09-09;2;2;0;0;2;2;0;0;0;1082101;6897;1545;57;1083307;4284;552;0;4
FR;4;2022-09-10;0;1;0;3;0;2;2;0;0;1082101;6898;1545;60;1083307;4286;554;0;4
FR;4;2022-09-11;2;0;0;0;2;0;0;0;0;1082103;6898;1545;60;1083309;4286;554;0;4
FR;4;2022-09-12;1;1;1;0;1;1;1;0;0;1082104;6899;1546;60;1083310;4287;555;0;4
FR;4;2022-09-13;1;0;0;0;1;0;0;0;0;1082105;6899;1546;60;1083311;4287;555;0;4
FR;4;2022-09-14;4;0;0;0;4;0;0;0;0;1082109;6899;1546;60;1083315;4287;555;0;4
FR;4;2022-09-15;4;0;0;0;4;0;0;0;0;1082113;6899;1546;60;1083319;4287;555;0;4
FR;4;2022-09-16;1;0;0;0;1;0;0;0;0;1082114;6899;1546;60;1083320;4287;555;0;4
FR;4;2022-09-17;2;0;0;0;2;0;0;0;0;1082116;6899;1546;60;1083322;4287;555;0;4
FR;4;2022-09-18;0;1;0;0;0;1;0;0;0;1082116;6900;1546;60;1083322;4288;555;0;4
FR;4;2022-09-19;4;0;2;0;4;2;0;0;0;1082120;6900;1548;60;1083326;4290;555;0;4
FR;4;2022-09-20;4;0;0;0;4;0;0;0;0;1082124;6900;1548;60;1083330;4290;555;0;4
FR;4;2022-09-21;2;1;0;0;2;1;0;0;0;1082126;6901;1548;60;1083332;4291;555;0;4
FR;4;2022-09-22;2;1;0;0;2;1;0;0;0;1082128;6902;1548;60;1083334;4292;555;0;4
FR;4;2022-09-23;2;3;0;0;3;2;0;0;0;1082130;6905;1548;60;1083337;4294;555;0;4
FR;4;2022-09-24;1;0;0;0;1;0;0;0;0;1082131;6905;1548;60;1083338;4294;555;0;4
FR;4;2022-09-25;0;0;0;0;0;0;0;0;0;1082131;6905;1548;60;1083338;4294;555;0;4
FR;4;2022-09-26;2;0;1;0;2;0;1;0;0;1082133;6905;1549;60;1083340;4294;556;0;4
FR;4;2022-09-27;1;0;1;1;1;0;2;0;0;1082134;6905;1550;61;1083341;4294;558;0;4
FR;4;2022-09-28;3;0;2;0;3;2;0;0;0;1082137;6905;1552;61;1083344;4296;558;0;4
FR;4;2022-09-29;5;0;1;1;5;1;1;0;0;1082142;6905;1553;62;1083349;4297;559;0;4
FR;4;2022-09-30;1;1;0;0;1;1;0;0;0;1082143;6906;1553;62;1083350;4298;559;0;4
FR;4;2022-10-01;1;1;0;0;2;0;0;0;0;1082144;6907;1553;62;1083352;4298;559;0;4
FR;4;2022-10-02;0;1;0;0;0;1;0;0;0;1082144;6908;1553;62;1083352;4299;559;0;4
FR;4;2022-10-03;2;3;1;1;3;3;1;0;0;1082146;6911;1554;63;1083355;4302;560;0;4
FR;4;2022-10-04;3;0;0;0;3;0;0;0;0;1082149;6911;1554;63;1083358;4302;560;0;4
FR;4;2022-10-05;0;1;0;0;0;1;0;0;0;1082149;6912;1554;63;1083358;4303;560;0;4
FR;4;2022-10-06;2;0;0;0;2;0;0;0;0;1082151;6912;1554;63;1083360;4303;560;0;4
FR;4;2022-10-07;3;1;1;0;3;1;1;0;0;1082154;6913;1555;63;1083363;4304;561;0;4
FR;4;2022-10-08;4;1;0;0;4;0;0;0;0;1082158;6914;1555;63;1083367;4304;561;0;4
FR;4;2022-10-09;0;0;0;0;0;0;0;0;0;1082158;6914;1555;63;1083367;4304;561;0;4
FR;4;2022-10-10;5;0;2;3;5;2;1;0;2;1082163;6914;1557;66;1083372;4306;562;0;6
FR;4;2022-10-11;2;2;0;0;2;1;0;0;0;1082165;6916;1557;66;1083374;4307;562;0;6
FR;4;2022-10-12;1;0;0;0;1;0;0;0;0;1082166;6916;1557;66;1083375;4307;562;0;6
FR;4;2022-10-13;5;0;0;0;5;0;0;0;0;1082171;6916;1557;66;1083380;4307;562;0;6
FR;4;2022-10-14;1;0;0;0;1;0;0;0;0;1082172;6916;1557;66;1083381;4307;562;0;6
FR;4;2022-10-15;1;2;0;0;1;2;0;0;0;1082173;6918;1557;66;1083382;4309;562;0;6
FR;4;2022-10-16;0;0;0;0;0;0;0;0;0;1082173;6918;1557;66;1083382;4309;562;0;6
FR;4;2022-10-17;3;0;1;0;3;1;0;0;0;1082176;6918;1558;66;1083385;4310;562;0;6
FR;4;2022-10-18;1;0;0;1;1;0;1;0;0;1082177;6918;1558;67;1083386;4310;563;0;6
FR;4;2022-10-19;1;0;0;2;1;0;2;0;3;1082178;6918;1558;69;1083387;4310;565;0;9
FR;4;2022-10-20;4;1;0;0;4;1;0;0;0;1082182;6919;1558;69;1083391;4311;565;0;9
FR;4;2022-10-21;3;1;0;0;3;1;0;0;0;1082185;6920;1558;69;1083394;4312;565;0;9
FR;4;2022-10-22;1;0;0;0;1;0;0;0;0;1082186;6920;1558;69;1083395;4312;565;0;9
FR;4;2022-10-23;0;0;0;0;0;0;0;0;0;1082186;6920;1558;69;1083395;4312;565;0;9
FR;4;2022-10-24;3;0;0;0;3;0;0;0;0;1082189;6920;1558;69;1083398;4312;565;0;9
FR;4;2022-10-25;4;0;0;0;4;0;0;0;0;1082193;6920;1558;69;1083402;4312;565;0;9
FR;4;2022-10-26;2;1;0;0;2;1;0;0;0;1082195;6921;1558;69;1083404;4313;565;0;9
FR;4;2022-10-27;3;1;1;0;3;0;1;0;0;1082198;6922;1559;69;1083407;4313;566;0;9
FR;4;2022-10-28;0;0;0;0;0;0;0;0;0;1082198;6922;1559;69;1083407;4313;566;0;9
FR;4;2022-10-29;1;0;0;3;1;0;3;0;3;1082199;6922;1559;72;1083408;4313;569;0;12
FR;4;2022-10-30;1;0;0;0;1;0;0;0;0;1082200;6922;1559;72;1083409;4313;569;0;12
FR;4;2022-10-31;1;0;0;0;1;0;0;0;0;1082201;6922;1559;72;1083410;4313;569;0;12
FR;4;2022-11-01;1;6;0;0;1;6;0;0;0;1082202;6928;1559;72;1083411;4319;569;0;12
FR;4;2022-11-02;0;0;2;2;0;1;3;0;0;1082202;6928;1561;74;1083411;4320;572;0;12
FR;4;2022-11-03;1;0;0;0;1;0;0;0;0;1082203;6928;1561;74;1083412;4320;572;0;12
FR;4;2022-11-04;4;1;0;0;4;0;0;0;0;1082207;6929;1561;74;1083416;4320;572;0;12
FR;4;2022-11-05;0;0;0;0;0;0;0;0;0;1082207;6929;1561;74;1083416;4320;572;0;12
FR;4;2022-11-06;2;0;0;0;2;0;0;0;0;1082209;6929;1561;74;1083418;4320;572;0;12
FR;4;2022-11-07;2;0;0;0;2;0;0;0;0;1082211;6929;1561;74;1083420;4320;572;0;12
FR;4;2022-11-08;7;0;0;0;7;0;0;0;0;1082218;6929;1561;74;1083427;4320;572;0;12
FR;4;2022-11-09;0;0;0;0;0;0;0;0;0;1082218;6929;1561;74;1083427;4320;572;0;12
FR;4;2022-11-10;2;0;1;0;2;1;0;0;0;1082220;6929;1562;74;1083429;4321;572;0;12
FR;4;2022-11-11;1;0;0;0;1;0;0;0;0;1082221;6929;1562;74;1083430;4321;572;0;12
FR;4;2022-11-12;3;1;0;0;3;1;0;0;0;1082224;6930;1562;74;1083433;4322;572;0;12
FR;4;2022-11-13;2;0;0;0;2;0;0;0;0;1082226;6930;1562;74;1083435;4322;572;0;12
FR;4;2022-11-14;0;1;0;0;0;1;0;0;0;1082226;6931;1562;74;1083435;4323;572;0;12
FR;4;2022-11-15;3;1;0;0;3;1;0;0;0;1082229;6932;1562;74;1083438;4324;572;0;12
FR;4;2022-11-16;1;1;1;0;1;1;1;0;0;1082230;6933;1563;74;1083439;4325;573;0;12
FR;4;2022-11-17;0;2;0;0;0;2;0;0;0;1082230;6935;1563;74;1083439;4327;573;0;12
FR;4;2022-11-18;5;0;1;0;5;0;1;0;0;1082235;6935;1564;74;1083444;4327;574;0;12
FR;4;2022-11-19;0;0;0;0;0;0;0;0;0;1082235;6935;1564;74;1083444;4327;574;0;12
FR;4;2022-11-20;0;0;0;1;0;0;0;0;1;1082235;6935;1564;75;1083444;4327;574;0;13
FR;4;2022-11-21;0;0;0;0;0;0;0;0;0;1082235;6935;1564;75;1083444;4327;574;0;13
FR;4;2022-11-22;0;1;1;0;0;2;0;0;0;1082235;6936;1565;75;1083444;4329;574;0;13
FR;4;2022-11-23;1;0;0;0;1;0;0;0;1;1082236;6936;1565;75;1083445;4329;574;0;14
FR;4;2022-11-24;0;2;0;0;0;2;0;0;0;1082236;6938;1565;75;1083445;4331;574;0;14
FR;4;2022-11-25;3;4;0;0;3;4;0;0;0;1082239;6942;1565;75;1083448;4335;574;0;14
FR;4;2022-11-26;1;0;0;0;1;0;0;0;0;1082240;6942;1565;75;1083449;4335;574;0;14
FR;4;2022-11-27;0;0;0;0;0;0;0;0;0;1082240;6942;1565;75;1083449;4335;574;0;14
FR;4;2022-11-28;4;0;0;0;4;0;0;0;0;1082244;6942;1565;75;1083453;4335;574;0;14
FR;4;2022-11-29;3;0;0;0;3;0;0;0;0;1082247;6942;1565;75;1083456;4335;574;0;14
FR;4;2022-11-30;0;0;0;0;0;0;0;0;0;1082247;6942;1565;75;1083456;4335;574;0;14
FR;4;2022-12-01;1;2;2;0;2;2;1;0;0;1082248;6944;1567;75;1083458;4337;575;0;14
FR;4;2022-12-02;6;1;0;1;6;1;0;0;1;1082254;6945;1567;76;1083464;4338;575;0;15
FR;4;2022-12-03;1;0;0;0;1;0;0;0;0;1082255;6945;1567;76;1083465;4338;575;0;15
FR;4;2022-12-04;0;0;0;0;0;0;0;0;0;1082255;6945;1567;76;1083465;4338;575;0;15
FR;4;2022-12-05;2;1;0;0;2;1;0;0;0;1082257;6946;1567;76;1083467;4339;575;0;15
FR;4;2022-12-06;2;0;0;0;2;0;0;0;0;1082259;6946;1567;76;1083469;4339;575;0;15
FR;4;2022-12-07;2;3;1;0;2;4;0;0;0;1082261;6949;1568;76;1083471;4343;575;0;15
FR;4;2022-12-08;1;0;0;0;1;0;0;0;0;1082262;6949;1568;76;1083472;4343;575;0;15
FR;4;2022-12-09;2;0;1;0;2;0;1;0;0;1082264;6949;1569;76;1083474;4343;576;0;15
FR;4;2022-12-10;1;0;0;0;1;0;0;0;0;1082265;6949;1569;76;1083475;4343;576;0;15
FR;4;2022-12-11;0;0;0;0;0;0;0;0;0;1082265;6949;1569;76;1083475;4343;576;0;15
FR;4;2022-12-12;2;1;0;5;2;1;5;0;0;1082267;6950;1569;81;1083477;4344;581;0;15
FR;4;2022-12-13;1;0;0;0;1;0;0;0;0;1082268;6950;1569;81;1083478;4344;581;0;15
FR;4;2022-12-14;0;0;0;0;0;0;0;0;0;1082268;6950;1569;81;1083478;4344;581;0;15
FR;4;2022-12-15;1;1;0;0;1;1;0;0;0;1082269;6951;1569;81;1083479;4345;581;0;15
FR;4;2022-12-16;2;0;0;0;2;0;0;0;0;1082271;6951;1569;81;1083481;4345;581;0;15
FR;4;2022-12-17;0;0;1;0;0;0;1;0;0;1082271;6951;1570;81;1083481;4345;582;0;15
FR;4;2022-12-18;1;0;0;0;1;0;0;0;0;1082272;6951;1570;81;1083482;4345;582;0;15
FR;4;2022-12-19;1;0;0;0;1;0;0;0;0;1082273;6951;1570;81;1083483;4345;582;0;15
FR;4;2022-12-20;4;2;0;0;5;1;0;0;0;1082277;6953;1570;81;1083488;4346;582;0;15
FR;4;2022-12-21;6;0;0;0;6;0;0;0;0;1082283;6953;1570;81;1083494;4346;582;0;15
FR;4;2022-12-22;2;1;0;0;2;1;0;0;0;1082285;6954;1570;81;1083496;4347;582;0;15
FR;4;2022-12-23;3;0;0;0;3;0;0;0;0;1082288;6954;1570;81;1083499;4347;582;0;15
FR;4;2022-12-24;0;0;1;0;0;1;0;0;0;1082288;6954;1571;81;1083499;4348;582;0;15
FR;4;2022-12-25;0;0;0;0;0;0;0;0;0;1082288;6954;1571;81;1083499;4348;582;0;15
FR;4;2022-12-26;1;2;0;0;1;1;0;0;0;1082289;6956;1571;81;1083500;4349;582;0;15
FR;4;2022-12-27;1;1;0;0;1;1;0;0;0;1082290;6957;1571;81;1083501;4350;582;0;15
FR;4;2022-12-28;0;0;0;0;0;0;0;0;0;1082290;6957;1571;81;1083501;4350;582;0;15
FR;4;2022-12-29;0;1;0;0;1;0;0;0;0;1082290;6958;1571;81;1083502;4350;582;0;15
FR;4;2022-12-30;1;0;0;0;1;0;0;0;0;1082291;6958;1571;81;1083503;4350;582;0;15
FR;4;2022-12-31;0;0;0;0;0;0;0;0;0;1082291;6958;1571;81;1083503;4350;582;0;15
FR;4;2023-01-01;0;0;0;0;0;0;0;0;0;1082291;6958;1571;81;1083503;4350;582;0;15
FR;4;2023-01-02;2;0;2;0;2;1;1;0;0;1082293;6958;1573;81;1083505;4351;583;0;15
FR;4;2023-01-03;1;1;0;0;1;1;0;0;0;1082294;6959;1573;81;1083506;4352;583;0;15
FR;4;2023-01-04;0;0;0;0;0;0;0;0;0;1082294;6959;1573;81;1083506;4352;583;0;15
FR;4;2023-01-05;0;0;0;0;0;0;0;0;0;1082294;6959;1573;81;1083506;4352;583;0;15
FR;4;2023-01-06;1;1;3;0;1;4;0;0;0;1082295;6960;1576;81;1083507;4356;583;0;15
FR;4;2023-01-07;1;0;0;0;1;0;0;0;0;1082296;6960;1576;81;1083508;4356;583;0;15
FR;4;2023-01-08;1;0;0;0;1;0;0;0;0;1082297;6960;1576;81;1083509;4356;583;0;15
FR;4;2023-01-09;1;0;0;0;1;0;0;0;0;1082298;6960;1576;81;1083510;4356;583;0;15
FR;4;2023-01-10;2;1;0;0;2;1;0;0;0;1082300;6961;1576;81;1083512;4357;583;0;15
FR;4;2023-01-11;0;0;0;0;0;0;0;0;0;1082300;6961;1576;81;1083512;4357;583;0;15
FR;4;2023-01-12;3;2;0;0;3;2;0;0;0;1082303;6963;1576;81;1083515;4359;583;0;15
FR;4;2023-01-13;3;0;2;0;3;0;2;0;0;1082306;6963;1578;81;1083518;4359;585;0;15
FR;4;2023-01-14;0;0;1;0;0;0;1;0;0;1082306;6963;1579;81;1083518;4359;586;0;15
FR;4;2023-01-15;0;0;0;0;0;0;0;0;0;1082306;6963;1579;81;1083518;4359;586;0;15
FR;4;2023-01-16;3;0;0;0;3;0;0;0;0;1082309;6963;1579;81;1083521;4359;586;0;15
FR;4;2023-01-17;2;0;0;0;2;0;0;0;0;1082311;6963;1579;81;1083523;4359;586;0;15
FR;4;2023-01-18;3;0;0;0;3;0;0;0;0;1082314;6963;1579;81;1083526;4359;586;0;15
FR;4;2023-01-19;1;0;0;2;1;0;0;0;0;1082315;6963;1579;83;1083527;4359;586;0;15
FR;4;2023-01-20;0;0;0;0;0;0;0;0;0;1082315;6963;1579;83;1083527;4359;586;0;15
FR;4;2023-01-21;0;0;0;0;0;0;0;0;0;1082315;6963;1579;83;1083527;4359;586;0;15
FR;4;2023-01-22;0;0;0;0;0;0;0;0;0;1082315;6963;1579;83;1083527;4359;586;0;15
FR;4;2023-01-23;1;0;0;0;1;0;0;0;0;1082316;6963;1579;83;1083528;4359;586;0;15
FR;4;2023-01-24;3;1;0;0;3;1;0;0;0;1082319;6964;1579;83;1083531;4360;586;0;15
FR;4;2023-01-25;6;0;0;0;6;0;0;0;0;1082325;6964;1579;83;1083537;4360;586;0;15
FR;4;2023-01-26;1;0;0;0;1;0;0;0;0;1082326;6964;1579;83;1083538;4360;586;0;15
FR;4;2023-01-27;0;0;0;0;0;0;0;0;0;1082326;6964;1579;83;1083538;4360;586;0;15
FR;4;2023-01-28;0;0;0;0;0;0;0;0;0;1082326;6964;1579;83;1083538;4360;586;0;15
FR;4;2023-01-29;0;0;0;0;0;0;0;0;0;1082326;6964;1579;83;1083538;4360;586;0;15
FR;4;2023-01-30;0;0;0;0;0;0;0;0;0;1082326;6964;1579;83;1083538;4360;586;0;15
FR;4;2023-01-31;0;0;0;0;0;0;0;0;0;1082326;6964;1579;83;1083538;4360;586;0;15
FR;4;2023-02-01;0;0;0;0;0;0;0;0;0;1082326;6964;1579;83;1083538;4360;586;0;15
FR;4;2023-02-02;2;2;2;1;2;3;1;0;0;1082328;6966;1581;84;1083540;4363;587;0;15
FR;4;2023-02-03;0;0;0;0;0;0;0;0;0;1082328;6966;1581;84;1083540;4363;587;0;15
FR;4;2023-02-04;1;0;0;0;1;0;0;0;0;1082329;6966;1581;84;1083541;4363;587;0;15
FR;4;2023-02-05;0;0;0;0;0;0;0;0;0;1082329;6966;1581;84;1083541;4363;587;0;15
FR;4;2023-02-06;1;0;0;0;1;0;0;0;0;1082330;6966;1581;84;1083542;4363;587;0;15
FR;4;2023-02-07;2;0;0;0;2;0;0;0;0;1082332;6966;1581;84;1083544;4363;587;0;15
FR;4;2023-02-08;2;1;0;0;2;0;0;0;0;1082334;6967;1581;84;1083546;4363;587;0;15
FR;4;2023-02-09;1;1;0;0;1;1;0;0;0;1082335;6968;1581;84;1083547;4364;587;0;15
FR;4;2023-02-10;5;1;0;0;5;0;0;0;0;1082340;6969;1581;84;1083552;4364;587;0;15
FR;4;2023-02-11;4;0;0;0;4;0;0;0;0;1082344;6969;1581;84;1083556;4364;587;0;15
FR;4;2023-02-12;0;0;0;0;0;0;0;0;0;1082344;6969;1581;84;1083556;4364;587;0;15
FR;4;2023-02-13;3;0;0;0;3;0;0;0;0;1082347;6969;1581;84;1083559;4364;587;0;15
FR;4;2023-02-14;0;2;0;0;2;0;0;0;0;1082347;6971;1581;84;1083561;4364;587;0;15
FR;4;2023-02-15;2;0;0;0;2;0;0;0;0;1082349;6971;1581;84;1083563;4364;587;0;15
FR;4;2023-02-16;1;1;0;0;1;1;0;0;0;1082350;6972;1581;84;1083564;4365;587;0;15
FR;4;2023-02-17;1;0;0;0;1;0;0;0;0;1082351;6972;1581;84;1083565;4365;587;0;15
FR;4;2023-02-18;0;2;0;0;0;2;0;0;0;1082351;6974;1581;84;1083565;4367;587;0;15
FR;4;2023-02-19;0;0;0;0;0;0;0;0;0;1082351;6974;1581;84;1083565;4367;587;0;15
FR;4;2023-02-20;1;0;0;0;1;0;0;0;0;1082352;6974;1581;84;1083566;4367;587;0;15
FR;4;2023-02-21;2;0;0;0;2;0;0;0;0;1082354;6974;1581;84;1083568;4367;587;0;15
FR;4;2023-02-22;0;0;0;0;0;0;0;0;0;1082354;6974;1581;84;1083568;4367;587;0;15
FR;4;2023-02-23;0;0;0;0;0;0;0;0;0;1082354;6974;1581;84;1083568;4367;587;0;15
FR;4;2023-02-24;1;0;0;0;1;0;0;0;0;1082355;6974;1581;84;1083569;4367;587;0;15
FR;4;2023-02-25;2;1;0;0;2;1;0;0;0;1082357;6975;1581;84;1083571;4368;587;0;15
FR;4;2023-02-26;0;0;0;0;0;0;0;0;0;1082357;6975;1581;84;1083571;4368;587;0;15
FR;4;2023-02-27;1;0;0;0;1;0;0;0;0;1082358;6975;1581;84;1083572;4368;587;0;15
FR;4;2023-02-28;0;0;0;0;0;0;0;0;0;1082358;6975;1581;84;1083572;4368;587;0;15
FR;4;2023-03-01;1;0;0;0;1;0;0;0;0;1082359;6975;1581;84;1083573;4368;587;0;15
FR;4;2023-03-02;1;1;2;0;1;1;2;0;0;1082360;6976;1583;84;1083574;4369;589;0;15
FR;4;2023-03-03;1;0;0;0;1;0;0;0;0;1082361;6976;1583;84;1083575;4369;589;0;15
FR;4;2023-03-04;0;0;0;0;0;0;0;0;0;1082361;6976;1583;84;1083575;4369;589;0;15
FR;4;2023-03-05;0;0;0;0;0;0;0;0;0;1082361;6976;1583;84;1083575;4369;589;0;15
FR;4;2023-03-06;0;0;0;0;0;0;0;0;0;1082361;6976;1583;84;1083575;4369;589;0;15
FR;4;2023-03-07;0;0;0;0;0;0;0;0;0;1082361;6976;1583;84;1083575;4369;589;0;15
FR;4;2023-03-08;1;0;0;0;1;0;0;0;0;1082362;6976;1583;84;1083576;4369;589;0;15
FR;4;2023-03-09;0;0;0;0;0;0;0;0;0;1082362;6976;1583;84;1083576;4369;589;0;15
FR;4;2023-03-10;2;0;1;0;2;0;1;0;0;1082364;6976;1584;84;1083578;4369;590;0;15
FR;4;2023-03-11;0;0;0;0;0;0;0;0;0;1082364;6976;1584;84;1083578;4369;590;0;15
FR;4;2023-03-12;0;0;0;0;0;0;0;0;0;1082364;6976;1584;84;1083578;4369;590;0;15
FR;4;2023-03-13;0;0;0;0;0;0;0;0;0;1082364;6976;1584;84;1083578;4369;590;0;15
FR;4;2023-03-14;0;0;0;0;0;0;0;0;0;1082364;6976;1584;84;1083578;4369;590;0;15
FR;4;2023-03-15;1;0;0;1;1;0;0;0;1;1082365;6976;1584;85;1083579;4369;590;0;16
FR;4;2023-03-16;1;0;0;0;1;0;0;0;0;1082366;6976;1584;85;1083580;4369;590;0;16
FR;4;2023-03-17;1;0;0;0;1;0;0;0;0;1082367;6976;1584;85;1083581;4369;590;0;16
FR;4;2023-03-18;0;1;0;0;0;1;0;0;0;1082367;6977;1584;85;1083581;4370;590;0;16
FR;4;2023-03-19;0;0;0;0;0;0;0;0;0;1082367;6977;1584;85;1083581;4370;590;0;16
FR;4;2023-03-20;0;0;0;0;0;0;0;0;0;1082367;6977;1584;85;1083581;4370;590;0;16
FR;4;2023-03-21;2;0;0;0;2;0;0;0;0;1082369;6977;1584;85;1083583;4370;590;0;16
FR;4;2023-03-22;1;0;1;0;1;0;1;0;0;1082370;6977;1585;85;1083584;4370;591;0;16
FR;4;2023-03-23;1;0;0;0;1;0;0;0;0;1082371;6977;1585;85;1083585;4370;591;0;16
FR;4;2023-03-24;0;0;0;0;0;0;0;0;0;1082371;6977;1585;85;1083585;4370;591;0;16
FR;4;2023-03-25;0;0;0;0;0;0;0;0;0;1082371;6977;1585;85;1083585;4370;591;0;16
FR;4;2023-03-26;0;0;0;0;0;0;0;0;0;1082371;6977;1585;85;1083585;4370;591;0;16
FR;4;2023-03-27;1;0;0;0;1;0;0;0;0;1082372;6977;1585;85;1083586;4370;591;0;16
FR;4;2023-03-28;1;0;0;0;1;0;0;0;0;1082373;6977;1585;85;1083587;4370;591;0;16
FR;4;2023-03-29;2;0;0;0;2;0;0;0;0;1082375;6977;1585;85;1083589;4370;591;0;16
FR;4;2023-03-30;0;1;0;0;1;0;0;0;0;1082375;6978;1585;85;1083590;4370;591;0;16
FR;4;2023-03-31;3;0;0;1;3;0;0;0;4;1082378;6978;1585;86;1083593;4370;591;0;20
FR;4;2023-04-01;2;0;0;0;2;0;0;0;0;1082380;6978;1585;86;1083595;4370;591;0;20
FR;4;2023-04-02;0;0;0;0;0;0;0;0;0;1082380;6978;1585;86;1083595;4370;591;0;20
FR;4;2023-04-03;0;0;0;0;0;0;0;0;0;1082380;6978;1585;86;1083595;4370;591;0;20
FR;4;2023-04-04;0;0;0;0;0;0;0;0;0;1082380;6978;1585;86;1083595;4370;591;0;20
FR;4;2023-04-05;0;0;0;0;0;0;0;0;0;1082380;6978;1585;86;1083595;4370;591;0;20
FR;4;2023-04-06;0;0;0;0;0;0;0;0;0;1082380;6978;1585;86;1083595;4370;591;0;20
FR;4;2023-04-07;0;0;0;0;0;0;0;0;0;1082380;6978;1585;86;1083595;4370;591;0;20
FR;4;2023-04-08;0;0;0;0;0;0;0;0;0;1082380;6978;1585;86;1083595;4370;591;0;20
FR;4;2023-04-09;0;0;0;0;0;0;0;0;0;1082380;6978;1585;86;1083595;4370;591;0;20
FR;4;2023-04-10;1;0;0;0;1;0;0;0;0;1082381;6978;1585;86;1083596;4370;591;0;20
FR;4;2023-04-11;0;0;0;0;0;0;0;0;0;1082381;6978;1585;86;1083596;4370;591;0;20
FR;4;2023-04-12;1;0;0;0;1;0;0;0;0;1082382;6978;1585;86;1083597;4370;591;0;20
FR;4;2023-04-13;0;0;0;0;0;0;0;0;0;1082382;6978;1585;86;1083597;4370;591;0;20
FR;4;2023-04-14;0;0;0;0;0;0;0;0;0;1082382;6978;1585;86;1083597;4370;591;0;20
FR;4;2023-04-15;0;0;0;0;0;0;0;0;0;1082382;6978;1585;86;1083597;4370;591;0;20
FR;4;2023-04-16;0;0;0;0;0;0;0;0;0;1082382;6978;1585;86;1083597;4370;591;0;20
FR;4;2023-04-17;0;0;0;0;0;0;0;0;0;1082382;6978;1585;86;1083597;4370;591;0;20
FR;4;2023-04-18;0;0;0;0;0;0;0;0;0;1082382;6978;1585;86;1083597;4370;591;0;20
FR;4;2023-04-19;1;0;0;0;1;0;0;0;0;1082383;6978;1585;86;1083598;4370;591;0;20
FR;4;2023-04-20;0;0;0;0;0;0;0;0;0;1082383;6978;1585;86;1083598;4370;591;0;20
FR;4;2023-04-21;0;1;0;0;0;1;0;0;0;1082383;6979;1585;86;1083598;4371;591;0;20
FR;4;2023-04-22;0;0;0;0;0;0;0;0;0;1082383;6979;1585;86;1083598;4371;591;0;20
FR;4;2023-04-23;1;0;0;0;1;0;0;0;0;1082384;6979;1585;86;1083599;4371;591;0;20
FR;4;2023-04-24;1;0;0;0;1;0;0;0;0;1082385;6979;1585;86;1083600;4371;591;0;20
FR;4;2023-04-25;1;0;0;0;1;0;0;0;0;1082386;6979;1585;86;1083601;4371;591;0;20
FR;4;2023-04-26;0;0;0;0;0;0;0;0;0;1082386;6979;1585;86;1083601;4371;591;0;20
FR;4;2023-04-27;0;0;0;0;0;0;0;0;0;1082386;6979;1585;86;1083601;4371;591;0;20
FR;4;2023-04-28;0;0;0;0;0;0;0;0;0;1082386;6979;1585;86;1083601;4371;591;0;20
FR;4;2023-04-29;0;0;0;0;0;0;0;0;0;1082386;6979;1585;86;1083601;4371;591;0;20
FR;4;2023-04-30;0;0;0;0;0;0;0;0;0;1082386;6979;1585;86;1083601;4371;591;0;20
FR;4;2023-05-01;0;0;0;0;0;0;0;0;0;1082386;6979;1585;86;1083601;4371;591;0;20
FR;4;2023-05-02;0;0;0;0;0;0;0;0;0;1082386;6979;1585;86;1083601;4371;591;0;20
FR;4;2023-05-03;0;0;0;0;0;0;0;0;0;1082386;6979;1585;86;1083601;4371;591;0;20
FR;5;2020-12-27;0;0;0;0;0;0;0;0;0;0;0;0;0;0;0;0;0;0
FR;5;2020-12-28;0;0;0;0;0;0;0;0;0;0;0;0;0;0;0;0;0;0
FR;5;2020-12-29;0;0;0;0;0;0;0;0;0;0;0;0;0;0;0;0;0;0
FR;5;2020-12-30;0;0;0;0;0;0;0;0;0;0;0;0;0;0;0;0;0;0
FR;5;2020-12-31;0;0;0;0;0;0;0;0;0;0;0;0;0;0;0;0;0;0
FR;5;2021-01-01;0;0;0;0;0;0;0;0;0;0;0;0;0;0;0;0;0;0
FR;5;2021-01-02;0;0;0;0;0;0;0;0;0;0;0;0;0;0;0;0;0;0
FR;5;2021-01-03;0;0;0;0;0;0;0;0;0;0;0;0;0;0;0;0;0;0
FR;5;2021-01-04;0;0;0;0;0;0;0;0;0;0;0;0;0;0;0;0;0;0
FR;5;2021-01-05;0;0;0;0;0;0;0;0;0;0;0;0;0;0;0;0;0;0
FR;5;2021-01-06;0;0;0;0;0;0;0;0;0;0;0;0;0;0;0;0;0;0
FR;5;2021-01-07;0;0;0;0;0;0;0;0;0;0;0;0;0;0;0;0;0;0
FR;5;2021-01-08;0;0;0;0;0;0;0;0;0;0;0;0;0;0;0;0;0;0
FR;5;2021-01-09;0;0;0;0;0;0;0;0;0;0;0;0;0;0;0;0;0;0
FR;5;2021-01-10;0;0;0;0;0;0;0;0;0;0;0;0;0;0;0;0;0;0
FR;5;2021-01-11;0;0;0;0;0;0;0;0;0;0;0;0;0;0;0;0;0;0
FR;5;2021-01-12;0;0;0;0;0;0;0;0;0;0;0;0;0;0;0;0;0;0
FR;5;2021-01-13;0;0;0;0;0;0;0;0;0;0;0;0;0;0;0;0;0;0
FR;5;2021-01-14;0;0;0;0;0;0;0;0;0;0;0;0;0;0;0;0;0;0
FR;5;2021-01-15;0;0;0;0;0;0;0;0;0;0;0;0;0;0;0;0;0;0
FR;5;2021-01-16;0;0;0;0;0;0;0;0;0;0;0;0;0;0;0;0;0;0
FR;5;2021-01-17;0;0;0;0;0;0;0;0;0;0;0;0;0;0;0;0;0;0
FR;5;2021-01-18;0;0;0;0;0;0;0;0;0;0;0;0;0;0;0;0;0;0
FR;5;2021-01-19;0;0;0;0;0;0;0;0;0;0;0;0;0;0;0;0;0;0
FR;5;2021-01-20;0;0;0;0;0;0;0;0;0;0;0;0;0;0;0;0;0;0
FR;5;2021-01-21;0;0;0;0;0;0;0;0;0;0;0;0;0;0;0;0;0;0
FR;5;2021-01-22;0;0;0;0;0;0;0;0;0;0;0;0;0;0;0;0;0;0
FR;5;2021-01-23;0;0;0;0;0;0;0;0;0;0;0;0;0;0;0;0;0;0
FR;5;2021-01-24;0;0;0;0;0;0;0;0;0;0;0;0;0;0;0;0;0;0
FR;5;2021-01-25;0;0;0;0;0;0;0;0;0;0;0;0;0;0;0;0;0;0
FR;5;2021-01-26;0;0;0;0;0;0;0;0;0;0;0;0;0;0;0;0;0;0
FR;5;2021-01-27;0;0;0;0;0;0;0;0;0;0;0;0;0;0;0;0;0;0
FR;5;2021-01-28;0;0;0;0;0;0;0;0;0;0;0;0;0;0;0;0;0;0
FR;5;2021-01-29;0;0;0;0;0;0;0;0;0;0;0;0;0;0;0;0;0;0
FR;5;2021-01-30;0;0;0;0;0;0;0;0;0;0;0;0;0;0;0;0;0;0
FR;5;2021-01-31;0;0;0;0;0;0;0;0;0;0;0;0;0;0;0;0;0;0
FR;5;2021-02-01;0;0;0;0;0;0;0;0;0;0;0;0;0;0;0;0;0;0
FR;5;2021-02-02;0;0;0;0;0;0;0;0;0;0;0;0;0;0;0;0;0;0
FR;5;2021-02-03;0;0;0;0;0;0;0;0;0;0;0;0;0;0;0;0;0;0
FR;5;2021-02-04;0;0;0;0;0;0;0;0;0;0;0;0;0;0;0;0;0;0
FR;5;2021-02-05;0;0;0;0;0;0;0;0;0;0;0;0;0;0;0;0;0;0
FR;5;2021-02-06;0;0;0;0;0;0;0;0;0;0;0;0;0;0;0;0;0;0
FR;5;2021-02-07;0;0;0;0;0;0;0;0;0;0;0;0;0;0;0;0;0;0
FR;5;2021-02-08;0;0;0;0;0;0;0;0;0;0;0;0;0;0;0;0;0;0
FR;5;2021-02-09;0;0;0;0;0;0;0;0;0;0;0;0;0;0;0;0;0;0
FR;5;2021-02-10;0;0;0;0;0;0;0;0;0;0;0;0;0;0;0;0;0;0
FR;5;2021-02-11;0;0;0;0;0;0;0;0;0;0;0;0;0;0;0;0;0;0
FR;5;2021-02-12;0;0;0;0;0;0;0;0;0;0;0;0;0;0;0;0;0;0
FR;5;2021-02-13;0;0;0;0;0;0;0;0;0;0;0;0;0;0;0;0;0;0
FR;5;2021-02-14;0;0;0;0;0;0;0;0;0;0;0;0;0;0;0;0;0;0
FR;5;2021-02-15;0;0;0;0;0;0;0;0;0;0;0;0;0;0;0;0;0;0
FR;5;2021-02-16;0;0;0;0;0;0;0;0;0;0;0;0;0;0;0;0;0;0
FR;5;2021-02-17;0;0;0;0;0;0;0;0;0;0;0;0;0;0;0;0;0;0
FR;5;2021-02-18;0;0;0;0;0;0;0;0;0;0;0;0;0;0;0;0;0;0
FR;5;2021-02-19;0;0;0;0;0;0;0;0;0;0;0;0;0;0;0;0;0;0
FR;5;2021-02-20;0;0;0;0;0;0;0;0;0;0;0;0;0;0;0;0;0;0
FR;5;2021-02-21;0;0;0;0;0;0;0;0;0;0;0;0;0;0;0;0;0;0
FR;5;2021-02-22;0;0;0;0;0;0;0;0;0;0;0;0;0;0;0;0;0;0
FR;5;2021-02-23;0;0;0;0;0;0;0;0;0;0;0;0;0;0;0;0;0;0
FR;5;2021-02-24;0;0;0;0;0;0;0;0;0;0;0;0;0;0;0;0;0;0
FR;5;2021-02-25;0;0;0;0;0;0;0;0;0;0;0;0;0;0;0;0;0;0
FR;5;2021-02-26;0;0;0;0;0;0;0;0;0;0;0;0;0;0;0;0;0;0
FR;5;2021-02-27;0;0;0;0;0;0;0;0;0;0;0;0;0;0;0;0;0;0
FR;5;2021-02-28;0;0;0;0;0;0;0;0;0;0;0;0;0;0;0;0;0;0
FR;5;2021-03-01;0;0;0;0;0;0;0;0;0;0;0;0;0;0;0;0;0;0
FR;5;2021-03-02;0;0;0;0;0;0;0;0;0;0;0;0;0;0;0;0;0;0
FR;5;2021-03-03;0;0;0;0;0;0;0;0;0;0;0;0;0;0;0;0;0;0
FR;5;2021-03-04;0;0;0;0;0;0;0;0;0;0;0;0;0;0;0;0;0;0
FR;5;2021-03-05;0;0;0;0;0;0;0;0;0;0;0;0;0;0;0;0;0;0
FR;5;2021-03-06;0;0;0;0;0;0;0;0;0;0;0;0;0;0;0;0;0;0
FR;5;2021-03-07;0;0;0;0;0;0;0;0;0;0;0;0;0;0;0;0;0;0
FR;5;2021-03-08;0;0;0;0;0;0;0;0;0;0;0;0;0;0;0;0;0;0
FR;5;2021-03-09;0;0;0;0;0;0;0;0;0;0;0;0;0;0;0;0;0;0
FR;5;2021-03-10;0;0;0;0;0;0;0;0;0;0;0;0;0;0;0;0;0;0
FR;5;2021-03-11;0;0;0;0;0;0;0;0;0;0;0;0;0;0;0;0;0;0
FR;5;2021-03-12;0;0;0;0;0;0;0;0;0;0;0;0;0;0;0;0;0;0
FR;5;2021-03-13;0;0;0;0;0;0;0;0;0;0;0;0;0;0;0;0;0;0
FR;5;2021-03-14;0;0;0;0;0;0;0;0;0;0;0;0;0;0;0;0;0;0
FR;5;2021-03-15;0;0;0;0;0;0;0;0;0;0;0;0;0;0;0;0;0;0
FR;5;2021-03-16;0;0;0;0;0;0;0;0;0;0;0;0;0;0;0;0;0;0
FR;5;2021-03-17;0;0;0;0;0;0;0;0;0;0;0;0;0;0;0;0;0;0
FR;5;2021-03-18;0;0;0;0;0;0;0;0;0;0;0;0;0;0;0;0;0;0
FR;5;2021-03-19;0;0;0;0;0;0;0;0;0;0;0;0;0;0;0;0;0;0
FR;5;2021-03-20;0;0;0;0;0;0;0;0;0;0;0;0;0;0;0;0;0;0
FR;5;2021-03-21;0;0;0;0;0;0;0;0;0;0;0;0;0;0;0;0;0;0
FR;5;2021-03-22;0;0;0;0;0;0;0;0;0;0;0;0;0;0;0;0;0;0
FR;5;2021-03-23;0;0;0;0;0;0;0;0;0;0;0;0;0;0;0;0;0;0
FR;5;2021-03-24;0;0;0;0;0;0;0;0;0;0;0;0;0;0;0;0;0;0
FR;5;2021-03-25;0;0;0;0;0;0;0;0;0;0;0;0;0;0;0;0;0;0
FR;5;2021-03-26;0;0;0;0;0;0;0;0;0;0;0;0;0;0;0;0;0;0
FR;5;2021-03-27;0;0;0;0;0;0;0;0;0;0;0;0;0;0;0;0;0;0
FR;5;2021-03-28;0;0;0;0;0;0;0;0;0;0;0;0;0;0;0;0;0;0
FR;5;2021-03-29;0;0;0;0;0;0;0;0;0;0;0;0;0;0;0;0;0;0
FR;5;2021-03-30;0;0;0;0;0;0;0;0;0;0;0;0;0;0;0;0;0;0
FR;5;2021-03-31;0;0;0;0;0;0;0;0;0;0;0;0;0;0;0;0;0;0
FR;5;2021-04-01;0;0;0;0;0;0;0;0;0;0;0;0;0;0;0;0;0;0
FR;5;2021-04-02;0;0;0;0;0;0;0;0;0;0;0;0;0;0;0;0;0;0
FR;5;2021-04-03;0;0;0;0;0;0;0;0;0;0;0;0;0;0;0;0;0;0
FR;5;2021-04-04;0;0;0;0;0;0;0;0;0;0;0;0;0;0;0;0;0;0
FR;5;2021-04-05;0;0;0;0;0;0;0;0;0;0;0;0;0;0;0;0;0;0
FR;5;2021-04-06;0;0;0;0;0;0;0;0;0;0;0;0;0;0;0;0;0;0
FR;5;2021-04-07;0;0;0;0;0;0;0;0;0;0;0;0;0;0;0;0;0;0
FR;5;2021-04-08;0;0;0;0;0;0;0;0;0;0;0;0;0;0;0;0;0;0
FR;5;2021-04-09;0;0;0;0;0;0;0;0;0;0;0;0;0;0;0;0;0;0
FR;5;2021-04-10;0;0;0;0;0;0;0;0;0;0;0;0;0;0;0;0;0;0
FR;5;2021-04-11;0;0;0;0;0;0;0;0;0;0;0;0;0;0;0;0;0;0
FR;5;2021-04-12;0;0;0;0;0;0;0;0;0;0;0;0;0;0;0;0;0;0
FR;5;2021-04-13;0;0;0;0;0;0;0;0;0;0;0;0;0;0;0;0;0;0
FR;5;2021-04-14;0;0;0;0;0;0;0;0;0;0;0;0;0;0;0;0;0;0
FR;5;2021-04-15;0;0;0;0;0;0;0;0;0;0;0;0;0;0;0;0;0;0
FR;5;2021-04-16;0;0;0;0;0;0;0;0;0;0;0;0;0;0;0;0;0;0
FR;5;2021-04-17;0;0;0;0;0;0;0;0;0;0;0;0;0;0;0;0;0;0
FR;5;2021-04-18;0;0;0;0;0;0;0;0;0;0;0;0;0;0;0;0;0;0
FR;5;2021-04-19;0;0;0;0;0;0;0;0;0;0;0;0;0;0;0;0;0;0
FR;5;2021-04-20;0;0;0;0;0;0;0;0;0;0;0;0;0;0;0;0;0;0
FR;5;2021-04-21;0;0;0;0;0;0;0;0;0;0;0;0;0;0;0;0;0;0
FR;5;2021-04-22;0;0;0;0;0;0;0;0;0;0;0;0;0;0;0;0;0;0
FR;5;2021-04-23;0;0;0;0;0;0;0;0;0;0;0;0;0;0;0;0;0;0
FR;5;2021-04-24;0;0;0;0;0;0;0;0;0;0;0;0;0;0;0;0;0;0
FR;5;2021-04-25;0;0;0;0;0;0;0;0;0;0;0;0;0;0;0;0;0;0
FR;5;2021-04-26;0;0;0;0;0;0;0;0;0;0;0;0;0;0;0;0;0;0
FR;5;2021-04-27;0;0;0;0;0;0;0;0;0;0;0;0;0;0;0;0;0;0
FR;5;2021-04-28;0;0;0;0;0;0;0;0;0;0;0;0;0;0;0;0;0;0
FR;5;2021-04-29;0;0;0;0;0;0;0;0;0;0;0;0;0;0;0;0;0;0
FR;5;2021-04-30;0;0;0;0;0;0;0;0;0;0;0;0;0;0;0;0;0;0
FR;5;2021-05-01;0;0;0;0;0;0;0;0;0;0;0;0;0;0;0;0;0;0
FR;5;2021-05-02;0;0;0;0;0;0;0;0;0;0;0;0;0;0;0;0;0;0
FR;5;2021-05-03;0;0;0;0;0;0;0;0;0;0;0;0;0;0;0;0;0;0
FR;5;2021-05-04;0;0;0;0;0;0;0;0;0;0;0;0;0;0;0;0;0;0
FR;5;2021-05-05;0;0;0;0;0;0;0;0;0;0;0;0;0;0;0;0;0;0
FR;5;2021-05-06;0;0;0;0;0;0;0;0;0;0;0;0;0;0;0;0;0;0
FR;5;2021-05-07;0;0;0;0;0;0;0;0;0;0;0;0;0;0;0;0;0;0
FR;5;2021-05-08;0;0;0;0;0;0;0;0;0;0;0;0;0;0;0;0;0;0
FR;5;2021-05-09;0;0;0;0;0;0;0;0;0;0;0;0;0;0;0;0;0;0
FR;5;2021-05-10;0;0;0;0;0;0;0;0;0;0;0;0;0;0;0;0;0;0
FR;5;2021-05-11;0;0;0;0;0;0;0;0;0;0;0;0;0;0;0;0;0;0
FR;5;2021-05-12;0;0;0;0;0;0;0;0;0;0;0;0;0;0;0;0;0;0
FR;5;2021-05-13;0;0;0;0;0;0;0;0;0;0;0;0;0;0;0;0;0;0
FR;5;2021-05-14;0;0;0;0;0;0;0;0;0;0;0;0;0;0;0;0;0;0
FR;5;2021-05-15;0;0;0;0;0;0;0;0;0;0;0;0;0;0;0;0;0;0
FR;5;2021-05-16;0;0;0;0;0;0;0;0;0;0;0;0;0;0;0;0;0;0
FR;5;2021-05-17;0;0;0;0;0;0;0;0;0;0;0;0;0;0;0;0;0;0
FR;5;2021-05-18;0;0;0;0;0;0;0;0;0;0;0;0;0;0;0;0;0;0
FR;5;2021-05-19;0;0;0;0;0;0;0;0;0;0;0;0;0;0;0;0;0;0
FR;5;2021-05-20;0;0;0;0;0;0;0;0;0;0;0;0;0;0;0;0;0;0
FR;5;2021-05-21;0;0;0;0;0;0;0;0;0;0;0;0;0;0;0;0;0;0
FR;5;2021-05-22;0;0;0;0;0;0;0;0;0;0;0;0;0;0;0;0;0;0
FR;5;2021-05-23;0;0;0;0;0;0;0;0;0;0;0;0;0;0;0;0;0;0
FR;5;2021-05-24;0;0;0;0;0;0;0;0;0;0;0;0;0;0;0;0;0;0
FR;5;2021-05-25;0;0;0;0;0;0;0;0;0;0;0;0;0;0;0;0;0;0
FR;5;2021-05-26;0;0;0;0;0;0;0;0;0;0;0;0;0;0;0;0;0;0
FR;5;2021-05-27;0;0;0;0;0;0;0;0;0;0;0;0;0;0;0;0;0;0
FR;5;2021-05-28;0;0;0;0;0;0;0;0;0;0;0;0;0;0;0;0;0;0
FR;5;2021-05-29;0;0;0;0;0;0;0;0;0;0;0;0;0;0;0;0;0;0
FR;5;2021-05-30;0;0;0;0;0;0;0;0;0;0;0;0;0;0;0;0;0;0
FR;5;2021-05-31;0;0;0;0;0;0;0;0;0;0;0;0;0;0;0;0;0;0
FR;5;2021-06-01;0;0;0;0;0;0;0;0;0;0;0;0;0;0;0;0;0;0
FR;5;2021-06-02;0;0;0;0;0;0;0;0;0;0;0;0;0;0;0;0;0;0
FR;5;2021-06-03;0;0;0;0;0;0;0;0;0;0;0;0;0;0;0;0;0;0
FR;5;2021-06-04;0;0;0;0;0;0;0;0;0;0;0;0;0;0;0;0;0;0
FR;5;2021-06-05;0;0;0;0;0;0;0;0;0;0;0;0;0;0;0;0;0;0
FR;5;2021-06-06;0;0;0;0;0;0;0;0;0;0;0;0;0;0;0;0;0;0
FR;5;2021-06-07;0;0;0;0;0;0;0;0;0;0;0;0;0;0;0;0;0;0
FR;5;2021-06-08;0;0;0;0;0;0;0;0;0;0;0;0;0;0;0;0;0;0
FR;5;2021-06-09;0;0;0;0;0;0;0;0;0;0;0;0;0;0;0;0;0;0
FR;5;2021-06-10;0;0;0;0;0;0;0;0;0;0;0;0;0;0;0;0;0;0
FR;5;2021-06-11;0;0;0;0;0;0;0;0;0;0;0;0;0;0;0;0;0;0
FR;5;2021-06-12;0;0;0;0;0;0;0;0;0;0;0;0;0;0;0;0;0;0
FR;5;2021-06-13;0;0;0;0;0;0;0;0;0;0;0;0;0;0;0;0;0;0
FR;5;2021-06-14;0;0;0;0;0;0;0;0;0;0;0;0;0;0;0;0;0;0
FR;5;2021-06-15;0;0;0;0;0;0;0;0;0;0;0;0;0;0;0;0;0;0
FR;5;2021-06-16;0;0;0;0;0;0;0;0;0;0;0;0;0;0;0;0;0;0
FR;5;2021-06-17;0;0;0;0;0;0;0;0;0;0;0;0;0;0;0;0;0;0
FR;5;2021-06-18;0;0;0;0;0;0;0;0;0;0;0;0;0;0;0;0;0;0
FR;5;2021-06-19;0;0;0;0;0;0;0;0;0;0;0;0;0;0;0;0;0;0
FR;5;2021-06-20;0;0;0;0;0;0;0;0;0;0;0;0;0;0;0;0;0;0
FR;5;2021-06-21;0;0;0;0;0;0;0;0;0;0;0;0;0;0;0;0;0;0
FR;5;2021-06-22;0;0;0;0;0;0;0;0;0;0;0;0;0;0;0;0;0;0
FR;5;2021-06-23;0;0;0;0;0;0;0;0;0;0;0;0;0;0;0;0;0;0
FR;5;2021-06-24;0;0;0;0;0;0;0;0;0;0;0;0;0;0;0;0;0;0
FR;5;2021-06-25;0;0;0;0;0;0;0;0;0;0;0;0;0;0;0;0;0;0
FR;5;2021-06-26;0;0;0;0;0;0;0;0;0;0;0;0;0;0;0;0;0;0
FR;5;2021-06-27;0;0;0;0;0;0;0;0;0;0;0;0;0;0;0;0;0;0
FR;5;2021-06-28;0;0;0;0;0;0;0;0;0;0;0;0;0;0;0;0;0;0
FR;5;2021-06-29;0;0;0;0;0;0;0;0;0;0;0;0;0;0;0;0;0;0
FR;5;2021-06-30;0;0;0;0;0;0;0;0;0;0;0;0;0;0;0;0;0;0
FR;5;2021-07-01;0;0;0;0;0;0;0;0;0;0;0;0;0;0;0;0;0;0
FR;5;2021-07-02;0;0;0;0;0;0;0;0;0;0;0;0;0;0;0;0;0;0
FR;5;2021-07-03;0;0;0;0;0;0;0;0;0;0;0;0;0;0;0;0;0;0
FR;5;2021-07-04;0;0;0;0;0;0;0;0;0;0;0;0;0;0;0;0;0;0
FR;5;2021-07-05;0;0;0;0;0;0;0;0;0;0;0;0;0;0;0;0;0;0
FR;5;2021-07-06;0;0;0;0;0;0;0;0;0;0;0;0;0;0;0;0;0;0
FR;5;2021-07-07;0;0;0;0;0;0;0;0;0;0;0;0;0;0;0;0;0;0
FR;5;2021-07-08;0;0;0;0;0;0;0;0;0;0;0;0;0;0;0;0;0;0
FR;5;2021-07-09;0;0;0;0;0;0;0;0;0;0;0;0;0;0;0;0;0;0
FR;5;2021-07-10;0;0;0;0;0;0;0;0;0;0;0;0;0;0;0;0;0;0
FR;5;2021-07-11;0;0;0;0;0;0;0;0;0;0;0;0;0;0;0;0;0;0
FR;5;2021-07-12;0;0;0;0;0;0;0;0;0;0;0;0;0;0;0;0;0;0
FR;5;2021-07-13;0;0;0;0;0;0;0;0;0;0;0;0;0;0;0;0;0;0
FR;5;2021-07-14;0;0;0;0;0;0;0;0;0;0;0;0;0;0;0;0;0;0
FR;5;2021-07-15;0;0;0;0;0;0;0;0;0;0;0;0;0;0;0;0;0;0
FR;5;2021-07-16;0;0;0;0;0;0;0;0;0;0;0;0;0;0;0;0;0;0
FR;5;2021-07-17;0;0;0;0;0;0;0;0;0;0;0;0;0;0;0;0;0;0
FR;5;2021-07-18;0;0;0;0;0;0;0;0;0;0;0;0;0;0;0;0;0;0
FR;5;2021-07-19;0;0;0;0;0;0;0;0;0;0;0;0;0;0;0;0;0;0
FR;5;2021-07-20;0;0;0;0;0;0;0;0;0;0;0;0;0;0;0;0;0;0
FR;5;2021-07-21;0;0;0;0;0;0;0;0;0;0;0;0;0;0;0;0;0;0
FR;5;2021-07-22;0;0;0;0;0;0;0;0;0;0;0;0;0;0;0;0;0;0
FR;5;2021-07-23;0;0;0;0;0;0;0;0;0;0;0;0;0;0;0;0;0;0
FR;5;2021-07-24;0;0;0;0;0;0;0;0;0;0;0;0;0;0;0;0;0;0
FR;5;2021-07-25;0;0;0;0;0;0;0;0;0;0;0;0;0;0;0;0;0;0
FR;5;2021-07-26;0;0;0;0;0;0;0;0;0;0;0;0;0;0;0;0;0;0
FR;5;2021-07-27;0;0;0;0;0;0;0;0;0;0;0;0;0;0;0;0;0;0
FR;5;2021-07-28;0;0;0;0;0;0;0;0;0;0;0;0;0;0;0;0;0;0
FR;5;2021-07-29;0;0;0;0;0;0;0;0;0;0;0;0;0;0;0;0;0;0
FR;5;2021-07-30;0;0;0;0;0;0;0;0;0;0;0;0;0;0;0;0;0;0
FR;5;2021-07-31;0;0;0;0;0;0;0;0;0;0;0;0;0;0;0;0;0;0
FR;5;2021-08-01;0;0;0;0;0;0;0;0;0;0;0;0;0;0;0;0;0;0
FR;5;2021-08-02;0;0;0;0;0;0;0;0;0;0;0;0;0;0;0;0;0;0
FR;5;2021-08-03;0;0;0;0;0;0;0;0;0;0;0;0;0;0;0;0;0;0
FR;5;2021-08-04;0;0;0;0;0;0;0;0;0;0;0;0;0;0;0;0;0;0
FR;5;2021-08-05;0;0;0;0;0;0;0;0;0;0;0;0;0;0;0;0;0;0
FR;5;2021-08-06;0;0;0;0;0;0;0;0;0;0;0;0;0;0;0;0;0;0
FR;5;2021-08-07;0;0;0;0;0;0;0;0;0;0;0;0;0;0;0;0;0;0
FR;5;2021-08-08;0;0;0;0;0;0;0;0;0;0;0;0;0;0;0;0;0;0
FR;5;2021-08-09;0;0;0;0;0;0;0;0;0;0;0;0;0;0;0;0;0;0
FR;5;2021-08-10;0;0;0;0;0;0;0;0;0;0;0;0;0;0;0;0;0;0
FR;5;2021-08-11;0;0;0;0;0;0;0;0;0;0;0;0;0;0;0;0;0;0
FR;5;2021-08-12;0;0;0;0;0;0;0;0;0;0;0;0;0;0;0;0;0;0
FR;5;2021-08-13;0;0;0;0;0;0;0;0;0;0;0;0;0;0;0;0;0;0
FR;5;2021-08-14;0;0;0;0;0;0;0;0;0;0;0;0;0;0;0;0;0;0
FR;5;2021-08-15;0;0;0;0;0;0;0;0;0;0;0;0;0;0;0;0;0;0
FR;5;2021-08-16;0;0;0;0;0;0;0;0;0;0;0;0;0;0;0;0;0;0
FR;5;2021-08-17;0;0;0;0;0;0;0;0;0;0;0;0;0;0;0;0;0;0
FR;5;2021-08-18;0;0;0;0;0;0;0;0;0;0;0;0;0;0;0;0;0;0
FR;5;2021-08-19;0;0;0;0;0;0;0;0;0;0;0;0;0;0;0;0;0;0
FR;5;2021-08-20;0;0;0;0;0;0;0;0;0;0;0;0;0;0;0;0;0;0
FR;5;2021-08-21;0;0;0;0;0;0;0;0;0;0;0;0;0;0;0;0;0;0
FR;5;2021-08-22;0;0;0;0;0;0;0;0;0;0;0;0;0;0;0;0;0;0
FR;5;2021-08-23;0;0;0;0;0;0;0;0;0;0;0;0;0;0;0;0;0;0
FR;5;2021-08-24;0;0;0;0;0;0;0;0;0;0;0;0;0;0;0;0;0;0
FR;5;2021-08-25;0;0;0;0;0;0;0;0;0;0;0;0;0;0;0;0;0;0
FR;5;2021-08-26;0;0;0;0;0;0;0;0;0;0;0;0;0;0;0;0;0;0
FR;5;2021-08-27;0;0;0;0;0;0;0;0;0;0;0;0;0;0;0;0;0;0
FR;5;2021-08-28;0;0;0;0;0;0;0;0;0;0;0;0;0;0;0;0;0;0
FR;5;2021-08-29;0;0;0;0;0;0;0;0;0;0;0;0;0;0;0;0;0;0
FR;5;2021-08-30;0;0;0;0;0;0;0;0;0;0;0;0;0;0;0;0;0;0
FR;5;2021-08-31;0;0;0;0;0;0;0;0;0;0;0;0;0;0;0;0;0;0
FR;5;2021-09-01;0;0;0;0;0;0;0;0;0;0;0;0;0;0;0;0;0;0
FR;5;2021-09-02;0;0;0;0;0;0;0;0;0;0;0;0;0;0;0;0;0;0
FR;5;2021-09-03;0;0;0;0;0;0;0;0;0;0;0;0;0;0;0;0;0;0
FR;5;2021-09-04;0;0;0;0;0;0;0;0;0;0;0;0;0;0;0;0;0;0
FR;5;2021-09-05;0;0;0;0;0;0;0;0;0;0;0;0;0;0;0;0;0;0
FR;5;2021-09-06;0;0;0;0;0;0;0;0;0;0;0;0;0;0;0;0;0;0
FR;5;2021-09-07;0;0;0;0;0;0;0;0;0;0;0;0;0;0;0;0;0;0
FR;5;2021-09-08;0;0;0;0;0;0;0;0;0;0;0;0;0;0;0;0;0;0
FR;5;2021-09-09;0;0;0;0;0;0;0;0;0;0;0;0;0;0;0;0;0;0
FR;5;2021-09-10;0;0;0;0;0;0;0;0;0;0;0;0;0;0;0;0;0;0
FR;5;2021-09-11;0;0;0;0;0;0;0;0;0;0;0;0;0;0;0;0;0;0
FR;5;2021-09-12;0;0;0;0;0;0;0;0;0;0;0;0;0;0;0;0;0;0
FR;5;2021-09-13;0;0;0;0;0;0;0;0;0;0;0;0;0;0;0;0;0;0
FR;5;2021-09-14;0;0;0;0;0;0;0;0;0;0;0;0;0;0;0;0;0;0
FR;5;2021-09-15;0;0;0;0;0;0;0;0;0;0;0;0;0;0;0;0;0;0
FR;5;2021-09-16;0;0;0;0;0;0;0;0;0;0;0;0;0;0;0;0;0;0
FR;5;2021-09-17;0;0;0;0;0;0;0;0;0;0;0;0;0;0;0;0;0;0
FR;5;2021-09-18;0;0;0;0;0;0;0;0;0;0;0;0;0;0;0;0;0;0
FR;5;2021-09-19;0;0;0;0;0;0;0;0;0;0;0;0;0;0;0;0;0;0
FR;5;2021-09-20;0;0;0;0;0;0;0;0;0;0;0;0;0;0;0;0;0;0
FR;5;2021-09-21;0;0;0;0;0;0;0;0;0;0;0;0;0;0;0;0;0;0
FR;5;2021-09-22;0;0;0;0;0;0;0;0;0;0;0;0;0;0;0;0;0;0
FR;5;2021-09-23;0;0;0;0;0;0;0;0;0;0;0;0;0;0;0;0;0;0
FR;5;2021-09-24;0;0;0;0;0;0;0;0;0;0;0;0;0;0;0;0;0;0
FR;5;2021-09-25;0;0;0;0;0;0;0;0;0;0;0;0;0;0;0;0;0;0
FR;5;2021-09-26;0;0;0;0;0;0;0;0;0;0;0;0;0;0;0;0;0;0
FR;5;2021-09-27;0;0;0;0;0;0;0;0;0;0;0;0;0;0;0;0;0;0
FR;5;2021-09-28;0;0;0;0;0;0;0;0;0;0;0;0;0;0;0;0;0;0
FR;5;2021-09-29;0;0;0;0;0;0;0;0;0;0;0;0;0;0;0;0;0;0
FR;5;2021-09-30;0;0;0;0;0;0;0;0;0;0;0;0;0;0;0;0;0;0
FR;5;2021-10-01;0;0;0;0;0;0;0;0;0;0;0;0;0;0;0;0;0;0
FR;5;2021-10-02;0;0;0;0;0;0;0;0;0;0;0;0;0;0;0;0;0;0
FR;5;2021-10-03;0;0;0;0;0;0;0;0;0;0;0;0;0;0;0;0;0;0
FR;5;2021-10-04;0;0;0;0;0;0;0;0;0;0;0;0;0;0;0;0;0;0
FR;5;2021-10-05;0;0;0;0;0;0;0;0;0;0;0;0;0;0;0;0;0;0
FR;5;2021-10-06;0;0;0;0;0;0;0;0;0;0;0;0;0;0;0;0;0;0
FR;5;2021-10-07;0;0;0;0;0;0;0;0;0;0;0;0;0;0;0;0;0;0
FR;5;2021-10-08;0;0;0;0;0;0;0;0;0;0;0;0;0;0;0;0;0;0
FR;5;2021-10-09;0;0;0;0;0;0;0;0;0;0;0;0;0;0;0;0;0;0
FR;5;2021-10-10;0;0;0;0;0;0;0;0;0;0;0;0;0;0;0;0;0;0
FR;5;2021-10-11;0;0;0;0;0;0;0;0;0;0;0;0;0;0;0;0;0;0
FR;5;2021-10-12;0;0;0;0;0;0;0;0;0;0;0;0;0;0;0;0;0;0
FR;5;2021-10-13;0;0;0;0;0;0;0;0;0;0;0;0;0;0;0;0;0;0
FR;5;2021-10-14;0;0;0;0;0;0;0;0;0;0;0;0;0;0;0;0;0;0
FR;5;2021-10-15;0;0;0;0;0;0;0;0;0;0;0;0;0;0;0;0;0;0
FR;5;2021-10-16;0;0;0;0;0;0;0;0;0;0;0;0;0;0;0;0;0;0
FR;5;2021-10-17;0;0;0;0;0;0;0;0;0;0;0;0;0;0;0;0;0;0
FR;5;2021-10-18;0;0;0;0;0;0;0;0;0;0;0;0;0;0;0;0;0;0
FR;5;2021-10-19;0;0;0;0;0;0;0;0;0;0;0;0;0;0;0;0;0;0
FR;5;2021-10-20;0;0;0;0;0;0;0;0;0;0;0;0;0;0;0;0;0;0
FR;5;2021-10-21;0;0;0;0;0;0;0;0;0;0;0;0;0;0;0;0;0;0
FR;5;2021-10-22;0;0;0;0;0;0;0;0;0;0;0;0;0;0;0;0;0;0
FR;5;2021-10-23;0;0;0;0;0;0;0;0;0;0;0;0;0;0;0;0;0;0
FR;5;2021-10-24;0;0;0;0;0;0;0;0;0;0;0;0;0;0;0;0;0;0
FR;5;2021-10-25;0;0;0;0;0;0;0;0;0;0;0;0;0;0;0;0;0;0
FR;5;2021-10-26;0;0;0;0;0;0;0;0;0;0;0;0;0;0;0;0;0;0
FR;5;2021-10-27;0;0;0;0;0;0;0;0;0;0;0;0;0;0;0;0;0;0
FR;5;2021-10-28;0;0;0;0;0;0;0;0;0;0;0;0;0;0;0;0;0;0
FR;5;2021-10-29;0;0;0;0;0;0;0;0;0;0;0;0;0;0;0;0;0;0
FR;5;2021-10-30;0;0;0;0;0;0;0;0;0;0;0;0;0;0;0;0;0;0
FR;5;2021-10-31;0;0;0;0;0;0;0;0;0;0;0;0;0;0;0;0;0;0
FR;5;2021-11-01;0;0;0;0;0;0;0;0;0;0;0;0;0;0;0;0;0;0
FR;5;2021-11-02;0;0;0;0;0;0;0;0;0;0;0;0;0;0;0;0;0;0
FR;5;2021-11-03;0;0;0;0;0;0;0;0;0;0;0;0;0;0;0;0;0;0
FR;5;2021-11-04;0;0;0;0;0;0;0;0;0;0;0;0;0;0;0;0;0;0
FR;5;2021-11-05;0;0;0;0;0;0;0;0;0;0;0;0;0;0;0;0;0;0
FR;5;2021-11-06;0;0;0;0;0;0;0;0;0;0;0;0;0;0;0;0;0;0
FR;5;2021-11-07;0;0;0;0;0;0;0;0;0;0;0;0;0;0;0;0;0;0
FR;5;2021-11-08;0;0;0;0;0;0;0;0;0;0;0;0;0;0;0;0;0;0
FR;5;2021-11-09;0;0;0;0;0;0;0;0;0;0;0;0;0;0;0;0;0;0
FR;5;2021-11-10;0;0;0;0;0;0;0;0;0;0;0;0;0;0;0;0;0;0
FR;5;2021-11-11;0;0;0;0;0;0;0;0;0;0;0;0;0;0;0;0;0;0
FR;5;2021-11-12;0;0;0;0;0;0;0;0;0;0;0;0;0;0;0;0;0;0
FR;5;2021-11-13;0;0;0;0;0;0;0;0;0;0;0;0;0;0;0;0;0;0
FR;5;2021-11-14;0;0;0;0;0;0;0;0;0;0;0;0;0;0;0;0;0;0
FR;5;2021-11-15;0;0;0;0;0;0;0;0;0;0;0;0;0;0;0;0;0;0
FR;5;2021-11-16;0;0;0;0;0;0;0;0;0;0;0;0;0;0;0;0;0;0
FR;5;2021-11-17;0;0;0;0;0;0;0;0;0;0;0;0;0;0;0;0;0;0
FR;5;2021-11-18;0;0;0;0;0;0;0;0;0;0;0;0;0;0;0;0;0;0
FR;5;2021-11-19;0;0;0;0;0;0;0;0;0;0;0;0;0;0;0;0;0;0
FR;5;2021-11-20;0;0;0;0;0;0;0;0;0;0;0;0;0;0;0;0;0;0
FR;5;2021-11-21;0;0;0;0;0;0;0;0;0;0;0;0;0;0;0;0;0;0
FR;5;2021-11-22;0;0;0;0;0;0;0;0;0;0;0;0;0;0;0;0;0;0
FR;5;2021-11-23;0;0;0;0;0;0;0;0;0;0;0;0;0;0;0;0;0;0
FR;5;2021-11-24;0;0;0;0;0;0;0;0;0;0;0;0;0;0;0;0;0;0
FR;5;2021-11-25;0;0;0;0;0;0;0;0;0;0;0;0;0;0;0;0;0;0
FR;5;2021-11-26;0;0;0;0;0;0;0;0;0;0;0;0;0;0;0;0;0;0
FR;5;2021-11-27;0;0;0;0;0;0;0;0;0;0;0;0;0;0;0;0;0;0
FR;5;2021-11-28;0;0;0;0;0;0;0;0;0;0;0;0;0;0;0;0;0;0
FR;5;2021-11-29;0;0;0;0;0;0;0;0;0;0;0;0;0;0;0;0;0;0
FR;5;2021-11-30;0;0;0;0;0;0;0;0;0;0;0;0;0;0;0;0;0;0
FR;5;2021-12-01;0;0;0;0;0;0;0;0;0;0;0;0;0;0;0;0;0;0
FR;5;2021-12-02;0;0;0;0;0;0;0;0;0;0;0;0;0;0;0;0;0;0
FR;5;2021-12-03;0;0;0;0;0;0;0;0;0;0;0;0;0;0;0;0;0;0
FR;5;2021-12-04;0;0;0;0;0;0;0;0;0;0;0;0;0;0;0;0;0;0
FR;5;2021-12-05;0;0;0;0;0;0;0;0;0;0;0;0;0;0;0;0;0;0
FR;5;2021-12-06;0;0;0;0;0;0;0;0;0;0;0;0;0;0;0;0;0;0
FR;5;2021-12-07;0;0;0;0;0;0;0;0;0;0;0;0;0;0;0;0;0;0
FR;5;2021-12-08;0;0;0;0;0;0;0;0;0;0;0;0;0;0;0;0;0;0
FR;5;2021-12-09;0;0;0;0;0;0;0;0;0;0;0;0;0;0;0;0;0;0
FR;5;2021-12-10;0;0;0;0;0;0;0;0;0;0;0;0;0;0;0;0;0;0
FR;5;2021-12-11;0;0;0;0;0;0;0;0;0;0;0;0;0;0;0;0;0;0
FR;5;2021-12-12;0;0;0;0;0;0;0;0;0;0;0;0;0;0;0;0;0;0
FR;5;2021-12-13;0;0;0;0;0;0;0;0;0;0;0;0;0;0;0;0;0;0
FR;5;2021-12-14;33;45;77;0;27;88;1;0;0;33;45;77;0;27;88;1;0;0
FR;5;2021-12-15;196;44;37;0;42;49;0;0;0;229;89;114;0;69;137;1;0;0
FR;5;2021-12-16;181;21;44;0;38;48;0;0;0;410;110;158;0;107;185;1;0;0
FR;5;2021-12-17;313;16;72;0;34;74;2;0;0;723;126;230;0;141;259;3;0;0
FR;5;2021-12-18;766;24;22;0;67;29;0;0;0;1489;150;252;0;208;288;3;0;0
FR;5;2021-12-19;585;15;15;0;67;17;0;0;0;2074;165;267;0;275;305;3;0;0
FR;5;2021-12-20;1225;31;34;0;134;37;2;0;0;3299;196;301;0;409;342;5;0;0
FR;5;2021-12-21;1535;22;54;1;141;60;0;0;0;4834;218;355;1;550;402;5;0;0
FR;5;2021-12-22;4069;40;37;0;420;46;2;0;0;8903;258;392;1;970;448;7;0;0
FR;5;2021-12-23;3043;16;21;0;305;25;0;0;0;11946;274;413;1;1275;473;7;0;0
FR;5;2021-12-24;761;18;9;0;103;14;0;0;0;12707;292;422;1;1378;487;7;0;0
FR;5;2021-12-25;61;5;2;0;9;3;0;0;0;12768;297;424;1;1387;490;7;0;0
FR;5;2021-12-26;623;6;3;0;101;4;0;0;0;13391;303;427;1;1488;494;7;0;0
FR;5;2021-12-27;4085;25;21;0;458;23;1;0;0;17476;328;448;1;1946;517;8;0;0
FR;5;2021-12-28;5204;23;41;1;513;43;2;0;0;22680;351;489;2;2459;560;10;0;0
FR;5;2021-12-29;8105;34;66;1;888;69;0;0;0;30785;385;555;3;3347;629;10;0;0
FR;5;2021-12-30;5173;18;33;0;525;39;0;0;0;35958;403;588;3;3872;668;10;0;0
FR;5;2021-12-31;1554;8;10;0;182;11;0;0;0;37512;411;598;3;4054;679;10;0;0
FR;5;2022-01-01;186;2;2;0;24;3;0;0;0;37698;413;600;3;4078;682;10;0;0
FR;5;2022-01-02;1489;1;1;0;152;1;0;0;0;39187;414;601;3;4230;683;10;0;0
FR;5;2022-01-03;3069;36;34;0;323;33;1;0;0;42256;450;635;3;4553;716;11;0;0
FR;5;2022-01-04;3034;39;33;0;321;42;3;0;0;45290;489;668;3;4874;758;14;0;0
FR;5;2022-01-05;19324;203;97;1;2117;108;0;0;0;64614;692;765;4;6991;866;14;0;0
FR;5;2022-01-06;3748;134;122;0;507;142;2;0;0;68362;826;887;4;7498;1008;16;0;0
FR;5;2022-01-07;5006;202;48;2;704;56;1;0;0;73368;1028;935;6;8202;1064;17;0;0
FR;5;2022-01-08;13659;514;45;0;2003;52;0;0;0;87027;1542;980;6;10205;1116;17;0;0
FR;5;2022-01-09;5754;399;15;0;1112;20;1;0;0;92781;1941;995;6;11317;1136;18;0;0
FR;5;2022-01-10;3455;326;25;0;735;29;0;0;0;96236;2267;1020;6;12052;1165;18;0;0
FR;5;2022-01-11;3671;283;38;0;661;41;1;0;0;99907;2550;1058;6;12713;1206;19;0;0
FR;5;2022-01-12;22650;3005;89;0;5297;112;2;0;0;122557;5555;1147;6;18010;1318;21;0;0
FR;5;2022-01-13;4039;623;29;0;1051;31;2;0;0;126596;6178;1176;6;19061;1349;23;0;0
FR;5;2022-01-14;4843;583;45;0;1115;52;1;0;0;131439;6761;1221;6;20176;1401;24;0;0
FR;5;2022-01-15;14686;1747;38;3;3378;49;3;0;0;146125;8508;1259;9;23554;1450;27;0;0
FR;5;2022-01-16;4728;666;3;0;1261;5;0;0;0;150853;9174;1262;9;24815;1455;27;0;0
FR;5;2022-01-17;2297;718;26;0;986;29;0;0;0;153150;9892;1288;9;25801;1484;27;0;0
FR;5;2022-01-18;2431;870;30;0;1141;40;0;0;0;155581;10762;1318;9;26942;1524;27;0;0
FR;5;2022-01-19;18484;6423;74;2;8366;142;3;0;0;174065;17185;1392;11;35308;1666;30;0;0
FR;5;2022-01-20;1920;1067;25;0;1295;34;2;0;0;175985;18252;1417;11;36603;1700;32;0;0
FR;5;2022-01-21;3077;1372;47;1;1677;59;2;0;0;179062;19624;1464;12;38280;1759;34;0;0
FR;5;2022-01-22;10720;3454;33;1;4671;43;1;0;0;189782;23078;1497;13;42951;1802;35;0;0
FR;5;2022-01-23;2629;1415;6;0;1789;10;0;0;0;192411;24493;1503;13;44740;1812;35;0;0
FR;5;2022-01-24;1161;1341;19;0;1447;23;1;0;0;193572;25834;1522;13;46187;1835;36;0;0
FR;5;2022-01-25;1220;1550;20;2;1684;31;3;0;0;194792;27384;1542;15;47871;1866;39;0;0
FR;5;2022-01-26;10748;12032;50;1;13300;89;1;0;1;205540;39416;1592;16;61171;1955;40;0;1
FR;5;2022-01-27;1291;1693;10;0;1838;17;0;0;0;206831;41109;1602;16;63009;1972;40;0;1
FR;5;2022-01-28;1698;3346;16;0;3566;19;1;0;0;208529;44455;1618;16;66575;1991;41;0;1
FR;5;2022-01-29;6241;8041;68;0;8855;96;2;0;0;214770;52496;1686;16;75430;2087;43;0;1
FR;5;2022-01-30;1509;2950;5;0;3185;18;0;0;0;216279;55446;1691;16;78615;2105;43;0;1
FR;5;2022-01-31;589;1773;23;0;1837;24;3;0;0;216868;57219;1714;16;80452;2129;46;0;1
FR;5;2022-02-01;712;1706;10;0;1791;15;0;0;0;217580;58925;1724;16;82243;2144;46;0;1
FR;5;2022-02-02;6959;15655;52;0;16603;94;0;0;0;224539;74580;1776;16;98846;2238;46;0;1
FR;5;2022-02-03;492;1691;14;0;1748;13;5;0;0;225031;76271;1790;16;100594;2251;51;0;1
FR;5;2022-02-04;945;3002;19;0;3123;31;0;0;0;225976;79273;1809;16;103717;2282;51;0;1
FR;5;2022-02-05;3536;8919;23;0;9517;37;0;0;0;229512;88192;1832;16;113234;2319;51;0;1
FR;5;2022-02-06;737;2398;10;0;2556;19;0;0;0;230249;90590;1842;16;115790;2338;51;0;1
FR;5;2022-02-07;884;1596;23;0;1715;25;2;0;0;231133;92186;1865;16;117505;2363;53;0;1
FR;5;2022-02-08;725;1287;18;0;1407;20;2;0;0;231858;93473;1883;16;118912;2383;55;0;1
FR;5;2022-02-09;4544;12880;44;0;13608;76;1;0;0;236402;106353;1927;16;132520;2459;56;0;1
FR;5;2022-02-10;646;1059;14;0;1166;15;0;0;0;237048;107412;1941;16;133686;2474;56;0;1
FR;5;2022-02-11;793;2032;16;0;2163;21;1;0;0;237841;109444;1957;16;135849;2495;57;0;1
FR;5;2022-02-12;2286;6812;33;0;7279;53;0;0;0;240127;116256;1990;16;143128;2548;57;0;1
FR;5;2022-02-13;464;1541;8;0;1654;8;1;0;0;240591;117797;1998;16;144782;2556;58;0;1
FR;5;2022-02-14;678;1288;10;0;1407;13;1;0;0;241269;119085;2008;16;146189;2569;59;0;1
FR;5;2022-02-15;482;886;9;0;968;14;1;0;0;241751;119971;2017;16;147157;2583;60;0;1
FR;5;2022-02-16;2980;9124;41;1;9676;58;2;0;0;244731;129095;2058;17;156833;2641;62;0;1
FR;5;2022-02-17;436;809;6;0;876;7;1;0;0;245167;129904;2064;17;157709;2648;63;0;1
FR;5;2022-02-18;649;1408;13;0;1535;17;0;0;0;245816;131312;2077;17;159244;2665;63;0;1
FR;5;2022-02-19;1373;4315;16;0;4623;28;0;0;0;247189;135627;2093;17;163867;2693;63;0;1
FR;5;2022-02-20;247;879;6;0;941;8;0;0;0;247436;136506;2099;17;164808;2701;63;0;1
FR;5;2022-02-21;221;607;2;0;661;4;1;0;0;247657;137113;2101;17;165469;2705;64;0;1
FR;5;2022-02-22;262;545;17;0;591;17;1;0;0;247919;137658;2118;17;166060;2722;65;0;1
FR;5;2022-02-23;1909;6926;23;1;7346;43;0;0;0;249828;144584;2141;18;173406;2765;65;0;1
FR;5;2022-02-24;182;374;6;1;421;7;1;0;0;250010;144958;2147;19;173827;2772;66;0;1
FR;5;2022-02-25;336;951;13;0;1028;12;2;0;0;250346;145909;2160;19;174855;2784;68;0;1
FR;5;2022-02-26;972;3071;11;0;3333;15;2;0;0;251318;148980;2171;19;178188;2799;70;0;1
FR;5;2022-02-27;151;506;0;0;549;3;0;0;0;251469;149486;2171;19;178737;2802;70;0;1
FR;5;2022-02-28;162;369;1;0;408;1;0;0;0;251631;149855;2172;19;179145;2803;70;0;1
FR;5;2022-03-01;130;280;6;0;315;7;1;0;0;251761;150135;2178;19;179460;2810;71;0;1
FR;5;2022-03-02;1242;4156;28;3;4497;40;3;0;0;253003;154291;2206;22;183957;2850;74;0;1
FR;5;2022-03-03;121;251;5;0;271;10;1;0;0;253124;154542;2211;22;184228;2860;75;0;1
FR;5;2022-03-04;197;488;13;0;538;14;2;0;0;253321;155030;2224;22;184766;2874;77;0;1
FR;5;2022-03-05;677;1990;8;0;2243;16;2;0;0;253998;157020;2232;22;187009;2890;79;0;1
FR;5;2022-03-06;108;260;0;0;310;0;0;0;0;254106;157280;2232;22;187319;2890;79;0;1
FR;5;2022-03-07;71;228;5;0;254;3;2;0;0;254177;157508;2237;22;187573;2893;81;0;1
FR;5;2022-03-08;46;134;7;1;141;8;3;0;0;254223;157642;2244;23;187714;2901;84;0;1
FR;5;2022-03-09;911;3078;24;0;3407;36;0;0;0;255134;160720;2268;23;191121;2937;84;0;1
FR;5;2022-03-10;82;202;9;0;216;13;3;0;0;255216;160922;2277;23;191337;2950;87;0;1
FR;5;2022-03-11;148;369;13;1;426;15;0;0;0;255364;161291;2290;24;191763;2965;87;0;1
FR;5;2022-03-12;758;1613;13;1;1977;30;0;0;0;256122;162904;2303;25;193740;2995;87;0;1
FR;5;2022-03-13;78;102;0;0;135;0;0;0;0;256200;163006;2303;25;193875;2995;87;0;1
FR;5;2022-03-14;69;119;7;1;139;7;1;0;0;256269;163125;2310;26;194014;3002;88;0;1
FR;5;2022-03-15;83;99;4;0;119;7;1;0;0;256352;163224;2314;26;194133;3009;89;0;1
FR;5;2022-03-16;882;1827;15;3;2227;36;7;0;0;257234;165051;2329;29;196360;3045;96;0;1
FR;5;2022-03-17;68;123;8;4;151;10;4;0;0;257302;165174;2337;33;196511;3055;100;0;1
FR;5;2022-03-18;172;318;13;4;391;18;4;0;0;257474;165492;2350;37;196902;3073;104;0;1
FR;5;2022-03-19;752;1163;12;5;1555;33;8;0;0;258226;166655;2362;42;198457;3106;112;0;1
FR;5;2022-03-20;45;93;1;0;119;1;0;0;0;258271;166748;2363;42;198576;3107;112;0;1
FR;5;2022-03-21;71;120;10;6;136;15;8;0;0;258342;166868;2373;48;198712;3122;120;0;1
FR;5;2022-03-22;56;119;8;7;143;9;6;0;0;258398;166987;2381;55;198855;3131;126;0;1
FR;5;2022-03-23;805;1461;14;8;1878;36;9;0;0;259203;168448;2395;63;200733;3167;135;0;1
FR;5;2022-03-24;71;93;8;7;118;7;10;0;0;259274;168541;2403;70;200851;3174;145;0;1
FR;5;2022-03-25;222;293;14;8;388;18;9;0;0;259496;168834;2417;78;201239;3192;154;0;1
FR;5;2022-03-26;707;853;12;5;1273;26;6;0;1;260203;169687;2429;83;202512;3218;160;0;2
FR;5;2022-03-27;76;81;0;0;124;3;0;0;0;260279;169768;2429;83;202636;3221;160;0;2
FR;5;2022-03-28;81;93;1;2;132;3;2;0;0;260360;169861;2430;85;202768;3224;162;0;2
FR;5;2022-03-29;71;83;10;4;114;12;5;0;0;260431;169944;2440;89;202882;3236;167;0;2
FR;5;2022-03-30;823;1116;16;13;1604;29;14;0;0;261254;171060;2456;102;204486;3265;181;0;2
FR;5;2022-03-31;102;125;1;4;173;6;4;0;0;261356;171185;2457;106;204659;3271;185;0;2
FR;5;2022-04-01;114;86;7;12;135;11;12;0;1;261470;171271;2464;118;204794;3282;197;0;3
FR;5;2022-04-02;330;349;3;3;535;15;4;0;0;261800;171620;2467;121;205329;3297;201;0;3
FR;5;2022-04-03;54;59;1;0;88;1;0;0;0;261854;171679;2468;121;205417;3298;201;0;3
FR;5;2022-04-04;40;57;4;1;70;8;2;0;0;261894;171736;2472;122;205487;3306;203;0;3
FR;5;2022-04-05;53;60;6;6;75;9;5;0;0;261947;171796;2478;128;205562;3315;208;0;3
FR;5;2022-04-06;421;439;7;14;678;16;14;0;0;262368;172235;2485;142;206240;3331;222;0;3
FR;5;2022-04-07;45;69;5;7;89;7;10;0;0;262413;172304;2490;149;206329;3338;232;0;3
FR;5;2022-04-08;134;112;12;13;175;14;15;0;0;262547;172416;2502;162;206504;3352;247;0;3
FR;5;2022-04-09;311;324;2;5;511;17;5;0;0;262858;172740;2504;167;207015;3369;252;0;3
FR;5;2022-04-10;44;31;2;0;61;2;1;0;0;262902;172771;2506;167;207076;3371;253;0;3
FR;5;2022-04-11;50;60;3;2;78;4;3;0;0;262952;172831;2509;169;207154;3375;256;0;3
FR;5;2022-04-12;59;54;3;3;78;5;3;0;0;263011;172885;2512;172;207232;3380;259;0;3
FR;5;2022-04-13;382;413;3;8;606;16;8;0;0;263393;173298;2515;180;207838;3396;267;0;3
FR;5;2022-04-14;48;53;5;5;70;9;3;0;0;263441;173351;2520;185;207908;3405;270;0;3
FR;5;2022-04-15;91;111;4;4;152;5;6;0;0;263532;173462;2524;189;208060;3410;276;0;3
FR;5;2022-04-16;188;184;2;1;265;13;1;0;0;263720;173646;2526;190;208325;3423;277;0;3
FR;5;2022-04-17;12;11;1;0;17;1;0;0;0;263732;173657;2527;190;208342;3424;277;0;3
FR;5;2022-04-18;9;10;2;0;11;3;1;0;0;263741;173667;2529;190;208353;3427;278;0;3
FR;5;2022-04-19;75;71;6;1;96;6;4;0;0;263816;173738;2535;191;208449;3433;282;0;3
FR;5;2022-04-20;361;349;9;6;521;12;7;0;0;264177;174087;2544;197;208970;3445;289;0;3
FR;5;2022-04-21;42;64;9;10;71;12;14;0;0;264219;174151;2553;207;209041;3457;303;0;3
FR;5;2022-04-22;113;96;5;4;144;5;5;0;0;264332;174247;2558;211;209185;3462;308;0;3
FR;5;2022-04-23;209;193;4;2;284;11;3;0;0;264541;174440;2562;213;209469;3473;311;0;3
FR;5;2022-04-24;37;35;0;0;50;3;0;0;0;264578;174475;2562;213;209519;3476;311;0;3
FR;5;2022-04-25;69;65;1;1;102;4;1;0;0;264647;174540;2563;214;209621;3480;312;0;3
FR;5;2022-04-26;60;63;2;1;85;5;1;0;0;264707;174603;2565;215;209706;3485;313;0;3
FR;5;2022-04-27;335;316;3;7;463;14;8;0;0;265042;174919;2568;222;210169;3499;321;0;3
FR;5;2022-04-28;81;54;4;5;81;8;7;0;0;265123;174973;2572;227;210250;3507;328;0;3
FR;5;2022-04-29;117;84;5;19;118;12;17;0;0;265240;175057;2577;246;210368;3519;345;0;3
FR;5;2022-04-30;183;114;2;3;184;10;4;0;0;265423;175171;2579;249;210552;3529;349;0;3
FR;5;2022-05-01;11;7;0;0;11;0;0;0;0;265434;175178;2579;249;210563;3529;349;0;3
FR;5;2022-05-02;52;28;4;5;48;2;7;0;0;265486;175206;2583;254;210611;3531;356;0;3
FR;5;2022-05-03;87;57;2;4;84;11;4;0;0;265573;175263;2585;258;210695;3542;360;0;3
FR;5;2022-05-04;278;205;1;2;324;7;2;0;0;265851;175468;2586;260;211019;3549;362;0;3
FR;5;2022-05-05;62;32;3;4;46;5;4;0;0;265913;175500;2589;264;211065;3554;366;0;3
FR;5;2022-05-06;105;65;2;3;106;5;3;0;0;266018;175565;2591;267;211171;3559;369;0;3
FR;5;2022-05-07;171;117;2;10;180;13;7;0;0;266189;175682;2593;277;211351;3572;376;0;3
FR;5;2022-05-08;8;8;0;0;9;2;0;0;0;266197;175690;2593;277;211360;3574;376;0;3
FR;5;2022-05-09;44;34;15;3;51;16;4;0;0;266241;175724;2608;280;211411;3590;380;0;3
FR;5;2022-05-10;54;49;3;4;67;5;5;0;0;266295;175773;2611;284;211478;3595;385;0;3
FR;5;2022-05-11;327;237;12;7;344;21;11;0;0;266622;176010;2623;291;211822;3616;396;0;3
FR;5;2022-05-12;46;34;2;2;47;2;3;0;0;266668;176044;2625;293;211869;3618;399;0;3
FR;5;2022-05-13;109;83;3;8;120;8;7;0;0;266777;176127;2628;301;211989;3626;406;0;3
FR;5;2022-05-14;209;131;0;1;212;8;0;0;0;266986;176258;2628;302;212201;3634;406;0;3
FR;5;2022-05-15;22;9;2;0;18;1;1;0;0;267008;176267;2630;302;212219;3635;407;0;3
FR;5;2022-05-16;52;34;4;5;53;4;5;0;0;267060;176301;2634;307;212272;3639;412;0;3
FR;5;2022-05-17;72;40;5;0;68;2;3;0;0;267132;176341;2639;307;212340;3641;415;0;3
FR;5;2022-05-18;289;215;4;4;330;8;6;0;0;267421;176556;2643;311;212670;3649;421;0;3
FR;5;2022-05-19;45;35;5;3;42;3;4;0;0;267466;176591;2648;314;212712;3652;425;0;3
FR;5;2022-05-20;76;63;3;10;92;1;11;0;0;267542;176654;2651;324;212804;3653;436;0;3
FR;5;2022-05-21;242;166;2;3;268;17;1;0;0;267784;176820;2653;327;213072;3670;437;0;3
FR;5;2022-05-22;20;14;2;5;20;2;6;0;0;267804;176834;2655;332;213092;3672;443;0;3
FR;5;2022-05-23;42;31;4;3;42;6;3;0;0;267846;176865;2659;335;213134;3678;446;0;3
FR;5;2022-05-24;47;45;3;2;60;5;2;0;0;267893;176910;2662;337;213194;3683;448;0;3
FR;5;2022-05-25;329;258;4;1;386;16;1;0;0;268222;177168;2666;338;213580;3699;449;0;3
FR;5;2022-05-26;17;5;0;1;9;2;0;0;1;268239;177173;2666;339;213589;3701;449;0;4
FR;5;2022-05-27;99;54;4;4;89;9;3;0;0;268338;177227;2670;343;213678;3710;452;0;4
FR;5;2022-05-28;100;78;5;3;106;10;3;0;0;268438;177305;2675;346;213784;3720;455;0;4
FR;5;2022-05-29;14;14;1;0;18;2;0;0;0;268452;177319;2676;346;213802;3722;455;0;4
FR;5;2022-05-30;56;41;2;1;54;2;2;0;0;268508;177360;2678;347;213856;3724;457;0;4
FR;5;2022-05-31;57;43;1;8;62;1;8;0;0;268565;177403;2679;355;213918;3725;465;0;4
FR;5;2022-06-01;257;241;9;2;300;25;5;0;0;268822;177644;2688;357;214218;3750;470;0;4
FR;5;2022-06-02;63;61;5;0;73;9;1;0;0;268885;177705;2693;357;214291;3759;471;0;4
FR;5;2022-06-03;82;71;4;5;88;10;6;0;0;268967;177776;2697;362;214379;3769;477;0;4
FR;5;2022-06-04;157;109;2;1;187;9;1;0;0;269124;177885;2699;363;214566;3778;478;0;4
FR;5;2022-06-05;18;11;0;0;21;1;0;0;0;269142;177896;2699;363;214587;3779;478;0;4
FR;5;2022-06-06;16;12;0;1;15;0;1;0;0;269158;177908;2699;364;214602;3779;479;0;4
FR;5;2022-06-07;50;56;1;1;76;2;1;0;0;269208;177964;2700;365;214678;3781;480;0;4
FR;5;2022-06-08;283;225;3;4;332;17;2;0;0;269491;178189;2703;369;215010;3798;482;0;4
FR;5;2022-06-09;52;41;6;3;57;7;2;0;1;269543;178230;2709;372;215067;3805;484;0;5
FR;5;2022-06-10;81;72;1;1;105;6;1;0;0;269624;178302;2710;373;215172;3811;485;0;5
FR;5;2022-06-11;173;141;3;3;202;10;4;0;0;269797;178443;2713;376;215374;3821;489;0;5
FR;5;2022-06-12;17;16;0;0;19;2;0;0;0;269814;178459;2713;376;215393;3823;489;0;5
FR;5;2022-06-13;56;47;9;3;70;10;6;0;0;269870;178506;2722;379;215463;3833;495;0;5
FR;5;2022-06-14;59;56;1;4;64;6;4;0;0;269929;178562;2723;383;215527;3839;499;0;5
FR;5;2022-06-15;266;260;5;2;363;27;1;0;0;270195;178822;2728;385;215890;3866;500;0;5
FR;5;2022-06-16;47;30;5;2;44;5;2;0;0;270242;178852;2733;387;215934;3871;502;0;5
FR;5;2022-06-17;100;67;5;5;102;10;5;0;0;270342;178919;2738;392;216036;3881;507;0;5
FR;5;2022-06-18;146;95;10;2;152;26;2;0;1;270488;179014;2748;394;216188;3907;509;0;6
FR;5;2022-06-19;26;15;0;1;18;4;1;0;0;270514;179029;2748;395;216206;3911;510;0;6
FR;5;2022-06-20;56;50;8;0;62;11;2;0;0;270570;179079;2756;395;216268;3922;512;0;6
FR;5;2022-06-21;53;73;5;3;91;7;5;0;1;270623;179152;2761;398;216359;3929;517;0;7
FR;5;2022-06-22;224;248;7;9;348;33;10;0;0;270847;179400;2768;407;216707;3962;527;0;7
FR;5;2022-06-23;50;38;2;5;43;6;6;0;0;270897;179438;2770;412;216750;3968;533;0;7
FR;5;2022-06-24;91;70;12;5;101;16;8;0;0;270988;179508;2782;417;216851;3984;541;0;7
FR;5;2022-06-25;154;124;3;7;185;14;8;0;1;271142;179632;2785;424;217036;3998;549;0;8
FR;5;2022-06-26;26;19;2;0;29;5;0;0;0;271168;179651;2787;424;217065;4003;549;0;8
FR;5;2022-06-27;57;60;5;7;78;11;9;0;0;271225;179711;2792;431;217143;4014;558;0;8
FR;5;2022-06-28;70;49;8;2;69;14;5;0;0;271295;179760;2800;433;217212;4028;563;0;8
FR;5;2022-06-29;297;269;9;21;391;34;23;0;0;271592;180029;2809;454;217603;4062;586;0;8
FR;5;2022-06-30;89;57;10;12;89;17;11;0;0;271681;180086;2819;466;217692;4079;597;0;8
FR;5;2022-07-01;127;65;7;11;118;12;11;0;2;271808;180151;2826;477;217810;4091;608;0;10
FR;5;2022-07-02;191;132;4;0;210;22;0;0;0;271999;180283;2830;477;218020;4113;608;0;10
FR;5;2022-07-03;30;25;1;0;36;4;0;0;0;272029;180308;2831;477;218056;4117;608;0;10
FR;5;2022-07-04;103;65;2;5;102;7;5;0;1;272132;180373;2833;482;218158;4124;613;0;11
FR;5;2022-07-05;104;72;3;8;107;13;8;0;1;272236;180445;2836;490;218265;4137;621;0;12
FR;5;2022-07-06;278;168;9;36;289;27;36;0;0;272514;180613;2845;526;218554;4164;657;0;12
FR;5;2022-07-07;88;69;6;9;89;13;11;0;0;272602;180682;2851;535;218643;4177;668;0;12
FR;5;2022-07-08;152;120;7;14;146;25;13;0;1;272754;180802;2858;549;218789;4202;681;0;13
FR;5;2022-07-09;116;68;1;8;100;10;8;0;0;272870;180870;2859;557;218889;4212;689;0;13
FR;5;2022-07-10;15;6;0;0;10;1;0;0;0;272885;180876;2859;557;218899;4213;689;0;13
FR;5;2022-07-11;92;72;10;2;98;19;3;0;0;272977;180948;2869;559;218997;4232;692;0;13
FR;5;2022-07-12;67;63;5;10;81;7;12;0;0;273044;181011;2874;569;219078;4239;704;0;13
FR;5;2022-07-13;169;118;10;19;196;16;23;0;0;273213;181129;2884;588;219274;4255;727;0;13
FR;5;2022-07-14;8;4;0;0;7;0;0;0;0;273221;181133;2884;588;219281;4255;727;0;13
FR;5;2022-07-15;74;66;5;14;86;15;15;0;0;273295;181199;2889;602;219367;4270;742;0;13
FR;5;2022-07-16;54;44;3;0;71;3;2;0;0;273349;181243;2892;602;219438;4273;744;0;13
FR;5;2022-07-17;10;7;3;0;10;2;2;0;0;273359;181250;2895;602;219448;4275;746;0;13
FR;5;2022-07-18;60;47;0;4;70;4;3;0;0;273419;181297;2895;606;219518;4279;749;0;13
FR;5;2022-07-19;63;42;5;3;63;7;4;0;0;273482;181339;2900;609;219581;4286;753;0;13
FR;5;2022-07-20;120;106;4;11;141;14;9;0;0;273602;181445;2904;620;219722;4300;762;0;13
FR;5;2022-07-21;38;43;2;10;52;5;10;0;0;273640;181488;2906;630;219774;4305;772;0;13
FR;5;2022-07-22;48;69;11;13;75;23;11;0;1;273688;181557;2917;643;219849;4328;783;0;14
FR;5;2022-07-23;59;78;2;1;95;11;2;0;0;273747;181635;2919;644;219944;4339;785;0;14
FR;5;2022-07-24;11;9;3;1;12;3;1;0;0;273758;181644;2922;645;219956;4342;786;0;14
FR;5;2022-07-25;53;48;2;7;57;8;8;0;0;273811;181692;2924;652;220013;4350;794;0;14
FR;5;2022-07-26;58;52;5;41;70;6;44;0;0;273869;181744;2929;693;220083;4356;838;0;14
FR;5;2022-07-27;106;118;4;4;161;13;4;0;0;273975;181862;2933;697;220244;4369;842;0;14
FR;5;2022-07-28;39;35;2;2;47;6;1;0;0;274014;181897;2935;699;220291;4375;843;0;14
FR;5;2022-07-29;56;74;3;14;90;8;10;0;0;274070;181971;2938;713;220381;4383;853;0;14
FR;5;2022-07-30;55;53;5;1;76;7;2;0;0;274125;182024;2943;714;220457;4390;855;0;14
FR;5;2022-07-31;7;11;1;0;13;1;0;0;0;274132;182035;2944;714;220470;4391;855;0;14
FR;5;2022-08-01;39;53;1;2;64;6;2;0;0;274171;182088;2945;716;220534;4397;857;0;14
FR;5;2022-08-02;32;43;8;7;47;8;7;0;1;274203;182131;2953;723;220581;4405;864;0;15
FR;5;2022-08-03;54;51;4;10;70;9;8;0;0;274257;182182;2957;733;220651;4414;872;0;15
FR;5;2022-08-04;20;18;1;6;22;1;6;0;0;274277;182200;2958;739;220673;4415;878;0;15
FR;5;2022-08-05;35;26;3;3;39;3;3;0;0;274312;182226;2961;742;220712;4418;881;0;15
FR;5;2022-08-06;23;26;1;0;31;1;0;0;0;274335;182252;2962;742;220743;4419;881;0;15
FR;5;2022-08-07;2;2;1;0;1;1;1;0;0;274337;182254;2963;742;220744;4420;882;0;15
FR;5;2022-08-08;26;19;1;2;24;2;1;0;0;274363;182273;2964;744;220768;4422;883;0;15
FR;5;2022-08-09;26;28;3;3;35;3;3;0;0;274389;182301;2967;747;220803;4425;886;0;15
FR;5;2022-08-10;47;47;2;0;56;5;0;0;0;274436;182348;2969;747;220859;4430;886;0;15
FR;5;2022-08-11;19;36;2;2;42;5;2;0;0;274455;182384;2971;749;220901;4435;888;0;15
FR;5;2022-08-12;27;28;2;0;39;2;0;0;0;274482;182412;2973;749;220940;4437;888;0;15
FR;5;2022-08-13;16;18;0;0;24;0;0;0;0;274498;182430;2973;749;220964;4437;888;0;15
FR;5;2022-08-14;2;3;0;0;4;0;0;0;0;274500;182433;2973;749;220968;4437;888;0;15
FR;5;2022-08-15;2;6;0;0;6;0;0;0;0;274502;182439;2973;749;220974;4437;888;0;15
FR;5;2022-08-16;33;26;3;0;28;6;0;0;0;274535;182465;2976;749;221002;4443;888;0;15
FR;5;2022-08-17;52;55;2;1;72;1;1;0;0;274587;182520;2978;750;221074;4444;889;0;15
FR;5;2022-08-18;26;18;8;17;25;10;16;0;0;274613;182538;2986;767;221099;4454;905;0;15
FR;5;2022-08-19;26;34;1;2;43;2;2;0;0;274639;182572;2987;769;221142;4456;907;0;15
FR;5;2022-08-20;25;27;2;1;33;4;2;0;0;274664;182599;2989;770;221175;4460;909;0;15
FR;5;2022-08-21;7;4;1;0;7;1;0;0;0;274671;182603;2990;770;221182;4461;909;0;15
FR;5;2022-08-22;39;26;1;6;42;2;5;0;1;274710;182629;2991;776;221224;4463;914;0;16
FR;5;2022-08-23;27;26;1;1;32;2;1;0;0;274737;182655;2992;777;221256;4465;915;0;16
FR;5;2022-08-24;50;43;0;0;62;0;0;0;0;274787;182698;2992;777;221318;4465;915;0;16
FR;5;2022-08-25;27;26;3;1;31;2;0;0;1;274814;182724;2995;778;221349;4467;915;0;17
FR;5;2022-08-26;48;39;7;2;58;5;4;0;0;274862;182763;3002;780;221407;4472;919;0;17
FR;5;2022-08-27;46;28;1;0;46;3;1;0;0;274908;182791;3003;780;221453;4475;920;0;17
FR;5;2022-08-28;5;7;0;0;7;0;0;0;0;274913;182798;3003;780;221460;4475;920;0;17
FR;5;2022-08-29;58;44;1;1;66;4;1;0;0;274971;182842;3004;781;221526;4479;921;0;17
FR;5;2022-08-30;45;23;12;29;40;10;30;0;1;275016;182865;3016;810;221566;4489;951;0;18
FR;5;2022-08-31;53;47;6;1;58;11;1;0;0;275069;182912;3022;811;221624;4500;952;0;18
FR;5;2022-09-01;16;8;1;4;13;1;4;0;0;275085;182920;3023;815;221637;4501;956;0;18
FR;5;2022-09-02;42;23;8;2;35;9;3;0;0;275127;182943;3031;817;221672;4510;959;0;18
FR;5;2022-09-03;69;37;2;0;58;2;0;0;0;275196;182980;3033;817;221730;4512;959;0;18
FR;5;2022-09-04;12;7;1;0;8;3;0;0;0;275208;182987;3034;817;221738;4515;959;0;18
FR;5;2022-09-05;7;4;1;0;4;1;0;0;0;275215;182991;3035;817;221742;4516;959;0;18
FR;5;2022-09-06;23;14;3;15;17;2;14;0;2;275238;183005;3038;832;221759;4518;973;0;20
FR;5;2022-09-07;79;53;1;1;76;3;1;0;0;275317;183058;3039;833;221835;4521;974;0;20
FR;5;2022-09-08;10;4;0;4;7;0;4;0;0;275327;183062;3039;837;221842;4521;978;0;20
FR;5;2022-09-09;42;11;9;2;14;10;3;0;0;275369;183073;3048;839;221856;4531;981;0;20
FR;5;2022-09-10;40;45;1;1;50;8;1;0;0;275409;183118;3049;840;221906;4539;982;0;20
FR;5;2022-09-11;3;3;0;0;3;1;0;0;0;275412;183121;3049;840;221909;4540;982;0;20
FR;5;2022-09-12;7;5;2;2;7;2;2;0;0;275419;183126;3051;842;221916;4542;984;0;20
FR;5;2022-09-13;9;6;0;1;4;3;1;0;0;275428;183132;3051;843;221920;4545;985;0;20
FR;5;2022-09-14;52;47;4;6;55;9;5;0;0;275480;183179;3055;849;221975;4554;990;0;20
FR;5;2022-09-15;11;13;2;3;11;5;3;0;0;275491;183192;3057;852;221986;4559;993;0;20
FR;5;2022-09-16;25;33;1;4;38;3;3;0;0;275516;183225;3058;856;222024;4562;996;0;20
FR;5;2022-09-17;60;43;1;1;51;5;1;0;0;275576;183268;3059;857;222075;4567;997;0;20
FR;5;2022-09-18;9;6;0;1;10;1;0;0;0;275585;183274;3059;858;222085;4568;997;0;20
FR;5;2022-09-19;22;17;2;1;20;5;2;0;0;275607;183291;3061;859;222105;4573;999;0;20
FR;5;2022-09-20;15;11;3;3;15;1;4;0;0;275622;183302;3064;862;222120;4574;1003;0;20
FR;5;2022-09-21;68;45;9;0;65;13;0;0;0;275690;183347;3073;862;222185;4587;1003;0;20
FR;5;2022-09-22;12;6;4;24;6;4;23;0;1;275702;183353;3077;886;222191;4591;1026;0;21
FR;5;2022-09-23;20;25;2;3;23;8;3;0;0;275722;183378;3079;889;222214;4599;1029;0;21
FR;5;2022-09-24;44;51;1;8;65;5;8;0;0;275766;183429;3080;897;222279;4604;1037;0;21
FR;5;2022-09-25;6;12;0;0;13;1;0;0;0;275772;183441;3080;897;222292;4605;1037;0;21
FR;5;2022-09-26;15;7;0;2;12;0;1;0;1;275787;183448;3080;899;222304;4605;1038;0;22
FR;5;2022-09-27;7;12;4;9;14;4;9;0;1;275794;183460;3084;908;222318;4609;1047;0;23
FR;5;2022-09-28;65;67;5;0;91;7;0;0;0;275859;183527;3089;908;222409;4616;1047;0;23
FR;5;2022-09-29;17;9;1;0;15;1;1;0;1;275876;183536;3090;908;222424;4617;1048;0;24
FR;5;2022-09-30;28;47;2;2;54;4;3;0;0;275904;183583;3092;910;222478;4621;1051;0;24
FR;5;2022-10-01;40;35;5;5;48;8;7;0;0;275944;183618;3097;915;222526;4629;1058;0;24
FR;5;2022-10-02;1;9;1;0;10;1;0;0;0;275945;183627;3098;915;222536;4630;1058;0;24
FR;5;2022-10-03;7;6;3;0;5;4;0;0;0;275952;183633;3101;915;222541;4634;1058;0;24
FR;5;2022-10-04;11;8;1;3;11;2;3;0;0;275963;183641;3102;918;222552;4636;1061;0;24
FR;5;2022-10-05;57;62;2;2;79;13;2;0;0;276020;183703;3104;920;222631;4649;1063;0;24
FR;5;2022-10-06;12;10;1;4;15;2;4;0;0;276032;183713;3105;924;222646;4651;1067;0;24
FR;5;2022-10-07;21;31;1;0;34;5;0;0;0;276053;183744;3106;924;222680;4656;1067;0;24
FR;5;2022-10-08;33;51;1;0;54;7;0;0;0;276086;183795;3107;924;222734;4663;1067;0;24
FR;5;2022-10-09;7;10;0;0;11;1;0;0;0;276093;183805;3107;924;222745;4664;1067;0;24
FR;5;2022-10-10;14;6;0;1;8;1;1;0;0;276107;183811;3107;925;222753;4665;1068;0;24
FR;5;2022-10-11;6;13;2;1;14;2;2;0;0;276113;183824;3109;926;222767;4667;1070;0;24
FR;5;2022-10-12;40;57;3;2;69;8;2;0;0;276153;183881;3112;928;222836;4675;1072;0;24
FR;5;2022-10-13;11;16;2;0;18;4;0;0;0;276164;183897;3114;928;222854;4679;1072;0;24
FR;5;2022-10-14;21;21;1;0;20;5;0;0;0;276185;183918;3115;928;222874;4684;1072;0;24
FR;5;2022-10-15;19;26;10;0;25;11;2;0;0;276204;183944;3125;928;222899;4695;1074;0;24
FR;5;2022-10-16;3;1;0;0;1;1;0;0;0;276207;183945;3125;928;222900;4696;1074;0;24
FR;5;2022-10-17;8;8;2;1;8;3;1;0;2;276215;183953;3127;929;222908;4699;1075;0;26
FR;5;2022-10-18;6;7;0;2;8;0;2;0;0;276221;183960;3127;931;222916;4699;1077;0;26
FR;5;2022-10-19;38;44;8;0;53;11;0;0;1;276259;184004;3135;931;222969;4710;1077;0;27
FR;5;2022-10-20;18;15;2;1;16;3;1;0;0;276277;184019;3137;932;222985;4713;1078;0;27
FR;5;2022-10-21;22;15;6;0;19;8;1;0;2;276299;184034;3143;932;223004;4721;1079;0;29
FR;5;2022-10-22;35;29;2;12;32;5;12;0;0;276334;184063;3145;944;223036;4726;1091;0;29
FR;5;2022-10-23;9;3;0;0;4;0;0;0;0;276343;184066;3145;944;223040;4726;1091;0;29
FR;5;2022-10-24;14;7;6;7;9;9;8;0;0;276357;184073;3151;951;223049;4735;1099;0;29
FR;5;2022-10-25;13;9;6;3;9;8;3;0;2;276370;184082;3157;954;223058;4743;1102;0;31
FR;5;2022-10-26;34;22;6;0;29;10;0;0;0;276404;184104;3163;954;223087;4753;1102;0;31
FR;5;2022-10-27;16;4;4;0;11;4;0;0;0;276420;184108;3167;954;223098;4757;1102;0;31
FR;5;2022-10-28;19;13;5;3;14;6;4;0;0;276439;184121;3172;957;223112;4763;1106;0;31
FR;5;2022-10-29;21;13;0;0;17;3;0;0;0;276460;184134;3172;957;223129;4766;1106;0;31
FR;5;2022-10-30;1;4;2;0;4;3;0;0;0;276461;184138;3174;957;223133;4769;1106;0;31
FR;5;2022-10-31;14;11;2;1;12;3;1;0;0;276475;184149;3176;958;223145;4772;1107;0;31
FR;5;2022-11-01;3;3;0;1;3;0;1;0;0;276478;184152;3176;959;223148;4772;1108;0;31
FR;5;2022-11-02;23;17;5;4;23;5;5;0;0;276501;184169;3181;963;223171;4777;1113;0;31
FR;5;2022-11-03;22;4;1;1;11;1;1;0;0;276523;184173;3182;964;223182;4778;1114;0;31
FR;5;2022-11-04;19;18;1;0;18;2;0;0;0;276542;184191;3183;964;223200;4780;1114;0;31
FR;5;2022-11-05;25;16;1;0;21;1;0;0;0;276567;184207;3184;964;223221;4781;1114;0;31
FR;5;2022-11-06;1;7;0;0;7;0;0;0;0;276568;184214;3184;964;223228;4781;1114;0;31
FR;5;2022-11-07;9;3;3;0;3;3;0;0;0;276577;184217;3187;964;223231;4784;1114;0;31
FR;5;2022-11-08;12;7;1;2;8;1;1;0;0;276589;184224;3188;966;223239;4785;1115;0;31
FR;5;2022-11-09;30;29;6;1;32;6;1;0;0;276619;184253;3194;967;223271;4791;1116;0;31
FR;5;2022-11-10;11;16;1;0;17;1;0;0;0;276630;184269;3195;967;223288;4792;1116;0;31
FR;5;2022-11-11;2;4;0;1;6;0;1;0;0;276632;184273;3195;968;223294;4792;1117;0;31
FR;5;2022-11-12;19;10;5;9;18;6;9;0;2;276651;184283;3200;977;223312;4798;1126;0;33
FR;5;2022-11-13;2;2;0;1;2;0;1;0;0;276653;184285;3200;978;223314;4798;1127;0;33
FR;5;2022-11-14;8;11;0;1;10;3;0;0;0;276661;184296;3200;979;223324;4801;1127;0;33
FR;5;2022-11-15;8;6;4;3;6;4;3;0;0;276669;184302;3204;982;223330;4805;1130;0;33
FR;5;2022-11-16;29;28;2;1;33;5;0;0;0;276698;184330;3206;983;223363;4810;1130;0;33
FR;5;2022-11-17;6;15;4;0;15;5;0;0;0;276704;184345;3210;983;223378;4815;1130;0;33
FR;5;2022-11-18;17;17;7;0;19;9;0;0;0;276721;184362;3217;983;223397;4824;1130;0;33
FR;5;2022-11-19;18;27;2;0;28;6;0;0;0;276739;184389;3219;983;223425;4830;1130;0;33
FR;5;2022-11-20;6;3;0;0;5;0;0;0;0;276745;184392;3219;983;223430;4830;1130;0;33
FR;5;2022-11-21;8;5;0;2;4;2;1;0;0;276753;184397;3219;985;223434;4832;1131;0;33
FR;5;2022-11-22;9;3;0;1;4;0;1;0;0;276762;184400;3219;986;223438;4832;1132;0;33
FR;5;2022-11-23;34;25;6;1;27;13;0;0;0;276796;184425;3225;987;223465;4845;1132;0;33
FR;5;2022-11-24;3;7;2;0;8;1;1;0;0;276799;184432;3227;987;223473;4846;1133;0;33
FR;5;2022-11-25;15;20;2;0;25;3;0;0;1;276814;184452;3229;987;223498;4849;1133;0;34
FR;5;2022-11-26;22;19;4;0;20;8;0;0;0;276836;184471;3233;987;223518;4857;1133;0;34
FR;5;2022-11-27;7;0;1;0;3;1;0;0;0;276843;184471;3234;987;223521;4858;1133;0;34
FR;5;2022-11-28;7;15;3;0;15;5;0;0;0;276850;184486;3237;987;223536;4863;1133;0;34
FR;5;2022-11-29;10;9;1;0;11;3;0;0;1;276860;184495;3238;987;223547;4866;1133;0;35
FR;5;2022-11-30;35;48;12;0;56;17;1;0;0;276895;184543;3250;987;223603;4883;1134;0;35
FR;5;2022-12-01;5;10;2;0;10;3;0;0;0;276900;184553;3252;987;223613;4886;1134;0;35
FR;5;2022-12-02;1;5;2;1;4;3;1;0;0;276901;184558;3254;988;223617;4889;1135;0;35
FR;5;2022-12-03;3;3;8;1;5;8;1;0;0;276904;184561;3262;989;223622;4897;1136;0;35
FR;5;2022-12-04;3;2;1;0;2;2;0;0;0;276907;184563;3263;989;223624;4899;1136;0;35
FR;5;2022-12-05;1;1;0;0;0;1;0;0;0;276908;184564;3263;989;223624;4900;1136;0;35
FR;5;2022-12-06;5;1;0;0;1;0;0;0;1;276913;184565;3263;989;223625;4900;1136;0;36
FR;5;2022-12-07;5;8;1;0;8;1;0;0;0;276918;184573;3264;989;223633;4901;1136;0;36
FR;5;2022-12-08;2;2;0;0;2;0;0;0;0;276920;184575;3264;989;223635;4901;1136;0;36
FR;5;2022-12-09;5;8;0;0;6;2;0;0;0;276925;184583;3264;989;223641;4903;1136;0;36
FR;5;2022-12-10;4;7;2;1;8;2;1;0;0;276929;184590;3266;990;223649;4905;1137;0;36
FR;5;2022-12-11;2;0;0;0;0;0;0;0;0;276931;184590;3266;990;223649;4905;1137;0;36
FR;5;2022-12-12;0;0;0;0;0;0;0;0;0;276931;184590;3266;990;223649;4905;1137;0;36
FR;5;2022-12-13;2;3;0;0;4;1;0;0;0;276933;184593;3266;990;223653;4906;1137;0;36
FR;5;2022-12-14;2;3;0;9;3;1;8;0;3;276935;184596;3266;999;223656;4907;1145;0;39
FR;5;2022-12-15;0;2;0;0;2;0;0;0;0;276935;184598;3266;999;223658;4907;1145;0;39
FR;5;2022-12-16;3;3;2;0;4;3;0;0;0;276938;184601;3268;999;223662;4910;1145;0;39
FR;5;2022-12-17;3;3;3;0;3;2;1;0;0;276941;184604;3271;999;223665;4912;1146;0;39
FR;5;2022-12-18;3;0;0;1;0;0;1;0;1;276944;184604;3271;1000;223665;4912;1147;0;40
FR;5;2022-12-19;1;0;0;2;0;0;2;0;0;276945;184604;3271;1002;223665;4912;1149;0;40
FR;5;2022-12-20;0;1;3;0;1;3;0;0;0;276945;184605;3274;1002;223666;4915;1149;0;40
FR;5;2022-12-21;2;4;0;0;4;0;0;0;0;276947;184609;3274;1002;223670;4915;1149;0;40
FR;5;2022-12-22;2;2;1;0;2;1;0;0;0;276949;184611;3275;1002;223672;4916;1149;0;40
FR;5;2022-12-23;3;1;1;0;1;1;0;0;0;276952;184612;3276;1002;223673;4917;1149;0;40
FR;5;2022-12-24;0;1;0;0;1;0;0;0;0;276952;184613;3276;1002;223674;4917;1149;0;40
FR;5;2022-12-25;0;1;2;0;0;3;0;0;0;276952;184614;3278;1002;223674;4920;1149;0;40
FR;5;2022-12-26;2;2;0;0;2;0;0;0;0;276954;184616;3278;1002;223676;4920;1149;0;40
FR;5;2022-12-27;0;3;0;0;3;0;0;0;0;276954;184619;3278;1002;223679;4920;1149;0;40
FR;5;2022-12-28;5;3;3;0;3;3;2;0;0;276959;184622;3281;1002;223682;4923;1151;0;40
FR;5;2022-12-29;3;2;2;0;3;2;0;0;0;276962;184624;3283;1002;223685;4925;1151;0;40
FR;5;2022-12-30;3;2;1;0;2;1;0;0;0;276965;184626;3284;1002;223687;4926;1151;0;40
FR;5;2022-12-31;0;0;0;0;0;0;0;0;0;276965;184626;3284;1002;223687;4926;1151;0;40
FR;5;2023-01-01;0;0;0;0;0;0;0;0;0;276965;184626;3284;1002;223687;4926;1151;0;40
FR;5;2023-01-02;1;1;1;0;1;1;0;0;0;276966;184627;3285;1002;223688;4927;1151;0;40
FR;5;2023-01-03;3;1;0;0;2;0;0;0;0;276969;184628;3285;1002;223690;4927;1151;0;40
FR;5;2023-01-04;6;1;1;0;2;1;0;0;0;276975;184629;3286;1002;223692;4928;1151;0;40
FR;5;2023-01-05;0;3;0;0;3;0;0;0;0;276975;184632;3286;1002;223695;4928;1151;0;40
FR;5;2023-01-06;2;1;1;0;1;1;0;0;0;276977;184633;3287;1002;223696;4929;1151;0;40
FR;5;2023-01-07;5;1;1;0;1;2;0;0;0;276982;184634;3288;1002;223697;4931;1151;0;40
FR;5;2023-01-08;2;2;0;0;2;0;0;0;0;276984;184636;3288;1002;223699;4931;1151;0;40
FR;5;2023-01-09;4;0;1;0;1;1;0;0;0;276988;184636;3289;1002;223700;4932;1151;0;40
FR;5;2023-01-10;3;1;0;0;2;0;0;0;0;276991;184637;3289;1002;223702;4932;1151;0;40
FR;5;2023-01-11;7;5;3;0;4;4;0;0;0;276998;184642;3292;1002;223706;4936;1151;0;40
FR;5;2023-01-12;14;6;4;0;6;6;0;0;0;277012;184648;3296;1002;223712;4942;1151;0;40
FR;5;2023-01-13;56;16;16;0;31;18;0;0;0;277068;184664;3312;1002;223743;4960;1151;0;40
FR;5;2023-01-14;56;34;13;1;34;20;2;0;0;277124;184698;3325;1003;223777;4980;1153;0;40
FR;5;2023-01-15;13;9;0;0;5;4;0;0;0;277137;184707;3325;1003;223782;4984;1153;0;40
FR;5;2023-01-16;13;8;3;0;8;3;0;0;0;277150;184715;3328;1003;223790;4987;1153;0;40
FR;5;2023-01-17;12;8;3;0;4;7;0;0;0;277162;184723;3331;1003;223794;4994;1153;0;40
FR;5;2023-01-18;71;35;21;2;46;25;2;0;0;277233;184758;3352;1005;223840;5019;1155;0;40
FR;5;2023-01-19;13;6;8;0;5;10;1;0;0;277246;184764;3360;1005;223845;5029;1156;0;40
FR;5;2023-01-20;27;17;13;0;17;18;0;0;2;277273;184781;3373;1005;223862;5047;1156;0;42
FR;5;2023-01-21;34;23;18;1;31;21;1;0;0;277307;184804;3391;1006;223893;5068;1157;0;42
FR;5;2023-01-22;6;4;2;0;4;3;0;0;0;277313;184808;3393;1006;223897;5071;1157;0;42
FR;5;2023-01-23;6;5;3;0;3;5;0;0;0;277319;184813;3396;1006;223900;5076;1157;0;42
FR;5;2023-01-24;16;3;3;0;6;4;0;0;0;277335;184816;3399;1006;223906;5080;1157;0;42
FR;5;2023-01-25;33;31;12;2;27;23;2;0;0;277368;184847;3411;1008;223933;5103;1159;0;42
FR;5;2023-01-26;6;5;4;0;6;4;0;0;0;277374;184852;3415;1008;223939;5107;1159;0;42
FR;5;2023-01-27;18;13;8;0;17;8;1;0;0;277392;184865;3423;1008;223956;5115;1160;0;42
FR;5;2023-01-28;21;8;4;3;11;6;3;0;0;277413;184873;3427;1011;223967;5121;1163;0;42
FR;5;2023-01-29;0;3;0;0;2;1;0;0;0;277413;184876;3427;1011;223969;5122;1163;0;42
FR;5;2023-01-30;7;5;3;0;4;6;0;0;0;277420;184881;3430;1011;223973;5128;1163;0;42
FR;5;2023-01-31;3;7;2;0;5;4;0;0;0;277423;184888;3432;1011;223978;5132;1163;0;42
FR;5;2023-02-01;18;18;7;1;19;8;1;0;0;277441;184906;3439;1012;223997;5140;1164;0;42
FR;5;2023-02-02;7;8;1;0;7;2;0;0;0;277448;184914;3440;1012;224004;5142;1164;0;42
FR;5;2023-02-03;15;26;6;0;27;9;0;0;0;277463;184940;3446;1012;224031;5151;1164;0;42
FR;5;2023-02-04;15;23;5;0;25;6;0;0;0;277478;184963;3451;1012;224056;5157;1164;0;42
FR;5;2023-02-05;1;2;0;1;2;1;0;0;0;277479;184965;3451;1013;224058;5158;1164;0;42
FR;5;2023-02-06;12;11;7;0;12;7;0;0;0;277491;184976;3458;1013;224070;5165;1164;0;42
FR;5;2023-02-07;6;11;2;0;10;4;0;0;0;277497;184987;3460;1013;224080;5169;1164;0;42
FR;5;2023-02-08;29;35;8;0;39;10;0;0;0;277526;185022;3468;1013;224119;5179;1164;0;42
FR;5;2023-02-09;15;7;5;0;8;5;0;0;0;277541;185029;3473;1013;224127;5184;1164;0;42
FR;5;2023-02-10;11;22;5;0;24;7;0;0;0;277552;185051;3478;1013;224151;5191;1164;0;42
FR;5;2023-02-11;12;11;3;1;15;4;0;0;0;277564;185062;3481;1014;224166;5195;1164;0;42
FR;5;2023-02-12;4;7;1;0;8;1;0;0;0;277568;185069;3482;1014;224174;5196;1164;0;42
FR;5;2023-02-13;4;6;6;0;5;7;0;0;0;277572;185075;3488;1014;224179;5203;1164;0;42
FR;5;2023-02-14;11;8;2;0;9;3;0;0;0;277583;185083;3490;1014;224188;5206;1164;0;42
FR;5;2023-02-15;27;25;4;0;27;5;0;0;0;277610;185108;3494;1014;224215;5211;1164;0;42
FR;5;2023-02-16;8;4;3;0;8;3;0;0;0;277618;185112;3497;1014;224223;5214;1164;0;42
FR;5;2023-02-17;9;5;9;0;6;9;0;0;0;277627;185117;3506;1014;224229;5223;1164;0;42
FR;5;2023-02-18;9;14;3;1;16;3;1;0;0;277636;185131;3509;1015;224245;5226;1165;0;42
FR;5;2023-02-19;0;1;0;0;1;0;0;0;0;277636;185132;3509;1015;224246;5226;1165;0;42
FR;5;2023-02-20;6;6;4;0;6;5;0;0;0;277642;185138;3513;1015;224252;5231;1165;0;42
FR;5;2023-02-21;4;6;5;0;7;5;0;0;0;277646;185144;3518;1015;224259;5236;1165;0;42
FR;5;2023-02-22;10;16;5;0;15;5;1;0;0;277656;185160;3523;1015;224274;5241;1166;0;42
FR;5;2023-02-23;5;5;2;0;5;2;0;0;0;277661;185165;3525;1015;224279;5243;1166;0;42
FR;5;2023-02-24;17;23;1;0;22;3;0;0;0;277678;185188;3526;1015;224301;5246;1166;0;42
FR;5;2023-02-25;11;9;0;0;10;0;0;0;0;277689;185197;3526;1015;224311;5246;1166;0;42
FR;5;2023-02-26;1;1;0;0;1;0;0;0;0;277690;185198;3526;1015;224312;5246;1166;0;42
FR;5;2023-02-27;7;5;2;0;5;2;0;0;0;277697;185203;3528;1015;224317;5248;1166;0;42
FR;5;2023-02-28;4;8;2;0;8;4;0;0;0;277701;185211;3530;1015;224325;5252;1166;0;42
FR;5;2023-03-01;12;25;1;0;23;3;1;0;0;277713;185236;3531;1015;224348;5255;1167;0;42
FR;5;2023-03-02;7;13;3;0;12;5;0;0;0;277720;185249;3534;1015;224360;5260;1167;0;42
FR;5;2023-03-03;11;4;3;0;8;3;1;0;0;277731;185253;3537;1015;224368;5263;1168;0;42
FR;5;2023-03-04;8;17;7;0;18;8;0;0;0;277739;185270;3544;1015;224386;5271;1168;0;42
FR;5;2023-03-05;3;3;0;0;3;0;0;0;0;277742;185273;3544;1015;224389;5271;1168;0;42
FR;5;2023-03-06;2;8;2;0;6;4;0;0;0;277744;185281;3546;1015;224395;5275;1168;0;42
FR;5;2023-03-07;2;9;4;0;9;4;0;0;0;277746;185290;3550;1015;224404;5279;1168;0;42
FR;5;2023-03-08;9;21;1;0;22;1;0;0;0;277755;185311;3551;1015;224426;5280;1168;0;42
FR;5;2023-03-09;1;6;0;0;5;1;0;0;0;277756;185317;3551;1015;224431;5281;1168;0;42
FR;5;2023-03-10;3;7;2;1;8;2;1;0;0;277759;185324;3553;1016;224439;5283;1169;0;42
FR;5;2023-03-11;5;2;0;0;4;0;0;0;0;277764;185326;3553;1016;224443;5283;1169;0;42
FR;5;2023-03-12;0;1;0;0;1;0;0;0;0;277764;185327;3553;1016;224444;5283;1169;0;42
FR;5;2023-03-13;2;2;0;0;4;0;0;0;0;277766;185329;3553;1016;224448;5283;1169;0;42
FR;5;2023-03-14;6;1;1;1;5;1;1;0;0;277772;185330;3554;1017;224453;5284;1170;0;42
FR;5;2023-03-15;7;8;2;0;12;3;0;0;0;277779;185338;3556;1017;224465;5287;1170;0;42
FR;5;2023-03-16;2;6;0;0;6;0;0;0;0;277781;185344;3556;1017;224471;5287;1170;0;42
FR;5;2023-03-17;14;15;3;0;13;4;1;0;0;277795;185359;3559;1017;224484;5291;1171;0;42
FR;5;2023-03-18;4;9;0;0;9;1;0;0;0;277799;185368;3559;1017;224493;5292;1171;0;42
FR;5;2023-03-19;0;0;0;0;0;0;0;0;0;277799;185368;3559;1017;224493;5292;1171;0;42
FR;5;2023-03-20;3;8;0;0;9;0;0;0;0;277802;185376;3559;1017;224502;5292;1171;0;42
FR;5;2023-03-21;3;8;2;2;8;2;2;0;0;277805;185384;3561;1019;224510;5294;1173;0;42
FR;5;2023-03-22;9;22;3;0;20;4;0;0;0;277814;185406;3564;1019;224530;5298;1173;0;42
FR;5;2023-03-23;2;5;1;0;5;1;0;0;0;277816;185411;3565;1019;224535;5299;1173;0;42
FR;5;2023-03-24;5;9;1;0;9;3;0;0;0;277821;185420;3566;1019;224544;5302;1173;0;42
FR;5;2023-03-25;3;8;2;0;8;2;0;0;0;277824;185428;3568;1019;224552;5304;1173;0;42
FR;5;2023-03-26;0;1;0;0;0;1;0;0;0;277824;185429;3568;1019;224552;5305;1173;0;42
FR;5;2023-03-27;3;0;1;0;1;1;0;0;0;277827;185429;3569;1019;224553;5306;1173;0;42
FR;5;2023-03-28;3;3;0;0;4;0;0;0;0;277830;185432;3569;1019;224557;5306;1173;0;42
FR;5;2023-03-29;7;16;4;0;16;6;0;0;0;277837;185448;3573;1019;224573;5312;1173;0;42
FR;5;2023-03-30;3;2;0;0;4;0;0;0;1;277840;185450;3573;1019;224577;5312;1173;0;43
FR;5;2023-03-31;3;7;2;1;7;2;1;0;0;277843;185457;3575;1020;224584;5314;1174;0;43
FR;5;2023-04-01;5;7;3;1;5;4;2;0;0;277848;185464;3578;1021;224589;5318;1176;0;43
FR;5;2023-04-02;0;1;0;0;1;0;0;0;0;277848;185465;3578;1021;224590;5318;1176;0;43
FR;5;2023-04-03;3;4;2;0;4;0;2;0;0;277851;185469;3580;1021;224594;5318;1178;0;43
FR;5;2023-04-04;1;3;0;0;3;0;0;0;0;277852;185472;3580;1021;224597;5318;1178;0;43
FR;5;2023-04-05;3;6;1;0;5;2;0;0;0;277855;185478;3581;1021;224602;5320;1178;0;43
FR;5;2023-04-06;3;3;0;0;3;0;0;0;0;277858;185481;3581;1021;224605;5320;1178;0;43
FR;5;2023-04-07;5;4;1;0;4;1;0;0;0;277863;185485;3582;1021;224609;5321;1178;0;43
FR;5;2023-04-08;6;10;1;0;10;1;0;0;0;277869;185495;3583;1021;224619;5322;1178;0;43
FR;5;2023-04-09;0;0;0;0;0;0;0;0;0;277869;185495;3583;1021;224619;5322;1178;0;43
FR;5;2023-04-10;0;0;0;0;0;0;0;0;0;277869;185495;3583;1021;224619;5322;1178;0;43
FR;5;2023-04-11;1;6;0;0;6;0;0;0;1;277870;185501;3583;1021;224625;5322;1178;0;44
FR;5;2023-04-12;4;9;1;0;9;1;0;0;0;277874;185510;3584;1021;224634;5323;1178;0;44
FR;5;2023-04-13;2;1;2;0;0;3;0;0;0;277876;185511;3586;1021;224634;5326;1178;0;44
FR;5;2023-04-14;5;5;2;0;8;2;0;0;0;277881;185516;3588;1021;224642;5328;1178;0;44
FR;5;2023-04-15;3;4;0;0;4;0;0;0;0;277884;185520;3588;1021;224646;5328;1178;0;44
FR;5;2023-04-16;1;0;0;0;0;0;0;0;0;277885;185520;3588;1021;224646;5328;1178;0;44
FR;5;2023-04-17;4;4;3;0;4;3;0;0;0;277889;185524;3591;1021;224650;5331;1178;0;44
FR;5;2023-04-18;3;2;0;0;2;0;0;0;0;277892;185526;3591;1021;224652;5331;1178;0;44
FR;5;2023-04-19;10;7;0;0;3;5;0;0;0;277902;185533;3591;1021;224655;5336;1178;0;44
FR;5;2023-04-20;5;2;0;0;2;0;0;0;0;277907;185535;3591;1021;224657;5336;1178;0;44
FR;5;2023-04-21;3;7;1;0;6;2;0;0;0;277910;185542;3592;1021;224663;5338;1178;0;44
FR;5;2023-04-22;4;6;1;0;6;1;0;0;0;277914;185548;3593;1021;224669;5339;1178;0;44
FR;5;2023-04-23;1;0;0;0;0;0;0;0;0;277915;185548;3593;1021;224669;5339;1178;0;44
FR;5;2023-04-24;3;5;2;0;5;2;0;0;0;277918;185553;3595;1021;224674;5341;1178;0;44
FR;5;2023-04-25;0;1;1;2;1;1;2;0;0;277918;185554;3596;1023;224675;5342;1180;0;44
FR;5;2023-04-26;1;3;0;0;3;0;0;0;0;277919;185557;3596;1023;224678;5342;1180;0;44
FR;5;2023-04-27;3;3;0;0;2;1;0;0;0;277922;185560;3596;1023;224680;5343;1180;0;44
FR;5;2023-04-28;2;3;0;0;2;1;0;0;0;277924;185563;3596;1023;224682;5344;1180;0;44
FR;5;2023-04-29;2;8;0;0;8;0;0;0;0;277926;185571;3596;1023;224690;5344;1180;0;44
FR;5;2023-04-30;0;0;0;0;0;0;0;0;0;277926;185571;3596;1023;224690;5344;1180;0;44
FR;5;2023-05-01;0;0;0;0;0;0;0;0;0;277926;185571;3596;1023;224690;5344;1180;0;44
FR;5;2023-05-02;2;2;1;0;3;1;0;0;0;277928;185573;3597;1023;224693;5345;1180;0;44
FR;5;2023-05-03;5;3;0;0;3;0;0;0;0;277933;185576;3597;1023;224696;5345;1180;0;44
FR;6;2020-12-27;0;0;0;0;0;0;0;0;0;0;0;0;0;0;0;0;0;0
FR;6;2020-12-28;0;0;0;0;0;0;0;0;0;0;0;0;0;0;0;0;0;0
FR;6;2020-12-29;0;0;0;0;0;0;0;0;0;0;0;0;0;0;0;0;0;0
FR;6;2020-12-30;0;0;0;0;0;0;0;0;0;0;0;0;0;0;0;0;0;0
FR;6;2020-12-31;0;0;0;0;0;0;0;0;0;0;0;0;0;0;0;0;0;0
FR;6;2021-01-01;0;0;0;0;0;0;0;0;0;0;0;0;0;0;0;0;0;0
FR;6;2021-01-02;0;0;0;0;0;0;0;0;0;0;0;0;0;0;0;0;0;0
FR;6;2021-01-03;0;0;0;0;0;0;0;0;0;0;0;0;0;0;0;0;0;0
FR;6;2021-01-04;0;0;0;0;0;0;0;0;0;0;0;0;0;0;0;0;0;0
FR;6;2021-01-05;0;0;0;0;0;0;0;0;0;0;0;0;0;0;0;0;0;0
FR;6;2021-01-06;0;0;0;0;0;0;0;0;0;0;0;0;0;0;0;0;0;0
FR;6;2021-01-07;0;0;0;0;0;0;0;0;0;0;0;0;0;0;0;0;0;0
FR;6;2021-01-08;0;0;0;0;0;0;0;0;0;0;0;0;0;0;0;0;0;0
FR;6;2021-01-09;0;0;0;0;0;0;0;0;0;0;0;0;0;0;0;0;0;0
FR;6;2021-01-10;0;0;0;0;0;0;0;0;0;0;0;0;0;0;0;0;0;0
FR;6;2021-01-11;0;0;0;0;0;0;0;0;0;0;0;0;0;0;0;0;0;0
FR;6;2021-01-12;0;0;0;0;0;0;0;0;0;0;0;0;0;0;0;0;0;0
FR;6;2021-01-13;0;0;0;0;0;0;0;0;0;0;0;0;0;0;0;0;0;0
FR;6;2021-01-14;0;0;0;0;0;0;0;0;0;0;0;0;0;0;0;0;0;0
FR;6;2021-01-15;0;0;0;0;0;0;0;0;0;0;0;0;0;0;0;0;0;0
FR;6;2021-01-16;0;0;0;0;0;0;0;0;0;0;0;0;0;0;0;0;0;0
FR;6;2021-01-17;0;0;0;0;0;0;0;0;0;0;0;0;0;0;0;0;0;0
FR;6;2021-01-18;0;0;0;0;0;0;0;0;0;0;0;0;0;0;0;0;0;0
FR;6;2021-01-19;0;0;0;0;0;0;0;0;0;0;0;0;0;0;0;0;0;0
FR;6;2021-01-20;0;0;0;0;0;0;0;0;0;0;0;0;0;0;0;0;0;0
FR;6;2021-01-21;0;0;0;0;0;0;0;0;0;0;0;0;0;0;0;0;0;0
FR;6;2021-01-22;0;0;0;0;0;0;0;0;0;0;0;0;0;0;0;0;0;0
FR;6;2021-01-23;0;0;0;0;0;0;0;0;0;0;0;0;0;0;0;0;0;0
FR;6;2021-01-24;0;0;0;0;0;0;0;0;0;0;0;0;0;0;0;0;0;0
FR;6;2021-01-25;0;0;0;0;0;0;0;0;0;0;0;0;0;0;0;0;0;0
FR;6;2021-01-26;0;0;0;0;0;0;0;0;0;0;0;0;0;0;0;0;0;0
FR;6;2021-01-27;0;0;0;0;0;0;0;0;0;0;0;0;0;0;0;0;0;0
FR;6;2021-01-28;0;0;0;0;0;0;0;0;0;0;0;0;0;0;0;0;0;0
FR;6;2021-01-29;0;0;0;0;0;0;0;0;0;0;0;0;0;0;0;0;0;0
FR;6;2021-01-30;0;0;0;0;0;0;0;0;0;0;0;0;0;0;0;0;0;0
FR;6;2021-01-31;0;0;0;0;0;0;0;0;0;0;0;0;0;0;0;0;0;0
FR;6;2021-02-01;0;0;0;0;0;0;0;0;0;0;0;0;0;0;0;0;0;0
FR;6;2021-02-02;0;0;0;0;0;0;0;0;0;0;0;0;0;0;0;0;0;0
FR;6;2021-02-03;0;0;0;0;0;0;0;0;0;0;0;0;0;0;0;0;0;0
FR;6;2021-02-04;0;0;0;0;0;0;0;0;0;0;0;0;0;0;0;0;0;0
FR;6;2021-02-05;0;0;0;0;0;0;0;0;0;0;0;0;0;0;0;0;0;0
FR;6;2021-02-06;0;0;0;0;0;0;0;0;0;0;0;0;0;0;0;0;0;0
FR;6;2021-02-07;0;0;0;0;0;0;0;0;0;0;0;0;0;0;0;0;0;0
FR;6;2021-02-08;0;0;0;0;0;0;0;0;0;0;0;0;0;0;0;0;0;0
FR;6;2021-02-09;0;0;0;0;0;0;0;0;0;0;0;0;0;0;0;0;0;0
FR;6;2021-02-10;0;0;0;0;0;0;0;0;0;0;0;0;0;0;0;0;0;0
FR;6;2021-02-11;0;0;0;0;0;0;0;0;0;0;0;0;0;0;0;0;0;0
FR;6;2021-02-12;0;0;0;0;0;0;0;0;0;0;0;0;0;0;0;0;0;0
FR;6;2021-02-13;0;0;0;0;0;0;0;0;0;0;0;0;0;0;0;0;0;0
FR;6;2021-02-14;0;0;0;0;0;0;0;0;0;0;0;0;0;0;0;0;0;0
FR;6;2021-02-15;0;0;0;0;0;0;0;0;0;0;0;0;0;0;0;0;0;0
FR;6;2021-02-16;0;0;0;0;0;0;0;0;0;0;0;0;0;0;0;0;0;0
FR;6;2021-02-17;0;0;0;0;0;0;0;0;0;0;0;0;0;0;0;0;0;0
FR;6;2021-02-18;0;0;0;0;0;0;0;0;0;0;0;0;0;0;0;0;0;0
FR;6;2021-02-19;0;0;0;0;0;0;0;0;0;0;0;0;0;0;0;0;0;0
FR;6;2021-02-20;0;0;0;0;0;0;0;0;0;0;0;0;0;0;0;0;0;0
FR;6;2021-02-21;0;0;0;0;0;0;0;0;0;0;0;0;0;0;0;0;0;0
FR;6;2021-02-22;0;0;0;0;0;0;0;0;0;0;0;0;0;0;0;0;0;0
FR;6;2021-02-23;0;0;0;0;0;0;0;0;0;0;0;0;0;0;0;0;0;0
FR;6;2021-02-24;0;0;0;0;0;0;0;0;0;0;0;0;0;0;0;0;0;0
FR;6;2021-02-25;0;0;0;0;0;0;0;0;0;0;0;0;0;0;0;0;0;0
FR;6;2021-02-26;0;0;0;0;0;0;0;0;0;0;0;0;0;0;0;0;0;0
FR;6;2021-02-27;0;0;0;0;0;0;0;0;0;0;0;0;0;0;0;0;0;0
FR;6;2021-02-28;0;0;0;0;0;0;0;0;0;0;0;0;0;0;0;0;0;0
FR;6;2021-03-01;0;0;0;0;0;0;0;0;0;0;0;0;0;0;0;0;0;0
FR;6;2021-03-02;0;0;0;0;0;0;0;0;0;0;0;0;0;0;0;0;0;0
FR;6;2021-03-03;0;0;0;0;0;0;0;0;0;0;0;0;0;0;0;0;0;0
FR;6;2021-03-04;0;0;0;0;0;0;0;0;0;0;0;0;0;0;0;0;0;0
FR;6;2021-03-05;0;0;0;0;0;0;0;0;0;0;0;0;0;0;0;0;0;0
FR;6;2021-03-06;0;0;0;0;0;0;0;0;0;0;0;0;0;0;0;0;0;0
FR;6;2021-03-07;0;0;0;0;0;0;0;0;0;0;0;0;0;0;0;0;0;0
FR;6;2021-03-08;0;0;0;0;0;0;0;0;0;0;0;0;0;0;0;0;0;0
FR;6;2021-03-09;0;0;0;0;0;0;0;0;0;0;0;0;0;0;0;0;0;0
FR;6;2021-03-10;0;0;0;0;0;0;0;0;0;0;0;0;0;0;0;0;0;0
FR;6;2021-03-11;0;0;0;0;0;0;0;0;0;0;0;0;0;0;0;0;0;0
FR;6;2021-03-12;0;0;0;0;0;0;0;0;0;0;0;0;0;0;0;0;0;0
FR;6;2021-03-13;0;0;0;0;0;0;0;0;0;0;0;0;0;0;0;0;0;0
FR;6;2021-03-14;0;0;0;0;0;0;0;0;0;0;0;0;0;0;0;0;0;0
FR;6;2021-03-15;0;0;0;0;0;0;0;0;0;0;0;0;0;0;0;0;0;0
FR;6;2021-03-16;0;0;0;0;0;0;0;0;0;0;0;0;0;0;0;0;0;0
FR;6;2021-03-17;0;0;0;0;0;0;0;0;0;0;0;0;0;0;0;0;0;0
FR;6;2021-03-18;0;0;0;0;0;0;0;0;0;0;0;0;0;0;0;0;0;0
FR;6;2021-03-19;0;0;0;0;0;0;0;0;0;0;0;0;0;0;0;0;0;0
FR;6;2021-03-20;0;0;0;0;0;0;0;0;0;0;0;0;0;0;0;0;0;0
FR;6;2021-03-21;0;0;0;0;0;0;0;0;0;0;0;0;0;0;0;0;0;0
FR;6;2021-03-22;0;0;0;0;0;0;0;0;0;0;0;0;0;0;0;0;0;0
FR;6;2021-03-23;0;0;0;0;0;0;0;0;0;0;0;0;0;0;0;0;0;0
FR;6;2021-03-24;0;0;0;0;0;0;0;0;0;0;0;0;0;0;0;0;0;0
FR;6;2021-03-25;0;0;0;0;0;0;0;0;0;0;0;0;0;0;0;0;0;0
FR;6;2021-03-26;0;0;0;0;0;0;0;0;0;0;0;0;0;0;0;0;0;0
FR;6;2021-03-27;0;0;0;0;0;0;0;0;0;0;0;0;0;0;0;0;0;0
FR;6;2021-03-28;0;0;0;0;0;0;0;0;0;0;0;0;0;0;0;0;0;0
FR;6;2021-03-29;0;0;0;0;0;0;0;0;0;0;0;0;0;0;0;0;0;0
FR;6;2021-03-30;0;0;0;0;0;0;0;0;0;0;0;0;0;0;0;0;0;0
FR;6;2021-03-31;0;0;0;0;0;0;0;0;0;0;0;0;0;0;0;0;0;0
FR;6;2021-04-01;0;0;0;0;0;0;0;0;0;0;0;0;0;0;0;0;0;0
FR;6;2021-04-02;0;0;0;0;0;0;0;0;0;0;0;0;0;0;0;0;0;0
FR;6;2021-04-03;0;0;0;0;0;0;0;0;0;0;0;0;0;0;0;0;0;0
FR;6;2021-04-04;0;0;0;0;0;0;0;0;0;0;0;0;0;0;0;0;0;0
FR;6;2021-04-05;0;0;0;0;0;0;0;0;0;0;0;0;0;0;0;0;0;0
FR;6;2021-04-06;0;0;0;0;0;0;0;0;0;0;0;0;0;0;0;0;0;0
FR;6;2021-04-07;0;0;0;0;0;0;0;0;0;0;0;0;0;0;0;0;0;0
FR;6;2021-04-08;0;0;0;0;0;0;0;0;0;0;0;0;0;0;0;0;0;0
FR;6;2021-04-09;0;0;0;0;0;0;0;0;0;0;0;0;0;0;0;0;0;0
FR;6;2021-04-10;0;0;0;0;0;0;0;0;0;0;0;0;0;0;0;0;0;0
FR;6;2021-04-11;0;0;0;0;0;0;0;0;0;0;0;0;0;0;0;0;0;0
FR;6;2021-04-12;0;0;0;0;0;0;0;0;0;0;0;0;0;0;0;0;0;0
FR;6;2021-04-13;0;0;0;0;0;0;0;0;0;0;0;0;0;0;0;0;0;0
FR;6;2021-04-14;0;0;0;0;0;0;0;0;0;0;0;0;0;0;0;0;0;0
FR;6;2021-04-15;0;0;0;0;0;0;0;0;0;0;0;0;0;0;0;0;0;0
FR;6;2021-04-16;0;0;0;0;0;0;0;0;0;0;0;0;0;0;0;0;0;0
FR;6;2021-04-17;0;0;0;0;0;0;0;0;0;0;0;0;0;0;0;0;0;0
FR;6;2021-04-18;0;0;0;0;0;0;0;0;0;0;0;0;0;0;0;0;0;0
FR;6;2021-04-19;0;0;0;0;0;0;0;0;0;0;0;0;0;0;0;0;0;0
FR;6;2021-04-20;0;0;0;0;0;0;0;0;0;0;0;0;0;0;0;0;0;0
FR;6;2021-04-21;0;0;0;0;0;0;0;0;0;0;0;0;0;0;0;0;0;0
FR;6;2021-04-22;0;0;0;0;0;0;0;0;0;0;0;0;0;0;0;0;0;0
FR;6;2021-04-23;0;0;0;0;0;0;0;0;0;0;0;0;0;0;0;0;0;0
FR;6;2021-04-24;0;0;0;0;0;0;0;0;0;0;0;0;0;0;0;0;0;0
FR;6;2021-04-25;0;0;0;0;0;0;0;0;0;0;0;0;0;0;0;0;0;0
FR;6;2021-04-26;0;0;0;0;0;0;0;0;0;0;0;0;0;0;0;0;0;0
FR;6;2021-04-27;0;0;0;0;0;0;0;0;0;0;0;0;0;0;0;0;0;0
FR;6;2021-04-28;0;0;0;0;0;0;0;0;0;0;0;0;0;0;0;0;0;0
FR;6;2021-04-29;0;0;0;0;0;0;0;0;0;0;0;0;0;0;0;0;0;0
FR;6;2021-04-30;0;0;0;0;0;0;0;0;0;0;0;0;0;0;0;0;0;0
FR;6;2021-05-01;0;0;0;0;0;0;0;0;0;0;0;0;0;0;0;0;0;0
FR;6;2021-05-02;0;0;0;0;0;0;0;0;0;0;0;0;0;0;0;0;0;0
FR;6;2021-05-03;0;0;0;0;0;0;0;0;0;0;0;0;0;0;0;0;0;0
FR;6;2021-05-04;0;0;0;0;0;0;0;0;0;0;0;0;0;0;0;0;0;0
FR;6;2021-05-05;0;0;0;0;0;0;0;0;0;0;0;0;0;0;0;0;0;0
FR;6;2021-05-06;0;0;0;0;0;0;0;0;0;0;0;0;0;0;0;0;0;0
FR;6;2021-05-07;0;0;0;0;0;0;0;0;0;0;0;0;0;0;0;0;0;0
FR;6;2021-05-08;0;0;0;0;0;0;0;0;0;0;0;0;0;0;0;0;0;0
FR;6;2021-05-09;0;0;0;0;0;0;0;0;0;0;0;0;0;0;0;0;0;0
FR;6;2021-05-10;0;0;0;0;0;0;0;0;0;0;0;0;0;0;0;0;0;0
FR;6;2021-05-11;0;0;0;0;0;0;0;0;0;0;0;0;0;0;0;0;0;0
FR;6;2021-05-12;0;0;0;0;0;0;0;0;0;0;0;0;0;0;0;0;0;0
FR;6;2021-05-13;0;0;0;0;0;0;0;0;0;0;0;0;0;0;0;0;0;0
FR;6;2021-05-14;0;0;0;0;0;0;0;0;0;0;0;0;0;0;0;0;0;0
FR;6;2021-05-15;0;0;0;0;0;0;0;0;0;0;0;0;0;0;0;0;0;0
FR;6;2021-05-16;0;0;0;0;0;0;0;0;0;0;0;0;0;0;0;0;0;0
FR;6;2021-05-17;0;0;0;0;0;0;0;0;0;0;0;0;0;0;0;0;0;0
FR;6;2021-05-18;0;0;0;0;0;0;0;0;0;0;0;0;0;0;0;0;0;0
FR;6;2021-05-19;0;0;0;0;0;0;0;0;0;0;0;0;0;0;0;0;0;0
FR;6;2021-05-20;0;0;0;0;0;0;0;0;0;0;0;0;0;0;0;0;0;0
FR;6;2021-05-21;0;0;0;0;0;0;0;0;0;0;0;0;0;0;0;0;0;0
FR;6;2021-05-22;0;0;0;0;0;0;0;0;0;0;0;0;0;0;0;0;0;0
FR;6;2021-05-23;0;0;0;0;0;0;0;0;0;0;0;0;0;0;0;0;0;0
FR;6;2021-05-24;0;0;0;0;0;0;0;0;0;0;0;0;0;0;0;0;0;0
FR;6;2021-05-25;0;0;0;0;0;0;0;0;0;0;0;0;0;0;0;0;0;0
FR;6;2021-05-26;0;0;0;0;0;0;0;0;0;0;0;0;0;0;0;0;0;0
FR;6;2021-05-27;0;0;0;0;0;0;0;0;0;0;0;0;0;0;0;0;0;0
FR;6;2021-05-28;0;0;0;0;0;0;0;0;0;0;0;0;0;0;0;0;0;0
FR;6;2021-05-29;0;0;0;0;0;0;0;0;0;0;0;0;0;0;0;0;0;0
FR;6;2021-05-30;0;0;0;0;0;0;0;0;0;0;0;0;0;0;0;0;0;0
FR;6;2021-05-31;0;0;0;0;0;0;0;0;0;0;0;0;0;0;0;0;0;0
FR;6;2021-06-01;0;0;0;0;0;0;0;0;0;0;0;0;0;0;0;0;0;0
FR;6;2021-06-02;0;0;0;0;0;0;0;0;0;0;0;0;0;0;0;0;0;0
FR;6;2021-06-03;0;0;0;0;0;0;0;0;0;0;0;0;0;0;0;0;0;0
FR;6;2021-06-04;0;0;0;0;0;0;0;0;0;0;0;0;0;0;0;0;0;0
FR;6;2021-06-05;0;0;0;0;0;0;0;0;0;0;0;0;0;0;0;0;0;0
FR;6;2021-06-06;0;0;0;0;0;0;0;0;0;0;0;0;0;0;0;0;0;0
FR;6;2021-06-07;0;0;0;0;0;0;0;0;0;0;0;0;0;0;0;0;0;0
FR;6;2021-06-08;0;0;0;0;0;0;0;0;0;0;0;0;0;0;0;0;0;0
FR;6;2021-06-09;0;0;0;0;0;0;0;0;0;0;0;0;0;0;0;0;0;0
FR;6;2021-06-10;0;0;0;0;0;0;0;0;0;0;0;0;0;0;0;0;0;0
FR;6;2021-06-11;0;0;0;0;0;0;0;0;0;0;0;0;0;0;0;0;0;0
FR;6;2021-06-12;0;0;0;0;0;0;0;0;0;0;0;0;0;0;0;0;0;0
FR;6;2021-06-13;0;0;0;0;0;0;0;0;0;0;0;0;0;0;0;0;0;0
FR;6;2021-06-14;0;0;0;0;0;0;0;0;0;0;0;0;0;0;0;0;0;0
FR;6;2021-06-15;0;0;0;0;0;0;0;0;0;0;0;0;0;0;0;0;0;0
FR;6;2021-06-16;0;0;0;0;0;0;0;0;0;0;0;0;0;0;0;0;0;0
FR;6;2021-06-17;0;0;0;0;0;0;0;0;0;0;0;0;0;0;0;0;0;0
FR;6;2021-06-18;0;0;0;0;0;0;0;0;0;0;0;0;0;0;0;0;0;0
FR;6;2021-06-19;0;0;0;0;0;0;0;0;0;0;0;0;0;0;0;0;0;0
FR;6;2021-06-20;0;0;0;0;0;0;0;0;0;0;0;0;0;0;0;0;0;0
FR;6;2021-06-21;0;0;0;0;0;0;0;0;0;0;0;0;0;0;0;0;0;0
FR;6;2021-06-22;0;0;0;0;0;0;0;0;0;0;0;0;0;0;0;0;0;0
FR;6;2021-06-23;0;0;0;0;0;0;0;0;0;0;0;0;0;0;0;0;0;0
FR;6;2021-06-24;0;0;0;0;0;0;0;0;0;0;0;0;0;0;0;0;0;0
FR;6;2021-06-25;0;0;0;0;0;0;0;0;0;0;0;0;0;0;0;0;0;0
FR;6;2021-06-26;0;0;0;0;0;0;0;0;0;0;0;0;0;0;0;0;0;0
FR;6;2021-06-27;0;0;0;0;0;0;0;0;0;0;0;0;0;0;0;0;0;0
FR;6;2021-06-28;0;0;0;0;0;0;0;0;0;0;0;0;0;0;0;0;0;0
FR;6;2021-06-29;0;0;0;0;0;0;0;0;0;0;0;0;0;0;0;0;0;0
FR;6;2021-06-30;0;0;0;0;0;0;0;0;0;0;0;0;0;0;0;0;0;0
FR;6;2021-07-01;0;0;0;0;0;0;0;0;0;0;0;0;0;0;0;0;0;0
FR;6;2021-07-02;0;0;0;0;0;0;0;0;0;0;0;0;0;0;0;0;0;0
FR;6;2021-07-03;0;0;0;0;0;0;0;0;0;0;0;0;0;0;0;0;0;0
FR;6;2021-07-04;0;0;0;0;0;0;0;0;0;0;0;0;0;0;0;0;0;0
FR;6;2021-07-05;0;0;0;0;0;0;0;0;0;0;0;0;0;0;0;0;0;0
FR;6;2021-07-06;0;0;0;0;0;0;0;0;0;0;0;0;0;0;0;0;0;0
FR;6;2021-07-07;0;0;0;0;0;0;0;0;0;0;0;0;0;0;0;0;0;0
FR;6;2021-07-08;0;0;0;0;0;0;0;0;0;0;0;0;0;0;0;0;0;0
FR;6;2021-07-09;0;0;0;0;0;0;0;0;0;0;0;0;0;0;0;0;0;0
FR;6;2021-07-10;0;0;0;0;0;0;0;0;0;0;0;0;0;0;0;0;0;0
FR;6;2021-07-11;0;0;0;0;0;0;0;0;0;0;0;0;0;0;0;0;0;0
FR;6;2021-07-12;0;0;0;0;0;0;0;0;0;0;0;0;0;0;0;0;0;0
FR;6;2021-07-13;0;0;0;0;0;0;0;0;0;0;0;0;0;0;0;0;0;0
FR;6;2021-07-14;0;0;0;0;0;0;0;0;0;0;0;0;0;0;0;0;0;0
FR;6;2021-07-15;0;0;0;0;0;0;0;0;0;0;0;0;0;0;0;0;0;0
FR;6;2021-07-16;0;0;0;0;0;0;0;0;0;0;0;0;0;0;0;0;0;0
FR;6;2021-07-17;0;0;0;0;0;0;0;0;0;0;0;0;0;0;0;0;0;0
FR;6;2021-07-18;0;0;0;0;0;0;0;0;0;0;0;0;0;0;0;0;0;0
FR;6;2021-07-19;0;0;0;0;0;0;0;0;0;0;0;0;0;0;0;0;0;0
FR;6;2021-07-20;0;0;0;0;0;0;0;0;0;0;0;0;0;0;0;0;0;0
FR;6;2021-07-21;0;0;0;0;0;0;0;0;0;0;0;0;0;0;0;0;0;0
FR;6;2021-07-22;0;0;0;0;0;0;0;0;0;0;0;0;0;0;0;0;0;0
FR;6;2021-07-23;0;0;0;0;0;0;0;0;0;0;0;0;0;0;0;0;0;0
FR;6;2021-07-24;0;0;0;0;0;0;0;0;0;0;0;0;0;0;0;0;0;0
FR;6;2021-07-25;0;0;0;0;0;0;0;0;0;0;0;0;0;0;0;0;0;0
FR;6;2021-07-26;0;0;0;0;0;0;0;0;0;0;0;0;0;0;0;0;0;0
FR;6;2021-07-27;0;0;0;0;0;0;0;0;0;0;0;0;0;0;0;0;0;0
FR;6;2021-07-28;0;0;0;0;0;0;0;0;0;0;0;0;0;0;0;0;0;0
FR;6;2021-07-29;0;0;0;0;0;0;0;0;0;0;0;0;0;0;0;0;0;0
FR;6;2021-07-30;0;0;0;0;0;0;0;0;0;0;0;0;0;0;0;0;0;0
FR;6;2021-07-31;0;0;0;0;0;0;0;0;0;0;0;0;0;0;0;0;0;0
FR;6;2021-08-01;0;0;0;0;0;0;0;0;0;0;0;0;0;0;0;0;0;0
FR;6;2021-08-02;0;0;0;0;0;0;0;0;0;0;0;0;0;0;0;0;0;0
FR;6;2021-08-03;0;0;0;0;0;0;0;0;0;0;0;0;0;0;0;0;0;0
FR;6;2021-08-04;0;0;0;0;0;0;0;0;0;0;0;0;0;0;0;0;0;0
FR;6;2021-08-05;0;0;0;0;0;0;0;0;0;0;0;0;0;0;0;0;0;0
FR;6;2021-08-06;0;0;0;0;0;0;0;0;0;0;0;0;0;0;0;0;0;0
FR;6;2021-08-07;0;0;0;0;0;0;0;0;0;0;0;0;0;0;0;0;0;0
FR;6;2021-08-08;0;0;0;0;0;0;0;0;0;0;0;0;0;0;0;0;0;0
FR;6;2021-08-09;0;0;0;0;0;0;0;0;0;0;0;0;0;0;0;0;0;0
FR;6;2021-08-10;0;0;0;0;0;0;0;0;0;0;0;0;0;0;0;0;0;0
FR;6;2021-08-11;0;0;0;0;0;0;0;0;0;0;0;0;0;0;0;0;0;0
FR;6;2021-08-12;0;0;0;0;0;0;0;0;0;0;0;0;0;0;0;0;0;0
FR;6;2021-08-13;0;0;0;0;0;0;0;0;0;0;0;0;0;0;0;0;0;0
FR;6;2021-08-14;0;0;0;0;0;0;0;0;0;0;0;0;0;0;0;0;0;0
FR;6;2021-08-15;0;0;0;0;0;0;0;0;0;0;0;0;0;0;0;0;0;0
FR;6;2021-08-16;0;0;0;0;0;0;0;0;0;0;0;0;0;0;0;0;0;0
FR;6;2021-08-17;0;0;0;0;0;0;0;0;0;0;0;0;0;0;0;0;0;0
FR;6;2021-08-18;0;0;0;0;0;0;0;0;0;0;0;0;0;0;0;0;0;0
FR;6;2021-08-19;0;0;0;0;0;0;0;0;0;0;0;0;0;0;0;0;0;0
FR;6;2021-08-20;0;0;0;0;0;0;0;0;0;0;0;0;0;0;0;0;0;0
FR;6;2021-08-21;0;0;0;0;0;0;0;0;0;0;0;0;0;0;0;0;0;0
FR;6;2021-08-22;0;0;0;0;0;0;0;0;0;0;0;0;0;0;0;0;0;0
FR;6;2021-08-23;0;0;0;0;0;0;0;0;0;0;0;0;0;0;0;0;0;0
FR;6;2021-08-24;0;0;0;0;0;0;0;0;0;0;0;0;0;0;0;0;0;0
FR;6;2021-08-25;0;0;0;0;0;0;0;0;0;0;0;0;0;0;0;0;0;0
FR;6;2021-08-26;0;0;0;0;0;0;0;0;0;0;0;0;0;0;0;0;0;0
FR;6;2021-08-27;0;0;0;0;0;0;0;0;0;0;0;0;0;0;0;0;0;0
FR;6;2021-08-28;0;0;0;0;0;0;0;0;0;0;0;0;0;0;0;0;0;0
FR;6;2021-08-29;0;0;0;0;0;0;0;0;0;0;0;0;0;0;0;0;0;0
FR;6;2021-08-30;0;0;0;0;0;0;0;0;0;0;0;0;0;0;0;0;0;0
FR;6;2021-08-31;0;0;0;0;0;0;0;0;0;0;0;0;0;0;0;0;0;0
FR;6;2021-09-01;0;0;0;0;0;0;0;0;0;0;0;0;0;0;0;0;0;0
FR;6;2021-09-02;0;0;0;0;0;0;0;0;0;0;0;0;0;0;0;0;0;0
FR;6;2021-09-03;0;0;0;0;0;0;0;0;0;0;0;0;0;0;0;0;0;0
FR;6;2021-09-04;0;0;0;0;0;0;0;0;0;0;0;0;0;0;0;0;0;0
FR;6;2021-09-05;0;0;0;0;0;0;0;0;0;0;0;0;0;0;0;0;0;0
FR;6;2021-09-06;0;0;0;0;0;0;0;0;0;0;0;0;0;0;0;0;0;0
FR;6;2021-09-07;0;0;0;0;0;0;0;0;0;0;0;0;0;0;0;0;0;0
FR;6;2021-09-08;0;0;0;0;0;0;0;0;0;0;0;0;0;0;0;0;0;0
FR;6;2021-09-09;0;0;0;0;0;0;0;0;0;0;0;0;0;0;0;0;0;0
FR;6;2021-09-10;0;0;0;0;0;0;0;0;0;0;0;0;0;0;0;0;0;0
FR;6;2021-09-11;0;0;0;0;0;0;0;0;0;0;0;0;0;0;0;0;0;0
FR;6;2021-09-12;0;0;0;0;0;0;0;0;0;0;0;0;0;0;0;0;0;0
FR;6;2021-09-13;0;0;0;0;0;0;0;0;0;0;0;0;0;0;0;0;0;0
FR;6;2021-09-14;0;0;0;0;0;0;0;0;0;0;0;0;0;0;0;0;0;0
FR;6;2021-09-15;0;0;0;0;0;0;0;0;0;0;0;0;0;0;0;0;0;0
FR;6;2021-09-16;0;0;0;0;0;0;0;0;0;0;0;0;0;0;0;0;0;0
FR;6;2021-09-17;0;0;0;0;0;0;0;0;0;0;0;0;0;0;0;0;0;0
FR;6;2021-09-18;0;0;0;0;0;0;0;0;0;0;0;0;0;0;0;0;0;0
FR;6;2021-09-19;0;0;0;0;0;0;0;0;0;0;0;0;0;0;0;0;0;0
FR;6;2021-09-20;0;0;0;0;0;0;0;0;0;0;0;0;0;0;0;0;0;0
FR;6;2021-09-21;0;0;0;0;0;0;0;0;0;0;0;0;0;0;0;0;0;0
FR;6;2021-09-22;0;0;0;0;0;0;0;0;0;0;0;0;0;0;0;0;0;0
FR;6;2021-09-23;0;0;0;0;0;0;0;0;0;0;0;0;0;0;0;0;0;0
FR;6;2021-09-24;0;0;0;0;0;0;0;0;0;0;0;0;0;0;0;0;0;0
FR;6;2021-09-25;0;0;0;0;0;0;0;0;0;0;0;0;0;0;0;0;0;0
FR;6;2021-09-26;0;0;0;0;0;0;0;0;0;0;0;0;0;0;0;0;0;0
FR;6;2021-09-27;0;0;0;0;0;0;0;0;0;0;0;0;0;0;0;0;0;0
FR;6;2021-09-28;0;0;0;0;0;0;0;0;0;0;0;0;0;0;0;0;0;0
FR;6;2021-09-29;0;0;0;0;0;0;0;0;0;0;0;0;0;0;0;0;0;0
FR;6;2021-09-30;0;0;0;0;0;0;0;0;0;0;0;0;0;0;0;0;0;0
FR;6;2021-10-01;0;0;0;0;0;0;0;0;0;0;0;0;0;0;0;0;0;0
FR;6;2021-10-02;0;0;0;0;0;0;0;0;0;0;0;0;0;0;0;0;0;0
FR;6;2021-10-03;0;0;0;0;0;0;0;0;0;0;0;0;0;0;0;0;0;0
FR;6;2021-10-04;0;0;0;0;0;0;0;0;0;0;0;0;0;0;0;0;0;0
FR;6;2021-10-05;0;0;0;0;0;0;0;0;0;0;0;0;0;0;0;0;0;0
FR;6;2021-10-06;0;0;0;0;0;0;0;0;0;0;0;0;0;0;0;0;0;0
FR;6;2021-10-07;0;0;0;0;0;0;0;0;0;0;0;0;0;0;0;0;0;0
FR;6;2021-10-08;0;0;0;0;0;0;0;0;0;0;0;0;0;0;0;0;0;0
FR;6;2021-10-09;0;0;0;0;0;0;0;0;0;0;0;0;0;0;0;0;0;0
FR;6;2021-10-10;0;0;0;0;0;0;0;0;0;0;0;0;0;0;0;0;0;0
FR;6;2021-10-11;0;0;0;0;0;0;0;0;0;0;0;0;0;0;0;0;0;0
FR;6;2021-10-12;0;0;0;0;0;0;0;0;0;0;0;0;0;0;0;0;0;0
FR;6;2021-10-13;0;0;0;0;0;0;0;0;0;0;0;0;0;0;0;0;0;0
FR;6;2021-10-14;0;0;0;0;0;0;0;0;0;0;0;0;0;0;0;0;0;0
FR;6;2021-10-15;0;0;0;0;0;0;0;0;0;0;0;0;0;0;0;0;0;0
FR;6;2021-10-16;0;0;0;0;0;0;0;0;0;0;0;0;0;0;0;0;0;0
FR;6;2021-10-17;0;0;0;0;0;0;0;0;0;0;0;0;0;0;0;0;0;0
FR;6;2021-10-18;0;0;0;0;0;0;0;0;0;0;0;0;0;0;0;0;0;0
FR;6;2021-10-19;0;0;0;0;0;0;0;0;0;0;0;0;0;0;0;0;0;0
FR;6;2021-10-20;0;0;0;0;0;0;0;0;0;0;0;0;0;0;0;0;0;0
FR;6;2021-10-21;0;0;0;0;0;0;0;0;0;0;0;0;0;0;0;0;0;0
FR;6;2021-10-22;0;0;0;0;0;0;0;0;0;0;0;0;0;0;0;0;0;0
FR;6;2021-10-23;0;0;0;0;0;0;0;0;0;0;0;0;0;0;0;0;0;0
FR;6;2021-10-24;0;0;0;0;0;0;0;0;0;0;0;0;0;0;0;0;0;0
FR;6;2021-10-25;0;0;0;0;0;0;0;0;0;0;0;0;0;0;0;0;0;0
FR;6;2021-10-26;0;0;0;0;0;0;0;0;0;0;0;0;0;0;0;0;0;0
FR;6;2021-10-27;0;0;0;0;0;0;0;0;0;0;0;0;0;0;0;0;0;0
FR;6;2021-10-28;0;0;0;0;0;0;0;0;0;0;0;0;0;0;0;0;0;0
FR;6;2021-10-29;0;0;0;0;0;0;0;0;0;0;0;0;0;0;0;0;0;0
FR;6;2021-10-30;0;0;0;0;0;0;0;0;0;0;0;0;0;0;0;0;0;0
FR;6;2021-10-31;0;0;0;0;0;0;0;0;0;0;0;0;0;0;0;0;0;0
FR;6;2021-11-01;0;0;0;0;0;0;0;0;0;0;0;0;0;0;0;0;0;0
FR;6;2021-11-02;0;0;0;0;0;0;0;0;0;0;0;0;0;0;0;0;0;0
FR;6;2021-11-03;0;0;0;0;0;0;0;0;0;0;0;0;0;0;0;0;0;0
FR;6;2021-11-04;0;0;0;0;0;0;0;0;0;0;0;0;0;0;0;0;0;0
FR;6;2021-11-05;0;0;0;0;0;0;0;0;0;0;0;0;0;0;0;0;0;0
FR;6;2021-11-06;0;0;0;0;0;0;0;0;0;0;0;0;0;0;0;0;0;0
FR;6;2021-11-07;0;0;0;0;0;0;0;0;0;0;0;0;0;0;0;0;0;0
FR;6;2021-11-08;0;0;0;0;0;0;0;0;0;0;0;0;0;0;0;0;0;0
FR;6;2021-11-09;0;0;0;0;0;0;0;0;0;0;0;0;0;0;0;0;0;0
FR;6;2021-11-10;0;0;0;0;0;0;0;0;0;0;0;0;0;0;0;0;0;0
FR;6;2021-11-11;0;0;0;0;0;0;0;0;0;0;0;0;0;0;0;0;0;0
FR;6;2021-11-12;0;0;0;0;0;0;0;0;0;0;0;0;0;0;0;0;0;0
FR;6;2021-11-13;0;0;0;0;0;0;0;0;0;0;0;0;0;0;0;0;0;0
FR;6;2021-11-14;0;0;0;0;0;0;0;0;0;0;0;0;0;0;0;0;0;0
FR;6;2021-11-15;0;0;0;0;0;0;0;0;0;0;0;0;0;0;0;0;0;0
FR;6;2021-11-16;0;0;0;0;0;0;0;0;0;0;0;0;0;0;0;0;0;0
FR;6;2021-11-17;0;0;0;0;0;0;0;0;0;0;0;0;0;0;0;0;0;0
FR;6;2021-11-18;0;0;0;0;0;0;0;0;0;0;0;0;0;0;0;0;0;0
FR;6;2021-11-19;0;0;0;0;0;0;0;0;0;0;0;0;0;0;0;0;0;0
FR;6;2021-11-20;0;0;0;0;0;0;0;0;0;0;0;0;0;0;0;0;0;0
FR;6;2021-11-21;0;0;0;0;0;0;0;0;0;0;0;0;0;0;0;0;0;0
FR;6;2021-11-22;0;0;0;0;0;0;0;0;0;0;0;0;0;0;0;0;0;0
FR;6;2021-11-23;0;0;0;0;0;0;0;0;0;0;0;0;0;0;0;0;0;0
FR;6;2021-11-24;0;0;0;0;0;0;0;0;0;0;0;0;0;0;0;0;0;0
FR;6;2021-11-25;0;0;0;0;0;0;0;0;0;0;0;0;0;0;0;0;0;0
FR;6;2021-11-26;0;0;0;0;0;0;0;0;0;0;0;0;0;0;0;0;0;0
FR;6;2021-11-27;0;0;0;0;0;0;0;0;0;0;0;0;0;0;0;0;0;0
FR;6;2021-11-28;0;0;0;0;0;0;0;0;0;0;0;0;0;0;0;0;0;0
FR;6;2021-11-29;0;0;0;0;0;0;0;0;0;0;0;0;0;0;0;0;0;0
FR;6;2021-11-30;0;0;0;0;0;0;0;0;0;0;0;0;0;0;0;0;0;0
FR;6;2021-12-01;0;0;0;0;0;0;0;0;0;0;0;0;0;0;0;0;0;0
FR;6;2021-12-02;0;0;0;0;0;0;0;0;0;0;0;0;0;0;0;0;0;0
FR;6;2021-12-03;0;0;0;0;0;0;0;0;0;0;0;0;0;0;0;0;0;0
FR;6;2021-12-04;0;0;0;0;0;0;0;0;0;0;0;0;0;0;0;0;0;0
FR;6;2021-12-05;0;0;0;0;0;0;0;0;0;0;0;0;0;0;0;0;0;0
FR;6;2021-12-06;0;0;0;0;0;0;0;0;0;0;0;0;0;0;0;0;0;0
FR;6;2021-12-07;0;0;0;0;0;0;0;0;0;0;0;0;0;0;0;0;0;0
FR;6;2021-12-08;0;0;0;0;0;0;0;0;0;0;0;0;0;0;0;0;0;0
FR;6;2021-12-09;0;0;0;0;0;0;0;0;0;0;0;0;0;0;0;0;0;0
FR;6;2021-12-10;0;0;0;0;0;0;0;0;0;0;0;0;0;0;0;0;0;0
FR;6;2021-12-11;0;0;0;0;0;0;0;0;0;0;0;0;0;0;0;0;0;0
FR;6;2021-12-12;0;0;0;0;0;0;0;0;0;0;0;0;0;0;0;0;0;0
FR;6;2021-12-13;0;0;0;0;0;0;0;0;0;0;0;0;0;0;0;0;0;0
FR;6;2021-12-14;0;0;0;0;0;0;0;0;0;0;0;0;0;0;0;0;0;0
FR;6;2021-12-15;0;0;0;0;0;0;0;0;0;0;0;0;0;0;0;0;0;0
FR;6;2021-12-16;0;0;0;0;0;0;0;0;0;0;0;0;0;0;0;0;0;0
FR;6;2021-12-17;0;0;0;0;0;0;0;0;0;0;0;0;0;0;0;0;0;0
FR;6;2021-12-18;0;0;0;0;0;0;0;0;0;0;0;0;0;0;0;0;0;0
FR;6;2021-12-19;0;0;0;0;0;0;0;0;0;0;0;0;0;0;0;0;0;0
FR;6;2021-12-20;0;0;0;0;0;0;0;0;0;0;0;0;0;0;0;0;0;0
FR;6;2021-12-21;0;0;0;0;0;0;0;0;0;0;0;0;0;0;0;0;0;0
FR;6;2021-12-22;0;0;0;0;0;0;0;0;0;0;0;0;0;0;0;0;0;0
FR;6;2021-12-23;0;0;0;0;0;0;0;0;0;0;0;0;0;0;0;0;0;0
FR;6;2021-12-24;0;0;0;0;0;0;0;0;0;0;0;0;0;0;0;0;0;0
FR;6;2021-12-25;0;0;0;0;0;0;0;0;0;0;0;0;0;0;0;0;0;0
FR;6;2021-12-26;0;0;0;0;0;0;0;0;0;0;0;0;0;0;0;0;0;0
FR;6;2021-12-27;0;0;0;0;0;0;0;0;0;0;0;0;0;0;0;0;0;0
FR;6;2021-12-28;0;0;0;0;0;0;0;0;0;0;0;0;0;0;0;0;0;0
FR;6;2021-12-29;0;0;0;0;0;0;0;0;0;0;0;0;0;0;0;0;0;0
FR;6;2021-12-30;0;0;0;0;0;0;0;0;0;0;0;0;0;0;0;0;0;0
FR;6;2021-12-31;0;0;0;0;0;0;0;0;0;0;0;0;0;0;0;0;0;0
FR;6;2022-01-01;0;0;0;0;0;0;0;0;0;0;0;0;0;0;0;0;0;0
FR;6;2022-01-02;0;0;0;0;0;0;0;0;0;0;0;0;0;0;0;0;0;0
FR;6;2022-01-03;0;0;0;0;0;0;0;0;0;0;0;0;0;0;0;0;0;0
FR;6;2022-01-04;0;0;0;0;0;0;0;0;0;0;0;0;0;0;0;0;0;0
FR;6;2022-01-05;0;0;0;0;0;0;0;0;0;0;0;0;0;0;0;0;0;0
FR;6;2022-01-06;0;0;0;0;0;0;0;0;0;0;0;0;0;0;0;0;0;0
FR;6;2022-01-07;0;0;0;0;0;0;0;0;0;0;0;0;0;0;0;0;0;0
FR;6;2022-01-08;0;0;0;0;0;0;0;0;0;0;0;0;0;0;0;0;0;0
FR;6;2022-01-09;0;0;0;0;0;0;0;0;0;0;0;0;0;0;0;0;0;0
FR;6;2022-01-10;0;0;0;0;0;0;0;0;0;0;0;0;0;0;0;0;0;0
FR;6;2022-01-11;0;0;0;0;0;0;0;0;0;0;0;0;0;0;0;0;0;0
FR;6;2022-01-12;0;0;0;0;0;0;0;0;0;0;0;0;0;0;0;0;0;0
FR;6;2022-01-13;0;0;0;0;0;0;0;0;0;0;0;0;0;0;0;0;0;0
FR;6;2022-01-14;0;0;0;0;0;0;0;0;0;0;0;0;0;0;0;0;0;0
FR;6;2022-01-15;0;0;0;0;0;0;0;0;0;0;0;0;0;0;0;0;0;0
FR;6;2022-01-16;0;0;0;0;0;0;0;0;0;0;0;0;0;0;0;0;0;0
FR;6;2022-01-17;0;0;0;0;0;0;0;0;0;0;0;0;0;0;0;0;0;0
FR;6;2022-01-18;0;0;0;0;0;0;0;0;0;0;0;0;0;0;0;0;0;0
FR;6;2022-01-19;0;0;0;0;0;0;0;0;0;0;0;0;0;0;0;0;0;0
FR;6;2022-01-20;0;0;0;0;0;0;0;0;0;0;0;0;0;0;0;0;0;0
FR;6;2022-01-21;0;0;0;0;0;0;0;0;0;0;0;0;0;0;0;0;0;0
FR;6;2022-01-22;0;0;0;0;0;0;0;0;0;0;0;0;0;0;0;0;0;0
FR;6;2022-01-23;0;0;0;0;0;0;0;0;0;0;0;0;0;0;0;0;0;0
FR;6;2022-01-24;0;0;0;0;0;0;0;0;0;0;0;0;0;0;0;0;0;0
FR;6;2022-01-25;0;0;0;0;0;0;0;0;0;0;0;0;0;0;0;0;0;0
FR;6;2022-01-26;0;0;0;0;0;0;0;0;0;0;0;0;0;0;0;0;0;0
FR;6;2022-01-27;0;0;0;0;0;0;0;0;0;0;0;0;0;0;0;0;0;0
FR;6;2022-01-28;0;0;0;0;0;0;0;0;0;0;0;0;0;0;0;0;0;0
FR;6;2022-01-29;0;0;0;0;0;0;0;0;0;0;0;0;0;0;0;0;0;0
FR;6;2022-01-30;0;0;0;0;0;0;0;0;0;0;0;0;0;0;0;0;0;0
FR;6;2022-01-31;0;0;0;0;0;0;0;0;0;0;0;0;0;0;0;0;0;0
FR;6;2022-02-01;0;0;0;0;0;0;0;0;0;0;0;0;0;0;0;0;0;0
FR;6;2022-02-02;0;0;0;0;0;0;0;0;0;0;0;0;0;0;0;0;0;0
FR;6;2022-02-03;0;0;0;0;0;0;0;0;0;0;0;0;0;0;0;0;0;0
FR;6;2022-02-04;0;0;0;0;0;0;0;0;0;0;0;0;0;0;0;0;0;0
FR;6;2022-02-05;0;0;0;0;0;0;0;0;0;0;0;0;0;0;0;0;0;0
FR;6;2022-02-06;0;0;0;0;0;0;0;0;0;0;0;0;0;0;0;0;0;0
FR;6;2022-02-07;0;0;0;0;0;0;0;0;0;0;0;0;0;0;0;0;0;0
FR;6;2022-02-08;0;0;0;0;0;0;0;0;0;0;0;0;0;0;0;0;0;0
FR;6;2022-02-09;0;0;0;0;0;0;0;0;0;0;0;0;0;0;0;0;0;0
FR;6;2022-02-10;0;0;0;0;0;0;0;0;0;0;0;0;0;0;0;0;0;0
FR;6;2022-02-11;0;0;0;0;0;0;0;0;0;0;0;0;0;0;0;0;0;0
FR;6;2022-02-12;0;0;0;0;0;0;0;0;0;0;0;0;0;0;0;0;0;0
FR;6;2022-02-13;0;0;0;0;0;0;0;0;0;0;0;0;0;0;0;0;0;0
FR;6;2022-02-14;0;0;0;0;0;0;0;0;0;0;0;0;0;0;0;0;0;0
FR;6;2022-02-15;0;0;0;0;0;0;0;0;0;0;0;0;0;0;0;0;0;0
FR;6;2022-02-16;0;0;0;0;0;0;0;0;0;0;0;0;0;0;0;0;0;0
FR;6;2022-02-17;0;0;0;0;0;0;0;0;0;0;0;0;0;0;0;0;0;0
FR;6;2022-02-18;0;0;0;0;0;0;0;0;0;0;0;0;0;0;0;0;0;0
FR;6;2022-02-19;0;0;0;0;0;0;0;0;0;0;0;0;0;0;0;0;0;0
FR;6;2022-02-20;0;0;0;0;0;0;0;0;0;0;0;0;0;0;0;0;0;0
FR;6;2022-02-21;0;0;0;0;0;0;0;0;0;0;0;0;0;0;0;0;0;0
FR;6;2022-02-22;0;0;0;0;0;0;0;0;0;0;0;0;0;0;0;0;0;0
FR;6;2022-02-23;0;0;0;0;0;0;0;0;0;0;0;0;0;0;0;0;0;0
FR;6;2022-02-24;0;0;0;0;0;0;0;0;0;0;0;0;0;0;0;0;0;0
FR;6;2022-02-25;0;0;0;0;0;0;0;0;0;0;0;0;0;0;0;0;0;0
FR;6;2022-02-26;1;0;0;0;0;0;0;0;0;1;0;0;0;0;0;0;0;0
FR;6;2022-02-27;1;0;0;0;1;0;0;0;0;2;0;0;0;1;0;0;0;0
FR;6;2022-02-28;0;0;0;0;0;0;0;0;0;2;0;0;0;1;0;0;0;0
FR;6;2022-03-01;3;0;0;0;0;0;0;0;0;5;0;0;0;1;0;0;0;0
FR;6;2022-03-02;97;9;2;0;15;7;0;0;0;102;9;2;0;16;7;0;0;0
FR;6;2022-03-03;0;0;0;0;0;0;0;0;0;102;9;2;0;16;7;0;0;0
FR;6;2022-03-04;92;4;0;0;8;4;0;0;0;194;13;2;0;24;11;0;0;0
FR;6;2022-03-05;391;23;2;0;60;14;0;0;0;585;36;4;0;84;25;0;0;0
FR;6;2022-03-06;7;1;0;0;2;0;0;0;0;592;37;4;0;86;25;0;0;0
FR;6;2022-03-07;337;19;0;0;51;13;0;0;0;929;56;4;0;137;38;0;0;0
FR;6;2022-03-08;230;14;0;0;47;5;0;0;0;1159;70;4;0;184;43;0;0;0
FR;6;2022-03-09;519;29;2;0;84;21;1;0;0;1678;99;6;0;268;64;1;0;0
FR;6;2022-03-10;206;19;0;1;54;12;1;0;0;1884;118;6;1;322;76;2;0;0
FR;6;2022-03-11;331;22;6;0;53;21;0;0;0;2215;140;12;1;375;97;2;0;0
FR;6;2022-03-12;518;25;1;0;83;20;0;0;0;2733;165;13;1;458;117;2;0;0
FR;6;2022-03-13;40;2;0;0;2;1;0;0;0;2773;167;13;1;460;118;2;0;0
FR;6;2022-03-14;201;4;2;0;39;3;1;0;0;2974;171;15;1;499;121;3;0;0
FR;6;2022-03-15;112;11;2;0;28;9;0;0;0;3086;182;17;1;527;130;3;0;0
FR;6;2022-03-16;310;17;2;1;49;15;1;0;0;3396;199;19;2;576;145;4;0;0
FR;6;2022-03-17;117;6;1;2;14;4;2;0;0;3513;205;20;4;590;149;6;0;0
FR;6;2022-03-18;215;10;0;0;40;6;0;0;0;3728;215;20;4;630;155;6;0;0
FR;6;2022-03-19;307;19;2;0;90;9;0;0;0;4035;234;22;4;720;164;6;0;0
FR;6;2022-03-20;15;5;0;0;5;1;0;0;0;4050;239;22;4;725;165;6;0;0
FR;6;2022-03-21;132;23;1;0;47;4;0;0;0;4182;262;23;4;772;169;6;0;0
FR;6;2022-03-22;97;15;0;0;34;4;0;0;0;4279;277;23;4;806;173;6;0;0
FR;6;2022-03-23;226;108;3;0;154;14;1;0;0;4505;385;26;4;960;187;7;0;0
FR;6;2022-03-24;100;15;1;3;32;4;3;0;0;4605;400;27;7;992;191;10;0;0
FR;6;2022-03-25;203;141;2;1;179;15;2;0;0;4808;541;29;8;1171;206;12;0;0
FR;6;2022-03-26;331;295;7;1;385;19;1;0;0;5139;836;36;9;1556;225;13;0;0
FR;6;2022-03-27;32;30;1;0;37;1;1;0;0;5171;866;37;9;1593;226;14;0;0
FR;6;2022-03-28;201;208;8;1;234;17;3;0;0;5372;1074;45;10;1827;243;17;0;0
FR;6;2022-03-29;124;189;12;2;206;12;9;0;0;5496;1263;57;12;2033;255;26;0;0
FR;6;2022-03-30;305;476;10;2;548;22;6;0;0;5801;1739;67;14;2581;277;32;0;0
FR;6;2022-03-31;123;140;10;0;160;14;5;0;0;5924;1879;77;14;2741;291;37;0;0
FR;6;2022-04-01;195;150;11;2;178;23;3;0;0;6119;2029;88;16;2919;314;40;0;0
FR;6;2022-04-02;206;241;9;1;280;13;8;0;0;6325;2270;97;17;3199;327;48;0;0
FR;6;2022-04-03;17;21;0;0;26;1;0;0;0;6342;2291;97;17;3225;328;48;0;0
FR;6;2022-04-04;137;114;6;1;131;9;5;0;0;6479;2405;103;18;3356;337;53;0;0
FR;6;2022-04-05;146;88;15;1;105;11;8;0;0;6625;2493;118;19;3461;348;61;0;0
FR;6;2022-04-06;204;245;22;26;291;27;33;0;0;6829;2738;140;45;3752;375;94;0;0
FR;6;2022-04-07;127;96;15;9;115;17;14;0;0;6956;2834;155;54;3867;392;108;0;0
FR;6;2022-04-08;199;171;16;3;214;17;9;0;1;7155;3005;171;57;4081;409;117;0;1
FR;6;2022-04-09;145;139;6;12;171;13;4;0;0;7300;3144;177;69;4252;422;121;0;1
FR;6;2022-04-10;11;20;3;0;26;1;3;0;0;7311;3164;180;69;4278;423;124;0;1
FR;6;2022-04-11;101;106;4;0;129;5;3;0;0;7412;3270;184;69;4407;428;127;0;1
FR;6;2022-04-12;136;75;5;8;114;10;10;0;0;7548;3345;189;77;4521;438;137;0;1
FR;6;2022-04-13;162;175;7;5;208;13;8;0;0;7710;3520;196;82;4729;451;145;0;1
FR;6;2022-04-14;100;103;5;10;121;8;10;0;0;7810;3623;201;92;4850;459;155;0;1
FR;6;2022-04-15;158;149;11;7;167;19;14;0;1;7968;3772;212;99;5017;478;169;0;2
FR;6;2022-04-16;127;132;5;0;162;14;2;0;0;8095;3904;217;99;5179;492;171;0;2
FR;6;2022-04-17;8;9;4;0;10;4;0;0;0;8103;3913;221;99;5189;496;171;0;2
FR;6;2022-04-18;8;15;3;0;14;4;0;0;0;8111;3928;224;99;5203;500;171;0;2
FR;6;2022-04-19;97;112;4;3;130;3;7;0;0;8208;4040;228;102;5333;503;178;0;2
FR;6;2022-04-20;177;227;8;7;269;15;3;0;0;8385;4267;236;109;5602;518;181;0;2
FR;6;2022-04-21;111;93;8;4;110;11;7;0;0;8496;4360;244;113;5712;529;188;0;2
FR;6;2022-04-22;139;160;13;12;189;13;13;0;0;8635;4520;257;125;5901;542;201;0;2
FR;6;2022-04-23;106;129;1;1;161;7;1;0;0;8741;4649;258;126;6062;549;202;0;2
FR;6;2022-04-24;5;21;1;0;22;0;1;0;0;8746;4670;259;126;6084;549;203;0;2
FR;6;2022-04-25;90;128;3;8;151;11;9;0;0;8836;4798;262;134;6235;560;212;0;2
FR;6;2022-04-26;101;128;19;2;151;17;13;0;0;8937;4926;281;136;6386;577;225;0;2
FR;6;2022-04-27;197;159;21;1;222;27;11;0;1;9134;5085;302;137;6608;604;236;0;3
FR;6;2022-04-28;109;87;7;1;123;8;7;0;0;9243;5172;309;138;6731;612;243;0;3
FR;6;2022-04-29;191;169;16;2;215;20;6;0;0;9434;5341;325;140;6946;632;249;0;3
FR;6;2022-04-30;133;125;7;1;168;24;2;0;0;9567;5466;332;141;7114;656;251;0;3
FR;6;2022-05-01;7;6;0;0;8;0;0;0;0;9574;5472;332;141;7122;656;251;0;3
FR;6;2022-05-02;94;65;3;4;88;3;4;0;0;9668;5537;335;145;7210;659;255;0;3
FR;6;2022-05-03;136;93;11;2;125;7;9;0;0;9804;5630;346;147;7335;666;264;0;3
FR;6;2022-05-04;167;118;25;12;161;29;12;0;1;9971;5748;371;159;7496;695;276;0;4
FR;6;2022-05-05;101;70;8;3;97;12;6;0;0;10072;5818;379;162;7593;707;282;0;4
FR;6;2022-05-06;152;110;10;9;155;16;11;0;0;10224;5928;389;171;7748;723;293;0;4
FR;6;2022-05-07;139;93;13;3;136;23;8;0;0;10363;6021;402;174;7884;746;301;0;4
FR;6;2022-05-08;20;8;6;5;16;7;5;0;0;10383;6029;408;179;7900;753;306;0;4
FR;6;2022-05-09;86;78;9;7;95;13;6;0;0;10469;6107;417;186;7995;766;312;0;4
FR;6;2022-05-10;112;80;15;7;110;12;13;0;0;10581;6187;432;193;8105;778;325;0;4
FR;6;2022-05-11;130;124;11;14;163;20;6;0;0;10711;6311;443;207;8268;798;331;0;4
FR;6;2022-05-12;105;76;7;5;96;15;6;0;1;10816;6387;450;212;8364;813;337;0;5
FR;6;2022-05-13;155;97;17;21;137;22;16;0;0;10971;6484;467;233;8501;835;353;0;5
FR;6;2022-05-14;81;60;6;7;84;15;2;0;0;11052;6544;473;240;8585;850;355;0;5
FR;6;2022-05-15;12;7;0;0;14;0;0;0;0;11064;6551;473;240;8599;850;355;0;5
FR;6;2022-05-16;65;54;6;2;69;12;3;0;0;11129;6605;479;242;8668;862;358;0;5
FR;6;2022-05-17;123;77;5;7;92;11;8;0;0;11252;6682;484;249;8760;873;366;0;5
FR;6;2022-05-18;131;116;5;1;158;14;3;0;0;11383;6798;489;250;8918;887;369;0;5
FR;6;2022-05-19;124;57;6;8;96;9;8;0;0;11507;6855;495;258;9014;896;377;0;5
FR;6;2022-05-20;125;115;13;3;151;18;10;0;0;11632;6970;508;261;9165;914;387;0;5
FR;6;2022-05-21;92;69;14;3;93;12;8;0;0;11724;7039;522;264;9258;926;395;0;5
FR;6;2022-05-22;19;12;5;0;21;4;1;0;0;11743;7051;527;264;9279;930;396;0;5
FR;6;2022-05-23;77;72;4;2;90;7;2;0;0;11820;7123;531;266;9369;937;398;0;5
FR;6;2022-05-24;117;98;8;2;131;16;4;0;0;11937;7221;539;268;9500;953;402;0;5
FR;6;2022-05-25;140;129;6;3;171;11;6;0;0;12077;7350;545;271;9671;964;408;0;5
FR;6;2022-05-26;7;9;3;0;5;9;0;0;0;12084;7359;548;271;9676;973;408;0;5
FR;6;2022-05-27;127;105;15;11;136;18;18;0;1;12211;7464;563;282;9812;991;426;0;6
FR;6;2022-05-28;54;75;1;5;89;8;5;0;0;12265;7539;564;287;9901;999;431;0;6
FR;6;2022-05-29;8;10;0;0;10;1;0;0;0;12273;7549;564;287;9911;1000;431;0;6
FR;6;2022-05-30;70;70;7;4;86;4;9;0;0;12343;7619;571;291;9997;1004;440;0;6
FR;6;2022-05-31;87;102;10;2;121;14;7;0;0;12430;7721;581;293;10118;1018;447;0;6
FR;6;2022-06-01;97;89;10;1;111;11;6;0;0;12527;7810;591;294;10229;1029;453;0;6
FR;6;2022-06-02;91;60;6;3;80;9;6;0;0;12618;7870;597;297;10309;1038;459;0;6
FR;6;2022-06-03;126;102;13;7;128;21;8;0;0;12744;7972;610;304;10437;1059;467;0;6
FR;6;2022-06-04;63;51;10;0;64;12;3;0;0;12807;8023;620;304;10501;1071;470;0;6
FR;6;2022-06-05;16;15;2;1;18;4;1;0;0;12823;8038;622;305;10519;1075;471;0;6
FR;6;2022-06-06;9;6;0;0;8;0;0;0;0;12832;8044;622;305;10527;1075;471;0;6
FR;6;2022-06-07;79;90;3;4;117;8;6;0;0;12911;8134;625;309;10644;1083;477;0;6
FR;6;2022-06-08;92;110;13;5;130;20;6;0;0;13003;8244;638;314;10774;1103;483;0;6
FR;6;2022-06-09;75;81;15;3;106;15;8;0;0;13078;8325;653;317;10880;1118;491;0;6
FR;6;2022-06-10;116;93;26;10;120;22;13;0;0;13194;8418;679;327;11000;1140;504;0;6
FR;6;2022-06-11;83;62;6;10;82;12;11;0;0;13277;8480;685;337;11082;1152;515;0;6
FR;6;2022-06-12;6;14;1;0;16;2;0;0;0;13283;8494;686;337;11098;1154;515;0;6
FR;6;2022-06-13;74;59;18;1;68;7;4;0;0;13357;8553;704;338;11166;1161;519;0;6
FR;6;2022-06-14;98;100;8;5;116;16;8;0;0;13455;8653;712;343;11282;1177;527;0;6
FR;6;2022-06-15;80;86;7;8;114;15;10;0;0;13535;8739;719;351;11396;1192;537;0;6
FR;6;2022-06-16;53;40;11;7;45;14;6;0;0;13588;8779;730;358;11441;1206;543;0;6
FR;6;2022-06-17;86;85;3;13;109;11;5;0;0;13674;8864;733;371;11550;1217;548;0;6
FR;6;2022-06-18;71;62;13;0;88;21;1;0;0;13745;8926;746;371;11638;1238;549;0;6
FR;6;2022-06-19;6;6;3;0;7;4;1;0;0;13751;8932;749;371;11645;1242;550;0;6
FR;6;2022-06-20;42;41;4;1;55;6;1;0;0;13793;8973;753;372;11700;1248;551;0;6
FR;6;2022-06-21;59;73;10;7;83;17;7;0;0;13852;9046;763;379;11783;1265;558;0;6
FR;6;2022-06-22;86;85;8;2;98;17;3;0;0;13938;9131;771;381;11881;1282;561;0;6
FR;6;2022-06-23;64;39;13;7;41;15;10;0;0;14002;9170;784;388;11922;1297;571;0;6
FR;6;2022-06-24;77;85;7;14;95;20;16;0;0;14079;9255;791;402;12017;1317;587;0;6
FR;6;2022-06-25;67;61;4;3;77;8;5;0;0;14146;9316;795;405;12094;1325;592;0;6
FR;6;2022-06-26;6;7;1;0;10;1;0;0;0;14152;9323;796;405;12104;1326;592;0;6
FR;6;2022-06-27;51;50;4;9;62;12;7;0;0;14203;9373;800;414;12166;1338;599;0;6
FR;6;2022-06-28;68;47;6;3;53;15;5;0;0;14271;9420;806;417;12219;1353;604;0;6
FR;6;2022-06-29;98;117;26;37;115;19;35;0;5;14369;9537;832;454;12334;1372;639;0;11
FR;6;2022-06-30;84;60;33;10;61;12;7;0;0;14453;9597;865;464;12395;1384;646;0;11
FR;6;2022-07-01;115;94;25;33;102;18;27;0;1;14568;9691;890;497;12497;1402;673;0;12
FR;6;2022-07-02;58;67;26;2;64;37;6;0;0;14626;9758;916;499;12561;1439;679;0;12
FR;6;2022-07-03;11;4;4;3;5;4;3;0;0;14637;9762;920;502;12566;1443;682;0;12
FR;6;2022-07-04;61;43;3;23;55;13;20;0;0;14698;9805;923;525;12621;1456;702;0;12
FR;6;2022-07-05;65;53;19;67;60;27;63;0;0;14763;9858;942;592;12681;1483;765;0;12
FR;6;2022-07-06;94;64;7;11;78;12;17;0;0;14857;9922;949;603;12759;1495;782;0;12
FR;6;2022-07-07;99;79;42;37;99;14;34;0;4;14956;10001;991;640;12858;1509;816;0;16
FR;6;2022-07-08;139;87;42;27;115;10;25;0;3;15095;10088;1033;667;12973;1519;841;0;19
FR;6;2022-07-09;53;51;16;29;51;27;33;0;1;15148;10139;1049;696;13024;1546;874;0;20
FR;6;2022-07-10;3;7;8;0;9;9;0;0;0;15151;10146;1057;696;13033;1555;874;0;20
FR;6;2022-07-11;54;44;5;4;47;12;4;0;0;15205;10190;1062;700;13080;1567;878;0;20
FR;6;2022-07-12;70;72;12;23;87;12;27;0;0;15275;10262;1074;723;13167;1579;905;0;20
FR;6;2022-07-13;84;65;14;21;71;25;22;0;0;15359;10327;1088;744;13238;1604;927;0;20
FR;6;2022-07-14;4;3;1;0;4;1;0;0;0;15363;10330;1089;744;13242;1605;927;0;20
FR;6;2022-07-15;74;59;9;57;85;16;45;0;0;15437;10389;1098;801;13327;1621;972;0;20
FR;6;2022-07-16;27;31;17;0;37;17;3;0;0;15464;10420;1115;801;13364;1638;975;0;20
FR;6;2022-07-17;3;7;0;0;8;0;0;0;0;15467;10427;1115;801;13372;1638;975;0;20
FR;6;2022-07-18;37;62;11;14;60;15;14;0;6;15504;10489;1126;815;13432;1653;989;0;26
FR;6;2022-07-19;54;48;4;19;60;6;21;0;1;15558;10537;1130;834;13492;1659;1010;0;27
FR;6;2022-07-20;53;70;7;22;75;11;27;0;0;15611;10607;1137;856;13567;1670;1037;0;27
FR;6;2022-07-21;51;61;4;7;56;11;9;0;0;15662;10668;1141;863;13623;1681;1046;0;27
FR;6;2022-07-22;55;74;7;26;82;8;16;0;2;15717;10742;1148;889;13705;1689;1062;0;29
FR;6;2022-07-23;38;40;6;10;40;6;9;0;1;15755;10782;1154;899;13745;1695;1071;0;30
FR;6;2022-07-24;11;14;1;3;19;3;3;0;0;15766;10796;1155;902;13764;1698;1074;0;30
FR;6;2022-07-25;60;44;8;12;41;9;13;0;1;15826;10840;1163;914;13805;1707;1087;0;31
FR;6;2022-07-26;47;64;14;6;62;10;13;0;0;15873;10904;1177;920;13867;1717;1100;0;31
FR;6;2022-07-27;54;78;15;11;80;18;15;0;8;15927;10982;1192;931;13947;1735;1115;0;39
FR;6;2022-07-28;30;48;4;6;50;8;7;0;1;15957;11030;1196;937;13997;1743;1122;0;40
FR;6;2022-07-29;43;71;10;38;60;24;36;0;1;16000;11101;1206;975;14057;1767;1158;0;41
FR;6;2022-07-30;26;48;4;15;49;7;15;0;0;16026;11149;1210;990;14106;1774;1173;0;41
FR;6;2022-07-31;0;1;1;0;1;0;1;0;0;16026;11150;1211;990;14107;1774;1174;0;41
FR;6;2022-08-01;39;36;14;8;32;10;6;0;1;16065;11186;1225;998;14139;1784;1180;0;42
FR;6;2022-08-02;37;46;10;14;52;6;16;0;0;16102;11232;1235;1012;14191;1790;1196;0;42
FR;6;2022-08-03;29;52;7;16;53;11;19;0;0;16131;11284;1242;1028;14244;1801;1215;0;42
FR;6;2022-08-04;25;21;4;9;20;6;10;0;1;16156;11305;1246;1037;14264;1807;1225;0;43
FR;6;2022-08-05;43;45;1;7;54;5;7;0;0;16199;11350;1247;1044;14318;1812;1232;0;43
FR;6;2022-08-06;17;27;1;3;33;2;4;0;0;16216;11377;1248;1047;14351;1814;1236;0;43
FR;6;2022-08-07;1;2;0;0;2;0;0;0;0;16217;11379;1248;1047;14353;1814;1236;0;43
FR;6;2022-08-08;24;33;1;0;40;1;0;0;0;16241;11412;1249;1047;14393;1815;1236;0;43
FR;6;2022-08-09;22;30;6;3;29;3;3;0;0;16263;11442;1255;1050;14422;1818;1239;0;43
FR;6;2022-08-10;32;36;5;9;38;5;9;0;5;16295;11478;1260;1059;14460;1823;1248;0;48
FR;6;2022-08-11;32;33;1;1;40;1;0;0;1;16327;11511;1261;1060;14500;1824;1248;0;49
FR;6;2022-08-12;50;44;6;2;50;15;3;0;1;16377;11555;1267;1062;14550;1839;1251;0;50
FR;6;2022-08-13;9;20;0;0;22;1;0;0;0;16386;11575;1267;1062;14572;1840;1251;0;50
FR;6;2022-08-14;3;1;0;0;2;0;0;0;0;16389;11576;1267;1062;14574;1840;1251;0;50
FR;6;2022-08-15;2;3;1;0;4;0;1;0;0;16391;11579;1268;1062;14578;1840;1252;0;50
FR;6;2022-08-16;35;66;21;7;66;7;2;0;0;16426;11645;1289;1069;14644;1847;1254;0;50
FR;6;2022-08-17;32;44;10;9;41;10;6;0;7;16458;11689;1299;1078;14685;1857;1260;0;57
FR;6;2022-08-18;29;55;14;4;61;4;0;0;1;16487;11744;1313;1082;14746;1861;1260;0;58
FR;6;2022-08-19;30;45;5;4;47;3;2;0;1;16517;11789;1318;1086;14793;1864;1262;0;59
FR;6;2022-08-20;26;28;3;0;27;8;1;0;0;16543;11817;1321;1086;14820;1872;1263;0;59
FR;6;2022-08-21;1;5;2;0;5;0;0;0;0;16544;11822;1323;1086;14825;1872;1263;0;59
FR;6;2022-08-22;20;42;15;1;45;0;0;0;0;16564;11864;1338;1087;14870;1872;1263;0;59
FR;6;2022-08-23;34;45;6;7;47;6;4;0;2;16598;11909;1344;1094;14917;1878;1267;0;61
FR;6;2022-08-24;34;30;6;3;36;6;2;0;3;16632;11939;1350;1097;14953;1884;1269;0;64
FR;6;2022-08-25;25;27;1;1;29;5;1;0;0;16657;11966;1351;1098;14982;1889;1270;0;64
FR;6;2022-08-26;38;44;4;4;51;7;7;0;0;16695;12010;1355;1102;15033;1896;1277;0;64
FR;6;2022-08-27;19;21;7;3;22;8;4;0;0;16714;12031;1362;1105;15055;1904;1281;0;64
FR;6;2022-08-28;6;3;0;6;3;1;1;0;4;16720;12034;1362;1111;15058;1905;1282;0;68
FR;6;2022-08-29;26;22;2;6;29;3;6;0;0;16746;12056;1364;1117;15087;1908;1288;0;68
FR;6;2022-08-30;28;35;4;12;33;8;13;0;0;16774;12091;1368;1129;15120;1916;1301;0;68
FR;6;2022-08-31;35;38;2;11;46;3;12;0;0;16809;12129;1370;1140;15166;1919;1313;0;68
FR;6;2022-09-01;17;11;5;1;13;4;3;0;0;16826;12140;1375;1141;15179;1923;1316;0;68
FR;6;2022-09-02;19;14;2;1;13;3;2;0;0;16845;12154;1377;1142;15192;1926;1318;0;68
FR;6;2022-09-03;10;3;1;5;4;2;5;0;0;16855;12157;1378;1147;15196;1928;1323;0;68
FR;6;2022-09-04;4;1;0;0;1;0;0;0;0;16859;12158;1378;1147;15197;1928;1323;0;68
FR;6;2022-09-05;8;7;0;0;10;0;0;0;0;16867;12165;1378;1147;15207;1928;1323;0;68
FR;6;2022-09-06;7;9;7;12;8;6;15;0;0;16874;12174;1385;1159;15215;1934;1338;0;68
FR;6;2022-09-07;3;8;1;0;8;1;0;0;0;16877;12182;1386;1159;15223;1935;1338;0;68
FR;6;2022-09-08;6;4;0;2;3;1;2;0;0;16883;12186;1386;1161;15226;1936;1340;0;68
FR;6;2022-09-09;7;9;2;7;9;3;8;0;0;16890;12195;1388;1168;15235;1939;1348;0;68
FR;6;2022-09-10;3;4;1;0;3;1;1;0;0;16893;12199;1389;1168;15238;1940;1349;0;68
FR;6;2022-09-11;1;3;0;0;3;0;0;0;0;16894;12202;1389;1168;15241;1940;1349;0;68
FR;6;2022-09-12;10;4;1;0;3;3;0;0;0;16904;12206;1390;1168;15244;1943;1349;0;68
FR;6;2022-09-13;7;2;3;0;2;2;2;0;0;16911;12208;1393;1168;15246;1945;1351;0;68
FR;6;2022-09-14;9;8;2;0;7;4;0;0;0;16920;12216;1395;1168;15253;1949;1351;0;68
FR;6;2022-09-15;8;13;5;5;9;9;3;0;2;16928;12229;1400;1173;15262;1958;1354;0;70
FR;6;2022-09-16;25;39;1;1;47;4;1;0;2;16953;12268;1401;1174;15309;1962;1355;0;72
FR;6;2022-09-17;24;22;0;6;24;5;3;0;2;16977;12290;1401;1180;15333;1967;1358;0;74
FR;6;2022-09-18;5;4;0;0;4;1;0;0;0;16982;12294;1401;1180;15337;1968;1358;0;74
FR;6;2022-09-19;30;30;2;1;32;5;1;0;0;17012;12324;1403;1181;15369;1973;1359;0;74
FR;6;2022-09-20;34;25;1;4;30;6;2;0;1;17046;12349;1404;1185;15399;1979;1361;0;75
FR;6;2022-09-21;21;9;3;3;7;7;5;0;3;17067;12358;1407;1188;15406;1986;1366;0;78
FR;6;2022-09-22;19;28;1;22;32;3;21;0;1;17086;12386;1408;1210;15438;1989;1387;0;79
FR;6;2022-09-23;28;41;5;9;47;9;2;0;0;17114;12427;1413;1219;15485;1998;1389;0;79
FR;6;2022-09-24;16;16;4;2;21;6;2;0;0;17130;12443;1417;1221;15506;2004;1391;0;79
FR;6;2022-09-25;3;14;0;0;14;1;0;0;0;17133;12457;1417;1221;15520;2005;1391;0;79
FR;6;2022-09-26;16;13;0;18;12;5;18;0;2;17149;12470;1417;1239;15532;2010;1409;0;81
FR;6;2022-09-27;32;19;2;3;23;4;4;0;0;17181;12489;1419;1242;15555;2014;1413;0;81
FR;6;2022-09-28;27;10;9;11;16;5;17;0;2;17208;12499;1428;1253;15571;2019;1430;0;83
FR;6;2022-09-29;13;13;10;34;16;6;33;0;7;17221;12512;1438;1287;15587;2025;1463;0;90
FR;6;2022-09-30;34;24;5;6;33;5;3;0;0;17255;12536;1443;1293;15620;2030;1466;0;90
FR;6;2022-10-01;17;12;5;8;9;8;8;0;2;17272;12548;1448;1301;15629;2038;1474;0;92
FR;6;2022-10-02;4;0;0;0;1;0;0;0;0;17276;12548;1448;1301;15630;2038;1474;0;92
FR;6;2022-10-03;11;10;3;5;11;4;6;0;0;17287;12558;1451;1306;15641;2042;1480;0;92
FR;6;2022-10-04;19;17;4;28;21;3;30;0;3;17306;12575;1455;1334;15662;2045;1510;0;95
FR;6;2022-10-05;11;12;3;2;9;7;4;0;0;17317;12587;1458;1336;15671;2052;1514;0;95
FR;6;2022-10-06;19;13;4;6;17;2;10;0;0;17336;12600;1462;1342;15688;2054;1524;0;95
FR;6;2022-10-07;27;26;5;24;24;11;16;0;5;17363;12626;1467;1366;15712;2065;1540;0;100
FR;6;2022-10-08;18;13;0;0;16;0;0;0;0;17381;12639;1467;1366;15728;2065;1540;0;100
FR;6;2022-10-09;7;3;4;27;3;4;30;0;6;17388;12642;1471;1393;15731;2069;1570;0;106
FR;6;2022-10-10;15;14;1;16;16;6;13;0;0;17403;12656;1472;1409;15747;2075;1583;0;106
FR;6;2022-10-11;21;23;3;11;22;8;13;0;3;17424;12679;1475;1420;15769;2083;1596;0;109
FR;6;2022-10-12;20;16;7;19;18;3;24;0;7;17444;12695;1482;1439;15787;2086;1620;0;116
FR;6;2022-10-13;28;15;2;36;23;0;38;0;6;17472;12710;1484;1475;15810;2086;1658;0;122
FR;6;2022-10-14;29;23;5;49;23;11;45;0;13;17501;12733;1489;1524;15833;2097;1703;0;135
FR;6;2022-10-15;13;9;0;22;8;4;21;0;6;17514;12742;1489;1546;15841;2101;1724;0;141
FR;6;2022-10-16;4;5;0;6;2;3;6;0;0;17518;12747;1489;1552;15843;2104;1730;0;141
FR;6;2022-10-17;14;14;2;10;14;1;12;0;2;17532;12761;1491;1562;15857;2105;1742;0;143
FR;6;2022-10-18;12;19;9;26;19;4;18;0;11;17544;12780;1500;1588;15876;2109;1760;0;154
FR;6;2022-10-19;10;20;6;16;20;5;19;0;5;17554;12800;1506;1604;15896;2114;1779;0;159
FR;6;2022-10-20;16;15;12;57;19;5;67;0;13;17570;12815;1518;1661;15915;2119;1846;0;172
FR;6;2022-10-21;16;21;9;34;22;11;37;0;10;17586;12836;1527;1695;15937;2130;1883;0;182
FR;6;2022-10-22;19;14;1;4;17;3;4;0;0;17605;12850;1528;1699;15954;2133;1887;0;182
FR;6;2022-10-23;3;3;1;0;4;0;1;0;0;17608;12853;1529;1699;15958;2133;1888;0;182
FR;6;2022-10-24;12;14;2;7;14;6;5;0;2;17620;12867;1531;1706;15972;2139;1893;0;184
FR;6;2022-10-25;20;13;6;17;16;7;19;0;4;17640;12880;1537;1723;15988;2146;1912;0;188
FR;6;2022-10-26;17;9;4;13;12;4;15;0;5;17657;12889;1541;1736;16000;2150;1927;0;193
FR;6;2022-10-27;20;7;8;37;10;6;36;0;14;17677;12896;1549;1773;16010;2156;1963;0;207
FR;6;2022-10-28;21;27;3;4;28;6;5;0;1;17698;12923;1552;1777;16038;2162;1968;0;208
FR;6;2022-10-29;7;11;5;11;10;6;14;0;12;17705;12934;1557;1788;16048;2168;1982;0;220
FR;6;2022-10-30;2;5;0;0;5;0;0;0;0;17707;12939;1557;1788;16053;2168;1982;0;220
FR;6;2022-10-31;20;14;2;13;17;4;12;0;3;17727;12953;1559;1801;16070;2172;1994;0;223
FR;6;2022-11-01;2;1;1;0;1;1;0;0;0;17729;12954;1560;1801;16071;2173;1994;0;223
FR;6;2022-11-02;15;25;9;21;26;11;19;0;12;17744;12979;1569;1822;16097;2184;2013;0;235
FR;6;2022-11-03;17;17;11;39;20;8;43;0;9;17761;12996;1580;1861;16117;2192;2056;0;244
FR;6;2022-11-04;19;22;9;16;27;5;16;0;10;17780;13018;1589;1877;16144;2197;2072;0;254
FR;6;2022-11-05;9;16;2;4;17;4;6;0;0;17789;13034;1591;1881;16161;2201;2078;0;254
FR;6;2022-11-06;5;1;0;0;1;0;0;0;0;17794;13035;1591;1881;16162;2201;2078;0;254
FR;6;2022-11-07;18;10;6;17;12;4;18;0;11;17812;13045;1597;1898;16174;2205;2096;0;265
FR;6;2022-11-08;18;10;2;3;8;5;5;0;4;17830;13055;1599;1901;16182;2210;2101;0;269
FR;6;2022-11-09;16;22;1;6;21;4;5;0;4;17846;13077;1600;1907;16203;2214;2106;0;273
FR;6;2022-11-10;10;10;4;12;8;5;11;0;10;17856;13087;1604;1919;16211;2219;2117;0;283
FR;6;2022-11-11;4;1;0;0;1;1;0;0;0;17860;13088;1604;1919;16212;2220;2117;0;283
FR;6;2022-11-12;4;11;1;7;11;2;5;0;9;17864;13099;1605;1926;16223;2222;2122;0;292
FR;6;2022-11-13;1;1;0;1;1;0;1;0;0;17865;13100;1605;1927;16224;2222;2123;0;292
FR;6;2022-11-14;13;10;7;32;14;8;33;0;14;17878;13110;1612;1959;16238;2230;2156;0;306
FR;6;2022-11-15;7;18;1;11;16;4;7;0;2;17885;13128;1613;1970;16254;2234;2163;0;308
FR;6;2022-11-16;16;15;9;32;16;3;42;0;9;17901;13143;1622;2002;16270;2237;2205;0;317
FR;6;2022-11-17;10;8;1;29;8;2;28;0;5;17911;13151;1623;2031;16278;2239;2233;0;322
FR;6;2022-11-18;19;12;5;23;17;4;25;0;7;17930;13163;1628;2054;16295;2243;2258;0;329
FR;6;2022-11-19;5;13;0;2;11;3;2;0;1;17935;13176;1628;2056;16306;2246;2260;0;330
FR;6;2022-11-20;2;1;2;0;1;2;0;0;0;17937;13177;1630;2056;16307;2248;2260;0;330
FR;6;2022-11-21;22;13;1;14;14;6;11;0;3;17959;13190;1631;2070;16321;2254;2271;0;333
FR;6;2022-11-22;14;9;0;4;11;1;3;0;1;17973;13199;1631;2074;16332;2255;2274;0;334
FR;6;2022-11-23;14;15;15;23;17;9;31;0;8;17987;13214;1646;2097;16349;2264;2305;0;342
FR;6;2022-11-24;14;17;1;13;19;5;12;0;7;18001;13231;1647;2110;16368;2269;2317;0;349
FR;6;2022-11-25;23;15;5;50;15;5;47;0;5;18024;13246;1652;2160;16383;2274;2364;0;354
FR;6;2022-11-26;9;5;2;4;3;2;5;0;1;18033;13251;1654;2164;16386;2276;2369;0;355
FR;6;2022-11-27;1;4;0;0;4;0;0;0;0;18034;13255;1654;2164;16390;2276;2369;0;355
FR;6;2022-11-28;9;11;6;22;11;3;24;0;11;18043;13266;1660;2186;16401;2279;2393;0;366
FR;6;2022-11-29;15;10;1;12;14;1;8;0;7;18058;13276;1661;2198;16415;2280;2401;0;373
FR;6;2022-11-30;18;20;8;23;19;12;22;0;8;18076;13296;1669;2221;16434;2292;2423;0;381
FR;6;2022-12-01;12;9;7;20;11;4;24;0;9;18088;13305;1676;2241;16445;2296;2447;0;390
FR;6;2022-12-02;17;9;12;36;12;8;42;0;1;18105;13314;1688;2277;16457;2304;2489;0;391
FR;6;2022-12-03;13;3;13;20;6;5;28;0;13;18118;13317;1701;2297;16463;2309;2517;0;404
FR;6;2022-12-04;3;1;0;2;1;0;2;0;0;18121;13318;1701;2299;16464;2309;2519;0;404
FR;6;2022-12-05;11;10;7;16;10;4;19;0;8;18132;13328;1708;2315;16474;2313;2538;0;412
FR;6;2022-12-06;10;19;3;30;12;11;28;0;3;18142;13347;1711;2345;16486;2324;2566;0;415
FR;6;2022-12-07;17;8;10;56;10;8;57;0;30;18159;13355;1721;2401;16496;2332;2623;0;445
FR;6;2022-12-08;9;13;8;19;11;7;21;0;13;18168;13368;1729;2420;16507;2339;2644;0;458
FR;6;2022-12-09;15;9;5;29;12;4;30;0;6;18183;13377;1734;2449;16519;2343;2674;0;464
FR;6;2022-12-10;12;9;6;9;7;4;14;0;7;18195;13386;1740;2458;16526;2347;2688;0;471
FR;6;2022-12-11;4;2;1;0;2;1;0;0;0;18199;13388;1741;2458;16528;2348;2688;0;471
FR;6;2022-12-12;17;10;8;36;14;9;33;0;17;18216;13398;1749;2494;16542;2357;2721;0;488
FR;6;2022-12-13;17;21;12;66;16;18;65;0;14;18233;13419;1761;2560;16558;2375;2786;0;502
FR;6;2022-12-14;14;13;8;53;11;12;53;0;14;18247;13432;1769;2613;16569;2387;2839;0;516
FR;6;2022-12-15;12;15;14;38;13;9;44;0;9;18259;13447;1783;2651;16582;2396;2883;0;525
FR;6;2022-12-16;18;14;15;39;15;14;39;0;13;18277;13461;1798;2690;16597;2410;2922;0;538
FR;6;2022-12-17;11;10;15;28;9;15;29;0;8;18288;13471;1813;2718;16606;2425;2951;0;546
FR;6;2022-12-18;7;4;0;2;5;0;2;0;0;18295;13475;1813;2720;16611;2425;2953;0;546
FR;6;2022-12-19;12;8;9;29;8;12;29;0;15;18307;13483;1822;2749;16619;2437;2982;0;561
FR;6;2022-12-20;17;23;11;23;17;19;22;0;21;18324;13506;1833;2772;16636;2456;3004;0;582
FR;6;2022-12-21;23;16;9;19;13;13;17;0;5;18347;13522;1842;2791;16649;2469;3021;0;587
FR;6;2022-12-22;13;14;9;21;15;13;18;0;11;18360;13536;1851;2812;16664;2482;3039;0;598
FR;6;2022-12-23;10;19;12;7;14;18;7;0;3;18370;13555;1863;2819;16678;2500;3046;0;601
FR;6;2022-12-24;4;5;3;1;5;2;2;0;1;18374;13560;1866;2820;16683;2502;3048;0;602
FR;6;2022-12-25;0;0;0;0;0;0;0;0;0;18374;13560;1866;2820;16683;2502;3048;0;602
FR;6;2022-12-26;8;12;12;11;10;18;11;0;3;18382;13572;1878;2831;16693;2520;3059;0;605
FR;6;2022-12-27;16;13;15;8;11;19;8;0;0;18398;13585;1893;2839;16704;2539;3067;0;605
FR;6;2022-12-28;15;19;6;8;19;9;9;0;4;18413;13604;1899;2847;16723;2548;3076;0;609
FR;6;2022-12-29;15;12;7;8;10;9;9;0;7;18428;13616;1906;2855;16733;2557;3085;0;616
FR;6;2022-12-30;20;19;13;8;20;13;11;0;4;18448;13635;1919;2863;16753;2570;3096;0;620
FR;6;2022-12-31;5;2;6;1;4;7;1;0;1;18453;13637;1925;2864;16757;2577;3097;0;621
FR;6;2023-01-01;2;1;0;3;0;3;0;0;1;18455;13638;1925;2867;16757;2580;3097;0;622
FR;6;2023-01-02;9;14;2;3;10;7;3;0;0;18464;13652;1927;2870;16767;2587;3100;0;622
FR;6;2023-01-03;8;17;9;21;17;9;21;0;7;18472;13669;1936;2891;16784;2596;3121;0;629
FR;6;2023-01-04;9;10;4;10;9;8;6;0;14;18481;13679;1940;2901;16793;2604;3127;0;643
FR;6;2023-01-05;11;11;6;23;10;3;26;0;8;18492;13690;1946;2924;16803;2607;3153;0;651
FR;6;2023-01-06;16;24;15;30;21;17;29;0;15;18508;13714;1961;2954;16824;2624;3182;0;666
FR;6;2023-01-07;9;19;4;1;10;13;3;0;1;18517;13733;1965;2955;16834;2637;3185;0;667
FR;6;2023-01-08;2;7;4;11;6;4;11;0;3;18519;13740;1969;2966;16840;2641;3196;0;670
FR;6;2023-01-09;16;10;5;35;9;8;34;0;17;18535;13750;1974;3001;16849;2649;3230;0;687
FR;6;2023-01-10;13;15;13;23;13;10;26;0;9;18548;13765;1987;3024;16862;2659;3256;0;696
FR;6;2023-01-11;15;14;5;16;18;6;14;0;12;18563;13779;1992;3040;16880;2665;3270;0;708
FR;6;2023-01-12;7;13;2;5;10;3;5;0;12;18570;13792;1994;3045;16890;2668;3275;0;720
FR;6;2023-01-13;19;14;18;43;14;20;43;0;31;18589;13806;2012;3088;16904;2688;3318;0;751
FR;6;2023-01-14;20;8;6;2;9;9;2;0;0;18609;13814;2018;3090;16913;2697;3320;0;751
FR;6;2023-01-15;0;0;1;3;0;1;3;0;0;18609;13814;2019;3093;16913;2698;3323;0;751
FR;6;2023-01-16;22;12;2;1;10;6;3;0;2;18631;13826;2021;3094;16923;2704;3326;0;753
FR;6;2023-01-17;8;17;12;8;17;11;14;0;5;18639;13843;2033;3102;16940;2715;3340;0;758
FR;6;2023-01-18;22;15;9;7;17;10;8;0;1;18661;13858;2042;3109;16957;2725;3348;0;759
FR;6;2023-01-19;9;9;14;9;11;12;13;0;7;18670;13867;2056;3118;16968;2737;3361;0;766
FR;6;2023-01-20;17;13;9;32;15;7;34;0;27;18687;13880;2065;3150;16983;2744;3395;0;793
FR;6;2023-01-21;12;7;5;2;6;8;3;0;1;18699;13887;2070;3152;16989;2752;3398;0;794
FR;6;2023-01-22;0;0;1;1;0;1;1;0;0;18699;13887;2071;3153;16989;2753;3399;0;794
FR;6;2023-01-23;9;9;5;11;8;5;11;0;3;18708;13896;2076;3164;16997;2758;3410;0;797
FR;6;2023-01-24;14;15;15;13;15;14;18;0;6;18722;13911;2091;3177;17012;2772;3428;0;803
FR;6;2023-01-25;15;7;5;3;6;6;4;0;4;18737;13918;2096;3180;17018;2778;3432;0;807
FR;6;2023-01-26;13;15;3;11;12;8;13;0;9;18750;13933;2099;3191;17030;2786;3445;0;816
FR;6;2023-01-27;21;17;7;34;22;7;29;0;29;18771;13950;2106;3225;17052;2793;3474;0;845
FR;6;2023-01-28;15;15;7;4;17;6;5;0;1;18786;13965;2113;3229;17069;2799;3479;0;846
FR;6;2023-01-29;1;4;0;0;3;1;0;0;0;18787;13969;2113;3229;17072;2800;3479;0;846
FR;6;2023-01-30;2;15;8;4;15;8;3;0;8;18789;13984;2121;3233;17087;2808;3482;0;854
FR;6;2023-01-31;9;8;5;8;8;5;8;0;5;18798;13992;2126;3241;17095;2813;3490;0;859
FR;6;2023-02-01;20;18;4;4;17;4;8;0;4;18818;14010;2130;3245;17112;2817;3498;0;863
FR;6;2023-02-02;8;10;9;1;10;10;1;0;1;18826;14020;2139;3246;17122;2827;3499;0;864
FR;6;2023-02-03;16;15;11;18;15;11;19;0;13;18842;14035;2150;3264;17137;2838;3518;0;877
FR;6;2023-02-04;6;9;9;7;11;9;8;0;2;18848;14044;2159;3271;17148;2847;3526;0;879
FR;6;2023-02-05;0;0;0;4;0;0;4;0;0;18848;14044;2159;3275;17148;2847;3530;0;879
FR;6;2023-02-06;10;16;1;4;15;5;4;0;0;18858;14060;2160;3279;17163;2852;3534;0;879
FR;6;2023-02-07;8;9;4;8;9;7;7;0;3;18866;14069;2164;3287;17172;2859;3541;0;882
FR;6;2023-02-08;7;3;3;2;2;6;1;0;1;18873;14072;2167;3289;17174;2865;3542;0;883
FR;6;2023-02-09;6;11;1;6;8;8;2;0;2;18879;14083;2168;3295;17182;2873;3544;0;885
FR;6;2023-02-10;13;21;6;12;15;15;11;0;2;18892;14104;2174;3307;17197;2888;3555;0;887
FR;6;2023-02-11;12;8;7;4;9;3;9;0;5;18904;14112;2181;3311;17206;2891;3564;0;892
FR;6;2023-02-12;0;1;0;0;1;0;0;0;0;18904;14113;2181;3311;17207;2891;3564;0;892
FR;6;2023-02-13;5;6;0;0;6;1;0;0;0;18909;14119;2181;3311;17213;2892;3564;0;892
FR;6;2023-02-14;12;13;3;15;15;4;14;0;0;18921;14132;2184;3326;17228;2896;3578;0;892
FR;6;2023-02-15;8;11;3;2;11;2;2;0;4;18929;14143;2187;3328;17239;2898;3580;0;896
FR;6;2023-02-16;17;8;1;3;18;1;3;0;4;18946;14151;2188;3331;17257;2899;3583;0;900
FR;6;2023-02-17;9;15;3;9;12;8;9;0;5;18955;14166;2191;3340;17269;2907;3592;0;905
FR;6;2023-02-18;10;6;1;1;7;1;1;0;0;18965;14172;2192;3341;17276;2908;3593;0;905
FR;6;2023-02-19;0;0;0;0;0;0;0;0;0;18965;14172;2192;3341;17276;2908;3593;0;905
FR;6;2023-02-20;10;8;3;2;9;5;1;0;0;18975;14180;2195;3343;17285;2913;3594;0;905
FR;6;2023-02-21;9;8;8;5;6;7;8;0;1;18984;14188;2203;3348;17291;2920;3602;0;906
FR;6;2023-02-22;4;13;1;3;13;3;3;0;5;18988;14201;2204;3351;17304;2923;3605;0;911
FR;6;2023-02-23;7;11;6;2;10;6;4;0;1;18995;14212;2210;3353;17314;2929;3609;0;912
FR;6;2023-02-24;9;13;5;21;15;4;19;0;15;19004;14225;2215;3374;17329;2933;3628;0;927
FR;6;2023-02-25;4;5;1;1;6;1;1;0;0;19008;14230;2216;3375;17335;2934;3629;0;927
FR;6;2023-02-26;0;1;0;0;0;1;0;0;0;19008;14231;2216;3375;17335;2935;3629;0;927
FR;6;2023-02-27;10;8;3;1;3;9;0;0;2;19018;14239;2219;3376;17338;2944;3629;0;929
FR;6;2023-02-28;3;8;4;4;9;3;6;0;0;19021;14247;2223;3380;17347;2947;3635;0;929
FR;6;2023-03-01;6;10;3;2;10;4;2;0;0;19027;14257;2226;3382;17357;2951;3637;0;929
FR;6;2023-03-02;8;7;1;3;7;3;2;0;5;19035;14264;2227;3385;17364;2954;3639;0;934
FR;6;2023-03-03;14;12;5;7;11;9;6;0;7;19049;14276;2232;3392;17375;2963;3645;0;941
FR;6;2023-03-04;8;14;1;0;13;3;0;0;0;19057;14290;2233;3392;17388;2966;3645;0;941
FR;6;2023-03-05;4;0;0;0;0;0;0;0;0;19061;14290;2233;3392;17388;2966;3645;0;941
FR;6;2023-03-06;8;12;0;1;11;2;0;0;1;19069;14302;2233;3393;17399;2968;3645;0;942
FR;6;2023-03-07;4;6;0;1;4;3;0;0;5;19073;14308;2233;3394;17403;2971;3645;0;947
FR;6;2023-03-08;3;7;2;0;7;2;0;0;0;19076;14315;2235;3394;17410;2973;3645;0;947
FR;6;2023-03-09;7;6;0;1;6;2;1;0;0;19083;14321;2235;3395;17416;2975;3646;0;947
FR;6;2023-03-10;9;9;2;9;9;2;9;0;9;19092;14330;2237;3404;17425;2977;3655;0;956
FR;6;2023-03-11;13;12;2;0;12;2;2;0;0;19105;14342;2239;3404;17437;2979;3657;0;956
FR;6;2023-03-12;2;0;0;0;1;0;0;0;0;19107;14342;2239;3404;17438;2979;3657;0;956
FR;6;2023-03-13;7;12;4;1;13;2;1;0;2;19114;14354;2243;3405;17451;2981;3658;0;958
FR;6;2023-03-14;5;12;2;0;8;6;0;0;0;19119;14366;2245;3405;17459;2987;3658;0;958
FR;6;2023-03-15;6;4;2;3;5;3;3;0;1;19125;14370;2247;3408;17464;2990;3661;0;959
FR;6;2023-03-16;9;5;2;0;5;3;0;0;0;19134;14375;2249;3408;17469;2993;3661;0;959
FR;6;2023-03-17;10;12;5;5;8;8;5;0;3;19144;14387;2254;3413;17477;3001;3666;0;962
FR;6;2023-03-18;6;2;2;0;3;2;0;0;0;19150;14389;2256;3413;17480;3003;3666;0;962
FR;6;2023-03-19;0;0;1;0;0;0;0;0;0;19150;14389;2257;3413;17480;3003;3666;0;962
FR;6;2023-03-20;2;6;3;7;5;4;5;0;4;19152;14395;2260;3420;17485;3007;3671;0;966
FR;6;2023-03-21;2;1;5;2;1;3;4;0;0;19154;14396;2265;3422;17486;3010;3675;0;966
FR;6;2023-03-22;1;4;3;0;4;3;0;0;3;19155;14400;2268;3422;17490;3013;3675;0;969
FR;6;2023-03-23;3;4;3;2;4;3;2;0;0;19158;14404;2271;3424;17494;3016;3677;0;969
FR;6;2023-03-24;3;9;6;0;9;7;0;0;0;19161;14413;2277;3424;17503;3023;3677;0;969
FR;6;2023-03-25;10;7;0;0;9;0;0;0;0;19171;14420;2277;3424;17512;3023;3677;0;969
FR;6;2023-03-26;0;0;0;0;0;0;0;0;0;19171;14420;2277;3424;17512;3023;3677;0;969
FR;6;2023-03-27;6;9;2;2;8;4;1;0;0;19177;14429;2279;3426;17520;3027;3678;0;969
FR;6;2023-03-28;8;4;2;2;6;2;2;0;2;19185;14433;2281;3428;17526;3029;3680;0;971
FR;6;2023-03-29;4;1;2;0;1;2;0;0;0;19189;14434;2283;3428;17527;3031;3680;0;971
FR;6;2023-03-30;4;7;1;0;5;3;0;0;0;19193;14441;2284;3428;17532;3034;3680;0;971
FR;6;2023-03-31;1;3;3;3;3;3;1;0;7;19194;14444;2287;3431;17535;3037;3681;0;978
FR;6;2023-04-01;5;11;0;0;11;1;0;0;3;19199;14455;2287;3431;17546;3038;3681;0;981
FR;6;2023-04-02;0;0;0;0;0;0;0;0;0;19199;14455;2287;3431;17546;3038;3681;0;981
FR;6;2023-04-03;5;8;0;1;10;0;1;0;2;19204;14463;2287;3432;17556;3038;3682;0;983
FR;6;2023-04-04;5;10;2;4;8;3;5;0;7;19209;14473;2289;3436;17564;3041;3687;0;990
FR;6;2023-04-05;0;7;3;0;7;3;0;0;3;19209;14480;2292;3436;17571;3044;3687;0;993
FR;6;2023-04-06;3;6;4;1;3;7;1;0;2;19212;14486;2296;3437;17574;3051;3688;0;995
FR;6;2023-04-07;11;8;2;0;9;4;0;0;0;19223;14494;2298;3437;17583;3055;3688;0;995
FR;6;2023-04-08;2;1;3;0;1;3;0;0;0;19225;14495;2301;3437;17584;3058;3688;0;995
FR;6;2023-04-09;0;0;0;0;0;0;0;0;0;19225;14495;2301;3437;17584;3058;3688;0;995
FR;6;2023-04-10;0;0;0;0;0;0;0;0;0;19225;14495;2301;3437;17584;3058;3688;0;995
FR;6;2023-04-11;3;8;1;0;6;3;0;0;0;19228;14503;2302;3437;17590;3061;3688;0;995
FR;6;2023-04-12;3;4;2;0;5;2;0;0;4;19231;14507;2304;3437;17595;3063;3688;0;999
FR;6;2023-04-13;1;4;0;0;3;1;0;0;2;19232;14511;2304;3437;17598;3064;3688;0;1001
FR;6;2023-04-14;4;5;0;0;5;0;0;0;1;19236;14516;2304;3437;17603;3064;3688;0;1002
FR;6;2023-04-15;7;2;1;1;4;1;1;0;0;19243;14518;2305;3438;17607;3065;3689;0;1002
FR;6;2023-04-16;0;2;0;0;1;1;0;0;0;19243;14520;2305;3438;17608;3066;3689;0;1002
FR;6;2023-04-17;4;8;2;0;8;2;0;0;0;19247;14528;2307;3438;17616;3068;3689;0;1002
FR;6;2023-04-18;3;2;1;0;2;1;0;0;1;19250;14530;2308;3438;17618;3069;3689;0;1003
FR;6;2023-04-19;1;3;0;0;2;1;0;0;0;19251;14533;2308;3438;17620;3070;3689;0;1003
FR;6;2023-04-20;5;4;0;0;3;2;0;0;0;19256;14537;2308;3438;17623;3072;3689;0;1003
FR;6;2023-04-21;7;3;2;3;1;5;3;0;1;19263;14540;2310;3441;17624;3077;3692;0;1004
FR;6;2023-04-22;3;3;3;0;1;5;0;0;0;19266;14543;2313;3441;17625;3082;3692;0;1004
FR;6;2023-04-23;0;1;0;0;0;1;0;0;0;19266;14544;2313;3441;17625;3083;3692;0;1004
FR;6;2023-04-24;2;8;0;1;5;3;1;0;0;19268;14552;2313;3442;17630;3086;3693;0;1004
FR;6;2023-04-25;5;2;0;1;2;0;1;0;1;19273;14554;2313;3443;17632;3086;3694;0;1005
FR;6;2023-04-26;7;5;1;0;4;2;0;0;2;19280;14559;2314;3443;17636;3088;3694;0;1007
FR;6;2023-04-27;8;9;2;0;9;3;1;0;3;19288;14568;2316;3443;17645;3091;3695;0;1010
FR;6;2023-04-28;5;3;0;1;3;0;1;0;2;19293;14571;2316;3444;17648;3091;3696;0;1012
FR;6;2023-04-29;7;3;2;0;4;2;1;0;0;19300;14574;2318;3444;17652;3093;3697;0;1012
FR;6;2023-04-30;0;0;0;0;0;0;0;0;0;19300;14574;2318;3444;17652;3093;3697;0;1012
FR;6;2023-05-01;0;0;0;0;0;0;0;0;0;19300;14574;2318;3444;17652;3093;3697;0;1012
FR;6;2023-05-02;3;3;3;0;3;2;1;0;0;19303;14577;2321;3444;17655;3095;3698;0;1012
FR;6;2023-05-03;0;3;0;0;2;1;0;0;2;19303;14580;2321;3444;17657;3096;3698;0;1014
FR;8;2020-12-27;0;0;0;0;0;0;0;0;0;0;0;0;0;0;0;0;0;0
FR;8;2020-12-28;0;0;0;0;0;0;0;0;0;0;0;0;0;0;0;0;0;0
FR;8;2020-12-29;0;0;0;0;0;0;0;0;0;0;0;0;0;0;0;0;0;0
FR;8;2020-12-30;0;0;0;0;0;0;0;0;0;0;0;0;0;0;0;0;0;0
FR;8;2020-12-31;0;0;0;0;0;0;0;0;0;0;0;0;0;0;0;0;0;0
FR;8;2021-01-01;0;0;0;0;0;0;0;0;0;0;0;0;0;0;0;0;0;0
FR;8;2021-01-02;0;0;0;0;0;0;0;0;0;0;0;0;0;0;0;0;0;0
FR;8;2021-01-03;0;0;0;0;0;0;0;0;0;0;0;0;0;0;0;0;0;0
FR;8;2021-01-04;0;0;0;0;0;0;0;0;0;0;0;0;0;0;0;0;0;0
FR;8;2021-01-05;0;0;0;0;0;0;0;0;0;0;0;0;0;0;0;0;0;0
FR;8;2021-01-06;0;0;0;0;0;0;0;0;0;0;0;0;0;0;0;0;0;0
FR;8;2021-01-07;0;0;0;0;0;0;0;0;0;0;0;0;0;0;0;0;0;0
FR;8;2021-01-08;0;0;0;0;0;0;0;0;0;0;0;0;0;0;0;0;0;0
FR;8;2021-01-09;0;0;0;0;0;0;0;0;0;0;0;0;0;0;0;0;0;0
FR;8;2021-01-10;0;0;0;0;0;0;0;0;0;0;0;0;0;0;0;0;0;0
FR;8;2021-01-11;0;0;0;0;0;0;0;0;0;0;0;0;0;0;0;0;0;0
FR;8;2021-01-12;0;0;0;0;0;0;0;0;0;0;0;0;0;0;0;0;0;0
FR;8;2021-01-13;0;0;0;0;0;0;0;0;0;0;0;0;0;0;0;0;0;0
FR;8;2021-01-14;0;0;0;0;0;0;0;0;0;0;0;0;0;0;0;0;0;0
FR;8;2021-01-15;0;0;0;0;0;0;0;0;0;0;0;0;0;0;0;0;0;0
FR;8;2021-01-16;0;0;0;0;0;0;0;0;0;0;0;0;0;0;0;0;0;0
FR;8;2021-01-17;0;0;0;0;0;0;0;0;0;0;0;0;0;0;0;0;0;0
FR;8;2021-01-18;0;0;0;0;0;0;0;0;0;0;0;0;0;0;0;0;0;0
FR;8;2021-01-19;0;0;0;0;0;0;0;0;0;0;0;0;0;0;0;0;0;0
FR;8;2021-01-20;0;0;0;0;0;0;0;0;0;0;0;0;0;0;0;0;0;0
FR;8;2021-01-21;0;0;0;0;0;0;0;0;0;0;0;0;0;0;0;0;0;0
FR;8;2021-01-22;0;0;0;0;0;0;0;0;0;0;0;0;0;0;0;0;0;0
FR;8;2021-01-23;0;0;0;0;0;0;0;0;0;0;0;0;0;0;0;0;0;0
FR;8;2021-01-24;0;0;0;0;0;0;0;0;0;0;0;0;0;0;0;0;0;0
FR;8;2021-01-25;0;0;0;0;0;0;0;0;0;0;0;0;0;0;0;0;0;0
FR;8;2021-01-26;0;0;0;0;0;0;0;0;0;0;0;0;0;0;0;0;0;0
FR;8;2021-01-27;0;0;0;0;0;0;0;0;0;0;0;0;0;0;0;0;0;0
FR;8;2021-01-28;0;0;0;0;0;0;0;0;0;0;0;0;0;0;0;0;0;0
FR;8;2021-01-29;0;0;0;0;0;0;0;0;0;0;0;0;0;0;0;0;0;0
FR;8;2021-01-30;0;0;0;0;0;0;0;0;0;0;0;0;0;0;0;0;0;0
FR;8;2021-01-31;0;0;0;0;0;0;0;0;0;0;0;0;0;0;0;0;0;0
FR;8;2021-02-01;0;0;0;0;0;0;0;0;0;0;0;0;0;0;0;0;0;0
FR;8;2021-02-02;0;0;0;0;0;0;0;0;0;0;0;0;0;0;0;0;0;0
FR;8;2021-02-03;0;0;0;0;0;0;0;0;0;0;0;0;0;0;0;0;0;0
FR;8;2021-02-04;0;0;0;0;0;0;0;0;0;0;0;0;0;0;0;0;0;0
FR;8;2021-02-05;0;0;0;0;0;0;0;0;0;0;0;0;0;0;0;0;0;0
FR;8;2021-02-06;0;0;0;0;0;0;0;0;0;0;0;0;0;0;0;0;0;0
FR;8;2021-02-07;0;0;0;0;0;0;0;0;0;0;0;0;0;0;0;0;0;0
FR;8;2021-02-08;0;0;0;0;0;0;0;0;0;0;0;0;0;0;0;0;0;0
FR;8;2021-02-09;0;0;0;0;0;0;0;0;0;0;0;0;0;0;0;0;0;0
FR;8;2021-02-10;0;0;0;0;0;0;0;0;0;0;0;0;0;0;0;0;0;0
FR;8;2021-02-11;0;0;0;0;0;0;0;0;0;0;0;0;0;0;0;0;0;0
FR;8;2021-02-12;0;0;0;0;0;0;0;0;0;0;0;0;0;0;0;0;0;0
FR;8;2021-02-13;0;0;0;0;0;0;0;0;0;0;0;0;0;0;0;0;0;0
FR;8;2021-02-14;0;0;0;0;0;0;0;0;0;0;0;0;0;0;0;0;0;0
FR;8;2021-02-15;0;0;0;0;0;0;0;0;0;0;0;0;0;0;0;0;0;0
FR;8;2021-02-16;0;0;0;0;0;0;0;0;0;0;0;0;0;0;0;0;0;0
FR;8;2021-02-17;0;0;0;0;0;0;0;0;0;0;0;0;0;0;0;0;0;0
FR;8;2021-02-18;0;0;0;0;0;0;0;0;0;0;0;0;0;0;0;0;0;0
FR;8;2021-02-19;0;0;0;0;0;0;0;0;0;0;0;0;0;0;0;0;0;0
FR;8;2021-02-20;0;0;0;0;0;0;0;0;0;0;0;0;0;0;0;0;0;0
FR;8;2021-02-21;0;0;0;0;0;0;0;0;0;0;0;0;0;0;0;0;0;0
FR;8;2021-02-22;0;0;0;0;0;0;0;0;0;0;0;0;0;0;0;0;0;0
FR;8;2021-02-23;0;0;0;0;0;0;0;0;0;0;0;0;0;0;0;0;0;0
FR;8;2021-02-24;0;0;0;0;0;0;0;0;0;0;0;0;0;0;0;0;0;0
FR;8;2021-02-25;0;0;0;0;0;0;0;0;0;0;0;0;0;0;0;0;0;0
FR;8;2021-02-26;0;0;0;0;0;0;0;0;0;0;0;0;0;0;0;0;0;0
FR;8;2021-02-27;0;0;0;0;0;0;0;0;0;0;0;0;0;0;0;0;0;0
FR;8;2021-02-28;0;0;0;0;0;0;0;0;0;0;0;0;0;0;0;0;0;0
FR;8;2021-03-01;0;0;0;0;0;0;0;0;0;0;0;0;0;0;0;0;0;0
FR;8;2021-03-02;0;0;0;0;0;0;0;0;0;0;0;0;0;0;0;0;0;0
FR;8;2021-03-03;0;0;0;0;0;0;0;0;0;0;0;0;0;0;0;0;0;0
FR;8;2021-03-04;0;0;0;0;0;0;0;0;0;0;0;0;0;0;0;0;0;0
FR;8;2021-03-05;0;0;0;0;0;0;0;0;0;0;0;0;0;0;0;0;0;0
FR;8;2021-03-06;0;0;0;0;0;0;0;0;0;0;0;0;0;0;0;0;0;0
FR;8;2021-03-07;0;0;0;0;0;0;0;0;0;0;0;0;0;0;0;0;0;0
FR;8;2021-03-08;0;0;0;0;0;0;0;0;0;0;0;0;0;0;0;0;0;0
FR;8;2021-03-09;0;0;0;0;0;0;0;0;0;0;0;0;0;0;0;0;0;0
FR;8;2021-03-10;0;0;0;0;0;0;0;0;0;0;0;0;0;0;0;0;0;0
FR;8;2021-03-11;0;0;0;0;0;0;0;0;0;0;0;0;0;0;0;0;0;0
FR;8;2021-03-12;0;0;0;0;0;0;0;0;0;0;0;0;0;0;0;0;0;0
FR;8;2021-03-13;0;0;0;0;0;0;0;0;0;0;0;0;0;0;0;0;0;0
FR;8;2021-03-14;0;0;0;0;0;0;0;0;0;0;0;0;0;0;0;0;0;0
FR;8;2021-03-15;0;0;0;0;0;0;0;0;0;0;0;0;0;0;0;0;0;0
FR;8;2021-03-16;0;0;0;0;0;0;0;0;0;0;0;0;0;0;0;0;0;0
FR;8;2021-03-17;0;0;0;0;0;0;0;0;0;0;0;0;0;0;0;0;0;0
FR;8;2021-03-18;0;0;0;0;0;0;0;0;0;0;0;0;0;0;0;0;0;0
FR;8;2021-03-19;0;0;0;0;0;0;0;0;0;0;0;0;0;0;0;0;0;0
FR;8;2021-03-20;0;0;0;0;0;0;0;0;0;0;0;0;0;0;0;0;0;0
FR;8;2021-03-21;0;0;0;0;0;0;0;0;0;0;0;0;0;0;0;0;0;0
FR;8;2021-03-22;0;0;0;0;0;0;0;0;0;0;0;0;0;0;0;0;0;0
FR;8;2021-03-23;0;0;0;0;0;0;0;0;0;0;0;0;0;0;0;0;0;0
FR;8;2021-03-24;0;0;0;0;0;0;0;0;0;0;0;0;0;0;0;0;0;0
FR;8;2021-03-25;0;0;0;0;0;0;0;0;0;0;0;0;0;0;0;0;0;0
FR;8;2021-03-26;0;0;0;0;0;0;0;0;0;0;0;0;0;0;0;0;0;0
FR;8;2021-03-27;0;0;0;0;0;0;0;0;0;0;0;0;0;0;0;0;0;0
FR;8;2021-03-28;0;0;0;0;0;0;0;0;0;0;0;0;0;0;0;0;0;0
FR;8;2021-03-29;0;0;0;0;0;0;0;0;0;0;0;0;0;0;0;0;0;0
FR;8;2021-03-30;0;0;0;0;0;0;0;0;0;0;0;0;0;0;0;0;0;0
FR;8;2021-03-31;0;0;0;0;0;0;0;0;0;0;0;0;0;0;0;0;0;0
FR;8;2021-04-01;0;0;0;0;0;0;0;0;0;0;0;0;0;0;0;0;0;0
FR;8;2021-04-02;0;0;0;0;0;0;0;0;0;0;0;0;0;0;0;0;0;0
FR;8;2021-04-03;0;0;0;0;0;0;0;0;0;0;0;0;0;0;0;0;0;0
FR;8;2021-04-04;0;0;0;0;0;0;0;0;0;0;0;0;0;0;0;0;0;0
FR;8;2021-04-05;0;0;0;0;0;0;0;0;0;0;0;0;0;0;0;0;0;0
FR;8;2021-04-06;0;0;0;0;0;0;0;0;0;0;0;0;0;0;0;0;0;0
FR;8;2021-04-07;0;0;0;0;0;0;0;0;0;0;0;0;0;0;0;0;0;0
FR;8;2021-04-08;0;0;0;0;0;0;0;0;0;0;0;0;0;0;0;0;0;0
FR;8;2021-04-09;0;0;0;0;0;0;0;0;0;0;0;0;0;0;0;0;0;0
FR;8;2021-04-10;0;0;0;0;0;0;0;0;0;0;0;0;0;0;0;0;0;0
FR;8;2021-04-11;0;0;0;0;0;0;0;0;0;0;0;0;0;0;0;0;0;0
FR;8;2021-04-12;0;0;0;0;0;0;0;0;0;0;0;0;0;0;0;0;0;0
FR;8;2021-04-13;0;0;0;0;0;0;0;0;0;0;0;0;0;0;0;0;0;0
FR;8;2021-04-14;0;0;0;0;0;0;0;0;0;0;0;0;0;0;0;0;0;0
FR;8;2021-04-15;0;0;0;0;0;0;0;0;0;0;0;0;0;0;0;0;0;0
FR;8;2021-04-16;0;0;0;0;0;0;0;0;0;0;0;0;0;0;0;0;0;0
FR;8;2021-04-17;0;0;0;0;0;0;0;0;0;0;0;0;0;0;0;0;0;0
FR;8;2021-04-18;0;0;0;0;0;0;0;0;0;0;0;0;0;0;0;0;0;0
FR;8;2021-04-19;0;0;0;0;0;0;0;0;0;0;0;0;0;0;0;0;0;0
FR;8;2021-04-20;0;0;0;0;0;0;0;0;0;0;0;0;0;0;0;0;0;0
FR;8;2021-04-21;0;0;0;0;0;0;0;0;0;0;0;0;0;0;0;0;0;0
FR;8;2021-04-22;0;0;0;0;0;0;0;0;0;0;0;0;0;0;0;0;0;0
FR;8;2021-04-23;0;0;0;0;0;0;0;0;0;0;0;0;0;0;0;0;0;0
FR;8;2021-04-24;0;0;0;0;0;0;0;0;0;0;0;0;0;0;0;0;0;0
FR;8;2021-04-25;0;0;0;0;0;0;0;0;0;0;0;0;0;0;0;0;0;0
FR;8;2021-04-26;0;0;0;0;0;0;0;0;0;0;0;0;0;0;0;0;0;0
FR;8;2021-04-27;0;0;0;0;0;0;0;0;0;0;0;0;0;0;0;0;0;0
FR;8;2021-04-28;0;0;0;0;0;0;0;0;0;0;0;0;0;0;0;0;0;0
FR;8;2021-04-29;0;0;0;0;0;0;0;0;0;0;0;0;0;0;0;0;0;0
FR;8;2021-04-30;0;0;0;0;0;0;0;0;0;0;0;0;0;0;0;0;0;0
FR;8;2021-05-01;0;0;0;0;0;0;0;0;0;0;0;0;0;0;0;0;0;0
FR;8;2021-05-02;0;0;0;0;0;0;0;0;0;0;0;0;0;0;0;0;0;0
FR;8;2021-05-03;0;0;0;0;0;0;0;0;0;0;0;0;0;0;0;0;0;0
FR;8;2021-05-04;0;0;0;0;0;0;0;0;0;0;0;0;0;0;0;0;0;0
FR;8;2021-05-05;0;0;0;0;0;0;0;0;0;0;0;0;0;0;0;0;0;0
FR;8;2021-05-06;0;0;0;0;0;0;0;0;0;0;0;0;0;0;0;0;0;0
FR;8;2021-05-07;0;0;0;0;0;0;0;0;0;0;0;0;0;0;0;0;0;0
FR;8;2021-05-08;0;0;0;0;0;0;0;0;0;0;0;0;0;0;0;0;0;0
FR;8;2021-05-09;0;0;0;0;0;0;0;0;0;0;0;0;0;0;0;0;0;0
FR;8;2021-05-10;0;0;0;0;0;0;0;0;0;0;0;0;0;0;0;0;0;0
FR;8;2021-05-11;0;0;0;0;0;0;0;0;0;0;0;0;0;0;0;0;0;0
FR;8;2021-05-12;0;0;0;0;0;0;0;0;0;0;0;0;0;0;0;0;0;0
FR;8;2021-05-13;0;0;0;0;0;0;0;0;0;0;0;0;0;0;0;0;0;0
FR;8;2021-05-14;0;0;0;0;0;0;0;0;0;0;0;0;0;0;0;0;0;0
FR;8;2021-05-15;0;0;0;0;0;0;0;0;0;0;0;0;0;0;0;0;0;0
FR;8;2021-05-16;0;0;0;0;0;0;0;0;0;0;0;0;0;0;0;0;0;0
FR;8;2021-05-17;0;0;0;0;0;0;0;0;0;0;0;0;0;0;0;0;0;0
FR;8;2021-05-18;0;0;0;0;0;0;0;0;0;0;0;0;0;0;0;0;0;0
FR;8;2021-05-19;0;0;0;0;0;0;0;0;0;0;0;0;0;0;0;0;0;0
FR;8;2021-05-20;0;0;0;0;0;0;0;0;0;0;0;0;0;0;0;0;0;0
FR;8;2021-05-21;0;0;0;0;0;0;0;0;0;0;0;0;0;0;0;0;0;0
FR;8;2021-05-22;0;0;0;0;0;0;0;0;0;0;0;0;0;0;0;0;0;0
FR;8;2021-05-23;0;0;0;0;0;0;0;0;0;0;0;0;0;0;0;0;0;0
FR;8;2021-05-24;0;0;0;0;0;0;0;0;0;0;0;0;0;0;0;0;0;0
FR;8;2021-05-25;0;0;0;0;0;0;0;0;0;0;0;0;0;0;0;0;0;0
FR;8;2021-05-26;0;0;0;0;0;0;0;0;0;0;0;0;0;0;0;0;0;0
FR;8;2021-05-27;0;0;0;0;0;0;0;0;0;0;0;0;0;0;0;0;0;0
FR;8;2021-05-28;0;0;0;0;0;0;0;0;0;0;0;0;0;0;0;0;0;0
FR;8;2021-05-29;0;0;0;0;0;0;0;0;0;0;0;0;0;0;0;0;0;0
FR;8;2021-05-30;0;0;0;0;0;0;0;0;0;0;0;0;0;0;0;0;0;0
FR;8;2021-05-31;0;0;0;0;0;0;0;0;0;0;0;0;0;0;0;0;0;0
FR;8;2021-06-01;0;0;0;0;0;0;0;0;0;0;0;0;0;0;0;0;0;0
FR;8;2021-06-02;0;0;0;0;0;0;0;0;0;0;0;0;0;0;0;0;0;0
FR;8;2021-06-03;0;0;0;0;0;0;0;0;0;0;0;0;0;0;0;0;0;0
FR;8;2021-06-04;0;0;0;0;0;0;0;0;0;0;0;0;0;0;0;0;0;0
FR;8;2021-06-05;0;0;0;0;0;0;0;0;0;0;0;0;0;0;0;0;0;0
FR;8;2021-06-06;0;0;0;0;0;0;0;0;0;0;0;0;0;0;0;0;0;0
FR;8;2021-06-07;0;0;0;0;0;0;0;0;0;0;0;0;0;0;0;0;0;0
FR;8;2021-06-08;0;0;0;0;0;0;0;0;0;0;0;0;0;0;0;0;0;0
FR;8;2021-06-09;0;0;0;0;0;0;0;0;0;0;0;0;0;0;0;0;0;0
FR;8;2021-06-10;0;0;0;0;0;0;0;0;0;0;0;0;0;0;0;0;0;0
FR;8;2021-06-11;0;0;0;0;0;0;0;0;0;0;0;0;0;0;0;0;0;0
FR;8;2021-06-12;0;0;0;0;0;0;0;0;0;0;0;0;0;0;0;0;0;0
FR;8;2021-06-13;0;0;0;0;0;0;0;0;0;0;0;0;0;0;0;0;0;0
FR;8;2021-06-14;0;0;0;0;0;0;0;0;0;0;0;0;0;0;0;0;0;0
FR;8;2021-06-15;0;0;0;0;0;0;0;0;0;0;0;0;0;0;0;0;0;0
FR;8;2021-06-16;0;0;0;0;0;0;0;0;0;0;0;0;0;0;0;0;0;0
FR;8;2021-06-17;0;0;0;0;0;0;0;0;0;0;0;0;0;0;0;0;0;0
FR;8;2021-06-18;0;0;0;0;0;0;0;0;0;0;0;0;0;0;0;0;0;0
FR;8;2021-06-19;0;0;0;0;0;0;0;0;0;0;0;0;0;0;0;0;0;0
FR;8;2021-06-20;0;0;0;0;0;0;0;0;0;0;0;0;0;0;0;0;0;0
FR;8;2021-06-21;0;0;0;0;0;0;0;0;0;0;0;0;0;0;0;0;0;0
FR;8;2021-06-22;0;0;0;0;0;0;0;0;0;0;0;0;0;0;0;0;0;0
FR;8;2021-06-23;0;0;0;0;0;0;0;0;0;0;0;0;0;0;0;0;0;0
FR;8;2021-06-24;0;0;0;0;0;0;0;0;0;0;0;0;0;0;0;0;0;0
FR;8;2021-06-25;0;0;0;0;0;0;0;0;0;0;0;0;0;0;0;0;0;0
FR;8;2021-06-26;0;0;0;0;0;0;0;0;0;0;0;0;0;0;0;0;0;0
FR;8;2021-06-27;0;0;0;0;0;0;0;0;0;0;0;0;0;0;0;0;0;0
FR;8;2021-06-28;0;0;0;0;0;0;0;0;0;0;0;0;0;0;0;0;0;0
FR;8;2021-06-29;0;0;0;0;0;0;0;0;0;0;0;0;0;0;0;0;0;0
FR;8;2021-06-30;0;0;0;0;0;0;0;0;0;0;0;0;0;0;0;0;0;0
FR;8;2021-07-01;0;0;0;0;0;0;0;0;0;0;0;0;0;0;0;0;0;0
FR;8;2021-07-02;0;0;0;0;0;0;0;0;0;0;0;0;0;0;0;0;0;0
FR;8;2021-07-03;0;0;0;0;0;0;0;0;0;0;0;0;0;0;0;0;0;0
FR;8;2021-07-04;0;0;0;0;0;0;0;0;0;0;0;0;0;0;0;0;0;0
FR;8;2021-07-05;0;0;0;0;0;0;0;0;0;0;0;0;0;0;0;0;0;0
FR;8;2021-07-06;0;0;0;0;0;0;0;0;0;0;0;0;0;0;0;0;0;0
FR;8;2021-07-07;0;0;0;0;0;0;0;0;0;0;0;0;0;0;0;0;0;0
FR;8;2021-07-08;0;0;0;0;0;0;0;0;0;0;0;0;0;0;0;0;0;0
FR;8;2021-07-09;0;0;0;0;0;0;0;0;0;0;0;0;0;0;0;0;0;0
FR;8;2021-07-10;0;0;0;0;0;0;0;0;0;0;0;0;0;0;0;0;0;0
FR;8;2021-07-11;0;0;0;0;0;0;0;0;0;0;0;0;0;0;0;0;0;0
FR;8;2021-07-12;0;0;0;0;0;0;0;0;0;0;0;0;0;0;0;0;0;0
FR;8;2021-07-13;0;0;0;0;0;0;0;0;0;0;0;0;0;0;0;0;0;0
FR;8;2021-07-14;0;0;0;0;0;0;0;0;0;0;0;0;0;0;0;0;0;0
FR;8;2021-07-15;0;0;0;0;0;0;0;0;0;0;0;0;0;0;0;0;0;0
FR;8;2021-07-16;0;0;0;0;0;0;0;0;0;0;0;0;0;0;0;0;0;0
FR;8;2021-07-17;0;0;0;0;0;0;0;0;0;0;0;0;0;0;0;0;0;0
FR;8;2021-07-18;0;0;0;0;0;0;0;0;0;0;0;0;0;0;0;0;0;0
FR;8;2021-07-19;0;0;0;0;0;0;0;0;0;0;0;0;0;0;0;0;0;0
FR;8;2021-07-20;0;0;0;0;0;0;0;0;0;0;0;0;0;0;0;0;0;0
FR;8;2021-07-21;0;0;0;0;0;0;0;0;0;0;0;0;0;0;0;0;0;0
FR;8;2021-07-22;0;0;0;0;0;0;0;0;0;0;0;0;0;0;0;0;0;0
FR;8;2021-07-23;0;0;0;0;0;0;0;0;0;0;0;0;0;0;0;0;0;0
FR;8;2021-07-24;0;0;0;0;0;0;0;0;0;0;0;0;0;0;0;0;0;0
FR;8;2021-07-25;0;0;0;0;0;0;0;0;0;0;0;0;0;0;0;0;0;0
FR;8;2021-07-26;0;0;0;0;0;0;0;0;0;0;0;0;0;0;0;0;0;0
FR;8;2021-07-27;0;0;0;0;0;0;0;0;0;0;0;0;0;0;0;0;0;0
FR;8;2021-07-28;0;0;0;0;0;0;0;0;0;0;0;0;0;0;0;0;0;0
FR;8;2021-07-29;0;0;0;0;0;0;0;0;0;0;0;0;0;0;0;0;0;0
FR;8;2021-07-30;0;0;0;0;0;0;0;0;0;0;0;0;0;0;0;0;0;0
FR;8;2021-07-31;0;0;0;0;0;0;0;0;0;0;0;0;0;0;0;0;0;0
FR;8;2021-08-01;0;0;0;0;0;0;0;0;0;0;0;0;0;0;0;0;0;0
FR;8;2021-08-02;0;0;0;0;0;0;0;0;0;0;0;0;0;0;0;0;0;0
FR;8;2021-08-03;0;0;0;0;0;0;0;0;0;0;0;0;0;0;0;0;0;0
FR;8;2021-08-04;0;0;0;0;0;0;0;0;0;0;0;0;0;0;0;0;0;0
FR;8;2021-08-05;0;0;0;0;0;0;0;0;0;0;0;0;0;0;0;0;0;0
FR;8;2021-08-06;0;0;0;0;0;0;0;0;0;0;0;0;0;0;0;0;0;0
FR;8;2021-08-07;0;0;0;0;0;0;0;0;0;0;0;0;0;0;0;0;0;0
FR;8;2021-08-08;0;0;0;0;0;0;0;0;0;0;0;0;0;0;0;0;0;0
FR;8;2021-08-09;0;0;0;0;0;0;0;0;0;0;0;0;0;0;0;0;0;0
FR;8;2021-08-10;0;0;0;0;0;0;0;0;0;0;0;0;0;0;0;0;0;0
FR;8;2021-08-11;0;0;0;0;0;0;0;0;0;0;0;0;0;0;0;0;0;0
FR;8;2021-08-12;0;0;0;0;0;0;0;0;0;0;0;0;0;0;0;0;0;0
FR;8;2021-08-13;0;0;0;0;0;0;0;0;0;0;0;0;0;0;0;0;0;0
FR;8;2021-08-14;0;0;0;0;0;0;0;0;0;0;0;0;0;0;0;0;0;0
FR;8;2021-08-15;0;0;0;0;0;0;0;0;0;0;0;0;0;0;0;0;0;0
FR;8;2021-08-16;0;0;0;0;0;0;0;0;0;0;0;0;0;0;0;0;0;0
FR;8;2021-08-17;0;0;0;0;0;0;0;0;0;0;0;0;0;0;0;0;0;0
FR;8;2021-08-18;0;0;0;0;0;0;0;0;0;0;0;0;0;0;0;0;0;0
FR;8;2021-08-19;0;0;0;0;0;0;0;0;0;0;0;0;0;0;0;0;0;0
FR;8;2021-08-20;0;0;0;0;0;0;0;0;0;0;0;0;0;0;0;0;0;0
FR;8;2021-08-21;0;0;0;0;0;0;0;0;0;0;0;0;0;0;0;0;0;0
FR;8;2021-08-22;0;0;0;0;0;0;0;0;0;0;0;0;0;0;0;0;0;0
FR;8;2021-08-23;0;0;0;0;0;0;0;0;0;0;0;0;0;0;0;0;0;0
FR;8;2021-08-24;0;0;0;0;0;0;0;0;0;0;0;0;0;0;0;0;0;0
FR;8;2021-08-25;0;0;0;0;0;0;0;0;0;0;0;0;0;0;0;0;0;0
FR;8;2021-08-26;0;0;0;0;0;0;0;0;0;0;0;0;0;0;0;0;0;0
FR;8;2021-08-27;0;0;0;0;0;0;0;0;0;0;0;0;0;0;0;0;0;0
FR;8;2021-08-28;0;0;0;0;0;0;0;0;0;0;0;0;0;0;0;0;0;0
FR;8;2021-08-29;0;0;0;0;0;0;0;0;0;0;0;0;0;0;0;0;0;0
FR;8;2021-08-30;0;0;0;0;0;0;0;0;0;0;0;0;0;0;0;0;0;0
FR;8;2021-08-31;0;0;0;0;0;0;0;0;0;0;0;0;0;0;0;0;0;0
FR;8;2021-09-01;0;0;0;0;0;0;0;0;0;0;0;0;0;0;0;0;0;0
FR;8;2021-09-02;0;0;0;0;0;0;0;0;0;0;0;0;0;0;0;0;0;0
FR;8;2021-09-03;0;0;0;0;0;0;0;0;0;0;0;0;0;0;0;0;0;0
FR;8;2021-09-04;0;0;0;0;0;0;0;0;0;0;0;0;0;0;0;0;0;0
FR;8;2021-09-05;0;0;0;0;0;0;0;0;0;0;0;0;0;0;0;0;0;0
FR;8;2021-09-06;0;0;0;0;0;0;0;0;0;0;0;0;0;0;0;0;0;0
FR;8;2021-09-07;0;0;0;0;0;0;0;0;0;0;0;0;0;0;0;0;0;0
FR;8;2021-09-08;0;0;0;0;0;0;0;0;0;0;0;0;0;0;0;0;0;0
FR;8;2021-09-09;0;0;0;0;0;0;0;0;0;0;0;0;0;0;0;0;0;0
FR;8;2021-09-10;0;0;0;0;0;0;0;0;0;0;0;0;0;0;0;0;0;0
FR;8;2021-09-11;0;0;0;0;0;0;0;0;0;0;0;0;0;0;0;0;0;0
FR;8;2021-09-12;0;0;0;0;0;0;0;0;0;0;0;0;0;0;0;0;0;0
FR;8;2021-09-13;0;0;0;0;0;0;0;0;0;0;0;0;0;0;0;0;0;0
FR;8;2021-09-14;0;0;0;0;0;0;0;0;0;0;0;0;0;0;0;0;0;0
FR;8;2021-09-15;0;0;0;0;0;0;0;0;0;0;0;0;0;0;0;0;0;0
FR;8;2021-09-16;0;0;0;0;0;0;0;0;0;0;0;0;0;0;0;0;0;0
FR;8;2021-09-17;0;0;0;0;0;0;0;0;0;0;0;0;0;0;0;0;0;0
FR;8;2021-09-18;0;0;0;0;0;0;0;0;0;0;0;0;0;0;0;0;0;0
FR;8;2021-09-19;0;0;0;0;0;0;0;0;0;0;0;0;0;0;0;0;0;0
FR;8;2021-09-20;0;0;0;0;0;0;0;0;0;0;0;0;0;0;0;0;0;0
FR;8;2021-09-21;0;0;0;0;0;0;0;0;0;0;0;0;0;0;0;0;0;0
FR;8;2021-09-22;0;0;0;0;0;0;0;0;0;0;0;0;0;0;0;0;0;0
FR;8;2021-09-23;0;0;0;0;0;0;0;0;0;0;0;0;0;0;0;0;0;0
FR;8;2021-09-24;0;0;0;0;0;0;0;0;0;0;0;0;0;0;0;0;0;0
FR;8;2021-09-25;0;0;0;0;0;0;0;0;0;0;0;0;0;0;0;0;0;0
FR;8;2021-09-26;0;0;0;0;0;0;0;0;0;0;0;0;0;0;0;0;0;0
FR;8;2021-09-27;0;0;0;0;0;0;0;0;0;0;0;0;0;0;0;0;0;0
FR;8;2021-09-28;0;0;0;0;0;0;0;0;0;0;0;0;0;0;0;0;0;0
FR;8;2021-09-29;0;0;0;0;0;0;0;0;0;0;0;0;0;0;0;0;0;0
FR;8;2021-09-30;0;0;0;0;0;0;0;0;0;0;0;0;0;0;0;0;0;0
FR;8;2021-10-01;0;0;0;0;0;0;0;0;0;0;0;0;0;0;0;0;0;0
FR;8;2021-10-02;0;0;0;0;0;0;0;0;0;0;0;0;0;0;0;0;0;0
FR;8;2021-10-03;0;0;0;0;0;0;0;0;0;0;0;0;0;0;0;0;0;0
FR;8;2021-10-04;0;0;0;0;0;0;0;0;0;0;0;0;0;0;0;0;0;0
FR;8;2021-10-05;0;0;0;0;0;0;0;0;0;0;0;0;0;0;0;0;0;0
FR;8;2021-10-06;0;0;0;0;0;0;0;0;0;0;0;0;0;0;0;0;0;0
FR;8;2021-10-07;0;0;0;0;0;0;0;0;0;0;0;0;0;0;0;0;0;0
FR;8;2021-10-08;0;0;0;0;0;0;0;0;0;0;0;0;0;0;0;0;0;0
FR;8;2021-10-09;0;0;0;0;0;0;0;0;0;0;0;0;0;0;0;0;0;0
FR;8;2021-10-10;0;0;0;0;0;0;0;0;0;0;0;0;0;0;0;0;0;0
FR;8;2021-10-11;0;0;0;0;0;0;0;0;0;0;0;0;0;0;0;0;0;0
FR;8;2021-10-12;0;0;0;0;0;0;0;0;0;0;0;0;0;0;0;0;0;0
FR;8;2021-10-13;0;0;0;0;0;0;0;0;0;0;0;0;0;0;0;0;0;0
FR;8;2021-10-14;0;0;0;0;0;0;0;0;0;0;0;0;0;0;0;0;0;0
FR;8;2021-10-15;0;0;0;0;0;0;0;0;0;0;0;0;0;0;0;0;0;0
FR;8;2021-10-16;0;0;0;0;0;0;0;0;0;0;0;0;0;0;0;0;0;0
FR;8;2021-10-17;0;0;0;0;0;0;0;0;0;0;0;0;0;0;0;0;0;0
FR;8;2021-10-18;0;0;0;0;0;0;0;0;0;0;0;0;0;0;0;0;0;0
FR;8;2021-10-19;0;0;0;0;0;0;0;0;0;0;0;0;0;0;0;0;0;0
FR;8;2021-10-20;0;0;0;0;0;0;0;0;0;0;0;0;0;0;0;0;0;0
FR;8;2021-10-21;0;0;0;0;0;0;0;0;0;0;0;0;0;0;0;0;0;0
FR;8;2021-10-22;0;0;0;0;0;0;0;0;0;0;0;0;0;0;0;0;0;0
FR;8;2021-10-23;0;0;0;0;0;0;0;0;0;0;0;0;0;0;0;0;0;0
FR;8;2021-10-24;0;0;0;0;0;0;0;0;0;0;0;0;0;0;0;0;0;0
FR;8;2021-10-25;0;0;0;0;0;0;0;0;0;0;0;0;0;0;0;0;0;0
FR;8;2021-10-26;0;0;0;0;0;0;0;0;0;0;0;0;0;0;0;0;0;0
FR;8;2021-10-27;0;0;0;0;0;0;0;0;0;0;0;0;0;0;0;0;0;0
FR;8;2021-10-28;0;0;0;0;0;0;0;0;0;0;0;0;0;0;0;0;0;0
FR;8;2021-10-29;0;0;0;0;0;0;0;0;0;0;0;0;0;0;0;0;0;0
FR;8;2021-10-30;0;0;0;0;0;0;0;0;0;0;0;0;0;0;0;0;0;0
FR;8;2021-10-31;0;0;0;0;0;0;0;0;0;0;0;0;0;0;0;0;0;0
FR;8;2021-11-01;0;0;0;0;0;0;0;0;0;0;0;0;0;0;0;0;0;0
FR;8;2021-11-02;0;0;0;0;0;0;0;0;0;0;0;0;0;0;0;0;0;0
FR;8;2021-11-03;0;0;0;0;0;0;0;0;0;0;0;0;0;0;0;0;0;0
FR;8;2021-11-04;0;0;0;0;0;0;0;0;0;0;0;0;0;0;0;0;0;0
FR;8;2021-11-05;0;0;0;0;0;0;0;0;0;0;0;0;0;0;0;0;0;0
FR;8;2021-11-06;0;0;0;0;0;0;0;0;0;0;0;0;0;0;0;0;0;0
FR;8;2021-11-07;0;0;0;0;0;0;0;0;0;0;0;0;0;0;0;0;0;0
FR;8;2021-11-08;0;0;0;0;0;0;0;0;0;0;0;0;0;0;0;0;0;0
FR;8;2021-11-09;0;0;0;0;0;0;0;0;0;0;0;0;0;0;0;0;0;0
FR;8;2021-11-10;0;0;0;0;0;0;0;0;0;0;0;0;0;0;0;0;0;0
FR;8;2021-11-11;0;0;0;0;0;0;0;0;0;0;0;0;0;0;0;0;0;0
FR;8;2021-11-12;0;0;0;0;0;0;0;0;0;0;0;0;0;0;0;0;0;0
FR;8;2021-11-13;0;0;0;0;0;0;0;0;0;0;0;0;0;0;0;0;0;0
FR;8;2021-11-14;0;0;0;0;0;0;0;0;0;0;0;0;0;0;0;0;0;0
FR;8;2021-11-15;0;0;0;0;0;0;0;0;0;0;0;0;0;0;0;0;0;0
FR;8;2021-11-16;0;0;0;0;0;0;0;0;0;0;0;0;0;0;0;0;0;0
FR;8;2021-11-17;0;0;0;0;0;0;0;0;0;0;0;0;0;0;0;0;0;0
FR;8;2021-11-18;0;0;0;0;0;0;0;0;0;0;0;0;0;0;0;0;0;0
FR;8;2021-11-19;0;0;0;0;0;0;0;0;0;0;0;0;0;0;0;0;0;0
FR;8;2021-11-20;0;0;0;0;0;0;0;0;0;0;0;0;0;0;0;0;0;0
FR;8;2021-11-21;0;0;0;0;0;0;0;0;0;0;0;0;0;0;0;0;0;0
FR;8;2021-11-22;0;0;0;0;0;0;0;0;0;0;0;0;0;0;0;0;0;0
FR;8;2021-11-23;0;0;0;0;0;0;0;0;0;0;0;0;0;0;0;0;0;0
FR;8;2021-11-24;0;0;0;0;0;0;0;0;0;0;0;0;0;0;0;0;0;0
FR;8;2021-11-25;0;0;0;0;0;0;0;0;0;0;0;0;0;0;0;0;0;0
FR;8;2021-11-26;0;0;0;0;0;0;0;0;0;0;0;0;0;0;0;0;0;0
FR;8;2021-11-27;0;0;0;0;0;0;0;0;0;0;0;0;0;0;0;0;0;0
FR;8;2021-11-28;0;0;0;0;0;0;0;0;0;0;0;0;0;0;0;0;0;0
FR;8;2021-11-29;0;0;0;0;0;0;0;0;0;0;0;0;0;0;0;0;0;0
FR;8;2021-11-30;0;0;0;0;0;0;0;0;0;0;0;0;0;0;0;0;0;0
FR;8;2021-12-01;0;0;0;0;0;0;0;0;0;0;0;0;0;0;0;0;0;0
FR;8;2021-12-02;0;0;0;0;0;0;0;0;0;0;0;0;0;0;0;0;0;0
FR;8;2021-12-03;0;0;0;0;0;0;0;0;0;0;0;0;0;0;0;0;0;0
FR;8;2021-12-04;0;0;0;0;0;0;0;0;0;0;0;0;0;0;0;0;0;0
FR;8;2021-12-05;0;0;0;0;0;0;0;0;0;0;0;0;0;0;0;0;0;0
FR;8;2021-12-06;0;0;0;0;0;0;0;0;0;0;0;0;0;0;0;0;0;0
FR;8;2021-12-07;0;0;0;0;0;0;0;0;0;0;0;0;0;0;0;0;0;0
FR;8;2021-12-08;0;0;0;0;0;0;0;0;0;0;0;0;0;0;0;0;0;0
FR;8;2021-12-09;0;0;0;0;0;0;0;0;0;0;0;0;0;0;0;0;0;0
FR;8;2021-12-10;0;0;0;0;0;0;0;0;0;0;0;0;0;0;0;0;0;0
FR;8;2021-12-11;0;0;0;0;0;0;0;0;0;0;0;0;0;0;0;0;0;0
FR;8;2021-12-12;0;0;0;0;0;0;0;0;0;0;0;0;0;0;0;0;0;0
FR;8;2021-12-13;0;0;0;0;0;0;0;0;0;0;0;0;0;0;0;0;0;0
FR;8;2021-12-14;0;0;0;0;0;0;0;0;0;0;0;0;0;0;0;0;0;0
FR;8;2021-12-15;0;0;0;0;0;0;0;0;0;0;0;0;0;0;0;0;0;0
FR;8;2021-12-16;0;0;0;0;0;0;0;0;0;0;0;0;0;0;0;0;0;0
FR;8;2021-12-17;0;0;0;0;0;0;0;0;0;0;0;0;0;0;0;0;0;0
FR;8;2021-12-18;0;0;0;0;0;0;0;0;0;0;0;0;0;0;0;0;0;0
FR;8;2021-12-19;0;0;0;0;0;0;0;0;0;0;0;0;0;0;0;0;0;0
FR;8;2021-12-20;0;0;0;0;0;0;0;0;0;0;0;0;0;0;0;0;0;0
FR;8;2021-12-21;0;0;0;0;0;0;0;0;0;0;0;0;0;0;0;0;0;0
FR;8;2021-12-22;0;0;0;0;0;0;0;0;0;0;0;0;0;0;0;0;0;0
FR;8;2021-12-23;0;0;0;0;0;0;0;0;0;0;0;0;0;0;0;0;0;0
FR;8;2021-12-24;0;0;0;0;0;0;0;0;0;0;0;0;0;0;0;0;0;0
FR;8;2021-12-25;0;0;0;0;0;0;0;0;0;0;0;0;0;0;0;0;0;0
FR;8;2021-12-26;0;0;0;0;0;0;0;0;0;0;0;0;0;0;0;0;0;0
FR;8;2021-12-27;0;0;0;0;0;0;0;0;0;0;0;0;0;0;0;0;0;0
FR;8;2021-12-28;0;0;0;0;0;0;0;0;0;0;0;0;0;0;0;0;0;0
FR;8;2021-12-29;0;0;0;0;0;0;0;0;0;0;0;0;0;0;0;0;0;0
FR;8;2021-12-30;0;0;0;0;0;0;0;0;0;0;0;0;0;0;0;0;0;0
FR;8;2021-12-31;0;0;0;0;0;0;0;0;0;0;0;0;0;0;0;0;0;0
FR;8;2022-01-01;0;0;0;0;0;0;0;0;0;0;0;0;0;0;0;0;0;0
FR;8;2022-01-02;0;0;0;0;0;0;0;0;0;0;0;0;0;0;0;0;0;0
FR;8;2022-01-03;0;0;0;0;0;0;0;0;0;0;0;0;0;0;0;0;0;0
FR;8;2022-01-04;0;0;0;0;0;0;0;0;0;0;0;0;0;0;0;0;0;0
FR;8;2022-01-05;0;0;0;0;0;0;0;0;0;0;0;0;0;0;0;0;0;0
FR;8;2022-01-06;0;0;0;0;0;0;0;0;0;0;0;0;0;0;0;0;0;0
FR;8;2022-01-07;0;0;0;0;0;0;0;0;0;0;0;0;0;0;0;0;0;0
FR;8;2022-01-08;0;0;0;0;0;0;0;0;0;0;0;0;0;0;0;0;0;0
FR;8;2022-01-09;0;0;0;0;0;0;0;0;0;0;0;0;0;0;0;0;0;0
FR;8;2022-01-10;0;0;0;0;0;0;0;0;0;0;0;0;0;0;0;0;0;0
FR;8;2022-01-11;0;0;0;0;0;0;0;0;0;0;0;0;0;0;0;0;0;0
FR;8;2022-01-12;0;0;0;0;0;0;0;0;0;0;0;0;0;0;0;0;0;0
FR;8;2022-01-13;0;0;0;0;0;0;0;0;0;0;0;0;0;0;0;0;0;0
FR;8;2022-01-14;0;0;0;0;0;0;0;0;0;0;0;0;0;0;0;0;0;0
FR;8;2022-01-15;0;0;0;0;0;0;0;0;0;0;0;0;0;0;0;0;0;0
FR;8;2022-01-16;0;0;0;0;0;0;0;0;0;0;0;0;0;0;0;0;0;0
FR;8;2022-01-17;0;0;0;0;0;0;0;0;0;0;0;0;0;0;0;0;0;0
FR;8;2022-01-18;0;0;0;0;0;0;0;0;0;0;0;0;0;0;0;0;0;0
FR;8;2022-01-19;0;0;0;0;0;0;0;0;0;0;0;0;0;0;0;0;0;0
FR;8;2022-01-20;0;0;0;0;0;0;0;0;0;0;0;0;0;0;0;0;0;0
FR;8;2022-01-21;0;0;0;0;0;0;0;0;0;0;0;0;0;0;0;0;0;0
FR;8;2022-01-22;0;0;0;0;0;0;0;0;0;0;0;0;0;0;0;0;0;0
FR;8;2022-01-23;0;0;0;0;0;0;0;0;0;0;0;0;0;0;0;0;0;0
FR;8;2022-01-24;0;0;0;0;0;0;0;0;0;0;0;0;0;0;0;0;0;0
FR;8;2022-01-25;0;0;0;0;0;0;0;0;0;0;0;0;0;0;0;0;0;0
FR;8;2022-01-26;0;0;0;0;0;0;0;0;0;0;0;0;0;0;0;0;0;0
FR;8;2022-01-27;0;0;0;0;0;0;0;0;0;0;0;0;0;0;0;0;0;0
FR;8;2022-01-28;0;0;0;0;0;0;0;0;0;0;0;0;0;0;0;0;0;0
FR;8;2022-01-29;0;0;0;0;0;0;0;0;0;0;0;0;0;0;0;0;0;0
FR;8;2022-01-30;0;0;0;0;0;0;0;0;0;0;0;0;0;0;0;0;0;0
FR;8;2022-01-31;0;0;0;0;0;0;0;0;0;0;0;0;0;0;0;0;0;0
FR;8;2022-02-01;0;0;0;0;0;0;0;0;0;0;0;0;0;0;0;0;0;0
FR;8;2022-02-02;0;0;0;0;0;0;0;0;0;0;0;0;0;0;0;0;0;0
FR;8;2022-02-03;0;0;0;0;0;0;0;0;0;0;0;0;0;0;0;0;0;0
FR;8;2022-02-04;0;0;0;0;0;0;0;0;0;0;0;0;0;0;0;0;0;0
FR;8;2022-02-05;0;0;0;0;0;0;0;0;0;0;0;0;0;0;0;0;0;0
FR;8;2022-02-06;0;0;0;0;0;0;0;0;0;0;0;0;0;0;0;0;0;0
FR;8;2022-02-07;0;0;0;0;0;0;0;0;0;0;0;0;0;0;0;0;0;0
FR;8;2022-02-08;0;0;0;0;0;0;0;0;0;0;0;0;0;0;0;0;0;0
FR;8;2022-02-09;0;0;0;0;0;0;0;0;0;0;0;0;0;0;0;0;0;0
FR;8;2022-02-10;0;0;0;0;0;0;0;0;0;0;0;0;0;0;0;0;0;0
FR;8;2022-02-11;0;0;0;0;0;0;0;0;0;0;0;0;0;0;0;0;0;0
FR;8;2022-02-12;0;0;0;0;0;0;0;0;0;0;0;0;0;0;0;0;0;0
FR;8;2022-02-13;0;0;0;0;0;0;0;0;0;0;0;0;0;0;0;0;0;0
FR;8;2022-02-14;0;0;0;0;0;0;0;0;0;0;0;0;0;0;0;0;0;0
FR;8;2022-02-15;0;0;0;0;0;0;0;0;0;0;0;0;0;0;0;0;0;0
FR;8;2022-02-16;0;0;0;0;0;0;0;0;0;0;0;0;0;0;0;0;0;0
FR;8;2022-02-17;0;0;0;0;0;0;0;0;0;0;0;0;0;0;0;0;0;0
FR;8;2022-02-18;0;0;0;0;0;0;0;0;0;0;0;0;0;0;0;0;0;0
FR;8;2022-02-19;0;0;0;0;0;0;0;0;0;0;0;0;0;0;0;0;0;0
FR;8;2022-02-20;0;0;0;0;0;0;0;0;0;0;0;0;0;0;0;0;0;0
FR;8;2022-02-21;0;0;0;0;0;0;0;0;0;0;0;0;0;0;0;0;0;0
FR;8;2022-02-22;0;0;0;0;0;0;0;0;0;0;0;0;0;0;0;0;0;0
FR;8;2022-02-23;0;0;0;0;0;0;0;0;0;0;0;0;0;0;0;0;0;0
FR;8;2022-02-24;0;0;0;0;0;0;0;0;0;0;0;0;0;0;0;0;0;0
FR;8;2022-02-25;0;0;0;0;0;0;0;0;0;0;0;0;0;0;0;0;0;0
FR;8;2022-02-26;0;0;0;0;0;0;0;0;0;0;0;0;0;0;0;0;0;0
FR;8;2022-02-27;0;0;0;0;0;0;0;0;0;0;0;0;0;0;0;0;0;0
FR;8;2022-02-28;0;0;0;0;0;0;0;0;0;0;0;0;0;0;0;0;0;0
FR;8;2022-03-01;0;0;0;0;0;0;0;0;0;0;0;0;0;0;0;0;0;0
FR;8;2022-03-02;0;0;0;0;0;0;0;0;0;0;0;0;0;0;0;0;0;0
FR;8;2022-03-03;0;0;0;0;0;0;0;0;0;0;0;0;0;0;0;0;0;0
FR;8;2022-03-04;0;0;0;0;0;0;0;0;0;0;0;0;0;0;0;0;0;0
FR;8;2022-03-05;0;0;0;0;0;0;0;0;0;0;0;0;0;0;0;0;0;0
FR;8;2022-03-06;0;0;0;0;0;0;0;0;0;0;0;0;0;0;0;0;0;0
FR;8;2022-03-07;0;0;0;0;0;0;0;0;0;0;0;0;0;0;0;0;0;0
FR;8;2022-03-08;0;0;0;0;0;0;0;0;0;0;0;0;0;0;0;0;0;0
FR;8;2022-03-09;0;0;0;0;0;0;0;0;0;0;0;0;0;0;0;0;0;0
FR;8;2022-03-10;0;0;0;0;0;0;0;0;0;0;0;0;0;0;0;0;0;0
FR;8;2022-03-11;0;0;0;0;0;0;0;0;0;0;0;0;0;0;0;0;0;0
FR;8;2022-03-12;0;0;0;0;0;0;0;0;0;0;0;0;0;0;0;0;0;0
FR;8;2022-03-13;0;0;0;0;0;0;0;0;0;0;0;0;0;0;0;0;0;0
FR;8;2022-03-14;0;0;0;0;0;0;0;0;0;0;0;0;0;0;0;0;0;0
FR;8;2022-03-15;0;0;0;0;0;0;0;0;0;0;0;0;0;0;0;0;0;0
FR;8;2022-03-16;0;0;0;0;0;0;0;0;0;0;0;0;0;0;0;0;0;0
FR;8;2022-03-17;0;0;0;0;0;0;0;0;0;0;0;0;0;0;0;0;0;0
FR;8;2022-03-18;0;0;0;0;0;0;0;0;0;0;0;0;0;0;0;0;0;0
FR;8;2022-03-19;0;0;0;0;0;0;0;0;0;0;0;0;0;0;0;0;0;0
FR;8;2022-03-20;0;0;0;0;0;0;0;0;0;0;0;0;0;0;0;0;0;0
FR;8;2022-03-21;0;0;0;0;0;0;0;0;0;0;0;0;0;0;0;0;0;0
FR;8;2022-03-22;0;0;0;0;0;0;0;0;0;0;0;0;0;0;0;0;0;0
FR;8;2022-03-23;0;0;0;0;0;0;0;0;0;0;0;0;0;0;0;0;0;0
FR;8;2022-03-24;0;0;0;0;0;0;0;0;0;0;0;0;0;0;0;0;0;0
FR;8;2022-03-25;0;0;0;0;0;0;0;0;0;0;0;0;0;0;0;0;0;0
FR;8;2022-03-26;0;0;0;0;0;0;0;0;0;0;0;0;0;0;0;0;0;0
FR;8;2022-03-27;0;0;0;0;0;0;0;0;0;0;0;0;0;0;0;0;0;0
FR;8;2022-03-28;0;0;0;0;0;0;0;0;0;0;0;0;0;0;0;0;0;0
FR;8;2022-03-29;0;0;0;0;0;0;0;0;0;0;0;0;0;0;0;0;0;0
FR;8;2022-03-30;0;0;0;0;0;0;0;0;0;0;0;0;0;0;0;0;0;0
FR;8;2022-03-31;0;0;0;0;0;0;0;0;0;0;0;0;0;0;0;0;0;0
FR;8;2022-04-01;0;0;0;0;0;0;0;0;0;0;0;0;0;0;0;0;0;0
FR;8;2022-04-02;0;0;0;0;0;0;0;0;0;0;0;0;0;0;0;0;0;0
FR;8;2022-04-03;0;0;0;0;0;0;0;0;0;0;0;0;0;0;0;0;0;0
FR;8;2022-04-04;0;0;0;0;0;0;0;0;0;0;0;0;0;0;0;0;0;0
FR;8;2022-04-05;0;0;0;0;0;0;0;0;0;0;0;0;0;0;0;0;0;0
FR;8;2022-04-06;0;0;0;0;0;0;0;0;0;0;0;0;0;0;0;0;0;0
FR;8;2022-04-07;0;0;0;0;0;0;0;0;0;0;0;0;0;0;0;0;0;0
FR;8;2022-04-08;0;0;0;0;0;0;0;0;0;0;0;0;0;0;0;0;0;0
FR;8;2022-04-09;0;0;0;0;0;0;0;0;0;0;0;0;0;0;0;0;0;0
FR;8;2022-04-10;0;0;0;0;0;0;0;0;0;0;0;0;0;0;0;0;0;0
FR;8;2022-04-11;0;0;0;0;0;0;0;0;0;0;0;0;0;0;0;0;0;0
FR;8;2022-04-12;0;0;0;0;0;0;0;0;0;0;0;0;0;0;0;0;0;0
FR;8;2022-04-13;0;0;0;0;0;0;0;0;0;0;0;0;0;0;0;0;0;0
FR;8;2022-04-14;0;0;0;0;0;0;0;0;0;0;0;0;0;0;0;0;0;0
FR;8;2022-04-15;0;0;0;0;0;0;0;0;0;0;0;0;0;0;0;0;0;0
FR;8;2022-04-16;0;0;0;0;0;0;0;0;0;0;0;0;0;0;0;0;0;0
FR;8;2022-04-17;0;0;0;0;0;0;0;0;0;0;0;0;0;0;0;0;0;0
FR;8;2022-04-18;0;0;0;0;0;0;0;0;0;0;0;0;0;0;0;0;0;0
FR;8;2022-04-19;0;0;0;0;0;0;0;0;0;0;0;0;0;0;0;0;0;0
FR;8;2022-04-20;0;0;0;0;0;0;0;0;0;0;0;0;0;0;0;0;0;0
FR;8;2022-04-21;0;0;0;0;0;0;0;0;0;0;0;0;0;0;0;0;0;0
FR;8;2022-04-22;0;0;0;0;0;0;0;0;0;0;0;0;0;0;0;0;0;0
FR;8;2022-04-23;0;0;0;0;0;0;0;0;0;0;0;0;0;0;0;0;0;0
FR;8;2022-04-24;0;0;0;0;0;0;0;0;0;0;0;0;0;0;0;0;0;0
FR;8;2022-04-25;0;0;0;0;0;0;0;0;0;0;0;0;0;0;0;0;0;0
FR;8;2022-04-26;0;0;0;0;0;0;0;0;0;0;0;0;0;0;0;0;0;0
FR;8;2022-04-27;0;0;0;0;0;0;0;0;0;0;0;0;0;0;0;0;0;0
FR;8;2022-04-28;0;0;0;0;0;0;0;0;0;0;0;0;0;0;0;0;0;0
FR;8;2022-04-29;0;0;0;0;0;0;0;0;0;0;0;0;0;0;0;0;0;0
FR;8;2022-04-30;0;0;0;0;0;0;0;0;0;0;0;0;0;0;0;0;0;0
FR;8;2022-05-01;0;0;0;0;0;0;0;0;0;0;0;0;0;0;0;0;0;0
FR;8;2022-05-02;0;0;0;0;0;0;0;0;0;0;0;0;0;0;0;0;0;0
FR;8;2022-05-03;0;0;0;0;0;0;0;0;0;0;0;0;0;0;0;0;0;0
FR;8;2022-05-04;0;0;0;0;0;0;0;0;0;0;0;0;0;0;0;0;0;0
FR;8;2022-05-05;0;0;0;0;0;0;0;0;0;0;0;0;0;0;0;0;0;0
FR;8;2022-05-06;0;0;0;0;0;0;0;0;0;0;0;0;0;0;0;0;0;0
FR;8;2022-05-07;0;0;0;0;0;0;0;0;0;0;0;0;0;0;0;0;0;0
FR;8;2022-05-08;0;0;0;0;0;0;0;0;0;0;0;0;0;0;0;0;0;0
FR;8;2022-05-09;0;0;0;0;0;0;0;0;0;0;0;0;0;0;0;0;0;0
FR;8;2022-05-10;0;0;0;0;0;0;0;0;0;0;0;0;0;0;0;0;0;0
FR;8;2022-05-11;0;0;0;0;0;0;0;0;0;0;0;0;0;0;0;0;0;0
FR;8;2022-05-12;0;0;0;0;0;0;0;0;0;0;0;0;0;0;0;0;0;0
FR;8;2022-05-13;0;0;0;0;0;0;0;0;0;0;0;0;0;0;0;0;0;0
FR;8;2022-05-14;0;0;0;0;0;0;0;0;0;0;0;0;0;0;0;0;0;0
FR;8;2022-05-15;0;0;0;0;0;0;0;0;0;0;0;0;0;0;0;0;0;0
FR;8;2022-05-16;0;0;0;0;0;0;0;0;0;0;0;0;0;0;0;0;0;0
FR;8;2022-05-17;0;0;0;0;0;0;0;0;0;0;0;0;0;0;0;0;0;0
FR;8;2022-05-18;0;0;0;0;0;0;0;0;0;0;0;0;0;0;0;0;0;0
FR;8;2022-05-19;0;0;0;0;0;0;0;0;0;0;0;0;0;0;0;0;0;0
FR;8;2022-05-20;0;0;0;0;0;0;0;0;0;0;0;0;0;0;0;0;0;0
FR;8;2022-05-21;0;0;0;0;0;0;0;0;0;0;0;0;0;0;0;0;0;0
FR;8;2022-05-22;0;0;0;0;0;0;0;0;0;0;0;0;0;0;0;0;0;0
FR;8;2022-05-23;0;0;0;0;0;0;0;0;0;0;0;0;0;0;0;0;0;0
FR;8;2022-05-24;0;0;0;0;0;0;0;0;0;0;0;0;0;0;0;0;0;0
FR;8;2022-05-25;0;0;0;0;0;0;0;0;0;0;0;0;0;0;0;0;0;0
FR;8;2022-05-26;0;0;0;0;0;0;0;0;0;0;0;0;0;0;0;0;0;0
FR;8;2022-05-27;0;0;0;0;0;0;0;0;0;0;0;0;0;0;0;0;0;0
FR;8;2022-05-28;0;0;0;0;0;0;0;0;0;0;0;0;0;0;0;0;0;0
FR;8;2022-05-29;0;0;0;0;0;0;0;0;0;0;0;0;0;0;0;0;0;0
FR;8;2022-05-30;0;0;0;0;0;0;0;0;0;0;0;0;0;0;0;0;0;0
FR;8;2022-05-31;0;0;0;0;0;0;0;0;0;0;0;0;0;0;0;0;0;0
FR;8;2022-06-01;0;0;0;0;0;0;0;0;0;0;0;0;0;0;0;0;0;0
FR;8;2022-06-02;0;0;0;0;0;0;0;0;0;0;0;0;0;0;0;0;0;0
FR;8;2022-06-03;0;0;0;0;0;0;0;0;0;0;0;0;0;0;0;0;0;0
FR;8;2022-06-04;0;0;0;0;0;0;0;0;0;0;0;0;0;0;0;0;0;0
FR;8;2022-06-05;0;0;0;0;0;0;0;0;0;0;0;0;0;0;0;0;0;0
FR;8;2022-06-06;0;0;0;0;0;0;0;0;0;0;0;0;0;0;0;0;0;0
FR;8;2022-06-07;0;0;0;0;0;0;0;0;0;0;0;0;0;0;0;0;0;0
FR;8;2022-06-08;0;0;0;0;0;0;0;0;0;0;0;0;0;0;0;0;0;0
FR;8;2022-06-09;0;0;0;0;0;0;0;0;0;0;0;0;0;0;0;0;0;0
FR;8;2022-06-10;0;0;0;0;0;0;0;0;0;0;0;0;0;0;0;0;0;0
FR;8;2022-06-11;0;0;0;0;0;0;0;0;0;0;0;0;0;0;0;0;0;0
FR;8;2022-06-12;0;0;0;0;0;0;0;0;0;0;0;0;0;0;0;0;0;0
FR;8;2022-06-13;0;0;0;0;0;0;0;0;0;0;0;0;0;0;0;0;0;0
FR;8;2022-06-14;0;0;0;0;0;0;0;0;0;0;0;0;0;0;0;0;0;0
FR;8;2022-06-15;0;0;0;0;0;0;0;0;0;0;0;0;0;0;0;0;0;0
FR;8;2022-06-16;0;0;0;0;0;0;0;0;0;0;0;0;0;0;0;0;0;0
FR;8;2022-06-17;0;0;0;0;0;0;0;0;0;0;0;0;0;0;0;0;0;0
FR;8;2022-06-18;0;0;0;0;0;0;0;0;0;0;0;0;0;0;0;0;0;0
FR;8;2022-06-19;0;0;0;0;0;0;0;0;0;0;0;0;0;0;0;0;0;0
FR;8;2022-06-20;0;0;0;0;0;0;0;0;0;0;0;0;0;0;0;0;0;0
FR;8;2022-06-21;0;0;0;0;0;0;0;0;0;0;0;0;0;0;0;0;0;0
FR;8;2022-06-22;0;0;0;0;0;0;0;0;0;0;0;0;0;0;0;0;0;0
FR;8;2022-06-23;0;0;0;0;0;0;0;0;0;0;0;0;0;0;0;0;0;0
FR;8;2022-06-24;0;0;0;0;0;0;0;0;0;0;0;0;0;0;0;0;0;0
FR;8;2022-06-25;0;0;0;0;0;0;0;0;0;0;0;0;0;0;0;0;0;0
FR;8;2022-06-26;0;0;0;0;0;0;0;0;0;0;0;0;0;0;0;0;0;0
FR;8;2022-06-27;0;0;0;0;0;0;0;0;0;0;0;0;0;0;0;0;0;0
FR;8;2022-06-28;0;0;0;0;0;0;0;0;0;0;0;0;0;0;0;0;0;0
FR;8;2022-06-29;0;0;0;0;0;0;0;0;0;0;0;0;0;0;0;0;0;0
FR;8;2022-06-30;0;0;0;0;0;0;0;0;0;0;0;0;0;0;0;0;0;0
FR;8;2022-07-01;0;0;0;0;0;0;0;0;0;0;0;0;0;0;0;0;0;0
FR;8;2022-07-02;0;0;0;0;0;0;0;0;0;0;0;0;0;0;0;0;0;0
FR;8;2022-07-03;0;0;0;0;0;0;0;0;0;0;0;0;0;0;0;0;0;0
FR;8;2022-07-04;0;0;0;0;0;0;0;0;0;0;0;0;0;0;0;0;0;0
FR;8;2022-07-05;0;0;0;0;0;0;0;0;0;0;0;0;0;0;0;0;0;0
FR;8;2022-07-06;0;0;0;0;0;0;0;0;0;0;0;0;0;0;0;0;0;0
FR;8;2022-07-07;0;0;0;0;0;0;0;0;0;0;0;0;0;0;0;0;0;0
FR;8;2022-07-08;0;0;0;0;0;0;0;0;0;0;0;0;0;0;0;0;0;0
FR;8;2022-07-09;0;0;0;0;0;0;0;0;0;0;0;0;0;0;0;0;0;0
FR;8;2022-07-10;0;0;0;0;0;0;0;0;0;0;0;0;0;0;0;0;0;0
FR;8;2022-07-11;0;0;0;0;0;0;0;0;0;0;0;0;0;0;0;0;0;0
FR;8;2022-07-12;0;0;0;0;0;0;0;0;0;0;0;0;0;0;0;0;0;0
FR;8;2022-07-13;0;0;0;0;0;0;0;0;0;0;0;0;0;0;0;0;0;0
FR;8;2022-07-14;0;0;0;0;0;0;0;0;0;0;0;0;0;0;0;0;0;0
FR;8;2022-07-15;0;0;0;0;0;0;0;0;0;0;0;0;0;0;0;0;0;0
FR;8;2022-07-16;0;0;0;0;0;0;0;0;0;0;0;0;0;0;0;0;0;0
FR;8;2022-07-17;0;0;0;0;0;0;0;0;0;0;0;0;0;0;0;0;0;0
FR;8;2022-07-18;0;0;0;0;0;0;0;0;0;0;0;0;0;0;0;0;0;0
FR;8;2022-07-19;0;0;0;0;0;0;0;0;0;0;0;0;0;0;0;0;0;0
FR;8;2022-07-20;0;0;0;0;0;0;0;0;0;0;0;0;0;0;0;0;0;0
FR;8;2022-07-21;0;0;0;0;0;0;0;0;0;0;0;0;0;0;0;0;0;0
FR;8;2022-07-22;0;0;0;0;0;0;0;0;0;0;0;0;0;0;0;0;0;0
FR;8;2022-07-23;0;0;0;0;0;0;0;0;0;0;0;0;0;0;0;0;0;0
FR;8;2022-07-24;0;0;0;0;0;0;0;0;0;0;0;0;0;0;0;0;0;0
FR;8;2022-07-25;0;0;0;0;0;0;0;0;0;0;0;0;0;0;0;0;0;0
FR;8;2022-07-26;0;0;0;0;0;0;0;0;0;0;0;0;0;0;0;0;0;0
FR;8;2022-07-27;0;0;0;0;0;0;0;0;0;0;0;0;0;0;0;0;0;0
FR;8;2022-07-28;0;0;0;0;0;0;0;0;0;0;0;0;0;0;0;0;0;0
FR;8;2022-07-29;0;0;0;0;0;0;0;0;0;0;0;0;0;0;0;0;0;0
FR;8;2022-07-30;0;0;0;0;0;0;0;0;0;0;0;0;0;0;0;0;0;0
FR;8;2022-07-31;0;0;0;0;0;0;0;0;0;0;0;0;0;0;0;0;0;0
FR;8;2022-08-01;0;0;0;0;0;0;0;0;0;0;0;0;0;0;0;0;0;0
FR;8;2022-08-02;0;0;0;0;0;0;0;0;0;0;0;0;0;0;0;0;0;0
FR;8;2022-08-03;0;0;0;0;0;0;0;0;0;0;0;0;0;0;0;0;0;0
FR;8;2022-08-04;0;0;0;0;0;0;0;0;0;0;0;0;0;0;0;0;0;0
FR;8;2022-08-05;0;0;0;0;0;0;0;0;0;0;0;0;0;0;0;0;0;0
FR;8;2022-08-06;0;0;0;0;0;0;0;0;0;0;0;0;0;0;0;0;0;0
FR;8;2022-08-07;0;0;0;0;0;0;0;0;0;0;0;0;0;0;0;0;0;0
FR;8;2022-08-08;0;0;0;0;0;0;0;0;0;0;0;0;0;0;0;0;0;0
FR;8;2022-08-09;0;0;0;0;0;0;0;0;0;0;0;0;0;0;0;0;0;0
FR;8;2022-08-10;0;0;0;0;0;0;0;0;0;0;0;0;0;0;0;0;0;0
FR;8;2022-08-11;0;0;0;0;0;0;0;0;0;0;0;0;0;0;0;0;0;0
FR;8;2022-08-12;0;0;0;0;0;0;0;0;0;0;0;0;0;0;0;0;0;0
FR;8;2022-08-13;0;0;0;0;0;0;0;0;0;0;0;0;0;0;0;0;0;0
FR;8;2022-08-14;0;0;0;0;0;0;0;0;0;0;0;0;0;0;0;0;0;0
FR;8;2022-08-15;0;0;0;0;0;0;0;0;0;0;0;0;0;0;0;0;0;0
FR;8;2022-08-16;0;0;0;0;0;0;0;0;0;0;0;0;0;0;0;0;0;0
FR;8;2022-08-17;0;0;0;0;0;0;0;0;0;0;0;0;0;0;0;0;0;0
FR;8;2022-08-18;0;0;0;0;0;0;0;0;0;0;0;0;0;0;0;0;0;0
FR;8;2022-08-19;0;0;0;0;0;0;0;0;0;0;0;0;0;0;0;0;0;0
FR;8;2022-08-20;0;0;0;0;0;0;0;0;0;0;0;0;0;0;0;0;0;0
FR;8;2022-08-21;0;0;0;0;0;0;0;0;0;0;0;0;0;0;0;0;0;0
FR;8;2022-08-22;0;0;0;0;0;0;0;0;0;0;0;0;0;0;0;0;0;0
FR;8;2022-08-23;0;0;0;0;0;0;0;0;0;0;0;0;0;0;0;0;0;0
FR;8;2022-08-24;0;0;0;0;0;0;0;0;0;0;0;0;0;0;0;0;0;0
FR;8;2022-08-25;0;0;0;0;0;0;0;0;0;0;0;0;0;0;0;0;0;0
FR;8;2022-08-26;0;0;0;0;0;0;0;0;0;0;0;0;0;0;0;0;0;0
FR;8;2022-08-27;0;0;0;0;0;0;0;0;0;0;0;0;0;0;0;0;0;0
FR;8;2022-08-28;0;0;0;0;0;0;0;0;0;0;0;0;0;0;0;0;0;0
FR;8;2022-08-29;0;0;0;0;0;0;0;0;0;0;0;0;0;0;0;0;0;0
FR;8;2022-08-30;0;0;0;0;0;0;0;0;0;0;0;0;0;0;0;0;0;0
FR;8;2022-08-31;0;0;0;0;0;0;0;0;0;0;0;0;0;0;0;0;0;0
FR;8;2022-09-01;0;0;0;0;0;0;0;0;0;0;0;0;0;0;0;0;0;0
FR;8;2022-09-02;0;0;0;0;0;0;0;0;0;0;0;0;0;0;0;0;0;0
FR;8;2022-09-03;0;0;0;0;0;0;0;0;0;0;0;0;0;0;0;0;0;0
FR;8;2022-09-04;0;0;0;0;0;0;0;0;0;0;0;0;0;0;0;0;0;0
FR;8;2022-09-05;0;0;0;0;0;0;0;0;0;0;0;0;0;0;0;0;0;0
FR;8;2022-09-06;0;0;0;0;0;0;0;0;0;0;0;0;0;0;0;0;0;0
FR;8;2022-09-07;0;0;0;0;0;0;0;0;0;0;0;0;0;0;0;0;0;0
FR;8;2022-09-08;0;0;0;0;0;0;0;0;0;0;0;0;0;0;0;0;0;0
FR;8;2022-09-09;0;0;0;0;0;0;0;0;0;0;0;0;0;0;0;0;0;0
FR;8;2022-09-10;0;0;0;0;0;0;0;0;0;0;0;0;0;0;0;0;0;0
FR;8;2022-09-11;0;0;0;0;0;0;0;0;0;0;0;0;0;0;0;0;0;0
FR;8;2022-09-12;0;0;0;0;0;0;0;0;0;0;0;0;0;0;0;0;0;0
FR;8;2022-09-13;0;0;0;0;0;0;0;0;0;0;0;0;0;0;0;0;0;0
FR;8;2022-09-14;0;0;0;0;0;0;0;0;0;0;0;0;0;0;0;0;0;0
FR;8;2022-09-15;0;0;0;0;0;0;0;0;0;0;0;0;0;0;0;0;0;0
FR;8;2022-09-16;0;0;0;0;0;0;0;0;0;0;0;0;0;0;0;0;0;0
FR;8;2022-09-17;0;0;0;0;0;0;0;0;0;0;0;0;0;0;0;0;0;0
FR;8;2022-09-18;0;0;0;0;0;0;0;0;0;0;0;0;0;0;0;0;0;0
FR;8;2022-09-19;0;0;0;0;0;0;0;0;0;0;0;0;0;0;0;0;0;0
FR;8;2022-09-20;0;0;0;0;0;0;0;0;0;0;0;0;0;0;0;0;0;0
FR;8;2022-09-21;0;0;0;0;0;0;0;0;0;0;0;0;0;0;0;0;0;0
FR;8;2022-09-22;0;0;0;0;0;0;0;0;0;0;0;0;0;0;0;0;0;0
FR;8;2022-09-23;0;0;0;0;0;0;0;0;0;0;0;0;0;0;0;0;0;0
FR;8;2022-09-24;0;0;0;0;0;0;0;0;0;0;0;0;0;0;0;0;0;0
FR;8;2022-09-25;0;0;0;0;0;0;0;0;0;0;0;0;0;0;0;0;0;0
FR;8;2022-09-26;0;0;0;0;0;0;0;0;0;0;0;0;0;0;0;0;0;0
FR;8;2022-09-27;0;0;0;0;0;0;0;0;0;0;0;0;0;0;0;0;0;0
FR;8;2022-09-28;0;0;0;0;0;0;0;0;0;0;0;0;0;0;0;0;0;0
FR;8;2022-09-29;0;0;0;0;0;0;0;0;0;0;0;0;0;0;0;0;0;0
FR;8;2022-09-30;0;0;0;0;0;0;0;0;0;0;0;0;0;0;0;0;0;0
FR;8;2022-10-01;0;0;0;0;0;0;0;0;0;0;0;0;0;0;0;0;0;0
FR;8;2022-10-02;0;0;0;0;0;0;0;0;0;0;0;0;0;0;0;0;0;0
FR;8;2022-10-03;0;0;0;0;0;0;0;0;0;0;0;0;0;0;0;0;0;0
FR;8;2022-10-04;0;0;0;0;0;0;0;0;0;0;0;0;0;0;0;0;0;0
FR;8;2022-10-05;0;0;0;0;0;0;0;0;0;0;0;0;0;0;0;0;0;0
FR;8;2022-10-06;13;17;113;861;8;83;866;1059;110;13;17;113;861;8;83;866;1059;110
FR;8;2022-10-07;75;103;842;8012;63;699;8066;9845;1073;88;120;955;8873;71;782;8932;10904;1183
FR;8;2022-10-08;36;115;610;4057;50;516;4109;5310;676;124;235;1565;12930;121;1298;13041;16214;1859
FR;8;2022-10-09;17;22;145;885;13;132;913;1234;185;141;257;1710;13815;134;1430;13954;17448;2044
FR;8;2022-10-10;123;192;1351;12751;106;1044;12982;16301;2253;264;449;3061;26566;240;2474;26936;33749;4297
FR;8;2022-10-11;193;264;2476;26927;136;2012;27198;33964;4717;457;713;5537;53493;376;4486;54134;67713;9014
FR;8;2022-10-12;160;258;1831;18238;152;1441;18474;23474;3535;617;971;7368;71731;528;5927;72608;91187;12549
FR;8;2022-10-13;209;281;2512;28077;178;1905;28441;35580;5206;826;1252;9880;99808;706;7832;101049;126767;17755
FR;8;2022-10-14;257;419;3272;36247;241;2557;36672;45578;6307;1083;1671;13152;136055;947;10389;137721;172345;24062
FR;8;2022-10-15;105;182;1203;8806;79;1002;8932;11783;1829;1188;1853;14355;144861;1026;11391;146653;184128;25891
FR;8;2022-10-16;34;54;248;1522;26;215;1557;2179;402;1222;1907;14603;146383;1052;11606;148210;186307;26293
FR;8;2022-10-17;159;313;2101;21806;175;1631;22113;28302;4536;1381;2220;16704;168189;1227;13237;170323;214609;30829
FR;8;2022-10-18;273;350;3356;37862;227;2654;38245;50787;9815;1654;2570;20060;206051;1454;15891;208568;265396;40644
FR;8;2022-10-19;201;314;2632;28300;183;2187;28620;38730;7862;1855;2884;22692;234351;1637;18078;237188;304126;48506
FR;8;2022-10-20;257;368;3577;41208;229;2653;41813;55718;11167;2112;3252;26269;275559;1866;20731;279001;359844;59673
FR;8;2022-10-21;326;489;4461;49419;276;3475;50018;66308;12716;2438;3741;30730;324978;2142;24206;329019;426152;72389
FR;8;2022-10-22;127;168;1230;10664;111;927;10850;14745;2949;2565;3909;31960;335642;2253;25133;339869;440897;75338
FR;8;2022-10-23;50;53;266;1762;48;197;1841;2610;571;2615;3962;32226;337404;2301;25330;341710;443507;75909
FR;8;2022-10-24;231;311;2475;24044;174;2074;24342;33551;7084;2846;4273;34701;361448;2475;27404;366052;477058;82993
FR;8;2022-10-25;307;417;4081;43465;257;3138;44064;61313;14008;3153;4690;38782;404913;2732;30542;410116;538371;97001
FR;8;2022-10-26;228;343;2885;28761;186;2381;29040;41472;9963;3381;5033;41667;433674;2918;32923;439156;579843;106964
FR;8;2022-10-27;277;415;3329;36200;243;2635;36676;51265;11889;3658;5448;44996;469874;3161;35558;475832;631108;118853
FR;8;2022-10-28;329;466;3829;39478;258;2864;40201;55135;12001;3987;5914;48825;509352;3419;38422;516033;686243;130854
FR;8;2022-10-29;113;165;1074;8230;94;803;8374;11861;2667;4100;6079;49899;517582;3513;39225;524407;698104;133521
FR;8;2022-10-30;40;53;210;1348;38;180;1394;2063;485;4140;6132;50109;518930;3551;39405;525801;700167;134006
FR;8;2022-10-31;196;260;1665;14543;145;1277;14808;21209;5106;4336;6392;51774;533473;3696;40682;540609;721376;139112
FR;8;2022-11-01;48;42;137;963;24;171;978;1626;474;4384;6434;51911;534436;3720;40853;541587;723002;139586
FR;8;2022-11-02;199;371;2377;23320;205;1982;23714;35065;9302;4583;6805;54288;557756;3925;42835;565301;758067;148888
FR;8;2022-11-03;311;419;3487;36969;259;2604;37612;54691;14376;4894;7224;57775;594725;4184;45439;602913;812758;163264
FR;8;2022-11-04;356;497;3783;40210;262;2976;40732;57998;14179;5250;7721;61558;634935;4446;48415;643645;870756;177443
FR;8;2022-11-05;113;188;1103;8769;122;850;8936;12891;3070;5363;7909;62661;643704;4568;49265;652581;883647;180513
FR;8;2022-11-06;45;56;224;1409;38;205;1442;2250;593;5408;7965;62885;645113;4606;49470;654023;885897;181106
FR;8;2022-11-07;253;281;2324;24844;208;1799;25432;37630;10331;5661;8246;65209;669957;4814;51269;679455;923527;191437
FR;8;2022-11-08;363;506;4340;48401;307;3266;49380;71628;18820;6024;8752;69549;718358;5121;54535;728835;995155;210257
FR;8;2022-11-09;269;370;2879;29182;212;2263;29867;44485;12271;6293;9122;72428;747540;5333;56798;758702;1039640;222528
FR;8;2022-11-10;369;539;3958;40291;308;3028;41203;60577;16206;6662;9661;76386;787831;5641;59826;799905;1100217;238734
FR;8;2022-11-11;40;63;243;1479;34;204;1525;2675;933;6702;9724;76629;789310;5675;60030;801430;1102892;239667
FR;8;2022-11-12;84;165;881;6433;79;687;6636;9894;2552;6786;9889;77510;795743;5754;60717;808066;1112786;242219
FR;8;2022-11-13;36;54;213;1110;35;173;1162;1927;586;6822;9943;77723;796853;5789;60890;809228;1114713;242805
FR;8;2022-11-14;235;307;2242;22451;168;1725;23002;35096;10294;7057;10250;79965;819304;5957;62615;832230;1149809;253099
FR;8;2022-11-15;346;429;3766;42361;263;2871;43268;64817;18544;7403;10679;83731;861665;6220;65486;875498;1214626;271643
FR;8;2022-11-16;308;353;2621;26556;221;2158;27029;41770;12498;7711;11032;86352;888221;6441;67644;902527;1256396;284141
FR;8;2022-11-17;373;431;3386;36875;293;2617;37453;56663;16494;8084;11463;89738;925096;6734;70261;939980;1313059;300635
FR;8;2022-11-18;346;468;4073;42326;290;2977;43177;63687;17429;8430;11931;93811;967422;7024;73238;983157;1376746;318064
FR;8;2022-11-19;121;182;1198;8974;121;844;9156;13833;3795;8551;12113;95009;976396;7145;74082;992313;1390579;321859
FR;8;2022-11-20;35;54;260;1585;38;217;1653;2663;788;8586;12167;95269;977981;7183;74299;993966;1393242;322647
FR;8;2022-11-21;218;303;2078;20125;178;1601;20656;32172;9848;8804;12470;97347;998106;7361;75900;1014622;1425414;332495
FR;8;2022-11-22;338;408;3472;37565;252;2671;38080;58184;17322;9142;12878;100819;1035671;7613;78571;1052702;1483598;349817
FR;8;2022-11-23;234;327;2415;24439;192;2018;24868;39226;12258;9376;13205;103234;1060110;7805;80589;1077570;1522824;362075
FR;8;2022-11-24;349;391;3373;34914;238;2581;35602;55361;17079;9725;13596;106607;1095024;8043;83170;1113172;1578185;379154
FR;8;2022-11-25;309;428;3633;37739;290;2625;38537;57853;16567;10034;14024;110240;1132763;8333;85795;1151709;1636038;395721
FR;8;2022-11-26;172;195;1177;8819;127;898;8976;13689;3784;10206;14219;111417;1141582;8460;86693;1160685;1649727;399505
FR;8;2022-11-27;45;43;227;1545;38;180;1561;2472;721;10251;14262;111644;1143127;8498;86873;1162246;1652199;400226
FR;8;2022-11-28;184;301;2309;23380;172;1703;24044;37329;11508;10435;14563;113953;1166507;8670;88576;1186290;1689528;411734
FR;8;2022-11-29;293;428;3978;44084;217;2943;44770;69162;21326;10728;14991;117931;1210591;8887;91519;1231060;1758690;433060
FR;8;2022-11-30;283;411;3377;34887;227;2545;35651;54724;16410;11011;15402;121308;1245478;9114;94064;1266711;1813414;449470
FR;8;2022-12-01;334;476;4476;49364;274;3130;50140;77704;24271;11345;15878;125784;1294842;9388;97194;1316851;1891118;473741
FR;8;2022-12-02;408;521;5438;58452;305;3742;59629;89818;26257;11753;16399;131222;1353294;9693;100936;1376480;1980936;499998
FR;8;2022-12-03;178;218;1917;16860;108;1327;17272;25842;7207;11931;16617;133139;1370154;9801;102263;1393752;2006778;507205
FR;8;2022-12-04;53;90;489;4056;59;404;4116;6288;1756;11984;16707;133628;1374210;9860;102667;1397868;2013066;508961
FR;8;2022-12-05;292;405;3848;42365;248;2515;43288;66941;20989;12276;17112;137476;1416575;10108;105182;1441156;2080007;529950
FR;8;2022-12-06;428;548;6299;74323;307;4213;75742;117943;37742;12704;17660;143775;1490898;10415;109395;1516898;2197950;567692
FR;8;2022-12-07;364;438;4908;55030;266;3244;56116;87698;28143;13068;18098;148683;1545928;10681;112639;1573014;2285648;595835
FR;8;2022-12-08;453;538;6447;75451;296;4196;77035;120477;38985;13521;18636;155130;1621379;10977;116835;1650049;2406125;634820
FR;8;2022-12-09;546;605;8021;90900;357;5214;92667;143007;44858;14067;19241;163151;1712279;11334;122049;1742716;2549132;679678
FR;8;2022-12-10;264;344;3341;31718;211;2089;32564;48738;13994;14331;19585;166492;1743997;11545;124138;1775280;2597870;693672
FR;8;2022-12-11;90;104;937;7865;66;644;8083;11892;3145;14421;19689;167429;1751862;11611;124782;1783363;2609762;696817
FR;8;2022-12-12;356;464;5857;64345;255;3727;65857;103397;33615;14777;20153;173286;1816207;11866;128509;1849220;2713159;730432
FR;8;2022-12-13;536;612;8428;99113;358;5198;101556;160211;53122;15313;20765;181714;1915320;12224;133707;1950776;2873370;783554
FR;8;2022-12-14;457;534;6363;70055;307;4211;71637;113496;37378;15770;21299;188077;1985375;12531;137918;2022413;2986866;820932
FR;8;2022-12-15;491;659;8161;91747;375;5141;93958;149260;49820;16261;21958;196238;2077122;12906;143059;2116371;3136126;870752
FR;8;2022-12-16;580;712;8875;100312;388;5707;102443;161928;53403;16841;22670;205113;2177434;13294;148766;2218814;3298054;924155
FR;8;2022-12-17;234;308;3145;30070;190;2004;30841;46780;13830;17075;22978;208258;2207504;13484;150770;2249655;3344834;937985
FR;8;2022-12-18;63;94;732;5974;50;499;6122;9296;2646;17138;23072;208990;2213478;13534;151269;2255777;3354130;940631
FR;8;2022-12-19;401;453;5344;53767;265;3368;55330;87759;28879;17539;23525;214334;2267245;13799;154637;2311107;3441889;969510
FR;8;2022-12-20;555;582;7347;76590;349;4754;78687;127122;43353;18094;24107;221681;2343835;14148;159391;2389794;3569011;1012863
FR;8;2022-12-21;425;482;4970;48808;288;3325;50100;81783;28160;18519;24589;226651;2392643;14436;162716;2439894;3650794;1041023
FR;8;2022-12-22;463;526;4588;44283;315;3188;45502;74794;25949;18982;25115;231239;2436926;14751;165904;2485396;3725588;1066972
FR;8;2022-12-23;320;390;2886;25049;253;2101;25697;42323;14407;19302;25505;234125;2461975;15004;168005;2511093;3767911;1081379
FR;8;2022-12-24;70;70;395;2551;41;295;2665;4151;1174;19372;25575;234520;2464526;15045;168300;2513758;3772062;1082553
FR;8;2022-12-25;29;30;106;546;22;84;567;914;260;19401;25605;234626;2465072;15067;168384;2514325;3772976;1082813
FR;8;2022-12-26;244;276;2158;16083;178;1501;16703;26798;8499;19645;25881;236784;2481155;15245;169885;2531028;3799774;1091312
FR;8;2022-12-27;393;453;3776;32420;265;2534;33515;55321;19125;20038;26334;240560;2513575;15510;172419;2564543;3855095;1110437
FR;8;2022-12-28;344;342;2941;24666;191;2055;25254;41763;14334;20382;26676;243501;2538241;15701;174474;2589797;3896858;1124771
FR;8;2022-12-29;298;408;3159;25513;226;2187;26465;43973;15191;20680;27084;246660;2563754;15927;176661;2616262;3940831;1139962
FR;8;2022-12-30;299;344;2445;18677;217;1703;19319;31741;10611;20979;27428;249105;2582431;16144;178364;2635581;3972572;1150573
FR;8;2022-12-31;92;117;453;2959;75;364;3102;4755;1269;21071;27545;249558;2585390;16219;178728;2638683;3977327;1151842
FR;8;2023-01-01;17;30;112;661;14;85;684;995;225;21088;27575;249670;2586051;16233;178813;2639367;3978322;1152067
FR;8;2023-01-02;274;410;2263;18212;243;1609;18672;32039;11673;21362;27985;251933;2604263;16476;180422;2658039;4010361;1163740
FR;8;2023-01-03;472;542;4251;42807;322;2915;43723;80859;33898;21834;28527;256184;2647070;16798;183337;2701762;4091220;1197638
FR;8;2023-01-04;410;474;3494;29985;292;2424;30740;58278;24927;22244;29001;259678;2677055;17090;185761;2732502;4149498;1222565
FR;8;2023-01-05;504;597;4370;41813;400;2933;42707;82000;36039;22748;29598;264048;2718868;17490;188694;2775209;4231498;1258604
FR;8;2023-01-06;515;670;5107;46735;405;3343;47750;89693;38269;23263;30268;269155;2765603;17895;192037;2822959;4321191;1296873
FR;8;2023-01-07;219;289;1703;12300;182;1198;12614;22347;8435;23482;30557;270858;2777903;18077;193235;2835573;4343538;1305308
FR;8;2023-01-08;68;105;443;2744;64;312;2839;5094;1926;23550;30662;271301;2780647;18141;193547;2838412;4348632;1307234
FR;8;2023-01-09;402;480;2621;21477;312;1841;22050;44576;20465;23952;31142;273922;2802124;18453;195388;2860462;4393208;1327699
FR;8;2023-01-10;462;625;4347;40172;390;3064;40936;85037;40653;24414;31767;278269;2842296;18843;198452;2901398;4478245;1368352
FR;8;2023-01-11;349;457;2948;24112;285;2113;24623;51471;24443;24763;32224;281217;2866408;19128;200565;2926021;4529716;1392795
FR;8;2023-01-12;410;540;3656;33166;330;2573;33787;70817;34087;25173;32764;284873;2899574;19458;203138;2959808;4600533;1426882
FR;8;2023-01-13;447;590;4049;34891;339;2863;35485;72858;34131;25620;33354;288922;2934465;19797;206001;2995293;4673391;1461013
FR;8;2023-01-14;178;229;1338;8857;123;955;9039;17179;7105;25798;33583;290260;2943322;19920;206956;3004332;4690570;1468118
FR;8;2023-01-15;63;87;329;1475;53;244;1581;3173;1336;25861;33670;290589;2944797;19973;207200;3005913;4693743;1469454
FR;8;2023-01-16;267;339;1997;15749;198;1433;16010;35206;17560;26128;34009;292586;2960546;20171;208633;3021923;4728949;1487014
FR;8;2023-01-17;361;453;3248;28163;281;2321;28670;64505;33107;26489;34462;295834;2988709;20452;210954;3050593;4793454;1520121
FR;8;2023-01-18;266;407;2191;16821;247;1668;17063;38330;19344;26755;34869;298025;3005530;20699;212622;3067656;4831784;1539465
FR;8;2023-01-19;355;413;2666;22301;251;1946;22653;51208;26237;27110;35282;300691;3027831;20950;214568;3090309;4882992;1565702
FR;8;2023-01-20;405;506;3175;24804;306;2340;25286;56593;28586;27515;35788;303866;3052635;21256;216908;3115595;4939585;1594288
FR;8;2023-01-21;147;189;1004;6114;102;732;6241;12899;5829;27662;35977;304870;3058749;21358;217640;3121836;4952484;1600117
FR;8;2023-01-22;31;52;156;833;23;138;878;1880;844;27693;36029;305026;3059582;21381;217778;3122714;4954364;1600961
FR;8;2023-01-23;213;299;1588;10613;163;1162;10833;26664;14421;27906;36328;306614;3070195;21544;218940;3133547;4981028;1615382
FR;8;2023-01-24;304;417;2407;19966;248;1795;20234;49856;27409;28210;36745;309021;3090161;21792;220735;3153781;5030884;1642791
FR;8;2023-01-25;241;377;1799;12091;229;1323;12492;29958;15877;28451;37122;310820;3102252;22021;222058;3166273;5060842;1658668
FR;8;2023-01-26;299;381;2215;16481;261;1637;16753;41495;22716;28750;37503;313035;3118733;22282;223695;3183026;5102337;1681384
FR;8;2023-01-27;311;487;2458;17866;292;1841;18101;44174;23808;29061;37990;315493;3136599;22574;225536;3201127;5146511;1705192
FR;8;2023-01-28;125;187;766;4327;124;599;4442;9721;4591;29186;38177;316259;3140926;22698;226135;3205569;5156232;1709783
FR;8;2023-01-29;26;43;86;438;28;67;470;1058;513;29212;38220;316345;3141364;22726;226202;3206039;5157290;1710296
FR;8;2023-01-30;207;314;1224;7958;186;1010;8121;20443;11063;29419;38534;317569;3149322;22912;227212;3214160;5177733;1721359
FR;8;2023-01-31;272;381;1911;13587;234;1418;13812;36222;20701;29691;38915;319480;3162909;23146;228630;3227972;5213955;1742060
FR;8;2023-02-01;247;343;1331;8018;222;1089;8138;21684;12179;29938;39258;320811;3170927;23368;229719;3236110;5235639;1754239
FR;8;2023-02-02;257;383;1572;11461;231;1280;11683;31029;17705;30195;39641;322383;3182388;23599;230999;3247793;5266668;1771944
FR;8;2023-02-03;279;448;1847;12104;286;1435;12288;32944;18841;30474;40089;324230;3194492;23885;232434;3260081;5299612;1790785
FR;8;2023-02-04;118;159;568;2953;109;461;2995;7183;3656;30592;40248;324798;3197445;23994;232895;3263076;5306795;1794441
FR;8;2023-02-05;10;53;65;224;31;60;239;571;264;30602;40301;324863;3197669;24025;232955;3263315;5307366;1794705
FR;8;2023-02-06;184;241;939;5165;169;702;5347;14998;8717;30786;40542;325802;3202834;24194;233657;3268662;5322364;1803422
FR;8;2023-02-07;234;387;1456;9415;261;1181;9549;27523;16385;31020;40929;327258;3212249;24455;234838;3278211;5349887;1819807
FR;8;2023-02-08;172;249;1019;5839;171;807;5986;16523;9449;31192;41178;328277;3218088;24626;235645;3284197;5366410;1829256
FR;8;2023-02-09;236;384;1175;7542;246;983;7726;22220;13183;31428;41562;329452;3225630;24872;236628;3291923;5388630;1842439
FR;8;2023-02-10;277;362;1397;7952;244;1157;8085;23121;13497;31705;41924;330849;3233582;25116;237785;3300008;5411751;1855936
FR;8;2023-02-11;88;145;470;2015;100;402;2092;5228;2665;31793;42069;331319;3235597;25216;238187;3302100;5416979;1858601
FR;8;2023-02-12;26;31;51;163;25;45;184;425;189;31819;42100;331370;3235760;25241;238232;3302284;5417404;1858790
FR;8;2023-02-13;131;205;670;3153;129;607;3247;9280;5289;31950;42305;332040;3238913;25370;238839;3305531;5426684;1864079
FR;8;2023-02-14;189;264;1061;5689;160;886;5838;17092;10070;32139;42569;333101;3244602;25530;239725;3311369;5443776;1874149
FR;8;2023-02-15;163;254;847;3875;145;726;4047;11820;6845;32302;42823;333948;3248477;25675;240451;3315416;5455596;1880994
FR;8;2023-02-16;168;305;999;4915;172;851;5060;14613;8452;32470;43128;334947;3253392;25847;241302;3320476;5470209;1889446
FR;8;2023-02-17;227;317;1101;5202;223;941;5425;15937;9312;32697;43445;336048;3258594;26070;242243;3325901;5486146;1898758
FR;8;2023-02-18;95;130;395;1491;86;312;1565;3902;1969;32792;43575;336443;3260085;26156;242555;3327466;5490048;1900727
FR;8;2023-02-19;22;36;43;132;31;35;135;333;159;32814;43611;336486;3260217;26187;242590;3327601;5490381;1900886
FR;8;2023-02-20;140;257;633;2670;161;587;2785;8173;4655;32954;43868;337119;3262887;26348;243177;3330386;5498554;1905541
FR;8;2023-02-21;177;307;962;4285;163;835;4490;13542;7940;33131;44175;338081;3267172;26511;244012;3334876;5512096;1913481
FR;8;2023-02-22;156;255;662;2768;171;621;2801;8632;5042;33287;44430;338743;3269940;26682;244633;3337677;5520728;1918523
FR;8;2023-02-23;151;260;825;3774;153;732;3951;11823;6861;33438;44690;339568;3273714;26835;245365;3341628;5532551;1925384
FR;8;2023-02-24;158;311;952;4111;191;826;4296;12423;7062;33596;45001;340520;3277825;27026;246191;3345924;5544974;1932446
FR;8;2023-02-25;58;102;344;1058;69;274;1113;2940;1495;33654;45103;340864;3278883;27095;246465;3347037;5547914;1933941
FR;8;2023-02-26;14;21;31;95;22;28;108;249;106;33668;45124;340895;3278978;27117;246493;3347145;5548163;1934047
FR;8;2023-02-27;92;221;506;1829;152;481;1898;6240;3724;33760;45345;341401;3280807;27269;246974;3349043;5554403;1937771
FR;8;2023-02-28;156;256;753;3339;152;715;3466;11624;7138;33916;45601;342154;3284146;27421;247689;3352509;5566027;1944909
FR;8;2023-03-01;130;195;521;1830;145;459;1982;6235;3647;34046;45796;342675;3285976;27566;248148;3354491;5572262;1948556
FR;8;2023-03-02;129;217;714;2763;132;607;2954;9692;5901;34175;46013;343389;3288739;27698;248755;3357445;5581954;1954457
FR;8;2023-03-03;179;329;894;3404;218;791;3532;11212;6578;34354;46342;344283;3292143;27916;249546;3360977;5593166;1961035
FR;8;2023-03-04;58;134;311;975;81;294;981;2631;1296;34412;46476;344594;3293118;27997;249840;3361958;5595797;1962331
FR;8;2023-03-05;12;19;21;49;15;25;49;184;99;34424;46495;344615;3293167;28012;249865;3362007;5595981;1962430
FR;8;2023-03-06;117;177;413;1309;102;393;1370;4424;2523;34541;46672;345028;3294476;28114;250258;3363377;5600405;1964953
FR;8;2023-03-07;120;211;566;2152;127;523;2228;7508;4567;34661;46883;345594;3296628;28241;250781;3365605;5607913;1969520
FR;8;2023-03-08;91;174;446;1329;107;396;1417;4712;2746;34752;47057;346040;3297957;28348;251177;3367022;5612625;1972266
FR;8;2023-03-09;116;200;557;1868;122;521;1928;6752;4131;34868;47257;346597;3299825;28470;251698;3368950;5619377;1976397
FR;8;2023-03-10;199;329;764;2398;208;690;2518;8511;5064;35067;47586;347361;3302223;28678;252388;3371468;5627888;1981461
FR;8;2023-03-11;54;114;271;734;78;236;768;2152;1096;35121;47700;347632;3302957;28756;252624;3372236;5630040;1982557
FR;8;2023-03-12;6;10;23;60;8;22;61;172;85;35127;47710;347655;3303017;28764;252646;3372297;5630212;1982642
FR;8;2023-03-13;80;137;384;990;88;343;1067;3423;1923;35207;47847;348039;3304007;28852;252989;3373364;5633635;1984565
FR;8;2023-03-14;110;210;560;1732;124;544;1807;6366;3809;35317;48057;348599;3305739;28976;253533;3375171;5640001;1988374
FR;8;2023-03-15;105;166;407;1099;117;370;1171;4050;2362;35422;48223;349006;3306838;29093;253903;3376342;5644051;1990736
FR;8;2023-03-16;99;192;503;1495;124;460;1580;5573;3338;35521;48415;349509;3308333;29217;254363;3377922;5649624;1994074
FR;8;2023-03-17;138;220;642;1831;135;560;1977;6796;4014;35659;48635;350151;3310164;29352;254923;3379899;5656420;1998088
FR;8;2023-03-18;75;111;272;527;70;258;586;1849;944;35734;48746;350423;3310691;29422;255181;3380485;5658269;1999032
FR;8;2023-03-19;3;15;23;45;15;12;51;115;49;35737;48761;350446;3310736;29437;255193;3380536;5658384;1999081
FR;8;2023-03-20;84;171;404;922;95;402;1003;3498;1962;35821;48932;350850;3311658;29532;255595;3381539;5661882;2001043
FR;8;2023-03-21;126;202;570;1504;119;547;1675;6098;3630;35947;49134;351420;3313162;29651;256142;3383214;5667980;2004673
FR;8;2023-03-22;118;157;394;933;105;369;1046;3621;2080;36065;49291;351814;3314095;29756;256511;3384260;5671601;2006753
FR;8;2023-03-23;87;160;514;1273;89;457;1361;4838;2812;36152;49451;352328;3315368;29845;256968;3385621;5676439;2009565
FR;8;2023-03-24;143;265;695;1613;157;634;1782;6220;3548;36295;49716;353023;3316981;30002;257602;3387403;5682659;2013113
FR;8;2023-03-25;58;94;274;491;71;240;545;1616;760;36353;49810;353297;3317472;30073;257842;3387948;5684275;2013873
FR;8;2023-03-26;6;9;16;30;8;13;30;83;38;36359;49819;353313;3317502;30081;257855;3387978;5684358;2013911
FR;8;2023-03-27;108;170;406;789;125;385;877;3123;1739;36467;49989;353719;3318291;30206;258240;3388855;5687481;2015650
FR;8;2023-03-28;111;178;527;1450;98;484;1583;5792;3442;36578;50167;354246;3319741;30304;258724;3390438;5693273;2019092
FR;8;2023-03-29;90;167;369;890;86;361;1027;3543;1967;36668;50334;354615;3320631;30390;259085;3391465;5696816;2021059
FR;8;2023-03-30;99;172;484;1246;88;479;1389;5040;2876;36767;50506;355099;3321877;30478;259564;3392854;5701856;2023935
FR;8;2023-03-31;127;247;636;1615;166;556;1755;6367;3692;36894;50753;355735;3323492;30644;260120;3394609;5708223;2027627
FR;8;2023-04-01;57;105;283;537;52;241;625;1827;869;36951;50858;356018;3324029;30696;260361;3395234;5710050;2028496
FR;8;2023-04-02;5;21;20;34;12;26;36;106;44;36956;50879;356038;3324063;30708;260387;3395270;5710156;2028540
FR;8;2023-04-03;71;134;359;737;87;329;832;2938;1609;37027;51013;356397;3324800;30795;260716;3396102;5713094;2030149
FR;8;2023-04-04;77;176;461;1093;117;380;1244;4856;2874;37104;51189;356858;3325893;30912;261096;3397346;5717950;2033023
FR;8;2023-04-05;69;134;345;716;85;329;806;3107;1767;37173;51323;357203;3326609;30997;261425;3398152;5721057;2034790
FR;8;2023-04-06;91;119;366;950;74;332;1059;3917;2230;37264;51442;357569;3327559;31071;261757;3399211;5724974;2037020
FR;8;2023-04-07;119;209;488;1158;125;448;1278;4621;2574;37383;51651;358057;3328717;31196;262205;3400489;5729595;2039594
FR;8;2023-04-08;32;93;208;347;57;203;382;1214;538;37415;51744;358265;3329064;31253;262408;3400871;5730809;2040132
FR;8;2023-04-09;3;12;16;12;5;19;16;52;15;37418;51756;358281;3329076;31258;262427;3400887;5730861;2040147
FR;8;2023-04-10;6;11;24;27;5;23;36;88;25;37424;51767;358305;3329103;31263;262450;3400923;5730949;2040172
FR;8;2023-04-11;73;170;460;873;90;452;975;3958;2170;37497;51937;358765;3329976;31353;262902;3401898;5734907;2042342
FR;8;2023-04-12;76;137;303;657;90;296;709;2918;1641;37573;52074;359068;3330633;31443;263198;3402607;5737825;2043983
FR;8;2023-04-13;67;163;355;851;97;345;940;3915;2240;37640;52237;359423;3331484;31540;263543;3403547;5741740;2046223
FR;8;2023-04-14;119;189;463;1112;125;416;1183;4798;2766;37759;52426;359886;3332596;31665;263959;3404730;5746538;2048989
FR;8;2023-04-15;32;79;181;365;41;179;392;1347;626;37791;52505;360067;3332961;31706;264138;3405122;5747885;2049615
FR;8;2023-04-16;14;12;11;32;10;14;28;96;39;37805;52517;360078;3332993;31716;264152;3405150;5747981;2049654
FR;8;2023-04-17;56;132;276;539;70;290;627;2715;1470;37861;52649;360354;3333532;31786;264442;3405777;5750696;2051124
FR;8;2023-04-18;93;134;351;792;81;355;875;3847;2181;37954;52783;360705;3334324;31867;264797;3406652;5754543;2053305
FR;8;2023-04-19;62;90;261;547;59;237;637;2581;1361;38016;52873;360966;3334871;31926;265034;3407289;5757124;2054666
FR;8;2023-04-20;66;133;284;715;82;275;750;3124;1720;38082;53006;361250;3335586;32008;265309;3408039;5760248;2056386
FR;8;2023-04-21;83;171;380;882;91;380;1003;3963;2096;38165;53177;361630;3336468;32099;265689;3409042;5764211;2058482
FR;8;2023-04-22;25;62;125;227;35;136;249;994;491;38190;53239;361755;3336695;32134;265825;3409291;5765205;2058973
FR;8;2023-04-23;2;5;12;14;4;12;17;57;20;38192;53244;361767;3336709;32138;265837;3409308;5765262;2058993
FR;8;2023-04-24;66;108;237;471;63;218;548;2151;1087;38258;53352;362004;3337180;32201;266055;3409856;5767413;2060080
FR;8;2023-04-25;81;131;320;731;81;331;781;3710;2008;38339;53483;362324;3337911;32282;266386;3410637;5771123;2062088
FR;8;2023-04-26;53;87;237;440;66;230;504;2241;1165;38392;53570;362561;3338351;32348;266616;3411141;5773364;2063253
FR;8;2023-04-27;82;113;276;679;67;278;746;3288;1744;38474;53683;362837;3339030;32415;266894;3411887;5776652;2064997
FR;8;2023-04-28;108;192;353;744;98;373;852;3823;1920;38582;53875;363190;3339774;32513;267267;3412739;5780475;2066917
FR;8;2023-04-29;50;53;122;232;38;112;271;977;444;38632;53928;363312;3340006;32551;267379;3413010;5781452;2067361
FR;8;2023-04-30;1;7;9;9;3;9;10;46;18;38633;53935;363321;3340015;32554;267388;3413020;5781498;2067379
FR;8;2023-05-01;9;5;11;4;3;10;6;39;12;38642;53940;363332;3340019;32557;267398;3413026;5781537;2067391
FR;8;2023-05-02;82;139;277;551;85;273;650;3108;1597;38724;54079;363609;3340570;32642;267671;3413676;5784645;2068988
FR;8;2023-05-03;71;86;199;379;59;194;434;2276;1139;38795;54165;363808;3340949;32701;267865;3414110;5786921;2070127
FR;9;2020-12-27;0;0;0;0;0;0;0;0;0;0;0;0;0;0;0;0;0;0
FR;9;2020-12-28;0;0;0;0;0;0;0;0;0;0;0;0;0;0;0;0;0;0
FR;9;2020-12-29;0;0;0;0;0;0;0;0;0;0;0;0;0;0;0;0;0;0
FR;9;2020-12-30;0;0;0;0;0;0;0;0;0;0;0;0;0;0;0;0;0;0
FR;9;2020-12-31;0;0;0;0;0;0;0;0;0;0;0;0;0;0;0;0;0;0
FR;9;2021-01-01;0;0;0;0;0;0;0;0;0;0;0;0;0;0;0;0;0;0
FR;9;2021-01-02;0;0;0;0;0;0;0;0;0;0;0;0;0;0;0;0;0;0
FR;9;2021-01-03;0;0;0;0;0;0;0;0;0;0;0;0;0;0;0;0;0;0
FR;9;2021-01-04;0;0;0;0;0;0;0;0;0;0;0;0;0;0;0;0;0;0
FR;9;2021-01-05;0;0;0;0;0;0;0;0;0;0;0;0;0;0;0;0;0;0
FR;9;2021-01-06;0;0;0;0;0;0;0;0;0;0;0;0;0;0;0;0;0;0
FR;9;2021-01-07;0;0;0;0;0;0;0;0;0;0;0;0;0;0;0;0;0;0
FR;9;2021-01-08;0;0;0;0;0;0;0;0;0;0;0;0;0;0;0;0;0;0
FR;9;2021-01-09;0;0;0;0;0;0;0;0;0;0;0;0;0;0;0;0;0;0
FR;9;2021-01-10;0;0;0;0;0;0;0;0;0;0;0;0;0;0;0;0;0;0
FR;9;2021-01-11;0;0;0;0;0;0;0;0;0;0;0;0;0;0;0;0;0;0
FR;9;2021-01-12;0;0;0;0;0;0;0;0;0;0;0;0;0;0;0;0;0;0
FR;9;2021-01-13;0;0;0;0;0;0;0;0;0;0;0;0;0;0;0;0;0;0
FR;9;2021-01-14;0;0;0;0;0;0;0;0;0;0;0;0;0;0;0;0;0;0
FR;9;2021-01-15;0;0;0;0;0;0;0;0;0;0;0;0;0;0;0;0;0;0
FR;9;2021-01-16;0;0;0;0;0;0;0;0;0;0;0;0;0;0;0;0;0;0
FR;9;2021-01-17;0;0;0;0;0;0;0;0;0;0;0;0;0;0;0;0;0;0
FR;9;2021-01-18;0;0;0;0;0;0;0;0;0;0;0;0;0;0;0;0;0;0
FR;9;2021-01-19;0;0;0;0;0;0;0;0;0;0;0;0;0;0;0;0;0;0
FR;9;2021-01-20;0;0;0;0;0;0;0;0;0;0;0;0;0;0;0;0;0;0
FR;9;2021-01-21;0;0;0;0;0;0;0;0;0;0;0;0;0;0;0;0;0;0
FR;9;2021-01-22;0;0;0;0;0;0;0;0;0;0;0;0;0;0;0;0;0;0
FR;9;2021-01-23;0;0;0;0;0;0;0;0;0;0;0;0;0;0;0;0;0;0
FR;9;2021-01-24;0;0;0;0;0;0;0;0;0;0;0;0;0;0;0;0;0;0
FR;9;2021-01-25;0;0;0;0;0;0;0;0;0;0;0;0;0;0;0;0;0;0
FR;9;2021-01-26;0;0;0;0;0;0;0;0;0;0;0;0;0;0;0;0;0;0
FR;9;2021-01-27;0;0;0;0;0;0;0;0;0;0;0;0;0;0;0;0;0;0
FR;9;2021-01-28;0;0;0;0;0;0;0;0;0;0;0;0;0;0;0;0;0;0
FR;9;2021-01-29;0;0;0;0;0;0;0;0;0;0;0;0;0;0;0;0;0;0
FR;9;2021-01-30;0;0;0;0;0;0;0;0;0;0;0;0;0;0;0;0;0;0
FR;9;2021-01-31;0;0;0;0;0;0;0;0;0;0;0;0;0;0;0;0;0;0
FR;9;2021-02-01;0;0;0;0;0;0;0;0;0;0;0;0;0;0;0;0;0;0
FR;9;2021-02-02;0;0;0;0;0;0;0;0;0;0;0;0;0;0;0;0;0;0
FR;9;2021-02-03;0;0;0;0;0;0;0;0;0;0;0;0;0;0;0;0;0;0
FR;9;2021-02-04;0;0;0;0;0;0;0;0;0;0;0;0;0;0;0;0;0;0
FR;9;2021-02-05;0;0;0;0;0;0;0;0;0;0;0;0;0;0;0;0;0;0
FR;9;2021-02-06;0;0;0;0;0;0;0;0;0;0;0;0;0;0;0;0;0;0
FR;9;2021-02-07;0;0;0;0;0;0;0;0;0;0;0;0;0;0;0;0;0;0
FR;9;2021-02-08;0;0;0;0;0;0;0;0;0;0;0;0;0;0;0;0;0;0
FR;9;2021-02-09;0;0;0;0;0;0;0;0;0;0;0;0;0;0;0;0;0;0
FR;9;2021-02-10;0;0;0;0;0;0;0;0;0;0;0;0;0;0;0;0;0;0
FR;9;2021-02-11;0;0;0;0;0;0;0;0;0;0;0;0;0;0;0;0;0;0
FR;9;2021-02-12;0;0;0;0;0;0;0;0;0;0;0;0;0;0;0;0;0;0
FR;9;2021-02-13;0;0;0;0;0;0;0;0;0;0;0;0;0;0;0;0;0;0
FR;9;2021-02-14;0;0;0;0;0;0;0;0;0;0;0;0;0;0;0;0;0;0
FR;9;2021-02-15;0;0;0;0;0;0;0;0;0;0;0;0;0;0;0;0;0;0
FR;9;2021-02-16;0;0;0;0;0;0;0;0;0;0;0;0;0;0;0;0;0;0
FR;9;2021-02-17;0;0;0;0;0;0;0;0;0;0;0;0;0;0;0;0;0;0
FR;9;2021-02-18;0;0;0;0;0;0;0;0;0;0;0;0;0;0;0;0;0;0
FR;9;2021-02-19;0;0;0;0;0;0;0;0;0;0;0;0;0;0;0;0;0;0
FR;9;2021-02-20;0;0;0;0;0;0;0;0;0;0;0;0;0;0;0;0;0;0
FR;9;2021-02-21;0;0;0;0;0;0;0;0;0;0;0;0;0;0;0;0;0;0
FR;9;2021-02-22;0;0;0;0;0;0;0;0;0;0;0;0;0;0;0;0;0;0
FR;9;2021-02-23;0;0;0;0;0;0;0;0;0;0;0;0;0;0;0;0;0;0
FR;9;2021-02-24;0;0;0;0;0;0;0;0;0;0;0;0;0;0;0;0;0;0
FR;9;2021-02-25;0;0;0;0;0;0;0;0;0;0;0;0;0;0;0;0;0;0
FR;9;2021-02-26;0;0;0;0;0;0;0;0;0;0;0;0;0;0;0;0;0;0
FR;9;2021-02-27;0;0;0;0;0;0;0;0;0;0;0;0;0;0;0;0;0;0
FR;9;2021-02-28;0;0;0;0;0;0;0;0;0;0;0;0;0;0;0;0;0;0
FR;9;2021-03-01;0;0;0;0;0;0;0;0;0;0;0;0;0;0;0;0;0;0
FR;9;2021-03-02;0;0;0;0;0;0;0;0;0;0;0;0;0;0;0;0;0;0
FR;9;2021-03-03;0;0;0;0;0;0;0;0;0;0;0;0;0;0;0;0;0;0
FR;9;2021-03-04;0;0;0;0;0;0;0;0;0;0;0;0;0;0;0;0;0;0
FR;9;2021-03-05;0;0;0;0;0;0;0;0;0;0;0;0;0;0;0;0;0;0
FR;9;2021-03-06;0;0;0;0;0;0;0;0;0;0;0;0;0;0;0;0;0;0
FR;9;2021-03-07;0;0;0;0;0;0;0;0;0;0;0;0;0;0;0;0;0;0
FR;9;2021-03-08;0;0;0;0;0;0;0;0;0;0;0;0;0;0;0;0;0;0
FR;9;2021-03-09;0;0;0;0;0;0;0;0;0;0;0;0;0;0;0;0;0;0
FR;9;2021-03-10;0;0;0;0;0;0;0;0;0;0;0;0;0;0;0;0;0;0
FR;9;2021-03-11;0;0;0;0;0;0;0;0;0;0;0;0;0;0;0;0;0;0
FR;9;2021-03-12;0;0;0;0;0;0;0;0;0;0;0;0;0;0;0;0;0;0
FR;9;2021-03-13;0;0;0;0;0;0;0;0;0;0;0;0;0;0;0;0;0;0
FR;9;2021-03-14;0;0;0;0;0;0;0;0;0;0;0;0;0;0;0;0;0;0
FR;9;2021-03-15;0;0;0;0;0;0;0;0;0;0;0;0;0;0;0;0;0;0
FR;9;2021-03-16;0;0;0;0;0;0;0;0;0;0;0;0;0;0;0;0;0;0
FR;9;2021-03-17;0;0;0;0;0;0;0;0;0;0;0;0;0;0;0;0;0;0
FR;9;2021-03-18;0;0;0;0;0;0;0;0;0;0;0;0;0;0;0;0;0;0
FR;9;2021-03-19;0;0;0;0;0;0;0;0;0;0;0;0;0;0;0;0;0;0
FR;9;2021-03-20;0;0;0;0;0;0;0;0;0;0;0;0;0;0;0;0;0;0
FR;9;2021-03-21;0;0;0;0;0;0;0;0;0;0;0;0;0;0;0;0;0;0
FR;9;2021-03-22;0;0;0;0;0;0;0;0;0;0;0;0;0;0;0;0;0;0
FR;9;2021-03-23;0;0;0;0;0;0;0;0;0;0;0;0;0;0;0;0;0;0
FR;9;2021-03-24;0;0;0;0;0;0;0;0;0;0;0;0;0;0;0;0;0;0
FR;9;2021-03-25;0;0;0;0;0;0;0;0;0;0;0;0;0;0;0;0;0;0
FR;9;2021-03-26;0;0;0;0;0;0;0;0;0;0;0;0;0;0;0;0;0;0
FR;9;2021-03-27;0;0;0;0;0;0;0;0;0;0;0;0;0;0;0;0;0;0
FR;9;2021-03-28;0;0;0;0;0;0;0;0;0;0;0;0;0;0;0;0;0;0
FR;9;2021-03-29;0;0;0;0;0;0;0;0;0;0;0;0;0;0;0;0;0;0
FR;9;2021-03-30;0;0;0;0;0;0;0;0;0;0;0;0;0;0;0;0;0;0
FR;9;2021-03-31;0;0;0;0;0;0;0;0;0;0;0;0;0;0;0;0;0;0
FR;9;2021-04-01;0;0;0;0;0;0;0;0;0;0;0;0;0;0;0;0;0;0
FR;9;2021-04-02;0;0;0;0;0;0;0;0;0;0;0;0;0;0;0;0;0;0
FR;9;2021-04-03;0;0;0;0;0;0;0;0;0;0;0;0;0;0;0;0;0;0
FR;9;2021-04-04;0;0;0;0;0;0;0;0;0;0;0;0;0;0;0;0;0;0
FR;9;2021-04-05;0;0;0;0;0;0;0;0;0;0;0;0;0;0;0;0;0;0
FR;9;2021-04-06;0;0;0;0;0;0;0;0;0;0;0;0;0;0;0;0;0;0
FR;9;2021-04-07;0;0;0;0;0;0;0;0;0;0;0;0;0;0;0;0;0;0
FR;9;2021-04-08;0;0;0;0;0;0;0;0;0;0;0;0;0;0;0;0;0;0
FR;9;2021-04-09;0;0;0;0;0;0;0;0;0;0;0;0;0;0;0;0;0;0
FR;9;2021-04-10;0;0;0;0;0;0;0;0;0;0;0;0;0;0;0;0;0;0
FR;9;2021-04-11;0;0;0;0;0;0;0;0;0;0;0;0;0;0;0;0;0;0
FR;9;2021-04-12;0;0;0;0;0;0;0;0;0;0;0;0;0;0;0;0;0;0
FR;9;2021-04-13;0;0;0;0;0;0;0;0;0;0;0;0;0;0;0;0;0;0
FR;9;2021-04-14;0;0;0;0;0;0;0;0;0;0;0;0;0;0;0;0;0;0
FR;9;2021-04-15;0;0;0;0;0;0;0;0;0;0;0;0;0;0;0;0;0;0
FR;9;2021-04-16;0;0;0;0;0;0;0;0;0;0;0;0;0;0;0;0;0;0
FR;9;2021-04-17;0;0;0;0;0;0;0;0;0;0;0;0;0;0;0;0;0;0
FR;9;2021-04-18;0;0;0;0;0;0;0;0;0;0;0;0;0;0;0;0;0;0
FR;9;2021-04-19;0;0;0;0;0;0;0;0;0;0;0;0;0;0;0;0;0;0
FR;9;2021-04-20;0;0;0;0;0;0;0;0;0;0;0;0;0;0;0;0;0;0
FR;9;2021-04-21;0;0;0;0;0;0;0;0;0;0;0;0;0;0;0;0;0;0
FR;9;2021-04-22;0;0;0;0;0;0;0;0;0;0;0;0;0;0;0;0;0;0
FR;9;2021-04-23;0;0;0;0;0;0;0;0;0;0;0;0;0;0;0;0;0;0
FR;9;2021-04-24;0;0;0;0;0;0;0;0;0;0;0;0;0;0;0;0;0;0
FR;9;2021-04-25;0;0;0;0;0;0;0;0;0;0;0;0;0;0;0;0;0;0
FR;9;2021-04-26;0;0;0;0;0;0;0;0;0;0;0;0;0;0;0;0;0;0
FR;9;2021-04-27;0;0;0;0;0;0;0;0;0;0;0;0;0;0;0;0;0;0
FR;9;2021-04-28;0;0;0;0;0;0;0;0;0;0;0;0;0;0;0;0;0;0
FR;9;2021-04-29;0;0;0;0;0;0;0;0;0;0;0;0;0;0;0;0;0;0
FR;9;2021-04-30;0;0;0;0;0;0;0;0;0;0;0;0;0;0;0;0;0;0
FR;9;2021-05-01;0;0;0;0;0;0;0;0;0;0;0;0;0;0;0;0;0;0
FR;9;2021-05-02;0;0;0;0;0;0;0;0;0;0;0;0;0;0;0;0;0;0
FR;9;2021-05-03;0;0;0;0;0;0;0;0;0;0;0;0;0;0;0;0;0;0
FR;9;2021-05-04;0;0;0;0;0;0;0;0;0;0;0;0;0;0;0;0;0;0
FR;9;2021-05-05;0;0;0;0;0;0;0;0;0;0;0;0;0;0;0;0;0;0
FR;9;2021-05-06;0;0;0;0;0;0;0;0;0;0;0;0;0;0;0;0;0;0
FR;9;2021-05-07;0;0;0;0;0;0;0;0;0;0;0;0;0;0;0;0;0;0
FR;9;2021-05-08;0;0;0;0;0;0;0;0;0;0;0;0;0;0;0;0;0;0
FR;9;2021-05-09;0;0;0;0;0;0;0;0;0;0;0;0;0;0;0;0;0;0
FR;9;2021-05-10;0;0;0;0;0;0;0;0;0;0;0;0;0;0;0;0;0;0
FR;9;2021-05-11;0;0;0;0;0;0;0;0;0;0;0;0;0;0;0;0;0;0
FR;9;2021-05-12;0;0;0;0;0;0;0;0;0;0;0;0;0;0;0;0;0;0
FR;9;2021-05-13;0;0;0;0;0;0;0;0;0;0;0;0;0;0;0;0;0;0
FR;9;2021-05-14;0;0;0;0;0;0;0;0;0;0;0;0;0;0;0;0;0;0
FR;9;2021-05-15;0;0;0;0;0;0;0;0;0;0;0;0;0;0;0;0;0;0
FR;9;2021-05-16;0;0;0;0;0;0;0;0;0;0;0;0;0;0;0;0;0;0
FR;9;2021-05-17;0;0;0;0;0;0;0;0;0;0;0;0;0;0;0;0;0;0
FR;9;2021-05-18;0;0;0;0;0;0;0;0;0;0;0;0;0;0;0;0;0;0
FR;9;2021-05-19;0;0;0;0;0;0;0;0;0;0;0;0;0;0;0;0;0;0
FR;9;2021-05-20;0;0;0;0;0;0;0;0;0;0;0;0;0;0;0;0;0;0
FR;9;2021-05-21;0;0;0;0;0;0;0;0;0;0;0;0;0;0;0;0;0;0
FR;9;2021-05-22;0;0;0;0;0;0;0;0;0;0;0;0;0;0;0;0;0;0
FR;9;2021-05-23;0;0;0;0;0;0;0;0;0;0;0;0;0;0;0;0;0;0
FR;9;2021-05-24;0;0;0;0;0;0;0;0;0;0;0;0;0;0;0;0;0;0
FR;9;2021-05-25;0;0;0;0;0;0;0;0;0;0;0;0;0;0;0;0;0;0
FR;9;2021-05-26;0;0;0;0;0;0;0;0;0;0;0;0;0;0;0;0;0;0
FR;9;2021-05-27;0;0;0;0;0;0;0;0;0;0;0;0;0;0;0;0;0;0
FR;9;2021-05-28;0;0;0;0;0;0;0;0;0;0;0;0;0;0;0;0;0;0
FR;9;2021-05-29;0;0;0;0;0;0;0;0;0;0;0;0;0;0;0;0;0;0
FR;9;2021-05-30;0;0;0;0;0;0;0;0;0;0;0;0;0;0;0;0;0;0
FR;9;2021-05-31;0;0;0;0;0;0;0;0;0;0;0;0;0;0;0;0;0;0
FR;9;2021-06-01;0;0;0;0;0;0;0;0;0;0;0;0;0;0;0;0;0;0
FR;9;2021-06-02;0;0;0;0;0;0;0;0;0;0;0;0;0;0;0;0;0;0
FR;9;2021-06-03;0;0;0;0;0;0;0;0;0;0;0;0;0;0;0;0;0;0
FR;9;2021-06-04;0;0;0;0;0;0;0;0;0;0;0;0;0;0;0;0;0;0
FR;9;2021-06-05;0;0;0;0;0;0;0;0;0;0;0;0;0;0;0;0;0;0
FR;9;2021-06-06;0;0;0;0;0;0;0;0;0;0;0;0;0;0;0;0;0;0
FR;9;2021-06-07;0;0;0;0;0;0;0;0;0;0;0;0;0;0;0;0;0;0
FR;9;2021-06-08;0;0;0;0;0;0;0;0;0;0;0;0;0;0;0;0;0;0
FR;9;2021-06-09;0;0;0;0;0;0;0;0;0;0;0;0;0;0;0;0;0;0
FR;9;2021-06-10;0;0;0;0;0;0;0;0;0;0;0;0;0;0;0;0;0;0
FR;9;2021-06-11;0;0;0;0;0;0;0;0;0;0;0;0;0;0;0;0;0;0
FR;9;2021-06-12;0;0;0;0;0;0;0;0;0;0;0;0;0;0;0;0;0;0
FR;9;2021-06-13;0;0;0;0;0;0;0;0;0;0;0;0;0;0;0;0;0;0
FR;9;2021-06-14;0;0;0;0;0;0;0;0;0;0;0;0;0;0;0;0;0;0
FR;9;2021-06-15;0;0;0;0;0;0;0;0;0;0;0;0;0;0;0;0;0;0
FR;9;2021-06-16;0;0;0;0;0;0;0;0;0;0;0;0;0;0;0;0;0;0
FR;9;2021-06-17;0;0;0;0;0;0;0;0;0;0;0;0;0;0;0;0;0;0
FR;9;2021-06-18;0;0;0;0;0;0;0;0;0;0;0;0;0;0;0;0;0;0
FR;9;2021-06-19;0;0;0;0;0;0;0;0;0;0;0;0;0;0;0;0;0;0
FR;9;2021-06-20;0;0;0;0;0;0;0;0;0;0;0;0;0;0;0;0;0;0
FR;9;2021-06-21;0;0;0;0;0;0;0;0;0;0;0;0;0;0;0;0;0;0
FR;9;2021-06-22;0;0;0;0;0;0;0;0;0;0;0;0;0;0;0;0;0;0
FR;9;2021-06-23;0;0;0;0;0;0;0;0;0;0;0;0;0;0;0;0;0;0
FR;9;2021-06-24;0;0;0;0;0;0;0;0;0;0;0;0;0;0;0;0;0;0
FR;9;2021-06-25;0;0;0;0;0;0;0;0;0;0;0;0;0;0;0;0;0;0
FR;9;2021-06-26;0;0;0;0;0;0;0;0;0;0;0;0;0;0;0;0;0;0
FR;9;2021-06-27;0;0;0;0;0;0;0;0;0;0;0;0;0;0;0;0;0;0
FR;9;2021-06-28;0;0;0;0;0;0;0;0;0;0;0;0;0;0;0;0;0;0
FR;9;2021-06-29;0;0;0;0;0;0;0;0;0;0;0;0;0;0;0;0;0;0
FR;9;2021-06-30;0;0;0;0;0;0;0;0;0;0;0;0;0;0;0;0;0;0
FR;9;2021-07-01;0;0;0;0;0;0;0;0;0;0;0;0;0;0;0;0;0;0
FR;9;2021-07-02;0;0;0;0;0;0;0;0;0;0;0;0;0;0;0;0;0;0
FR;9;2021-07-03;0;0;0;0;0;0;0;0;0;0;0;0;0;0;0;0;0;0
FR;9;2021-07-04;0;0;0;0;0;0;0;0;0;0;0;0;0;0;0;0;0;0
FR;9;2021-07-05;0;0;0;0;0;0;0;0;0;0;0;0;0;0;0;0;0;0
FR;9;2021-07-06;0;0;0;0;0;0;0;0;0;0;0;0;0;0;0;0;0;0
FR;9;2021-07-07;0;0;0;0;0;0;0;0;0;0;0;0;0;0;0;0;0;0
FR;9;2021-07-08;0;0;0;0;0;0;0;0;0;0;0;0;0;0;0;0;0;0
FR;9;2021-07-09;0;0;0;0;0;0;0;0;0;0;0;0;0;0;0;0;0;0
FR;9;2021-07-10;0;0;0;0;0;0;0;0;0;0;0;0;0;0;0;0;0;0
FR;9;2021-07-11;0;0;0;0;0;0;0;0;0;0;0;0;0;0;0;0;0;0
FR;9;2021-07-12;0;0;0;0;0;0;0;0;0;0;0;0;0;0;0;0;0;0
FR;9;2021-07-13;0;0;0;0;0;0;0;0;0;0;0;0;0;0;0;0;0;0
FR;9;2021-07-14;0;0;0;0;0;0;0;0;0;0;0;0;0;0;0;0;0;0
FR;9;2021-07-15;0;0;0;0;0;0;0;0;0;0;0;0;0;0;0;0;0;0
FR;9;2021-07-16;0;0;0;0;0;0;0;0;0;0;0;0;0;0;0;0;0;0
FR;9;2021-07-17;0;0;0;0;0;0;0;0;0;0;0;0;0;0;0;0;0;0
FR;9;2021-07-18;0;0;0;0;0;0;0;0;0;0;0;0;0;0;0;0;0;0
FR;9;2021-07-19;0;0;0;0;0;0;0;0;0;0;0;0;0;0;0;0;0;0
FR;9;2021-07-20;0;0;0;0;0;0;0;0;0;0;0;0;0;0;0;0;0;0
FR;9;2021-07-21;0;0;0;0;0;0;0;0;0;0;0;0;0;0;0;0;0;0
FR;9;2021-07-22;0;0;0;0;0;0;0;0;0;0;0;0;0;0;0;0;0;0
FR;9;2021-07-23;0;0;0;0;0;0;0;0;0;0;0;0;0;0;0;0;0;0
FR;9;2021-07-24;0;0;0;0;0;0;0;0;0;0;0;0;0;0;0;0;0;0
FR;9;2021-07-25;0;0;0;0;0;0;0;0;0;0;0;0;0;0;0;0;0;0
FR;9;2021-07-26;0;0;0;0;0;0;0;0;0;0;0;0;0;0;0;0;0;0
FR;9;2021-07-27;0;0;0;0;0;0;0;0;0;0;0;0;0;0;0;0;0;0
FR;9;2021-07-28;0;0;0;0;0;0;0;0;0;0;0;0;0;0;0;0;0;0
FR;9;2021-07-29;0;0;0;0;0;0;0;0;0;0;0;0;0;0;0;0;0;0
FR;9;2021-07-30;0;0;0;0;0;0;0;0;0;0;0;0;0;0;0;0;0;0
FR;9;2021-07-31;0;0;0;0;0;0;0;0;0;0;0;0;0;0;0;0;0;0
FR;9;2021-08-01;0;0;0;0;0;0;0;0;0;0;0;0;0;0;0;0;0;0
FR;9;2021-08-02;0;0;0;0;0;0;0;0;0;0;0;0;0;0;0;0;0;0
FR;9;2021-08-03;0;0;0;0;0;0;0;0;0;0;0;0;0;0;0;0;0;0
FR;9;2021-08-04;0;0;0;0;0;0;0;0;0;0;0;0;0;0;0;0;0;0
FR;9;2021-08-05;0;0;0;0;0;0;0;0;0;0;0;0;0;0;0;0;0;0
FR;9;2021-08-06;0;0;0;0;0;0;0;0;0;0;0;0;0;0;0;0;0;0
FR;9;2021-08-07;0;0;0;0;0;0;0;0;0;0;0;0;0;0;0;0;0;0
FR;9;2021-08-08;0;0;0;0;0;0;0;0;0;0;0;0;0;0;0;0;0;0
FR;9;2021-08-09;0;0;0;0;0;0;0;0;0;0;0;0;0;0;0;0;0;0
FR;9;2021-08-10;0;0;0;0;0;0;0;0;0;0;0;0;0;0;0;0;0;0
FR;9;2021-08-11;0;0;0;0;0;0;0;0;0;0;0;0;0;0;0;0;0;0
FR;9;2021-08-12;0;0;0;0;0;0;0;0;0;0;0;0;0;0;0;0;0;0
FR;9;2021-08-13;0;0;0;0;0;0;0;0;0;0;0;0;0;0;0;0;0;0
FR;9;2021-08-14;0;0;0;0;0;0;0;0;0;0;0;0;0;0;0;0;0;0
FR;9;2021-08-15;0;0;0;0;0;0;0;0;0;0;0;0;0;0;0;0;0;0
FR;9;2021-08-16;0;0;0;0;0;0;0;0;0;0;0;0;0;0;0;0;0;0
FR;9;2021-08-17;0;0;0;0;0;0;0;0;0;0;0;0;0;0;0;0;0;0
FR;9;2021-08-18;0;0;0;0;0;0;0;0;0;0;0;0;0;0;0;0;0;0
FR;9;2021-08-19;0;0;0;0;0;0;0;0;0;0;0;0;0;0;0;0;0;0
FR;9;2021-08-20;0;0;0;0;0;0;0;0;0;0;0;0;0;0;0;0;0;0
FR;9;2021-08-21;0;0;0;0;0;0;0;0;0;0;0;0;0;0;0;0;0;0
FR;9;2021-08-22;0;0;0;0;0;0;0;0;0;0;0;0;0;0;0;0;0;0
FR;9;2021-08-23;0;0;0;0;0;0;0;0;0;0;0;0;0;0;0;0;0;0
FR;9;2021-08-24;0;0;0;0;0;0;0;0;0;0;0;0;0;0;0;0;0;0
FR;9;2021-08-25;0;0;0;0;0;0;0;0;0;0;0;0;0;0;0;0;0;0
FR;9;2021-08-26;0;0;0;0;0;0;0;0;0;0;0;0;0;0;0;0;0;0
FR;9;2021-08-27;0;0;0;0;0;0;0;0;0;0;0;0;0;0;0;0;0;0
FR;9;2021-08-28;0;0;0;0;0;0;0;0;0;0;0;0;0;0;0;0;0;0
FR;9;2021-08-29;0;0;0;0;0;0;0;0;0;0;0;0;0;0;0;0;0;0
FR;9;2021-08-30;0;0;0;0;0;0;0;0;0;0;0;0;0;0;0;0;0;0
FR;9;2021-08-31;0;0;0;0;0;0;0;0;0;0;0;0;0;0;0;0;0;0
FR;9;2021-09-01;0;0;0;0;0;0;0;0;0;0;0;0;0;0;0;0;0;0
FR;9;2021-09-02;0;0;0;0;0;0;0;0;0;0;0;0;0;0;0;0;0;0
FR;9;2021-09-03;0;0;0;0;0;0;0;0;0;0;0;0;0;0;0;0;0;0
FR;9;2021-09-04;0;0;0;0;0;0;0;0;0;0;0;0;0;0;0;0;0;0
FR;9;2021-09-05;0;0;0;0;0;0;0;0;0;0;0;0;0;0;0;0;0;0
FR;9;2021-09-06;0;0;0;0;0;0;0;0;0;0;0;0;0;0;0;0;0;0
FR;9;2021-09-07;0;0;0;0;0;0;0;0;0;0;0;0;0;0;0;0;0;0
FR;9;2021-09-08;0;0;0;0;0;0;0;0;0;0;0;0;0;0;0;0;0;0
FR;9;2021-09-09;0;0;0;0;0;0;0;0;0;0;0;0;0;0;0;0;0;0
FR;9;2021-09-10;0;0;0;0;0;0;0;0;0;0;0;0;0;0;0;0;0;0
FR;9;2021-09-11;0;0;0;0;0;0;0;0;0;0;0;0;0;0;0;0;0;0
FR;9;2021-09-12;0;0;0;0;0;0;0;0;0;0;0;0;0;0;0;0;0;0
FR;9;2021-09-13;0;0;0;0;0;0;0;0;0;0;0;0;0;0;0;0;0;0
FR;9;2021-09-14;0;0;0;0;0;0;0;0;0;0;0;0;0;0;0;0;0;0
FR;9;2021-09-15;0;0;0;0;0;0;0;0;0;0;0;0;0;0;0;0;0;0
FR;9;2021-09-16;0;0;0;0;0;0;0;0;0;0;0;0;0;0;0;0;0;0
FR;9;2021-09-17;0;0;0;0;0;0;0;0;0;0;0;0;0;0;0;0;0;0
FR;9;2021-09-18;0;0;0;0;0;0;0;0;0;0;0;0;0;0;0;0;0;0
FR;9;2021-09-19;0;0;0;0;0;0;0;0;0;0;0;0;0;0;0;0;0;0
FR;9;2021-09-20;0;0;0;0;0;0;0;0;0;0;0;0;0;0;0;0;0;0
FR;9;2021-09-21;0;0;0;0;0;0;0;0;0;0;0;0;0;0;0;0;0;0
FR;9;2021-09-22;0;0;0;0;0;0;0;0;0;0;0;0;0;0;0;0;0;0
FR;9;2021-09-23;0;0;0;0;0;0;0;0;0;0;0;0;0;0;0;0;0;0
FR;9;2021-09-24;0;0;0;0;0;0;0;0;0;0;0;0;0;0;0;0;0;0
FR;9;2021-09-25;0;0;0;0;0;0;0;0;0;0;0;0;0;0;0;0;0;0
FR;9;2021-09-26;0;0;0;0;0;0;0;0;0;0;0;0;0;0;0;0;0;0
FR;9;2021-09-27;0;0;0;0;0;0;0;0;0;0;0;0;0;0;0;0;0;0
FR;9;2021-09-28;0;0;0;0;0;0;0;0;0;0;0;0;0;0;0;0;0;0
FR;9;2021-09-29;0;0;0;0;0;0;0;0;0;0;0;0;0;0;0;0;0;0
FR;9;2021-09-30;0;0;0;0;0;0;0;0;0;0;0;0;0;0;0;0;0;0
FR;9;2021-10-01;0;0;0;0;0;0;0;0;0;0;0;0;0;0;0;0;0;0
FR;9;2021-10-02;0;0;0;0;0;0;0;0;0;0;0;0;0;0;0;0;0;0
FR;9;2021-10-03;0;0;0;0;0;0;0;0;0;0;0;0;0;0;0;0;0;0
FR;9;2021-10-04;0;0;0;0;0;0;0;0;0;0;0;0;0;0;0;0;0;0
FR;9;2021-10-05;0;0;0;0;0;0;0;0;0;0;0;0;0;0;0;0;0;0
FR;9;2021-10-06;0;0;0;0;0;0;0;0;0;0;0;0;0;0;0;0;0;0
FR;9;2021-10-07;0;0;0;0;0;0;0;0;0;0;0;0;0;0;0;0;0;0
FR;9;2021-10-08;0;0;0;0;0;0;0;0;0;0;0;0;0;0;0;0;0;0
FR;9;2021-10-09;0;0;0;0;0;0;0;0;0;0;0;0;0;0;0;0;0;0
FR;9;2021-10-10;0;0;0;0;0;0;0;0;0;0;0;0;0;0;0;0;0;0
FR;9;2021-10-11;0;0;0;0;0;0;0;0;0;0;0;0;0;0;0;0;0;0
FR;9;2021-10-12;0;0;0;0;0;0;0;0;0;0;0;0;0;0;0;0;0;0
FR;9;2021-10-13;0;0;0;0;0;0;0;0;0;0;0;0;0;0;0;0;0;0
FR;9;2021-10-14;0;0;0;0;0;0;0;0;0;0;0;0;0;0;0;0;0;0
FR;9;2021-10-15;0;0;0;0;0;0;0;0;0;0;0;0;0;0;0;0;0;0
FR;9;2021-10-16;0;0;0;0;0;0;0;0;0;0;0;0;0;0;0;0;0;0
FR;9;2021-10-17;0;0;0;0;0;0;0;0;0;0;0;0;0;0;0;0;0;0
FR;9;2021-10-18;0;0;0;0;0;0;0;0;0;0;0;0;0;0;0;0;0;0
FR;9;2021-10-19;0;0;0;0;0;0;0;0;0;0;0;0;0;0;0;0;0;0
FR;9;2021-10-20;0;0;0;0;0;0;0;0;0;0;0;0;0;0;0;0;0;0
FR;9;2021-10-21;0;0;0;0;0;0;0;0;0;0;0;0;0;0;0;0;0;0
FR;9;2021-10-22;0;0;0;0;0;0;0;0;0;0;0;0;0;0;0;0;0;0
FR;9;2021-10-23;0;0;0;0;0;0;0;0;0;0;0;0;0;0;0;0;0;0
FR;9;2021-10-24;0;0;0;0;0;0;0;0;0;0;0;0;0;0;0;0;0;0
FR;9;2021-10-25;0;0;0;0;0;0;0;0;0;0;0;0;0;0;0;0;0;0
FR;9;2021-10-26;0;0;0;0;0;0;0;0;0;0;0;0;0;0;0;0;0;0
FR;9;2021-10-27;0;0;0;0;0;0;0;0;0;0;0;0;0;0;0;0;0;0
FR;9;2021-10-28;0;0;0;0;0;0;0;0;0;0;0;0;0;0;0;0;0;0
FR;9;2021-10-29;0;0;0;0;0;0;0;0;0;0;0;0;0;0;0;0;0;0
FR;9;2021-10-30;0;0;0;0;0;0;0;0;0;0;0;0;0;0;0;0;0;0
FR;9;2021-10-31;0;0;0;0;0;0;0;0;0;0;0;0;0;0;0;0;0;0
FR;9;2021-11-01;0;0;0;0;0;0;0;0;0;0;0;0;0;0;0;0;0;0
FR;9;2021-11-02;0;0;0;0;0;0;0;0;0;0;0;0;0;0;0;0;0;0
FR;9;2021-11-03;0;0;0;0;0;0;0;0;0;0;0;0;0;0;0;0;0;0
FR;9;2021-11-04;0;0;0;0;0;0;0;0;0;0;0;0;0;0;0;0;0;0
FR;9;2021-11-05;0;0;0;0;0;0;0;0;0;0;0;0;0;0;0;0;0;0
FR;9;2021-11-06;0;0;0;0;0;0;0;0;0;0;0;0;0;0;0;0;0;0
FR;9;2021-11-07;0;0;0;0;0;0;0;0;0;0;0;0;0;0;0;0;0;0
FR;9;2021-11-08;0;0;0;0;0;0;0;0;0;0;0;0;0;0;0;0;0;0
FR;9;2021-11-09;0;0;0;0;0;0;0;0;0;0;0;0;0;0;0;0;0;0
FR;9;2021-11-10;0;0;0;0;0;0;0;0;0;0;0;0;0;0;0;0;0;0
FR;9;2021-11-11;0;0;0;0;0;0;0;0;0;0;0;0;0;0;0;0;0;0
FR;9;2021-11-12;0;0;0;0;0;0;0;0;0;0;0;0;0;0;0;0;0;0
FR;9;2021-11-13;0;0;0;0;0;0;0;0;0;0;0;0;0;0;0;0;0;0
FR;9;2021-11-14;0;0;0;0;0;0;0;0;0;0;0;0;0;0;0;0;0;0
FR;9;2021-11-15;0;0;0;0;0;0;0;0;0;0;0;0;0;0;0;0;0;0
FR;9;2021-11-16;0;0;0;0;0;0;0;0;0;0;0;0;0;0;0;0;0;0
FR;9;2021-11-17;0;0;0;0;0;0;0;0;0;0;0;0;0;0;0;0;0;0
FR;9;2021-11-18;0;0;0;0;0;0;0;0;0;0;0;0;0;0;0;0;0;0
FR;9;2021-11-19;0;0;0;0;0;0;0;0;0;0;0;0;0;0;0;0;0;0
FR;9;2021-11-20;0;0;0;0;0;0;0;0;0;0;0;0;0;0;0;0;0;0
FR;9;2021-11-21;0;0;0;0;0;0;0;0;0;0;0;0;0;0;0;0;0;0
FR;9;2021-11-22;0;0;0;0;0;0;0;0;0;0;0;0;0;0;0;0;0;0
FR;9;2021-11-23;0;0;0;0;0;0;0;0;0;0;0;0;0;0;0;0;0;0
FR;9;2021-11-24;0;0;0;0;0;0;0;0;0;0;0;0;0;0;0;0;0;0
FR;9;2021-11-25;0;0;0;0;0;0;0;0;0;0;0;0;0;0;0;0;0;0
FR;9;2021-11-26;0;0;0;0;0;0;0;0;0;0;0;0;0;0;0;0;0;0
FR;9;2021-11-27;0;0;0;0;0;0;0;0;0;0;0;0;0;0;0;0;0;0
FR;9;2021-11-28;0;0;0;0;0;0;0;0;0;0;0;0;0;0;0;0;0;0
FR;9;2021-11-29;0;0;0;0;0;0;0;0;0;0;0;0;0;0;0;0;0;0
FR;9;2021-11-30;0;0;0;0;0;0;0;0;0;0;0;0;0;0;0;0;0;0
FR;9;2021-12-01;0;0;0;0;0;0;0;0;0;0;0;0;0;0;0;0;0;0
FR;9;2021-12-02;0;0;0;0;0;0;0;0;0;0;0;0;0;0;0;0;0;0
FR;9;2021-12-03;0;0;0;0;0;0;0;0;0;0;0;0;0;0;0;0;0;0
FR;9;2021-12-04;0;0;0;0;0;0;0;0;0;0;0;0;0;0;0;0;0;0
FR;9;2021-12-05;0;0;0;0;0;0;0;0;0;0;0;0;0;0;0;0;0;0
FR;9;2021-12-06;0;0;0;0;0;0;0;0;0;0;0;0;0;0;0;0;0;0
FR;9;2021-12-07;0;0;0;0;0;0;0;0;0;0;0;0;0;0;0;0;0;0
FR;9;2021-12-08;0;0;0;0;0;0;0;0;0;0;0;0;0;0;0;0;0;0
FR;9;2021-12-09;0;0;0;0;0;0;0;0;0;0;0;0;0;0;0;0;0;0
FR;9;2021-12-10;0;0;0;0;0;0;0;0;0;0;0;0;0;0;0;0;0;0
FR;9;2021-12-11;0;0;0;0;0;0;0;0;0;0;0;0;0;0;0;0;0;0
FR;9;2021-12-12;0;0;0;0;0;0;0;0;0;0;0;0;0;0;0;0;0;0
FR;9;2021-12-13;0;0;0;0;0;0;0;0;0;0;0;0;0;0;0;0;0;0
FR;9;2021-12-14;0;0;0;0;0;0;0;0;0;0;0;0;0;0;0;0;0;0
FR;9;2021-12-15;0;0;0;0;0;0;0;0;0;0;0;0;0;0;0;0;0;0
FR;9;2021-12-16;0;0;0;0;0;0;0;0;0;0;0;0;0;0;0;0;0;0
FR;9;2021-12-17;0;0;0;0;0;0;0;0;0;0;0;0;0;0;0;0;0;0
FR;9;2021-12-18;0;0;0;0;0;0;0;0;0;0;0;0;0;0;0;0;0;0
FR;9;2021-12-19;0;0;0;0;0;0;0;0;0;0;0;0;0;0;0;0;0;0
FR;9;2021-12-20;0;0;0;0;0;0;0;0;0;0;0;0;0;0;0;0;0;0
FR;9;2021-12-21;0;0;0;0;0;0;0;0;0;0;0;0;0;0;0;0;0;0
FR;9;2021-12-22;0;0;0;0;0;0;0;0;0;0;0;0;0;0;0;0;0;0
FR;9;2021-12-23;0;0;0;0;0;0;0;0;0;0;0;0;0;0;0;0;0;0
FR;9;2021-12-24;0;0;0;0;0;0;0;0;0;0;0;0;0;0;0;0;0;0
FR;9;2021-12-25;0;0;0;0;0;0;0;0;0;0;0;0;0;0;0;0;0;0
FR;9;2021-12-26;0;0;0;0;0;0;0;0;0;0;0;0;0;0;0;0;0;0
FR;9;2021-12-27;0;0;0;0;0;0;0;0;0;0;0;0;0;0;0;0;0;0
FR;9;2021-12-28;0;0;0;0;0;0;0;0;0;0;0;0;0;0;0;0;0;0
FR;9;2021-12-29;0;0;0;0;0;0;0;0;0;0;0;0;0;0;0;0;0;0
FR;9;2021-12-30;0;0;0;0;0;0;0;0;0;0;0;0;0;0;0;0;0;0
FR;9;2021-12-31;0;0;0;0;0;0;0;0;0;0;0;0;0;0;0;0;0;0
FR;9;2022-01-01;0;0;0;0;0;0;0;0;0;0;0;0;0;0;0;0;0;0
FR;9;2022-01-02;0;0;0;0;0;0;0;0;0;0;0;0;0;0;0;0;0;0
FR;9;2022-01-03;0;0;0;0;0;0;0;0;0;0;0;0;0;0;0;0;0;0
FR;9;2022-01-04;0;0;0;0;0;0;0;0;0;0;0;0;0;0;0;0;0;0
FR;9;2022-01-05;0;0;0;0;0;0;0;0;0;0;0;0;0;0;0;0;0;0
FR;9;2022-01-06;0;0;0;0;0;0;0;0;0;0;0;0;0;0;0;0;0;0
FR;9;2022-01-07;0;0;0;0;0;0;0;0;0;0;0;0;0;0;0;0;0;0
FR;9;2022-01-08;0;0;0;0;0;0;0;0;0;0;0;0;0;0;0;0;0;0
FR;9;2022-01-09;0;0;0;0;0;0;0;0;0;0;0;0;0;0;0;0;0;0
FR;9;2022-01-10;0;0;0;0;0;0;0;0;0;0;0;0;0;0;0;0;0;0
FR;9;2022-01-11;0;0;0;0;0;0;0;0;0;0;0;0;0;0;0;0;0;0
FR;9;2022-01-12;0;0;0;0;0;0;0;0;0;0;0;0;0;0;0;0;0;0
FR;9;2022-01-13;0;0;0;0;0;0;0;0;0;0;0;0;0;0;0;0;0;0
FR;9;2022-01-14;0;0;0;0;0;0;0;0;0;0;0;0;0;0;0;0;0;0
FR;9;2022-01-15;0;0;0;0;0;0;0;0;0;0;0;0;0;0;0;0;0;0
FR;9;2022-01-16;0;0;0;0;0;0;0;0;0;0;0;0;0;0;0;0;0;0
FR;9;2022-01-17;0;0;0;0;0;0;0;0;0;0;0;0;0;0;0;0;0;0
FR;9;2022-01-18;0;0;0;0;0;0;0;0;0;0;0;0;0;0;0;0;0;0
FR;9;2022-01-19;0;0;0;0;0;0;0;0;0;0;0;0;0;0;0;0;0;0
FR;9;2022-01-20;0;0;0;0;0;0;0;0;0;0;0;0;0;0;0;0;0;0
FR;9;2022-01-21;0;0;0;0;0;0;0;0;0;0;0;0;0;0;0;0;0;0
FR;9;2022-01-22;0;0;0;0;0;0;0;0;0;0;0;0;0;0;0;0;0;0
FR;9;2022-01-23;0;0;0;0;0;0;0;0;0;0;0;0;0;0;0;0;0;0
FR;9;2022-01-24;0;0;0;0;0;0;0;0;0;0;0;0;0;0;0;0;0;0
FR;9;2022-01-25;0;0;0;0;0;0;0;0;0;0;0;0;0;0;0;0;0;0
FR;9;2022-01-26;0;0;0;0;0;0;0;0;0;0;0;0;0;0;0;0;0;0
FR;9;2022-01-27;0;0;0;0;0;0;0;0;0;0;0;0;0;0;0;0;0;0
FR;9;2022-01-28;0;0;0;0;0;0;0;0;0;0;0;0;0;0;0;0;0;0
FR;9;2022-01-29;0;0;0;0;0;0;0;0;0;0;0;0;0;0;0;0;0;0
FR;9;2022-01-30;0;0;0;0;0;0;0;0;0;0;0;0;0;0;0;0;0;0
FR;9;2022-01-31;0;0;0;0;0;0;0;0;0;0;0;0;0;0;0;0;0;0
FR;9;2022-02-01;0;0;0;0;0;0;0;0;0;0;0;0;0;0;0;0;0;0
FR;9;2022-02-02;0;0;0;0;0;0;0;0;0;0;0;0;0;0;0;0;0;0
FR;9;2022-02-03;0;0;0;0;0;0;0;0;0;0;0;0;0;0;0;0;0;0
FR;9;2022-02-04;0;0;0;0;0;0;0;0;0;0;0;0;0;0;0;0;0;0
FR;9;2022-02-05;0;0;0;0;0;0;0;0;0;0;0;0;0;0;0;0;0;0
FR;9;2022-02-06;0;0;0;0;0;0;0;0;0;0;0;0;0;0;0;0;0;0
FR;9;2022-02-07;0;0;0;0;0;0;0;0;0;0;0;0;0;0;0;0;0;0
FR;9;2022-02-08;0;0;0;0;0;0;0;0;0;0;0;0;0;0;0;0;0;0
FR;9;2022-02-09;0;0;0;0;0;0;0;0;0;0;0;0;0;0;0;0;0;0
FR;9;2022-02-10;0;0;0;0;0;0;0;0;0;0;0;0;0;0;0;0;0;0
FR;9;2022-02-11;0;0;0;0;0;0;0;0;0;0;0;0;0;0;0;0;0;0
FR;9;2022-02-12;0;0;0;0;0;0;0;0;0;0;0;0;0;0;0;0;0;0
FR;9;2022-02-13;0;0;0;0;0;0;0;0;0;0;0;0;0;0;0;0;0;0
FR;9;2022-02-14;0;0;0;0;0;0;0;0;0;0;0;0;0;0;0;0;0;0
FR;9;2022-02-15;0;0;0;0;0;0;0;0;0;0;0;0;0;0;0;0;0;0
FR;9;2022-02-16;0;0;0;0;0;0;0;0;0;0;0;0;0;0;0;0;0;0
FR;9;2022-02-17;0;0;0;0;0;0;0;0;0;0;0;0;0;0;0;0;0;0
FR;9;2022-02-18;0;0;0;0;0;0;0;0;0;0;0;0;0;0;0;0;0;0
FR;9;2022-02-19;0;0;0;0;0;0;0;0;0;0;0;0;0;0;0;0;0;0
FR;9;2022-02-20;0;0;0;0;0;0;0;0;0;0;0;0;0;0;0;0;0;0
FR;9;2022-02-21;0;0;0;0;0;0;0;0;0;0;0;0;0;0;0;0;0;0
FR;9;2022-02-22;0;0;0;0;0;0;0;0;0;0;0;0;0;0;0;0;0;0
FR;9;2022-02-23;0;0;0;0;0;0;0;0;0;0;0;0;0;0;0;0;0;0
FR;9;2022-02-24;0;0;0;0;0;0;0;0;0;0;0;0;0;0;0;0;0;0
FR;9;2022-02-25;0;0;0;0;0;0;0;0;0;0;0;0;0;0;0;0;0;0
FR;9;2022-02-26;0;0;0;0;0;0;0;0;0;0;0;0;0;0;0;0;0;0
FR;9;2022-02-27;0;0;0;0;0;0;0;0;0;0;0;0;0;0;0;0;0;0
FR;9;2022-02-28;0;0;0;0;0;0;0;0;0;0;0;0;0;0;0;0;0;0
FR;9;2022-03-01;0;0;0;0;0;0;0;0;0;0;0;0;0;0;0;0;0;0
FR;9;2022-03-02;0;0;0;0;0;0;0;0;0;0;0;0;0;0;0;0;0;0
FR;9;2022-03-03;0;0;0;0;0;0;0;0;0;0;0;0;0;0;0;0;0;0
FR;9;2022-03-04;0;0;0;0;0;0;0;0;0;0;0;0;0;0;0;0;0;0
FR;9;2022-03-05;0;0;0;0;0;0;0;0;0;0;0;0;0;0;0;0;0;0
FR;9;2022-03-06;0;0;0;0;0;0;0;0;0;0;0;0;0;0;0;0;0;0
FR;9;2022-03-07;0;0;0;0;0;0;0;0;0;0;0;0;0;0;0;0;0;0
FR;9;2022-03-08;0;0;0;0;0;0;0;0;0;0;0;0;0;0;0;0;0;0
FR;9;2022-03-09;0;0;0;0;0;0;0;0;0;0;0;0;0;0;0;0;0;0
FR;9;2022-03-10;0;0;0;0;0;0;0;0;0;0;0;0;0;0;0;0;0;0
FR;9;2022-03-11;0;0;0;0;0;0;0;0;0;0;0;0;0;0;0;0;0;0
FR;9;2022-03-12;0;0;0;0;0;0;0;0;0;0;0;0;0;0;0;0;0;0
FR;9;2022-03-13;0;0;0;0;0;0;0;0;0;0;0;0;0;0;0;0;0;0
FR;9;2022-03-14;0;0;0;0;0;0;0;0;0;0;0;0;0;0;0;0;0;0
FR;9;2022-03-15;0;0;0;0;0;0;0;0;0;0;0;0;0;0;0;0;0;0
FR;9;2022-03-16;0;0;0;0;0;0;0;0;0;0;0;0;0;0;0;0;0;0
FR;9;2022-03-17;0;0;0;0;0;0;0;0;0;0;0;0;0;0;0;0;0;0
FR;9;2022-03-18;0;0;0;0;0;0;0;0;0;0;0;0;0;0;0;0;0;0
FR;9;2022-03-19;0;0;0;0;0;0;0;0;0;0;0;0;0;0;0;0;0;0
FR;9;2022-03-20;0;0;0;0;0;0;0;0;0;0;0;0;0;0;0;0;0;0
FR;9;2022-03-21;0;0;0;0;0;0;0;0;0;0;0;0;0;0;0;0;0;0
FR;9;2022-03-22;0;0;0;0;0;0;0;0;0;0;0;0;0;0;0;0;0;0
FR;9;2022-03-23;0;0;0;0;0;0;0;0;0;0;0;0;0;0;0;0;0;0
FR;9;2022-03-24;0;0;0;0;0;0;0;0;0;0;0;0;0;0;0;0;0;0
FR;9;2022-03-25;0;0;0;0;0;0;0;0;0;0;0;0;0;0;0;0;0;0
FR;9;2022-03-26;0;0;0;0;0;0;0;0;0;0;0;0;0;0;0;0;0;0
FR;9;2022-03-27;0;0;0;0;0;0;0;0;0;0;0;0;0;0;0;0;0;0
FR;9;2022-03-28;0;0;0;0;0;0;0;0;0;0;0;0;0;0;0;0;0;0
FR;9;2022-03-29;0;0;0;0;0;0;0;0;0;0;0;0;0;0;0;0;0;0
FR;9;2022-03-30;0;0;0;0;0;0;0;0;0;0;0;0;0;0;0;0;0;0
FR;9;2022-03-31;0;0;0;0;0;0;0;0;0;0;0;0;0;0;0;0;0;0
FR;9;2022-04-01;0;0;0;0;0;0;0;0;0;0;0;0;0;0;0;0;0;0
FR;9;2022-04-02;0;0;0;0;0;0;0;0;0;0;0;0;0;0;0;0;0;0
FR;9;2022-04-03;0;0;0;0;0;0;0;0;0;0;0;0;0;0;0;0;0;0
FR;9;2022-04-04;0;0;0;0;0;0;0;0;0;0;0;0;0;0;0;0;0;0
FR;9;2022-04-05;0;0;0;0;0;0;0;0;0;0;0;0;0;0;0;0;0;0
FR;9;2022-04-06;0;0;0;0;0;0;0;0;0;0;0;0;0;0;0;0;0;0
FR;9;2022-04-07;0;0;0;0;0;0;0;0;0;0;0;0;0;0;0;0;0;0
FR;9;2022-04-08;0;0;0;0;0;0;0;0;0;0;0;0;0;0;0;0;0;0
FR;9;2022-04-09;0;0;0;0;0;0;0;0;0;0;0;0;0;0;0;0;0;0
FR;9;2022-04-10;0;0;0;0;0;0;0;0;0;0;0;0;0;0;0;0;0;0
FR;9;2022-04-11;0;0;0;0;0;0;0;0;0;0;0;0;0;0;0;0;0;0
FR;9;2022-04-12;0;0;0;0;0;0;0;0;0;0;0;0;0;0;0;0;0;0
FR;9;2022-04-13;0;0;0;0;0;0;0;0;0;0;0;0;0;0;0;0;0;0
FR;9;2022-04-14;0;0;0;0;0;0;0;0;0;0;0;0;0;0;0;0;0;0
FR;9;2022-04-15;0;0;0;0;0;0;0;0;0;0;0;0;0;0;0;0;0;0
FR;9;2022-04-16;0;0;0;0;0;0;0;0;0;0;0;0;0;0;0;0;0;0
FR;9;2022-04-17;0;0;0;0;0;0;0;0;0;0;0;0;0;0;0;0;0;0
FR;9;2022-04-18;0;0;0;0;0;0;0;0;0;0;0;0;0;0;0;0;0;0
FR;9;2022-04-19;0;0;0;0;0;0;0;0;0;0;0;0;0;0;0;0;0;0
FR;9;2022-04-20;0;0;0;0;0;0;0;0;0;0;0;0;0;0;0;0;0;0
FR;9;2022-04-21;0;0;0;0;0;0;0;0;0;0;0;0;0;0;0;0;0;0
FR;9;2022-04-22;0;0;0;0;0;0;0;0;0;0;0;0;0;0;0;0;0;0
FR;9;2022-04-23;0;0;0;0;0;0;0;0;0;0;0;0;0;0;0;0;0;0
FR;9;2022-04-24;0;0;0;0;0;0;0;0;0;0;0;0;0;0;0;0;0;0
FR;9;2022-04-25;0;0;0;0;0;0;0;0;0;0;0;0;0;0;0;0;0;0
FR;9;2022-04-26;0;0;0;0;0;0;0;0;0;0;0;0;0;0;0;0;0;0
FR;9;2022-04-27;0;0;0;0;0;0;0;0;0;0;0;0;0;0;0;0;0;0
FR;9;2022-04-28;0;0;0;0;0;0;0;0;0;0;0;0;0;0;0;0;0;0
FR;9;2022-04-29;0;0;0;0;0;0;0;0;0;0;0;0;0;0;0;0;0;0
FR;9;2022-04-30;0;0;0;0;0;0;0;0;0;0;0;0;0;0;0;0;0;0
FR;9;2022-05-01;0;0;0;0;0;0;0;0;0;0;0;0;0;0;0;0;0;0
FR;9;2022-05-02;0;0;0;0;0;0;0;0;0;0;0;0;0;0;0;0;0;0
FR;9;2022-05-03;0;0;0;0;0;0;0;0;0;0;0;0;0;0;0;0;0;0
FR;9;2022-05-04;0;0;0;0;0;0;0;0;0;0;0;0;0;0;0;0;0;0
FR;9;2022-05-05;0;0;0;0;0;0;0;0;0;0;0;0;0;0;0;0;0;0
FR;9;2022-05-06;0;0;0;0;0;0;0;0;0;0;0;0;0;0;0;0;0;0
FR;9;2022-05-07;0;0;0;0;0;0;0;0;0;0;0;0;0;0;0;0;0;0
FR;9;2022-05-08;0;0;0;0;0;0;0;0;0;0;0;0;0;0;0;0;0;0
FR;9;2022-05-09;0;0;0;0;0;0;0;0;0;0;0;0;0;0;0;0;0;0
FR;9;2022-05-10;0;0;0;0;0;0;0;0;0;0;0;0;0;0;0;0;0;0
FR;9;2022-05-11;0;0;0;0;0;0;0;0;0;0;0;0;0;0;0;0;0;0
FR;9;2022-05-12;0;0;0;0;0;0;0;0;0;0;0;0;0;0;0;0;0;0
FR;9;2022-05-13;0;0;0;0;0;0;0;0;0;0;0;0;0;0;0;0;0;0
FR;9;2022-05-14;0;0;0;0;0;0;0;0;0;0;0;0;0;0;0;0;0;0
FR;9;2022-05-15;0;0;0;0;0;0;0;0;0;0;0;0;0;0;0;0;0;0
FR;9;2022-05-16;0;0;0;0;0;0;0;0;0;0;0;0;0;0;0;0;0;0
FR;9;2022-05-17;0;0;0;0;0;0;0;0;0;0;0;0;0;0;0;0;0;0
FR;9;2022-05-18;0;0;0;0;0;0;0;0;0;0;0;0;0;0;0;0;0;0
FR;9;2022-05-19;0;0;0;0;0;0;0;0;0;0;0;0;0;0;0;0;0;0
FR;9;2022-05-20;0;0;0;0;0;0;0;0;0;0;0;0;0;0;0;0;0;0
FR;9;2022-05-21;0;0;0;0;0;0;0;0;0;0;0;0;0;0;0;0;0;0
FR;9;2022-05-22;0;0;0;0;0;0;0;0;0;0;0;0;0;0;0;0;0;0
FR;9;2022-05-23;0;0;0;0;0;0;0;0;0;0;0;0;0;0;0;0;0;0
FR;9;2022-05-24;0;0;0;0;0;0;0;0;0;0;0;0;0;0;0;0;0;0
FR;9;2022-05-25;0;0;0;0;0;0;0;0;0;0;0;0;0;0;0;0;0;0
FR;9;2022-05-26;0;0;0;0;0;0;0;0;0;0;0;0;0;0;0;0;0;0
FR;9;2022-05-27;0;0;0;0;0;0;0;0;0;0;0;0;0;0;0;0;0;0
FR;9;2022-05-28;0;0;0;0;0;0;0;0;0;0;0;0;0;0;0;0;0;0
FR;9;2022-05-29;0;0;0;0;0;0;0;0;0;0;0;0;0;0;0;0;0;0
FR;9;2022-05-30;0;0;0;0;0;0;0;0;0;0;0;0;0;0;0;0;0;0
FR;9;2022-05-31;0;0;0;0;0;0;0;0;0;0;0;0;0;0;0;0;0;0
FR;9;2022-06-01;0;0;0;0;0;0;0;0;0;0;0;0;0;0;0;0;0;0
FR;9;2022-06-02;0;0;0;0;0;0;0;0;0;0;0;0;0;0;0;0;0;0
FR;9;2022-06-03;0;0;0;0;0;0;0;0;0;0;0;0;0;0;0;0;0;0
FR;9;2022-06-04;0;0;0;0;0;0;0;0;0;0;0;0;0;0;0;0;0;0
FR;9;2022-06-05;0;0;0;0;0;0;0;0;0;0;0;0;0;0;0;0;0;0
FR;9;2022-06-06;0;0;0;0;0;0;0;0;0;0;0;0;0;0;0;0;0;0
FR;9;2022-06-07;0;0;0;0;0;0;0;0;0;0;0;0;0;0;0;0;0;0
FR;9;2022-06-08;0;0;0;0;0;0;0;0;0;0;0;0;0;0;0;0;0;0
FR;9;2022-06-09;0;0;0;0;0;0;0;0;0;0;0;0;0;0;0;0;0;0
FR;9;2022-06-10;0;0;0;0;0;0;0;0;0;0;0;0;0;0;0;0;0;0
FR;9;2022-06-11;0;0;0;0;0;0;0;0;0;0;0;0;0;0;0;0;0;0
FR;9;2022-06-12;0;0;0;0;0;0;0;0;0;0;0;0;0;0;0;0;0;0
FR;9;2022-06-13;0;0;0;0;0;0;0;0;0;0;0;0;0;0;0;0;0;0
FR;9;2022-06-14;0;0;0;0;0;0;0;0;0;0;0;0;0;0;0;0;0;0
FR;9;2022-06-15;0;0;0;0;0;0;0;0;0;0;0;0;0;0;0;0;0;0
FR;9;2022-06-16;0;0;0;0;0;0;0;0;0;0;0;0;0;0;0;0;0;0
FR;9;2022-06-17;0;0;0;0;0;0;0;0;0;0;0;0;0;0;0;0;0;0
FR;9;2022-06-18;0;0;0;0;0;0;0;0;0;0;0;0;0;0;0;0;0;0
FR;9;2022-06-19;0;0;0;0;0;0;0;0;0;0;0;0;0;0;0;0;0;0
FR;9;2022-06-20;0;0;0;0;0;0;0;0;0;0;0;0;0;0;0;0;0;0
FR;9;2022-06-21;0;0;0;0;0;0;0;0;0;0;0;0;0;0;0;0;0;0
FR;9;2022-06-22;0;0;0;0;0;0;0;0;0;0;0;0;0;0;0;0;0;0
FR;9;2022-06-23;0;0;0;0;0;0;0;0;0;0;0;0;0;0;0;0;0;0
FR;9;2022-06-24;0;0;0;0;0;0;0;0;0;0;0;0;0;0;0;0;0;0
FR;9;2022-06-25;0;0;0;0;0;0;0;0;0;0;0;0;0;0;0;0;0;0
FR;9;2022-06-26;0;0;0;0;0;0;0;0;0;0;0;0;0;0;0;0;0;0
FR;9;2022-06-27;0;0;0;0;0;0;0;0;0;0;0;0;0;0;0;0;0;0
FR;9;2022-06-28;0;0;0;0;0;0;0;0;0;0;0;0;0;0;0;0;0;0
FR;9;2022-06-29;0;0;0;0;0;0;0;0;0;0;0;0;0;0;0;0;0;0
FR;9;2022-06-30;0;0;0;0;0;0;0;0;0;0;0;0;0;0;0;0;0;0
FR;9;2022-07-01;0;0;0;0;0;0;0;0;0;0;0;0;0;0;0;0;0;0
FR;9;2022-07-02;0;0;0;0;0;0;0;0;0;0;0;0;0;0;0;0;0;0
FR;9;2022-07-03;0;0;0;0;0;0;0;0;0;0;0;0;0;0;0;0;0;0
FR;9;2022-07-04;0;0;0;0;0;0;0;0;0;0;0;0;0;0;0;0;0;0
FR;9;2022-07-05;0;0;0;0;0;0;0;0;0;0;0;0;0;0;0;0;0;0
FR;9;2022-07-06;0;0;0;0;0;0;0;0;0;0;0;0;0;0;0;0;0;0
FR;9;2022-07-07;0;0;0;0;0;0;0;0;0;0;0;0;0;0;0;0;0;0
FR;9;2022-07-08;0;0;0;0;0;0;0;0;0;0;0;0;0;0;0;0;0;0
FR;9;2022-07-09;0;0;0;0;0;0;0;0;0;0;0;0;0;0;0;0;0;0
FR;9;2022-07-10;0;0;0;0;0;0;0;0;0;0;0;0;0;0;0;0;0;0
FR;9;2022-07-11;0;0;0;0;0;0;0;0;0;0;0;0;0;0;0;0;0;0
FR;9;2022-07-12;0;0;0;0;0;0;0;0;0;0;0;0;0;0;0;0;0;0
FR;9;2022-07-13;0;0;0;0;0;0;0;0;0;0;0;0;0;0;0;0;0;0
FR;9;2022-07-14;0;0;0;0;0;0;0;0;0;0;0;0;0;0;0;0;0;0
FR;9;2022-07-15;0;0;0;0;0;0;0;0;0;0;0;0;0;0;0;0;0;0
FR;9;2022-07-16;0;0;0;0;0;0;0;0;0;0;0;0;0;0;0;0;0;0
FR;9;2022-07-17;0;0;0;0;0;0;0;0;0;0;0;0;0;0;0;0;0;0
FR;9;2022-07-18;0;0;0;0;0;0;0;0;0;0;0;0;0;0;0;0;0;0
FR;9;2022-07-19;0;0;0;0;0;0;0;0;0;0;0;0;0;0;0;0;0;0
FR;9;2022-07-20;0;0;0;0;0;0;0;0;0;0;0;0;0;0;0;0;0;0
FR;9;2022-07-21;0;0;0;0;0;0;0;0;0;0;0;0;0;0;0;0;0;0
FR;9;2022-07-22;0;0;0;0;0;0;0;0;0;0;0;0;0;0;0;0;0;0
FR;9;2022-07-23;0;0;0;0;0;0;0;0;0;0;0;0;0;0;0;0;0;0
FR;9;2022-07-24;0;0;0;0;0;0;0;0;0;0;0;0;0;0;0;0;0;0
FR;9;2022-07-25;0;0;0;0;0;0;0;0;0;0;0;0;0;0;0;0;0;0
FR;9;2022-07-26;0;0;0;0;0;0;0;0;0;0;0;0;0;0;0;0;0;0
FR;9;2022-07-27;0;0;0;0;0;0;0;0;0;0;0;0;0;0;0;0;0;0
FR;9;2022-07-28;0;0;0;0;0;0;0;0;0;0;0;0;0;0;0;0;0;0
FR;9;2022-07-29;0;0;0;0;0;0;0;0;0;0;0;0;0;0;0;0;0;0
FR;9;2022-07-30;0;0;0;0;0;0;0;0;0;0;0;0;0;0;0;0;0;0
FR;9;2022-07-31;0;0;0;0;0;0;0;0;0;0;0;0;0;0;0;0;0;0
FR;9;2022-08-01;0;0;0;0;0;0;0;0;0;0;0;0;0;0;0;0;0;0
FR;9;2022-08-02;0;0;0;0;0;0;0;0;0;0;0;0;0;0;0;0;0;0
FR;9;2022-08-03;0;0;0;0;0;0;0;0;0;0;0;0;0;0;0;0;0;0
FR;9;2022-08-04;0;0;0;0;0;0;0;0;0;0;0;0;0;0;0;0;0;0
FR;9;2022-08-05;0;0;0;0;0;0;0;0;0;0;0;0;0;0;0;0;0;0
FR;9;2022-08-06;0;0;0;0;0;0;0;0;0;0;0;0;0;0;0;0;0;0
FR;9;2022-08-07;0;0;0;0;0;0;0;0;0;0;0;0;0;0;0;0;0;0
FR;9;2022-08-08;0;0;0;0;0;0;0;0;0;0;0;0;0;0;0;0;0;0
FR;9;2022-08-09;0;0;0;0;0;0;0;0;0;0;0;0;0;0;0;0;0;0
FR;9;2022-08-10;0;0;0;0;0;0;0;0;0;0;0;0;0;0;0;0;0;0
FR;9;2022-08-11;0;0;0;0;0;0;0;0;0;0;0;0;0;0;0;0;0;0
FR;9;2022-08-12;0;0;0;0;0;0;0;0;0;0;0;0;0;0;0;0;0;0
FR;9;2022-08-13;0;0;0;0;0;0;0;0;0;0;0;0;0;0;0;0;0;0
FR;9;2022-08-14;0;0;0;0;0;0;0;0;0;0;0;0;0;0;0;0;0;0
FR;9;2022-08-15;0;0;0;0;0;0;0;0;0;0;0;0;0;0;0;0;0;0
FR;9;2022-08-16;0;0;0;0;0;0;0;0;0;0;0;0;0;0;0;0;0;0
FR;9;2022-08-17;0;0;0;0;0;0;0;0;0;0;0;0;0;0;0;0;0;0
FR;9;2022-08-18;0;0;0;0;0;0;0;0;0;0;0;0;0;0;0;0;0;0
FR;9;2022-08-19;0;0;0;0;0;0;0;0;0;0;0;0;0;0;0;0;0;0
FR;9;2022-08-20;0;0;0;0;0;0;0;0;0;0;0;0;0;0;0;0;0;0
FR;9;2022-08-21;0;0;0;0;0;0;0;0;0;0;0;0;0;0;0;0;0;0
FR;9;2022-08-22;0;0;0;0;0;0;0;0;0;0;0;0;0;0;0;0;0;0
FR;9;2022-08-23;0;0;0;0;0;0;0;0;0;0;0;0;0;0;0;0;0;0
FR;9;2022-08-24;0;0;0;0;0;0;0;0;0;0;0;0;0;0;0;0;0;0
FR;9;2022-08-25;0;0;0;0;0;0;0;0;0;0;0;0;0;0;0;0;0;0
FR;9;2022-08-26;0;0;0;0;0;0;0;0;0;0;0;0;0;0;0;0;0;0
FR;9;2022-08-27;0;0;0;0;0;0;0;0;0;0;0;0;0;0;0;0;0;0
FR;9;2022-08-28;0;0;0;0;0;0;0;0;0;0;0;0;0;0;0;0;0;0
FR;9;2022-08-29;0;0;0;0;0;0;0;0;0;0;0;0;0;0;0;0;0;0
FR;9;2022-08-30;0;0;0;0;0;0;0;0;0;0;0;0;0;0;0;0;0;0
FR;9;2022-08-31;0;0;0;0;0;0;0;0;0;0;0;0;0;0;0;0;0;0
FR;9;2022-09-01;0;0;0;0;0;0;0;0;0;0;0;0;0;0;0;0;0;0
FR;9;2022-09-02;0;0;0;0;0;0;0;0;0;0;0;0;0;0;0;0;0;0
FR;9;2022-09-03;0;0;0;0;0;0;0;0;0;0;0;0;0;0;0;0;0;0
FR;9;2022-09-04;0;0;0;0;0;0;0;0;0;0;0;0;0;0;0;0;0;0
FR;9;2022-09-05;0;0;0;0;0;0;0;0;0;0;0;0;0;0;0;0;0;0
FR;9;2022-09-06;0;0;0;0;0;0;0;0;0;0;0;0;0;0;0;0;0;0
FR;9;2022-09-07;0;0;0;0;0;0;0;0;0;0;0;0;0;0;0;0;0;0
FR;9;2022-09-08;0;0;0;0;0;0;0;0;0;0;0;0;0;0;0;0;0;0
FR;9;2022-09-09;0;0;0;0;0;0;0;0;0;0;0;0;0;0;0;0;0;0
FR;9;2022-09-10;0;0;0;0;0;0;0;0;0;0;0;0;0;0;0;0;0;0
FR;9;2022-09-11;0;0;0;0;0;0;0;0;0;0;0;0;0;0;0;0;0;0
FR;9;2022-09-12;0;0;0;0;0;0;0;0;0;0;0;0;0;0;0;0;0;0
FR;9;2022-09-13;0;0;0;0;0;0;0;0;0;0;0;0;0;0;0;0;0;0
FR;9;2022-09-14;0;0;0;0;0;0;0;0;0;0;0;0;0;0;0;0;0;0
FR;9;2022-09-15;0;0;0;0;0;0;0;0;0;0;0;0;0;0;0;0;0;0
FR;9;2022-09-16;0;0;0;0;0;0;0;0;0;0;0;0;0;0;0;0;0;0
FR;9;2022-09-17;0;0;0;0;0;0;0;0;0;0;0;0;0;0;0;0;0;0
FR;9;2022-09-18;0;0;0;0;0;0;0;0;0;0;0;0;0;0;0;0;0;0
FR;9;2022-09-19;0;0;0;0;0;0;0;0;0;0;0;0;0;0;0;0;0;0
FR;9;2022-09-20;0;0;0;0;0;0;0;0;0;0;0;0;0;0;0;0;0;0
FR;9;2022-09-21;0;0;0;0;0;0;0;0;0;0;0;0;0;0;0;0;0;0
FR;9;2022-09-22;0;0;0;0;0;0;0;0;0;0;0;0;0;0;0;0;0;0
FR;9;2022-09-23;0;0;0;0;0;0;0;0;0;0;0;0;0;0;0;0;0;0
FR;9;2022-09-24;0;0;0;0;0;0;0;0;0;0;0;0;0;0;0;0;0;0
FR;9;2022-09-25;0;0;0;0;0;0;0;0;0;0;0;0;0;0;0;0;0;0
FR;9;2022-09-26;0;0;0;0;0;0;0;0;0;0;0;0;0;0;0;0;0;0
FR;9;2022-09-27;0;0;0;0;0;0;0;0;0;0;0;0;0;0;0;0;0;0
FR;9;2022-09-28;0;0;0;0;0;0;0;0;0;0;0;0;0;0;0;0;0;0
FR;9;2022-09-29;1;1;8;33;0;6;35;43;2;1;1;8;33;0;6;35;43;2
FR;9;2022-09-30;5;13;62;606;7;48;614;715;51;6;14;70;639;7;54;649;758;53
FR;9;2022-10-01;10;2;43;327;3;26;335;396;35;16;16;113;966;10;80;984;1154;88
FR;9;2022-10-02;2;1;5;50;0;4;51;66;11;18;17;118;1016;10;84;1035;1220;99
FR;9;2022-10-03;14;17;151;1714;11;129;1708;2074;234;32;34;269;2730;21;213;2743;3294;333
FR;9;2022-10-04;22;48;353;3954;18;228;4022;4704;450;54;82;622;6684;39;441;6765;7998;783
FR;9;2022-10-05;30;20;269;2998;17;203;3011;3656;433;84;102;891;9682;56;644;9776;11654;1216
FR;9;2022-10-06;23;35;400;4598;18;301;4631;5609;672;107;137;1291;14280;74;945;14407;17263;1888
FR;9;2022-10-07;29;50;499;5706;19;384;5720;7029;923;136;187;1790;19986;93;1329;20127;24292;2811
FR;9;2022-10-08;10;18;128;1090;8;86;1108;1389;191;146;205;1918;21076;101;1415;21235;25681;3002
FR;9;2022-10-09;1;7;22;197;1;29;198;277;50;147;212;1940;21273;102;1444;21433;25958;3052
FR;9;2022-10-10;11;26;207;2572;14;181;2576;3296;533;158;238;2147;23845;116;1625;24009;29254;3585
FR;9;2022-10-11;31;40;424;5043;27;312;5024;6198;851;189;278;2571;28888;143;1937;29033;35452;4436
FR;9;2022-10-12;22;26;297;2987;16;212;3044;3830;572;211;304;2868;31875;159;2149;32077;39282;5008
FR;9;2022-10-13;25;42;374;3980;16;245;4036;5027;740;236;346;3242;35855;175;2394;36113;44309;5748
FR;9;2022-10-14;27;26;381;4430;12;293;4414;5556;838;263;372;3623;40285;187;2687;40527;49865;6586
FR;9;2022-10-15;14;8;101;1052;7;79;1029;1308;198;277;380;3724;41337;194;2766;41556;51173;6784
FR;9;2022-10-16;4;1;9;132;2;12;126;168;28;281;381;3733;41469;196;2778;41682;51341;6812
FR;9;2022-10-17;4;22;165;1875;11;127;1883;2492;475;285;403;3898;43344;207;2905;43565;53833;7287
FR;9;2022-10-18;36;29;317;3430;17;237;3454;4663;963;321;432;4215;46774;224;3142;47019;58496;8250
FR;9;2022-10-19;22;19;262;2688;17;174;2717;3732;826;343;451;4477;49462;241;3316;49736;62228;9076
FR;9;2022-10-20;22;22;308;3628;8;233;3639;4813;933;365;473;4785;53090;249;3549;53375;67041;10009
FR;9;2022-10-21;14;32;327;3550;11;228;3556;4657;865;379;505;5112;56640;260;3777;56931;71698;10874
FR;9;2022-10-22;10;11;90;914;8;62;919;1193;207;389;516;5202;57554;268;3839;57850;72891;11081
FR;9;2022-10-23;2;2;17;100;2;10;105;148;33;391;518;5219;57654;270;3849;57955;73039;11114
FR;9;2022-10-24;7;17;159;1363;6;106;1434;1942;397;398;535;5378;59017;276;3955;59389;74981;11511
FR;9;2022-10-25;18;22;228;2841;16;188;2851;3938;896;416;557;5606;61858;292;4143;62240;78919;12407
FR;9;2022-10-26;14;16;169;1800;13;123;1812;2527;590;430;573;5775;63658;305;4266;64052;81446;12997
FR;9;2022-10-27;9;26;230;2303;15;173;2337;3210;689;439;599;6005;65961;320;4439;66389;84656;13686
FR;9;2022-10-28;18;27;224;2277;17;151;2303;3142;681;457;626;6229;68238;337;4590;68692;87798;14367
FR;9;2022-10-29;12;8;55;505;5;46;496;662;119;469;634;6284;68743;342;4636;69188;88460;14486
FR;9;2022-10-30;2;1;8;58;1;8;58;82;16;471;635;6292;68801;343;4644;69246;88542;14502
FR;9;2022-10-31;13;7;105;660;9;59;695;996;240;484;642;6397;69461;352;4703;69941;89538;14742
FR;9;2022-11-01;1;1;15;43;0;11;49;71;11;485;643;6412;69504;352;4714;69990;89609;14753
FR;9;2022-11-02;7;12;102;1027;4;76;1045;1577;452;492;655;6514;70531;356;4790;71035;91186;15205
FR;9;2022-11-03;17;18;157;1599;16;92;1647;2348;599;509;673;6671;72130;372;4882;72682;93534;15804
FR;9;2022-11-04;21;19;193;1751;15;120;1800;2536;611;530;692;6864;73881;387;5002;74482;96070;16415
FR;9;2022-11-05;8;10;58;403;9;39;424;573;107;538;702;6922;74284;396;5041;74906;96643;16522
FR;9;2022-11-06;5;4;5;62;6;2;61;88;25;543;706;6927;74346;402;5043;74967;96731;16547
FR;9;2022-11-07;16;19;89;942;16;110;941;1489;432;559;725;7016;75288;418;5153;75908;98220;16979
FR;9;2022-11-08;11;19;171;1827;13;137;1815;2660;703;570;744;7187;77115;431;5290;77723;100880;17682
FR;9;2022-11-09;16;16;123;1261;9;98;1322;1878;453;586;760;7310;78376;440;5388;79045;102758;18135
FR;9;2022-11-10;13;22;162;1623;14;137;1621;2281;519;599;782;7472;79999;454;5525;80666;105039;18654
FR;9;2022-11-11;1;1;13;81;1;6;83;124;35;600;783;7485;80080;455;5531;80749;105163;18689
FR;9;2022-11-12;5;8;44;259;7;19;278;395;97;605;791;7529;80339;462;5550;81027;105558;18786
FR;9;2022-11-13;2;0;4;30;0;4;31;51;16;607;791;7533;80369;462;5554;81058;105609;18802
FR;9;2022-11-14;11;12;56;713;11;44;722;1108;339;618;803;7589;81082;473;5598;81780;106717;19141
FR;9;2022-11-15;18;16;150;1346;7;103;1356;2103;638;636;819;7739;82428;480;5701;83136;108820;19779
FR;9;2022-11-16;10;5;99;979;8;58;997;1490;431;646;824;7838;83407;488;5759;84133;110310;20210
FR;9;2022-11-17;9;17;126;1086;11;78;1111;1695;501;655;841;7964;84493;499;5837;85244;112005;20711
FR;9;2022-11-18;7;16;120;1440;5;78;1455;2027;492;662;857;8084;85933;504;5915;86699;114032;21203
FR;9;2022-11-19;3;5;51;364;1;28;351;490;106;665;862;8135;86297;505;5943;87050;114522;21309
FR;9;2022-11-20;1;0;5;37;0;3;35;54;16;666;862;8140;86334;505;5946;87085;114576;21325
FR;9;2022-11-21;9;12;66;636;5;51;639;960;263;675;874;8206;86970;510;5997;87724;115536;21588
FR;9;2022-11-22;15;12;121;1037;13;74;1067;1592;449;690;886;8327;88007;523;6071;88791;117128;22037
FR;9;2022-11-23;7;10;69;734;5;33;761;1171;372;697;896;8396;88741;528;6104;89552;118299;22409
FR;9;2022-11-24;8;19;93;979;14;68;992;1472;406;705;915;8489;89720;542;6172;90544;119771;22815
FR;9;2022-11-25;8;10;107;1180;8;82;1195;1781;503;713;925;8596;90900;550;6254;91739;121552;23318
FR;9;2022-11-26;6;6;35;217;7;24;214;310;68;719;931;8631;91117;557;6278;91953;121862;23386
FR;9;2022-11-27;1;1;6;42;0;2;46;82;34;720;932;8637;91159;557;6280;91999;121944;23420
FR;9;2022-11-28;5;7;103;698;7;60;726;1135;344;725;939;8740;91857;564;6340;92725;123079;23764
FR;9;2022-11-29;6;18;142;1299;6;89;1327;1942;521;731;957;8882;93156;570;6429;94052;125021;24285
FR;9;2022-11-30;9;12;99;1032;5;76;1055;1606;470;740;969;8981;94188;575;6505;95107;126627;24755
FR;9;2022-12-01;16;14;112;1345;8;80;1331;1970;554;756;983;9093;95533;583;6585;96438;128597;25309
FR;9;2022-12-02;10;13;193;1817;10;107;1818;2631;700;766;996;9286;97350;593;6692;98256;131228;26009
FR;9;2022-12-03;7;9;79;619;5;41;632;887;208;773;1005;9365;97969;598;6733;98888;132115;26217
FR;9;2022-12-04;11;4;15;105;5;8;105;153;40;784;1009;9380;98074;603;6741;98993;132268;26257
FR;9;2022-12-05;21;24;144;1406;17;98;1421;2110;584;805;1033;9524;99480;620;6839;100414;134378;26841
FR;9;2022-12-06;30;21;264;2453;21;148;2548;3812;1097;835;1054;9788;101933;641;6987;102962;138190;27938
FR;9;2022-12-07;15;22;181;1848;20;112;1890;2826;814;850;1076;9969;103781;661;7099;104852;141016;28752
FR;9;2022-12-08;14;22;222;2404;15;125;2467;3701;1092;864;1098;10191;106185;676;7224;107319;144717;29844
FR;9;2022-12-09;14;25;287;2888;10;143;2986;4337;1200;878;1123;10478;109073;686;7367;110305;149054;31044
FR;9;2022-12-10;12;13;122;1324;5;56;1347;1819;410;890;1136;10600;110397;691;7423;111652;150873;31454
FR;9;2022-12-11;5;5;21;277;6;10;283;363;66;895;1141;10621;110674;697;7433;111935;151236;31520
FR;9;2022-12-12;17;14;215;1958;12;109;2032;2892;746;912;1155;10836;112632;709;7542;113967;154128;32266
FR;9;2022-12-13;28;23;317;3085;15;151;3221;4720;1337;940;1178;11153;115717;724;7693;117188;158848;33603
FR;9;2022-12-14;15;10;191;2335;8;94;2405;3505;989;955;1188;11344;118052;732;7787;119593;162353;34592
FR;9;2022-12-15;17;24;257;2611;13;138;2682;4069;1238;972;1212;11601;120663;745;7925;122275;166422;35830
FR;9;2022-12-16;15;29;294;3072;21;165;3155;4603;1274;987;1241;11895;123735;766;8090;125430;171025;37104
FR;9;2022-12-17;8;11;106;1193;6;50;1208;1664;402;995;1252;12001;124928;772;8140;126638;172689;37506
FR;9;2022-12-18;1;7;30;245;6;14;251;333;67;996;1259;12031;125173;778;8154;126889;173022;37573
FR;9;2022-12-19;20;21;149;1599;15;78;1631;2507;789;1016;1280;12180;126772;793;8232;128520;175529;38362
FR;9;2022-12-20;21;19;232;2306;6;115;2349;3708;1233;1037;1299;12412;129078;799;8347;130869;179237;39595
FR;9;2022-12-21;6;14;139;1501;7;66;1554;2402;775;1043;1313;12551;130579;806;8413;132423;181639;40370
FR;9;2022-12-22;19;9;136;1402;9;78;1418;2119;615;1062;1322;12687;131981;815;8491;133841;183758;40985
FR;9;2022-12-23;11;15;77;728;9;51;730;1092;305;1073;1337;12764;132709;824;8542;134571;184850;41290
FR;9;2022-12-24;1;5;13;96;4;6;98;138;34;1074;1342;12777;132805;828;8548;134669;184988;41324
FR;9;2022-12-25;1;0;5;5;0;4;6;12;2;1075;1342;12782;132810;828;8552;134675;185000;41326
FR;9;2022-12-26;17;8;64;547;11;37;554;829;235;1092;1350;12846;133357;839;8589;135229;185829;41561
FR;9;2022-12-27;12;30;97;882;14;69;917;1422;430;1104;1380;12943;134239;853;8658;136146;187251;41991
FR;9;2022-12-28;8;9;82;749;8;40;768;1185;372;1112;1389;13025;134988;861;8698;136914;188436;42363
FR;9;2022-12-29;9;14;92;720;10;51;753;1135;324;1121;1403;13117;135708;871;8749;137667;189571;42687
FR;9;2022-12-30;12;17;77;592;9;47;612;899;237;1133;1420;13194;136300;880;8796;138279;190470;42924
FR;9;2022-12-31;2;3;17;136;2;12;139;190;38;1135;1423;13211;136436;882;8808;138418;190660;42962
FR;9;2023-01-01;0;2;3;19;1;4;19;31;8;1135;1425;13214;136455;883;8812;138437;190691;42970
FR;9;2023-01-02;11;11;56;592;4;40;585;949;320;1146;1436;13270;137047;887;8852;139022;191640;43290
FR;9;2023-01-03;19;20;122;1079;20;75;1101;1940;749;1165;1456;13392;138126;907;8927;140123;193580;44039
FR;9;2023-01-04;21;18;113;846;8;73;898;1609;633;1186;1474;13505;138972;915;9000;141021;195189;44672
FR;9;2023-01-05;5;20;115;1059;11;65;1091;2048;882;1191;1494;13620;140031;926;9065;142112;197237;45554
FR;9;2023-01-06;13;17;152;1370;4;73;1388;2410;938;1204;1511;13772;141401;930;9138;143500;199647;46492
FR;9;2023-01-07;6;13;58;436;14;36;427;687;220;1210;1524;13830;141837;944;9174;143927;200334;46712
FR;9;2023-01-08;4;11;15;92;9;12;91;137;32;1214;1535;13845;141929;953;9186;144018;200471;46744
FR;9;2023-01-09;16;15;87;623;9;62;615;1276;586;1230;1550;13932;142552;962;9248;144633;201747;47330
FR;9;2023-01-10;13;12;154;979;11;74;1033;1990;871;1243;1562;14086;143531;973;9322;145666;203737;48201
FR;9;2023-01-11;19;9;74;680;10;49;689;1387;643;1262;1571;14160;144211;983;9371;146355;205124;48844
FR;9;2023-01-12;21;9;92;845;3;77;823;1688;775;1283;1580;14252;145056;986;9448;147178;206812;49619
FR;9;2023-01-13;15;19;106;888;12;73;910;1784;785;1298;1599;14358;145944;998;9521;148088;208596;50404
FR;9;2023-01-14;9;9;55;294;5;33;299;585;247;1307;1608;14413;146238;1003;9554;148387;209181;50651
FR;9;2023-01-15;1;3;15;37;0;9;41;82;32;1308;1611;14428;146275;1003;9563;148428;209263;50683
FR;9;2023-01-16;6;15;54;366;13;24;383;785;371;1314;1626;14482;146641;1016;9587;148811;210048;51054
FR;9;2023-01-17;7;9;83;563;4;49;577;1244;609;1321;1635;14565;147204;1020;9636;149388;211292;51663
FR;9;2023-01-18;8;14;37;380;6;32;397;841;405;1329;1649;14602;147584;1026;9668;149785;212133;52068
FR;9;2023-01-19;10;9;58;477;8;30;478;1088;569;1339;1658;14660;148061;1034;9698;150263;213221;52637
FR;9;2023-01-20;15;19;96;578;16;57;595;1190;534;1354;1677;14756;148639;1050;9755;150858;214411;53171
FR;9;2023-01-21;8;15;20;192;11;13;190;347;140;1362;1692;14776;148831;1061;9768;151048;214758;53311
FR;9;2023-01-22;0;0;8;20;0;5;21;42;16;1362;1692;14784;148851;1061;9773;151069;214800;53327
FR;9;2023-01-23;4;15;27;253;9;25;242;563;287;1366;1707;14811;149104;1070;9798;151311;215363;53614
FR;9;2023-01-24;11;10;70;461;9;42;484;1162;633;1377;1717;14881;149565;1079;9840;151795;216525;54247
FR;9;2023-01-25;11;20;50;325;9;47;336;798;410;1388;1737;14931;149890;1088;9887;152131;217323;54657
FR;9;2023-01-26;7;17;64;391;8;50;390;967;515;1395;1754;14995;150281;1096;9937;152521;218290;55172
FR;9;2023-01-27;4;7;59;381;3;31;397;906;462;1399;1761;15054;150662;1099;9968;152918;219196;55634
FR;9;2023-01-28;3;6;31;128;5;27;120;265;116;1402;1767;15085;150790;1104;9995;153038;219461;55750
FR;9;2023-01-29;3;0;3;18;2;1;17;40;22;1405;1767;15088;150808;1106;9996;153055;219501;55772
FR;9;2023-01-30;4;6;31;192;5;11;211;501;272;1409;1773;15119;151000;1111;10007;153266;220002;56044
FR;9;2023-01-31;14;7;38;260;8;18;264;649;359;1423;1780;15157;151260;1119;10025;153530;220651;56403
FR;9;2023-02-01;5;7;26;173;4;20;179;519;309;1428;1787;15183;151433;1123;10045;153709;221170;56712
FR;9;2023-02-02;4;6;31;252;6;23;233;666;395;1432;1793;15214;151685;1129;10068;153942;221836;57107
FR;9;2023-02-03;8;13;42;289;10;37;275;677;355;1440;1806;15256;151974;1139;10105;154217;222513;57462
FR;9;2023-02-04;6;5;10;70;7;8;68;160;84;1446;1811;15266;152044;1146;10113;154285;222673;57546
FR;9;2023-02-05;1;1;4;7;0;4;7;17;6;1447;1812;15270;152051;1146;10117;154292;222690;57552
FR;9;2023-02-06;3;5;17;81;4;15;78;229;134;1450;1817;15287;152132;1150;10132;154370;222919;57686
FR;9;2023-02-07;3;5;30;139;3;21;134;424;263;1453;1822;15317;152271;1153;10153;154504;223343;57949
FR;9;2023-02-08;4;6;25;116;3;13;125;301;160;1457;1828;15342;152387;1156;10166;154629;223644;58109
FR;9;2023-02-09;8;3;20;138;4;14;123;339;198;1465;1831;15362;152525;1160;10180;154752;223983;58307
FR;9;2023-02-10;8;8;19;149;10;11;145;314;152;1473;1839;15381;152674;1170;10191;154897;224297;58459
FR;9;2023-02-11;5;4;14;42;3;9;47;84;28;1478;1843;15395;152716;1173;10200;154944;224381;58487
FR;9;2023-02-12;0;0;0;1;0;0;1;8;7;1478;1843;15395;152717;1173;10200;154945;224389;58494
FR;9;2023-02-13;3;8;5;50;8;4;45;107;55;1481;1851;15400;152767;1181;10204;154990;224496;58549
FR;9;2023-02-14;10;10;16;66;10;13;63;225;146;1491;1861;15416;152833;1191;10217;155053;224721;58695
FR;9;2023-02-15;1;5;16;52;3;12;50;162;99;1492;1866;15432;152885;1194;10229;155103;224883;58794
FR;9;2023-02-16;4;6;19;77;1;17;78;197;93;1496;1872;15451;152962;1195;10246;155181;225080;58887
FR;9;2023-02-17;6;4;15;62;5;11;64;178;99;1502;1876;15466;153024;1200;10257;155245;225258;58986
FR;9;2023-02-18;1;5;1;30;5;3;25;58;29;1503;1881;15467;153054;1205;10260;155270;225316;59015
FR;9;2023-02-19;1;0;0;1;0;0;1;3;2;1504;1881;15467;153055;1205;10260;155271;225319;59017
FR;9;2023-02-20;2;3;9;60;2;6;60;123;55;1506;1884;15476;153115;1207;10266;155331;225442;59072
FR;9;2023-02-21;6;9;11;65;7;10;65;160;83;1512;1893;15487;153180;1214;10276;155396;225602;59155
FR;9;2023-02-22;2;4;18;70;3;13;72;210;118;1514;1897;15505;153250;1217;10289;155468;225812;59273
FR;9;2023-02-23;5;3;17;63;1;12;69;146;61;1519;1900;15522;153313;1218;10301;155537;225958;59334
FR;9;2023-02-24;6;4;13;80;5;8;83;211;114;1525;1904;15535;153393;1223;10309;155620;226169;59448
FR;9;2023-02-25;2;2;10;14;4;4;23;43;16;1527;1906;15545;153407;1227;10313;155643;226212;59464
FR;9;2023-02-26;3;1;0;4;3;1;4;5;0;1530;1907;15545;153411;1230;10314;155647;226217;59464
FR;9;2023-02-27;2;3;5;17;3;2;19;49;26;1532;1910;15550;153428;1233;10316;155666;226266;59490
FR;9;2023-02-28;7;13;18;55;11;16;58;155;76;1539;1923;15568;153483;1244;10332;155724;226421;59566
FR;9;2023-03-01;0;9;6;20;7;7;20;78;48;1539;1932;15574;153503;1251;10339;155744;226499;59614
FR;9;2023-03-02;0;1;7;31;1;2;36;80;41;1539;1933;15581;153534;1252;10341;155780;226579;59655
FR;9;2023-03-03;1;4;9;47;3;7;48;122;67;1540;1937;15590;153581;1255;10348;155828;226701;59722
FR;9;2023-03-04;1;2;7;19;1;4;25;41;10;1541;1939;15597;153600;1256;10352;155853;226742;59732
FR;9;2023-03-05;0;1;1;0;1;0;1;8;7;1541;1940;15598;153600;1257;10352;155854;226750;59739
FR;9;2023-03-06;1;6;6;8;3;6;9;35;19;1542;1946;15604;153608;1260;10358;155863;226785;59758
FR;9;2023-03-07;2;4;8;20;0;9;24;69;34;1544;1950;15612;153628;1260;10367;155887;226854;59792
FR;9;2023-03-08;2;4;10;6;4;4;13;39;20;1546;1954;15622;153634;1264;10371;155900;226893;59812
FR;9;2023-03-09;1;3;9;12;2;6;17;65;42;1547;1957;15631;153646;1266;10377;155917;226958;59854
FR;9;2023-03-10;3;3;6;20;3;4;19;58;34;1550;1960;15637;153666;1269;10381;155936;227016;59888
FR;9;2023-03-11;2;3;4;8;2;1;11;15;3;1552;1963;15641;153674;1271;10382;155947;227031;59891
FR;9;2023-03-12;0;1;0;0;1;0;0;0;0;1552;1964;15641;153674;1272;10382;155947;227031;59891
FR;9;2023-03-13;3;5;9;34;3;4;14;49;29;1555;1969;15650;153708;1275;10386;155961;227080;59920
FR;9;2023-03-14;3;3;7;27;1;6;29;79;41;1558;1972;15657;153735;1276;10392;155990;227159;59961
FR;9;2023-03-15;0;6;4;15;4;4;17;47;24;1558;1978;15661;153750;1280;10396;156007;227206;59985
FR;9;2023-03-16;0;9;7;15;5;8;15;77;52;1558;1987;15668;153765;1285;10404;156022;227283;60037
FR;9;2023-03-17;0;7;6;40;3;8;27;113;71;1558;1994;15674;153805;1288;10412;156049;227396;60108
FR;9;2023-03-18;2;2;5;13;1;4;16;48;26;1560;1996;15679;153818;1289;10416;156065;227444;60134
FR;9;2023-03-19;0;1;0;0;1;0;0;0;0;1560;1997;15679;153818;1290;10416;156065;227444;60134
FR;9;2023-03-20;3;7;1;25;6;1;13;54;40;1563;2004;15680;153843;1296;10417;156078;227498;60174
FR;9;2023-03-21;1;1;6;16;1;1;21;69;47;1564;2005;15686;153859;1297;10418;156099;227567;60221
FR;9;2023-03-22;1;2;4;19;2;2;22;78;49;1565;2007;15690;153878;1299;10420;156121;227645;60270
FR;9;2023-03-23;0;6;7;22;4;7;21;56;25;1565;2013;15697;153900;1303;10427;156142;227701;60295
FR;9;2023-03-24;2;2;5;25;2;5;26;53;19;1567;2015;15702;153925;1305;10432;156168;227754;60314
FR;9;2023-03-25;0;0;4;6;0;3;8;16;5;1567;2015;15706;153931;1305;10435;156176;227770;60319
FR;9;2023-03-26;0;1;0;0;0;1;0;2;1;1567;2016;15706;153931;1305;10436;156176;227772;60320
FR;9;2023-03-27;0;3;4;8;2;2;12;32;15;1567;2019;15710;153939;1307;10438;156188;227804;60335
FR;9;2023-03-28;5;13;6;17;12;7;16;49;22;1572;2032;15716;153956;1319;10445;156204;227853;60357
FR;9;2023-03-29;3;6;8;5;2;8;8;28;12;1575;2038;15724;153961;1321;10453;156212;227881;60369
FR;9;2023-03-30;2;2;2;17;2;3;17;43;20;1577;2040;15726;153978;1323;10456;156229;227924;60389
FR;9;2023-03-31;0;3;2;18;1;6;15;45;22;1577;2043;15728;153996;1324;10462;156244;227969;60411
FR;9;2023-04-01;0;1;5;2;0;4;5;12;3;1577;2044;15733;153998;1324;10466;156249;227981;60414
FR;9;2023-04-02;0;0;0;0;0;0;0;2;2;1577;2044;15733;153998;1324;10466;156249;227983;60416
FR;9;2023-04-03;0;1;3;13;0;4;10;53;34;1577;2045;15736;154011;1324;10470;156259;228036;60450
FR;9;2023-04-04;4;4;11;18;2;7;22;61;29;1581;2049;15747;154029;1326;10477;156281;228097;60479
FR;9;2023-04-05;0;2;5;27;1;3;32;78;39;1581;2051;15752;154056;1327;10480;156313;228175;60518
FR;9;2023-04-06;0;0;4;13;0;2;16;42;23;1581;2051;15756;154069;1327;10482;156329;228217;60541
FR;9;2023-04-07;1;6;1;7;2;4;7;34;19;1582;2057;15757;154076;1329;10486;156336;228251;60560
FR;9;2023-04-08;0;1;2;1;0;1;3;7;2;1582;2058;15759;154077;1329;10487;156339;228258;60562
FR;9;2023-04-09;0;1;0;0;1;0;0;2;1;1582;2059;15759;154077;1330;10487;156339;228260;60563
FR;9;2023-04-10;0;1;1;5;1;1;5;6;0;1582;2060;15760;154082;1331;10488;156344;228266;60563
FR;9;2023-04-11;2;5;4;9;4;3;8;22;8;1584;2065;15764;154091;1335;10491;156352;228288;60571
FR;9;2023-04-12;1;2;6;8;2;4;10;41;24;1585;2067;15770;154099;1337;10495;156362;228329;60595
FR;9;2023-04-13;0;0;2;4;0;2;4;15;9;1585;2067;15772;154103;1337;10497;156366;228344;60604
FR;9;2023-04-14;1;4;7;10;1;6;12;38;13;1586;2071;15779;154113;1338;10503;156378;228382;60617
FR;9;2023-04-15;0;1;2;2;1;1;2;7;4;1586;2072;15781;154115;1339;10504;156380;228389;60621
FR;9;2023-04-16;0;1;0;0;1;0;0;0;0;1586;2073;15781;154115;1340;10504;156380;228389;60621
FR;9;2023-04-17;1;2;6;11;2;2;14;44;21;1587;2075;15787;154126;1342;10506;156394;228433;60642
FR;9;2023-04-18;2;1;3;8;1;2;9;34;21;1589;2076;15790;154134;1343;10508;156403;228467;60663
FR;9;2023-04-19;1;0;2;4;0;2;4;28;16;1590;2076;15792;154138;1343;10510;156407;228495;60679
FR;9;2023-04-20;1;0;2;6;0;2;6;24;13;1591;2076;15794;154144;1343;10512;156413;228519;60692
FR;9;2023-04-21;0;2;2;4;1;3;7;30;15;1591;2078;15796;154148;1344;10515;156420;228549;60707
FR;9;2023-04-22;0;1;0;2;1;0;2;3;1;1591;2079;15796;154150;1345;10515;156422;228552;60708
FR;9;2023-04-23;0;0;0;0;0;0;0;1;0;1591;2079;15796;154150;1345;10515;156422;228553;60708
FR;9;2023-04-24;1;3;3;13;3;3;11;26;9;1592;2082;15799;154163;1348;10518;156433;228579;60717
FR;9;2023-04-25;1;2;5;11;2;1;16;87;43;1593;2084;15804;154174;1350;10519;156449;228666;60760
FR;9;2023-04-26;5;0;4;9;0;5;4;13;3;1598;2084;15808;154183;1350;10524;156453;228679;60763
FR;9;2023-04-27;0;2;4;2;2;4;1;9;3;1598;2086;15812;154185;1352;10528;156454;228688;60766
FR;9;2023-04-28;0;0;0;0;0;0;0;4;4;1598;2086;15812;154185;1352;10528;156454;228692;60770
FR;9;2023-04-29;1;2;2;0;1;1;3;8;3;1599;2088;15814;154185;1353;10529;156457;228700;60773
FR;9;2023-04-30;0;0;0;0;0;0;0;0;0;1599;2088;15814;154185;1353;10529;156457;228700;60773
FR;9;2023-05-01;0;0;0;0;0;0;0;0;0;1599;2088;15814;154185;1353;10529;156457;228700;60773
FR;9;2023-05-02;1;1;3;2;0;3;3;18;7;1600;2089;15817;154187;1353;10532;156460;228718;60780
FR;9;2023-05-03;2;2;1;2;1;2;2;8;3;1602;2091;15818;154189;1354;10534;156462;228726;60783
FR;10;2020-12-27;0;0;0;0;0;0;0;0;0;0;0;0;0;0;0;0;0;0
FR;10;2020-12-28;0;0;0;0;0;0;0;0;0;0;0;0;0;0;0;0;0;0
FR;10;2020-12-29;0;0;0;0;0;0;0;0;0;0;0;0;0;0;0;0;0;0
FR;10;2020-12-30;0;0;0;0;0;0;0;0;0;0;0;0;0;0;0;0;0;0
FR;10;2020-12-31;0;0;0;0;0;0;0;0;0;0;0;0;0;0;0;0;0;0
FR;10;2021-01-01;0;0;0;0;0;0;0;0;0;0;0;0;0;0;0;0;0;0
FR;10;2021-01-02;0;0;0;0;0;0;0;0;0;0;0;0;0;0;0;0;0;0
FR;10;2021-01-03;0;0;0;0;0;0;0;0;0;0;0;0;0;0;0;0;0;0
FR;10;2021-01-04;0;0;0;0;0;0;0;0;0;0;0;0;0;0;0;0;0;0
FR;10;2021-01-05;0;0;0;0;0;0;0;0;0;0;0;0;0;0;0;0;0;0
FR;10;2021-01-06;0;0;0;0;0;0;0;0;0;0;0;0;0;0;0;0;0;0
FR;10;2021-01-07;0;0;0;0;0;0;0;0;0;0;0;0;0;0;0;0;0;0
FR;10;2021-01-08;0;0;0;0;0;0;0;0;0;0;0;0;0;0;0;0;0;0
FR;10;2021-01-09;0;0;0;0;0;0;0;0;0;0;0;0;0;0;0;0;0;0
FR;10;2021-01-10;0;0;0;0;0;0;0;0;0;0;0;0;0;0;0;0;0;0
FR;10;2021-01-11;0;0;0;0;0;0;0;0;0;0;0;0;0;0;0;0;0;0
FR;10;2021-01-12;0;0;0;0;0;0;0;0;0;0;0;0;0;0;0;0;0;0
FR;10;2021-01-13;0;0;0;0;0;0;0;0;0;0;0;0;0;0;0;0;0;0
FR;10;2021-01-14;0;0;0;0;0;0;0;0;0;0;0;0;0;0;0;0;0;0
FR;10;2021-01-15;0;0;0;0;0;0;0;0;0;0;0;0;0;0;0;0;0;0
FR;10;2021-01-16;0;0;0;0;0;0;0;0;0;0;0;0;0;0;0;0;0;0
FR;10;2021-01-17;0;0;0;0;0;0;0;0;0;0;0;0;0;0;0;0;0;0
FR;10;2021-01-18;0;0;0;0;0;0;0;0;0;0;0;0;0;0;0;0;0;0
FR;10;2021-01-19;0;0;0;0;0;0;0;0;0;0;0;0;0;0;0;0;0;0
FR;10;2021-01-20;0;0;0;0;0;0;0;0;0;0;0;0;0;0;0;0;0;0
FR;10;2021-01-21;0;0;0;0;0;0;0;0;0;0;0;0;0;0;0;0;0;0
FR;10;2021-01-22;0;0;0;0;0;0;0;0;0;0;0;0;0;0;0;0;0;0
FR;10;2021-01-23;0;0;0;0;0;0;0;0;0;0;0;0;0;0;0;0;0;0
FR;10;2021-01-24;0;0;0;0;0;0;0;0;0;0;0;0;0;0;0;0;0;0
FR;10;2021-01-25;0;0;0;0;0;0;0;0;0;0;0;0;0;0;0;0;0;0
FR;10;2021-01-26;0;0;0;0;0;0;0;0;0;0;0;0;0;0;0;0;0;0
FR;10;2021-01-27;0;0;0;0;0;0;0;0;0;0;0;0;0;0;0;0;0;0
FR;10;2021-01-28;0;0;0;0;0;0;0;0;0;0;0;0;0;0;0;0;0;0
FR;10;2021-01-29;0;0;0;0;0;0;0;0;0;0;0;0;0;0;0;0;0;0
FR;10;2021-01-30;0;0;0;0;0;0;0;0;0;0;0;0;0;0;0;0;0;0
FR;10;2021-01-31;0;0;0;0;0;0;0;0;0;0;0;0;0;0;0;0;0;0
FR;10;2021-02-01;0;0;0;0;0;0;0;0;0;0;0;0;0;0;0;0;0;0
FR;10;2021-02-02;0;0;0;0;0;0;0;0;0;0;0;0;0;0;0;0;0;0
FR;10;2021-02-03;0;0;0;0;0;0;0;0;0;0;0;0;0;0;0;0;0;0
FR;10;2021-02-04;0;0;0;0;0;0;0;0;0;0;0;0;0;0;0;0;0;0
FR;10;2021-02-05;0;0;0;0;0;0;0;0;0;0;0;0;0;0;0;0;0;0
FR;10;2021-02-06;0;0;0;0;0;0;0;0;0;0;0;0;0;0;0;0;0;0
FR;10;2021-02-07;0;0;0;0;0;0;0;0;0;0;0;0;0;0;0;0;0;0
FR;10;2021-02-08;0;0;0;0;0;0;0;0;0;0;0;0;0;0;0;0;0;0
FR;10;2021-02-09;0;0;0;0;0;0;0;0;0;0;0;0;0;0;0;0;0;0
FR;10;2021-02-10;0;0;0;0;0;0;0;0;0;0;0;0;0;0;0;0;0;0
FR;10;2021-02-11;0;0;0;0;0;0;0;0;0;0;0;0;0;0;0;0;0;0
FR;10;2021-02-12;0;0;0;0;0;0;0;0;0;0;0;0;0;0;0;0;0;0
FR;10;2021-02-13;0;0;0;0;0;0;0;0;0;0;0;0;0;0;0;0;0;0
FR;10;2021-02-14;0;0;0;0;0;0;0;0;0;0;0;0;0;0;0;0;0;0
FR;10;2021-02-15;0;0;0;0;0;0;0;0;0;0;0;0;0;0;0;0;0;0
FR;10;2021-02-16;0;0;0;0;0;0;0;0;0;0;0;0;0;0;0;0;0;0
FR;10;2021-02-17;0;0;0;0;0;0;0;0;0;0;0;0;0;0;0;0;0;0
FR;10;2021-02-18;0;0;0;0;0;0;0;0;0;0;0;0;0;0;0;0;0;0
FR;10;2021-02-19;0;0;0;0;0;0;0;0;0;0;0;0;0;0;0;0;0;0
FR;10;2021-02-20;0;0;0;0;0;0;0;0;0;0;0;0;0;0;0;0;0;0
FR;10;2021-02-21;0;0;0;0;0;0;0;0;0;0;0;0;0;0;0;0;0;0
FR;10;2021-02-22;0;0;0;0;0;0;0;0;0;0;0;0;0;0;0;0;0;0
FR;10;2021-02-23;0;0;0;0;0;0;0;0;0;0;0;0;0;0;0;0;0;0
FR;10;2021-02-24;0;0;0;0;0;0;0;0;0;0;0;0;0;0;0;0;0;0
FR;10;2021-02-25;0;0;0;0;0;0;0;0;0;0;0;0;0;0;0;0;0;0
FR;10;2021-02-26;0;0;0;0;0;0;0;0;0;0;0;0;0;0;0;0;0;0
FR;10;2021-02-27;0;0;0;0;0;0;0;0;0;0;0;0;0;0;0;0;0;0
FR;10;2021-02-28;0;0;0;0;0;0;0;0;0;0;0;0;0;0;0;0;0;0
FR;10;2021-03-01;0;0;0;0;0;0;0;0;0;0;0;0;0;0;0;0;0;0
FR;10;2021-03-02;0;0;0;0;0;0;0;0;0;0;0;0;0;0;0;0;0;0
FR;10;2021-03-03;0;0;0;0;0;0;0;0;0;0;0;0;0;0;0;0;0;0
FR;10;2021-03-04;0;0;0;0;0;0;0;0;0;0;0;0;0;0;0;0;0;0
FR;10;2021-03-05;0;0;0;0;0;0;0;0;0;0;0;0;0;0;0;0;0;0
FR;10;2021-03-06;0;0;0;0;0;0;0;0;0;0;0;0;0;0;0;0;0;0
FR;10;2021-03-07;0;0;0;0;0;0;0;0;0;0;0;0;0;0;0;0;0;0
FR;10;2021-03-08;0;0;0;0;0;0;0;0;0;0;0;0;0;0;0;0;0;0
FR;10;2021-03-09;0;0;0;0;0;0;0;0;0;0;0;0;0;0;0;0;0;0
FR;10;2021-03-10;0;0;0;0;0;0;0;0;0;0;0;0;0;0;0;0;0;0
FR;10;2021-03-11;0;0;0;0;0;0;0;0;0;0;0;0;0;0;0;0;0;0
FR;10;2021-03-12;0;0;0;0;0;0;0;0;0;0;0;0;0;0;0;0;0;0
FR;10;2021-03-13;0;0;0;0;0;0;0;0;0;0;0;0;0;0;0;0;0;0
FR;10;2021-03-14;0;0;0;0;0;0;0;0;0;0;0;0;0;0;0;0;0;0
FR;10;2021-03-15;0;0;0;0;0;0;0;0;0;0;0;0;0;0;0;0;0;0
FR;10;2021-03-16;0;0;0;0;0;0;0;0;0;0;0;0;0;0;0;0;0;0
FR;10;2021-03-17;0;0;0;0;0;0;0;0;0;0;0;0;0;0;0;0;0;0
FR;10;2021-03-18;0;0;0;0;0;0;0;0;0;0;0;0;0;0;0;0;0;0
FR;10;2021-03-19;0;0;0;0;0;0;0;0;0;0;0;0;0;0;0;0;0;0
FR;10;2021-03-20;0;0;0;0;0;0;0;0;0;0;0;0;0;0;0;0;0;0
FR;10;2021-03-21;0;0;0;0;0;0;0;0;0;0;0;0;0;0;0;0;0;0
FR;10;2021-03-22;0;0;0;0;0;0;0;0;0;0;0;0;0;0;0;0;0;0
FR;10;2021-03-23;0;0;0;0;0;0;0;0;0;0;0;0;0;0;0;0;0;0
FR;10;2021-03-24;0;0;0;0;0;0;0;0;0;0;0;0;0;0;0;0;0;0
FR;10;2021-03-25;0;0;0;0;0;0;0;0;0;0;0;0;0;0;0;0;0;0
FR;10;2021-03-26;0;0;0;0;0;0;0;0;0;0;0;0;0;0;0;0;0;0
FR;10;2021-03-27;0;0;0;0;0;0;0;0;0;0;0;0;0;0;0;0;0;0
FR;10;2021-03-28;0;0;0;0;0;0;0;0;0;0;0;0;0;0;0;0;0;0
FR;10;2021-03-29;0;0;0;0;0;0;0;0;0;0;0;0;0;0;0;0;0;0
FR;10;2021-03-30;0;0;0;0;0;0;0;0;0;0;0;0;0;0;0;0;0;0
FR;10;2021-03-31;0;0;0;0;0;0;0;0;0;0;0;0;0;0;0;0;0;0
FR;10;2021-04-01;0;0;0;0;0;0;0;0;0;0;0;0;0;0;0;0;0;0
FR;10;2021-04-02;0;0;0;0;0;0;0;0;0;0;0;0;0;0;0;0;0;0
FR;10;2021-04-03;0;0;0;0;0;0;0;0;0;0;0;0;0;0;0;0;0;0
FR;10;2021-04-04;0;0;0;0;0;0;0;0;0;0;0;0;0;0;0;0;0;0
FR;10;2021-04-05;0;0;0;0;0;0;0;0;0;0;0;0;0;0;0;0;0;0
FR;10;2021-04-06;0;0;0;0;0;0;0;0;0;0;0;0;0;0;0;0;0;0
FR;10;2021-04-07;0;0;0;0;0;0;0;0;0;0;0;0;0;0;0;0;0;0
FR;10;2021-04-08;0;0;0;0;0;0;0;0;0;0;0;0;0;0;0;0;0;0
FR;10;2021-04-09;0;0;0;0;0;0;0;0;0;0;0;0;0;0;0;0;0;0
FR;10;2021-04-10;0;0;0;0;0;0;0;0;0;0;0;0;0;0;0;0;0;0
FR;10;2021-04-11;0;0;0;0;0;0;0;0;0;0;0;0;0;0;0;0;0;0
FR;10;2021-04-12;0;0;0;0;0;0;0;0;0;0;0;0;0;0;0;0;0;0
FR;10;2021-04-13;0;0;0;0;0;0;0;0;0;0;0;0;0;0;0;0;0;0
FR;10;2021-04-14;0;0;0;0;0;0;0;0;0;0;0;0;0;0;0;0;0;0
FR;10;2021-04-15;0;0;0;0;0;0;0;0;0;0;0;0;0;0;0;0;0;0
FR;10;2021-04-16;0;0;0;0;0;0;0;0;0;0;0;0;0;0;0;0;0;0
FR;10;2021-04-17;0;0;0;0;0;0;0;0;0;0;0;0;0;0;0;0;0;0
FR;10;2021-04-18;0;0;0;0;0;0;0;0;0;0;0;0;0;0;0;0;0;0
FR;10;2021-04-19;0;0;0;0;0;0;0;0;0;0;0;0;0;0;0;0;0;0
FR;10;2021-04-20;0;0;0;0;0;0;0;0;0;0;0;0;0;0;0;0;0;0
FR;10;2021-04-21;0;0;0;0;0;0;0;0;0;0;0;0;0;0;0;0;0;0
FR;10;2021-04-22;0;0;0;0;0;0;0;0;0;0;0;0;0;0;0;0;0;0
FR;10;2021-04-23;0;0;0;0;0;0;0;0;0;0;0;0;0;0;0;0;0;0
FR;10;2021-04-24;0;0;0;0;0;0;0;0;0;0;0;0;0;0;0;0;0;0
FR;10;2021-04-25;0;0;0;0;0;0;0;0;0;0;0;0;0;0;0;0;0;0
FR;10;2021-04-26;0;0;0;0;0;0;0;0;0;0;0;0;0;0;0;0;0;0
FR;10;2021-04-27;0;0;0;0;0;0;0;0;0;0;0;0;0;0;0;0;0;0
FR;10;2021-04-28;0;0;0;0;0;0;0;0;0;0;0;0;0;0;0;0;0;0
FR;10;2021-04-29;0;0;0;0;0;0;0;0;0;0;0;0;0;0;0;0;0;0
FR;10;2021-04-30;0;0;0;0;0;0;0;0;0;0;0;0;0;0;0;0;0;0
FR;10;2021-05-01;0;0;0;0;0;0;0;0;0;0;0;0;0;0;0;0;0;0
FR;10;2021-05-02;0;0;0;0;0;0;0;0;0;0;0;0;0;0;0;0;0;0
FR;10;2021-05-03;0;0;0;0;0;0;0;0;0;0;0;0;0;0;0;0;0;0
FR;10;2021-05-04;0;0;0;0;0;0;0;0;0;0;0;0;0;0;0;0;0;0
FR;10;2021-05-05;0;0;0;0;0;0;0;0;0;0;0;0;0;0;0;0;0;0
FR;10;2021-05-06;0;0;0;0;0;0;0;0;0;0;0;0;0;0;0;0;0;0
FR;10;2021-05-07;0;0;0;0;0;0;0;0;0;0;0;0;0;0;0;0;0;0
FR;10;2021-05-08;0;0;0;0;0;0;0;0;0;0;0;0;0;0;0;0;0;0
FR;10;2021-05-09;0;0;0;0;0;0;0;0;0;0;0;0;0;0;0;0;0;0
FR;10;2021-05-10;0;0;0;0;0;0;0;0;0;0;0;0;0;0;0;0;0;0
FR;10;2021-05-11;0;0;0;0;0;0;0;0;0;0;0;0;0;0;0;0;0;0
FR;10;2021-05-12;0;0;0;0;0;0;0;0;0;0;0;0;0;0;0;0;0;0
FR;10;2021-05-13;0;0;0;0;0;0;0;0;0;0;0;0;0;0;0;0;0;0
FR;10;2021-05-14;0;0;0;0;0;0;0;0;0;0;0;0;0;0;0;0;0;0
FR;10;2021-05-15;0;0;0;0;0;0;0;0;0;0;0;0;0;0;0;0;0;0
FR;10;2021-05-16;0;0;0;0;0;0;0;0;0;0;0;0;0;0;0;0;0;0
FR;10;2021-05-17;0;0;0;0;0;0;0;0;0;0;0;0;0;0;0;0;0;0
FR;10;2021-05-18;0;0;0;0;0;0;0;0;0;0;0;0;0;0;0;0;0;0
FR;10;2021-05-19;0;0;0;0;0;0;0;0;0;0;0;0;0;0;0;0;0;0
FR;10;2021-05-20;0;0;0;0;0;0;0;0;0;0;0;0;0;0;0;0;0;0
FR;10;2021-05-21;0;0;0;0;0;0;0;0;0;0;0;0;0;0;0;0;0;0
FR;10;2021-05-22;0;0;0;0;0;0;0;0;0;0;0;0;0;0;0;0;0;0
FR;10;2021-05-23;0;0;0;0;0;0;0;0;0;0;0;0;0;0;0;0;0;0
FR;10;2021-05-24;0;0;0;0;0;0;0;0;0;0;0;0;0;0;0;0;0;0
FR;10;2021-05-25;0;0;0;0;0;0;0;0;0;0;0;0;0;0;0;0;0;0
FR;10;2021-05-26;0;0;0;0;0;0;0;0;0;0;0;0;0;0;0;0;0;0
FR;10;2021-05-27;0;0;0;0;0;0;0;0;0;0;0;0;0;0;0;0;0;0
FR;10;2021-05-28;0;0;0;0;0;0;0;0;0;0;0;0;0;0;0;0;0;0
FR;10;2021-05-29;0;0;0;0;0;0;0;0;0;0;0;0;0;0;0;0;0;0
FR;10;2021-05-30;0;0;0;0;0;0;0;0;0;0;0;0;0;0;0;0;0;0
FR;10;2021-05-31;0;0;0;0;0;0;0;0;0;0;0;0;0;0;0;0;0;0
FR;10;2021-06-01;0;0;0;0;0;0;0;0;0;0;0;0;0;0;0;0;0;0
FR;10;2021-06-02;0;0;0;0;0;0;0;0;0;0;0;0;0;0;0;0;0;0
FR;10;2021-06-03;0;0;0;0;0;0;0;0;0;0;0;0;0;0;0;0;0;0
FR;10;2021-06-04;0;0;0;0;0;0;0;0;0;0;0;0;0;0;0;0;0;0
FR;10;2021-06-05;0;0;0;0;0;0;0;0;0;0;0;0;0;0;0;0;0;0
FR;10;2021-06-06;0;0;0;0;0;0;0;0;0;0;0;0;0;0;0;0;0;0
FR;10;2021-06-07;0;0;0;0;0;0;0;0;0;0;0;0;0;0;0;0;0;0
FR;10;2021-06-08;0;0;0;0;0;0;0;0;0;0;0;0;0;0;0;0;0;0
FR;10;2021-06-09;0;0;0;0;0;0;0;0;0;0;0;0;0;0;0;0;0;0
FR;10;2021-06-10;0;0;0;0;0;0;0;0;0;0;0;0;0;0;0;0;0;0
FR;10;2021-06-11;0;0;0;0;0;0;0;0;0;0;0;0;0;0;0;0;0;0
FR;10;2021-06-12;0;0;0;0;0;0;0;0;0;0;0;0;0;0;0;0;0;0
FR;10;2021-06-13;0;0;0;0;0;0;0;0;0;0;0;0;0;0;0;0;0;0
FR;10;2021-06-14;0;0;0;0;0;0;0;0;0;0;0;0;0;0;0;0;0;0
FR;10;2021-06-15;0;0;0;0;0;0;0;0;0;0;0;0;0;0;0;0;0;0
FR;10;2021-06-16;0;0;0;0;0;0;0;0;0;0;0;0;0;0;0;0;0;0
FR;10;2021-06-17;0;0;0;0;0;0;0;0;0;0;0;0;0;0;0;0;0;0
FR;10;2021-06-18;0;0;0;0;0;0;0;0;0;0;0;0;0;0;0;0;0;0
FR;10;2021-06-19;0;0;0;0;0;0;0;0;0;0;0;0;0;0;0;0;0;0
FR;10;2021-06-20;0;0;0;0;0;0;0;0;0;0;0;0;0;0;0;0;0;0
FR;10;2021-06-21;0;0;0;0;0;0;0;0;0;0;0;0;0;0;0;0;0;0
FR;10;2021-06-22;0;0;0;0;0;0;0;0;0;0;0;0;0;0;0;0;0;0
FR;10;2021-06-23;0;0;0;0;0;0;0;0;0;0;0;0;0;0;0;0;0;0
FR;10;2021-06-24;0;0;0;0;0;0;0;0;0;0;0;0;0;0;0;0;0;0
FR;10;2021-06-25;0;0;0;0;0;0;0;0;0;0;0;0;0;0;0;0;0;0
FR;10;2021-06-26;0;0;0;0;0;0;0;0;0;0;0;0;0;0;0;0;0;0
FR;10;2021-06-27;0;0;0;0;0;0;0;0;0;0;0;0;0;0;0;0;0;0
FR;10;2021-06-28;0;0;0;0;0;0;0;0;0;0;0;0;0;0;0;0;0;0
FR;10;2021-06-29;0;0;0;0;0;0;0;0;0;0;0;0;0;0;0;0;0;0
FR;10;2021-06-30;0;0;0;0;0;0;0;0;0;0;0;0;0;0;0;0;0;0
FR;10;2021-07-01;0;0;0;0;0;0;0;0;0;0;0;0;0;0;0;0;0;0
FR;10;2021-07-02;0;0;0;0;0;0;0;0;0;0;0;0;0;0;0;0;0;0
FR;10;2021-07-03;0;0;0;0;0;0;0;0;0;0;0;0;0;0;0;0;0;0
FR;10;2021-07-04;0;0;0;0;0;0;0;0;0;0;0;0;0;0;0;0;0;0
FR;10;2021-07-05;0;0;0;0;0;0;0;0;0;0;0;0;0;0;0;0;0;0
FR;10;2021-07-06;0;0;0;0;0;0;0;0;0;0;0;0;0;0;0;0;0;0
FR;10;2021-07-07;0;0;0;0;0;0;0;0;0;0;0;0;0;0;0;0;0;0
FR;10;2021-07-08;0;0;0;0;0;0;0;0;0;0;0;0;0;0;0;0;0;0
FR;10;2021-07-09;0;0;0;0;0;0;0;0;0;0;0;0;0;0;0;0;0;0
FR;10;2021-07-10;0;0;0;0;0;0;0;0;0;0;0;0;0;0;0;0;0;0
FR;10;2021-07-11;0;0;0;0;0;0;0;0;0;0;0;0;0;0;0;0;0;0
FR;10;2021-07-12;0;0;0;0;0;0;0;0;0;0;0;0;0;0;0;0;0;0
FR;10;2021-07-13;0;0;0;0;0;0;0;0;0;0;0;0;0;0;0;0;0;0
FR;10;2021-07-14;0;0;0;0;0;0;0;0;0;0;0;0;0;0;0;0;0;0
FR;10;2021-07-15;0;0;0;0;0;0;0;0;0;0;0;0;0;0;0;0;0;0
FR;10;2021-07-16;0;0;0;0;0;0;0;0;0;0;0;0;0;0;0;0;0;0
FR;10;2021-07-17;0;0;0;0;0;0;0;0;0;0;0;0;0;0;0;0;0;0
FR;10;2021-07-18;0;0;0;0;0;0;0;0;0;0;0;0;0;0;0;0;0;0
FR;10;2021-07-19;0;0;0;0;0;0;0;0;0;0;0;0;0;0;0;0;0;0
FR;10;2021-07-20;0;0;0;0;0;0;0;0;0;0;0;0;0;0;0;0;0;0
FR;10;2021-07-21;0;0;0;0;0;0;0;0;0;0;0;0;0;0;0;0;0;0
FR;10;2021-07-22;0;0;0;0;0;0;0;0;0;0;0;0;0;0;0;0;0;0
FR;10;2021-07-23;0;0;0;0;0;0;0;0;0;0;0;0;0;0;0;0;0;0
FR;10;2021-07-24;0;0;0;0;0;0;0;0;0;0;0;0;0;0;0;0;0;0
FR;10;2021-07-25;0;0;0;0;0;0;0;0;0;0;0;0;0;0;0;0;0;0
FR;10;2021-07-26;0;0;0;0;0;0;0;0;0;0;0;0;0;0;0;0;0;0
FR;10;2021-07-27;0;0;0;0;0;0;0;0;0;0;0;0;0;0;0;0;0;0
FR;10;2021-07-28;0;0;0;0;0;0;0;0;0;0;0;0;0;0;0;0;0;0
FR;10;2021-07-29;0;0;0;0;0;0;0;0;0;0;0;0;0;0;0;0;0;0
FR;10;2021-07-30;0;0;0;0;0;0;0;0;0;0;0;0;0;0;0;0;0;0
FR;10;2021-07-31;0;0;0;0;0;0;0;0;0;0;0;0;0;0;0;0;0;0
FR;10;2021-08-01;0;0;0;0;0;0;0;0;0;0;0;0;0;0;0;0;0;0
FR;10;2021-08-02;0;0;0;0;0;0;0;0;0;0;0;0;0;0;0;0;0;0
FR;10;2021-08-03;0;0;0;0;0;0;0;0;0;0;0;0;0;0;0;0;0;0
FR;10;2021-08-04;0;0;0;0;0;0;0;0;0;0;0;0;0;0;0;0;0;0
FR;10;2021-08-05;0;0;0;0;0;0;0;0;0;0;0;0;0;0;0;0;0;0
FR;10;2021-08-06;0;0;0;0;0;0;0;0;0;0;0;0;0;0;0;0;0;0
FR;10;2021-08-07;0;0;0;0;0;0;0;0;0;0;0;0;0;0;0;0;0;0
FR;10;2021-08-08;0;0;0;0;0;0;0;0;0;0;0;0;0;0;0;0;0;0
FR;10;2021-08-09;0;0;0;0;0;0;0;0;0;0;0;0;0;0;0;0;0;0
FR;10;2021-08-10;0;0;0;0;0;0;0;0;0;0;0;0;0;0;0;0;0;0
FR;10;2021-08-11;0;0;0;0;0;0;0;0;0;0;0;0;0;0;0;0;0;0
FR;10;2021-08-12;0;0;0;0;0;0;0;0;0;0;0;0;0;0;0;0;0;0
FR;10;2021-08-13;0;0;0;0;0;0;0;0;0;0;0;0;0;0;0;0;0;0
FR;10;2021-08-14;0;0;0;0;0;0;0;0;0;0;0;0;0;0;0;0;0;0
FR;10;2021-08-15;0;0;0;0;0;0;0;0;0;0;0;0;0;0;0;0;0;0
FR;10;2021-08-16;0;0;0;0;0;0;0;0;0;0;0;0;0;0;0;0;0;0
FR;10;2021-08-17;0;0;0;0;0;0;0;0;0;0;0;0;0;0;0;0;0;0
FR;10;2021-08-18;0;0;0;0;0;0;0;0;0;0;0;0;0;0;0;0;0;0
FR;10;2021-08-19;0;0;0;0;0;0;0;0;0;0;0;0;0;0;0;0;0;0
FR;10;2021-08-20;0;0;0;0;0;0;0;0;0;0;0;0;0;0;0;0;0;0
FR;10;2021-08-21;0;0;0;0;0;0;0;0;0;0;0;0;0;0;0;0;0;0
FR;10;2021-08-22;0;0;0;0;0;0;0;0;0;0;0;0;0;0;0;0;0;0
FR;10;2021-08-23;0;0;0;0;0;0;0;0;0;0;0;0;0;0;0;0;0;0
FR;10;2021-08-24;0;0;0;0;0;0;0;0;0;0;0;0;0;0;0;0;0;0
FR;10;2021-08-25;0;0;0;0;0;0;0;0;0;0;0;0;0;0;0;0;0;0
FR;10;2021-08-26;0;0;0;0;0;0;0;0;0;0;0;0;0;0;0;0;0;0
FR;10;2021-08-27;0;0;0;0;0;0;0;0;0;0;0;0;0;0;0;0;0;0
FR;10;2021-08-28;0;0;0;0;0;0;0;0;0;0;0;0;0;0;0;0;0;0
FR;10;2021-08-29;0;0;0;0;0;0;0;0;0;0;0;0;0;0;0;0;0;0
FR;10;2021-08-30;0;0;0;0;0;0;0;0;0;0;0;0;0;0;0;0;0;0
FR;10;2021-08-31;0;0;0;0;0;0;0;0;0;0;0;0;0;0;0;0;0;0
FR;10;2021-09-01;0;0;0;0;0;0;0;0;0;0;0;0;0;0;0;0;0;0
FR;10;2021-09-02;0;0;0;0;0;0;0;0;0;0;0;0;0;0;0;0;0;0
FR;10;2021-09-03;0;0;0;0;0;0;0;0;0;0;0;0;0;0;0;0;0;0
FR;10;2021-09-04;0;0;0;0;0;0;0;0;0;0;0;0;0;0;0;0;0;0
FR;10;2021-09-05;0;0;0;0;0;0;0;0;0;0;0;0;0;0;0;0;0;0
FR;10;2021-09-06;0;0;0;0;0;0;0;0;0;0;0;0;0;0;0;0;0;0
FR;10;2021-09-07;0;0;0;0;0;0;0;0;0;0;0;0;0;0;0;0;0;0
FR;10;2021-09-08;0;0;0;0;0;0;0;0;0;0;0;0;0;0;0;0;0;0
FR;10;2021-09-09;0;0;0;0;0;0;0;0;0;0;0;0;0;0;0;0;0;0
FR;10;2021-09-10;0;0;0;0;0;0;0;0;0;0;0;0;0;0;0;0;0;0
FR;10;2021-09-11;0;0;0;0;0;0;0;0;0;0;0;0;0;0;0;0;0;0
FR;10;2021-09-12;0;0;0;0;0;0;0;0;0;0;0;0;0;0;0;0;0;0
FR;10;2021-09-13;0;0;0;0;0;0;0;0;0;0;0;0;0;0;0;0;0;0
FR;10;2021-09-14;0;0;0;0;0;0;0;0;0;0;0;0;0;0;0;0;0;0
FR;10;2021-09-15;0;0;0;0;0;0;0;0;0;0;0;0;0;0;0;0;0;0
FR;10;2021-09-16;0;0;0;0;0;0;0;0;0;0;0;0;0;0;0;0;0;0
FR;10;2021-09-17;0;0;0;0;0;0;0;0;0;0;0;0;0;0;0;0;0;0
FR;10;2021-09-18;0;0;0;0;0;0;0;0;0;0;0;0;0;0;0;0;0;0
FR;10;2021-09-19;0;0;0;0;0;0;0;0;0;0;0;0;0;0;0;0;0;0
FR;10;2021-09-20;0;0;0;0;0;0;0;0;0;0;0;0;0;0;0;0;0;0
FR;10;2021-09-21;0;0;0;0;0;0;0;0;0;0;0;0;0;0;0;0;0;0
FR;10;2021-09-22;0;0;0;0;0;0;0;0;0;0;0;0;0;0;0;0;0;0
FR;10;2021-09-23;0;0;0;0;0;0;0;0;0;0;0;0;0;0;0;0;0;0
FR;10;2021-09-24;0;0;0;0;0;0;0;0;0;0;0;0;0;0;0;0;0;0
FR;10;2021-09-25;0;0;0;0;0;0;0;0;0;0;0;0;0;0;0;0;0;0
FR;10;2021-09-26;0;0;0;0;0;0;0;0;0;0;0;0;0;0;0;0;0;0
FR;10;2021-09-27;0;0;0;0;0;0;0;0;0;0;0;0;0;0;0;0;0;0
FR;10;2021-09-28;0;0;0;0;0;0;0;0;0;0;0;0;0;0;0;0;0;0
FR;10;2021-09-29;0;0;0;0;0;0;0;0;0;0;0;0;0;0;0;0;0;0
FR;10;2021-09-30;0;0;0;0;0;0;0;0;0;0;0;0;0;0;0;0;0;0
FR;10;2021-10-01;0;0;0;0;0;0;0;0;0;0;0;0;0;0;0;0;0;0
FR;10;2021-10-02;0;0;0;0;0;0;0;0;0;0;0;0;0;0;0;0;0;0
FR;10;2021-10-03;0;0;0;0;0;0;0;0;0;0;0;0;0;0;0;0;0;0
FR;10;2021-10-04;0;0;0;0;0;0;0;0;0;0;0;0;0;0;0;0;0;0
FR;10;2021-10-05;0;0;0;0;0;0;0;0;0;0;0;0;0;0;0;0;0;0
FR;10;2021-10-06;0;0;0;0;0;0;0;0;0;0;0;0;0;0;0;0;0;0
FR;10;2021-10-07;0;0;0;0;0;0;0;0;0;0;0;0;0;0;0;0;0;0
FR;10;2021-10-08;0;0;0;0;0;0;0;0;0;0;0;0;0;0;0;0;0;0
FR;10;2021-10-09;0;0;0;0;0;0;0;0;0;0;0;0;0;0;0;0;0;0
FR;10;2021-10-10;0;0;0;0;0;0;0;0;0;0;0;0;0;0;0;0;0;0
FR;10;2021-10-11;0;0;0;0;0;0;0;0;0;0;0;0;0;0;0;0;0;0
FR;10;2021-10-12;0;0;0;0;0;0;0;0;0;0;0;0;0;0;0;0;0;0
FR;10;2021-10-13;0;0;0;0;0;0;0;0;0;0;0;0;0;0;0;0;0;0
FR;10;2021-10-14;0;0;0;0;0;0;0;0;0;0;0;0;0;0;0;0;0;0
FR;10;2021-10-15;0;0;0;0;0;0;0;0;0;0;0;0;0;0;0;0;0;0
FR;10;2021-10-16;0;0;0;0;0;0;0;0;0;0;0;0;0;0;0;0;0;0
FR;10;2021-10-17;0;0;0;0;0;0;0;0;0;0;0;0;0;0;0;0;0;0
FR;10;2021-10-18;0;0;0;0;0;0;0;0;0;0;0;0;0;0;0;0;0;0
FR;10;2021-10-19;0;0;0;0;0;0;0;0;0;0;0;0;0;0;0;0;0;0
FR;10;2021-10-20;0;0;0;0;0;0;0;0;0;0;0;0;0;0;0;0;0;0
FR;10;2021-10-21;0;0;0;0;0;0;0;0;0;0;0;0;0;0;0;0;0;0
FR;10;2021-10-22;0;0;0;0;0;0;0;0;0;0;0;0;0;0;0;0;0;0
FR;10;2021-10-23;0;0;0;0;0;0;0;0;0;0;0;0;0;0;0;0;0;0
FR;10;2021-10-24;0;0;0;0;0;0;0;0;0;0;0;0;0;0;0;0;0;0
FR;10;2021-10-25;0;0;0;0;0;0;0;0;0;0;0;0;0;0;0;0;0;0
FR;10;2021-10-26;0;0;0;0;0;0;0;0;0;0;0;0;0;0;0;0;0;0
FR;10;2021-10-27;0;0;0;0;0;0;0;0;0;0;0;0;0;0;0;0;0;0
FR;10;2021-10-28;0;0;0;0;0;0;0;0;0;0;0;0;0;0;0;0;0;0
FR;10;2021-10-29;0;0;0;0;0;0;0;0;0;0;0;0;0;0;0;0;0;0
FR;10;2021-10-30;0;0;0;0;0;0;0;0;0;0;0;0;0;0;0;0;0;0
FR;10;2021-10-31;0;0;0;0;0;0;0;0;0;0;0;0;0;0;0;0;0;0
FR;10;2021-11-01;0;0;0;0;0;0;0;0;0;0;0;0;0;0;0;0;0;0
FR;10;2021-11-02;0;0;0;0;0;0;0;0;0;0;0;0;0;0;0;0;0;0
FR;10;2021-11-03;0;0;0;0;0;0;0;0;0;0;0;0;0;0;0;0;0;0
FR;10;2021-11-04;0;0;0;0;0;0;0;0;0;0;0;0;0;0;0;0;0;0
FR;10;2021-11-05;0;0;0;0;0;0;0;0;0;0;0;0;0;0;0;0;0;0
FR;10;2021-11-06;0;0;0;0;0;0;0;0;0;0;0;0;0;0;0;0;0;0
FR;10;2021-11-07;0;0;0;0;0;0;0;0;0;0;0;0;0;0;0;0;0;0
FR;10;2021-11-08;0;0;0;0;0;0;0;0;0;0;0;0;0;0;0;0;0;0
FR;10;2021-11-09;0;0;0;0;0;0;0;0;0;0;0;0;0;0;0;0;0;0
FR;10;2021-11-10;0;0;0;0;0;0;0;0;0;0;0;0;0;0;0;0;0;0
FR;10;2021-11-11;0;0;0;0;0;0;0;0;0;0;0;0;0;0;0;0;0;0
FR;10;2021-11-12;0;0;0;0;0;0;0;0;0;0;0;0;0;0;0;0;0;0
FR;10;2021-11-13;0;0;0;0;0;0;0;0;0;0;0;0;0;0;0;0;0;0
FR;10;2021-11-14;0;0;0;0;0;0;0;0;0;0;0;0;0;0;0;0;0;0
FR;10;2021-11-15;0;0;0;0;0;0;0;0;0;0;0;0;0;0;0;0;0;0
FR;10;2021-11-16;0;0;0;0;0;0;0;0;0;0;0;0;0;0;0;0;0;0
FR;10;2021-11-17;0;0;0;0;0;0;0;0;0;0;0;0;0;0;0;0;0;0
FR;10;2021-11-18;0;0;0;0;0;0;0;0;0;0;0;0;0;0;0;0;0;0
FR;10;2021-11-19;0;0;0;0;0;0;0;0;0;0;0;0;0;0;0;0;0;0
FR;10;2021-11-20;0;0;0;0;0;0;0;0;0;0;0;0;0;0;0;0;0;0
FR;10;2021-11-21;0;0;0;0;0;0;0;0;0;0;0;0;0;0;0;0;0;0
FR;10;2021-11-22;0;0;0;0;0;0;0;0;0;0;0;0;0;0;0;0;0;0
FR;10;2021-11-23;0;0;0;0;0;0;0;0;0;0;0;0;0;0;0;0;0;0
FR;10;2021-11-24;0;0;0;0;0;0;0;0;0;0;0;0;0;0;0;0;0;0
FR;10;2021-11-25;0;0;0;0;0;0;0;0;0;0;0;0;0;0;0;0;0;0
FR;10;2021-11-26;0;0;0;0;0;0;0;0;0;0;0;0;0;0;0;0;0;0
FR;10;2021-11-27;0;0;0;0;0;0;0;0;0;0;0;0;0;0;0;0;0;0
FR;10;2021-11-28;0;0;0;0;0;0;0;0;0;0;0;0;0;0;0;0;0;0
FR;10;2021-11-29;0;0;0;0;0;0;0;0;0;0;0;0;0;0;0;0;0;0
FR;10;2021-11-30;0;0;0;0;0;0;0;0;0;0;0;0;0;0;0;0;0;0
FR;10;2021-12-01;0;0;0;0;0;0;0;0;0;0;0;0;0;0;0;0;0;0
FR;10;2021-12-02;0;0;0;0;0;0;0;0;0;0;0;0;0;0;0;0;0;0
FR;10;2021-12-03;0;0;0;0;0;0;0;0;0;0;0;0;0;0;0;0;0;0
FR;10;2021-12-04;0;0;0;0;0;0;0;0;0;0;0;0;0;0;0;0;0;0
FR;10;2021-12-05;0;0;0;0;0;0;0;0;0;0;0;0;0;0;0;0;0;0
FR;10;2021-12-06;0;0;0;0;0;0;0;0;0;0;0;0;0;0;0;0;0;0
FR;10;2021-12-07;0;0;0;0;0;0;0;0;0;0;0;0;0;0;0;0;0;0
FR;10;2021-12-08;0;0;0;0;0;0;0;0;0;0;0;0;0;0;0;0;0;0
FR;10;2021-12-09;0;0;0;0;0;0;0;0;0;0;0;0;0;0;0;0;0;0
FR;10;2021-12-10;0;0;0;0;0;0;0;0;0;0;0;0;0;0;0;0;0;0
FR;10;2021-12-11;0;0;0;0;0;0;0;0;0;0;0;0;0;0;0;0;0;0
FR;10;2021-12-12;0;0;0;0;0;0;0;0;0;0;0;0;0;0;0;0;0;0
FR;10;2021-12-13;0;0;0;0;0;0;0;0;0;0;0;0;0;0;0;0;0;0
FR;10;2021-12-14;0;0;0;0;0;0;0;0;0;0;0;0;0;0;0;0;0;0
FR;10;2021-12-15;0;0;0;0;0;0;0;0;0;0;0;0;0;0;0;0;0;0
FR;10;2021-12-16;0;0;0;0;0;0;0;0;0;0;0;0;0;0;0;0;0;0
FR;10;2021-12-17;0;0;0;0;0;0;0;0;0;0;0;0;0;0;0;0;0;0
FR;10;2021-12-18;0;0;0;0;0;0;0;0;0;0;0;0;0;0;0;0;0;0
FR;10;2021-12-19;0;0;0;0;0;0;0;0;0;0;0;0;0;0;0;0;0;0
FR;10;2021-12-20;0;0;0;0;0;0;0;0;0;0;0;0;0;0;0;0;0;0
FR;10;2021-12-21;0;0;0;0;0;0;0;0;0;0;0;0;0;0;0;0;0;0
FR;10;2021-12-22;0;0;0;0;0;0;0;0;0;0;0;0;0;0;0;0;0;0
FR;10;2021-12-23;0;0;0;0;0;0;0;0;0;0;0;0;0;0;0;0;0;0
FR;10;2021-12-24;0;0;0;0;0;0;0;0;0;0;0;0;0;0;0;0;0;0
FR;10;2021-12-25;0;0;0;0;0;0;0;0;0;0;0;0;0;0;0;0;0;0
FR;10;2021-12-26;0;0;0;0;0;0;0;0;0;0;0;0;0;0;0;0;0;0
FR;10;2021-12-27;0;0;0;0;0;0;0;0;0;0;0;0;0;0;0;0;0;0
FR;10;2021-12-28;0;0;0;0;0;0;0;0;0;0;0;0;0;0;0;0;0;0
FR;10;2021-12-29;0;0;0;0;0;0;0;0;0;0;0;0;0;0;0;0;0;0
FR;10;2021-12-30;0;0;0;0;0;0;0;0;0;0;0;0;0;0;0;0;0;0
FR;10;2021-12-31;0;0;0;0;0;0;0;0;0;0;0;0;0;0;0;0;0;0
FR;10;2022-01-01;0;0;0;0;0;0;0;0;0;0;0;0;0;0;0;0;0;0
FR;10;2022-01-02;0;0;0;0;0;0;0;0;0;0;0;0;0;0;0;0;0;0
FR;10;2022-01-03;0;0;0;0;0;0;0;0;0;0;0;0;0;0;0;0;0;0
FR;10;2022-01-04;0;0;0;0;0;0;0;0;0;0;0;0;0;0;0;0;0;0
FR;10;2022-01-05;0;0;0;0;0;0;0;0;0;0;0;0;0;0;0;0;0;0
FR;10;2022-01-06;0;0;0;0;0;0;0;0;0;0;0;0;0;0;0;0;0;0
FR;10;2022-01-07;0;0;0;0;0;0;0;0;0;0;0;0;0;0;0;0;0;0
FR;10;2022-01-08;0;0;0;0;0;0;0;0;0;0;0;0;0;0;0;0;0;0
FR;10;2022-01-09;0;0;0;0;0;0;0;0;0;0;0;0;0;0;0;0;0;0
FR;10;2022-01-10;0;0;0;0;0;0;0;0;0;0;0;0;0;0;0;0;0;0
FR;10;2022-01-11;0;0;0;0;0;0;0;0;0;0;0;0;0;0;0;0;0;0
FR;10;2022-01-12;0;0;0;0;0;0;0;0;0;0;0;0;0;0;0;0;0;0
FR;10;2022-01-13;0;0;0;0;0;0;0;0;0;0;0;0;0;0;0;0;0;0
FR;10;2022-01-14;0;0;0;0;0;0;0;0;0;0;0;0;0;0;0;0;0;0
FR;10;2022-01-15;0;0;0;0;0;0;0;0;0;0;0;0;0;0;0;0;0;0
FR;10;2022-01-16;0;0;0;0;0;0;0;0;0;0;0;0;0;0;0;0;0;0
FR;10;2022-01-17;0;0;0;0;0;0;0;0;0;0;0;0;0;0;0;0;0;0
FR;10;2022-01-18;0;0;0;0;0;0;0;0;0;0;0;0;0;0;0;0;0;0
FR;10;2022-01-19;0;0;0;0;0;0;0;0;0;0;0;0;0;0;0;0;0;0
FR;10;2022-01-20;0;0;0;0;0;0;0;0;0;0;0;0;0;0;0;0;0;0
FR;10;2022-01-21;0;0;0;0;0;0;0;0;0;0;0;0;0;0;0;0;0;0
FR;10;2022-01-22;0;0;0;0;0;0;0;0;0;0;0;0;0;0;0;0;0;0
FR;10;2022-01-23;0;0;0;0;0;0;0;0;0;0;0;0;0;0;0;0;0;0
FR;10;2022-01-24;0;0;0;0;0;0;0;0;0;0;0;0;0;0;0;0;0;0
FR;10;2022-01-25;0;0;0;0;0;0;0;0;0;0;0;0;0;0;0;0;0;0
FR;10;2022-01-26;0;0;0;0;0;0;0;0;0;0;0;0;0;0;0;0;0;0
FR;10;2022-01-27;0;0;0;0;0;0;0;0;0;0;0;0;0;0;0;0;0;0
FR;10;2022-01-28;0;0;0;0;0;0;0;0;0;0;0;0;0;0;0;0;0;0
FR;10;2022-01-29;0;0;0;0;0;0;0;0;0;0;0;0;0;0;0;0;0;0
FR;10;2022-01-30;0;0;0;0;0;0;0;0;0;0;0;0;0;0;0;0;0;0
FR;10;2022-01-31;0;0;0;0;0;0;0;0;0;0;0;0;0;0;0;0;0;0
FR;10;2022-02-01;0;0;0;0;0;0;0;0;0;0;0;0;0;0;0;0;0;0
FR;10;2022-02-02;0;0;0;0;0;0;0;0;0;0;0;0;0;0;0;0;0;0
FR;10;2022-02-03;0;0;0;0;0;0;0;0;0;0;0;0;0;0;0;0;0;0
FR;10;2022-02-04;0;0;0;0;0;0;0;0;0;0;0;0;0;0;0;0;0;0
FR;10;2022-02-05;0;0;0;0;0;0;0;0;0;0;0;0;0;0;0;0;0;0
FR;10;2022-02-06;0;0;0;0;0;0;0;0;0;0;0;0;0;0;0;0;0;0
FR;10;2022-02-07;0;0;0;0;0;0;0;0;0;0;0;0;0;0;0;0;0;0
FR;10;2022-02-08;0;0;0;0;0;0;0;0;0;0;0;0;0;0;0;0;0;0
FR;10;2022-02-09;0;0;0;0;0;0;0;0;0;0;0;0;0;0;0;0;0;0
FR;10;2022-02-10;0;0;0;0;0;0;0;0;0;0;0;0;0;0;0;0;0;0
FR;10;2022-02-11;0;0;0;0;0;0;0;0;0;0;0;0;0;0;0;0;0;0
FR;10;2022-02-12;0;0;0;0;0;0;0;0;0;0;0;0;0;0;0;0;0;0
FR;10;2022-02-13;0;0;0;0;0;0;0;0;0;0;0;0;0;0;0;0;0;0
FR;10;2022-02-14;0;0;0;0;0;0;0;0;0;0;0;0;0;0;0;0;0;0
FR;10;2022-02-15;0;0;0;0;0;0;0;0;0;0;0;0;0;0;0;0;0;0
FR;10;2022-02-16;0;0;0;0;0;0;0;0;0;0;0;0;0;0;0;0;0;0
FR;10;2022-02-17;0;0;0;0;0;0;0;0;0;0;0;0;0;0;0;0;0;0
FR;10;2022-02-18;0;0;0;0;0;0;0;0;0;0;0;0;0;0;0;0;0;0
FR;10;2022-02-19;0;0;0;0;0;0;0;0;0;0;0;0;0;0;0;0;0;0
FR;10;2022-02-20;0;0;0;0;0;0;0;0;0;0;0;0;0;0;0;0;0;0
FR;10;2022-02-21;0;0;0;0;0;0;0;0;0;0;0;0;0;0;0;0;0;0
FR;10;2022-02-22;0;0;0;0;0;0;0;0;0;0;0;0;0;0;0;0;0;0
FR;10;2022-02-23;0;0;0;0;0;0;0;0;0;0;0;0;0;0;0;0;0;0
FR;10;2022-02-24;0;0;0;0;0;0;0;0;0;0;0;0;0;0;0;0;0;0
FR;10;2022-02-25;0;0;0;0;0;0;0;0;0;0;0;0;0;0;0;0;0;0
FR;10;2022-02-26;0;0;0;0;0;0;0;0;0;0;0;0;0;0;0;0;0;0
FR;10;2022-02-27;0;0;0;0;0;0;0;0;0;0;0;0;0;0;0;0;0;0
FR;10;2022-02-28;0;0;0;0;0;0;0;0;0;0;0;0;0;0;0;0;0;0
FR;10;2022-03-01;0;0;0;0;0;0;0;0;0;0;0;0;0;0;0;0;0;0
FR;10;2022-03-02;0;0;0;0;0;0;0;0;0;0;0;0;0;0;0;0;0;0
FR;10;2022-03-03;0;0;0;0;0;0;0;0;0;0;0;0;0;0;0;0;0;0
FR;10;2022-03-04;0;0;0;0;0;0;0;0;0;0;0;0;0;0;0;0;0;0
FR;10;2022-03-05;0;0;0;0;0;0;0;0;0;0;0;0;0;0;0;0;0;0
FR;10;2022-03-06;0;0;0;0;0;0;0;0;0;0;0;0;0;0;0;0;0;0
FR;10;2022-03-07;0;0;0;0;0;0;0;0;0;0;0;0;0;0;0;0;0;0
FR;10;2022-03-08;0;0;0;0;0;0;0;0;0;0;0;0;0;0;0;0;0;0
FR;10;2022-03-09;0;0;0;0;0;0;0;0;0;0;0;0;0;0;0;0;0;0
FR;10;2022-03-10;0;0;0;0;0;0;0;0;0;0;0;0;0;0;0;0;0;0
FR;10;2022-03-11;0;0;0;0;0;0;0;0;0;0;0;0;0;0;0;0;0;0
FR;10;2022-03-12;0;0;0;0;0;0;0;0;0;0;0;0;0;0;0;0;0;0
FR;10;2022-03-13;0;0;0;0;0;0;0;0;0;0;0;0;0;0;0;0;0;0
FR;10;2022-03-14;0;0;0;0;0;0;0;0;0;0;0;0;0;0;0;0;0;0
FR;10;2022-03-15;0;0;0;0;0;0;0;0;0;0;0;0;0;0;0;0;0;0
FR;10;2022-03-16;0;0;0;0;0;0;0;0;0;0;0;0;0;0;0;0;0;0
FR;10;2022-03-17;0;0;0;0;0;0;0;0;0;0;0;0;0;0;0;0;0;0
FR;10;2022-03-18;0;0;0;0;0;0;0;0;0;0;0;0;0;0;0;0;0;0
FR;10;2022-03-19;0;0;0;0;0;0;0;0;0;0;0;0;0;0;0;0;0;0
FR;10;2022-03-20;0;0;0;0;0;0;0;0;0;0;0;0;0;0;0;0;0;0
FR;10;2022-03-21;0;0;0;0;0;0;0;0;0;0;0;0;0;0;0;0;0;0
FR;10;2022-03-22;0;0;0;0;0;0;0;0;0;0;0;0;0;0;0;0;0;0
FR;10;2022-03-23;0;0;0;0;0;0;0;0;0;0;0;0;0;0;0;0;0;0
FR;10;2022-03-24;0;0;0;0;0;0;0;0;0;0;0;0;0;0;0;0;0;0
FR;10;2022-03-25;0;0;0;0;0;0;0;0;0;0;0;0;0;0;0;0;0;0
FR;10;2022-03-26;0;0;0;0;0;0;0;0;0;0;0;0;0;0;0;0;0;0
FR;10;2022-03-27;0;0;0;0;0;0;0;0;0;0;0;0;0;0;0;0;0;0
FR;10;2022-03-28;0;0;0;0;0;0;0;0;0;0;0;0;0;0;0;0;0;0
FR;10;2022-03-29;0;0;0;0;0;0;0;0;0;0;0;0;0;0;0;0;0;0
FR;10;2022-03-30;0;0;0;0;0;0;0;0;0;0;0;0;0;0;0;0;0;0
FR;10;2022-03-31;0;0;0;0;0;0;0;0;0;0;0;0;0;0;0;0;0;0
FR;10;2022-04-01;0;0;0;0;0;0;0;0;0;0;0;0;0;0;0;0;0;0
FR;10;2022-04-02;0;0;0;0;0;0;0;0;0;0;0;0;0;0;0;0;0;0
FR;10;2022-04-03;0;0;0;0;0;0;0;0;0;0;0;0;0;0;0;0;0;0
FR;10;2022-04-04;0;0;0;0;0;0;0;0;0;0;0;0;0;0;0;0;0;0
FR;10;2022-04-05;0;0;0;0;0;0;0;0;0;0;0;0;0;0;0;0;0;0
FR;10;2022-04-06;0;0;0;0;0;0;0;0;0;0;0;0;0;0;0;0;0;0
FR;10;2022-04-07;0;0;0;0;0;0;0;0;0;0;0;0;0;0;0;0;0;0
FR;10;2022-04-08;0;0;0;0;0;0;0;0;0;0;0;0;0;0;0;0;0;0
FR;10;2022-04-09;0;0;0;0;0;0;0;0;0;0;0;0;0;0;0;0;0;0
FR;10;2022-04-10;0;0;0;0;0;0;0;0;0;0;0;0;0;0;0;0;0;0
FR;10;2022-04-11;0;0;0;0;0;0;0;0;0;0;0;0;0;0;0;0;0;0
FR;10;2022-04-12;0;0;0;0;0;0;0;0;0;0;0;0;0;0;0;0;0;0
FR;10;2022-04-13;0;0;0;0;0;0;0;0;0;0;0;0;0;0;0;0;0;0
FR;10;2022-04-14;0;0;0;0;0;0;0;0;0;0;0;0;0;0;0;0;0;0
FR;10;2022-04-15;0;0;0;0;0;0;0;0;0;0;0;0;0;0;0;0;0;0
FR;10;2022-04-16;0;0;0;0;0;0;0;0;0;0;0;0;0;0;0;0;0;0
FR;10;2022-04-17;0;0;0;0;0;0;0;0;0;0;0;0;0;0;0;0;0;0
FR;10;2022-04-18;0;0;0;0;0;0;0;0;0;0;0;0;0;0;0;0;0;0
FR;10;2022-04-19;0;0;0;0;0;0;0;0;0;0;0;0;0;0;0;0;0;0
FR;10;2022-04-20;0;0;0;0;0;0;0;0;0;0;0;0;0;0;0;0;0;0
FR;10;2022-04-21;0;0;0;0;0;0;0;0;0;0;0;0;0;0;0;0;0;0
FR;10;2022-04-22;0;0;0;0;0;0;0;0;0;0;0;0;0;0;0;0;0;0
FR;10;2022-04-23;0;0;0;0;0;0;0;0;0;0;0;0;0;0;0;0;0;0
FR;10;2022-04-24;0;0;0;0;0;0;0;0;0;0;0;0;0;0;0;0;0;0
FR;10;2022-04-25;0;0;0;0;0;0;0;0;0;0;0;0;0;0;0;0;0;0
FR;10;2022-04-26;0;0;0;0;0;0;0;0;0;0;0;0;0;0;0;0;0;0
FR;10;2022-04-27;0;0;0;0;0;0;0;0;0;0;0;0;0;0;0;0;0;0
FR;10;2022-04-28;0;0;0;0;0;0;0;0;0;0;0;0;0;0;0;0;0;0
FR;10;2022-04-29;0;0;0;0;0;0;0;0;0;0;0;0;0;0;0;0;0;0
FR;10;2022-04-30;0;0;0;0;0;0;0;0;0;0;0;0;0;0;0;0;0;0
FR;10;2022-05-01;0;0;0;0;0;0;0;0;0;0;0;0;0;0;0;0;0;0
FR;10;2022-05-02;0;0;0;0;0;0;0;0;0;0;0;0;0;0;0;0;0;0
FR;10;2022-05-03;0;0;0;0;0;0;0;0;0;0;0;0;0;0;0;0;0;0
FR;10;2022-05-04;0;0;0;0;0;0;0;0;0;0;0;0;0;0;0;0;0;0
FR;10;2022-05-05;0;0;0;0;0;0;0;0;0;0;0;0;0;0;0;0;0;0
FR;10;2022-05-06;0;0;0;0;0;0;0;0;0;0;0;0;0;0;0;0;0;0
FR;10;2022-05-07;0;0;0;0;0;0;0;0;0;0;0;0;0;0;0;0;0;0
FR;10;2022-05-08;0;0;0;0;0;0;0;0;0;0;0;0;0;0;0;0;0;0
FR;10;2022-05-09;0;0;0;0;0;0;0;0;0;0;0;0;0;0;0;0;0;0
FR;10;2022-05-10;0;0;0;0;0;0;0;0;0;0;0;0;0;0;0;0;0;0
FR;10;2022-05-11;0;0;0;0;0;0;0;0;0;0;0;0;0;0;0;0;0;0
FR;10;2022-05-12;0;0;0;0;0;0;0;0;0;0;0;0;0;0;0;0;0;0
FR;10;2022-05-13;0;0;0;0;0;0;0;0;0;0;0;0;0;0;0;0;0;0
FR;10;2022-05-14;0;0;0;0;0;0;0;0;0;0;0;0;0;0;0;0;0;0
FR;10;2022-05-15;0;0;0;0;0;0;0;0;0;0;0;0;0;0;0;0;0;0
FR;10;2022-05-16;0;0;0;0;0;0;0;0;0;0;0;0;0;0;0;0;0;0
FR;10;2022-05-17;0;0;0;0;0;0;0;0;0;0;0;0;0;0;0;0;0;0
FR;10;2022-05-18;0;0;0;0;0;0;0;0;0;0;0;0;0;0;0;0;0;0
FR;10;2022-05-19;0;0;0;0;0;0;0;0;0;0;0;0;0;0;0;0;0;0
FR;10;2022-05-20;0;0;0;0;0;0;0;0;0;0;0;0;0;0;0;0;0;0
FR;10;2022-05-21;0;0;0;0;0;0;0;0;0;0;0;0;0;0;0;0;0;0
FR;10;2022-05-22;0;0;0;0;0;0;0;0;0;0;0;0;0;0;0;0;0;0
FR;10;2022-05-23;0;0;0;0;0;0;0;0;0;0;0;0;0;0;0;0;0;0
FR;10;2022-05-24;0;0;0;0;0;0;0;0;0;0;0;0;0;0;0;0;0;0
FR;10;2022-05-25;0;0;0;0;0;0;0;0;0;0;0;0;0;0;0;0;0;0
FR;10;2022-05-26;0;0;0;0;0;0;0;0;0;0;0;0;0;0;0;0;0;0
FR;10;2022-05-27;0;0;0;0;0;0;0;0;0;0;0;0;0;0;0;0;0;0
FR;10;2022-05-28;0;0;0;0;0;0;0;0;0;0;0;0;0;0;0;0;0;0
FR;10;2022-05-29;0;0;0;0;0;0;0;0;0;0;0;0;0;0;0;0;0;0
FR;10;2022-05-30;0;0;0;0;0;0;0;0;0;0;0;0;0;0;0;0;0;0
FR;10;2022-05-31;0;0;0;0;0;0;0;0;0;0;0;0;0;0;0;0;0;0
FR;10;2022-06-01;0;0;0;0;0;0;0;0;0;0;0;0;0;0;0;0;0;0
FR;10;2022-06-02;0;0;0;0;0;0;0;0;0;0;0;0;0;0;0;0;0;0
FR;10;2022-06-03;0;0;0;0;0;0;0;0;0;0;0;0;0;0;0;0;0;0
FR;10;2022-06-04;0;0;0;0;0;0;0;0;0;0;0;0;0;0;0;0;0;0
FR;10;2022-06-05;0;0;0;0;0;0;0;0;0;0;0;0;0;0;0;0;0;0
FR;10;2022-06-06;0;0;0;0;0;0;0;0;0;0;0;0;0;0;0;0;0;0
FR;10;2022-06-07;0;0;0;0;0;0;0;0;0;0;0;0;0;0;0;0;0;0
FR;10;2022-06-08;0;0;0;0;0;0;0;0;0;0;0;0;0;0;0;0;0;0
FR;10;2022-06-09;0;0;0;0;0;0;0;0;0;0;0;0;0;0;0;0;0;0
FR;10;2022-06-10;0;0;0;0;0;0;0;0;0;0;0;0;0;0;0;0;0;0
FR;10;2022-06-11;0;0;0;0;0;0;0;0;0;0;0;0;0;0;0;0;0;0
FR;10;2022-06-12;0;0;0;0;0;0;0;0;0;0;0;0;0;0;0;0;0;0
FR;10;2022-06-13;0;0;0;0;0;0;0;0;0;0;0;0;0;0;0;0;0;0
FR;10;2022-06-14;0;0;0;0;0;0;0;0;0;0;0;0;0;0;0;0;0;0
FR;10;2022-06-15;0;0;0;0;0;0;0;0;0;0;0;0;0;0;0;0;0;0
FR;10;2022-06-16;0;0;0;0;0;0;0;0;0;0;0;0;0;0;0;0;0;0
FR;10;2022-06-17;0;0;0;0;0;0;0;0;0;0;0;0;0;0;0;0;0;0
FR;10;2022-06-18;0;0;0;0;0;0;0;0;0;0;0;0;0;0;0;0;0;0
FR;10;2022-06-19;0;0;0;0;0;0;0;0;0;0;0;0;0;0;0;0;0;0
FR;10;2022-06-20;0;0;0;0;0;0;0;0;0;0;0;0;0;0;0;0;0;0
FR;10;2022-06-21;0;0;0;0;0;0;0;0;0;0;0;0;0;0;0;0;0;0
FR;10;2022-06-22;0;0;0;0;0;0;0;0;0;0;0;0;0;0;0;0;0;0
FR;10;2022-06-23;0;0;0;0;0;0;0;0;0;0;0;0;0;0;0;0;0;0
FR;10;2022-06-24;0;0;0;0;0;0;0;0;0;0;0;0;0;0;0;0;0;0
FR;10;2022-06-25;0;0;0;0;0;0;0;0;0;0;0;0;0;0;0;0;0;0
FR;10;2022-06-26;0;0;0;0;0;0;0;0;0;0;0;0;0;0;0;0;0;0
FR;10;2022-06-27;0;0;0;0;0;0;0;0;0;0;0;0;0;0;0;0;0;0
FR;10;2022-06-28;0;0;0;0;0;0;0;0;0;0;0;0;0;0;0;0;0;0
FR;10;2022-06-29;0;0;0;0;0;0;0;0;0;0;0;0;0;0;0;0;0;0
FR;10;2022-06-30;0;0;0;0;0;0;0;0;0;0;0;0;0;0;0;0;0;0
FR;10;2022-07-01;0;0;0;0;0;0;0;0;0;0;0;0;0;0;0;0;0;0
FR;10;2022-07-02;0;0;0;0;0;0;0;0;0;0;0;0;0;0;0;0;0;0
FR;10;2022-07-03;0;0;0;0;0;0;0;0;0;0;0;0;0;0;0;0;0;0
FR;10;2022-07-04;0;0;0;0;0;0;0;0;0;0;0;0;0;0;0;0;0;0
FR;10;2022-07-05;0;0;0;0;0;0;0;0;0;0;0;0;0;0;0;0;0;0
FR;10;2022-07-06;0;0;0;0;0;0;0;0;0;0;0;0;0;0;0;0;0;0
FR;10;2022-07-07;0;0;0;0;0;0;0;0;0;0;0;0;0;0;0;0;0;0
FR;10;2022-07-08;0;0;0;0;0;0;0;0;0;0;0;0;0;0;0;0;0;0
FR;10;2022-07-09;0;0;0;0;0;0;0;0;0;0;0;0;0;0;0;0;0;0
FR;10;2022-07-10;0;0;0;0;0;0;0;0;0;0;0;0;0;0;0;0;0;0
FR;10;2022-07-11;0;0;0;0;0;0;0;0;0;0;0;0;0;0;0;0;0;0
FR;10;2022-07-12;0;0;0;0;0;0;0;0;0;0;0;0;0;0;0;0;0;0
FR;10;2022-07-13;0;0;0;0;0;0;0;0;0;0;0;0;0;0;0;0;0;0
FR;10;2022-07-14;0;0;0;0;0;0;0;0;0;0;0;0;0;0;0;0;0;0
FR;10;2022-07-15;0;0;0;0;0;0;0;0;0;0;0;0;0;0;0;0;0;0
FR;10;2022-07-16;0;0;0;0;0;0;0;0;0;0;0;0;0;0;0;0;0;0
FR;10;2022-07-17;0;0;0;0;0;0;0;0;0;0;0;0;0;0;0;0;0;0
FR;10;2022-07-18;0;0;0;0;0;0;0;0;0;0;0;0;0;0;0;0;0;0
FR;10;2022-07-19;0;0;0;0;0;0;0;0;0;0;0;0;0;0;0;0;0;0
FR;10;2022-07-20;0;0;0;0;0;0;0;0;0;0;0;0;0;0;0;0;0;0
FR;10;2022-07-21;0;0;0;0;0;0;0;0;0;0;0;0;0;0;0;0;0;0
FR;10;2022-07-22;0;0;0;0;0;0;0;0;0;0;0;0;0;0;0;0;0;0
FR;10;2022-07-23;0;0;0;0;0;0;0;0;0;0;0;0;0;0;0;0;0;0
FR;10;2022-07-24;0;0;0;0;0;0;0;0;0;0;0;0;0;0;0;0;0;0
FR;10;2022-07-25;0;0;0;0;0;0;0;0;0;0;0;0;0;0;0;0;0;0
FR;10;2022-07-26;0;0;0;0;0;0;0;0;0;0;0;0;0;0;0;0;0;0
FR;10;2022-07-27;0;0;0;0;0;0;0;0;0;0;0;0;0;0;0;0;0;0
FR;10;2022-07-28;0;0;0;0;0;0;0;0;0;0;0;0;0;0;0;0;0;0
FR;10;2022-07-29;0;0;0;0;0;0;0;0;0;0;0;0;0;0;0;0;0;0
FR;10;2022-07-30;0;0;0;0;0;0;0;0;0;0;0;0;0;0;0;0;0;0
FR;10;2022-07-31;0;0;0;0;0;0;0;0;0;0;0;0;0;0;0;0;0;0
FR;10;2022-08-01;0;0;0;0;0;0;0;0;0;0;0;0;0;0;0;0;0;0
FR;10;2022-08-02;0;0;0;0;0;0;0;0;0;0;0;0;0;0;0;0;0;0
FR;10;2022-08-03;0;0;0;0;0;0;0;0;0;0;0;0;0;0;0;0;0;0
FR;10;2022-08-04;0;0;0;0;0;0;0;0;0;0;0;0;0;0;0;0;0;0
FR;10;2022-08-05;0;0;0;0;0;0;0;0;0;0;0;0;0;0;0;0;0;0
FR;10;2022-08-06;0;0;0;0;0;0;0;0;0;0;0;0;0;0;0;0;0;0
FR;10;2022-08-07;0;0;0;0;0;0;0;0;0;0;0;0;0;0;0;0;0;0
FR;10;2022-08-08;0;0;0;0;0;0;0;0;0;0;0;0;0;0;0;0;0;0
FR;10;2022-08-09;0;0;0;0;0;0;0;0;0;0;0;0;0;0;0;0;0;0
FR;10;2022-08-10;0;0;0;0;0;0;0;0;0;0;0;0;0;0;0;0;0;0
FR;10;2022-08-11;0;0;0;0;0;0;0;0;0;0;0;0;0;0;0;0;0;0
FR;10;2022-08-12;0;0;0;0;0;0;0;0;0;0;0;0;0;0;0;0;0;0
FR;10;2022-08-13;0;0;0;0;0;0;0;0;0;0;0;0;0;0;0;0;0;0
FR;10;2022-08-14;0;0;0;0;0;0;0;0;0;0;0;0;0;0;0;0;0;0
FR;10;2022-08-15;0;0;0;0;0;0;0;0;0;0;0;0;0;0;0;0;0;0
FR;10;2022-08-16;0;0;0;0;0;0;0;0;0;0;0;0;0;0;0;0;0;0
FR;10;2022-08-17;0;0;0;0;0;0;0;0;0;0;0;0;0;0;0;0;0;0
FR;10;2022-08-18;0;0;0;0;0;0;0;0;0;0;0;0;0;0;0;0;0;0
FR;10;2022-08-19;0;0;0;0;0;0;0;0;0;0;0;0;0;0;0;0;0;0
FR;10;2022-08-20;0;0;0;0;0;0;0;0;0;0;0;0;0;0;0;0;0;0
FR;10;2022-08-21;0;0;0;0;0;0;0;0;0;0;0;0;0;0;0;0;0;0
FR;10;2022-08-22;0;0;0;0;0;0;0;0;0;0;0;0;0;0;0;0;0;0
FR;10;2022-08-23;0;0;0;0;0;0;0;0;0;0;0;0;0;0;0;0;0;0
FR;10;2022-08-24;0;0;0;0;0;0;0;0;0;0;0;0;0;0;0;0;0;0
FR;10;2022-08-25;0;0;0;0;0;0;0;0;0;0;0;0;0;0;0;0;0;0
FR;10;2022-08-26;0;0;0;0;0;0;0;0;0;0;0;0;0;0;0;0;0;0
FR;10;2022-08-27;0;0;0;0;0;0;0;0;0;0;0;0;0;0;0;0;0;0
FR;10;2022-08-28;0;0;0;0;0;0;0;0;0;0;0;0;0;0;0;0;0;0
FR;10;2022-08-29;0;0;0;0;0;0;0;0;0;0;0;0;0;0;0;0;0;0
FR;10;2022-08-30;0;0;0;0;0;0;0;0;0;0;0;0;0;0;0;0;0;0
FR;10;2022-08-31;0;0;0;0;0;0;0;0;0;0;0;0;0;0;0;0;0;0
FR;10;2022-09-01;0;0;0;0;0;0;0;0;0;0;0;0;0;0;0;0;0;0
FR;10;2022-09-02;0;0;0;0;0;0;0;0;0;0;0;0;0;0;0;0;0;0
FR;10;2022-09-03;0;0;0;0;0;0;0;0;0;0;0;0;0;0;0;0;0;0
FR;10;2022-09-04;0;0;0;0;0;0;0;0;0;0;0;0;0;0;0;0;0;0
FR;10;2022-09-05;0;0;0;0;0;0;0;0;0;0;0;0;0;0;0;0;0;0
FR;10;2022-09-06;0;0;0;0;0;0;0;0;0;0;0;0;0;0;0;0;0;0
FR;10;2022-09-07;0;0;0;0;0;0;0;0;0;0;0;0;0;0;0;0;0;0
FR;10;2022-09-08;0;0;0;0;0;0;0;0;0;0;0;0;0;0;0;0;0;0
FR;10;2022-09-09;0;0;0;0;0;0;0;0;0;0;0;0;0;0;0;0;0;0
FR;10;2022-09-10;0;0;0;0;0;0;0;0;0;0;0;0;0;0;0;0;0;0
FR;10;2022-09-11;0;0;0;0;0;0;0;0;0;0;0;0;0;0;0;0;0;0
FR;10;2022-09-12;0;0;0;0;0;0;0;0;0;0;0;0;0;0;0;0;0;0
FR;10;2022-09-13;0;0;0;0;0;0;0;0;0;0;0;0;0;0;0;0;0;0
FR;10;2022-09-14;0;0;0;0;0;0;0;0;0;0;0;0;0;0;0;0;0;0
FR;10;2022-09-15;0;0;0;0;0;0;0;0;0;0;0;0;0;0;0;0;0;0
FR;10;2022-09-16;0;0;0;0;0;0;0;0;0;0;0;0;0;0;0;0;0;0
FR;10;2022-09-17;0;0;0;0;0;0;0;0;0;0;0;0;0;0;0;0;0;0
FR;10;2022-09-18;0;0;0;0;0;0;0;0;0;0;0;0;0;0;0;0;0;0
FR;10;2022-09-19;0;0;0;0;0;0;0;0;0;0;0;0;0;0;0;0;0;0
FR;10;2022-09-20;0;0;0;0;0;0;0;0;0;0;0;0;0;0;0;0;0;0
FR;10;2022-09-21;0;0;0;0;0;0;0;0;0;0;0;0;0;0;0;0;0;0
FR;10;2022-09-22;0;0;0;0;0;0;0;0;0;0;0;0;0;0;0;0;0;0
FR;10;2022-09-23;0;0;0;0;0;0;0;0;0;0;0;0;0;0;0;0;0;0
FR;10;2022-09-24;0;0;0;0;0;0;0;0;0;0;0;0;0;0;0;0;0;0
FR;10;2022-09-25;0;0;0;0;0;0;0;0;0;0;0;0;0;0;0;0;0;0
FR;10;2022-09-26;0;0;0;0;0;0;0;0;0;0;0;0;0;0;0;0;0;0
FR;10;2022-09-27;0;0;0;0;0;0;0;0;0;0;0;0;0;0;0;0;0;0
FR;10;2022-09-28;0;0;0;0;0;0;0;0;0;0;0;0;0;0;0;0;0;0
FR;10;2022-09-29;0;0;0;0;0;0;0;0;0;0;0;0;0;0;0;0;0;0
FR;10;2022-09-30;0;0;0;0;0;0;0;0;0;0;0;0;0;0;0;0;0;0
FR;10;2022-10-01;0;0;0;0;0;0;0;0;0;0;0;0;0;0;0;0;0;0
FR;10;2022-10-02;0;0;0;0;0;0;0;0;0;0;0;0;0;0;0;0;0;0
FR;10;2022-10-03;0;0;0;0;0;0;0;0;0;0;0;0;0;0;0;0;0;0
FR;10;2022-10-04;0;0;0;0;0;0;0;0;0;0;0;0;0;0;0;0;0;0
FR;10;2022-10-05;0;0;0;0;0;0;0;0;0;0;0;0;0;0;0;0;0;0
FR;10;2022-10-06;0;0;0;0;0;0;0;0;0;0;0;0;0;0;0;0;0;0
FR;10;2022-10-07;0;0;0;0;0;0;0;0;0;0;0;0;0;0;0;0;0;0
FR;10;2022-10-08;0;0;0;0;0;0;0;0;0;0;0;0;0;0;0;0;0;0
FR;10;2022-10-09;0;0;0;0;0;0;0;0;0;0;0;0;0;0;0;0;0;0
FR;10;2022-10-10;0;0;0;0;0;0;0;0;0;0;0;0;0;0;0;0;0;0
FR;10;2022-10-11;0;0;0;0;0;0;0;0;0;0;0;0;0;0;0;0;0;0
FR;10;2022-10-12;0;0;0;0;0;0;0;0;0;0;0;0;0;0;0;0;0;0
FR;10;2022-10-13;0;0;0;0;0;0;0;0;0;0;0;0;0;0;0;0;0;0
FR;10;2022-10-14;0;0;0;0;0;0;0;0;0;0;0;0;0;0;0;0;0;0
FR;10;2022-10-15;0;0;0;0;0;0;0;0;0;0;0;0;0;0;0;0;0;0
FR;10;2022-10-16;0;0;0;0;0;0;0;0;0;0;0;0;0;0;0;0;0;0
FR;10;2022-10-17;0;0;0;0;0;0;0;0;0;0;0;0;0;0;0;0;0;0
FR;10;2022-10-18;0;0;0;0;0;0;0;0;0;0;0;0;0;0;0;0;0;0
FR;10;2022-10-19;0;0;0;0;0;0;0;0;0;0;0;0;0;0;0;0;0;0
FR;10;2022-10-20;0;0;0;0;0;0;0;0;0;0;0;0;0;0;0;0;0;0
FR;10;2022-10-21;0;0;0;0;0;0;0;0;0;0;0;0;0;0;0;0;0;0
FR;10;2022-10-22;0;0;0;0;0;0;0;0;0;0;0;0;0;0;0;0;0;0
FR;10;2022-10-23;0;0;0;0;0;0;0;0;0;0;0;0;0;0;0;0;0;0
FR;10;2022-10-24;0;0;0;0;0;0;0;0;0;0;0;0;0;0;0;0;0;0
FR;10;2022-10-25;0;0;0;0;0;0;0;0;0;0;0;0;0;0;0;0;0;0
FR;10;2022-10-26;0;0;0;0;0;0;0;0;0;0;0;0;0;0;0;0;0;0
FR;10;2022-10-27;0;0;0;0;0;0;0;0;0;0;0;0;0;0;0;0;0;0
FR;10;2022-10-28;0;0;0;0;0;0;0;0;0;0;0;0;0;0;0;0;0;0
FR;10;2022-10-29;0;0;0;0;0;0;0;0;0;0;0;0;0;0;0;0;0;0
FR;10;2022-10-30;0;0;0;0;0;0;0;0;0;0;0;0;0;0;0;0;0;0
FR;10;2022-10-31;0;0;0;0;0;0;0;0;0;0;0;0;0;0;0;0;0;0
FR;10;2022-11-01;0;0;0;0;0;0;0;0;0;0;0;0;0;0;0;0;0;0
FR;10;2022-11-02;0;0;0;0;0;0;0;0;0;0;0;0;0;0;0;0;0;0
FR;10;2022-11-03;0;0;0;0;0;0;0;0;0;0;0;0;0;0;0;0;0;0
FR;10;2022-11-04;0;0;0;0;0;0;0;0;0;0;0;0;0;0;0;0;0;0
FR;10;2022-11-05;0;0;0;0;0;0;0;0;0;0;0;0;0;0;0;0;0;0
FR;10;2022-11-06;0;0;0;0;0;0;0;0;0;0;0;0;0;0;0;0;0;0
FR;10;2022-11-07;0;0;0;0;0;0;0;0;0;0;0;0;0;0;0;0;0;0
FR;10;2022-11-08;0;0;0;0;0;0;0;0;0;0;0;0;0;0;0;0;0;0
FR;10;2022-11-09;0;0;0;0;0;0;0;0;0;0;0;0;0;0;0;0;0;0
FR;10;2022-11-10;0;0;0;0;0;0;0;0;0;0;0;0;0;0;0;0;0;0
FR;10;2022-11-11;0;0;0;0;0;0;0;0;0;0;0;0;0;0;0;0;0;0
FR;10;2022-11-12;0;0;0;0;0;0;0;0;0;0;0;0;0;0;0;0;0;0
FR;10;2022-11-13;0;0;0;0;0;0;0;0;0;0;0;0;0;0;0;0;0;0
FR;10;2022-11-14;0;0;0;0;0;0;0;0;0;0;0;0;0;0;0;0;0;0
FR;10;2022-11-15;0;0;0;0;0;0;0;0;0;0;0;0;0;0;0;0;0;0
FR;10;2022-11-16;0;0;0;0;0;0;0;0;0;0;0;0;0;0;0;0;0;0
FR;10;2022-11-17;0;0;0;0;0;0;0;0;0;0;0;0;0;0;0;0;0;0
FR;10;2022-11-18;0;0;0;0;0;0;0;0;0;0;0;0;0;0;0;0;0;0
FR;10;2022-11-19;0;0;0;0;0;0;0;0;0;0;0;0;0;0;0;0;0;0
FR;10;2022-11-20;0;0;0;0;0;0;0;0;0;0;0;0;0;0;0;0;0;0
FR;10;2022-11-21;0;0;0;0;0;0;0;0;0;0;0;0;0;0;0;0;0;0
FR;10;2022-11-22;0;0;0;0;0;0;0;0;0;0;0;0;0;0;0;0;0;0
FR;10;2022-11-23;0;0;0;0;0;0;0;0;0;0;0;0;0;0;0;0;0;0
FR;10;2022-11-24;0;0;0;0;0;0;0;0;0;0;0;0;0;0;0;0;0;0
FR;10;2022-11-25;0;0;0;0;0;0;0;0;0;0;0;0;0;0;0;0;0;0
FR;10;2022-11-26;0;0;0;0;0;0;0;0;0;0;0;0;0;0;0;0;0;0
FR;10;2022-11-27;0;0;0;0;0;0;0;0;0;0;0;0;0;0;0;0;0;0
FR;10;2022-11-28;0;0;0;0;0;0;0;0;0;0;0;0;0;0;0;0;0;0
FR;10;2022-11-29;0;0;0;0;0;0;0;0;0;0;0;0;0;0;0;0;0;0
FR;10;2022-11-30;0;0;0;0;0;0;0;0;0;0;0;0;0;0;0;0;0;0
FR;10;2022-12-01;0;0;0;0;0;0;0;0;0;0;0;0;0;0;0;0;0;0
FR;10;2022-12-02;0;0;0;0;0;0;0;0;0;0;0;0;0;0;0;0;0;0
FR;10;2022-12-03;0;0;0;0;0;0;0;0;0;0;0;0;0;0;0;0;0;0
FR;10;2022-12-04;0;0;0;0;0;0;0;0;0;0;0;0;0;0;0;0;0;0
FR;10;2022-12-05;0;0;0;0;0;0;0;0;0;0;0;0;0;0;0;0;0;0
FR;10;2022-12-06;0;0;0;0;0;0;0;0;0;0;0;0;0;0;0;0;0;0
FR;10;2022-12-07;0;0;0;0;0;0;0;0;0;0;0;0;0;0;0;0;0;0
FR;10;2022-12-08;0;0;0;0;0;0;0;0;0;0;0;0;0;0;0;0;0;0
FR;10;2022-12-09;0;0;0;0;0;0;0;0;0;0;0;0;0;0;0;0;0;0
FR;10;2022-12-10;0;0;0;0;0;0;0;0;0;0;0;0;0;0;0;0;0;0
FR;10;2022-12-11;0;0;0;0;0;0;0;0;0;0;0;0;0;0;0;0;0;0
FR;10;2022-12-12;0;0;0;0;0;0;0;0;0;0;0;0;0;0;0;0;0;0
FR;10;2022-12-13;0;0;0;0;0;0;0;0;0;0;0;0;0;0;0;0;0;0
FR;10;2022-12-14;0;0;0;0;0;0;0;0;0;0;0;0;0;0;0;0;0;0
FR;10;2022-12-15;0;0;0;0;0;0;0;0;0;0;0;0;0;0;0;0;0;0
FR;10;2022-12-16;0;0;0;0;0;0;0;0;0;0;0;0;0;0;0;0;0;0
FR;10;2022-12-17;0;0;0;0;0;0;0;0;0;0;0;0;0;0;0;0;0;0
FR;10;2022-12-18;0;0;0;0;0;0;0;0;0;0;0;0;0;0;0;0;0;0
FR;10;2022-12-19;0;0;0;0;0;0;0;0;0;0;0;0;0;0;0;0;0;0
FR;10;2022-12-20;0;0;0;0;0;0;0;0;0;0;0;0;0;0;0;0;0;0
FR;10;2022-12-21;0;0;1;0;0;1;0;0;0;0;0;1;0;0;1;0;0;0
FR;10;2022-12-22;0;0;0;1;0;0;1;0;0;0;0;1;1;0;1;1;0;0
FR;10;2022-12-23;0;0;1;14;0;2;14;0;7;0;0;2;15;0;3;15;0;7
FR;10;2022-12-24;0;0;0;3;0;0;3;0;1;0;0;2;18;0;3;18;0;8
FR;10;2022-12-25;0;0;0;0;0;0;0;0;0;0;0;2;18;0;3;18;0;8
FR;10;2022-12-26;3;1;11;35;0;8;39;0;5;3;1;13;53;0;11;57;0;13
FR;10;2022-12-27;1;1;14;35;1;11;38;0;10;4;2;27;88;1;22;95;0;23
FR;10;2022-12-28;0;0;2;15;0;1;14;0;3;4;2;29;103;1;23;109;0;26
FR;10;2022-12-29;0;0;6;48;0;1;48;0;17;4;2;35;151;1;24;157;0;43
FR;10;2022-12-30;0;1;5;33;0;8;31;0;6;4;3;40;184;1;32;188;0;49
FR;10;2022-12-31;0;0;3;12;0;4;10;0;4;4;3;43;196;1;36;198;0;53
FR;10;2023-01-01;0;0;1;6;0;0;7;0;2;4;3;44;202;1;36;205;0;55
FR;10;2023-01-02;0;4;4;37;1;6;36;0;21;4;7;48;239;2;42;241;0;76
FR;10;2023-01-03;1;2;6;63;2;5;64;0;25;5;9;54;302;4;47;305;0;101
FR;10;2023-01-04;0;1;7;52;0;6;53;0;53;5;10;61;354;4;53;358;0;154
FR;10;2023-01-05;1;2;16;74;0;12;76;0;37;6;12;77;428;4;65;434;0;191
FR;10;2023-01-06;2;3;16;107;2;13;107;0;52;8;15;93;535;6;78;541;0;243
FR;10;2023-01-07;3;1;3;41;1;3;40;0;13;11;16;96;576;7;81;581;0;256
FR;10;2023-01-08;1;0;0;9;0;0;7;0;5;12;16;96;585;7;81;588;0;261
FR;10;2023-01-09;3;2;7;67;1;7;66;0;26;15;18;103;652;8;88;654;0;287
FR;10;2023-01-10;6;1;21;118;0;13;124;0;57;21;19;124;770;8;101;778;0;344
FR;10;2023-01-11;5;4;19;77;1;16;79;0;38;26;23;143;847;9;117;857;0;382
FR;10;2023-01-12;13;1;7;77;2;3;80;0;51;39;24;150;924;11;120;937;0;433
FR;10;2023-01-13;0;6;15;122;1;8;129;0;77;39;30;165;1046;12;128;1066;0;510
FR;10;2023-01-14;2;1;8;43;0;5;47;0;3;41;31;173;1089;12;133;1113;0;513
FR;10;2023-01-15;0;0;2;10;0;1;7;0;8;41;31;175;1099;12;134;1120;0;521
FR;10;2023-01-16;0;1;11;70;1;7;73;0;68;41;32;186;1169;13;141;1193;0;589
FR;10;2023-01-17;0;7;22;109;2;11;118;0;61;41;39;208;1278;15;152;1311;0;650
FR;10;2023-01-18;2;1;13;92;1;9;104;0;15;43;40;221;1370;16;161;1415;0;665
FR;10;2023-01-19;6;6;24;142;3;22;135;0;56;49;46;245;1512;19;183;1550;0;721
FR;10;2023-01-20;2;1;11;111;0;9;106;0;73;51;47;256;1623;19;192;1656;0;794
FR;10;2023-01-21;2;1;5;26;0;5;23;0;15;53;48;261;1649;19;197;1679;0;809
FR;10;2023-01-22;0;0;0;5;0;0;5;0;0;53;48;261;1654;19;197;1684;0;809
FR;10;2023-01-23;1;2;5;62;1;5;59;0;23;54;50;266;1716;20;202;1743;0;832
FR;10;2023-01-24;6;6;27;148;2;19;152;0;75;60;56;293;1864;22;221;1895;0;907
FR;10;2023-01-25;2;1;9;81;1;5;82;0;55;62;57;302;1945;23;226;1977;0;962
FR;10;2023-01-26;4;5;33;147;1;22;159;0;52;66;62;335;2092;24;248;2136;0;1014
FR;10;2023-01-27;1;1;16;117;1;6;118;0;78;67;63;351;2209;25;254;2254;0;1092
FR;10;2023-01-28;0;1;3;18;1;1;21;0;15;67;64;354;2227;26;255;2275;0;1107
FR;10;2023-01-29;0;0;1;0;0;1;0;0;1;67;64;355;2227;26;256;2275;0;1108
FR;10;2023-01-30;2;1;11;60;1;5;63;0;40;69;65;366;2287;27;261;2338;0;1148
FR;10;2023-01-31;5;2;24;121;3;17;121;0;51;74;67;390;2408;30;278;2459;0;1199
FR;10;2023-02-01;0;2;11;49;2;10;49;0;28;74;69;401;2457;32;288;2508;0;1227
FR;10;2023-02-02;3;0;21;104;0;16;108;0;48;77;69;422;2561;32;304;2616;0;1275
FR;10;2023-02-03;6;5;18;48;4;11;51;0;64;83;74;440;2609;36;315;2667;0;1339
FR;10;2023-02-04;1;0;1;8;0;0;10;0;6;84;74;441;2617;36;315;2677;0;1345
FR;10;2023-02-05;7;1;2;3;2;1;4;0;5;91;75;443;2620;38;316;2681;0;1350
FR;10;2023-02-06;1;0;9;28;0;8;22;0;46;92;75;452;2648;38;324;2703;0;1396
FR;10;2023-02-07;2;2;2;12;1;3;12;0;13;94;77;454;2660;39;327;2715;0;1409
FR;10;2023-02-08;1;3;3;15;2;4;15;0;12;95;80;457;2675;41;331;2730;0;1421
FR;10;2023-02-09;2;1;11;91;2;7;97;0;41;97;81;468;2766;43;338;2827;0;1462
FR;10;2023-02-10;8;3;12;29;0;6;37;0;25;105;84;480;2795;43;344;2864;0;1487
FR;10;2023-02-11;1;0;2;2;0;2;2;0;1;106;84;482;2797;43;346;2866;0;1488
FR;10;2023-02-12;1;1;0;0;1;0;0;0;0;107;85;482;2797;44;346;2866;0;1488
FR;10;2023-02-13;3;1;9;15;0;7;18;0;10;110;86;491;2812;44;353;2884;0;1498
FR;10;2023-02-14;2;4;11;49;3;9;50;0;17;112;90;502;2861;47;362;2934;0;1515
FR;10;2023-02-15;7;3;2;10;2;3;8;0;8;119;93;504;2871;49;365;2942;0;1523
FR;10;2023-02-16;0;0;8;17;0;5;18;0;8;119;93;512;2888;49;370;2960;0;1531
FR;10;2023-02-17;13;5;7;28;5;2;22;0;17;132;98;519;2916;54;372;2982;0;1548
FR;10;2023-02-18;2;0;3;11;0;3;10;0;6;134;98;522;2927;54;375;2992;0;1554
FR;10;2023-02-19;0;0;0;0;0;0;0;0;0;134;98;522;2927;54;375;2992;0;1554
FR;10;2023-02-20;2;1;2;25;1;1;23;0;23;136;99;524;2952;55;376;3015;0;1577
FR;10;2023-02-21;2;3;12;27;1;6;35;0;30;138;102;536;2979;56;382;3050;0;1607
FR;10;2023-02-22;5;4;2;7;3;3;6;0;1;143;106;538;2986;59;385;3056;0;1608
FR;10;2023-02-23;3;2;17;31;2;14;37;0;12;146;108;555;3017;61;399;3093;0;1620
FR;10;2023-02-24;1;2;8;27;0;5;27;0;29;147;110;563;3044;61;404;3120;0;1649
FR;10;2023-02-25;0;0;2;3;0;2;3;0;7;147;110;565;3047;61;406;3123;0;1656
FR;10;2023-02-26;0;0;0;0;0;0;0;0;0;147;110;565;3047;61;406;3123;0;1656
FR;10;2023-02-27;3;3;3;20;4;3;21;0;15;150;113;568;3067;65;409;3144;0;1671
FR;10;2023-02-28;3;2;3;10;2;1;11;0;10;153;115;571;3077;67;410;3155;0;1681
FR;10;2023-03-01;2;6;34;12;6;33;12;0;14;155;121;605;3089;73;443;3167;0;1695
FR;10;2023-03-02;2;1;10;22;2;6;22;0;31;157;122;615;3111;75;449;3189;0;1726
FR;10;2023-03-03;7;2;5;21;0;6;20;0;18;164;124;620;3132;75;455;3209;0;1744
FR;10;2023-03-04;0;1;0;6;1;0;6;0;2;164;125;620;3138;76;455;3215;0;1746
FR;10;2023-03-05;0;0;0;1;0;0;0;0;2;164;125;620;3139;76;455;3215;0;1748
FR;10;2023-03-06;2;2;8;8;3;7;9;0;8;166;127;628;3147;79;462;3224;0;1756
FR;10;2023-03-07;2;3;0;11;1;2;11;0;8;168;130;628;3158;80;464;3235;0;1764
FR;10;2023-03-08;1;4;4;20;3;3;22;0;9;169;134;632;3178;83;467;3257;0;1773
FR;10;2023-03-09;0;3;1;9;1;2;8;0;8;169;137;633;3187;84;469;3265;0;1781
FR;10;2023-03-10;1;2;1;8;2;1;9;0;9;170;139;634;3195;86;470;3274;0;1790
FR;10;2023-03-11;2;1;5;4;0;3;7;0;2;172;140;639;3199;86;473;3281;0;1792
FR;10;2023-03-12;0;0;0;0;0;0;0;0;0;172;140;639;3199;86;473;3281;0;1792
FR;10;2023-03-13;0;2;2;3;2;2;3;0;5;172;142;641;3202;88;475;3284;0;1797
FR;10;2023-03-14;2;0;6;25;0;4;27;0;21;174;142;647;3227;88;479;3311;0;1818
FR;10;2023-03-15;0;2;5;5;1;7;4;0;6;174;144;652;3232;89;486;3315;0;1824
FR;10;2023-03-16;3;1;7;12;0;5;15;0;11;177;145;659;3244;89;491;3330;0;1835
FR;10;2023-03-17;3;5;8;18;4;4;22;0;19;180;150;667;3262;93;495;3352;0;1854
FR;10;2023-03-18;0;1;1;3;0;2;2;0;3;180;151;668;3265;93;497;3354;0;1857
FR;10;2023-03-19;6;0;0;0;0;0;0;0;0;186;151;668;3265;93;497;3354;0;1857
FR;10;2023-03-20;5;4;0;12;3;1;13;0;12;191;155;668;3277;96;498;3367;0;1869
FR;10;2023-03-21;1;2;2;7;0;3;9;0;14;192;157;670;3284;96;501;3376;0;1883
FR;10;2023-03-22;0;0;3;4;0;3;3;0;3;192;157;673;3288;96;504;3379;0;1886
FR;10;2023-03-23;9;9;4;6;9;1;8;0;13;201;166;677;3294;105;505;3387;0;1899
FR;10;2023-03-24;3;3;2;14;2;1;10;0;17;204;169;679;3308;107;506;3397;0;1916
FR;10;2023-03-25;1;3;0;4;1;3;5;0;8;205;172;679;3312;108;509;3402;0;1924
FR;10;2023-03-26;1;1;0;0;1;0;0;0;0;206;173;679;3312;109;509;3402;0;1924
FR;10;2023-03-27;0;2;3;4;2;3;2;0;16;206;175;682;3316;111;512;3404;0;1940
FR;10;2023-03-28;9;8;3;5;8;1;6;0;6;215;183;685;3321;119;513;3410;0;1946
FR;10;2023-03-29;7;7;3;2;6;4;2;0;6;222;190;688;3323;125;517;3412;0;1952
FR;10;2023-03-30;16;13;3;7;13;2;8;0;6;238;203;691;3330;138;519;3420;0;1958
FR;10;2023-03-31;8;6;4;12;5;4;13;0;19;246;209;695;3342;143;523;3433;0;1977
FR;10;2023-04-01;9;8;1;0;8;1;0;0;0;255;217;696;3342;151;524;3433;0;1977
FR;10;2023-04-02;1;0;0;0;0;0;0;0;1;256;217;696;3342;151;524;3433;0;1978
FR;10;2023-04-03;2;1;0;3;1;0;2;0;5;258;218;696;3345;152;524;3435;0;1983
FR;10;2023-04-04;0;1;0;3;1;0;3;0;5;258;219;696;3348;153;524;3438;0;1988
FR;10;2023-04-05;0;0;2;1;0;2;3;0;2;258;219;698;3349;153;526;3441;0;1990
FR;10;2023-04-06;2;2;4;4;2;1;7;0;2;260;221;702;3353;155;527;3448;0;1992
FR;10;2023-04-07;3;0;2;3;0;1;3;0;9;263;221;704;3356;155;528;3451;0;2001
FR;10;2023-04-08;0;0;1;0;0;1;0;0;0;263;221;705;3356;155;529;3451;0;2001
FR;10;2023-04-09;0;0;0;0;0;0;0;0;0;263;221;705;3356;155;529;3451;0;2001
FR;10;2023-04-10;0;0;2;0;0;0;2;0;0;263;221;707;3356;155;529;3453;0;2001
FR;10;2023-04-11;1;0;1;3;0;1;2;0;3;264;221;708;3359;155;530;3455;0;2004
FR;10;2023-04-12;0;0;2;1;0;1;2;0;4;264;221;710;3360;155;531;3457;0;2008
FR;10;2023-04-13;0;1;0;5;1;0;5;0;5;264;222;710;3365;156;531;3462;0;2013
FR;10;2023-04-14;3;0;1;7;0;1;4;0;5;267;222;711;3372;156;532;3466;0;2018
FR;10;2023-04-15;0;1;1;3;1;0;4;0;0;267;223;712;3375;157;532;3470;0;2018
FR;10;2023-04-16;0;0;0;2;0;0;2;0;0;267;223;712;3377;157;532;3472;0;2018
FR;10;2023-04-17;1;2;2;0;1;2;0;0;0;268;225;714;3377;158;534;3472;0;2018
FR;10;2023-04-18;2;2;1;3;2;1;0;0;2;270;227;715;3380;160;535;3472;0;2020
FR;10;2023-04-19;0;0;1;0;0;1;0;0;1;270;227;716;3380;160;536;3472;0;2021
FR;10;2023-04-20;0;2;1;1;1;2;1;0;2;270;229;717;3381;161;538;3473;0;2023
FR;10;2023-04-21;0;1;5;7;0;4;9;0;3;270;230;722;3388;161;542;3482;0;2026
FR;10;2023-04-22;1;1;0;2;1;0;2;0;1;271;231;722;3390;162;542;3484;0;2027
FR;10;2023-04-23;0;0;0;0;0;0;0;0;0;271;231;722;3390;162;542;3484;0;2027
FR;10;2023-04-24;0;1;0;0;1;0;0;0;4;271;232;722;3390;163;542;3484;0;2031
FR;10;2023-04-25;0;0;1;0;0;1;0;0;2;271;232;723;3390;163;543;3484;0;2033
FR;10;2023-04-26;1;0;2;1;1;2;1;0;1;272;232;725;3391;164;545;3485;0;2034
FR;10;2023-04-27;0;0;1;1;0;1;1;0;1;272;232;726;3392;164;546;3486;0;2035
FR;10;2023-04-28;0;1;2;5;1;0;5;0;6;272;233;728;3397;165;546;3491;0;2041
FR;10;2023-04-29;0;0;0;1;0;0;0;0;1;272;233;728;3398;165;546;3491;0;2042
FR;10;2023-04-30;0;0;0;0;0;0;0;0;0;272;233;728;3398;165;546;3491;0;2042
FR;10;2023-05-01;0;0;0;0;0;0;0;0;0;272;233;728;3398;165;546;3491;0;2042
FR;10;2023-05-02;2;1;0;2;2;0;2;0;4;274;234;728;3400;167;546;3493;0;2046
FR;10;2023-05-03;0;1;1;2;1;1;1;0;14;274;235;729;3402;168;547;3494;0;2060
FR;11;2020-12-27;0;0;0;0;0;0;0;0;0;0;0;0;0;0;0;0;0;0
FR;11;2020-12-28;0;0;0;0;0;0;0;0;0;0;0;0;0;0;0;0;0;0
FR;11;2020-12-29;0;0;0;0;0;0;0;0;0;0;0;0;0;0;0;0;0;0
FR;11;2020-12-30;0;0;0;0;0;0;0;0;0;0;0;0;0;0;0;0;0;0
FR;11;2020-12-31;0;0;0;0;0;0;0;0;0;0;0;0;0;0;0;0;0;0
FR;11;2021-01-01;0;0;0;0;0;0;0;0;0;0;0;0;0;0;0;0;0;0
FR;11;2021-01-02;0;0;0;0;0;0;0;0;0;0;0;0;0;0;0;0;0;0
FR;11;2021-01-03;0;0;0;0;0;0;0;0;0;0;0;0;0;0;0;0;0;0
FR;11;2021-01-04;0;0;0;0;0;0;0;0;0;0;0;0;0;0;0;0;0;0
FR;11;2021-01-05;0;0;0;0;0;0;0;0;0;0;0;0;0;0;0;0;0;0
FR;11;2021-01-06;0;0;0;0;0;0;0;0;0;0;0;0;0;0;0;0;0;0
FR;11;2021-01-07;0;0;0;0;0;0;0;0;0;0;0;0;0;0;0;0;0;0
FR;11;2021-01-08;0;0;0;0;0;0;0;0;0;0;0;0;0;0;0;0;0;0
FR;11;2021-01-09;0;0;0;0;0;0;0;0;0;0;0;0;0;0;0;0;0;0
FR;11;2021-01-10;0;0;0;0;0;0;0;0;0;0;0;0;0;0;0;0;0;0
FR;11;2021-01-11;0;0;0;0;0;0;0;0;0;0;0;0;0;0;0;0;0;0
FR;11;2021-01-12;0;0;0;0;0;0;0;0;0;0;0;0;0;0;0;0;0;0
FR;11;2021-01-13;0;0;0;0;0;0;0;0;0;0;0;0;0;0;0;0;0;0
FR;11;2021-01-14;0;0;0;0;0;0;0;0;0;0;0;0;0;0;0;0;0;0
FR;11;2021-01-15;0;0;0;0;0;0;0;0;0;0;0;0;0;0;0;0;0;0
FR;11;2021-01-16;0;0;0;0;0;0;0;0;0;0;0;0;0;0;0;0;0;0
FR;11;2021-01-17;0;0;0;0;0;0;0;0;0;0;0;0;0;0;0;0;0;0
FR;11;2021-01-18;0;0;0;0;0;0;0;0;0;0;0;0;0;0;0;0;0;0
FR;11;2021-01-19;0;0;0;0;0;0;0;0;0;0;0;0;0;0;0;0;0;0
FR;11;2021-01-20;0;0;0;0;0;0;0;0;0;0;0;0;0;0;0;0;0;0
FR;11;2021-01-21;0;0;0;0;0;0;0;0;0;0;0;0;0;0;0;0;0;0
FR;11;2021-01-22;0;0;0;0;0;0;0;0;0;0;0;0;0;0;0;0;0;0
FR;11;2021-01-23;0;0;0;0;0;0;0;0;0;0;0;0;0;0;0;0;0;0
FR;11;2021-01-24;0;0;0;0;0;0;0;0;0;0;0;0;0;0;0;0;0;0
FR;11;2021-01-25;0;0;0;0;0;0;0;0;0;0;0;0;0;0;0;0;0;0
FR;11;2021-01-26;0;0;0;0;0;0;0;0;0;0;0;0;0;0;0;0;0;0
FR;11;2021-01-27;0;0;0;0;0;0;0;0;0;0;0;0;0;0;0;0;0;0
FR;11;2021-01-28;0;0;0;0;0;0;0;0;0;0;0;0;0;0;0;0;0;0
FR;11;2021-01-29;0;0;0;0;0;0;0;0;0;0;0;0;0;0;0;0;0;0
FR;11;2021-01-30;0;0;0;0;0;0;0;0;0;0;0;0;0;0;0;0;0;0
FR;11;2021-01-31;0;0;0;0;0;0;0;0;0;0;0;0;0;0;0;0;0;0
FR;11;2021-02-01;0;0;0;0;0;0;0;0;0;0;0;0;0;0;0;0;0;0
FR;11;2021-02-02;0;0;0;0;0;0;0;0;0;0;0;0;0;0;0;0;0;0
FR;11;2021-02-03;0;0;0;0;0;0;0;0;0;0;0;0;0;0;0;0;0;0
FR;11;2021-02-04;0;0;0;0;0;0;0;0;0;0;0;0;0;0;0;0;0;0
FR;11;2021-02-05;0;0;0;0;0;0;0;0;0;0;0;0;0;0;0;0;0;0
FR;11;2021-02-06;0;0;0;0;0;0;0;0;0;0;0;0;0;0;0;0;0;0
FR;11;2021-02-07;0;0;0;0;0;0;0;0;0;0;0;0;0;0;0;0;0;0
FR;11;2021-02-08;0;0;0;0;0;0;0;0;0;0;0;0;0;0;0;0;0;0
FR;11;2021-02-09;0;0;0;0;0;0;0;0;0;0;0;0;0;0;0;0;0;0
FR;11;2021-02-10;0;0;0;0;0;0;0;0;0;0;0;0;0;0;0;0;0;0
FR;11;2021-02-11;0;0;0;0;0;0;0;0;0;0;0;0;0;0;0;0;0;0
FR;11;2021-02-12;0;0;0;0;0;0;0;0;0;0;0;0;0;0;0;0;0;0
FR;11;2021-02-13;0;0;0;0;0;0;0;0;0;0;0;0;0;0;0;0;0;0
FR;11;2021-02-14;0;0;0;0;0;0;0;0;0;0;0;0;0;0;0;0;0;0
FR;11;2021-02-15;0;0;0;0;0;0;0;0;0;0;0;0;0;0;0;0;0;0
FR;11;2021-02-16;0;0;0;0;0;0;0;0;0;0;0;0;0;0;0;0;0;0
FR;11;2021-02-17;0;0;0;0;0;0;0;0;0;0;0;0;0;0;0;0;0;0
FR;11;2021-02-18;0;0;0;0;0;0;0;0;0;0;0;0;0;0;0;0;0;0
FR;11;2021-02-19;0;0;0;0;0;0;0;0;0;0;0;0;0;0;0;0;0;0
FR;11;2021-02-20;0;0;0;0;0;0;0;0;0;0;0;0;0;0;0;0;0;0
FR;11;2021-02-21;0;0;0;0;0;0;0;0;0;0;0;0;0;0;0;0;0;0
FR;11;2021-02-22;0;0;0;0;0;0;0;0;0;0;0;0;0;0;0;0;0;0
FR;11;2021-02-23;0;0;0;0;0;0;0;0;0;0;0;0;0;0;0;0;0;0
FR;11;2021-02-24;0;0;0;0;0;0;0;0;0;0;0;0;0;0;0;0;0;0
FR;11;2021-02-25;0;0;0;0;0;0;0;0;0;0;0;0;0;0;0;0;0;0
FR;11;2021-02-26;0;0;0;0;0;0;0;0;0;0;0;0;0;0;0;0;0;0
FR;11;2021-02-27;0;0;0;0;0;0;0;0;0;0;0;0;0;0;0;0;0;0
FR;11;2021-02-28;0;0;0;0;0;0;0;0;0;0;0;0;0;0;0;0;0;0
FR;11;2021-03-01;0;0;0;0;0;0;0;0;0;0;0;0;0;0;0;0;0;0
FR;11;2021-03-02;0;0;0;0;0;0;0;0;0;0;0;0;0;0;0;0;0;0
FR;11;2021-03-03;0;0;0;0;0;0;0;0;0;0;0;0;0;0;0;0;0;0
FR;11;2021-03-04;0;0;0;0;0;0;0;0;0;0;0;0;0;0;0;0;0;0
FR;11;2021-03-05;0;0;0;0;0;0;0;0;0;0;0;0;0;0;0;0;0;0
FR;11;2021-03-06;0;0;0;0;0;0;0;0;0;0;0;0;0;0;0;0;0;0
FR;11;2021-03-07;0;0;0;0;0;0;0;0;0;0;0;0;0;0;0;0;0;0
FR;11;2021-03-08;0;0;0;0;0;0;0;0;0;0;0;0;0;0;0;0;0;0
FR;11;2021-03-09;0;0;0;0;0;0;0;0;0;0;0;0;0;0;0;0;0;0
FR;11;2021-03-10;0;0;0;0;0;0;0;0;0;0;0;0;0;0;0;0;0;0
FR;11;2021-03-11;0;0;0;0;0;0;0;0;0;0;0;0;0;0;0;0;0;0
FR;11;2021-03-12;0;0;0;0;0;0;0;0;0;0;0;0;0;0;0;0;0;0
FR;11;2021-03-13;0;0;0;0;0;0;0;0;0;0;0;0;0;0;0;0;0;0
FR;11;2021-03-14;0;0;0;0;0;0;0;0;0;0;0;0;0;0;0;0;0;0
FR;11;2021-03-15;0;0;0;0;0;0;0;0;0;0;0;0;0;0;0;0;0;0
FR;11;2021-03-16;0;0;0;0;0;0;0;0;0;0;0;0;0;0;0;0;0;0
FR;11;2021-03-17;0;0;0;0;0;0;0;0;0;0;0;0;0;0;0;0;0;0
FR;11;2021-03-18;0;0;0;0;0;0;0;0;0;0;0;0;0;0;0;0;0;0
FR;11;2021-03-19;0;0;0;0;0;0;0;0;0;0;0;0;0;0;0;0;0;0
FR;11;2021-03-20;0;0;0;0;0;0;0;0;0;0;0;0;0;0;0;0;0;0
FR;11;2021-03-21;0;0;0;0;0;0;0;0;0;0;0;0;0;0;0;0;0;0
FR;11;2021-03-22;0;0;0;0;0;0;0;0;0;0;0;0;0;0;0;0;0;0
FR;11;2021-03-23;0;0;0;0;0;0;0;0;0;0;0;0;0;0;0;0;0;0
FR;11;2021-03-24;0;0;0;0;0;0;0;0;0;0;0;0;0;0;0;0;0;0
FR;11;2021-03-25;0;0;0;0;0;0;0;0;0;0;0;0;0;0;0;0;0;0
FR;11;2021-03-26;0;0;0;0;0;0;0;0;0;0;0;0;0;0;0;0;0;0
FR;11;2021-03-27;0;0;0;0;0;0;0;0;0;0;0;0;0;0;0;0;0;0
FR;11;2021-03-28;0;0;0;0;0;0;0;0;0;0;0;0;0;0;0;0;0;0
FR;11;2021-03-29;0;0;0;0;0;0;0;0;0;0;0;0;0;0;0;0;0;0
FR;11;2021-03-30;0;0;0;0;0;0;0;0;0;0;0;0;0;0;0;0;0;0
FR;11;2021-03-31;0;0;0;0;0;0;0;0;0;0;0;0;0;0;0;0;0;0
FR;11;2021-04-01;0;0;0;0;0;0;0;0;0;0;0;0;0;0;0;0;0;0
FR;11;2021-04-02;0;0;0;0;0;0;0;0;0;0;0;0;0;0;0;0;0;0
FR;11;2021-04-03;0;0;0;0;0;0;0;0;0;0;0;0;0;0;0;0;0;0
FR;11;2021-04-04;0;0;0;0;0;0;0;0;0;0;0;0;0;0;0;0;0;0
FR;11;2021-04-05;0;0;0;0;0;0;0;0;0;0;0;0;0;0;0;0;0;0
FR;11;2021-04-06;0;0;0;0;0;0;0;0;0;0;0;0;0;0;0;0;0;0
FR;11;2021-04-07;0;0;0;0;0;0;0;0;0;0;0;0;0;0;0;0;0;0
FR;11;2021-04-08;0;0;0;0;0;0;0;0;0;0;0;0;0;0;0;0;0;0
FR;11;2021-04-09;0;0;0;0;0;0;0;0;0;0;0;0;0;0;0;0;0;0
FR;11;2021-04-10;0;0;0;0;0;0;0;0;0;0;0;0;0;0;0;0;0;0
FR;11;2021-04-11;0;0;0;0;0;0;0;0;0;0;0;0;0;0;0;0;0;0
FR;11;2021-04-12;0;0;0;0;0;0;0;0;0;0;0;0;0;0;0;0;0;0
FR;11;2021-04-13;0;0;0;0;0;0;0;0;0;0;0;0;0;0;0;0;0;0
FR;11;2021-04-14;0;0;0;0;0;0;0;0;0;0;0;0;0;0;0;0;0;0
FR;11;2021-04-15;0;0;0;0;0;0;0;0;0;0;0;0;0;0;0;0;0;0
FR;11;2021-04-16;0;0;0;0;0;0;0;0;0;0;0;0;0;0;0;0;0;0
FR;11;2021-04-17;0;0;0;0;0;0;0;0;0;0;0;0;0;0;0;0;0;0
FR;11;2021-04-18;0;0;0;0;0;0;0;0;0;0;0;0;0;0;0;0;0;0
FR;11;2021-04-19;0;0;0;0;0;0;0;0;0;0;0;0;0;0;0;0;0;0
FR;11;2021-04-20;0;0;0;0;0;0;0;0;0;0;0;0;0;0;0;0;0;0
FR;11;2021-04-21;0;0;0;0;0;0;0;0;0;0;0;0;0;0;0;0;0;0
FR;11;2021-04-22;0;0;0;0;0;0;0;0;0;0;0;0;0;0;0;0;0;0
FR;11;2021-04-23;0;0;0;0;0;0;0;0;0;0;0;0;0;0;0;0;0;0
FR;11;2021-04-24;0;0;0;0;0;0;0;0;0;0;0;0;0;0;0;0;0;0
FR;11;2021-04-25;0;0;0;0;0;0;0;0;0;0;0;0;0;0;0;0;0;0
FR;11;2021-04-26;0;0;0;0;0;0;0;0;0;0;0;0;0;0;0;0;0;0
FR;11;2021-04-27;0;0;0;0;0;0;0;0;0;0;0;0;0;0;0;0;0;0
FR;11;2021-04-28;0;0;0;0;0;0;0;0;0;0;0;0;0;0;0;0;0;0
FR;11;2021-04-29;0;0;0;0;0;0;0;0;0;0;0;0;0;0;0;0;0;0
FR;11;2021-04-30;0;0;0;0;0;0;0;0;0;0;0;0;0;0;0;0;0;0
FR;11;2021-05-01;0;0;0;0;0;0;0;0;0;0;0;0;0;0;0;0;0;0
FR;11;2021-05-02;0;0;0;0;0;0;0;0;0;0;0;0;0;0;0;0;0;0
FR;11;2021-05-03;0;0;0;0;0;0;0;0;0;0;0;0;0;0;0;0;0;0
FR;11;2021-05-04;0;0;0;0;0;0;0;0;0;0;0;0;0;0;0;0;0;0
FR;11;2021-05-05;0;0;0;0;0;0;0;0;0;0;0;0;0;0;0;0;0;0
FR;11;2021-05-06;0;0;0;0;0;0;0;0;0;0;0;0;0;0;0;0;0;0
FR;11;2021-05-07;0;0;0;0;0;0;0;0;0;0;0;0;0;0;0;0;0;0
FR;11;2021-05-08;0;0;0;0;0;0;0;0;0;0;0;0;0;0;0;0;0;0
FR;11;2021-05-09;0;0;0;0;0;0;0;0;0;0;0;0;0;0;0;0;0;0
FR;11;2021-05-10;0;0;0;0;0;0;0;0;0;0;0;0;0;0;0;0;0;0
FR;11;2021-05-11;0;0;0;0;0;0;0;0;0;0;0;0;0;0;0;0;0;0
FR;11;2021-05-12;0;0;0;0;0;0;0;0;0;0;0;0;0;0;0;0;0;0
FR;11;2021-05-13;0;0;0;0;0;0;0;0;0;0;0;0;0;0;0;0;0;0
FR;11;2021-05-14;0;0;0;0;0;0;0;0;0;0;0;0;0;0;0;0;0;0
FR;11;2021-05-15;0;0;0;0;0;0;0;0;0;0;0;0;0;0;0;0;0;0
FR;11;2021-05-16;0;0;0;0;0;0;0;0;0;0;0;0;0;0;0;0;0;0
FR;11;2021-05-17;0;0;0;0;0;0;0;0;0;0;0;0;0;0;0;0;0;0
FR;11;2021-05-18;0;0;0;0;0;0;0;0;0;0;0;0;0;0;0;0;0;0
FR;11;2021-05-19;0;0;0;0;0;0;0;0;0;0;0;0;0;0;0;0;0;0
FR;11;2021-05-20;0;0;0;0;0;0;0;0;0;0;0;0;0;0;0;0;0;0
FR;11;2021-05-21;0;0;0;0;0;0;0;0;0;0;0;0;0;0;0;0;0;0
FR;11;2021-05-22;0;0;0;0;0;0;0;0;0;0;0;0;0;0;0;0;0;0
FR;11;2021-05-23;0;0;0;0;0;0;0;0;0;0;0;0;0;0;0;0;0;0
FR;11;2021-05-24;0;0;0;0;0;0;0;0;0;0;0;0;0;0;0;0;0;0
FR;11;2021-05-25;0;0;0;0;0;0;0;0;0;0;0;0;0;0;0;0;0;0
FR;11;2021-05-26;0;0;0;0;0;0;0;0;0;0;0;0;0;0;0;0;0;0
FR;11;2021-05-27;0;0;0;0;0;0;0;0;0;0;0;0;0;0;0;0;0;0
FR;11;2021-05-28;0;0;0;0;0;0;0;0;0;0;0;0;0;0;0;0;0;0
FR;11;2021-05-29;0;0;0;0;0;0;0;0;0;0;0;0;0;0;0;0;0;0
FR;11;2021-05-30;0;0;0;0;0;0;0;0;0;0;0;0;0;0;0;0;0;0
FR;11;2021-05-31;0;0;0;0;0;0;0;0;0;0;0;0;0;0;0;0;0;0
FR;11;2021-06-01;0;0;0;0;0;0;0;0;0;0;0;0;0;0;0;0;0;0
FR;11;2021-06-02;0;0;0;0;0;0;0;0;0;0;0;0;0;0;0;0;0;0
FR;11;2021-06-03;0;0;0;0;0;0;0;0;0;0;0;0;0;0;0;0;0;0
FR;11;2021-06-04;0;0;0;0;0;0;0;0;0;0;0;0;0;0;0;0;0;0
FR;11;2021-06-05;0;0;0;0;0;0;0;0;0;0;0;0;0;0;0;0;0;0
FR;11;2021-06-06;0;0;0;0;0;0;0;0;0;0;0;0;0;0;0;0;0;0
FR;11;2021-06-07;0;0;0;0;0;0;0;0;0;0;0;0;0;0;0;0;0;0
FR;11;2021-06-08;0;0;0;0;0;0;0;0;0;0;0;0;0;0;0;0;0;0
FR;11;2021-06-09;0;0;0;0;0;0;0;0;0;0;0;0;0;0;0;0;0;0
FR;11;2021-06-10;0;0;0;0;0;0;0;0;0;0;0;0;0;0;0;0;0;0
FR;11;2021-06-11;0;0;0;0;0;0;0;0;0;0;0;0;0;0;0;0;0;0
FR;11;2021-06-12;0;0;0;0;0;0;0;0;0;0;0;0;0;0;0;0;0;0
FR;11;2021-06-13;0;0;0;0;0;0;0;0;0;0;0;0;0;0;0;0;0;0
FR;11;2021-06-14;0;0;0;0;0;0;0;0;0;0;0;0;0;0;0;0;0;0
FR;11;2021-06-15;0;0;0;0;0;0;0;0;0;0;0;0;0;0;0;0;0;0
FR;11;2021-06-16;0;0;0;0;0;0;0;0;0;0;0;0;0;0;0;0;0;0
FR;11;2021-06-17;0;0;0;0;0;0;0;0;0;0;0;0;0;0;0;0;0;0
FR;11;2021-06-18;0;0;0;0;0;0;0;0;0;0;0;0;0;0;0;0;0;0
FR;11;2021-06-19;0;0;0;0;0;0;0;0;0;0;0;0;0;0;0;0;0;0
FR;11;2021-06-20;0;0;0;0;0;0;0;0;0;0;0;0;0;0;0;0;0;0
FR;11;2021-06-21;0;0;0;0;0;0;0;0;0;0;0;0;0;0;0;0;0;0
FR;11;2021-06-22;0;0;0;0;0;0;0;0;0;0;0;0;0;0;0;0;0;0
FR;11;2021-06-23;0;0;0;0;0;0;0;0;0;0;0;0;0;0;0;0;0;0
FR;11;2021-06-24;0;0;0;0;0;0;0;0;0;0;0;0;0;0;0;0;0;0
FR;11;2021-06-25;0;0;0;0;0;0;0;0;0;0;0;0;0;0;0;0;0;0
FR;11;2021-06-26;0;0;0;0;0;0;0;0;0;0;0;0;0;0;0;0;0;0
FR;11;2021-06-27;0;0;0;0;0;0;0;0;0;0;0;0;0;0;0;0;0;0
FR;11;2021-06-28;0;0;0;0;0;0;0;0;0;0;0;0;0;0;0;0;0;0
FR;11;2021-06-29;0;0;0;0;0;0;0;0;0;0;0;0;0;0;0;0;0;0
FR;11;2021-06-30;0;0;0;0;0;0;0;0;0;0;0;0;0;0;0;0;0;0
FR;11;2021-07-01;0;0;0;0;0;0;0;0;0;0;0;0;0;0;0;0;0;0
FR;11;2021-07-02;0;0;0;0;0;0;0;0;0;0;0;0;0;0;0;0;0;0
FR;11;2021-07-03;0;0;0;0;0;0;0;0;0;0;0;0;0;0;0;0;0;0
FR;11;2021-07-04;0;0;0;0;0;0;0;0;0;0;0;0;0;0;0;0;0;0
FR;11;2021-07-05;0;0;0;0;0;0;0;0;0;0;0;0;0;0;0;0;0;0
FR;11;2021-07-06;0;0;0;0;0;0;0;0;0;0;0;0;0;0;0;0;0;0
FR;11;2021-07-07;0;0;0;0;0;0;0;0;0;0;0;0;0;0;0;0;0;0
FR;11;2021-07-08;0;0;0;0;0;0;0;0;0;0;0;0;0;0;0;0;0;0
FR;11;2021-07-09;0;0;0;0;0;0;0;0;0;0;0;0;0;0;0;0;0;0
FR;11;2021-07-10;0;0;0;0;0;0;0;0;0;0;0;0;0;0;0;0;0;0
FR;11;2021-07-11;0;0;0;0;0;0;0;0;0;0;0;0;0;0;0;0;0;0
FR;11;2021-07-12;0;0;0;0;0;0;0;0;0;0;0;0;0;0;0;0;0;0
FR;11;2021-07-13;0;0;0;0;0;0;0;0;0;0;0;0;0;0;0;0;0;0
FR;11;2021-07-14;0;0;0;0;0;0;0;0;0;0;0;0;0;0;0;0;0;0
FR;11;2021-07-15;0;0;0;0;0;0;0;0;0;0;0;0;0;0;0;0;0;0
FR;11;2021-07-16;0;0;0;0;0;0;0;0;0;0;0;0;0;0;0;0;0;0
FR;11;2021-07-17;0;0;0;0;0;0;0;0;0;0;0;0;0;0;0;0;0;0
FR;11;2021-07-18;0;0;0;0;0;0;0;0;0;0;0;0;0;0;0;0;0;0
FR;11;2021-07-19;0;0;0;0;0;0;0;0;0;0;0;0;0;0;0;0;0;0
FR;11;2021-07-20;0;0;0;0;0;0;0;0;0;0;0;0;0;0;0;0;0;0
FR;11;2021-07-21;0;0;0;0;0;0;0;0;0;0;0;0;0;0;0;0;0;0
FR;11;2021-07-22;0;0;0;0;0;0;0;0;0;0;0;0;0;0;0;0;0;0
FR;11;2021-07-23;0;0;0;0;0;0;0;0;0;0;0;0;0;0;0;0;0;0
FR;11;2021-07-24;0;0;0;0;0;0;0;0;0;0;0;0;0;0;0;0;0;0
FR;11;2021-07-25;0;0;0;0;0;0;0;0;0;0;0;0;0;0;0;0;0;0
FR;11;2021-07-26;0;0;0;0;0;0;0;0;0;0;0;0;0;0;0;0;0;0
FR;11;2021-07-27;0;0;0;0;0;0;0;0;0;0;0;0;0;0;0;0;0;0
FR;11;2021-07-28;0;0;0;0;0;0;0;0;0;0;0;0;0;0;0;0;0;0
FR;11;2021-07-29;0;0;0;0;0;0;0;0;0;0;0;0;0;0;0;0;0;0
FR;11;2021-07-30;0;0;0;0;0;0;0;0;0;0;0;0;0;0;0;0;0;0
FR;11;2021-07-31;0;0;0;0;0;0;0;0;0;0;0;0;0;0;0;0;0;0
FR;11;2021-08-01;0;0;0;0;0;0;0;0;0;0;0;0;0;0;0;0;0;0
FR;11;2021-08-02;0;0;0;0;0;0;0;0;0;0;0;0;0;0;0;0;0;0
FR;11;2021-08-03;0;0;0;0;0;0;0;0;0;0;0;0;0;0;0;0;0;0
FR;11;2021-08-04;0;0;0;0;0;0;0;0;0;0;0;0;0;0;0;0;0;0
FR;11;2021-08-05;0;0;0;0;0;0;0;0;0;0;0;0;0;0;0;0;0;0
FR;11;2021-08-06;0;0;0;0;0;0;0;0;0;0;0;0;0;0;0;0;0;0
FR;11;2021-08-07;0;0;0;0;0;0;0;0;0;0;0;0;0;0;0;0;0;0
FR;11;2021-08-08;0;0;0;0;0;0;0;0;0;0;0;0;0;0;0;0;0;0
FR;11;2021-08-09;0;0;0;0;0;0;0;0;0;0;0;0;0;0;0;0;0;0
FR;11;2021-08-10;0;0;0;0;0;0;0;0;0;0;0;0;0;0;0;0;0;0
FR;11;2021-08-11;0;0;0;0;0;0;0;0;0;0;0;0;0;0;0;0;0;0
FR;11;2021-08-12;0;0;0;0;0;0;0;0;0;0;0;0;0;0;0;0;0;0
FR;11;2021-08-13;0;0;0;0;0;0;0;0;0;0;0;0;0;0;0;0;0;0
FR;11;2021-08-14;0;0;0;0;0;0;0;0;0;0;0;0;0;0;0;0;0;0
FR;11;2021-08-15;0;0;0;0;0;0;0;0;0;0;0;0;0;0;0;0;0;0
FR;11;2021-08-16;0;0;0;0;0;0;0;0;0;0;0;0;0;0;0;0;0;0
FR;11;2021-08-17;0;0;0;0;0;0;0;0;0;0;0;0;0;0;0;0;0;0
FR;11;2021-08-18;0;0;0;0;0;0;0;0;0;0;0;0;0;0;0;0;0;0
FR;11;2021-08-19;0;0;0;0;0;0;0;0;0;0;0;0;0;0;0;0;0;0
FR;11;2021-08-20;0;0;0;0;0;0;0;0;0;0;0;0;0;0;0;0;0;0
FR;11;2021-08-21;0;0;0;0;0;0;0;0;0;0;0;0;0;0;0;0;0;0
FR;11;2021-08-22;0;0;0;0;0;0;0;0;0;0;0;0;0;0;0;0;0;0
FR;11;2021-08-23;0;0;0;0;0;0;0;0;0;0;0;0;0;0;0;0;0;0
FR;11;2021-08-24;0;0;0;0;0;0;0;0;0;0;0;0;0;0;0;0;0;0
FR;11;2021-08-25;0;0;0;0;0;0;0;0;0;0;0;0;0;0;0;0;0;0
FR;11;2021-08-26;0;0;0;0;0;0;0;0;0;0;0;0;0;0;0;0;0;0
FR;11;2021-08-27;0;0;0;0;0;0;0;0;0;0;0;0;0;0;0;0;0;0
FR;11;2021-08-28;0;0;0;0;0;0;0;0;0;0;0;0;0;0;0;0;0;0
FR;11;2021-08-29;0;0;0;0;0;0;0;0;0;0;0;0;0;0;0;0;0;0
FR;11;2021-08-30;0;0;0;0;0;0;0;0;0;0;0;0;0;0;0;0;0;0
FR;11;2021-08-31;0;0;0;0;0;0;0;0;0;0;0;0;0;0;0;0;0;0
FR;11;2021-09-01;0;0;0;0;0;0;0;0;0;0;0;0;0;0;0;0;0;0
FR;11;2021-09-02;0;0;0;0;0;0;0;0;0;0;0;0;0;0;0;0;0;0
FR;11;2021-09-03;0;0;0;0;0;0;0;0;0;0;0;0;0;0;0;0;0;0
FR;11;2021-09-04;0;0;0;0;0;0;0;0;0;0;0;0;0;0;0;0;0;0
FR;11;2021-09-05;0;0;0;0;0;0;0;0;0;0;0;0;0;0;0;0;0;0
FR;11;2021-09-06;0;0;0;0;0;0;0;0;0;0;0;0;0;0;0;0;0;0
FR;11;2021-09-07;0;0;0;0;0;0;0;0;0;0;0;0;0;0;0;0;0;0
FR;11;2021-09-08;0;0;0;0;0;0;0;0;0;0;0;0;0;0;0;0;0;0
FR;11;2021-09-09;0;0;0;0;0;0;0;0;0;0;0;0;0;0;0;0;0;0
FR;11;2021-09-10;0;0;0;0;0;0;0;0;0;0;0;0;0;0;0;0;0;0
FR;11;2021-09-11;0;0;0;0;0;0;0;0;0;0;0;0;0;0;0;0;0;0
FR;11;2021-09-12;0;0;0;0;0;0;0;0;0;0;0;0;0;0;0;0;0;0
FR;11;2021-09-13;0;0;0;0;0;0;0;0;0;0;0;0;0;0;0;0;0;0
FR;11;2021-09-14;0;0;0;0;0;0;0;0;0;0;0;0;0;0;0;0;0;0
FR;11;2021-09-15;0;0;0;0;0;0;0;0;0;0;0;0;0;0;0;0;0;0
FR;11;2021-09-16;0;0;0;0;0;0;0;0;0;0;0;0;0;0;0;0;0;0
FR;11;2021-09-17;0;0;0;0;0;0;0;0;0;0;0;0;0;0;0;0;0;0
FR;11;2021-09-18;0;0;0;0;0;0;0;0;0;0;0;0;0;0;0;0;0;0
FR;11;2021-09-19;0;0;0;0;0;0;0;0;0;0;0;0;0;0;0;0;0;0
FR;11;2021-09-20;0;0;0;0;0;0;0;0;0;0;0;0;0;0;0;0;0;0
FR;11;2021-09-21;0;0;0;0;0;0;0;0;0;0;0;0;0;0;0;0;0;0
FR;11;2021-09-22;0;0;0;0;0;0;0;0;0;0;0;0;0;0;0;0;0;0
FR;11;2021-09-23;0;0;0;0;0;0;0;0;0;0;0;0;0;0;0;0;0;0
FR;11;2021-09-24;0;0;0;0;0;0;0;0;0;0;0;0;0;0;0;0;0;0
FR;11;2021-09-25;0;0;0;0;0;0;0;0;0;0;0;0;0;0;0;0;0;0
FR;11;2021-09-26;0;0;0;0;0;0;0;0;0;0;0;0;0;0;0;0;0;0
FR;11;2021-09-27;0;0;0;0;0;0;0;0;0;0;0;0;0;0;0;0;0;0
FR;11;2021-09-28;0;0;0;0;0;0;0;0;0;0;0;0;0;0;0;0;0;0
FR;11;2021-09-29;0;0;0;0;0;0;0;0;0;0;0;0;0;0;0;0;0;0
FR;11;2021-09-30;0;0;0;0;0;0;0;0;0;0;0;0;0;0;0;0;0;0
FR;11;2021-10-01;0;0;0;0;0;0;0;0;0;0;0;0;0;0;0;0;0;0
FR;11;2021-10-02;0;0;0;0;0;0;0;0;0;0;0;0;0;0;0;0;0;0
FR;11;2021-10-03;0;0;0;0;0;0;0;0;0;0;0;0;0;0;0;0;0;0
FR;11;2021-10-04;0;0;0;0;0;0;0;0;0;0;0;0;0;0;0;0;0;0
FR;11;2021-10-05;0;0;0;0;0;0;0;0;0;0;0;0;0;0;0;0;0;0
FR;11;2021-10-06;0;0;0;0;0;0;0;0;0;0;0;0;0;0;0;0;0;0
FR;11;2021-10-07;0;0;0;0;0;0;0;0;0;0;0;0;0;0;0;0;0;0
FR;11;2021-10-08;0;0;0;0;0;0;0;0;0;0;0;0;0;0;0;0;0;0
FR;11;2021-10-09;0;0;0;0;0;0;0;0;0;0;0;0;0;0;0;0;0;0
FR;11;2021-10-10;0;0;0;0;0;0;0;0;0;0;0;0;0;0;0;0;0;0
FR;11;2021-10-11;0;0;0;0;0;0;0;0;0;0;0;0;0;0;0;0;0;0
FR;11;2021-10-12;0;0;0;0;0;0;0;0;0;0;0;0;0;0;0;0;0;0
FR;11;2021-10-13;0;0;0;0;0;0;0;0;0;0;0;0;0;0;0;0;0;0
FR;11;2021-10-14;0;0;0;0;0;0;0;0;0;0;0;0;0;0;0;0;0;0
FR;11;2021-10-15;0;0;0;0;0;0;0;0;0;0;0;0;0;0;0;0;0;0
FR;11;2021-10-16;0;0;0;0;0;0;0;0;0;0;0;0;0;0;0;0;0;0
FR;11;2021-10-17;0;0;0;0;0;0;0;0;0;0;0;0;0;0;0;0;0;0
FR;11;2021-10-18;0;0;0;0;0;0;0;0;0;0;0;0;0;0;0;0;0;0
FR;11;2021-10-19;0;0;0;0;0;0;0;0;0;0;0;0;0;0;0;0;0;0
FR;11;2021-10-20;0;0;0;0;0;0;0;0;0;0;0;0;0;0;0;0;0;0
FR;11;2021-10-21;0;0;0;0;0;0;0;0;0;0;0;0;0;0;0;0;0;0
FR;11;2021-10-22;0;0;0;0;0;0;0;0;0;0;0;0;0;0;0;0;0;0
FR;11;2021-10-23;0;0;0;0;0;0;0;0;0;0;0;0;0;0;0;0;0;0
FR;11;2021-10-24;0;0;0;0;0;0;0;0;0;0;0;0;0;0;0;0;0;0
FR;11;2021-10-25;0;0;0;0;0;0;0;0;0;0;0;0;0;0;0;0;0;0
FR;11;2021-10-26;0;0;0;0;0;0;0;0;0;0;0;0;0;0;0;0;0;0
FR;11;2021-10-27;0;0;0;0;0;0;0;0;0;0;0;0;0;0;0;0;0;0
FR;11;2021-10-28;0;0;0;0;0;0;0;0;0;0;0;0;0;0;0;0;0;0
FR;11;2021-10-29;0;0;0;0;0;0;0;0;0;0;0;0;0;0;0;0;0;0
FR;11;2021-10-30;0;0;0;0;0;0;0;0;0;0;0;0;0;0;0;0;0;0
FR;11;2021-10-31;0;0;0;0;0;0;0;0;0;0;0;0;0;0;0;0;0;0
FR;11;2021-11-01;0;0;0;0;0;0;0;0;0;0;0;0;0;0;0;0;0;0
FR;11;2021-11-02;0;0;0;0;0;0;0;0;0;0;0;0;0;0;0;0;0;0
FR;11;2021-11-03;0;0;0;0;0;0;0;0;0;0;0;0;0;0;0;0;0;0
FR;11;2021-11-04;0;0;0;0;0;0;0;0;0;0;0;0;0;0;0;0;0;0
FR;11;2021-11-05;0;0;0;0;0;0;0;0;0;0;0;0;0;0;0;0;0;0
FR;11;2021-11-06;0;0;0;0;0;0;0;0;0;0;0;0;0;0;0;0;0;0
FR;11;2021-11-07;0;0;0;0;0;0;0;0;0;0;0;0;0;0;0;0;0;0
FR;11;2021-11-08;0;0;0;0;0;0;0;0;0;0;0;0;0;0;0;0;0;0
FR;11;2021-11-09;0;0;0;0;0;0;0;0;0;0;0;0;0;0;0;0;0;0
FR;11;2021-11-10;0;0;0;0;0;0;0;0;0;0;0;0;0;0;0;0;0;0
FR;11;2021-11-11;0;0;0;0;0;0;0;0;0;0;0;0;0;0;0;0;0;0
FR;11;2021-11-12;0;0;0;0;0;0;0;0;0;0;0;0;0;0;0;0;0;0
FR;11;2021-11-13;0;0;0;0;0;0;0;0;0;0;0;0;0;0;0;0;0;0
FR;11;2021-11-14;0;0;0;0;0;0;0;0;0;0;0;0;0;0;0;0;0;0
FR;11;2021-11-15;0;0;0;0;0;0;0;0;0;0;0;0;0;0;0;0;0;0
FR;11;2021-11-16;0;0;0;0;0;0;0;0;0;0;0;0;0;0;0;0;0;0
FR;11;2021-11-17;0;0;0;0;0;0;0;0;0;0;0;0;0;0;0;0;0;0
FR;11;2021-11-18;0;0;0;0;0;0;0;0;0;0;0;0;0;0;0;0;0;0
FR;11;2021-11-19;0;0;0;0;0;0;0;0;0;0;0;0;0;0;0;0;0;0
FR;11;2021-11-20;0;0;0;0;0;0;0;0;0;0;0;0;0;0;0;0;0;0
FR;11;2021-11-21;0;0;0;0;0;0;0;0;0;0;0;0;0;0;0;0;0;0
FR;11;2021-11-22;0;0;0;0;0;0;0;0;0;0;0;0;0;0;0;0;0;0
FR;11;2021-11-23;0;0;0;0;0;0;0;0;0;0;0;0;0;0;0;0;0;0
FR;11;2021-11-24;0;0;0;0;0;0;0;0;0;0;0;0;0;0;0;0;0;0
FR;11;2021-11-25;0;0;0;0;0;0;0;0;0;0;0;0;0;0;0;0;0;0
FR;11;2021-11-26;0;0;0;0;0;0;0;0;0;0;0;0;0;0;0;0;0;0
FR;11;2021-11-27;0;0;0;0;0;0;0;0;0;0;0;0;0;0;0;0;0;0
FR;11;2021-11-28;0;0;0;0;0;0;0;0;0;0;0;0;0;0;0;0;0;0
FR;11;2021-11-29;0;0;0;0;0;0;0;0;0;0;0;0;0;0;0;0;0;0
FR;11;2021-11-30;0;0;0;0;0;0;0;0;0;0;0;0;0;0;0;0;0;0
FR;11;2021-12-01;0;0;0;0;0;0;0;0;0;0;0;0;0;0;0;0;0;0
FR;11;2021-12-02;0;0;0;0;0;0;0;0;0;0;0;0;0;0;0;0;0;0
FR;11;2021-12-03;0;0;0;0;0;0;0;0;0;0;0;0;0;0;0;0;0;0
FR;11;2021-12-04;0;0;0;0;0;0;0;0;0;0;0;0;0;0;0;0;0;0
FR;11;2021-12-05;0;0;0;0;0;0;0;0;0;0;0;0;0;0;0;0;0;0
FR;11;2021-12-06;0;0;0;0;0;0;0;0;0;0;0;0;0;0;0;0;0;0
FR;11;2021-12-07;0;0;0;0;0;0;0;0;0;0;0;0;0;0;0;0;0;0
FR;11;2021-12-08;0;0;0;0;0;0;0;0;0;0;0;0;0;0;0;0;0;0
FR;11;2021-12-09;0;0;0;0;0;0;0;0;0;0;0;0;0;0;0;0;0;0
FR;11;2021-12-10;0;0;0;0;0;0;0;0;0;0;0;0;0;0;0;0;0;0
FR;11;2021-12-11;0;0;0;0;0;0;0;0;0;0;0;0;0;0;0;0;0;0
FR;11;2021-12-12;0;0;0;0;0;0;0;0;0;0;0;0;0;0;0;0;0;0
FR;11;2021-12-13;0;0;0;0;0;0;0;0;0;0;0;0;0;0;0;0;0;0
FR;11;2021-12-14;0;0;0;0;0;0;0;0;0;0;0;0;0;0;0;0;0;0
FR;11;2021-12-15;0;0;0;0;0;0;0;0;0;0;0;0;0;0;0;0;0;0
FR;11;2021-12-16;0;0;0;0;0;0;0;0;0;0;0;0;0;0;0;0;0;0
FR;11;2021-12-17;0;0;0;0;0;0;0;0;0;0;0;0;0;0;0;0;0;0
FR;11;2021-12-18;0;0;0;0;0;0;0;0;0;0;0;0;0;0;0;0;0;0
FR;11;2021-12-19;0;0;0;0;0;0;0;0;0;0;0;0;0;0;0;0;0;0
FR;11;2021-12-20;0;0;0;0;0;0;0;0;0;0;0;0;0;0;0;0;0;0
FR;11;2021-12-21;0;0;0;0;0;0;0;0;0;0;0;0;0;0;0;0;0;0
FR;11;2021-12-22;0;0;0;0;0;0;0;0;0;0;0;0;0;0;0;0;0;0
FR;11;2021-12-23;0;0;0;0;0;0;0;0;0;0;0;0;0;0;0;0;0;0
FR;11;2021-12-24;0;0;0;0;0;0;0;0;0;0;0;0;0;0;0;0;0;0
FR;11;2021-12-25;0;0;0;0;0;0;0;0;0;0;0;0;0;0;0;0;0;0
FR;11;2021-12-26;0;0;0;0;0;0;0;0;0;0;0;0;0;0;0;0;0;0
FR;11;2021-12-27;0;0;0;0;0;0;0;0;0;0;0;0;0;0;0;0;0;0
FR;11;2021-12-28;0;0;0;0;0;0;0;0;0;0;0;0;0;0;0;0;0;0
FR;11;2021-12-29;0;0;0;0;0;0;0;0;0;0;0;0;0;0;0;0;0;0
FR;11;2021-12-30;0;0;0;0;0;0;0;0;0;0;0;0;0;0;0;0;0;0
FR;11;2021-12-31;0;0;0;0;0;0;0;0;0;0;0;0;0;0;0;0;0;0
FR;11;2022-01-01;0;0;0;0;0;0;0;0;0;0;0;0;0;0;0;0;0;0
FR;11;2022-01-02;0;0;0;0;0;0;0;0;0;0;0;0;0;0;0;0;0;0
FR;11;2022-01-03;0;0;0;0;0;0;0;0;0;0;0;0;0;0;0;0;0;0
FR;11;2022-01-04;0;0;0;0;0;0;0;0;0;0;0;0;0;0;0;0;0;0
FR;11;2022-01-05;0;0;0;0;0;0;0;0;0;0;0;0;0;0;0;0;0;0
FR;11;2022-01-06;0;0;0;0;0;0;0;0;0;0;0;0;0;0;0;0;0;0
FR;11;2022-01-07;0;0;0;0;0;0;0;0;0;0;0;0;0;0;0;0;0;0
FR;11;2022-01-08;0;0;0;0;0;0;0;0;0;0;0;0;0;0;0;0;0;0
FR;11;2022-01-09;0;0;0;0;0;0;0;0;0;0;0;0;0;0;0;0;0;0
FR;11;2022-01-10;0;0;0;0;0;0;0;0;0;0;0;0;0;0;0;0;0;0
FR;11;2022-01-11;0;0;0;0;0;0;0;0;0;0;0;0;0;0;0;0;0;0
FR;11;2022-01-12;0;0;0;0;0;0;0;0;0;0;0;0;0;0;0;0;0;0
FR;11;2022-01-13;0;0;0;0;0;0;0;0;0;0;0;0;0;0;0;0;0;0
FR;11;2022-01-14;0;0;0;0;0;0;0;0;0;0;0;0;0;0;0;0;0;0
FR;11;2022-01-15;0;0;0;0;0;0;0;0;0;0;0;0;0;0;0;0;0;0
FR;11;2022-01-16;0;0;0;0;0;0;0;0;0;0;0;0;0;0;0;0;0;0
FR;11;2022-01-17;0;0;0;0;0;0;0;0;0;0;0;0;0;0;0;0;0;0
FR;11;2022-01-18;0;0;0;0;0;0;0;0;0;0;0;0;0;0;0;0;0;0
FR;11;2022-01-19;0;0;0;0;0;0;0;0;0;0;0;0;0;0;0;0;0;0
FR;11;2022-01-20;0;0;0;0;0;0;0;0;0;0;0;0;0;0;0;0;0;0
FR;11;2022-01-21;0;0;0;0;0;0;0;0;0;0;0;0;0;0;0;0;0;0
FR;11;2022-01-22;0;0;0;0;0;0;0;0;0;0;0;0;0;0;0;0;0;0
FR;11;2022-01-23;0;0;0;0;0;0;0;0;0;0;0;0;0;0;0;0;0;0
FR;11;2022-01-24;0;0;0;0;0;0;0;0;0;0;0;0;0;0;0;0;0;0
FR;11;2022-01-25;0;0;0;0;0;0;0;0;0;0;0;0;0;0;0;0;0;0
FR;11;2022-01-26;0;0;0;0;0;0;0;0;0;0;0;0;0;0;0;0;0;0
FR;11;2022-01-27;0;0;0;0;0;0;0;0;0;0;0;0;0;0;0;0;0;0
FR;11;2022-01-28;0;0;0;0;0;0;0;0;0;0;0;0;0;0;0;0;0;0
FR;11;2022-01-29;0;0;0;0;0;0;0;0;0;0;0;0;0;0;0;0;0;0
FR;11;2022-01-30;0;0;0;0;0;0;0;0;0;0;0;0;0;0;0;0;0;0
FR;11;2022-01-31;0;0;0;0;0;0;0;0;0;0;0;0;0;0;0;0;0;0
FR;11;2022-02-01;0;0;0;0;0;0;0;0;0;0;0;0;0;0;0;0;0;0
FR;11;2022-02-02;0;0;0;0;0;0;0;0;0;0;0;0;0;0;0;0;0;0
FR;11;2022-02-03;0;0;0;0;0;0;0;0;0;0;0;0;0;0;0;0;0;0
FR;11;2022-02-04;0;0;0;0;0;0;0;0;0;0;0;0;0;0;0;0;0;0
FR;11;2022-02-05;0;0;0;0;0;0;0;0;0;0;0;0;0;0;0;0;0;0
FR;11;2022-02-06;0;0;0;0;0;0;0;0;0;0;0;0;0;0;0;0;0;0
FR;11;2022-02-07;0;0;0;0;0;0;0;0;0;0;0;0;0;0;0;0;0;0
FR;11;2022-02-08;0;0;0;0;0;0;0;0;0;0;0;0;0;0;0;0;0;0
FR;11;2022-02-09;0;0;0;0;0;0;0;0;0;0;0;0;0;0;0;0;0;0
FR;11;2022-02-10;0;0;0;0;0;0;0;0;0;0;0;0;0;0;0;0;0;0
FR;11;2022-02-11;0;0;0;0;0;0;0;0;0;0;0;0;0;0;0;0;0;0
FR;11;2022-02-12;0;0;0;0;0;0;0;0;0;0;0;0;0;0;0;0;0;0
FR;11;2022-02-13;0;0;0;0;0;0;0;0;0;0;0;0;0;0;0;0;0;0
FR;11;2022-02-14;0;0;0;0;0;0;0;0;0;0;0;0;0;0;0;0;0;0
FR;11;2022-02-15;0;0;0;0;0;0;0;0;0;0;0;0;0;0;0;0;0;0
FR;11;2022-02-16;0;0;0;0;0;0;0;0;0;0;0;0;0;0;0;0;0;0
FR;11;2022-02-17;0;0;0;0;0;0;0;0;0;0;0;0;0;0;0;0;0;0
FR;11;2022-02-18;0;0;0;0;0;0;0;0;0;0;0;0;0;0;0;0;0;0
FR;11;2022-02-19;0;0;0;0;0;0;0;0;0;0;0;0;0;0;0;0;0;0
FR;11;2022-02-20;0;0;0;0;0;0;0;0;0;0;0;0;0;0;0;0;0;0
FR;11;2022-02-21;0;0;0;0;0;0;0;0;0;0;0;0;0;0;0;0;0;0
FR;11;2022-02-22;0;0;0;0;0;0;0;0;0;0;0;0;0;0;0;0;0;0
FR;11;2022-02-23;0;0;0;0;0;0;0;0;0;0;0;0;0;0;0;0;0;0
FR;11;2022-02-24;0;0;0;0;0;0;0;0;0;0;0;0;0;0;0;0;0;0
FR;11;2022-02-25;0;0;0;0;0;0;0;0;0;0;0;0;0;0;0;0;0;0
FR;11;2022-02-26;0;0;0;0;0;0;0;0;0;0;0;0;0;0;0;0;0;0
FR;11;2022-02-27;0;0;0;0;0;0;0;0;0;0;0;0;0;0;0;0;0;0
FR;11;2022-02-28;0;0;0;0;0;0;0;0;0;0;0;0;0;0;0;0;0;0
FR;11;2022-03-01;0;0;0;0;0;0;0;0;0;0;0;0;0;0;0;0;0;0
FR;11;2022-03-02;0;0;0;0;0;0;0;0;0;0;0;0;0;0;0;0;0;0
FR;11;2022-03-03;0;0;0;0;0;0;0;0;0;0;0;0;0;0;0;0;0;0
FR;11;2022-03-04;0;0;0;0;0;0;0;0;0;0;0;0;0;0;0;0;0;0
FR;11;2022-03-05;0;0;0;0;0;0;0;0;0;0;0;0;0;0;0;0;0;0
FR;11;2022-03-06;0;0;0;0;0;0;0;0;0;0;0;0;0;0;0;0;0;0
FR;11;2022-03-07;0;0;0;0;0;0;0;0;0;0;0;0;0;0;0;0;0;0
FR;11;2022-03-08;0;0;0;0;0;0;0;0;0;0;0;0;0;0;0;0;0;0
FR;11;2022-03-09;0;0;0;0;0;0;0;0;0;0;0;0;0;0;0;0;0;0
FR;11;2022-03-10;0;0;0;0;0;0;0;0;0;0;0;0;0;0;0;0;0;0
FR;11;2022-03-11;0;0;0;0;0;0;0;0;0;0;0;0;0;0;0;0;0;0
FR;11;2022-03-12;0;0;0;0;0;0;0;0;0;0;0;0;0;0;0;0;0;0
FR;11;2022-03-13;0;0;0;0;0;0;0;0;0;0;0;0;0;0;0;0;0;0
FR;11;2022-03-14;0;0;0;0;0;0;0;0;0;0;0;0;0;0;0;0;0;0
FR;11;2022-03-15;0;0;0;0;0;0;0;0;0;0;0;0;0;0;0;0;0;0
FR;11;2022-03-16;0;0;0;0;0;0;0;0;0;0;0;0;0;0;0;0;0;0
FR;11;2022-03-17;0;0;0;0;0;0;0;0;0;0;0;0;0;0;0;0;0;0
FR;11;2022-03-18;0;0;0;0;0;0;0;0;0;0;0;0;0;0;0;0;0;0
FR;11;2022-03-19;0;0;0;0;0;0;0;0;0;0;0;0;0;0;0;0;0;0
FR;11;2022-03-20;0;0;0;0;0;0;0;0;0;0;0;0;0;0;0;0;0;0
FR;11;2022-03-21;0;0;0;0;0;0;0;0;0;0;0;0;0;0;0;0;0;0
FR;11;2022-03-22;0;0;0;0;0;0;0;0;0;0;0;0;0;0;0;0;0;0
FR;11;2022-03-23;0;0;0;0;0;0;0;0;0;0;0;0;0;0;0;0;0;0
FR;11;2022-03-24;0;0;0;0;0;0;0;0;0;0;0;0;0;0;0;0;0;0
FR;11;2022-03-25;0;0;0;0;0;0;0;0;0;0;0;0;0;0;0;0;0;0
FR;11;2022-03-26;0;0;0;0;0;0;0;0;0;0;0;0;0;0;0;0;0;0
FR;11;2022-03-27;0;0;0;0;0;0;0;0;0;0;0;0;0;0;0;0;0;0
FR;11;2022-03-28;0;0;0;0;0;0;0;0;0;0;0;0;0;0;0;0;0;0
FR;11;2022-03-29;0;0;0;0;0;0;0;0;0;0;0;0;0;0;0;0;0;0
FR;11;2022-03-30;0;0;0;0;0;0;0;0;0;0;0;0;0;0;0;0;0;0
FR;11;2022-03-31;0;0;0;0;0;0;0;0;0;0;0;0;0;0;0;0;0;0
FR;11;2022-04-01;0;0;0;0;0;0;0;0;0;0;0;0;0;0;0;0;0;0
FR;11;2022-04-02;0;0;0;0;0;0;0;0;0;0;0;0;0;0;0;0;0;0
FR;11;2022-04-03;0;0;0;0;0;0;0;0;0;0;0;0;0;0;0;0;0;0
FR;11;2022-04-04;0;0;0;0;0;0;0;0;0;0;0;0;0;0;0;0;0;0
FR;11;2022-04-05;0;0;0;0;0;0;0;0;0;0;0;0;0;0;0;0;0;0
FR;11;2022-04-06;0;0;0;0;0;0;0;0;0;0;0;0;0;0;0;0;0;0
FR;11;2022-04-07;0;0;0;0;0;0;0;0;0;0;0;0;0;0;0;0;0;0
FR;11;2022-04-08;0;0;0;0;0;0;0;0;0;0;0;0;0;0;0;0;0;0
FR;11;2022-04-09;0;0;0;0;0;0;0;0;0;0;0;0;0;0;0;0;0;0
FR;11;2022-04-10;0;0;0;0;0;0;0;0;0;0;0;0;0;0;0;0;0;0
FR;11;2022-04-11;0;0;0;0;0;0;0;0;0;0;0;0;0;0;0;0;0;0
FR;11;2022-04-12;0;0;0;0;0;0;0;0;0;0;0;0;0;0;0;0;0;0
FR;11;2022-04-13;0;0;0;0;0;0;0;0;0;0;0;0;0;0;0;0;0;0
FR;11;2022-04-14;0;0;0;0;0;0;0;0;0;0;0;0;0;0;0;0;0;0
FR;11;2022-04-15;0;0;0;0;0;0;0;0;0;0;0;0;0;0;0;0;0;0
FR;11;2022-04-16;0;0;0;0;0;0;0;0;0;0;0;0;0;0;0;0;0;0
FR;11;2022-04-17;0;0;0;0;0;0;0;0;0;0;0;0;0;0;0;0;0;0
FR;11;2022-04-18;0;0;0;0;0;0;0;0;0;0;0;0;0;0;0;0;0;0
FR;11;2022-04-19;0;0;0;0;0;0;0;0;0;0;0;0;0;0;0;0;0;0
FR;11;2022-04-20;0;0;0;0;0;0;0;0;0;0;0;0;0;0;0;0;0;0
FR;11;2022-04-21;0;0;0;0;0;0;0;0;0;0;0;0;0;0;0;0;0;0
FR;11;2022-04-22;0;0;0;0;0;0;0;0;0;0;0;0;0;0;0;0;0;0
FR;11;2022-04-23;0;0;0;0;0;0;0;0;0;0;0;0;0;0;0;0;0;0
FR;11;2022-04-24;0;0;0;0;0;0;0;0;0;0;0;0;0;0;0;0;0;0
FR;11;2022-04-25;0;0;0;0;0;0;0;0;0;0;0;0;0;0;0;0;0;0
FR;11;2022-04-26;0;0;0;0;0;0;0;0;0;0;0;0;0;0;0;0;0;0
FR;11;2022-04-27;0;0;0;0;0;0;0;0;0;0;0;0;0;0;0;0;0;0
FR;11;2022-04-28;0;0;0;0;0;0;0;0;0;0;0;0;0;0;0;0;0;0
FR;11;2022-04-29;0;0;0;0;0;0;0;0;0;0;0;0;0;0;0;0;0;0
FR;11;2022-04-30;0;0;0;0;0;0;0;0;0;0;0;0;0;0;0;0;0;0
FR;11;2022-05-01;0;0;0;0;0;0;0;0;0;0;0;0;0;0;0;0;0;0
FR;11;2022-05-02;0;0;0;0;0;0;0;0;0;0;0;0;0;0;0;0;0;0
FR;11;2022-05-03;0;0;0;0;0;0;0;0;0;0;0;0;0;0;0;0;0;0
FR;11;2022-05-04;0;0;0;0;0;0;0;0;0;0;0;0;0;0;0;0;0;0
FR;11;2022-05-05;0;0;0;0;0;0;0;0;0;0;0;0;0;0;0;0;0;0
FR;11;2022-05-06;0;0;0;0;0;0;0;0;0;0;0;0;0;0;0;0;0;0
FR;11;2022-05-07;0;0;0;0;0;0;0;0;0;0;0;0;0;0;0;0;0;0
FR;11;2022-05-08;0;0;0;0;0;0;0;0;0;0;0;0;0;0;0;0;0;0
FR;11;2022-05-09;0;0;0;0;0;0;0;0;0;0;0;0;0;0;0;0;0;0
FR;11;2022-05-10;0;0;0;0;0;0;0;0;0;0;0;0;0;0;0;0;0;0
FR;11;2022-05-11;0;0;0;0;0;0;0;0;0;0;0;0;0;0;0;0;0;0
FR;11;2022-05-12;0;0;0;0;0;0;0;0;0;0;0;0;0;0;0;0;0;0
FR;11;2022-05-13;0;0;0;0;0;0;0;0;0;0;0;0;0;0;0;0;0;0
FR;11;2022-05-14;0;0;0;0;0;0;0;0;0;0;0;0;0;0;0;0;0;0
FR;11;2022-05-15;0;0;0;0;0;0;0;0;0;0;0;0;0;0;0;0;0;0
FR;11;2022-05-16;0;0;0;0;0;0;0;0;0;0;0;0;0;0;0;0;0;0
FR;11;2022-05-17;0;0;0;0;0;0;0;0;0;0;0;0;0;0;0;0;0;0
FR;11;2022-05-18;0;0;0;0;0;0;0;0;0;0;0;0;0;0;0;0;0;0
FR;11;2022-05-19;0;0;0;0;0;0;0;0;0;0;0;0;0;0;0;0;0;0
FR;11;2022-05-20;0;0;0;0;0;0;0;0;0;0;0;0;0;0;0;0;0;0
FR;11;2022-05-21;0;0;0;0;0;0;0;0;0;0;0;0;0;0;0;0;0;0
FR;11;2022-05-22;0;0;0;0;0;0;0;0;0;0;0;0;0;0;0;0;0;0
FR;11;2022-05-23;0;0;0;0;0;0;0;0;0;0;0;0;0;0;0;0;0;0
FR;11;2022-05-24;0;0;0;0;0;0;0;0;0;0;0;0;0;0;0;0;0;0
FR;11;2022-05-25;0;0;0;0;0;0;0;0;0;0;0;0;0;0;0;0;0;0
FR;11;2022-05-26;0;0;0;0;0;0;0;0;0;0;0;0;0;0;0;0;0;0
FR;11;2022-05-27;0;0;0;0;0;0;0;0;0;0;0;0;0;0;0;0;0;0
FR;11;2022-05-28;0;0;0;0;0;0;0;0;0;0;0;0;0;0;0;0;0;0
FR;11;2022-05-29;0;0;0;0;0;0;0;0;0;0;0;0;0;0;0;0;0;0
FR;11;2022-05-30;0;0;0;0;0;0;0;0;0;0;0;0;0;0;0;0;0;0
FR;11;2022-05-31;0;0;0;0;0;0;0;0;0;0;0;0;0;0;0;0;0;0
FR;11;2022-06-01;0;0;0;0;0;0;0;0;0;0;0;0;0;0;0;0;0;0
FR;11;2022-06-02;0;0;0;0;0;0;0;0;0;0;0;0;0;0;0;0;0;0
FR;11;2022-06-03;0;0;0;0;0;0;0;0;0;0;0;0;0;0;0;0;0;0
FR;11;2022-06-04;0;0;0;0;0;0;0;0;0;0;0;0;0;0;0;0;0;0
FR;11;2022-06-05;0;0;0;0;0;0;0;0;0;0;0;0;0;0;0;0;0;0
FR;11;2022-06-06;0;0;0;0;0;0;0;0;0;0;0;0;0;0;0;0;0;0
FR;11;2022-06-07;0;0;0;0;0;0;0;0;0;0;0;0;0;0;0;0;0;0
FR;11;2022-06-08;0;0;0;0;0;0;0;0;0;0;0;0;0;0;0;0;0;0
FR;11;2022-06-09;0;0;0;0;0;0;0;0;0;0;0;0;0;0;0;0;0;0
FR;11;2022-06-10;0;0;0;0;0;0;0;0;0;0;0;0;0;0;0;0;0;0
FR;11;2022-06-11;0;0;0;0;0;0;0;0;0;0;0;0;0;0;0;0;0;0
FR;11;2022-06-12;0;0;0;0;0;0;0;0;0;0;0;0;0;0;0;0;0;0
FR;11;2022-06-13;0;0;0;0;0;0;0;0;0;0;0;0;0;0;0;0;0;0
FR;11;2022-06-14;0;0;0;0;0;0;0;0;0;0;0;0;0;0;0;0;0;0
FR;11;2022-06-15;0;0;0;0;0;0;0;0;0;0;0;0;0;0;0;0;0;0
FR;11;2022-06-16;0;0;0;0;0;0;0;0;0;0;0;0;0;0;0;0;0;0
FR;11;2022-06-17;0;0;0;0;0;0;0;0;0;0;0;0;0;0;0;0;0;0
FR;11;2022-06-18;0;0;0;0;0;0;0;0;0;0;0;0;0;0;0;0;0;0
FR;11;2022-06-19;0;0;0;0;0;0;0;0;0;0;0;0;0;0;0;0;0;0
FR;11;2022-06-20;0;0;0;0;0;0;0;0;0;0;0;0;0;0;0;0;0;0
FR;11;2022-06-21;0;0;0;0;0;0;0;0;0;0;0;0;0;0;0;0;0;0
FR;11;2022-06-22;0;0;0;0;0;0;0;0;0;0;0;0;0;0;0;0;0;0
FR;11;2022-06-23;0;0;0;0;0;0;0;0;0;0;0;0;0;0;0;0;0;0
FR;11;2022-06-24;0;0;0;0;0;0;0;0;0;0;0;0;0;0;0;0;0;0
FR;11;2022-06-25;0;0;0;0;0;0;0;0;0;0;0;0;0;0;0;0;0;0
FR;11;2022-06-26;0;0;0;0;0;0;0;0;0;0;0;0;0;0;0;0;0;0
FR;11;2022-06-27;0;0;0;0;0;0;0;0;0;0;0;0;0;0;0;0;0;0
FR;11;2022-06-28;0;0;0;0;0;0;0;0;0;0;0;0;0;0;0;0;0;0
FR;11;2022-06-29;0;0;0;0;0;0;0;0;0;0;0;0;0;0;0;0;0;0
FR;11;2022-06-30;0;0;0;0;0;0;0;0;0;0;0;0;0;0;0;0;0;0
FR;11;2022-07-01;0;0;0;0;0;0;0;0;0;0;0;0;0;0;0;0;0;0
FR;11;2022-07-02;0;0;0;0;0;0;0;0;0;0;0;0;0;0;0;0;0;0
FR;11;2022-07-03;0;0;0;0;0;0;0;0;0;0;0;0;0;0;0;0;0;0
FR;11;2022-07-04;0;0;0;0;0;0;0;0;0;0;0;0;0;0;0;0;0;0
FR;11;2022-07-05;0;0;0;0;0;0;0;0;0;0;0;0;0;0;0;0;0;0
FR;11;2022-07-06;0;0;0;0;0;0;0;0;0;0;0;0;0;0;0;0;0;0
FR;11;2022-07-07;0;0;0;0;0;0;0;0;0;0;0;0;0;0;0;0;0;0
FR;11;2022-07-08;0;0;0;0;0;0;0;0;0;0;0;0;0;0;0;0;0;0
FR;11;2022-07-09;0;0;0;0;0;0;0;0;0;0;0;0;0;0;0;0;0;0
FR;11;2022-07-10;0;0;0;0;0;0;0;0;0;0;0;0;0;0;0;0;0;0
FR;11;2022-07-11;0;0;0;0;0;0;0;0;0;0;0;0;0;0;0;0;0;0
FR;11;2022-07-12;0;0;0;0;0;0;0;0;0;0;0;0;0;0;0;0;0;0
FR;11;2022-07-13;0;0;0;0;0;0;0;0;0;0;0;0;0;0;0;0;0;0
FR;11;2022-07-14;0;0;0;0;0;0;0;0;0;0;0;0;0;0;0;0;0;0
FR;11;2022-07-15;0;0;0;0;0;0;0;0;0;0;0;0;0;0;0;0;0;0
FR;11;2022-07-16;0;0;0;0;0;0;0;0;0;0;0;0;0;0;0;0;0;0
FR;11;2022-07-17;0;0;0;0;0;0;0;0;0;0;0;0;0;0;0;0;0;0
FR;11;2022-07-18;0;0;0;0;0;0;0;0;0;0;0;0;0;0;0;0;0;0
FR;11;2022-07-19;0;0;0;0;0;0;0;0;0;0;0;0;0;0;0;0;0;0
FR;11;2022-07-20;0;0;0;0;0;0;0;0;0;0;0;0;0;0;0;0;0;0
FR;11;2022-07-21;0;0;0;0;0;0;0;0;0;0;0;0;0;0;0;0;0;0
FR;11;2022-07-22;0;0;0;0;0;0;0;0;0;0;0;0;0;0;0;0;0;0
FR;11;2022-07-23;0;0;0;0;0;0;0;0;0;0;0;0;0;0;0;0;0;0
FR;11;2022-07-24;0;0;0;0;0;0;0;0;0;0;0;0;0;0;0;0;0;0
FR;11;2022-07-25;0;0;0;0;0;0;0;0;0;0;0;0;0;0;0;0;0;0
FR;11;2022-07-26;0;0;0;0;0;0;0;0;0;0;0;0;0;0;0;0;0;0
FR;11;2022-07-27;0;0;0;0;0;0;0;0;0;0;0;0;0;0;0;0;0;0
FR;11;2022-07-28;0;0;0;0;0;0;0;0;0;0;0;0;0;0;0;0;0;0
FR;11;2022-07-29;0;0;0;0;0;0;0;0;0;0;0;0;0;0;0;0;0;0
FR;11;2022-07-30;0;0;0;0;0;0;0;0;0;0;0;0;0;0;0;0;0;0
FR;11;2022-07-31;0;0;0;0;0;0;0;0;0;0;0;0;0;0;0;0;0;0
FR;11;2022-08-01;0;0;0;0;0;0;0;0;0;0;0;0;0;0;0;0;0;0
FR;11;2022-08-02;0;0;0;0;0;0;0;0;0;0;0;0;0;0;0;0;0;0
FR;11;2022-08-03;0;0;0;0;0;0;0;0;0;0;0;0;0;0;0;0;0;0
FR;11;2022-08-04;0;0;0;0;0;0;0;0;0;0;0;0;0;0;0;0;0;0
FR;11;2022-08-05;0;0;0;0;0;0;0;0;0;0;0;0;0;0;0;0;0;0
FR;11;2022-08-06;0;0;0;0;0;0;0;0;0;0;0;0;0;0;0;0;0;0
FR;11;2022-08-07;0;0;0;0;0;0;0;0;0;0;0;0;0;0;0;0;0;0
FR;11;2022-08-08;0;0;0;0;0;0;0;0;0;0;0;0;0;0;0;0;0;0
FR;11;2022-08-09;0;0;0;0;0;0;0;0;0;0;0;0;0;0;0;0;0;0
FR;11;2022-08-10;0;0;0;0;0;0;0;0;0;0;0;0;0;0;0;0;0;0
FR;11;2022-08-11;0;0;0;0;0;0;0;0;0;0;0;0;0;0;0;0;0;0
FR;11;2022-08-12;0;0;0;0;0;0;0;0;0;0;0;0;0;0;0;0;0;0
FR;11;2022-08-13;0;0;0;0;0;0;0;0;0;0;0;0;0;0;0;0;0;0
FR;11;2022-08-14;0;0;0;0;0;0;0;0;0;0;0;0;0;0;0;0;0;0
FR;11;2022-08-15;0;0;0;0;0;0;0;0;0;0;0;0;0;0;0;0;0;0
FR;11;2022-08-16;0;0;0;0;0;0;0;0;0;0;0;0;0;0;0;0;0;0
FR;11;2022-08-17;0;0;0;0;0;0;0;0;0;0;0;0;0;0;0;0;0;0
FR;11;2022-08-18;0;0;0;0;0;0;0;0;0;0;0;0;0;0;0;0;0;0
FR;11;2022-08-19;0;0;0;0;0;0;0;0;0;0;0;0;0;0;0;0;0;0
FR;11;2022-08-20;0;0;0;0;0;0;0;0;0;0;0;0;0;0;0;0;0;0
FR;11;2022-08-21;0;0;0;0;0;0;0;0;0;0;0;0;0;0;0;0;0;0
FR;11;2022-08-22;0;0;0;0;0;0;0;0;0;0;0;0;0;0;0;0;0;0
FR;11;2022-08-23;0;0;0;0;0;0;0;0;0;0;0;0;0;0;0;0;0;0
FR;11;2022-08-24;0;0;0;0;0;0;0;0;0;0;0;0;0;0;0;0;0;0
FR;11;2022-08-25;0;0;0;0;0;0;0;0;0;0;0;0;0;0;0;0;0;0
FR;11;2022-08-26;0;0;0;0;0;0;0;0;0;0;0;0;0;0;0;0;0;0
FR;11;2022-08-27;0;0;0;0;0;0;0;0;0;0;0;0;0;0;0;0;0;0
FR;11;2022-08-28;0;0;0;0;0;0;0;0;0;0;0;0;0;0;0;0;0;0
FR;11;2022-08-29;0;0;0;0;0;0;0;0;0;0;0;0;0;0;0;0;0;0
FR;11;2022-08-30;0;0;0;0;0;0;0;0;0;0;0;0;0;0;0;0;0;0
FR;11;2022-08-31;0;0;0;0;0;0;0;0;0;0;0;0;0;0;0;0;0;0
FR;11;2022-09-01;0;0;0;0;0;0;0;0;0;0;0;0;0;0;0;0;0;0
FR;11;2022-09-02;0;0;0;0;0;0;0;0;0;0;0;0;0;0;0;0;0;0
FR;11;2022-09-03;0;0;0;0;0;0;0;0;0;0;0;0;0;0;0;0;0;0
FR;11;2022-09-04;0;0;0;0;0;0;0;0;0;0;0;0;0;0;0;0;0;0
FR;11;2022-09-05;0;0;0;0;0;0;0;0;0;0;0;0;0;0;0;0;0;0
FR;11;2022-09-06;0;0;0;0;0;0;0;0;0;0;0;0;0;0;0;0;0;0
FR;11;2022-09-07;0;0;0;0;0;0;0;0;0;0;0;0;0;0;0;0;0;0
FR;11;2022-09-08;0;0;0;0;0;0;0;0;0;0;0;0;0;0;0;0;0;0
FR;11;2022-09-09;0;0;0;0;0;0;0;0;0;0;0;0;0;0;0;0;0;0
FR;11;2022-09-10;0;0;0;0;0;0;0;0;0;0;0;0;0;0;0;0;0;0
FR;11;2022-09-11;0;0;0;0;0;0;0;0;0;0;0;0;0;0;0;0;0;0
FR;11;2022-09-12;0;0;0;0;0;0;0;0;0;0;0;0;0;0;0;0;0;0
FR;11;2022-09-13;0;0;0;0;0;0;0;0;0;0;0;0;0;0;0;0;0;0
FR;11;2022-09-14;0;0;0;0;0;0;0;0;0;0;0;0;0;0;0;0;0;0
FR;11;2022-09-15;0;0;0;0;0;0;0;0;0;0;0;0;0;0;0;0;0;0
FR;11;2022-09-16;0;0;0;0;0;0;0;0;0;0;0;0;0;0;0;0;0;0
FR;11;2022-09-17;0;0;0;0;0;0;0;0;0;0;0;0;0;0;0;0;0;0
FR;11;2022-09-18;0;0;0;0;0;0;0;0;0;0;0;0;0;0;0;0;0;0
FR;11;2022-09-19;0;0;0;0;0;0;0;0;0;0;0;0;0;0;0;0;0;0
FR;11;2022-09-20;0;0;0;0;0;0;0;0;0;0;0;0;0;0;0;0;0;0
FR;11;2022-09-21;0;0;0;0;0;0;0;0;0;0;0;0;0;0;0;0;0;0
FR;11;2022-09-22;0;0;0;0;0;0;0;0;0;0;0;0;0;0;0;0;0;0
FR;11;2022-09-23;0;0;0;0;0;0;0;0;0;0;0;0;0;0;0;0;0;0
FR;11;2022-09-24;0;0;0;0;0;0;0;0;0;0;0;0;0;0;0;0;0;0
FR;11;2022-09-25;0;0;0;0;0;0;0;0;0;0;0;0;0;0;0;0;0;0
FR;11;2022-09-26;0;0;0;0;0;0;0;0;0;0;0;0;0;0;0;0;0;0
FR;11;2022-09-27;0;0;0;0;0;0;0;0;0;0;0;0;0;0;0;0;0;0
FR;11;2022-09-28;0;0;0;0;0;0;0;0;0;0;0;0;0;0;0;0;0;0
FR;11;2022-09-29;0;0;0;0;0;0;0;0;0;0;0;0;0;0;0;0;0;0
FR;11;2022-09-30;0;0;0;0;0;0;0;0;0;0;0;0;0;0;0;0;0;0
FR;11;2022-10-01;0;0;0;0;0;0;0;0;0;0;0;0;0;0;0;0;0;0
FR;11;2022-10-02;0;0;0;0;0;0;0;0;0;0;0;0;0;0;0;0;0;0
FR;11;2022-10-03;0;0;0;0;0;0;0;0;0;0;0;0;0;0;0;0;0;0
FR;11;2022-10-04;0;0;0;0;0;0;0;0;0;0;0;0;0;0;0;0;0;0
FR;11;2022-10-05;0;0;0;0;0;0;0;0;0;0;0;0;0;0;0;0;0;0
FR;11;2022-10-06;0;0;0;0;0;0;0;0;0;0;0;0;0;0;0;0;0;0
FR;11;2022-10-07;0;0;0;0;0;0;0;0;0;0;0;0;0;0;0;0;0;0
FR;11;2022-10-08;0;0;0;0;0;0;0;0;0;0;0;0;0;0;0;0;0;0
FR;11;2022-10-09;0;0;0;0;0;0;0;0;0;0;0;0;0;0;0;0;0;0
FR;11;2022-10-10;0;0;0;0;0;0;0;0;0;0;0;0;0;0;0;0;0;0
FR;11;2022-10-11;0;0;0;0;0;0;0;0;0;0;0;0;0;0;0;0;0;0
FR;11;2022-10-12;0;0;0;0;0;0;0;0;0;0;0;0;0;0;0;0;0;0
FR;11;2022-10-13;0;0;0;0;0;0;0;0;0;0;0;0;0;0;0;0;0;0
FR;11;2022-10-14;0;0;0;0;0;0;0;0;0;0;0;0;0;0;0;0;0;0
FR;11;2022-10-15;0;0;0;0;0;0;0;0;0;0;0;0;0;0;0;0;0;0
FR;11;2022-10-16;0;0;0;0;0;0;0;0;0;0;0;0;0;0;0;0;0;0
FR;11;2022-10-17;0;0;0;0;0;0;0;0;0;0;0;0;0;0;0;0;0;0
FR;11;2022-10-18;0;0;0;0;0;0;0;0;0;0;0;0;0;0;0;0;0;0
FR;11;2022-10-19;0;0;0;0;0;0;0;0;0;0;0;0;0;0;0;0;0;0
FR;11;2022-10-20;0;0;0;0;0;0;0;0;0;0;0;0;0;0;0;0;0;0
FR;11;2022-10-21;0;0;0;0;0;0;0;0;0;0;0;0;0;0;0;0;0;0
FR;11;2022-10-22;0;0;0;0;0;0;0;0;0;0;0;0;0;0;0;0;0;0
FR;11;2022-10-23;0;0;0;0;0;0;0;0;0;0;0;0;0;0;0;0;0;0
FR;11;2022-10-24;0;0;0;0;0;0;0;0;0;0;0;0;0;0;0;0;0;0
FR;11;2022-10-25;0;0;0;0;0;0;0;0;0;0;0;0;0;0;0;0;0;0
FR;11;2022-10-26;0;0;0;0;0;0;0;0;0;0;0;0;0;0;0;0;0;0
FR;11;2022-10-27;0;0;0;0;0;0;0;0;0;0;0;0;0;0;0;0;0;0
FR;11;2022-10-28;0;0;0;0;0;0;0;0;0;0;0;0;0;0;0;0;0;0
FR;11;2022-10-29;0;0;0;0;0;0;0;0;0;0;0;0;0;0;0;0;0;0
FR;11;2022-10-30;0;0;0;0;0;0;0;0;0;0;0;0;0;0;0;0;0;0
FR;11;2022-10-31;0;0;0;0;0;0;0;0;0;0;0;0;0;0;0;0;0;0
FR;11;2022-11-01;0;0;0;0;0;0;0;0;0;0;0;0;0;0;0;0;0;0
FR;11;2022-11-02;0;0;0;0;0;0;0;0;0;0;0;0;0;0;0;0;0;0
FR;11;2022-11-03;0;0;0;0;0;0;0;0;0;0;0;0;0;0;0;0;0;0
FR;11;2022-11-04;0;0;0;0;0;0;0;0;0;0;0;0;0;0;0;0;0;0
FR;11;2022-11-05;0;0;0;0;0;0;0;0;0;0;0;0;0;0;0;0;0;0
FR;11;2022-11-06;0;0;0;0;0;0;0;0;0;0;0;0;0;0;0;0;0;0
FR;11;2022-11-07;0;0;0;0;0;0;0;0;0;0;0;0;0;0;0;0;0;0
FR;11;2022-11-08;0;0;0;0;0;0;0;0;0;0;0;0;0;0;0;0;0;0
FR;11;2022-11-09;0;0;0;0;0;0;0;0;0;0;0;0;0;0;0;0;0;0
FR;11;2022-11-10;0;0;0;0;0;0;0;0;0;0;0;0;0;0;0;0;0;0
FR;11;2022-11-11;0;0;0;0;0;0;0;0;0;0;0;0;0;0;0;0;0;0
FR;11;2022-11-12;0;0;0;0;0;0;0;0;0;0;0;0;0;0;0;0;0;0
FR;11;2022-11-13;0;0;0;0;0;0;0;0;0;0;0;0;0;0;0;0;0;0
FR;11;2022-11-14;0;0;0;0;0;0;0;0;0;0;0;0;0;0;0;0;0;0
FR;11;2022-11-15;0;0;0;0;0;0;0;0;0;0;0;0;0;0;0;0;0;0
FR;11;2022-11-16;0;0;0;0;0;0;0;0;0;0;0;0;0;0;0;0;0;0
FR;11;2022-11-17;0;0;0;0;0;0;0;0;0;0;0;0;0;0;0;0;0;0
FR;11;2022-11-18;0;0;0;0;0;0;0;0;0;0;0;0;0;0;0;0;0;0
FR;11;2022-11-19;0;0;0;0;0;0;0;0;0;0;0;0;0;0;0;0;0;0
FR;11;2022-11-20;0;0;0;0;0;0;0;0;0;0;0;0;0;0;0;0;0;0
FR;11;2022-11-21;0;0;0;0;0;0;0;0;0;0;0;0;0;0;0;0;0;0
FR;11;2022-11-22;0;0;0;0;0;0;0;0;0;0;0;0;0;0;0;0;0;0
FR;11;2022-11-23;0;0;0;0;0;0;0;0;0;0;0;0;0;0;0;0;0;0
FR;11;2022-11-24;0;0;0;0;0;0;0;0;0;0;0;0;0;0;0;0;0;0
FR;11;2022-11-25;0;0;0;0;0;0;0;0;0;0;0;0;0;0;0;0;0;0
FR;11;2022-11-26;0;0;0;0;0;0;0;0;0;0;0;0;0;0;0;0;0;0
FR;11;2022-11-27;0;0;0;0;0;0;0;0;0;0;0;0;0;0;0;0;0;0
FR;11;2022-11-28;0;0;0;0;0;0;0;0;0;0;0;0;0;0;0;0;0;0
FR;11;2022-11-29;0;0;0;0;0;0;0;0;0;0;0;0;0;0;0;0;0;0
FR;11;2022-11-30;0;0;0;0;0;0;0;0;0;0;0;0;0;0;0;0;0;0
FR;11;2022-12-01;0;0;0;0;0;0;0;0;0;0;0;0;0;0;0;0;0;0
FR;11;2022-12-02;0;0;0;0;0;0;0;0;0;0;0;0;0;0;0;0;0;0
FR;11;2022-12-03;0;0;0;0;0;0;0;0;0;0;0;0;0;0;0;0;0;0
FR;11;2022-12-04;0;0;0;0;0;0;0;0;0;0;0;0;0;0;0;0;0;0
FR;11;2022-12-05;0;0;0;0;0;0;0;0;0;0;0;0;0;0;0;0;0;0
FR;11;2022-12-06;0;0;0;0;0;0;0;0;0;0;0;0;0;0;0;0;0;0
FR;11;2022-12-07;0;0;0;0;0;0;0;0;0;0;0;0;0;0;0;0;0;0
FR;11;2022-12-08;0;0;0;0;0;0;0;0;0;0;0;0;0;0;0;0;0;0
FR;11;2022-12-09;0;0;0;0;0;0;0;0;0;0;0;0;0;0;0;0;0;0
FR;11;2022-12-10;0;0;0;0;0;0;0;0;0;0;0;0;0;0;0;0;0;0
FR;11;2022-12-11;0;0;0;0;0;0;0;0;0;0;0;0;0;0;0;0;0;0
FR;11;2022-12-12;0;0;0;0;0;0;0;0;0;0;0;0;0;0;0;0;0;0
FR;11;2022-12-13;0;0;0;0;0;0;0;0;0;0;0;0;0;0;0;0;0;0
FR;11;2022-12-14;0;0;0;0;0;0;0;0;0;0;0;0;0;0;0;0;0;0
FR;11;2022-12-15;0;0;0;0;0;0;0;0;0;0;0;0;0;0;0;0;0;0
FR;11;2022-12-16;0;0;0;0;0;0;0;0;0;0;0;0;0;0;0;0;0;0
FR;11;2022-12-17;0;0;0;0;0;0;0;0;0;0;0;0;0;0;0;0;0;0
FR;11;2022-12-18;0;0;0;0;0;0;0;0;0;0;0;0;0;0;0;0;0;0
FR;11;2022-12-19;0;0;0;0;0;0;0;0;0;0;0;0;0;0;0;0;0;0
FR;11;2022-12-20;0;0;0;0;0;0;0;0;0;0;0;0;0;0;0;0;0;0
FR;11;2022-12-21;0;0;0;0;0;0;0;0;0;0;0;0;0;0;0;0;0;0
FR;11;2022-12-22;0;0;0;0;0;0;0;0;0;0;0;0;0;0;0;0;0;0
FR;11;2022-12-23;0;0;0;0;0;0;0;0;0;0;0;0;0;0;0;0;0;0
FR;11;2022-12-24;0;0;0;0;0;0;0;0;0;0;0;0;0;0;0;0;0;0
FR;11;2022-12-25;0;0;0;0;0;0;0;0;0;0;0;0;0;0;0;0;0;0
FR;11;2022-12-26;0;0;0;0;0;0;0;0;0;0;0;0;0;0;0;0;0;0
FR;11;2022-12-27;0;0;0;0;0;0;0;0;0;0;0;0;0;0;0;0;0;0
FR;11;2022-12-28;0;0;0;0;0;0;0;0;0;0;0;0;0;0;0;0;0;0
FR;11;2022-12-29;0;0;0;0;0;0;0;0;0;0;0;0;0;0;0;0;0;0
FR;11;2022-12-30;0;0;0;0;0;0;0;0;0;0;0;0;0;0;0;0;0;0
FR;11;2022-12-31;0;0;0;0;0;0;0;0;0;0;0;0;0;0;0;0;0;0
FR;11;2023-01-01;0;0;0;0;0;0;0;0;0;0;0;0;0;0;0;0;0;0
FR;11;2023-01-02;0;0;0;0;0;0;0;0;0;0;0;0;0;0;0;0;0;0
FR;11;2023-01-03;0;0;0;0;0;0;0;0;0;0;0;0;0;0;0;0;0;0
FR;11;2023-01-04;0;0;0;0;0;0;0;0;0;0;0;0;0;0;0;0;0;0
FR;11;2023-01-05;0;0;0;0;0;0;0;0;0;0;0;0;0;0;0;0;0;0
FR;11;2023-01-06;0;0;0;0;0;0;0;0;0;0;0;0;0;0;0;0;0;0
FR;11;2023-01-07;0;0;0;0;0;0;0;0;0;0;0;0;0;0;0;0;0;0
FR;11;2023-01-08;0;0;0;0;0;0;0;0;0;0;0;0;0;0;0;0;0;0
FR;11;2023-01-09;0;0;0;0;0;0;0;0;0;0;0;0;0;0;0;0;0;0
FR;11;2023-01-10;0;0;0;0;0;0;0;0;0;0;0;0;0;0;0;0;0;0
FR;11;2023-01-11;0;0;0;0;0;0;0;0;0;0;0;0;0;0;0;0;0;0
FR;11;2023-01-12;0;0;0;0;0;0;0;0;0;0;0;0;0;0;0;0;0;0
FR;11;2023-01-13;0;0;0;0;0;0;0;0;0;0;0;0;0;0;0;0;0;0
FR;11;2023-01-14;0;0;0;0;0;0;0;0;0;0;0;0;0;0;0;0;0;0
FR;11;2023-01-15;0;0;0;0;0;0;0;0;0;0;0;0;0;0;0;0;0;0
FR;11;2023-01-16;0;0;0;0;0;0;0;0;0;0;0;0;0;0;0;0;0;0
FR;11;2023-01-17;0;0;0;0;0;0;0;0;0;0;0;0;0;0;0;0;0;0
FR;11;2023-01-18;0;0;0;0;0;0;0;0;0;0;0;0;0;0;0;0;0;0
FR;11;2023-01-19;0;0;0;0;0;0;0;0;0;0;0;0;0;0;0;0;0;0
FR;11;2023-01-20;0;0;0;0;0;0;0;0;0;0;0;0;0;0;0;0;0;0
FR;11;2023-01-21;0;0;0;0;0;0;0;0;0;0;0;0;0;0;0;0;0;0
FR;11;2023-01-22;0;0;0;0;0;0;0;0;0;0;0;0;0;0;0;0;0;0
FR;11;2023-01-23;0;0;0;0;0;0;0;0;0;0;0;0;0;0;0;0;0;0
FR;11;2023-01-24;0;0;0;0;0;0;0;0;0;0;0;0;0;0;0;0;0;0
FR;11;2023-01-25;0;0;0;0;0;0;0;0;0;0;0;0;0;0;0;0;0;0
FR;11;2023-01-26;0;0;0;0;0;0;0;0;0;0;0;0;0;0;0;0;0;0
FR;11;2023-01-27;0;0;0;0;0;0;0;0;0;0;0;0;0;0;0;0;0;0
FR;11;2023-01-28;0;0;0;0;0;0;0;0;0;0;0;0;0;0;0;0;0;0
FR;11;2023-01-29;0;0;0;0;0;0;0;0;0;0;0;0;0;0;0;0;0;0
FR;11;2023-01-30;0;0;0;0;0;0;0;0;0;0;0;0;0;0;0;0;0;0
FR;11;2023-01-31;0;0;0;0;0;0;0;0;0;0;0;0;0;0;0;0;0;0
FR;11;2023-02-01;0;0;0;0;0;0;0;0;0;0;0;0;0;0;0;0;0;0
FR;11;2023-02-02;0;0;0;0;0;0;0;0;0;0;0;0;0;0;0;0;0;0
FR;11;2023-02-03;0;0;0;0;0;0;0;0;0;0;0;0;0;0;0;0;0;0
FR;11;2023-02-04;0;0;0;0;0;0;0;0;0;0;0;0;0;0;0;0;0;0
FR;11;2023-02-05;0;0;0;0;0;0;0;0;0;0;0;0;0;0;0;0;0;0
FR;11;2023-02-06;1;0;0;0;0;0;0;0;0;1;0;0;0;0;0;0;0;0
FR;11;2023-02-07;0;0;0;0;0;0;0;0;0;1;0;0;0;0;0;0;0;0
FR;11;2023-02-08;2;0;0;0;0;0;0;0;0;3;0;0;0;0;0;0;0;0
FR;11;2023-02-09;2;0;0;0;0;0;0;0;0;5;0;0;0;0;0;0;0;0
FR;11;2023-02-10;0;0;0;0;0;0;0;0;0;5;0;0;0;0;0;0;0;0
FR;11;2023-02-11;0;0;0;0;0;0;0;0;0;5;0;0;0;0;0;0;0;0
FR;11;2023-02-12;0;0;0;0;0;0;0;0;0;5;0;0;0;0;0;0;0;0
FR;11;2023-02-13;2;0;0;0;0;0;0;0;0;7;0;0;0;0;0;0;0;0
FR;11;2023-02-14;0;0;0;0;0;0;0;0;0;7;0;0;0;0;0;0;0;0
FR;11;2023-02-15;2;0;0;0;0;0;0;0;0;9;0;0;0;0;0;0;0;0
FR;11;2023-02-16;0;0;0;0;0;0;0;0;0;9;0;0;0;0;0;0;0;0
FR;11;2023-02-17;0;0;0;0;0;0;0;0;0;9;0;0;0;0;0;0;0;0
FR;11;2023-02-18;0;0;0;0;0;0;0;0;0;9;0;0;0;0;0;0;0;0
FR;11;2023-02-19;0;0;0;0;0;0;0;0;0;9;0;0;0;0;0;0;0;0
FR;11;2023-02-20;0;0;0;0;0;0;0;0;0;9;0;0;0;0;0;0;0;0
FR;11;2023-02-21;1;0;0;0;0;0;0;0;0;10;0;0;0;0;0;0;0;0
FR;11;2023-02-22;0;0;0;0;0;0;0;0;0;10;0;0;0;0;0;0;0;0
FR;11;2023-02-23;0;0;0;0;0;0;0;0;0;10;0;0;0;0;0;0;0;0
FR;11;2023-02-24;0;0;0;0;0;0;0;0;0;10;0;0;0;0;0;0;0;0
FR;11;2023-02-25;0;0;0;0;0;0;0;0;0;10;0;0;0;0;0;0;0;0
FR;11;2023-02-26;0;0;2;0;0;2;0;0;0;10;0;2;0;0;2;0;0;0
FR;11;2023-02-27;0;0;0;0;0;0;0;0;0;10;0;2;0;0;2;0;0;0
FR;11;2023-02-28;1;1;0;0;1;0;0;0;0;11;1;2;0;1;2;0;0;0
FR;11;2023-03-01;0;1;0;0;1;0;0;0;0;11;2;2;0;2;2;0;0;0
FR;11;2023-03-02;0;0;0;0;0;0;0;0;0;11;2;2;0;2;2;0;0;0
FR;11;2023-03-03;0;0;0;0;0;0;0;0;0;11;2;2;0;2;2;0;0;0
FR;11;2023-03-04;2;1;0;0;1;0;0;0;0;13;3;2;0;3;2;0;0;0
FR;11;2023-03-05;0;0;0;0;0;0;0;0;0;13;3;2;0;3;2;0;0;0
FR;11;2023-03-06;4;0;1;0;1;1;0;0;0;17;3;3;0;4;3;0;0;0
FR;11;2023-03-07;0;1;0;0;1;0;0;0;0;17;4;3;0;5;3;0;0;0
FR;11;2023-03-08;1;1;0;0;1;0;0;0;0;18;5;3;0;6;3;0;0;0
FR;11;2023-03-09;0;0;0;0;0;0;0;0;0;18;5;3;0;6;3;0;0;0
FR;11;2023-03-10;0;0;0;0;0;0;0;0;0;18;5;3;0;6;3;0;0;0
FR;11;2023-03-11;2;0;0;0;0;0;0;0;0;20;5;3;0;6;3;0;0;0
FR;11;2023-03-12;0;1;0;0;1;0;0;0;0;20;6;3;0;7;3;0;0;0
FR;11;2023-03-13;0;0;0;0;0;0;0;0;0;20;6;3;0;7;3;0;0;0
FR;11;2023-03-14;0;0;0;0;0;0;0;0;0;20;6;3;0;7;3;0;0;0
FR;11;2023-03-15;0;1;0;0;1;0;0;0;0;20;7;3;0;8;3;0;0;0
FR;11;2023-03-16;0;0;0;0;0;0;0;0;0;20;7;3;0;8;3;0;0;0
FR;11;2023-03-17;0;0;0;0;0;0;0;0;0;20;7;3;0;8;3;0;0;0
FR;11;2023-03-18;1;0;0;0;0;0;0;0;0;21;7;3;0;8;3;0;0;0
FR;11;2023-03-19;0;0;0;0;0;0;0;0;0;21;7;3;0;8;3;0;0;0
FR;11;2023-03-20;0;0;0;0;0;0;0;0;0;21;7;3;0;8;3;0;0;0
FR;11;2023-03-21;1;0;0;0;0;0;0;0;0;22;7;3;0;8;3;0;0;0
FR;11;2023-03-22;2;0;0;0;0;0;0;0;0;24;7;3;0;8;3;0;0;0
FR;11;2023-03-23;0;0;0;1;0;0;1;0;0;24;7;3;1;8;3;1;0;0
FR;11;2023-03-24;0;0;0;0;0;0;0;0;0;24;7;3;1;8;3;1;0;0
FR;11;2023-03-25;1;1;0;0;1;0;0;0;0;25;8;3;1;9;3;1;0;0
FR;11;2023-03-26;0;0;0;0;0;0;0;0;0;25;8;3;1;9;3;1;0;0
FR;11;2023-03-27;0;1;0;0;0;1;0;0;0;25;9;3;1;9;4;1;0;0
FR;11;2023-03-28;0;0;0;0;0;0;0;0;0;25;9;3;1;9;4;1;0;0
FR;11;2023-03-29;0;1;0;0;1;0;0;0;0;25;10;3;1;10;4;1;0;0
FR;11;2023-03-30;1;1;0;0;1;0;0;0;0;26;11;3;1;11;4;1;0;0
FR;11;2023-03-31;0;0;0;0;0;0;0;0;0;26;11;3;1;11;4;1;0;0
FR;11;2023-04-01;0;2;0;0;2;0;0;0;0;26;13;3;1;13;4;1;0;0
FR;11;2023-04-02;0;0;0;0;0;0;0;0;0;26;13;3;1;13;4;1;0;0
FR;11;2023-04-03;0;3;0;0;3;0;0;0;0;26;16;3;1;16;4;1;0;0
FR;11;2023-04-04;0;0;0;0;0;0;0;0;0;26;16;3;1;16;4;1;0;0
FR;11;2023-04-05;0;0;0;0;0;0;0;0;0;26;16;3;1;16;4;1;0;0
FR;11;2023-04-06;0;0;0;0;0;0;0;0;0;26;16;3;1;16;4;1;0;0
FR;11;2023-04-07;0;1;0;0;1;0;0;0;0;26;17;3;1;17;4;1;0;0
FR;11;2023-04-08;0;0;0;0;0;0;0;0;0;26;17;3;1;17;4;1;0;0
FR;11;2023-04-09;0;0;0;0;0;0;0;0;0;26;17;3;1;17;4;1;0;0
FR;11;2023-04-10;0;0;0;0;0;0;0;0;0;26;17;3;1;17;4;1;0;0
FR;11;2023-04-11;0;1;0;0;1;0;0;0;0;26;18;3;1;18;4;1;0;0
FR;11;2023-04-12;1;1;0;0;1;0;0;0;0;27;19;3;1;19;4;1;0;0
FR;11;2023-04-13;0;0;0;0;0;0;0;0;0;27;19;3;1;19;4;1;0;0
FR;11;2023-04-14;0;0;0;0;0;0;0;0;0;27;19;3;1;19;4;1;0;0
FR;11;2023-04-15;0;1;0;0;1;0;0;0;0;27;20;3;1;20;4;1;0;0
FR;11;2023-04-16;0;0;0;0;0;0;0;0;0;27;20;3;1;20;4;1;0;0
FR;11;2023-04-17;0;1;0;0;1;0;0;0;0;27;21;3;1;21;4;1;0;0
FR;11;2023-04-18;0;0;0;0;0;0;0;0;0;27;21;3;1;21;4;1;0;0
FR;11;2023-04-19;1;0;0;0;0;0;0;0;0;28;21;3;1;21;4;1;0;0
FR;11;2023-04-20;0;1;0;0;1;0;0;0;0;28;22;3;1;22;4;1;0;0
FR;11;2023-04-21;2;0;0;0;0;0;0;0;0;30;22;3;1;22;4;1;0;0
FR;11;2023-04-22;0;2;0;0;2;0;0;0;0;30;24;3;1;24;4;1;0;0
FR;11;2023-04-23;0;0;0;0;0;0;0;0;0;30;24;3;1;24;4;1;0;0
FR;11;2023-04-24;0;0;1;0;0;1;0;0;0;30;24;4;1;24;5;1;0;0
FR;11;2023-04-25;0;0;0;0;0;0;0;0;0;30;24;4;1;24;5;1;0;0
FR;11;2023-04-26;0;0;0;0;0;0;0;0;0;30;24;4;1;24;5;1;0;0
FR;11;2023-04-27;0;0;0;0;0;0;0;0;0;30;24;4;1;24;5;1;0;0
FR;11;2023-04-28;0;0;0;0;0;0;0;0;0;30;24;4;1;24;5;1;0;0
FR;11;2023-04-29;0;0;0;0;0;0;0;0;0;30;24;4;1;24;5;1;0;0
FR;11;2023-04-30;0;0;0;0;0;0;0;0;0;30;24;4;1;24;5;1;0;0
FR;11;2023-05-01;0;0;0;0;0;0;0;0;0;30;24;4;1;24;5;1;0;0
FR;11;2023-05-02;0;0;0;0;0;0;0;0;0;30;24;4;1;24;5;1;0;0
FR;11;2023-05-03;0;0;2;0;0;2;0;0;0;30;24;6;1;24;7;1;0;0
FR;12;2020-12-27;0;0;0;0;0;0;0;0;0;0;0;0;0;0;0;0;0;0
FR;12;2020-12-28;0;0;0;0;0;0;0;0;0;0;0;0;0;0;0;0;0;0
FR;12;2020-12-29;0;0;0;0;0;0;0;0;0;0;0;0;0;0;0;0;0;0
FR;12;2020-12-30;0;0;0;0;0;0;0;0;0;0;0;0;0;0;0;0;0;0
FR;12;2020-12-31;0;0;0;0;0;0;0;0;0;0;0;0;0;0;0;0;0;0
FR;12;2021-01-01;0;0;0;0;0;0;0;0;0;0;0;0;0;0;0;0;0;0
FR;12;2021-01-02;0;0;0;0;0;0;0;0;0;0;0;0;0;0;0;0;0;0
FR;12;2021-01-03;0;0;0;0;0;0;0;0;0;0;0;0;0;0;0;0;0;0
FR;12;2021-01-04;0;0;0;0;0;0;0;0;0;0;0;0;0;0;0;0;0;0
FR;12;2021-01-05;0;0;0;0;0;0;0;0;0;0;0;0;0;0;0;0;0;0
FR;12;2021-01-06;0;0;0;0;0;0;0;0;0;0;0;0;0;0;0;0;0;0
FR;12;2021-01-07;0;0;0;0;0;0;0;0;0;0;0;0;0;0;0;0;0;0
FR;12;2021-01-08;0;0;0;0;0;0;0;0;0;0;0;0;0;0;0;0;0;0
FR;12;2021-01-09;0;0;0;0;0;0;0;0;0;0;0;0;0;0;0;0;0;0
FR;12;2021-01-10;0;0;0;0;0;0;0;0;0;0;0;0;0;0;0;0;0;0
FR;12;2021-01-11;0;0;0;0;0;0;0;0;0;0;0;0;0;0;0;0;0;0
FR;12;2021-01-12;0;0;0;0;0;0;0;0;0;0;0;0;0;0;0;0;0;0
FR;12;2021-01-13;0;0;0;0;0;0;0;0;0;0;0;0;0;0;0;0;0;0
FR;12;2021-01-14;0;0;0;0;0;0;0;0;0;0;0;0;0;0;0;0;0;0
FR;12;2021-01-15;0;0;0;0;0;0;0;0;0;0;0;0;0;0;0;0;0;0
FR;12;2021-01-16;0;0;0;0;0;0;0;0;0;0;0;0;0;0;0;0;0;0
FR;12;2021-01-17;0;0;0;0;0;0;0;0;0;0;0;0;0;0;0;0;0;0
FR;12;2021-01-18;0;0;0;0;0;0;0;0;0;0;0;0;0;0;0;0;0;0
FR;12;2021-01-19;0;0;0;0;0;0;0;0;0;0;0;0;0;0;0;0;0;0
FR;12;2021-01-20;0;0;0;0;0;0;0;0;0;0;0;0;0;0;0;0;0;0
FR;12;2021-01-21;0;0;0;0;0;0;0;0;0;0;0;0;0;0;0;0;0;0
FR;12;2021-01-22;0;0;0;0;0;0;0;0;0;0;0;0;0;0;0;0;0;0
FR;12;2021-01-23;0;0;0;0;0;0;0;0;0;0;0;0;0;0;0;0;0;0
FR;12;2021-01-24;0;0;0;0;0;0;0;0;0;0;0;0;0;0;0;0;0;0
FR;12;2021-01-25;0;0;0;0;0;0;0;0;0;0;0;0;0;0;0;0;0;0
FR;12;2021-01-26;0;0;0;0;0;0;0;0;0;0;0;0;0;0;0;0;0;0
FR;12;2021-01-27;0;0;0;0;0;0;0;0;0;0;0;0;0;0;0;0;0;0
FR;12;2021-01-28;0;0;0;0;0;0;0;0;0;0;0;0;0;0;0;0;0;0
FR;12;2021-01-29;0;0;0;0;0;0;0;0;0;0;0;0;0;0;0;0;0;0
FR;12;2021-01-30;0;0;0;0;0;0;0;0;0;0;0;0;0;0;0;0;0;0
FR;12;2021-01-31;0;0;0;0;0;0;0;0;0;0;0;0;0;0;0;0;0;0
FR;12;2021-02-01;0;0;0;0;0;0;0;0;0;0;0;0;0;0;0;0;0;0
FR;12;2021-02-02;0;0;0;0;0;0;0;0;0;0;0;0;0;0;0;0;0;0
FR;12;2021-02-03;0;0;0;0;0;0;0;0;0;0;0;0;0;0;0;0;0;0
FR;12;2021-02-04;0;0;0;0;0;0;0;0;0;0;0;0;0;0;0;0;0;0
FR;12;2021-02-05;0;0;0;0;0;0;0;0;0;0;0;0;0;0;0;0;0;0
FR;12;2021-02-06;0;0;0;0;0;0;0;0;0;0;0;0;0;0;0;0;0;0
FR;12;2021-02-07;0;0;0;0;0;0;0;0;0;0;0;0;0;0;0;0;0;0
FR;12;2021-02-08;0;0;0;0;0;0;0;0;0;0;0;0;0;0;0;0;0;0
FR;12;2021-02-09;0;0;0;0;0;0;0;0;0;0;0;0;0;0;0;0;0;0
FR;12;2021-02-10;0;0;0;0;0;0;0;0;0;0;0;0;0;0;0;0;0;0
FR;12;2021-02-11;0;0;0;0;0;0;0;0;0;0;0;0;0;0;0;0;0;0
FR;12;2021-02-12;0;0;0;0;0;0;0;0;0;0;0;0;0;0;0;0;0;0
FR;12;2021-02-13;0;0;0;0;0;0;0;0;0;0;0;0;0;0;0;0;0;0
FR;12;2021-02-14;0;0;0;0;0;0;0;0;0;0;0;0;0;0;0;0;0;0
FR;12;2021-02-15;0;0;0;0;0;0;0;0;0;0;0;0;0;0;0;0;0;0
FR;12;2021-02-16;0;0;0;0;0;0;0;0;0;0;0;0;0;0;0;0;0;0
FR;12;2021-02-17;0;0;0;0;0;0;0;0;0;0;0;0;0;0;0;0;0;0
FR;12;2021-02-18;0;0;0;0;0;0;0;0;0;0;0;0;0;0;0;0;0;0
FR;12;2021-02-19;0;0;0;0;0;0;0;0;0;0;0;0;0;0;0;0;0;0
FR;12;2021-02-20;0;0;0;0;0;0;0;0;0;0;0;0;0;0;0;0;0;0
FR;12;2021-02-21;0;0;0;0;0;0;0;0;0;0;0;0;0;0;0;0;0;0
FR;12;2021-02-22;0;0;0;0;0;0;0;0;0;0;0;0;0;0;0;0;0;0
FR;12;2021-02-23;0;0;0;0;0;0;0;0;0;0;0;0;0;0;0;0;0;0
FR;12;2021-02-24;0;0;0;0;0;0;0;0;0;0;0;0;0;0;0;0;0;0
FR;12;2021-02-25;0;0;0;0;0;0;0;0;0;0;0;0;0;0;0;0;0;0
FR;12;2021-02-26;0;0;0;0;0;0;0;0;0;0;0;0;0;0;0;0;0;0
FR;12;2021-02-27;0;0;0;0;0;0;0;0;0;0;0;0;0;0;0;0;0;0
FR;12;2021-02-28;0;0;0;0;0;0;0;0;0;0;0;0;0;0;0;0;0;0
FR;12;2021-03-01;0;0;0;0;0;0;0;0;0;0;0;0;0;0;0;0;0;0
FR;12;2021-03-02;0;0;0;0;0;0;0;0;0;0;0;0;0;0;0;0;0;0
FR;12;2021-03-03;0;0;0;0;0;0;0;0;0;0;0;0;0;0;0;0;0;0
FR;12;2021-03-04;0;0;0;0;0;0;0;0;0;0;0;0;0;0;0;0;0;0
FR;12;2021-03-05;0;0;0;0;0;0;0;0;0;0;0;0;0;0;0;0;0;0
FR;12;2021-03-06;0;0;0;0;0;0;0;0;0;0;0;0;0;0;0;0;0;0
FR;12;2021-03-07;0;0;0;0;0;0;0;0;0;0;0;0;0;0;0;0;0;0
FR;12;2021-03-08;0;0;0;0;0;0;0;0;0;0;0;0;0;0;0;0;0;0
FR;12;2021-03-09;0;0;0;0;0;0;0;0;0;0;0;0;0;0;0;0;0;0
FR;12;2021-03-10;0;0;0;0;0;0;0;0;0;0;0;0;0;0;0;0;0;0
FR;12;2021-03-11;0;0;0;0;0;0;0;0;0;0;0;0;0;0;0;0;0;0
FR;12;2021-03-12;0;0;0;0;0;0;0;0;0;0;0;0;0;0;0;0;0;0
FR;12;2021-03-13;0;0;0;0;0;0;0;0;0;0;0;0;0;0;0;0;0;0
FR;12;2021-03-14;0;0;0;0;0;0;0;0;0;0;0;0;0;0;0;0;0;0
FR;12;2021-03-15;0;0;0;0;0;0;0;0;0;0;0;0;0;0;0;0;0;0
FR;12;2021-03-16;0;0;0;0;0;0;0;0;0;0;0;0;0;0;0;0;0;0
FR;12;2021-03-17;0;0;0;0;0;0;0;0;0;0;0;0;0;0;0;0;0;0
FR;12;2021-03-18;0;0;0;0;0;0;0;0;0;0;0;0;0;0;0;0;0;0
FR;12;2021-03-19;0;0;0;0;0;0;0;0;0;0;0;0;0;0;0;0;0;0
FR;12;2021-03-20;0;0;0;0;0;0;0;0;0;0;0;0;0;0;0;0;0;0
FR;12;2021-03-21;0;0;0;0;0;0;0;0;0;0;0;0;0;0;0;0;0;0
FR;12;2021-03-22;0;0;0;0;0;0;0;0;0;0;0;0;0;0;0;0;0;0
FR;12;2021-03-23;0;0;0;0;0;0;0;0;0;0;0;0;0;0;0;0;0;0
FR;12;2021-03-24;0;0;0;0;0;0;0;0;0;0;0;0;0;0;0;0;0;0
FR;12;2021-03-25;0;0;0;0;0;0;0;0;0;0;0;0;0;0;0;0;0;0
FR;12;2021-03-26;0;0;0;0;0;0;0;0;0;0;0;0;0;0;0;0;0;0
FR;12;2021-03-27;0;0;0;0;0;0;0;0;0;0;0;0;0;0;0;0;0;0
FR;12;2021-03-28;0;0;0;0;0;0;0;0;0;0;0;0;0;0;0;0;0;0
FR;12;2021-03-29;0;0;0;0;0;0;0;0;0;0;0;0;0;0;0;0;0;0
FR;12;2021-03-30;0;0;0;0;0;0;0;0;0;0;0;0;0;0;0;0;0;0
FR;12;2021-03-31;0;0;0;0;0;0;0;0;0;0;0;0;0;0;0;0;0;0
FR;12;2021-04-01;0;0;0;0;0;0;0;0;0;0;0;0;0;0;0;0;0;0
FR;12;2021-04-02;0;0;0;0;0;0;0;0;0;0;0;0;0;0;0;0;0;0
FR;12;2021-04-03;0;0;0;0;0;0;0;0;0;0;0;0;0;0;0;0;0;0
FR;12;2021-04-04;0;0;0;0;0;0;0;0;0;0;0;0;0;0;0;0;0;0
FR;12;2021-04-05;0;0;0;0;0;0;0;0;0;0;0;0;0;0;0;0;0;0
FR;12;2021-04-06;0;0;0;0;0;0;0;0;0;0;0;0;0;0;0;0;0;0
FR;12;2021-04-07;0;0;0;0;0;0;0;0;0;0;0;0;0;0;0;0;0;0
FR;12;2021-04-08;0;0;0;0;0;0;0;0;0;0;0;0;0;0;0;0;0;0
FR;12;2021-04-09;0;0;0;0;0;0;0;0;0;0;0;0;0;0;0;0;0;0
FR;12;2021-04-10;0;0;0;0;0;0;0;0;0;0;0;0;0;0;0;0;0;0
FR;12;2021-04-11;0;0;0;0;0;0;0;0;0;0;0;0;0;0;0;0;0;0
FR;12;2021-04-12;0;0;0;0;0;0;0;0;0;0;0;0;0;0;0;0;0;0
FR;12;2021-04-13;0;0;0;0;0;0;0;0;0;0;0;0;0;0;0;0;0;0
FR;12;2021-04-14;0;0;0;0;0;0;0;0;0;0;0;0;0;0;0;0;0;0
FR;12;2021-04-15;0;0;0;0;0;0;0;0;0;0;0;0;0;0;0;0;0;0
FR;12;2021-04-16;0;0;0;0;0;0;0;0;0;0;0;0;0;0;0;0;0;0
FR;12;2021-04-17;0;0;0;0;0;0;0;0;0;0;0;0;0;0;0;0;0;0
FR;12;2021-04-18;0;0;0;0;0;0;0;0;0;0;0;0;0;0;0;0;0;0
FR;12;2021-04-19;0;0;0;0;0;0;0;0;0;0;0;0;0;0;0;0;0;0
FR;12;2021-04-20;0;0;0;0;0;0;0;0;0;0;0;0;0;0;0;0;0;0
FR;12;2021-04-21;0;0;0;0;0;0;0;0;0;0;0;0;0;0;0;0;0;0
FR;12;2021-04-22;0;0;0;0;0;0;0;0;0;0;0;0;0;0;0;0;0;0
FR;12;2021-04-23;0;0;0;0;0;0;0;0;0;0;0;0;0;0;0;0;0;0
FR;12;2021-04-24;0;0;0;0;0;0;0;0;0;0;0;0;0;0;0;0;0;0
FR;12;2021-04-25;0;0;0;0;0;0;0;0;0;0;0;0;0;0;0;0;0;0
FR;12;2021-04-26;0;0;0;0;0;0;0;0;0;0;0;0;0;0;0;0;0;0
FR;12;2021-04-27;0;0;0;0;0;0;0;0;0;0;0;0;0;0;0;0;0;0
FR;12;2021-04-28;0;0;0;0;0;0;0;0;0;0;0;0;0;0;0;0;0;0
FR;12;2021-04-29;0;0;0;0;0;0;0;0;0;0;0;0;0;0;0;0;0;0
FR;12;2021-04-30;0;0;0;0;0;0;0;0;0;0;0;0;0;0;0;0;0;0
FR;12;2021-05-01;0;0;0;0;0;0;0;0;0;0;0;0;0;0;0;0;0;0
FR;12;2021-05-02;0;0;0;0;0;0;0;0;0;0;0;0;0;0;0;0;0;0
FR;12;2021-05-03;0;0;0;0;0;0;0;0;0;0;0;0;0;0;0;0;0;0
FR;12;2021-05-04;0;0;0;0;0;0;0;0;0;0;0;0;0;0;0;0;0;0
FR;12;2021-05-05;0;0;0;0;0;0;0;0;0;0;0;0;0;0;0;0;0;0
FR;12;2021-05-06;0;0;0;0;0;0;0;0;0;0;0;0;0;0;0;0;0;0
FR;12;2021-05-07;0;0;0;0;0;0;0;0;0;0;0;0;0;0;0;0;0;0
FR;12;2021-05-08;0;0;0;0;0;0;0;0;0;0;0;0;0;0;0;0;0;0
FR;12;2021-05-09;0;0;0;0;0;0;0;0;0;0;0;0;0;0;0;0;0;0
FR;12;2021-05-10;0;0;0;0;0;0;0;0;0;0;0;0;0;0;0;0;0;0
FR;12;2021-05-11;0;0;0;0;0;0;0;0;0;0;0;0;0;0;0;0;0;0
FR;12;2021-05-12;0;0;0;0;0;0;0;0;0;0;0;0;0;0;0;0;0;0
FR;12;2021-05-13;0;0;0;0;0;0;0;0;0;0;0;0;0;0;0;0;0;0
FR;12;2021-05-14;0;0;0;0;0;0;0;0;0;0;0;0;0;0;0;0;0;0
FR;12;2021-05-15;0;0;0;0;0;0;0;0;0;0;0;0;0;0;0;0;0;0
FR;12;2021-05-16;0;0;0;0;0;0;0;0;0;0;0;0;0;0;0;0;0;0
FR;12;2021-05-17;0;0;0;0;0;0;0;0;0;0;0;0;0;0;0;0;0;0
FR;12;2021-05-18;0;0;0;0;0;0;0;0;0;0;0;0;0;0;0;0;0;0
FR;12;2021-05-19;0;0;0;0;0;0;0;0;0;0;0;0;0;0;0;0;0;0
FR;12;2021-05-20;0;0;0;0;0;0;0;0;0;0;0;0;0;0;0;0;0;0
FR;12;2021-05-21;0;0;0;0;0;0;0;0;0;0;0;0;0;0;0;0;0;0
FR;12;2021-05-22;0;0;0;0;0;0;0;0;0;0;0;0;0;0;0;0;0;0
FR;12;2021-05-23;0;0;0;0;0;0;0;0;0;0;0;0;0;0;0;0;0;0
FR;12;2021-05-24;0;0;0;0;0;0;0;0;0;0;0;0;0;0;0;0;0;0
FR;12;2021-05-25;0;0;0;0;0;0;0;0;0;0;0;0;0;0;0;0;0;0
FR;12;2021-05-26;0;0;0;0;0;0;0;0;0;0;0;0;0;0;0;0;0;0
FR;12;2021-05-27;0;0;0;0;0;0;0;0;0;0;0;0;0;0;0;0;0;0
FR;12;2021-05-28;0;0;0;0;0;0;0;0;0;0;0;0;0;0;0;0;0;0
FR;12;2021-05-29;0;0;0;0;0;0;0;0;0;0;0;0;0;0;0;0;0;0
FR;12;2021-05-30;0;0;0;0;0;0;0;0;0;0;0;0;0;0;0;0;0;0
FR;12;2021-05-31;0;0;0;0;0;0;0;0;0;0;0;0;0;0;0;0;0;0
FR;12;2021-06-01;0;0;0;0;0;0;0;0;0;0;0;0;0;0;0;0;0;0
FR;12;2021-06-02;0;0;0;0;0;0;0;0;0;0;0;0;0;0;0;0;0;0
FR;12;2021-06-03;0;0;0;0;0;0;0;0;0;0;0;0;0;0;0;0;0;0
FR;12;2021-06-04;0;0;0;0;0;0;0;0;0;0;0;0;0;0;0;0;0;0
FR;12;2021-06-05;0;0;0;0;0;0;0;0;0;0;0;0;0;0;0;0;0;0
FR;12;2021-06-06;0;0;0;0;0;0;0;0;0;0;0;0;0;0;0;0;0;0
FR;12;2021-06-07;0;0;0;0;0;0;0;0;0;0;0;0;0;0;0;0;0;0
FR;12;2021-06-08;0;0;0;0;0;0;0;0;0;0;0;0;0;0;0;0;0;0
FR;12;2021-06-09;0;0;0;0;0;0;0;0;0;0;0;0;0;0;0;0;0;0
FR;12;2021-06-10;0;0;0;0;0;0;0;0;0;0;0;0;0;0;0;0;0;0
FR;12;2021-06-11;0;0;0;0;0;0;0;0;0;0;0;0;0;0;0;0;0;0
FR;12;2021-06-12;0;0;0;0;0;0;0;0;0;0;0;0;0;0;0;0;0;0
FR;12;2021-06-13;0;0;0;0;0;0;0;0;0;0;0;0;0;0;0;0;0;0
FR;12;2021-06-14;0;0;0;0;0;0;0;0;0;0;0;0;0;0;0;0;0;0
FR;12;2021-06-15;0;0;0;0;0;0;0;0;0;0;0;0;0;0;0;0;0;0
FR;12;2021-06-16;0;0;0;0;0;0;0;0;0;0;0;0;0;0;0;0;0;0
FR;12;2021-06-17;0;0;0;0;0;0;0;0;0;0;0;0;0;0;0;0;0;0
FR;12;2021-06-18;0;0;0;0;0;0;0;0;0;0;0;0;0;0;0;0;0;0
FR;12;2021-06-19;0;0;0;0;0;0;0;0;0;0;0;0;0;0;0;0;0;0
FR;12;2021-06-20;0;0;0;0;0;0;0;0;0;0;0;0;0;0;0;0;0;0
FR;12;2021-06-21;0;0;0;0;0;0;0;0;0;0;0;0;0;0;0;0;0;0
FR;12;2021-06-22;0;0;0;0;0;0;0;0;0;0;0;0;0;0;0;0;0;0
FR;12;2021-06-23;0;0;0;0;0;0;0;0;0;0;0;0;0;0;0;0;0;0
FR;12;2021-06-24;0;0;0;0;0;0;0;0;0;0;0;0;0;0;0;0;0;0
FR;12;2021-06-25;0;0;0;0;0;0;0;0;0;0;0;0;0;0;0;0;0;0
FR;12;2021-06-26;0;0;0;0;0;0;0;0;0;0;0;0;0;0;0;0;0;0
FR;12;2021-06-27;0;0;0;0;0;0;0;0;0;0;0;0;0;0;0;0;0;0
FR;12;2021-06-28;0;0;0;0;0;0;0;0;0;0;0;0;0;0;0;0;0;0
FR;12;2021-06-29;0;0;0;0;0;0;0;0;0;0;0;0;0;0;0;0;0;0
FR;12;2021-06-30;0;0;0;0;0;0;0;0;0;0;0;0;0;0;0;0;0;0
FR;12;2021-07-01;0;0;0;0;0;0;0;0;0;0;0;0;0;0;0;0;0;0
FR;12;2021-07-02;0;0;0;0;0;0;0;0;0;0;0;0;0;0;0;0;0;0
FR;12;2021-07-03;0;0;0;0;0;0;0;0;0;0;0;0;0;0;0;0;0;0
FR;12;2021-07-04;0;0;0;0;0;0;0;0;0;0;0;0;0;0;0;0;0;0
FR;12;2021-07-05;0;0;0;0;0;0;0;0;0;0;0;0;0;0;0;0;0;0
FR;12;2021-07-06;0;0;0;0;0;0;0;0;0;0;0;0;0;0;0;0;0;0
FR;12;2021-07-07;0;0;0;0;0;0;0;0;0;0;0;0;0;0;0;0;0;0
FR;12;2021-07-08;0;0;0;0;0;0;0;0;0;0;0;0;0;0;0;0;0;0
FR;12;2021-07-09;0;0;0;0;0;0;0;0;0;0;0;0;0;0;0;0;0;0
FR;12;2021-07-10;0;0;0;0;0;0;0;0;0;0;0;0;0;0;0;0;0;0
FR;12;2021-07-11;0;0;0;0;0;0;0;0;0;0;0;0;0;0;0;0;0;0
FR;12;2021-07-12;0;0;0;0;0;0;0;0;0;0;0;0;0;0;0;0;0;0
FR;12;2021-07-13;0;0;0;0;0;0;0;0;0;0;0;0;0;0;0;0;0;0
FR;12;2021-07-14;0;0;0;0;0;0;0;0;0;0;0;0;0;0;0;0;0;0
FR;12;2021-07-15;0;0;0;0;0;0;0;0;0;0;0;0;0;0;0;0;0;0
FR;12;2021-07-16;0;0;0;0;0;0;0;0;0;0;0;0;0;0;0;0;0;0
FR;12;2021-07-17;0;0;0;0;0;0;0;0;0;0;0;0;0;0;0;0;0;0
FR;12;2021-07-18;0;0;0;0;0;0;0;0;0;0;0;0;0;0;0;0;0;0
FR;12;2021-07-19;0;0;0;0;0;0;0;0;0;0;0;0;0;0;0;0;0;0
FR;12;2021-07-20;0;0;0;0;0;0;0;0;0;0;0;0;0;0;0;0;0;0
FR;12;2021-07-21;0;0;0;0;0;0;0;0;0;0;0;0;0;0;0;0;0;0
FR;12;2021-07-22;0;0;0;0;0;0;0;0;0;0;0;0;0;0;0;0;0;0
FR;12;2021-07-23;0;0;0;0;0;0;0;0;0;0;0;0;0;0;0;0;0;0
FR;12;2021-07-24;0;0;0;0;0;0;0;0;0;0;0;0;0;0;0;0;0;0
FR;12;2021-07-25;0;0;0;0;0;0;0;0;0;0;0;0;0;0;0;0;0;0
FR;12;2021-07-26;0;0;0;0;0;0;0;0;0;0;0;0;0;0;0;0;0;0
FR;12;2021-07-27;0;0;0;0;0;0;0;0;0;0;0;0;0;0;0;0;0;0
FR;12;2021-07-28;0;0;0;0;0;0;0;0;0;0;0;0;0;0;0;0;0;0
FR;12;2021-07-29;0;0;0;0;0;0;0;0;0;0;0;0;0;0;0;0;0;0
FR;12;2021-07-30;0;0;0;0;0;0;0;0;0;0;0;0;0;0;0;0;0;0
FR;12;2021-07-31;0;0;0;0;0;0;0;0;0;0;0;0;0;0;0;0;0;0
FR;12;2021-08-01;0;0;0;0;0;0;0;0;0;0;0;0;0;0;0;0;0;0
FR;12;2021-08-02;0;0;0;0;0;0;0;0;0;0;0;0;0;0;0;0;0;0
FR;12;2021-08-03;0;0;0;0;0;0;0;0;0;0;0;0;0;0;0;0;0;0
FR;12;2021-08-04;0;0;0;0;0;0;0;0;0;0;0;0;0;0;0;0;0;0
FR;12;2021-08-05;0;0;0;0;0;0;0;0;0;0;0;0;0;0;0;0;0;0
FR;12;2021-08-06;0;0;0;0;0;0;0;0;0;0;0;0;0;0;0;0;0;0
FR;12;2021-08-07;0;0;0;0;0;0;0;0;0;0;0;0;0;0;0;0;0;0
FR;12;2021-08-08;0;0;0;0;0;0;0;0;0;0;0;0;0;0;0;0;0;0
FR;12;2021-08-09;0;0;0;0;0;0;0;0;0;0;0;0;0;0;0;0;0;0
FR;12;2021-08-10;0;0;0;0;0;0;0;0;0;0;0;0;0;0;0;0;0;0
FR;12;2021-08-11;0;0;0;0;0;0;0;0;0;0;0;0;0;0;0;0;0;0
FR;12;2021-08-12;0;0;0;0;0;0;0;0;0;0;0;0;0;0;0;0;0;0
FR;12;2021-08-13;0;0;0;0;0;0;0;0;0;0;0;0;0;0;0;0;0;0
FR;12;2021-08-14;0;0;0;0;0;0;0;0;0;0;0;0;0;0;0;0;0;0
FR;12;2021-08-15;0;0;0;0;0;0;0;0;0;0;0;0;0;0;0;0;0;0
FR;12;2021-08-16;0;0;0;0;0;0;0;0;0;0;0;0;0;0;0;0;0;0
FR;12;2021-08-17;0;0;0;0;0;0;0;0;0;0;0;0;0;0;0;0;0;0
FR;12;2021-08-18;0;0;0;0;0;0;0;0;0;0;0;0;0;0;0;0;0;0
FR;12;2021-08-19;0;0;0;0;0;0;0;0;0;0;0;0;0;0;0;0;0;0
FR;12;2021-08-20;0;0;0;0;0;0;0;0;0;0;0;0;0;0;0;0;0;0
FR;12;2021-08-21;0;0;0;0;0;0;0;0;0;0;0;0;0;0;0;0;0;0
FR;12;2021-08-22;0;0;0;0;0;0;0;0;0;0;0;0;0;0;0;0;0;0
FR;12;2021-08-23;0;0;0;0;0;0;0;0;0;0;0;0;0;0;0;0;0;0
FR;12;2021-08-24;0;0;0;0;0;0;0;0;0;0;0;0;0;0;0;0;0;0
FR;12;2021-08-25;0;0;0;0;0;0;0;0;0;0;0;0;0;0;0;0;0;0
FR;12;2021-08-26;0;0;0;0;0;0;0;0;0;0;0;0;0;0;0;0;0;0
FR;12;2021-08-27;0;0;0;0;0;0;0;0;0;0;0;0;0;0;0;0;0;0
FR;12;2021-08-28;0;0;0;0;0;0;0;0;0;0;0;0;0;0;0;0;0;0
FR;12;2021-08-29;0;0;0;0;0;0;0;0;0;0;0;0;0;0;0;0;0;0
FR;12;2021-08-30;0;0;0;0;0;0;0;0;0;0;0;0;0;0;0;0;0;0
FR;12;2021-08-31;0;0;0;0;0;0;0;0;0;0;0;0;0;0;0;0;0;0
FR;12;2021-09-01;0;0;0;0;0;0;0;0;0;0;0;0;0;0;0;0;0;0
FR;12;2021-09-02;0;0;0;0;0;0;0;0;0;0;0;0;0;0;0;0;0;0
FR;12;2021-09-03;0;0;0;0;0;0;0;0;0;0;0;0;0;0;0;0;0;0
FR;12;2021-09-04;0;0;0;0;0;0;0;0;0;0;0;0;0;0;0;0;0;0
FR;12;2021-09-05;0;0;0;0;0;0;0;0;0;0;0;0;0;0;0;0;0;0
FR;12;2021-09-06;0;0;0;0;0;0;0;0;0;0;0;0;0;0;0;0;0;0
FR;12;2021-09-07;0;0;0;0;0;0;0;0;0;0;0;0;0;0;0;0;0;0
FR;12;2021-09-08;0;0;0;0;0;0;0;0;0;0;0;0;0;0;0;0;0;0
FR;12;2021-09-09;0;0;0;0;0;0;0;0;0;0;0;0;0;0;0;0;0;0
FR;12;2021-09-10;0;0;0;0;0;0;0;0;0;0;0;0;0;0;0;0;0;0
FR;12;2021-09-11;0;0;0;0;0;0;0;0;0;0;0;0;0;0;0;0;0;0
FR;12;2021-09-12;0;0;0;0;0;0;0;0;0;0;0;0;0;0;0;0;0;0
FR;12;2021-09-13;0;0;0;0;0;0;0;0;0;0;0;0;0;0;0;0;0;0
FR;12;2021-09-14;0;0;0;0;0;0;0;0;0;0;0;0;0;0;0;0;0;0
FR;12;2021-09-15;0;0;0;0;0;0;0;0;0;0;0;0;0;0;0;0;0;0
FR;12;2021-09-16;0;0;0;0;0;0;0;0;0;0;0;0;0;0;0;0;0;0
FR;12;2021-09-17;0;0;0;0;0;0;0;0;0;0;0;0;0;0;0;0;0;0
FR;12;2021-09-18;0;0;0;0;0;0;0;0;0;0;0;0;0;0;0;0;0;0
FR;12;2021-09-19;0;0;0;0;0;0;0;0;0;0;0;0;0;0;0;0;0;0
FR;12;2021-09-20;0;0;0;0;0;0;0;0;0;0;0;0;0;0;0;0;0;0
FR;12;2021-09-21;0;0;0;0;0;0;0;0;0;0;0;0;0;0;0;0;0;0
FR;12;2021-09-22;0;0;0;0;0;0;0;0;0;0;0;0;0;0;0;0;0;0
FR;12;2021-09-23;0;0;0;0;0;0;0;0;0;0;0;0;0;0;0;0;0;0
FR;12;2021-09-24;0;0;0;0;0;0;0;0;0;0;0;0;0;0;0;0;0;0
FR;12;2021-09-25;0;0;0;0;0;0;0;0;0;0;0;0;0;0;0;0;0;0
FR;12;2021-09-26;0;0;0;0;0;0;0;0;0;0;0;0;0;0;0;0;0;0
FR;12;2021-09-27;0;0;0;0;0;0;0;0;0;0;0;0;0;0;0;0;0;0
FR;12;2021-09-28;0;0;0;0;0;0;0;0;0;0;0;0;0;0;0;0;0;0
FR;12;2021-09-29;0;0;0;0;0;0;0;0;0;0;0;0;0;0;0;0;0;0
FR;12;2021-09-30;0;0;0;0;0;0;0;0;0;0;0;0;0;0;0;0;0;0
FR;12;2021-10-01;0;0;0;0;0;0;0;0;0;0;0;0;0;0;0;0;0;0
FR;12;2021-10-02;0;0;0;0;0;0;0;0;0;0;0;0;0;0;0;0;0;0
FR;12;2021-10-03;0;0;0;0;0;0;0;0;0;0;0;0;0;0;0;0;0;0
FR;12;2021-10-04;0;0;0;0;0;0;0;0;0;0;0;0;0;0;0;0;0;0
FR;12;2021-10-05;0;0;0;0;0;0;0;0;0;0;0;0;0;0;0;0;0;0
FR;12;2021-10-06;0;0;0;0;0;0;0;0;0;0;0;0;0;0;0;0;0;0
FR;12;2021-10-07;0;0;0;0;0;0;0;0;0;0;0;0;0;0;0;0;0;0
FR;12;2021-10-08;0;0;0;0;0;0;0;0;0;0;0;0;0;0;0;0;0;0
FR;12;2021-10-09;0;0;0;0;0;0;0;0;0;0;0;0;0;0;0;0;0;0
FR;12;2021-10-10;0;0;0;0;0;0;0;0;0;0;0;0;0;0;0;0;0;0
FR;12;2021-10-11;0;0;0;0;0;0;0;0;0;0;0;0;0;0;0;0;0;0
FR;12;2021-10-12;0;0;0;0;0;0;0;0;0;0;0;0;0;0;0;0;0;0
FR;12;2021-10-13;0;0;0;0;0;0;0;0;0;0;0;0;0;0;0;0;0;0
FR;12;2021-10-14;0;0;0;0;0;0;0;0;0;0;0;0;0;0;0;0;0;0
FR;12;2021-10-15;0;0;0;0;0;0;0;0;0;0;0;0;0;0;0;0;0;0
FR;12;2021-10-16;0;0;0;0;0;0;0;0;0;0;0;0;0;0;0;0;0;0
FR;12;2021-10-17;0;0;0;0;0;0;0;0;0;0;0;0;0;0;0;0;0;0
FR;12;2021-10-18;0;0;0;0;0;0;0;0;0;0;0;0;0;0;0;0;0;0
FR;12;2021-10-19;0;0;0;0;0;0;0;0;0;0;0;0;0;0;0;0;0;0
FR;12;2021-10-20;0;0;0;0;0;0;0;0;0;0;0;0;0;0;0;0;0;0
FR;12;2021-10-21;0;0;0;0;0;0;0;0;0;0;0;0;0;0;0;0;0;0
FR;12;2021-10-22;0;0;0;0;0;0;0;0;0;0;0;0;0;0;0;0;0;0
FR;12;2021-10-23;0;0;0;0;0;0;0;0;0;0;0;0;0;0;0;0;0;0
FR;12;2021-10-24;0;0;0;0;0;0;0;0;0;0;0;0;0;0;0;0;0;0
FR;12;2021-10-25;0;0;0;0;0;0;0;0;0;0;0;0;0;0;0;0;0;0
FR;12;2021-10-26;0;0;0;0;0;0;0;0;0;0;0;0;0;0;0;0;0;0
FR;12;2021-10-27;0;0;0;0;0;0;0;0;0;0;0;0;0;0;0;0;0;0
FR;12;2021-10-28;0;0;0;0;0;0;0;0;0;0;0;0;0;0;0;0;0;0
FR;12;2021-10-29;0;0;0;0;0;0;0;0;0;0;0;0;0;0;0;0;0;0
FR;12;2021-10-30;0;0;0;0;0;0;0;0;0;0;0;0;0;0;0;0;0;0
FR;12;2021-10-31;0;0;0;0;0;0;0;0;0;0;0;0;0;0;0;0;0;0
FR;12;2021-11-01;0;0;0;0;0;0;0;0;0;0;0;0;0;0;0;0;0;0
FR;12;2021-11-02;0;0;0;0;0;0;0;0;0;0;0;0;0;0;0;0;0;0
FR;12;2021-11-03;0;0;0;0;0;0;0;0;0;0;0;0;0;0;0;0;0;0
FR;12;2021-11-04;0;0;0;0;0;0;0;0;0;0;0;0;0;0;0;0;0;0
FR;12;2021-11-05;0;0;0;0;0;0;0;0;0;0;0;0;0;0;0;0;0;0
FR;12;2021-11-06;0;0;0;0;0;0;0;0;0;0;0;0;0;0;0;0;0;0
FR;12;2021-11-07;0;0;0;0;0;0;0;0;0;0;0;0;0;0;0;0;0;0
FR;12;2021-11-08;0;0;0;0;0;0;0;0;0;0;0;0;0;0;0;0;0;0
FR;12;2021-11-09;0;0;0;0;0;0;0;0;0;0;0;0;0;0;0;0;0;0
FR;12;2021-11-10;0;0;0;0;0;0;0;0;0;0;0;0;0;0;0;0;0;0
FR;12;2021-11-11;0;0;0;0;0;0;0;0;0;0;0;0;0;0;0;0;0;0
FR;12;2021-11-12;0;0;0;0;0;0;0;0;0;0;0;0;0;0;0;0;0;0
FR;12;2021-11-13;0;0;0;0;0;0;0;0;0;0;0;0;0;0;0;0;0;0
FR;12;2021-11-14;0;0;0;0;0;0;0;0;0;0;0;0;0;0;0;0;0;0
FR;12;2021-11-15;0;0;0;0;0;0;0;0;0;0;0;0;0;0;0;0;0;0
FR;12;2021-11-16;0;0;0;0;0;0;0;0;0;0;0;0;0;0;0;0;0;0
FR;12;2021-11-17;0;0;0;0;0;0;0;0;0;0;0;0;0;0;0;0;0;0
FR;12;2021-11-18;0;0;0;0;0;0;0;0;0;0;0;0;0;0;0;0;0;0
FR;12;2021-11-19;0;0;0;0;0;0;0;0;0;0;0;0;0;0;0;0;0;0
FR;12;2021-11-20;0;0;0;0;0;0;0;0;0;0;0;0;0;0;0;0;0;0
FR;12;2021-11-21;0;0;0;0;0;0;0;0;0;0;0;0;0;0;0;0;0;0
FR;12;2021-11-22;0;0;0;0;0;0;0;0;0;0;0;0;0;0;0;0;0;0
FR;12;2021-11-23;0;0;0;0;0;0;0;0;0;0;0;0;0;0;0;0;0;0
FR;12;2021-11-24;0;0;0;0;0;0;0;0;0;0;0;0;0;0;0;0;0;0
FR;12;2021-11-25;0;0;0;0;0;0;0;0;0;0;0;0;0;0;0;0;0;0
FR;12;2021-11-26;0;0;0;0;0;0;0;0;0;0;0;0;0;0;0;0;0;0
FR;12;2021-11-27;0;0;0;0;0;0;0;0;0;0;0;0;0;0;0;0;0;0
FR;12;2021-11-28;0;0;0;0;0;0;0;0;0;0;0;0;0;0;0;0;0;0
FR;12;2021-11-29;0;0;0;0;0;0;0;0;0;0;0;0;0;0;0;0;0;0
FR;12;2021-11-30;0;0;0;0;0;0;0;0;0;0;0;0;0;0;0;0;0;0
FR;12;2021-12-01;0;0;0;0;0;0;0;0;0;0;0;0;0;0;0;0;0;0
FR;12;2021-12-02;0;0;0;0;0;0;0;0;0;0;0;0;0;0;0;0;0;0
FR;12;2021-12-03;0;0;0;0;0;0;0;0;0;0;0;0;0;0;0;0;0;0
FR;12;2021-12-04;0;0;0;0;0;0;0;0;0;0;0;0;0;0;0;0;0;0
FR;12;2021-12-05;0;0;0;0;0;0;0;0;0;0;0;0;0;0;0;0;0;0
FR;12;2021-12-06;0;0;0;0;0;0;0;0;0;0;0;0;0;0;0;0;0;0
FR;12;2021-12-07;0;0;0;0;0;0;0;0;0;0;0;0;0;0;0;0;0;0
FR;12;2021-12-08;0;0;0;0;0;0;0;0;0;0;0;0;0;0;0;0;0;0
FR;12;2021-12-09;0;0;0;0;0;0;0;0;0;0;0;0;0;0;0;0;0;0
FR;12;2021-12-10;0;0;0;0;0;0;0;0;0;0;0;0;0;0;0;0;0;0
FR;12;2021-12-11;0;0;0;0;0;0;0;0;0;0;0;0;0;0;0;0;0;0
FR;12;2021-12-12;0;0;0;0;0;0;0;0;0;0;0;0;0;0;0;0;0;0
FR;12;2021-12-13;0;0;0;0;0;0;0;0;0;0;0;0;0;0;0;0;0;0
FR;12;2021-12-14;0;0;0;0;0;0;0;0;0;0;0;0;0;0;0;0;0;0
FR;12;2021-12-15;0;0;0;0;0;0;0;0;0;0;0;0;0;0;0;0;0;0
FR;12;2021-12-16;0;0;0;0;0;0;0;0;0;0;0;0;0;0;0;0;0;0
FR;12;2021-12-17;0;0;0;0;0;0;0;0;0;0;0;0;0;0;0;0;0;0
FR;12;2021-12-18;0;0;0;0;0;0;0;0;0;0;0;0;0;0;0;0;0;0
FR;12;2021-12-19;0;0;0;0;0;0;0;0;0;0;0;0;0;0;0;0;0;0
FR;12;2021-12-20;0;0;0;0;0;0;0;0;0;0;0;0;0;0;0;0;0;0
FR;12;2021-12-21;0;0;0;0;0;0;0;0;0;0;0;0;0;0;0;0;0;0
FR;12;2021-12-22;0;0;0;0;0;0;0;0;0;0;0;0;0;0;0;0;0;0
FR;12;2021-12-23;0;0;0;0;0;0;0;0;0;0;0;0;0;0;0;0;0;0
FR;12;2021-12-24;0;0;0;0;0;0;0;0;0;0;0;0;0;0;0;0;0;0
FR;12;2021-12-25;0;0;0;0;0;0;0;0;0;0;0;0;0;0;0;0;0;0
FR;12;2021-12-26;0;0;0;0;0;0;0;0;0;0;0;0;0;0;0;0;0;0
FR;12;2021-12-27;0;0;0;0;0;0;0;0;0;0;0;0;0;0;0;0;0;0
FR;12;2021-12-28;0;0;0;0;0;0;0;0;0;0;0;0;0;0;0;0;0;0
FR;12;2021-12-29;0;0;0;0;0;0;0;0;0;0;0;0;0;0;0;0;0;0
FR;12;2021-12-30;0;0;0;0;0;0;0;0;0;0;0;0;0;0;0;0;0;0
FR;12;2021-12-31;0;0;0;0;0;0;0;0;0;0;0;0;0;0;0;0;0;0
FR;12;2022-01-01;0;0;0;0;0;0;0;0;0;0;0;0;0;0;0;0;0;0
FR;12;2022-01-02;0;0;0;0;0;0;0;0;0;0;0;0;0;0;0;0;0;0
FR;12;2022-01-03;0;0;0;0;0;0;0;0;0;0;0;0;0;0;0;0;0;0
FR;12;2022-01-04;0;0;0;0;0;0;0;0;0;0;0;0;0;0;0;0;0;0
FR;12;2022-01-05;0;0;0;0;0;0;0;0;0;0;0;0;0;0;0;0;0;0
FR;12;2022-01-06;0;0;0;0;0;0;0;0;0;0;0;0;0;0;0;0;0;0
FR;12;2022-01-07;0;0;0;0;0;0;0;0;0;0;0;0;0;0;0;0;0;0
FR;12;2022-01-08;0;0;0;0;0;0;0;0;0;0;0;0;0;0;0;0;0;0
FR;12;2022-01-09;0;0;0;0;0;0;0;0;0;0;0;0;0;0;0;0;0;0
FR;12;2022-01-10;0;0;0;0;0;0;0;0;0;0;0;0;0;0;0;0;0;0
FR;12;2022-01-11;0;0;0;0;0;0;0;0;0;0;0;0;0;0;0;0;0;0
FR;12;2022-01-12;0;0;0;0;0;0;0;0;0;0;0;0;0;0;0;0;0;0
FR;12;2022-01-13;0;0;0;0;0;0;0;0;0;0;0;0;0;0;0;0;0;0
FR;12;2022-01-14;0;0;0;0;0;0;0;0;0;0;0;0;0;0;0;0;0;0
FR;12;2022-01-15;0;0;0;0;0;0;0;0;0;0;0;0;0;0;0;0;0;0
FR;12;2022-01-16;0;0;0;0;0;0;0;0;0;0;0;0;0;0;0;0;0;0
FR;12;2022-01-17;0;0;0;0;0;0;0;0;0;0;0;0;0;0;0;0;0;0
FR;12;2022-01-18;0;0;0;0;0;0;0;0;0;0;0;0;0;0;0;0;0;0
FR;12;2022-01-19;0;0;0;0;0;0;0;0;0;0;0;0;0;0;0;0;0;0
FR;12;2022-01-20;0;0;0;0;0;0;0;0;0;0;0;0;0;0;0;0;0;0
FR;12;2022-01-21;0;0;0;0;0;0;0;0;0;0;0;0;0;0;0;0;0;0
FR;12;2022-01-22;0;0;0;0;0;0;0;0;0;0;0;0;0;0;0;0;0;0
FR;12;2022-01-23;0;0;0;0;0;0;0;0;0;0;0;0;0;0;0;0;0;0
FR;12;2022-01-24;0;0;0;0;0;0;0;0;0;0;0;0;0;0;0;0;0;0
FR;12;2022-01-25;0;0;0;0;0;0;0;0;0;0;0;0;0;0;0;0;0;0
FR;12;2022-01-26;0;0;0;0;0;0;0;0;0;0;0;0;0;0;0;0;0;0
FR;12;2022-01-27;0;0;0;0;0;0;0;0;0;0;0;0;0;0;0;0;0;0
FR;12;2022-01-28;0;0;0;0;0;0;0;0;0;0;0;0;0;0;0;0;0;0
FR;12;2022-01-29;0;0;0;0;0;0;0;0;0;0;0;0;0;0;0;0;0;0
FR;12;2022-01-30;0;0;0;0;0;0;0;0;0;0;0;0;0;0;0;0;0;0
FR;12;2022-01-31;0;0;0;0;0;0;0;0;0;0;0;0;0;0;0;0;0;0
FR;12;2022-02-01;0;0;0;0;0;0;0;0;0;0;0;0;0;0;0;0;0;0
FR;12;2022-02-02;0;0;0;0;0;0;0;0;0;0;0;0;0;0;0;0;0;0
FR;12;2022-02-03;0;0;0;0;0;0;0;0;0;0;0;0;0;0;0;0;0;0
FR;12;2022-02-04;0;0;0;0;0;0;0;0;0;0;0;0;0;0;0;0;0;0
FR;12;2022-02-05;0;0;0;0;0;0;0;0;0;0;0;0;0;0;0;0;0;0
FR;12;2022-02-06;0;0;0;0;0;0;0;0;0;0;0;0;0;0;0;0;0;0
FR;12;2022-02-07;0;0;0;0;0;0;0;0;0;0;0;0;0;0;0;0;0;0
FR;12;2022-02-08;0;0;0;0;0;0;0;0;0;0;0;0;0;0;0;0;0;0
FR;12;2022-02-09;0;0;0;0;0;0;0;0;0;0;0;0;0;0;0;0;0;0
FR;12;2022-02-10;0;0;0;0;0;0;0;0;0;0;0;0;0;0;0;0;0;0
FR;12;2022-02-11;0;0;0;0;0;0;0;0;0;0;0;0;0;0;0;0;0;0
FR;12;2022-02-12;0;0;0;0;0;0;0;0;0;0;0;0;0;0;0;0;0;0
FR;12;2022-02-13;0;0;0;0;0;0;0;0;0;0;0;0;0;0;0;0;0;0
FR;12;2022-02-14;0;0;0;0;0;0;0;0;0;0;0;0;0;0;0;0;0;0
FR;12;2022-02-15;0;0;0;0;0;0;0;0;0;0;0;0;0;0;0;0;0;0
FR;12;2022-02-16;0;0;0;0;0;0;0;0;0;0;0;0;0;0;0;0;0;0
FR;12;2022-02-17;0;0;0;0;0;0;0;0;0;0;0;0;0;0;0;0;0;0
FR;12;2022-02-18;0;0;0;0;0;0;0;0;0;0;0;0;0;0;0;0;0;0
FR;12;2022-02-19;0;0;0;0;0;0;0;0;0;0;0;0;0;0;0;0;0;0
FR;12;2022-02-20;0;0;0;0;0;0;0;0;0;0;0;0;0;0;0;0;0;0
FR;12;2022-02-21;0;0;0;0;0;0;0;0;0;0;0;0;0;0;0;0;0;0
FR;12;2022-02-22;0;0;0;0;0;0;0;0;0;0;0;0;0;0;0;0;0;0
FR;12;2022-02-23;0;0;0;0;0;0;0;0;0;0;0;0;0;0;0;0;0;0
FR;12;2022-02-24;0;0;0;0;0;0;0;0;0;0;0;0;0;0;0;0;0;0
FR;12;2022-02-25;0;0;0;0;0;0;0;0;0;0;0;0;0;0;0;0;0;0
FR;12;2022-02-26;0;0;0;0;0;0;0;0;0;0;0;0;0;0;0;0;0;0
FR;12;2022-02-27;0;0;0;0;0;0;0;0;0;0;0;0;0;0;0;0;0;0
FR;12;2022-02-28;0;0;0;0;0;0;0;0;0;0;0;0;0;0;0;0;0;0
FR;12;2022-03-01;0;0;0;0;0;0;0;0;0;0;0;0;0;0;0;0;0;0
FR;12;2022-03-02;0;0;0;0;0;0;0;0;0;0;0;0;0;0;0;0;0;0
FR;12;2022-03-03;0;0;0;0;0;0;0;0;0;0;0;0;0;0;0;0;0;0
FR;12;2022-03-04;0;0;0;0;0;0;0;0;0;0;0;0;0;0;0;0;0;0
FR;12;2022-03-05;0;0;0;0;0;0;0;0;0;0;0;0;0;0;0;0;0;0
FR;12;2022-03-06;0;0;0;0;0;0;0;0;0;0;0;0;0;0;0;0;0;0
FR;12;2022-03-07;0;0;0;0;0;0;0;0;0;0;0;0;0;0;0;0;0;0
FR;12;2022-03-08;0;0;0;0;0;0;0;0;0;0;0;0;0;0;0;0;0;0
FR;12;2022-03-09;0;0;0;0;0;0;0;0;0;0;0;0;0;0;0;0;0;0
FR;12;2022-03-10;0;0;0;0;0;0;0;0;0;0;0;0;0;0;0;0;0;0
FR;12;2022-03-11;0;0;0;0;0;0;0;0;0;0;0;0;0;0;0;0;0;0
FR;12;2022-03-12;0;0;0;0;0;0;0;0;0;0;0;0;0;0;0;0;0;0
FR;12;2022-03-13;0;0;0;0;0;0;0;0;0;0;0;0;0;0;0;0;0;0
FR;12;2022-03-14;0;0;0;0;0;0;0;0;0;0;0;0;0;0;0;0;0;0
FR;12;2022-03-15;0;0;0;0;0;0;0;0;0;0;0;0;0;0;0;0;0;0
FR;12;2022-03-16;0;0;0;0;0;0;0;0;0;0;0;0;0;0;0;0;0;0
FR;12;2022-03-17;0;0;0;0;0;0;0;0;0;0;0;0;0;0;0;0;0;0
FR;12;2022-03-18;0;0;0;0;0;0;0;0;0;0;0;0;0;0;0;0;0;0
FR;12;2022-03-19;0;0;0;0;0;0;0;0;0;0;0;0;0;0;0;0;0;0
FR;12;2022-03-20;0;0;0;0;0;0;0;0;0;0;0;0;0;0;0;0;0;0
FR;12;2022-03-21;0;0;0;0;0;0;0;0;0;0;0;0;0;0;0;0;0;0
FR;12;2022-03-22;0;0;0;0;0;0;0;0;0;0;0;0;0;0;0;0;0;0
FR;12;2022-03-23;0;0;0;0;0;0;0;0;0;0;0;0;0;0;0;0;0;0
FR;12;2022-03-24;0;0;0;0;0;0;0;0;0;0;0;0;0;0;0;0;0;0
FR;12;2022-03-25;0;0;0;0;0;0;0;0;0;0;0;0;0;0;0;0;0;0
FR;12;2022-03-26;0;0;0;0;0;0;0;0;0;0;0;0;0;0;0;0;0;0
FR;12;2022-03-27;0;0;0;0;0;0;0;0;0;0;0;0;0;0;0;0;0;0
FR;12;2022-03-28;0;0;0;0;0;0;0;0;0;0;0;0;0;0;0;0;0;0
FR;12;2022-03-29;0;0;0;0;0;0;0;0;0;0;0;0;0;0;0;0;0;0
FR;12;2022-03-30;0;0;0;0;0;0;0;0;0;0;0;0;0;0;0;0;0;0
FR;12;2022-03-31;0;0;0;0;0;0;0;0;0;0;0;0;0;0;0;0;0;0
FR;12;2022-04-01;0;0;0;0;0;0;0;0;0;0;0;0;0;0;0;0;0;0
FR;12;2022-04-02;0;0;0;0;0;0;0;0;0;0;0;0;0;0;0;0;0;0
FR;12;2022-04-03;0;0;0;0;0;0;0;0;0;0;0;0;0;0;0;0;0;0
FR;12;2022-04-04;0;0;0;0;0;0;0;0;0;0;0;0;0;0;0;0;0;0
FR;12;2022-04-05;0;0;0;0;0;0;0;0;0;0;0;0;0;0;0;0;0;0
FR;12;2022-04-06;0;0;0;0;0;0;0;0;0;0;0;0;0;0;0;0;0;0
FR;12;2022-04-07;0;0;0;0;0;0;0;0;0;0;0;0;0;0;0;0;0;0
FR;12;2022-04-08;0;0;0;0;0;0;0;0;0;0;0;0;0;0;0;0;0;0
FR;12;2022-04-09;0;0;0;0;0;0;0;0;0;0;0;0;0;0;0;0;0;0
FR;12;2022-04-10;0;0;0;0;0;0;0;0;0;0;0;0;0;0;0;0;0;0
FR;12;2022-04-11;0;0;0;0;0;0;0;0;0;0;0;0;0;0;0;0;0;0
FR;12;2022-04-12;0;0;0;0;0;0;0;0;0;0;0;0;0;0;0;0;0;0
FR;12;2022-04-13;0;0;0;0;0;0;0;0;0;0;0;0;0;0;0;0;0;0
FR;12;2022-04-14;0;0;0;0;0;0;0;0;0;0;0;0;0;0;0;0;0;0
FR;12;2022-04-15;0;0;0;0;0;0;0;0;0;0;0;0;0;0;0;0;0;0
FR;12;2022-04-16;0;0;0;0;0;0;0;0;0;0;0;0;0;0;0;0;0;0
FR;12;2022-04-17;0;0;0;0;0;0;0;0;0;0;0;0;0;0;0;0;0;0
FR;12;2022-04-18;0;0;0;0;0;0;0;0;0;0;0;0;0;0;0;0;0;0
FR;12;2022-04-19;0;0;0;0;0;0;0;0;0;0;0;0;0;0;0;0;0;0
FR;12;2022-04-20;0;0;0;0;0;0;0;0;0;0;0;0;0;0;0;0;0;0
FR;12;2022-04-21;0;0;0;0;0;0;0;0;0;0;0;0;0;0;0;0;0;0
FR;12;2022-04-22;0;0;0;0;0;0;0;0;0;0;0;0;0;0;0;0;0;0
FR;12;2022-04-23;0;0;0;0;0;0;0;0;0;0;0;0;0;0;0;0;0;0
FR;12;2022-04-24;0;0;0;0;0;0;0;0;0;0;0;0;0;0;0;0;0;0
FR;12;2022-04-25;0;0;0;0;0;0;0;0;0;0;0;0;0;0;0;0;0;0
FR;12;2022-04-26;0;0;0;0;0;0;0;0;0;0;0;0;0;0;0;0;0;0
FR;12;2022-04-27;0;0;0;0;0;0;0;0;0;0;0;0;0;0;0;0;0;0
FR;12;2022-04-28;0;0;0;0;0;0;0;0;0;0;0;0;0;0;0;0;0;0
FR;12;2022-04-29;0;0;0;0;0;0;0;0;0;0;0;0;0;0;0;0;0;0
FR;12;2022-04-30;0;0;0;0;0;0;0;0;0;0;0;0;0;0;0;0;0;0
FR;12;2022-05-01;0;0;0;0;0;0;0;0;0;0;0;0;0;0;0;0;0;0
FR;12;2022-05-02;0;0;0;0;0;0;0;0;0;0;0;0;0;0;0;0;0;0
FR;12;2022-05-03;0;0;0;0;0;0;0;0;0;0;0;0;0;0;0;0;0;0
FR;12;2022-05-04;0;0;0;0;0;0;0;0;0;0;0;0;0;0;0;0;0;0
FR;12;2022-05-05;0;0;0;0;0;0;0;0;0;0;0;0;0;0;0;0;0;0
FR;12;2022-05-06;0;0;0;0;0;0;0;0;0;0;0;0;0;0;0;0;0;0
FR;12;2022-05-07;0;0;0;0;0;0;0;0;0;0;0;0;0;0;0;0;0;0
FR;12;2022-05-08;0;0;0;0;0;0;0;0;0;0;0;0;0;0;0;0;0;0
FR;12;2022-05-09;0;0;0;0;0;0;0;0;0;0;0;0;0;0;0;0;0;0
FR;12;2022-05-10;0;0;0;0;0;0;0;0;0;0;0;0;0;0;0;0;0;0
FR;12;2022-05-11;0;0;0;0;0;0;0;0;0;0;0;0;0;0;0;0;0;0
FR;12;2022-05-12;0;0;0;0;0;0;0;0;0;0;0;0;0;0;0;0;0;0
FR;12;2022-05-13;0;0;0;0;0;0;0;0;0;0;0;0;0;0;0;0;0;0
FR;12;2022-05-14;0;0;0;0;0;0;0;0;0;0;0;0;0;0;0;0;0;0
FR;12;2022-05-15;0;0;0;0;0;0;0;0;0;0;0;0;0;0;0;0;0;0
FR;12;2022-05-16;0;0;0;0;0;0;0;0;0;0;0;0;0;0;0;0;0;0
FR;12;2022-05-17;0;0;0;0;0;0;0;0;0;0;0;0;0;0;0;0;0;0
FR;12;2022-05-18;0;0;0;0;0;0;0;0;0;0;0;0;0;0;0;0;0;0
FR;12;2022-05-19;0;0;0;0;0;0;0;0;0;0;0;0;0;0;0;0;0;0
FR;12;2022-05-20;0;0;0;0;0;0;0;0;0;0;0;0;0;0;0;0;0;0
FR;12;2022-05-21;0;0;0;0;0;0;0;0;0;0;0;0;0;0;0;0;0;0
FR;12;2022-05-22;0;0;0;0;0;0;0;0;0;0;0;0;0;0;0;0;0;0
FR;12;2022-05-23;0;0;0;0;0;0;0;0;0;0;0;0;0;0;0;0;0;0
FR;12;2022-05-24;0;0;0;0;0;0;0;0;0;0;0;0;0;0;0;0;0;0
FR;12;2022-05-25;0;0;0;0;0;0;0;0;0;0;0;0;0;0;0;0;0;0
FR;12;2022-05-26;0;0;0;0;0;0;0;0;0;0;0;0;0;0;0;0;0;0
FR;12;2022-05-27;0;0;0;0;0;0;0;0;0;0;0;0;0;0;0;0;0;0
FR;12;2022-05-28;0;0;0;0;0;0;0;0;0;0;0;0;0;0;0;0;0;0
FR;12;2022-05-29;0;0;0;0;0;0;0;0;0;0;0;0;0;0;0;0;0;0
FR;12;2022-05-30;0;0;0;0;0;0;0;0;0;0;0;0;0;0;0;0;0;0
FR;12;2022-05-31;0;0;0;0;0;0;0;0;0;0;0;0;0;0;0;0;0;0
FR;12;2022-06-01;0;0;0;0;0;0;0;0;0;0;0;0;0;0;0;0;0;0
FR;12;2022-06-02;0;0;0;0;0;0;0;0;0;0;0;0;0;0;0;0;0;0
FR;12;2022-06-03;0;0;0;0;0;0;0;0;0;0;0;0;0;0;0;0;0;0
FR;12;2022-06-04;0;0;0;0;0;0;0;0;0;0;0;0;0;0;0;0;0;0
FR;12;2022-06-05;0;0;0;0;0;0;0;0;0;0;0;0;0;0;0;0;0;0
FR;12;2022-06-06;0;0;0;0;0;0;0;0;0;0;0;0;0;0;0;0;0;0
FR;12;2022-06-07;0;0;0;0;0;0;0;0;0;0;0;0;0;0;0;0;0;0
FR;12;2022-06-08;0;0;0;0;0;0;0;0;0;0;0;0;0;0;0;0;0;0
FR;12;2022-06-09;0;0;0;0;0;0;0;0;0;0;0;0;0;0;0;0;0;0
FR;12;2022-06-10;0;0;0;0;0;0;0;0;0;0;0;0;0;0;0;0;0;0
FR;12;2022-06-11;0;0;0;0;0;0;0;0;0;0;0;0;0;0;0;0;0;0
FR;12;2022-06-12;0;0;0;0;0;0;0;0;0;0;0;0;0;0;0;0;0;0
FR;12;2022-06-13;0;0;0;0;0;0;0;0;0;0;0;0;0;0;0;0;0;0
FR;12;2022-06-14;0;0;0;0;0;0;0;0;0;0;0;0;0;0;0;0;0;0
FR;12;2022-06-15;0;0;0;0;0;0;0;0;0;0;0;0;0;0;0;0;0;0
FR;12;2022-06-16;0;0;0;0;0;0;0;0;0;0;0;0;0;0;0;0;0;0
FR;12;2022-06-17;0;0;0;0;0;0;0;0;0;0;0;0;0;0;0;0;0;0
FR;12;2022-06-18;0;0;0;0;0;0;0;0;0;0;0;0;0;0;0;0;0;0
FR;12;2022-06-19;0;0;0;0;0;0;0;0;0;0;0;0;0;0;0;0;0;0
FR;12;2022-06-20;0;0;0;0;0;0;0;0;0;0;0;0;0;0;0;0;0;0
FR;12;2022-06-21;0;0;0;0;0;0;0;0;0;0;0;0;0;0;0;0;0;0
FR;12;2022-06-22;0;0;0;0;0;0;0;0;0;0;0;0;0;0;0;0;0;0
FR;12;2022-06-23;0;0;0;0;0;0;0;0;0;0;0;0;0;0;0;0;0;0
FR;12;2022-06-24;0;0;0;0;0;0;0;0;0;0;0;0;0;0;0;0;0;0
FR;12;2022-06-25;0;0;0;0;0;0;0;0;0;0;0;0;0;0;0;0;0;0
FR;12;2022-06-26;0;0;0;0;0;0;0;0;0;0;0;0;0;0;0;0;0;0
FR;12;2022-06-27;0;0;0;0;0;0;0;0;0;0;0;0;0;0;0;0;0;0
FR;12;2022-06-28;0;0;0;0;0;0;0;0;0;0;0;0;0;0;0;0;0;0
FR;12;2022-06-29;0;0;0;0;0;0;0;0;0;0;0;0;0;0;0;0;0;0
FR;12;2022-06-30;0;0;0;0;0;0;0;0;0;0;0;0;0;0;0;0;0;0
FR;12;2022-07-01;0;0;0;0;0;0;0;0;0;0;0;0;0;0;0;0;0;0
FR;12;2022-07-02;0;0;0;0;0;0;0;0;0;0;0;0;0;0;0;0;0;0
FR;12;2022-07-03;0;0;0;0;0;0;0;0;0;0;0;0;0;0;0;0;0;0
FR;12;2022-07-04;0;0;0;0;0;0;0;0;0;0;0;0;0;0;0;0;0;0
FR;12;2022-07-05;0;0;0;0;0;0;0;0;0;0;0;0;0;0;0;0;0;0
FR;12;2022-07-06;0;0;0;0;0;0;0;0;0;0;0;0;0;0;0;0;0;0
FR;12;2022-07-07;0;0;0;0;0;0;0;0;0;0;0;0;0;0;0;0;0;0
FR;12;2022-07-08;0;0;0;0;0;0;0;0;0;0;0;0;0;0;0;0;0;0
FR;12;2022-07-09;0;0;0;0;0;0;0;0;0;0;0;0;0;0;0;0;0;0
FR;12;2022-07-10;0;0;0;0;0;0;0;0;0;0;0;0;0;0;0;0;0;0
FR;12;2022-07-11;0;0;0;0;0;0;0;0;0;0;0;0;0;0;0;0;0;0
FR;12;2022-07-12;0;0;0;0;0;0;0;0;0;0;0;0;0;0;0;0;0;0
FR;12;2022-07-13;0;0;0;0;0;0;0;0;0;0;0;0;0;0;0;0;0;0
FR;12;2022-07-14;0;0;0;0;0;0;0;0;0;0;0;0;0;0;0;0;0;0
FR;12;2022-07-15;0;0;0;0;0;0;0;0;0;0;0;0;0;0;0;0;0;0
FR;12;2022-07-16;0;0;0;0;0;0;0;0;0;0;0;0;0;0;0;0;0;0
FR;12;2022-07-17;0;0;0;0;0;0;0;0;0;0;0;0;0;0;0;0;0;0
FR;12;2022-07-18;0;0;0;0;0;0;0;0;0;0;0;0;0;0;0;0;0;0
FR;12;2022-07-19;0;0;0;0;0;0;0;0;0;0;0;0;0;0;0;0;0;0
FR;12;2022-07-20;0;0;0;0;0;0;0;0;0;0;0;0;0;0;0;0;0;0
FR;12;2022-07-21;0;0;0;0;0;0;0;0;0;0;0;0;0;0;0;0;0;0
FR;12;2022-07-22;0;0;0;0;0;0;0;0;0;0;0;0;0;0;0;0;0;0
FR;12;2022-07-23;0;0;0;0;0;0;0;0;0;0;0;0;0;0;0;0;0;0
FR;12;2022-07-24;0;0;0;0;0;0;0;0;0;0;0;0;0;0;0;0;0;0
FR;12;2022-07-25;0;0;0;0;0;0;0;0;0;0;0;0;0;0;0;0;0;0
FR;12;2022-07-26;0;0;0;0;0;0;0;0;0;0;0;0;0;0;0;0;0;0
FR;12;2022-07-27;0;0;0;0;0;0;0;0;0;0;0;0;0;0;0;0;0;0
FR;12;2022-07-28;0;0;0;0;0;0;0;0;0;0;0;0;0;0;0;0;0;0
FR;12;2022-07-29;0;0;0;0;0;0;0;0;0;0;0;0;0;0;0;0;0;0
FR;12;2022-07-30;0;0;0;0;0;0;0;0;0;0;0;0;0;0;0;0;0;0
FR;12;2022-07-31;0;0;0;0;0;0;0;0;0;0;0;0;0;0;0;0;0;0
FR;12;2022-08-01;0;0;0;0;0;0;0;0;0;0;0;0;0;0;0;0;0;0
FR;12;2022-08-02;0;0;0;0;0;0;0;0;0;0;0;0;0;0;0;0;0;0
FR;12;2022-08-03;0;0;0;0;0;0;0;0;0;0;0;0;0;0;0;0;0;0
FR;12;2022-08-04;0;0;0;0;0;0;0;0;0;0;0;0;0;0;0;0;0;0
FR;12;2022-08-05;0;0;0;0;0;0;0;0;0;0;0;0;0;0;0;0;0;0
FR;12;2022-08-06;0;0;0;0;0;0;0;0;0;0;0;0;0;0;0;0;0;0
FR;12;2022-08-07;0;0;0;0;0;0;0;0;0;0;0;0;0;0;0;0;0;0
FR;12;2022-08-08;0;0;0;0;0;0;0;0;0;0;0;0;0;0;0;0;0;0
FR;12;2022-08-09;0;0;0;0;0;0;0;0;0;0;0;0;0;0;0;0;0;0
FR;12;2022-08-10;0;0;0;0;0;0;0;0;0;0;0;0;0;0;0;0;0;0
FR;12;2022-08-11;0;0;0;0;0;0;0;0;0;0;0;0;0;0;0;0;0;0
FR;12;2022-08-12;0;0;0;0;0;0;0;0;0;0;0;0;0;0;0;0;0;0
FR;12;2022-08-13;0;0;0;0;0;0;0;0;0;0;0;0;0;0;0;0;0;0
FR;12;2022-08-14;0;0;0;0;0;0;0;0;0;0;0;0;0;0;0;0;0;0
FR;12;2022-08-15;0;0;0;0;0;0;0;0;0;0;0;0;0;0;0;0;0;0
FR;12;2022-08-16;0;0;0;0;0;0;0;0;0;0;0;0;0;0;0;0;0;0
FR;12;2022-08-17;0;0;0;0;0;0;0;0;0;0;0;0;0;0;0;0;0;0
FR;12;2022-08-18;0;0;0;0;0;0;0;0;0;0;0;0;0;0;0;0;0;0
FR;12;2022-08-19;0;0;0;0;0;0;0;0;0;0;0;0;0;0;0;0;0;0
FR;12;2022-08-20;0;0;0;0;0;0;0;0;0;0;0;0;0;0;0;0;0;0
FR;12;2022-08-21;0;0;0;0;0;0;0;0;0;0;0;0;0;0;0;0;0;0
FR;12;2022-08-22;0;0;0;0;0;0;0;0;0;0;0;0;0;0;0;0;0;0
FR;12;2022-08-23;0;0;0;0;0;0;0;0;0;0;0;0;0;0;0;0;0;0
FR;12;2022-08-24;0;0;0;0;0;0;0;0;0;0;0;0;0;0;0;0;0;0
FR;12;2022-08-25;0;0;0;0;0;0;0;0;0;0;0;0;0;0;0;0;0;0
FR;12;2022-08-26;0;0;0;0;0;0;0;0;0;0;0;0;0;0;0;0;0;0
FR;12;2022-08-27;0;0;0;0;0;0;0;0;0;0;0;0;0;0;0;0;0;0
FR;12;2022-08-28;0;0;0;0;0;0;0;0;0;0;0;0;0;0;0;0;0;0
FR;12;2022-08-29;0;0;0;0;0;0;0;0;0;0;0;0;0;0;0;0;0;0
FR;12;2022-08-30;0;0;0;0;0;0;0;0;0;0;0;0;0;0;0;0;0;0
FR;12;2022-08-31;0;0;0;0;0;0;0;0;0;0;0;0;0;0;0;0;0;0
FR;12;2022-09-01;0;0;0;0;0;0;0;0;0;0;0;0;0;0;0;0;0;0
FR;12;2022-09-02;0;0;0;0;0;0;0;0;0;0;0;0;0;0;0;0;0;0
FR;12;2022-09-03;0;0;0;0;0;0;0;0;0;0;0;0;0;0;0;0;0;0
FR;12;2022-09-04;0;0;0;0;0;0;0;0;0;0;0;0;0;0;0;0;0;0
FR;12;2022-09-05;0;0;0;0;0;0;0;0;0;0;0;0;0;0;0;0;0;0
FR;12;2022-09-06;0;0;0;0;0;0;0;0;0;0;0;0;0;0;0;0;0;0
FR;12;2022-09-07;0;0;0;0;0;0;0;0;0;0;0;0;0;0;0;0;0;0
FR;12;2022-09-08;0;0;0;0;0;0;0;0;0;0;0;0;0;0;0;0;0;0
FR;12;2022-09-09;0;0;0;0;0;0;0;0;0;0;0;0;0;0;0;0;0;0
FR;12;2022-09-10;0;0;0;0;0;0;0;0;0;0;0;0;0;0;0;0;0;0
FR;12;2022-09-11;0;0;0;0;0;0;0;0;0;0;0;0;0;0;0;0;0;0
FR;12;2022-09-12;0;0;0;0;0;0;0;0;0;0;0;0;0;0;0;0;0;0
FR;12;2022-09-13;0;0;0;0;0;0;0;0;0;0;0;0;0;0;0;0;0;0
FR;12;2022-09-14;0;0;0;0;0;0;0;0;0;0;0;0;0;0;0;0;0;0
FR;12;2022-09-15;0;0;0;0;0;0;0;0;0;0;0;0;0;0;0;0;0;0
FR;12;2022-09-16;0;0;0;0;0;0;0;0;0;0;0;0;0;0;0;0;0;0
FR;12;2022-09-17;0;0;0;0;0;0;0;0;0;0;0;0;0;0;0;0;0;0
FR;12;2022-09-18;0;0;0;0;0;0;0;0;0;0;0;0;0;0;0;0;0;0
FR;12;2022-09-19;0;0;0;0;0;0;0;0;0;0;0;0;0;0;0;0;0;0
FR;12;2022-09-20;0;0;0;0;0;0;0;0;0;0;0;0;0;0;0;0;0;0
FR;12;2022-09-21;0;0;0;0;0;0;0;0;0;0;0;0;0;0;0;0;0;0
FR;12;2022-09-22;0;0;0;0;0;0;0;0;0;0;0;0;0;0;0;0;0;0
FR;12;2022-09-23;0;0;0;0;0;0;0;0;0;0;0;0;0;0;0;0;0;0
FR;12;2022-09-24;0;0;0;0;0;0;0;0;0;0;0;0;0;0;0;0;0;0
FR;12;2022-09-25;0;0;0;0;0;0;0;0;0;0;0;0;0;0;0;0;0;0
FR;12;2022-09-26;0;0;0;0;0;0;0;0;0;0;0;0;0;0;0;0;0;0
FR;12;2022-09-27;0;0;0;0;0;0;0;0;0;0;0;0;0;0;0;0;0;0
FR;12;2022-09-28;0;0;0;0;0;0;0;0;0;0;0;0;0;0;0;0;0;0
FR;12;2022-09-29;0;0;0;0;0;0;0;0;0;0;0;0;0;0;0;0;0;0
FR;12;2022-09-30;0;0;0;0;0;0;0;0;0;0;0;0;0;0;0;0;0;0
FR;12;2022-10-01;0;0;0;0;0;0;0;0;0;0;0;0;0;0;0;0;0;0
FR;12;2022-10-02;0;0;0;0;0;0;0;0;0;0;0;0;0;0;0;0;0;0
FR;12;2022-10-03;0;0;0;0;0;0;0;0;0;0;0;0;0;0;0;0;0;0
FR;12;2022-10-04;0;0;0;0;0;0;0;0;0;0;0;0;0;0;0;0;0;0
FR;12;2022-10-05;0;0;0;0;0;0;0;0;0;0;0;0;0;0;0;0;0;0
FR;12;2022-10-06;0;0;0;0;0;0;0;0;0;0;0;0;0;0;0;0;0;0
FR;12;2022-10-07;0;0;0;0;0;0;0;0;0;0;0;0;0;0;0;0;0;0
FR;12;2022-10-08;0;0;0;0;0;0;0;0;0;0;0;0;0;0;0;0;0;0
FR;12;2022-10-09;0;0;0;0;0;0;0;0;0;0;0;0;0;0;0;0;0;0
FR;12;2022-10-10;0;0;0;0;0;0;0;0;0;0;0;0;0;0;0;0;0;0
FR;12;2022-10-11;0;0;0;0;0;0;0;0;0;0;0;0;0;0;0;0;0;0
FR;12;2022-10-12;0;0;0;0;0;0;0;0;0;0;0;0;0;0;0;0;0;0
FR;12;2022-10-13;0;0;0;0;0;0;0;0;0;0;0;0;0;0;0;0;0;0
FR;12;2022-10-14;0;0;0;0;0;0;0;0;0;0;0;0;0;0;0;0;0;0
FR;12;2022-10-15;0;0;0;0;0;0;0;0;0;0;0;0;0;0;0;0;0;0
FR;12;2022-10-16;0;0;0;0;0;0;0;0;0;0;0;0;0;0;0;0;0;0
FR;12;2022-10-17;0;0;0;0;0;0;0;0;0;0;0;0;0;0;0;0;0;0
FR;12;2022-10-18;0;0;0;0;0;0;0;0;0;0;0;0;0;0;0;0;0;0
FR;12;2022-10-19;0;0;0;0;0;0;0;0;0;0;0;0;0;0;0;0;0;0
FR;12;2022-10-20;0;0;0;0;0;0;0;0;0;0;0;0;0;0;0;0;0;0
FR;12;2022-10-21;0;0;0;0;0;0;0;0;0;0;0;0;0;0;0;0;0;0
FR;12;2022-10-22;0;0;0;0;0;0;0;0;0;0;0;0;0;0;0;0;0;0
FR;12;2022-10-23;0;0;0;0;0;0;0;0;0;0;0;0;0;0;0;0;0;0
FR;12;2022-10-24;0;0;0;0;0;0;0;0;0;0;0;0;0;0;0;0;0;0
FR;12;2022-10-25;0;0;0;0;0;0;0;0;0;0;0;0;0;0;0;0;0;0
FR;12;2022-10-26;0;0;0;0;0;0;0;0;0;0;0;0;0;0;0;0;0;0
FR;12;2022-10-27;0;0;0;0;0;0;0;0;0;0;0;0;0;0;0;0;0;0
FR;12;2022-10-28;0;0;0;0;0;0;0;0;0;0;0;0;0;0;0;0;0;0
FR;12;2022-10-29;0;0;0;0;0;0;0;0;0;0;0;0;0;0;0;0;0;0
FR;12;2022-10-30;0;0;0;0;0;0;0;0;0;0;0;0;0;0;0;0;0;0
FR;12;2022-10-31;0;0;0;0;0;0;0;0;0;0;0;0;0;0;0;0;0;0
FR;12;2022-11-01;0;0;0;0;0;0;0;0;0;0;0;0;0;0;0;0;0;0
FR;12;2022-11-02;0;0;0;0;0;0;0;0;0;0;0;0;0;0;0;0;0;0
FR;12;2022-11-03;0;0;0;0;0;0;0;0;0;0;0;0;0;0;0;0;0;0
FR;12;2022-11-04;0;0;0;0;0;0;0;0;0;0;0;0;0;0;0;0;0;0
FR;12;2022-11-05;0;0;0;0;0;0;0;0;0;0;0;0;0;0;0;0;0;0
FR;12;2022-11-06;0;0;0;0;0;0;0;0;0;0;0;0;0;0;0;0;0;0
FR;12;2022-11-07;0;0;0;0;0;0;0;0;0;0;0;0;0;0;0;0;0;0
FR;12;2022-11-08;0;0;0;0;0;0;0;0;0;0;0;0;0;0;0;0;0;0
FR;12;2022-11-09;0;0;0;0;0;0;0;0;0;0;0;0;0;0;0;0;0;0
FR;12;2022-11-10;0;0;0;0;0;0;0;0;0;0;0;0;0;0;0;0;0;0
FR;12;2022-11-11;0;0;0;0;0;0;0;0;0;0;0;0;0;0;0;0;0;0
FR;12;2022-11-12;0;0;0;0;0;0;0;0;0;0;0;0;0;0;0;0;0;0
FR;12;2022-11-13;0;0;0;0;0;0;0;0;0;0;0;0;0;0;0;0;0;0
FR;12;2022-11-14;0;0;0;0;0;0;0;0;0;0;0;0;0;0;0;0;0;0
FR;12;2022-11-15;0;0;0;0;0;0;0;0;0;0;0;0;0;0;0;0;0;0
FR;12;2022-11-16;0;0;0;0;0;0;0;0;0;0;0;0;0;0;0;0;0;0
FR;12;2022-11-17;0;0;0;0;0;0;0;0;0;0;0;0;0;0;0;0;0;0
FR;12;2022-11-18;0;0;0;0;0;0;0;0;0;0;0;0;0;0;0;0;0;0
FR;12;2022-11-19;0;0;0;0;0;0;0;0;0;0;0;0;0;0;0;0;0;0
FR;12;2022-11-20;0;0;0;0;0;0;0;0;0;0;0;0;0;0;0;0;0;0
FR;12;2022-11-21;0;0;0;0;0;0;0;0;0;0;0;0;0;0;0;0;0;0
FR;12;2022-11-22;0;0;0;0;0;0;0;0;0;0;0;0;0;0;0;0;0;0
FR;12;2022-11-23;0;0;0;0;0;0;0;0;0;0;0;0;0;0;0;0;0;0
FR;12;2022-11-24;0;0;0;0;0;0;0;0;0;0;0;0;0;0;0;0;0;0
FR;12;2022-11-25;0;0;0;0;0;0;0;0;0;0;0;0;0;0;0;0;0;0
FR;12;2022-11-26;0;0;0;0;0;0;0;0;0;0;0;0;0;0;0;0;0;0
FR;12;2022-11-27;0;0;0;0;0;0;0;0;0;0;0;0;0;0;0;0;0;0
FR;12;2022-11-28;0;0;0;0;0;0;0;0;0;0;0;0;0;0;0;0;0;0
FR;12;2022-11-29;0;0;0;0;0;0;0;0;0;0;0;0;0;0;0;0;0;0
FR;12;2022-11-30;0;0;0;0;0;0;0;0;0;0;0;0;0;0;0;0;0;0
FR;12;2022-12-01;0;0;0;0;0;0;0;0;0;0;0;0;0;0;0;0;0;0
FR;12;2022-12-02;0;0;0;0;0;0;0;0;0;0;0;0;0;0;0;0;0;0
FR;12;2022-12-03;0;0;0;0;0;0;0;0;0;0;0;0;0;0;0;0;0;0
FR;12;2022-12-04;0;0;0;0;0;0;0;0;0;0;0;0;0;0;0;0;0;0
FR;12;2022-12-05;0;0;0;0;0;0;0;0;0;0;0;0;0;0;0;0;0;0
FR;12;2022-12-06;0;0;0;0;0;0;0;0;0;0;0;0;0;0;0;0;0;0
FR;12;2022-12-07;0;0;0;0;0;0;0;0;0;0;0;0;0;0;0;0;0;0
FR;12;2022-12-08;0;0;0;0;0;0;0;0;0;0;0;0;0;0;0;0;0;0
FR;12;2022-12-09;0;0;0;0;0;0;0;0;0;0;0;0;0;0;0;0;0;0
FR;12;2022-12-10;0;0;0;0;0;0;0;0;0;0;0;0;0;0;0;0;0;0
FR;12;2022-12-11;0;0;0;0;0;0;0;0;0;0;0;0;0;0;0;0;0;0
FR;12;2022-12-12;0;0;0;0;0;0;0;0;0;0;0;0;0;0;0;0;0;0
FR;12;2022-12-13;0;0;0;0;0;0;0;0;0;0;0;0;0;0;0;0;0;0
FR;12;2022-12-14;0;0;0;0;0;0;0;0;0;0;0;0;0;0;0;0;0;0
FR;12;2022-12-15;0;0;0;0;0;0;0;0;0;0;0;0;0;0;0;0;0;0
FR;12;2022-12-16;0;0;0;0;0;0;0;0;0;0;0;0;0;0;0;0;0;0
FR;12;2022-12-17;0;0;0;0;0;0;0;0;0;0;0;0;0;0;0;0;0;0
FR;12;2022-12-18;0;0;0;0;0;0;0;0;0;0;0;0;0;0;0;0;0;0
FR;12;2022-12-19;0;0;0;0;0;0;0;0;0;0;0;0;0;0;0;0;0;0
FR;12;2022-12-20;0;0;0;0;0;0;0;0;0;0;0;0;0;0;0;0;0;0
FR;12;2022-12-21;0;0;0;0;0;0;0;0;0;0;0;0;0;0;0;0;0;0
FR;12;2022-12-22;0;0;0;0;0;0;0;0;0;0;0;0;0;0;0;0;0;0
FR;12;2022-12-23;0;0;0;0;0;0;0;0;0;0;0;0;0;0;0;0;0;0
FR;12;2022-12-24;0;0;0;0;0;0;0;0;0;0;0;0;0;0;0;0;0;0
FR;12;2022-12-25;0;0;0;0;0;0;0;0;0;0;0;0;0;0;0;0;0;0
FR;12;2022-12-26;0;0;0;0;0;0;0;0;0;0;0;0;0;0;0;0;0;0
FR;12;2022-12-27;0;0;0;0;0;0;0;0;0;0;0;0;0;0;0;0;0;0
FR;12;2022-12-28;0;0;0;0;0;0;0;0;0;0;0;0;0;0;0;0;0;0
FR;12;2022-12-29;0;0;0;0;0;0;0;0;0;0;0;0;0;0;0;0;0;0
FR;12;2022-12-30;0;0;0;0;0;0;0;0;0;0;0;0;0;0;0;0;0;0
FR;12;2022-12-31;0;0;0;0;0;0;0;0;0;0;0;0;0;0;0;0;0;0
FR;12;2023-01-01;0;0;0;0;0;0;0;0;0;0;0;0;0;0;0;0;0;0
FR;12;2023-01-02;0;0;0;0;0;0;0;0;0;0;0;0;0;0;0;0;0;0
FR;12;2023-01-03;0;0;0;0;0;0;0;0;0;0;0;0;0;0;0;0;0;0
FR;12;2023-01-04;0;0;0;0;0;0;0;0;0;0;0;0;0;0;0;0;0;0
FR;12;2023-01-05;0;0;0;0;0;0;0;0;0;0;0;0;0;0;0;0;0;0
FR;12;2023-01-06;0;0;0;0;0;0;0;0;0;0;0;0;0;0;0;0;0;0
FR;12;2023-01-07;0;0;0;0;0;0;0;0;0;0;0;0;0;0;0;0;0;0
FR;12;2023-01-08;0;0;0;0;0;0;0;0;0;0;0;0;0;0;0;0;0;0
FR;12;2023-01-09;0;0;0;0;0;0;0;0;0;0;0;0;0;0;0;0;0;0
FR;12;2023-01-10;0;0;0;0;0;0;0;0;0;0;0;0;0;0;0;0;0;0
FR;12;2023-01-11;0;0;0;0;0;0;0;0;0;0;0;0;0;0;0;0;0;0
FR;12;2023-01-12;0;0;0;0;0;0;0;0;0;0;0;0;0;0;0;0;0;0
FR;12;2023-01-13;0;0;0;0;0;0;0;0;0;0;0;0;0;0;0;0;0;0
FR;12;2023-01-14;0;0;0;0;0;0;0;0;0;0;0;0;0;0;0;0;0;0
FR;12;2023-01-15;0;0;0;0;0;0;0;0;0;0;0;0;0;0;0;0;0;0
FR;12;2023-01-16;0;0;0;0;0;0;0;0;0;0;0;0;0;0;0;0;0;0
FR;12;2023-01-17;0;0;0;0;0;0;0;0;0;0;0;0;0;0;0;0;0;0
FR;12;2023-01-18;0;0;0;0;0;0;0;0;0;0;0;0;0;0;0;0;0;0
FR;12;2023-01-19;0;0;0;0;0;0;0;0;0;0;0;0;0;0;0;0;0;0
FR;12;2023-01-20;0;0;0;0;0;0;0;0;0;0;0;0;0;0;0;0;0;0
FR;12;2023-01-21;0;0;0;0;0;0;0;0;0;0;0;0;0;0;0;0;0;0
FR;12;2023-01-22;0;0;0;0;0;0;0;0;0;0;0;0;0;0;0;0;0;0
FR;12;2023-01-23;0;0;0;0;0;0;0;0;0;0;0;0;0;0;0;0;0;0
FR;12;2023-01-24;0;0;0;0;0;0;0;0;0;0;0;0;0;0;0;0;0;0
FR;12;2023-01-25;0;0;0;0;0;0;0;0;0;0;0;0;0;0;0;0;0;0
FR;12;2023-01-26;0;0;0;0;0;0;0;0;0;0;0;0;0;0;0;0;0;0
FR;12;2023-01-27;0;0;0;0;0;0;0;0;0;0;0;0;0;0;0;0;0;0
FR;12;2023-01-28;0;0;0;0;0;0;0;0;0;0;0;0;0;0;0;0;0;0
FR;12;2023-01-29;0;0;0;0;0;0;0;0;0;0;0;0;0;0;0;0;0;0
FR;12;2023-01-30;0;0;0;0;0;0;0;0;0;0;0;0;0;0;0;0;0;0
FR;12;2023-01-31;0;0;0;0;0;0;0;0;0;0;0;0;0;0;0;0;0;0
FR;12;2023-02-01;0;0;0;0;0;0;0;0;0;0;0;0;0;0;0;0;0;0
FR;12;2023-02-02;0;0;0;1;0;0;0;2;2;0;0;0;1;0;0;0;2;2
FR;12;2023-02-03;0;1;6;57;0;4;58;141;77;0;1;6;58;0;4;58;143;79
FR;12;2023-02-04;1;3;6;51;1;5;52;110;52;1;4;12;109;1;9;110;253;131
FR;12;2023-02-05;0;0;0;0;0;0;0;1;1;1;4;12;109;1;9;110;254;132
FR;12;2023-02-06;3;2;13;63;0;11;69;154;69;4;6;25;172;1;20;179;408;201
FR;12;2023-02-07;2;7;18;95;4;13;98;237;121;6;13;43;267;5;33;277;645;322
FR;12;2023-02-08;1;3;10;62;1;10;69;170;89;7;16;53;329;6;43;346;815;411
FR;12;2023-02-09;5;3;12;75;2;13;78;284;190;12;19;65;404;8;56;424;1099;601
FR;12;2023-02-10;4;2;22;140;4;12;150;327;162;16;21;87;544;12;68;574;1426;763
FR;12;2023-02-11;0;2;8;59;1;3;58;123;60;16;23;95;603;13;71;632;1549;823
FR;12;2023-02-12;0;0;0;3;0;0;3;7;3;16;23;95;606;13;71;635;1556;826
FR;12;2023-02-13;0;0;17;78;0;8;85;217;114;16;23;112;684;13;79;720;1773;940
FR;12;2023-02-14;3;5;17;96;5;14;99;229;108;19;28;129;780;18;93;819;2002;1048
FR;12;2023-02-15;3;5;19;85;0;13;86;236;132;22;33;148;865;18;106;905;2238;1180
FR;12;2023-02-16;5;3;16;107;3;13;103;247;129;27;36;164;972;21;119;1008;2485;1309
FR;12;2023-02-17;2;4;12;115;3;11;110;280;153;29;40;176;1087;24;130;1118;2765;1462
FR;12;2023-02-18;1;4;10;51;2;12;52;102;36;30;44;186;1138;26;142;1170;2867;1498
FR;12;2023-02-19;0;0;0;2;0;0;1;2;1;30;44;186;1140;26;142;1171;2869;1499
FR;12;2023-02-20;10;2;11;65;6;11;69;218;131;40;46;197;1205;32;153;1240;3087;1630
FR;12;2023-02-21;6;6;19;98;4;14;94;280;167;46;52;216;1303;36;167;1334;3367;1797
FR;12;2023-02-22;2;4;19;74;2;20;78;231;125;48;56;235;1377;38;187;1412;3598;1922
FR;12;2023-02-23;4;3;20;88;2;16;87;265;155;52;59;255;1465;40;203;1499;3863;2077
FR;12;2023-02-24;3;7;20;135;3;17;142;360;189;55;66;275;1600;43;220;1641;4223;2266
FR;12;2023-02-25;7;1;19;92;1;10;106;200;77;62;67;294;1692;44;230;1747;4423;2343
FR;12;2023-02-26;0;0;0;0;0;0;0;2;2;62;67;294;1692;44;230;1747;4425;2345
FR;12;2023-02-27;6;10;20;92;8;16;95;270;156;68;77;314;1784;52;246;1842;4695;2501
FR;12;2023-02-28;6;9;21;125;0;23;128;385;227;74;86;335;1909;52;269;1970;5080;2728
FR;12;2023-03-01;3;7;23;78;2;18;91;292;175;77;93;358;1987;54;287;2061;5372;2903
FR;12;2023-03-02;9;9;21;110;6;18;117;304;163;86;102;379;2097;60;305;2178;5676;3066
FR;12;2023-03-03;10;8;45;142;7;39;148;418;220;96;110;424;2239;67;344;2326;6094;3286
FR;12;2023-03-04;3;2;12;55;0;10;53;119;49;99;112;436;2294;67;354;2379;6213;3335
FR;12;2023-03-05;0;1;1;2;1;1;2;8;5;99;113;437;2296;68;355;2381;6221;3340
FR;12;2023-03-06;4;5;27;74;2;20;82;268;157;103;118;464;2370;70;375;2463;6489;3497
FR;12;2023-03-07;6;10;29;130;9;24;132;356;191;109;128;493;2500;79;399;2595;6845;3688
FR;12;2023-03-08;4;7;27;71;5;22;77;249;137;113;135;520;2571;84;421;2672;7094;3825
FR;12;2023-03-09;4;8;18;91;4;22;85;323;197;117;143;538;2662;88;443;2757;7417;4022
FR;12;2023-03-10;11;7;23;137;9;23;133;367;208;128;150;561;2799;97;466;2890;7784;4230
FR;12;2023-03-11;1;4;15;45;4;9;50;132;72;129;154;576;2844;101;475;2940;7916;4302
FR;12;2023-03-12;0;2;0;2;0;2;1;5;2;129;156;576;2846;101;477;2941;7921;4304
FR;12;2023-03-13;3;4;32;101;1;28;103;294;156;132;160;608;2947;102;505;3044;8215;4460
FR;12;2023-03-14;3;7;16;85;2;15;83;322;210;135;167;624;3032;104;520;3127;8537;4670
FR;12;2023-03-15;1;4;20;66;2;19;69;225;124;136;171;644;3098;106;539;3196;8762;4794
FR;12;2023-03-16;5;5;20;100;5;13;116;300;157;141;176;664;3198;111;552;3312;9062;4951
FR;12;2023-03-17;3;11;30;112;4;28;113;388;224;144;187;694;3310;115;580;3425;9450;5175
FR;12;2023-03-18;1;4;21;53;4;17;59;144;64;145;191;715;3363;119;597;3484;9594;5239
FR;12;2023-03-19;0;0;0;6;0;0;5;10;5;145;191;715;3369;119;597;3489;9604;5244
FR;12;2023-03-20;9;8;27;87;7;23;90;258;134;154;199;742;3456;126;620;3579;9862;5378
FR;12;2023-03-21;2;7;42;81;3;36;93;355;209;156;206;784;3537;129;656;3672;10217;5587
FR;12;2023-03-22;6;4;36;50;5;29;58;241;139;162;210;820;3587;134;685;3730;10458;5726
FR;12;2023-03-23;3;8;26;80;5;25;82;264;147;165;218;846;3667;139;710;3812;10722;5873
FR;12;2023-03-24;6;2;25;99;3;22;109;347;203;171;220;871;3766;142;732;3921;11069;6076
FR;12;2023-03-25;7;8;25;61;3;14;75;162;62;178;228;896;3827;145;746;3996;11231;6138
FR;12;2023-03-26;0;1;0;1;1;0;1;7;6;178;229;896;3828;146;746;3997;11238;6144
FR;12;2023-03-27;5;10;28;77;7;23;85;283;159;183;239;924;3905;153;769;4082;11521;6303
FR;12;2023-03-28;2;5;29;95;2;25;91;344;207;185;244;953;4000;155;794;4173;11865;6510
FR;12;2023-03-29;4;7;18;52;4;20;56;201;105;189;251;971;4052;159;814;4229;12066;6615
FR;12;2023-03-30;9;2;27;65;4;19;81;281;168;198;253;998;4117;163;833;4310;12347;6783
FR;12;2023-03-31;4;14;41;120;4;39;126;421;231;202;267;1039;4237;167;872;4436;12768;7014
FR;12;2023-04-01;1;8;17;44;4;13;48;139;63;203;275;1056;4281;171;885;4484;12907;7077
FR;12;2023-04-02;0;1;1;0;0;2;0;5;3;203;276;1057;4281;171;887;4484;12912;7080
FR;12;2023-04-03;5;3;35;89;3;18;111;299;159;208;279;1092;4370;174;905;4595;13211;7239
FR;12;2023-04-04;4;7;22;85;0;26;87;383;247;212;286;1114;4455;174;931;4682;13594;7486
FR;12;2023-04-05;4;9;21;60;5;23;57;229;136;216;295;1135;4515;179;954;4739;13823;7622
FR;12;2023-04-06;10;8;25;57;3;23;67;280;164;226;303;1160;4572;182;977;4806;14103;7786
FR;12;2023-04-07;4;11;29;98;8;25;110;387;219;230;314;1189;4670;190;1002;4916;14490;8005
FR;12;2023-04-08;1;5;11;38;2;9;38;117;56;231;319;1200;4708;192;1011;4954;14607;8061
FR;12;2023-04-09;0;0;2;1;0;1;2;5;2;231;319;1202;4709;192;1012;4956;14612;8063
FR;12;2023-04-10;0;1;2;2;1;0;5;9;4;231;320;1204;4711;193;1012;4961;14621;8067
FR;12;2023-04-11;5;8;27;87;6;16;98;297;161;236;328;1231;4798;199;1028;5059;14918;8228
FR;12;2023-04-12;5;12;16;52;5;23;60;260;154;241;340;1247;4850;204;1051;5119;15178;8382
FR;12;2023-04-13;3;5;22;58;2;17;65;253;141;244;345;1269;4908;206;1068;5184;15431;8523
FR;12;2023-04-14;6;13;20;90;8;16;96;393;247;250;358;1289;4998;214;1084;5280;15824;8770
FR;12;2023-04-15;5;0;14;34;0;7;40;107;48;255;358;1303;5032;214;1091;5320;15931;8818
FR;12;2023-04-16;0;0;1;2;0;0;2;4;2;255;358;1304;5034;214;1091;5322;15935;8820
FR;12;2023-04-17;3;2;18;40;2;19;40;181;97;258;360;1322;5074;216;1110;5362;16116;8917
FR;12;2023-04-18;6;6;18;56;2;14;63;272;144;264;366;1340;5130;218;1124;5425;16388;9061
FR;12;2023-04-19;3;7;11;40;2;11;38;149;81;267;373;1351;5170;220;1135;5463;16537;9142
FR;12;2023-04-20;2;3;14;51;1;10;58;211;117;269;376;1365;5221;221;1145;5521;16748;9259
FR;12;2023-04-21;4;6;25;60;5;19;68;255;148;273;382;1390;5281;226;1164;5589;17003;9407
FR;12;2023-04-22;3;8;11;22;6;9;29;94;36;276;390;1401;5303;232;1173;5618;17097;9443
FR;12;2023-04-23;0;0;1;0;0;1;1;3;1;276;390;1402;5303;232;1174;5619;17100;9444
FR;12;2023-04-24;2;6;11;42;5;11;49;171;98;278;396;1413;5345;237;1185;5668;17271;9542
FR;12;2023-04-25;0;3;15;46;1;15;51;205;118;278;399;1428;5391;238;1200;5719;17476;9660
FR;12;2023-04-26;3;4;16;36;2;14;42;170;88;281;403;1444;5427;240;1214;5761;17646;9748
FR;12;2023-04-27;4;4;13;46;3;13;46;193;108;285;407;1457;5473;243;1227;5807;17839;9856
FR;12;2023-04-28;5;8;23;62;3;22;73;313;180;290;415;1480;5535;246;1249;5880;18152;10036
FR;12;2023-04-29;2;3;10;24;3;6;29;92;43;292;418;1490;5559;249;1255;5909;18244;10079
FR;12;2023-04-30;0;0;0;0;0;0;0;0;0;292;418;1490;5559;249;1255;5909;18244;10079
FR;12;2023-05-01;0;0;0;0;0;0;0;4;3;292;418;1490;5559;249;1255;5909;18248;10082
FR;12;2023-05-02;8;3;11;48;2;15;47;243;124;300;421;1501;5607;251;1270;5956;18491;10206
FR;12;2023-05-03;7;6;9;44;7;8;46;223;119;307;427;1510;5651;258;1278;6002;18714;10325
FR;0;2020-12-27;616;0;0;0;55;0;0;0;0;616;0;0;0;55;0;0;0;0
FR;0;2020-12-28;709;1;0;0;44;0;0;0;0;1325;1;0;0;99;0;0;0;0
FR;0;2020-12-29;389;0;0;0;19;0;0;0;0;1714;1;0;0;118;0;0;0;0
FR;0;2020-12-30;456;0;0;0;20;0;0;0;0;2170;1;0;0;138;0;0;0;0
FR;0;2020-12-31;451;1;0;0;21;0;0;0;0;2621;2;0;0;159;0;0;0;0
FR;0;2021-01-01;1198;2;0;0;66;0;0;0;0;3819;4;0;0;225;0;0;0;0
FR;0;2021-01-02;369;4;0;0;29;0;0;0;0;4188;8;0;0;254;0;0;0;0
FR;0;2021-01-03;419;0;0;0;23;0;0;0;0;4607;8;0;0;277;0;0;0;0
FR;0;2021-01-04;2150;5;0;0;51;0;0;0;0;6757;13;0;0;328;0;0;0;0
FR;0;2021-01-05;7790;6;0;0;128;0;0;0;0;14547;19;0;0;456;0;0;0;0
FR;0;2021-01-06;12487;23;0;0;128;0;0;0;0;27034;42;0;0;584;0;0;0;0
FR;0;2021-01-07;29480;24;0;0;159;0;0;0;0;56514;66;0;0;743;0;0;0;0
FR;0;2021-01-08;37170;35;0;0;204;0;0;0;0;93684;101;0;0;947;0;0;0;0
FR;0;2021-01-09;11221;9;0;0;77;0;0;0;0;104905;110;0;0;1024;0;0;0;0
FR;0;2021-01-10;6017;8;0;0;28;0;0;0;0;110922;118;0;0;1052;0;0;0;0
FR;0;2021-01-11;39956;39;0;0;232;0;0;0;0;150878;157;0;0;1284;0;0;0;0
FR;0;2021-01-12;62165;31;0;0;299;0;0;0;0;213043;188;0;0;1583;0;0;0;0
FR;0;2021-01-13;65150;62;0;0;433;0;0;0;0;278193;250;0;0;2016;0;0;0;0
FR;0;2021-01-14;83109;262;0;0;1170;0;0;0;0;361302;512;0;0;3186;0;0;0;0
FR;0;2021-01-15;69037;102;0;0;556;0;0;0;0;430339;614;0;0;3742;0;0;0;0
FR;0;2021-01-16;20219;73;0;0;183;0;0;0;0;450558;687;0;0;3925;0;0;0;0
FR;0;2021-01-17;10993;54;0;0;137;0;0;0;0;461551;741;0;0;4062;0;0;0;0
FR;0;2021-01-18;85924;179;0;0;614;0;0;0;0;547475;920;0;0;4676;0;0;0;0
FR;0;2021-01-19;130616;211;0;0;868;0;0;0;0;678091;1131;0;0;5544;0;0;0;0
FR;0;2021-01-20;137577;197;0;0;837;0;0;0;0;815668;1328;0;0;6381;0;0;0;0
FR;0;2021-01-21;158433;205;0;0;951;0;0;0;0;974101;1533;0;0;7332;0;0;0;0
FR;0;2021-01-22;121091;259;0;0;846;0;0;0;0;1095192;1792;0;0;8178;0;0;0;0
FR;0;2021-01-23;38492;86;0;0;223;0;0;0;0;1133684;1878;0;0;8401;0;0;0;0
FR;0;2021-01-24;9752;131;0;0;196;0;0;0;0;1143436;2009;0;0;8597;0;0;0;0
FR;0;2021-01-25;78256;1458;0;0;1809;0;0;0;0;1221692;3467;0;0;10406;0;0;0;0
FR;0;2021-01-26;100401;3711;1;0;4188;0;0;0;0;1322093;7178;1;0;14594;0;0;0;0
FR;0;2021-01-27;107266;6444;0;0;7160;0;0;0;0;1429359;13622;1;0;21754;0;0;0;0
FR;0;2021-01-28;124384;16423;0;0;17247;0;0;0;0;1553743;30045;1;0;39001;0;0;0;0
FR;0;2021-01-29;92204;18804;0;0;19380;0;0;0;0;1645947;48849;1;0;58381;0;0;0;0
FR;0;2021-01-30;29128;4540;0;0;4677;0;0;0;0;1675075;53389;1;0;63058;0;0;0;0
FR;0;2021-01-31;5240;1900;0;0;1945;0;0;0;0;1680315;55289;1;0;65003;0;0;0;0
FR;0;2021-02-01;53160;23055;0;0;23328;0;0;0;0;1733475;78344;1;0;88331;0;0;0;0
FR;0;2021-02-02;72337;38226;0;0;38717;0;0;0;0;1805812;116570;1;0;127048;0;0;0;0
FR;0;2021-02-03;72328;40282;0;0;40788;0;0;0;0;1878140;156852;1;0;167836;0;0;0;0
FR;0;2021-02-04;82097;55132;0;0;55727;0;0;0;0;1960237;211984;1;0;223563;0;0;0;0
FR;0;2021-02-05;68252;48243;0;0;48681;0;0;0;0;2028489;260227;1;0;272244;0;0;0;0
FR;0;2021-02-06;22950;11435;0;0;11673;0;0;0;0;2051439;271662;1;0;283917;0;0;0;0
FR;0;2021-02-07;5195;6075;0;0;6201;0;0;0;0;2056634;277737;1;0;290118;0;0;0;0
FR;0;2021-02-08;46856;48808;0;0;49296;0;0;0;0;2103490;326545;1;0;339414;0;0;0;0
FR;0;2021-02-09;66050;78467;0;0;79565;0;0;0;0;2169540;405012;1;0;418979;0;0;0;0
FR;0;2021-02-10;71049;83532;0;0;84831;0;0;0;0;2240589;488544;1;0;503810;0;0;0;0
FR;0;2021-02-11;87309;105691;0;0;107640;0;0;0;0;2327898;594235;1;0;611450;0;0;0;0
FR;0;2021-02-12;79357;76063;0;0;77810;0;0;0;0;2407255;670298;1;0;689260;0;0;0;0
FR;0;2021-02-13;22390;19533;0;0;19900;0;0;0;0;2429645;689831;1;0;709160;0;0;0;0
FR;0;2021-02-14;5080;7323;0;0;7451;0;0;0;0;2434725;697154;1;0;716611;0;0;0;0
FR;0;2021-02-15;38132;76798;0;0;77820;0;0;0;0;2472857;773952;1;0;794431;0;0;0;0
FR;0;2021-02-16;50420;99688;0;0;101041;0;0;0;0;2523277;873640;1;0;895472;0;0;0;0
FR;0;2021-02-17;50559;106931;20;0;108382;0;0;0;0;2573836;980571;21;0;1003854;0;0;0;0
FR;0;2021-02-18;69815;123740;0;0;125790;0;0;0;0;2643651;1104311;21;0;1129644;0;0;0;0
FR;0;2021-02-19;65093;92335;1;0;94226;0;0;0;0;2708744;1196646;22;0;1223870;0;0;0;0
FR;0;2021-02-20;18602;28546;0;0;28917;0;0;0;0;2727346;1225192;22;0;1252787;0;0;0;0
FR;0;2021-02-21;3335;6041;0;0;6146;0;0;0;0;2730681;1231233;22;0;1258933;0;0;0;0
FR;0;2021-02-22;37511;73176;2;0;74191;0;0;0;0;2768192;1304409;24;0;1333124;0;0;0;0
FR;0;2021-02-23;53803;85298;1;0;86821;0;0;0;0;2821995;1389707;25;0;1419945;0;0;0;0
FR;0;2021-02-24;60039;82934;1;0;84515;0;0;0;0;2882034;1472641;26;0;1504460;0;0;0;0
FR;0;2021-02-25;100612;91198;1;0;94197;0;0;0;0;2982646;1563839;27;0;1598657;0;0;0;0
FR;0;2021-02-26;113492;70750;1;0;73900;0;0;0;0;3096138;1634589;28;0;1672557;0;0;0;0
FR;0;2021-02-27;52131;22438;1;0;23684;0;0;0;0;3148269;1657027;29;0;1696241;0;0;0;0
FR;0;2021-02-28;6209;4116;2;0;4314;0;0;0;0;3154478;1661143;31;0;1700555;0;0;0;0
FR;0;2021-03-01;65946;54077;1;0;55950;0;0;0;0;3220424;1715220;32;0;1756505;0;0;0;0
FR;0;2021-03-02;101417;67180;3;0;70226;0;0;0;0;3321841;1782400;35;0;1826731;0;0;0;0
FR;0;2021-03-03;116565;65471;0;0;69163;0;0;0;0;3438406;1847871;35;0;1895894;0;0;0;0
FR;0;2021-03-04;163663;72637;3;0;78210;0;0;0;0;3602069;1920508;38;0;1974104;0;0;0;0
FR;0;2021-03-05;200962;62702;3;0;69435;0;0;0;0;3803031;1983210;41;0;2043539;0;0;0;0
FR;0;2021-03-06;207993;17483;3;0;22785;0;0;0;0;4011024;2000693;44;0;2066324;0;0;0;0
FR;0;2021-03-07;121293;3972;1;0;7266;0;0;0;0;4132317;2004665;45;0;2073590;0;0;0;0
FR;0;2021-03-08;107180;49550;2;0;53039;0;0;0;0;4239497;2054215;47;0;2126629;0;0;0;0
FR;0;2021-03-09;172487;56018;2;0;61515;0;0;0;0;4411984;2110233;49;0;2188144;0;0;0;0
FR;0;2021-03-10;179043;57054;5;0;62730;0;0;0;0;4591027;2167287;54;0;2250874;0;0;0;0
FR;0;2021-03-11;242933;64029;2;0;72126;0;0;0;0;4833960;2231316;56;0;2323000;0;0;0;0
FR;0;2021-03-12;294876;53370;1;0;62827;0;0;0;0;5128836;2284686;57;0;2385827;0;0;0;0
FR;0;2021-03-13;231445;15264;1;0;21242;0;0;0;0;5360281;2299950;58;0;2407069;0;0;0;0
FR;0;2021-03-14;63364;3042;1;0;5078;0;0;0;0;5423645;2302992;59;0;2412147;0;0;0;0
FR;0;2021-03-15;158699;31499;3;0;36154;0;0;0;0;5582344;2334491;62;0;2448301;0;0;0;0
FR;0;2021-03-16;141598;38818;6;0;42970;0;0;0;0;5723942;2373309;68;0;2491271;0;0;0;0
FR;0;2021-03-17;150519;37568;4;0;42337;0;0;0;0;5874461;2410877;72;0;2533608;0;0;0;0
FR;0;2021-03-18;167870;44330;5;0;49897;0;0;0;0;6042331;2455207;77;0;2583505;0;0;0;0
FR;0;2021-03-19;230056;36748;2;0;44107;0;0;0;0;6272387;2491955;79;0;2627612;0;0;0;0
FR;0;2021-03-20;166721;11385;1;0;16009;0;0;0;0;6439108;2503340;80;0;2643621;0;0;0;0
FR;0;2021-03-21;49959;2128;1;0;3887;0;0;0;0;6489067;2505468;81;0;2647508;0;0;0;0
FR;0;2021-03-22;170085;33517;2;0;39022;0;0;0;0;6659152;2538985;83;0;2686530;0;0;0;0
FR;0;2021-03-23;250442;42374;1;0;50220;0;0;0;0;6909594;2581359;84;0;2736750;0;0;0;0
FR;0;2021-03-24;256952;43602;0;0;51704;0;0;0;0;7166546;2624961;84;0;2788454;0;0;0;0
FR;0;2021-03-25;341876;45285;5;0;56288;0;0;0;0;7508422;2670246;89;0;2844742;0;0;0;0
FR;0;2021-03-26;358849;41807;5;1;53565;0;0;0;0;7867271;2712053;94;1;2898307;0;0;0;0
FR;0;2021-03-27;195297;16952;1;0;23396;0;0;0;0;8062568;2729005;95;1;2921703;0;0;0;0
FR;0;2021-03-28;59360;4587;3;0;6652;0;0;0;0;8121928;2733592;98;1;2928355;0;0;0;0
FR;0;2021-03-29;203028;53395;4;0;60160;0;0;0;0;8324956;2786987;102;1;2988515;0;0;0;0
FR;0;2021-03-30;285549;70038;5;0;80452;0;0;0;0;8610505;2857025;107;1;3068967;0;0;0;0
FR;0;2021-03-31;263083;74059;4;0;84731;0;0;0;0;8873588;2931084;111;1;3153698;0;0;0;0
FR;0;2021-04-01;315586;92815;11;0;106398;0;0;0;0;9189174;3023899;122;1;3260096;0;0;0;0
FR;0;2021-04-02;281384;94823;7;0;106656;0;0;0;0;9470558;3118722;129;1;3366752;0;0;0;0
FR;0;2021-04-03;141097;62605;6;0;67866;0;0;0;0;9611655;3181327;135;1;3434618;0;0;0;0
FR;0;2021-04-04;46551;19021;2;0;21074;0;0;0;0;9658206;3200348;137;1;3455692;0;0;0;0
FR;0;2021-04-05;63373;10402;11;0;13059;0;0;0;0;9721579;3210750;148;1;3468751;0;0;0;0
FR;0;2021-04-06;217275;113139;17;0;122005;0;0;0;0;9938854;3323889;165;1;3590756;0;0;0;0
FR;0;2021-04-07;260323;115280;17;0;126634;0;0;0;0;10199177;3439169;182;1;3717390;0;0;0;0
FR;0;2021-04-08;337917;123223;15;0;138853;0;0;0;0;10537094;3562392;197;1;3856243;0;0;0;0
FR;0;2021-04-09;410244;116883;49;0;134293;0;0;0;0;10947338;3679275;246;1;3990536;0;0;0;0
FR;0;2021-04-10;212665;82875;15;0;91268;0;0;0;0;11160003;3762150;261;1;4081804;0;0;0;0
FR;0;2021-04-11;56162;34179;7;0;36705;0;0;0;0;11216165;3796329;268;1;4118509;0;0;0;0
FR;0;2021-04-12;237130;115833;46;0;125443;0;0;0;0;11453295;3912162;314;1;4243952;0;0;0;0
FR;0;2021-04-13;309557;144154;98;1;157117;0;0;0;0;11762852;4056316;412;2;4401069;0;0;0;0
FR;0;2021-04-14;294607;139859;215;0;153239;0;0;0;0;12057459;4196175;627;2;4554308;0;0;0;0
FR;0;2021-04-15;337204;150536;340;0;166079;0;0;0;0;12394663;4346711;967;2;4720387;0;0;0;0
FR;0;2021-04-16;339363;147045;354;0;161704;0;0;0;0;12734026;4493756;1321;2;4882091;0;0;0;0
FR;0;2021-04-17;188689;89985;109;0;97684;0;0;0;0;12922715;4583741;1430;2;4979775;0;0;0;0
FR;0;2021-04-18;51643;35462;48;0;37884;0;0;0;0;12974358;4619203;1478;2;5017659;0;0;0;0
FR;0;2021-04-19;205750;138299;457;0;147460;0;0;0;0;13180108;4757502;1935;2;5165119;0;0;0;0
FR;0;2021-04-20;254495;172046;569;0;183706;0;0;0;0;13434603;4929548;2504;2;5348825;0;0;0;0
FR;0;2021-04-21;253346;170240;836;0;182264;0;0;0;0;13687949;5099788;3340;2;5531089;0;0;0;0
FR;0;2021-04-22;287633;190455;820;0;205050;0;0;0;0;13975582;5290243;4160;2;5736139;0;0;0;0
FR;0;2021-04-23;297686;184743;747;0;203502;0;0;0;0;14273268;5474986;4907;2;5939641;0;0;0;0
FR;0;2021-04-24;190483;112058;252;0;122512;0;0;0;0;14463751;5587044;5159;2;6062153;0;0;0;0
FR;0;2021-04-25;69577;38862;51;0;42593;0;0;0;0;14533328;5625906;5210;2;6104746;0;0;0;0
FR;0;2021-04-26;221007;158706;564;0;171907;0;0;0;0;14754335;5784612;5774;2;6276653;0;0;0;0
FR;0;2021-04-27;284658;188070;941;0;211387;0;0;0;0;15038993;5972682;6715;2;6488040;0;0;0;0
FR;0;2021-04-28;299597;184732;1427;1;209811;1;0;0;0;15338590;6157414;8142;3;6697851;1;0;0;0
FR;0;2021-04-29;357217;198318;1281;0;233405;0;0;0;0;15695807;6355732;9423;3;6931256;1;0;0;0
FR;0;2021-04-30;372270;186150;1124;1;225491;0;0;0;0;16068077;6541882;10547;4;7156747;1;0;0;0
FR;0;2021-05-01;167680;52539;179;0;63785;0;0;0;0;16235757;6594421;10726;4;7220532;1;0;0;0
FR;0;2021-05-02;91771;37869;83;0;43598;0;0;0;0;16327528;6632290;10809;4;7264130;1;0;0;0
FR;0;2021-05-03;288985;165122;843;0;185647;0;0;0;0;16616513;6797412;11652;4;7449777;1;0;0;0
FR;0;2021-05-04;315761;225639;1237;0;251812;0;0;0;0;16932274;7023051;12889;4;7701589;1;0;0;0
FR;0;2021-05-05;327322;226684;1316;0;251765;0;0;0;0;17259596;7249735;14205;4;7953354;1;0;0;0
FR;0;2021-05-06;379657;241290;1634;0;275540;0;0;0;0;17639253;7491025;15839;4;8228894;1;0;0;0
FR;0;2021-05-07;372839;258915;1225;0;299974;0;0;0;0;18012092;7749940;17064;4;8528868;1;0;0;0
FR;0;2021-05-08;222192;71514;300;0;86723;0;0;0;0;18234284;7821454;17364;4;8615591;1;0;0;0
FR;0;2021-05-09;129735;44489;243;0;53127;0;0;0;0;18364019;7865943;17607;4;8668718;1;0;0;0
FR;0;2021-05-10;313436;229736;1239;0;255517;0;0;0;0;18677455;8095679;18846;4;8924235;1;0;0;0
FR;0;2021-05-11;403987;258455;1566;0;296886;0;0;0;0;19081442;8354134;20412;4;9221121;1;0;0;0
FR;0;2021-05-12;434229;233893;1544;0;270182;0;0;0;0;19515671;8588027;21956;4;9491303;1;0;0;0
FR;0;2021-05-13;338643;56435;432;0;77928;0;0;0;0;19854314;8644462;22388;4;9569231;1;0;0;0
FR;0;2021-05-14;454194;167505;1130;0;203117;0;0;0;0;20308508;8811967;23518;4;9772348;1;0;0;0
FR;0;2021-05-15;375021;94402;445;0;120802;0;0;0;0;20683529;8906369;23963;4;9893150;1;0;0;0
FR;0;2021-05-16;202778;20693;168;0;34094;0;0;0;0;20886307;8927062;24131;4;9927244;1;0;0;0
FR;0;2021-05-17;376169;148881;1555;0;178671;0;0;0;0;21262476;9075943;25686;4;10105915;1;0;0;0
FR;0;2021-05-18;460231;154150;1991;0;193303;0;0;0;0;21722707;9230093;27677;4;10299218;1;0;0;0
FR;0;2021-05-19;467480;142580;2466;0;179845;0;0;0;0;22190187;9372673;30143;4;10479063;1;0;0;0
FR;0;2021-05-20;507608;160252;2340;0;204210;0;0;0;0;22697795;9532925;32483;4;10683273;1;0;0;0
FR;0;2021-05-21;489736;175268;1997;0;221814;0;0;0;0;23187531;9708193;34480;4;10905087;1;0;0;0
FR;0;2021-05-22;347231;80250;670;0;108682;0;0;0;0;23534762;9788443;35150;4;11013769;1;0;0;0
FR;0;2021-05-23;161718;14211;246;0;26679;0;0;0;0;23696480;9802654;35396;4;11040448;1;0;0;0
FR;0;2021-05-24;263223;33110;604;0;52946;0;0;0;0;23959703;9835764;36000;4;11093394;1;0;0;0
FR;0;2021-05-25;400322;190460;2357;1;227030;0;0;0;0;24360025;10026224;38357;5;11320424;1;0;0;0
FR;0;2021-05-26;413524;191298;2227;0;229348;0;0;0;0;24773549;10217522;40584;5;11549772;1;0;0;0
FR;0;2021-05-27;449888;220127;2163;0;267268;0;0;0;0;25223437;10437649;42747;5;11817040;1;0;0;0
FR;0;2021-05-28;429618;261168;1895;0;319268;0;0;0;0;25653055;10698817;44642;5;12136308;1;0;0;0
FR;0;2021-05-29;299011;150537;586;0;183391;0;0;0;0;25952066;10849354;45228;5;12319699;1;0;0;0
FR;0;2021-05-30;107156;32505;164;0;42089;0;0;0;0;26059222;10881859;45392;5;12361788;1;0;0;0
FR;0;2021-05-31;358084;203493;1474;1;241774;1;0;0;0;26417306;11085352;46866;6;12603562;2;0;0;0
FR;0;2021-06-01;431155;251295;1969;1;302940;1;0;0;0;26848461;11336647;48835;7;12906502;3;0;0;0
FR;0;2021-06-02;420191;232823;1986;0;280210;0;0;0;0;27268652;11569470;50821;7;13186712;3;0;0;0
FR;0;2021-06-03;465720;257781;1826;0;312557;0;0;0;0;27734372;11827251;52647;7;13499269;3;0;0;0
FR;0;2021-06-04;456311;305903;1735;1;363318;1;0;0;0;28190683;12133154;54382;8;13862587;4;0;0;0
FR;0;2021-06-05;304841;189572;653;0;222795;0;0;0;0;28495524;12322726;55035;8;14085382;4;0;0;0
FR;0;2021-06-06;133344;49020;227;0;61161;0;0;0;0;28628868;12371746;55262;8;14146543;4;0;0;0
FR;0;2021-06-07;340029;261515;1529;0;298607;0;0;0;0;28968897;12633261;56791;8;14445150;4;0;0;0
FR;0;2021-06-08;393973;291419;1806;0;338285;0;0;0;0;29362870;12924680;58597;8;14783435;4;0;0;0
FR;0;2021-06-09;384973;273779;1734;0;318174;0;0;0;0;29747843;13198459;60331;8;15101609;4;0;0;0
FR;0;2021-06-10;404262;286282;1728;1;335732;0;0;0;0;30152105;13484741;62059;9;15437341;4;0;0;0
FR;0;2021-06-11;386733;356531;1468;1;406975;0;0;0;0;30538838;13841272;63527;10;15844316;4;0;0;0
FR;0;2021-06-12;283300;210995;497;0;243141;0;0;0;0;30822138;14052267;64024;10;16087457;4;0;0;0
FR;0;2021-06-13;104907;73843;204;0;84836;0;0;0;0;30927045;14126110;64228;10;16172293;4;0;0;0
FR;0;2021-06-14;240891;354036;1429;1;383231;0;0;0;0;31167936;14480146;65657;11;16555524;4;0;0;0
FR;0;2021-06-15;308237;384327;1574;1;423101;0;0;0;0;31476173;14864473;67231;12;16978625;4;0;0;0
FR;0;2021-06-16;314027;357604;1419;1;395368;0;0;0;0;31790200;15222077;68650;13;17373993;4;0;0;0
FR;0;2021-06-17;317741;373169;1432;1;414368;0;0;0;0;32107941;15595246;70082;14;17788361;4;0;0;0
FR;0;2021-06-18;321785;442602;1342;1;486009;0;0;0;0;32429726;16037848;71424;15;18274370;4;0;0;0
FR;0;2021-06-19;224367;274029;449;0;301221;0;0;0;0;32654093;16311877;71873;15;18575591;4;0;0;0
FR;0;2021-06-20;74459;102288;131;0;111482;0;0;0;0;32728552;16414165;72004;15;18687073;4;0;0;0
FR;0;2021-06-21;195819;401756;1038;1;427721;1;0;0;0;32924371;16815921;73042;16;19114794;5;0;0;0
FR;0;2021-06-22;223243;467815;1266;10;500483;1;0;0;0;33147614;17283736;74308;26;19615277;6;0;0;0
FR;0;2021-06-23;234086;440136;1198;1;474247;1;0;0;0;33381700;17723872;75506;27;20089524;7;0;0;0
FR;0;2021-06-24;241910;409760;1359;0;447253;0;0;0;0;33623610;18133632;76865;27;20536777;7;0;0;0
FR;0;2021-06-25;227676;523086;1404;0;562086;0;0;0;0;33851286;18656718;78269;27;21098863;7;0;0;0
FR;0;2021-06-26;153295;371099;589;1;395906;0;0;0;0;34004581;19027817;78858;28;21494769;7;0;0;0
FR;0;2021-06-27;55924;155943;169;1;164853;0;0;0;0;34060505;19183760;79027;29;21659622;7;0;0;0
FR;0;2021-06-28;154813;452530;1178;0;478129;0;0;0;0;34215318;19636290;80205;29;22137751;7;0;0;0
FR;0;2021-06-29;182751;507847;2124;0;539218;0;0;0;0;34398069;20144137;82329;29;22676969;7;0;0;0
FR;0;2021-06-30;204047;485259;2016;21;519525;2;0;0;0;34602116;20629396;84345;50;23196494;9;0;0;0
FR;0;2021-07-01;231466;458562;2226;5;498502;0;0;0;0;34833582;21087958;86571;55;23694996;9;0;0;0
FR;0;2021-07-02;228707;520028;2120;5;562337;2;0;0;0;35062289;21607986;88691;60;24257333;11;0;0;0
FR;0;2021-07-03;142058;368760;908;3;395248;1;0;0;0;35204347;21976746;89599;63;24652581;12;0;0;0
FR;0;2021-07-04;56764;141006;265;0;150696;0;0;0;0;35261111;22117752;89864;63;24803277;12;0;0;0
FR;0;2021-07-05;168553;418660;1668;8;448603;0;0;0;0;35429664;22536412;91532;71;25251880;12;0;0;0
FR;0;2021-07-06;196812;474522;1830;45;511114;8;0;0;0;35626476;23010934;93362;116;25762994;20;0;0;0
FR;0;2021-07-07;213258;438958;1881;25;477419;2;0;0;0;35839734;23449892;95243;141;26240413;22;0;0;0
FR;0;2021-07-08;231680;424141;2090;20;468070;2;0;0;0;36071414;23874033;97333;161;26708483;24;0;0;0
FR;0;2021-07-09;228644;511071;2185;4;557357;1;0;0;0;36300058;24385104;99518;165;27265840;25;0;0;0
FR;0;2021-07-10;148640;339926;986;1;368866;0;0;0;0;36448698;24725030;100504;166;27634706;25;0;0;0
FR;0;2021-07-11;60217;110050;284;0;120961;0;0;0;0;36508915;24835080;100788;166;27755667;25;0;0;0
FR;0;2021-07-12;169442;477694;1766;4;512423;0;0;0;0;36678357;25312774;102554;170;28268090;25;0;0;0
FR;0;2021-07-13;287310;526600;2050;8;585622;0;0;0;0;36965667;25839374;104604;178;28853712;25;0;0;0
FR;0;2021-07-14;181122;157330;435;0;186638;0;0;0;0;37146789;25996704;105039;178;29040350;25;0;0;0
FR;0;2021-07-15;347131;501599;2100;1;571559;0;0;0;0;37493920;26498303;107139;179;29611909;25;0;0;0
FR;0;2021-07-16;380125;494963;2023;3;574135;1;0;0;0;37874045;26993266;109162;182;30186044;26;0;0;0
FR;0;2021-07-17;259756;319633;877;1;368592;0;0;0;0;38133801;27312899;110039;183;30554636;26;0;0;0
FR;0;2021-07-18;109747;114565;310;0;133002;0;0;0;0;38243548;27427464;110349;183;30687638;26;0;0;0
FR;0;2021-07-19;285528;423875;1631;3;478881;0;0;0;0;38529076;27851339;111980;186;31166519;26;0;0;0
FR;0;2021-07-20;376943;451208;1725;0;523539;0;0;0;0;38906019;28302547;113705;186;31690058;26;0;0;0
FR;0;2021-07-21;395847;406822;1550;4;481804;1;0;0;0;39301866;28709369;115255;190;32171862;27;0;0;0
FR;0;2021-07-22;441092;387296;1715;4;471764;2;0;0;0;39742958;29096665;116970;194;32643626;29;0;0;0
FR;0;2021-07-23;440353;421957;1883;4;509917;1;0;0;0;40183311;29518622;118853;198;33153543;30;0;0;0
FR;0;2021-07-24;285264;269309;804;1;321988;0;0;0;0;40468575;29787931;119657;199;33475531;30;0;0;0
FR;0;2021-07-25;121127;79919;234;0;100271;0;0;0;0;40589702;29867850;119891;199;33575802;30;0;0;0
FR;0;2021-07-26;347453;322134;1614;3;384688;1;0;0;0;40937155;30189984;121505;202;33960490;31;0;0;0
FR;0;2021-07-27;464123;319257;1698;4;400405;1;0;0;0;41401278;30509241;123203;206;34360895;32;0;0;0
FR;0;2021-07-28;459482;289372;1637;4;366982;1;0;0;0;41860760;30798613;124840;210;34727877;33;0;0;0
FR;0;2021-07-29;489867;276104;1797;2;356974;0;0;0;0;42350627;31074717;126637;212;35084851;33;0;0;0
FR;0;2021-07-30;461861;302332;1942;5;380812;1;0;0;0;42812488;31377049;128579;217;35465663;34;0;0;0
FR;0;2021-07-31;285425;185023;916;1;231509;0;0;0;0;43097913;31562072;129495;218;35697172;34;0;0;0
FR;0;2021-08-01;112053;49909;257;0;65686;0;0;0;0;43209966;31611981;129752;218;35762858;34;0;0;0
FR;0;2021-08-02;341676;234025;1603;2;284714;0;0;0;0;43551642;31846006;131355;220;36047572;34;0;0;0
FR;0;2021-08-03;398645;244429;1729;2;304501;1;0;0;0;43950287;32090435;133084;222;36352073;35;0;0;0
FR;0;2021-08-04;384887;209509;1594;6;265629;3;0;0;0;44335174;32299944;134678;228;36617702;38;0;0;0
FR;0;2021-08-05;366203;228340;1711;0;281713;0;0;0;0;44701377;32528284;136389;228;36899415;38;0;0;0
FR;0;2021-08-06;359760;271208;1835;4;326586;0;0;0;0;45061137;32799492;138224;232;37226001;38;0;0;0
FR;0;2021-08-07;213151;178316;756;5;210043;1;0;0;0;45274288;32977808;138980;237;37436044;39;0;0;0
FR;0;2021-08-08;74212;63191;276;0;73625;0;0;0;0;45348500;33040999;139256;237;37509669;39;0;0;0
FR;0;2021-08-09;258779;258577;1549;4;297489;2;0;0;0;45607279;33299576;140805;241;37807158;41;0;0;0
FR;0;2021-08-10;306899;277040;1662;2;323424;0;0;0;0;45914178;33576616;142467;243;38130582;41;0;0;0
FR;0;2021-08-11;279769;259537;1442;5;301608;0;0;0;0;46193947;33836153;143909;248;38432190;41;0;0;0
FR;0;2021-08-12;271575;278002;1669;3;320258;0;0;0;0;46465522;34114155;145578;251;38752448;41;0;0;0
FR;0;2021-08-13;252181;278117;1594;3;316952;2;0;0;0;46717703;34392272;147172;254;39069400;43;0;0;0
FR;0;2021-08-14;145365;197057;740;0;218978;0;0;0;0;46863068;34589329;147912;254;39288378;43;0;0;0
FR;0;2021-08-15;39403;50087;218;1;55667;0;0;0;0;46902471;34639416;148130;255;39344045;43;0;0;0
FR;0;2021-08-16;186196;317462;1543;0;345378;0;0;0;0;47088667;34956878;149673;255;39689423;43;0;0;0
FR;0;2021-08-17;215721;335798;1638;7;368829;0;0;0;0;47304388;35292676;151311;262;40058252;43;0;0;0
FR;0;2021-08-18;199083;324372;1599;7;354535;3;0;0;0;47503471;35617048;152910;269;40412787;46;0;0;0
FR;0;2021-08-19;192051;325395;1642;1;355954;0;0;0;0;47695522;35942443;154552;270;40768741;46;0;0;0
FR;0;2021-08-20;186494;366180;1823;3;396608;2;0;0;0;47882016;36308623;156375;273;41165349;48;0;0;0
FR;0;2021-08-21;104814;238130;709;0;254560;0;0;0;0;47986830;36546753;157084;273;41419909;48;0;0;0
FR;0;2021-08-22;31950;87210;256;1;92163;1;0;0;0;48018780;36633963;157340;274;41512072;49;0;0;0
FR;0;2021-08-23;140999;356994;1561;3;379584;0;0;0;0;48159779;36990957;158901;277;41891656;49;0;0;0
FR;0;2021-08-24;162522;376575;1850;5;402821;0;0;0;0;48322301;37367532;160751;282;42294477;49;0;0;0
FR;0;2021-08-25;151165;350707;2038;8;375395;2;0;0;0;48473466;37718239;162789;290;42669872;51;0;0;0
FR;0;2021-08-26;142898;342771;2564;10;367559;0;0;0;0;48616364;38061010;165353;300;43037431;51;0;0;0
FR;0;2021-08-27;148458;388238;2791;11;414875;1;0;0;0;48764822;38449248;168144;311;43452306;52;0;0;0
FR;0;2021-08-28;90682;249639;1407;0;264963;0;0;0;0;48855504;38698887;169551;311;43717269;52;0;0;0
FR;0;2021-08-29;27325;83356;518;1;88272;0;0;0;0;48882829;38782243;170069;312;43805541;52;0;0;0
FR;0;2021-08-30;117432;324585;4714;6;342391;5847;0;0;0;49000261;39106828;174783;318;44147932;5899;0;0;0
FR;0;2021-08-31;128834;334452;10189;19;353929;11769;2;0;0;49129095;39441280;184972;337;44501861;17668;2;0;0
FR;0;2021-09-01;136169;285663;22437;8;302405;24415;1;0;0;49265264;39726943;207409;345;44804266;42083;3;0;0
FR;0;2021-09-02;114653;247197;26525;20;262095;29010;0;0;0;49379917;39974140;233934;365;45066361;71093;3;0;0
FR;0;2021-09-03;118330;292652;29968;24;309309;33076;1;0;0;49498247;40266792;263902;389;45375670;104169;4;0;0
FR;0;2021-09-04;89893;217797;12587;12;230494;14157;7;0;0;49588140;40484589;276489;401;45606164;118326;11;0;0
FR;0;2021-09-05;21365;44796;4397;2;48279;4716;0;0;0;49609505;40529385;280886;403;45654443;123042;11;0;0
FR;0;2021-09-06;75702;180485;31957;16;190661;34305;2;0;0;49685207;40709870;312843;419;45845104;157347;13;0;0
FR;0;2021-09-07;80318;181179;33251;43;191038;36322;2;0;0;49765525;40891049;346094;462;46036142;193669;15;0;0
FR;0;2021-09-08;91013;206085;29666;28;216568;32571;4;0;0;49856538;41097134;375760;490;46252710;226240;19;0;0
FR;0;2021-09-09;76984;165316;33085;27;174116;36703;5;0;0;49933522;41262450;408845;517;46426826;262943;24;0;0
FR;0;2021-09-10;96050;203810;35743;28;214891;40787;7;0;0;50029572;41466260;444588;545;46641717;303730;31;0;0
FR;0;2021-09-11;67168;169341;12140;19;178185;14414;0;0;0;50096740;41635601;456728;564;46819902;318144;31;0;0
FR;0;2021-09-12;12830;32094;2783;1;34141;3189;2;0;0;50109570;41667695;459511;565;46854043;321333;33;0;0
FR;0;2021-09-13;64582;126154;41249;35;134169;44266;17;0;0;50174152;41793849;500760;600;46988212;365599;50;0;0
FR;0;2021-09-14;73503;129007;56391;80;135747;62447;44;0;0;50247655;41922856;557151;680;47123959;428046;94;0;0
FR;0;2021-09-15;76667;167731;55671;58;174676;54850;76;0;0;50324322;42090587;612822;738;47298635;482896;170;0;0
FR;0;2021-09-16;63898;114505;60099;82;117880;60173;65;0;0;50388220;42205092;672921;820;47416515;543069;235;0;0
FR;0;2021-09-17;75093;156855;53871;71;159731;57367;67;0;0;50463313;42361947;726792;891;47576246;600436;302;0;0
FR;0;2021-09-18;48245;139637;15603;25;144319;17321;20;0;0;50511558;42501584;742395;916;47720565;617757;322;0;0
FR;0;2021-09-19;7908;23648;2443;1;24878;2619;1;0;0;50519466;42525232;744838;917;47745443;620376;323;0;0
FR;0;2021-09-20;44580;93751;50087;72;96242;50347;34;0;0;50564046;42618983;794925;989;47841685;670723;357;0;0
FR;0;2021-09-21;45918;98365;62772;77;98382;63506;79;0;0;50609964;42717348;857697;1066;47940067;734229;436;0;0
FR;0;2021-09-22;48708;142398;55383;82;144843;55483;47;0;0;50658672;42859746;913080;1148;48084910;789712;483;0;0
FR;0;2021-09-23;43298;92065;62408;95;91273;63589;86;0;0;50701970;42951811;975488;1243;48176183;853301;569;0;0
FR;0;2021-09-24;52325;133295;54570;107;132395;59230;78;0;0;50754295;43085106;1030058;1350;48308578;912531;647;0;0
FR;0;2021-09-25;35225;115663;16276;36;118649;18315;22;0;0;50789520;43200769;1046334;1386;48427227;930846;669;0;0
FR;0;2021-09-26;5561;17805;2273;5;18691;2332;5;0;0;50795081;43218574;1048607;1391;48445918;933178;674;0;0
FR;0;2021-09-27;33986;76896;47205;97;78782;48190;81;0;1;50829067;43295470;1095812;1488;48524700;981368;755;0;1
FR;0;2021-09-28;36524;75244;54983;90;74327;56599;47;0;0;50865591;43370714;1150795;1578;48599027;1037967;802;0;1
FR;0;2021-09-29;44426;100688;53375;113;102846;54911;41;0;0;50910017;43471402;1204170;1691;48701873;1092878;843;0;1
FR;0;2021-09-30;36350;72980;57046;96;71483;59611;58;0;0;50946367;43544382;1261216;1787;48773356;1152489;901;0;1
FR;0;2021-10-01;61720;102861;57836;108;101412;64020;23;0;0;51008087;43647243;1319052;1895;48874768;1216509;924;0;1
FR;0;2021-10-02;39470;78460;20965;39;81737;23386;12;0;0;51047557;43725703;1340017;1934;48956505;1239895;936;0;1
FR;0;2021-10-03;5289;10492;2536;4;11258;2542;4;0;0;51052846;43736195;1342553;1938;48967763;1242437;940;0;1
FR;0;2021-10-04;35207;58504;52638;84;59505;54860;37;0;0;51088053;43794699;1395191;2022;49027268;1297297;977;0;1
FR;0;2021-10-05;33937;64376;61032;135;62107;65120;48;0;0;51121990;43859075;1456223;2157;49089375;1362417;1025;0;1
FR;0;2021-10-06;42728;79307;65763;112;80179;68384;29;0;0;51164718;43938382;1521986;2269;49169554;1430801;1054;0;1
FR;0;2021-10-07;30575;62286;65447;88;59503;68896;38;0;0;51195293;44000668;1587433;2357;49229057;1499697;1092;0;1
FR;0;2021-10-08;49486;91947;77773;111;89889;84807;39;0;0;51244779;44092615;1665206;2468;49318946;1584504;1131;0;1
FR;0;2021-10-09;33677;60950;31549;35;64141;33933;17;0;0;51278456;44153565;1696755;2503;49383087;1618437;1148;0;1
FR;0;2021-10-10;4722;7422;3199;9;7938;3475;2;0;0;51283178;44160987;1699954;2512;49391025;1621912;1150;0;1
FR;0;2021-10-11;30734;49886;61050;105;50602;64119;46;0;0;51313912;44210873;1761004;2617;49441627;1686031;1196;0;1
FR;0;2021-10-12;31650;54486;70635;141;51314;76050;27;0;0;51345562;44265359;1831639;2758;49492941;1762081;1223;0;1
FR;0;2021-10-13;40167;62855;74443;137;62803;79398;29;0;1;51385729;44328214;1906082;2895;49555744;1841479;1252;0;2
FR;0;2021-10-14;30364;52874;68779;116;49697;73867;34;0;0;51416093;44381088;1974861;3011;49605441;1915346;1286;0;2
FR;0;2021-10-15;44960;75236;93253;191;70331;103054;26;0;0;51461053;44456324;2068114;3202;49675772;2018400;1312;0;2
FR;0;2021-10-16;31335;44086;36701;45;46705;39651;15;0;0;51492388;44500410;2104815;3247;49722477;2058051;1327;0;2
FR;0;2021-10-17;3898;5229;3603;2;5676;3674;4;0;0;51496286;44505639;2108418;3249;49728153;2061725;1331;0;2
FR;0;2021-10-18;29217;42342;67521;134;42559;71383;27;0;0;51525503;44547981;2175939;3383;49770712;2133108;1358;0;2
FR;0;2021-10-19;27196;45548;76431;140;43207;81677;45;0;0;51552699;44593529;2252370;3523;49813919;2214785;1403;0;2
FR;0;2021-10-20;35346;52407;96960;181;51812;101579;45;0;0;51588045;44645936;2349330;3704;49865731;2316364;1448;0;2
FR;0;2021-10-21;26166;45174;83999;112;41969;89197;30;0;0;51614211;44691110;2433329;3816;49907700;2405561;1478;0;2
FR;0;2021-10-22;38450;62488;104928;200;59353;112655;61;0;0;51652661;44753598;2538257;4016;49967053;2518216;1539;0;2
FR;0;2021-10-23;27034;41205;45467;57;42427;48638;14;0;0;51679695;44794803;2583724;4073;50009480;2566854;1553;0;2
FR;0;2021-10-24;2947;4763;3686;6;5014;3923;1;0;0;51682642;44799566;2587410;4079;50014494;2570777;1554;0;2
FR;0;2021-10-25;26109;36208;82347;144;35481;86681;38;0;0;51708751;44835774;2669757;4223;50049975;2657458;1592;0;2
FR;0;2021-10-26;23770;34990;87283;166;32157;92412;34;0;0;51732521;44870764;2757040;4389;50082132;2749870;1626;0;2
FR;0;2021-10-27;30115;46299;109034;257;44039;114752;48;0;0;51762636;44917063;2866074;4646;50126171;2864622;1674;0;2
FR;0;2021-10-28;23611;34928;88744;153;31196;94541;35;0;0;51786247;44951991;2954818;4799;50157367;2959163;1709;0;2
FR;0;2021-10-29;31589;51451;117348;206;46499;125437;52;0;0;51817836;45003442;3072166;5005;50203866;3084600;1761;0;2
FR;0;2021-10-30;20578;33239;50361;76;32921;53430;20;0;0;51838414;45036681;3122527;5081;50236787;3138030;1781;0;2
FR;0;2021-10-31;2519;3732;3595;3;3844;3881;3;0;0;51840933;45040413;3126122;5084;50240631;3141911;1784;0;2
FR;0;2021-11-01;8543;4869;3224;3;5021;3586;10;0;0;51849476;45045282;3129346;5087;50245652;3145497;1794;0;2
FR;0;2021-11-02;26385;40098;93612;156;36237;99674;44;0;1;51875861;45085380;3222958;5243;50281889;3245171;1838;0;3
FR;0;2021-11-03;30132;47900;118932;222;43553;125908;64;0;0;51905993;45133280;3341890;5465;50325442;3371079;1902;0;3
FR;0;2021-11-04;23823;37463;107601;217;31575;114482;46;0;0;51929816;45170743;3449491;5682;50357017;3485561;1948;0;3
FR;0;2021-11-05;32418;52936;141679;236;44649;151469;54;0;0;51962234;45223679;3591170;5918;50401666;3637030;2002;0;3
FR;0;2021-11-06;21554;34551;64912;123;32384;68354;26;0;0;51983788;45258230;3656082;6041;50434050;3705384;2028;0;3
FR;0;2021-11-07;2429;4155;5209;6;4001;5598;7;0;0;51986217;45262385;3661291;6047;50438051;3710982;2035;0;3
FR;0;2021-11-08;20633;37738;127237;227;30947;134364;50;0;0;52006850;45300123;3788528;6274;50468998;3845346;2085;0;3
FR;0;2021-11-09;22444;44650;161742;339;32853;172358;65;0;0;52029294;45344773;3950270;6613;50501851;4017704;2150;0;3
FR;0;2021-11-10;31621;54876;187070;447;44022;198890;91;0;0;52060915;45399649;4137340;7060;50545873;4216594;2241;0;3
FR;0;2021-11-11;4750;6743;12998;28;5905;13981;17;0;0;52065665;45406392;4150338;7088;50551778;4230575;2258;0;3
FR;0;2021-11-12;29102;55052;183838;252;41717;197505;86;0;0;52094767;45461444;4334176;7340;50593495;4428080;2344;0;3
FR;0;2021-11-13;20356;32598;80730;118;28227;86354;44;0;0;52115123;45494042;4414906;7458;50621722;4514434;2388;0;3
FR;0;2021-11-14;2367;3854;7183;6;3362;7846;9;0;0;52117490;45497896;4422089;7464;50625084;4522280;2397;0;3
FR;0;2021-11-15;20524;38549;160911;314;27783;171651;77;0;0;52138014;45536445;4583000;7778;50652867;4693931;2474;0;3
FR;0;2021-11-16;23675;43824;200491;394;27700;215190;115;0;1;52161689;45580269;4783491;8172;50680567;4909121;2589;0;4
FR;0;2021-11-17;30545;50236;199905;406;36445;212971;98;0;0;52192234;45630505;4983396;8578;50717012;5122092;2687;0;4
FR;0;2021-11-18;23460;45683;191756;469;29391;205744;94;0;0;52215694;45676188;5175152;9047;50746403;5327836;2781;0;4
FR;0;2021-11-19;33696;61271;243294;551;39908;262314;147;0;0;52249390;45737459;5418446;9598;50786311;5590150;2928;0;4
FR;0;2021-11-20;25426;36656;102194;207;29265;109767;43;0;0;52274816;45774115;5520640;9805;50815576;5699917;2971;0;4
FR;0;2021-11-21;2665;4444;9683;19;3442;10609;19;0;0;52277481;45778559;5530323;9824;50819018;5710526;2990;0;4
FR;0;2021-11-22;22824;33111;180437;472;18914;194922;90;0;0;52300305;45811670;5710760;10296;50837932;5905448;3080;0;4
FR;0;2021-11-23;25736;45458;229495;549;24112;247986;85;0;0;52326041;45857128;5940255;10845;50862044;6153434;3165;0;4
FR;0;2021-11-24;31821;53594;224909;715;34474;243363;80;0;0;52357862;45910722;6165164;11560;50896518;6396797;3245;0;4
FR;0;2021-11-25;25654;49132;256030;739;25046;277941;112;0;0;52383516;45959854;6421194;12299;50921564;6674738;3357;0;4
FR;0;2021-11-26;33255;74668;379565;867;37391;414799;172;0;0;52416771;46034522;6800759;13166;50958955;7089537;3529;0;4
FR;0;2021-11-27;23508;49551;214980;391;28441;236785;135;0;0;52440279;46084073;7015739;13557;50987396;7326322;3664;0;4
FR;0;2021-11-28;3528;10444;56787;66;4057;63334;42;0;0;52443807;46094517;7072526;13623;50991453;7389656;3706;0;4
FR;0;2021-11-29;19449;54062;341574;864;23088;371914;178;0;0;52463256;46148579;7414100;14487;51014541;7761570;3884;0;4
FR;0;2021-11-30;24789;71792;457491;988;26791;500933;291;0;0;52488045;46220371;7871591;15475;51041332;8262503;4175;0;4
FR;0;2021-12-01;27400;75418;469225;1162;31307;511448;304;0;0;52515445;46295789;8340816;16637;51072639;8773951;4479;0;4
FR;0;2021-12-02;22132;71462;527255;1282;20998;575056;309;0;0;52537577;46367251;8868071;17919;51093637;9349007;4788;0;4
FR;0;2021-12-03;25581;92768;596538;1421;34328;651330;343;0;0;52563158;46460019;9464609;19340;51127965;10000337;5131;0;4
FR;0;2021-12-04;18343;60286;336314;692;25662;369890;197;0;0;52581501;46520305;9800923;20032;51153627;10370227;5328;0;4
FR;0;2021-12-05;4158;16081;95820;157;4852;107048;92;0;0;52585659;46536386;9896743;20189;51158479;10477275;5420;0;4
FR;0;2021-12-06;28453;72663;493293;1175;25222;540113;386;0;0;52614112;46609049;10390036;21364;51183701;11017388;5806;0;4
FR;0;2021-12-07;23569;91192;645583;1774;28508;706597;416;0;0;52637681;46700241;11035619;23138;51212209;11723985;6222;0;4
FR;0;2021-12-08;25525;91866;591906;1875;34938;647774;439;0;0;52663206;46792107;11627525;25013;51247147;12371759;6661;0;4
FR;0;2021-12-09;24088;94021;663383;2179;28969;726826;463;0;0;52687294;46886128;12290908;27192;51276116;13098585;7124;0;4
FR;0;2021-12-10;28080;110826;736222;2075;37932;806394;471;0;1;52715374;46996954;13027130;29267;51314048;13904979;7595;0;5
FR;0;2021-12-11;20255;76037;435254;990;29933;480480;343;0;0;52735629;47072991;13462384;30257;51343981;14385459;7938;0;5
FR;0;2021-12-12;5684;23103;142363;262;6384;159234;108;0;0;52741313;47096094;13604747;30519;51350365;14544693;8046;0;5
FR;0;2021-12-13;21370;90680;587853;1699;29632;649471;397;0;0;52762683;47186774;14192600;32218;51379997;15194164;8443;0;5
FR;0;2021-12-14;27991;118205;765818;2658;35400;847798;701;0;1;52790674;47304979;14958418;34876;51415397;16041962;9144;0;6
FR;0;2021-12-15;28460;114134;694534;2267;39488;769317;503;0;1;52819134;47419113;15652952;37143;51454885;16811279;9647;0;7
FR;0;2021-12-16;28061;115567;764269;2559;35079;844694;516;0;0;52847195;47534680;16417221;39702;51489964;17655973;10163;0;7
FR;0;2021-12-17;31667;128221;808042;2713;43322;892194;612;0;0;52878862;47662901;17225263;42415;51533286;18548167;10775;0;7
FR;0;2021-12-18;24945;81470;470065;1179;30041;522268;353;0;0;52903807;47744371;17695328;43594;51563327;19070435;11128;0;7
FR;0;2021-12-19;8770;28505;169449;376;7834;191055;143;0;0;52912577;47772876;17864777;43970;51571161;19261490;11271;0;7
FR;0;2021-12-20;31785;97019;591631;1789;33814;658848;503;0;0;52944362;47869895;18456408;45759;51604975;19920338;11774;0;7
FR;0;2021-12-21;39483;111840;682567;2391;38750;759699;607;0;0;52983845;47981735;19138975;48150;51643725;20680037;12381;0;7
FR;0;2021-12-22;39566;99108;575907;2169;37077;642224;687;0;2;53023411;48080843;19714882;50319;51680802;21322261;13068;0;9
FR;0;2021-12-23;33792;79320;441113;1659;30091;494450;589;0;0;53057203;48160163;20155995;51978;51710893;21816711;13657;0;9
FR;0;2021-12-24;10700;26013;111061;398;11637;126677;236;0;1;53067903;48186176;20267056;52376;51722530;21943388;13893;0;10
FR;0;2021-12-25;779;3566;7603;25;2045;9023;72;0;0;53068682;48189742;20274659;52401;51724575;21952411;13965;0;10
FR;0;2021-12-26;4699;11880;52126;142;4739;60170;170;0;0;53073381;48201622;20326785;52543;51729314;22012581;14135;0;10
FR;0;2021-12-27;30511;83906;453631;1364;33016;509278;665;0;0;53103892;48285528;20780416;53907;51762330;22521859;14800;0;10
FR;0;2021-12-28;38368;98790;564241;1769;35083;632338;1558;0;2;53142260;48384318;21344657;55676;51797413;23154197;16358;0;12
FR;0;2021-12-29;39882;88136;501291;1687;33085;561056;1738;0;1;53182142;48472454;21845948;57363;51830498;23715253;18096;0;13
FR;0;2021-12-30;35928;75050;421074;1520;29497;471181;1880;0;0;53218070;48547504;22267022;58883;51859995;24186434;19976;0;13
FR;0;2021-12-31;12053;25072;116896;405;11264;131678;741;0;0;53230123;48572576;22383918;59288;51871259;24318112;20717;0;13
FR;0;2022-01-01;1593;3214;8533;37;1804;9942;103;0;0;53231716;48575790;22392451;59325;51873063;24328054;20820;0;13
FR;0;2022-01-02;6130;13015;58437;126;5109;66976;408;0;0;53237846;48588805;22450888;59451;51878172;24395030;21228;0;13
FR;0;2022-01-03;39719;90134;494909;1597;36876;551786;2650;0;1;53277565;48678939;22945797;61048;51915048;24946816;23878;0;14
FR;0;2022-01-04;42312;110977;641487;2309;40645;714498;3836;0;3;53319877;48789916;23587284;63357;51955693;25661314;27714;0;17
FR;0;2022-01-05;61224;103580;569284;1985;43795;634320;3429;0;2;53381101;48893496;24156568;65342;51999488;26295634;31143;0;19
FR;0;2022-01-06;44320;110303;639068;2702;40218;711589;4557;0;2;53425421;49003799;24795636;68044;52039706;27007223;35700;0;21
FR;0;2022-01-07;50846;123277;711080;2811;46837;790564;4995;0;2;53476267;49127076;25506716;70855;52086543;27797787;40695;0;23
FR;0;2022-01-08;45015;80266;423847;1213;35045;472912;2447;0;3;53521282;49207342;25930563;72068;52121588;28270699;43142;0;26
FR;0;2022-01-09;15614;26593;128585;300;11483;145663;829;0;0;53536896;49233935;26059148;72368;52133071;28416362;43971;0;26
FR;0;2022-01-10;35423;93249;469402;1816;43020;522790;3722;0;1;53572319;49327184;26528550;74184;52176091;28939152;47693;0;27
FR;0;2022-01-11;41955;100433;548346;2310;42395;608593;5219;0;2;53614274;49427617;27076896;76494;52218486;29547745;52912;0;29
FR;0;2022-01-12;60424;95680;452750;1969;49478;504414;4497;0;8;53674698;49523297;27529646;78463;52267964;30052159;57409;0;37
FR;0;2022-01-13;38275;92515;487422;2084;40548;541105;5467;0;8;53712973;49615812;28017068;80547;52308512;30593264;62876;0;45
FR;0;2022-01-14;42590;103292;568676;2286;43500;629065;6463;0;2;53755563;49719104;28585744;82833;52352012;31222329;69339;0;47
FR;0;2022-01-15;39434;65876;340168;985;31446;377580;3296;0;1;53794997;49784980;28925912;83818;52383458;31599909;72635;0;48
FR;0;2022-01-16;11415;19195;87447;216;9019;99403;764;0;0;53806412;49804175;29013359;84034;52392477;31699312;73399;0;48
FR;0;2022-01-17;24756;59980;320335;1384;28038;354173;3960;0;4;53831168;49864155;29333694;85418;52420515;32053485;77359;0;52
FR;0;2022-01-18;28332;68680;361150;1802;32015;397597;5771;0;1;53859500;49932835;29694844;87220;52452530;32451082;83130;0;53
FR;0;2022-01-19;43231;67011;281354;1452;40387;311094;4392;0;5;53902731;49999846;29976198;88672;52492917;32762176;87522;0;58
FR;0;2022-01-20;23680;59588;299069;1750;29559;328538;5636;0;4;53926411;50059434;30275267;90422;52522476;33090714;93158;0;62
FR;0;2022-01-21;28215;68762;366413;2086;33070;401219;6579;0;3;53954626;50128196;30641680;92508;52555546;33491933;99737;0;65
FR;0;2022-01-22;27630;47972;218811;840;27303;241796;2838;0;2;53982256;50176168;30860491;93348;52582849;33733729;102575;0;67
FR;0;2022-01-23;6740;12964;48695;173;7503;55170;591;0;1;53988996;50189132;30909186;93521;52590352;33788899;103166;0;68
FR;0;2022-01-24;16286;47440;217357;1149;25402;239358;4102;0;3;54005282;50236572;31126543;94670;52615754;34028257;107268;0;71
FR;0;2022-01-25;19034;54313;243102;1548;28806;267100;6067;0;5;54024316;50290885;31369645;96218;52644560;34295357;113335;0;76
FR;0;2022-01-26;28148;60547;209318;1299;41360;229546;4479;0;3;54052464;50351432;31578963;97517;52685920;34524903;117814;0;79
FR;0;2022-01-27;16338;46490;207674;1287;26151;226065;5693;0;4;54068802;50397922;31786637;98804;52712071;34750968;123507;0;83
FR;0;2022-01-28;21594;78649;290091;1574;44970;321348;7411;0;4;54090396;50476571;32076728;100378;52757041;35072316;130918;0;87
FR;0;2022-01-29;18424;52847;184145;689;32750;204577;3255;0;2;54108820;50529418;32260873;101067;52789791;35276893;134173;0;89
FR;0;2022-01-30;4476;14463;39152;124;9130;45056;637;0;1;54113296;50543881;32300025;101191;52798921;35321949;134810;0;90
FR;0;2022-01-31;11261;43902;148219;742;26129;164720;4230;0;5;54124557;50587783;32448244;101933;52825050;35486669;139040;0;95
FR;0;2022-02-01;13652;48294;174147;1145;27330;191337;7036;0;1;54138209;50636077;32622391;103078;52852380;35678006;146076;0;96
FR;0;2022-02-02;20758;66294;171560;1034;46159;190078;5970;0;10;54158967;50702371;32793951;104112;52898539;35868084;152046;0;106
FR;0;2022-02-03;11758;44791;157585;990;25348;173287;6933;0;6;54170725;50747162;32951536;105102;52923887;36041371;158979;0;112
FR;0;2022-02-04;14646;67974;239263;1267;37597;264082;9153;0;6;54185371;50815136;33190799;106369;52961484;36305453;168132;0;118
FR;0;2022-02-05;12903;51439;153565;523;31977;172294;3784;0;3;54198274;50866575;33344364;106892;52993461;36477747;171916;0;121
FR;0;2022-02-06;2726;12168;28898;102;7289;33830;662;0;0;54201000;50878743;33373262;106994;53000750;36511577;172578;0;121
FR;0;2022-02-07;9618;46619;156905;594;24513;176304;5294;0;6;54210618;50925362;33530167;107588;53025263;36687881;177872;0;127
FR;0;2022-02-08;9815;43101;166663;870;20966;184458;7054;0;6;54220433;50968463;33696830;108458;53046229;36872339;184926;0;133
FR;0;2022-02-09;14464;58263;172360;876;35361;193069;5788;0;9;54234897;51026726;33869190;109334;53081590;37065408;190714;0;142
FR;0;2022-02-10;8731;39226;150244;881;18703;166722;6503;0;2;54243628;51065952;34019434;110215;53100293;37232130;197217;0;144
FR;0;2022-02-11;10864;55701;218522;1101;25843;243117;8322;0;3;54254492;51121653;34237956;111316;53126136;37475247;205539;0;147
FR;0;2022-02-12;8409;40970;134740;465;22637;151768;3509;0;4;54262901;51162623;34372696;111781;53148773;37627015;209048;0;151
FR;0;2022-02-13;1940;8605;26568;86;4411;30930;544;0;3;54264841;51171228;34399264;111867;53153184;37657945;209592;0;154
FR;0;2022-02-14;6997;35260;148390;487;14672;166386;4789;0;5;54271838;51206488;34547654;112354;53167856;37824331;214381;0;159
FR;0;2022-02-15;7070;36238;147003;751;16008;162588;6849;0;3;54278908;51242726;34694657;113105;53183864;37986919;221230;0;162
FR;0;2022-02-16;9417;42994;132549;722;25985;146769;5727;0;6;54288325;51285720;34827206;113827;53209849;38133688;226957;0;168
FR;0;2022-02-17;5581;24347;87318;587;13147;94892;5408;0;5;54293906;51310067;34914524;114414;53222996;38228580;232365;0;173
FR;0;2022-02-18;7003;33594;119671;807;18767;129336;7416;0;2;54300909;51343661;35034195;115221;53241763;38357916;239781;0;175
FR;0;2022-02-19;5371;24557;70030;371;15909;77340;3020;0;2;54306280;51368218;35104225;115592;53257672;38435256;242801;0;177
FR;0;2022-02-20;1152;4661;12175;39;2916;13957;460;0;1;54307432;51372879;35116400;115631;53260588;38449213;243261;0;178
FR;0;2022-02-21;4100;17896;61958;351;10173;67188;4059;0;2;54311532;51390775;35178358;115982;53270761;38516401;247320;0;180
FR;0;2022-02-22;4467;18668;60840;577;11269;64481;5255;0;1;54315999;51409443;35239198;116559;53282030;38580882;252575;0;181
FR;0;2022-02-23;6593;27365;66512;593;19633;71911;4595;0;3;54322592;51436808;35305710;117152;53301663;38652793;257170;0;184
FR;0;2022-02-24;3852;15563;50435;519;9523;53259;4531;0;2;54326444;51452371;35356145;117671;53311186;38706052;261701;0;186
FR;0;2022-02-25;5287;24299;76372;804;15274;80104;7336;0;7;54331731;51476670;35432517;118475;53326460;38786156;269037;0;193
FR;0;2022-02-26;3995;17772;47422;359;12174;51489;3083;0;3;54335726;51494442;35479939;118834;53338634;38837645;272120;0;196
FR;0;2022-02-27;881;3011;8040;47;1980;8949;531;0;0;54336607;51497453;35487979;118881;53340614;38846594;272651;0;196
FR;0;2022-02-28;3127;12562;40497;359;7596;42930;3858;0;0;54339734;51510015;35528476;119240;53348210;38889524;276509;0;196
FR;0;2022-03-01;4013;12615;44204;437;7639;44876;5518;0;6;54343747;51522630;35572680;119677;53355849;38934400;282027;0;202
FR;0;2022-03-02;5338;17899;47154;448;12959;49086;4931;0;2;54349085;51540529;35619834;120125;53368808;38983486;286958;0;204
FR;0;2022-03-03;2829;9362;29903;371;6260;30026;4050;0;2;54351914;51549891;35649737;120496;53375068;39013512;291008;0;206
FR;0;2022-03-04;3230;12518;40343;669;8516;39492;6235;0;4;54355144;51562409;35690080;121165;53383584;39053004;297243;0;210
FR;0;2022-03-05;3074;9290;24963;314;7132;25127;3135;0;1;54358218;51571699;35715043;121479;53390716;39078131;300378;0;211
FR;0;2022-03-06;522;1408;3199;43;1031;3442;379;0;0;54358740;51573107;35718242;121522;53391747;39081573;300757;0;211
FR;0;2022-03-07;2499;5636;18438;315;3853;17710;3307;0;4;54361239;51578743;35736680;121837;53395600;39099283;304064;0;215
FR;0;2022-03-08;2155;6080;19452;363;4334;17925;4093;0;3;54363394;51584823;35756132;122200;53399934;39117208;308157;0;218
FR;0;2022-03-09;3583;10573;22200;408;8800;21295;4042;0;4;54366977;51595396;35778332;122608;53408734;39138503;312199;0;222
FR;0;2022-03-10;1833;5848;17012;345;4397;15838;3408;0;3;54368810;51601244;35795344;122953;53413131;39154341;315607;0;225
FR;0;2022-03-11;2422;7568;24511;545;5446;22280;5479;0;2;54371232;51608812;35819855;123498;53418577;39176621;321086;0;227
FR;0;2022-03-12;2698;6777;17168;309;5495;16522;3137;0;2;54373930;51615589;35837023;123807;53424072;39193143;324223;0;229
FR;0;2022-03-13;406;795;2323;149;604;2272;537;0;0;54374336;51616384;35839346;123956;53424676;39195415;324760;0;229
FR;0;2022-03-14;1561;4277;14989;4412;2812;13842;7295;0;8;54375897;51620661;35854335;128368;53427488;39209257;332055;0;237
FR;0;2022-03-15;1751;6294;16387;7556;4809;14618;11036;0;9;54377648;51626955;35870722;135924;53432297;39223875;343091;0;246
FR;0;2022-03-16;3038;7414;19435;13141;6216;18113;16297;0;8;54380686;51634369;35890157;149065;53438513;39241988;359388;0;254
FR;0;2022-03-17;1465;3988;13157;10846;2809;11997;13314;0;9;54382151;51638357;35903314;159911;53441322;39253985;372702;0;263
FR;0;2022-03-18;2268;5758;20019;18307;4100;18115;22039;0;15;54384419;51644115;35923333;178218;53445422;39272100;394741;0;278
FR;0;2022-03-19;2294;4806;13116;9406;4142;12421;11409;0;6;54386713;51648921;35936449;187624;53449564;39284521;406150;0;284
FR;0;2022-03-20;301;738;1920;1074;530;1933;1340;0;2;54387014;51649659;35938369;188698;53450094;39286454;407490;0;286
FR;0;2022-03-21;1395;3222;12734;14951;2157;11960;16910;0;11;54388409;51652881;35951103;203649;53452251;39298414;424400;0;297
FR;0;2022-03-22;1557;3742;13807;20553;2581;12562;22845;0;5;54389966;51656623;35964910;224202;53454832;39310976;447245;0;302
FR;0;2022-03-23;2689;6300;17740;23151;5231;17248;25268;0;40;54392655;51662923;35982650;247353;53460063;39328224;472513;0;342
FR;0;2022-03-24;1411;3160;11600;17619;2248;10685;19394;0;23;54394066;51666083;35994250;264972;53462311;39338909;491907;0;365
FR;0;2022-03-25;2089;5160;18583;27775;3691;16920;30810;0;31;54396155;51671243;36012833;292747;53466002;39355829;522717;0;396
FR;0;2022-03-26;2232;4418;12080;12680;3866;11521;14402;0;26;54398387;51675661;36024913;305427;53469868;39367350;537119;0;422
FR;0;2022-03-27;365;693;1908;1483;515;1942;1740;0;1;54398752;51676354;36026821;306910;53470383;39369292;538859;0;423
FR;0;2022-03-28;1468;3082;11133;17490;2120;10621;19070;0;16;54400220;51679436;36037954;324400;53472503;39379913;557929;0;439
FR;0;2022-03-29;1453;3284;12913;27585;2099;12055;29284;0;34;54401673;51682720;36050867;351985;53474602;39391968;587213;0;473
FR;0;2022-03-30;2854;5589;15690;27435;4773;15090;29341;0;21;54404527;51688309;36066557;379420;53479375;39407058;616554;0;494
FR;0;2022-03-31;1615;3584;12991;25037;2569;12330;26647;0;43;54406142;51691893;36079548;404457;53481944;39419388;643201;0;537
FR;0;2022-04-01;2686;4588;20083;30897;2974;18725;33490;0;62;54408828;51696481;36099631;435354;53484918;39438113;676691;0;599
FR;0;2022-04-02;1532;2649;9054;10135;2009;8728;11297;0;29;54410360;51699130;36108685;445489;53486927;39446841;687988;0;628
FR;0;2022-04-03;294;516;1562;1171;360;1580;1382;0;2;54410654;51699646;36110247;446660;53487287;39448421;689370;0;630
FR;0;2022-04-04;4570;3032;12389;19129;2053;11597;20602;0;35;54415224;51702678;36122636;465789;53489340;39460018;709972;0;665
FR;0;2022-04-05;2607;3178;14353;34151;2055;13206;35769;0;85;54417831;51705856;36136989;499940;53491395;39473224;745741;0;750
FR;0;2022-04-06;2613;3964;13543;26544;3030;12818;28013;0;72;54420444;51709820;36150532;526484;53494425;39486042;773754;0;822
FR;0;2022-04-07;1989;3151;13686;33820;1999;12898;35178;0;76;54422433;51712971;36164218;560304;53496424;39498940;808932;0;898
FR;0;2022-04-08;2310;4344;19235;44015;2674;17861;46368;0;89;54424743;51717315;36183453;604319;53499098;39516801;855300;0;987
FR;0;2022-04-09;1373;2682;9315;13568;1904;8869;14800;0;30;54426116;51719997;36192768;617887;53501002;39525670;870100;0;1017
FR;0;2022-04-10;296;756;1985;2017;554;2007;2279;0;7;54426412;51720753;36194753;619904;53501556;39527677;872379;0;1024
FR;0;2022-04-11;1350;2634;11876;23934;1655;11483;25206;0;74;54427762;51723387;36206629;643838;53503211;39539160;897585;0;1098
FR;0;2022-04-12;1729;3083;14023;40928;1967;13395;41818;0;127;54429491;51726470;36220652;684766;53505178;39552555;939403;0;1225
FR;0;2022-04-13;1980;3722;13415;33118;2720;13036;34087;0;96;54431471;51730192;36234067;717884;53507898;39565591;973490;0;1321
FR;0;2022-04-14;1509;3016;13216;36354;1944;13074;37023;0;105;54432980;51733208;36247283;754238;53509842;39578665;1010513;0;1426
FR;0;2022-04-15;1883;3876;15645;35584;2618;14926;37235;0;115;54434863;51737084;36262928;789822;53512460;39593591;1047748;0;1541
FR;0;2022-04-16;1046;1834;6400;8553;1263;6263;9435;0;40;54435909;51738918;36269328;798375;53513723;39599854;1057183;0;1581
FR;0;2022-04-17;195;340;993;1174;224;1036;1242;0;7;54436104;51739258;36270321;799549;53513947;39600890;1058425;0;1588
FR;0;2022-04-18;201;561;2768;1072;358;2787;1287;0;5;54436305;51739819;36273089;800621;53514305;39603677;1059712;0;1593
FR;0;2022-04-19;1547;3031;12919;29690;1879;12480;30737;0;78;54437852;51742850;36286008;830311;53516184;39616157;1090449;0;1671
FR;0;2022-04-20;2008;3498;13308;29072;2611;12996;30088;0;96;54439860;51746348;36299316;859383;53518795;39629153;1120537;0;1767
FR;0;2022-04-21;1516;2856;12554;35211;1827;12647;35785;0;117;54441376;51749204;36311870;894594;53520622;39641800;1156322;0;1884
FR;0;2022-04-22;1880;3627;16480;37625;2403;15839;39164;0;131;54443256;51752831;36328350;932219;53523025;39657639;1195486;0;2015
FR;0;2022-04-23;1151;2071;7391;10659;1481;7242;11444;0;38;54444407;51754902;36335741;942878;53524506;39664881;1206930;0;2053
FR;0;2022-04-24;249;467;1478;1592;326;1414;1850;0;7;54444656;51755369;36337219;944470;53524832;39666295;1208780;0;2060
FR;0;2022-04-25;1308;2535;10687;21074;1615;10492;22096;0;79;54445964;51757904;36347906;965544;53526447;39676787;1230876;0;2139
FR;0;2022-04-26;1627;3008;13671;38665;1967;13114;39462;0;181;54447591;51760912;36361577;1004209;53528414;39689901;1270338;0;2320
FR;0;2022-04-27;1964;3065;11539;31087;2280;11596;31505;0;131;54449555;51763977;36373116;1035296;53530694;39701497;1301843;0;2451
FR;0;2022-04-28;1571;2778;12530;36265;1859;12271;36582;0;139;54451126;51766755;36385646;1071561;53532553;39713768;1338425;0;2590
FR;0;2022-04-29;2011;4834;15561;37281;3639;14937;38752;0;164;54453137;51771589;36401207;1108842;53536192;39728705;1377177;0;2754
FR;0;2022-04-30;1225;4703;6929;9717;4197;6758;10608;0;44;54454362;51776292;36408136;1118559;53540389;39735463;1387785;0;2798
FR;0;2022-05-01;220;325;916;1000;229;911;1141;0;6;54454582;51776617;36409052;1119559;53540618;39736374;1388926;0;2804
FR;0;2022-05-02;2365;2959;11160;18181;2055;10994;19025;0;69;54456947;51779576;36420212;1137740;53542673;39747368;1407951;0;2873
FR;0;2022-05-03;2065;3268;13726;34703;2128;13567;35624;0;163;54459012;51782844;36433938;1172443;53544801;39760935;1443575;0;3036
FR;0;2022-05-04;1924;3304;12187;25651;2304;12305;26202;0;110;54460936;51786148;36446125;1198094;53547105;39773240;1469777;0;3146
FR;0;2022-05-05;1796;3040;13070;33602;2018;12916;34270;0;180;54462732;51789188;36459195;1231696;53549123;39786156;1504047;0;3326
FR;0;2022-05-06;2217;3666;15355;36808;2325;14865;38270;0;182;54464949;51792854;36474550;1268504;53551448;39801021;1542317;0;3508
FR;0;2022-05-07;1210;1783;6464;9614;1255;6456;10339;0;48;54466159;51794637;36481014;1278118;53552703;39807477;1552656;0;3556
FR;0;2022-05-08;267;400;1175;1548;288;1236;1654;0;8;54466426;51795037;36482189;1279666;53552991;39808713;1554310;0;3564
FR;0;2022-05-09;1403;2307;9928;20259;1414;9799;21175;0;102;54467829;51797344;36492117;1299925;53554405;39818512;1575485;0;3666
FR;0;2022-05-10;1801;3432;13572;38999;2296;13128;40026;0;200;54469630;51800776;36505689;1338924;53556701;39831640;1615511;0;3866
FR;0;2022-05-11;2005;3022;10755;27942;2326;10701;28445;0;146;54471635;51803798;36516444;1366866;53559027;39842341;1643956;0;4012
FR;0;2022-05-12;1595;2745;11385;35758;1815;11054;36523;0;211;54473230;51806543;36527829;1402624;53560842;39853395;1680479;0;4223
FR;0;2022-05-13;1983;3224;13761;37981;2066;13350;39246;0;162;54475213;51809767;36541590;1440605;53562908;39866745;1719725;0;4385
FR;0;2022-05-14;1150;1646;5938;10778;1204;5801;11366;0;57;54476363;51811413;36547528;1451383;53564112;39872546;1731091;0;4442
FR;0;2022-05-15;283;479;1278;1440;302;1361;1593;0;6;54476646;51811892;36548806;1452823;53564414;39873907;1732684;0;4448
FR;0;2022-05-16;1196;2047;8694;21070;1248;8700;21597;0;128;54477842;51813939;36557500;1473893;53565662;39882607;1754281;0;4576
FR;0;2022-05-17;1592;2605;11828;37881;1671;11404;38723;0;180;54479434;51816544;36569328;1511774;53567333;39894011;1793004;0;4756
FR;0;2022-05-18;1816;2655;9693;27166;1957;9667;27784;0;109;54481250;51819199;36579021;1538940;53569290;39903678;1820788;0;4865
FR;0;2022-05-19;1451;2660;10581;35846;1636;10721;36037;0;162;54482701;51821859;36589602;1574786;53570926;39914399;1856825;0;5027
FR;0;2022-05-20;1876;3118;13426;39369;2079;12913;40389;0;168;54484577;51824977;36603028;1614155;53573005;39927312;1897214;0;5195
FR;0;2022-05-21;1159;1718;5662;9897;1314;5533;10534;0;45;54485736;51826695;36608690;1624052;53574319;39932845;1907748;0;5240
FR;0;2022-05-22;241;341;1031;1440;263;1017;1584;0;10;54485977;51827036;36609721;1625492;53574582;39933862;1909332;0;5250
FR;0;2022-05-23;1176;2127;8878;20375;1411;8828;21030;0;86;54487153;51829163;36618599;1645867;53575993;39942690;1930362;0;5336
FR;0;2022-05-24;1542;2759;11367;38882;1736;11239;39511;0;190;54488695;51831922;36629966;1684749;53577729;39953929;1969873;0;5526
FR;0;2022-05-25;1814;2837;9343;24847;2075;9481;25323;0;116;54490509;51834759;36639309;1709596;53579804;39963410;1995196;0;5642
FR;0;2022-05-26;216;430;1666;1201;293;1677;1344;0;26;54490725;51835189;36640975;1710797;53580097;39965087;1996540;0;5668
FR;0;2022-05-27;1390;2477;9266;21291;1670;9006;22325;0;94;54492115;51837666;36650241;1732088;53581767;39974093;2018865;0;5762
FR;0;2022-05-28;669;1272;3919;6795;852;3968;7204;0;38;54492784;51838938;36654160;1738883;53582619;39978061;2026069;0;5800
FR;0;2022-05-29;157;315;753;921;200;774;1033;0;4;54492941;51839253;36654913;1739804;53582819;39978835;2027102;0;5804
FR;0;2022-05-30;1026;1968;6995;19296;1248;7013;19808;0;91;54493967;51841221;36661908;1759100;53584067;39985848;2046910;0;5895
FR;0;2022-05-31;1488;2522;9823;35664;1649;9645;36295;0;171;54495455;51843743;36671731;1794764;53585716;39995493;2083205;0;6066
FR;0;2022-06-01;1752;3106;11029;24538;2252;10896;25491;0;122;54497207;51846849;36682760;1819302;53587968;40006389;2108696;0;6188
FR;0;2022-06-02;1480;2615;11310;35571;1716;10866;36516;0;174;54498687;51849464;36694070;1854873;53589684;40017255;2145212;0;6362
FR;0;2022-06-03;1728;3085;13424;38730;2054;12789;40000;0;176;54500415;51852549;36707494;1893603;53591738;40030044;2185212;0;6538
FR;0;2022-06-04;975;1516;5046;9113;1076;5117;9649;0;73;54501390;51854065;36712540;1902716;53592814;40035161;2194861;0;6611
FR;0;2022-06-05;181;335;876;1108;206;887;1230;0;4;54501571;51854400;36713416;1903824;53593020;40036048;2196091;0;6615
FR;0;2022-06-06;884;1255;2124;1329;1079;2141;1510;0;13;54502455;51855655;36715540;1905153;53594099;40038189;2197601;0;6628
FR;0;2022-06-07;1499;2713;9856;35597;1794;9434;36824;0;153;54503954;51858368;36725396;1940750;53595893;40047623;2234425;0;6781
FR;0;2022-06-08;1585;2698;9178;28788;1941;9021;29754;0;112;54505539;51861066;36734574;1969538;53597834;40056644;2264179;0;6893
FR;0;2022-06-09;1297;2442;10621;39504;1555;10266;40279;0;167;54506836;51863508;36745195;2009042;53599389;40066910;2304458;0;7060
FR;0;2022-06-10;1630;3194;13104;44828;2160;12666;46153;0;223;54508466;51866702;36758299;2053870;53601549;40079576;2350611;0;7283
FR;0;2022-06-11;962;1739;5432;11627;1125;5465;12212;0;55;54509428;51868441;36763731;2065497;53602674;40085041;2362823;0;7338
FR;0;2022-06-12;202;446;1079;1765;255;1143;1866;0;11;54509630;51868887;36764810;2067262;53602929;40086184;2364689;0;7349
FR;0;2022-06-13;1127;2069;7439;23183;1343;7269;24099;0;90;54510757;51870956;36772249;2090445;53604272;40093453;2388788;0;7439
FR;0;2022-06-14;1346;2550;10448;44948;1598;9806;46144;0;200;54512103;51873506;36782697;2135393;53605870;40103259;2434932;0;7639
FR;0;2022-06-15;1528;2465;9326;30907;1934;8965;31597;0;179;54513631;51875971;36792023;2166300;53607804;40112224;2466529;0;7818
FR;0;2022-06-16;1188;2041;9917;39932;1276;9326;40953;0;201;54514819;51878012;36801940;2206232;53609080;40121550;2507482;0;8019
FR;0;2022-06-17;1494;2859;12513;46699;1788;11920;47935;0;240;54516313;51880871;36814453;2252931;53610868;40133470;2555417;0;8259
FR;0;2022-06-18;857;1527;4566;11125;1038;4501;11719;0;67;54517170;51882398;36819019;2264056;53611906;40137971;2567136;0;8326
FR;0;2022-06-19;183;363;1059;1615;208;1131;1701;0;14;54517353;51882761;36820078;2265671;53612114;40139102;2568837;0;8340
FR;0;2022-06-20;1027;1927;8908;26079;1203;8569;27020;0;156;54518380;51884688;36828986;2291750;53613317;40147671;2595857;0;8496
FR;0;2022-06-21;1328;2404;10310;49898;1541;9339;51283;0;264;54519708;51887092;36839296;2341648;53614858;40157010;2647140;0;8760
FR;0;2022-06-22;1397;2519;8920;39065;1808;8430;40007;0;256;54521105;51889611;36848216;2380713;53616666;40165440;2687147;0;9016
FR;0;2022-06-23;1229;2370;10680;55113;1365;9886;56245;0;320;54522334;51891981;36858896;2435826;53618031;40175326;2743392;0;9336
FR;0;2022-06-24;1493;2996;13647;69187;1751;12308;71006;0;405;54523827;51894977;36872543;2505013;53619782;40187634;2814398;0;9741
FR;0;2022-06-25;939;1781;6236;19922;1112;5989;20777;0;177;54524766;51896758;36878779;2524935;53620894;40193623;2835175;0;9918
FR;0;2022-06-26;229;459;1953;3688;259;1818;3966;0;39;54524995;51897217;36880732;2528623;53621153;40195441;2839141;0;9957
FR;0;2022-06-27;1134;2026;10493;48488;1179;9636;49756;0;339;54526129;51899243;36891225;2577111;53622332;40205077;2888897;0;10296
FR;0;2022-06-28;1463;2816;14672;91401;1584;13090;93171;0;623;54527592;51902059;36905897;2668512;53623916;40218167;2982068;0;10919
FR;0;2022-06-29;1712;2835;12293;71897;1848;11241;73038;0;548;54529304;51904894;36918190;2740409;53625764;40229408;3055106;0;11467
FR;0;2022-06-30;1537;2736;14395;95167;1660;12476;97185;0;724;54530841;51907630;36932585;2835576;53627424;40241884;3152291;0;12191
FR;0;2022-07-01;2016;3806;21507;115937;2309;18858;118587;0;954;54532857;51911436;36954092;2951513;53629733;40260742;3270878;0;13145
FR;0;2022-07-02;1088;1859;8529;35755;1108;7705;36876;0;342;54533945;51913295;36962621;2987268;53630841;40268447;3307754;0;13487
FR;0;2022-07-03;294;539;2095;6455;319;1898;6804;0;79;54534239;51913834;36964716;2993723;53631160;40270345;3314558;0;13566
FR;0;2022-07-04;1968;3472;14716;79233;2338;12995;81305;0;639;54536207;51917306;36979432;3072956;53633498;40283340;3395863;0;14205
FR;0;2022-07-05;1799;3172;18839;133264;1804;16021;135556;0;1146;54538006;51920478;36998271;3206220;53635302;40299361;3531419;0;15351
FR;0;2022-07-06;1847;2789;15856;99602;1850;13649;101170;0;900;54539853;51923267;37014127;3305822;53637152;40313010;3632589;0;16251
FR;0;2022-07-07;1714;2873;18010;126041;1713;14790;128368;0;1179;54541567;51926140;37032137;3431863;53638865;40327800;3760957;0;17430
FR;0;2022-07-08;1894;3153;20753;137089;1857;16766;140081;0;1347;54543461;51929293;37052890;3568952;53640722;40344566;3901038;0;18777
FR;0;2022-07-09;868;1464;7746;37928;883;6693;38769;0;426;54544329;51930757;37060636;3606880;53641605;40351259;3939807;0;19203
FR;0;2022-07-10;272;687;2346;7004;441;2125;7395;0;94;54544601;51931444;37062982;3613884;53642046;40353384;3947202;0;19297
FR;0;2022-07-11;1458;2482;15020;88287;1404;12514;90474;0;801;54546059;51933926;37078002;3702171;53643450;40365898;4037676;0;20098
FR;0;2022-07-12;1844;3121;20537;143973;1717;16733;146678;0;1604;54547903;51937047;37098539;3846144;53645167;40382631;4184354;0;21702
FR;0;2022-07-13;1782;2755;15697;94543;1665;13278;96402;0;1080;54549685;51939802;37114236;3940687;53646832;40395909;4280756;0;22782
FR;0;2022-07-14;186;370;1955;5540;220;1834;5707;0;82;54549871;51940172;37116191;3946227;53647052;40397743;4286463;0;22864
FR;0;2022-07-15;1486;2575;15117;84465;1441;12600;86624;0;1035;54551357;51942747;37131308;4030692;53648493;40410343;4373087;0;23899
FR;0;2022-07-16;627;1193;5950;24982;699;5156;25674;0;327;54551984;51943940;37137258;4055674;53649192;40415499;4398761;0;24226
FR;0;2022-07-17;182;395;1738;4666;218;1570;4938;0;66;54552166;51944335;37138996;4060340;53649410;40417069;4403699;0;24292
FR;0;2022-07-18;1132;2252;11828;61810;1342;9978;63673;0;780;54553298;51946587;37150824;4122150;53650752;40427047;4467372;0;25072
FR;0;2022-07-19;1423;2355;15475;103709;1396;12296;105898;0;1459;54554721;51948942;37166299;4225859;53652148;40439343;4573270;0;26531
FR;0;2022-07-20;1428;2302;12966;77586;1470;10740;79173;0;1051;54556149;51951244;37179265;4303445;53653618;40450083;4652443;0;27582
FR;0;2022-07-21;1288;2172;13098;88243;1372;10500;89728;0;1316;54557437;51953416;37192363;4391688;53654990;40460583;4742171;0;28898
FR;0;2022-07-22;1432;2489;14832;89552;1467;11973;91418;0;1347;54558869;51955905;37207195;4481240;53656457;40472556;4833589;0;30245
FR;0;2022-07-23;684;1310;5536;22482;821;4858;23081;0;411;54559553;51957215;37212731;4503722;53657278;40477414;4856670;0;30656
FR;0;2022-07-24;186;353;1400;3905;204;1242;4132;0;72;54559739;51957568;37214131;4507627;53657482;40478656;4860802;0;30728
FR;0;2022-07-25;1060;1797;9493;48081;1149;7845;49518;0;737;54560799;51959365;37223624;4555708;53658631;40486501;4910320;0;31465
FR;0;2022-07-26;1300;2213;13306;85438;1321;10828;87135;0;1311;54562099;51961578;37236930;4641146;53659952;40497329;4997455;0;32776
FR;0;2022-07-27;1226;2008;10236;61318;1341;8530;62522;0;971;54563325;51963586;37247166;4702464;53661293;40505859;5059977;0;33747
FR;0;2022-07-28;1093;1863;10313;64409;1260;8224;65639;0;1046;54564418;51965449;37257479;4766873;53662553;40514083;5125616;0;34793
FR;0;2022-07-29;1282;2078;11011;65898;1387;8765;67328;0;1140;54565700;51967527;37268490;4832771;53663940;40522848;5192944;0;35933
FR;0;2022-07-30;503;866;3523;15283;604;2973;15666;0;303;54566203;51968393;37272013;4848054;53664544;40525821;5208610;0;36236
FR;0;2022-07-31;154;289;929;2439;185;788;2588;0;49;54566357;51968682;37272942;4850493;53664729;40526609;5211198;0;36285
FR;0;2022-08-01;1000;1669;7601;30240;1261;6400;31314;0;549;54567357;51970351;37280543;4880733;53665990;40533009;5242512;0;36834
FR;0;2022-08-02;1054;1651;8581;56131;1156;6895;56808;0;1170;54568411;51972002;37289124;4936864;53667146;40539904;5299320;0;38004
FR;0;2022-08-03;852;1266;6430;38681;903;5150;39419;0;702;54569263;51973268;37295554;4975545;53668049;40545054;5338739;0;38706
FR;0;2022-08-04;741;1186;6574;43161;782;5307;43725;0;917;54570004;51974454;37302128;5018706;53668831;40550361;5382464;0;39623
FR;0;2022-08-05;859;1364;7099;44975;972;5681;45630;0;993;54570863;51975818;37309227;5063681;53669803;40556042;5428094;0;40616
FR;0;2022-08-06;341;559;2101;9368;400;1759;9568;0;228;54571204;51976377;37311328;5073049;53670203;40557801;5437662;0;40844
FR;0;2022-08-07;104;160;536;1626;117;453;1702;0;38;54571308;51976537;37311864;5074675;53670320;40558254;5439364;0;40882
FR;0;2022-08-08;652;1164;4030;22109;920;3293;22544;0;490;54571960;51977701;37315894;5096784;53671240;40561547;5461908;0;41372
FR;0;2022-08-09;747;1167;5973;39963;854;4804;40446;0;844;54572707;51978868;37321867;5136747;53672094;40566351;5502354;0;42216
FR;0;2022-08-10;670;1291;4656;28058;1006;3797;28392;0;652;54573377;51980159;37326523;5164805;53673100;40570148;5530746;0;42868
FR;0;2022-08-11;640;1030;4493;29251;742;3713;29587;0;676;54574017;51981189;37331016;5194056;53673842;40573861;5560333;0;43544
FR;0;2022-08-12;849;1164;4748;28219;850;3919;28656;0;704;54574866;51982353;37335764;5222275;53674692;40577780;5588989;0;44248
FR;0;2022-08-13;356;428;1295;5260;325;1120;5419;0;121;54575222;51982781;37337059;5227535;53675017;40578900;5594408;0;44369
FR;0;2022-08-14;74;121;289;923;104;247;995;0;25;54575296;51982902;37337348;5228458;53675121;40579147;5595403;0;44394
FR;0;2022-08-15;117;232;610;564;198;558;618;0;19;54575413;51983134;37337958;5229022;53675319;40579705;5596021;0;44413
FR;0;2022-08-16;645;1078;3961;22178;840;3355;22371;0;615;54576058;51984212;37341919;5251200;53676159;40583060;5618392;0;45028
FR;0;2022-08-17;653;1041;3890;22901;816;3294;23142;0;620;54576711;51985253;37345809;5274101;53676975;40586354;5641534;0;45648
FR;0;2022-08-18;637;1002;4124;26308;806;3262;26541;0;673;54577348;51986255;37349933;5300409;53677781;40589616;5668075;0;46321
FR;0;2022-08-19;606;1167;4493;27259;875;3694;27565;0;766;54577954;51987422;37354426;5327668;53678656;40593310;5695640;0;47087
FR;0;2022-08-20;311;504;1356;5569;402;1171;5728;0;146;54578265;51987926;37355782;5333237;53679058;40594481;5701368;0;47233
FR;0;2022-08-21;97;135;305;1009;96;267;1044;0;27;54578362;51988061;37356087;5334246;53679154;40594748;5702412;0;47260
FR;0;2022-08-22;584;1002;3273;15358;781;2797;15688;0;425;54578946;51989063;37359360;5349604;53679935;40597545;5718100;0;47685
FR;0;2022-08-23;731;1180;4299;29002;853;3610;29091;0;870;54579677;51990243;37363659;5378606;53680788;40601155;5747191;0;48555
FR;0;2022-08-24;669;939;3498;19539;785;2860;19729;0;608;54580346;51991182;37367157;5398145;53681573;40604015;5766920;0;49163
FR;0;2022-08-25;626;1025;3946;23402;731;3294;23666;0;673;54580972;51992207;37371103;5421547;53682304;40607309;5790586;0;49836
FR;0;2022-08-26;862;1266;4478;25884;961;3671;26257;0;777;54581834;51993473;37375581;5447431;53683265;40610980;5816843;0;50613
FR;0;2022-08-27;297;500;1379;5469;362;1244;5533;0;194;54582131;51993973;37376960;5452900;53683627;40612224;5822376;0;50807
FR;0;2022-08-28;125;163;303;920;117;288;965;0;38;54582256;51994136;37377263;5453820;53683744;40612512;5823341;0;50845
FR;0;2022-08-29;622;970;3076;14663;770;2614;14969;0;433;54582878;51995106;37380339;5468483;53684514;40615126;5838310;0;51278
FR;0;2022-08-30;854;1224;4796;28544;900;3914;28874;0;823;54583732;51996330;37385135;5497027;53685414;40619040;5867184;0;52101
FR;0;2022-08-31;697;958;3207;17645;745;2718;17909;0;508;54584429;51997288;37388342;5514672;53686159;40621758;5885093;0;52609
FR;0;2022-09-01;756;997;4480;22500;708;3827;22766;0;623;54585185;51998285;37392822;5537172;53686867;40625585;5907859;0;53232
FR;0;2022-09-02;955;1159;5044;28612;847;4257;28906;0;914;54586140;51999444;37397866;5565784;53687714;40629842;5936765;0;54146
FR;0;2022-09-03;421;571;1919;6086;425;1666;6323;0;181;54586561;52000015;37399785;5571870;53688139;40631508;5943088;0;54327
FR;0;2022-09-04;134;150;351;876;85;347;945;0;24;54586695;52000165;37400136;5572746;53688224;40631855;5944033;0;54351
FR;0;2022-09-05;765;917;3178;16065;738;2658;16379;0;523;54587460;52001082;37403314;5588811;53688962;40634513;5960412;0;54874
FR;0;2022-09-06;914;1051;4740;31852;681;3873;32081;0;1040;54588374;52002133;37408054;5620663;53689643;40638386;5992493;0;55914
FR;0;2022-09-07;714;788;3000;16822;571;2481;16971;0;573;54589088;52002921;37411054;5637485;53690214;40640867;6009464;0;56487
FR;0;2022-09-08;632;862;3810;24866;597;3142;24957;0;818;54589720;52003783;37414864;5662351;53690811;40644009;6034421;0;57305
FR;0;2022-09-09;851;1022;4444;27660;664;3686;27836;0;951;54590571;52004805;37419308;5690011;53691475;40647695;6062257;0;58256
FR;0;2022-09-10;406;647;1738;5711;472;1538;5917;0;207;54590977;52005452;37421046;5695722;53691947;40649233;6068174;0;58463
FR;0;2022-09-11;124;131;324;657;93;307;716;0;17;54591101;52005583;37421370;5696379;53692040;40649540;6068890;0;58480
FR;0;2022-09-12;520;646;2690;13297;463;2295;13590;0;478;54591621;52006229;37424060;5709676;53692503;40651835;6082480;0;58958
FR;0;2022-09-13;676;873;3998;26521;562;3487;26398;0;875;54592297;52007102;37428058;5736197;53693065;40655322;6108878;0;59833
FR;0;2022-09-14;708;802;2968;16188;594;2485;16421;0;573;54593005;52007904;37431026;5752385;53693659;40657807;6125299;0;60406
FR;0;2022-09-15;578;848;3477;23586;600;2966;23655;0;728;54593583;52008752;37434503;5775971;53694259;40660773;6148954;0;61134
FR;0;2022-09-16;799;1049;4145;25919;733;3487;26139;0;932;54594382;52009801;37438648;5801890;53694992;40664260;6175093;0;62066
FR;0;2022-09-17;395;513;1454;6146;392;1284;6238;0;243;54594777;52010314;37440102;5808036;53695384;40665544;6181331;0;62309
FR;0;2022-09-18;117;144;323;962;123;291;1017;0;37;54594894;52010458;37440425;5808998;53695507;40665835;6182348;0;62346
FR;0;2022-09-19;482;648;2262;13219;451;1936;13402;0;436;54595376;52011106;37442687;5822217;53695958;40667771;6195750;0;62782
FR;0;2022-09-20;646;902;3790;26462;657;3157;26516;0;893;54596022;52012008;37446477;5848679;53696615;40670928;6222266;0;63675
FR;0;2022-09-21;590;775;2740;16258;579;2355;16249;0;586;54596612;52012783;37449217;5864937;53697194;40673283;6238515;0;64261
FR;0;2022-09-22;601;851;3425;23595;575;2798;23819;0;774;54597213;52013634;37452642;5888532;53697769;40676081;6262334;0;65035
FR;0;2022-09-23;838;1051;4495;28730;773;3764;28901;0;1020;54598051;52014685;37457137;5917262;53698542;40679845;6291235;0;66055
FR;0;2022-09-24;427;614;1648;6906;474;1421;7091;0;307;54598478;52015299;37458785;5924168;53699016;40681266;6298326;0;66362
FR;0;2022-09-25;99;194;336;1101;149;307;1143;0;37;54598577;52015493;37459121;5925269;53699165;40681573;6299469;0;66399
FR;0;2022-09-26;438;715;2299;13545;485;2019;13649;0;435;54599015;52016208;37461420;5938814;53699650;40683592;6313118;0;66834
FR;0;2022-09-27;612;844;3627;25944;614;2910;26099;0;959;54599627;52017052;37465047;5964758;53700264;40686502;6339217;0;67793
FR;0;2022-09-28;635;828;2557;15404;635;2305;15517;0;622;54600262;52017880;37467604;5980162;53700899;40688807;6354734;0;68415
FR;0;2022-09-29;566;768;3134;21052;545;2647;21081;43;810;54600828;52018648;37470738;6001214;53701444;40691454;6375815;43;69225
FR;0;2022-09-30;787;1125;3956;25563;844;3302;25830;715;1052;54601615;52019773;37474694;6026777;53702288;40694756;6401645;758;70277
FR;0;2022-10-01;431;680;2009;5975;528;1737;6212;396;318;54602046;52020453;37476703;6032752;53702816;40696493;6407857;1154;70595
FR;0;2022-10-02;63;136;218;639;97;215;665;66;42;54602109;52020589;37476921;6033391;53702913;40696708;6408522;1220;70637
FR;0;2022-10-03;608;946;2469;12053;779;2195;12231;2074;745;54602717;52021535;37479390;6045444;53703692;40698903;6420753;3294;71382
FR;0;2022-10-04;729;832;3394;23508;578;2785;23685;4704;1585;54603446;52022367;37482784;6068952;53704270;40701688;6444438;7998;72967
FR;0;2022-10-05;604;852;2448;14607;631;2163;14748;3656;1210;54604050;52023219;37485232;6083559;53704901;40703851;6459186;11654;74177
FR;0;2022-10-06;550;741;3089;21688;542;2521;21898;6668;1909;54604600;52023960;37488321;6105247;53705443;40706372;6481084;18322;76086
FR;0;2022-10-07;734;1013;4128;30309;740;3477;30398;16874;3204;54605334;52024973;37492449;6135556;53706183;40709849;6511482;35196;79290
FR;0;2022-10-08;355;521;1651;8432;383;1410;8601;6699;1170;54605689;52025494;37494100;6143988;53706566;40711259;6520083;41895;80460
FR;0;2022-10-09;109;140;337;1587;114;312;1650;1511;297;54605798;52025634;37494437;6145575;53706680;40711571;6521733;43406;80757
FR;0;2022-10-10;501;827;2932;20565;643;2523;20887;19597;3272;54606299;52026461;37497369;6166140;53707323;40714094;6542620;63003;84029
FR;0;2022-10-11;605;813;4269;40321;553;3572;40665;40162;6381;54606904;52027274;37501638;6206461;53707876;40717666;6583285;103165;90410
FR;0;2022-10-12;598;858;3268;26758;639;2776;27088;27304;4691;54607502;52028132;37504906;6233219;53708515;40720442;6610373;130469;95101
FR;0;2022-10-13;626;818;4017;38463;609;3138;38922;40607;6607;54608128;52028950;37508923;6271682;53709124;40723580;6649295;171076;101708
FR;0;2022-10-14;761;1072;4871;47668;783;3955;48143;51134;7863;54608889;52030022;37513794;6319350;53709907;40727535;6697438;222210;109571
FR;0;2022-10-15;368;585;1867;11851;424;1629;11965;13091;2274;54609257;52030607;37515661;6331201;53710331;40729164;6709403;235301;111845
FR;0;2022-10-16;92;135;372;1967;85;356;2012;2347;479;54609349;52030742;37516033;6333168;53710416;40729520;6711415;237648;112324
FR;0;2022-10-17;440;711;3044;26466;496;2487;26838;30794;5410;54609789;52031453;37519077;6359634;53710912;40732007;6738253;268442;117734
FR;0;2022-10-18;607;736;4706;46102;535;3762;46667;55450;11701;54610396;52032189;37523783;6405736;53711447;40735769;6784920;323892;129435
FR;0;2022-10-19;566;819;3644;34375;624;3074;34745;42462;9251;54610962;52033008;37527427;6440111;53712071;40738843;6819665;366354;138686
FR;0;2022-10-20;616;805;4843;49463;593;3730;50120;60531;12936;54611578;52033813;37532270;6489574;53712664;40742573;6869785;426885;151622
FR;0;2022-10-21;691;993;5710;57042;708;4519;57712;70965;14299;54612269;52034806;37537980;6546616;53713372;40747092;6927497;497850;165921
FR;0;2022-10-22;335;413;1654;12949;333;1320;13106;15938;3386;54612604;52035219;37539634;6559565;53713705;40748412;6940603;513788;169307
FR;0;2022-10-23;97;107;350;2064;102;266;2166;2758;631;54612701;52035326;37539984;6561629;53713807;40748678;6942769;516546;169938
FR;0;2022-10-24;552;597;3137;27134;422;2687;27562;35493;7809;54613253;52035923;37543121;6588763;53714229;40751365;6970331;552039;177747
FR;0;2022-10-25;596;726;4872;49115;535;3805;49789;65251;15448;54613849;52036649;37547993;6637878;53714764;40755170;7020120;617290;193195
FR;0;2022-10-26;534;645;3475;32622;484;2901;32928;43999;11023;54614383;52037294;37551468;6670500;53715248;40758071;7053048;661289;204218
FR;0;2022-10-27;592;697;4080;40795;498;3347;41272;54475;13137;54614975;52037991;37555548;6711295;53715746;40761418;7094320;715764;217355
FR;0;2022-10-28;704;869;4610;44188;632;3505;45007;58277;13188;54615679;52038860;37560158;6755483;53716378;40764923;7139327;774041;230543
FR;0;2022-10-29;260;363;1328;9498;261;1082;9632;12523;3012;54615939;52039223;37561486;6764981;53716639;40766005;7148959;786564;233555
FR;0;2022-10-30;87;119;287;1598;95;249;1646;2145;540;54616026;52039342;37561773;6766579;53716734;40766254;7150605;788709;234095
FR;0;2022-10-31;381;489;2075;16062;358;1626;16427;22205;5503;54616407;52039831;37563848;6782641;53717092;40767880;7167032;810914;239598
FR;0;2022-11-01;127;193;928;1123;151;961;1166;1697;504;54616534;52040024;37564776;6783764;53717243;40768841;7168198;812611;240102
FR;0;2022-11-02;519;675;3038;25403;504;2584;25879;36642;10133;54617053;52040699;37567814;6809167;53717747;40771425;7194077;849253;250235
FR;0;2022-11-03;646;703;4114;40064;536;3118;40796;57039;15379;54617699;52041402;37571928;6849231;53718283;40774543;7234873;906292;265614
FR;0;2022-11-04;659;831;4425;43659;578;3518;44278;60534;15248;54618358;52042233;37576353;6892890;53718861;40778061;7279151;966826;280862
FR;0;2022-11-05;255;376;1450;9717;299;1166;9926;13464;3294;54618613;52042609;37577803;6902607;53719160;40779227;7289077;980290;284156
FR;0;2022-11-06;94;118;263;1603;101;246;1632;2338;653;54618707;52042727;37578066;6904210;53719261;40779473;7290709;982628;284809
FR;0;2022-11-07;531;604;2763;26769;518;2249;27401;39119;11006;54619238;52043331;37580829;6930979;53719779;40781722;7318110;1021747;295815
FR;0;2022-11-08;663;817;5004;52000;604;3840;53004;74288;20078;54619901;52044148;37585833;6982979;53720383;40785562;7371114;1096035;315893
FR;0;2022-11-09;531;697;3363;31610;521;2691;32386;46363;13233;54620432;52044845;37589196;7014589;53720904;40788253;7403500;1142398;329126
FR;0;2022-11-10;628;974;4578;43680;725;3628;44581;62858;17354;54621060;52045819;37593774;7058269;53721629;40791881;7448081;1205256;346480
FR;0;2022-11-11;82;120;370;1664;88;313;1727;2799;1012;54621142;52045939;37594144;7059933;53721717;40792194;7449808;1208055;347492
FR;0;2022-11-12;212;350;1195;7102;259;978;7337;10289;2765;54621354;52046289;37595339;7067035;53721976;40793172;7457145;1218344;350257
FR;0;2022-11-13;71;115;249;1208;94;213;1262;1978;628;54621425;52046404;37595588;7068243;53722070;40793385;7458407;1220322;350885
FR;0;2022-11-14;447;531;2589;23994;378;2066;24628;36204;10889;54621872;52046935;37598177;7092237;53722448;40795451;7483035;1256526;361774
FR;0;2022-11-15;617;889;4330;45056;714;3373;46004;66920;19627;54622489;52047824;37602507;7137293;53723162;40798824;7529039;1323446;381401
FR;0;2022-11-16;564;680;3071;28596;551;2578;29132;43260;13315;54623053;52048504;37605578;7165889;53723713;40801402;7558171;1366706;394716
FR;0;2022-11-17;571;689;3826;39253;536;2986;39858;58358;17409;54623624;52049193;37609404;7205142;53724249;40804388;7598029;1425064;412125
FR;0;2022-11-18;626;786;4607;45145;601;3457;46051;65714;18349;54624250;52049979;37614011;7250287;53724850;40807845;7644080;1490778;430474
FR;0;2022-11-19;270;345;1502;9806;278;1098;10001;14323;4009;54624520;52050324;37615513;7260093;53725128;40808943;7654081;1505101;434483
FR;0;2022-11-20;79;188;304;1698;170;261;1772;2717;859;54624599;52050512;37615817;7261791;53725298;40809204;7655853;1507818;435342
FR;0;2022-11-21;437;515;2425;21448;353;1956;22018;33132;10347;54625036;52051027;37618242;7283239;53725651;40811160;7677871;1540950;445689
FR;0;2022-11-22;541;609;4031;39832;437;3167;40406;59776;18252;54625577;52051636;37622273;7323071;53726088;40814327;7718277;1600726;463941
FR;0;2022-11-23;476;568;2759;26028;415;2325;26519;40397;12888;54626053;52052204;37625032;7349099;53726503;40816652;7744796;1641123;476829
FR;0;2022-11-24;514;608;3768;37168;432;2964;37879;56833;17944;54626567;52052812;37628800;7386267;53726935;40819616;7782675;1697956;494773
FR;0;2022-11-25;579;732;4190;40153;585;3151;40996;59634;17476;54627146;52053544;37632990;7426420;53727520;40822767;7823671;1757590;512249
FR;0;2022-11-26;301;339;1335;9371;263;1064;9512;13999;3971;54627447;52053883;37634325;7435791;53727783;40823831;7833183;1771589;516220
FR;0;2022-11-27;74;88;268;1661;70;228;1689;2554;805;54627521;52053971;37634593;7437452;53727853;40824059;7834872;1774143;517025
FR;0;2022-11-28;419;482;2638;24800;363;1982;25539;38464;12200;54627940;52054453;37637231;7462252;53728216;40826041;7860411;1812607;529225
FR;0;2022-11-29;499;611;4401;46526;381;3291;47254;71104;22321;54628439;52055064;37641632;7508778;53728597;40829332;7907665;1883711;551546
FR;0;2022-11-30;508;702;3741;36927;503;2899;37733;56330;17231;54628947;52055766;37645373;7545705;53729100;40832231;7945398;1940041;568777
FR;0;2022-12-01;536;684;5321;51889;463;3913;52697;79674;25237;54629483;52056450;37650694;7597594;53729563;40836144;7998095;2019715;594014
FR;0;2022-12-02;643;750;6173;61544;533;4383;62775;92449;27456;54630126;52057200;37656867;7659138;53730096;40840527;8060870;2112164;621470
FR;0;2022-12-03;305;348;2287;18051;226;1629;18480;26729;7618;54630431;52057548;37659154;7677189;53730322;40842156;8079350;2138893;629088
FR;0;2022-12-04;97;124;524;4305;91;434;4356;6441;1856;54630528;52057672;37659678;7681494;53730413;40842590;8083706;2145334;630944
FR;0;2022-12-05;478;610;4314;44705;446;2924;45672;69051;21913;54631006;52058282;37663992;7726199;53730859;40845514;8129378;2214385;652857
FR;0;2022-12-06;634;765;6854;78300;504;4657;79821;121755;39599;54631640;52059047;37670846;7804499;53731363;40850171;8209199;2336140;692456
FR;0;2022-12-07;559;652;5366;58163;486;3613;59310;90524;29574;54632199;52059699;37676212;7862662;53731849;40853784;8268509;2426664;722030
FR;0;2022-12-08;610;722;6990;79674;462;4593;81369;124178;40871;54632809;52060421;37683202;7942336;53732311;40858377;8349878;2550842;762901
FR;0;2022-12-09;784;844;8683;95684;556;5736;97577;147344;46802;54633593;52061265;37691885;8038020;53732867;40864113;8447455;2698186;809703
FR;0;2022-12-10;409;523;3827;33958;367;2481;34855;50557;14712;54634002;52061788;37695712;8071978;53733234;40866594;8482310;2748743;824415
FR;0;2022-12-11;132;141;993;8362;101;687;8567;12255;3276;54634134;52061929;37696705;8080340;53733335;40867281;8490877;2760998;827691
FR;0;2022-12-12;521;594;6382;67481;384;4135;69076;106289;34846;54634655;52062523;37703087;8147821;53733719;40871416;8559953;2867287;862537
FR;0;2022-12-13;709;791;9051;103608;499;5636;106200;164931;55105;54635364;52063314;37712138;8251429;53734218;40877052;8666153;3032218;917642
FR;0;2022-12-14;593;724;6826;73345;487;4556;75026;117001;38770;54635957;52064038;37718964;8324774;53734705;40881608;8741179;3149219;956412
FR;0;2022-12-15;660;887;8900;95931;577;5724;98246;153329;51775;54636617;52064925;37727864;8420705;53735282;40887332;8839425;3302548;1008187
FR;0;2022-12-16;825;979;9781;104823;653;6462;107065;166531;55329;54637442;52065904;37737645;8525528;53735935;40893794;8946490;3469079;1063516
FR;0;2022-12-17;345;429;3504;31802;293;2296;32594;48444;14449;54637787;52066333;37741149;8557330;53736228;40896090;8979084;3517523;1077965
FR;0;2022-12-18;93;127;789;6334;81;542;6484;9629;2752;54637880;52066460;37741938;8563664;53736309;40896632;8985568;3527152;1080717
FR;0;2022-12-19;592;618;5756;56219;434;3683;57851;90266;30088;54638472;52067078;37747694;8619883;53736743;40900315;9043419;3617418;1110805
FR;0;2022-12-20;744;792;7953;79862;528;5247;82008;130830;45058;54639216;52067870;37755647;8699745;53737271;40905562;9125427;3748248;1155863
FR;0;2022-12-21;601;629;5337;50979;441;3589;52330;84185;29336;54639817;52068499;37760984;8750724;53737712;40909151;9177757;3832433;1185199
FR;0;2022-12-22;646;668;4916;46291;466;3437;47527;76913;26914;54640463;52069167;37765900;8797015;53738178;40912588;9225284;3909346;1212113
FR;0;2022-12-23;478;586;3449;26235;422;2632;26896;43415;14908;54640941;52069753;37769349;8823250;53738600;40915220;9252180;3952761;1227021
FR;0;2022-12-24;105;108;446;2708;80;337;2832;4289;1231;54641046;52069861;37769795;8825958;53738680;40915557;9255012;3957050;1228252
FR;0;2022-12-25;34;43;134;566;34;106;592;926;273;54641080;52069904;37769929;8826524;53738714;40915663;9255604;3957976;1228525
FR;0;2022-12-26;369;391;2500;16938;291;1823;17575;27627;8838;54641449;52070295;37772429;8843462;53739005;40917486;9273179;3985603;1237363
FR;0;2022-12-27;540;661;4219;33737;446;2955;34887;56743;19749;54641989;52070956;37776648;8877199;53739451;40920441;9308066;4042346;1257112
FR;0;2022-12-28;479;518;3241;25721;352;2317;26342;42948;14844;54642468;52071474;37779889;8902920;53739803;40922758;9334408;4085294;1271956
FR;0;2022-12-29;431;544;3424;26589;356;2408;27596;45108;15660;54642899;52072018;37783313;8929509;53740159;40925166;9362004;4130402;1287616
FR;0;2022-12-30;463;506;2632;19576;364;1868;20248;32640;11002;54643362;52072524;37785945;8949085;53740523;40927034;9382252;4163042;1298618
FR;0;2022-12-31;137;157;508;3189;121;413;3333;4945;1338;54643499;52072681;37786453;8952274;53740644;40927447;9385585;4167987;1299956
FR;0;2023-01-01;25;45;177;711;27;149;737;1026;246;54643524;52072726;37786630;8952985;53740671;40927596;9386322;4169013;1300202
FR;0;2023-01-02;614;580;3013;19034;407;2327;19514;32988;12080;54644138;52073306;37789643;8972019;53741078;40929923;9405836;4202001;1312282
FR;0;2023-01-03;670;687;4763;44190;466;3374;45135;82799;34831;54644808;52073993;37794406;9016209;53741544;40933297;9450971;4284800;1347113
FR;0;2023-01-04;541;602;3876;31104;411;2768;31918;59887;25826;54645349;52074595;37798282;9047313;53741955;40936065;9482889;4344687;1372939
FR;0;2023-01-05;668;761;4687;43309;562;3191;44242;84048;37175;54646017;52075356;37802969;9090622;53742517;40939256;9527131;4428735;1410114
FR;0;2023-01-06;748;859;5527;48576;580;3665;49637;92103;39513;54646765;52076215;37808496;9139198;53743097;40942921;9576768;4520838;1449627
FR;0;2023-01-07;349;412;1948;12935;301;1414;13256;23034;8767;54647114;52076627;37810444;9152133;53743398;40944335;9590024;4543872;1458394
FR;0;2023-01-08;104;144;495;2918;100;356;3015;5231;1992;54647218;52076771;37810939;9155051;53743498;40944691;9593039;4549103;1460386
FR;0;2023-01-09;580;635;2862;22346;458;2063;22931;45852;21214;54647798;52077406;37813801;9177397;53743956;40946754;9615970;4594955;1481600
FR;0;2023-01-10;618;791;4820;41577;550;3453;42407;87027;41788;54648416;52078197;37818621;9218974;53744506;40950207;9658377;4681982;1523388
FR;0;2023-01-11;504;600;3144;25101;438;2286;25635;52858;25235;54648920;52078797;37821765;9244075;53744944;40952493;9684012;4734840;1548623
FR;0;2023-01-12;604;690;3984;34349;468;2885;34973;72505;35102;54649524;52079487;37825749;9278424;53745412;40955378;9718985;4807345;1583725
FR;0;2023-01-13;768;810;4384;36236;563;3157;36885;74642;35215;54650292;52080297;37830133;9314660;53745975;40958535;9755870;4881987;1618940
FR;0;2023-01-14;354;346;1585;9307;237;1197;9499;17764;7418;54650646;52080643;37831718;9323967;53746212;40959732;9765369;4899751;1626358
FR;0;2023-01-15;100;135;378;1567;91;290;1678;3255;1406;54650746;52080778;37832096;9325534;53746303;40960022;9767047;4903006;1627764
FR;0;2023-01-16;425;480;2382;16347;333;1789;16609;35991;18102;54651171;52081258;37834478;9341881;53746636;40961811;9783656;4938997;1645866
FR;0;2023-01-17;504;594;3540;29063;409;2568;29625;65749;33910;54651675;52081852;37838018;9370944;53747045;40964379;9813281;5004746;1679776
FR;0;2023-01-18;471;561;2371;17447;408;1839;17760;39171;19886;54652146;52082413;37840389;9388391;53747453;40966218;9831041;5043917;1699662
FR;0;2023-01-19;506;521;2876;23071;355;2138;23420;52296;27010;54652652;52082934;37843265;9411462;53747808;40968356;9854461;5096213;1726672
FR;0;2023-01-20;636;704;3471;25811;503;2626;26296;57783;29429;54653288;52083638;37846736;9437273;53748311;40970982;9880757;5153996;1756101
FR;0;2023-01-21;261;306;1143;6423;221;881;6533;13246;6020;54653549;52083944;37847879;9443696;53748532;40971863;9887290;5167242;1762121
FR;0;2023-01-22;47;65;180;880;34;156;930;1922;874;54653596;52084009;37848059;9444576;53748566;40972019;9888220;5169164;1762995
FR;0;2023-01-23;322;414;1739;11042;272;1304;11267;27227;14820;54653918;52084423;37849798;9455618;53748838;40973323;9899487;5196391;1777815
FR;0;2023-01-24;477;531;2596;20716;375;1945;21026;51018;28310;54654395;52084954;37852394;9476334;53749213;40975268;9920513;5247409;1806125
FR;0;2023-01-25;408;554;1953;12616;398;1482;13046;30756;16453;54654803;52085508;37854347;9488950;53749611;40976750;9933559;5278165;1822578
FR;0;2023-01-26;436;528;2385;17189;383;1790;17497;42462;23402;54655239;52086036;37856732;9506139;53749994;40978540;9951056;5320627;1845980
FR;0;2023-01-27;527;856;2655;18538;681;2016;18786;45080;24579;54655766;52086892;37859387;9524677;53750675;40980556;9969842;5365707;1870559
FR;0;2023-01-28;237;291;866;4521;234;691;4640;9986;4751;54656003;52087183;37860253;9529198;53750909;40981247;9974482;5375693;1875310
FR;0;2023-01-29;42;72;124;466;55;102;504;1098;548;54656045;52087255;37860377;9529664;53750964;40981349;9974986;5376791;1875858
FR;0;2023-01-30;366;450;1343;8289;322;1111;8482;20944;11435;54656411;52087705;37861720;9537953;53751286;40982460;9983468;5397735;1887293
FR;0;2023-01-31;426;489;2048;14115;331;1532;14357;36871;21259;54656837;52088194;37863768;9552068;53751617;40983992;9997825;5434606;1908552
FR;0;2023-02-01;412;531;1726;8351;404;1472;8509;22203;12597;54657249;52088725;37865494;9560419;53752021;40985464;10006334;5456809;1921149
FR;0;2023-02-02;369;505;1730;11930;346;1436;12140;31697;18253;54657618;52089230;37867224;9572349;53752367;40986900;10018474;5488506;1939402
FR;0;2023-02-03;479;656;2064;12626;490;1646;12806;33762;19456;54658097;52089886;37869288;9584975;53752857;40988546;10031280;5522268;1958858
FR;0;2023-02-04;198;278;672;3135;239;565;3180;7453;3824;54658295;52090164;37869960;9588110;53753096;40989111;10034460;5529721;1962682
FR;0;2023-02-05;25;65;89;245;42;87;261;589;284;54658320;52090229;37870049;9588355;53753138;40989198;10034721;5530310;1962966
FR;0;2023-02-06;310;354;1100;5420;286;865;5603;15381;9055;54658630;52090583;37871149;9593775;53753424;40990063;10040324;5545691;1972021
FR;0;2023-02-07;350;497;1609;9744;366;1321;9895;28184;16900;54658980;52091080;37872758;9603519;53753790;40991384;10050219;5573875;1988921
FR;0;2023-02-08;301;393;1133;6066;312;919;6234;16994;9763;54659281;52091473;37873891;9609585;53754102;40992303;10056453;5590869;1998684
FR;0;2023-02-09;340;475;1307;7915;346;1114;8096;22843;13696;54659621;52091948;37875198;9617500;53754448;40993417;10064549;5613712;2012380
FR;0;2023-02-10;468;550;1519;8357;436;1278;8503;23762;13961;54660089;52092498;37876717;9625857;53754884;40994695;10073052;5637474;2026341
FR;0;2023-02-11;169;224;583;2149;181;512;2237;5435;2770;54660258;52092722;37877300;9628006;53755065;40995207;10075289;5642909;2029111
FR;0;2023-02-12;41;49;62;175;48;56;197;440;208;54660299;52092771;37877362;9628181;53755113;40995263;10075486;5643349;2029319
FR;0;2023-02-13;234;337;753;3343;263;686;3434;9604;5500;54660533;52093108;37878115;9631524;53755376;40995949;10078920;5652953;2034819
FR;0;2023-02-14;297;378;1184;5966;275;1006;6113;17546;10418;54660830;52093486;37879299;9637490;53755651;40996955;10085033;5670499;2045237
FR;0;2023-02-15;290;402;968;4077;297;844;4254;12218;7169;54661120;52093888;37880267;9641567;53755948;40997799;10089287;5682717;2052406
FR;0;2023-02-16;264;403;1160;5202;267;1014;5349;15057;8761;54661384;52094291;37881427;9646769;53756215;40998813;10094636;5697774;2061167
FR;0;2023-02-17;371;474;1316;5481;384;1155;5703;16395;9637;54661755;52094765;37882743;9652250;53756599;40999968;10100339;5714169;2070804
FR;0;2023-02-18;162;217;564;1627;172;493;1697;4062;2050;54661917;52094982;37883307;9653877;53756771;41000461;10102036;5718231;2072854
FR;0;2023-02-19;37;38;49;139;35;40;141;338;167;54661954;52095020;37883356;9654016;53756806;41000501;10102177;5718569;2073021
FR;0;2023-02-20;248;350;712;2851;263;670;2971;8514;4882;54662202;52095370;37884068;9656867;53757069;41001171;10105148;5727083;2077903
FR;0;2023-02-21;269;413;1071;4530;268;934;4740;13982;8261;54662471;52095783;37885139;9661397;53757337;41002105;10109888;5741065;2086164
FR;0;2023-02-22;244;373;739;2943;285;701;2982;9073;5313;54662715;52096156;37885878;9664340;53757622;41002806;10112870;5750138;2091477
FR;0;2023-02-23;226;362;934;3995;248;839;4180;12234;7147;54662941;52096518;37886812;9668335;53757870;41003645;10117050;5762372;2098624
FR;0;2023-02-24;291;471;1042;4409;349;913;4604;12994;7447;54663232;52096989;37887854;9672744;53758219;41004558;10121654;5775366;2106071
FR;0;2023-02-25;126;169;446;1192;148;362;1272;3183;1621;54663358;52097158;37888300;9673936;53758367;41004920;10122926;5778549;2107692
FR;0;2023-02-26;20;27;34;101;27;35;113;256;111;54663378;52097185;37888334;9674037;53758394;41004955;10123039;5778805;2107803
FR;0;2023-02-27;213;327;602;1995;254;584;2066;6559;3943;54663591;52097512;37888936;9676032;53758648;41005539;10125105;5785364;2111746
FR;0;2023-02-28;268;369;835;3583;251;806;3721;12164;7485;54663859;52097881;37889771;9679615;53758899;41006345;10128826;5797528;2119231
FR;0;2023-03-01;226;344;833;1996;283;761;2178;6605;3927;54664085;52098225;37890604;9681611;53759182;41007106;10131004;5804133;2123158
FR;0;2023-03-02;220;314;848;2985;227;728;3200;10076;6259;54664305;52098539;37891452;9684596;53759409;41007834;10134204;5814209;2129417
FR;0;2023-03-03;329;466;1029;3674;354;922;3811;11752;6937;54664634;52099005;37892481;9688270;53759763;41008756;10138015;5825961;2136354
FR;0;2023-03-04;131;217;408;1081;158;390;1096;2791;1372;54664765;52099222;37892889;9689351;53759921;41009146;10139111;5828752;2137726
FR;0;2023-03-05;23;26;28;52;23;31;53;200;113;54664788;52099248;37892917;9689403;53759944;41009177;10139164;5828952;2137839
FR;0;2023-03-06;224;267;538;1418;191;519;1495;4727;2724;54665012;52099515;37893455;9690821;53760135;41009696;10140659;5833679;2140563
FR;0;2023-03-07;188;316;656;2355;220;612;2446;7933;4877;54665200;52099831;37894111;9693176;53760355;41010308;10143105;5841612;2145440
FR;0;2023-03-08;159;283;522;1442;218;462;1551;5000;2920;54665359;52100114;37894633;9694618;53760573;41010770;10144656;5846612;2148360
FR;0;2023-03-09;166;279;631;2004;189;602;2072;7140;4405;54665525;52100393;37895264;9696622;53760762;41011372;10146728;5853752;2152765
FR;0;2023-03-10;321;454;884;2614;338;811;2736;8936;5349;54665846;52100847;37896148;9699236;53761100;41012183;10149464;5862688;2158114
FR;0;2023-03-11;126;175;351;801;133;311;852;2299;1179;54665972;52101022;37896499;9700037;53761233;41012494;10150316;5864987;2159293
FR;0;2023-03-12;10;25;30;62;24;30;63;177;87;54665982;52101047;37896529;9700099;53761257;41012524;10150379;5865164;2159380
FR;0;2023-03-13;142;219;470;1146;164;425;1205;3766;2133;54666124;52101266;37896999;9701245;53761421;41012949;10151584;5868930;2161513
FR;0;2023-03-14;196;279;646;1891;190;634;1970;6767;4112;54666320;52101545;37897645;9703136;53761611;41013583;10153554;5875697;2165625
FR;0;2023-03-15;159;251;507;1223;203;480;1301;4322;2541;54666479;52101796;37898152;9704359;53761814;41014063;10154855;5880019;2168166
FR;0;2023-03-16;174;268;625;1645;200;574;1754;5950;3578;54666653;52102064;37898777;9706004;53762014;41014637;10156609;5885969;2171744
FR;0;2023-03-17;278;356;794;2044;268;715;2186;7297;4366;54666931;52102420;37899571;9708048;53762282;41015352;10158795;5893266;2176110
FR;0;2023-03-18;123;163;452;606;115;440;678;2041;1043;54667054;52102583;37900023;9708654;53762397;41015792;10159473;5895307;2177153
FR;0;2023-03-19;20;18;25;53;19;13;59;125;54;54667074;52102601;37900048;9708707;53762416;41015805;10159532;5895432;2177207
FR;0;2023-03-20;149;259;483;1070;170;489;1145;3810;2166;54667223;52102860;37900531;9709777;53762586;41016294;10160677;5899242;2179373
FR;0;2023-03-21;211;281;668;1625;199;636;1822;6522;3927;54667434;52103141;37901199;9711402;53762785;41016930;10162499;5905764;2183300
FR;0;2023-03-22;196;242;480;1037;190;460;1156;3940;2288;54667630;52103383;37901679;9712439;53762975;41017390;10163655;5909704;2185588
FR;0;2023-03-23;163;239;592;1407;165;535;1500;5158;3045;54667793;52103622;37902271;9713846;53763140;41017925;10165155;5914862;2188633
FR;0;2023-03-24;239;394;924;1782;289;868;1964;6620;3812;54668032;52104016;37903195;9715628;53763429;41018793;10167119;5921482;2192445
FR;0;2023-03-25;125;170;353;574;139;314;649;1794;840;54668157;52104186;37903548;9716202;53763568;41019107;10167768;5923276;2193285
FR;0;2023-03-26;9;17;25;31;11;25;33;92;47;54668166;52104203;37903573;9716233;53763579;41019132;10167801;5923368;2193332
FR;0;2023-03-27;226;255;514;891;209;492;992;3438;1952;54668392;52104458;37904087;9717124;53763788;41019624;10168793;5926806;2195284
FR;0;2023-03-28;185;249;590;1590;173;544;1719;6185;3711;54668577;52104707;37904677;9718714;53763961;41020168;10170512;5932991;2198995
FR;0;2023-03-29;172;250;435;979;162;439;1120;3772;2104;54668749;52104957;37905112;9719693;53764123;41020607;10171632;5936763;2201099
FR;0;2023-03-30;190;241;575;1354;162;563;1521;5364;3100;54668939;52105198;37905687;9721047;53764285;41021170;10173153;5942127;2204199
FR;0;2023-03-31;212;365;716;1787;272;644;1925;6833;4010;54669151;52105563;37906403;9722834;53764557;41021814;10175078;5948960;2208209
FR;0;2023-04-01;108;193;435;594;132;391;698;1978;948;54669259;52105756;37906838;9723428;53764689;41022205;10175776;5950938;2209157
FR;0;2023-04-02;7;24;28;34;14;34;37;113;50;54669266;52105780;37906866;9723462;53764703;41022239;10175813;5951051;2209207
FR;0;2023-04-03;176;203;537;871;154;490;991;3290;1829;54669442;52105983;37907403;9724333;53764857;41022729;10176804;5954341;2211036
FR;0;2023-04-04;130;251;533;1215;173;460;1374;5300;3187;54669572;52106234;37907936;9725548;53765030;41023189;10178178;5959641;2214223
FR;0;2023-04-05;101;198;409;823;140;388;925;3414;1961;54669673;52106432;37908345;9726371;53765170;41023577;10179103;5963055;2216184
FR;0;2023-04-06;150;183;433;1035;127;396;1165;4239;2436;54669823;52106615;37908778;9727406;53765297;41023973;10180268;5967294;2218620
FR;0;2023-04-07;189;302;554;1284;211;518;1415;5042;2834;54670012;52106917;37909332;9728690;53765508;41024491;10181683;5972336;2221454
FR;0;2023-04-08;66;142;233;399;95;232;436;1338;609;54670078;52107059;37909565;9729089;53765603;41024723;10182119;5973674;2222063
FR;0;2023-04-09;4;15;19;15;7;22;20;59;19;54670082;52107074;37909584;9729104;53765610;41024745;10182139;5973733;2222082
FR;0;2023-04-10;12;29;51;35;23;49;49;103;30;54670094;52107103;37909635;9729139;53765633;41024794;10182188;5973836;2222112
FR;0;2023-04-11;123;248;512;984;162;493;1097;4277;2361;54670217;52107351;37910147;9730123;53765795;41025287;10183285;5978113;2224473
FR;0;2023-04-12;127;199;356;737;145;360;801;3219;1851;54670344;52107550;37910503;9730860;53765940;41025647;10184086;5981332;2226324
FR;0;2023-04-13;110;207;395;933;137;387;1027;4183;2423;54670454;52107757;37910898;9731793;53766077;41026034;10185113;5985515;2228747
FR;0;2023-04-14;197;285;589;1233;225;533;1313;5229;3049;54670651;52108042;37911487;9733026;53766302;41026567;10186426;5990744;2231796
FR;0;2023-04-15;75;116;211;413;80;205;447;1461;680;54670726;52108158;37911698;9733439;53766382;41026772;10186873;5992205;2232476
FR;0;2023-04-16;18;17;12;36;14;15;32;100;41;54670744;52108175;37911710;9733475;53766396;41026787;10186905;5992305;2232517
FR;0;2023-04-17;107;190;361;606;131;378;695;2940;1599;54670851;52108365;37912071;9734081;53766527;41027165;10187600;5995245;2234116
FR;0;2023-04-18;145;185;401;868;123;404;960;4153;2372;54670996;52108550;37912472;9734949;53766650;41027569;10188560;5999398;2236488
FR;0;2023-04-19;115;164;285;597;124;268;689;2758;1472;54671111;52108714;37912757;9735546;53766774;41027837;10189249;6002156;2237960
FR;0;2023-04-20;106;181;337;790;127;327;833;3359;1866;54671217;52108895;37913094;9736336;53766901;41028164;10190082;6005515;2239826
FR;0;2023-04-21;144;246;430;967;155;435;1101;4248;2280;54671361;52109141;37913524;9737303;53767056;41028599;10191183;6009763;2242106
FR;0;2023-04-22;55;103;150;260;69;166;287;1091;535;54671416;52109244;37913674;9737563;53767125;41028765;10191470;6010854;2242641
FR;0;2023-04-23;4;7;15;15;6;16;19;61;21;54671420;52109251;37913689;9737578;53767131;41028781;10191489;6010915;2242662
FR;0;2023-04-24;132;169;282;532;119;269;616;2348;1206;54671552;52109420;37913971;9738110;53767250;41029050;10192105;6013263;2243868
FR;0;2023-04-25;117;172;364;806;117;372;870;4002;2187;54671669;52109592;37914335;9738916;53767367;41029422;10192975;6017265;2246055
FR;0;2023-04-26;101;124;266;492;100;265;558;2424;1266;54671770;52109716;37914601;9739408;53767467;41029687;10193533;6019689;2247321
FR;0;2023-04-27;129;165;316;752;113;324;822;3490;1869;54671899;52109881;37914917;9740160;53767580;41030011;10194355;6023179;2249190
FR;0;2023-04-28;188;257;397;823;151;421;948;4140;2125;54672087;52110138;37915314;9740983;53767731;41030432;10195303;6027319;2251315
FR;0;2023-04-29;81;87;147;260;71;130;311;1077;491;54672168;52110225;37915461;9741243;53767802;41030562;10195614;6028396;2251806
FR;0;2023-04-30;7;7;9;10;3;9;11;46;18;54672175;52110232;37915470;9741253;53767805;41030571;10195625;6028442;2251824
FR;0;2023-05-01;9;11;19;4;9;18;6;43;15;54672184;52110243;37915489;9741257;53767814;41030589;10195631;6028485;2251839
FR;0;2023-05-02;187;185;315;606;135;317;710;3369;1748;54672371;52110428;37915804;9741863;53767949;41030906;10196341;6031854;2253587
FR;0;2023-05-03;125;127;226;429;95;228;485;2507;1284;54672496;52110555;37916030;9742292;53768044;41031134;10196826;6034361;2254871
