fra;vaccin;jour;n_dose1;n_dose2;n_dose3;n_dose4;n_complet;n_rappel;n_2_rappel;n_rappel_biv;n_3_rappel;n_cum_dose1;n_cum_dose2;n_cum_dose3;n_cum_dose4;n_cum_complet;n_cum_rappel;n_cum_2_rappel;n_cum_rappel_biv;n_cum_3_rappel
FR;1;2020-12-27;616;0;0;0;55;0;0;0;0;616;0;0;0;55;0;0;0;0
FR;1;2020-12-28;708;1;0;0;44;0;0;0;0;1324;1;0;0;99;0;0;0;0
FR;1;2020-12-29;389;0;0;0;19;0;0;0;0;1713;1;0;0;118;0;0;0;0
FR;1;2020-12-30;455;0;0;0;19;0;0;0;0;2168;1;0;0;137;0;0;0;0
FR;1;2020-12-31;451;1;0;0;21;0;0;0;0;2619;2;0;0;158;0;0;0;0
FR;1;2021-01-01;1195;2;0;0;66;0;0;0;0;3814;4;0;0;224;0;0;0;0
FR;1;2021-01-02;369;4;0;0;29;0;0;0;0;4183;8;0;0;253;0;0;0;0
FR;1;2021-01-03;419;0;0;0;23;0;0;0;0;4602;8;0;0;276;0;0;0;0
FR;1;2021-01-04;2147;5;0;0;51;0;0;0;0;6749;13;0;0;327;0;0;0;0
FR;1;2021-01-05;7784;6;0;0;128;0;0;0;0;14533;19;0;0;455;0;0;0;0
FR;1;2021-01-06;12483;23;0;0;128;0;0;0;0;27016;42;0;0;583;0;0;0;0
FR;1;2021-01-07;29480;24;0;0;159;0;0;0;0;56496;66;0;0;742;0;0;0;0
FR;1;2021-01-08;37170;35;0;0;204;0;0;0;0;93666;101;0;0;946;0;0;0;0
FR;1;2021-01-09;11220;9;0;0;77;0;0;0;0;104886;110;0;0;1023;0;0;0;0
FR;1;2021-01-10;6017;8;0;0;28;0;0;0;0;110903;118;0;0;1051;0;0;0;0
FR;1;2021-01-11;39956;39;0;0;232;0;0;0;0;150859;157;0;0;1283;0;0;0;0
FR;1;2021-01-12;62165;30;0;0;298;0;0;0;0;213024;187;0;0;1581;0;0;0;0
FR;1;2021-01-13;65150;62;0;0;433;0;0;0;0;278174;249;0;0;2014;0;0;0;0
FR;1;2021-01-14;81473;262;0;0;958;0;0;0;0;359647;511;0;0;2972;0;0;0;0
FR;1;2021-01-15;68639;101;0;0;528;0;0;0;0;428286;612;0;0;3500;0;0;0;0
FR;1;2021-01-16;19903;73;0;0;171;0;0;0;0;448189;685;0;0;3671;0;0;0;0
FR;1;2021-01-17;10909;54;0;0;130;0;0;0;0;459098;739;0;0;3801;0;0;0;0
FR;1;2021-01-18;82849;176;0;0;587;0;0;0;0;541947;915;0;0;4388;0;0;0;0
FR;1;2021-01-19;125936;209;0;0;837;0;0;0;0;667883;1124;0;0;5225;0;0;0;0
FR;1;2021-01-20;132439;191;0;0;779;0;0;0;0;800322;1315;0;0;6004;0;0;0;0
FR;1;2021-01-21;153085;196;0;0;896;0;0;0;0;953407;1511;0;0;6900;0;0;0;0
FR;1;2021-01-22;115972;239;0;0;775;0;0;0;0;1069379;1750;0;0;7675;0;0;0;0
FR;1;2021-01-23;36617;84;0;0;207;0;0;0;0;1105996;1834;0;0;7882;0;0;0;0
FR;1;2021-01-24;9589;128;0;0;187;0;0;0;0;1115585;1962;0;0;8069;0;0;0;0
FR;1;2021-01-25;74442;1454;0;0;1772;0;0;0;0;1190027;3416;0;0;9841;0;0;0;0
FR;1;2021-01-26;96471;3705;1;0;4146;0;0;0;0;1286498;7121;1;0;13987;0;0;0;0
FR;1;2021-01-27;103660;6440;0;0;7124;0;0;0;0;1390158;13561;1;0;21111;0;0;0;0
FR;1;2021-01-28;120627;16412;0;0;17201;0;0;0;0;1510785;29973;1;0;38312;0;0;0;0
FR;1;2021-01-29;88904;18795;0;0;19335;0;0;0;0;1599689;48768;1;0;57647;0;0;0;0
FR;1;2021-01-30;27995;4532;0;0;4656;0;0;0;0;1627684;53300;1;0;62303;0;0;0;0
FR;1;2021-01-31;5194;1898;0;0;1936;0;0;0;0;1632878;55198;1;0;64239;0;0;0;0
FR;1;2021-02-01;49752;23044;0;0;23286;0;0;0;0;1682630;78242;1;0;87525;0;0;0;0
FR;1;2021-02-02;67839;38195;0;0;38652;0;0;0;0;1750469;116437;1;0;126177;0;0;0;0
FR;1;2021-02-03;67105;40251;0;0;40686;0;0;0;0;1817574;156688;1;0;166863;0;0;0;0
FR;1;2021-02-04;77155;55119;0;0;55689;0;0;0;0;1894729;211807;1;0;222552;0;0;0;0
FR;1;2021-02-05;63435;48225;0;0;48630;0;0;0;0;1958164;260032;1;0;271182;0;0;0;0
FR;1;2021-02-06;19428;11420;0;0;11527;0;0;0;0;1977592;271452;1;0;282709;0;0;0;0
FR;1;2021-02-07;3669;6067;0;0;6094;0;0;0;0;1981261;277519;1;0;288803;0;0;0;0
FR;1;2021-02-08;36507;48778;0;0;49031;0;0;0;0;2017768;326297;1;0;337834;0;0;0;0
FR;1;2021-02-09;50829;78444;0;0;78970;0;0;0;0;2068597;404741;1;0;416804;0;0;0;0
FR;1;2021-02-10;52088;83452;0;0;83935;0;0;0;0;2120685;488193;1;0;500739;0;0;0;0
FR;1;2021-02-11;63397;105545;0;0;106455;0;0;0;0;2184082;593738;1;0;607194;0;0;0;0
FR;1;2021-02-12;55887;75813;0;0;76499;0;0;0;0;2239969;669551;1;0;683693;0;0;0;0
FR;1;2021-02-13;15469;19309;0;0;19421;0;0;0;0;2255438;688860;1;0;703114;0;0;0;0
FR;1;2021-02-14;3747;7311;0;0;7377;0;0;0;0;2259185;696171;1;0;710491;0;0;0;0
FR;1;2021-02-15;24175;73663;0;0;73921;0;0;0;0;2283360;769834;1;0;784412;0;0;0;0
FR;1;2021-02-16;32788;95516;0;0;95930;0;0;0;0;2316148;865350;1;0;880342;0;0;0;0
FR;1;2021-02-17;35141;102376;20;0;103034;0;0;0;0;2351289;967726;21;0;983376;0;0;0;0
FR;1;2021-02-18;49466;118558;0;0;119555;0;0;0;0;2400755;1086284;21;0;1102931;0;0;0;0
FR;1;2021-02-19;45400;87843;1;0;88787;0;0;0;0;2446155;1174127;22;0;1191718;0;0;0;0
FR;1;2021-02-20;13398;27026;0;0;27202;0;0;0;0;2459553;1201153;22;0;1218920;0;0;0;0
FR;1;2021-02-21;2471;5945;0;0;6013;0;0;0;0;2462024;1207098;22;0;1224933;0;0;0;0
FR;1;2021-02-22;24726;69390;2;0;69690;0;0;0;0;2486750;1276488;24;0;1294623;0;0;0;0
FR;1;2021-02-23;37441;81552;1;0;82256;0;0;0;0;2524191;1358040;25;0;1376879;0;0;0;0
FR;1;2021-02-24;40717;79375;1;0;80075;0;0;0;0;2564908;1437415;26;0;1456954;0;0;0;0
FR;1;2021-02-25;50176;87704;1;0;88801;0;0;0;0;2615084;1525119;27;0;1545755;0;0;0;0
FR;1;2021-02-26;47234;67559;1;0;68447;0;0;0;0;2662318;1592678;28;0;1614202;0;0;0;0
FR;1;2021-02-27;15691;21357;1;0;21570;0;0;0;0;2678009;1614035;29;0;1635772;0;0;0;0
FR;1;2021-02-28;3566;4097;2;0;4170;0;0;0;0;2681575;1618132;31;0;1639942;0;0;0;0
FR;1;2021-03-01;40232;50289;1;0;51027;0;0;0;0;2721807;1668421;32;0;1690969;0;0;0;0
FR;1;2021-03-02;55996;62424;3;0;63604;0;0;0;0;2777803;1730845;35;0;1754573;0;0;0;0
FR;1;2021-03-03;61271;60504;0;0;61942;0;0;0;0;2839074;1791349;35;0;1816515;0;0;0;0
FR;1;2021-03-04;73022;68395;3;0;70613;0;0;0;0;2912096;1859744;38;0;1887128;0;0;0;0
FR;1;2021-03-05;74787;58608;3;0;60507;0;0;0;0;2986883;1918352;41;0;1947635;0;0;0;0
FR;1;2021-03-06;82475;15735;2;0;17443;0;0;0;0;3069358;1934087;43;0;1965078;0;0;0;0
FR;1;2021-03-07;63734;3918;1;0;5462;0;0;0;0;3133092;1938005;44;0;1970540;0;0;0;0
FR;1;2021-03-08;60200;41130;2;0;42417;0;0;0;0;3193292;1979135;46;0;2012957;0;0;0;0
FR;1;2021-03-09;86015;47359;1;0;49360;0;0;0;0;3279307;2026494;47;0;2062317;0;0;0;0
FR;1;2021-03-10;90950;47739;5;0;50012;0;0;0;0;3370257;2074233;52;0;2112329;0;0;0;0
FR;1;2021-03-11;105107;54599;1;0;57676;0;0;0;0;3475364;2128832;53;0;2170005;0;0;0;0
FR;1;2021-03-12;104169;44879;1;0;47876;0;0;0;0;3579533;2173711;54;0;2217881;0;0;0;0
FR;1;2021-03-13;89226;12579;1;0;14796;0;0;0;0;3668759;2186290;55;0;2232677;0;0;0;0
FR;1;2021-03-14;44462;2656;1;0;3989;0;0;0;0;3713221;2188946;56;0;2236666;0;0;0;0
FR;1;2021-03-15;95538;27942;3;0;30293;0;0;0;0;3808759;2216888;59;0;2266959;0;0;0;0
FR;1;2021-03-16;123607;34032;5;0;37580;0;0;0;0;3932366;2250920;64;0;2304539;0;0;0;0
FR;1;2021-03-17;129327;33515;4;0;37570;0;0;0;0;4061693;2284435;68;0;2342109;0;0;0;0
FR;1;2021-03-18;142918;39159;5;0;43837;0;0;0;0;4204611;2323594;73;0;2385946;0;0;0;0
FR;1;2021-03-19;136282;32011;2;0;36602;0;0;0;0;4340893;2355605;75;0;2422548;0;0;0;0
FR;1;2021-03-20;76026;9747;1;0;11963;0;0;0;0;4416919;2365352;76;0;2434511;0;0;0;0
FR;1;2021-03-21;26522;1968;1;0;2958;0;0;0;0;4443441;2367320;77;0;2437469;0;0;0;0
FR;1;2021-03-22;114783;30210;2;0;34043;0;0;0;0;4558224;2397530;79;0;2471512;0;0;0;0
FR;1;2021-03-23;143065;37999;1;0;42790;0;0;0;0;4701289;2435529;80;0;2514302;0;0;0;0
FR;1;2021-03-24;142031;38413;0;0;43286;0;0;0;0;4843320;2473942;80;0;2557588;0;0;0;0
FR;1;2021-03-25;165046;39878;4;0;46041;0;0;0;0;5008366;2513820;84;0;2603629;0;0;0;0
FR;1;2021-03-26;166426;37414;5;1;44035;0;0;0;0;5174792;2551234;89;1;2647664;0;0;0;0
FR;1;2021-03-27;110909;15483;1;0;19494;0;0;0;0;5285701;2566717;90;1;2667158;0;0;0;0
FR;1;2021-03-28;42316;4431;3;0;5986;0;0;0;0;5328017;2571148;93;1;2673144;0;0;0;0
FR;1;2021-03-29;129853;48963;4;0;53630;0;0;0;0;5457870;2620111;97;1;2726774;0;0;0;0
FR;1;2021-03-30;167766;63830;5;0;70843;0;0;0;0;5625636;2683941;102;1;2797617;0;0;0;0
FR;1;2021-03-31;170974;68014;4;0;75540;0;0;0;0;5796610;2751955;106;1;2873157;0;0;0;0
FR;1;2021-04-01;194889;84124;10;0;93633;0;0;0;0;5991499;2836079;116;1;2966790;0;0;0;0
FR;1;2021-04-02;164477;86899;7;0;94724;0;0;0;0;6155976;2922978;123;1;3061514;0;0;0;0
FR;1;2021-04-03;88262;58202;6;0;61750;0;0;0;0;6244238;2981180;129;1;3123264;0;0;0;0
FR;1;2021-04-04;33666;17733;0;0;19233;0;0;0;0;6277904;2998913;129;1;3142497;0;0;0;0
FR;1;2021-04-05;46433;9566;11;0;11443;0;0;0;0;6324337;3008479;140;1;3153940;0;0;0;0
FR;1;2021-04-06;160352;105677;17;0;112165;0;0;0;0;6484689;3114156;157;1;3266105;0;0;0;0
FR;1;2021-04-07;197042;108096;16;0;116935;0;0;0;0;6681731;3222252;173;1;3383040;0;0;0;0
FR;1;2021-04-08;222195;114356;14;0;125716;0;0;0;0;6903926;3336608;187;1;3508756;0;0;0;0
FR;1;2021-04-09;214623;108038;21;0;118936;0;0;0;0;7118549;3444646;208;1;3627692;0;0;0;0
FR;1;2021-04-10;117211;73241;14;0;78389;0;0;0;0;7235760;3517887;222;1;3706081;0;0;0;0
FR;1;2021-04-11;40903;29892;6;0;31796;0;0;0;0;7276663;3547779;228;1;3737877;0;0;0;0
FR;1;2021-04-12;168509;104586;46;0;111836;0;0;0;0;7445172;3652365;274;1;3849713;0;0;0;0
FR;1;2021-04-13;203854;127759;97;1;137107;0;0;0;0;7649026;3780124;371;2;3986820;0;0;0;0
FR;1;2021-04-14;208689;123036;208;0;133269;0;0;0;0;7857715;3903160;579;2;4120089;0;0;0;0
FR;1;2021-04-15;221749;128235;313;0;139285;0;0;0;0;8079464;4031395;892;2;4259374;0;0;0;0
FR;1;2021-04-16;206110;125778;309;0;135449;0;0;0;0;8285574;4157173;1201;2;4394823;0;0;0;0
FR;1;2021-04-17;122112;67119;103;0;72181;0;0;0;0;8407686;4224292;1304;2;4467004;0;0;0;0
FR;1;2021-04-18;35980;21015;42;0;22723;0;0;0;0;8443666;4245307;1346;2;4489727;0;0;0;0
FR;1;2021-04-19;163783;121615;433;0;129166;0;0;0;0;8607449;4366922;1779;2;4618893;0;0;0;0
FR;1;2021-04-20;189491;149791;531;0;158920;0;0;0;0;8796940;4516713;2310;2;4777813;0;0;0;0
FR;1;2021-04-21;194064;147790;760;0;157320;0;0;0;0;8991004;4664503;3070;2;4935133;0;0;0;0
FR;1;2021-04-22;209084;164619;779;0;175849;0;0;0;0;9200088;4829122;3849;2;5110982;0;0;0;0
FR;1;2021-04-23;198999;158151;671;0;169174;0;0;0;0;9399087;4987273;4520;2;5280156;0;0;0;0
FR;1;2021-04-24;126355;95887;148;0;101956;0;0;0;0;9525442;5083160;4668;2;5382112;0;0;0;0
FR;1;2021-04-25;53642;30082;46;0;32839;0;0;0;0;9579084;5113242;4714;2;5414951;0;0;0;0
FR;1;2021-04-26;181174;140328;543;0;149048;0;0;0;0;9760258;5253570;5257;2;5563999;0;0;0;0
FR;1;2021-04-27;221405;162628;901;0;174006;0;0;0;0;9981663;5416198;6158;2;5738005;0;0;0;0
FR;1;2021-04-28;238372;156214;1314;1;168896;1;0;0;0;10220035;5572412;7472;3;5906901;1;0;0;0
FR;1;2021-04-29;270352;161682;1211;0;177289;0;0;0;0;10490387;5734094;8683;3;6084190;1;0;0;0
FR;1;2021-04-30;272030;149044;1074;0;165145;0;0;0;0;10762417;5883138;9757;3;6249335;1;0;0;0
FR;1;2021-05-01;141180;40616;173;0;48644;0;0;0;0;10903597;5923754;9930;3;6297979;1;0;0;0
FR;1;2021-05-02;81564;28243;81;0;32999;0;0;0;0;10985161;5951997;10011;3;6330978;1;0;0;0
FR;1;2021-05-03;250825;142064;803;0;155758;0;0;0;0;11235986;6094061;10814;3;6486736;1;0;0;0
FR;1;2021-05-04;265939;188051;1204;0;203623;0;0;0;0;11501925;6282112;12018;3;6690359;1;0;0;0
FR;1;2021-05-05;283977;186318;1268;0;202982;0;0;0;0;11785902;6468430;13286;3;6893341;1;0;0;0
FR;1;2021-05-06;310083;184602;1502;0;204355;0;0;0;0;12095985;6653032;14788;3;7097696;1;0;0;0
FR;1;2021-05-07;284152;196759;1127;0;214577;0;0;0;0;12380137;6849791;15915;3;7312273;1;0;0;0
FR;1;2021-05-08;191687;51619;285;0;63002;0;0;0;0;12571824;6901410;16200;3;7375275;1;0;0;0
FR;1;2021-05-09;114076;34211;236;0;41383;0;0;0;0;12685900;6935621;16436;3;7416658;1;0;0;0
FR;1;2021-05-10;258240;195096;1188;0;211089;0;0;0;0;12944140;7130717;17624;3;7627747;1;0;0;0
FR;1;2021-05-11;318945;211263;1465;0;231504;0;0;0;0;13263085;7341980;19089;3;7859251;1;0;0;0
FR;1;2021-05-12;356710;186093;1401;0;208400;0;0;0;0;13619795;7528073;20490;3;8067651;1;0;0;0
FR;1;2021-05-13;283473;47325;401;0;64248;0;0;0;0;13903268;7575398;20891;3;8131899;1;0;0;0
FR;1;2021-05-14;370544;128531;998;0;151952;0;0;0;0;14273812;7703929;21889;3;8283851;1;0;0;0
FR;1;2021-05-15;298126;66208;404;0;84916;0;0;0;0;14571938;7770137;22293;3;8368767;1;0;0;0
FR;1;2021-05-16;157796;15470;158;0;26038;0;0;0;0;14729734;7785607;22451;3;8394805;1;0;0;0
FR;1;2021-05-17;318960;116204;1441;0;138166;0;0;0;0;15048694;7901811;23892;3;8532971;1;0;0;0
FR;1;2021-05-18;383394;111693;1801;0;137643;0;0;0;0;15432088;8013504;25693;3;8670614;1;0;0;0
FR;1;2021-05-19;395324;101587;2185;0;128525;0;0;0;0;15827412;8115091;27878;3;8799139;1;0;0;0
FR;1;2021-05-20;421861;95608;2049;0;125074;0;0;0;0;16249273;8210699;29927;3;8924213;1;0;0;0
FR;1;2021-05-21;399844;97450;1765;0;125849;0;0;0;0;16649117;8308149;31692;3;9050062;1;0;0;0
FR;1;2021-05-22;275711;41926;604;0;60951;0;0;0;0;16924828;8350075;32296;3;9111013;1;0;0;0
FR;1;2021-05-23;123033;10969;224;0;20571;0;0;0;0;17047861;8361044;32520;3;9131584;1;0;0;0
FR;1;2021-05-24;244028;26265;569;0;43791;0;0;0;0;17291889;8387309;33089;3;9175375;1;0;0;0
FR;1;2021-05-25;366247;131453;2115;1;158388;0;0;0;0;17658136;8518762;35204;4;9333763;1;0;0;0
FR;1;2021-05-26;380864;127549;1996;0;155873;0;0;0;0;18039000;8646311;37200;4;9489636;1;0;0;0
FR;1;2021-05-27;406208;128358;1978;0;158838;0;0;0;0;18445208;8774669;39178;4;9648474;1;0;0;0
FR;1;2021-05-28;366080;145709;1702;0;174271;0;0;0;0;18811288;8920378;40880;4;9822745;1;0;0;0
FR;1;2021-05-29;253852;81138;527;0;100337;0;0;0;0;19065140;9001516;41407;4;9923082;1;0;0;0
FR;1;2021-05-30;100983;22601;158;0;30835;0;0;0;0;19166123;9024117;41565;4;9953917;1;0;0;0
FR;1;2021-05-31;314351;149245;1287;1;172501;1;0;0;0;19480474;9173362;42852;5;10126418;2;0;0;0
FR;1;2021-06-01;361706;166428;1733;1;194132;1;0;0;0;19842180;9339790;44585;6;10320550;3;0;0;0
FR;1;2021-06-02;365447;154542;1798;0;184083;0;0;0;0;20207627;9494332;46383;6;10504633;3;0;0;0
FR;1;2021-06-03;391502;147435;1654;0;178408;0;0;0;0;20599129;9641767;48037;6;10683041;3;0;0;0
FR;1;2021-06-04;364145;175900;1496;1;205194;1;0;0;0;20963274;9817667;49533;7;10888235;4;0;0;0
FR;1;2021-06-05;258534;112820;597;0;133181;0;0;0;0;21221808;9930487;50130;7;11021416;4;0;0;0
FR;1;2021-06-06;126834;37555;216;0;48194;0;0;0;0;21348642;9968042;50346;7;11069610;4;0;0;0
FR;1;2021-06-07;301133;207765;1368;0;233041;0;0;0;0;21649775;10175807;51714;7;11302651;4;0;0;0
FR;1;2021-06-08;330914;221012;1645;0;248975;0;0;0;0;21980689;10396819;53359;7;11551626;4;0;0;0
FR;1;2021-06-09;336659;210949;1614;0;239704;0;0;0;0;22317348;10607768;54973;7;11791330;4;0;0;0
FR;1;2021-06-10;343948;199517;1615;0;229261;0;0;0;0;22661296;10807285;56588;7;12020591;4;0;0;0
FR;1;2021-06-11;311945;234706;1300;1;262617;0;0;0;0;22973241;11041991;57888;8;12283208;4;0;0;0
FR;1;2021-06-12;244101;150610;438;0;172220;0;0;0;0;23217342;11192601;58326;8;12455428;4;0;0;0
FR;1;2021-06-13;100383;61036;188;0;70698;0;0;0;0;23317725;11253637;58514;8;12526126;4;0;0;0
FR;1;2021-06-14;207883;287577;1320;1;307385;0;0;0;0;23525608;11541214;59834;9;12833511;4;0;0;0
FR;1;2021-06-15;256910;281117;1400;1;304965;0;0;0;0;23782518;11822331;61234;10;13138476;4;0;0;0
FR;1;2021-06-16;273688;270712;1264;1;296150;0;0;0;0;24056206;12093043;62498;11;13434626;4;0;0;0
FR;1;2021-06-17;268258;245101;1241;1;271173;0;0;0;0;24324464;12338144;63739;12;13705799;4;0;0;0
FR;1;2021-06-18;260625;295199;1155;1;321026;0;0;0;0;24585089;12633343;64894;13;14026825;4;0;0;0
FR;1;2021-06-19;193468;209609;388;0;228270;0;0;0;0;24778557;12842952;65282;13;14255095;4;0;0;0
FR;1;2021-06-20;69724;89029;122;0;96869;0;0;0;0;24848281;12931981;65404;13;14351964;4;0;0;0
FR;1;2021-06-21;172400;319785;934;1;338496;1;0;0;0;25020681;13251766;66338;14;14690460;5;0;0;0
FR;1;2021-06-22;185898;348075;1102;10;369142;1;0;0;0;25206579;13599841;67440;24;15059602;6;0;0;0
FR;1;2021-06-23;204243;339645;1050;0;363544;0;0;0;0;25410822;13939486;68490;24;15423146;6;0;0;0
FR;1;2021-06-24;203558;282095;1176;0;306841;0;0;0;0;25614380;14221581;69666;24;15729987;6;0;0;0
FR;1;2021-06-25;182685;371702;1200;0;395709;0;0;0;0;25797065;14593283;70866;24;16125696;6;0;0;0
FR;1;2021-06-26;131415;278606;506;0;295981;0;0;0;0;25928480;14871889;71372;24;16421677;6;0;0;0
FR;1;2021-06-27;52421;122845;146;0;130382;0;0;0;0;25980901;14994734;71518;24;16552059;6;0;0;0
FR;1;2021-06-28;136682;368240;1066;0;386841;0;0;0;0;26117583;15362974;72584;24;16938900;6;0;0;0
FR;1;2021-06-29;154928;391161;1849;0;412255;0;0;0;0;26272511;15754135;74433;24;17351155;6;0;0;0
FR;1;2021-06-30;180076;381961;1668;4;406561;2;0;0;0;26452587;16136096;76101;28;17757716;8;0;0;0
FR;1;2021-07-01;201590;332510;1890;5;360582;0;0;0;0;26654177;16468606;77991;33;18118298;8;0;0;0
FR;1;2021-07-02;193890;367289;1765;5;395487;2;0;0;0;26848067;16835895;79756;38;18513785;10;0;0;0
FR;1;2021-07-03;124485;280410;704;3;299514;1;0;0;0;26972552;17116305;80460;41;18813299;11;0;0;0
FR;1;2021-07-04;53969;113731;244;0;122138;0;0;0;0;27026521;17230036;80704;41;18935437;11;0;0;0
FR;1;2021-07-05;153986;355778;1500;8;379118;0;0;0;0;27180507;17585814;82204;49;19314555;11;0;0;0
FR;1;2021-07-06;173534;382279;1603;45;408169;8;0;0;0;27354041;17968093;83807;94;19722724;19;0;0;0
FR;1;2021-07-07;190874;362298;1659;25;390640;2;0;0;0;27544915;18330391;85466;119;20113364;21;0;0;0
FR;1;2021-07-08;201594;322966;1827;20;353611;2;0;0;0;27746509;18653357;87293;139;20466975;23;0;0;0
FR;1;2021-07-09;189996;387763;1854;3;418165;1;0;0;0;27936505;19041120;89147;142;20885140;24;0;0;0
FR;1;2021-07-10;129967;281184;818;1;302610;0;0;0;0;28066472;19322304;89965;143;21187750;24;0;0;0
FR;1;2021-07-11;57688;102529;263;0;112410;0;0;0;0;28124160;19424833;90228;143;21300160;24;0;0;0
FR;1;2021-07-12;149931;416802;1588;4;442792;0;0;0;0;28274091;19841635;91816;147;21742952;24;0;0;0
FR;1;2021-07-13;234311;438995;1808;8;476177;0;0;0;0;28508402;20280630;93624;155;22219129;24;0;0;0
FR;1;2021-07-14;171931;151301;418;0;176931;0;0;0;0;28680333;20431931;94042;155;22396060;24;0;0;0
FR;1;2021-07-15;279706;424135;1859;1;467108;0;0;0;0;28960039;20856066;95901;156;22863168;24;0;0;0
FR;1;2021-07-16;290446;400515;1711;3;445156;1;0;0;0;29250485;21256581;97612;159;23308324;25;0;0;0
FR;1;2021-07-17;217362;281971;755;1;315436;0;0;0;0;29467847;21538552;98367;160;23623760;25;0;0;0
FR;1;2021-07-18;102032;107203;288;0;123090;0;0;0;0;29569879;21645755;98655;160;23746850;25;0;0;0
FR;1;2021-07-19;238251;378362;1498;3;414403;0;0;0;0;29808130;22024117;100153;163;24161253;25;0;0;0
FR;1;2021-07-20;305776;379723;1471;0;425544;0;0;0;0;30113906;22403840;101624;163;24586797;25;0;0;0
FR;1;2021-07-21;333311;352691;1413;4;404059;1;0;0;0;30447217;22756531;103037;167;24990856;26;0;0;0
FR;1;2021-07-22;364709;318527;1502;3;374936;2;0;0;0;30811926;23075058;104539;170;25365792;28;0;0;0
FR;1;2021-07-23;349411;342720;1589;4;398258;1;0;0;0;31161337;23417778;106128;174;25764050;29;0;0;0
FR;1;2021-07-24;238968;240733;697;1;278059;0;0;0;0;31400305;23658511;106825;175;26042109;29;0;0;0
FR;1;2021-07-25;112810;76013;223;0;93705;0;0;0;0;31513115;23734524;107048;175;26135814;29;0;0;0
FR;1;2021-07-26;299149;289266;1495;2;334976;1;0;0;0;31812264;24023790;108543;177;26470790;30;0;0;0
FR;1;2021-07-27;385872;267855;1459;4;324822;1;0;0;0;32198136;24291645;110002;181;26795612;31;0;0;0
FR;1;2021-07-28;390228;250918;1463;4;307204;1;0;0;0;32588364;24542563;111465;185;27102816;32;0;0;0
FR;1;2021-07-29;406162;227575;1541;2;284267;0;0;0;0;32994526;24770138;113006;187;27387083;32;0;0;0
FR;1;2021-07-30;370761;246481;1639;4;298312;1;0;0;0;33365287;25016619;114645;191;27685395;33;0;0;0
FR;1;2021-07-31;243395;165091;794;1;199411;0;0;0;0;33608682;25181710;115439;192;27884806;33;0;0;0
FR;1;2021-08-01;105614;47204;237;0;61197;0;0;0;0;33714296;25228914;115676;192;27946003;33;0;0;0
FR;1;2021-08-02;297438;212827;1480;2;250608;0;0;0;0;34011734;25441741;117156;194;28196611;33;0;0;0
FR;1;2021-08-03;331354;208677;1557;2;250643;1;0;0;0;34343088;25650418;118713;196;28447254;34;0;0;0
FR;1;2021-08-04;328059;183821;1440;5;223971;3;0;0;0;34671147;25834239;120153;201;28671225;37;0;0;0
FR;1;2021-08-05;301299;193083;1483;0;229377;0;0;0;0;34972446;26027322;121636;201;28900602;37;0;0;0
FR;1;2021-08-06;291004;224079;1560;3;261363;0;0;0;0;35263450;26251401;123196;204;29161965;37;0;0;0
FR;1;2021-08-07;182685;158759;655;5;181667;1;0;0;0;35446135;26410160;123851;209;29343632;38;0;0;0
FR;1;2021-08-08;68897;59101;253;0;67629;0;0;0;0;35515032;26469261;124104;209;29411261;38;0;0;0
FR;1;2021-08-09;222800;235145;1446;4;263850;2;0;0;0;35737832;26704406;125550;213;29675111;40;0;0;0
FR;1;2021-08-10;252763;239824;1492;2;271654;0;0;0;0;35990595;26944230;127042;215;29946765;40;0;0;0
FR;1;2021-08-11;236256;231715;1272;5;261228;0;0;0;0;36226851;27175945;128314;220;30207993;40;0;0;0
FR;1;2021-08-12;220804;239717;1492;3;267806;0;0;0;0;36447655;27415662;129806;223;30475799;40;0;0;0
FR;1;2021-08-13;201733;238488;1360;2;264027;2;0;0;0;36649388;27654150;131166;225;30739826;42;0;0;0
FR;1;2021-08-14;122876;174030;645;0;189534;0;0;0;0;36772264;27828180;131811;225;30929360;42;0;0;0
FR;1;2021-08-15;34711;46113;201;1;50332;0;0;0;0;36806975;27874293;132012;226;30979692;42;0;0;0
FR;1;2021-08-16;156967;289322;1424;0;309889;0;0;0;0;36963942;28163615;133436;226;31289581;42;0;0;0
FR;1;2021-08-17;171626;290954;1422;5;313353;0;0;0;0;37135568;28454569;134858;231;31602934;42;0;0;0
FR;1;2021-08-18;161452;286674;1394;6;307301;3;0;0;0;37297020;28741243;136252;237;31910235;45;0;0;0
FR;1;2021-08-19;148962;277413;1405;1;297254;0;0;0;0;37445982;29018656;137657;238;32207489;45;0;0;0
FR;1;2021-08-20;140533;308908;1535;2;328138;2;0;0;0;37586515;29327564;139192;240;32535627;47;0;0;0
FR;1;2021-08-21;84288;213209;589;0;224527;0;0;0;0;37670803;29540773;139781;240;32760154;47;0;0;0
FR;1;2021-08-22;28584;82696;233;0;86701;0;0;0;0;37699387;29623469;140014;240;32846855;47;0;0;0
FR;1;2021-08-23;118672;320939;1422;2;337674;0;0;0;0;37818059;29944408;141436;242;33184529;47;0;0;0
FR;1;2021-08-24;126687;319599;1604;5;337412;0;0;0;0;37944746;30264007;143040;247;33521941;47;0;0;0
FR;1;2021-08-25;121548;306408;1783;8;323581;2;0;0;0;38066294;30570415;144823;255;33845522;49;0;0;0
FR;1;2021-08-26;106647;286082;2165;10;302377;0;0;0;0;38172941;30856497;146988;265;34147899;49;0;0;0
FR;1;2021-08-27;107659;321594;2303;9;338851;1;0;0;0;38280600;31178091;149291;274;34486750;50;0;0;0
FR;1;2021-08-28;71030;220699;1102;0;231219;0;0;0;0;38351630;31398790;150393;274;34717969;50;0;0;0
FR;1;2021-08-29;24156;78206;469;1;82096;0;0;0;0;38375786;31476996;150862;275;34800065;50;0;0;0
FR;1;2021-08-30;96904;286273;4315;6;299759;4967;0;0;0;38472690;31763269;155177;281;35099824;5017;0;0;0
FR;1;2021-08-31;98136;276227;9295;15;289894;10064;2;0;0;38570826;32039496;164472;296;35389718;15081;2;0;0
FR;1;2021-09-01;112367;245290;21121;8;257672;22158;1;0;0;38683193;32284786;185593;304;35647390;37239;3;0;0
FR;1;2021-09-02;86757;197901;24536;18;208296;25519;0;0;0;38769950;32482687;210129;322;35855686;62758;3;0;0
FR;1;2021-09-03;82433;227484;26958;21;238922;28038;0;0;0;38852383;32710171;237087;343;36094608;90796;3;0;0
FR;1;2021-09-04;71631;189718;11141;11;199301;11712;7;0;0;38924014;32899889;248228;354;36293909;102508;10;0;0
FR;1;2021-09-05;18614;41144;4126;2;43849;4277;0;0;0;38942628;32941033;252354;356;36337758;106785;10;0;0
FR;1;2021-09-06;59825;151362;30182;15;158892;31206;2;0;0;39002453;33092395;282536;371;36496650;137991;12;0;0
FR;1;2021-09-07;57401;139622;30215;30;146741;31253;2;0;0;39059854;33232017;312751;401;36643391;169244;14;0;0
FR;1;2021-09-08;72356;173793;26926;22;182264;27967;4;0;0;39132210;33405810;339677;423;36825655;197211;18;0;0
FR;1;2021-09-09;54514;124427;28637;24;131184;29748;5;0;0;39186724;33530237;368314;447;36956839;226959;23;0;0
FR;1;2021-09-10;66224;152064;30452;24;161152;31692;5;0;0;39252948;33682301;398766;471;37117991;258651;28;0;0
FR;1;2021-09-11;52688;146637;9731;14;154126;10356;0;0;0;39305636;33828938;408497;485;37272117;269007;28;0;0
FR;1;2021-09-12;10800;29269;2490;1;30967;2660;2;0;0;39316436;33858207;410987;486;37303084;271667;30;0;0
FR;1;2021-09-13;51520;104396;38767;31;110929;40096;16;0;0;39367956;33962603;449754;517;37414013;311763;46;0;0
FR;1;2021-09-14;53344;96007;51291;67;102372;53289;42;0;0;39421300;34058610;501045;584;37516385;365052;88;0;0
FR;1;2021-09-15;60589;139224;50499;55;146392;47070;68;0;0;39481889;34197834;551544;639;37662777;412122;156;0;0
FR;1;2021-09-16;46646;81362;53354;70;86257;49611;61;0;0;39528535;34279196;604898;709;37749034;461733;217;0;0
FR;1;2021-09-17;53227;109327;45081;61;115661;42714;61;0;0;39581762;34388523;649979;770;37864695;504447;278;0;0
FR;1;2021-09-18;37887;118498;11797;19;124082;11280;19;0;0;39619649;34507021;661776;789;37988777;515727;297;0;0
FR;1;2021-09-19;6531;21025;2045;1;22129;1985;1;0;0;39626180;34528046;663821;790;38010906;517712;298;0;0
FR;1;2021-09-20;36543;74843;46231;65;78564;44198;30;0;0;39662723;34602889;710052;855;38089470;561910;328;0;0
FR;1;2021-09-21;34209;68100;56270;72;71135;52747;76;0;0;39696932;34670989;766322;927;38160605;614657;404;0;0
FR;1;2021-09-22;38848;118600;49884;76;123020;46936;39;0;0;39735780;34789589;816206;1003;38283625;661593;443;0;0
FR;1;2021-09-23;32042;62890;54515;85;65794;50921;76;0;0;39767822;34852479;870721;1088;38349419;712514;519;0;0
FR;1;2021-09-24;36805;90022;43677;89;94381;41957;57;0;0;39804627;34942501;914398;1177;38443800;754471;576;0;0
FR;1;2021-09-25;27656;96711;12307;27;101065;12187;19;0;0;39832283;35039212;926705;1204;38544865;766658;595;0;0
FR;1;2021-09-26;4390;15202;1777;5;16066;1700;4;0;0;39836673;35054414;928482;1209;38560931;768358;599;0;0
FR;1;2021-09-27;27356;60205;42914;89;63434;41644;79;0;1;39864029;35114619;971396;1298;38624365;810002;678;0;1
FR;1;2021-09-28;26913;49418;47207;76;52035;44494;40;0;0;39890942;35164037;1018603;1374;38676400;854496;718;0;1
FR;1;2021-09-29;35927;80253;47297;87;84639;45623;33;0;0;39926869;35244290;1065900;1461;38761039;900119;751;0;1
FR;1;2021-09-30;26078;46899;47527;80;49258;45476;52;0;0;39952947;35291189;1113427;1541;38810297;945595;803;0;1
FR;1;2021-10-01;47307;66910;44909;83;70792;44634;14;0;0;40000254;35358099;1158336;1624;38881089;990229;817;0;1
FR;1;2021-10-02;32383;62416;16114;32;67224;16325;6;0;0;40032637;35420515;1174450;1656;38948313;1006554;823;0;1
FR;1;2021-10-03;4343;8564;2043;3;9312;2039;4;0;0;40036980;35429079;1176493;1659;38957625;1008593;827;0;1
FR;1;2021-10-04;28985;44425;47117;79;46838;46986;31;0;0;40065965;35473504;1223610;1738;39004463;1055579;858;0;1
FR;1;2021-10-05;24576;41643;49895;116;43140;49352;47;0;0;40090541;35515147;1273505;1854;39047603;1104931;905;0;1
FR;1;2021-10-06;34659;61389;57510;101;64496;57265;25;0;0;40125200;35576536;1331015;1955;39112099;1162196;930;0;1
FR;1;2021-10-07;21083;39914;53052;74;41092;51997;32;0;0;40146283;35616450;1384067;2029;39153191;1214193;962;0;1
FR;1;2021-10-08;35672;59645;60412;83;62871;61170;28;0;0;40181955;35676095;1444479;2112;39216062;1275363;990;0;1
FR;1;2021-10-09;27466;48024;25498;29;52492;26028;10;0;0;40209421;35724119;1469977;2141;39268554;1301391;1000;0;1
FR;1;2021-10-10;3728;5810;2759;7;6288;2865;1;0;0;40213149;35729929;1472736;2148;39274842;1304256;1001;0;1
FR;1;2021-10-11;24858;38212;54589;88;40296;55271;43;0;0;40238007;35768141;1527325;2236;39315138;1359527;1044;0;1
FR;1;2021-10-12;23386;36583;58078;128;37082;59241;18;0;0;40261393;35804724;1585403;2364;39352220;1418768;1062;0;1
FR;1;2021-10-13;32974;47842;64177;125;50647;65703;22;0;1;40294367;35852566;1649580;2489;39402867;1484471;1084;0;2
FR;1;2021-10-14;21715;34774;53776;103;35680;54370;24;0;0;40316082;35887340;1703356;2592;39438547;1538841;1108;0;2
FR;1;2021-10-15;32757;48763;72338;165;50456;75035;22;0;0;40348839;35936103;1775694;2757;39489003;1613876;1130;0;2
FR;1;2021-10-16;26014;35285;34874;45;38300;36432;13;0;0;40374853;35971388;1810568;2802;39527303;1650308;1143;0;2
FR;1;2021-10-17;3161;4053;3418;2;4496;3319;3;0;0;40378014;35975441;1813986;2804;39531799;1653627;1146;0;2
FR;1;2021-10-18;24354;34876;66852;132;34915;69736;27;0;0;40402368;36010317;1880838;2936;39566714;1723363;1173;0;2
FR;1;2021-10-19;20724;35572;75678;135;33223;79610;40;0;0;40423092;36045889;1956516;3071;39599937;1802973;1213;0;2
FR;1;2021-10-20;29917;44205;96191;178;43279;99882;45;0;0;40453009;36090094;2052707;3249;39643216;1902855;1258;0;2
FR;1;2021-10-21;19805;35053;83200;107;31764;87063;29;0;0;40472814;36125147;2135907;3356;39674980;1989918;1287;0;2
FR;1;2021-10-22;29756;47757;103757;196;44553;109723;58;0;0;40502570;36172904;2239664;3552;39719533;2099641;1345;0;2
FR;1;2021-10-23;23055;35142;44876;57;36131;47386;11;0;0;40525625;36208046;2284540;3609;39755664;2147027;1356;0;2
FR;1;2021-10-24;2407;3841;3584;6;4041;3717;1;0;0;40528032;36211887;2288124;3615;39759705;2150744;1357;0;2
FR;1;2021-10-25;22504;30718;82031;143;29600;85840;36;0;0;40550536;36242605;2370155;3758;39789305;2236584;1393;0;2
FR;1;2021-10-26;19368;27644;86125;162;24738;90357;29;0;0;40569904;36270249;2456280;3920;39814043;2326941;1422;0;2
FR;1;2021-10-27;26223;39612;107826;252;37303;112741;45;0;0;40596127;36309861;2564106;4172;39851346;2439682;1467;0;2
FR;1;2021-10-28;18803;27108;86969;150;23482;91737;34;0;0;40614930;36336969;2651075;4322;39874828;2531419;1501;0;2
FR;1;2021-10-29;25936;40253;114844;202;35488;121682;49;0;0;40640866;36377222;2765919;4524;39910316;2653101;1550;0;2
FR;1;2021-10-30;17713;28718;49373;74;28303;51970;18;0;0;40658579;36405940;2815292;4598;39938619;2705071;1568;0;2
FR;1;2021-10-31;2088;3169;3452;2;3215;3686;2;0;0;40660667;36409109;2818744;4600;39941834;2708757;1570;0;2
FR;1;2021-11-01;8025;4274;3037;3;4358;3294;6;0;0;40668692;36413383;2821781;4603;39946192;2712051;1576;0;2
FR;1;2021-11-02;22916;33219;92416;156;29173;97870;39;0;1;40691608;36446602;2914197;4759;39975365;2809921;1615;0;3
FR;1;2021-11-03;26638;41548;117525;219;36997;123909;56;0;0;40718246;36488150;3031722;4978;40012362;2933830;1671;0;3
FR;1;2021-11-04;19628;30291;105825;213;24186;111970;42;0;0;40737874;36518441;3137547;5191;40036548;3045800;1713;0;3
FR;1;2021-11-05;27034;42297;138800;230;34177;147490;47;0;0;40764908;36560738;3276347;5421;40070725;3193290;1760;0;3
FR;1;2021-11-06;18864;29807;63501;123;27605;66521;24;0;0;40783772;36590545;3339848;5544;40098330;3259811;1784;0;3
FR;1;2021-11-07;1834;3268;4985;6;3025;5302;5;0;0;40785606;36593813;3344833;5550;40101355;3265113;1789;0;3
FR;1;2021-11-08;17881;32246;126021;224;25388;132659;47;0;0;40803487;36626059;3470854;5774;40126743;3397772;1836;0;3
FR;1;2021-11-09;19521;37604;159331;334;26126;169155;63;0;0;40823008;36663663;3630185;6108;40152869;3566927;1899;0;3
FR;1;2021-11-10;28894;49048;181930;441;39012;192547;82;0;0;40851902;36712711;3812115;6549;40191881;3759474;1981;0;3
FR;1;2021-11-11;4192;5930;12239;26;5107;13029;14;0;0;40856094;36718641;3824354;6575;40196988;3772503;1995;0;3
FR;1;2021-11-12;26027;46822;174849;244;35289;186549;76;0;0;40882121;36765463;3999203;6819;40232277;3959052;2071;0;3
FR;1;2021-11-13;18736;29144;76847;111;25370;81792;40;0;0;40900857;36794607;4076050;6930;40257647;4040844;2111;0;3
FR;1;2021-11-14;2051;3240;6827;5;2796;7357;6;0;0;40902908;36797847;4082877;6935;40260443;4048201;2117;0;3
FR;1;2021-11-15;18797;34709;156449;306;24616;166287;59;0;0;40921705;36832556;4239326;7241;40285059;4214488;2176;0;3
FR;1;2021-11-16;21369;37813;192163;380;23318;205080;99;0;1;40943074;36870369;4431489;7621;40308377;4419568;2275;0;4
FR;1;2021-11-17;28675;45550;193256;398;33021;205081;92;0;0;40971749;36915919;4624745;8019;40341398;4624649;2367;0;4
FR;1;2021-11-18;21147;39599;182544;459;25137;194672;85;0;0;40992896;36955518;4807289;8478;40366535;4819321;2452;0;4
FR;1;2021-11-19;30894;53319;230285;532;34815;246781;134;0;0;41023790;37008837;5037574;9010;40401350;5066102;2586;0;4
FR;1;2021-11-20;23776;33215;97001;202;26734;103655;40;0;0;41047566;37042052;5134575;9212;40428084;5169757;2626;0;4
FR;1;2021-11-21;2342;3909;9133;19;2957;9939;16;0;0;41049908;37045961;5143708;9231;40431041;5179696;2642;0;4
FR;1;2021-11-22;21426;30327;175932;467;16946;189480;79;0;0;41071334;37076288;5319640;9698;40447987;5369176;2721;0;4
FR;1;2021-11-23;24031;40970;221266;540;21319;238019;77;0;0;41095365;37117258;5540906;10238;40469306;5607195;2798;0;4
FR;1;2021-11-24;30298;49644;217402;701;31964;234585;67;0;0;41125663;37166902;5758308;10939;40501270;5841780;2865;0;4
FR;1;2021-11-25;23732;44043;244525;718;22071;264225;101;0;0;41149395;37210945;6002833;11657;40523341;6106005;2966;0;4
FR;1;2021-11-26;30618;66636;356842;836;33239;388627;154;0;0;41180013;37277581;6359675;12493;40556580;6494632;3120;0;4
FR;1;2021-11-27;21960;45262;202666;372;26151;222696;112;0;0;41201973;37322843;6562341;12865;40582731;6717328;3232;0;4
FR;1;2021-11-28;3180;9544;54803;63;3468;61016;37;0;0;41205153;37332387;6617144;12928;40586199;6778344;3269;0;4
FR;1;2021-11-29;17904;49469;326436;841;20777;354582;150;0;0;41223057;37381856;6943580;13769;40606976;7132926;3419;0;4
FR;1;2021-11-30;22790;64819;431195;952;23797;470844;266;0;0;41245847;37446675;7374775;14721;40630773;7603770;3685;0;4
FR;1;2021-12-01;25365;69038;442956;1131;28429;481822;271;0;0;41271212;37515713;7817731;15852;40659202;8085592;3956;0;4
FR;1;2021-12-02;20093;64297;489465;1230;18434;532969;274;0;0;41291305;37580010;8307196;17082;40677636;8618561;4230;0;4
FR;1;2021-12-03;22912;82300;542842;1310;30272;591857;308;0;0;41314217;37662310;8850038;18392;40707908;9210418;4538;0;4
FR;1;2021-12-04;16417;53778;299138;654;23203;328998;180;0;0;41330634;37716088;9149176;19046;40731111;9539416;4718;0;4
FR;1;2021-12-05;3635;13771;81549;143;4193;91046;85;0;0;41334269;37729859;9230725;19189;40735304;9630462;4803;0;4
FR;1;2021-12-06;25848;62420;415524;1066;22063;455251;358;0;0;41360117;37792279;9646249;20255;40757367;10085713;5161;0;4
FR;1;2021-12-07;20018;75457;523079;1536;24274;572740;372;0;0;41380135;37867736;10169328;21791;40781641;10658453;5533;0;4
FR;1;2021-12-08;21718;75491;458635;1545;30648;502292;378;0;0;41401853;37943227;10627963;23336;40812289;11160745;5911;0;4
FR;1;2021-12-09;19473;73940;493114;1624;24325;541127;398;0;0;41421326;38017167;11121077;24960;40836614;11701872;6309;0;4
FR;1;2021-12-10;23330;87514;547471;1585;32416;600109;392;0;1;41444656;38104681;11668548;26545;40869030;12301981;6701;0;5
FR;1;2021-12-11;16534;59085;302768;751;25944;335502;278;0;0;41461190;38163766;11971316;27296;40894974;12637483;6979;0;5
FR;1;2021-12-12;4397;15876;83241;179;5242;94047;96;0;0;41465587;38179642;12054557;27475;40900216;12731530;7075;0;5
FR;1;2021-12-13;15761;63400;367087;1094;23905;406373;236;0;0;41481348;38243042;12421644;28569;40924121;13137903;7311;0;5
FR;1;2021-12-14;20870;80111;464899;1749;28639;515357;507;0;1;41502218;38323153;12886543;30318;40952760;13653260;7818;0;6
FR;1;2021-12-15;21631;77292;409186;1309;33007;453258;311;0;1;41523849;38400445;13295729;31627;40985767;14106518;8129;0;7
FR;1;2021-12-16;20070;77051;452008;1577;27920;500747;324;0;0;41543919;38477496;13747737;33204;41013687;14607265;8453;0;7
FR;1;2021-12-17;22629;86366;480029;1737;34638;531051;372;0;0;41566548;38563862;14227766;34941;41048325;15138316;8825;0;7
FR;1;2021-12-18;17610;54549;257662;731;24684;288530;232;0;0;41584158;38618411;14485428;35672;41073009;15426846;9057;0;7
FR;1;2021-12-19;5563;16908;79205;194;5920;90678;117;0;0;41589721;38635319;14564633;35866;41078929;15517524;9174;0;7
FR;1;2021-12-20;20957;62869;316306;1082;26487;355339;286;0;0;41610678;38698188;14880939;36948;41105416;15872863;9460;0;7
FR;1;2021-12-21;26344;72856;372822;1422;30552;418148;338;0;0;41637022;38771044;15253761;38370;41135968;16291011;9798;0;7
FR;1;2021-12-22;24989;65644;310704;1217;29574;349626;361;0;1;41662011;38836688;15564465;39587;41165542;16640637;10159;0;8
FR;1;2021-12-23;21278;52106;241542;958;23339;273076;362;0;0;41683289;38888794;15806007;40545;41188881;16913713;10521;0;8
FR;1;2021-12-24;7130;18267;67173;258;9243;77065;154;0;1;41690419;38907061;15873180;40803;41198124;16990778;10675;0;9
FR;1;2021-12-25;510;2864;5595;15;1796;6539;55;0;0;41690929;38909925;15878775;40818;41199920;16997317;10730;0;9
FR;1;2021-12-26;2751;7569;26960;71;3493;31470;100;0;0;41693680;38917494;15905735;40889;41203413;17028787;10830;0;9
FR;1;2021-12-27;18312;53461;235147;705;25453;265805;365;0;0;41711992;38970955;16140882;41594;41228866;17294592;11195;0;9
FR;1;2021-12-28;23302;61877;292070;1026;26986;330243;595;0;1;41735294;39032832;16432952;42620;41255852;17624835;11790;0;10
FR;1;2021-12-29;22218;55372;255049;921;25256;288245;645;0;1;41757512;39088204;16688001;43541;41281108;17913080;12435;0;11
FR;1;2021-12-30;21240;46406;212183;857;22440;239633;718;0;0;41778752;39134610;16900184;44398;41303548;18152713;13153;0;11
FR;1;2021-12-31;7468;16534;61882;229;8713;70416;346;0;0;41786220;39151144;16962066;44627;41312261;18223129;13499;0;11
FR;1;2022-01-01;1170;2489;5668;30;1543;6577;73;0;0;41787390;39153633;16967734;44657;41313804;18229706;13572;0;11
FR;1;2022-01-02;3089;8075;28897;50;3672;33539;190;0;0;41790479;39161708;16996631;44707;41317476;18263245;13762;0;11
FR;1;2022-01-03;26920;54159;228289;790;27527;257749;964;0;1;41817399;39215867;17224920;45497;41345003;18520994;14726;0;12
FR;1;2022-01-04;26354;64973;299326;1241;29773;337373;1367;0;2;41843753;39280840;17524246;46738;41374776;18858367;16093;0;14
FR;1;2022-01-05;30570;64238;274936;1099;32507;310314;1264;0;0;41874323;39345078;17799182;47837;41407283;19168681;17357;0;14
FR;1;2022-01-06;26860;66196;306956;1404;29270;346629;1569;0;1;41901183;39411274;18106138;49241;41436553;19515310;18926;0;15
FR;1;2022-01-07;31579;74962;349880;1538;34387;394009;1822;0;1;41932762;39486236;18456018;50779;41470940;19909319;20748;0;16
FR;1;2022-01-08;23391;51357;222511;698;25569;251139;913;0;1;41956153;39537593;18678529;51477;41496509;20160458;21661;0;17
FR;1;2022-01-09;7091;17131;66036;163;8166;76142;336;0;0;41963244;39554724;18744565;51640;41504675;20236600;21997;0;17
FR;1;2022-01-10;21814;60574;236837;957;32912;267629;1258;0;1;41985058;39615298;18981402;52597;41537587;20504229;23255;0;18
FR;1;2022-01-11;26783;63428;282345;1280;31190;317861;1837;0;1;42011841;39678726;19263747;53877;41568777;20822090;25092;0;19
FR;1;2022-01-12;28967;62475;246303;1106;35039;278092;1686;0;3;42040808;39741201;19510050;54983;41603816;21100182;26778;0;22
FR;1;2022-01-13;24791;60153;262845;1253;30023;296166;1993;0;4;42065599;39801354;19772895;56236;41633839;21396348;28771;0;26
FR;1;2022-01-14;27972;66684;314053;1366;32104;351307;2475;0;1;42093571;39868038;20086948;57602;41665943;21747655;31246;0;27
FR;1;2022-01-15;19372;44405;199333;619;22460;223869;1363;0;1;42112943;39912443;20286281;58221;41688403;21971524;32609;0;28
FR;1;2022-01-16;5161;12955;51537;135;6020;59557;338;0;0;42118104;39925398;20337818;58356;41694423;22031081;32947;0;28
FR;1;2022-01-17;16884;39662;184864;783;20112;206842;1690;0;2;42134988;39965060;20522682;59139;41714535;22237923;34637;0;30
FR;1;2022-01-18;19460;45958;212461;1154;22983;237062;2456;0;1;42154448;40011018;20735143;60293;41737518;22474985;37093;0;31
FR;1;2022-01-19;20314;43939;176150;898;25466;197206;1977;0;4;42174762;40054957;20911293;61191;41762984;22672191;39070;0;35
FR;1;2022-01-20;16852;40561;183722;1147;20809;204766;2516;0;2;42191614;40095518;21095015;62338;41783793;22876957;41586;0;37
FR;1;2022-01-21;19923;47004;228984;1405;23884;253361;3105;0;1;42211537;40142522;21323999;63743;41807677;23130318;44691;0;38
FR;1;2022-01-22;13845;33332;144509;579;18433;161398;1404;0;2;42225382;40175854;21468508;64322;41826110;23291716;46095;0;40
FR;1;2022-01-23;3379;8762;33439;132;4575;38324;352;0;1;42228761;40184616;21501947;64454;41830685;23330040;46447;0;41
FR;1;2022-01-24;11816;32968;142243;718;17789;158280;2104;0;1;42240577;40217584;21644190;65172;41848474;23488320;48551;0;42
FR;1;2022-01-25;14216;38159;163434;1049;20284;181568;3181;0;1;42254793;40255743;21807624;66221;41868758;23669888;51732;0;43
FR;1;2022-01-26;14865;37720;150273;934;22633;166401;2516;0;1;42269658;40293463;21957897;67155;41891391;23836289;54248;0;44
FR;1;2022-01-27;12341;33340;143471;896;18502;158050;3230;0;3;42281999;40326803;22101368;68051;41909893;23994339;57478;0;47
FR;1;2022-01-28;16331;56907;198336;1144;32662;222397;4007;0;3;42298330;40383710;22299704;69195;41942555;24216736;61485;0;50
FR;1;2022-01-29;10270;35470;135216;525;19611;151543;1879;0;1;42308600;40419180;22434920;69720;41962166;24368279;63364;0;51
FR;1;2022-01-30;2484;9255;29688;86;4827;34450;434;0;1;42311084;40428435;22464608;69806;41966993;24402729;63798;0;52
FR;1;2022-01-31;8759;32461;104354;533;19472;117342;2340;0;3;42319843;40460896;22568962;70339;41986465;24520071;66138;0;55
FR;1;2022-02-01;11008;36447;127092;865;20631;141214;4320;0;1;42330851;40497343;22696054;71204;42007096;24661285;70458;0;56
FR;1;2022-02-02;12120;41572;130370;782;25262;145818;3774;0;9;42342971;40538915;22826424;71986;42032358;24807103;74232;0;65
FR;1;2022-02-03;9515;34052;117034;785;19120;130334;4284;0;4;42352486;40572967;22943458;72771;42051478;24937437;78516;0;69
FR;1;2022-02-04;11542;49682;172589;968;26973;192726;5479;0;5;42364028;40622649;23116047;73739;42078451;25130163;83995;0;74
FR;1;2022-02-05;8000;33921;117593;391;18170;133024;2414;0;3;42372028;40656570;23233640;74130;42096621;25263187;86409;0;77
FR;1;2022-02-06;1706;7995;22754;86;3873;26905;444;0;0;42373734;40664565;23256394;74216;42100494;25290092;86853;0;77
FR;1;2022-02-07;7367;35385;119114;460;18171;134971;3398;0;4;42381101;40699950;23375508;74676;42118665;25425063;90251;0;81
FR;1;2022-02-08;7771;31960;125676;696;14892;140666;4301;0;5;42388872;40731910;23501184;75372;42133557;25565729;94552;0;86
FR;1;2022-02-09;8741;36530;135267;702;17930;152511;3884;0;7;42397613;40768440;23636451;76074;42151487;25718240;98436;0;93
FR;1;2022-02-10;7029;30139;116383;677;13903;130171;4445;0;1;42404642;40798579;23752834;76751;42165390;25848411;102881;0;94
FR;1;2022-02-11;8662;41565;165150;878;18378;185374;5430;0;3;42413304;40840144;23917984;77629;42183768;26033785;108311;0;97
FR;1;2022-02-12;5346;27617;106715;379;12540;120900;2396;0;2;42418650;40867761;24024699;78008;42196308;26154685;110707;0;99
FR;1;2022-02-13;1269;5721;21721;66;2188;25339;402;0;3;42419919;40873482;24046420;78074;42198496;26180024;111109;0;102
FR;1;2022-02-14;5460;27230;118096;395;10645;133124;3385;0;4;42425379;40900712;24164516;78469;42209141;26313148;114494;0;106
FR;1;2022-02-15;5797;28872;118941;611;12221;132572;4883;0;1;42431176;40929584;24283457;79080;42221362;26445720;119377;0;107
FR;1;2022-02-16;5763;28495;110428;597;13762;123058;4153;0;3;42436939;40958079;24393885;79677;42235124;26568778;123530;0;110
FR;1;2022-02-17;4616;19747;73155;489;10128;80261;3999;0;3;42441555;40977826;24467040;80166;42245252;26649039;127529;0;113
FR;1;2022-02-18;5615;26800;99207;673;14172;108168;5519;0;2;42447170;41004626;24566247;80839;42259424;26757207;133048;0;115
FR;1;2022-02-19;3551;17177;59479;305;9570;66060;2267;0;0;42450721;41021803;24625726;81144;42268994;26823267;135315;0;115
FR;1;2022-02-20;792;3258;10706;36;1651;12333;360;0;1;42451513;41025061;24636432;81180;42270645;26835600;135675;0;116
FR;1;2022-02-21;3430;14599;52830;286;7919;57678;3126;0;2;42454943;41039660;24689262;81466;42278564;26893278;138801;0;118
FR;1;2022-02-22;3804;15549;51919;500;9046;55657;4070;0;1;42458747;41055209;24741181;81966;42287610;26948935;142871;0;119
FR;1;2022-02-23;4235;17828;57487;510;10748;62589;3568;0;3;42462982;41073037;24798668;82476;42298358;27011524;146439;0;122
FR;1;2022-02-24;3345;13145;43620;436;7840;46410;3658;0;2;42466327;41086182;24842288;82912;42306198;27057934;150097;0;124
FR;1;2022-02-25;4478;20133;64927;697;12251;68798;5768;0;4;42470805;41106315;24907215;83609;42318449;27126732;155865;0;128
FR;1;2022-02-26;2698;12806;41372;310;7653;45125;2494;0;2;42473503;41119121;24948587;83919;42326102;27171857;158359;0;130
FR;1;2022-02-27;644;2192;7131;42;1207;7994;433;0;0;42474147;41121313;24955718;83961;42327309;27179851;158792;0;130
FR;1;2022-02-28;2614;10501;34969;306;6081;37395;3124;0;0;42476761;41131814;24990687;84267;42333390;27217246;161916;0;130
FR;1;2022-03-01;3592;10762;38707;391;6364;39663;4548;0;4;42480353;41142576;25029394;84658;42339754;27256909;166464;0;134
FR;1;2022-03-02;3685;12241;41870;398;7508;43940;4110;0;1;42484038;41154817;25071264;85056;42347262;27300849;170574;0;135
FR;1;2022-03-03;2463;7993;26186;329;5248;26524;3380;0;1;42486501;41162810;25097450;85385;42352510;27327373;173954;0;136
FR;1;2022-03-04;2691;10547;35468;594;6978;34962;5280;0;3;42489192;41173357;25132918;85979;42359488;27362335;179234;0;139
FR;1;2022-03-05;1823;6369;21972;280;4207;22370;2572;0;1;42491015;41179726;25154890;86259;42363695;27384705;181806;0;140
FR;1;2022-03-06;360;959;2918;38;605;3121;327;0;0;42491375;41180685;25157808;86297;42364300;27387826;182133;0;140
FR;1;2022-03-07;1922;4724;16442;245;3046;15910;2831;0;4;42493297;41185409;25174250;86542;42367346;27403736;184964;0;144
FR;1;2022-03-08;1719;5259;17173;309;3670;16002;3471;0;3;42495016;41190668;25191423;86851;42371016;27419738;188435;0;147
FR;1;2022-03-09;1988;6749;19820;371;4824;19178;3424;0;4;42497004;41197417;25211243;87222;42375840;27438916;191859;0;151
FR;1;2022-03-10;1416;5021;15300;309;3672;14338;2944;0;2;42498420;41202438;25226543;87531;42379512;27453254;194803;0;153
FR;1;2022-03-11;1761;6413;21717;487;4448;19872;4737;0;1;42500181;41208851;25248260;88018;42383960;27473126;199540;0;154
FR;1;2022-03-12;1263;4653;15367;281;3094;14915;2687;0;2;42501444;41213504;25263627;88299;42387054;27488041;202227;0;156
FR;1;2022-03-13;257;613;2119;119;414;2065;468;0;0;42501701;41214117;25265746;88418;42387468;27490106;202695;0;156
FR;1;2022-03-14;1158;3679;13407;3882;2294;12528;6342;0;8;42502859;41217796;25279153;92300;42389762;27502634;209037;0;164
FR;1;2022-03-15;1409;5735;14665;6865;4319;13262;9847;0;8;42504268;41223531;25293818;99165;42394081;27515896;218884;0;172
FR;1;2022-03-16;1696;5090;17401;11521;3601;16465;14126;0;6;42505964;41228621;25311219;110686;42397682;27532361;233010;0;178
FR;1;2022-03-17;1179;3442;11735;9648;2367;10830;11732;0;8;42507143;41232063;25322954;120334;42400049;27543191;244742;0;186
FR;1;2022-03-18;1725;4930;17979;16508;3324;16418;19722;0;14;42508868;41236993;25340933;136842;42403373;27559609;264464;0;200
FR;1;2022-03-19;1126;3302;11891;8460;2277;11362;10142;0;6;42509994;41240295;25352824;145302;42405650;27570971;274606;0;206
FR;1;2022-03-20;224;561;1726;1015;363;1761;1224;0;2;42510218;41240856;25354550;146317;42406013;27572732;275830;0;208
FR;1;2022-03-21;1088;2768;11504;13462;1787;10855;15142;0;10;42511306;41243624;25366054;159779;42407800;27583587;290972;0;218
FR;1;2022-03-22;1282;3215;12264;18716;2156;11252;20619;0;5;42512588;41246839;25378318;178495;42409956;27594839;311591;0;223
FR;1;2022-03-23;1514;4362;16034;20111;2958;15715;21883;0;34;42514102;41251201;25394352;198606;42412914;27610554;333474;0;257
FR;1;2022-03-24;1121;2754;10405;16060;1910;9666;17565;0;15;42515223;41253955;25404757;214666;42414824;27620220;351039;0;272
FR;1;2022-03-25;1540;4364;16758;25315;2882;15409;27960;0;23;42516763;41258319;25421515;239981;42417706;27635629;378999;0;295
FR;1;2022-03-26;1110;3018;10856;11452;2065;10518;12864;0;20;42517873;41261337;25432371;251433;42419771;27646147;391863;0;315
FR;1;2022-03-27;236;546;1750;1383;334;1803;1594;0;1;42518109;41261883;25434121;252816;42420105;27647950;393457;0;316
FR;1;2022-03-28;1086;2490;9981;15885;1558;9602;17230;0;10;42519195;41264373;25444102;268701;42421663;27657552;410687;0;326
FR;1;2022-03-29;1141;2754;11562;25111;1603;10926;26508;0;30;42520336;41267127;25455664;293812;42423266;27668478;437195;0;356
FR;1;2022-03-30;1632;3680;14174;24233;2454;13714;25897;0;19;42521968;41270807;25469838;318045;42425720;27682192;463092;0;375
FR;1;2022-03-31;1281;3032;11701;22700;2060;11214;24021;0;40;42523249;41273839;25481539;340745;42427780;27693406;487113;0;415
FR;1;2022-04-01;2239;4025;18492;28534;2481;17362;30806;0;54;42525488;41277864;25500031;369279;42430261;27710768;517919;0;469
FR;1;2022-04-02;911;1894;8196;9240;1106;7959;10233;0;28;42526399;41279758;25508227;378519;42431367;27718727;528152;0;497
FR;1;2022-04-03;207;382;1433;1058;219;1435;1249;0;1;42526606;41280140;25509660;379577;42431586;27720162;529401;0;498
FR;1;2022-04-04;4273;2608;11384;17680;1696;10775;18900;0;30;42530879;41282748;25521044;397257;42433282;27730937;548301;0;528
FR;1;2022-04-05;2261;2722;13007;31222;1705;12033;32603;0;68;42533140;41285470;25534051;428479;42434987;27742970;580904;0;596
FR;1;2022-04-06;1891;3018;12206;23982;1926;11643;25279;0;62;42535031;41288488;25546257;452461;42436913;27754613;606183;0;658
FR;1;2022-04-07;1694;2754;12359;31120;1651;11826;32196;0;68;42536725;41291242;25558616;483581;42438564;27766439;638379;0;726
FR;1;2022-04-08;1847;3712;17570;40648;2098;16500;42701;0;76;42538572;41294954;25576186;524229;42440662;27782939;681080;0;802
FR;1;2022-04-09;827;2000;8406;12504;1078;8106;13502;0;26;42539399;41296954;25584592;536733;42441740;27791045;694582;0;828
FR;1;2022-04-10;202;654;1837;1855;419;1883;2075;0;6;42539601;41297608;25586429;538588;42442159;27792928;696657;0;834
FR;1;2022-04-11;1107;2258;10973;22371;1310;10688;23479;0;68;42540708;41299866;25597402;560959;42443469;27803616;720136;0;902
FR;1;2022-04-12;1352;2679;12828;38146;1593;12316;38898;0;119;42542060;41302545;25610230;599105;42445062;27815932;759034;0;1021
FR;1;2022-04-13;1283;2894;12278;30627;1790;12008;31399;0;85;42543343;41305439;25622508;629732;42446852;27827940;790433;0;1106
FR;1;2022-04-14;1237;2601;12119;33661;1604;12133;34098;0;87;42544580;41308040;25634627;663393;42448456;27840073;824531;0;1193
FR;1;2022-04-15;1511;3339;14409;33269;2154;13814;34672;0;107;42546091;41311379;25649036;696662;42450610;27853887;859203;0;1300
FR;1;2022-04-16;663;1410;5845;8003;767;5777;8757;0;31;42546754;41312789;25654881;704665;42451377;27859664;867960;0;1331
FR;1;2022-04-17;157;290;930;1121;177;975;1171;0;7;42546911;41313079;25655811;705786;42451554;27860639;869131;0;1338
FR;1;2022-04-18;169;484;2636;1002;298;2660;1187;0;5;42547080;41313563;25658447;706788;42451852;27863299;870318;0;1343
FR;1;2022-04-19;1259;2610;11788;27936;1500;11519;28791;0;69;42548339;41316173;25670235;734724;42453352;27874818;899109;0;1412
FR;1;2022-04-20;1360;2674;12179;26886;1678;12031;27711;0;82;42549699;41318847;25682414;761610;42455030;27886849;926820;0;1494
FR;1;2022-04-21;1245;2463;11553;33285;1512;11785;33622;0;107;42550944;41321310;25693967;794895;42456542;27898634;960442;0;1601
FR;1;2022-04-22;1527;3093;15217;35507;1927;14795;36705;0;120;42552471;41324403;25709184;830402;42458469;27913429;997147;0;1721
FR;1;2022-04-23;767;1588;6738;9894;925;6644;10578;0;30;42553238;41325991;25715922;840296;42459394;27920073;1007725;0;1751
FR;1;2022-04-24;195;378;1376;1524;242;1329;1749;0;7;42553433;41326369;25717298;841820;42459636;27921402;1009474;0;1758
FR;1;2022-04-25;1042;2132;9858;19736;1255;9758;20558;0;64;42554475;41328501;25727156;861556;42460891;27931160;1030032;0;1822
FR;1;2022-04-26;1351;2627;12608;36640;1608;12207;37228;0;163;42555826;41331128;25739764;898196;42462499;27943367;1067260;0;1985
FR;1;2022-04-27;1330;2408;10654;29290;1468;10790;29675;0;123;42557156;41333536;25750418;927486;42463967;27954157;1096935;0;2108
FR;1;2022-04-28;1284;2418;11565;34323;1524;11406;34473;0;127;42558440;41335954;25761983;961809;42465491;27965563;1131408;0;2235
FR;1;2022-04-29;1615;4296;14407;35563;3169;13859;36853;0;153;42560055;41340250;25776390;997372;42468660;27979422;1168261;0;2388
FR;1;2022-04-30;841;4336;6448;9173;3763;6292;9974;0;35;42560896;41344586;25782838;1006545;42472423;27985714;1178235;0;2423
FR;1;2022-05-01;178;288;832;951;190;826;1080;0;5;42561074;41344874;25783670;1007496;42472613;27986540;1179315;0;2428
FR;1;2022-05-02;2097;2617;10381;16953;1772;10306;17634;0;64;42563171;41347491;25794051;1024449;42474385;27996846;1196949;0;2492
FR;1;2022-05-03;1687;2879;12712;32915;1763;12604;33714;0;149;42564858;41350370;25806763;1057364;42476148;28009450;1230663;0;2641
FR;1;2022-05-04;1381;2751;11234;23826;1695;11396;24365;0;96;42566239;41353121;25817997;1081190;42477843;28020846;1255028;0;2737
FR;1;2022-05-05;1500;2738;12201;31862;1722;12124;32410;0;170;42567739;41355859;25830198;1113052;42479565;28032970;1287438;0;2907
FR;1;2022-05-06;1822;3242;14242;34941;1919;13826;36203;0;166;42569561;41359101;25844440;1147993;42481484;28046796;1323641;0;3073
FR;1;2022-05-07;860;1473;5979;9097;878;6013;9731;0;44;42570421;41360574;25850419;1157090;42482362;28052809;1333372;0;3117
FR;1;2022-05-08;190;329;1062;1472;221;1124;1548;0;8;42570611;41360903;25851481;1158562;42482583;28053933;1334920;0;3125
FR;1;2022-05-09;1167;2019;9250;19262;1159;9165;20034;0;93;42571778;41362922;25860731;1177824;42483742;28063098;1354954;0;3218
FR;1;2022-05-10;1511;3050;12616;37145;1961;12215;38043;0;177;42573289;41365972;25873347;1214969;42485703;28075313;1392997;0;3395
FR;1;2022-05-11;1441;2478;9912;26042;1696;9860;26559;0;138;42574730;41368450;25883259;1241011;42487399;28085173;1419556;0;3533
FR;1;2022-05-12;1326;2455;10526;33632;1547;10229;34275;0;188;42576056;41370905;25893785;1274643;42488946;28095402;1453831;0;3721
FR;1;2022-05-13;1618;2806;12770;35855;1684;12418;36950;0;149;42577674;41373711;25906555;1310498;42490630;28107820;1490781;0;3870
FR;1;2022-05-14;783;1329;5481;10217;815;5365;10732;0;51;42578457;41375040;25912036;1320715;42491445;28113185;1501513;0;3921
FR;1;2022-05-15;223;422;1182;1352;246;1252;1497;0;5;42578680;41375462;25913218;1322067;42491691;28114437;1503010;0;3926
FR;1;2022-05-16;972;1786;8080;20138;1005;8144;20550;0;117;42579652;41377248;25921298;1342205;42492696;28122581;1523560;0;4043
FR;1;2022-05-17;1296;2303;11126;36187;1386;10730;36973;0;172;42580948;41379551;25932424;1378392;42494082;28133311;1560533;0;4215
FR;1;2022-05-18;1313;2136;9041;25730;1368;8991;26289;0;99;42582261;41381687;25941465;1404122;42495450;28142302;1586822;0;4314
FR;1;2022-05-19;1204;2404;9857;34000;1413;9952;34203;0;150;42583465;41384091;25951322;1438122;42496863;28152254;1621025;0;4464
FR;1;2022-05-20;1563;2757;12532;37655;1720;12113;38515;0;151;42585028;41386848;25963854;1475777;42498583;28164367;1659540;0;4615
FR;1;2022-05-21;775;1387;5247;9374;879;5164;9944;0;37;42585803;41388235;25969101;1485151;42499462;28169531;1669484;0;4652
FR;1;2022-05-22;194;292;953;1397;204;952;1520;0;10;42585997;41388527;25970054;1486548;42499666;28170483;1671004;0;4662
FR;1;2022-05-23;971;1891;8371;19438;1179;8347;20055;0;79;42586968;41390418;25978425;1505986;42500845;28178830;1691059;0;4741
FR;1;2022-05-24;1289;2448;10728;37252;1440;10598;37825;0;173;42588257;41392866;25989153;1543238;42502285;28189428;1728884;0;4914
FR;1;2022-05-25;1272;2300;8793;23694;1425;8957;24056;0;111;42589529;41395166;25997946;1566932;42503710;28198385;1752940;0;5025
FR;1;2022-05-26;175;385;1585;1155;261;1580;1288;0;24;42589704;41395551;25999531;1568087;42503971;28199965;1754228;0;5049
FR;1;2022-05-27;1120;2192;8789;20457;1377;8537;21410;0;84;42590824;41397743;26008320;1588544;42505348;28208502;1775638;0;5133
FR;1;2022-05-28;486;1059;3692;6543;627;3729;6930;0;37;42591310;41398802;26012012;1595087;42505975;28212231;1782568;0;5170
FR;1;2022-05-29;121;257;707;896;149;718;1005;0;4;42591431;41399059;26012719;1595983;42506124;28212949;1783573;0;5174
FR;1;2022-05-30;832;1744;6559;18536;1045;6592;18990;0;85;42592263;41400803;26019278;1614519;42507169;28219541;1802563;0;5259
FR;1;2022-05-31;1266;2239;9248;34376;1370;9118;34976;0;159;42593529;41403042;26028526;1648895;42508539;28228659;1837539;0;5418
FR;1;2022-06-01;1335;2605;10439;23460;1752;10302;24307;0;116;42594864;41405647;26038965;1672355;42510291;28238961;1861846;0;5534
FR;1;2022-06-02;1228;2309;10666;34153;1448;10244;34986;0;162;42596092;41407956;26049631;1706508;42511739;28249205;1896832;0;5696
FR;1;2022-06-03;1447;2749;12735;37111;1740;12156;38287;0;157;42597539;41410705;26062366;1743619;42513479;28261361;1935119;0;5853
FR;1;2022-06-04;686;1262;4750;8677;759;4826;9167;0;62;42598225;41411967;26067116;1752296;42514238;28266187;1944286;0;5915
FR;1;2022-06-05;134;292;811;1049;150;835;1154;0;3;42598359;41412259;26067927;1753345;42514388;28267022;1945440;0;5918
FR;1;2022-06-06;839;1196;2028;1252;1018;2047;1427;0;9;42599198;41413455;26069955;1754597;42515406;28269069;1946867;0;5927
FR;1;2022-06-07;1264;2343;9184;34056;1440;8844;35155;0;143;42600462;41415798;26079139;1788653;42516846;28277913;1982022;0;6070
FR;1;2022-06-08;1138;2239;8682;27613;1402;8566;28484;0;107;42601600;41418037;26087821;1816266;42518248;28286479;2010506;0;6177
FR;1;2022-06-09;1076;2151;9987;37569;1282;9672;38336;0;148;42602676;41420188;26097808;1853835;42519530;28296151;2048842;0;6325
FR;1;2022-06-10;1336;2860;12424;43134;1823;12015;44363;0;200;42604012;41423048;26110232;1896969;42521353;28308166;2093205;0;6525
FR;1;2022-06-11;661;1450;5136;11085;797;5185;11614;0;50;42604673;41424498;26115368;1908054;42522150;28313351;2104819;0;6575
FR;1;2022-06-12;157;377;1019;1687;189;1077;1788;0;11;42604830;41424875;26116387;1909741;42522339;28314428;2106607;0;6586
FR;1;2022-06-13;948;1840;7014;22226;1135;6871;23067;0;84;42605778;41426715;26123401;1931967;42523474;28321299;2129674;0;6670
FR;1;2022-06-14;1117;2232;9840;42851;1312;9243;43943;0;186;42606895;41428947;26133241;1974818;42524786;28330542;2173617;0;6856
FR;1;2022-06-15;1094;2011;8788;29393;1362;8476;29941;0;169;42607989;41430958;26142029;2004211;42526148;28339018;2203558;0;7025
FR;1;2022-06-16;959;1840;9404;38510;1061;8882;39417;0;188;42608948;41432798;26151433;2042721;42527209;28347900;2242975;0;7213
FR;1;2022-06-17;1229;2568;11916;44864;1483;11382;46004;0;224;42610177;41435366;26163349;2087585;42528692;28359282;2288979;0;7437
FR;1;2022-06-18;564;1277;4319;10544;717;4258;11086;0;62;42610741;41436643;26167668;2098129;42529409;28363540;2300065;0;7499
FR;1;2022-06-19;137;325;1003;1543;173;1082;1609;0;12;42610878;41436968;26168671;2099672;42529582;28364622;2301674;0;7511
FR;1;2022-06-20;861;1709;8493;25049;1008;8157;25910;0;146;42611739;41438677;26177164;2124721;42530590;28372779;2327584;0;7657
FR;1;2022-06-21;1102;2140;9765;47760;1256;8856;49105;0;241;42612841;41440817;26186929;2172481;42531846;28381635;2376689;0;7898
FR;1;2022-06-22;1045;2073;8442;37162;1300;7963;38022;0;231;42613886;41442890;26195371;2209643;42533146;28389598;2414711;0;8129
FR;1;2022-06-23;1054;2181;10124;52819;1210;9408;53828;0;290;42614940;41445071;26205495;2262462;42534356;28399006;2468539;0;8419
FR;1;2022-06-24;1256;2719;12916;65969;1487;11700;67641;0;367;42616196;41447790;26218411;2328431;42535843;28410706;2536180;0;8786
FR;1;2022-06-25;685;1506;5931;18922;792;5713;19721;0;163;42616881;41449296;26224342;2347353;42536635;28416419;2555901;0;8949
FR;1;2022-06-26;167;406;1817;3494;191;1713;3730;0;34;42617048;41449702;26226159;2350847;42536826;28418132;2559631;0;8983
FR;1;2022-06-27;945;1777;9901;45979;943;9127;47114;0;300;42617993;41451479;26236060;2396826;42537769;28427259;2606745;0;9283
FR;1;2022-06-28;1215;2576;13844;86577;1381;12406;88264;0;569;42619208;41454055;26249904;2483403;42539150;28439665;2695009;0;9852
FR;1;2022-06-29;1242;2295;11482;67402;1259;10549;68447;0;487;42620450;41456350;26261386;2550805;42540409;28450214;2763456;0;10339
FR;1;2022-06-30;1290;2486;13518;89967;1437;11828;91769;0;645;42621740;41458836;26274904;2640772;42541846;28462042;2855225;0;10984
FR;1;2022-07-01;1659;3482;20314;109200;1992;17970;111596;0;859;42623399;41462318;26295218;2749972;42543838;28480012;2966821;0;11843
FR;1;2022-07-02;770;1527;8024;33776;751;7253;34802;0;315;42624169;41463845;26303242;2783748;42544589;28487265;3001623;0;12158
FR;1;2022-07-03;229;480;1943;6118;257;1759;6444;0;71;42624398;41464325;26305185;2789866;42544846;28489024;3008067;0;12229
FR;1;2022-07-04;1669;3179;13935;75420;2063;12362;77309;0;589;42626067;41467504;26319120;2865286;42546909;28501386;3085376;0;12818
FR;1;2022-07-05;1506;2858;17691;126371;1512;15147;128485;0;1060;42627573;41470362;26336811;2991657;42548421;28516533;3213861;0;13878
FR;1;2022-07-06;1376;2405;14888;93747;1384;12912;95183;0;815;42628949;41472767;26351699;3085404;42549805;28529445;3309044;0;14693
FR;1;2022-07-07;1444;2539;16938;119493;1407;14009;121588;0;1074;42630393;41475306;26368637;3204897;42551212;28543454;3430632;0;15767
FR;1;2022-07-08;1534;2823;19608;130003;1541;15971;132808;0;1220;42631927;41478129;26388245;3334900;42552753;28559425;3563440;0;16987
FR;1;2022-07-09;663;1281;7310;36022;699;6353;36809;0;392;42632590;41479410;26395555;3370922;42553452;28565778;3600249;0;17379
FR;1;2022-07-10;245;657;2240;6689;412;2032;7068;0;89;42632835;41480067;26397795;3377611;42553864;28567810;3607317;0;17468
FR;1;2022-07-11;1239;2243;14320;84455;1178;11942;86565;0;734;42634074;41482310;26412115;3462066;42555042;28579752;3693882;0;18202
FR;1;2022-07-12;1604;2804;19464;137423;1441;15902;139914;0;1485;42635678;41485114;26431579;3599489;42556483;28595654;3833796;0;19687
FR;1;2022-07-13;1461;2439;14791;89838;1316;12644;91523;0;1002;42637139;41487553;26446370;3689327;42557799;28608298;3925319;0;20689
FR;1;2022-07-14;162;350;1865;5290;195;1774;5437;0;74;42637301;41487903;26448235;3694617;42557994;28610072;3930756;0;20763
FR;1;2022-07-15;1266;2319;14364;80599;1206;12007;82603;0;960;42638567;41490222;26462599;3775216;42559200;28622079;4013359;0;21723
FR;1;2022-07-16;514;1064;5641;23949;556;4894;24590;0;302;42639081;41491286;26468240;3799165;42559756;28626973;4037949;0;22025
FR;1;2022-07-17;163;369;1656;4464;193;1501;4727;0;60;42639244;41491655;26469896;3803629;42559949;28628474;4042676;0;22085
FR;1;2022-07-18;975;2036;11301;59281;1147;9571;61005;0;715;42640219;41493691;26481197;3862910;42561096;28638045;4103681;0;22800
FR;1;2022-07-19;1235;2132;14695;99429;1196;11727;101426;0;1386;42641454;41495823;26495892;3962339;42562292;28649772;4205107;0;24186
FR;1;2022-07-20;1184;2007;12372;74374;1173;10283;75859;0;964;42642638;41497830;26508264;4036713;42563465;28660055;4280966;0;25150
FR;1;2022-07-21;1137;1954;12418;84546;1188;9994;85911;0;1211;42643775;41499784;26520682;4121259;42564653;28670049;4366877;0;26361
FR;1;2022-07-22;1273;2245;14111;85963;1256;11434;87688;0;1264;42645048;41502029;26534793;4207222;42565909;28681483;4454565;0;27625
FR;1;2022-07-23;548;1093;5236;21296;634;4610;21841;0;373;42645596;41503122;26540029;4228518;42566543;28686093;4476406;0;27998
FR;1;2022-07-24;148;306;1327;3700;153;1168;3925;0;65;42645744;41503428;26541356;4232218;42566696;28687261;4480331;0;28063
FR;1;2022-07-25;890;1634;9076;46124;984;7526;47497;0;680;42646634;41505062;26550432;4278342;42567680;28694787;4527828;0;28743
FR;1;2022-07-26;1136;1964;12681;81968;1121;10336;83582;0;1198;42647770;41507026;26563113;4360310;42568801;28705123;4611410;0;29941
FR;1;2022-07-27;1021;1729;9760;58521;1046;8138;59702;0;874;42648791;41508755;26572873;4418831;42569847;28713261;4671112;0;30815
FR;1;2022-07-28;982;1705;9857;61913;1113;7854;63139;0;967;42649773;41510460;26582730;4480744;42570960;28721115;4734251;0;31782
FR;1;2022-07-29;1112;1845;10461;62989;1171;8385;64303;0;1066;42650885;41512305;26593191;4543733;42572131;28729500;4798554;0;32848
FR;1;2022-07-30;395;726;3349;14491;442;2849;14851;0;279;42651280;41513031;26596540;4558224;42572573;28732349;4813405;0;33127
FR;1;2022-07-31;141;264;900;2335;159;766;2477;0;47;42651421;41513295;26597440;4560559;42572732;28733115;4815882;0;33174
FR;1;2022-08-01;874;1472;7260;28967;1086;6122;29960;0;519;42652295;41514767;26604700;4589526;42573818;28739237;4845842;0;33693
FR;1;2022-08-02;928;1486;8237;54037;999;6633;54687;0;1091;42653223;41516253;26612937;4643563;42574817;28745870;4900529;0;34784
FR;1;2022-08-03;738;1107;6157;37044;752;4939;37774;0;645;42653961;41517360;26619094;4680607;42575569;28750809;4938303;0;35429
FR;1;2022-08-04;651;1080;6263;41453;696;5058;42007;0;850;42654612;41518440;26625357;4722060;42576265;28755867;4980310;0;36279
FR;1;2022-08-05;743;1198;6766;43078;809;5436;43706;0;933;42655355;41519638;26632123;4765138;42577074;28761303;5024016;0;37212
FR;1;2022-08-06;277;463;1993;8999;303;1674;9191;0;218;42655632;41520101;26634116;4774137;42577377;28762977;5033207;0;37430
FR;1;2022-08-07;89;148;520;1557;104;436;1630;0;35;42655721;41520249;26634636;4775694;42577481;28763413;5034837;0;37465
FR;1;2022-08-08;575;1076;3806;21229;831;3140;21627;0;457;42656296;41521325;26638442;4796923;42578312;28766553;5056464;0;37922
FR;1;2022-08-09;668;1056;5683;38473;746;4558;38967;0;794;42656964;41522381;26644125;4835396;42579058;28771111;5095431;0;38716
FR;1;2022-08-10;568;1183;4434;26915;884;3635;27228;0;601;42657532;41523564;26648559;4862311;42579942;28774746;5122659;0;39317
FR;1;2022-08-11;566;920;4314;28210;632;3588;28538;0;634;42658098;41524484;26652873;4890521;42580574;28778334;5151197;0;39951
FR;1;2022-08-12;732;1042;4555;27171;719;3762;27583;0;668;42658830;41525526;26657428;4917692;42581293;28782096;5178780;0;40619
FR;1;2022-08-13;318;371;1248;5111;263;1066;5282;0;116;42659148;41525897;26658676;4922803;42581556;28783162;5184062;0;40735
FR;1;2022-08-14;67;115;277;871;96;236;941;0;24;42659215;41526012;26658953;4923674;42581652;28783398;5185003;0;40759
FR;1;2022-08-15;112;216;574;542;185;535;593;0;16;42659327;41526228;26659527;4924216;42581837;28783933;5185596;0;40775
FR;1;2022-08-16;550;953;3792;21490;712;3221;21691;0;582;42659877;41527181;26663319;4945706;42582549;28787154;5207287;0;41357
FR;1;2022-08-17;548;915;3769;22149;682;3195;22391;0;579;42660425;41528096;26667088;4967855;42583231;28790349;5229678;0;41936
FR;1;2022-08-18;562;898;3942;25451;699;3141;25673;0;630;42660987;41528994;26671030;4993306;42583930;28793490;5255351;0;42566
FR;1;2022-08-19;537;1050;4369;26547;749;3601;26855;0;732;42661524;41530044;26675399;5019853;42584679;28797091;5282206;0;43298
FR;1;2022-08-20;250;422;1290;5371;322;1107;5524;0;138;42661774;41530466;26676689;5025224;42585001;28798198;5287730;0;43436
FR;1;2022-08-21;84;112;287;990;77;253;1013;0;27;42661858;41530578;26676976;5026214;42585078;28798451;5288743;0;43463
FR;1;2022-08-22;511;899;3141;14956;673;2713;15232;0;411;42662369;41531477;26680117;5041170;42585751;28801164;5303975;0;43874
FR;1;2022-08-23;655;1063;4154;28323;747;3486;28404;0;830;42663024;41532540;26684271;5069493;42586498;28804650;5332379;0;44704
FR;1;2022-08-24;568;838;3403;19069;660;2772;19254;0;587;42663592;41533378;26687674;5088562;42587158;28807422;5351633;0;45291
FR;1;2022-08-25;565;936;3831;22919;653;3214;23148;0;655;42664157;41534314;26691505;5111481;42587811;28810636;5374781;0;45946
FR;1;2022-08-26;754;1137;4350;25157;810;3568;25532;0;745;42664911;41535451;26695855;5136638;42588621;28814204;5400313;0;46691
FR;1;2022-08-27;221;432;1324;5308;277;1191;5362;0;192;42665132;41535883;26697179;5141946;42588898;28815395;5405675;0;46883
FR;1;2022-08-28;113;147;298;899;106;280;948;0;33;42665245;41536030;26697477;5142845;42589004;28815675;5406623;0;46916
FR;1;2022-08-29;505;858;2979;14256;635;2519;14566;0;409;42665750;41536888;26700456;5157101;42589639;28818194;5421189;0;47325
FR;1;2022-08-30;745;1111;4626;27712;788;3776;28033;0;793;42666495;41537999;26705082;5184813;42590427;28821970;5449222;0;48118
FR;1;2022-08-31;587;835;3114;17241;614;2624;17503;0;483;42667082;41538834;26708196;5202054;42591041;28824594;5466725;0;48601
FR;1;2022-09-01;698;927;4333;21885;652;3693;22147;0;587;42667780;41539761;26712529;5223939;42591693;28828287;5488872;0;49188
FR;1;2022-09-02;858;1061;4886;27865;760;4083;28153;0;882;42668638;41540822;26717415;5251804;42592453;28832370;5517025;0;50070
FR;1;2022-09-03;321;511;1833;5876;349;1595;6105;0;174;42668959;41541333;26719248;5257680;42592802;28833965;5523130;0;50244
FR;1;2022-09-04;109;137;341;845;73;334;915;0;21;42669068;41541470;26719589;5258525;42592875;28834299;5524045;0;50265
FR;1;2022-09-05;706;871;3050;15698;694;2556;15982;0;499;42669774;41542341;26722639;5274223;42593569;28836855;5540027;0;50764
FR;1;2022-09-06;832;965;4572;31063;612;3712;31284;0;1002;42670606;41543306;26727211;5305286;42594181;28840567;5571311;0;51766
FR;1;2022-09-07;607;703;2921;16444;465;2425;16581;0;550;42671213;41544009;26730132;5321730;42594646;28842992;5587892;0;52316
FR;1;2022-09-08;582;796;3701;24224;543;3041;24305;0;796;42671795;41544805;26733833;5345954;42595189;28846033;5612197;0;53112
FR;1;2022-09-09;777;976;4307;26897;616;3597;27078;0;903;42672572;41545781;26738140;5372851;42595805;28849630;5639275;0;54015
FR;1;2022-09-10;348;572;1679;5590;402;1479;5782;0;203;42672920;41546353;26739819;5378441;42596207;28851109;5645057;0;54218
FR;1;2022-09-11;106;120;313;646;82;293;703;0;17;42673026;41546473;26740132;5379087;42596289;28851402;5645760;0;54235
FR;1;2022-09-12;482;606;2616;12954;427;2233;13234;0;462;42673508;41547079;26742748;5392041;42596716;28853635;5658994;0;54697
FR;1;2022-09-13;640;829;3868;25845;540;3382;25719;0;834;42674148;41547908;26746616;5417886;42597256;28857017;5684713;0;55531
FR;1;2022-09-14;623;724;2881;15702;508;2412;15938;0;537;42674771;41548632;26749497;5433588;42597764;28859429;5700651;0;56068
FR;1;2022-09-15;532;774;3342;23092;547;2847;23156;0;679;42675303;41549406;26752839;5456680;42598311;28862276;5723807;0;56747
FR;1;2022-09-16;726;944;4018;25347;628;3390;25549;0;891;42676029;41550350;26756857;5482027;42598939;28865666;5749356;0;57638
FR;1;2022-09-17;303;428;1397;5979;300;1222;6087;0;227;42676332;41550778;26758254;5488006;42599239;28866888;5755443;0;57865
FR;1;2022-09-18;99;126;310;924;103;278;980;0;34;42676431;41550904;26758564;5488930;42599342;28867166;5756423;0;57899
FR;1;2022-09-19;400;577;2142;12864;379;1837;13018;0;414;42676831;41551481;26760706;5501794;42599721;28869003;5769441;0;58313
FR;1;2022-09-20;564;838;3669;25830;586;3066;25870;0;854;42677395;41552319;26764375;5527624;42600307;28872069;5795311;0;59167
FR;1;2022-09-21;484;690;2628;15862;490;2256;15826;0;561;42677879;41553009;26767003;5543486;42600797;28874325;5811137;0;59728
FR;1;2022-09-22;549;775;3295;22968;514;2694;23156;0;744;42678428;41553784;26770298;5566454;42601311;28877019;5834293;0;60472
FR;1;2022-09-23;767;944;4353;28163;678;3634;28326;0;981;42679195;41554728;26774651;5594617;42601989;28880653;5862619;0;61453
FR;1;2022-09-24;356;539;1590;6706;379;1372;6880;0;300;42679551;41555267;26776241;5601323;42602368;28882025;5869499;0;61753
FR;1;2022-09-25;81;157;321;1072;111;293;1110;0;32;42679632;41555424;26776562;5602395;42602479;28882318;5870609;0;61785
FR;1;2022-09-26;383;654;2182;13077;432;1935;13171;0;412;42680015;41556078;26778744;5615472;42602911;28884253;5883780;0;62197
FR;1;2022-09-27;542;767;3458;25025;541;2794;25223;0;906;42680557;41556845;26782202;5640497;42603452;28887047;5909003;0;63103
FR;1;2022-09-28;525;720;2448;14971;507;2217;15060;0;597;42681082;41557565;26784650;5655468;42603959;28889264;5924063;0;63700
FR;1;2022-09-29;504;697;2999;20365;487;2523;20380;0;767;42681586;41558262;26787649;5675833;42604446;28891787;5944443;0;64467
FR;1;2022-09-30;694;995;3776;24429;703;3160;24677;0;970;42682280;41559257;26791425;5700262;42605149;28894947;5969120;0;65437
FR;1;2022-10-01;352;610;1905;5507;446;1659;5733;0;273;42682632;41559867;26793330;5705769;42605595;28896606;5974853;0;65710
FR;1;2022-10-02;56;120;204;568;82;204;589;0;29;42682688;41559987;26793534;5706337;42605677;28896810;5975442;0;65739
FR;1;2022-10-03;527;869;2225;10042;713;1985;10210;0;489;42683215;41560856;26795759;5716379;42606390;28898795;5985652;0;66228
FR;1;2022-10-04;641;738;2930;18922;506;2481;19010;0;1086;42683856;41561594;26798689;5735301;42606896;28901276;6004662;0;67314
FR;1;2022-10-05;481;726;2099;11114;500;1872;11243;0;723;42684337;41562320;26800788;5746415;42607396;28903148;6015905;0;68037
FR;1;2022-10-06;451;643;2497;15777;465;2062;15959;0;1062;42684788;41562963;26803285;5762192;42607861;28905210;6031864;0;69099
FR;1;2022-10-07;557;770;2693;16068;569;2310;16092;0;1161;42685345;41563733;26805978;5778260;42608430;28907520;6047956;0;70260
FR;1;2022-10-08;242;315;888;3171;248;776;3276;0;291;42685587;41564048;26806866;5781431;42608678;28908296;6051232;0;70551
FR;1;2022-10-09;76;88;151;461;78;135;487;0;51;42685663;41564136;26807017;5781892;42608756;28908431;6051719;0;70602
FR;1;2022-10-10;313;556;1323;4999;463;1240;5095;0;463;42685976;41564692;26808340;5786891;42609219;28909671;6056814;0;71065
FR;1;2022-10-11;334;456;1316;8086;341;1198;8187;0;758;42686310;41565148;26809656;5794977;42609560;28910869;6065001;0;71823
FR;1;2022-10-12;346;480;1078;5222;367;1075;5239;0;521;42686656;41565628;26810734;5800199;42609927;28911944;6070240;0;72344
FR;1;2022-10-13;336;449;1078;6099;359;935;6146;0;629;42686992;41566077;26811812;5806298;42610286;28912879;6076386;0;72973
FR;1;2022-10-14;412;552;1175;6711;467;1048;6780;0;676;42687404;41566629;26812987;5813009;42610753;28913927;6083166;0;73649
FR;1;2022-10-15;212;341;531;1860;293;514;1868;0;226;42687616;41566970;26813518;5814869;42611046;28914441;6085034;0;73875
FR;1;2022-10-16;47;67;111;296;48;118;315;0;48;42687663;41567037;26813629;5815165;42611094;28914559;6085349;0;73923
FR;1;2022-10-17;237;335;740;2653;267;696;2698;0;366;42687900;41567372;26814369;5817818;42611361;28915255;6088047;0;74289
FR;1;2022-10-18;265;319;954;4596;257;833;4698;0;866;42688165;41567691;26815323;5822414;42611618;28916088;6092745;0;75155
FR;1;2022-10-19;286;404;697;3185;337;666;3164;0;502;42688451;41568095;26816020;5825599;42611955;28916754;6095909;0;75657
FR;1;2022-10-20;288;352;903;4369;299;795;4404;0;771;42688739;41568447;26816923;5829968;42612254;28917549;6100313;0;76428
FR;1;2022-10-21;304;420;847;3806;371;743;3878;0;675;42689043;41568867;26817770;5833774;42612625;28918292;6104191;0;77103
FR;1;2022-10-22;135;184;306;1253;162;300;1218;0;210;42689178;41569051;26818076;5835027;42612787;28918592;6105409;0;77313
FR;1;2022-10-23;33;43;65;197;41;59;213;0;25;42689211;41569094;26818141;5835224;42612828;28918651;6105622;0;77338
FR;1;2022-10-24;272;236;479;1603;204;476;1660;0;306;42689483;41569330;26818620;5836827;42613032;28919127;6107282;0;77644
FR;1;2022-10-25;222;258;526;2651;227;447;2707;0;487;42689705;41569588;26819146;5839478;42613259;28919574;6109989;0;78131
FR;1;2022-10-26;235;251;393;1958;239;370;1965;0;438;42689940;41569839;26819539;5841436;42613498;28919944;6111954;0;78569
FR;1;2022-10-27;260;234;490;2167;206;509;2151;0;518;42690200;41570073;26820029;5843603;42613704;28920453;6114105;0;79087
FR;1;2022-10-28;312;332;534;2335;311;471;2402;0;478;42690512;41570405;26820563;5845938;42614015;28920924;6116507;0;79565
FR;1;2022-10-29;99;155;176;712;125;210;703;0;203;42690611;41570560;26820739;5846650;42614140;28921134;6117210;0;79768
FR;1;2022-10-30;38;48;62;184;40;56;189;0;38;42690649;41570608;26820801;5846834;42614180;28921190;6117399;0;79806
FR;1;2022-10-31;135;189;295;796;168;273;863;0;143;42690784;41570797;26821096;5847630;42614348;28921463;6118262;0;79949
FR;1;2022-11-01;67;133;767;115;115;767;134;0;19;42690851;41570930;26821863;5847745;42614463;28922230;6118396;0;79968
FR;1;2022-11-02;269;245;530;985;241;496;1048;0;356;42691120;41571175;26822393;5848730;42614704;28922726;6119444;0;80324
FR;1;2022-11-03;272;238;442;1379;223;403;1418;0;377;42691392;41571413;26822835;5850109;42614927;28923129;6120862;0;80701
FR;1;2022-11-04;232;262;424;1597;242;401;1637;0;438;42691624;41571675;26823259;5851706;42615169;28923530;6122499;0;81139
FR;1;2022-11-05;100;128;273;503;117;255;525;0;111;42691724;41571803;26823532;5852209;42615286;28923785;6123024;0;81250
FR;1;2022-11-06;36;47;32;131;46;35;129;0;33;42691760;41571850;26823564;5852340;42615332;28923820;6123153;0;81283
FR;1;2022-11-07;213;269;325;899;256;318;944;0;211;42691973;41572119;26823889;5853239;42615588;28924138;6124097;0;81494
FR;1;2022-11-08;233;262;472;1709;250;417;1738;0;524;42692206;41572381;26824361;5854948;42615838;28924555;6125835;0;82018
FR;1;2022-11-09;195;254;337;1104;242;303;1141;0;477;42692401;41572635;26824698;5856052;42616080;28924858;6126976;0;82495
FR;1;2022-11-10;215;365;434;1680;357;442;1669;0;605;42692616;41573000;26825132;5857732;42616437;28925300;6128645;0;83100
FR;1;2022-11-11;34;47;105;100;45;91;114;0;44;42692650;41573047;26825237;5857832;42616482;28925391;6128759;0;83144
FR;1;2022-11-12;95;150;257;375;137;256;390;0;101;42692745;41573197;26825494;5858207;42616619;28925647;6129149;0;83245
FR;1;2022-11-13;25;56;28;64;53;31;66;0;26;42692770;41573253;26825522;5858271;42616672;28925678;6129215;0;83271
FR;1;2022-11-14;173;183;271;768;171;275;838;0;235;42692943;41573436;26825793;5859039;42616843;28925953;6130053;0;83506
FR;1;2022-11-15;227;397;394;1300;396;372;1338;0;436;42693170;41573833;26826187;5860339;42617239;28926325;6131391;0;83942
FR;1;2022-11-16;197;271;335;983;265;349;1017;0;359;42693367;41574104;26826522;5861322;42617504;28926674;6132408;0;84301
FR;1;2022-11-17;171;209;297;1207;203;273;1211;0;387;42693538;41574313;26826819;5862529;42617707;28926947;6133619;0;84688
FR;1;2022-11-18;229;268;394;1315;260;383;1349;0;411;42693767;41574581;26827213;5863844;42617967;28927330;6134968;0;85099
FR;1;2022-11-19;120;115;249;441;114;214;474;0;102;42693887;41574696;26827462;5864285;42618081;28927544;6135442;0;85201
FR;1;2022-11-20;35;127;31;66;123;33;74;0;28;42693922;41574823;26827493;5864351;42618204;28927577;6135516;0;85229
FR;1;2022-11-21;175;170;271;640;143;287;677;0;211;42694097;41574993;26827764;5864991;42618347;28927864;6136193;0;85440
FR;1;2022-11-22;157;168;417;1160;151;398;1185;0;409;42694254;41575161;26828181;5866151;42618498;28928262;6137378;0;85849
FR;1;2022-11-23;179;185;246;763;169;247;786;0;241;42694433;41575346;26828427;5866914;42618667;28928509;6138164;0;86090
FR;1;2022-11-24;138;170;288;1203;151;300;1207;0;440;42694571;41575516;26828715;5868117;42618818;28928809;6139371;0;86530
FR;1;2022-11-25;210;246;426;1154;232;415;1186;0;392;42694781;41575762;26829141;5869271;42619050;28929224;6140557;0;86922
FR;1;2022-11-26;90;109;113;323;101;125;311;0;118;42694871;41575871;26829254;5869594;42619151;28929349;6140868;0;87040
FR;1;2022-11-27;21;38;19;72;28;31;78;0;49;42694892;41575909;26829273;5869666;42619179;28929380;6140946;0;87089
FR;1;2022-11-28;210;146;209;665;153;205;708;0;332;42695102;41576055;26829482;5870331;42619332;28929585;6141654;0;87421
FR;1;2022-11-29;171;145;269;1107;130;251;1119;0;458;42695273;41576200;26829751;5871438;42619462;28929836;6142773;0;87879
FR;1;2022-11-30;161;208;235;938;194;238;960;0;322;42695434;41576408;26829986;5872376;42619656;28930074;6143733;0;88201
FR;1;2022-12-01;165;158;715;1097;146;680;1146;0;379;42695599;41576566;26830701;5873473;42619802;28930754;6144879;0;88580
FR;1;2022-12-02;200;199;516;1186;194;512;1234;0;470;42695799;41576765;26831217;5874659;42619996;28931266;6146113;0;89050
FR;1;2022-12-03;102;111;262;532;99;240;529;0;180;42695901;41576876;26831479;5875191;42620095;28931506;6146642;0;89230
FR;1;2022-12-04;27;27;19;138;24;20;129;0;58;42695928;41576903;26831498;5875329;42620119;28931526;6146771;0;89288
FR;1;2022-12-05;147;158;304;867;155;298;899;0;316;42696075;41577061;26831802;5876196;42620274;28931824;6147670;0;89604
FR;1;2022-12-06;156;165;274;1449;151;279;1455;0;739;42696231;41577226;26832076;5877645;42620425;28932103;6149125;0;90343
FR;1;2022-12-07;155;166;256;1187;175;236;1203;0;576;42696386;41577392;26832332;5878832;42620600;28932339;6150328;0;90919
FR;1;2022-12-08;130;143;302;1756;135;259;1797;0;765;42696516;41577535;26832634;5880588;42620735;28932598;6152125;0;91684
FR;1;2022-12-09;202;196;356;1815;169;364;1836;0;721;42696718;41577731;26832990;5882403;42620904;28932962;6153961;0;92405
FR;1;2022-12-10;116;140;341;856;127;324;877;0;292;42696834;41577871;26833331;5883259;42621031;28933286;6154838;0;92697
FR;1;2022-12-11;31;30;32;218;27;30;200;0;62;42696865;41577901;26833363;5883477;42621058;28933316;6155038;0;92759
FR;1;2022-12-12;128;103;295;1099;99;283;1111;0;457;42696993;41578004;26833658;5884576;42621157;28933599;6156149;0;93216
FR;1;2022-12-13;125;127;292;1307;101;267;1321;0;618;42697118;41578131;26833950;5885883;42621258;28933866;6157470;0;93834
FR;1;2022-12-14;105;155;255;867;149;234;892;0;372;42697223;41578286;26834205;5886750;42621407;28934100;6158362;0;94206
FR;1;2022-12-15;139;177;453;1492;165;423;1517;0;691;42697362;41578463;26834658;5888242;42621572;28934523;6159879;0;94897
FR;1;2022-12-16;205;217;566;1344;220;551;1366;0;623;42697567;41578680;26835224;5889586;42621792;28935074;6161245;0;95520
FR;1;2022-12-17;88;93;224;467;82;219;475;0;204;42697655;41578773;26835448;5890053;42621874;28935293;6161720;0;95724
FR;1;2022-12-18;17;22;27;112;19;29;108;0;37;42697672;41578795;26835475;5890165;42621893;28935322;6161828;0;95761
FR;1;2022-12-19;151;131;249;791;139;220;834;0;381;42697823;41578926;26835724;5890956;42622032;28935542;6162662;0;96142
FR;1;2022-12-20;145;161;353;905;148;347;911;0;427;42697968;41579087;26836077;5891861;42622180;28935889;6163573;0;96569
FR;1;2022-12-21;137;111;214;638;121;180;646;0;388;42698105;41579198;26836291;5892499;42622301;28936069;6164219;0;96957
FR;1;2022-12-22;147;111;165;552;121;150;543;0;329;42698252;41579309;26836456;5893051;42622422;28936219;6164762;0;97286
FR;1;2022-12-23;130;155;456;419;138;446;426;0;182;42698382;41579464;26836912;5893470;42622560;28936665;6165188;0;97468
FR;1;2022-12-24;30;27;33;56;29;32;63;0;21;42698412;41579491;26836945;5893526;42622589;28936697;6165251;0;97489
FR;1;2022-12-25;4;11;20;12;12;14;15;0;11;42698416;41579502;26836965;5893538;42622601;28936711;6165266;0;97500
FR;1;2022-12-26;94;90;248;251;89;253;257;0;93;42698510;41579592;26837213;5893789;42622690;28936964;6165523;0;97593
FR;1;2022-12-27;117;159;310;387;150;316;402;0;180;42698627;41579751;26837523;5894176;42622840;28937280;6165925;0;97773
FR;1;2022-12-28;106;143;203;270;128;206;281;0;126;42698733;41579894;26837726;5894446;42622968;28937486;6166206;0;97899
FR;1;2022-12-29;105;103;154;282;103;153;303;0;114;42698838;41579997;26837880;5894728;42623071;28937639;6166509;0;98013
FR;1;2022-12-30;126;123;88;258;115;93;268;0;143;42698964;41580120;26837968;5894986;42623186;28937732;6166777;0;98156
FR;1;2022-12-31;38;35;28;74;40;25;74;0;25;42699002;41580155;26837996;5895060;42623226;28937757;6166851;0;98181
FR;1;2023-01-01;6;12;61;22;12;57;27;0;10;42699008;41580167;26838057;5895082;42623238;28937814;6166878;0;98191
FR;1;2023-01-02;180;128;669;169;134;651;192;0;64;42699188;41580295;26838726;5895251;42623372;28938465;6167070;0;98255
FR;1;2023-01-03;164;96;368;207;94;361;215;0;146;42699352;41580391;26839094;5895458;42623466;28938826;6167285;0;98401
FR;1;2023-01-04;94;92;246;198;93;247;208;0;193;42699446;41580483;26839340;5895656;42623559;28939073;6167493;0;98594
FR;1;2023-01-05;147;123;173;334;133;174;335;0;206;42699593;41580606;26839513;5895990;42623692;28939247;6167828;0;98800
FR;1;2023-01-06;198;143;224;325;146;210;350;0;230;42699791;41580749;26839737;5896315;42623838;28939457;6168178;0;99030
FR;1;2023-01-07;106;89;175;147;92;158;164;0;92;42699897;41580838;26839912;5896462;42623930;28939615;6168342;0;99122
FR;1;2023-01-08;26;18;30;59;17;25;64;0;24;42699923;41580856;26839942;5896521;42623947;28939640;6168406;0;99146
FR;1;2023-01-09;138;121;133;135;117;141;153;0;115;42700061;41580977;26840075;5896656;42624064;28939781;6168559;0;99261
FR;1;2023-01-10;117;117;279;277;117;284;277;0;192;42700178;41581094;26840354;5896933;42624181;28940065;6168836;0;99453
FR;1;2023-01-11;105;109;91;209;118;95;221;0;96;42700283;41581203;26840445;5897142;42624299;28940160;6169057;0;99549
FR;1;2023-01-12;132;116;213;243;111;213;268;0;166;42700415;41581319;26840658;5897385;42624410;28940373;6169325;0;99715
FR;1;2023-01-13;216;160;172;285;158;171;306;0;188;42700631;41581479;26840830;5897670;42624568;28940544;6169631;0;99903
FR;1;2023-01-14;89;63;162;104;65;172;103;0;62;42700720;41581542;26840992;5897774;42624633;28940716;6169734;0;99965
FR;1;2023-01-15;23;36;31;42;33;31;46;0;30;42700743;41581578;26841023;5897816;42624666;28940747;6169780;0;99995
FR;1;2023-01-16;113;104;310;155;98;314;133;0;100;42700856;41581682;26841333;5897971;42624764;28941061;6169913;0;100095
FR;1;2023-01-17;113;100;167;214;99;164;241;0;128;42700969;41581782;26841500;5898185;42624863;28941225;6170154;0;100223
FR;1;2023-01-18;99;88;96;143;87;91;184;0;121;42701068;41581870;26841596;5898328;42624950;28941316;6170338;0;100344
FR;1;2023-01-19;113;78;103;134;77;115;134;0;135;42701181;41581948;26841699;5898462;42625027;28941431;6170472;0;100479
FR;1;2023-01-20;168;146;166;277;149;194;266;0;203;42701349;41582094;26841865;5898739;42625176;28941625;6170738;0;100682
FR;1;2023-01-21;58;71;91;85;71;102;75;0;35;42701407;41582165;26841956;5898824;42625247;28941727;6170813;0;100717
FR;1;2023-01-22;10;9;13;21;7;9;25;0;14;42701417;41582174;26841969;5898845;42625254;28941736;6170838;0;100731
FR;1;2023-01-23;88;84;108;100;87;100;119;0;85;42701505;41582258;26842077;5898945;42625341;28941836;6170957;0;100816
FR;1;2023-01-24;121;75;71;122;88;69;131;0;183;42701626;41582333;26842148;5899067;42625429;28941905;6171088;0;100999
FR;1;2023-01-25;98;118;77;108;119;77;124;0;106;42701724;41582451;26842225;5899175;42625548;28941982;6171212;0;101105
FR;1;2023-01-26;105;105;61;152;94;66;173;0;107;42701829;41582556;26842286;5899327;42625642;28942048;6171385;0;101212
FR;1;2023-01-27;172;215;104;137;231;121;137;0;200;42702001;41582771;26842390;5899464;42625873;28942169;6171522;0;101412
FR;1;2023-01-28;73;74;55;40;76;52;48;0;28;42702074;41582845;26842445;5899504;42625949;28942221;6171570;0;101440
FR;1;2023-01-29;12;22;33;10;20;31;16;0;12;42702086;41582867;26842478;5899514;42625969;28942252;6171586;0;101452
FR;1;2023-01-30;144;108;64;72;110;70;80;0;51;42702230;41582975;26842542;5899586;42626079;28942322;6171666;0;101503
FR;1;2023-01-31;122;83;65;137;72;68;149;0;142;42702352;41583058;26842607;5899723;42626151;28942390;6171815;0;101645
FR;1;2023-02-01;121;137;341;106;135;336;132;0;77;42702473;41583195;26842948;5899829;42626286;28942726;6171947;0;101722
FR;1;2023-02-02;88;92;91;106;87;98;107;0;98;42702561;41583287;26843039;5899935;42626373;28942824;6172054;0;101820
FR;1;2023-02-03;155;146;133;98;146;139;104;0;97;42702716;41583433;26843172;5900033;42626519;28942963;6172158;0;101917
FR;1;2023-02-04;50;78;72;46;85;74;47;0;24;42702766;41583511;26843244;5900079;42626604;28943037;6172205;0;101941
FR;1;2023-02-05;6;8;18;6;7;21;7;0;8;42702772;41583519;26843262;5900085;42626611;28943058;6172212;0;101949
FR;1;2023-02-06;95;75;112;77;81;114;81;0;89;42702867;41583594;26843374;5900162;42626692;28943172;6172293;0;102038
FR;1;2023-02-07;90;75;96;75;76;90;95;0;114;42702957;41583669;26843470;5900237;42626768;28943262;6172388;0;102152
FR;1;2023-02-08;83;91;60;30;90;65;34;0;51;42703040;41583760;26843530;5900267;42626858;28943327;6172422;0;102203
FR;1;2023-02-09;65;65;79;59;75;78;67;0;79;42703105;41583825;26843609;5900326;42626933;28943405;6172489;0;102282
FR;1;2023-02-10;141;129;56;72;132;68;73;0;117;42703246;41583954;26843665;5900398;42627065;28943473;6172562;0;102399
FR;1;2023-02-11;45;50;78;25;47;87;27;0;11;42703291;41584004;26843743;5900423;42627112;28943560;6172589;0;102410
FR;1;2023-02-12;8;7;9;8;11;9;9;0;9;42703299;41584011;26843752;5900431;42627123;28943569;6172598;0;102419
FR;1;2023-02-13;77;107;45;42;109;51;34;0;31;42703376;41584118;26843797;5900473;42627232;28943620;6172632;0;102450
FR;1;2023-02-14;69;70;72;50;69;76;47;0;77;42703445;41584188;26843869;5900523;42627301;28943696;6172679;0;102527
FR;1;2023-02-15;73;97;74;52;105;80;60;0;81;42703518;41584285;26843943;5900575;42627406;28943776;6172739;0;102608
FR;1;2023-02-16;60;74;112;82;62;121;86;0;73;42703578;41584359;26844055;5900657;42627468;28943897;6172825;0;102681
FR;1;2023-02-17;103;124;165;61;128;169;70;0;47;42703681;41584483;26844220;5900718;42627596;28944066;6172895;0;102728
FR;1;2023-02-18;44;56;146;41;56;152;43;0;9;42703725;41584539;26844366;5900759;42627652;28944218;6172938;0;102737
FR;1;2023-02-19;14;0;6;4;2;5;4;0;5;42703739;41584539;26844372;5900763;42627654;28944223;6172942;0;102742
FR;1;2023-02-20;74;68;50;28;72;55;32;0;16;42703813;41584607;26844422;5900791;42627726;28944278;6172974;0;102758
FR;1;2023-02-21;62;74;54;49;78;57;47;0;38;42703875;41584681;26844476;5900840;42627804;28944335;6173021;0;102796
FR;1;2023-02-22;63;77;31;18;78;35;18;0;22;42703938;41584758;26844507;5900858;42627882;28944370;6173039;0;102818
FR;1;2023-02-23;51;78;47;36;75;57;31;0;54;42703989;41584836;26844554;5900894;42627957;28944427;6173070;0;102872
FR;1;2023-02-24;93;111;39;33;112;47;34;0;37;42704082;41584947;26844593;5900927;42628069;28944474;6173104;0;102909
FR;1;2023-02-25;41;49;69;22;56;69;24;0;26;42704123;41584996;26844662;5900949;42628125;28944543;6173128;0;102935
FR;1;2023-02-26;2;3;1;2;1;3;1;0;3;42704125;41584999;26844663;5900951;42628126;28944546;6173129;0;102938
FR;1;2023-02-27;87;77;62;35;77;70;32;0;20;42704212;41585076;26844725;5900986;42628203;28944616;6173161;0;102958
FR;1;2023-02-28;85;72;33;50;68;43;52;0;32;42704297;41585148;26844758;5901036;42628271;28944659;6173213;0;102990
FR;1;2023-03-01;70;89;236;51;87;229;67;0;42;42704367;41585237;26844994;5901087;42628358;28944888;6173280;0;103032
FR;1;2023-03-02;63;61;85;55;63;82;66;0;117;42704430;41585298;26845079;5901142;42628421;28944970;6173346;0;103149
FR;1;2023-03-03;101;107;65;51;106;64;54;0;47;42704531;41585405;26845144;5901193;42628527;28945034;6173400;0;103196
FR;1;2023-03-04;49;46;68;26;43;69;31;0;15;42704580;41585451;26845212;5901219;42628570;28945103;6173431;0;103211
FR;1;2023-03-05;4;2;4;0;3;4;1;0;0;42704584;41585453;26845216;5901219;42628573;28945107;6173432;0;103211
FR;1;2023-03-06;85;57;75;17;63;81;23;0;14;42704669;41585510;26845291;5901236;42628636;28945188;6173455;0;103225
FR;1;2023-03-07;52;70;46;40;67;44;50;0;71;42704721;41585580;26845337;5901276;42628703;28945232;6173505;0;103296
FR;1;2023-03-08;47;65;32;16;68;34;22;0;6;42704768;41585645;26845369;5901292;42628771;28945266;6173527;0;103302
FR;1;2023-03-09;37;53;45;22;49;48;31;0;27;42704805;41585698;26845414;5901314;42628820;28945314;6173558;0;103329
FR;1;2023-03-10;93;96;83;41;96;87;46;0;25;42704898;41585794;26845497;5901355;42628916;28945401;6173604;0;103354
FR;1;2023-03-11;47;39;48;9;33;55;12;0;6;42704945;41585833;26845545;5901364;42628949;28945456;6173616;0;103360
FR;1;2023-03-12;2;9;6;0;11;5;1;0;0;42704947;41585842;26845551;5901364;42628960;28945461;6173617;0;103360
FR;1;2023-03-13;45;49;38;14;45;45;14;0;18;42704992;41585891;26845589;5901378;42629005;28945506;6173631;0;103378
FR;1;2023-03-14;66;45;50;21;50;55;22;0;31;42705058;41585936;26845639;5901399;42629055;28945561;6173653;0;103409
FR;1;2023-03-15;39;54;59;19;54;66;21;0;19;42705097;41585990;26845698;5901418;42629109;28945627;6173674;0;103428
FR;1;2023-03-16;55;49;86;23;53;85;27;0;20;42705152;41586039;26845784;5901441;42629162;28945712;6173701;0;103448
FR;1;2023-03-17;109;85;95;36;101;97;40;0;34;42705261;41586124;26845879;5901477;42629263;28945809;6173741;0;103482
FR;1;2023-03-18;34;33;120;10;28;124;15;0;5;42705295;41586157;26845999;5901487;42629291;28945933;6173756;0;103487
FR;1;2023-03-19;11;2;0;2;3;0;3;0;0;42705306;41586159;26845999;5901489;42629294;28945933;6173759;0;103487
FR;1;2023-03-20;42;53;39;13;43;50;16;0;8;42705348;41586212;26846038;5901502;42629337;28945983;6173775;0;103495
FR;1;2023-03-21;72;55;41;11;60;44;16;0;26;42705420;41586267;26846079;5901513;42629397;28946027;6173791;0;103521
FR;1;2023-03-22;58;53;34;31;53;48;26;0;13;42705478;41586320;26846113;5901544;42629450;28946075;6173817;0;103534
FR;1;2023-03-23;57;46;29;23;47;33;25;0;47;42705535;41586366;26846142;5901567;42629497;28946108;6173842;0;103581
FR;1;2023-03-24;77;98;184;28;101;190;34;0;24;42705612;41586464;26846326;5901595;42629598;28946298;6173876;0;103605
FR;1;2023-03-25;45;44;37;9;42;40;13;0;5;42705657;41586508;26846363;5901604;42629640;28946338;6173889;0;103610
FR;1;2023-03-26;2;3;8;0;0;9;2;0;2;42705659;41586511;26846371;5901604;42629640;28946347;6173891;0;103612
FR;1;2023-03-27;102;58;67;11;61;70;15;0;22;42705761;41586569;26846438;5901615;42629701;28946417;6173906;0;103634
FR;1;2023-03-28;45;36;22;21;41;24;21;0;31;42705806;41586605;26846460;5901636;42629742;28946441;6173927;0;103665
FR;1;2023-03-29;54;44;30;28;43;37;25;0;14;42705860;41586649;26846490;5901664;42629785;28946478;6173952;0;103679
FR;1;2023-03-30;56;38;54;17;40;53;24;0;29;42705916;41586687;26846544;5901681;42629825;28946531;6173976;0;103708
FR;1;2023-03-31;64;83;26;16;81;32;13;0;35;42705980;41586770;26846570;5901697;42629906;28946563;6173989;0;103743
FR;1;2023-04-01;29;50;109;8;46;111;15;0;10;42706009;41586820;26846679;5901705;42629952;28946674;6174004;0;103753
FR;1;2023-04-02;1;1;3;0;1;2;1;0;0;42706010;41586821;26846682;5901705;42629953;28946676;6174005;0;103753
FR;1;2023-04-03;89;38;57;19;36;57;24;0;19;42706099;41586859;26846739;5901724;42629989;28946733;6174029;0;103772
FR;1;2023-04-04;38;49;25;10;42;31;11;0;25;42706137;41586908;26846764;5901734;42630031;28946764;6174040;0;103797
FR;1;2023-04-05;24;39;24;15;36;20;21;0;14;42706161;41586947;26846788;5901749;42630067;28946784;6174061;0;103811
FR;1;2023-04-06;39;40;13;8;37;16;12;0;14;42706200;41586987;26846801;5901757;42630104;28946800;6174073;0;103825
FR;1;2023-04-07;46;62;19;16;60;24;14;0;13;42706246;41587049;26846820;5901773;42630164;28946824;6174087;0;103838
FR;1;2023-04-08;25;32;6;13;25;13;13;0;13;42706271;41587081;26846826;5901786;42630189;28946837;6174100;0;103851
FR;1;2023-04-09;1;2;0;2;1;1;2;0;1;42706272;41587083;26846826;5901788;42630190;28946838;6174102;0;103852
FR;1;2023-04-10;4;5;2;1;4;4;1;0;1;42706276;41587088;26846828;5901789;42630194;28946842;6174103;0;103853
FR;1;2023-04-11;38;50;11;9;49;10;11;0;17;42706314;41587138;26846839;5901798;42630243;28946852;6174114;0;103870
FR;1;2023-04-12;36;33;11;17;31;18;19;0;23;42706350;41587171;26846850;5901815;42630274;28946870;6174133;0;103893
FR;1;2023-04-13;37;32;8;14;35;12;12;0;26;42706387;41587203;26846858;5901829;42630309;28946882;6174145;0;103919
FR;1;2023-04-14;59;64;10;10;73;9;11;0;17;42706446;41587267;26846868;5901839;42630382;28946891;6174156;0;103936
FR;1;2023-04-15;27;28;7;6;28;12;6;0;2;42706473;41587295;26846875;5901845;42630410;28946903;6174162;0;103938
FR;1;2023-04-16;3;2;0;0;2;0;0;0;0;42706476;41587297;26846875;5901845;42630412;28946903;6174162;0;103938
FR;1;2023-04-17;37;35;8;15;39;15;12;0;9;42706513;41587332;26846883;5901860;42630451;28946918;6174174;0;103947
FR;1;2023-04-18;36;34;9;5;29;14;6;0;18;42706549;41587366;26846892;5901865;42630480;28946932;6174180;0;103965
FR;1;2023-04-19;30;56;5;4;56;7;5;0;12;42706579;41587422;26846897;5901869;42630536;28946939;6174185;0;103977
FR;2;2020-12-27;0;0;0;0;0;0;0;0;0;0;0;0;0;0;0;0;0;0
FR;2;2020-12-28;0;0;0;0;0;0;0;0;0;0;0;0;0;0;0;0;0;0
FR;2;2020-12-29;0;0;0;0;0;0;0;0;0;0;0;0;0;0;0;0;0;0
FR;2;2020-12-30;0;0;0;0;0;0;0;0;0;0;0;0;0;0;0;0;0;0
FR;2;2020-12-31;0;0;0;0;0;0;0;0;0;0;0;0;0;0;0;0;0;0
FR;2;2021-01-01;0;0;0;0;0;0;0;0;0;0;0;0;0;0;0;0;0;0
FR;2;2021-01-02;0;0;0;0;0;0;0;0;0;0;0;0;0;0;0;0;0;0
FR;2;2021-01-03;0;0;0;0;0;0;0;0;0;0;0;0;0;0;0;0;0;0
FR;2;2021-01-04;0;0;0;0;0;0;0;0;0;0;0;0;0;0;0;0;0;0
FR;2;2021-01-05;0;0;0;0;0;0;0;0;0;0;0;0;0;0;0;0;0;0
FR;2;2021-01-06;0;0;0;0;0;0;0;0;0;0;0;0;0;0;0;0;0;0
FR;2;2021-01-07;0;0;0;0;0;0;0;0;0;0;0;0;0;0;0;0;0;0
FR;2;2021-01-08;0;0;0;0;0;0;0;0;0;0;0;0;0;0;0;0;0;0
FR;2;2021-01-09;0;0;0;0;0;0;0;0;0;0;0;0;0;0;0;0;0;0
FR;2;2021-01-10;0;0;0;0;0;0;0;0;0;0;0;0;0;0;0;0;0;0
FR;2;2021-01-11;0;0;0;0;0;0;0;0;0;0;0;0;0;0;0;0;0;0
FR;2;2021-01-12;0;0;0;0;0;0;0;0;0;0;0;0;0;0;0;0;0;0
FR;2;2021-01-13;0;0;0;0;0;0;0;0;0;0;0;0;0;0;0;0;0;0
FR;2;2021-01-14;1636;0;0;0;213;0;0;0;0;1636;0;0;0;213;0;0;0;0
FR;2;2021-01-15;398;0;0;0;28;0;0;0;0;2034;0;0;0;241;0;0;0;0
FR;2;2021-01-16;316;0;0;0;12;0;0;0;0;2350;0;0;0;253;0;0;0;0
FR;2;2021-01-17;84;0;0;0;7;0;0;0;0;2434;0;0;0;260;0;0;0;0
FR;2;2021-01-18;3075;3;0;0;27;0;0;0;0;5509;3;0;0;287;0;0;0;0
FR;2;2021-01-19;4681;2;0;0;31;0;0;0;0;10190;5;0;0;318;0;0;0;0
FR;2;2021-01-20;5138;6;0;0;58;0;0;0;0;15328;11;0;0;376;0;0;0;0
FR;2;2021-01-21;5345;9;0;0;55;0;0;0;0;20673;20;0;0;431;0;0;0;0
FR;2;2021-01-22;5119;19;0;0;70;0;0;0;0;25792;39;0;0;501;0;0;0;0
FR;2;2021-01-23;1875;2;0;0;16;0;0;0;0;27667;41;0;0;517;0;0;0;0
FR;2;2021-01-24;163;2;0;0;8;0;0;0;0;27830;43;0;0;525;0;0;0;0
FR;2;2021-01-25;3814;4;0;0;37;0;0;0;0;31644;47;0;0;562;0;0;0;0
FR;2;2021-01-26;3930;6;0;0;42;0;0;0;0;35574;53;0;0;604;0;0;0;0
FR;2;2021-01-27;3606;4;0;0;36;0;0;0;0;39180;57;0;0;640;0;0;0;0
FR;2;2021-01-28;3757;9;0;0;44;0;0;0;0;42937;66;0;0;684;0;0;0;0
FR;2;2021-01-29;3300;6;0;0;42;0;0;0;0;46237;72;0;0;726;0;0;0;0
FR;2;2021-01-30;1133;3;0;0;16;0;0;0;0;47370;75;0;0;742;0;0;0;0
FR;2;2021-01-31;46;2;0;0;9;0;0;0;0;47416;77;0;0;751;0;0;0;0
FR;2;2021-02-01;3408;13;0;0;44;0;0;0;0;50824;90;0;0;795;0;0;0;0
FR;2;2021-02-02;4497;19;0;0;53;0;0;0;0;55321;109;0;0;848;0;0;0;0
FR;2;2021-02-03;5223;12;0;0;83;0;0;0;0;60544;121;0;0;931;0;0;0;0
FR;2;2021-02-04;4941;11;0;0;36;0;0;0;0;65485;132;0;0;967;0;0;0;0
FR;2;2021-02-05;4817;17;0;0;50;0;0;0;0;70302;149;0;0;1017;0;0;0;0
FR;2;2021-02-06;2047;15;0;0;41;0;0;0;0;72349;164;0;0;1058;0;0;0;0
FR;2;2021-02-07;103;6;0;0;20;0;0;0;0;72452;170;0;0;1078;0;0;0;0
FR;2;2021-02-08;7559;27;0;0;86;0;0;0;0;80011;197;0;0;1164;0;0;0;0
FR;2;2021-02-09;8435;31;0;0;100;0;0;0;0;88446;228;0;0;1264;0;0;0;0
FR;2;2021-02-10;9349;63;0;0;183;0;0;0;0;97795;291;0;0;1447;0;0;0;0
FR;2;2021-02-11;10292;132;0;0;256;0;0;0;0;108087;423;0;0;1703;0;0;0;0
FR;2;2021-02-12;10059;276;0;0;430;0;0;0;0;118146;699;0;0;2133;0;0;0;0
FR;2;2021-02-13;3121;223;0;0;261;0;0;0;0;121267;922;0;0;2394;0;0;0;0
FR;2;2021-02-14;358;11;0;0;21;0;0;0;0;121625;933;0;0;2415;0;0;0;0
FR;2;2021-02-15;3460;3129;0;0;3176;0;0;0;0;125085;4062;0;0;5591;0;0;0;0
FR;2;2021-02-16;5076;4164;0;0;4237;0;0;0;0;130161;8226;0;0;9828;0;0;0;0
FR;2;2021-02-17;4259;4554;0;0;4631;0;0;0;0;134420;12780;0;0;14459;0;0;0;0
FR;2;2021-02-18;5406;5178;0;0;5248;0;0;0;0;139826;17958;0;0;19707;0;0;0;0
FR;2;2021-02-19;5329;4491;0;0;4592;0;0;0;0;145155;22449;0;0;24299;0;0;0;0
FR;2;2021-02-20;1872;1520;0;0;1537;0;0;0;0;147027;23969;0;0;25836;0;0;0;0
FR;2;2021-02-21;244;96;0;0;98;0;0;0;0;147271;24065;0;0;25934;0;0;0;0
FR;2;2021-02-22;3614;3782;0;0;3844;0;0;0;0;150885;27847;0;0;29778;0;0;0;0
FR;2;2021-02-23;4956;3740;0;0;3804;0;0;0;0;155841;31587;0;0;33582;0;0;0;0
FR;2;2021-02-24;5017;3558;0;0;3611;0;0;0;0;160858;35145;0;0;37193;0;0;0;0
FR;2;2021-02-25;5501;3495;0;0;3585;0;0;0;0;166359;38640;0;0;40778;0;0;0;0
FR;2;2021-02-26;4368;3179;0;0;3253;0;0;0;0;170727;41819;0;0;44031;0;0;0;0
FR;2;2021-02-27;1629;1067;0;0;1086;0;0;0;0;172356;42886;0;0;45117;0;0;0;0
FR;2;2021-02-28;179;17;0;0;28;0;0;0;0;172535;42903;0;0;45145;0;0;0;0
FR;2;2021-03-01;5193;3763;0;0;3852;0;0;0;0;177728;46666;0;0;48997;0;0;0;0
FR;2;2021-03-02;6542;4726;0;0;4827;0;0;0;0;184270;51392;0;0;53824;0;0;0;0
FR;2;2021-03-03;6544;4955;0;0;5096;0;0;0;0;190814;56347;0;0;58920;0;0;0;0
FR;2;2021-03-04;8412;4210;0;0;4396;0;0;0;0;199226;60557;0;0;63316;0;0;0;0
FR;2;2021-03-05;8037;4054;0;0;4237;0;0;0;0;207263;64611;0;0;67553;0;0;0;0
FR;2;2021-03-06;4790;1683;0;0;1783;0;0;0;0;212053;66294;0;0;69336;0;0;0;0
FR;2;2021-03-07;2373;32;0;0;76;0;0;0;0;214426;66326;0;0;69412;0;0;0;0
FR;2;2021-03-08;4166;8392;0;0;8549;0;0;0;0;218592;74718;0;0;77961;0;0;0;0
FR;2;2021-03-09;7494;8610;1;0;8868;0;0;0;0;226086;83328;1;0;86829;0;0;0;0
FR;2;2021-03-10;7108;9246;0;0;9473;0;0;0;0;233194;92574;1;0;96302;0;0;0;0
FR;2;2021-03-11;9379;9365;1;0;9685;0;0;0;0;242573;101939;2;0;105987;0;0;0;0
FR;2;2021-03-12;7988;8367;0;0;8669;0;0;0;0;250561;110306;2;0;114656;0;0;0;0
FR;2;2021-03-13;10058;2593;0;0;2914;0;0;0;0;260619;112899;2;0;117570;0;0;0;0
FR;2;2021-03-14;4841;380;0;0;539;0;0;0;0;265460;113279;2;0;118109;0;0;0;0
FR;2;2021-03-15;10919;3476;0;0;3765;0;0;0;0;276379;116755;2;0;121874;0;0;0;0
FR;2;2021-03-16;16770;4732;1;0;5282;0;0;0;0;293149;121487;3;0;127156;0;0;0;0
FR;2;2021-03-17;20242;3998;0;0;4672;0;0;0;0;313391;125485;3;0;131828;0;0;0;0
FR;2;2021-03-18;23375;5128;0;0;5957;0;0;0;0;336766;130613;3;0;137785;0;0;0;0
FR;2;2021-03-19;23316;4680;0;0;5443;0;0;0;0;360082;135293;3;0;143228;0;0;0;0
FR;2;2021-03-20;25452;1588;0;0;2345;0;0;0;0;385534;136881;3;0;145573;0;0;0;0
FR;2;2021-03-21;17675;153;0;0;731;0;0;0;0;403209;137034;3;0;146304;0;0;0;0
FR;2;2021-03-22;17791;3261;0;0;3930;0;0;0;0;421000;140295;3;0;150234;0;0;0;0
FR;2;2021-03-23;22707;4288;0;0;5142;0;0;0;0;443707;144583;3;0;155376;0;0;0;0
FR;2;2021-03-24;23966;5091;0;0;5928;0;0;0;0;467673;149674;3;0;161304;0;0;0;0
FR;2;2021-03-25;26762;5257;1;0;6454;0;0;0;0;494435;154931;4;0;167758;0;0;0;0
FR;2;2021-03-26;26992;4236;0;0;5382;0;0;0;0;521427;159167;4;0;173140;0;0;0;0
FR;2;2021-03-27;15923;1369;0;0;1899;0;0;0;0;537350;160536;4;0;175039;0;0;0;0
FR;2;2021-03-28;10563;136;0;0;428;0;0;0;0;547913;160672;4;0;175467;0;0;0;0
FR;2;2021-03-29;19004;4349;0;0;5049;0;0;0;0;566917;165021;4;0;180516;0;0;0;0
FR;2;2021-03-30;24597;6105;0;0;7045;0;0;0;0;591514;171126;4;0;187561;0;0;0;0
FR;2;2021-03-31;28562;5930;0;0;7222;0;0;0;0;620076;177056;4;0;194783;0;0;0;0
FR;2;2021-04-01;34560;8576;1;0;10269;0;0;0;0;654636;185632;5;0;205052;0;0;0;0
FR;2;2021-04-02;29992;7736;0;0;9164;0;0;0;0;684628;193368;5;0;214216;0;0;0;0
FR;2;2021-04-03;16959;4263;0;0;4945;0;0;0;0;701587;197631;5;0;219161;0;0;0;0
FR;2;2021-04-04;9309;1269;2;0;1677;0;0;0;0;710896;198900;7;0;220838;0;0;0;0
FR;2;2021-04-05;12448;797;0;0;1381;0;0;0;0;723344;199697;7;0;222219;0;0;0;0
FR;2;2021-04-06;27159;7358;0;0;8750;0;0;0;0;750503;207055;7;0;230969;0;0;0;0
FR;2;2021-04-07;30931;7070;1;0;8646;0;0;0;0;781434;214125;8;0;239615;0;0;0;0
FR;2;2021-04-08;36896;8591;1;0;10516;0;0;0;0;818330;222716;9;0;250131;0;0;0;0
FR;2;2021-04-09;33856;8389;28;0;10174;0;0;0;0;852186;231105;37;0;260305;0;0;0;0
FR;2;2021-04-10;19689;9270;1;0;10182;0;0;0;0;871875;240375;38;0;270487;0;0;0;0
FR;2;2021-04-11;7943;4240;1;0;4603;0;0;0;0;879818;244615;39;0;275090;0;0;0;0
FR;2;2021-04-12;17136;11028;0;0;11869;0;0;0;0;896954;255643;39;0;286959;0;0;0;0
FR;2;2021-04-13;19465;16036;1;0;17104;0;0;0;0;916419;271679;40;0;304063;0;0;0;0
FR;2;2021-04-14;18071;16446;7;0;17542;0;0;0;0;934490;288125;47;0;321605;0;0;0;0
FR;2;2021-04-15;22208;21890;27;0;23344;0;0;0;0;956698;310015;74;0;344949;0;0;0;0
FR;2;2021-04-16;20721;20643;45;0;21916;0;0;0;0;977419;330658;119;0;366865;0;0;0;0
FR;2;2021-04-17;13258;22496;5;0;23227;0;0;0;0;990677;353154;124;0;390092;0;0;0;0
FR;2;2021-04-18;5911;14397;6;0;14737;0;0;0;0;996588;367551;130;0;404829;0;0;0;0
FR;2;2021-04-19;16850;16393;24;0;17196;0;0;0;0;1013438;383944;154;0;422025;0;0;0;0
FR;2;2021-04-20;19328;21807;38;0;22868;0;0;0;0;1032766;405751;192;0;444893;0;0;0;0
FR;2;2021-04-21;20294;21901;76;0;23051;0;0;0;0;1053060;427652;268;0;467944;0;0;0;0
FR;2;2021-04-22;23824;24956;41;0;26369;0;0;0;0;1076884;452608;309;0;494313;0;0;0;0
FR;2;2021-04-23;24534;25501;76;0;27012;0;0;0;0;1101418;478109;385;0;521325;0;0;0;0
FR;2;2021-04-24;25305;15068;104;0;16506;0;0;0;0;1126723;493177;489;0;537831;0;0;0;0
FR;2;2021-04-25;9597;8622;5;0;9183;0;0;0;0;1136320;501799;494;0;547014;0;0;0;0
FR;2;2021-04-26;17169;17678;21;0;18564;0;0;0;0;1153489;519477;515;0;565578;0;0;0;0
FR;2;2021-04-27;19246;24099;40;0;25283;0;0;0;0;1172735;543576;555;0;590861;0;0;0;0
FR;2;2021-04-28;22343;26464;113;0;27865;0;0;0;0;1195078;570040;668;0;618726;0;0;0;0
FR;2;2021-04-29;25477;30500;70;0;32190;0;0;0;0;1220555;600540;738;0;650916;0;0;0;0
FR;2;2021-04-30;25540;27977;49;1;29627;0;0;0;0;1246095;628517;787;1;680543;0;0;0;0
FR;2;2021-05-01;14988;9853;6;0;10654;0;0;0;0;1261083;638370;793;1;691197;0;0;0;0
FR;2;2021-05-02;6642;9160;2;0;9506;0;0;0;0;1267725;647530;795;1;700703;0;0;0;0
FR;2;2021-05-03;20026;19127;40;0;20334;0;0;0;0;1287751;666657;835;1;721037;0;0;0;0
FR;2;2021-05-04;18288;29202;33;0;30348;0;0;0;0;1306039;695859;868;1;751385;0;0;0;0
FR;2;2021-05-05;18385;29524;48;0;30822;0;0;0;0;1324424;725383;916;1;782207;0;0;0;0
FR;2;2021-05-06;23553;35413;132;0;36986;0;0;0;0;1347977;760796;1048;1;819193;0;0;0;0
FR;2;2021-05-07;25349;33241;97;0;35100;0;0;0;0;1373326;794037;1145;1;854293;0;0;0;0
FR;2;2021-05-08;21343;10691;15;0;11778;0;0;0;0;1394669;804728;1160;1;866071;0;0;0;0
FR;2;2021-05-09;13170;7615;7;0;8290;0;0;0;0;1407839;812343;1167;1;874361;0;0;0;0
FR;2;2021-05-10;32948;21717;50;0;23574;0;0;0;0;1440787;834060;1217;1;897935;0;0;0;0
FR;2;2021-05-11;43616;20902;101;0;23527;0;0;0;0;1484403;854962;1318;1;921462;0;0;0;0
FR;2;2021-05-12;50070;19637;143;0;22517;0;0;0;0;1534473;874599;1461;1;943979;0;0;0;0
FR;2;2021-05-13;51302;5597;31;0;8465;0;0;0;0;1585775;880196;1492;1;952444;0;0;0;0
FR;2;2021-05-14;61361;12884;132;0;16538;0;0;0;0;1647136;893080;1624;1;968982;0;0;0;0
FR;2;2021-05-15;65938;7100;40;0;10650;0;0;0;0;1713074;900180;1664;1;979632;0;0;0;0
FR;2;2021-05-16;43588;2573;10;0;4944;0;0;0;0;1756662;902753;1674;1;984576;0;0;0;0
FR;2;2021-05-17;44756;12448;114;0;15355;0;0;0;0;1801418;915201;1788;1;999931;0;0;0;0
FR;2;2021-05-18;54650;12289;190;0;15972;0;0;0;0;1856068;927490;1978;1;1015903;0;0;0;0
FR;2;2021-05-19;57180;10459;281;0;14499;0;0;0;0;1913248;937949;2259;1;1030402;0;0;0;0
FR;2;2021-05-20;63452;10802;288;0;14897;0;0;0;0;1976700;948751;2547;1;1045299;0;0;0;0
FR;2;2021-05-21;64306;11601;230;0;16026;0;0;0;0;2041006;960352;2777;1;1061325;0;0;0;0
FR;2;2021-05-22;61488;4530;65;0;8500;0;0;0;0;2102494;964882;2842;1;1069825;0;0;0;0
FR;2;2021-05-23;37536;575;22;0;2912;0;0;0;0;2140030;965457;2864;1;1072737;0;0;0;0
FR;2;2021-05-24;17248;2052;35;0;3259;0;0;0;0;2157278;967509;2899;1;1075996;0;0;0;0
FR;2;2021-05-25;21121;12253;241;0;13854;0;0;0;0;2178399;979762;3140;1;1089850;0;0;0;0
FR;2;2021-05-26;19946;11538;230;0;13067;0;0;0;0;2198345;991300;3370;1;1102917;0;0;0;0
FR;2;2021-05-27;23001;12663;182;0;14400;0;0;0;0;2221346;1003963;3552;1;1117317;0;0;0;0
FR;2;2021-05-28;29398;15045;190;0;17226;0;0;0;0;2250744;1019008;3742;1;1134543;0;0;0;0
FR;2;2021-05-29;30425;8196;58;0;10105;0;0;0;0;2281169;1027204;3800;1;1144648;0;0;0;0
FR;2;2021-05-30;4648;1819;6;0;2154;0;0;0;0;2285817;1029023;3806;1;1146802;0;0;0;0
FR;2;2021-05-31;28590;18741;184;0;20820;0;0;0;0;2314407;1047764;3990;1;1167622;0;0;0;0
FR;2;2021-06-01;45744;19915;225;0;23151;0;0;0;0;2360151;1067679;4215;1;1190773;0;0;0;0
FR;2;2021-06-02;37483;19312;182;0;22318;0;0;0;0;2397634;1086991;4397;1;1213091;0;0;0;0
FR;2;2021-06-03;51284;23118;161;0;26971;0;0;0;0;2448918;1110109;4558;1;1240062;0;0;0;0
FR;2;2021-06-04;65519;24090;217;0;29055;0;0;0;0;2514437;1134199;4775;1;1269117;0;0;0;0
FR;2;2021-06-05;34607;24109;52;0;26964;0;0;0;0;2549044;1158308;4827;1;1296081;0;0;0;0
FR;2;2021-06-06;4958;6194;10;0;6613;0;0;0;0;2554002;1164502;4837;1;1302694;0;0;0;0
FR;2;2021-06-07;28177;23015;150;0;25431;0;0;0;0;2582179;1187517;4987;1;1328125;0;0;0;0
FR;2;2021-06-08;46379;22944;143;0;26910;0;0;0;0;2628558;1210461;5130;1;1355035;0;0;0;0
FR;2;2021-06-09;34297;21000;107;0;24132;0;0;0;0;2662855;1231461;5237;1;1379167;0;0;0;0
FR;2;2021-06-10;42644;19081;96;1;23003;0;0;0;0;2705499;1250542;5333;2;1402170;0;0;0;0
FR;2;2021-06-11;55306;25133;134;0;30232;0;0;0;0;2760805;1275675;5467;2;1432402;0;0;0;0
FR;2;2021-06-12;30567;19800;53;0;22654;0;0;0;0;2791372;1295475;5520;2;1455056;0;0;0;0
FR;2;2021-06-13;3333;9197;13;0;9586;0;0;0;0;2794705;1304672;5533;2;1464642;0;0;0;0
FR;2;2021-06-14;25304;24119;92;0;26699;0;0;0;0;2820009;1328791;5625;2;1491341;0;0;0;0
FR;2;2021-06-15;39049;22819;154;0;26567;0;0;0;0;2859058;1351610;5779;2;1517908;0;0;0;0
FR;2;2021-06-16;30168;21368;135;0;24521;0;0;0;0;2889226;1372978;5914;2;1542429;0;0;0;0
FR;2;2021-06-17;36913;25738;150;0;29600;0;0;0;0;2926139;1398716;6064;2;1572029;0;0;0;0
FR;2;2021-06-18;46860;28890;123;0;33593;0;0;0;0;2972999;1427606;6187;2;1605622;0;0;0;0
FR;2;2021-06-19;24527;24940;39;0;27714;0;0;0;0;2997526;1452546;6226;2;1633336;0;0;0;0
FR;2;2021-06-20;3745;10058;9;0;10557;0;0;0;0;3001271;1462604;6235;2;1643893;0;0;0;0
FR;2;2021-06-21;17538;42861;88;0;44873;0;0;0;0;3018809;1505465;6323;2;1688766;0;0;0;0
FR;2;2021-06-22;28366;49617;110;0;53045;0;0;0;0;3047175;1555082;6433;2;1741811;0;0;0;0
FR;2;2021-06-23;21790;49618;107;1;52467;1;0;0;0;3068965;1604700;6540;3;1794278;1;0;0;0
FR;2;2021-06-24;28380;50316;134;0;54047;0;0;0;0;3097345;1655016;6674;3;1848325;1;0;0;0
FR;2;2021-06-25;33402;60489;129;0;64878;0;0;0;0;3130747;1715505;6803;3;1913203;1;0;0;0
FR;2;2021-06-26;16395;59355;54;1;61747;0;0;0;0;3147142;1774860;6857;4;1974950;1;0;0;0
FR;2;2021-06-27;2566;29316;22;1;29898;0;0;0;0;3149708;1804176;6879;5;2004848;1;0;0;0
FR;2;2021-06-28;12641;54341;84;0;56317;0;0;0;0;3162349;1858517;6963;5;2061165;1;0;0;0
FR;2;2021-06-29;19857;59999;178;0;62941;0;0;0;0;3182206;1918516;7141;5;2124106;1;0;0;0
FR;2;2021-06-30;16337;58039;253;17;60723;0;0;0;0;3198543;1976555;7394;22;2184829;1;0;0;0
FR;2;2021-07-01;20497;59874;228;0;63201;0;0;0;0;3219040;2036429;7622;22;2248030;1;0;0;0
FR;2;2021-07-02;24083;62160;184;0;66374;0;0;0;0;3243123;2098589;7806;22;2314404;1;0;0;0
FR;2;2021-07-03;12123;57146;153;0;59485;0;0;0;0;3255246;2155735;7959;22;2373889;1;0;0;0
FR;2;2021-07-04;1961;23303;18;0;23870;0;0;0;0;3257207;2179038;7977;22;2397759;1;0;0;0
FR;2;2021-07-05;9179;29257;106;0;30893;0;0;0;0;3266386;2208295;8083;22;2428652;1;0;0;0
FR;2;2021-07-06;14584;36280;135;0;38959;0;0;0;0;3280970;2244575;8218;22;2467611;1;0;0;0
FR;2;2021-07-07;14420;33663;140;0;36417;0;0;0;0;3295390;2278238;8358;22;2504028;1;0;0;0
FR;2;2021-07-08;19723;40324;162;0;43981;0;0;0;0;3315113;2318562;8520;22;2548009;1;0;0;0
FR;2;2021-07-09;27105;54334;202;1;59484;0;0;0;0;3342218;2372896;8722;23;2607493;1;0;0;0
FR;2;2021-07-10;13388;33708;107;0;36392;0;0;0;0;3355606;2406604;8829;23;2643885;1;0;0;0
FR;2;2021-07-11;1812;4344;16;0;4772;0;0;0;0;3357418;2410948;8845;23;2648657;1;0;0;0
FR;2;2021-07-12;12971;37264;119;0;39919;0;0;0;0;3370389;2448212;8964;23;2688576;1;0;0;0
FR;2;2021-07-13;37120;53147;152;0;60282;0;0;0;0;3407509;2501359;9116;23;2748858;1;0;0;0
FR;2;2021-07-14;6628;3540;15;0;4887;0;0;0;0;3414137;2504899;9131;23;2753745;1;0;0;0
FR;2;2021-07-15;47244;47014;156;0;55211;0;0;0;0;3461381;2551913;9287;23;2808956;1;0;0;0
FR;2;2021-07-16;64320;55755;188;0;66738;0;0;0;0;3525701;2607668;9475;23;2875694;1;0;0;0
FR;2;2021-07-17;31603;23918;96;0;29375;0;0;0;0;3557304;2631586;9571;23;2905069;1;0;0;0
FR;2;2021-07-18;6090;4807;19;0;5952;0;0;0;0;3563394;2636393;9590;23;2911021;1;0;0;0
FR;2;2021-07-19;33007;28599;94;0;34212;0;0;0;0;3596401;2664992;9684;23;2945233;1;0;0;0
FR;2;2021-07-20;51999;44525;155;0;53161;0;0;0;0;3648400;2709517;9839;23;2998394;1;0;0;0
FR;2;2021-07-21;45257;34627;93;0;42131;0;0;0;0;3693657;2744144;9932;23;3040525;1;0;0;0
FR;2;2021-07-22;56280;41081;128;1;50354;0;0;0;0;3749937;2785225;10060;24;3090879;1;0;0;0
FR;2;2021-07-23;68304;48966;170;0;60256;0;0;0;0;3818241;2834191;10230;24;3151135;1;0;0;0
FR;2;2021-07-24;36178;21613;82;0;27471;0;0;0;0;3854419;2855804;10312;24;3178606;1;0;0;0
FR;2;2021-07-25;6751;2608;10;0;3866;0;0;0;0;3861170;2858412;10322;24;3182472;1;0;0;0
FR;2;2021-07-26;36320;22337;91;1;27840;0;0;0;0;3897490;2880749;10413;25;3210312;1;0;0;0
FR;2;2021-07-27;62392;34563;180;0;43710;0;0;0;0;3959882;2915312;10593;25;3254022;1;0;0;0
FR;2;2021-07-28;55326;26425;132;0;34511;0;0;0;0;4015208;2941737;10725;25;3288533;1;0;0;0
FR;2;2021-07-29;68481;32797;189;0;42480;0;0;0;0;4083689;2974534;10914;25;3331013;1;0;0;0
FR;2;2021-07-30;74468;37814;222;1;48605;0;0;0;0;4158157;3012348;11136;26;3379618;1;0;0;0
FR;2;2021-07-31;34778;16207;105;0;21406;0;0;0;0;4192935;3028555;11241;26;3401024;1;0;0;0
FR;2;2021-08-01;5416;2260;19;0;3123;0;0;0;0;4198351;3030815;11260;26;3404147;1;0;0;0
FR;2;2021-08-02;35896;16151;101;0;21053;0;0;0;0;4234247;3046966;11361;26;3425200;1;0;0;0
FR;2;2021-08-03;55988;28258;143;0;35461;0;0;0;0;4290235;3075224;11504;26;3460661;1;0;0;0
FR;2;2021-08-04;46639;20828;128;1;26936;0;0;0;0;4336874;3096052;11632;27;3487597;1;0;0;0
FR;2;2021-08-05;54641;31562;215;0;38738;0;0;0;0;4391515;3127614;11847;27;3526335;1;0;0;0
FR;2;2021-08-06;58098;42397;242;1;50225;0;0;0;0;4449613;3170011;12089;28;3576560;1;0;0;0
FR;2;2021-08-07;25152;17628;89;0;21318;0;0;0;0;4474765;3187639;12178;28;3597878;1;0;0;0
FR;2;2021-08-08;3840;3653;21;0;4311;0;0;0;0;4478605;3191292;12199;28;3602189;1;0;0;0
FR;2;2021-08-09;29308;21023;92;0;24849;0;0;0;0;4507913;3212315;12291;28;3627038;1;0;0;0
FR;2;2021-08-10;45014;33465;155;0;39226;0;0;0;0;4552927;3245780;12446;28;3666264;1;0;0;0
FR;2;2021-08-11;35277;25141;151;0;29741;0;0;0;0;4588204;3270921;12597;28;3696005;1;0;0;0
FR;2;2021-08-12;41905;35692;163;0;41229;0;0;0;0;4630109;3306613;12760;28;3737234;1;0;0;0
FR;2;2021-08-13;42608;37350;218;0;43036;0;0;0;0;4672717;3343963;12978;28;3780270;1;0;0;0
FR;2;2021-08-14;18524;22132;94;0;24763;0;0;0;0;4691241;3366095;13072;28;3805033;1;0;0;0
FR;2;2021-08-15;3865;3795;17;0;4381;0;0;0;0;4695106;3369890;13089;28;3809414;1;0;0;0
FR;2;2021-08-16;25094;27123;111;0;30445;0;0;0;0;4720200;3397013;13200;28;3839859;1;0;0;0
FR;2;2021-08-17;38270;43399;207;2;48383;0;0;0;0;4758470;3440412;13407;30;3888242;1;0;0;0
FR;2;2021-08-18;32254;36352;195;1;40695;0;0;0;0;4790724;3476764;13602;31;3928937;1;0;0;0
FR;2;2021-08-19;37435;46574;224;0;51777;0;0;0;0;4828159;3523338;13826;31;3980714;1;0;0;0
FR;2;2021-08-20;40568;55649;271;1;61575;0;0;0;0;4868727;3578987;14097;32;4042289;1;0;0;0
FR;2;2021-08-21;18121;24321;117;0;27113;0;0;0;0;4886848;3603308;14214;32;4069402;1;0;0;0
FR;2;2021-08-22;2909;4320;22;1;4852;1;0;0;0;4889757;3607628;14236;33;4074254;2;0;0;0
FR;2;2021-08-23;19250;35148;131;1;38037;0;0;0;0;4909007;3642776;14367;34;4112291;2;0;0;0
FR;2;2021-08-24;31952;56037;236;0;60694;0;0;0;0;4940959;3698813;14603;34;4172985;2;0;0;0
FR;2;2021-08-25;25934;43456;251;0;47406;0;0;0;0;4966893;3742269;14854;34;4220391;2;0;0;0
FR;2;2021-08-26;32362;55844;388;0;60583;0;0;0;0;4999255;3798113;15242;34;4280974;2;0;0;0
FR;2;2021-08-27;37004;65679;477;2;71404;0;0;0;0;5036259;3863792;15719;36;4352378;2;0;0;0
FR;2;2021-08-28;17819;28555;300;0;31615;0;0;0;0;5054078;3892347;16019;36;4383993;2;0;0;0
FR;2;2021-08-29;2656;5012;47;0;5623;0;0;0;0;5056734;3897359;16066;36;4389616;2;0;0;0
FR;2;2021-08-30;18418;37727;399;0;40146;756;0;0;0;5075152;3935086;16465;36;4429762;758;0;0;0
FR;2;2021-08-31;28077;57518;887;4;60949;1558;0;0;0;5103229;3992604;17352;40;4490711;2316;0;0;0
FR;2;2021-09-01;21595;39875;1309;0;42256;2128;0;0;0;5124824;4032479;18661;40;4532967;4444;0;0;0
FR;2;2021-09-02;25486;48668;1963;2;50943;3369;0;0;0;5150310;4081147;20624;42;4583910;7813;0;0;0
FR;2;2021-09-03;33414;64575;2988;3;67538;4886;1;0;0;5183724;4145722;23612;45;4651448;12699;1;0;0
FR;2;2021-09-04;16833;27766;1443;1;29557;2386;0;0;0;5200557;4173488;25055;46;4681005;15085;1;0;0
FR;2;2021-09-05;2265;3585;266;0;3941;412;0;0;0;5202822;4177073;25321;46;4684946;15497;1;0;0
FR;2;2021-09-06;14045;28693;1771;1;29758;2945;0;0;0;5216867;4205766;27092;47;4714704;18442;1;0;0
FR;2;2021-09-07;21111;41111;3022;13;42264;4945;0;0;0;5237978;4246877;30114;60;4756968;23387;1;0;0
FR;2;2021-09-08;17248;31921;2735;6;32738;4498;0;0;0;5255226;4278798;32849;66;4789706;27885;1;0;0
FR;2;2021-09-09;20982;40484;4437;3;41228;6842;0;0;0;5276208;4319282;37286;69;4830934;34727;1;0;0
FR;2;2021-09-10;28203;51314;5286;4;51883;8979;1;0;0;5304411;4370596;42572;73;4882817;43706;2;0;0
FR;2;2021-09-11;13655;22460;2405;5;23133;3990;0;0;0;5318066;4393056;44977;78;4905950;47696;2;0;0
FR;2;2021-09-12;1824;2770;292;0;2965;509;0;0;0;5319890;4395826;45269;78;4908915;48205;2;0;0
FR;2;2021-09-13;11659;21441;2474;4;21702;4051;0;0;0;5331549;4417267;47743;82;4930617;52256;2;0;0
FR;2;2021-09-14;18578;32720;5092;13;31678;9055;2;0;0;5350127;4449987;52835;95;4962295;61311;4;0;0
FR;2;2021-09-15;14917;28226;5168;3;26926;7748;9;0;0;5365044;4478213;58003;98;4989221;69059;13;0;0
FR;2;2021-09-16;16078;32798;6737;12;30179;10541;4;0;0;5381122;4511011;64740;110;5019400;79600;17;0;0
FR;2;2021-09-17;20916;47179;8782;10;42825;14631;6;0;0;5402038;4558190;73522;120;5062225;94231;23;0;0
FR;2;2021-09-18;9857;20960;3804;6;19596;6034;1;0;0;5411895;4579150;77326;126;5081821;100265;24;0;0
FR;2;2021-09-19;1166;2590;396;0;2533;631;0;0;0;5413061;4581740;77722;126;5084354;100896;24;0;0
FR;2;2021-09-20;7503;18703;3856;7;17026;6135;4;0;0;5420564;4600443;81578;133;5101380;107031;28;0;0
FR;2;2021-09-21;11215;29983;6495;5;26536;10744;3;0;0;5431779;4630426;88073;138;5127916;117775;31;0;0
FR;2;2021-09-22;9414;23546;5490;6;21194;8526;8;0;0;5441193;4653972;93563;144;5149110;126301;39;0;0
FR;2;2021-09-23;10730;28903;7881;10;24731;12646;10;0;0;5451923;4682875;101444;154;5173841;138947;49;0;0
FR;2;2021-09-24;15075;42945;10878;18;37280;17245;21;0;0;5466998;4725820;112322;172;5211121;156192;70;0;0
FR;2;2021-09-25;7258;18798;3965;9;17152;6120;3;0;0;5474256;4744618;116287;181;5228273;162312;73;0;0
FR;2;2021-09-26;1080;2544;495;0;2490;630;1;0;0;5475336;4747162;116782;181;5230763;162942;74;0;0
FR;2;2021-09-27;6311;16400;4287;8;14792;6533;2;0;0;5481647;4763562;121069;189;5245555;169475;76;0;0
FR;2;2021-09-28;9243;25571;7770;14;21720;12087;7;0;0;5490890;4789133;128839;203;5267275;181562;83;0;0
FR;2;2021-09-29;8081;20200;6067;25;17605;9261;8;0;0;5498971;4809333;134906;228;5284880;190823;91;0;0
FR;2;2021-09-30;9865;25838;9509;16;21639;14099;6;0;0;5508836;4835171;144415;244;5306519;204922;97;0;0
FR;2;2021-10-01;13979;35733;12921;25;30043;19328;9;0;0;5522815;4870904;157336;269;5336562;224250;106;0;0
FR;2;2021-10-02;6874;15934;4850;7;14227;7047;6;0;0;5529689;4886838;162186;276;5350789;231297;112;0;0
FR;2;2021-10-03;841;1909;492;1;1840;502;0;0;0;5530530;4888747;162678;277;5352629;231799;112;0;0
FR;2;2021-10-04;5826;13901;5516;5;12137;7854;6;0;0;5536356;4902648;168194;282;5364766;239653;118;0;0
FR;2;2021-10-05;9058;22570;11125;19;18530;15741;1;0;0;5545414;4925218;179319;301;5383296;255394;119;0;0
FR;2;2021-10-06;7785;17748;8243;11;15274;11091;4;0;0;5553199;4942966;187562;312;5398570;266485;123;0;0
FR;2;2021-10-07;9204;22212;12386;14;18005;16878;6;0;0;5562403;4965178;199948;326;5416575;283363;129;0;0
FR;2;2021-10-08;13432;32144;17349;28;26518;23609;11;0;0;5575835;4997322;217297;354;5443093;306972;140;0;0
FR;2;2021-10-09;6000;12847;6044;6;11381;7897;7;0;0;5581835;5010169;223341;360;5454474;314869;147;0;0
FR;2;2021-10-10;885;1592;436;2;1535;604;1;0;0;5582720;5011761;223777;362;5456009;315473;148;0;0
FR;2;2021-10-11;5607;11544;6455;17;9933;8828;3;0;0;5588327;5023305;230232;379;5465942;324301;151;0;0
FR;2;2021-10-12;8031;17789;12551;13;13921;16790;9;0;0;5596358;5041094;242783;392;5479863;341091;160;0;0
FR;2;2021-10-13;6947;14867;10256;12;11808;13663;7;0;0;5603305;5055961;253039;404;5491671;354754;167;0;0
FR;2;2021-10-14;8314;17940;14996;13;13558;19477;10;0;0;5611619;5073901;268035;417;5505229;374231;177;0;0
FR;2;2021-10-15;11856;26309;20902;26;19412;27981;4;0;0;5623475;5100210;288937;443;5524641;402212;181;0;0
FR;2;2021-10-16;5141;8728;1819;0;8172;3205;2;0;0;5628616;5108938;290756;443;5532813;405417;183;0;0
FR;2;2021-10-17;654;1150;185;0;1083;354;1;0;0;5629270;5110088;290941;443;5533896;405771;184;0;0
FR;2;2021-10-18;4564;7337;665;2;7243;1630;0;0;0;5633834;5117425;291606;445;5541139;407401;184;0;0
FR;2;2021-10-19;6239;9849;732;5;9656;2030;5;0;0;5640073;5127274;292338;450;5550795;409431;189;0;0
FR;2;2021-10-20;5170;8050;759;3;8172;1675;0;0;0;5645243;5135324;293097;453;5558967;411106;189;0;0
FR;2;2021-10-21;6090;9984;780;5;9841;2105;1;0;0;5651333;5145308;293877;458;5568808;413211;190;0;0
FR;2;2021-10-22;8452;14600;1151;4;14476;2891;2;0;0;5659785;5159908;295028;462;5583284;416102;192;0;0
FR;2;2021-10-23;3845;5994;587;0;6127;1235;3;0;0;5663630;5165902;295615;462;5589411;417337;195;0;0
FR;2;2021-10-24;494;882;101;0;900;204;0;0;0;5664124;5166784;295716;462;5590311;417541;195;0;0
FR;2;2021-10-25;3360;5342;307;1;5518;825;2;0;0;5667484;5172126;296023;463;5595829;418366;197;0;0
FR;2;2021-10-26;4177;7236;1134;4;7125;2023;5;0;0;5671661;5179362;297157;467;5602954;420389;202;0;0
FR;2;2021-10-27;3677;6587;1194;5;6448;1990;1;0;0;5675338;5185949;298351;472;5609402;422379;203;0;0
FR;2;2021-10-28;4597;7687;1737;3;7415;2746;1;0;0;5679935;5193636;300088;475;5616817;425125;204;0;0
FR;2;2021-10-29;5414;11082;2438;4;10692;3684;3;0;0;5685349;5204718;302526;479;5627509;428809;207;0;0
FR;2;2021-10-30;2749;4457;976;1;4452;1448;2;0;0;5688098;5209175;303502;480;5631961;430257;209;0;0
FR;2;2021-10-31;364;535;140;1;544;191;1;0;0;5688462;5209710;303642;481;5632505;430448;210;0;0
FR;2;2021-11-01;430;546;181;0;563;267;1;0;0;5688892;5210256;303823;481;5633068;430715;211;0;0
FR;2;2021-11-02;3294;6759;1184;0;6799;1771;5;0;0;5692186;5217015;305007;481;5639867;432486;216;0;0
FR;2;2021-11-03;3340;6226;1389;2;6311;1970;2;0;0;5695526;5223241;306396;483;5646178;434456;218;0;0
FR;2;2021-11-04;3987;7069;1769;4;7109;2495;3;0;0;5699513;5230310;308165;487;5653287;436951;221;0;0
FR;2;2021-11-05;5235;10502;2868;5;10215;3957;5;0;0;5704748;5240812;311033;492;5663502;440908;226;0;0
FR;2;2021-11-06;2597;4684;1407;0;4641;1824;2;0;0;5707345;5245496;312440;492;5668143;442732;228;0;0
FR;2;2021-11-07;506;862;221;0;869;291;2;0;0;5707851;5246358;312661;492;5669012;443023;230;0;0
FR;2;2021-11-08;2578;5348;1207;3;5268;1678;3;0;0;5710429;5251706;313868;495;5674280;444701;233;0;0
FR;2;2021-11-09;2749;6908;2402;5;6442;3182;2;0;0;5713178;5258614;316270;500;5680722;447883;235;0;0
FR;2;2021-11-10;2590;5668;5118;6;4761;6294;7;0;0;5715768;5264282;321388;506;5685483;454177;242;0;0
FR;2;2021-11-11;446;754;755;2;647;938;3;0;0;5716214;5265036;322143;508;5686130;455115;245;0;0
FR;2;2021-11-12;2953;8088;8982;8;6196;10933;9;0;0;5719167;5273124;331125;516;5692326;466048;254;0;0
FR;2;2021-11-13;1539;3373;3872;7;2721;4538;4;0;0;5720706;5276497;334997;523;5695047;470586;258;0;0
FR;2;2021-11-14;258;585;351;1;486;480;3;0;0;5720964;5277082;335348;524;5695533;471066;261;0;0
FR;2;2021-11-15;1621;3655;4449;8;2909;5329;16;0;0;5722585;5280737;339797;532;5698442;476395;277;0;0
FR;2;2021-11-16;2185;5878;8313;14;4155;10082;16;0;0;5724770;5286615;348110;546;5702597;486477;293;0;0
FR;2;2021-11-17;1740;4523;6634;8;3168;7852;5;0;0;5726510;5291138;354744;554;5705765;494329;298;0;0
FR;2;2021-11-18;2192;5920;9188;10;4018;11018;8;0;0;5728702;5297058;363932;564;5709783;505347;306;0;0
FR;2;2021-11-19;2701;7752;12981;19;4832;15480;12;0;0;5731403;5304810;376913;583;5714615;520827;318;0;0
FR;2;2021-11-20;1566;3332;5184;5;2350;6097;3;0;0;5732969;5308142;382097;588;5716965;526924;321;0;0
FR;2;2021-11-21;251;502;543;0;392;655;3;0;0;5733220;5308644;382640;588;5717357;527579;324;0;0
FR;2;2021-11-22;1278;2573;4485;5;1675;5398;9;0;0;5734498;5311217;387125;593;5719032;532977;333;0;0
FR;2;2021-11-23;1617;4277;8207;9;2536;9923;6;0;0;5736115;5315494;395332;602;5721568;542900;339;0;0
FR;2;2021-11-24;1421;3747;7486;14;2246;8736;9;0;0;5737536;5319241;402818;616;5723814;551636;348;0;0
FR;2;2021-11-25;1814;4863;11474;21;2682;13668;6;0;0;5739350;5324104;414292;637;5726496;565304;354;0;0
FR;2;2021-11-26;2541;7735;22676;31;3812;26091;14;0;0;5741891;5331839;436968;668;5730308;591395;368;0;0
FR;2;2021-11-27;1498;4144;12278;19;2127;14042;13;0;0;5743389;5335983;449246;687;5732435;605437;381;0;0
FR;2;2021-11-28;292;836;1976;3;478;2303;5;0;0;5743681;5336819;451222;690;5732913;607740;386;0;0
FR;2;2021-11-29;1449;4349;15099;23;2010;17269;25;0;0;5745130;5341168;466321;713;5734923;625009;411;0;0
FR;2;2021-11-30;1913;6658;26251;36;2640;30013;22;0;0;5747043;5347826;492572;749;5737563;655022;433;0;0
FR;2;2021-12-01;1918;6006;26210;31;2477;29518;20;0;0;5748961;5353832;518782;780;5740040;684540;453;0;0
FR;2;2021-12-02;1916;6780;37736;52;2112;41995;32;0;0;5750877;5360612;556518;832;5742152;726535;485;0;0
FR;2;2021-12-03;2558;10069;53644;111;3592;59391;31;0;0;5753435;5370681;610162;943;5745744;785926;516;0;0
FR;2;2021-12-04;1850;6275;37132;38;2185;40820;16;0;0;5755285;5376956;647294;981;5747929;826746;532;0;0
FR;2;2021-12-05;458;2242;14265;14;533;15990;7;0;0;5755743;5379198;661559;995;5748462;842736;539;0;0
FR;2;2021-12-06;2486;9848;77735;109;2698;84788;25;0;0;5758229;5389046;739294;1104;5751160;927524;564;0;0
FR;2;2021-12-07;3458;15288;122473;238;3742;133795;40;0;0;5761687;5404334;861767;1342;5754902;1061319;604;0;0
FR;2;2021-12-08;3725;15969;133225;330;3847;145413;54;0;0;5765412;5420303;994992;1672;5758749;1206732;658;0;0
FR;2;2021-12-09;4547;19624;170241;554;4165;185638;61;0;0;5769959;5439927;1165233;2226;5762914;1392370;719;0;0
FR;2;2021-12-10;4676;22804;188699;490;5011;206188;69;0;0;5774635;5462731;1353932;2716;5767925;1598558;788;0;0
FR;2;2021-12-11;3688;16621;132468;239;3664;144936;60;0;0;5778323;5479352;1486400;2955;5771589;1743494;848;0;0
FR;2;2021-12-12;1256;7119;59116;83;1015;65170;12;0;0;5779579;5486471;1545516;3038;5772604;1808664;860;0;0
FR;2;2021-12-13;5529;26811;220733;605;5223;243029;159;0;0;5785108;5513282;1766249;3643;5777827;2051693;1019;0;0
FR;2;2021-12-14;7019;37458;300806;909;6136;332278;190;0;0;5792127;5550740;2067055;4552;5783963;2383971;1209;0;0
FR;2;2021-12-15;6555;36216;285264;958;5866;315903;186;0;0;5798682;5586956;2352319;5510;5789829;2699874;1395;0;0
FR;2;2021-12-16;7765;37922;312178;982;6565;343819;186;0;0;5806447;5624878;2664497;6492;5796394;3043693;1581;0;0
FR;2;2021-12-17;8681;41188;327909;976;8020;360986;232;0;0;5815128;5666066;2992406;7468;5804414;3404679;1813;0;0
FR;2;2021-12-18;6515;26527;212374;448;4904;233673;120;0;0;5821643;5692593;3204780;7916;5809318;3638352;1933;0;0
FR;2;2021-12-19;2603;11403;90226;182;1655;100356;26;0;0;5824246;5703996;3295006;8098;5810973;3738708;1959;0;0
FR;2;2021-12-20;9548;33516;275258;707;6587;303404;209;0;0;5833794;5737512;3570264;8805;5817560;4042112;2168;0;0
FR;2;2021-12-21;11567;38270;309662;968;7370;341437;262;0;0;5845361;5775782;3879926;9773;5824930;4383549;2430;0;0
FR;2;2021-12-22;10461;32775;265147;952;6442;292502;316;0;1;5855822;5808557;4145073;10725;5831372;4676051;2746;0;1
FR;2;2021-12-23;9426;26618;199534;701;5874;221292;225;0;0;5865248;5835175;4344607;11426;5837246;4897343;2971;0;1
FR;2;2021-12-24;2783;7466;43866;140;2036;49561;78;0;0;5868031;5842641;4388473;11566;5839282;4946904;3049;0;1
FR;2;2021-12-25;201;671;2003;10;209;2478;15;0;0;5868232;5843312;4390476;11576;5839491;4949382;3064;0;1
FR;2;2021-12-26;1320;4215;25161;71;1052;28693;70;0;0;5869552;5847527;4415637;11647;5840543;4978075;3134;0;1
FR;2;2021-12-27;8076;29928;218437;659;6623;243388;294;0;0;5877628;5877455;4634074;12306;5847166;5221463;3428;0;1
FR;2;2021-12-28;9832;36287;272116;742;6982;302014;957;0;1;5887460;5913742;4906190;13048;5854148;5523477;4385;0;2
FR;2;2021-12-29;9498;32219;246151;765;6403;272697;1088;0;0;5896958;5945961;5152341;13813;5860551;5796174;5473;0;2
FR;2;2021-12-30;9464;28092;208839;663;5970;231480;1155;0;0;5906422;5974053;5361180;14476;5866521;6027654;6628;0;2
FR;2;2021-12-31;3011;8341;54991;176;2170;61233;392;0;0;5909433;5982394;5416171;14652;5868691;6088887;7020;0;2
FR;2;2022-01-01;231;693;2858;7;207;3353;29;0;0;5909664;5983087;5419029;14659;5868898;6092240;7049;0;2
FR;2;2022-01-02;1503;4859;29524;76;1166;33418;217;0;0;5911167;5987946;5448553;14735;5870064;6125658;7266;0;2
FR;2;2022-01-03;9606;35394;266544;806;8498;293919;1672;0;0;5920773;6023340;5715097;15541;5878562;6419577;8938;0;2
FR;2;2022-01-04;12857;45400;342103;1068;9970;377041;2458;0;1;5933630;6068740;6057200;16609;5888532;6796618;11396;0;3
FR;2;2022-01-05;11273;38626;294222;884;8635;323855;2154;0;2;5944903;6107366;6351422;17493;5897167;7120473;13550;0;5
FR;2;2022-01-06;13653;43489;331957;1298;9934;364768;2977;0;1;5958556;6150855;6683379;18791;5907101;7485241;16527;0;6
FR;2;2022-01-07;14224;47608;361123;1271;11231;396466;3159;0;0;5972780;6198463;7044502;20062;5918332;7881707;19686;0;6
FR;2;2022-01-08;7946;28136;201276;515;7209;221702;1531;0;2;5980726;6226599;7245778;20577;5925541;8103409;21217;0;8
FR;2;2022-01-09;2749;8947;62531;137;2069;69498;493;0;0;5983475;6235546;7308309;20714;5927610;8172907;21710;0;8
FR;2;2022-01-10;10100;31906;232509;859;8901;255084;2460;0;0;5993575;6267452;7540818;21573;5936511;8427991;24170;0;8
FR;2;2022-01-11;11466;36236;265946;1030;10055;290652;3380;0;1;6005041;6303688;7806764;22603;5946566;8718643;27550;0;9
FR;2;2022-01-12;8766;29788;206336;863;8717;226178;2798;0;5;6013807;6333476;8013100;23466;5955283;8944821;30348;0;14
FR;2;2022-01-13;9387;31337;224510;831;9039;244858;3463;0;4;6023194;6364813;8237610;24297;5964322;9189679;33811;0;18
FR;2;2022-01-14;9745;35575;254550;920;9842;277654;3979;0;1;6032939;6400388;8492160;25217;5974164;9467333;37790;0;19
FR;2;2022-01-15;5361;19443;140787;363;5321;153647;1929;0;0;6038300;6419831;8632947;25580;5979485;9620980;39719;0;19
FR;2;2022-01-16;1512;5457;35892;81;1619;39818;424;0;0;6039812;6425288;8668839;25661;5981104;9660798;40143;0;19
FR;2;2022-01-17;5546;19264;135421;601;6600;147263;2264;0;2;6045358;6444552;8804260;26262;5987704;9808061;42407;0;21
FR;2;2022-01-18;6422;21480;148647;648;7519;160471;3311;0;0;6051780;6466032;8952907;26910;5995223;9968532;45718;0;21
FR;2;2022-01-19;4398;16304;105112;552;6206;113702;2411;0;1;6056178;6482336;9058019;27462;6001429;10082234;48129;0;22
FR;2;2022-01-20;4873;17573;115304;603;7068;123695;3111;0;2;6061051;6499909;9173323;28065;6008497;10205929;51240;0;24
FR;2;2022-01-21;5198;20041;137357;679;7169;147775;3455;0;1;6066249;6519950;9310680;28744;6015666;10353704;54695;0;25
FR;2;2022-01-22;3033;10956;74265;260;3956;80339;1428;0;0;6069282;6530906;9384945;29004;6019622;10434043;56123;0;25
FR;2;2022-01-23;724;2707;15243;41;1055;16826;238;0;0;6070006;6533613;9400188;29045;6020677;10450869;56361;0;25
FR;2;2022-01-24;3292;12793;75084;431;5843;81019;1994;0;2;6073298;6546406;9475272;29476;6026520;10531888;58355;0;27
FR;2;2022-01-25;3575;14404;79636;496;6650;85461;2879;0;4;6076873;6560810;9554908;29972;6033170;10617349;61234;0;31
FR;2;2022-01-26;2515;10702;58986;363;5331;63035;1958;0;1;6079388;6571512;9613894;30335;6038501;10680384;63192;0;32
FR;2;2022-01-27;2684;11386;64185;391;5738;67972;2462;0;1;6082072;6582898;9678079;30726;6044239;10748356;65654;0;33
FR;2;2022-01-28;3551;18258;91730;430;8612;98907;3399;0;1;6085623;6601156;9769809;31156;6052851;10847263;69053;0;34
FR;2;2022-01-29;1896;9234;48856;164;4170;52929;1374;0;1;6087519;6610390;9818665;31320;6057021;10900192;70427;0;35
FR;2;2022-01-30;464;2206;9457;38;1049;10584;203;0;0;6087983;6612596;9828122;31358;6058070;10910776;70630;0;35
FR;2;2022-01-31;1891;9552;43834;209;4710;47322;1886;0;2;6089874;6622148;9871956;31567;6062780;10958098;72516;0;37
FR;2;2022-02-01;1916;10020;47030;279;4797;50080;2707;0;0;6091790;6632168;9918986;31846;6067577;11008178;75223;0;37
FR;2;2022-02-02;1614;8971;41124;250;4191;44147;2189;0;1;6093404;6641139;9960110;32096;6071768;11052325;77412;0;38
FR;2;2022-02-03;1732;8930;40526;205;4370;42911;2640;0;2;6095136;6650069;10000636;32301;6076138;11095236;80052;0;40
FR;2;2022-02-04;2151;15170;66648;299;7382;71317;3670;0;1;6097287;6665239;10067284;32600;6083520;11166553;83722;0;41
FR;2;2022-02-05;1360;8517;35948;132;4214;39220;1369;0;0;6098647;6673756;10103232;32732;6087734;11205773;85091;0;41
FR;2;2022-02-06;275;1761;6130;16;842;6899;217;0;0;6098922;6675517;10109362;32748;6088576;11212672;85308;0;41
FR;2;2022-02-07;1352;9543;37760;134;4535;41288;1888;0;2;6100274;6685060;10147122;32882;6093111;11253960;87196;0;43
FR;2;2022-02-08;1299;9833;40956;173;4645;43750;2741;0;1;6101573;6694893;10188078;33055;6097756;11297710;89937;0;44
FR;2;2022-02-09;1160;8841;37040;174;3804;40465;1901;0;2;6102733;6703734;10225118;33229;6101560;11338175;91838;0;46
FR;2;2022-02-10;1030;8001;33837;204;3605;36511;2051;0;1;6103763;6711735;10258955;33433;6105165;11374686;93889;0;47
FR;2;2022-02-11;1391;12087;53348;223;5282;57702;2888;0;0;6105154;6723822;10312303;33656;6110447;11432388;96777;0;47
FR;2;2022-02-12;753;6535;27989;86;2792;30808;1113;0;2;6105907;6730357;10340292;33742;6113239;11463196;97890;0;49
FR;2;2022-02-13;200;1340;4836;20;562;5577;141;0;0;6106107;6731697;10345128;33762;6113801;11468773;98031;0;49
FR;2;2022-02-14;836;6732;30274;92;2599;33233;1399;0;1;6106943;6738429;10375402;33854;6116400;11502006;99430;0;50
FR;2;2022-02-15;774;6473;28051;140;2801;29994;1965;0;2;6107717;6744902;10403453;33994;6119201;11532000;101395;0;52
FR;2;2022-02-16;657;5363;22069;124;2529;23635;1569;0;3;6108374;6750265;10425522;34118;6121730;11555635;102964;0;55
FR;2;2022-02-17;518;3786;14152;98;2131;14617;1406;0;2;6108892;6754051;10439674;34216;6123861;11570252;104370;0;57
FR;2;2022-02-18;723;5369;20443;134;3041;21130;1895;0;0;6109615;6759420;10460117;34350;6126902;11591382;106265;0;57
FR;2;2022-02-19;431;3061;10533;66;1699;11247;753;0;2;6110046;6762481;10470650;34416;6128601;11602629;107018;0;59
FR;2;2022-02-20;102;520;1463;3;314;1613;100;0;0;6110148;6763001;10472113;34419;6128915;11604242;107118;0;59
FR;2;2022-02-21;423;2685;9122;65;1569;9499;930;0;0;6110571;6765686;10481235;34484;6130484;11613741;108048;0;59
FR;2;2022-02-22;393;2568;8894;77;1622;8797;1180;0;0;6110964;6768254;10490129;34561;6132106;11622538;109228;0;59
FR;2;2022-02-23;432;2605;8992;82;1522;9269;1022;0;0;6111396;6770859;10499121;34643;6133628;11631807;110250;0;59
FR;2;2022-02-24;314;2039;6805;82;1251;6835;870;0;0;6111710;6772898;10505926;34725;6134879;11638642;111120;0;59
FR;2;2022-02-25;456;3210;11423;107;1979;11286;1560;0;3;6112166;6776108;10517349;34832;6136858;11649928;112680;0;62
FR;2;2022-02-26;297;1892;6038;49;1161;6345;587;0;1;6112463;6778000;10523387;34881;6138019;11656273;113267;0;63
FR;2;2022-02-27;76;313;908;5;214;951;98;0;0;6112539;6778313;10524295;34886;6138233;11657224;113365;0;63
FR;2;2022-02-28;332;1689;5525;53;1088;5531;733;0;0;6112871;6780002;10529820;34939;6139321;11662755;114098;0;63
FR;2;2022-03-01;279;1569;5484;46;952;5201;964;0;2;6113150;6781571;10535304;34985;6140273;11667956;115062;0;65
FR;2;2022-03-02;298;1446;5248;46;878;5092;816;0;1;6113448;6783017;10540552;35031;6141151;11673048;115878;0;66
FR;2;2022-03-03;226;1112;3709;42;721;3486;668;0;1;6113674;6784129;10544261;35073;6141872;11676534;116546;0;67
FR;2;2022-03-04;243;1469;4860;74;983;4506;950;0;1;6113917;6785598;10549121;35147;6142855;11681040;117496;0;68
FR;2;2022-03-05;174;906;2981;34;613;2725;561;0;0;6114091;6786504;10552102;35181;6143468;11683765;118057;0;68
FR;2;2022-03-06;42;188;280;5;110;320;52;0;0;6114133;6786692;10552382;35186;6143578;11684085;118109;0;68
FR;2;2022-03-07;157;659;1989;70;491;1779;472;0;0;6114290;6787351;10554371;35256;6144069;11685864;118581;0;68
FR;2;2022-03-08;144;670;2273;53;461;1908;619;0;0;6114434;6788021;10556644;35309;6144530;11687772;119200;0;68
FR;2;2022-03-09;156;709;2351;37;473;2052;617;0;0;6114590;6788730;10558995;35346;6145003;11689824;119817;0;68
FR;2;2022-03-10;123;603;1695;35;446;1470;456;0;1;6114713;6789333;10560690;35381;6145449;11691294;120273;0;69
FR;2;2022-03-11;172;757;2770;57;505;2369;737;0;1;6114885;6790090;10563460;35438;6145954;11693663;121010;0;70
FR;2;2022-03-12;149;485;1787;27;331;1557;450;0;0;6115034;6790575;10565247;35465;6146285;11695220;121460;0;70
FR;2;2022-03-13;25;75;203;30;45;204;69;0;0;6115059;6790650;10565450;35495;6146330;11695424;121529;0;70
FR;2;2022-03-14;129;470;1572;529;333;1301;951;0;0;6115188;6791120;10567022;36024;6146663;11696725;122480;0;70
FR;2;2022-03-15;139;441;1713;691;333;1333;1186;0;1;6115327;6791561;10568735;36715;6146996;11698058;123666;0;71
FR;2;2022-03-16;142;476;2013;1616;331;1593;2160;0;2;6115469;6792037;10570748;38331;6147327;11699651;125826;0;73
FR;2;2022-03-17;95;413;1412;1192;273;1148;1576;0;1;6115564;6792450;10572160;39523;6147600;11700799;127402;0;74
FR;2;2022-03-18;147;496;2026;1795;335;1669;2313;0;1;6115711;6792946;10574186;41318;6147935;11702468;129715;0;75
FR;2;2022-03-19;108;321;1210;941;219;1015;1259;0;0;6115819;6793267;10575396;42259;6148154;11703483;130974;0;75
FR;2;2022-03-20;13;77;191;59;39;168;115;0;0;6115832;6793344;10575587;42318;6148193;11703651;131089;0;75
FR;2;2022-03-21;98;307;1218;1483;181;1081;1760;0;1;6115930;6793651;10576805;43801;6148374;11704732;132849;0;76
FR;2;2022-03-22;118;391;1533;1830;244;1294;2219;0;0;6116048;6794042;10578338;45631;6148618;11706026;135068;0;76
FR;2;2022-03-23;137;362;1684;3032;232;1475;3374;0;6;6116185;6794404;10580022;48663;6148850;11707501;138442;0;82
FR;2;2022-03-24;117;293;1183;1548;186;1001;1814;0;8;6116302;6794697;10581205;50211;6149036;11708502;140256;0;90
FR;2;2022-03-25;119;361;1807;2451;238;1477;2837;0;8;6116421;6795058;10583012;52662;6149274;11709979;143093;0;98
FR;2;2022-03-26;79;247;1205;1222;138;953;1531;0;5;6116500;6795305;10584217;53884;6149412;11710932;144624;0;103
FR;2;2022-03-27;19;36;154;100;19;133;144;0;0;6116519;6795341;10584371;53984;6149431;11711065;144768;0;103
FR;2;2022-03-28;94;290;1140;1602;189;996;1835;0;6;6116613;6795631;10585511;55586;6149620;11712061;146603;0;109
FR;2;2022-03-29;108;258;1325;2467;167;1105;2760;0;4;6116721;6795889;10586836;58053;6149787;11713166;149363;0;113
FR;2;2022-03-30;91;312;1489;3187;163;1320;3424;0;2;6116812;6796201;10588325;61240;6149950;11714486;152787;0;115
FR;2;2022-03-31;104;284;1277;2332;171;1092;2616;0;3;6116916;6796485;10589602;63572;6150121;11715578;155403;0;118
FR;2;2022-04-01;123;324;1568;2349;164;1323;2667;0;7;6117039;6796809;10591170;65921;6150285;11716901;158070;0;125
FR;2;2022-04-02;81;161;845;891;83;737;1052;0;1;6117120;6796970;10592015;66812;6150368;11717638;159122;0;126
FR;2;2022-04-03;16;53;128;113;27;142;133;0;1;6117136;6797023;10592143;66925;6150395;11717780;159255;0;127
FR;2;2022-04-04;114;249;990;1447;151;799;1693;0;5;6117250;6797272;10593133;68372;6150546;11718579;160948;0;132
FR;2;2022-04-05;143;302;1322;2921;162;1150;3150;0;17;6117393;6797574;10594455;71293;6150708;11719729;164098;0;149
FR;2;2022-04-06;89;261;1308;2522;129;1131;2687;0;10;6117482;6797835;10595763;73815;6150837;11720860;166785;0;159
FR;2;2022-04-07;120;230;1303;2682;141;1042;2958;0;8;6117602;6798065;10597066;76497;6150978;11721902;169743;0;167
FR;2;2022-04-08;126;346;1636;3351;182;1328;3642;0;12;6117728;6798411;10598702;79848;6151160;11723230;173385;0;179
FR;2;2022-04-09;90;219;900;1046;144;732;1288;0;4;6117818;6798630;10599602;80894;6151304;11723962;174673;0;183
FR;2;2022-04-10;37;49;143;162;46;119;200;0;1;6117855;6798679;10599745;81056;6151350;11724081;174873;0;184
FR;2;2022-04-11;88;196;892;1560;122;782;1718;0;6;6117943;6798875;10600637;82616;6151472;11724863;176591;0;190
FR;2;2022-04-12;176;273;1183;2770;175;1062;2903;0;8;6118119;6799148;10601820;85386;6151647;11725925;179494;0;198
FR;2;2022-04-13;147;232;1125;2477;111;989;2671;0;11;6118266;6799380;10602945;87863;6151758;11726914;182165;0;209
FR;2;2022-04-14;115;227;1085;2677;114;919;2911;0;18;6118381;6799607;10604030;90540;6151872;11727833;185076;0;227
FR;2;2022-04-15;114;261;1221;2304;131;1078;2544;0;7;6118495;6799868;10605251;92844;6152003;11728911;187620;0;234
FR;2;2022-04-16;67;108;548;549;68;459;675;0;9;6118562;6799976;10605799;93393;6152071;11729370;188295;0;243
FR;2;2022-04-17;15;28;57;53;17;53;71;0;0;6118577;6800004;10605856;93446;6152088;11729423;188366;0;243
FR;2;2022-04-18;12;35;121;70;18;116;95;0;0;6118589;6800039;10605977;93516;6152106;11729539;188461;0;243
FR;2;2022-04-19;112;237;1120;1750;149;951;1934;0;9;6118701;6800276;10607097;95266;6152255;11730490;190395;0;252
FR;2;2022-04-20;95;243;1110;2172;127;934;2366;0;14;6118796;6800519;10608207;97438;6152382;11731424;192761;0;266
FR;2;2022-04-21;111;233;983;1912;125;838;2141;0;10;6118907;6800752;10609190;99350;6152507;11732262;194902;0;276
FR;2;2022-04-22;100;276;1243;2102;141;1024;2440;0;11;6119007;6801028;10610433;101452;6152648;11733286;197342;0;287
FR;2;2022-04-23;67;156;645;762;107;574;862;0;8;6119074;6801184;10611078;102214;6152755;11733860;198204;0;295
FR;2;2022-04-24;12;30;101;68;12;79;100;0;0;6119086;6801214;10611179;102282;6152767;11733939;198304;0;295
FR;2;2022-04-25;104;204;822;1329;103;711;1528;0;15;6119190;6801418;10612001;103611;6152870;11734650;199832;0;310
FR;2;2022-04-26;110;184;1041;2022;118;879;2219;0;18;6119300;6801602;10613042;105633;6152988;11735529;202051;0;328
FR;2;2022-04-27;98;181;860;1787;122;764;1809;0;7;6119398;6801783;10613902;107420;6153110;11736293;203860;0;335
FR;2;2022-04-28;93;214;949;1931;128;842;2087;0;12;6119491;6801997;10614851;109351;6153238;11737135;205947;0;347
FR;2;2022-04-29;81;282;1133;1697;131;1044;1876;0;11;6119572;6802279;10615984;111048;6153369;11738179;207823;0;358
FR;2;2022-04-30;66;127;471;540;80;430;628;0;9;6119638;6802406;10616455;111588;6153449;11738609;208451;0;367
FR;2;2022-05-01;24;24;84;49;20;85;61;0;1;6119662;6802430;10616539;111637;6153469;11738694;208512;0;368
FR;2;2022-05-02;115;232;764;1217;141;662;1375;0;5;6119777;6802662;10617303;112854;6153610;11739356;209887;0;373
FR;2;2022-05-03;152;233;999;1781;156;938;1895;0;14;6119929;6802895;10618302;114635;6153766;11740294;211782;0;387
FR;2;2022-05-04;90;226;926;1811;116;869;1822;0;13;6120019;6803121;10619228;116446;6153882;11741163;213604;0;400
FR;2;2022-05-05;127;198;857;1732;147;774;1848;0;10;6120146;6803319;10620085;118178;6154029;11741937;215452;0;410
FR;2;2022-05-06;133;246;1100;1855;139;1016;2052;0;16;6120279;6803565;10621185;120033;6154168;11742953;217504;0;426
FR;2;2022-05-07;40;99;470;504;61;406;593;0;4;6120319;6803664;10621655;120537;6154229;11743359;218097;0;430
FR;2;2022-05-08;48;54;107;71;41;102;101;0;0;6120367;6803718;10621762;120608;6154270;11743461;218198;0;430
FR;2;2022-05-09;101;174;654;986;103;604;1130;0;9;6120468;6803892;10622416;121594;6154373;11744065;219328;0;439
FR;2;2022-05-10;121;252;938;1841;155;893;1965;0;23;6120589;6804144;10623354;123435;6154528;11744958;221293;0;462
FR;2;2022-05-11;103;179;816;1879;117;795;1868;0;8;6120692;6804323;10624170;125314;6154645;11745753;223161;0;470
FR;2;2022-05-12;111;174;845;2096;116;803;2213;0;21;6120803;6804497;10625015;127410;6154761;11746556;225374;0;491
FR;2;2022-05-13;100;236;969;2097;122;900;2273;0;13;6120903;6804733;10625984;129507;6154883;11747456;227647;0;504
FR;2;2022-05-14;76;124;451;553;93;411;632;0;6;6120979;6804857;10626435;130060;6154976;11747867;228279;0;510
FR;2;2022-05-15;24;39;94;88;20;108;95;0;1;6121003;6804896;10626529;130148;6154996;11747975;228374;0;511
FR;2;2022-05-16;102;170;601;925;115;537;1037;0;11;6121105;6805066;10627130;131073;6155111;11748512;229411;0;522
FR;2;2022-05-17;95;184;690;1687;119;658;1739;0;8;6121200;6805250;10627820;132760;6155230;11749170;231150;0;530
FR;2;2022-05-18;80;181;643;1431;97;648;1486;0;10;6121280;6805431;10628463;134191;6155327;11749818;232636;0;540
FR;2;2022-05-19;73;161;710;1830;81;752;1816;0;12;6121353;6805592;10629173;136021;6155408;11750570;234452;0;552
FR;2;2022-05-20;107;181;874;1701;111;779;1849;0;17;6121460;6805773;10630047;137722;6155519;11751349;236301;0;569
FR;2;2022-05-21;48;96;398;517;71;339;581;0;8;6121508;6805869;10630445;138239;6155590;11751688;236882;0;577
FR;2;2022-05-22;8;23;69;37;18;57;56;0;0;6121516;6805892;10630514;138276;6155608;11751745;236938;0;577
FR;2;2022-05-23;86;133;498;931;100;469;967;0;7;6121602;6806025;10631012;139207;6155708;11752214;237905;0;584
FR;2;2022-05-24;87;164;627;1626;103;615;1680;0;17;6121689;6806189;10631639;140833;6155811;11752829;239585;0;601
FR;2;2022-05-25;72;146;539;1149;90;494;1260;0;5;6121761;6806335;10632178;141982;6155901;11753323;240845;0;606
FR;2;2022-05-26;12;31;77;45;13;85;56;0;1;6121773;6806366;10632255;142027;6155914;11753408;240901;0;607
FR;2;2022-05-27;44;124;456;818;68;438;893;0;9;6121817;6806490;10632711;142845;6155982;11753846;241794;0;616
FR;2;2022-05-28;28;60;221;244;29;221;266;0;1;6121845;6806550;10632932;143089;6156011;11754067;242060;0;617
FR;2;2022-05-29;13;34;43;25;22;51;28;0;0;6121858;6806584;10632975;143114;6156033;11754118;242088;0;617
FR;2;2022-05-30;65;109;425;755;60;410;806;0;6;6121923;6806693;10633400;143869;6156093;11754528;242894;0;623
FR;2;2022-05-31;76;135;564;1278;92;511;1304;0;12;6121999;6806828;10633964;145147;6156185;11755039;244198;0;635
FR;2;2022-06-01;59;160;564;1075;86;543;1170;0;6;6122058;6806988;10634528;146222;6156271;11755582;245368;0;641
FR;2;2022-06-02;92;178;626;1414;109;593;1520;0;12;6122150;6807166;10635154;147636;6156380;11756175;246888;0;653
FR;2;2022-06-03;71;157;668;1605;96;595;1694;0;19;6122221;6807323;10635822;149241;6156476;11756770;248582;0;672
FR;2;2022-06-04;69;93;283;434;66;269;476;0;11;6122290;6807416;10636105;149675;6156542;11757039;249058;0;683
FR;2;2022-06-05;12;17;63;58;16;47;75;0;1;6122302;6807433;10636168;149733;6156558;11757086;249133;0;684
FR;2;2022-06-06;12;40;93;76;29;92;81;0;4;6122314;6807473;10636261;149809;6156587;11757178;249214;0;688
FR;2;2022-06-07;99;222;667;1535;154;577;1661;0;10;6122413;6807695;10636928;151344;6156741;11757755;250875;0;698
FR;2;2022-06-08;70;119;477;1166;76;411;1262;0;5;6122483;6807814;10637405;152510;6156817;11758166;252137;0;703
FR;2;2022-06-09;93;166;613;1923;107;571;1927;0;18;6122576;6807980;10638018;154433;6156924;11758737;254064;0;721
FR;2;2022-06-10;93;168;650;1683;107;622;1774;0;23;6122669;6808148;10638668;156116;6157031;11759359;255838;0;744
FR;2;2022-06-11;44;85;287;529;42;258;583;0;5;6122713;6808233;10638955;156645;6157073;11759617;256421;0;749
FR;2;2022-06-12;18;38;58;78;27;60;78;0;0;6122731;6808271;10639013;156723;6157100;11759677;256499;0;749
FR;2;2022-06-13;39;121;395;953;63;379;1021;0;6;6122770;6808392;10639408;157676;6157163;11760056;257520;0;755
FR;2;2022-06-14;68;157;599;2088;101;537;2189;0;14;6122838;6808549;10640007;159764;6157264;11760593;259709;0;769
FR;2;2022-06-15;78;104;522;1504;84;444;1641;0;10;6122916;6808653;10640529;161268;6157348;11761037;261350;0;779
FR;2;2022-06-16;127;128;497;1411;123;424;1526;0;12;6123043;6808781;10641026;162679;6157471;11761461;262876;0;791
FR;2;2022-06-17;73;138;589;1817;88;516;1921;0;16;6123116;6808919;10641615;164496;6157559;11761977;264797;0;807
FR;2;2022-06-18;76;93;224;579;81;196;630;0;4;6123192;6809012;10641839;165075;6157640;11762173;265427;0;811
FR;2;2022-06-19;11;17;53;71;7;41;90;0;2;6123203;6809029;10641892;165146;6157647;11762214;265517;0;813
FR;2;2022-06-20;62;125;401;1028;72;392;1105;0;10;6123265;6809154;10642293;166174;6157719;11762606;266622;0;823
FR;2;2022-06-21;108;116;526;2127;105;455;2164;0;22;6123373;6809270;10642819;168301;6157824;11763061;268786;0;845
FR;2;2022-06-22;39;110;462;1889;57;415;1971;0;25;6123412;6809380;10643281;170190;6157881;11763476;270757;0;870
FR;2;2022-06-23;58;109;537;2282;68;452;2400;0;30;6123470;6809489;10643818;172472;6157949;11763928;273157;0;900
FR;2;2022-06-24;66;122;709;3199;65;571;3339;0;38;6123536;6809611;10644527;175671;6158014;11764499;276496;0;938
FR;2;2022-06-25;30;90;298;988;55;254;1041;0;13;6123566;6809701;10644825;176659;6158069;11764753;277537;0;951
FR;2;2022-06-26;30;27;131;194;29;97;236;0;5;6123596;6809728;10644956;176853;6158098;11764850;277773;0;956
FR;2;2022-06-27;79;137;582;2490;94;483;2623;0;39;6123675;6809865;10645538;179343;6158192;11765333;280396;0;995
FR;2;2022-06-28;110;140;812;4817;81;650;4894;0;54;6123785;6810005;10646350;184160;6158273;11765983;285290;0;1049
FR;2;2022-06-29;73;150;776;4436;80;637;4532;0;56;6123858;6810155;10647126;188596;6158353;11766620;289822;0;1105
FR;2;2022-06-30;72;133;834;5177;71;619;5398;0;79;6123930;6810288;10647960;193773;6158424;11767239;295220;0;1184
FR;2;2022-07-01;113;161;1152;6692;95;853;6944;0;92;6124043;6810449;10649112;200465;6158519;11768092;302164;0;1276
FR;2;2022-07-02;69;132;474;1977;82;392;2068;0;27;6124112;6810581;10649586;202442;6158601;11768484;304232;0;1303
FR;2;2022-07-03;23;30;147;334;21;131;357;0;8;6124135;6810611;10649733;202776;6158622;11768615;304589;0;1311
FR;2;2022-07-04;122;184;776;3785;113;612;3971;0;49;6124257;6810795;10650509;206561;6158735;11769227;308560;0;1360
FR;2;2022-07-05;119;187;1121;6818;121;828;6999;0;85;6124376;6810982;10651630;213379;6158856;11770055;315559;0;1445
FR;2;2022-07-06;92;152;951;5807;94;698;5933;0;84;6124468;6811134;10652581;219186;6158950;11770753;321492;0;1529
FR;2;2022-07-07;81;185;1021;6501;116;752;6732;0;101;6124549;6811319;10653602;225687;6159066;11771505;328224;0;1630
FR;2;2022-07-08;65;122;1095;7044;51;758;7235;0;123;6124614;6811441;10654697;232731;6159117;11772263;335459;0;1753
FR;2;2022-07-09;34;62;417;1869;31;299;1919;0;33;6124648;6811503;10655114;234600;6159148;11772562;337378;0;1786
FR;2;2022-07-10;7;17;97;315;8;83;327;0;5;6124655;6811520;10655211;234915;6159156;11772645;337705;0;1791
FR;2;2022-07-11;68;121;683;3826;76;541;3901;0;67;6124723;6811641;10655894;238741;6159232;11773186;341606;0;1858
FR;2;2022-07-12;102;180;1054;6517;107;809;6725;0;119;6124825;6811821;10656948;245258;6159339;11773995;348331;0;1977
FR;2;2022-07-13;65;127;879;4664;75;591;4830;0;78;6124890;6811948;10657827;249922;6159414;11774586;353161;0;2055
FR;2;2022-07-14;6;13;89;250;8;60;269;0;8;6124896;6811961;10657916;250172;6159422;11774646;353430;0;2063
FR;2;2022-07-15;61;129;739;3795;53;560;3961;0;75;6124957;6812090;10658655;253967;6159475;11775206;357391;0;2138
FR;2;2022-07-16;27;54;289;1031;30;242;1077;0;25;6124984;6812144;10658944;254998;6159505;11775448;358468;0;2163
FR;2;2022-07-17;5;12;78;201;6;67;207;0;6;6124989;6812156;10659022;255199;6159511;11775515;358675;0;2169
FR;2;2022-07-18;57;103;514;2510;61;385;2648;0;59;6125046;6812259;10659536;257709;6159572;11775900;361323;0;2228
FR;2;2022-07-19;66;133;770;4258;72;555;4447;0;72;6125112;6812392;10660306;261967;6159644;11776455;365770;0;2300
FR;2;2022-07-20;59;117;582;3179;68;430;3278;0;87;6125171;6812509;10660888;265146;6159712;11776885;369048;0;2387
FR;2;2022-07-21;60;110;673;3680;73;487;3797;0;105;6125231;6812619;10661561;268826;6159785;11777372;372845;0;2492
FR;2;2022-07-22;51;100;700;3550;48;507;3701;0;80;6125282;6812719;10662261;272376;6159833;11777879;376546;0;2572
FR;2;2022-07-23;38;97;290;1175;51;229;1228;0;37;6125320;6812816;10662551;273551;6159884;11778108;377774;0;2609
FR;2;2022-07-24;14;24;69;201;19;68;203;0;7;6125334;6812840;10662620;273752;6159903;11778176;377977;0;2616
FR;2;2022-07-25;50;71;405;1938;60;300;2000;0;56;6125384;6812911;10663025;275690;6159963;11778476;379977;0;2672
FR;2;2022-07-26;57;133;606;3423;67;476;3496;0;113;6125441;6813044;10663631;279113;6160030;11778952;383473;0;2785
FR;2;2022-07-27;42;81;457;2782;50;361;2801;0;89;6125483;6813125;10664088;281895;6160080;11779313;386274;0;2874
FR;2;2022-07-28;29;75;450;2487;36;357;2491;0;78;6125512;6813200;10664538;284382;6160116;11779670;388765;0;2952
FR;2;2022-07-29;68;88;535;2857;63;347;2978;0;73;6125580;6813288;10665073;287239;6160179;11780017;391743;0;3025
FR;2;2022-07-30;22;39;163;776;32;110;796;0;24;6125602;6813327;10665236;288015;6160211;11780127;392539;0;3049
FR;2;2022-07-31;6;13;27;104;12;21;110;0;2;6125608;6813340;10665263;288119;6160223;11780148;392649;0;3051
FR;2;2022-08-01;38;107;323;1262;74;260;1344;0;29;6125646;6813447;10665586;289381;6160297;11780408;393993;0;3080
FR;2;2022-08-02;49;75;325;2061;50;247;2097;0;78;6125695;6813522;10665911;291442;6160347;11780655;396090;0;3158
FR;2;2022-08-03;29;53;260;1611;25;188;1617;0;57;6125724;6813575;10666171;293053;6160372;11780843;397707;0;3215
FR;2;2022-08-04;40;65;306;1692;39;240;1701;0;66;6125764;6813640;10666477;294745;6160411;11781083;399408;0;3281
FR;2;2022-08-05;33;94;328;1881;67;236;1912;0;60;6125797;6813734;10666805;296626;6160478;11781319;401320;0;3341
FR;2;2022-08-06;22;41;106;365;29;82;372;0;10;6125819;6813775;10666911;296991;6160507;11781401;401692;0;3351
FR;2;2022-08-07;7;8;15;69;5;16;71;0;3;6125826;6813783;10666926;297060;6160512;11781417;401763;0;3354
FR;2;2022-08-08;19;35;220;877;22;148;915;0;33;6125845;6813818;10667146;297937;6160534;11781565;402678;0;3387
FR;2;2022-08-09;29;52;279;1474;41;238;1470;0;50;6125874;6813870;10667425;299411;6160575;11781803;404148;0;3437
FR;2;2022-08-10;17;22;213;1134;19;150;1155;0;46;6125891;6813892;10667638;300545;6160594;11781953;405303;0;3483
FR;2;2022-08-11;21;41;174;1038;26;117;1047;0;40;6125912;6813933;10667812;301583;6160620;11782070;406350;0;3523
FR;2;2022-08-12;36;50;184;1046;38;140;1069;0;35;6125948;6813983;10667996;302629;6160658;11782210;407419;0;3558
FR;2;2022-08-13;11;19;47;149;15;53;137;0;5;6125959;6814002;10668043;302778;6160673;11782263;407556;0;3563
FR;2;2022-08-14;1;2;12;52;1;11;54;0;1;6125960;6814004;10668055;302830;6160674;11782274;407610;0;3564
FR;2;2022-08-15;0;5;32;22;2;21;21;0;3;6125960;6814009;10668087;302852;6160676;11782295;407631;0;3567
FR;2;2022-08-16;27;33;144;681;34;120;678;0;33;6125987;6814042;10668231;303533;6160710;11782415;408309;0;3600
FR;2;2022-08-17;18;27;109;738;18;88;744;0;34;6126005;6814069;10668340;304271;6160728;11782503;409053;0;3634
FR;2;2022-08-18;14;30;160;836;14;107;852;0;42;6126019;6814099;10668500;305107;6160742;11782610;409905;0;3676
FR;2;2022-08-19;8;38;118;706;31;88;706;0;33;6126027;6814137;10668618;305813;6160773;11782698;410611;0;3709
FR;2;2022-08-20;6;26;61;197;16;52;201;0;8;6126033;6814163;10668679;306010;6160789;11782750;410812;0;3717
FR;2;2022-08-21;4;14;15;19;6;13;31;0;0;6126037;6814177;10668694;306029;6160795;11782763;410843;0;3717
FR;2;2022-08-22;11;25;116;395;17;73;451;0;13;6126048;6814202;10668810;306424;6160812;11782836;411294;0;3730
FR;2;2022-08-23;11;42;134;671;23;112;679;0;38;6126059;6814244;10668944;307095;6160835;11782948;411973;0;3768
FR;2;2022-08-24;11;28;87;466;21;80;472;0;18;6126070;6814272;10669031;307561;6160856;11783028;412445;0;3786
FR;2;2022-08-25;8;32;109;481;16;69;516;0;17;6126078;6814304;10669140;308042;6160872;11783097;412961;0;3803
FR;2;2022-08-26;16;46;117;720;36;91;713;0;32;6126094;6814350;10669257;308762;6160908;11783188;413674;0;3835
FR;2;2022-08-27;10;19;47;158;16;42;166;0;2;6126104;6814369;10669304;308920;6160924;11783230;413840;0;3837
FR;2;2022-08-28;1;5;5;15;1;7;16;0;1;6126105;6814374;10669309;308935;6160925;11783237;413856;0;3838
FR;2;2022-08-29;24;43;94;400;29;88;396;0;24;6126129;6814417;10669403;309335;6160954;11783325;414252;0;3862
FR;2;2022-08-30;31;54;154;791;34;119;798;0;29;6126160;6814471;10669557;310126;6160988;11783444;415050;0;3891
FR;2;2022-08-31;19;37;85;392;24;79;393;0;25;6126179;6814508;10669642;310518;6161012;11783523;415443;0;3916
FR;2;2022-09-01;19;43;139;600;25;122;609;0;36;6126198;6814551;10669781;311118;6161037;11783645;416052;0;3952
FR;2;2022-09-02;34;57;147;744;34;160;748;0;32;6126232;6814608;10669928;311862;6161071;11783805;416800;0;3984
FR;2;2022-09-03;17;20;83;205;11;67;213;0;7;6126249;6814628;10670011;312067;6161082;11783872;417013;0;3991
FR;2;2022-09-04;8;5;9;31;2;10;30;0;3;6126257;6814633;10670020;312098;6161084;11783882;417043;0;3994
FR;2;2022-09-05;29;32;126;367;24;98;397;0;24;6126286;6814665;10670146;312465;6161108;11783980;417440;0;4018
FR;2;2022-09-06;44;63;158;761;43;153;767;0;36;6126330;6814728;10670304;313226;6161151;11784133;418207;0;4054
FR;2;2022-09-07;21;22;74;375;18;49;387;0;23;6126351;6814750;10670378;313601;6161169;11784182;418594;0;4077
FR;2;2022-09-08;31;58;109;636;41;100;646;0;22;6126382;6814808;10670487;314237;6161210;11784282;419240;0;4099
FR;2;2022-09-09;18;24;126;754;21;74;747;0;48;6126400;6814832;10670613;314991;6161231;11784356;419987;0;4147
FR;2;2022-09-10;14;25;57;117;17;48;131;0;4;6126414;6814857;10670670;315108;6161248;11784404;420118;0;4151
FR;2;2022-09-11;12;5;11;11;3;13;13;0;0;6126426;6814862;10670681;315119;6161251;11784417;420131;0;4151
FR;2;2022-09-12;20;31;70;340;26;56;352;0;16;6126446;6814893;10670751;315459;6161277;11784473;420483;0;4167
FR;2;2022-09-13;15;34;125;670;13;99;674;0;40;6126461;6814927;10670876;316129;6161290;11784572;421157;0;4207
FR;2;2022-09-14;19;23;81;480;20;60;478;0;36;6126480;6814950;10670957;316609;6161310;11784632;421635;0;4243
FR;2;2022-09-15;23;44;126;486;26;102;493;0;47;6126503;6814994;10671083;317095;6161336;11784734;422128;0;4290
FR;2;2022-09-16;22;31;124;563;17;89;585;0;39;6126525;6815025;10671207;317658;6161353;11784823;422713;0;4329
FR;2;2022-09-17;6;20;56;160;15;52;147;0;14;6126531;6815045;10671263;317818;6161368;11784875;422860;0;4343
FR;2;2022-09-18;4;7;13;37;6;10;37;0;3;6126535;6815052;10671276;317855;6161374;11784885;422897;0;4346
FR;2;2022-09-19;26;24;114;353;16;87;381;0;22;6126561;6815076;10671390;318208;6161390;11784972;423278;0;4368
FR;2;2022-09-20;29;27;117;624;21;84;639;0;38;6126590;6815103;10671507;318832;6161411;11785056;423917;0;4406
FR;2;2022-09-21;15;30;100;393;15;78;418;0;22;6126605;6815133;10671607;319225;6161426;11785134;424335;0;4428
FR;2;2022-09-22;19;39;124;581;18;95;619;0;28;6126624;6815172;10671731;319806;6161444;11785229;424954;0;4456
FR;2;2022-09-23;21;38;135;555;22;111;570;0;39;6126645;6815210;10671866;320361;6161466;11785340;425524;0;4495
FR;2;2022-09-24;10;8;52;190;8;37;201;0;7;6126655;6815218;10671918;320551;6161474;11785377;425725;0;4502
FR;2;2022-09-25;9;11;15;29;11;12;33;0;5;6126664;6815229;10671933;320580;6161485;11785389;425758;0;4507
FR;2;2022-09-26;22;41;116;447;27;79;458;0;20;6126686;6815270;10672049;321027;6161512;11785468;426216;0;4527
FR;2;2022-09-27;30;46;162;906;35;108;861;0;52;6126716;6815316;10672211;321933;6161547;11785576;427077;0;4579
FR;2;2022-09-28;15;31;93;421;18;74;439;0;23;6126731;6815347;10672304;322354;6161565;11785650;427516;0;4602
FR;2;2022-09-29;26;48;115;618;23;110;630;0;33;6126757;6815395;10672419;322972;6161588;11785760;428146;0;4635
FR;2;2022-09-30;25;44;111;520;44;84;533;0;31;6126782;6815439;10672530;323492;6161632;11785844;428679;0;4666
FR;2;2022-10-01;11;20;51;128;20;36;129;0;8;6126793;6815459;10672581;323620;6161652;11785880;428808;0;4674
FR;2;2022-10-02;0;5;8;21;4;5;25;0;2;6126793;6815464;10672589;323641;6161656;11785885;428833;0;4676
FR;2;2022-10-03;22;35;85;291;30;69;306;0;22;6126815;6815499;10672674;323932;6161686;11785954;429139;0;4698
FR;2;2022-10-04;17;21;106;601;19;71;620;0;46;6126832;6815520;10672780;324533;6161705;11786025;429759;0;4744
FR;2;2022-10-05;20;31;75;491;26;67;488;0;54;6126852;6815551;10672855;325024;6161731;11786092;430247;0;4798
FR;2;2022-10-06;30;23;74;442;17;71;428;0;65;6126882;6815574;10672929;325466;6161748;11786163;430675;0;4863
FR;2;2022-10-07;21;30;86;499;27;66;503;0;42;6126903;6815604;10673015;325965;6161775;11786229;431178;0;4905
FR;2;2022-10-08;12;8;24;114;3;25;108;0;12;6126915;6815612;10673039;326079;6161778;11786254;431286;0;4917
FR;2;2022-10-09;1;8;15;17;6;11;22;0;5;6126916;6815620;10673054;326096;6161784;11786265;431308;0;4922
FR;2;2022-10-10;18;27;47;223;25;49;218;0;21;6126934;6815647;10673101;326319;6161809;11786314;431526;0;4943
FR;2;2022-10-11;16;15;48;253;11;39;241;0;52;6126950;6815662;10673149;326572;6161820;11786353;431767;0;4995
FR;2;2022-10-12;9;20;52;290;16;36;305;0;56;6126959;6815682;10673201;326862;6161836;11786389;432072;0;5051
FR;2;2022-10-13;11;14;48;271;9;48;261;0;26;6126970;6815696;10673249;327133;6161845;11786437;432333;0;5077
FR;2;2022-10-14;13;30;36;230;18;40;231;0;29;6126983;6815726;10673285;327363;6161863;11786477;432564;0;5106
FR;2;2022-10-15;4;13;22;111;7;17;113;0;15;6126987;6815739;10673307;327474;6161870;11786494;432677;0;5121
FR;2;2022-10-16;0;7;4;11;6;7;8;0;1;6126987;6815746;10673311;327485;6161876;11786501;432685;0;5122
FR;2;2022-10-17;15;19;31;121;18;26;131;0;29;6127002;6815765;10673342;327606;6161894;11786527;432816;0;5151
FR;2;2022-10-18;13;12;68;185;6;34;247;0;46;6127015;6815777;10673410;327791;6161900;11786561;433063;0;5197
FR;2;2022-10-19;8;17;38;184;12;31;222;0;52;6127023;6815794;10673448;327975;6161912;11786592;433285;0;5249
FR;2;2022-10-20;11;29;41;200;15;40;196;0;52;6127034;6815823;10673489;328175;6161927;11786632;433481;0;5301
FR;2;2022-10-21;6;15;60;233;6;53;222;0;31;6127040;6815838;10673549;328408;6161933;11786685;433703;0;5332
FR;2;2022-10-22;8;7;25;102;2;23;103;0;20;6127048;6815845;10673574;328510;6161935;11786708;433806;0;5352
FR;2;2022-10-23;0;3;1;5;3;0;6;0;2;6127048;6815848;10673575;328515;6161938;11786708;433812;0;5354
FR;2;2022-10-24;12;12;16;110;12;16;113;0;20;6127060;6815860;10673591;328625;6161950;11786724;433925;0;5374
FR;2;2022-10-25;12;7;23;138;6;15;145;0;51;6127072;6815867;10673614;328763;6161956;11786739;434070;0;5425
FR;2;2022-10-26;4;3;17;90;2;11;96;0;27;6127076;6815870;10673631;328853;6161958;11786750;434166;0;5452
FR;2;2022-10-27;7;10;18;88;10;20;71;0;27;6127083;6815880;10673649;328941;6161968;11786770;434237;0;5479
FR;2;2022-10-28;5;3;15;91;3;7;92;0;27;6127088;6815883;10673664;329032;6161971;11786777;434329;0;5506
FR;2;2022-10-29;7;8;18;33;6;14;37;0;8;6127095;6815891;10673682;329065;6161977;11786791;434366;0;5514
FR;2;2022-10-30;3;7;5;8;5;2;5;0;1;6127098;6815898;10673687;329073;6161982;11786793;434371;0;5515
FR;2;2022-10-31;2;8;6;49;6;10;48;0;11;6127100;6815906;10673693;329122;6161988;11786803;434419;0;5526
FR;2;2022-11-01;0;5;8;1;5;5;4;0;0;6127100;6815911;10673701;329123;6161993;11786808;434423;0;5526
FR;2;2022-11-02;6;5;12;44;5;12;45;0;11;6127106;6815916;10673713;329167;6161998;11786820;434468;0;5537
FR;2;2022-11-03;6;7;16;77;6;10;75;0;18;6127112;6815923;10673729;329244;6162004;11786830;434543;0;5555
FR;2;2022-11-04;7;12;15;85;10;14;93;0;10;6127119;6815935;10673744;329329;6162014;11786844;434636;0;5565
FR;2;2022-11-05;0;11;13;38;6;17;35;0;6;6127119;6815946;10673757;329367;6162020;11786861;434671;0;5571
FR;2;2022-11-06;0;2;2;1;0;4;0;0;2;6127119;6815948;10673759;329368;6162020;11786865;434671;0;5573
FR;2;2022-11-07;13;8;15;67;6;14;66;0;20;6127132;6815956;10673774;329435;6162026;11786879;434737;0;5593
FR;2;2022-11-08;14;8;18;58;6;14;65;0;27;6127146;6815964;10673792;329493;6162032;11786893;434802;0;5620
FR;2;2022-11-09;4;5;17;56;2;17;50;0;28;6127150;6815969;10673809;329549;6162034;11786910;434852;0;5648
FR;2;2022-11-10;7;10;17;74;7;14;76;0;14;6127157;6815979;10673826;329623;6162041;11786924;434928;0;5662
FR;2;2022-11-11;0;3;9;3;0;10;4;0;0;6127157;6815982;10673835;329626;6162041;11786934;434932;0;5662
FR;2;2022-11-12;2;5;7;19;4;7;19;0;4;6127159;6815987;10673842;329645;6162045;11786941;434951;0;5666
FR;2;2022-11-13;3;2;4;2;1;5;1;0;0;6127162;6815989;10673846;329647;6162046;11786946;434952;0;5666
FR;2;2022-11-14;7;6;13;29;3;10;33;0;7;6127169;6815995;10673859;329676;6162049;11786956;434985;0;5673
FR;2;2022-11-15;8;15;15;35;16;18;32;0;7;6127177;6816010;10673874;329711;6162065;11786974;435017;0;5680
FR;2;2022-11-16;3;6;4;45;6;4;46;0;18;6127180;6816016;10673878;329756;6162071;11786978;435063;0;5698
FR;2;2022-11-17;2;6;12;56;5;9;55;0;22;6127182;6816022;10673890;329812;6162076;11786987;435118;0;5720
FR;2;2022-11-18;3;4;7;41;4;6;44;0;10;6127185;6816026;10673897;329853;6162080;11786993;435162;0;5730
FR;2;2022-11-19;3;3;2;25;3;3;18;0;5;6127188;6816029;10673899;329878;6162083;11786996;435180;0;5735
FR;2;2022-11-20;0;2;6;9;2;6;10;0;26;6127188;6816031;10673905;329887;6162085;11787002;435190;0;5761
FR;2;2022-11-21;6;10;9;31;7;8;34;0;22;6127194;6816041;10673914;329918;6162092;11787010;435224;0;5783
FR;2;2022-11-22;8;8;20;65;6;21;70;0;71;6127202;6816049;10673934;329983;6162098;11787031;435294;0;5854
FR;2;2022-11-23;7;6;8;68;3;5;73;0;8;6127209;6816055;10673942;330051;6162101;11787036;435367;0;5862
FR;2;2022-11-24;2;2;11;50;2;7;57;0;10;6127211;6816057;10673953;330101;6162103;11787043;435424;0;5872
FR;2;2022-11-25;11;8;14;25;11;14;26;0;8;6127222;6816065;10673967;330126;6162114;11787057;435450;0;5880
FR;2;2022-11-26;1;5;4;8;4;7;6;0;0;6127223;6816070;10673971;330134;6162118;11787064;435456;0;5880
FR;2;2022-11-27;2;2;12;2;0;11;4;0;1;6127225;6816072;10673983;330136;6162118;11787075;435460;0;5881
FR;2;2022-11-28;0;2;8;35;1;6;37;0;5;6127225;6816074;10673991;330171;6162119;11787081;435497;0;5886
FR;2;2022-11-29;1;1;10;24;0;4;30;0;8;6127226;6816075;10674001;330195;6162119;11787085;435527;0;5894
FR;2;2022-11-30;2;2;10;47;1;11;44;0;21;6127228;6816077;10674011;330242;6162120;11787096;435571;0;5915
FR;2;2022-12-01;2;12;6;63;9;13;55;0;24;6127230;6816089;10674017;330305;6162129;11787109;435626;0;5939
FR;2;2022-12-02;1;2;12;51;2;10;51;0;27;6127231;6816091;10674029;330356;6162131;11787119;435677;0;5966
FR;2;2022-12-03;1;4;8;19;2;8;18;0;10;6127232;6816095;10674037;330375;6162133;11787127;435695;0;5976
FR;2;2022-12-04;0;0;0;4;0;0;4;0;2;6127232;6816095;10674037;330379;6162133;11787127;435699;0;5978
FR;2;2022-12-05;3;5;8;51;8;4;45;0;16;6127235;6816100;10674045;330430;6162141;11787131;435744;0;5994
FR;2;2022-12-06;3;5;14;45;4;6;48;0;17;6127238;6816105;10674059;330475;6162145;11787137;435792;0;6011
FR;2;2022-12-07;1;5;9;42;3;8;44;0;11;6127239;6816110;10674068;330517;6162148;11787145;435836;0;6022
FR;2;2022-12-08;0;2;11;44;0;6;49;0;16;6127239;6816112;10674079;330561;6162148;11787151;435885;0;6038
FR;2;2022-12-09;0;1;13;52;0;9;57;0;17;6127239;6816113;10674092;330613;6162148;11787160;435942;0;6055
FR;2;2022-12-10;0;3;15;50;1;6;52;0;9;6127239;6816116;10674107;330663;6162149;11787166;435994;0;6064
FR;2;2022-12-11;0;0;2;2;0;2;1;0;3;6127239;6816116;10674109;330665;6162149;11787168;435995;0;6067
FR;2;2022-12-12;1;0;6;37;0;6;36;0;11;6127240;6816116;10674115;330702;6162149;11787174;436031;0;6078
FR;2;2022-12-13;0;3;1;37;2;1;36;0;14;6127240;6816119;10674116;330739;6162151;11787175;436067;0;6092
FR;2;2022-12-14;0;5;8;26;5;3;31;0;14;6127240;6816124;10674124;330765;6162156;11787178;436098;0;6106
FR;2;2022-12-15;0;5;12;43;5;9;44;0;17;6127240;6816129;10674136;330808;6162161;11787187;436142;0;6123
FR;2;2022-12-16;2;4;27;56;3;20;62;0;16;6127242;6816133;10674163;330864;6162164;11787207;436204;0;6139
FR;2;2022-12-17;1;4;10;44;3;6;39;0;5;6127243;6816137;10674173;330908;6162167;11787213;436243;0;6144
FR;2;2022-12-18;1;0;0;0;0;0;0;0;1;6127244;6816137;10674173;330908;6162167;11787213;436243;0;6145
FR;2;2022-12-19;6;5;4;31;6;5;24;0;24;6127250;6816142;10674177;330939;6162173;11787218;436267;0;6169
FR;2;2022-12-20;0;3;6;37;1;7;38;0;24;6127250;6816145;10674183;330976;6162174;11787225;436305;0;6193
FR;2;2022-12-21;0;1;4;13;1;4;13;0;8;6127250;6816146;10674187;330989;6162175;11787229;436318;0;6201
FR;2;2022-12-22;0;5;17;32;2;6;45;0;10;6127250;6816151;10674204;331021;6162177;11787235;436363;0;6211
FR;2;2022-12-23;1;5;15;18;3;12;22;0;4;6127251;6816156;10674219;331039;6162180;11787247;436385;0;6215
FR;2;2022-12-24;0;0;1;1;0;1;1;0;0;6127251;6816156;10674220;331040;6162180;11787248;436386;0;6215
FR;2;2022-12-25;0;1;1;3;0;1;4;0;0;6127251;6816157;10674221;331043;6162180;11787249;436390;0;6215
FR;2;2022-12-26;0;0;7;11;0;5;11;0;3;6127251;6816157;10674228;331054;6162180;11787254;436401;0;6218
FR;2;2022-12-27;0;1;7;5;1;5;7;0;4;6127251;6816158;10674235;331059;6162181;11787259;436408;0;6222
FR;2;2022-12-28;0;2;4;13;2;3;14;0;5;6127251;6816160;10674239;331072;6162183;11787262;436422;0;6227
FR;2;2022-12-29;1;2;4;18;1;5;18;0;7;6127252;6816162;10674243;331090;6162184;11787267;436440;0;6234
FR;2;2022-12-30;1;0;2;8;0;2;7;0;1;6127253;6816162;10674245;331098;6162184;11787269;436447;0;6235
FR;2;2022-12-31;0;0;1;2;0;1;2;0;1;6127253;6816162;10674246;331100;6162184;11787270;436449;0;6236
FR;2;2023-01-01;0;0;0;0;0;0;0;0;0;6127253;6816162;10674246;331100;6162184;11787270;436449;0;6236
FR;2;2023-01-02;5;2;9;21;1;7;23;0;2;6127258;6816164;10674255;331121;6162185;11787277;436472;0;6238
FR;2;2023-01-03;1;0;6;13;0;7;11;0;6;6127259;6816164;10674261;331134;6162185;11787284;436483;0;6244
FR;2;2023-01-04;1;2;9;13;3;7;13;0;6;6127260;6816166;10674270;331147;6162188;11787291;436496;0;6250
FR;2;2023-01-05;0;2;7;6;2;4;7;0;3;6127260;6816168;10674277;331153;6162190;11787295;436503;0;6253
FR;2;2023-01-06;1;0;9;9;0;4;13;0;9;6127261;6816168;10674286;331162;6162190;11787299;436516;0;6262
FR;2;2023-01-07;0;0;4;10;0;4;8;0;5;6127261;6816168;10674290;331172;6162190;11787303;436524;0;6267
FR;2;2023-01-08;0;0;3;3;0;3;3;0;2;6127261;6816168;10674293;331175;6162190;11787306;436527;0;6269
FR;2;2023-01-09;0;2;8;9;2;3;13;0;5;6127261;6816170;10674301;331184;6162192;11787309;436540;0;6274
FR;2;2023-01-10;0;4;4;8;3;3;10;0;6;6127261;6816174;10674305;331192;6162195;11787312;436550;0;6280
FR;2;2023-01-11;3;0;4;7;0;3;9;0;3;6127264;6816174;10674309;331199;6162195;11787315;436559;0;6283
FR;2;2023-01-12;1;0;9;13;0;7;10;0;11;6127265;6816174;10674318;331212;6162195;11787322;436569;0;6294
FR;2;2023-01-13;0;1;5;7;1;3;10;0;3;6127265;6816175;10674323;331219;6162196;11787325;436579;0;6297
FR;2;2023-01-14;0;1;2;6;0;3;6;0;1;6127265;6816176;10674325;331225;6162196;11787328;436585;0;6298
FR;2;2023-01-15;0;0;0;0;0;0;0;0;0;6127265;6816176;10674325;331225;6162196;11787328;436585;0;6298
FR;2;2023-01-16;1;1;5;6;2;2;7;0;1;6127266;6816177;10674330;331231;6162198;11787330;436592;0;6299
FR;2;2023-01-17;1;0;5;4;0;5;3;0;0;6127267;6816177;10674335;331235;6162198;11787335;436595;0;6299
FR;2;2023-01-18;0;0;3;2;0;3;2;0;0;6127267;6816177;10674338;331237;6162198;11787338;436597;0;6299
FR;2;2023-01-19;0;0;1;6;0;1;6;0;6;6127267;6816177;10674339;331243;6162198;11787339;436603;0;6305
FR;2;2023-01-20;0;0;1;8;0;1;8;0;4;6127267;6816177;10674340;331251;6162198;11787340;436611;0;6309
FR;2;2023-01-21;0;0;0;3;0;0;0;0;0;6127267;6816177;10674340;331254;6162198;11787340;436611;0;6309
FR;2;2023-01-22;0;0;0;0;0;0;0;0;0;6127267;6816177;10674340;331254;6162198;11787340;436611;0;6309
FR;2;2023-01-23;0;0;3;3;0;2;3;0;1;6127267;6816177;10674343;331257;6162198;11787342;436614;0;6310
FR;2;2023-01-24;1;3;1;6;3;0;7;0;4;6127268;6816180;10674344;331263;6162201;11787342;436621;0;6314
FR;2;2023-01-25;1;0;0;6;1;0;6;0;0;6127269;6816180;10674344;331269;6162202;11787342;436627;0;6314
FR;2;2023-01-26;1;0;3;7;0;1;9;0;3;6127270;6816180;10674347;331276;6162202;11787343;436636;0;6317
FR;2;2023-01-27;0;2;3;3;1;2;3;0;2;6127270;6816182;10674350;331279;6162203;11787345;436639;0;6319
FR;2;2023-01-28;0;0;0;1;0;0;1;0;0;6127270;6816182;10674350;331280;6162203;11787345;436640;0;6319
FR;2;2023-01-29;0;0;1;0;0;0;1;0;0;6127270;6816182;10674351;331280;6162203;11787345;436641;0;6319
FR;2;2023-01-30;0;1;2;3;1;1;4;0;1;6127270;6816183;10674353;331283;6162204;11787346;436645;0;6320
FR;2;2023-01-31;1;0;3;2;0;2;3;0;0;6127271;6816183;10674356;331285;6162204;11787348;436648;0;6320
FR;2;2023-02-01;0;3;2;0;2;3;0;0;0;6127271;6816186;10674358;331285;6162206;11787351;436648;0;6320
FR;2;2023-02-02;0;2;3;4;1;4;6;0;4;6127271;6816188;10674361;331289;6162207;11787355;436654;0;6324
FR;2;2023-02-03;0;2;1;12;2;0;11;0;9;6127271;6816190;10674362;331301;6162209;11787355;436665;0;6333
FR;2;2023-02-04;0;1;1;0;0;2;0;0;0;6127271;6816191;10674363;331301;6162209;11787357;436665;0;6333
FR;2;2023-02-05;0;0;0;0;0;0;0;0;0;6127271;6816191;10674363;331301;6162209;11787357;436665;0;6333
FR;2;2023-02-06;0;3;2;2;2;3;2;0;0;6127271;6816194;10674365;331303;6162211;11787360;436667;0;6333
FR;2;2023-02-07;2;1;0;0;0;1;0;0;1;6127273;6816195;10674365;331303;6162211;11787361;436667;0;6334
FR;2;2023-02-08;0;0;3;2;0;2;4;0;1;6127273;6816195;10674368;331305;6162211;11787363;436671;0;6335
FR;2;2023-02-09;0;0;1;4;0;2;3;0;3;6127273;6816195;10674369;331309;6162211;11787365;436674;0;6338
FR;2;2023-02-10;0;0;1;3;0;1;2;0;6;6127273;6816195;10674370;331312;6162211;11787366;436676;0;6344
FR;2;2023-02-11;2;2;1;1;0;2;2;0;0;6127275;6816197;10674371;331313;6162211;11787368;436678;0;6344
FR;2;2023-02-12;0;0;0;0;0;0;0;0;0;6127275;6816197;10674371;331313;6162211;11787368;436678;0;6344
FR;2;2023-02-13;3;0;1;5;0;0;5;0;1;6127278;6816197;10674372;331318;6162211;11787368;436683;0;6345
FR;2;2023-02-14;1;2;1;1;2;0;2;0;0;6127279;6816199;10674373;331319;6162213;11787368;436685;0;6345
FR;2;2023-02-15;2;0;1;1;0;1;1;0;0;6127281;6816199;10674374;331320;6162213;11787369;436686;0;6345
FR;2;2023-02-16;1;1;1;1;1;1;1;0;2;6127282;6816200;10674375;331321;6162214;11787370;436687;0;6347
FR;2;2023-02-17;0;0;1;4;0;1;3;0;4;6127282;6816200;10674376;331325;6162214;11787371;436690;0;6351
FR;2;2023-02-18;0;0;4;1;0;4;0;0;1;6127282;6816200;10674380;331326;6162214;11787375;436690;0;6352
FR;2;2023-02-19;0;1;0;0;1;0;0;0;0;6127282;6816201;10674380;331326;6162215;11787375;436690;0;6352
FR;2;2023-02-20;1;0;0;1;0;0;1;0;2;6127283;6816201;10674380;331327;6162215;11787375;436691;0;6354
FR;2;2023-02-21;0;0;0;1;0;0;1;0;2;6127283;6816201;10674380;331328;6162215;11787375;436692;0;6356
FR;2;2023-02-22;1;0;0;3;0;0;3;0;0;6127284;6816201;10674380;331331;6162215;11787375;436695;0;6356
FR;2;2023-02-23;0;0;0;1;0;0;1;0;3;6127284;6816201;10674380;331332;6162215;11787375;436696;0;6359
FR;2;2023-02-24;1;0;1;2;0;0;3;0;0;6127285;6816201;10674381;331334;6162215;11787375;436699;0;6359
FR;2;2023-02-25;0;0;1;2;0;1;2;0;0;6127285;6816201;10674382;331336;6162215;11787376;436701;0;6359
FR;2;2023-02-26;0;0;0;0;0;0;0;0;0;6127285;6816201;10674382;331336;6162215;11787376;436701;0;6359
FR;2;2023-02-27;1;0;1;1;1;1;1;0;0;6127286;6816201;10674383;331337;6162216;11787377;436702;0;6359
FR;2;2023-02-28;1;0;0;0;0;0;0;0;2;6127287;6816201;10674383;331337;6162216;11787377;436702;0;6361
FR;2;2023-03-01;0;2;3;2;1;3;1;0;1;6127287;6816203;10674386;331339;6162217;11787380;436703;0;6362
FR;2;2023-03-02;0;2;2;1;2;1;1;0;1;6127287;6816205;10674388;331340;6162219;11787381;436704;0;6363
FR;2;2023-03-03;1;0;3;1;0;3;1;0;0;6127288;6816205;10674391;331341;6162219;11787384;436705;0;6363
FR;2;2023-03-04;0;0;1;0;0;1;0;0;0;6127288;6816205;10674392;331341;6162219;11787385;436705;0;6363
FR;2;2023-03-05;0;0;0;0;0;0;0;0;0;6127288;6816205;10674392;331341;6162219;11787385;436705;0;6363
FR;2;2023-03-06;0;0;2;1;0;1;2;0;2;6127288;6816205;10674394;331342;6162219;11787386;436707;0;6365
FR;2;2023-03-07;0;1;2;1;1;2;1;0;1;6127288;6816206;10674396;331343;6162220;11787388;436708;0;6366
FR;2;2023-03-08;0;0;0;0;0;0;0;0;2;6127288;6816206;10674396;331343;6162220;11787388;436708;0;6368
FR;2;2023-03-09;0;0;1;1;0;0;2;0;0;6127288;6816206;10674397;331344;6162220;11787388;436710;0;6368
FR;2;2023-03-10;0;0;1;0;0;1;0;0;0;6127288;6816206;10674398;331344;6162220;11787389;436710;0;6368
FR;2;2023-03-11;0;0;4;1;0;3;2;0;0;6127288;6816206;10674402;331345;6162220;11787392;436712;0;6368
FR;2;2023-03-12;0;0;0;0;0;0;0;0;0;6127288;6816206;10674402;331345;6162220;11787392;436712;0;6368
FR;2;2023-03-13;0;0;1;3;0;1;3;0;0;6127288;6816206;10674403;331348;6162220;11787393;436715;0;6368
FR;2;2023-03-14;1;0;0;0;0;0;0;0;0;6127289;6816206;10674403;331348;6162220;11787393;436715;0;6368
FR;2;2023-03-15;0;1;0;3;1;0;3;0;0;6127289;6816207;10674403;331351;6162221;11787393;436718;0;6368
FR;2;2023-03-16;0;1;0;0;1;0;1;0;0;6127289;6816208;10674403;331351;6162222;11787393;436719;0;6368
FR;2;2023-03-17;0;0;1;1;0;1;0;0;0;6127289;6816208;10674404;331352;6162222;11787394;436719;0;6368
FR;2;2023-03-18;0;0;7;0;0;7;0;0;1;6127289;6816208;10674411;331352;6162222;11787401;436719;0;6369
FR;2;2023-03-19;0;0;0;0;0;0;0;0;0;6127289;6816208;10674411;331352;6162222;11787401;436719;0;6369
FR;2;2023-03-20;0;0;1;0;0;1;0;0;0;6127289;6816208;10674412;331352;6162222;11787402;436719;0;6369
FR;2;2023-03-21;0;0;1;2;0;1;2;0;1;6127289;6816208;10674413;331354;6162222;11787403;436721;0;6370
FR;2;2023-03-22;0;0;0;0;0;0;0;0;1;6127289;6816208;10674413;331354;6162222;11787403;436721;0;6371
FR;2;2023-03-23;0;1;0;0;1;0;0;0;1;6127289;6816209;10674413;331354;6162223;11787403;436721;0;6372
FR;2;2023-03-24;0;1;0;2;1;0;2;0;2;6127289;6816210;10674413;331356;6162224;11787403;436723;0;6374
FR;2;2023-03-25;0;0;1;2;0;1;2;0;0;6127289;6816210;10674414;331358;6162224;11787404;436725;0;6374
FR;2;2023-03-26;0;1;1;0;1;1;0;0;0;6127289;6816211;10674415;331358;6162225;11787405;436725;0;6374
FR;2;2023-03-27;0;2;2;0;2;2;0;0;1;6127289;6816213;10674417;331358;6162227;11787407;436725;0;6375
FR;2;2023-03-28;0;0;0;0;0;0;0;0;1;6127289;6816213;10674417;331358;6162227;11787407;436725;0;6376
FR;2;2023-03-29;0;0;0;2;0;0;2;0;0;6127289;6816213;10674417;331360;6162227;11787407;436727;0;6376
FR;2;2023-03-30;0;0;0;0;0;0;0;0;0;6127289;6816213;10674417;331360;6162227;11787407;436727;0;6376
FR;2;2023-03-31;0;1;0;1;1;0;1;0;0;6127289;6816214;10674417;331361;6162228;11787407;436728;0;6376
FR;2;2023-04-01;0;0;1;0;0;0;1;0;0;6127289;6816214;10674418;331361;6162228;11787407;436729;0;6376
FR;2;2023-04-02;0;0;0;0;0;0;0;0;0;6127289;6816214;10674418;331361;6162228;11787407;436729;0;6376
FR;2;2023-04-03;0;1;0;2;1;0;2;0;1;6127289;6816215;10674418;331363;6162229;11787407;436731;0;6377
FR;2;2023-04-04;0;0;0;2;0;0;2;0;0;6127289;6816215;10674418;331365;6162229;11787407;436733;0;6377
FR;2;2023-04-05;0;0;0;0;0;0;0;0;0;6127289;6816215;10674418;331365;6162229;11787407;436733;0;6377
FR;2;2023-04-06;0;1;0;0;1;0;0;0;0;6127289;6816216;10674418;331365;6162230;11787407;436733;0;6377
FR;2;2023-04-07;0;0;0;1;0;0;1;0;0;6127289;6816216;10674418;331366;6162230;11787407;436734;0;6377
FR;2;2023-04-08;0;0;0;0;0;0;0;0;0;6127289;6816216;10674418;331366;6162230;11787407;436734;0;6377
FR;2;2023-04-09;0;0;1;0;0;1;0;0;0;6127289;6816216;10674419;331366;6162230;11787408;436734;0;6377
FR;2;2023-04-10;0;2;0;0;1;1;0;0;0;6127289;6816218;10674419;331366;6162231;11787409;436734;0;6377
FR;2;2023-04-11;0;0;0;0;0;0;0;0;1;6127289;6816218;10674419;331366;6162231;11787409;436734;0;6378
FR;2;2023-04-12;0;0;0;0;0;0;0;0;0;6127289;6816218;10674419;331366;6162231;11787409;436734;0;6378
FR;2;2023-04-13;0;0;1;0;0;1;0;0;0;6127289;6816218;10674420;331366;6162231;11787410;436734;0;6378
FR;2;2023-04-14;0;0;0;1;0;0;1;0;0;6127289;6816218;10674420;331367;6162231;11787410;436735;0;6378
FR;2;2023-04-15;0;0;0;0;0;0;0;0;0;6127289;6816218;10674420;331367;6162231;11787410;436735;0;6378
FR;2;2023-04-16;0;0;0;0;0;0;0;0;0;6127289;6816218;10674420;331367;6162231;11787410;436735;0;6378
FR;2;2023-04-17;1;1;0;0;1;0;0;0;0;6127290;6816219;10674420;331367;6162232;11787410;436735;0;6378
FR;2;2023-04-18;0;0;1;2;0;1;2;0;0;6127290;6816219;10674421;331369;6162232;11787411;436737;0;6378
FR;2;2023-04-19;0;0;1;0;0;0;3;0;0;6127290;6816219;10674422;331369;6162232;11787411;436740;0;6378
FR;3;2020-12-27;0;0;0;0;0;0;0;0;0;0;0;0;0;0;0;0;0;0
FR;3;2020-12-28;0;0;0;0;0;0;0;0;0;0;0;0;0;0;0;0;0;0
FR;3;2020-12-29;0;0;0;0;0;0;0;0;0;0;0;0;0;0;0;0;0;0
FR;3;2020-12-30;0;0;0;0;0;0;0;0;0;0;0;0;0;0;0;0;0;0
FR;3;2020-12-31;0;0;0;0;0;0;0;0;0;0;0;0;0;0;0;0;0;0
FR;3;2021-01-01;0;0;0;0;0;0;0;0;0;0;0;0;0;0;0;0;0;0
FR;3;2021-01-02;0;0;0;0;0;0;0;0;0;0;0;0;0;0;0;0;0;0
FR;3;2021-01-03;0;0;0;0;0;0;0;0;0;0;0;0;0;0;0;0;0;0
FR;3;2021-01-04;0;0;0;0;0;0;0;0;0;0;0;0;0;0;0;0;0;0
FR;3;2021-01-05;0;0;0;0;0;0;0;0;0;0;0;0;0;0;0;0;0;0
FR;3;2021-01-06;0;0;0;0;0;0;0;0;0;0;0;0;0;0;0;0;0;0
FR;3;2021-01-07;0;0;0;0;0;0;0;0;0;0;0;0;0;0;0;0;0;0
FR;3;2021-01-08;0;0;0;0;0;0;0;0;0;0;0;0;0;0;0;0;0;0
FR;3;2021-01-09;0;0;0;0;0;0;0;0;0;0;0;0;0;0;0;0;0;0
FR;3;2021-01-10;0;0;0;0;0;0;0;0;0;0;0;0;0;0;0;0;0;0
FR;3;2021-01-11;0;0;0;0;0;0;0;0;0;0;0;0;0;0;0;0;0;0
FR;3;2021-01-12;0;0;0;0;0;0;0;0;0;0;0;0;0;0;0;0;0;0
FR;3;2021-01-13;0;0;0;0;0;0;0;0;0;0;0;0;0;0;0;0;0;0
FR;3;2021-01-14;0;0;0;0;0;0;0;0;0;0;0;0;0;0;0;0;0;0
FR;3;2021-01-15;0;0;0;0;0;0;0;0;0;0;0;0;0;0;0;0;0;0
FR;3;2021-01-16;0;0;0;0;0;0;0;0;0;0;0;0;0;0;0;0;0;0
FR;3;2021-01-17;0;0;0;0;0;0;0;0;0;0;0;0;0;0;0;0;0;0
FR;3;2021-01-18;0;0;0;0;0;0;0;0;0;0;0;0;0;0;0;0;0;0
FR;3;2021-01-19;0;0;0;0;0;0;0;0;0;0;0;0;0;0;0;0;0;0
FR;3;2021-01-20;0;0;0;0;0;0;0;0;0;0;0;0;0;0;0;0;0;0
FR;3;2021-01-21;0;0;0;0;0;0;0;0;0;0;0;0;0;0;0;0;0;0
FR;3;2021-01-22;0;0;0;0;0;0;0;0;0;0;0;0;0;0;0;0;0;0
FR;3;2021-01-23;0;0;0;0;0;0;0;0;0;0;0;0;0;0;0;0;0;0
FR;3;2021-01-24;0;0;0;0;0;0;0;0;0;0;0;0;0;0;0;0;0;0
FR;3;2021-01-25;0;0;0;0;0;0;0;0;0;0;0;0;0;0;0;0;0;0
FR;3;2021-01-26;0;0;0;0;0;0;0;0;0;0;0;0;0;0;0;0;0;0
FR;3;2021-01-27;0;0;0;0;0;0;0;0;0;0;0;0;0;0;0;0;0;0
FR;3;2021-01-28;0;0;0;0;0;0;0;0;0;0;0;0;0;0;0;0;0;0
FR;3;2021-01-29;0;0;0;0;0;0;0;0;0;0;0;0;0;0;0;0;0;0
FR;3;2021-01-30;0;0;0;0;0;0;0;0;0;0;0;0;0;0;0;0;0;0
FR;3;2021-01-31;0;0;0;0;0;0;0;0;0;0;0;0;0;0;0;0;0;0
FR;3;2021-02-01;0;0;0;0;0;0;0;0;0;0;0;0;0;0;0;0;0;0
FR;3;2021-02-02;0;0;0;0;0;0;0;0;0;0;0;0;0;0;0;0;0;0
FR;3;2021-02-03;0;0;0;0;0;0;0;0;0;0;0;0;0;0;0;0;0;0
FR;3;2021-02-04;0;0;0;0;0;0;0;0;0;0;0;0;0;0;0;0;0;0
FR;3;2021-02-05;0;0;0;0;0;0;0;0;0;0;0;0;0;0;0;0;0;0
FR;3;2021-02-06;1477;0;0;0;106;0;0;0;0;1477;0;0;0;106;0;0;0;0
FR;3;2021-02-07;1423;2;0;0;87;0;0;0;0;2900;2;0;0;193;0;0;0;0
FR;3;2021-02-08;2789;1;0;0;177;0;0;0;0;5689;3;0;0;370;0;0;0;0
FR;3;2021-02-09;6786;0;0;0;502;0;0;0;0;12475;3;0;0;872;0;0;0;0
FR;3;2021-02-10;9612;0;0;0;695;0;0;0;0;22087;3;0;0;1567;0;0;0;0
FR;3;2021-02-11;13620;4;0;0;919;0;0;0;0;35707;7;0;0;2486;0;0;0;0
FR;3;2021-02-12;13410;0;0;0;907;0;0;0;0;49117;7;0;0;3393;0;0;0;0
FR;3;2021-02-13;3800;1;0;0;218;0;0;0;0;52917;8;0;0;3611;0;0;0;0
FR;3;2021-02-14;975;1;0;0;53;0;0;0;0;53892;9;0;0;3664;0;0;0;0
FR;3;2021-02-15;10497;2;0;0;719;0;0;0;0;64389;11;0;0;4383;0;0;0;0
FR;3;2021-02-16;12556;5;0;0;871;0;0;0;0;76945;16;0;0;5254;0;0;0;0
FR;3;2021-02-17;11159;1;0;0;717;0;0;0;0;88104;17;0;0;5971;0;0;0;0
FR;3;2021-02-18;14943;2;0;0;985;0;0;0;0;103047;19;0;0;6956;0;0;0;0
FR;3;2021-02-19;14364;1;0;0;846;0;0;0;0;117411;20;0;0;7802;0;0;0;0
FR;3;2021-02-20;3332;0;0;0;178;0;0;0;0;120743;20;0;0;7980;0;0;0;0
FR;3;2021-02-21;620;0;0;0;35;0;0;0;0;121363;20;0;0;8015;0;0;0;0
FR;3;2021-02-22;9171;1;0;0;654;0;0;0;0;130534;21;0;0;8669;0;0;0;0
FR;3;2021-02-23;11406;6;0;0;761;0;0;0;0;141940;27;0;0;9430;0;0;0;0
FR;3;2021-02-24;14305;1;0;0;829;0;0;0;0;156245;28;0;0;10259;0;0;0;0
FR;3;2021-02-25;44935;3;0;0;1814;0;0;0;0;201180;31;0;0;12073;0;0;0;0
FR;3;2021-02-26;61889;13;0;0;2201;0;0;0;0;263069;44;0;0;14274;0;0;0;0
FR;3;2021-02-27;34811;14;0;0;1028;0;0;0;0;297880;58;0;0;15302;0;0;0;0
FR;3;2021-02-28;2464;0;0;0;114;0;0;0;0;300344;58;0;0;15416;0;0;0;0
FR;3;2021-03-01;20521;21;0;0;1067;0;0;0;0;320865;79;0;0;16483;0;0;0;0
FR;3;2021-03-02;38878;25;0;0;1790;0;0;0;0;359743;104;0;0;18273;0;0;0;0
FR;3;2021-03-03;48750;18;0;0;2130;0;0;0;0;408493;122;0;0;20403;0;0;0;0
FR;3;2021-03-04;82228;25;0;0;3193;0;0;0;0;490721;147;0;0;23596;0;0;0;0
FR;3;2021-03-05;118138;42;0;0;4692;0;0;0;0;608859;189;0;0;28288;0;0;0;0
FR;3;2021-03-06;120727;65;1;0;3559;0;0;0;0;729586;254;1;0;31847;0;0;0;0
FR;3;2021-03-07;55186;23;0;0;1729;0;0;0;0;784772;277;1;0;33576;0;0;0;0
FR;3;2021-03-08;42814;29;0;0;2074;0;0;0;0;827586;306;1;0;35650;0;0;0;0
FR;3;2021-03-09;78978;51;0;0;3288;0;0;0;0;906564;357;1;0;38938;0;0;0;0
FR;3;2021-03-10;80985;67;0;0;3243;0;0;0;0;987549;424;1;0;42181;0;0;0;0
FR;3;2021-03-11;128447;66;0;0;4766;0;0;0;0;1115996;490;1;0;46947;0;0;0;0
FR;3;2021-03-12;182719;122;0;0;6279;0;0;0;0;1298715;612;1;0;53226;0;0;0;0
FR;3;2021-03-13;132160;91;0;0;3530;0;0;0;0;1430875;703;1;0;56756;0;0;0;0
FR;3;2021-03-14;14061;6;0;0;550;0;0;0;0;1444936;709;1;0;57306;0;0;0;0
FR;3;2021-03-15;52242;82;0;0;2097;0;0;0;0;1497178;791;1;0;59403;0;0;0;0
FR;3;2021-03-16;1221;51;0;0;105;0;0;0;0;1498399;842;1;0;59508;0;0;0;0
FR;3;2021-03-17;950;56;0;0;95;0;0;0;0;1499349;898;1;0;59603;0;0;0;0
FR;3;2021-03-18;1576;42;0;0;102;0;0;0;0;1500925;940;1;0;59705;0;0;0;0
FR;3;2021-03-19;70458;56;0;0;2060;0;0;0;0;1571383;996;1;0;61765;0;0;0;0
FR;3;2021-03-20;65242;51;0;0;1702;0;0;0;0;1636625;1047;1;0;63467;0;0;0;0
FR;3;2021-03-21;5761;8;0;0;199;0;0;0;0;1642386;1055;1;0;63666;0;0;0;0
FR;3;2021-03-22;37511;49;0;0;1052;0;0;0;0;1679897;1104;1;0;64718;0;0;0;0
FR;3;2021-03-23;84670;87;0;0;2288;0;0;0;0;1764567;1191;1;0;67006;0;0;0;0
FR;3;2021-03-24;90955;99;0;0;2491;0;0;0;0;1855522;1290;1;0;69497;0;0;0;0
FR;3;2021-03-25;150068;149;0;0;3792;0;0;0;0;2005590;1439;1;0;73289;0;0;0;0
FR;3;2021-03-26;165431;157;0;0;4148;0;0;0;0;2171021;1596;1;0;77437;0;0;0;0
FR;3;2021-03-27;68465;101;0;0;2004;0;0;0;0;2239486;1697;1;0;79441;0;0;0;0
FR;3;2021-03-28;6480;20;0;0;238;0;0;0;0;2245966;1717;1;0;79679;0;0;0;0
FR;3;2021-03-29;54171;83;0;0;1480;0;0;0;0;2300137;1800;1;0;81159;0;0;0;0
FR;3;2021-03-30;93185;103;0;0;2564;0;0;0;0;2393322;1903;1;0;83723;0;0;0;0
FR;3;2021-03-31;63546;110;0;0;1964;0;0;0;0;2456868;2013;1;0;85687;0;0;0;0
FR;3;2021-04-01;86136;115;0;0;2495;0;0;0;0;2543004;2128;1;0;88182;0;0;0;0
FR;3;2021-04-02;86915;187;0;0;2766;0;0;0;0;2629919;2315;1;0;90948;0;0;0;0
FR;3;2021-04-03;35876;133;0;0;1164;0;0;0;0;2665795;2448;1;0;92112;0;0;0;0
FR;3;2021-04-04;3577;19;0;0;164;0;0;0;0;2669372;2467;1;0;92276;0;0;0;0
FR;3;2021-04-05;4492;40;0;0;236;0;0;0;0;2673864;2507;1;0;92512;0;0;0;0
FR;3;2021-04-06;29763;105;0;0;1091;0;0;0;0;2703627;2612;1;0;93603;0;0;0;0
FR;3;2021-04-07;32350;113;0;0;1052;0;0;0;0;2735977;2725;1;0;94655;0;0;0;0
FR;3;2021-04-08;78826;273;0;0;2618;0;0;0;0;2814803;2998;1;0;97273;0;0;0;0
FR;3;2021-04-09;161764;454;0;0;5180;0;0;0;0;2976567;3452;1;0;102453;0;0;0;0
FR;3;2021-04-10;75765;364;0;0;2696;0;0;0;0;3052332;3816;1;0;105149;0;0;0;0
FR;3;2021-04-11;7316;47;0;0;306;0;0;0;0;3059648;3863;1;0;105455;0;0;0;0
FR;3;2021-04-12;51484;219;0;0;1738;0;0;0;0;3111132;4082;1;0;107193;0;0;0;0
FR;3;2021-04-13;86236;364;0;0;2911;0;0;0;0;3197368;4446;1;0;110104;0;0;0;0
FR;3;2021-04-14;67847;377;0;0;2429;0;0;0;0;3265215;4823;1;0;112533;0;0;0;0
FR;3;2021-04-15;93246;404;0;0;3442;0;0;0;0;3358461;5227;1;0;115975;0;0;0;0
FR;3;2021-04-16;112532;627;0;0;4342;0;0;0;0;3470993;5854;1;0;120317;0;0;0;0
FR;3;2021-04-17;53319;371;1;0;2277;0;0;0;0;3524312;6225;2;0;122594;0;0;0;0
FR;3;2021-04-18;9752;49;0;0;423;0;0;0;0;3534064;6274;2;0;123017;0;0;0;0
FR;3;2021-04-19;25117;287;0;0;1093;0;0;0;0;3559181;6561;2;0;124110;0;0;0;0
FR;3;2021-04-20;45676;438;0;0;1908;0;0;0;0;3604857;6999;2;0;126018;0;0;0;0
FR;3;2021-04-21;38988;552;0;0;1896;0;0;0;0;3643845;7551;2;0;127914;0;0;0;0
FR;3;2021-04-22;54723;875;0;0;2827;0;0;0;0;3698568;8426;2;0;130741;0;0;0;0
FR;3;2021-04-23;70493;1094;0;0;3696;0;0;0;0;3769061;9520;2;0;134437;0;0;0;0
FR;3;2021-04-24;37253;1101;0;0;2490;0;0;0;0;3806314;10621;2;0;136927;0;0;0;0
FR;3;2021-04-25;6213;158;0;0;446;0;0;0;0;3812527;10779;2;0;137373;0;0;0;0
FR;3;2021-04-26;19792;699;0;0;1434;0;0;0;0;3832319;11478;2;0;138807;0;0;0;0
FR;3;2021-04-27;34486;1337;0;0;2595;0;0;0;0;3866805;12815;2;0;141402;0;0;0;0
FR;3;2021-04-28;28971;2046;0;0;3163;0;0;0;0;3895776;14861;2;0;144565;0;0;0;0
FR;3;2021-04-29;45393;6125;0;0;7944;0;0;0;0;3941169;20986;2;0;152509;0;0;0;0
FR;3;2021-04-30;55465;9117;1;0;11512;0;0;0;0;3996634;30103;3;0;164021;0;0;0;0
FR;3;2021-05-01;9518;2064;0;0;2495;0;0;0;0;4006152;32167;3;0;166516;0;0;0;0
FR;3;2021-05-02;3081;465;0;0;610;0;0;0;0;4009233;32632;3;0;167126;0;0;0;0
FR;3;2021-05-03;13067;3940;0;0;4507;0;0;0;0;4022300;36572;3;0;171633;0;0;0;0
FR;3;2021-05-04;23123;8374;0;0;9441;0;0;0;0;4045423;44946;3;0;181074;0;0;0;0
FR;3;2021-05-05;18767;10832;0;0;11770;0;0;0;0;4064190;55778;3;0;192844;0;0;0;0
FR;3;2021-05-06;34632;21264;0;0;22814;0;0;0;0;4098822;77042;3;0;215658;0;0;0;0
FR;3;2021-05-07;44211;28903;0;0;31206;0;0;0;0;4143033;105945;3;0;246864;0;0;0;0
FR;3;2021-05-08;6786;9193;0;0;9559;0;0;0;0;4149819;115138;3;0;256423;0;0;0;0
FR;3;2021-05-09;1797;2666;0;0;2767;0;0;0;0;4151616;117804;3;0;259190;0;0;0;0
FR;3;2021-05-10;15001;12916;0;0;13609;0;0;0;0;4166617;130720;3;0;272799;0;0;0;0
FR;3;2021-05-11;27100;26274;0;0;27547;0;0;0;0;4193717;156994;3;0;300346;0;0;0;0
FR;3;2021-05-12;17273;28142;0;0;29080;0;0;0;0;4210990;185136;3;0;329426;0;0;0;0
FR;3;2021-05-13;2285;3510;0;0;3630;0;0;0;0;4213275;188646;3;0;333056;0;0;0;0
FR;3;2021-05-14;14521;26084;0;0;26865;0;0;0;0;4227796;214730;3;0;359921;0;0;0;0
FR;3;2021-05-15;7233;21086;0;0;21516;0;0;0;0;4235029;235816;3;0;381437;0;0;0;0
FR;3;2021-05-16;977;2649;0;0;2695;0;0;0;0;4236006;238465;3;0;384132;0;0;0;0
FR;3;2021-05-17;7967;20223;0;0;20667;0;0;0;0;4243973;258688;3;0;404799;0;0;0;0
FR;3;2021-05-18;13418;30158;0;0;30920;0;0;0;0;4257391;288846;3;0;435719;0;0;0;0
FR;3;2021-05-19;9277;30526;0;0;31120;0;0;0;0;4266668;319372;3;0;466839;0;0;0;0
FR;3;2021-05-20;12808;53831;3;0;54758;0;0;0;0;4279476;373203;6;0;521597;0;0;0;0
FR;3;2021-05-21;12771;66183;2;0;67114;0;0;0;0;4292247;439386;8;0;588711;0;0;0;0
FR;3;2021-05-22;4967;33780;1;0;34163;0;0;0;0;4297214;473166;9;0;622874;0;0;0;0
FR;3;2021-05-23;651;2663;0;0;2695;0;0;0;0;4297865;475829;9;0;625569;0;0;0;0
FR;3;2021-05-24;885;4785;0;0;4829;0;0;0;0;4298750;480614;9;0;630398;0;0;0;0
FR;3;2021-05-25;5316;46733;1;0;47138;0;0;0;0;4304066;527347;10;0;677536;0;0;0;0
FR;3;2021-05-26;4982;52191;1;0;52665;0;0;0;0;4309048;579538;11;0;730201;0;0;0;0
FR;3;2021-05-27;6338;79067;3;0;79678;0;0;0;0;4315386;658605;14;0;809879;0;0;0;0
FR;3;2021-05-28;7546;100334;2;0;101140;0;0;0;0;4322932;758939;16;0;911019;0;0;0;0
FR;3;2021-05-29;3350;61184;1;0;61566;0;0;0;0;4326282;820123;17;0;972585;0;0;0;0
FR;3;2021-05-30;551;8078;0;0;8127;0;0;0;0;4326833;828201;17;0;980712;0;0;0;0
FR;3;2021-05-31;2442;35484;3;0;35750;0;0;0;0;4329275;863685;20;0;1016462;0;0;0;0
FR;3;2021-06-01;3418;64902;10;0;65354;0;0;0;0;4332693;928587;30;0;1081816;0;0;0;0
FR;3;2021-06-02;2735;58931;6;0;59266;0;0;0;0;4335428;987518;36;0;1141082;0;0;0;0
FR;3;2021-06-03;3496;87201;10;0;87740;0;0;0;0;4338924;1074719;46;0;1228822;0;0;0;0
FR;3;2021-06-04;4125;105869;22;0;106535;0;0;0;0;4343049;1180588;68;0;1335357;0;0;0;0
FR;3;2021-06-05;1983;52608;4;0;52926;0;0;0;0;4345032;1233196;72;0;1388283;0;0;0;0
FR;3;2021-06-06;511;5269;1;0;5317;0;0;0;0;4345543;1238465;73;0;1393600;0;0;0;0
FR;3;2021-06-07;1487;30715;11;0;30896;0;0;0;0;4347030;1269180;84;0;1424496;0;0;0;0
FR;3;2021-06-08;2066;47424;18;0;47770;0;0;0;0;4349096;1316604;102;0;1472266;0;0;0;0
FR;3;2021-06-09;1796;41810;13;0;42115;0;0;0;0;4350892;1358414;115;0;1514381;0;0;0;0
FR;3;2021-06-10;2261;67663;17;0;68061;0;0;0;0;4353153;1426077;132;0;1582442;0;0;0;0
FR;3;2021-06-11;2493;96633;34;0;97109;0;0;0;0;4355646;1522710;166;0;1679551;0;0;0;0
FR;3;2021-06-12;1179;40557;6;0;40789;0;0;0;0;4356825;1563267;172;0;1720340;0;0;0;0
FR;3;2021-06-13;283;3606;3;0;3641;0;0;0;0;4357108;1566873;175;0;1723981;0;0;0;0
FR;3;2021-06-14;1051;42317;17;0;42486;0;0;0;0;4358159;1609190;192;0;1766467;0;0;0;0
FR;3;2021-06-15;1379;80352;20;0;80657;0;0;0;0;4359538;1689542;212;0;1847124;0;0;0;0
FR;3;2021-06-16;1263;65506;20;0;65779;0;0;0;0;4360801;1755048;232;0;1912903;0;0;0;0
FR;3;2021-06-17;1667;102291;41;0;102677;0;0;0;0;4362468;1857339;273;0;2015580;0;0;0;0
FR;3;2021-06-18;1873;118467;63;0;118937;0;0;0;0;4364341;1975806;336;0;2134517;0;0;0;0
FR;3;2021-06-19;804;39454;22;0;39649;0;0;0;0;4365145;2015260;358;0;2174166;0;0;0;0
FR;3;2021-06-20;162;3195;0;0;3224;0;0;0;0;4365307;2018455;358;0;2177390;0;0;0;0
FR;3;2021-06-21;775;39089;16;0;39247;0;0;0;0;4366082;2057544;374;0;2216637;0;0;0;0
FR;3;2021-06-22;1065;70094;52;0;70364;0;0;0;0;4367147;2127638;426;0;2287001;0;0;0;0
FR;3;2021-06-23;946;50832;39;0;51104;0;0;0;0;4368093;2178470;465;0;2338105;0;0;0;0
FR;3;2021-06-24;1314;77298;48;0;77671;0;0;0;0;4369407;2255768;513;0;2415776;0;0;0;0
FR;3;2021-06-25;1410;90853;73;0;91286;0;0;0;0;4370817;2346621;586;0;2507062;0;0;0;0
FR;3;2021-06-26;631;33112;29;0;33304;0;0;0;0;4371448;2379733;615;0;2540366;0;0;0;0
FR;3;2021-06-27;168;3779;1;0;3803;0;0;0;0;4371616;2383512;616;0;2544169;0;0;0;0
FR;3;2021-06-28;655;29929;27;0;30123;0;0;0;0;4372271;2413441;643;0;2574292;0;0;0;0
FR;3;2021-06-29;856;56655;95;0;56899;0;0;0;0;4373127;2470096;738;0;2631191;0;0;0;0
FR;3;2021-06-30;905;45215;93;0;45483;0;0;0;0;4374032;2515311;831;0;2676674;0;0;0;0
FR;3;2021-07-01;1164;66128;108;0;66477;0;0;0;0;4375196;2581439;939;0;2743151;0;0;0;0
FR;3;2021-07-02;1305;90527;170;0;91010;0;0;0;0;4376501;2671966;1109;0;2834161;0;0;0;0
FR;3;2021-07-03;602;31187;51;0;31388;0;0;0;0;4377103;2703153;1160;0;2865549;0;0;0;0
FR;3;2021-07-04;144;3967;3;0;3997;0;0;0;0;4377247;2707120;1163;0;2869546;0;0;0;0
FR;3;2021-07-05;613;33605;60;0;33806;0;0;0;0;4377860;2740725;1223;0;2903352;0;0;0;0
FR;3;2021-07-06;965;55935;88;0;56246;0;0;0;0;4378825;2796660;1311;0;2959598;0;0;0;0
FR;3;2021-07-07;874;42964;80;0;43262;0;0;0;0;4379699;2839624;1391;0;3002860;0;0;0;0
FR;3;2021-07-08;1127;60812;99;0;61222;0;0;0;0;4380826;2900436;1490;0;3064082;0;0;0;0
FR;3;2021-07-09;1261;68940;128;0;69405;0;0;0;0;4382087;2969376;1618;0;3133487;0;0;0;0
FR;3;2021-07-10;644;25019;59;0;25216;0;0;0;0;4382731;2994395;1677;0;3158703;0;0;0;0
FR;3;2021-07-11;132;3173;4;0;3198;0;0;0;0;4382863;2997568;1681;0;3161901;0;0;0;0
FR;3;2021-07-12;662;23597;59;0;23810;0;0;0;0;4383525;3021165;1740;0;3185711;0;0;0;0
FR;3;2021-07-13;1648;34426;90;0;34916;0;0;0;0;4385173;3055591;1830;0;3220627;0;0;0;0
FR;3;2021-07-14;272;2476;2;0;2533;0;0;0;0;4385445;3058067;1832;0;3223160;0;0;0;0
FR;3;2021-07-15;1941;30418;85;0;30993;0;0;0;0;4387386;3088485;1917;0;3254153;0;0;0;0
FR;3;2021-07-16;2520;38619;122;0;39353;0;0;0;0;4389906;3127104;2039;0;3293506;0;0;0;0
FR;3;2021-07-17;1051;13725;26;0;14033;0;0;0;0;4390957;3140829;2065;0;3307539;0;0;0;0
FR;3;2021-07-18;266;2549;3;0;2597;0;0;0;0;4391223;3143378;2068;0;3310136;0;0;0;0
FR;3;2021-07-19;1280;16885;38;0;17253;0;0;0;0;4392503;3160263;2106;0;3327389;0;0;0;0
FR;3;2021-07-20;1823;26931;98;0;27473;0;0;0;0;4394326;3187194;2204;0;3354862;0;0;0;0
FR;3;2021-07-21;1652;19472;44;0;19977;0;0;0;0;4395978;3206666;2248;0;3374839;0;0;0;0
FR;3;2021-07-22;1856;27647;83;0;28212;0;0;0;0;4397834;3234313;2331;0;3403051;0;0;0;0
FR;3;2021-07-23;2217;30212;117;0;30949;0;0;0;0;4400051;3264525;2448;0;3434000;0;0;0;0
FR;3;2021-07-24;828;6928;25;0;7151;0;0;0;0;4400879;3271453;2473;0;3441151;0;0;0;0
FR;3;2021-07-25;210;1287;1;0;1342;0;0;0;0;4401089;3272740;2474;0;3442493;0;0;0;0
FR;3;2021-07-26;933;10508;28;0;10816;0;0;0;0;4402022;3283248;2502;0;3453309;0;0;0;0
FR;3;2021-07-27;1171;16802;56;0;17165;0;0;0;0;4403193;3300050;2558;0;3470474;0;0;0;0
FR;3;2021-07-28;989;12000;40;0;12312;0;0;0;0;4404182;3312050;2598;0;3482786;0;0;0;0
FR;3;2021-07-29;1127;15677;63;0;16090;0;0;0;0;4405309;3327727;2661;0;3498876;0;0;0;0
FR;3;2021-07-30;1129;17991;79;0;18366;0;0;0;0;4406438;3345718;2740;0;3517242;0;0;0;0
FR;3;2021-07-31;407;3710;15;0;3836;0;0;0;0;4406845;3349428;2755;0;3521078;0;0;0;0
FR;3;2021-08-01;117;445;1;0;467;0;0;0;0;4406962;3349873;2756;0;3521545;0;0;0;0
FR;3;2021-08-02;424;5015;22;0;5136;0;0;0;0;4407386;3354888;2778;0;3526681;0;0;0;0
FR;3;2021-08-03;498;7466;27;0;7599;0;0;0;0;4407884;3362354;2805;0;3534280;0;0;0;0
FR;3;2021-08-04;440;4831;26;0;4976;0;0;0;0;4408324;3367185;2831;0;3539256;0;0;0;0
FR;3;2021-08-05;433;3653;13;0;3763;0;0;0;0;4408757;3370838;2844;0;3543019;0;0;0;0
FR;3;2021-08-06;456;4699;30;0;4800;0;0;0;0;4409213;3375537;2874;0;3547819;0;0;0;0
FR;3;2021-08-07;214;1900;11;0;1946;0;0;0;0;4409427;3377437;2885;0;3549765;0;0;0;0
FR;3;2021-08-08;251;423;2;0;456;0;0;0;0;4409678;3377860;2887;0;3550221;0;0;0;0
FR;3;2021-08-09;320;2377;11;0;2447;0;0;0;0;4409998;3380237;2898;0;3552668;0;0;0;0
FR;3;2021-08-10;369;3735;15;0;3823;0;0;0;0;4410367;3383972;2913;0;3556491;0;0;0;0
FR;3;2021-08-11;291;2640;15;0;2700;0;0;0;0;4410658;3386612;2928;0;3559191;0;0;0;0
FR;3;2021-08-12;279;2563;13;0;2651;0;0;0;0;4410937;3389175;2941;0;3561842;0;0;0;0
FR;3;2021-08-13;279;2254;16;0;2340;0;0;0;0;4411216;3391429;2957;0;3564182;0;0;0;0
FR;3;2021-08-14;172;874;1;0;905;0;0;0;0;4411388;3392303;2958;0;3565087;0;0;0;0
FR;3;2021-08-15;56;174;0;0;183;0;0;0;0;4411444;3392477;2958;0;3565270;0;0;0;0
FR;3;2021-08-16;126;1002;8;0;1041;0;0;0;0;4411570;3393479;2966;0;3566311;0;0;0;0
FR;3;2021-08-17;191;1430;8;0;1471;0;0;0;0;4411761;3394909;2974;0;3567782;0;0;0;0
FR;3;2021-08-18;205;1309;10;0;1351;0;0;0;0;4411966;3396218;2984;0;3569133;0;0;0;0
FR;3;2021-08-19;165;1373;10;0;1420;0;0;0;0;4412131;3397591;2994;0;3570553;0;0;0;0
FR;3;2021-08-20;167;1595;16;0;1657;0;0;0;0;4412298;3399186;3010;0;3572210;0;0;0;0
FR;3;2021-08-21;94;576;2;0;591;0;0;0;0;4412392;3399762;3012;0;3572801;0;0;0;0
FR;3;2021-08-22;42;192;1;0;195;0;0;0;0;4412434;3399954;3013;0;3572996;0;0;0;0
FR;3;2021-08-23;141;885;7;0;930;0;0;0;0;4412575;3400839;3020;0;3573926;0;0;0;0
FR;3;2021-08-24;125;924;10;0;956;0;0;0;0;4412700;3401763;3030;0;3574882;0;0;0;0
FR;3;2021-08-25;137;820;3;0;849;0;0;0;0;4412837;3402583;3033;0;3575731;0;0;0;0
FR;3;2021-08-26;172;824;9;0;872;0;0;0;0;4413009;3403407;3042;0;3576603;0;0;0;0
FR;3;2021-08-27;178;937;9;0;989;0;0;0;0;4413187;3404344;3051;0;3577592;0;0;0;0
FR;3;2021-08-28;101;374;4;0;391;0;0;0;0;4413288;3404718;3055;0;3577983;0;0;0;0
FR;3;2021-08-29;128;129;1;0;162;0;0;0;0;4413416;3404847;3056;0;3578145;0;0;0;0
FR;3;2021-08-30;100;560;0;0;469;108;0;0;0;4413516;3405407;3056;0;3578614;108;0;0;0
FR;3;2021-08-31;134;682;7;0;587;134;0;0;0;4413650;3406089;3063;0;3579201;242;0;0;0
FR;3;2021-09-01;122;461;5;0;383;106;0;0;0;4413772;3406550;3068;0;3579584;348;0;0;0
FR;3;2021-09-02;100;595;22;0;531;105;0;0;0;4413872;3407145;3090;0;3580115;453;0;0;0
FR;3;2021-09-03;116;552;17;0;477;116;0;0;0;4413988;3407697;3107;0;3580592;569;0;0;0
FR;3;2021-09-04;55;295;3;0;256;50;0;0;0;4414043;3407992;3110;0;3580848;619;0;0;0
FR;3;2021-09-05;52;65;5;0;55;25;0;0;0;4414095;3408057;3115;0;3580903;644;0;0;0
FR;3;2021-09-06;118;367;4;0;261;130;0;0;0;4414213;3408424;3119;0;3581164;774;0;0;0
FR;3;2021-09-07;125;431;14;0;347;116;0;0;0;4414338;3408855;3133;0;3581511;890;0;0;0
FR;3;2021-09-08;122;344;2;0;274;87;0;0;0;4414460;3409199;3135;0;3581785;977;0;0;0
FR;3;2021-09-09;94;378;8;0;298;103;0;0;0;4414554;3409577;3143;0;3582083;1080;0;0;0
FR;3;2021-09-10;101;402;3;0;332;93;0;0;0;4414655;3409979;3146;0;3582415;1173;0;0;0
FR;3;2021-09-11;79;232;4;0;177;65;0;0;0;4414734;3410211;3150;0;3582592;1238;0;0;0
FR;3;2021-09-12;37;49;1;0;38;16;0;0;0;4414771;3410260;3151;0;3582630;1254;0;0;0
FR;3;2021-09-13;78;298;7;0;215;102;1;0;0;4414849;3410558;3158;0;3582845;1356;1;0;0
FR;3;2021-09-14;75;271;6;0;191;94;0;0;0;4414924;3410829;3164;0;3583036;1450;1;0;0
FR;3;2021-09-15;64;252;3;0;257;6;0;0;0;4414988;3411081;3167;0;3583293;1456;1;0;0
FR;3;2021-09-16;65;320;6;0;331;6;0;0;0;4415053;3411401;3173;0;3583624;1462;1;0;0
FR;3;2021-09-17;52;327;3;0;339;6;0;0;0;4415105;3411728;3176;0;3583963;1468;1;0;0
FR;3;2021-09-18;37;172;1;0;176;1;0;0;0;4415142;3411900;3177;0;3584139;1469;1;0;0
FR;3;2021-09-19;29;31;2;0;34;1;0;0;0;4415171;3411931;3179;0;3584173;1470;1;0;0
FR;3;2021-09-20;82;188;0;0;196;1;0;0;0;4415253;3412119;3179;0;3584369;1471;1;0;0
FR;3;2021-09-21;60;273;7;0;277;8;0;0;0;4415313;3412392;3186;0;3584646;1479;1;0;0
FR;3;2021-09-22;67;229;6;0;242;7;0;0;0;4415380;3412621;3192;0;3584888;1486;1;0;0
FR;3;2021-09-23;37;257;11;0;261;7;0;0;0;4415417;3412878;3203;0;3585149;1493;1;0;0
FR;3;2021-09-24;29;315;12;0;313;18;0;0;0;4415446;3413193;3215;0;3585462;1511;1;0;0
FR;3;2021-09-25;31;144;3;0;150;3;0;0;0;4415477;3413337;3218;0;3585612;1514;1;0;0
FR;3;2021-09-26;16;57;1;0;59;1;0;0;0;4415493;3413394;3219;0;3585671;1515;1;0;0
FR;3;2021-09-27;49;282;3;0;285;5;0;0;0;4415542;3413676;3222;0;3585956;1520;1;0;0
FR;3;2021-09-28;49;245;6;0;253;8;0;0;0;4415591;3413921;3228;0;3586209;1528;1;0;0
FR;3;2021-09-29;40;218;10;0;222;15;0;0;0;4415631;3414139;3238;0;3586431;1543;1;0;0
FR;3;2021-09-30;40;200;8;0;204;11;0;0;0;4415671;3414339;3246;0;3586635;1554;1;0;0
FR;3;2021-10-01;23;159;6;0;161;8;0;0;0;4415694;3414498;3252;0;3586796;1562;1;0;0
FR;3;2021-10-02;17;88;0;0;89;0;0;0;0;4415711;3414586;3252;0;3586885;1562;1;0;0
FR;3;2021-10-03;19;19;1;0;19;2;0;0;0;4415730;3414605;3253;0;3586904;1564;1;0;0
FR;3;2021-10-04;33;157;4;0;162;4;0;0;0;4415763;3414762;3257;0;3587066;1568;1;0;0
FR;3;2021-10-05;17;148;10;0;153;12;0;0;0;4415780;3414910;3267;0;3587219;1580;1;0;0
FR;3;2021-10-06;34;145;9;0;153;10;0;0;0;4415814;3415055;3276;0;3587372;1590;1;0;0
FR;3;2021-10-07;20;132;6;0;130;6;0;0;0;4415834;3415187;3282;0;3587502;1596;1;0;0
FR;3;2021-10-08;25;136;10;0;141;9;0;0;0;4415859;3415323;3292;0;3587643;1605;1;0;0
FR;3;2021-10-09;17;72;1;0;73;1;0;0;0;4415876;3415395;3293;0;3587716;1606;1;0;0
FR;3;2021-10-10;13;17;2;0;16;3;0;0;0;4415889;3415412;3295;0;3587732;1609;1;0;0
FR;3;2021-10-11;17;117;4;0;122;5;0;0;0;4415906;3415529;3299;0;3587854;1614;1;0;0
FR;3;2021-10-12;22;99;6;0;99;6;0;0;0;4415928;3415628;3305;0;3587953;1620;1;0;0
FR;3;2021-10-13;25;114;9;0;121;7;0;0;0;4415953;3415742;3314;0;3588074;1627;1;0;0
FR;3;2021-10-14;19;138;3;0;139;4;0;0;0;4415972;3415880;3317;0;3588213;1631;1;0;0
FR;3;2021-10-15;23;140;8;0;139;13;0;0;0;4415995;3416020;3325;0;3588352;1644;1;0;0
FR;3;2021-10-16;13;66;6;0;65;8;0;0;0;4416008;3416086;3331;0;3588417;1652;1;0;0
FR;3;2021-10-17;13;24;0;0;26;0;0;0;0;4416021;3416110;3331;0;3588443;1652;1;0;0
FR;3;2021-10-18;18;112;2;0;117;2;0;0;0;4416039;3416222;3333;0;3588560;1654;1;0;0
FR;3;2021-10-19;18;112;19;0;113;21;0;0;0;4416057;3416334;3352;0;3588673;1675;1;0;0
FR;3;2021-10-20;27;124;6;0;126;7;0;0;0;4416084;3416458;3358;0;3588799;1682;1;0;0
FR;3;2021-10-21;28;120;17;0;120;13;0;0;0;4416112;3416578;3375;0;3588919;1695;1;0;0
FR;3;2021-10-22;25;103;18;0;102;21;0;0;0;4416137;3416681;3393;0;3589021;1716;1;0;0
FR;3;2021-10-23;17;53;3;0;53;2;0;0;0;4416154;3416734;3396;0;3589074;1718;1;0;0
FR;3;2021-10-24;7;36;0;0;34;0;0;0;0;4416161;3416770;3396;0;3589108;1718;1;0;0
FR;3;2021-10-25;27;141;7;0;145;7;0;0;0;4416188;3416911;3403;0;3589253;1725;1;0;0
FR;3;2021-10-26;25;96;22;0;93;19;0;0;0;4416213;3417007;3425;0;3589346;1744;1;0;0
FR;3;2021-10-27;19;91;9;0;93;9;0;0;0;4416232;3417098;3434;0;3589439;1753;1;0;0
FR;3;2021-10-28;23;114;33;0;111;36;0;0;0;4416255;3417212;3467;0;3589550;1789;1;0;0
FR;3;2021-10-29;12;98;64;0;92;54;0;0;0;4416267;3417310;3531;0;3589642;1843;1;0;0
FR;3;2021-10-30;11;62;11;1;62;10;0;0;0;4416278;3417372;3542;1;3589704;1853;1;0;0
FR;3;2021-10-31;8;25;1;0;25;1;0;0;0;4416286;3417397;3543;1;3589729;1854;1;0;0
FR;3;2021-11-01;11;22;2;0;23;1;0;0;0;4416297;3417419;3545;1;3589752;1855;1;0;0
FR;3;2021-11-02;11;100;10;0;100;12;0;0;0;4416308;3417519;3555;1;3589852;1867;1;0;0
FR;3;2021-11-03;22;105;10;0;113;10;0;0;0;4416330;3417624;3565;1;3589965;1877;1;0;0
FR;3;2021-11-04;20;88;6;0;93;5;0;0;0;4416350;3417712;3571;1;3590058;1882;1;0;0
FR;3;2021-11-05;19;119;9;1;125;6;1;0;0;4416369;3417831;3580;2;3590183;1888;2;0;0
FR;3;2021-11-06;11;54;3;0;56;3;0;0;0;4416380;3417885;3583;2;3590239;1891;2;0;0
FR;3;2021-11-07;6;23;1;0;24;1;0;0;0;4416386;3417908;3584;2;3590263;1892;2;0;0
FR;3;2021-11-08;12;124;7;0;129;5;0;0;0;4416398;3418032;3591;2;3590392;1897;2;0;0
FR;3;2021-11-09;15;123;6;0;125;6;0;0;0;4416413;3418155;3597;2;3590517;1903;2;0;0
FR;3;2021-11-10;15;130;15;0;128;16;0;0;0;4416428;3418285;3612;2;3590645;1919;2;0;0
FR;3;2021-11-11;12;49;3;0;51;3;0;0;0;4416440;3418334;3615;2;3590696;1922;2;0;0
FR;3;2021-11-12;15;126;6;0;128;5;0;0;0;4416455;3418460;3621;2;3590824;1927;2;0;0
FR;3;2021-11-13;7;66;9;0;61;10;0;0;0;4416462;3418526;3630;2;3590885;1937;2;0;0
FR;3;2021-11-14;3;24;1;0;24;1;0;0;0;4416465;3418550;3631;2;3590909;1938;2;0;0
FR;3;2021-11-15;7;161;11;0;158;12;0;0;0;4416472;3418711;3642;2;3591067;1950;2;0;0
FR;3;2021-11-16;9;125;11;0;120;10;0;0;0;4416481;3418836;3653;2;3591187;1960;2;0;0
FR;3;2021-11-17;8;134;11;0;135;8;0;0;0;4416489;3418970;3664;2;3591322;1968;2;0;0
FR;3;2021-11-18;16;131;10;0;132;11;0;0;0;4416505;3419101;3674;2;3591454;1979;2;0;0
FR;3;2021-11-19;12;178;23;0;173;28;0;0;0;4416517;3419279;3697;2;3591627;2007;2;0;0
FR;3;2021-11-20;6;101;6;0;102;6;0;0;0;4416523;3419380;3703;2;3591729;2013;2;0;0
FR;3;2021-11-21;3;24;4;0;23;4;0;0;0;4416526;3419404;3707;2;3591752;2017;2;0;0
FR;3;2021-11-22;11;185;11;0;185;11;0;0;0;4416537;3419589;3718;2;3591937;2028;2;0;0
FR;3;2021-11-23;9;181;16;0;179;15;0;0;0;4416546;3419770;3734;2;3592116;2043;2;0;0
FR;3;2021-11-24;11;180;9;0;172;17;0;0;0;4416557;3419950;3743;2;3592288;2060;2;0;0
FR;3;2021-11-25;12;197;11;0;196;11;0;0;0;4416569;3420147;3754;2;3592484;2071;2;0;0
FR;3;2021-11-26;10;251;35;0;250;33;1;0;0;4416579;3420398;3789;2;3592734;2104;3;0;0
FR;3;2021-11-27;8;124;20;0;123;21;0;0;0;4416587;3420522;3809;2;3592857;2125;3;0;0
FR;3;2021-11-28;3;56;7;0;57;7;0;0;0;4416590;3420578;3816;2;3592914;2132;3;0;0
FR;3;2021-11-29;5;214;22;0;209;23;1;0;0;4416595;3420792;3838;2;3593123;2155;4;0;0
FR;3;2021-11-30;9;281;31;0;280;33;1;0;0;4416604;3421073;3869;2;3593403;2188;5;0;0
FR;3;2021-12-01;30;316;39;0;314;41;2;0;0;4416634;3421389;3908;2;3593717;2229;7;0;0
FR;3;2021-12-02;9;337;33;0;333;36;0;0;0;4416643;3421726;3941;2;3594050;2265;7;0;0
FR;3;2021-12-03;6;364;37;0;360;38;0;0;0;4416649;3422090;3978;2;3594410;2303;7;0;0
FR;3;2021-12-04;3;201;26;0;197;28;0;0;0;4416652;3422291;4004;2;3594607;2331;7;0;0
FR;3;2021-12-05;1;61;5;0;61;5;0;0;0;4416653;3422352;4009;2;3594668;2336;7;0;0
FR;3;2021-12-06;7;348;14;0;347;15;0;0;0;4416660;3422700;4023;2;3595015;2351;7;0;0
FR;3;2021-12-07;6;410;20;0;404;24;1;0;0;4416666;3423110;4043;2;3595419;2375;8;0;0
FR;3;2021-12-08;8;375;29;0;367;30;1;0;0;4416674;3423485;4072;2;3595786;2405;9;0;0
FR;3;2021-12-09;3;424;17;0;411;22;1;0;0;4416677;3423909;4089;2;3596197;2427;10;0;0
FR;3;2021-12-10;10;443;29;0;440;25;0;0;0;4416687;3424352;4118;2;3596637;2452;10;0;0
FR;3;2021-12-11;4;299;10;0;296;9;2;0;0;4416691;3424651;4128;2;3596933;2461;12;0;0
FR;3;2021-12-12;1;96;3;0;96;3;0;0;0;4416692;3424747;4131;2;3597029;2464;12;0;0
FR;3;2021-12-13;2;432;19;0;426;21;0;0;0;4416694;3425179;4150;2;3597455;2485;12;0;0
FR;3;2021-12-14;8;551;18;0;539;21;1;0;0;4416702;3425730;4168;2;3597994;2506;13;0;0
FR;3;2021-12-15;10;523;17;0;510;21;0;0;0;4416712;3426253;4185;2;3598504;2527;13;0;0
FR;3;2021-12-16;10;527;19;0;521;18;3;0;0;4416722;3426780;4204;2;3599025;2545;16;0;0
FR;3;2021-12-17;5;593;18;0;589;19;0;0;0;4416727;3427373;4222;2;3599614;2564;16;0;0
FR;3;2021-12-18;5;344;4;0;338;5;1;0;0;4416732;3427717;4226;2;3599952;2569;17;0;0
FR;3;2021-12-19;3;176;2;0;174;2;0;0;0;4416735;3427893;4228;2;3600126;2571;17;0;0
FR;3;2021-12-20;10;567;23;0;561;28;0;0;0;4416745;3428460;4251;2;3600687;2599;17;0;0
FR;3;2021-12-21;5;660;10;0;652;13;2;0;0;4416750;3429120;4261;2;3601339;2612;19;0;0
FR;3;2021-12-22;10;612;9;0;606;10;1;0;0;4416760;3429732;4270;2;3601945;2622;20;0;0
FR;3;2021-12-23;4;537;8;0;535;8;0;0;0;4416764;3430269;4278;2;3602480;2630;20;0;0
FR;3;2021-12-24;2;233;3;0;228;6;0;0;0;4416766;3430502;4281;2;3602708;2636;20;0;0
FR;3;2021-12-25;0;24;0;0;24;0;0;0;0;4416766;3430526;4281;2;3602732;2636;20;0;0
FR;3;2021-12-26;0;87;1;0;87;1;0;0;0;4416766;3430613;4282;2;3602819;2637;20;0;0
FR;3;2021-12-27;7;456;17;0;453;20;1;0;0;4416773;3431069;4299;2;3603272;2657;21;0;0
FR;3;2021-12-28;3;572;6;0;571;5;0;0;0;4416776;3431641;4305;2;3603843;2662;21;0;0
FR;3;2021-12-29;5;488;14;0;483;16;0;0;0;4416781;3432129;4319;2;3604326;2678;21;0;0
FR;3;2021-12-30;3;517;7;0;510;10;2;0;0;4416784;3432646;4326;2;3604836;2688;23;0;0
FR;3;2021-12-31;0;182;5;0;178;7;0;0;0;4416784;3432828;4331;2;3605014;2695;23;0;0
FR;3;2022-01-01;0;26;0;0;24;2;0;0;0;4416784;3432854;4331;2;3605038;2697;23;0;0
FR;3;2022-01-02;0;76;0;0;76;0;0;0;0;4416784;3432930;4331;2;3605114;2697;23;0;0
FR;3;2022-01-03;5;489;17;0;479;21;3;0;0;4416789;3433419;4348;2;3605593;2718;26;0;0
FR;3;2022-01-04;7;536;9;0;535;8;0;0;0;4416796;3433955;4357;2;3606128;2726;26;0;0
FR;3;2022-01-05;5;487;10;0;479;14;1;0;0;4416801;3434442;4367;2;3606607;2740;27;0;0
FR;3;2022-01-06;6;464;9;0;459;10;1;0;0;4416807;3434906;4376;2;3607066;2750;28;0;0
FR;3;2022-01-07;2;489;11;0;483;13;1;0;1;4416809;3435395;4387;2;3607549;2763;29;0;1
FR;3;2022-01-08;6;251;4;0;248;5;0;0;0;4416815;3435646;4391;2;3607797;2768;29;0;1
FR;3;2022-01-09;0;116;0;0;116;0;0;0;0;4416815;3435762;4391;2;3607913;2768;29;0;1
FR;3;2022-01-10;2;421;12;0;419;12;0;0;0;4416817;3436183;4403;2;3608332;2780;29;0;1
FR;3;2022-01-11;3;456;1;0;455;1;0;0;0;4416820;3436639;4404;2;3608787;2781;29;0;1
FR;3;2022-01-12;4;393;9;0;390;10;2;0;0;4416824;3437032;4413;2;3609177;2791;31;0;1
FR;3;2022-01-13;3;382;11;0;380;12;1;0;0;4416827;3437414;4424;2;3609557;2803;32;0;1
FR;3;2022-01-14;4;420;10;0;414;13;1;0;0;4416831;3437834;4434;2;3609971;2816;33;0;1
FR;3;2022-01-15;0;275;2;0;271;3;0;0;0;4416831;3438109;4436;2;3610242;2819;33;0;1
FR;3;2022-01-16;1;108;1;0;106;1;1;0;0;4416832;3438217;4437;2;3610348;2820;34;0;1
FR;3;2022-01-17;2;318;8;0;315;9;1;0;0;4416834;3438535;4445;2;3610663;2829;35;0;1
FR;3;2022-01-18;2;359;1;0;355;2;1;0;0;4416836;3438894;4446;2;3611018;2831;36;0;1
FR;3;2022-01-19;2;322;5;0;316;10;0;0;0;4416838;3439216;4451;2;3611334;2841;36;0;1
FR;3;2022-01-20;1;351;5;0;350;3;2;0;0;4416839;3439567;4456;2;3611684;2844;38;0;1
FR;3;2022-01-21;4;337;5;0;331;7;2;0;0;4416843;3439904;4461;2;3612015;2851;40;0;1
FR;3;2022-01-22;2;218;1;0;214;2;3;0;0;4416845;3440122;4462;2;3612229;2853;43;0;1
FR;3;2022-01-23;0;77;0;0;75;1;1;0;0;4416845;3440199;4462;2;3612304;2854;44;0;1
FR;3;2022-01-24;3;316;1;0;308;6;2;0;0;4416848;3440515;4463;2;3612612;2860;46;0;1
FR;3;2022-01-25;0;171;0;0;168;0;1;0;0;4416848;3440686;4463;2;3612780;2860;47;0;1
FR;3;2022-01-26;0;77;0;0;77;0;0;0;0;4416848;3440763;4463;2;3612857;2860;47;0;1
FR;3;2022-01-27;0;52;0;0;52;0;0;0;0;4416848;3440815;4463;2;3612909;2860;47;0;1
FR;3;2022-01-28;0;115;0;0;114;0;0;0;0;4416848;3440930;4463;2;3613023;2860;47;0;1
FR;3;2022-01-29;0;97;0;0;97;0;0;0;0;4416848;3441027;4463;2;3613120;2860;47;0;1
FR;3;2022-01-30;0;50;0;0;50;0;0;0;0;4416848;3441077;4463;2;3613170;2860;47;0;1
FR;3;2022-01-31;0;91;0;0;91;0;0;0;0;4416848;3441168;4463;2;3613261;2860;47;0;1
FR;3;2022-02-01;0;98;0;0;96;1;0;0;0;4416848;3441266;4463;2;3613357;2861;47;0;1
FR;3;2022-02-02;0;85;0;0;83;0;0;0;0;4416848;3441351;4463;2;3613440;2861;47;0;1
FR;3;2022-02-03;0;91;0;0;89;0;0;0;0;4416848;3441442;4463;2;3613529;2861;47;0;1
FR;3;2022-02-04;0;113;0;0;110;0;1;0;0;4416848;3441555;4463;2;3613639;2861;48;0;1
FR;3;2022-02-05;0;68;0;0;68;0;0;0;0;4416848;3441623;4463;2;3613707;2861;48;0;1
FR;3;2022-02-06;0;10;0;0;10;0;0;0;0;4416848;3441633;4463;2;3613717;2861;48;0;1
FR;3;2022-02-07;0;75;0;0;75;0;0;0;0;4416848;3441708;4463;2;3613792;2861;48;0;1
FR;3;2022-02-08;0;0;0;0;0;0;0;0;0;4416848;3441708;4463;2;3613792;2861;48;0;1
FR;3;2022-02-09;0;0;0;0;0;0;0;0;0;4416848;3441708;4463;2;3613792;2861;48;0;1
FR;3;2022-02-10;0;0;0;0;0;0;0;0;0;4416848;3441708;4463;2;3613792;2861;48;0;1
FR;3;2022-02-11;0;0;0;0;0;0;0;0;0;4416848;3441708;4463;2;3613792;2861;48;0;1
FR;3;2022-02-12;0;0;0;0;0;0;0;0;0;4416848;3441708;4463;2;3613792;2861;48;0;1
FR;3;2022-02-13;0;0;0;0;0;0;0;0;0;4416848;3441708;4463;2;3613792;2861;48;0;1
FR;3;2022-02-14;0;0;0;0;0;0;0;0;0;4416848;3441708;4463;2;3613792;2861;48;0;1
FR;3;2022-02-15;0;0;0;0;0;0;0;0;0;4416848;3441708;4463;2;3613792;2861;48;0;1
FR;3;2022-02-16;0;0;0;0;0;0;0;0;0;4416848;3441708;4463;2;3613792;2861;48;0;1
FR;3;2022-02-17;0;0;0;0;0;0;0;0;0;4416848;3441708;4463;2;3613792;2861;48;0;1
FR;3;2022-02-18;0;0;0;0;0;0;0;0;0;4416848;3441708;4463;2;3613792;2861;48;0;1
FR;3;2022-02-19;0;0;0;0;0;0;0;0;0;4416848;3441708;4463;2;3613792;2861;48;0;1
FR;3;2022-02-20;0;0;0;0;0;0;0;0;0;4416848;3441708;4463;2;3613792;2861;48;0;1
FR;3;2022-02-21;2;0;0;0;0;0;0;0;0;4416850;3441708;4463;2;3613792;2861;48;0;1
FR;3;2022-02-22;0;0;0;0;0;0;0;0;0;4416850;3441708;4463;2;3613792;2861;48;0;1
FR;3;2022-02-23;0;0;0;0;0;0;0;0;0;4416850;3441708;4463;2;3613792;2861;48;0;1
FR;3;2022-02-24;0;0;0;0;0;0;0;0;0;4416850;3441708;4463;2;3613792;2861;48;0;1
FR;3;2022-02-25;0;0;0;0;0;0;0;0;0;4416850;3441708;4463;2;3613792;2861;48;0;1
FR;3;2022-02-26;0;0;0;0;0;0;0;0;0;4416850;3441708;4463;2;3613792;2861;48;0;1
FR;3;2022-02-27;0;0;0;0;0;0;0;0;0;4416850;3441708;4463;2;3613792;2861;48;0;1
FR;3;2022-02-28;1;0;0;0;0;0;0;0;0;4416851;3441708;4463;2;3613792;2861;48;0;1
FR;3;2022-03-01;1;0;0;0;0;0;0;0;0;4416852;3441708;4463;2;3613792;2861;48;0;1
FR;3;2022-03-02;0;0;0;0;0;0;0;0;0;4416852;3441708;4463;2;3613792;2861;48;0;1
FR;3;2022-03-03;0;0;0;0;0;0;0;0;0;4416852;3441708;4463;2;3613792;2861;48;0;1
FR;3;2022-03-04;0;0;0;0;0;0;0;0;0;4416852;3441708;4463;2;3613792;2861;48;0;1
FR;3;2022-03-05;0;0;0;0;0;0;0;0;0;4416852;3441708;4463;2;3613792;2861;48;0;1
FR;3;2022-03-06;1;0;0;0;0;0;0;0;0;4416853;3441708;4463;2;3613792;2861;48;0;1
FR;3;2022-03-07;0;0;0;0;0;0;0;0;0;4416853;3441708;4463;2;3613792;2861;48;0;1
FR;3;2022-03-08;1;0;0;0;0;0;0;0;0;4416854;3441708;4463;2;3613792;2861;48;0;1
FR;3;2022-03-09;0;0;0;0;0;0;0;0;0;4416854;3441708;4463;2;3613792;2861;48;0;1
FR;3;2022-03-10;0;0;0;0;0;0;0;0;0;4416854;3441708;4463;2;3613792;2861;48;0;1
FR;3;2022-03-11;0;0;0;0;0;0;0;0;0;4416854;3441708;4463;2;3613792;2861;48;0;1
FR;3;2022-03-12;0;0;0;0;0;0;0;0;0;4416854;3441708;4463;2;3613792;2861;48;0;1
FR;3;2022-03-13;0;0;0;0;0;0;0;0;0;4416854;3441708;4463;2;3613792;2861;48;0;1
FR;3;2022-03-14;0;0;0;0;0;0;0;0;0;4416854;3441708;4463;2;3613792;2861;48;0;1
FR;3;2022-03-15;0;0;0;0;0;0;0;0;0;4416854;3441708;4463;2;3613792;2861;48;0;1
FR;3;2022-03-16;0;0;0;0;0;0;0;0;0;4416854;3441708;4463;2;3613792;2861;48;0;1
FR;3;2022-03-17;0;0;0;0;0;0;0;0;0;4416854;3441708;4463;2;3613792;2861;48;0;1
FR;3;2022-03-18;0;0;0;0;0;0;0;0;0;4416854;3441708;4463;2;3613792;2861;48;0;1
FR;3;2022-03-19;0;0;0;0;0;0;0;0;0;4416854;3441708;4463;2;3613792;2861;48;0;1
FR;3;2022-03-20;1;0;0;0;0;0;0;0;0;4416855;3441708;4463;2;3613792;2861;48;0;1
FR;3;2022-03-21;0;0;0;0;0;0;0;0;0;4416855;3441708;4463;2;3613792;2861;48;0;1
FR;3;2022-03-22;0;0;0;0;0;0;0;0;0;4416855;3441708;4463;2;3613792;2861;48;0;1
FR;3;2022-03-23;1;0;0;0;0;0;0;0;0;4416856;3441708;4463;2;3613792;2861;48;0;1
FR;3;2022-03-24;0;0;0;0;0;0;0;0;0;4416856;3441708;4463;2;3613792;2861;48;0;1
FR;3;2022-03-25;1;0;0;0;0;0;0;0;0;4416857;3441708;4463;2;3613792;2861;48;0;1
FR;3;2022-03-26;0;0;0;0;0;0;0;0;0;4416857;3441708;4463;2;3613792;2861;48;0;1
FR;3;2022-03-27;0;0;0;0;0;0;0;0;0;4416857;3441708;4463;2;3613792;2861;48;0;1
FR;3;2022-03-28;0;0;0;0;0;0;0;0;0;4416857;3441708;4463;2;3613792;2861;48;0;1
FR;3;2022-03-29;0;0;0;0;0;0;0;0;0;4416857;3441708;4463;2;3613792;2861;48;0;1
FR;3;2022-03-30;0;0;0;0;0;0;0;0;0;4416857;3441708;4463;2;3613792;2861;48;0;1
FR;3;2022-03-31;0;0;0;0;0;0;0;0;0;4416857;3441708;4463;2;3613792;2861;48;0;1
FR;3;2022-04-01;0;0;0;0;0;0;0;0;0;4416857;3441708;4463;2;3613792;2861;48;0;1
FR;3;2022-04-02;0;0;0;0;0;0;0;0;0;4416857;3441708;4463;2;3613792;2861;48;0;1
FR;3;2022-04-03;0;0;0;0;0;0;0;0;0;4416857;3441708;4463;2;3613792;2861;48;0;1
FR;3;2022-04-04;0;0;0;0;0;0;0;0;0;4416857;3441708;4463;2;3613792;2861;48;0;1
FR;3;2022-04-05;0;0;0;0;0;0;0;0;0;4416857;3441708;4463;2;3613792;2861;48;0;1
FR;3;2022-04-06;0;0;0;0;0;0;0;0;0;4416857;3441708;4463;2;3613792;2861;48;0;1
FR;3;2022-04-07;0;0;0;0;0;0;0;0;0;4416857;3441708;4463;2;3613792;2861;48;0;1
FR;3;2022-04-08;0;0;0;0;0;0;0;0;0;4416857;3441708;4463;2;3613792;2861;48;0;1
FR;3;2022-04-09;0;0;0;0;0;0;0;0;0;4416857;3441708;4463;2;3613792;2861;48;0;1
FR;3;2022-04-10;0;0;0;0;0;0;0;0;0;4416857;3441708;4463;2;3613792;2861;48;0;1
FR;3;2022-04-11;0;0;0;0;0;0;0;0;0;4416857;3441708;4463;2;3613792;2861;48;0;1
FR;3;2022-04-12;0;0;0;0;0;0;0;0;0;4416857;3441708;4463;2;3613792;2861;48;0;1
FR;3;2022-04-13;0;0;0;0;0;0;0;0;0;4416857;3441708;4463;2;3613792;2861;48;0;1
FR;3;2022-04-14;0;0;0;0;0;0;0;0;0;4416857;3441708;4463;2;3613792;2861;48;0;1
FR;3;2022-04-15;1;0;0;0;0;0;0;0;0;4416858;3441708;4463;2;3613792;2861;48;0;1
FR;3;2022-04-16;0;0;0;0;0;0;0;0;0;4416858;3441708;4463;2;3613792;2861;48;0;1
FR;3;2022-04-17;0;0;0;0;0;0;0;0;0;4416858;3441708;4463;2;3613792;2861;48;0;1
FR;3;2022-04-18;0;0;0;0;0;0;0;0;0;4416858;3441708;4463;2;3613792;2861;48;0;1
FR;3;2022-04-19;0;0;0;0;0;0;0;0;0;4416858;3441708;4463;2;3613792;2861;48;0;1
FR;3;2022-04-20;0;0;0;0;0;0;0;0;0;4416858;3441708;4463;2;3613792;2861;48;0;1
FR;3;2022-04-21;0;0;0;0;0;0;0;0;0;4416858;3441708;4463;2;3613792;2861;48;0;1
FR;3;2022-04-22;0;0;0;0;0;0;0;0;0;4416858;3441708;4463;2;3613792;2861;48;0;1
FR;3;2022-04-23;0;0;0;0;0;0;0;0;0;4416858;3441708;4463;2;3613792;2861;48;0;1
FR;3;2022-04-24;0;0;0;0;0;0;0;0;0;4416858;3441708;4463;2;3613792;2861;48;0;1
FR;3;2022-04-25;0;0;0;0;0;0;0;0;0;4416858;3441708;4463;2;3613792;2861;48;0;1
FR;3;2022-04-26;0;0;0;0;0;0;0;0;0;4416858;3441708;4463;2;3613792;2861;48;0;1
FR;3;2022-04-27;0;0;0;0;0;0;0;0;0;4416858;3441708;4463;2;3613792;2861;48;0;1
FR;3;2022-04-28;0;0;0;0;0;0;0;0;0;4416858;3441708;4463;2;3613792;2861;48;0;1
FR;3;2022-04-29;0;0;0;0;0;0;0;0;0;4416858;3441708;4463;2;3613792;2861;48;0;1
FR;3;2022-04-30;0;0;0;0;0;0;0;0;0;4416858;3441708;4463;2;3613792;2861;48;0;1
FR;3;2022-05-01;0;0;0;0;0;0;0;0;0;4416858;3441708;4463;2;3613792;2861;48;0;1
FR;3;2022-05-02;0;0;0;0;0;0;0;0;0;4416858;3441708;4463;2;3613792;2861;48;0;1
FR;3;2022-05-03;0;0;0;0;0;0;0;0;0;4416858;3441708;4463;2;3613792;2861;48;0;1
FR;3;2022-05-04;0;0;0;0;0;0;0;0;0;4416858;3441708;4463;2;3613792;2861;48;0;1
FR;3;2022-05-05;0;0;0;0;0;0;0;0;0;4416858;3441708;4463;2;3613792;2861;48;0;1
FR;3;2022-05-06;0;0;0;0;0;0;0;0;0;4416858;3441708;4463;2;3613792;2861;48;0;1
FR;3;2022-05-07;0;0;0;0;0;0;0;0;0;4416858;3441708;4463;2;3613792;2861;48;0;1
FR;3;2022-05-08;0;0;0;0;0;0;0;0;0;4416858;3441708;4463;2;3613792;2861;48;0;1
FR;3;2022-05-09;0;0;0;0;0;0;0;0;0;4416858;3441708;4463;2;3613792;2861;48;0;1
FR;3;2022-05-10;0;0;0;0;0;0;0;0;0;4416858;3441708;4463;2;3613792;2861;48;0;1
FR;3;2022-05-11;0;0;0;0;0;0;0;0;0;4416858;3441708;4463;2;3613792;2861;48;0;1
FR;3;2022-05-12;0;0;0;0;0;0;0;0;0;4416858;3441708;4463;2;3613792;2861;48;0;1
FR;3;2022-05-13;0;0;0;0;0;0;0;0;0;4416858;3441708;4463;2;3613792;2861;48;0;1
FR;3;2022-05-14;1;0;0;0;0;0;0;0;0;4416859;3441708;4463;2;3613792;2861;48;0;1
FR;3;2022-05-15;0;0;0;0;0;0;0;0;0;4416859;3441708;4463;2;3613792;2861;48;0;1
FR;3;2022-05-16;0;0;0;0;0;0;0;0;0;4416859;3441708;4463;2;3613792;2861;48;0;1
FR;3;2022-05-17;0;0;0;0;0;0;0;0;0;4416859;3441708;4463;2;3613792;2861;48;0;1
FR;3;2022-05-18;0;0;0;0;0;0;0;0;0;4416859;3441708;4463;2;3613792;2861;48;0;1
FR;3;2022-05-19;0;0;0;0;0;0;0;0;0;4416859;3441708;4463;2;3613792;2861;48;0;1
FR;3;2022-05-20;0;0;0;0;0;0;0;0;0;4416859;3441708;4463;2;3613792;2861;48;0;1
FR;3;2022-05-21;0;0;0;0;0;0;0;0;0;4416859;3441708;4463;2;3613792;2861;48;0;1
FR;3;2022-05-22;0;0;0;0;0;0;0;0;0;4416859;3441708;4463;2;3613792;2861;48;0;1
FR;3;2022-05-23;0;0;0;0;0;0;0;0;0;4416859;3441708;4463;2;3613792;2861;48;0;1
FR;3;2022-05-24;0;0;0;0;0;0;0;0;0;4416859;3441708;4463;2;3613792;2861;48;0;1
FR;3;2022-05-25;0;0;0;0;0;0;0;0;0;4416859;3441708;4463;2;3613792;2861;48;0;1
FR;3;2022-05-26;0;0;0;0;0;0;0;0;0;4416859;3441708;4463;2;3613792;2861;48;0;1
FR;3;2022-05-27;0;0;0;0;0;0;0;0;0;4416859;3441708;4463;2;3613792;2861;48;0;1
FR;3;2022-05-28;0;0;0;0;0;0;0;0;0;4416859;3441708;4463;2;3613792;2861;48;0;1
FR;3;2022-05-29;0;0;0;0;0;0;0;0;0;4416859;3441708;4463;2;3613792;2861;48;0;1
FR;3;2022-05-30;0;0;0;0;0;0;0;0;0;4416859;3441708;4463;2;3613792;2861;48;0;1
FR;3;2022-05-31;0;0;0;0;0;0;0;0;0;4416859;3441708;4463;2;3613792;2861;48;0;1
FR;3;2022-06-01;0;0;0;0;0;0;0;0;0;4416859;3441708;4463;2;3613792;2861;48;0;1
FR;3;2022-06-02;0;0;0;0;0;0;0;0;0;4416859;3441708;4463;2;3613792;2861;48;0;1
FR;3;2022-06-03;0;0;0;0;0;0;0;0;0;4416859;3441708;4463;2;3613792;2861;48;0;1
FR;3;2022-06-04;0;0;0;0;0;0;0;0;0;4416859;3441708;4463;2;3613792;2861;48;0;1
FR;3;2022-06-05;0;0;0;0;0;0;0;0;0;4416859;3441708;4463;2;3613792;2861;48;0;1
FR;3;2022-06-06;0;0;0;0;0;0;0;0;0;4416859;3441708;4463;2;3613792;2861;48;0;1
FR;3;2022-06-07;0;0;0;0;0;0;0;0;0;4416859;3441708;4463;2;3613792;2861;48;0;1
FR;3;2022-06-08;0;0;0;0;0;0;0;0;0;4416859;3441708;4463;2;3613792;2861;48;0;1
FR;3;2022-06-09;0;0;0;0;0;0;0;0;0;4416859;3441708;4463;2;3613792;2861;48;0;1
FR;3;2022-06-10;0;0;0;0;0;0;0;0;0;4416859;3441708;4463;2;3613792;2861;48;0;1
FR;3;2022-06-11;0;0;0;0;0;0;0;0;0;4416859;3441708;4463;2;3613792;2861;48;0;1
FR;3;2022-06-12;0;0;0;0;0;0;0;0;0;4416859;3441708;4463;2;3613792;2861;48;0;1
FR;3;2022-06-13;1;0;0;0;0;0;0;0;0;4416860;3441708;4463;2;3613792;2861;48;0;1
FR;3;2022-06-14;0;0;0;0;0;0;0;0;0;4416860;3441708;4463;2;3613792;2861;48;0;1
FR;3;2022-06-15;0;0;0;0;0;0;0;0;0;4416860;3441708;4463;2;3613792;2861;48;0;1
FR;3;2022-06-16;0;0;0;0;0;0;0;0;0;4416860;3441708;4463;2;3613792;2861;48;0;1
FR;3;2022-06-17;0;0;0;0;0;0;0;0;0;4416860;3441708;4463;2;3613792;2861;48;0;1
FR;3;2022-06-18;0;0;0;0;0;0;0;0;0;4416860;3441708;4463;2;3613792;2861;48;0;1
FR;3;2022-06-19;0;0;0;0;0;0;0;0;0;4416860;3441708;4463;2;3613792;2861;48;0;1
FR;3;2022-06-20;0;0;0;0;0;0;0;0;0;4416860;3441708;4463;2;3613792;2861;48;0;1
FR;3;2022-06-21;0;0;0;0;0;0;0;0;0;4416860;3441708;4463;2;3613792;2861;48;0;1
FR;3;2022-06-22;0;0;0;0;0;0;0;0;0;4416860;3441708;4463;2;3613792;2861;48;0;1
FR;3;2022-06-23;0;0;0;0;0;0;0;0;0;4416860;3441708;4463;2;3613792;2861;48;0;1
FR;3;2022-06-24;0;0;0;0;0;0;0;0;0;4416860;3441708;4463;2;3613792;2861;48;0;1
FR;3;2022-06-25;0;0;0;0;0;0;0;0;0;4416860;3441708;4463;2;3613792;2861;48;0;1
FR;3;2022-06-26;0;0;0;0;0;0;0;0;0;4416860;3441708;4463;2;3613792;2861;48;0;1
FR;3;2022-06-27;0;0;0;0;0;0;0;0;0;4416860;3441708;4463;2;3613792;2861;48;0;1
FR;3;2022-06-28;0;0;0;0;0;0;0;0;0;4416860;3441708;4463;2;3613792;2861;48;0;1
FR;3;2022-06-29;1;0;0;0;0;0;0;0;0;4416861;3441708;4463;2;3613792;2861;48;0;1
FR;3;2022-06-30;0;0;0;0;0;0;0;0;0;4416861;3441708;4463;2;3613792;2861;48;0;1
FR;3;2022-07-01;0;0;0;0;0;0;0;0;0;4416861;3441708;4463;2;3613792;2861;48;0;1
FR;3;2022-07-02;0;0;0;0;0;0;0;0;0;4416861;3441708;4463;2;3613792;2861;48;0;1
FR;3;2022-07-03;0;0;0;0;0;0;0;0;0;4416861;3441708;4463;2;3613792;2861;48;0;1
FR;3;2022-07-04;0;0;0;0;0;0;0;0;0;4416861;3441708;4463;2;3613792;2861;48;0;1
FR;3;2022-07-05;0;0;0;0;0;0;0;0;0;4416861;3441708;4463;2;3613792;2861;48;0;1
FR;3;2022-07-06;0;0;0;0;0;0;0;0;0;4416861;3441708;4463;2;3613792;2861;48;0;1
FR;3;2022-07-07;0;0;0;0;0;0;0;0;0;4416861;3441708;4463;2;3613792;2861;48;0;1
FR;3;2022-07-08;0;0;0;0;0;0;0;0;0;4416861;3441708;4463;2;3613792;2861;48;0;1
FR;3;2022-07-09;0;0;0;0;0;0;0;0;0;4416861;3441708;4463;2;3613792;2861;48;0;1
FR;3;2022-07-10;0;0;0;0;0;0;0;0;0;4416861;3441708;4463;2;3613792;2861;48;0;1
FR;3;2022-07-11;0;0;0;0;0;0;0;0;0;4416861;3441708;4463;2;3613792;2861;48;0;1
FR;3;2022-07-12;0;0;0;0;0;0;0;0;0;4416861;3441708;4463;2;3613792;2861;48;0;1
FR;3;2022-07-13;0;0;0;0;0;0;0;0;0;4416861;3441708;4463;2;3613792;2861;48;0;1
FR;3;2022-07-14;0;0;0;0;0;0;0;0;0;4416861;3441708;4463;2;3613792;2861;48;0;1
FR;3;2022-07-15;0;0;0;0;0;0;0;0;0;4416861;3441708;4463;2;3613792;2861;48;0;1
FR;3;2022-07-16;0;0;0;0;0;0;0;0;0;4416861;3441708;4463;2;3613792;2861;48;0;1
FR;3;2022-07-17;0;0;0;0;0;0;0;0;0;4416861;3441708;4463;2;3613792;2861;48;0;1
FR;3;2022-07-18;0;0;0;0;0;0;0;0;0;4416861;3441708;4463;2;3613792;2861;48;0;1
FR;3;2022-07-19;0;0;0;0;0;0;0;0;0;4416861;3441708;4463;2;3613792;2861;48;0;1
FR;3;2022-07-20;0;0;0;0;0;0;0;0;0;4416861;3441708;4463;2;3613792;2861;48;0;1
FR;3;2022-07-21;0;0;0;0;0;0;0;0;0;4416861;3441708;4463;2;3613792;2861;48;0;1
FR;3;2022-07-22;0;0;0;0;0;0;0;0;0;4416861;3441708;4463;2;3613792;2861;48;0;1
FR;3;2022-07-23;0;0;0;0;0;0;0;0;0;4416861;3441708;4463;2;3613792;2861;48;0;1
FR;3;2022-07-24;0;0;0;0;0;0;0;0;0;4416861;3441708;4463;2;3613792;2861;48;0;1
FR;3;2022-07-25;0;0;0;0;0;0;0;0;0;4416861;3441708;4463;2;3613792;2861;48;0;1
FR;3;2022-07-26;0;0;0;0;0;0;0;0;0;4416861;3441708;4463;2;3613792;2861;48;0;1
FR;3;2022-07-27;0;0;0;0;0;0;0;0;0;4416861;3441708;4463;2;3613792;2861;48;0;1
FR;3;2022-07-28;0;0;0;0;0;0;0;0;0;4416861;3441708;4463;2;3613792;2861;48;0;1
FR;3;2022-07-29;0;0;0;0;0;0;0;0;0;4416861;3441708;4463;2;3613792;2861;48;0;1
FR;3;2022-07-30;0;0;0;0;0;0;0;0;0;4416861;3441708;4463;2;3613792;2861;48;0;1
FR;3;2022-07-31;0;0;0;0;0;0;0;0;0;4416861;3441708;4463;2;3613792;2861;48;0;1
FR;3;2022-08-01;0;0;0;0;0;0;0;0;0;4416861;3441708;4463;2;3613792;2861;48;0;1
FR;3;2022-08-02;0;0;0;0;0;0;0;0;0;4416861;3441708;4463;2;3613792;2861;48;0;1
FR;3;2022-08-03;0;0;0;0;0;0;0;0;0;4416861;3441708;4463;2;3613792;2861;48;0;1
FR;3;2022-08-04;0;0;0;0;0;0;0;0;0;4416861;3441708;4463;2;3613792;2861;48;0;1
FR;3;2022-08-05;0;0;0;0;0;0;0;0;0;4416861;3441708;4463;2;3613792;2861;48;0;1
FR;3;2022-08-06;0;0;0;0;0;0;0;0;0;4416861;3441708;4463;2;3613792;2861;48;0;1
FR;3;2022-08-07;0;0;0;0;0;0;0;0;0;4416861;3441708;4463;2;3613792;2861;48;0;1
FR;3;2022-08-08;0;0;0;0;0;0;0;0;0;4416861;3441708;4463;2;3613792;2861;48;0;1
FR;3;2022-08-09;0;0;0;0;0;0;0;0;0;4416861;3441708;4463;2;3613792;2861;48;0;1
FR;3;2022-08-10;0;0;0;0;0;0;0;0;0;4416861;3441708;4463;2;3613792;2861;48;0;1
FR;3;2022-08-11;0;0;0;0;0;0;0;0;0;4416861;3441708;4463;2;3613792;2861;48;0;1
FR;3;2022-08-12;0;0;0;0;0;0;0;0;0;4416861;3441708;4463;2;3613792;2861;48;0;1
FR;3;2022-08-13;0;0;0;0;0;0;0;0;0;4416861;3441708;4463;2;3613792;2861;48;0;1
FR;3;2022-08-14;0;0;0;0;0;0;0;0;0;4416861;3441708;4463;2;3613792;2861;48;0;1
FR;3;2022-08-15;0;0;0;0;0;0;0;0;0;4416861;3441708;4463;2;3613792;2861;48;0;1
FR;3;2022-08-16;0;0;0;0;0;0;0;0;0;4416861;3441708;4463;2;3613792;2861;48;0;1
FR;3;2022-08-17;0;0;0;0;0;0;0;0;0;4416861;3441708;4463;2;3613792;2861;48;0;1
FR;3;2022-08-18;0;0;0;0;0;0;0;0;0;4416861;3441708;4463;2;3613792;2861;48;0;1
FR;3;2022-08-19;0;0;0;0;0;0;0;0;0;4416861;3441708;4463;2;3613792;2861;48;0;1
FR;3;2022-08-20;0;0;0;0;0;0;0;0;0;4416861;3441708;4463;2;3613792;2861;48;0;1
FR;3;2022-08-21;0;0;0;0;0;0;0;0;0;4416861;3441708;4463;2;3613792;2861;48;0;1
FR;3;2022-08-22;0;0;0;0;0;0;0;0;0;4416861;3441708;4463;2;3613792;2861;48;0;1
FR;3;2022-08-23;0;0;0;0;0;0;0;0;0;4416861;3441708;4463;2;3613792;2861;48;0;1
FR;3;2022-08-24;0;0;0;0;0;0;0;0;0;4416861;3441708;4463;2;3613792;2861;48;0;1
FR;3;2022-08-25;0;0;0;0;0;0;0;0;0;4416861;3441708;4463;2;3613792;2861;48;0;1
FR;3;2022-08-26;0;0;0;0;0;0;0;0;0;4416861;3441708;4463;2;3613792;2861;48;0;1
FR;3;2022-08-27;0;0;0;0;0;0;0;0;0;4416861;3441708;4463;2;3613792;2861;48;0;1
FR;3;2022-08-28;0;0;0;0;0;0;0;0;0;4416861;3441708;4463;2;3613792;2861;48;0;1
FR;3;2022-08-29;0;0;0;0;0;0;0;0;0;4416861;3441708;4463;2;3613792;2861;48;0;1
FR;3;2022-08-30;0;0;0;0;0;0;0;0;0;4416861;3441708;4463;2;3613792;2861;48;0;1
FR;3;2022-08-31;0;0;0;0;0;0;0;0;0;4416861;3441708;4463;2;3613792;2861;48;0;1
FR;3;2022-09-01;0;0;0;0;0;0;0;0;0;4416861;3441708;4463;2;3613792;2861;48;0;1
FR;3;2022-09-02;0;0;0;0;0;0;0;0;0;4416861;3441708;4463;2;3613792;2861;48;0;1
FR;3;2022-09-03;0;0;0;0;0;0;0;0;0;4416861;3441708;4463;2;3613792;2861;48;0;1
FR;3;2022-09-04;0;0;0;0;0;0;0;0;0;4416861;3441708;4463;2;3613792;2861;48;0;1
FR;3;2022-09-05;0;0;0;0;0;0;0;0;0;4416861;3441708;4463;2;3613792;2861;48;0;1
FR;3;2022-09-06;0;0;0;0;0;0;0;0;0;4416861;3441708;4463;2;3613792;2861;48;0;1
FR;3;2022-09-07;0;0;0;0;0;0;0;0;0;4416861;3441708;4463;2;3613792;2861;48;0;1
FR;3;2022-09-08;0;0;0;0;0;0;0;0;0;4416861;3441708;4463;2;3613792;2861;48;0;1
FR;3;2022-09-09;0;0;0;0;0;0;0;0;0;4416861;3441708;4463;2;3613792;2861;48;0;1
FR;3;2022-09-10;0;0;0;0;0;0;0;0;0;4416861;3441708;4463;2;3613792;2861;48;0;1
FR;3;2022-09-11;0;0;0;0;0;0;0;0;0;4416861;3441708;4463;2;3613792;2861;48;0;1
FR;3;2022-09-12;0;0;0;0;0;0;0;0;0;4416861;3441708;4463;2;3613792;2861;48;0;1
FR;3;2022-09-13;0;0;0;0;0;0;0;0;0;4416861;3441708;4463;2;3613792;2861;48;0;1
FR;3;2022-09-14;0;0;0;0;0;0;0;0;0;4416861;3441708;4463;2;3613792;2861;48;0;1
FR;3;2022-09-15;0;0;0;0;0;0;0;0;0;4416861;3441708;4463;2;3613792;2861;48;0;1
FR;3;2022-09-16;0;0;0;0;0;0;0;0;0;4416861;3441708;4463;2;3613792;2861;48;0;1
FR;3;2022-09-17;0;0;0;0;0;0;0;0;0;4416861;3441708;4463;2;3613792;2861;48;0;1
FR;3;2022-09-18;0;0;0;0;0;0;0;0;0;4416861;3441708;4463;2;3613792;2861;48;0;1
FR;3;2022-09-19;0;0;0;0;0;0;0;0;0;4416861;3441708;4463;2;3613792;2861;48;0;1
FR;3;2022-09-20;0;0;0;0;0;0;0;0;0;4416861;3441708;4463;2;3613792;2861;48;0;1
FR;3;2022-09-21;0;0;0;0;0;0;0;0;0;4416861;3441708;4463;2;3613792;2861;48;0;1
FR;3;2022-09-22;0;0;0;0;0;0;0;0;0;4416861;3441708;4463;2;3613792;2861;48;0;1
FR;3;2022-09-23;0;0;0;0;0;0;0;0;0;4416861;3441708;4463;2;3613792;2861;48;0;1
FR;3;2022-09-24;0;0;0;0;0;0;0;0;0;4416861;3441708;4463;2;3613792;2861;48;0;1
FR;3;2022-09-25;0;0;0;0;0;0;0;0;0;4416861;3441708;4463;2;3613792;2861;48;0;1
FR;3;2022-09-26;0;0;0;0;0;0;0;0;0;4416861;3441708;4463;2;3613792;2861;48;0;1
FR;3;2022-09-27;0;0;0;0;0;0;0;0;0;4416861;3441708;4463;2;3613792;2861;48;0;1
FR;3;2022-09-28;0;0;0;0;0;0;0;0;0;4416861;3441708;4463;2;3613792;2861;48;0;1
FR;3;2022-09-29;0;0;0;0;0;0;0;0;0;4416861;3441708;4463;2;3613792;2861;48;0;1
FR;3;2022-09-30;0;0;0;0;0;0;0;0;0;4416861;3441708;4463;2;3613792;2861;48;0;1
FR;3;2022-10-01;0;0;0;0;0;0;0;0;0;4416861;3441708;4463;2;3613792;2861;48;0;1
FR;3;2022-10-02;0;0;0;0;0;0;0;0;0;4416861;3441708;4463;2;3613792;2861;48;0;1
FR;3;2022-10-03;0;0;0;0;0;0;0;0;0;4416861;3441708;4463;2;3613792;2861;48;0;1
FR;3;2022-10-04;0;0;0;0;0;0;0;0;0;4416861;3441708;4463;2;3613792;2861;48;0;1
FR;3;2022-10-05;0;0;0;0;0;0;0;0;0;4416861;3441708;4463;2;3613792;2861;48;0;1
FR;3;2022-10-06;0;0;0;0;0;0;0;0;0;4416861;3441708;4463;2;3613792;2861;48;0;1
FR;3;2022-10-07;0;0;0;0;0;0;0;0;0;4416861;3441708;4463;2;3613792;2861;48;0;1
FR;3;2022-10-08;0;0;0;0;0;0;0;0;0;4416861;3441708;4463;2;3613792;2861;48;0;1
FR;3;2022-10-09;0;0;0;0;0;0;0;0;0;4416861;3441708;4463;2;3613792;2861;48;0;1
FR;3;2022-10-10;0;0;0;0;0;0;0;0;0;4416861;3441708;4463;2;3613792;2861;48;0;1
FR;3;2022-10-11;0;0;0;0;0;0;0;0;0;4416861;3441708;4463;2;3613792;2861;48;0;1
FR;3;2022-10-12;0;0;0;0;0;0;0;0;0;4416861;3441708;4463;2;3613792;2861;48;0;1
FR;3;2022-10-13;0;0;0;0;0;0;0;0;0;4416861;3441708;4463;2;3613792;2861;48;0;1
FR;3;2022-10-14;0;0;0;0;0;0;0;0;0;4416861;3441708;4463;2;3613792;2861;48;0;1
FR;3;2022-10-15;0;0;0;0;0;0;0;0;0;4416861;3441708;4463;2;3613792;2861;48;0;1
FR;3;2022-10-16;0;0;0;0;0;0;0;0;0;4416861;3441708;4463;2;3613792;2861;48;0;1
FR;3;2022-10-17;0;0;0;0;0;0;0;0;0;4416861;3441708;4463;2;3613792;2861;48;0;1
FR;3;2022-10-18;0;0;0;0;0;0;0;0;0;4416861;3441708;4463;2;3613792;2861;48;0;1
FR;3;2022-10-19;0;0;0;0;0;0;0;0;0;4416861;3441708;4463;2;3613792;2861;48;0;1
FR;3;2022-10-20;0;0;0;0;0;0;0;0;0;4416861;3441708;4463;2;3613792;2861;48;0;1
FR;3;2022-10-21;0;0;0;0;0;0;0;0;0;4416861;3441708;4463;2;3613792;2861;48;0;1
FR;3;2022-10-22;0;0;0;0;0;0;0;0;0;4416861;3441708;4463;2;3613792;2861;48;0;1
FR;3;2022-10-23;0;0;0;0;0;0;0;0;0;4416861;3441708;4463;2;3613792;2861;48;0;1
FR;3;2022-10-24;0;0;0;0;0;0;0;0;0;4416861;3441708;4463;2;3613792;2861;48;0;1
FR;3;2022-10-25;0;0;0;0;0;0;0;0;0;4416861;3441708;4463;2;3613792;2861;48;0;1
FR;3;2022-10-26;0;0;0;0;0;0;0;0;0;4416861;3441708;4463;2;3613792;2861;48;0;1
FR;3;2022-10-27;0;0;0;0;0;0;0;0;0;4416861;3441708;4463;2;3613792;2861;48;0;1
FR;3;2022-10-28;0;0;0;0;0;0;0;0;0;4416861;3441708;4463;2;3613792;2861;48;0;1
FR;3;2022-10-29;0;0;0;0;0;0;0;0;0;4416861;3441708;4463;2;3613792;2861;48;0;1
FR;3;2022-10-30;0;0;0;0;0;0;0;0;0;4416861;3441708;4463;2;3613792;2861;48;0;1
FR;3;2022-10-31;0;0;0;0;0;0;0;0;0;4416861;3441708;4463;2;3613792;2861;48;0;1
FR;3;2022-11-01;0;0;0;0;0;0;0;0;0;4416861;3441708;4463;2;3613792;2861;48;0;1
FR;3;2022-11-02;0;0;0;0;0;0;0;0;0;4416861;3441708;4463;2;3613792;2861;48;0;1
FR;3;2022-11-03;0;0;0;0;0;0;0;0;0;4416861;3441708;4463;2;3613792;2861;48;0;1
FR;3;2022-11-04;0;0;0;0;0;0;0;0;0;4416861;3441708;4463;2;3613792;2861;48;0;1
FR;3;2022-11-05;0;0;0;0;0;0;0;0;0;4416861;3441708;4463;2;3613792;2861;48;0;1
FR;3;2022-11-06;0;0;0;0;0;0;0;0;0;4416861;3441708;4463;2;3613792;2861;48;0;1
FR;3;2022-11-07;0;0;0;0;0;0;0;0;0;4416861;3441708;4463;2;3613792;2861;48;0;1
FR;3;2022-11-08;1;0;0;0;0;0;0;0;0;4416862;3441708;4463;2;3613792;2861;48;0;1
FR;3;2022-11-09;0;0;0;0;0;0;0;0;0;4416862;3441708;4463;2;3613792;2861;48;0;1
FR;3;2022-11-10;0;0;0;0;0;0;0;0;0;4416862;3441708;4463;2;3613792;2861;48;0;1
FR;3;2022-11-11;0;0;0;0;0;0;0;0;0;4416862;3441708;4463;2;3613792;2861;48;0;1
FR;3;2022-11-12;0;0;0;0;0;0;0;0;0;4416862;3441708;4463;2;3613792;2861;48;0;1
FR;3;2022-11-13;0;0;0;0;0;0;0;0;0;4416862;3441708;4463;2;3613792;2861;48;0;1
FR;3;2022-11-14;0;0;0;0;0;0;0;0;0;4416862;3441708;4463;2;3613792;2861;48;0;1
FR;3;2022-11-15;0;0;0;0;0;0;0;0;0;4416862;3441708;4463;2;3613792;2861;48;0;1
FR;3;2022-11-16;0;0;0;0;0;0;0;0;0;4416862;3441708;4463;2;3613792;2861;48;0;1
FR;3;2022-11-17;0;0;0;0;0;0;0;0;0;4416862;3441708;4463;2;3613792;2861;48;0;1
FR;3;2022-11-18;0;0;0;0;0;0;0;0;0;4416862;3441708;4463;2;3613792;2861;48;0;1
FR;3;2022-11-19;0;0;0;0;0;0;0;0;0;4416862;3441708;4463;2;3613792;2861;48;0;1
FR;3;2022-11-20;0;0;0;0;0;0;0;0;0;4416862;3441708;4463;2;3613792;2861;48;0;1
FR;3;2022-11-21;0;0;0;0;0;0;0;0;0;4416862;3441708;4463;2;3613792;2861;48;0;1
FR;3;2022-11-22;0;0;0;0;0;0;0;0;0;4416862;3441708;4463;2;3613792;2861;48;0;1
FR;3;2022-11-23;0;0;0;0;0;0;0;0;0;4416862;3441708;4463;2;3613792;2861;48;0;1
FR;3;2022-11-24;0;0;0;0;0;0;0;0;0;4416862;3441708;4463;2;3613792;2861;48;0;1
FR;3;2022-11-25;0;0;0;0;0;0;0;0;0;4416862;3441708;4463;2;3613792;2861;48;0;1
FR;3;2022-11-26;0;0;0;0;0;0;0;0;0;4416862;3441708;4463;2;3613792;2861;48;0;1
FR;3;2022-11-27;0;0;0;0;0;0;0;0;0;4416862;3441708;4463;2;3613792;2861;48;0;1
FR;3;2022-11-28;0;0;0;0;0;0;0;0;0;4416862;3441708;4463;2;3613792;2861;48;0;1
FR;3;2022-11-29;0;0;0;0;0;0;0;0;0;4416862;3441708;4463;2;3613792;2861;48;0;1
FR;3;2022-11-30;0;0;0;0;0;0;0;0;0;4416862;3441708;4463;2;3613792;2861;48;0;1
FR;3;2022-12-01;0;0;0;0;0;0;0;0;0;4416862;3441708;4463;2;3613792;2861;48;0;1
FR;3;2022-12-02;0;0;0;0;0;0;0;0;0;4416862;3441708;4463;2;3613792;2861;48;0;1
FR;3;2022-12-03;0;0;0;0;0;0;0;0;0;4416862;3441708;4463;2;3613792;2861;48;0;1
FR;3;2022-12-04;0;0;0;0;0;0;0;0;0;4416862;3441708;4463;2;3613792;2861;48;0;1
FR;3;2022-12-05;0;0;0;0;0;0;0;0;0;4416862;3441708;4463;2;3613792;2861;48;0;1
FR;3;2022-12-06;0;0;0;0;0;0;0;0;0;4416862;3441708;4463;2;3613792;2861;48;0;1
FR;3;2022-12-07;0;0;0;0;0;0;0;0;0;4416862;3441708;4463;2;3613792;2861;48;0;1
FR;3;2022-12-08;0;0;0;0;0;0;0;0;0;4416862;3441708;4463;2;3613792;2861;48;0;1
FR;3;2022-12-09;0;0;0;0;0;0;0;0;0;4416862;3441708;4463;2;3613792;2861;48;0;1
FR;3;2022-12-10;0;0;0;0;0;0;0;0;0;4416862;3441708;4463;2;3613792;2861;48;0;1
FR;3;2022-12-11;0;0;0;0;0;0;0;0;0;4416862;3441708;4463;2;3613792;2861;48;0;1
FR;3;2022-12-12;0;0;0;0;0;0;0;0;0;4416862;3441708;4463;2;3613792;2861;48;0;1
FR;3;2022-12-13;0;0;0;0;0;0;0;0;0;4416862;3441708;4463;2;3613792;2861;48;0;1
FR;3;2022-12-14;0;0;0;0;0;0;0;0;0;4416862;3441708;4463;2;3613792;2861;48;0;1
FR;3;2022-12-15;0;0;0;0;0;0;0;0;0;4416862;3441708;4463;2;3613792;2861;48;0;1
FR;3;2022-12-16;0;0;0;0;0;0;0;0;0;4416862;3441708;4463;2;3613792;2861;48;0;1
FR;3;2022-12-17;0;0;0;0;0;0;0;0;0;4416862;3441708;4463;2;3613792;2861;48;0;1
FR;3;2022-12-18;0;0;0;0;0;0;0;0;0;4416862;3441708;4463;2;3613792;2861;48;0;1
FR;3;2022-12-19;0;0;0;0;0;0;0;0;0;4416862;3441708;4463;2;3613792;2861;48;0;1
FR;3;2022-12-20;0;0;0;0;0;0;0;0;0;4416862;3441708;4463;2;3613792;2861;48;0;1
FR;3;2022-12-21;0;0;0;0;0;0;0;0;0;4416862;3441708;4463;2;3613792;2861;48;0;1
FR;3;2022-12-22;0;0;0;0;0;0;0;0;0;4416862;3441708;4463;2;3613792;2861;48;0;1
FR;3;2022-12-23;0;0;0;0;0;0;0;0;0;4416862;3441708;4463;2;3613792;2861;48;0;1
FR;3;2022-12-24;0;0;0;0;0;0;0;0;0;4416862;3441708;4463;2;3613792;2861;48;0;1
FR;3;2022-12-25;0;0;0;0;0;0;0;0;0;4416862;3441708;4463;2;3613792;2861;48;0;1
FR;3;2022-12-26;0;0;0;0;0;0;0;0;0;4416862;3441708;4463;2;3613792;2861;48;0;1
FR;3;2022-12-27;0;0;0;0;0;0;0;0;0;4416862;3441708;4463;2;3613792;2861;48;0;1
FR;3;2022-12-28;0;0;0;0;0;0;0;0;0;4416862;3441708;4463;2;3613792;2861;48;0;1
FR;3;2022-12-29;0;0;0;0;0;0;0;0;0;4416862;3441708;4463;2;3613792;2861;48;0;1
FR;3;2022-12-30;0;0;0;0;0;0;0;0;0;4416862;3441708;4463;2;3613792;2861;48;0;1
FR;3;2022-12-31;0;0;0;0;0;0;0;0;0;4416862;3441708;4463;2;3613792;2861;48;0;1
FR;3;2023-01-01;0;0;0;0;0;0;0;0;0;4416862;3441708;4463;2;3613792;2861;48;0;1
FR;3;2023-01-02;0;0;0;0;0;0;0;0;0;4416862;3441708;4463;2;3613792;2861;48;0;1
FR;3;2023-01-03;0;0;0;0;0;0;0;0;0;4416862;3441708;4463;2;3613792;2861;48;0;1
FR;3;2023-01-04;0;0;0;0;0;0;0;0;0;4416862;3441708;4463;2;3613792;2861;48;0;1
FR;3;2023-01-05;0;0;0;0;0;0;0;0;0;4416862;3441708;4463;2;3613792;2861;48;0;1
FR;3;2023-01-06;0;0;0;0;0;0;0;0;0;4416862;3441708;4463;2;3613792;2861;48;0;1
FR;3;2023-01-07;0;0;0;0;0;0;0;0;0;4416862;3441708;4463;2;3613792;2861;48;0;1
FR;3;2023-01-08;0;0;0;0;0;0;0;0;0;4416862;3441708;4463;2;3613792;2861;48;0;1
FR;3;2023-01-09;0;0;0;0;0;0;0;0;0;4416862;3441708;4463;2;3613792;2861;48;0;1
FR;3;2023-01-10;0;0;0;0;0;0;0;0;0;4416862;3441708;4463;2;3613792;2861;48;0;1
FR;3;2023-01-11;0;0;0;0;0;0;0;0;0;4416862;3441708;4463;2;3613792;2861;48;0;1
FR;3;2023-01-12;0;0;0;0;0;0;0;0;0;4416862;3441708;4463;2;3613792;2861;48;0;1
FR;3;2023-01-13;0;0;0;0;0;0;0;0;0;4416862;3441708;4463;2;3613792;2861;48;0;1
FR;3;2023-01-14;0;0;0;0;0;0;0;0;0;4416862;3441708;4463;2;3613792;2861;48;0;1
FR;3;2023-01-15;0;0;0;0;0;0;0;0;0;4416862;3441708;4463;2;3613792;2861;48;0;1
FR;3;2023-01-16;0;0;0;0;0;0;0;0;0;4416862;3441708;4463;2;3613792;2861;48;0;1
FR;3;2023-01-17;0;0;0;0;0;0;0;0;0;4416862;3441708;4463;2;3613792;2861;48;0;1
FR;3;2023-01-18;0;0;0;0;0;0;0;0;0;4416862;3441708;4463;2;3613792;2861;48;0;1
FR;3;2023-01-19;0;0;0;0;0;0;0;0;0;4416862;3441708;4463;2;3613792;2861;48;0;1
FR;3;2023-01-20;0;0;0;0;0;0;0;0;0;4416862;3441708;4463;2;3613792;2861;48;0;1
FR;3;2023-01-21;0;0;0;0;0;0;0;0;0;4416862;3441708;4463;2;3613792;2861;48;0;1
FR;3;2023-01-22;0;0;0;0;0;0;0;0;0;4416862;3441708;4463;2;3613792;2861;48;0;1
FR;3;2023-01-23;0;0;0;0;0;0;0;0;0;4416862;3441708;4463;2;3613792;2861;48;0;1
FR;3;2023-01-24;0;0;0;0;0;0;0;0;0;4416862;3441708;4463;2;3613792;2861;48;0;1
FR;3;2023-01-25;1;0;0;0;0;0;0;0;0;4416863;3441708;4463;2;3613792;2861;48;0;1
FR;3;2023-01-26;0;0;0;0;0;0;0;0;0;4416863;3441708;4463;2;3613792;2861;48;0;1
FR;3;2023-01-27;0;0;0;0;0;0;0;0;0;4416863;3441708;4463;2;3613792;2861;48;0;1
FR;3;2023-01-28;0;0;0;0;0;0;0;0;0;4416863;3441708;4463;2;3613792;2861;48;0;1
FR;3;2023-01-29;0;0;0;0;0;0;0;0;0;4416863;3441708;4463;2;3613792;2861;48;0;1
FR;3;2023-01-30;0;0;0;0;0;0;0;0;0;4416863;3441708;4463;2;3613792;2861;48;0;1
FR;3;2023-01-31;0;0;0;0;0;0;0;0;0;4416863;3441708;4463;2;3613792;2861;48;0;1
FR;3;2023-02-01;0;0;0;0;0;0;0;0;0;4416863;3441708;4463;2;3613792;2861;48;0;1
FR;3;2023-02-02;0;0;0;0;0;0;0;0;0;4416863;3441708;4463;2;3613792;2861;48;0;1
FR;3;2023-02-03;0;0;0;0;0;0;0;0;0;4416863;3441708;4463;2;3613792;2861;48;0;1
FR;3;2023-02-04;0;0;0;0;0;0;0;0;0;4416863;3441708;4463;2;3613792;2861;48;0;1
FR;3;2023-02-05;0;0;0;0;0;0;0;0;0;4416863;3441708;4463;2;3613792;2861;48;0;1
FR;3;2023-02-06;0;0;0;0;0;0;0;0;0;4416863;3441708;4463;2;3613792;2861;48;0;1
FR;3;2023-02-07;0;0;0;0;0;0;0;0;0;4416863;3441708;4463;2;3613792;2861;48;0;1
FR;3;2023-02-08;0;0;0;0;0;0;0;0;0;4416863;3441708;4463;2;3613792;2861;48;0;1
FR;3;2023-02-09;0;0;0;0;0;0;0;0;0;4416863;3441708;4463;2;3613792;2861;48;0;1
FR;3;2023-02-10;0;0;0;0;0;0;0;0;0;4416863;3441708;4463;2;3613792;2861;48;0;1
FR;3;2023-02-11;0;0;0;0;0;0;0;0;0;4416863;3441708;4463;2;3613792;2861;48;0;1
FR;3;2023-02-12;0;0;0;0;0;0;0;0;0;4416863;3441708;4463;2;3613792;2861;48;0;1
FR;3;2023-02-13;0;0;0;0;0;0;0;0;0;4416863;3441708;4463;2;3613792;2861;48;0;1
FR;3;2023-02-14;0;0;0;0;0;0;0;0;0;4416863;3441708;4463;2;3613792;2861;48;0;1
FR;3;2023-02-15;0;0;0;0;0;0;0;0;0;4416863;3441708;4463;2;3613792;2861;48;0;1
FR;3;2023-02-16;0;0;0;0;0;0;0;0;0;4416863;3441708;4463;2;3613792;2861;48;0;1
FR;3;2023-02-17;0;0;0;0;0;0;0;0;0;4416863;3441708;4463;2;3613792;2861;48;0;1
FR;3;2023-02-18;0;0;0;0;0;0;0;0;0;4416863;3441708;4463;2;3613792;2861;48;0;1
FR;3;2023-02-19;0;0;0;0;0;0;0;0;0;4416863;3441708;4463;2;3613792;2861;48;0;1
FR;3;2023-02-20;0;0;0;0;0;0;0;0;0;4416863;3441708;4463;2;3613792;2861;48;0;1
FR;3;2023-02-21;0;0;0;0;0;0;0;0;0;4416863;3441708;4463;2;3613792;2861;48;0;1
FR;3;2023-02-22;0;0;0;0;0;0;0;0;0;4416863;3441708;4463;2;3613792;2861;48;0;1
FR;3;2023-02-23;0;0;0;0;0;0;0;0;0;4416863;3441708;4463;2;3613792;2861;48;0;1
FR;3;2023-02-24;0;0;0;0;0;0;0;0;0;4416863;3441708;4463;2;3613792;2861;48;0;1
FR;3;2023-02-25;0;0;0;0;0;0;0;0;0;4416863;3441708;4463;2;3613792;2861;48;0;1
FR;3;2023-02-26;0;0;0;0;0;0;0;0;0;4416863;3441708;4463;2;3613792;2861;48;0;1
FR;3;2023-02-27;0;0;0;0;0;0;0;0;0;4416863;3441708;4463;2;3613792;2861;48;0;1
FR;3;2023-02-28;0;0;0;0;0;0;0;0;0;4416863;3441708;4463;2;3613792;2861;48;0;1
FR;3;2023-03-01;0;0;0;0;0;0;0;0;0;4416863;3441708;4463;2;3613792;2861;48;0;1
FR;3;2023-03-02;0;0;0;0;0;0;0;0;0;4416863;3441708;4463;2;3613792;2861;48;0;1
FR;3;2023-03-03;0;0;0;0;0;0;0;0;0;4416863;3441708;4463;2;3613792;2861;48;0;1
FR;3;2023-03-04;0;0;0;0;0;0;0;0;0;4416863;3441708;4463;2;3613792;2861;48;0;1
FR;3;2023-03-05;0;0;0;0;0;0;0;0;0;4416863;3441708;4463;2;3613792;2861;48;0;1
FR;3;2023-03-06;0;0;0;0;0;0;0;0;0;4416863;3441708;4463;2;3613792;2861;48;0;1
FR;3;2023-03-07;0;0;0;0;0;0;0;0;0;4416863;3441708;4463;2;3613792;2861;48;0;1
FR;3;2023-03-08;0;0;0;0;0;0;0;0;0;4416863;3441708;4463;2;3613792;2861;48;0;1
FR;3;2023-03-09;0;0;0;0;0;0;0;0;0;4416863;3441708;4463;2;3613792;2861;48;0;1
FR;3;2023-03-10;0;0;0;0;0;0;0;0;0;4416863;3441708;4463;2;3613792;2861;48;0;1
FR;3;2023-03-11;0;0;0;0;0;0;0;0;0;4416863;3441708;4463;2;3613792;2861;48;0;1
FR;3;2023-03-12;0;0;0;0;0;0;0;0;0;4416863;3441708;4463;2;3613792;2861;48;0;1
FR;3;2023-03-13;0;0;0;0;0;0;0;0;0;4416863;3441708;4463;2;3613792;2861;48;0;1
FR;3;2023-03-14;0;0;0;0;0;0;0;0;0;4416863;3441708;4463;2;3613792;2861;48;0;1
FR;3;2023-03-15;0;0;0;0;0;0;0;0;0;4416863;3441708;4463;2;3613792;2861;48;0;1
FR;3;2023-03-16;0;0;0;0;0;0;0;0;0;4416863;3441708;4463;2;3613792;2861;48;0;1
FR;3;2023-03-17;0;0;0;0;0;0;0;0;0;4416863;3441708;4463;2;3613792;2861;48;0;1
FR;3;2023-03-18;0;0;0;0;0;0;0;0;0;4416863;3441708;4463;2;3613792;2861;48;0;1
FR;3;2023-03-19;0;0;0;0;0;0;0;0;0;4416863;3441708;4463;2;3613792;2861;48;0;1
FR;3;2023-03-20;0;0;0;0;0;0;0;0;0;4416863;3441708;4463;2;3613792;2861;48;0;1
FR;3;2023-03-21;0;0;0;0;0;0;0;0;0;4416863;3441708;4463;2;3613792;2861;48;0;1
FR;3;2023-03-22;0;0;0;0;0;0;0;0;0;4416863;3441708;4463;2;3613792;2861;48;0;1
FR;3;2023-03-23;0;0;0;0;0;0;0;0;0;4416863;3441708;4463;2;3613792;2861;48;0;1
FR;3;2023-03-24;0;0;0;0;0;0;0;0;0;4416863;3441708;4463;2;3613792;2861;48;0;1
FR;3;2023-03-25;0;0;0;0;0;0;0;0;0;4416863;3441708;4463;2;3613792;2861;48;0;1
FR;3;2023-03-26;0;0;0;0;0;0;0;0;0;4416863;3441708;4463;2;3613792;2861;48;0;1
FR;3;2023-03-27;0;0;0;0;0;0;0;0;0;4416863;3441708;4463;2;3613792;2861;48;0;1
FR;3;2023-03-28;0;0;0;0;0;0;0;0;0;4416863;3441708;4463;2;3613792;2861;48;0;1
FR;3;2023-03-29;0;0;0;0;0;0;0;0;0;4416863;3441708;4463;2;3613792;2861;48;0;1
FR;3;2023-03-30;0;0;0;0;0;0;0;0;0;4416863;3441708;4463;2;3613792;2861;48;0;1
FR;3;2023-03-31;0;0;0;0;0;0;0;0;0;4416863;3441708;4463;2;3613792;2861;48;0;1
FR;3;2023-04-01;0;0;0;0;0;0;0;0;0;4416863;3441708;4463;2;3613792;2861;48;0;1
FR;3;2023-04-02;0;0;0;0;0;0;0;0;0;4416863;3441708;4463;2;3613792;2861;48;0;1
FR;3;2023-04-03;0;0;0;0;0;0;0;0;0;4416863;3441708;4463;2;3613792;2861;48;0;1
FR;3;2023-04-04;0;0;0;0;0;0;0;0;0;4416863;3441708;4463;2;3613792;2861;48;0;1
FR;3;2023-04-05;0;0;0;0;0;0;0;0;0;4416863;3441708;4463;2;3613792;2861;48;0;1
FR;3;2023-04-06;0;0;0;0;0;0;0;0;0;4416863;3441708;4463;2;3613792;2861;48;0;1
FR;3;2023-04-07;0;0;0;0;0;0;0;0;0;4416863;3441708;4463;2;3613792;2861;48;0;1
FR;3;2023-04-08;0;0;0;0;0;0;0;0;0;4416863;3441708;4463;2;3613792;2861;48;0;1
FR;3;2023-04-09;0;0;0;0;0;0;0;0;0;4416863;3441708;4463;2;3613792;2861;48;0;1
FR;3;2023-04-10;0;0;0;0;0;0;0;0;0;4416863;3441708;4463;2;3613792;2861;48;0;1
FR;3;2023-04-11;0;0;0;0;0;0;0;0;0;4416863;3441708;4463;2;3613792;2861;48;0;1
FR;3;2023-04-12;0;0;0;0;0;0;0;0;0;4416863;3441708;4463;2;3613792;2861;48;0;1
FR;3;2023-04-13;0;0;0;0;0;0;0;0;0;4416863;3441708;4463;2;3613792;2861;48;0;1
FR;3;2023-04-14;0;0;0;0;0;0;0;0;0;4416863;3441708;4463;2;3613792;2861;48;0;1
FR;3;2023-04-15;0;0;0;0;0;0;0;0;0;4416863;3441708;4463;2;3613792;2861;48;0;1
FR;3;2023-04-16;0;0;0;0;0;0;0;0;0;4416863;3441708;4463;2;3613792;2861;48;0;1
FR;3;2023-04-17;0;0;0;0;0;0;0;0;0;4416863;3441708;4463;2;3613792;2861;48;0;1
FR;3;2023-04-18;0;0;0;0;0;0;0;0;0;4416863;3441708;4463;2;3613792;2861;48;0;1
FR;3;2023-04-19;0;0;0;0;0;0;0;0;0;4416863;3441708;4463;2;3613792;2861;48;0;1
FR;4;2020-12-27;0;0;0;0;0;0;0;0;0;0;0;0;0;0;0;0;0;0
FR;4;2020-12-28;0;0;0;0;0;0;0;0;0;0;0;0;0;0;0;0;0;0
FR;4;2020-12-29;0;0;0;0;0;0;0;0;0;0;0;0;0;0;0;0;0;0
FR;4;2020-12-30;0;0;0;0;0;0;0;0;0;0;0;0;0;0;0;0;0;0
FR;4;2020-12-31;0;0;0;0;0;0;0;0;0;0;0;0;0;0;0;0;0;0
FR;4;2021-01-01;0;0;0;0;0;0;0;0;0;0;0;0;0;0;0;0;0;0
FR;4;2021-01-02;0;0;0;0;0;0;0;0;0;0;0;0;0;0;0;0;0;0
FR;4;2021-01-03;0;0;0;0;0;0;0;0;0;0;0;0;0;0;0;0;0;0
FR;4;2021-01-04;0;0;0;0;0;0;0;0;0;0;0;0;0;0;0;0;0;0
FR;4;2021-01-05;0;0;0;0;0;0;0;0;0;0;0;0;0;0;0;0;0;0
FR;4;2021-01-06;0;0;0;0;0;0;0;0;0;0;0;0;0;0;0;0;0;0
FR;4;2021-01-07;0;0;0;0;0;0;0;0;0;0;0;0;0;0;0;0;0;0
FR;4;2021-01-08;0;0;0;0;0;0;0;0;0;0;0;0;0;0;0;0;0;0
FR;4;2021-01-09;0;0;0;0;0;0;0;0;0;0;0;0;0;0;0;0;0;0
FR;4;2021-01-10;0;0;0;0;0;0;0;0;0;0;0;0;0;0;0;0;0;0
FR;4;2021-01-11;0;0;0;0;0;0;0;0;0;0;0;0;0;0;0;0;0;0
FR;4;2021-01-12;0;0;0;0;0;0;0;0;0;0;0;0;0;0;0;0;0;0
FR;4;2021-01-13;0;0;0;0;0;0;0;0;0;0;0;0;0;0;0;0;0;0
FR;4;2021-01-14;0;0;0;0;0;0;0;0;0;0;0;0;0;0;0;0;0;0
FR;4;2021-01-15;0;0;0;0;0;0;0;0;0;0;0;0;0;0;0;0;0;0
FR;4;2021-01-16;0;0;0;0;0;0;0;0;0;0;0;0;0;0;0;0;0;0
FR;4;2021-01-17;0;0;0;0;0;0;0;0;0;0;0;0;0;0;0;0;0;0
FR;4;2021-01-18;0;0;0;0;0;0;0;0;0;0;0;0;0;0;0;0;0;0
FR;4;2021-01-19;0;0;0;0;0;0;0;0;0;0;0;0;0;0;0;0;0;0
FR;4;2021-01-20;0;0;0;0;0;0;0;0;0;0;0;0;0;0;0;0;0;0
FR;4;2021-01-21;0;0;0;0;0;0;0;0;0;0;0;0;0;0;0;0;0;0
FR;4;2021-01-22;0;0;0;0;0;0;0;0;0;0;0;0;0;0;0;0;0;0
FR;4;2021-01-23;0;0;0;0;0;0;0;0;0;0;0;0;0;0;0;0;0;0
FR;4;2021-01-24;0;0;0;0;0;0;0;0;0;0;0;0;0;0;0;0;0;0
FR;4;2021-01-25;0;0;0;0;0;0;0;0;0;0;0;0;0;0;0;0;0;0
FR;4;2021-01-26;0;0;0;0;0;0;0;0;0;0;0;0;0;0;0;0;0;0
FR;4;2021-01-27;0;0;0;0;0;0;0;0;0;0;0;0;0;0;0;0;0;0
FR;4;2021-01-28;0;0;0;0;0;0;0;0;0;0;0;0;0;0;0;0;0;0
FR;4;2021-01-29;0;0;0;0;0;0;0;0;0;0;0;0;0;0;0;0;0;0
FR;4;2021-01-30;0;0;0;0;0;0;0;0;0;0;0;0;0;0;0;0;0;0
FR;4;2021-01-31;0;0;0;0;0;0;0;0;0;0;0;0;0;0;0;0;0;0
FR;4;2021-02-01;0;0;0;0;0;0;0;0;0;0;0;0;0;0;0;0;0;0
FR;4;2021-02-02;0;0;0;0;0;0;0;0;0;0;0;0;0;0;0;0;0;0
FR;4;2021-02-03;0;0;0;0;0;0;0;0;0;0;0;0;0;0;0;0;0;0
FR;4;2021-02-04;0;0;0;0;0;0;0;0;0;0;0;0;0;0;0;0;0;0
FR;4;2021-02-05;0;0;0;0;0;0;0;0;0;0;0;0;0;0;0;0;0;0
FR;4;2021-02-06;0;0;0;0;0;0;0;0;0;0;0;0;0;0;0;0;0;0
FR;4;2021-02-07;0;0;0;0;0;0;0;0;0;0;0;0;0;0;0;0;0;0
FR;4;2021-02-08;0;0;0;0;0;0;0;0;0;0;0;0;0;0;0;0;0;0
FR;4;2021-02-09;0;0;0;0;0;0;0;0;0;0;0;0;0;0;0;0;0;0
FR;4;2021-02-10;0;0;0;0;0;0;0;0;0;0;0;0;0;0;0;0;0;0
FR;4;2021-02-11;0;0;0;0;0;0;0;0;0;0;0;0;0;0;0;0;0;0
FR;4;2021-02-12;0;0;0;0;0;0;0;0;0;0;0;0;0;0;0;0;0;0
FR;4;2021-02-13;0;0;0;0;0;0;0;0;0;0;0;0;0;0;0;0;0;0
FR;4;2021-02-14;0;0;0;0;0;0;0;0;0;0;0;0;0;0;0;0;0;0
FR;4;2021-02-15;0;0;0;0;0;0;0;0;0;0;0;0;0;0;0;0;0;0
FR;4;2021-02-16;0;0;0;0;0;0;0;0;0;0;0;0;0;0;0;0;0;0
FR;4;2021-02-17;0;0;0;0;0;0;0;0;0;0;0;0;0;0;0;0;0;0
FR;4;2021-02-18;0;0;0;0;0;0;0;0;0;0;0;0;0;0;0;0;0;0
FR;4;2021-02-19;0;0;0;0;0;0;0;0;0;0;0;0;0;0;0;0;0;0
FR;4;2021-02-20;0;0;0;0;0;0;0;0;0;0;0;0;0;0;0;0;0;0
FR;4;2021-02-21;0;0;0;0;0;0;0;0;0;0;0;0;0;0;0;0;0;0
FR;4;2021-02-22;0;0;0;0;0;0;0;0;0;0;0;0;0;0;0;0;0;0
FR;4;2021-02-23;0;0;0;0;0;0;0;0;0;0;0;0;0;0;0;0;0;0
FR;4;2021-02-24;0;0;0;0;0;0;0;0;0;0;0;0;0;0;0;0;0;0
FR;4;2021-02-25;0;0;0;0;0;0;0;0;0;0;0;0;0;0;0;0;0;0
FR;4;2021-02-26;0;0;0;0;0;0;0;0;0;0;0;0;0;0;0;0;0;0
FR;4;2021-02-27;0;0;0;0;0;0;0;0;0;0;0;0;0;0;0;0;0;0
FR;4;2021-02-28;0;0;0;0;0;0;0;0;0;0;0;0;0;0;0;0;0;0
FR;4;2021-03-01;0;0;0;0;0;0;0;0;0;0;0;0;0;0;0;0;0;0
FR;4;2021-03-02;0;0;0;0;0;0;0;0;0;0;0;0;0;0;0;0;0;0
FR;4;2021-03-03;0;0;0;0;0;0;0;0;0;0;0;0;0;0;0;0;0;0
FR;4;2021-03-04;0;0;0;0;0;0;0;0;0;0;0;0;0;0;0;0;0;0
FR;4;2021-03-05;0;0;0;0;0;0;0;0;0;0;0;0;0;0;0;0;0;0
FR;4;2021-03-06;0;0;0;0;0;0;0;0;0;0;0;0;0;0;0;0;0;0
FR;4;2021-03-07;0;0;0;0;0;0;0;0;0;0;0;0;0;0;0;0;0;0
FR;4;2021-03-08;0;0;0;0;0;0;0;0;0;0;0;0;0;0;0;0;0;0
FR;4;2021-03-09;0;0;0;0;0;0;0;0;0;0;0;0;0;0;0;0;0;0
FR;4;2021-03-10;0;0;0;0;0;0;0;0;0;0;0;0;0;0;0;0;0;0
FR;4;2021-03-11;0;0;0;0;0;0;0;0;0;0;0;0;0;0;0;0;0;0
FR;4;2021-03-12;0;0;0;0;0;0;0;0;0;0;0;0;0;0;0;0;0;0
FR;4;2021-03-13;0;0;0;0;0;0;0;0;0;0;0;0;0;0;0;0;0;0
FR;4;2021-03-14;0;0;0;0;0;0;0;0;0;0;0;0;0;0;0;0;0;0
FR;4;2021-03-15;0;0;0;0;0;0;0;0;0;0;0;0;0;0;0;0;0;0
FR;4;2021-03-16;0;0;0;0;0;0;0;0;0;0;0;0;0;0;0;0;0;0
FR;4;2021-03-17;0;0;0;0;0;0;0;0;0;0;0;0;0;0;0;0;0;0
FR;4;2021-03-18;0;0;0;0;0;0;0;0;0;0;0;0;0;0;0;0;0;0
FR;4;2021-03-19;0;0;0;0;0;0;0;0;0;0;0;0;0;0;0;0;0;0
FR;4;2021-03-20;0;0;0;0;0;0;0;0;0;0;0;0;0;0;0;0;0;0
FR;4;2021-03-21;0;0;0;0;0;0;0;0;0;0;0;0;0;0;0;0;0;0
FR;4;2021-03-22;0;0;0;0;0;0;0;0;0;0;0;0;0;0;0;0;0;0
FR;4;2021-03-23;0;0;0;0;0;0;0;0;0;0;0;0;0;0;0;0;0;0
FR;4;2021-03-24;0;0;0;0;0;0;0;0;0;0;0;0;0;0;0;0;0;0
FR;4;2021-03-25;0;0;0;0;0;0;0;0;0;0;0;0;0;0;0;0;0;0
FR;4;2021-03-26;0;0;0;0;0;0;0;0;0;0;0;0;0;0;0;0;0;0
FR;4;2021-03-27;0;0;0;0;0;0;0;0;0;0;0;0;0;0;0;0;0;0
FR;4;2021-03-28;0;0;0;0;0;0;0;0;0;0;0;0;0;0;0;0;0;0
FR;4;2021-03-29;0;0;0;0;0;0;0;0;0;0;0;0;0;0;0;0;0;0
FR;4;2021-03-30;0;0;0;0;0;0;0;0;0;0;0;0;0;0;0;0;0;0
FR;4;2021-03-31;0;0;0;0;0;0;0;0;0;0;0;0;0;0;0;0;0;0
FR;4;2021-04-01;0;0;0;0;0;0;0;0;0;0;0;0;0;0;0;0;0;0
FR;4;2021-04-02;0;0;0;0;0;0;0;0;0;0;0;0;0;0;0;0;0;0
FR;4;2021-04-03;0;0;0;0;0;0;0;0;0;0;0;0;0;0;0;0;0;0
FR;4;2021-04-04;0;0;0;0;0;0;0;0;0;0;0;0;0;0;0;0;0;0
FR;4;2021-04-05;0;0;0;0;0;0;0;0;0;0;0;0;0;0;0;0;0;0
FR;4;2021-04-06;0;0;0;0;0;0;0;0;0;0;0;0;0;0;0;0;0;0
FR;4;2021-04-07;0;0;0;0;0;0;0;0;0;0;0;0;0;0;0;0;0;0
FR;4;2021-04-08;0;0;0;0;0;0;0;0;0;0;0;0;0;0;0;0;0;0
FR;4;2021-04-09;0;0;0;0;0;0;0;0;0;0;0;0;0;0;0;0;0;0
FR;4;2021-04-10;0;0;0;0;0;0;0;0;0;0;0;0;0;0;0;0;0;0
FR;4;2021-04-11;0;0;0;0;0;0;0;0;0;0;0;0;0;0;0;0;0;0
FR;4;2021-04-12;0;0;0;0;0;0;0;0;0;0;0;0;0;0;0;0;0;0
FR;4;2021-04-13;0;0;0;0;0;0;0;0;0;0;0;0;0;0;0;0;0;0
FR;4;2021-04-14;0;0;0;0;0;0;0;0;0;0;0;0;0;0;0;0;0;0
FR;4;2021-04-15;0;0;0;0;0;0;0;0;0;0;0;0;0;0;0;0;0;0
FR;4;2021-04-16;0;0;0;0;0;0;0;0;0;0;0;0;0;0;0;0;0;0
FR;4;2021-04-17;0;0;0;0;0;0;0;0;0;0;0;0;0;0;0;0;0;0
FR;4;2021-04-18;0;0;0;0;0;0;0;0;0;0;0;0;0;0;0;0;0;0
FR;4;2021-04-19;0;0;0;0;0;0;0;0;0;0;0;0;0;0;0;0;0;0
FR;4;2021-04-20;0;0;0;0;0;0;0;0;0;0;0;0;0;0;0;0;0;0
FR;4;2021-04-21;0;0;0;0;0;0;0;0;0;0;0;0;0;0;0;0;0;0
FR;4;2021-04-22;0;0;0;0;0;0;0;0;0;0;0;0;0;0;0;0;0;0
FR;4;2021-04-23;3660;0;0;0;3622;0;0;0;0;3660;0;0;0;3622;0;0;0;0
FR;4;2021-04-24;1570;1;0;0;1559;0;0;0;0;5230;1;0;0;5181;0;0;0;0
FR;4;2021-04-25;125;0;0;0;125;0;0;0;0;5355;1;0;0;5306;0;0;0;0
FR;4;2021-04-26;2872;1;0;0;2862;0;0;0;0;8227;2;0;0;8168;0;0;0;0
FR;4;2021-04-27;9520;3;0;0;9501;0;0;0;0;17747;5;0;0;17669;0;0;0;0
FR;4;2021-04-28;9910;6;0;0;9885;0;0;0;0;27657;11;0;0;27554;0;0;0;0
FR;4;2021-04-29;15995;8;0;0;15979;0;0;0;0;43652;19;0;0;43533;0;0;0;0
FR;4;2021-04-30;19234;10;0;0;19205;0;0;0;0;62886;29;0;0;62738;0;0;0;0
FR;4;2021-05-01;1994;6;0;0;1992;0;0;0;0;64880;35;0;0;64730;0;0;0;0
FR;4;2021-05-02;484;0;0;0;482;0;0;0;0;65364;35;0;0;65212;0;0;0;0
FR;4;2021-05-03;5066;2;0;0;5059;0;0;0;0;70430;37;0;0;70271;0;0;0;0
FR;4;2021-05-04;8411;11;0;0;8400;0;0;0;0;78841;48;0;0;78671;0;0;0;0
FR;4;2021-05-05;6193;7;0;0;6188;0;0;0;0;85034;55;0;0;84859;0;0;0;0
FR;4;2021-05-06;11388;11;0;0;11385;0;0;0;0;96422;66;0;0;96244;0;0;0;0
FR;4;2021-05-07;19127;9;0;0;19088;0;0;0;0;115549;75;0;0;115332;0;0;0;0
FR;4;2021-05-08;2376;7;0;0;2380;0;0;0;0;117925;82;0;0;117712;0;0;0;0
FR;4;2021-05-09;692;3;0;0;693;0;0;0;0;118617;85;0;0;118405;0;0;0;0
FR;4;2021-05-10;7246;5;1;0;7243;0;0;0;0;125863;90;1;0;125648;0;0;0;0
FR;4;2021-05-11;14325;13;0;0;14305;0;0;0;0;140188;103;1;0;139953;0;0;0;0
FR;4;2021-05-12;10176;15;0;0;10179;0;0;0;0;150364;118;1;0;150132;0;0;0;0
FR;4;2021-05-13;1584;4;0;0;1585;0;0;0;0;151948;122;1;0;151717;0;0;0;0
FR;4;2021-05-14;7768;7;0;0;7763;0;0;0;0;159716;129;1;0;159480;0;0;0;0
FR;4;2021-05-15;3721;8;1;0;3720;0;0;0;0;163437;137;2;0;163200;0;0;0;0
FR;4;2021-05-16;417;1;0;0;417;0;0;0;0;163854;138;2;0;163617;0;0;0;0
FR;4;2021-05-17;4485;8;0;0;4484;0;0;0;0;168339;146;2;0;168101;0;0;0;0
FR;4;2021-05-18;8769;10;0;0;8769;0;0;0;0;177108;156;2;0;176870;0;0;0;0
FR;4;2021-05-19;5699;7;0;0;5701;0;0;0;0;182807;163;2;0;182571;0;0;0;0
FR;4;2021-05-20;9487;8;0;0;9479;0;0;0;0;192294;171;2;0;192050;0;0;0;0
FR;4;2021-05-21;12816;30;0;0;12823;0;0;0;0;205110;201;2;0;204873;0;0;0;0
FR;4;2021-05-22;5061;15;0;0;5068;0;0;0;0;210171;216;2;0;209941;0;0;0;0
FR;4;2021-05-23;498;4;0;0;501;0;0;0;0;210669;220;2;0;210442;0;0;0;0
FR;4;2021-05-24;1062;7;0;0;1066;0;0;0;0;211731;227;2;0;211508;0;0;0;0
FR;4;2021-05-25;7637;16;0;0;7643;0;0;0;0;219368;243;2;0;219151;0;0;0;0
FR;4;2021-05-26;7731;16;0;0;7739;0;0;0;0;227099;259;2;0;226890;0;0;0;0
FR;4;2021-05-27;14340;35;0;0;14349;0;0;0;0;241439;294;2;0;241239;0;0;0;0
FR;4;2021-05-28;26593;82;1;0;26634;0;0;0;0;268032;376;3;0;267873;0;0;0;0
FR;4;2021-05-29;11385;19;0;0;11385;0;0;0;0;279417;395;3;0;279258;0;0;0;0
FR;4;2021-05-30;974;7;0;0;973;0;0;0;0;280391;402;3;0;280231;0;0;0;0
FR;4;2021-05-31;12701;21;0;0;12701;0;0;0;0;293092;423;3;0;292932;0;0;0;0
FR;4;2021-06-01;20283;48;1;0;20301;0;0;0;0;313375;471;4;0;313233;0;0;0;0
FR;4;2021-06-02;14526;33;0;0;14538;0;0;0;0;327901;504;4;0;327771;0;0;0;0
FR;4;2021-06-03;19436;24;1;0;19434;0;0;0;0;347337;528;5;0;347205;0;0;0;0
FR;4;2021-06-04;22520;48;0;0;22538;0;0;0;0;369857;576;5;0;369743;0;0;0;0
FR;4;2021-06-05;9717;32;0;0;9721;0;0;0;0;379574;608;5;0;379464;0;0;0;0
FR;4;2021-06-06;1041;2;0;0;1037;0;0;0;0;380615;610;5;0;380501;0;0;0;0
FR;4;2021-06-07;9230;19;0;0;9238;0;0;0;0;389845;629;5;0;389739;0;0;0;0
FR;4;2021-06-08;14614;32;0;0;14626;0;0;0;0;404459;661;5;0;404365;0;0;0;0
FR;4;2021-06-09;12218;25;0;0;12226;0;0;0;0;416677;686;5;0;416591;0;0;0;0
FR;4;2021-06-10;15408;30;0;0;15416;0;0;0;0;432085;716;5;0;432007;0;0;0;0
FR;4;2021-06-11;16989;57;0;0;17016;0;0;0;0;449074;773;5;0;449023;0;0;0;0
FR;4;2021-06-12;7453;27;0;0;7478;0;0;0;0;456527;800;5;0;456501;0;0;0;0
FR;4;2021-06-13;908;3;0;0;910;0;0;0;0;457435;803;5;0;457411;0;0;0;0
FR;4;2021-06-14;6652;27;0;0;6662;0;0;0;0;464087;830;5;0;464073;0;0;0;0
FR;4;2021-06-15;10896;39;0;0;10913;0;0;0;0;474983;869;5;0;474986;0;0;0;0
FR;4;2021-06-16;8909;17;0;0;8917;0;0;0;0;483892;886;5;0;483903;0;0;0;0
FR;4;2021-06-17;10903;36;0;0;10915;0;0;0;0;494795;922;5;0;494818;0;0;0;0
FR;4;2021-06-18;12427;45;0;0;12454;0;0;0;0;507222;967;5;0;507272;0;0;0;0
FR;4;2021-06-19;5568;25;0;0;5588;0;0;0;0;512790;992;5;0;512860;0;0;0;0
FR;4;2021-06-20;828;5;0;0;832;0;0;0;0;513618;997;5;0;513692;0;0;0;0
FR;4;2021-06-21;5106;21;0;0;5106;0;0;0;0;518724;1018;5;0;518798;0;0;0;0
FR;4;2021-06-22;7914;29;2;0;7932;0;0;0;0;526638;1047;7;0;526730;0;0;0;0
FR;4;2021-06-23;7106;43;2;0;7133;0;0;0;0;533744;1090;9;0;533863;0;0;0;0
FR;4;2021-06-24;8657;46;1;0;8689;0;0;0;0;542401;1136;10;0;542552;0;0;0;0
FR;4;2021-06-25;10179;41;2;0;10211;0;0;0;0;552580;1177;12;0;552763;0;0;0;0
FR;4;2021-06-26;4854;21;0;0;4871;0;0;0;0;557434;1198;12;0;557634;0;0;0;0
FR;4;2021-06-27;769;4;0;0;771;0;0;0;0;558203;1202;12;0;558405;0;0;0;0
FR;4;2021-06-28;4835;16;1;0;4844;0;0;0;0;563038;1218;13;0;563249;0;0;0;0
FR;4;2021-06-29;7110;28;2;0;7119;0;0;0;0;570148;1246;15;0;570368;0;0;0;0
FR;4;2021-06-30;6728;41;2;0;6756;0;0;0;0;576876;1287;17;0;577124;0;0;0;0
FR;4;2021-07-01;8213;42;0;0;8235;0;0;0;0;585089;1329;17;0;585359;0;0;0;0
FR;4;2021-07-02;9430;53;1;0;9470;0;0;0;0;594519;1382;18;0;594829;0;0;0;0
FR;4;2021-07-03;4848;20;0;0;4863;0;0;0;0;599367;1402;18;0;599692;0;0;0;0
FR;4;2021-07-04;690;5;0;0;692;0;0;0;0;600057;1407;18;0;600384;0;0;0;0
FR;4;2021-07-05;4774;19;2;0;4785;0;0;0;0;604831;1426;20;0;605169;0;0;0;0
FR;4;2021-07-06;7729;29;4;0;7742;0;0;0;0;612560;1455;24;0;612911;0;0;0;0
FR;4;2021-07-07;7088;34;2;0;7100;0;0;0;0;619648;1489;26;0;620011;0;0;0;0
FR;4;2021-07-08;9235;40;2;0;9258;0;0;0;0;628883;1529;28;0;629269;0;0;0;0
FR;4;2021-07-09;10282;34;1;0;10305;0;0;0;0;639165;1563;29;0;639574;0;0;0;0
FR;4;2021-07-10;4639;14;2;0;4646;0;0;0;0;643804;1577;31;0;644220;0;0;0;0
FR;4;2021-07-11;586;4;1;0;584;0;0;0;0;644390;1581;32;0;644804;0;0;0;0
FR;4;2021-07-12;5878;29;0;0;5900;0;0;0;0;650268;1610;32;0;650704;0;0;0;0
FR;4;2021-07-13;14231;29;0;0;14249;0;0;0;0;664499;1639;32;0;664953;0;0;0;0
FR;4;2021-07-14;2291;15;0;0;2291;0;0;0;0;666790;1654;32;0;667244;0;0;0;0
FR;4;2021-07-15;18239;37;0;0;18256;0;0;0;0;685029;1691;32;0;685500;0;0;0;0
FR;4;2021-07-16;22838;71;2;0;22888;0;0;0;0;707867;1762;34;0;708388;0;0;0;0
FR;4;2021-07-17;9741;20;0;0;9749;0;0;0;0;717608;1782;34;0;718137;0;0;0;0
FR;4;2021-07-18;1359;5;0;0;1362;0;0;0;0;718967;1787;34;0;719499;0;0;0;0
FR;4;2021-07-19;12991;30;1;0;13016;0;0;0;0;731958;1817;35;0;732515;0;0;0;0
FR;4;2021-07-20;17344;26;1;0;17360;0;0;0;0;749302;1843;36;0;749875;0;0;0;0
FR;4;2021-07-21;15623;33;0;0;15643;0;0;0;0;764925;1876;36;0;765518;0;0;0;0
FR;4;2021-07-22;18247;45;2;0;18271;0;0;0;0;783172;1921;38;0;783789;0;0;0;0
FR;4;2021-07-23;20420;57;7;0;20453;0;0;0;0;803592;1978;45;0;804242;0;0;0;0
FR;4;2021-07-24;9290;34;0;0;9305;0;0;0;0;812882;2012;45;0;813547;0;0;0;0
FR;4;2021-07-25;1356;11;0;0;1358;0;0;0;0;814238;2023;45;0;814905;0;0;0;0
FR;4;2021-07-26;11050;23;0;0;11057;0;0;0;0;825288;2046;45;0;825962;0;0;0;0
FR;4;2021-07-27;14688;35;3;0;14708;0;0;0;0;839976;2081;48;0;840670;0;0;0;0
FR;4;2021-07-28;12937;26;2;0;12954;0;0;0;0;852913;2107;50;0;853624;0;0;0;0
FR;4;2021-07-29;14097;54;4;0;14139;0;0;0;0;867010;2161;54;0;867763;0;0;0;0
FR;4;2021-07-30;15502;46;2;0;15532;0;0;0;0;882512;2207;56;0;883295;0;0;0;0
FR;4;2021-07-31;6845;14;2;0;6855;0;0;0;0;889357;2221;58;0;890150;0;0;0;0
FR;4;2021-08-01;906;1;0;0;901;0;0;0;0;890263;2222;58;0;891051;0;0;0;0
FR;4;2021-08-02;7918;31;0;0;7919;0;0;0;0;898181;2253;58;0;898970;0;0;0;0
FR;4;2021-08-03;10805;31;2;0;10801;0;0;0;0;908986;2284;60;0;909771;0;0;0;0
FR;4;2021-08-04;9749;29;0;0;9748;0;0;0;0;918735;2313;60;0;919519;0;0;0;0
FR;4;2021-08-05;9831;42;0;0;9837;0;0;0;0;928566;2355;60;0;929356;0;0;0;0
FR;4;2021-08-06;10201;30;3;0;10198;0;0;0;0;938767;2385;63;0;939554;0;0;0;0
FR;4;2021-08-07;5100;30;1;0;5116;0;0;0;0;943867;2415;64;0;944670;0;0;0;0
FR;4;2021-08-08;1225;13;0;0;1228;0;0;0;0;945092;2428;64;0;945898;0;0;0;0
FR;4;2021-08-09;6350;31;0;0;6343;0;0;0;0;951442;2459;64;0;952241;0;0;0;0
FR;4;2021-08-10;8753;18;0;0;8724;0;0;0;0;960195;2477;64;0;960965;0;0;0;0
FR;4;2021-08-11;7945;34;4;0;7934;0;0;0;0;968140;2511;68;0;968899;0;0;0;0
FR;4;2021-08-12;8585;31;1;0;8573;0;0;0;0;976725;2542;69;0;977472;0;0;0;0
FR;4;2021-08-13;7561;25;0;1;7548;0;0;0;0;984286;2567;69;1;985020;0;0;0;0
FR;4;2021-08-14;3793;20;0;0;3777;0;0;0;0;988079;2587;69;1;988797;0;0;0;0
FR;4;2021-08-15;771;5;0;0;773;0;0;0;0;988850;2592;69;1;989570;0;0;0;0
FR;4;2021-08-16;4009;17;0;0;4004;0;0;0;0;992859;2609;69;1;993574;0;0;0;0
FR;4;2021-08-17;5634;17;1;0;5624;0;0;0;0;998493;2626;70;1;999198;0;0;0;0
FR;4;2021-08-18;5172;37;0;0;5189;0;0;0;0;1003665;2663;70;1;1004387;0;0;0;0
FR;4;2021-08-19;5489;34;3;0;5503;0;0;0;0;1009154;2697;73;1;1009890;0;0;0;0
FR;4;2021-08-20;5225;25;1;0;5235;0;0;0;0;1014379;2722;74;1;1015125;0;0;0;0
FR;4;2021-08-21;2311;23;1;0;2328;0;0;0;0;1016690;2745;75;1;1017453;0;0;0;0
FR;4;2021-08-22;414;2;0;0;415;0;0;0;0;1017104;2747;75;1;1017868;0;0;0;0
FR;4;2021-08-23;2936;21;1;0;2944;0;0;0;0;1020040;2768;76;1;1020812;0;0;0;0
FR;4;2021-08-24;3758;16;0;0;3761;0;0;0;0;1023798;2784;76;1;1024573;0;0;0;0
FR;4;2021-08-25;3546;25;1;0;3562;0;0;0;0;1027344;2809;77;1;1028135;0;0;0;0
FR;4;2021-08-26;3716;21;2;0;3728;0;0;0;0;1031060;2830;79;1;1031863;0;0;0;0
FR;4;2021-08-27;3617;31;2;0;3635;0;0;0;0;1034677;2861;81;1;1035498;0;0;0;0
FR;4;2021-08-28;1732;10;1;0;1737;0;0;0;0;1036409;2871;82;1;1037235;0;0;0;0
FR;4;2021-08-29;385;7;1;0;389;0;0;0;0;1036794;2878;83;1;1037624;0;0;0;0
FR;4;2021-08-30;2010;25;0;0;2018;16;0;0;0;1038804;2903;83;1;1039642;16;0;0;0
FR;4;2021-08-31;2487;21;0;0;2494;14;0;0;0;1041291;2924;83;1;1042136;30;0;0;0
FR;4;2021-09-01;2085;38;1;0;2096;22;0;0;0;1043376;2962;84;1;1044232;52;0;0;0
FR;4;2021-09-02;2309;31;4;0;2322;18;0;0;0;1045685;2993;88;1;1046554;70;0;0;0
FR;4;2021-09-03;2366;44;5;0;2375;36;0;0;0;1048051;3037;93;1;1048929;106;0;0;0
FR;4;2021-09-04;1374;18;0;0;1381;9;0;0;0;1049425;3055;93;1;1050310;115;0;0;0
FR;4;2021-09-05;434;2;0;0;434;2;0;0;0;1049859;3057;93;1;1050744;117;0;0;0
FR;4;2021-09-06;1713;62;0;0;1750;24;0;0;0;1051572;3119;93;1;1052494;141;0;0;0
FR;4;2021-09-07;1681;18;0;0;1690;8;0;0;0;1053253;3137;93;1;1054184;149;0;0;0
FR;4;2021-09-08;1286;26;3;0;1291;19;0;0;0;1054539;3163;96;1;1055475;168;0;0;0
FR;4;2021-09-09;1394;23;2;0;1404;9;0;0;0;1055933;3186;98;1;1056879;177;0;0;0
FR;4;2021-09-10;1521;31;2;0;1525;23;1;0;0;1057454;3217;100;1;1058404;200;1;0;0
FR;4;2021-09-11;746;11;0;0;749;3;0;0;0;1058200;3228;100;1;1059153;203;1;0;0
FR;4;2021-09-12;169;5;0;0;170;4;0;0;0;1058369;3233;100;1;1059323;207;1;0;0
FR;4;2021-09-13;1325;22;1;0;1328;16;0;0;0;1059694;3255;101;1;1060651;223;1;0;0
FR;4;2021-09-14;1507;9;2;0;1509;7;0;0;0;1061201;3264;103;1;1062160;230;1;0;0
FR;4;2021-09-15;1095;28;1;0;1098;25;0;0;0;1062296;3292;104;1;1063258;255;1;0;0
FR;4;2021-09-16;1107;22;2;0;1111;15;0;0;0;1063403;3314;106;1;1064369;270;1;0;0
FR;4;2021-09-17;898;21;1;0;905;12;0;0;0;1064301;3335;107;1;1065274;282;1;0;0
FR;4;2021-09-18;464;7;1;0;465;6;0;0;0;1064765;3342;108;1;1065739;288;1;0;0
FR;4;2021-09-19;182;3;0;0;183;2;0;0;0;1064947;3345;108;1;1065922;290;1;0;0
FR;4;2021-09-20;452;19;0;0;458;13;0;0;0;1065399;3364;108;1;1066380;303;1;0;0
FR;4;2021-09-21;434;11;0;0;436;7;0;0;0;1065833;3375;108;1;1066816;310;1;0;0
FR;4;2021-09-22;377;19;4;0;384;15;0;0;0;1066210;3394;112;1;1067200;325;1;0;0
FR;4;2021-09-23;488;15;1;0;489;14;0;0;0;1066698;3409;113;1;1067689;339;1;0;0
FR;4;2021-09-24;416;13;2;0;420;9;0;0;0;1067114;3422;115;1;1068109;348;1;0;0
FR;4;2021-09-25;281;10;1;0;282;5;0;0;0;1067395;3432;116;1;1068391;353;1;0;0
FR;4;2021-09-26;75;2;0;0;76;1;0;0;0;1067470;3434;116;1;1068467;354;1;0;0
FR;4;2021-09-27;270;10;1;0;271;8;0;0;0;1067740;3444;117;1;1068738;362;1;0;0
FR;4;2021-09-28;319;8;0;0;319;8;0;0;0;1068059;3452;117;1;1069057;370;1;0;0
FR;4;2021-09-29;378;19;1;0;380;13;0;0;0;1068437;3471;118;1;1069437;383;1;0;0
FR;4;2021-09-30;367;41;0;0;381;22;0;0;0;1068804;3512;118;1;1069818;405;1;0;0
FR;4;2021-10-01;411;56;0;0;413;50;0;0;0;1069215;3568;118;1;1070231;455;1;0;0
FR;4;2021-10-02;196;23;1;0;198;14;0;0;0;1069411;3591;119;1;1070429;469;1;0;0
FR;4;2021-10-03;86;1;0;0;87;0;0;0;0;1069497;3592;119;1;1070516;469;1;0;0
FR;4;2021-10-04;363;20;1;0;367;16;0;0;0;1069860;3612;120;1;1070883;485;1;0;0
FR;4;2021-10-05;286;19;2;0;288;15;0;0;0;1070146;3631;122;1;1071171;500;1;0;0
FR;4;2021-10-06;249;23;1;0;254;18;0;0;0;1070395;3654;123;1;1071425;518;1;0;0
FR;4;2021-10-07;268;25;2;0;273;13;0;0;0;1070663;3679;125;1;1071698;531;1;0;0
FR;4;2021-10-08;357;24;2;0;360;20;0;0;0;1071020;3703;127;1;1072058;551;1;0;0
FR;4;2021-10-09;194;6;6;0;195;7;0;0;0;1071214;3709;133;1;1072253;558;1;0;0
FR;4;2021-10-10;97;3;2;0;99;3;0;0;0;1071311;3712;135;1;1072352;561;1;0;0
FR;4;2021-10-11;252;15;1;0;253;14;0;0;0;1071563;3727;136;1;1072605;575;1;0;0
FR;4;2021-10-12;211;14;0;0;211;13;0;0;0;1071774;3741;136;1;1072816;588;1;0;0
FR;4;2021-10-13;221;28;1;0;224;25;0;0;0;1071995;3769;137;1;1073040;613;1;0;0
FR;4;2021-10-14;316;21;4;0;320;15;0;0;0;1072311;3790;141;1;1073360;628;1;0;0
FR;4;2021-10-15;324;24;5;0;325;25;0;0;0;1072635;3814;146;1;1073685;653;1;0;0
FR;4;2021-10-16;167;6;2;0;167;6;0;0;0;1072802;3820;148;1;1073852;659;1;0;0
FR;4;2021-10-17;70;2;0;0;71;1;0;0;0;1072872;3822;148;1;1073923;660;1;0;0
FR;4;2021-10-18;281;16;1;0;283;13;0;0;0;1073153;3838;149;1;1074206;673;1;0;0
FR;4;2021-10-19;215;15;2;0;215;16;0;0;0;1073368;3853;151;1;1074421;689;1;0;0
FR;4;2021-10-20;232;27;4;0;235;15;0;0;0;1073600;3880;155;1;1074656;704;1;0;0
FR;4;2021-10-21;244;18;0;0;246;14;0;0;0;1073844;3898;155;1;1074902;718;1;0;0
FR;4;2021-10-22;217;25;2;0;219;20;1;0;0;1074061;3923;157;1;1075121;738;2;0;0
FR;4;2021-10-23;117;16;1;0;118;15;0;0;0;1074178;3939;158;1;1075239;753;2;0;0
FR;4;2021-10-24;39;4;0;0;39;1;0;0;0;1074217;3943;158;1;1075278;754;2;0;0
FR;4;2021-10-25;218;7;2;0;218;9;0;0;0;1074435;3950;160;1;1075496;763;2;0;0
FR;4;2021-10-26;200;14;0;0;202;12;0;0;0;1074635;3964;160;1;1075698;775;2;0;0
FR;4;2021-10-27;196;12;4;0;196;12;2;0;0;1074831;3976;164;1;1075894;787;4;0;0
FR;4;2021-10-28;186;18;5;0;186;22;0;0;0;1075017;3994;169;1;1076080;809;4;0;0
FR;4;2021-10-29;227;18;2;0;228;16;0;0;0;1075244;4012;171;1;1076308;825;4;0;0
FR;4;2021-10-30;104;2;1;0;105;2;0;0;0;1075348;4014;172;1;1076413;827;4;0;0
FR;4;2021-10-31;59;3;2;0;60;3;0;0;0;1075407;4017;174;1;1076473;830;4;0;0
FR;4;2021-11-01;76;27;4;0;77;24;3;0;0;1075483;4044;178;1;1076550;854;7;0;0
FR;4;2021-11-02;164;21;2;0;165;21;0;0;0;1075647;4065;180;1;1076715;875;7;0;0
FR;4;2021-11-03;132;21;8;1;133;19;6;0;0;1075779;4086;188;2;1076848;894;13;0;0
FR;4;2021-11-04;187;15;1;0;188;12;1;0;0;1075966;4101;189;2;1077036;906;14;0;0
FR;4;2021-11-05;130;17;1;0;131;16;0;0;0;1076096;4118;190;2;1077167;922;14;0;0
FR;4;2021-11-06;82;6;1;0;82;6;0;0;0;1076178;4124;191;2;1077249;928;14;0;0
FR;4;2021-11-07;83;2;2;0;83;4;0;0;0;1076261;4126;193;2;1077332;932;14;0;0
FR;4;2021-11-08;162;20;1;0;163;20;0;0;0;1076423;4146;194;2;1077495;952;14;0;0
FR;4;2021-11-09;159;14;3;0;159;16;0;0;0;1076582;4160;197;2;1077654;968;14;0;0
FR;4;2021-11-10;121;30;7;0;121;33;2;0;0;1076703;4190;204;2;1077775;1001;16;0;0
FR;4;2021-11-11;100;10;1;0;100;11;0;0;0;1076803;4200;205;2;1077875;1012;16;0;0
FR;4;2021-11-12;107;19;2;0;108;18;1;0;0;1076910;4219;207;2;1077983;1030;17;0;0
FR;4;2021-11-13;74;15;2;0;75;14;0;0;0;1076984;4234;209;2;1078058;1044;17;0;0
FR;4;2021-11-14;55;5;4;0;56;8;0;0;0;1077039;4239;213;2;1078114;1052;17;0;0
FR;4;2021-11-15;99;26;2;0;101;24;2;0;0;1077138;4265;215;2;1078215;1076;19;0;0
FR;4;2021-11-16;112;14;3;0;112;17;0;0;0;1077250;4279;218;2;1078327;1093;19;0;0
FR;4;2021-11-17;122;30;4;0;122;30;1;0;0;1077372;4309;222;2;1078449;1123;20;0;0
FR;4;2021-11-18;103;34;14;0;105;43;1;0;0;1077475;4343;236;2;1078554;1166;21;0;0
FR;4;2021-11-19;89;21;3;0;89;22;1;0;0;1077564;4364;239;2;1078643;1188;22;0;0
FR;4;2021-11-20;78;8;1;0;78;8;0;0;0;1077642;4372;240;2;1078721;1196;22;0;0
FR;4;2021-11-21;69;7;2;0;69;9;0;0;0;1077711;4379;242;2;1078790;1205;22;0;0
FR;4;2021-11-22;109;28;9;0;110;33;2;0;0;1077820;4407;251;2;1078900;1238;24;0;0
FR;4;2021-11-23;78;31;6;0;79;29;2;0;0;1077898;4438;257;2;1078979;1267;26;0;0
FR;4;2021-11-24;91;23;12;0;93;25;4;0;0;1077989;4461;269;2;1079072;1292;30;0;0
FR;4;2021-11-25;96;28;19;0;97;35;5;0;0;1078085;4489;288;2;1079169;1327;35;0;0
FR;4;2021-11-26;86;43;12;0;90;45;3;0;0;1078171;4532;300;2;1079259;1372;38;0;0
FR;4;2021-11-27;42;22;15;0;42;25;10;0;0;1078213;4554;315;2;1079301;1397;48;0;0
FR;4;2021-11-28;53;8;0;0;54;7;0;0;0;1078266;4562;315;2;1079355;1404;48;0;0
FR;4;2021-11-29;90;31;16;0;90;40;2;0;0;1078356;4593;331;2;1079445;1444;50;0;0
FR;4;2021-11-30;77;37;13;0;77;42;2;0;0;1078433;4630;344;2;1079522;1486;52;0;0
FR;4;2021-12-01;88;60;19;0;88;67;11;0;0;1078521;4690;363;2;1079610;1553;63;0;0
FR;4;2021-12-02;114;48;21;0;118;56;3;0;0;1078635;4738;384;2;1079728;1609;66;0;0
FR;4;2021-12-03;105;36;15;0;105;44;4;0;0;1078740;4774;399;2;1079833;1653;70;0;0
FR;4;2021-12-04;73;31;18;0;75;44;1;0;0;1078813;4805;417;2;1079908;1697;71;0;0
FR;4;2021-12-05;64;7;1;0;65;7;0;0;0;1078877;4812;418;2;1079973;1704;71;0;0
FR;4;2021-12-06;112;46;20;0;112;60;3;0;0;1078989;4858;438;2;1080085;1764;74;0;0
FR;4;2021-12-07;85;37;9;0;88;36;3;0;0;1079074;4895;447;2;1080173;1800;77;0;0
FR;4;2021-12-08;74;31;17;0;76;38;7;0;0;1079148;4926;464;2;1080249;1838;84;0;0
FR;4;2021-12-09;65;32;10;1;65;39;3;0;0;1079213;4958;474;3;1080314;1877;87;0;0
FR;4;2021-12-10;64;64;20;0;65;68;10;0;0;1079277;5022;494;3;1080379;1945;97;0;0
FR;4;2021-12-11;30;34;7;0;30;34;3;0;0;1079307;5056;501;3;1080409;1979;100;0;0
FR;4;2021-12-12;30;12;3;0;30;15;0;0;0;1079337;5068;504;3;1080439;1994;100;0;0
FR;4;2021-12-13;78;40;14;0;80;49;2;0;0;1079415;5108;518;3;1080519;2043;102;0;0
FR;4;2021-12-14;61;43;18;0;62;55;2;0;0;1079476;5151;536;3;1080581;2098;104;0;0
FR;4;2021-12-15;68;65;29;0;68;86;6;0;0;1079544;5216;565;3;1080649;2184;110;0;0
FR;4;2021-12-16;35;45;18;0;36;58;3;0;0;1079579;5261;583;3;1080685;2242;113;0;0
FR;4;2021-12-17;39;55;11;0;39;59;6;0;0;1079618;5316;594;3;1080724;2301;119;0;0
FR;4;2021-12-18;49;31;3;0;50;33;0;0;0;1079667;5347;597;3;1080774;2334;119;0;0
FR;4;2021-12-19;16;4;1;0;17;4;0;0;0;1079683;5351;598;3;1080791;2338;119;0;0
FR;4;2021-12-20;45;38;10;0;46;41;6;0;0;1079728;5389;608;3;1080837;2379;125;0;0
FR;4;2021-12-21;31;32;17;0;33;39;5;0;0;1079759;5421;625;3;1080870;2418;130;0;0
FR;4;2021-12-22;37;39;10;0;38;39;7;0;0;1079796;5460;635;3;1080908;2457;137;0;0
FR;4;2021-12-23;41;45;8;0;41;49;2;0;0;1079837;5505;643;3;1080949;2506;139;0;0
FR;4;2021-12-24;24;28;10;0;26;31;4;0;0;1079861;5533;653;3;1080975;2537;143;0;0
FR;4;2021-12-25;7;3;3;0;7;4;2;0;0;1079868;5536;656;3;1080982;2541;145;0;0
FR;4;2021-12-26;5;3;1;0;6;2;0;0;0;1079873;5539;657;3;1080988;2543;145;0;0
FR;4;2021-12-27;31;41;9;0;32;43;4;0;0;1079904;5580;666;3;1081020;2586;149;0;0
FR;4;2021-12-28;27;28;7;0;29;29;4;0;0;1079931;5608;673;3;1081049;2615;153;0;0
FR;4;2021-12-29;56;25;11;0;57;30;5;0;0;1079987;5633;684;3;1081106;2645;158;0;0
FR;4;2021-12-30;48;19;12;0;51;22;5;0;0;1080035;5652;696;3;1081157;2667;163;0;0
FR;4;2021-12-31;20;6;8;0;21;11;2;0;0;1080055;5658;704;3;1081178;2678;165;0;0
FR;4;2022-01-01;6;4;5;0;6;7;1;0;0;1080061;5662;709;3;1081184;2685;166;0;0
FR;4;2022-01-02;43;5;16;0;43;20;1;0;0;1080104;5667;725;3;1081227;2705;167;0;0
FR;4;2022-01-03;45;55;25;1;47;65;10;0;0;1080149;5722;750;4;1081274;2770;177;0;0
FR;4;2022-01-04;42;28;16;0;43;33;8;0;0;1080191;5750;766;4;1081317;2803;185;0;0
FR;4;2022-01-05;52;24;19;0;58;27;9;0;0;1080243;5774;785;4;1081375;2830;194;0;0
FR;4;2022-01-06;52;24;24;0;52;40;8;0;0;1080295;5798;809;4;1081427;2870;202;0;0
FR;4;2022-01-07;31;20;16;0;33;21;12;0;0;1080326;5818;825;4;1081460;2891;214;0;0
FR;4;2022-01-08;13;6;10;0;14;12;3;0;0;1080339;5824;835;4;1081474;2903;217;0;0
FR;4;2022-01-09;20;2;3;0;21;4;0;0;0;1080359;5826;838;4;1081495;2907;217;0;0
FR;4;2022-01-10;52;22;19;0;52;36;4;0;0;1080411;5848;857;4;1081547;2943;221;0;0
FR;4;2022-01-11;30;31;12;0;34;35;1;0;0;1080441;5879;869;4;1081581;2978;222;0;0
FR;4;2022-01-12;35;21;13;0;37;23;9;0;0;1080476;5900;882;4;1081618;3001;231;0;0
FR;4;2022-01-13;55;20;27;0;56;38;8;0;0;1080531;5920;909;4;1081674;3039;239;0;0
FR;4;2022-01-14;25;32;13;0;26;35;7;0;0;1080556;5952;922;4;1081700;3074;246;0;0
FR;4;2022-01-15;15;6;8;0;16;12;1;0;0;1080571;5958;930;4;1081716;3086;247;0;0
FR;4;2022-01-16;13;9;14;0;13;22;1;0;0;1080584;5967;944;4;1081729;3108;248;0;0
FR;4;2022-01-17;27;20;15;0;27;29;5;0;0;1080611;5987;959;4;1081756;3137;253;0;0
FR;4;2022-01-18;17;14;10;0;17;21;3;0;0;1080628;6001;969;4;1081773;3158;256;0;0
FR;4;2022-01-19;33;23;13;0;33;34;1;0;0;1080661;6024;982;4;1081806;3192;257;0;0
FR;4;2022-01-20;34;34;13;0;36;39;5;0;0;1080695;6058;995;4;1081842;3231;262;0;0
FR;4;2022-01-21;13;12;20;1;13;17;15;0;1;1080708;6070;1015;5;1081855;3248;277;0;1
FR;4;2022-01-22;30;13;3;0;30;14;2;0;0;1080738;6083;1018;5;1081885;3262;279;0;1
FR;4;2022-01-23;8;2;7;0;8;9;0;0;0;1080746;6085;1025;5;1081893;3271;279;0;1
FR;4;2022-01-24;14;21;9;0;15;28;1;0;0;1080760;6106;1034;5;1081908;3299;280;0;1
FR;4;2022-01-25;22;32;10;1;23;38;3;0;0;1080782;6138;1044;6;1081931;3337;283;0;1
FR;4;2022-01-26;20;17;9;1;21;21;4;0;0;1080802;6155;1053;7;1081952;3358;287;0;1
FR;4;2022-01-27;22;19;8;0;23;25;1;0;0;1080824;6174;1061;7;1081975;3383;288;0;1
FR;4;2022-01-28;14;23;8;0;15;26;4;0;0;1080838;6197;1069;7;1081990;3409;292;0;1
FR;4;2022-01-29;17;6;5;0;17;10;0;0;0;1080855;6203;1074;7;1082007;3419;292;0;1
FR;4;2022-01-30;19;3;2;0;19;5;0;0;0;1080874;6206;1076;7;1082026;3424;292;0;1
FR;4;2022-01-31;22;28;8;0;22;32;2;0;0;1080896;6234;1084;7;1082048;3456;294;0;1
FR;4;2022-02-01;13;24;13;0;15;25;9;0;0;1080909;6258;1097;7;1082063;3481;303;0;1
FR;4;2022-02-02;19;12;14;2;20;20;7;0;0;1080928;6270;1111;9;1082083;3501;310;0;1
FR;4;2022-02-03;16;24;11;0;18;29;4;0;0;1080944;6294;1122;9;1082101;3530;314;0;1
FR;4;2022-02-04;7;5;7;0;7;9;3;0;0;1080951;6299;1129;9;1082108;3539;317;0;1
FR;4;2022-02-05;7;14;1;0;8;13;1;0;0;1080958;6313;1130;9;1082116;3552;318;0;1
FR;4;2022-02-06;8;4;4;0;8;7;1;0;0;1080966;6317;1134;9;1082124;3559;319;0;1
FR;4;2022-02-07;15;20;8;0;17;20;6;0;0;1080981;6337;1142;9;1082141;3579;325;0;1
FR;4;2022-02-08;20;21;13;1;22;22;10;0;0;1081001;6358;1155;10;1082163;3601;335;0;1
FR;4;2022-02-09;18;12;9;0;19;17;2;0;0;1081019;6370;1164;10;1082182;3618;337;0;1
FR;4;2022-02-10;23;23;10;0;24;25;7;0;0;1081042;6393;1174;10;1082206;3643;344;0;1
FR;4;2022-02-11;18;15;8;0;18;20;3;0;0;1081060;6408;1182;10;1082224;3663;347;0;1
FR;4;2022-02-12;24;6;3;0;26;7;0;0;0;1081084;6414;1185;10;1082250;3670;347;0;1
FR;4;2022-02-13;7;3;3;0;7;6;0;0;0;1081091;6417;1188;10;1082257;3676;347;0;1
FR;4;2022-02-14;22;10;10;0;22;16;4;0;0;1081113;6427;1198;10;1082279;3692;351;0;1
FR;4;2022-02-15;18;7;2;0;18;8;0;0;0;1081131;6434;1200;10;1082297;3700;351;0;1
FR;4;2022-02-16;17;11;11;0;17;18;3;0;0;1081148;6445;1211;10;1082314;3718;354;0;1
FR;4;2022-02-17;11;4;5;0;11;7;2;0;0;1081159;6449;1216;10;1082325;3725;356;0;1
FR;4;2022-02-18;16;15;8;0;16;21;2;0;0;1081175;6464;1224;10;1082341;3746;358;0;1
FR;4;2022-02-19;16;4;2;0;17;5;0;0;0;1081191;6468;1226;10;1082358;3751;358;0;1
FR;4;2022-02-20;8;3;0;0;9;2;0;0;0;1081199;6471;1226;10;1082367;3753;358;0;1
FR;4;2022-02-21;24;5;4;0;24;7;2;0;0;1081223;6476;1230;10;1082391;3760;360;0;1
FR;4;2022-02-22;8;5;10;0;9;10;4;0;0;1081231;6481;1240;10;1082400;3770;364;0;1
FR;4;2022-02-23;17;6;10;0;17;10;5;0;0;1081248;6487;1250;10;1082417;3780;369;0;1
FR;4;2022-02-24;11;5;4;0;11;7;2;0;0;1081259;6492;1254;10;1082428;3787;371;0;1
FR;4;2022-02-25;17;5;7;0;17;6;6;0;0;1081276;6497;1261;10;1082445;3793;377;0;1
FR;4;2022-02-26;27;3;1;0;27;4;0;0;0;1081303;6500;1262;10;1082472;3797;377;0;1
FR;4;2022-02-27;9;0;1;0;9;1;0;0;0;1081312;6500;1263;10;1082481;3798;377;0;1
FR;4;2022-02-28;18;3;2;0;19;3;1;0;0;1081330;6503;1265;10;1082500;3801;378;0;1
FR;4;2022-03-01;8;4;7;0;8;5;5;0;0;1081338;6507;1272;10;1082508;3806;383;0;1
FR;4;2022-03-02;16;3;5;0;17;6;1;0;0;1081354;6510;1277;10;1082525;3812;384;0;1
FR;4;2022-03-03;19;5;3;0;19;6;1;0;0;1081373;6515;1280;10;1082544;3818;385;0;1
FR;4;2022-03-04;7;8;2;1;7;6;3;0;0;1081380;6523;1282;11;1082551;3824;388;0;1
FR;4;2022-03-05;9;2;0;0;9;2;0;0;0;1081389;6525;1282;11;1082560;3826;388;0;1
FR;4;2022-03-06;4;0;1;0;4;1;0;0;0;1081393;6525;1283;11;1082564;3827;388;0;1
FR;4;2022-03-07;11;6;2;0;11;5;2;0;0;1081404;6531;1285;11;1082575;3832;390;0;1
FR;4;2022-03-08;15;3;0;0;15;3;0;0;0;1081419;6534;1285;11;1082590;3835;390;0;1
FR;4;2022-03-09;9;7;2;0;11;7;0;0;0;1081428;6541;1287;11;1082601;3842;390;0;1
FR;4;2022-03-10;6;1;6;0;6;3;4;0;0;1081434;6542;1293;11;1082607;3845;394;0;1
FR;4;2022-03-11;10;4;5;0;12;2;5;0;0;1081444;6546;1298;11;1082619;3847;399;0;1
FR;4;2022-03-12;10;2;0;0;11;0;0;0;0;1081454;6548;1298;11;1082630;3847;399;0;1
FR;4;2022-03-13;6;2;1;0;7;2;0;0;0;1081460;6550;1299;11;1082637;3849;399;0;1
FR;4;2022-03-14;4;3;1;0;5;3;0;0;0;1081464;6553;1300;11;1082642;3852;399;0;1
FR;4;2022-03-15;8;8;3;0;10;7;2;0;0;1081472;6561;1303;11;1082652;3859;401;0;1
FR;4;2022-03-16;7;3;4;0;7;4;3;0;0;1081479;6564;1307;11;1082659;3863;404;0;1
FR;4;2022-03-17;3;4;1;0;3;5;0;0;0;1081482;6568;1308;11;1082662;3868;404;0;1
FR;4;2022-03-18;9;3;0;0;9;3;0;0;0;1081491;6571;1308;11;1082671;3871;404;0;1
FR;4;2022-03-19;1;1;1;0;1;2;0;0;0;1081492;6572;1309;11;1082672;3873;404;0;1
FR;4;2022-03-20;3;1;2;0;3;2;1;0;0;1081495;6573;1311;11;1082675;3875;405;0;1
FR;4;2022-03-21;6;4;1;0;6;5;0;0;0;1081501;6577;1312;11;1082681;3880;405;0;1
FR;4;2022-03-22;4;2;2;0;4;3;1;0;0;1081505;6579;1314;11;1082685;3883;406;0;1
FR;4;2022-03-23;6;4;5;0;6;8;1;0;0;1081511;6583;1319;11;1082691;3891;407;0;1
FR;4;2022-03-24;2;5;3;1;2;7;2;0;0;1081513;6588;1322;12;1082693;3898;409;0;1
FR;4;2022-03-25;4;1;2;0;4;1;2;0;0;1081517;6589;1324;12;1082697;3899;411;0;1
FR;4;2022-03-26;5;5;0;0;5;5;0;0;0;1081522;6594;1324;12;1082702;3904;411;0;1
FR;4;2022-03-27;1;0;3;0;1;2;1;0;0;1081523;6594;1327;12;1082703;3906;412;0;1
FR;4;2022-03-28;6;1;3;0;7;3;0;0;0;1081529;6595;1330;12;1082710;3909;412;0;1
FR;4;2022-03-29;9;0;4;1;9;0;2;0;0;1081538;6595;1334;13;1082719;3909;414;0;1
FR;4;2022-03-30;3;4;0;0;3;4;0;0;0;1081541;6599;1334;13;1082722;3913;414;0;1
FR;4;2022-03-31;5;3;2;1;5;4;1;0;0;1081546;6602;1336;14;1082727;3917;415;0;1
FR;4;2022-04-01;15;3;5;0;15;6;2;0;0;1081561;6605;1341;14;1082742;3923;417;0;1
FR;4;2022-04-02;4;4;0;0;5;3;0;0;0;1081565;6609;1341;14;1082747;3926;417;0;1
FR;4;2022-04-03;0;1;0;0;0;1;0;0;0;1081565;6610;1341;14;1082747;3927;417;0;1
FR;4;2022-04-04;4;4;4;0;5;5;2;0;0;1081569;6614;1345;14;1082752;3932;419;0;1
FR;4;2022-04-05;4;3;3;1;5;3;3;0;0;1081573;6617;1348;15;1082757;3935;422;0;1
FR;4;2022-04-06;6;1;0;0;6;1;0;0;0;1081579;6618;1348;15;1082763;3936;422;0;1
FR;4;2022-04-07;3;2;3;2;3;5;0;0;0;1081582;6620;1351;17;1082766;3941;422;0;1
FR;4;2022-04-08;4;2;1;0;4;2;1;0;0;1081586;6622;1352;17;1082770;3943;423;0;1
FR;4;2022-04-09;0;0;1;1;0;1;1;0;0;1081586;6622;1353;18;1082770;3944;424;0;1
FR;4;2022-04-10;2;2;0;0;2;2;0;0;0;1081588;6624;1353;18;1082772;3946;424;0;1
FR;4;2022-04-11;4;3;4;0;4;5;2;0;0;1081592;6627;1357;18;1082776;3951;426;0;1
FR;4;2022-04-12;5;1;4;0;5;2;3;0;0;1081597;6628;1361;18;1082781;3953;429;0;1
FR;4;2022-04-13;5;8;2;1;5;10;1;0;0;1081602;6636;1363;19;1082786;3963;430;0;1
FR;4;2022-04-14;6;4;2;1;7;5;1;0;0;1081608;6640;1365;20;1082793;3968;431;0;1
FR;4;2022-04-15;7;9;1;0;7;10;0;0;0;1081615;6649;1366;20;1082800;3978;431;0;1
FR;4;2022-04-16;1;0;0;0;1;0;0;0;0;1081616;6649;1366;20;1082801;3978;431;0;1
FR;4;2022-04-17;3;2;1;0;3;3;0;0;0;1081619;6651;1367;20;1082804;3981;431;0;1
FR;4;2022-04-18;2;2;6;0;2;4;4;0;0;1081621;6653;1373;20;1082806;3985;435;0;1
FR;4;2022-04-19;3;0;1;0;3;0;1;0;0;1081624;6653;1374;20;1082809;3985;436;0;1
FR;4;2022-04-20;15;4;1;1;16;3;1;0;0;1081639;6657;1375;21;1082825;3988;437;0;1
FR;4;2022-04-21;7;1;0;0;7;1;0;0;0;1081646;6658;1375;21;1082832;3989;437;0;1
FR;4;2022-04-22;1;1;2;0;1;2;1;0;0;1081647;6659;1377;21;1082833;3991;438;0;1
FR;4;2022-04-23;2;3;3;0;2;6;0;0;0;1081649;6662;1380;21;1082835;3997;438;0;1
FR;4;2022-04-24;0;3;0;0;0;3;0;0;0;1081649;6665;1380;21;1082835;4000;438;0;1
FR;4;2022-04-25;3;5;3;0;3;8;0;0;0;1081652;6670;1383;21;1082838;4008;438;0;1
FR;4;2022-04-26;5;6;1;0;5;6;1;0;0;1081657;6676;1384;21;1082843;4014;439;0;1
FR;4;2022-04-27;4;1;1;2;5;1;2;0;0;1081661;6677;1385;23;1082848;4015;441;0;1
FR;4;2022-04-28;3;5;5;1;3;7;4;0;0;1081664;6682;1390;24;1082851;4022;445;0;1
FR;4;2022-04-29;6;3;0;0;6;2;0;0;0;1081670;6685;1390;24;1082857;4024;445;0;1
FR;4;2022-04-30;2;1;1;0;2;2;0;0;0;1081672;6686;1391;24;1082859;4026;445;0;1
FR;4;2022-05-01;0;0;0;0;0;0;0;0;0;1081672;6686;1391;24;1082859;4026;445;0;1
FR;4;2022-05-02;5;16;6;0;5;19;3;0;0;1081677;6702;1397;24;1082864;4045;448;0;1
FR;4;2022-05-03;2;6;2;0;2;7;1;0;0;1081679;6708;1399;24;1082866;4052;449;0;1
FR;4;2022-05-04;7;4;1;0;7;4;1;0;0;1081686;6712;1400;24;1082873;4056;450;0;1
FR;4;2022-05-05;5;2;1;1;6;1;2;0;0;1081691;6714;1401;25;1082879;4057;452;0;1
FR;4;2022-05-06;5;3;1;0;6;2;1;0;0;1081696;6717;1402;25;1082885;4059;453;0;1
FR;4;2022-05-07;0;1;0;0;0;1;0;0;0;1081696;6718;1402;25;1082885;4060;453;0;1
FR;4;2022-05-08;1;1;0;0;1;1;0;0;0;1081697;6719;1402;25;1082886;4061;453;0;1
FR;4;2022-05-09;5;1;0;1;5;1;1;0;0;1081702;6720;1402;26;1082891;4062;454;0;1
FR;4;2022-05-10;3;1;0;2;3;3;0;0;0;1081705;6721;1402;28;1082894;4065;454;0;1
FR;4;2022-05-11;4;2;4;0;4;5;1;0;0;1081709;6723;1406;28;1082898;4070;455;0;1
FR;4;2022-05-12;7;4;2;1;7;5;1;0;1;1081716;6727;1408;29;1082905;4075;456;0;2
FR;4;2022-05-13;1;0;2;0;1;2;0;0;0;1081717;6727;1410;29;1082906;4077;456;0;2
FR;4;2022-05-14;0;2;0;0;0;2;0;0;0;1081717;6729;1410;29;1082906;4079;456;0;2
FR;4;2022-05-15;2;2;0;0;4;0;0;0;0;1081719;6731;1410;29;1082910;4079;456;0;2
FR;4;2022-05-16;5;2;2;0;5;2;2;0;0;1081724;6733;1412;29;1082915;4081;458;0;2
FR;4;2022-05-17;5;1;2;0;5;3;0;0;0;1081729;6734;1414;29;1082920;4084;458;0;2
FR;4;2022-05-18;3;6;0;0;3;6;0;0;0;1081732;6740;1414;29;1082923;4090;458;0;2
FR;4;2022-05-19;2;3;3;0;2;5;1;0;0;1081734;6743;1417;29;1082925;4095;459;0;2
FR;4;2022-05-20;5;2;3;0;5;2;3;0;0;1081739;6745;1420;29;1082930;4097;462;0;2
FR;4;2022-05-21;2;0;1;0;2;1;0;0;0;1081741;6745;1421;29;1082932;4098;462;0;2
FR;4;2022-05-22;0;0;1;0;0;1;0;0;0;1081741;6745;1422;29;1082932;4099;462;0;2
FR;4;2022-05-23;0;0;2;0;0;0;2;0;0;1081741;6745;1424;29;1082932;4099;464;0;2
FR;4;2022-05-24;2;4;1;0;2;5;0;0;0;1081743;6749;1425;29;1082934;4104;464;0;2
FR;4;2022-05-25;1;4;1;0;3;3;0;0;0;1081744;6753;1426;29;1082937;4107;464;0;2
FR;4;2022-05-26;5;0;1;0;5;1;0;0;0;1081749;6753;1427;29;1082942;4108;464;0;2
FR;4;2022-05-27;0;2;1;1;0;3;1;0;0;1081749;6755;1428;30;1082942;4111;465;0;2
FR;4;2022-05-28;1;0;0;0;1;0;0;0;0;1081750;6755;1428;30;1082943;4111;465;0;2
FR;4;2022-05-29;1;0;1;0;1;1;0;0;0;1081751;6755;1429;30;1082944;4112;465;0;2
FR;4;2022-05-30;3;4;2;0;3;5;1;0;0;1081754;6759;1431;30;1082947;4117;466;0;2
FR;4;2022-05-31;2;1;0;0;2;1;0;0;0;1081756;6760;1431;30;1082949;4118;466;0;2
FR;4;2022-06-01;3;11;7;0;3;15;3;0;0;1081759;6771;1438;30;1082952;4133;469;0;2
FR;4;2022-06-02;6;7;3;0;6;7;2;0;0;1081765;6778;1441;30;1082958;4140;471;0;2
FR;4;2022-06-03;2;6;4;1;2;7;4;0;0;1081767;6784;1445;31;1082960;4147;475;0;2
FR;4;2022-06-04;0;1;1;1;0;1;2;0;0;1081767;6785;1446;32;1082960;4148;477;0;2
FR;4;2022-06-05;0;0;0;0;0;0;0;0;0;1081767;6785;1446;32;1082960;4148;477;0;2
FR;4;2022-06-06;8;0;3;0;8;2;1;0;0;1081775;6785;1449;32;1082968;4150;478;0;2
FR;4;2022-06-07;6;2;0;1;6;2;1;0;0;1081781;6787;1449;33;1082974;4152;479;0;2
FR;4;2022-06-08;0;5;3;0;1;7;0;0;0;1081781;6792;1452;33;1082975;4159;479;0;2
FR;4;2022-06-09;1;2;0;0;2;1;0;0;0;1081782;6794;1452;33;1082977;4160;479;0;2
FR;4;2022-06-10;4;0;3;0;4;1;2;0;0;1081786;6794;1455;33;1082981;4161;481;0;2
FR;4;2022-06-11;1;0;0;0;1;0;0;0;0;1081787;6794;1455;33;1082982;4161;481;0;2
FR;4;2022-06-12;4;1;1;0;4;2;0;0;0;1081791;6795;1456;33;1082986;4163;481;0;2
FR;4;2022-06-13;6;2;3;0;7;2;1;0;0;1081797;6797;1459;33;1082993;4165;482;0;2
FR;4;2022-06-14;4;3;0;0;5;2;0;0;0;1081801;6800;1459;33;1082998;4167;482;0;2
FR;4;2022-06-15;9;3;4;0;9;3;4;0;0;1081810;6803;1463;33;1083007;4170;486;0;2
FR;4;2022-06-16;2;3;1;1;3;2;1;0;1;1081812;6806;1464;34;1083010;4172;487;0;3
FR;4;2022-06-17;6;1;0;0;6;1;0;0;0;1081818;6807;1464;34;1083016;4173;487;0;3
FR;4;2022-06-18;0;0;0;0;0;0;0;0;0;1081818;6807;1464;34;1083016;4173;487;0;3
FR;4;2022-06-19;3;0;0;0;3;0;0;0;0;1081821;6807;1464;34;1083019;4173;487;0;3
FR;4;2022-06-20;6;2;2;1;6;3;2;0;0;1081827;6809;1466;35;1083025;4176;489;0;3
FR;4;2022-06-21;5;2;4;1;6;4;2;0;0;1081832;6811;1470;36;1083031;4180;491;0;3
FR;4;2022-06-22;3;2;1;3;4;2;1;0;0;1081835;6813;1471;39;1083035;4182;492;0;3
FR;4;2022-06-23;3;3;3;0;3;5;1;0;0;1081838;6816;1474;39;1083038;4187;493;0;3
FR;4;2022-06-24;3;0;2;0;3;0;2;0;0;1081841;6816;1476;39;1083041;4187;495;0;3
FR;4;2022-06-25;3;0;1;1;3;1;1;0;0;1081844;6816;1477;40;1083044;4188;496;0;3
FR;4;2022-06-26;0;0;2;0;0;2;0;0;0;1081844;6816;1479;40;1083044;4190;496;0;3
FR;4;2022-06-27;2;2;1;3;2;3;3;0;0;1081846;6818;1480;43;1083046;4193;499;0;3
FR;4;2022-06-28;0;4;2;1;0;5;2;0;0;1081846;6822;1482;44;1083046;4198;501;0;3
FR;4;2022-06-29;1;2;0;0;1;2;0;0;0;1081847;6824;1482;44;1083047;4200;501;0;3
FR;4;2022-06-30;2;0;0;0;2;0;0;0;0;1081849;6824;1482;44;1083049;4200;501;0;3
FR;4;2022-07-01;2;4;8;0;2;4;8;0;0;1081851;6828;1490;44;1083051;4204;509;0;3
FR;4;2022-07-02;0;1;0;0;1;0;0;0;0;1081851;6829;1490;44;1083052;4204;509;0;3
FR;4;2022-07-03;0;0;0;0;0;0;0;0;0;1081851;6829;1490;44;1083052;4204;509;0;3
FR;4;2022-07-04;4;1;0;0;4;1;0;0;0;1081855;6830;1490;44;1083056;4205;509;0;3
FR;4;2022-07-05;3;1;3;0;3;3;1;0;0;1081858;6831;1493;44;1083059;4208;510;0;3
FR;4;2022-07-06;5;0;1;1;5;0;1;0;1;1081863;6831;1494;45;1083064;4208;511;0;4
FR;4;2022-07-07;2;1;2;1;2;1;3;0;0;1081865;6832;1496;46;1083066;4209;514;0;4
FR;4;2022-07-08;4;1;0;0;4;1;0;0;0;1081869;6833;1496;46;1083070;4210;514;0;4
FR;4;2022-07-09;2;2;1;0;2;3;0;0;0;1081871;6835;1497;46;1083072;4213;514;0;4
FR;4;2022-07-10;2;0;1;0;2;0;0;0;0;1081873;6835;1498;46;1083074;4213;514;0;4
FR;4;2022-07-11;3;0;2;0;3;0;1;0;0;1081876;6835;1500;46;1083077;4213;515;0;4
FR;4;2022-07-12;0;0;2;0;0;2;0;0;0;1081876;6835;1502;46;1083077;4215;515;0;4
FR;4;2022-07-13;3;2;3;1;3;2;4;0;0;1081879;6837;1505;47;1083080;4217;519;0;4
FR;4;2022-07-14;6;0;1;0;6;0;1;0;0;1081885;6837;1506;47;1083086;4217;520;0;4
FR;4;2022-07-15;11;2;0;0;11;2;0;0;0;1081896;6839;1506;47;1083097;4219;520;0;4
FR;4;2022-07-16;5;0;0;2;5;0;2;0;0;1081901;6839;1506;49;1083102;4219;522;0;4
FR;4;2022-07-17;1;0;1;1;1;0;2;0;0;1081902;6839;1507;50;1083103;4219;524;0;4
FR;4;2022-07-18;3;3;2;0;3;3;2;0;0;1081905;6842;1509;50;1083106;4222;526;0;4
FR;4;2022-07-19;5;0;1;0;5;1;0;0;0;1081910;6842;1510;50;1083111;4223;526;0;4
FR;4;2022-07-20;12;1;1;0;13;1;0;0;0;1081922;6843;1511;50;1083124;4224;526;0;4
FR;4;2022-07-21;2;3;1;0;2;3;1;0;0;1081924;6846;1512;50;1083126;4227;527;0;4
FR;4;2022-07-22;5;1;3;0;5;2;2;0;0;1081929;6847;1515;50;1083131;4229;529;0;4
FR;4;2022-07-23;1;2;0;0;1;1;0;0;0;1081930;6849;1515;50;1083132;4230;529;0;4
FR;4;2022-07-24;1;0;0;0;1;0;0;0;0;1081931;6849;1515;50;1083133;4230;529;0;4
FR;4;2022-07-25;7;0;2;0;7;2;0;0;0;1081938;6849;1517;50;1083140;4232;529;0;4
FR;4;2022-07-26;2;0;0;0;2;0;0;0;0;1081940;6849;1517;50;1083142;4232;529;0;4
FR;4;2022-07-27;3;1;0;0;3;0;0;0;0;1081943;6850;1517;50;1083145;4232;529;0;4
FR;4;2022-07-28;13;0;0;0;13;0;0;0;0;1081956;6850;1517;50;1083158;4232;529;0;4
FR;4;2022-07-29;3;0;2;0;3;1;1;0;0;1081959;6850;1519;50;1083161;4233;530;0;4
FR;4;2022-07-30;5;0;2;0;5;0;2;0;0;1081964;6850;1521;50;1083166;4233;532;0;4
FR;4;2022-07-31;0;0;0;0;0;0;0;0;0;1081964;6850;1521;50;1083166;4233;532;0;4
FR;4;2022-08-01;4;0;3;0;4;2;1;0;0;1081968;6850;1524;50;1083170;4235;533;0;4
FR;4;2022-08-02;6;0;0;0;6;0;0;0;0;1081974;6850;1524;50;1083176;4235;533;0;4
FR;4;2022-08-03;2;2;1;0;2;2;1;0;0;1081976;6852;1525;50;1083178;4237;534;0;4
FR;4;2022-08-04;5;2;0;1;5;2;1;0;0;1081981;6854;1525;51;1083183;4239;535;0;4
FR;4;2022-08-05;3;1;1;0;3;1;1;0;0;1081984;6855;1526;51;1083186;4240;536;0;4
FR;4;2022-08-06;2;0;0;0;2;0;0;0;0;1081986;6855;1526;51;1083188;4240;536;0;4
FR;4;2022-08-07;5;0;0;0;5;0;0;0;0;1081991;6855;1526;51;1083193;4240;536;0;4
FR;4;2022-08-08;2;0;1;1;2;1;1;0;0;1081993;6855;1527;52;1083195;4241;537;0;4
FR;4;2022-08-09;1;1;2;2;1;2;3;0;0;1081994;6856;1529;54;1083196;4243;540;0;4
FR;4;2022-08-10;6;1;1;0;7;1;0;0;0;1082000;6857;1530;54;1083203;4244;540;0;4
FR;4;2022-08-11;2;0;1;0;2;1;0;0;0;1082002;6857;1531;54;1083205;4245;540;0;4
FR;4;2022-08-12;4;0;1;0;4;0;1;0;0;1082006;6857;1532;54;1083209;4245;541;0;4
FR;4;2022-08-13;1;0;0;0;1;0;0;0;0;1082007;6857;1532;54;1083210;4245;541;0;4
FR;4;2022-08-14;1;0;0;0;1;0;0;0;0;1082008;6857;1532;54;1083211;4245;541;0;4
FR;4;2022-08-15;1;2;3;0;1;2;3;0;0;1082009;6859;1535;54;1083212;4247;544;0;4
FR;4;2022-08-16;0;0;1;0;0;1;0;0;0;1082009;6859;1536;54;1083212;4248;544;0;4
FR;4;2022-08-17;3;0;0;0;3;0;0;0;0;1082012;6859;1536;54;1083215;4248;544;0;4
FR;4;2022-08-18;6;0;0;0;6;0;0;0;0;1082018;6859;1536;54;1083221;4248;544;0;4
FR;4;2022-08-19;5;0;0;0;5;0;0;0;0;1082023;6859;1536;54;1083226;4248;544;0;4
FR;4;2022-08-20;3;1;0;0;4;0;0;0;0;1082026;6860;1536;54;1083230;4248;544;0;4
FR;4;2022-08-21;1;0;0;0;1;0;0;0;0;1082027;6860;1536;54;1083231;4248;544;0;4
FR;4;2022-08-22;3;9;0;0;3;9;0;0;0;1082030;6869;1536;54;1083234;4257;544;0;4
FR;4;2022-08-23;3;3;3;0;3;4;2;0;0;1082033;6872;1539;54;1083237;4261;546;0;4
FR;4;2022-08-24;6;0;0;1;6;0;1;0;0;1082039;6872;1539;55;1083243;4261;547;0;4
FR;4;2022-08-25;1;3;2;0;1;4;1;0;0;1082040;6875;1541;55;1083244;4265;548;0;4
FR;4;2022-08-26;6;0;0;1;6;0;1;0;0;1082046;6875;1541;56;1083250;4265;549;0;4
FR;4;2022-08-27;1;0;0;0;1;0;0;0;0;1082047;6875;1541;56;1083251;4265;549;0;4
FR;4;2022-08-28;0;1;0;0;0;0;0;0;0;1082047;6876;1541;56;1083251;4265;549;0;4
FR;4;2022-08-29;8;0;0;0;8;0;0;0;0;1082055;6876;1541;56;1083259;4265;549;0;4
FR;4;2022-08-30;5;1;0;0;5;1;0;0;0;1082060;6877;1541;56;1083264;4266;549;0;4
FR;4;2022-08-31;3;1;0;0;3;1;0;0;0;1082063;6878;1541;56;1083267;4267;549;0;4
FR;4;2022-09-01;4;8;2;0;5;7;2;0;0;1082067;6886;1543;56;1083272;4274;551;0;4
FR;4;2022-09-02;2;2;1;0;3;2;0;0;0;1082069;6888;1544;56;1083275;4276;551;0;4
FR;4;2022-09-03;3;0;0;0;3;0;0;0;0;1082072;6888;1544;56;1083278;4276;551;0;4
FR;4;2022-09-04;1;0;0;0;1;0;0;0;0;1082073;6888;1544;56;1083279;4276;551;0;4
FR;4;2022-09-05;4;2;0;0;4;2;0;0;0;1082077;6890;1544;56;1083283;4278;551;0;4
FR;4;2022-09-06;1;0;0;0;1;0;0;0;0;1082078;6890;1544;56;1083284;4278;551;0;4
FR;4;2022-09-07;2;0;1;1;2;1;1;0;0;1082080;6890;1545;57;1083286;4279;552;0;4
FR;4;2022-09-08;3;0;0;0;3;0;0;0;0;1082083;6890;1545;57;1083289;4279;552;0;4
FR;4;2022-09-09;2;2;0;0;2;2;0;0;0;1082085;6892;1545;57;1083291;4281;552;0;4
FR;4;2022-09-10;0;1;0;3;0;2;2;0;0;1082085;6893;1545;60;1083291;4283;554;0;4
FR;4;2022-09-11;2;0;0;0;2;0;0;0;0;1082087;6893;1545;60;1083293;4283;554;0;4
FR;4;2022-09-12;1;1;1;0;1;1;1;0;0;1082088;6894;1546;60;1083294;4284;555;0;4
FR;4;2022-09-13;1;0;0;0;1;0;0;0;0;1082089;6894;1546;60;1083295;4284;555;0;4
FR;4;2022-09-14;4;0;0;0;4;0;0;0;0;1082093;6894;1546;60;1083299;4284;555;0;4
FR;4;2022-09-15;4;0;0;0;4;0;0;0;0;1082097;6894;1546;60;1083303;4284;555;0;4
FR;4;2022-09-16;1;0;0;0;1;0;0;0;0;1082098;6894;1546;60;1083304;4284;555;0;4
FR;4;2022-09-17;2;0;0;0;2;0;0;0;0;1082100;6894;1546;60;1083306;4284;555;0;4
FR;4;2022-09-18;0;1;0;0;0;1;0;0;0;1082100;6895;1546;60;1083306;4285;555;0;4
FR;4;2022-09-19;4;0;2;0;4;2;0;0;0;1082104;6895;1548;60;1083310;4287;555;0;4
FR;4;2022-09-20;4;0;0;0;4;0;0;0;0;1082108;6895;1548;60;1083314;4287;555;0;4
FR;4;2022-09-21;2;1;0;0;2;1;0;0;0;1082110;6896;1548;60;1083316;4288;555;0;4
FR;4;2022-09-22;2;1;0;0;2;1;0;0;0;1082112;6897;1548;60;1083318;4289;555;0;4
FR;4;2022-09-23;2;3;0;0;3;2;0;0;0;1082114;6900;1548;60;1083321;4291;555;0;4
FR;4;2022-09-24;1;0;0;0;1;0;0;0;0;1082115;6900;1548;60;1083322;4291;555;0;4
FR;4;2022-09-25;0;0;0;0;0;0;0;0;0;1082115;6900;1548;60;1083322;4291;555;0;4
FR;4;2022-09-26;2;0;1;0;2;0;1;0;0;1082117;6900;1549;60;1083324;4291;556;0;4
FR;4;2022-09-27;1;0;1;1;1;0;2;0;0;1082118;6900;1550;61;1083325;4291;558;0;4
FR;4;2022-09-28;3;0;2;0;3;2;0;0;0;1082121;6900;1552;61;1083328;4293;558;0;4
FR;4;2022-09-29;5;0;1;1;5;1;1;0;0;1082126;6900;1553;62;1083333;4294;559;0;4
FR;4;2022-09-30;1;1;0;0;1;1;0;0;0;1082127;6901;1553;62;1083334;4295;559;0;4
FR;4;2022-10-01;1;1;0;0;2;0;0;0;0;1082128;6902;1553;62;1083336;4295;559;0;4
FR;4;2022-10-02;0;1;0;0;0;1;0;0;0;1082128;6903;1553;62;1083336;4296;559;0;4
FR;4;2022-10-03;2;3;1;1;3;3;1;0;0;1082130;6906;1554;63;1083339;4299;560;0;4
FR;4;2022-10-04;3;0;0;0;3;0;0;0;0;1082133;6906;1554;63;1083342;4299;560;0;4
FR;4;2022-10-05;0;1;0;0;0;1;0;0;0;1082133;6907;1554;63;1083342;4300;560;0;4
FR;4;2022-10-06;2;0;0;0;2;0;0;0;0;1082135;6907;1554;63;1083344;4300;560;0;4
FR;4;2022-10-07;3;1;1;0;3;1;1;0;0;1082138;6908;1555;63;1083347;4301;561;0;4
FR;4;2022-10-08;4;1;0;0;4;0;0;0;0;1082142;6909;1555;63;1083351;4301;561;0;4
FR;4;2022-10-09;0;0;0;0;0;0;0;0;0;1082142;6909;1555;63;1083351;4301;561;0;4
FR;4;2022-10-10;5;0;2;3;5;2;1;0;2;1082147;6909;1557;66;1083356;4303;562;0;6
FR;4;2022-10-11;2;2;0;0;2;1;0;0;0;1082149;6911;1557;66;1083358;4304;562;0;6
FR;4;2022-10-12;1;0;0;0;1;0;0;0;0;1082150;6911;1557;66;1083359;4304;562;0;6
FR;4;2022-10-13;5;0;0;0;5;0;0;0;0;1082155;6911;1557;66;1083364;4304;562;0;6
FR;4;2022-10-14;1;0;0;0;1;0;0;0;0;1082156;6911;1557;66;1083365;4304;562;0;6
FR;4;2022-10-15;1;2;0;0;1;2;0;0;0;1082157;6913;1557;66;1083366;4306;562;0;6
FR;4;2022-10-16;0;0;0;0;0;0;0;0;0;1082157;6913;1557;66;1083366;4306;562;0;6
FR;4;2022-10-17;2;0;1;0;2;1;0;0;0;1082159;6913;1558;66;1083368;4307;562;0;6
FR;4;2022-10-18;1;0;0;1;1;0;1;0;0;1082160;6913;1558;67;1083369;4307;563;0;6
FR;4;2022-10-19;1;0;0;2;1;0;2;0;3;1082161;6913;1558;69;1083370;4307;565;0;9
FR;4;2022-10-20;4;1;0;0;4;1;0;0;0;1082165;6914;1558;69;1083374;4308;565;0;9
FR;4;2022-10-21;3;1;0;0;3;1;0;0;0;1082168;6915;1558;69;1083377;4309;565;0;9
FR;4;2022-10-22;1;0;0;0;1;0;0;0;0;1082169;6915;1558;69;1083378;4309;565;0;9
FR;4;2022-10-23;0;0;0;0;0;0;0;0;0;1082169;6915;1558;69;1083378;4309;565;0;9
FR;4;2022-10-24;3;0;0;0;3;0;0;0;0;1082172;6915;1558;69;1083381;4309;565;0;9
FR;4;2022-10-25;4;0;0;0;4;0;0;0;0;1082176;6915;1558;69;1083385;4309;565;0;9
FR;4;2022-10-26;2;1;0;0;2;1;0;0;0;1082178;6916;1558;69;1083387;4310;565;0;9
FR;4;2022-10-27;3;1;1;0;3;0;1;0;0;1082181;6917;1559;69;1083390;4310;566;0;9
FR;4;2022-10-28;0;0;0;0;0;0;0;0;0;1082181;6917;1559;69;1083390;4310;566;0;9
FR;4;2022-10-29;1;0;0;3;1;0;3;0;3;1082182;6917;1559;72;1083391;4310;569;0;12
FR;4;2022-10-30;1;0;0;0;1;0;0;0;0;1082183;6917;1559;72;1083392;4310;569;0;12
FR;4;2022-10-31;1;0;0;0;1;0;0;0;0;1082184;6917;1559;72;1083393;4310;569;0;12
FR;4;2022-11-01;1;6;0;0;1;6;0;0;0;1082185;6923;1559;72;1083394;4316;569;0;12
FR;4;2022-11-02;0;0;2;2;0;1;3;0;0;1082185;6923;1561;74;1083394;4317;572;0;12
FR;4;2022-11-03;1;0;0;0;1;0;0;0;0;1082186;6923;1561;74;1083395;4317;572;0;12
FR;4;2022-11-04;4;1;0;0;4;0;0;0;0;1082190;6924;1561;74;1083399;4317;572;0;12
FR;4;2022-11-05;0;0;0;0;0;0;0;0;0;1082190;6924;1561;74;1083399;4317;572;0;12
FR;4;2022-11-06;2;0;0;0;2;0;0;0;0;1082192;6924;1561;74;1083401;4317;572;0;12
FR;4;2022-11-07;2;0;0;0;2;0;0;0;0;1082194;6924;1561;74;1083403;4317;572;0;12
FR;4;2022-11-08;7;0;0;0;7;0;0;0;0;1082201;6924;1561;74;1083410;4317;572;0;12
FR;4;2022-11-09;0;0;0;0;0;0;0;0;0;1082201;6924;1561;74;1083410;4317;572;0;12
FR;4;2022-11-10;2;0;1;0;2;1;0;0;0;1082203;6924;1562;74;1083412;4318;572;0;12
FR;4;2022-11-11;1;0;0;0;1;0;0;0;0;1082204;6924;1562;74;1083413;4318;572;0;12
FR;4;2022-11-12;3;1;0;0;3;1;0;0;0;1082207;6925;1562;74;1083416;4319;572;0;12
FR;4;2022-11-13;2;0;0;0;2;0;0;0;0;1082209;6925;1562;74;1083418;4319;572;0;12
FR;4;2022-11-14;0;1;0;0;0;1;0;0;0;1082209;6926;1562;74;1083418;4320;572;0;12
FR;4;2022-11-15;3;1;0;0;3;1;0;0;0;1082212;6927;1562;74;1083421;4321;572;0;12
FR;4;2022-11-16;1;1;1;0;1;1;1;0;0;1082213;6928;1563;74;1083422;4322;573;0;12
FR;4;2022-11-17;0;2;0;0;0;2;0;0;0;1082213;6930;1563;74;1083422;4324;573;0;12
FR;4;2022-11-18;5;0;1;0;5;0;1;0;0;1082218;6930;1564;74;1083427;4324;574;0;12
FR;4;2022-11-19;0;0;0;0;0;0;0;0;0;1082218;6930;1564;74;1083427;4324;574;0;12
FR;4;2022-11-20;0;0;0;1;0;0;0;0;1;1082218;6930;1564;75;1083427;4324;574;0;13
FR;4;2022-11-21;0;0;0;0;0;0;0;0;0;1082218;6930;1564;75;1083427;4324;574;0;13
FR;4;2022-11-22;0;1;1;0;0;2;0;0;0;1082218;6931;1565;75;1083427;4326;574;0;13
FR;4;2022-11-23;1;0;0;0;1;0;0;0;1;1082219;6931;1565;75;1083428;4326;574;0;14
FR;4;2022-11-24;0;2;0;0;0;2;0;0;0;1082219;6933;1565;75;1083428;4328;574;0;14
FR;4;2022-11-25;3;4;0;0;3;4;0;0;0;1082222;6937;1565;75;1083431;4332;574;0;14
FR;4;2022-11-26;1;0;0;0;1;0;0;0;0;1082223;6937;1565;75;1083432;4332;574;0;14
FR;4;2022-11-27;0;0;0;0;0;0;0;0;0;1082223;6937;1565;75;1083432;4332;574;0;14
FR;4;2022-11-28;4;0;0;0;4;0;0;0;0;1082227;6937;1565;75;1083436;4332;574;0;14
FR;4;2022-11-29;3;0;0;0;3;0;0;0;0;1082230;6937;1565;75;1083439;4332;574;0;14
FR;4;2022-11-30;0;0;0;0;0;0;0;0;0;1082230;6937;1565;75;1083439;4332;574;0;14
FR;4;2022-12-01;1;2;2;0;2;2;1;0;0;1082231;6939;1567;75;1083441;4334;575;0;14
FR;4;2022-12-02;6;1;0;1;6;1;0;0;1;1082237;6940;1567;76;1083447;4335;575;0;15
FR;4;2022-12-03;1;0;0;0;1;0;0;0;0;1082238;6940;1567;76;1083448;4335;575;0;15
FR;4;2022-12-04;0;0;0;0;0;0;0;0;0;1082238;6940;1567;76;1083448;4335;575;0;15
FR;4;2022-12-05;2;1;0;0;2;1;0;0;0;1082240;6941;1567;76;1083450;4336;575;0;15
FR;4;2022-12-06;2;0;0;0;2;0;0;0;0;1082242;6941;1567;76;1083452;4336;575;0;15
FR;4;2022-12-07;2;3;1;0;2;4;0;0;0;1082244;6944;1568;76;1083454;4340;575;0;15
FR;4;2022-12-08;1;0;0;0;1;0;0;0;0;1082245;6944;1568;76;1083455;4340;575;0;15
FR;4;2022-12-09;2;0;1;0;2;0;1;0;0;1082247;6944;1569;76;1083457;4340;576;0;15
FR;4;2022-12-10;1;0;0;0;1;0;0;0;0;1082248;6944;1569;76;1083458;4340;576;0;15
FR;4;2022-12-11;0;0;0;0;0;0;0;0;0;1082248;6944;1569;76;1083458;4340;576;0;15
FR;4;2022-12-12;2;1;0;5;2;1;5;0;0;1082250;6945;1569;81;1083460;4341;581;0;15
FR;4;2022-12-13;1;0;0;0;1;0;0;0;0;1082251;6945;1569;81;1083461;4341;581;0;15
FR;4;2022-12-14;0;0;0;0;0;0;0;0;0;1082251;6945;1569;81;1083461;4341;581;0;15
FR;4;2022-12-15;1;1;0;0;1;1;0;0;0;1082252;6946;1569;81;1083462;4342;581;0;15
FR;4;2022-12-16;2;0;0;0;2;0;0;0;0;1082254;6946;1569;81;1083464;4342;581;0;15
FR;4;2022-12-17;0;0;1;0;0;0;1;0;0;1082254;6946;1570;81;1083464;4342;582;0;15
FR;4;2022-12-18;1;0;0;0;1;0;0;0;0;1082255;6946;1570;81;1083465;4342;582;0;15
FR;4;2022-12-19;1;0;0;0;1;0;0;0;0;1082256;6946;1570;81;1083466;4342;582;0;15
FR;4;2022-12-20;4;2;0;0;5;1;0;0;0;1082260;6948;1570;81;1083471;4343;582;0;15
FR;4;2022-12-21;6;0;0;0;6;0;0;0;0;1082266;6948;1570;81;1083477;4343;582;0;15
FR;4;2022-12-22;2;1;0;0;2;1;0;0;0;1082268;6949;1570;81;1083479;4344;582;0;15
FR;4;2022-12-23;3;0;0;0;3;0;0;0;0;1082271;6949;1570;81;1083482;4344;582;0;15
FR;4;2022-12-24;0;0;1;0;0;1;0;0;0;1082271;6949;1571;81;1083482;4345;582;0;15
FR;4;2022-12-25;0;0;0;0;0;0;0;0;0;1082271;6949;1571;81;1083482;4345;582;0;15
FR;4;2022-12-26;1;2;0;0;1;1;0;0;0;1082272;6951;1571;81;1083483;4346;582;0;15
FR;4;2022-12-27;1;1;0;0;1;1;0;0;0;1082273;6952;1571;81;1083484;4347;582;0;15
FR;4;2022-12-28;0;0;0;0;0;0;0;0;0;1082273;6952;1571;81;1083484;4347;582;0;15
FR;4;2022-12-29;0;1;0;0;1;0;0;0;0;1082273;6953;1571;81;1083485;4347;582;0;15
FR;4;2022-12-30;1;0;0;0;1;0;0;0;0;1082274;6953;1571;81;1083486;4347;582;0;15
FR;4;2022-12-31;0;0;0;0;0;0;0;0;0;1082274;6953;1571;81;1083486;4347;582;0;15
FR;4;2023-01-01;0;0;0;0;0;0;0;0;0;1082274;6953;1571;81;1083486;4347;582;0;15
FR;4;2023-01-02;2;0;2;0;2;1;1;0;0;1082276;6953;1573;81;1083488;4348;583;0;15
FR;4;2023-01-03;1;1;0;0;1;1;0;0;0;1082277;6954;1573;81;1083489;4349;583;0;15
FR;4;2023-01-04;0;0;0;0;0;0;0;0;0;1082277;6954;1573;81;1083489;4349;583;0;15
FR;4;2023-01-05;0;0;0;0;0;0;0;0;0;1082277;6954;1573;81;1083489;4349;583;0;15
FR;4;2023-01-06;1;1;3;0;1;4;0;0;0;1082278;6955;1576;81;1083490;4353;583;0;15
FR;4;2023-01-07;1;0;0;0;1;0;0;0;0;1082279;6955;1576;81;1083491;4353;583;0;15
FR;4;2023-01-08;1;0;0;0;1;0;0;0;0;1082280;6955;1576;81;1083492;4353;583;0;15
FR;4;2023-01-09;1;0;0;0;1;0;0;0;0;1082281;6955;1576;81;1083493;4353;583;0;15
FR;4;2023-01-10;2;0;0;0;2;0;0;0;0;1082283;6955;1576;81;1083495;4353;583;0;15
FR;4;2023-01-11;0;0;0;0;0;0;0;0;0;1082283;6955;1576;81;1083495;4353;583;0;15
FR;4;2023-01-12;3;2;0;0;3;2;0;0;0;1082286;6957;1576;81;1083498;4355;583;0;15
FR;4;2023-01-13;3;0;2;0;3;0;2;0;0;1082289;6957;1578;81;1083501;4355;585;0;15
FR;4;2023-01-14;0;0;1;0;0;0;1;0;0;1082289;6957;1579;81;1083501;4355;586;0;15
FR;4;2023-01-15;0;0;0;0;0;0;0;0;0;1082289;6957;1579;81;1083501;4355;586;0;15
FR;4;2023-01-16;3;0;0;0;3;0;0;0;0;1082292;6957;1579;81;1083504;4355;586;0;15
FR;4;2023-01-17;2;0;0;0;2;0;0;0;0;1082294;6957;1579;81;1083506;4355;586;0;15
FR;4;2023-01-18;3;0;0;0;3;0;0;0;0;1082297;6957;1579;81;1083509;4355;586;0;15
FR;4;2023-01-19;1;0;0;2;1;0;0;0;0;1082298;6957;1579;83;1083510;4355;586;0;15
FR;4;2023-01-20;0;0;0;0;0;0;0;0;0;1082298;6957;1579;83;1083510;4355;586;0;15
FR;4;2023-01-21;0;0;0;0;0;0;0;0;0;1082298;6957;1579;83;1083510;4355;586;0;15
FR;4;2023-01-22;0;0;0;0;0;0;0;0;0;1082298;6957;1579;83;1083510;4355;586;0;15
FR;4;2023-01-23;1;0;0;0;1;0;0;0;0;1082299;6957;1579;83;1083511;4355;586;0;15
FR;4;2023-01-24;3;1;0;0;3;1;0;0;0;1082302;6958;1579;83;1083514;4356;586;0;15
FR;4;2023-01-25;6;0;0;0;6;0;0;0;0;1082308;6958;1579;83;1083520;4356;586;0;15
FR;4;2023-01-26;0;0;0;0;0;0;0;0;0;1082308;6958;1579;83;1083520;4356;586;0;15
FR;4;2023-01-27;0;0;0;0;0;0;0;0;0;1082308;6958;1579;83;1083520;4356;586;0;15
FR;4;2023-01-28;0;0;0;0;0;0;0;0;0;1082308;6958;1579;83;1083520;4356;586;0;15
FR;4;2023-01-29;0;0;0;0;0;0;0;0;0;1082308;6958;1579;83;1083520;4356;586;0;15
FR;4;2023-01-30;0;0;0;0;0;0;0;0;0;1082308;6958;1579;83;1083520;4356;586;0;15
FR;4;2023-01-31;0;0;0;0;0;0;0;0;0;1082308;6958;1579;83;1083520;4356;586;0;15
FR;4;2023-02-01;0;0;0;0;0;0;0;0;0;1082308;6958;1579;83;1083520;4356;586;0;15
FR;4;2023-02-02;2;2;2;1;2;3;1;0;0;1082310;6960;1581;84;1083522;4359;587;0;15
FR;4;2023-02-03;0;0;0;0;0;0;0;0;0;1082310;6960;1581;84;1083522;4359;587;0;15
FR;4;2023-02-04;1;0;0;0;1;0;0;0;0;1082311;6960;1581;84;1083523;4359;587;0;15
FR;4;2023-02-05;0;0;0;0;0;0;0;0;0;1082311;6960;1581;84;1083523;4359;587;0;15
FR;4;2023-02-06;1;0;0;0;1;0;0;0;0;1082312;6960;1581;84;1083524;4359;587;0;15
FR;4;2023-02-07;2;0;0;0;2;0;0;0;0;1082314;6960;1581;84;1083526;4359;587;0;15
FR;4;2023-02-08;2;1;0;0;2;0;0;0;0;1082316;6961;1581;84;1083528;4359;587;0;15
FR;4;2023-02-09;1;1;0;0;1;1;0;0;0;1082317;6962;1581;84;1083529;4360;587;0;15
FR;4;2023-02-10;4;1;0;0;4;0;0;0;0;1082321;6963;1581;84;1083533;4360;587;0;15
FR;4;2023-02-11;4;0;0;0;4;0;0;0;0;1082325;6963;1581;84;1083537;4360;587;0;15
FR;4;2023-02-12;0;0;0;0;0;0;0;0;0;1082325;6963;1581;84;1083537;4360;587;0;15
FR;4;2023-02-13;2;0;0;0;2;0;0;0;0;1082327;6963;1581;84;1083539;4360;587;0;15
FR;4;2023-02-14;0;2;0;0;2;0;0;0;0;1082327;6965;1581;84;1083541;4360;587;0;15
FR;4;2023-02-15;2;0;0;0;2;0;0;0;0;1082329;6965;1581;84;1083543;4360;587;0;15
FR;4;2023-02-16;1;1;0;0;1;1;0;0;0;1082330;6966;1581;84;1083544;4361;587;0;15
FR;4;2023-02-17;1;0;0;0;1;0;0;0;0;1082331;6966;1581;84;1083545;4361;587;0;15
FR;4;2023-02-18;0;2;0;0;0;2;0;0;0;1082331;6968;1581;84;1083545;4363;587;0;15
FR;4;2023-02-19;0;0;0;0;0;0;0;0;0;1082331;6968;1581;84;1083545;4363;587;0;15
FR;4;2023-02-20;1;0;0;0;1;0;0;0;0;1082332;6968;1581;84;1083546;4363;587;0;15
FR;4;2023-02-21;2;0;0;0;2;0;0;0;0;1082334;6968;1581;84;1083548;4363;587;0;15
FR;4;2023-02-22;0;0;0;0;0;0;0;0;0;1082334;6968;1581;84;1083548;4363;587;0;15
FR;4;2023-02-23;0;0;0;0;0;0;0;0;0;1082334;6968;1581;84;1083548;4363;587;0;15
FR;4;2023-02-24;1;0;0;0;1;0;0;0;0;1082335;6968;1581;84;1083549;4363;587;0;15
FR;4;2023-02-25;2;1;0;0;2;1;0;0;0;1082337;6969;1581;84;1083551;4364;587;0;15
FR;4;2023-02-26;0;0;0;0;0;0;0;0;0;1082337;6969;1581;84;1083551;4364;587;0;15
FR;4;2023-02-27;1;0;0;0;1;0;0;0;0;1082338;6969;1581;84;1083552;4364;587;0;15
FR;4;2023-02-28;0;0;0;0;0;0;0;0;0;1082338;6969;1581;84;1083552;4364;587;0;15
FR;4;2023-03-01;1;0;0;0;1;0;0;0;0;1082339;6969;1581;84;1083553;4364;587;0;15
FR;4;2023-03-02;1;1;2;0;1;1;2;0;0;1082340;6970;1583;84;1083554;4365;589;0;15
FR;4;2023-03-03;0;0;0;0;0;0;0;0;0;1082340;6970;1583;84;1083554;4365;589;0;15
FR;4;2023-03-04;0;0;0;0;0;0;0;0;0;1082340;6970;1583;84;1083554;4365;589;0;15
FR;4;2023-03-05;0;0;0;0;0;0;0;0;0;1082340;6970;1583;84;1083554;4365;589;0;15
FR;4;2023-03-06;0;0;0;0;0;0;0;0;0;1082340;6970;1583;84;1083554;4365;589;0;15
FR;4;2023-03-07;0;0;0;0;0;0;0;0;0;1082340;6970;1583;84;1083554;4365;589;0;15
FR;4;2023-03-08;0;0;0;0;0;0;0;0;0;1082340;6970;1583;84;1083554;4365;589;0;15
FR;4;2023-03-09;0;0;0;0;0;0;0;0;0;1082340;6970;1583;84;1083554;4365;589;0;15
FR;4;2023-03-10;2;0;1;0;2;0;1;0;0;1082342;6970;1584;84;1083556;4365;590;0;15
FR;4;2023-03-11;0;0;0;0;0;0;0;0;0;1082342;6970;1584;84;1083556;4365;590;0;15
FR;4;2023-03-12;0;0;0;0;0;0;0;0;0;1082342;6970;1584;84;1083556;4365;590;0;15
FR;4;2023-03-13;0;0;0;0;0;0;0;0;0;1082342;6970;1584;84;1083556;4365;590;0;15
FR;4;2023-03-14;0;0;0;0;0;0;0;0;0;1082342;6970;1584;84;1083556;4365;590;0;15
FR;4;2023-03-15;1;0;0;1;1;0;0;0;1;1082343;6970;1584;85;1083557;4365;590;0;16
FR;4;2023-03-16;1;0;0;0;1;0;0;0;0;1082344;6970;1584;85;1083558;4365;590;0;16
FR;4;2023-03-17;1;0;0;0;1;0;0;0;0;1082345;6970;1584;85;1083559;4365;590;0;16
FR;4;2023-03-18;0;1;0;0;0;1;0;0;0;1082345;6971;1584;85;1083559;4366;590;0;16
FR;4;2023-03-19;0;0;0;0;0;0;0;0;0;1082345;6971;1584;85;1083559;4366;590;0;16
FR;4;2023-03-20;0;0;0;0;0;0;0;0;0;1082345;6971;1584;85;1083559;4366;590;0;16
FR;4;2023-03-21;2;0;0;0;2;0;0;0;0;1082347;6971;1584;85;1083561;4366;590;0;16
FR;4;2023-03-22;0;0;1;0;0;0;1;0;0;1082347;6971;1585;85;1083561;4366;591;0;16
FR;4;2023-03-23;1;0;0;0;1;0;0;0;0;1082348;6971;1585;85;1083562;4366;591;0;16
FR;4;2023-03-24;0;0;0;0;0;0;0;0;0;1082348;6971;1585;85;1083562;4366;591;0;16
FR;4;2023-03-25;0;0;0;0;0;0;0;0;0;1082348;6971;1585;85;1083562;4366;591;0;16
FR;4;2023-03-26;0;0;0;0;0;0;0;0;0;1082348;6971;1585;85;1083562;4366;591;0;16
FR;4;2023-03-27;1;0;0;0;1;0;0;0;0;1082349;6971;1585;85;1083563;4366;591;0;16
FR;4;2023-03-28;1;0;0;0;1;0;0;0;0;1082350;6971;1585;85;1083564;4366;591;0;16
FR;4;2023-03-29;2;0;0;0;2;0;0;0;0;1082352;6971;1585;85;1083566;4366;591;0;16
FR;4;2023-03-30;0;0;0;0;0;0;0;0;0;1082352;6971;1585;85;1083566;4366;591;0;16
FR;4;2023-03-31;3;0;0;1;3;0;0;0;4;1082355;6971;1585;86;1083569;4366;591;0;20
FR;4;2023-04-01;2;0;0;0;2;0;0;0;0;1082357;6971;1585;86;1083571;4366;591;0;20
FR;4;2023-04-02;0;0;0;0;0;0;0;0;0;1082357;6971;1585;86;1083571;4366;591;0;20
FR;4;2023-04-03;0;0;0;0;0;0;0;0;0;1082357;6971;1585;86;1083571;4366;591;0;20
FR;4;2023-04-04;0;0;0;0;0;0;0;0;0;1082357;6971;1585;86;1083571;4366;591;0;20
FR;4;2023-04-05;0;0;0;0;0;0;0;0;0;1082357;6971;1585;86;1083571;4366;591;0;20
FR;4;2023-04-06;0;0;0;0;0;0;0;0;0;1082357;6971;1585;86;1083571;4366;591;0;20
FR;4;2023-04-07;0;0;0;0;0;0;0;0;0;1082357;6971;1585;86;1083571;4366;591;0;20
FR;4;2023-04-08;0;0;0;0;0;0;0;0;0;1082357;6971;1585;86;1083571;4366;591;0;20
FR;4;2023-04-09;0;0;0;0;0;0;0;0;0;1082357;6971;1585;86;1083571;4366;591;0;20
FR;4;2023-04-10;0;0;0;0;0;0;0;0;0;1082357;6971;1585;86;1083571;4366;591;0;20
FR;4;2023-04-11;0;0;0;0;0;0;0;0;0;1082357;6971;1585;86;1083571;4366;591;0;20
FR;4;2023-04-12;1;0;0;0;1;0;0;0;0;1082358;6971;1585;86;1083572;4366;591;0;20
FR;4;2023-04-13;0;0;0;0;0;0;0;0;0;1082358;6971;1585;86;1083572;4366;591;0;20
FR;4;2023-04-14;0;0;0;0;0;0;0;0;0;1082358;6971;1585;86;1083572;4366;591;0;20
FR;4;2023-04-15;0;0;0;0;0;0;0;0;0;1082358;6971;1585;86;1083572;4366;591;0;20
FR;4;2023-04-16;0;0;0;0;0;0;0;0;0;1082358;6971;1585;86;1083572;4366;591;0;20
FR;4;2023-04-17;0;0;0;0;0;0;0;0;0;1082358;6971;1585;86;1083572;4366;591;0;20
FR;4;2023-04-18;0;0;0;0;0;0;0;0;0;1082358;6971;1585;86;1083572;4366;591;0;20
FR;4;2023-04-19;1;0;0;0;1;0;0;0;0;1082359;6971;1585;86;1083573;4366;591;0;20
FR;5;2020-12-27;0;0;0;0;0;0;0;0;0;0;0;0;0;0;0;0;0;0
FR;5;2020-12-28;0;0;0;0;0;0;0;0;0;0;0;0;0;0;0;0;0;0
FR;5;2020-12-29;0;0;0;0;0;0;0;0;0;0;0;0;0;0;0;0;0;0
FR;5;2020-12-30;0;0;0;0;0;0;0;0;0;0;0;0;0;0;0;0;0;0
FR;5;2020-12-31;0;0;0;0;0;0;0;0;0;0;0;0;0;0;0;0;0;0
FR;5;2021-01-01;0;0;0;0;0;0;0;0;0;0;0;0;0;0;0;0;0;0
FR;5;2021-01-02;0;0;0;0;0;0;0;0;0;0;0;0;0;0;0;0;0;0
FR;5;2021-01-03;0;0;0;0;0;0;0;0;0;0;0;0;0;0;0;0;0;0
FR;5;2021-01-04;0;0;0;0;0;0;0;0;0;0;0;0;0;0;0;0;0;0
FR;5;2021-01-05;0;0;0;0;0;0;0;0;0;0;0;0;0;0;0;0;0;0
FR;5;2021-01-06;0;0;0;0;0;0;0;0;0;0;0;0;0;0;0;0;0;0
FR;5;2021-01-07;0;0;0;0;0;0;0;0;0;0;0;0;0;0;0;0;0;0
FR;5;2021-01-08;0;0;0;0;0;0;0;0;0;0;0;0;0;0;0;0;0;0
FR;5;2021-01-09;0;0;0;0;0;0;0;0;0;0;0;0;0;0;0;0;0;0
FR;5;2021-01-10;0;0;0;0;0;0;0;0;0;0;0;0;0;0;0;0;0;0
FR;5;2021-01-11;0;0;0;0;0;0;0;0;0;0;0;0;0;0;0;0;0;0
FR;5;2021-01-12;0;0;0;0;0;0;0;0;0;0;0;0;0;0;0;0;0;0
FR;5;2021-01-13;0;0;0;0;0;0;0;0;0;0;0;0;0;0;0;0;0;0
FR;5;2021-01-14;0;0;0;0;0;0;0;0;0;0;0;0;0;0;0;0;0;0
FR;5;2021-01-15;0;0;0;0;0;0;0;0;0;0;0;0;0;0;0;0;0;0
FR;5;2021-01-16;0;0;0;0;0;0;0;0;0;0;0;0;0;0;0;0;0;0
FR;5;2021-01-17;0;0;0;0;0;0;0;0;0;0;0;0;0;0;0;0;0;0
FR;5;2021-01-18;0;0;0;0;0;0;0;0;0;0;0;0;0;0;0;0;0;0
FR;5;2021-01-19;0;0;0;0;0;0;0;0;0;0;0;0;0;0;0;0;0;0
FR;5;2021-01-20;0;0;0;0;0;0;0;0;0;0;0;0;0;0;0;0;0;0
FR;5;2021-01-21;0;0;0;0;0;0;0;0;0;0;0;0;0;0;0;0;0;0
FR;5;2021-01-22;0;0;0;0;0;0;0;0;0;0;0;0;0;0;0;0;0;0
FR;5;2021-01-23;0;0;0;0;0;0;0;0;0;0;0;0;0;0;0;0;0;0
FR;5;2021-01-24;0;0;0;0;0;0;0;0;0;0;0;0;0;0;0;0;0;0
FR;5;2021-01-25;0;0;0;0;0;0;0;0;0;0;0;0;0;0;0;0;0;0
FR;5;2021-01-26;0;0;0;0;0;0;0;0;0;0;0;0;0;0;0;0;0;0
FR;5;2021-01-27;0;0;0;0;0;0;0;0;0;0;0;0;0;0;0;0;0;0
FR;5;2021-01-28;0;0;0;0;0;0;0;0;0;0;0;0;0;0;0;0;0;0
FR;5;2021-01-29;0;0;0;0;0;0;0;0;0;0;0;0;0;0;0;0;0;0
FR;5;2021-01-30;0;0;0;0;0;0;0;0;0;0;0;0;0;0;0;0;0;0
FR;5;2021-01-31;0;0;0;0;0;0;0;0;0;0;0;0;0;0;0;0;0;0
FR;5;2021-02-01;0;0;0;0;0;0;0;0;0;0;0;0;0;0;0;0;0;0
FR;5;2021-02-02;0;0;0;0;0;0;0;0;0;0;0;0;0;0;0;0;0;0
FR;5;2021-02-03;0;0;0;0;0;0;0;0;0;0;0;0;0;0;0;0;0;0
FR;5;2021-02-04;0;0;0;0;0;0;0;0;0;0;0;0;0;0;0;0;0;0
FR;5;2021-02-05;0;0;0;0;0;0;0;0;0;0;0;0;0;0;0;0;0;0
FR;5;2021-02-06;0;0;0;0;0;0;0;0;0;0;0;0;0;0;0;0;0;0
FR;5;2021-02-07;0;0;0;0;0;0;0;0;0;0;0;0;0;0;0;0;0;0
FR;5;2021-02-08;0;0;0;0;0;0;0;0;0;0;0;0;0;0;0;0;0;0
FR;5;2021-02-09;0;0;0;0;0;0;0;0;0;0;0;0;0;0;0;0;0;0
FR;5;2021-02-10;0;0;0;0;0;0;0;0;0;0;0;0;0;0;0;0;0;0
FR;5;2021-02-11;0;0;0;0;0;0;0;0;0;0;0;0;0;0;0;0;0;0
FR;5;2021-02-12;0;0;0;0;0;0;0;0;0;0;0;0;0;0;0;0;0;0
FR;5;2021-02-13;0;0;0;0;0;0;0;0;0;0;0;0;0;0;0;0;0;0
FR;5;2021-02-14;0;0;0;0;0;0;0;0;0;0;0;0;0;0;0;0;0;0
FR;5;2021-02-15;0;0;0;0;0;0;0;0;0;0;0;0;0;0;0;0;0;0
FR;5;2021-02-16;0;0;0;0;0;0;0;0;0;0;0;0;0;0;0;0;0;0
FR;5;2021-02-17;0;0;0;0;0;0;0;0;0;0;0;0;0;0;0;0;0;0
FR;5;2021-02-18;0;0;0;0;0;0;0;0;0;0;0;0;0;0;0;0;0;0
FR;5;2021-02-19;0;0;0;0;0;0;0;0;0;0;0;0;0;0;0;0;0;0
FR;5;2021-02-20;0;0;0;0;0;0;0;0;0;0;0;0;0;0;0;0;0;0
FR;5;2021-02-21;0;0;0;0;0;0;0;0;0;0;0;0;0;0;0;0;0;0
FR;5;2021-02-22;0;0;0;0;0;0;0;0;0;0;0;0;0;0;0;0;0;0
FR;5;2021-02-23;0;0;0;0;0;0;0;0;0;0;0;0;0;0;0;0;0;0
FR;5;2021-02-24;0;0;0;0;0;0;0;0;0;0;0;0;0;0;0;0;0;0
FR;5;2021-02-25;0;0;0;0;0;0;0;0;0;0;0;0;0;0;0;0;0;0
FR;5;2021-02-26;0;0;0;0;0;0;0;0;0;0;0;0;0;0;0;0;0;0
FR;5;2021-02-27;0;0;0;0;0;0;0;0;0;0;0;0;0;0;0;0;0;0
FR;5;2021-02-28;0;0;0;0;0;0;0;0;0;0;0;0;0;0;0;0;0;0
FR;5;2021-03-01;0;0;0;0;0;0;0;0;0;0;0;0;0;0;0;0;0;0
FR;5;2021-03-02;0;0;0;0;0;0;0;0;0;0;0;0;0;0;0;0;0;0
FR;5;2021-03-03;0;0;0;0;0;0;0;0;0;0;0;0;0;0;0;0;0;0
FR;5;2021-03-04;0;0;0;0;0;0;0;0;0;0;0;0;0;0;0;0;0;0
FR;5;2021-03-05;0;0;0;0;0;0;0;0;0;0;0;0;0;0;0;0;0;0
FR;5;2021-03-06;0;0;0;0;0;0;0;0;0;0;0;0;0;0;0;0;0;0
FR;5;2021-03-07;0;0;0;0;0;0;0;0;0;0;0;0;0;0;0;0;0;0
FR;5;2021-03-08;0;0;0;0;0;0;0;0;0;0;0;0;0;0;0;0;0;0
FR;5;2021-03-09;0;0;0;0;0;0;0;0;0;0;0;0;0;0;0;0;0;0
FR;5;2021-03-10;0;0;0;0;0;0;0;0;0;0;0;0;0;0;0;0;0;0
FR;5;2021-03-11;0;0;0;0;0;0;0;0;0;0;0;0;0;0;0;0;0;0
FR;5;2021-03-12;0;0;0;0;0;0;0;0;0;0;0;0;0;0;0;0;0;0
FR;5;2021-03-13;0;0;0;0;0;0;0;0;0;0;0;0;0;0;0;0;0;0
FR;5;2021-03-14;0;0;0;0;0;0;0;0;0;0;0;0;0;0;0;0;0;0
FR;5;2021-03-15;0;0;0;0;0;0;0;0;0;0;0;0;0;0;0;0;0;0
FR;5;2021-03-16;0;0;0;0;0;0;0;0;0;0;0;0;0;0;0;0;0;0
FR;5;2021-03-17;0;0;0;0;0;0;0;0;0;0;0;0;0;0;0;0;0;0
FR;5;2021-03-18;0;0;0;0;0;0;0;0;0;0;0;0;0;0;0;0;0;0
FR;5;2021-03-19;0;0;0;0;0;0;0;0;0;0;0;0;0;0;0;0;0;0
FR;5;2021-03-20;0;0;0;0;0;0;0;0;0;0;0;0;0;0;0;0;0;0
FR;5;2021-03-21;0;0;0;0;0;0;0;0;0;0;0;0;0;0;0;0;0;0
FR;5;2021-03-22;0;0;0;0;0;0;0;0;0;0;0;0;0;0;0;0;0;0
FR;5;2021-03-23;0;0;0;0;0;0;0;0;0;0;0;0;0;0;0;0;0;0
FR;5;2021-03-24;0;0;0;0;0;0;0;0;0;0;0;0;0;0;0;0;0;0
FR;5;2021-03-25;0;0;0;0;0;0;0;0;0;0;0;0;0;0;0;0;0;0
FR;5;2021-03-26;0;0;0;0;0;0;0;0;0;0;0;0;0;0;0;0;0;0
FR;5;2021-03-27;0;0;0;0;0;0;0;0;0;0;0;0;0;0;0;0;0;0
FR;5;2021-03-28;0;0;0;0;0;0;0;0;0;0;0;0;0;0;0;0;0;0
FR;5;2021-03-29;0;0;0;0;0;0;0;0;0;0;0;0;0;0;0;0;0;0
FR;5;2021-03-30;0;0;0;0;0;0;0;0;0;0;0;0;0;0;0;0;0;0
FR;5;2021-03-31;0;0;0;0;0;0;0;0;0;0;0;0;0;0;0;0;0;0
FR;5;2021-04-01;0;0;0;0;0;0;0;0;0;0;0;0;0;0;0;0;0;0
FR;5;2021-04-02;0;0;0;0;0;0;0;0;0;0;0;0;0;0;0;0;0;0
FR;5;2021-04-03;0;0;0;0;0;0;0;0;0;0;0;0;0;0;0;0;0;0
FR;5;2021-04-04;0;0;0;0;0;0;0;0;0;0;0;0;0;0;0;0;0;0
FR;5;2021-04-05;0;0;0;0;0;0;0;0;0;0;0;0;0;0;0;0;0;0
FR;5;2021-04-06;0;0;0;0;0;0;0;0;0;0;0;0;0;0;0;0;0;0
FR;5;2021-04-07;0;0;0;0;0;0;0;0;0;0;0;0;0;0;0;0;0;0
FR;5;2021-04-08;0;0;0;0;0;0;0;0;0;0;0;0;0;0;0;0;0;0
FR;5;2021-04-09;0;0;0;0;0;0;0;0;0;0;0;0;0;0;0;0;0;0
FR;5;2021-04-10;0;0;0;0;0;0;0;0;0;0;0;0;0;0;0;0;0;0
FR;5;2021-04-11;0;0;0;0;0;0;0;0;0;0;0;0;0;0;0;0;0;0
FR;5;2021-04-12;0;0;0;0;0;0;0;0;0;0;0;0;0;0;0;0;0;0
FR;5;2021-04-13;0;0;0;0;0;0;0;0;0;0;0;0;0;0;0;0;0;0
FR;5;2021-04-14;0;0;0;0;0;0;0;0;0;0;0;0;0;0;0;0;0;0
FR;5;2021-04-15;0;0;0;0;0;0;0;0;0;0;0;0;0;0;0;0;0;0
FR;5;2021-04-16;0;0;0;0;0;0;0;0;0;0;0;0;0;0;0;0;0;0
FR;5;2021-04-17;0;0;0;0;0;0;0;0;0;0;0;0;0;0;0;0;0;0
FR;5;2021-04-18;0;0;0;0;0;0;0;0;0;0;0;0;0;0;0;0;0;0
FR;5;2021-04-19;0;0;0;0;0;0;0;0;0;0;0;0;0;0;0;0;0;0
FR;5;2021-04-20;0;0;0;0;0;0;0;0;0;0;0;0;0;0;0;0;0;0
FR;5;2021-04-21;0;0;0;0;0;0;0;0;0;0;0;0;0;0;0;0;0;0
FR;5;2021-04-22;0;0;0;0;0;0;0;0;0;0;0;0;0;0;0;0;0;0
FR;5;2021-04-23;0;0;0;0;0;0;0;0;0;0;0;0;0;0;0;0;0;0
FR;5;2021-04-24;0;0;0;0;0;0;0;0;0;0;0;0;0;0;0;0;0;0
FR;5;2021-04-25;0;0;0;0;0;0;0;0;0;0;0;0;0;0;0;0;0;0
FR;5;2021-04-26;0;0;0;0;0;0;0;0;0;0;0;0;0;0;0;0;0;0
FR;5;2021-04-27;0;0;0;0;0;0;0;0;0;0;0;0;0;0;0;0;0;0
FR;5;2021-04-28;0;0;0;0;0;0;0;0;0;0;0;0;0;0;0;0;0;0
FR;5;2021-04-29;0;0;0;0;0;0;0;0;0;0;0;0;0;0;0;0;0;0
FR;5;2021-04-30;0;0;0;0;0;0;0;0;0;0;0;0;0;0;0;0;0;0
FR;5;2021-05-01;0;0;0;0;0;0;0;0;0;0;0;0;0;0;0;0;0;0
FR;5;2021-05-02;0;0;0;0;0;0;0;0;0;0;0;0;0;0;0;0;0;0
FR;5;2021-05-03;0;0;0;0;0;0;0;0;0;0;0;0;0;0;0;0;0;0
FR;5;2021-05-04;0;0;0;0;0;0;0;0;0;0;0;0;0;0;0;0;0;0
FR;5;2021-05-05;0;0;0;0;0;0;0;0;0;0;0;0;0;0;0;0;0;0
FR;5;2021-05-06;0;0;0;0;0;0;0;0;0;0;0;0;0;0;0;0;0;0
FR;5;2021-05-07;0;0;0;0;0;0;0;0;0;0;0;0;0;0;0;0;0;0
FR;5;2021-05-08;0;0;0;0;0;0;0;0;0;0;0;0;0;0;0;0;0;0
FR;5;2021-05-09;0;0;0;0;0;0;0;0;0;0;0;0;0;0;0;0;0;0
FR;5;2021-05-10;0;0;0;0;0;0;0;0;0;0;0;0;0;0;0;0;0;0
FR;5;2021-05-11;0;0;0;0;0;0;0;0;0;0;0;0;0;0;0;0;0;0
FR;5;2021-05-12;0;0;0;0;0;0;0;0;0;0;0;0;0;0;0;0;0;0
FR;5;2021-05-13;0;0;0;0;0;0;0;0;0;0;0;0;0;0;0;0;0;0
FR;5;2021-05-14;0;0;0;0;0;0;0;0;0;0;0;0;0;0;0;0;0;0
FR;5;2021-05-15;0;0;0;0;0;0;0;0;0;0;0;0;0;0;0;0;0;0
FR;5;2021-05-16;0;0;0;0;0;0;0;0;0;0;0;0;0;0;0;0;0;0
FR;5;2021-05-17;0;0;0;0;0;0;0;0;0;0;0;0;0;0;0;0;0;0
FR;5;2021-05-18;0;0;0;0;0;0;0;0;0;0;0;0;0;0;0;0;0;0
FR;5;2021-05-19;0;0;0;0;0;0;0;0;0;0;0;0;0;0;0;0;0;0
FR;5;2021-05-20;0;0;0;0;0;0;0;0;0;0;0;0;0;0;0;0;0;0
FR;5;2021-05-21;0;0;0;0;0;0;0;0;0;0;0;0;0;0;0;0;0;0
FR;5;2021-05-22;0;0;0;0;0;0;0;0;0;0;0;0;0;0;0;0;0;0
FR;5;2021-05-23;0;0;0;0;0;0;0;0;0;0;0;0;0;0;0;0;0;0
FR;5;2021-05-24;0;0;0;0;0;0;0;0;0;0;0;0;0;0;0;0;0;0
FR;5;2021-05-25;0;0;0;0;0;0;0;0;0;0;0;0;0;0;0;0;0;0
FR;5;2021-05-26;0;0;0;0;0;0;0;0;0;0;0;0;0;0;0;0;0;0
FR;5;2021-05-27;0;0;0;0;0;0;0;0;0;0;0;0;0;0;0;0;0;0
FR;5;2021-05-28;0;0;0;0;0;0;0;0;0;0;0;0;0;0;0;0;0;0
FR;5;2021-05-29;0;0;0;0;0;0;0;0;0;0;0;0;0;0;0;0;0;0
FR;5;2021-05-30;0;0;0;0;0;0;0;0;0;0;0;0;0;0;0;0;0;0
FR;5;2021-05-31;0;0;0;0;0;0;0;0;0;0;0;0;0;0;0;0;0;0
FR;5;2021-06-01;0;0;0;0;0;0;0;0;0;0;0;0;0;0;0;0;0;0
FR;5;2021-06-02;0;0;0;0;0;0;0;0;0;0;0;0;0;0;0;0;0;0
FR;5;2021-06-03;0;0;0;0;0;0;0;0;0;0;0;0;0;0;0;0;0;0
FR;5;2021-06-04;0;0;0;0;0;0;0;0;0;0;0;0;0;0;0;0;0;0
FR;5;2021-06-05;0;0;0;0;0;0;0;0;0;0;0;0;0;0;0;0;0;0
FR;5;2021-06-06;0;0;0;0;0;0;0;0;0;0;0;0;0;0;0;0;0;0
FR;5;2021-06-07;0;0;0;0;0;0;0;0;0;0;0;0;0;0;0;0;0;0
FR;5;2021-06-08;0;0;0;0;0;0;0;0;0;0;0;0;0;0;0;0;0;0
FR;5;2021-06-09;0;0;0;0;0;0;0;0;0;0;0;0;0;0;0;0;0;0
FR;5;2021-06-10;0;0;0;0;0;0;0;0;0;0;0;0;0;0;0;0;0;0
FR;5;2021-06-11;0;0;0;0;0;0;0;0;0;0;0;0;0;0;0;0;0;0
FR;5;2021-06-12;0;0;0;0;0;0;0;0;0;0;0;0;0;0;0;0;0;0
FR;5;2021-06-13;0;0;0;0;0;0;0;0;0;0;0;0;0;0;0;0;0;0
FR;5;2021-06-14;0;0;0;0;0;0;0;0;0;0;0;0;0;0;0;0;0;0
FR;5;2021-06-15;0;0;0;0;0;0;0;0;0;0;0;0;0;0;0;0;0;0
FR;5;2021-06-16;0;0;0;0;0;0;0;0;0;0;0;0;0;0;0;0;0;0
FR;5;2021-06-17;0;0;0;0;0;0;0;0;0;0;0;0;0;0;0;0;0;0
FR;5;2021-06-18;0;0;0;0;0;0;0;0;0;0;0;0;0;0;0;0;0;0
FR;5;2021-06-19;0;0;0;0;0;0;0;0;0;0;0;0;0;0;0;0;0;0
FR;5;2021-06-20;0;0;0;0;0;0;0;0;0;0;0;0;0;0;0;0;0;0
FR;5;2021-06-21;0;0;0;0;0;0;0;0;0;0;0;0;0;0;0;0;0;0
FR;5;2021-06-22;0;0;0;0;0;0;0;0;0;0;0;0;0;0;0;0;0;0
FR;5;2021-06-23;0;0;0;0;0;0;0;0;0;0;0;0;0;0;0;0;0;0
FR;5;2021-06-24;0;0;0;0;0;0;0;0;0;0;0;0;0;0;0;0;0;0
FR;5;2021-06-25;0;0;0;0;0;0;0;0;0;0;0;0;0;0;0;0;0;0
FR;5;2021-06-26;0;0;0;0;0;0;0;0;0;0;0;0;0;0;0;0;0;0
FR;5;2021-06-27;0;0;0;0;0;0;0;0;0;0;0;0;0;0;0;0;0;0
FR;5;2021-06-28;0;0;0;0;0;0;0;0;0;0;0;0;0;0;0;0;0;0
FR;5;2021-06-29;0;0;0;0;0;0;0;0;0;0;0;0;0;0;0;0;0;0
FR;5;2021-06-30;0;0;0;0;0;0;0;0;0;0;0;0;0;0;0;0;0;0
FR;5;2021-07-01;0;0;0;0;0;0;0;0;0;0;0;0;0;0;0;0;0;0
FR;5;2021-07-02;0;0;0;0;0;0;0;0;0;0;0;0;0;0;0;0;0;0
FR;5;2021-07-03;0;0;0;0;0;0;0;0;0;0;0;0;0;0;0;0;0;0
FR;5;2021-07-04;0;0;0;0;0;0;0;0;0;0;0;0;0;0;0;0;0;0
FR;5;2021-07-05;0;0;0;0;0;0;0;0;0;0;0;0;0;0;0;0;0;0
FR;5;2021-07-06;0;0;0;0;0;0;0;0;0;0;0;0;0;0;0;0;0;0
FR;5;2021-07-07;0;0;0;0;0;0;0;0;0;0;0;0;0;0;0;0;0;0
FR;5;2021-07-08;0;0;0;0;0;0;0;0;0;0;0;0;0;0;0;0;0;0
FR;5;2021-07-09;0;0;0;0;0;0;0;0;0;0;0;0;0;0;0;0;0;0
FR;5;2021-07-10;0;0;0;0;0;0;0;0;0;0;0;0;0;0;0;0;0;0
FR;5;2021-07-11;0;0;0;0;0;0;0;0;0;0;0;0;0;0;0;0;0;0
FR;5;2021-07-12;0;0;0;0;0;0;0;0;0;0;0;0;0;0;0;0;0;0
FR;5;2021-07-13;0;0;0;0;0;0;0;0;0;0;0;0;0;0;0;0;0;0
FR;5;2021-07-14;0;0;0;0;0;0;0;0;0;0;0;0;0;0;0;0;0;0
FR;5;2021-07-15;0;0;0;0;0;0;0;0;0;0;0;0;0;0;0;0;0;0
FR;5;2021-07-16;0;0;0;0;0;0;0;0;0;0;0;0;0;0;0;0;0;0
FR;5;2021-07-17;0;0;0;0;0;0;0;0;0;0;0;0;0;0;0;0;0;0
FR;5;2021-07-18;0;0;0;0;0;0;0;0;0;0;0;0;0;0;0;0;0;0
FR;5;2021-07-19;0;0;0;0;0;0;0;0;0;0;0;0;0;0;0;0;0;0
FR;5;2021-07-20;0;0;0;0;0;0;0;0;0;0;0;0;0;0;0;0;0;0
FR;5;2021-07-21;0;0;0;0;0;0;0;0;0;0;0;0;0;0;0;0;0;0
FR;5;2021-07-22;0;0;0;0;0;0;0;0;0;0;0;0;0;0;0;0;0;0
FR;5;2021-07-23;0;0;0;0;0;0;0;0;0;0;0;0;0;0;0;0;0;0
FR;5;2021-07-24;0;0;0;0;0;0;0;0;0;0;0;0;0;0;0;0;0;0
FR;5;2021-07-25;0;0;0;0;0;0;0;0;0;0;0;0;0;0;0;0;0;0
FR;5;2021-07-26;0;0;0;0;0;0;0;0;0;0;0;0;0;0;0;0;0;0
FR;5;2021-07-27;0;0;0;0;0;0;0;0;0;0;0;0;0;0;0;0;0;0
FR;5;2021-07-28;0;0;0;0;0;0;0;0;0;0;0;0;0;0;0;0;0;0
FR;5;2021-07-29;0;0;0;0;0;0;0;0;0;0;0;0;0;0;0;0;0;0
FR;5;2021-07-30;0;0;0;0;0;0;0;0;0;0;0;0;0;0;0;0;0;0
FR;5;2021-07-31;0;0;0;0;0;0;0;0;0;0;0;0;0;0;0;0;0;0
FR;5;2021-08-01;0;0;0;0;0;0;0;0;0;0;0;0;0;0;0;0;0;0
FR;5;2021-08-02;0;0;0;0;0;0;0;0;0;0;0;0;0;0;0;0;0;0
FR;5;2021-08-03;0;0;0;0;0;0;0;0;0;0;0;0;0;0;0;0;0;0
FR;5;2021-08-04;0;0;0;0;0;0;0;0;0;0;0;0;0;0;0;0;0;0
FR;5;2021-08-05;0;0;0;0;0;0;0;0;0;0;0;0;0;0;0;0;0;0
FR;5;2021-08-06;0;0;0;0;0;0;0;0;0;0;0;0;0;0;0;0;0;0
FR;5;2021-08-07;0;0;0;0;0;0;0;0;0;0;0;0;0;0;0;0;0;0
FR;5;2021-08-08;0;0;0;0;0;0;0;0;0;0;0;0;0;0;0;0;0;0
FR;5;2021-08-09;0;0;0;0;0;0;0;0;0;0;0;0;0;0;0;0;0;0
FR;5;2021-08-10;0;0;0;0;0;0;0;0;0;0;0;0;0;0;0;0;0;0
FR;5;2021-08-11;0;0;0;0;0;0;0;0;0;0;0;0;0;0;0;0;0;0
FR;5;2021-08-12;0;0;0;0;0;0;0;0;0;0;0;0;0;0;0;0;0;0
FR;5;2021-08-13;0;0;0;0;0;0;0;0;0;0;0;0;0;0;0;0;0;0
FR;5;2021-08-14;0;0;0;0;0;0;0;0;0;0;0;0;0;0;0;0;0;0
FR;5;2021-08-15;0;0;0;0;0;0;0;0;0;0;0;0;0;0;0;0;0;0
FR;5;2021-08-16;0;0;0;0;0;0;0;0;0;0;0;0;0;0;0;0;0;0
FR;5;2021-08-17;0;0;0;0;0;0;0;0;0;0;0;0;0;0;0;0;0;0
FR;5;2021-08-18;0;0;0;0;0;0;0;0;0;0;0;0;0;0;0;0;0;0
FR;5;2021-08-19;0;0;0;0;0;0;0;0;0;0;0;0;0;0;0;0;0;0
FR;5;2021-08-20;0;0;0;0;0;0;0;0;0;0;0;0;0;0;0;0;0;0
FR;5;2021-08-21;0;0;0;0;0;0;0;0;0;0;0;0;0;0;0;0;0;0
FR;5;2021-08-22;0;0;0;0;0;0;0;0;0;0;0;0;0;0;0;0;0;0
FR;5;2021-08-23;0;0;0;0;0;0;0;0;0;0;0;0;0;0;0;0;0;0
FR;5;2021-08-24;0;0;0;0;0;0;0;0;0;0;0;0;0;0;0;0;0;0
FR;5;2021-08-25;0;0;0;0;0;0;0;0;0;0;0;0;0;0;0;0;0;0
FR;5;2021-08-26;0;0;0;0;0;0;0;0;0;0;0;0;0;0;0;0;0;0
FR;5;2021-08-27;0;0;0;0;0;0;0;0;0;0;0;0;0;0;0;0;0;0
FR;5;2021-08-28;0;0;0;0;0;0;0;0;0;0;0;0;0;0;0;0;0;0
FR;5;2021-08-29;0;0;0;0;0;0;0;0;0;0;0;0;0;0;0;0;0;0
FR;5;2021-08-30;0;0;0;0;0;0;0;0;0;0;0;0;0;0;0;0;0;0
FR;5;2021-08-31;0;0;0;0;0;0;0;0;0;0;0;0;0;0;0;0;0;0
FR;5;2021-09-01;0;0;0;0;0;0;0;0;0;0;0;0;0;0;0;0;0;0
FR;5;2021-09-02;0;0;0;0;0;0;0;0;0;0;0;0;0;0;0;0;0;0
FR;5;2021-09-03;0;0;0;0;0;0;0;0;0;0;0;0;0;0;0;0;0;0
FR;5;2021-09-04;0;0;0;0;0;0;0;0;0;0;0;0;0;0;0;0;0;0
FR;5;2021-09-05;0;0;0;0;0;0;0;0;0;0;0;0;0;0;0;0;0;0
FR;5;2021-09-06;0;0;0;0;0;0;0;0;0;0;0;0;0;0;0;0;0;0
FR;5;2021-09-07;0;0;0;0;0;0;0;0;0;0;0;0;0;0;0;0;0;0
FR;5;2021-09-08;0;0;0;0;0;0;0;0;0;0;0;0;0;0;0;0;0;0
FR;5;2021-09-09;0;0;0;0;0;0;0;0;0;0;0;0;0;0;0;0;0;0
FR;5;2021-09-10;0;0;0;0;0;0;0;0;0;0;0;0;0;0;0;0;0;0
FR;5;2021-09-11;0;0;0;0;0;0;0;0;0;0;0;0;0;0;0;0;0;0
FR;5;2021-09-12;0;0;0;0;0;0;0;0;0;0;0;0;0;0;0;0;0;0
FR;5;2021-09-13;0;0;0;0;0;0;0;0;0;0;0;0;0;0;0;0;0;0
FR;5;2021-09-14;0;0;0;0;0;0;0;0;0;0;0;0;0;0;0;0;0;0
FR;5;2021-09-15;0;0;0;0;0;0;0;0;0;0;0;0;0;0;0;0;0;0
FR;5;2021-09-16;0;0;0;0;0;0;0;0;0;0;0;0;0;0;0;0;0;0
FR;5;2021-09-17;0;0;0;0;0;0;0;0;0;0;0;0;0;0;0;0;0;0
FR;5;2021-09-18;0;0;0;0;0;0;0;0;0;0;0;0;0;0;0;0;0;0
FR;5;2021-09-19;0;0;0;0;0;0;0;0;0;0;0;0;0;0;0;0;0;0
FR;5;2021-09-20;0;0;0;0;0;0;0;0;0;0;0;0;0;0;0;0;0;0
FR;5;2021-09-21;0;0;0;0;0;0;0;0;0;0;0;0;0;0;0;0;0;0
FR;5;2021-09-22;0;0;0;0;0;0;0;0;0;0;0;0;0;0;0;0;0;0
FR;5;2021-09-23;0;0;0;0;0;0;0;0;0;0;0;0;0;0;0;0;0;0
FR;5;2021-09-24;0;0;0;0;0;0;0;0;0;0;0;0;0;0;0;0;0;0
FR;5;2021-09-25;0;0;0;0;0;0;0;0;0;0;0;0;0;0;0;0;0;0
FR;5;2021-09-26;0;0;0;0;0;0;0;0;0;0;0;0;0;0;0;0;0;0
FR;5;2021-09-27;0;0;0;0;0;0;0;0;0;0;0;0;0;0;0;0;0;0
FR;5;2021-09-28;0;0;0;0;0;0;0;0;0;0;0;0;0;0;0;0;0;0
FR;5;2021-09-29;0;0;0;0;0;0;0;0;0;0;0;0;0;0;0;0;0;0
FR;5;2021-09-30;0;0;0;0;0;0;0;0;0;0;0;0;0;0;0;0;0;0
FR;5;2021-10-01;0;0;0;0;0;0;0;0;0;0;0;0;0;0;0;0;0;0
FR;5;2021-10-02;0;0;0;0;0;0;0;0;0;0;0;0;0;0;0;0;0;0
FR;5;2021-10-03;0;0;0;0;0;0;0;0;0;0;0;0;0;0;0;0;0;0
FR;5;2021-10-04;0;0;0;0;0;0;0;0;0;0;0;0;0;0;0;0;0;0
FR;5;2021-10-05;0;0;0;0;0;0;0;0;0;0;0;0;0;0;0;0;0;0
FR;5;2021-10-06;0;0;0;0;0;0;0;0;0;0;0;0;0;0;0;0;0;0
FR;5;2021-10-07;0;0;0;0;0;0;0;0;0;0;0;0;0;0;0;0;0;0
FR;5;2021-10-08;0;0;0;0;0;0;0;0;0;0;0;0;0;0;0;0;0;0
FR;5;2021-10-09;0;0;0;0;0;0;0;0;0;0;0;0;0;0;0;0;0;0
FR;5;2021-10-10;0;0;0;0;0;0;0;0;0;0;0;0;0;0;0;0;0;0
FR;5;2021-10-11;0;0;0;0;0;0;0;0;0;0;0;0;0;0;0;0;0;0
FR;5;2021-10-12;0;0;0;0;0;0;0;0;0;0;0;0;0;0;0;0;0;0
FR;5;2021-10-13;0;0;0;0;0;0;0;0;0;0;0;0;0;0;0;0;0;0
FR;5;2021-10-14;0;0;0;0;0;0;0;0;0;0;0;0;0;0;0;0;0;0
FR;5;2021-10-15;0;0;0;0;0;0;0;0;0;0;0;0;0;0;0;0;0;0
FR;5;2021-10-16;0;0;0;0;0;0;0;0;0;0;0;0;0;0;0;0;0;0
FR;5;2021-10-17;0;0;0;0;0;0;0;0;0;0;0;0;0;0;0;0;0;0
FR;5;2021-10-18;0;0;0;0;0;0;0;0;0;0;0;0;0;0;0;0;0;0
FR;5;2021-10-19;0;0;0;0;0;0;0;0;0;0;0;0;0;0;0;0;0;0
FR;5;2021-10-20;0;0;0;0;0;0;0;0;0;0;0;0;0;0;0;0;0;0
FR;5;2021-10-21;0;0;0;0;0;0;0;0;0;0;0;0;0;0;0;0;0;0
FR;5;2021-10-22;0;0;0;0;0;0;0;0;0;0;0;0;0;0;0;0;0;0
FR;5;2021-10-23;0;0;0;0;0;0;0;0;0;0;0;0;0;0;0;0;0;0
FR;5;2021-10-24;0;0;0;0;0;0;0;0;0;0;0;0;0;0;0;0;0;0
FR;5;2021-10-25;0;0;0;0;0;0;0;0;0;0;0;0;0;0;0;0;0;0
FR;5;2021-10-26;0;0;0;0;0;0;0;0;0;0;0;0;0;0;0;0;0;0
FR;5;2021-10-27;0;0;0;0;0;0;0;0;0;0;0;0;0;0;0;0;0;0
FR;5;2021-10-28;0;0;0;0;0;0;0;0;0;0;0;0;0;0;0;0;0;0
FR;5;2021-10-29;0;0;0;0;0;0;0;0;0;0;0;0;0;0;0;0;0;0
FR;5;2021-10-30;0;0;0;0;0;0;0;0;0;0;0;0;0;0;0;0;0;0
FR;5;2021-10-31;0;0;0;0;0;0;0;0;0;0;0;0;0;0;0;0;0;0
FR;5;2021-11-01;0;0;0;0;0;0;0;0;0;0;0;0;0;0;0;0;0;0
FR;5;2021-11-02;0;0;0;0;0;0;0;0;0;0;0;0;0;0;0;0;0;0
FR;5;2021-11-03;0;0;0;0;0;0;0;0;0;0;0;0;0;0;0;0;0;0
FR;5;2021-11-04;0;0;0;0;0;0;0;0;0;0;0;0;0;0;0;0;0;0
FR;5;2021-11-05;0;0;0;0;0;0;0;0;0;0;0;0;0;0;0;0;0;0
FR;5;2021-11-06;0;0;0;0;0;0;0;0;0;0;0;0;0;0;0;0;0;0
FR;5;2021-11-07;0;0;0;0;0;0;0;0;0;0;0;0;0;0;0;0;0;0
FR;5;2021-11-08;0;0;0;0;0;0;0;0;0;0;0;0;0;0;0;0;0;0
FR;5;2021-11-09;0;0;0;0;0;0;0;0;0;0;0;0;0;0;0;0;0;0
FR;5;2021-11-10;0;0;0;0;0;0;0;0;0;0;0;0;0;0;0;0;0;0
FR;5;2021-11-11;0;0;0;0;0;0;0;0;0;0;0;0;0;0;0;0;0;0
FR;5;2021-11-12;0;0;0;0;0;0;0;0;0;0;0;0;0;0;0;0;0;0
FR;5;2021-11-13;0;0;0;0;0;0;0;0;0;0;0;0;0;0;0;0;0;0
FR;5;2021-11-14;0;0;0;0;0;0;0;0;0;0;0;0;0;0;0;0;0;0
FR;5;2021-11-15;0;0;0;0;0;0;0;0;0;0;0;0;0;0;0;0;0;0
FR;5;2021-11-16;0;0;0;0;0;0;0;0;0;0;0;0;0;0;0;0;0;0
FR;5;2021-11-17;0;0;0;0;0;0;0;0;0;0;0;0;0;0;0;0;0;0
FR;5;2021-11-18;0;0;0;0;0;0;0;0;0;0;0;0;0;0;0;0;0;0
FR;5;2021-11-19;0;0;0;0;0;0;0;0;0;0;0;0;0;0;0;0;0;0
FR;5;2021-11-20;0;0;0;0;0;0;0;0;0;0;0;0;0;0;0;0;0;0
FR;5;2021-11-21;0;0;0;0;0;0;0;0;0;0;0;0;0;0;0;0;0;0
FR;5;2021-11-22;0;0;0;0;0;0;0;0;0;0;0;0;0;0;0;0;0;0
FR;5;2021-11-23;0;0;0;0;0;0;0;0;0;0;0;0;0;0;0;0;0;0
FR;5;2021-11-24;0;0;0;0;0;0;0;0;0;0;0;0;0;0;0;0;0;0
FR;5;2021-11-25;0;0;0;0;0;0;0;0;0;0;0;0;0;0;0;0;0;0
FR;5;2021-11-26;0;0;0;0;0;0;0;0;0;0;0;0;0;0;0;0;0;0
FR;5;2021-11-27;0;0;0;0;0;0;0;0;0;0;0;0;0;0;0;0;0;0
FR;5;2021-11-28;0;0;0;0;0;0;0;0;0;0;0;0;0;0;0;0;0;0
FR;5;2021-11-29;0;0;0;0;0;0;0;0;0;0;0;0;0;0;0;0;0;0
FR;5;2021-11-30;0;0;0;0;0;0;0;0;0;0;0;0;0;0;0;0;0;0
FR;5;2021-12-01;0;0;0;0;0;0;0;0;0;0;0;0;0;0;0;0;0;0
FR;5;2021-12-02;0;0;0;0;0;0;0;0;0;0;0;0;0;0;0;0;0;0
FR;5;2021-12-03;0;0;0;0;0;0;0;0;0;0;0;0;0;0;0;0;0;0
FR;5;2021-12-04;0;0;0;0;0;0;0;0;0;0;0;0;0;0;0;0;0;0
FR;5;2021-12-05;0;0;0;0;0;0;0;0;0;0;0;0;0;0;0;0;0;0
FR;5;2021-12-06;0;0;0;0;0;0;0;0;0;0;0;0;0;0;0;0;0;0
FR;5;2021-12-07;0;0;0;0;0;0;0;0;0;0;0;0;0;0;0;0;0;0
FR;5;2021-12-08;0;0;0;0;0;0;0;0;0;0;0;0;0;0;0;0;0;0
FR;5;2021-12-09;0;0;0;0;0;0;0;0;0;0;0;0;0;0;0;0;0;0
FR;5;2021-12-10;0;0;0;0;0;0;0;0;0;0;0;0;0;0;0;0;0;0
FR;5;2021-12-11;0;0;0;0;0;0;0;0;0;0;0;0;0;0;0;0;0;0
FR;5;2021-12-12;0;0;0;0;0;0;0;0;0;0;0;0;0;0;0;0;0;0
FR;5;2021-12-13;0;0;0;0;0;0;0;0;0;0;0;0;0;0;0;0;0;0
FR;5;2021-12-14;33;45;77;0;27;88;1;0;0;33;45;77;0;27;88;1;0;0
FR;5;2021-12-15;196;44;37;0;42;49;0;0;0;229;89;114;0;69;137;1;0;0
FR;5;2021-12-16;181;21;44;0;38;48;0;0;0;410;110;158;0;107;185;1;0;0
FR;5;2021-12-17;313;16;72;0;34;74;2;0;0;723;126;230;0;141;259;3;0;0
FR;5;2021-12-18;766;24;22;0;67;29;0;0;0;1489;150;252;0;208;288;3;0;0
FR;5;2021-12-19;585;15;15;0;67;17;0;0;0;2074;165;267;0;275;305;3;0;0
FR;5;2021-12-20;1225;31;34;0;134;37;2;0;0;3299;196;301;0;409;342;5;0;0
FR;5;2021-12-21;1535;22;54;1;141;60;0;0;0;4834;218;355;1;550;402;5;0;0
FR;5;2021-12-22;4069;40;37;0;420;46;2;0;0;8903;258;392;1;970;448;7;0;0
FR;5;2021-12-23;3043;16;21;0;305;25;0;0;0;11946;274;413;1;1275;473;7;0;0
FR;5;2021-12-24;761;18;9;0;103;14;0;0;0;12707;292;422;1;1378;487;7;0;0
FR;5;2021-12-25;61;5;2;0;9;3;0;0;0;12768;297;424;1;1387;490;7;0;0
FR;5;2021-12-26;623;6;3;0;101;4;0;0;0;13391;303;427;1;1488;494;7;0;0
FR;5;2021-12-27;4085;25;21;0;458;23;1;0;0;17476;328;448;1;1946;517;8;0;0
FR;5;2021-12-28;5204;23;41;1;513;43;2;0;0;22680;351;489;2;2459;560;10;0;0
FR;5;2021-12-29;8105;34;66;1;887;69;0;0;0;30785;385;555;3;3346;629;10;0;0
FR;5;2021-12-30;5173;18;33;0;525;39;0;0;0;35958;403;588;3;3871;668;10;0;0
FR;5;2021-12-31;1554;8;10;0;182;11;0;0;0;37512;411;598;3;4053;679;10;0;0
FR;5;2022-01-01;186;2;2;0;24;3;0;0;0;37698;413;600;3;4077;682;10;0;0
FR;5;2022-01-02;1489;1;1;0;152;1;0;0;0;39187;414;601;3;4229;683;10;0;0
FR;5;2022-01-03;3069;36;34;0;322;33;1;0;0;42256;450;635;3;4551;716;11;0;0
FR;5;2022-01-04;3034;39;33;0;321;42;3;0;0;45290;489;668;3;4872;758;14;0;0
FR;5;2022-01-05;19324;203;97;1;2117;108;0;0;0;64614;692;765;4;6989;866;14;0;0
FR;5;2022-01-06;3748;134;122;0;507;142;2;0;0;68362;826;887;4;7496;1008;16;0;0
FR;5;2022-01-07;5006;202;48;2;704;56;1;0;0;73368;1028;935;6;8200;1064;17;0;0
FR;5;2022-01-08;13659;514;45;0;2003;52;0;0;0;87027;1542;980;6;10203;1116;17;0;0
FR;5;2022-01-09;5754;399;15;0;1112;20;1;0;0;92781;1941;995;6;11315;1136;18;0;0
FR;5;2022-01-10;3455;326;25;0;735;29;0;0;0;96236;2267;1020;6;12050;1165;18;0;0
FR;5;2022-01-11;3671;283;38;0;661;41;1;0;0;99907;2550;1058;6;12711;1206;19;0;0
FR;5;2022-01-12;22650;3005;89;0;5297;112;2;0;0;122557;5555;1147;6;18008;1318;21;0;0
FR;5;2022-01-13;4039;623;29;0;1051;31;2;0;0;126596;6178;1176;6;19059;1349;23;0;0
FR;5;2022-01-14;4843;583;45;0;1115;52;1;0;0;131439;6761;1221;6;20174;1401;24;0;0
FR;5;2022-01-15;14686;1747;38;3;3378;49;3;0;0;146125;8508;1259;9;23552;1450;27;0;0
FR;5;2022-01-16;4728;666;3;0;1261;5;0;0;0;150853;9174;1262;9;24813;1455;27;0;0
FR;5;2022-01-17;2297;718;26;0;986;29;0;0;0;153150;9892;1288;9;25799;1484;27;0;0
FR;5;2022-01-18;2431;870;30;0;1141;40;0;0;0;155581;10762;1318;9;26940;1524;27;0;0
FR;5;2022-01-19;18484;6423;74;2;8366;142;3;0;0;174065;17185;1392;11;35306;1666;30;0;0
FR;5;2022-01-20;1920;1067;25;0;1295;34;2;0;0;175985;18252;1417;11;36601;1700;32;0;0
FR;5;2022-01-21;3077;1372;47;1;1677;59;2;0;0;179062;19624;1464;12;38278;1759;34;0;0
FR;5;2022-01-22;10720;3454;33;1;4671;43;1;0;0;189782;23078;1497;13;42949;1802;35;0;0
FR;5;2022-01-23;2629;1415;6;0;1789;10;0;0;0;192411;24493;1503;13;44738;1812;35;0;0
FR;5;2022-01-24;1161;1341;19;0;1447;23;1;0;0;193572;25834;1522;13;46185;1835;36;0;0
FR;5;2022-01-25;1220;1549;20;2;1683;31;3;0;0;194792;27383;1542;15;47868;1866;39;0;0
FR;5;2022-01-26;10748;12032;50;1;13300;89;1;0;1;205540;39415;1592;16;61168;1955;40;0;1
FR;5;2022-01-27;1291;1693;10;0;1838;17;0;0;0;206831;41108;1602;16;63006;1972;40;0;1
FR;5;2022-01-28;1698;3346;16;0;3566;19;1;0;0;208529;44454;1618;16;66572;1991;41;0;1
FR;5;2022-01-29;6241;8041;68;0;8855;96;2;0;0;214770;52495;1686;16;75427;2087;43;0;1
FR;5;2022-01-30;1509;2950;5;0;3185;18;0;0;0;216279;55445;1691;16;78612;2105;43;0;1
FR;5;2022-01-31;589;1773;23;0;1837;24;3;0;0;216868;57218;1714;16;80449;2129;46;0;1
FR;5;2022-02-01;712;1706;10;0;1791;15;0;0;0;217580;58924;1724;16;82240;2144;46;0;1
FR;5;2022-02-02;6959;15655;52;0;16603;94;0;0;0;224539;74579;1776;16;98843;2238;46;0;1
FR;5;2022-02-03;492;1691;14;0;1748;13;5;0;0;225031;76270;1790;16;100591;2251;51;0;1
FR;5;2022-02-04;945;3002;19;0;3123;31;0;0;0;225976;79272;1809;16;103714;2282;51;0;1
FR;5;2022-02-05;3536;8919;23;0;9517;37;0;0;0;229512;88191;1832;16;113231;2319;51;0;1
FR;5;2022-02-06;737;2398;10;0;2556;19;0;0;0;230249;90589;1842;16;115787;2338;51;0;1
FR;5;2022-02-07;884;1596;23;0;1715;25;2;0;0;231133;92185;1865;16;117502;2363;53;0;1
FR;5;2022-02-08;725;1287;18;0;1407;20;2;0;0;231858;93472;1883;16;118909;2383;55;0;1
FR;5;2022-02-09;4544;12880;44;0;13608;76;1;0;0;236402;106352;1927;16;132517;2459;56;0;1
FR;5;2022-02-10;646;1059;14;0;1166;15;0;0;0;237048;107411;1941;16;133683;2474;56;0;1
FR;5;2022-02-11;793;2032;16;0;2163;21;1;0;0;237841;109443;1957;16;135846;2495;57;0;1
FR;5;2022-02-12;2286;6812;33;0;7279;53;0;0;0;240127;116255;1990;16;143125;2548;57;0;1
FR;5;2022-02-13;464;1541;8;0;1654;8;1;0;0;240591;117796;1998;16;144779;2556;58;0;1
FR;5;2022-02-14;678;1288;10;0;1407;13;1;0;0;241269;119084;2008;16;146186;2569;59;0;1
FR;5;2022-02-15;482;886;9;0;968;14;1;0;0;241751;119970;2017;16;147154;2583;60;0;1
FR;5;2022-02-16;2980;9124;41;1;9676;58;2;0;0;244731;129094;2058;17;156830;2641;62;0;1
FR;5;2022-02-17;436;809;6;0;876;7;1;0;0;245167;129903;2064;17;157706;2648;63;0;1
FR;5;2022-02-18;649;1408;13;0;1535;17;0;0;0;245816;131311;2077;17;159241;2665;63;0;1
FR;5;2022-02-19;1373;4315;16;0;4623;28;0;0;0;247189;135626;2093;17;163864;2693;63;0;1
FR;5;2022-02-20;247;879;6;0;941;8;0;0;0;247436;136505;2099;17;164805;2701;63;0;1
FR;5;2022-02-21;221;607;2;0;661;4;1;0;0;247657;137112;2101;17;165466;2705;64;0;1
FR;5;2022-02-22;262;545;17;0;591;17;1;0;0;247919;137657;2118;17;166057;2722;65;0;1
FR;5;2022-02-23;1909;6926;23;1;7346;43;0;0;0;249828;144583;2141;18;173403;2765;65;0;1
FR;5;2022-02-24;182;374;6;1;421;7;1;0;0;250010;144957;2147;19;173824;2772;66;0;1
FR;5;2022-02-25;336;951;13;0;1028;12;2;0;0;250346;145908;2160;19;174852;2784;68;0;1
FR;5;2022-02-26;972;3071;11;0;3333;15;2;0;0;251318;148979;2171;19;178185;2799;70;0;1
FR;5;2022-02-27;151;506;0;0;549;3;0;0;0;251469;149485;2171;19;178734;2802;70;0;1
FR;5;2022-02-28;162;369;1;0;408;1;0;0;0;251631;149854;2172;19;179142;2803;70;0;1
FR;5;2022-03-01;130;280;6;0;315;7;1;0;0;251761;150134;2178;19;179457;2810;71;0;1
FR;5;2022-03-02;1242;4156;28;3;4497;40;3;0;0;253003;154290;2206;22;183954;2850;74;0;1
FR;5;2022-03-03;121;251;5;0;271;10;1;0;0;253124;154541;2211;22;184225;2860;75;0;1
FR;5;2022-03-04;197;488;13;0;538;14;2;0;0;253321;155029;2224;22;184763;2874;77;0;1
FR;5;2022-03-05;677;1990;8;0;2243;16;2;0;0;253998;157019;2232;22;187006;2890;79;0;1
FR;5;2022-03-06;108;260;0;0;310;0;0;0;0;254106;157279;2232;22;187316;2890;79;0;1
FR;5;2022-03-07;71;228;5;0;254;3;2;0;0;254177;157507;2237;22;187570;2893;81;0;1
FR;5;2022-03-08;46;134;7;1;141;8;3;0;0;254223;157641;2244;23;187711;2901;84;0;1
FR;5;2022-03-09;911;3078;24;0;3407;36;0;0;0;255134;160719;2268;23;191118;2937;84;0;1
FR;5;2022-03-10;82;202;9;0;216;13;3;0;0;255216;160921;2277;23;191334;2950;87;0;1
FR;5;2022-03-11;148;369;13;1;426;15;0;0;0;255364;161290;2290;24;191760;2965;87;0;1
FR;5;2022-03-12;758;1613;13;1;1977;30;0;0;0;256122;162903;2303;25;193737;2995;87;0;1
FR;5;2022-03-13;78;102;0;0;135;0;0;0;0;256200;163005;2303;25;193872;2995;87;0;1
FR;5;2022-03-14;69;119;7;1;139;7;1;0;0;256269;163124;2310;26;194011;3002;88;0;1
FR;5;2022-03-15;83;99;4;0;119;7;1;0;0;256352;163223;2314;26;194130;3009;89;0;1
FR;5;2022-03-16;882;1827;15;3;2227;36;7;0;0;257234;165050;2329;29;196357;3045;96;0;1
FR;5;2022-03-17;68;123;8;4;151;10;4;0;0;257302;165173;2337;33;196508;3055;100;0;1
FR;5;2022-03-18;172;318;13;4;391;18;4;0;0;257474;165491;2350;37;196899;3073;104;0;1
FR;5;2022-03-19;752;1163;12;5;1555;33;8;0;0;258226;166654;2362;42;198454;3106;112;0;1
FR;5;2022-03-20;45;93;1;0;119;1;0;0;0;258271;166747;2363;42;198573;3107;112;0;1
FR;5;2022-03-21;71;120;10;6;136;15;8;0;0;258342;166867;2373;48;198709;3122;120;0;1
FR;5;2022-03-22;56;119;8;7;143;9;6;0;0;258398;166986;2381;55;198852;3131;126;0;1
FR;5;2022-03-23;805;1461;14;8;1878;36;9;0;0;259203;168447;2395;63;200730;3167;135;0;1
FR;5;2022-03-24;71;93;8;7;118;7;10;0;0;259274;168540;2403;70;200848;3174;145;0;1
FR;5;2022-03-25;222;293;14;8;388;18;9;0;0;259496;168833;2417;78;201236;3192;154;0;1
FR;5;2022-03-26;707;853;12;5;1273;26;6;0;1;260203;169686;2429;83;202509;3218;160;0;2
FR;5;2022-03-27;75;81;0;0;124;3;0;0;0;260278;169767;2429;83;202633;3221;160;0;2
FR;5;2022-03-28;81;93;1;2;132;3;2;0;0;260359;169860;2430;85;202765;3224;162;0;2
FR;5;2022-03-29;71;83;10;4;114;12;5;0;0;260430;169943;2440;89;202879;3236;167;0;2
FR;5;2022-03-30;823;1116;16;13;1604;29;14;0;0;261253;171059;2456;102;204483;3265;181;0;2
FR;5;2022-03-31;102;125;1;4;173;6;4;0;0;261355;171184;2457;106;204656;3271;185;0;2
FR;5;2022-04-01;114;86;7;12;135;11;12;0;1;261469;171270;2464;118;204791;3282;197;0;3
FR;5;2022-04-02;330;349;3;3;535;15;4;0;0;261799;171619;2467;121;205326;3297;201;0;3
FR;5;2022-04-03;54;59;1;0;88;1;0;0;0;261853;171678;2468;121;205414;3298;201;0;3
FR;5;2022-04-04;40;57;4;1;70;8;2;0;0;261893;171735;2472;122;205484;3306;203;0;3
FR;5;2022-04-05;53;60;6;6;75;9;5;0;0;261946;171795;2478;128;205559;3315;208;0;3
FR;5;2022-04-06;421;439;7;14;678;16;14;0;0;262367;172234;2485;142;206237;3331;222;0;3
FR;5;2022-04-07;45;69;5;7;89;7;10;0;0;262412;172303;2490;149;206326;3338;232;0;3
FR;5;2022-04-08;134;112;12;13;175;14;15;0;0;262546;172415;2502;162;206501;3352;247;0;3
FR;5;2022-04-09;311;324;2;5;511;17;5;0;0;262857;172739;2504;167;207012;3369;252;0;3
FR;5;2022-04-10;44;31;2;0;61;2;1;0;0;262901;172770;2506;167;207073;3371;253;0;3
FR;5;2022-04-11;50;60;3;2;78;4;3;0;0;262951;172830;2509;169;207151;3375;256;0;3
FR;5;2022-04-12;59;54;3;3;78;5;3;0;0;263010;172884;2512;172;207229;3380;259;0;3
FR;5;2022-04-13;382;413;3;8;606;16;8;0;0;263392;173297;2515;180;207835;3396;267;0;3
FR;5;2022-04-14;48;53;5;5;70;9;3;0;0;263440;173350;2520;185;207905;3405;270;0;3
FR;5;2022-04-15;91;111;4;4;152;5;6;0;0;263531;173461;2524;189;208057;3410;276;0;3
FR;5;2022-04-16;188;184;2;1;265;13;1;0;0;263719;173645;2526;190;208322;3423;277;0;3
FR;5;2022-04-17;12;11;1;0;17;1;0;0;0;263731;173656;2527;190;208339;3424;277;0;3
FR;5;2022-04-18;9;10;2;0;11;3;1;0;0;263740;173666;2529;190;208350;3427;278;0;3
FR;5;2022-04-19;75;71;6;1;96;6;4;0;0;263815;173737;2535;191;208446;3433;282;0;3
FR;5;2022-04-20;361;349;9;6;521;12;7;0;0;264176;174086;2544;197;208967;3445;289;0;3
FR;5;2022-04-21;42;64;9;10;71;12;14;0;0;264218;174150;2553;207;209038;3457;303;0;3
FR;5;2022-04-22;113;96;5;4;144;5;5;0;0;264331;174246;2558;211;209182;3462;308;0;3
FR;5;2022-04-23;209;193;4;2;284;11;3;0;0;264540;174439;2562;213;209466;3473;311;0;3
FR;5;2022-04-24;37;35;0;0;50;3;0;0;0;264577;174474;2562;213;209516;3476;311;0;3
FR;5;2022-04-25;69;65;1;1;102;4;1;0;0;264646;174539;2563;214;209618;3480;312;0;3
FR;5;2022-04-26;60;63;2;1;85;5;1;0;0;264706;174602;2565;215;209703;3485;313;0;3
FR;5;2022-04-27;335;316;3;7;463;14;8;0;0;265041;174918;2568;222;210166;3499;321;0;3
FR;5;2022-04-28;81;54;4;5;81;8;7;0;0;265122;174972;2572;227;210247;3507;328;0;3
FR;5;2022-04-29;117;84;5;19;118;12;17;0;0;265239;175056;2577;246;210365;3519;345;0;3
FR;5;2022-04-30;183;114;2;3;184;10;4;0;0;265422;175170;2579;249;210549;3529;349;0;3
FR;5;2022-05-01;11;7;0;0;11;0;0;0;0;265433;175177;2579;249;210560;3529;349;0;3
FR;5;2022-05-02;52;28;4;5;48;2;7;0;0;265485;175205;2583;254;210608;3531;356;0;3
FR;5;2022-05-03;87;57;2;4;84;11;4;0;0;265572;175262;2585;258;210692;3542;360;0;3
FR;5;2022-05-04;278;205;1;2;324;7;2;0;0;265850;175467;2586;260;211016;3549;362;0;3
FR;5;2022-05-05;62;32;3;4;46;5;4;0;0;265912;175499;2589;264;211062;3554;366;0;3
FR;5;2022-05-06;105;65;2;3;106;5;3;0;0;266017;175564;2591;267;211168;3559;369;0;3
FR;5;2022-05-07;171;117;2;10;180;13;7;0;0;266188;175681;2593;277;211348;3572;376;0;3
FR;5;2022-05-08;8;8;0;0;9;2;0;0;0;266196;175689;2593;277;211357;3574;376;0;3
FR;5;2022-05-09;44;34;15;3;51;16;4;0;0;266240;175723;2608;280;211408;3590;380;0;3
FR;5;2022-05-10;54;49;3;4;67;5;5;0;0;266294;175772;2611;284;211475;3595;385;0;3
FR;5;2022-05-11;327;237;12;7;344;21;11;0;0;266621;176009;2623;291;211819;3616;396;0;3
FR;5;2022-05-12;46;34;2;2;47;2;3;0;0;266667;176043;2625;293;211866;3618;399;0;3
FR;5;2022-05-13;109;83;3;8;120;8;7;0;0;266776;176126;2628;301;211986;3626;406;0;3
FR;5;2022-05-14;209;131;0;1;212;8;0;0;0;266985;176257;2628;302;212198;3634;406;0;3
FR;5;2022-05-15;22;9;2;0;18;1;1;0;0;267007;176266;2630;302;212216;3635;407;0;3
FR;5;2022-05-16;52;34;4;5;53;4;5;0;0;267059;176300;2634;307;212269;3639;412;0;3
FR;5;2022-05-17;72;40;5;0;68;2;3;0;0;267131;176340;2639;307;212337;3641;415;0;3
FR;5;2022-05-18;289;215;4;4;330;8;6;0;0;267420;176555;2643;311;212667;3649;421;0;3
FR;5;2022-05-19;45;35;5;3;42;3;4;0;0;267465;176590;2648;314;212709;3652;425;0;3
FR;5;2022-05-20;76;63;3;10;92;1;11;0;0;267541;176653;2651;324;212801;3653;436;0;3
FR;5;2022-05-21;242;166;2;3;268;17;1;0;0;267783;176819;2653;327;213069;3670;437;0;3
FR;5;2022-05-22;20;14;2;5;20;2;6;0;0;267803;176833;2655;332;213089;3672;443;0;3
FR;5;2022-05-23;42;31;4;3;42;6;3;0;0;267845;176864;2659;335;213131;3678;446;0;3
FR;5;2022-05-24;47;45;3;2;60;5;2;0;0;267892;176909;2662;337;213191;3683;448;0;3
FR;5;2022-05-25;329;258;4;1;386;16;1;0;0;268221;177167;2666;338;213577;3699;449;0;3
FR;5;2022-05-26;17;5;0;1;9;2;0;0;1;268238;177172;2666;339;213586;3701;449;0;4
FR;5;2022-05-27;99;54;4;4;89;9;3;0;0;268337;177226;2670;343;213675;3710;452;0;4
FR;5;2022-05-28;100;78;5;3;106;10;3;0;0;268437;177304;2675;346;213781;3720;455;0;4
FR;5;2022-05-29;14;14;1;0;18;2;0;0;0;268451;177318;2676;346;213799;3722;455;0;4
FR;5;2022-05-30;56;41;2;1;54;2;2;0;0;268507;177359;2678;347;213853;3724;457;0;4
FR;5;2022-05-31;57;43;1;8;62;1;8;0;0;268564;177402;2679;355;213915;3725;465;0;4
FR;5;2022-06-01;257;241;9;2;300;25;5;0;0;268821;177643;2688;357;214215;3750;470;0;4
FR;5;2022-06-02;63;61;5;0;73;9;1;0;0;268884;177704;2693;357;214288;3759;471;0;4
FR;5;2022-06-03;82;71;4;5;88;10;6;0;0;268966;177775;2697;362;214376;3769;477;0;4
FR;5;2022-06-04;157;109;2;1;187;9;1;0;0;269123;177884;2699;363;214563;3778;478;0;4
FR;5;2022-06-05;18;11;0;0;21;1;0;0;0;269141;177895;2699;363;214584;3779;478;0;4
FR;5;2022-06-06;16;12;0;1;15;0;1;0;0;269157;177907;2699;364;214599;3779;479;0;4
FR;5;2022-06-07;50;56;1;1;76;2;1;0;0;269207;177963;2700;365;214675;3781;480;0;4
FR;5;2022-06-08;283;225;3;4;332;17;2;0;0;269490;178188;2703;369;215007;3798;482;0;4
FR;5;2022-06-09;52;41;6;3;57;7;2;0;1;269542;178229;2709;372;215064;3805;484;0;5
FR;5;2022-06-10;81;72;1;1;105;6;1;0;0;269623;178301;2710;373;215169;3811;485;0;5
FR;5;2022-06-11;173;141;3;3;202;10;4;0;0;269796;178442;2713;376;215371;3821;489;0;5
FR;5;2022-06-12;17;16;0;0;19;2;0;0;0;269813;178458;2713;376;215390;3823;489;0;5
FR;5;2022-06-13;56;47;9;3;70;10;6;0;0;269869;178505;2722;379;215460;3833;495;0;5
FR;5;2022-06-14;59;56;1;4;64;6;4;0;0;269928;178561;2723;383;215524;3839;499;0;5
FR;5;2022-06-15;266;260;5;2;363;27;1;0;0;270194;178821;2728;385;215887;3866;500;0;5
FR;5;2022-06-16;47;30;5;2;44;5;2;0;0;270241;178851;2733;387;215931;3871;502;0;5
FR;5;2022-06-17;100;67;5;5;102;10;5;0;0;270341;178918;2738;392;216033;3881;507;0;5
FR;5;2022-06-18;146;95;10;2;152;26;2;0;1;270487;179013;2748;394;216185;3907;509;0;6
FR;5;2022-06-19;26;15;0;1;18;4;1;0;0;270513;179028;2748;395;216203;3911;510;0;6
FR;5;2022-06-20;56;50;8;0;62;11;2;0;0;270569;179078;2756;395;216265;3922;512;0;6
FR;5;2022-06-21;53;73;5;3;91;7;5;0;1;270622;179151;2761;398;216356;3929;517;0;7
FR;5;2022-06-22;224;248;7;9;348;33;10;0;0;270846;179399;2768;407;216704;3962;527;0;7
FR;5;2022-06-23;50;38;2;5;43;6;6;0;0;270896;179437;2770;412;216747;3968;533;0;7
FR;5;2022-06-24;91;70;12;5;101;16;8;0;0;270987;179507;2782;417;216848;3984;541;0;7
FR;5;2022-06-25;154;124;3;7;185;14;8;0;1;271141;179631;2785;424;217033;3998;549;0;8
FR;5;2022-06-26;26;19;2;0;29;5;0;0;0;271167;179650;2787;424;217062;4003;549;0;8
FR;5;2022-06-27;57;60;5;7;78;11;9;0;0;271224;179710;2792;431;217140;4014;558;0;8
FR;5;2022-06-28;70;49;8;2;69;14;5;0;0;271294;179759;2800;433;217209;4028;563;0;8
FR;5;2022-06-29;297;268;9;21;390;34;23;0;0;271591;180027;2809;454;217599;4062;586;0;8
FR;5;2022-06-30;89;57;10;12;89;17;11;0;0;271680;180084;2819;466;217688;4079;597;0;8
FR;5;2022-07-01;127;65;7;11;118;12;11;0;2;271807;180149;2826;477;217806;4091;608;0;10
FR;5;2022-07-02;191;132;4;0;210;22;0;0;0;271998;180281;2830;477;218016;4113;608;0;10
FR;5;2022-07-03;30;25;1;0;36;4;0;0;0;272028;180306;2831;477;218052;4117;608;0;10
FR;5;2022-07-04;103;65;2;5;102;7;5;0;1;272131;180371;2833;482;218154;4124;613;0;11
FR;5;2022-07-05;104;72;3;8;107;13;8;0;1;272235;180443;2836;490;218261;4137;621;0;12
FR;5;2022-07-06;278;168;9;36;289;27;36;0;0;272513;180611;2845;526;218550;4164;657;0;12
FR;5;2022-07-07;88;69;6;9;89;13;11;0;0;272601;180680;2851;535;218639;4177;668;0;12
FR;5;2022-07-08;152;120;7;14;146;25;13;0;1;272753;180800;2858;549;218785;4202;681;0;13
FR;5;2022-07-09;116;68;1;8;100;10;8;0;0;272869;180868;2859;557;218885;4212;689;0;13
FR;5;2022-07-10;15;6;0;0;10;1;0;0;0;272884;180874;2859;557;218895;4213;689;0;13
FR;5;2022-07-11;92;72;10;2;98;19;3;0;0;272976;180946;2869;559;218993;4232;692;0;13
FR;5;2022-07-12;67;63;5;10;81;7;12;0;0;273043;181009;2874;569;219074;4239;704;0;13
FR;5;2022-07-13;169;118;10;19;196;16;23;0;0;273212;181127;2884;588;219270;4255;727;0;13
FR;5;2022-07-14;8;4;0;0;7;0;0;0;0;273220;181131;2884;588;219277;4255;727;0;13
FR;5;2022-07-15;74;66;5;14;86;15;15;0;0;273294;181197;2889;602;219363;4270;742;0;13
FR;5;2022-07-16;54;44;3;0;71;3;2;0;0;273348;181241;2892;602;219434;4273;744;0;13
FR;5;2022-07-17;10;7;3;0;10;2;2;0;0;273358;181248;2895;602;219444;4275;746;0;13
FR;5;2022-07-18;60;47;0;4;70;4;3;0;0;273418;181295;2895;606;219514;4279;749;0;13
FR;5;2022-07-19;63;42;5;3;63;7;4;0;0;273481;181337;2900;609;219577;4286;753;0;13
FR;5;2022-07-20;120;106;4;11;141;14;9;0;0;273601;181443;2904;620;219718;4300;762;0;13
FR;5;2022-07-21;38;43;2;10;52;5;10;0;0;273639;181486;2906;630;219770;4305;772;0;13
FR;5;2022-07-22;48;69;11;13;75;23;11;0;1;273687;181555;2917;643;219845;4328;783;0;14
FR;5;2022-07-23;59;78;2;1;95;11;2;0;0;273746;181633;2919;644;219940;4339;785;0;14
FR;5;2022-07-24;11;9;3;1;12;3;1;0;0;273757;181642;2922;645;219952;4342;786;0;14
FR;5;2022-07-25;53;48;2;7;57;8;8;0;0;273810;181690;2924;652;220009;4350;794;0;14
FR;5;2022-07-26;58;52;5;41;70;6;44;0;0;273868;181742;2929;693;220079;4356;838;0;14
FR;5;2022-07-27;106;118;4;4;161;13;4;0;0;273974;181860;2933;697;220240;4369;842;0;14
FR;5;2022-07-28;39;35;2;2;47;6;1;0;0;274013;181895;2935;699;220287;4375;843;0;14
FR;5;2022-07-29;56;74;3;14;90;8;10;0;0;274069;181969;2938;713;220377;4383;853;0;14
FR;5;2022-07-30;55;53;5;1;76;7;2;0;0;274124;182022;2943;714;220453;4390;855;0;14
FR;5;2022-07-31;7;11;1;0;13;1;0;0;0;274131;182033;2944;714;220466;4391;855;0;14
FR;5;2022-08-01;39;53;1;2;64;6;2;0;0;274170;182086;2945;716;220530;4397;857;0;14
FR;5;2022-08-02;32;43;8;7;47;8;7;0;1;274202;182129;2953;723;220577;4405;864;0;15
FR;5;2022-08-03;54;51;4;10;70;9;8;0;0;274256;182180;2957;733;220647;4414;872;0;15
FR;5;2022-08-04;20;18;1;6;22;1;6;0;0;274276;182198;2958;739;220669;4415;878;0;15
FR;5;2022-08-05;35;26;3;3;39;3;3;0;0;274311;182224;2961;742;220708;4418;881;0;15
FR;5;2022-08-06;23;26;1;0;31;1;0;0;0;274334;182250;2962;742;220739;4419;881;0;15
FR;5;2022-08-07;2;2;1;0;1;1;1;0;0;274336;182252;2963;742;220740;4420;882;0;15
FR;5;2022-08-08;26;19;1;2;24;2;1;0;0;274362;182271;2964;744;220764;4422;883;0;15
FR;5;2022-08-09;26;28;3;3;35;3;3;0;0;274388;182299;2967;747;220799;4425;886;0;15
FR;5;2022-08-10;47;47;2;0;56;5;0;0;0;274435;182346;2969;747;220855;4430;886;0;15
FR;5;2022-08-11;19;36;2;2;42;5;2;0;0;274454;182382;2971;749;220897;4435;888;0;15
FR;5;2022-08-12;27;28;2;0;39;2;0;0;0;274481;182410;2973;749;220936;4437;888;0;15
FR;5;2022-08-13;16;18;0;0;24;0;0;0;0;274497;182428;2973;749;220960;4437;888;0;15
FR;5;2022-08-14;2;3;0;0;4;0;0;0;0;274499;182431;2973;749;220964;4437;888;0;15
FR;5;2022-08-15;2;6;0;0;6;0;0;0;0;274501;182437;2973;749;220970;4437;888;0;15
FR;5;2022-08-16;33;26;3;0;28;6;0;0;0;274534;182463;2976;749;220998;4443;888;0;15
FR;5;2022-08-17;52;55;2;1;72;1;1;0;0;274586;182518;2978;750;221070;4444;889;0;15
FR;5;2022-08-18;26;18;8;17;25;10;16;0;0;274612;182536;2986;767;221095;4454;905;0;15
FR;5;2022-08-19;26;34;1;2;43;2;2;0;0;274638;182570;2987;769;221138;4456;907;0;15
FR;5;2022-08-20;25;27;2;1;33;4;2;0;0;274663;182597;2989;770;221171;4460;909;0;15
FR;5;2022-08-21;7;4;1;0;7;1;0;0;0;274670;182601;2990;770;221178;4461;909;0;15
FR;5;2022-08-22;39;26;1;6;42;2;5;0;1;274709;182627;2991;776;221220;4463;914;0;16
FR;5;2022-08-23;27;26;1;1;32;2;1;0;0;274736;182653;2992;777;221252;4465;915;0;16
FR;5;2022-08-24;50;43;0;0;62;0;0;0;0;274786;182696;2992;777;221314;4465;915;0;16
FR;5;2022-08-25;27;26;3;1;31;2;0;0;1;274813;182722;2995;778;221345;4467;915;0;17
FR;5;2022-08-26;48;39;7;2;58;5;4;0;0;274861;182761;3002;780;221403;4472;919;0;17
FR;5;2022-08-27;46;28;1;0;46;3;1;0;0;274907;182789;3003;780;221449;4475;920;0;17
FR;5;2022-08-28;5;7;0;0;7;0;0;0;0;274912;182796;3003;780;221456;4475;920;0;17
FR;5;2022-08-29;58;44;1;1;66;4;1;0;0;274970;182840;3004;781;221522;4479;921;0;17
FR;5;2022-08-30;45;23;12;29;40;10;30;0;1;275015;182863;3016;810;221562;4489;951;0;18
FR;5;2022-08-31;53;47;6;1;58;11;1;0;0;275068;182910;3022;811;221620;4500;952;0;18
FR;5;2022-09-01;16;8;1;4;13;1;4;0;0;275084;182918;3023;815;221633;4501;956;0;18
FR;5;2022-09-02;42;23;8;2;35;9;3;0;0;275126;182941;3031;817;221668;4510;959;0;18
FR;5;2022-09-03;69;37;2;0;58;2;0;0;0;275195;182978;3033;817;221726;4512;959;0;18
FR;5;2022-09-04;12;7;1;0;8;3;0;0;0;275207;182985;3034;817;221734;4515;959;0;18
FR;5;2022-09-05;7;4;1;0;4;1;0;0;0;275214;182989;3035;817;221738;4516;959;0;18
FR;5;2022-09-06;23;14;3;15;17;2;14;0;2;275237;183003;3038;832;221755;4518;973;0;20
FR;5;2022-09-07;79;53;1;1;76;3;1;0;0;275316;183056;3039;833;221831;4521;974;0;20
FR;5;2022-09-08;10;4;0;4;7;0;4;0;0;275326;183060;3039;837;221838;4521;978;0;20
FR;5;2022-09-09;42;11;9;2;14;10;3;0;0;275368;183071;3048;839;221852;4531;981;0;20
FR;5;2022-09-10;40;45;1;1;50;8;1;0;0;275408;183116;3049;840;221902;4539;982;0;20
FR;5;2022-09-11;3;3;0;0;3;1;0;0;0;275411;183119;3049;840;221905;4540;982;0;20
FR;5;2022-09-12;7;5;2;2;7;2;2;0;0;275418;183124;3051;842;221912;4542;984;0;20
FR;5;2022-09-13;9;6;0;1;4;3;1;0;0;275427;183130;3051;843;221916;4545;985;0;20
FR;5;2022-09-14;52;47;4;6;55;9;5;0;0;275479;183177;3055;849;221971;4554;990;0;20
FR;5;2022-09-15;11;13;2;3;11;5;3;0;0;275490;183190;3057;852;221982;4559;993;0;20
FR;5;2022-09-16;25;33;1;4;38;3;3;0;0;275515;183223;3058;856;222020;4562;996;0;20
FR;5;2022-09-17;60;43;1;1;51;5;1;0;0;275575;183266;3059;857;222071;4567;997;0;20
FR;5;2022-09-18;9;6;0;1;10;1;0;0;0;275584;183272;3059;858;222081;4568;997;0;20
FR;5;2022-09-19;22;17;2;1;20;5;2;0;0;275606;183289;3061;859;222101;4573;999;0;20
FR;5;2022-09-20;15;11;3;3;15;1;4;0;0;275621;183300;3064;862;222116;4574;1003;0;20
FR;5;2022-09-21;68;45;9;0;65;13;0;0;0;275689;183345;3073;862;222181;4587;1003;0;20
FR;5;2022-09-22;12;6;4;24;6;4;23;0;1;275701;183351;3077;886;222187;4591;1026;0;21
FR;5;2022-09-23;20;25;2;3;23;8;3;0;0;275721;183376;3079;889;222210;4599;1029;0;21
FR;5;2022-09-24;44;51;1;8;65;5;8;0;0;275765;183427;3080;897;222275;4604;1037;0;21
FR;5;2022-09-25;6;12;0;0;13;1;0;0;0;275771;183439;3080;897;222288;4605;1037;0;21
FR;5;2022-09-26;15;7;0;2;12;0;1;0;1;275786;183446;3080;899;222300;4605;1038;0;22
FR;5;2022-09-27;7;12;4;9;14;4;9;0;1;275793;183458;3084;908;222314;4609;1047;0;23
FR;5;2022-09-28;65;67;5;0;91;7;0;0;0;275858;183525;3089;908;222405;4616;1047;0;23
FR;5;2022-09-29;17;9;1;0;15;1;1;0;1;275875;183534;3090;908;222420;4617;1048;0;24
FR;5;2022-09-30;28;47;2;2;54;4;3;0;0;275903;183581;3092;910;222474;4621;1051;0;24
FR;5;2022-10-01;40;35;5;5;48;8;7;0;0;275943;183616;3097;915;222522;4629;1058;0;24
FR;5;2022-10-02;1;9;1;0;10;1;0;0;0;275944;183625;3098;915;222532;4630;1058;0;24
FR;5;2022-10-03;7;6;3;0;5;4;0;0;0;275951;183631;3101;915;222537;4634;1058;0;24
FR;5;2022-10-04;11;8;1;3;11;2;3;0;0;275962;183639;3102;918;222548;4636;1061;0;24
FR;5;2022-10-05;57;62;2;2;79;13;2;0;0;276019;183701;3104;920;222627;4649;1063;0;24
FR;5;2022-10-06;12;10;1;4;15;2;4;0;0;276031;183711;3105;924;222642;4651;1067;0;24
FR;5;2022-10-07;21;31;1;0;34;5;0;0;0;276052;183742;3106;924;222676;4656;1067;0;24
FR;5;2022-10-08;33;51;1;0;54;7;0;0;0;276085;183793;3107;924;222730;4663;1067;0;24
FR;5;2022-10-09;7;10;0;0;11;1;0;0;0;276092;183803;3107;924;222741;4664;1067;0;24
FR;5;2022-10-10;14;6;0;1;8;1;1;0;0;276106;183809;3107;925;222749;4665;1068;0;24
FR;5;2022-10-11;6;13;2;1;14;2;2;0;0;276112;183822;3109;926;222763;4667;1070;0;24
FR;5;2022-10-12;40;57;3;2;69;8;2;0;0;276152;183879;3112;928;222832;4675;1072;0;24
FR;5;2022-10-13;11;16;2;0;18;4;0;0;0;276163;183895;3114;928;222850;4679;1072;0;24
FR;5;2022-10-14;21;21;1;0;20;5;0;0;0;276184;183916;3115;928;222870;4684;1072;0;24
FR;5;2022-10-15;19;26;10;0;25;11;2;0;0;276203;183942;3125;928;222895;4695;1074;0;24
FR;5;2022-10-16;3;1;0;0;1;1;0;0;0;276206;183943;3125;928;222896;4696;1074;0;24
FR;5;2022-10-17;8;8;2;1;8;3;1;0;2;276214;183951;3127;929;222904;4699;1075;0;26
FR;5;2022-10-18;6;7;0;2;8;0;2;0;0;276220;183958;3127;931;222912;4699;1077;0;26
FR;5;2022-10-19;38;44;8;0;53;11;0;0;1;276258;184002;3135;931;222965;4710;1077;0;27
FR;5;2022-10-20;18;15;2;1;16;3;1;0;0;276276;184017;3137;932;222981;4713;1078;0;27
FR;5;2022-10-21;22;15;6;0;19;8;1;0;2;276298;184032;3143;932;223000;4721;1079;0;29
FR;5;2022-10-22;35;29;2;12;32;5;12;0;0;276333;184061;3145;944;223032;4726;1091;0;29
FR;5;2022-10-23;9;3;0;0;4;0;0;0;0;276342;184064;3145;944;223036;4726;1091;0;29
FR;5;2022-10-24;14;7;6;7;9;9;8;0;0;276356;184071;3151;951;223045;4735;1099;0;29
FR;5;2022-10-25;13;9;6;3;9;8;3;0;2;276369;184080;3157;954;223054;4743;1102;0;31
FR;5;2022-10-26;34;22;6;0;29;10;0;0;0;276403;184102;3163;954;223083;4753;1102;0;31
FR;5;2022-10-27;16;4;4;0;11;4;0;0;0;276419;184106;3167;954;223094;4757;1102;0;31
FR;5;2022-10-28;19;13;5;3;14;6;4;0;0;276438;184119;3172;957;223108;4763;1106;0;31
FR;5;2022-10-29;21;13;0;0;17;3;0;0;0;276459;184132;3172;957;223125;4766;1106;0;31
FR;5;2022-10-30;1;4;2;0;4;3;0;0;0;276460;184136;3174;957;223129;4769;1106;0;31
FR;5;2022-10-31;14;11;2;1;12;3;1;0;0;276474;184147;3176;958;223141;4772;1107;0;31
FR;5;2022-11-01;3;3;0;1;3;0;1;0;0;276477;184150;3176;959;223144;4772;1108;0;31
FR;5;2022-11-02;23;17;5;4;23;5;5;0;0;276500;184167;3181;963;223167;4777;1113;0;31
FR;5;2022-11-03;22;4;1;1;11;1;1;0;0;276522;184171;3182;964;223178;4778;1114;0;31
FR;5;2022-11-04;19;18;1;0;18;2;0;0;0;276541;184189;3183;964;223196;4780;1114;0;31
FR;5;2022-11-05;25;16;1;0;21;1;0;0;0;276566;184205;3184;964;223217;4781;1114;0;31
FR;5;2022-11-06;1;7;0;0;7;0;0;0;0;276567;184212;3184;964;223224;4781;1114;0;31
FR;5;2022-11-07;9;3;3;0;3;3;0;0;0;276576;184215;3187;964;223227;4784;1114;0;31
FR;5;2022-11-08;12;7;1;2;8;1;1;0;0;276588;184222;3188;966;223235;4785;1115;0;31
FR;5;2022-11-09;30;29;6;1;32;6;1;0;0;276618;184251;3194;967;223267;4791;1116;0;31
FR;5;2022-11-10;11;16;1;0;17;1;0;0;0;276629;184267;3195;967;223284;4792;1116;0;31
FR;5;2022-11-11;2;4;0;1;6;0;1;0;0;276631;184271;3195;968;223290;4792;1117;0;31
FR;5;2022-11-12;19;10;5;9;18;6;9;0;2;276650;184281;3200;977;223308;4798;1126;0;33
FR;5;2022-11-13;2;2;0;1;2;0;1;0;0;276652;184283;3200;978;223310;4798;1127;0;33
FR;5;2022-11-14;8;11;0;1;10;3;0;0;0;276660;184294;3200;979;223320;4801;1127;0;33
FR;5;2022-11-15;8;6;4;3;6;4;3;0;0;276668;184300;3204;982;223326;4805;1130;0;33
FR;5;2022-11-16;29;28;2;1;33;5;0;0;0;276697;184328;3206;983;223359;4810;1130;0;33
FR;5;2022-11-17;6;15;4;0;15;5;0;0;0;276703;184343;3210;983;223374;4815;1130;0;33
FR;5;2022-11-18;17;17;7;0;19;9;0;0;0;276720;184360;3217;983;223393;4824;1130;0;33
FR;5;2022-11-19;18;27;2;0;28;6;0;0;0;276738;184387;3219;983;223421;4830;1130;0;33
FR;5;2022-11-20;6;3;0;0;5;0;0;0;0;276744;184390;3219;983;223426;4830;1130;0;33
FR;5;2022-11-21;8;5;0;2;4;2;1;0;0;276752;184395;3219;985;223430;4832;1131;0;33
FR;5;2022-11-22;9;3;0;1;4;0;1;0;0;276761;184398;3219;986;223434;4832;1132;0;33
FR;5;2022-11-23;34;25;6;1;27;13;0;0;0;276795;184423;3225;987;223461;4845;1132;0;33
FR;5;2022-11-24;3;7;2;0;8;1;1;0;0;276798;184430;3227;987;223469;4846;1133;0;33
FR;5;2022-11-25;15;20;2;0;25;3;0;0;1;276813;184450;3229;987;223494;4849;1133;0;34
FR;5;2022-11-26;22;19;4;0;20;8;0;0;0;276835;184469;3233;987;223514;4857;1133;0;34
FR;5;2022-11-27;7;0;1;0;3;1;0;0;0;276842;184469;3234;987;223517;4858;1133;0;34
FR;5;2022-11-28;7;15;3;0;15;5;0;0;0;276849;184484;3237;987;223532;4863;1133;0;34
FR;5;2022-11-29;10;9;1;0;11;3;0;0;1;276859;184493;3238;987;223543;4866;1133;0;35
FR;5;2022-11-30;35;48;12;0;56;17;1;0;0;276894;184541;3250;987;223599;4883;1134;0;35
FR;5;2022-12-01;5;10;2;0;10;3;0;0;0;276899;184551;3252;987;223609;4886;1134;0;35
FR;5;2022-12-02;1;5;2;1;4;3;1;0;0;276900;184556;3254;988;223613;4889;1135;0;35
FR;5;2022-12-03;3;3;8;1;5;8;1;0;0;276903;184559;3262;989;223618;4897;1136;0;35
FR;5;2022-12-04;3;2;1;0;2;2;0;0;0;276906;184561;3263;989;223620;4899;1136;0;35
FR;5;2022-12-05;1;1;0;0;0;1;0;0;0;276907;184562;3263;989;223620;4900;1136;0;35
FR;5;2022-12-06;5;1;0;0;1;0;0;0;1;276912;184563;3263;989;223621;4900;1136;0;36
FR;5;2022-12-07;5;8;1;0;8;1;0;0;0;276917;184571;3264;989;223629;4901;1136;0;36
FR;5;2022-12-08;2;2;0;0;2;0;0;0;0;276919;184573;3264;989;223631;4901;1136;0;36
FR;5;2022-12-09;5;8;0;0;6;2;0;0;0;276924;184581;3264;989;223637;4903;1136;0;36
FR;5;2022-12-10;4;7;2;1;8;2;1;0;0;276928;184588;3266;990;223645;4905;1137;0;36
FR;5;2022-12-11;2;0;0;0;0;0;0;0;0;276930;184588;3266;990;223645;4905;1137;0;36
FR;5;2022-12-12;0;0;0;0;0;0;0;0;0;276930;184588;3266;990;223645;4905;1137;0;36
FR;5;2022-12-13;2;3;0;0;4;1;0;0;0;276932;184591;3266;990;223649;4906;1137;0;36
FR;5;2022-12-14;2;3;0;9;3;1;8;0;3;276934;184594;3266;999;223652;4907;1145;0;39
FR;5;2022-12-15;0;2;0;0;2;0;0;0;0;276934;184596;3266;999;223654;4907;1145;0;39
FR;5;2022-12-16;3;3;2;0;4;3;0;0;0;276937;184599;3268;999;223658;4910;1145;0;39
FR;5;2022-12-17;3;3;3;0;3;2;1;0;0;276940;184602;3271;999;223661;4912;1146;0;39
FR;5;2022-12-18;3;0;0;1;0;0;1;0;1;276943;184602;3271;1000;223661;4912;1147;0;40
FR;5;2022-12-19;1;0;0;2;0;0;2;0;0;276944;184602;3271;1002;223661;4912;1149;0;40
FR;5;2022-12-20;0;1;3;0;1;3;0;0;0;276944;184603;3274;1002;223662;4915;1149;0;40
FR;5;2022-12-21;2;4;0;0;4;0;0;0;0;276946;184607;3274;1002;223666;4915;1149;0;40
FR;5;2022-12-22;2;2;0;0;2;0;0;0;0;276948;184609;3274;1002;223668;4915;1149;0;40
FR;5;2022-12-23;3;1;1;0;1;1;0;0;0;276951;184610;3275;1002;223669;4916;1149;0;40
FR;5;2022-12-24;0;1;0;0;1;0;0;0;0;276951;184611;3275;1002;223670;4916;1149;0;40
FR;5;2022-12-25;0;1;2;0;0;3;0;0;0;276951;184612;3277;1002;223670;4919;1149;0;40
FR;5;2022-12-26;2;2;0;0;2;0;0;0;0;276953;184614;3277;1002;223672;4919;1149;0;40
FR;5;2022-12-27;0;3;0;0;3;0;0;0;0;276953;184617;3277;1002;223675;4919;1149;0;40
FR;5;2022-12-28;5;3;3;0;3;3;2;0;0;276958;184620;3280;1002;223678;4922;1151;0;40
FR;5;2022-12-29;3;2;2;0;3;2;0;0;0;276961;184622;3282;1002;223681;4924;1151;0;40
FR;5;2022-12-30;3;2;1;0;2;1;0;0;0;276964;184624;3283;1002;223683;4925;1151;0;40
FR;5;2022-12-31;0;0;0;0;0;0;0;0;0;276964;184624;3283;1002;223683;4925;1151;0;40
FR;5;2023-01-01;0;0;0;0;0;0;0;0;0;276964;184624;3283;1002;223683;4925;1151;0;40
FR;5;2023-01-02;1;1;1;0;1;1;0;0;0;276965;184625;3284;1002;223684;4926;1151;0;40
FR;5;2023-01-03;3;1;0;0;2;0;0;0;0;276968;184626;3284;1002;223686;4926;1151;0;40
FR;5;2023-01-04;6;1;1;0;2;1;0;0;0;276974;184627;3285;1002;223688;4927;1151;0;40
FR;5;2023-01-05;0;3;0;0;3;0;0;0;0;276974;184630;3285;1002;223691;4927;1151;0;40
FR;5;2023-01-06;2;1;1;0;1;1;0;0;0;276976;184631;3286;1002;223692;4928;1151;0;40
FR;5;2023-01-07;5;1;1;0;1;2;0;0;0;276981;184632;3287;1002;223693;4930;1151;0;40
FR;5;2023-01-08;2;2;0;0;2;0;0;0;0;276983;184634;3287;1002;223695;4930;1151;0;40
FR;5;2023-01-09;4;0;1;0;1;1;0;0;0;276987;184634;3288;1002;223696;4931;1151;0;40
FR;5;2023-01-10;3;1;0;0;2;0;0;0;0;276990;184635;3288;1002;223698;4931;1151;0;40
FR;5;2023-01-11;7;5;3;0;4;4;0;0;0;276997;184640;3291;1002;223702;4935;1151;0;40
FR;5;2023-01-12;14;6;4;0;6;6;0;0;0;277011;184646;3295;1002;223708;4941;1151;0;40
FR;5;2023-01-13;55;16;16;0;31;18;0;0;0;277066;184662;3311;1002;223739;4959;1151;0;40
FR;5;2023-01-14;56;34;13;1;34;20;2;0;0;277122;184696;3324;1003;223773;4979;1153;0;40
FR;5;2023-01-15;13;9;0;0;5;4;0;0;0;277135;184705;3324;1003;223778;4983;1153;0;40
FR;5;2023-01-16;13;8;3;0;8;3;0;0;0;277148;184713;3327;1003;223786;4986;1153;0;40
FR;5;2023-01-17;12;8;3;0;4;7;0;0;0;277160;184721;3330;1003;223790;4993;1153;0;40
FR;5;2023-01-18;71;35;21;2;46;25;2;0;0;277231;184756;3351;1005;223836;5018;1155;0;40
FR;5;2023-01-19;13;6;8;0;5;10;1;0;0;277244;184762;3359;1005;223841;5028;1156;0;40
FR;5;2023-01-20;27;17;13;0;17;18;0;0;2;277271;184779;3372;1005;223858;5046;1156;0;42
FR;5;2023-01-21;34;23;18;1;31;21;1;0;0;277305;184802;3390;1006;223889;5067;1157;0;42
FR;5;2023-01-22;6;4;2;0;4;3;0;0;0;277311;184806;3392;1006;223893;5070;1157;0;42
FR;5;2023-01-23;6;5;3;0;3;5;0;0;0;277317;184811;3395;1006;223896;5075;1157;0;42
FR;5;2023-01-24;16;3;3;0;6;4;0;0;0;277333;184814;3398;1006;223902;5079;1157;0;42
FR;5;2023-01-25;33;31;12;2;27;23;2;0;0;277366;184845;3410;1008;223929;5102;1159;0;42
FR;5;2023-01-26;6;5;4;0;6;4;0;0;0;277372;184850;3414;1008;223935;5106;1159;0;42
FR;5;2023-01-27;18;13;8;0;17;8;1;0;0;277390;184863;3422;1008;223952;5114;1160;0;42
FR;5;2023-01-28;21;8;4;3;11;6;3;0;0;277411;184871;3426;1011;223963;5120;1163;0;42
FR;5;2023-01-29;0;3;0;0;2;1;0;0;0;277411;184874;3426;1011;223965;5121;1163;0;42
FR;5;2023-01-30;7;5;3;0;4;6;0;0;0;277418;184879;3429;1011;223969;5127;1163;0;42
FR;5;2023-01-31;3;7;2;0;5;4;0;0;0;277421;184886;3431;1011;223974;5131;1163;0;42
FR;5;2023-02-01;18;18;7;1;19;8;1;0;0;277439;184904;3438;1012;223993;5139;1164;0;42
FR;5;2023-02-02;7;8;1;0;7;2;0;0;0;277446;184912;3439;1012;224000;5141;1164;0;42
FR;5;2023-02-03;15;25;6;0;26;9;0;0;0;277461;184937;3445;1012;224026;5150;1164;0;42
FR;5;2023-02-04;15;23;5;0;25;6;0;0;0;277476;184960;3450;1012;224051;5156;1164;0;42
FR;5;2023-02-05;1;2;0;1;2;1;0;0;0;277477;184962;3450;1013;224053;5157;1164;0;42
FR;5;2023-02-06;12;11;7;0;12;7;0;0;0;277489;184973;3457;1013;224065;5164;1164;0;42
FR;5;2023-02-07;6;11;2;0;10;4;0;0;0;277495;184984;3459;1013;224075;5168;1164;0;42
FR;5;2023-02-08;29;35;8;0;39;10;0;0;0;277524;185019;3467;1013;224114;5178;1164;0;42
FR;5;2023-02-09;15;7;5;0;8;5;0;0;0;277539;185026;3472;1013;224122;5183;1164;0;42
FR;5;2023-02-10;11;22;5;0;24;7;0;0;0;277550;185048;3477;1013;224146;5190;1164;0;42
FR;5;2023-02-11;12;11;3;1;15;4;0;0;0;277562;185059;3480;1014;224161;5194;1164;0;42
FR;5;2023-02-12;4;7;1;0;8;1;0;0;0;277566;185066;3481;1014;224169;5195;1164;0;42
FR;5;2023-02-13;4;6;6;0;5;7;0;0;0;277570;185072;3487;1014;224174;5202;1164;0;42
FR;5;2023-02-14;11;8;2;0;9;3;0;0;0;277581;185080;3489;1014;224183;5205;1164;0;42
FR;5;2023-02-15;27;25;4;0;27;5;0;0;0;277608;185105;3493;1014;224210;5210;1164;0;42
FR;5;2023-02-16;8;4;3;0;8;3;0;0;0;277616;185109;3496;1014;224218;5213;1164;0;42
FR;5;2023-02-17;9;5;9;0;6;9;0;0;0;277625;185114;3505;1014;224224;5222;1164;0;42
FR;5;2023-02-18;9;14;3;1;16;3;1;0;0;277634;185128;3508;1015;224240;5225;1165;0;42
FR;5;2023-02-19;0;1;0;0;1;0;0;0;0;277634;185129;3508;1015;224241;5225;1165;0;42
FR;5;2023-02-20;6;6;4;0;6;5;0;0;0;277640;185135;3512;1015;224247;5230;1165;0;42
FR;5;2023-02-21;4;6;5;0;7;5;0;0;0;277644;185141;3517;1015;224254;5235;1165;0;42
FR;5;2023-02-22;10;16;5;0;15;5;1;0;0;277654;185157;3522;1015;224269;5240;1166;0;42
FR;5;2023-02-23;5;5;2;0;5;2;0;0;0;277659;185162;3524;1015;224274;5242;1166;0;42
FR;5;2023-02-24;17;23;1;0;22;3;0;0;0;277676;185185;3525;1015;224296;5245;1166;0;42
FR;5;2023-02-25;11;9;0;0;10;0;0;0;0;277687;185194;3525;1015;224306;5245;1166;0;42
FR;5;2023-02-26;1;1;0;0;1;0;0;0;0;277688;185195;3525;1015;224307;5245;1166;0;42
FR;5;2023-02-27;7;5;2;0;5;2;0;0;0;277695;185200;3527;1015;224312;5247;1166;0;42
FR;5;2023-02-28;4;8;2;0;8;4;0;0;0;277699;185208;3529;1015;224320;5251;1166;0;42
FR;5;2023-03-01;12;25;1;0;23;3;1;0;0;277711;185233;3530;1015;224343;5254;1167;0;42
FR;5;2023-03-02;7;13;3;0;12;5;0;0;0;277718;185246;3533;1015;224355;5259;1167;0;42
FR;5;2023-03-03;11;4;3;0;8;3;1;0;0;277729;185250;3536;1015;224363;5262;1168;0;42
FR;5;2023-03-04;8;17;7;0;18;8;0;0;0;277737;185267;3543;1015;224381;5270;1168;0;42
FR;5;2023-03-05;3;3;0;0;3;0;0;0;0;277740;185270;3543;1015;224384;5270;1168;0;42
FR;5;2023-03-06;2;8;2;0;6;4;0;0;0;277742;185278;3545;1015;224390;5274;1168;0;42
FR;5;2023-03-07;2;9;4;0;9;4;0;0;0;277744;185287;3549;1015;224399;5278;1168;0;42
FR;5;2023-03-08;9;21;1;0;22;1;0;0;0;277753;185308;3550;1015;224421;5279;1168;0;42
FR;5;2023-03-09;1;6;0;0;5;1;0;0;0;277754;185314;3550;1015;224426;5280;1168;0;42
FR;5;2023-03-10;3;7;2;1;8;2;1;0;0;277757;185321;3552;1016;224434;5282;1169;0;42
FR;5;2023-03-11;5;2;0;0;4;0;0;0;0;277762;185323;3552;1016;224438;5282;1169;0;42
FR;5;2023-03-12;0;1;0;0;1;0;0;0;0;277762;185324;3552;1016;224439;5282;1169;0;42
FR;5;2023-03-13;2;2;0;0;4;0;0;0;0;277764;185326;3552;1016;224443;5282;1169;0;42
FR;5;2023-03-14;6;1;1;1;5;1;1;0;0;277770;185327;3553;1017;224448;5283;1170;0;42
FR;5;2023-03-15;7;8;2;0;12;3;0;0;0;277777;185335;3555;1017;224460;5286;1170;0;42
FR;5;2023-03-16;2;6;0;0;6;0;0;0;0;277779;185341;3555;1017;224466;5286;1170;0;42
FR;5;2023-03-17;14;15;3;0;13;4;1;0;0;277793;185356;3558;1017;224479;5290;1171;0;42
FR;5;2023-03-18;4;9;0;0;9;1;0;0;0;277797;185365;3558;1017;224488;5291;1171;0;42
FR;5;2023-03-19;0;0;0;0;0;0;0;0;0;277797;185365;3558;1017;224488;5291;1171;0;42
FR;5;2023-03-20;3;8;0;0;9;0;0;0;0;277800;185373;3558;1017;224497;5291;1171;0;42
FR;5;2023-03-21;2;7;2;2;7;2;2;0;0;277802;185380;3560;1019;224504;5293;1173;0;42
FR;5;2023-03-22;9;22;3;0;20;4;0;0;0;277811;185402;3563;1019;224524;5297;1173;0;42
FR;5;2023-03-23;2;5;1;0;5;1;0;0;0;277813;185407;3564;1019;224529;5298;1173;0;42
FR;5;2023-03-24;5;9;1;0;9;3;0;0;0;277818;185416;3565;1019;224538;5301;1173;0;42
FR;5;2023-03-25;3;8;2;0;8;2;0;0;0;277821;185424;3567;1019;224546;5303;1173;0;42
FR;5;2023-03-26;0;1;0;0;0;1;0;0;0;277821;185425;3567;1019;224546;5304;1173;0;42
FR;5;2023-03-27;3;0;1;0;1;1;0;0;0;277824;185425;3568;1019;224547;5305;1173;0;42
FR;5;2023-03-28;3;3;0;0;4;0;0;0;0;277827;185428;3568;1019;224551;5305;1173;0;42
FR;5;2023-03-29;7;16;4;0;16;6;0;0;0;277834;185444;3572;1019;224567;5311;1173;0;42
FR;5;2023-03-30;3;2;0;0;4;0;0;0;1;277837;185446;3572;1019;224571;5311;1173;0;43
FR;5;2023-03-31;3;7;2;1;7;2;1;0;0;277840;185453;3574;1020;224578;5313;1174;0;43
FR;5;2023-04-01;5;7;3;1;5;4;2;0;0;277845;185460;3577;1021;224583;5317;1176;0;43
FR;5;2023-04-02;0;1;0;0;1;0;0;0;0;277845;185461;3577;1021;224584;5317;1176;0;43
FR;5;2023-04-03;3;4;2;0;4;0;2;0;0;277848;185465;3579;1021;224588;5317;1178;0;43
FR;5;2023-04-04;1;3;0;0;3;0;0;0;0;277849;185468;3579;1021;224591;5317;1178;0;43
FR;5;2023-04-05;3;6;1;0;5;2;0;0;0;277852;185474;3580;1021;224596;5319;1178;0;43
FR;5;2023-04-06;3;3;0;0;3;0;0;0;0;277855;185477;3580;1021;224599;5319;1178;0;43
FR;5;2023-04-07;5;4;1;0;4;1;0;0;0;277860;185481;3581;1021;224603;5320;1178;0;43
FR;5;2023-04-08;6;10;1;0;10;1;0;0;0;277866;185491;3582;1021;224613;5321;1178;0;43
FR;5;2023-04-09;0;0;0;0;0;0;0;0;0;277866;185491;3582;1021;224613;5321;1178;0;43
FR;5;2023-04-10;0;0;0;0;0;0;0;0;0;277866;185491;3582;1021;224613;5321;1178;0;43
FR;5;2023-04-11;1;6;0;0;6;0;0;0;1;277867;185497;3582;1021;224619;5321;1178;0;44
FR;5;2023-04-12;4;9;1;0;9;1;0;0;0;277871;185506;3583;1021;224628;5322;1178;0;44
FR;5;2023-04-13;2;1;2;0;0;3;0;0;0;277873;185507;3585;1021;224628;5325;1178;0;44
FR;5;2023-04-14;5;5;2;0;8;2;0;0;0;277878;185512;3587;1021;224636;5327;1178;0;44
FR;5;2023-04-15;3;4;0;0;4;0;0;0;0;277881;185516;3587;1021;224640;5327;1178;0;44
FR;5;2023-04-16;1;0;0;0;0;0;0;0;0;277882;185516;3587;1021;224640;5327;1178;0;44
FR;5;2023-04-17;4;4;3;0;4;3;0;0;0;277886;185520;3590;1021;224644;5330;1178;0;44
FR;5;2023-04-18;3;2;0;0;2;0;0;0;0;277889;185522;3590;1021;224646;5330;1178;0;44
FR;5;2023-04-19;6;7;0;0;3;5;0;0;0;277895;185529;3590;1021;224649;5335;1178;0;44
FR;6;2020-12-27;0;0;0;0;0;0;0;0;0;0;0;0;0;0;0;0;0;0
FR;6;2020-12-28;0;0;0;0;0;0;0;0;0;0;0;0;0;0;0;0;0;0
FR;6;2020-12-29;0;0;0;0;0;0;0;0;0;0;0;0;0;0;0;0;0;0
FR;6;2020-12-30;0;0;0;0;0;0;0;0;0;0;0;0;0;0;0;0;0;0
FR;6;2020-12-31;0;0;0;0;0;0;0;0;0;0;0;0;0;0;0;0;0;0
FR;6;2021-01-01;0;0;0;0;0;0;0;0;0;0;0;0;0;0;0;0;0;0
FR;6;2021-01-02;0;0;0;0;0;0;0;0;0;0;0;0;0;0;0;0;0;0
FR;6;2021-01-03;0;0;0;0;0;0;0;0;0;0;0;0;0;0;0;0;0;0
FR;6;2021-01-04;0;0;0;0;0;0;0;0;0;0;0;0;0;0;0;0;0;0
FR;6;2021-01-05;0;0;0;0;0;0;0;0;0;0;0;0;0;0;0;0;0;0
FR;6;2021-01-06;0;0;0;0;0;0;0;0;0;0;0;0;0;0;0;0;0;0
FR;6;2021-01-07;0;0;0;0;0;0;0;0;0;0;0;0;0;0;0;0;0;0
FR;6;2021-01-08;0;0;0;0;0;0;0;0;0;0;0;0;0;0;0;0;0;0
FR;6;2021-01-09;0;0;0;0;0;0;0;0;0;0;0;0;0;0;0;0;0;0
FR;6;2021-01-10;0;0;0;0;0;0;0;0;0;0;0;0;0;0;0;0;0;0
FR;6;2021-01-11;0;0;0;0;0;0;0;0;0;0;0;0;0;0;0;0;0;0
FR;6;2021-01-12;0;0;0;0;0;0;0;0;0;0;0;0;0;0;0;0;0;0
FR;6;2021-01-13;0;0;0;0;0;0;0;0;0;0;0;0;0;0;0;0;0;0
FR;6;2021-01-14;0;0;0;0;0;0;0;0;0;0;0;0;0;0;0;0;0;0
FR;6;2021-01-15;0;0;0;0;0;0;0;0;0;0;0;0;0;0;0;0;0;0
FR;6;2021-01-16;0;0;0;0;0;0;0;0;0;0;0;0;0;0;0;0;0;0
FR;6;2021-01-17;0;0;0;0;0;0;0;0;0;0;0;0;0;0;0;0;0;0
FR;6;2021-01-18;0;0;0;0;0;0;0;0;0;0;0;0;0;0;0;0;0;0
FR;6;2021-01-19;0;0;0;0;0;0;0;0;0;0;0;0;0;0;0;0;0;0
FR;6;2021-01-20;0;0;0;0;0;0;0;0;0;0;0;0;0;0;0;0;0;0
FR;6;2021-01-21;0;0;0;0;0;0;0;0;0;0;0;0;0;0;0;0;0;0
FR;6;2021-01-22;0;0;0;0;0;0;0;0;0;0;0;0;0;0;0;0;0;0
FR;6;2021-01-23;0;0;0;0;0;0;0;0;0;0;0;0;0;0;0;0;0;0
FR;6;2021-01-24;0;0;0;0;0;0;0;0;0;0;0;0;0;0;0;0;0;0
FR;6;2021-01-25;0;0;0;0;0;0;0;0;0;0;0;0;0;0;0;0;0;0
FR;6;2021-01-26;0;0;0;0;0;0;0;0;0;0;0;0;0;0;0;0;0;0
FR;6;2021-01-27;0;0;0;0;0;0;0;0;0;0;0;0;0;0;0;0;0;0
FR;6;2021-01-28;0;0;0;0;0;0;0;0;0;0;0;0;0;0;0;0;0;0
FR;6;2021-01-29;0;0;0;0;0;0;0;0;0;0;0;0;0;0;0;0;0;0
FR;6;2021-01-30;0;0;0;0;0;0;0;0;0;0;0;0;0;0;0;0;0;0
FR;6;2021-01-31;0;0;0;0;0;0;0;0;0;0;0;0;0;0;0;0;0;0
FR;6;2021-02-01;0;0;0;0;0;0;0;0;0;0;0;0;0;0;0;0;0;0
FR;6;2021-02-02;0;0;0;0;0;0;0;0;0;0;0;0;0;0;0;0;0;0
FR;6;2021-02-03;0;0;0;0;0;0;0;0;0;0;0;0;0;0;0;0;0;0
FR;6;2021-02-04;0;0;0;0;0;0;0;0;0;0;0;0;0;0;0;0;0;0
FR;6;2021-02-05;0;0;0;0;0;0;0;0;0;0;0;0;0;0;0;0;0;0
FR;6;2021-02-06;0;0;0;0;0;0;0;0;0;0;0;0;0;0;0;0;0;0
FR;6;2021-02-07;0;0;0;0;0;0;0;0;0;0;0;0;0;0;0;0;0;0
FR;6;2021-02-08;0;0;0;0;0;0;0;0;0;0;0;0;0;0;0;0;0;0
FR;6;2021-02-09;0;0;0;0;0;0;0;0;0;0;0;0;0;0;0;0;0;0
FR;6;2021-02-10;0;0;0;0;0;0;0;0;0;0;0;0;0;0;0;0;0;0
FR;6;2021-02-11;0;0;0;0;0;0;0;0;0;0;0;0;0;0;0;0;0;0
FR;6;2021-02-12;0;0;0;0;0;0;0;0;0;0;0;0;0;0;0;0;0;0
FR;6;2021-02-13;0;0;0;0;0;0;0;0;0;0;0;0;0;0;0;0;0;0
FR;6;2021-02-14;0;0;0;0;0;0;0;0;0;0;0;0;0;0;0;0;0;0
FR;6;2021-02-15;0;0;0;0;0;0;0;0;0;0;0;0;0;0;0;0;0;0
FR;6;2021-02-16;0;0;0;0;0;0;0;0;0;0;0;0;0;0;0;0;0;0
FR;6;2021-02-17;0;0;0;0;0;0;0;0;0;0;0;0;0;0;0;0;0;0
FR;6;2021-02-18;0;0;0;0;0;0;0;0;0;0;0;0;0;0;0;0;0;0
FR;6;2021-02-19;0;0;0;0;0;0;0;0;0;0;0;0;0;0;0;0;0;0
FR;6;2021-02-20;0;0;0;0;0;0;0;0;0;0;0;0;0;0;0;0;0;0
FR;6;2021-02-21;0;0;0;0;0;0;0;0;0;0;0;0;0;0;0;0;0;0
FR;6;2021-02-22;0;0;0;0;0;0;0;0;0;0;0;0;0;0;0;0;0;0
FR;6;2021-02-23;0;0;0;0;0;0;0;0;0;0;0;0;0;0;0;0;0;0
FR;6;2021-02-24;0;0;0;0;0;0;0;0;0;0;0;0;0;0;0;0;0;0
FR;6;2021-02-25;0;0;0;0;0;0;0;0;0;0;0;0;0;0;0;0;0;0
FR;6;2021-02-26;0;0;0;0;0;0;0;0;0;0;0;0;0;0;0;0;0;0
FR;6;2021-02-27;0;0;0;0;0;0;0;0;0;0;0;0;0;0;0;0;0;0
FR;6;2021-02-28;0;0;0;0;0;0;0;0;0;0;0;0;0;0;0;0;0;0
FR;6;2021-03-01;0;0;0;0;0;0;0;0;0;0;0;0;0;0;0;0;0;0
FR;6;2021-03-02;0;0;0;0;0;0;0;0;0;0;0;0;0;0;0;0;0;0
FR;6;2021-03-03;0;0;0;0;0;0;0;0;0;0;0;0;0;0;0;0;0;0
FR;6;2021-03-04;0;0;0;0;0;0;0;0;0;0;0;0;0;0;0;0;0;0
FR;6;2021-03-05;0;0;0;0;0;0;0;0;0;0;0;0;0;0;0;0;0;0
FR;6;2021-03-06;0;0;0;0;0;0;0;0;0;0;0;0;0;0;0;0;0;0
FR;6;2021-03-07;0;0;0;0;0;0;0;0;0;0;0;0;0;0;0;0;0;0
FR;6;2021-03-08;0;0;0;0;0;0;0;0;0;0;0;0;0;0;0;0;0;0
FR;6;2021-03-09;0;0;0;0;0;0;0;0;0;0;0;0;0;0;0;0;0;0
FR;6;2021-03-10;0;0;0;0;0;0;0;0;0;0;0;0;0;0;0;0;0;0
FR;6;2021-03-11;0;0;0;0;0;0;0;0;0;0;0;0;0;0;0;0;0;0
FR;6;2021-03-12;0;0;0;0;0;0;0;0;0;0;0;0;0;0;0;0;0;0
FR;6;2021-03-13;0;0;0;0;0;0;0;0;0;0;0;0;0;0;0;0;0;0
FR;6;2021-03-14;0;0;0;0;0;0;0;0;0;0;0;0;0;0;0;0;0;0
FR;6;2021-03-15;0;0;0;0;0;0;0;0;0;0;0;0;0;0;0;0;0;0
FR;6;2021-03-16;0;0;0;0;0;0;0;0;0;0;0;0;0;0;0;0;0;0
FR;6;2021-03-17;0;0;0;0;0;0;0;0;0;0;0;0;0;0;0;0;0;0
FR;6;2021-03-18;0;0;0;0;0;0;0;0;0;0;0;0;0;0;0;0;0;0
FR;6;2021-03-19;0;0;0;0;0;0;0;0;0;0;0;0;0;0;0;0;0;0
FR;6;2021-03-20;0;0;0;0;0;0;0;0;0;0;0;0;0;0;0;0;0;0
FR;6;2021-03-21;0;0;0;0;0;0;0;0;0;0;0;0;0;0;0;0;0;0
FR;6;2021-03-22;0;0;0;0;0;0;0;0;0;0;0;0;0;0;0;0;0;0
FR;6;2021-03-23;0;0;0;0;0;0;0;0;0;0;0;0;0;0;0;0;0;0
FR;6;2021-03-24;0;0;0;0;0;0;0;0;0;0;0;0;0;0;0;0;0;0
FR;6;2021-03-25;0;0;0;0;0;0;0;0;0;0;0;0;0;0;0;0;0;0
FR;6;2021-03-26;0;0;0;0;0;0;0;0;0;0;0;0;0;0;0;0;0;0
FR;6;2021-03-27;0;0;0;0;0;0;0;0;0;0;0;0;0;0;0;0;0;0
FR;6;2021-03-28;0;0;0;0;0;0;0;0;0;0;0;0;0;0;0;0;0;0
FR;6;2021-03-29;0;0;0;0;0;0;0;0;0;0;0;0;0;0;0;0;0;0
FR;6;2021-03-30;0;0;0;0;0;0;0;0;0;0;0;0;0;0;0;0;0;0
FR;6;2021-03-31;0;0;0;0;0;0;0;0;0;0;0;0;0;0;0;0;0;0
FR;6;2021-04-01;0;0;0;0;0;0;0;0;0;0;0;0;0;0;0;0;0;0
FR;6;2021-04-02;0;0;0;0;0;0;0;0;0;0;0;0;0;0;0;0;0;0
FR;6;2021-04-03;0;0;0;0;0;0;0;0;0;0;0;0;0;0;0;0;0;0
FR;6;2021-04-04;0;0;0;0;0;0;0;0;0;0;0;0;0;0;0;0;0;0
FR;6;2021-04-05;0;0;0;0;0;0;0;0;0;0;0;0;0;0;0;0;0;0
FR;6;2021-04-06;0;0;0;0;0;0;0;0;0;0;0;0;0;0;0;0;0;0
FR;6;2021-04-07;0;0;0;0;0;0;0;0;0;0;0;0;0;0;0;0;0;0
FR;6;2021-04-08;0;0;0;0;0;0;0;0;0;0;0;0;0;0;0;0;0;0
FR;6;2021-04-09;0;0;0;0;0;0;0;0;0;0;0;0;0;0;0;0;0;0
FR;6;2021-04-10;0;0;0;0;0;0;0;0;0;0;0;0;0;0;0;0;0;0
FR;6;2021-04-11;0;0;0;0;0;0;0;0;0;0;0;0;0;0;0;0;0;0
FR;6;2021-04-12;0;0;0;0;0;0;0;0;0;0;0;0;0;0;0;0;0;0
FR;6;2021-04-13;0;0;0;0;0;0;0;0;0;0;0;0;0;0;0;0;0;0
FR;6;2021-04-14;0;0;0;0;0;0;0;0;0;0;0;0;0;0;0;0;0;0
FR;6;2021-04-15;0;0;0;0;0;0;0;0;0;0;0;0;0;0;0;0;0;0
FR;6;2021-04-16;0;0;0;0;0;0;0;0;0;0;0;0;0;0;0;0;0;0
FR;6;2021-04-17;0;0;0;0;0;0;0;0;0;0;0;0;0;0;0;0;0;0
FR;6;2021-04-18;0;0;0;0;0;0;0;0;0;0;0;0;0;0;0;0;0;0
FR;6;2021-04-19;0;0;0;0;0;0;0;0;0;0;0;0;0;0;0;0;0;0
FR;6;2021-04-20;0;0;0;0;0;0;0;0;0;0;0;0;0;0;0;0;0;0
FR;6;2021-04-21;0;0;0;0;0;0;0;0;0;0;0;0;0;0;0;0;0;0
FR;6;2021-04-22;0;0;0;0;0;0;0;0;0;0;0;0;0;0;0;0;0;0
FR;6;2021-04-23;0;0;0;0;0;0;0;0;0;0;0;0;0;0;0;0;0;0
FR;6;2021-04-24;0;0;0;0;0;0;0;0;0;0;0;0;0;0;0;0;0;0
FR;6;2021-04-25;0;0;0;0;0;0;0;0;0;0;0;0;0;0;0;0;0;0
FR;6;2021-04-26;0;0;0;0;0;0;0;0;0;0;0;0;0;0;0;0;0;0
FR;6;2021-04-27;0;0;0;0;0;0;0;0;0;0;0;0;0;0;0;0;0;0
FR;6;2021-04-28;0;0;0;0;0;0;0;0;0;0;0;0;0;0;0;0;0;0
FR;6;2021-04-29;0;0;0;0;0;0;0;0;0;0;0;0;0;0;0;0;0;0
FR;6;2021-04-30;0;0;0;0;0;0;0;0;0;0;0;0;0;0;0;0;0;0
FR;6;2021-05-01;0;0;0;0;0;0;0;0;0;0;0;0;0;0;0;0;0;0
FR;6;2021-05-02;0;0;0;0;0;0;0;0;0;0;0;0;0;0;0;0;0;0
FR;6;2021-05-03;0;0;0;0;0;0;0;0;0;0;0;0;0;0;0;0;0;0
FR;6;2021-05-04;0;0;0;0;0;0;0;0;0;0;0;0;0;0;0;0;0;0
FR;6;2021-05-05;0;0;0;0;0;0;0;0;0;0;0;0;0;0;0;0;0;0
FR;6;2021-05-06;0;0;0;0;0;0;0;0;0;0;0;0;0;0;0;0;0;0
FR;6;2021-05-07;0;0;0;0;0;0;0;0;0;0;0;0;0;0;0;0;0;0
FR;6;2021-05-08;0;0;0;0;0;0;0;0;0;0;0;0;0;0;0;0;0;0
FR;6;2021-05-09;0;0;0;0;0;0;0;0;0;0;0;0;0;0;0;0;0;0
FR;6;2021-05-10;0;0;0;0;0;0;0;0;0;0;0;0;0;0;0;0;0;0
FR;6;2021-05-11;0;0;0;0;0;0;0;0;0;0;0;0;0;0;0;0;0;0
FR;6;2021-05-12;0;0;0;0;0;0;0;0;0;0;0;0;0;0;0;0;0;0
FR;6;2021-05-13;0;0;0;0;0;0;0;0;0;0;0;0;0;0;0;0;0;0
FR;6;2021-05-14;0;0;0;0;0;0;0;0;0;0;0;0;0;0;0;0;0;0
FR;6;2021-05-15;0;0;0;0;0;0;0;0;0;0;0;0;0;0;0;0;0;0
FR;6;2021-05-16;0;0;0;0;0;0;0;0;0;0;0;0;0;0;0;0;0;0
FR;6;2021-05-17;0;0;0;0;0;0;0;0;0;0;0;0;0;0;0;0;0;0
FR;6;2021-05-18;0;0;0;0;0;0;0;0;0;0;0;0;0;0;0;0;0;0
FR;6;2021-05-19;0;0;0;0;0;0;0;0;0;0;0;0;0;0;0;0;0;0
FR;6;2021-05-20;0;0;0;0;0;0;0;0;0;0;0;0;0;0;0;0;0;0
FR;6;2021-05-21;0;0;0;0;0;0;0;0;0;0;0;0;0;0;0;0;0;0
FR;6;2021-05-22;0;0;0;0;0;0;0;0;0;0;0;0;0;0;0;0;0;0
FR;6;2021-05-23;0;0;0;0;0;0;0;0;0;0;0;0;0;0;0;0;0;0
FR;6;2021-05-24;0;0;0;0;0;0;0;0;0;0;0;0;0;0;0;0;0;0
FR;6;2021-05-25;0;0;0;0;0;0;0;0;0;0;0;0;0;0;0;0;0;0
FR;6;2021-05-26;0;0;0;0;0;0;0;0;0;0;0;0;0;0;0;0;0;0
FR;6;2021-05-27;0;0;0;0;0;0;0;0;0;0;0;0;0;0;0;0;0;0
FR;6;2021-05-28;0;0;0;0;0;0;0;0;0;0;0;0;0;0;0;0;0;0
FR;6;2021-05-29;0;0;0;0;0;0;0;0;0;0;0;0;0;0;0;0;0;0
FR;6;2021-05-30;0;0;0;0;0;0;0;0;0;0;0;0;0;0;0;0;0;0
FR;6;2021-05-31;0;0;0;0;0;0;0;0;0;0;0;0;0;0;0;0;0;0
FR;6;2021-06-01;0;0;0;0;0;0;0;0;0;0;0;0;0;0;0;0;0;0
FR;6;2021-06-02;0;0;0;0;0;0;0;0;0;0;0;0;0;0;0;0;0;0
FR;6;2021-06-03;0;0;0;0;0;0;0;0;0;0;0;0;0;0;0;0;0;0
FR;6;2021-06-04;0;0;0;0;0;0;0;0;0;0;0;0;0;0;0;0;0;0
FR;6;2021-06-05;0;0;0;0;0;0;0;0;0;0;0;0;0;0;0;0;0;0
FR;6;2021-06-06;0;0;0;0;0;0;0;0;0;0;0;0;0;0;0;0;0;0
FR;6;2021-06-07;0;0;0;0;0;0;0;0;0;0;0;0;0;0;0;0;0;0
FR;6;2021-06-08;0;0;0;0;0;0;0;0;0;0;0;0;0;0;0;0;0;0
FR;6;2021-06-09;0;0;0;0;0;0;0;0;0;0;0;0;0;0;0;0;0;0
FR;6;2021-06-10;0;0;0;0;0;0;0;0;0;0;0;0;0;0;0;0;0;0
FR;6;2021-06-11;0;0;0;0;0;0;0;0;0;0;0;0;0;0;0;0;0;0
FR;6;2021-06-12;0;0;0;0;0;0;0;0;0;0;0;0;0;0;0;0;0;0
FR;6;2021-06-13;0;0;0;0;0;0;0;0;0;0;0;0;0;0;0;0;0;0
FR;6;2021-06-14;0;0;0;0;0;0;0;0;0;0;0;0;0;0;0;0;0;0
FR;6;2021-06-15;0;0;0;0;0;0;0;0;0;0;0;0;0;0;0;0;0;0
FR;6;2021-06-16;0;0;0;0;0;0;0;0;0;0;0;0;0;0;0;0;0;0
FR;6;2021-06-17;0;0;0;0;0;0;0;0;0;0;0;0;0;0;0;0;0;0
FR;6;2021-06-18;0;0;0;0;0;0;0;0;0;0;0;0;0;0;0;0;0;0
FR;6;2021-06-19;0;0;0;0;0;0;0;0;0;0;0;0;0;0;0;0;0;0
FR;6;2021-06-20;0;0;0;0;0;0;0;0;0;0;0;0;0;0;0;0;0;0
FR;6;2021-06-21;0;0;0;0;0;0;0;0;0;0;0;0;0;0;0;0;0;0
FR;6;2021-06-22;0;0;0;0;0;0;0;0;0;0;0;0;0;0;0;0;0;0
FR;6;2021-06-23;0;0;0;0;0;0;0;0;0;0;0;0;0;0;0;0;0;0
FR;6;2021-06-24;0;0;0;0;0;0;0;0;0;0;0;0;0;0;0;0;0;0
FR;6;2021-06-25;0;0;0;0;0;0;0;0;0;0;0;0;0;0;0;0;0;0
FR;6;2021-06-26;0;0;0;0;0;0;0;0;0;0;0;0;0;0;0;0;0;0
FR;6;2021-06-27;0;0;0;0;0;0;0;0;0;0;0;0;0;0;0;0;0;0
FR;6;2021-06-28;0;0;0;0;0;0;0;0;0;0;0;0;0;0;0;0;0;0
FR;6;2021-06-29;0;0;0;0;0;0;0;0;0;0;0;0;0;0;0;0;0;0
FR;6;2021-06-30;0;0;0;0;0;0;0;0;0;0;0;0;0;0;0;0;0;0
FR;6;2021-07-01;0;0;0;0;0;0;0;0;0;0;0;0;0;0;0;0;0;0
FR;6;2021-07-02;0;0;0;0;0;0;0;0;0;0;0;0;0;0;0;0;0;0
FR;6;2021-07-03;0;0;0;0;0;0;0;0;0;0;0;0;0;0;0;0;0;0
FR;6;2021-07-04;0;0;0;0;0;0;0;0;0;0;0;0;0;0;0;0;0;0
FR;6;2021-07-05;0;0;0;0;0;0;0;0;0;0;0;0;0;0;0;0;0;0
FR;6;2021-07-06;0;0;0;0;0;0;0;0;0;0;0;0;0;0;0;0;0;0
FR;6;2021-07-07;0;0;0;0;0;0;0;0;0;0;0;0;0;0;0;0;0;0
FR;6;2021-07-08;0;0;0;0;0;0;0;0;0;0;0;0;0;0;0;0;0;0
FR;6;2021-07-09;0;0;0;0;0;0;0;0;0;0;0;0;0;0;0;0;0;0
FR;6;2021-07-10;0;0;0;0;0;0;0;0;0;0;0;0;0;0;0;0;0;0
FR;6;2021-07-11;0;0;0;0;0;0;0;0;0;0;0;0;0;0;0;0;0;0
FR;6;2021-07-12;0;0;0;0;0;0;0;0;0;0;0;0;0;0;0;0;0;0
FR;6;2021-07-13;0;0;0;0;0;0;0;0;0;0;0;0;0;0;0;0;0;0
FR;6;2021-07-14;0;0;0;0;0;0;0;0;0;0;0;0;0;0;0;0;0;0
FR;6;2021-07-15;0;0;0;0;0;0;0;0;0;0;0;0;0;0;0;0;0;0
FR;6;2021-07-16;0;0;0;0;0;0;0;0;0;0;0;0;0;0;0;0;0;0
FR;6;2021-07-17;0;0;0;0;0;0;0;0;0;0;0;0;0;0;0;0;0;0
FR;6;2021-07-18;0;0;0;0;0;0;0;0;0;0;0;0;0;0;0;0;0;0
FR;6;2021-07-19;0;0;0;0;0;0;0;0;0;0;0;0;0;0;0;0;0;0
FR;6;2021-07-20;0;0;0;0;0;0;0;0;0;0;0;0;0;0;0;0;0;0
FR;6;2021-07-21;0;0;0;0;0;0;0;0;0;0;0;0;0;0;0;0;0;0
FR;6;2021-07-22;0;0;0;0;0;0;0;0;0;0;0;0;0;0;0;0;0;0
FR;6;2021-07-23;0;0;0;0;0;0;0;0;0;0;0;0;0;0;0;0;0;0
FR;6;2021-07-24;0;0;0;0;0;0;0;0;0;0;0;0;0;0;0;0;0;0
FR;6;2021-07-25;0;0;0;0;0;0;0;0;0;0;0;0;0;0;0;0;0;0
FR;6;2021-07-26;0;0;0;0;0;0;0;0;0;0;0;0;0;0;0;0;0;0
FR;6;2021-07-27;0;0;0;0;0;0;0;0;0;0;0;0;0;0;0;0;0;0
FR;6;2021-07-28;0;0;0;0;0;0;0;0;0;0;0;0;0;0;0;0;0;0
FR;6;2021-07-29;0;0;0;0;0;0;0;0;0;0;0;0;0;0;0;0;0;0
FR;6;2021-07-30;0;0;0;0;0;0;0;0;0;0;0;0;0;0;0;0;0;0
FR;6;2021-07-31;0;0;0;0;0;0;0;0;0;0;0;0;0;0;0;0;0;0
FR;6;2021-08-01;0;0;0;0;0;0;0;0;0;0;0;0;0;0;0;0;0;0
FR;6;2021-08-02;0;0;0;0;0;0;0;0;0;0;0;0;0;0;0;0;0;0
FR;6;2021-08-03;0;0;0;0;0;0;0;0;0;0;0;0;0;0;0;0;0;0
FR;6;2021-08-04;0;0;0;0;0;0;0;0;0;0;0;0;0;0;0;0;0;0
FR;6;2021-08-05;0;0;0;0;0;0;0;0;0;0;0;0;0;0;0;0;0;0
FR;6;2021-08-06;0;0;0;0;0;0;0;0;0;0;0;0;0;0;0;0;0;0
FR;6;2021-08-07;0;0;0;0;0;0;0;0;0;0;0;0;0;0;0;0;0;0
FR;6;2021-08-08;0;0;0;0;0;0;0;0;0;0;0;0;0;0;0;0;0;0
FR;6;2021-08-09;0;0;0;0;0;0;0;0;0;0;0;0;0;0;0;0;0;0
FR;6;2021-08-10;0;0;0;0;0;0;0;0;0;0;0;0;0;0;0;0;0;0
FR;6;2021-08-11;0;0;0;0;0;0;0;0;0;0;0;0;0;0;0;0;0;0
FR;6;2021-08-12;0;0;0;0;0;0;0;0;0;0;0;0;0;0;0;0;0;0
FR;6;2021-08-13;0;0;0;0;0;0;0;0;0;0;0;0;0;0;0;0;0;0
FR;6;2021-08-14;0;0;0;0;0;0;0;0;0;0;0;0;0;0;0;0;0;0
FR;6;2021-08-15;0;0;0;0;0;0;0;0;0;0;0;0;0;0;0;0;0;0
FR;6;2021-08-16;0;0;0;0;0;0;0;0;0;0;0;0;0;0;0;0;0;0
FR;6;2021-08-17;0;0;0;0;0;0;0;0;0;0;0;0;0;0;0;0;0;0
FR;6;2021-08-18;0;0;0;0;0;0;0;0;0;0;0;0;0;0;0;0;0;0
FR;6;2021-08-19;0;0;0;0;0;0;0;0;0;0;0;0;0;0;0;0;0;0
FR;6;2021-08-20;0;0;0;0;0;0;0;0;0;0;0;0;0;0;0;0;0;0
FR;6;2021-08-21;0;0;0;0;0;0;0;0;0;0;0;0;0;0;0;0;0;0
FR;6;2021-08-22;0;0;0;0;0;0;0;0;0;0;0;0;0;0;0;0;0;0
FR;6;2021-08-23;0;0;0;0;0;0;0;0;0;0;0;0;0;0;0;0;0;0
FR;6;2021-08-24;0;0;0;0;0;0;0;0;0;0;0;0;0;0;0;0;0;0
FR;6;2021-08-25;0;0;0;0;0;0;0;0;0;0;0;0;0;0;0;0;0;0
FR;6;2021-08-26;0;0;0;0;0;0;0;0;0;0;0;0;0;0;0;0;0;0
FR;6;2021-08-27;0;0;0;0;0;0;0;0;0;0;0;0;0;0;0;0;0;0
FR;6;2021-08-28;0;0;0;0;0;0;0;0;0;0;0;0;0;0;0;0;0;0
FR;6;2021-08-29;0;0;0;0;0;0;0;0;0;0;0;0;0;0;0;0;0;0
FR;6;2021-08-30;0;0;0;0;0;0;0;0;0;0;0;0;0;0;0;0;0;0
FR;6;2021-08-31;0;0;0;0;0;0;0;0;0;0;0;0;0;0;0;0;0;0
FR;6;2021-09-01;0;0;0;0;0;0;0;0;0;0;0;0;0;0;0;0;0;0
FR;6;2021-09-02;0;0;0;0;0;0;0;0;0;0;0;0;0;0;0;0;0;0
FR;6;2021-09-03;0;0;0;0;0;0;0;0;0;0;0;0;0;0;0;0;0;0
FR;6;2021-09-04;0;0;0;0;0;0;0;0;0;0;0;0;0;0;0;0;0;0
FR;6;2021-09-05;0;0;0;0;0;0;0;0;0;0;0;0;0;0;0;0;0;0
FR;6;2021-09-06;0;0;0;0;0;0;0;0;0;0;0;0;0;0;0;0;0;0
FR;6;2021-09-07;0;0;0;0;0;0;0;0;0;0;0;0;0;0;0;0;0;0
FR;6;2021-09-08;0;0;0;0;0;0;0;0;0;0;0;0;0;0;0;0;0;0
FR;6;2021-09-09;0;0;0;0;0;0;0;0;0;0;0;0;0;0;0;0;0;0
FR;6;2021-09-10;0;0;0;0;0;0;0;0;0;0;0;0;0;0;0;0;0;0
FR;6;2021-09-11;0;0;0;0;0;0;0;0;0;0;0;0;0;0;0;0;0;0
FR;6;2021-09-12;0;0;0;0;0;0;0;0;0;0;0;0;0;0;0;0;0;0
FR;6;2021-09-13;0;0;0;0;0;0;0;0;0;0;0;0;0;0;0;0;0;0
FR;6;2021-09-14;0;0;0;0;0;0;0;0;0;0;0;0;0;0;0;0;0;0
FR;6;2021-09-15;0;0;0;0;0;0;0;0;0;0;0;0;0;0;0;0;0;0
FR;6;2021-09-16;0;0;0;0;0;0;0;0;0;0;0;0;0;0;0;0;0;0
FR;6;2021-09-17;0;0;0;0;0;0;0;0;0;0;0;0;0;0;0;0;0;0
FR;6;2021-09-18;0;0;0;0;0;0;0;0;0;0;0;0;0;0;0;0;0;0
FR;6;2021-09-19;0;0;0;0;0;0;0;0;0;0;0;0;0;0;0;0;0;0
FR;6;2021-09-20;0;0;0;0;0;0;0;0;0;0;0;0;0;0;0;0;0;0
FR;6;2021-09-21;0;0;0;0;0;0;0;0;0;0;0;0;0;0;0;0;0;0
FR;6;2021-09-22;0;0;0;0;0;0;0;0;0;0;0;0;0;0;0;0;0;0
FR;6;2021-09-23;0;0;0;0;0;0;0;0;0;0;0;0;0;0;0;0;0;0
FR;6;2021-09-24;0;0;0;0;0;0;0;0;0;0;0;0;0;0;0;0;0;0
FR;6;2021-09-25;0;0;0;0;0;0;0;0;0;0;0;0;0;0;0;0;0;0
FR;6;2021-09-26;0;0;0;0;0;0;0;0;0;0;0;0;0;0;0;0;0;0
FR;6;2021-09-27;0;0;0;0;0;0;0;0;0;0;0;0;0;0;0;0;0;0
FR;6;2021-09-28;0;0;0;0;0;0;0;0;0;0;0;0;0;0;0;0;0;0
FR;6;2021-09-29;0;0;0;0;0;0;0;0;0;0;0;0;0;0;0;0;0;0
FR;6;2021-09-30;0;0;0;0;0;0;0;0;0;0;0;0;0;0;0;0;0;0
FR;6;2021-10-01;0;0;0;0;0;0;0;0;0;0;0;0;0;0;0;0;0;0
FR;6;2021-10-02;0;0;0;0;0;0;0;0;0;0;0;0;0;0;0;0;0;0
FR;6;2021-10-03;0;0;0;0;0;0;0;0;0;0;0;0;0;0;0;0;0;0
FR;6;2021-10-04;0;0;0;0;0;0;0;0;0;0;0;0;0;0;0;0;0;0
FR;6;2021-10-05;0;0;0;0;0;0;0;0;0;0;0;0;0;0;0;0;0;0
FR;6;2021-10-06;0;0;0;0;0;0;0;0;0;0;0;0;0;0;0;0;0;0
FR;6;2021-10-07;0;0;0;0;0;0;0;0;0;0;0;0;0;0;0;0;0;0
FR;6;2021-10-08;0;0;0;0;0;0;0;0;0;0;0;0;0;0;0;0;0;0
FR;6;2021-10-09;0;0;0;0;0;0;0;0;0;0;0;0;0;0;0;0;0;0
FR;6;2021-10-10;0;0;0;0;0;0;0;0;0;0;0;0;0;0;0;0;0;0
FR;6;2021-10-11;0;0;0;0;0;0;0;0;0;0;0;0;0;0;0;0;0;0
FR;6;2021-10-12;0;0;0;0;0;0;0;0;0;0;0;0;0;0;0;0;0;0
FR;6;2021-10-13;0;0;0;0;0;0;0;0;0;0;0;0;0;0;0;0;0;0
FR;6;2021-10-14;0;0;0;0;0;0;0;0;0;0;0;0;0;0;0;0;0;0
FR;6;2021-10-15;0;0;0;0;0;0;0;0;0;0;0;0;0;0;0;0;0;0
FR;6;2021-10-16;0;0;0;0;0;0;0;0;0;0;0;0;0;0;0;0;0;0
FR;6;2021-10-17;0;0;0;0;0;0;0;0;0;0;0;0;0;0;0;0;0;0
FR;6;2021-10-18;0;0;0;0;0;0;0;0;0;0;0;0;0;0;0;0;0;0
FR;6;2021-10-19;0;0;0;0;0;0;0;0;0;0;0;0;0;0;0;0;0;0
FR;6;2021-10-20;0;0;0;0;0;0;0;0;0;0;0;0;0;0;0;0;0;0
FR;6;2021-10-21;0;0;0;0;0;0;0;0;0;0;0;0;0;0;0;0;0;0
FR;6;2021-10-22;0;0;0;0;0;0;0;0;0;0;0;0;0;0;0;0;0;0
FR;6;2021-10-23;0;0;0;0;0;0;0;0;0;0;0;0;0;0;0;0;0;0
FR;6;2021-10-24;0;0;0;0;0;0;0;0;0;0;0;0;0;0;0;0;0;0
FR;6;2021-10-25;0;0;0;0;0;0;0;0;0;0;0;0;0;0;0;0;0;0
FR;6;2021-10-26;0;0;0;0;0;0;0;0;0;0;0;0;0;0;0;0;0;0
FR;6;2021-10-27;0;0;0;0;0;0;0;0;0;0;0;0;0;0;0;0;0;0
FR;6;2021-10-28;0;0;0;0;0;0;0;0;0;0;0;0;0;0;0;0;0;0
FR;6;2021-10-29;0;0;0;0;0;0;0;0;0;0;0;0;0;0;0;0;0;0
FR;6;2021-10-30;0;0;0;0;0;0;0;0;0;0;0;0;0;0;0;0;0;0
FR;6;2021-10-31;0;0;0;0;0;0;0;0;0;0;0;0;0;0;0;0;0;0
FR;6;2021-11-01;0;0;0;0;0;0;0;0;0;0;0;0;0;0;0;0;0;0
FR;6;2021-11-02;0;0;0;0;0;0;0;0;0;0;0;0;0;0;0;0;0;0
FR;6;2021-11-03;0;0;0;0;0;0;0;0;0;0;0;0;0;0;0;0;0;0
FR;6;2021-11-04;0;0;0;0;0;0;0;0;0;0;0;0;0;0;0;0;0;0
FR;6;2021-11-05;0;0;0;0;0;0;0;0;0;0;0;0;0;0;0;0;0;0
FR;6;2021-11-06;0;0;0;0;0;0;0;0;0;0;0;0;0;0;0;0;0;0
FR;6;2021-11-07;0;0;0;0;0;0;0;0;0;0;0;0;0;0;0;0;0;0
FR;6;2021-11-08;0;0;0;0;0;0;0;0;0;0;0;0;0;0;0;0;0;0
FR;6;2021-11-09;0;0;0;0;0;0;0;0;0;0;0;0;0;0;0;0;0;0
FR;6;2021-11-10;0;0;0;0;0;0;0;0;0;0;0;0;0;0;0;0;0;0
FR;6;2021-11-11;0;0;0;0;0;0;0;0;0;0;0;0;0;0;0;0;0;0
FR;6;2021-11-12;0;0;0;0;0;0;0;0;0;0;0;0;0;0;0;0;0;0
FR;6;2021-11-13;0;0;0;0;0;0;0;0;0;0;0;0;0;0;0;0;0;0
FR;6;2021-11-14;0;0;0;0;0;0;0;0;0;0;0;0;0;0;0;0;0;0
FR;6;2021-11-15;0;0;0;0;0;0;0;0;0;0;0;0;0;0;0;0;0;0
FR;6;2021-11-16;0;0;0;0;0;0;0;0;0;0;0;0;0;0;0;0;0;0
FR;6;2021-11-17;0;0;0;0;0;0;0;0;0;0;0;0;0;0;0;0;0;0
FR;6;2021-11-18;0;0;0;0;0;0;0;0;0;0;0;0;0;0;0;0;0;0
FR;6;2021-11-19;0;0;0;0;0;0;0;0;0;0;0;0;0;0;0;0;0;0
FR;6;2021-11-20;0;0;0;0;0;0;0;0;0;0;0;0;0;0;0;0;0;0
FR;6;2021-11-21;0;0;0;0;0;0;0;0;0;0;0;0;0;0;0;0;0;0
FR;6;2021-11-22;0;0;0;0;0;0;0;0;0;0;0;0;0;0;0;0;0;0
FR;6;2021-11-23;0;0;0;0;0;0;0;0;0;0;0;0;0;0;0;0;0;0
FR;6;2021-11-24;0;0;0;0;0;0;0;0;0;0;0;0;0;0;0;0;0;0
FR;6;2021-11-25;0;0;0;0;0;0;0;0;0;0;0;0;0;0;0;0;0;0
FR;6;2021-11-26;0;0;0;0;0;0;0;0;0;0;0;0;0;0;0;0;0;0
FR;6;2021-11-27;0;0;0;0;0;0;0;0;0;0;0;0;0;0;0;0;0;0
FR;6;2021-11-28;0;0;0;0;0;0;0;0;0;0;0;0;0;0;0;0;0;0
FR;6;2021-11-29;0;0;0;0;0;0;0;0;0;0;0;0;0;0;0;0;0;0
FR;6;2021-11-30;0;0;0;0;0;0;0;0;0;0;0;0;0;0;0;0;0;0
FR;6;2021-12-01;0;0;0;0;0;0;0;0;0;0;0;0;0;0;0;0;0;0
FR;6;2021-12-02;0;0;0;0;0;0;0;0;0;0;0;0;0;0;0;0;0;0
FR;6;2021-12-03;0;0;0;0;0;0;0;0;0;0;0;0;0;0;0;0;0;0
FR;6;2021-12-04;0;0;0;0;0;0;0;0;0;0;0;0;0;0;0;0;0;0
FR;6;2021-12-05;0;0;0;0;0;0;0;0;0;0;0;0;0;0;0;0;0;0
FR;6;2021-12-06;0;0;0;0;0;0;0;0;0;0;0;0;0;0;0;0;0;0
FR;6;2021-12-07;0;0;0;0;0;0;0;0;0;0;0;0;0;0;0;0;0;0
FR;6;2021-12-08;0;0;0;0;0;0;0;0;0;0;0;0;0;0;0;0;0;0
FR;6;2021-12-09;0;0;0;0;0;0;0;0;0;0;0;0;0;0;0;0;0;0
FR;6;2021-12-10;0;0;0;0;0;0;0;0;0;0;0;0;0;0;0;0;0;0
FR;6;2021-12-11;0;0;0;0;0;0;0;0;0;0;0;0;0;0;0;0;0;0
FR;6;2021-12-12;0;0;0;0;0;0;0;0;0;0;0;0;0;0;0;0;0;0
FR;6;2021-12-13;0;0;0;0;0;0;0;0;0;0;0;0;0;0;0;0;0;0
FR;6;2021-12-14;0;0;0;0;0;0;0;0;0;0;0;0;0;0;0;0;0;0
FR;6;2021-12-15;0;0;0;0;0;0;0;0;0;0;0;0;0;0;0;0;0;0
FR;6;2021-12-16;0;0;0;0;0;0;0;0;0;0;0;0;0;0;0;0;0;0
FR;6;2021-12-17;0;0;0;0;0;0;0;0;0;0;0;0;0;0;0;0;0;0
FR;6;2021-12-18;0;0;0;0;0;0;0;0;0;0;0;0;0;0;0;0;0;0
FR;6;2021-12-19;0;0;0;0;0;0;0;0;0;0;0;0;0;0;0;0;0;0
FR;6;2021-12-20;0;0;0;0;0;0;0;0;0;0;0;0;0;0;0;0;0;0
FR;6;2021-12-21;0;0;0;0;0;0;0;0;0;0;0;0;0;0;0;0;0;0
FR;6;2021-12-22;0;0;0;0;0;0;0;0;0;0;0;0;0;0;0;0;0;0
FR;6;2021-12-23;0;0;0;0;0;0;0;0;0;0;0;0;0;0;0;0;0;0
FR;6;2021-12-24;0;0;0;0;0;0;0;0;0;0;0;0;0;0;0;0;0;0
FR;6;2021-12-25;0;0;0;0;0;0;0;0;0;0;0;0;0;0;0;0;0;0
FR;6;2021-12-26;0;0;0;0;0;0;0;0;0;0;0;0;0;0;0;0;0;0
FR;6;2021-12-27;0;0;0;0;0;0;0;0;0;0;0;0;0;0;0;0;0;0
FR;6;2021-12-28;0;0;0;0;0;0;0;0;0;0;0;0;0;0;0;0;0;0
FR;6;2021-12-29;0;0;0;0;0;0;0;0;0;0;0;0;0;0;0;0;0;0
FR;6;2021-12-30;0;0;0;0;0;0;0;0;0;0;0;0;0;0;0;0;0;0
FR;6;2021-12-31;0;0;0;0;0;0;0;0;0;0;0;0;0;0;0;0;0;0
FR;6;2022-01-01;0;0;0;0;0;0;0;0;0;0;0;0;0;0;0;0;0;0
FR;6;2022-01-02;0;0;0;0;0;0;0;0;0;0;0;0;0;0;0;0;0;0
FR;6;2022-01-03;0;0;0;0;0;0;0;0;0;0;0;0;0;0;0;0;0;0
FR;6;2022-01-04;0;0;0;0;0;0;0;0;0;0;0;0;0;0;0;0;0;0
FR;6;2022-01-05;0;0;0;0;0;0;0;0;0;0;0;0;0;0;0;0;0;0
FR;6;2022-01-06;0;0;0;0;0;0;0;0;0;0;0;0;0;0;0;0;0;0
FR;6;2022-01-07;0;0;0;0;0;0;0;0;0;0;0;0;0;0;0;0;0;0
FR;6;2022-01-08;0;0;0;0;0;0;0;0;0;0;0;0;0;0;0;0;0;0
FR;6;2022-01-09;0;0;0;0;0;0;0;0;0;0;0;0;0;0;0;0;0;0
FR;6;2022-01-10;0;0;0;0;0;0;0;0;0;0;0;0;0;0;0;0;0;0
FR;6;2022-01-11;0;0;0;0;0;0;0;0;0;0;0;0;0;0;0;0;0;0
FR;6;2022-01-12;0;0;0;0;0;0;0;0;0;0;0;0;0;0;0;0;0;0
FR;6;2022-01-13;0;0;0;0;0;0;0;0;0;0;0;0;0;0;0;0;0;0
FR;6;2022-01-14;0;0;0;0;0;0;0;0;0;0;0;0;0;0;0;0;0;0
FR;6;2022-01-15;0;0;0;0;0;0;0;0;0;0;0;0;0;0;0;0;0;0
FR;6;2022-01-16;0;0;0;0;0;0;0;0;0;0;0;0;0;0;0;0;0;0
FR;6;2022-01-17;0;0;0;0;0;0;0;0;0;0;0;0;0;0;0;0;0;0
FR;6;2022-01-18;0;0;0;0;0;0;0;0;0;0;0;0;0;0;0;0;0;0
FR;6;2022-01-19;0;0;0;0;0;0;0;0;0;0;0;0;0;0;0;0;0;0
FR;6;2022-01-20;0;0;0;0;0;0;0;0;0;0;0;0;0;0;0;0;0;0
FR;6;2022-01-21;0;0;0;0;0;0;0;0;0;0;0;0;0;0;0;0;0;0
FR;6;2022-01-22;0;0;0;0;0;0;0;0;0;0;0;0;0;0;0;0;0;0
FR;6;2022-01-23;0;0;0;0;0;0;0;0;0;0;0;0;0;0;0;0;0;0
FR;6;2022-01-24;0;0;0;0;0;0;0;0;0;0;0;0;0;0;0;0;0;0
FR;6;2022-01-25;0;0;0;0;0;0;0;0;0;0;0;0;0;0;0;0;0;0
FR;6;2022-01-26;0;0;0;0;0;0;0;0;0;0;0;0;0;0;0;0;0;0
FR;6;2022-01-27;0;0;0;0;0;0;0;0;0;0;0;0;0;0;0;0;0;0
FR;6;2022-01-28;0;0;0;0;0;0;0;0;0;0;0;0;0;0;0;0;0;0
FR;6;2022-01-29;0;0;0;0;0;0;0;0;0;0;0;0;0;0;0;0;0;0
FR;6;2022-01-30;0;0;0;0;0;0;0;0;0;0;0;0;0;0;0;0;0;0
FR;6;2022-01-31;0;0;0;0;0;0;0;0;0;0;0;0;0;0;0;0;0;0
FR;6;2022-02-01;0;0;0;0;0;0;0;0;0;0;0;0;0;0;0;0;0;0
FR;6;2022-02-02;0;0;0;0;0;0;0;0;0;0;0;0;0;0;0;0;0;0
FR;6;2022-02-03;0;0;0;0;0;0;0;0;0;0;0;0;0;0;0;0;0;0
FR;6;2022-02-04;0;0;0;0;0;0;0;0;0;0;0;0;0;0;0;0;0;0
FR;6;2022-02-05;0;0;0;0;0;0;0;0;0;0;0;0;0;0;0;0;0;0
FR;6;2022-02-06;0;0;0;0;0;0;0;0;0;0;0;0;0;0;0;0;0;0
FR;6;2022-02-07;0;0;0;0;0;0;0;0;0;0;0;0;0;0;0;0;0;0
FR;6;2022-02-08;0;0;0;0;0;0;0;0;0;0;0;0;0;0;0;0;0;0
FR;6;2022-02-09;0;0;0;0;0;0;0;0;0;0;0;0;0;0;0;0;0;0
FR;6;2022-02-10;0;0;0;0;0;0;0;0;0;0;0;0;0;0;0;0;0;0
FR;6;2022-02-11;0;0;0;0;0;0;0;0;0;0;0;0;0;0;0;0;0;0
FR;6;2022-02-12;0;0;0;0;0;0;0;0;0;0;0;0;0;0;0;0;0;0
FR;6;2022-02-13;0;0;0;0;0;0;0;0;0;0;0;0;0;0;0;0;0;0
FR;6;2022-02-14;0;0;0;0;0;0;0;0;0;0;0;0;0;0;0;0;0;0
FR;6;2022-02-15;0;0;0;0;0;0;0;0;0;0;0;0;0;0;0;0;0;0
FR;6;2022-02-16;0;0;0;0;0;0;0;0;0;0;0;0;0;0;0;0;0;0
FR;6;2022-02-17;0;0;0;0;0;0;0;0;0;0;0;0;0;0;0;0;0;0
FR;6;2022-02-18;0;0;0;0;0;0;0;0;0;0;0;0;0;0;0;0;0;0
FR;6;2022-02-19;0;0;0;0;0;0;0;0;0;0;0;0;0;0;0;0;0;0
FR;6;2022-02-20;0;0;0;0;0;0;0;0;0;0;0;0;0;0;0;0;0;0
FR;6;2022-02-21;0;0;0;0;0;0;0;0;0;0;0;0;0;0;0;0;0;0
FR;6;2022-02-22;0;0;0;0;0;0;0;0;0;0;0;0;0;0;0;0;0;0
FR;6;2022-02-23;0;0;0;0;0;0;0;0;0;0;0;0;0;0;0;0;0;0
FR;6;2022-02-24;0;0;0;0;0;0;0;0;0;0;0;0;0;0;0;0;0;0
FR;6;2022-02-25;0;0;0;0;0;0;0;0;0;0;0;0;0;0;0;0;0;0
FR;6;2022-02-26;1;0;0;0;0;0;0;0;0;1;0;0;0;0;0;0;0;0
FR;6;2022-02-27;1;0;0;0;1;0;0;0;0;2;0;0;0;1;0;0;0;0
FR;6;2022-02-28;0;0;0;0;0;0;0;0;0;2;0;0;0;1;0;0;0;0
FR;6;2022-03-01;3;0;0;0;0;0;0;0;0;5;0;0;0;1;0;0;0;0
FR;6;2022-03-02;97;9;2;0;15;7;0;0;0;102;9;2;0;16;7;0;0;0
FR;6;2022-03-03;0;0;0;0;0;0;0;0;0;102;9;2;0;16;7;0;0;0
FR;6;2022-03-04;92;4;0;0;8;4;0;0;0;194;13;2;0;24;11;0;0;0
FR;6;2022-03-05;391;23;2;0;60;14;0;0;0;585;36;4;0;84;25;0;0;0
FR;6;2022-03-06;7;1;0;0;2;0;0;0;0;592;37;4;0;86;25;0;0;0
FR;6;2022-03-07;337;19;0;0;51;13;0;0;0;929;56;4;0;137;38;0;0;0
FR;6;2022-03-08;230;14;0;0;47;5;0;0;0;1159;70;4;0;184;43;0;0;0
FR;6;2022-03-09;519;29;2;0;84;21;1;0;0;1678;99;6;0;268;64;1;0;0
FR;6;2022-03-10;206;19;0;1;54;12;1;0;0;1884;118;6;1;322;76;2;0;0
FR;6;2022-03-11;331;22;6;0;53;21;0;0;0;2215;140;12;1;375;97;2;0;0
FR;6;2022-03-12;518;25;1;0;83;20;0;0;0;2733;165;13;1;458;117;2;0;0
FR;6;2022-03-13;40;2;0;0;2;1;0;0;0;2773;167;13;1;460;118;2;0;0
FR;6;2022-03-14;201;4;2;0;39;3;1;0;0;2974;171;15;1;499;121;3;0;0
FR;6;2022-03-15;112;11;2;0;28;9;0;0;0;3086;182;17;1;527;130;3;0;0
FR;6;2022-03-16;310;17;2;1;49;15;1;0;0;3396;199;19;2;576;145;4;0;0
FR;6;2022-03-17;117;6;1;2;14;4;2;0;0;3513;205;20;4;590;149;6;0;0
FR;6;2022-03-18;215;10;0;0;40;6;0;0;0;3728;215;20;4;630;155;6;0;0
FR;6;2022-03-19;307;19;2;0;90;9;0;0;0;4035;234;22;4;720;164;6;0;0
FR;6;2022-03-20;15;5;0;0;5;1;0;0;0;4050;239;22;4;725;165;6;0;0
FR;6;2022-03-21;132;23;1;0;47;4;0;0;0;4182;262;23;4;772;169;6;0;0
FR;6;2022-03-22;97;15;0;0;34;4;0;0;0;4279;277;23;4;806;173;6;0;0
FR;6;2022-03-23;226;108;3;0;154;14;1;0;0;4505;385;26;4;960;187;7;0;0
FR;6;2022-03-24;100;15;1;3;32;4;3;0;0;4605;400;27;7;992;191;10;0;0
FR;6;2022-03-25;203;141;2;1;179;15;2;0;0;4808;541;29;8;1171;206;12;0;0
FR;6;2022-03-26;331;295;7;1;385;19;1;0;0;5139;836;36;9;1556;225;13;0;0
FR;6;2022-03-27;32;30;1;0;37;1;1;0;0;5171;866;37;9;1593;226;14;0;0
FR;6;2022-03-28;201;208;8;1;234;17;3;0;0;5372;1074;45;10;1827;243;17;0;0
FR;6;2022-03-29;124;189;12;2;206;12;9;0;0;5496;1263;57;12;2033;255;26;0;0
FR;6;2022-03-30;305;476;10;2;548;22;6;0;0;5801;1739;67;14;2581;277;32;0;0
FR;6;2022-03-31;123;140;10;0;160;14;5;0;0;5924;1879;77;14;2741;291;37;0;0
FR;6;2022-04-01;195;150;11;2;178;23;3;0;0;6119;2029;88;16;2919;314;40;0;0
FR;6;2022-04-02;206;241;9;1;280;13;8;0;0;6325;2270;97;17;3199;327;48;0;0
FR;6;2022-04-03;17;21;0;0;26;1;0;0;0;6342;2291;97;17;3225;328;48;0;0
FR;6;2022-04-04;137;114;6;1;131;9;5;0;0;6479;2405;103;18;3356;337;53;0;0
FR;6;2022-04-05;146;88;15;1;105;11;8;0;0;6625;2493;118;19;3461;348;61;0;0
FR;6;2022-04-06;204;245;22;26;291;27;33;0;0;6829;2738;140;45;3752;375;94;0;0
FR;6;2022-04-07;127;96;15;9;115;17;14;0;0;6956;2834;155;54;3867;392;108;0;0
FR;6;2022-04-08;199;171;16;3;214;17;9;0;1;7155;3005;171;57;4081;409;117;0;1
FR;6;2022-04-09;145;139;6;12;171;13;4;0;0;7300;3144;177;69;4252;422;121;0;1
FR;6;2022-04-10;11;20;3;0;26;1;3;0;0;7311;3164;180;69;4278;423;124;0;1
FR;6;2022-04-11;101;106;4;0;129;5;3;0;0;7412;3270;184;69;4407;428;127;0;1
FR;6;2022-04-12;136;75;5;8;114;10;10;0;0;7548;3345;189;77;4521;438;137;0;1
FR;6;2022-04-13;162;175;7;5;208;13;8;0;0;7710;3520;196;82;4729;451;145;0;1
FR;6;2022-04-14;100;103;5;10;121;8;10;0;0;7810;3623;201;92;4850;459;155;0;1
FR;6;2022-04-15;158;149;11;7;167;19;14;0;1;7968;3772;212;99;5017;478;169;0;2
FR;6;2022-04-16;127;132;5;0;162;14;2;0;0;8095;3904;217;99;5179;492;171;0;2
FR;6;2022-04-17;8;9;4;0;10;4;0;0;0;8103;3913;221;99;5189;496;171;0;2
FR;6;2022-04-18;8;15;3;0;14;4;0;0;0;8111;3928;224;99;5203;500;171;0;2
FR;6;2022-04-19;97;112;4;3;130;3;7;0;0;8208;4040;228;102;5333;503;178;0;2
FR;6;2022-04-20;177;227;8;7;269;15;3;0;0;8385;4267;236;109;5602;518;181;0;2
FR;6;2022-04-21;111;93;8;4;110;11;7;0;0;8496;4360;244;113;5712;529;188;0;2
FR;6;2022-04-22;139;160;13;12;189;13;13;0;0;8635;4520;257;125;5901;542;201;0;2
FR;6;2022-04-23;106;129;1;1;161;7;1;0;0;8741;4649;258;126;6062;549;202;0;2
FR;6;2022-04-24;5;21;1;0;22;0;1;0;0;8746;4670;259;126;6084;549;203;0;2
FR;6;2022-04-25;90;128;3;8;151;11;9;0;0;8836;4798;262;134;6235;560;212;0;2
FR;6;2022-04-26;101;128;19;2;151;17;13;0;0;8937;4926;281;136;6386;577;225;0;2
FR;6;2022-04-27;197;159;21;1;222;27;11;0;1;9134;5085;302;137;6608;604;236;0;3
FR;6;2022-04-28;109;87;7;1;123;8;7;0;0;9243;5172;309;138;6731;612;243;0;3
FR;6;2022-04-29;191;169;16;2;215;20;6;0;0;9434;5341;325;140;6946;632;249;0;3
FR;6;2022-04-30;133;125;7;1;168;24;2;0;0;9567;5466;332;141;7114;656;251;0;3
FR;6;2022-05-01;7;6;0;0;8;0;0;0;0;9574;5472;332;141;7122;656;251;0;3
FR;6;2022-05-02;94;65;3;4;88;3;4;0;0;9668;5537;335;145;7210;659;255;0;3
FR;6;2022-05-03;136;93;11;2;125;7;9;0;0;9804;5630;346;147;7335;666;264;0;3
FR;6;2022-05-04;167;118;25;12;161;29;12;0;1;9971;5748;371;159;7496;695;276;0;4
FR;6;2022-05-05;101;70;8;3;97;12;6;0;0;10072;5818;379;162;7593;707;282;0;4
FR;6;2022-05-06;152;110;10;9;155;16;11;0;0;10224;5928;389;171;7748;723;293;0;4
FR;6;2022-05-07;139;93;13;3;136;23;8;0;0;10363;6021;402;174;7884;746;301;0;4
FR;6;2022-05-08;20;8;6;5;16;7;5;0;0;10383;6029;408;179;7900;753;306;0;4
FR;6;2022-05-09;86;78;9;7;95;13;6;0;0;10469;6107;417;186;7995;766;312;0;4
FR;6;2022-05-10;112;80;15;7;110;12;13;0;0;10581;6187;432;193;8105;778;325;0;4
FR;6;2022-05-11;130;124;11;14;163;20;6;0;0;10711;6311;443;207;8268;798;331;0;4
FR;6;2022-05-12;105;76;7;5;96;15;6;0;1;10816;6387;450;212;8364;813;337;0;5
FR;6;2022-05-13;155;97;17;21;137;22;16;0;0;10971;6484;467;233;8501;835;353;0;5
FR;6;2022-05-14;81;60;6;7;84;15;2;0;0;11052;6544;473;240;8585;850;355;0;5
FR;6;2022-05-15;12;7;0;0;14;0;0;0;0;11064;6551;473;240;8599;850;355;0;5
FR;6;2022-05-16;65;54;6;2;69;12;3;0;0;11129;6605;479;242;8668;862;358;0;5
FR;6;2022-05-17;123;77;5;7;92;11;8;0;0;11252;6682;484;249;8760;873;366;0;5
FR;6;2022-05-18;131;116;5;1;158;14;3;0;0;11383;6798;489;250;8918;887;369;0;5
FR;6;2022-05-19;124;57;6;8;96;9;8;0;0;11507;6855;495;258;9014;896;377;0;5
FR;6;2022-05-20;125;115;13;3;151;18;10;0;0;11632;6970;508;261;9165;914;387;0;5
FR;6;2022-05-21;92;69;14;3;93;12;8;0;0;11724;7039;522;264;9258;926;395;0;5
FR;6;2022-05-22;19;12;5;0;21;4;1;0;0;11743;7051;527;264;9279;930;396;0;5
FR;6;2022-05-23;77;72;4;2;90;7;2;0;0;11820;7123;531;266;9369;937;398;0;5
FR;6;2022-05-24;117;98;8;2;131;16;4;0;0;11937;7221;539;268;9500;953;402;0;5
FR;6;2022-05-25;140;129;6;3;171;11;6;0;0;12077;7350;545;271;9671;964;408;0;5
FR;6;2022-05-26;7;9;3;0;5;9;0;0;0;12084;7359;548;271;9676;973;408;0;5
FR;6;2022-05-27;127;105;15;11;136;18;18;0;1;12211;7464;563;282;9812;991;426;0;6
FR;6;2022-05-28;54;75;1;5;89;8;5;0;0;12265;7539;564;287;9901;999;431;0;6
FR;6;2022-05-29;8;10;0;0;10;1;0;0;0;12273;7549;564;287;9911;1000;431;0;6
FR;6;2022-05-30;70;70;7;4;86;4;9;0;0;12343;7619;571;291;9997;1004;440;0;6
FR;6;2022-05-31;87;102;10;2;121;14;7;0;0;12430;7721;581;293;10118;1018;447;0;6
FR;6;2022-06-01;97;89;10;1;111;11;6;0;0;12527;7810;591;294;10229;1029;453;0;6
FR;6;2022-06-02;91;60;6;3;80;9;6;0;0;12618;7870;597;297;10309;1038;459;0;6
FR;6;2022-06-03;126;102;13;7;128;21;8;0;0;12744;7972;610;304;10437;1059;467;0;6
FR;6;2022-06-04;63;51;10;0;64;12;3;0;0;12807;8023;620;304;10501;1071;470;0;6
FR;6;2022-06-05;16;15;2;1;18;4;1;0;0;12823;8038;622;305;10519;1075;471;0;6
FR;6;2022-06-06;9;6;0;0;8;0;0;0;0;12832;8044;622;305;10527;1075;471;0;6
FR;6;2022-06-07;79;90;3;4;117;8;6;0;0;12911;8134;625;309;10644;1083;477;0;6
FR;6;2022-06-08;92;110;13;5;130;20;6;0;0;13003;8244;638;314;10774;1103;483;0;6
FR;6;2022-06-09;75;81;15;3;106;15;8;0;0;13078;8325;653;317;10880;1118;491;0;6
FR;6;2022-06-10;116;93;26;10;120;22;13;0;0;13194;8418;679;327;11000;1140;504;0;6
FR;6;2022-06-11;83;62;6;10;82;12;11;0;0;13277;8480;685;337;11082;1152;515;0;6
FR;6;2022-06-12;6;14;1;0;16;2;0;0;0;13283;8494;686;337;11098;1154;515;0;6
FR;6;2022-06-13;74;59;18;1;68;7;4;0;0;13357;8553;704;338;11166;1161;519;0;6
FR;6;2022-06-14;98;100;8;5;116;16;8;0;0;13455;8653;712;343;11282;1177;527;0;6
FR;6;2022-06-15;80;86;7;8;114;15;10;0;0;13535;8739;719;351;11396;1192;537;0;6
FR;6;2022-06-16;53;40;11;7;45;14;6;0;0;13588;8779;730;358;11441;1206;543;0;6
FR;6;2022-06-17;86;85;3;13;109;11;5;0;0;13674;8864;733;371;11550;1217;548;0;6
FR;6;2022-06-18;71;62;13;0;88;21;1;0;0;13745;8926;746;371;11638;1238;549;0;6
FR;6;2022-06-19;6;6;3;0;7;4;1;0;0;13751;8932;749;371;11645;1242;550;0;6
FR;6;2022-06-20;42;41;4;1;55;6;1;0;0;13793;8973;753;372;11700;1248;551;0;6
FR;6;2022-06-21;59;73;10;7;83;17;7;0;0;13852;9046;763;379;11783;1265;558;0;6
FR;6;2022-06-22;86;85;8;2;98;17;3;0;0;13938;9131;771;381;11881;1282;561;0;6
FR;6;2022-06-23;64;39;13;7;41;15;10;0;0;14002;9170;784;388;11922;1297;571;0;6
FR;6;2022-06-24;77;85;7;14;95;20;16;0;0;14079;9255;791;402;12017;1317;587;0;6
FR;6;2022-06-25;67;61;4;3;77;8;5;0;0;14146;9316;795;405;12094;1325;592;0;6
FR;6;2022-06-26;6;7;1;0;10;1;0;0;0;14152;9323;796;405;12104;1326;592;0;6
FR;6;2022-06-27;51;50;4;9;62;12;7;0;0;14203;9373;800;414;12166;1338;599;0;6
FR;6;2022-06-28;68;47;6;3;53;15;5;0;0;14271;9420;806;417;12219;1353;604;0;6
FR;6;2022-06-29;98;117;26;37;115;19;35;0;5;14369;9537;832;454;12334;1372;639;0;11
FR;6;2022-06-30;84;60;33;10;61;12;7;0;0;14453;9597;865;464;12395;1384;646;0;11
FR;6;2022-07-01;115;94;25;33;102;18;27;0;1;14568;9691;890;497;12497;1402;673;0;12
FR;6;2022-07-02;58;67;26;2;64;37;6;0;0;14626;9758;916;499;12561;1439;679;0;12
FR;6;2022-07-03;11;4;4;3;5;4;3;0;0;14637;9762;920;502;12566;1443;682;0;12
FR;6;2022-07-04;61;43;3;23;55;13;20;0;0;14698;9805;923;525;12621;1456;702;0;12
FR;6;2022-07-05;65;53;19;67;60;27;63;0;0;14763;9858;942;592;12681;1483;765;0;12
FR;6;2022-07-06;94;64;7;11;78;12;17;0;0;14857;9922;949;603;12759;1495;782;0;12
FR;6;2022-07-07;99;79;42;37;99;14;34;0;4;14956;10001;991;640;12858;1509;816;0;16
FR;6;2022-07-08;139;87;42;27;115;10;25;0;3;15095;10088;1033;667;12973;1519;841;0;19
FR;6;2022-07-09;53;51;16;29;51;27;33;0;1;15148;10139;1049;696;13024;1546;874;0;20
FR;6;2022-07-10;3;7;8;0;9;9;0;0;0;15151;10146;1057;696;13033;1555;874;0;20
FR;6;2022-07-11;54;44;5;4;47;12;4;0;0;15205;10190;1062;700;13080;1567;878;0;20
FR;6;2022-07-12;70;72;12;23;87;12;27;0;0;15275;10262;1074;723;13167;1579;905;0;20
FR;6;2022-07-13;84;65;14;21;71;25;22;0;0;15359;10327;1088;744;13238;1604;927;0;20
FR;6;2022-07-14;4;3;1;0;4;1;0;0;0;15363;10330;1089;744;13242;1605;927;0;20
FR;6;2022-07-15;74;59;9;57;85;16;45;0;0;15437;10389;1098;801;13327;1621;972;0;20
FR;6;2022-07-16;27;31;17;0;37;17;3;0;0;15464;10420;1115;801;13364;1638;975;0;20
FR;6;2022-07-17;3;7;0;0;8;0;0;0;0;15467;10427;1115;801;13372;1638;975;0;20
FR;6;2022-07-18;37;62;11;14;60;15;14;0;6;15504;10489;1126;815;13432;1653;989;0;26
FR;6;2022-07-19;54;48;4;19;60;6;21;0;1;15558;10537;1130;834;13492;1659;1010;0;27
FR;6;2022-07-20;53;70;7;22;75;11;27;0;0;15611;10607;1137;856;13567;1670;1037;0;27
FR;6;2022-07-21;51;61;4;7;56;11;9;0;0;15662;10668;1141;863;13623;1681;1046;0;27
FR;6;2022-07-22;55;74;7;26;82;8;16;0;2;15717;10742;1148;889;13705;1689;1062;0;29
FR;6;2022-07-23;38;40;6;10;40;6;9;0;1;15755;10782;1154;899;13745;1695;1071;0;30
FR;6;2022-07-24;11;14;1;3;19;3;3;0;0;15766;10796;1155;902;13764;1698;1074;0;30
FR;6;2022-07-25;60;44;8;12;41;9;13;0;1;15826;10840;1163;914;13805;1707;1087;0;31
FR;6;2022-07-26;47;64;14;6;62;10;13;0;0;15873;10904;1177;920;13867;1717;1100;0;31
FR;6;2022-07-27;54;78;15;11;80;18;15;0;8;15927;10982;1192;931;13947;1735;1115;0;39
FR;6;2022-07-28;30;48;4;6;50;8;7;0;1;15957;11030;1196;937;13997;1743;1122;0;40
FR;6;2022-07-29;43;71;10;38;60;24;36;0;1;16000;11101;1206;975;14057;1767;1158;0;41
FR;6;2022-07-30;26;48;4;15;49;7;15;0;0;16026;11149;1210;990;14106;1774;1173;0;41
FR;6;2022-07-31;0;1;1;0;1;0;1;0;0;16026;11150;1211;990;14107;1774;1174;0;41
FR;6;2022-08-01;39;36;14;8;32;10;6;0;1;16065;11186;1225;998;14139;1784;1180;0;42
FR;6;2022-08-02;37;46;10;14;52;6;16;0;0;16102;11232;1235;1012;14191;1790;1196;0;42
FR;6;2022-08-03;29;52;7;16;53;11;19;0;0;16131;11284;1242;1028;14244;1801;1215;0;42
FR;6;2022-08-04;25;21;4;9;20;6;10;0;1;16156;11305;1246;1037;14264;1807;1225;0;43
FR;6;2022-08-05;43;45;1;7;54;5;7;0;0;16199;11350;1247;1044;14318;1812;1232;0;43
FR;6;2022-08-06;17;27;1;3;33;2;4;0;0;16216;11377;1248;1047;14351;1814;1236;0;43
FR;6;2022-08-07;1;2;0;0;2;0;0;0;0;16217;11379;1248;1047;14353;1814;1236;0;43
FR;6;2022-08-08;24;33;1;0;40;1;0;0;0;16241;11412;1249;1047;14393;1815;1236;0;43
FR;6;2022-08-09;22;30;6;3;29;3;3;0;0;16263;11442;1255;1050;14422;1818;1239;0;43
FR;6;2022-08-10;32;36;5;9;38;5;9;0;5;16295;11478;1260;1059;14460;1823;1248;0;48
FR;6;2022-08-11;32;33;1;1;40;1;0;0;1;16327;11511;1261;1060;14500;1824;1248;0;49
FR;6;2022-08-12;50;44;6;2;50;15;3;0;1;16377;11555;1267;1062;14550;1839;1251;0;50
FR;6;2022-08-13;9;20;0;0;22;1;0;0;0;16386;11575;1267;1062;14572;1840;1251;0;50
FR;6;2022-08-14;3;1;0;0;2;0;0;0;0;16389;11576;1267;1062;14574;1840;1251;0;50
FR;6;2022-08-15;2;3;1;0;4;0;1;0;0;16391;11579;1268;1062;14578;1840;1252;0;50
FR;6;2022-08-16;35;66;21;7;66;7;2;0;0;16426;11645;1289;1069;14644;1847;1254;0;50
FR;6;2022-08-17;32;44;10;9;41;10;6;0;7;16458;11689;1299;1078;14685;1857;1260;0;57
FR;6;2022-08-18;29;55;14;4;61;4;0;0;1;16487;11744;1313;1082;14746;1861;1260;0;58
FR;6;2022-08-19;30;45;5;4;47;3;2;0;1;16517;11789;1318;1086;14793;1864;1262;0;59
FR;6;2022-08-20;26;28;3;0;27;8;1;0;0;16543;11817;1321;1086;14820;1872;1263;0;59
FR;6;2022-08-21;1;5;2;0;5;0;0;0;0;16544;11822;1323;1086;14825;1872;1263;0;59
FR;6;2022-08-22;20;42;15;1;45;0;0;0;0;16564;11864;1338;1087;14870;1872;1263;0;59
FR;6;2022-08-23;34;45;6;7;47;6;4;0;2;16598;11909;1344;1094;14917;1878;1267;0;61
FR;6;2022-08-24;34;30;6;3;36;6;2;0;3;16632;11939;1350;1097;14953;1884;1269;0;64
FR;6;2022-08-25;25;27;1;1;29;5;1;0;0;16657;11966;1351;1098;14982;1889;1270;0;64
FR;6;2022-08-26;38;44;4;4;51;7;7;0;0;16695;12010;1355;1102;15033;1896;1277;0;64
FR;6;2022-08-27;19;21;7;3;22;8;4;0;0;16714;12031;1362;1105;15055;1904;1281;0;64
FR;6;2022-08-28;6;3;0;6;3;1;1;0;4;16720;12034;1362;1111;15058;1905;1282;0;68
FR;6;2022-08-29;26;22;2;6;29;3;6;0;0;16746;12056;1364;1117;15087;1908;1288;0;68
FR;6;2022-08-30;28;35;4;12;33;8;13;0;0;16774;12091;1368;1129;15120;1916;1301;0;68
FR;6;2022-08-31;35;38;2;11;46;3;12;0;0;16809;12129;1370;1140;15166;1919;1313;0;68
FR;6;2022-09-01;17;11;5;1;13;4;3;0;0;16826;12140;1375;1141;15179;1923;1316;0;68
FR;6;2022-09-02;19;14;2;1;13;3;2;0;0;16845;12154;1377;1142;15192;1926;1318;0;68
FR;6;2022-09-03;10;3;1;5;4;2;5;0;0;16855;12157;1378;1147;15196;1928;1323;0;68
FR;6;2022-09-04;4;1;0;0;1;0;0;0;0;16859;12158;1378;1147;15197;1928;1323;0;68
FR;6;2022-09-05;8;7;0;0;10;0;0;0;0;16867;12165;1378;1147;15207;1928;1323;0;68
FR;6;2022-09-06;7;9;7;12;8;6;15;0;0;16874;12174;1385;1159;15215;1934;1338;0;68
FR;6;2022-09-07;3;8;1;0;8;1;0;0;0;16877;12182;1386;1159;15223;1935;1338;0;68
FR;6;2022-09-08;6;4;0;2;3;1;2;0;0;16883;12186;1386;1161;15226;1936;1340;0;68
FR;6;2022-09-09;7;9;2;7;9;3;8;0;0;16890;12195;1388;1168;15235;1939;1348;0;68
FR;6;2022-09-10;3;4;1;0;3;1;1;0;0;16893;12199;1389;1168;15238;1940;1349;0;68
FR;6;2022-09-11;1;3;0;0;3;0;0;0;0;16894;12202;1389;1168;15241;1940;1349;0;68
FR;6;2022-09-12;10;4;1;0;3;3;0;0;0;16904;12206;1390;1168;15244;1943;1349;0;68
FR;6;2022-09-13;7;2;3;0;2;2;2;0;0;16911;12208;1393;1168;15246;1945;1351;0;68
FR;6;2022-09-14;9;8;2;0;7;4;0;0;0;16920;12216;1395;1168;15253;1949;1351;0;68
FR;6;2022-09-15;8;13;5;5;9;9;3;0;2;16928;12229;1400;1173;15262;1958;1354;0;70
FR;6;2022-09-16;25;39;1;1;47;4;1;0;2;16953;12268;1401;1174;15309;1962;1355;0;72
FR;6;2022-09-17;24;22;0;6;24;5;3;0;2;16977;12290;1401;1180;15333;1967;1358;0;74
FR;6;2022-09-18;5;4;0;0;4;1;0;0;0;16982;12294;1401;1180;15337;1968;1358;0;74
FR;6;2022-09-19;30;30;2;1;32;5;1;0;0;17012;12324;1403;1181;15369;1973;1359;0;74
FR;6;2022-09-20;34;25;1;4;30;6;2;0;1;17046;12349;1404;1185;15399;1979;1361;0;75
FR;6;2022-09-21;21;9;3;3;7;7;5;0;3;17067;12358;1407;1188;15406;1986;1366;0;78
FR;6;2022-09-22;19;28;1;22;32;3;21;0;1;17086;12386;1408;1210;15438;1989;1387;0;79
FR;6;2022-09-23;28;41;5;9;47;9;2;0;0;17114;12427;1413;1219;15485;1998;1389;0;79
FR;6;2022-09-24;16;16;4;2;21;6;2;0;0;17130;12443;1417;1221;15506;2004;1391;0;79
FR;6;2022-09-25;3;14;0;0;14;1;0;0;0;17133;12457;1417;1221;15520;2005;1391;0;79
FR;6;2022-09-26;16;13;0;18;12;5;18;0;2;17149;12470;1417;1239;15532;2010;1409;0;81
FR;6;2022-09-27;32;19;2;3;23;4;4;0;0;17181;12489;1419;1242;15555;2014;1413;0;81
FR;6;2022-09-28;27;10;9;11;16;5;17;0;2;17208;12499;1428;1253;15571;2019;1430;0;83
FR;6;2022-09-29;13;13;10;34;16;6;33;0;7;17221;12512;1438;1287;15587;2025;1463;0;90
FR;6;2022-09-30;34;24;5;6;33;5;3;0;0;17255;12536;1443;1293;15620;2030;1466;0;90
FR;6;2022-10-01;17;12;5;8;9;8;8;0;2;17272;12548;1448;1301;15629;2038;1474;0;92
FR;6;2022-10-02;4;0;0;0;1;0;0;0;0;17276;12548;1448;1301;15630;2038;1474;0;92
FR;6;2022-10-03;11;10;3;5;11;4;6;0;0;17287;12558;1451;1306;15641;2042;1480;0;92
FR;6;2022-10-04;19;17;4;28;21;3;30;0;3;17306;12575;1455;1334;15662;2045;1510;0;95
FR;6;2022-10-05;11;12;3;2;9;7;4;0;0;17317;12587;1458;1336;15671;2052;1514;0;95
FR;6;2022-10-06;19;13;4;6;17;2;10;0;0;17336;12600;1462;1342;15688;2054;1524;0;95
FR;6;2022-10-07;27;26;5;24;24;11;16;0;5;17363;12626;1467;1366;15712;2065;1540;0;100
FR;6;2022-10-08;18;13;0;0;16;0;0;0;0;17381;12639;1467;1366;15728;2065;1540;0;100
FR;6;2022-10-09;7;3;4;27;3;4;30;0;6;17388;12642;1471;1393;15731;2069;1570;0;106
FR;6;2022-10-10;15;14;1;16;16;6;13;0;0;17403;12656;1472;1409;15747;2075;1583;0;106
FR;6;2022-10-11;21;23;3;11;22;8;13;0;3;17424;12679;1475;1420;15769;2083;1596;0;109
FR;6;2022-10-12;20;16;7;19;18;3;24;0;7;17444;12695;1482;1439;15787;2086;1620;0;116
FR;6;2022-10-13;28;15;2;36;23;0;38;0;6;17472;12710;1484;1475;15810;2086;1658;0;122
FR;6;2022-10-14;29;23;5;49;23;11;45;0;13;17501;12733;1489;1524;15833;2097;1703;0;135
FR;6;2022-10-15;13;9;0;22;8;4;21;0;6;17514;12742;1489;1546;15841;2101;1724;0;141
FR;6;2022-10-16;4;5;0;6;2;3;6;0;0;17518;12747;1489;1552;15843;2104;1730;0;141
FR;6;2022-10-17;14;14;2;10;14;1;12;0;2;17532;12761;1491;1562;15857;2105;1742;0;143
FR;6;2022-10-18;12;19;9;26;19;4;18;0;11;17544;12780;1500;1588;15876;2109;1760;0;154
FR;6;2022-10-19;10;20;6;16;20;5;19;0;5;17554;12800;1506;1604;15896;2114;1779;0;159
FR;6;2022-10-20;16;15;12;57;19;5;67;0;13;17570;12815;1518;1661;15915;2119;1846;0;172
FR;6;2022-10-21;16;21;9;34;22;11;37;0;10;17586;12836;1527;1695;15937;2130;1883;0;182
FR;6;2022-10-22;19;14;1;4;17;3;4;0;0;17605;12850;1528;1699;15954;2133;1887;0;182
FR;6;2022-10-23;3;3;1;0;4;0;1;0;0;17608;12853;1529;1699;15958;2133;1888;0;182
FR;6;2022-10-24;12;14;2;7;14;6;5;0;2;17620;12867;1531;1706;15972;2139;1893;0;184
FR;6;2022-10-25;20;13;6;17;16;7;19;0;4;17640;12880;1537;1723;15988;2146;1912;0;188
FR;6;2022-10-26;17;9;4;13;12;4;15;0;5;17657;12889;1541;1736;16000;2150;1927;0;193
FR;6;2022-10-27;20;7;8;37;10;6;36;0;14;17677;12896;1549;1773;16010;2156;1963;0;207
FR;6;2022-10-28;21;27;3;4;28;6;5;0;1;17698;12923;1552;1777;16038;2162;1968;0;208
FR;6;2022-10-29;7;11;5;11;10;6;14;0;12;17705;12934;1557;1788;16048;2168;1982;0;220
FR;6;2022-10-30;2;5;0;0;5;0;0;0;0;17707;12939;1557;1788;16053;2168;1982;0;220
FR;6;2022-10-31;20;14;2;13;17;4;12;0;3;17727;12953;1559;1801;16070;2172;1994;0;223
FR;6;2022-11-01;2;1;1;0;1;1;0;0;0;17729;12954;1560;1801;16071;2173;1994;0;223
FR;6;2022-11-02;15;25;9;21;26;11;19;0;12;17744;12979;1569;1822;16097;2184;2013;0;235
FR;6;2022-11-03;17;17;11;39;20;8;43;0;9;17761;12996;1580;1861;16117;2192;2056;0;244
FR;6;2022-11-04;19;22;9;16;27;5;16;0;10;17780;13018;1589;1877;16144;2197;2072;0;254
FR;6;2022-11-05;9;16;2;4;17;4;6;0;0;17789;13034;1591;1881;16161;2201;2078;0;254
FR;6;2022-11-06;5;1;0;0;1;0;0;0;0;17794;13035;1591;1881;16162;2201;2078;0;254
FR;6;2022-11-07;18;10;6;17;12;4;18;0;11;17812;13045;1597;1898;16174;2205;2096;0;265
FR;6;2022-11-08;18;10;2;3;8;5;5;0;4;17830;13055;1599;1901;16182;2210;2101;0;269
FR;6;2022-11-09;16;22;1;6;21;4;5;0;4;17846;13077;1600;1907;16203;2214;2106;0;273
FR;6;2022-11-10;10;10;4;12;8;5;11;0;10;17856;13087;1604;1919;16211;2219;2117;0;283
FR;6;2022-11-11;4;1;0;0;1;1;0;0;0;17860;13088;1604;1919;16212;2220;2117;0;283
FR;6;2022-11-12;4;11;1;7;11;2;5;0;9;17864;13099;1605;1926;16223;2222;2122;0;292
FR;6;2022-11-13;1;1;0;1;1;0;1;0;0;17865;13100;1605;1927;16224;2222;2123;0;292
FR;6;2022-11-14;13;10;7;32;14;8;33;0;14;17878;13110;1612;1959;16238;2230;2156;0;306
FR;6;2022-11-15;7;18;1;11;16;4;7;0;2;17885;13128;1613;1970;16254;2234;2163;0;308
FR;6;2022-11-16;16;15;9;32;16;3;42;0;9;17901;13143;1622;2002;16270;2237;2205;0;317
FR;6;2022-11-17;10;8;1;29;8;2;28;0;5;17911;13151;1623;2031;16278;2239;2233;0;322
FR;6;2022-11-18;19;12;5;23;17;4;25;0;7;17930;13163;1628;2054;16295;2243;2258;0;329
FR;6;2022-11-19;5;13;0;2;11;3;2;0;1;17935;13176;1628;2056;16306;2246;2260;0;330
FR;6;2022-11-20;2;1;2;0;1;2;0;0;0;17937;13177;1630;2056;16307;2248;2260;0;330
FR;6;2022-11-21;22;13;1;14;14;6;11;0;3;17959;13190;1631;2070;16321;2254;2271;0;333
FR;6;2022-11-22;14;9;0;4;11;1;3;0;1;17973;13199;1631;2074;16332;2255;2274;0;334
FR;6;2022-11-23;14;15;15;23;17;9;31;0;8;17987;13214;1646;2097;16349;2264;2305;0;342
FR;6;2022-11-24;14;17;1;13;19;5;12;0;7;18001;13231;1647;2110;16368;2269;2317;0;349
FR;6;2022-11-25;23;15;5;50;15;5;47;0;5;18024;13246;1652;2160;16383;2274;2364;0;354
FR;6;2022-11-26;9;5;2;4;3;2;5;0;1;18033;13251;1654;2164;16386;2276;2369;0;355
FR;6;2022-11-27;1;4;0;0;4;0;0;0;0;18034;13255;1654;2164;16390;2276;2369;0;355
FR;6;2022-11-28;9;11;6;22;11;3;24;0;11;18043;13266;1660;2186;16401;2279;2393;0;366
FR;6;2022-11-29;15;10;1;12;14;1;8;0;7;18058;13276;1661;2198;16415;2280;2401;0;373
FR;6;2022-11-30;18;20;8;23;19;12;22;0;8;18076;13296;1669;2221;16434;2292;2423;0;381
FR;6;2022-12-01;12;9;7;20;11;4;24;0;9;18088;13305;1676;2241;16445;2296;2447;0;390
FR;6;2022-12-02;17;9;12;36;12;8;42;0;1;18105;13314;1688;2277;16457;2304;2489;0;391
FR;6;2022-12-03;13;3;13;20;6;5;28;0;13;18118;13317;1701;2297;16463;2309;2517;0;404
FR;6;2022-12-04;3;1;0;2;1;0;2;0;0;18121;13318;1701;2299;16464;2309;2519;0;404
FR;6;2022-12-05;11;10;7;16;10;4;19;0;8;18132;13328;1708;2315;16474;2313;2538;0;412
FR;6;2022-12-06;10;19;3;30;12;11;28;0;3;18142;13347;1711;2345;16486;2324;2566;0;415
FR;6;2022-12-07;17;8;10;56;10;8;57;0;30;18159;13355;1721;2401;16496;2332;2623;0;445
FR;6;2022-12-08;9;13;8;19;11;7;21;0;13;18168;13368;1729;2420;16507;2339;2644;0;458
FR;6;2022-12-09;15;9;5;29;12;4;30;0;6;18183;13377;1734;2449;16519;2343;2674;0;464
FR;6;2022-12-10;12;9;6;9;7;4;14;0;7;18195;13386;1740;2458;16526;2347;2688;0;471
FR;6;2022-12-11;4;2;1;0;2;1;0;0;0;18199;13388;1741;2458;16528;2348;2688;0;471
FR;6;2022-12-12;17;10;8;36;14;9;33;0;17;18216;13398;1749;2494;16542;2357;2721;0;488
FR;6;2022-12-13;17;21;12;66;16;18;65;0;14;18233;13419;1761;2560;16558;2375;2786;0;502
FR;6;2022-12-14;14;13;8;53;11;12;53;0;14;18247;13432;1769;2613;16569;2387;2839;0;516
FR;6;2022-12-15;12;15;14;38;13;9;44;0;9;18259;13447;1783;2651;16582;2396;2883;0;525
FR;6;2022-12-16;18;14;15;39;15;14;39;0;13;18277;13461;1798;2690;16597;2410;2922;0;538
FR;6;2022-12-17;11;10;15;28;9;15;29;0;8;18288;13471;1813;2718;16606;2425;2951;0;546
FR;6;2022-12-18;7;4;0;2;5;0;2;0;0;18295;13475;1813;2720;16611;2425;2953;0;546
FR;6;2022-12-19;12;8;9;29;8;12;29;0;15;18307;13483;1822;2749;16619;2437;2982;0;561
FR;6;2022-12-20;17;23;11;23;17;19;22;0;21;18324;13506;1833;2772;16636;2456;3004;0;582
FR;6;2022-12-21;23;16;9;19;13;13;17;0;5;18347;13522;1842;2791;16649;2469;3021;0;587
FR;6;2022-12-22;13;14;9;21;15;13;18;0;11;18360;13536;1851;2812;16664;2482;3039;0;598
FR;6;2022-12-23;10;19;12;7;14;18;7;0;3;18370;13555;1863;2819;16678;2500;3046;0;601
FR;6;2022-12-24;4;5;3;1;5;2;2;0;1;18374;13560;1866;2820;16683;2502;3048;0;602
FR;6;2022-12-25;0;0;0;0;0;0;0;0;0;18374;13560;1866;2820;16683;2502;3048;0;602
FR;6;2022-12-26;8;12;12;11;10;18;11;0;3;18382;13572;1878;2831;16693;2520;3059;0;605
FR;6;2022-12-27;16;13;15;8;11;19;8;0;0;18398;13585;1893;2839;16704;2539;3067;0;605
FR;6;2022-12-28;15;19;6;8;19;9;9;0;4;18413;13604;1899;2847;16723;2548;3076;0;609
FR;6;2022-12-29;15;12;7;8;10;9;9;0;7;18428;13616;1906;2855;16733;2557;3085;0;616
FR;6;2022-12-30;20;19;13;8;20;13;11;0;4;18448;13635;1919;2863;16753;2570;3096;0;620
FR;6;2022-12-31;5;2;6;1;4;7;1;0;1;18453;13637;1925;2864;16757;2577;3097;0;621
FR;6;2023-01-01;2;1;0;3;0;3;0;0;1;18455;13638;1925;2867;16757;2580;3097;0;622
FR;6;2023-01-02;9;14;2;3;10;7;3;0;0;18464;13652;1927;2870;16767;2587;3100;0;622
FR;6;2023-01-03;8;17;9;21;17;9;21;0;7;18472;13669;1936;2891;16784;2596;3121;0;629
FR;6;2023-01-04;9;10;4;10;9;8;6;0;14;18481;13679;1940;2901;16793;2604;3127;0;643
FR;6;2023-01-05;11;11;6;23;10;3;26;0;8;18492;13690;1946;2924;16803;2607;3153;0;651
FR;6;2023-01-06;16;24;15;30;21;17;29;0;15;18508;13714;1961;2954;16824;2624;3182;0;666
FR;6;2023-01-07;9;19;4;1;10;13;3;0;1;18517;13733;1965;2955;16834;2637;3185;0;667
FR;6;2023-01-08;2;7;4;11;6;4;11;0;3;18519;13740;1969;2966;16840;2641;3196;0;670
FR;6;2023-01-09;16;10;5;35;8;8;34;0;17;18535;13750;1974;3001;16848;2649;3230;0;687
FR;6;2023-01-10;13;15;13;23;13;10;26;0;9;18548;13765;1987;3024;16861;2659;3256;0;696
FR;6;2023-01-11;15;14;5;16;18;6;14;0;12;18563;13779;1992;3040;16879;2665;3270;0;708
FR;6;2023-01-12;7;13;2;5;10;3;5;0;12;18570;13792;1994;3045;16889;2668;3275;0;720
FR;6;2023-01-13;19;14;18;43;14;20;43;0;31;18589;13806;2012;3088;16903;2688;3318;0;751
FR;6;2023-01-14;20;8;6;2;9;9;2;0;0;18609;13814;2018;3090;16912;2697;3320;0;751
FR;6;2023-01-15;0;0;1;3;0;1;3;0;0;18609;13814;2019;3093;16912;2698;3323;0;751
FR;6;2023-01-16;22;12;2;1;10;6;3;0;2;18631;13826;2021;3094;16922;2704;3326;0;753
FR;6;2023-01-17;8;17;12;8;17;11;14;0;5;18639;13843;2033;3102;16939;2715;3340;0;758
FR;6;2023-01-18;22;15;9;7;17;10;8;0;1;18661;13858;2042;3109;16956;2725;3348;0;759
FR;6;2023-01-19;9;9;14;9;11;12;13;0;7;18670;13867;2056;3118;16967;2737;3361;0;766
FR;6;2023-01-20;17;13;9;32;15;7;34;0;27;18687;13880;2065;3150;16982;2744;3395;0;793
FR;6;2023-01-21;12;7;5;2;6;8;3;0;1;18699;13887;2070;3152;16988;2752;3398;0;794
FR;6;2023-01-22;0;0;1;1;0;1;1;0;0;18699;13887;2071;3153;16988;2753;3399;0;794
FR;6;2023-01-23;9;9;5;11;8;5;11;0;3;18708;13896;2076;3164;16996;2758;3410;0;797
FR;6;2023-01-24;14;15;15;13;15;14;18;0;6;18722;13911;2091;3177;17011;2772;3428;0;803
FR;6;2023-01-25;15;7;5;3;6;6;4;0;4;18737;13918;2096;3180;17017;2778;3432;0;807
FR;6;2023-01-26;13;15;3;11;12;8;13;0;9;18750;13933;2099;3191;17029;2786;3445;0;816
FR;6;2023-01-27;21;17;7;34;22;7;29;0;29;18771;13950;2106;3225;17051;2793;3474;0;845
FR;6;2023-01-28;15;15;7;4;17;6;5;0;1;18786;13965;2113;3229;17068;2799;3479;0;846
FR;6;2023-01-29;1;4;0;0;3;1;0;0;0;18787;13969;2113;3229;17071;2800;3479;0;846
FR;6;2023-01-30;2;15;8;4;15;8;3;0;8;18789;13984;2121;3233;17086;2808;3482;0;854
FR;6;2023-01-31;9;8;5;8;8;5;8;0;5;18798;13992;2126;3241;17094;2813;3490;0;859
FR;6;2023-02-01;20;18;4;4;17;4;8;0;4;18818;14010;2130;3245;17111;2817;3498;0;863
FR;6;2023-02-02;8;10;9;1;10;10;1;0;1;18826;14020;2139;3246;17121;2827;3499;0;864
FR;6;2023-02-03;16;15;11;18;16;11;19;0;13;18842;14035;2150;3264;17137;2838;3518;0;877
FR;6;2023-02-04;6;9;9;7;11;9;8;0;2;18848;14044;2159;3271;17148;2847;3526;0;879
FR;6;2023-02-05;0;0;0;4;0;0;4;0;0;18848;14044;2159;3275;17148;2847;3530;0;879
FR;6;2023-02-06;10;16;1;4;15;5;4;0;0;18858;14060;2160;3279;17163;2852;3534;0;879
FR;6;2023-02-07;8;9;4;8;9;7;7;0;3;18866;14069;2164;3287;17172;2859;3541;0;882
FR;6;2023-02-08;7;3;3;2;2;6;1;0;1;18873;14072;2167;3289;17174;2865;3542;0;883
FR;6;2023-02-09;6;11;1;6;8;8;2;0;2;18879;14083;2168;3295;17182;2873;3544;0;885
FR;6;2023-02-10;13;21;6;12;15;15;11;0;2;18892;14104;2174;3307;17197;2888;3555;0;887
FR;6;2023-02-11;12;8;7;4;9;3;9;0;5;18904;14112;2181;3311;17206;2891;3564;0;892
FR;6;2023-02-12;0;1;0;0;1;0;0;0;0;18904;14113;2181;3311;17207;2891;3564;0;892
FR;6;2023-02-13;5;6;0;0;6;1;0;0;0;18909;14119;2181;3311;17213;2892;3564;0;892
FR;6;2023-02-14;12;13;3;15;15;4;14;0;0;18921;14132;2184;3326;17228;2896;3578;0;892
FR;6;2023-02-15;8;11;3;2;11;2;2;0;4;18929;14143;2187;3328;17239;2898;3580;0;896
FR;6;2023-02-16;17;8;1;3;18;1;3;0;4;18946;14151;2188;3331;17257;2899;3583;0;900
FR;6;2023-02-17;9;15;3;9;12;8;9;0;5;18955;14166;2191;3340;17269;2907;3592;0;905
FR;6;2023-02-18;10;6;1;1;7;1;1;0;0;18965;14172;2192;3341;17276;2908;3593;0;905
FR;6;2023-02-19;0;0;0;0;0;0;0;0;0;18965;14172;2192;3341;17276;2908;3593;0;905
FR;6;2023-02-20;10;8;3;2;9;5;1;0;0;18975;14180;2195;3343;17285;2913;3594;0;905
FR;6;2023-02-21;9;8;8;5;6;7;8;0;1;18984;14188;2203;3348;17291;2920;3602;0;906
FR;6;2023-02-22;4;13;1;3;13;3;3;0;5;18988;14201;2204;3351;17304;2923;3605;0;911
FR;6;2023-02-23;7;11;6;2;10;6;4;0;1;18995;14212;2210;3353;17314;2929;3609;0;912
FR;6;2023-02-24;9;13;5;21;14;5;19;0;15;19004;14225;2215;3374;17328;2934;3628;0;927
FR;6;2023-02-25;4;5;1;1;6;1;1;0;0;19008;14230;2216;3375;17334;2935;3629;0;927
FR;6;2023-02-26;0;1;0;0;0;1;0;0;0;19008;14231;2216;3375;17334;2936;3629;0;927
FR;6;2023-02-27;10;8;3;1;3;9;0;0;2;19018;14239;2219;3376;17337;2945;3629;0;929
FR;6;2023-02-28;3;8;4;4;9;3;6;0;0;19021;14247;2223;3380;17346;2948;3635;0;929
FR;6;2023-03-01;6;10;3;2;10;4;2;0;0;19027;14257;2226;3382;17356;2952;3637;0;929
FR;6;2023-03-02;8;7;1;3;7;3;2;0;5;19035;14264;2227;3385;17363;2955;3639;0;934
FR;6;2023-03-03;14;12;5;7;11;9;6;0;7;19049;14276;2232;3392;17374;2964;3645;0;941
FR;6;2023-03-04;8;14;1;0;13;3;0;0;0;19057;14290;2233;3392;17387;2967;3645;0;941
FR;6;2023-03-05;4;0;0;0;0;0;0;0;0;19061;14290;2233;3392;17387;2967;3645;0;941
FR;6;2023-03-06;8;12;0;1;11;2;0;0;1;19069;14302;2233;3393;17398;2969;3645;0;942
FR;6;2023-03-07;4;6;0;1;4;3;0;0;5;19073;14308;2233;3394;17402;2972;3645;0;947
FR;6;2023-03-08;3;7;2;0;7;2;0;0;0;19076;14315;2235;3394;17409;2974;3645;0;947
FR;6;2023-03-09;7;6;0;1;6;2;1;0;0;19083;14321;2235;3395;17415;2976;3646;0;947
FR;6;2023-03-10;9;9;2;9;9;2;9;0;9;19092;14330;2237;3404;17424;2978;3655;0;956
FR;6;2023-03-11;13;12;2;0;12;2;2;0;0;19105;14342;2239;3404;17436;2980;3657;0;956
FR;6;2023-03-12;2;0;0;0;1;0;0;0;0;19107;14342;2239;3404;17437;2980;3657;0;956
FR;6;2023-03-13;7;12;4;1;13;2;1;0;2;19114;14354;2243;3405;17450;2982;3658;0;958
FR;6;2023-03-14;5;12;2;0;8;6;0;0;0;19119;14366;2245;3405;17458;2988;3658;0;958
FR;6;2023-03-15;6;4;2;3;5;3;3;0;1;19125;14370;2247;3408;17463;2991;3661;0;959
FR;6;2023-03-16;9;5;2;0;5;3;0;0;0;19134;14375;2249;3408;17468;2994;3661;0;959
FR;6;2023-03-17;10;12;5;5;8;8;5;0;3;19144;14387;2254;3413;17476;3002;3666;0;962
FR;6;2023-03-18;6;2;2;0;3;2;0;0;0;19150;14389;2256;3413;17479;3004;3666;0;962
FR;6;2023-03-19;0;0;1;0;0;0;0;0;0;19150;14389;2257;3413;17479;3004;3666;0;962
FR;6;2023-03-20;2;6;3;7;5;4;5;0;4;19152;14395;2260;3420;17484;3008;3671;0;966
FR;6;2023-03-21;2;1;5;2;1;3;4;0;0;19154;14396;2265;3422;17485;3011;3675;0;966
FR;6;2023-03-22;1;4;3;0;4;3;0;0;3;19155;14400;2268;3422;17489;3014;3675;0;969
FR;6;2023-03-23;3;4;3;2;4;3;2;0;0;19158;14404;2271;3424;17493;3017;3677;0;969
FR;6;2023-03-24;3;9;6;0;9;7;0;0;0;19161;14413;2277;3424;17502;3024;3677;0;969
FR;6;2023-03-25;10;7;0;0;9;0;0;0;0;19171;14420;2277;3424;17511;3024;3677;0;969
FR;6;2023-03-26;0;0;0;0;0;0;0;0;0;19171;14420;2277;3424;17511;3024;3677;0;969
FR;6;2023-03-27;6;9;2;2;8;4;1;0;0;19177;14429;2279;3426;17519;3028;3678;0;969
FR;6;2023-03-28;8;4;2;2;6;2;2;0;2;19185;14433;2281;3428;17525;3030;3680;0;971
FR;6;2023-03-29;4;1;2;0;1;2;0;0;0;19189;14434;2283;3428;17526;3032;3680;0;971
FR;6;2023-03-30;4;7;1;0;5;3;0;0;0;19193;14441;2284;3428;17531;3035;3680;0;971
FR;6;2023-03-31;1;3;3;3;3;3;1;0;7;19194;14444;2287;3431;17534;3038;3681;0;978
FR;6;2023-04-01;5;11;0;0;11;1;0;0;3;19199;14455;2287;3431;17545;3039;3681;0;981
FR;6;2023-04-02;0;0;0;0;0;0;0;0;0;19199;14455;2287;3431;17545;3039;3681;0;981
FR;6;2023-04-03;5;8;0;1;10;0;1;0;2;19204;14463;2287;3432;17555;3039;3682;0;983
FR;6;2023-04-04;5;10;2;4;8;3;5;0;6;19209;14473;2289;3436;17563;3042;3687;0;989
FR;6;2023-04-05;0;7;3;0;7;3;0;0;2;19209;14480;2292;3436;17570;3045;3687;0;991
FR;6;2023-04-06;3;6;4;1;3;7;1;0;2;19212;14486;2296;3437;17573;3052;3688;0;993
FR;6;2023-04-07;11;8;2;0;9;4;0;0;0;19223;14494;2298;3437;17582;3056;3688;0;993
FR;6;2023-04-08;2;1;3;0;1;3;0;0;0;19225;14495;2301;3437;17583;3059;3688;0;993
FR;6;2023-04-09;0;0;0;0;0;0;0;0;0;19225;14495;2301;3437;17583;3059;3688;0;993
FR;6;2023-04-10;0;0;0;0;0;0;0;0;0;19225;14495;2301;3437;17583;3059;3688;0;993
FR;6;2023-04-11;3;8;1;0;6;3;0;0;0;19228;14503;2302;3437;17589;3062;3688;0;993
FR;6;2023-04-12;3;4;2;0;5;2;0;0;4;19231;14507;2304;3437;17594;3064;3688;0;997
FR;6;2023-04-13;1;4;0;0;3;1;0;0;2;19232;14511;2304;3437;17597;3065;3688;0;999
FR;6;2023-04-14;4;5;0;0;5;0;0;0;1;19236;14516;2304;3437;17602;3065;3688;0;1000
FR;6;2023-04-15;7;2;1;1;4;1;1;0;0;19243;14518;2305;3438;17606;3066;3689;0;1000
FR;6;2023-04-16;0;2;0;0;1;1;0;0;0;19243;14520;2305;3438;17607;3067;3689;0;1000
FR;6;2023-04-17;4;8;2;0;8;2;0;0;0;19247;14528;2307;3438;17615;3069;3689;0;1000
FR;6;2023-04-18;3;2;1;0;2;1;0;0;1;19250;14530;2308;3438;17617;3070;3689;0;1001
FR;6;2023-04-19;1;3;0;0;2;1;0;0;0;19251;14533;2308;3438;17619;3071;3689;0;1001
FR;8;2020-12-27;0;0;0;0;0;0;0;0;0;0;0;0;0;0;0;0;0;0
FR;8;2020-12-28;0;0;0;0;0;0;0;0;0;0;0;0;0;0;0;0;0;0
FR;8;2020-12-29;0;0;0;0;0;0;0;0;0;0;0;0;0;0;0;0;0;0
FR;8;2020-12-30;0;0;0;0;0;0;0;0;0;0;0;0;0;0;0;0;0;0
FR;8;2020-12-31;0;0;0;0;0;0;0;0;0;0;0;0;0;0;0;0;0;0
FR;8;2021-01-01;0;0;0;0;0;0;0;0;0;0;0;0;0;0;0;0;0;0
FR;8;2021-01-02;0;0;0;0;0;0;0;0;0;0;0;0;0;0;0;0;0;0
FR;8;2021-01-03;0;0;0;0;0;0;0;0;0;0;0;0;0;0;0;0;0;0
FR;8;2021-01-04;0;0;0;0;0;0;0;0;0;0;0;0;0;0;0;0;0;0
FR;8;2021-01-05;0;0;0;0;0;0;0;0;0;0;0;0;0;0;0;0;0;0
FR;8;2021-01-06;0;0;0;0;0;0;0;0;0;0;0;0;0;0;0;0;0;0
FR;8;2021-01-07;0;0;0;0;0;0;0;0;0;0;0;0;0;0;0;0;0;0
FR;8;2021-01-08;0;0;0;0;0;0;0;0;0;0;0;0;0;0;0;0;0;0
FR;8;2021-01-09;0;0;0;0;0;0;0;0;0;0;0;0;0;0;0;0;0;0
FR;8;2021-01-10;0;0;0;0;0;0;0;0;0;0;0;0;0;0;0;0;0;0
FR;8;2021-01-11;0;0;0;0;0;0;0;0;0;0;0;0;0;0;0;0;0;0
FR;8;2021-01-12;0;0;0;0;0;0;0;0;0;0;0;0;0;0;0;0;0;0
FR;8;2021-01-13;0;0;0;0;0;0;0;0;0;0;0;0;0;0;0;0;0;0
FR;8;2021-01-14;0;0;0;0;0;0;0;0;0;0;0;0;0;0;0;0;0;0
FR;8;2021-01-15;0;0;0;0;0;0;0;0;0;0;0;0;0;0;0;0;0;0
FR;8;2021-01-16;0;0;0;0;0;0;0;0;0;0;0;0;0;0;0;0;0;0
FR;8;2021-01-17;0;0;0;0;0;0;0;0;0;0;0;0;0;0;0;0;0;0
FR;8;2021-01-18;0;0;0;0;0;0;0;0;0;0;0;0;0;0;0;0;0;0
FR;8;2021-01-19;0;0;0;0;0;0;0;0;0;0;0;0;0;0;0;0;0;0
FR;8;2021-01-20;0;0;0;0;0;0;0;0;0;0;0;0;0;0;0;0;0;0
FR;8;2021-01-21;0;0;0;0;0;0;0;0;0;0;0;0;0;0;0;0;0;0
FR;8;2021-01-22;0;0;0;0;0;0;0;0;0;0;0;0;0;0;0;0;0;0
FR;8;2021-01-23;0;0;0;0;0;0;0;0;0;0;0;0;0;0;0;0;0;0
FR;8;2021-01-24;0;0;0;0;0;0;0;0;0;0;0;0;0;0;0;0;0;0
FR;8;2021-01-25;0;0;0;0;0;0;0;0;0;0;0;0;0;0;0;0;0;0
FR;8;2021-01-26;0;0;0;0;0;0;0;0;0;0;0;0;0;0;0;0;0;0
FR;8;2021-01-27;0;0;0;0;0;0;0;0;0;0;0;0;0;0;0;0;0;0
FR;8;2021-01-28;0;0;0;0;0;0;0;0;0;0;0;0;0;0;0;0;0;0
FR;8;2021-01-29;0;0;0;0;0;0;0;0;0;0;0;0;0;0;0;0;0;0
FR;8;2021-01-30;0;0;0;0;0;0;0;0;0;0;0;0;0;0;0;0;0;0
FR;8;2021-01-31;0;0;0;0;0;0;0;0;0;0;0;0;0;0;0;0;0;0
FR;8;2021-02-01;0;0;0;0;0;0;0;0;0;0;0;0;0;0;0;0;0;0
FR;8;2021-02-02;0;0;0;0;0;0;0;0;0;0;0;0;0;0;0;0;0;0
FR;8;2021-02-03;0;0;0;0;0;0;0;0;0;0;0;0;0;0;0;0;0;0
FR;8;2021-02-04;0;0;0;0;0;0;0;0;0;0;0;0;0;0;0;0;0;0
FR;8;2021-02-05;0;0;0;0;0;0;0;0;0;0;0;0;0;0;0;0;0;0
FR;8;2021-02-06;0;0;0;0;0;0;0;0;0;0;0;0;0;0;0;0;0;0
FR;8;2021-02-07;0;0;0;0;0;0;0;0;0;0;0;0;0;0;0;0;0;0
FR;8;2021-02-08;0;0;0;0;0;0;0;0;0;0;0;0;0;0;0;0;0;0
FR;8;2021-02-09;0;0;0;0;0;0;0;0;0;0;0;0;0;0;0;0;0;0
FR;8;2021-02-10;0;0;0;0;0;0;0;0;0;0;0;0;0;0;0;0;0;0
FR;8;2021-02-11;0;0;0;0;0;0;0;0;0;0;0;0;0;0;0;0;0;0
FR;8;2021-02-12;0;0;0;0;0;0;0;0;0;0;0;0;0;0;0;0;0;0
FR;8;2021-02-13;0;0;0;0;0;0;0;0;0;0;0;0;0;0;0;0;0;0
FR;8;2021-02-14;0;0;0;0;0;0;0;0;0;0;0;0;0;0;0;0;0;0
FR;8;2021-02-15;0;0;0;0;0;0;0;0;0;0;0;0;0;0;0;0;0;0
FR;8;2021-02-16;0;0;0;0;0;0;0;0;0;0;0;0;0;0;0;0;0;0
FR;8;2021-02-17;0;0;0;0;0;0;0;0;0;0;0;0;0;0;0;0;0;0
FR;8;2021-02-18;0;0;0;0;0;0;0;0;0;0;0;0;0;0;0;0;0;0
FR;8;2021-02-19;0;0;0;0;0;0;0;0;0;0;0;0;0;0;0;0;0;0
FR;8;2021-02-20;0;0;0;0;0;0;0;0;0;0;0;0;0;0;0;0;0;0
FR;8;2021-02-21;0;0;0;0;0;0;0;0;0;0;0;0;0;0;0;0;0;0
FR;8;2021-02-22;0;0;0;0;0;0;0;0;0;0;0;0;0;0;0;0;0;0
FR;8;2021-02-23;0;0;0;0;0;0;0;0;0;0;0;0;0;0;0;0;0;0
FR;8;2021-02-24;0;0;0;0;0;0;0;0;0;0;0;0;0;0;0;0;0;0
FR;8;2021-02-25;0;0;0;0;0;0;0;0;0;0;0;0;0;0;0;0;0;0
FR;8;2021-02-26;0;0;0;0;0;0;0;0;0;0;0;0;0;0;0;0;0;0
FR;8;2021-02-27;0;0;0;0;0;0;0;0;0;0;0;0;0;0;0;0;0;0
FR;8;2021-02-28;0;0;0;0;0;0;0;0;0;0;0;0;0;0;0;0;0;0
FR;8;2021-03-01;0;0;0;0;0;0;0;0;0;0;0;0;0;0;0;0;0;0
FR;8;2021-03-02;0;0;0;0;0;0;0;0;0;0;0;0;0;0;0;0;0;0
FR;8;2021-03-03;0;0;0;0;0;0;0;0;0;0;0;0;0;0;0;0;0;0
FR;8;2021-03-04;0;0;0;0;0;0;0;0;0;0;0;0;0;0;0;0;0;0
FR;8;2021-03-05;0;0;0;0;0;0;0;0;0;0;0;0;0;0;0;0;0;0
FR;8;2021-03-06;0;0;0;0;0;0;0;0;0;0;0;0;0;0;0;0;0;0
FR;8;2021-03-07;0;0;0;0;0;0;0;0;0;0;0;0;0;0;0;0;0;0
FR;8;2021-03-08;0;0;0;0;0;0;0;0;0;0;0;0;0;0;0;0;0;0
FR;8;2021-03-09;0;0;0;0;0;0;0;0;0;0;0;0;0;0;0;0;0;0
FR;8;2021-03-10;0;0;0;0;0;0;0;0;0;0;0;0;0;0;0;0;0;0
FR;8;2021-03-11;0;0;0;0;0;0;0;0;0;0;0;0;0;0;0;0;0;0
FR;8;2021-03-12;0;0;0;0;0;0;0;0;0;0;0;0;0;0;0;0;0;0
FR;8;2021-03-13;0;0;0;0;0;0;0;0;0;0;0;0;0;0;0;0;0;0
FR;8;2021-03-14;0;0;0;0;0;0;0;0;0;0;0;0;0;0;0;0;0;0
FR;8;2021-03-15;0;0;0;0;0;0;0;0;0;0;0;0;0;0;0;0;0;0
FR;8;2021-03-16;0;0;0;0;0;0;0;0;0;0;0;0;0;0;0;0;0;0
FR;8;2021-03-17;0;0;0;0;0;0;0;0;0;0;0;0;0;0;0;0;0;0
FR;8;2021-03-18;0;0;0;0;0;0;0;0;0;0;0;0;0;0;0;0;0;0
FR;8;2021-03-19;0;0;0;0;0;0;0;0;0;0;0;0;0;0;0;0;0;0
FR;8;2021-03-20;0;0;0;0;0;0;0;0;0;0;0;0;0;0;0;0;0;0
FR;8;2021-03-21;0;0;0;0;0;0;0;0;0;0;0;0;0;0;0;0;0;0
FR;8;2021-03-22;0;0;0;0;0;0;0;0;0;0;0;0;0;0;0;0;0;0
FR;8;2021-03-23;0;0;0;0;0;0;0;0;0;0;0;0;0;0;0;0;0;0
FR;8;2021-03-24;0;0;0;0;0;0;0;0;0;0;0;0;0;0;0;0;0;0
FR;8;2021-03-25;0;0;0;0;0;0;0;0;0;0;0;0;0;0;0;0;0;0
FR;8;2021-03-26;0;0;0;0;0;0;0;0;0;0;0;0;0;0;0;0;0;0
FR;8;2021-03-27;0;0;0;0;0;0;0;0;0;0;0;0;0;0;0;0;0;0
FR;8;2021-03-28;0;0;0;0;0;0;0;0;0;0;0;0;0;0;0;0;0;0
FR;8;2021-03-29;0;0;0;0;0;0;0;0;0;0;0;0;0;0;0;0;0;0
FR;8;2021-03-30;0;0;0;0;0;0;0;0;0;0;0;0;0;0;0;0;0;0
FR;8;2021-03-31;0;0;0;0;0;0;0;0;0;0;0;0;0;0;0;0;0;0
FR;8;2021-04-01;0;0;0;0;0;0;0;0;0;0;0;0;0;0;0;0;0;0
FR;8;2021-04-02;0;0;0;0;0;0;0;0;0;0;0;0;0;0;0;0;0;0
FR;8;2021-04-03;0;0;0;0;0;0;0;0;0;0;0;0;0;0;0;0;0;0
FR;8;2021-04-04;0;0;0;0;0;0;0;0;0;0;0;0;0;0;0;0;0;0
FR;8;2021-04-05;0;0;0;0;0;0;0;0;0;0;0;0;0;0;0;0;0;0
FR;8;2021-04-06;0;0;0;0;0;0;0;0;0;0;0;0;0;0;0;0;0;0
FR;8;2021-04-07;0;0;0;0;0;0;0;0;0;0;0;0;0;0;0;0;0;0
FR;8;2021-04-08;0;0;0;0;0;0;0;0;0;0;0;0;0;0;0;0;0;0
FR;8;2021-04-09;0;0;0;0;0;0;0;0;0;0;0;0;0;0;0;0;0;0
FR;8;2021-04-10;0;0;0;0;0;0;0;0;0;0;0;0;0;0;0;0;0;0
FR;8;2021-04-11;0;0;0;0;0;0;0;0;0;0;0;0;0;0;0;0;0;0
FR;8;2021-04-12;0;0;0;0;0;0;0;0;0;0;0;0;0;0;0;0;0;0
FR;8;2021-04-13;0;0;0;0;0;0;0;0;0;0;0;0;0;0;0;0;0;0
FR;8;2021-04-14;0;0;0;0;0;0;0;0;0;0;0;0;0;0;0;0;0;0
FR;8;2021-04-15;0;0;0;0;0;0;0;0;0;0;0;0;0;0;0;0;0;0
FR;8;2021-04-16;0;0;0;0;0;0;0;0;0;0;0;0;0;0;0;0;0;0
FR;8;2021-04-17;0;0;0;0;0;0;0;0;0;0;0;0;0;0;0;0;0;0
FR;8;2021-04-18;0;0;0;0;0;0;0;0;0;0;0;0;0;0;0;0;0;0
FR;8;2021-04-19;0;0;0;0;0;0;0;0;0;0;0;0;0;0;0;0;0;0
FR;8;2021-04-20;0;0;0;0;0;0;0;0;0;0;0;0;0;0;0;0;0;0
FR;8;2021-04-21;0;0;0;0;0;0;0;0;0;0;0;0;0;0;0;0;0;0
FR;8;2021-04-22;0;0;0;0;0;0;0;0;0;0;0;0;0;0;0;0;0;0
FR;8;2021-04-23;0;0;0;0;0;0;0;0;0;0;0;0;0;0;0;0;0;0
FR;8;2021-04-24;0;0;0;0;0;0;0;0;0;0;0;0;0;0;0;0;0;0
FR;8;2021-04-25;0;0;0;0;0;0;0;0;0;0;0;0;0;0;0;0;0;0
FR;8;2021-04-26;0;0;0;0;0;0;0;0;0;0;0;0;0;0;0;0;0;0
FR;8;2021-04-27;0;0;0;0;0;0;0;0;0;0;0;0;0;0;0;0;0;0
FR;8;2021-04-28;0;0;0;0;0;0;0;0;0;0;0;0;0;0;0;0;0;0
FR;8;2021-04-29;0;0;0;0;0;0;0;0;0;0;0;0;0;0;0;0;0;0
FR;8;2021-04-30;0;0;0;0;0;0;0;0;0;0;0;0;0;0;0;0;0;0
FR;8;2021-05-01;0;0;0;0;0;0;0;0;0;0;0;0;0;0;0;0;0;0
FR;8;2021-05-02;0;0;0;0;0;0;0;0;0;0;0;0;0;0;0;0;0;0
FR;8;2021-05-03;0;0;0;0;0;0;0;0;0;0;0;0;0;0;0;0;0;0
FR;8;2021-05-04;0;0;0;0;0;0;0;0;0;0;0;0;0;0;0;0;0;0
FR;8;2021-05-05;0;0;0;0;0;0;0;0;0;0;0;0;0;0;0;0;0;0
FR;8;2021-05-06;0;0;0;0;0;0;0;0;0;0;0;0;0;0;0;0;0;0
FR;8;2021-05-07;0;0;0;0;0;0;0;0;0;0;0;0;0;0;0;0;0;0
FR;8;2021-05-08;0;0;0;0;0;0;0;0;0;0;0;0;0;0;0;0;0;0
FR;8;2021-05-09;0;0;0;0;0;0;0;0;0;0;0;0;0;0;0;0;0;0
FR;8;2021-05-10;0;0;0;0;0;0;0;0;0;0;0;0;0;0;0;0;0;0
FR;8;2021-05-11;0;0;0;0;0;0;0;0;0;0;0;0;0;0;0;0;0;0
FR;8;2021-05-12;0;0;0;0;0;0;0;0;0;0;0;0;0;0;0;0;0;0
FR;8;2021-05-13;0;0;0;0;0;0;0;0;0;0;0;0;0;0;0;0;0;0
FR;8;2021-05-14;0;0;0;0;0;0;0;0;0;0;0;0;0;0;0;0;0;0
FR;8;2021-05-15;0;0;0;0;0;0;0;0;0;0;0;0;0;0;0;0;0;0
FR;8;2021-05-16;0;0;0;0;0;0;0;0;0;0;0;0;0;0;0;0;0;0
FR;8;2021-05-17;0;0;0;0;0;0;0;0;0;0;0;0;0;0;0;0;0;0
FR;8;2021-05-18;0;0;0;0;0;0;0;0;0;0;0;0;0;0;0;0;0;0
FR;8;2021-05-19;0;0;0;0;0;0;0;0;0;0;0;0;0;0;0;0;0;0
FR;8;2021-05-20;0;0;0;0;0;0;0;0;0;0;0;0;0;0;0;0;0;0
FR;8;2021-05-21;0;0;0;0;0;0;0;0;0;0;0;0;0;0;0;0;0;0
FR;8;2021-05-22;0;0;0;0;0;0;0;0;0;0;0;0;0;0;0;0;0;0
FR;8;2021-05-23;0;0;0;0;0;0;0;0;0;0;0;0;0;0;0;0;0;0
FR;8;2021-05-24;0;0;0;0;0;0;0;0;0;0;0;0;0;0;0;0;0;0
FR;8;2021-05-25;0;0;0;0;0;0;0;0;0;0;0;0;0;0;0;0;0;0
FR;8;2021-05-26;0;0;0;0;0;0;0;0;0;0;0;0;0;0;0;0;0;0
FR;8;2021-05-27;0;0;0;0;0;0;0;0;0;0;0;0;0;0;0;0;0;0
FR;8;2021-05-28;0;0;0;0;0;0;0;0;0;0;0;0;0;0;0;0;0;0
FR;8;2021-05-29;0;0;0;0;0;0;0;0;0;0;0;0;0;0;0;0;0;0
FR;8;2021-05-30;0;0;0;0;0;0;0;0;0;0;0;0;0;0;0;0;0;0
FR;8;2021-05-31;0;0;0;0;0;0;0;0;0;0;0;0;0;0;0;0;0;0
FR;8;2021-06-01;0;0;0;0;0;0;0;0;0;0;0;0;0;0;0;0;0;0
FR;8;2021-06-02;0;0;0;0;0;0;0;0;0;0;0;0;0;0;0;0;0;0
FR;8;2021-06-03;0;0;0;0;0;0;0;0;0;0;0;0;0;0;0;0;0;0
FR;8;2021-06-04;0;0;0;0;0;0;0;0;0;0;0;0;0;0;0;0;0;0
FR;8;2021-06-05;0;0;0;0;0;0;0;0;0;0;0;0;0;0;0;0;0;0
FR;8;2021-06-06;0;0;0;0;0;0;0;0;0;0;0;0;0;0;0;0;0;0
FR;8;2021-06-07;0;0;0;0;0;0;0;0;0;0;0;0;0;0;0;0;0;0
FR;8;2021-06-08;0;0;0;0;0;0;0;0;0;0;0;0;0;0;0;0;0;0
FR;8;2021-06-09;0;0;0;0;0;0;0;0;0;0;0;0;0;0;0;0;0;0
FR;8;2021-06-10;0;0;0;0;0;0;0;0;0;0;0;0;0;0;0;0;0;0
FR;8;2021-06-11;0;0;0;0;0;0;0;0;0;0;0;0;0;0;0;0;0;0
FR;8;2021-06-12;0;0;0;0;0;0;0;0;0;0;0;0;0;0;0;0;0;0
FR;8;2021-06-13;0;0;0;0;0;0;0;0;0;0;0;0;0;0;0;0;0;0
FR;8;2021-06-14;0;0;0;0;0;0;0;0;0;0;0;0;0;0;0;0;0;0
FR;8;2021-06-15;0;0;0;0;0;0;0;0;0;0;0;0;0;0;0;0;0;0
FR;8;2021-06-16;0;0;0;0;0;0;0;0;0;0;0;0;0;0;0;0;0;0
FR;8;2021-06-17;0;0;0;0;0;0;0;0;0;0;0;0;0;0;0;0;0;0
FR;8;2021-06-18;0;0;0;0;0;0;0;0;0;0;0;0;0;0;0;0;0;0
FR;8;2021-06-19;0;0;0;0;0;0;0;0;0;0;0;0;0;0;0;0;0;0
FR;8;2021-06-20;0;0;0;0;0;0;0;0;0;0;0;0;0;0;0;0;0;0
FR;8;2021-06-21;0;0;0;0;0;0;0;0;0;0;0;0;0;0;0;0;0;0
FR;8;2021-06-22;0;0;0;0;0;0;0;0;0;0;0;0;0;0;0;0;0;0
FR;8;2021-06-23;0;0;0;0;0;0;0;0;0;0;0;0;0;0;0;0;0;0
FR;8;2021-06-24;0;0;0;0;0;0;0;0;0;0;0;0;0;0;0;0;0;0
FR;8;2021-06-25;0;0;0;0;0;0;0;0;0;0;0;0;0;0;0;0;0;0
FR;8;2021-06-26;0;0;0;0;0;0;0;0;0;0;0;0;0;0;0;0;0;0
FR;8;2021-06-27;0;0;0;0;0;0;0;0;0;0;0;0;0;0;0;0;0;0
FR;8;2021-06-28;0;0;0;0;0;0;0;0;0;0;0;0;0;0;0;0;0;0
FR;8;2021-06-29;0;0;0;0;0;0;0;0;0;0;0;0;0;0;0;0;0;0
FR;8;2021-06-30;0;0;0;0;0;0;0;0;0;0;0;0;0;0;0;0;0;0
FR;8;2021-07-01;0;0;0;0;0;0;0;0;0;0;0;0;0;0;0;0;0;0
FR;8;2021-07-02;0;0;0;0;0;0;0;0;0;0;0;0;0;0;0;0;0;0
FR;8;2021-07-03;0;0;0;0;0;0;0;0;0;0;0;0;0;0;0;0;0;0
FR;8;2021-07-04;0;0;0;0;0;0;0;0;0;0;0;0;0;0;0;0;0;0
FR;8;2021-07-05;0;0;0;0;0;0;0;0;0;0;0;0;0;0;0;0;0;0
FR;8;2021-07-06;0;0;0;0;0;0;0;0;0;0;0;0;0;0;0;0;0;0
FR;8;2021-07-07;0;0;0;0;0;0;0;0;0;0;0;0;0;0;0;0;0;0
FR;8;2021-07-08;0;0;0;0;0;0;0;0;0;0;0;0;0;0;0;0;0;0
FR;8;2021-07-09;0;0;0;0;0;0;0;0;0;0;0;0;0;0;0;0;0;0
FR;8;2021-07-10;0;0;0;0;0;0;0;0;0;0;0;0;0;0;0;0;0;0
FR;8;2021-07-11;0;0;0;0;0;0;0;0;0;0;0;0;0;0;0;0;0;0
FR;8;2021-07-12;0;0;0;0;0;0;0;0;0;0;0;0;0;0;0;0;0;0
FR;8;2021-07-13;0;0;0;0;0;0;0;0;0;0;0;0;0;0;0;0;0;0
FR;8;2021-07-14;0;0;0;0;0;0;0;0;0;0;0;0;0;0;0;0;0;0
FR;8;2021-07-15;0;0;0;0;0;0;0;0;0;0;0;0;0;0;0;0;0;0
FR;8;2021-07-16;0;0;0;0;0;0;0;0;0;0;0;0;0;0;0;0;0;0
FR;8;2021-07-17;0;0;0;0;0;0;0;0;0;0;0;0;0;0;0;0;0;0
FR;8;2021-07-18;0;0;0;0;0;0;0;0;0;0;0;0;0;0;0;0;0;0
FR;8;2021-07-19;0;0;0;0;0;0;0;0;0;0;0;0;0;0;0;0;0;0
FR;8;2021-07-20;0;0;0;0;0;0;0;0;0;0;0;0;0;0;0;0;0;0
FR;8;2021-07-21;0;0;0;0;0;0;0;0;0;0;0;0;0;0;0;0;0;0
FR;8;2021-07-22;0;0;0;0;0;0;0;0;0;0;0;0;0;0;0;0;0;0
FR;8;2021-07-23;0;0;0;0;0;0;0;0;0;0;0;0;0;0;0;0;0;0
FR;8;2021-07-24;0;0;0;0;0;0;0;0;0;0;0;0;0;0;0;0;0;0
FR;8;2021-07-25;0;0;0;0;0;0;0;0;0;0;0;0;0;0;0;0;0;0
FR;8;2021-07-26;0;0;0;0;0;0;0;0;0;0;0;0;0;0;0;0;0;0
FR;8;2021-07-27;0;0;0;0;0;0;0;0;0;0;0;0;0;0;0;0;0;0
FR;8;2021-07-28;0;0;0;0;0;0;0;0;0;0;0;0;0;0;0;0;0;0
FR;8;2021-07-29;0;0;0;0;0;0;0;0;0;0;0;0;0;0;0;0;0;0
FR;8;2021-07-30;0;0;0;0;0;0;0;0;0;0;0;0;0;0;0;0;0;0
FR;8;2021-07-31;0;0;0;0;0;0;0;0;0;0;0;0;0;0;0;0;0;0
FR;8;2021-08-01;0;0;0;0;0;0;0;0;0;0;0;0;0;0;0;0;0;0
FR;8;2021-08-02;0;0;0;0;0;0;0;0;0;0;0;0;0;0;0;0;0;0
FR;8;2021-08-03;0;0;0;0;0;0;0;0;0;0;0;0;0;0;0;0;0;0
FR;8;2021-08-04;0;0;0;0;0;0;0;0;0;0;0;0;0;0;0;0;0;0
FR;8;2021-08-05;0;0;0;0;0;0;0;0;0;0;0;0;0;0;0;0;0;0
FR;8;2021-08-06;0;0;0;0;0;0;0;0;0;0;0;0;0;0;0;0;0;0
FR;8;2021-08-07;0;0;0;0;0;0;0;0;0;0;0;0;0;0;0;0;0;0
FR;8;2021-08-08;0;0;0;0;0;0;0;0;0;0;0;0;0;0;0;0;0;0
FR;8;2021-08-09;0;0;0;0;0;0;0;0;0;0;0;0;0;0;0;0;0;0
FR;8;2021-08-10;0;0;0;0;0;0;0;0;0;0;0;0;0;0;0;0;0;0
FR;8;2021-08-11;0;0;0;0;0;0;0;0;0;0;0;0;0;0;0;0;0;0
FR;8;2021-08-12;0;0;0;0;0;0;0;0;0;0;0;0;0;0;0;0;0;0
FR;8;2021-08-13;0;0;0;0;0;0;0;0;0;0;0;0;0;0;0;0;0;0
FR;8;2021-08-14;0;0;0;0;0;0;0;0;0;0;0;0;0;0;0;0;0;0
FR;8;2021-08-15;0;0;0;0;0;0;0;0;0;0;0;0;0;0;0;0;0;0
FR;8;2021-08-16;0;0;0;0;0;0;0;0;0;0;0;0;0;0;0;0;0;0
FR;8;2021-08-17;0;0;0;0;0;0;0;0;0;0;0;0;0;0;0;0;0;0
FR;8;2021-08-18;0;0;0;0;0;0;0;0;0;0;0;0;0;0;0;0;0;0
FR;8;2021-08-19;0;0;0;0;0;0;0;0;0;0;0;0;0;0;0;0;0;0
FR;8;2021-08-20;0;0;0;0;0;0;0;0;0;0;0;0;0;0;0;0;0;0
FR;8;2021-08-21;0;0;0;0;0;0;0;0;0;0;0;0;0;0;0;0;0;0
FR;8;2021-08-22;0;0;0;0;0;0;0;0;0;0;0;0;0;0;0;0;0;0
FR;8;2021-08-23;0;0;0;0;0;0;0;0;0;0;0;0;0;0;0;0;0;0
FR;8;2021-08-24;0;0;0;0;0;0;0;0;0;0;0;0;0;0;0;0;0;0
FR;8;2021-08-25;0;0;0;0;0;0;0;0;0;0;0;0;0;0;0;0;0;0
FR;8;2021-08-26;0;0;0;0;0;0;0;0;0;0;0;0;0;0;0;0;0;0
FR;8;2021-08-27;0;0;0;0;0;0;0;0;0;0;0;0;0;0;0;0;0;0
FR;8;2021-08-28;0;0;0;0;0;0;0;0;0;0;0;0;0;0;0;0;0;0
FR;8;2021-08-29;0;0;0;0;0;0;0;0;0;0;0;0;0;0;0;0;0;0
FR;8;2021-08-30;0;0;0;0;0;0;0;0;0;0;0;0;0;0;0;0;0;0
FR;8;2021-08-31;0;0;0;0;0;0;0;0;0;0;0;0;0;0;0;0;0;0
FR;8;2021-09-01;0;0;0;0;0;0;0;0;0;0;0;0;0;0;0;0;0;0
FR;8;2021-09-02;0;0;0;0;0;0;0;0;0;0;0;0;0;0;0;0;0;0
FR;8;2021-09-03;0;0;0;0;0;0;0;0;0;0;0;0;0;0;0;0;0;0
FR;8;2021-09-04;0;0;0;0;0;0;0;0;0;0;0;0;0;0;0;0;0;0
FR;8;2021-09-05;0;0;0;0;0;0;0;0;0;0;0;0;0;0;0;0;0;0
FR;8;2021-09-06;0;0;0;0;0;0;0;0;0;0;0;0;0;0;0;0;0;0
FR;8;2021-09-07;0;0;0;0;0;0;0;0;0;0;0;0;0;0;0;0;0;0
FR;8;2021-09-08;0;0;0;0;0;0;0;0;0;0;0;0;0;0;0;0;0;0
FR;8;2021-09-09;0;0;0;0;0;0;0;0;0;0;0;0;0;0;0;0;0;0
FR;8;2021-09-10;0;0;0;0;0;0;0;0;0;0;0;0;0;0;0;0;0;0
FR;8;2021-09-11;0;0;0;0;0;0;0;0;0;0;0;0;0;0;0;0;0;0
FR;8;2021-09-12;0;0;0;0;0;0;0;0;0;0;0;0;0;0;0;0;0;0
FR;8;2021-09-13;0;0;0;0;0;0;0;0;0;0;0;0;0;0;0;0;0;0
FR;8;2021-09-14;0;0;0;0;0;0;0;0;0;0;0;0;0;0;0;0;0;0
FR;8;2021-09-15;0;0;0;0;0;0;0;0;0;0;0;0;0;0;0;0;0;0
FR;8;2021-09-16;0;0;0;0;0;0;0;0;0;0;0;0;0;0;0;0;0;0
FR;8;2021-09-17;0;0;0;0;0;0;0;0;0;0;0;0;0;0;0;0;0;0
FR;8;2021-09-18;0;0;0;0;0;0;0;0;0;0;0;0;0;0;0;0;0;0
FR;8;2021-09-19;0;0;0;0;0;0;0;0;0;0;0;0;0;0;0;0;0;0
FR;8;2021-09-20;0;0;0;0;0;0;0;0;0;0;0;0;0;0;0;0;0;0
FR;8;2021-09-21;0;0;0;0;0;0;0;0;0;0;0;0;0;0;0;0;0;0
FR;8;2021-09-22;0;0;0;0;0;0;0;0;0;0;0;0;0;0;0;0;0;0
FR;8;2021-09-23;0;0;0;0;0;0;0;0;0;0;0;0;0;0;0;0;0;0
FR;8;2021-09-24;0;0;0;0;0;0;0;0;0;0;0;0;0;0;0;0;0;0
FR;8;2021-09-25;0;0;0;0;0;0;0;0;0;0;0;0;0;0;0;0;0;0
FR;8;2021-09-26;0;0;0;0;0;0;0;0;0;0;0;0;0;0;0;0;0;0
FR;8;2021-09-27;0;0;0;0;0;0;0;0;0;0;0;0;0;0;0;0;0;0
FR;8;2021-09-28;0;0;0;0;0;0;0;0;0;0;0;0;0;0;0;0;0;0
FR;8;2021-09-29;0;0;0;0;0;0;0;0;0;0;0;0;0;0;0;0;0;0
FR;8;2021-09-30;0;0;0;0;0;0;0;0;0;0;0;0;0;0;0;0;0;0
FR;8;2021-10-01;0;0;0;0;0;0;0;0;0;0;0;0;0;0;0;0;0;0
FR;8;2021-10-02;0;0;0;0;0;0;0;0;0;0;0;0;0;0;0;0;0;0
FR;8;2021-10-03;0;0;0;0;0;0;0;0;0;0;0;0;0;0;0;0;0;0
FR;8;2021-10-04;0;0;0;0;0;0;0;0;0;0;0;0;0;0;0;0;0;0
FR;8;2021-10-05;0;0;0;0;0;0;0;0;0;0;0;0;0;0;0;0;0;0
FR;8;2021-10-06;0;0;0;0;0;0;0;0;0;0;0;0;0;0;0;0;0;0
FR;8;2021-10-07;0;0;0;0;0;0;0;0;0;0;0;0;0;0;0;0;0;0
FR;8;2021-10-08;0;0;0;0;0;0;0;0;0;0;0;0;0;0;0;0;0;0
FR;8;2021-10-09;0;0;0;0;0;0;0;0;0;0;0;0;0;0;0;0;0;0
FR;8;2021-10-10;0;0;0;0;0;0;0;0;0;0;0;0;0;0;0;0;0;0
FR;8;2021-10-11;0;0;0;0;0;0;0;0;0;0;0;0;0;0;0;0;0;0
FR;8;2021-10-12;0;0;0;0;0;0;0;0;0;0;0;0;0;0;0;0;0;0
FR;8;2021-10-13;0;0;0;0;0;0;0;0;0;0;0;0;0;0;0;0;0;0
FR;8;2021-10-14;0;0;0;0;0;0;0;0;0;0;0;0;0;0;0;0;0;0
FR;8;2021-10-15;0;0;0;0;0;0;0;0;0;0;0;0;0;0;0;0;0;0
FR;8;2021-10-16;0;0;0;0;0;0;0;0;0;0;0;0;0;0;0;0;0;0
FR;8;2021-10-17;0;0;0;0;0;0;0;0;0;0;0;0;0;0;0;0;0;0
FR;8;2021-10-18;0;0;0;0;0;0;0;0;0;0;0;0;0;0;0;0;0;0
FR;8;2021-10-19;0;0;0;0;0;0;0;0;0;0;0;0;0;0;0;0;0;0
FR;8;2021-10-20;0;0;0;0;0;0;0;0;0;0;0;0;0;0;0;0;0;0
FR;8;2021-10-21;0;0;0;0;0;0;0;0;0;0;0;0;0;0;0;0;0;0
FR;8;2021-10-22;0;0;0;0;0;0;0;0;0;0;0;0;0;0;0;0;0;0
FR;8;2021-10-23;0;0;0;0;0;0;0;0;0;0;0;0;0;0;0;0;0;0
FR;8;2021-10-24;0;0;0;0;0;0;0;0;0;0;0;0;0;0;0;0;0;0
FR;8;2021-10-25;0;0;0;0;0;0;0;0;0;0;0;0;0;0;0;0;0;0
FR;8;2021-10-26;0;0;0;0;0;0;0;0;0;0;0;0;0;0;0;0;0;0
FR;8;2021-10-27;0;0;0;0;0;0;0;0;0;0;0;0;0;0;0;0;0;0
FR;8;2021-10-28;0;0;0;0;0;0;0;0;0;0;0;0;0;0;0;0;0;0
FR;8;2021-10-29;0;0;0;0;0;0;0;0;0;0;0;0;0;0;0;0;0;0
FR;8;2021-10-30;0;0;0;0;0;0;0;0;0;0;0;0;0;0;0;0;0;0
FR;8;2021-10-31;0;0;0;0;0;0;0;0;0;0;0;0;0;0;0;0;0;0
FR;8;2021-11-01;0;0;0;0;0;0;0;0;0;0;0;0;0;0;0;0;0;0
FR;8;2021-11-02;0;0;0;0;0;0;0;0;0;0;0;0;0;0;0;0;0;0
FR;8;2021-11-03;0;0;0;0;0;0;0;0;0;0;0;0;0;0;0;0;0;0
FR;8;2021-11-04;0;0;0;0;0;0;0;0;0;0;0;0;0;0;0;0;0;0
FR;8;2021-11-05;0;0;0;0;0;0;0;0;0;0;0;0;0;0;0;0;0;0
FR;8;2021-11-06;0;0;0;0;0;0;0;0;0;0;0;0;0;0;0;0;0;0
FR;8;2021-11-07;0;0;0;0;0;0;0;0;0;0;0;0;0;0;0;0;0;0
FR;8;2021-11-08;0;0;0;0;0;0;0;0;0;0;0;0;0;0;0;0;0;0
FR;8;2021-11-09;0;0;0;0;0;0;0;0;0;0;0;0;0;0;0;0;0;0
FR;8;2021-11-10;0;0;0;0;0;0;0;0;0;0;0;0;0;0;0;0;0;0
FR;8;2021-11-11;0;0;0;0;0;0;0;0;0;0;0;0;0;0;0;0;0;0
FR;8;2021-11-12;0;0;0;0;0;0;0;0;0;0;0;0;0;0;0;0;0;0
FR;8;2021-11-13;0;0;0;0;0;0;0;0;0;0;0;0;0;0;0;0;0;0
FR;8;2021-11-14;0;0;0;0;0;0;0;0;0;0;0;0;0;0;0;0;0;0
FR;8;2021-11-15;0;0;0;0;0;0;0;0;0;0;0;0;0;0;0;0;0;0
FR;8;2021-11-16;0;0;0;0;0;0;0;0;0;0;0;0;0;0;0;0;0;0
FR;8;2021-11-17;0;0;0;0;0;0;0;0;0;0;0;0;0;0;0;0;0;0
FR;8;2021-11-18;0;0;0;0;0;0;0;0;0;0;0;0;0;0;0;0;0;0
FR;8;2021-11-19;0;0;0;0;0;0;0;0;0;0;0;0;0;0;0;0;0;0
FR;8;2021-11-20;0;0;0;0;0;0;0;0;0;0;0;0;0;0;0;0;0;0
FR;8;2021-11-21;0;0;0;0;0;0;0;0;0;0;0;0;0;0;0;0;0;0
FR;8;2021-11-22;0;0;0;0;0;0;0;0;0;0;0;0;0;0;0;0;0;0
FR;8;2021-11-23;0;0;0;0;0;0;0;0;0;0;0;0;0;0;0;0;0;0
FR;8;2021-11-24;0;0;0;0;0;0;0;0;0;0;0;0;0;0;0;0;0;0
FR;8;2021-11-25;0;0;0;0;0;0;0;0;0;0;0;0;0;0;0;0;0;0
FR;8;2021-11-26;0;0;0;0;0;0;0;0;0;0;0;0;0;0;0;0;0;0
FR;8;2021-11-27;0;0;0;0;0;0;0;0;0;0;0;0;0;0;0;0;0;0
FR;8;2021-11-28;0;0;0;0;0;0;0;0;0;0;0;0;0;0;0;0;0;0
FR;8;2021-11-29;0;0;0;0;0;0;0;0;0;0;0;0;0;0;0;0;0;0
FR;8;2021-11-30;0;0;0;0;0;0;0;0;0;0;0;0;0;0;0;0;0;0
FR;8;2021-12-01;0;0;0;0;0;0;0;0;0;0;0;0;0;0;0;0;0;0
FR;8;2021-12-02;0;0;0;0;0;0;0;0;0;0;0;0;0;0;0;0;0;0
FR;8;2021-12-03;0;0;0;0;0;0;0;0;0;0;0;0;0;0;0;0;0;0
FR;8;2021-12-04;0;0;0;0;0;0;0;0;0;0;0;0;0;0;0;0;0;0
FR;8;2021-12-05;0;0;0;0;0;0;0;0;0;0;0;0;0;0;0;0;0;0
FR;8;2021-12-06;0;0;0;0;0;0;0;0;0;0;0;0;0;0;0;0;0;0
FR;8;2021-12-07;0;0;0;0;0;0;0;0;0;0;0;0;0;0;0;0;0;0
FR;8;2021-12-08;0;0;0;0;0;0;0;0;0;0;0;0;0;0;0;0;0;0
FR;8;2021-12-09;0;0;0;0;0;0;0;0;0;0;0;0;0;0;0;0;0;0
FR;8;2021-12-10;0;0;0;0;0;0;0;0;0;0;0;0;0;0;0;0;0;0
FR;8;2021-12-11;0;0;0;0;0;0;0;0;0;0;0;0;0;0;0;0;0;0
FR;8;2021-12-12;0;0;0;0;0;0;0;0;0;0;0;0;0;0;0;0;0;0
FR;8;2021-12-13;0;0;0;0;0;0;0;0;0;0;0;0;0;0;0;0;0;0
FR;8;2021-12-14;0;0;0;0;0;0;0;0;0;0;0;0;0;0;0;0;0;0
FR;8;2021-12-15;0;0;0;0;0;0;0;0;0;0;0;0;0;0;0;0;0;0
FR;8;2021-12-16;0;0;0;0;0;0;0;0;0;0;0;0;0;0;0;0;0;0
FR;8;2021-12-17;0;0;0;0;0;0;0;0;0;0;0;0;0;0;0;0;0;0
FR;8;2021-12-18;0;0;0;0;0;0;0;0;0;0;0;0;0;0;0;0;0;0
FR;8;2021-12-19;0;0;0;0;0;0;0;0;0;0;0;0;0;0;0;0;0;0
FR;8;2021-12-20;0;0;0;0;0;0;0;0;0;0;0;0;0;0;0;0;0;0
FR;8;2021-12-21;0;0;0;0;0;0;0;0;0;0;0;0;0;0;0;0;0;0
FR;8;2021-12-22;0;0;0;0;0;0;0;0;0;0;0;0;0;0;0;0;0;0
FR;8;2021-12-23;0;0;0;0;0;0;0;0;0;0;0;0;0;0;0;0;0;0
FR;8;2021-12-24;0;0;0;0;0;0;0;0;0;0;0;0;0;0;0;0;0;0
FR;8;2021-12-25;0;0;0;0;0;0;0;0;0;0;0;0;0;0;0;0;0;0
FR;8;2021-12-26;0;0;0;0;0;0;0;0;0;0;0;0;0;0;0;0;0;0
FR;8;2021-12-27;0;0;0;0;0;0;0;0;0;0;0;0;0;0;0;0;0;0
FR;8;2021-12-28;0;0;0;0;0;0;0;0;0;0;0;0;0;0;0;0;0;0
FR;8;2021-12-29;0;0;0;0;0;0;0;0;0;0;0;0;0;0;0;0;0;0
FR;8;2021-12-30;0;0;0;0;0;0;0;0;0;0;0;0;0;0;0;0;0;0
FR;8;2021-12-31;0;0;0;0;0;0;0;0;0;0;0;0;0;0;0;0;0;0
FR;8;2022-01-01;0;0;0;0;0;0;0;0;0;0;0;0;0;0;0;0;0;0
FR;8;2022-01-02;0;0;0;0;0;0;0;0;0;0;0;0;0;0;0;0;0;0
FR;8;2022-01-03;0;0;0;0;0;0;0;0;0;0;0;0;0;0;0;0;0;0
FR;8;2022-01-04;0;0;0;0;0;0;0;0;0;0;0;0;0;0;0;0;0;0
FR;8;2022-01-05;0;0;0;0;0;0;0;0;0;0;0;0;0;0;0;0;0;0
FR;8;2022-01-06;0;0;0;0;0;0;0;0;0;0;0;0;0;0;0;0;0;0
FR;8;2022-01-07;0;0;0;0;0;0;0;0;0;0;0;0;0;0;0;0;0;0
FR;8;2022-01-08;0;0;0;0;0;0;0;0;0;0;0;0;0;0;0;0;0;0
FR;8;2022-01-09;0;0;0;0;0;0;0;0;0;0;0;0;0;0;0;0;0;0
FR;8;2022-01-10;0;0;0;0;0;0;0;0;0;0;0;0;0;0;0;0;0;0
FR;8;2022-01-11;0;0;0;0;0;0;0;0;0;0;0;0;0;0;0;0;0;0
FR;8;2022-01-12;0;0;0;0;0;0;0;0;0;0;0;0;0;0;0;0;0;0
FR;8;2022-01-13;0;0;0;0;0;0;0;0;0;0;0;0;0;0;0;0;0;0
FR;8;2022-01-14;0;0;0;0;0;0;0;0;0;0;0;0;0;0;0;0;0;0
FR;8;2022-01-15;0;0;0;0;0;0;0;0;0;0;0;0;0;0;0;0;0;0
FR;8;2022-01-16;0;0;0;0;0;0;0;0;0;0;0;0;0;0;0;0;0;0
FR;8;2022-01-17;0;0;0;0;0;0;0;0;0;0;0;0;0;0;0;0;0;0
FR;8;2022-01-18;0;0;0;0;0;0;0;0;0;0;0;0;0;0;0;0;0;0
FR;8;2022-01-19;0;0;0;0;0;0;0;0;0;0;0;0;0;0;0;0;0;0
FR;8;2022-01-20;0;0;0;0;0;0;0;0;0;0;0;0;0;0;0;0;0;0
FR;8;2022-01-21;0;0;0;0;0;0;0;0;0;0;0;0;0;0;0;0;0;0
FR;8;2022-01-22;0;0;0;0;0;0;0;0;0;0;0;0;0;0;0;0;0;0
FR;8;2022-01-23;0;0;0;0;0;0;0;0;0;0;0;0;0;0;0;0;0;0
FR;8;2022-01-24;0;0;0;0;0;0;0;0;0;0;0;0;0;0;0;0;0;0
FR;8;2022-01-25;0;0;0;0;0;0;0;0;0;0;0;0;0;0;0;0;0;0
FR;8;2022-01-26;0;0;0;0;0;0;0;0;0;0;0;0;0;0;0;0;0;0
FR;8;2022-01-27;0;0;0;0;0;0;0;0;0;0;0;0;0;0;0;0;0;0
FR;8;2022-01-28;0;0;0;0;0;0;0;0;0;0;0;0;0;0;0;0;0;0
FR;8;2022-01-29;0;0;0;0;0;0;0;0;0;0;0;0;0;0;0;0;0;0
FR;8;2022-01-30;0;0;0;0;0;0;0;0;0;0;0;0;0;0;0;0;0;0
FR;8;2022-01-31;0;0;0;0;0;0;0;0;0;0;0;0;0;0;0;0;0;0
FR;8;2022-02-01;0;0;0;0;0;0;0;0;0;0;0;0;0;0;0;0;0;0
FR;8;2022-02-02;0;0;0;0;0;0;0;0;0;0;0;0;0;0;0;0;0;0
FR;8;2022-02-03;0;0;0;0;0;0;0;0;0;0;0;0;0;0;0;0;0;0
FR;8;2022-02-04;0;0;0;0;0;0;0;0;0;0;0;0;0;0;0;0;0;0
FR;8;2022-02-05;0;0;0;0;0;0;0;0;0;0;0;0;0;0;0;0;0;0
FR;8;2022-02-06;0;0;0;0;0;0;0;0;0;0;0;0;0;0;0;0;0;0
FR;8;2022-02-07;0;0;0;0;0;0;0;0;0;0;0;0;0;0;0;0;0;0
FR;8;2022-02-08;0;0;0;0;0;0;0;0;0;0;0;0;0;0;0;0;0;0
FR;8;2022-02-09;0;0;0;0;0;0;0;0;0;0;0;0;0;0;0;0;0;0
FR;8;2022-02-10;0;0;0;0;0;0;0;0;0;0;0;0;0;0;0;0;0;0
FR;8;2022-02-11;0;0;0;0;0;0;0;0;0;0;0;0;0;0;0;0;0;0
FR;8;2022-02-12;0;0;0;0;0;0;0;0;0;0;0;0;0;0;0;0;0;0
FR;8;2022-02-13;0;0;0;0;0;0;0;0;0;0;0;0;0;0;0;0;0;0
FR;8;2022-02-14;0;0;0;0;0;0;0;0;0;0;0;0;0;0;0;0;0;0
FR;8;2022-02-15;0;0;0;0;0;0;0;0;0;0;0;0;0;0;0;0;0;0
FR;8;2022-02-16;0;0;0;0;0;0;0;0;0;0;0;0;0;0;0;0;0;0
FR;8;2022-02-17;0;0;0;0;0;0;0;0;0;0;0;0;0;0;0;0;0;0
FR;8;2022-02-18;0;0;0;0;0;0;0;0;0;0;0;0;0;0;0;0;0;0
FR;8;2022-02-19;0;0;0;0;0;0;0;0;0;0;0;0;0;0;0;0;0;0
FR;8;2022-02-20;0;0;0;0;0;0;0;0;0;0;0;0;0;0;0;0;0;0
FR;8;2022-02-21;0;0;0;0;0;0;0;0;0;0;0;0;0;0;0;0;0;0
FR;8;2022-02-22;0;0;0;0;0;0;0;0;0;0;0;0;0;0;0;0;0;0
FR;8;2022-02-23;0;0;0;0;0;0;0;0;0;0;0;0;0;0;0;0;0;0
FR;8;2022-02-24;0;0;0;0;0;0;0;0;0;0;0;0;0;0;0;0;0;0
FR;8;2022-02-25;0;0;0;0;0;0;0;0;0;0;0;0;0;0;0;0;0;0
FR;8;2022-02-26;0;0;0;0;0;0;0;0;0;0;0;0;0;0;0;0;0;0
FR;8;2022-02-27;0;0;0;0;0;0;0;0;0;0;0;0;0;0;0;0;0;0
FR;8;2022-02-28;0;0;0;0;0;0;0;0;0;0;0;0;0;0;0;0;0;0
FR;8;2022-03-01;0;0;0;0;0;0;0;0;0;0;0;0;0;0;0;0;0;0
FR;8;2022-03-02;0;0;0;0;0;0;0;0;0;0;0;0;0;0;0;0;0;0
FR;8;2022-03-03;0;0;0;0;0;0;0;0;0;0;0;0;0;0;0;0;0;0
FR;8;2022-03-04;0;0;0;0;0;0;0;0;0;0;0;0;0;0;0;0;0;0
FR;8;2022-03-05;0;0;0;0;0;0;0;0;0;0;0;0;0;0;0;0;0;0
FR;8;2022-03-06;0;0;0;0;0;0;0;0;0;0;0;0;0;0;0;0;0;0
FR;8;2022-03-07;0;0;0;0;0;0;0;0;0;0;0;0;0;0;0;0;0;0
FR;8;2022-03-08;0;0;0;0;0;0;0;0;0;0;0;0;0;0;0;0;0;0
FR;8;2022-03-09;0;0;0;0;0;0;0;0;0;0;0;0;0;0;0;0;0;0
FR;8;2022-03-10;0;0;0;0;0;0;0;0;0;0;0;0;0;0;0;0;0;0
FR;8;2022-03-11;0;0;0;0;0;0;0;0;0;0;0;0;0;0;0;0;0;0
FR;8;2022-03-12;0;0;0;0;0;0;0;0;0;0;0;0;0;0;0;0;0;0
FR;8;2022-03-13;0;0;0;0;0;0;0;0;0;0;0;0;0;0;0;0;0;0
FR;8;2022-03-14;0;0;0;0;0;0;0;0;0;0;0;0;0;0;0;0;0;0
FR;8;2022-03-15;0;0;0;0;0;0;0;0;0;0;0;0;0;0;0;0;0;0
FR;8;2022-03-16;0;0;0;0;0;0;0;0;0;0;0;0;0;0;0;0;0;0
FR;8;2022-03-17;0;0;0;0;0;0;0;0;0;0;0;0;0;0;0;0;0;0
FR;8;2022-03-18;0;0;0;0;0;0;0;0;0;0;0;0;0;0;0;0;0;0
FR;8;2022-03-19;0;0;0;0;0;0;0;0;0;0;0;0;0;0;0;0;0;0
FR;8;2022-03-20;0;0;0;0;0;0;0;0;0;0;0;0;0;0;0;0;0;0
FR;8;2022-03-21;0;0;0;0;0;0;0;0;0;0;0;0;0;0;0;0;0;0
FR;8;2022-03-22;0;0;0;0;0;0;0;0;0;0;0;0;0;0;0;0;0;0
FR;8;2022-03-23;0;0;0;0;0;0;0;0;0;0;0;0;0;0;0;0;0;0
FR;8;2022-03-24;0;0;0;0;0;0;0;0;0;0;0;0;0;0;0;0;0;0
FR;8;2022-03-25;0;0;0;0;0;0;0;0;0;0;0;0;0;0;0;0;0;0
FR;8;2022-03-26;0;0;0;0;0;0;0;0;0;0;0;0;0;0;0;0;0;0
FR;8;2022-03-27;0;0;0;0;0;0;0;0;0;0;0;0;0;0;0;0;0;0
FR;8;2022-03-28;0;0;0;0;0;0;0;0;0;0;0;0;0;0;0;0;0;0
FR;8;2022-03-29;0;0;0;0;0;0;0;0;0;0;0;0;0;0;0;0;0;0
FR;8;2022-03-30;0;0;0;0;0;0;0;0;0;0;0;0;0;0;0;0;0;0
FR;8;2022-03-31;0;0;0;0;0;0;0;0;0;0;0;0;0;0;0;0;0;0
FR;8;2022-04-01;0;0;0;0;0;0;0;0;0;0;0;0;0;0;0;0;0;0
FR;8;2022-04-02;0;0;0;0;0;0;0;0;0;0;0;0;0;0;0;0;0;0
FR;8;2022-04-03;0;0;0;0;0;0;0;0;0;0;0;0;0;0;0;0;0;0
FR;8;2022-04-04;0;0;0;0;0;0;0;0;0;0;0;0;0;0;0;0;0;0
FR;8;2022-04-05;0;0;0;0;0;0;0;0;0;0;0;0;0;0;0;0;0;0
FR;8;2022-04-06;0;0;0;0;0;0;0;0;0;0;0;0;0;0;0;0;0;0
FR;8;2022-04-07;0;0;0;0;0;0;0;0;0;0;0;0;0;0;0;0;0;0
FR;8;2022-04-08;0;0;0;0;0;0;0;0;0;0;0;0;0;0;0;0;0;0
FR;8;2022-04-09;0;0;0;0;0;0;0;0;0;0;0;0;0;0;0;0;0;0
FR;8;2022-04-10;0;0;0;0;0;0;0;0;0;0;0;0;0;0;0;0;0;0
FR;8;2022-04-11;0;0;0;0;0;0;0;0;0;0;0;0;0;0;0;0;0;0
FR;8;2022-04-12;0;0;0;0;0;0;0;0;0;0;0;0;0;0;0;0;0;0
FR;8;2022-04-13;0;0;0;0;0;0;0;0;0;0;0;0;0;0;0;0;0;0
FR;8;2022-04-14;0;0;0;0;0;0;0;0;0;0;0;0;0;0;0;0;0;0
FR;8;2022-04-15;0;0;0;0;0;0;0;0;0;0;0;0;0;0;0;0;0;0
FR;8;2022-04-16;0;0;0;0;0;0;0;0;0;0;0;0;0;0;0;0;0;0
FR;8;2022-04-17;0;0;0;0;0;0;0;0;0;0;0;0;0;0;0;0;0;0
FR;8;2022-04-18;0;0;0;0;0;0;0;0;0;0;0;0;0;0;0;0;0;0
FR;8;2022-04-19;0;0;0;0;0;0;0;0;0;0;0;0;0;0;0;0;0;0
FR;8;2022-04-20;0;0;0;0;0;0;0;0;0;0;0;0;0;0;0;0;0;0
FR;8;2022-04-21;0;0;0;0;0;0;0;0;0;0;0;0;0;0;0;0;0;0
FR;8;2022-04-22;0;0;0;0;0;0;0;0;0;0;0;0;0;0;0;0;0;0
FR;8;2022-04-23;0;0;0;0;0;0;0;0;0;0;0;0;0;0;0;0;0;0
FR;8;2022-04-24;0;0;0;0;0;0;0;0;0;0;0;0;0;0;0;0;0;0
FR;8;2022-04-25;0;0;0;0;0;0;0;0;0;0;0;0;0;0;0;0;0;0
FR;8;2022-04-26;0;0;0;0;0;0;0;0;0;0;0;0;0;0;0;0;0;0
FR;8;2022-04-27;0;0;0;0;0;0;0;0;0;0;0;0;0;0;0;0;0;0
FR;8;2022-04-28;0;0;0;0;0;0;0;0;0;0;0;0;0;0;0;0;0;0
FR;8;2022-04-29;0;0;0;0;0;0;0;0;0;0;0;0;0;0;0;0;0;0
FR;8;2022-04-30;0;0;0;0;0;0;0;0;0;0;0;0;0;0;0;0;0;0
FR;8;2022-05-01;0;0;0;0;0;0;0;0;0;0;0;0;0;0;0;0;0;0
FR;8;2022-05-02;0;0;0;0;0;0;0;0;0;0;0;0;0;0;0;0;0;0
FR;8;2022-05-03;0;0;0;0;0;0;0;0;0;0;0;0;0;0;0;0;0;0
FR;8;2022-05-04;0;0;0;0;0;0;0;0;0;0;0;0;0;0;0;0;0;0
FR;8;2022-05-05;0;0;0;0;0;0;0;0;0;0;0;0;0;0;0;0;0;0
FR;8;2022-05-06;0;0;0;0;0;0;0;0;0;0;0;0;0;0;0;0;0;0
FR;8;2022-05-07;0;0;0;0;0;0;0;0;0;0;0;0;0;0;0;0;0;0
FR;8;2022-05-08;0;0;0;0;0;0;0;0;0;0;0;0;0;0;0;0;0;0
FR;8;2022-05-09;0;0;0;0;0;0;0;0;0;0;0;0;0;0;0;0;0;0
FR;8;2022-05-10;0;0;0;0;0;0;0;0;0;0;0;0;0;0;0;0;0;0
FR;8;2022-05-11;0;0;0;0;0;0;0;0;0;0;0;0;0;0;0;0;0;0
FR;8;2022-05-12;0;0;0;0;0;0;0;0;0;0;0;0;0;0;0;0;0;0
FR;8;2022-05-13;0;0;0;0;0;0;0;0;0;0;0;0;0;0;0;0;0;0
FR;8;2022-05-14;0;0;0;0;0;0;0;0;0;0;0;0;0;0;0;0;0;0
FR;8;2022-05-15;0;0;0;0;0;0;0;0;0;0;0;0;0;0;0;0;0;0
FR;8;2022-05-16;0;0;0;0;0;0;0;0;0;0;0;0;0;0;0;0;0;0
FR;8;2022-05-17;0;0;0;0;0;0;0;0;0;0;0;0;0;0;0;0;0;0
FR;8;2022-05-18;0;0;0;0;0;0;0;0;0;0;0;0;0;0;0;0;0;0
FR;8;2022-05-19;0;0;0;0;0;0;0;0;0;0;0;0;0;0;0;0;0;0
FR;8;2022-05-20;0;0;0;0;0;0;0;0;0;0;0;0;0;0;0;0;0;0
FR;8;2022-05-21;0;0;0;0;0;0;0;0;0;0;0;0;0;0;0;0;0;0
FR;8;2022-05-22;0;0;0;0;0;0;0;0;0;0;0;0;0;0;0;0;0;0
FR;8;2022-05-23;0;0;0;0;0;0;0;0;0;0;0;0;0;0;0;0;0;0
FR;8;2022-05-24;0;0;0;0;0;0;0;0;0;0;0;0;0;0;0;0;0;0
FR;8;2022-05-25;0;0;0;0;0;0;0;0;0;0;0;0;0;0;0;0;0;0
FR;8;2022-05-26;0;0;0;0;0;0;0;0;0;0;0;0;0;0;0;0;0;0
FR;8;2022-05-27;0;0;0;0;0;0;0;0;0;0;0;0;0;0;0;0;0;0
FR;8;2022-05-28;0;0;0;0;0;0;0;0;0;0;0;0;0;0;0;0;0;0
FR;8;2022-05-29;0;0;0;0;0;0;0;0;0;0;0;0;0;0;0;0;0;0
FR;8;2022-05-30;0;0;0;0;0;0;0;0;0;0;0;0;0;0;0;0;0;0
FR;8;2022-05-31;0;0;0;0;0;0;0;0;0;0;0;0;0;0;0;0;0;0
FR;8;2022-06-01;0;0;0;0;0;0;0;0;0;0;0;0;0;0;0;0;0;0
FR;8;2022-06-02;0;0;0;0;0;0;0;0;0;0;0;0;0;0;0;0;0;0
FR;8;2022-06-03;0;0;0;0;0;0;0;0;0;0;0;0;0;0;0;0;0;0
FR;8;2022-06-04;0;0;0;0;0;0;0;0;0;0;0;0;0;0;0;0;0;0
FR;8;2022-06-05;0;0;0;0;0;0;0;0;0;0;0;0;0;0;0;0;0;0
FR;8;2022-06-06;0;0;0;0;0;0;0;0;0;0;0;0;0;0;0;0;0;0
FR;8;2022-06-07;0;0;0;0;0;0;0;0;0;0;0;0;0;0;0;0;0;0
FR;8;2022-06-08;0;0;0;0;0;0;0;0;0;0;0;0;0;0;0;0;0;0
FR;8;2022-06-09;0;0;0;0;0;0;0;0;0;0;0;0;0;0;0;0;0;0
FR;8;2022-06-10;0;0;0;0;0;0;0;0;0;0;0;0;0;0;0;0;0;0
FR;8;2022-06-11;0;0;0;0;0;0;0;0;0;0;0;0;0;0;0;0;0;0
FR;8;2022-06-12;0;0;0;0;0;0;0;0;0;0;0;0;0;0;0;0;0;0
FR;8;2022-06-13;0;0;0;0;0;0;0;0;0;0;0;0;0;0;0;0;0;0
FR;8;2022-06-14;0;0;0;0;0;0;0;0;0;0;0;0;0;0;0;0;0;0
FR;8;2022-06-15;0;0;0;0;0;0;0;0;0;0;0;0;0;0;0;0;0;0
FR;8;2022-06-16;0;0;0;0;0;0;0;0;0;0;0;0;0;0;0;0;0;0
FR;8;2022-06-17;0;0;0;0;0;0;0;0;0;0;0;0;0;0;0;0;0;0
FR;8;2022-06-18;0;0;0;0;0;0;0;0;0;0;0;0;0;0;0;0;0;0
FR;8;2022-06-19;0;0;0;0;0;0;0;0;0;0;0;0;0;0;0;0;0;0
FR;8;2022-06-20;0;0;0;0;0;0;0;0;0;0;0;0;0;0;0;0;0;0
FR;8;2022-06-21;0;0;0;0;0;0;0;0;0;0;0;0;0;0;0;0;0;0
FR;8;2022-06-22;0;0;0;0;0;0;0;0;0;0;0;0;0;0;0;0;0;0
FR;8;2022-06-23;0;0;0;0;0;0;0;0;0;0;0;0;0;0;0;0;0;0
FR;8;2022-06-24;0;0;0;0;0;0;0;0;0;0;0;0;0;0;0;0;0;0
FR;8;2022-06-25;0;0;0;0;0;0;0;0;0;0;0;0;0;0;0;0;0;0
FR;8;2022-06-26;0;0;0;0;0;0;0;0;0;0;0;0;0;0;0;0;0;0
FR;8;2022-06-27;0;0;0;0;0;0;0;0;0;0;0;0;0;0;0;0;0;0
FR;8;2022-06-28;0;0;0;0;0;0;0;0;0;0;0;0;0;0;0;0;0;0
FR;8;2022-06-29;0;0;0;0;0;0;0;0;0;0;0;0;0;0;0;0;0;0
FR;8;2022-06-30;0;0;0;0;0;0;0;0;0;0;0;0;0;0;0;0;0;0
FR;8;2022-07-01;0;0;0;0;0;0;0;0;0;0;0;0;0;0;0;0;0;0
FR;8;2022-07-02;0;0;0;0;0;0;0;0;0;0;0;0;0;0;0;0;0;0
FR;8;2022-07-03;0;0;0;0;0;0;0;0;0;0;0;0;0;0;0;0;0;0
FR;8;2022-07-04;0;0;0;0;0;0;0;0;0;0;0;0;0;0;0;0;0;0
FR;8;2022-07-05;0;0;0;0;0;0;0;0;0;0;0;0;0;0;0;0;0;0
FR;8;2022-07-06;0;0;0;0;0;0;0;0;0;0;0;0;0;0;0;0;0;0
FR;8;2022-07-07;0;0;0;0;0;0;0;0;0;0;0;0;0;0;0;0;0;0
FR;8;2022-07-08;0;0;0;0;0;0;0;0;0;0;0;0;0;0;0;0;0;0
FR;8;2022-07-09;0;0;0;0;0;0;0;0;0;0;0;0;0;0;0;0;0;0
FR;8;2022-07-10;0;0;0;0;0;0;0;0;0;0;0;0;0;0;0;0;0;0
FR;8;2022-07-11;0;0;0;0;0;0;0;0;0;0;0;0;0;0;0;0;0;0
FR;8;2022-07-12;0;0;0;0;0;0;0;0;0;0;0;0;0;0;0;0;0;0
FR;8;2022-07-13;0;0;0;0;0;0;0;0;0;0;0;0;0;0;0;0;0;0
FR;8;2022-07-14;0;0;0;0;0;0;0;0;0;0;0;0;0;0;0;0;0;0
FR;8;2022-07-15;0;0;0;0;0;0;0;0;0;0;0;0;0;0;0;0;0;0
FR;8;2022-07-16;0;0;0;0;0;0;0;0;0;0;0;0;0;0;0;0;0;0
FR;8;2022-07-17;0;0;0;0;0;0;0;0;0;0;0;0;0;0;0;0;0;0
FR;8;2022-07-18;0;0;0;0;0;0;0;0;0;0;0;0;0;0;0;0;0;0
FR;8;2022-07-19;0;0;0;0;0;0;0;0;0;0;0;0;0;0;0;0;0;0
FR;8;2022-07-20;0;0;0;0;0;0;0;0;0;0;0;0;0;0;0;0;0;0
FR;8;2022-07-21;0;0;0;0;0;0;0;0;0;0;0;0;0;0;0;0;0;0
FR;8;2022-07-22;0;0;0;0;0;0;0;0;0;0;0;0;0;0;0;0;0;0
FR;8;2022-07-23;0;0;0;0;0;0;0;0;0;0;0;0;0;0;0;0;0;0
FR;8;2022-07-24;0;0;0;0;0;0;0;0;0;0;0;0;0;0;0;0;0;0
FR;8;2022-07-25;0;0;0;0;0;0;0;0;0;0;0;0;0;0;0;0;0;0
FR;8;2022-07-26;0;0;0;0;0;0;0;0;0;0;0;0;0;0;0;0;0;0
FR;8;2022-07-27;0;0;0;0;0;0;0;0;0;0;0;0;0;0;0;0;0;0
FR;8;2022-07-28;0;0;0;0;0;0;0;0;0;0;0;0;0;0;0;0;0;0
FR;8;2022-07-29;0;0;0;0;0;0;0;0;0;0;0;0;0;0;0;0;0;0
FR;8;2022-07-30;0;0;0;0;0;0;0;0;0;0;0;0;0;0;0;0;0;0
FR;8;2022-07-31;0;0;0;0;0;0;0;0;0;0;0;0;0;0;0;0;0;0
FR;8;2022-08-01;0;0;0;0;0;0;0;0;0;0;0;0;0;0;0;0;0;0
FR;8;2022-08-02;0;0;0;0;0;0;0;0;0;0;0;0;0;0;0;0;0;0
FR;8;2022-08-03;0;0;0;0;0;0;0;0;0;0;0;0;0;0;0;0;0;0
FR;8;2022-08-04;0;0;0;0;0;0;0;0;0;0;0;0;0;0;0;0;0;0
FR;8;2022-08-05;0;0;0;0;0;0;0;0;0;0;0;0;0;0;0;0;0;0
FR;8;2022-08-06;0;0;0;0;0;0;0;0;0;0;0;0;0;0;0;0;0;0
FR;8;2022-08-07;0;0;0;0;0;0;0;0;0;0;0;0;0;0;0;0;0;0
FR;8;2022-08-08;0;0;0;0;0;0;0;0;0;0;0;0;0;0;0;0;0;0
FR;8;2022-08-09;0;0;0;0;0;0;0;0;0;0;0;0;0;0;0;0;0;0
FR;8;2022-08-10;0;0;0;0;0;0;0;0;0;0;0;0;0;0;0;0;0;0
FR;8;2022-08-11;0;0;0;0;0;0;0;0;0;0;0;0;0;0;0;0;0;0
FR;8;2022-08-12;0;0;0;0;0;0;0;0;0;0;0;0;0;0;0;0;0;0
FR;8;2022-08-13;0;0;0;0;0;0;0;0;0;0;0;0;0;0;0;0;0;0
FR;8;2022-08-14;0;0;0;0;0;0;0;0;0;0;0;0;0;0;0;0;0;0
FR;8;2022-08-15;0;0;0;0;0;0;0;0;0;0;0;0;0;0;0;0;0;0
FR;8;2022-08-16;0;0;0;0;0;0;0;0;0;0;0;0;0;0;0;0;0;0
FR;8;2022-08-17;0;0;0;0;0;0;0;0;0;0;0;0;0;0;0;0;0;0
FR;8;2022-08-18;0;0;0;0;0;0;0;0;0;0;0;0;0;0;0;0;0;0
FR;8;2022-08-19;0;0;0;0;0;0;0;0;0;0;0;0;0;0;0;0;0;0
FR;8;2022-08-20;0;0;0;0;0;0;0;0;0;0;0;0;0;0;0;0;0;0
FR;8;2022-08-21;0;0;0;0;0;0;0;0;0;0;0;0;0;0;0;0;0;0
FR;8;2022-08-22;0;0;0;0;0;0;0;0;0;0;0;0;0;0;0;0;0;0
FR;8;2022-08-23;0;0;0;0;0;0;0;0;0;0;0;0;0;0;0;0;0;0
FR;8;2022-08-24;0;0;0;0;0;0;0;0;0;0;0;0;0;0;0;0;0;0
FR;8;2022-08-25;0;0;0;0;0;0;0;0;0;0;0;0;0;0;0;0;0;0
FR;8;2022-08-26;0;0;0;0;0;0;0;0;0;0;0;0;0;0;0;0;0;0
FR;8;2022-08-27;0;0;0;0;0;0;0;0;0;0;0;0;0;0;0;0;0;0
FR;8;2022-08-28;0;0;0;0;0;0;0;0;0;0;0;0;0;0;0;0;0;0
FR;8;2022-08-29;0;0;0;0;0;0;0;0;0;0;0;0;0;0;0;0;0;0
FR;8;2022-08-30;0;0;0;0;0;0;0;0;0;0;0;0;0;0;0;0;0;0
FR;8;2022-08-31;0;0;0;0;0;0;0;0;0;0;0;0;0;0;0;0;0;0
FR;8;2022-09-01;0;0;0;0;0;0;0;0;0;0;0;0;0;0;0;0;0;0
FR;8;2022-09-02;0;0;0;0;0;0;0;0;0;0;0;0;0;0;0;0;0;0
FR;8;2022-09-03;0;0;0;0;0;0;0;0;0;0;0;0;0;0;0;0;0;0
FR;8;2022-09-04;0;0;0;0;0;0;0;0;0;0;0;0;0;0;0;0;0;0
FR;8;2022-09-05;0;0;0;0;0;0;0;0;0;0;0;0;0;0;0;0;0;0
FR;8;2022-09-06;0;0;0;0;0;0;0;0;0;0;0;0;0;0;0;0;0;0
FR;8;2022-09-07;0;0;0;0;0;0;0;0;0;0;0;0;0;0;0;0;0;0
FR;8;2022-09-08;0;0;0;0;0;0;0;0;0;0;0;0;0;0;0;0;0;0
FR;8;2022-09-09;0;0;0;0;0;0;0;0;0;0;0;0;0;0;0;0;0;0
FR;8;2022-09-10;0;0;0;0;0;0;0;0;0;0;0;0;0;0;0;0;0;0
FR;8;2022-09-11;0;0;0;0;0;0;0;0;0;0;0;0;0;0;0;0;0;0
FR;8;2022-09-12;0;0;0;0;0;0;0;0;0;0;0;0;0;0;0;0;0;0
FR;8;2022-09-13;0;0;0;0;0;0;0;0;0;0;0;0;0;0;0;0;0;0
FR;8;2022-09-14;0;0;0;0;0;0;0;0;0;0;0;0;0;0;0;0;0;0
FR;8;2022-09-15;0;0;0;0;0;0;0;0;0;0;0;0;0;0;0;0;0;0
FR;8;2022-09-16;0;0;0;0;0;0;0;0;0;0;0;0;0;0;0;0;0;0
FR;8;2022-09-17;0;0;0;0;0;0;0;0;0;0;0;0;0;0;0;0;0;0
FR;8;2022-09-18;0;0;0;0;0;0;0;0;0;0;0;0;0;0;0;0;0;0
FR;8;2022-09-19;0;0;0;0;0;0;0;0;0;0;0;0;0;0;0;0;0;0
FR;8;2022-09-20;0;0;0;0;0;0;0;0;0;0;0;0;0;0;0;0;0;0
FR;8;2022-09-21;0;0;0;0;0;0;0;0;0;0;0;0;0;0;0;0;0;0
FR;8;2022-09-22;0;0;0;0;0;0;0;0;0;0;0;0;0;0;0;0;0;0
FR;8;2022-09-23;0;0;0;0;0;0;0;0;0;0;0;0;0;0;0;0;0;0
FR;8;2022-09-24;0;0;0;0;0;0;0;0;0;0;0;0;0;0;0;0;0;0
FR;8;2022-09-25;0;0;0;0;0;0;0;0;0;0;0;0;0;0;0;0;0;0
FR;8;2022-09-26;0;0;0;0;0;0;0;0;0;0;0;0;0;0;0;0;0;0
FR;8;2022-09-27;0;0;0;0;0;0;0;0;0;0;0;0;0;0;0;0;0;0
FR;8;2022-09-28;0;0;0;0;0;0;0;0;0;0;0;0;0;0;0;0;0;0
FR;8;2022-09-29;0;0;0;0;0;0;0;0;0;0;0;0;0;0;0;0;0;0
FR;8;2022-09-30;0;0;0;0;0;0;0;0;0;0;0;0;0;0;0;0;0;0
FR;8;2022-10-01;0;0;0;0;0;0;0;0;0;0;0;0;0;0;0;0;0;0
FR;8;2022-10-02;0;0;0;0;0;0;0;0;0;0;0;0;0;0;0;0;0;0
FR;8;2022-10-03;0;0;0;0;0;0;0;0;0;0;0;0;0;0;0;0;0;0
FR;8;2022-10-04;0;0;0;0;0;0;0;0;0;0;0;0;0;0;0;0;0;0
FR;8;2022-10-05;0;0;0;0;0;0;0;0;0;0;0;0;0;0;0;0;0;0
FR;8;2022-10-06;12;17;113;861;8;83;866;1059;110;12;17;113;861;8;83;866;1059;110
FR;8;2022-10-07;73;103;842;8012;63;699;8066;9845;1073;85;120;955;8873;71;782;8932;10904;1183
FR;8;2022-10-08;36;115;610;4057;50;516;4109;5310;676;121;235;1565;12930;121;1298;13041;16214;1859
FR;8;2022-10-09;17;22;145;885;13;132;913;1234;185;138;257;1710;13815;134;1430;13954;17448;2044
FR;8;2022-10-10;120;192;1351;12749;106;1044;12980;16299;2253;258;449;3061;26564;240;2474;26934;33747;4297
FR;8;2022-10-11;187;264;2476;26927;136;2012;27198;33964;4717;445;713;5537;53491;376;4486;54132;67711;9014
FR;8;2022-10-12;158;258;1831;18236;152;1441;18472;23472;3535;603;971;7368;71727;528;5927;72604;91183;12549
FR;8;2022-10-13;208;281;2512;28077;178;1905;28441;35580;5206;811;1252;9880;99804;706;7832;101045;126763;17755
FR;8;2022-10-14;257;419;3271;36247;241;2556;36672;45577;6307;1068;1671;13151;136051;947;10388;137717;172340;24062
FR;8;2022-10-15;105;182;1203;8806;79;1002;8932;11783;1829;1173;1853;14354;144857;1026;11390;146649;184123;25891
FR;8;2022-10-16;34;54;248;1522;26;215;1557;2179;402;1207;1907;14602;146379;1052;11605;148206;186302;26293
FR;8;2022-10-17;158;313;2101;21805;175;1631;22112;28301;4536;1365;2220;16703;168184;1227;13236;170318;214603;30829
FR;8;2022-10-18;270;350;3356;37861;227;2654;38244;50786;9815;1635;2570;20059;206045;1454;15890;208562;265389;40644
FR;8;2022-10-19;200;314;2631;28300;183;2187;28619;38729;7862;1835;2884;22690;234345;1637;18077;237181;304118;48506
FR;8;2022-10-20;256;368;3577;41208;229;2653;41813;55718;11167;2091;3252;26267;275553;1866;20730;278994;359836;59673
FR;8;2022-10-21;325;489;4461;49420;276;3475;50019;66309;12716;2416;3741;30728;324973;2142;24205;329013;426145;72389
FR;8;2022-10-22;126;168;1230;10664;111;927;10850;14745;2949;2542;3909;31958;335637;2253;25132;339863;440890;75338
FR;8;2022-10-23;50;53;266;1762;48;197;1841;2610;571;2592;3962;32224;337399;2301;25329;341704;443500;75909
FR;8;2022-10-24;231;311;2475;24044;174;2074;24342;33551;7084;2823;4273;34699;361443;2475;27403;366046;477051;82993
FR;8;2022-10-25;307;416;4081;43464;257;3136;44063;61310;14008;3130;4689;38780;404907;2732;30539;410109;538361;97001
FR;8;2022-10-26;226;343;2885;28761;186;2381;29040;41472;9963;3356;5032;41665;433668;2918;32920;439149;579833;106964
FR;8;2022-10-27;277;415;3329;36200;243;2635;36676;51265;11889;3633;5447;44994;469868;3161;35555;475825;631098;118853
FR;8;2022-10-28;328;466;3829;39477;258;2864;40200;55132;11999;3961;5913;48823;509345;3419;38419;516025;686230;130852
FR;8;2022-10-29;113;165;1074;8230;94;803;8374;11861;2667;4074;6078;49897;517575;3513;39222;524399;698091;133519
FR;8;2022-10-30;40;53;210;1348;38;180;1394;2063;485;4114;6131;50107;518923;3551;39402;525793;700154;134004
FR;8;2022-10-31;196;260;1665;14543;145;1277;14808;21209;5106;4310;6391;51772;533466;3696;40679;540601;721363;139110
FR;8;2022-11-01;41;42;137;963;24;171;978;1626;474;4351;6433;51909;534429;3720;40850;541579;722989;139584
FR;8;2022-11-02;198;371;2377;23320;205;1982;23714;35065;9302;4549;6804;54286;557749;3925;42832;565293;758054;148886
FR;8;2022-11-03;311;418;3487;36969;258;2604;37612;54691;14376;4860;7222;57773;594718;4183;45436;602905;812745;163262
FR;8;2022-11-04;355;496;3783;40210;260;2976;40732;57998;14179;5215;7718;61556;634928;4443;48412;643637;870743;177441
FR;8;2022-11-05;113;186;1103;8768;120;850;8935;12890;3070;5328;7904;62659;643696;4563;49262;652572;883633;180511
FR;8;2022-11-06;45;56;224;1408;38;205;1441;2249;593;5373;7960;62883;645104;4601;49467;654013;885882;181104
FR;8;2022-11-07;234;280;2324;24843;207;1799;25432;37629;10330;5607;8240;65207;669947;4808;51266;679445;923511;191434
FR;8;2022-11-08;349;506;4340;48400;307;3266;49379;71627;18820;5956;8746;69547;718347;5115;54532;728824;995138;210254
FR;8;2022-11-09;265;370;2879;29182;212;2263;29867;44485;12271;6221;9116;72426;747529;5327;56795;758691;1039623;222525
FR;8;2022-11-10;367;539;3958;40291;308;3028;41203;60577;16206;6588;9655;76384;787820;5635;59823;799894;1100200;238731
FR;8;2022-11-11;40;62;243;1479;33;204;1525;2675;933;6628;9717;76627;789299;5668;60027;801419;1102875;239664
FR;8;2022-11-12;84;165;881;6433;79;687;6636;9894;2552;6712;9882;77508;795732;5747;60714;808055;1112769;242216
FR;8;2022-11-13;36;54;213;1110;35;173;1162;1927;586;6748;9936;77721;796842;5782;60887;809217;1114696;242802
FR;8;2022-11-14;232;307;2242;22451;168;1725;23002;35096;10294;6980;10243;79963;819293;5950;62612;832219;1149792;253096
FR;8;2022-11-15;345;427;3766;42361;261;2871;43268;64817;18544;7325;10670;83729;861654;6211;65483;875487;1214609;271640
FR;8;2022-11-16;304;352;2621;26555;220;2158;27028;41766;12495;7629;11022;86350;888209;6431;67641;902515;1256375;284135
FR;8;2022-11-17;373;431;3386;36873;293;2617;37453;56661;16492;8002;11453;89736;925082;6724;70258;939968;1313036;300627
FR;8;2022-11-18;345;466;4073;42326;288;2977;43177;63687;17429;8347;11919;93809;967408;7012;73235;983145;1376723;318056
FR;8;2022-11-19;121;181;1198;8974;120;844;9156;13833;3795;8468;12100;95007;976382;7132;74079;992301;1390556;321851
FR;8;2022-11-20;35;53;260;1585;37;217;1653;2663;788;8503;12153;95267;977967;7169;74296;993954;1393219;322639
FR;8;2022-11-21;217;303;2078;20125;178;1601;20656;32172;9848;8720;12456;97345;998092;7347;75897;1014610;1425391;332487
FR;8;2022-11-22;336;407;3472;37565;251;2671;38080;58184;17322;9056;12863;100817;1035657;7598;78568;1052690;1483575;349809
FR;8;2022-11-23;232;327;2414;24439;192;2017;24867;39224;12258;9288;13190;103231;1060096;7790;80585;1077557;1522799;362067
FR;8;2022-11-24;348;391;3373;34913;238;2581;35601;55360;17079;9636;13581;106604;1095009;8028;83166;1113158;1578159;379146
FR;8;2022-11-25;309;428;3633;37740;290;2625;38538;57854;16567;9945;14009;110237;1132749;8318;85791;1151696;1636013;395713
FR;8;2022-11-26;172;195;1177;8819;127;898;8976;13689;3784;10117;14204;111414;1141568;8445;86689;1160672;1649702;399497
FR;8;2022-11-27;45;43;227;1545;38;180;1561;2472;721;10162;14247;111641;1143113;8483;86869;1162233;1652174;400218
FR;8;2022-11-28;184;301;2309;23380;172;1703;24044;37329;11508;10346;14548;113950;1166493;8655;88572;1186277;1689503;411726
FR;8;2022-11-29;293;428;3978;44083;217;2943;44769;69161;21326;10639;14976;117928;1210576;8872;91515;1231046;1758664;433052
FR;8;2022-11-30;283;410;3376;34886;226;2544;35650;54721;16409;10922;15386;121304;1245462;9098;94059;1266696;1813385;449461
FR;8;2022-12-01;334;476;4475;49364;274;3129;50140;77703;24271;11256;15862;125779;1294826;9372;97188;1316836;1891088;473732
FR;8;2022-12-02;409;518;5438;58448;304;3740;59627;89811;26255;11665;16380;131217;1353274;9676;100928;1376463;1980899;499987
FR;8;2022-12-03;178;218;1917;16860;108;1327;17272;25842;7207;11843;16598;133134;1370134;9784;102255;1393735;2006741;507194
FR;8;2022-12-04;53;90;489;4056;59;404;4116;6288;1756;11896;16688;133623;1374190;9843;102659;1397851;2013029;508950
FR;8;2022-12-05;287;404;3847;42358;247;2514;43281;66925;20981;12183;17092;137470;1416548;10090;105173;1441132;2079954;529931
FR;8;2022-12-06;427;547;6299;74321;306;4213;75740;117941;37742;12610;17639;143769;1490869;10396;109386;1516872;2197895;567673
FR;8;2022-12-07;363;436;4907;55025;265;3242;56111;87689;28141;12973;18075;148676;1545894;10661;112628;1572983;2285584;595814
FR;8;2022-12-08;453;534;6447;75449;292;4196;77033;120475;38985;13426;18609;155123;1621343;10953;116824;1650016;2406059;634799
FR;8;2022-12-09;546;604;8020;90900;356;5213;92667;143006;44858;13972;19213;163143;1712243;11309;122037;1742683;2549065;679657
FR;8;2022-12-10;264;313;3341;31719;180;2089;32565;48739;13994;14236;19526;166484;1743962;11489;124126;1775248;2597804;693651
FR;8;2022-12-11;90;104;937;7865;66;644;8083;11892;3145;14326;19630;167421;1751827;11555;124770;1783331;2609696;696796
FR;8;2022-12-12;355;462;5856;64344;253;3727;65856;103388;33607;14681;20092;173277;1816171;11808;128497;1849187;2713084;730403
FR;8;2022-12-13;532;605;8428;99109;351;5198;101551;160201;53117;15213;20697;181705;1915280;12159;133695;1950738;2873285;783520
FR;8;2022-12-14;456;533;6362;70055;306;4210;71637;113494;37377;15669;21230;188067;1985335;12465;137905;2022375;2986779;820897
FR;8;2022-12-15;491;653;8160;91744;369;5141;93954;149256;49820;16160;21883;196227;2077079;12834;143046;2116329;3136035;870717
FR;8;2022-12-16;581;710;8874;100309;386;5707;102439;161923;53402;16741;22593;205101;2177388;13220;148753;2218768;3297958;924119
FR;8;2022-12-17;234;308;3145;30070;190;2004;30841;46780;13830;16975;22901;208246;2207458;13410;150757;2249609;3344738;937949
FR;8;2022-12-18;63;94;732;5974;50;499;6122;9296;2646;17038;22995;208978;2213432;13460;151256;2255731;3354034;940595
FR;8;2022-12-19;399;453;5344;53767;265;3368;55330;87759;28879;17437;23448;214322;2267199;13725;154624;2311061;3441793;969474
FR;8;2022-12-20;555;581;7347;76588;348;4754;78685;127120;43353;17992;24029;221669;2343787;14073;159378;2389746;3568913;1012827
FR;8;2022-12-21;424;481;4969;48807;287;3324;50099;81781;28160;18416;24510;226638;2392594;14360;162702;2439845;3650694;1040987
FR;8;2022-12-22;463;526;4587;44273;315;3188;45492;74777;25942;18879;25036;231225;2436867;14675;165890;2485337;3725471;1066929
FR;8;2022-12-23;320;389;2886;25049;252;2101;25697;42323;14407;19199;25425;234111;2461916;14927;167991;2511034;3767794;1081336
FR;8;2022-12-24;70;70;395;2551;41;295;2665;4151;1174;19269;25495;234506;2464467;14968;168286;2513699;3771945;1082510
FR;8;2022-12-25;29;30;106;546;22;84;567;914;260;19298;25525;234612;2465013;14990;168370;2514266;3772859;1082770
FR;8;2022-12-26;244;276;2158;16073;178;1501;16695;26776;8485;19542;25801;236770;2481086;15168;169871;2530961;3799635;1091255
FR;8;2022-12-27;392;452;3774;32409;263;2532;33504;55302;19119;19934;26253;240544;2513495;15431;172403;2564465;3854937;1110374
FR;8;2022-12-28;343;342;2941;24661;191;2055;25249;41751;14327;20277;26595;243485;2538156;15622;174458;2589714;3896688;1124701
FR;8;2022-12-29;299;407;3158;25511;226;2187;26463;43970;15190;20576;27002;246643;2563667;15848;176645;2616177;3940658;1139891
FR;8;2022-12-30;298;343;2444;18677;216;1702;19319;31740;10611;20874;27345;249087;2582344;16064;178347;2635496;3972398;1150502
FR;8;2022-12-31;92;117;453;2959;75;364;3102;4755;1269;20966;27462;249540;2585303;16139;178711;2638598;3977153;1151771
FR;8;2023-01-01;17;30;112;661;14;85;684;995;225;20983;27492;249652;2585964;16153;178796;2639282;3978148;1151996
FR;8;2023-01-02;268;404;2262;18211;236;1608;18671;32031;11667;21251;27896;251914;2604175;16389;180404;2657953;4010179;1163663
FR;8;2023-01-03;468;542;4248;42803;322;2912;43719;80840;33886;21719;28438;256162;2646978;16711;183316;2701672;4091019;1197549
FR;8;2023-01-04;409;473;3492;29984;291;2422;30739;58271;24923;22128;28911;259654;2676962;17002;185738;2732411;4149290;1222472
FR;8;2023-01-05;504;597;4370;41813;400;2933;42707;82000;36039;22632;29508;264024;2718775;17402;188671;2775118;4231290;1258511
FR;8;2023-01-06;515;670;5106;46735;406;3342;47750;89691;38268;23147;30178;269130;2765510;17808;192013;2822868;4320981;1296779
FR;8;2023-01-07;217;289;1703;12300;180;1198;12614;22347;8435;23364;30467;270833;2777810;17988;193211;2835482;4343328;1305214
FR;8;2023-01-08;68;105;443;2744;64;312;2839;5094;1926;23432;30572;271276;2780554;18052;193523;2838321;4348422;1307140
FR;8;2023-01-09;402;480;2621;21477;312;1841;22050;44576;20465;23834;31052;273897;2802031;18364;195364;2860371;4392998;1327605
FR;8;2023-01-10;461;621;4345;40167;386;3062;40931;85027;40650;24295;31673;278242;2842198;18750;198426;2901302;4478025;1368255
FR;8;2023-01-11;348;458;2947;24112;286;2112;24623;51470;24443;24643;32131;281189;2866310;19036;200538;2925925;4529495;1392698
FR;8;2023-01-12;410;540;3656;33166;330;2573;33787;70815;34085;25053;32671;284845;2899476;19366;203111;2959712;4600310;1426783
FR;8;2023-01-13;447;589;4047;34885;339;2860;35479;72848;34130;25500;33260;288892;2934361;19705;205971;2995191;4673158;1460913
FR;8;2023-01-14;178;229;1338;8857;123;955;9039;17178;7104;25678;33489;290230;2943218;19828;206926;3004230;4690336;1468017
FR;8;2023-01-15;63;87;329;1475;53;244;1581;3172;1335;25741;33576;290559;2944693;19881;207170;3005811;4693508;1469352
FR;8;2023-01-16;267;339;1997;15749;198;1433;16010;35205;17559;26008;33915;292556;2960442;20079;208603;3021821;4728713;1486911
FR;8;2023-01-17;360;453;3247;28163;280;2320;28670;64502;33105;26368;34368;295803;2988605;20359;210923;3050491;4793215;1520016
FR;8;2023-01-18;266;407;2191;16821;247;1668;17063;38330;19344;26634;34775;297994;3005426;20606;212591;3067554;4831545;1539360
FR;8;2023-01-19;354;413;2665;22300;251;1945;22652;51206;26237;26988;35188;300659;3027726;20857;214536;3090206;4882751;1565597
FR;8;2023-01-20;403;506;3174;24796;306;2340;25277;56581;28583;27391;35694;303833;3052522;21163;216876;3115483;4939332;1594180
FR;8;2023-01-21;147;189;1002;6114;102;731;6240;12897;5829;27538;35883;304835;3058636;21265;217607;3121723;4952229;1600009
FR;8;2023-01-22;31;52;155;833;23;137;878;1879;844;27569;35935;304990;3059469;21288;217744;3122601;4954108;1600853
FR;8;2023-01-23;213;299;1588;10612;163;1162;10832;26663;14421;27782;36234;306578;3070081;21451;218906;3133433;4980771;1615274
FR;8;2023-01-24;304;416;2407;19964;247;1795;20232;49854;27409;28086;36650;308985;3090045;21698;220701;3153665;5030625;1642683
FR;8;2023-01-25;240;376;1799;12091;228;1323;12492;29958;15877;28326;37026;310784;3102136;21926;222024;3166157;5060583;1658560
FR;8;2023-01-26;299;381;2215;16480;261;1637;16752;41480;22705;28625;37407;312999;3118616;22187;223661;3182909;5102063;1681265
FR;8;2023-01-27;311;487;2457;17856;292;1841;18090;44123;23768;28936;37894;315456;3136472;22479;225502;3200999;5146186;1705033
FR;8;2023-01-28;125;187;766;4327;124;599;4442;9721;4591;29061;38081;316222;3140799;22603;226101;3205441;5155907;1709624
FR;8;2023-01-29;26;43;86;438;28;67;470;1058;513;29087;38124;316308;3141237;22631;226168;3205911;5156965;1710137
FR;8;2023-01-30;207;313;1224;7958;185;1010;8121;20443;11063;29294;38437;317532;3149195;22816;227178;3214032;5177408;1721200
FR;8;2023-01-31;272;382;1910;13586;235;1417;13812;36220;20700;29566;38819;319442;3162781;23051;228595;3227844;5213628;1741900
FR;8;2023-02-01;247;343;1329;8018;222;1087;8138;21682;12179;29813;39162;320771;3170799;23273;229682;3235982;5235310;1754079
FR;8;2023-02-02;257;383;1566;11432;231;1275;11652;30992;17704;30070;39545;322337;3182231;23504;230957;3247634;5266302;1771783
FR;8;2023-02-03;279;446;1846;12102;284;1434;12286;32929;18829;30349;39991;324183;3194333;23788;232391;3259920;5299231;1790612
FR;8;2023-02-04;117;158;568;2953;108;461;2995;7182;3655;30466;40149;324751;3197286;23896;232852;3262915;5306413;1794267
FR;8;2023-02-05;10;53;65;224;31;60;239;571;264;30476;40202;324816;3197510;23927;232912;3263154;5306984;1794531
FR;8;2023-02-06;184;241;939;5164;169;702;5347;14997;8716;30660;40443;325755;3202674;24096;233614;3268501;5321981;1803247
FR;8;2023-02-07;234;386;1454;9411;260;1180;9548;27521;16385;30894;40829;327209;3212085;24356;234794;3278049;5349502;1819632
FR;8;2023-02-08;172;248;1017;5839;170;807;5984;16521;9449;31066;41077;328226;3217924;24526;235601;3284033;5366023;1829081
FR;8;2023-02-09;236;384;1174;7535;246;982;7719;22209;13180;31302;41461;329400;3225459;24772;236583;3291752;5388232;1842261
FR;8;2023-02-10;277;362;1397;7952;244;1157;8085;23119;13495;31579;41823;330797;3233411;25016;237740;3299837;5411351;1855756
FR;8;2023-02-11;88;145;470;2015;100;402;2092;5227;2664;31667;41968;331267;3235426;25116;238142;3301929;5416578;1858420
FR;8;2023-02-12;26;31;51;163;25;45;184;425;189;31693;41999;331318;3235589;25141;238187;3302113;5417003;1858609
FR;8;2023-02-13;131;204;669;3152;128;606;3246;9274;5285;31824;42203;331987;3238741;25269;238793;3305359;5426277;1863894
FR;8;2023-02-14;188;262;1061;5687;159;885;5836;17089;10070;32012;42465;333048;3244428;25428;239678;3311195;5443366;1873964
FR;8;2023-02-15;162;254;847;3874;145;725;4047;11818;6844;32174;42719;333895;3248302;25573;240403;3315242;5455184;1880808
FR;8;2023-02-16;168;305;997;4915;172;849;5060;14611;8452;32342;43024;334892;3253217;25745;241252;3320302;5469795;1889260
FR;8;2023-02-17;227;316;1101;5201;222;941;5424;15936;9312;32569;43340;335993;3258418;25967;242193;3325726;5485731;1898572
FR;8;2023-02-18;95;130;395;1491;86;312;1565;3902;1969;32664;43470;336388;3259909;26053;242505;3327291;5489633;1900541
FR;8;2023-02-19;22;36;43;132;31;35;135;333;159;32686;43506;336431;3260041;26084;242540;3327426;5489966;1900700
FR;8;2023-02-20;140;256;632;2669;160;586;2784;8171;4655;32826;43762;337063;3262710;26244;243126;3330210;5498137;1905355
FR;8;2023-02-21;177;307;962;4285;163;835;4490;13542;7940;33003;44069;338025;3266995;26407;243961;3334700;5511679;1913295
FR;8;2023-02-22;155;253;661;2765;169;620;2798;8598;5013;33158;44322;338686;3269760;26576;244581;3337498;5520277;1918308
FR;8;2023-02-23;151;260;825;3773;153;732;3951;11821;6859;33309;44582;339511;3273533;26729;245313;3341449;5532098;1925167
FR;8;2023-02-24;157;309;952;4101;191;824;4287;12390;7040;33466;44891;340463;3277634;26920;246137;3345736;5544488;1932207
FR;8;2023-02-25;57;100;344;1058;67;274;1113;2939;1494;33523;44991;340807;3278692;26987;246411;3346849;5547427;1933701
FR;8;2023-02-26;14;21;31;95;22;28;108;249;106;33537;45012;340838;3278787;27009;246439;3346957;5547676;1933807
FR;8;2023-02-27;92;221;504;1828;152;479;1898;6236;3722;33629;45233;341342;3280615;27161;246918;3348855;5553912;1937529
FR;8;2023-02-28;156;256;753;3330;152;715;3457;11594;7127;33785;45489;342095;3283945;27313;247633;3352312;5565506;1944656
FR;8;2023-03-01;128;195;521;1829;145;459;1981;6234;3647;33913;45684;342616;3285774;27458;248092;3354293;5571740;1948303
FR;8;2023-03-02;128;217;713;2760;132;607;2954;9690;5899;34041;45901;343329;3288534;27590;248699;3357247;5581430;1954202
FR;8;2023-03-03;179;328;892;3403;217;791;3530;11207;6575;34220;46229;344221;3291937;27807;249490;3360777;5592637;1960777
FR;8;2023-03-04;58;134;310;975;81;293;981;2628;1295;34278;46363;344531;3292912;27888;249783;3361758;5595265;1962072
FR;8;2023-03-05;12;18;20;48;14;24;48;182;99;34290;46381;344551;3292960;27902;249807;3361806;5595447;1962171
FR;8;2023-03-06;117;177;412;1309;102;392;1368;4419;2521;34407;46558;344963;3294269;28004;250199;3363174;5599866;1964692
FR;8;2023-03-07;120;209;562;2150;125;519;2226;7502;4567;34527;46767;345525;3296419;28129;250718;3365400;5607368;1969259
FR;8;2023-03-08;89;173;445;1325;107;394;1396;4685;2742;34616;46940;345970;3297744;28236;251112;3366796;5612053;1972001
FR;8;2023-03-09;116;200;554;1865;122;518;1925;6746;4131;34732;47140;346524;3299609;28358;251630;3368721;5618799;1976132
FR;8;2023-03-10;198;329;762;2397;208;689;2516;8508;5064;34930;47469;347286;3302006;28566;252319;3371237;5627307;1981196
FR;8;2023-03-11;54;114;271;734;78;236;768;2152;1096;34984;47583;347557;3302740;28644;252555;3372005;5629459;1982292
FR;8;2023-03-12;6;10;23;60;8;22;61;172;85;34990;47593;347580;3302800;28652;252577;3372066;5629631;1982377
FR;8;2023-03-13;78;137;383;989;87;342;1067;3420;1921;35068;47730;347963;3303789;28739;252919;3373133;5633051;1984298
FR;8;2023-03-14;110;209;559;1732;123;543;1807;6351;3795;35178;47939;348522;3305521;28862;253462;3374940;5639402;1988093
FR;8;2023-03-15;104;164;405;1095;116;368;1164;4038;2359;35282;48103;348927;3306616;28978;253830;3376104;5643440;1990452
FR;8;2023-03-16;99;191;501;1489;123;457;1575;5553;3326;35381;48294;349428;3308105;29101;254287;3377679;5648993;1993778
FR;8;2023-03-17;138;219;639;1828;135;557;1974;6781;4005;35519;48513;350067;3309933;29236;254844;3379653;5655774;1997783
FR;8;2023-03-18;75;110;261;525;69;248;583;1836;944;35594;48623;350328;3310458;29305;255092;3380236;5657610;1998727
FR;8;2023-03-19;3;15;23;45;15;12;51;115;49;35597;48638;350351;3310503;29320;255104;3380287;5657725;1998776
FR;8;2023-03-20;83;171;401;922;95;399;1003;3492;1959;35680;48809;350752;3311425;29415;255503;3381290;5661217;2000735
FR;8;2023-03-21;126;200;569;1499;118;545;1670;6077;3616;35806;49009;351321;3312924;29533;256048;3382960;5667294;2004351
FR;8;2023-03-22;118;156;394;933;105;368;1046;3620;2080;35924;49165;351715;3313857;29638;256416;3384006;5670914;2006431
FR;8;2023-03-23;87;160;513;1269;88;456;1357;4821;2801;36011;49325;352228;3315126;29726;256872;3385363;5675735;2009232
FR;8;2023-03-24;142;259;684;1611;152;623;1777;6199;3543;36153;49584;352912;3316737;29878;257495;3387140;5681934;2012775
FR;8;2023-03-25;58;92;264;491;70;229;545;1600;758;36211;49676;353176;3317228;29948;257724;3387685;5683534;2013533
FR;8;2023-03-26;6;9;16;30;8;13;30;83;38;36217;49685;353192;3317258;29956;257737;3387715;5683617;2013571
FR;8;2023-03-27;107;167;403;785;122;383;872;3115;1738;36324;49852;353595;3318043;30078;258120;3388587;5686732;2015309
FR;8;2023-03-28;111;178;526;1441;98;482;1575;5777;3437;36435;50030;354121;3319484;30176;258602;3390162;5692509;2018746
FR;8;2023-03-29;88;167;369;886;85;361;1023;3537;1965;36523;50197;354490;3320370;30261;258963;3391185;5696046;2020711
FR;8;2023-03-30;94;169;478;1245;85;474;1388;5029;2871;36617;50366;354968;3321615;30346;259437;3392573;5701075;2023582
FR;8;2023-03-31;126;243;634;1610;162;556;1750;6357;3687;36743;50609;355602;3323225;30508;259993;3394323;5707432;2027269
FR;8;2023-04-01;57;104;280;536;52;238;623;1820;867;36800;50713;355882;3323761;30560;260231;3394946;5709252;2028136
FR;8;2023-04-02;5;21;20;32;12;26;34;99;39;36805;50734;355902;3323793;30572;260257;3394980;5709351;2028175
FR;8;2023-04-03;71;130;347;720;84;317;814;2876;1577;36876;50864;356249;3324513;30656;260574;3395794;5712227;2029752
FR;8;2023-04-04;77;173;443;1082;115;366;1230;4789;2836;36953;51037;356692;3325595;30771;260940;3397024;5717016;2032588
FR;8;2023-04-05;68;132;341;712;83;323;804;3094;1762;37021;51169;357033;3326307;30854;261263;3397828;5720110;2034350
FR;8;2023-04-06;90;117;361;942;72;328;1050;3873;2200;37111;51286;357394;3327249;30926;261591;3398878;5723983;2036550
FR;8;2023-04-07;116;206;484;1149;122;442;1249;4570;2559;37227;51492;357878;3328398;31048;262033;3400127;5728553;2039109
FR;8;2023-04-08;29;88;205;344;54;195;379;1201;536;37256;51580;358083;3328742;31102;262228;3400506;5729754;2039645
FR;8;2023-04-09;3;11;16;12;4;19;16;52;15;37259;51591;358099;3328754;31106;262247;3400522;5729806;2039660
FR;8;2023-04-10;6;8;21;27;2;21;35;85;25;37265;51599;358120;3328781;31108;262268;3400557;5729891;2039685
FR;8;2023-04-11;72;168;454;867;90;443;966;3933;2164;37337;51767;358574;3329648;31198;262711;3401523;5733824;2041849
FR;8;2023-04-12;73;134;297;645;88;289;697;2887;1633;37410;51901;358871;3330293;31286;263000;3402220;5736711;2043482
FR;8;2023-04-13;66;159;341;833;95;331;919;3784;2173;37476;52060;359212;3331126;31381;263331;3403139;5740495;2045655
FR;8;2023-04-14;113;185;457;1099;122;410;1177;4755;2744;37589;52245;359669;3332225;31503;263741;3404316;5745250;2048399
FR;8;2023-04-15;29;79;173;364;40;173;390;1328;617;37618;52324;359842;3332589;31543;263914;3404706;5746578;2049016
FR;8;2023-04-16;14;9;9;29;8;13;24;79;30;37632;52333;359851;3332618;31551;263927;3404730;5746657;2049046
FR;8;2023-04-17;52;126;271;518;68;277;607;2638;1427;37684;52459;360122;3333136;31619;264204;3405337;5749295;2050473
FR;8;2023-04-18;92;133;345;759;80;349;844;3698;2093;37776;52592;360467;3333895;31699;264553;3406181;5752993;2052566
FR;8;2023-04-19;58;86;238;462;57;196;545;2246;1218;37834;52678;360705;3334357;31756;264749;3406726;5755239;2053784
FR;9;2020-12-27;0;0;0;0;0;0;0;0;0;0;0;0;0;0;0;0;0;0
FR;9;2020-12-28;0;0;0;0;0;0;0;0;0;0;0;0;0;0;0;0;0;0
FR;9;2020-12-29;0;0;0;0;0;0;0;0;0;0;0;0;0;0;0;0;0;0
FR;9;2020-12-30;0;0;0;0;0;0;0;0;0;0;0;0;0;0;0;0;0;0
FR;9;2020-12-31;0;0;0;0;0;0;0;0;0;0;0;0;0;0;0;0;0;0
FR;9;2021-01-01;0;0;0;0;0;0;0;0;0;0;0;0;0;0;0;0;0;0
FR;9;2021-01-02;0;0;0;0;0;0;0;0;0;0;0;0;0;0;0;0;0;0
FR;9;2021-01-03;0;0;0;0;0;0;0;0;0;0;0;0;0;0;0;0;0;0
FR;9;2021-01-04;0;0;0;0;0;0;0;0;0;0;0;0;0;0;0;0;0;0
FR;9;2021-01-05;0;0;0;0;0;0;0;0;0;0;0;0;0;0;0;0;0;0
FR;9;2021-01-06;0;0;0;0;0;0;0;0;0;0;0;0;0;0;0;0;0;0
FR;9;2021-01-07;0;0;0;0;0;0;0;0;0;0;0;0;0;0;0;0;0;0
FR;9;2021-01-08;0;0;0;0;0;0;0;0;0;0;0;0;0;0;0;0;0;0
FR;9;2021-01-09;0;0;0;0;0;0;0;0;0;0;0;0;0;0;0;0;0;0
FR;9;2021-01-10;0;0;0;0;0;0;0;0;0;0;0;0;0;0;0;0;0;0
FR;9;2021-01-11;0;0;0;0;0;0;0;0;0;0;0;0;0;0;0;0;0;0
FR;9;2021-01-12;0;0;0;0;0;0;0;0;0;0;0;0;0;0;0;0;0;0
FR;9;2021-01-13;0;0;0;0;0;0;0;0;0;0;0;0;0;0;0;0;0;0
FR;9;2021-01-14;0;0;0;0;0;0;0;0;0;0;0;0;0;0;0;0;0;0
FR;9;2021-01-15;0;0;0;0;0;0;0;0;0;0;0;0;0;0;0;0;0;0
FR;9;2021-01-16;0;0;0;0;0;0;0;0;0;0;0;0;0;0;0;0;0;0
FR;9;2021-01-17;0;0;0;0;0;0;0;0;0;0;0;0;0;0;0;0;0;0
FR;9;2021-01-18;0;0;0;0;0;0;0;0;0;0;0;0;0;0;0;0;0;0
FR;9;2021-01-19;0;0;0;0;0;0;0;0;0;0;0;0;0;0;0;0;0;0
FR;9;2021-01-20;0;0;0;0;0;0;0;0;0;0;0;0;0;0;0;0;0;0
FR;9;2021-01-21;0;0;0;0;0;0;0;0;0;0;0;0;0;0;0;0;0;0
FR;9;2021-01-22;0;0;0;0;0;0;0;0;0;0;0;0;0;0;0;0;0;0
FR;9;2021-01-23;0;0;0;0;0;0;0;0;0;0;0;0;0;0;0;0;0;0
FR;9;2021-01-24;0;0;0;0;0;0;0;0;0;0;0;0;0;0;0;0;0;0
FR;9;2021-01-25;0;0;0;0;0;0;0;0;0;0;0;0;0;0;0;0;0;0
FR;9;2021-01-26;0;0;0;0;0;0;0;0;0;0;0;0;0;0;0;0;0;0
FR;9;2021-01-27;0;0;0;0;0;0;0;0;0;0;0;0;0;0;0;0;0;0
FR;9;2021-01-28;0;0;0;0;0;0;0;0;0;0;0;0;0;0;0;0;0;0
FR;9;2021-01-29;0;0;0;0;0;0;0;0;0;0;0;0;0;0;0;0;0;0
FR;9;2021-01-30;0;0;0;0;0;0;0;0;0;0;0;0;0;0;0;0;0;0
FR;9;2021-01-31;0;0;0;0;0;0;0;0;0;0;0;0;0;0;0;0;0;0
FR;9;2021-02-01;0;0;0;0;0;0;0;0;0;0;0;0;0;0;0;0;0;0
FR;9;2021-02-02;0;0;0;0;0;0;0;0;0;0;0;0;0;0;0;0;0;0
FR;9;2021-02-03;0;0;0;0;0;0;0;0;0;0;0;0;0;0;0;0;0;0
FR;9;2021-02-04;0;0;0;0;0;0;0;0;0;0;0;0;0;0;0;0;0;0
FR;9;2021-02-05;0;0;0;0;0;0;0;0;0;0;0;0;0;0;0;0;0;0
FR;9;2021-02-06;0;0;0;0;0;0;0;0;0;0;0;0;0;0;0;0;0;0
FR;9;2021-02-07;0;0;0;0;0;0;0;0;0;0;0;0;0;0;0;0;0;0
FR;9;2021-02-08;0;0;0;0;0;0;0;0;0;0;0;0;0;0;0;0;0;0
FR;9;2021-02-09;0;0;0;0;0;0;0;0;0;0;0;0;0;0;0;0;0;0
FR;9;2021-02-10;0;0;0;0;0;0;0;0;0;0;0;0;0;0;0;0;0;0
FR;9;2021-02-11;0;0;0;0;0;0;0;0;0;0;0;0;0;0;0;0;0;0
FR;9;2021-02-12;0;0;0;0;0;0;0;0;0;0;0;0;0;0;0;0;0;0
FR;9;2021-02-13;0;0;0;0;0;0;0;0;0;0;0;0;0;0;0;0;0;0
FR;9;2021-02-14;0;0;0;0;0;0;0;0;0;0;0;0;0;0;0;0;0;0
FR;9;2021-02-15;0;0;0;0;0;0;0;0;0;0;0;0;0;0;0;0;0;0
FR;9;2021-02-16;0;0;0;0;0;0;0;0;0;0;0;0;0;0;0;0;0;0
FR;9;2021-02-17;0;0;0;0;0;0;0;0;0;0;0;0;0;0;0;0;0;0
FR;9;2021-02-18;0;0;0;0;0;0;0;0;0;0;0;0;0;0;0;0;0;0
FR;9;2021-02-19;0;0;0;0;0;0;0;0;0;0;0;0;0;0;0;0;0;0
FR;9;2021-02-20;0;0;0;0;0;0;0;0;0;0;0;0;0;0;0;0;0;0
FR;9;2021-02-21;0;0;0;0;0;0;0;0;0;0;0;0;0;0;0;0;0;0
FR;9;2021-02-22;0;0;0;0;0;0;0;0;0;0;0;0;0;0;0;0;0;0
FR;9;2021-02-23;0;0;0;0;0;0;0;0;0;0;0;0;0;0;0;0;0;0
FR;9;2021-02-24;0;0;0;0;0;0;0;0;0;0;0;0;0;0;0;0;0;0
FR;9;2021-02-25;0;0;0;0;0;0;0;0;0;0;0;0;0;0;0;0;0;0
FR;9;2021-02-26;0;0;0;0;0;0;0;0;0;0;0;0;0;0;0;0;0;0
FR;9;2021-02-27;0;0;0;0;0;0;0;0;0;0;0;0;0;0;0;0;0;0
FR;9;2021-02-28;0;0;0;0;0;0;0;0;0;0;0;0;0;0;0;0;0;0
FR;9;2021-03-01;0;0;0;0;0;0;0;0;0;0;0;0;0;0;0;0;0;0
FR;9;2021-03-02;0;0;0;0;0;0;0;0;0;0;0;0;0;0;0;0;0;0
FR;9;2021-03-03;0;0;0;0;0;0;0;0;0;0;0;0;0;0;0;0;0;0
FR;9;2021-03-04;0;0;0;0;0;0;0;0;0;0;0;0;0;0;0;0;0;0
FR;9;2021-03-05;0;0;0;0;0;0;0;0;0;0;0;0;0;0;0;0;0;0
FR;9;2021-03-06;0;0;0;0;0;0;0;0;0;0;0;0;0;0;0;0;0;0
FR;9;2021-03-07;0;0;0;0;0;0;0;0;0;0;0;0;0;0;0;0;0;0
FR;9;2021-03-08;0;0;0;0;0;0;0;0;0;0;0;0;0;0;0;0;0;0
FR;9;2021-03-09;0;0;0;0;0;0;0;0;0;0;0;0;0;0;0;0;0;0
FR;9;2021-03-10;0;0;0;0;0;0;0;0;0;0;0;0;0;0;0;0;0;0
FR;9;2021-03-11;0;0;0;0;0;0;0;0;0;0;0;0;0;0;0;0;0;0
FR;9;2021-03-12;0;0;0;0;0;0;0;0;0;0;0;0;0;0;0;0;0;0
FR;9;2021-03-13;0;0;0;0;0;0;0;0;0;0;0;0;0;0;0;0;0;0
FR;9;2021-03-14;0;0;0;0;0;0;0;0;0;0;0;0;0;0;0;0;0;0
FR;9;2021-03-15;0;0;0;0;0;0;0;0;0;0;0;0;0;0;0;0;0;0
FR;9;2021-03-16;0;0;0;0;0;0;0;0;0;0;0;0;0;0;0;0;0;0
FR;9;2021-03-17;0;0;0;0;0;0;0;0;0;0;0;0;0;0;0;0;0;0
FR;9;2021-03-18;0;0;0;0;0;0;0;0;0;0;0;0;0;0;0;0;0;0
FR;9;2021-03-19;0;0;0;0;0;0;0;0;0;0;0;0;0;0;0;0;0;0
FR;9;2021-03-20;0;0;0;0;0;0;0;0;0;0;0;0;0;0;0;0;0;0
FR;9;2021-03-21;0;0;0;0;0;0;0;0;0;0;0;0;0;0;0;0;0;0
FR;9;2021-03-22;0;0;0;0;0;0;0;0;0;0;0;0;0;0;0;0;0;0
FR;9;2021-03-23;0;0;0;0;0;0;0;0;0;0;0;0;0;0;0;0;0;0
FR;9;2021-03-24;0;0;0;0;0;0;0;0;0;0;0;0;0;0;0;0;0;0
FR;9;2021-03-25;0;0;0;0;0;0;0;0;0;0;0;0;0;0;0;0;0;0
FR;9;2021-03-26;0;0;0;0;0;0;0;0;0;0;0;0;0;0;0;0;0;0
FR;9;2021-03-27;0;0;0;0;0;0;0;0;0;0;0;0;0;0;0;0;0;0
FR;9;2021-03-28;0;0;0;0;0;0;0;0;0;0;0;0;0;0;0;0;0;0
FR;9;2021-03-29;0;0;0;0;0;0;0;0;0;0;0;0;0;0;0;0;0;0
FR;9;2021-03-30;0;0;0;0;0;0;0;0;0;0;0;0;0;0;0;0;0;0
FR;9;2021-03-31;0;0;0;0;0;0;0;0;0;0;0;0;0;0;0;0;0;0
FR;9;2021-04-01;0;0;0;0;0;0;0;0;0;0;0;0;0;0;0;0;0;0
FR;9;2021-04-02;0;0;0;0;0;0;0;0;0;0;0;0;0;0;0;0;0;0
FR;9;2021-04-03;0;0;0;0;0;0;0;0;0;0;0;0;0;0;0;0;0;0
FR;9;2021-04-04;0;0;0;0;0;0;0;0;0;0;0;0;0;0;0;0;0;0
FR;9;2021-04-05;0;0;0;0;0;0;0;0;0;0;0;0;0;0;0;0;0;0
FR;9;2021-04-06;0;0;0;0;0;0;0;0;0;0;0;0;0;0;0;0;0;0
FR;9;2021-04-07;0;0;0;0;0;0;0;0;0;0;0;0;0;0;0;0;0;0
FR;9;2021-04-08;0;0;0;0;0;0;0;0;0;0;0;0;0;0;0;0;0;0
FR;9;2021-04-09;0;0;0;0;0;0;0;0;0;0;0;0;0;0;0;0;0;0
FR;9;2021-04-10;0;0;0;0;0;0;0;0;0;0;0;0;0;0;0;0;0;0
FR;9;2021-04-11;0;0;0;0;0;0;0;0;0;0;0;0;0;0;0;0;0;0
FR;9;2021-04-12;0;0;0;0;0;0;0;0;0;0;0;0;0;0;0;0;0;0
FR;9;2021-04-13;0;0;0;0;0;0;0;0;0;0;0;0;0;0;0;0;0;0
FR;9;2021-04-14;0;0;0;0;0;0;0;0;0;0;0;0;0;0;0;0;0;0
FR;9;2021-04-15;0;0;0;0;0;0;0;0;0;0;0;0;0;0;0;0;0;0
FR;9;2021-04-16;0;0;0;0;0;0;0;0;0;0;0;0;0;0;0;0;0;0
FR;9;2021-04-17;0;0;0;0;0;0;0;0;0;0;0;0;0;0;0;0;0;0
FR;9;2021-04-18;0;0;0;0;0;0;0;0;0;0;0;0;0;0;0;0;0;0
FR;9;2021-04-19;0;0;0;0;0;0;0;0;0;0;0;0;0;0;0;0;0;0
FR;9;2021-04-20;0;0;0;0;0;0;0;0;0;0;0;0;0;0;0;0;0;0
FR;9;2021-04-21;0;0;0;0;0;0;0;0;0;0;0;0;0;0;0;0;0;0
FR;9;2021-04-22;0;0;0;0;0;0;0;0;0;0;0;0;0;0;0;0;0;0
FR;9;2021-04-23;0;0;0;0;0;0;0;0;0;0;0;0;0;0;0;0;0;0
FR;9;2021-04-24;0;0;0;0;0;0;0;0;0;0;0;0;0;0;0;0;0;0
FR;9;2021-04-25;0;0;0;0;0;0;0;0;0;0;0;0;0;0;0;0;0;0
FR;9;2021-04-26;0;0;0;0;0;0;0;0;0;0;0;0;0;0;0;0;0;0
FR;9;2021-04-27;0;0;0;0;0;0;0;0;0;0;0;0;0;0;0;0;0;0
FR;9;2021-04-28;0;0;0;0;0;0;0;0;0;0;0;0;0;0;0;0;0;0
FR;9;2021-04-29;0;0;0;0;0;0;0;0;0;0;0;0;0;0;0;0;0;0
FR;9;2021-04-30;0;0;0;0;0;0;0;0;0;0;0;0;0;0;0;0;0;0
FR;9;2021-05-01;0;0;0;0;0;0;0;0;0;0;0;0;0;0;0;0;0;0
FR;9;2021-05-02;0;0;0;0;0;0;0;0;0;0;0;0;0;0;0;0;0;0
FR;9;2021-05-03;0;0;0;0;0;0;0;0;0;0;0;0;0;0;0;0;0;0
FR;9;2021-05-04;0;0;0;0;0;0;0;0;0;0;0;0;0;0;0;0;0;0
FR;9;2021-05-05;0;0;0;0;0;0;0;0;0;0;0;0;0;0;0;0;0;0
FR;9;2021-05-06;0;0;0;0;0;0;0;0;0;0;0;0;0;0;0;0;0;0
FR;9;2021-05-07;0;0;0;0;0;0;0;0;0;0;0;0;0;0;0;0;0;0
FR;9;2021-05-08;0;0;0;0;0;0;0;0;0;0;0;0;0;0;0;0;0;0
FR;9;2021-05-09;0;0;0;0;0;0;0;0;0;0;0;0;0;0;0;0;0;0
FR;9;2021-05-10;0;0;0;0;0;0;0;0;0;0;0;0;0;0;0;0;0;0
FR;9;2021-05-11;0;0;0;0;0;0;0;0;0;0;0;0;0;0;0;0;0;0
FR;9;2021-05-12;0;0;0;0;0;0;0;0;0;0;0;0;0;0;0;0;0;0
FR;9;2021-05-13;0;0;0;0;0;0;0;0;0;0;0;0;0;0;0;0;0;0
FR;9;2021-05-14;0;0;0;0;0;0;0;0;0;0;0;0;0;0;0;0;0;0
FR;9;2021-05-15;0;0;0;0;0;0;0;0;0;0;0;0;0;0;0;0;0;0
FR;9;2021-05-16;0;0;0;0;0;0;0;0;0;0;0;0;0;0;0;0;0;0
FR;9;2021-05-17;0;0;0;0;0;0;0;0;0;0;0;0;0;0;0;0;0;0
FR;9;2021-05-18;0;0;0;0;0;0;0;0;0;0;0;0;0;0;0;0;0;0
FR;9;2021-05-19;0;0;0;0;0;0;0;0;0;0;0;0;0;0;0;0;0;0
FR;9;2021-05-20;0;0;0;0;0;0;0;0;0;0;0;0;0;0;0;0;0;0
FR;9;2021-05-21;0;0;0;0;0;0;0;0;0;0;0;0;0;0;0;0;0;0
FR;9;2021-05-22;0;0;0;0;0;0;0;0;0;0;0;0;0;0;0;0;0;0
FR;9;2021-05-23;0;0;0;0;0;0;0;0;0;0;0;0;0;0;0;0;0;0
FR;9;2021-05-24;0;0;0;0;0;0;0;0;0;0;0;0;0;0;0;0;0;0
FR;9;2021-05-25;0;0;0;0;0;0;0;0;0;0;0;0;0;0;0;0;0;0
FR;9;2021-05-26;0;0;0;0;0;0;0;0;0;0;0;0;0;0;0;0;0;0
FR;9;2021-05-27;0;0;0;0;0;0;0;0;0;0;0;0;0;0;0;0;0;0
FR;9;2021-05-28;0;0;0;0;0;0;0;0;0;0;0;0;0;0;0;0;0;0
FR;9;2021-05-29;0;0;0;0;0;0;0;0;0;0;0;0;0;0;0;0;0;0
FR;9;2021-05-30;0;0;0;0;0;0;0;0;0;0;0;0;0;0;0;0;0;0
FR;9;2021-05-31;0;0;0;0;0;0;0;0;0;0;0;0;0;0;0;0;0;0
FR;9;2021-06-01;0;0;0;0;0;0;0;0;0;0;0;0;0;0;0;0;0;0
FR;9;2021-06-02;0;0;0;0;0;0;0;0;0;0;0;0;0;0;0;0;0;0
FR;9;2021-06-03;0;0;0;0;0;0;0;0;0;0;0;0;0;0;0;0;0;0
FR;9;2021-06-04;0;0;0;0;0;0;0;0;0;0;0;0;0;0;0;0;0;0
FR;9;2021-06-05;0;0;0;0;0;0;0;0;0;0;0;0;0;0;0;0;0;0
FR;9;2021-06-06;0;0;0;0;0;0;0;0;0;0;0;0;0;0;0;0;0;0
FR;9;2021-06-07;0;0;0;0;0;0;0;0;0;0;0;0;0;0;0;0;0;0
FR;9;2021-06-08;0;0;0;0;0;0;0;0;0;0;0;0;0;0;0;0;0;0
FR;9;2021-06-09;0;0;0;0;0;0;0;0;0;0;0;0;0;0;0;0;0;0
FR;9;2021-06-10;0;0;0;0;0;0;0;0;0;0;0;0;0;0;0;0;0;0
FR;9;2021-06-11;0;0;0;0;0;0;0;0;0;0;0;0;0;0;0;0;0;0
FR;9;2021-06-12;0;0;0;0;0;0;0;0;0;0;0;0;0;0;0;0;0;0
FR;9;2021-06-13;0;0;0;0;0;0;0;0;0;0;0;0;0;0;0;0;0;0
FR;9;2021-06-14;0;0;0;0;0;0;0;0;0;0;0;0;0;0;0;0;0;0
FR;9;2021-06-15;0;0;0;0;0;0;0;0;0;0;0;0;0;0;0;0;0;0
FR;9;2021-06-16;0;0;0;0;0;0;0;0;0;0;0;0;0;0;0;0;0;0
FR;9;2021-06-17;0;0;0;0;0;0;0;0;0;0;0;0;0;0;0;0;0;0
FR;9;2021-06-18;0;0;0;0;0;0;0;0;0;0;0;0;0;0;0;0;0;0
FR;9;2021-06-19;0;0;0;0;0;0;0;0;0;0;0;0;0;0;0;0;0;0
FR;9;2021-06-20;0;0;0;0;0;0;0;0;0;0;0;0;0;0;0;0;0;0
FR;9;2021-06-21;0;0;0;0;0;0;0;0;0;0;0;0;0;0;0;0;0;0
FR;9;2021-06-22;0;0;0;0;0;0;0;0;0;0;0;0;0;0;0;0;0;0
FR;9;2021-06-23;0;0;0;0;0;0;0;0;0;0;0;0;0;0;0;0;0;0
FR;9;2021-06-24;0;0;0;0;0;0;0;0;0;0;0;0;0;0;0;0;0;0
FR;9;2021-06-25;0;0;0;0;0;0;0;0;0;0;0;0;0;0;0;0;0;0
FR;9;2021-06-26;0;0;0;0;0;0;0;0;0;0;0;0;0;0;0;0;0;0
FR;9;2021-06-27;0;0;0;0;0;0;0;0;0;0;0;0;0;0;0;0;0;0
FR;9;2021-06-28;0;0;0;0;0;0;0;0;0;0;0;0;0;0;0;0;0;0
FR;9;2021-06-29;0;0;0;0;0;0;0;0;0;0;0;0;0;0;0;0;0;0
FR;9;2021-06-30;0;0;0;0;0;0;0;0;0;0;0;0;0;0;0;0;0;0
FR;9;2021-07-01;0;0;0;0;0;0;0;0;0;0;0;0;0;0;0;0;0;0
FR;9;2021-07-02;0;0;0;0;0;0;0;0;0;0;0;0;0;0;0;0;0;0
FR;9;2021-07-03;0;0;0;0;0;0;0;0;0;0;0;0;0;0;0;0;0;0
FR;9;2021-07-04;0;0;0;0;0;0;0;0;0;0;0;0;0;0;0;0;0;0
FR;9;2021-07-05;0;0;0;0;0;0;0;0;0;0;0;0;0;0;0;0;0;0
FR;9;2021-07-06;0;0;0;0;0;0;0;0;0;0;0;0;0;0;0;0;0;0
FR;9;2021-07-07;0;0;0;0;0;0;0;0;0;0;0;0;0;0;0;0;0;0
FR;9;2021-07-08;0;0;0;0;0;0;0;0;0;0;0;0;0;0;0;0;0;0
FR;9;2021-07-09;0;0;0;0;0;0;0;0;0;0;0;0;0;0;0;0;0;0
FR;9;2021-07-10;0;0;0;0;0;0;0;0;0;0;0;0;0;0;0;0;0;0
FR;9;2021-07-11;0;0;0;0;0;0;0;0;0;0;0;0;0;0;0;0;0;0
FR;9;2021-07-12;0;0;0;0;0;0;0;0;0;0;0;0;0;0;0;0;0;0
FR;9;2021-07-13;0;0;0;0;0;0;0;0;0;0;0;0;0;0;0;0;0;0
FR;9;2021-07-14;0;0;0;0;0;0;0;0;0;0;0;0;0;0;0;0;0;0
FR;9;2021-07-15;0;0;0;0;0;0;0;0;0;0;0;0;0;0;0;0;0;0
FR;9;2021-07-16;0;0;0;0;0;0;0;0;0;0;0;0;0;0;0;0;0;0
FR;9;2021-07-17;0;0;0;0;0;0;0;0;0;0;0;0;0;0;0;0;0;0
FR;9;2021-07-18;0;0;0;0;0;0;0;0;0;0;0;0;0;0;0;0;0;0
FR;9;2021-07-19;0;0;0;0;0;0;0;0;0;0;0;0;0;0;0;0;0;0
FR;9;2021-07-20;0;0;0;0;0;0;0;0;0;0;0;0;0;0;0;0;0;0
FR;9;2021-07-21;0;0;0;0;0;0;0;0;0;0;0;0;0;0;0;0;0;0
FR;9;2021-07-22;0;0;0;0;0;0;0;0;0;0;0;0;0;0;0;0;0;0
FR;9;2021-07-23;0;0;0;0;0;0;0;0;0;0;0;0;0;0;0;0;0;0
FR;9;2021-07-24;0;0;0;0;0;0;0;0;0;0;0;0;0;0;0;0;0;0
FR;9;2021-07-25;0;0;0;0;0;0;0;0;0;0;0;0;0;0;0;0;0;0
FR;9;2021-07-26;0;0;0;0;0;0;0;0;0;0;0;0;0;0;0;0;0;0
FR;9;2021-07-27;0;0;0;0;0;0;0;0;0;0;0;0;0;0;0;0;0;0
FR;9;2021-07-28;0;0;0;0;0;0;0;0;0;0;0;0;0;0;0;0;0;0
FR;9;2021-07-29;0;0;0;0;0;0;0;0;0;0;0;0;0;0;0;0;0;0
FR;9;2021-07-30;0;0;0;0;0;0;0;0;0;0;0;0;0;0;0;0;0;0
FR;9;2021-07-31;0;0;0;0;0;0;0;0;0;0;0;0;0;0;0;0;0;0
FR;9;2021-08-01;0;0;0;0;0;0;0;0;0;0;0;0;0;0;0;0;0;0
FR;9;2021-08-02;0;0;0;0;0;0;0;0;0;0;0;0;0;0;0;0;0;0
FR;9;2021-08-03;0;0;0;0;0;0;0;0;0;0;0;0;0;0;0;0;0;0
FR;9;2021-08-04;0;0;0;0;0;0;0;0;0;0;0;0;0;0;0;0;0;0
FR;9;2021-08-05;0;0;0;0;0;0;0;0;0;0;0;0;0;0;0;0;0;0
FR;9;2021-08-06;0;0;0;0;0;0;0;0;0;0;0;0;0;0;0;0;0;0
FR;9;2021-08-07;0;0;0;0;0;0;0;0;0;0;0;0;0;0;0;0;0;0
FR;9;2021-08-08;0;0;0;0;0;0;0;0;0;0;0;0;0;0;0;0;0;0
FR;9;2021-08-09;0;0;0;0;0;0;0;0;0;0;0;0;0;0;0;0;0;0
FR;9;2021-08-10;0;0;0;0;0;0;0;0;0;0;0;0;0;0;0;0;0;0
FR;9;2021-08-11;0;0;0;0;0;0;0;0;0;0;0;0;0;0;0;0;0;0
FR;9;2021-08-12;0;0;0;0;0;0;0;0;0;0;0;0;0;0;0;0;0;0
FR;9;2021-08-13;0;0;0;0;0;0;0;0;0;0;0;0;0;0;0;0;0;0
FR;9;2021-08-14;0;0;0;0;0;0;0;0;0;0;0;0;0;0;0;0;0;0
FR;9;2021-08-15;0;0;0;0;0;0;0;0;0;0;0;0;0;0;0;0;0;0
FR;9;2021-08-16;0;0;0;0;0;0;0;0;0;0;0;0;0;0;0;0;0;0
FR;9;2021-08-17;0;0;0;0;0;0;0;0;0;0;0;0;0;0;0;0;0;0
FR;9;2021-08-18;0;0;0;0;0;0;0;0;0;0;0;0;0;0;0;0;0;0
FR;9;2021-08-19;0;0;0;0;0;0;0;0;0;0;0;0;0;0;0;0;0;0
FR;9;2021-08-20;0;0;0;0;0;0;0;0;0;0;0;0;0;0;0;0;0;0
FR;9;2021-08-21;0;0;0;0;0;0;0;0;0;0;0;0;0;0;0;0;0;0
FR;9;2021-08-22;0;0;0;0;0;0;0;0;0;0;0;0;0;0;0;0;0;0
FR;9;2021-08-23;0;0;0;0;0;0;0;0;0;0;0;0;0;0;0;0;0;0
FR;9;2021-08-24;0;0;0;0;0;0;0;0;0;0;0;0;0;0;0;0;0;0
FR;9;2021-08-25;0;0;0;0;0;0;0;0;0;0;0;0;0;0;0;0;0;0
FR;9;2021-08-26;0;0;0;0;0;0;0;0;0;0;0;0;0;0;0;0;0;0
FR;9;2021-08-27;0;0;0;0;0;0;0;0;0;0;0;0;0;0;0;0;0;0
FR;9;2021-08-28;0;0;0;0;0;0;0;0;0;0;0;0;0;0;0;0;0;0
FR;9;2021-08-29;0;0;0;0;0;0;0;0;0;0;0;0;0;0;0;0;0;0
FR;9;2021-08-30;0;0;0;0;0;0;0;0;0;0;0;0;0;0;0;0;0;0
FR;9;2021-08-31;0;0;0;0;0;0;0;0;0;0;0;0;0;0;0;0;0;0
FR;9;2021-09-01;0;0;0;0;0;0;0;0;0;0;0;0;0;0;0;0;0;0
FR;9;2021-09-02;0;0;0;0;0;0;0;0;0;0;0;0;0;0;0;0;0;0
FR;9;2021-09-03;0;0;0;0;0;0;0;0;0;0;0;0;0;0;0;0;0;0
FR;9;2021-09-04;0;0;0;0;0;0;0;0;0;0;0;0;0;0;0;0;0;0
FR;9;2021-09-05;0;0;0;0;0;0;0;0;0;0;0;0;0;0;0;0;0;0
FR;9;2021-09-06;0;0;0;0;0;0;0;0;0;0;0;0;0;0;0;0;0;0
FR;9;2021-09-07;0;0;0;0;0;0;0;0;0;0;0;0;0;0;0;0;0;0
FR;9;2021-09-08;0;0;0;0;0;0;0;0;0;0;0;0;0;0;0;0;0;0
FR;9;2021-09-09;0;0;0;0;0;0;0;0;0;0;0;0;0;0;0;0;0;0
FR;9;2021-09-10;0;0;0;0;0;0;0;0;0;0;0;0;0;0;0;0;0;0
FR;9;2021-09-11;0;0;0;0;0;0;0;0;0;0;0;0;0;0;0;0;0;0
FR;9;2021-09-12;0;0;0;0;0;0;0;0;0;0;0;0;0;0;0;0;0;0
FR;9;2021-09-13;0;0;0;0;0;0;0;0;0;0;0;0;0;0;0;0;0;0
FR;9;2021-09-14;0;0;0;0;0;0;0;0;0;0;0;0;0;0;0;0;0;0
FR;9;2021-09-15;0;0;0;0;0;0;0;0;0;0;0;0;0;0;0;0;0;0
FR;9;2021-09-16;0;0;0;0;0;0;0;0;0;0;0;0;0;0;0;0;0;0
FR;9;2021-09-17;0;0;0;0;0;0;0;0;0;0;0;0;0;0;0;0;0;0
FR;9;2021-09-18;0;0;0;0;0;0;0;0;0;0;0;0;0;0;0;0;0;0
FR;9;2021-09-19;0;0;0;0;0;0;0;0;0;0;0;0;0;0;0;0;0;0
FR;9;2021-09-20;0;0;0;0;0;0;0;0;0;0;0;0;0;0;0;0;0;0
FR;9;2021-09-21;0;0;0;0;0;0;0;0;0;0;0;0;0;0;0;0;0;0
FR;9;2021-09-22;0;0;0;0;0;0;0;0;0;0;0;0;0;0;0;0;0;0
FR;9;2021-09-23;0;0;0;0;0;0;0;0;0;0;0;0;0;0;0;0;0;0
FR;9;2021-09-24;0;0;0;0;0;0;0;0;0;0;0;0;0;0;0;0;0;0
FR;9;2021-09-25;0;0;0;0;0;0;0;0;0;0;0;0;0;0;0;0;0;0
FR;9;2021-09-26;0;0;0;0;0;0;0;0;0;0;0;0;0;0;0;0;0;0
FR;9;2021-09-27;0;0;0;0;0;0;0;0;0;0;0;0;0;0;0;0;0;0
FR;9;2021-09-28;0;0;0;0;0;0;0;0;0;0;0;0;0;0;0;0;0;0
FR;9;2021-09-29;0;0;0;0;0;0;0;0;0;0;0;0;0;0;0;0;0;0
FR;9;2021-09-30;0;0;0;0;0;0;0;0;0;0;0;0;0;0;0;0;0;0
FR;9;2021-10-01;0;0;0;0;0;0;0;0;0;0;0;0;0;0;0;0;0;0
FR;9;2021-10-02;0;0;0;0;0;0;0;0;0;0;0;0;0;0;0;0;0;0
FR;9;2021-10-03;0;0;0;0;0;0;0;0;0;0;0;0;0;0;0;0;0;0
FR;9;2021-10-04;0;0;0;0;0;0;0;0;0;0;0;0;0;0;0;0;0;0
FR;9;2021-10-05;0;0;0;0;0;0;0;0;0;0;0;0;0;0;0;0;0;0
FR;9;2021-10-06;0;0;0;0;0;0;0;0;0;0;0;0;0;0;0;0;0;0
FR;9;2021-10-07;0;0;0;0;0;0;0;0;0;0;0;0;0;0;0;0;0;0
FR;9;2021-10-08;0;0;0;0;0;0;0;0;0;0;0;0;0;0;0;0;0;0
FR;9;2021-10-09;0;0;0;0;0;0;0;0;0;0;0;0;0;0;0;0;0;0
FR;9;2021-10-10;0;0;0;0;0;0;0;0;0;0;0;0;0;0;0;0;0;0
FR;9;2021-10-11;0;0;0;0;0;0;0;0;0;0;0;0;0;0;0;0;0;0
FR;9;2021-10-12;0;0;0;0;0;0;0;0;0;0;0;0;0;0;0;0;0;0
FR;9;2021-10-13;0;0;0;0;0;0;0;0;0;0;0;0;0;0;0;0;0;0
FR;9;2021-10-14;0;0;0;0;0;0;0;0;0;0;0;0;0;0;0;0;0;0
FR;9;2021-10-15;0;0;0;0;0;0;0;0;0;0;0;0;0;0;0;0;0;0
FR;9;2021-10-16;0;0;0;0;0;0;0;0;0;0;0;0;0;0;0;0;0;0
FR;9;2021-10-17;0;0;0;0;0;0;0;0;0;0;0;0;0;0;0;0;0;0
FR;9;2021-10-18;0;0;0;0;0;0;0;0;0;0;0;0;0;0;0;0;0;0
FR;9;2021-10-19;0;0;0;0;0;0;0;0;0;0;0;0;0;0;0;0;0;0
FR;9;2021-10-20;0;0;0;0;0;0;0;0;0;0;0;0;0;0;0;0;0;0
FR;9;2021-10-21;0;0;0;0;0;0;0;0;0;0;0;0;0;0;0;0;0;0
FR;9;2021-10-22;0;0;0;0;0;0;0;0;0;0;0;0;0;0;0;0;0;0
FR;9;2021-10-23;0;0;0;0;0;0;0;0;0;0;0;0;0;0;0;0;0;0
FR;9;2021-10-24;0;0;0;0;0;0;0;0;0;0;0;0;0;0;0;0;0;0
FR;9;2021-10-25;0;0;0;0;0;0;0;0;0;0;0;0;0;0;0;0;0;0
FR;9;2021-10-26;0;0;0;0;0;0;0;0;0;0;0;0;0;0;0;0;0;0
FR;9;2021-10-27;0;0;0;0;0;0;0;0;0;0;0;0;0;0;0;0;0;0
FR;9;2021-10-28;0;0;0;0;0;0;0;0;0;0;0;0;0;0;0;0;0;0
FR;9;2021-10-29;0;0;0;0;0;0;0;0;0;0;0;0;0;0;0;0;0;0
FR;9;2021-10-30;0;0;0;0;0;0;0;0;0;0;0;0;0;0;0;0;0;0
FR;9;2021-10-31;0;0;0;0;0;0;0;0;0;0;0;0;0;0;0;0;0;0
FR;9;2021-11-01;0;0;0;0;0;0;0;0;0;0;0;0;0;0;0;0;0;0
FR;9;2021-11-02;0;0;0;0;0;0;0;0;0;0;0;0;0;0;0;0;0;0
FR;9;2021-11-03;0;0;0;0;0;0;0;0;0;0;0;0;0;0;0;0;0;0
FR;9;2021-11-04;0;0;0;0;0;0;0;0;0;0;0;0;0;0;0;0;0;0
FR;9;2021-11-05;0;0;0;0;0;0;0;0;0;0;0;0;0;0;0;0;0;0
FR;9;2021-11-06;0;0;0;0;0;0;0;0;0;0;0;0;0;0;0;0;0;0
FR;9;2021-11-07;0;0;0;0;0;0;0;0;0;0;0;0;0;0;0;0;0;0
FR;9;2021-11-08;0;0;0;0;0;0;0;0;0;0;0;0;0;0;0;0;0;0
FR;9;2021-11-09;0;0;0;0;0;0;0;0;0;0;0;0;0;0;0;0;0;0
FR;9;2021-11-10;0;0;0;0;0;0;0;0;0;0;0;0;0;0;0;0;0;0
FR;9;2021-11-11;0;0;0;0;0;0;0;0;0;0;0;0;0;0;0;0;0;0
FR;9;2021-11-12;0;0;0;0;0;0;0;0;0;0;0;0;0;0;0;0;0;0
FR;9;2021-11-13;0;0;0;0;0;0;0;0;0;0;0;0;0;0;0;0;0;0
FR;9;2021-11-14;0;0;0;0;0;0;0;0;0;0;0;0;0;0;0;0;0;0
FR;9;2021-11-15;0;0;0;0;0;0;0;0;0;0;0;0;0;0;0;0;0;0
FR;9;2021-11-16;0;0;0;0;0;0;0;0;0;0;0;0;0;0;0;0;0;0
FR;9;2021-11-17;0;0;0;0;0;0;0;0;0;0;0;0;0;0;0;0;0;0
FR;9;2021-11-18;0;0;0;0;0;0;0;0;0;0;0;0;0;0;0;0;0;0
FR;9;2021-11-19;0;0;0;0;0;0;0;0;0;0;0;0;0;0;0;0;0;0
FR;9;2021-11-20;0;0;0;0;0;0;0;0;0;0;0;0;0;0;0;0;0;0
FR;9;2021-11-21;0;0;0;0;0;0;0;0;0;0;0;0;0;0;0;0;0;0
FR;9;2021-11-22;0;0;0;0;0;0;0;0;0;0;0;0;0;0;0;0;0;0
FR;9;2021-11-23;0;0;0;0;0;0;0;0;0;0;0;0;0;0;0;0;0;0
FR;9;2021-11-24;0;0;0;0;0;0;0;0;0;0;0;0;0;0;0;0;0;0
FR;9;2021-11-25;0;0;0;0;0;0;0;0;0;0;0;0;0;0;0;0;0;0
FR;9;2021-11-26;0;0;0;0;0;0;0;0;0;0;0;0;0;0;0;0;0;0
FR;9;2021-11-27;0;0;0;0;0;0;0;0;0;0;0;0;0;0;0;0;0;0
FR;9;2021-11-28;0;0;0;0;0;0;0;0;0;0;0;0;0;0;0;0;0;0
FR;9;2021-11-29;0;0;0;0;0;0;0;0;0;0;0;0;0;0;0;0;0;0
FR;9;2021-11-30;0;0;0;0;0;0;0;0;0;0;0;0;0;0;0;0;0;0
FR;9;2021-12-01;0;0;0;0;0;0;0;0;0;0;0;0;0;0;0;0;0;0
FR;9;2021-12-02;0;0;0;0;0;0;0;0;0;0;0;0;0;0;0;0;0;0
FR;9;2021-12-03;0;0;0;0;0;0;0;0;0;0;0;0;0;0;0;0;0;0
FR;9;2021-12-04;0;0;0;0;0;0;0;0;0;0;0;0;0;0;0;0;0;0
FR;9;2021-12-05;0;0;0;0;0;0;0;0;0;0;0;0;0;0;0;0;0;0
FR;9;2021-12-06;0;0;0;0;0;0;0;0;0;0;0;0;0;0;0;0;0;0
FR;9;2021-12-07;0;0;0;0;0;0;0;0;0;0;0;0;0;0;0;0;0;0
FR;9;2021-12-08;0;0;0;0;0;0;0;0;0;0;0;0;0;0;0;0;0;0
FR;9;2021-12-09;0;0;0;0;0;0;0;0;0;0;0;0;0;0;0;0;0;0
FR;9;2021-12-10;0;0;0;0;0;0;0;0;0;0;0;0;0;0;0;0;0;0
FR;9;2021-12-11;0;0;0;0;0;0;0;0;0;0;0;0;0;0;0;0;0;0
FR;9;2021-12-12;0;0;0;0;0;0;0;0;0;0;0;0;0;0;0;0;0;0
FR;9;2021-12-13;0;0;0;0;0;0;0;0;0;0;0;0;0;0;0;0;0;0
FR;9;2021-12-14;0;0;0;0;0;0;0;0;0;0;0;0;0;0;0;0;0;0
FR;9;2021-12-15;0;0;0;0;0;0;0;0;0;0;0;0;0;0;0;0;0;0
FR;9;2021-12-16;0;0;0;0;0;0;0;0;0;0;0;0;0;0;0;0;0;0
FR;9;2021-12-17;0;0;0;0;0;0;0;0;0;0;0;0;0;0;0;0;0;0
FR;9;2021-12-18;0;0;0;0;0;0;0;0;0;0;0;0;0;0;0;0;0;0
FR;9;2021-12-19;0;0;0;0;0;0;0;0;0;0;0;0;0;0;0;0;0;0
FR;9;2021-12-20;0;0;0;0;0;0;0;0;0;0;0;0;0;0;0;0;0;0
FR;9;2021-12-21;0;0;0;0;0;0;0;0;0;0;0;0;0;0;0;0;0;0
FR;9;2021-12-22;0;0;0;0;0;0;0;0;0;0;0;0;0;0;0;0;0;0
FR;9;2021-12-23;0;0;0;0;0;0;0;0;0;0;0;0;0;0;0;0;0;0
FR;9;2021-12-24;0;0;0;0;0;0;0;0;0;0;0;0;0;0;0;0;0;0
FR;9;2021-12-25;0;0;0;0;0;0;0;0;0;0;0;0;0;0;0;0;0;0
FR;9;2021-12-26;0;0;0;0;0;0;0;0;0;0;0;0;0;0;0;0;0;0
FR;9;2021-12-27;0;0;0;0;0;0;0;0;0;0;0;0;0;0;0;0;0;0
FR;9;2021-12-28;0;0;0;0;0;0;0;0;0;0;0;0;0;0;0;0;0;0
FR;9;2021-12-29;0;0;0;0;0;0;0;0;0;0;0;0;0;0;0;0;0;0
FR;9;2021-12-30;0;0;0;0;0;0;0;0;0;0;0;0;0;0;0;0;0;0
FR;9;2021-12-31;0;0;0;0;0;0;0;0;0;0;0;0;0;0;0;0;0;0
FR;9;2022-01-01;0;0;0;0;0;0;0;0;0;0;0;0;0;0;0;0;0;0
FR;9;2022-01-02;0;0;0;0;0;0;0;0;0;0;0;0;0;0;0;0;0;0
FR;9;2022-01-03;0;0;0;0;0;0;0;0;0;0;0;0;0;0;0;0;0;0
FR;9;2022-01-04;0;0;0;0;0;0;0;0;0;0;0;0;0;0;0;0;0;0
FR;9;2022-01-05;0;0;0;0;0;0;0;0;0;0;0;0;0;0;0;0;0;0
FR;9;2022-01-06;0;0;0;0;0;0;0;0;0;0;0;0;0;0;0;0;0;0
FR;9;2022-01-07;0;0;0;0;0;0;0;0;0;0;0;0;0;0;0;0;0;0
FR;9;2022-01-08;0;0;0;0;0;0;0;0;0;0;0;0;0;0;0;0;0;0
FR;9;2022-01-09;0;0;0;0;0;0;0;0;0;0;0;0;0;0;0;0;0;0
FR;9;2022-01-10;0;0;0;0;0;0;0;0;0;0;0;0;0;0;0;0;0;0
FR;9;2022-01-11;0;0;0;0;0;0;0;0;0;0;0;0;0;0;0;0;0;0
FR;9;2022-01-12;0;0;0;0;0;0;0;0;0;0;0;0;0;0;0;0;0;0
FR;9;2022-01-13;0;0;0;0;0;0;0;0;0;0;0;0;0;0;0;0;0;0
FR;9;2022-01-14;0;0;0;0;0;0;0;0;0;0;0;0;0;0;0;0;0;0
FR;9;2022-01-15;0;0;0;0;0;0;0;0;0;0;0;0;0;0;0;0;0;0
FR;9;2022-01-16;0;0;0;0;0;0;0;0;0;0;0;0;0;0;0;0;0;0
FR;9;2022-01-17;0;0;0;0;0;0;0;0;0;0;0;0;0;0;0;0;0;0
FR;9;2022-01-18;0;0;0;0;0;0;0;0;0;0;0;0;0;0;0;0;0;0
FR;9;2022-01-19;0;0;0;0;0;0;0;0;0;0;0;0;0;0;0;0;0;0
FR;9;2022-01-20;0;0;0;0;0;0;0;0;0;0;0;0;0;0;0;0;0;0
FR;9;2022-01-21;0;0;0;0;0;0;0;0;0;0;0;0;0;0;0;0;0;0
FR;9;2022-01-22;0;0;0;0;0;0;0;0;0;0;0;0;0;0;0;0;0;0
FR;9;2022-01-23;0;0;0;0;0;0;0;0;0;0;0;0;0;0;0;0;0;0
FR;9;2022-01-24;0;0;0;0;0;0;0;0;0;0;0;0;0;0;0;0;0;0
FR;9;2022-01-25;0;0;0;0;0;0;0;0;0;0;0;0;0;0;0;0;0;0
FR;9;2022-01-26;0;0;0;0;0;0;0;0;0;0;0;0;0;0;0;0;0;0
FR;9;2022-01-27;0;0;0;0;0;0;0;0;0;0;0;0;0;0;0;0;0;0
FR;9;2022-01-28;0;0;0;0;0;0;0;0;0;0;0;0;0;0;0;0;0;0
FR;9;2022-01-29;0;0;0;0;0;0;0;0;0;0;0;0;0;0;0;0;0;0
FR;9;2022-01-30;0;0;0;0;0;0;0;0;0;0;0;0;0;0;0;0;0;0
FR;9;2022-01-31;0;0;0;0;0;0;0;0;0;0;0;0;0;0;0;0;0;0
FR;9;2022-02-01;0;0;0;0;0;0;0;0;0;0;0;0;0;0;0;0;0;0
FR;9;2022-02-02;0;0;0;0;0;0;0;0;0;0;0;0;0;0;0;0;0;0
FR;9;2022-02-03;0;0;0;0;0;0;0;0;0;0;0;0;0;0;0;0;0;0
FR;9;2022-02-04;0;0;0;0;0;0;0;0;0;0;0;0;0;0;0;0;0;0
FR;9;2022-02-05;0;0;0;0;0;0;0;0;0;0;0;0;0;0;0;0;0;0
FR;9;2022-02-06;0;0;0;0;0;0;0;0;0;0;0;0;0;0;0;0;0;0
FR;9;2022-02-07;0;0;0;0;0;0;0;0;0;0;0;0;0;0;0;0;0;0
FR;9;2022-02-08;0;0;0;0;0;0;0;0;0;0;0;0;0;0;0;0;0;0
FR;9;2022-02-09;0;0;0;0;0;0;0;0;0;0;0;0;0;0;0;0;0;0
FR;9;2022-02-10;0;0;0;0;0;0;0;0;0;0;0;0;0;0;0;0;0;0
FR;9;2022-02-11;0;0;0;0;0;0;0;0;0;0;0;0;0;0;0;0;0;0
FR;9;2022-02-12;0;0;0;0;0;0;0;0;0;0;0;0;0;0;0;0;0;0
FR;9;2022-02-13;0;0;0;0;0;0;0;0;0;0;0;0;0;0;0;0;0;0
FR;9;2022-02-14;0;0;0;0;0;0;0;0;0;0;0;0;0;0;0;0;0;0
FR;9;2022-02-15;0;0;0;0;0;0;0;0;0;0;0;0;0;0;0;0;0;0
FR;9;2022-02-16;0;0;0;0;0;0;0;0;0;0;0;0;0;0;0;0;0;0
FR;9;2022-02-17;0;0;0;0;0;0;0;0;0;0;0;0;0;0;0;0;0;0
FR;9;2022-02-18;0;0;0;0;0;0;0;0;0;0;0;0;0;0;0;0;0;0
FR;9;2022-02-19;0;0;0;0;0;0;0;0;0;0;0;0;0;0;0;0;0;0
FR;9;2022-02-20;0;0;0;0;0;0;0;0;0;0;0;0;0;0;0;0;0;0
FR;9;2022-02-21;0;0;0;0;0;0;0;0;0;0;0;0;0;0;0;0;0;0
FR;9;2022-02-22;0;0;0;0;0;0;0;0;0;0;0;0;0;0;0;0;0;0
FR;9;2022-02-23;0;0;0;0;0;0;0;0;0;0;0;0;0;0;0;0;0;0
FR;9;2022-02-24;0;0;0;0;0;0;0;0;0;0;0;0;0;0;0;0;0;0
FR;9;2022-02-25;0;0;0;0;0;0;0;0;0;0;0;0;0;0;0;0;0;0
FR;9;2022-02-26;0;0;0;0;0;0;0;0;0;0;0;0;0;0;0;0;0;0
FR;9;2022-02-27;0;0;0;0;0;0;0;0;0;0;0;0;0;0;0;0;0;0
FR;9;2022-02-28;0;0;0;0;0;0;0;0;0;0;0;0;0;0;0;0;0;0
FR;9;2022-03-01;0;0;0;0;0;0;0;0;0;0;0;0;0;0;0;0;0;0
FR;9;2022-03-02;0;0;0;0;0;0;0;0;0;0;0;0;0;0;0;0;0;0
FR;9;2022-03-03;0;0;0;0;0;0;0;0;0;0;0;0;0;0;0;0;0;0
FR;9;2022-03-04;0;0;0;0;0;0;0;0;0;0;0;0;0;0;0;0;0;0
FR;9;2022-03-05;0;0;0;0;0;0;0;0;0;0;0;0;0;0;0;0;0;0
FR;9;2022-03-06;0;0;0;0;0;0;0;0;0;0;0;0;0;0;0;0;0;0
FR;9;2022-03-07;0;0;0;0;0;0;0;0;0;0;0;0;0;0;0;0;0;0
FR;9;2022-03-08;0;0;0;0;0;0;0;0;0;0;0;0;0;0;0;0;0;0
FR;9;2022-03-09;0;0;0;0;0;0;0;0;0;0;0;0;0;0;0;0;0;0
FR;9;2022-03-10;0;0;0;0;0;0;0;0;0;0;0;0;0;0;0;0;0;0
FR;9;2022-03-11;0;0;0;0;0;0;0;0;0;0;0;0;0;0;0;0;0;0
FR;9;2022-03-12;0;0;0;0;0;0;0;0;0;0;0;0;0;0;0;0;0;0
FR;9;2022-03-13;0;0;0;0;0;0;0;0;0;0;0;0;0;0;0;0;0;0
FR;9;2022-03-14;0;0;0;0;0;0;0;0;0;0;0;0;0;0;0;0;0;0
FR;9;2022-03-15;0;0;0;0;0;0;0;0;0;0;0;0;0;0;0;0;0;0
FR;9;2022-03-16;0;0;0;0;0;0;0;0;0;0;0;0;0;0;0;0;0;0
FR;9;2022-03-17;0;0;0;0;0;0;0;0;0;0;0;0;0;0;0;0;0;0
FR;9;2022-03-18;0;0;0;0;0;0;0;0;0;0;0;0;0;0;0;0;0;0
FR;9;2022-03-19;0;0;0;0;0;0;0;0;0;0;0;0;0;0;0;0;0;0
FR;9;2022-03-20;0;0;0;0;0;0;0;0;0;0;0;0;0;0;0;0;0;0
FR;9;2022-03-21;0;0;0;0;0;0;0;0;0;0;0;0;0;0;0;0;0;0
FR;9;2022-03-22;0;0;0;0;0;0;0;0;0;0;0;0;0;0;0;0;0;0
FR;9;2022-03-23;0;0;0;0;0;0;0;0;0;0;0;0;0;0;0;0;0;0
FR;9;2022-03-24;0;0;0;0;0;0;0;0;0;0;0;0;0;0;0;0;0;0
FR;9;2022-03-25;0;0;0;0;0;0;0;0;0;0;0;0;0;0;0;0;0;0
FR;9;2022-03-26;0;0;0;0;0;0;0;0;0;0;0;0;0;0;0;0;0;0
FR;9;2022-03-27;0;0;0;0;0;0;0;0;0;0;0;0;0;0;0;0;0;0
FR;9;2022-03-28;0;0;0;0;0;0;0;0;0;0;0;0;0;0;0;0;0;0
FR;9;2022-03-29;0;0;0;0;0;0;0;0;0;0;0;0;0;0;0;0;0;0
FR;9;2022-03-30;0;0;0;0;0;0;0;0;0;0;0;0;0;0;0;0;0;0
FR;9;2022-03-31;0;0;0;0;0;0;0;0;0;0;0;0;0;0;0;0;0;0
FR;9;2022-04-01;0;0;0;0;0;0;0;0;0;0;0;0;0;0;0;0;0;0
FR;9;2022-04-02;0;0;0;0;0;0;0;0;0;0;0;0;0;0;0;0;0;0
FR;9;2022-04-03;0;0;0;0;0;0;0;0;0;0;0;0;0;0;0;0;0;0
FR;9;2022-04-04;0;0;0;0;0;0;0;0;0;0;0;0;0;0;0;0;0;0
FR;9;2022-04-05;0;0;0;0;0;0;0;0;0;0;0;0;0;0;0;0;0;0
FR;9;2022-04-06;0;0;0;0;0;0;0;0;0;0;0;0;0;0;0;0;0;0
FR;9;2022-04-07;0;0;0;0;0;0;0;0;0;0;0;0;0;0;0;0;0;0
FR;9;2022-04-08;0;0;0;0;0;0;0;0;0;0;0;0;0;0;0;0;0;0
FR;9;2022-04-09;0;0;0;0;0;0;0;0;0;0;0;0;0;0;0;0;0;0
FR;9;2022-04-10;0;0;0;0;0;0;0;0;0;0;0;0;0;0;0;0;0;0
FR;9;2022-04-11;0;0;0;0;0;0;0;0;0;0;0;0;0;0;0;0;0;0
FR;9;2022-04-12;0;0;0;0;0;0;0;0;0;0;0;0;0;0;0;0;0;0
FR;9;2022-04-13;0;0;0;0;0;0;0;0;0;0;0;0;0;0;0;0;0;0
FR;9;2022-04-14;0;0;0;0;0;0;0;0;0;0;0;0;0;0;0;0;0;0
FR;9;2022-04-15;0;0;0;0;0;0;0;0;0;0;0;0;0;0;0;0;0;0
FR;9;2022-04-16;0;0;0;0;0;0;0;0;0;0;0;0;0;0;0;0;0;0
FR;9;2022-04-17;0;0;0;0;0;0;0;0;0;0;0;0;0;0;0;0;0;0
FR;9;2022-04-18;0;0;0;0;0;0;0;0;0;0;0;0;0;0;0;0;0;0
FR;9;2022-04-19;0;0;0;0;0;0;0;0;0;0;0;0;0;0;0;0;0;0
FR;9;2022-04-20;0;0;0;0;0;0;0;0;0;0;0;0;0;0;0;0;0;0
FR;9;2022-04-21;0;0;0;0;0;0;0;0;0;0;0;0;0;0;0;0;0;0
FR;9;2022-04-22;0;0;0;0;0;0;0;0;0;0;0;0;0;0;0;0;0;0
FR;9;2022-04-23;0;0;0;0;0;0;0;0;0;0;0;0;0;0;0;0;0;0
FR;9;2022-04-24;0;0;0;0;0;0;0;0;0;0;0;0;0;0;0;0;0;0
FR;9;2022-04-25;0;0;0;0;0;0;0;0;0;0;0;0;0;0;0;0;0;0
FR;9;2022-04-26;0;0;0;0;0;0;0;0;0;0;0;0;0;0;0;0;0;0
FR;9;2022-04-27;0;0;0;0;0;0;0;0;0;0;0;0;0;0;0;0;0;0
FR;9;2022-04-28;0;0;0;0;0;0;0;0;0;0;0;0;0;0;0;0;0;0
FR;9;2022-04-29;0;0;0;0;0;0;0;0;0;0;0;0;0;0;0;0;0;0
FR;9;2022-04-30;0;0;0;0;0;0;0;0;0;0;0;0;0;0;0;0;0;0
FR;9;2022-05-01;0;0;0;0;0;0;0;0;0;0;0;0;0;0;0;0;0;0
FR;9;2022-05-02;0;0;0;0;0;0;0;0;0;0;0;0;0;0;0;0;0;0
FR;9;2022-05-03;0;0;0;0;0;0;0;0;0;0;0;0;0;0;0;0;0;0
FR;9;2022-05-04;0;0;0;0;0;0;0;0;0;0;0;0;0;0;0;0;0;0
FR;9;2022-05-05;0;0;0;0;0;0;0;0;0;0;0;0;0;0;0;0;0;0
FR;9;2022-05-06;0;0;0;0;0;0;0;0;0;0;0;0;0;0;0;0;0;0
FR;9;2022-05-07;0;0;0;0;0;0;0;0;0;0;0;0;0;0;0;0;0;0
FR;9;2022-05-08;0;0;0;0;0;0;0;0;0;0;0;0;0;0;0;0;0;0
FR;9;2022-05-09;0;0;0;0;0;0;0;0;0;0;0;0;0;0;0;0;0;0
FR;9;2022-05-10;0;0;0;0;0;0;0;0;0;0;0;0;0;0;0;0;0;0
FR;9;2022-05-11;0;0;0;0;0;0;0;0;0;0;0;0;0;0;0;0;0;0
FR;9;2022-05-12;0;0;0;0;0;0;0;0;0;0;0;0;0;0;0;0;0;0
FR;9;2022-05-13;0;0;0;0;0;0;0;0;0;0;0;0;0;0;0;0;0;0
FR;9;2022-05-14;0;0;0;0;0;0;0;0;0;0;0;0;0;0;0;0;0;0
FR;9;2022-05-15;0;0;0;0;0;0;0;0;0;0;0;0;0;0;0;0;0;0
FR;9;2022-05-16;0;0;0;0;0;0;0;0;0;0;0;0;0;0;0;0;0;0
FR;9;2022-05-17;0;0;0;0;0;0;0;0;0;0;0;0;0;0;0;0;0;0
FR;9;2022-05-18;0;0;0;0;0;0;0;0;0;0;0;0;0;0;0;0;0;0
FR;9;2022-05-19;0;0;0;0;0;0;0;0;0;0;0;0;0;0;0;0;0;0
FR;9;2022-05-20;0;0;0;0;0;0;0;0;0;0;0;0;0;0;0;0;0;0
FR;9;2022-05-21;0;0;0;0;0;0;0;0;0;0;0;0;0;0;0;0;0;0
FR;9;2022-05-22;0;0;0;0;0;0;0;0;0;0;0;0;0;0;0;0;0;0
FR;9;2022-05-23;0;0;0;0;0;0;0;0;0;0;0;0;0;0;0;0;0;0
FR;9;2022-05-24;0;0;0;0;0;0;0;0;0;0;0;0;0;0;0;0;0;0
FR;9;2022-05-25;0;0;0;0;0;0;0;0;0;0;0;0;0;0;0;0;0;0
FR;9;2022-05-26;0;0;0;0;0;0;0;0;0;0;0;0;0;0;0;0;0;0
FR;9;2022-05-27;0;0;0;0;0;0;0;0;0;0;0;0;0;0;0;0;0;0
FR;9;2022-05-28;0;0;0;0;0;0;0;0;0;0;0;0;0;0;0;0;0;0
FR;9;2022-05-29;0;0;0;0;0;0;0;0;0;0;0;0;0;0;0;0;0;0
FR;9;2022-05-30;0;0;0;0;0;0;0;0;0;0;0;0;0;0;0;0;0;0
FR;9;2022-05-31;0;0;0;0;0;0;0;0;0;0;0;0;0;0;0;0;0;0
FR;9;2022-06-01;0;0;0;0;0;0;0;0;0;0;0;0;0;0;0;0;0;0
FR;9;2022-06-02;0;0;0;0;0;0;0;0;0;0;0;0;0;0;0;0;0;0
FR;9;2022-06-03;0;0;0;0;0;0;0;0;0;0;0;0;0;0;0;0;0;0
FR;9;2022-06-04;0;0;0;0;0;0;0;0;0;0;0;0;0;0;0;0;0;0
FR;9;2022-06-05;0;0;0;0;0;0;0;0;0;0;0;0;0;0;0;0;0;0
FR;9;2022-06-06;0;0;0;0;0;0;0;0;0;0;0;0;0;0;0;0;0;0
FR;9;2022-06-07;0;0;0;0;0;0;0;0;0;0;0;0;0;0;0;0;0;0
FR;9;2022-06-08;0;0;0;0;0;0;0;0;0;0;0;0;0;0;0;0;0;0
FR;9;2022-06-09;0;0;0;0;0;0;0;0;0;0;0;0;0;0;0;0;0;0
FR;9;2022-06-10;0;0;0;0;0;0;0;0;0;0;0;0;0;0;0;0;0;0
FR;9;2022-06-11;0;0;0;0;0;0;0;0;0;0;0;0;0;0;0;0;0;0
FR;9;2022-06-12;0;0;0;0;0;0;0;0;0;0;0;0;0;0;0;0;0;0
FR;9;2022-06-13;0;0;0;0;0;0;0;0;0;0;0;0;0;0;0;0;0;0
FR;9;2022-06-14;0;0;0;0;0;0;0;0;0;0;0;0;0;0;0;0;0;0
FR;9;2022-06-15;0;0;0;0;0;0;0;0;0;0;0;0;0;0;0;0;0;0
FR;9;2022-06-16;0;0;0;0;0;0;0;0;0;0;0;0;0;0;0;0;0;0
FR;9;2022-06-17;0;0;0;0;0;0;0;0;0;0;0;0;0;0;0;0;0;0
FR;9;2022-06-18;0;0;0;0;0;0;0;0;0;0;0;0;0;0;0;0;0;0
FR;9;2022-06-19;0;0;0;0;0;0;0;0;0;0;0;0;0;0;0;0;0;0
FR;9;2022-06-20;0;0;0;0;0;0;0;0;0;0;0;0;0;0;0;0;0;0
FR;9;2022-06-21;0;0;0;0;0;0;0;0;0;0;0;0;0;0;0;0;0;0
FR;9;2022-06-22;0;0;0;0;0;0;0;0;0;0;0;0;0;0;0;0;0;0
FR;9;2022-06-23;0;0;0;0;0;0;0;0;0;0;0;0;0;0;0;0;0;0
FR;9;2022-06-24;0;0;0;0;0;0;0;0;0;0;0;0;0;0;0;0;0;0
FR;9;2022-06-25;0;0;0;0;0;0;0;0;0;0;0;0;0;0;0;0;0;0
FR;9;2022-06-26;0;0;0;0;0;0;0;0;0;0;0;0;0;0;0;0;0;0
FR;9;2022-06-27;0;0;0;0;0;0;0;0;0;0;0;0;0;0;0;0;0;0
FR;9;2022-06-28;0;0;0;0;0;0;0;0;0;0;0;0;0;0;0;0;0;0
FR;9;2022-06-29;0;0;0;0;0;0;0;0;0;0;0;0;0;0;0;0;0;0
FR;9;2022-06-30;0;0;0;0;0;0;0;0;0;0;0;0;0;0;0;0;0;0
FR;9;2022-07-01;0;0;0;0;0;0;0;0;0;0;0;0;0;0;0;0;0;0
FR;9;2022-07-02;0;0;0;0;0;0;0;0;0;0;0;0;0;0;0;0;0;0
FR;9;2022-07-03;0;0;0;0;0;0;0;0;0;0;0;0;0;0;0;0;0;0
FR;9;2022-07-04;0;0;0;0;0;0;0;0;0;0;0;0;0;0;0;0;0;0
FR;9;2022-07-05;0;0;0;0;0;0;0;0;0;0;0;0;0;0;0;0;0;0
FR;9;2022-07-06;0;0;0;0;0;0;0;0;0;0;0;0;0;0;0;0;0;0
FR;9;2022-07-07;0;0;0;0;0;0;0;0;0;0;0;0;0;0;0;0;0;0
FR;9;2022-07-08;0;0;0;0;0;0;0;0;0;0;0;0;0;0;0;0;0;0
FR;9;2022-07-09;0;0;0;0;0;0;0;0;0;0;0;0;0;0;0;0;0;0
FR;9;2022-07-10;0;0;0;0;0;0;0;0;0;0;0;0;0;0;0;0;0;0
FR;9;2022-07-11;0;0;0;0;0;0;0;0;0;0;0;0;0;0;0;0;0;0
FR;9;2022-07-12;0;0;0;0;0;0;0;0;0;0;0;0;0;0;0;0;0;0
FR;9;2022-07-13;0;0;0;0;0;0;0;0;0;0;0;0;0;0;0;0;0;0
FR;9;2022-07-14;0;0;0;0;0;0;0;0;0;0;0;0;0;0;0;0;0;0
FR;9;2022-07-15;0;0;0;0;0;0;0;0;0;0;0;0;0;0;0;0;0;0
FR;9;2022-07-16;0;0;0;0;0;0;0;0;0;0;0;0;0;0;0;0;0;0
FR;9;2022-07-17;0;0;0;0;0;0;0;0;0;0;0;0;0;0;0;0;0;0
FR;9;2022-07-18;0;0;0;0;0;0;0;0;0;0;0;0;0;0;0;0;0;0
FR;9;2022-07-19;0;0;0;0;0;0;0;0;0;0;0;0;0;0;0;0;0;0
FR;9;2022-07-20;0;0;0;0;0;0;0;0;0;0;0;0;0;0;0;0;0;0
FR;9;2022-07-21;0;0;0;0;0;0;0;0;0;0;0;0;0;0;0;0;0;0
FR;9;2022-07-22;0;0;0;0;0;0;0;0;0;0;0;0;0;0;0;0;0;0
FR;9;2022-07-23;0;0;0;0;0;0;0;0;0;0;0;0;0;0;0;0;0;0
FR;9;2022-07-24;0;0;0;0;0;0;0;0;0;0;0;0;0;0;0;0;0;0
FR;9;2022-07-25;0;0;0;0;0;0;0;0;0;0;0;0;0;0;0;0;0;0
FR;9;2022-07-26;0;0;0;0;0;0;0;0;0;0;0;0;0;0;0;0;0;0
FR;9;2022-07-27;0;0;0;0;0;0;0;0;0;0;0;0;0;0;0;0;0;0
FR;9;2022-07-28;0;0;0;0;0;0;0;0;0;0;0;0;0;0;0;0;0;0
FR;9;2022-07-29;0;0;0;0;0;0;0;0;0;0;0;0;0;0;0;0;0;0
FR;9;2022-07-30;0;0;0;0;0;0;0;0;0;0;0;0;0;0;0;0;0;0
FR;9;2022-07-31;0;0;0;0;0;0;0;0;0;0;0;0;0;0;0;0;0;0
FR;9;2022-08-01;0;0;0;0;0;0;0;0;0;0;0;0;0;0;0;0;0;0
FR;9;2022-08-02;0;0;0;0;0;0;0;0;0;0;0;0;0;0;0;0;0;0
FR;9;2022-08-03;0;0;0;0;0;0;0;0;0;0;0;0;0;0;0;0;0;0
FR;9;2022-08-04;0;0;0;0;0;0;0;0;0;0;0;0;0;0;0;0;0;0
FR;9;2022-08-05;0;0;0;0;0;0;0;0;0;0;0;0;0;0;0;0;0;0
FR;9;2022-08-06;0;0;0;0;0;0;0;0;0;0;0;0;0;0;0;0;0;0
FR;9;2022-08-07;0;0;0;0;0;0;0;0;0;0;0;0;0;0;0;0;0;0
FR;9;2022-08-08;0;0;0;0;0;0;0;0;0;0;0;0;0;0;0;0;0;0
FR;9;2022-08-09;0;0;0;0;0;0;0;0;0;0;0;0;0;0;0;0;0;0
FR;9;2022-08-10;0;0;0;0;0;0;0;0;0;0;0;0;0;0;0;0;0;0
FR;9;2022-08-11;0;0;0;0;0;0;0;0;0;0;0;0;0;0;0;0;0;0
FR;9;2022-08-12;0;0;0;0;0;0;0;0;0;0;0;0;0;0;0;0;0;0
FR;9;2022-08-13;0;0;0;0;0;0;0;0;0;0;0;0;0;0;0;0;0;0
FR;9;2022-08-14;0;0;0;0;0;0;0;0;0;0;0;0;0;0;0;0;0;0
FR;9;2022-08-15;0;0;0;0;0;0;0;0;0;0;0;0;0;0;0;0;0;0
FR;9;2022-08-16;0;0;0;0;0;0;0;0;0;0;0;0;0;0;0;0;0;0
FR;9;2022-08-17;0;0;0;0;0;0;0;0;0;0;0;0;0;0;0;0;0;0
FR;9;2022-08-18;0;0;0;0;0;0;0;0;0;0;0;0;0;0;0;0;0;0
FR;9;2022-08-19;0;0;0;0;0;0;0;0;0;0;0;0;0;0;0;0;0;0
FR;9;2022-08-20;0;0;0;0;0;0;0;0;0;0;0;0;0;0;0;0;0;0
FR;9;2022-08-21;0;0;0;0;0;0;0;0;0;0;0;0;0;0;0;0;0;0
FR;9;2022-08-22;0;0;0;0;0;0;0;0;0;0;0;0;0;0;0;0;0;0
FR;9;2022-08-23;0;0;0;0;0;0;0;0;0;0;0;0;0;0;0;0;0;0
FR;9;2022-08-24;0;0;0;0;0;0;0;0;0;0;0;0;0;0;0;0;0;0
FR;9;2022-08-25;0;0;0;0;0;0;0;0;0;0;0;0;0;0;0;0;0;0
FR;9;2022-08-26;0;0;0;0;0;0;0;0;0;0;0;0;0;0;0;0;0;0
FR;9;2022-08-27;0;0;0;0;0;0;0;0;0;0;0;0;0;0;0;0;0;0
FR;9;2022-08-28;0;0;0;0;0;0;0;0;0;0;0;0;0;0;0;0;0;0
FR;9;2022-08-29;0;0;0;0;0;0;0;0;0;0;0;0;0;0;0;0;0;0
FR;9;2022-08-30;0;0;0;0;0;0;0;0;0;0;0;0;0;0;0;0;0;0
FR;9;2022-08-31;0;0;0;0;0;0;0;0;0;0;0;0;0;0;0;0;0;0
FR;9;2022-09-01;0;0;0;0;0;0;0;0;0;0;0;0;0;0;0;0;0;0
FR;9;2022-09-02;0;0;0;0;0;0;0;0;0;0;0;0;0;0;0;0;0;0
FR;9;2022-09-03;0;0;0;0;0;0;0;0;0;0;0;0;0;0;0;0;0;0
FR;9;2022-09-04;0;0;0;0;0;0;0;0;0;0;0;0;0;0;0;0;0;0
FR;9;2022-09-05;0;0;0;0;0;0;0;0;0;0;0;0;0;0;0;0;0;0
FR;9;2022-09-06;0;0;0;0;0;0;0;0;0;0;0;0;0;0;0;0;0;0
FR;9;2022-09-07;0;0;0;0;0;0;0;0;0;0;0;0;0;0;0;0;0;0
FR;9;2022-09-08;0;0;0;0;0;0;0;0;0;0;0;0;0;0;0;0;0;0
FR;9;2022-09-09;0;0;0;0;0;0;0;0;0;0;0;0;0;0;0;0;0;0
FR;9;2022-09-10;0;0;0;0;0;0;0;0;0;0;0;0;0;0;0;0;0;0
FR;9;2022-09-11;0;0;0;0;0;0;0;0;0;0;0;0;0;0;0;0;0;0
FR;9;2022-09-12;0;0;0;0;0;0;0;0;0;0;0;0;0;0;0;0;0;0
FR;9;2022-09-13;0;0;0;0;0;0;0;0;0;0;0;0;0;0;0;0;0;0
FR;9;2022-09-14;0;0;0;0;0;0;0;0;0;0;0;0;0;0;0;0;0;0
FR;9;2022-09-15;0;0;0;0;0;0;0;0;0;0;0;0;0;0;0;0;0;0
FR;9;2022-09-16;0;0;0;0;0;0;0;0;0;0;0;0;0;0;0;0;0;0
FR;9;2022-09-17;0;0;0;0;0;0;0;0;0;0;0;0;0;0;0;0;0;0
FR;9;2022-09-18;0;0;0;0;0;0;0;0;0;0;0;0;0;0;0;0;0;0
FR;9;2022-09-19;0;0;0;0;0;0;0;0;0;0;0;0;0;0;0;0;0;0
FR;9;2022-09-20;0;0;0;0;0;0;0;0;0;0;0;0;0;0;0;0;0;0
FR;9;2022-09-21;0;0;0;0;0;0;0;0;0;0;0;0;0;0;0;0;0;0
FR;9;2022-09-22;0;0;0;0;0;0;0;0;0;0;0;0;0;0;0;0;0;0
FR;9;2022-09-23;0;0;0;0;0;0;0;0;0;0;0;0;0;0;0;0;0;0
FR;9;2022-09-24;0;0;0;0;0;0;0;0;0;0;0;0;0;0;0;0;0;0
FR;9;2022-09-25;0;0;0;0;0;0;0;0;0;0;0;0;0;0;0;0;0;0
FR;9;2022-09-26;0;0;0;0;0;0;0;0;0;0;0;0;0;0;0;0;0;0
FR;9;2022-09-27;0;0;0;0;0;0;0;0;0;0;0;0;0;0;0;0;0;0
FR;9;2022-09-28;0;0;0;0;0;0;0;0;0;0;0;0;0;0;0;0;0;0
FR;9;2022-09-29;1;1;8;33;0;6;35;43;2;1;1;8;33;0;6;35;43;2
FR;9;2022-09-30;5;13;62;606;7;48;614;715;51;6;14;70;639;7;54;649;758;53
FR;9;2022-10-01;10;2;43;327;3;26;335;396;35;16;16;113;966;10;80;984;1154;88
FR;9;2022-10-02;2;1;5;50;0;4;51;66;11;18;17;118;1016;10;84;1035;1220;99
FR;9;2022-10-03;14;17;151;1714;11;129;1708;2074;234;32;34;269;2730;21;213;2743;3294;333
FR;9;2022-10-04;22;48;353;3954;18;228;4022;4704;450;54;82;622;6684;39;441;6765;7998;783
FR;9;2022-10-05;30;20;269;2998;17;203;3011;3656;433;84;102;891;9682;56;644;9776;11654;1216
FR;9;2022-10-06;23;35;400;4598;18;301;4631;5609;672;107;137;1291;14280;74;945;14407;17263;1888
FR;9;2022-10-07;29;50;499;5706;19;384;5720;7029;923;136;187;1790;19986;93;1329;20127;24292;2811
FR;9;2022-10-08;10;18;128;1090;8;86;1108;1389;191;146;205;1918;21076;101;1415;21235;25681;3002
FR;9;2022-10-09;1;7;22;197;1;29;198;277;50;147;212;1940;21273;102;1444;21433;25958;3052
FR;9;2022-10-10;11;26;207;2572;14;181;2576;3296;533;158;238;2147;23845;116;1625;24009;29254;3585
FR;9;2022-10-11;31;40;424;5043;27;312;5024;6198;851;189;278;2571;28888;143;1937;29033;35452;4436
FR;9;2022-10-12;22;26;297;2987;16;212;3044;3830;572;211;304;2868;31875;159;2149;32077;39282;5008
FR;9;2022-10-13;25;42;374;3980;16;245;4036;5027;740;236;346;3242;35855;175;2394;36113;44309;5748
FR;9;2022-10-14;27;26;381;4430;12;293;4414;5556;838;263;372;3623;40285;187;2687;40527;49865;6586
FR;9;2022-10-15;14;8;101;1052;7;79;1029;1308;198;277;380;3724;41337;194;2766;41556;51173;6784
FR;9;2022-10-16;4;1;9;132;2;12;126;168;28;281;381;3733;41469;196;2778;41682;51341;6812
FR;9;2022-10-17;4;22;165;1875;11;127;1883;2492;475;285;403;3898;43344;207;2905;43565;53833;7287
FR;9;2022-10-18;36;29;317;3430;17;237;3454;4663;963;321;432;4215;46774;224;3142;47019;58496;8250
FR;9;2022-10-19;22;19;262;2688;17;174;2717;3732;826;343;451;4477;49462;241;3316;49736;62228;9076
FR;9;2022-10-20;22;22;308;3628;8;233;3639;4813;933;365;473;4785;53090;249;3549;53375;67041;10009
FR;9;2022-10-21;14;32;327;3548;11;228;3554;4655;865;379;505;5112;56638;260;3777;56929;71696;10874
FR;9;2022-10-22;10;11;90;914;8;62;919;1193;207;389;516;5202;57552;268;3839;57848;72889;11081
FR;9;2022-10-23;2;2;17;100;2;10;105;148;33;391;518;5219;57652;270;3849;57953;73037;11114
FR;9;2022-10-24;7;17;159;1363;6;106;1434;1942;397;398;535;5378;59015;276;3955;59387;74979;11511
FR;9;2022-10-25;18;22;228;2841;16;188;2851;3938;896;416;557;5606;61856;292;4143;62238;78917;12407
FR;9;2022-10-26;14;16;169;1800;13;123;1812;2527;590;430;573;5775;63656;305;4266;64050;81444;12997
FR;9;2022-10-27;9;26;230;2303;15;173;2337;3210;689;439;599;6005;65959;320;4439;66387;84654;13686
FR;9;2022-10-28;18;27;224;2277;17;151;2303;3142;681;457;626;6229;68236;337;4590;68690;87796;14367
FR;9;2022-10-29;12;8;55;505;5;46;496;662;119;469;634;6284;68741;342;4636;69186;88458;14486
FR;9;2022-10-30;2;1;8;58;1;8;58;82;16;471;635;6292;68799;343;4644;69244;88540;14502
FR;9;2022-10-31;13;7;105;660;9;59;695;996;240;484;642;6397;69459;352;4703;69939;89536;14742
FR;9;2022-11-01;1;1;15;43;0;11;49;71;11;485;643;6412;69502;352;4714;69988;89607;14753
FR;9;2022-11-02;7;12;102;1027;4;76;1045;1577;452;492;655;6514;70529;356;4790;71033;91184;15205
FR;9;2022-11-03;17;18;157;1599;16;92;1647;2348;599;509;673;6671;72128;372;4882;72680;93532;15804
FR;9;2022-11-04;21;19;193;1751;15;120;1800;2536;611;530;692;6864;73879;387;5002;74480;96068;16415
FR;9;2022-11-05;8;10;58;403;9;39;424;573;107;538;702;6922;74282;396;5041;74904;96641;16522
FR;9;2022-11-06;5;4;5;62;6;2;61;88;25;543;706;6927;74344;402;5043;74965;96729;16547
FR;9;2022-11-07;16;19;89;942;16;110;941;1489;432;559;725;7016;75286;418;5153;75906;98218;16979
FR;9;2022-11-08;11;19;171;1827;13;137;1815;2660;703;570;744;7187;77113;431;5290;77721;100878;17682
FR;9;2022-11-09;16;16;123;1261;9;98;1322;1878;453;586;760;7310;78374;440;5388;79043;102756;18135
FR;9;2022-11-10;13;22;162;1622;14;137;1620;2280;519;599;782;7472;79996;454;5525;80663;105036;18654
FR;9;2022-11-11;1;1;13;81;1;6;83;124;35;600;783;7485;80077;455;5531;80746;105160;18689
FR;9;2022-11-12;5;8;44;259;7;19;278;395;97;605;791;7529;80336;462;5550;81024;105555;18786
FR;9;2022-11-13;2;0;4;30;0;4;31;51;16;607;791;7533;80366;462;5554;81055;105606;18802
FR;9;2022-11-14;11;12;56;713;11;44;722;1108;339;618;803;7589;81079;473;5598;81777;106714;19141
FR;9;2022-11-15;18;16;150;1346;7;103;1356;2103;638;636;819;7739;82425;480;5701;83133;108817;19779
FR;9;2022-11-16;10;5;99;979;8;58;997;1490;431;646;824;7838;83404;488;5759;84130;110307;20210
FR;9;2022-11-17;9;17;126;1086;11;78;1111;1695;501;655;841;7964;84490;499;5837;85241;112002;20711
FR;9;2022-11-18;7;16;120;1440;5;78;1455;2027;492;662;857;8084;85930;504;5915;86696;114029;21203
FR;9;2022-11-19;3;5;50;364;1;27;351;489;106;665;862;8134;86294;505;5942;87047;114518;21309
FR;9;2022-11-20;1;0;5;37;0;3;35;54;16;666;862;8139;86331;505;5945;87082;114572;21325
FR;9;2022-11-21;9;12;66;636;5;51;639;960;263;675;874;8205;86967;510;5996;87721;115532;21588
FR;9;2022-11-22;15;12;121;1037;13;74;1067;1592;449;690;886;8326;88004;523;6070;88788;117124;22037
FR;9;2022-11-23;7;10;69;733;5;33;760;1170;372;697;896;8395;88737;528;6103;89548;118294;22409
FR;9;2022-11-24;8;19;93;979;14;68;992;1472;406;705;915;8488;89716;542;6171;90540;119766;22815
FR;9;2022-11-25;8;10;107;1180;8;82;1195;1781;503;713;925;8595;90896;550;6253;91735;121547;23318
FR;9;2022-11-26;6;6;35;217;7;24;214;310;68;719;931;8630;91113;557;6277;91949;121857;23386
FR;9;2022-11-27;1;1;6;42;0;2;46;82;34;720;932;8636;91155;557;6279;91995;121939;23420
FR;9;2022-11-28;5;7;103;698;7;60;726;1135;344;725;939;8739;91853;564;6339;92721;123074;23764
FR;9;2022-11-29;6;18;142;1299;6;89;1327;1942;521;731;957;8881;93152;570;6428;94048;125016;24285
FR;9;2022-11-30;9;12;99;1032;5;76;1055;1606;470;740;969;8980;94184;575;6504;95103;126622;24755
FR;9;2022-12-01;16;14;112;1345;8;80;1331;1970;554;756;983;9092;95529;583;6584;96434;128592;25309
FR;9;2022-12-02;10;13;193;1817;10;107;1818;2631;700;766;996;9285;97346;593;6691;98252;131223;26009
FR;9;2022-12-03;7;9;79;619;5;41;632;887;208;773;1005;9364;97965;598;6732;98884;132110;26217
FR;9;2022-12-04;11;4;15;105;5;8;105;153;40;784;1009;9379;98070;603;6740;98989;132263;26257
FR;9;2022-12-05;19;24;144;1406;17;98;1421;2110;584;803;1033;9523;99476;620;6838;100410;134373;26841
FR;9;2022-12-06;30;21;264;2453;21;148;2548;3812;1097;833;1054;9787;101929;641;6986;102958;138185;27938
FR;9;2022-12-07;15;22;181;1848;20;112;1890;2826;814;848;1076;9968;103777;661;7098;104848;141011;28752
FR;9;2022-12-08;14;22;222;2404;15;125;2467;3701;1092;862;1098;10190;106181;676;7223;107315;144712;29844
FR;9;2022-12-09;14;25;287;2888;10;143;2986;4337;1200;876;1123;10477;109069;686;7366;110301;149049;31044
FR;9;2022-12-10;12;13;122;1324;5;56;1347;1819;410;888;1136;10599;110393;691;7422;111648;150868;31454
FR;9;2022-12-11;5;5;21;277;6;10;283;363;66;893;1141;10620;110670;697;7432;111931;151231;31520
FR;9;2022-12-12;17;14;215;1958;12;109;2032;2891;745;910;1155;10835;112628;709;7541;113963;154122;32265
FR;9;2022-12-13;28;23;317;3085;15;151;3221;4720;1337;938;1178;11152;115713;724;7692;117184;158842;33602
FR;9;2022-12-14;15;10;191;2335;8;94;2405;3505;989;953;1188;11343;118048;732;7786;119589;162347;34591
FR;9;2022-12-15;17;24;257;2611;13;138;2682;4069;1238;970;1212;11600;120659;745;7924;122271;166416;35829
FR;9;2022-12-16;15;29;294;3072;21;165;3155;4603;1274;985;1241;11894;123731;766;8089;125426;171019;37103
FR;9;2022-12-17;8;11;106;1193;6;50;1208;1664;402;993;1252;12000;124924;772;8139;126634;172683;37505
FR;9;2022-12-18;1;7;30;245;6;14;251;333;67;994;1259;12030;125169;778;8153;126885;173016;37572
FR;9;2022-12-19;20;21;149;1599;15;78;1631;2507;789;1014;1280;12179;126768;793;8231;128516;175523;38361
FR;9;2022-12-20;21;19;232;2306;6;115;2349;3708;1233;1035;1299;12411;129074;799;8346;130865;179231;39594
FR;9;2022-12-21;6;14;139;1501;7;66;1554;2402;775;1041;1313;12550;130575;806;8412;132419;181633;40369
FR;9;2022-12-22;19;9;136;1402;9;78;1418;2119;615;1060;1322;12686;131977;815;8490;133837;183752;40984
FR;9;2022-12-23;11;15;77;728;9;51;730;1092;305;1071;1337;12763;132705;824;8541;134567;184844;41289
FR;9;2022-12-24;1;5;13;96;4;6;98;138;34;1072;1342;12776;132801;828;8547;134665;184982;41323
FR;9;2022-12-25;1;0;5;5;0;4;6;12;2;1073;1342;12781;132806;828;8551;134671;184994;41325
FR;9;2022-12-26;17;8;64;547;11;37;554;829;235;1090;1350;12845;133353;839;8588;135225;185823;41560
FR;9;2022-12-27;12;30;97;882;14;69;917;1422;430;1102;1380;12942;134235;853;8657;136142;187245;41990
FR;9;2022-12-28;8;9;82;749;8;40;768;1185;372;1110;1389;13024;134984;861;8697;136910;188430;42362
FR;9;2022-12-29;9;14;92;720;10;51;753;1135;324;1119;1403;13116;135704;871;8748;137663;189565;42686
FR;9;2022-12-30;12;17;77;592;9;47;612;899;237;1131;1420;13193;136296;880;8795;138275;190464;42923
FR;9;2022-12-31;2;3;17;136;2;12;139;190;38;1133;1423;13210;136432;882;8807;138414;190654;42961
FR;9;2023-01-01;0;2;3;19;1;4;19;31;8;1133;1425;13213;136451;883;8811;138433;190685;42969
FR;9;2023-01-02;11;11;56;592;4;40;585;949;320;1144;1436;13269;137043;887;8851;139018;191634;43289
FR;9;2023-01-03;19;20;121;1079;20;74;1101;1939;749;1163;1456;13390;138122;907;8925;140119;193573;44038
FR;9;2023-01-04;21;18;113;846;8;73;898;1609;633;1184;1474;13503;138968;915;8998;141017;195182;44671
FR;9;2023-01-05;5;20;115;1059;11;65;1091;2048;882;1189;1494;13618;140027;926;9063;142108;197230;45553
FR;9;2023-01-06;11;17;152;1370;4;73;1388;2410;938;1200;1511;13770;141397;930;9136;143496;199640;46491
FR;9;2023-01-07;6;13;58;436;14;36;427;687;220;1206;1524;13828;141833;944;9172;143923;200327;46711
FR;9;2023-01-08;4;11;15;92;9;12;91;137;32;1210;1535;13843;141925;953;9184;144014;200464;46743
FR;9;2023-01-09;16;15;87;623;9;62;615;1276;586;1226;1550;13930;142548;962;9246;144629;201740;47329
FR;9;2023-01-10;13;12;154;979;11;74;1033;1990;871;1239;1562;14084;143527;973;9320;145662;203730;48200
FR;9;2023-01-11;19;9;74;680;10;49;689;1387;643;1258;1571;14158;144207;983;9369;146351;205117;48843
FR;9;2023-01-12;21;9;92;845;3;77;823;1688;775;1279;1580;14250;145052;986;9446;147174;206805;49618
FR;9;2023-01-13;15;19;106;887;12;73;909;1783;785;1294;1599;14356;145939;998;9519;148083;208588;50403
FR;9;2023-01-14;8;9;55;294;5;33;299;585;247;1302;1608;14411;146233;1003;9552;148382;209173;50650
FR;9;2023-01-15;1;3;15;37;0;9;41;82;32;1303;1611;14426;146270;1003;9561;148423;209255;50682
FR;9;2023-01-16;6;15;54;366;13;24;383;785;371;1309;1626;14480;146636;1016;9585;148806;210040;51053
FR;9;2023-01-17;7;9;83;563;4;49;577;1244;609;1316;1635;14563;147199;1020;9634;149383;211284;51662
FR;9;2023-01-18;8;14;37;380;6;32;397;839;403;1324;1649;14600;147579;1026;9666;149780;212123;52065
FR;9;2023-01-19;10;9;58;477;8;30;478;1086;567;1334;1658;14658;148056;1034;9696;150258;213209;52632
FR;9;2023-01-20;15;19;96;578;16;57;595;1190;534;1349;1677;14754;148634;1050;9753;150853;214399;53166
FR;9;2023-01-21;8;15;20;192;11;13;190;347;140;1357;1692;14774;148826;1061;9766;151043;214746;53306
FR;9;2023-01-22;0;0;8;20;0;5;21;42;16;1357;1692;14782;148846;1061;9771;151064;214788;53322
FR;9;2023-01-23;4;15;27;253;9;25;242;563;287;1361;1707;14809;149099;1070;9796;151306;215351;53609
FR;9;2023-01-24;11;10;70;461;9;42;484;1162;633;1372;1717;14879;149560;1079;9838;151790;216513;54242
FR;9;2023-01-25;11;20;50;325;8;48;336;799;410;1383;1737;14929;149885;1087;9886;152126;217312;54652
FR;9;2023-01-26;7;17;64;391;8;50;390;967;515;1390;1754;14993;150276;1095;9936;152516;218279;55167
FR;9;2023-01-27;4;7;59;381;3;31;397;906;462;1394;1761;15052;150657;1098;9967;152913;219185;55629
FR;9;2023-01-28;3;6;31;128;5;27;120;265;116;1397;1767;15083;150785;1103;9994;153033;219450;55745
FR;9;2023-01-29;3;0;3;18;2;1;17;40;22;1400;1767;15086;150803;1105;9995;153050;219490;55767
FR;9;2023-01-30;4;6;31;192;5;11;211;501;272;1404;1773;15117;150995;1110;10006;153261;219991;56039
FR;9;2023-01-31;14;7;38;260;9;18;264;649;359;1418;1780;15155;151255;1119;10024;153525;220640;56398
FR;9;2023-02-01;4;7;26;173;4;20;179;519;309;1422;1787;15181;151428;1123;10044;153704;221159;56707
FR;9;2023-02-02;4;6;31;252;6;23;233;666;395;1426;1793;15212;151680;1129;10067;153937;221825;57102
FR;9;2023-02-03;8;11;42;289;8;37;275;677;355;1434;1804;15254;151969;1137;10104;154212;222502;57457
FR;9;2023-02-04;6;5;10;70;7;8;68;160;84;1440;1809;15264;152039;1144;10112;154280;222662;57541
FR;9;2023-02-05;1;1;4;7;0;4;7;17;6;1441;1810;15268;152046;1144;10116;154287;222679;57547
FR;9;2023-02-06;3;5;17;81;4;15;78;229;134;1444;1815;15285;152127;1148;10131;154365;222908;57681
FR;9;2023-02-07;3;5;30;139;3;21;134;412;251;1447;1820;15315;152266;1151;10152;154499;223320;57932
FR;9;2023-02-08;4;6;25;116;3;13;125;301;160;1451;1826;15340;152382;1154;10165;154624;223621;58092
FR;9;2023-02-09;8;3;20;138;4;14;123;338;197;1459;1829;15360;152520;1158;10179;154747;223959;58289
FR;9;2023-02-10;8;8;19;149;10;11;145;310;148;1467;1837;15379;152669;1168;10190;154892;224269;58437
FR;9;2023-02-11;5;4;14;42;3;9;47;84;28;1472;1841;15393;152711;1171;10199;154939;224353;58465
FR;9;2023-02-12;0;0;0;1;0;0;1;8;7;1472;1841;15393;152712;1171;10199;154940;224361;58472
FR;9;2023-02-13;3;8;5;50;8;4;45;107;55;1475;1849;15398;152762;1179;10203;154985;224468;58527
FR;9;2023-02-14;10;10;16;66;10;13;63;225;146;1485;1859;15414;152828;1189;10216;155048;224693;58673
FR;9;2023-02-15;1;5;16;52;3;12;50;162;99;1486;1864;15430;152880;1192;10228;155098;224855;58772
FR;9;2023-02-16;4;6;19;77;1;17;78;197;93;1490;1870;15449;152957;1193;10245;155176;225052;58865
FR;9;2023-02-17;6;4;15;62;5;11;64;178;99;1496;1874;15464;153019;1198;10256;155240;225230;58964
FR;9;2023-02-18;1;5;1;30;5;3;25;58;29;1497;1879;15465;153049;1203;10259;155265;225288;58993
FR;9;2023-02-19;1;0;0;1;0;0;1;3;2;1498;1879;15465;153050;1203;10259;155266;225291;58995
FR;9;2023-02-20;2;3;9;60;2;6;60;123;55;1500;1882;15474;153110;1205;10265;155326;225414;59050
FR;9;2023-02-21;6;9;11;65;7;10;65;160;83;1506;1891;15485;153175;1212;10275;155391;225574;59133
FR;9;2023-02-22;2;4;18;70;3;13;72;210;118;1508;1895;15503;153245;1215;10288;155463;225784;59251
FR;9;2023-02-23;5;3;17;63;1;12;69;146;61;1513;1898;15520;153308;1216;10300;155532;225930;59312
FR;9;2023-02-24;6;4;13;80;5;8;83;211;114;1519;1902;15533;153388;1221;10308;155615;226141;59426
FR;9;2023-02-25;2;2;10;14;4;4;23;43;16;1521;1904;15543;153402;1225;10312;155638;226184;59442
FR;9;2023-02-26;3;1;0;4;3;1;4;5;0;1524;1905;15543;153406;1228;10313;155642;226189;59442
FR;9;2023-02-27;2;3;5;17;3;2;19;49;26;1526;1908;15548;153423;1231;10315;155661;226238;59468
FR;9;2023-02-28;7;13;18;55;11;16;58;155;76;1533;1921;15566;153478;1242;10331;155719;226393;59544
FR;9;2023-03-01;0;8;6;20;6;7;20;78;48;1533;1929;15572;153498;1248;10338;155739;226471;59592
FR;9;2023-03-02;0;1;7;31;1;2;36;80;41;1533;1930;15579;153529;1249;10340;155775;226551;59633
FR;9;2023-03-03;1;4;9;47;3;6;49;122;67;1534;1934;15588;153576;1252;10346;155824;226673;59700
FR;9;2023-03-04;1;2;7;19;1;4;25;41;10;1535;1936;15595;153595;1253;10350;155849;226714;59710
FR;9;2023-03-05;0;1;1;0;1;0;1;8;7;1535;1937;15596;153595;1254;10350;155850;226722;59717
FR;9;2023-03-06;1;6;6;8;3;6;9;35;19;1536;1943;15602;153603;1257;10356;155859;226757;59736
FR;9;2023-03-07;2;4;8;20;0;9;24;69;34;1538;1947;15610;153623;1257;10365;155883;226826;59770
FR;9;2023-03-08;2;4;10;6;4;4;13;39;20;1540;1951;15620;153629;1261;10369;155896;226865;59790
FR;9;2023-03-09;1;3;9;12;2;6;17;65;42;1541;1954;15629;153641;1263;10375;155913;226930;59832
FR;9;2023-03-10;3;3;6;20;3;4;19;58;34;1544;1957;15635;153661;1266;10379;155932;226988;59866
FR;9;2023-03-11;2;3;4;8;2;1;11;15;3;1546;1960;15639;153669;1268;10380;155943;227003;59869
FR;9;2023-03-12;0;1;0;0;1;0;0;0;0;1546;1961;15639;153669;1269;10380;155943;227003;59869
FR;9;2023-03-13;3;5;9;34;3;4;14;49;29;1549;1966;15648;153703;1272;10384;155957;227052;59898
FR;9;2023-03-14;3;3;7;27;1;6;29;79;41;1552;1969;15655;153730;1273;10390;155986;227131;59939
FR;9;2023-03-15;0;5;4;15;3;4;17;47;24;1552;1974;15659;153745;1276;10394;156003;227178;59963
FR;9;2023-03-16;0;9;7;15;5;8;15;77;52;1552;1983;15666;153760;1281;10402;156018;227255;60015
FR;9;2023-03-17;0;7;6;40;3;8;27;113;71;1552;1990;15672;153800;1284;10410;156045;227368;60086
FR;9;2023-03-18;2;2;5;13;1;4;16;48;26;1554;1992;15677;153813;1285;10414;156061;227416;60112
FR;9;2023-03-19;0;1;0;0;1;0;0;0;0;1554;1993;15677;153813;1286;10414;156061;227416;60112
FR;9;2023-03-20;3;7;1;25;6;1;13;54;40;1557;2000;15678;153838;1292;10415;156074;227470;60152
FR;9;2023-03-21;1;1;6;16;1;1;21;69;47;1558;2001;15684;153854;1293;10416;156095;227539;60199
FR;9;2023-03-22;1;2;4;19;2;2;22;78;49;1559;2003;15688;153873;1295;10418;156117;227617;60248
FR;9;2023-03-23;0;6;7;22;4;7;21;56;25;1559;2009;15695;153895;1299;10425;156138;227673;60273
FR;9;2023-03-24;2;2;5;25;2;5;26;53;19;1561;2011;15700;153920;1301;10430;156164;227726;60292
FR;9;2023-03-25;0;0;4;6;0;3;8;16;5;1561;2011;15704;153926;1301;10433;156172;227742;60297
FR;9;2023-03-26;0;1;0;0;0;1;0;2;1;1561;2012;15704;153926;1301;10434;156172;227744;60298
FR;9;2023-03-27;0;3;4;8;2;2;12;32;15;1561;2015;15708;153934;1303;10436;156184;227776;60313
FR;9;2023-03-28;5;13;6;16;12;7;15;48;22;1566;2028;15714;153950;1315;10443;156199;227824;60335
FR;9;2023-03-29;3;6;8;5;2;8;8;28;12;1569;2034;15722;153955;1317;10451;156207;227852;60347
FR;9;2023-03-30;2;2;2;17;2;3;17;43;20;1571;2036;15724;153972;1319;10454;156224;227895;60367
FR;9;2023-03-31;0;3;2;18;1;6;15;45;22;1571;2039;15726;153990;1320;10460;156239;227940;60389
FR;9;2023-04-01;0;1;5;2;0;4;5;12;3;1571;2040;15731;153992;1320;10464;156244;227952;60392
FR;9;2023-04-02;0;0;0;0;0;0;0;2;2;1571;2040;15731;153992;1320;10464;156244;227954;60394
FR;9;2023-04-03;0;1;3;13;0;4;10;53;34;1571;2041;15734;154005;1320;10468;156254;228007;60428
FR;9;2023-04-04;4;4;11;18;2;7;22;61;29;1575;2045;15745;154023;1322;10475;156276;228068;60457
FR;9;2023-04-05;0;2;4;27;1;3;32;78;39;1575;2047;15749;154050;1323;10478;156308;228146;60496
FR;9;2023-04-06;0;0;4;13;0;2;16;42;23;1575;2047;15753;154063;1323;10480;156324;228188;60519
FR;9;2023-04-07;1;6;1;7;2;4;7;34;19;1576;2053;15754;154070;1325;10484;156331;228222;60538
FR;9;2023-04-08;0;1;2;1;0;1;3;7;2;1576;2054;15756;154071;1325;10485;156334;228229;60540
FR;9;2023-04-09;0;1;0;0;1;0;0;2;1;1576;2055;15756;154071;1326;10485;156334;228231;60541
FR;9;2023-04-10;0;1;1;5;1;1;5;6;0;1576;2056;15757;154076;1327;10486;156339;228237;60541
FR;9;2023-04-11;2;5;4;9;4;3;8;22;8;1578;2061;15761;154085;1331;10489;156347;228259;60549
FR;9;2023-04-12;1;3;6;8;2;5;10;42;24;1579;2064;15767;154093;1333;10494;156357;228301;60573
FR;9;2023-04-13;0;0;2;4;0;2;4;15;9;1579;2064;15769;154097;1333;10496;156361;228316;60582
FR;9;2023-04-14;1;4;7;9;1;6;12;38;13;1580;2068;15776;154106;1334;10502;156373;228354;60595
FR;9;2023-04-15;0;1;2;2;1;1;2;7;4;1580;2069;15778;154108;1335;10503;156375;228361;60599
FR;9;2023-04-16;0;1;0;0;1;0;0;0;0;1580;2070;15778;154108;1336;10503;156375;228361;60599
FR;9;2023-04-17;1;2;6;11;2;2;14;44;21;1581;2072;15784;154119;1338;10505;156389;228405;60620
FR;9;2023-04-18;2;1;3;8;1;2;9;34;21;1583;2073;15787;154127;1339;10507;156398;228439;60641
FR;9;2023-04-19;1;0;2;4;0;2;4;27;15;1584;2073;15789;154131;1339;10509;156402;228466;60656
FR;10;2020-12-27;0;0;0;0;0;0;0;0;0;0;0;0;0;0;0;0;0;0
FR;10;2020-12-28;0;0;0;0;0;0;0;0;0;0;0;0;0;0;0;0;0;0
FR;10;2020-12-29;0;0;0;0;0;0;0;0;0;0;0;0;0;0;0;0;0;0
FR;10;2020-12-30;0;0;0;0;0;0;0;0;0;0;0;0;0;0;0;0;0;0
FR;10;2020-12-31;0;0;0;0;0;0;0;0;0;0;0;0;0;0;0;0;0;0
FR;10;2021-01-01;0;0;0;0;0;0;0;0;0;0;0;0;0;0;0;0;0;0
FR;10;2021-01-02;0;0;0;0;0;0;0;0;0;0;0;0;0;0;0;0;0;0
FR;10;2021-01-03;0;0;0;0;0;0;0;0;0;0;0;0;0;0;0;0;0;0
FR;10;2021-01-04;0;0;0;0;0;0;0;0;0;0;0;0;0;0;0;0;0;0
FR;10;2021-01-05;0;0;0;0;0;0;0;0;0;0;0;0;0;0;0;0;0;0
FR;10;2021-01-06;0;0;0;0;0;0;0;0;0;0;0;0;0;0;0;0;0;0
FR;10;2021-01-07;0;0;0;0;0;0;0;0;0;0;0;0;0;0;0;0;0;0
FR;10;2021-01-08;0;0;0;0;0;0;0;0;0;0;0;0;0;0;0;0;0;0
FR;10;2021-01-09;0;0;0;0;0;0;0;0;0;0;0;0;0;0;0;0;0;0
FR;10;2021-01-10;0;0;0;0;0;0;0;0;0;0;0;0;0;0;0;0;0;0
FR;10;2021-01-11;0;0;0;0;0;0;0;0;0;0;0;0;0;0;0;0;0;0
FR;10;2021-01-12;0;0;0;0;0;0;0;0;0;0;0;0;0;0;0;0;0;0
FR;10;2021-01-13;0;0;0;0;0;0;0;0;0;0;0;0;0;0;0;0;0;0
FR;10;2021-01-14;0;0;0;0;0;0;0;0;0;0;0;0;0;0;0;0;0;0
FR;10;2021-01-15;0;0;0;0;0;0;0;0;0;0;0;0;0;0;0;0;0;0
FR;10;2021-01-16;0;0;0;0;0;0;0;0;0;0;0;0;0;0;0;0;0;0
FR;10;2021-01-17;0;0;0;0;0;0;0;0;0;0;0;0;0;0;0;0;0;0
FR;10;2021-01-18;0;0;0;0;0;0;0;0;0;0;0;0;0;0;0;0;0;0
FR;10;2021-01-19;0;0;0;0;0;0;0;0;0;0;0;0;0;0;0;0;0;0
FR;10;2021-01-20;0;0;0;0;0;0;0;0;0;0;0;0;0;0;0;0;0;0
FR;10;2021-01-21;0;0;0;0;0;0;0;0;0;0;0;0;0;0;0;0;0;0
FR;10;2021-01-22;0;0;0;0;0;0;0;0;0;0;0;0;0;0;0;0;0;0
FR;10;2021-01-23;0;0;0;0;0;0;0;0;0;0;0;0;0;0;0;0;0;0
FR;10;2021-01-24;0;0;0;0;0;0;0;0;0;0;0;0;0;0;0;0;0;0
FR;10;2021-01-25;0;0;0;0;0;0;0;0;0;0;0;0;0;0;0;0;0;0
FR;10;2021-01-26;0;0;0;0;0;0;0;0;0;0;0;0;0;0;0;0;0;0
FR;10;2021-01-27;0;0;0;0;0;0;0;0;0;0;0;0;0;0;0;0;0;0
FR;10;2021-01-28;0;0;0;0;0;0;0;0;0;0;0;0;0;0;0;0;0;0
FR;10;2021-01-29;0;0;0;0;0;0;0;0;0;0;0;0;0;0;0;0;0;0
FR;10;2021-01-30;0;0;0;0;0;0;0;0;0;0;0;0;0;0;0;0;0;0
FR;10;2021-01-31;0;0;0;0;0;0;0;0;0;0;0;0;0;0;0;0;0;0
FR;10;2021-02-01;0;0;0;0;0;0;0;0;0;0;0;0;0;0;0;0;0;0
FR;10;2021-02-02;0;0;0;0;0;0;0;0;0;0;0;0;0;0;0;0;0;0
FR;10;2021-02-03;0;0;0;0;0;0;0;0;0;0;0;0;0;0;0;0;0;0
FR;10;2021-02-04;0;0;0;0;0;0;0;0;0;0;0;0;0;0;0;0;0;0
FR;10;2021-02-05;0;0;0;0;0;0;0;0;0;0;0;0;0;0;0;0;0;0
FR;10;2021-02-06;0;0;0;0;0;0;0;0;0;0;0;0;0;0;0;0;0;0
FR;10;2021-02-07;0;0;0;0;0;0;0;0;0;0;0;0;0;0;0;0;0;0
FR;10;2021-02-08;0;0;0;0;0;0;0;0;0;0;0;0;0;0;0;0;0;0
FR;10;2021-02-09;0;0;0;0;0;0;0;0;0;0;0;0;0;0;0;0;0;0
FR;10;2021-02-10;0;0;0;0;0;0;0;0;0;0;0;0;0;0;0;0;0;0
FR;10;2021-02-11;0;0;0;0;0;0;0;0;0;0;0;0;0;0;0;0;0;0
FR;10;2021-02-12;0;0;0;0;0;0;0;0;0;0;0;0;0;0;0;0;0;0
FR;10;2021-02-13;0;0;0;0;0;0;0;0;0;0;0;0;0;0;0;0;0;0
FR;10;2021-02-14;0;0;0;0;0;0;0;0;0;0;0;0;0;0;0;0;0;0
FR;10;2021-02-15;0;0;0;0;0;0;0;0;0;0;0;0;0;0;0;0;0;0
FR;10;2021-02-16;0;0;0;0;0;0;0;0;0;0;0;0;0;0;0;0;0;0
FR;10;2021-02-17;0;0;0;0;0;0;0;0;0;0;0;0;0;0;0;0;0;0
FR;10;2021-02-18;0;0;0;0;0;0;0;0;0;0;0;0;0;0;0;0;0;0
FR;10;2021-02-19;0;0;0;0;0;0;0;0;0;0;0;0;0;0;0;0;0;0
FR;10;2021-02-20;0;0;0;0;0;0;0;0;0;0;0;0;0;0;0;0;0;0
FR;10;2021-02-21;0;0;0;0;0;0;0;0;0;0;0;0;0;0;0;0;0;0
FR;10;2021-02-22;0;0;0;0;0;0;0;0;0;0;0;0;0;0;0;0;0;0
FR;10;2021-02-23;0;0;0;0;0;0;0;0;0;0;0;0;0;0;0;0;0;0
FR;10;2021-02-24;0;0;0;0;0;0;0;0;0;0;0;0;0;0;0;0;0;0
FR;10;2021-02-25;0;0;0;0;0;0;0;0;0;0;0;0;0;0;0;0;0;0
FR;10;2021-02-26;0;0;0;0;0;0;0;0;0;0;0;0;0;0;0;0;0;0
FR;10;2021-02-27;0;0;0;0;0;0;0;0;0;0;0;0;0;0;0;0;0;0
FR;10;2021-02-28;0;0;0;0;0;0;0;0;0;0;0;0;0;0;0;0;0;0
FR;10;2021-03-01;0;0;0;0;0;0;0;0;0;0;0;0;0;0;0;0;0;0
FR;10;2021-03-02;0;0;0;0;0;0;0;0;0;0;0;0;0;0;0;0;0;0
FR;10;2021-03-03;0;0;0;0;0;0;0;0;0;0;0;0;0;0;0;0;0;0
FR;10;2021-03-04;0;0;0;0;0;0;0;0;0;0;0;0;0;0;0;0;0;0
FR;10;2021-03-05;0;0;0;0;0;0;0;0;0;0;0;0;0;0;0;0;0;0
FR;10;2021-03-06;0;0;0;0;0;0;0;0;0;0;0;0;0;0;0;0;0;0
FR;10;2021-03-07;0;0;0;0;0;0;0;0;0;0;0;0;0;0;0;0;0;0
FR;10;2021-03-08;0;0;0;0;0;0;0;0;0;0;0;0;0;0;0;0;0;0
FR;10;2021-03-09;0;0;0;0;0;0;0;0;0;0;0;0;0;0;0;0;0;0
FR;10;2021-03-10;0;0;0;0;0;0;0;0;0;0;0;0;0;0;0;0;0;0
FR;10;2021-03-11;0;0;0;0;0;0;0;0;0;0;0;0;0;0;0;0;0;0
FR;10;2021-03-12;0;0;0;0;0;0;0;0;0;0;0;0;0;0;0;0;0;0
FR;10;2021-03-13;0;0;0;0;0;0;0;0;0;0;0;0;0;0;0;0;0;0
FR;10;2021-03-14;0;0;0;0;0;0;0;0;0;0;0;0;0;0;0;0;0;0
FR;10;2021-03-15;0;0;0;0;0;0;0;0;0;0;0;0;0;0;0;0;0;0
FR;10;2021-03-16;0;0;0;0;0;0;0;0;0;0;0;0;0;0;0;0;0;0
FR;10;2021-03-17;0;0;0;0;0;0;0;0;0;0;0;0;0;0;0;0;0;0
FR;10;2021-03-18;0;0;0;0;0;0;0;0;0;0;0;0;0;0;0;0;0;0
FR;10;2021-03-19;0;0;0;0;0;0;0;0;0;0;0;0;0;0;0;0;0;0
FR;10;2021-03-20;0;0;0;0;0;0;0;0;0;0;0;0;0;0;0;0;0;0
FR;10;2021-03-21;0;0;0;0;0;0;0;0;0;0;0;0;0;0;0;0;0;0
FR;10;2021-03-22;0;0;0;0;0;0;0;0;0;0;0;0;0;0;0;0;0;0
FR;10;2021-03-23;0;0;0;0;0;0;0;0;0;0;0;0;0;0;0;0;0;0
FR;10;2021-03-24;0;0;0;0;0;0;0;0;0;0;0;0;0;0;0;0;0;0
FR;10;2021-03-25;0;0;0;0;0;0;0;0;0;0;0;0;0;0;0;0;0;0
FR;10;2021-03-26;0;0;0;0;0;0;0;0;0;0;0;0;0;0;0;0;0;0
FR;10;2021-03-27;0;0;0;0;0;0;0;0;0;0;0;0;0;0;0;0;0;0
FR;10;2021-03-28;0;0;0;0;0;0;0;0;0;0;0;0;0;0;0;0;0;0
FR;10;2021-03-29;0;0;0;0;0;0;0;0;0;0;0;0;0;0;0;0;0;0
FR;10;2021-03-30;0;0;0;0;0;0;0;0;0;0;0;0;0;0;0;0;0;0
FR;10;2021-03-31;0;0;0;0;0;0;0;0;0;0;0;0;0;0;0;0;0;0
FR;10;2021-04-01;0;0;0;0;0;0;0;0;0;0;0;0;0;0;0;0;0;0
FR;10;2021-04-02;0;0;0;0;0;0;0;0;0;0;0;0;0;0;0;0;0;0
FR;10;2021-04-03;0;0;0;0;0;0;0;0;0;0;0;0;0;0;0;0;0;0
FR;10;2021-04-04;0;0;0;0;0;0;0;0;0;0;0;0;0;0;0;0;0;0
FR;10;2021-04-05;0;0;0;0;0;0;0;0;0;0;0;0;0;0;0;0;0;0
FR;10;2021-04-06;0;0;0;0;0;0;0;0;0;0;0;0;0;0;0;0;0;0
FR;10;2021-04-07;0;0;0;0;0;0;0;0;0;0;0;0;0;0;0;0;0;0
FR;10;2021-04-08;0;0;0;0;0;0;0;0;0;0;0;0;0;0;0;0;0;0
FR;10;2021-04-09;0;0;0;0;0;0;0;0;0;0;0;0;0;0;0;0;0;0
FR;10;2021-04-10;0;0;0;0;0;0;0;0;0;0;0;0;0;0;0;0;0;0
FR;10;2021-04-11;0;0;0;0;0;0;0;0;0;0;0;0;0;0;0;0;0;0
FR;10;2021-04-12;0;0;0;0;0;0;0;0;0;0;0;0;0;0;0;0;0;0
FR;10;2021-04-13;0;0;0;0;0;0;0;0;0;0;0;0;0;0;0;0;0;0
FR;10;2021-04-14;0;0;0;0;0;0;0;0;0;0;0;0;0;0;0;0;0;0
FR;10;2021-04-15;0;0;0;0;0;0;0;0;0;0;0;0;0;0;0;0;0;0
FR;10;2021-04-16;0;0;0;0;0;0;0;0;0;0;0;0;0;0;0;0;0;0
FR;10;2021-04-17;0;0;0;0;0;0;0;0;0;0;0;0;0;0;0;0;0;0
FR;10;2021-04-18;0;0;0;0;0;0;0;0;0;0;0;0;0;0;0;0;0;0
FR;10;2021-04-19;0;0;0;0;0;0;0;0;0;0;0;0;0;0;0;0;0;0
FR;10;2021-04-20;0;0;0;0;0;0;0;0;0;0;0;0;0;0;0;0;0;0
FR;10;2021-04-21;0;0;0;0;0;0;0;0;0;0;0;0;0;0;0;0;0;0
FR;10;2021-04-22;0;0;0;0;0;0;0;0;0;0;0;0;0;0;0;0;0;0
FR;10;2021-04-23;0;0;0;0;0;0;0;0;0;0;0;0;0;0;0;0;0;0
FR;10;2021-04-24;0;0;0;0;0;0;0;0;0;0;0;0;0;0;0;0;0;0
FR;10;2021-04-25;0;0;0;0;0;0;0;0;0;0;0;0;0;0;0;0;0;0
FR;10;2021-04-26;0;0;0;0;0;0;0;0;0;0;0;0;0;0;0;0;0;0
FR;10;2021-04-27;0;0;0;0;0;0;0;0;0;0;0;0;0;0;0;0;0;0
FR;10;2021-04-28;0;0;0;0;0;0;0;0;0;0;0;0;0;0;0;0;0;0
FR;10;2021-04-29;0;0;0;0;0;0;0;0;0;0;0;0;0;0;0;0;0;0
FR;10;2021-04-30;0;0;0;0;0;0;0;0;0;0;0;0;0;0;0;0;0;0
FR;10;2021-05-01;0;0;0;0;0;0;0;0;0;0;0;0;0;0;0;0;0;0
FR;10;2021-05-02;0;0;0;0;0;0;0;0;0;0;0;0;0;0;0;0;0;0
FR;10;2021-05-03;0;0;0;0;0;0;0;0;0;0;0;0;0;0;0;0;0;0
FR;10;2021-05-04;0;0;0;0;0;0;0;0;0;0;0;0;0;0;0;0;0;0
FR;10;2021-05-05;0;0;0;0;0;0;0;0;0;0;0;0;0;0;0;0;0;0
FR;10;2021-05-06;0;0;0;0;0;0;0;0;0;0;0;0;0;0;0;0;0;0
FR;10;2021-05-07;0;0;0;0;0;0;0;0;0;0;0;0;0;0;0;0;0;0
FR;10;2021-05-08;0;0;0;0;0;0;0;0;0;0;0;0;0;0;0;0;0;0
FR;10;2021-05-09;0;0;0;0;0;0;0;0;0;0;0;0;0;0;0;0;0;0
FR;10;2021-05-10;0;0;0;0;0;0;0;0;0;0;0;0;0;0;0;0;0;0
FR;10;2021-05-11;0;0;0;0;0;0;0;0;0;0;0;0;0;0;0;0;0;0
FR;10;2021-05-12;0;0;0;0;0;0;0;0;0;0;0;0;0;0;0;0;0;0
FR;10;2021-05-13;0;0;0;0;0;0;0;0;0;0;0;0;0;0;0;0;0;0
FR;10;2021-05-14;0;0;0;0;0;0;0;0;0;0;0;0;0;0;0;0;0;0
FR;10;2021-05-15;0;0;0;0;0;0;0;0;0;0;0;0;0;0;0;0;0;0
FR;10;2021-05-16;0;0;0;0;0;0;0;0;0;0;0;0;0;0;0;0;0;0
FR;10;2021-05-17;0;0;0;0;0;0;0;0;0;0;0;0;0;0;0;0;0;0
FR;10;2021-05-18;0;0;0;0;0;0;0;0;0;0;0;0;0;0;0;0;0;0
FR;10;2021-05-19;0;0;0;0;0;0;0;0;0;0;0;0;0;0;0;0;0;0
FR;10;2021-05-20;0;0;0;0;0;0;0;0;0;0;0;0;0;0;0;0;0;0
FR;10;2021-05-21;0;0;0;0;0;0;0;0;0;0;0;0;0;0;0;0;0;0
FR;10;2021-05-22;0;0;0;0;0;0;0;0;0;0;0;0;0;0;0;0;0;0
FR;10;2021-05-23;0;0;0;0;0;0;0;0;0;0;0;0;0;0;0;0;0;0
FR;10;2021-05-24;0;0;0;0;0;0;0;0;0;0;0;0;0;0;0;0;0;0
FR;10;2021-05-25;0;0;0;0;0;0;0;0;0;0;0;0;0;0;0;0;0;0
FR;10;2021-05-26;0;0;0;0;0;0;0;0;0;0;0;0;0;0;0;0;0;0
FR;10;2021-05-27;0;0;0;0;0;0;0;0;0;0;0;0;0;0;0;0;0;0
FR;10;2021-05-28;0;0;0;0;0;0;0;0;0;0;0;0;0;0;0;0;0;0
FR;10;2021-05-29;0;0;0;0;0;0;0;0;0;0;0;0;0;0;0;0;0;0
FR;10;2021-05-30;0;0;0;0;0;0;0;0;0;0;0;0;0;0;0;0;0;0
FR;10;2021-05-31;0;0;0;0;0;0;0;0;0;0;0;0;0;0;0;0;0;0
FR;10;2021-06-01;0;0;0;0;0;0;0;0;0;0;0;0;0;0;0;0;0;0
FR;10;2021-06-02;0;0;0;0;0;0;0;0;0;0;0;0;0;0;0;0;0;0
FR;10;2021-06-03;0;0;0;0;0;0;0;0;0;0;0;0;0;0;0;0;0;0
FR;10;2021-06-04;0;0;0;0;0;0;0;0;0;0;0;0;0;0;0;0;0;0
FR;10;2021-06-05;0;0;0;0;0;0;0;0;0;0;0;0;0;0;0;0;0;0
FR;10;2021-06-06;0;0;0;0;0;0;0;0;0;0;0;0;0;0;0;0;0;0
FR;10;2021-06-07;0;0;0;0;0;0;0;0;0;0;0;0;0;0;0;0;0;0
FR;10;2021-06-08;0;0;0;0;0;0;0;0;0;0;0;0;0;0;0;0;0;0
FR;10;2021-06-09;0;0;0;0;0;0;0;0;0;0;0;0;0;0;0;0;0;0
FR;10;2021-06-10;0;0;0;0;0;0;0;0;0;0;0;0;0;0;0;0;0;0
FR;10;2021-06-11;0;0;0;0;0;0;0;0;0;0;0;0;0;0;0;0;0;0
FR;10;2021-06-12;0;0;0;0;0;0;0;0;0;0;0;0;0;0;0;0;0;0
FR;10;2021-06-13;0;0;0;0;0;0;0;0;0;0;0;0;0;0;0;0;0;0
FR;10;2021-06-14;0;0;0;0;0;0;0;0;0;0;0;0;0;0;0;0;0;0
FR;10;2021-06-15;0;0;0;0;0;0;0;0;0;0;0;0;0;0;0;0;0;0
FR;10;2021-06-16;0;0;0;0;0;0;0;0;0;0;0;0;0;0;0;0;0;0
FR;10;2021-06-17;0;0;0;0;0;0;0;0;0;0;0;0;0;0;0;0;0;0
FR;10;2021-06-18;0;0;0;0;0;0;0;0;0;0;0;0;0;0;0;0;0;0
FR;10;2021-06-19;0;0;0;0;0;0;0;0;0;0;0;0;0;0;0;0;0;0
FR;10;2021-06-20;0;0;0;0;0;0;0;0;0;0;0;0;0;0;0;0;0;0
FR;10;2021-06-21;0;0;0;0;0;0;0;0;0;0;0;0;0;0;0;0;0;0
FR;10;2021-06-22;0;0;0;0;0;0;0;0;0;0;0;0;0;0;0;0;0;0
FR;10;2021-06-23;0;0;0;0;0;0;0;0;0;0;0;0;0;0;0;0;0;0
FR;10;2021-06-24;0;0;0;0;0;0;0;0;0;0;0;0;0;0;0;0;0;0
FR;10;2021-06-25;0;0;0;0;0;0;0;0;0;0;0;0;0;0;0;0;0;0
FR;10;2021-06-26;0;0;0;0;0;0;0;0;0;0;0;0;0;0;0;0;0;0
FR;10;2021-06-27;0;0;0;0;0;0;0;0;0;0;0;0;0;0;0;0;0;0
FR;10;2021-06-28;0;0;0;0;0;0;0;0;0;0;0;0;0;0;0;0;0;0
FR;10;2021-06-29;0;0;0;0;0;0;0;0;0;0;0;0;0;0;0;0;0;0
FR;10;2021-06-30;0;0;0;0;0;0;0;0;0;0;0;0;0;0;0;0;0;0
FR;10;2021-07-01;0;0;0;0;0;0;0;0;0;0;0;0;0;0;0;0;0;0
FR;10;2021-07-02;0;0;0;0;0;0;0;0;0;0;0;0;0;0;0;0;0;0
FR;10;2021-07-03;0;0;0;0;0;0;0;0;0;0;0;0;0;0;0;0;0;0
FR;10;2021-07-04;0;0;0;0;0;0;0;0;0;0;0;0;0;0;0;0;0;0
FR;10;2021-07-05;0;0;0;0;0;0;0;0;0;0;0;0;0;0;0;0;0;0
FR;10;2021-07-06;0;0;0;0;0;0;0;0;0;0;0;0;0;0;0;0;0;0
FR;10;2021-07-07;0;0;0;0;0;0;0;0;0;0;0;0;0;0;0;0;0;0
FR;10;2021-07-08;0;0;0;0;0;0;0;0;0;0;0;0;0;0;0;0;0;0
FR;10;2021-07-09;0;0;0;0;0;0;0;0;0;0;0;0;0;0;0;0;0;0
FR;10;2021-07-10;0;0;0;0;0;0;0;0;0;0;0;0;0;0;0;0;0;0
FR;10;2021-07-11;0;0;0;0;0;0;0;0;0;0;0;0;0;0;0;0;0;0
FR;10;2021-07-12;0;0;0;0;0;0;0;0;0;0;0;0;0;0;0;0;0;0
FR;10;2021-07-13;0;0;0;0;0;0;0;0;0;0;0;0;0;0;0;0;0;0
FR;10;2021-07-14;0;0;0;0;0;0;0;0;0;0;0;0;0;0;0;0;0;0
FR;10;2021-07-15;0;0;0;0;0;0;0;0;0;0;0;0;0;0;0;0;0;0
FR;10;2021-07-16;0;0;0;0;0;0;0;0;0;0;0;0;0;0;0;0;0;0
FR;10;2021-07-17;0;0;0;0;0;0;0;0;0;0;0;0;0;0;0;0;0;0
FR;10;2021-07-18;0;0;0;0;0;0;0;0;0;0;0;0;0;0;0;0;0;0
FR;10;2021-07-19;0;0;0;0;0;0;0;0;0;0;0;0;0;0;0;0;0;0
FR;10;2021-07-20;0;0;0;0;0;0;0;0;0;0;0;0;0;0;0;0;0;0
FR;10;2021-07-21;0;0;0;0;0;0;0;0;0;0;0;0;0;0;0;0;0;0
FR;10;2021-07-22;0;0;0;0;0;0;0;0;0;0;0;0;0;0;0;0;0;0
FR;10;2021-07-23;0;0;0;0;0;0;0;0;0;0;0;0;0;0;0;0;0;0
FR;10;2021-07-24;0;0;0;0;0;0;0;0;0;0;0;0;0;0;0;0;0;0
FR;10;2021-07-25;0;0;0;0;0;0;0;0;0;0;0;0;0;0;0;0;0;0
FR;10;2021-07-26;0;0;0;0;0;0;0;0;0;0;0;0;0;0;0;0;0;0
FR;10;2021-07-27;0;0;0;0;0;0;0;0;0;0;0;0;0;0;0;0;0;0
FR;10;2021-07-28;0;0;0;0;0;0;0;0;0;0;0;0;0;0;0;0;0;0
FR;10;2021-07-29;0;0;0;0;0;0;0;0;0;0;0;0;0;0;0;0;0;0
FR;10;2021-07-30;0;0;0;0;0;0;0;0;0;0;0;0;0;0;0;0;0;0
FR;10;2021-07-31;0;0;0;0;0;0;0;0;0;0;0;0;0;0;0;0;0;0
FR;10;2021-08-01;0;0;0;0;0;0;0;0;0;0;0;0;0;0;0;0;0;0
FR;10;2021-08-02;0;0;0;0;0;0;0;0;0;0;0;0;0;0;0;0;0;0
FR;10;2021-08-03;0;0;0;0;0;0;0;0;0;0;0;0;0;0;0;0;0;0
FR;10;2021-08-04;0;0;0;0;0;0;0;0;0;0;0;0;0;0;0;0;0;0
FR;10;2021-08-05;0;0;0;0;0;0;0;0;0;0;0;0;0;0;0;0;0;0
FR;10;2021-08-06;0;0;0;0;0;0;0;0;0;0;0;0;0;0;0;0;0;0
FR;10;2021-08-07;0;0;0;0;0;0;0;0;0;0;0;0;0;0;0;0;0;0
FR;10;2021-08-08;0;0;0;0;0;0;0;0;0;0;0;0;0;0;0;0;0;0
FR;10;2021-08-09;0;0;0;0;0;0;0;0;0;0;0;0;0;0;0;0;0;0
FR;10;2021-08-10;0;0;0;0;0;0;0;0;0;0;0;0;0;0;0;0;0;0
FR;10;2021-08-11;0;0;0;0;0;0;0;0;0;0;0;0;0;0;0;0;0;0
FR;10;2021-08-12;0;0;0;0;0;0;0;0;0;0;0;0;0;0;0;0;0;0
FR;10;2021-08-13;0;0;0;0;0;0;0;0;0;0;0;0;0;0;0;0;0;0
FR;10;2021-08-14;0;0;0;0;0;0;0;0;0;0;0;0;0;0;0;0;0;0
FR;10;2021-08-15;0;0;0;0;0;0;0;0;0;0;0;0;0;0;0;0;0;0
FR;10;2021-08-16;0;0;0;0;0;0;0;0;0;0;0;0;0;0;0;0;0;0
FR;10;2021-08-17;0;0;0;0;0;0;0;0;0;0;0;0;0;0;0;0;0;0
FR;10;2021-08-18;0;0;0;0;0;0;0;0;0;0;0;0;0;0;0;0;0;0
FR;10;2021-08-19;0;0;0;0;0;0;0;0;0;0;0;0;0;0;0;0;0;0
FR;10;2021-08-20;0;0;0;0;0;0;0;0;0;0;0;0;0;0;0;0;0;0
FR;10;2021-08-21;0;0;0;0;0;0;0;0;0;0;0;0;0;0;0;0;0;0
FR;10;2021-08-22;0;0;0;0;0;0;0;0;0;0;0;0;0;0;0;0;0;0
FR;10;2021-08-23;0;0;0;0;0;0;0;0;0;0;0;0;0;0;0;0;0;0
FR;10;2021-08-24;0;0;0;0;0;0;0;0;0;0;0;0;0;0;0;0;0;0
FR;10;2021-08-25;0;0;0;0;0;0;0;0;0;0;0;0;0;0;0;0;0;0
FR;10;2021-08-26;0;0;0;0;0;0;0;0;0;0;0;0;0;0;0;0;0;0
FR;10;2021-08-27;0;0;0;0;0;0;0;0;0;0;0;0;0;0;0;0;0;0
FR;10;2021-08-28;0;0;0;0;0;0;0;0;0;0;0;0;0;0;0;0;0;0
FR;10;2021-08-29;0;0;0;0;0;0;0;0;0;0;0;0;0;0;0;0;0;0
FR;10;2021-08-30;0;0;0;0;0;0;0;0;0;0;0;0;0;0;0;0;0;0
FR;10;2021-08-31;0;0;0;0;0;0;0;0;0;0;0;0;0;0;0;0;0;0
FR;10;2021-09-01;0;0;0;0;0;0;0;0;0;0;0;0;0;0;0;0;0;0
FR;10;2021-09-02;0;0;0;0;0;0;0;0;0;0;0;0;0;0;0;0;0;0
FR;10;2021-09-03;0;0;0;0;0;0;0;0;0;0;0;0;0;0;0;0;0;0
FR;10;2021-09-04;0;0;0;0;0;0;0;0;0;0;0;0;0;0;0;0;0;0
FR;10;2021-09-05;0;0;0;0;0;0;0;0;0;0;0;0;0;0;0;0;0;0
FR;10;2021-09-06;0;0;0;0;0;0;0;0;0;0;0;0;0;0;0;0;0;0
FR;10;2021-09-07;0;0;0;0;0;0;0;0;0;0;0;0;0;0;0;0;0;0
FR;10;2021-09-08;0;0;0;0;0;0;0;0;0;0;0;0;0;0;0;0;0;0
FR;10;2021-09-09;0;0;0;0;0;0;0;0;0;0;0;0;0;0;0;0;0;0
FR;10;2021-09-10;0;0;0;0;0;0;0;0;0;0;0;0;0;0;0;0;0;0
FR;10;2021-09-11;0;0;0;0;0;0;0;0;0;0;0;0;0;0;0;0;0;0
FR;10;2021-09-12;0;0;0;0;0;0;0;0;0;0;0;0;0;0;0;0;0;0
FR;10;2021-09-13;0;0;0;0;0;0;0;0;0;0;0;0;0;0;0;0;0;0
FR;10;2021-09-14;0;0;0;0;0;0;0;0;0;0;0;0;0;0;0;0;0;0
FR;10;2021-09-15;0;0;0;0;0;0;0;0;0;0;0;0;0;0;0;0;0;0
FR;10;2021-09-16;0;0;0;0;0;0;0;0;0;0;0;0;0;0;0;0;0;0
FR;10;2021-09-17;0;0;0;0;0;0;0;0;0;0;0;0;0;0;0;0;0;0
FR;10;2021-09-18;0;0;0;0;0;0;0;0;0;0;0;0;0;0;0;0;0;0
FR;10;2021-09-19;0;0;0;0;0;0;0;0;0;0;0;0;0;0;0;0;0;0
FR;10;2021-09-20;0;0;0;0;0;0;0;0;0;0;0;0;0;0;0;0;0;0
FR;10;2021-09-21;0;0;0;0;0;0;0;0;0;0;0;0;0;0;0;0;0;0
FR;10;2021-09-22;0;0;0;0;0;0;0;0;0;0;0;0;0;0;0;0;0;0
FR;10;2021-09-23;0;0;0;0;0;0;0;0;0;0;0;0;0;0;0;0;0;0
FR;10;2021-09-24;0;0;0;0;0;0;0;0;0;0;0;0;0;0;0;0;0;0
FR;10;2021-09-25;0;0;0;0;0;0;0;0;0;0;0;0;0;0;0;0;0;0
FR;10;2021-09-26;0;0;0;0;0;0;0;0;0;0;0;0;0;0;0;0;0;0
FR;10;2021-09-27;0;0;0;0;0;0;0;0;0;0;0;0;0;0;0;0;0;0
FR;10;2021-09-28;0;0;0;0;0;0;0;0;0;0;0;0;0;0;0;0;0;0
FR;10;2021-09-29;0;0;0;0;0;0;0;0;0;0;0;0;0;0;0;0;0;0
FR;10;2021-09-30;0;0;0;0;0;0;0;0;0;0;0;0;0;0;0;0;0;0
FR;10;2021-10-01;0;0;0;0;0;0;0;0;0;0;0;0;0;0;0;0;0;0
FR;10;2021-10-02;0;0;0;0;0;0;0;0;0;0;0;0;0;0;0;0;0;0
FR;10;2021-10-03;0;0;0;0;0;0;0;0;0;0;0;0;0;0;0;0;0;0
FR;10;2021-10-04;0;0;0;0;0;0;0;0;0;0;0;0;0;0;0;0;0;0
FR;10;2021-10-05;0;0;0;0;0;0;0;0;0;0;0;0;0;0;0;0;0;0
FR;10;2021-10-06;0;0;0;0;0;0;0;0;0;0;0;0;0;0;0;0;0;0
FR;10;2021-10-07;0;0;0;0;0;0;0;0;0;0;0;0;0;0;0;0;0;0
FR;10;2021-10-08;0;0;0;0;0;0;0;0;0;0;0;0;0;0;0;0;0;0
FR;10;2021-10-09;0;0;0;0;0;0;0;0;0;0;0;0;0;0;0;0;0;0
FR;10;2021-10-10;0;0;0;0;0;0;0;0;0;0;0;0;0;0;0;0;0;0
FR;10;2021-10-11;0;0;0;0;0;0;0;0;0;0;0;0;0;0;0;0;0;0
FR;10;2021-10-12;0;0;0;0;0;0;0;0;0;0;0;0;0;0;0;0;0;0
FR;10;2021-10-13;0;0;0;0;0;0;0;0;0;0;0;0;0;0;0;0;0;0
FR;10;2021-10-14;0;0;0;0;0;0;0;0;0;0;0;0;0;0;0;0;0;0
FR;10;2021-10-15;0;0;0;0;0;0;0;0;0;0;0;0;0;0;0;0;0;0
FR;10;2021-10-16;0;0;0;0;0;0;0;0;0;0;0;0;0;0;0;0;0;0
FR;10;2021-10-17;0;0;0;0;0;0;0;0;0;0;0;0;0;0;0;0;0;0
FR;10;2021-10-18;0;0;0;0;0;0;0;0;0;0;0;0;0;0;0;0;0;0
FR;10;2021-10-19;0;0;0;0;0;0;0;0;0;0;0;0;0;0;0;0;0;0
FR;10;2021-10-20;0;0;0;0;0;0;0;0;0;0;0;0;0;0;0;0;0;0
FR;10;2021-10-21;0;0;0;0;0;0;0;0;0;0;0;0;0;0;0;0;0;0
FR;10;2021-10-22;0;0;0;0;0;0;0;0;0;0;0;0;0;0;0;0;0;0
FR;10;2021-10-23;0;0;0;0;0;0;0;0;0;0;0;0;0;0;0;0;0;0
FR;10;2021-10-24;0;0;0;0;0;0;0;0;0;0;0;0;0;0;0;0;0;0
FR;10;2021-10-25;0;0;0;0;0;0;0;0;0;0;0;0;0;0;0;0;0;0
FR;10;2021-10-26;0;0;0;0;0;0;0;0;0;0;0;0;0;0;0;0;0;0
FR;10;2021-10-27;0;0;0;0;0;0;0;0;0;0;0;0;0;0;0;0;0;0
FR;10;2021-10-28;0;0;0;0;0;0;0;0;0;0;0;0;0;0;0;0;0;0
FR;10;2021-10-29;0;0;0;0;0;0;0;0;0;0;0;0;0;0;0;0;0;0
FR;10;2021-10-30;0;0;0;0;0;0;0;0;0;0;0;0;0;0;0;0;0;0
FR;10;2021-10-31;0;0;0;0;0;0;0;0;0;0;0;0;0;0;0;0;0;0
FR;10;2021-11-01;0;0;0;0;0;0;0;0;0;0;0;0;0;0;0;0;0;0
FR;10;2021-11-02;0;0;0;0;0;0;0;0;0;0;0;0;0;0;0;0;0;0
FR;10;2021-11-03;0;0;0;0;0;0;0;0;0;0;0;0;0;0;0;0;0;0
FR;10;2021-11-04;0;0;0;0;0;0;0;0;0;0;0;0;0;0;0;0;0;0
FR;10;2021-11-05;0;0;0;0;0;0;0;0;0;0;0;0;0;0;0;0;0;0
FR;10;2021-11-06;0;0;0;0;0;0;0;0;0;0;0;0;0;0;0;0;0;0
FR;10;2021-11-07;0;0;0;0;0;0;0;0;0;0;0;0;0;0;0;0;0;0
FR;10;2021-11-08;0;0;0;0;0;0;0;0;0;0;0;0;0;0;0;0;0;0
FR;10;2021-11-09;0;0;0;0;0;0;0;0;0;0;0;0;0;0;0;0;0;0
FR;10;2021-11-10;0;0;0;0;0;0;0;0;0;0;0;0;0;0;0;0;0;0
FR;10;2021-11-11;0;0;0;0;0;0;0;0;0;0;0;0;0;0;0;0;0;0
FR;10;2021-11-12;0;0;0;0;0;0;0;0;0;0;0;0;0;0;0;0;0;0
FR;10;2021-11-13;0;0;0;0;0;0;0;0;0;0;0;0;0;0;0;0;0;0
FR;10;2021-11-14;0;0;0;0;0;0;0;0;0;0;0;0;0;0;0;0;0;0
FR;10;2021-11-15;0;0;0;0;0;0;0;0;0;0;0;0;0;0;0;0;0;0
FR;10;2021-11-16;0;0;0;0;0;0;0;0;0;0;0;0;0;0;0;0;0;0
FR;10;2021-11-17;0;0;0;0;0;0;0;0;0;0;0;0;0;0;0;0;0;0
FR;10;2021-11-18;0;0;0;0;0;0;0;0;0;0;0;0;0;0;0;0;0;0
FR;10;2021-11-19;0;0;0;0;0;0;0;0;0;0;0;0;0;0;0;0;0;0
FR;10;2021-11-20;0;0;0;0;0;0;0;0;0;0;0;0;0;0;0;0;0;0
FR;10;2021-11-21;0;0;0;0;0;0;0;0;0;0;0;0;0;0;0;0;0;0
FR;10;2021-11-22;0;0;0;0;0;0;0;0;0;0;0;0;0;0;0;0;0;0
FR;10;2021-11-23;0;0;0;0;0;0;0;0;0;0;0;0;0;0;0;0;0;0
FR;10;2021-11-24;0;0;0;0;0;0;0;0;0;0;0;0;0;0;0;0;0;0
FR;10;2021-11-25;0;0;0;0;0;0;0;0;0;0;0;0;0;0;0;0;0;0
FR;10;2021-11-26;0;0;0;0;0;0;0;0;0;0;0;0;0;0;0;0;0;0
FR;10;2021-11-27;0;0;0;0;0;0;0;0;0;0;0;0;0;0;0;0;0;0
FR;10;2021-11-28;0;0;0;0;0;0;0;0;0;0;0;0;0;0;0;0;0;0
FR;10;2021-11-29;0;0;0;0;0;0;0;0;0;0;0;0;0;0;0;0;0;0
FR;10;2021-11-30;0;0;0;0;0;0;0;0;0;0;0;0;0;0;0;0;0;0
FR;10;2021-12-01;0;0;0;0;0;0;0;0;0;0;0;0;0;0;0;0;0;0
FR;10;2021-12-02;0;0;0;0;0;0;0;0;0;0;0;0;0;0;0;0;0;0
FR;10;2021-12-03;0;0;0;0;0;0;0;0;0;0;0;0;0;0;0;0;0;0
FR;10;2021-12-04;0;0;0;0;0;0;0;0;0;0;0;0;0;0;0;0;0;0
FR;10;2021-12-05;0;0;0;0;0;0;0;0;0;0;0;0;0;0;0;0;0;0
FR;10;2021-12-06;0;0;0;0;0;0;0;0;0;0;0;0;0;0;0;0;0;0
FR;10;2021-12-07;0;0;0;0;0;0;0;0;0;0;0;0;0;0;0;0;0;0
FR;10;2021-12-08;0;0;0;0;0;0;0;0;0;0;0;0;0;0;0;0;0;0
FR;10;2021-12-09;0;0;0;0;0;0;0;0;0;0;0;0;0;0;0;0;0;0
FR;10;2021-12-10;0;0;0;0;0;0;0;0;0;0;0;0;0;0;0;0;0;0
FR;10;2021-12-11;0;0;0;0;0;0;0;0;0;0;0;0;0;0;0;0;0;0
FR;10;2021-12-12;0;0;0;0;0;0;0;0;0;0;0;0;0;0;0;0;0;0
FR;10;2021-12-13;0;0;0;0;0;0;0;0;0;0;0;0;0;0;0;0;0;0
FR;10;2021-12-14;0;0;0;0;0;0;0;0;0;0;0;0;0;0;0;0;0;0
FR;10;2021-12-15;0;0;0;0;0;0;0;0;0;0;0;0;0;0;0;0;0;0
FR;10;2021-12-16;0;0;0;0;0;0;0;0;0;0;0;0;0;0;0;0;0;0
FR;10;2021-12-17;0;0;0;0;0;0;0;0;0;0;0;0;0;0;0;0;0;0
FR;10;2021-12-18;0;0;0;0;0;0;0;0;0;0;0;0;0;0;0;0;0;0
FR;10;2021-12-19;0;0;0;0;0;0;0;0;0;0;0;0;0;0;0;0;0;0
FR;10;2021-12-20;0;0;0;0;0;0;0;0;0;0;0;0;0;0;0;0;0;0
FR;10;2021-12-21;0;0;0;0;0;0;0;0;0;0;0;0;0;0;0;0;0;0
FR;10;2021-12-22;0;0;0;0;0;0;0;0;0;0;0;0;0;0;0;0;0;0
FR;10;2021-12-23;0;0;0;0;0;0;0;0;0;0;0;0;0;0;0;0;0;0
FR;10;2021-12-24;0;0;0;0;0;0;0;0;0;0;0;0;0;0;0;0;0;0
FR;10;2021-12-25;0;0;0;0;0;0;0;0;0;0;0;0;0;0;0;0;0;0
FR;10;2021-12-26;0;0;0;0;0;0;0;0;0;0;0;0;0;0;0;0;0;0
FR;10;2021-12-27;0;0;0;0;0;0;0;0;0;0;0;0;0;0;0;0;0;0
FR;10;2021-12-28;0;0;0;0;0;0;0;0;0;0;0;0;0;0;0;0;0;0
FR;10;2021-12-29;0;0;0;0;0;0;0;0;0;0;0;0;0;0;0;0;0;0
FR;10;2021-12-30;0;0;0;0;0;0;0;0;0;0;0;0;0;0;0;0;0;0
FR;10;2021-12-31;0;0;0;0;0;0;0;0;0;0;0;0;0;0;0;0;0;0
FR;10;2022-01-01;0;0;0;0;0;0;0;0;0;0;0;0;0;0;0;0;0;0
FR;10;2022-01-02;0;0;0;0;0;0;0;0;0;0;0;0;0;0;0;0;0;0
FR;10;2022-01-03;0;0;0;0;0;0;0;0;0;0;0;0;0;0;0;0;0;0
FR;10;2022-01-04;0;0;0;0;0;0;0;0;0;0;0;0;0;0;0;0;0;0
FR;10;2022-01-05;0;0;0;0;0;0;0;0;0;0;0;0;0;0;0;0;0;0
FR;10;2022-01-06;0;0;0;0;0;0;0;0;0;0;0;0;0;0;0;0;0;0
FR;10;2022-01-07;0;0;0;0;0;0;0;0;0;0;0;0;0;0;0;0;0;0
FR;10;2022-01-08;0;0;0;0;0;0;0;0;0;0;0;0;0;0;0;0;0;0
FR;10;2022-01-09;0;0;0;0;0;0;0;0;0;0;0;0;0;0;0;0;0;0
FR;10;2022-01-10;0;0;0;0;0;0;0;0;0;0;0;0;0;0;0;0;0;0
FR;10;2022-01-11;0;0;0;0;0;0;0;0;0;0;0;0;0;0;0;0;0;0
FR;10;2022-01-12;0;0;0;0;0;0;0;0;0;0;0;0;0;0;0;0;0;0
FR;10;2022-01-13;0;0;0;0;0;0;0;0;0;0;0;0;0;0;0;0;0;0
FR;10;2022-01-14;0;0;0;0;0;0;0;0;0;0;0;0;0;0;0;0;0;0
FR;10;2022-01-15;0;0;0;0;0;0;0;0;0;0;0;0;0;0;0;0;0;0
FR;10;2022-01-16;0;0;0;0;0;0;0;0;0;0;0;0;0;0;0;0;0;0
FR;10;2022-01-17;0;0;0;0;0;0;0;0;0;0;0;0;0;0;0;0;0;0
FR;10;2022-01-18;0;0;0;0;0;0;0;0;0;0;0;0;0;0;0;0;0;0
FR;10;2022-01-19;0;0;0;0;0;0;0;0;0;0;0;0;0;0;0;0;0;0
FR;10;2022-01-20;0;0;0;0;0;0;0;0;0;0;0;0;0;0;0;0;0;0
FR;10;2022-01-21;0;0;0;0;0;0;0;0;0;0;0;0;0;0;0;0;0;0
FR;10;2022-01-22;0;0;0;0;0;0;0;0;0;0;0;0;0;0;0;0;0;0
FR;10;2022-01-23;0;0;0;0;0;0;0;0;0;0;0;0;0;0;0;0;0;0
FR;10;2022-01-24;0;0;0;0;0;0;0;0;0;0;0;0;0;0;0;0;0;0
FR;10;2022-01-25;0;0;0;0;0;0;0;0;0;0;0;0;0;0;0;0;0;0
FR;10;2022-01-26;0;0;0;0;0;0;0;0;0;0;0;0;0;0;0;0;0;0
FR;10;2022-01-27;0;0;0;0;0;0;0;0;0;0;0;0;0;0;0;0;0;0
FR;10;2022-01-28;0;0;0;0;0;0;0;0;0;0;0;0;0;0;0;0;0;0
FR;10;2022-01-29;0;0;0;0;0;0;0;0;0;0;0;0;0;0;0;0;0;0
FR;10;2022-01-30;0;0;0;0;0;0;0;0;0;0;0;0;0;0;0;0;0;0
FR;10;2022-01-31;0;0;0;0;0;0;0;0;0;0;0;0;0;0;0;0;0;0
FR;10;2022-02-01;0;0;0;0;0;0;0;0;0;0;0;0;0;0;0;0;0;0
FR;10;2022-02-02;0;0;0;0;0;0;0;0;0;0;0;0;0;0;0;0;0;0
FR;10;2022-02-03;0;0;0;0;0;0;0;0;0;0;0;0;0;0;0;0;0;0
FR;10;2022-02-04;0;0;0;0;0;0;0;0;0;0;0;0;0;0;0;0;0;0
FR;10;2022-02-05;0;0;0;0;0;0;0;0;0;0;0;0;0;0;0;0;0;0
FR;10;2022-02-06;0;0;0;0;0;0;0;0;0;0;0;0;0;0;0;0;0;0
FR;10;2022-02-07;0;0;0;0;0;0;0;0;0;0;0;0;0;0;0;0;0;0
FR;10;2022-02-08;0;0;0;0;0;0;0;0;0;0;0;0;0;0;0;0;0;0
FR;10;2022-02-09;0;0;0;0;0;0;0;0;0;0;0;0;0;0;0;0;0;0
FR;10;2022-02-10;0;0;0;0;0;0;0;0;0;0;0;0;0;0;0;0;0;0
FR;10;2022-02-11;0;0;0;0;0;0;0;0;0;0;0;0;0;0;0;0;0;0
FR;10;2022-02-12;0;0;0;0;0;0;0;0;0;0;0;0;0;0;0;0;0;0
FR;10;2022-02-13;0;0;0;0;0;0;0;0;0;0;0;0;0;0;0;0;0;0
FR;10;2022-02-14;0;0;0;0;0;0;0;0;0;0;0;0;0;0;0;0;0;0
FR;10;2022-02-15;0;0;0;0;0;0;0;0;0;0;0;0;0;0;0;0;0;0
FR;10;2022-02-16;0;0;0;0;0;0;0;0;0;0;0;0;0;0;0;0;0;0
FR;10;2022-02-17;0;0;0;0;0;0;0;0;0;0;0;0;0;0;0;0;0;0
FR;10;2022-02-18;0;0;0;0;0;0;0;0;0;0;0;0;0;0;0;0;0;0
FR;10;2022-02-19;0;0;0;0;0;0;0;0;0;0;0;0;0;0;0;0;0;0
FR;10;2022-02-20;0;0;0;0;0;0;0;0;0;0;0;0;0;0;0;0;0;0
FR;10;2022-02-21;0;0;0;0;0;0;0;0;0;0;0;0;0;0;0;0;0;0
FR;10;2022-02-22;0;0;0;0;0;0;0;0;0;0;0;0;0;0;0;0;0;0
FR;10;2022-02-23;0;0;0;0;0;0;0;0;0;0;0;0;0;0;0;0;0;0
FR;10;2022-02-24;0;0;0;0;0;0;0;0;0;0;0;0;0;0;0;0;0;0
FR;10;2022-02-25;0;0;0;0;0;0;0;0;0;0;0;0;0;0;0;0;0;0
FR;10;2022-02-26;0;0;0;0;0;0;0;0;0;0;0;0;0;0;0;0;0;0
FR;10;2022-02-27;0;0;0;0;0;0;0;0;0;0;0;0;0;0;0;0;0;0
FR;10;2022-02-28;0;0;0;0;0;0;0;0;0;0;0;0;0;0;0;0;0;0
FR;10;2022-03-01;0;0;0;0;0;0;0;0;0;0;0;0;0;0;0;0;0;0
FR;10;2022-03-02;0;0;0;0;0;0;0;0;0;0;0;0;0;0;0;0;0;0
FR;10;2022-03-03;0;0;0;0;0;0;0;0;0;0;0;0;0;0;0;0;0;0
FR;10;2022-03-04;0;0;0;0;0;0;0;0;0;0;0;0;0;0;0;0;0;0
FR;10;2022-03-05;0;0;0;0;0;0;0;0;0;0;0;0;0;0;0;0;0;0
FR;10;2022-03-06;0;0;0;0;0;0;0;0;0;0;0;0;0;0;0;0;0;0
FR;10;2022-03-07;0;0;0;0;0;0;0;0;0;0;0;0;0;0;0;0;0;0
FR;10;2022-03-08;0;0;0;0;0;0;0;0;0;0;0;0;0;0;0;0;0;0
FR;10;2022-03-09;0;0;0;0;0;0;0;0;0;0;0;0;0;0;0;0;0;0
FR;10;2022-03-10;0;0;0;0;0;0;0;0;0;0;0;0;0;0;0;0;0;0
FR;10;2022-03-11;0;0;0;0;0;0;0;0;0;0;0;0;0;0;0;0;0;0
FR;10;2022-03-12;0;0;0;0;0;0;0;0;0;0;0;0;0;0;0;0;0;0
FR;10;2022-03-13;0;0;0;0;0;0;0;0;0;0;0;0;0;0;0;0;0;0
FR;10;2022-03-14;0;0;0;0;0;0;0;0;0;0;0;0;0;0;0;0;0;0
FR;10;2022-03-15;0;0;0;0;0;0;0;0;0;0;0;0;0;0;0;0;0;0
FR;10;2022-03-16;0;0;0;0;0;0;0;0;0;0;0;0;0;0;0;0;0;0
FR;10;2022-03-17;0;0;0;0;0;0;0;0;0;0;0;0;0;0;0;0;0;0
FR;10;2022-03-18;0;0;0;0;0;0;0;0;0;0;0;0;0;0;0;0;0;0
FR;10;2022-03-19;0;0;0;0;0;0;0;0;0;0;0;0;0;0;0;0;0;0
FR;10;2022-03-20;0;0;0;0;0;0;0;0;0;0;0;0;0;0;0;0;0;0
FR;10;2022-03-21;0;0;0;0;0;0;0;0;0;0;0;0;0;0;0;0;0;0
FR;10;2022-03-22;0;0;0;0;0;0;0;0;0;0;0;0;0;0;0;0;0;0
FR;10;2022-03-23;0;0;0;0;0;0;0;0;0;0;0;0;0;0;0;0;0;0
FR;10;2022-03-24;0;0;0;0;0;0;0;0;0;0;0;0;0;0;0;0;0;0
FR;10;2022-03-25;0;0;0;0;0;0;0;0;0;0;0;0;0;0;0;0;0;0
FR;10;2022-03-26;0;0;0;0;0;0;0;0;0;0;0;0;0;0;0;0;0;0
FR;10;2022-03-27;0;0;0;0;0;0;0;0;0;0;0;0;0;0;0;0;0;0
FR;10;2022-03-28;0;0;0;0;0;0;0;0;0;0;0;0;0;0;0;0;0;0
FR;10;2022-03-29;0;0;0;0;0;0;0;0;0;0;0;0;0;0;0;0;0;0
FR;10;2022-03-30;0;0;0;0;0;0;0;0;0;0;0;0;0;0;0;0;0;0
FR;10;2022-03-31;0;0;0;0;0;0;0;0;0;0;0;0;0;0;0;0;0;0
FR;10;2022-04-01;0;0;0;0;0;0;0;0;0;0;0;0;0;0;0;0;0;0
FR;10;2022-04-02;0;0;0;0;0;0;0;0;0;0;0;0;0;0;0;0;0;0
FR;10;2022-04-03;0;0;0;0;0;0;0;0;0;0;0;0;0;0;0;0;0;0
FR;10;2022-04-04;0;0;0;0;0;0;0;0;0;0;0;0;0;0;0;0;0;0
FR;10;2022-04-05;0;0;0;0;0;0;0;0;0;0;0;0;0;0;0;0;0;0
FR;10;2022-04-06;0;0;0;0;0;0;0;0;0;0;0;0;0;0;0;0;0;0
FR;10;2022-04-07;0;0;0;0;0;0;0;0;0;0;0;0;0;0;0;0;0;0
FR;10;2022-04-08;0;0;0;0;0;0;0;0;0;0;0;0;0;0;0;0;0;0
FR;10;2022-04-09;0;0;0;0;0;0;0;0;0;0;0;0;0;0;0;0;0;0
FR;10;2022-04-10;0;0;0;0;0;0;0;0;0;0;0;0;0;0;0;0;0;0
FR;10;2022-04-11;0;0;0;0;0;0;0;0;0;0;0;0;0;0;0;0;0;0
FR;10;2022-04-12;0;0;0;0;0;0;0;0;0;0;0;0;0;0;0;0;0;0
FR;10;2022-04-13;0;0;0;0;0;0;0;0;0;0;0;0;0;0;0;0;0;0
FR;10;2022-04-14;0;0;0;0;0;0;0;0;0;0;0;0;0;0;0;0;0;0
FR;10;2022-04-15;0;0;0;0;0;0;0;0;0;0;0;0;0;0;0;0;0;0
FR;10;2022-04-16;0;0;0;0;0;0;0;0;0;0;0;0;0;0;0;0;0;0
FR;10;2022-04-17;0;0;0;0;0;0;0;0;0;0;0;0;0;0;0;0;0;0
FR;10;2022-04-18;0;0;0;0;0;0;0;0;0;0;0;0;0;0;0;0;0;0
FR;10;2022-04-19;0;0;0;0;0;0;0;0;0;0;0;0;0;0;0;0;0;0
FR;10;2022-04-20;0;0;0;0;0;0;0;0;0;0;0;0;0;0;0;0;0;0
FR;10;2022-04-21;0;0;0;0;0;0;0;0;0;0;0;0;0;0;0;0;0;0
FR;10;2022-04-22;0;0;0;0;0;0;0;0;0;0;0;0;0;0;0;0;0;0
FR;10;2022-04-23;0;0;0;0;0;0;0;0;0;0;0;0;0;0;0;0;0;0
FR;10;2022-04-24;0;0;0;0;0;0;0;0;0;0;0;0;0;0;0;0;0;0
FR;10;2022-04-25;0;0;0;0;0;0;0;0;0;0;0;0;0;0;0;0;0;0
FR;10;2022-04-26;0;0;0;0;0;0;0;0;0;0;0;0;0;0;0;0;0;0
FR;10;2022-04-27;0;0;0;0;0;0;0;0;0;0;0;0;0;0;0;0;0;0
FR;10;2022-04-28;0;0;0;0;0;0;0;0;0;0;0;0;0;0;0;0;0;0
FR;10;2022-04-29;0;0;0;0;0;0;0;0;0;0;0;0;0;0;0;0;0;0
FR;10;2022-04-30;0;0;0;0;0;0;0;0;0;0;0;0;0;0;0;0;0;0
FR;10;2022-05-01;0;0;0;0;0;0;0;0;0;0;0;0;0;0;0;0;0;0
FR;10;2022-05-02;0;0;0;0;0;0;0;0;0;0;0;0;0;0;0;0;0;0
FR;10;2022-05-03;0;0;0;0;0;0;0;0;0;0;0;0;0;0;0;0;0;0
FR;10;2022-05-04;0;0;0;0;0;0;0;0;0;0;0;0;0;0;0;0;0;0
FR;10;2022-05-05;0;0;0;0;0;0;0;0;0;0;0;0;0;0;0;0;0;0
FR;10;2022-05-06;0;0;0;0;0;0;0;0;0;0;0;0;0;0;0;0;0;0
FR;10;2022-05-07;0;0;0;0;0;0;0;0;0;0;0;0;0;0;0;0;0;0
FR;10;2022-05-08;0;0;0;0;0;0;0;0;0;0;0;0;0;0;0;0;0;0
FR;10;2022-05-09;0;0;0;0;0;0;0;0;0;0;0;0;0;0;0;0;0;0
FR;10;2022-05-10;0;0;0;0;0;0;0;0;0;0;0;0;0;0;0;0;0;0
FR;10;2022-05-11;0;0;0;0;0;0;0;0;0;0;0;0;0;0;0;0;0;0
FR;10;2022-05-12;0;0;0;0;0;0;0;0;0;0;0;0;0;0;0;0;0;0
FR;10;2022-05-13;0;0;0;0;0;0;0;0;0;0;0;0;0;0;0;0;0;0
FR;10;2022-05-14;0;0;0;0;0;0;0;0;0;0;0;0;0;0;0;0;0;0
FR;10;2022-05-15;0;0;0;0;0;0;0;0;0;0;0;0;0;0;0;0;0;0
FR;10;2022-05-16;0;0;0;0;0;0;0;0;0;0;0;0;0;0;0;0;0;0
FR;10;2022-05-17;0;0;0;0;0;0;0;0;0;0;0;0;0;0;0;0;0;0
FR;10;2022-05-18;0;0;0;0;0;0;0;0;0;0;0;0;0;0;0;0;0;0
FR;10;2022-05-19;0;0;0;0;0;0;0;0;0;0;0;0;0;0;0;0;0;0
FR;10;2022-05-20;0;0;0;0;0;0;0;0;0;0;0;0;0;0;0;0;0;0
FR;10;2022-05-21;0;0;0;0;0;0;0;0;0;0;0;0;0;0;0;0;0;0
FR;10;2022-05-22;0;0;0;0;0;0;0;0;0;0;0;0;0;0;0;0;0;0
FR;10;2022-05-23;0;0;0;0;0;0;0;0;0;0;0;0;0;0;0;0;0;0
FR;10;2022-05-24;0;0;0;0;0;0;0;0;0;0;0;0;0;0;0;0;0;0
FR;10;2022-05-25;0;0;0;0;0;0;0;0;0;0;0;0;0;0;0;0;0;0
FR;10;2022-05-26;0;0;0;0;0;0;0;0;0;0;0;0;0;0;0;0;0;0
FR;10;2022-05-27;0;0;0;0;0;0;0;0;0;0;0;0;0;0;0;0;0;0
FR;10;2022-05-28;0;0;0;0;0;0;0;0;0;0;0;0;0;0;0;0;0;0
FR;10;2022-05-29;0;0;0;0;0;0;0;0;0;0;0;0;0;0;0;0;0;0
FR;10;2022-05-30;0;0;0;0;0;0;0;0;0;0;0;0;0;0;0;0;0;0
FR;10;2022-05-31;0;0;0;0;0;0;0;0;0;0;0;0;0;0;0;0;0;0
FR;10;2022-06-01;0;0;0;0;0;0;0;0;0;0;0;0;0;0;0;0;0;0
FR;10;2022-06-02;0;0;0;0;0;0;0;0;0;0;0;0;0;0;0;0;0;0
FR;10;2022-06-03;0;0;0;0;0;0;0;0;0;0;0;0;0;0;0;0;0;0
FR;10;2022-06-04;0;0;0;0;0;0;0;0;0;0;0;0;0;0;0;0;0;0
FR;10;2022-06-05;0;0;0;0;0;0;0;0;0;0;0;0;0;0;0;0;0;0
FR;10;2022-06-06;0;0;0;0;0;0;0;0;0;0;0;0;0;0;0;0;0;0
FR;10;2022-06-07;0;0;0;0;0;0;0;0;0;0;0;0;0;0;0;0;0;0
FR;10;2022-06-08;0;0;0;0;0;0;0;0;0;0;0;0;0;0;0;0;0;0
FR;10;2022-06-09;0;0;0;0;0;0;0;0;0;0;0;0;0;0;0;0;0;0
FR;10;2022-06-10;0;0;0;0;0;0;0;0;0;0;0;0;0;0;0;0;0;0
FR;10;2022-06-11;0;0;0;0;0;0;0;0;0;0;0;0;0;0;0;0;0;0
FR;10;2022-06-12;0;0;0;0;0;0;0;0;0;0;0;0;0;0;0;0;0;0
FR;10;2022-06-13;0;0;0;0;0;0;0;0;0;0;0;0;0;0;0;0;0;0
FR;10;2022-06-14;0;0;0;0;0;0;0;0;0;0;0;0;0;0;0;0;0;0
FR;10;2022-06-15;0;0;0;0;0;0;0;0;0;0;0;0;0;0;0;0;0;0
FR;10;2022-06-16;0;0;0;0;0;0;0;0;0;0;0;0;0;0;0;0;0;0
FR;10;2022-06-17;0;0;0;0;0;0;0;0;0;0;0;0;0;0;0;0;0;0
FR;10;2022-06-18;0;0;0;0;0;0;0;0;0;0;0;0;0;0;0;0;0;0
FR;10;2022-06-19;0;0;0;0;0;0;0;0;0;0;0;0;0;0;0;0;0;0
FR;10;2022-06-20;0;0;0;0;0;0;0;0;0;0;0;0;0;0;0;0;0;0
FR;10;2022-06-21;0;0;0;0;0;0;0;0;0;0;0;0;0;0;0;0;0;0
FR;10;2022-06-22;0;0;0;0;0;0;0;0;0;0;0;0;0;0;0;0;0;0
FR;10;2022-06-23;0;0;0;0;0;0;0;0;0;0;0;0;0;0;0;0;0;0
FR;10;2022-06-24;0;0;0;0;0;0;0;0;0;0;0;0;0;0;0;0;0;0
FR;10;2022-06-25;0;0;0;0;0;0;0;0;0;0;0;0;0;0;0;0;0;0
FR;10;2022-06-26;0;0;0;0;0;0;0;0;0;0;0;0;0;0;0;0;0;0
FR;10;2022-06-27;0;0;0;0;0;0;0;0;0;0;0;0;0;0;0;0;0;0
FR;10;2022-06-28;0;0;0;0;0;0;0;0;0;0;0;0;0;0;0;0;0;0
FR;10;2022-06-29;0;0;0;0;0;0;0;0;0;0;0;0;0;0;0;0;0;0
FR;10;2022-06-30;0;0;0;0;0;0;0;0;0;0;0;0;0;0;0;0;0;0
FR;10;2022-07-01;0;0;0;0;0;0;0;0;0;0;0;0;0;0;0;0;0;0
FR;10;2022-07-02;0;0;0;0;0;0;0;0;0;0;0;0;0;0;0;0;0;0
FR;10;2022-07-03;0;0;0;0;0;0;0;0;0;0;0;0;0;0;0;0;0;0
FR;10;2022-07-04;0;0;0;0;0;0;0;0;0;0;0;0;0;0;0;0;0;0
FR;10;2022-07-05;0;0;0;0;0;0;0;0;0;0;0;0;0;0;0;0;0;0
FR;10;2022-07-06;0;0;0;0;0;0;0;0;0;0;0;0;0;0;0;0;0;0
FR;10;2022-07-07;0;0;0;0;0;0;0;0;0;0;0;0;0;0;0;0;0;0
FR;10;2022-07-08;0;0;0;0;0;0;0;0;0;0;0;0;0;0;0;0;0;0
FR;10;2022-07-09;0;0;0;0;0;0;0;0;0;0;0;0;0;0;0;0;0;0
FR;10;2022-07-10;0;0;0;0;0;0;0;0;0;0;0;0;0;0;0;0;0;0
FR;10;2022-07-11;0;0;0;0;0;0;0;0;0;0;0;0;0;0;0;0;0;0
FR;10;2022-07-12;0;0;0;0;0;0;0;0;0;0;0;0;0;0;0;0;0;0
FR;10;2022-07-13;0;0;0;0;0;0;0;0;0;0;0;0;0;0;0;0;0;0
FR;10;2022-07-14;0;0;0;0;0;0;0;0;0;0;0;0;0;0;0;0;0;0
FR;10;2022-07-15;0;0;0;0;0;0;0;0;0;0;0;0;0;0;0;0;0;0
FR;10;2022-07-16;0;0;0;0;0;0;0;0;0;0;0;0;0;0;0;0;0;0
FR;10;2022-07-17;0;0;0;0;0;0;0;0;0;0;0;0;0;0;0;0;0;0
FR;10;2022-07-18;0;0;0;0;0;0;0;0;0;0;0;0;0;0;0;0;0;0
FR;10;2022-07-19;0;0;0;0;0;0;0;0;0;0;0;0;0;0;0;0;0;0
FR;10;2022-07-20;0;0;0;0;0;0;0;0;0;0;0;0;0;0;0;0;0;0
FR;10;2022-07-21;0;0;0;0;0;0;0;0;0;0;0;0;0;0;0;0;0;0
FR;10;2022-07-22;0;0;0;0;0;0;0;0;0;0;0;0;0;0;0;0;0;0
FR;10;2022-07-23;0;0;0;0;0;0;0;0;0;0;0;0;0;0;0;0;0;0
FR;10;2022-07-24;0;0;0;0;0;0;0;0;0;0;0;0;0;0;0;0;0;0
FR;10;2022-07-25;0;0;0;0;0;0;0;0;0;0;0;0;0;0;0;0;0;0
FR;10;2022-07-26;0;0;0;0;0;0;0;0;0;0;0;0;0;0;0;0;0;0
FR;10;2022-07-27;0;0;0;0;0;0;0;0;0;0;0;0;0;0;0;0;0;0
FR;10;2022-07-28;0;0;0;0;0;0;0;0;0;0;0;0;0;0;0;0;0;0
FR;10;2022-07-29;0;0;0;0;0;0;0;0;0;0;0;0;0;0;0;0;0;0
FR;10;2022-07-30;0;0;0;0;0;0;0;0;0;0;0;0;0;0;0;0;0;0
FR;10;2022-07-31;0;0;0;0;0;0;0;0;0;0;0;0;0;0;0;0;0;0
FR;10;2022-08-01;0;0;0;0;0;0;0;0;0;0;0;0;0;0;0;0;0;0
FR;10;2022-08-02;0;0;0;0;0;0;0;0;0;0;0;0;0;0;0;0;0;0
FR;10;2022-08-03;0;0;0;0;0;0;0;0;0;0;0;0;0;0;0;0;0;0
FR;10;2022-08-04;0;0;0;0;0;0;0;0;0;0;0;0;0;0;0;0;0;0
FR;10;2022-08-05;0;0;0;0;0;0;0;0;0;0;0;0;0;0;0;0;0;0
FR;10;2022-08-06;0;0;0;0;0;0;0;0;0;0;0;0;0;0;0;0;0;0
FR;10;2022-08-07;0;0;0;0;0;0;0;0;0;0;0;0;0;0;0;0;0;0
FR;10;2022-08-08;0;0;0;0;0;0;0;0;0;0;0;0;0;0;0;0;0;0
FR;10;2022-08-09;0;0;0;0;0;0;0;0;0;0;0;0;0;0;0;0;0;0
FR;10;2022-08-10;0;0;0;0;0;0;0;0;0;0;0;0;0;0;0;0;0;0
FR;10;2022-08-11;0;0;0;0;0;0;0;0;0;0;0;0;0;0;0;0;0;0
FR;10;2022-08-12;0;0;0;0;0;0;0;0;0;0;0;0;0;0;0;0;0;0
FR;10;2022-08-13;0;0;0;0;0;0;0;0;0;0;0;0;0;0;0;0;0;0
FR;10;2022-08-14;0;0;0;0;0;0;0;0;0;0;0;0;0;0;0;0;0;0
FR;10;2022-08-15;0;0;0;0;0;0;0;0;0;0;0;0;0;0;0;0;0;0
FR;10;2022-08-16;0;0;0;0;0;0;0;0;0;0;0;0;0;0;0;0;0;0
FR;10;2022-08-17;0;0;0;0;0;0;0;0;0;0;0;0;0;0;0;0;0;0
FR;10;2022-08-18;0;0;0;0;0;0;0;0;0;0;0;0;0;0;0;0;0;0
FR;10;2022-08-19;0;0;0;0;0;0;0;0;0;0;0;0;0;0;0;0;0;0
FR;10;2022-08-20;0;0;0;0;0;0;0;0;0;0;0;0;0;0;0;0;0;0
FR;10;2022-08-21;0;0;0;0;0;0;0;0;0;0;0;0;0;0;0;0;0;0
FR;10;2022-08-22;0;0;0;0;0;0;0;0;0;0;0;0;0;0;0;0;0;0
FR;10;2022-08-23;0;0;0;0;0;0;0;0;0;0;0;0;0;0;0;0;0;0
FR;10;2022-08-24;0;0;0;0;0;0;0;0;0;0;0;0;0;0;0;0;0;0
FR;10;2022-08-25;0;0;0;0;0;0;0;0;0;0;0;0;0;0;0;0;0;0
FR;10;2022-08-26;0;0;0;0;0;0;0;0;0;0;0;0;0;0;0;0;0;0
FR;10;2022-08-27;0;0;0;0;0;0;0;0;0;0;0;0;0;0;0;0;0;0
FR;10;2022-08-28;0;0;0;0;0;0;0;0;0;0;0;0;0;0;0;0;0;0
FR;10;2022-08-29;0;0;0;0;0;0;0;0;0;0;0;0;0;0;0;0;0;0
FR;10;2022-08-30;0;0;0;0;0;0;0;0;0;0;0;0;0;0;0;0;0;0
FR;10;2022-08-31;0;0;0;0;0;0;0;0;0;0;0;0;0;0;0;0;0;0
FR;10;2022-09-01;0;0;0;0;0;0;0;0;0;0;0;0;0;0;0;0;0;0
FR;10;2022-09-02;0;0;0;0;0;0;0;0;0;0;0;0;0;0;0;0;0;0
FR;10;2022-09-03;0;0;0;0;0;0;0;0;0;0;0;0;0;0;0;0;0;0
FR;10;2022-09-04;0;0;0;0;0;0;0;0;0;0;0;0;0;0;0;0;0;0
FR;10;2022-09-05;0;0;0;0;0;0;0;0;0;0;0;0;0;0;0;0;0;0
FR;10;2022-09-06;0;0;0;0;0;0;0;0;0;0;0;0;0;0;0;0;0;0
FR;10;2022-09-07;0;0;0;0;0;0;0;0;0;0;0;0;0;0;0;0;0;0
FR;10;2022-09-08;0;0;0;0;0;0;0;0;0;0;0;0;0;0;0;0;0;0
FR;10;2022-09-09;0;0;0;0;0;0;0;0;0;0;0;0;0;0;0;0;0;0
FR;10;2022-09-10;0;0;0;0;0;0;0;0;0;0;0;0;0;0;0;0;0;0
FR;10;2022-09-11;0;0;0;0;0;0;0;0;0;0;0;0;0;0;0;0;0;0
FR;10;2022-09-12;0;0;0;0;0;0;0;0;0;0;0;0;0;0;0;0;0;0
FR;10;2022-09-13;0;0;0;0;0;0;0;0;0;0;0;0;0;0;0;0;0;0
FR;10;2022-09-14;0;0;0;0;0;0;0;0;0;0;0;0;0;0;0;0;0;0
FR;10;2022-09-15;0;0;0;0;0;0;0;0;0;0;0;0;0;0;0;0;0;0
FR;10;2022-09-16;0;0;0;0;0;0;0;0;0;0;0;0;0;0;0;0;0;0
FR;10;2022-09-17;0;0;0;0;0;0;0;0;0;0;0;0;0;0;0;0;0;0
FR;10;2022-09-18;0;0;0;0;0;0;0;0;0;0;0;0;0;0;0;0;0;0
FR;10;2022-09-19;0;0;0;0;0;0;0;0;0;0;0;0;0;0;0;0;0;0
FR;10;2022-09-20;0;0;0;0;0;0;0;0;0;0;0;0;0;0;0;0;0;0
FR;10;2022-09-21;0;0;0;0;0;0;0;0;0;0;0;0;0;0;0;0;0;0
FR;10;2022-09-22;0;0;0;0;0;0;0;0;0;0;0;0;0;0;0;0;0;0
FR;10;2022-09-23;0;0;0;0;0;0;0;0;0;0;0;0;0;0;0;0;0;0
FR;10;2022-09-24;0;0;0;0;0;0;0;0;0;0;0;0;0;0;0;0;0;0
FR;10;2022-09-25;0;0;0;0;0;0;0;0;0;0;0;0;0;0;0;0;0;0
FR;10;2022-09-26;0;0;0;0;0;0;0;0;0;0;0;0;0;0;0;0;0;0
FR;10;2022-09-27;0;0;0;0;0;0;0;0;0;0;0;0;0;0;0;0;0;0
FR;10;2022-09-28;0;0;0;0;0;0;0;0;0;0;0;0;0;0;0;0;0;0
FR;10;2022-09-29;0;0;0;0;0;0;0;0;0;0;0;0;0;0;0;0;0;0
FR;10;2022-09-30;0;0;0;0;0;0;0;0;0;0;0;0;0;0;0;0;0;0
FR;10;2022-10-01;0;0;0;0;0;0;0;0;0;0;0;0;0;0;0;0;0;0
FR;10;2022-10-02;0;0;0;0;0;0;0;0;0;0;0;0;0;0;0;0;0;0
FR;10;2022-10-03;0;0;0;0;0;0;0;0;0;0;0;0;0;0;0;0;0;0
FR;10;2022-10-04;0;0;0;0;0;0;0;0;0;0;0;0;0;0;0;0;0;0
FR;10;2022-10-05;0;0;0;0;0;0;0;0;0;0;0;0;0;0;0;0;0;0
FR;10;2022-10-06;0;0;0;0;0;0;0;0;0;0;0;0;0;0;0;0;0;0
FR;10;2022-10-07;0;0;0;0;0;0;0;0;0;0;0;0;0;0;0;0;0;0
FR;10;2022-10-08;0;0;0;0;0;0;0;0;0;0;0;0;0;0;0;0;0;0
FR;10;2022-10-09;0;0;0;0;0;0;0;0;0;0;0;0;0;0;0;0;0;0
FR;10;2022-10-10;0;0;0;0;0;0;0;0;0;0;0;0;0;0;0;0;0;0
FR;10;2022-10-11;0;0;0;0;0;0;0;0;0;0;0;0;0;0;0;0;0;0
FR;10;2022-10-12;0;0;0;0;0;0;0;0;0;0;0;0;0;0;0;0;0;0
FR;10;2022-10-13;0;0;0;0;0;0;0;0;0;0;0;0;0;0;0;0;0;0
FR;10;2022-10-14;0;0;0;0;0;0;0;0;0;0;0;0;0;0;0;0;0;0
FR;10;2022-10-15;0;0;0;0;0;0;0;0;0;0;0;0;0;0;0;0;0;0
FR;10;2022-10-16;0;0;0;0;0;0;0;0;0;0;0;0;0;0;0;0;0;0
FR;10;2022-10-17;0;0;0;0;0;0;0;0;0;0;0;0;0;0;0;0;0;0
FR;10;2022-10-18;0;0;0;0;0;0;0;0;0;0;0;0;0;0;0;0;0;0
FR;10;2022-10-19;0;0;0;0;0;0;0;0;0;0;0;0;0;0;0;0;0;0
FR;10;2022-10-20;0;0;0;0;0;0;0;0;0;0;0;0;0;0;0;0;0;0
FR;10;2022-10-21;0;0;0;0;0;0;0;0;0;0;0;0;0;0;0;0;0;0
FR;10;2022-10-22;0;0;0;0;0;0;0;0;0;0;0;0;0;0;0;0;0;0
FR;10;2022-10-23;0;0;0;0;0;0;0;0;0;0;0;0;0;0;0;0;0;0
FR;10;2022-10-24;0;0;0;0;0;0;0;0;0;0;0;0;0;0;0;0;0;0
FR;10;2022-10-25;0;0;0;0;0;0;0;0;0;0;0;0;0;0;0;0;0;0
FR;10;2022-10-26;0;0;0;0;0;0;0;0;0;0;0;0;0;0;0;0;0;0
FR;10;2022-10-27;0;0;0;0;0;0;0;0;0;0;0;0;0;0;0;0;0;0
FR;10;2022-10-28;0;0;0;0;0;0;0;0;0;0;0;0;0;0;0;0;0;0
FR;10;2022-10-29;0;0;0;0;0;0;0;0;0;0;0;0;0;0;0;0;0;0
FR;10;2022-10-30;0;0;0;0;0;0;0;0;0;0;0;0;0;0;0;0;0;0
FR;10;2022-10-31;0;0;0;0;0;0;0;0;0;0;0;0;0;0;0;0;0;0
FR;10;2022-11-01;0;0;0;0;0;0;0;0;0;0;0;0;0;0;0;0;0;0
FR;10;2022-11-02;0;0;0;0;0;0;0;0;0;0;0;0;0;0;0;0;0;0
FR;10;2022-11-03;0;0;0;0;0;0;0;0;0;0;0;0;0;0;0;0;0;0
FR;10;2022-11-04;0;0;0;0;0;0;0;0;0;0;0;0;0;0;0;0;0;0
FR;10;2022-11-05;0;0;0;0;0;0;0;0;0;0;0;0;0;0;0;0;0;0
FR;10;2022-11-06;0;0;0;0;0;0;0;0;0;0;0;0;0;0;0;0;0;0
FR;10;2022-11-07;0;0;0;0;0;0;0;0;0;0;0;0;0;0;0;0;0;0
FR;10;2022-11-08;0;0;0;0;0;0;0;0;0;0;0;0;0;0;0;0;0;0
FR;10;2022-11-09;0;0;0;0;0;0;0;0;0;0;0;0;0;0;0;0;0;0
FR;10;2022-11-10;0;0;0;0;0;0;0;0;0;0;0;0;0;0;0;0;0;0
FR;10;2022-11-11;0;0;0;0;0;0;0;0;0;0;0;0;0;0;0;0;0;0
FR;10;2022-11-12;0;0;0;0;0;0;0;0;0;0;0;0;0;0;0;0;0;0
FR;10;2022-11-13;0;0;0;0;0;0;0;0;0;0;0;0;0;0;0;0;0;0
FR;10;2022-11-14;0;0;0;0;0;0;0;0;0;0;0;0;0;0;0;0;0;0
FR;10;2022-11-15;0;0;0;0;0;0;0;0;0;0;0;0;0;0;0;0;0;0
FR;10;2022-11-16;0;0;0;0;0;0;0;0;0;0;0;0;0;0;0;0;0;0
FR;10;2022-11-17;0;0;0;0;0;0;0;0;0;0;0;0;0;0;0;0;0;0
FR;10;2022-11-18;0;0;0;0;0;0;0;0;0;0;0;0;0;0;0;0;0;0
FR;10;2022-11-19;0;0;0;0;0;0;0;0;0;0;0;0;0;0;0;0;0;0
FR;10;2022-11-20;0;0;0;0;0;0;0;0;0;0;0;0;0;0;0;0;0;0
FR;10;2022-11-21;0;0;0;0;0;0;0;0;0;0;0;0;0;0;0;0;0;0
FR;10;2022-11-22;0;0;0;0;0;0;0;0;0;0;0;0;0;0;0;0;0;0
FR;10;2022-11-23;0;0;0;0;0;0;0;0;0;0;0;0;0;0;0;0;0;0
FR;10;2022-11-24;0;0;0;0;0;0;0;0;0;0;0;0;0;0;0;0;0;0
FR;10;2022-11-25;0;0;0;0;0;0;0;0;0;0;0;0;0;0;0;0;0;0
FR;10;2022-11-26;0;0;0;0;0;0;0;0;0;0;0;0;0;0;0;0;0;0
FR;10;2022-11-27;0;0;0;0;0;0;0;0;0;0;0;0;0;0;0;0;0;0
FR;10;2022-11-28;0;0;0;0;0;0;0;0;0;0;0;0;0;0;0;0;0;0
FR;10;2022-11-29;0;0;0;0;0;0;0;0;0;0;0;0;0;0;0;0;0;0
FR;10;2022-11-30;0;0;0;0;0;0;0;0;0;0;0;0;0;0;0;0;0;0
FR;10;2022-12-01;0;0;0;0;0;0;0;0;0;0;0;0;0;0;0;0;0;0
FR;10;2022-12-02;0;0;0;0;0;0;0;0;0;0;0;0;0;0;0;0;0;0
FR;10;2022-12-03;0;0;0;0;0;0;0;0;0;0;0;0;0;0;0;0;0;0
FR;10;2022-12-04;0;0;0;0;0;0;0;0;0;0;0;0;0;0;0;0;0;0
FR;10;2022-12-05;0;0;0;0;0;0;0;0;0;0;0;0;0;0;0;0;0;0
FR;10;2022-12-06;0;0;0;0;0;0;0;0;0;0;0;0;0;0;0;0;0;0
FR;10;2022-12-07;0;0;0;0;0;0;0;0;0;0;0;0;0;0;0;0;0;0
FR;10;2022-12-08;0;0;0;0;0;0;0;0;0;0;0;0;0;0;0;0;0;0
FR;10;2022-12-09;0;0;0;0;0;0;0;0;0;0;0;0;0;0;0;0;0;0
FR;10;2022-12-10;0;0;0;0;0;0;0;0;0;0;0;0;0;0;0;0;0;0
FR;10;2022-12-11;0;0;0;0;0;0;0;0;0;0;0;0;0;0;0;0;0;0
FR;10;2022-12-12;0;0;0;0;0;0;0;0;0;0;0;0;0;0;0;0;0;0
FR;10;2022-12-13;0;0;0;0;0;0;0;0;0;0;0;0;0;0;0;0;0;0
FR;10;2022-12-14;0;0;0;0;0;0;0;0;0;0;0;0;0;0;0;0;0;0
FR;10;2022-12-15;0;0;0;0;0;0;0;0;0;0;0;0;0;0;0;0;0;0
FR;10;2022-12-16;0;0;0;0;0;0;0;0;0;0;0;0;0;0;0;0;0;0
FR;10;2022-12-17;0;0;0;0;0;0;0;0;0;0;0;0;0;0;0;0;0;0
FR;10;2022-12-18;0;0;0;0;0;0;0;0;0;0;0;0;0;0;0;0;0;0
FR;10;2022-12-19;0;0;0;0;0;0;0;0;0;0;0;0;0;0;0;0;0;0
FR;10;2022-12-20;0;0;0;0;0;0;0;0;0;0;0;0;0;0;0;0;0;0
FR;10;2022-12-21;0;0;1;0;0;1;0;0;0;0;0;1;0;0;1;0;0;0
FR;10;2022-12-22;0;0;0;1;0;0;1;0;0;0;0;1;1;0;1;1;0;0
FR;10;2022-12-23;0;0;1;14;0;2;14;0;7;0;0;2;15;0;3;15;0;7
FR;10;2022-12-24;0;0;0;3;0;0;3;0;1;0;0;2;18;0;3;18;0;8
FR;10;2022-12-25;0;0;0;0;0;0;0;0;0;0;0;2;18;0;3;18;0;8
FR;10;2022-12-26;3;1;11;35;0;8;39;0;5;3;1;13;53;0;11;57;0;13
FR;10;2022-12-27;1;1;14;35;1;11;38;0;10;4;2;27;88;1;22;95;0;23
FR;10;2022-12-28;0;0;2;15;0;1;14;0;3;4;2;29;103;1;23;109;0;26
FR;10;2022-12-29;0;0;6;48;0;1;48;0;17;4;2;35;151;1;24;157;0;43
FR;10;2022-12-30;0;1;5;33;0;8;31;0;6;4;3;40;184;1;32;188;0;49
FR;10;2022-12-31;0;0;3;12;0;4;10;0;4;4;3;43;196;1;36;198;0;53
FR;10;2023-01-01;0;0;1;6;0;0;7;0;2;4;3;44;202;1;36;205;0;55
FR;10;2023-01-02;0;4;4;37;1;6;36;0;21;4;7;48;239;2;42;241;0;76
FR;10;2023-01-03;1;2;6;63;2;5;64;0;25;5;9;54;302;4;47;305;0;101
FR;10;2023-01-04;0;1;7;52;0;6;53;0;53;5;10;61;354;4;53;358;0;154
FR;10;2023-01-05;1;2;16;74;0;12;76;0;37;6;12;77;428;4;65;434;0;191
FR;10;2023-01-06;2;3;16;107;2;13;107;0;52;8;15;93;535;6;78;541;0;243
FR;10;2023-01-07;3;1;3;41;1;3;40;0;13;11;16;96;576;7;81;581;0;256
FR;10;2023-01-08;1;0;0;9;0;0;7;0;5;12;16;96;585;7;81;588;0;261
FR;10;2023-01-09;3;2;7;67;1;7;66;0;26;15;18;103;652;8;88;654;0;287
FR;10;2023-01-10;6;1;21;118;0;13;124;0;57;21;19;124;770;8;101;778;0;344
FR;10;2023-01-11;5;4;19;77;1;16;79;0;38;26;23;143;847;9;117;857;0;382
FR;10;2023-01-12;13;1;7;77;2;3;80;0;51;39;24;150;924;11;120;937;0;433
FR;10;2023-01-13;0;6;15;122;1;8;129;0;77;39;30;165;1046;12;128;1066;0;510
FR;10;2023-01-14;2;1;8;43;0;5;47;0;3;41;31;173;1089;12;133;1113;0;513
FR;10;2023-01-15;0;0;2;10;0;1;7;0;8;41;31;175;1099;12;134;1120;0;521
FR;10;2023-01-16;0;1;11;70;1;7;73;0;68;41;32;186;1169;13;141;1193;0;589
FR;10;2023-01-17;0;7;22;109;2;11;118;0;61;41;39;208;1278;15;152;1311;0;650
FR;10;2023-01-18;2;1;13;92;1;9;104;0;15;43;40;221;1370;16;161;1415;0;665
FR;10;2023-01-19;6;6;24;142;3;22;135;0;56;49;46;245;1512;19;183;1550;0;721
FR;10;2023-01-20;2;1;11;111;0;9;106;0;73;51;47;256;1623;19;192;1656;0;794
FR;10;2023-01-21;2;1;5;26;0;5;23;0;15;53;48;261;1649;19;197;1679;0;809
FR;10;2023-01-22;0;0;0;5;0;0;5;0;0;53;48;261;1654;19;197;1684;0;809
FR;10;2023-01-23;1;2;5;62;1;5;59;0;23;54;50;266;1716;20;202;1743;0;832
FR;10;2023-01-24;6;6;27;148;2;19;152;0;75;60;56;293;1864;22;221;1895;0;907
FR;10;2023-01-25;2;1;9;81;1;5;82;0;55;62;57;302;1945;23;226;1977;0;962
FR;10;2023-01-26;4;5;33;147;1;22;159;0;52;66;62;335;2092;24;248;2136;0;1014
FR;10;2023-01-27;1;1;16;117;1;6;118;0;78;67;63;351;2209;25;254;2254;0;1092
FR;10;2023-01-28;0;1;3;18;1;1;21;0;15;67;64;354;2227;26;255;2275;0;1107
FR;10;2023-01-29;0;0;1;0;0;1;0;0;1;67;64;355;2227;26;256;2275;0;1108
FR;10;2023-01-30;2;1;11;60;1;5;63;0;40;69;65;366;2287;27;261;2338;0;1148
FR;10;2023-01-31;5;2;24;121;3;17;121;0;51;74;67;390;2408;30;278;2459;0;1199
FR;10;2023-02-01;0;2;11;49;2;10;49;0;28;74;69;401;2457;32;288;2508;0;1227
FR;10;2023-02-02;3;0;21;104;0;16;108;0;48;77;69;422;2561;32;304;2616;0;1275
FR;10;2023-02-03;6;5;18;48;4;11;51;0;64;83;74;440;2609;36;315;2667;0;1339
FR;10;2023-02-04;1;0;1;8;0;0;10;0;6;84;74;441;2617;36;315;2677;0;1345
FR;10;2023-02-05;7;1;2;3;2;1;4;0;5;91;75;443;2620;38;316;2681;0;1350
FR;10;2023-02-06;1;0;9;28;0;8;22;0;46;92;75;452;2648;38;324;2703;0;1396
FR;10;2023-02-07;2;2;2;12;1;3;12;0;13;94;77;454;2660;39;327;2715;0;1409
FR;10;2023-02-08;1;3;3;15;2;4;15;0;12;95;80;457;2675;41;331;2730;0;1421
FR;10;2023-02-09;2;1;11;91;2;7;97;0;41;97;81;468;2766;43;338;2827;0;1462
FR;10;2023-02-10;8;3;12;29;0;6;37;0;25;105;84;480;2795;43;344;2864;0;1487
FR;10;2023-02-11;1;0;2;2;0;2;2;0;1;106;84;482;2797;43;346;2866;0;1488
FR;10;2023-02-12;1;1;0;0;1;0;0;0;0;107;85;482;2797;44;346;2866;0;1488
FR;10;2023-02-13;3;1;9;15;0;7;18;0;10;110;86;491;2812;44;353;2884;0;1498
FR;10;2023-02-14;2;4;11;49;3;9;50;0;17;112;90;502;2861;47;362;2934;0;1515
FR;10;2023-02-15;7;3;2;10;2;3;8;0;8;119;93;504;2871;49;365;2942;0;1523
FR;10;2023-02-16;0;0;8;17;0;5;18;0;8;119;93;512;2888;49;370;2960;0;1531
FR;10;2023-02-17;13;5;7;28;5;2;22;0;17;132;98;519;2916;54;372;2982;0;1548
FR;10;2023-02-18;2;0;3;11;0;3;10;0;6;134;98;522;2927;54;375;2992;0;1554
FR;10;2023-02-19;0;0;0;0;0;0;0;0;0;134;98;522;2927;54;375;2992;0;1554
FR;10;2023-02-20;2;1;2;25;1;1;23;0;23;136;99;524;2952;55;376;3015;0;1577
FR;10;2023-02-21;2;3;12;27;1;6;35;0;30;138;102;536;2979;56;382;3050;0;1607
FR;10;2023-02-22;5;4;2;7;3;3;6;0;1;143;106;538;2986;59;385;3056;0;1608
FR;10;2023-02-23;3;2;17;31;2;14;37;0;12;146;108;555;3017;61;399;3093;0;1620
FR;10;2023-02-24;1;2;8;27;0;5;27;0;29;147;110;563;3044;61;404;3120;0;1649
FR;10;2023-02-25;0;0;2;3;0;2;3;0;7;147;110;565;3047;61;406;3123;0;1656
FR;10;2023-02-26;0;0;0;0;0;0;0;0;0;147;110;565;3047;61;406;3123;0;1656
FR;10;2023-02-27;3;3;3;20;4;3;21;0;15;150;113;568;3067;65;409;3144;0;1671
FR;10;2023-02-28;3;2;3;10;2;1;11;0;10;153;115;571;3077;67;410;3155;0;1681
FR;10;2023-03-01;2;6;34;12;6;33;12;0;14;155;121;605;3089;73;443;3167;0;1695
FR;10;2023-03-02;2;1;10;22;2;6;22;0;31;157;122;615;3111;75;449;3189;0;1726
FR;10;2023-03-03;7;2;5;21;0;6;20;0;18;164;124;620;3132;75;455;3209;0;1744
FR;10;2023-03-04;0;1;0;6;1;0;6;0;2;164;125;620;3138;76;455;3215;0;1746
FR;10;2023-03-05;0;0;0;1;0;0;0;0;2;164;125;620;3139;76;455;3215;0;1748
FR;10;2023-03-06;2;2;8;8;3;7;9;0;8;166;127;628;3147;79;462;3224;0;1756
FR;10;2023-03-07;2;3;0;11;1;2;11;0;8;168;130;628;3158;80;464;3235;0;1764
FR;10;2023-03-08;1;4;4;20;3;3;22;0;9;169;134;632;3178;83;467;3257;0;1773
FR;10;2023-03-09;0;3;1;9;1;2;8;0;8;169;137;633;3187;84;469;3265;0;1781
FR;10;2023-03-10;1;2;1;8;2;1;9;0;9;170;139;634;3195;86;470;3274;0;1790
FR;10;2023-03-11;2;1;5;4;0;3;7;0;2;172;140;639;3199;86;473;3281;0;1792
FR;10;2023-03-12;0;0;0;0;0;0;0;0;0;172;140;639;3199;86;473;3281;0;1792
FR;10;2023-03-13;0;2;2;3;2;2;3;0;5;172;142;641;3202;88;475;3284;0;1797
FR;10;2023-03-14;2;0;6;25;0;4;27;0;21;174;142;647;3227;88;479;3311;0;1818
FR;10;2023-03-15;0;2;5;5;1;7;4;0;6;174;144;652;3232;89;486;3315;0;1824
FR;10;2023-03-16;3;1;7;12;0;5;15;0;11;177;145;659;3244;89;491;3330;0;1835
FR;10;2023-03-17;3;5;8;18;4;4;22;0;19;180;150;667;3262;93;495;3352;0;1854
FR;10;2023-03-18;0;1;1;3;0;2;2;0;3;180;151;668;3265;93;497;3354;0;1857
FR;10;2023-03-19;6;0;0;0;0;0;0;0;0;186;151;668;3265;93;497;3354;0;1857
FR;10;2023-03-20;5;4;0;12;3;1;13;0;12;191;155;668;3277;96;498;3367;0;1869
FR;10;2023-03-21;1;2;2;7;0;3;9;0;14;192;157;670;3284;96;501;3376;0;1883
FR;10;2023-03-22;0;0;3;4;0;3;3;0;3;192;157;673;3288;96;504;3379;0;1886
FR;10;2023-03-23;9;9;4;6;9;1;8;0;13;201;166;677;3294;105;505;3387;0;1899
FR;10;2023-03-24;3;3;2;14;2;1;10;0;17;204;169;679;3308;107;506;3397;0;1916
FR;10;2023-03-25;1;3;0;4;1;3;5;0;8;205;172;679;3312;108;509;3402;0;1924
FR;10;2023-03-26;1;1;0;0;1;0;0;0;0;206;173;679;3312;109;509;3402;0;1924
FR;10;2023-03-27;0;2;3;4;2;3;2;0;16;206;175;682;3316;111;512;3404;0;1940
FR;10;2023-03-28;9;8;3;5;8;1;6;0;6;215;183;685;3321;119;513;3410;0;1946
FR;10;2023-03-29;7;7;3;2;6;4;2;0;6;222;190;688;3323;125;517;3412;0;1952
FR;10;2023-03-30;16;13;3;7;13;2;8;0;6;238;203;691;3330;138;519;3420;0;1958
FR;10;2023-03-31;8;6;4;12;5;4;13;0;19;246;209;695;3342;143;523;3433;0;1977
FR;10;2023-04-01;9;8;1;0;8;1;0;0;0;255;217;696;3342;151;524;3433;0;1977
FR;10;2023-04-02;1;0;0;0;0;0;0;0;1;256;217;696;3342;151;524;3433;0;1978
FR;10;2023-04-03;2;1;0;3;1;0;2;0;5;258;218;696;3345;152;524;3435;0;1983
FR;10;2023-04-04;0;1;0;3;1;0;3;0;5;258;219;696;3348;153;524;3438;0;1988
FR;10;2023-04-05;0;0;2;1;0;2;3;0;2;258;219;698;3349;153;526;3441;0;1990
FR;10;2023-04-06;2;2;4;4;2;1;7;0;2;260;221;702;3353;155;527;3448;0;1992
FR;10;2023-04-07;3;0;2;3;0;1;3;0;9;263;221;704;3356;155;528;3451;0;2001
FR;10;2023-04-08;0;0;1;0;0;1;0;0;0;263;221;705;3356;155;529;3451;0;2001
FR;10;2023-04-09;0;0;0;0;0;0;0;0;0;263;221;705;3356;155;529;3451;0;2001
FR;10;2023-04-10;0;0;2;0;0;0;2;0;0;263;221;707;3356;155;529;3453;0;2001
FR;10;2023-04-11;1;0;1;3;0;1;2;0;3;264;221;708;3359;155;530;3455;0;2004
FR;10;2023-04-12;0;0;2;1;0;1;2;0;4;264;221;710;3360;155;531;3457;0;2008
FR;10;2023-04-13;0;1;0;5;1;0;5;0;5;264;222;710;3365;156;531;3462;0;2013
FR;10;2023-04-14;3;0;1;7;0;1;4;0;5;267;222;711;3372;156;532;3466;0;2018
FR;10;2023-04-15;0;1;1;3;1;0;4;0;0;267;223;712;3375;157;532;3470;0;2018
FR;10;2023-04-16;0;0;0;2;0;0;2;0;0;267;223;712;3377;157;532;3472;0;2018
FR;10;2023-04-17;1;2;2;0;1;2;0;0;0;268;225;714;3377;158;534;3472;0;2018
FR;10;2023-04-18;2;2;1;3;2;1;0;0;2;270;227;715;3380;160;535;3472;0;2020
FR;10;2023-04-19;0;0;1;0;0;1;0;0;1;270;227;716;3380;160;536;3472;0;2021
FR;11;2020-12-27;0;0;0;0;0;0;0;0;0;0;0;0;0;0;0;0;0;0
FR;11;2020-12-28;0;0;0;0;0;0;0;0;0;0;0;0;0;0;0;0;0;0
FR;11;2020-12-29;0;0;0;0;0;0;0;0;0;0;0;0;0;0;0;0;0;0
FR;11;2020-12-30;0;0;0;0;0;0;0;0;0;0;0;0;0;0;0;0;0;0
FR;11;2020-12-31;0;0;0;0;0;0;0;0;0;0;0;0;0;0;0;0;0;0
FR;11;2021-01-01;0;0;0;0;0;0;0;0;0;0;0;0;0;0;0;0;0;0
FR;11;2021-01-02;0;0;0;0;0;0;0;0;0;0;0;0;0;0;0;0;0;0
FR;11;2021-01-03;0;0;0;0;0;0;0;0;0;0;0;0;0;0;0;0;0;0
FR;11;2021-01-04;0;0;0;0;0;0;0;0;0;0;0;0;0;0;0;0;0;0
FR;11;2021-01-05;0;0;0;0;0;0;0;0;0;0;0;0;0;0;0;0;0;0
FR;11;2021-01-06;0;0;0;0;0;0;0;0;0;0;0;0;0;0;0;0;0;0
FR;11;2021-01-07;0;0;0;0;0;0;0;0;0;0;0;0;0;0;0;0;0;0
FR;11;2021-01-08;0;0;0;0;0;0;0;0;0;0;0;0;0;0;0;0;0;0
FR;11;2021-01-09;0;0;0;0;0;0;0;0;0;0;0;0;0;0;0;0;0;0
FR;11;2021-01-10;0;0;0;0;0;0;0;0;0;0;0;0;0;0;0;0;0;0
FR;11;2021-01-11;0;0;0;0;0;0;0;0;0;0;0;0;0;0;0;0;0;0
FR;11;2021-01-12;0;0;0;0;0;0;0;0;0;0;0;0;0;0;0;0;0;0
FR;11;2021-01-13;0;0;0;0;0;0;0;0;0;0;0;0;0;0;0;0;0;0
FR;11;2021-01-14;0;0;0;0;0;0;0;0;0;0;0;0;0;0;0;0;0;0
FR;11;2021-01-15;0;0;0;0;0;0;0;0;0;0;0;0;0;0;0;0;0;0
FR;11;2021-01-16;0;0;0;0;0;0;0;0;0;0;0;0;0;0;0;0;0;0
FR;11;2021-01-17;0;0;0;0;0;0;0;0;0;0;0;0;0;0;0;0;0;0
FR;11;2021-01-18;0;0;0;0;0;0;0;0;0;0;0;0;0;0;0;0;0;0
FR;11;2021-01-19;0;0;0;0;0;0;0;0;0;0;0;0;0;0;0;0;0;0
FR;11;2021-01-20;0;0;0;0;0;0;0;0;0;0;0;0;0;0;0;0;0;0
FR;11;2021-01-21;0;0;0;0;0;0;0;0;0;0;0;0;0;0;0;0;0;0
FR;11;2021-01-22;0;0;0;0;0;0;0;0;0;0;0;0;0;0;0;0;0;0
FR;11;2021-01-23;0;0;0;0;0;0;0;0;0;0;0;0;0;0;0;0;0;0
FR;11;2021-01-24;0;0;0;0;0;0;0;0;0;0;0;0;0;0;0;0;0;0
FR;11;2021-01-25;0;0;0;0;0;0;0;0;0;0;0;0;0;0;0;0;0;0
FR;11;2021-01-26;0;0;0;0;0;0;0;0;0;0;0;0;0;0;0;0;0;0
FR;11;2021-01-27;0;0;0;0;0;0;0;0;0;0;0;0;0;0;0;0;0;0
FR;11;2021-01-28;0;0;0;0;0;0;0;0;0;0;0;0;0;0;0;0;0;0
FR;11;2021-01-29;0;0;0;0;0;0;0;0;0;0;0;0;0;0;0;0;0;0
FR;11;2021-01-30;0;0;0;0;0;0;0;0;0;0;0;0;0;0;0;0;0;0
FR;11;2021-01-31;0;0;0;0;0;0;0;0;0;0;0;0;0;0;0;0;0;0
FR;11;2021-02-01;0;0;0;0;0;0;0;0;0;0;0;0;0;0;0;0;0;0
FR;11;2021-02-02;0;0;0;0;0;0;0;0;0;0;0;0;0;0;0;0;0;0
FR;11;2021-02-03;0;0;0;0;0;0;0;0;0;0;0;0;0;0;0;0;0;0
FR;11;2021-02-04;0;0;0;0;0;0;0;0;0;0;0;0;0;0;0;0;0;0
FR;11;2021-02-05;0;0;0;0;0;0;0;0;0;0;0;0;0;0;0;0;0;0
FR;11;2021-02-06;0;0;0;0;0;0;0;0;0;0;0;0;0;0;0;0;0;0
FR;11;2021-02-07;0;0;0;0;0;0;0;0;0;0;0;0;0;0;0;0;0;0
FR;11;2021-02-08;0;0;0;0;0;0;0;0;0;0;0;0;0;0;0;0;0;0
FR;11;2021-02-09;0;0;0;0;0;0;0;0;0;0;0;0;0;0;0;0;0;0
FR;11;2021-02-10;0;0;0;0;0;0;0;0;0;0;0;0;0;0;0;0;0;0
FR;11;2021-02-11;0;0;0;0;0;0;0;0;0;0;0;0;0;0;0;0;0;0
FR;11;2021-02-12;0;0;0;0;0;0;0;0;0;0;0;0;0;0;0;0;0;0
FR;11;2021-02-13;0;0;0;0;0;0;0;0;0;0;0;0;0;0;0;0;0;0
FR;11;2021-02-14;0;0;0;0;0;0;0;0;0;0;0;0;0;0;0;0;0;0
FR;11;2021-02-15;0;0;0;0;0;0;0;0;0;0;0;0;0;0;0;0;0;0
FR;11;2021-02-16;0;0;0;0;0;0;0;0;0;0;0;0;0;0;0;0;0;0
FR;11;2021-02-17;0;0;0;0;0;0;0;0;0;0;0;0;0;0;0;0;0;0
FR;11;2021-02-18;0;0;0;0;0;0;0;0;0;0;0;0;0;0;0;0;0;0
FR;11;2021-02-19;0;0;0;0;0;0;0;0;0;0;0;0;0;0;0;0;0;0
FR;11;2021-02-20;0;0;0;0;0;0;0;0;0;0;0;0;0;0;0;0;0;0
FR;11;2021-02-21;0;0;0;0;0;0;0;0;0;0;0;0;0;0;0;0;0;0
FR;11;2021-02-22;0;0;0;0;0;0;0;0;0;0;0;0;0;0;0;0;0;0
FR;11;2021-02-23;0;0;0;0;0;0;0;0;0;0;0;0;0;0;0;0;0;0
FR;11;2021-02-24;0;0;0;0;0;0;0;0;0;0;0;0;0;0;0;0;0;0
FR;11;2021-02-25;0;0;0;0;0;0;0;0;0;0;0;0;0;0;0;0;0;0
FR;11;2021-02-26;0;0;0;0;0;0;0;0;0;0;0;0;0;0;0;0;0;0
FR;11;2021-02-27;0;0;0;0;0;0;0;0;0;0;0;0;0;0;0;0;0;0
FR;11;2021-02-28;0;0;0;0;0;0;0;0;0;0;0;0;0;0;0;0;0;0
FR;11;2021-03-01;0;0;0;0;0;0;0;0;0;0;0;0;0;0;0;0;0;0
FR;11;2021-03-02;0;0;0;0;0;0;0;0;0;0;0;0;0;0;0;0;0;0
FR;11;2021-03-03;0;0;0;0;0;0;0;0;0;0;0;0;0;0;0;0;0;0
FR;11;2021-03-04;0;0;0;0;0;0;0;0;0;0;0;0;0;0;0;0;0;0
FR;11;2021-03-05;0;0;0;0;0;0;0;0;0;0;0;0;0;0;0;0;0;0
FR;11;2021-03-06;0;0;0;0;0;0;0;0;0;0;0;0;0;0;0;0;0;0
FR;11;2021-03-07;0;0;0;0;0;0;0;0;0;0;0;0;0;0;0;0;0;0
FR;11;2021-03-08;0;0;0;0;0;0;0;0;0;0;0;0;0;0;0;0;0;0
FR;11;2021-03-09;0;0;0;0;0;0;0;0;0;0;0;0;0;0;0;0;0;0
FR;11;2021-03-10;0;0;0;0;0;0;0;0;0;0;0;0;0;0;0;0;0;0
FR;11;2021-03-11;0;0;0;0;0;0;0;0;0;0;0;0;0;0;0;0;0;0
FR;11;2021-03-12;0;0;0;0;0;0;0;0;0;0;0;0;0;0;0;0;0;0
FR;11;2021-03-13;0;0;0;0;0;0;0;0;0;0;0;0;0;0;0;0;0;0
FR;11;2021-03-14;0;0;0;0;0;0;0;0;0;0;0;0;0;0;0;0;0;0
FR;11;2021-03-15;0;0;0;0;0;0;0;0;0;0;0;0;0;0;0;0;0;0
FR;11;2021-03-16;0;0;0;0;0;0;0;0;0;0;0;0;0;0;0;0;0;0
FR;11;2021-03-17;0;0;0;0;0;0;0;0;0;0;0;0;0;0;0;0;0;0
FR;11;2021-03-18;0;0;0;0;0;0;0;0;0;0;0;0;0;0;0;0;0;0
FR;11;2021-03-19;0;0;0;0;0;0;0;0;0;0;0;0;0;0;0;0;0;0
FR;11;2021-03-20;0;0;0;0;0;0;0;0;0;0;0;0;0;0;0;0;0;0
FR;11;2021-03-21;0;0;0;0;0;0;0;0;0;0;0;0;0;0;0;0;0;0
FR;11;2021-03-22;0;0;0;0;0;0;0;0;0;0;0;0;0;0;0;0;0;0
FR;11;2021-03-23;0;0;0;0;0;0;0;0;0;0;0;0;0;0;0;0;0;0
FR;11;2021-03-24;0;0;0;0;0;0;0;0;0;0;0;0;0;0;0;0;0;0
FR;11;2021-03-25;0;0;0;0;0;0;0;0;0;0;0;0;0;0;0;0;0;0
FR;11;2021-03-26;0;0;0;0;0;0;0;0;0;0;0;0;0;0;0;0;0;0
FR;11;2021-03-27;0;0;0;0;0;0;0;0;0;0;0;0;0;0;0;0;0;0
FR;11;2021-03-28;0;0;0;0;0;0;0;0;0;0;0;0;0;0;0;0;0;0
FR;11;2021-03-29;0;0;0;0;0;0;0;0;0;0;0;0;0;0;0;0;0;0
FR;11;2021-03-30;0;0;0;0;0;0;0;0;0;0;0;0;0;0;0;0;0;0
FR;11;2021-03-31;0;0;0;0;0;0;0;0;0;0;0;0;0;0;0;0;0;0
FR;11;2021-04-01;0;0;0;0;0;0;0;0;0;0;0;0;0;0;0;0;0;0
FR;11;2021-04-02;0;0;0;0;0;0;0;0;0;0;0;0;0;0;0;0;0;0
FR;11;2021-04-03;0;0;0;0;0;0;0;0;0;0;0;0;0;0;0;0;0;0
FR;11;2021-04-04;0;0;0;0;0;0;0;0;0;0;0;0;0;0;0;0;0;0
FR;11;2021-04-05;0;0;0;0;0;0;0;0;0;0;0;0;0;0;0;0;0;0
FR;11;2021-04-06;0;0;0;0;0;0;0;0;0;0;0;0;0;0;0;0;0;0
FR;11;2021-04-07;0;0;0;0;0;0;0;0;0;0;0;0;0;0;0;0;0;0
FR;11;2021-04-08;0;0;0;0;0;0;0;0;0;0;0;0;0;0;0;0;0;0
FR;11;2021-04-09;0;0;0;0;0;0;0;0;0;0;0;0;0;0;0;0;0;0
FR;11;2021-04-10;0;0;0;0;0;0;0;0;0;0;0;0;0;0;0;0;0;0
FR;11;2021-04-11;0;0;0;0;0;0;0;0;0;0;0;0;0;0;0;0;0;0
FR;11;2021-04-12;0;0;0;0;0;0;0;0;0;0;0;0;0;0;0;0;0;0
FR;11;2021-04-13;0;0;0;0;0;0;0;0;0;0;0;0;0;0;0;0;0;0
FR;11;2021-04-14;0;0;0;0;0;0;0;0;0;0;0;0;0;0;0;0;0;0
FR;11;2021-04-15;0;0;0;0;0;0;0;0;0;0;0;0;0;0;0;0;0;0
FR;11;2021-04-16;0;0;0;0;0;0;0;0;0;0;0;0;0;0;0;0;0;0
FR;11;2021-04-17;0;0;0;0;0;0;0;0;0;0;0;0;0;0;0;0;0;0
FR;11;2021-04-18;0;0;0;0;0;0;0;0;0;0;0;0;0;0;0;0;0;0
FR;11;2021-04-19;0;0;0;0;0;0;0;0;0;0;0;0;0;0;0;0;0;0
FR;11;2021-04-20;0;0;0;0;0;0;0;0;0;0;0;0;0;0;0;0;0;0
FR;11;2021-04-21;0;0;0;0;0;0;0;0;0;0;0;0;0;0;0;0;0;0
FR;11;2021-04-22;0;0;0;0;0;0;0;0;0;0;0;0;0;0;0;0;0;0
FR;11;2021-04-23;0;0;0;0;0;0;0;0;0;0;0;0;0;0;0;0;0;0
FR;11;2021-04-24;0;0;0;0;0;0;0;0;0;0;0;0;0;0;0;0;0;0
FR;11;2021-04-25;0;0;0;0;0;0;0;0;0;0;0;0;0;0;0;0;0;0
FR;11;2021-04-26;0;0;0;0;0;0;0;0;0;0;0;0;0;0;0;0;0;0
FR;11;2021-04-27;0;0;0;0;0;0;0;0;0;0;0;0;0;0;0;0;0;0
FR;11;2021-04-28;0;0;0;0;0;0;0;0;0;0;0;0;0;0;0;0;0;0
FR;11;2021-04-29;0;0;0;0;0;0;0;0;0;0;0;0;0;0;0;0;0;0
FR;11;2021-04-30;0;0;0;0;0;0;0;0;0;0;0;0;0;0;0;0;0;0
FR;11;2021-05-01;0;0;0;0;0;0;0;0;0;0;0;0;0;0;0;0;0;0
FR;11;2021-05-02;0;0;0;0;0;0;0;0;0;0;0;0;0;0;0;0;0;0
FR;11;2021-05-03;0;0;0;0;0;0;0;0;0;0;0;0;0;0;0;0;0;0
FR;11;2021-05-04;0;0;0;0;0;0;0;0;0;0;0;0;0;0;0;0;0;0
FR;11;2021-05-05;0;0;0;0;0;0;0;0;0;0;0;0;0;0;0;0;0;0
FR;11;2021-05-06;0;0;0;0;0;0;0;0;0;0;0;0;0;0;0;0;0;0
FR;11;2021-05-07;0;0;0;0;0;0;0;0;0;0;0;0;0;0;0;0;0;0
FR;11;2021-05-08;0;0;0;0;0;0;0;0;0;0;0;0;0;0;0;0;0;0
FR;11;2021-05-09;0;0;0;0;0;0;0;0;0;0;0;0;0;0;0;0;0;0
FR;11;2021-05-10;0;0;0;0;0;0;0;0;0;0;0;0;0;0;0;0;0;0
FR;11;2021-05-11;0;0;0;0;0;0;0;0;0;0;0;0;0;0;0;0;0;0
FR;11;2021-05-12;0;0;0;0;0;0;0;0;0;0;0;0;0;0;0;0;0;0
FR;11;2021-05-13;0;0;0;0;0;0;0;0;0;0;0;0;0;0;0;0;0;0
FR;11;2021-05-14;0;0;0;0;0;0;0;0;0;0;0;0;0;0;0;0;0;0
FR;11;2021-05-15;0;0;0;0;0;0;0;0;0;0;0;0;0;0;0;0;0;0
FR;11;2021-05-16;0;0;0;0;0;0;0;0;0;0;0;0;0;0;0;0;0;0
FR;11;2021-05-17;0;0;0;0;0;0;0;0;0;0;0;0;0;0;0;0;0;0
FR;11;2021-05-18;0;0;0;0;0;0;0;0;0;0;0;0;0;0;0;0;0;0
FR;11;2021-05-19;0;0;0;0;0;0;0;0;0;0;0;0;0;0;0;0;0;0
FR;11;2021-05-20;0;0;0;0;0;0;0;0;0;0;0;0;0;0;0;0;0;0
FR;11;2021-05-21;0;0;0;0;0;0;0;0;0;0;0;0;0;0;0;0;0;0
FR;11;2021-05-22;0;0;0;0;0;0;0;0;0;0;0;0;0;0;0;0;0;0
FR;11;2021-05-23;0;0;0;0;0;0;0;0;0;0;0;0;0;0;0;0;0;0
FR;11;2021-05-24;0;0;0;0;0;0;0;0;0;0;0;0;0;0;0;0;0;0
FR;11;2021-05-25;0;0;0;0;0;0;0;0;0;0;0;0;0;0;0;0;0;0
FR;11;2021-05-26;0;0;0;0;0;0;0;0;0;0;0;0;0;0;0;0;0;0
FR;11;2021-05-27;0;0;0;0;0;0;0;0;0;0;0;0;0;0;0;0;0;0
FR;11;2021-05-28;0;0;0;0;0;0;0;0;0;0;0;0;0;0;0;0;0;0
FR;11;2021-05-29;0;0;0;0;0;0;0;0;0;0;0;0;0;0;0;0;0;0
FR;11;2021-05-30;0;0;0;0;0;0;0;0;0;0;0;0;0;0;0;0;0;0
FR;11;2021-05-31;0;0;0;0;0;0;0;0;0;0;0;0;0;0;0;0;0;0
FR;11;2021-06-01;0;0;0;0;0;0;0;0;0;0;0;0;0;0;0;0;0;0
FR;11;2021-06-02;0;0;0;0;0;0;0;0;0;0;0;0;0;0;0;0;0;0
FR;11;2021-06-03;0;0;0;0;0;0;0;0;0;0;0;0;0;0;0;0;0;0
FR;11;2021-06-04;0;0;0;0;0;0;0;0;0;0;0;0;0;0;0;0;0;0
FR;11;2021-06-05;0;0;0;0;0;0;0;0;0;0;0;0;0;0;0;0;0;0
FR;11;2021-06-06;0;0;0;0;0;0;0;0;0;0;0;0;0;0;0;0;0;0
FR;11;2021-06-07;0;0;0;0;0;0;0;0;0;0;0;0;0;0;0;0;0;0
FR;11;2021-06-08;0;0;0;0;0;0;0;0;0;0;0;0;0;0;0;0;0;0
FR;11;2021-06-09;0;0;0;0;0;0;0;0;0;0;0;0;0;0;0;0;0;0
FR;11;2021-06-10;0;0;0;0;0;0;0;0;0;0;0;0;0;0;0;0;0;0
FR;11;2021-06-11;0;0;0;0;0;0;0;0;0;0;0;0;0;0;0;0;0;0
FR;11;2021-06-12;0;0;0;0;0;0;0;0;0;0;0;0;0;0;0;0;0;0
FR;11;2021-06-13;0;0;0;0;0;0;0;0;0;0;0;0;0;0;0;0;0;0
FR;11;2021-06-14;0;0;0;0;0;0;0;0;0;0;0;0;0;0;0;0;0;0
FR;11;2021-06-15;0;0;0;0;0;0;0;0;0;0;0;0;0;0;0;0;0;0
FR;11;2021-06-16;0;0;0;0;0;0;0;0;0;0;0;0;0;0;0;0;0;0
FR;11;2021-06-17;0;0;0;0;0;0;0;0;0;0;0;0;0;0;0;0;0;0
FR;11;2021-06-18;0;0;0;0;0;0;0;0;0;0;0;0;0;0;0;0;0;0
FR;11;2021-06-19;0;0;0;0;0;0;0;0;0;0;0;0;0;0;0;0;0;0
FR;11;2021-06-20;0;0;0;0;0;0;0;0;0;0;0;0;0;0;0;0;0;0
FR;11;2021-06-21;0;0;0;0;0;0;0;0;0;0;0;0;0;0;0;0;0;0
FR;11;2021-06-22;0;0;0;0;0;0;0;0;0;0;0;0;0;0;0;0;0;0
FR;11;2021-06-23;0;0;0;0;0;0;0;0;0;0;0;0;0;0;0;0;0;0
FR;11;2021-06-24;0;0;0;0;0;0;0;0;0;0;0;0;0;0;0;0;0;0
FR;11;2021-06-25;0;0;0;0;0;0;0;0;0;0;0;0;0;0;0;0;0;0
FR;11;2021-06-26;0;0;0;0;0;0;0;0;0;0;0;0;0;0;0;0;0;0
FR;11;2021-06-27;0;0;0;0;0;0;0;0;0;0;0;0;0;0;0;0;0;0
FR;11;2021-06-28;0;0;0;0;0;0;0;0;0;0;0;0;0;0;0;0;0;0
FR;11;2021-06-29;0;0;0;0;0;0;0;0;0;0;0;0;0;0;0;0;0;0
FR;11;2021-06-30;0;0;0;0;0;0;0;0;0;0;0;0;0;0;0;0;0;0
FR;11;2021-07-01;0;0;0;0;0;0;0;0;0;0;0;0;0;0;0;0;0;0
FR;11;2021-07-02;0;0;0;0;0;0;0;0;0;0;0;0;0;0;0;0;0;0
FR;11;2021-07-03;0;0;0;0;0;0;0;0;0;0;0;0;0;0;0;0;0;0
FR;11;2021-07-04;0;0;0;0;0;0;0;0;0;0;0;0;0;0;0;0;0;0
FR;11;2021-07-05;0;0;0;0;0;0;0;0;0;0;0;0;0;0;0;0;0;0
FR;11;2021-07-06;0;0;0;0;0;0;0;0;0;0;0;0;0;0;0;0;0;0
FR;11;2021-07-07;0;0;0;0;0;0;0;0;0;0;0;0;0;0;0;0;0;0
FR;11;2021-07-08;0;0;0;0;0;0;0;0;0;0;0;0;0;0;0;0;0;0
FR;11;2021-07-09;0;0;0;0;0;0;0;0;0;0;0;0;0;0;0;0;0;0
FR;11;2021-07-10;0;0;0;0;0;0;0;0;0;0;0;0;0;0;0;0;0;0
FR;11;2021-07-11;0;0;0;0;0;0;0;0;0;0;0;0;0;0;0;0;0;0
FR;11;2021-07-12;0;0;0;0;0;0;0;0;0;0;0;0;0;0;0;0;0;0
FR;11;2021-07-13;0;0;0;0;0;0;0;0;0;0;0;0;0;0;0;0;0;0
FR;11;2021-07-14;0;0;0;0;0;0;0;0;0;0;0;0;0;0;0;0;0;0
FR;11;2021-07-15;0;0;0;0;0;0;0;0;0;0;0;0;0;0;0;0;0;0
FR;11;2021-07-16;0;0;0;0;0;0;0;0;0;0;0;0;0;0;0;0;0;0
FR;11;2021-07-17;0;0;0;0;0;0;0;0;0;0;0;0;0;0;0;0;0;0
FR;11;2021-07-18;0;0;0;0;0;0;0;0;0;0;0;0;0;0;0;0;0;0
FR;11;2021-07-19;0;0;0;0;0;0;0;0;0;0;0;0;0;0;0;0;0;0
FR;11;2021-07-20;0;0;0;0;0;0;0;0;0;0;0;0;0;0;0;0;0;0
FR;11;2021-07-21;0;0;0;0;0;0;0;0;0;0;0;0;0;0;0;0;0;0
FR;11;2021-07-22;0;0;0;0;0;0;0;0;0;0;0;0;0;0;0;0;0;0
FR;11;2021-07-23;0;0;0;0;0;0;0;0;0;0;0;0;0;0;0;0;0;0
FR;11;2021-07-24;0;0;0;0;0;0;0;0;0;0;0;0;0;0;0;0;0;0
FR;11;2021-07-25;0;0;0;0;0;0;0;0;0;0;0;0;0;0;0;0;0;0
FR;11;2021-07-26;0;0;0;0;0;0;0;0;0;0;0;0;0;0;0;0;0;0
FR;11;2021-07-27;0;0;0;0;0;0;0;0;0;0;0;0;0;0;0;0;0;0
FR;11;2021-07-28;0;0;0;0;0;0;0;0;0;0;0;0;0;0;0;0;0;0
FR;11;2021-07-29;0;0;0;0;0;0;0;0;0;0;0;0;0;0;0;0;0;0
FR;11;2021-07-30;0;0;0;0;0;0;0;0;0;0;0;0;0;0;0;0;0;0
FR;11;2021-07-31;0;0;0;0;0;0;0;0;0;0;0;0;0;0;0;0;0;0
FR;11;2021-08-01;0;0;0;0;0;0;0;0;0;0;0;0;0;0;0;0;0;0
FR;11;2021-08-02;0;0;0;0;0;0;0;0;0;0;0;0;0;0;0;0;0;0
FR;11;2021-08-03;0;0;0;0;0;0;0;0;0;0;0;0;0;0;0;0;0;0
FR;11;2021-08-04;0;0;0;0;0;0;0;0;0;0;0;0;0;0;0;0;0;0
FR;11;2021-08-05;0;0;0;0;0;0;0;0;0;0;0;0;0;0;0;0;0;0
FR;11;2021-08-06;0;0;0;0;0;0;0;0;0;0;0;0;0;0;0;0;0;0
FR;11;2021-08-07;0;0;0;0;0;0;0;0;0;0;0;0;0;0;0;0;0;0
FR;11;2021-08-08;0;0;0;0;0;0;0;0;0;0;0;0;0;0;0;0;0;0
FR;11;2021-08-09;0;0;0;0;0;0;0;0;0;0;0;0;0;0;0;0;0;0
FR;11;2021-08-10;0;0;0;0;0;0;0;0;0;0;0;0;0;0;0;0;0;0
FR;11;2021-08-11;0;0;0;0;0;0;0;0;0;0;0;0;0;0;0;0;0;0
FR;11;2021-08-12;0;0;0;0;0;0;0;0;0;0;0;0;0;0;0;0;0;0
FR;11;2021-08-13;0;0;0;0;0;0;0;0;0;0;0;0;0;0;0;0;0;0
FR;11;2021-08-14;0;0;0;0;0;0;0;0;0;0;0;0;0;0;0;0;0;0
FR;11;2021-08-15;0;0;0;0;0;0;0;0;0;0;0;0;0;0;0;0;0;0
FR;11;2021-08-16;0;0;0;0;0;0;0;0;0;0;0;0;0;0;0;0;0;0
FR;11;2021-08-17;0;0;0;0;0;0;0;0;0;0;0;0;0;0;0;0;0;0
FR;11;2021-08-18;0;0;0;0;0;0;0;0;0;0;0;0;0;0;0;0;0;0
FR;11;2021-08-19;0;0;0;0;0;0;0;0;0;0;0;0;0;0;0;0;0;0
FR;11;2021-08-20;0;0;0;0;0;0;0;0;0;0;0;0;0;0;0;0;0;0
FR;11;2021-08-21;0;0;0;0;0;0;0;0;0;0;0;0;0;0;0;0;0;0
FR;11;2021-08-22;0;0;0;0;0;0;0;0;0;0;0;0;0;0;0;0;0;0
FR;11;2021-08-23;0;0;0;0;0;0;0;0;0;0;0;0;0;0;0;0;0;0
FR;11;2021-08-24;0;0;0;0;0;0;0;0;0;0;0;0;0;0;0;0;0;0
FR;11;2021-08-25;0;0;0;0;0;0;0;0;0;0;0;0;0;0;0;0;0;0
FR;11;2021-08-26;0;0;0;0;0;0;0;0;0;0;0;0;0;0;0;0;0;0
FR;11;2021-08-27;0;0;0;0;0;0;0;0;0;0;0;0;0;0;0;0;0;0
FR;11;2021-08-28;0;0;0;0;0;0;0;0;0;0;0;0;0;0;0;0;0;0
FR;11;2021-08-29;0;0;0;0;0;0;0;0;0;0;0;0;0;0;0;0;0;0
FR;11;2021-08-30;0;0;0;0;0;0;0;0;0;0;0;0;0;0;0;0;0;0
FR;11;2021-08-31;0;0;0;0;0;0;0;0;0;0;0;0;0;0;0;0;0;0
FR;11;2021-09-01;0;0;0;0;0;0;0;0;0;0;0;0;0;0;0;0;0;0
FR;11;2021-09-02;0;0;0;0;0;0;0;0;0;0;0;0;0;0;0;0;0;0
FR;11;2021-09-03;0;0;0;0;0;0;0;0;0;0;0;0;0;0;0;0;0;0
FR;11;2021-09-04;0;0;0;0;0;0;0;0;0;0;0;0;0;0;0;0;0;0
FR;11;2021-09-05;0;0;0;0;0;0;0;0;0;0;0;0;0;0;0;0;0;0
FR;11;2021-09-06;0;0;0;0;0;0;0;0;0;0;0;0;0;0;0;0;0;0
FR;11;2021-09-07;0;0;0;0;0;0;0;0;0;0;0;0;0;0;0;0;0;0
FR;11;2021-09-08;0;0;0;0;0;0;0;0;0;0;0;0;0;0;0;0;0;0
FR;11;2021-09-09;0;0;0;0;0;0;0;0;0;0;0;0;0;0;0;0;0;0
FR;11;2021-09-10;0;0;0;0;0;0;0;0;0;0;0;0;0;0;0;0;0;0
FR;11;2021-09-11;0;0;0;0;0;0;0;0;0;0;0;0;0;0;0;0;0;0
FR;11;2021-09-12;0;0;0;0;0;0;0;0;0;0;0;0;0;0;0;0;0;0
FR;11;2021-09-13;0;0;0;0;0;0;0;0;0;0;0;0;0;0;0;0;0;0
FR;11;2021-09-14;0;0;0;0;0;0;0;0;0;0;0;0;0;0;0;0;0;0
FR;11;2021-09-15;0;0;0;0;0;0;0;0;0;0;0;0;0;0;0;0;0;0
FR;11;2021-09-16;0;0;0;0;0;0;0;0;0;0;0;0;0;0;0;0;0;0
FR;11;2021-09-17;0;0;0;0;0;0;0;0;0;0;0;0;0;0;0;0;0;0
FR;11;2021-09-18;0;0;0;0;0;0;0;0;0;0;0;0;0;0;0;0;0;0
FR;11;2021-09-19;0;0;0;0;0;0;0;0;0;0;0;0;0;0;0;0;0;0
FR;11;2021-09-20;0;0;0;0;0;0;0;0;0;0;0;0;0;0;0;0;0;0
FR;11;2021-09-21;0;0;0;0;0;0;0;0;0;0;0;0;0;0;0;0;0;0
FR;11;2021-09-22;0;0;0;0;0;0;0;0;0;0;0;0;0;0;0;0;0;0
FR;11;2021-09-23;0;0;0;0;0;0;0;0;0;0;0;0;0;0;0;0;0;0
FR;11;2021-09-24;0;0;0;0;0;0;0;0;0;0;0;0;0;0;0;0;0;0
FR;11;2021-09-25;0;0;0;0;0;0;0;0;0;0;0;0;0;0;0;0;0;0
FR;11;2021-09-26;0;0;0;0;0;0;0;0;0;0;0;0;0;0;0;0;0;0
FR;11;2021-09-27;0;0;0;0;0;0;0;0;0;0;0;0;0;0;0;0;0;0
FR;11;2021-09-28;0;0;0;0;0;0;0;0;0;0;0;0;0;0;0;0;0;0
FR;11;2021-09-29;0;0;0;0;0;0;0;0;0;0;0;0;0;0;0;0;0;0
FR;11;2021-09-30;0;0;0;0;0;0;0;0;0;0;0;0;0;0;0;0;0;0
FR;11;2021-10-01;0;0;0;0;0;0;0;0;0;0;0;0;0;0;0;0;0;0
FR;11;2021-10-02;0;0;0;0;0;0;0;0;0;0;0;0;0;0;0;0;0;0
FR;11;2021-10-03;0;0;0;0;0;0;0;0;0;0;0;0;0;0;0;0;0;0
FR;11;2021-10-04;0;0;0;0;0;0;0;0;0;0;0;0;0;0;0;0;0;0
FR;11;2021-10-05;0;0;0;0;0;0;0;0;0;0;0;0;0;0;0;0;0;0
FR;11;2021-10-06;0;0;0;0;0;0;0;0;0;0;0;0;0;0;0;0;0;0
FR;11;2021-10-07;0;0;0;0;0;0;0;0;0;0;0;0;0;0;0;0;0;0
FR;11;2021-10-08;0;0;0;0;0;0;0;0;0;0;0;0;0;0;0;0;0;0
FR;11;2021-10-09;0;0;0;0;0;0;0;0;0;0;0;0;0;0;0;0;0;0
FR;11;2021-10-10;0;0;0;0;0;0;0;0;0;0;0;0;0;0;0;0;0;0
FR;11;2021-10-11;0;0;0;0;0;0;0;0;0;0;0;0;0;0;0;0;0;0
FR;11;2021-10-12;0;0;0;0;0;0;0;0;0;0;0;0;0;0;0;0;0;0
FR;11;2021-10-13;0;0;0;0;0;0;0;0;0;0;0;0;0;0;0;0;0;0
FR;11;2021-10-14;0;0;0;0;0;0;0;0;0;0;0;0;0;0;0;0;0;0
FR;11;2021-10-15;0;0;0;0;0;0;0;0;0;0;0;0;0;0;0;0;0;0
FR;11;2021-10-16;0;0;0;0;0;0;0;0;0;0;0;0;0;0;0;0;0;0
FR;11;2021-10-17;0;0;0;0;0;0;0;0;0;0;0;0;0;0;0;0;0;0
FR;11;2021-10-18;0;0;0;0;0;0;0;0;0;0;0;0;0;0;0;0;0;0
FR;11;2021-10-19;0;0;0;0;0;0;0;0;0;0;0;0;0;0;0;0;0;0
FR;11;2021-10-20;0;0;0;0;0;0;0;0;0;0;0;0;0;0;0;0;0;0
FR;11;2021-10-21;0;0;0;0;0;0;0;0;0;0;0;0;0;0;0;0;0;0
FR;11;2021-10-22;0;0;0;0;0;0;0;0;0;0;0;0;0;0;0;0;0;0
FR;11;2021-10-23;0;0;0;0;0;0;0;0;0;0;0;0;0;0;0;0;0;0
FR;11;2021-10-24;0;0;0;0;0;0;0;0;0;0;0;0;0;0;0;0;0;0
FR;11;2021-10-25;0;0;0;0;0;0;0;0;0;0;0;0;0;0;0;0;0;0
FR;11;2021-10-26;0;0;0;0;0;0;0;0;0;0;0;0;0;0;0;0;0;0
FR;11;2021-10-27;0;0;0;0;0;0;0;0;0;0;0;0;0;0;0;0;0;0
FR;11;2021-10-28;0;0;0;0;0;0;0;0;0;0;0;0;0;0;0;0;0;0
FR;11;2021-10-29;0;0;0;0;0;0;0;0;0;0;0;0;0;0;0;0;0;0
FR;11;2021-10-30;0;0;0;0;0;0;0;0;0;0;0;0;0;0;0;0;0;0
FR;11;2021-10-31;0;0;0;0;0;0;0;0;0;0;0;0;0;0;0;0;0;0
FR;11;2021-11-01;0;0;0;0;0;0;0;0;0;0;0;0;0;0;0;0;0;0
FR;11;2021-11-02;0;0;0;0;0;0;0;0;0;0;0;0;0;0;0;0;0;0
FR;11;2021-11-03;0;0;0;0;0;0;0;0;0;0;0;0;0;0;0;0;0;0
FR;11;2021-11-04;0;0;0;0;0;0;0;0;0;0;0;0;0;0;0;0;0;0
FR;11;2021-11-05;0;0;0;0;0;0;0;0;0;0;0;0;0;0;0;0;0;0
FR;11;2021-11-06;0;0;0;0;0;0;0;0;0;0;0;0;0;0;0;0;0;0
FR;11;2021-11-07;0;0;0;0;0;0;0;0;0;0;0;0;0;0;0;0;0;0
FR;11;2021-11-08;0;0;0;0;0;0;0;0;0;0;0;0;0;0;0;0;0;0
FR;11;2021-11-09;0;0;0;0;0;0;0;0;0;0;0;0;0;0;0;0;0;0
FR;11;2021-11-10;0;0;0;0;0;0;0;0;0;0;0;0;0;0;0;0;0;0
FR;11;2021-11-11;0;0;0;0;0;0;0;0;0;0;0;0;0;0;0;0;0;0
FR;11;2021-11-12;0;0;0;0;0;0;0;0;0;0;0;0;0;0;0;0;0;0
FR;11;2021-11-13;0;0;0;0;0;0;0;0;0;0;0;0;0;0;0;0;0;0
FR;11;2021-11-14;0;0;0;0;0;0;0;0;0;0;0;0;0;0;0;0;0;0
FR;11;2021-11-15;0;0;0;0;0;0;0;0;0;0;0;0;0;0;0;0;0;0
FR;11;2021-11-16;0;0;0;0;0;0;0;0;0;0;0;0;0;0;0;0;0;0
FR;11;2021-11-17;0;0;0;0;0;0;0;0;0;0;0;0;0;0;0;0;0;0
FR;11;2021-11-18;0;0;0;0;0;0;0;0;0;0;0;0;0;0;0;0;0;0
FR;11;2021-11-19;0;0;0;0;0;0;0;0;0;0;0;0;0;0;0;0;0;0
FR;11;2021-11-20;0;0;0;0;0;0;0;0;0;0;0;0;0;0;0;0;0;0
FR;11;2021-11-21;0;0;0;0;0;0;0;0;0;0;0;0;0;0;0;0;0;0
FR;11;2021-11-22;0;0;0;0;0;0;0;0;0;0;0;0;0;0;0;0;0;0
FR;11;2021-11-23;0;0;0;0;0;0;0;0;0;0;0;0;0;0;0;0;0;0
FR;11;2021-11-24;0;0;0;0;0;0;0;0;0;0;0;0;0;0;0;0;0;0
FR;11;2021-11-25;0;0;0;0;0;0;0;0;0;0;0;0;0;0;0;0;0;0
FR;11;2021-11-26;0;0;0;0;0;0;0;0;0;0;0;0;0;0;0;0;0;0
FR;11;2021-11-27;0;0;0;0;0;0;0;0;0;0;0;0;0;0;0;0;0;0
FR;11;2021-11-28;0;0;0;0;0;0;0;0;0;0;0;0;0;0;0;0;0;0
FR;11;2021-11-29;0;0;0;0;0;0;0;0;0;0;0;0;0;0;0;0;0;0
FR;11;2021-11-30;0;0;0;0;0;0;0;0;0;0;0;0;0;0;0;0;0;0
FR;11;2021-12-01;0;0;0;0;0;0;0;0;0;0;0;0;0;0;0;0;0;0
FR;11;2021-12-02;0;0;0;0;0;0;0;0;0;0;0;0;0;0;0;0;0;0
FR;11;2021-12-03;0;0;0;0;0;0;0;0;0;0;0;0;0;0;0;0;0;0
FR;11;2021-12-04;0;0;0;0;0;0;0;0;0;0;0;0;0;0;0;0;0;0
FR;11;2021-12-05;0;0;0;0;0;0;0;0;0;0;0;0;0;0;0;0;0;0
FR;11;2021-12-06;0;0;0;0;0;0;0;0;0;0;0;0;0;0;0;0;0;0
FR;11;2021-12-07;0;0;0;0;0;0;0;0;0;0;0;0;0;0;0;0;0;0
FR;11;2021-12-08;0;0;0;0;0;0;0;0;0;0;0;0;0;0;0;0;0;0
FR;11;2021-12-09;0;0;0;0;0;0;0;0;0;0;0;0;0;0;0;0;0;0
FR;11;2021-12-10;0;0;0;0;0;0;0;0;0;0;0;0;0;0;0;0;0;0
FR;11;2021-12-11;0;0;0;0;0;0;0;0;0;0;0;0;0;0;0;0;0;0
FR;11;2021-12-12;0;0;0;0;0;0;0;0;0;0;0;0;0;0;0;0;0;0
FR;11;2021-12-13;0;0;0;0;0;0;0;0;0;0;0;0;0;0;0;0;0;0
FR;11;2021-12-14;0;0;0;0;0;0;0;0;0;0;0;0;0;0;0;0;0;0
FR;11;2021-12-15;0;0;0;0;0;0;0;0;0;0;0;0;0;0;0;0;0;0
FR;11;2021-12-16;0;0;0;0;0;0;0;0;0;0;0;0;0;0;0;0;0;0
FR;11;2021-12-17;0;0;0;0;0;0;0;0;0;0;0;0;0;0;0;0;0;0
FR;11;2021-12-18;0;0;0;0;0;0;0;0;0;0;0;0;0;0;0;0;0;0
FR;11;2021-12-19;0;0;0;0;0;0;0;0;0;0;0;0;0;0;0;0;0;0
FR;11;2021-12-20;0;0;0;0;0;0;0;0;0;0;0;0;0;0;0;0;0;0
FR;11;2021-12-21;0;0;0;0;0;0;0;0;0;0;0;0;0;0;0;0;0;0
FR;11;2021-12-22;0;0;0;0;0;0;0;0;0;0;0;0;0;0;0;0;0;0
FR;11;2021-12-23;0;0;0;0;0;0;0;0;0;0;0;0;0;0;0;0;0;0
FR;11;2021-12-24;0;0;0;0;0;0;0;0;0;0;0;0;0;0;0;0;0;0
FR;11;2021-12-25;0;0;0;0;0;0;0;0;0;0;0;0;0;0;0;0;0;0
FR;11;2021-12-26;0;0;0;0;0;0;0;0;0;0;0;0;0;0;0;0;0;0
FR;11;2021-12-27;0;0;0;0;0;0;0;0;0;0;0;0;0;0;0;0;0;0
FR;11;2021-12-28;0;0;0;0;0;0;0;0;0;0;0;0;0;0;0;0;0;0
FR;11;2021-12-29;0;0;0;0;0;0;0;0;0;0;0;0;0;0;0;0;0;0
FR;11;2021-12-30;0;0;0;0;0;0;0;0;0;0;0;0;0;0;0;0;0;0
FR;11;2021-12-31;0;0;0;0;0;0;0;0;0;0;0;0;0;0;0;0;0;0
FR;11;2022-01-01;0;0;0;0;0;0;0;0;0;0;0;0;0;0;0;0;0;0
FR;11;2022-01-02;0;0;0;0;0;0;0;0;0;0;0;0;0;0;0;0;0;0
FR;11;2022-01-03;0;0;0;0;0;0;0;0;0;0;0;0;0;0;0;0;0;0
FR;11;2022-01-04;0;0;0;0;0;0;0;0;0;0;0;0;0;0;0;0;0;0
FR;11;2022-01-05;0;0;0;0;0;0;0;0;0;0;0;0;0;0;0;0;0;0
FR;11;2022-01-06;0;0;0;0;0;0;0;0;0;0;0;0;0;0;0;0;0;0
FR;11;2022-01-07;0;0;0;0;0;0;0;0;0;0;0;0;0;0;0;0;0;0
FR;11;2022-01-08;0;0;0;0;0;0;0;0;0;0;0;0;0;0;0;0;0;0
FR;11;2022-01-09;0;0;0;0;0;0;0;0;0;0;0;0;0;0;0;0;0;0
FR;11;2022-01-10;0;0;0;0;0;0;0;0;0;0;0;0;0;0;0;0;0;0
FR;11;2022-01-11;0;0;0;0;0;0;0;0;0;0;0;0;0;0;0;0;0;0
FR;11;2022-01-12;0;0;0;0;0;0;0;0;0;0;0;0;0;0;0;0;0;0
FR;11;2022-01-13;0;0;0;0;0;0;0;0;0;0;0;0;0;0;0;0;0;0
FR;11;2022-01-14;0;0;0;0;0;0;0;0;0;0;0;0;0;0;0;0;0;0
FR;11;2022-01-15;0;0;0;0;0;0;0;0;0;0;0;0;0;0;0;0;0;0
FR;11;2022-01-16;0;0;0;0;0;0;0;0;0;0;0;0;0;0;0;0;0;0
FR;11;2022-01-17;0;0;0;0;0;0;0;0;0;0;0;0;0;0;0;0;0;0
FR;11;2022-01-18;0;0;0;0;0;0;0;0;0;0;0;0;0;0;0;0;0;0
FR;11;2022-01-19;0;0;0;0;0;0;0;0;0;0;0;0;0;0;0;0;0;0
FR;11;2022-01-20;0;0;0;0;0;0;0;0;0;0;0;0;0;0;0;0;0;0
FR;11;2022-01-21;0;0;0;0;0;0;0;0;0;0;0;0;0;0;0;0;0;0
FR;11;2022-01-22;0;0;0;0;0;0;0;0;0;0;0;0;0;0;0;0;0;0
FR;11;2022-01-23;0;0;0;0;0;0;0;0;0;0;0;0;0;0;0;0;0;0
FR;11;2022-01-24;0;0;0;0;0;0;0;0;0;0;0;0;0;0;0;0;0;0
FR;11;2022-01-25;0;0;0;0;0;0;0;0;0;0;0;0;0;0;0;0;0;0
FR;11;2022-01-26;0;0;0;0;0;0;0;0;0;0;0;0;0;0;0;0;0;0
FR;11;2022-01-27;0;0;0;0;0;0;0;0;0;0;0;0;0;0;0;0;0;0
FR;11;2022-01-28;0;0;0;0;0;0;0;0;0;0;0;0;0;0;0;0;0;0
FR;11;2022-01-29;0;0;0;0;0;0;0;0;0;0;0;0;0;0;0;0;0;0
FR;11;2022-01-30;0;0;0;0;0;0;0;0;0;0;0;0;0;0;0;0;0;0
FR;11;2022-01-31;0;0;0;0;0;0;0;0;0;0;0;0;0;0;0;0;0;0
FR;11;2022-02-01;0;0;0;0;0;0;0;0;0;0;0;0;0;0;0;0;0;0
FR;11;2022-02-02;0;0;0;0;0;0;0;0;0;0;0;0;0;0;0;0;0;0
FR;11;2022-02-03;0;0;0;0;0;0;0;0;0;0;0;0;0;0;0;0;0;0
FR;11;2022-02-04;0;0;0;0;0;0;0;0;0;0;0;0;0;0;0;0;0;0
FR;11;2022-02-05;0;0;0;0;0;0;0;0;0;0;0;0;0;0;0;0;0;0
FR;11;2022-02-06;0;0;0;0;0;0;0;0;0;0;0;0;0;0;0;0;0;0
FR;11;2022-02-07;0;0;0;0;0;0;0;0;0;0;0;0;0;0;0;0;0;0
FR;11;2022-02-08;0;0;0;0;0;0;0;0;0;0;0;0;0;0;0;0;0;0
FR;11;2022-02-09;0;0;0;0;0;0;0;0;0;0;0;0;0;0;0;0;0;0
FR;11;2022-02-10;0;0;0;0;0;0;0;0;0;0;0;0;0;0;0;0;0;0
FR;11;2022-02-11;0;0;0;0;0;0;0;0;0;0;0;0;0;0;0;0;0;0
FR;11;2022-02-12;0;0;0;0;0;0;0;0;0;0;0;0;0;0;0;0;0;0
FR;11;2022-02-13;0;0;0;0;0;0;0;0;0;0;0;0;0;0;0;0;0;0
FR;11;2022-02-14;0;0;0;0;0;0;0;0;0;0;0;0;0;0;0;0;0;0
FR;11;2022-02-15;0;0;0;0;0;0;0;0;0;0;0;0;0;0;0;0;0;0
FR;11;2022-02-16;0;0;0;0;0;0;0;0;0;0;0;0;0;0;0;0;0;0
FR;11;2022-02-17;0;0;0;0;0;0;0;0;0;0;0;0;0;0;0;0;0;0
FR;11;2022-02-18;0;0;0;0;0;0;0;0;0;0;0;0;0;0;0;0;0;0
FR;11;2022-02-19;0;0;0;0;0;0;0;0;0;0;0;0;0;0;0;0;0;0
FR;11;2022-02-20;0;0;0;0;0;0;0;0;0;0;0;0;0;0;0;0;0;0
FR;11;2022-02-21;0;0;0;0;0;0;0;0;0;0;0;0;0;0;0;0;0;0
FR;11;2022-02-22;0;0;0;0;0;0;0;0;0;0;0;0;0;0;0;0;0;0
FR;11;2022-02-23;0;0;0;0;0;0;0;0;0;0;0;0;0;0;0;0;0;0
FR;11;2022-02-24;0;0;0;0;0;0;0;0;0;0;0;0;0;0;0;0;0;0
FR;11;2022-02-25;0;0;0;0;0;0;0;0;0;0;0;0;0;0;0;0;0;0
FR;11;2022-02-26;0;0;0;0;0;0;0;0;0;0;0;0;0;0;0;0;0;0
FR;11;2022-02-27;0;0;0;0;0;0;0;0;0;0;0;0;0;0;0;0;0;0
FR;11;2022-02-28;0;0;0;0;0;0;0;0;0;0;0;0;0;0;0;0;0;0
FR;11;2022-03-01;0;0;0;0;0;0;0;0;0;0;0;0;0;0;0;0;0;0
FR;11;2022-03-02;0;0;0;0;0;0;0;0;0;0;0;0;0;0;0;0;0;0
FR;11;2022-03-03;0;0;0;0;0;0;0;0;0;0;0;0;0;0;0;0;0;0
FR;11;2022-03-04;0;0;0;0;0;0;0;0;0;0;0;0;0;0;0;0;0;0
FR;11;2022-03-05;0;0;0;0;0;0;0;0;0;0;0;0;0;0;0;0;0;0
FR;11;2022-03-06;0;0;0;0;0;0;0;0;0;0;0;0;0;0;0;0;0;0
FR;11;2022-03-07;0;0;0;0;0;0;0;0;0;0;0;0;0;0;0;0;0;0
FR;11;2022-03-08;0;0;0;0;0;0;0;0;0;0;0;0;0;0;0;0;0;0
FR;11;2022-03-09;0;0;0;0;0;0;0;0;0;0;0;0;0;0;0;0;0;0
FR;11;2022-03-10;0;0;0;0;0;0;0;0;0;0;0;0;0;0;0;0;0;0
FR;11;2022-03-11;0;0;0;0;0;0;0;0;0;0;0;0;0;0;0;0;0;0
FR;11;2022-03-12;0;0;0;0;0;0;0;0;0;0;0;0;0;0;0;0;0;0
FR;11;2022-03-13;0;0;0;0;0;0;0;0;0;0;0;0;0;0;0;0;0;0
FR;11;2022-03-14;0;0;0;0;0;0;0;0;0;0;0;0;0;0;0;0;0;0
FR;11;2022-03-15;0;0;0;0;0;0;0;0;0;0;0;0;0;0;0;0;0;0
FR;11;2022-03-16;0;0;0;0;0;0;0;0;0;0;0;0;0;0;0;0;0;0
FR;11;2022-03-17;0;0;0;0;0;0;0;0;0;0;0;0;0;0;0;0;0;0
FR;11;2022-03-18;0;0;0;0;0;0;0;0;0;0;0;0;0;0;0;0;0;0
FR;11;2022-03-19;0;0;0;0;0;0;0;0;0;0;0;0;0;0;0;0;0;0
FR;11;2022-03-20;0;0;0;0;0;0;0;0;0;0;0;0;0;0;0;0;0;0
FR;11;2022-03-21;0;0;0;0;0;0;0;0;0;0;0;0;0;0;0;0;0;0
FR;11;2022-03-22;0;0;0;0;0;0;0;0;0;0;0;0;0;0;0;0;0;0
FR;11;2022-03-23;0;0;0;0;0;0;0;0;0;0;0;0;0;0;0;0;0;0
FR;11;2022-03-24;0;0;0;0;0;0;0;0;0;0;0;0;0;0;0;0;0;0
FR;11;2022-03-25;0;0;0;0;0;0;0;0;0;0;0;0;0;0;0;0;0;0
FR;11;2022-03-26;0;0;0;0;0;0;0;0;0;0;0;0;0;0;0;0;0;0
FR;11;2022-03-27;0;0;0;0;0;0;0;0;0;0;0;0;0;0;0;0;0;0
FR;11;2022-03-28;0;0;0;0;0;0;0;0;0;0;0;0;0;0;0;0;0;0
FR;11;2022-03-29;0;0;0;0;0;0;0;0;0;0;0;0;0;0;0;0;0;0
FR;11;2022-03-30;0;0;0;0;0;0;0;0;0;0;0;0;0;0;0;0;0;0
FR;11;2022-03-31;0;0;0;0;0;0;0;0;0;0;0;0;0;0;0;0;0;0
FR;11;2022-04-01;0;0;0;0;0;0;0;0;0;0;0;0;0;0;0;0;0;0
FR;11;2022-04-02;0;0;0;0;0;0;0;0;0;0;0;0;0;0;0;0;0;0
FR;11;2022-04-03;0;0;0;0;0;0;0;0;0;0;0;0;0;0;0;0;0;0
FR;11;2022-04-04;0;0;0;0;0;0;0;0;0;0;0;0;0;0;0;0;0;0
FR;11;2022-04-05;0;0;0;0;0;0;0;0;0;0;0;0;0;0;0;0;0;0
FR;11;2022-04-06;0;0;0;0;0;0;0;0;0;0;0;0;0;0;0;0;0;0
FR;11;2022-04-07;0;0;0;0;0;0;0;0;0;0;0;0;0;0;0;0;0;0
FR;11;2022-04-08;0;0;0;0;0;0;0;0;0;0;0;0;0;0;0;0;0;0
FR;11;2022-04-09;0;0;0;0;0;0;0;0;0;0;0;0;0;0;0;0;0;0
FR;11;2022-04-10;0;0;0;0;0;0;0;0;0;0;0;0;0;0;0;0;0;0
FR;11;2022-04-11;0;0;0;0;0;0;0;0;0;0;0;0;0;0;0;0;0;0
FR;11;2022-04-12;0;0;0;0;0;0;0;0;0;0;0;0;0;0;0;0;0;0
FR;11;2022-04-13;0;0;0;0;0;0;0;0;0;0;0;0;0;0;0;0;0;0
FR;11;2022-04-14;0;0;0;0;0;0;0;0;0;0;0;0;0;0;0;0;0;0
FR;11;2022-04-15;0;0;0;0;0;0;0;0;0;0;0;0;0;0;0;0;0;0
FR;11;2022-04-16;0;0;0;0;0;0;0;0;0;0;0;0;0;0;0;0;0;0
FR;11;2022-04-17;0;0;0;0;0;0;0;0;0;0;0;0;0;0;0;0;0;0
FR;11;2022-04-18;0;0;0;0;0;0;0;0;0;0;0;0;0;0;0;0;0;0
FR;11;2022-04-19;0;0;0;0;0;0;0;0;0;0;0;0;0;0;0;0;0;0
FR;11;2022-04-20;0;0;0;0;0;0;0;0;0;0;0;0;0;0;0;0;0;0
FR;11;2022-04-21;0;0;0;0;0;0;0;0;0;0;0;0;0;0;0;0;0;0
FR;11;2022-04-22;0;0;0;0;0;0;0;0;0;0;0;0;0;0;0;0;0;0
FR;11;2022-04-23;0;0;0;0;0;0;0;0;0;0;0;0;0;0;0;0;0;0
FR;11;2022-04-24;0;0;0;0;0;0;0;0;0;0;0;0;0;0;0;0;0;0
FR;11;2022-04-25;0;0;0;0;0;0;0;0;0;0;0;0;0;0;0;0;0;0
FR;11;2022-04-26;0;0;0;0;0;0;0;0;0;0;0;0;0;0;0;0;0;0
FR;11;2022-04-27;0;0;0;0;0;0;0;0;0;0;0;0;0;0;0;0;0;0
FR;11;2022-04-28;0;0;0;0;0;0;0;0;0;0;0;0;0;0;0;0;0;0
FR;11;2022-04-29;0;0;0;0;0;0;0;0;0;0;0;0;0;0;0;0;0;0
FR;11;2022-04-30;0;0;0;0;0;0;0;0;0;0;0;0;0;0;0;0;0;0
FR;11;2022-05-01;0;0;0;0;0;0;0;0;0;0;0;0;0;0;0;0;0;0
FR;11;2022-05-02;0;0;0;0;0;0;0;0;0;0;0;0;0;0;0;0;0;0
FR;11;2022-05-03;0;0;0;0;0;0;0;0;0;0;0;0;0;0;0;0;0;0
FR;11;2022-05-04;0;0;0;0;0;0;0;0;0;0;0;0;0;0;0;0;0;0
FR;11;2022-05-05;0;0;0;0;0;0;0;0;0;0;0;0;0;0;0;0;0;0
FR;11;2022-05-06;0;0;0;0;0;0;0;0;0;0;0;0;0;0;0;0;0;0
FR;11;2022-05-07;0;0;0;0;0;0;0;0;0;0;0;0;0;0;0;0;0;0
FR;11;2022-05-08;0;0;0;0;0;0;0;0;0;0;0;0;0;0;0;0;0;0
FR;11;2022-05-09;0;0;0;0;0;0;0;0;0;0;0;0;0;0;0;0;0;0
FR;11;2022-05-10;0;0;0;0;0;0;0;0;0;0;0;0;0;0;0;0;0;0
FR;11;2022-05-11;0;0;0;0;0;0;0;0;0;0;0;0;0;0;0;0;0;0
FR;11;2022-05-12;0;0;0;0;0;0;0;0;0;0;0;0;0;0;0;0;0;0
FR;11;2022-05-13;0;0;0;0;0;0;0;0;0;0;0;0;0;0;0;0;0;0
FR;11;2022-05-14;0;0;0;0;0;0;0;0;0;0;0;0;0;0;0;0;0;0
FR;11;2022-05-15;0;0;0;0;0;0;0;0;0;0;0;0;0;0;0;0;0;0
FR;11;2022-05-16;0;0;0;0;0;0;0;0;0;0;0;0;0;0;0;0;0;0
FR;11;2022-05-17;0;0;0;0;0;0;0;0;0;0;0;0;0;0;0;0;0;0
FR;11;2022-05-18;0;0;0;0;0;0;0;0;0;0;0;0;0;0;0;0;0;0
FR;11;2022-05-19;0;0;0;0;0;0;0;0;0;0;0;0;0;0;0;0;0;0
FR;11;2022-05-20;0;0;0;0;0;0;0;0;0;0;0;0;0;0;0;0;0;0
FR;11;2022-05-21;0;0;0;0;0;0;0;0;0;0;0;0;0;0;0;0;0;0
FR;11;2022-05-22;0;0;0;0;0;0;0;0;0;0;0;0;0;0;0;0;0;0
FR;11;2022-05-23;0;0;0;0;0;0;0;0;0;0;0;0;0;0;0;0;0;0
FR;11;2022-05-24;0;0;0;0;0;0;0;0;0;0;0;0;0;0;0;0;0;0
FR;11;2022-05-25;0;0;0;0;0;0;0;0;0;0;0;0;0;0;0;0;0;0
FR;11;2022-05-26;0;0;0;0;0;0;0;0;0;0;0;0;0;0;0;0;0;0
FR;11;2022-05-27;0;0;0;0;0;0;0;0;0;0;0;0;0;0;0;0;0;0
FR;11;2022-05-28;0;0;0;0;0;0;0;0;0;0;0;0;0;0;0;0;0;0
FR;11;2022-05-29;0;0;0;0;0;0;0;0;0;0;0;0;0;0;0;0;0;0
FR;11;2022-05-30;0;0;0;0;0;0;0;0;0;0;0;0;0;0;0;0;0;0
FR;11;2022-05-31;0;0;0;0;0;0;0;0;0;0;0;0;0;0;0;0;0;0
FR;11;2022-06-01;0;0;0;0;0;0;0;0;0;0;0;0;0;0;0;0;0;0
FR;11;2022-06-02;0;0;0;0;0;0;0;0;0;0;0;0;0;0;0;0;0;0
FR;11;2022-06-03;0;0;0;0;0;0;0;0;0;0;0;0;0;0;0;0;0;0
FR;11;2022-06-04;0;0;0;0;0;0;0;0;0;0;0;0;0;0;0;0;0;0
FR;11;2022-06-05;0;0;0;0;0;0;0;0;0;0;0;0;0;0;0;0;0;0
FR;11;2022-06-06;0;0;0;0;0;0;0;0;0;0;0;0;0;0;0;0;0;0
FR;11;2022-06-07;0;0;0;0;0;0;0;0;0;0;0;0;0;0;0;0;0;0
FR;11;2022-06-08;0;0;0;0;0;0;0;0;0;0;0;0;0;0;0;0;0;0
FR;11;2022-06-09;0;0;0;0;0;0;0;0;0;0;0;0;0;0;0;0;0;0
FR;11;2022-06-10;0;0;0;0;0;0;0;0;0;0;0;0;0;0;0;0;0;0
FR;11;2022-06-11;0;0;0;0;0;0;0;0;0;0;0;0;0;0;0;0;0;0
FR;11;2022-06-12;0;0;0;0;0;0;0;0;0;0;0;0;0;0;0;0;0;0
FR;11;2022-06-13;0;0;0;0;0;0;0;0;0;0;0;0;0;0;0;0;0;0
FR;11;2022-06-14;0;0;0;0;0;0;0;0;0;0;0;0;0;0;0;0;0;0
FR;11;2022-06-15;0;0;0;0;0;0;0;0;0;0;0;0;0;0;0;0;0;0
FR;11;2022-06-16;0;0;0;0;0;0;0;0;0;0;0;0;0;0;0;0;0;0
FR;11;2022-06-17;0;0;0;0;0;0;0;0;0;0;0;0;0;0;0;0;0;0
FR;11;2022-06-18;0;0;0;0;0;0;0;0;0;0;0;0;0;0;0;0;0;0
FR;11;2022-06-19;0;0;0;0;0;0;0;0;0;0;0;0;0;0;0;0;0;0
FR;11;2022-06-20;0;0;0;0;0;0;0;0;0;0;0;0;0;0;0;0;0;0
FR;11;2022-06-21;0;0;0;0;0;0;0;0;0;0;0;0;0;0;0;0;0;0
FR;11;2022-06-22;0;0;0;0;0;0;0;0;0;0;0;0;0;0;0;0;0;0
FR;11;2022-06-23;0;0;0;0;0;0;0;0;0;0;0;0;0;0;0;0;0;0
FR;11;2022-06-24;0;0;0;0;0;0;0;0;0;0;0;0;0;0;0;0;0;0
FR;11;2022-06-25;0;0;0;0;0;0;0;0;0;0;0;0;0;0;0;0;0;0
FR;11;2022-06-26;0;0;0;0;0;0;0;0;0;0;0;0;0;0;0;0;0;0
FR;11;2022-06-27;0;0;0;0;0;0;0;0;0;0;0;0;0;0;0;0;0;0
FR;11;2022-06-28;0;0;0;0;0;0;0;0;0;0;0;0;0;0;0;0;0;0
FR;11;2022-06-29;0;0;0;0;0;0;0;0;0;0;0;0;0;0;0;0;0;0
FR;11;2022-06-30;0;0;0;0;0;0;0;0;0;0;0;0;0;0;0;0;0;0
FR;11;2022-07-01;0;0;0;0;0;0;0;0;0;0;0;0;0;0;0;0;0;0
FR;11;2022-07-02;0;0;0;0;0;0;0;0;0;0;0;0;0;0;0;0;0;0
FR;11;2022-07-03;0;0;0;0;0;0;0;0;0;0;0;0;0;0;0;0;0;0
FR;11;2022-07-04;0;0;0;0;0;0;0;0;0;0;0;0;0;0;0;0;0;0
FR;11;2022-07-05;0;0;0;0;0;0;0;0;0;0;0;0;0;0;0;0;0;0
FR;11;2022-07-06;0;0;0;0;0;0;0;0;0;0;0;0;0;0;0;0;0;0
FR;11;2022-07-07;0;0;0;0;0;0;0;0;0;0;0;0;0;0;0;0;0;0
FR;11;2022-07-08;0;0;0;0;0;0;0;0;0;0;0;0;0;0;0;0;0;0
FR;11;2022-07-09;0;0;0;0;0;0;0;0;0;0;0;0;0;0;0;0;0;0
FR;11;2022-07-10;0;0;0;0;0;0;0;0;0;0;0;0;0;0;0;0;0;0
FR;11;2022-07-11;0;0;0;0;0;0;0;0;0;0;0;0;0;0;0;0;0;0
FR;11;2022-07-12;0;0;0;0;0;0;0;0;0;0;0;0;0;0;0;0;0;0
FR;11;2022-07-13;0;0;0;0;0;0;0;0;0;0;0;0;0;0;0;0;0;0
FR;11;2022-07-14;0;0;0;0;0;0;0;0;0;0;0;0;0;0;0;0;0;0
FR;11;2022-07-15;0;0;0;0;0;0;0;0;0;0;0;0;0;0;0;0;0;0
FR;11;2022-07-16;0;0;0;0;0;0;0;0;0;0;0;0;0;0;0;0;0;0
FR;11;2022-07-17;0;0;0;0;0;0;0;0;0;0;0;0;0;0;0;0;0;0
FR;11;2022-07-18;0;0;0;0;0;0;0;0;0;0;0;0;0;0;0;0;0;0
FR;11;2022-07-19;0;0;0;0;0;0;0;0;0;0;0;0;0;0;0;0;0;0
FR;11;2022-07-20;0;0;0;0;0;0;0;0;0;0;0;0;0;0;0;0;0;0
FR;11;2022-07-21;0;0;0;0;0;0;0;0;0;0;0;0;0;0;0;0;0;0
FR;11;2022-07-22;0;0;0;0;0;0;0;0;0;0;0;0;0;0;0;0;0;0
FR;11;2022-07-23;0;0;0;0;0;0;0;0;0;0;0;0;0;0;0;0;0;0
FR;11;2022-07-24;0;0;0;0;0;0;0;0;0;0;0;0;0;0;0;0;0;0
FR;11;2022-07-25;0;0;0;0;0;0;0;0;0;0;0;0;0;0;0;0;0;0
FR;11;2022-07-26;0;0;0;0;0;0;0;0;0;0;0;0;0;0;0;0;0;0
FR;11;2022-07-27;0;0;0;0;0;0;0;0;0;0;0;0;0;0;0;0;0;0
FR;11;2022-07-28;0;0;0;0;0;0;0;0;0;0;0;0;0;0;0;0;0;0
FR;11;2022-07-29;0;0;0;0;0;0;0;0;0;0;0;0;0;0;0;0;0;0
FR;11;2022-07-30;0;0;0;0;0;0;0;0;0;0;0;0;0;0;0;0;0;0
FR;11;2022-07-31;0;0;0;0;0;0;0;0;0;0;0;0;0;0;0;0;0;0
FR;11;2022-08-01;0;0;0;0;0;0;0;0;0;0;0;0;0;0;0;0;0;0
FR;11;2022-08-02;0;0;0;0;0;0;0;0;0;0;0;0;0;0;0;0;0;0
FR;11;2022-08-03;0;0;0;0;0;0;0;0;0;0;0;0;0;0;0;0;0;0
FR;11;2022-08-04;0;0;0;0;0;0;0;0;0;0;0;0;0;0;0;0;0;0
FR;11;2022-08-05;0;0;0;0;0;0;0;0;0;0;0;0;0;0;0;0;0;0
FR;11;2022-08-06;0;0;0;0;0;0;0;0;0;0;0;0;0;0;0;0;0;0
FR;11;2022-08-07;0;0;0;0;0;0;0;0;0;0;0;0;0;0;0;0;0;0
FR;11;2022-08-08;0;0;0;0;0;0;0;0;0;0;0;0;0;0;0;0;0;0
FR;11;2022-08-09;0;0;0;0;0;0;0;0;0;0;0;0;0;0;0;0;0;0
FR;11;2022-08-10;0;0;0;0;0;0;0;0;0;0;0;0;0;0;0;0;0;0
FR;11;2022-08-11;0;0;0;0;0;0;0;0;0;0;0;0;0;0;0;0;0;0
FR;11;2022-08-12;0;0;0;0;0;0;0;0;0;0;0;0;0;0;0;0;0;0
FR;11;2022-08-13;0;0;0;0;0;0;0;0;0;0;0;0;0;0;0;0;0;0
FR;11;2022-08-14;0;0;0;0;0;0;0;0;0;0;0;0;0;0;0;0;0;0
FR;11;2022-08-15;0;0;0;0;0;0;0;0;0;0;0;0;0;0;0;0;0;0
FR;11;2022-08-16;0;0;0;0;0;0;0;0;0;0;0;0;0;0;0;0;0;0
FR;11;2022-08-17;0;0;0;0;0;0;0;0;0;0;0;0;0;0;0;0;0;0
FR;11;2022-08-18;0;0;0;0;0;0;0;0;0;0;0;0;0;0;0;0;0;0
FR;11;2022-08-19;0;0;0;0;0;0;0;0;0;0;0;0;0;0;0;0;0;0
FR;11;2022-08-20;0;0;0;0;0;0;0;0;0;0;0;0;0;0;0;0;0;0
FR;11;2022-08-21;0;0;0;0;0;0;0;0;0;0;0;0;0;0;0;0;0;0
FR;11;2022-08-22;0;0;0;0;0;0;0;0;0;0;0;0;0;0;0;0;0;0
FR;11;2022-08-23;0;0;0;0;0;0;0;0;0;0;0;0;0;0;0;0;0;0
FR;11;2022-08-24;0;0;0;0;0;0;0;0;0;0;0;0;0;0;0;0;0;0
FR;11;2022-08-25;0;0;0;0;0;0;0;0;0;0;0;0;0;0;0;0;0;0
FR;11;2022-08-26;0;0;0;0;0;0;0;0;0;0;0;0;0;0;0;0;0;0
FR;11;2022-08-27;0;0;0;0;0;0;0;0;0;0;0;0;0;0;0;0;0;0
FR;11;2022-08-28;0;0;0;0;0;0;0;0;0;0;0;0;0;0;0;0;0;0
FR;11;2022-08-29;0;0;0;0;0;0;0;0;0;0;0;0;0;0;0;0;0;0
FR;11;2022-08-30;0;0;0;0;0;0;0;0;0;0;0;0;0;0;0;0;0;0
FR;11;2022-08-31;0;0;0;0;0;0;0;0;0;0;0;0;0;0;0;0;0;0
FR;11;2022-09-01;0;0;0;0;0;0;0;0;0;0;0;0;0;0;0;0;0;0
FR;11;2022-09-02;0;0;0;0;0;0;0;0;0;0;0;0;0;0;0;0;0;0
FR;11;2022-09-03;0;0;0;0;0;0;0;0;0;0;0;0;0;0;0;0;0;0
FR;11;2022-09-04;0;0;0;0;0;0;0;0;0;0;0;0;0;0;0;0;0;0
FR;11;2022-09-05;0;0;0;0;0;0;0;0;0;0;0;0;0;0;0;0;0;0
FR;11;2022-09-06;0;0;0;0;0;0;0;0;0;0;0;0;0;0;0;0;0;0
FR;11;2022-09-07;0;0;0;0;0;0;0;0;0;0;0;0;0;0;0;0;0;0
FR;11;2022-09-08;0;0;0;0;0;0;0;0;0;0;0;0;0;0;0;0;0;0
FR;11;2022-09-09;0;0;0;0;0;0;0;0;0;0;0;0;0;0;0;0;0;0
FR;11;2022-09-10;0;0;0;0;0;0;0;0;0;0;0;0;0;0;0;0;0;0
FR;11;2022-09-11;0;0;0;0;0;0;0;0;0;0;0;0;0;0;0;0;0;0
FR;11;2022-09-12;0;0;0;0;0;0;0;0;0;0;0;0;0;0;0;0;0;0
FR;11;2022-09-13;0;0;0;0;0;0;0;0;0;0;0;0;0;0;0;0;0;0
FR;11;2022-09-14;0;0;0;0;0;0;0;0;0;0;0;0;0;0;0;0;0;0
FR;11;2022-09-15;0;0;0;0;0;0;0;0;0;0;0;0;0;0;0;0;0;0
FR;11;2022-09-16;0;0;0;0;0;0;0;0;0;0;0;0;0;0;0;0;0;0
FR;11;2022-09-17;0;0;0;0;0;0;0;0;0;0;0;0;0;0;0;0;0;0
FR;11;2022-09-18;0;0;0;0;0;0;0;0;0;0;0;0;0;0;0;0;0;0
FR;11;2022-09-19;0;0;0;0;0;0;0;0;0;0;0;0;0;0;0;0;0;0
FR;11;2022-09-20;0;0;0;0;0;0;0;0;0;0;0;0;0;0;0;0;0;0
FR;11;2022-09-21;0;0;0;0;0;0;0;0;0;0;0;0;0;0;0;0;0;0
FR;11;2022-09-22;0;0;0;0;0;0;0;0;0;0;0;0;0;0;0;0;0;0
FR;11;2022-09-23;0;0;0;0;0;0;0;0;0;0;0;0;0;0;0;0;0;0
FR;11;2022-09-24;0;0;0;0;0;0;0;0;0;0;0;0;0;0;0;0;0;0
FR;11;2022-09-25;0;0;0;0;0;0;0;0;0;0;0;0;0;0;0;0;0;0
FR;11;2022-09-26;0;0;0;0;0;0;0;0;0;0;0;0;0;0;0;0;0;0
FR;11;2022-09-27;0;0;0;0;0;0;0;0;0;0;0;0;0;0;0;0;0;0
FR;11;2022-09-28;0;0;0;0;0;0;0;0;0;0;0;0;0;0;0;0;0;0
FR;11;2022-09-29;0;0;0;0;0;0;0;0;0;0;0;0;0;0;0;0;0;0
FR;11;2022-09-30;0;0;0;0;0;0;0;0;0;0;0;0;0;0;0;0;0;0
FR;11;2022-10-01;0;0;0;0;0;0;0;0;0;0;0;0;0;0;0;0;0;0
FR;11;2022-10-02;0;0;0;0;0;0;0;0;0;0;0;0;0;0;0;0;0;0
FR;11;2022-10-03;0;0;0;0;0;0;0;0;0;0;0;0;0;0;0;0;0;0
FR;11;2022-10-04;0;0;0;0;0;0;0;0;0;0;0;0;0;0;0;0;0;0
FR;11;2022-10-05;0;0;0;0;0;0;0;0;0;0;0;0;0;0;0;0;0;0
FR;11;2022-10-06;0;0;0;0;0;0;0;0;0;0;0;0;0;0;0;0;0;0
FR;11;2022-10-07;0;0;0;0;0;0;0;0;0;0;0;0;0;0;0;0;0;0
FR;11;2022-10-08;0;0;0;0;0;0;0;0;0;0;0;0;0;0;0;0;0;0
FR;11;2022-10-09;0;0;0;0;0;0;0;0;0;0;0;0;0;0;0;0;0;0
FR;11;2022-10-10;0;0;0;0;0;0;0;0;0;0;0;0;0;0;0;0;0;0
FR;11;2022-10-11;0;0;0;0;0;0;0;0;0;0;0;0;0;0;0;0;0;0
FR;11;2022-10-12;0;0;0;0;0;0;0;0;0;0;0;0;0;0;0;0;0;0
FR;11;2022-10-13;0;0;0;0;0;0;0;0;0;0;0;0;0;0;0;0;0;0
FR;11;2022-10-14;0;0;0;0;0;0;0;0;0;0;0;0;0;0;0;0;0;0
FR;11;2022-10-15;0;0;0;0;0;0;0;0;0;0;0;0;0;0;0;0;0;0
FR;11;2022-10-16;0;0;0;0;0;0;0;0;0;0;0;0;0;0;0;0;0;0
FR;11;2022-10-17;0;0;0;0;0;0;0;0;0;0;0;0;0;0;0;0;0;0
FR;11;2022-10-18;0;0;0;0;0;0;0;0;0;0;0;0;0;0;0;0;0;0
FR;11;2022-10-19;0;0;0;0;0;0;0;0;0;0;0;0;0;0;0;0;0;0
FR;11;2022-10-20;0;0;0;0;0;0;0;0;0;0;0;0;0;0;0;0;0;0
FR;11;2022-10-21;0;0;0;0;0;0;0;0;0;0;0;0;0;0;0;0;0;0
FR;11;2022-10-22;0;0;0;0;0;0;0;0;0;0;0;0;0;0;0;0;0;0
FR;11;2022-10-23;0;0;0;0;0;0;0;0;0;0;0;0;0;0;0;0;0;0
FR;11;2022-10-24;0;0;0;0;0;0;0;0;0;0;0;0;0;0;0;0;0;0
FR;11;2022-10-25;0;0;0;0;0;0;0;0;0;0;0;0;0;0;0;0;0;0
FR;11;2022-10-26;0;0;0;0;0;0;0;0;0;0;0;0;0;0;0;0;0;0
FR;11;2022-10-27;0;0;0;0;0;0;0;0;0;0;0;0;0;0;0;0;0;0
FR;11;2022-10-28;0;0;0;0;0;0;0;0;0;0;0;0;0;0;0;0;0;0
FR;11;2022-10-29;0;0;0;0;0;0;0;0;0;0;0;0;0;0;0;0;0;0
FR;11;2022-10-30;0;0;0;0;0;0;0;0;0;0;0;0;0;0;0;0;0;0
FR;11;2022-10-31;0;0;0;0;0;0;0;0;0;0;0;0;0;0;0;0;0;0
FR;11;2022-11-01;0;0;0;0;0;0;0;0;0;0;0;0;0;0;0;0;0;0
FR;11;2022-11-02;0;0;0;0;0;0;0;0;0;0;0;0;0;0;0;0;0;0
FR;11;2022-11-03;0;0;0;0;0;0;0;0;0;0;0;0;0;0;0;0;0;0
FR;11;2022-11-04;0;0;0;0;0;0;0;0;0;0;0;0;0;0;0;0;0;0
FR;11;2022-11-05;0;0;0;0;0;0;0;0;0;0;0;0;0;0;0;0;0;0
FR;11;2022-11-06;0;0;0;0;0;0;0;0;0;0;0;0;0;0;0;0;0;0
FR;11;2022-11-07;0;0;0;0;0;0;0;0;0;0;0;0;0;0;0;0;0;0
FR;11;2022-11-08;0;0;0;0;0;0;0;0;0;0;0;0;0;0;0;0;0;0
FR;11;2022-11-09;0;0;0;0;0;0;0;0;0;0;0;0;0;0;0;0;0;0
FR;11;2022-11-10;0;0;0;0;0;0;0;0;0;0;0;0;0;0;0;0;0;0
FR;11;2022-11-11;0;0;0;0;0;0;0;0;0;0;0;0;0;0;0;0;0;0
FR;11;2022-11-12;0;0;0;0;0;0;0;0;0;0;0;0;0;0;0;0;0;0
FR;11;2022-11-13;0;0;0;0;0;0;0;0;0;0;0;0;0;0;0;0;0;0
FR;11;2022-11-14;0;0;0;0;0;0;0;0;0;0;0;0;0;0;0;0;0;0
FR;11;2022-11-15;0;0;0;0;0;0;0;0;0;0;0;0;0;0;0;0;0;0
FR;11;2022-11-16;0;0;0;0;0;0;0;0;0;0;0;0;0;0;0;0;0;0
FR;11;2022-11-17;0;0;0;0;0;0;0;0;0;0;0;0;0;0;0;0;0;0
FR;11;2022-11-18;0;0;0;0;0;0;0;0;0;0;0;0;0;0;0;0;0;0
FR;11;2022-11-19;0;0;0;0;0;0;0;0;0;0;0;0;0;0;0;0;0;0
FR;11;2022-11-20;0;0;0;0;0;0;0;0;0;0;0;0;0;0;0;0;0;0
FR;11;2022-11-21;0;0;0;0;0;0;0;0;0;0;0;0;0;0;0;0;0;0
FR;11;2022-11-22;0;0;0;0;0;0;0;0;0;0;0;0;0;0;0;0;0;0
FR;11;2022-11-23;0;0;0;0;0;0;0;0;0;0;0;0;0;0;0;0;0;0
FR;11;2022-11-24;0;0;0;0;0;0;0;0;0;0;0;0;0;0;0;0;0;0
FR;11;2022-11-25;0;0;0;0;0;0;0;0;0;0;0;0;0;0;0;0;0;0
FR;11;2022-11-26;0;0;0;0;0;0;0;0;0;0;0;0;0;0;0;0;0;0
FR;11;2022-11-27;0;0;0;0;0;0;0;0;0;0;0;0;0;0;0;0;0;0
FR;11;2022-11-28;0;0;0;0;0;0;0;0;0;0;0;0;0;0;0;0;0;0
FR;11;2022-11-29;0;0;0;0;0;0;0;0;0;0;0;0;0;0;0;0;0;0
FR;11;2022-11-30;0;0;0;0;0;0;0;0;0;0;0;0;0;0;0;0;0;0
FR;11;2022-12-01;0;0;0;0;0;0;0;0;0;0;0;0;0;0;0;0;0;0
FR;11;2022-12-02;0;0;0;0;0;0;0;0;0;0;0;0;0;0;0;0;0;0
FR;11;2022-12-03;0;0;0;0;0;0;0;0;0;0;0;0;0;0;0;0;0;0
FR;11;2022-12-04;0;0;0;0;0;0;0;0;0;0;0;0;0;0;0;0;0;0
FR;11;2022-12-05;0;0;0;0;0;0;0;0;0;0;0;0;0;0;0;0;0;0
FR;11;2022-12-06;0;0;0;0;0;0;0;0;0;0;0;0;0;0;0;0;0;0
FR;11;2022-12-07;0;0;0;0;0;0;0;0;0;0;0;0;0;0;0;0;0;0
FR;11;2022-12-08;0;0;0;0;0;0;0;0;0;0;0;0;0;0;0;0;0;0
FR;11;2022-12-09;0;0;0;0;0;0;0;0;0;0;0;0;0;0;0;0;0;0
FR;11;2022-12-10;0;0;0;0;0;0;0;0;0;0;0;0;0;0;0;0;0;0
FR;11;2022-12-11;0;0;0;0;0;0;0;0;0;0;0;0;0;0;0;0;0;0
FR;11;2022-12-12;0;0;0;0;0;0;0;0;0;0;0;0;0;0;0;0;0;0
FR;11;2022-12-13;0;0;0;0;0;0;0;0;0;0;0;0;0;0;0;0;0;0
FR;11;2022-12-14;0;0;0;0;0;0;0;0;0;0;0;0;0;0;0;0;0;0
FR;11;2022-12-15;0;0;0;0;0;0;0;0;0;0;0;0;0;0;0;0;0;0
FR;11;2022-12-16;0;0;0;0;0;0;0;0;0;0;0;0;0;0;0;0;0;0
FR;11;2022-12-17;0;0;0;0;0;0;0;0;0;0;0;0;0;0;0;0;0;0
FR;11;2022-12-18;0;0;0;0;0;0;0;0;0;0;0;0;0;0;0;0;0;0
FR;11;2022-12-19;0;0;0;0;0;0;0;0;0;0;0;0;0;0;0;0;0;0
FR;11;2022-12-20;0;0;0;0;0;0;0;0;0;0;0;0;0;0;0;0;0;0
FR;11;2022-12-21;0;0;0;0;0;0;0;0;0;0;0;0;0;0;0;0;0;0
FR;11;2022-12-22;0;0;0;0;0;0;0;0;0;0;0;0;0;0;0;0;0;0
FR;11;2022-12-23;0;0;0;0;0;0;0;0;0;0;0;0;0;0;0;0;0;0
FR;11;2022-12-24;0;0;0;0;0;0;0;0;0;0;0;0;0;0;0;0;0;0
FR;11;2022-12-25;0;0;0;0;0;0;0;0;0;0;0;0;0;0;0;0;0;0
FR;11;2022-12-26;0;0;0;0;0;0;0;0;0;0;0;0;0;0;0;0;0;0
FR;11;2022-12-27;0;0;0;0;0;0;0;0;0;0;0;0;0;0;0;0;0;0
FR;11;2022-12-28;0;0;0;0;0;0;0;0;0;0;0;0;0;0;0;0;0;0
FR;11;2022-12-29;0;0;0;0;0;0;0;0;0;0;0;0;0;0;0;0;0;0
FR;11;2022-12-30;0;0;0;0;0;0;0;0;0;0;0;0;0;0;0;0;0;0
FR;11;2022-12-31;0;0;0;0;0;0;0;0;0;0;0;0;0;0;0;0;0;0
FR;11;2023-01-01;0;0;0;0;0;0;0;0;0;0;0;0;0;0;0;0;0;0
FR;11;2023-01-02;0;0;0;0;0;0;0;0;0;0;0;0;0;0;0;0;0;0
FR;11;2023-01-03;0;0;0;0;0;0;0;0;0;0;0;0;0;0;0;0;0;0
FR;11;2023-01-04;0;0;0;0;0;0;0;0;0;0;0;0;0;0;0;0;0;0
FR;11;2023-01-05;0;0;0;0;0;0;0;0;0;0;0;0;0;0;0;0;0;0
FR;11;2023-01-06;0;0;0;0;0;0;0;0;0;0;0;0;0;0;0;0;0;0
FR;11;2023-01-07;0;0;0;0;0;0;0;0;0;0;0;0;0;0;0;0;0;0
FR;11;2023-01-08;0;0;0;0;0;0;0;0;0;0;0;0;0;0;0;0;0;0
FR;11;2023-01-09;0;0;0;0;0;0;0;0;0;0;0;0;0;0;0;0;0;0
FR;11;2023-01-10;0;0;0;0;0;0;0;0;0;0;0;0;0;0;0;0;0;0
FR;11;2023-01-11;0;0;0;0;0;0;0;0;0;0;0;0;0;0;0;0;0;0
FR;11;2023-01-12;0;0;0;0;0;0;0;0;0;0;0;0;0;0;0;0;0;0
FR;11;2023-01-13;0;0;0;0;0;0;0;0;0;0;0;0;0;0;0;0;0;0
FR;11;2023-01-14;0;0;0;0;0;0;0;0;0;0;0;0;0;0;0;0;0;0
FR;11;2023-01-15;0;0;0;0;0;0;0;0;0;0;0;0;0;0;0;0;0;0
FR;11;2023-01-16;0;0;0;0;0;0;0;0;0;0;0;0;0;0;0;0;0;0
FR;11;2023-01-17;0;0;0;0;0;0;0;0;0;0;0;0;0;0;0;0;0;0
FR;11;2023-01-18;0;0;0;0;0;0;0;0;0;0;0;0;0;0;0;0;0;0
FR;11;2023-01-19;0;0;0;0;0;0;0;0;0;0;0;0;0;0;0;0;0;0
FR;11;2023-01-20;0;0;0;0;0;0;0;0;0;0;0;0;0;0;0;0;0;0
FR;11;2023-01-21;0;0;0;0;0;0;0;0;0;0;0;0;0;0;0;0;0;0
FR;11;2023-01-22;0;0;0;0;0;0;0;0;0;0;0;0;0;0;0;0;0;0
FR;11;2023-01-23;0;0;0;0;0;0;0;0;0;0;0;0;0;0;0;0;0;0
FR;11;2023-01-24;0;0;0;0;0;0;0;0;0;0;0;0;0;0;0;0;0;0
FR;11;2023-01-25;0;0;0;0;0;0;0;0;0;0;0;0;0;0;0;0;0;0
FR;11;2023-01-26;0;0;0;0;0;0;0;0;0;0;0;0;0;0;0;0;0;0
FR;11;2023-01-27;0;0;0;0;0;0;0;0;0;0;0;0;0;0;0;0;0;0
FR;11;2023-01-28;0;0;0;0;0;0;0;0;0;0;0;0;0;0;0;0;0;0
FR;11;2023-01-29;0;0;0;0;0;0;0;0;0;0;0;0;0;0;0;0;0;0
FR;11;2023-01-30;0;0;0;0;0;0;0;0;0;0;0;0;0;0;0;0;0;0
FR;11;2023-01-31;0;0;0;0;0;0;0;0;0;0;0;0;0;0;0;0;0;0
FR;11;2023-02-01;0;0;0;0;0;0;0;0;0;0;0;0;0;0;0;0;0;0
FR;11;2023-02-02;0;0;0;0;0;0;0;0;0;0;0;0;0;0;0;0;0;0
FR;11;2023-02-03;0;0;0;0;0;0;0;0;0;0;0;0;0;0;0;0;0;0
FR;11;2023-02-04;0;0;0;0;0;0;0;0;0;0;0;0;0;0;0;0;0;0
FR;11;2023-02-05;0;0;0;0;0;0;0;0;0;0;0;0;0;0;0;0;0;0
FR;11;2023-02-06;1;0;0;0;0;0;0;0;0;1;0;0;0;0;0;0;0;0
FR;11;2023-02-07;0;0;0;0;0;0;0;0;0;1;0;0;0;0;0;0;0;0
FR;11;2023-02-08;2;0;0;0;0;0;0;0;0;3;0;0;0;0;0;0;0;0
FR;11;2023-02-09;2;0;0;0;0;0;0;0;0;5;0;0;0;0;0;0;0;0
FR;11;2023-02-10;0;0;0;0;0;0;0;0;0;5;0;0;0;0;0;0;0;0
FR;11;2023-02-11;0;0;0;0;0;0;0;0;0;5;0;0;0;0;0;0;0;0
FR;11;2023-02-12;0;0;0;0;0;0;0;0;0;5;0;0;0;0;0;0;0;0
FR;11;2023-02-13;2;0;0;0;0;0;0;0;0;7;0;0;0;0;0;0;0;0
FR;11;2023-02-14;0;0;0;0;0;0;0;0;0;7;0;0;0;0;0;0;0;0
FR;11;2023-02-15;2;0;0;0;0;0;0;0;0;9;0;0;0;0;0;0;0;0
FR;11;2023-02-16;0;0;0;0;0;0;0;0;0;9;0;0;0;0;0;0;0;0
FR;11;2023-02-17;0;0;0;0;0;0;0;0;0;9;0;0;0;0;0;0;0;0
FR;11;2023-02-18;0;0;0;0;0;0;0;0;0;9;0;0;0;0;0;0;0;0
FR;11;2023-02-19;0;0;0;0;0;0;0;0;0;9;0;0;0;0;0;0;0;0
FR;11;2023-02-20;0;0;0;0;0;0;0;0;0;9;0;0;0;0;0;0;0;0
FR;11;2023-02-21;1;0;0;0;0;0;0;0;0;10;0;0;0;0;0;0;0;0
FR;11;2023-02-22;0;0;0;0;0;0;0;0;0;10;0;0;0;0;0;0;0;0
FR;11;2023-02-23;0;0;0;0;0;0;0;0;0;10;0;0;0;0;0;0;0;0
FR;11;2023-02-24;0;0;0;0;0;0;0;0;0;10;0;0;0;0;0;0;0;0
FR;11;2023-02-25;0;0;0;0;0;0;0;0;0;10;0;0;0;0;0;0;0;0
FR;11;2023-02-26;0;0;2;0;0;2;0;0;0;10;0;2;0;0;2;0;0;0
FR;11;2023-02-27;0;0;0;0;0;0;0;0;0;10;0;2;0;0;2;0;0;0
FR;11;2023-02-28;1;1;0;0;1;0;0;0;0;11;1;2;0;1;2;0;0;0
FR;11;2023-03-01;0;1;0;0;1;0;0;0;0;11;2;2;0;2;2;0;0;0
FR;11;2023-03-02;0;0;0;0;0;0;0;0;0;11;2;2;0;2;2;0;0;0
FR;11;2023-03-03;0;0;0;0;0;0;0;0;0;11;2;2;0;2;2;0;0;0
FR;11;2023-03-04;2;1;0;0;1;0;0;0;0;13;3;2;0;3;2;0;0;0
FR;11;2023-03-05;0;0;0;0;0;0;0;0;0;13;3;2;0;3;2;0;0;0
FR;11;2023-03-06;4;0;1;0;1;1;0;0;0;17;3;3;0;4;3;0;0;0
FR;11;2023-03-07;0;1;0;0;1;0;0;0;0;17;4;3;0;5;3;0;0;0
FR;11;2023-03-08;1;1;0;0;1;0;0;0;0;18;5;3;0;6;3;0;0;0
FR;11;2023-03-09;0;0;0;0;0;0;0;0;0;18;5;3;0;6;3;0;0;0
FR;11;2023-03-10;0;0;0;0;0;0;0;0;0;18;5;3;0;6;3;0;0;0
FR;11;2023-03-11;2;0;0;0;0;0;0;0;0;20;5;3;0;6;3;0;0;0
FR;11;2023-03-12;0;1;0;0;1;0;0;0;0;20;6;3;0;7;3;0;0;0
FR;11;2023-03-13;0;0;0;0;0;0;0;0;0;20;6;3;0;7;3;0;0;0
FR;11;2023-03-14;0;0;0;0;0;0;0;0;0;20;6;3;0;7;3;0;0;0
FR;11;2023-03-15;0;1;0;0;1;0;0;0;0;20;7;3;0;8;3;0;0;0
FR;11;2023-03-16;0;0;0;0;0;0;0;0;0;20;7;3;0;8;3;0;0;0
FR;11;2023-03-17;0;0;0;0;0;0;0;0;0;20;7;3;0;8;3;0;0;0
FR;11;2023-03-18;1;0;0;0;0;0;0;0;0;21;7;3;0;8;3;0;0;0
FR;11;2023-03-19;0;0;0;0;0;0;0;0;0;21;7;3;0;8;3;0;0;0
FR;11;2023-03-20;0;0;0;0;0;0;0;0;0;21;7;3;0;8;3;0;0;0
FR;11;2023-03-21;1;0;0;0;0;0;0;0;0;22;7;3;0;8;3;0;0;0
FR;11;2023-03-22;2;0;0;0;0;0;0;0;0;24;7;3;0;8;3;0;0;0
FR;11;2023-03-23;0;0;0;1;0;0;1;0;0;24;7;3;1;8;3;1;0;0
FR;11;2023-03-24;0;0;0;0;0;0;0;0;0;24;7;3;1;8;3;1;0;0
FR;11;2023-03-25;1;1;0;0;1;0;0;0;0;25;8;3;1;9;3;1;0;0
FR;11;2023-03-26;0;0;0;0;0;0;0;0;0;25;8;3;1;9;3;1;0;0
FR;11;2023-03-27;0;1;0;0;0;1;0;0;0;25;9;3;1;9;4;1;0;0
FR;11;2023-03-28;0;0;0;0;0;0;0;0;0;25;9;3;1;9;4;1;0;0
FR;11;2023-03-29;0;1;0;0;1;0;0;0;0;25;10;3;1;10;4;1;0;0
FR;11;2023-03-30;1;1;0;0;1;0;0;0;0;26;11;3;1;11;4;1;0;0
FR;11;2023-03-31;0;0;0;0;0;0;0;0;0;26;11;3;1;11;4;1;0;0
FR;11;2023-04-01;0;2;0;0;2;0;0;0;0;26;13;3;1;13;4;1;0;0
FR;11;2023-04-02;0;0;0;0;0;0;0;0;0;26;13;3;1;13;4;1;0;0
FR;11;2023-04-03;0;3;0;0;3;0;0;0;0;26;16;3;1;16;4;1;0;0
FR;11;2023-04-04;0;0;0;0;0;0;0;0;0;26;16;3;1;16;4;1;0;0
FR;11;2023-04-05;0;0;0;0;0;0;0;0;0;26;16;3;1;16;4;1;0;0
FR;11;2023-04-06;0;0;0;0;0;0;0;0;0;26;16;3;1;16;4;1;0;0
FR;11;2023-04-07;0;1;0;0;1;0;0;0;0;26;17;3;1;17;4;1;0;0
FR;11;2023-04-08;0;0;0;0;0;0;0;0;0;26;17;3;1;17;4;1;0;0
FR;11;2023-04-09;0;0;0;0;0;0;0;0;0;26;17;3;1;17;4;1;0;0
FR;11;2023-04-10;0;0;0;0;0;0;0;0;0;26;17;3;1;17;4;1;0;0
FR;11;2023-04-11;0;1;0;0;1;0;0;0;0;26;18;3;1;18;4;1;0;0
FR;11;2023-04-12;1;1;0;0;1;0;0;0;0;27;19;3;1;19;4;1;0;0
FR;11;2023-04-13;0;0;0;0;0;0;0;0;0;27;19;3;1;19;4;1;0;0
FR;11;2023-04-14;0;0;0;0;0;0;0;0;0;27;19;3;1;19;4;1;0;0
FR;11;2023-04-15;0;1;0;0;1;0;0;0;0;27;20;3;1;20;4;1;0;0
FR;11;2023-04-16;0;0;0;0;0;0;0;0;0;27;20;3;1;20;4;1;0;0
FR;11;2023-04-17;0;1;0;0;1;0;0;0;0;27;21;3;1;21;4;1;0;0
FR;11;2023-04-18;0;0;0;0;0;0;0;0;0;27;21;3;1;21;4;1;0;0
FR;11;2023-04-19;1;0;0;0;0;0;0;0;0;28;21;3;1;21;4;1;0;0
FR;12;2020-12-27;0;0;0;0;0;0;0;0;0;0;0;0;0;0;0;0;0;0
FR;12;2020-12-28;0;0;0;0;0;0;0;0;0;0;0;0;0;0;0;0;0;0
FR;12;2020-12-29;0;0;0;0;0;0;0;0;0;0;0;0;0;0;0;0;0;0
FR;12;2020-12-30;0;0;0;0;0;0;0;0;0;0;0;0;0;0;0;0;0;0
FR;12;2020-12-31;0;0;0;0;0;0;0;0;0;0;0;0;0;0;0;0;0;0
FR;12;2021-01-01;0;0;0;0;0;0;0;0;0;0;0;0;0;0;0;0;0;0
FR;12;2021-01-02;0;0;0;0;0;0;0;0;0;0;0;0;0;0;0;0;0;0
FR;12;2021-01-03;0;0;0;0;0;0;0;0;0;0;0;0;0;0;0;0;0;0
FR;12;2021-01-04;0;0;0;0;0;0;0;0;0;0;0;0;0;0;0;0;0;0
FR;12;2021-01-05;0;0;0;0;0;0;0;0;0;0;0;0;0;0;0;0;0;0
FR;12;2021-01-06;0;0;0;0;0;0;0;0;0;0;0;0;0;0;0;0;0;0
FR;12;2021-01-07;0;0;0;0;0;0;0;0;0;0;0;0;0;0;0;0;0;0
FR;12;2021-01-08;0;0;0;0;0;0;0;0;0;0;0;0;0;0;0;0;0;0
FR;12;2021-01-09;0;0;0;0;0;0;0;0;0;0;0;0;0;0;0;0;0;0
FR;12;2021-01-10;0;0;0;0;0;0;0;0;0;0;0;0;0;0;0;0;0;0
FR;12;2021-01-11;0;0;0;0;0;0;0;0;0;0;0;0;0;0;0;0;0;0
FR;12;2021-01-12;0;0;0;0;0;0;0;0;0;0;0;0;0;0;0;0;0;0
FR;12;2021-01-13;0;0;0;0;0;0;0;0;0;0;0;0;0;0;0;0;0;0
FR;12;2021-01-14;0;0;0;0;0;0;0;0;0;0;0;0;0;0;0;0;0;0
FR;12;2021-01-15;0;0;0;0;0;0;0;0;0;0;0;0;0;0;0;0;0;0
FR;12;2021-01-16;0;0;0;0;0;0;0;0;0;0;0;0;0;0;0;0;0;0
FR;12;2021-01-17;0;0;0;0;0;0;0;0;0;0;0;0;0;0;0;0;0;0
FR;12;2021-01-18;0;0;0;0;0;0;0;0;0;0;0;0;0;0;0;0;0;0
FR;12;2021-01-19;0;0;0;0;0;0;0;0;0;0;0;0;0;0;0;0;0;0
FR;12;2021-01-20;0;0;0;0;0;0;0;0;0;0;0;0;0;0;0;0;0;0
FR;12;2021-01-21;0;0;0;0;0;0;0;0;0;0;0;0;0;0;0;0;0;0
FR;12;2021-01-22;0;0;0;0;0;0;0;0;0;0;0;0;0;0;0;0;0;0
FR;12;2021-01-23;0;0;0;0;0;0;0;0;0;0;0;0;0;0;0;0;0;0
FR;12;2021-01-24;0;0;0;0;0;0;0;0;0;0;0;0;0;0;0;0;0;0
FR;12;2021-01-25;0;0;0;0;0;0;0;0;0;0;0;0;0;0;0;0;0;0
FR;12;2021-01-26;0;0;0;0;0;0;0;0;0;0;0;0;0;0;0;0;0;0
FR;12;2021-01-27;0;0;0;0;0;0;0;0;0;0;0;0;0;0;0;0;0;0
FR;12;2021-01-28;0;0;0;0;0;0;0;0;0;0;0;0;0;0;0;0;0;0
FR;12;2021-01-29;0;0;0;0;0;0;0;0;0;0;0;0;0;0;0;0;0;0
FR;12;2021-01-30;0;0;0;0;0;0;0;0;0;0;0;0;0;0;0;0;0;0
FR;12;2021-01-31;0;0;0;0;0;0;0;0;0;0;0;0;0;0;0;0;0;0
FR;12;2021-02-01;0;0;0;0;0;0;0;0;0;0;0;0;0;0;0;0;0;0
FR;12;2021-02-02;0;0;0;0;0;0;0;0;0;0;0;0;0;0;0;0;0;0
FR;12;2021-02-03;0;0;0;0;0;0;0;0;0;0;0;0;0;0;0;0;0;0
FR;12;2021-02-04;0;0;0;0;0;0;0;0;0;0;0;0;0;0;0;0;0;0
FR;12;2021-02-05;0;0;0;0;0;0;0;0;0;0;0;0;0;0;0;0;0;0
FR;12;2021-02-06;0;0;0;0;0;0;0;0;0;0;0;0;0;0;0;0;0;0
FR;12;2021-02-07;0;0;0;0;0;0;0;0;0;0;0;0;0;0;0;0;0;0
FR;12;2021-02-08;0;0;0;0;0;0;0;0;0;0;0;0;0;0;0;0;0;0
FR;12;2021-02-09;0;0;0;0;0;0;0;0;0;0;0;0;0;0;0;0;0;0
FR;12;2021-02-10;0;0;0;0;0;0;0;0;0;0;0;0;0;0;0;0;0;0
FR;12;2021-02-11;0;0;0;0;0;0;0;0;0;0;0;0;0;0;0;0;0;0
FR;12;2021-02-12;0;0;0;0;0;0;0;0;0;0;0;0;0;0;0;0;0;0
FR;12;2021-02-13;0;0;0;0;0;0;0;0;0;0;0;0;0;0;0;0;0;0
FR;12;2021-02-14;0;0;0;0;0;0;0;0;0;0;0;0;0;0;0;0;0;0
FR;12;2021-02-15;0;0;0;0;0;0;0;0;0;0;0;0;0;0;0;0;0;0
FR;12;2021-02-16;0;0;0;0;0;0;0;0;0;0;0;0;0;0;0;0;0;0
FR;12;2021-02-17;0;0;0;0;0;0;0;0;0;0;0;0;0;0;0;0;0;0
FR;12;2021-02-18;0;0;0;0;0;0;0;0;0;0;0;0;0;0;0;0;0;0
FR;12;2021-02-19;0;0;0;0;0;0;0;0;0;0;0;0;0;0;0;0;0;0
FR;12;2021-02-20;0;0;0;0;0;0;0;0;0;0;0;0;0;0;0;0;0;0
FR;12;2021-02-21;0;0;0;0;0;0;0;0;0;0;0;0;0;0;0;0;0;0
FR;12;2021-02-22;0;0;0;0;0;0;0;0;0;0;0;0;0;0;0;0;0;0
FR;12;2021-02-23;0;0;0;0;0;0;0;0;0;0;0;0;0;0;0;0;0;0
FR;12;2021-02-24;0;0;0;0;0;0;0;0;0;0;0;0;0;0;0;0;0;0
FR;12;2021-02-25;0;0;0;0;0;0;0;0;0;0;0;0;0;0;0;0;0;0
FR;12;2021-02-26;0;0;0;0;0;0;0;0;0;0;0;0;0;0;0;0;0;0
FR;12;2021-02-27;0;0;0;0;0;0;0;0;0;0;0;0;0;0;0;0;0;0
FR;12;2021-02-28;0;0;0;0;0;0;0;0;0;0;0;0;0;0;0;0;0;0
FR;12;2021-03-01;0;0;0;0;0;0;0;0;0;0;0;0;0;0;0;0;0;0
FR;12;2021-03-02;0;0;0;0;0;0;0;0;0;0;0;0;0;0;0;0;0;0
FR;12;2021-03-03;0;0;0;0;0;0;0;0;0;0;0;0;0;0;0;0;0;0
FR;12;2021-03-04;0;0;0;0;0;0;0;0;0;0;0;0;0;0;0;0;0;0
FR;12;2021-03-05;0;0;0;0;0;0;0;0;0;0;0;0;0;0;0;0;0;0
FR;12;2021-03-06;0;0;0;0;0;0;0;0;0;0;0;0;0;0;0;0;0;0
FR;12;2021-03-07;0;0;0;0;0;0;0;0;0;0;0;0;0;0;0;0;0;0
FR;12;2021-03-08;0;0;0;0;0;0;0;0;0;0;0;0;0;0;0;0;0;0
FR;12;2021-03-09;0;0;0;0;0;0;0;0;0;0;0;0;0;0;0;0;0;0
FR;12;2021-03-10;0;0;0;0;0;0;0;0;0;0;0;0;0;0;0;0;0;0
FR;12;2021-03-11;0;0;0;0;0;0;0;0;0;0;0;0;0;0;0;0;0;0
FR;12;2021-03-12;0;0;0;0;0;0;0;0;0;0;0;0;0;0;0;0;0;0
FR;12;2021-03-13;0;0;0;0;0;0;0;0;0;0;0;0;0;0;0;0;0;0
FR;12;2021-03-14;0;0;0;0;0;0;0;0;0;0;0;0;0;0;0;0;0;0
FR;12;2021-03-15;0;0;0;0;0;0;0;0;0;0;0;0;0;0;0;0;0;0
FR;12;2021-03-16;0;0;0;0;0;0;0;0;0;0;0;0;0;0;0;0;0;0
FR;12;2021-03-17;0;0;0;0;0;0;0;0;0;0;0;0;0;0;0;0;0;0
FR;12;2021-03-18;0;0;0;0;0;0;0;0;0;0;0;0;0;0;0;0;0;0
FR;12;2021-03-19;0;0;0;0;0;0;0;0;0;0;0;0;0;0;0;0;0;0
FR;12;2021-03-20;0;0;0;0;0;0;0;0;0;0;0;0;0;0;0;0;0;0
FR;12;2021-03-21;0;0;0;0;0;0;0;0;0;0;0;0;0;0;0;0;0;0
FR;12;2021-03-22;0;0;0;0;0;0;0;0;0;0;0;0;0;0;0;0;0;0
FR;12;2021-03-23;0;0;0;0;0;0;0;0;0;0;0;0;0;0;0;0;0;0
FR;12;2021-03-24;0;0;0;0;0;0;0;0;0;0;0;0;0;0;0;0;0;0
FR;12;2021-03-25;0;0;0;0;0;0;0;0;0;0;0;0;0;0;0;0;0;0
FR;12;2021-03-26;0;0;0;0;0;0;0;0;0;0;0;0;0;0;0;0;0;0
FR;12;2021-03-27;0;0;0;0;0;0;0;0;0;0;0;0;0;0;0;0;0;0
FR;12;2021-03-28;0;0;0;0;0;0;0;0;0;0;0;0;0;0;0;0;0;0
FR;12;2021-03-29;0;0;0;0;0;0;0;0;0;0;0;0;0;0;0;0;0;0
FR;12;2021-03-30;0;0;0;0;0;0;0;0;0;0;0;0;0;0;0;0;0;0
FR;12;2021-03-31;0;0;0;0;0;0;0;0;0;0;0;0;0;0;0;0;0;0
FR;12;2021-04-01;0;0;0;0;0;0;0;0;0;0;0;0;0;0;0;0;0;0
FR;12;2021-04-02;0;0;0;0;0;0;0;0;0;0;0;0;0;0;0;0;0;0
FR;12;2021-04-03;0;0;0;0;0;0;0;0;0;0;0;0;0;0;0;0;0;0
FR;12;2021-04-04;0;0;0;0;0;0;0;0;0;0;0;0;0;0;0;0;0;0
FR;12;2021-04-05;0;0;0;0;0;0;0;0;0;0;0;0;0;0;0;0;0;0
FR;12;2021-04-06;0;0;0;0;0;0;0;0;0;0;0;0;0;0;0;0;0;0
FR;12;2021-04-07;0;0;0;0;0;0;0;0;0;0;0;0;0;0;0;0;0;0
FR;12;2021-04-08;0;0;0;0;0;0;0;0;0;0;0;0;0;0;0;0;0;0
FR;12;2021-04-09;0;0;0;0;0;0;0;0;0;0;0;0;0;0;0;0;0;0
FR;12;2021-04-10;0;0;0;0;0;0;0;0;0;0;0;0;0;0;0;0;0;0
FR;12;2021-04-11;0;0;0;0;0;0;0;0;0;0;0;0;0;0;0;0;0;0
FR;12;2021-04-12;0;0;0;0;0;0;0;0;0;0;0;0;0;0;0;0;0;0
FR;12;2021-04-13;0;0;0;0;0;0;0;0;0;0;0;0;0;0;0;0;0;0
FR;12;2021-04-14;0;0;0;0;0;0;0;0;0;0;0;0;0;0;0;0;0;0
FR;12;2021-04-15;0;0;0;0;0;0;0;0;0;0;0;0;0;0;0;0;0;0
FR;12;2021-04-16;0;0;0;0;0;0;0;0;0;0;0;0;0;0;0;0;0;0
FR;12;2021-04-17;0;0;0;0;0;0;0;0;0;0;0;0;0;0;0;0;0;0
FR;12;2021-04-18;0;0;0;0;0;0;0;0;0;0;0;0;0;0;0;0;0;0
FR;12;2021-04-19;0;0;0;0;0;0;0;0;0;0;0;0;0;0;0;0;0;0
FR;12;2021-04-20;0;0;0;0;0;0;0;0;0;0;0;0;0;0;0;0;0;0
FR;12;2021-04-21;0;0;0;0;0;0;0;0;0;0;0;0;0;0;0;0;0;0
FR;12;2021-04-22;0;0;0;0;0;0;0;0;0;0;0;0;0;0;0;0;0;0
FR;12;2021-04-23;0;0;0;0;0;0;0;0;0;0;0;0;0;0;0;0;0;0
FR;12;2021-04-24;0;0;0;0;0;0;0;0;0;0;0;0;0;0;0;0;0;0
FR;12;2021-04-25;0;0;0;0;0;0;0;0;0;0;0;0;0;0;0;0;0;0
FR;12;2021-04-26;0;0;0;0;0;0;0;0;0;0;0;0;0;0;0;0;0;0
FR;12;2021-04-27;0;0;0;0;0;0;0;0;0;0;0;0;0;0;0;0;0;0
FR;12;2021-04-28;0;0;0;0;0;0;0;0;0;0;0;0;0;0;0;0;0;0
FR;12;2021-04-29;0;0;0;0;0;0;0;0;0;0;0;0;0;0;0;0;0;0
FR;12;2021-04-30;0;0;0;0;0;0;0;0;0;0;0;0;0;0;0;0;0;0
FR;12;2021-05-01;0;0;0;0;0;0;0;0;0;0;0;0;0;0;0;0;0;0
FR;12;2021-05-02;0;0;0;0;0;0;0;0;0;0;0;0;0;0;0;0;0;0
FR;12;2021-05-03;0;0;0;0;0;0;0;0;0;0;0;0;0;0;0;0;0;0
FR;12;2021-05-04;0;0;0;0;0;0;0;0;0;0;0;0;0;0;0;0;0;0
FR;12;2021-05-05;0;0;0;0;0;0;0;0;0;0;0;0;0;0;0;0;0;0
FR;12;2021-05-06;0;0;0;0;0;0;0;0;0;0;0;0;0;0;0;0;0;0
FR;12;2021-05-07;0;0;0;0;0;0;0;0;0;0;0;0;0;0;0;0;0;0
FR;12;2021-05-08;0;0;0;0;0;0;0;0;0;0;0;0;0;0;0;0;0;0
FR;12;2021-05-09;0;0;0;0;0;0;0;0;0;0;0;0;0;0;0;0;0;0
FR;12;2021-05-10;0;0;0;0;0;0;0;0;0;0;0;0;0;0;0;0;0;0
FR;12;2021-05-11;0;0;0;0;0;0;0;0;0;0;0;0;0;0;0;0;0;0
FR;12;2021-05-12;0;0;0;0;0;0;0;0;0;0;0;0;0;0;0;0;0;0
FR;12;2021-05-13;0;0;0;0;0;0;0;0;0;0;0;0;0;0;0;0;0;0
FR;12;2021-05-14;0;0;0;0;0;0;0;0;0;0;0;0;0;0;0;0;0;0
FR;12;2021-05-15;0;0;0;0;0;0;0;0;0;0;0;0;0;0;0;0;0;0
FR;12;2021-05-16;0;0;0;0;0;0;0;0;0;0;0;0;0;0;0;0;0;0
FR;12;2021-05-17;0;0;0;0;0;0;0;0;0;0;0;0;0;0;0;0;0;0
FR;12;2021-05-18;0;0;0;0;0;0;0;0;0;0;0;0;0;0;0;0;0;0
FR;12;2021-05-19;0;0;0;0;0;0;0;0;0;0;0;0;0;0;0;0;0;0
FR;12;2021-05-20;0;0;0;0;0;0;0;0;0;0;0;0;0;0;0;0;0;0
FR;12;2021-05-21;0;0;0;0;0;0;0;0;0;0;0;0;0;0;0;0;0;0
FR;12;2021-05-22;0;0;0;0;0;0;0;0;0;0;0;0;0;0;0;0;0;0
FR;12;2021-05-23;0;0;0;0;0;0;0;0;0;0;0;0;0;0;0;0;0;0
FR;12;2021-05-24;0;0;0;0;0;0;0;0;0;0;0;0;0;0;0;0;0;0
FR;12;2021-05-25;0;0;0;0;0;0;0;0;0;0;0;0;0;0;0;0;0;0
FR;12;2021-05-26;0;0;0;0;0;0;0;0;0;0;0;0;0;0;0;0;0;0
FR;12;2021-05-27;0;0;0;0;0;0;0;0;0;0;0;0;0;0;0;0;0;0
FR;12;2021-05-28;0;0;0;0;0;0;0;0;0;0;0;0;0;0;0;0;0;0
FR;12;2021-05-29;0;0;0;0;0;0;0;0;0;0;0;0;0;0;0;0;0;0
FR;12;2021-05-30;0;0;0;0;0;0;0;0;0;0;0;0;0;0;0;0;0;0
FR;12;2021-05-31;0;0;0;0;0;0;0;0;0;0;0;0;0;0;0;0;0;0
FR;12;2021-06-01;0;0;0;0;0;0;0;0;0;0;0;0;0;0;0;0;0;0
FR;12;2021-06-02;0;0;0;0;0;0;0;0;0;0;0;0;0;0;0;0;0;0
FR;12;2021-06-03;0;0;0;0;0;0;0;0;0;0;0;0;0;0;0;0;0;0
FR;12;2021-06-04;0;0;0;0;0;0;0;0;0;0;0;0;0;0;0;0;0;0
FR;12;2021-06-05;0;0;0;0;0;0;0;0;0;0;0;0;0;0;0;0;0;0
FR;12;2021-06-06;0;0;0;0;0;0;0;0;0;0;0;0;0;0;0;0;0;0
FR;12;2021-06-07;0;0;0;0;0;0;0;0;0;0;0;0;0;0;0;0;0;0
FR;12;2021-06-08;0;0;0;0;0;0;0;0;0;0;0;0;0;0;0;0;0;0
FR;12;2021-06-09;0;0;0;0;0;0;0;0;0;0;0;0;0;0;0;0;0;0
FR;12;2021-06-10;0;0;0;0;0;0;0;0;0;0;0;0;0;0;0;0;0;0
FR;12;2021-06-11;0;0;0;0;0;0;0;0;0;0;0;0;0;0;0;0;0;0
FR;12;2021-06-12;0;0;0;0;0;0;0;0;0;0;0;0;0;0;0;0;0;0
FR;12;2021-06-13;0;0;0;0;0;0;0;0;0;0;0;0;0;0;0;0;0;0
FR;12;2021-06-14;0;0;0;0;0;0;0;0;0;0;0;0;0;0;0;0;0;0
FR;12;2021-06-15;0;0;0;0;0;0;0;0;0;0;0;0;0;0;0;0;0;0
FR;12;2021-06-16;0;0;0;0;0;0;0;0;0;0;0;0;0;0;0;0;0;0
FR;12;2021-06-17;0;0;0;0;0;0;0;0;0;0;0;0;0;0;0;0;0;0
FR;12;2021-06-18;0;0;0;0;0;0;0;0;0;0;0;0;0;0;0;0;0;0
FR;12;2021-06-19;0;0;0;0;0;0;0;0;0;0;0;0;0;0;0;0;0;0
FR;12;2021-06-20;0;0;0;0;0;0;0;0;0;0;0;0;0;0;0;0;0;0
FR;12;2021-06-21;0;0;0;0;0;0;0;0;0;0;0;0;0;0;0;0;0;0
FR;12;2021-06-22;0;0;0;0;0;0;0;0;0;0;0;0;0;0;0;0;0;0
FR;12;2021-06-23;0;0;0;0;0;0;0;0;0;0;0;0;0;0;0;0;0;0
FR;12;2021-06-24;0;0;0;0;0;0;0;0;0;0;0;0;0;0;0;0;0;0
FR;12;2021-06-25;0;0;0;0;0;0;0;0;0;0;0;0;0;0;0;0;0;0
FR;12;2021-06-26;0;0;0;0;0;0;0;0;0;0;0;0;0;0;0;0;0;0
FR;12;2021-06-27;0;0;0;0;0;0;0;0;0;0;0;0;0;0;0;0;0;0
FR;12;2021-06-28;0;0;0;0;0;0;0;0;0;0;0;0;0;0;0;0;0;0
FR;12;2021-06-29;0;0;0;0;0;0;0;0;0;0;0;0;0;0;0;0;0;0
FR;12;2021-06-30;0;0;0;0;0;0;0;0;0;0;0;0;0;0;0;0;0;0
FR;12;2021-07-01;0;0;0;0;0;0;0;0;0;0;0;0;0;0;0;0;0;0
FR;12;2021-07-02;0;0;0;0;0;0;0;0;0;0;0;0;0;0;0;0;0;0
FR;12;2021-07-03;0;0;0;0;0;0;0;0;0;0;0;0;0;0;0;0;0;0
FR;12;2021-07-04;0;0;0;0;0;0;0;0;0;0;0;0;0;0;0;0;0;0
FR;12;2021-07-05;0;0;0;0;0;0;0;0;0;0;0;0;0;0;0;0;0;0
FR;12;2021-07-06;0;0;0;0;0;0;0;0;0;0;0;0;0;0;0;0;0;0
FR;12;2021-07-07;0;0;0;0;0;0;0;0;0;0;0;0;0;0;0;0;0;0
FR;12;2021-07-08;0;0;0;0;0;0;0;0;0;0;0;0;0;0;0;0;0;0
FR;12;2021-07-09;0;0;0;0;0;0;0;0;0;0;0;0;0;0;0;0;0;0
FR;12;2021-07-10;0;0;0;0;0;0;0;0;0;0;0;0;0;0;0;0;0;0
FR;12;2021-07-11;0;0;0;0;0;0;0;0;0;0;0;0;0;0;0;0;0;0
FR;12;2021-07-12;0;0;0;0;0;0;0;0;0;0;0;0;0;0;0;0;0;0
FR;12;2021-07-13;0;0;0;0;0;0;0;0;0;0;0;0;0;0;0;0;0;0
FR;12;2021-07-14;0;0;0;0;0;0;0;0;0;0;0;0;0;0;0;0;0;0
FR;12;2021-07-15;0;0;0;0;0;0;0;0;0;0;0;0;0;0;0;0;0;0
FR;12;2021-07-16;0;0;0;0;0;0;0;0;0;0;0;0;0;0;0;0;0;0
FR;12;2021-07-17;0;0;0;0;0;0;0;0;0;0;0;0;0;0;0;0;0;0
FR;12;2021-07-18;0;0;0;0;0;0;0;0;0;0;0;0;0;0;0;0;0;0
FR;12;2021-07-19;0;0;0;0;0;0;0;0;0;0;0;0;0;0;0;0;0;0
FR;12;2021-07-20;0;0;0;0;0;0;0;0;0;0;0;0;0;0;0;0;0;0
FR;12;2021-07-21;0;0;0;0;0;0;0;0;0;0;0;0;0;0;0;0;0;0
FR;12;2021-07-22;0;0;0;0;0;0;0;0;0;0;0;0;0;0;0;0;0;0
FR;12;2021-07-23;0;0;0;0;0;0;0;0;0;0;0;0;0;0;0;0;0;0
FR;12;2021-07-24;0;0;0;0;0;0;0;0;0;0;0;0;0;0;0;0;0;0
FR;12;2021-07-25;0;0;0;0;0;0;0;0;0;0;0;0;0;0;0;0;0;0
FR;12;2021-07-26;0;0;0;0;0;0;0;0;0;0;0;0;0;0;0;0;0;0
FR;12;2021-07-27;0;0;0;0;0;0;0;0;0;0;0;0;0;0;0;0;0;0
FR;12;2021-07-28;0;0;0;0;0;0;0;0;0;0;0;0;0;0;0;0;0;0
FR;12;2021-07-29;0;0;0;0;0;0;0;0;0;0;0;0;0;0;0;0;0;0
FR;12;2021-07-30;0;0;0;0;0;0;0;0;0;0;0;0;0;0;0;0;0;0
FR;12;2021-07-31;0;0;0;0;0;0;0;0;0;0;0;0;0;0;0;0;0;0
FR;12;2021-08-01;0;0;0;0;0;0;0;0;0;0;0;0;0;0;0;0;0;0
FR;12;2021-08-02;0;0;0;0;0;0;0;0;0;0;0;0;0;0;0;0;0;0
FR;12;2021-08-03;0;0;0;0;0;0;0;0;0;0;0;0;0;0;0;0;0;0
FR;12;2021-08-04;0;0;0;0;0;0;0;0;0;0;0;0;0;0;0;0;0;0
FR;12;2021-08-05;0;0;0;0;0;0;0;0;0;0;0;0;0;0;0;0;0;0
FR;12;2021-08-06;0;0;0;0;0;0;0;0;0;0;0;0;0;0;0;0;0;0
FR;12;2021-08-07;0;0;0;0;0;0;0;0;0;0;0;0;0;0;0;0;0;0
FR;12;2021-08-08;0;0;0;0;0;0;0;0;0;0;0;0;0;0;0;0;0;0
FR;12;2021-08-09;0;0;0;0;0;0;0;0;0;0;0;0;0;0;0;0;0;0
FR;12;2021-08-10;0;0;0;0;0;0;0;0;0;0;0;0;0;0;0;0;0;0
FR;12;2021-08-11;0;0;0;0;0;0;0;0;0;0;0;0;0;0;0;0;0;0
FR;12;2021-08-12;0;0;0;0;0;0;0;0;0;0;0;0;0;0;0;0;0;0
FR;12;2021-08-13;0;0;0;0;0;0;0;0;0;0;0;0;0;0;0;0;0;0
FR;12;2021-08-14;0;0;0;0;0;0;0;0;0;0;0;0;0;0;0;0;0;0
FR;12;2021-08-15;0;0;0;0;0;0;0;0;0;0;0;0;0;0;0;0;0;0
FR;12;2021-08-16;0;0;0;0;0;0;0;0;0;0;0;0;0;0;0;0;0;0
FR;12;2021-08-17;0;0;0;0;0;0;0;0;0;0;0;0;0;0;0;0;0;0
FR;12;2021-08-18;0;0;0;0;0;0;0;0;0;0;0;0;0;0;0;0;0;0
FR;12;2021-08-19;0;0;0;0;0;0;0;0;0;0;0;0;0;0;0;0;0;0
FR;12;2021-08-20;0;0;0;0;0;0;0;0;0;0;0;0;0;0;0;0;0;0
FR;12;2021-08-21;0;0;0;0;0;0;0;0;0;0;0;0;0;0;0;0;0;0
FR;12;2021-08-22;0;0;0;0;0;0;0;0;0;0;0;0;0;0;0;0;0;0
FR;12;2021-08-23;0;0;0;0;0;0;0;0;0;0;0;0;0;0;0;0;0;0
FR;12;2021-08-24;0;0;0;0;0;0;0;0;0;0;0;0;0;0;0;0;0;0
FR;12;2021-08-25;0;0;0;0;0;0;0;0;0;0;0;0;0;0;0;0;0;0
FR;12;2021-08-26;0;0;0;0;0;0;0;0;0;0;0;0;0;0;0;0;0;0
FR;12;2021-08-27;0;0;0;0;0;0;0;0;0;0;0;0;0;0;0;0;0;0
FR;12;2021-08-28;0;0;0;0;0;0;0;0;0;0;0;0;0;0;0;0;0;0
FR;12;2021-08-29;0;0;0;0;0;0;0;0;0;0;0;0;0;0;0;0;0;0
FR;12;2021-08-30;0;0;0;0;0;0;0;0;0;0;0;0;0;0;0;0;0;0
FR;12;2021-08-31;0;0;0;0;0;0;0;0;0;0;0;0;0;0;0;0;0;0
FR;12;2021-09-01;0;0;0;0;0;0;0;0;0;0;0;0;0;0;0;0;0;0
FR;12;2021-09-02;0;0;0;0;0;0;0;0;0;0;0;0;0;0;0;0;0;0
FR;12;2021-09-03;0;0;0;0;0;0;0;0;0;0;0;0;0;0;0;0;0;0
FR;12;2021-09-04;0;0;0;0;0;0;0;0;0;0;0;0;0;0;0;0;0;0
FR;12;2021-09-05;0;0;0;0;0;0;0;0;0;0;0;0;0;0;0;0;0;0
FR;12;2021-09-06;0;0;0;0;0;0;0;0;0;0;0;0;0;0;0;0;0;0
FR;12;2021-09-07;0;0;0;0;0;0;0;0;0;0;0;0;0;0;0;0;0;0
FR;12;2021-09-08;0;0;0;0;0;0;0;0;0;0;0;0;0;0;0;0;0;0
FR;12;2021-09-09;0;0;0;0;0;0;0;0;0;0;0;0;0;0;0;0;0;0
FR;12;2021-09-10;0;0;0;0;0;0;0;0;0;0;0;0;0;0;0;0;0;0
FR;12;2021-09-11;0;0;0;0;0;0;0;0;0;0;0;0;0;0;0;0;0;0
FR;12;2021-09-12;0;0;0;0;0;0;0;0;0;0;0;0;0;0;0;0;0;0
FR;12;2021-09-13;0;0;0;0;0;0;0;0;0;0;0;0;0;0;0;0;0;0
FR;12;2021-09-14;0;0;0;0;0;0;0;0;0;0;0;0;0;0;0;0;0;0
FR;12;2021-09-15;0;0;0;0;0;0;0;0;0;0;0;0;0;0;0;0;0;0
FR;12;2021-09-16;0;0;0;0;0;0;0;0;0;0;0;0;0;0;0;0;0;0
FR;12;2021-09-17;0;0;0;0;0;0;0;0;0;0;0;0;0;0;0;0;0;0
FR;12;2021-09-18;0;0;0;0;0;0;0;0;0;0;0;0;0;0;0;0;0;0
FR;12;2021-09-19;0;0;0;0;0;0;0;0;0;0;0;0;0;0;0;0;0;0
FR;12;2021-09-20;0;0;0;0;0;0;0;0;0;0;0;0;0;0;0;0;0;0
FR;12;2021-09-21;0;0;0;0;0;0;0;0;0;0;0;0;0;0;0;0;0;0
FR;12;2021-09-22;0;0;0;0;0;0;0;0;0;0;0;0;0;0;0;0;0;0
FR;12;2021-09-23;0;0;0;0;0;0;0;0;0;0;0;0;0;0;0;0;0;0
FR;12;2021-09-24;0;0;0;0;0;0;0;0;0;0;0;0;0;0;0;0;0;0
FR;12;2021-09-25;0;0;0;0;0;0;0;0;0;0;0;0;0;0;0;0;0;0
FR;12;2021-09-26;0;0;0;0;0;0;0;0;0;0;0;0;0;0;0;0;0;0
FR;12;2021-09-27;0;0;0;0;0;0;0;0;0;0;0;0;0;0;0;0;0;0
FR;12;2021-09-28;0;0;0;0;0;0;0;0;0;0;0;0;0;0;0;0;0;0
FR;12;2021-09-29;0;0;0;0;0;0;0;0;0;0;0;0;0;0;0;0;0;0
FR;12;2021-09-30;0;0;0;0;0;0;0;0;0;0;0;0;0;0;0;0;0;0
FR;12;2021-10-01;0;0;0;0;0;0;0;0;0;0;0;0;0;0;0;0;0;0
FR;12;2021-10-02;0;0;0;0;0;0;0;0;0;0;0;0;0;0;0;0;0;0
FR;12;2021-10-03;0;0;0;0;0;0;0;0;0;0;0;0;0;0;0;0;0;0
FR;12;2021-10-04;0;0;0;0;0;0;0;0;0;0;0;0;0;0;0;0;0;0
FR;12;2021-10-05;0;0;0;0;0;0;0;0;0;0;0;0;0;0;0;0;0;0
FR;12;2021-10-06;0;0;0;0;0;0;0;0;0;0;0;0;0;0;0;0;0;0
FR;12;2021-10-07;0;0;0;0;0;0;0;0;0;0;0;0;0;0;0;0;0;0
FR;12;2021-10-08;0;0;0;0;0;0;0;0;0;0;0;0;0;0;0;0;0;0
FR;12;2021-10-09;0;0;0;0;0;0;0;0;0;0;0;0;0;0;0;0;0;0
FR;12;2021-10-10;0;0;0;0;0;0;0;0;0;0;0;0;0;0;0;0;0;0
FR;12;2021-10-11;0;0;0;0;0;0;0;0;0;0;0;0;0;0;0;0;0;0
FR;12;2021-10-12;0;0;0;0;0;0;0;0;0;0;0;0;0;0;0;0;0;0
FR;12;2021-10-13;0;0;0;0;0;0;0;0;0;0;0;0;0;0;0;0;0;0
FR;12;2021-10-14;0;0;0;0;0;0;0;0;0;0;0;0;0;0;0;0;0;0
FR;12;2021-10-15;0;0;0;0;0;0;0;0;0;0;0;0;0;0;0;0;0;0
FR;12;2021-10-16;0;0;0;0;0;0;0;0;0;0;0;0;0;0;0;0;0;0
FR;12;2021-10-17;0;0;0;0;0;0;0;0;0;0;0;0;0;0;0;0;0;0
FR;12;2021-10-18;0;0;0;0;0;0;0;0;0;0;0;0;0;0;0;0;0;0
FR;12;2021-10-19;0;0;0;0;0;0;0;0;0;0;0;0;0;0;0;0;0;0
FR;12;2021-10-20;0;0;0;0;0;0;0;0;0;0;0;0;0;0;0;0;0;0
FR;12;2021-10-21;0;0;0;0;0;0;0;0;0;0;0;0;0;0;0;0;0;0
FR;12;2021-10-22;0;0;0;0;0;0;0;0;0;0;0;0;0;0;0;0;0;0
FR;12;2021-10-23;0;0;0;0;0;0;0;0;0;0;0;0;0;0;0;0;0;0
FR;12;2021-10-24;0;0;0;0;0;0;0;0;0;0;0;0;0;0;0;0;0;0
FR;12;2021-10-25;0;0;0;0;0;0;0;0;0;0;0;0;0;0;0;0;0;0
FR;12;2021-10-26;0;0;0;0;0;0;0;0;0;0;0;0;0;0;0;0;0;0
FR;12;2021-10-27;0;0;0;0;0;0;0;0;0;0;0;0;0;0;0;0;0;0
FR;12;2021-10-28;0;0;0;0;0;0;0;0;0;0;0;0;0;0;0;0;0;0
FR;12;2021-10-29;0;0;0;0;0;0;0;0;0;0;0;0;0;0;0;0;0;0
FR;12;2021-10-30;0;0;0;0;0;0;0;0;0;0;0;0;0;0;0;0;0;0
FR;12;2021-10-31;0;0;0;0;0;0;0;0;0;0;0;0;0;0;0;0;0;0
FR;12;2021-11-01;0;0;0;0;0;0;0;0;0;0;0;0;0;0;0;0;0;0
FR;12;2021-11-02;0;0;0;0;0;0;0;0;0;0;0;0;0;0;0;0;0;0
FR;12;2021-11-03;0;0;0;0;0;0;0;0;0;0;0;0;0;0;0;0;0;0
FR;12;2021-11-04;0;0;0;0;0;0;0;0;0;0;0;0;0;0;0;0;0;0
FR;12;2021-11-05;0;0;0;0;0;0;0;0;0;0;0;0;0;0;0;0;0;0
FR;12;2021-11-06;0;0;0;0;0;0;0;0;0;0;0;0;0;0;0;0;0;0
FR;12;2021-11-07;0;0;0;0;0;0;0;0;0;0;0;0;0;0;0;0;0;0
FR;12;2021-11-08;0;0;0;0;0;0;0;0;0;0;0;0;0;0;0;0;0;0
FR;12;2021-11-09;0;0;0;0;0;0;0;0;0;0;0;0;0;0;0;0;0;0
FR;12;2021-11-10;0;0;0;0;0;0;0;0;0;0;0;0;0;0;0;0;0;0
FR;12;2021-11-11;0;0;0;0;0;0;0;0;0;0;0;0;0;0;0;0;0;0
FR;12;2021-11-12;0;0;0;0;0;0;0;0;0;0;0;0;0;0;0;0;0;0
FR;12;2021-11-13;0;0;0;0;0;0;0;0;0;0;0;0;0;0;0;0;0;0
FR;12;2021-11-14;0;0;0;0;0;0;0;0;0;0;0;0;0;0;0;0;0;0
FR;12;2021-11-15;0;0;0;0;0;0;0;0;0;0;0;0;0;0;0;0;0;0
FR;12;2021-11-16;0;0;0;0;0;0;0;0;0;0;0;0;0;0;0;0;0;0
FR;12;2021-11-17;0;0;0;0;0;0;0;0;0;0;0;0;0;0;0;0;0;0
FR;12;2021-11-18;0;0;0;0;0;0;0;0;0;0;0;0;0;0;0;0;0;0
FR;12;2021-11-19;0;0;0;0;0;0;0;0;0;0;0;0;0;0;0;0;0;0
FR;12;2021-11-20;0;0;0;0;0;0;0;0;0;0;0;0;0;0;0;0;0;0
FR;12;2021-11-21;0;0;0;0;0;0;0;0;0;0;0;0;0;0;0;0;0;0
FR;12;2021-11-22;0;0;0;0;0;0;0;0;0;0;0;0;0;0;0;0;0;0
FR;12;2021-11-23;0;0;0;0;0;0;0;0;0;0;0;0;0;0;0;0;0;0
FR;12;2021-11-24;0;0;0;0;0;0;0;0;0;0;0;0;0;0;0;0;0;0
FR;12;2021-11-25;0;0;0;0;0;0;0;0;0;0;0;0;0;0;0;0;0;0
FR;12;2021-11-26;0;0;0;0;0;0;0;0;0;0;0;0;0;0;0;0;0;0
FR;12;2021-11-27;0;0;0;0;0;0;0;0;0;0;0;0;0;0;0;0;0;0
FR;12;2021-11-28;0;0;0;0;0;0;0;0;0;0;0;0;0;0;0;0;0;0
FR;12;2021-11-29;0;0;0;0;0;0;0;0;0;0;0;0;0;0;0;0;0;0
FR;12;2021-11-30;0;0;0;0;0;0;0;0;0;0;0;0;0;0;0;0;0;0
FR;12;2021-12-01;0;0;0;0;0;0;0;0;0;0;0;0;0;0;0;0;0;0
FR;12;2021-12-02;0;0;0;0;0;0;0;0;0;0;0;0;0;0;0;0;0;0
FR;12;2021-12-03;0;0;0;0;0;0;0;0;0;0;0;0;0;0;0;0;0;0
FR;12;2021-12-04;0;0;0;0;0;0;0;0;0;0;0;0;0;0;0;0;0;0
FR;12;2021-12-05;0;0;0;0;0;0;0;0;0;0;0;0;0;0;0;0;0;0
FR;12;2021-12-06;0;0;0;0;0;0;0;0;0;0;0;0;0;0;0;0;0;0
FR;12;2021-12-07;0;0;0;0;0;0;0;0;0;0;0;0;0;0;0;0;0;0
FR;12;2021-12-08;0;0;0;0;0;0;0;0;0;0;0;0;0;0;0;0;0;0
FR;12;2021-12-09;0;0;0;0;0;0;0;0;0;0;0;0;0;0;0;0;0;0
FR;12;2021-12-10;0;0;0;0;0;0;0;0;0;0;0;0;0;0;0;0;0;0
FR;12;2021-12-11;0;0;0;0;0;0;0;0;0;0;0;0;0;0;0;0;0;0
FR;12;2021-12-12;0;0;0;0;0;0;0;0;0;0;0;0;0;0;0;0;0;0
FR;12;2021-12-13;0;0;0;0;0;0;0;0;0;0;0;0;0;0;0;0;0;0
FR;12;2021-12-14;0;0;0;0;0;0;0;0;0;0;0;0;0;0;0;0;0;0
FR;12;2021-12-15;0;0;0;0;0;0;0;0;0;0;0;0;0;0;0;0;0;0
FR;12;2021-12-16;0;0;0;0;0;0;0;0;0;0;0;0;0;0;0;0;0;0
FR;12;2021-12-17;0;0;0;0;0;0;0;0;0;0;0;0;0;0;0;0;0;0
FR;12;2021-12-18;0;0;0;0;0;0;0;0;0;0;0;0;0;0;0;0;0;0
FR;12;2021-12-19;0;0;0;0;0;0;0;0;0;0;0;0;0;0;0;0;0;0
FR;12;2021-12-20;0;0;0;0;0;0;0;0;0;0;0;0;0;0;0;0;0;0
FR;12;2021-12-21;0;0;0;0;0;0;0;0;0;0;0;0;0;0;0;0;0;0
FR;12;2021-12-22;0;0;0;0;0;0;0;0;0;0;0;0;0;0;0;0;0;0
FR;12;2021-12-23;0;0;0;0;0;0;0;0;0;0;0;0;0;0;0;0;0;0
FR;12;2021-12-24;0;0;0;0;0;0;0;0;0;0;0;0;0;0;0;0;0;0
FR;12;2021-12-25;0;0;0;0;0;0;0;0;0;0;0;0;0;0;0;0;0;0
FR;12;2021-12-26;0;0;0;0;0;0;0;0;0;0;0;0;0;0;0;0;0;0
FR;12;2021-12-27;0;0;0;0;0;0;0;0;0;0;0;0;0;0;0;0;0;0
FR;12;2021-12-28;0;0;0;0;0;0;0;0;0;0;0;0;0;0;0;0;0;0
FR;12;2021-12-29;0;0;0;0;0;0;0;0;0;0;0;0;0;0;0;0;0;0
FR;12;2021-12-30;0;0;0;0;0;0;0;0;0;0;0;0;0;0;0;0;0;0
FR;12;2021-12-31;0;0;0;0;0;0;0;0;0;0;0;0;0;0;0;0;0;0
FR;12;2022-01-01;0;0;0;0;0;0;0;0;0;0;0;0;0;0;0;0;0;0
FR;12;2022-01-02;0;0;0;0;0;0;0;0;0;0;0;0;0;0;0;0;0;0
FR;12;2022-01-03;0;0;0;0;0;0;0;0;0;0;0;0;0;0;0;0;0;0
FR;12;2022-01-04;0;0;0;0;0;0;0;0;0;0;0;0;0;0;0;0;0;0
FR;12;2022-01-05;0;0;0;0;0;0;0;0;0;0;0;0;0;0;0;0;0;0
FR;12;2022-01-06;0;0;0;0;0;0;0;0;0;0;0;0;0;0;0;0;0;0
FR;12;2022-01-07;0;0;0;0;0;0;0;0;0;0;0;0;0;0;0;0;0;0
FR;12;2022-01-08;0;0;0;0;0;0;0;0;0;0;0;0;0;0;0;0;0;0
FR;12;2022-01-09;0;0;0;0;0;0;0;0;0;0;0;0;0;0;0;0;0;0
FR;12;2022-01-10;0;0;0;0;0;0;0;0;0;0;0;0;0;0;0;0;0;0
FR;12;2022-01-11;0;0;0;0;0;0;0;0;0;0;0;0;0;0;0;0;0;0
FR;12;2022-01-12;0;0;0;0;0;0;0;0;0;0;0;0;0;0;0;0;0;0
FR;12;2022-01-13;0;0;0;0;0;0;0;0;0;0;0;0;0;0;0;0;0;0
FR;12;2022-01-14;0;0;0;0;0;0;0;0;0;0;0;0;0;0;0;0;0;0
FR;12;2022-01-15;0;0;0;0;0;0;0;0;0;0;0;0;0;0;0;0;0;0
FR;12;2022-01-16;0;0;0;0;0;0;0;0;0;0;0;0;0;0;0;0;0;0
FR;12;2022-01-17;0;0;0;0;0;0;0;0;0;0;0;0;0;0;0;0;0;0
FR;12;2022-01-18;0;0;0;0;0;0;0;0;0;0;0;0;0;0;0;0;0;0
FR;12;2022-01-19;0;0;0;0;0;0;0;0;0;0;0;0;0;0;0;0;0;0
FR;12;2022-01-20;0;0;0;0;0;0;0;0;0;0;0;0;0;0;0;0;0;0
FR;12;2022-01-21;0;0;0;0;0;0;0;0;0;0;0;0;0;0;0;0;0;0
FR;12;2022-01-22;0;0;0;0;0;0;0;0;0;0;0;0;0;0;0;0;0;0
FR;12;2022-01-23;0;0;0;0;0;0;0;0;0;0;0;0;0;0;0;0;0;0
FR;12;2022-01-24;0;0;0;0;0;0;0;0;0;0;0;0;0;0;0;0;0;0
FR;12;2022-01-25;0;0;0;0;0;0;0;0;0;0;0;0;0;0;0;0;0;0
FR;12;2022-01-26;0;0;0;0;0;0;0;0;0;0;0;0;0;0;0;0;0;0
FR;12;2022-01-27;0;0;0;0;0;0;0;0;0;0;0;0;0;0;0;0;0;0
FR;12;2022-01-28;0;0;0;0;0;0;0;0;0;0;0;0;0;0;0;0;0;0
FR;12;2022-01-29;0;0;0;0;0;0;0;0;0;0;0;0;0;0;0;0;0;0
FR;12;2022-01-30;0;0;0;0;0;0;0;0;0;0;0;0;0;0;0;0;0;0
FR;12;2022-01-31;0;0;0;0;0;0;0;0;0;0;0;0;0;0;0;0;0;0
FR;12;2022-02-01;0;0;0;0;0;0;0;0;0;0;0;0;0;0;0;0;0;0
FR;12;2022-02-02;0;0;0;0;0;0;0;0;0;0;0;0;0;0;0;0;0;0
FR;12;2022-02-03;0;0;0;0;0;0;0;0;0;0;0;0;0;0;0;0;0;0
FR;12;2022-02-04;0;0;0;0;0;0;0;0;0;0;0;0;0;0;0;0;0;0
FR;12;2022-02-05;0;0;0;0;0;0;0;0;0;0;0;0;0;0;0;0;0;0
FR;12;2022-02-06;0;0;0;0;0;0;0;0;0;0;0;0;0;0;0;0;0;0
FR;12;2022-02-07;0;0;0;0;0;0;0;0;0;0;0;0;0;0;0;0;0;0
FR;12;2022-02-08;0;0;0;0;0;0;0;0;0;0;0;0;0;0;0;0;0;0
FR;12;2022-02-09;0;0;0;0;0;0;0;0;0;0;0;0;0;0;0;0;0;0
FR;12;2022-02-10;0;0;0;0;0;0;0;0;0;0;0;0;0;0;0;0;0;0
FR;12;2022-02-11;0;0;0;0;0;0;0;0;0;0;0;0;0;0;0;0;0;0
FR;12;2022-02-12;0;0;0;0;0;0;0;0;0;0;0;0;0;0;0;0;0;0
FR;12;2022-02-13;0;0;0;0;0;0;0;0;0;0;0;0;0;0;0;0;0;0
FR;12;2022-02-14;0;0;0;0;0;0;0;0;0;0;0;0;0;0;0;0;0;0
FR;12;2022-02-15;0;0;0;0;0;0;0;0;0;0;0;0;0;0;0;0;0;0
FR;12;2022-02-16;0;0;0;0;0;0;0;0;0;0;0;0;0;0;0;0;0;0
FR;12;2022-02-17;0;0;0;0;0;0;0;0;0;0;0;0;0;0;0;0;0;0
FR;12;2022-02-18;0;0;0;0;0;0;0;0;0;0;0;0;0;0;0;0;0;0
FR;12;2022-02-19;0;0;0;0;0;0;0;0;0;0;0;0;0;0;0;0;0;0
FR;12;2022-02-20;0;0;0;0;0;0;0;0;0;0;0;0;0;0;0;0;0;0
FR;12;2022-02-21;0;0;0;0;0;0;0;0;0;0;0;0;0;0;0;0;0;0
FR;12;2022-02-22;0;0;0;0;0;0;0;0;0;0;0;0;0;0;0;0;0;0
FR;12;2022-02-23;0;0;0;0;0;0;0;0;0;0;0;0;0;0;0;0;0;0
FR;12;2022-02-24;0;0;0;0;0;0;0;0;0;0;0;0;0;0;0;0;0;0
FR;12;2022-02-25;0;0;0;0;0;0;0;0;0;0;0;0;0;0;0;0;0;0
FR;12;2022-02-26;0;0;0;0;0;0;0;0;0;0;0;0;0;0;0;0;0;0
FR;12;2022-02-27;0;0;0;0;0;0;0;0;0;0;0;0;0;0;0;0;0;0
FR;12;2022-02-28;0;0;0;0;0;0;0;0;0;0;0;0;0;0;0;0;0;0
FR;12;2022-03-01;0;0;0;0;0;0;0;0;0;0;0;0;0;0;0;0;0;0
FR;12;2022-03-02;0;0;0;0;0;0;0;0;0;0;0;0;0;0;0;0;0;0
FR;12;2022-03-03;0;0;0;0;0;0;0;0;0;0;0;0;0;0;0;0;0;0
FR;12;2022-03-04;0;0;0;0;0;0;0;0;0;0;0;0;0;0;0;0;0;0
FR;12;2022-03-05;0;0;0;0;0;0;0;0;0;0;0;0;0;0;0;0;0;0
FR;12;2022-03-06;0;0;0;0;0;0;0;0;0;0;0;0;0;0;0;0;0;0
FR;12;2022-03-07;0;0;0;0;0;0;0;0;0;0;0;0;0;0;0;0;0;0
FR;12;2022-03-08;0;0;0;0;0;0;0;0;0;0;0;0;0;0;0;0;0;0
FR;12;2022-03-09;0;0;0;0;0;0;0;0;0;0;0;0;0;0;0;0;0;0
FR;12;2022-03-10;0;0;0;0;0;0;0;0;0;0;0;0;0;0;0;0;0;0
FR;12;2022-03-11;0;0;0;0;0;0;0;0;0;0;0;0;0;0;0;0;0;0
FR;12;2022-03-12;0;0;0;0;0;0;0;0;0;0;0;0;0;0;0;0;0;0
FR;12;2022-03-13;0;0;0;0;0;0;0;0;0;0;0;0;0;0;0;0;0;0
FR;12;2022-03-14;0;0;0;0;0;0;0;0;0;0;0;0;0;0;0;0;0;0
FR;12;2022-03-15;0;0;0;0;0;0;0;0;0;0;0;0;0;0;0;0;0;0
FR;12;2022-03-16;0;0;0;0;0;0;0;0;0;0;0;0;0;0;0;0;0;0
FR;12;2022-03-17;0;0;0;0;0;0;0;0;0;0;0;0;0;0;0;0;0;0
FR;12;2022-03-18;0;0;0;0;0;0;0;0;0;0;0;0;0;0;0;0;0;0
FR;12;2022-03-19;0;0;0;0;0;0;0;0;0;0;0;0;0;0;0;0;0;0
FR;12;2022-03-20;0;0;0;0;0;0;0;0;0;0;0;0;0;0;0;0;0;0
FR;12;2022-03-21;0;0;0;0;0;0;0;0;0;0;0;0;0;0;0;0;0;0
FR;12;2022-03-22;0;0;0;0;0;0;0;0;0;0;0;0;0;0;0;0;0;0
FR;12;2022-03-23;0;0;0;0;0;0;0;0;0;0;0;0;0;0;0;0;0;0
FR;12;2022-03-24;0;0;0;0;0;0;0;0;0;0;0;0;0;0;0;0;0;0
FR;12;2022-03-25;0;0;0;0;0;0;0;0;0;0;0;0;0;0;0;0;0;0
FR;12;2022-03-26;0;0;0;0;0;0;0;0;0;0;0;0;0;0;0;0;0;0
FR;12;2022-03-27;0;0;0;0;0;0;0;0;0;0;0;0;0;0;0;0;0;0
FR;12;2022-03-28;0;0;0;0;0;0;0;0;0;0;0;0;0;0;0;0;0;0
FR;12;2022-03-29;0;0;0;0;0;0;0;0;0;0;0;0;0;0;0;0;0;0
FR;12;2022-03-30;0;0;0;0;0;0;0;0;0;0;0;0;0;0;0;0;0;0
FR;12;2022-03-31;0;0;0;0;0;0;0;0;0;0;0;0;0;0;0;0;0;0
FR;12;2022-04-01;0;0;0;0;0;0;0;0;0;0;0;0;0;0;0;0;0;0
FR;12;2022-04-02;0;0;0;0;0;0;0;0;0;0;0;0;0;0;0;0;0;0
FR;12;2022-04-03;0;0;0;0;0;0;0;0;0;0;0;0;0;0;0;0;0;0
FR;12;2022-04-04;0;0;0;0;0;0;0;0;0;0;0;0;0;0;0;0;0;0
FR;12;2022-04-05;0;0;0;0;0;0;0;0;0;0;0;0;0;0;0;0;0;0
FR;12;2022-04-06;0;0;0;0;0;0;0;0;0;0;0;0;0;0;0;0;0;0
FR;12;2022-04-07;0;0;0;0;0;0;0;0;0;0;0;0;0;0;0;0;0;0
FR;12;2022-04-08;0;0;0;0;0;0;0;0;0;0;0;0;0;0;0;0;0;0
FR;12;2022-04-09;0;0;0;0;0;0;0;0;0;0;0;0;0;0;0;0;0;0
FR;12;2022-04-10;0;0;0;0;0;0;0;0;0;0;0;0;0;0;0;0;0;0
FR;12;2022-04-11;0;0;0;0;0;0;0;0;0;0;0;0;0;0;0;0;0;0
FR;12;2022-04-12;0;0;0;0;0;0;0;0;0;0;0;0;0;0;0;0;0;0
FR;12;2022-04-13;0;0;0;0;0;0;0;0;0;0;0;0;0;0;0;0;0;0
FR;12;2022-04-14;0;0;0;0;0;0;0;0;0;0;0;0;0;0;0;0;0;0
FR;12;2022-04-15;0;0;0;0;0;0;0;0;0;0;0;0;0;0;0;0;0;0
FR;12;2022-04-16;0;0;0;0;0;0;0;0;0;0;0;0;0;0;0;0;0;0
FR;12;2022-04-17;0;0;0;0;0;0;0;0;0;0;0;0;0;0;0;0;0;0
FR;12;2022-04-18;0;0;0;0;0;0;0;0;0;0;0;0;0;0;0;0;0;0
FR;12;2022-04-19;0;0;0;0;0;0;0;0;0;0;0;0;0;0;0;0;0;0
FR;12;2022-04-20;0;0;0;0;0;0;0;0;0;0;0;0;0;0;0;0;0;0
FR;12;2022-04-21;0;0;0;0;0;0;0;0;0;0;0;0;0;0;0;0;0;0
FR;12;2022-04-22;0;0;0;0;0;0;0;0;0;0;0;0;0;0;0;0;0;0
FR;12;2022-04-23;0;0;0;0;0;0;0;0;0;0;0;0;0;0;0;0;0;0
FR;12;2022-04-24;0;0;0;0;0;0;0;0;0;0;0;0;0;0;0;0;0;0
FR;12;2022-04-25;0;0;0;0;0;0;0;0;0;0;0;0;0;0;0;0;0;0
FR;12;2022-04-26;0;0;0;0;0;0;0;0;0;0;0;0;0;0;0;0;0;0
FR;12;2022-04-27;0;0;0;0;0;0;0;0;0;0;0;0;0;0;0;0;0;0
FR;12;2022-04-28;0;0;0;0;0;0;0;0;0;0;0;0;0;0;0;0;0;0
FR;12;2022-04-29;0;0;0;0;0;0;0;0;0;0;0;0;0;0;0;0;0;0
FR;12;2022-04-30;0;0;0;0;0;0;0;0;0;0;0;0;0;0;0;0;0;0
FR;12;2022-05-01;0;0;0;0;0;0;0;0;0;0;0;0;0;0;0;0;0;0
FR;12;2022-05-02;0;0;0;0;0;0;0;0;0;0;0;0;0;0;0;0;0;0
FR;12;2022-05-03;0;0;0;0;0;0;0;0;0;0;0;0;0;0;0;0;0;0
FR;12;2022-05-04;0;0;0;0;0;0;0;0;0;0;0;0;0;0;0;0;0;0
FR;12;2022-05-05;0;0;0;0;0;0;0;0;0;0;0;0;0;0;0;0;0;0
FR;12;2022-05-06;0;0;0;0;0;0;0;0;0;0;0;0;0;0;0;0;0;0
FR;12;2022-05-07;0;0;0;0;0;0;0;0;0;0;0;0;0;0;0;0;0;0
FR;12;2022-05-08;0;0;0;0;0;0;0;0;0;0;0;0;0;0;0;0;0;0
FR;12;2022-05-09;0;0;0;0;0;0;0;0;0;0;0;0;0;0;0;0;0;0
FR;12;2022-05-10;0;0;0;0;0;0;0;0;0;0;0;0;0;0;0;0;0;0
FR;12;2022-05-11;0;0;0;0;0;0;0;0;0;0;0;0;0;0;0;0;0;0
FR;12;2022-05-12;0;0;0;0;0;0;0;0;0;0;0;0;0;0;0;0;0;0
FR;12;2022-05-13;0;0;0;0;0;0;0;0;0;0;0;0;0;0;0;0;0;0
FR;12;2022-05-14;0;0;0;0;0;0;0;0;0;0;0;0;0;0;0;0;0;0
FR;12;2022-05-15;0;0;0;0;0;0;0;0;0;0;0;0;0;0;0;0;0;0
FR;12;2022-05-16;0;0;0;0;0;0;0;0;0;0;0;0;0;0;0;0;0;0
FR;12;2022-05-17;0;0;0;0;0;0;0;0;0;0;0;0;0;0;0;0;0;0
FR;12;2022-05-18;0;0;0;0;0;0;0;0;0;0;0;0;0;0;0;0;0;0
FR;12;2022-05-19;0;0;0;0;0;0;0;0;0;0;0;0;0;0;0;0;0;0
FR;12;2022-05-20;0;0;0;0;0;0;0;0;0;0;0;0;0;0;0;0;0;0
FR;12;2022-05-21;0;0;0;0;0;0;0;0;0;0;0;0;0;0;0;0;0;0
FR;12;2022-05-22;0;0;0;0;0;0;0;0;0;0;0;0;0;0;0;0;0;0
FR;12;2022-05-23;0;0;0;0;0;0;0;0;0;0;0;0;0;0;0;0;0;0
FR;12;2022-05-24;0;0;0;0;0;0;0;0;0;0;0;0;0;0;0;0;0;0
FR;12;2022-05-25;0;0;0;0;0;0;0;0;0;0;0;0;0;0;0;0;0;0
FR;12;2022-05-26;0;0;0;0;0;0;0;0;0;0;0;0;0;0;0;0;0;0
FR;12;2022-05-27;0;0;0;0;0;0;0;0;0;0;0;0;0;0;0;0;0;0
FR;12;2022-05-28;0;0;0;0;0;0;0;0;0;0;0;0;0;0;0;0;0;0
FR;12;2022-05-29;0;0;0;0;0;0;0;0;0;0;0;0;0;0;0;0;0;0
FR;12;2022-05-30;0;0;0;0;0;0;0;0;0;0;0;0;0;0;0;0;0;0
FR;12;2022-05-31;0;0;0;0;0;0;0;0;0;0;0;0;0;0;0;0;0;0
FR;12;2022-06-01;0;0;0;0;0;0;0;0;0;0;0;0;0;0;0;0;0;0
FR;12;2022-06-02;0;0;0;0;0;0;0;0;0;0;0;0;0;0;0;0;0;0
FR;12;2022-06-03;0;0;0;0;0;0;0;0;0;0;0;0;0;0;0;0;0;0
FR;12;2022-06-04;0;0;0;0;0;0;0;0;0;0;0;0;0;0;0;0;0;0
FR;12;2022-06-05;0;0;0;0;0;0;0;0;0;0;0;0;0;0;0;0;0;0
FR;12;2022-06-06;0;0;0;0;0;0;0;0;0;0;0;0;0;0;0;0;0;0
FR;12;2022-06-07;0;0;0;0;0;0;0;0;0;0;0;0;0;0;0;0;0;0
FR;12;2022-06-08;0;0;0;0;0;0;0;0;0;0;0;0;0;0;0;0;0;0
FR;12;2022-06-09;0;0;0;0;0;0;0;0;0;0;0;0;0;0;0;0;0;0
FR;12;2022-06-10;0;0;0;0;0;0;0;0;0;0;0;0;0;0;0;0;0;0
FR;12;2022-06-11;0;0;0;0;0;0;0;0;0;0;0;0;0;0;0;0;0;0
FR;12;2022-06-12;0;0;0;0;0;0;0;0;0;0;0;0;0;0;0;0;0;0
FR;12;2022-06-13;0;0;0;0;0;0;0;0;0;0;0;0;0;0;0;0;0;0
FR;12;2022-06-14;0;0;0;0;0;0;0;0;0;0;0;0;0;0;0;0;0;0
FR;12;2022-06-15;0;0;0;0;0;0;0;0;0;0;0;0;0;0;0;0;0;0
FR;12;2022-06-16;0;0;0;0;0;0;0;0;0;0;0;0;0;0;0;0;0;0
FR;12;2022-06-17;0;0;0;0;0;0;0;0;0;0;0;0;0;0;0;0;0;0
FR;12;2022-06-18;0;0;0;0;0;0;0;0;0;0;0;0;0;0;0;0;0;0
FR;12;2022-06-19;0;0;0;0;0;0;0;0;0;0;0;0;0;0;0;0;0;0
FR;12;2022-06-20;0;0;0;0;0;0;0;0;0;0;0;0;0;0;0;0;0;0
FR;12;2022-06-21;0;0;0;0;0;0;0;0;0;0;0;0;0;0;0;0;0;0
FR;12;2022-06-22;0;0;0;0;0;0;0;0;0;0;0;0;0;0;0;0;0;0
FR;12;2022-06-23;0;0;0;0;0;0;0;0;0;0;0;0;0;0;0;0;0;0
FR;12;2022-06-24;0;0;0;0;0;0;0;0;0;0;0;0;0;0;0;0;0;0
FR;12;2022-06-25;0;0;0;0;0;0;0;0;0;0;0;0;0;0;0;0;0;0
FR;12;2022-06-26;0;0;0;0;0;0;0;0;0;0;0;0;0;0;0;0;0;0
FR;12;2022-06-27;0;0;0;0;0;0;0;0;0;0;0;0;0;0;0;0;0;0
FR;12;2022-06-28;0;0;0;0;0;0;0;0;0;0;0;0;0;0;0;0;0;0
FR;12;2022-06-29;0;0;0;0;0;0;0;0;0;0;0;0;0;0;0;0;0;0
FR;12;2022-06-30;0;0;0;0;0;0;0;0;0;0;0;0;0;0;0;0;0;0
FR;12;2022-07-01;0;0;0;0;0;0;0;0;0;0;0;0;0;0;0;0;0;0
FR;12;2022-07-02;0;0;0;0;0;0;0;0;0;0;0;0;0;0;0;0;0;0
FR;12;2022-07-03;0;0;0;0;0;0;0;0;0;0;0;0;0;0;0;0;0;0
FR;12;2022-07-04;0;0;0;0;0;0;0;0;0;0;0;0;0;0;0;0;0;0
FR;12;2022-07-05;0;0;0;0;0;0;0;0;0;0;0;0;0;0;0;0;0;0
FR;12;2022-07-06;0;0;0;0;0;0;0;0;0;0;0;0;0;0;0;0;0;0
FR;12;2022-07-07;0;0;0;0;0;0;0;0;0;0;0;0;0;0;0;0;0;0
FR;12;2022-07-08;0;0;0;0;0;0;0;0;0;0;0;0;0;0;0;0;0;0
FR;12;2022-07-09;0;0;0;0;0;0;0;0;0;0;0;0;0;0;0;0;0;0
FR;12;2022-07-10;0;0;0;0;0;0;0;0;0;0;0;0;0;0;0;0;0;0
FR;12;2022-07-11;0;0;0;0;0;0;0;0;0;0;0;0;0;0;0;0;0;0
FR;12;2022-07-12;0;0;0;0;0;0;0;0;0;0;0;0;0;0;0;0;0;0
FR;12;2022-07-13;0;0;0;0;0;0;0;0;0;0;0;0;0;0;0;0;0;0
FR;12;2022-07-14;0;0;0;0;0;0;0;0;0;0;0;0;0;0;0;0;0;0
FR;12;2022-07-15;0;0;0;0;0;0;0;0;0;0;0;0;0;0;0;0;0;0
FR;12;2022-07-16;0;0;0;0;0;0;0;0;0;0;0;0;0;0;0;0;0;0
FR;12;2022-07-17;0;0;0;0;0;0;0;0;0;0;0;0;0;0;0;0;0;0
FR;12;2022-07-18;0;0;0;0;0;0;0;0;0;0;0;0;0;0;0;0;0;0
FR;12;2022-07-19;0;0;0;0;0;0;0;0;0;0;0;0;0;0;0;0;0;0
FR;12;2022-07-20;0;0;0;0;0;0;0;0;0;0;0;0;0;0;0;0;0;0
FR;12;2022-07-21;0;0;0;0;0;0;0;0;0;0;0;0;0;0;0;0;0;0
FR;12;2022-07-22;0;0;0;0;0;0;0;0;0;0;0;0;0;0;0;0;0;0
FR;12;2022-07-23;0;0;0;0;0;0;0;0;0;0;0;0;0;0;0;0;0;0
FR;12;2022-07-24;0;0;0;0;0;0;0;0;0;0;0;0;0;0;0;0;0;0
FR;12;2022-07-25;0;0;0;0;0;0;0;0;0;0;0;0;0;0;0;0;0;0
FR;12;2022-07-26;0;0;0;0;0;0;0;0;0;0;0;0;0;0;0;0;0;0
FR;12;2022-07-27;0;0;0;0;0;0;0;0;0;0;0;0;0;0;0;0;0;0
FR;12;2022-07-28;0;0;0;0;0;0;0;0;0;0;0;0;0;0;0;0;0;0
FR;12;2022-07-29;0;0;0;0;0;0;0;0;0;0;0;0;0;0;0;0;0;0
FR;12;2022-07-30;0;0;0;0;0;0;0;0;0;0;0;0;0;0;0;0;0;0
FR;12;2022-07-31;0;0;0;0;0;0;0;0;0;0;0;0;0;0;0;0;0;0
FR;12;2022-08-01;0;0;0;0;0;0;0;0;0;0;0;0;0;0;0;0;0;0
FR;12;2022-08-02;0;0;0;0;0;0;0;0;0;0;0;0;0;0;0;0;0;0
FR;12;2022-08-03;0;0;0;0;0;0;0;0;0;0;0;0;0;0;0;0;0;0
FR;12;2022-08-04;0;0;0;0;0;0;0;0;0;0;0;0;0;0;0;0;0;0
FR;12;2022-08-05;0;0;0;0;0;0;0;0;0;0;0;0;0;0;0;0;0;0
FR;12;2022-08-06;0;0;0;0;0;0;0;0;0;0;0;0;0;0;0;0;0;0
FR;12;2022-08-07;0;0;0;0;0;0;0;0;0;0;0;0;0;0;0;0;0;0
FR;12;2022-08-08;0;0;0;0;0;0;0;0;0;0;0;0;0;0;0;0;0;0
FR;12;2022-08-09;0;0;0;0;0;0;0;0;0;0;0;0;0;0;0;0;0;0
FR;12;2022-08-10;0;0;0;0;0;0;0;0;0;0;0;0;0;0;0;0;0;0
FR;12;2022-08-11;0;0;0;0;0;0;0;0;0;0;0;0;0;0;0;0;0;0
FR;12;2022-08-12;0;0;0;0;0;0;0;0;0;0;0;0;0;0;0;0;0;0
FR;12;2022-08-13;0;0;0;0;0;0;0;0;0;0;0;0;0;0;0;0;0;0
FR;12;2022-08-14;0;0;0;0;0;0;0;0;0;0;0;0;0;0;0;0;0;0
FR;12;2022-08-15;0;0;0;0;0;0;0;0;0;0;0;0;0;0;0;0;0;0
FR;12;2022-08-16;0;0;0;0;0;0;0;0;0;0;0;0;0;0;0;0;0;0
FR;12;2022-08-17;0;0;0;0;0;0;0;0;0;0;0;0;0;0;0;0;0;0
FR;12;2022-08-18;0;0;0;0;0;0;0;0;0;0;0;0;0;0;0;0;0;0
FR;12;2022-08-19;0;0;0;0;0;0;0;0;0;0;0;0;0;0;0;0;0;0
FR;12;2022-08-20;0;0;0;0;0;0;0;0;0;0;0;0;0;0;0;0;0;0
FR;12;2022-08-21;0;0;0;0;0;0;0;0;0;0;0;0;0;0;0;0;0;0
FR;12;2022-08-22;0;0;0;0;0;0;0;0;0;0;0;0;0;0;0;0;0;0
FR;12;2022-08-23;0;0;0;0;0;0;0;0;0;0;0;0;0;0;0;0;0;0
FR;12;2022-08-24;0;0;0;0;0;0;0;0;0;0;0;0;0;0;0;0;0;0
FR;12;2022-08-25;0;0;0;0;0;0;0;0;0;0;0;0;0;0;0;0;0;0
FR;12;2022-08-26;0;0;0;0;0;0;0;0;0;0;0;0;0;0;0;0;0;0
FR;12;2022-08-27;0;0;0;0;0;0;0;0;0;0;0;0;0;0;0;0;0;0
FR;12;2022-08-28;0;0;0;0;0;0;0;0;0;0;0;0;0;0;0;0;0;0
FR;12;2022-08-29;0;0;0;0;0;0;0;0;0;0;0;0;0;0;0;0;0;0
FR;12;2022-08-30;0;0;0;0;0;0;0;0;0;0;0;0;0;0;0;0;0;0
FR;12;2022-08-31;0;0;0;0;0;0;0;0;0;0;0;0;0;0;0;0;0;0
FR;12;2022-09-01;0;0;0;0;0;0;0;0;0;0;0;0;0;0;0;0;0;0
FR;12;2022-09-02;0;0;0;0;0;0;0;0;0;0;0;0;0;0;0;0;0;0
FR;12;2022-09-03;0;0;0;0;0;0;0;0;0;0;0;0;0;0;0;0;0;0
FR;12;2022-09-04;0;0;0;0;0;0;0;0;0;0;0;0;0;0;0;0;0;0
FR;12;2022-09-05;0;0;0;0;0;0;0;0;0;0;0;0;0;0;0;0;0;0
FR;12;2022-09-06;0;0;0;0;0;0;0;0;0;0;0;0;0;0;0;0;0;0
FR;12;2022-09-07;0;0;0;0;0;0;0;0;0;0;0;0;0;0;0;0;0;0
FR;12;2022-09-08;0;0;0;0;0;0;0;0;0;0;0;0;0;0;0;0;0;0
FR;12;2022-09-09;0;0;0;0;0;0;0;0;0;0;0;0;0;0;0;0;0;0
FR;12;2022-09-10;0;0;0;0;0;0;0;0;0;0;0;0;0;0;0;0;0;0
FR;12;2022-09-11;0;0;0;0;0;0;0;0;0;0;0;0;0;0;0;0;0;0
FR;12;2022-09-12;0;0;0;0;0;0;0;0;0;0;0;0;0;0;0;0;0;0
FR;12;2022-09-13;0;0;0;0;0;0;0;0;0;0;0;0;0;0;0;0;0;0
FR;12;2022-09-14;0;0;0;0;0;0;0;0;0;0;0;0;0;0;0;0;0;0
FR;12;2022-09-15;0;0;0;0;0;0;0;0;0;0;0;0;0;0;0;0;0;0
FR;12;2022-09-16;0;0;0;0;0;0;0;0;0;0;0;0;0;0;0;0;0;0
FR;12;2022-09-17;0;0;0;0;0;0;0;0;0;0;0;0;0;0;0;0;0;0
FR;12;2022-09-18;0;0;0;0;0;0;0;0;0;0;0;0;0;0;0;0;0;0
FR;12;2022-09-19;0;0;0;0;0;0;0;0;0;0;0;0;0;0;0;0;0;0
FR;12;2022-09-20;0;0;0;0;0;0;0;0;0;0;0;0;0;0;0;0;0;0
FR;12;2022-09-21;0;0;0;0;0;0;0;0;0;0;0;0;0;0;0;0;0;0
FR;12;2022-09-22;0;0;0;0;0;0;0;0;0;0;0;0;0;0;0;0;0;0
FR;12;2022-09-23;0;0;0;0;0;0;0;0;0;0;0;0;0;0;0;0;0;0
FR;12;2022-09-24;0;0;0;0;0;0;0;0;0;0;0;0;0;0;0;0;0;0
FR;12;2022-09-25;0;0;0;0;0;0;0;0;0;0;0;0;0;0;0;0;0;0
FR;12;2022-09-26;0;0;0;0;0;0;0;0;0;0;0;0;0;0;0;0;0;0
FR;12;2022-09-27;0;0;0;0;0;0;0;0;0;0;0;0;0;0;0;0;0;0
FR;12;2022-09-28;0;0;0;0;0;0;0;0;0;0;0;0;0;0;0;0;0;0
FR;12;2022-09-29;0;0;0;0;0;0;0;0;0;0;0;0;0;0;0;0;0;0
FR;12;2022-09-30;0;0;0;0;0;0;0;0;0;0;0;0;0;0;0;0;0;0
FR;12;2022-10-01;0;0;0;0;0;0;0;0;0;0;0;0;0;0;0;0;0;0
FR;12;2022-10-02;0;0;0;0;0;0;0;0;0;0;0;0;0;0;0;0;0;0
FR;12;2022-10-03;0;0;0;0;0;0;0;0;0;0;0;0;0;0;0;0;0;0
FR;12;2022-10-04;0;0;0;0;0;0;0;0;0;0;0;0;0;0;0;0;0;0
FR;12;2022-10-05;0;0;0;0;0;0;0;0;0;0;0;0;0;0;0;0;0;0
FR;12;2022-10-06;0;0;0;0;0;0;0;0;0;0;0;0;0;0;0;0;0;0
FR;12;2022-10-07;0;0;0;0;0;0;0;0;0;0;0;0;0;0;0;0;0;0
FR;12;2022-10-08;0;0;0;0;0;0;0;0;0;0;0;0;0;0;0;0;0;0
FR;12;2022-10-09;0;0;0;0;0;0;0;0;0;0;0;0;0;0;0;0;0;0
FR;12;2022-10-10;0;0;0;0;0;0;0;0;0;0;0;0;0;0;0;0;0;0
FR;12;2022-10-11;0;0;0;0;0;0;0;0;0;0;0;0;0;0;0;0;0;0
FR;12;2022-10-12;0;0;0;0;0;0;0;0;0;0;0;0;0;0;0;0;0;0
FR;12;2022-10-13;0;0;0;0;0;0;0;0;0;0;0;0;0;0;0;0;0;0
FR;12;2022-10-14;0;0;0;0;0;0;0;0;0;0;0;0;0;0;0;0;0;0
FR;12;2022-10-15;0;0;0;0;0;0;0;0;0;0;0;0;0;0;0;0;0;0
FR;12;2022-10-16;0;0;0;0;0;0;0;0;0;0;0;0;0;0;0;0;0;0
FR;12;2022-10-17;0;0;0;0;0;0;0;0;0;0;0;0;0;0;0;0;0;0
FR;12;2022-10-18;0;0;0;0;0;0;0;0;0;0;0;0;0;0;0;0;0;0
FR;12;2022-10-19;0;0;0;0;0;0;0;0;0;0;0;0;0;0;0;0;0;0
FR;12;2022-10-20;0;0;0;0;0;0;0;0;0;0;0;0;0;0;0;0;0;0
FR;12;2022-10-21;0;0;0;0;0;0;0;0;0;0;0;0;0;0;0;0;0;0
FR;12;2022-10-22;0;0;0;0;0;0;0;0;0;0;0;0;0;0;0;0;0;0
FR;12;2022-10-23;0;0;0;0;0;0;0;0;0;0;0;0;0;0;0;0;0;0
FR;12;2022-10-24;0;0;0;0;0;0;0;0;0;0;0;0;0;0;0;0;0;0
FR;12;2022-10-25;0;0;0;0;0;0;0;0;0;0;0;0;0;0;0;0;0;0
FR;12;2022-10-26;0;0;0;0;0;0;0;0;0;0;0;0;0;0;0;0;0;0
FR;12;2022-10-27;0;0;0;0;0;0;0;0;0;0;0;0;0;0;0;0;0;0
FR;12;2022-10-28;0;0;0;0;0;0;0;0;0;0;0;0;0;0;0;0;0;0
FR;12;2022-10-29;0;0;0;0;0;0;0;0;0;0;0;0;0;0;0;0;0;0
FR;12;2022-10-30;0;0;0;0;0;0;0;0;0;0;0;0;0;0;0;0;0;0
FR;12;2022-10-31;0;0;0;0;0;0;0;0;0;0;0;0;0;0;0;0;0;0
FR;12;2022-11-01;0;0;0;0;0;0;0;0;0;0;0;0;0;0;0;0;0;0
FR;12;2022-11-02;0;0;0;0;0;0;0;0;0;0;0;0;0;0;0;0;0;0
FR;12;2022-11-03;0;0;0;0;0;0;0;0;0;0;0;0;0;0;0;0;0;0
FR;12;2022-11-04;0;0;0;0;0;0;0;0;0;0;0;0;0;0;0;0;0;0
FR;12;2022-11-05;0;0;0;0;0;0;0;0;0;0;0;0;0;0;0;0;0;0
FR;12;2022-11-06;0;0;0;0;0;0;0;0;0;0;0;0;0;0;0;0;0;0
FR;12;2022-11-07;0;0;0;0;0;0;0;0;0;0;0;0;0;0;0;0;0;0
FR;12;2022-11-08;0;0;0;0;0;0;0;0;0;0;0;0;0;0;0;0;0;0
FR;12;2022-11-09;0;0;0;0;0;0;0;0;0;0;0;0;0;0;0;0;0;0
FR;12;2022-11-10;0;0;0;0;0;0;0;0;0;0;0;0;0;0;0;0;0;0
FR;12;2022-11-11;0;0;0;0;0;0;0;0;0;0;0;0;0;0;0;0;0;0
FR;12;2022-11-12;0;0;0;0;0;0;0;0;0;0;0;0;0;0;0;0;0;0
FR;12;2022-11-13;0;0;0;0;0;0;0;0;0;0;0;0;0;0;0;0;0;0
FR;12;2022-11-14;0;0;0;0;0;0;0;0;0;0;0;0;0;0;0;0;0;0
FR;12;2022-11-15;0;0;0;0;0;0;0;0;0;0;0;0;0;0;0;0;0;0
FR;12;2022-11-16;0;0;0;0;0;0;0;0;0;0;0;0;0;0;0;0;0;0
FR;12;2022-11-17;0;0;0;0;0;0;0;0;0;0;0;0;0;0;0;0;0;0
FR;12;2022-11-18;0;0;0;0;0;0;0;0;0;0;0;0;0;0;0;0;0;0
FR;12;2022-11-19;0;0;0;0;0;0;0;0;0;0;0;0;0;0;0;0;0;0
FR;12;2022-11-20;0;0;0;0;0;0;0;0;0;0;0;0;0;0;0;0;0;0
FR;12;2022-11-21;0;0;0;0;0;0;0;0;0;0;0;0;0;0;0;0;0;0
FR;12;2022-11-22;0;0;0;0;0;0;0;0;0;0;0;0;0;0;0;0;0;0
FR;12;2022-11-23;0;0;0;0;0;0;0;0;0;0;0;0;0;0;0;0;0;0
FR;12;2022-11-24;0;0;0;0;0;0;0;0;0;0;0;0;0;0;0;0;0;0
FR;12;2022-11-25;0;0;0;0;0;0;0;0;0;0;0;0;0;0;0;0;0;0
FR;12;2022-11-26;0;0;0;0;0;0;0;0;0;0;0;0;0;0;0;0;0;0
FR;12;2022-11-27;0;0;0;0;0;0;0;0;0;0;0;0;0;0;0;0;0;0
FR;12;2022-11-28;0;0;0;0;0;0;0;0;0;0;0;0;0;0;0;0;0;0
FR;12;2022-11-29;0;0;0;0;0;0;0;0;0;0;0;0;0;0;0;0;0;0
FR;12;2022-11-30;0;0;0;0;0;0;0;0;0;0;0;0;0;0;0;0;0;0
FR;12;2022-12-01;0;0;0;0;0;0;0;0;0;0;0;0;0;0;0;0;0;0
FR;12;2022-12-02;0;0;0;0;0;0;0;0;0;0;0;0;0;0;0;0;0;0
FR;12;2022-12-03;0;0;0;0;0;0;0;0;0;0;0;0;0;0;0;0;0;0
FR;12;2022-12-04;0;0;0;0;0;0;0;0;0;0;0;0;0;0;0;0;0;0
FR;12;2022-12-05;0;0;0;0;0;0;0;0;0;0;0;0;0;0;0;0;0;0
FR;12;2022-12-06;0;0;0;0;0;0;0;0;0;0;0;0;0;0;0;0;0;0
FR;12;2022-12-07;0;0;0;0;0;0;0;0;0;0;0;0;0;0;0;0;0;0
FR;12;2022-12-08;0;0;0;0;0;0;0;0;0;0;0;0;0;0;0;0;0;0
FR;12;2022-12-09;0;0;0;0;0;0;0;0;0;0;0;0;0;0;0;0;0;0
FR;12;2022-12-10;0;0;0;0;0;0;0;0;0;0;0;0;0;0;0;0;0;0
FR;12;2022-12-11;0;0;0;0;0;0;0;0;0;0;0;0;0;0;0;0;0;0
FR;12;2022-12-12;0;0;0;0;0;0;0;0;0;0;0;0;0;0;0;0;0;0
FR;12;2022-12-13;0;0;0;0;0;0;0;0;0;0;0;0;0;0;0;0;0;0
FR;12;2022-12-14;0;0;0;0;0;0;0;0;0;0;0;0;0;0;0;0;0;0
FR;12;2022-12-15;0;0;0;0;0;0;0;0;0;0;0;0;0;0;0;0;0;0
FR;12;2022-12-16;0;0;0;0;0;0;0;0;0;0;0;0;0;0;0;0;0;0
FR;12;2022-12-17;0;0;0;0;0;0;0;0;0;0;0;0;0;0;0;0;0;0
FR;12;2022-12-18;0;0;0;0;0;0;0;0;0;0;0;0;0;0;0;0;0;0
FR;12;2022-12-19;0;0;0;0;0;0;0;0;0;0;0;0;0;0;0;0;0;0
FR;12;2022-12-20;0;0;0;0;0;0;0;0;0;0;0;0;0;0;0;0;0;0
FR;12;2022-12-21;0;0;0;0;0;0;0;0;0;0;0;0;0;0;0;0;0;0
FR;12;2022-12-22;0;0;0;0;0;0;0;0;0;0;0;0;0;0;0;0;0;0
FR;12;2022-12-23;0;0;0;0;0;0;0;0;0;0;0;0;0;0;0;0;0;0
FR;12;2022-12-24;0;0;0;0;0;0;0;0;0;0;0;0;0;0;0;0;0;0
FR;12;2022-12-25;0;0;0;0;0;0;0;0;0;0;0;0;0;0;0;0;0;0
FR;12;2022-12-26;0;0;0;0;0;0;0;0;0;0;0;0;0;0;0;0;0;0
FR;12;2022-12-27;0;0;0;0;0;0;0;0;0;0;0;0;0;0;0;0;0;0
FR;12;2022-12-28;0;0;0;0;0;0;0;0;0;0;0;0;0;0;0;0;0;0
FR;12;2022-12-29;0;0;0;0;0;0;0;0;0;0;0;0;0;0;0;0;0;0
FR;12;2022-12-30;0;0;0;0;0;0;0;0;0;0;0;0;0;0;0;0;0;0
FR;12;2022-12-31;0;0;0;0;0;0;0;0;0;0;0;0;0;0;0;0;0;0
FR;12;2023-01-01;0;0;0;0;0;0;0;0;0;0;0;0;0;0;0;0;0;0
FR;12;2023-01-02;0;0;0;0;0;0;0;0;0;0;0;0;0;0;0;0;0;0
FR;12;2023-01-03;0;0;0;0;0;0;0;0;0;0;0;0;0;0;0;0;0;0
FR;12;2023-01-04;0;0;0;0;0;0;0;0;0;0;0;0;0;0;0;0;0;0
FR;12;2023-01-05;0;0;0;0;0;0;0;0;0;0;0;0;0;0;0;0;0;0
FR;12;2023-01-06;0;0;0;0;0;0;0;0;0;0;0;0;0;0;0;0;0;0
FR;12;2023-01-07;0;0;0;0;0;0;0;0;0;0;0;0;0;0;0;0;0;0
FR;12;2023-01-08;0;0;0;0;0;0;0;0;0;0;0;0;0;0;0;0;0;0
FR;12;2023-01-09;0;0;0;0;0;0;0;0;0;0;0;0;0;0;0;0;0;0
FR;12;2023-01-10;0;0;0;0;0;0;0;0;0;0;0;0;0;0;0;0;0;0
FR;12;2023-01-11;0;0;0;0;0;0;0;0;0;0;0;0;0;0;0;0;0;0
FR;12;2023-01-12;0;0;0;0;0;0;0;0;0;0;0;0;0;0;0;0;0;0
FR;12;2023-01-13;0;0;0;0;0;0;0;0;0;0;0;0;0;0;0;0;0;0
FR;12;2023-01-14;0;0;0;0;0;0;0;0;0;0;0;0;0;0;0;0;0;0
FR;12;2023-01-15;0;0;0;0;0;0;0;0;0;0;0;0;0;0;0;0;0;0
FR;12;2023-01-16;0;0;0;0;0;0;0;0;0;0;0;0;0;0;0;0;0;0
FR;12;2023-01-17;0;0;0;0;0;0;0;0;0;0;0;0;0;0;0;0;0;0
FR;12;2023-01-18;0;0;0;0;0;0;0;0;0;0;0;0;0;0;0;0;0;0
FR;12;2023-01-19;0;0;0;0;0;0;0;0;0;0;0;0;0;0;0;0;0;0
FR;12;2023-01-20;0;0;0;0;0;0;0;0;0;0;0;0;0;0;0;0;0;0
FR;12;2023-01-21;0;0;0;0;0;0;0;0;0;0;0;0;0;0;0;0;0;0
FR;12;2023-01-22;0;0;0;0;0;0;0;0;0;0;0;0;0;0;0;0;0;0
FR;12;2023-01-23;0;0;0;0;0;0;0;0;0;0;0;0;0;0;0;0;0;0
FR;12;2023-01-24;0;0;0;0;0;0;0;0;0;0;0;0;0;0;0;0;0;0
FR;12;2023-01-25;0;0;0;0;0;0;0;0;0;0;0;0;0;0;0;0;0;0
FR;12;2023-01-26;0;0;0;0;0;0;0;0;0;0;0;0;0;0;0;0;0;0
FR;12;2023-01-27;0;0;0;0;0;0;0;0;0;0;0;0;0;0;0;0;0;0
FR;12;2023-01-28;0;0;0;0;0;0;0;0;0;0;0;0;0;0;0;0;0;0
FR;12;2023-01-29;0;0;0;0;0;0;0;0;0;0;0;0;0;0;0;0;0;0
FR;12;2023-01-30;0;0;0;0;0;0;0;0;0;0;0;0;0;0;0;0;0;0
FR;12;2023-01-31;0;0;0;0;0;0;0;0;0;0;0;0;0;0;0;0;0;0
FR;12;2023-02-01;0;0;0;0;0;0;0;0;0;0;0;0;0;0;0;0;0;0
FR;12;2023-02-02;0;0;0;1;0;0;0;2;2;0;0;0;1;0;0;0;2;2
FR;12;2023-02-03;0;1;6;57;0;4;58;141;77;0;1;6;58;0;4;58;143;79
FR;12;2023-02-04;1;3;6;51;1;5;52;110;52;1;4;12;109;1;9;110;253;131
FR;12;2023-02-05;0;0;0;0;0;0;0;1;1;1;4;12;109;1;9;110;254;132
FR;12;2023-02-06;3;2;13;63;0;11;69;154;69;4;6;25;172;1;20;179;408;201
FR;12;2023-02-07;2;7;18;95;4;13;98;237;121;6;13;43;267;5;33;277;645;322
FR;12;2023-02-08;1;3;10;62;1;10;69;170;89;7;16;53;329;6;43;346;815;411
FR;12;2023-02-09;5;3;12;75;2;13;78;284;190;12;19;65;404;8;56;424;1099;601
FR;12;2023-02-10;4;2;22;140;4;12;150;327;162;16;21;87;544;12;68;574;1426;763
FR;12;2023-02-11;0;2;8;59;1;3;58;123;60;16;23;95;603;13;71;632;1549;823
FR;12;2023-02-12;0;0;0;3;0;0;3;7;3;16;23;95;606;13;71;635;1556;826
FR;12;2023-02-13;0;0;17;78;0;8;85;217;114;16;23;112;684;13;79;720;1773;940
FR;12;2023-02-14;3;5;17;96;5;14;99;229;108;19;28;129;780;18;93;819;2002;1048
FR;12;2023-02-15;3;5;19;85;0;13;86;236;132;22;33;148;865;18;106;905;2238;1180
FR;12;2023-02-16;5;3;16;107;3;13;103;247;129;27;36;164;972;21;119;1008;2485;1309
FR;12;2023-02-17;2;4;12;115;3;11;110;280;153;29;40;176;1087;24;130;1118;2765;1462
FR;12;2023-02-18;1;4;10;51;2;12;52;102;36;30;44;186;1138;26;142;1170;2867;1498
FR;12;2023-02-19;0;0;0;2;0;0;1;2;1;30;44;186;1140;26;142;1171;2869;1499
FR;12;2023-02-20;10;2;11;65;6;11;69;218;131;40;46;197;1205;32;153;1240;3087;1630
FR;12;2023-02-21;6;6;19;98;4;14;94;280;167;46;52;216;1303;36;167;1334;3367;1797
FR;12;2023-02-22;2;4;19;74;2;20;78;231;125;48;56;235;1377;38;187;1412;3598;1922
FR;12;2023-02-23;4;3;20;88;2;16;87;265;155;52;59;255;1465;40;203;1499;3863;2077
FR;12;2023-02-24;3;7;20;135;3;17;142;360;189;55;66;275;1600;43;220;1641;4223;2266
FR;12;2023-02-25;7;1;19;92;1;10;106;200;77;62;67;294;1692;44;230;1747;4423;2343
FR;12;2023-02-26;0;0;0;0;0;0;0;2;2;62;67;294;1692;44;230;1747;4425;2345
FR;12;2023-02-27;6;10;20;92;8;16;95;270;156;68;77;314;1784;52;246;1842;4695;2501
FR;12;2023-02-28;6;9;21;125;0;23;128;385;227;74;86;335;1909;52;269;1970;5080;2728
FR;12;2023-03-01;3;7;23;78;2;18;91;292;175;77;93;358;1987;54;287;2061;5372;2903
FR;12;2023-03-02;9;9;21;110;6;18;117;304;163;86;102;379;2097;60;305;2178;5676;3066
FR;12;2023-03-03;10;8;45;142;7;39;148;418;220;96;110;424;2239;67;344;2326;6094;3286
FR;12;2023-03-04;3;2;12;55;0;10;53;119;49;99;112;436;2294;67;354;2379;6213;3335
FR;12;2023-03-05;0;1;1;2;1;1;2;8;5;99;113;437;2296;68;355;2381;6221;3340
FR;12;2023-03-06;4;5;27;74;2;20;82;268;157;103;118;464;2370;70;375;2463;6489;3497
FR;12;2023-03-07;6;10;29;130;9;24;132;356;191;109;128;493;2500;79;399;2595;6845;3688
FR;12;2023-03-08;4;7;27;71;5;22;77;249;137;113;135;520;2571;84;421;2672;7094;3825
FR;12;2023-03-09;4;8;19;91;4;22;86;324;197;117;143;539;2662;88;443;2758;7418;4022
FR;12;2023-03-10;11;7;23;137;9;23;133;367;208;128;150;562;2799;97;466;2891;7785;4230
FR;12;2023-03-11;1;4;15;45;4;9;50;132;72;129;154;577;2844;101;475;2941;7917;4302
FR;12;2023-03-12;0;2;0;2;0;2;1;5;2;129;156;577;2846;101;477;2942;7922;4304
FR;12;2023-03-13;3;4;32;101;1;28;103;294;156;132;160;609;2947;102;505;3045;8216;4460
FR;12;2023-03-14;3;7;16;85;2;15;83;322;210;135;167;625;3032;104;520;3128;8538;4670
FR;12;2023-03-15;1;4;20;66;2;19;69;225;124;136;171;645;3098;106;539;3197;8763;4794
FR;12;2023-03-16;5;5;20;100;5;13;116;300;157;141;176;665;3198;111;552;3313;9063;4951
FR;12;2023-03-17;3;11;30;112;4;28;113;388;224;144;187;695;3310;115;580;3426;9451;5175
FR;12;2023-03-18;1;4;21;53;4;17;59;144;64;145;191;716;3363;119;597;3485;9595;5239
FR;12;2023-03-19;0;0;0;6;0;0;5;10;5;145;191;716;3369;119;597;3490;9605;5244
FR;12;2023-03-20;9;8;27;87;7;23;90;258;134;154;199;743;3456;126;620;3580;9863;5378
FR;12;2023-03-21;2;7;42;81;3;36;93;355;209;156;206;785;3537;129;656;3673;10218;5587
FR;12;2023-03-22;6;4;36;50;4;29;58;241;139;162;210;821;3587;133;685;3731;10459;5726
FR;12;2023-03-23;3;8;26;80;5;25;82;264;147;165;218;847;3667;138;710;3813;10723;5873
FR;12;2023-03-24;6;2;25;99;3;22;109;347;203;171;220;872;3766;141;732;3922;11070;6076
FR;12;2023-03-25;7;8;25;61;3;14;75;160;60;178;228;897;3827;144;746;3997;11230;6136
FR;12;2023-03-26;0;1;0;1;1;0;1;7;6;178;229;897;3828;145;746;3998;11237;6142
FR;12;2023-03-27;5;10;28;77;7;23;85;283;159;183;239;925;3905;152;769;4083;11520;6301
FR;12;2023-03-28;2;5;29;95;2;25;91;344;207;185;244;954;4000;154;794;4174;11864;6508
FR;12;2023-03-29;4;7;18;52;4;20;56;201;105;189;251;972;4052;158;814;4230;12065;6613
FR;12;2023-03-30;7;2;27;65;4;19;81;281;168;196;253;999;4117;162;833;4311;12346;6781
FR;12;2023-03-31;4;14;40;120;4;39;125;420;231;200;267;1039;4237;166;872;4436;12766;7012
FR;12;2023-04-01;1;8;17;42;4;13;48;136;60;201;275;1056;4279;170;885;4484;12902;7072
FR;12;2023-04-02;0;1;1;0;0;2;0;5;3;201;276;1057;4279;170;887;4484;12907;7075
FR;12;2023-04-03;5;3;35;89;3;18;111;299;159;206;279;1092;4368;173;905;4595;13206;7234
FR;12;2023-04-04;4;7;22;85;0;26;87;383;247;210;286;1114;4453;173;931;4682;13589;7481
FR;12;2023-04-05;4;9;21;60;5;23;57;229;136;214;295;1135;4513;178;954;4739;13818;7617
FR;12;2023-04-06;8;8;25;55;3;23;67;278;162;222;303;1160;4568;181;977;4806;14096;7779
FR;12;2023-04-07;4;11;29;98;8;25;110;387;219;226;314;1189;4666;189;1002;4916;14483;7998
FR;12;2023-04-08;1;5;11;38;2;9;38;117;56;227;319;1200;4704;191;1011;4954;14600;8054
FR;12;2023-04-09;0;0;2;1;0;1;2;4;1;227;319;1202;4705;191;1012;4956;14604;8055
FR;12;2023-04-10;0;1;2;2;1;0;5;9;4;227;320;1204;4707;192;1012;4961;14613;8059
FR;12;2023-04-11;5;8;27;87;6;16;97;296;161;232;328;1231;4794;198;1028;5058;14909;8220
FR;12;2023-04-12;3;12;16;52;4;23;60;258;152;235;340;1247;4846;202;1051;5118;15167;8372
FR;12;2023-04-13;3;5;22;55;2;17;62;250;141;238;345;1269;4901;204;1068;5180;15417;8513
FR;12;2023-04-14;5;13;20;88;8;16;92;380;241;243;358;1289;4989;212;1084;5272;15797;8754
FR;12;2023-04-15;5;0;13;34;0;7;39;105;47;248;358;1302;5023;212;1091;5311;15902;8801
FR;12;2023-04-16;0;0;1;2;0;0;2;3;1;248;358;1303;5025;212;1091;5313;15905;8802
FR;12;2023-04-17;3;2;18;40;2;19;40;181;97;251;360;1321;5065;214;1110;5353;16086;8899
FR;12;2023-04-18;6;6;18;56;2;14;63;267;141;257;366;1339;5121;216;1124;5416;16353;9040
FR;12;2023-04-19;3;7;11;39;2;11;37;147;80;260;373;1350;5160;218;1135;5453;16500;9120
FR;0;2020-12-27;616;0;0;0;55;0;0;0;0;616;0;0;0;55;0;0;0;0
FR;0;2020-12-28;708;1;0;0;44;0;0;0;0;1324;1;0;0;99;0;0;0;0
FR;0;2020-12-29;389;0;0;0;19;0;0;0;0;1713;1;0;0;118;0;0;0;0
FR;0;2020-12-30;455;0;0;0;19;0;0;0;0;2168;1;0;0;137;0;0;0;0
FR;0;2020-12-31;451;1;0;0;21;0;0;0;0;2619;2;0;0;158;0;0;0;0
FR;0;2021-01-01;1195;2;0;0;66;0;0;0;0;3814;4;0;0;224;0;0;0;0
FR;0;2021-01-02;369;4;0;0;29;0;0;0;0;4183;8;0;0;253;0;0;0;0
FR;0;2021-01-03;419;0;0;0;23;0;0;0;0;4602;8;0;0;276;0;0;0;0
FR;0;2021-01-04;2147;5;0;0;51;0;0;0;0;6749;13;0;0;327;0;0;0;0
FR;0;2021-01-05;7784;6;0;0;128;0;0;0;0;14533;19;0;0;455;0;0;0;0
FR;0;2021-01-06;12483;23;0;0;128;0;0;0;0;27016;42;0;0;583;0;0;0;0
FR;0;2021-01-07;29480;24;0;0;159;0;0;0;0;56496;66;0;0;742;0;0;0;0
FR;0;2021-01-08;37170;35;0;0;204;0;0;0;0;93666;101;0;0;946;0;0;0;0
FR;0;2021-01-09;11220;9;0;0;77;0;0;0;0;104886;110;0;0;1023;0;0;0;0
FR;0;2021-01-10;6017;8;0;0;28;0;0;0;0;110903;118;0;0;1051;0;0;0;0
FR;0;2021-01-11;39956;39;0;0;232;0;0;0;0;150859;157;0;0;1283;0;0;0;0
FR;0;2021-01-12;62165;30;0;0;298;0;0;0;0;213024;187;0;0;1581;0;0;0;0
FR;0;2021-01-13;65150;62;0;0;433;0;0;0;0;278174;249;0;0;2014;0;0;0;0
FR;0;2021-01-14;83109;262;0;0;1171;0;0;0;0;361283;511;0;0;3185;0;0;0;0
FR;0;2021-01-15;69037;101;0;0;556;0;0;0;0;430320;612;0;0;3741;0;0;0;0
FR;0;2021-01-16;20219;73;0;0;183;0;0;0;0;450539;685;0;0;3924;0;0;0;0
FR;0;2021-01-17;10993;54;0;0;137;0;0;0;0;461532;739;0;0;4061;0;0;0;0
FR;0;2021-01-18;85924;179;0;0;614;0;0;0;0;547456;918;0;0;4675;0;0;0;0
FR;0;2021-01-19;130617;211;0;0;868;0;0;0;0;678073;1129;0;0;5543;0;0;0;0
FR;0;2021-01-20;137577;197;0;0;837;0;0;0;0;815650;1326;0;0;6380;0;0;0;0
FR;0;2021-01-21;158430;205;0;0;951;0;0;0;0;974080;1531;0;0;7331;0;0;0;0
FR;0;2021-01-22;121091;258;0;0;845;0;0;0;0;1095171;1789;0;0;8176;0;0;0;0
FR;0;2021-01-23;38492;86;0;0;223;0;0;0;0;1133663;1875;0;0;8399;0;0;0;0
FR;0;2021-01-24;9752;130;0;0;195;0;0;0;0;1143415;2005;0;0;8594;0;0;0;0
FR;0;2021-01-25;78256;1458;0;0;1809;0;0;0;0;1221671;3463;0;0;10403;0;0;0;0
FR;0;2021-01-26;100401;3711;1;0;4188;0;0;0;0;1322072;7174;1;0;14591;0;0;0;0
FR;0;2021-01-27;107266;6444;0;0;7160;0;0;0;0;1429338;13618;1;0;21751;0;0;0;0
FR;0;2021-01-28;124384;16421;0;0;17245;0;0;0;0;1553722;30039;1;0;38996;0;0;0;0
FR;0;2021-01-29;92204;18801;0;0;19377;0;0;0;0;1645926;48840;1;0;58373;0;0;0;0
FR;0;2021-01-30;29128;4535;0;0;4672;0;0;0;0;1675054;53375;1;0;63045;0;0;0;0
FR;0;2021-01-31;5240;1900;0;0;1945;0;0;0;0;1680294;55275;1;0;64990;0;0;0;0
FR;0;2021-02-01;53160;23057;0;0;23330;0;0;0;0;1733454;78332;1;0;88320;0;0;0;0
FR;0;2021-02-02;72336;38214;0;0;38705;0;0;0;0;1805790;116546;1;0;127025;0;0;0;0
FR;0;2021-02-03;72328;40263;0;0;40769;0;0;0;0;1878118;156809;1;0;167794;0;0;0;0
FR;0;2021-02-04;82096;55130;0;0;55725;0;0;0;0;1960214;211939;1;0;223519;0;0;0;0
FR;0;2021-02-05;68252;48242;0;0;48680;0;0;0;0;2028466;260181;1;0;272199;0;0;0;0
FR;0;2021-02-06;22952;11435;0;0;11674;0;0;0;0;2051418;271616;1;0;283873;0;0;0;0
FR;0;2021-02-07;5195;6075;0;0;6201;0;0;0;0;2056613;277691;1;0;290074;0;0;0;0
FR;0;2021-02-08;46855;48806;0;0;49294;0;0;0;0;2103468;326497;1;0;339368;0;0;0;0
FR;0;2021-02-09;66050;78475;0;0;79572;0;0;0;0;2169518;404972;1;0;418940;0;0;0;0
FR;0;2021-02-10;71049;83515;0;0;84813;0;0;0;0;2240567;488487;1;0;503753;0;0;0;0
FR;0;2021-02-11;87309;105681;0;0;107630;0;0;0;0;2327876;594168;1;0;611383;0;0;0;0
FR;0;2021-02-12;79356;76089;0;0;77836;0;0;0;0;2407232;670257;1;0;689219;0;0;0;0
FR;0;2021-02-13;22390;19533;0;0;19900;0;0;0;0;2429622;689790;1;0;709119;0;0;0;0
FR;0;2021-02-14;5080;7323;0;0;7451;0;0;0;0;2434702;697113;1;0;716570;0;0;0;0
FR;0;2021-02-15;38132;76794;0;0;77816;0;0;0;0;2472834;773907;1;0;794386;0;0;0;0
FR;0;2021-02-16;50420;99685;0;0;101038;0;0;0;0;2523254;873592;1;0;895424;0;0;0;0
FR;0;2021-02-17;50559;106931;20;0;108382;0;0;0;0;2573813;980523;21;0;1003806;0;0;0;0
FR;0;2021-02-18;69815;123738;0;0;125788;0;0;0;0;2643628;1104261;21;0;1129594;0;0;0;0
FR;0;2021-02-19;65093;92335;1;0;94225;0;0;0;0;2708721;1196596;22;0;1223819;0;0;0;0
FR;0;2021-02-20;18602;28546;0;0;28917;0;0;0;0;2727323;1225142;22;0;1252736;0;0;0;0
FR;0;2021-02-21;3335;6041;0;0;6146;0;0;0;0;2730658;1231183;22;0;1258882;0;0;0;0
FR;0;2021-02-22;37511;73173;2;0;74188;0;0;0;0;2768169;1304356;24;0;1333070;0;0;0;0
FR;0;2021-02-23;53803;85298;1;0;86821;0;0;0;0;2821972;1389654;25;0;1419891;0;0;0;0
FR;0;2021-02-24;60039;82934;1;0;84515;0;0;0;0;2882011;1472588;26;0;1504406;0;0;0;0
FR;0;2021-02-25;100612;91202;1;0;94200;0;0;0;0;2982623;1563790;27;0;1598606;0;0;0;0
FR;0;2021-02-26;113491;70751;1;0;73901;0;0;0;0;3096114;1634541;28;0;1672507;0;0;0;0
FR;0;2021-02-27;52131;22438;1;0;23684;0;0;0;0;3148245;1656979;29;0;1696191;0;0;0;0
FR;0;2021-02-28;6209;4114;2;0;4312;0;0;0;0;3154454;1661093;31;0;1700503;0;0;0;0
FR;0;2021-03-01;65946;54073;1;0;55946;0;0;0;0;3220400;1715166;32;0;1756449;0;0;0;0
FR;0;2021-03-02;101416;67175;3;0;70221;0;0;0;0;3321816;1782341;35;0;1826670;0;0;0;0
FR;0;2021-03-03;116565;65477;0;0;69168;0;0;0;0;3438381;1847818;35;0;1895838;0;0;0;0
FR;0;2021-03-04;163662;72630;3;0;78202;0;0;0;0;3602043;1920448;38;0;1974040;0;0;0;0
FR;0;2021-03-05;200962;62704;3;0;69436;0;0;0;0;3803005;1983152;41;0;2043476;0;0;0;0
FR;0;2021-03-06;207992;17483;3;0;22785;0;0;0;0;4010997;2000635;44;0;2066261;0;0;0;0
FR;0;2021-03-07;121293;3973;1;0;7267;0;0;0;0;4132290;2004608;45;0;2073528;0;0;0;0
FR;0;2021-03-08;107180;49551;2;0;53040;0;0;0;0;4239470;2054159;47;0;2126568;0;0;0;0
FR;0;2021-03-09;172487;56020;2;0;61516;0;0;0;0;4411957;2110179;49;0;2188084;0;0;0;0
FR;0;2021-03-10;179043;57052;5;0;62728;0;0;0;0;4591000;2167231;54;0;2250812;0;0;0;0
FR;0;2021-03-11;242933;64030;2;0;72127;0;0;0;0;4833933;2231261;56;0;2322939;0;0;0;0
FR;0;2021-03-12;294876;53368;1;0;62824;0;0;0;0;5128809;2284629;57;0;2385763;0;0;0;0
FR;0;2021-03-13;231445;15263;1;0;21241;0;0;0;0;5360254;2299892;58;0;2407004;0;0;0;0
FR;0;2021-03-14;63364;3042;1;0;5078;0;0;0;0;5423618;2302934;59;0;2412082;0;0;0;0
FR;0;2021-03-15;158699;31500;3;0;36155;0;0;0;0;5582317;2334434;62;0;2448237;0;0;0;0
FR;0;2021-03-16;141598;38815;6;0;42967;0;0;0;0;5723915;2373249;68;0;2491204;0;0;0;0
FR;0;2021-03-17;150519;37569;4;0;42337;0;0;0;0;5874434;2410818;72;0;2533541;0;0;0;0
FR;0;2021-03-18;167869;44329;5;0;49896;0;0;0;0;6042303;2455147;77;0;2583437;0;0;0;0
FR;0;2021-03-19;230056;36747;2;0;44105;0;0;0;0;6272359;2491894;79;0;2627542;0;0;0;0
FR;0;2021-03-20;166720;11386;1;0;16010;0;0;0;0;6439079;2503280;80;0;2643552;0;0;0;0
FR;0;2021-03-21;49958;2129;1;0;3888;0;0;0;0;6489037;2505409;81;0;2647440;0;0;0;0
FR;0;2021-03-22;170085;33520;2;0;39025;0;0;0;0;6659122;2538929;83;0;2686465;0;0;0;0
FR;0;2021-03-23;250442;42374;1;0;50220;0;0;0;0;6909564;2581303;84;0;2736685;0;0;0;0
FR;0;2021-03-24;256952;43603;0;0;51705;0;0;0;0;7166516;2624906;84;0;2788390;0;0;0;0
FR;0;2021-03-25;341876;45284;5;0;56287;0;0;0;0;7508392;2670190;89;0;2844677;0;0;0;0
FR;0;2021-03-26;358849;41807;5;1;53565;0;0;0;0;7867241;2711997;94;1;2898242;0;0;0;0
FR;0;2021-03-27;195297;16953;1;0;23397;0;0;0;0;8062538;2728950;95;1;2921639;0;0;0;0
FR;0;2021-03-28;59359;4587;3;0;6652;0;0;0;0;8121897;2733537;98;1;2928291;0;0;0;0
FR;0;2021-03-29;203028;53395;4;0;60159;0;0;0;0;8324925;2786932;102;1;2988450;0;0;0;0
FR;0;2021-03-30;285548;70038;5;0;80452;0;0;0;0;8610473;2856970;107;1;3068902;0;0;0;0
FR;0;2021-03-31;263082;74054;4;0;84726;0;0;0;0;8873555;2931024;111;1;3153628;0;0;0;0
FR;0;2021-04-01;315586;92815;11;0;106398;0;0;0;0;9189141;3023839;122;1;3260026;0;0;0;0
FR;0;2021-04-02;281384;94822;7;0;106654;0;0;0;0;9470525;3118661;129;1;3366680;0;0;0;0
FR;0;2021-04-03;141097;62598;6;0;67859;0;0;0;0;9611622;3181259;135;1;3434539;0;0;0;0
FR;0;2021-04-04;46552;19021;2;0;21074;0;0;0;0;9658174;3200280;137;1;3455613;0;0;0;0
FR;0;2021-04-05;63373;10403;11;0;13060;0;0;0;0;9721547;3210683;148;1;3468673;0;0;0;0
FR;0;2021-04-06;217274;113140;17;0;122006;0;0;0;0;9938821;3323823;165;1;3590679;0;0;0;0
FR;0;2021-04-07;260323;115279;17;0;126633;0;0;0;0;10199144;3439102;182;1;3717312;0;0;0;0
FR;0;2021-04-08;337917;123220;15;0;138850;0;0;0;0;10537061;3562322;197;1;3856162;0;0;0;0
FR;0;2021-04-09;410243;116882;49;0;134291;0;0;0;0;10947304;3679204;246;1;3990453;0;0;0;0
FR;0;2021-04-10;212665;82875;15;0;91267;0;0;0;0;11159969;3762079;261;1;4081720;0;0;0;0
FR;0;2021-04-11;56162;34179;7;0;36705;0;0;0;0;11216131;3796258;268;1;4118425;0;0;0;0
FR;0;2021-04-12;237129;115833;46;0;125443;0;0;0;0;11453260;3912091;314;1;4243868;0;0;0;0
FR;0;2021-04-13;309555;144159;98;1;157122;0;0;0;0;11762815;4056250;412;2;4400990;0;0;0;0
FR;0;2021-04-14;294607;139859;215;0;153240;0;0;0;0;12057422;4196109;627;2;4554230;0;0;0;0
FR;0;2021-04-15;337204;150529;340;0;166072;0;0;0;0;12394626;4346638;967;2;4720302;0;0;0;0
FR;0;2021-04-16;339363;147048;354;0;161707;0;0;0;0;12733989;4493686;1321;2;4882009;0;0;0;0
FR;0;2021-04-17;188689;89986;109;0;97685;0;0;0;0;12922678;4583672;1430;2;4979694;0;0;0;0
FR;0;2021-04-18;51643;35461;48;0;37883;0;0;0;0;12974321;4619133;1478;2;5017577;0;0;0;0
FR;0;2021-04-19;205750;138295;457;0;147455;0;0;0;0;13180071;4757428;1935;2;5165032;0;0;0;0
FR;0;2021-04-20;254495;172036;569;0;183696;0;0;0;0;13434566;4929464;2504;2;5348728;0;0;0;0
FR;0;2021-04-21;253346;170243;836;0;182267;0;0;0;0;13687912;5099707;3340;2;5530995;0;0;0;0
FR;0;2021-04-22;287631;190450;820;0;205045;0;0;0;0;13975543;5290157;4160;2;5736040;0;0;0;0
FR;0;2021-04-23;297686;184746;747;0;203504;0;0;0;0;14273229;5474903;4907;2;5939544;0;0;0;0
FR;0;2021-04-24;190483;112057;252;0;122511;0;0;0;0;14463712;5586960;5159;2;6062055;0;0;0;0
FR;0;2021-04-25;69577;38862;51;0;42593;0;0;0;0;14533289;5625822;5210;2;6104648;0;0;0;0
FR;0;2021-04-26;221007;158706;564;0;171908;0;0;0;0;14754296;5784528;5774;2;6276556;0;0;0;0
FR;0;2021-04-27;284657;188067;941;0;211385;0;0;0;0;15038953;5972595;6715;2;6487941;0;0;0;0
FR;0;2021-04-28;299596;184730;1427;1;209809;1;0;0;0;15338549;6157325;8142;3;6697750;1;0;0;0
FR;0;2021-04-29;357217;198315;1281;0;233402;0;0;0;0;15695766;6355640;9423;3;6931152;1;0;0;0
FR;0;2021-04-30;372269;186148;1124;1;225489;0;0;0;0;16068035;6541788;10547;4;7156641;1;0;0;0
FR;0;2021-05-01;167680;52539;179;0;63785;0;0;0;0;16235715;6594327;10726;4;7220426;1;0;0;0
FR;0;2021-05-02;91771;37868;83;0;43597;0;0;0;0;16327486;6632195;10809;4;7264023;1;0;0;0
FR;0;2021-05-03;288984;165133;843;0;185658;0;0;0;0;16616470;6797328;11652;4;7449681;1;0;0;0
FR;0;2021-05-04;315761;225638;1237;0;251812;0;0;0;0;16932231;7022966;12889;4;7701493;1;0;0;0
FR;0;2021-05-05;327322;226681;1316;0;251762;0;0;0;0;17259553;7249647;14205;4;7953255;1;0;0;0
FR;0;2021-05-06;379656;241290;1634;0;275540;0;0;0;0;17639209;7490937;15839;4;8228795;1;0;0;0
FR;0;2021-05-07;372839;258913;1224;0;299972;0;0;0;0;18012048;7749850;17063;4;8528767;1;0;0;0
FR;0;2021-05-08;222192;71510;300;0;86719;0;0;0;0;18234240;7821360;17363;4;8615486;1;0;0;0
FR;0;2021-05-09;129735;44495;243;0;53133;0;0;0;0;18363975;7865855;17606;4;8668619;1;0;0;0
FR;0;2021-05-10;313435;229734;1239;0;255515;0;0;0;0;18677410;8095589;18845;4;8924134;1;0;0;0
FR;0;2021-05-11;403986;258452;1566;0;296883;0;0;0;0;19081396;8354041;20411;4;9221017;1;0;0;0
FR;0;2021-05-12;434229;233887;1544;0;270176;0;0;0;0;19515625;8587928;21955;4;9491193;1;0;0;0
FR;0;2021-05-13;338644;56436;432;0;77928;0;0;0;0;19854269;8644364;22387;4;9569121;1;0;0;0
FR;0;2021-05-14;454194;167506;1130;0;203118;0;0;0;0;20308463;8811870;23517;4;9772239;1;0;0;0
FR;0;2021-05-15;375018;94402;445;0;120802;0;0;0;0;20683481;8906272;23962;4;9893041;1;0;0;0
FR;0;2021-05-16;202778;20693;168;0;34094;0;0;0;0;20886259;8926965;24130;4;9927135;1;0;0;0
FR;0;2021-05-17;376168;148883;1555;0;178672;0;0;0;0;21262427;9075848;25685;4;10105807;1;0;0;0
FR;0;2021-05-18;460231;154150;1991;0;193304;0;0;0;0;21722658;9229998;27676;4;10299111;1;0;0;0
FR;0;2021-05-19;467480;142579;2466;0;179845;0;0;0;0;22190138;9372577;30142;4;10478956;1;0;0;0
FR;0;2021-05-20;507608;160249;2340;0;204208;0;0;0;0;22697746;9532826;32482;4;10683164;1;0;0;0
FR;0;2021-05-21;489737;175264;1997;0;221812;0;0;0;0;23187483;9708090;34479;4;10904976;1;0;0;0
FR;0;2021-05-22;347227;80251;670;0;108682;0;0;0;0;23534710;9788341;35149;4;11013658;1;0;0;0
FR;0;2021-05-23;161718;14211;246;0;26679;0;0;0;0;23696428;9802552;35395;4;11040337;1;0;0;0
FR;0;2021-05-24;263223;33109;604;0;52945;0;0;0;0;23959651;9835661;35999;4;11093282;1;0;0;0
FR;0;2021-05-25;400321;190455;2357;1;227023;0;0;0;0;24359972;10026116;38356;5;11320305;1;0;0;0
FR;0;2021-05-26;413523;191294;2227;0;229344;0;0;0;0;24773495;10217410;40583;5;11549649;1;0;0;0
FR;0;2021-05-27;449887;220124;2163;0;267266;0;0;0;0;25223382;10437534;42746;5;11816915;1;0;0;0
FR;0;2021-05-28;429617;261170;1895;0;319271;0;0;0;0;25652999;10698704;44641;5;12136186;1;0;0;0
FR;0;2021-05-29;299012;150537;586;0;183393;0;0;0;0;25952011;10849241;45227;5;12319579;1;0;0;0
FR;0;2021-05-30;107156;32505;164;0;42089;0;0;0;0;26059167;10881746;45391;5;12361668;1;0;0;0
FR;0;2021-05-31;358084;203491;1474;1;241772;1;0;0;0;26417251;11085237;46865;6;12603440;2;0;0;0
FR;0;2021-06-01;431151;251293;1969;1;302938;1;0;0;0;26848402;11336530;48834;7;12906378;3;0;0;0
FR;0;2021-06-02;420191;232818;1986;0;280205;0;0;0;0;27268593;11569348;50820;7;13186583;3;0;0;0
FR;0;2021-06-03;465718;257778;1826;0;312553;0;0;0;0;27734311;11827126;52646;7;13499136;3;0;0;0
FR;0;2021-06-04;456309;305907;1735;1;363322;1;0;0;0;28190620;12133033;54381;8;13862458;4;0;0;0
FR;0;2021-06-05;304841;189569;653;0;222792;0;0;0;0;28495461;12322602;55034;8;14085250;4;0;0;0
FR;0;2021-06-06;133344;49020;227;0;61161;0;0;0;0;28628805;12371622;55261;8;14146411;4;0;0;0
FR;0;2021-06-07;340027;261514;1529;0;298606;0;0;0;0;28968832;12633136;56790;8;14445017;4;0;0;0
FR;0;2021-06-08;393973;291412;1806;0;338281;0;0;0;0;29362805;12924548;58596;8;14783298;4;0;0;0
FR;0;2021-06-09;384970;273784;1734;0;318177;0;0;0;0;29747775;13198332;60330;8;15101475;4;0;0;0
FR;0;2021-06-10;404261;286291;1728;1;335741;0;0;0;0;30152036;13484623;62058;9;15437216;4;0;0;0
FR;0;2021-06-11;386733;356529;1468;1;406974;0;0;0;0;30538769;13841152;63526;10;15844190;4;0;0;0
FR;0;2021-06-12;283300;210994;497;0;243141;0;0;0;0;30822069;14052146;64023;10;16087331;4;0;0;0
FR;0;2021-06-13;104907;73842;204;0;84835;0;0;0;0;30926976;14125988;64227;10;16172166;4;0;0;0
FR;0;2021-06-14;240890;354040;1429;1;383232;0;0;0;0;31167866;14480028;65656;11;16555398;4;0;0;0
FR;0;2021-06-15;308234;384327;1574;1;423102;0;0;0;0;31476100;14864355;67230;12;16978500;4;0;0;0
FR;0;2021-06-16;314028;357603;1419;1;395367;0;0;0;0;31790128;15221958;68649;13;17373867;4;0;0;0
FR;0;2021-06-17;317741;373166;1432;1;414365;0;0;0;0;32107869;15595124;70081;14;17788232;4;0;0;0
FR;0;2021-06-18;321785;442601;1341;1;486010;0;0;0;0;32429654;16037725;71422;15;18274242;4;0;0;0
FR;0;2021-06-19;224367;274028;449;0;301221;0;0;0;0;32654021;16311753;71871;15;18575463;4;0;0;0
FR;0;2021-06-20;74459;102287;131;0;111482;0;0;0;0;32728480;16414040;72002;15;18686945;4;0;0;0
FR;0;2021-06-21;195819;401756;1038;1;427722;1;0;0;0;32924299;16815796;73040;16;19114667;5;0;0;0
FR;0;2021-06-22;223243;467815;1266;10;500483;1;0;0;0;33147542;17283611;74306;26;19615150;6;0;0;0
FR;0;2021-06-23;234085;440138;1198;1;474248;1;0;0;0;33381627;17723749;75504;27;20089398;7;0;0;0
FR;0;2021-06-24;241909;409755;1359;0;447248;0;0;0;0;33623536;18133504;76863;27;20536646;7;0;0;0
FR;0;2021-06-25;227676;523085;1404;0;562084;0;0;0;0;33851212;18656589;78267;27;21098730;7;0;0;0
FR;0;2021-06-26;153295;371094;589;1;395903;0;0;0;0;34004507;19027683;78856;28;21494633;7;0;0;0
FR;0;2021-06-27;55924;155944;169;1;164854;0;0;0;0;34060431;19183627;79025;29;21659487;7;0;0;0
FR;0;2021-06-28;154813;452526;1178;0;478125;0;0;0;0;34215244;19636153;80203;29;22137612;7;0;0;0
FR;0;2021-06-29;182751;507843;2124;0;539214;0;0;0;0;34397995;20143996;82327;29;22676826;7;0;0;0
FR;0;2021-06-30;204046;485256;2016;21;519523;2;0;0;0;34602041;20629252;84343;50;23196349;9;0;0;0
FR;0;2021-07-01;231464;458554;2226;5;498495;0;0;0;0;34833505;21087806;86569;55;23694844;9;0;0;0
FR;0;2021-07-02;228708;520029;2120;5;562341;2;0;0;0;35062213;21607835;88689;60;24257185;11;0;0;0
FR;0;2021-07-03;142058;368763;908;3;395250;1;0;0;0;35204271;21976598;89597;63;24652435;12;0;0;0
FR;0;2021-07-04;56764;141006;265;0;150697;0;0;0;0;35261035;22117604;89862;63;24803132;12;0;0;0
FR;0;2021-07-05;168552;418659;1668;8;448602;0;0;0;0;35429587;22536263;91530;71;25251734;12;0;0;0
FR;0;2021-07-06;196812;474523;1830;45;511116;8;0;0;0;35626399;23010786;93360;116;25762850;20;0;0;0
FR;0;2021-07-07;213256;438959;1881;25;477419;2;0;0;0;35839655;23449745;95241;141;26240269;22;0;0;0
FR;0;2021-07-08;231679;424142;2090;20;468072;2;0;0;0;36071334;23873887;97331;161;26708341;24;0;0;0
FR;0;2021-07-09;228644;511071;2185;4;557359;1;0;0;0;36299978;24384958;99516;165;27265700;25;0;0;0
FR;0;2021-07-10;148638;339925;986;1;368864;0;0;0;0;36448616;24724883;100502;166;27634564;25;0;0;0
FR;0;2021-07-11;60218;110050;284;0;120964;0;0;0;0;36508834;24834933;100786;166;27755528;25;0;0;0
FR;0;2021-07-12;169442;477692;1766;4;512421;0;0;0;0;36678276;25312625;102552;170;28267949;25;0;0;0
FR;0;2021-07-13;287310;526597;2050;8;585624;0;0;0;0;36965586;25839222;104602;178;28853573;25;0;0;0
FR;0;2021-07-14;181122;157332;435;0;186642;0;0;0;0;37146708;25996554;105037;178;29040215;25;0;0;0
FR;0;2021-07-15;347130;501604;2100;1;571568;0;0;0;0;37493838;26498158;107137;179;29611783;25;0;0;0
FR;0;2021-07-16;380124;494960;2023;3;574135;1;0;0;0;37873962;26993118;109160;182;30185918;26;0;0;0
FR;0;2021-07-17;259757;319634;877;1;368593;0;0;0;0;38133719;27312752;110037;183;30554511;26;0;0;0
FR;0;2021-07-18;109747;114564;310;0;133001;0;0;0;0;38243466;27427316;110347;183;30687512;26;0;0;0
FR;0;2021-07-19;285529;423876;1631;3;478884;0;0;0;0;38528995;27851192;111978;186;31166396;26;0;0;0
FR;0;2021-07-20;376942;451205;1725;0;523538;0;0;0;0;38905937;28302397;113703;186;31689934;26;0;0;0
FR;0;2021-07-21;395843;406823;1550;4;481810;1;0;0;0;39301780;28709220;115253;190;32171744;27;0;0;0
FR;0;2021-07-22;441092;387300;1715;4;471773;2;0;0;0;39742872;29096520;116968;194;32643517;29;0;0;0
FR;0;2021-07-23;440352;421955;1883;4;509916;1;0;0;0;40183224;29518475;118851;198;33153433;30;0;0;0
FR;0;2021-07-24;285264;269308;804;1;321986;0;0;0;0;40468488;29787783;119655;199;33475419;30;0;0;0
FR;0;2021-07-25;121127;79919;234;0;100271;0;0;0;0;40589615;29867702;119889;199;33575690;30;0;0;0
FR;0;2021-07-26;347452;322134;1614;3;384689;1;0;0;0;40937067;30189836;121503;202;33960379;31;0;0;0
FR;0;2021-07-27;464123;319255;1698;4;400405;1;0;0;0;41401190;30509091;123201;206;34360784;32;0;0;0
FR;0;2021-07-28;459480;289369;1637;4;366981;1;0;0;0;41860670;30798460;124838;210;34727765;33;0;0;0
FR;0;2021-07-29;489867;276103;1797;2;356976;0;0;0;0;42350537;31074563;126635;212;35084741;33;0;0;0
FR;0;2021-07-30;461860;302332;1942;5;380815;1;0;0;0;42812397;31376895;128577;217;35465556;34;0;0;0
FR;0;2021-07-31;285425;185022;916;1;231508;0;0;0;0;43097822;31561917;129493;218;35697064;34;0;0;0
FR;0;2021-08-01;112053;49910;257;0;65688;0;0;0;0;43209875;31611827;129750;218;35762752;34;0;0;0
FR;0;2021-08-02;341676;234024;1603;2;284716;0;0;0;0;43551551;31845851;131353;220;36047468;34;0;0;0
FR;0;2021-08-03;398645;244432;1729;2;304504;1;0;0;0;43950196;32090283;133082;222;36351972;35;0;0;0
FR;0;2021-08-04;384887;209509;1594;6;265631;3;0;0;0;44335083;32299792;134676;228;36617603;38;0;0;0
FR;0;2021-08-05;366204;228340;1711;0;281715;0;0;0;0;44701287;32528132;136387;228;36899318;38;0;0;0
FR;0;2021-08-06;359759;271205;1835;4;326586;0;0;0;0;45061046;32799337;138222;232;37225904;38;0;0;0
FR;0;2021-08-07;213151;178317;756;5;210047;1;0;0;0;45274197;32977654;138978;237;37435951;39;0;0;0
FR;0;2021-08-08;74213;63190;276;0;73624;0;0;0;0;45348410;33040844;139254;237;37509575;39;0;0;0
FR;0;2021-08-09;258778;258576;1549;4;297489;2;0;0;0;45607188;33299420;140803;241;37807064;41;0;0;0
FR;0;2021-08-10;306899;277042;1662;2;323427;0;0;0;0;45914087;33576462;142465;243;38130491;41;0;0;0
FR;0;2021-08-11;279769;259530;1442;5;301603;0;0;0;0;46193856;33835992;143907;248;38432094;41;0;0;0
FR;0;2021-08-12;271573;278003;1669;3;320259;0;0;0;0;46465429;34113995;145576;251;38752353;41;0;0;0
FR;0;2021-08-13;252181;278117;1594;3;316951;2;0;0;0;46717610;34392112;147170;254;39069304;43;0;0;0
FR;0;2021-08-14;145365;197056;740;0;218979;0;0;0;0;46862975;34589168;147910;254;39288283;43;0;0;0
FR;0;2021-08-15;39403;50087;218;1;55669;0;0;0;0;46902378;34639255;148128;255;39343952;43;0;0;0
FR;0;2021-08-16;186196;317464;1543;0;345379;0;0;0;0;47088574;34956719;149671;255;39689331;43;0;0;0
FR;0;2021-08-17;215721;335800;1638;7;368831;0;0;0;0;47304295;35292519;151309;262;40058162;43;0;0;0
FR;0;2021-08-18;199083;324372;1599;7;354536;3;0;0;0;47503378;35616891;152908;269;40412698;46;0;0;0
FR;0;2021-08-19;192051;325394;1642;1;355954;0;0;0;0;47695429;35942285;154550;270;40768652;46;0;0;0
FR;0;2021-08-20;186493;366177;1823;3;396605;2;0;0;0;47881922;36308462;156373;273;41165257;48;0;0;0
FR;0;2021-08-21;104814;238129;709;0;254559;0;0;0;0;47986736;36546591;157082;273;41419816;48;0;0;0
FR;0;2021-08-22;31949;87210;256;1;92163;1;0;0;0;48018685;36633801;157338;274;41511979;49;0;0;0
FR;0;2021-08-23;140999;356993;1561;3;379585;0;0;0;0;48159684;36990794;158899;277;41891564;49;0;0;0
FR;0;2021-08-24;162522;376576;1850;5;402823;0;0;0;0;48322206;37367370;160749;282;42294387;49;0;0;0
FR;0;2021-08-25;151165;350709;2038;8;375398;2;0;0;0;48473371;37718079;162787;290;42669785;51;0;0;0
FR;0;2021-08-26;142897;342771;2564;10;367560;0;0;0;0;48616268;38060850;165351;300;43037345;51;0;0;0
FR;0;2021-08-27;148458;388241;2791;11;414879;1;0;0;0;48764726;38449091;168142;311;43452224;52;0;0;0
FR;0;2021-08-28;90682;249638;1407;0;264962;0;0;0;0;48855408;38698729;169549;311;43717186;52;0;0;0
FR;0;2021-08-29;27325;83354;518;1;88270;0;0;0;0;48882733;38782083;170067;312;43805456;52;0;0;0
FR;0;2021-08-30;117432;324585;4714;6;342392;5847;0;0;0;49000165;39106668;174781;318;44147848;5899;0;0;0
FR;0;2021-08-31;128834;334448;10189;19;353924;11770;2;0;0;49128999;39441116;184970;337;44501772;17669;2;0;0
FR;0;2021-09-01;136169;285664;22436;8;302407;24414;1;0;0;49265168;39726780;207406;345;44804179;42083;3;0;0
FR;0;2021-09-02;114652;247195;26525;20;262092;29011;0;0;0;49379820;39973975;233931;365;45066271;71094;3;0;0
FR;0;2021-09-03;118329;292655;29968;24;309312;33076;1;0;0;49498149;40266630;263899;389;45375583;104170;4;0;0
FR;0;2021-09-04;89893;217797;12587;12;230495;14157;7;0;0;49588042;40484427;276486;401;45606078;118327;11;0;0
FR;0;2021-09-05;21365;44796;4397;2;48279;4716;0;0;0;49609407;40529223;280883;403;45654357;123043;11;0;0
FR;0;2021-09-06;75701;180484;31957;16;190661;34305;2;0;0;49685108;40709707;312840;419;45845018;157348;13;0;0
FR;0;2021-09-07;80318;181182;33251;43;191042;36322;2;0;0;49765426;40890889;346091;462;46036060;193670;15;0;0
FR;0;2021-09-08;91012;206084;29666;28;216567;32571;4;0;0;49856438;41096973;375757;490;46252627;226241;19;0;0
FR;0;2021-09-09;76984;165312;33084;27;174114;36702;5;0;0;49933422;41262285;408841;517;46426741;262943;24;0;0
FR;0;2021-09-10;96049;203811;35743;28;214892;40787;7;0;0;50029471;41466096;444584;545;46641633;303730;31;0;0
FR;0;2021-09-11;67168;169340;12140;19;178185;14414;0;0;0;50096639;41635436;456724;564;46819818;318144;31;0;0
FR;0;2021-09-12;12830;32093;2783;1;34140;3189;2;0;0;50109469;41667529;459507;565;46853958;321333;33;0;0
FR;0;2021-09-13;64582;126157;41249;35;134174;44265;17;0;0;50174051;41793686;500756;600;46988132;365598;50;0;0
FR;0;2021-09-14;73504;129007;56391;80;135750;62445;44;0;0;50247555;41922693;557147;680;47123882;428043;94;0;0
FR;0;2021-09-15;76665;167730;55671;58;174673;54849;77;0;0;50324220;42090423;612818;738;47298555;482892;171;0;0
FR;0;2021-09-16;63896;114502;60099;82;117878;60173;65;0;0;50388116;42204925;672917;820;47416433;543065;236;0;0
FR;0;2021-09-17;75093;156854;53867;71;159730;57363;67;0;0;50463209;42361779;726784;891;47576163;600428;303;0;0
FR;0;2021-09-18;48245;139637;15603;25;144319;17321;20;0;0;50511454;42501416;742387;916;47720482;617749;323;0;0
FR;0;2021-09-19;7908;23649;2443;1;24879;2619;1;0;0;50519362;42525065;744830;917;47745361;620368;324;0;0
FR;0;2021-09-20;44580;93753;50087;72;96244;50347;34;0;0;50563942;42618818;794917;989;47841605;670715;358;0;0
FR;0;2021-09-21;45918;98367;62772;77;98384;63506;79;0;0;50609860;42717185;857689;1066;47939989;734221;437;0;0
FR;0;2021-09-22;48706;142394;55384;82;144840;55484;47;0;0;50658566;42859579;913073;1148;48084829;789705;484;0;0
FR;0;2021-09-23;43297;92065;62408;95;91275;63588;86;0;0;50701863;42951644;975481;1243;48176104;853293;570;0;0
FR;0;2021-09-24;52325;133295;54569;107;132394;59229;78;0;0;50754188;43084939;1030050;1350;48308498;912522;648;0;0
FR;0;2021-09-25;35226;115663;16276;36;118649;18315;22;0;0;50789414;43200602;1046326;1386;48427147;930837;670;0;0
FR;0;2021-09-26;5561;17805;2273;5;18691;2332;5;0;0;50794975;43218407;1048599;1391;48445838;933169;675;0;0
FR;0;2021-09-27;33986;76897;47205;97;78782;48190;81;0;1;50828961;43295304;1095804;1488;48524620;981359;756;0;1
FR;0;2021-09-28;36524;75242;54983;90;74327;56597;47;0;0;50865485;43370546;1150787;1578;48598947;1037956;803;0;1
FR;0;2021-09-29;44426;100690;53375;112;102846;54912;41;0;0;50909911;43471236;1204162;1690;48701793;1092868;844;0;1
FR;0;2021-09-30;36350;72978;57044;96;71482;59608;58;0;0;50946261;43544214;1261206;1786;48773275;1152476;902;0;1
FR;0;2021-10-01;61720;102858;57836;108;101409;64020;23;0;0;51007981;43647072;1319042;1894;48874684;1216496;925;0;1
FR;0;2021-10-02;39470;78461;20965;39;81738;23386;12;0;0;51047451;43725533;1340007;1933;48956422;1239882;937;0;1
FR;0;2021-10-03;5289;10493;2536;4;11258;2543;4;0;0;51052740;43736026;1342543;1937;48967680;1242425;941;0;1
FR;0;2021-10-04;35207;58503;52638;84;59504;54860;37;0;0;51087947;43794529;1395181;2021;49027184;1297285;978;0;1
FR;0;2021-10-05;33937;64380;61032;135;62111;65120;48;0;0;51121884;43858909;1456213;2156;49089295;1362405;1026;0;1
FR;0;2021-10-06;42727;79305;65763;112;80177;68384;29;0;0;51164611;43938214;1521976;2268;49169472;1430789;1055;0;1
FR;0;2021-10-07;30575;62283;65446;88;59500;68894;38;0;0;51195186;44000497;1587422;2356;49228972;1499683;1093;0;1
FR;0;2021-10-08;49486;91949;77773;111;89890;84808;39;0;0;51244672;44092446;1665195;2467;49318862;1584491;1132;0;1
FR;0;2021-10-09;33677;60949;31549;35;64141;33933;17;0;0;51278349;44153395;1696744;2502;49383003;1618424;1149;0;1
FR;0;2021-10-10;4723;7422;3199;9;7938;3475;2;0;0;51283072;44160817;1699943;2511;49390941;1621899;1151;0;1
FR;0;2021-10-11;30734;49888;61049;105;50604;64118;46;0;0;51313806;44210705;1760992;2616;49441545;1686017;1197;0;1
FR;0;2021-10-12;31650;54485;70635;141;51313;76050;27;0;0;51345456;44265190;1831627;2757;49492858;1762067;1224;0;1
FR;0;2021-10-13;40167;62851;74443;137;62800;79398;29;0;1;51385623;44328041;1906070;2894;49555658;1841465;1253;0;2
FR;0;2021-10-14;30364;52873;68779;116;49697;73866;34;0;0;51415987;44380914;1974849;3010;49605355;1915331;1287;0;2
FR;0;2021-10-15;44960;75236;93253;191;70332;103054;26;0;0;51460947;44456150;2068102;3201;49675687;2018385;1313;0;2
FR;0;2021-10-16;31335;44085;36701;45;46704;39651;15;0;0;51492282;44500235;2104803;3246;49722391;2058036;1328;0;2
FR;0;2021-10-17;3898;5229;3603;2;5676;3674;4;0;0;51496180;44505464;2108406;3248;49728067;2061710;1332;0;2
FR;0;2021-10-18;29217;42341;67520;134;42558;71381;27;0;0;51525397;44547805;2175926;3382;49770625;2133091;1359;0;2
FR;0;2021-10-19;27196;45548;76431;140;43207;81677;45;0;0;51552593;44593353;2252357;3522;49813832;2214768;1404;0;2
FR;0;2021-10-20;35346;52406;96960;181;51812;101579;45;0;0;51587939;44645759;2349317;3703;49865644;2316347;1449;0;2
FR;0;2021-10-21;26167;45175;83997;112;41971;89195;30;0;0;51614106;44690934;2433314;3815;49907615;2405542;1479;0;2
FR;0;2021-10-22;38450;62485;104928;200;59350;112655;61;0;0;51652556;44753419;2538242;4015;49966965;2518197;1540;0;2
FR;0;2021-10-23;27034;41205;45467;57;42429;48638;14;0;0;51679590;44794624;2583709;4072;50009394;2566835;1554;0;2
FR;0;2021-10-24;2947;4763;3685;6;5014;3922;1;0;0;51682537;44799387;2587394;4078;50014408;2570757;1555;0;2
FR;0;2021-10-25;26109;36208;82347;144;35481;86681;38;0;0;51708646;44835595;2669741;4222;50049889;2657438;1593;0;2
FR;0;2021-10-26;23770;34990;87281;166;32158;92411;34;0;0;51732416;44870585;2757022;4388;50082047;2749849;1627;0;2
FR;0;2021-10-27;30115;46302;109033;257;44040;114752;48;0;0;51762531;44916887;2866055;4645;50126087;2864601;1675;0;2
FR;0;2021-10-28;23609;34927;88744;153;31194;94541;35;0;0;51786140;44951814;2954799;4798;50157281;2959142;1710;0;2
FR;0;2021-10-29;31589;51451;117348;206;46500;125436;52;0;0;51817729;45003265;3072147;5004;50203781;3084578;1762;0;2
FR;0;2021-10-30;20577;33239;50361;76;32922;53430;20;0;0;51838306;45036504;3122508;5080;50236703;3138008;1782;0;2
FR;0;2021-10-31;2519;3732;3595;3;3844;3881;3;0;0;51840825;45040236;3126103;5083;50240547;3141889;1785;0;2
FR;0;2021-11-01;8542;4869;3224;3;5021;3586;10;0;0;51849367;45045105;3129327;5086;50245568;3145475;1795;0;2
FR;0;2021-11-02;26385;40099;93612;156;36237;99674;44;0;1;51875752;45085204;3222939;5242;50281805;3245149;1839;0;3
FR;0;2021-11-03;30132;47900;118932;222;43554;125908;64;0;0;51905884;45133104;3341871;5464;50325359;3371057;1903;0;3
FR;0;2021-11-04;23822;37463;107601;217;31576;114482;46;0;0;51929706;45170567;3449472;5681;50356935;3485539;1949;0;3
FR;0;2021-11-05;32418;52935;141678;236;44648;151469;53;0;0;51962124;45223502;3591150;5917;50401583;3637008;2002;0;3
FR;0;2021-11-06;21554;34551;64912;123;32384;68354;26;0;0;51983678;45258053;3656062;6040;50433967;3705362;2028;0;3
FR;0;2021-11-07;2429;4155;5209;6;4001;5598;7;0;0;51986107;45262208;3661271;6046;50437968;3710960;2035;0;3
FR;0;2021-11-08;20633;37738;127236;227;30948;134362;50;0;0;52006740;45299946;3788507;6273;50468916;3845322;2085;0;3
FR;0;2021-11-09;22444;44649;161742;339;32852;172359;65;0;0;52029184;45344595;3950249;6612;50501768;4017681;2150;0;3
FR;0;2021-11-10;31620;54876;187070;447;44022;198890;91;0;0;52060804;45399471;4137319;7059;50545790;4216571;2241;0;3
FR;0;2021-11-11;4750;6743;12998;28;5905;13981;17;0;0;52065554;45406214;4150317;7087;50551695;4230552;2258;0;3
FR;0;2021-11-12;29102;55055;183839;252;41721;197505;86;0;0;52094656;45461269;4334156;7339;50593416;4428057;2344;0;3
FR;0;2021-11-13;20356;32598;80730;118;28227;86354;44;0;0;52115012;45493867;4414886;7457;50621643;4514411;2388;0;3
FR;0;2021-11-14;2367;3854;7183;6;3362;7846;9;0;0;52117379;45497721;4422069;7463;50625005;4522257;2397;0;3
FR;0;2021-11-15;20524;38551;160911;314;27784;171652;77;0;0;52137903;45536272;4582980;7777;50652789;4693909;2474;0;3
FR;0;2021-11-16;23675;43830;200490;394;27705;215189;115;0;1;52161578;45580102;4783470;8171;50680494;4909098;2589;0;4
FR;0;2021-11-17;30545;50237;199905;406;36446;212971;98;0;0;52192123;45630339;4983375;8577;50716940;5122069;2687;0;4
FR;0;2021-11-18;23458;45684;191756;469;29392;205744;94;0;0;52215581;45676023;5175131;9046;50746332;5327813;2781;0;4
FR;0;2021-11-19;33696;61270;243292;551;39909;262311;147;0;0;52249277;45737293;5418423;9597;50786241;5590124;2928;0;4
FR;0;2021-11-20;25426;36656;102192;207;29264;109766;43;0;0;52274703;45773949;5520615;9804;50815505;5699890;2971;0;4
FR;0;2021-11-21;2665;4442;9682;19;3441;10607;19;0;0;52277368;45778391;5530297;9823;50818946;5710497;2990;0;4
FR;0;2021-11-22;22824;33113;180437;472;18916;194922;90;0;0;52300192;45811504;5710734;10295;50837862;5905419;3080;0;4
FR;0;2021-11-23;25735;45459;229495;549;24113;247986;85;0;0;52325927;45856963;5940229;10844;50861975;6153405;3165;0;4
FR;0;2021-11-24;31821;53594;224909;715;34475;243363;80;0;0;52357748;45910557;6165138;11559;50896450;6396768;3245;0;4
FR;0;2021-11-25;25654;49131;256029;739;25046;277939;112;0;0;52383402;45959688;6421167;12298;50921496;6674707;3357;0;4
FR;0;2021-11-26;33255;74665;379565;867;37391;414796;172;0;0;52416657;46034353;6800732;13165;50958887;7089503;3529;0;4
FR;0;2021-11-27;23508;49552;214979;391;28443;236784;135;0;0;52440165;46083905;7015711;13556;50987330;7326287;3664;0;4
FR;0;2021-11-28;3528;10444;56786;66;4057;63333;42;0;0;52443693;46094349;7072497;13622;50991387;7389620;3706;0;4
FR;0;2021-11-29;19448;54063;341573;864;23086;371914;178;0;0;52463141;46148412;7414070;14486;51014473;7761534;3884;0;4
FR;0;2021-11-30;24789;71795;457490;988;26794;500932;291;0;0;52487930;46220207;7871560;15474;51041267;8262466;4175;0;4
FR;0;2021-12-01;27401;75420;469224;1162;31308;511448;304;0;0;52515331;46295627;8340784;16636;51072575;8773914;4479;0;4
FR;0;2021-12-02;22132;71462;527255;1282;20997;575056;309;0;0;52537463;46367089;8868039;17918;51093572;9348970;4788;0;4
FR;0;2021-12-03;25581;92769;596538;1421;34329;651330;343;0;0;52563044;46459858;9464577;19339;51127901;10000300;5131;0;4
FR;0;2021-12-04;18343;60285;336314;692;25660;369890;197;0;0;52581387;46520143;9800891;20031;51153561;10370190;5328;0;4
FR;0;2021-12-05;4158;16081;95820;157;4852;107048;92;0;0;52585545;46536224;9896711;20188;51158413;10477238;5420;0;4
FR;0;2021-12-06;28453;72662;493293;1175;25220;540114;386;0;0;52613998;46608886;10390004;21363;51183633;11017352;5806;0;4
FR;0;2021-12-07;23567;91192;645581;1774;28508;706595;416;0;0;52637565;46700078;11035585;23137;51212141;11723947;6222;0;4
FR;0;2021-12-08;25525;91866;591906;1875;34938;647773;440;0;0;52663090;46791944;11627491;25012;51247079;12371720;6662;0;4
FR;0;2021-12-09;24088;94020;663382;2179;28966;726826;463;0;0;52687178;46885964;12290873;27191;51276045;13098546;7125;0;4
FR;0;2021-12-10;28080;110825;736219;2075;37932;806390;471;0;1;52715258;46996789;13027092;29266;51313977;13904936;7596;0;5
FR;0;2021-12-11;20256;76039;435253;990;29934;480481;343;0;0;52735514;47072828;13462345;30256;51343911;14385417;7939;0;5
FR;0;2021-12-12;5684;23103;142363;262;6383;159235;108;0;0;52741198;47095931;13604708;30518;51350294;14544652;8047;0;5
FR;0;2021-12-13;21370;90683;587853;1699;29634;649472;397;0;0;52762568;47186614;14192561;32217;51379928;15194124;8444;0;5
FR;0;2021-12-14;27991;118208;765818;2658;35403;847799;701;0;1;52790559;47304822;14958379;34875;51415331;16041923;9145;0;6
FR;0;2021-12-15;28460;114140;694533;2267;39493;769317;503;0;1;52819019;47418962;15652912;37142;51454824;16811240;9648;0;7
FR;0;2021-12-16;28061;115566;764267;2559;35080;844690;516;0;0;52847080;47534528;16417179;39701;51489904;17655930;10164;0;7
FR;0;2021-12-17;31667;128218;808039;2713;43320;892189;612;0;0;52878747;47662746;17225218;42414;51533224;18548119;10776;0;7
FR;0;2021-12-18;24945;81475;470065;1179;30043;522270;353;0;0;52903692;47744221;17695283;43593;51563267;19070389;11129;0;7
FR;0;2021-12-19;8770;28506;169449;376;7833;191057;143;0;0;52912462;47772727;17864732;43969;51571100;19261446;11272;0;7
FR;0;2021-12-20;31785;97021;591631;1789;33815;658849;503;0;0;52944247;47869748;18456363;45758;51604915;19920295;11775;0;7
FR;0;2021-12-21;39482;111840;682565;2391;38748;759697;607;0;0;52983729;47981588;19138928;48149;51643663;20679992;12382;0;7
FR;0;2021-12-22;39566;99110;575907;2169;37080;642223;687;0;2;53023295;48080698;19714835;50318;51680743;21322215;13069;0;9
FR;0;2021-12-23;33792;79322;441113;1659;30094;494450;589;0;0;53057087;48160020;20155948;51977;51710837;21816665;13658;0;9
FR;0;2021-12-24;10700;26012;111061;398;11636;126677;236;0;1;53067787;48186032;20267009;52375;51722473;21943342;13894;0;10
FR;0;2021-12-25;779;3567;7603;25;2045;9024;72;0;0;53068566;48189599;20274612;52400;51724518;21952366;13966;0;10
FR;0;2021-12-26;4699;11880;52126;142;4739;60170;170;0;0;53073265;48201479;20326738;52542;51729257;22012536;14136;0;10
FR;0;2021-12-27;30511;83911;453631;1364;33019;509279;665;0;0;53103776;48285390;20780369;53906;51762276;22521815;14801;0;10
FR;0;2021-12-28;38368;98787;564240;1769;35081;632334;1558;0;2;53142144;48384177;21344609;55675;51797357;23154149;16359;0;12
FR;0;2021-12-29;39882;88138;501291;1687;33086;561057;1738;0;1;53182026;48472315;21845900;57362;51830443;23715206;18097;0;13
FR;0;2021-12-30;35928;75052;421074;1520;29496;471184;1880;0;0;53217954;48547367;22266974;58882;51859939;24186390;19977;0;13
FR;0;2021-12-31;12053;25071;116896;405;11264;131678;740;0;0;53230007;48572438;22383870;59287;51871203;24318068;20717;0;13
FR;0;2022-01-01;1593;3214;8533;37;1804;9942;103;0;0;53231600;48575652;22392403;59324;51873007;24328010;20820;0;13
FR;0;2022-01-02;6124;13016;58438;126;5109;66978;408;0;0;53237724;48588668;22450841;59450;51878116;24394988;21228;0;13
FR;0;2022-01-03;39645;90133;494909;1597;36873;551787;2650;0;1;53277369;48678801;22945750;61047;51914989;24946775;23878;0;14
FR;0;2022-01-04;42294;110976;641487;2309;40642;714497;3836;0;3;53319663;48789777;23587237;63356;51955631;25661272;27714;0;17
FR;0;2022-01-05;61224;103578;569284;1984;43796;634318;3428;0;2;53380887;48893355;24156521;65340;51999427;26295590;31142;0;19
FR;0;2022-01-06;44319;110307;639068;2702;40222;711589;4557;0;2;53425206;49003662;24795589;68042;52039649;27007179;35699;0;21
FR;0;2022-01-07;50842;123281;711078;2811;46838;790565;4995;0;2;53476048;49126943;25506667;70853;52086487;27797744;40694;0;23
FR;0;2022-01-08;45015;80264;423846;1213;35043;472910;2447;0;3;53521063;49207207;25930513;72066;52121530;28270654;43141;0;26
FR;0;2022-01-09;15614;26595;128585;300;11484;145664;830;0;0;53536677;49233802;26059098;72366;52133014;28416318;43971;0;26
FR;0;2022-01-10;35423;93249;469402;1816;43019;522790;3722;0;1;53572100;49327051;26528500;74182;52176033;28939108;47693;0;27
FR;0;2022-01-11;41953;100434;548342;2310;42395;608590;5219;0;2;53614053;49427485;27076842;76492;52218428;29547698;52912;0;29
FR;0;2022-01-12;60422;95682;452750;1969;49480;504415;4497;0;8;53674475;49523167;27529592;78461;52267908;30052113;57409;0;37
FR;0;2022-01-13;38275;92515;487422;2084;40549;541105;5467;0;8;53712750;49615682;28017014;80545;52308457;30593218;62876;0;45
FR;0;2022-01-14;42589;103294;568671;2286;43501;629061;6463;0;2;53755339;49718976;28585685;82831;52351958;31222279;69339;0;47
FR;0;2022-01-15;39434;65876;340168;985;31446;377580;3296;0;1;53794773;49784852;28925853;83816;52383404;31599859;72635;0;48
FR;0;2022-01-16;11415;19195;87447;216;9019;99403;764;0;0;53806188;49804047;29013300;84032;52392423;31699262;73399;0;48
FR;0;2022-01-17;24756;59982;320334;1384;28040;354172;3960;0;4;53830944;49864029;29333634;85416;52420463;32053434;77359;0;52
FR;0;2022-01-18;28332;68681;361149;1802;32015;397596;5771;0;1;53859276;49932710;29694783;87218;52452478;32451030;83130;0;53
FR;0;2022-01-19;43231;67011;281354;1452;40387;311094;4392;0;5;53902507;49999721;29976137;88670;52492865;32762124;87522;0;58
FR;0;2022-01-20;23680;59586;299069;1750;29558;328537;5636;0;4;53926187;50059307;30275206;90420;52522423;33090661;93158;0;62
FR;0;2022-01-21;28215;68766;366413;2086;33074;401219;6579;0;3;53954402;50128073;30641619;92506;52555497;33491880;99737;0;65
FR;0;2022-01-22;27630;47973;218811;840;27304;241796;2838;0;2;53982032;50176046;30860430;93346;52582801;33733676;102575;0;67
FR;0;2022-01-23;6740;12963;48695;173;7502;55170;591;0;1;53988772;50189009;30909125;93519;52590303;33788846;103166;0;68
FR;0;2022-01-24;16286;47439;217356;1149;25402;239356;4102;0;3;54005058;50236448;31126481;94668;52615705;34028202;107268;0;71
FR;0;2022-01-25;19033;54315;243100;1548;28808;267098;6067;0;5;54024091;50290763;31369581;96216;52644513;34295300;113335;0;76
FR;0;2022-01-26;28148;60548;209318;1299;41362;229546;4479;0;3;54052239;50351311;31578899;97515;52685875;34524846;117814;0;79
FR;0;2022-01-27;16338;46490;207674;1287;26153;226064;5693;0;4;54068577;50397801;31786573;98802;52712028;34750910;123507;0;83
FR;0;2022-01-28;21594;78649;290090;1574;44969;321349;7411;0;4;54090171;50476450;32076663;100376;52756997;35072259;130918;0;87
FR;0;2022-01-29;18424;52848;184145;689;32750;204578;3255;0;2;54108595;50529298;32260808;101065;52789747;35276837;134173;0;89
FR;0;2022-01-30;4476;14464;39152;124;9130;45057;637;0;1;54113071;50543762;32299960;101189;52798877;35321894;134810;0;90
FR;0;2022-01-31;11261;43905;148219;742;26132;164720;4231;0;5;54124332;50587667;32448179;101931;52825009;35486614;139041;0;95
FR;0;2022-02-01;13649;48295;174145;1144;27330;191335;7036;0;1;54137981;50635962;32622324;103075;52852339;35677949;146077;0;96
FR;0;2022-02-02;20712;66295;171560;1034;46159;190079;5970;0;10;54158693;50702257;32793884;104109;52898498;35868028;152047;0;106
FR;0;2022-02-03;11755;44788;157585;990;25345;173287;6933;0;6;54170448;50747045;32951469;105099;52923843;36041315;158980;0;112
FR;0;2022-02-04;14645;67972;239263;1267;37595;264083;9153;0;6;54185093;50815017;33190732;106366;52961438;36305398;168133;0;118
FR;0;2022-02-05;12903;51439;153565;523;31977;172294;3784;0;3;54197996;50866456;33344297;106889;52993415;36477692;171917;0;121
FR;0;2022-02-06;2726;12168;28898;102;7289;33830;662;0;0;54200722;50878624;33373195;106991;53000704;36511522;172579;0;121
FR;0;2022-02-07;9618;46619;156905;594;24513;176304;5294;0;6;54210340;50925243;33530100;107585;53025217;36687826;177873;0;127
FR;0;2022-02-08;9815;43101;166663;870;20966;184458;7054;0;6;54220155;50968344;33696763;108455;53046183;36872284;184927;0;133
FR;0;2022-02-09;14463;58263;172360;876;35361;193069;5788;0;9;54234618;51026607;33869123;109331;53081544;37065353;190715;0;142
FR;0;2022-02-10;8728;39222;150244;881;18698;166722;6503;0;2;54243346;51065829;34019367;110212;53100242;37232075;197218;0;144
FR;0;2022-02-11;10864;55699;218522;1101;25841;243117;8322;0;3;54254210;51121528;34237889;111313;53126083;37475192;205540;0;147
FR;0;2022-02-12;8409;40970;134740;465;22637;151768;3509;0;4;54262619;51162498;34372629;111778;53148720;37626960;209049;0;151
FR;0;2022-02-13;1940;8605;26568;86;4411;30930;544;0;3;54264559;51171103;34399197;111864;53153131;37657890;209593;0;154
FR;0;2022-02-14;6996;35260;148390;487;14673;166386;4789;0;5;54271555;51206363;34547587;112351;53167804;37824276;214382;0;159
FR;0;2022-02-15;7071;36238;147003;751;16008;162588;6849;0;3;54278626;51242601;34694590;113102;53183812;37986864;221231;0;162
FR;0;2022-02-16;9417;42993;132549;722;25984;146769;5727;0;6;54288043;51285594;34827139;113824;53209796;38133633;226958;0;168
FR;0;2022-02-17;5581;24346;87318;587;13146;94892;5408;0;5;54293624;51309940;34914457;114411;53222942;38228525;232366;0;173
FR;0;2022-02-18;7003;33592;119671;807;18764;129336;7416;0;2;54300627;51343532;35034128;115218;53241706;38357861;239782;0;175
FR;0;2022-02-19;5371;24557;70030;371;15909;77340;3020;0;2;54305998;51368089;35104158;115589;53257615;38435201;242802;0;177
FR;0;2022-02-20;1149;4660;12175;39;2915;13956;460;0;1;54307147;51372749;35116333;115628;53260530;38449157;243262;0;178
FR;0;2022-02-21;4100;17896;61958;351;10173;67188;4059;0;2;54311247;51390645;35178291;115979;53270703;38516345;247321;0;180
FR;0;2022-02-22;4467;18667;60840;577;11268;64481;5255;0;1;54315714;51409312;35239131;116556;53281971;38580826;252576;0;181
FR;0;2022-02-23;6593;27365;66512;593;19633;71911;4595;0;3;54322307;51436677;35305643;117149;53301604;38652737;257171;0;184
FR;0;2022-02-24;3852;15563;50435;519;9523;53259;4531;0;2;54326159;51452240;35356078;117668;53311127;38705996;261702;0;186
FR;0;2022-02-25;5287;24299;76370;804;15275;80102;7336;0;7;54331446;51476539;35432448;118472;53326402;38786098;269038;0;193
FR;0;2022-02-26;3995;17772;47422;359;12174;51489;3083;0;3;54335441;51494311;35479870;118831;53338576;38837587;272121;0;196
FR;0;2022-02-27;881;3011;8040;47;1980;8949;531;0;0;54336322;51497322;35487910;118878;53340556;38846536;272652;0;196
FR;0;2022-02-28;3127;12562;40497;359;7596;42930;3858;0;0;54339449;51509884;35528407;119237;53348152;38889466;276510;0;196
FR;0;2022-03-01;4013;12615;44204;437;7639;44876;5518;0;6;54343462;51522499;35572611;119674;53355791;38934342;282028;0;202
FR;0;2022-03-02;5338;17855;47153;447;12915;49085;4930;0;2;54348800;51540354;35619764;120121;53368706;38983427;286958;0;204
FR;0;2022-03-03;2829;9361;29903;371;6259;30026;4050;0;2;54351629;51549715;35649667;120492;53374965;39013453;291008;0;206
FR;0;2022-03-04;3230;12516;40343;669;8514;39492;6235;0;4;54354859;51562231;35690010;121161;53383479;39052945;297243;0;210
FR;0;2022-03-05;3074;9290;24963;314;7132;25127;3135;0;1;54357933;51571521;35714973;121475;53390611;39078072;300378;0;211
FR;0;2022-03-06;522;1408;3199;43;1031;3442;379;0;0;54358455;51572929;35718172;121518;53391642;39081514;300757;0;211
FR;0;2022-03-07;2498;5636;18438;315;3853;17710;3307;0;4;54360953;51578565;35736610;121833;53395495;39099224;304064;0;215
FR;0;2022-03-08;2155;6080;19453;363;4334;17926;4093;0;3;54363108;51584645;35756063;122196;53399829;39117150;308157;0;218
FR;0;2022-03-09;3583;10572;22199;408;8799;21294;4042;0;4;54366691;51595217;35778262;122604;53408628;39138444;312199;0;222
FR;0;2022-03-10;1833;5846;17010;345;4394;15836;3408;0;3;54368524;51601063;35795272;122949;53413022;39154280;315607;0;225
FR;0;2022-03-11;2422;7565;24511;545;5444;22279;5479;0;2;54370946;51608628;35819783;123494;53418466;39176559;321086;0;227
FR;0;2022-03-12;2698;6778;17168;309;5496;16522;3137;0;2;54373644;51615406;35836951;123803;53423962;39193081;324223;0;229
FR;0;2022-03-13;406;794;2323;149;603;2272;537;0;0;54374050;51616200;35839274;123952;53424565;39195353;324760;0;229
FR;0;2022-03-14;1561;4275;14989;4412;2810;13842;7295;0;8;54375611;51620475;35854263;128364;53427375;39209195;332055;0;237
FR;0;2022-03-15;1751;6294;16387;7556;4809;14618;11036;0;9;54377362;51626769;35870650;135920;53432184;39223813;343091;0;246
FR;0;2022-03-16;3037;7413;19435;13141;6215;18113;16297;0;8;54380399;51634182;35890085;149061;53438399;39241926;359388;0;254
FR;0;2022-03-17;1462;3988;13157;10846;2808;11997;13314;0;9;54381861;51638170;35903242;159907;53441207;39253923;372702;0;263
FR;0;2022-03-18;2268;5757;20018;18307;4099;18114;22039;0;15;54384129;51643927;35923260;178214;53445306;39272037;394741;0;278
FR;0;2022-03-19;2294;4806;13116;9406;4142;12421;11409;0;6;54386423;51648733;35936376;187620;53449448;39284458;406150;0;284
FR;0;2022-03-20;301;737;1920;1074;529;1933;1340;0;2;54386724;51649470;35938296;188694;53449977;39286391;407490;0;286
FR;0;2022-03-21;1395;3222;12734;14951;2157;11960;16910;0;11;54388119;51652692;35951030;203645;53452134;39298351;424400;0;297
FR;0;2022-03-22;1557;3742;13807;20553;2581;12562;22845;0;5;54389676;51656434;35964837;224198;53454715;39310913;447245;0;302
FR;0;2022-03-23;2689;6297;17740;23151;5228;17248;25268;0;40;54392365;51662731;35982577;247349;53459943;39328161;472513;0;342
FR;0;2022-03-24;1411;3160;11600;17619;2248;10685;19394;0;23;54393776;51665891;35994177;264968;53462191;39338846;491907;0;365
FR;0;2022-03-25;2089;5160;18583;27775;3691;16920;30810;0;31;54395865;51671051;36012760;292743;53465882;39355766;522717;0;396
FR;0;2022-03-26;2232;4418;12080;12680;3866;11521;14402;0;26;54398097;51675469;36024840;305423;53469748;39367287;537119;0;422
FR;0;2022-03-27;363;693;1908;1483;515;1942;1740;0;1;54398460;51676162;36026748;306906;53470263;39369229;538859;0;423
FR;0;2022-03-28;1468;3082;11133;17490;2120;10621;19070;0;16;54399928;51679244;36037881;324396;53472383;39379850;557929;0;439
FR;0;2022-03-29;1453;3284;12913;27585;2099;12055;29284;0;34;54401381;51682528;36050794;351981;53474482;39391905;587213;0;473
FR;0;2022-03-30;2854;5588;15689;27435;4772;15089;29341;0;21;54404235;51688116;36066483;379416;53479254;39406994;616554;0;494
FR;0;2022-03-31;1615;3584;12991;25037;2569;12330;26647;0;43;54405850;51691700;36079474;404453;53481823;39419324;643201;0;537
FR;0;2022-04-01;2686;4588;20083;30897;2973;18725;33490;0;62;54408536;51696288;36099557;435350;53484796;39438049;676691;0;599
FR;0;2022-04-02;1532;2649;9053;10135;2009;8727;11297;0;29;54410068;51698937;36108610;445485;53486805;39446776;687988;0;628
FR;0;2022-04-03;294;516;1562;1171;360;1580;1382;0;2;54410362;51699453;36110172;446656;53487165;39448356;689370;0;630
FR;0;2022-04-04;4568;3032;12388;19129;2053;11596;20602;0;35;54414930;51702485;36122560;465785;53489218;39459952;709972;0;665
FR;0;2022-04-05;2607;3175;14353;34151;2052;13206;35769;0;85;54417537;51705660;36136913;499936;53491270;39473158;745741;0;750
FR;0;2022-04-06;2611;3964;13543;26544;3030;12818;28013;0;72;54420148;51709624;36150456;526480;53494300;39485976;773754;0;822
FR;0;2022-04-07;1989;3151;13685;33820;1999;12897;35178;0;76;54422137;51712775;36164141;560300;53496299;39498873;808932;0;898
FR;0;2022-04-08;2310;4343;19235;44015;2673;17861;46368;0;89;54424447;51717118;36183376;604315;53498972;39516734;855300;0;987
FR;0;2022-04-09;1373;2682;9315;13568;1904;8869;14800;0;30;54425820;51719800;36192691;617883;53500876;39525603;870100;0;1017
FR;0;2022-04-10;296;756;1985;2017;554;2007;2279;0;7;54426116;51720556;36194676;619900;53501430;39527610;872379;0;1024
FR;0;2022-04-11;1350;2623;11876;23933;1643;11484;25205;0;74;54427466;51723179;36206552;643833;53503073;39539094;897584;0;1098
FR;0;2022-04-12;1728;3082;14023;40927;1965;13395;41817;0;127;54429194;51726261;36220575;684760;53505038;39552489;939401;0;1225
FR;0;2022-04-13;1979;3722;13415;33118;2720;13036;34087;0;96;54431173;51729983;36233990;717878;53507758;39565525;973488;0;1321
FR;0;2022-04-14;1506;2988;13216;36354;1916;13074;37023;0;105;54432679;51732971;36247206;754232;53509674;39578599;1010511;0;1426
FR;0;2022-04-15;1882;3869;15646;35584;2611;14926;37236;0;115;54434561;51736840;36262852;789816;53512285;39593525;1047747;0;1541
FR;0;2022-04-16;1046;1834;6400;8553;1263;6263;9435;0;40;54435607;51738674;36269252;798369;53513548;39599788;1057182;0;1581
FR;0;2022-04-17;195;340;993;1174;224;1036;1242;0;7;54435802;51739014;36270245;799543;53513772;39600824;1058424;0;1588
FR;0;2022-04-18;200;546;2768;1072;343;2787;1287;0;5;54436002;51739560;36273013;800615;53514115;39603611;1059711;0;1593
FR;0;2022-04-19;1546;3030;12919;29690;1878;12479;30737;0;78;54437548;51742590;36285932;830305;53515993;39616090;1090448;0;1671
FR;0;2022-04-20;2008;3497;13307;29072;2611;12995;30088;0;96;54439556;51746087;36299239;859377;53518604;39629085;1120536;0;1767
FR;0;2022-04-21;1516;2854;12553;35211;1825;12647;35784;0;117;54441072;51748941;36311792;894588;53520429;39641732;1156320;0;1884
FR;0;2022-04-22;1880;3626;16480;37625;2402;15839;39164;0;131;54442952;51752567;36328272;932213;53522831;39657571;1195484;0;2015
FR;0;2022-04-23;1151;2069;7391;10659;1479;7242;11444;0;38;54444103;51754636;36335663;942872;53524310;39664813;1206928;0;2053
FR;0;2022-04-24;249;467;1478;1592;326;1414;1850;0;7;54444352;51755103;36337141;944464;53524636;39666227;1208778;0;2060
FR;0;2022-04-25;1308;2534;10687;21074;1614;10492;22096;0;79;54445660;51757637;36347828;965538;53526250;39676719;1230874;0;2139
FR;0;2022-04-26;1627;3008;13671;38665;1967;13114;39462;0;181;54447287;51760645;36361499;1004203;53528217;39689833;1270336;0;2320
FR;0;2022-04-27;1964;3065;11539;31087;2280;11596;31505;0;131;54449251;51763710;36373038;1035290;53530497;39701429;1301841;0;2451
FR;0;2022-04-28;1570;2778;12530;36261;1859;12271;36578;0;139;54450821;51766488;36385568;1071551;53532356;39713700;1338419;0;2590
FR;0;2022-04-29;2010;4834;15561;37281;3639;14937;38752;0;164;54452831;51771322;36401129;1108832;53535995;39728637;1377171;0;2754
FR;0;2022-04-30;1225;4703;6929;9717;4197;6758;10608;0;44;54454056;51776025;36408058;1118549;53540192;39735395;1387779;0;2798
FR;0;2022-05-01;220;325;916;1000;229;911;1141;0;6;54454276;51776350;36408974;1119549;53540421;39736306;1388920;0;2804
FR;0;2022-05-02;2363;2958;11158;18179;2054;10992;19023;0;69;54456639;51779308;36420132;1137728;53542475;39747298;1407943;0;2873
FR;0;2022-05-03;2064;3268;13726;34702;2130;13567;35623;0;163;54458703;51782576;36433858;1172430;53544605;39760865;1443566;0;3036
FR;0;2022-05-04;1923;3304;12187;25651;2303;12305;26202;0;110;54460626;51785880;36446045;1198081;53546908;39773170;1469768;0;3146
FR;0;2022-05-05;1795;3040;13070;33602;2018;12916;34270;0;180;54462421;51788920;36459115;1231683;53548926;39786086;1504038;0;3326
FR;0;2022-05-06;2217;3666;15355;36808;2325;14865;38270;0;182;54464638;51792586;36474470;1268491;53551251;39800951;1542308;0;3508
FR;0;2022-05-07;1210;1783;6464;9614;1255;6456;10339;0;48;54465848;51794369;36480934;1278105;53552506;39807407;1552647;0;3556
FR;0;2022-05-08;267;400;1175;1548;288;1236;1654;0;8;54466115;51794769;36482109;1279653;53552794;39808643;1554301;0;3564
FR;0;2022-05-09;1403;2306;9928;20259;1413;9799;21175;0;102;54467518;51797075;36492037;1299912;53554207;39818442;1575476;0;3666
FR;0;2022-05-10;1801;3432;13572;38999;2296;13128;40026;0;200;54469319;51800507;36505609;1338911;53556503;39831570;1615502;0;3866
FR;0;2022-05-11;2005;3020;10755;27942;2324;10701;28445;0;146;54471324;51803527;36516364;1366853;53558827;39842271;1643947;0;4012
FR;0;2022-05-12;1595;2743;11382;35736;1813;11054;36498;0;211;54472919;51806270;36527746;1402589;53560640;39853325;1680445;0;4223
FR;0;2022-05-13;1983;3222;13761;37981;2064;13350;39246;0;162;54474902;51809492;36541507;1440570;53562704;39866675;1719691;0;4385
FR;0;2022-05-14;1150;1646;5938;10778;1204;5801;11366;0;57;54476052;51811138;36547445;1451348;53563908;39872476;1731057;0;4442
FR;0;2022-05-15;283;479;1278;1440;302;1361;1593;0;6;54476335;51811617;36548723;1452788;53564210;39873837;1732650;0;4448
FR;0;2022-05-16;1196;2046;8693;21070;1247;8699;21597;0;128;54477531;51813663;36557416;1473858;53565457;39882536;1754247;0;4576
FR;0;2022-05-17;1591;2605;11828;37881;1670;11404;38723;0;180;54479122;51816268;36569244;1511739;53567127;39893940;1792970;0;4756
FR;0;2022-05-18;1816;2654;9693;27166;1956;9667;27784;0;109;54480938;51818922;36578937;1538905;53569083;39903607;1820754;0;4865
FR;0;2022-05-19;1448;2660;10581;35841;1634;10721;36032;0;162;54482386;51821582;36589518;1574746;53570717;39914328;1856786;0;5027
FR;0;2022-05-20;1876;3118;13425;39369;2079;12913;40388;0;168;54484262;51824700;36602943;1614115;53572796;39927241;1897174;0;5195
FR;0;2022-05-21;1159;1718;5662;9897;1313;5533;10534;0;45;54485421;51826418;36608605;1624012;53574109;39932774;1907708;0;5240
FR;0;2022-05-22;241;341;1030;1439;263;1016;1583;0;10;54485662;51826759;36609635;1625451;53574372;39933790;1909291;0;5250
FR;0;2022-05-23;1176;2127;8879;20374;1411;8829;21029;0;86;54486838;51828886;36618514;1645825;53575783;39942619;1930320;0;5336
FR;0;2022-05-24;1542;2759;11367;38882;1736;11239;39511;0;190;54488380;51831645;36629881;1684707;53577519;39953858;1969831;0;5526
FR;0;2022-05-25;1814;2837;9343;24847;2075;9481;25323;0;116;54490194;51834482;36639224;1709554;53579594;39963339;1995154;0;5642
FR;0;2022-05-26;216;430;1666;1201;293;1677;1344;0;26;54490410;51834912;36640890;1710755;53579887;39965016;1996498;0;5668
FR;0;2022-05-27;1390;2477;9265;21291;1670;9005;22325;0;94;54491800;51837389;36650155;1732046;53581557;39974021;2018823;0;5762
FR;0;2022-05-28;669;1272;3919;6795;852;3968;7204;0;38;54492469;51838661;36654074;1738841;53582409;39977989;2026027;0;5800
FR;0;2022-05-29;157;315;752;921;200;773;1033;0;4;54492626;51838976;36654826;1739762;53582609;39978762;2027060;0;5804
FR;0;2022-05-30;1026;1968;6995;19296;1248;7013;19808;0;91;54493652;51840944;36661821;1759058;53583857;39985775;2046868;0;5895
FR;0;2022-05-31;1488;2520;9823;35664;1647;9645;36295;0;171;54495140;51843464;36671644;1794722;53585504;39995420;2083163;0;6066
FR;0;2022-06-01;1751;3106;11029;24538;2252;10896;25491;0;122;54496891;51846570;36682673;1819260;53587756;40006316;2108654;0;6188
FR;0;2022-06-02;1480;2615;11306;35570;1716;10862;36515;0;174;54498371;51849185;36693979;1854830;53589472;40017178;2145169;0;6362
FR;0;2022-06-03;1728;3085;13424;38729;2054;12789;39999;0;176;54500099;51852270;36707403;1893559;53591526;40029967;2185168;0;6538
FR;0;2022-06-04;975;1516;5046;9113;1076;5117;9649;0;73;54501074;51853786;36712449;1902672;53592602;40035084;2194817;0;6611
FR;0;2022-06-05;180;335;876;1108;205;887;1230;0;4;54501254;51854121;36713325;1903780;53592807;40035971;2196047;0;6615
FR;0;2022-06-06;884;1254;2124;1329;1078;2141;1510;0;13;54502138;51855375;36715449;1905109;53593885;40038112;2197557;0;6628
FR;0;2022-06-07;1498;2713;9855;35597;1793;9433;36824;0;153;54503636;51858088;36725304;1940706;53595678;40047545;2234381;0;6781
FR;0;2022-06-08;1583;2698;9178;28788;1941;9021;29754;0;112;54505219;51860786;36734482;1969494;53597619;40056566;2264135;0;6893
FR;0;2022-06-09;1297;2441;10621;39498;1554;10266;40273;0;167;54506516;51863227;36745103;2008992;53599173;40066832;2304408;0;7060
FR;0;2022-06-10;1630;3193;13104;44828;2159;12666;46153;0;223;54508146;51866420;36758207;2053820;53601332;40079498;2350561;0;7283
FR;0;2022-06-11;962;1738;5432;11627;1124;5465;12212;0;55;54509108;51868158;36763639;2065447;53602456;40084963;2362773;0;7338
FR;0;2022-06-12;202;446;1079;1765;255;1143;1866;0;11;54509310;51868604;36764718;2067212;53602711;40086106;2364639;0;7349
FR;0;2022-06-13;1124;2069;7439;23183;1343;7269;24099;0;90;54510434;51870673;36772157;2090395;53604054;40093375;2388738;0;7439
FR;0;2022-06-14;1346;2548;10448;44948;1598;9804;46144;0;200;54511780;51873221;36782605;2135343;53605652;40103179;2434882;0;7639
FR;0;2022-06-15;1527;2464;9326;30907;1932;8965;31597;0;179;54513307;51875685;36791931;2166250;53607584;40112144;2466479;0;7818
FR;0;2022-06-16;1188;2041;9918;39932;1276;9327;40953;0;201;54514495;51877726;36801849;2206182;53608860;40121471;2507432;0;8019
FR;0;2022-06-17;1494;2859;12513;46699;1788;11920;47935;0;240;54515989;51880585;36814362;2252881;53610648;40133391;2555367;0;8259
FR;0;2022-06-18;857;1527;4566;11125;1038;4501;11719;0;67;54516846;51882112;36818928;2264006;53611686;40137892;2567086;0;8326
FR;0;2022-06-19;183;363;1059;1615;208;1131;1701;0;14;54517029;51882475;36819987;2265621;53611894;40139023;2568787;0;8340
FR;0;2022-06-20;1027;1927;8908;26079;1203;8569;27020;0;156;54518056;51884402;36828895;2291700;53613097;40147592;2595807;0;8496
FR;0;2022-06-21;1327;2404;10310;49898;1541;9339;51283;0;264;54519383;51886806;36839205;2341598;53614638;40156931;2647090;0;8760
FR;0;2022-06-22;1397;2518;8920;39065;1807;8430;40007;0;256;54520780;51889324;36848125;2380663;53616445;40165361;2687097;0;9016
FR;0;2022-06-23;1229;2370;10679;55113;1365;9886;56245;0;320;54522009;51891694;36858804;2435776;53617810;40175247;2743342;0;9336
FR;0;2022-06-24;1493;2996;13646;69187;1751;12307;71006;0;405;54523502;51894690;36872450;2504963;53619561;40187554;2814348;0;9741
FR;0;2022-06-25;939;1781;6237;19921;1112;5990;20776;0;177;54524441;51896471;36878687;2524884;53620673;40193544;2835124;0;9918
FR;0;2022-06-26;229;459;1953;3688;259;1818;3966;0;39;54524670;51896930;36880640;2528572;53620932;40195362;2839090;0;9957
FR;0;2022-06-27;1134;2026;10493;48488;1179;9636;49756;0;339;54525804;51898956;36891133;2577060;53622111;40204998;2888846;0;10296
FR;0;2022-06-28;1463;2816;14672;91400;1584;13090;93170;0;623;54527267;51901772;36905805;2668460;53623695;40218088;2982016;0;10919
FR;0;2022-06-29;1712;2832;12293;71896;1845;11241;73037;0;548;54528979;51904604;36918098;2740356;53625540;40229329;3055053;0;11467
FR;0;2022-06-30;1537;2736;14395;95167;1660;12476;97185;0;724;54530516;51907340;36932493;2835523;53627200;40241805;3152238;0;12191
FR;0;2022-07-01;2016;3806;21506;115936;2309;18857;118586;0;954;54532532;51911146;36953999;2951459;53629509;40260662;3270824;0;13145
FR;0;2022-07-02;1088;1859;8528;35755;1108;7704;36876;0;342;54533620;51913005;36962527;2987214;53630617;40268366;3307700;0;13487
FR;0;2022-07-03;293;539;2095;6455;319;1898;6804;0;79;54533913;51913544;36964622;2993669;53630936;40270264;3314504;0;13566
FR;0;2022-07-04;1959;3472;14716;79233;2337;12995;81305;0;639;54535872;51917016;36979338;3072902;53633273;40283259;3395809;0;14205
FR;0;2022-07-05;1797;3171;18837;133264;1803;16018;135556;0;1146;54537669;51920187;36998175;3206166;53635076;40299277;3531365;0;15351
FR;0;2022-07-06;1845;2789;15856;99602;1850;13649;101170;0;900;54539514;51922976;37014031;3305768;53636926;40312926;3632535;0;16251
FR;0;2022-07-07;1714;2873;18009;126041;1713;14789;128368;0;1179;54541228;51925849;37032040;3431809;53638639;40327715;3760903;0;17430
FR;0;2022-07-08;1894;3153;20752;137088;1857;16765;140081;0;1347;54543122;51929002;37052792;3568897;53640496;40344480;3900984;0;18777
FR;0;2022-07-09;868;1464;7745;37928;883;6692;38769;0;426;54543990;51930466;37060537;3606825;53641379;40351172;3939753;0;19203
FR;0;2022-07-10;272;687;2346;7004;441;2125;7395;0;94;54544262;51931153;37062883;3613829;53641820;40353297;3947148;0;19297
FR;0;2022-07-11;1456;2480;15020;88287;1402;12514;90474;0;801;54545718;51933633;37077903;3702116;53643222;40365811;4037622;0;20098
FR;0;2022-07-12;1843;3119;20537;143973;1716;16732;146678;0;1604;54547561;51936752;37098440;3846089;53644938;40382543;4184300;0;21702
FR;0;2022-07-13;1782;2751;15697;94543;1661;13278;96402;0;1080;54549343;51939503;37114137;3940632;53646599;40395821;4280702;0;22782
FR;0;2022-07-14;186;370;1956;5540;220;1835;5707;0;82;54549529;51939873;37116093;3946172;53646819;40397656;4286409;0;22864
FR;0;2022-07-15;1486;2575;15117;84465;1441;12600;86624;0;1035;54551015;51942448;37131210;4030637;53648260;40410256;4373033;0;23899
FR;0;2022-07-16;627;1193;5950;24982;699;5156;25674;0;327;54551642;51943641;37137160;4055619;53648959;40415412;4398707;0;24226
FR;0;2022-07-17;182;395;1738;4666;218;1570;4938;0;66;54551824;51944036;37138898;4060285;53649177;40416982;4403645;0;24292
FR;0;2022-07-18;1132;2251;11828;61809;1341;9978;63672;0;780;54552956;51946287;37150726;4122094;53650518;40426960;4467317;0;25072
FR;0;2022-07-19;1423;2355;15475;103709;1396;12296;105898;0;1459;54554379;51948642;37166201;4225803;53651914;40439256;4573215;0;26531
FR;0;2022-07-20;1428;2301;12966;77586;1470;10739;79173;0;1051;54555807;51950943;37179167;4303389;53653384;40449995;4652388;0;27582
FR;0;2022-07-21;1288;2171;13098;88243;1371;10500;89728;0;1316;54557095;51953114;37192265;4391632;53654755;40460495;4742116;0;28898
FR;0;2022-07-22;1432;2489;14832;89552;1466;11974;91418;0;1347;54558527;51955603;37207097;4481184;53656221;40472469;4833534;0;30245
FR;0;2022-07-23;684;1310;5534;22482;821;4857;23080;0;411;54559211;51956913;37212631;4503666;53657042;40477326;4856614;0;30656
FR;0;2022-07-24;185;353;1400;3905;204;1242;4132;0;72;54559396;51957266;37214031;4507571;53657246;40478568;4860746;0;30728
FR;0;2022-07-25;1060;1797;9493;48081;1149;7845;49518;0;737;54560456;51959063;37223524;4555652;53658395;40486413;4910264;0;31465
FR;0;2022-07-26;1300;2213;13306;85438;1322;10828;87135;0;1311;54561756;51961276;37236830;4641090;53659717;40497241;4997399;0;32776
FR;0;2022-07-27;1226;2007;10236;61318;1340;8530;62522;0;971;54562982;51963283;37247066;4702408;53661057;40505771;5059921;0;33747
FR;0;2022-07-28;1093;1863;10313;64408;1259;8225;65638;0;1046;54564075;51965146;37257379;4766816;53662316;40513996;5125559;0;34793
FR;0;2022-07-29;1282;2078;11011;65898;1387;8765;67328;0;1140;54565357;51967224;37268390;4832714;53663703;40522761;5192887;0;35933
FR;0;2022-07-30;503;866;3523;15283;604;2973;15666;0;303;54565860;51968090;37271913;4847997;53664307;40525734;5208553;0;36236
FR;0;2022-07-31;154;289;929;2439;185;788;2588;0;49;54566014;51968379;37272842;4850436;53664492;40526522;5211141;0;36285
FR;0;2022-08-01;994;1668;7601;30239;1260;6400;31313;0;549;54567008;51970047;37280443;4880675;53665752;40532922;5242454;0;36834
FR;0;2022-08-02;1052;1650;8580;56119;1154;6894;56807;0;1170;54568060;51971697;37289023;4936794;53666906;40539816;5299261;0;38004
FR;0;2022-08-03;852;1265;6430;38681;902;5150;39419;0;702;54568912;51972962;37295453;4975475;53667808;40544966;5338680;0;38706
FR;0;2022-08-04;741;1186;6574;43161;782;5307;43725;0;917;54569653;51974148;37302027;5018636;53668590;40550273;5382405;0;39623
FR;0;2022-08-05;857;1364;7099;44969;972;5681;45629;0;993;54570510;51975512;37309126;5063605;53669562;40555954;5428034;0;40616
FR;0;2022-08-06;341;557;2101;9367;398;1759;9567;0;228;54570851;51976069;37311227;5072972;53669960;40557713;5437601;0;40844
FR;0;2022-08-07;104;160;536;1626;117;453;1702;0;38;54570955;51976229;37311763;5074598;53670077;40558166;5439303;0;40882
FR;0;2022-08-08;646;1163;4029;22109;919;3292;22544;0;490;54571601;51977392;37315792;5096707;53670996;40561458;5461847;0;41372
FR;0;2022-08-09;746;1167;5973;39955;852;4804;40446;0;844;54572347;51978559;37321765;5136662;53671848;40566262;5502293;0;42216
FR;0;2022-08-10;670;1289;4655;28058;1004;3796;28392;0;652;54573017;51979848;37326420;5164720;53672852;40570058;5530685;0;42868
FR;0;2022-08-11;640;1030;4492;29251;742;3712;29587;0;676;54573657;51980878;37330912;5193971;53673594;40573770;5560272;0;43544
FR;0;2022-08-12;849;1164;4748;28219;850;3919;28656;0;704;54574506;51982042;37335660;5222190;53674444;40577689;5588928;0;44248
FR;0;2022-08-13;355;428;1295;5260;325;1120;5419;0;121;54574861;51982470;37336955;5227450;53674769;40578809;5594347;0;44369
FR;0;2022-08-14;74;121;289;923;104;247;995;0;25;54574935;51982591;37337244;5228373;53674873;40579056;5595342;0;44394
FR;0;2022-08-15;117;232;610;564;198;558;618;0;19;54575052;51982823;37337854;5228937;53675071;40579614;5595960;0;44413
FR;0;2022-08-16;645;1078;3961;22178;840;3355;22371;0;615;54575697;51983901;37341815;5251115;53675911;40582969;5618331;0;45028
FR;0;2022-08-17;653;1041;3890;22897;816;3294;23142;0;620;54576350;51984942;37345705;5274012;53676727;40586263;5641473;0;45648
FR;0;2022-08-18;637;1001;4124;26308;805;3262;26541;0;673;54576987;51985943;37349829;5300320;53677532;40589525;5668014;0;46321
FR;0;2022-08-19;606;1167;4493;27259;875;3694;27565;0;766;54577593;51987110;37354322;5327579;53678407;40593219;5695579;0;47087
FR;0;2022-08-20;310;504;1356;5569;402;1171;5728;0;146;54577903;51987614;37355678;5333148;53678809;40594390;5701307;0;47233
FR;0;2022-08-21;97;135;305;1009;96;267;1044;0;27;54578000;51987749;37355983;5334157;53678905;40594657;5702351;0;47260
FR;0;2022-08-22;584;1001;3273;15358;780;2797;15688;0;425;54578584;51988750;37359256;5349515;53679685;40597454;5718039;0;47685
FR;0;2022-08-23;730;1179;4298;29002;852;3610;29090;0;870;54579314;51989929;37363554;5378517;53680537;40601064;5747129;0;48555
FR;0;2022-08-24;669;939;3496;19539;785;2858;19729;0;608;54579983;51990868;37367050;5398056;53681322;40603922;5766858;0;49163
FR;0;2022-08-25;626;1024;3946;23402;730;3294;23666;0;673;54580609;51991892;37370996;5421458;53682052;40607216;5790524;0;49836
FR;0;2022-08-26;862;1266;4478;25884;961;3671;26257;0;777;54581471;51993158;37375474;5447342;53683013;40610887;5816781;0;50613
FR;0;2022-08-27;297;500;1379;5469;362;1244;5533;0;194;54581768;51993658;37376853;5452811;53683375;40612131;5822314;0;50807
FR;0;2022-08-28;125;163;303;920;117;288;965;0;38;54581893;51993821;37377156;5453731;53683492;40612419;5823279;0;50845
FR;0;2022-08-29;621;967;3076;14663;767;2614;14969;0;433;54582514;51994788;37380232;5468394;53684259;40615033;5838248;0;51278
FR;0;2022-08-30;854;1224;4796;28544;900;3914;28874;0;823;54583368;51996012;37385028;5496938;53685159;40618947;5867122;0;52101
FR;0;2022-08-31;697;958;3207;17645;745;2718;17909;0;508;54584065;51996970;37388235;5514583;53685904;40621665;5885031;0;52609
FR;0;2022-09-01;754;997;4480;22490;708;3827;22765;0;623;54584819;51997967;37392715;5537073;53686612;40625492;5907796;0;53232
FR;0;2022-09-02;955;1157;5044;28612;845;4257;28906;0;914;54585774;51999124;37397759;5565685;53687457;40629749;5936702;0;54146
FR;0;2022-09-03;420;571;1919;6086;425;1666;6323;0;181;54586194;51999695;37399678;5571771;53687882;40631415;5943025;0;54327
FR;0;2022-09-04;134;150;351;876;85;347;945;0;24;54586328;51999845;37400029;5572647;53687967;40631762;5943970;0;54351
FR;0;2022-09-05;754;916;3177;16065;736;2657;16379;0;523;54587082;52000761;37403206;5588712;53688703;40634419;5960349;0;54874
FR;0;2022-09-06;907;1051;4740;31851;681;3873;32080;0;1040;54587989;52001812;37407946;5620563;53689384;40638292;5992429;0;55914
FR;0;2022-09-07;712;786;2998;16822;569;2479;16971;0;573;54588701;52002598;37410944;5637385;53689953;40640771;6009400;0;56487
FR;0;2022-09-08;632;862;3810;24866;597;3142;24957;0;818;54589333;52003460;37414754;5662251;53690550;40643913;6034357;0;57305
FR;0;2022-09-09;846;1022;4444;27660;662;3686;27836;0;951;54590179;52004482;37419198;5689911;53691212;40647599;6062193;0;58256
FR;0;2022-09-10;405;647;1738;5711;472;1538;5917;0;207;54590584;52005129;37420936;5695622;53691684;40649137;6068110;0;58463
FR;0;2022-09-11;124;131;324;657;93;307;716;0;17;54590708;52005260;37421260;5696279;53691777;40649444;6068826;0;58480
FR;0;2022-09-12;520;647;2690;13296;464;2295;13589;0;478;54591228;52005907;37423950;5709575;53692241;40651739;6082415;0;58958
FR;0;2022-09-13;672;871;3996;26516;560;3486;26396;0;875;54591900;52006778;37427946;5736091;53692801;40655225;6108811;0;59833
FR;0;2022-09-14;707;802;2968;16188;594;2485;16421;0;573;54592607;52007580;37430914;5752279;53693395;40657710;6125232;0;60406
FR;0;2022-09-15;578;844;3475;23586;597;2963;23655;0;728;54593185;52008424;37434389;5775865;53693992;40660673;6148887;0;61134
FR;0;2022-09-16;799;1047;4144;25915;731;3486;26138;0;932;54593984;52009471;37438533;5801780;53694723;40664159;6175025;0;62066
FR;0;2022-09-17;395;513;1454;6146;392;1284;6238;0;243;54594379;52009984;37439987;5807926;53695115;40665443;6181263;0;62309
FR;0;2022-09-18;117;144;323;962;123;291;1017;0;37;54594496;52010128;37440310;5808888;53695238;40665734;6182280;0;62346
FR;0;2022-09-19;482;648;2262;13219;451;1936;13402;0;436;54594978;52010776;37442572;5822107;53695689;40667670;6195682;0;62782
FR;0;2022-09-20;646;901;3790;26462;656;3157;26516;0;893;54595624;52011677;37446362;5848569;53696345;40670827;6222198;0;63675
FR;0;2022-09-21;590;775;2740;16258;579;2355;16249;0;586;54596214;52012452;37449102;5864827;53696924;40673182;6238447;0;64261
FR;0;2022-09-22;601;849;3424;23595;572;2797;23819;0;774;54596815;52013301;37452526;5888422;53697496;40675979;6262266;0;65035
FR;0;2022-09-23;838;1051;4495;28730;773;3764;28901;0;1020;54597653;52014352;37457021;5917152;53698269;40679743;6291167;0;66055
FR;0;2022-09-24;427;614;1647;6906;474;1420;7091;0;307;54598080;52014966;37458668;5924058;53698743;40681163;6298258;0;66362
FR;0;2022-09-25;99;194;336;1101;149;307;1143;0;37;54598179;52015160;37459004;5925159;53698892;40681470;6299401;0;66399
FR;0;2022-09-26;438;715;2299;13544;485;2019;13649;0;435;54598617;52015875;37461303;5938703;53699377;40683489;6313050;0;66834
FR;0;2022-09-27;612;844;3627;25944;614;2910;26099;0;959;54599229;52016719;37464930;5964647;53699991;40686399;6339149;0;67793
FR;0;2022-09-28;635;828;2557;15403;635;2305;15516;0;622;54599864;52017547;37467487;5980050;53700626;40688704;6354665;0;68415
FR;0;2022-09-29;566;768;3134;21051;546;2647;21080;43;810;54600430;52018315;37470621;6001101;53701172;40691351;6375745;43;69225
FR;0;2022-09-30;787;1124;3956;25563;842;3302;25830;715;1052;54601217;52019439;37474577;6026664;53702014;40694653;6401575;758;70277
FR;0;2022-10-01;431;680;2009;5975;528;1737;6212;396;318;54601648;52020119;37476586;6032639;53702542;40696390;6407787;1154;70595
FR;0;2022-10-02;63;136;218;639;97;215;665;66;42;54601711;52020255;37476804;6033278;53702639;40696605;6408452;1220;70637
FR;0;2022-10-03;583;940;2468;12053;773;2194;12231;2074;745;54602294;52021195;37479272;6045331;53703412;40698799;6420683;3294;71382
FR;0;2022-10-04;713;832;3394;23508;578;2785;23685;4704;1585;54603007;52022027;37482666;6068839;53703990;40701584;6444368;7998;72967
FR;0;2022-10-05;599;852;2448;14607;631;2163;14748;3656;1210;54603606;52022879;37485114;6083446;53704621;40703747;6459116;11654;74177
FR;0;2022-10-06;549;741;3089;21688;542;2521;21898;6668;1909;54604155;52023620;37488203;6105134;53705163;40706268;6481014;18322;76086
FR;0;2022-10-07;731;1011;4127;30309;739;3476;30398;16874;3204;54604886;52024631;37492330;6135443;53705902;40709744;6511412;35196;79290
FR;0;2022-10-08;355;521;1651;8432;383;1410;8601;6699;1170;54605241;52025152;37493981;6143875;53706285;40711154;6520013;41895;80460
FR;0;2022-10-09;109;138;337;1587;112;312;1650;1511;297;54605350;52025290;37494318;6145462;53706397;40711466;6521663;43406;80757
FR;0;2022-10-10;496;821;2931;20563;637;2523;20884;19595;3272;54605846;52026111;37497249;6166025;53707034;40713989;6542547;63001;84029
FR;0;2022-10-11;597;813;4269;40321;553;3572;40665;40162;6381;54606443;52026924;37501518;6206346;53707587;40717561;6583212;103163;90410
FR;0;2022-10-12;596;857;3268;26756;639;2775;27086;27302;4691;54607039;52027781;37504786;6233102;53708226;40720336;6610298;130465;95101
FR;0;2022-10-13;624;817;4016;38463;608;3137;38922;40607;6607;54607663;52028598;37508802;6271565;53708834;40723473;6649220;171072;101708
FR;0;2022-10-14;760;1071;4869;47667;782;3953;48142;51133;7863;54608423;52029669;37513671;6319232;53709616;40727426;6697362;222205;109571
FR;0;2022-10-15;368;581;1867;11851;420;1629;11965;13091;2274;54608791;52030250;37515538;6331083;53710036;40729055;6709327;235296;111845
FR;0;2022-10-16;92;135;372;1967;85;356;2012;2347;479;54608883;52030385;37515910;6333050;53710121;40729411;6711339;237643;112324
FR;0;2022-10-17;438;711;3042;26465;495;2485;26837;30793;5410;54609321;52031096;37518952;6359515;53710616;40731896;6738176;268436;117734
FR;0;2022-10-18;603;736;4704;46101;535;3762;46664;55449;11701;54609924;52031832;37523656;6405616;53711151;40735658;6784840;323885;129435
FR;0;2022-10-19;565;818;3642;34375;623;3074;34743;42461;9251;54610489;52032650;37527298;6439991;53711774;40738732;6819583;366346;138686
FR;0;2022-10-20;615;802;4843;49463;590;3730;50120;60531;12936;54611104;52033452;37532141;6489454;53712364;40742462;6869703;426877;151622
FR;0;2022-10-21;690;993;5710;57041;708;4519;57711;70964;14299;54611794;52034445;37537851;6546495;53713072;40746981;6927414;497841;165921
FR;0;2022-10-22;334;413;1654;12949;333;1320;13106;15938;3386;54612128;52034858;37539505;6559444;53713405;40748301;6940520;513779;169307
FR;0;2022-10-23;97;107;350;2064;102;266;2166;2758;631;54612225;52034965;37539855;6561508;53713507;40748567;6942686;516537;169938
FR;0;2022-10-24;551;597;3137;27134;422;2687;27562;35493;7809;54612776;52035562;37542992;6588642;53713929;40751254;6970248;552030;177747
FR;0;2022-10-25;596;725;4870;49114;535;3801;49788;65248;15448;54613372;52036287;37547862;6637756;53714464;40755055;7020036;617278;193195
FR;0;2022-10-26;532;645;3474;32622;483;2900;32928;43999;11023;54613904;52036932;37551336;6670378;53714947;40757955;7052964;661277;204218
FR;0;2022-10-27;592;697;4080;40795;498;3347;41272;54475;13137;54614496;52037629;37555416;6711173;53715445;40761302;7094236;715752;217355
FR;0;2022-10-28;703;868;4610;44187;631;3505;45006;58274;13186;54615199;52038497;37560026;6755360;53716076;40764807;7139242;774026;230541
FR;0;2022-10-29;260;360;1328;9494;258;1082;9627;12523;3012;54615459;52038857;37561354;6764854;53716334;40765889;7148869;786549;233553
FR;0;2022-10-30;87;118;287;1598;94;249;1646;2145;540;54615546;52038975;37561641;6766452;53716428;40766138;7150515;788694;234093
FR;0;2022-10-31;381;489;2075;16062;358;1626;16427;22205;5503;54615927;52039464;37563716;6782514;53716786;40767764;7166942;810899;239596
FR;0;2022-11-01;115;191;928;1123;149;961;1166;1697;504;54616042;52039655;37564644;6783637;53716935;40768725;7168108;812596;240100
FR;0;2022-11-02;518;675;3037;25403;504;2583;25879;36642;10133;54616560;52040330;37567681;6809040;53717439;40771308;7193987;849238;250233
FR;0;2022-11-03;646;702;4114;40064;535;3118;40796;57039;15379;54617206;52041032;37571795;6849104;53717974;40774426;7234783;906277;265612
FR;0;2022-11-04;657;830;4425;43659;576;3518;44278;60534;15248;54617863;52041862;37576220;6892763;53718550;40777944;7279061;966811;280860
FR;0;2022-11-05;255;367;1450;9716;290;1166;9925;13463;3294;54618118;52042229;37577670;6902479;53718840;40779110;7288986;980274;284154
FR;0;2022-11-06;94;117;263;1602;100;246;1631;2337;653;54618212;52042346;37577933;6904081;53718940;40779356;7290617;982611;284807
FR;0;2022-11-07;505;589;2762;26768;502;2248;27401;39118;11004;54618717;52042935;37580695;6930849;53719442;40781604;7318018;1021729;295811
FR;0;2022-11-08;645;812;5004;51999;599;3840;53003;74287;20078;54619362;52043747;37585699;6982848;53720041;40785444;7371021;1096016;315889
FR;0;2022-11-09;526;696;3363;31610;518;2691;32386;46363;13233;54619888;52044443;37589062;7014458;53720559;40788135;7403407;1142379;329122
FR;0;2022-11-10;625;962;4577;43679;713;3628;44579;62857;17354;54620513;52045405;37593639;7058137;53721272;40791763;7447986;1205236;346476
FR;0;2022-11-11;82;118;370;1664;87;312;1727;2799;1012;54620595;52045523;37594009;7059801;53721359;40792075;7449713;1208035;347488
FR;0;2022-11-12;212;350;1195;7102;259;978;7337;10289;2765;54620807;52045873;37595204;7066903;53721618;40793053;7457050;1218324;350253
FR;0;2022-11-13;71;115;249;1208;94;213;1262;1978;628;54620878;52045988;37595453;7068111;53721712;40793266;7458312;1220302;350881
FR;0;2022-11-14;444;530;2589;23994;377;2066;24628;36204;10889;54621322;52046518;37598042;7092105;53722089;40795332;7482940;1256506;361770
FR;0;2022-11-15;616;880;4330;45056;705;3373;46004;66920;19627;54621938;52047398;37602372;7137161;53722794;40798705;7528944;1323426;381397
FR;0;2022-11-16;560;678;3071;28595;549;2578;29131;43256;13312;54622498;52048076;37605443;7165756;53723343;40801283;7558075;1366682;394709
FR;0;2022-11-17;571;688;3826;39251;535;2986;39858;58356;17407;54623069;52048764;37609269;7205007;53723878;40804269;7597933;1425038;412116
FR;0;2022-11-18;625;783;4607;45145;598;3457;46051;65714;18349;54623694;52049547;37613876;7250152;53724476;40807726;7643984;1490752;430465
FR;0;2022-11-19;270;344;1501;9806;277;1097;10001;14322;4009;54623964;52049891;37615377;7259958;53724753;40808823;7653985;1505074;434474
FR;0;2022-11-20;79;186;304;1698;168;261;1772;2717;859;54624043;52050077;37615681;7261656;53724921;40809084;7655757;1507791;435333
FR;0;2022-11-21;437;513;2425;21448;351;1955;22018;33132;10347;54624480;52050590;37618106;7283104;53725272;40811039;7677775;1540923;445680
FR;0;2022-11-22;539;608;4031;39832;436;3167;40406;59776;18252;54625019;52051198;37622137;7322936;53725708;40814206;7718181;1600699;463932
FR;0;2022-11-23;474;568;2758;26027;414;2324;26517;40394;12888;54625493;52051766;37624895;7348963;53726122;40816530;7744698;1641093;476820
FR;0;2022-11-24;513;608;3768;37158;432;2964;37870;56832;17942;54626006;52052374;37628663;7386121;53726554;40819494;7782568;1697925;494762
FR;0;2022-11-25;579;731;4187;40149;584;3148;40992;59635;17476;54626585;52053105;37632850;7426270;53727138;40822642;7823560;1757560;512238
FR;0;2022-11-26;301;339;1335;9371;263;1064;9512;13999;3971;54626886;52053444;37634185;7435641;53727401;40823706;7833072;1771559;516209
FR;0;2022-11-27;77;88;265;1661;73;225;1689;2554;805;54626963;52053532;37634450;7437302;53727474;40823931;7834761;1774113;517014
FR;0;2022-11-28;419;482;2638;24800;363;1982;25539;38464;12200;54627382;52054014;37637088;7462102;53727837;40825913;7860300;1812577;529214
FR;0;2022-11-29;499;611;4401;46525;381;3291;47253;71103;22321;54627881;52054625;37641489;7508627;53728218;40829204;7907553;1883680;551535
FR;0;2022-11-30;508;700;3740;36926;501;2898;37732;56327;17230;54628389;52055325;37645229;7545553;53728719;40832102;7945285;1940007;568765
FR;0;2022-12-01;535;681;5319;51889;460;3911;52697;79673;25237;54628924;52056006;37650548;7597442;53729179;40836013;7997982;2019680;594002
FR;0;2022-12-02;644;747;6173;61540;532;4381;62773;92442;27454;54629568;52056753;37656721;7658982;53729711;40840394;8060755;2112122;621456
FR;0;2022-12-03;305;348;2287;18051;226;1629;18480;26729;7618;54629873;52057101;37659008;7677033;53729937;40842023;8079235;2138851;629074
FR;0;2022-12-04;97;124;524;4305;91;434;4356;6441;1856;54629970;52057225;37659532;7681338;53730028;40842457;8083591;2145292;630930
FR;0;2022-12-05;470;603;4310;44698;439;2920;45665;69035;21905;54630440;52057828;37663842;7726036;53730467;40845377;8129256;2214327;652835
FR;0;2022-12-06;633;758;6854;78298;497;4657;79819;121753;39599;54631073;52058586;37670696;7804334;53730964;40850034;8209075;2336080;692434
FR;0;2022-12-07;558;648;5365;58158;483;3611;59305;90515;29572;54631631;52059234;37676061;7862492;53731447;40853645;8268380;2426595;722006
FR;0;2022-12-08;609;716;6990;79672;456;4593;81367;124176;40871;54632240;52059950;37683051;7942164;53731903;40858238;8349747;2550771;762877
FR;0;2022-12-09;784;843;8682;95684;555;5735;97577;147343;46802;54633024;52060793;37691733;8037848;53732458;40863973;8447324;2698114;809679
FR;0;2022-12-10;409;485;3827;33959;329;2481;34856;50558;14712;54633433;52061278;37695560;8071807;53732787;40866454;8482180;2748672;824391
FR;0;2022-12-11;132;141;993;8362;101;687;8567;12255;3276;54633565;52061419;37696553;8080169;53732888;40867141;8490747;2760927;827667
FR;0;2022-12-12;520;590;6380;67479;380;4135;69073;106279;34837;54634085;52062009;37702933;8147648;53733268;40871276;8559820;2867206;862504
FR;0;2022-12-13;705;782;9050;103604;490;5636;106194;164921;55100;54634790;52062791;37711983;8251252;53733758;40876912;8666014;3032127;917604
FR;0;2022-12-14;592;719;6824;73345;482;4554;75026;116999;38769;54635382;52063510;37718807;8324597;53734240;40881466;8741040;3149126;956373
FR;0;2022-12-15;660;877;8897;95928;568;5722;98241;153325;51775;54636042;52064387;37727704;8420525;53734808;40887188;8839281;3302451;1008148
FR;0;2022-12-16;826;977;9778;104820;651;6460;107061;166526;55328;54636868;52065364;37737482;8525345;53735459;40893648;8946342;3468977;1063476
FR;0;2022-12-17;345;429;3504;31802;293;2296;32594;48444;14449;54637213;52065793;37740986;8557147;53735752;40895944;8978936;3517421;1077925
FR;0;2022-12-18;93;127;789;6334;81;542;6484;9629;2752;54637306;52065920;37741775;8563481;53735833;40896486;8985420;3527050;1080677
FR;0;2022-12-19;590;618;5755;56219;434;3683;57850;90266;30088;54637896;52066538;37747530;8619700;53736267;40900169;9043270;3617316;1110765
FR;0;2022-12-20;742;790;7952;79859;526;5246;82005;130828;45058;54638638;52067328;37755482;8699559;53736793;40905415;9125275;3748144;1155823
FR;0;2022-12-21;598;627;5336;50978;439;3588;52329;84183;29336;54639236;52067955;37760818;8750537;53737232;40909003;9177604;3832327;1185159
FR;0;2022-12-22;646;668;4914;46281;466;3436;47517;76896;26907;54639882;52068623;37765732;8796818;53737698;40912439;9225121;3909223;1212066
FR;0;2022-12-23;478;584;3448;26235;420;2631;26896;43415;14908;54640360;52069207;37769180;8823053;53738118;40915070;9252017;3952638;1226974
FR;0;2022-12-24;105;108;446;2708;80;337;2832;4289;1231;54640465;52069315;37769626;8825761;53738198;40915407;9254849;3956927;1228205
FR;0;2022-12-25;34;43;134;566;34;106;592;926;273;54640499;52069358;37769760;8826327;53738232;40915513;9255441;3957853;1228478
FR;0;2022-12-26;369;391;2500;16928;291;1823;17567;27605;8824;54640868;52069749;37772260;8843255;53738523;40917336;9273008;3985458;1237302
FR;0;2022-12-27;539;660;4217;33726;444;2953;34876;56724;19743;54641407;52070409;37776477;8876981;53738967;40920289;9307884;4042182;1257045
FR;0;2022-12-28;477;518;3241;25716;351;2317;26337;42936;14837;54641884;52070927;37779718;8902697;53739318;40922606;9334221;4085118;1271882
FR;0;2022-12-29;432;541;3423;26587;354;2408;27594;45105;15659;54642316;52071468;37783141;8929284;53739672;40925014;9361815;4130223;1287541
FR;0;2022-12-30;461;505;2630;19576;363;1866;20248;32639;11002;54642777;52071973;37785771;8948860;53740035;40926880;9382063;4162862;1298543
FR;0;2022-12-31;137;157;508;3184;121;413;3328;4945;1338;54642914;52072130;37786279;8952044;53740156;40927293;9385391;4167807;1299881
FR;0;2023-01-01;25;45;177;711;27;149;737;1026;246;54642939;52072175;37786456;8952755;53740183;40927442;9386128;4168833;1300127
FR;0;2023-01-02;476;564;3005;19033;389;2321;19511;32980;12074;54643415;52072739;37789461;8971788;53740572;40929763;9405639;4201813;1312201
FR;0;2023-01-03;665;679;4758;44186;458;3369;45131;82779;34819;54644080;52073418;37794219;9015974;53741030;40933132;9450770;4284592;1347020
FR;0;2023-01-04;540;597;3872;31103;406;2764;31917;59880;25822;54644620;52074015;37798091;9047077;53741436;40935896;9482687;4344472;1372842
FR;0;2023-01-05;668;758;4687;43309;559;3191;44242;84048;37175;54645288;52074773;37802778;9090386;53741995;40939087;9526929;4428520;1410017
FR;0;2023-01-06;746;859;5526;48576;581;3664;49637;92101;39512;54646034;52075632;37808304;9138962;53742576;40942751;9576566;4520621;1449529
FR;0;2023-01-07;347;412;1948;12935;299;1414;13256;23034;8766;54646381;52076044;37810252;9151897;53742875;40944165;9589822;4543655;1458295
FR;0;2023-01-08;104;143;495;2918;99;356;3015;5231;1992;54646485;52076187;37810747;9154815;53742974;40944521;9592837;4548886;1460287
FR;0;2023-01-09;580;630;2862;22346;451;2063;22931;45852;21214;54647065;52076817;37813609;9177161;53743425;40946584;9615768;4594738;1481501
FR;0;2023-01-10;615;771;4816;41572;534;3446;42401;87017;41785;54647680;52077588;37818425;9218733;53743959;40950030;9658169;4681755;1523286
FR;0;2023-01-11;502;599;3143;25101;437;2285;25635;52857;25235;54648182;52078187;37821568;9243834;53744396;40952315;9683804;4734612;1548521
FR;0;2023-01-12;601;687;3983;34349;465;2884;34973;72503;35100;54648783;52078874;37825551;9278183;53744861;40955199;9718777;4807115;1583621
FR;0;2023-01-13;755;805;4381;36229;559;3153;36878;74631;35214;54649538;52079679;37829932;9314412;53745420;40958352;9755655;4881746;1618835
FR;0;2023-01-14;353;345;1585;9307;236;1197;9499;17763;7417;54649891;52080024;37831517;9323719;53745656;40959549;9765154;4899509;1626252
FR;0;2023-01-15;100;135;378;1567;91;290;1678;3254;1405;54649991;52080159;37831895;9325286;53745747;40959839;9766832;4902763;1627657
FR;0;2023-01-16;425;480;2382;16347;333;1789;16609;35990;18101;54650416;52080639;37834277;9341633;53746080;40961628;9783441;4938753;1645758
FR;0;2023-01-17;503;594;3539;29061;408;2567;29623;65746;33908;54650919;52081233;37837816;9370694;53746488;40964195;9813064;5004499;1679666
FR;0;2023-01-18;471;560;2370;17447;407;1838;17760;39169;19884;54651390;52081793;37840186;9388141;53746895;40966033;9830824;5043668;1699550
FR;0;2023-01-19;506;521;2873;23070;356;2135;23419;52292;27008;54651896;52082314;37843059;9411211;53747251;40968168;9854243;5095960;1726558
FR;0;2023-01-20;632;702;3470;25802;503;2626;26286;57771;29426;54652528;52083016;37846529;9437013;53747754;40970794;9880529;5153731;1755984
FR;0;2023-01-21;261;306;1141;6423;221;880;6532;13244;6020;54652789;52083322;37847670;9443436;53747975;40971674;9887061;5166975;1762004
FR;0;2023-01-22;47;65;179;880;34;155;930;1921;874;54652836;52083387;37847849;9444316;53748009;40971829;9887991;5168896;1762878
FR;0;2023-01-23;322;414;1739;11041;272;1304;11266;27226;14820;54653158;52083801;37849588;9455357;53748281;40973133;9899257;5196122;1777698
FR;0;2023-01-24;476;529;2594;20714;373;1944;21024;51016;28310;54653634;52084330;37852182;9476071;53748654;40975077;9920281;5247138;1806008
FR;0;2023-01-25;407;553;1952;12616;396;1482;13046;30757;16452;54654041;52084883;37854134;9488687;53749050;40976559;9933327;5277895;1822460
FR;0;2023-01-26;435;528;2383;17188;382;1788;17496;42447;23391;54654476;52085411;37856517;9505875;53749432;40978347;9950823;5320342;1845851
FR;0;2023-01-27;527;742;2654;18528;567;2016;18775;45029;24539;54655003;52086153;37859171;9524403;53749999;40980363;9969598;5365371;1870390
FR;0;2023-01-28;237;291;866;4521;234;691;4640;9986;4751;54655240;52086444;37860037;9528924;53750233;40981054;9974238;5375357;1875141
FR;0;2023-01-29;42;72;124;466;55;102;504;1098;548;54655282;52086516;37860161;9529390;53750288;40981156;9974742;5376455;1875689
FR;0;2023-01-30;366;449;1343;8289;321;1111;8482;20944;11435;54655648;52086965;37861504;9537679;53750609;40982267;9983224;5397399;1887124
FR;0;2023-01-31;426;489;2047;14114;332;1531;14357;36869;21257;54656074;52087454;37863551;9551793;53750941;40983798;9997581;5434268;1908381
FR;0;2023-02-01;410;528;1720;8351;401;1468;8507;22201;12597;54656484;52087982;37865271;9560144;53751342;40985266;10006088;5456469;1920978
FR;0;2023-02-02;369;503;1724;11901;344;1431;12108;31660;18252;54656853;52088485;37866995;9572045;53751686;40986697;10018196;5488129;1939230
FR;0;2023-02-03;479;651;2063;12624;486;1645;12804;33747;19444;54657332;52089136;37869058;9584669;53752172;40988342;10031000;5521876;1958674
FR;0;2023-02-04;197;277;672;3135;238;565;3180;7452;3823;54657529;52089413;37869730;9587804;53752410;40988907;10034180;5529328;1962497
FR;0;2023-02-05;25;65;89;245;42;87;261;589;284;54657554;52089478;37869819;9588049;53752452;40988994;10034441;5529917;1962781
FR;0;2023-02-06;310;353;1100;5419;284;865;5603;15380;9054;54657864;52089831;37870919;9593468;53752736;40989859;10040044;5545297;1971835
FR;0;2023-02-07;349;496;1606;9740;365;1319;9894;28170;16888;54658213;52090327;37872525;9603208;53753101;40991178;10049938;5573467;1988723
FR;0;2023-02-08;301;390;1129;6066;309;917;6232;16992;9763;54658514;52090717;37873654;9609274;53753410;40992095;10056170;5590459;1998486
FR;0;2023-02-09;340;475;1303;7908;346;1110;8089;22831;13692;54658854;52091192;37874957;9617182;53753756;40993205;10064259;5613290;2012178
FR;0;2023-02-10;466;548;1518;8357;433;1277;8503;23756;13955;54659320;52091740;37876475;9625539;53754189;40994482;10072762;5637046;2026133
FR;0;2023-02-11;169;222;583;2149;179;512;2237;5434;2769;54659489;52091962;37877058;9627688;53754368;40994994;10074999;5642480;2028902
FR;0;2023-02-12;39;47;61;175;46;55;197;440;208;54659528;52092009;37877119;9627863;53754414;40995049;10075196;5642920;2029110
FR;0;2023-02-13;230;332;752;3342;258;684;3433;9598;5496;54659758;52092341;37877871;9631205;53754672;40995733;10078629;5652518;2034606
FR;0;2023-02-14;296;376;1183;5964;274;1004;6111;17543;10418;54660054;52092717;37879054;9637169;53754946;40996737;10084740;5670061;2045024
FR;0;2023-02-15;287;400;966;4076;295;841;4254;12216;7168;54660341;52093117;37880020;9641245;53755241;40997578;10088994;5682277;2052192
FR;0;2023-02-16;264;402;1157;5202;266;1011;5349;15055;8761;54660605;52093519;37881177;9646447;53755507;40998589;10094343;5697332;2060953
FR;0;2023-02-17;370;473;1313;5480;382;1152;5702;16394;9637;54660975;52093992;37882490;9651927;53755889;40999741;10100045;5713726;2070590
FR;0;2023-02-18;162;217;563;1627;172;492;1697;4062;2050;54661137;52094209;37883053;9653554;53756061;41000233;10101742;5717788;2072640
FR;0;2023-02-19;37;38;49;139;35;40;141;338;167;54661174;52094247;37883102;9653693;53756096;41000273;10101883;5718126;2072807
FR;0;2023-02-20;246;344;711;2850;257;669;2970;8512;4882;54661420;52094591;37883813;9656543;53756353;41000942;10104853;5726638;2077689
FR;0;2023-02-21;269;413;1071;4530;268;934;4740;13982;8261;54661689;52095004;37884884;9661073;53756621;41001876;10109593;5740620;2085950
FR;0;2023-02-22;242;371;737;2940;283;699;2979;9039;5284;54661931;52095375;37885621;9664013;53756904;41002575;10112572;5749659;2091234
FR;0;2023-02-23;226;362;934;3994;248;839;4180;12232;7145;54662157;52095737;37886555;9668007;53757152;41003414;10116752;5761891;2098379
FR;0;2023-02-24;288;469;1039;4399;348;909;4595;12961;7424;54662445;52096206;37887594;9672406;53757500;41004323;10121347;5774852;2105803
FR;0;2023-02-25;124;167;446;1192;146;362;1272;3182;1620;54662569;52096373;37888040;9673598;53757646;41004685;10122619;5778034;2107423
FR;0;2023-02-26;20;27;34;101;27;35;113;256;111;54662589;52096400;37888074;9673699;53757673;41004720;10122732;5778290;2107534
FR;0;2023-02-27;209;327;600;1994;254;582;2066;6555;3941;54662798;52096727;37888674;9675693;53757927;41005302;10124798;5784845;2111475
FR;0;2023-02-28;266;369;834;3574;251;805;3712;12134;7474;54663064;52097096;37889508;9679267;53758178;41006107;10128510;5796979;2118949
FR;0;2023-03-01;222;343;827;1994;282;756;2175;6604;3927;54663286;52097439;37890335;9681261;53758460;41006863;10130685;5803583;2122876
FR;0;2023-03-02;218;312;844;2982;226;725;3200;10074;6257;54663504;52097751;37891179;9684243;53758686;41007588;10133885;5813657;2129133
FR;0;2023-03-03;324;465;1027;3672;352;921;3809;11747;6934;54663828;52098216;37892206;9687915;53759038;41008509;10137694;5825404;2136067
FR;0;2023-03-04;129;217;406;1081;158;388;1096;2788;1371;54663957;52098433;37892612;9688996;53759196;41008897;10138790;5828192;2137438
FR;0;2023-03-05;23;25;26;51;22;29;52;198;113;54663980;52098458;37892638;9689047;53759218;41008926;10138842;5828390;2137551
FR;0;2023-03-06;223;267;533;1418;191;514;1493;4722;2722;54664203;52098725;37893171;9690465;53759409;41009440;10140335;5833112;2140273
FR;0;2023-03-07;188;313;651;2353;217;607;2444;7927;4877;54664391;52099038;37893822;9692818;53759626;41010047;10142779;5841039;2145150
FR;0;2023-03-08;156;282;521;1438;217;460;1530;4973;2916;54664547;52099320;37894343;9694256;53759843;41010507;10144309;5846012;2148066
FR;0;2023-03-09;166;279;629;2001;189;599;2070;7135;4405;54664713;52099599;37894972;9696257;53760032;41011106;10146379;5853147;2152471
FR;0;2023-03-10;320;453;881;2613;337;809;2734;8933;5349;54665033;52100052;37895853;9698870;53760369;41011915;10149113;5862080;2157820
FR;0;2023-03-11;126;175;349;801;133;309;852;2299;1179;54665159;52100227;37896202;9699671;53760502;41012224;10149965;5864379;2158999
FR;0;2023-03-12;10;24;29;62;23;29;63;177;87;54665169;52100251;37896231;9699733;53760525;41012253;10150028;5864556;2159086
FR;0;2023-03-13;138;211;469;1145;155;424;1205;3763;2131;54665307;52100462;37896700;9700878;53760680;41012677;10151233;5868319;2161217
FR;0;2023-03-14;196;277;641;1891;189;630;1969;6752;4098;54665503;52100739;37897341;9702769;53760869;41013307;10153202;5875071;2165315
FR;0;2023-03-15;158;243;497;1207;196;470;1281;4310;2534;54665661;52100982;37897838;9703976;53761065;41013777;10154483;5879381;2167849
FR;0;2023-03-16;174;267;623;1639;199;571;1749;5930;3566;54665835;52101249;37898461;9705615;53761264;41014348;10156232;5885311;2171415
FR;0;2023-03-17;278;354;787;2040;269;707;2182;7282;4356;54666113;52101603;37899248;9707655;53761533;41015055;10158414;5892593;2175771
FR;0;2023-03-18;123;162;417;604;114;406;675;2028;1043;54666236;52101765;37899665;9708259;53761647;41015461;10159089;5894621;2176814
FR;0;2023-03-19;20;18;24;53;19;12;59;125;54;54666256;52101783;37899689;9708312;53761666;41015473;10159148;5894746;2176868
FR;0;2023-03-20;147;257;472;1066;168;479;1140;3804;2157;54666403;52102040;37900161;9709378;53761834;41015952;10160288;5898550;2179025
FR;0;2023-03-21;209;273;668;1620;192;635;1817;6501;3913;54666612;52102313;37900829;9710998;53762026;41016587;10162105;5905051;2182938
FR;0;2023-03-22;195;241;478;1037;188;457;1156;3939;2288;54666807;52102554;37901307;9712035;53762214;41017044;10163261;5908990;2185226
FR;0;2023-03-23;162;239;583;1403;164;526;1496;5141;3034;54666969;52102793;37901890;9713438;53762378;41017570;10164757;5914131;2188260
FR;0;2023-03-24;238;383;907;1779;279;851;1958;6599;3808;54667207;52103176;37902797;9715217;53762657;41018421;10166715;5920730;2192068
FR;0;2023-03-25;125;163;333;573;134;292;648;1776;836;54667332;52103339;37903130;9715790;53762791;41018713;10167363;5922506;2192904
FR;0;2023-03-26;9;17;25;31;11;25;33;92;47;54667341;52103356;37903155;9715821;53762802;41018738;10167396;5922598;2192951
FR;0;2023-03-27;224;252;510;887;206;489;987;3430;1951;54667565;52103608;37903665;9716708;53763008;41019227;10168383;5926028;2194902
FR;0;2023-03-28;184;247;588;1580;172;541;1710;6169;3706;54667749;52103855;37904253;9718288;53763180;41019768;10170093;5932197;2198608
FR;0;2023-03-29;169;249;434;975;160;438;1116;3766;2102;54667918;52104104;37904687;9719263;53763340;41020206;10171209;5935963;2200710
FR;0;2023-03-30;183;234;565;1351;154;554;1518;5353;3095;54668101;52104338;37905252;9720614;53763494;41020760;10172727;5941316;2203805
FR;0;2023-03-31;209;360;711;1782;267;642;1919;6822;4005;54668310;52104698;37905963;9722396;53763761;41021402;10174646;5948138;2207810
FR;0;2023-04-01;108;191;416;589;130;372;694;1968;943;54668418;52104889;37906379;9722985;53763891;41021774;10175340;5950106;2208753
FR;0;2023-04-02;7;24;24;32;14;30;35;106;45;54668425;52104913;37906403;9723017;53763905;41021804;10175375;5950212;2208798
FR;0;2023-04-03;175;189;444;847;142;396;966;3228;1797;54668600;52105102;37906847;9723864;53764047;41022200;10176341;5953440;2210595
FR;0;2023-04-04;129;247;503;1204;171;433;1360;5233;3148;54668729;52105349;37907350;9725068;53764218;41022633;10177701;5958673;2213743
FR;0;2023-04-05;99;195;396;815;137;376;917;3401;1955;54668828;52105544;37907746;9725883;53764355;41023009;10178618;5962074;2215698
FR;0;2023-04-06;145;177;411;1023;121;377;1153;4193;2403;54668973;52105721;37908157;9726906;53764476;41023386;10179771;5966267;2218101
FR;0;2023-04-07;186;298;538;1274;206;501;1384;4991;2819;54669159;52106019;37908695;9728180;53764682;41023887;10181155;5971258;2220920
FR;0;2023-04-08;63;137;229;396;92;223;433;1325;607;54669222;52106156;37908924;9728576;53764774;41024110;10181588;5972583;2221527
FR;0;2023-04-09;4;14;19;15;6;22;20;58;18;54669226;52106170;37908943;9728591;53764780;41024132;10181608;5972641;2221545
FR;0;2023-04-10;10;17;28;35;9;27;48;100;30;54669236;52106187;37908971;9728626;53764789;41024159;10181656;5972741;2221575
FR;0;2023-04-11;122;246;498;975;162;476;1084;4251;2355;54669358;52106433;37909469;9729601;53764951;41024635;10182740;5976992;2223930
FR;0;2023-04-12;122;196;335;723;141;339;788;3187;1840;54669480;52106629;37909804;9730324;53765092;41024974;10183528;5980179;2225770
FR;0;2023-04-13;109;202;376;911;136;367;1002;4049;2356;54669589;52106831;37910180;9731235;53765228;41025341;10184530;5984228;2228126
FR;0;2023-04-14;190;276;497;1214;217;444;1297;5173;3021;54669779;52107107;37910677;9732449;53765445;41025785;10185827;5989401;2231147
FR;0;2023-04-15;71;116;197;410;79;194;442;1440;670;54669850;52107223;37910874;9732859;53765524;41025979;10186269;5990841;2231817
FR;0;2023-04-16;18;14;10;33;12;14;28;82;31;54669868;52107237;37910884;9732892;53765536;41025993;10186297;5990923;2231848
FR;0;2023-04-17;103;181;310;584;126;320;673;2863;1554;54669971;52107418;37911194;9733476;53765662;41026313;10186970;5993786;2233402
FR;0;2023-04-18;144;180;378;833;118;382;924;3999;2276;54670115;52107598;37911572;9734309;53765780;41026695;10187894;5997785;2235678
FR;0;2023-04-19;101;159;258;509;121;223;594;2420;1326;54670216;52107757;37911830;9734818;53765901;41026918;10188488;6000205;2237004
