fra;vaccin;jour;n_dose1;n_dose2;n_dose3;n_dose4;n_complet;n_rappel;n_2_rappel;n_rappel_biv;n_3_rappel;n_cum_dose1;n_cum_dose2;n_cum_dose3;n_cum_dose4;n_cum_complet;n_cum_rappel;n_cum_2_rappel;n_cum_rappel_biv;n_cum_3_rappel
FR;1;2020-12-27;616;0;0;0;55;0;0;0;0;616;0;0;0;55;0;0;0;0
FR;1;2020-12-28;702;1;0;0;43;0;0;0;0;1318;1;0;0;98;0;0;0;0
FR;1;2020-12-29;387;0;0;0;19;0;0;0;0;1705;1;0;0;117;0;0;0;0
FR;1;2020-12-30;450;0;0;0;18;0;0;0;0;2155;1;0;0;135;0;0;0;0
FR;1;2020-12-31;447;1;0;0;23;0;0;0;0;2602;2;0;0;158;0;0;0;0
FR;1;2021-01-01;1190;2;0;0;65;0;0;0;0;3792;4;0;0;223;0;0;0;0
FR;1;2021-01-02;366;4;0;0;29;0;0;0;0;4158;8;0;0;252;0;0;0;0
FR;1;2021-01-03;417;0;0;0;23;0;0;0;0;4575;8;0;0;275;0;0;0;0
FR;1;2021-01-04;2134;5;0;0;51;0;0;0;0;6709;13;0;0;326;0;0;0;0
FR;1;2021-01-05;7769;6;0;0;128;0;0;0;0;14478;19;0;0;454;0;0;0;0
FR;1;2021-01-06;12472;23;0;0;127;0;0;0;0;26950;42;0;0;581;0;0;0;0
FR;1;2021-01-07;29477;23;0;0;159;0;0;0;0;56427;65;0;0;740;0;0;0;0
FR;1;2021-01-08;37168;34;0;0;203;0;0;0;0;93595;99;0;0;943;0;0;0;0
FR;1;2021-01-09;11220;9;0;0;77;0;0;0;0;104815;108;0;0;1020;0;0;0;0
FR;1;2021-01-10;6015;8;0;0;28;0;0;0;0;110830;116;0;0;1048;0;0;0;0
FR;1;2021-01-11;39954;39;0;0;232;0;0;0;0;150784;155;0;0;1280;0;0;0;0
FR;1;2021-01-12;62156;29;0;0;297;0;0;0;0;212940;184;0;0;1577;0;0;0;0
FR;1;2021-01-13;65146;62;0;0;433;0;0;0;0;278086;246;0;0;2010;0;0;0;0
FR;1;2021-01-14;81466;247;0;0;959;0;0;0;0;359552;493;0;0;2969;0;0;0;0
FR;1;2021-01-15;68632;97;0;0;526;0;0;0;0;428184;590;0;0;3495;0;0;0;0
FR;1;2021-01-16;19903;73;0;0;172;0;0;0;0;448087;663;0;0;3667;0;0;0;0
FR;1;2021-01-17;10906;54;0;0;130;0;0;0;0;458993;717;0;0;3797;0;0;0;0
FR;1;2021-01-18;82843;177;0;0;589;0;0;0;0;541836;894;0;0;4386;0;0;0;0
FR;1;2021-01-19;125934;208;0;0;837;0;0;0;0;667770;1102;0;0;5223;0;0;0;0
FR;1;2021-01-20;132427;189;0;0;778;0;0;0;0;800197;1291;0;0;6001;0;0;0;0
FR;1;2021-01-21;153079;191;0;0;891;0;0;0;0;953276;1482;0;0;6892;0;0;0;0
FR;1;2021-01-22;115968;238;0;0;775;0;0;0;0;1069244;1720;0;0;7667;0;0;0;0
FR;1;2021-01-23;36616;81;0;0;204;0;0;0;0;1105860;1801;0;0;7871;0;0;0;0
FR;1;2021-01-24;9587;127;0;0;186;0;0;0;0;1115447;1928;0;0;8057;0;0;0;0
FR;1;2021-01-25;74437;1444;0;0;1762;0;0;0;0;1189884;3372;0;0;9819;0;0;0;0
FR;1;2021-01-26;96466;3693;1;0;4136;0;0;0;0;1286350;7065;1;0;13955;0;0;0;0
FR;1;2021-01-27;103657;6419;0;0;7102;0;0;0;0;1390007;13484;1;0;21057;0;0;0;0
FR;1;2021-01-28;120621;16381;0;0;17169;0;0;0;0;1510628;29865;1;0;38226;0;0;0;0
FR;1;2021-01-29;88902;18732;0;0;19271;0;0;0;0;1599530;48597;1;0;57497;0;0;0;0
FR;1;2021-01-30;27995;4518;0;0;4642;0;0;0;0;1627525;53115;1;0;62139;0;0;0;0
FR;1;2021-01-31;5194;1900;0;0;1938;0;0;0;0;1632719;55015;1;0;64077;0;0;0;0
FR;1;2021-02-01;49748;22949;0;0;23185;0;0;0;0;1682467;77964;1;0;87262;0;0;0;0
FR;1;2021-02-02;67837;38037;0;0;38493;0;0;0;0;1750304;116001;1;0;125755;0;0;0;0
FR;1;2021-02-03;67104;40093;0;0;40523;0;0;0;0;1817408;156094;1;0;166278;0;0;0;0
FR;1;2021-02-04;77149;54899;0;0;55466;0;0;0;0;1894557;210993;1;0;221744;0;0;0;0
FR;1;2021-02-05;63435;48089;0;0;48490;0;0;0;0;1957992;259082;1;0;270234;0;0;0;0
FR;1;2021-02-06;19428;11406;0;0;11514;0;0;0;0;1977420;270488;1;0;281748;0;0;0;0
FR;1;2021-02-07;3669;6046;0;0;6073;0;0;0;0;1981089;276534;1;0;287821;0;0;0;0
FR;1;2021-02-08;36507;48699;0;0;48942;0;0;0;0;2017596;325233;1;0;336763;0;0;0;0
FR;1;2021-02-09;50823;78213;0;0;78736;0;0;0;0;2068419;403446;1;0;415499;0;0;0;0
FR;1;2021-02-10;52079;83186;0;0;83666;0;0;0;0;2120498;486632;1;0;499165;0;0;0;0
FR;1;2021-02-11;63394;105180;0;0;106066;0;0;0;0;2183892;591812;1;0;605231;0;0;0;0
FR;1;2021-02-12;55882;75745;0;0;76422;0;0;0;0;2239774;667557;1;0;681653;0;0;0;0
FR;1;2021-02-13;15469;19295;0;0;19407;0;0;0;0;2255243;686852;1;0;701060;0;0;0;0
FR;1;2021-02-14;3747;7343;0;0;7409;0;0;0;0;2258990;694195;1;0;708469;0;0;0;0
FR;1;2021-02-15;24171;73636;0;0;73879;0;0;0;0;2283161;767831;1;0;782348;0;0;0;0
FR;1;2021-02-16;32785;95544;0;0;95936;0;0;0;0;2315946;863375;1;0;878284;0;0;0;0
FR;1;2021-02-17;35132;102242;20;0;102891;0;0;0;0;2351078;965617;21;0;981175;0;0;0;0
FR;1;2021-02-18;49463;118357;0;0;119338;0;0;0;0;2400541;1083974;21;0;1100513;0;0;0;0
FR;1;2021-02-19;45397;87697;1;0;88632;0;0;0;0;2445938;1171671;22;0;1189145;0;0;0;0
FR;1;2021-02-20;13398;27046;0;0;27221;0;0;0;0;2459336;1198717;22;0;1216366;0;0;0;0
FR;1;2021-02-21;2470;5969;0;0;6037;0;0;0;0;2461806;1204686;22;0;1222403;0;0;0;0
FR;1;2021-02-22;24723;69416;2;0;69708;0;0;0;0;2486529;1274102;24;0;1292111;0;0;0;0
FR;1;2021-02-23;37441;81511;1;0;82203;0;0;0;0;2523970;1355613;25;0;1374314;0;0;0;0
FR;1;2021-02-24;40711;79323;1;0;80019;0;0;0;0;2564681;1434936;26;0;1454333;0;0;0;0
FR;1;2021-02-25;50173;87809;1;0;88894;0;0;0;0;2614854;1522745;27;0;1543227;0;0;0;0
FR;1;2021-02-26;47233;67551;1;0;68426;0;0;0;0;2662087;1590296;28;0;1611653;0;0;0;0
FR;1;2021-02-27;15689;21348;1;0;21557;0;0;0;0;2677776;1611644;29;0;1633210;0;0;0;0
FR;1;2021-02-28;3565;4113;2;0;4185;0;0;0;0;2681341;1615757;31;0;1637395;0;0;0;0
FR;1;2021-03-01;40225;50294;1;0;51022;0;0;0;0;2721566;1666051;32;0;1688417;0;0;0;0
FR;1;2021-03-02;55993;62446;3;0;63623;0;0;0;0;2777559;1728497;35;0;1752040;0;0;0;0
FR;1;2021-03-03;61262;60497;0;0;61924;0;0;0;0;2838821;1788994;35;0;1813964;0;0;0;0
FR;1;2021-03-04;73021;68315;3;0;70526;0;0;0;0;2911842;1857309;38;0;1884490;0;0;0;0
FR;1;2021-03-05;74785;58606;3;0;60503;0;0;0;0;2986627;1915915;41;0;1944993;0;0;0;0
FR;1;2021-03-06;82470;15755;2;0;17461;0;0;0;0;3069097;1931670;43;0;1962454;0;0;0;0
FR;1;2021-03-07;63733;3963;1;0;5507;0;0;0;0;3132830;1935633;44;0;1967961;0;0;0;0
FR;1;2021-03-08;60195;41168;2;0;42448;0;0;0;0;3193025;1976801;46;0;2010409;0;0;0;0
FR;1;2021-03-09;86015;47414;1;0;49405;0;0;0;0;3279040;2024215;47;0;2059814;0;0;0;0
FR;1;2021-03-10;90946;47770;5;0;50033;0;0;0;0;3369986;2071985;52;0;2109847;0;0;0;0
FR;1;2021-03-11;105104;54574;1;0;57640;0;0;0;0;3475090;2126559;53;0;2167487;0;0;0;0
FR;1;2021-03-12;104163;44895;1;0;47892;0;0;0;0;3579253;2171454;54;0;2215379;0;0;0;0
FR;1;2021-03-13;89221;12600;1;0;14817;0;0;0;0;3668474;2184054;55;0;2230196;0;0;0;0
FR;1;2021-03-14;44461;2682;1;0;4014;0;0;0;0;3712935;2186736;56;0;2234210;0;0;0;0
FR;1;2021-03-15;95538;27976;3;0;30322;0;0;0;0;3808473;2214712;59;0;2264532;0;0;0;0
FR;1;2021-03-16;123603;34050;5;0;37592;0;0;0;0;3932076;2248762;64;0;2302124;0;0;0;0
FR;1;2021-03-17;129324;33549;4;0;37600;0;0;0;0;4061400;2282311;68;0;2339724;0;0;0;0
FR;1;2021-03-18;142919;39204;5;0;43878;0;0;0;0;4204319;2321515;73;0;2383602;0;0;0;0
FR;1;2021-03-19;136278;31998;2;0;36588;0;0;0;0;4340597;2353513;75;0;2420190;0;0;0;0
FR;1;2021-03-20;76024;9760;1;0;11977;0;0;0;0;4416621;2363273;76;0;2432167;0;0;0;0
FR;1;2021-03-21;26519;1984;1;0;2973;0;0;0;0;4443140;2365257;77;0;2435140;0;0;0;0
FR;1;2021-03-22;114777;30238;2;0;34064;0;0;0;0;4557917;2395495;79;0;2469204;0;0;0;0
FR;1;2021-03-23;143059;38029;1;0;42816;0;0;0;0;4700976;2433524;80;0;2512020;0;0;0;0
FR;1;2021-03-24;142026;38373;0;0;43235;0;0;0;0;4843002;2471897;80;0;2555255;0;0;0;0
FR;1;2021-03-25;165037;39863;4;0;46022;0;0;0;0;5008039;2511760;84;0;2601277;0;0;0;0
FR;1;2021-03-26;166421;37398;5;1;44010;0;0;0;0;5174460;2549158;89;1;2645287;0;0;0;0
FR;1;2021-03-27;110905;15472;1;0;19483;0;0;0;0;5285365;2564630;90;1;2664770;0;0;0;0
FR;1;2021-03-28;42311;4413;3;0;5968;0;0;0;0;5327676;2569043;93;1;2670738;0;0;0;0
FR;1;2021-03-29;129845;48997;4;0;53652;0;0;0;0;5457521;2618040;97;1;2724390;0;0;0;0
FR;1;2021-03-30;167754;63801;5;0;70808;0;0;0;0;5625275;2681841;102;1;2795198;0;0;0;0
FR;1;2021-03-31;170967;67951;4;0;75481;0;0;0;0;5796242;2749792;106;1;2870679;0;0;0;0
FR;1;2021-04-01;194871;84025;10;0;93520;0;0;0;0;5991113;2833817;116;1;2964199;0;0;0;0
FR;1;2021-04-02;164473;86827;7;0;94644;0;0;0;0;6155586;2920644;123;1;3058843;0;0;0;0
FR;1;2021-04-03;88260;58200;6;0;61746;0;0;0;0;6243846;2978844;129;1;3120589;0;0;0;0
FR;1;2021-04-04;33661;17727;0;0;19226;0;0;0;0;6277507;2996571;129;1;3139815;0;0;0;0
FR;1;2021-04-05;46427;9571;11;0;11448;0;0;0;0;6323934;3006142;140;1;3151263;0;0;0;0
FR;1;2021-04-06;160347;105545;17;0;112017;0;0;0;0;6484281;3111687;157;1;3263280;0;0;0;0
FR;1;2021-04-07;197037;108102;16;0;116928;0;0;0;0;6681318;3219789;173;1;3380208;0;0;0;0
FR;1;2021-04-08;222187;114289;14;0;125637;0;0;0;0;6903505;3334078;187;1;3505845;0;0;0;0
FR;1;2021-04-09;214609;108020;21;0;118909;0;0;0;0;7118114;3442098;208;1;3624754;0;0;0;0
FR;1;2021-04-10;117205;73237;14;0;78382;0;0;0;0;7235319;3515335;222;1;3703136;0;0;0;0
FR;1;2021-04-11;40902;29895;6;0;31799;0;0;0;0;7276221;3545230;228;1;3734935;0;0;0;0
FR;1;2021-04-12;168502;104574;46;0;111812;0;0;0;0;7444723;3649804;274;1;3846747;0;0;0;0
FR;1;2021-04-13;203842;127772;97;1;137110;0;0;0;0;7648565;3777576;371;2;3983857;0;0;0;0
FR;1;2021-04-14;208669;122976;208;0;133201;0;0;0;0;7857234;3900552;579;2;4117058;0;0;0;0
FR;1;2021-04-15;221734;128174;313;0;139212;0;0;0;0;8078968;4028726;892;2;4256270;0;0;0;0
FR;1;2021-04-16;206106;125744;309;0;135411;0;0;0;0;8285074;4154470;1201;2;4391681;0;0;0;0
FR;1;2021-04-17;122112;67120;103;0;72180;0;0;0;0;8407186;4221590;1304;2;4463861;0;0;0;0
FR;1;2021-04-18;35978;21011;42;0;22717;0;0;0;0;8443164;4242601;1346;2;4486578;0;0;0;0
FR;1;2021-04-19;163778;121601;432;0;129143;0;0;0;0;8606942;4364202;1778;2;4615721;0;0;0;0
FR;1;2021-04-20;189482;149701;531;0;158824;0;0;0;0;8796424;4513903;2309;2;4774545;0;0;0;0
FR;1;2021-04-21;194042;147697;760;0;157219;0;0;0;0;8990466;4661600;3069;2;4931764;0;0;0;0
FR;1;2021-04-22;209074;164532;778;0;175760;0;0;0;0;9199540;4826132;3847;2;5107524;0;0;0;0
FR;1;2021-04-23;198989;158061;671;0;169072;0;0;0;0;9398529;4984193;4518;2;5276596;0;0;0;0
FR;1;2021-04-24;126354;95860;148;0;101929;0;0;0;0;9524883;5080053;4666;2;5378525;0;0;0;0
FR;1;2021-04-25;53640;30079;46;0;32836;0;0;0;0;9578523;5110132;4712;2;5411361;0;0;0;0
FR;1;2021-04-26;181171;140233;542;0;148946;0;0;0;0;9759694;5250365;5254;2;5560307;0;0;0;0
FR;1;2021-04-27;221400;162566;901;0;173941;0;0;0;0;9981094;5412931;6155;2;5734248;0;0;0;0
FR;1;2021-04-28;238344;156162;1314;1;168845;1;0;0;0;10219438;5569093;7469;3;5903093;1;0;0;0
FR;1;2021-04-29;270336;161573;1211;0;177177;0;0;0;0;10489774;5730666;8680;3;6080270;1;0;0;0
FR;1;2021-04-30;272019;148971;1074;0;165075;0;0;0;0;10761793;5879637;9754;3;6245345;1;0;0;0
FR;1;2021-05-01;141177;40609;173;0;48637;0;0;0;0;10902970;5920246;9927;3;6293982;1;0;0;0
FR;1;2021-05-02;81561;28224;81;0;32979;0;0;0;0;10984531;5948470;10008;3;6326961;1;0;0;0
FR;1;2021-05-03;250812;142312;803;0;156006;0;0;0;0;11235343;6090782;10811;3;6482967;1;0;0;0
FR;1;2021-05-04;265928;187943;1204;0;203520;0;0;0;0;11501271;6278725;12015;3;6686487;1;0;0;0
FR;1;2021-05-05;283942;186206;1268;0;202863;0;0;0;0;11785213;6464931;13283;3;6889350;1;0;0;0
FR;1;2021-05-06;310020;184453;1502;0;204213;0;0;0;0;12095233;6649384;14785;3;7093563;1;0;0;0
FR;1;2021-05-07;284142;196695;1127;0;214514;0;0;0;0;12379375;6846079;15912;3;7308077;1;0;0;0
FR;1;2021-05-08;191680;51475;285;0;62858;0;0;0;0;12571055;6897554;16197;3;7370935;1;0;0;0
FR;1;2021-05-09;114071;34302;236;0;41474;0;0;0;0;12685126;6931856;16433;3;7412409;1;0;0;0
FR;1;2021-05-10;258234;195037;1187;0;211031;0;0;0;0;12943360;7126893;17620;3;7623440;1;0;0;0
FR;1;2021-05-11;318931;211192;1465;0;231429;0;0;0;0;13262291;7338085;19085;3;7854869;1;0;0;0
FR;1;2021-05-12;356679;186075;1401;0;208387;0;0;0;0;13618970;7524160;20486;3;8063256;1;0;0;0
FR;1;2021-05-13;283468;47344;401;0;64269;0;0;0;0;13902438;7571504;20887;3;8127525;1;0;0;0
FR;1;2021-05-14;370532;128539;995;0;151957;0;0;0;0;14272970;7700043;21882;3;8279482;1;0;0;0
FR;1;2021-05-15;298120;66194;404;0;84901;0;0;0;0;14571090;7766237;22286;3;8364383;1;0;0;0
FR;1;2021-05-16;157792;15480;158;0;26049;0;0;0;0;14728882;7781717;22444;3;8390432;1;0;0;0
FR;1;2021-05-17;318950;116187;1441;0;138154;0;0;0;0;15047832;7897904;23885;3;8528586;1;0;0;0
FR;1;2021-05-18;383366;111656;1801;0;137605;0;0;0;0;15431198;8009560;25686;3;8666191;1;0;0;0
FR;1;2021-05-19;395306;101587;2184;0;128529;0;0;0;0;15826504;8111147;27870;3;8794720;1;0;0;0
FR;1;2021-05-20;421843;95649;2049;0;125127;0;0;0;0;16248347;8206796;29919;3;8919847;1;0;0;0
FR;1;2021-05-21;399831;97410;1764;0;125820;0;0;0;0;16648178;8304206;31683;3;9045667;1;0;0;0
FR;1;2021-05-22;275708;41911;604;0;60933;0;0;0;0;16923886;8346117;32287;3;9106600;1;0;0;0
FR;1;2021-05-23;123027;10974;224;0;20579;0;0;0;0;17046913;8357091;32511;3;9127179;1;0;0;0
FR;1;2021-05-24;244024;26259;569;0;43789;0;0;0;0;17290937;8383350;33080;3;9170968;1;0;0;0
FR;1;2021-05-25;366240;131485;2115;1;158420;0;0;0;0;17657177;8514835;35195;4;9329388;1;0;0;0
FR;1;2021-05-26;380840;127370;1996;0;155710;0;0;0;0;18038017;8642205;37191;4;9485098;1;0;0;0
FR;1;2021-05-27;406183;128283;1978;0;158770;0;0;0;0;18444200;8770488;39169;4;9643868;1;0;0;0
FR;1;2021-05-28;366061;145662;1702;0;174226;0;0;0;0;18810261;8916150;40871;4;9818094;1;0;0;0
FR;1;2021-05-29;253847;81114;527;0;100316;0;0;0;0;19064108;8997264;41398;4;9918410;1;0;0;0
FR;1;2021-05-30;100982;22600;158;0;30836;0;0;0;0;19165090;9019864;41556;4;9949246;1;0;0;0
FR;1;2021-05-31;314344;149208;1286;1;172471;1;0;0;0;19479434;9169072;42842;5;10121717;2;0;0;0
FR;1;2021-06-01;361681;166413;1733;1;194119;1;0;0;0;19841115;9335485;44575;6;10315836;3;0;0;0
FR;1;2021-06-02;365417;154373;1797;0;183916;0;0;0;0;20206532;9489858;46372;6;10499752;3;0;0;0
FR;1;2021-06-03;391459;147381;1654;0;178355;0;0;0;0;20597991;9637239;48026;6;10678107;3;0;0;0
FR;1;2021-06-04;364129;175843;1496;1;205130;1;0;0;0;20962120;9813082;49522;7;10883237;4;0;0;0
FR;1;2021-06-05;258525;112821;597;0;133181;0;0;0;0;21220645;9925903;50119;7;11016418;4;0;0;0
FR;1;2021-06-06;126827;37559;215;0;48199;0;0;0;0;21347472;9963462;50334;7;11064617;4;0;0;0
FR;1;2021-06-07;301120;207756;1368;0;233040;0;0;0;0;21648592;10171218;51702;7;11297657;4;0;0;0
FR;1;2021-06-08;330884;220979;1645;0;248948;0;0;0;0;21979476;10392197;53347;7;11546605;4;0;0;0
FR;1;2021-06-09;336620;210992;1614;0;239770;0;0;0;0;22316096;10603189;54961;7;11786375;4;0;0;0
FR;1;2021-06-10;343923;199696;1614;0;229433;0;0;0;0;22660019;10802885;56575;7;12015808;4;0;0;0
FR;1;2021-06-11;311921;234706;1299;1;262615;0;0;0;0;22971940;11037591;57874;8;12278423;4;0;0;0
FR;1;2021-06-12;244097;150594;438;0;172204;0;0;0;0;23216037;11188185;58312;8;12450627;4;0;0;0
FR;1;2021-06-13;100375;61035;188;0;70695;0;0;0;0;23316412;11249220;58500;8;12521322;4;0;0;0
FR;1;2021-06-14;207865;287631;1320;1;307432;0;0;0;0;23524277;11536851;59820;9;12828754;4;0;0;0
FR;1;2021-06-15;256890;281165;1400;1;305010;0;0;0;0;23781167;11818016;61220;10;13133764;4;0;0;0
FR;1;2021-06-16;273673;270674;1263;1;296111;0;0;0;0;24054840;12088690;62483;11;13429875;4;0;0;0
FR;1;2021-06-17;268240;245028;1241;1;271093;0;0;0;0;24323080;12333718;63724;12;13700968;4;0;0;0
FR;1;2021-06-18;260621;295215;1156;1;321034;0;0;0;0;24583701;12628933;64880;13;14022002;4;0;0;0
FR;1;2021-06-19;193462;209585;388;0;228244;0;0;0;0;24777163;12838518;65268;13;14250246;4;0;0;0
FR;1;2021-06-20;69721;89032;121;0;96873;0;0;0;0;24846884;12927550;65389;13;14347119;4;0;0;0
FR;1;2021-06-21;172392;319762;934;1;338473;1;0;0;0;25019276;13247312;66323;14;14685592;5;0;0;0
FR;1;2021-06-22;185887;348016;1102;10;369074;1;0;0;0;25205163;13595328;67425;24;15054666;6;0;0;0
FR;1;2021-06-23;204225;339571;1050;0;363472;0;0;0;0;25409388;13934899;68475;24;15418138;6;0;0;0
FR;1;2021-06-24;203549;282026;1176;0;306774;0;0;0;0;25612937;14216925;69651;24;15724912;6;0;0;0
FR;1;2021-06-25;182675;371684;1200;0;395696;0;0;0;0;25795612;14588609;70851;24;16120608;6;0;0;0
FR;1;2021-06-26;131405;278564;504;0;295934;0;0;0;0;25927017;14867173;71355;24;16416542;6;0;0;0
FR;1;2021-06-27;52416;122855;146;0;130396;0;0;0;0;25979433;14990028;71501;24;16546938;6;0;0;0
FR;1;2021-06-28;136674;368201;1065;0;386804;0;0;0;0;26116107;15358229;72566;24;16933742;6;0;0;0
FR;1;2021-06-29;154909;391077;1848;0;412183;0;0;0;0;26271016;15749306;74414;24;17345925;6;0;0;0
FR;1;2021-06-30;180072;381891;1667;4;406502;2;0;0;0;26451088;16131197;76081;28;17752427;8;0;0;0
FR;1;2021-07-01;201572;332476;1889;5;360565;0;0;0;0;26652660;16463673;77970;33;18112992;8;0;0;0
FR;1;2021-07-02;193887;367264;1765;5;395477;2;0;0;0;26846547;16830937;79735;38;18508469;10;0;0;0
FR;1;2021-07-03;124484;280421;704;3;299535;1;0;0;0;26971031;17111358;80439;41;18808004;11;0;0;0
FR;1;2021-07-04;53966;113724;244;0;122134;0;0;0;0;27024997;17225082;80683;41;18930138;11;0;0;0
FR;1;2021-07-05;153973;355758;1500;8;379106;0;0;0;0;27178970;17580840;82183;49;19309244;11;0;0;0
FR;1;2021-07-06;173526;382287;1603;45;408185;8;0;0;0;27352496;17963127;83786;94;19717429;19;0;0;0
FR;1;2021-07-07;190859;362303;1659;25;390658;2;0;0;0;27543355;18325430;85445;119;20108087;21;0;0;0
FR;1;2021-07-08;201585;322935;1826;20;353598;2;0;0;0;27744940;18648365;87271;139;20461685;23;0;0;0
FR;1;2021-07-09;189990;387779;1854;3;418200;2;0;0;0;27934930;19036144;89125;142;20879885;25;0;0;0
FR;1;2021-07-10;129960;281168;818;1;302598;1;0;0;0;28064890;19317312;89943;143;21182483;26;0;0;0
FR;1;2021-07-11;57685;102521;262;0;112407;0;0;0;0;28122575;19419833;90205;143;21294890;26;0;0;0
FR;1;2021-07-12;149926;416812;1587;4;442823;0;0;0;0;28272501;19836645;91792;147;21737713;26;0;0;0
FR;1;2021-07-13;234298;439003;1808;8;476212;0;0;0;0;28506799;20275648;93600;155;22213925;26;0;0;0
FR;1;2021-07-14;171930;151329;418;0;176966;0;0;0;0;28678729;20426977;94018;155;22390891;26;0;0;0
FR;1;2021-07-15;279700;424140;1859;1;467132;0;0;0;0;28958429;20851117;95877;156;22858023;26;0;0;0
FR;1;2021-07-16;290447;400565;1711;3;445232;1;0;0;0;29248876;21251682;97588;159;23303255;27;0;0;0
FR;1;2021-07-17;217355;281976;755;1;315454;0;0;0;0;29466231;21533658;98343;160;23618709;27;0;0;0
FR;1;2021-07-18;102024;107198;288;0;123091;0;0;0;0;29568255;21640856;98631;160;23741800;27;0;0;0
FR;1;2021-07-19;238240;378391;1498;3;414453;0;0;0;0;29806495;22019247;100129;163;24156253;27;0;0;0
FR;1;2021-07-20;305771;379759;1471;0;425598;0;0;0;0;30112266;22399006;101600;163;24581851;27;0;0;0
FR;1;2021-07-21;333301;352744;1413;4;404145;1;0;0;0;30445567;22751750;103013;167;24985996;28;0;0;0
FR;1;2021-07-22;364692;318548;1502;3;374983;2;0;0;0;30810259;23070298;104515;170;25360979;30;0;0;0
FR;1;2021-07-23;349407;342807;1589;4;398369;1;0;0;0;31159666;23413105;106104;174;25759348;31;0;0;0
FR;1;2021-07-24;238968;240725;697;1;278066;0;0;0;0;31398634;23653830;106801;175;26037414;31;0;0;0
FR;1;2021-07-25;112808;76006;223;0;93708;0;0;0;0;31511442;23729836;107024;175;26131122;31;0;0;0
FR;1;2021-07-26;299145;289293;1495;2;335022;1;0;0;0;31810587;24019129;108519;177;26466144;32;0;0;0
FR;1;2021-07-27;385851;267895;1459;4;324872;1;0;0;0;32196438;24287024;109978;181;26791016;33;0;0;0
FR;1;2021-07-28;390215;250896;1463;4;307199;1;0;0;0;32586653;24537920;111441;185;27098215;34;0;0;0
FR;1;2021-07-29;406151;227604;1541;2;284325;0;0;0;0;32992804;24765524;112982;187;27382540;34;0;0;0
FR;1;2021-07-30;370752;246525;1639;4;298383;1;0;0;0;33363556;25012049;114621;191;27680923;35;0;0;0
FR;1;2021-07-31;243387;165084;794;1;199427;0;0;0;0;33606943;25177133;115415;192;27880350;35;0;0;0
FR;1;2021-08-01;105603;47208;237;0;61203;0;0;0;0;33712546;25224341;115652;192;27941553;35;0;0;0
FR;1;2021-08-02;297432;212824;1479;2;250631;0;0;0;0;34009978;25437165;117131;194;28192184;35;0;0;0
FR;1;2021-08-03;331348;208705;1557;2;250692;1;0;0;0;34341326;25645870;118688;196;28442876;36;0;0;0
FR;1;2021-08-04;328053;183834;1440;5;223995;3;0;0;0;34669379;25829704;120128;201;28666871;39;0;0;0
FR;1;2021-08-05;301291;193096;1483;0;229399;0;0;0;0;34970670;26022800;121611;201;28896270;39;0;0;0
FR;1;2021-08-06;290991;224084;1560;3;261392;0;0;0;0;35261661;26246884;123171;204;29157662;39;0;0;0
FR;1;2021-08-07;182675;158765;655;5;181683;1;0;0;0;35444336;26405649;123826;209;29339345;40;0;0;0
FR;1;2021-08-08;68889;59101;253;0;67630;0;0;0;0;35513225;26464750;124079;209;29406975;40;0;0;0
FR;1;2021-08-09;222793;235161;1445;4;263884;2;0;0;0;35736018;26699911;125524;213;29670859;42;0;0;0
FR;1;2021-08-10;252755;239854;1493;2;271707;0;0;0;0;35988773;26939765;127017;215;29942566;42;0;0;0
FR;1;2021-08-11;236250;231746;1271;5;261268;0;0;0;0;36225023;27171511;128288;220;30203834;42;0;0;0
FR;1;2021-08-12;220791;239749;1491;3;267868;0;0;0;0;36445814;27411260;129779;223;30471702;42;0;0;0
FR;1;2021-08-13;201724;238492;1360;2;264052;2;0;0;0;36647538;27649752;131139;225;30735754;44;0;0;0
FR;1;2021-08-14;122868;174038;645;0;189556;0;0;0;0;36770406;27823790;131784;225;30925310;44;0;0;0
FR;1;2021-08-15;34708;46118;201;1;50338;0;0;0;0;36805114;27869908;131985;226;30975648;44;0;0;0
FR;1;2021-08-16;156967;289349;1423;0;309939;0;0;0;0;36962081;28159257;133408;226;31285587;44;0;0;0
FR;1;2021-08-17;171618;290959;1422;5;313372;0;0;0;0;37133699;28450216;134830;231;31598959;44;0;0;0
FR;1;2021-08-18;161440;286669;1394;6;307310;3;0;0;0;37295139;28736885;136224;237;31906269;47;0;0;0
FR;1;2021-08-19;148959;277420;1405;1;297281;0;0;0;0;37444098;29014305;137629;238;32203550;47;0;0;0
FR;1;2021-08-20;140525;308924;1532;2;328174;2;0;0;0;37584623;29323229;139161;240;32531724;49;0;0;0
FR;1;2021-08-21;84281;213206;589;0;224535;0;0;0;0;37668904;29536435;139750;240;32756259;49;0;0;0
FR;1;2021-08-22;28582;82695;233;0;86701;0;0;0;0;37697486;29619130;139983;240;32842960;49;0;0;0
FR;1;2021-08-23;118669;320945;1422;2;337699;0;0;0;0;37816155;29940075;141405;242;33180659;49;0;0;0
FR;1;2021-08-24;126678;319633;1604;5;337467;0;0;0;0;37942833;30259708;143009;247;33518126;49;0;0;0
FR;1;2021-08-25;121544;306421;1782;8;323621;2;0;0;0;38064377;30566129;144791;255;33841747;51;0;0;0
FR;1;2021-08-26;106640;286058;2162;10;302371;0;0;0;0;38171017;30852187;146953;265;34144118;51;0;0;0
FR;1;2021-08-27;107660;321591;2303;9;338889;1;0;0;0;38278677;31173778;149256;274;34483007;52;0;0;0
FR;1;2021-08-28;71027;220692;1102;0;231229;0;0;0;0;38349704;31394470;150358;274;34714236;52;0;0;0
FR;1;2021-08-29;24155;78196;469;1;82087;0;0;0;0;38373859;31472666;150827;275;34796323;52;0;0;0
FR;1;2021-08-30;96901;286269;4314;6;299762;4970;0;0;0;38470760;31758935;155141;281;35096085;5022;0;0;0
FR;1;2021-08-31;98130;276235;9295;15;289906;10070;2;0;0;38568890;32035170;164436;296;35385991;15092;2;0;0
FR;1;2021-09-01;112362;245295;21121;8;257687;22156;1;0;0;38681252;32280465;185557;304;35643678;37248;3;0;0
FR;1;2021-09-02;86766;197903;24535;18;208311;25514;0;0;0;38768018;32478368;210092;322;35851989;62762;3;0;0
FR;1;2021-09-03;82428;227491;26957;21;238937;28039;0;0;0;38850446;32705859;237049;343;36090926;90801;3;0;0
FR;1;2021-09-04;71630;189715;11141;11;199308;11707;7;0;0;38922076;32895574;248190;354;36290234;102508;10;0;0
FR;1;2021-09-05;18612;41145;4126;2;43852;4277;0;0;0;38940688;32936719;252316;356;36334086;106785;10;0;0
FR;1;2021-09-06;59824;151391;30181;15;158928;31207;2;0;0;39000512;33088110;282497;371;36493014;137992;12;0;0
FR;1;2021-09-07;57400;139624;30213;30;146763;31248;2;0;0;39057912;33227734;312710;401;36639777;169240;14;0;0
FR;1;2021-09-08;72352;173790;26926;22;182282;27964;4;0;0;39130264;33401524;339636;423;36822059;197204;18;0;0
FR;1;2021-09-09;54491;124417;28637;24;131183;29745;5;0;0;39184755;33525941;368273;447;36953242;226949;23;0;0
FR;1;2021-09-10;66221;152076;30452;24;161177;31693;5;0;0;39250976;33678017;398725;471;37114419;258642;28;0;0
FR;1;2021-09-11;52690;146627;9731;14;154130;10352;0;0;0;39303666;33824644;408456;485;37268549;268994;28;0;0
FR;1;2021-09-12;10797;29272;2489;1;30972;2658;2;0;0;39314463;33853916;410945;486;37299521;271652;30;0;0
FR;1;2021-09-13;51516;104417;38764;31;110968;40087;16;0;0;39365979;33958333;449709;517;37410489;311739;46;0;0
FR;1;2021-09-14;53343;95994;51284;67;102384;53265;40;0;0;39419322;34054327;500993;584;37512873;365004;86;0;0
FR;1;2021-09-15;60581;139231;50496;55;146414;47062;68;0;0;39479903;34193558;551489;639;37659287;412066;154;0;0
FR;1;2021-09-16;46642;81364;53354;70;86262;49607;63;0;0;39526545;34274922;604843;709;37745549;461673;217;0;0
FR;1;2021-09-17;53225;109333;45073;61;115672;42704;62;0;0;39579770;34384255;649916;770;37861221;504377;279;0;0
FR;1;2021-09-18;37884;118491;11796;19;124080;11277;19;0;0;39617654;34502746;661712;789;37985301;515654;298;0;0
FR;1;2021-09-19;6531;21026;2043;1;22130;1983;1;0;0;39624185;34523772;663755;790;38007431;517637;299;0;0
FR;1;2021-09-20;36544;74833;46232;65;78557;44194;32;0;0;39660729;34598605;709987;855;38085988;561831;331;0;0
FR;1;2021-09-21;34203;68103;56267;72;71136;52744;76;0;0;39694932;34666708;766254;927;38157124;614575;407;0;0
FR;1;2021-09-22;38844;118602;49883;76;123022;46932;39;0;0;39733776;34785310;816137;1003;38280146;661507;446;0;0
FR;1;2021-09-23;32039;62892;54511;85;65798;50920;77;0;0;39765815;34848202;870648;1088;38345944;712427;523;0;0
FR;1;2021-09-24;36798;90030;43675;89;94391;41956;57;0;0;39802613;34938232;914323;1177;38440335;754383;580;0;0
FR;1;2021-09-25;27652;96705;12307;27;101065;12186;19;0;0;39830265;35034937;926630;1204;38541400;766569;599;0;0
FR;1;2021-09-26;4388;15198;1777;5;16061;1700;4;0;0;39834653;35050135;928407;1209;38557461;768269;603;0;0
FR;1;2021-09-27;27355;60217;42913;89;63448;41640;81;0;1;39862008;35110352;971320;1298;38620909;809909;684;0;1
FR;1;2021-09-28;26914;49424;47202;76;52044;44491;40;0;0;39888922;35159776;1018522;1374;38672953;854400;724;0;1
FR;1;2021-09-29;35925;80266;47293;87;84655;45616;35;0;0;39924847;35240042;1065815;1461;38757608;900016;759;0;1
FR;1;2021-09-30;26076;46899;47528;80;49261;45475;52;0;0;39950923;35286941;1113343;1541;38806869;945491;811;0;1
FR;1;2021-10-01;47304;66909;44905;83;70803;44622;15;0;0;39998227;35353850;1158248;1624;38877672;990113;826;0;1
FR;1;2021-10-02;32384;62406;16113;32;67217;16325;6;0;0;40030611;35416256;1174361;1656;38944889;1006438;832;0;1
FR;1;2021-10-03;4343;8564;2042;3;9313;2039;4;0;0;40034954;35424820;1176403;1659;38954202;1008477;836;0;1
FR;1;2021-10-04;28979;44421;47113;79;46836;46981;31;0;0;40063933;35469241;1223516;1738;39001038;1055458;867;0;1
FR;1;2021-10-05;24568;41633;49892;116;43136;49344;49;0;0;40088501;35510874;1273408;1854;39044174;1104802;916;0;1
FR;1;2021-10-06;34659;61372;57507;101;64488;57257;25;0;0;40123160;35572246;1330915;1955;39108662;1162059;941;0;1
FR;1;2021-10-07;21081;39913;53052;75;41094;51996;33;0;0;40144241;35612159;1383967;2030;39149756;1214055;974;0;1
FR;1;2021-10-08;35671;59642;60411;83;62876;61168;28;0;0;40179912;35671801;1444378;2113;39212632;1275223;1002;0;1
FR;1;2021-10-09;27466;48019;25497;29;52492;26024;10;0;0;40207378;35719820;1469875;2142;39265124;1301247;1012;0;1
FR;1;2021-10-10;3726;5811;2758;7;6289;2865;1;0;0;40211104;35725631;1472633;2149;39271413;1304112;1013;0;1
FR;1;2021-10-11;24856;38207;54587;88;40295;55261;48;0;0;40235960;35763838;1527220;2237;39311708;1359373;1061;0;1
FR;1;2021-10-12;23381;36583;58076;128;37096;59229;19;0;0;40259341;35800421;1585296;2365;39348804;1418602;1080;0;1
FR;1;2021-10-13;32974;47837;64175;125;50646;65700;23;0;1;40292315;35848258;1649471;2490;39399450;1484302;1103;0;2
FR;1;2021-10-14;21713;34769;53773;103;35681;54365;24;0;0;40314028;35883027;1703244;2593;39435131;1538667;1127;0;2
FR;1;2021-10-15;32751;48762;72330;165;50460;75024;22;0;0;40346779;35931789;1775574;2758;39485591;1613691;1149;0;2
FR;1;2021-10-16;26013;35285;34872;44;38300;36428;14;0;0;40372792;35967074;1810446;2802;39523891;1650119;1163;0;2
FR;1;2021-10-17;3159;4050;3418;2;4495;3317;3;0;0;40375951;35971124;1813864;2804;39528386;1653436;1166;0;2
FR;1;2021-10-18;24351;34879;66849;132;34924;69727;28;0;0;40400302;36006003;1880713;2936;39563310;1723163;1194;0;2
FR;1;2021-10-19;20722;35572;75674;135;33230;79603;40;0;0;40421024;36041575;1956387;3071;39596540;1802766;1234;0;2
FR;1;2021-10-20;29915;44195;96187;178;43272;99876;45;0;0;40450939;36085770;2052574;3249;39639812;1902642;1279;0;2
FR;1;2021-10-21;19803;35050;83192;107;31763;87052;31;0;0;40470742;36120820;2135766;3356;39671575;1989694;1310;0;2
FR;1;2021-10-22;29756;47765;103754;196;44570;109714;58;0;0;40500498;36168585;2239520;3552;39716145;2099408;1368;0;2
FR;1;2021-10-23;23055;35138;44874;57;36133;47384;11;0;0;40523553;36203723;2284394;3609;39752278;2146792;1379;0;2
FR;1;2021-10-24;2406;3841;3584;6;4041;3717;1;0;0;40525959;36207564;2287978;3615;39756319;2150509;1380;0;2
FR;1;2021-10-25;22500;30733;82029;143;29620;85834;37;0;0;40548459;36238297;2370007;3758;39785939;2236343;1417;0;2
FR;1;2021-10-26;19367;27642;86125;162;24743;90351;31;0;0;40567826;36265939;2456132;3920;39810682;2326694;1448;0;2
FR;1;2021-10-27;26224;39620;107824;252;37314;112740;47;0;0;40594050;36305559;2563956;4172;39847996;2439434;1495;0;2
FR;1;2021-10-28;18802;27106;86966;150;23488;91727;36;0;0;40612852;36332665;2650922;4322;39871484;2531161;1531;0;2
FR;1;2021-10-29;25934;40254;114841;202;35490;121676;52;0;0;40638786;36372919;2765763;4524;39906974;2652837;1583;0;2
FR;1;2021-10-30;17714;28711;49372;74;28305;51964;18;0;0;40656500;36401630;2815135;4598;39935279;2704801;1601;0;2
FR;1;2021-10-31;2086;3172;3451;2;3216;3687;2;0;0;40658586;36404802;2818586;4600;39938495;2708488;1603;0;2
FR;1;2021-11-01;8019;4271;3036;3;4358;3293;6;0;0;40666605;36409073;2821622;4603;39942853;2711781;1609;0;2
FR;1;2021-11-02;22911;33227;92415;156;29186;97867;39;0;1;40689516;36442300;2914037;4759;39972039;2809648;1648;0;3
FR;1;2021-11-03;26636;41554;117516;219;37008;123898;57;0;0;40716152;36483854;3031553;4978;40009047;2933546;1705;0;3
FR;1;2021-11-04;19626;30299;105823;213;24189;111970;42;0;0;40735778;36514153;3137376;5191;40033236;3045516;1747;0;3
FR;1;2021-11-05;27025;42296;138796;230;34182;147481;46;0;0;40762803;36556449;3276172;5421;40067418;3192997;1793;0;3
FR;1;2021-11-06;18863;29812;63495;123;27614;66513;25;0;0;40781666;36586261;3339667;5544;40095032;3259510;1818;0;3
FR;1;2021-11-07;1834;3276;4984;6;3032;5302;5;0;0;40783500;36589537;3344651;5550;40098064;3264812;1823;0;3
FR;1;2021-11-08;17878;32244;126014;224;25389;132651;47;0;0;40801378;36621781;3470665;5774;40123453;3397463;1870;0;3
FR;1;2021-11-09;19519;37599;159324;334;26138;169131;65;0;0;40820897;36659380;3629989;6108;40149591;3566594;1935;0;3
FR;1;2021-11-10;28890;49058;181923;441;39017;192543;85;0;0;40849787;36708438;3811912;6549;40188608;3759137;2020;0;3
FR;1;2021-11-11;4191;5933;12236;26;5106;13029;14;0;0;40853978;36714371;3824148;6575;40193714;3772166;2034;0;3
FR;1;2021-11-12;26024;46830;174849;244;35305;186540;79;0;0;40880002;36761201;3998997;6819;40229019;3958706;2113;0;3
FR;1;2021-11-13;18734;29146;76847;111;25371;81795;40;0;0;40898736;36790347;4075844;6930;40254390;4040501;2153;0;3
FR;1;2021-11-14;2050;3243;6827;5;2798;7358;6;0;0;40900786;36793590;4082671;6935;40257188;4047859;2159;0;3
FR;1;2021-11-15;18789;34715;156443;306;24622;166277;59;0;0;40919575;36828305;4239114;7241;40281810;4214136;2218;0;3
FR;1;2021-11-16;21367;37829;192158;380;23338;205069;101;0;1;40940942;36866134;4431272;7621;40305148;4419205;2319;0;4
FR;1;2021-11-17;28672;45555;193251;398;33029;205073;93;0;0;40969614;36911689;4624523;8019;40338177;4624278;2412;0;4
FR;1;2021-11-18;21143;39600;182534;458;25143;194655;87;0;0;40990757;36951289;4807057;8477;40363320;4818933;2499;0;4
FR;1;2021-11-19;30892;53323;230280;532;34827;246768;135;0;0;41021649;37004612;5037337;9009;40398147;5065701;2634;0;4
FR;1;2021-11-20;23772;33216;96997;202;26735;103647;43;0;0;41045421;37037828;5134334;9211;40424882;5169348;2677;0;4
FR;1;2021-11-21;2340;3908;9128;19;2956;9936;16;0;0;41047761;37041736;5143462;9230;40427838;5179284;2693;0;4
FR;1;2021-11-22;21422;30336;175930;467;16957;189474;78;0;0;41069183;37072072;5319392;9697;40444795;5368758;2771;0;4
FR;1;2021-11-23;24031;40978;221257;540;21323;238012;77;0;0;41093214;37113050;5540649;10237;40466118;5606770;2848;0;4
FR;1;2021-11-24;30297;49656;217394;702;31978;234575;68;0;0;41123511;37162706;5758043;10939;40498096;5841345;2916;0;4
FR;1;2021-11-25;23732;44055;244507;718;22085;264206;101;0;0;41147243;37206761;6002550;11657;40520181;6105551;3017;0;4
FR;1;2021-11-26;30617;66654;356838;836;33263;388617;154;0;0;41177860;37273415;6359388;12493;40553444;6494168;3171;0;4
FR;1;2021-11-27;21961;45274;202661;372;26172;222686;112;0;0;41199821;37318689;6562049;12865;40579616;6716854;3283;0;4
FR;1;2021-11-28;3179;9554;54801;63;3472;61017;37;0;0;41203000;37328243;6616850;12928;40583088;6777871;3320;0;4
FR;1;2021-11-29;17903;49467;326421;841;20781;354561;150;0;0;41220903;37377710;6943271;13769;40603869;7132432;3470;0;4
FR;1;2021-11-30;22791;64844;431186;952;23834;470833;262;0;0;41243694;37442554;7374457;14721;40627703;7603265;3732;0;4
FR;1;2021-12-01;25356;69082;442941;1131;28474;481806;271;0;0;41269050;37511636;7817398;15852;40656177;8085071;4003;0;4
FR;1;2021-12-02;20089;64331;489446;1229;18482;532931;273;0;0;41289139;37575967;8306844;17081;40674659;8618002;4276;0;4
FR;1;2021-12-03;22912;82322;542820;1310;30322;591810;308;0;0;41312051;37658289;8849664;18391;40704981;9209812;4584;0;4
FR;1;2021-12-04;16416;53819;299129;654;23227;329002;181;0;0;41328467;37712108;9148793;19045;40728208;9538814;4765;0;4
FR;1;2021-12-05;3635;13786;81547;143;4204;91047;85;0;0;41332102;37725894;9230340;19188;40732412;9629861;4850;0;4
FR;1;2021-12-06;25847;62446;415500;1066;22087;455229;356;0;0;41357949;37788340;9645840;20254;40754499;10085090;5206;0;4
FR;1;2021-12-07;20016;75456;523047;1536;24307;572676;372;0;0;41377965;37863796;10168887;21790;40778806;10657766;5578;0;4
FR;1;2021-12-08;21718;75535;458515;1545;30672;502186;378;0;0;41399683;37939331;10627402;23335;40809478;11159952;5956;0;4
FR;1;2021-12-09;19470;73995;493029;1625;24371;541056;397;0;0;41419153;38013326;11120431;24960;40833849;11701008;6353;0;4
FR;1;2021-12-10;23328;87564;547439;1585;32473;600074;391;0;1;41442481;38100890;11667870;26545;40866322;12301082;6744;0;5
FR;1;2021-12-11;16531;59113;302761;751;25973;335495;279;0;0;41459012;38160003;11970631;27296;40892295;12636577;7023;0;5
FR;1;2021-12-12;4392;15891;83234;179;5254;94044;96;0;0;41463404;38175894;12053865;27475;40897549;12730621;7119;0;5
FR;1;2021-12-13;15758;63462;367055;1094;23970;406336;234;0;0;41479162;38239356;12420920;28569;40921519;13136957;7353;0;5
FR;1;2021-12-14;20866;80158;464851;1748;28694;515302;505;0;1;41500028;38319514;12885771;30317;40950213;13652259;7858;0;6
FR;1;2021-12-15;21622;77319;409152;1309;33042;453216;311;0;1;41521650;38396833;13294923;31626;40983255;14105475;8169;0;7
FR;1;2021-12-16;20064;77121;451947;1577;27981;500692;324;0;0;41541714;38473954;13746870;33203;41011236;14606167;8493;0;7
FR;1;2021-12-17;22625;86449;479996;1737;34705;531034;371;0;0;41564339;38560403;14226866;34940;41045941;15137201;8864;0;7
FR;1;2021-12-18;17609;54567;257648;731;24701;288519;232;0;0;41581948;38614970;14484514;35671;41070642;15425720;9096;0;7
FR;1;2021-12-19;5562;16942;79201;194;5932;90694;116;0;0;41587510;38631912;14563715;35865;41076574;15516414;9212;0;7
FR;1;2021-12-20;20951;62954;316287;1081;26550;355334;284;0;0;41608461;38694866;14880002;36946;41103124;15871748;9496;0;7
FR;1;2021-12-21;26340;72900;372796;1422;30602;418119;337;0;0;41634801;38767766;15252798;38368;41133726;16289867;9833;0;7
FR;1;2021-12-22;24987;65704;310684;1217;29625;349613;362;0;1;41659788;38833470;15563482;39585;41163351;16639480;10195;0;8
FR;1;2021-12-23;21274;52154;241513;958;23384;273056;361;0;0;41681062;38885624;15804995;40543;41186735;16912536;10556;0;8
FR;1;2021-12-24;7129;18271;67164;258;9249;77055;154;0;1;41688191;38903895;15872159;40801;41195984;16989591;10710;0;9
FR;1;2021-12-25;507;2872;5590;15;1802;6536;55;0;0;41688698;38906767;15877749;40816;41197786;16996127;10765;0;9
FR;1;2021-12-26;2750;7580;26951;71;3493;31468;100;0;0;41691448;38914347;15904700;40887;41201279;17027595;10865;0;9
FR;1;2021-12-27;18312;53488;235135;705;25485;265787;365;0;0;41709760;38967835;16139835;41592;41226764;17293382;11230;0;9
FR;1;2021-12-28;23302;61902;292054;1026;27018;330218;595;0;1;41733062;39029737;16431889;42618;41253782;17623600;11825;0;10
FR;1;2021-12-29;22217;55421;255030;920;25290;288237;645;0;1;41755279;39085158;16686919;43538;41279072;17911837;12470;0;11
FR;1;2021-12-30;21240;46436;212175;858;22458;239633;718;0;0;41776519;39131594;16899094;44396;41301530;18151470;13188;0;11
FR;1;2021-12-31;7467;16544;61878;229;8731;70407;346;0;0;41783986;39148138;16960972;44625;41310261;18221877;13534;0;11
FR;1;2022-01-01;1160;2498;5667;30;1542;6585;73;0;0;41785146;39150636;16966639;44655;41311803;18228462;13607;0;11
FR;1;2022-01-02;3087;8077;28893;50;3672;33534;190;0;0;41788233;39158713;16995532;44705;41315475;18261996;13797;0;11
FR;1;2022-01-03;26019;54192;228270;789;27556;257736;958;0;1;41814252;39212905;17223802;45494;41343031;18519732;14755;0;12
FR;1;2022-01-04;26239;65014;299299;1240;29822;337336;1367;0;2;41840491;39277919;17523101;46734;41372853;18857068;16122;0;14
FR;1;2022-01-05;30556;64267;274913;1099;32527;310297;1263;0;0;41871047;39342186;17798014;47833;41405380;19167365;17385;0;14
FR;1;2022-01-06;26848;66206;306920;1403;29286;346582;1568;0;1;41897895;39408392;18104934;49236;41434666;19513947;18953;0;15
FR;1;2022-01-07;31578;75010;349856;1538;34415;394000;1822;0;1;41929473;39483402;18454790;50774;41469081;19907947;20775;0;16
FR;1;2022-01-08;23389;51367;222504;698;25588;251127;913;0;1;41952862;39534769;18677294;51472;41494669;20159074;21688;0;17
FR;1;2022-01-09;7092;17151;66029;163;8184;76138;335;0;0;41959954;39551920;18743323;51635;41502853;20235212;22023;0;17
FR;1;2022-01-10;21801;60616;236815;957;32949;267609;1257;0;1;41981755;39612536;18980138;52592;41535802;20502821;23280;0;18
FR;1;2022-01-11;26775;63455;282321;1280;31222;317838;1836;0;1;42008530;39675991;19262459;53872;41567024;20820659;25116;0;19
FR;1;2022-01-12;28962;62512;246281;1106;35073;278070;1686;0;3;42037492;39738503;19508740;54978;41602097;21098729;26802;0;22
FR;1;2022-01-13;24784;60181;262814;1253;30056;296133;1993;0;4;42062276;39798684;19771554;56231;41632153;21394862;28795;0;26
FR;1;2022-01-14;27967;66717;314034;1366;32138;351285;2475;0;1;42090243;39865401;20085588;57597;41664291;21746147;31270;0;27
FR;1;2022-01-15;19367;44419;199323;618;22471;223862;1362;0;1;42109610;39909820;20284911;58215;41686762;21970009;32632;0;28
FR;1;2022-01-16;5162;12968;51531;135;6026;59559;337;0;0;42114772;39922788;20336442;58350;41692788;22029568;32969;0;28
FR;1;2022-01-17;16872;39698;184845;783;20137;206834;1691;0;2;42131644;39962486;20521287;59133;41712925;22236402;34660;0;30
FR;1;2022-01-18;19454;45973;212442;1154;22991;237048;2457;0;1;42151098;40008459;20733729;60287;41735916;22473450;37117;0;31
FR;1;2022-01-19;20308;43968;176126;897;25485;197193;1976;0;4;42171406;40052427;20909855;61184;41761401;22670643;39093;0;35
FR;1;2022-01-20;16842;40579;183706;1147;20812;204757;2516;0;2;42188248;40093006;21093561;62331;41782213;22875400;41609;0;37
FR;1;2022-01-21;19919;47040;228973;1405;23911;253356;3107;0;1;42208167;40140046;21322534;63736;41806124;23128756;44716;0;38
FR;1;2022-01-22;13844;33338;144499;578;18440;161386;1403;0;2;42222011;40173384;21467033;64314;41824564;23290142;46119;0;40
FR;1;2022-01-23;3377;8770;33432;132;4578;38321;352;0;1;42225388;40182154;21500465;64446;41829142;23328463;46471;0;41
FR;1;2022-01-24;11813;32983;142230;717;17799;158270;2103;0;1;42237201;40215137;21642695;65163;41846941;23486733;48574;0;42
FR;1;2022-01-25;14214;38180;163421;1049;20289;181570;3181;0;1;42251415;40253317;21806116;66212;41867230;23668303;51755;0;43
FR;1;2022-01-26;14863;37721;150260;933;22641;166379;2516;0;1;42266278;40291038;21956376;67145;41889871;23834682;54271;0;44
FR;1;2022-01-27;12340;33319;143466;896;18498;158029;3230;0;3;42278618;40324357;22099842;68041;41908369;23992711;57501;0;47
FR;1;2022-01-28;16329;56924;198324;1144;32675;222392;4006;0;3;42294947;40381281;22298166;69185;41941044;24215103;61507;0;50
FR;1;2022-01-29;10269;35475;135209;525;19612;151540;1880;0;1;42305216;40416756;22433375;69710;41960656;24366643;63387;0;51
FR;1;2022-01-30;2485;9263;29685;86;4833;34451;434;0;1;42307701;40426019;22463060;69796;41965489;24401094;63821;0;52
FR;1;2022-01-31;8758;32485;104351;533;19481;117363;2341;0;3;42316459;40458504;22567411;70329;41984970;24518457;66162;0;55
FR;1;2022-02-01;10997;36461;127087;865;20641;141225;4327;0;1;42327456;40494965;22694498;71194;42005611;24659682;70489;0;56
FR;1;2022-02-02;12056;41581;130362;782;25267;145821;3776;0;9;42339512;40536546;22824860;71976;42030878;24805503;74265;0;65
FR;1;2022-02-03;9370;34054;117025;785;19113;130339;4288;0;4;42348882;40570600;22941885;72761;42049991;24935842;78553;0;69
FR;1;2022-02-04;11535;48983;172584;967;26273;192729;5486;0;5;42360417;40619583;23114469;73728;42076264;25128571;84039;0;74
FR;1;2022-02-05;7999;33927;117590;391;18174;133030;2416;0;3;42368416;40653510;23232059;74119;42094438;25261601;86455;0;77
FR;1;2022-02-06;1706;7996;22753;85;3871;26907;443;0;0;42370122;40661506;23254812;74204;42098309;25288508;86898;0;77
FR;1;2022-02-07;7348;35400;119111;459;18176;134978;3397;0;4;42377470;40696906;23373923;74663;42116485;25423486;90295;0;81
FR;1;2022-02-08;7767;31958;125664;695;14890;140653;4301;0;5;42385237;40728864;23499587;75358;42131375;25564139;94596;0;86
FR;1;2022-02-09;8651;36520;135262;701;17918;152507;3883;0;7;42393888;40765384;23634849;76059;42149293;25716646;98479;0;93
FR;1;2022-02-10;7023;30131;116380;675;13894;130168;4444;0;1;42400911;40795515;23751229;76734;42163187;25846814;102923;0;94
FR;1;2022-02-11;8657;41556;165146;878;18365;185371;5430;0;3;42409568;40837071;23916375;77612;42181552;26032185;108353;0;97
FR;1;2022-02-12;5345;27612;106713;379;12534;120898;2396;0;2;42414913;40864683;24023088;77991;42194086;26153083;110749;0;99
FR;1;2022-02-13;1268;5720;21718;66;2187;25336;402;0;3;42416181;40870403;24044806;78057;42196273;26178419;111151;0;102
FR;1;2022-02-14;5458;27226;118092;394;10642;133120;3384;0;4;42421639;40897629;24162898;78451;42206915;26311539;114535;0;106
FR;1;2022-02-15;5792;28867;118937;611;12212;132570;4882;0;1;42427431;40926496;24281835;79062;42219127;26444109;119417;0;107
FR;1;2022-02-16;5760;28491;110424;596;13757;123054;4152;0;3;42433191;40954987;24392259;79658;42232884;26567163;123569;0;110
FR;1;2022-02-17;4613;19742;73147;489;10126;80252;3998;0;3;42437804;40974729;24465406;80147;42243010;26647415;127567;0;113
FR;1;2022-02-18;5611;26791;99205;673;14164;108165;5519;0;2;42443415;41001520;24564611;80820;42257174;26755580;133086;0;115
FR;1;2022-02-19;3551;17178;59477;304;9570;66058;2266;0;0;42446966;41018698;24624088;81124;42266744;26821638;135352;0;115
FR;1;2022-02-20;791;3257;10706;36;1650;12333;360;0;1;42447757;41021955;24634794;81160;42268394;26833971;135712;0;116
FR;1;2022-02-21;3430;14594;52831;286;7917;57677;3126;0;2;42451187;41036549;24687625;81446;42276311;26891648;138838;0;118
FR;1;2022-02-22;3799;15543;51917;500;9040;55655;4070;0;1;42454986;41052092;24739542;81946;42285351;26947303;142908;0;119
FR;1;2022-02-23;4233;17823;57481;509;10742;62582;3569;0;3;42459219;41069915;24797023;82455;42296093;27009885;146477;0;122
FR;1;2022-02-24;3344;13137;43618;436;7830;46409;3657;0;2;42462563;41083052;24840641;82891;42303923;27056294;150134;0;124
FR;1;2022-02-25;4475;19994;64924;697;12112;68796;5767;0;4;42467038;41103046;24905565;83588;42316035;27125090;155901;0;128
FR;1;2022-02-26;2695;12802;41371;310;7649;45124;2494;0;2;42469733;41115848;24946936;83898;42323684;27170214;158395;0;130
FR;1;2022-02-27;644;2190;7130;42;1206;7995;431;0;0;42470377;41118038;24954066;83940;42324890;27178209;158826;0;130
FR;1;2022-02-28;2612;10493;34964;306;6075;37390;3124;0;0;42472989;41128531;24989030;84246;42330965;27215599;161950;0;130
FR;1;2022-03-01;3581;10755;38705;391;6359;39660;4549;0;4;42476570;41139286;25027735;84637;42337324;27255259;166499;0;134
FR;1;2022-03-02;3679;12187;41867;398;7454;43937;4110;0;1;42480249;41151473;25069602;85035;42344778;27299196;170609;0;135
FR;1;2022-03-03;2462;7987;26182;328;5243;26520;3379;0;1;42482711;41159460;25095784;85363;42350021;27325716;173988;0;136
FR;1;2022-03-04;2687;10521;35453;594;6951;34951;5277;0;3;42485398;41169981;25131237;85957;42356972;27360667;179265;0;139
FR;1;2022-03-05;1822;6363;21968;280;4202;22366;2571;0;1;42487220;41176344;25153205;86237;42361174;27383033;181836;0;140
FR;1;2022-03-06;359;956;2917;38;602;3120;327;0;0;42487579;41177300;25156122;86275;42361776;27386153;182163;0;140
FR;1;2022-03-07;1811;4721;16439;245;3044;15906;2831;0;4;42489390;41182021;25172561;86520;42364820;27402059;184994;0;144
FR;1;2022-03-08;1714;5258;17170;309;3669;15998;3472;0;3;42491104;41187279;25189731;86829;42368489;27418057;188466;0;147
FR;1;2022-03-09;1988;6677;19813;370;4753;19171;3422;0;4;42493092;41193956;25209544;87199;42373242;27437228;191888;0;151
FR;1;2022-03-10;1414;5012;15295;308;3664;14333;2943;0;2;42494506;41198968;25224839;87507;42376906;27451561;194831;0;153
FR;1;2022-03-11;1760;6408;21715;487;4442;19868;4739;0;1;42496266;41205376;25246554;87994;42381348;27471429;199570;0;154
FR;1;2022-03-12;1261;4653;15366;281;3096;14915;2686;0;2;42497527;41210029;25261920;88275;42384444;27486344;202256;0;156
FR;1;2022-03-13;257;612;2120;119;412;2066;468;0;0;42497784;41210641;25264040;88394;42384856;27488410;202724;0;156
FR;1;2022-03-14;1154;3678;13405;3882;2293;12527;6342;0;8;42498938;41214319;25277445;92276;42387149;27500937;209066;0;164
FR;1;2022-03-15;1408;5739;14662;6865;4322;13259;9846;0;8;42500346;41220058;25292107;99141;42391471;27514196;218912;0;172
FR;1;2022-03-16;1694;5085;17394;11520;3595;16459;14125;0;6;42502040;41225143;25309501;110661;42395066;27530655;233037;0;178
FR;1;2022-03-17;1176;3439;11733;9648;2365;10827;11732;0;8;42503216;41228582;25321234;120309;42397431;27541482;244769;0;186
FR;1;2022-03-18;1726;4929;17975;16507;3323;16414;19721;0;14;42504942;41233511;25339209;136816;42400754;27557896;264490;0;200
FR;1;2022-03-19;1126;3300;11890;8460;2276;11359;10142;0;6;42506068;41236811;25351099;145276;42403030;27569255;274632;0;206
FR;1;2022-03-20;224;559;1725;1014;361;1759;1224;0;2;42506292;41237370;25352824;146290;42403391;27571014;275856;0;208
FR;1;2022-03-21;1087;2766;11503;13461;1787;10852;15142;0;10;42507379;41240136;25364327;159751;42405178;27581866;290998;0;218
FR;1;2022-03-22;1281;3212;12260;18715;2153;11248;20618;0;5;42508660;41243348;25376587;178466;42407331;27593114;311616;0;223
FR;1;2022-03-23;1511;4357;16031;20111;2953;15712;21882;0;34;42510171;41247705;25392618;198577;42410284;27608826;333498;0;257
FR;1;2022-03-24;1117;2754;10401;16058;1910;9663;17562;0;15;42511288;41250459;25403019;214635;42412194;27618489;351060;0;272
FR;1;2022-03-25;1536;4361;16751;25315;2879;15403;27959;0;23;42512824;41254820;25419770;239950;42415073;27633892;379019;0;295
FR;1;2022-03-26;1110;3014;10856;11450;2063;10517;12862;0;20;42513934;41257834;25430626;251400;42417136;27644409;391881;0;315
FR;1;2022-03-27;236;546;1751;1383;335;1804;1594;0;1;42514170;41258380;25432377;252783;42417471;27646213;393475;0;316
FR;1;2022-03-28;1082;2489;9979;15885;1556;9602;17228;0;10;42515252;41260869;25442356;268668;42419027;27655815;410703;0;326
FR;1;2022-03-29;1142;2747;11560;25110;1598;10924;26507;0;30;42516394;41263616;25453916;293778;42420625;27666739;437210;0;356
FR;1;2022-03-30;1631;3613;14171;24228;2386;13711;25892;0;19;42518025;41267229;25468087;318006;42423011;27680450;463102;0;375
FR;1;2022-03-31;1279;3015;11699;22686;2042;11213;24006;0;40;42519304;41270244;25479786;340692;42425053;27691663;487108;0;415
FR;1;2022-04-01;2233;4021;18488;28532;2476;17358;30804;0;53;42521537;41274265;25498274;369224;42427529;27709021;517912;0;468
FR;1;2022-04-02;910;1890;8195;9238;1106;7954;10231;0;28;42522447;41276155;25506469;378462;42428635;27716975;528143;0;496
FR;1;2022-04-03;204;381;1433;1058;219;1434;1249;0;1;42522651;41276536;25507902;379520;42428854;27718409;529392;0;497
FR;1;2022-04-04;3050;2515;11374;17681;1602;10766;18899;0;30;42525701;41279051;25519276;397201;42430456;27729175;548291;0;527
FR;1;2022-04-05;2175;2710;13002;31220;1695;12028;32600;0;68;42527876;41281761;25532278;428421;42432151;27741203;580891;0;595
FR;1;2022-04-06;1844;3006;12204;23943;1912;11640;25241;0;62;42529720;41284767;25544482;452364;42434063;27752843;606132;0;657
FR;1;2022-04-07;1624;2741;12355;31083;1641;11820;32159;0;68;42531344;41287508;25556837;483447;42435704;27764663;638291;0;725
FR;1;2022-04-08;1784;3672;17563;40638;2062;16488;42692;0;76;42533128;41291180;25574400;524085;42437766;27781151;680983;0;801
FR;1;2022-04-09;822;1997;8404;12503;1074;8104;13502;0;26;42533950;41293177;25582804;536588;42438840;27789255;694485;0;827
FR;1;2022-04-10;201;651;1836;1855;416;1882;2075;0;6;42534151;41293828;25584640;538443;42439256;27791137;696560;0;833
FR;1;2022-04-11;1092;2255;10970;22351;1304;10687;23458;0;68;42535243;41296083;25595610;560794;42440560;27801824;720018;0;901
FR;1;2022-04-12;1344;2670;12825;38131;1584;12314;38882;0;119;42536587;41298753;25608435;598925;42442144;27814138;758900;0;1020
FR;1;2022-04-13;1279;2893;12278;30617;1788;12009;31389;0;85;42537866;41301646;25620713;629542;42443932;27826147;790289;0;1105
FR;1;2022-04-14;1229;2589;12118;33629;1592;12132;34066;0;88;42539095;41304235;25632831;663171;42445524;27838279;824355;0;1193
FR;1;2022-04-15;1500;3263;14405;33264;2081;13807;34668;0;107;42540595;41307498;25647236;696435;42447605;27852086;859023;0;1300
FR;1;2022-04-16;660;1408;5845;8003;766;5776;8757;0;31;42541255;41308906;25653081;704438;42448371;27857862;867780;0;1331
FR;1;2022-04-17;156;289;930;1121;176;975;1171;0;7;42541411;41309195;25654011;705559;42448547;27858837;868951;0;1338
FR;1;2022-04-18;166;479;2636;1002;296;2659;1187;0;5;42541577;41309674;25656647;706561;42448843;27861496;870138;0;1343
FR;1;2022-04-19;1258;2609;11787;27932;1498;11517;28788;0;69;42542835;41312283;25668434;734493;42450341;27873013;898926;0;1412
FR;1;2022-04-20;1353;2670;12176;26880;1672;12027;27706;0;82;42544188;41314953;25680610;761373;42452013;27885040;926632;0;1494
FR;1;2022-04-21;1243;2459;11549;33254;1508;11761;33610;0;107;42545431;41317412;25692159;794627;42453521;27896801;960242;0;1601
FR;1;2022-04-22;1527;3085;15216;35502;1920;14794;36699;0;120;42546958;41320497;25707375;830129;42455441;27911595;996941;0;1721
FR;1;2022-04-23;765;1581;6735;9894;917;6641;10578;0;30;42547723;41322078;25714110;840023;42456358;27918236;1007519;0;1751
FR;1;2022-04-24;196;374;1373;1522;238;1328;1745;0;7;42547919;41322452;25715483;841545;42456596;27919564;1009264;0;1758
FR;1;2022-04-25;1041;2130;9856;19733;1253;9757;20555;0;64;42548960;41324582;25725339;861278;42457849;27929321;1029819;0;1822
FR;1;2022-04-26;1351;2623;12604;36592;1604;12204;37179;0;163;42550311;41327205;25737943;897870;42459453;27941525;1066998;0;1985
FR;1;2022-04-27;1330;2406;10653;29245;1464;10789;29631;0;122;42551641;41329611;25748596;927115;42460917;27952314;1096629;0;2107
FR;1;2022-04-28;1284;2410;11561;34297;1517;11403;34446;0;127;42552925;41332021;25760157;961412;42462434;27963717;1131075;0;2234
FR;1;2022-04-29;1612;4278;14403;35560;3151;13857;36848;0;153;42554537;41336299;25774560;996972;42465585;27977574;1167923;0;2387
FR;1;2022-04-30;835;3088;6446;9173;2517;6289;9974;0;35;42555372;41339387;25781006;1006145;42468102;27983863;1177897;0;2422
FR;1;2022-05-01;177;288;832;949;190;826;1078;0;5;42555549;41339675;25781838;1007094;42468292;27984689;1178975;0;2427
FR;1;2022-05-02;1953;2608;10377;16949;1764;10300;17631;0;64;42557502;41342283;25792215;1024043;42470056;27994989;1196606;0;2491
FR;1;2022-05-03;1665;2874;12710;32895;1759;12602;33694;0;149;42559167;41345157;25804925;1056938;42471815;28007591;1230300;0;2640
FR;1;2022-05-04;1374;2744;11231;23815;1689;11393;24353;0;96;42560541;41347901;25816156;1080753;42473504;28018984;1254653;0;2736
FR;1;2022-05-05;1486;2719;12199;31854;1704;12122;32402;0;170;42562027;41350620;25828355;1112607;42475208;28031106;1287055;0;2906
FR;1;2022-05-06;1821;3232;14237;34937;1909;13820;36200;0;166;42563848;41353852;25842592;1147544;42477117;28044926;1323255;0;3072
FR;1;2022-05-07;859;1472;5979;9097;878;6013;9731;0;44;42564707;41355324;25848571;1156641;42477995;28050939;1332986;0;3116
FR;1;2022-05-08;190;329;1060;1472;222;1122;1548;0;8;42564897;41355653;25849631;1158113;42478217;28052061;1334534;0;3124
FR;1;2022-05-09;1152;2015;9248;19262;1155;9162;20035;0;93;42566049;41357668;25858879;1177375;42479372;28061223;1354569;0;3217
FR;1;2022-05-10;1499;3035;12621;37145;1945;12220;38043;0;177;42567548;41360703;25871500;1214520;42481317;28073443;1392612;0;3394
FR;1;2022-05-11;1438;2472;9911;26036;1691;9858;26558;0;138;42568986;41363175;25881411;1240556;42483008;28083301;1419170;0;3532
FR;1;2022-05-12;1324;2444;10525;33631;1536;10226;34274;0;188;42570310;41365619;25891936;1274187;42484544;28093527;1453444;0;3720
FR;1;2022-05-13;1614;2805;12767;35851;1683;12414;36947;0;149;42571924;41368424;25904703;1310038;42486227;28105941;1490391;0;3869
FR;1;2022-05-14;781;1322;5480;10215;808;5364;10730;0;51;42572705;41369746;25910183;1320253;42487035;28111305;1501121;0;3920
FR;1;2022-05-15;223;420;1182;1352;244;1252;1497;0;5;42572928;41370166;25911365;1321605;42487279;28112557;1502618;0;3925
FR;1;2022-05-16;970;1783;8079;20137;1002;8143;20550;0;117;42573898;41371949;25919444;1341742;42488281;28120700;1523168;0;4042
FR;1;2022-05-17;1294;2299;11121;36186;1382;10727;36970;0;172;42575192;41374248;25930565;1377928;42489663;28131427;1560138;0;4214
FR;1;2022-05-18;1313;2134;9039;25727;1366;8990;26285;0;99;42576505;41376382;25939604;1403655;42491029;28140417;1586423;0;4313
FR;1;2022-05-19;1202;2401;9853;33996;1409;9948;34198;0;150;42577707;41378783;25949457;1437651;42492438;28150365;1620621;0;4463
FR;1;2022-05-20;1561;2755;12529;37654;1719;12110;38514;0;151;42579268;41381538;25961986;1475305;42494157;28162475;1659135;0;4614
FR;1;2022-05-21;774;1377;5247;9374;868;5165;9943;0;37;42580042;41382915;25967233;1484679;42495025;28167640;1669078;0;4651
FR;1;2022-05-22;193;292;951;1397;204;951;1519;0;10;42580235;41383207;25968184;1486076;42495229;28168591;1670597;0;4661
FR;1;2022-05-23;971;1886;8370;19410;1172;8345;20027;0;79;42581206;41385093;25976554;1505486;42496401;28176936;1690624;0;4740
FR;1;2022-05-24;1289;2449;10726;37248;1439;10595;37822;0;173;42582495;41387542;25987280;1542734;42497840;28187531;1728446;0;4913
FR;1;2022-05-25;1273;2298;8792;23693;1424;8956;24055;0;111;42583768;41389840;25996072;1566427;42499264;28196487;1752501;0;5024
FR;1;2022-05-26;174;380;1585;1155;257;1578;1289;0;24;42583942;41390220;25997657;1567582;42499521;28198065;1753790;0;5048
FR;1;2022-05-27;1117;2186;8788;20456;1371;8536;21409;0;84;42585059;41392406;26006445;1588038;42500892;28206601;1775199;0;5132
FR;1;2022-05-28;486;1054;3689;6540;622;3727;6928;0;37;42585545;41393460;26010134;1594578;42501514;28210328;1782127;0;5169
FR;1;2022-05-29;121;257;707;896;149;718;1005;0;4;42585666;41393717;26010841;1595474;42501663;28211046;1783132;0;5173
FR;1;2022-05-30;831;1738;6558;18535;1040;6590;18989;0;85;42586497;41395455;26017399;1614009;42502703;28217636;1802121;0;5258
FR;1;2022-05-31;1267;2235;9247;34370;1369;9116;34972;0;159;42587764;41397690;26026646;1648379;42504072;28226752;1837093;0;5417
FR;1;2022-06-01;1324;2598;10434;23459;1745;10296;24306;0;115;42589088;41400288;26037080;1671838;42505817;28237048;1861399;0;5532
FR;1;2022-06-02;1224;2306;10666;34152;1445;10245;34985;0;162;42590312;41402594;26047746;1705990;42507262;28247293;1896384;0;5694
FR;1;2022-06-03;1447;2739;12720;37108;1730;12140;38285;0;157;42591759;41405333;26060466;1743098;42508992;28259433;1934669;0;5851
FR;1;2022-06-04;682;1262;4749;8677;759;4825;9167;0;62;42592441;41406595;26065215;1751775;42509751;28264258;1943836;0;5913
FR;1;2022-06-05;134;292;810;1048;150;834;1153;0;3;42592575;41406887;26066025;1752823;42509901;28265092;1944989;0;5916
FR;1;2022-06-06;641;1169;2026;1251;993;2042;1426;0;9;42593216;41408056;26068051;1754074;42510894;28267134;1946415;0;5925
FR;1;2022-06-07;1219;2339;9179;34045;1434;8840;35143;0;143;42594435;41410395;26077230;1788119;42512328;28275974;1981558;0;6068
FR;1;2022-06-08;1128;2235;8673;27576;1401;8556;28446;0;107;42595563;41412630;26085903;1815695;42513729;28284530;2010004;0;6175
FR;1;2022-06-09;1072;2148;9988;37567;1281;9672;38334;0;148;42596635;41414778;26095891;1853262;42515010;28294202;2048338;0;6323
FR;1;2022-06-10;1337;2815;12405;43126;1780;11993;44358;0;201;42597972;41417593;26108296;1896388;42516790;28306195;2092696;0;6524
FR;1;2022-06-11;659;1451;5139;11084;798;5188;11613;0;50;42598631;41419044;26113435;1907472;42517588;28311383;2104309;0;6574
FR;1;2022-06-12;153;375;1017;1687;187;1075;1788;0;11;42598784;41419419;26114452;1909159;42517775;28312458;2106097;0;6585
FR;1;2022-06-13;923;1835;7015;22225;1128;6872;23066;0;84;42599707;41421254;26121467;1931384;42518903;28319330;2129163;0;6669
FR;1;2022-06-14;1097;2228;9840;42846;1307;9243;43938;0;186;42600804;41423482;26131307;1974230;42520210;28328573;2173101;0;6855
FR;1;2022-06-15;1085;2000;8786;29378;1353;8464;29935;0;168;42601889;41425482;26140093;2003608;42521563;28337037;2203036;0;7023
FR;1;2022-06-16;953;1836;9399;38507;1058;8878;39414;0;188;42602842;41427318;26149492;2042115;42522621;28345915;2242450;0;7211
FR;1;2022-06-17;1225;2560;11903;44856;1471;11364;46001;0;224;42604067;41429878;26161395;2086971;42524092;28357279;2288451;0;7435
FR;1;2022-06-18;562;1276;4319;10543;716;4258;11085;0;62;42604629;41431154;26165714;2097514;42524808;28361537;2299536;0;7497
FR;1;2022-06-19;137;325;1003;1543;173;1082;1609;0;12;42604766;41431479;26166717;2099057;42524981;28362619;2301145;0;7509
FR;1;2022-06-20;860;1702;8492;25048;1000;8156;25910;0;143;42605626;41433181;26175209;2124105;42525981;28370775;2327055;0;7652
FR;1;2022-06-21;1101;2137;9765;47757;1251;8855;49103;0;241;42606727;41435318;26184974;2171862;42527232;28379630;2376158;0;7893
FR;1;2022-06-22;1043;2067;8434;37154;1295;7953;38016;0;231;42607770;41437385;26193408;2209016;42528527;28387583;2414174;0;8124
FR;1;2022-06-23;1055;2176;10125;52807;1206;9407;53817;0;290;42608825;41439561;26203533;2261823;42529733;28396990;2467991;0;8414
FR;1;2022-06-24;1251;2716;12913;65963;1486;11697;67634;0;367;42610076;41442277;26216446;2327786;42531219;28408687;2535625;0;8781
FR;1;2022-06-25;683;1505;5928;18923;792;5709;19721;0;163;42610759;41443782;26222374;2346709;42532011;28414396;2555346;0;8944
FR;1;2022-06-26;167;405;1817;3494;190;1713;3730;0;34;42610926;41444187;26224191;2350203;42532201;28416109;2559076;0;8978
FR;1;2022-06-27;941;1772;9903;45977;940;9128;47112;0;300;42611867;41445959;26234094;2396180;42533141;28425237;2606188;0;9278
FR;1;2022-06-28;1213;2572;13839;86559;1378;12403;88245;0;569;42613080;41448531;26247933;2482739;42534519;28437640;2694433;0;9847
FR;1;2022-06-29;1242;2289;11480;67397;1252;10547;68443;0;487;42614322;41450820;26259413;2550136;42535771;28448187;2762876;0;10334
FR;1;2022-06-30;1287;2472;13516;89966;1419;11825;91764;0;645;42615609;41453292;26272929;2640102;42537190;28460012;2854640;0;10979
FR;1;2022-07-01;1650;3475;20310;109191;1988;17970;111582;0;859;42617259;41456767;26293239;2749293;42539178;28477982;2966222;0;11838
FR;1;2022-07-02;768;1524;8021;33773;747;7251;34799;0;315;42618027;41458291;26301260;2783066;42539925;28485233;3001021;0;12153
FR;1;2022-07-03;228;480;1941;6118;255;1757;6444;0;71;42618255;41458771;26303201;2789184;42540180;28486990;3007465;0;12224
FR;1;2022-07-04;1444;3099;13927;75410;1979;12357;77296;0;589;42619699;41461870;26317128;2864594;42542159;28499347;3084761;0;12813
FR;1;2022-07-05;1440;2846;17688;126358;1499;15144;128473;0;1059;42621139;41464716;26334816;2990952;42543658;28514491;3213234;0;13872
FR;1;2022-07-06;1354;2396;14880;93725;1376;12901;95160;0;815;42622493;41467112;26349696;3084677;42545034;28527392;3308394;0;14687
FR;1;2022-07-07;1437;2537;16928;119487;1407;13998;121582;0;1073;42623930;41469649;26366624;3204164;42546441;28541390;3429976;0;15760
FR;1;2022-07-08;1530;2821;19607;129996;1534;15969;132803;0;1220;42625460;41472470;26386231;3334160;42547975;28557359;3562779;0;16980
FR;1;2022-07-09;662;1276;7306;36017;693;6347;36807;0;392;42626122;41473746;26393537;3370177;42548668;28563706;3599586;0;17372
FR;1;2022-07-10;240;588;2240;6689;343;2032;7068;0;89;42626362;41474334;26395777;3376866;42549011;28565738;3606654;0;17461
FR;1;2022-07-11;1221;2231;14316;84442;1166;11934;86556;0;734;42627583;41476565;26410093;3461308;42550177;28577672;3693210;0;18195
FR;1;2022-07-12;1573;2797;19462;137416;1434;15899;139906;0;1485;42629156;41479362;26429555;3598724;42551611;28593571;3833116;0;19680
FR;1;2022-07-13;1436;2435;14788;89833;1314;12639;91519;0;1002;42630592;41481797;26444343;3688557;42552925;28606210;3924635;0;20682
FR;1;2022-07-14;161;350;1861;5288;195;1770;5435;0;74;42630753;41482147;26446204;3693845;42553120;28607980;3930070;0;20756
FR;1;2022-07-15;1264;2306;14361;80590;1188;12004;82594;0;960;42632017;41484453;26460565;3774435;42554308;28619984;4012664;0;21716
FR;1;2022-07-16;508;1057;5639;23945;549;4893;24585;0;302;42632525;41485510;26466204;3798380;42554857;28624877;4037249;0;22018
FR;1;2022-07-17;162;365;1655;4463;190;1499;4726;0;60;42632687;41485875;26467859;3802843;42555047;28626376;4041975;0;22078
FR;1;2022-07-18;973;2032;11297;59273;1141;9568;60996;0;715;42633660;41487907;26479156;3862116;42556188;28635944;4102971;0;22793
FR;1;2022-07-19;1227;2126;14690;99420;1188;11723;101415;0;1386;42634887;41490033;26493846;3961536;42557376;28647667;4204386;0;24179
FR;1;2022-07-20;1181;2002;12371;74366;1170;10281;75853;0;964;42636068;41492035;26506217;4035902;42558546;28657948;4280239;0;25143
FR;1;2022-07-21;1133;1951;12414;84540;1185;9991;85903;0;1211;42637201;41493986;26518631;4120442;42559731;28667939;4366142;0;26354
FR;1;2022-07-22;1262;2224;14096;85937;1241;11426;87673;0;1263;42638463;41496210;26532727;4206379;42560972;28679365;4453815;0;27617
FR;1;2022-07-23;546;1091;5233;21295;632;4608;21838;0;374;42639009;41497301;26537960;4227674;42561604;28683973;4475653;0;27991
FR;1;2022-07-24;148;305;1325;3699;150;1167;3923;0;65;42639157;41497606;26539285;4231373;42561754;28685140;4479576;0;28056
FR;1;2022-07-25;889;1628;9073;46111;979;7521;47487;0;680;42640046;41499234;26548358;4277484;42562733;28692661;4527063;0;28736
FR;1;2022-07-26;1130;1960;12678;81962;1115;10334;83575;0;1198;42641176;41501194;26561036;4359446;42563848;28702995;4610638;0;29934
FR;1;2022-07-27;1016;1726;9759;58519;1040;8139;59700;0;874;42642192;41502920;26570795;4417965;42564888;28711134;4670338;0;30808
FR;1;2022-07-28;980;1703;9852;61899;1109;7846;63127;0;967;42643172;41504623;26580647;4479864;42565997;28718980;4733465;0;31775
FR;1;2022-07-29;1111;1837;10456;62984;1162;8381;64298;0;1066;42644283;41506460;26591103;4542848;42567159;28727361;4797763;0;32841
FR;1;2022-07-30;392;717;3349;14491;433;2849;14851;0;279;42644675;41507177;26594452;4557339;42567592;28730210;4812614;0;33120
FR;1;2022-07-31;140;263;900;2335;158;766;2477;0;47;42644815;41507440;26595352;4559674;42567750;28730976;4815091;0;33167
FR;1;2022-08-01;754;1397;7255;28963;1013;6116;29955;0;519;42645569;41508837;26602607;4588637;42568763;28737092;4845046;0;33686
FR;1;2022-08-02;902;1479;8232;54030;993;6626;54681;0;1090;42646471;41510316;26610839;4642667;42569756;28743718;4899727;0;34776
FR;1;2022-08-03;727;1104;6150;37042;748;4934;37771;0;644;42647198;41511420;26616989;4679709;42570504;28748652;4937498;0;35420
FR;1;2022-08-04;645;1076;6256;41446;693;5049;42001;0;850;42647843;41512496;26623245;4721155;42571197;28753701;4979499;0;36270
FR;1;2022-08-05;742;1196;6761;43067;806;5430;43697;0;933;42648585;41513692;26630006;4764222;42572003;28759131;5023196;0;37203
FR;1;2022-08-06;274;461;1991;8998;301;1672;9190;0;218;42648859;41514153;26631997;4773220;42572304;28760803;5032386;0;37421
FR;1;2022-08-07;89;145;520;1552;101;436;1629;0;35;42648948;41514298;26632517;4774772;42572405;28761239;5034015;0;37456
FR;1;2022-08-08;503;975;3800;21217;729;3133;21624;0;457;42649451;41515273;26636317;4795989;42573134;28764372;5055639;0;37913
FR;1;2022-08-09;613;1039;5682;38471;729;4557;38965;0;794;42650064;41516312;26641999;4834460;42573863;28768929;5094604;0;38707
FR;1;2022-08-10;540;1051;4434;26912;752;3634;27226;0;601;42650604;41517363;26646433;4861372;42574615;28772563;5121830;0;39308
FR;1;2022-08-11;542;916;4306;28205;627;3580;28533;0;634;42651146;41518279;26650739;4889577;42575242;28776143;5150363;0;39942
FR;1;2022-08-12;608;1029;4548;27164;703;3756;27575;0;668;42651754;41519308;26655287;4916741;42575945;28779899;5177938;0;40610
FR;1;2022-08-13;187;363;1248;5108;256;1065;5279;0;116;42651941;41519671;26656535;4921849;42576201;28780964;5183217;0;40726
FR;1;2022-08-14;65;115;276;871;96;235;941;0;24;42652006;41519786;26656811;4922720;42576297;28781199;5184158;0;40750
FR;1;2022-08-15;83;174;571;542;143;532;593;0;16;42652089;41519960;26657382;4923262;42576440;28781731;5184751;0;40766
FR;1;2022-08-16;529;939;3787;21486;697;3217;21686;0;582;42652618;41520899;26661169;4944748;42577137;28784948;5206437;0;41348
FR;1;2022-08-17;534;900;3766;22148;668;3193;22389;0;579;42653152;41521799;26664935;4966896;42577805;28788141;5228826;0;41927
FR;1;2022-08-18;544;880;3927;25435;680;3129;25654;0;630;42653696;41522679;26668862;4992331;42578485;28791270;5254480;0;42557
FR;1;2022-08-19;535;1042;4369;26542;742;3601;26850;0;732;42654231;41523721;26673231;5018873;42579227;28794871;5281330;0;43289
FR;1;2022-08-20;234;413;1289;5371;313;1106;5524;0;138;42654465;41524134;26674520;5024244;42579540;28795977;5286854;0;43427
FR;1;2022-08-21;83;110;283;989;75;249;1012;0;27;42654548;41524244;26674803;5025233;42579615;28796226;5287866;0;43454
FR;1;2022-08-22;488;888;3141;14953;660;2712;15229;0;411;42655036;41525132;26677944;5040186;42580275;28798938;5303095;0;43865
FR;1;2022-08-23;640;1060;4153;28317;745;3486;28396;0;830;42655676;41526192;26682097;5068503;42581020;28802424;5331491;0;44695
FR;1;2022-08-24;557;829;3401;19060;650;2770;19245;0;587;42656233;41527021;26685498;5087563;42581670;28805194;5350736;0;45282
FR;1;2022-08-25;563;924;3825;22919;644;3208;23148;0;655;42656796;41527945;26689323;5110482;42582314;28808402;5373884;0;45937
FR;1;2022-08-26;748;1128;4345;25155;803;3561;25531;0;745;42657544;41529073;26693668;5135637;42583117;28811963;5399415;0;46682
FR;1;2022-08-27;219;431;1323;5302;275;1191;5356;0;192;42657763;41529504;26694991;5140939;42583392;28813154;5404771;0;46874
FR;1;2022-08-28;111;145;298;898;104;280;947;0;33;42657874;41529649;26695289;5141837;42583496;28813434;5405718;0;46907
FR;1;2022-08-29;503;856;2976;14248;632;2515;14558;0;409;42658377;41530505;26698265;5156085;42584128;28815949;5420276;0;47316
FR;1;2022-08-30;739;1098;4622;27711;776;3772;28032;0;793;42659116;41531603;26702887;5183796;42584904;28819721;5448308;0;48109
FR;1;2022-08-31;585;831;3109;17232;609;2619;17494;0;483;42659701;41532434;26705996;5201028;42585513;28822340;5465802;0;48592
FR;1;2022-09-01;675;918;4326;21873;645;3685;22135;0;586;42660376;41533352;26710322;5222901;42586158;28826025;5487937;0;49178
FR;1;2022-09-02;775;1046;4880;27863;741;4076;28150;0;882;42661151;41534398;26715202;5250764;42586899;28830101;5516087;0;50060
FR;1;2022-09-03;318;505;1831;5874;344;1592;6103;0;174;42661469;41534903;26717033;5256638;42587243;28831693;5522190;0;50234
FR;1;2022-09-04;107;137;341;842;74;334;912;0;21;42661576;41535040;26717374;5257480;42587317;28832027;5523102;0;50255
FR;1;2022-09-05;587;693;3031;15687;515;2537;15970;0;499;42662163;41535733;26720405;5273167;42587832;28834564;5539072;0;50754
FR;1;2022-09-06;726;934;4566;31059;582;3705;31280;0;1002;42662889;41536667;26724971;5304226;42588414;28838269;5570352;0;51756
FR;1;2022-09-07;541;688;2919;16442;448;2422;16579;0;550;42663430;41537355;26727890;5320668;42588862;28840691;5586931;0;52306
FR;1;2022-09-08;570;786;3697;24203;529;3038;24282;0;796;42664000;41538141;26731587;5344871;42589391;28843729;5611213;0;53102
FR;1;2022-09-09;771;969;4303;26882;609;3591;27065;0;902;42664771;41539110;26735890;5371753;42590000;28847320;5638278;0;54004
FR;1;2022-09-10;330;470;1674;5587;299;1476;5777;0;204;42665101;41539580;26737564;5377340;42590299;28848796;5644055;0;54208
FR;1;2022-09-11;105;120;311;645;82;292;701;0;17;42665206;41539700;26737875;5377985;42590381;28849088;5644756;0;54225
FR;1;2022-09-12;450;591;2610;12948;412;2227;13228;0;462;42665656;41540291;26740485;5390933;42590793;28851315;5657984;0;54687
FR;1;2022-09-13;581;805;3867;25834;513;3380;25709;0;835;42666237;41541096;26744352;5416767;42591306;28854695;5683693;0;55522
FR;1;2022-09-14;570;696;2869;15694;480;2399;15930;0;537;42666807;41541792;26747221;5432461;42591786;28857094;5699623;0;56059
FR;1;2022-09-15;511;717;3336;23084;488;2843;23147;0;677;42667318;41542509;26750557;5455545;42592274;28859937;5722770;0;56736
FR;1;2022-09-16;719;932;4012;25331;615;3382;25533;0;891;42668037;41543441;26754569;5480876;42592889;28863319;5748303;0;57627
FR;1;2022-09-17;294;417;1393;5978;288;1218;6086;0;227;42668331;41543858;26755962;5486854;42593177;28864537;5754389;0;57854
FR;1;2022-09-18;99;123;310;923;100;278;979;0;33;42668430;41543981;26756272;5487777;42593277;28864815;5755368;0;57887
FR;1;2022-09-19;367;571;2134;12846;372;1830;12999;0;414;42668797;41544552;26758406;5500623;42593649;28866645;5768367;0;58301
FR;1;2022-09-20;557;804;3658;25829;550;3058;25867;0;853;42669354;41545356;26762064;5526452;42594199;28869703;5794234;0;59154
FR;1;2022-09-21;470;680;2625;15861;480;2253;15826;0;561;42669824;41546036;26764689;5542313;42594679;28871956;5810060;0;59715
FR;1;2022-09-22;536;762;3291;22948;502;2689;23138;0;742;42670360;41546798;26767980;5565261;42595181;28874645;5833198;0;60457
FR;1;2022-09-23;761;940;4350;28134;670;3631;28302;0;979;42671121;41547738;26772330;5593395;42595851;28878276;5861500;0;61436
FR;1;2022-09-24;352;534;1584;6694;375;1368;6866;0;300;42671473;41548272;26773914;5600089;42596226;28879644;5868366;0;61736
FR;1;2022-09-25;80;152;321;1071;105;293;1109;0;32;42671553;41548424;26774235;5601160;42596331;28879937;5869475;0;61768
FR;1;2022-09-26;382;644;2181;13060;422;1933;13154;0;412;42671935;41549068;26776416;5614220;42596753;28881870;5882629;0;62180
FR;1;2022-09-27;540;764;3458;25022;539;2793;25220;0;906;42672475;41549832;26779874;5639242;42597292;28884663;5907849;0;63086
FR;1;2022-09-28;518;713;2445;14964;499;2213;15054;0;597;42672993;41550545;26782319;5654206;42597791;28886876;5922903;0;63683
FR;1;2022-09-29;504;691;2983;20345;482;2508;20358;0;767;42673497;41551236;26785302;5674551;42598273;28889384;5943261;0;64450
FR;1;2022-09-30;680;970;3773;24422;670;3158;24669;0;969;42674177;41552206;26789075;5698973;42598943;28892542;5967930;0;65419
FR;1;2022-10-01;347;546;1902;5501;381;1658;5729;0;273;42674524;41552752;26790977;5704474;42599324;28894200;5973659;0;65692
FR;1;2022-10-02;53;119;204;567;81;204;588;0;29;42674577;41552871;26791181;5705041;42599405;28894404;5974247;0;65721
FR;1;2022-10-03;418;685;2202;10011;528;1946;10195;0;489;42674995;41553556;26793383;5715052;42599933;28896350;5984442;0;66210
FR;1;2022-10-04;547;699;2923;18922;465;2473;19010;0;1084;42675542;41554255;26796306;5733974;42600398;28898823;6003452;0;67294
FR;1;2022-10-05;429;684;2087;11106;455;1860;11239;0;723;42675971;41554939;26798393;5745080;42600853;28900683;6014691;0;68017
FR;1;2022-10-06;442;608;2493;15772;431;2058;15955;0;1060;42676413;41555547;26800886;5760852;42601284;28902741;6030646;0;69077
FR;1;2022-10-07;550;739;2693;16058;539;2309;16082;0;1160;42676963;41556286;26803579;5776910;42601823;28905050;6046728;0;70237
FR;1;2022-10-08;235;307;887;3170;238;775;3275;0;291;42677198;41556593;26804466;5780080;42602061;28905825;6050003;0;70528
FR;1;2022-10-09;76;87;150;461;77;134;487;0;50;42677274;41556680;26804616;5780541;42602138;28905959;6050490;0;70578
FR;1;2022-10-10;298;457;1316;4996;364;1234;5091;0;463;42677572;41557137;26805932;5785537;42602502;28907193;6055581;0;71041
FR;1;2022-10-11;317;437;1310;8084;325;1190;8185;0;757;42677889;41557574;26807242;5793621;42602827;28908383;6063766;0;71798
FR;1;2022-10-12;326;440;1062;5181;332;1057;5196;0;520;42678215;41558014;26808304;5798802;42603159;28909440;6068962;0;72318
FR;1;2022-10-13;324;400;1067;6074;311;922;6124;0;627;42678539;41558414;26809371;5804876;42603470;28910362;6075086;0;72945
FR;1;2022-10-14;408;531;1170;6709;447;1043;6778;0;675;42678947;41558945;26810541;5811585;42603917;28911405;6081864;0;73620
FR;1;2022-10-15;204;267;522;1860;220;504;1868;0;226;42679151;41559212;26811063;5813445;42604137;28911909;6083732;0;73846
FR;1;2022-10-16;47;62;111;293;44;118;312;0;48;42679198;41559274;26811174;5813738;42604181;28912027;6084044;0;73894
FR;1;2022-10-17;235;321;733;2652;255;688;2696;0;366;42679433;41559595;26811907;5816390;42604436;28912715;6086740;0;74260
FR;1;2022-10-18;262;315;952;4588;250;831;4689;0;865;42679695;41559910;26812859;5820978;42604686;28913546;6091429;0;75125
FR;1;2022-10-19;275;361;690;3181;294;661;3160;0;502;42679970;41560271;26813549;5824159;42604980;28914207;6094589;0;75627
FR;1;2022-10-20;278;321;891;4363;268;779;4401;0;771;42680248;41560592;26814440;5828522;42605248;28914986;6098990;0;76398
FR;1;2022-10-21;300;404;845;3802;357;739;3874;0;675;42680548;41560996;26815285;5832324;42605605;28915725;6102864;0;77073
FR;1;2022-10-22;135;174;306;1251;152;300;1216;0;210;42680683;41561170;26815591;5833575;42605757;28916025;6104080;0;77283
FR;1;2022-10-23;31;42;64;197;40;58;213;0;25;42680714;41561212;26815655;5833772;42605797;28916083;6104293;0;77308
FR;1;2022-10-24;272;231;476;1599;202;472;1655;0;306;42680986;41561443;26816131;5835371;42605999;28916555;6105948;0;77614
FR;1;2022-10-25;218;254;524;2650;222;445;2705;0;488;42681204;41561697;26816655;5838021;42606221;28917000;6108653;0;78102
FR;1;2022-10-26;232;244;389;1956;230;366;1962;0;435;42681436;41561941;26817044;5839977;42606451;28917366;6110615;0;78537
FR;1;2022-10-27;258;224;489;2167;196;507;2151;0;518;42681694;41562165;26817533;5842144;42606647;28917873;6112766;0;79055
FR;1;2022-10-28;308;316;531;2334;297;468;2401;0;478;42682002;41562481;26818064;5844478;42606944;28918341;6115167;0;79533
FR;1;2022-10-29;99;149;176;712;117;210;703;0;202;42682101;41562630;26818240;5845190;42607061;28918551;6115870;0;79735
FR;1;2022-10-30;38;41;62;183;33;56;189;0;38;42682139;41562671;26818302;5845373;42607094;28918607;6116059;0;79773
FR;1;2022-10-31;136;181;294;796;160;271;863;0;143;42682275;41562852;26818596;5846169;42607254;28918878;6116922;0;79916
FR;1;2022-11-01;41;116;760;115;100;758;135;0;18;42682316;41562968;26819356;5846284;42607354;28919636;6117057;0;79934
FR;1;2022-11-02;257;225;524;979;220;492;1042;0;355;42682573;41563193;26819880;5847263;42607574;28920128;6118099;0;80289
FR;1;2022-11-03;265;226;438;1376;212;398;1415;0;370;42682838;41563419;26820318;5848639;42607786;28920526;6119514;0;80659
FR;1;2022-11-04;230;257;421;1597;236;400;1635;0;438;42683068;41563676;26820739;5850236;42608022;28920926;6121149;0;81097
FR;1;2022-11-05;97;118;272;501;107;254;523;0;111;42683165;41563794;26821011;5850737;42608129;28921180;6121672;0;81208
FR;1;2022-11-06;36;42;32;131;41;35;129;0;33;42683201;41563836;26821043;5850868;42608170;28921215;6121801;0;81241
FR;1;2022-11-07;182;202;290;891;190;281;937;0;211;42683383;41564038;26821333;5851759;42608360;28921496;6122738;0;81452
FR;1;2022-11-08;196;233;457;1677;221;403;1705;0;519;42683579;41564271;26821790;5853436;42608581;28921899;6124443;0;81971
FR;1;2022-11-09;181;208;333;1102;195;299;1139;0;458;42683760;41564479;26822123;5854538;42608776;28922198;6125582;0;82429
FR;1;2022-11-10;207;268;427;1678;257;436;1665;0;580;42683967;41564747;26822550;5856216;42609033;28922634;6127247;0;83009
FR;1;2022-11-11;27;33;102;100;32;88;114;0;44;42683994;41564780;26822652;5856316;42609065;28922722;6127361;0;83053
FR;1;2022-11-12;87;118;255;375;104;254;390;0;101;42684081;41564898;26822907;5856691;42609169;28922976;6127751;0;83154
FR;1;2022-11-13;19;31;28;64;28;31;66;0;26;42684100;41564929;26822935;5856755;42609197;28923007;6127817;0;83180
FR;1;2022-11-14;169;175;257;765;163;261;835;0;234;42684269;41565104;26823192;5857520;42609360;28923268;6128652;0;83414
FR;1;2022-11-15;206;232;378;1293;231;353;1334;0;434;42684475;41565336;26823570;5858813;42609591;28923621;6129986;0;83848
FR;1;2022-11-16;183;219;325;981;214;338;1016;0;359;42684658;41565555;26823895;5859794;42609805;28923959;6131002;0;84207
FR;1;2022-11-17;163;181;285;1204;175;261;1208;0;386;42684821;41565736;26824180;5860998;42609980;28924220;6132210;0;84593
FR;1;2022-11-18;224;251;391;1313;245;380;1346;0;411;42685045;41565987;26824571;5862311;42610225;28924600;6133556;0;85004
FR;1;2022-11-19;120;101;244;436;99;209;469;0;99;42685165;41566088;26824815;5862747;42610324;28924809;6134025;0;85103
FR;1;2022-11-20;27;37;29;66;32;31;74;0;28;42685192;41566125;26824844;5862813;42610356;28924840;6134099;0;85131
FR;1;2022-11-21;174;165;265;638;140;281;674;0;211;42685366;41566290;26825109;5863451;42610496;28925121;6134773;0;85342
FR;1;2022-11-22;153;146;408;1153;129;391;1176;0;405;42685519;41566436;26825517;5864604;42610625;28925512;6135949;0;85747
FR;1;2022-11-23;177;169;238;758;151;239;780;0;241;42685696;41566605;26825755;5865362;42610776;28925751;6136729;0;85988
FR;1;2022-11-24;130;160;280;1178;140;281;1181;0;424;42685826;41566765;26826035;5866540;42610916;28926032;6137910;0;86412
FR;1;2022-11-25;199;231;422;1153;216;411;1185;0;392;42686025;41566996;26826457;5867693;42611132;28926443;6139095;0;86804
FR;1;2022-11-26;90;104;113;318;92;124;306;0;117;42686115;41567100;26826570;5868011;42611224;28926567;6139401;0;86921
FR;1;2022-11-27;14;31;19;71;18;31;77;0;49;42686129;41567131;26826589;5868082;42611242;28926598;6139478;0;86970
FR;1;2022-11-28;203;135;207;662;143;202;705;0;331;42686332;41567266;26826796;5868744;42611385;28926800;6140183;0;87301
FR;1;2022-11-29;168;139;266;1102;123;248;1115;0;456;42686500;41567405;26827062;5869846;42611508;28927048;6141298;0;87757
FR;1;2022-11-30;159;188;228;929;175;230;953;0;318;42686659;41567593;26827290;5870775;42611683;28927278;6142251;0;88075
FR;1;2022-12-01;147;134;674;1082;126;636;1123;0;361;42686806;41567727;26827964;5871857;42611809;28927914;6143374;0;88436
FR;1;2022-12-02;193;186;503;1180;182;499;1227;0;468;42686999;41567913;26828467;5873037;42611991;28928413;6144601;0;88904
FR;1;2022-12-03;101;105;253;530;93;231;527;0;177;42687100;41568018;26828720;5873567;42612084;28928644;6145128;0;89081
FR;1;2022-12-04;24;26;19;138;23;20;129;0;58;42687124;41568044;26828739;5873705;42612107;28928664;6145257;0;89139
FR;1;2022-12-05;132;119;276;859;114;271;890;0;313;42687256;41568163;26829015;5874564;42612221;28928935;6146147;0;89452
FR;1;2022-12-06;144;136;262;1442;123;265;1448;0;739;42687400;41568299;26829277;5876006;42612344;28929200;6147595;0;90191
FR;1;2022-12-07;143;138;236;1183;149;214;1200;0;572;42687543;41568437;26829513;5877189;42612493;28929414;6148795;0;90763
FR;1;2022-12-08;125;133;290;1734;125;244;1779;0;764;42687668;41568570;26829803;5878923;42612618;28929658;6150574;0;91527
FR;1;2022-12-09;195;190;330;1808;162;338;1829;0;720;42687863;41568760;26830133;5880731;42612780;28929996;6152403;0;92247
FR;1;2022-12-10;108;98;290;850;86;271;871;0;292;42687971;41568858;26830423;5881581;42612866;28930267;6153274;0;92539
FR;1;2022-12-11;31;30;31;218;27;29;200;0;62;42688002;41568888;26830454;5881799;42612893;28930296;6153474;0;92601
FR;1;2022-12-12;118;89;268;1098;88;254;1110;0;457;42688120;41568977;26830722;5882897;42612981;28930550;6154584;0;93058
FR;1;2022-12-13;114;117;281;1293;91;258;1305;0;615;42688234;41569094;26831003;5884190;42613072;28930808;6155889;0;93673
FR;1;2022-12-14;100;131;237;861;127;217;883;0;368;42688334;41569225;26831240;5885051;42613199;28931025;6156772;0;94041
FR;1;2022-12-15;127;133;416;1477;119;388;1495;0;686;42688461;41569358;26831656;5886528;42613318;28931413;6158267;0;94727
FR;1;2022-12-16;201;202;531;1313;205;517;1337;0;619;42688662;41569560;26832187;5887841;42613523;28931930;6159604;0;95346
FR;1;2022-12-17;87;81;186;463;71;182;469;0;203;42688749;41569641;26832373;5888304;42613594;28932112;6160073;0;95549
FR;1;2022-12-18;16;20;22;101;17;24;98;0;37;42688765;41569661;26832395;5888405;42613611;28932136;6160171;0;95586
FR;1;2022-12-19;146;124;237;782;127;210;823;0;358;42688911;41569785;26832632;5889187;42613738;28932346;6160994;0;95944
FR;1;2022-12-20;135;147;293;887;135;286;894;0;411;42689046;41569932;26832925;5890074;42613873;28932632;6161888;0;96355
FR;1;2022-12-21;131;102;183;617;110;150;626;0;353;42689177;41570034;26833108;5890691;42613983;28932782;6162514;0;96708
FR;1;2022-12-22;139;97;141;529;104;125;524;0;297;42689316;41570131;26833249;5891220;42614087;28932907;6163038;0;97005
FR;1;2022-12-23;124;130;350;397;113;348;392;0;174;42689440;41570261;26833599;5891617;42614200;28933255;6163430;0;97179
FR;1;2022-12-24;28;22;31;52;25;30;58;0;20;42689468;41570283;26833630;5891669;42614225;28933285;6163488;0;97199
FR;1;2022-12-25;3;7;12;11;7;9;11;0;11;42689471;41570290;26833642;5891680;42614232;28933294;6163499;0;97210
FR;1;2022-12-26;89;85;237;246;85;240;252;0;93;42689560;41570375;26833879;5891926;42614317;28933534;6163751;0;97303
FR;1;2022-12-27;106;146;203;375;139;206;391;0;178;42689666;41570521;26834082;5892301;42614456;28933740;6164142;0;97481
FR;1;2022-12-28;98;120;97;255;108;107;259;0;122;42689764;41570641;26834179;5892556;42614564;28933847;6164401;0;97603
FR;1;2022-12-29;101;93;104;271;88;103;292;0;113;42689865;41570734;26834283;5892827;42614652;28933950;6164693;0;97716
FR;1;2022-12-30;121;119;71;252;107;79;259;0;140;42689986;41570853;26834354;5893079;42614759;28934029;6164952;0;97856
FR;1;2022-12-31;36;33;19;72;38;16;73;0;20;42690022;41570886;26834373;5893151;42614797;28934045;6165025;0;97876
FR;1;2023-01-01;4;9;50;20;9;47;24;0;10;42690026;41570895;26834423;5893171;42614806;28934092;6165049;0;97886
FR;1;2023-01-02;64;58;84;114;65;77;119;0;55;42690090;41570953;26834507;5893285;42614871;28934169;6165168;0;97941
FR;1;2023-01-03;137;70;111;165;69;112;172;0;116;42690227;41571023;26834618;5893450;42614940;28934281;6165340;0;98057
FR;1;2023-01-04;74;59;55;173;65;52;181;0;176;42690301;41571082;26834673;5893623;42615005;28934333;6165521;0;98233
FR;1;2023-01-05;136;86;78;313;99;76;313;0;191;42690437;41571168;26834751;5893936;42615104;28934409;6165834;0;98424
FR;1;2023-01-06;184;124;85;299;128;75;317;0;217;42690621;41571292;26834836;5894235;42615232;28934484;6166151;0;98641
FR;1;2023-01-07;99;79;56;127;83;43;138;0;80;42690720;41571371;26834892;5894362;42615315;28934527;6166289;0;98721
FR;1;2023-01-08;21;14;19;53;11;15;58;0;22;42690741;41571385;26834911;5894415;42615326;28934542;6166347;0;98743
FR;1;2023-01-09;131;111;61;115;108;68;128;0;101;42690872;41571496;26834972;5894530;42615434;28934610;6166475;0;98844
FR;1;2023-01-10;102;80;45;199;82;53;192;0;124;42690974;41571576;26835017;5894729;42615516;28934663;6166667;0;98968
FR;1;2023-01-11;84;76;47;155;80;46;166;0;83;42691058;41571652;26835064;5894884;42615596;28934709;6166833;0;99051
FR;2;2020-12-27;0;0;0;0;0;0;0;0;0;0;0;0;0;0;0;0;0;0
FR;2;2020-12-28;0;0;0;0;0;0;0;0;0;0;0;0;0;0;0;0;0;0
FR;2;2020-12-29;0;0;0;0;0;0;0;0;0;0;0;0;0;0;0;0;0;0
FR;2;2020-12-30;0;0;0;0;0;0;0;0;0;0;0;0;0;0;0;0;0;0
FR;2;2020-12-31;0;0;0;0;0;0;0;0;0;0;0;0;0;0;0;0;0;0
FR;2;2021-01-01;0;0;0;0;0;0;0;0;0;0;0;0;0;0;0;0;0;0
FR;2;2021-01-02;0;0;0;0;0;0;0;0;0;0;0;0;0;0;0;0;0;0
FR;2;2021-01-03;0;0;0;0;0;0;0;0;0;0;0;0;0;0;0;0;0;0
FR;2;2021-01-04;0;0;0;0;0;0;0;0;0;0;0;0;0;0;0;0;0;0
FR;2;2021-01-05;0;0;0;0;0;0;0;0;0;0;0;0;0;0;0;0;0;0
FR;2;2021-01-06;0;0;0;0;0;0;0;0;0;0;0;0;0;0;0;0;0;0
FR;2;2021-01-07;0;0;0;0;0;0;0;0;0;0;0;0;0;0;0;0;0;0
FR;2;2021-01-08;0;0;0;0;0;0;0;0;0;0;0;0;0;0;0;0;0;0
FR;2;2021-01-09;0;0;0;0;0;0;0;0;0;0;0;0;0;0;0;0;0;0
FR;2;2021-01-10;0;0;0;0;0;0;0;0;0;0;0;0;0;0;0;0;0;0
FR;2;2021-01-11;0;0;0;0;0;0;0;0;0;0;0;0;0;0;0;0;0;0
FR;2;2021-01-12;0;0;0;0;0;0;0;0;0;0;0;0;0;0;0;0;0;0
FR;2;2021-01-13;0;0;0;0;0;0;0;0;0;0;0;0;0;0;0;0;0;0
FR;2;2021-01-14;1643;0;0;0;213;0;0;0;0;1643;0;0;0;213;0;0;0;0
FR;2;2021-01-15;398;0;0;0;28;0;0;0;0;2041;0;0;0;241;0;0;0;0
FR;2;2021-01-16;316;0;0;0;12;0;0;0;0;2357;0;0;0;253;0;0;0;0
FR;2;2021-01-17;84;0;0;0;7;0;0;0;0;2441;0;0;0;260;0;0;0;0
FR;2;2021-01-18;3075;3;0;0;27;0;0;0;0;5516;3;0;0;287;0;0;0;0
FR;2;2021-01-19;4681;2;0;0;31;0;0;0;0;10197;5;0;0;318;0;0;0;0
FR;2;2021-01-20;5137;6;0;0;58;0;0;0;0;15334;11;0;0;376;0;0;0;0
FR;2;2021-01-21;5345;9;0;0;56;0;0;0;0;20679;20;0;0;432;0;0;0;0
FR;2;2021-01-22;5118;18;0;0;70;0;0;0;0;25797;38;0;0;502;0;0;0;0
FR;2;2021-01-23;1875;2;0;0;16;0;0;0;0;27672;40;0;0;518;0;0;0;0
FR;2;2021-01-24;163;2;0;0;8;0;0;0;0;27835;42;0;0;526;0;0;0;0
FR;2;2021-01-25;3814;4;0;0;37;0;0;0;0;31649;46;0;0;563;0;0;0;0
FR;2;2021-01-26;3927;6;0;0;42;0;0;0;0;35576;52;0;0;605;0;0;0;0
FR;2;2021-01-27;3605;4;0;0;36;0;0;0;0;39181;56;0;0;641;0;0;0;0
FR;2;2021-01-28;3755;9;0;0;44;0;0;0;0;42936;65;0;0;685;0;0;0;0
FR;2;2021-01-29;3299;5;0;0;41;0;0;0;0;46235;70;0;0;726;0;0;0;0
FR;2;2021-01-30;1133;3;0;0;16;0;0;0;0;47368;73;0;0;742;0;0;0;0
FR;2;2021-01-31;46;2;0;0;9;0;0;0;0;47414;75;0;0;751;0;0;0;0
FR;2;2021-02-01;3407;13;0;0;44;0;0;0;0;50821;88;0;0;795;0;0;0;0
FR;2;2021-02-02;4496;19;0;0;53;0;0;0;0;55317;107;0;0;848;0;0;0;0
FR;2;2021-02-03;5222;11;0;0;82;0;0;0;0;60539;118;0;0;930;0;0;0;0
FR;2;2021-02-04;4941;11;0;0;36;0;0;0;0;65480;129;0;0;966;0;0;0;0
FR;2;2021-02-05;4817;16;0;0;49;0;0;0;0;70297;145;0;0;1015;0;0;0;0
FR;2;2021-02-06;2044;15;0;0;41;0;0;0;0;72341;160;0;0;1056;0;0;0;0
FR;2;2021-02-07;103;6;0;0;20;0;0;0;0;72444;166;0;0;1076;0;0;0;0
FR;2;2021-02-08;7558;26;0;0;85;0;0;0;0;80002;192;0;0;1161;0;0;0;0
FR;2;2021-02-09;8434;30;0;0;98;0;0;0;0;88436;222;0;0;1259;0;0;0;0
FR;2;2021-02-10;9348;62;0;0;182;0;0;0;0;97784;284;0;0;1441;0;0;0;0
FR;2;2021-02-11;10292;130;0;0;254;0;0;0;0;108076;414;0;0;1695;0;0;0;0
FR;2;2021-02-12;10059;275;0;0;429;0;0;0;0;118135;689;0;0;2124;0;0;0;0
FR;2;2021-02-13;3120;224;0;0;262;0;0;0;0;121255;913;0;0;2386;0;0;0;0
FR;2;2021-02-14;358;11;0;0;21;0;0;0;0;121613;924;0;0;2407;0;0;0;0
FR;2;2021-02-15;3460;3128;0;0;3174;0;0;0;0;125073;4052;0;0;5581;0;0;0;0
FR;2;2021-02-16;5075;4161;0;0;4234;0;0;0;0;130148;8213;0;0;9815;0;0;0;0
FR;2;2021-02-17;4259;4552;0;0;4628;0;0;0;0;134407;12765;0;0;14443;0;0;0;0
FR;2;2021-02-18;5406;5176;0;0;5245;0;0;0;0;139813;17941;0;0;19688;0;0;0;0
FR;2;2021-02-19;5328;4486;0;0;4587;0;0;0;0;145141;22427;0;0;24275;0;0;0;0
FR;2;2021-02-20;1872;1520;0;0;1536;0;0;0;0;147013;23947;0;0;25811;0;0;0;0
FR;2;2021-02-21;244;96;0;0;98;0;0;0;0;147257;24043;0;0;25909;0;0;0;0
FR;2;2021-02-22;3614;3782;0;0;3844;0;0;0;0;150871;27825;0;0;29753;0;0;0;0
FR;2;2021-02-23;4956;3737;0;0;3800;0;0;0;0;155827;31562;0;0;33553;0;0;0;0
FR;2;2021-02-24;5017;3553;0;0;3605;0;0;0;0;160844;35115;0;0;37158;0;0;0;0
FR;2;2021-02-25;5500;3490;0;0;3579;0;0;0;0;166344;38605;0;0;40737;0;0;0;0
FR;2;2021-02-26;4368;3179;0;0;3250;0;0;0;0;170712;41784;0;0;43987;0;0;0;0
FR;2;2021-02-27;1629;1067;0;0;1086;0;0;0;0;172341;42851;0;0;45073;0;0;0;0
FR;2;2021-02-28;179;17;0;0;28;0;0;0;0;172520;42868;0;0;45101;0;0;0;0
FR;2;2021-03-01;5193;3758;0;0;3847;0;0;0;0;177713;46626;0;0;48948;0;0;0;0
FR;2;2021-03-02;6541;4725;0;0;4826;0;0;0;0;184254;51351;0;0;53774;0;0;0;0
FR;2;2021-03-03;6544;4954;0;0;5095;0;0;0;0;190798;56305;0;0;58869;0;0;0;0
FR;2;2021-03-04;8411;4204;0;0;4389;0;0;0;0;199209;60509;0;0;63258;0;0;0;0
FR;2;2021-03-05;8036;4055;0;0;4236;0;0;0;0;207245;64564;0;0;67494;0;0;0;0
FR;2;2021-03-06;4790;1683;0;0;1783;0;0;0;0;212035;66247;0;0;69277;0;0;0;0
FR;2;2021-03-07;2373;32;0;0;76;0;0;0;0;214408;66279;0;0;69353;0;0;0;0
FR;2;2021-03-08;4166;8392;0;0;8548;0;0;0;0;218574;74671;0;0;77901;0;0;0;0
FR;2;2021-03-09;7493;8603;1;0;8861;0;0;0;0;226067;83274;1;0;86762;0;0;0;0
FR;2;2021-03-10;7107;9241;0;0;9466;0;0;0;0;233174;92515;1;0;96228;0;0;0;0
FR;2;2021-03-11;9378;9361;1;0;9680;0;0;0;0;242552;101876;2;0;105908;0;0;0;0
FR;2;2021-03-12;7986;8360;0;0;8662;0;0;0;0;250538;110236;2;0;114570;0;0;0;0
FR;2;2021-03-13;10057;2590;0;0;2911;0;0;0;0;260595;112826;2;0;117481;0;0;0;0
FR;2;2021-03-14;4841;382;0;0;541;0;0;0;0;265436;113208;2;0;118022;0;0;0;0
FR;2;2021-03-15;10918;3474;0;0;3763;0;0;0;0;276354;116682;2;0;121785;0;0;0;0
FR;2;2021-03-16;16769;4710;1;0;5258;0;0;0;0;293123;121392;3;0;127043;0;0;0;0
FR;2;2021-03-17;20242;4004;0;0;4678;0;0;0;0;313365;125396;3;0;131721;0;0;0;0
FR;2;2021-03-18;23371;5124;0;0;5951;0;0;0;0;336736;130520;3;0;137672;0;0;0;0
FR;2;2021-03-19;23315;4675;0;0;5437;0;0;0;0;360051;135195;3;0;143109;0;0;0;0
FR;2;2021-03-20;25451;1582;0;0;2338;0;0;0;0;385502;136777;3;0;145447;0;0;0;0
FR;2;2021-03-21;17673;153;0;0;731;0;0;0;0;403175;136930;3;0;146178;0;0;0;0
FR;2;2021-03-22;17790;3254;0;0;3922;0;0;0;0;420965;140184;3;0;150100;0;0;0;0
FR;2;2021-03-23;22704;4283;0;0;5135;0;0;0;0;443669;144467;3;0;155235;0;0;0;0
FR;2;2021-03-24;23963;5079;0;0;5915;0;0;0;0;467632;149546;3;0;161150;0;0;0;0
FR;2;2021-03-25;26760;5247;1;0;6444;0;0;0;0;494392;154793;4;0;167594;0;0;0;0
FR;2;2021-03-26;26991;4233;0;0;5379;0;0;0;0;521383;159026;4;0;172973;0;0;0;0
FR;2;2021-03-27;15923;1365;0;0;1894;0;0;0;0;537306;160391;4;0;174867;0;0;0;0
FR;2;2021-03-28;10562;136;0;0;428;0;0;0;0;547868;160527;4;0;175295;0;0;0;0
FR;2;2021-03-29;19000;4345;0;0;5045;0;0;0;0;566868;164872;4;0;180340;0;0;0;0
FR;2;2021-03-30;24596;6104;0;0;7044;0;0;0;0;591464;170976;4;0;187384;0;0;0;0
FR;2;2021-03-31;28562;5931;0;0;7222;0;0;0;0;620026;176907;4;0;194606;0;0;0;0
FR;2;2021-04-01;34559;8575;1;0;10267;0;0;0;0;654585;185482;5;0;204873;0;0;0;0
FR;2;2021-04-02;29993;7734;0;0;9161;0;0;0;0;684578;193216;5;0;214034;0;0;0;0
FR;2;2021-04-03;16958;4243;0;0;4925;0;0;0;0;701536;197459;5;0;218959;0;0;0;0
FR;2;2021-04-04;9309;1273;2;0;1681;0;0;0;0;710845;198732;7;0;220640;0;0;0;0
FR;2;2021-04-05;12447;796;0;0;1380;0;0;0;0;723292;199528;7;0;222020;0;0;0;0
FR;2;2021-04-06;27158;7343;0;0;8733;0;0;0;0;750450;206871;7;0;230753;0;0;0;0
FR;2;2021-04-07;30930;7066;1;0;8642;0;0;0;0;781380;213937;8;0;239395;0;0;0;0
FR;2;2021-04-08;36895;8597;1;0;10522;0;0;0;0;818275;222534;9;0;249917;0;0;0;0
FR;2;2021-04-09;33853;8392;28;0;10177;0;0;0;0;852128;230926;37;0;260094;0;0;0;0
FR;2;2021-04-10;19689;9265;1;0;10178;0;0;0;0;871817;240191;38;0;270272;0;0;0;0
FR;2;2021-04-11;7942;4240;1;0;4603;0;0;0;0;879759;244431;39;0;274875;0;0;0;0
FR;2;2021-04-12;17131;11021;0;0;11860;0;0;0;0;896890;255452;39;0;286735;0;0;0;0
FR;2;2021-04-13;19463;16039;1;0;17106;0;0;0;0;916353;271491;40;0;303841;0;0;0;0
FR;2;2021-04-14;18070;16445;7;0;17539;0;0;0;0;934423;287936;47;0;321380;0;0;0;0
FR;2;2021-04-15;22204;21857;27;0;23308;0;0;0;0;956627;309793;74;0;344688;0;0;0;0
FR;2;2021-04-16;20721;20618;45;0;21890;0;0;0;0;977348;330411;119;0;366578;0;0;0;0
FR;2;2021-04-17;13258;22496;5;0;23226;0;0;0;0;990606;352907;124;0;389804;0;0;0;0
FR;2;2021-04-18;5911;14397;6;0;14737;0;0;0;0;996517;367304;130;0;404541;0;0;0;0
FR;2;2021-04-19;16850;16401;24;0;17204;0;0;0;0;1013367;383705;154;0;421745;0;0;0;0
FR;2;2021-04-20;19325;21801;38;0;22863;0;0;0;0;1032692;405506;192;0;444608;0;0;0;0
FR;2;2021-04-21;20292;21881;76;0;23032;0;0;0;0;1052984;427387;268;0;467640;0;0;0;0
FR;2;2021-04-22;23824;24941;41;0;26351;0;0;0;0;1076808;452328;309;0;493991;0;0;0;0
FR;2;2021-04-23;24534;25489;76;0;26998;0;0;0;0;1101342;477817;385;0;520989;0;0;0;0
FR;2;2021-04-24;25305;15070;104;0;16507;0;0;0;0;1126647;492887;489;0;537496;0;0;0;0
FR;2;2021-04-25;9597;8620;5;0;9181;0;0;0;0;1136244;501507;494;0;546677;0;0;0;0
FR;2;2021-04-26;17167;17647;21;0;18532;0;0;0;0;1153411;519154;515;0;565209;0;0;0;0
FR;2;2021-04-27;19246;24109;40;0;25293;0;0;0;0;1172657;543263;555;0;590502;0;0;0;0
FR;2;2021-04-28;22341;26447;112;0;27847;0;0;0;0;1194998;569710;667;0;618349;0;0;0;0
FR;2;2021-04-29;25474;30474;70;0;32163;0;0;0;0;1220472;600184;737;0;650512;0;0;0;0
FR;2;2021-04-30;25540;27968;49;1;29615;0;0;0;0;1246012;628152;786;1;680127;0;0;0;0
FR;2;2021-05-01;14988;9850;6;0;10652;0;0;0;0;1261000;638002;792;1;690779;0;0;0;0
FR;2;2021-05-02;6640;9159;2;0;9505;0;0;0;0;1267640;647161;794;1;700284;0;0;0;0
FR;2;2021-05-03;20023;19132;40;0;20338;0;0;0;0;1287663;666293;834;1;720622;0;0;0;0
FR;2;2021-05-04;18288;29191;33;0;30334;0;0;0;0;1305951;695484;867;1;750956;0;0;0;0
FR;2;2021-05-05;18385;29511;48;0;30808;0;0;0;0;1324336;724995;915;1;781764;0;0;0;0
FR;2;2021-05-06;23551;35412;132;0;36984;0;0;0;0;1347887;760407;1047;1;818748;0;0;0;0
FR;2;2021-05-07;25342;33234;97;0;35091;0;0;0;0;1373229;793641;1144;1;853839;0;0;0;0
FR;2;2021-05-08;21343;10631;15;0;11719;0;0;0;0;1394572;804272;1159;1;865558;0;0;0;0
FR;2;2021-05-09;13169;7647;7;0;8322;0;0;0;0;1407741;811919;1166;1;873880;0;0;0;0
FR;2;2021-05-10;32945;21732;50;0;23590;0;0;0;0;1440686;833651;1216;1;897470;0;0;0;0
FR;2;2021-05-11;43615;20904;101;0;23529;0;0;0;0;1484301;854555;1317;1;920999;0;0;0;0
FR;2;2021-05-12;50065;19639;143;0;22519;0;0;0;0;1534366;874194;1460;1;943518;0;0;0;0
FR;2;2021-05-13;51300;5603;31;0;8471;0;0;0;0;1585666;879797;1491;1;951989;0;0;0;0
FR;2;2021-05-14;61360;12885;132;0;16538;0;0;0;0;1647026;892682;1623;1;968527;0;0;0;0
FR;2;2021-05-15;65936;7102;39;0;10652;0;0;0;0;1712962;899784;1662;1;979179;0;0;0;0
FR;2;2021-05-16;43588;2574;10;0;4944;0;0;0;0;1756550;902358;1672;1;984123;0;0;0;0
FR;2;2021-05-17;44756;12456;114;0;15362;0;0;0;0;1801306;914814;1786;1;999485;0;0;0;0
FR;2;2021-05-18;54648;12278;190;0;15960;0;0;0;0;1855954;927092;1976;1;1015445;0;0;0;0
FR;2;2021-05-19;57177;10463;281;0;14503;0;0;0;0;1913131;937555;2257;1;1029948;0;0;0;0
FR;2;2021-05-20;63449;10802;288;0;14901;0;0;0;0;1976580;948357;2545;1;1044849;0;0;0;0
FR;2;2021-05-21;64306;11606;230;0;16031;0;0;0;0;2040886;959963;2775;1;1060880;0;0;0;0
FR;2;2021-05-22;61489;4531;65;0;8501;0;0;0;0;2102375;964494;2840;1;1069381;0;0;0;0
FR;2;2021-05-23;37536;575;22;0;2912;0;0;0;0;2139911;965069;2862;1;1072293;0;0;0;0
FR;2;2021-05-24;17247;2051;35;0;3258;0;0;0;0;2157158;967120;2897;1;1075551;0;0;0;0
FR;2;2021-05-25;21119;12252;241;0;13854;0;0;0;0;2178277;979372;3138;1;1089405;0;0;0;0
FR;2;2021-05-26;19944;11535;230;0;13060;0;0;0;0;2198221;990907;3368;1;1102465;0;0;0;0
FR;2;2021-05-27;23000;12650;182;0;14387;0;0;0;0;2221221;1003557;3550;1;1116852;0;0;0;0
FR;2;2021-05-28;29396;15042;190;0;17223;0;0;0;0;2250617;1018599;3740;1;1134075;0;0;0;0
FR;2;2021-05-29;30424;8193;58;0;10101;0;0;0;0;2281041;1026792;3798;1;1144176;0;0;0;0
FR;2;2021-05-30;4648;1819;6;0;2154;0;0;0;0;2285689;1028611;3804;1;1146330;0;0;0;0
FR;2;2021-05-31;28590;18745;184;0;20825;0;0;0;0;2314279;1047356;3988;1;1167155;0;0;0;0
FR;2;2021-06-01;45743;19905;225;0;23143;0;0;0;0;2360022;1067261;4213;1;1190298;0;0;0;0
FR;2;2021-06-02;37477;19318;182;0;22323;0;0;0;0;2397499;1086579;4395;1;1212621;0;0;0;0
FR;2;2021-06-03;51281;23122;161;0;26976;0;0;0;0;2448780;1109701;4556;1;1239597;0;0;0;0
FR;2;2021-06-04;65516;24088;217;0;29057;0;0;0;0;2514296;1133789;4773;1;1268654;0;0;0;0
FR;2;2021-06-05;34606;24106;52;0;26961;0;0;0;0;2548902;1157895;4825;1;1295615;0;0;0;0
FR;2;2021-06-06;4957;6192;10;0;6611;0;0;0;0;2553859;1164087;4835;1;1302226;0;0;0;0
FR;2;2021-06-07;28177;23013;150;0;25426;0;0;0;0;2582036;1187100;4985;1;1327652;0;0;0;0
FR;2;2021-06-08;46377;22940;143;0;26906;0;0;0;0;2628413;1210040;5128;1;1354558;0;0;0;0
FR;2;2021-06-09;34296;20988;107;0;24121;0;0;0;0;2662709;1231028;5235;1;1378679;0;0;0;0
FR;2;2021-06-10;42643;19077;96;1;22999;0;0;0;0;2705352;1250105;5331;2;1401678;0;0;0;0
FR;2;2021-06-11;55303;25137;134;0;30236;0;0;0;0;2760655;1275242;5465;2;1431914;0;0;0;0
FR;2;2021-06-12;30563;19799;53;0;22654;0;0;0;0;2791218;1295041;5518;2;1454568;0;0;0;0
FR;2;2021-06-13;3334;9195;13;0;9583;0;0;0;0;2794552;1304236;5531;2;1464151;0;0;0;0
FR;2;2021-06-14;25304;24115;92;0;26695;0;0;0;0;2819856;1328351;5623;2;1490846;0;0;0;0
FR;2;2021-06-15;39048;22820;154;0;26570;0;0;0;0;2858904;1351171;5777;2;1517416;0;0;0;0
FR;2;2021-06-16;30167;21365;135;0;24519;0;0;0;0;2889071;1372536;5912;2;1541935;0;0;0;0
FR;2;2021-06-17;36912;25746;150;0;29607;0;0;0;0;2925983;1398282;6062;2;1571542;0;0;0;0
FR;2;2021-06-18;46860;28885;123;0;33587;0;0;0;0;2972843;1427167;6185;2;1605129;0;0;0;0
FR;2;2021-06-19;24527;24935;39;0;27709;0;0;0;0;2997370;1452102;6224;2;1632838;0;0;0;0
FR;2;2021-06-20;3745;10059;9;0;10558;0;0;0;0;3001115;1462161;6233;2;1643396;0;0;0;0
FR;2;2021-06-21;17537;42855;88;0;44867;0;0;0;0;3018652;1505016;6321;2;1688263;0;0;0;0
FR;2;2021-06-22;28366;49614;110;0;53041;0;0;0;0;3047018;1554630;6431;2;1741304;0;0;0;0
FR;2;2021-06-23;21790;49609;107;1;52454;1;0;0;0;3068808;1604239;6538;3;1793758;1;0;0;0
FR;2;2021-06-24;28379;50304;134;0;54039;0;0;0;0;3097187;1654543;6672;3;1847797;1;0;0;0
FR;2;2021-06-25;33402;60466;128;0;64853;0;0;0;0;3130589;1715009;6800;3;1912650;1;0;0;0
FR;2;2021-06-26;16395;59347;54;1;61737;0;0;0;0;3146984;1774356;6854;4;1974387;1;0;0;0
FR;2;2021-06-27;2566;29319;22;1;29901;0;0;0;0;3149550;1803675;6876;5;2004288;1;0;0;0
FR;2;2021-06-28;12641;54336;84;0;56312;0;0;0;0;3162191;1858011;6960;5;2060600;1;0;0;0
FR;2;2021-06-29;19856;59991;178;0;62935;0;0;0;0;3182047;1918002;7138;5;2123535;1;0;0;0
FR;2;2021-06-30;16334;58032;253;17;60718;0;0;0;0;3198381;1976034;7391;22;2184253;1;0;0;0
FR;2;2021-07-01;20494;59867;228;0;63195;0;0;0;0;3218875;2035901;7619;22;2247448;1;0;0;0
FR;2;2021-07-02;24081;62152;184;0;66368;0;0;0;0;3242956;2098053;7803;22;2313816;1;0;0;0
FR;2;2021-07-03;12122;57141;153;0;59478;0;0;0;0;3255078;2155194;7956;22;2373294;1;0;0;0
FR;2;2021-07-04;1960;23305;18;0;23872;0;0;0;0;3257038;2178499;7974;22;2397166;1;0;0;0
FR;2;2021-07-05;9179;29274;106;0;30910;0;0;0;0;3266217;2207773;8080;22;2428076;1;0;0;0
FR;2;2021-07-06;14583;36264;135;0;38944;0;0;0;0;3280800;2244037;8215;22;2467020;1;0;0;0
FR;2;2021-07-07;14418;33659;140;0;36414;0;0;0;0;3295218;2277696;8355;22;2503434;1;0;0;0
FR;2;2021-07-08;19722;40319;162;0;43980;0;0;0;0;3314940;2318015;8517;22;2547414;1;0;0;0
FR;2;2021-07-09;27105;54326;202;1;59479;0;0;0;0;3342045;2372341;8719;23;2606893;1;0;0;0
FR;2;2021-07-10;13388;33705;107;0;36390;0;0;0;0;3355433;2406046;8826;23;2643283;1;0;0;0
FR;2;2021-07-11;1812;4347;16;0;4776;0;0;0;0;3357245;2410393;8842;23;2648059;1;0;0;0
FR;2;2021-07-12;12971;37277;119;0;39934;0;0;0;0;3370216;2447670;8961;23;2687993;1;0;0;0
FR;2;2021-07-13;37118;53149;152;0;60285;0;0;0;0;3407334;2500819;9113;23;2748278;1;0;0;0
FR;2;2021-07-14;6628;3540;15;0;4889;0;0;0;0;3413962;2504359;9128;23;2753167;1;0;0;0
FR;2;2021-07-15;47244;47012;156;0;55210;0;0;0;0;3461206;2551371;9284;23;2808377;1;0;0;0
FR;2;2021-07-16;64318;55755;188;0;66736;0;0;0;0;3525524;2607126;9472;23;2875113;1;0;0;0
FR;2;2021-07-17;31601;23915;96;0;29369;0;0;0;0;3557125;2631041;9568;23;2904482;1;0;0;0
FR;2;2021-07-18;6091;4809;19;0;5956;0;0;0;0;3563216;2635850;9587;23;2910438;1;0;0;0
FR;2;2021-07-19;33006;28618;94;0;34233;0;0;0;0;3596222;2664468;9681;23;2944671;1;0;0;0
FR;2;2021-07-20;51998;44519;155;0;53156;0;0;0;0;3648220;2708987;9836;23;2997827;1;0;0;0
FR;2;2021-07-21;45257;34641;93;0;42150;0;0;0;0;3693477;2743628;9929;23;3039977;1;0;0;0
FR;2;2021-07-22;56279;41082;128;1;50363;0;0;0;0;3749756;2784710;10057;24;3090340;1;0;0;0
FR;2;2021-07-23;68301;48969;170;0;60264;0;0;0;0;3818057;2833679;10227;24;3150604;1;0;0;0
FR;2;2021-07-24;36180;21612;82;0;27474;0;0;0;0;3854237;2855291;10309;24;3178078;1;0;0;0
FR;2;2021-07-25;6751;2610;10;0;3869;0;0;0;0;3860988;2857901;10319;24;3181947;1;0;0;0
FR;2;2021-07-26;36320;22343;91;1;27849;0;0;0;0;3897308;2880244;10410;25;3209796;1;0;0;0
FR;2;2021-07-27;62390;34564;180;0;43709;0;0;0;0;3959698;2914808;10590;25;3253505;1;0;0;0
FR;2;2021-07-28;55324;26425;132;0;34517;0;0;0;0;4015022;2941233;10722;25;3288022;1;0;0;0
FR;2;2021-07-29;68480;32786;189;0;42472;0;0;0;0;4083502;2974019;10911;25;3330494;1;0;0;0
FR;2;2021-07-30;74466;37812;222;1;48608;0;0;0;0;4157968;3011831;11133;26;3379102;1;0;0;0
FR;2;2021-07-31;34776;16205;105;0;21405;0;0;0;0;4192744;3028036;11238;26;3400507;1;0;0;0
FR;2;2021-08-01;5414;2258;19;0;3121;0;0;0;0;4198158;3030294;11257;26;3403628;1;0;0;0
FR;2;2021-08-02;35890;16157;101;0;21059;0;0;0;0;4234048;3046451;11358;26;3424687;1;0;0;0
FR;2;2021-08-03;55986;28264;142;0;35470;0;0;0;0;4290034;3074715;11500;26;3460157;1;0;0;0
FR;2;2021-08-04;46637;20834;128;1;26945;0;0;0;0;4336671;3095549;11628;27;3487102;1;0;0;0
FR;2;2021-08-05;54639;31559;215;0;38745;0;0;0;0;4391310;3127108;11843;27;3525847;1;0;0;0
FR;2;2021-08-06;58098;42390;242;1;50223;0;0;0;0;4449408;3169498;12085;28;3576070;1;0;0;0
FR;2;2021-08-07;25150;17626;89;0;21317;0;0;0;0;4474558;3187124;12174;28;3597387;1;0;0;0
FR;2;2021-08-08;3839;3648;21;0;4306;0;0;0;0;4478397;3190772;12195;28;3601693;1;0;0;0
FR;2;2021-08-09;29308;21033;92;0;24860;0;0;0;0;4507705;3211805;12287;28;3626553;1;0;0;0
FR;2;2021-08-10;45012;33467;155;0;39233;0;0;0;0;4552717;3245272;12442;28;3665786;1;0;0;0
FR;2;2021-08-11;35274;25147;151;0;29751;0;0;0;0;4587991;3270419;12593;28;3695537;1;0;0;0
FR;2;2021-08-12;41905;35693;163;0;41233;0;0;0;0;4629896;3306112;12756;28;3736770;1;0;0;0
FR;2;2021-08-13;42606;37318;218;0;43008;0;0;0;0;4672502;3343430;12974;28;3779778;1;0;0;0
FR;2;2021-08-14;18524;22143;94;0;24777;0;0;0;0;4691026;3365573;13068;28;3804555;1;0;0;0
FR;2;2021-08-15;3863;3797;17;0;4384;0;0;0;0;4694889;3369370;13085;28;3808939;1;0;0;0
FR;2;2021-08-16;25093;27124;111;0;30449;0;0;0;0;4719982;3396494;13196;28;3839388;1;0;0;0
FR;2;2021-08-17;38266;43407;207;2;48396;0;0;0;0;4758248;3439901;13403;30;3887784;1;0;0;0
FR;2;2021-08-18;32253;36349;195;1;40696;1;0;0;0;4790501;3476250;13598;31;3928480;2;0;0;0
FR;2;2021-08-19;37434;46586;224;0;51792;0;0;0;0;4827935;3522836;13822;31;3980272;2;0;0;0
FR;2;2021-08-20;40569;55641;271;1;61576;0;0;0;0;4868504;3578477;14093;32;4041848;2;0;0;0
FR;2;2021-08-21;18121;24319;117;0;27111;0;0;0;0;4886625;3602796;14210;32;4068959;2;0;0;0
FR;2;2021-08-22;2908;4322;22;1;4854;1;0;0;0;4889533;3607118;14232;33;4073813;3;0;0;0
FR;2;2021-08-23;19249;35150;131;1;38042;0;0;0;0;4908782;3642268;14363;34;4111855;3;0;0;0
FR;2;2021-08-24;31952;56041;236;0;60701;0;0;0;0;4940734;3698309;14599;34;4172556;3;0;0;0
FR;2;2021-08-25;25934;43447;251;0;47400;0;0;0;0;4966668;3741756;14850;34;4219956;3;0;0;0
FR;2;2021-08-26;32362;55834;388;0;60595;0;0;0;0;4999030;3797590;15238;34;4280551;3;0;0;0
FR;2;2021-08-27;37005;65682;477;2;71417;0;0;0;0;5036035;3863272;15715;36;4351968;3;0;0;0
FR;2;2021-08-28;17819;28555;300;0;31619;0;0;0;0;5053854;3891827;16015;36;4383587;3;0;0;0
FR;2;2021-08-29;2656;5008;47;0;5620;0;0;0;0;5056510;3896835;16062;36;4389207;3;0;0;0
FR;2;2021-08-30;18417;37726;400;0;40147;757;0;0;0;5074927;3934561;16462;36;4429354;760;0;0;0
FR;2;2021-08-31;28077;57512;887;4;60947;1556;0;0;0;5103004;3992073;17349;40;4490301;2316;0;0;0
FR;2;2021-09-01;21595;39872;1309;0;42264;2125;0;0;0;5124599;4031945;18658;40;4532565;4441;0;0;0
FR;2;2021-09-02;25485;48670;1963;2;50948;3367;0;0;0;5150084;4080615;20621;42;4583513;7808;0;0;0
FR;2;2021-09-03;33414;64565;2988;3;67540;4881;1;0;0;5183498;4145180;23609;45;4651053;12689;1;0;0
FR;2;2021-09-04;16832;27761;1443;1;29559;2382;0;0;0;5200330;4172941;25052;46;4680612;15071;1;0;0
FR;2;2021-09-05;2264;3587;266;0;3945;412;0;0;0;5202594;4176528;25318;46;4684557;15483;1;0;0
FR;2;2021-09-06;14044;28699;1771;1;29765;2945;0;0;0;5216638;4205227;27089;47;4714322;18428;1;0;0
FR;2;2021-09-07;21111;41111;3022;13;42275;4937;0;0;0;5237749;4246338;30111;60;4756597;23365;1;0;0
FR;2;2021-09-08;17248;31919;2736;6;32735;4501;0;0;0;5254997;4278257;32847;66;4789332;27866;1;0;0
FR;2;2021-09-09;20981;40483;4437;3;41235;6838;0;0;0;5275978;4318740;37284;69;4830567;34704;1;0;0
FR;2;2021-09-10;28201;51305;5286;4;51889;8972;1;0;0;5304179;4370045;42570;73;4882456;43676;2;0;0
FR;2;2021-09-11;13654;22448;2405;5;23132;3981;0;0;0;5317833;4392493;44975;78;4905588;47657;2;0;0
FR;2;2021-09-12;1824;2772;292;0;2967;510;0;0;0;5319657;4395265;45267;78;4908555;48167;2;0;0
FR;2;2021-09-13;11659;21446;2474;4;21706;4052;0;0;0;5331316;4416711;47741;82;4930261;52219;2;0;0
FR;2;2021-09-14;18576;32732;5092;13;31693;9056;2;0;0;5349892;4449443;52833;95;4961954;61275;4;0;0
FR;2;2021-09-15;14915;28231;5169;3;26929;7753;9;0;0;5364807;4477674;58002;98;4988883;69028;13;0;0
FR;2;2021-09-16;16078;32796;6737;12;30185;10539;4;0;0;5380885;4510470;64739;110;5019068;79567;17;0;0
FR;2;2021-09-17;20915;47166;8782;10;42820;14625;6;0;0;5401800;4557636;73521;120;5061888;94192;23;0;0
FR;2;2021-09-18;9857;20958;3804;6;19592;6035;1;0;0;5411657;4578594;77325;126;5081480;100227;24;0;0
FR;2;2021-09-19;1166;2595;396;0;2538;632;0;0;0;5412823;4581189;77721;126;5084018;100859;24;0;0
FR;2;2021-09-20;7501;18704;3856;7;17025;6137;4;0;0;5420324;4599893;81577;133;5101043;106996;28;0;0
FR;2;2021-09-21;11215;29985;6495;5;26536;10747;3;0;0;5431539;4629878;88072;138;5127579;117743;31;0;0
FR;2;2021-09-22;9413;23546;5490;6;21197;8523;8;0;0;5440952;4653424;93562;144;5148776;126266;39;0;0
FR;2;2021-09-23;10731;28901;7881;10;24729;12648;10;0;0;5451683;4682325;101443;154;5173505;138914;49;0;0
FR;2;2021-09-24;15075;42936;10876;18;37276;17241;21;0;0;5466758;4725261;112319;172;5210781;156155;70;0;0
FR;2;2021-09-25;7258;18802;3965;9;17155;6120;3;0;0;5474016;4744063;116284;181;5227936;162275;73;0;0
FR;2;2021-09-26;1080;2544;495;0;2490;630;1;0;0;5475096;4746607;116779;181;5230426;162905;74;0;0
FR;2;2021-09-27;6312;16402;4287;8;14796;6533;2;0;0;5481408;4763009;121066;189;5245222;169438;76;0;0
FR;2;2021-09-28;9241;25573;7769;14;21721;12084;7;0;0;5490649;4788582;128835;203;5266943;181522;83;0;0
FR;2;2021-09-29;8081;20201;6067;25;17608;9261;8;0;0;5498730;4808783;134902;228;5284551;190783;91;0;0
FR;2;2021-09-30;9865;25837;9509;16;21638;14099;6;0;0;5508595;4834620;144411;244;5306189;204882;97;0;0
FR;2;2021-10-01;13979;35730;12920;25;30047;19323;9;0;0;5522574;4870350;157331;269;5336236;224205;106;0;0
FR;2;2021-10-02;6874;15931;4850;7;14226;7047;6;0;0;5529448;4886281;162181;276;5350462;231252;112;0;0
FR;2;2021-10-03;841;1910;492;1;1841;502;0;0;0;5530289;4888191;162673;277;5352303;231754;112;0;0
FR;2;2021-10-04;5826;13903;5516;5;12139;7854;6;0;0;5536115;4902094;168189;282;5364442;239608;118;0;0
FR;2;2021-10-05;9058;22565;11125;19;18525;15743;1;0;0;5545173;4924659;179314;301;5382967;255351;119;0;0
FR;2;2021-10-06;7784;17746;8243;11;15272;11093;4;0;0;5552957;4942405;187557;312;5398239;266444;123;0;0
FR;2;2021-10-07;9204;22208;12386;14;18006;16875;6;0;0;5562161;4964613;199943;326;5416245;283319;129;0;0
FR;2;2021-10-08;13431;32141;17349;28;26512;23614;11;0;0;5575592;4996754;217292;354;5442757;306933;140;0;0
FR;2;2021-10-09;6000;12845;6044;6;11380;7896;7;0;0;5581592;5009599;223336;360;5454137;314829;147;0;0
FR;2;2021-10-10;885;1596;436;2;1540;605;1;0;0;5582477;5011195;223772;362;5455677;315434;148;0;0
FR;2;2021-10-11;5607;11550;6455;17;9939;8828;3;0;0;5588084;5022745;230227;379;5465616;324262;151;0;0
FR;2;2021-10-12;8030;17788;12550;13;13924;16785;9;0;0;5596114;5040533;242777;392;5479540;341047;160;0;0
FR;2;2021-10-13;6945;14853;10256;12;11809;13647;7;0;0;5603059;5055386;253033;404;5491349;354694;167;0;0
FR;2;2021-10-14;8314;17940;14996;13;13560;19475;11;0;0;5611373;5073326;268029;417;5504909;374169;178;0;0
FR;2;2021-10-15;11856;26309;20902;26;19413;27980;4;0;0;5623229;5099635;288931;443;5524322;402149;182;0;0
FR;2;2021-10-16;5140;8742;1819;0;8173;3220;2;0;0;5628369;5108377;290750;443;5532495;405369;184;0;0
FR;2;2021-10-17;651;1150;185;0;1082;355;1;0;0;5629020;5109527;290935;443;5533577;405724;185;0;0
FR;2;2021-10-18;4563;7340;665;2;7244;1632;0;0;0;5633583;5116867;291600;445;5540821;407356;185;0;0
FR;2;2021-10-19;6239;9850;732;5;9656;2031;5;0;0;5639822;5126717;292332;450;5550477;409387;190;0;0
FR;2;2021-10-20;5170;8052;759;3;8175;1675;0;0;0;5644992;5134769;293091;453;5558652;411062;190;0;0
FR;2;2021-10-21;6090;9977;780;5;9836;2103;1;0;0;5651082;5144746;293871;458;5568488;413165;191;0;0
FR;2;2021-10-22;8452;14600;1149;4;14476;2889;2;0;0;5659534;5159346;295020;462;5582964;416054;193;0;0
FR;2;2021-10-23;3845;5995;587;0;6128;1236;3;0;0;5663379;5165341;295607;462;5589092;417290;196;0;0
FR;2;2021-10-24;494;885;101;0;901;206;0;0;0;5663873;5166226;295708;462;5589993;417496;196;0;0
FR;2;2021-10-25;3359;5346;307;1;5521;825;2;0;0;5667232;5171572;296015;463;5595514;418321;198;0;0
FR;2;2021-10-26;4177;7238;1133;4;7127;2022;5;0;0;5671409;5178810;297148;467;5602641;420343;203;0;0
FR;2;2021-10-27;3677;6593;1193;5;6452;1991;1;0;0;5675086;5185403;298341;472;5609093;422334;204;0;0
FR;2;2021-10-28;4597;7690;1736;3;7417;2746;1;0;0;5679683;5193093;300077;475;5616510;425080;205;0;0
FR;2;2021-10-29;5415;11079;2438;4;10691;3683;3;0;0;5685098;5204172;302515;479;5627201;428763;208;0;0
FR;2;2021-10-30;2749;4456;976;1;4454;1446;2;0;0;5687847;5208628;303491;480;5631655;430209;210;0;0
FR;2;2021-10-31;364;535;140;1;544;191;1;0;0;5688211;5209163;303631;481;5632199;430400;211;0;0
FR;2;2021-11-01;429;548;181;0;564;268;1;0;0;5688640;5209711;303812;481;5632763;430668;212;0;0
FR;2;2021-11-02;3293;6755;1183;0;6802;1765;5;0;0;5691933;5216466;304995;481;5639565;432433;217;0;0
FR;2;2021-11-03;3340;6226;1388;2;6317;1964;2;0;0;5695273;5222692;306383;483;5645882;434397;219;0;0
FR;2;2021-11-04;3986;7072;1768;4;7110;2495;3;0;0;5699259;5229764;308151;487;5652992;436892;222;0;0
FR;2;2021-11-05;5235;10503;2867;5;10211;3960;5;0;0;5704494;5240267;311018;492;5663203;440852;227;0;0
FR;2;2021-11-06;2597;4678;1406;0;4637;1822;2;0;0;5707091;5244945;312424;492;5667840;442674;229;0;0
FR;2;2021-11-07;506;864;221;0;872;290;2;0;0;5707597;5245809;312645;492;5668712;442964;231;0;0
FR;2;2021-11-08;2578;5348;1205;3;5268;1676;3;0;0;5710175;5251157;313850;495;5673980;444640;234;0;0
FR;2;2021-11-09;2749;6907;2402;5;6442;3181;2;0;0;5712924;5258064;316252;500;5680422;447821;236;0;0
FR;2;2021-11-10;2590;5670;5115;6;4765;6291;7;0;0;5715514;5263734;321367;506;5685187;454112;243;0;0
FR;2;2021-11-11;446;755;753;2;648;936;3;0;0;5715960;5264489;322120;508;5685835;455048;246;0;0
FR;2;2021-11-12;2953;8085;8982;8;6197;10930;9;0;0;5718913;5272574;331102;516;5692032;465978;255;0;0
FR;2;2021-11-13;1539;3373;3871;7;2722;4537;4;0;0;5720452;5275947;334973;523;5694754;470515;259;0;0
FR;2;2021-11-14;257;587;351;1;487;480;3;0;0;5720709;5276534;335324;524;5695241;470995;262;0;0
FR;2;2021-11-15;1621;3650;4449;8;2906;5328;16;0;0;5722330;5280184;339773;532;5698147;476323;278;0;0
FR;2;2021-11-16;2184;5882;8311;14;4158;10081;16;0;0;5724514;5286066;348084;546;5702305;486404;294;0;0
FR;2;2021-11-17;1741;4526;6632;8;3170;7851;5;0;0;5726255;5290592;354716;554;5705475;494255;299;0;0
FR;2;2021-11-18;2192;5924;9188;10;4021;11018;8;0;0;5728447;5296516;363904;564;5709496;505273;307;0;0
FR;2;2021-11-19;2701;7757;12980;19;4837;15480;12;0;0;5731148;5304273;376884;583;5714333;520753;319;0;0
FR;2;2021-11-20;1566;3334;5181;5;2351;6094;3;0;0;5732714;5307607;382065;588;5716684;526847;322;0;0
FR;2;2021-11-21;250;502;542;0;392;654;3;0;0;5732964;5308109;382607;588;5717076;527501;325;0;0
FR;2;2021-11-22;1278;2573;4484;5;1672;5400;9;0;0;5734242;5310682;387091;593;5718748;532901;334;0;0
FR;2;2021-11-23;1617;4273;8206;9;2536;9918;6;0;0;5735859;5314955;395297;602;5721284;542819;340;0;0
FR;2;2021-11-24;1421;3752;7485;14;2249;8737;9;0;0;5737280;5318707;402782;616;5723533;551556;349;0;0
FR;2;2021-11-25;1813;4865;11472;21;2684;13666;6;0;0;5739093;5323572;414254;637;5726217;565222;355;0;0
FR;2;2021-11-26;2541;7736;22674;31;3814;26088;14;0;0;5741634;5331308;436928;668;5730031;591310;369;0;0
FR;2;2021-11-27;1498;4141;12275;19;2130;14034;13;0;0;5743132;5335449;449203;687;5732161;605344;382;0;0
FR;2;2021-11-28;292;838;1976;3;479;2304;5;0;0;5743424;5336287;451179;690;5732640;607648;387;0;0
FR;2;2021-11-29;1447;4352;15099;23;2013;17269;25;0;0;5744871;5340639;466278;713;5734653;624917;412;0;0
FR;2;2021-11-30;1912;6657;26247;36;2642;30007;22;0;0;5746783;5347296;492525;749;5737295;654924;434;0;0
FR;2;2021-12-01;1916;6015;26209;31;2482;29521;20;0;0;5748699;5353311;518734;780;5739777;684445;454;0;0
FR;2;2021-12-02;1915;6779;37731;52;2116;41984;32;0;0;5750614;5360090;556465;832;5741893;726429;486;0;0
FR;2;2021-12-03;2558;10071;53637;111;3596;59383;30;0;0;5753172;5370161;610102;943;5745489;785812;516;0;0
FR;2;2021-12-04;1850;6276;37128;38;2185;40817;16;0;0;5755022;5376437;647230;981;5747674;826629;532;0;0
FR;2;2021-12-05;458;2247;14263;14;536;15990;7;0;0;5755480;5378684;661493;995;5748210;842619;539;0;0
FR;2;2021-12-06;2487;9855;77730;109;2704;84784;25;0;0;5757967;5388539;739223;1104;5750914;927403;564;0;0
FR;2;2021-12-07;3457;15285;122468;238;3745;133784;40;0;0;5761424;5403824;861691;1342;5754659;1061187;604;0;0
FR;2;2021-12-08;3725;15986;133221;330;3857;145415;54;0;0;5765149;5419810;994912;1672;5758516;1206602;658;0;0
FR;2;2021-12-09;4545;19629;170236;554;4171;185633;60;0;0;5769694;5439439;1165148;2226;5762687;1392235;718;0;0
FR;2;2021-12-10;4675;22808;188695;490;5016;206183;68;0;0;5774369;5462247;1353843;2716;5767703;1598418;786;0;0
FR;2;2021-12-11;3688;16617;132466;239;3668;144927;60;0;0;5778057;5478864;1486309;2955;5771371;1743345;846;0;0
FR;2;2021-12-12;1256;7121;59115;83;1016;65172;12;0;0;5779313;5485985;1545424;3038;5772387;1808517;858;0;0
FR;2;2021-12-13;5530;26819;220724;605;5230;243022;159;0;0;5784843;5512804;1766148;3643;5777617;2051539;1017;0;0
FR;2;2021-12-14;7018;37451;300798;909;6146;332254;190;0;0;5791861;5550255;2066946;4552;5783763;2383793;1207;0;0
FR;2;2021-12-15;6556;36228;285258;957;5870;315901;185;0;0;5798417;5586483;2352204;5509;5789633;2699694;1392;0;0
FR;2;2021-12-16;7765;37915;312173;981;6569;343803;184;0;0;5806182;5624398;2664377;6490;5796202;3043497;1576;0;0
FR;2;2021-12-17;8681;41187;327903;976;8025;360975;231;0;0;5814863;5665585;2992280;7466;5804227;3404472;1807;0;0
FR;2;2021-12-18;6514;26541;212370;448;4908;233680;120;0;0;5821377;5692126;3204650;7914;5809135;3638152;1927;0;0
FR;2;2021-12-19;2604;11408;90224;182;1659;100356;26;0;0;5823981;5703534;3294874;8096;5810794;3738508;1953;0;0
FR;2;2021-12-20;9548;33526;275253;707;6597;303402;209;0;0;5833529;5737060;3570127;8803;5817391;4041910;2162;0;0
FR;2;2021-12-21;11565;38287;309652;968;7380;341437;260;0;0;5845094;5775347;3879779;9771;5824771;4383347;2422;0;0
FR;2;2021-12-22;10458;32778;265139;952;6445;292494;316;0;1;5855552;5808125;4144918;10723;5831216;4675841;2738;0;1
FR;2;2021-12-23;9426;26624;199530;701;5881;221286;226;0;0;5864978;5834749;4344448;11424;5837097;4897127;2964;0;1
FR;2;2021-12-24;2783;7474;43863;140;2037;49564;78;0;0;5867761;5842223;4388311;11564;5839134;4946691;3042;0;1
FR;2;2021-12-25;201;674;2003;10;209;2481;15;0;0;5867962;5842897;4390314;11574;5839343;4949172;3057;0;1
FR;2;2021-12-26;1320;4216;25160;71;1052;28693;70;0;0;5869282;5847113;4415474;11645;5840395;4977865;3127;0;1
FR;2;2021-12-27;8076;29922;218432;659;6625;243377;294;0;0;5877358;5877035;4633906;12304;5847020;5221242;3421;0;1
FR;2;2021-12-28;9834;36296;272111;742;6988;302010;958;0;1;5887192;5913331;4906017;13046;5854008;5523252;4379;0;2
FR;2;2021-12-29;9498;32228;246146;765;6407;272695;1088;0;0;5896690;5945559;5152163;13811;5860415;5795947;5467;0;2
FR;2;2021-12-30;9461;28078;208838;663;5976;231456;1156;0;0;5906151;5973637;5361001;14474;5866391;6027403;6623;0;2
FR;2;2021-12-31;3011;8343;54990;176;2171;61233;392;0;0;5909162;5981980;5415991;14650;5868562;6088636;7015;0;2
FR;2;2022-01-01;231;690;2858;7;205;3352;29;0;0;5909393;5982670;5418849;14657;5868767;6091988;7044;0;2
FR;2;2022-01-02;1503;4854;29523;76;1166;33412;218;0;0;5910896;5987524;5448372;14733;5869933;6125400;7262;0;2
FR;2;2022-01-03;9605;35399;266541;806;8499;293918;1673;0;0;5920501;6022923;5714913;15539;5878432;6419318;8935;0;2
FR;2;2022-01-04;12855;45420;342100;1068;9971;377059;2458;0;1;5933356;6068343;6057013;16607;5888403;6796377;11393;0;3
FR;2;2022-01-05;11273;38621;294215;884;8630;323849;2154;0;2;5944629;6106964;6351228;17491;5897033;7120226;13547;0;5
FR;2;2022-01-06;13655;43494;331956;1298;9942;364764;2979;0;1;5958284;6150458;6683184;18789;5906975;7484990;16526;0;6
FR;2;2022-01-07;14225;47617;361116;1271;11238;396460;3160;0;0;5972509;6198075;7044300;20060;5918213;7881450;19686;0;6
FR;2;2022-01-08;7946;28136;201271;515;7207;221703;1528;0;2;5980455;6226211;7245571;20575;5925420;8103153;21214;0;8
FR;2;2022-01-09;2749;8951;62528;137;2072;69494;493;0;0;5983204;6235162;7308099;20712;5927492;8172647;21707;0;8
FR;2;2022-01-10;10099;31907;232504;859;8904;255078;2459;0;0;5993303;6267069;7540603;21571;5936396;8427725;24166;0;8
FR;2;2022-01-11;11468;36243;265937;1029;10061;290646;3379;0;1;6004771;6303312;7806540;22600;5946457;8718371;27545;0;9
FR;2;2022-01-12;8766;29788;206335;863;8720;226174;2798;0;5;6013537;6333100;8012875;23463;5955177;8944545;30343;0;14
FR;2;2022-01-13;9387;31332;224507;831;9036;244853;3462;0;4;6022924;6364432;8237382;24294;5964213;9189398;33805;0;18
FR;2;2022-01-14;9741;35586;254550;920;9849;277653;3983;0;1;6032665;6400018;8491932;25214;5974062;9467051;37788;0;19
FR;2;2022-01-15;5361;19450;140784;363;5324;153646;1928;0;0;6038026;6419468;8632716;25577;5979386;9620697;39716;0;19
FR;2;2022-01-16;1512;5461;35891;81;1618;39821;424;0;0;6039538;6424929;8668607;25658;5981004;9660518;40140;0;19
FR;2;2022-01-17;5546;19267;135417;601;6603;147261;2264;0;2;6045084;6444196;8804024;26259;5987607;9807779;42404;0;21
FR;2;2022-01-18;6423;21482;148643;647;7523;160465;3311;0;0;6051507;6465678;8952667;26906;5995130;9968244;45715;0;21
FR;2;2022-01-19;4397;16308;105109;552;6207;113701;2411;0;1;6055904;6481986;9057776;27458;6001337;10081945;48126;0;22
FR;2;2022-01-20;4873;17576;115304;603;7070;123696;3111;0;2;6060777;6499562;9173080;28061;6008407;10205641;51237;0;24
FR;2;2022-01-21;5198;20041;137356;679;7170;147775;3454;0;1;6065975;6519603;9310436;28740;6015577;10353416;54691;0;25
FR;2;2022-01-22;3034;10953;74263;260;3956;80334;1428;0;0;6069009;6530556;9384699;29000;6019533;10433750;56119;0;25
FR;2;2022-01-23;724;2707;15243;41;1055;16826;238;0;0;6069733;6533263;9399942;29041;6020588;10450576;56357;0;25
FR;2;2022-01-24;3290;12799;75083;431;5844;81023;1994;0;2;6073023;6546062;9475025;29472;6026432;10531599;58351;0;27
FR;2;2022-01-25;3575;14402;79631;496;6648;85456;2879;0;4;6076598;6560464;9554656;29968;6033080;10617055;61230;0;31
FR;2;2022-01-26;2515;10706;58984;363;5330;63038;1958;0;1;6079113;6571170;9613640;30331;6038410;10680093;63188;0;32
FR;2;2022-01-27;2684;11379;64180;389;5738;67959;2461;0;1;6081797;6582549;9677820;30720;6044148;10748052;65649;0;33
FR;2;2022-01-28;3551;18266;91727;430;8614;98910;3400;0;1;6085348;6600815;9769547;31150;6052762;10846962;69049;0;34
FR;2;2022-01-29;1894;9238;48854;164;4171;52929;1375;0;1;6087242;6610053;9818401;31314;6056933;10899891;70424;0;35
FR;2;2022-01-30;464;2207;9455;38;1050;10584;203;0;0;6087706;6612260;9827856;31352;6057983;10910475;70627;0;35
FR;2;2022-01-31;1890;9558;43834;209;4714;47326;1885;0;2;6089596;6621818;9871690;31561;6062697;10957801;72512;0;37
FR;2;2022-02-01;1916;10021;47031;279;4798;50082;2708;0;0;6091512;6631839;9918721;31840;6067495;11007883;75220;0;37
FR;2;2022-02-02;1614;8979;41124;250;4194;44153;2189;0;1;6093126;6640818;9959845;32090;6071689;11052036;77409;0;38
FR;2;2022-02-03;1728;8937;40526;205;4374;42916;2641;0;2;6094854;6649755;10000371;32295;6076063;11094952;80050;0;40
FR;2;2022-02-04;2152;15173;66649;299;7382;71324;3671;0;1;6097006;6664928;10067020;32594;6083445;11166276;83721;0;41
FR;2;2022-02-05;1360;8520;35947;132;4215;39223;1370;0;0;6098366;6673448;10102967;32726;6087660;11205499;85091;0;41
FR;2;2022-02-06;275;1763;6129;16;841;6900;217;0;0;6098641;6675211;10109096;32742;6088501;11212399;85308;0;41
FR;2;2022-02-07;1352;9548;37758;134;4535;41291;1888;0;2;6099993;6684759;10146854;32876;6093036;11253690;87196;0;43
FR;2;2022-02-08;1299;9832;40956;173;4644;43750;2741;0;1;6101292;6694591;10187810;33049;6097680;11297440;89937;0;44
FR;2;2022-02-09;1160;8841;37040;174;3804;40465;1901;0;2;6102452;6703432;10224850;33223;6101484;11337905;91838;0;46
FR;2;2022-02-10;1029;8000;33837;204;3605;36510;2051;0;1;6103481;6711432;10258687;33427;6105089;11374415;93889;0;47
FR;2;2022-02-11;1391;12086;53347;223;5282;57700;2888;0;0;6104872;6723518;10312034;33650;6110371;11432115;96777;0;47
FR;2;2022-02-12;754;6535;27987;86;2793;30807;1112;0;2;6105626;6730053;10340021;33736;6113164;11462922;97889;0;49
FR;2;2022-02-13;200;1340;4836;20;562;5577;141;0;0;6105826;6731393;10344857;33756;6113726;11468499;98030;0;49
FR;2;2022-02-14;835;6731;30274;91;2598;33233;1398;0;1;6106661;6738124;10375131;33847;6116324;11501732;99428;0;50
FR;2;2022-02-15;774;6473;28051;140;2801;29993;1966;0;2;6107435;6744597;10403182;33987;6119125;11531725;101394;0;52
FR;2;2022-02-16;657;5361;22067;124;2526;23632;1569;0;3;6108092;6749958;10425249;34111;6121651;11555357;102963;0;55
FR;2;2022-02-17;518;3786;14152;98;2131;14617;1406;0;2;6108610;6753744;10439401;34209;6123782;11569974;104369;0;57
FR;2;2022-02-18;723;5368;20443;134;3039;21130;1895;0;0;6109333;6759112;10459844;34343;6126821;11591104;106264;0;57
FR;2;2022-02-19;430;3061;10532;66;1699;11246;753;0;2;6109763;6762173;10470376;34409;6128520;11602350;107017;0;59
FR;2;2022-02-20;102;518;1463;3;314;1611;100;0;0;6109865;6762691;10471839;34412;6128834;11603961;107117;0;59
FR;2;2022-02-21;422;2685;9122;65;1569;9499;930;0;0;6110287;6765376;10480961;34477;6130403;11613460;108047;0;59
FR;2;2022-02-22;392;2567;8894;77;1621;8797;1180;0;0;6110679;6767943;10489855;34554;6132024;11622257;109227;0;59
FR;2;2022-02-23;432;2605;8992;82;1522;9269;1022;0;0;6111111;6770548;10498847;34636;6133546;11631526;110249;0;59
FR;2;2022-02-24;314;2039;6802;82;1251;6832;870;0;0;6111425;6772587;10505649;34718;6134797;11638358;111119;0;59
FR;2;2022-02-25;457;3207;11420;107;1977;11284;1559;0;3;6111882;6775794;10517069;34825;6136774;11649642;112678;0;62
FR;2;2022-02-26;297;1892;6038;49;1161;6345;587;0;1;6112179;6777686;10523107;34874;6137935;11655987;113265;0;63
FR;2;2022-02-27;76;313;907;5;214;950;98;0;0;6112255;6777999;10524014;34879;6138149;11656937;113363;0;63
FR;2;2022-02-28;330;1688;5525;53;1087;5531;733;0;0;6112585;6779687;10529539;34932;6139236;11662468;114096;0;63
FR;2;2022-03-01;279;1569;5484;46;952;5201;964;0;2;6112864;6781256;10535023;34978;6140188;11667669;115060;0;65
FR;2;2022-03-02;298;1445;5248;45;877;5092;815;0;1;6113162;6782701;10540271;35023;6141065;11672761;115875;0;66
FR;2;2022-03-03;226;1112;3709;42;721;3486;668;0;1;6113388;6783813;10543980;35065;6141786;11676247;116543;0;67
FR;2;2022-03-04;243;1469;4860;74;983;4506;950;0;1;6113631;6785282;10548840;35139;6142769;11680753;117493;0;68
FR;2;2022-03-05;174;906;2981;34;612;2725;561;0;0;6113805;6786188;10551821;35173;6143381;11683478;118054;0;68
FR;2;2022-03-06;42;183;280;5;105;320;52;0;0;6113847;6786371;10552101;35178;6143486;11683798;118106;0;68
FR;2;2022-03-07;156;659;1988;70;491;1778;472;0;0;6114003;6787030;10554089;35248;6143977;11685576;118578;0;68
FR;2;2022-03-08;144;670;2272;53;461;1907;619;0;0;6114147;6787700;10556361;35301;6144438;11687483;119197;0;68
FR;2;2022-03-09;156;709;2349;37;473;2051;616;0;0;6114303;6788409;10558710;35338;6144911;11689534;119813;0;68
FR;2;2022-03-10;123;603;1695;35;446;1470;456;0;1;6114426;6789012;10560405;35373;6145357;11691004;120269;0;69
FR;2;2022-03-11;172;757;2770;57;505;2369;737;0;1;6114598;6789769;10563175;35430;6145862;11693373;121006;0;70
FR;2;2022-03-12;149;484;1787;27;331;1556;450;0;0;6114747;6790253;10564962;35457;6146193;11694929;121456;0;70
FR;2;2022-03-13;25;75;203;30;45;204;69;0;0;6114772;6790328;10565165;35487;6146238;11695133;121525;0;70
FR;2;2022-03-14;129;470;1572;529;333;1301;951;0;0;6114901;6790798;10566737;36016;6146571;11696434;122476;0;70
FR;2;2022-03-15;138;441;1713;691;333;1333;1186;0;1;6115039;6791239;10568450;36707;6146904;11697767;123662;0;71
FR;2;2022-03-16;142;476;2013;1616;331;1593;2160;0;2;6115181;6791715;10570463;38323;6147235;11699360;125822;0;73
FR;2;2022-03-17;94;413;1412;1192;273;1148;1576;0;1;6115275;6792128;10571875;39515;6147508;11700508;127398;0;74
FR;2;2022-03-18;147;496;2025;1795;335;1668;2313;0;1;6115422;6792624;10573900;41310;6147843;11702176;129711;0;75
FR;2;2022-03-19;108;321;1210;941;219;1015;1259;0;0;6115530;6792945;10575110;42251;6148062;11703191;130970;0;75
FR;2;2022-03-20;13;77;191;59;39;168;115;0;0;6115543;6793022;10575301;42310;6148101;11703359;131085;0;75
FR;2;2022-03-21;98;307;1218;1483;180;1081;1760;0;1;6115641;6793329;10576519;43793;6148281;11704440;132845;0;76
FR;2;2022-03-22;118;391;1531;1830;244;1293;2218;0;0;6115759;6793720;10578050;45623;6148525;11705733;135063;0;76
FR;2;2022-03-23;137;361;1678;3032;232;1473;3374;0;6;6115896;6794081;10579728;48655;6148757;11707206;138437;0;82
FR;2;2022-03-24;117;293;1183;1548;186;1001;1814;0;8;6116013;6794374;10580911;50203;6148943;11708207;140251;0;90
FR;2;2022-03-25;119;361;1806;2451;238;1476;2837;0;8;6116132;6794735;10582717;52654;6149181;11709683;143088;0;98
FR;2;2022-03-26;79;247;1205;1222;138;953;1531;0;5;6116211;6794982;10583922;53876;6149319;11710636;144619;0;103
FR;2;2022-03-27;19;36;154;100;19;133;144;0;0;6116230;6795018;10584076;53976;6149338;11710769;144763;0;103
FR;2;2022-03-28;94;288;1138;1602;187;995;1834;0;6;6116324;6795306;10585214;55578;6149525;11711764;146597;0;109
FR;2;2022-03-29;108;258;1325;2467;167;1105;2760;0;4;6116432;6795564;10586539;58045;6149692;11712869;149357;0;113
FR;2;2022-03-30;91;312;1489;3185;163;1320;3422;0;2;6116523;6795876;10588028;61230;6149855;11714189;152779;0;115
FR;2;2022-03-31;104;284;1277;2332;172;1092;2616;0;3;6116627;6796160;10589305;63562;6150027;11715281;155395;0;118
FR;2;2022-04-01;123;324;1568;2349;164;1323;2667;0;7;6116750;6796484;10590873;65911;6150191;11716604;158062;0;125
FR;2;2022-04-02;81;161;845;891;83;737;1052;0;1;6116831;6796645;10591718;66802;6150274;11717341;159114;0;126
FR;2;2022-04-03;16;53;128;113;27;142;133;0;1;6116847;6796698;10591846;66915;6150301;11717483;159247;0;127
FR;2;2022-04-04;113;240;990;1447;142;799;1693;0;5;6116960;6796938;10592836;68362;6150443;11718282;160940;0;132
FR;2;2022-04-05;143;300;1317;2914;160;1145;3143;0;17;6117103;6797238;10594153;71276;6150603;11719427;164083;0;149
FR;2;2022-04-06;89;260;1307;2523;128;1130;2688;0;10;6117192;6797498;10595460;73799;6150731;11720557;166771;0;159
FR;2;2022-04-07;120;230;1303;2682;141;1042;2958;0;8;6117312;6797728;10596763;76481;6150872;11721599;169729;0;167
FR;2;2022-04-08;126;346;1635;3352;182;1328;3642;0;12;6117438;6798074;10598398;79833;6151054;11722927;173371;0;179
FR;2;2022-04-09;90;219;900;1046;144;732;1288;0;4;6117528;6798293;10599298;80879;6151198;11723659;174659;0;183
FR;2;2022-04-10;37;48;143;162;45;119;200;0;1;6117565;6798341;10599441;81041;6151243;11723778;174859;0;184
FR;2;2022-04-11;88;195;892;1560;121;782;1718;0;6;6117653;6798536;10600333;82601;6151364;11724560;176577;0;190
FR;2;2022-04-12;176;273;1183;2770;175;1062;2903;0;8;6117829;6798809;10601516;85371;6151539;11725622;179480;0;198
FR;2;2022-04-13;147;231;1125;2477;110;989;2671;0;11;6117976;6799040;10602641;87848;6151649;11726611;182151;0;209
FR;2;2022-04-14;115;226;1085;2677;113;919;2911;0;18;6118091;6799266;10603726;90525;6151762;11727530;185062;0;227
FR;2;2022-04-15;114;260;1221;2304;130;1078;2544;0;7;6118205;6799526;10604947;92829;6151892;11728608;187606;0;234
FR;2;2022-04-16;67;108;548;549;68;459;675;0;9;6118272;6799634;10605495;93378;6151960;11729067;188281;0;243
FR;2;2022-04-17;15;27;57;53;16;53;71;0;0;6118287;6799661;10605552;93431;6151976;11729120;188352;0;243
FR;2;2022-04-18;12;35;121;70;18;116;95;0;0;6118299;6799696;10605673;93501;6151994;11729236;188447;0;243
FR;2;2022-04-19;112;237;1120;1750;149;951;1934;0;9;6118411;6799933;10606793;95251;6152143;11730187;190381;0;252
FR;2;2022-04-20;95;241;1110;2172;125;934;2366;0;14;6118506;6800174;10607903;97423;6152268;11731121;192747;0;266
FR;2;2022-04-21;111;233;983;1912;125;838;2141;0;10;6118617;6800407;10608886;99335;6152393;11731959;194888;0;276
FR;2;2022-04-22;100;276;1242;2102;141;1023;2440;0;11;6118717;6800683;10610128;101437;6152534;11732982;197328;0;287
FR;2;2022-04-23;67;156;645;762;107;574;862;0;8;6118784;6800839;10610773;102199;6152641;11733556;198190;0;295
FR;2;2022-04-24;12;30;101;68;12;79;100;0;0;6118796;6800869;10610874;102267;6152653;11733635;198290;0;295
FR;2;2022-04-25;104;204;821;1329;104;711;1527;0;15;6118900;6801073;10611695;103596;6152757;11734346;199817;0;310
FR;2;2022-04-26;110;184;1041;2022;118;879;2219;0;18;6119010;6801257;10612736;105618;6152875;11735225;202036;0;328
FR;2;2022-04-27;98;181;860;1784;122;764;1806;0;7;6119108;6801438;10613596;107402;6152997;11735989;203842;0;335
FR;2;2022-04-28;93;214;950;1931;128;843;2087;0;12;6119201;6801652;10614546;109333;6153125;11736832;205929;0;347
FR;2;2022-04-29;81;280;1131;1697;131;1040;1876;0;11;6119282;6801932;10615677;111030;6153256;11737872;207805;0;358
FR;2;2022-04-30;66;126;471;540;79;430;628;0;9;6119348;6802058;10616148;111570;6153335;11738302;208433;0;367
FR;2;2022-05-01;23;24;84;49;20;85;61;0;1;6119371;6802082;10616232;111619;6153355;11738387;208494;0;368
FR;2;2022-05-02;115;232;762;1217;141;660;1375;0;5;6119486;6802314;10616994;112836;6153496;11739047;209869;0;373
FR;2;2022-05-03;152;233;999;1780;156;938;1894;0;14;6119638;6802547;10617993;114616;6153652;11739985;211763;0;387
FR;2;2022-05-04;90;226;924;1810;116;867;1821;0;13;6119728;6802773;10618917;116426;6153768;11740852;213584;0;400
FR;2;2022-05-05;127;197;856;1732;146;773;1848;0;10;6119855;6802970;10619773;118158;6153914;11741625;215432;0;410
FR;2;2022-05-06;133;246;1100;1855;139;1016;2052;0;16;6119988;6803216;10620873;120013;6154053;11742641;217484;0;426
FR;2;2022-05-07;40;99;470;504;61;406;593;0;4;6120028;6803315;10621343;120517;6154114;11743047;218077;0;430
FR;2;2022-05-08;48;54;107;71;41;102;101;0;0;6120076;6803369;10621450;120588;6154155;11743149;218178;0;430
FR;2;2022-05-09;101;174;654;986;103;604;1130;0;9;6120177;6803543;10622104;121574;6154258;11743753;219308;0;439
FR;2;2022-05-10;121;252;938;1841;155;893;1965;0;23;6120298;6803795;10623042;123415;6154413;11744646;221273;0;462
FR;2;2022-05-11;103;179;813;1878;117;792;1867;0;8;6120401;6803974;10623855;125293;6154530;11745438;223140;0;470
FR;2;2022-05-12;111;174;845;2096;116;803;2213;0;21;6120512;6804148;10624700;127389;6154646;11746241;225353;0;491
FR;2;2022-05-13;100;236;969;2097;122;900;2273;0;13;6120612;6804384;10625669;129486;6154768;11747141;227626;0;504
FR;2;2022-05-14;76;124;451;553;93;411;632;0;6;6120688;6804508;10626120;130039;6154861;11747552;228258;0;510
FR;2;2022-05-15;24;39;94;88;20;108;95;0;1;6120712;6804547;10626214;130127;6154881;11747660;228353;0;511
FR;2;2022-05-16;102;170;601;925;115;537;1037;0;11;6120814;6804717;10626815;131052;6154996;11748197;229390;0;522
FR;2;2022-05-17;95;184;690;1685;119;658;1737;0;8;6120909;6804901;10627505;132737;6155115;11748855;231127;0;530
FR;2;2022-05-18;80;181;643;1431;97;648;1486;0;10;6120989;6805082;10628148;134168;6155212;11749503;232613;0;540
FR;2;2022-05-19;73;161;709;1831;81;751;1817;0;12;6121062;6805243;10628857;135999;6155293;11750254;234430;0;552
FR;2;2022-05-20;107;181;874;1701;111;779;1849;0;17;6121169;6805424;10629731;137700;6155404;11751033;236279;0;569
FR;2;2022-05-21;48;96;398;517;71;339;581;0;8;6121217;6805520;10630129;138217;6155475;11751372;236860;0;577
FR;2;2022-05-22;8;23;69;37;18;57;56;0;0;6121225;6805543;10630198;138254;6155493;11751429;236916;0;577
FR;2;2022-05-23;86;133;498;931;100;469;967;0;7;6121311;6805676;10630696;139185;6155593;11751898;237883;0;584
FR;2;2022-05-24;87;164;627;1626;103;615;1680;0;17;6121398;6805840;10631323;140811;6155696;11752513;239563;0;601
FR;2;2022-05-25;72;146;539;1148;90;494;1259;0;5;6121470;6805986;10631862;141959;6155786;11753007;240822;0;606
FR;2;2022-05-26;11;31;77;45;13;85;56;0;1;6121481;6806017;10631939;142004;6155799;11753092;240878;0;607
FR;2;2022-05-27;44;124;456;818;68;438;893;0;9;6121525;6806141;10632395;142822;6155867;11753530;241771;0;616
FR;2;2022-05-28;28;60;221;244;29;221;266;0;1;6121553;6806201;10632616;143066;6155896;11753751;242037;0;617
FR;2;2022-05-29;13;34;43;25;22;51;28;0;0;6121566;6806235;10632659;143091;6155918;11753802;242065;0;617
FR;2;2022-05-30;65;109;424;755;60;409;806;0;6;6121631;6806344;10633083;143846;6155978;11754211;242871;0;623
FR;2;2022-05-31;76;135;564;1277;92;511;1303;0;12;6121707;6806479;10633647;145123;6156070;11754722;244174;0;635
FR;2;2022-06-01;59;158;564;1075;84;543;1170;0;6;6121766;6806637;10634211;146198;6156154;11755265;245344;0;641
FR;2;2022-06-02;92;178;625;1414;109;592;1520;0;12;6121858;6806815;10634836;147612;6156263;11755857;246864;0;653
FR;2;2022-06-03;71;156;668;1605;95;595;1694;0;19;6121929;6806971;10635504;149217;6156358;11756452;248558;0;672
FR;2;2022-06-04;69;93;283;433;66;269;475;0;11;6121998;6807064;10635787;149650;6156424;11756721;249033;0;683
FR;2;2022-06-05;12;17;63;57;16;47;74;0;1;6122010;6807081;10635850;149707;6156440;11756768;249107;0;684
FR;2;2022-06-06;12;39;92;76;28;92;80;0;4;6122022;6807120;10635942;149783;6156468;11756860;249187;0;688
FR;2;2022-06-07;99;222;667;1535;154;577;1661;0;10;6122121;6807342;10636609;151318;6156622;11757437;250848;0;698
FR;2;2022-06-08;70;119;476;1166;76;411;1262;0;5;6122191;6807461;10637085;152484;6156698;11757848;252110;0;703
FR;2;2022-06-09;93;166;613;1923;107;571;1927;0;18;6122284;6807627;10637698;154407;6156805;11758419;254037;0;721
FR;2;2022-06-10;93;168;650;1683;107;622;1774;0;23;6122377;6807795;10638348;156090;6156912;11759041;255811;0;744
FR;2;2022-06-11;44;85;287;529;42;258;583;0;5;6122421;6807880;10638635;156619;6156954;11759299;256394;0;749
FR;2;2022-06-12;18;38;58;78;27;60;78;0;0;6122439;6807918;10638693;156697;6156981;11759359;256472;0;749
FR;2;2022-06-13;39;120;395;953;63;379;1021;0;6;6122478;6808038;10639088;157650;6157044;11759738;257493;0;755
FR;2;2022-06-14;68;157;599;2088;101;537;2189;0;14;6122546;6808195;10639687;159738;6157145;11760275;259682;0;769
FR;2;2022-06-15;78;104;520;1503;84;444;1638;0;10;6122624;6808299;10640207;161241;6157229;11760719;261320;0;779
FR;2;2022-06-16;127;128;496;1411;123;423;1526;0;12;6122751;6808427;10640703;162652;6157352;11761142;262846;0;791
FR;2;2022-06-17;73;138;589;1817;88;516;1921;0;16;6122824;6808565;10641292;164469;6157440;11761658;264767;0;807
FR;2;2022-06-18;76;93;224;579;81;196;630;0;4;6122900;6808658;10641516;165048;6157521;11761854;265397;0;811
FR;2;2022-06-19;11;17;53;71;7;41;90;0;2;6122911;6808675;10641569;165119;6157528;11761895;265487;0;813
FR;2;2022-06-20;62;125;401;1028;72;392;1105;0;10;6122973;6808800;10641970;166147;6157600;11762287;266592;0;823
FR;2;2022-06-21;108;115;526;2126;104;455;2163;0;22;6123081;6808915;10642496;168273;6157704;11762742;268755;0;845
FR;2;2022-06-22;39;110;462;1889;57;415;1971;0;25;6123120;6809025;10642958;170162;6157761;11763157;270726;0;870
FR;2;2022-06-23;58;108;537;2282;67;452;2400;0;30;6123178;6809133;10643495;172444;6157828;11763609;273126;0;900
FR;2;2022-06-24;66;122;709;3199;65;571;3339;0;38;6123244;6809255;10644204;175643;6157893;11764180;276465;0;938
FR;2;2022-06-25;30;90;298;987;55;254;1040;0;13;6123274;6809345;10644502;176630;6157948;11764434;277505;0;951
FR;2;2022-06-26;30;27;131;194;29;97;236;0;5;6123304;6809372;10644633;176824;6157977;11764531;277741;0;956
FR;2;2022-06-27;79;137;582;2489;94;483;2622;0;39;6123383;6809509;10645215;179313;6158071;11765014;280363;0;995
FR;2;2022-06-28;110;140;812;4817;81;650;4894;0;54;6123493;6809649;10646027;184130;6158152;11765664;285257;0;1049
FR;2;2022-06-29;73;150;776;4433;80;637;4529;0;56;6123566;6809799;10646803;188563;6158232;11766301;289786;0;1105
FR;2;2022-06-30;72;133;832;5177;71;618;5397;0;79;6123638;6809932;10647635;193740;6158303;11766919;295183;0;1184
FR;2;2022-07-01;113;161;1153;6691;94;853;6944;0;92;6123751;6810093;10648788;200431;6158397;11767772;302127;0;1276
FR;2;2022-07-02;69;132;474;1976;82;392;2067;0;27;6123820;6810225;10649262;202407;6158479;11768164;304194;0;1303
FR;2;2022-07-03;23;30;147;334;21;131;357;0;8;6123843;6810255;10649409;202741;6158500;11768295;304551;0;1311
FR;2;2022-07-04;120;184;776;3785;112;612;3973;0;49;6123963;6810439;10650185;206526;6158612;11768907;308524;0;1360
FR;2;2022-07-05;119;187;1121;6818;120;828;6999;0;85;6124082;6810626;10651306;213344;6158732;11769735;315523;0;1445
FR;2;2022-07-06;92;150;951;5807;93;697;5933;0;84;6124174;6810776;10652257;219151;6158825;11770432;321456;0;1529
FR;2;2022-07-07;81;185;1020;6501;115;751;6732;0;101;6124255;6810961;10653277;225652;6158940;11771183;328188;0;1630
FR;2;2022-07-08;65;122;1095;7044;51;758;7235;0;123;6124320;6811083;10654372;232696;6158991;11771941;335423;0;1753
FR;2;2022-07-09;34;62;418;1869;31;299;1920;0;33;6124354;6811145;10654790;234565;6159022;11772240;337343;0;1786
FR;2;2022-07-10;6;17;97;315;8;83;327;0;5;6124360;6811162;10654887;234880;6159030;11772323;337670;0;1791
FR;2;2022-07-11;68;121;683;3826;76;541;3901;0;67;6124428;6811283;10655570;238706;6159106;11772864;341571;0;1858
FR;2;2022-07-12;102;180;1054;6517;107;809;6725;0;119;6124530;6811463;10656624;245223;6159213;11773673;348296;0;1977
FR;2;2022-07-13;64;127;879;4664;75;591;4830;0;78;6124594;6811590;10657503;249887;6159288;11774264;353126;0;2055
FR;2;2022-07-14;6;13;88;250;8;59;269;0;8;6124600;6811603;10657591;250137;6159296;11774323;353395;0;2063
FR;2;2022-07-15;61;129;739;3794;53;560;3960;0;75;6124661;6811732;10658330;253931;6159349;11774883;357355;0;2138
FR;2;2022-07-16;27;54;289;1030;30;242;1076;0;25;6124688;6811786;10658619;254961;6159379;11775125;358431;0;2163
FR;2;2022-07-17;5;12;78;201;6;67;207;0;6;6124693;6811798;10658697;255162;6159385;11775192;358638;0;2169
FR;2;2022-07-18;57;103;514;2509;61;384;2648;0;59;6124750;6811901;10659211;257671;6159446;11775576;361286;0;2228
FR;2;2022-07-19;66;133;770;4258;72;555;4447;0;72;6124816;6812034;10659981;261929;6159518;11776131;365733;0;2300
FR;2;2022-07-20;59;117;582;3179;68;430;3278;0;87;6124875;6812151;10660563;265108;6159586;11776561;369011;0;2387
FR;2;2022-07-21;60;110;671;3680;73;485;3797;0;105;6124935;6812261;10661234;268788;6159659;11777046;372808;0;2492
FR;2;2022-07-22;51;99;699;3550;48;506;3700;0;80;6124986;6812360;10661933;272338;6159707;11777552;376508;0;2572
FR;2;2022-07-23;39;97;290;1173;52;229;1226;0;37;6125025;6812457;10662223;273511;6159759;11777781;377734;0;2609
FR;2;2022-07-24;14;24;69;201;19;68;203;0;7;6125039;6812481;10662292;273712;6159778;11777849;377937;0;2616
FR;2;2022-07-25;50;71;405;1938;60;300;2000;0;56;6125089;6812552;10662697;275650;6159838;11778149;379937;0;2672
FR;2;2022-07-26;57;133;606;3423;66;477;3496;0;113;6125146;6812685;10663303;279073;6159904;11778626;383433;0;2785
FR;2;2022-07-27;42;81;457;2782;50;361;2801;0;89;6125188;6812766;10663760;281855;6159954;11778987;386234;0;2874
FR;2;2022-07-28;29;75;450;2486;36;357;2490;0;78;6125217;6812841;10664210;284341;6159990;11779344;388724;0;2952
FR;2;2022-07-29;68;88;535;2857;63;347;2978;0;73;6125285;6812929;10664745;287198;6160053;11779691;391702;0;3025
FR;2;2022-07-30;22;39;162;775;32;110;794;0;24;6125307;6812968;10664907;287973;6160085;11779801;392496;0;3049
FR;2;2022-07-31;6;13;27;104;12;21;110;0;2;6125313;6812981;10664934;288077;6160097;11779822;392606;0;3051
FR;2;2022-08-01;38;105;323;1261;73;260;1343;0;29;6125351;6813086;10665257;289338;6160170;11780082;393949;0;3080
FR;2;2022-08-02;49;75;325;2061;50;247;2097;0;78;6125400;6813161;10665582;291399;6160220;11780329;396046;0;3158
FR;2;2022-08-03;29;53;259;1611;25;187;1617;0;57;6125429;6813214;10665841;293010;6160245;11780516;397663;0;3215
FR;2;2022-08-04;40;65;306;1692;39;240;1701;0;66;6125469;6813279;10666147;294702;6160284;11780756;399364;0;3281
FR;2;2022-08-05;33;94;328;1880;67;236;1911;0;60;6125502;6813373;10666475;296582;6160351;11780992;401275;0;3341
FR;2;2022-08-06;22;41;106;365;29;82;372;0;10;6125524;6813414;10666581;296947;6160380;11781074;401647;0;3351
FR;2;2022-08-07;7;8;15;69;5;16;71;0;3;6125531;6813422;10666596;297016;6160385;11781090;401718;0;3354
FR;2;2022-08-08;19;35;218;877;22;146;915;0;33;6125550;6813457;10666814;297893;6160407;11781236;402633;0;3387
FR;2;2022-08-09;29;52;279;1475;41;238;1471;0;50;6125579;6813509;10667093;299368;6160448;11781474;404104;0;3437
FR;2;2022-08-10;16;22;213;1134;19;150;1155;0;46;6125595;6813531;10667306;300502;6160467;11781624;405259;0;3483
FR;2;2022-08-11;21;41;174;1039;26;117;1048;0;40;6125616;6813572;10667480;301541;6160493;11781741;406307;0;3523
FR;2;2022-08-12;36;49;184;1046;37;140;1069;0;35;6125652;6813621;10667664;302587;6160530;11781881;407376;0;3558
FR;2;2022-08-13;9;19;47;149;15;53;137;0;5;6125661;6813640;10667711;302736;6160545;11781934;407513;0;3563
FR;2;2022-08-14;1;2;12;52;1;11;54;0;1;6125662;6813642;10667723;302788;6160546;11781945;407567;0;3564
FR;2;2022-08-15;0;5;33;22;2;21;22;0;3;6125662;6813647;10667756;302810;6160548;11781966;407589;0;3567
FR;2;2022-08-16;27;33;144;681;34;120;678;0;33;6125689;6813680;10667900;303491;6160582;11782086;408267;0;3600
FR;2;2022-08-17;18;26;109;738;18;88;744;0;34;6125707;6813706;10668009;304229;6160600;11782174;409011;0;3634
FR;2;2022-08-18;14;28;160;836;12;107;852;0;42;6125721;6813734;10668169;305065;6160612;11782281;409863;0;3676
FR;2;2022-08-19;8;38;118;706;31;88;706;0;33;6125729;6813772;10668287;305771;6160643;11782369;410569;0;3709
FR;2;2022-08-20;6;26;61;197;16;52;201;0;8;6125735;6813798;10668348;305968;6160659;11782421;410770;0;3717
FR;2;2022-08-21;4;14;15;19;6;13;31;0;0;6125739;6813812;10668363;305987;6160665;11782434;410801;0;3717
FR;2;2022-08-22;11;25;116;395;17;73;451;0;13;6125750;6813837;10668479;306382;6160682;11782507;411252;0;3730
FR;2;2022-08-23;11;41;134;671;22;112;679;0;38;6125761;6813878;10668613;307053;6160704;11782619;411931;0;3768
FR;2;2022-08-24;11;28;87;466;21;80;472;0;18;6125772;6813906;10668700;307519;6160725;11782699;412403;0;3786
FR;2;2022-08-25;8;32;109;481;16;69;516;0;17;6125780;6813938;10668809;308000;6160741;11782768;412919;0;3803
FR;2;2022-08-26;16;46;117;720;36;91;713;0;32;6125796;6813984;10668926;308720;6160777;11782859;413632;0;3835
FR;2;2022-08-27;10;19;47;156;16;42;164;0;2;6125806;6814003;10668973;308876;6160793;11782901;413796;0;3837
FR;2;2022-08-28;1;5;5;15;1;7;16;0;1;6125807;6814008;10668978;308891;6160794;11782908;413812;0;3838
FR;2;2022-08-29;24;43;94;400;29;88;396;0;24;6125831;6814051;10669072;309291;6160823;11782996;414208;0;3862
FR;2;2022-08-30;31;54;154;791;34;119;798;0;29;6125862;6814105;10669226;310082;6160857;11783115;415006;0;3891
FR;2;2022-08-31;19;36;85;392;23;79;393;0;25;6125881;6814141;10669311;310474;6160880;11783194;415399;0;3916
FR;2;2022-09-01;19;43;139;600;25;122;609;0;36;6125900;6814184;10669450;311074;6160905;11783316;416008;0;3952
FR;2;2022-09-02;34;56;146;744;34;158;748;0;32;6125934;6814240;10669596;311818;6160939;11783474;416756;0;3984
FR;2;2022-09-03;17;20;83;205;11;67;213;0;7;6125951;6814260;10669679;312023;6160950;11783541;416969;0;3991
FR;2;2022-09-04;8;5;9;31;2;10;30;0;3;6125959;6814265;10669688;312054;6160952;11783551;416999;0;3994
FR;2;2022-09-05;29;32;126;367;24;98;397;0;24;6125988;6814297;10669814;312421;6160976;11783649;417396;0;4018
FR;2;2022-09-06;43;62;158;761;42;153;767;0;36;6126031;6814359;10669972;313182;6161018;11783802;418163;0;4054
FR;2;2022-09-07;21;20;74;375;16;49;387;0;22;6126052;6814379;10670046;313557;6161034;11783851;418550;0;4076
FR;2;2022-09-08;31;57;109;636;40;100;646;0;22;6126083;6814436;10670155;314193;6161074;11783951;419196;0;4098
FR;2;2022-09-09;18;24;126;753;21;74;746;0;46;6126101;6814460;10670281;314946;6161095;11784025;419942;0;4144
FR;2;2022-09-10;14;24;57;117;16;48;131;0;4;6126115;6814484;10670338;315063;6161111;11784073;420073;0;4148
FR;2;2022-09-11;12;5;11;11;3;13;13;0;0;6126127;6814489;10670349;315074;6161114;11784086;420086;0;4148
FR;2;2022-09-12;20;31;70;340;26;56;352;0;16;6126147;6814520;10670419;315414;6161140;11784142;420438;0;4164
FR;2;2022-09-13;15;34;125;670;13;99;674;0;40;6126162;6814554;10670544;316084;6161153;11784241;421112;0;4204
FR;2;2022-09-14;19;21;81;480;19;59;478;0;36;6126181;6814575;10670625;316564;6161172;11784300;421590;0;4240
FR;2;2022-09-15;22;44;126;486;26;102;493;0;47;6126203;6814619;10670751;317050;6161198;11784402;422083;0;4287
FR;2;2022-09-16;21;31;124;563;17;89;585;0;39;6126224;6814650;10670875;317613;6161215;11784491;422668;0;4326
FR;2;2022-09-17;6;20;56;160;15;52;147;0;13;6126230;6814670;10670931;317773;6161230;11784543;422815;0;4339
FR;2;2022-09-18;4;7;13;37;6;10;37;0;3;6126234;6814677;10670944;317810;6161236;11784553;422852;0;4342
FR;2;2022-09-19;26;24;114;353;16;87;381;0;22;6126260;6814701;10671058;318163;6161252;11784640;423233;0;4364
FR;2;2022-09-20;28;27;117;624;21;84;639;0;38;6126288;6814728;10671175;318787;6161273;11784724;423872;0;4402
FR;2;2022-09-21;15;30;100;393;15;78;418;0;22;6126303;6814758;10671275;319180;6161288;11784802;424290;0;4424
FR;2;2022-09-22;16;39;124;581;18;95;619;0;28;6126319;6814797;10671399;319761;6161306;11784897;424909;0;4452
FR;2;2022-09-23;21;38;135;555;22;111;570;0;39;6126340;6814835;10671534;320316;6161328;11785008;425479;0;4491
FR;2;2022-09-24;10;8;51;190;6;36;201;0;6;6126350;6814843;10671585;320506;6161334;11785044;425680;0;4497
FR;2;2022-09-25;9;11;14;29;11;11;33;0;5;6126359;6814854;10671599;320535;6161345;11785055;425713;0;4502
FR;2;2022-09-26;22;41;116;447;27;79;458;0;20;6126381;6814895;10671715;320982;6161372;11785134;426171;0;4522
FR;2;2022-09-27;30;46;162;906;35;108;861;0;52;6126411;6814941;10671877;321888;6161407;11785242;427032;0;4574
FR;2;2022-09-28;15;31;93;421;18;74;439;0;23;6126426;6814972;10671970;322309;6161425;11785316;427471;0;4597
FR;2;2022-09-29;26;48;115;618;23;110;630;0;33;6126452;6815020;10672085;322927;6161448;11785426;428101;0;4630
FR;2;2022-09-30;25;44;111;520;44;84;533;0;31;6126477;6815064;10672196;323447;6161492;11785510;428634;0;4661
FR;2;2022-10-01;11;20;51;128;20;36;129;0;8;6126488;6815084;10672247;323575;6161512;11785546;428763;0;4669
FR;2;2022-10-02;0;5;8;21;4;5;25;0;2;6126488;6815089;10672255;323596;6161516;11785551;428788;0;4671
FR;2;2022-10-03;22;32;83;291;27;67;306;0;22;6126510;6815121;10672338;323887;6161543;11785618;429094;0;4693
FR;2;2022-10-04;17;21;106;602;19;71;621;0;46;6126527;6815142;10672444;324489;6161562;11785689;429715;0;4739
FR;2;2022-10-05;20;29;75;491;24;67;488;0;54;6126547;6815171;10672519;324980;6161586;11785756;430203;0;4793
FR;2;2022-10-06;30;23;74;442;17;71;428;0;65;6126577;6815194;10672593;325422;6161603;11785827;430631;0;4858
FR;2;2022-10-07;21;30;86;499;26;66;503;0;42;6126598;6815224;10672679;325921;6161629;11785893;431134;0;4900
FR;2;2022-10-08;12;8;23;114;3;24;108;0;12;6126610;6815232;10672702;326035;6161632;11785917;431242;0;4912
FR;2;2022-10-09;1;8;15;17;6;11;22;0;5;6126611;6815240;10672717;326052;6161638;11785928;431264;0;4917
FR;2;2022-10-10;18;24;47;223;22;49;218;0;21;6126629;6815264;10672764;326275;6161660;11785977;431482;0;4938
FR;2;2022-10-11;16;15;47;253;11;39;240;0;52;6126645;6815279;10672811;326528;6161671;11786016;431722;0;4990
FR;2;2022-10-12;8;18;52;290;14;36;305;0;56;6126653;6815297;10672863;326818;6161685;11786052;432027;0;5046
FR;2;2022-10-13;11;14;48;271;9;48;261;0;26;6126664;6815311;10672911;327089;6161694;11786100;432288;0;5072
FR;2;2022-10-14;12;29;36;229;17;40;230;0;29;6126676;6815340;10672947;327318;6161711;11786140;432518;0;5101
FR;2;2022-10-15;4;10;22;111;4;17;113;0;15;6126680;6815350;10672969;327429;6161715;11786157;432631;0;5116
FR;2;2022-10-16;0;6;4;11;5;7;8;0;1;6126680;6815356;10672973;327440;6161720;11786164;432639;0;5117
FR;2;2022-10-17;15;18;31;121;17;26;131;0;29;6126695;6815374;10673004;327561;6161737;11786190;432770;0;5146
FR;2;2022-10-18;13;11;68;184;5;34;231;0;43;6126708;6815385;10673072;327745;6161742;11786224;433001;0;5189
FR;2;2022-10-19;8;17;36;182;12;30;185;0;42;6126716;6815402;10673108;327927;6161754;11786254;433186;0;5231
FR;2;2022-10-20;11;29;41;200;15;40;196;0;52;6126727;6815431;10673149;328127;6161769;11786294;433382;0;5283
FR;2;2022-10-21;6;15;60;232;6;53;222;0;30;6126733;6815446;10673209;328359;6161775;11786347;433604;0;5313
FR;2;2022-10-22;8;7;25;101;2;23;102;0;20;6126741;6815453;10673234;328460;6161777;11786370;433706;0;5333
FR;2;2022-10-23;0;3;1;5;3;0;6;0;2;6126741;6815456;10673235;328465;6161780;11786370;433712;0;5335
FR;2;2022-10-24;12;12;16;109;12;16;112;0;20;6126753;6815468;10673251;328574;6161792;11786386;433824;0;5355
FR;2;2022-10-25;12;7;23;138;6;15;145;0;51;6126765;6815475;10673274;328712;6161798;11786401;433969;0;5406
FR;2;2022-10-26;4;3;17;90;2;11;96;0;27;6126769;6815478;10673291;328802;6161800;11786412;434065;0;5433
FR;2;2022-10-27;7;9;18;88;9;20;71;0;27;6126776;6815487;10673309;328890;6161809;11786432;434136;0;5460
FR;2;2022-10-28;5;3;15;91;3;7;92;0;27;6126781;6815490;10673324;328981;6161812;11786439;434228;0;5487
FR;2;2022-10-29;7;8;18;33;6;14;37;0;8;6126788;6815498;10673342;329014;6161818;11786453;434265;0;5495
FR;2;2022-10-30;3;7;5;8;5;2;5;0;1;6126791;6815505;10673347;329022;6161823;11786455;434270;0;5496
FR;2;2022-10-31;2;8;6;49;6;10;48;0;11;6126793;6815513;10673353;329071;6161829;11786465;434318;0;5507
FR;2;2022-11-01;0;3;8;1;3;5;4;0;0;6126793;6815516;10673361;329072;6161832;11786470;434322;0;5507
FR;2;2022-11-02;6;5;12;44;5;12;45;0;11;6126799;6815521;10673373;329116;6161837;11786482;434367;0;5518
FR;2;2022-11-03;6;7;16;77;6;10;75;0;18;6126805;6815528;10673389;329193;6161843;11786492;434442;0;5536
FR;2;2022-11-04;7;12;15;85;10;14;93;0;10;6126812;6815540;10673404;329278;6161853;11786506;434535;0;5546
FR;2;2022-11-05;0;11;12;38;6;16;35;0;6;6126812;6815551;10673416;329316;6161859;11786522;434570;0;5552
FR;2;2022-11-06;0;2;2;1;0;4;0;0;2;6126812;6815553;10673418;329317;6161859;11786526;434570;0;5554
FR;2;2022-11-07;11;7;14;66;5;13;65;0;20;6126823;6815560;10673432;329383;6161864;11786539;434635;0;5574
FR;2;2022-11-08;11;6;18;58;4;14;65;0;27;6126834;6815566;10673450;329441;6161868;11786553;434700;0;5601
FR;2;2022-11-09;4;5;17;56;2;17;50;0;28;6126838;6815571;10673467;329497;6161870;11786570;434750;0;5629
FR;2;2022-11-10;7;10;17;74;7;14;76;0;14;6126845;6815581;10673484;329571;6161877;11786584;434826;0;5643
FR;2;2022-11-11;0;3;7;3;0;8;4;0;0;6126845;6815584;10673491;329574;6161877;11786592;434830;0;5643
FR;2;2022-11-12;2;5;7;19;4;7;19;0;4;6126847;6815589;10673498;329593;6161881;11786599;434849;0;5647
FR;2;2022-11-13;3;2;3;2;1;4;1;0;0;6126850;6815591;10673501;329595;6161882;11786603;434850;0;5647
FR;2;2022-11-14;4;6;13;29;3;10;33;0;7;6126854;6815597;10673514;329624;6161885;11786613;434883;0;5654
FR;2;2022-11-15;8;12;15;35;13;18;32;0;7;6126862;6815609;10673529;329659;6161898;11786631;434915;0;5661
FR;2;2022-11-16;4;3;4;45;3;4;46;0;18;6126866;6815612;10673533;329704;6161901;11786635;434961;0;5679
FR;2;2022-11-17;2;6;12;56;5;9;55;0;22;6126868;6815618;10673545;329760;6161906;11786644;435016;0;5701
FR;2;2022-11-18;3;4;7;41;4;6;44;0;10;6126871;6815622;10673552;329801;6161910;11786650;435060;0;5711
FR;2;2022-11-19;3;2;2;25;2;3;18;0;5;6126874;6815624;10673554;329826;6161912;11786653;435078;0;5716
FR;2;2022-11-20;0;2;6;9;2;6;10;0;26;6126874;6815626;10673560;329835;6161914;11786659;435088;0;5742
FR;2;2022-11-21;6;10;9;31;7;8;34;0;22;6126880;6815636;10673569;329866;6161921;11786667;435122;0;5764
FR;2;2022-11-22;8;8;20;65;6;21;70;0;71;6126888;6815644;10673589;329931;6161927;11786688;435192;0;5835
FR;2;2022-11-23;7;6;8;68;3;5;73;0;8;6126895;6815650;10673597;329999;6161930;11786693;435265;0;5843
FR;2;2022-11-24;2;2;11;50;2;7;57;0;10;6126897;6815652;10673608;330049;6161932;11786700;435322;0;5853
FR;2;2022-11-25;11;8;11;25;11;13;26;0;8;6126908;6815660;10673619;330074;6161943;11786713;435348;0;5861
FR;2;2022-11-26;1;5;4;8;4;7;6;0;0;6126909;6815665;10673623;330082;6161947;11786720;435354;0;5861
FR;2;2022-11-27;2;2;12;2;0;11;4;0;1;6126911;6815667;10673635;330084;6161947;11786731;435358;0;5862
FR;2;2022-11-28;0;2;7;35;1;5;37;0;5;6126911;6815669;10673642;330119;6161948;11786736;435395;0;5867
FR;2;2022-11-29;1;1;9;24;0;3;30;0;8;6126912;6815670;10673651;330143;6161948;11786739;435425;0;5875
FR;2;2022-11-30;2;1;9;47;0;10;44;0;21;6126914;6815671;10673660;330190;6161948;11786749;435469;0;5896
FR;2;2022-12-01;2;10;4;61;7;12;52;0;24;6126916;6815681;10673664;330251;6161955;11786761;435521;0;5920
FR;2;2022-12-02;1;2;12;51;2;10;51;0;27;6126917;6815683;10673676;330302;6161957;11786771;435572;0;5947
FR;2;2022-12-03;1;3;8;19;1;8;18;0;10;6126918;6815686;10673684;330321;6161958;11786779;435590;0;5957
FR;2;2022-12-04;0;0;0;4;0;0;4;0;2;6126918;6815686;10673684;330325;6161958;11786779;435594;0;5959
FR;2;2022-12-05;3;3;7;51;6;4;44;0;16;6126921;6815689;10673691;330376;6161964;11786783;435638;0;5975
FR;2;2022-12-06;3;4;13;45;3;6;47;0;17;6126924;6815693;10673704;330421;6161967;11786789;435685;0;5992
FR;2;2022-12-07;1;3;9;42;2;7;44;0;11;6126925;6815696;10673713;330463;6161969;11786796;435729;0;6003
FR;2;2022-12-08;0;2;11;44;0;6;49;0;16;6126925;6815698;10673724;330507;6161969;11786802;435778;0;6019
FR;2;2022-12-09;0;1;12;52;0;9;56;0;16;6126925;6815699;10673736;330559;6161969;11786811;435834;0;6035
FR;2;2022-12-10;0;2;11;49;0;2;51;0;9;6126925;6815701;10673747;330608;6161969;11786813;435885;0;6044
FR;2;2022-12-11;0;0;2;2;0;2;1;0;3;6126925;6815701;10673749;330610;6161969;11786815;435886;0;6047
FR;2;2022-12-12;0;0;6;36;0;6;35;0;10;6126925;6815701;10673755;330646;6161969;11786821;435921;0;6057
FR;2;2022-12-13;0;2;1;37;1;1;36;0;14;6126925;6815703;10673756;330683;6161970;11786822;435957;0;6071
FR;2;2022-12-14;0;2;7;26;2;3;30;0;14;6126925;6815705;10673763;330709;6161972;11786825;435987;0;6085
FR;2;2022-12-15;0;4;12;43;4;9;44;0;17;6126925;6815709;10673775;330752;6161976;11786834;436031;0;6102
FR;2;2022-12-16;2;4;25;56;3;19;61;0;16;6126927;6815713;10673800;330808;6161979;11786853;436092;0;6118
FR;2;2022-12-17;1;4;9;44;3;5;39;0;5;6126928;6815717;10673809;330852;6161982;11786858;436131;0;6123
FR;2;2022-12-18;1;0;0;0;0;0;0;0;1;6126929;6815717;10673809;330852;6161982;11786858;436131;0;6124
FR;2;2022-12-19;6;1;3;31;0;4;24;0;24;6126935;6815718;10673812;330883;6161982;11786862;436155;0;6148
FR;2;2022-12-20;0;2;6;38;0;7;37;0;26;6126935;6815720;10673818;330921;6161982;11786869;436192;0;6174
FR;2;2022-12-21;0;1;3;13;1;3;13;0;8;6126935;6815721;10673821;330934;6161983;11786872;436205;0;6182
FR;2;2022-12-22;0;5;17;32;2;6;45;0;10;6126935;6815726;10673838;330966;6161985;11786878;436250;0;6192
FR;2;2022-12-23;1;5;10;13;3;8;16;0;4;6126936;6815731;10673848;330979;6161988;11786886;436266;0;6196
FR;2;2022-12-24;0;0;1;1;0;1;1;0;0;6126936;6815731;10673849;330980;6161988;11786887;436267;0;6196
FR;2;2022-12-25;0;1;1;3;0;1;4;0;0;6126936;6815732;10673850;330983;6161988;11786888;436271;0;6196
FR;2;2022-12-26;0;0;6;11;0;4;11;0;3;6126936;6815732;10673856;330994;6161988;11786892;436282;0;6199
FR;2;2022-12-27;0;1;6;5;1;4;7;0;4;6126936;6815733;10673862;330999;6161989;11786896;436289;0;6203
FR;2;2022-12-28;0;2;2;13;2;1;14;0;5;6126936;6815735;10673864;331012;6161991;11786897;436303;0;6208
FR;2;2022-12-29;1;0;4;15;0;2;17;0;6;6126937;6815735;10673868;331027;6161991;11786899;436320;0;6214
FR;2;2022-12-30;0;0;2;6;0;2;5;0;1;6126937;6815735;10673870;331033;6161991;11786901;436325;0;6215
FR;2;2022-12-31;0;0;1;2;0;1;2;0;1;6126937;6815735;10673871;331035;6161991;11786902;436327;0;6216
FR;2;2023-01-01;0;0;0;0;0;0;0;0;0;6126937;6815735;10673871;331035;6161991;11786902;436327;0;6216
FR;2;2023-01-02;5;0;4;20;0;1;22;0;2;6126942;6815735;10673875;331055;6161991;11786903;436349;0;6218
FR;2;2023-01-03;0;0;3;11;0;4;9;0;6;6126942;6815735;10673878;331066;6161991;11786907;436358;0;6224
FR;2;2023-01-04;1;1;4;5;2;2;5;0;2;6126943;6815736;10673882;331071;6161993;11786909;436363;0;6226
FR;2;2023-01-05;0;1;4;6;1;2;6;0;3;6126943;6815737;10673886;331077;6161994;11786911;436369;0;6229
FR;2;2023-01-06;1;0;4;7;0;1;11;0;6;6126944;6815737;10673890;331084;6161994;11786912;436380;0;6235
FR;2;2023-01-07;0;0;1;9;0;2;6;0;5;6126944;6815737;10673891;331093;6161994;11786914;436386;0;6240
FR;2;2023-01-08;0;0;1;3;0;1;3;0;2;6126944;6815737;10673892;331096;6161994;11786915;436389;0;6242
FR;2;2023-01-09;0;0;7;9;0;2;13;0;5;6126944;6815737;10673899;331105;6161994;11786917;436402;0;6247
FR;2;2023-01-10;0;3;1;6;3;0;8;0;5;6126944;6815740;10673900;331111;6161997;11786917;436410;0;6252
FR;2;2023-01-11;3;0;3;7;0;2;9;0;3;6126947;6815740;10673903;331118;6161997;11786919;436419;0;6255
FR;3;2020-12-27;0;0;0;0;0;0;0;0;0;0;0;0;0;0;0;0;0;0
FR;3;2020-12-28;0;0;0;0;0;0;0;0;0;0;0;0;0;0;0;0;0;0
FR;3;2020-12-29;0;0;0;0;0;0;0;0;0;0;0;0;0;0;0;0;0;0
FR;3;2020-12-30;0;0;0;0;0;0;0;0;0;0;0;0;0;0;0;0;0;0
FR;3;2020-12-31;0;0;0;0;0;0;0;0;0;0;0;0;0;0;0;0;0;0
FR;3;2021-01-01;0;0;0;0;0;0;0;0;0;0;0;0;0;0;0;0;0;0
FR;3;2021-01-02;0;0;0;0;0;0;0;0;0;0;0;0;0;0;0;0;0;0
FR;3;2021-01-03;0;0;0;0;0;0;0;0;0;0;0;0;0;0;0;0;0;0
FR;3;2021-01-04;0;0;0;0;0;0;0;0;0;0;0;0;0;0;0;0;0;0
FR;3;2021-01-05;0;0;0;0;0;0;0;0;0;0;0;0;0;0;0;0;0;0
FR;3;2021-01-06;0;0;0;0;0;0;0;0;0;0;0;0;0;0;0;0;0;0
FR;3;2021-01-07;0;0;0;0;0;0;0;0;0;0;0;0;0;0;0;0;0;0
FR;3;2021-01-08;0;0;0;0;0;0;0;0;0;0;0;0;0;0;0;0;0;0
FR;3;2021-01-09;0;0;0;0;0;0;0;0;0;0;0;0;0;0;0;0;0;0
FR;3;2021-01-10;0;0;0;0;0;0;0;0;0;0;0;0;0;0;0;0;0;0
FR;3;2021-01-11;0;0;0;0;0;0;0;0;0;0;0;0;0;0;0;0;0;0
FR;3;2021-01-12;0;0;0;0;0;0;0;0;0;0;0;0;0;0;0;0;0;0
FR;3;2021-01-13;0;0;0;0;0;0;0;0;0;0;0;0;0;0;0;0;0;0
FR;3;2021-01-14;0;0;0;0;0;0;0;0;0;0;0;0;0;0;0;0;0;0
FR;3;2021-01-15;0;0;0;0;0;0;0;0;0;0;0;0;0;0;0;0;0;0
FR;3;2021-01-16;0;0;0;0;0;0;0;0;0;0;0;0;0;0;0;0;0;0
FR;3;2021-01-17;0;0;0;0;0;0;0;0;0;0;0;0;0;0;0;0;0;0
FR;3;2021-01-18;0;0;0;0;0;0;0;0;0;0;0;0;0;0;0;0;0;0
FR;3;2021-01-19;0;0;0;0;0;0;0;0;0;0;0;0;0;0;0;0;0;0
FR;3;2021-01-20;0;0;0;0;0;0;0;0;0;0;0;0;0;0;0;0;0;0
FR;3;2021-01-21;0;0;0;0;0;0;0;0;0;0;0;0;0;0;0;0;0;0
FR;3;2021-01-22;0;0;0;0;0;0;0;0;0;0;0;0;0;0;0;0;0;0
FR;3;2021-01-23;0;0;0;0;0;0;0;0;0;0;0;0;0;0;0;0;0;0
FR;3;2021-01-24;0;0;0;0;0;0;0;0;0;0;0;0;0;0;0;0;0;0
FR;3;2021-01-25;0;0;0;0;0;0;0;0;0;0;0;0;0;0;0;0;0;0
FR;3;2021-01-26;0;0;0;0;0;0;0;0;0;0;0;0;0;0;0;0;0;0
FR;3;2021-01-27;0;0;0;0;0;0;0;0;0;0;0;0;0;0;0;0;0;0
FR;3;2021-01-28;0;0;0;0;0;0;0;0;0;0;0;0;0;0;0;0;0;0
FR;3;2021-01-29;0;0;0;0;0;0;0;0;0;0;0;0;0;0;0;0;0;0
FR;3;2021-01-30;0;0;0;0;0;0;0;0;0;0;0;0;0;0;0;0;0;0
FR;3;2021-01-31;0;0;0;0;0;0;0;0;0;0;0;0;0;0;0;0;0;0
FR;3;2021-02-01;0;0;0;0;0;0;0;0;0;0;0;0;0;0;0;0;0;0
FR;3;2021-02-02;0;0;0;0;0;0;0;0;0;0;0;0;0;0;0;0;0;0
FR;3;2021-02-03;0;0;0;0;0;0;0;0;0;0;0;0;0;0;0;0;0;0
FR;3;2021-02-04;0;0;0;0;0;0;0;0;0;0;0;0;0;0;0;0;0;0
FR;3;2021-02-05;0;0;0;0;0;0;0;0;0;0;0;0;0;0;0;0;0;0
FR;3;2021-02-06;1485;0;0;0;106;0;0;0;0;1485;0;0;0;106;0;0;0;0
FR;3;2021-02-07;1423;2;0;0;87;0;0;0;0;2908;2;0;0;193;0;0;0;0
FR;3;2021-02-08;2789;1;0;0;177;0;0;0;0;5697;3;0;0;370;0;0;0;0
FR;3;2021-02-09;6786;0;0;0;502;0;0;0;0;12483;3;0;0;872;0;0;0;0
FR;3;2021-02-10;9611;0;0;0;695;0;0;0;0;22094;3;0;0;1567;0;0;0;0
FR;3;2021-02-11;13620;4;0;0;920;0;0;0;0;35714;7;0;0;2487;0;0;0;0
FR;3;2021-02-12;13410;0;0;0;907;0;0;0;0;49124;7;0;0;3394;0;0;0;0
FR;3;2021-02-13;3799;1;0;0;218;0;0;0;0;52923;8;0;0;3612;0;0;0;0
FR;3;2021-02-14;975;1;0;0;53;0;0;0;0;53898;9;0;0;3665;0;0;0;0
FR;3;2021-02-15;10496;2;0;0;719;0;0;0;0;64394;11;0;0;4384;0;0;0;0
FR;3;2021-02-16;12556;5;0;0;871;0;0;0;0;76950;16;0;0;5255;0;0;0;0
FR;3;2021-02-17;11158;1;0;0;716;0;0;0;0;88108;17;0;0;5971;0;0;0;0
FR;3;2021-02-18;14943;2;0;0;985;0;0;0;0;103051;19;0;0;6956;0;0;0;0
FR;3;2021-02-19;14364;1;0;0;846;0;0;0;0;117415;20;0;0;7802;0;0;0;0
FR;3;2021-02-20;3331;0;0;0;178;0;0;0;0;120746;20;0;0;7980;0;0;0;0
FR;3;2021-02-21;620;0;0;0;35;0;0;0;0;121366;20;0;0;8015;0;0;0;0
FR;3;2021-02-22;9171;1;0;0;654;0;0;0;0;130537;21;0;0;8669;0;0;0;0
FR;3;2021-02-23;11406;6;0;0;760;0;0;0;0;141943;27;0;0;9429;0;0;0;0
FR;3;2021-02-24;14305;1;0;0;829;0;0;0;0;156248;28;0;0;10258;0;0;0;0
FR;3;2021-02-25;44935;3;0;0;1814;0;0;0;0;201183;31;0;0;12072;0;0;0;0
FR;3;2021-02-26;61890;10;0;0;2200;0;0;0;0;263073;41;0;0;14272;0;0;0;0
FR;3;2021-02-27;34811;14;0;0;1028;0;0;0;0;297884;55;0;0;15300;0;0;0;0
FR;3;2021-02-28;2464;0;0;0;114;0;0;0;0;300348;55;0;0;15414;0;0;0;0
FR;3;2021-03-01;20519;21;0;0;1067;0;0;0;0;320867;76;0;0;16481;0;0;0;0
FR;3;2021-03-02;38878;25;0;0;1789;0;0;0;0;359745;101;0;0;18270;0;0;0;0
FR;3;2021-03-03;48749;19;0;0;2132;0;0;0;0;408494;120;0;0;20402;0;0;0;0
FR;3;2021-03-04;82228;25;0;0;3194;0;0;0;0;490722;145;0;0;23596;0;0;0;0
FR;3;2021-03-05;118136;41;0;0;4691;0;0;0;0;608858;186;0;0;28287;0;0;0;0
FR;3;2021-03-06;120726;65;1;0;3559;0;0;0;0;729584;251;1;0;31846;0;0;0;0
FR;3;2021-03-07;55186;23;0;0;1729;0;0;0;0;784770;274;1;0;33575;0;0;0;0
FR;3;2021-03-08;42814;29;0;0;2074;0;0;0;0;827584;303;1;0;35649;0;0;0;0
FR;3;2021-03-09;78979;50;0;0;3286;0;0;0;0;906563;353;1;0;38935;0;0;0;0
FR;3;2021-03-10;80984;64;0;0;3240;0;0;0;0;987547;417;1;0;42175;0;0;0;0
FR;3;2021-03-11;128447;63;0;0;4764;0;0;0;0;1115994;480;1;0;46939;0;0;0;0
FR;3;2021-03-12;182721;121;0;0;6278;0;0;0;0;1298715;601;1;0;53217;0;0;0;0
FR;3;2021-03-13;132162;88;0;0;3527;0;0;0;0;1430877;689;1;0;56744;0;0;0;0
FR;3;2021-03-14;14060;6;0;0;550;0;0;0;0;1444937;695;1;0;57294;0;0;0;0
FR;3;2021-03-15;52238;81;0;0;2096;0;0;0;0;1497175;776;1;0;59390;0;0;0;0
FR;3;2021-03-16;1221;49;0;0;103;0;0;0;0;1498396;825;1;0;59493;0;0;0;0
FR;3;2021-03-17;950;55;0;0;94;0;0;0;0;1499346;880;1;0;59587;0;0;0;0
FR;3;2021-03-18;1576;41;0;0;101;0;0;0;0;1500922;921;1;0;59688;0;0;0;0
FR;3;2021-03-19;70458;56;0;0;2060;0;0;0;0;1571380;977;1;0;61748;0;0;0;0
FR;3;2021-03-20;65241;51;0;0;1703;0;0;0;0;1636621;1028;1;0;63451;0;0;0;0
FR;3;2021-03-21;5761;8;0;0;199;0;0;0;0;1642382;1036;1;0;63650;0;0;0;0
FR;3;2021-03-22;37509;48;0;0;1051;0;0;0;0;1679891;1084;1;0;64701;0;0;0;0
FR;3;2021-03-23;84669;87;0;0;2286;0;0;0;0;1764560;1171;1;0;66987;0;0;0;0
FR;3;2021-03-24;90955;98;0;0;2490;0;0;0;0;1855515;1269;1;0;69477;0;0;0;0
FR;3;2021-03-25;150069;145;0;0;3788;0;0;0;0;2005584;1414;1;0;73265;0;0;0;0
FR;3;2021-03-26;165430;158;0;0;4149;0;0;0;0;2171014;1572;1;0;77414;0;0;0;0
FR;3;2021-03-27;68466;101;0;0;2004;0;0;0;0;2239480;1673;1;0;79418;0;0;0;0
FR;3;2021-03-28;6479;20;0;0;237;0;0;0;0;2245959;1693;1;0;79655;0;0;0;0
FR;3;2021-03-29;54168;82;0;0;1480;0;0;0;0;2300127;1775;1;0;81135;0;0;0;0
FR;3;2021-03-30;93184;102;0;0;2564;0;0;0;0;2393311;1877;1;0;83699;0;0;0;0
FR;3;2021-03-31;63545;111;0;0;1965;0;0;0;0;2456856;1988;1;0;85664;0;0;0;0
FR;3;2021-04-01;86135;112;0;0;2492;0;0;0;0;2542991;2100;1;0;88156;0;0;0;0
FR;3;2021-04-02;86913;187;0;0;2766;0;0;0;0;2629904;2287;1;0;90922;0;0;0;0
FR;3;2021-04-03;35875;131;0;0;1162;0;0;0;0;2665779;2418;1;0;92084;0;0;0;0
FR;3;2021-04-04;3577;19;0;0;164;0;0;0;0;2669356;2437;1;0;92248;0;0;0;0
FR;3;2021-04-05;4492;40;0;0;236;0;0;0;0;2673848;2477;1;0;92484;0;0;0;0
FR;3;2021-04-06;29761;105;0;0;1092;0;0;0;0;2703609;2582;1;0;93576;0;0;0;0
FR;3;2021-04-07;32348;111;0;0;1050;0;0;0;0;2735957;2693;1;0;94626;0;0;0;0
FR;3;2021-04-08;78827;267;0;0;2614;0;0;0;0;2814784;2960;1;0;97240;0;0;0;0
FR;3;2021-04-09;161761;448;0;0;5175;0;0;0;0;2976545;3408;1;0;102415;0;0;0;0
FR;3;2021-04-10;75764;364;0;0;2696;0;0;0;0;3052309;3772;1;0;105111;0;0;0;0
FR;3;2021-04-11;7315;47;0;0;306;0;0;0;0;3059624;3819;1;0;105417;0;0;0;0
FR;3;2021-04-12;51485;216;0;0;1737;0;0;0;0;3111109;4035;1;0;107154;0;0;0;0
FR;3;2021-04-13;86236;361;0;0;2908;0;0;0;0;3197345;4396;1;0;110062;0;0;0;0
FR;3;2021-04-14;67844;376;0;0;2428;0;0;0;0;3265189;4772;1;0;112490;0;0;0;0
FR;3;2021-04-15;93242;403;0;0;3441;0;0;0;0;3358431;5175;1;0;115931;0;0;0;0
FR;3;2021-04-16;112530;626;0;0;4342;0;0;0;0;3470961;5801;1;0;120273;0;0;0;0
FR;3;2021-04-17;53319;369;1;0;2276;0;0;0;0;3524280;6170;2;0;122549;0;0;0;0
FR;3;2021-04-18;9751;49;0;0;423;0;0;0;0;3534031;6219;2;0;122972;0;0;0;0
FR;3;2021-04-19;25117;286;0;0;1092;0;0;0;0;3559148;6505;2;0;124064;0;0;0;0
FR;3;2021-04-20;45675;433;0;0;1904;0;0;0;0;3604823;6938;2;0;125968;0;0;0;0
FR;3;2021-04-21;38985;544;0;0;1888;0;0;0;0;3643808;7482;2;0;127856;0;0;0;0
FR;3;2021-04-22;54723;874;0;0;2826;0;0;0;0;3698531;8356;2;0;130682;0;0;0;0
FR;3;2021-04-23;70493;1091;0;0;3692;0;0;0;0;3769024;9447;2;0;134374;0;0;0;0
FR;3;2021-04-24;37253;1094;0;0;2483;0;0;0;0;3806277;10541;2;0;136857;0;0;0;0
FR;3;2021-04-25;6213;159;0;0;447;0;0;0;0;3812490;10700;2;0;137304;0;0;0;0
FR;3;2021-04-26;19790;695;0;0;1430;0;0;0;0;3832280;11395;2;0;138734;0;0;0;0
FR;3;2021-04-27;34484;1328;0;0;2586;0;0;0;0;3866764;12723;2;0;141320;0;0;0;0
FR;3;2021-04-28;28972;2036;0;0;3153;0;0;0;0;3895736;14759;2;0;144473;0;0;0;0
FR;3;2021-04-29;45394;6115;0;0;7933;0;0;0;0;3941130;20874;2;0;152406;0;0;0;0
FR;3;2021-04-30;55465;9106;1;0;11501;0;0;0;0;3996595;29980;3;0;163907;0;0;0;0
FR;3;2021-05-01;9518;2061;0;0;2492;0;0;0;0;4006113;32041;3;0;166399;0;0;0;0
FR;3;2021-05-02;3081;468;0;0;613;0;0;0;0;4009194;32509;3;0;167012;0;0;0;0
FR;3;2021-05-03;13066;3934;0;0;4501;0;0;0;0;4022260;36443;3;0;171513;0;0;0;0
FR;3;2021-05-04;23123;8369;0;0;9435;0;0;0;0;4045383;44812;3;0;180948;0;0;0;0
FR;3;2021-05-05;18765;10820;0;0;11758;0;0;0;0;4064148;55632;3;0;192706;0;0;0;0
FR;3;2021-05-06;34632;21234;0;0;22784;0;0;0;0;4098780;76866;3;0;215490;0;0;0;0
FR;3;2021-05-07;44210;28877;0;0;31181;0;0;0;0;4142990;105743;3;0;246671;0;0;0;0
FR;3;2021-05-08;6785;9189;0;0;9552;0;0;0;0;4149775;114932;3;0;256223;0;0;0;0
FR;3;2021-05-09;1797;2666;0;0;2766;0;0;0;0;4151572;117598;3;0;258989;0;0;0;0
FR;3;2021-05-10;15001;12901;0;0;13594;0;0;0;0;4166573;130499;3;0;272583;0;0;0;0
FR;3;2021-05-11;27099;26257;0;0;27529;0;0;0;0;4193672;156756;3;0;300112;0;0;0;0
FR;3;2021-05-12;17273;28115;0;0;29051;0;0;0;0;4210945;184871;3;0;329163;0;0;0;0
FR;3;2021-05-13;2285;3513;0;0;3633;0;0;0;0;4213230;188384;3;0;332796;0;0;0;0
FR;3;2021-05-14;14521;26065;0;0;26845;0;0;0;0;4227751;214449;3;0;359641;0;0;0;0
FR;3;2021-05-15;7233;21077;0;0;21504;0;0;0;0;4234984;235526;3;0;381145;0;0;0;0
FR;3;2021-05-16;977;2640;0;0;2685;0;0;0;0;4235961;238166;3;0;383830;0;0;0;0
FR;3;2021-05-17;7966;20208;0;0;20653;0;0;0;0;4243927;258374;3;0;404483;0;0;0;0
FR;3;2021-05-18;13417;30135;0;0;30896;0;0;0;0;4257344;288509;3;0;435379;0;0;0;0
FR;3;2021-05-19;9276;30565;0;0;31157;0;0;0;0;4266620;319074;3;0;466536;0;0;0;0
FR;3;2021-05-20;12806;53817;3;0;54743;0;0;0;0;4279426;372891;6;0;521279;0;0;0;0
FR;3;2021-05-21;12770;66170;2;0;67096;0;0;0;0;4292196;439061;8;0;588375;0;0;0;0
FR;3;2021-05-22;4967;33758;1;0;34139;0;0;0;0;4297163;472819;9;0;622514;0;0;0;0
FR;3;2021-05-23;651;2666;0;0;2698;0;0;0;0;4297814;475485;9;0;625212;0;0;0;0
FR;3;2021-05-24;885;4787;0;0;4831;0;0;0;0;4298699;480272;9;0;630043;0;0;0;0
FR;3;2021-05-25;5312;46687;1;0;47085;0;0;0;0;4304011;526959;10;0;677128;0;0;0;0
FR;3;2021-05-26;4980;52164;1;0;52636;0;0;0;0;4308991;579123;11;0;729764;0;0;0;0
FR;3;2021-05-27;6336;79016;3;0;79625;0;0;0;0;4315327;658139;14;0;809389;0;0;0;0
FR;3;2021-05-28;7545;100289;2;0;101091;0;0;0;0;4322872;758428;16;0;910480;0;0;0;0
FR;3;2021-05-29;3349;61143;1;0;61524;0;0;0;0;4326221;819571;17;0;972004;0;0;0;0
FR;3;2021-05-30;551;8090;0;0;8139;0;0;0;0;4326772;827661;17;0;980143;0;0;0;0
FR;3;2021-05-31;2442;35487;3;0;35752;0;0;0;0;4329214;863148;20;0;1015895;0;0;0;0
FR;3;2021-06-01;3414;64878;10;0;65327;0;0;0;0;4332628;928026;30;0;1081222;0;0;0;0
FR;3;2021-06-02;2735;58901;6;0;59236;0;0;0;0;4335363;986927;36;0;1140458;0;0;0;0
FR;3;2021-06-03;3496;87216;10;0;87752;0;0;0;0;4338859;1074143;46;0;1228210;0;0;0;0
FR;3;2021-06-04;4124;105839;22;0;106500;0;0;0;0;4342983;1179982;68;0;1334710;0;0;0;0
FR;3;2021-06-05;1983;52593;4;0;52910;0;0;0;0;4344966;1232575;72;0;1387620;0;0;0;0
FR;3;2021-06-06;511;5273;1;0;5320;0;0;0;0;4345477;1237848;73;0;1392940;0;0;0;0
FR;3;2021-06-07;1486;30713;11;0;30894;0;0;0;0;4346963;1268561;84;0;1423834;0;0;0;0
FR;3;2021-06-08;2065;47422;18;0;47768;0;0;0;0;4349028;1315983;102;0;1471602;0;0;0;0
FR;3;2021-06-09;1795;41831;13;0;42136;0;0;0;0;4350823;1357814;115;0;1513738;0;0;0;0
FR;3;2021-06-10;2258;67684;17;0;68080;0;0;0;0;4353081;1425498;132;0;1581818;0;0;0;0
FR;3;2021-06-11;2490;96622;34;0;97094;0;0;0;0;4355571;1522120;166;0;1678912;0;0;0;0
FR;3;2021-06-12;1178;40573;6;0;40804;0;0;0;0;4356749;1562693;172;0;1719716;0;0;0;0
FR;3;2021-06-13;283;3614;3;0;3649;0;0;0;0;4357032;1566307;175;0;1723365;0;0;0;0
FR;3;2021-06-14;1050;42324;17;0;42493;0;0;0;0;4358082;1608631;192;0;1765858;0;0;0;0
FR;3;2021-06-15;1379;80359;20;0;80663;0;0;0;0;4359461;1688990;212;0;1846521;0;0;0;0
FR;3;2021-06-16;1263;65496;20;0;65769;0;0;0;0;4360724;1754486;232;0;1912290;0;0;0;0
FR;3;2021-06-17;1667;102279;41;0;102662;0;0;0;0;4362391;1856765;273;0;2014952;0;0;0;0
FR;3;2021-06-18;1872;118452;63;0;118919;0;0;0;0;4364263;1975217;336;0;2133871;0;0;0;0
FR;3;2021-06-19;803;39463;22;0;39657;0;0;0;0;4365066;2014680;358;0;2173528;0;0;0;0
FR;3;2021-06-20;162;3196;0;0;3224;0;0;0;0;4365228;2017876;358;0;2176752;0;0;0;0
FR;3;2021-06-21;774;39086;16;0;39244;0;0;0;0;4366002;2056962;374;0;2215996;0;0;0;0
FR;3;2021-06-22;1065;70056;52;0;70326;0;0;0;0;4367067;2127018;426;0;2286322;0;0;0;0
FR;3;2021-06-23;945;50837;39;0;51109;0;0;0;0;4368012;2177855;465;0;2337431;0;0;0;0
FR;3;2021-06-24;1311;77295;48;0;77668;0;0;0;0;4369323;2255150;513;0;2415099;0;0;0;0
FR;3;2021-06-25;1410;90806;73;0;91239;0;0;0;0;4370733;2345956;586;0;2506338;0;0;0;0
FR;3;2021-06-26;632;33110;29;0;33303;0;0;0;0;4371365;2379066;615;0;2539641;0;0;0;0
FR;3;2021-06-27;167;3782;1;0;3806;0;0;0;0;4371532;2382848;616;0;2543447;0;0;0;0
FR;3;2021-06-28;655;29961;27;0;30155;0;0;0;0;4372187;2412809;643;0;2573602;0;0;0;0
FR;3;2021-06-29;856;56637;95;0;56881;0;0;0;0;4373043;2469446;738;0;2630483;0;0;0;0
FR;3;2021-06-30;905;45204;93;0;45472;0;0;0;0;4373948;2514650;831;0;2675955;0;0;0;0
FR;3;2021-07-01;1164;66101;108;0;66450;0;0;0;0;4375112;2580751;939;0;2742405;0;0;0;0
FR;3;2021-07-02;1305;90527;170;0;91007;0;0;0;0;4376417;2671278;1109;0;2833412;0;0;0;0
FR;3;2021-07-03;602;31179;51;0;31380;0;0;0;0;4377019;2702457;1160;0;2864792;0;0;0;0
FR;3;2021-07-04;144;3979;3;0;4009;0;0;0;0;4377163;2706436;1163;0;2868801;0;0;0;0
FR;3;2021-07-05;613;33614;60;0;33813;0;0;0;0;4377776;2740050;1223;0;2902614;0;0;0;0
FR;3;2021-07-06;964;55925;88;0;56238;0;0;0;0;4378740;2795975;1311;0;2958852;0;0;0;0
FR;3;2021-07-07;873;42961;80;0;43258;0;0;0;0;4379613;2838936;1391;0;3002110;0;0;0;0
FR;3;2021-07-08;1127;60814;99;0;61223;0;0;0;0;4380740;2899750;1490;0;3063333;0;0;0;0
FR;3;2021-07-09;1261;68935;128;0;69401;0;0;0;0;4382001;2968685;1618;0;3132734;0;0;0;0
FR;3;2021-07-10;644;25023;59;0;25220;0;0;0;0;4382645;2993708;1677;0;3157954;0;0;0;0
FR;3;2021-07-11;132;3178;4;0;3203;0;0;0;0;4382777;2996886;1681;0;3161157;0;0;0;0
FR;3;2021-07-12;662;23615;59;0;23828;0;0;0;0;4383439;3020501;1740;0;3184985;0;0;0;0
FR;3;2021-07-13;1648;34448;90;0;34936;0;0;0;0;4385087;3054949;1830;0;3219921;0;0;0;0
FR;3;2021-07-14;271;2472;2;0;2529;0;0;0;0;4385358;3057421;1832;0;3222450;0;0;0;0
FR;3;2021-07-15;1940;30429;85;0;31004;0;0;0;0;4387298;3087850;1917;0;3253454;0;0;0;0
FR;3;2021-07-16;2520;38630;122;0;39363;0;0;0;0;4389818;3126480;2039;0;3292817;0;0;0;0
FR;3;2021-07-17;1051;13722;26;0;14030;0;0;0;0;4390869;3140202;2065;0;3306847;0;0;0;0
FR;3;2021-07-18;266;2555;3;0;2603;0;0;0;0;4391135;3142757;2068;0;3309450;0;0;0;0
FR;3;2021-07-19;1280;16899;38;0;17267;0;0;0;0;4392415;3159656;2106;0;3326717;0;0;0;0
FR;3;2021-07-20;1823;26936;98;0;27479;0;0;0;0;4394238;3186592;2204;0;3354196;0;0;0;0
FR;3;2021-07-21;1651;19498;44;0;20003;0;0;0;0;4395889;3206090;2248;0;3374199;0;0;0;0
FR;3;2021-07-22;1856;27651;83;0;28216;0;0;0;0;4397745;3233741;2331;0;3402415;0;0;0;0
FR;3;2021-07-23;2217;30218;117;0;30956;0;0;0;0;4399962;3263959;2448;0;3433371;0;0;0;0
FR;3;2021-07-24;828;6932;25;0;7156;0;0;0;0;4400790;3270891;2473;0;3440527;0;0;0;0
FR;3;2021-07-25;210;1289;1;0;1344;0;0;0;0;4401000;3272180;2474;0;3441871;0;0;0;0
FR;3;2021-07-26;933;10514;28;0;10821;0;0;0;0;4401933;3282694;2502;0;3452692;0;0;0;0
FR;3;2021-07-27;1170;16804;56;0;17168;0;0;0;0;4403103;3299498;2558;0;3469860;0;0;0;0
FR;3;2021-07-28;989;12003;40;0;12315;0;0;0;0;4404092;3311501;2598;0;3482175;0;0;0;0
FR;3;2021-07-29;1127;15690;63;0;16103;0;0;0;0;4405219;3327191;2661;0;3498278;0;0;0;0
FR;3;2021-07-30;1129;17990;79;0;18364;0;0;0;0;4406348;3345181;2740;0;3516642;0;0;0;0
FR;3;2021-07-31;407;3711;15;0;3836;0;0;0;0;4406755;3348892;2755;0;3520478;0;0;0;0
FR;3;2021-08-01;117;449;1;0;471;0;0;0;0;4406872;3349341;2756;0;3520949;0;0;0;0
FR;3;2021-08-02;423;5026;22;0;5147;0;0;0;0;4407295;3354367;2778;0;3526096;0;0;0;0
FR;3;2021-08-03;498;7467;27;0;7601;0;0;0;0;4407793;3361834;2805;0;3533697;0;0;0;0
FR;3;2021-08-04;440;4833;26;0;4978;0;0;0;0;4408233;3366667;2831;0;3538675;0;0;0;0
FR;3;2021-08-05;433;3655;13;0;3765;0;0;0;0;4408666;3370322;2844;0;3542440;0;0;0;0
FR;3;2021-08-06;456;4703;30;0;4805;0;0;0;0;4409122;3375025;2874;0;3547245;0;0;0;0
FR;3;2021-08-07;214;1899;11;0;1945;0;0;0;0;4409336;3376924;2885;0;3549190;0;0;0;0
FR;3;2021-08-08;250;424;2;0;457;0;0;0;0;4409586;3377348;2887;0;3549647;0;0;0;0
FR;3;2021-08-09;318;2378;11;0;2449;0;0;0;0;4409904;3379726;2898;0;3552096;0;0;0;0
FR;3;2021-08-10;369;3746;15;0;3835;0;0;0;0;4410273;3383472;2913;0;3555931;0;0;0;0
FR;3;2021-08-11;291;2643;15;0;2703;0;0;0;0;4410564;3386115;2928;0;3558634;0;0;0;0
FR;3;2021-08-12;279;2567;13;0;2655;0;0;0;0;4410843;3388682;2941;0;3561289;0;0;0;0
FR;3;2021-08-13;278;2254;16;0;2339;0;0;0;0;4411121;3390936;2957;0;3563628;0;0;0;0
FR;3;2021-08-14;172;880;1;0;911;0;0;0;0;4411293;3391816;2958;0;3564539;0;0;0;0
FR;3;2021-08-15;56;175;0;0;184;0;0;0;0;4411349;3391991;2958;0;3564723;0;0;0;0
FR;3;2021-08-16;126;1011;8;0;1050;0;0;0;0;4411475;3393002;2966;0;3565773;0;0;0;0
FR;3;2021-08-17;191;1432;8;0;1473;0;0;0;0;4411666;3394434;2974;0;3567246;0;0;0;0
FR;3;2021-08-18;204;1310;10;0;1352;0;0;0;0;4411870;3395744;2984;0;3568598;0;0;0;0
FR;3;2021-08-19;165;1374;10;0;1421;0;0;0;0;4412035;3397118;2994;0;3570019;0;0;0;0
FR;3;2021-08-20;167;1596;16;0;1658;0;0;0;0;4412202;3398714;3010;0;3571677;0;0;0;0
FR;3;2021-08-21;93;580;2;0;595;0;0;0;0;4412295;3399294;3012;0;3572272;0;0;0;0
FR;3;2021-08-22;42;191;1;0;194;0;0;0;0;4412337;3399485;3013;0;3572466;0;0;0;0
FR;3;2021-08-23;141;882;7;0;927;0;0;0;0;4412478;3400367;3020;0;3573393;0;0;0;0
FR;3;2021-08-24;125;925;10;0;957;0;0;0;0;4412603;3401292;3030;0;3574350;0;0;0;0
FR;3;2021-08-25;137;819;3;0;848;0;0;0;0;4412740;3402111;3033;0;3575198;0;0;0;0
FR;3;2021-08-26;172;829;9;0;877;0;0;0;0;4412912;3402940;3042;0;3576075;0;0;0;0
FR;3;2021-08-27;178;937;9;0;989;0;0;0;0;4413090;3403877;3051;0;3577064;0;0;0;0
FR;3;2021-08-28;101;371;4;0;388;0;0;0;0;4413191;3404248;3055;0;3577452;0;0;0;0
FR;3;2021-08-29;128;129;1;0;162;0;0;0;0;4413319;3404377;3056;0;3577614;0;0;0;0
FR;3;2021-08-30;100;564;0;0;471;110;0;0;0;4413419;3404941;3056;0;3578085;110;0;0;0
FR;3;2021-08-31;134;685;7;0;589;135;0;0;0;4413553;3405626;3063;0;3578674;245;0;0;0
FR;3;2021-09-01;122;458;5;0;380;106;0;0;0;4413675;3406084;3068;0;3579054;351;0;0;0
FR;3;2021-09-02;100;596;22;0;532;105;0;0;0;4413775;3406680;3090;0;3579586;456;0;0;0
FR;3;2021-09-03;116;555;17;0;478;118;0;0;0;4413891;3407235;3107;0;3580064;574;0;0;0
FR;3;2021-09-04;55;293;3;0;254;50;0;0;0;4413946;3407528;3110;0;3580318;624;0;0;0
FR;3;2021-09-05;52;67;5;0;56;26;0;0;0;4413998;3407595;3115;0;3580374;650;0;0;0
FR;3;2021-09-06;118;367;4;0;261;130;0;0;0;4414116;3407962;3119;0;3580635;780;0;0;0
FR;3;2021-09-07;124;432;14;0;348;116;0;0;0;4414240;3408394;3133;0;3580983;896;0;0;0
FR;3;2021-09-08;122;343;2;0;272;88;0;0;0;4414362;3408737;3135;0;3581255;984;0;0;0
FR;3;2021-09-09;94;378;8;0;297;104;0;0;0;4414456;3409115;3143;0;3581552;1088;0;0;0
FR;3;2021-09-10;101;401;3;0;331;93;0;0;0;4414557;3409516;3146;0;3581883;1181;0;0;0
FR;3;2021-09-11;78;232;4;0;177;65;0;0;0;4414635;3409748;3150;0;3582060;1246;0;0;0
FR;3;2021-09-12;37;48;1;0;37;16;0;0;0;4414672;3409796;3151;0;3582097;1262;0;0;0
FR;3;2021-09-13;78;298;7;0;215;102;1;0;0;4414750;3410094;3158;0;3582312;1364;1;0;0
FR;3;2021-09-14;75;273;6;0;193;94;0;0;0;4414825;3410367;3164;0;3582505;1458;1;0;0
FR;3;2021-09-15;63;251;3;0;256;6;0;0;0;4414888;3410618;3167;0;3582761;1464;1;0;0
FR;3;2021-09-16;65;320;6;0;331;6;0;0;0;4414953;3410938;3173;0;3583092;1470;1;0;0
FR;3;2021-09-17;52;326;3;0;338;6;0;0;0;4415005;3411264;3176;0;3583430;1476;1;0;0
FR;3;2021-09-18;37;171;1;0;175;1;0;0;0;4415042;3411435;3177;0;3583605;1477;1;0;0
FR;3;2021-09-19;29;31;2;0;34;1;0;0;0;4415071;3411466;3179;0;3583639;1478;1;0;0
FR;3;2021-09-20;82;190;0;0;198;1;0;0;0;4415153;3411656;3179;0;3583837;1479;1;0;0
FR;3;2021-09-21;60;272;7;0;276;8;0;0;0;4415213;3411928;3186;0;3584113;1487;1;0;0
FR;3;2021-09-22;66;229;6;0;242;7;0;0;0;4415279;3412157;3192;0;3584355;1494;1;0;0
FR;3;2021-09-23;37;257;11;0;261;7;0;0;0;4415316;3412414;3203;0;3584616;1501;1;0;0
FR;3;2021-09-24;29;319;12;0;317;18;0;0;0;4415345;3412733;3215;0;3584933;1519;1;0;0
FR;3;2021-09-25;31;144;3;0;150;3;0;0;0;4415376;3412877;3218;0;3585083;1522;1;0;0
FR;3;2021-09-26;16;57;1;0;59;1;0;0;0;4415392;3412934;3219;0;3585142;1523;1;0;0
FR;3;2021-09-27;48;283;3;0;286;5;0;0;0;4415440;3413217;3222;0;3585428;1528;1;0;0
FR;3;2021-09-28;49;246;6;0;254;8;0;0;0;4415489;3413463;3228;0;3585682;1536;1;0;0
FR;3;2021-09-29;39;219;10;0;223;15;0;0;0;4415528;3413682;3238;0;3585905;1551;1;0;0
FR;3;2021-09-30;40;200;8;0;204;11;0;0;0;4415568;3413882;3246;0;3586109;1562;1;0;0
FR;3;2021-10-01;23;159;6;0;161;8;0;0;0;4415591;3414041;3252;0;3586270;1570;1;0;0
FR;3;2021-10-02;17;87;0;0;88;0;0;0;0;4415608;3414128;3252;0;3586358;1570;1;0;0
FR;3;2021-10-03;19;19;1;0;19;2;0;0;0;4415627;3414147;3253;0;3586377;1572;1;0;0
FR;3;2021-10-04;33;157;4;0;162;4;0;0;0;4415660;3414304;3257;0;3586539;1576;1;0;0
FR;3;2021-10-05;17;147;10;0;152;12;0;0;0;4415677;3414451;3267;0;3586691;1588;1;0;0
FR;3;2021-10-06;33;143;9;0;151;10;0;0;0;4415710;3414594;3276;0;3586842;1598;1;0;0
FR;3;2021-10-07;20;131;6;0;129;6;0;0;0;4415730;3414725;3282;0;3586971;1604;1;0;0
FR;3;2021-10-08;25;136;10;0;141;9;0;0;0;4415755;3414861;3292;0;3587112;1613;1;0;0
FR;3;2021-10-09;17;72;1;0;73;1;0;0;0;4415772;3414933;3293;0;3587185;1614;1;0;0
FR;3;2021-10-10;13;17;2;0;16;3;0;0;0;4415785;3414950;3295;0;3587201;1617;1;0;0
FR;3;2021-10-11;17;115;4;0;120;5;0;0;0;4415802;3415065;3299;0;3587321;1622;1;0;0
FR;3;2021-10-12;22;99;6;0;99;6;0;0;0;4415824;3415164;3305;0;3587420;1628;1;0;0
FR;3;2021-10-13;25;114;9;0;121;7;0;0;0;4415849;3415278;3314;0;3587541;1635;1;0;0
FR;3;2021-10-14;19;138;3;0;139;4;0;0;0;4415868;3415416;3317;0;3587680;1639;1;0;0
FR;3;2021-10-15;23;142;8;0;141;13;0;0;0;4415891;3415558;3325;0;3587821;1652;1;0;0
FR;3;2021-10-16;13;66;6;0;65;8;0;0;0;4415904;3415624;3331;0;3587886;1660;1;0;0
FR;3;2021-10-17;12;24;0;0;26;0;0;0;0;4415916;3415648;3331;0;3587912;1660;1;0;0
FR;3;2021-10-18;18;112;2;0;117;2;0;0;0;4415934;3415760;3333;0;3588029;1662;1;0;0
FR;3;2021-10-19;18;112;19;0;113;21;0;0;0;4415952;3415872;3352;0;3588142;1683;1;0;0
FR;3;2021-10-20;26;127;6;0;129;7;0;0;0;4415978;3415999;3358;0;3588271;1690;1;0;0
FR;3;2021-10-21;28;120;17;0;120;13;0;0;0;4416006;3416119;3375;0;3588391;1703;1;0;0
FR;3;2021-10-22;24;104;18;0;103;21;0;0;0;4416030;3416223;3393;0;3588494;1724;1;0;0
FR;3;2021-10-23;17;53;3;0;53;2;0;0;0;4416047;3416276;3396;0;3588547;1726;1;0;0
FR;3;2021-10-24;7;36;0;0;34;0;0;0;0;4416054;3416312;3396;0;3588581;1726;1;0;0
FR;3;2021-10-25;26;140;7;0;144;7;0;0;0;4416080;3416452;3403;0;3588725;1733;1;0;0
FR;3;2021-10-26;25;96;22;0;93;19;0;0;0;4416105;3416548;3425;0;3588818;1752;1;0;0
FR;3;2021-10-27;19;91;9;0;93;9;0;0;0;4416124;3416639;3434;0;3588911;1761;1;0;0
FR;3;2021-10-28;23;114;33;0;111;36;0;0;0;4416147;3416753;3467;0;3589022;1797;1;0;0
FR;3;2021-10-29;12;98;64;0;92;54;0;0;0;4416159;3416851;3531;0;3589114;1851;1;0;0
FR;3;2021-10-30;11;62;11;1;62;10;0;0;0;4416170;3416913;3542;1;3589176;1861;1;0;0
FR;3;2021-10-31;8;25;1;0;25;1;0;0;0;4416178;3416938;3543;1;3589201;1862;1;0;0
FR;3;2021-11-01;11;22;2;0;23;1;0;0;0;4416189;3416960;3545;1;3589224;1863;1;0;0
FR;3;2021-11-02;11;100;10;0;100;12;0;0;0;4416200;3417060;3555;1;3589324;1875;1;0;0
FR;3;2021-11-03;21;105;10;0;113;10;0;0;0;4416221;3417165;3565;1;3589437;1885;1;0;0
FR;3;2021-11-04;20;89;5;0;94;4;0;0;0;4416241;3417254;3570;1;3589531;1889;1;0;0
FR;3;2021-11-05;19;119;9;1;125;6;1;0;0;4416260;3417373;3579;2;3589656;1895;2;0;0
FR;3;2021-11-06;11;54;3;0;56;3;0;0;0;4416271;3417427;3582;2;3589712;1898;2;0;0
FR;3;2021-11-07;6;23;1;0;24;1;0;0;0;4416277;3417450;3583;2;3589736;1899;2;0;0
FR;3;2021-11-08;11;126;7;0;131;5;0;0;0;4416288;3417576;3590;2;3589867;1904;2;0;0
FR;3;2021-11-09;15;123;6;0;125;6;0;0;0;4416303;3417699;3596;2;3589992;1910;2;0;0
FR;3;2021-11-10;14;135;15;0;133;16;0;0;0;4416317;3417834;3611;2;3590125;1926;2;0;0
FR;3;2021-11-11;12;49;3;0;51;3;0;0;0;4416329;3417883;3614;2;3590176;1929;2;0;0
FR;3;2021-11-12;15;127;6;0;130;4;0;0;0;4416344;3418010;3620;2;3590306;1933;2;0;0
FR;3;2021-11-13;7;67;9;0;62;10;0;0;0;4416351;3418077;3629;2;3590368;1943;2;0;0
FR;3;2021-11-14;3;24;1;0;24;1;0;0;0;4416354;3418101;3630;2;3590392;1944;2;0;0
FR;3;2021-11-15;6;162;11;0;159;12;0;0;0;4416360;3418263;3641;2;3590551;1956;2;0;0
FR;3;2021-11-16;9;124;11;0;119;10;0;0;0;4416369;3418387;3652;2;3590670;1966;2;0;0
FR;3;2021-11-17;8;133;11;0;134;8;0;0;0;4416377;3418520;3663;2;3590804;1974;2;0;0
FR;3;2021-11-18;16;134;10;0;135;11;0;0;0;4416393;3418654;3673;2;3590939;1985;2;0;0
FR;3;2021-11-19;12;180;23;0;175;28;0;0;0;4416405;3418834;3696;2;3591114;2013;2;0;0
FR;3;2021-11-20;6;100;6;0;101;6;0;0;0;4416411;3418934;3702;2;3591215;2019;2;0;0
FR;3;2021-11-21;3;25;4;0;24;4;0;0;0;4416414;3418959;3706;2;3591239;2023;2;0;0
FR;3;2021-11-22;11;186;11;0;186;11;0;0;0;4416425;3419145;3717;2;3591425;2034;2;0;0
FR;3;2021-11-23;9;181;16;0;179;15;0;0;0;4416434;3419326;3733;2;3591604;2049;2;0;0
FR;3;2021-11-24;11;183;9;0;175;17;0;0;0;4416445;3419509;3742;2;3591779;2066;2;0;0
FR;3;2021-11-25;12;200;11;0;198;11;0;0;0;4416457;3419709;3753;2;3591977;2077;2;0;0
FR;3;2021-11-26;10;256;35;0;255;33;1;0;0;4416467;3419965;3788;2;3592232;2110;3;0;0
FR;3;2021-11-27;8;127;20;0;126;21;0;0;0;4416475;3420092;3808;2;3592358;2131;3;0;0
FR;3;2021-11-28;3;56;7;0;57;7;0;0;0;4416478;3420148;3815;2;3592415;2138;3;0;0
FR;3;2021-11-29;5;218;22;0;213;23;1;0;0;4416483;3420366;3837;2;3592628;2161;4;0;0
FR;3;2021-11-30;8;288;30;0;287;33;0;0;0;4416491;3420654;3867;2;3592915;2194;4;0;0
FR;3;2021-12-01;30;320;38;0;318;40;2;0;0;4416521;3420974;3905;2;3593233;2234;6;0;0
FR;3;2021-12-02;9;344;33;0;340;36;0;0;0;4416530;3421318;3938;2;3593573;2270;6;0;0
FR;3;2021-12-03;6;371;37;0;367;38;0;0;0;4416536;3421689;3975;2;3593940;2308;6;0;0
FR;3;2021-12-04;3;206;26;0;202;28;0;0;0;4416539;3421895;4001;2;3594142;2336;6;0;0
FR;3;2021-12-05;1;61;5;0;61;5;0;0;0;4416540;3421956;4006;2;3594203;2341;6;0;0
FR;3;2021-12-06;7;367;14;0;366;15;0;0;0;4416547;3422323;4020;2;3594569;2356;6;0;0
FR;3;2021-12-07;6;418;20;0;412;24;1;0;0;4416553;3422741;4040;2;3594981;2380;7;0;0
FR;3;2021-12-08;8;382;29;0;374;30;1;0;0;4416561;3423123;4069;2;3595355;2410;8;0;0
FR;3;2021-12-09;3;431;17;0;418;22;1;0;0;4416564;3423554;4086;2;3595773;2432;9;0;0
FR;3;2021-12-10;10;448;29;0;445;25;0;0;0;4416574;3424002;4115;2;3596218;2457;9;0;0
FR;3;2021-12-11;4;302;10;0;299;9;2;0;0;4416578;3424304;4125;2;3596517;2466;11;0;0
FR;3;2021-12-12;1;99;3;0;99;3;0;0;0;4416579;3424403;4128;2;3596616;2469;11;0;0
FR;3;2021-12-13;2;442;19;0;436;21;0;0;0;4416581;3424845;4147;2;3597052;2490;11;0;0
FR;3;2021-12-14;8;557;18;0;545;21;1;0;0;4416589;3425402;4165;2;3597597;2511;12;0;0
FR;3;2021-12-15;10;531;17;0;518;21;0;0;0;4416599;3425933;4182;2;3598115;2532;12;0;0
FR;3;2021-12-16;10;544;19;0;538;18;3;0;0;4416609;3426477;4201;2;3598653;2550;15;0;0
FR;3;2021-12-17;5;606;18;0;602;19;0;0;0;4416614;3427083;4219;2;3599255;2569;15;0;0
FR;3;2021-12-18;5;351;4;0;345;5;1;0;0;4416619;3427434;4223;2;3599600;2574;16;0;0
FR;3;2021-12-19;3;180;2;0;178;2;0;0;0;4416622;3427614;4225;2;3599778;2576;16;0;0
FR;3;2021-12-20;10;580;23;0;574;28;0;0;0;4416632;3428194;4248;2;3600352;2604;16;0;0
FR;3;2021-12-21;5;668;10;0;660;13;2;0;0;4416637;3428862;4258;2;3601012;2617;18;0;0
FR;3;2021-12-22;10;621;9;0;615;10;1;0;0;4416647;3429483;4267;2;3601627;2627;19;0;0
FR;3;2021-12-23;3;550;8;0;548;8;0;0;0;4416650;3430033;4275;2;3602175;2635;19;0;0
FR;3;2021-12-24;2;235;3;0;230;6;0;0;0;4416652;3430268;4278;2;3602405;2641;19;0;0
FR;3;2021-12-25;0;24;0;0;24;0;0;0;0;4416652;3430292;4278;2;3602429;2641;19;0;0
FR;3;2021-12-26;0;88;1;0;88;1;0;0;0;4416652;3430380;4279;2;3602517;2642;19;0;0
FR;3;2021-12-27;7;461;17;0;458;20;1;0;0;4416659;3430841;4296;2;3602975;2662;20;0;0
FR;3;2021-12-28;3;582;6;0;581;5;0;0;0;4416662;3431423;4302;2;3603556;2667;20;0;0
FR;3;2021-12-29;5;498;14;0;493;16;0;0;0;4416667;3431921;4316;2;3604049;2683;20;0;0
FR;3;2021-12-30;3;521;7;0;514;10;2;0;0;4416670;3432442;4323;2;3604563;2693;22;0;0
FR;3;2021-12-31;0;183;5;0;179;7;0;0;0;4416670;3432625;4328;2;3604742;2700;22;0;0
FR;3;2022-01-01;0;26;0;0;24;2;0;0;0;4416670;3432651;4328;2;3604766;2702;22;0;0
FR;3;2022-01-02;0;77;0;0;77;0;0;0;0;4416670;3432728;4328;2;3604843;2702;22;0;0
FR;3;2022-01-03;5;493;17;0;483;21;3;0;0;4416675;3433221;4345;2;3605326;2723;25;0;0
FR;3;2022-01-04;7;545;9;0;544;8;0;0;0;4416682;3433766;4354;2;3605870;2731;25;0;0
FR;3;2022-01-05;5;494;10;0;486;14;1;0;0;4416687;3434260;4364;2;3606356;2745;26;0;0
FR;3;2022-01-06;6;467;9;0;462;10;1;0;0;4416693;3434727;4373;2;3606818;2755;27;0;0
FR;3;2022-01-07;2;495;11;0;489;13;1;0;1;4416695;3435222;4384;2;3607307;2768;28;0;1
FR;3;2022-01-08;6;252;4;0;249;5;0;0;0;4416701;3435474;4388;2;3607556;2773;28;0;1
FR;3;2022-01-09;0;117;0;0;117;0;0;0;0;4416701;3435591;4388;2;3607673;2773;28;0;1
FR;3;2022-01-10;2;426;12;0;424;12;0;0;0;4416703;3436017;4400;2;3608097;2785;28;0;1
FR;3;2022-01-11;3;463;1;0;462;1;0;0;0;4416706;3436480;4401;2;3608559;2786;28;0;1
FR;3;2022-01-12;4;395;9;0;392;10;2;0;0;4416710;3436875;4410;2;3608951;2796;30;0;1
FR;3;2022-01-13;3;392;11;0;390;12;1;0;0;4416713;3437267;4421;2;3609341;2808;31;0;1
FR;3;2022-01-14;4;423;10;0;417;13;1;0;0;4416717;3437690;4431;2;3609758;2821;32;0;1
FR;3;2022-01-15;0;280;2;0;276;3;0;0;0;4416717;3437970;4433;2;3610034;2824;32;0;1
FR;3;2022-01-16;1;108;1;0;106;1;1;0;0;4416718;3438078;4434;2;3610140;2825;33;0;1
FR;3;2022-01-17;2;323;8;0;320;9;1;0;0;4416720;3438401;4442;2;3610460;2834;34;0;1
FR;3;2022-01-18;2;363;1;0;359;2;1;0;0;4416722;3438764;4443;2;3610819;2836;35;0;1
FR;3;2022-01-19;2;324;5;0;318;10;0;0;0;4416724;3439088;4448;2;3611137;2846;35;0;1
FR;3;2022-01-20;1;352;5;0;351;3;2;0;0;4416725;3439440;4453;2;3611488;2849;37;0;1
FR;3;2022-01-21;4;342;5;0;336;7;2;0;0;4416729;3439782;4458;2;3611824;2856;39;0;1
FR;3;2022-01-22;2;222;1;0;218;2;3;0;0;4416731;3440004;4459;2;3612042;2858;42;0;1
FR;3;2022-01-23;0;78;0;0;76;1;1;0;0;4416731;3440082;4459;2;3612118;2859;43;0;1
FR;3;2022-01-24;2;320;1;0;312;6;2;0;0;4416733;3440402;4460;2;3612430;2865;45;0;1
FR;3;2022-01-25;0;174;0;0;171;0;1;0;0;4416733;3440576;4460;2;3612601;2865;46;0;1
FR;3;2022-01-26;0;77;0;0;77;0;0;0;0;4416733;3440653;4460;2;3612678;2865;46;0;1
FR;3;2022-01-27;0;52;0;0;52;0;0;0;0;4416733;3440705;4460;2;3612730;2865;46;0;1
FR;3;2022-01-28;0;116;0;0;115;0;0;0;0;4416733;3440821;4460;2;3612845;2865;46;0;1
FR;3;2022-01-29;0;97;0;0;97;0;0;0;0;4416733;3440918;4460;2;3612942;2865;46;0;1
FR;3;2022-01-30;0;50;0;0;50;0;0;0;0;4416733;3440968;4460;2;3612992;2865;46;0;1
FR;3;2022-01-31;0;91;0;0;91;0;0;0;0;4416733;3441059;4460;2;3613083;2865;46;0;1
FR;3;2022-02-01;0;98;0;0;96;1;0;0;0;4416733;3441157;4460;2;3613179;2866;46;0;1
FR;3;2022-02-02;0;85;0;0;83;0;0;0;0;4416733;3441242;4460;2;3613262;2866;46;0;1
FR;3;2022-02-03;0;91;0;0;89;0;0;0;0;4416733;3441333;4460;2;3613351;2866;46;0;1
FR;3;2022-02-04;0;113;0;0;110;0;1;0;0;4416733;3441446;4460;2;3613461;2866;47;0;1
FR;3;2022-02-05;0;70;0;0;70;0;0;0;0;4416733;3441516;4460;2;3613531;2866;47;0;1
FR;3;2022-02-06;0;10;0;0;10;0;0;0;0;4416733;3441526;4460;2;3613541;2866;47;0;1
FR;3;2022-02-07;0;76;0;0;76;0;0;0;0;4416733;3441602;4460;2;3613617;2866;47;0;1
FR;3;2022-02-08;0;0;0;0;0;0;0;0;0;4416733;3441602;4460;2;3613617;2866;47;0;1
FR;3;2022-02-09;0;0;0;0;0;0;0;0;0;4416733;3441602;4460;2;3613617;2866;47;0;1
FR;3;2022-02-10;0;0;0;0;0;0;0;0;0;4416733;3441602;4460;2;3613617;2866;47;0;1
FR;3;2022-02-11;0;0;0;0;0;0;0;0;0;4416733;3441602;4460;2;3613617;2866;47;0;1
FR;3;2022-02-12;0;0;0;0;0;0;0;0;0;4416733;3441602;4460;2;3613617;2866;47;0;1
FR;3;2022-02-13;0;0;0;0;0;0;0;0;0;4416733;3441602;4460;2;3613617;2866;47;0;1
FR;3;2022-02-14;0;0;0;0;0;0;0;0;0;4416733;3441602;4460;2;3613617;2866;47;0;1
FR;3;2022-02-15;0;0;0;0;0;0;0;0;0;4416733;3441602;4460;2;3613617;2866;47;0;1
FR;3;2022-02-16;0;0;0;0;0;0;0;0;0;4416733;3441602;4460;2;3613617;2866;47;0;1
FR;3;2022-02-17;0;0;0;0;0;0;0;0;0;4416733;3441602;4460;2;3613617;2866;47;0;1
FR;3;2022-02-18;0;0;0;0;0;0;0;0;0;4416733;3441602;4460;2;3613617;2866;47;0;1
FR;3;2022-02-19;0;0;0;0;0;0;0;0;0;4416733;3441602;4460;2;3613617;2866;47;0;1
FR;3;2022-02-20;0;0;0;0;0;0;0;0;0;4416733;3441602;4460;2;3613617;2866;47;0;1
FR;3;2022-02-21;2;0;0;0;0;0;0;0;0;4416735;3441602;4460;2;3613617;2866;47;0;1
FR;3;2022-02-22;0;0;0;0;0;0;0;0;0;4416735;3441602;4460;2;3613617;2866;47;0;1
FR;3;2022-02-23;0;0;0;0;0;0;0;0;0;4416735;3441602;4460;2;3613617;2866;47;0;1
FR;3;2022-02-24;0;0;0;0;0;0;0;0;0;4416735;3441602;4460;2;3613617;2866;47;0;1
FR;3;2022-02-25;0;0;0;0;0;0;0;0;0;4416735;3441602;4460;2;3613617;2866;47;0;1
FR;3;2022-02-26;0;0;0;0;0;0;0;0;0;4416735;3441602;4460;2;3613617;2866;47;0;1
FR;3;2022-02-27;0;0;0;0;0;0;0;0;0;4416735;3441602;4460;2;3613617;2866;47;0;1
FR;3;2022-02-28;1;0;0;0;0;0;0;0;0;4416736;3441602;4460;2;3613617;2866;47;0;1
FR;3;2022-03-01;1;0;0;0;0;0;0;0;0;4416737;3441602;4460;2;3613617;2866;47;0;1
FR;3;2022-03-02;0;0;0;0;0;0;0;0;0;4416737;3441602;4460;2;3613617;2866;47;0;1
FR;3;2022-03-03;0;0;0;0;0;0;0;0;0;4416737;3441602;4460;2;3613617;2866;47;0;1
FR;3;2022-03-04;0;0;0;0;0;0;0;0;0;4416737;3441602;4460;2;3613617;2866;47;0;1
FR;3;2022-03-05;0;0;0;0;0;0;0;0;0;4416737;3441602;4460;2;3613617;2866;47;0;1
FR;3;2022-03-06;1;0;0;0;0;0;0;0;0;4416738;3441602;4460;2;3613617;2866;47;0;1
FR;3;2022-03-07;0;0;0;0;0;0;0;0;0;4416738;3441602;4460;2;3613617;2866;47;0;1
FR;3;2022-03-08;1;0;0;0;0;0;0;0;0;4416739;3441602;4460;2;3613617;2866;47;0;1
FR;3;2022-03-09;0;0;0;0;0;0;0;0;0;4416739;3441602;4460;2;3613617;2866;47;0;1
FR;3;2022-03-10;0;0;0;0;0;0;0;0;0;4416739;3441602;4460;2;3613617;2866;47;0;1
FR;3;2022-03-11;0;0;0;0;0;0;0;0;0;4416739;3441602;4460;2;3613617;2866;47;0;1
FR;3;2022-03-12;0;0;0;0;0;0;0;0;0;4416739;3441602;4460;2;3613617;2866;47;0;1
FR;3;2022-03-13;0;0;0;0;0;0;0;0;0;4416739;3441602;4460;2;3613617;2866;47;0;1
FR;3;2022-03-14;0;0;0;0;0;0;0;0;0;4416739;3441602;4460;2;3613617;2866;47;0;1
FR;3;2022-03-15;0;0;0;0;0;0;0;0;0;4416739;3441602;4460;2;3613617;2866;47;0;1
FR;3;2022-03-16;0;0;0;0;0;0;0;0;0;4416739;3441602;4460;2;3613617;2866;47;0;1
FR;3;2022-03-17;0;0;0;0;0;0;0;0;0;4416739;3441602;4460;2;3613617;2866;47;0;1
FR;3;2022-03-18;0;0;0;0;0;0;0;0;0;4416739;3441602;4460;2;3613617;2866;47;0;1
FR;3;2022-03-19;0;0;0;0;0;0;0;0;0;4416739;3441602;4460;2;3613617;2866;47;0;1
FR;3;2022-03-20;1;0;0;0;0;0;0;0;0;4416740;3441602;4460;2;3613617;2866;47;0;1
FR;3;2022-03-21;0;0;0;0;0;0;0;0;0;4416740;3441602;4460;2;3613617;2866;47;0;1
FR;3;2022-03-22;0;0;0;0;0;0;0;0;0;4416740;3441602;4460;2;3613617;2866;47;0;1
FR;3;2022-03-23;1;0;0;0;0;0;0;0;0;4416741;3441602;4460;2;3613617;2866;47;0;1
FR;3;2022-03-24;0;0;0;0;0;0;0;0;0;4416741;3441602;4460;2;3613617;2866;47;0;1
FR;3;2022-03-25;1;0;0;0;0;0;0;0;0;4416742;3441602;4460;2;3613617;2866;47;0;1
FR;3;2022-03-26;0;0;0;0;0;0;0;0;0;4416742;3441602;4460;2;3613617;2866;47;0;1
FR;3;2022-03-27;0;0;0;0;0;0;0;0;0;4416742;3441602;4460;2;3613617;2866;47;0;1
FR;3;2022-03-28;0;0;0;0;0;0;0;0;0;4416742;3441602;4460;2;3613617;2866;47;0;1
FR;3;2022-03-29;0;0;0;0;0;0;0;0;0;4416742;3441602;4460;2;3613617;2866;47;0;1
FR;3;2022-03-30;0;0;0;0;0;0;0;0;0;4416742;3441602;4460;2;3613617;2866;47;0;1
FR;3;2022-03-31;0;0;0;0;0;0;0;0;0;4416742;3441602;4460;2;3613617;2866;47;0;1
FR;3;2022-04-01;0;0;0;0;0;0;0;0;0;4416742;3441602;4460;2;3613617;2866;47;0;1
FR;3;2022-04-02;0;0;0;0;0;0;0;0;0;4416742;3441602;4460;2;3613617;2866;47;0;1
FR;3;2022-04-03;0;0;0;0;0;0;0;0;0;4416742;3441602;4460;2;3613617;2866;47;0;1
FR;3;2022-04-04;0;0;0;0;0;0;0;0;0;4416742;3441602;4460;2;3613617;2866;47;0;1
FR;3;2022-04-05;0;0;0;0;0;0;0;0;0;4416742;3441602;4460;2;3613617;2866;47;0;1
FR;3;2022-04-06;0;0;0;0;0;0;0;0;0;4416742;3441602;4460;2;3613617;2866;47;0;1
FR;3;2022-04-07;0;0;0;0;0;0;0;0;0;4416742;3441602;4460;2;3613617;2866;47;0;1
FR;3;2022-04-08;0;0;0;0;0;0;0;0;0;4416742;3441602;4460;2;3613617;2866;47;0;1
FR;3;2022-04-09;0;0;0;0;0;0;0;0;0;4416742;3441602;4460;2;3613617;2866;47;0;1
FR;3;2022-04-10;0;0;0;0;0;0;0;0;0;4416742;3441602;4460;2;3613617;2866;47;0;1
FR;3;2022-04-11;0;0;0;0;0;0;0;0;0;4416742;3441602;4460;2;3613617;2866;47;0;1
FR;3;2022-04-12;0;0;0;0;0;0;0;0;0;4416742;3441602;4460;2;3613617;2866;47;0;1
FR;3;2022-04-13;0;0;0;0;0;0;0;0;0;4416742;3441602;4460;2;3613617;2866;47;0;1
FR;3;2022-04-14;0;0;0;0;0;0;0;0;0;4416742;3441602;4460;2;3613617;2866;47;0;1
FR;3;2022-04-15;1;0;0;0;0;0;0;0;0;4416743;3441602;4460;2;3613617;2866;47;0;1
FR;3;2022-04-16;0;0;0;0;0;0;0;0;0;4416743;3441602;4460;2;3613617;2866;47;0;1
FR;3;2022-04-17;0;0;0;0;0;0;0;0;0;4416743;3441602;4460;2;3613617;2866;47;0;1
FR;3;2022-04-18;0;0;0;0;0;0;0;0;0;4416743;3441602;4460;2;3613617;2866;47;0;1
FR;3;2022-04-19;0;0;0;0;0;0;0;0;0;4416743;3441602;4460;2;3613617;2866;47;0;1
FR;3;2022-04-20;0;0;0;0;0;0;0;0;0;4416743;3441602;4460;2;3613617;2866;47;0;1
FR;3;2022-04-21;0;0;0;0;0;0;0;0;0;4416743;3441602;4460;2;3613617;2866;47;0;1
FR;3;2022-04-22;0;0;0;0;0;0;0;0;0;4416743;3441602;4460;2;3613617;2866;47;0;1
FR;3;2022-04-23;0;0;0;0;0;0;0;0;0;4416743;3441602;4460;2;3613617;2866;47;0;1
FR;3;2022-04-24;0;0;0;0;0;0;0;0;0;4416743;3441602;4460;2;3613617;2866;47;0;1
FR;3;2022-04-25;0;0;0;0;0;0;0;0;0;4416743;3441602;4460;2;3613617;2866;47;0;1
FR;3;2022-04-26;0;0;0;0;0;0;0;0;0;4416743;3441602;4460;2;3613617;2866;47;0;1
FR;3;2022-04-27;0;0;0;0;0;0;0;0;0;4416743;3441602;4460;2;3613617;2866;47;0;1
FR;3;2022-04-28;0;0;0;0;0;0;0;0;0;4416743;3441602;4460;2;3613617;2866;47;0;1
FR;3;2022-04-29;0;0;0;0;0;0;0;0;0;4416743;3441602;4460;2;3613617;2866;47;0;1
FR;3;2022-04-30;0;0;0;0;0;0;0;0;0;4416743;3441602;4460;2;3613617;2866;47;0;1
FR;3;2022-05-01;0;0;0;0;0;0;0;0;0;4416743;3441602;4460;2;3613617;2866;47;0;1
FR;3;2022-05-02;0;0;0;0;0;0;0;0;0;4416743;3441602;4460;2;3613617;2866;47;0;1
FR;3;2022-05-03;0;0;0;0;0;0;0;0;0;4416743;3441602;4460;2;3613617;2866;47;0;1
FR;3;2022-05-04;0;0;0;0;0;0;0;0;0;4416743;3441602;4460;2;3613617;2866;47;0;1
FR;3;2022-05-05;0;0;0;0;0;0;0;0;0;4416743;3441602;4460;2;3613617;2866;47;0;1
FR;3;2022-05-06;0;0;0;0;0;0;0;0;0;4416743;3441602;4460;2;3613617;2866;47;0;1
FR;3;2022-05-07;0;0;0;0;0;0;0;0;0;4416743;3441602;4460;2;3613617;2866;47;0;1
FR;3;2022-05-08;0;0;0;0;0;0;0;0;0;4416743;3441602;4460;2;3613617;2866;47;0;1
FR;3;2022-05-09;0;0;0;0;0;0;0;0;0;4416743;3441602;4460;2;3613617;2866;47;0;1
FR;3;2022-05-10;0;0;0;0;0;0;0;0;0;4416743;3441602;4460;2;3613617;2866;47;0;1
FR;3;2022-05-11;0;0;0;0;0;0;0;0;0;4416743;3441602;4460;2;3613617;2866;47;0;1
FR;3;2022-05-12;0;0;0;0;0;0;0;0;0;4416743;3441602;4460;2;3613617;2866;47;0;1
FR;3;2022-05-13;0;0;0;0;0;0;0;0;0;4416743;3441602;4460;2;3613617;2866;47;0;1
FR;3;2022-05-14;1;0;0;0;0;0;0;0;0;4416744;3441602;4460;2;3613617;2866;47;0;1
FR;3;2022-05-15;0;0;0;0;0;0;0;0;0;4416744;3441602;4460;2;3613617;2866;47;0;1
FR;3;2022-05-16;0;0;0;0;0;0;0;0;0;4416744;3441602;4460;2;3613617;2866;47;0;1
FR;3;2022-05-17;0;0;0;0;0;0;0;0;0;4416744;3441602;4460;2;3613617;2866;47;0;1
FR;3;2022-05-18;0;0;0;0;0;0;0;0;0;4416744;3441602;4460;2;3613617;2866;47;0;1
FR;3;2022-05-19;0;0;0;0;0;0;0;0;0;4416744;3441602;4460;2;3613617;2866;47;0;1
FR;3;2022-05-20;0;0;0;0;0;0;0;0;0;4416744;3441602;4460;2;3613617;2866;47;0;1
FR;3;2022-05-21;0;0;0;0;0;0;0;0;0;4416744;3441602;4460;2;3613617;2866;47;0;1
FR;3;2022-05-22;0;0;0;0;0;0;0;0;0;4416744;3441602;4460;2;3613617;2866;47;0;1
FR;3;2022-05-23;0;0;0;0;0;0;0;0;0;4416744;3441602;4460;2;3613617;2866;47;0;1
FR;3;2022-05-24;0;0;0;0;0;0;0;0;0;4416744;3441602;4460;2;3613617;2866;47;0;1
FR;3;2022-05-25;0;0;0;0;0;0;0;0;0;4416744;3441602;4460;2;3613617;2866;47;0;1
FR;3;2022-05-26;0;0;0;0;0;0;0;0;0;4416744;3441602;4460;2;3613617;2866;47;0;1
FR;3;2022-05-27;0;0;0;0;0;0;0;0;0;4416744;3441602;4460;2;3613617;2866;47;0;1
FR;3;2022-05-28;0;0;0;0;0;0;0;0;0;4416744;3441602;4460;2;3613617;2866;47;0;1
FR;3;2022-05-29;0;0;0;0;0;0;0;0;0;4416744;3441602;4460;2;3613617;2866;47;0;1
FR;3;2022-05-30;0;0;0;0;0;0;0;0;0;4416744;3441602;4460;2;3613617;2866;47;0;1
FR;3;2022-05-31;0;0;0;0;0;0;0;0;0;4416744;3441602;4460;2;3613617;2866;47;0;1
FR;3;2022-06-01;0;0;0;0;0;0;0;0;0;4416744;3441602;4460;2;3613617;2866;47;0;1
FR;3;2022-06-02;0;0;0;0;0;0;0;0;0;4416744;3441602;4460;2;3613617;2866;47;0;1
FR;3;2022-06-03;0;0;0;0;0;0;0;0;0;4416744;3441602;4460;2;3613617;2866;47;0;1
FR;3;2022-06-04;0;0;0;0;0;0;0;0;0;4416744;3441602;4460;2;3613617;2866;47;0;1
FR;3;2022-06-05;0;0;0;0;0;0;0;0;0;4416744;3441602;4460;2;3613617;2866;47;0;1
FR;3;2022-06-06;0;0;0;0;0;0;0;0;0;4416744;3441602;4460;2;3613617;2866;47;0;1
FR;3;2022-06-07;0;0;0;0;0;0;0;0;0;4416744;3441602;4460;2;3613617;2866;47;0;1
FR;3;2022-06-08;0;0;0;0;0;0;0;0;0;4416744;3441602;4460;2;3613617;2866;47;0;1
FR;3;2022-06-09;0;0;0;0;0;0;0;0;0;4416744;3441602;4460;2;3613617;2866;47;0;1
FR;3;2022-06-10;0;0;0;0;0;0;0;0;0;4416744;3441602;4460;2;3613617;2866;47;0;1
FR;3;2022-06-11;0;0;0;0;0;0;0;0;0;4416744;3441602;4460;2;3613617;2866;47;0;1
FR;3;2022-06-12;0;0;0;0;0;0;0;0;0;4416744;3441602;4460;2;3613617;2866;47;0;1
FR;3;2022-06-13;1;0;0;0;0;0;0;0;0;4416745;3441602;4460;2;3613617;2866;47;0;1
FR;3;2022-06-14;0;0;0;0;0;0;0;0;0;4416745;3441602;4460;2;3613617;2866;47;0;1
FR;3;2022-06-15;0;0;0;0;0;0;0;0;0;4416745;3441602;4460;2;3613617;2866;47;0;1
FR;3;2022-06-16;0;0;0;0;0;0;0;0;0;4416745;3441602;4460;2;3613617;2866;47;0;1
FR;3;2022-06-17;0;0;0;0;0;0;0;0;0;4416745;3441602;4460;2;3613617;2866;47;0;1
FR;3;2022-06-18;0;0;0;0;0;0;0;0;0;4416745;3441602;4460;2;3613617;2866;47;0;1
FR;3;2022-06-19;0;0;0;0;0;0;0;0;0;4416745;3441602;4460;2;3613617;2866;47;0;1
FR;3;2022-06-20;0;0;0;0;0;0;0;0;0;4416745;3441602;4460;2;3613617;2866;47;0;1
FR;3;2022-06-21;0;0;0;0;0;0;0;0;0;4416745;3441602;4460;2;3613617;2866;47;0;1
FR;3;2022-06-22;0;0;0;0;0;0;0;0;0;4416745;3441602;4460;2;3613617;2866;47;0;1
FR;3;2022-06-23;0;0;0;0;0;0;0;0;0;4416745;3441602;4460;2;3613617;2866;47;0;1
FR;3;2022-06-24;0;0;0;0;0;0;0;0;0;4416745;3441602;4460;2;3613617;2866;47;0;1
FR;3;2022-06-25;0;0;0;0;0;0;0;0;0;4416745;3441602;4460;2;3613617;2866;47;0;1
FR;3;2022-06-26;0;0;0;0;0;0;0;0;0;4416745;3441602;4460;2;3613617;2866;47;0;1
FR;3;2022-06-27;0;0;0;0;0;0;0;0;0;4416745;3441602;4460;2;3613617;2866;47;0;1
FR;3;2022-06-28;0;0;0;0;0;0;0;0;0;4416745;3441602;4460;2;3613617;2866;47;0;1
FR;3;2022-06-29;1;0;0;0;0;0;0;0;0;4416746;3441602;4460;2;3613617;2866;47;0;1
FR;3;2022-06-30;0;0;0;0;0;0;0;0;0;4416746;3441602;4460;2;3613617;2866;47;0;1
FR;3;2022-07-01;0;0;0;0;0;0;0;0;0;4416746;3441602;4460;2;3613617;2866;47;0;1
FR;3;2022-07-02;0;0;0;0;0;0;0;0;0;4416746;3441602;4460;2;3613617;2866;47;0;1
FR;3;2022-07-03;0;0;0;0;0;0;0;0;0;4416746;3441602;4460;2;3613617;2866;47;0;1
FR;3;2022-07-04;0;0;0;0;0;0;0;0;0;4416746;3441602;4460;2;3613617;2866;47;0;1
FR;3;2022-07-05;0;0;0;0;0;0;0;0;0;4416746;3441602;4460;2;3613617;2866;47;0;1
FR;3;2022-07-06;0;0;0;0;0;0;0;0;0;4416746;3441602;4460;2;3613617;2866;47;0;1
FR;3;2022-07-07;0;0;0;0;0;0;0;0;0;4416746;3441602;4460;2;3613617;2866;47;0;1
FR;3;2022-07-08;0;0;0;0;0;0;0;0;0;4416746;3441602;4460;2;3613617;2866;47;0;1
FR;3;2022-07-09;0;0;0;0;0;0;0;0;0;4416746;3441602;4460;2;3613617;2866;47;0;1
FR;3;2022-07-10;0;0;0;0;0;0;0;0;0;4416746;3441602;4460;2;3613617;2866;47;0;1
FR;3;2022-07-11;0;0;0;0;0;0;0;0;0;4416746;3441602;4460;2;3613617;2866;47;0;1
FR;3;2022-07-12;0;0;0;0;0;0;0;0;0;4416746;3441602;4460;2;3613617;2866;47;0;1
FR;3;2022-07-13;0;0;0;0;0;0;0;0;0;4416746;3441602;4460;2;3613617;2866;47;0;1
FR;3;2022-07-14;0;0;0;0;0;0;0;0;0;4416746;3441602;4460;2;3613617;2866;47;0;1
FR;3;2022-07-15;0;0;0;0;0;0;0;0;0;4416746;3441602;4460;2;3613617;2866;47;0;1
FR;3;2022-07-16;0;0;0;0;0;0;0;0;0;4416746;3441602;4460;2;3613617;2866;47;0;1
FR;3;2022-07-17;0;0;0;0;0;0;0;0;0;4416746;3441602;4460;2;3613617;2866;47;0;1
FR;3;2022-07-18;0;0;0;0;0;0;0;0;0;4416746;3441602;4460;2;3613617;2866;47;0;1
FR;3;2022-07-19;0;0;0;0;0;0;0;0;0;4416746;3441602;4460;2;3613617;2866;47;0;1
FR;3;2022-07-20;0;0;0;0;0;0;0;0;0;4416746;3441602;4460;2;3613617;2866;47;0;1
FR;3;2022-07-21;0;0;0;0;0;0;0;0;0;4416746;3441602;4460;2;3613617;2866;47;0;1
FR;3;2022-07-22;0;0;0;0;0;0;0;0;0;4416746;3441602;4460;2;3613617;2866;47;0;1
FR;3;2022-07-23;0;0;0;0;0;0;0;0;0;4416746;3441602;4460;2;3613617;2866;47;0;1
FR;3;2022-07-24;0;0;0;0;0;0;0;0;0;4416746;3441602;4460;2;3613617;2866;47;0;1
FR;3;2022-07-25;0;0;0;0;0;0;0;0;0;4416746;3441602;4460;2;3613617;2866;47;0;1
FR;3;2022-07-26;0;0;0;0;0;0;0;0;0;4416746;3441602;4460;2;3613617;2866;47;0;1
FR;3;2022-07-27;0;0;0;0;0;0;0;0;0;4416746;3441602;4460;2;3613617;2866;47;0;1
FR;3;2022-07-28;0;0;0;0;0;0;0;0;0;4416746;3441602;4460;2;3613617;2866;47;0;1
FR;3;2022-07-29;0;0;0;0;0;0;0;0;0;4416746;3441602;4460;2;3613617;2866;47;0;1
FR;3;2022-07-30;0;0;0;0;0;0;0;0;0;4416746;3441602;4460;2;3613617;2866;47;0;1
FR;3;2022-07-31;0;0;0;0;0;0;0;0;0;4416746;3441602;4460;2;3613617;2866;47;0;1
FR;3;2022-08-01;0;0;0;0;0;0;0;0;0;4416746;3441602;4460;2;3613617;2866;47;0;1
FR;3;2022-08-02;0;0;0;0;0;0;0;0;0;4416746;3441602;4460;2;3613617;2866;47;0;1
FR;3;2022-08-03;0;0;0;0;0;0;0;0;0;4416746;3441602;4460;2;3613617;2866;47;0;1
FR;3;2022-08-04;0;0;0;0;0;0;0;0;0;4416746;3441602;4460;2;3613617;2866;47;0;1
FR;3;2022-08-05;0;0;0;0;0;0;0;0;0;4416746;3441602;4460;2;3613617;2866;47;0;1
FR;3;2022-08-06;0;0;0;0;0;0;0;0;0;4416746;3441602;4460;2;3613617;2866;47;0;1
FR;3;2022-08-07;0;0;0;0;0;0;0;0;0;4416746;3441602;4460;2;3613617;2866;47;0;1
FR;3;2022-08-08;0;0;0;0;0;0;0;0;0;4416746;3441602;4460;2;3613617;2866;47;0;1
FR;3;2022-08-09;0;0;0;0;0;0;0;0;0;4416746;3441602;4460;2;3613617;2866;47;0;1
FR;3;2022-08-10;0;0;0;0;0;0;0;0;0;4416746;3441602;4460;2;3613617;2866;47;0;1
FR;3;2022-08-11;0;0;0;0;0;0;0;0;0;4416746;3441602;4460;2;3613617;2866;47;0;1
FR;3;2022-08-12;0;0;0;0;0;0;0;0;0;4416746;3441602;4460;2;3613617;2866;47;0;1
FR;3;2022-08-13;0;0;0;0;0;0;0;0;0;4416746;3441602;4460;2;3613617;2866;47;0;1
FR;3;2022-08-14;0;0;0;0;0;0;0;0;0;4416746;3441602;4460;2;3613617;2866;47;0;1
FR;3;2022-08-15;0;0;0;0;0;0;0;0;0;4416746;3441602;4460;2;3613617;2866;47;0;1
FR;3;2022-08-16;0;0;0;0;0;0;0;0;0;4416746;3441602;4460;2;3613617;2866;47;0;1
FR;3;2022-08-17;0;0;0;0;0;0;0;0;0;4416746;3441602;4460;2;3613617;2866;47;0;1
FR;3;2022-08-18;0;0;0;0;0;0;0;0;0;4416746;3441602;4460;2;3613617;2866;47;0;1
FR;3;2022-08-19;0;0;0;0;0;0;0;0;0;4416746;3441602;4460;2;3613617;2866;47;0;1
FR;3;2022-08-20;0;0;0;0;0;0;0;0;0;4416746;3441602;4460;2;3613617;2866;47;0;1
FR;3;2022-08-21;0;0;0;0;0;0;0;0;0;4416746;3441602;4460;2;3613617;2866;47;0;1
FR;3;2022-08-22;0;0;0;0;0;0;0;0;0;4416746;3441602;4460;2;3613617;2866;47;0;1
FR;3;2022-08-23;0;0;0;0;0;0;0;0;0;4416746;3441602;4460;2;3613617;2866;47;0;1
FR;3;2022-08-24;0;0;0;0;0;0;0;0;0;4416746;3441602;4460;2;3613617;2866;47;0;1
FR;3;2022-08-25;0;0;0;0;0;0;0;0;0;4416746;3441602;4460;2;3613617;2866;47;0;1
FR;3;2022-08-26;0;0;0;0;0;0;0;0;0;4416746;3441602;4460;2;3613617;2866;47;0;1
FR;3;2022-08-27;0;0;0;0;0;0;0;0;0;4416746;3441602;4460;2;3613617;2866;47;0;1
FR;3;2022-08-28;0;0;0;0;0;0;0;0;0;4416746;3441602;4460;2;3613617;2866;47;0;1
FR;3;2022-08-29;0;0;0;0;0;0;0;0;0;4416746;3441602;4460;2;3613617;2866;47;0;1
FR;3;2022-08-30;0;0;0;0;0;0;0;0;0;4416746;3441602;4460;2;3613617;2866;47;0;1
FR;3;2022-08-31;0;0;0;0;0;0;0;0;0;4416746;3441602;4460;2;3613617;2866;47;0;1
FR;3;2022-09-01;0;0;0;0;0;0;0;0;0;4416746;3441602;4460;2;3613617;2866;47;0;1
FR;3;2022-09-02;0;0;0;0;0;0;0;0;0;4416746;3441602;4460;2;3613617;2866;47;0;1
FR;3;2022-09-03;0;0;0;0;0;0;0;0;0;4416746;3441602;4460;2;3613617;2866;47;0;1
FR;3;2022-09-04;0;0;0;0;0;0;0;0;0;4416746;3441602;4460;2;3613617;2866;47;0;1
FR;3;2022-09-05;0;0;0;0;0;0;0;0;0;4416746;3441602;4460;2;3613617;2866;47;0;1
FR;3;2022-09-06;0;0;0;0;0;0;0;0;0;4416746;3441602;4460;2;3613617;2866;47;0;1
FR;3;2022-09-07;0;0;0;0;0;0;0;0;0;4416746;3441602;4460;2;3613617;2866;47;0;1
FR;3;2022-09-08;0;0;0;0;0;0;0;0;0;4416746;3441602;4460;2;3613617;2866;47;0;1
FR;3;2022-09-09;0;0;0;0;0;0;0;0;0;4416746;3441602;4460;2;3613617;2866;47;0;1
FR;3;2022-09-10;0;0;0;0;0;0;0;0;0;4416746;3441602;4460;2;3613617;2866;47;0;1
FR;3;2022-09-11;0;0;0;0;0;0;0;0;0;4416746;3441602;4460;2;3613617;2866;47;0;1
FR;3;2022-09-12;0;0;0;0;0;0;0;0;0;4416746;3441602;4460;2;3613617;2866;47;0;1
FR;3;2022-09-13;0;0;0;0;0;0;0;0;0;4416746;3441602;4460;2;3613617;2866;47;0;1
FR;3;2022-09-14;0;0;0;0;0;0;0;0;0;4416746;3441602;4460;2;3613617;2866;47;0;1
FR;3;2022-09-15;0;0;0;0;0;0;0;0;0;4416746;3441602;4460;2;3613617;2866;47;0;1
FR;3;2022-09-16;0;0;0;0;0;0;0;0;0;4416746;3441602;4460;2;3613617;2866;47;0;1
FR;3;2022-09-17;0;0;0;0;0;0;0;0;0;4416746;3441602;4460;2;3613617;2866;47;0;1
FR;3;2022-09-18;0;0;0;0;0;0;0;0;0;4416746;3441602;4460;2;3613617;2866;47;0;1
FR;3;2022-09-19;0;0;0;0;0;0;0;0;0;4416746;3441602;4460;2;3613617;2866;47;0;1
FR;3;2022-09-20;0;0;0;0;0;0;0;0;0;4416746;3441602;4460;2;3613617;2866;47;0;1
FR;3;2022-09-21;0;0;0;0;0;0;0;0;0;4416746;3441602;4460;2;3613617;2866;47;0;1
FR;3;2022-09-22;0;0;0;0;0;0;0;0;0;4416746;3441602;4460;2;3613617;2866;47;0;1
FR;3;2022-09-23;0;0;0;0;0;0;0;0;0;4416746;3441602;4460;2;3613617;2866;47;0;1
FR;3;2022-09-24;0;0;0;0;0;0;0;0;0;4416746;3441602;4460;2;3613617;2866;47;0;1
FR;3;2022-09-25;0;0;0;0;0;0;0;0;0;4416746;3441602;4460;2;3613617;2866;47;0;1
FR;3;2022-09-26;0;0;0;0;0;0;0;0;0;4416746;3441602;4460;2;3613617;2866;47;0;1
FR;3;2022-09-27;0;0;0;0;0;0;0;0;0;4416746;3441602;4460;2;3613617;2866;47;0;1
FR;3;2022-09-28;0;0;0;0;0;0;0;0;0;4416746;3441602;4460;2;3613617;2866;47;0;1
FR;3;2022-09-29;0;0;0;0;0;0;0;0;0;4416746;3441602;4460;2;3613617;2866;47;0;1
FR;3;2022-09-30;0;0;0;0;0;0;0;0;0;4416746;3441602;4460;2;3613617;2866;47;0;1
FR;3;2022-10-01;0;0;0;0;0;0;0;0;0;4416746;3441602;4460;2;3613617;2866;47;0;1
FR;3;2022-10-02;0;0;0;0;0;0;0;0;0;4416746;3441602;4460;2;3613617;2866;47;0;1
FR;3;2022-10-03;0;0;0;0;0;0;0;0;0;4416746;3441602;4460;2;3613617;2866;47;0;1
FR;3;2022-10-04;0;0;0;0;0;0;0;0;0;4416746;3441602;4460;2;3613617;2866;47;0;1
FR;3;2022-10-05;0;0;0;0;0;0;0;0;0;4416746;3441602;4460;2;3613617;2866;47;0;1
FR;3;2022-10-06;0;0;0;0;0;0;0;0;0;4416746;3441602;4460;2;3613617;2866;47;0;1
FR;3;2022-10-07;0;0;0;0;0;0;0;0;0;4416746;3441602;4460;2;3613617;2866;47;0;1
FR;3;2022-10-08;0;0;0;0;0;0;0;0;0;4416746;3441602;4460;2;3613617;2866;47;0;1
FR;3;2022-10-09;0;0;0;0;0;0;0;0;0;4416746;3441602;4460;2;3613617;2866;47;0;1
FR;3;2022-10-10;0;0;0;0;0;0;0;0;0;4416746;3441602;4460;2;3613617;2866;47;0;1
FR;3;2022-10-11;0;0;0;0;0;0;0;0;0;4416746;3441602;4460;2;3613617;2866;47;0;1
FR;3;2022-10-12;0;0;0;0;0;0;0;0;0;4416746;3441602;4460;2;3613617;2866;47;0;1
FR;3;2022-10-13;0;0;0;0;0;0;0;0;0;4416746;3441602;4460;2;3613617;2866;47;0;1
FR;3;2022-10-14;0;0;0;0;0;0;0;0;0;4416746;3441602;4460;2;3613617;2866;47;0;1
FR;3;2022-10-15;0;0;0;0;0;0;0;0;0;4416746;3441602;4460;2;3613617;2866;47;0;1
FR;3;2022-10-16;0;0;0;0;0;0;0;0;0;4416746;3441602;4460;2;3613617;2866;47;0;1
FR;3;2022-10-17;0;0;0;0;0;0;0;0;0;4416746;3441602;4460;2;3613617;2866;47;0;1
FR;3;2022-10-18;0;0;0;0;0;0;0;0;0;4416746;3441602;4460;2;3613617;2866;47;0;1
FR;3;2022-10-19;0;0;0;0;0;0;0;0;0;4416746;3441602;4460;2;3613617;2866;47;0;1
FR;3;2022-10-20;0;0;0;0;0;0;0;0;0;4416746;3441602;4460;2;3613617;2866;47;0;1
FR;3;2022-10-21;0;0;0;0;0;0;0;0;0;4416746;3441602;4460;2;3613617;2866;47;0;1
FR;3;2022-10-22;0;0;0;0;0;0;0;0;0;4416746;3441602;4460;2;3613617;2866;47;0;1
FR;3;2022-10-23;0;0;0;0;0;0;0;0;0;4416746;3441602;4460;2;3613617;2866;47;0;1
FR;3;2022-10-24;0;0;0;0;0;0;0;0;0;4416746;3441602;4460;2;3613617;2866;47;0;1
FR;3;2022-10-25;0;0;0;0;0;0;0;0;0;4416746;3441602;4460;2;3613617;2866;47;0;1
FR;3;2022-10-26;0;0;0;0;0;0;0;0;0;4416746;3441602;4460;2;3613617;2866;47;0;1
FR;3;2022-10-27;0;0;0;0;0;0;0;0;0;4416746;3441602;4460;2;3613617;2866;47;0;1
FR;3;2022-10-28;0;0;0;0;0;0;0;0;0;4416746;3441602;4460;2;3613617;2866;47;0;1
FR;3;2022-10-29;0;0;0;0;0;0;0;0;0;4416746;3441602;4460;2;3613617;2866;47;0;1
FR;3;2022-10-30;0;0;0;0;0;0;0;0;0;4416746;3441602;4460;2;3613617;2866;47;0;1
FR;3;2022-10-31;0;0;0;0;0;0;0;0;0;4416746;3441602;4460;2;3613617;2866;47;0;1
FR;3;2022-11-01;0;0;0;0;0;0;0;0;0;4416746;3441602;4460;2;3613617;2866;47;0;1
FR;3;2022-11-02;0;0;0;0;0;0;0;0;0;4416746;3441602;4460;2;3613617;2866;47;0;1
FR;3;2022-11-03;0;0;0;0;0;0;0;0;0;4416746;3441602;4460;2;3613617;2866;47;0;1
FR;3;2022-11-04;0;0;0;0;0;0;0;0;0;4416746;3441602;4460;2;3613617;2866;47;0;1
FR;3;2022-11-05;0;0;0;0;0;0;0;0;0;4416746;3441602;4460;2;3613617;2866;47;0;1
FR;3;2022-11-06;0;0;0;0;0;0;0;0;0;4416746;3441602;4460;2;3613617;2866;47;0;1
FR;3;2022-11-07;0;0;0;0;0;0;0;0;0;4416746;3441602;4460;2;3613617;2866;47;0;1
FR;3;2022-11-08;1;0;0;0;0;0;0;0;0;4416747;3441602;4460;2;3613617;2866;47;0;1
FR;3;2022-11-09;0;0;0;0;0;0;0;0;0;4416747;3441602;4460;2;3613617;2866;47;0;1
FR;3;2022-11-10;0;0;0;0;0;0;0;0;0;4416747;3441602;4460;2;3613617;2866;47;0;1
FR;3;2022-11-11;0;0;0;0;0;0;0;0;0;4416747;3441602;4460;2;3613617;2866;47;0;1
FR;3;2022-11-12;0;0;0;0;0;0;0;0;0;4416747;3441602;4460;2;3613617;2866;47;0;1
FR;3;2022-11-13;0;0;0;0;0;0;0;0;0;4416747;3441602;4460;2;3613617;2866;47;0;1
FR;3;2022-11-14;0;0;0;0;0;0;0;0;0;4416747;3441602;4460;2;3613617;2866;47;0;1
FR;3;2022-11-15;0;0;0;0;0;0;0;0;0;4416747;3441602;4460;2;3613617;2866;47;0;1
FR;3;2022-11-16;0;0;0;0;0;0;0;0;0;4416747;3441602;4460;2;3613617;2866;47;0;1
FR;3;2022-11-17;0;0;0;0;0;0;0;0;0;4416747;3441602;4460;2;3613617;2866;47;0;1
FR;3;2022-11-18;0;0;0;0;0;0;0;0;0;4416747;3441602;4460;2;3613617;2866;47;0;1
FR;3;2022-11-19;0;0;0;0;0;0;0;0;0;4416747;3441602;4460;2;3613617;2866;47;0;1
FR;3;2022-11-20;0;0;0;0;0;0;0;0;0;4416747;3441602;4460;2;3613617;2866;47;0;1
FR;3;2022-11-21;0;0;0;0;0;0;0;0;0;4416747;3441602;4460;2;3613617;2866;47;0;1
FR;3;2022-11-22;0;0;0;0;0;0;0;0;0;4416747;3441602;4460;2;3613617;2866;47;0;1
FR;3;2022-11-23;0;0;0;0;0;0;0;0;0;4416747;3441602;4460;2;3613617;2866;47;0;1
FR;3;2022-11-24;0;0;0;0;0;0;0;0;0;4416747;3441602;4460;2;3613617;2866;47;0;1
FR;3;2022-11-25;0;0;0;0;0;0;0;0;0;4416747;3441602;4460;2;3613617;2866;47;0;1
FR;3;2022-11-26;0;0;0;0;0;0;0;0;0;4416747;3441602;4460;2;3613617;2866;47;0;1
FR;3;2022-11-27;0;0;0;0;0;0;0;0;0;4416747;3441602;4460;2;3613617;2866;47;0;1
FR;3;2022-11-28;0;0;0;0;0;0;0;0;0;4416747;3441602;4460;2;3613617;2866;47;0;1
FR;3;2022-11-29;0;0;0;0;0;0;0;0;0;4416747;3441602;4460;2;3613617;2866;47;0;1
FR;3;2022-11-30;0;0;0;0;0;0;0;0;0;4416747;3441602;4460;2;3613617;2866;47;0;1
FR;3;2022-12-01;0;0;0;0;0;0;0;0;0;4416747;3441602;4460;2;3613617;2866;47;0;1
FR;3;2022-12-02;0;0;0;0;0;0;0;0;0;4416747;3441602;4460;2;3613617;2866;47;0;1
FR;3;2022-12-03;0;0;0;0;0;0;0;0;0;4416747;3441602;4460;2;3613617;2866;47;0;1
FR;3;2022-12-04;0;0;0;0;0;0;0;0;0;4416747;3441602;4460;2;3613617;2866;47;0;1
FR;3;2022-12-05;0;0;0;0;0;0;0;0;0;4416747;3441602;4460;2;3613617;2866;47;0;1
FR;3;2022-12-06;0;0;0;0;0;0;0;0;0;4416747;3441602;4460;2;3613617;2866;47;0;1
FR;3;2022-12-07;0;0;0;0;0;0;0;0;0;4416747;3441602;4460;2;3613617;2866;47;0;1
FR;3;2022-12-08;0;0;0;0;0;0;0;0;0;4416747;3441602;4460;2;3613617;2866;47;0;1
FR;3;2022-12-09;0;0;0;0;0;0;0;0;0;4416747;3441602;4460;2;3613617;2866;47;0;1
FR;3;2022-12-10;0;0;0;0;0;0;0;0;0;4416747;3441602;4460;2;3613617;2866;47;0;1
FR;3;2022-12-11;0;0;0;0;0;0;0;0;0;4416747;3441602;4460;2;3613617;2866;47;0;1
FR;3;2022-12-12;0;0;0;0;0;0;0;0;0;4416747;3441602;4460;2;3613617;2866;47;0;1
FR;3;2022-12-13;0;0;0;0;0;0;0;0;0;4416747;3441602;4460;2;3613617;2866;47;0;1
FR;3;2022-12-14;0;0;0;0;0;0;0;0;0;4416747;3441602;4460;2;3613617;2866;47;0;1
FR;3;2022-12-15;0;0;0;0;0;0;0;0;0;4416747;3441602;4460;2;3613617;2866;47;0;1
FR;3;2022-12-16;0;0;0;0;0;0;0;0;0;4416747;3441602;4460;2;3613617;2866;47;0;1
FR;3;2022-12-17;0;0;0;0;0;0;0;0;0;4416747;3441602;4460;2;3613617;2866;47;0;1
FR;3;2022-12-18;0;0;0;0;0;0;0;0;0;4416747;3441602;4460;2;3613617;2866;47;0;1
FR;3;2022-12-19;0;0;0;0;0;0;0;0;0;4416747;3441602;4460;2;3613617;2866;47;0;1
FR;3;2022-12-20;0;0;0;0;0;0;0;0;0;4416747;3441602;4460;2;3613617;2866;47;0;1
FR;3;2022-12-21;0;0;0;0;0;0;0;0;0;4416747;3441602;4460;2;3613617;2866;47;0;1
FR;3;2022-12-22;0;0;0;0;0;0;0;0;0;4416747;3441602;4460;2;3613617;2866;47;0;1
FR;3;2022-12-23;0;0;0;0;0;0;0;0;0;4416747;3441602;4460;2;3613617;2866;47;0;1
FR;3;2022-12-24;0;0;0;0;0;0;0;0;0;4416747;3441602;4460;2;3613617;2866;47;0;1
FR;3;2022-12-25;0;0;0;0;0;0;0;0;0;4416747;3441602;4460;2;3613617;2866;47;0;1
FR;3;2022-12-26;0;0;0;0;0;0;0;0;0;4416747;3441602;4460;2;3613617;2866;47;0;1
FR;3;2022-12-27;0;0;0;0;0;0;0;0;0;4416747;3441602;4460;2;3613617;2866;47;0;1
FR;3;2022-12-28;0;0;0;0;0;0;0;0;0;4416747;3441602;4460;2;3613617;2866;47;0;1
FR;3;2022-12-29;0;0;0;0;0;0;0;0;0;4416747;3441602;4460;2;3613617;2866;47;0;1
FR;3;2022-12-30;0;0;0;0;0;0;0;0;0;4416747;3441602;4460;2;3613617;2866;47;0;1
FR;3;2022-12-31;0;0;0;0;0;0;0;0;0;4416747;3441602;4460;2;3613617;2866;47;0;1
FR;3;2023-01-01;0;0;0;0;0;0;0;0;0;4416747;3441602;4460;2;3613617;2866;47;0;1
FR;3;2023-01-02;0;0;0;0;0;0;0;0;0;4416747;3441602;4460;2;3613617;2866;47;0;1
FR;3;2023-01-03;0;0;0;0;0;0;0;0;0;4416747;3441602;4460;2;3613617;2866;47;0;1
FR;3;2023-01-04;0;0;0;0;0;0;0;0;0;4416747;3441602;4460;2;3613617;2866;47;0;1
FR;3;2023-01-05;0;0;0;0;0;0;0;0;0;4416747;3441602;4460;2;3613617;2866;47;0;1
FR;3;2023-01-06;0;0;0;0;0;0;0;0;0;4416747;3441602;4460;2;3613617;2866;47;0;1
FR;3;2023-01-07;0;0;0;0;0;0;0;0;0;4416747;3441602;4460;2;3613617;2866;47;0;1
FR;3;2023-01-08;0;0;0;0;0;0;0;0;0;4416747;3441602;4460;2;3613617;2866;47;0;1
FR;3;2023-01-09;0;0;0;0;0;0;0;0;0;4416747;3441602;4460;2;3613617;2866;47;0;1
FR;3;2023-01-10;0;0;0;0;0;0;0;0;0;4416747;3441602;4460;2;3613617;2866;47;0;1
FR;3;2023-01-11;0;0;0;0;0;0;0;0;0;4416747;3441602;4460;2;3613617;2866;47;0;1
FR;4;2020-12-27;0;0;0;0;0;0;0;0;0;0;0;0;0;0;0;0;0;0
FR;4;2020-12-28;0;0;0;0;0;0;0;0;0;0;0;0;0;0;0;0;0;0
FR;4;2020-12-29;0;0;0;0;0;0;0;0;0;0;0;0;0;0;0;0;0;0
FR;4;2020-12-30;0;0;0;0;0;0;0;0;0;0;0;0;0;0;0;0;0;0
FR;4;2020-12-31;0;0;0;0;0;0;0;0;0;0;0;0;0;0;0;0;0;0
FR;4;2021-01-01;0;0;0;0;0;0;0;0;0;0;0;0;0;0;0;0;0;0
FR;4;2021-01-02;0;0;0;0;0;0;0;0;0;0;0;0;0;0;0;0;0;0
FR;4;2021-01-03;0;0;0;0;0;0;0;0;0;0;0;0;0;0;0;0;0;0
FR;4;2021-01-04;0;0;0;0;0;0;0;0;0;0;0;0;0;0;0;0;0;0
FR;4;2021-01-05;0;0;0;0;0;0;0;0;0;0;0;0;0;0;0;0;0;0
FR;4;2021-01-06;0;0;0;0;0;0;0;0;0;0;0;0;0;0;0;0;0;0
FR;4;2021-01-07;0;0;0;0;0;0;0;0;0;0;0;0;0;0;0;0;0;0
FR;4;2021-01-08;0;0;0;0;0;0;0;0;0;0;0;0;0;0;0;0;0;0
FR;4;2021-01-09;0;0;0;0;0;0;0;0;0;0;0;0;0;0;0;0;0;0
FR;4;2021-01-10;0;0;0;0;0;0;0;0;0;0;0;0;0;0;0;0;0;0
FR;4;2021-01-11;0;0;0;0;0;0;0;0;0;0;0;0;0;0;0;0;0;0
FR;4;2021-01-12;0;0;0;0;0;0;0;0;0;0;0;0;0;0;0;0;0;0
FR;4;2021-01-13;0;0;0;0;0;0;0;0;0;0;0;0;0;0;0;0;0;0
FR;4;2021-01-14;0;0;0;0;0;0;0;0;0;0;0;0;0;0;0;0;0;0
FR;4;2021-01-15;0;0;0;0;0;0;0;0;0;0;0;0;0;0;0;0;0;0
FR;4;2021-01-16;0;0;0;0;0;0;0;0;0;0;0;0;0;0;0;0;0;0
FR;4;2021-01-17;0;0;0;0;0;0;0;0;0;0;0;0;0;0;0;0;0;0
FR;4;2021-01-18;0;0;0;0;0;0;0;0;0;0;0;0;0;0;0;0;0;0
FR;4;2021-01-19;0;0;0;0;0;0;0;0;0;0;0;0;0;0;0;0;0;0
FR;4;2021-01-20;0;0;0;0;0;0;0;0;0;0;0;0;0;0;0;0;0;0
FR;4;2021-01-21;0;0;0;0;0;0;0;0;0;0;0;0;0;0;0;0;0;0
FR;4;2021-01-22;0;0;0;0;0;0;0;0;0;0;0;0;0;0;0;0;0;0
FR;4;2021-01-23;0;0;0;0;0;0;0;0;0;0;0;0;0;0;0;0;0;0
FR;4;2021-01-24;0;0;0;0;0;0;0;0;0;0;0;0;0;0;0;0;0;0
FR;4;2021-01-25;0;0;0;0;0;0;0;0;0;0;0;0;0;0;0;0;0;0
FR;4;2021-01-26;0;0;0;0;0;0;0;0;0;0;0;0;0;0;0;0;0;0
FR;4;2021-01-27;0;0;0;0;0;0;0;0;0;0;0;0;0;0;0;0;0;0
FR;4;2021-01-28;0;0;0;0;0;0;0;0;0;0;0;0;0;0;0;0;0;0
FR;4;2021-01-29;0;0;0;0;0;0;0;0;0;0;0;0;0;0;0;0;0;0
FR;4;2021-01-30;0;0;0;0;0;0;0;0;0;0;0;0;0;0;0;0;0;0
FR;4;2021-01-31;0;0;0;0;0;0;0;0;0;0;0;0;0;0;0;0;0;0
FR;4;2021-02-01;0;0;0;0;0;0;0;0;0;0;0;0;0;0;0;0;0;0
FR;4;2021-02-02;0;0;0;0;0;0;0;0;0;0;0;0;0;0;0;0;0;0
FR;4;2021-02-03;0;0;0;0;0;0;0;0;0;0;0;0;0;0;0;0;0;0
FR;4;2021-02-04;0;0;0;0;0;0;0;0;0;0;0;0;0;0;0;0;0;0
FR;4;2021-02-05;0;0;0;0;0;0;0;0;0;0;0;0;0;0;0;0;0;0
FR;4;2021-02-06;0;0;0;0;0;0;0;0;0;0;0;0;0;0;0;0;0;0
FR;4;2021-02-07;0;0;0;0;0;0;0;0;0;0;0;0;0;0;0;0;0;0
FR;4;2021-02-08;0;0;0;0;0;0;0;0;0;0;0;0;0;0;0;0;0;0
FR;4;2021-02-09;0;0;0;0;0;0;0;0;0;0;0;0;0;0;0;0;0;0
FR;4;2021-02-10;0;0;0;0;0;0;0;0;0;0;0;0;0;0;0;0;0;0
FR;4;2021-02-11;0;0;0;0;0;0;0;0;0;0;0;0;0;0;0;0;0;0
FR;4;2021-02-12;0;0;0;0;0;0;0;0;0;0;0;0;0;0;0;0;0;0
FR;4;2021-02-13;0;0;0;0;0;0;0;0;0;0;0;0;0;0;0;0;0;0
FR;4;2021-02-14;0;0;0;0;0;0;0;0;0;0;0;0;0;0;0;0;0;0
FR;4;2021-02-15;0;0;0;0;0;0;0;0;0;0;0;0;0;0;0;0;0;0
FR;4;2021-02-16;0;0;0;0;0;0;0;0;0;0;0;0;0;0;0;0;0;0
FR;4;2021-02-17;0;0;0;0;0;0;0;0;0;0;0;0;0;0;0;0;0;0
FR;4;2021-02-18;0;0;0;0;0;0;0;0;0;0;0;0;0;0;0;0;0;0
FR;4;2021-02-19;0;0;0;0;0;0;0;0;0;0;0;0;0;0;0;0;0;0
FR;4;2021-02-20;0;0;0;0;0;0;0;0;0;0;0;0;0;0;0;0;0;0
FR;4;2021-02-21;0;0;0;0;0;0;0;0;0;0;0;0;0;0;0;0;0;0
FR;4;2021-02-22;0;0;0;0;0;0;0;0;0;0;0;0;0;0;0;0;0;0
FR;4;2021-02-23;0;0;0;0;0;0;0;0;0;0;0;0;0;0;0;0;0;0
FR;4;2021-02-24;0;0;0;0;0;0;0;0;0;0;0;0;0;0;0;0;0;0
FR;4;2021-02-25;0;0;0;0;0;0;0;0;0;0;0;0;0;0;0;0;0;0
FR;4;2021-02-26;0;0;0;0;0;0;0;0;0;0;0;0;0;0;0;0;0;0
FR;4;2021-02-27;0;0;0;0;0;0;0;0;0;0;0;0;0;0;0;0;0;0
FR;4;2021-02-28;0;0;0;0;0;0;0;0;0;0;0;0;0;0;0;0;0;0
FR;4;2021-03-01;0;0;0;0;0;0;0;0;0;0;0;0;0;0;0;0;0;0
FR;4;2021-03-02;0;0;0;0;0;0;0;0;0;0;0;0;0;0;0;0;0;0
FR;4;2021-03-03;0;0;0;0;0;0;0;0;0;0;0;0;0;0;0;0;0;0
FR;4;2021-03-04;0;0;0;0;0;0;0;0;0;0;0;0;0;0;0;0;0;0
FR;4;2021-03-05;0;0;0;0;0;0;0;0;0;0;0;0;0;0;0;0;0;0
FR;4;2021-03-06;0;0;0;0;0;0;0;0;0;0;0;0;0;0;0;0;0;0
FR;4;2021-03-07;0;0;0;0;0;0;0;0;0;0;0;0;0;0;0;0;0;0
FR;4;2021-03-08;0;0;0;0;0;0;0;0;0;0;0;0;0;0;0;0;0;0
FR;4;2021-03-09;0;0;0;0;0;0;0;0;0;0;0;0;0;0;0;0;0;0
FR;4;2021-03-10;0;0;0;0;0;0;0;0;0;0;0;0;0;0;0;0;0;0
FR;4;2021-03-11;0;0;0;0;0;0;0;0;0;0;0;0;0;0;0;0;0;0
FR;4;2021-03-12;0;0;0;0;0;0;0;0;0;0;0;0;0;0;0;0;0;0
FR;4;2021-03-13;0;0;0;0;0;0;0;0;0;0;0;0;0;0;0;0;0;0
FR;4;2021-03-14;0;0;0;0;0;0;0;0;0;0;0;0;0;0;0;0;0;0
FR;4;2021-03-15;0;0;0;0;0;0;0;0;0;0;0;0;0;0;0;0;0;0
FR;4;2021-03-16;0;0;0;0;0;0;0;0;0;0;0;0;0;0;0;0;0;0
FR;4;2021-03-17;0;0;0;0;0;0;0;0;0;0;0;0;0;0;0;0;0;0
FR;4;2021-03-18;0;0;0;0;0;0;0;0;0;0;0;0;0;0;0;0;0;0
FR;4;2021-03-19;0;0;0;0;0;0;0;0;0;0;0;0;0;0;0;0;0;0
FR;4;2021-03-20;0;0;0;0;0;0;0;0;0;0;0;0;0;0;0;0;0;0
FR;4;2021-03-21;0;0;0;0;0;0;0;0;0;0;0;0;0;0;0;0;0;0
FR;4;2021-03-22;0;0;0;0;0;0;0;0;0;0;0;0;0;0;0;0;0;0
FR;4;2021-03-23;0;0;0;0;0;0;0;0;0;0;0;0;0;0;0;0;0;0
FR;4;2021-03-24;0;0;0;0;0;0;0;0;0;0;0;0;0;0;0;0;0;0
FR;4;2021-03-25;0;0;0;0;0;0;0;0;0;0;0;0;0;0;0;0;0;0
FR;4;2021-03-26;0;0;0;0;0;0;0;0;0;0;0;0;0;0;0;0;0;0
FR;4;2021-03-27;0;0;0;0;0;0;0;0;0;0;0;0;0;0;0;0;0;0
FR;4;2021-03-28;0;0;0;0;0;0;0;0;0;0;0;0;0;0;0;0;0;0
FR;4;2021-03-29;0;0;0;0;0;0;0;0;0;0;0;0;0;0;0;0;0;0
FR;4;2021-03-30;0;0;0;0;0;0;0;0;0;0;0;0;0;0;0;0;0;0
FR;4;2021-03-31;0;0;0;0;0;0;0;0;0;0;0;0;0;0;0;0;0;0
FR;4;2021-04-01;0;0;0;0;0;0;0;0;0;0;0;0;0;0;0;0;0;0
FR;4;2021-04-02;0;0;0;0;0;0;0;0;0;0;0;0;0;0;0;0;0;0
FR;4;2021-04-03;0;0;0;0;0;0;0;0;0;0;0;0;0;0;0;0;0;0
FR;4;2021-04-04;0;0;0;0;0;0;0;0;0;0;0;0;0;0;0;0;0;0
FR;4;2021-04-05;0;0;0;0;0;0;0;0;0;0;0;0;0;0;0;0;0;0
FR;4;2021-04-06;0;0;0;0;0;0;0;0;0;0;0;0;0;0;0;0;0;0
FR;4;2021-04-07;0;0;0;0;0;0;0;0;0;0;0;0;0;0;0;0;0;0
FR;4;2021-04-08;0;0;0;0;0;0;0;0;0;0;0;0;0;0;0;0;0;0
FR;4;2021-04-09;0;0;0;0;0;0;0;0;0;0;0;0;0;0;0;0;0;0
FR;4;2021-04-10;0;0;0;0;0;0;0;0;0;0;0;0;0;0;0;0;0;0
FR;4;2021-04-11;0;0;0;0;0;0;0;0;0;0;0;0;0;0;0;0;0;0
FR;4;2021-04-12;0;0;0;0;0;0;0;0;0;0;0;0;0;0;0;0;0;0
FR;4;2021-04-13;0;0;0;0;0;0;0;0;0;0;0;0;0;0;0;0;0;0
FR;4;2021-04-14;0;0;0;0;0;0;0;0;0;0;0;0;0;0;0;0;0;0
FR;4;2021-04-15;0;0;0;0;0;0;0;0;0;0;0;0;0;0;0;0;0;0
FR;4;2021-04-16;0;0;0;0;0;0;0;0;0;0;0;0;0;0;0;0;0;0
FR;4;2021-04-17;0;0;0;0;0;0;0;0;0;0;0;0;0;0;0;0;0;0
FR;4;2021-04-18;0;0;0;0;0;0;0;0;0;0;0;0;0;0;0;0;0;0
FR;4;2021-04-19;0;0;0;0;0;0;0;0;0;0;0;0;0;0;0;0;0;0
FR;4;2021-04-20;0;0;0;0;0;0;0;0;0;0;0;0;0;0;0;0;0;0
FR;4;2021-04-21;0;0;0;0;0;0;0;0;0;0;0;0;0;0;0;0;0;0
FR;4;2021-04-22;0;0;0;0;0;0;0;0;0;0;0;0;0;0;0;0;0;0
FR;4;2021-04-23;3677;0;0;0;3638;0;0;0;0;3677;0;0;0;3638;0;0;0;0
FR;4;2021-04-24;1569;1;0;0;1558;0;0;0;0;5246;1;0;0;5196;0;0;0;0
FR;4;2021-04-25;125;0;0;0;125;0;0;0;0;5371;1;0;0;5321;0;0;0;0
FR;4;2021-04-26;2871;1;0;0;2860;0;0;0;0;8242;2;0;0;8181;0;0;0;0
FR;4;2021-04-27;9520;3;0;0;9501;0;0;0;0;17762;5;0;0;17682;0;0;0;0
FR;4;2021-04-28;9909;6;0;0;9884;0;0;0;0;27671;11;0;0;27566;0;0;0;0
FR;4;2021-04-29;15996;8;0;0;15980;0;0;0;0;43667;19;0;0;43546;0;0;0;0
FR;4;2021-04-30;19234;10;0;0;19205;0;0;0;0;62901;29;0;0;62751;0;0;0;0
FR;4;2021-05-01;1994;6;0;0;1992;0;0;0;0;64895;35;0;0;64743;0;0;0;0
FR;4;2021-05-02;484;0;0;0;482;0;0;0;0;65379;35;0;0;65225;0;0;0;0
FR;4;2021-05-03;5067;2;0;0;5060;0;0;0;0;70446;37;0;0;70285;0;0;0;0
FR;4;2021-05-04;8411;11;0;0;8400;0;0;0;0;78857;48;0;0;78685;0;0;0;0
FR;4;2021-05-05;6191;7;0;0;6186;0;0;0;0;85048;55;0;0;84871;0;0;0;0
FR;4;2021-05-06;11388;11;0;0;11385;0;0;0;0;96436;66;0;0;96256;0;0;0;0
FR;4;2021-05-07;19126;9;0;0;19087;0;0;0;0;115562;75;0;0;115343;0;0;0;0
FR;4;2021-05-08;2378;6;0;0;2382;0;0;0;0;117940;81;0;0;117725;0;0;0;0
FR;4;2021-05-09;691;3;0;0;692;0;0;0;0;118631;84;0;0;118417;0;0;0;0
FR;4;2021-05-10;7245;5;1;0;7242;0;0;0;0;125876;89;1;0;125659;0;0;0;0
FR;4;2021-05-11;14325;12;0;0;14305;0;0;0;0;140201;101;1;0;139964;0;0;0;0
FR;4;2021-05-12;10176;15;0;0;10179;0;0;0;0;150377;116;1;0;150143;0;0;0;0
FR;4;2021-05-13;1583;4;0;0;1584;0;0;0;0;151960;120;1;0;151727;0;0;0;0
FR;4;2021-05-14;7769;7;0;0;7763;0;0;0;0;159729;127;1;0;159490;0;0;0;0
FR;4;2021-05-15;3721;8;1;0;3720;0;0;0;0;163450;135;2;0;163210;0;0;0;0
FR;4;2021-05-16;417;1;0;0;417;0;0;0;0;163867;136;2;0;163627;0;0;0;0
FR;4;2021-05-17;4483;7;0;0;4482;0;0;0;0;168350;143;2;0;168109;0;0;0;0
FR;4;2021-05-18;8769;10;0;0;8769;0;0;0;0;177119;153;2;0;176878;0;0;0;0
FR;4;2021-05-19;5699;7;0;0;5701;0;0;0;0;182818;160;2;0;182579;0;0;0;0
FR;4;2021-05-20;9487;8;0;0;9479;0;0;0;0;192305;168;2;0;192058;0;0;0;0
FR;4;2021-05-21;12814;30;0;0;12821;0;0;0;0;205119;198;2;0;204879;0;0;0;0
FR;4;2021-05-22;5060;15;0;0;5067;0;0;0;0;210179;213;2;0;209946;0;0;0;0
FR;4;2021-05-23;498;4;0;0;501;0;0;0;0;210677;217;2;0;210447;0;0;0;0
FR;4;2021-05-24;1060;7;0;0;1064;0;0;0;0;211737;224;2;0;211511;0;0;0;0
FR;4;2021-05-25;7636;16;0;0;7642;0;0;0;0;219373;240;2;0;219153;0;0;0;0
FR;4;2021-05-26;7731;16;0;0;7739;0;0;0;0;227104;256;2;0;226892;0;0;0;0
FR;4;2021-05-27;14337;35;0;0;14346;0;0;0;0;241441;291;2;0;241238;0;0;0;0
FR;4;2021-05-28;26593;82;1;0;26634;0;0;0;0;268034;373;3;0;267872;0;0;0;0
FR;4;2021-05-29;11385;18;0;0;11385;0;0;0;0;279419;391;3;0;279257;0;0;0;0
FR;4;2021-05-30;974;7;0;0;973;0;0;0;0;280393;398;3;0;280230;0;0;0;0
FR;4;2021-05-31;12700;21;0;0;12700;0;0;0;0;293093;419;3;0;292930;0;0;0;0
FR;4;2021-06-01;20281;48;1;0;20299;0;0;0;0;313374;467;4;0;313229;0;0;0;0
FR;4;2021-06-02;14524;33;0;0;14537;0;0;0;0;327898;500;4;0;327766;0;0;0;0
FR;4;2021-06-03;19436;24;1;0;19434;0;0;0;0;347334;524;5;0;347200;0;0;0;0
FR;4;2021-06-04;22518;48;0;0;22536;0;0;0;0;369852;572;5;0;369736;0;0;0;0
FR;4;2021-06-05;9717;32;0;0;9721;0;0;0;0;379569;604;5;0;379457;0;0;0;0
FR;4;2021-06-06;1041;1;0;0;1037;0;0;0;0;380610;605;5;0;380494;0;0;0;0
FR;4;2021-06-07;9230;19;0;0;9237;0;0;0;0;389840;624;5;0;389731;0;0;0;0
FR;4;2021-06-08;14614;32;0;0;14626;0;0;0;0;404454;656;5;0;404357;0;0;0;0
FR;4;2021-06-09;12216;25;0;0;12224;0;0;0;0;416670;681;5;0;416581;0;0;0;0
FR;4;2021-06-10;15407;30;0;0;15415;0;0;0;0;432077;711;5;0;431996;0;0;0;0
FR;4;2021-06-11;16988;57;0;0;17015;0;0;0;0;449065;768;5;0;449011;0;0;0;0
FR;4;2021-06-12;7452;27;0;0;7477;0;0;0;0;456517;795;5;0;456488;0;0;0;0
FR;4;2021-06-13;908;3;0;0;910;0;0;0;0;457425;798;5;0;457398;0;0;0;0
FR;4;2021-06-14;6651;27;0;0;6661;0;0;0;0;464076;825;5;0;464059;0;0;0;0
FR;4;2021-06-15;10895;39;0;0;10912;0;0;0;0;474971;864;5;0;474971;0;0;0;0
FR;4;2021-06-16;8909;17;0;0;8917;0;0;0;0;483880;881;5;0;483888;0;0;0;0
FR;4;2021-06-17;10903;37;0;0;10915;0;0;0;0;494783;918;5;0;494803;0;0;0;0
FR;4;2021-06-18;12427;45;0;0;12454;0;0;0;0;507210;963;5;0;507257;0;0;0;0
FR;4;2021-06-19;5567;25;0;0;5587;0;0;0;0;512777;988;5;0;512844;0;0;0;0
FR;4;2021-06-20;827;5;0;0;831;0;0;0;0;513604;993;5;0;513675;0;0;0;0
FR;4;2021-06-21;5103;21;0;0;5103;0;0;0;0;518707;1014;5;0;518778;0;0;0;0
FR;4;2021-06-22;7914;29;2;0;7932;0;0;0;0;526621;1043;7;0;526710;0;0;0;0
FR;4;2021-06-23;7104;43;2;0;7131;0;0;0;0;533725;1086;9;0;533841;0;0;0;0
FR;4;2021-06-24;8655;46;1;0;8687;0;0;0;0;542380;1132;10;0;542528;0;0;0;0
FR;4;2021-06-25;10177;41;2;0;10209;0;0;0;0;552557;1173;12;0;552737;0;0;0;0
FR;4;2021-06-26;4853;21;0;0;4870;0;0;0;0;557410;1194;12;0;557607;0;0;0;0
FR;4;2021-06-27;769;4;0;0;771;0;0;0;0;558179;1198;12;0;558378;0;0;0;0
FR;4;2021-06-28;4834;16;1;0;4842;0;0;0;0;563013;1214;13;0;563220;0;0;0;0
FR;4;2021-06-29;7111;28;2;0;7120;0;0;0;0;570124;1242;15;0;570340;0;0;0;0
FR;4;2021-06-30;6727;40;2;0;6755;0;0;0;0;576851;1282;17;0;577095;0;0;0;0
FR;4;2021-07-01;8212;42;0;0;8234;0;0;0;0;585063;1324;17;0;585329;0;0;0;0
FR;4;2021-07-02;9429;53;1;0;9469;0;0;0;0;594492;1377;18;0;594798;0;0;0;0
FR;4;2021-07-03;4847;20;0;0;4862;0;0;0;0;599339;1397;18;0;599660;0;0;0;0
FR;4;2021-07-04;690;5;0;0;692;0;0;0;0;600029;1402;18;0;600352;0;0;0;0
FR;4;2021-07-05;4771;19;2;0;4782;0;0;0;0;604800;1421;20;0;605134;0;0;0;0
FR;4;2021-07-06;7728;29;4;0;7741;0;0;0;0;612528;1450;24;0;612875;0;0;0;0
FR;4;2021-07-07;7086;34;2;0;7098;0;0;0;0;619614;1484;26;0;619973;0;0;0;0
FR;4;2021-07-08;9232;40;2;0;9255;0;0;0;0;628846;1524;28;0;629228;0;0;0;0
FR;4;2021-07-09;10282;34;1;0;10305;0;0;0;0;639128;1558;29;0;639533;0;0;0;0
FR;4;2021-07-10;4639;14;2;0;4646;0;0;0;0;643767;1572;31;0;644179;0;0;0;0
FR;4;2021-07-11;583;4;1;0;581;0;0;0;0;644350;1576;32;0;644760;0;0;0;0
FR;4;2021-07-12;5877;29;0;0;5899;0;0;0;0;650227;1605;32;0;650659;0;0;0;0
FR;4;2021-07-13;14231;29;0;0;14249;0;0;0;0;664458;1634;32;0;664908;0;0;0;0
FR;4;2021-07-14;2291;15;0;0;2291;0;0;0;0;666749;1649;32;0;667199;0;0;0;0
FR;4;2021-07-15;18238;37;0;0;18255;0;0;0;0;684987;1686;32;0;685454;0;0;0;0
FR;4;2021-07-16;22837;71;2;0;22887;0;0;0;0;707824;1757;34;0;708341;0;0;0;0
FR;4;2021-07-17;9740;20;0;0;9748;0;0;0;0;717564;1777;34;0;718089;0;0;0;0
FR;4;2021-07-18;1358;5;0;0;1361;0;0;0;0;718922;1782;34;0;719450;0;0;0;0
FR;4;2021-07-19;12991;30;1;0;13016;0;0;0;0;731913;1812;35;0;732466;0;0;0;0
FR;4;2021-07-20;17345;26;1;0;17361;0;0;0;0;749258;1838;36;0;749827;0;0;0;0
FR;4;2021-07-21;15622;33;0;0;15642;0;0;0;0;764880;1871;36;0;765469;0;0;0;0
FR;4;2021-07-22;18247;44;2;0;18271;0;0;0;0;783127;1915;38;0;783740;0;0;0;0
FR;4;2021-07-23;20419;57;7;0;20452;0;0;0;0;803546;1972;45;0;804192;0;0;0;0
FR;4;2021-07-24;9289;33;0;0;9304;0;0;0;0;812835;2005;45;0;813496;0;0;0;0
FR;4;2021-07-25;1356;11;0;0;1358;0;0;0;0;814191;2016;45;0;814854;0;0;0;0
FR;4;2021-07-26;11044;23;0;0;11051;0;0;0;0;825235;2039;45;0;825905;0;0;0;0
FR;4;2021-07-27;14687;35;3;0;14707;0;0;0;0;839922;2074;48;0;840612;0;0;0;0
FR;4;2021-07-28;12935;26;2;0;12952;0;0;0;0;852857;2100;50;0;853564;0;0;0;0
FR;4;2021-07-29;14093;54;4;0;14134;0;0;0;0;866950;2154;54;0;867698;0;0;0;0
FR;4;2021-07-30;15501;46;2;0;15532;0;0;0;0;882451;2200;56;0;883230;0;0;0;0
FR;4;2021-07-31;6845;14;2;0;6855;0;0;0;0;889296;2214;58;0;890085;0;0;0;0
FR;4;2021-08-01;906;1;0;0;901;0;0;0;0;890202;2215;58;0;890986;0;0;0;0
FR;4;2021-08-02;7917;31;0;0;7918;0;0;0;0;898119;2246;58;0;898904;0;0;0;0
FR;4;2021-08-03;10804;31;2;0;10800;0;0;0;0;908923;2277;60;0;909704;0;0;0;0
FR;4;2021-08-04;9749;29;0;0;9748;0;0;0;0;918672;2306;60;0;919452;0;0;0;0
FR;4;2021-08-05;9829;42;0;0;9835;0;0;0;0;928501;2348;60;0;929287;0;0;0;0
FR;4;2021-08-06;10201;30;3;0;10198;0;0;0;0;938702;2378;63;0;939485;0;0;0;0
FR;4;2021-08-07;5100;30;1;0;5116;0;0;0;0;943802;2408;64;0;944601;0;0;0;0
FR;4;2021-08-08;1223;13;0;0;1226;0;0;0;0;945025;2421;64;0;945827;0;0;0;0
FR;4;2021-08-09;6350;31;0;0;6343;0;0;0;0;951375;2452;64;0;952170;0;0;0;0
FR;4;2021-08-10;8753;18;0;0;8724;0;0;0;0;960128;2470;64;0;960894;0;0;0;0
FR;4;2021-08-11;7944;34;4;0;7933;0;0;0;0;968072;2504;68;0;968827;0;0;0;0
FR;4;2021-08-12;8585;31;1;0;8573;0;0;0;0;976657;2535;69;0;977400;0;0;0;0
FR;4;2021-08-13;7559;25;0;1;7546;0;0;0;0;984216;2560;69;1;984946;0;0;0;0
FR;4;2021-08-14;3792;20;0;0;3776;0;0;0;0;988008;2580;69;1;988722;0;0;0;0
FR;4;2021-08-15;771;5;0;0;773;0;0;0;0;988779;2585;69;1;989495;0;0;0;0
FR;4;2021-08-16;4009;17;0;0;4004;0;0;0;0;992788;2602;69;1;993499;0;0;0;0
FR;4;2021-08-17;5631;17;1;0;5621;0;0;0;0;998419;2619;70;1;999120;0;0;0;0
FR;4;2021-08-18;5170;37;0;0;5187;0;0;0;0;1003589;2656;70;1;1004307;0;0;0;0
FR;4;2021-08-19;5487;34;3;0;5501;0;0;0;0;1009076;2690;73;1;1009808;0;0;0;0
FR;4;2021-08-20;5225;25;1;0;5235;0;0;0;0;1014301;2715;74;1;1015043;0;0;0;0
FR;4;2021-08-21;2311;22;1;0;2327;0;0;0;0;1016612;2737;75;1;1017370;0;0;0;0
FR;4;2021-08-22;414;2;0;0;415;0;0;0;0;1017026;2739;75;1;1017785;0;0;0;0
FR;4;2021-08-23;2935;21;1;0;2943;0;0;0;0;1019961;2760;76;1;1020728;0;0;0;0
FR;4;2021-08-24;3758;16;0;0;3761;0;0;0;0;1023719;2776;76;1;1024489;0;0;0;0
FR;4;2021-08-25;3545;25;1;0;3561;0;0;0;0;1027264;2801;77;1;1028050;0;0;0;0
FR;4;2021-08-26;3715;21;2;0;3727;0;0;0;0;1030979;2822;79;1;1031777;0;0;0;0
FR;4;2021-08-27;3617;31;2;0;3635;0;0;0;0;1034596;2853;81;1;1035412;0;0;0;0
FR;4;2021-08-28;1730;10;1;0;1735;0;0;0;0;1036326;2863;82;1;1037147;0;0;0;0
FR;4;2021-08-29;385;7;1;0;389;0;0;0;0;1036711;2870;83;1;1037536;0;0;0;0
FR;4;2021-08-30;2010;25;0;0;2018;16;0;0;0;1038721;2895;83;1;1039554;16;0;0;0
FR;4;2021-08-31;2486;21;0;0;2493;14;0;0;0;1041207;2916;83;1;1042047;30;0;0;0
FR;4;2021-09-01;2085;38;1;0;2096;22;0;0;0;1043292;2954;84;1;1044143;52;0;0;0
FR;4;2021-09-02;2307;31;4;0;2320;18;0;0;0;1045599;2985;88;1;1046463;70;0;0;0
FR;4;2021-09-03;2364;44;5;0;2373;36;0;0;0;1047963;3029;93;1;1048836;106;0;0;0
FR;4;2021-09-04;1374;18;0;0;1381;9;0;0;0;1049337;3047;93;1;1050217;115;0;0;0
FR;4;2021-09-05;433;2;0;0;433;2;0;0;0;1049770;3049;93;1;1050650;117;0;0;0
FR;4;2021-09-06;1713;63;0;0;1750;25;0;0;0;1051483;3112;93;1;1052400;142;0;0;0
FR;4;2021-09-07;1681;18;0;0;1690;8;0;0;0;1053164;3130;93;1;1054090;150;0;0;0
FR;4;2021-09-08;1286;26;3;0;1291;19;0;0;0;1054450;3156;96;1;1055381;169;0;0;0
FR;4;2021-09-09;1393;23;2;0;1403;9;0;0;0;1055843;3179;98;1;1056784;178;0;0;0
FR;4;2021-09-10;1521;31;2;0;1525;23;1;0;0;1057364;3210;100;1;1058309;201;1;0;0
FR;4;2021-09-11;745;11;0;0;748;3;0;0;0;1058109;3221;100;1;1059057;204;1;0;0
FR;4;2021-09-12;169;5;0;0;170;4;0;0;0;1058278;3226;100;1;1059227;208;1;0;0
FR;4;2021-09-13;1324;22;1;0;1327;16;0;0;0;1059602;3248;101;1;1060554;224;1;0;0
FR;4;2021-09-14;1503;9;2;0;1505;7;0;0;0;1061105;3257;103;1;1062059;231;1;0;0
FR;4;2021-09-15;1095;28;1;0;1098;25;0;0;0;1062200;3285;104;1;1063157;256;1;0;0
FR;4;2021-09-16;1105;22;2;0;1109;15;0;0;0;1063305;3307;106;1;1064266;271;1;0;0
FR;4;2021-09-17;897;21;1;0;904;12;0;0;0;1064202;3328;107;1;1065170;283;1;0;0
FR;4;2021-09-18;464;7;1;0;465;6;0;0;0;1064666;3335;108;1;1065635;289;1;0;0
FR;4;2021-09-19;182;3;0;0;183;2;0;0;0;1064848;3338;108;1;1065818;291;1;0;0
FR;4;2021-09-20;452;19;0;0;458;13;0;0;0;1065300;3357;108;1;1066276;304;1;0;0
FR;4;2021-09-21;433;11;0;0;435;7;0;0;0;1065733;3368;108;1;1066711;311;1;0;0
FR;4;2021-09-22;376;19;2;0;383;13;0;0;0;1066109;3387;110;1;1067094;324;1;0;0
FR;4;2021-09-23;486;15;1;0;487;14;0;0;0;1066595;3402;111;1;1067581;338;1;0;0
FR;4;2021-09-24;414;13;2;0;418;9;0;0;0;1067009;3415;113;1;1067999;347;1;0;0
FR;4;2021-09-25;280;10;1;0;281;5;0;0;0;1067289;3425;114;1;1068280;352;1;0;0
FR;4;2021-09-26;74;2;0;0;75;1;0;0;0;1067363;3427;114;1;1068355;353;1;0;0
FR;4;2021-09-27;269;10;1;0;270;8;0;0;0;1067632;3437;115;1;1068625;361;1;0;0
FR;4;2021-09-28;319;8;0;0;319;8;0;0;0;1067951;3445;115;1;1068944;369;1;0;0
FR;4;2021-09-29;378;19;1;0;380;13;0;0;0;1068329;3464;116;1;1069324;382;1;0;0
FR;4;2021-09-30;365;41;0;0;379;22;0;0;0;1068694;3505;116;1;1069703;404;1;0;0
FR;4;2021-10-01;411;56;0;0;413;50;0;0;0;1069105;3561;116;1;1070116;454;1;0;0
FR;4;2021-10-02;196;22;1;0;198;13;0;0;0;1069301;3583;117;1;1070314;467;1;0;0
FR;4;2021-10-03;86;1;0;0;87;0;0;0;0;1069387;3584;117;1;1070401;467;1;0;0
FR;4;2021-10-04;363;20;1;0;367;16;0;0;0;1069750;3604;118;1;1070768;483;1;0;0
FR;4;2021-10-05;286;19;2;0;288;15;0;0;0;1070036;3623;120;1;1071056;498;1;0;0
FR;4;2021-10-06;249;23;1;0;254;18;0;0;0;1070285;3646;121;1;1071310;516;1;0;0
FR;4;2021-10-07;267;25;2;0;272;13;0;0;0;1070552;3671;123;1;1071582;529;1;0;0
FR;4;2021-10-08;357;24;2;0;360;20;0;0;0;1070909;3695;125;1;1071942;549;1;0;0
FR;4;2021-10-09;194;6;6;0;195;7;0;0;0;1071103;3701;131;1;1072137;556;1;0;0
FR;4;2021-10-10;97;3;2;0;99;3;0;0;0;1071200;3704;133;1;1072236;559;1;0;0
FR;4;2021-10-11;251;15;1;0;252;14;0;0;0;1071451;3719;134;1;1072488;573;1;0;0
FR;4;2021-10-12;211;14;0;0;211;13;0;0;0;1071662;3733;134;1;1072699;586;1;0;0
FR;4;2021-10-13;221;28;1;0;224;25;0;0;0;1071883;3761;135;1;1072923;611;1;0;0
FR;4;2021-10-14;315;21;4;0;319;15;0;0;0;1072198;3782;139;1;1073242;626;1;0;0
FR;4;2021-10-15;322;24;5;0;323;25;0;0;0;1072520;3806;144;1;1073565;651;1;0;0
FR;4;2021-10-16;166;6;2;0;166;6;0;0;0;1072686;3812;146;1;1073731;657;1;0;0
FR;4;2021-10-17;70;2;0;0;71;1;0;0;0;1072756;3814;146;1;1073802;658;1;0;0
FR;4;2021-10-18;281;16;1;0;283;13;0;0;0;1073037;3830;147;1;1074085;671;1;0;0
FR;4;2021-10-19;216;14;2;0;216;15;0;0;0;1073253;3844;149;1;1074301;686;1;0;0
FR;4;2021-10-20;231;27;4;0;234;15;0;0;0;1073484;3871;153;1;1074535;701;1;0;0
FR;4;2021-10-21;243;18;0;0;245;14;0;0;0;1073727;3889;153;1;1074780;715;1;0;0
FR;4;2021-10-22;217;25;2;0;219;20;1;0;0;1073944;3914;155;1;1074999;735;2;0;0
FR;4;2021-10-23;117;16;1;0;118;15;0;0;0;1074061;3930;156;1;1075117;750;2;0;0
FR;4;2021-10-24;39;4;0;0;39;1;0;0;0;1074100;3934;156;1;1075156;751;2;0;0
FR;4;2021-10-25;218;7;2;0;218;9;0;0;0;1074318;3941;158;1;1075374;760;2;0;0
FR;4;2021-10-26;200;14;0;0;202;12;0;0;0;1074518;3955;158;1;1075576;772;2;0;0
FR;4;2021-10-27;196;12;4;0;196;12;2;0;0;1074714;3967;162;1;1075772;784;4;0;0
FR;4;2021-10-28;186;18;5;0;186;22;0;0;0;1074900;3985;167;1;1075958;806;4;0;0
FR;4;2021-10-29;225;17;2;0;226;15;0;0;0;1075125;4002;169;1;1076184;821;4;0;0
FR;4;2021-10-30;104;2;1;0;105;2;0;0;0;1075229;4004;170;1;1076289;823;4;0;0
FR;4;2021-10-31;59;3;2;0;60;3;0;0;0;1075288;4007;172;1;1076349;826;4;0;0
FR;4;2021-11-01;75;27;4;0;76;24;3;0;0;1075363;4034;176;1;1076425;850;7;0;0
FR;4;2021-11-02;163;21;2;0;164;21;0;0;0;1075526;4055;178;1;1076589;871;7;0;0
FR;4;2021-11-03;132;21;8;1;133;19;6;0;0;1075658;4076;186;2;1076722;890;13;0;0
FR;4;2021-11-04;187;15;1;0;188;12;1;0;0;1075845;4091;187;2;1076910;902;14;0;0
FR;4;2021-11-05;130;17;1;0;131;16;0;0;0;1075975;4108;188;2;1077041;918;14;0;0
FR;4;2021-11-06;81;6;1;0;81;6;0;0;0;1076056;4114;189;2;1077122;924;14;0;0
FR;4;2021-11-07;81;2;2;0;81;4;0;0;0;1076137;4116;191;2;1077203;928;14;0;0
FR;4;2021-11-08;162;20;1;0;163;20;0;0;0;1076299;4136;192;2;1077366;948;14;0;0
FR;4;2021-11-09;159;14;3;0;159;16;0;0;0;1076458;4150;195;2;1077525;964;14;0;0
FR;4;2021-11-10;121;30;6;0;121;32;2;0;0;1076579;4180;201;2;1077646;996;16;0;0
FR;4;2021-11-11;100;10;1;0;100;11;0;0;0;1076679;4190;202;2;1077746;1007;16;0;0
FR;4;2021-11-12;106;19;2;0;107;18;1;0;0;1076785;4209;204;2;1077853;1025;17;0;0
FR;4;2021-11-13;74;15;2;0;75;14;0;0;0;1076859;4224;206;2;1077928;1039;17;0;0
FR;4;2021-11-14;55;5;4;0;56;8;0;0;0;1076914;4229;210;2;1077984;1047;17;0;0
FR;4;2021-11-15;99;26;2;0;101;24;2;0;0;1077013;4255;212;2;1078085;1071;19;0;0
FR;4;2021-11-16;108;14;3;0;108;17;0;0;0;1077121;4269;215;2;1078193;1088;19;0;0
FR;4;2021-11-17;120;30;4;0;120;30;1;0;0;1077241;4299;219;2;1078313;1118;20;0;0
FR;4;2021-11-18;103;34;14;0;105;43;1;0;0;1077344;4333;233;2;1078418;1161;21;0;0
FR;4;2021-11-19;89;21;3;0;89;22;1;0;0;1077433;4354;236;2;1078507;1183;22;0;0
FR;4;2021-11-20;77;8;1;0;77;8;0;0;0;1077510;4362;237;2;1078584;1191;22;0;0
FR;4;2021-11-21;69;7;2;0;69;9;0;0;0;1077579;4369;239;2;1078653;1200;22;0;0
FR;4;2021-11-22;109;28;9;0;110;33;2;0;0;1077688;4397;248;2;1078763;1233;24;0;0
FR;4;2021-11-23;78;31;6;0;79;29;2;0;0;1077766;4428;254;2;1078842;1262;26;0;0
FR;4;2021-11-24;90;23;12;0;92;25;4;0;0;1077856;4451;266;2;1078934;1287;30;0;0
FR;4;2021-11-25;94;28;19;0;95;35;5;0;0;1077950;4479;285;2;1079029;1322;35;0;0
FR;4;2021-11-26;85;43;12;0;89;45;3;0;0;1078035;4522;297;2;1079118;1367;38;0;0
FR;4;2021-11-27;42;22;15;0;42;25;10;0;0;1078077;4544;312;2;1079160;1392;48;0;0
FR;4;2021-11-28;51;8;0;0;52;7;0;0;0;1078128;4552;312;2;1079212;1399;48;0;0
FR;4;2021-11-29;90;31;16;0;90;40;2;0;0;1078218;4583;328;2;1079302;1439;50;0;0
FR;4;2021-11-30;77;37;13;0;77;42;2;0;0;1078295;4620;341;2;1079379;1481;52;0;0
FR;4;2021-12-01;88;60;19;0;88;67;11;0;0;1078383;4680;360;2;1079467;1548;63;0;0
FR;4;2021-12-02;112;48;21;0;116;56;3;0;0;1078495;4728;381;2;1079583;1604;66;0;0
FR;4;2021-12-03;103;36;15;0;103;44;4;0;0;1078598;4764;396;2;1079686;1648;70;0;0
FR;4;2021-12-04;72;31;18;0;74;44;1;0;0;1078670;4795;414;2;1079760;1692;71;0;0
FR;4;2021-12-05;63;7;1;0;64;7;0;0;0;1078733;4802;415;2;1079824;1699;71;0;0
FR;4;2021-12-06;110;46;19;0;110;59;3;0;0;1078843;4848;434;2;1079934;1758;74;0;0
FR;4;2021-12-07;85;37;9;0;88;36;3;0;0;1078928;4885;443;2;1080022;1794;77;0;0
FR;4;2021-12-08;72;31;17;0;74;38;7;0;0;1079000;4916;460;2;1080096;1832;84;0;0
FR;4;2021-12-09;65;32;10;1;65;39;3;0;0;1079065;4948;470;3;1080161;1871;87;0;0
FR;4;2021-12-10;63;64;20;0;64;68;10;0;0;1079128;5012;490;3;1080225;1939;97;0;0
FR;4;2021-12-11;29;34;7;0;29;34;3;0;0;1079157;5046;497;3;1080254;1973;100;0;0
FR;4;2021-12-12;29;12;3;0;29;15;0;0;0;1079186;5058;500;3;1080283;1988;100;0;0
FR;4;2021-12-13;75;40;14;0;77;49;2;0;0;1079261;5098;514;3;1080360;2037;102;0;0
FR;4;2021-12-14;61;43;17;0;62;54;2;0;0;1079322;5141;531;3;1080422;2091;104;0;0
FR;4;2021-12-15;68;64;29;0;68;85;6;0;0;1079390;5205;560;3;1080490;2176;110;0;0
FR;4;2021-12-16;34;45;19;0;35;58;4;0;0;1079424;5250;579;3;1080525;2234;114;0;0
FR;4;2021-12-17;39;55;11;0;39;59;6;0;0;1079463;5305;590;3;1080564;2293;120;0;0
FR;4;2021-12-18;49;30;2;0;50;31;0;0;0;1079512;5335;592;3;1080614;2324;120;0;0
FR;4;2021-12-19;16;4;1;0;17;4;0;0;0;1079528;5339;593;3;1080631;2328;120;0;0
FR;4;2021-12-20;44;38;10;0;45;41;6;0;0;1079572;5377;603;3;1080676;2369;126;0;0
FR;4;2021-12-21;31;32;17;0;33;39;5;0;0;1079603;5409;620;3;1080709;2408;131;0;0
FR;4;2021-12-22;37;38;10;0;38;38;7;0;0;1079640;5447;630;3;1080747;2446;138;0;0
FR;4;2021-12-23;40;45;8;0;40;49;2;0;0;1079680;5492;638;3;1080787;2495;140;0;0
FR;4;2021-12-24;23;28;10;0;25;31;4;0;0;1079703;5520;648;3;1080812;2526;144;0;0
FR;4;2021-12-25;7;3;3;0;7;4;2;0;0;1079710;5523;651;3;1080819;2530;146;0;0
FR;4;2021-12-26;5;3;1;0;6;2;0;0;0;1079715;5526;652;3;1080825;2532;146;0;0
FR;4;2021-12-27;31;41;9;0;32;43;4;0;0;1079746;5567;661;3;1080857;2575;150;0;0
FR;4;2021-12-28;27;28;7;0;29;29;4;0;0;1079773;5595;668;3;1080886;2604;154;0;0
FR;4;2021-12-29;56;25;11;0;57;30;5;0;0;1079829;5620;679;3;1080943;2634;159;0;0
FR;4;2021-12-30;48;19;12;0;51;22;5;0;0;1079877;5639;691;3;1080994;2656;164;0;0
FR;4;2021-12-31;19;6;8;0;20;11;2;0;0;1079896;5645;699;3;1081014;2667;166;0;0
FR;4;2022-01-01;6;4;5;0;6;7;1;0;0;1079902;5649;704;3;1081020;2674;167;0;0
FR;4;2022-01-02;42;5;16;0;42;20;1;0;0;1079944;5654;720;3;1081062;2694;168;0;0
FR;4;2022-01-03;44;55;23;1;46;63;10;0;0;1079988;5709;743;4;1081108;2757;178;0;0
FR;4;2022-01-04;38;28;15;0;39;33;7;0;0;1080026;5737;758;4;1081147;2790;185;0;0
FR;4;2022-01-05;51;24;19;0;57;27;9;0;0;1080077;5761;777;4;1081204;2817;194;0;0
FR;4;2022-01-06;51;23;24;0;51;39;8;0;0;1080128;5784;801;4;1081255;2856;202;0;0
FR;4;2022-01-07;31;20;16;0;33;21;12;0;0;1080159;5804;817;4;1081288;2877;214;0;0
FR;4;2022-01-08;13;6;10;0;14;12;3;0;0;1080172;5810;827;4;1081302;2889;217;0;0
FR;4;2022-01-09;20;2;3;0;21;4;0;0;0;1080192;5812;830;4;1081323;2893;217;0;0
FR;4;2022-01-10;51;22;19;0;51;36;4;0;0;1080243;5834;849;4;1081374;2929;221;0;0
FR;4;2022-01-11;30;31;12;0;34;35;1;0;0;1080273;5865;861;4;1081408;2964;222;0;0
FR;4;2022-01-12;34;21;13;0;36;23;9;0;0;1080307;5886;874;4;1081444;2987;231;0;0
FR;4;2022-01-13;55;20;27;0;56;38;8;0;0;1080362;5906;901;4;1081500;3025;239;0;0
FR;4;2022-01-14;24;31;13;0;25;34;7;0;0;1080386;5937;914;4;1081525;3059;246;0;0
FR;4;2022-01-15;14;6;8;0;15;12;1;0;0;1080400;5943;922;4;1081540;3071;247;0;0
FR;4;2022-01-16;12;9;14;0;12;22;1;0;0;1080412;5952;936;4;1081552;3093;248;0;0
FR;4;2022-01-17;27;19;14;0;27;27;5;0;0;1080439;5971;950;4;1081579;3120;253;0;0
FR;4;2022-01-18;17;14;10;0;17;21;3;0;0;1080456;5985;960;4;1081596;3141;256;0;0
FR;4;2022-01-19;32;23;13;0;32;34;1;0;0;1080488;6008;973;4;1081628;3175;257;0;0
FR;4;2022-01-20;33;34;13;0;35;39;5;0;0;1080521;6042;986;4;1081663;3214;262;0;0
FR;4;2022-01-21;11;12;20;1;11;17;15;0;1;1080532;6054;1006;5;1081674;3231;277;0;1
FR;4;2022-01-22;30;13;3;0;30;14;2;0;0;1080562;6067;1009;5;1081704;3245;279;0;1
FR;4;2022-01-23;8;2;5;0;8;7;0;0;0;1080570;6069;1014;5;1081712;3252;279;0;1
FR;4;2022-01-24;14;21;9;0;15;28;1;0;0;1080584;6090;1023;5;1081727;3280;280;0;1
FR;4;2022-01-25;22;32;10;1;23;38;3;0;0;1080606;6122;1033;6;1081750;3318;283;0;1
FR;4;2022-01-26;20;17;9;1;21;21;4;0;0;1080626;6139;1042;7;1081771;3339;287;0;1
FR;4;2022-01-27;21;19;8;0;22;25;1;0;0;1080647;6158;1050;7;1081793;3364;288;0;1
FR;4;2022-01-28;13;23;8;0;14;26;4;0;0;1080660;6181;1058;7;1081807;3390;292;0;1
FR;4;2022-01-29;17;6;5;0;17;10;0;0;0;1080677;6187;1063;7;1081824;3400;292;0;1
FR;4;2022-01-30;19;3;2;0;19;5;0;0;0;1080696;6190;1065;7;1081843;3405;292;0;1
FR;4;2022-01-31;22;28;8;0;22;32;2;0;0;1080718;6218;1073;7;1081865;3437;294;0;1
FR;4;2022-02-01;13;24;12;0;15;24;9;0;0;1080731;6242;1085;7;1081880;3461;303;0;1
FR;4;2022-02-02;18;11;14;2;18;20;7;0;0;1080749;6253;1099;9;1081898;3481;310;0;1
FR;4;2022-02-03;16;24;11;0;18;29;4;0;0;1080765;6277;1110;9;1081916;3510;314;0;1
FR;4;2022-02-04;7;5;7;0;7;9;3;0;0;1080772;6282;1117;9;1081923;3519;317;0;1
FR;4;2022-02-05;7;14;1;0;8;13;1;0;0;1080779;6296;1118;9;1081931;3532;318;0;1
FR;4;2022-02-06;7;4;4;0;7;7;1;0;0;1080786;6300;1122;9;1081938;3539;319;0;1
FR;4;2022-02-07;15;19;8;0;17;19;6;0;0;1080801;6319;1130;9;1081955;3558;325;0;1
FR;4;2022-02-08;19;21;13;1;21;22;10;0;0;1080820;6340;1143;10;1081976;3580;335;0;1
FR;4;2022-02-09;17;12;9;0;18;17;2;0;0;1080837;6352;1152;10;1081994;3597;337;0;1
FR;4;2022-02-10;23;23;10;0;24;25;7;0;0;1080860;6375;1162;10;1082018;3622;344;0;1
FR;4;2022-02-11;18;15;8;0;18;20;3;0;0;1080878;6390;1170;10;1082036;3642;347;0;1
FR;4;2022-02-12;24;6;3;0;26;7;0;0;0;1080902;6396;1173;10;1082062;3649;347;0;1
FR;4;2022-02-13;7;3;3;0;7;6;0;0;0;1080909;6399;1176;10;1082069;3655;347;0;1
FR;4;2022-02-14;20;10;10;0;20;16;4;0;0;1080929;6409;1186;10;1082089;3671;351;0;1
FR;4;2022-02-15;18;7;2;0;18;8;0;0;0;1080947;6416;1188;10;1082107;3679;351;0;1
FR;4;2022-02-16;16;10;11;0;16;17;3;0;0;1080963;6426;1199;10;1082123;3696;354;0;1
FR;4;2022-02-17;11;4;5;0;11;7;2;0;0;1080974;6430;1204;10;1082134;3703;356;0;1
FR;4;2022-02-18;16;15;8;0;16;21;2;0;0;1080990;6445;1212;10;1082150;3724;358;0;1
FR;4;2022-02-19;16;4;2;0;17;5;0;0;0;1081006;6449;1214;10;1082167;3729;358;0;1
FR;4;2022-02-20;8;3;0;0;9;2;0;0;0;1081014;6452;1214;10;1082176;3731;358;0;1
FR;4;2022-02-21;24;4;4;0;24;6;2;0;0;1081038;6456;1218;10;1082200;3737;360;0;1
FR;4;2022-02-22;8;5;10;0;9;10;4;0;0;1081046;6461;1228;10;1082209;3747;364;0;1
FR;4;2022-02-23;17;6;10;0;17;10;5;0;0;1081063;6467;1238;10;1082226;3757;369;0;1
FR;4;2022-02-24;11;5;4;0;11;7;2;0;0;1081074;6472;1242;10;1082237;3764;371;0;1
FR;4;2022-02-25;16;5;7;0;16;6;6;0;0;1081090;6477;1249;10;1082253;3770;377;0;1
FR;4;2022-02-26;27;3;0;0;27;3;0;0;0;1081117;6480;1249;10;1082280;3773;377;0;1
FR;4;2022-02-27;9;0;1;0;9;1;0;0;0;1081126;6480;1250;10;1082289;3774;377;0;1
FR;4;2022-02-28;18;3;2;0;19;3;1;0;0;1081144;6483;1252;10;1082308;3777;378;0;1
FR;4;2022-03-01;8;4;7;0;8;5;5;0;0;1081152;6487;1259;10;1082316;3782;383;0;1
FR;4;2022-03-02;16;2;5;0;16;6;1;0;0;1081168;6489;1264;10;1082332;3788;384;0;1
FR;4;2022-03-03;18;5;3;0;18;6;1;0;0;1081186;6494;1267;10;1082350;3794;385;0;1
FR;4;2022-03-04;7;8;2;1;7;6;3;0;0;1081193;6502;1269;11;1082357;3800;388;0;1
FR;4;2022-03-05;9;2;0;0;9;2;0;0;0;1081202;6504;1269;11;1082366;3802;388;0;1
FR;4;2022-03-06;4;0;1;0;4;1;0;0;0;1081206;6504;1270;11;1082370;3803;388;0;1
FR;4;2022-03-07;10;6;2;0;10;5;2;0;0;1081216;6510;1272;11;1082380;3808;390;0;1
FR;4;2022-03-08;15;3;0;0;15;3;0;0;0;1081231;6513;1272;11;1082395;3811;390;0;1
FR;4;2022-03-09;9;7;2;0;11;7;0;0;0;1081240;6520;1274;11;1082406;3818;390;0;1
FR;4;2022-03-10;5;1;6;0;5;3;4;0;0;1081245;6521;1280;11;1082411;3821;394;0;1
FR;4;2022-03-11;10;4;5;0;12;2;5;0;0;1081255;6525;1285;11;1082423;3823;399;0;1
FR;4;2022-03-12;10;2;0;0;11;0;0;0;0;1081265;6527;1285;11;1082434;3823;399;0;1
FR;4;2022-03-13;6;2;1;0;7;2;0;0;0;1081271;6529;1286;11;1082441;3825;399;0;1
FR;4;2022-03-14;4;3;1;0;5;3;0;0;0;1081275;6532;1287;11;1082446;3828;399;0;1
FR;4;2022-03-15;8;6;3;0;10;5;2;0;0;1081283;6538;1290;11;1082456;3833;401;0;1
FR;4;2022-03-16;7;3;3;0;7;3;3;0;0;1081290;6541;1293;11;1082463;3836;404;0;1
FR;4;2022-03-17;3;4;1;0;3;5;0;0;0;1081293;6545;1294;11;1082466;3841;404;0;1
FR;4;2022-03-18;9;3;0;0;9;3;0;0;0;1081302;6548;1294;11;1082475;3844;404;0;1
FR;4;2022-03-19;1;1;1;0;1;2;0;0;0;1081303;6549;1295;11;1082476;3846;404;0;1
FR;4;2022-03-20;2;1;2;0;2;2;1;0;0;1081305;6550;1297;11;1082478;3848;405;0;1
FR;4;2022-03-21;6;4;1;0;6;5;0;0;0;1081311;6554;1298;11;1082484;3853;405;0;1
FR;4;2022-03-22;4;2;2;0;4;3;1;0;0;1081315;6556;1300;11;1082488;3856;406;0;1
FR;4;2022-03-23;6;4;5;0;6;8;1;0;0;1081321;6560;1305;11;1082494;3864;407;0;1
FR;4;2022-03-24;2;5;3;1;2;7;2;0;0;1081323;6565;1308;12;1082496;3871;409;0;1
FR;4;2022-03-25;3;1;2;0;3;1;2;0;0;1081326;6566;1310;12;1082499;3872;411;0;1
FR;4;2022-03-26;5;5;0;0;5;5;0;0;0;1081331;6571;1310;12;1082504;3877;411;0;1
FR;4;2022-03-27;1;0;3;0;1;2;1;0;0;1081332;6571;1313;12;1082505;3879;412;0;1
FR;4;2022-03-28;6;1;3;0;7;3;0;0;0;1081338;6572;1316;12;1082512;3882;412;0;1
FR;4;2022-03-29;9;0;4;1;9;0;2;0;0;1081347;6572;1320;13;1082521;3882;414;0;1
FR;4;2022-03-30;3;4;0;0;3;4;0;0;0;1081350;6576;1320;13;1082524;3886;414;0;1
FR;4;2022-03-31;3;3;2;1;3;4;1;0;0;1081353;6579;1322;14;1082527;3890;415;0;1
FR;4;2022-04-01;15;3;5;0;15;6;2;0;0;1081368;6582;1327;14;1082542;3896;417;0;1
FR;4;2022-04-02;4;4;0;0;5;3;0;0;0;1081372;6586;1327;14;1082547;3899;417;0;1
FR;4;2022-04-03;0;1;0;0;0;1;0;0;0;1081372;6587;1327;14;1082547;3900;417;0;1
FR;4;2022-04-04;4;4;4;0;5;5;2;0;0;1081376;6591;1331;14;1082552;3905;419;0;1
FR;4;2022-04-05;4;3;3;1;5;3;3;0;0;1081380;6594;1334;15;1082557;3908;422;0;1
FR;4;2022-04-06;6;1;0;0;6;1;0;0;0;1081386;6595;1334;15;1082563;3909;422;0;1
FR;4;2022-04-07;3;2;3;2;3;5;0;0;0;1081389;6597;1337;17;1082566;3914;422;0;1
FR;4;2022-04-08;4;2;1;0;4;2;1;0;0;1081393;6599;1338;17;1082570;3916;423;0;1
FR;4;2022-04-09;0;0;1;1;0;1;1;0;0;1081393;6599;1339;18;1082570;3917;424;0;1
FR;4;2022-04-10;2;2;0;0;2;2;0;0;0;1081395;6601;1339;18;1082572;3919;424;0;1
FR;4;2022-04-11;4;3;4;0;4;5;2;0;0;1081399;6604;1343;18;1082576;3924;426;0;1
FR;4;2022-04-12;5;1;4;0;5;2;3;0;0;1081404;6605;1347;18;1082581;3926;429;0;1
FR;4;2022-04-13;5;8;2;0;5;10;0;0;0;1081409;6613;1349;18;1082586;3936;429;0;1
FR;4;2022-04-14;6;4;2;1;7;5;1;0;0;1081415;6617;1351;19;1082593;3941;430;0;1
FR;4;2022-04-15;7;9;1;0;7;10;0;0;0;1081422;6626;1352;19;1082600;3951;430;0;1
FR;4;2022-04-16;1;0;0;0;1;0;0;0;0;1081423;6626;1352;19;1082601;3951;430;0;1
FR;4;2022-04-17;3;2;1;0;3;3;0;0;0;1081426;6628;1353;19;1082604;3954;430;0;1
FR;4;2022-04-18;2;2;6;0;2;4;4;0;0;1081428;6630;1359;19;1082606;3958;434;0;1
FR;4;2022-04-19;2;0;1;0;2;0;1;0;0;1081430;6630;1360;19;1082608;3958;435;0;1
FR;4;2022-04-20;15;4;1;1;16;3;1;0;0;1081445;6634;1361;20;1082624;3961;436;0;1
FR;4;2022-04-21;7;1;0;0;7;1;0;0;0;1081452;6635;1361;20;1082631;3962;436;0;1
FR;4;2022-04-22;1;1;2;0;1;2;1;0;0;1081453;6636;1363;20;1082632;3964;437;0;1
FR;4;2022-04-23;2;3;3;0;2;6;0;0;0;1081455;6639;1366;20;1082634;3970;437;0;1
FR;4;2022-04-24;0;3;0;0;0;3;0;0;0;1081455;6642;1366;20;1082634;3973;437;0;1
FR;4;2022-04-25;3;5;3;0;3;8;0;0;0;1081458;6647;1369;20;1082637;3981;437;0;1
FR;4;2022-04-26;5;6;1;0;5;6;1;0;0;1081463;6653;1370;20;1082642;3987;438;0;1
FR;4;2022-04-27;4;1;1;1;5;1;1;0;0;1081467;6654;1371;21;1082647;3988;439;0;1
FR;4;2022-04-28;3;5;5;1;3;7;4;0;0;1081470;6659;1376;22;1082650;3995;443;0;1
FR;4;2022-04-29;6;3;0;0;6;2;0;0;0;1081476;6662;1376;22;1082656;3997;443;0;1
FR;4;2022-04-30;2;1;1;0;2;2;0;0;0;1081478;6663;1377;22;1082658;3999;443;0;1
FR;4;2022-05-01;0;0;0;0;0;0;0;0;0;1081478;6663;1377;22;1082658;3999;443;0;1
FR;4;2022-05-02;5;16;6;0;5;19;3;0;0;1081483;6679;1383;22;1082663;4018;446;0;1
FR;4;2022-05-03;2;6;2;0;2;7;1;0;0;1081485;6685;1385;22;1082665;4025;447;0;1
FR;4;2022-05-04;7;4;1;0;7;4;1;0;0;1081492;6689;1386;22;1082672;4029;448;0;1
FR;4;2022-05-05;4;2;1;1;5;1;2;0;0;1081496;6691;1387;23;1082677;4030;450;0;1
FR;4;2022-05-06;5;3;1;0;6;2;1;0;0;1081501;6694;1388;23;1082683;4032;451;0;1
FR;4;2022-05-07;0;0;0;0;0;0;0;0;0;1081501;6694;1388;23;1082683;4032;451;0;1
FR;4;2022-05-08;1;1;0;0;1;1;0;0;0;1081502;6695;1388;23;1082684;4033;451;0;1
FR;4;2022-05-09;5;1;0;1;5;1;1;0;0;1081507;6696;1388;24;1082689;4034;452;0;1
FR;4;2022-05-10;3;1;0;2;3;3;0;0;0;1081510;6697;1388;26;1082692;4037;452;0;1
FR;4;2022-05-11;3;2;4;0;3;5;1;0;0;1081513;6699;1392;26;1082695;4042;453;0;1
FR;4;2022-05-12;7;4;2;1;7;5;1;0;1;1081520;6703;1394;27;1082702;4047;454;0;2
FR;4;2022-05-13;1;0;2;0;1;2;0;0;0;1081521;6703;1396;27;1082703;4049;454;0;2
FR;4;2022-05-14;0;2;0;0;0;2;0;0;0;1081521;6705;1396;27;1082703;4051;454;0;2
FR;4;2022-05-15;2;2;0;0;4;0;0;0;0;1081523;6707;1396;27;1082707;4051;454;0;2
FR;4;2022-05-16;5;2;2;0;5;2;2;0;0;1081528;6709;1398;27;1082712;4053;456;0;2
FR;4;2022-05-17;5;1;2;0;5;3;0;0;0;1081533;6710;1400;27;1082717;4056;456;0;2
FR;4;2022-05-18;3;6;0;0;3;6;0;0;0;1081536;6716;1400;27;1082720;4062;456;0;2
FR;4;2022-05-19;2;3;3;0;2;5;1;0;0;1081538;6719;1403;27;1082722;4067;457;0;2
FR;4;2022-05-20;4;2;3;0;4;2;3;0;0;1081542;6721;1406;27;1082726;4069;460;0;2
FR;4;2022-05-21;2;0;1;0;2;1;0;0;0;1081544;6721;1407;27;1082728;4070;460;0;2
FR;4;2022-05-22;0;0;1;0;0;1;0;0;0;1081544;6721;1408;27;1082728;4071;460;0;2
FR;4;2022-05-23;0;0;2;0;0;0;2;0;0;1081544;6721;1410;27;1082728;4071;462;0;2
FR;4;2022-05-24;2;4;1;0;2;5;0;0;0;1081546;6725;1411;27;1082730;4076;462;0;2
FR;4;2022-05-25;1;4;1;0;3;3;0;0;0;1081547;6729;1412;27;1082733;4079;462;0;2
FR;4;2022-05-26;5;0;1;0;5;1;0;0;0;1081552;6729;1413;27;1082738;4080;462;0;2
FR;4;2022-05-27;0;2;1;1;0;3;1;0;0;1081552;6731;1414;28;1082738;4083;463;0;2
FR;4;2022-05-28;1;0;0;0;1;0;0;0;0;1081553;6731;1414;28;1082739;4083;463;0;2
FR;4;2022-05-29;1;0;1;0;1;1;0;0;0;1081554;6731;1415;28;1082740;4084;463;0;2
FR;4;2022-05-30;3;4;2;0;3;5;1;0;0;1081557;6735;1417;28;1082743;4089;464;0;2
FR;4;2022-05-31;2;1;0;0;2;1;0;0;0;1081559;6736;1417;28;1082745;4090;464;0;2
FR;4;2022-06-01;3;11;7;0;3;15;3;0;0;1081562;6747;1424;28;1082748;4105;467;0;2
FR;4;2022-06-02;6;7;3;0;6;7;2;0;0;1081568;6754;1427;28;1082754;4112;469;0;2
FR;4;2022-06-03;2;6;4;1;2;7;4;0;0;1081570;6760;1431;29;1082756;4119;473;0;2
FR;4;2022-06-04;0;1;1;1;0;1;2;0;0;1081570;6761;1432;30;1082756;4120;475;0;2
FR;4;2022-06-05;0;0;0;0;0;0;0;0;0;1081570;6761;1432;30;1082756;4120;475;0;2
FR;4;2022-06-06;7;0;3;0;7;2;1;0;0;1081577;6761;1435;30;1082763;4122;476;0;2
FR;4;2022-06-07;6;2;0;1;6;2;1;0;0;1081583;6763;1435;31;1082769;4124;477;0;2
FR;4;2022-06-08;0;5;3;0;1;7;0;0;0;1081583;6768;1438;31;1082770;4131;477;0;2
FR;4;2022-06-09;1;2;0;0;2;1;0;0;0;1081584;6770;1438;31;1082772;4132;477;0;2
FR;4;2022-06-10;3;0;3;0;3;1;2;0;0;1081587;6770;1441;31;1082775;4133;479;0;2
FR;4;2022-06-11;1;0;0;0;1;0;0;0;0;1081588;6770;1441;31;1082776;4133;479;0;2
FR;4;2022-06-12;4;0;0;0;4;0;0;0;0;1081592;6770;1441;31;1082780;4133;479;0;2
FR;4;2022-06-13;6;2;3;0;7;2;1;0;0;1081598;6772;1444;31;1082787;4135;480;0;2
FR;4;2022-06-14;4;3;0;0;5;2;0;0;0;1081602;6775;1444;31;1082792;4137;480;0;2
FR;4;2022-06-15;8;3;4;0;8;3;4;0;0;1081610;6778;1448;31;1082800;4140;484;0;2
FR;4;2022-06-16;2;3;1;1;3;2;1;0;1;1081612;6781;1449;32;1082803;4142;485;0;3
FR;4;2022-06-17;6;1;0;0;6;1;0;0;0;1081618;6782;1449;32;1082809;4143;485;0;3
FR;4;2022-06-18;0;0;0;0;0;0;0;0;0;1081618;6782;1449;32;1082809;4143;485;0;3
FR;4;2022-06-19;3;0;0;0;3;0;0;0;0;1081621;6782;1449;32;1082812;4143;485;0;3
FR;4;2022-06-20;5;2;2;1;5;3;2;0;0;1081626;6784;1451;33;1082817;4146;487;0;3
FR;4;2022-06-21;5;2;4;1;6;4;2;0;0;1081631;6786;1455;34;1082823;4150;489;0;3
FR;4;2022-06-22;3;2;1;3;4;2;1;0;0;1081634;6788;1456;37;1082827;4152;490;0;3
FR;4;2022-06-23;3;3;3;0;3;5;1;0;0;1081637;6791;1459;37;1082830;4157;491;0;3
FR;4;2022-06-24;3;0;2;0;3;0;2;0;0;1081640;6791;1461;37;1082833;4157;493;0;3
FR;4;2022-06-25;2;0;1;1;2;1;1;0;0;1081642;6791;1462;38;1082835;4158;494;0;3
FR;4;2022-06-26;0;0;1;0;0;1;0;0;0;1081642;6791;1463;38;1082835;4159;494;0;3
FR;4;2022-06-27;2;2;0;3;2;2;3;0;0;1081644;6793;1463;41;1082837;4161;497;0;3
FR;4;2022-06-28;0;4;2;1;0;5;2;0;0;1081644;6797;1465;42;1082837;4166;499;0;3
FR;4;2022-06-29;1;2;0;0;1;2;0;0;0;1081645;6799;1465;42;1082838;4168;499;0;3
FR;4;2022-06-30;2;0;0;0;2;0;0;0;0;1081647;6799;1465;42;1082840;4168;499;0;3
FR;4;2022-07-01;2;4;8;0;2;4;8;0;0;1081649;6803;1473;42;1082842;4172;507;0;3
FR;4;2022-07-02;0;1;0;0;1;0;0;0;0;1081649;6804;1473;42;1082843;4172;507;0;3
FR;4;2022-07-03;0;0;0;0;0;0;0;0;0;1081649;6804;1473;42;1082843;4172;507;0;3
FR;4;2022-07-04;4;1;0;0;4;1;0;0;0;1081653;6805;1473;42;1082847;4173;507;0;3
FR;4;2022-07-05;2;0;2;0;2;2;0;0;0;1081655;6805;1475;42;1082849;4175;507;0;3
FR;4;2022-07-06;5;0;1;1;5;0;1;0;1;1081660;6805;1476;43;1082854;4175;508;0;4
FR;4;2022-07-07;2;0;2;1;2;0;3;0;0;1081662;6805;1478;44;1082856;4175;511;0;4
FR;4;2022-07-08;3;1;0;0;3;1;0;0;0;1081665;6806;1478;44;1082859;4176;511;0;4
FR;4;2022-07-09;2;2;1;0;2;3;0;0;0;1081667;6808;1479;44;1082861;4179;511;0;4
FR;4;2022-07-10;2;0;1;0;2;0;0;0;0;1081669;6808;1480;44;1082863;4179;511;0;4
FR;4;2022-07-11;3;0;2;0;3;0;1;0;0;1081672;6808;1482;44;1082866;4179;512;0;4
FR;4;2022-07-12;0;0;2;0;0;2;0;0;0;1081672;6808;1484;44;1082866;4181;512;0;4
FR;4;2022-07-13;2;2;3;1;2;2;4;0;0;1081674;6810;1487;45;1082868;4183;516;0;4
FR;4;2022-07-14;6;0;1;0;6;0;1;0;0;1081680;6810;1488;45;1082874;4183;517;0;4
FR;4;2022-07-15;11;2;0;0;11;2;0;0;0;1081691;6812;1488;45;1082885;4185;517;0;4
FR;4;2022-07-16;4;0;0;2;4;0;2;0;0;1081695;6812;1488;47;1082889;4185;519;0;4
FR;4;2022-07-17;1;0;1;1;1;0;2;0;0;1081696;6812;1489;48;1082890;4185;521;0;4
FR;4;2022-07-18;3;3;2;0;3;3;2;0;0;1081699;6815;1491;48;1082893;4188;523;0;4
FR;4;2022-07-19;4;0;1;0;4;1;0;0;0;1081703;6815;1492;48;1082897;4189;523;0;4
FR;4;2022-07-20;11;0;1;0;11;1;0;0;0;1081714;6815;1493;48;1082908;4190;523;0;4
FR;4;2022-07-21;2;3;1;0;2;3;1;0;0;1081716;6818;1494;48;1082910;4193;524;0;4
FR;4;2022-07-22;4;0;3;0;4;1;2;0;0;1081720;6818;1497;48;1082914;4194;526;0;4
FR;4;2022-07-23;1;2;0;0;1;1;0;0;0;1081721;6820;1497;48;1082915;4195;526;0;4
FR;4;2022-07-24;0;0;0;0;0;0;0;0;0;1081721;6820;1497;48;1082915;4195;526;0;4
FR;4;2022-07-25;7;0;2;0;7;2;0;0;0;1081728;6820;1499;48;1082922;4197;526;0;4
FR;4;2022-07-26;2;0;0;0;2;0;0;0;0;1081730;6820;1499;48;1082924;4197;526;0;4
FR;4;2022-07-27;3;1;0;0;3;0;0;0;0;1081733;6821;1499;48;1082927;4197;526;0;4
FR;4;2022-07-28;11;0;0;0;11;0;0;0;0;1081744;6821;1499;48;1082938;4197;526;0;4
FR;4;2022-07-29;3;0;2;0;3;1;1;0;0;1081747;6821;1501;48;1082941;4198;527;0;4
FR;4;2022-07-30;4;0;2;0;4;0;2;0;0;1081751;6821;1503;48;1082945;4198;529;0;4
FR;4;2022-07-31;0;0;0;0;0;0;0;0;0;1081751;6821;1503;48;1082945;4198;529;0;4
FR;4;2022-08-01;4;0;3;0;4;2;1;0;0;1081755;6821;1506;48;1082949;4200;530;0;4
FR;4;2022-08-02;6;0;0;0;6;0;0;0;0;1081761;6821;1506;48;1082955;4200;530;0;4
FR;4;2022-08-03;2;2;1;0;2;2;1;0;0;1081763;6823;1507;48;1082957;4202;531;0;4
FR;4;2022-08-04;4;2;0;1;4;2;1;0;0;1081767;6825;1507;49;1082961;4204;532;0;4
FR;4;2022-08-05;2;0;1;0;2;0;1;0;0;1081769;6825;1508;49;1082963;4204;533;0;4
FR;4;2022-08-06;2;0;0;0;2;0;0;0;0;1081771;6825;1508;49;1082965;4204;533;0;4
FR;4;2022-08-07;5;0;0;0;5;0;0;0;0;1081776;6825;1508;49;1082970;4204;533;0;4
FR;4;2022-08-08;1;0;1;1;1;1;1;0;0;1081777;6825;1509;50;1082971;4205;534;0;4
FR;4;2022-08-09;1;1;2;2;1;2;3;0;0;1081778;6826;1511;52;1082972;4207;537;0;4
FR;4;2022-08-10;6;1;1;0;7;1;0;0;0;1081784;6827;1512;52;1082979;4208;537;0;4
FR;4;2022-08-11;2;0;1;0;2;1;0;0;0;1081786;6827;1513;52;1082981;4209;537;0;4
FR;4;2022-08-12;4;0;1;0;4;0;1;0;0;1081790;6827;1514;52;1082985;4209;538;0;4
FR;4;2022-08-13;1;0;0;0;1;0;0;0;0;1081791;6827;1514;52;1082986;4209;538;0;4
FR;4;2022-08-14;0;0;0;0;0;0;0;0;0;1081791;6827;1514;52;1082986;4209;538;0;4
FR;4;2022-08-15;1;2;3;0;1;2;3;0;0;1081792;6829;1517;52;1082987;4211;541;0;4
FR;4;2022-08-16;0;0;1;0;0;1;0;0;0;1081792;6829;1518;52;1082987;4212;541;0;4
FR;4;2022-08-17;3;0;0;0;3;0;0;0;0;1081795;6829;1518;52;1082990;4212;541;0;4
FR;4;2022-08-18;3;0;0;0;3;0;0;0;0;1081798;6829;1518;52;1082993;4212;541;0;4
FR;4;2022-08-19;5;0;0;0;5;0;0;0;0;1081803;6829;1518;52;1082998;4212;541;0;4
FR;4;2022-08-20;1;1;0;0;2;0;0;0;0;1081804;6830;1518;52;1083000;4212;541;0;4
FR;4;2022-08-21;1;0;0;0;1;0;0;0;0;1081805;6830;1518;52;1083001;4212;541;0;4
FR;4;2022-08-22;3;9;0;0;3;9;0;0;0;1081808;6839;1518;52;1083004;4221;541;0;4
FR;4;2022-08-23;3;3;3;0;3;4;2;0;0;1081811;6842;1521;52;1083007;4225;543;0;4
FR;4;2022-08-24;6;0;0;1;6;0;1;0;0;1081817;6842;1521;53;1083013;4225;544;0;4
FR;4;2022-08-25;1;3;2;0;1;4;1;0;0;1081818;6845;1523;53;1083014;4229;545;0;4
FR;4;2022-08-26;2;0;0;1;2;0;1;0;0;1081820;6845;1523;54;1083016;4229;546;0;4
FR;4;2022-08-27;1;0;0;0;1;0;0;0;0;1081821;6845;1523;54;1083017;4229;546;0;4
FR;4;2022-08-28;0;1;0;0;0;0;0;0;0;1081821;6846;1523;54;1083017;4229;546;0;4
FR;4;2022-08-29;8;0;0;0;8;0;0;0;0;1081829;6846;1523;54;1083025;4229;546;0;4
FR;4;2022-08-30;5;0;0;0;5;0;0;0;0;1081834;6846;1523;54;1083030;4229;546;0;4
FR;4;2022-08-31;2;1;0;0;2;1;0;0;0;1081836;6847;1523;54;1083032;4230;546;0;4
FR;4;2022-09-01;4;8;2;0;5;7;2;0;0;1081840;6855;1525;54;1083037;4237;548;0;4
FR;4;2022-09-02;2;1;1;0;2;2;0;0;0;1081842;6856;1526;54;1083039;4239;548;0;4
FR;4;2022-09-03;3;0;0;0;3;0;0;0;0;1081845;6856;1526;54;1083042;4239;548;0;4
FR;4;2022-09-04;1;0;0;0;1;0;0;0;0;1081846;6856;1526;54;1083043;4239;548;0;4
FR;4;2022-09-05;3;2;0;0;3;2;0;0;0;1081849;6858;1526;54;1083046;4241;548;0;4
FR;4;2022-09-06;1;0;0;0;1;0;0;0;0;1081850;6858;1526;54;1083047;4241;548;0;4
FR;4;2022-09-07;1;0;1;1;1;1;1;0;0;1081851;6858;1527;55;1083048;4242;549;0;4
FR;4;2022-09-08;3;0;0;0;3;0;0;0;0;1081854;6858;1527;55;1083051;4242;549;0;4
FR;4;2022-09-09;2;0;0;0;2;0;0;0;0;1081856;6858;1527;55;1083053;4242;549;0;4
FR;4;2022-09-10;0;0;0;3;0;1;2;0;0;1081856;6858;1527;58;1083053;4243;551;0;4
FR;4;2022-09-11;2;0;0;0;2;0;0;0;0;1081858;6858;1527;58;1083055;4243;551;0;4
FR;4;2022-09-12;1;1;1;0;1;1;1;0;0;1081859;6859;1528;58;1083056;4244;552;0;4
FR;4;2022-09-13;1;0;0;0;1;0;0;0;0;1081860;6859;1528;58;1083057;4244;552;0;4
FR;4;2022-09-14;3;0;0;0;3;0;0;0;0;1081863;6859;1528;58;1083060;4244;552;0;4
FR;4;2022-09-15;4;0;0;0;4;0;0;0;0;1081867;6859;1528;58;1083064;4244;552;0;4
FR;4;2022-09-16;1;0;0;0;1;0;0;0;0;1081868;6859;1528;58;1083065;4244;552;0;4
FR;4;2022-09-17;2;0;0;0;2;0;0;0;0;1081870;6859;1528;58;1083067;4244;552;0;4
FR;4;2022-09-18;0;1;0;0;0;1;0;0;0;1081870;6860;1528;58;1083067;4245;552;0;4
FR;4;2022-09-19;3;0;2;0;3;2;0;0;0;1081873;6860;1530;58;1083070;4247;552;0;4
FR;4;2022-09-20;4;0;0;0;4;0;0;0;0;1081877;6860;1530;58;1083074;4247;552;0;4
FR;4;2022-09-21;2;1;0;0;2;1;0;0;0;1081879;6861;1530;58;1083076;4248;552;0;4
FR;4;2022-09-22;1;1;0;0;1;1;0;0;0;1081880;6862;1530;58;1083077;4249;552;0;4
FR;4;2022-09-23;2;3;0;0;3;2;0;0;0;1081882;6865;1530;58;1083080;4251;552;0;4
FR;4;2022-09-24;1;0;0;0;1;0;0;0;0;1081883;6865;1530;58;1083081;4251;552;0;4
FR;4;2022-09-25;0;0;0;0;0;0;0;0;0;1081883;6865;1530;58;1083081;4251;552;0;4
FR;4;2022-09-26;2;0;1;0;2;0;1;0;0;1081885;6865;1531;58;1083083;4251;553;0;4
FR;4;2022-09-27;1;0;1;1;1;0;2;0;0;1081886;6865;1532;59;1083084;4251;555;0;4
FR;4;2022-09-28;3;0;2;0;3;2;0;0;0;1081889;6865;1534;59;1083087;4253;555;0;4
FR;4;2022-09-29;3;0;1;1;3;1;1;0;0;1081892;6865;1535;60;1083090;4254;556;0;4
FR;4;2022-09-30;1;0;0;0;1;0;0;0;0;1081893;6865;1535;60;1083091;4254;556;0;4
FR;4;2022-10-01;1;1;0;0;2;0;0;0;0;1081894;6866;1535;60;1083093;4254;556;0;4
FR;4;2022-10-02;0;1;0;0;0;1;0;0;0;1081894;6867;1535;60;1083093;4255;556;0;4
FR;4;2022-10-03;2;2;1;1;3;2;1;0;0;1081896;6869;1536;61;1083096;4257;557;0;4
FR;4;2022-10-04;2;0;0;0;2;0;0;0;0;1081898;6869;1536;61;1083098;4257;557;0;4
FR;4;2022-10-05;0;1;0;0;0;1;0;0;0;1081898;6870;1536;61;1083098;4258;557;0;4
FR;4;2022-10-06;2;0;0;0;2;0;0;0;0;1081900;6870;1536;61;1083100;4258;557;0;4
FR;4;2022-10-07;3;0;1;0;3;0;1;0;0;1081903;6870;1537;61;1083103;4258;558;0;4
FR;4;2022-10-08;3;1;0;0;3;0;0;0;0;1081906;6871;1537;61;1083106;4258;558;0;4
FR;4;2022-10-09;0;0;0;0;0;0;0;0;0;1081906;6871;1537;61;1083106;4258;558;0;4
FR;4;2022-10-10;4;0;2;3;4;2;1;0;2;1081910;6871;1539;64;1083110;4260;559;0;6
FR;4;2022-10-11;1;2;0;0;1;1;0;0;0;1081911;6873;1539;64;1083111;4261;559;0;6
FR;4;2022-10-12;0;0;0;0;0;0;0;0;0;1081911;6873;1539;64;1083111;4261;559;0;6
FR;4;2022-10-13;5;0;0;0;5;0;0;0;0;1081916;6873;1539;64;1083116;4261;559;0;6
FR;4;2022-10-14;1;0;0;0;1;0;0;0;0;1081917;6873;1539;64;1083117;4261;559;0;6
FR;4;2022-10-15;0;2;0;0;0;2;0;0;0;1081917;6875;1539;64;1083117;4263;559;0;6
FR;4;2022-10-16;0;0;0;0;0;0;0;0;0;1081917;6875;1539;64;1083117;4263;559;0;6
FR;4;2022-10-17;2;0;1;0;2;1;0;0;0;1081919;6875;1540;64;1083119;4264;559;0;6
FR;4;2022-10-18;1;0;0;1;1;0;1;0;0;1081920;6875;1540;65;1083120;4264;560;0;6
FR;4;2022-10-19;1;0;0;2;1;0;2;0;3;1081921;6875;1540;67;1083121;4264;562;0;9
FR;4;2022-10-20;4;1;0;0;4;1;0;0;0;1081925;6876;1540;67;1083125;4265;562;0;9
FR;4;2022-10-21;1;0;0;0;1;0;0;0;0;1081926;6876;1540;67;1083126;4265;562;0;9
FR;4;2022-10-22;1;0;0;0;1;0;0;0;0;1081927;6876;1540;67;1083127;4265;562;0;9
FR;4;2022-10-23;0;0;0;0;0;0;0;0;0;1081927;6876;1540;67;1083127;4265;562;0;9
FR;4;2022-10-24;3;0;0;0;3;0;0;0;0;1081930;6876;1540;67;1083130;4265;562;0;9
FR;4;2022-10-25;2;0;0;0;2;0;0;0;0;1081932;6876;1540;67;1083132;4265;562;0;9
FR;4;2022-10-26;2;1;0;0;2;1;0;0;0;1081934;6877;1540;67;1083134;4266;562;0;9
FR;4;2022-10-27;3;1;1;0;3;0;1;0;0;1081937;6878;1541;67;1083137;4266;563;0;9
FR;4;2022-10-28;0;0;0;0;0;0;0;0;0;1081937;6878;1541;67;1083137;4266;563;0;9
FR;4;2022-10-29;1;0;0;3;1;0;3;0;3;1081938;6878;1541;70;1083138;4266;566;0;12
FR;4;2022-10-30;1;0;0;0;1;0;0;0;0;1081939;6878;1541;70;1083139;4266;566;0;12
FR;4;2022-10-31;1;0;0;0;1;0;0;0;0;1081940;6878;1541;70;1083140;4266;566;0;12
FR;4;2022-11-01;1;5;0;0;1;5;0;0;0;1081941;6883;1541;70;1083141;4271;566;0;12
FR;4;2022-11-02;0;0;2;2;0;1;3;0;0;1081941;6883;1543;72;1083141;4272;569;0;12
FR;4;2022-11-03;1;0;0;0;1;0;0;0;0;1081942;6883;1543;72;1083142;4272;569;0;12
FR;4;2022-11-04;4;1;0;0;4;0;0;0;0;1081946;6884;1543;72;1083146;4272;569;0;12
FR;4;2022-11-05;0;0;0;0;0;0;0;0;0;1081946;6884;1543;72;1083146;4272;569;0;12
FR;4;2022-11-06;2;0;0;0;2;0;0;0;0;1081948;6884;1543;72;1083148;4272;569;0;12
FR;4;2022-11-07;2;0;0;0;2;0;0;0;0;1081950;6884;1543;72;1083150;4272;569;0;12
FR;4;2022-11-08;7;0;0;0;7;0;0;0;0;1081957;6884;1543;72;1083157;4272;569;0;12
FR;4;2022-11-09;0;0;0;0;0;0;0;0;0;1081957;6884;1543;72;1083157;4272;569;0;12
FR;4;2022-11-10;0;0;0;0;0;0;0;0;0;1081957;6884;1543;72;1083157;4272;569;0;12
FR;4;2022-11-11;1;0;0;0;1;0;0;0;0;1081958;6884;1543;72;1083158;4272;569;0;12
FR;4;2022-11-12;3;1;0;0;3;1;0;0;0;1081961;6885;1543;72;1083161;4273;569;0;12
FR;4;2022-11-13;0;0;0;0;0;0;0;0;0;1081961;6885;1543;72;1083161;4273;569;0;12
FR;4;2022-11-14;0;0;0;0;0;0;0;0;0;1081961;6885;1543;72;1083161;4273;569;0;12
FR;4;2022-11-15;3;0;0;0;3;0;0;0;0;1081964;6885;1543;72;1083164;4273;569;0;12
FR;4;2022-11-16;1;1;0;0;1;1;0;0;0;1081965;6886;1543;72;1083165;4274;569;0;12
FR;4;2022-11-17;0;0;0;0;0;0;0;0;0;1081965;6886;1543;72;1083165;4274;569;0;12
FR;4;2022-11-18;5;0;1;0;5;0;1;0;0;1081970;6886;1544;72;1083170;4274;570;0;12
FR;4;2022-11-19;0;0;0;0;0;0;0;0;0;1081970;6886;1544;72;1083170;4274;570;0;12
FR;4;2022-11-20;0;0;0;0;0;0;0;0;0;1081970;6886;1544;72;1083170;4274;570;0;12
FR;4;2022-11-21;0;0;0;0;0;0;0;0;0;1081970;6886;1544;72;1083170;4274;570;0;12
FR;4;2022-11-22;0;1;1;0;0;2;0;0;0;1081970;6887;1545;72;1083170;4276;570;0;12
FR;4;2022-11-23;1;0;0;0;1;0;0;0;1;1081971;6887;1545;72;1083171;4276;570;0;13
FR;4;2022-11-24;0;2;0;0;0;2;0;0;0;1081971;6889;1545;72;1083171;4278;570;0;13
FR;4;2022-11-25;3;4;0;0;3;4;0;0;0;1081974;6893;1545;72;1083174;4282;570;0;13
FR;4;2022-11-26;1;0;0;0;1;0;0;0;0;1081975;6893;1545;72;1083175;4282;570;0;13
FR;4;2022-11-27;0;0;0;0;0;0;0;0;0;1081975;6893;1545;72;1083175;4282;570;0;13
FR;4;2022-11-28;3;0;0;0;3;0;0;0;0;1081978;6893;1545;72;1083178;4282;570;0;13
FR;4;2022-11-29;3;0;0;0;3;0;0;0;0;1081981;6893;1545;72;1083181;4282;570;0;13
FR;4;2022-11-30;0;0;0;0;0;0;0;0;0;1081981;6893;1545;72;1083181;4282;570;0;13
FR;4;2022-12-01;1;2;2;0;2;2;1;0;0;1081982;6895;1547;72;1083183;4284;571;0;13
FR;4;2022-12-02;2;1;0;1;2;1;0;0;1;1081984;6896;1547;73;1083185;4285;571;0;14
FR;4;2022-12-03;1;0;0;0;1;0;0;0;0;1081985;6896;1547;73;1083186;4285;571;0;14
FR;4;2022-12-04;0;0;0;0;0;0;0;0;0;1081985;6896;1547;73;1083186;4285;571;0;14
FR;4;2022-12-05;1;1;0;0;1;1;0;0;0;1081986;6897;1547;73;1083187;4286;571;0;14
FR;4;2022-12-06;2;0;0;0;2;0;0;0;0;1081988;6897;1547;73;1083189;4286;571;0;14
FR;4;2022-12-07;2;3;0;0;2;3;0;0;0;1081990;6900;1547;73;1083191;4289;571;0;14
FR;4;2022-12-08;1;0;0;0;1;0;0;0;0;1081991;6900;1547;73;1083192;4289;571;0;14
FR;4;2022-12-09;1;1;0;0;1;1;0;0;0;1081992;6901;1547;73;1083193;4290;571;0;14
FR;4;2022-12-10;1;0;0;0;1;0;0;0;0;1081993;6901;1547;73;1083194;4290;571;0;14
FR;4;2022-12-11;0;0;0;0;0;0;0;0;0;1081993;6901;1547;73;1083194;4290;571;0;14
FR;4;2022-12-12;0;1;0;5;0;1;5;0;0;1081993;6902;1547;78;1083194;4291;576;0;14
FR;4;2022-12-13;1;0;0;0;1;0;0;0;0;1081994;6902;1547;78;1083195;4291;576;0;14
FR;4;2022-12-14;0;0;0;0;0;0;0;0;0;1081994;6902;1547;78;1083195;4291;576;0;14
FR;4;2022-12-15;1;1;0;0;1;1;0;0;0;1081995;6903;1547;78;1083196;4292;576;0;14
FR;4;2022-12-16;2;0;0;0;2;0;0;0;0;1081997;6903;1547;78;1083198;4292;576;0;14
FR;4;2022-12-17;0;0;1;0;0;0;1;0;0;1081997;6903;1548;78;1083198;4292;577;0;14
FR;4;2022-12-18;0;0;0;0;0;0;0;0;0;1081997;6903;1548;78;1083198;4292;577;0;14
FR;4;2022-12-19;1;0;0;0;1;0;0;0;0;1081998;6903;1548;78;1083199;4292;577;0;14
FR;4;2022-12-20;3;1;0;0;3;1;0;0;0;1082001;6904;1548;78;1083202;4293;577;0;14
FR;4;2022-12-21;2;0;0;0;2;0;0;0;0;1082003;6904;1548;78;1083204;4293;577;0;14
FR;4;2022-12-22;0;1;0;0;0;1;0;0;0;1082003;6905;1548;78;1083204;4294;577;0;14
FR;4;2022-12-23;3;0;0;0;3;0;0;0;0;1082006;6905;1548;78;1083207;4294;577;0;14
FR;4;2022-12-24;0;0;0;0;0;0;0;0;0;1082006;6905;1548;78;1083207;4294;577;0;14
FR;4;2022-12-25;0;0;0;0;0;0;0;0;0;1082006;6905;1548;78;1083207;4294;577;0;14
FR;4;2022-12-26;1;2;0;0;1;1;0;0;0;1082007;6907;1548;78;1083208;4295;577;0;14
FR;4;2022-12-27;1;0;0;0;1;0;0;0;0;1082008;6907;1548;78;1083209;4295;577;0;14
FR;4;2022-12-28;0;0;0;0;0;0;0;0;0;1082008;6907;1548;78;1083209;4295;577;0;14
FR;4;2022-12-29;0;0;0;0;0;0;0;0;0;1082008;6907;1548;78;1083209;4295;577;0;14
FR;4;2022-12-30;1;0;0;0;1;0;0;0;0;1082009;6907;1548;78;1083210;4295;577;0;14
FR;4;2022-12-31;0;0;0;0;0;0;0;0;0;1082009;6907;1548;78;1083210;4295;577;0;14
FR;4;2023-01-01;0;0;0;0;0;0;0;0;0;1082009;6907;1548;78;1083210;4295;577;0;14
FR;4;2023-01-02;1;0;0;0;1;0;0;0;0;1082010;6907;1548;78;1083211;4295;577;0;14
FR;4;2023-01-03;0;0;0;0;0;0;0;0;0;1082010;6907;1548;78;1083211;4295;577;0;14
FR;4;2023-01-04;0;0;0;0;0;0;0;0;0;1082010;6907;1548;78;1083211;4295;577;0;14
FR;4;2023-01-05;0;0;0;0;0;0;0;0;0;1082010;6907;1548;78;1083211;4295;577;0;14
FR;4;2023-01-06;0;0;0;0;0;0;0;0;0;1082010;6907;1548;78;1083211;4295;577;0;14
FR;4;2023-01-07;1;0;0;0;1;0;0;0;0;1082011;6907;1548;78;1083212;4295;577;0;14
FR;4;2023-01-08;1;0;0;0;1;0;0;0;0;1082012;6907;1548;78;1083213;4295;577;0;14
FR;4;2023-01-09;1;0;0;0;1;0;0;0;0;1082013;6907;1548;78;1083214;4295;577;0;14
FR;4;2023-01-10;1;0;0;0;1;0;0;0;0;1082014;6907;1548;78;1083215;4295;577;0;14
FR;4;2023-01-11;0;0;0;0;0;0;0;0;0;1082014;6907;1548;78;1083215;4295;577;0;14
FR;5;2020-12-27;0;0;0;0;0;0;0;0;0;0;0;0;0;0;0;0;0;0
FR;5;2020-12-28;0;0;0;0;0;0;0;0;0;0;0;0;0;0;0;0;0;0
FR;5;2020-12-29;0;0;0;0;0;0;0;0;0;0;0;0;0;0;0;0;0;0
FR;5;2020-12-30;0;0;0;0;0;0;0;0;0;0;0;0;0;0;0;0;0;0
FR;5;2020-12-31;0;0;0;0;0;0;0;0;0;0;0;0;0;0;0;0;0;0
FR;5;2021-01-01;0;0;0;0;0;0;0;0;0;0;0;0;0;0;0;0;0;0
FR;5;2021-01-02;0;0;0;0;0;0;0;0;0;0;0;0;0;0;0;0;0;0
FR;5;2021-01-03;0;0;0;0;0;0;0;0;0;0;0;0;0;0;0;0;0;0
FR;5;2021-01-04;0;0;0;0;0;0;0;0;0;0;0;0;0;0;0;0;0;0
FR;5;2021-01-05;0;0;0;0;0;0;0;0;0;0;0;0;0;0;0;0;0;0
FR;5;2021-01-06;0;0;0;0;0;0;0;0;0;0;0;0;0;0;0;0;0;0
FR;5;2021-01-07;0;0;0;0;0;0;0;0;0;0;0;0;0;0;0;0;0;0
FR;5;2021-01-08;0;0;0;0;0;0;0;0;0;0;0;0;0;0;0;0;0;0
FR;5;2021-01-09;0;0;0;0;0;0;0;0;0;0;0;0;0;0;0;0;0;0
FR;5;2021-01-10;0;0;0;0;0;0;0;0;0;0;0;0;0;0;0;0;0;0
FR;5;2021-01-11;0;0;0;0;0;0;0;0;0;0;0;0;0;0;0;0;0;0
FR;5;2021-01-12;0;0;0;0;0;0;0;0;0;0;0;0;0;0;0;0;0;0
FR;5;2021-01-13;0;0;0;0;0;0;0;0;0;0;0;0;0;0;0;0;0;0
FR;5;2021-01-14;0;0;0;0;0;0;0;0;0;0;0;0;0;0;0;0;0;0
FR;5;2021-01-15;0;0;0;0;0;0;0;0;0;0;0;0;0;0;0;0;0;0
FR;5;2021-01-16;0;0;0;0;0;0;0;0;0;0;0;0;0;0;0;0;0;0
FR;5;2021-01-17;0;0;0;0;0;0;0;0;0;0;0;0;0;0;0;0;0;0
FR;5;2021-01-18;0;0;0;0;0;0;0;0;0;0;0;0;0;0;0;0;0;0
FR;5;2021-01-19;0;0;0;0;0;0;0;0;0;0;0;0;0;0;0;0;0;0
FR;5;2021-01-20;0;0;0;0;0;0;0;0;0;0;0;0;0;0;0;0;0;0
FR;5;2021-01-21;0;0;0;0;0;0;0;0;0;0;0;0;0;0;0;0;0;0
FR;5;2021-01-22;0;0;0;0;0;0;0;0;0;0;0;0;0;0;0;0;0;0
FR;5;2021-01-23;0;0;0;0;0;0;0;0;0;0;0;0;0;0;0;0;0;0
FR;5;2021-01-24;0;0;0;0;0;0;0;0;0;0;0;0;0;0;0;0;0;0
FR;5;2021-01-25;0;0;0;0;0;0;0;0;0;0;0;0;0;0;0;0;0;0
FR;5;2021-01-26;0;0;0;0;0;0;0;0;0;0;0;0;0;0;0;0;0;0
FR;5;2021-01-27;0;0;0;0;0;0;0;0;0;0;0;0;0;0;0;0;0;0
FR;5;2021-01-28;0;0;0;0;0;0;0;0;0;0;0;0;0;0;0;0;0;0
FR;5;2021-01-29;0;0;0;0;0;0;0;0;0;0;0;0;0;0;0;0;0;0
FR;5;2021-01-30;0;0;0;0;0;0;0;0;0;0;0;0;0;0;0;0;0;0
FR;5;2021-01-31;0;0;0;0;0;0;0;0;0;0;0;0;0;0;0;0;0;0
FR;5;2021-02-01;0;0;0;0;0;0;0;0;0;0;0;0;0;0;0;0;0;0
FR;5;2021-02-02;0;0;0;0;0;0;0;0;0;0;0;0;0;0;0;0;0;0
FR;5;2021-02-03;0;0;0;0;0;0;0;0;0;0;0;0;0;0;0;0;0;0
FR;5;2021-02-04;0;0;0;0;0;0;0;0;0;0;0;0;0;0;0;0;0;0
FR;5;2021-02-05;0;0;0;0;0;0;0;0;0;0;0;0;0;0;0;0;0;0
FR;5;2021-02-06;0;0;0;0;0;0;0;0;0;0;0;0;0;0;0;0;0;0
FR;5;2021-02-07;0;0;0;0;0;0;0;0;0;0;0;0;0;0;0;0;0;0
FR;5;2021-02-08;0;0;0;0;0;0;0;0;0;0;0;0;0;0;0;0;0;0
FR;5;2021-02-09;0;0;0;0;0;0;0;0;0;0;0;0;0;0;0;0;0;0
FR;5;2021-02-10;0;0;0;0;0;0;0;0;0;0;0;0;0;0;0;0;0;0
FR;5;2021-02-11;0;0;0;0;0;0;0;0;0;0;0;0;0;0;0;0;0;0
FR;5;2021-02-12;0;0;0;0;0;0;0;0;0;0;0;0;0;0;0;0;0;0
FR;5;2021-02-13;0;0;0;0;0;0;0;0;0;0;0;0;0;0;0;0;0;0
FR;5;2021-02-14;0;0;0;0;0;0;0;0;0;0;0;0;0;0;0;0;0;0
FR;5;2021-02-15;0;0;0;0;0;0;0;0;0;0;0;0;0;0;0;0;0;0
FR;5;2021-02-16;0;0;0;0;0;0;0;0;0;0;0;0;0;0;0;0;0;0
FR;5;2021-02-17;0;0;0;0;0;0;0;0;0;0;0;0;0;0;0;0;0;0
FR;5;2021-02-18;0;0;0;0;0;0;0;0;0;0;0;0;0;0;0;0;0;0
FR;5;2021-02-19;0;0;0;0;0;0;0;0;0;0;0;0;0;0;0;0;0;0
FR;5;2021-02-20;0;0;0;0;0;0;0;0;0;0;0;0;0;0;0;0;0;0
FR;5;2021-02-21;0;0;0;0;0;0;0;0;0;0;0;0;0;0;0;0;0;0
FR;5;2021-02-22;0;0;0;0;0;0;0;0;0;0;0;0;0;0;0;0;0;0
FR;5;2021-02-23;0;0;0;0;0;0;0;0;0;0;0;0;0;0;0;0;0;0
FR;5;2021-02-24;0;0;0;0;0;0;0;0;0;0;0;0;0;0;0;0;0;0
FR;5;2021-02-25;0;0;0;0;0;0;0;0;0;0;0;0;0;0;0;0;0;0
FR;5;2021-02-26;0;0;0;0;0;0;0;0;0;0;0;0;0;0;0;0;0;0
FR;5;2021-02-27;0;0;0;0;0;0;0;0;0;0;0;0;0;0;0;0;0;0
FR;5;2021-02-28;0;0;0;0;0;0;0;0;0;0;0;0;0;0;0;0;0;0
FR;5;2021-03-01;0;0;0;0;0;0;0;0;0;0;0;0;0;0;0;0;0;0
FR;5;2021-03-02;0;0;0;0;0;0;0;0;0;0;0;0;0;0;0;0;0;0
FR;5;2021-03-03;0;0;0;0;0;0;0;0;0;0;0;0;0;0;0;0;0;0
FR;5;2021-03-04;0;0;0;0;0;0;0;0;0;0;0;0;0;0;0;0;0;0
FR;5;2021-03-05;0;0;0;0;0;0;0;0;0;0;0;0;0;0;0;0;0;0
FR;5;2021-03-06;0;0;0;0;0;0;0;0;0;0;0;0;0;0;0;0;0;0
FR;5;2021-03-07;0;0;0;0;0;0;0;0;0;0;0;0;0;0;0;0;0;0
FR;5;2021-03-08;0;0;0;0;0;0;0;0;0;0;0;0;0;0;0;0;0;0
FR;5;2021-03-09;0;0;0;0;0;0;0;0;0;0;0;0;0;0;0;0;0;0
FR;5;2021-03-10;0;0;0;0;0;0;0;0;0;0;0;0;0;0;0;0;0;0
FR;5;2021-03-11;0;0;0;0;0;0;0;0;0;0;0;0;0;0;0;0;0;0
FR;5;2021-03-12;0;0;0;0;0;0;0;0;0;0;0;0;0;0;0;0;0;0
FR;5;2021-03-13;0;0;0;0;0;0;0;0;0;0;0;0;0;0;0;0;0;0
FR;5;2021-03-14;0;0;0;0;0;0;0;0;0;0;0;0;0;0;0;0;0;0
FR;5;2021-03-15;0;0;0;0;0;0;0;0;0;0;0;0;0;0;0;0;0;0
FR;5;2021-03-16;0;0;0;0;0;0;0;0;0;0;0;0;0;0;0;0;0;0
FR;5;2021-03-17;0;0;0;0;0;0;0;0;0;0;0;0;0;0;0;0;0;0
FR;5;2021-03-18;0;0;0;0;0;0;0;0;0;0;0;0;0;0;0;0;0;0
FR;5;2021-03-19;0;0;0;0;0;0;0;0;0;0;0;0;0;0;0;0;0;0
FR;5;2021-03-20;0;0;0;0;0;0;0;0;0;0;0;0;0;0;0;0;0;0
FR;5;2021-03-21;0;0;0;0;0;0;0;0;0;0;0;0;0;0;0;0;0;0
FR;5;2021-03-22;0;0;0;0;0;0;0;0;0;0;0;0;0;0;0;0;0;0
FR;5;2021-03-23;0;0;0;0;0;0;0;0;0;0;0;0;0;0;0;0;0;0
FR;5;2021-03-24;0;0;0;0;0;0;0;0;0;0;0;0;0;0;0;0;0;0
FR;5;2021-03-25;0;0;0;0;0;0;0;0;0;0;0;0;0;0;0;0;0;0
FR;5;2021-03-26;0;0;0;0;0;0;0;0;0;0;0;0;0;0;0;0;0;0
FR;5;2021-03-27;0;0;0;0;0;0;0;0;0;0;0;0;0;0;0;0;0;0
FR;5;2021-03-28;0;0;0;0;0;0;0;0;0;0;0;0;0;0;0;0;0;0
FR;5;2021-03-29;0;0;0;0;0;0;0;0;0;0;0;0;0;0;0;0;0;0
FR;5;2021-03-30;0;0;0;0;0;0;0;0;0;0;0;0;0;0;0;0;0;0
FR;5;2021-03-31;0;0;0;0;0;0;0;0;0;0;0;0;0;0;0;0;0;0
FR;5;2021-04-01;0;0;0;0;0;0;0;0;0;0;0;0;0;0;0;0;0;0
FR;5;2021-04-02;0;0;0;0;0;0;0;0;0;0;0;0;0;0;0;0;0;0
FR;5;2021-04-03;0;0;0;0;0;0;0;0;0;0;0;0;0;0;0;0;0;0
FR;5;2021-04-04;0;0;0;0;0;0;0;0;0;0;0;0;0;0;0;0;0;0
FR;5;2021-04-05;0;0;0;0;0;0;0;0;0;0;0;0;0;0;0;0;0;0
FR;5;2021-04-06;0;0;0;0;0;0;0;0;0;0;0;0;0;0;0;0;0;0
FR;5;2021-04-07;0;0;0;0;0;0;0;0;0;0;0;0;0;0;0;0;0;0
FR;5;2021-04-08;0;0;0;0;0;0;0;0;0;0;0;0;0;0;0;0;0;0
FR;5;2021-04-09;0;0;0;0;0;0;0;0;0;0;0;0;0;0;0;0;0;0
FR;5;2021-04-10;0;0;0;0;0;0;0;0;0;0;0;0;0;0;0;0;0;0
FR;5;2021-04-11;0;0;0;0;0;0;0;0;0;0;0;0;0;0;0;0;0;0
FR;5;2021-04-12;0;0;0;0;0;0;0;0;0;0;0;0;0;0;0;0;0;0
FR;5;2021-04-13;0;0;0;0;0;0;0;0;0;0;0;0;0;0;0;0;0;0
FR;5;2021-04-14;0;0;0;0;0;0;0;0;0;0;0;0;0;0;0;0;0;0
FR;5;2021-04-15;0;0;0;0;0;0;0;0;0;0;0;0;0;0;0;0;0;0
FR;5;2021-04-16;0;0;0;0;0;0;0;0;0;0;0;0;0;0;0;0;0;0
FR;5;2021-04-17;0;0;0;0;0;0;0;0;0;0;0;0;0;0;0;0;0;0
FR;5;2021-04-18;0;0;0;0;0;0;0;0;0;0;0;0;0;0;0;0;0;0
FR;5;2021-04-19;0;0;0;0;0;0;0;0;0;0;0;0;0;0;0;0;0;0
FR;5;2021-04-20;0;0;0;0;0;0;0;0;0;0;0;0;0;0;0;0;0;0
FR;5;2021-04-21;0;0;0;0;0;0;0;0;0;0;0;0;0;0;0;0;0;0
FR;5;2021-04-22;0;0;0;0;0;0;0;0;0;0;0;0;0;0;0;0;0;0
FR;5;2021-04-23;0;0;0;0;0;0;0;0;0;0;0;0;0;0;0;0;0;0
FR;5;2021-04-24;0;0;0;0;0;0;0;0;0;0;0;0;0;0;0;0;0;0
FR;5;2021-04-25;0;0;0;0;0;0;0;0;0;0;0;0;0;0;0;0;0;0
FR;5;2021-04-26;0;0;0;0;0;0;0;0;0;0;0;0;0;0;0;0;0;0
FR;5;2021-04-27;0;0;0;0;0;0;0;0;0;0;0;0;0;0;0;0;0;0
FR;5;2021-04-28;0;0;0;0;0;0;0;0;0;0;0;0;0;0;0;0;0;0
FR;5;2021-04-29;0;0;0;0;0;0;0;0;0;0;0;0;0;0;0;0;0;0
FR;5;2021-04-30;0;0;0;0;0;0;0;0;0;0;0;0;0;0;0;0;0;0
FR;5;2021-05-01;0;0;0;0;0;0;0;0;0;0;0;0;0;0;0;0;0;0
FR;5;2021-05-02;0;0;0;0;0;0;0;0;0;0;0;0;0;0;0;0;0;0
FR;5;2021-05-03;0;0;0;0;0;0;0;0;0;0;0;0;0;0;0;0;0;0
FR;5;2021-05-04;0;0;0;0;0;0;0;0;0;0;0;0;0;0;0;0;0;0
FR;5;2021-05-05;0;0;0;0;0;0;0;0;0;0;0;0;0;0;0;0;0;0
FR;5;2021-05-06;0;0;0;0;0;0;0;0;0;0;0;0;0;0;0;0;0;0
FR;5;2021-05-07;0;0;0;0;0;0;0;0;0;0;0;0;0;0;0;0;0;0
FR;5;2021-05-08;0;0;0;0;0;0;0;0;0;0;0;0;0;0;0;0;0;0
FR;5;2021-05-09;0;0;0;0;0;0;0;0;0;0;0;0;0;0;0;0;0;0
FR;5;2021-05-10;0;0;0;0;0;0;0;0;0;0;0;0;0;0;0;0;0;0
FR;5;2021-05-11;0;0;0;0;0;0;0;0;0;0;0;0;0;0;0;0;0;0
FR;5;2021-05-12;0;0;0;0;0;0;0;0;0;0;0;0;0;0;0;0;0;0
FR;5;2021-05-13;0;0;0;0;0;0;0;0;0;0;0;0;0;0;0;0;0;0
FR;5;2021-05-14;0;0;0;0;0;0;0;0;0;0;0;0;0;0;0;0;0;0
FR;5;2021-05-15;0;0;0;0;0;0;0;0;0;0;0;0;0;0;0;0;0;0
FR;5;2021-05-16;0;0;0;0;0;0;0;0;0;0;0;0;0;0;0;0;0;0
FR;5;2021-05-17;0;0;0;0;0;0;0;0;0;0;0;0;0;0;0;0;0;0
FR;5;2021-05-18;0;0;0;0;0;0;0;0;0;0;0;0;0;0;0;0;0;0
FR;5;2021-05-19;0;0;0;0;0;0;0;0;0;0;0;0;0;0;0;0;0;0
FR;5;2021-05-20;0;0;0;0;0;0;0;0;0;0;0;0;0;0;0;0;0;0
FR;5;2021-05-21;0;0;0;0;0;0;0;0;0;0;0;0;0;0;0;0;0;0
FR;5;2021-05-22;0;0;0;0;0;0;0;0;0;0;0;0;0;0;0;0;0;0
FR;5;2021-05-23;0;0;0;0;0;0;0;0;0;0;0;0;0;0;0;0;0;0
FR;5;2021-05-24;0;0;0;0;0;0;0;0;0;0;0;0;0;0;0;0;0;0
FR;5;2021-05-25;0;0;0;0;0;0;0;0;0;0;0;0;0;0;0;0;0;0
FR;5;2021-05-26;0;0;0;0;0;0;0;0;0;0;0;0;0;0;0;0;0;0
FR;5;2021-05-27;0;0;0;0;0;0;0;0;0;0;0;0;0;0;0;0;0;0
FR;5;2021-05-28;0;0;0;0;0;0;0;0;0;0;0;0;0;0;0;0;0;0
FR;5;2021-05-29;0;0;0;0;0;0;0;0;0;0;0;0;0;0;0;0;0;0
FR;5;2021-05-30;0;0;0;0;0;0;0;0;0;0;0;0;0;0;0;0;0;0
FR;5;2021-05-31;0;0;0;0;0;0;0;0;0;0;0;0;0;0;0;0;0;0
FR;5;2021-06-01;0;0;0;0;0;0;0;0;0;0;0;0;0;0;0;0;0;0
FR;5;2021-06-02;0;0;0;0;0;0;0;0;0;0;0;0;0;0;0;0;0;0
FR;5;2021-06-03;0;0;0;0;0;0;0;0;0;0;0;0;0;0;0;0;0;0
FR;5;2021-06-04;0;0;0;0;0;0;0;0;0;0;0;0;0;0;0;0;0;0
FR;5;2021-06-05;0;0;0;0;0;0;0;0;0;0;0;0;0;0;0;0;0;0
FR;5;2021-06-06;0;0;0;0;0;0;0;0;0;0;0;0;0;0;0;0;0;0
FR;5;2021-06-07;0;0;0;0;0;0;0;0;0;0;0;0;0;0;0;0;0;0
FR;5;2021-06-08;0;0;0;0;0;0;0;0;0;0;0;0;0;0;0;0;0;0
FR;5;2021-06-09;0;0;0;0;0;0;0;0;0;0;0;0;0;0;0;0;0;0
FR;5;2021-06-10;0;0;0;0;0;0;0;0;0;0;0;0;0;0;0;0;0;0
FR;5;2021-06-11;0;0;0;0;0;0;0;0;0;0;0;0;0;0;0;0;0;0
FR;5;2021-06-12;0;0;0;0;0;0;0;0;0;0;0;0;0;0;0;0;0;0
FR;5;2021-06-13;0;0;0;0;0;0;0;0;0;0;0;0;0;0;0;0;0;0
FR;5;2021-06-14;0;0;0;0;0;0;0;0;0;0;0;0;0;0;0;0;0;0
FR;5;2021-06-15;0;0;0;0;0;0;0;0;0;0;0;0;0;0;0;0;0;0
FR;5;2021-06-16;0;0;0;0;0;0;0;0;0;0;0;0;0;0;0;0;0;0
FR;5;2021-06-17;0;0;0;0;0;0;0;0;0;0;0;0;0;0;0;0;0;0
FR;5;2021-06-18;0;0;0;0;0;0;0;0;0;0;0;0;0;0;0;0;0;0
FR;5;2021-06-19;0;0;0;0;0;0;0;0;0;0;0;0;0;0;0;0;0;0
FR;5;2021-06-20;0;0;0;0;0;0;0;0;0;0;0;0;0;0;0;0;0;0
FR;5;2021-06-21;0;0;0;0;0;0;0;0;0;0;0;0;0;0;0;0;0;0
FR;5;2021-06-22;0;0;0;0;0;0;0;0;0;0;0;0;0;0;0;0;0;0
FR;5;2021-06-23;0;0;0;0;0;0;0;0;0;0;0;0;0;0;0;0;0;0
FR;5;2021-06-24;0;0;0;0;0;0;0;0;0;0;0;0;0;0;0;0;0;0
FR;5;2021-06-25;0;0;0;0;0;0;0;0;0;0;0;0;0;0;0;0;0;0
FR;5;2021-06-26;0;0;0;0;0;0;0;0;0;0;0;0;0;0;0;0;0;0
FR;5;2021-06-27;0;0;0;0;0;0;0;0;0;0;0;0;0;0;0;0;0;0
FR;5;2021-06-28;0;0;0;0;0;0;0;0;0;0;0;0;0;0;0;0;0;0
FR;5;2021-06-29;0;0;0;0;0;0;0;0;0;0;0;0;0;0;0;0;0;0
FR;5;2021-06-30;0;0;0;0;0;0;0;0;0;0;0;0;0;0;0;0;0;0
FR;5;2021-07-01;0;0;0;0;0;0;0;0;0;0;0;0;0;0;0;0;0;0
FR;5;2021-07-02;0;0;0;0;0;0;0;0;0;0;0;0;0;0;0;0;0;0
FR;5;2021-07-03;0;0;0;0;0;0;0;0;0;0;0;0;0;0;0;0;0;0
FR;5;2021-07-04;0;0;0;0;0;0;0;0;0;0;0;0;0;0;0;0;0;0
FR;5;2021-07-05;0;0;0;0;0;0;0;0;0;0;0;0;0;0;0;0;0;0
FR;5;2021-07-06;0;0;0;0;0;0;0;0;0;0;0;0;0;0;0;0;0;0
FR;5;2021-07-07;0;0;0;0;0;0;0;0;0;0;0;0;0;0;0;0;0;0
FR;5;2021-07-08;0;0;0;0;0;0;0;0;0;0;0;0;0;0;0;0;0;0
FR;5;2021-07-09;0;0;0;0;0;0;0;0;0;0;0;0;0;0;0;0;0;0
FR;5;2021-07-10;0;0;0;0;0;0;0;0;0;0;0;0;0;0;0;0;0;0
FR;5;2021-07-11;0;0;0;0;0;0;0;0;0;0;0;0;0;0;0;0;0;0
FR;5;2021-07-12;0;0;0;0;0;0;0;0;0;0;0;0;0;0;0;0;0;0
FR;5;2021-07-13;0;0;0;0;0;0;0;0;0;0;0;0;0;0;0;0;0;0
FR;5;2021-07-14;0;0;0;0;0;0;0;0;0;0;0;0;0;0;0;0;0;0
FR;5;2021-07-15;0;0;0;0;0;0;0;0;0;0;0;0;0;0;0;0;0;0
FR;5;2021-07-16;0;0;0;0;0;0;0;0;0;0;0;0;0;0;0;0;0;0
FR;5;2021-07-17;0;0;0;0;0;0;0;0;0;0;0;0;0;0;0;0;0;0
FR;5;2021-07-18;0;0;0;0;0;0;0;0;0;0;0;0;0;0;0;0;0;0
FR;5;2021-07-19;0;0;0;0;0;0;0;0;0;0;0;0;0;0;0;0;0;0
FR;5;2021-07-20;0;0;0;0;0;0;0;0;0;0;0;0;0;0;0;0;0;0
FR;5;2021-07-21;0;0;0;0;0;0;0;0;0;0;0;0;0;0;0;0;0;0
FR;5;2021-07-22;0;0;0;0;0;0;0;0;0;0;0;0;0;0;0;0;0;0
FR;5;2021-07-23;0;0;0;0;0;0;0;0;0;0;0;0;0;0;0;0;0;0
FR;5;2021-07-24;0;0;0;0;0;0;0;0;0;0;0;0;0;0;0;0;0;0
FR;5;2021-07-25;0;0;0;0;0;0;0;0;0;0;0;0;0;0;0;0;0;0
FR;5;2021-07-26;0;0;0;0;0;0;0;0;0;0;0;0;0;0;0;0;0;0
FR;5;2021-07-27;0;0;0;0;0;0;0;0;0;0;0;0;0;0;0;0;0;0
FR;5;2021-07-28;0;0;0;0;0;0;0;0;0;0;0;0;0;0;0;0;0;0
FR;5;2021-07-29;0;0;0;0;0;0;0;0;0;0;0;0;0;0;0;0;0;0
FR;5;2021-07-30;0;0;0;0;0;0;0;0;0;0;0;0;0;0;0;0;0;0
FR;5;2021-07-31;0;0;0;0;0;0;0;0;0;0;0;0;0;0;0;0;0;0
FR;5;2021-08-01;0;0;0;0;0;0;0;0;0;0;0;0;0;0;0;0;0;0
FR;5;2021-08-02;0;0;0;0;0;0;0;0;0;0;0;0;0;0;0;0;0;0
FR;5;2021-08-03;0;0;0;0;0;0;0;0;0;0;0;0;0;0;0;0;0;0
FR;5;2021-08-04;0;0;0;0;0;0;0;0;0;0;0;0;0;0;0;0;0;0
FR;5;2021-08-05;0;0;0;0;0;0;0;0;0;0;0;0;0;0;0;0;0;0
FR;5;2021-08-06;0;0;0;0;0;0;0;0;0;0;0;0;0;0;0;0;0;0
FR;5;2021-08-07;0;0;0;0;0;0;0;0;0;0;0;0;0;0;0;0;0;0
FR;5;2021-08-08;0;0;0;0;0;0;0;0;0;0;0;0;0;0;0;0;0;0
FR;5;2021-08-09;0;0;0;0;0;0;0;0;0;0;0;0;0;0;0;0;0;0
FR;5;2021-08-10;0;0;0;0;0;0;0;0;0;0;0;0;0;0;0;0;0;0
FR;5;2021-08-11;0;0;0;0;0;0;0;0;0;0;0;0;0;0;0;0;0;0
FR;5;2021-08-12;0;0;0;0;0;0;0;0;0;0;0;0;0;0;0;0;0;0
FR;5;2021-08-13;0;0;0;0;0;0;0;0;0;0;0;0;0;0;0;0;0;0
FR;5;2021-08-14;0;0;0;0;0;0;0;0;0;0;0;0;0;0;0;0;0;0
FR;5;2021-08-15;0;0;0;0;0;0;0;0;0;0;0;0;0;0;0;0;0;0
FR;5;2021-08-16;0;0;0;0;0;0;0;0;0;0;0;0;0;0;0;0;0;0
FR;5;2021-08-17;0;0;0;0;0;0;0;0;0;0;0;0;0;0;0;0;0;0
FR;5;2021-08-18;0;0;0;0;0;0;0;0;0;0;0;0;0;0;0;0;0;0
FR;5;2021-08-19;0;0;0;0;0;0;0;0;0;0;0;0;0;0;0;0;0;0
FR;5;2021-08-20;0;0;0;0;0;0;0;0;0;0;0;0;0;0;0;0;0;0
FR;5;2021-08-21;0;0;0;0;0;0;0;0;0;0;0;0;0;0;0;0;0;0
FR;5;2021-08-22;0;0;0;0;0;0;0;0;0;0;0;0;0;0;0;0;0;0
FR;5;2021-08-23;0;0;0;0;0;0;0;0;0;0;0;0;0;0;0;0;0;0
FR;5;2021-08-24;0;0;0;0;0;0;0;0;0;0;0;0;0;0;0;0;0;0
FR;5;2021-08-25;0;0;0;0;0;0;0;0;0;0;0;0;0;0;0;0;0;0
FR;5;2021-08-26;0;0;0;0;0;0;0;0;0;0;0;0;0;0;0;0;0;0
FR;5;2021-08-27;0;0;0;0;0;0;0;0;0;0;0;0;0;0;0;0;0;0
FR;5;2021-08-28;0;0;0;0;0;0;0;0;0;0;0;0;0;0;0;0;0;0
FR;5;2021-08-29;0;0;0;0;0;0;0;0;0;0;0;0;0;0;0;0;0;0
FR;5;2021-08-30;0;0;0;0;0;0;0;0;0;0;0;0;0;0;0;0;0;0
FR;5;2021-08-31;0;0;0;0;0;0;0;0;0;0;0;0;0;0;0;0;0;0
FR;5;2021-09-01;0;0;0;0;0;0;0;0;0;0;0;0;0;0;0;0;0;0
FR;5;2021-09-02;0;0;0;0;0;0;0;0;0;0;0;0;0;0;0;0;0;0
FR;5;2021-09-03;0;0;0;0;0;0;0;0;0;0;0;0;0;0;0;0;0;0
FR;5;2021-09-04;0;0;0;0;0;0;0;0;0;0;0;0;0;0;0;0;0;0
FR;5;2021-09-05;0;0;0;0;0;0;0;0;0;0;0;0;0;0;0;0;0;0
FR;5;2021-09-06;0;0;0;0;0;0;0;0;0;0;0;0;0;0;0;0;0;0
FR;5;2021-09-07;0;0;0;0;0;0;0;0;0;0;0;0;0;0;0;0;0;0
FR;5;2021-09-08;0;0;0;0;0;0;0;0;0;0;0;0;0;0;0;0;0;0
FR;5;2021-09-09;0;0;0;0;0;0;0;0;0;0;0;0;0;0;0;0;0;0
FR;5;2021-09-10;0;0;0;0;0;0;0;0;0;0;0;0;0;0;0;0;0;0
FR;5;2021-09-11;0;0;0;0;0;0;0;0;0;0;0;0;0;0;0;0;0;0
FR;5;2021-09-12;0;0;0;0;0;0;0;0;0;0;0;0;0;0;0;0;0;0
FR;5;2021-09-13;0;0;0;0;0;0;0;0;0;0;0;0;0;0;0;0;0;0
FR;5;2021-09-14;0;0;0;0;0;0;0;0;0;0;0;0;0;0;0;0;0;0
FR;5;2021-09-15;0;0;0;0;0;0;0;0;0;0;0;0;0;0;0;0;0;0
FR;5;2021-09-16;0;0;0;0;0;0;0;0;0;0;0;0;0;0;0;0;0;0
FR;5;2021-09-17;0;0;0;0;0;0;0;0;0;0;0;0;0;0;0;0;0;0
FR;5;2021-09-18;0;0;0;0;0;0;0;0;0;0;0;0;0;0;0;0;0;0
FR;5;2021-09-19;0;0;0;0;0;0;0;0;0;0;0;0;0;0;0;0;0;0
FR;5;2021-09-20;0;0;0;0;0;0;0;0;0;0;0;0;0;0;0;0;0;0
FR;5;2021-09-21;0;0;0;0;0;0;0;0;0;0;0;0;0;0;0;0;0;0
FR;5;2021-09-22;0;0;0;0;0;0;0;0;0;0;0;0;0;0;0;0;0;0
FR;5;2021-09-23;0;0;0;0;0;0;0;0;0;0;0;0;0;0;0;0;0;0
FR;5;2021-09-24;0;0;0;0;0;0;0;0;0;0;0;0;0;0;0;0;0;0
FR;5;2021-09-25;0;0;0;0;0;0;0;0;0;0;0;0;0;0;0;0;0;0
FR;5;2021-09-26;0;0;0;0;0;0;0;0;0;0;0;0;0;0;0;0;0;0
FR;5;2021-09-27;0;0;0;0;0;0;0;0;0;0;0;0;0;0;0;0;0;0
FR;5;2021-09-28;0;0;0;0;0;0;0;0;0;0;0;0;0;0;0;0;0;0
FR;5;2021-09-29;0;0;0;0;0;0;0;0;0;0;0;0;0;0;0;0;0;0
FR;5;2021-09-30;0;0;0;0;0;0;0;0;0;0;0;0;0;0;0;0;0;0
FR;5;2021-10-01;0;0;0;0;0;0;0;0;0;0;0;0;0;0;0;0;0;0
FR;5;2021-10-02;0;0;0;0;0;0;0;0;0;0;0;0;0;0;0;0;0;0
FR;5;2021-10-03;0;0;0;0;0;0;0;0;0;0;0;0;0;0;0;0;0;0
FR;5;2021-10-04;0;0;0;0;0;0;0;0;0;0;0;0;0;0;0;0;0;0
FR;5;2021-10-05;0;0;0;0;0;0;0;0;0;0;0;0;0;0;0;0;0;0
FR;5;2021-10-06;0;0;0;0;0;0;0;0;0;0;0;0;0;0;0;0;0;0
FR;5;2021-10-07;0;0;0;0;0;0;0;0;0;0;0;0;0;0;0;0;0;0
FR;5;2021-10-08;0;0;0;0;0;0;0;0;0;0;0;0;0;0;0;0;0;0
FR;5;2021-10-09;0;0;0;0;0;0;0;0;0;0;0;0;0;0;0;0;0;0
FR;5;2021-10-10;0;0;0;0;0;0;0;0;0;0;0;0;0;0;0;0;0;0
FR;5;2021-10-11;0;0;0;0;0;0;0;0;0;0;0;0;0;0;0;0;0;0
FR;5;2021-10-12;0;0;0;0;0;0;0;0;0;0;0;0;0;0;0;0;0;0
FR;5;2021-10-13;0;0;0;0;0;0;0;0;0;0;0;0;0;0;0;0;0;0
FR;5;2021-10-14;0;0;0;0;0;0;0;0;0;0;0;0;0;0;0;0;0;0
FR;5;2021-10-15;0;0;0;0;0;0;0;0;0;0;0;0;0;0;0;0;0;0
FR;5;2021-10-16;0;0;0;0;0;0;0;0;0;0;0;0;0;0;0;0;0;0
FR;5;2021-10-17;0;0;0;0;0;0;0;0;0;0;0;0;0;0;0;0;0;0
FR;5;2021-10-18;0;0;0;0;0;0;0;0;0;0;0;0;0;0;0;0;0;0
FR;5;2021-10-19;0;0;0;0;0;0;0;0;0;0;0;0;0;0;0;0;0;0
FR;5;2021-10-20;0;0;0;0;0;0;0;0;0;0;0;0;0;0;0;0;0;0
FR;5;2021-10-21;0;0;0;0;0;0;0;0;0;0;0;0;0;0;0;0;0;0
FR;5;2021-10-22;0;0;0;0;0;0;0;0;0;0;0;0;0;0;0;0;0;0
FR;5;2021-10-23;0;0;0;0;0;0;0;0;0;0;0;0;0;0;0;0;0;0
FR;5;2021-10-24;0;0;0;0;0;0;0;0;0;0;0;0;0;0;0;0;0;0
FR;5;2021-10-25;0;0;0;0;0;0;0;0;0;0;0;0;0;0;0;0;0;0
FR;5;2021-10-26;0;0;0;0;0;0;0;0;0;0;0;0;0;0;0;0;0;0
FR;5;2021-10-27;0;0;0;0;0;0;0;0;0;0;0;0;0;0;0;0;0;0
FR;5;2021-10-28;0;0;0;0;0;0;0;0;0;0;0;0;0;0;0;0;0;0
FR;5;2021-10-29;0;0;0;0;0;0;0;0;0;0;0;0;0;0;0;0;0;0
FR;5;2021-10-30;0;0;0;0;0;0;0;0;0;0;0;0;0;0;0;0;0;0
FR;5;2021-10-31;0;0;0;0;0;0;0;0;0;0;0;0;0;0;0;0;0;0
FR;5;2021-11-01;0;0;0;0;0;0;0;0;0;0;0;0;0;0;0;0;0;0
FR;5;2021-11-02;0;0;0;0;0;0;0;0;0;0;0;0;0;0;0;0;0;0
FR;5;2021-11-03;0;0;0;0;0;0;0;0;0;0;0;0;0;0;0;0;0;0
FR;5;2021-11-04;0;0;0;0;0;0;0;0;0;0;0;0;0;0;0;0;0;0
FR;5;2021-11-05;0;0;0;0;0;0;0;0;0;0;0;0;0;0;0;0;0;0
FR;5;2021-11-06;0;0;0;0;0;0;0;0;0;0;0;0;0;0;0;0;0;0
FR;5;2021-11-07;0;0;0;0;0;0;0;0;0;0;0;0;0;0;0;0;0;0
FR;5;2021-11-08;0;0;0;0;0;0;0;0;0;0;0;0;0;0;0;0;0;0
FR;5;2021-11-09;0;0;0;0;0;0;0;0;0;0;0;0;0;0;0;0;0;0
FR;5;2021-11-10;0;0;0;0;0;0;0;0;0;0;0;0;0;0;0;0;0;0
FR;5;2021-11-11;0;0;0;0;0;0;0;0;0;0;0;0;0;0;0;0;0;0
FR;5;2021-11-12;0;0;0;0;0;0;0;0;0;0;0;0;0;0;0;0;0;0
FR;5;2021-11-13;0;0;0;0;0;0;0;0;0;0;0;0;0;0;0;0;0;0
FR;5;2021-11-14;0;0;0;0;0;0;0;0;0;0;0;0;0;0;0;0;0;0
FR;5;2021-11-15;0;0;0;0;0;0;0;0;0;0;0;0;0;0;0;0;0;0
FR;5;2021-11-16;0;0;0;0;0;0;0;0;0;0;0;0;0;0;0;0;0;0
FR;5;2021-11-17;0;0;0;0;0;0;0;0;0;0;0;0;0;0;0;0;0;0
FR;5;2021-11-18;0;0;0;0;0;0;0;0;0;0;0;0;0;0;0;0;0;0
FR;5;2021-11-19;0;0;0;0;0;0;0;0;0;0;0;0;0;0;0;0;0;0
FR;5;2021-11-20;0;0;0;0;0;0;0;0;0;0;0;0;0;0;0;0;0;0
FR;5;2021-11-21;0;0;0;0;0;0;0;0;0;0;0;0;0;0;0;0;0;0
FR;5;2021-11-22;0;0;0;0;0;0;0;0;0;0;0;0;0;0;0;0;0;0
FR;5;2021-11-23;0;0;0;0;0;0;0;0;0;0;0;0;0;0;0;0;0;0
FR;5;2021-11-24;0;0;0;0;0;0;0;0;0;0;0;0;0;0;0;0;0;0
FR;5;2021-11-25;0;0;0;0;0;0;0;0;0;0;0;0;0;0;0;0;0;0
FR;5;2021-11-26;0;0;0;0;0;0;0;0;0;0;0;0;0;0;0;0;0;0
FR;5;2021-11-27;0;0;0;0;0;0;0;0;0;0;0;0;0;0;0;0;0;0
FR;5;2021-11-28;0;0;0;0;0;0;0;0;0;0;0;0;0;0;0;0;0;0
FR;5;2021-11-29;0;0;0;0;0;0;0;0;0;0;0;0;0;0;0;0;0;0
FR;5;2021-11-30;0;0;0;0;0;0;0;0;0;0;0;0;0;0;0;0;0;0
FR;5;2021-12-01;0;0;0;0;0;0;0;0;0;0;0;0;0;0;0;0;0;0
FR;5;2021-12-02;0;0;0;0;0;0;0;0;0;0;0;0;0;0;0;0;0;0
FR;5;2021-12-03;0;0;0;0;0;0;0;0;0;0;0;0;0;0;0;0;0;0
FR;5;2021-12-04;0;0;0;0;0;0;0;0;0;0;0;0;0;0;0;0;0;0
FR;5;2021-12-05;0;0;0;0;0;0;0;0;0;0;0;0;0;0;0;0;0;0
FR;5;2021-12-06;0;0;0;0;0;0;0;0;0;0;0;0;0;0;0;0;0;0
FR;5;2021-12-07;0;0;0;0;0;0;0;0;0;0;0;0;0;0;0;0;0;0
FR;5;2021-12-08;0;0;0;0;0;0;0;0;0;0;0;0;0;0;0;0;0;0
FR;5;2021-12-09;0;0;0;0;0;0;0;0;0;0;0;0;0;0;0;0;0;0
FR;5;2021-12-10;0;0;0;0;0;0;0;0;0;0;0;0;0;0;0;0;0;0
FR;5;2021-12-11;0;0;0;0;0;0;0;0;0;0;0;0;0;0;0;0;0;0
FR;5;2021-12-12;0;0;0;0;0;0;0;0;0;0;0;0;0;0;0;0;0;0
FR;5;2021-12-13;0;0;0;0;0;0;0;0;0;0;0;0;0;0;0;0;0;0
FR;5;2021-12-14;33;45;77;0;27;88;1;0;0;33;45;77;0;27;88;1;0;0
FR;5;2021-12-15;196;44;37;0;42;49;0;0;0;229;89;114;0;69;137;1;0;0
FR;5;2021-12-16;181;21;44;0;38;48;0;0;0;410;110;158;0;107;185;1;0;0
FR;5;2021-12-17;313;16;72;0;34;74;2;0;0;723;126;230;0;141;259;3;0;0
FR;5;2021-12-18;766;24;22;0;67;29;0;0;0;1489;150;252;0;208;288;3;0;0
FR;5;2021-12-19;585;15;15;0;67;17;0;0;0;2074;165;267;0;275;305;3;0;0
FR;5;2021-12-20;1225;31;34;0;134;37;2;0;0;3299;196;301;0;409;342;5;0;0
FR;5;2021-12-21;1535;22;54;1;141;60;0;0;0;4834;218;355;1;550;402;5;0;0
FR;5;2021-12-22;4069;40;37;0;420;46;2;0;0;8903;258;392;1;970;448;7;0;0
FR;5;2021-12-23;3042;16;21;0;304;25;0;0;0;11945;274;413;1;1274;473;7;0;0
FR;5;2021-12-24;761;18;9;0;103;14;0;0;0;12706;292;422;1;1377;487;7;0;0
FR;5;2021-12-25;61;5;2;0;9;3;0;0;0;12767;297;424;1;1386;490;7;0;0
FR;5;2021-12-26;623;6;3;0;101;4;0;0;0;13390;303;427;1;1487;494;7;0;0
FR;5;2021-12-27;4085;25;21;0;458;23;1;0;0;17475;328;448;1;1945;517;8;0;0
FR;5;2021-12-28;5204;23;41;1;512;43;2;0;0;22679;351;489;2;2457;560;10;0;0
FR;5;2021-12-29;8105;34;66;1;886;69;0;0;0;30784;385;555;3;3343;629;10;0;0
FR;5;2021-12-30;5173;18;33;0;525;39;0;0;0;35957;403;588;3;3868;668;10;0;0
FR;5;2021-12-31;1553;8;10;0;182;11;0;0;0;37510;411;598;3;4050;679;10;0;0
FR;5;2022-01-01;186;2;2;0;24;3;0;0;0;37696;413;600;3;4074;682;10;0;0
FR;5;2022-01-02;1489;1;1;0;151;1;0;0;0;39185;414;601;3;4225;683;10;0;0
FR;5;2022-01-03;3068;36;34;0;321;33;1;0;0;42253;450;635;3;4546;716;11;0;0
FR;5;2022-01-04;3034;39;33;0;320;42;3;0;0;45287;489;668;3;4866;758;14;0;0
FR;5;2022-01-05;19324;203;97;1;2114;108;0;0;0;64611;692;765;4;6980;866;14;0;0
FR;5;2022-01-06;3748;134;122;0;507;142;2;0;0;68359;826;887;4;7487;1008;16;0;0
FR;5;2022-01-07;5006;202;48;2;702;56;1;0;0;73365;1028;935;6;8189;1064;17;0;0
FR;5;2022-01-08;13659;514;45;0;1999;52;0;0;0;87024;1542;980;6;10188;1116;17;0;0
FR;5;2022-01-09;5754;399;15;0;1113;20;1;0;0;92778;1941;995;6;11301;1136;18;0;0
FR;5;2022-01-10;3455;326;25;0;732;29;0;0;0;96233;2267;1020;6;12033;1165;18;0;0
FR;5;2022-01-11;3671;284;38;0;662;41;1;0;0;99904;2551;1058;6;12695;1206;19;0;0
FR;5;2022-01-12;22650;3005;89;0;5296;112;2;0;0;122554;5556;1147;6;17991;1318;21;0;0
FR;5;2022-01-13;4039;623;29;0;1051;31;2;0;0;126593;6179;1176;6;19042;1349;23;0;0
FR;5;2022-01-14;4843;583;45;0;1115;52;1;0;0;131436;6762;1221;6;20157;1401;24;0;0
FR;5;2022-01-15;14686;1746;38;3;3374;49;3;0;0;146122;8508;1259;9;23531;1450;27;0;0
FR;5;2022-01-16;4728;666;3;0;1260;5;0;0;0;150850;9174;1262;9;24791;1455;27;0;0
FR;5;2022-01-17;2297;718;26;0;986;29;0;0;0;153147;9892;1288;9;25777;1484;27;0;0
FR;5;2022-01-18;2431;870;30;0;1141;40;0;0;0;155578;10762;1318;9;26918;1524;27;0;0
FR;5;2022-01-19;18482;6423;74;2;8363;142;3;0;0;174060;17185;1392;11;35281;1666;30;0;0
FR;5;2022-01-20;1920;1067;25;0;1295;34;2;0;0;175980;18252;1417;11;36576;1700;32;0;0
FR;5;2022-01-21;3077;1372;47;1;1676;59;2;0;0;179057;19624;1464;12;38252;1759;34;0;0
FR;5;2022-01-22;10720;3454;33;1;4670;43;1;0;0;189777;23078;1497;13;42922;1802;35;0;0
FR;5;2022-01-23;2629;1415;6;0;1788;10;0;0;0;192406;24493;1503;13;44710;1812;35;0;0
FR;5;2022-01-24;1161;1340;19;0;1446;23;1;0;0;193567;25833;1522;13;46156;1835;36;0;0
FR;5;2022-01-25;1220;1549;20;2;1682;31;3;0;0;194787;27382;1542;15;47838;1866;39;0;0
FR;5;2022-01-26;10750;12032;50;1;13299;89;1;0;1;205537;39414;1592;16;61137;1955;40;0;1
FR;5;2022-01-27;1291;1693;10;0;1838;17;0;0;0;206828;41107;1602;16;62975;1972;40;0;1
FR;5;2022-01-28;1699;3346;16;0;3566;19;1;0;0;208527;44453;1618;16;66541;1991;41;0;1
FR;5;2022-01-29;6241;8041;68;0;8855;96;2;0;0;214768;52494;1686;16;75396;2087;43;0;1
FR;5;2022-01-30;1509;2950;5;0;3185;18;0;0;0;216277;55444;1691;16;78581;2105;43;0;1
FR;5;2022-01-31;589;1773;23;0;1837;24;3;0;0;216866;57217;1714;16;80418;2129;46;0;1
FR;5;2022-02-01;712;1706;10;0;1791;15;0;0;0;217578;58923;1724;16;82209;2144;46;0;1
FR;5;2022-02-02;6958;15655;52;0;16603;94;0;0;0;224536;74578;1776;16;98812;2238;46;0;1
FR;5;2022-02-03;491;1691;14;0;1748;13;5;0;0;225027;76269;1790;16;100560;2251;51;0;1
FR;5;2022-02-04;945;3002;19;0;3123;31;0;0;0;225972;79271;1809;16;103683;2282;51;0;1
FR;5;2022-02-05;3535;8919;23;0;9517;37;0;0;0;229507;88190;1832;16;113200;2319;51;0;1
FR;5;2022-02-06;737;2397;10;0;2556;19;0;0;0;230244;90587;1842;16;115756;2338;51;0;1
FR;5;2022-02-07;884;1596;23;0;1715;25;2;0;0;231128;92183;1865;16;117471;2363;53;0;1
FR;5;2022-02-08;725;1287;18;0;1407;20;2;0;0;231853;93470;1883;16;118878;2383;55;0;1
FR;5;2022-02-09;4544;12880;44;0;13608;76;1;0;0;236397;106350;1927;16;132486;2459;56;0;1
FR;5;2022-02-10;646;1059;14;0;1166;15;0;0;0;237043;107409;1941;16;133652;2474;56;0;1
FR;5;2022-02-11;793;2032;16;0;2163;21;1;0;0;237836;109441;1957;16;135815;2495;57;0;1
FR;5;2022-02-12;2286;6812;33;0;7279;53;0;0;0;240122;116253;1990;16;143094;2548;57;0;1
FR;5;2022-02-13;464;1540;8;0;1653;8;1;0;0;240586;117793;1998;16;144747;2556;58;0;1
FR;5;2022-02-14;678;1288;10;0;1407;13;1;0;0;241264;119081;2008;16;146154;2569;59;0;1
FR;5;2022-02-15;482;886;9;0;968;14;1;0;0;241746;119967;2017;16;147122;2583;60;0;1
FR;5;2022-02-16;2980;9124;41;1;9676;58;2;0;0;244726;129091;2058;17;156798;2641;62;0;1
FR;5;2022-02-17;436;809;6;0;876;7;1;0;0;245162;129900;2064;17;157674;2648;63;0;1
FR;5;2022-02-18;649;1408;13;0;1535;17;0;0;0;245811;131308;2077;17;159209;2665;63;0;1
FR;5;2022-02-19;1373;4315;16;0;4623;28;0;0;0;247184;135623;2093;17;163832;2693;63;0;1
FR;5;2022-02-20;247;879;6;0;941;8;0;0;0;247431;136502;2099;17;164773;2701;63;0;1
FR;5;2022-02-21;221;607;2;0;661;4;1;0;0;247652;137109;2101;17;165434;2705;64;0;1
FR;5;2022-02-22;262;545;17;0;592;17;1;0;0;247914;137654;2118;17;166026;2722;65;0;1
FR;5;2022-02-23;1909;6926;23;1;7346;43;0;0;0;249823;144580;2141;18;173372;2765;65;0;1
FR;5;2022-02-24;182;374;6;1;421;7;1;0;0;250005;144954;2147;19;173793;2772;66;0;1
FR;5;2022-02-25;336;950;13;0;1027;12;2;0;0;250341;145904;2160;19;174820;2784;68;0;1
FR;5;2022-02-26;972;3071;11;0;3333;15;2;0;0;251313;148975;2171;19;178153;2799;70;0;1
FR;5;2022-02-27;151;506;0;0;549;3;0;0;0;251464;149481;2171;19;178702;2802;70;0;1
FR;5;2022-02-28;162;369;1;0;408;1;0;0;0;251626;149850;2172;19;179110;2803;70;0;1
FR;5;2022-03-01;130;280;6;0;315;7;1;0;0;251756;150130;2178;19;179425;2810;71;0;1
FR;5;2022-03-02;1241;4156;28;3;4497;40;3;0;0;252997;154286;2206;22;183922;2850;74;0;1
FR;5;2022-03-03;121;251;5;0;271;10;1;0;0;253118;154537;2211;22;184193;2860;75;0;1
FR;5;2022-03-04;197;488;13;0;538;14;2;0;0;253315;155025;2224;22;184731;2874;77;0;1
FR;5;2022-03-05;677;1990;8;0;2244;16;2;0;0;253992;157015;2232;22;186975;2890;79;0;1
FR;5;2022-03-06;108;260;0;0;310;0;0;0;0;254100;157275;2232;22;187285;2890;79;0;1
FR;5;2022-03-07;71;228;5;0;254;3;2;0;0;254171;157503;2237;22;187539;2893;81;0;1
FR;5;2022-03-08;46;134;7;1;141;8;3;0;0;254217;157637;2244;23;187680;2901;84;0;1
FR;5;2022-03-09;910;3078;24;0;3408;36;0;0;0;255127;160715;2268;23;191088;2937;84;0;1
FR;5;2022-03-10;82;202;9;0;215;13;3;0;0;255209;160917;2277;23;191303;2950;87;0;1
FR;5;2022-03-11;148;369;13;1;427;15;0;0;0;255357;161286;2290;24;191730;2965;87;0;1
FR;5;2022-03-12;758;1613;13;1;1976;30;0;0;0;256115;162899;2303;25;193706;2995;87;0;1
FR;5;2022-03-13;78;100;0;0;133;0;0;0;0;256193;162999;2303;25;193839;2995;87;0;1
FR;5;2022-03-14;67;119;7;1;139;7;1;0;0;256260;163118;2310;26;193978;3002;88;0;1
FR;5;2022-03-15;83;99;4;0;119;7;1;0;0;256343;163217;2314;26;194097;3009;89;0;1
FR;5;2022-03-16;882;1827;15;3;2227;36;7;0;0;257225;165044;2329;29;196324;3045;96;0;1
FR;5;2022-03-17;68;123;8;4;151;10;4;0;0;257293;165167;2337;33;196475;3055;100;0;1
FR;5;2022-03-18;172;318;13;4;390;18;4;0;0;257465;165485;2350;37;196865;3073;104;0;1
FR;5;2022-03-19;752;1163;12;5;1555;33;8;0;0;258217;166648;2362;42;198420;3106;112;0;1
FR;5;2022-03-20;45;93;1;0;119;1;0;0;0;258262;166741;2363;42;198539;3107;112;0;1
FR;5;2022-03-21;71;120;10;6;136;15;8;0;0;258333;166861;2373;48;198675;3122;120;0;1
FR;5;2022-03-22;56;119;8;7;143;9;6;0;0;258389;166980;2381;55;198818;3131;126;0;1
FR;5;2022-03-23;805;1461;14;8;1878;36;9;0;0;259194;168441;2395;63;200696;3167;135;0;1
FR;5;2022-03-24;71;93;8;7;118;7;10;0;0;259265;168534;2403;70;200814;3174;145;0;1
FR;5;2022-03-25;222;293;14;8;388;18;9;0;0;259487;168827;2417;78;201202;3192;154;0;1
FR;5;2022-03-26;707;853;12;5;1273;26;6;0;1;260194;169680;2429;83;202475;3218;160;0;2
FR;5;2022-03-27;75;81;0;0;124;3;0;0;0;260269;169761;2429;83;202599;3221;160;0;2
FR;5;2022-03-28;81;93;1;2;132;3;2;0;0;260350;169854;2430;85;202731;3224;162;0;2
FR;5;2022-03-29;71;82;10;4;113;12;5;0;0;260421;169936;2440;89;202844;3236;167;0;2
FR;5;2022-03-30;823;1116;16;13;1604;29;14;0;0;261244;171052;2456;102;204448;3265;181;0;2
FR;5;2022-03-31;102;125;1;4;173;6;4;0;0;261346;171177;2457;106;204621;3271;185;0;2
FR;5;2022-04-01;114;86;7;12;135;11;12;0;1;261460;171263;2464;118;204756;3282;197;0;3
FR;5;2022-04-02;330;349;3;3;535;15;4;0;0;261790;171612;2467;121;205291;3297;201;0;3
FR;5;2022-04-03;54;59;1;0;88;1;0;0;0;261844;171671;2468;121;205379;3298;201;0;3
FR;5;2022-04-04;40;57;4;1;70;8;2;0;0;261884;171728;2472;122;205449;3306;203;0;3
FR;5;2022-04-05;53;60;6;6;75;9;5;0;0;261937;171788;2478;128;205524;3315;208;0;3
FR;5;2022-04-06;421;439;7;14;678;16;14;0;0;262358;172227;2485;142;206202;3331;222;0;3
FR;5;2022-04-07;45;69;5;7;89;7;10;0;0;262403;172296;2490;149;206291;3338;232;0;3
FR;5;2022-04-08;134;112;12;13;174;14;15;0;0;262537;172408;2502;162;206465;3352;247;0;3
FR;5;2022-04-09;311;324;2;5;511;17;5;0;0;262848;172732;2504;167;206976;3369;252;0;3
FR;5;2022-04-10;44;31;2;0;61;2;1;0;0;262892;172763;2506;167;207037;3371;253;0;3
FR;5;2022-04-11;50;60;3;2;78;4;3;0;0;262942;172823;2509;169;207115;3375;256;0;3
FR;5;2022-04-12;59;54;3;3;78;5;3;0;0;263001;172877;2512;172;207193;3380;259;0;3
FR;5;2022-04-13;382;413;3;8;606;16;8;0;0;263383;173290;2515;180;207799;3396;267;0;3
FR;5;2022-04-14;48;53;5;5;70;9;3;0;0;263431;173343;2520;185;207869;3405;270;0;3
FR;5;2022-04-15;91;109;4;4;150;5;6;0;0;263522;173452;2524;189;208019;3410;276;0;3
FR;5;2022-04-16;188;184;2;1;265;13;1;0;0;263710;173636;2526;190;208284;3423;277;0;3
FR;5;2022-04-17;12;11;1;0;17;1;0;0;0;263722;173647;2527;190;208301;3424;277;0;3
FR;5;2022-04-18;9;10;2;0;11;3;1;0;0;263731;173657;2529;190;208312;3427;278;0;3
FR;5;2022-04-19;75;71;6;1;96;6;4;0;0;263806;173728;2535;191;208408;3433;282;0;3
FR;5;2022-04-20;361;349;9;6;522;12;7;0;0;264167;174077;2544;197;208930;3445;289;0;3
FR;5;2022-04-21;42;64;9;10;71;12;14;0;0;264209;174141;2553;207;209001;3457;303;0;3
FR;5;2022-04-22;113;96;5;4;144;5;5;0;0;264322;174237;2558;211;209145;3462;308;0;3
FR;5;2022-04-23;209;193;4;2;284;11;3;0;0;264531;174430;2562;213;209429;3473;311;0;3
FR;5;2022-04-24;37;35;0;0;50;3;0;0;0;264568;174465;2562;213;209479;3476;311;0;3
FR;5;2022-04-25;69;65;1;1;102;4;1;0;0;264637;174530;2563;214;209581;3480;312;0;3
FR;5;2022-04-26;60;63;2;1;85;5;1;0;0;264697;174593;2565;215;209666;3485;313;0;3
FR;5;2022-04-27;335;316;3;7;463;14;8;0;0;265032;174909;2568;222;210129;3499;321;0;3
FR;5;2022-04-28;81;54;4;5;81;8;7;0;0;265113;174963;2572;227;210210;3507;328;0;3
FR;5;2022-04-29;117;84;5;19;117;12;17;0;0;265230;175047;2577;246;210327;3519;345;0;3
FR;5;2022-04-30;183;114;2;3;184;10;4;0;0;265413;175161;2579;249;210511;3529;349;0;3
FR;5;2022-05-01;11;7;0;0;11;0;0;0;0;265424;175168;2579;249;210522;3529;349;0;3
FR;5;2022-05-02;52;28;4;5;48;2;7;0;0;265476;175196;2583;254;210570;3531;356;0;3
FR;5;2022-05-03;87;57;2;4;84;11;4;0;0;265563;175253;2585;258;210654;3542;360;0;3
FR;5;2022-05-04;278;205;1;2;324;7;2;0;0;265841;175458;2586;260;210978;3549;362;0;3
FR;5;2022-05-05;62;32;3;4;46;5;4;0;0;265903;175490;2589;264;211024;3554;366;0;3
FR;5;2022-05-06;105;65;2;3;106;5;3;0;0;266008;175555;2591;267;211130;3559;369;0;3
FR;5;2022-05-07;171;117;2;10;180;13;7;0;0;266179;175672;2593;277;211310;3572;376;0;3
FR;5;2022-05-08;8;8;0;0;9;2;0;0;0;266187;175680;2593;277;211319;3574;376;0;3
FR;5;2022-05-09;44;34;15;3;51;16;4;0;0;266231;175714;2608;280;211370;3590;380;0;3
FR;5;2022-05-10;54;49;3;4;67;5;5;0;0;266285;175763;2611;284;211437;3595;385;0;3
FR;5;2022-05-11;327;237;12;7;344;21;11;0;0;266612;176000;2623;291;211781;3616;396;0;3
FR;5;2022-05-12;46;34;2;2;46;2;3;0;0;266658;176034;2625;293;211827;3618;399;0;3
FR;5;2022-05-13;109;83;3;8;119;8;7;0;0;266767;176117;2628;301;211946;3626;406;0;3
FR;5;2022-05-14;209;131;0;1;212;8;0;0;0;266976;176248;2628;302;212158;3634;406;0;3
FR;5;2022-05-15;22;9;2;0;18;1;1;0;0;266998;176257;2630;302;212176;3635;407;0;3
FR;5;2022-05-16;52;34;4;5;53;4;5;0;0;267050;176291;2634;307;212229;3639;412;0;3
FR;5;2022-05-17;72;40;5;0;68;2;3;0;0;267122;176331;2639;307;212297;3641;415;0;3
FR;5;2022-05-18;289;215;4;4;330;8;6;0;0;267411;176546;2643;311;212627;3649;421;0;3
FR;5;2022-05-19;45;35;5;3;42;3;4;0;0;267456;176581;2648;314;212669;3652;425;0;3
FR;5;2022-05-20;76;63;3;10;92;1;11;0;0;267532;176644;2651;324;212761;3653;436;0;3
FR;5;2022-05-21;242;166;2;3;268;17;1;0;0;267774;176810;2653;327;213029;3670;437;0;3
FR;5;2022-05-22;20;14;2;5;20;2;6;0;0;267794;176824;2655;332;213049;3672;443;0;3
FR;5;2022-05-23;42;31;4;3;42;6;3;0;0;267836;176855;2659;335;213091;3678;446;0;3
FR;5;2022-05-24;47;45;3;2;60;5;2;0;0;267883;176900;2662;337;213151;3683;448;0;3
FR;5;2022-05-25;329;257;4;1;385;16;1;0;0;268212;177157;2666;338;213536;3699;449;0;3
FR;5;2022-05-26;17;5;0;1;9;2;0;0;1;268229;177162;2666;339;213545;3701;449;0;4
FR;5;2022-05-27;99;54;4;4;89;9;3;0;0;268328;177216;2670;343;213634;3710;452;0;4
FR;5;2022-05-28;100;78;5;3;106;10;3;0;0;268428;177294;2675;346;213740;3720;455;0;4
FR;5;2022-05-29;14;14;1;0;18;2;0;0;0;268442;177308;2676;346;213758;3722;455;0;4
FR;5;2022-05-30;56;41;2;1;54;2;2;0;0;268498;177349;2678;347;213812;3724;457;0;4
FR;5;2022-05-31;57;43;1;8;62;1;8;0;0;268555;177392;2679;355;213874;3725;465;0;4
FR;5;2022-06-01;257;241;9;2;301;25;5;0;0;268812;177633;2688;357;214175;3750;470;0;4
FR;5;2022-06-02;63;61;5;0;73;9;1;0;0;268875;177694;2693;357;214248;3759;471;0;4
FR;5;2022-06-03;82;71;4;5;88;10;6;0;0;268957;177765;2697;362;214336;3769;477;0;4
FR;5;2022-06-04;157;109;2;1;187;9;1;0;0;269114;177874;2699;363;214523;3778;478;0;4
FR;5;2022-06-05;18;11;0;0;21;1;0;0;0;269132;177885;2699;363;214544;3779;478;0;4
FR;5;2022-06-06;16;12;0;1;15;0;1;0;0;269148;177897;2699;364;214559;3779;479;0;4
FR;5;2022-06-07;50;56;1;1;76;2;1;0;0;269198;177953;2700;365;214635;3781;480;0;4
FR;5;2022-06-08;283;225;3;4;332;17;2;0;0;269481;178178;2703;369;214967;3798;482;0;4
FR;5;2022-06-09;52;41;6;3;57;7;2;0;1;269533;178219;2709;372;215024;3805;484;0;5
FR;5;2022-06-10;81;72;1;1;105;6;1;0;0;269614;178291;2710;373;215129;3811;485;0;5
FR;5;2022-06-11;173;141;3;3;202;10;4;0;0;269787;178432;2713;376;215331;3821;489;0;5
FR;5;2022-06-12;17;16;0;0;19;2;0;0;0;269804;178448;2713;376;215350;3823;489;0;5
FR;5;2022-06-13;56;47;9;3;70;10;6;0;0;269860;178495;2722;379;215420;3833;495;0;5
FR;5;2022-06-14;59;56;1;4;64;6;4;0;0;269919;178551;2723;383;215484;3839;499;0;5
FR;5;2022-06-15;266;260;5;2;363;27;1;0;0;270185;178811;2728;385;215847;3866;500;0;5
FR;5;2022-06-16;47;30;5;2;44;5;2;0;0;270232;178841;2733;387;215891;3871;502;0;5
FR;5;2022-06-17;100;67;5;5;102;10;5;0;0;270332;178908;2738;392;215993;3881;507;0;5
FR;5;2022-06-18;146;95;10;2;152;26;2;0;1;270478;179003;2748;394;216145;3907;509;0;6
FR;5;2022-06-19;26;15;0;1;18;4;1;0;0;270504;179018;2748;395;216163;3911;510;0;6
FR;5;2022-06-20;56;50;8;0;62;11;2;0;0;270560;179068;2756;395;216225;3922;512;0;6
FR;5;2022-06-21;52;73;5;3;90;7;5;0;1;270612;179141;2761;398;216315;3929;517;0;7
FR;5;2022-06-22;224;247;7;9;347;33;10;0;0;270836;179388;2768;407;216662;3962;527;0;7
FR;5;2022-06-23;50;38;2;5;43;6;6;0;0;270886;179426;2770;412;216705;3968;533;0;7
FR;5;2022-06-24;91;70;12;5;101;16;8;0;0;270977;179496;2782;417;216806;3984;541;0;7
FR;5;2022-06-25;154;124;3;7;185;14;8;0;1;271131;179620;2785;424;216991;3998;549;0;8
FR;5;2022-06-26;26;19;2;0;29;5;0;0;0;271157;179639;2787;424;217020;4003;549;0;8
FR;5;2022-06-27;57;60;5;7;78;11;9;0;0;271214;179699;2792;431;217098;4014;558;0;8
FR;5;2022-06-28;70;49;8;2;69;14;5;0;0;271284;179748;2800;433;217167;4028;563;0;8
FR;5;2022-06-29;297;268;9;21;391;34;23;0;0;271581;180016;2809;454;217558;4062;586;0;8
FR;5;2022-06-30;89;57;10;12;89;17;11;0;0;271670;180073;2819;466;217647;4079;597;0;8
FR;5;2022-07-01;127;65;7;11;118;12;11;0;2;271797;180138;2826;477;217765;4091;608;0;10
FR;5;2022-07-02;191;132;4;0;209;22;0;0;0;271988;180270;2830;477;217974;4113;608;0;10
FR;5;2022-07-03;30;25;1;0;36;4;0;0;0;272018;180295;2831;477;218010;4117;608;0;10
FR;5;2022-07-04;103;65;2;5;102;7;5;0;1;272121;180360;2833;482;218112;4124;613;0;11
FR;5;2022-07-05;104;72;3;8;107;13;8;0;1;272225;180432;2836;490;218219;4137;621;0;12
FR;5;2022-07-06;277;168;9;36;289;27;36;0;0;272502;180600;2845;526;218508;4164;657;0;12
FR;5;2022-07-07;88;68;6;9;88;13;11;0;0;272590;180668;2851;535;218596;4177;668;0;12
FR;5;2022-07-08;152;120;7;14;146;25;13;0;1;272742;180788;2858;549;218742;4202;681;0;13
FR;5;2022-07-09;116;68;1;8;100;10;8;0;0;272858;180856;2859;557;218842;4212;689;0;13
FR;5;2022-07-10;15;6;0;0;10;1;0;0;0;272873;180862;2859;557;218852;4213;689;0;13
FR;5;2022-07-11;92;72;10;2;98;19;3;0;0;272965;180934;2869;559;218950;4232;692;0;13
FR;5;2022-07-12;67;63;5;10;81;7;12;0;0;273032;180997;2874;569;219031;4239;704;0;13
FR;5;2022-07-13;169;118;10;19;196;16;23;0;0;273201;181115;2884;588;219227;4255;727;0;13
FR;5;2022-07-14;8;4;0;0;7;0;0;0;0;273209;181119;2884;588;219234;4255;727;0;13
FR;5;2022-07-15;74;66;5;14;86;15;15;0;0;273283;181185;2889;602;219320;4270;742;0;13
FR;5;2022-07-16;54;44;3;0;71;3;2;0;0;273337;181229;2892;602;219391;4273;744;0;13
FR;5;2022-07-17;10;7;3;0;10;2;2;0;0;273347;181236;2895;602;219401;4275;746;0;13
FR;5;2022-07-18;60;47;0;4;70;4;3;0;0;273407;181283;2895;606;219471;4279;749;0;13
FR;5;2022-07-19;63;42;5;3;63;7;4;0;0;273470;181325;2900;609;219534;4286;753;0;13
FR;5;2022-07-20;119;106;4;11;141;14;9;0;0;273589;181431;2904;620;219675;4300;762;0;13
FR;5;2022-07-21;38;43;2;10;52;5;10;0;0;273627;181474;2906;630;219727;4305;772;0;13
FR;5;2022-07-22;48;69;11;13;75;23;11;0;1;273675;181543;2917;643;219802;4328;783;0;14
FR;5;2022-07-23;59;78;2;1;95;11;2;0;0;273734;181621;2919;644;219897;4339;785;0;14
FR;5;2022-07-24;11;9;3;1;12;3;1;0;0;273745;181630;2922;645;219909;4342;786;0;14
FR;5;2022-07-25;53;48;2;7;57;8;8;0;0;273798;181678;2924;652;219966;4350;794;0;14
FR;5;2022-07-26;58;52;5;41;70;6;44;0;0;273856;181730;2929;693;220036;4356;838;0;14
FR;5;2022-07-27;106;118;4;4;161;13;4;0;0;273962;181848;2933;697;220197;4369;842;0;14
FR;5;2022-07-28;39;35;2;2;47;6;1;0;0;274001;181883;2935;699;220244;4375;843;0;14
FR;5;2022-07-29;56;74;3;14;90;8;10;0;0;274057;181957;2938;713;220334;4383;853;0;14
FR;5;2022-07-30;55;53;5;1;75;7;2;0;0;274112;182010;2943;714;220409;4390;855;0;14
FR;5;2022-07-31;7;11;1;0;13;1;0;0;0;274119;182021;2944;714;220422;4391;855;0;14
FR;5;2022-08-01;39;53;1;2;64;6;2;0;0;274158;182074;2945;716;220486;4397;857;0;14
FR;5;2022-08-02;32;43;8;7;47;8;7;0;1;274190;182117;2953;723;220533;4405;864;0;15
FR;5;2022-08-03;54;51;4;10;70;9;8;0;0;274244;182168;2957;733;220603;4414;872;0;15
FR;5;2022-08-04;20;18;1;6;22;1;6;0;0;274264;182186;2958;739;220625;4415;878;0;15
FR;5;2022-08-05;35;26;3;3;39;3;3;0;0;274299;182212;2961;742;220664;4418;881;0;15
FR;5;2022-08-06;23;26;1;0;31;1;0;0;0;274322;182238;2962;742;220695;4419;881;0;15
FR;5;2022-08-07;2;2;1;0;1;1;1;0;0;274324;182240;2963;742;220696;4420;882;0;15
FR;5;2022-08-08;26;19;1;2;24;2;1;0;0;274350;182259;2964;744;220720;4422;883;0;15
FR;5;2022-08-09;26;28;3;3;35;3;3;0;0;274376;182287;2967;747;220755;4425;886;0;15
FR;5;2022-08-10;47;47;2;0;56;5;0;0;0;274423;182334;2969;747;220811;4430;886;0;15
FR;5;2022-08-11;19;36;2;2;42;5;2;0;0;274442;182370;2971;749;220853;4435;888;0;15
FR;5;2022-08-12;27;28;2;0;39;2;0;0;0;274469;182398;2973;749;220892;4437;888;0;15
FR;5;2022-08-13;16;18;0;0;24;0;0;0;0;274485;182416;2973;749;220916;4437;888;0;15
FR;5;2022-08-14;2;3;0;0;4;0;0;0;0;274487;182419;2973;749;220920;4437;888;0;15
FR;5;2022-08-15;2;5;0;0;5;0;0;0;0;274489;182424;2973;749;220925;4437;888;0;15
FR;5;2022-08-16;33;26;3;0;28;6;0;0;0;274522;182450;2976;749;220953;4443;888;0;15
FR;5;2022-08-17;52;55;2;1;72;1;1;0;0;274574;182505;2978;750;221025;4444;889;0;15
FR;5;2022-08-18;26;18;8;17;25;10;16;0;0;274600;182523;2986;767;221050;4454;905;0;15
FR;5;2022-08-19;25;33;1;2;41;2;2;0;0;274625;182556;2987;769;221091;4456;907;0;15
FR;5;2022-08-20;25;27;2;1;33;4;2;0;0;274650;182583;2989;770;221124;4460;909;0;15
FR;5;2022-08-21;7;4;1;0;7;1;0;0;0;274657;182587;2990;770;221131;4461;909;0;15
FR;5;2022-08-22;39;26;1;6;42;2;5;0;1;274696;182613;2991;776;221173;4463;914;0;16
FR;5;2022-08-23;27;26;1;1;32;2;1;0;0;274723;182639;2992;777;221205;4465;915;0;16
FR;5;2022-08-24;50;43;0;0;62;0;0;0;0;274773;182682;2992;777;221267;4465;915;0;16
FR;5;2022-08-25;27;26;3;1;31;2;0;0;1;274800;182708;2995;778;221298;4467;915;0;17
FR;5;2022-08-26;48;39;7;2;58;5;4;0;0;274848;182747;3002;780;221356;4472;919;0;17
FR;5;2022-08-27;46;28;1;0;46;3;1;0;0;274894;182775;3003;780;221402;4475;920;0;17
FR;5;2022-08-28;5;6;0;0;6;0;0;0;0;274899;182781;3003;780;221408;4475;920;0;17
FR;5;2022-08-29;58;44;1;1;66;4;1;0;0;274957;182825;3004;781;221474;4479;921;0;17
FR;5;2022-08-30;45;23;12;29;40;10;30;0;1;275002;182848;3016;810;221514;4489;951;0;18
FR;5;2022-08-31;53;47;6;1;58;11;1;0;0;275055;182895;3022;811;221572;4500;952;0;18
FR;5;2022-09-01;16;8;1;4;13;1;4;0;0;275071;182903;3023;815;221585;4501;956;0;18
FR;5;2022-09-02;42;23;8;2;35;9;3;0;0;275113;182926;3031;817;221620;4510;959;0;18
FR;5;2022-09-03;69;37;2;0;58;2;0;0;0;275182;182963;3033;817;221678;4512;959;0;18
FR;5;2022-09-04;12;7;1;0;8;3;0;0;0;275194;182970;3034;817;221686;4515;959;0;18
FR;5;2022-09-05;7;4;1;0;4;1;0;0;0;275201;182974;3035;817;221690;4516;959;0;18
FR;5;2022-09-06;21;14;3;15;17;2;14;0;2;275222;182988;3038;832;221707;4518;973;0;20
FR;5;2022-09-07;79;53;1;1;76;3;1;0;0;275301;183041;3039;833;221783;4521;974;0;20
FR;5;2022-09-08;9;4;0;4;7;0;4;0;0;275310;183045;3039;837;221790;4521;978;0;20
FR;5;2022-09-09;40;11;9;2;14;10;3;0;0;275350;183056;3048;839;221804;4531;981;0;20
FR;5;2022-09-10;40;45;1;1;50;8;1;0;0;275390;183101;3049;840;221854;4539;982;0;20
FR;5;2022-09-11;3;3;0;0;3;1;0;0;0;275393;183104;3049;840;221857;4540;982;0;20
FR;5;2022-09-12;7;5;2;2;7;2;2;0;0;275400;183109;3051;842;221864;4542;984;0;20
FR;5;2022-09-13;9;6;0;1;4;3;1;0;0;275409;183115;3051;843;221868;4545;985;0;20
FR;5;2022-09-14;52;47;4;6;55;9;5;0;0;275461;183162;3055;849;221923;4554;990;0;20
FR;5;2022-09-15;11;13;2;3;11;5;3;0;0;275472;183175;3057;852;221934;4559;993;0;20
FR;5;2022-09-16;25;33;1;4;38;3;3;0;0;275497;183208;3058;856;221972;4562;996;0;20
FR;5;2022-09-17;60;43;1;1;51;5;1;0;0;275557;183251;3059;857;222023;4567;997;0;20
FR;5;2022-09-18;9;6;0;1;10;1;0;0;0;275566;183257;3059;858;222033;4568;997;0;20
FR;5;2022-09-19;22;17;2;1;20;5;2;0;0;275588;183274;3061;859;222053;4573;999;0;20
FR;5;2022-09-20;15;11;3;3;15;1;4;0;0;275603;183285;3064;862;222068;4574;1003;0;20
FR;5;2022-09-21;68;45;9;0;65;13;0;0;0;275671;183330;3073;862;222133;4587;1003;0;20
FR;5;2022-09-22;12;6;4;24;6;4;23;0;1;275683;183336;3077;886;222139;4591;1026;0;21
FR;5;2022-09-23;20;25;2;3;23;8;3;0;0;275703;183361;3079;889;222162;4599;1029;0;21
FR;5;2022-09-24;44;51;1;8;65;5;8;0;0;275747;183412;3080;897;222227;4604;1037;0;21
FR;5;2022-09-25;6;12;0;0;13;1;0;0;0;275753;183424;3080;897;222240;4605;1037;0;21
FR;5;2022-09-26;15;7;0;2;12;0;1;0;1;275768;183431;3080;899;222252;4605;1038;0;22
FR;5;2022-09-27;7;12;4;9;14;4;9;0;1;275775;183443;3084;908;222266;4609;1047;0;23
FR;5;2022-09-28;65;64;5;0;88;7;0;0;0;275840;183507;3089;908;222354;4616;1047;0;23
FR;5;2022-09-29;17;9;1;0;15;1;1;0;1;275857;183516;3090;908;222369;4617;1048;0;24
FR;5;2022-09-30;28;46;2;2;53;4;3;0;0;275885;183562;3092;910;222422;4621;1051;0;24
FR;5;2022-10-01;40;35;5;5;48;8;7;0;0;275925;183597;3097;915;222470;4629;1058;0;24
FR;5;2022-10-02;1;9;1;0;10;1;0;0;0;275926;183606;3098;915;222480;4630;1058;0;24
FR;5;2022-10-03;7;6;3;0;5;4;0;0;0;275933;183612;3101;915;222485;4634;1058;0;24
FR;5;2022-10-04;11;8;1;3;11;2;3;0;0;275944;183620;3102;918;222496;4636;1061;0;24
FR;5;2022-10-05;57;62;2;2;79;13;2;0;0;276001;183682;3104;920;222575;4649;1063;0;24
FR;5;2022-10-06;12;10;1;4;15;2;4;0;0;276013;183692;3105;924;222590;4651;1067;0;24
FR;5;2022-10-07;21;31;1;0;34;5;0;0;0;276034;183723;3106;924;222624;4656;1067;0;24
FR;5;2022-10-08;33;51;1;0;54;7;0;0;0;276067;183774;3107;924;222678;4663;1067;0;24
FR;5;2022-10-09;7;10;0;0;11;1;0;0;0;276074;183784;3107;924;222689;4664;1067;0;24
FR;5;2022-10-10;14;6;0;1;8;1;1;0;0;276088;183790;3107;925;222697;4665;1068;0;24
FR;5;2022-10-11;6;13;2;1;14;2;2;0;0;276094;183803;3109;926;222711;4667;1070;0;24
FR;5;2022-10-12;39;57;3;2;69;8;2;0;0;276133;183860;3112;928;222780;4675;1072;0;24
FR;5;2022-10-13;11;16;2;0;18;4;0;0;0;276144;183876;3114;928;222798;4679;1072;0;24
FR;5;2022-10-14;21;21;1;0;20;5;0;0;0;276165;183897;3115;928;222818;4684;1072;0;24
FR;5;2022-10-15;19;26;10;0;24;11;2;0;0;276184;183923;3125;928;222842;4695;1074;0;24
FR;5;2022-10-16;3;1;0;0;1;1;0;0;0;276187;183924;3125;928;222843;4696;1074;0;24
FR;5;2022-10-17;8;8;2;1;8;3;1;0;2;276195;183932;3127;929;222851;4699;1075;0;26
FR;5;2022-10-18;6;7;0;2;8;0;2;0;0;276201;183939;3127;931;222859;4699;1077;0;26
FR;5;2022-10-19;38;43;8;0;52;11;0;0;1;276239;183982;3135;931;222911;4710;1077;0;27
FR;5;2022-10-20;18;15;2;1;16;3;1;0;0;276257;183997;3137;932;222927;4713;1078;0;27
FR;5;2022-10-21;22;15;6;0;19;8;1;0;2;276279;184012;3143;932;222946;4721;1079;0;29
FR;5;2022-10-22;34;29;2;12;32;5;12;0;0;276313;184041;3145;944;222978;4726;1091;0;29
FR;5;2022-10-23;9;3;0;0;4;0;0;0;0;276322;184044;3145;944;222982;4726;1091;0;29
FR;5;2022-10-24;14;7;6;7;9;9;8;0;0;276336;184051;3151;951;222991;4735;1099;0;29
FR;5;2022-10-25;12;9;6;3;9;8;3;0;2;276348;184060;3157;954;223000;4743;1102;0;31
FR;5;2022-10-26;34;22;6;0;29;10;0;0;0;276382;184082;3163;954;223029;4753;1102;0;31
FR;5;2022-10-27;16;4;4;0;11;4;0;0;0;276398;184086;3167;954;223040;4757;1102;0;31
FR;5;2022-10-28;19;13;5;3;14;6;4;0;0;276417;184099;3172;957;223054;4763;1106;0;31
FR;5;2022-10-29;21;13;0;0;17;3;0;0;0;276438;184112;3172;957;223071;4766;1106;0;31
FR;5;2022-10-30;1;4;2;0;4;3;0;0;0;276439;184116;3174;957;223075;4769;1106;0;31
FR;5;2022-10-31;14;11;2;1;12;3;1;0;0;276453;184127;3176;958;223087;4772;1107;0;31
FR;5;2022-11-01;3;3;0;1;3;0;1;0;0;276456;184130;3176;959;223090;4772;1108;0;31
FR;5;2022-11-02;23;17;5;4;23;5;5;0;0;276479;184147;3181;963;223113;4777;1113;0;31
FR;5;2022-11-03;22;4;1;1;11;1;1;0;0;276501;184151;3182;964;223124;4778;1114;0;31
FR;5;2022-11-04;19;18;1;0;18;2;0;0;0;276520;184169;3183;964;223142;4780;1114;0;31
FR;5;2022-11-05;25;16;1;0;21;1;0;0;0;276545;184185;3184;964;223163;4781;1114;0;31
FR;5;2022-11-06;1;7;0;0;7;0;0;0;0;276546;184192;3184;964;223170;4781;1114;0;31
FR;5;2022-11-07;5;3;3;0;3;3;0;0;0;276551;184195;3187;964;223173;4784;1114;0;31
FR;5;2022-11-08;11;7;1;2;8;1;1;0;0;276562;184202;3188;966;223181;4785;1115;0;31
FR;5;2022-11-09;28;29;6;1;32;6;1;0;0;276590;184231;3194;967;223213;4791;1116;0;31
FR;5;2022-11-10;11;16;1;0;17;1;0;0;0;276601;184247;3195;967;223230;4792;1116;0;31
FR;5;2022-11-11;2;4;0;1;6;0;1;0;0;276603;184251;3195;968;223236;4792;1117;0;31
FR;5;2022-11-12;19;10;5;9;18;6;9;0;2;276622;184261;3200;977;223254;4798;1126;0;33
FR;5;2022-11-13;2;2;0;1;2;0;1;0;0;276624;184263;3200;978;223256;4798;1127;0;33
FR;5;2022-11-14;8;10;0;1;9;3;0;0;0;276632;184273;3200;979;223265;4801;1127;0;33
FR;5;2022-11-15;8;6;4;3;6;4;3;0;0;276640;184279;3204;982;223271;4805;1130;0;33
FR;5;2022-11-16;29;28;2;1;32;5;0;0;0;276669;184307;3206;983;223303;4810;1130;0;33
FR;5;2022-11-17;6;15;4;0;15;5;0;0;0;276675;184322;3210;983;223318;4815;1130;0;33
FR;5;2022-11-18;16;17;7;0;19;9;0;0;0;276691;184339;3217;983;223337;4824;1130;0;33
FR;5;2022-11-19;18;27;2;0;28;6;0;0;0;276709;184366;3219;983;223365;4830;1130;0;33
FR;5;2022-11-20;6;3;0;0;5;0;0;0;0;276715;184369;3219;983;223370;4830;1130;0;33
FR;5;2022-11-21;8;5;0;2;4;2;1;0;0;276723;184374;3219;985;223374;4832;1131;0;33
FR;5;2022-11-22;9;3;0;1;4;0;1;0;0;276732;184377;3219;986;223378;4832;1132;0;33
FR;5;2022-11-23;34;25;6;1;27;13;0;0;0;276766;184402;3225;987;223405;4845;1132;0;33
FR;5;2022-11-24;3;7;2;1;8;1;2;0;0;276769;184409;3227;988;223413;4846;1134;0;33
FR;5;2022-11-25;15;20;2;0;25;3;0;0;1;276784;184429;3229;988;223438;4849;1134;0;34
FR;5;2022-11-26;22;19;4;0;20;8;0;0;0;276806;184448;3233;988;223458;4857;1134;0;34
FR;5;2022-11-27;7;0;1;0;3;1;0;0;0;276813;184448;3234;988;223461;4858;1134;0;34
FR;5;2022-11-28;7;12;3;0;12;5;0;0;0;276820;184460;3237;988;223473;4863;1134;0;34
FR;5;2022-11-29;10;9;1;0;11;3;0;0;1;276830;184469;3238;988;223484;4866;1134;0;35
FR;5;2022-11-30;34;48;12;0;56;17;1;0;0;276864;184517;3250;988;223540;4883;1135;0;35
FR;5;2022-12-01;4;8;2;0;8;3;0;0;0;276868;184525;3252;988;223548;4886;1135;0;35
FR;5;2022-12-02;1;5;2;1;4;3;1;0;0;276869;184530;3254;989;223552;4889;1136;0;35
FR;5;2022-12-03;3;3;8;1;5;8;1;0;0;276872;184533;3262;990;223557;4897;1137;0;35
FR;5;2022-12-04;3;2;1;0;2;2;0;0;0;276875;184535;3263;990;223559;4899;1137;0;35
FR;5;2022-12-05;0;1;0;0;0;1;0;0;0;276875;184536;3263;990;223559;4900;1137;0;35
FR;5;2022-12-06;4;1;0;0;1;0;0;0;1;276879;184537;3263;990;223560;4900;1137;0;36
FR;5;2022-12-07;5;8;1;0;8;1;0;0;0;276884;184545;3264;990;223568;4901;1137;0;36
FR;5;2022-12-08;2;2;0;0;2;0;0;0;0;276886;184547;3264;990;223570;4901;1137;0;36
FR;5;2022-12-09;3;8;0;0;6;2;0;0;0;276889;184555;3264;990;223576;4903;1137;0;36
FR;5;2022-12-10;4;7;2;1;8;2;1;0;0;276893;184562;3266;991;223584;4905;1138;0;36
FR;5;2022-12-11;2;0;0;0;0;0;0;0;0;276895;184562;3266;991;223584;4905;1138;0;36
FR;5;2022-12-12;0;0;0;0;0;0;0;0;0;276895;184562;3266;991;223584;4905;1138;0;36
FR;5;2022-12-13;2;3;0;0;4;1;0;0;0;276897;184565;3266;991;223588;4906;1138;0;36
FR;5;2022-12-14;1;2;0;9;2;1;8;0;3;276898;184567;3266;1000;223590;4907;1146;0;39
FR;5;2022-12-15;0;2;0;0;2;0;0;0;0;276898;184569;3266;1000;223592;4907;1146;0;39
FR;5;2022-12-16;3;2;2;0;3;3;0;0;0;276901;184571;3268;1000;223595;4910;1146;0;39
FR;5;2022-12-17;3;3;3;0;3;2;1;0;0;276904;184574;3271;1000;223598;4912;1147;0;39
FR;5;2022-12-18;3;0;0;1;0;0;1;0;1;276907;184574;3271;1001;223598;4912;1148;0;40
FR;5;2022-12-19;1;0;0;2;0;0;2;0;0;276908;184574;3271;1003;223598;4912;1150;0;40
FR;5;2022-12-20;0;1;3;0;1;3;0;0;0;276908;184575;3274;1003;223599;4915;1150;0;40
FR;5;2022-12-21;2;4;0;0;4;0;0;0;0;276910;184579;3274;1003;223603;4915;1150;0;40
FR;5;2022-12-22;2;1;0;0;1;0;0;0;0;276912;184580;3274;1003;223604;4915;1150;0;40
FR;5;2022-12-23;3;1;0;0;1;0;0;0;0;276915;184581;3274;1003;223605;4915;1150;0;40
FR;5;2022-12-24;0;1;0;0;1;0;0;0;0;276915;184582;3274;1003;223606;4915;1150;0;40
FR;5;2022-12-25;0;1;0;0;0;1;0;0;0;276915;184583;3274;1003;223606;4916;1150;0;40
FR;5;2022-12-26;2;0;0;0;0;0;0;0;0;276917;184583;3274;1003;223606;4916;1150;0;40
FR;5;2022-12-27;0;3;0;0;3;0;0;0;0;276917;184586;3274;1003;223609;4916;1150;0;40
FR;5;2022-12-28;5;2;3;0;2;3;2;0;0;276922;184588;3277;1003;223611;4919;1152;0;40
FR;5;2022-12-29;3;2;2;0;3;2;0;0;0;276925;184590;3279;1003;223614;4921;1152;0;40
FR;5;2022-12-30;0;2;1;0;2;1;0;0;0;276925;184592;3280;1003;223616;4922;1152;0;40
FR;5;2022-12-31;0;0;0;0;0;0;0;0;0;276925;184592;3280;1003;223616;4922;1152;0;40
FR;5;2023-01-01;0;0;0;0;0;0;0;0;0;276925;184592;3280;1003;223616;4922;1152;0;40
FR;5;2023-01-02;1;1;1;0;1;1;0;0;0;276926;184593;3281;1003;223617;4923;1152;0;40
FR;5;2023-01-03;0;1;0;0;1;0;0;0;0;276926;184594;3281;1003;223618;4923;1152;0;40
FR;5;2023-01-04;6;1;1;0;2;1;0;0;0;276932;184595;3282;1003;223620;4924;1152;0;40
FR;5;2023-01-05;0;1;0;0;1;0;0;0;0;276932;184596;3282;1003;223621;4924;1152;0;40
FR;5;2023-01-06;1;1;1;0;1;1;0;0;0;276933;184597;3283;1003;223622;4925;1152;0;40
FR;5;2023-01-07;4;1;1;0;1;2;0;0;0;276937;184598;3284;1003;223623;4927;1152;0;40
FR;5;2023-01-08;2;2;0;0;2;0;0;0;0;276939;184600;3284;1003;223625;4927;1152;0;40
FR;5;2023-01-09;3;0;1;0;0;1;0;0;0;276942;184600;3285;1003;223625;4928;1152;0;40
FR;5;2023-01-10;3;1;0;0;2;0;0;0;0;276945;184601;3285;1003;223627;4928;1152;0;40
FR;5;2023-01-11;7;3;2;0;2;3;0;0;0;276952;184604;3287;1003;223629;4931;1152;0;40
FR;6;2020-12-27;0;0;0;0;0;0;0;0;0;0;0;0;0;0;0;0;0;0
FR;6;2020-12-28;0;0;0;0;0;0;0;0;0;0;0;0;0;0;0;0;0;0
FR;6;2020-12-29;0;0;0;0;0;0;0;0;0;0;0;0;0;0;0;0;0;0
FR;6;2020-12-30;0;0;0;0;0;0;0;0;0;0;0;0;0;0;0;0;0;0
FR;6;2020-12-31;0;0;0;0;0;0;0;0;0;0;0;0;0;0;0;0;0;0
FR;6;2021-01-01;0;0;0;0;0;0;0;0;0;0;0;0;0;0;0;0;0;0
FR;6;2021-01-02;0;0;0;0;0;0;0;0;0;0;0;0;0;0;0;0;0;0
FR;6;2021-01-03;0;0;0;0;0;0;0;0;0;0;0;0;0;0;0;0;0;0
FR;6;2021-01-04;0;0;0;0;0;0;0;0;0;0;0;0;0;0;0;0;0;0
FR;6;2021-01-05;0;0;0;0;0;0;0;0;0;0;0;0;0;0;0;0;0;0
FR;6;2021-01-06;0;0;0;0;0;0;0;0;0;0;0;0;0;0;0;0;0;0
FR;6;2021-01-07;0;0;0;0;0;0;0;0;0;0;0;0;0;0;0;0;0;0
FR;6;2021-01-08;0;0;0;0;0;0;0;0;0;0;0;0;0;0;0;0;0;0
FR;6;2021-01-09;0;0;0;0;0;0;0;0;0;0;0;0;0;0;0;0;0;0
FR;6;2021-01-10;0;0;0;0;0;0;0;0;0;0;0;0;0;0;0;0;0;0
FR;6;2021-01-11;0;0;0;0;0;0;0;0;0;0;0;0;0;0;0;0;0;0
FR;6;2021-01-12;0;0;0;0;0;0;0;0;0;0;0;0;0;0;0;0;0;0
FR;6;2021-01-13;0;0;0;0;0;0;0;0;0;0;0;0;0;0;0;0;0;0
FR;6;2021-01-14;0;0;0;0;0;0;0;0;0;0;0;0;0;0;0;0;0;0
FR;6;2021-01-15;0;0;0;0;0;0;0;0;0;0;0;0;0;0;0;0;0;0
FR;6;2021-01-16;0;0;0;0;0;0;0;0;0;0;0;0;0;0;0;0;0;0
FR;6;2021-01-17;0;0;0;0;0;0;0;0;0;0;0;0;0;0;0;0;0;0
FR;6;2021-01-18;0;0;0;0;0;0;0;0;0;0;0;0;0;0;0;0;0;0
FR;6;2021-01-19;0;0;0;0;0;0;0;0;0;0;0;0;0;0;0;0;0;0
FR;6;2021-01-20;0;0;0;0;0;0;0;0;0;0;0;0;0;0;0;0;0;0
FR;6;2021-01-21;0;0;0;0;0;0;0;0;0;0;0;0;0;0;0;0;0;0
FR;6;2021-01-22;0;0;0;0;0;0;0;0;0;0;0;0;0;0;0;0;0;0
FR;6;2021-01-23;0;0;0;0;0;0;0;0;0;0;0;0;0;0;0;0;0;0
FR;6;2021-01-24;0;0;0;0;0;0;0;0;0;0;0;0;0;0;0;0;0;0
FR;6;2021-01-25;0;0;0;0;0;0;0;0;0;0;0;0;0;0;0;0;0;0
FR;6;2021-01-26;0;0;0;0;0;0;0;0;0;0;0;0;0;0;0;0;0;0
FR;6;2021-01-27;0;0;0;0;0;0;0;0;0;0;0;0;0;0;0;0;0;0
FR;6;2021-01-28;0;0;0;0;0;0;0;0;0;0;0;0;0;0;0;0;0;0
FR;6;2021-01-29;0;0;0;0;0;0;0;0;0;0;0;0;0;0;0;0;0;0
FR;6;2021-01-30;0;0;0;0;0;0;0;0;0;0;0;0;0;0;0;0;0;0
FR;6;2021-01-31;0;0;0;0;0;0;0;0;0;0;0;0;0;0;0;0;0;0
FR;6;2021-02-01;0;0;0;0;0;0;0;0;0;0;0;0;0;0;0;0;0;0
FR;6;2021-02-02;0;0;0;0;0;0;0;0;0;0;0;0;0;0;0;0;0;0
FR;6;2021-02-03;0;0;0;0;0;0;0;0;0;0;0;0;0;0;0;0;0;0
FR;6;2021-02-04;0;0;0;0;0;0;0;0;0;0;0;0;0;0;0;0;0;0
FR;6;2021-02-05;0;0;0;0;0;0;0;0;0;0;0;0;0;0;0;0;0;0
FR;6;2021-02-06;0;0;0;0;0;0;0;0;0;0;0;0;0;0;0;0;0;0
FR;6;2021-02-07;0;0;0;0;0;0;0;0;0;0;0;0;0;0;0;0;0;0
FR;6;2021-02-08;0;0;0;0;0;0;0;0;0;0;0;0;0;0;0;0;0;0
FR;6;2021-02-09;0;0;0;0;0;0;0;0;0;0;0;0;0;0;0;0;0;0
FR;6;2021-02-10;0;0;0;0;0;0;0;0;0;0;0;0;0;0;0;0;0;0
FR;6;2021-02-11;0;0;0;0;0;0;0;0;0;0;0;0;0;0;0;0;0;0
FR;6;2021-02-12;0;0;0;0;0;0;0;0;0;0;0;0;0;0;0;0;0;0
FR;6;2021-02-13;0;0;0;0;0;0;0;0;0;0;0;0;0;0;0;0;0;0
FR;6;2021-02-14;0;0;0;0;0;0;0;0;0;0;0;0;0;0;0;0;0;0
FR;6;2021-02-15;0;0;0;0;0;0;0;0;0;0;0;0;0;0;0;0;0;0
FR;6;2021-02-16;0;0;0;0;0;0;0;0;0;0;0;0;0;0;0;0;0;0
FR;6;2021-02-17;0;0;0;0;0;0;0;0;0;0;0;0;0;0;0;0;0;0
FR;6;2021-02-18;0;0;0;0;0;0;0;0;0;0;0;0;0;0;0;0;0;0
FR;6;2021-02-19;0;0;0;0;0;0;0;0;0;0;0;0;0;0;0;0;0;0
FR;6;2021-02-20;0;0;0;0;0;0;0;0;0;0;0;0;0;0;0;0;0;0
FR;6;2021-02-21;0;0;0;0;0;0;0;0;0;0;0;0;0;0;0;0;0;0
FR;6;2021-02-22;0;0;0;0;0;0;0;0;0;0;0;0;0;0;0;0;0;0
FR;6;2021-02-23;0;0;0;0;0;0;0;0;0;0;0;0;0;0;0;0;0;0
FR;6;2021-02-24;0;0;0;0;0;0;0;0;0;0;0;0;0;0;0;0;0;0
FR;6;2021-02-25;0;0;0;0;0;0;0;0;0;0;0;0;0;0;0;0;0;0
FR;6;2021-02-26;0;0;0;0;0;0;0;0;0;0;0;0;0;0;0;0;0;0
FR;6;2021-02-27;0;0;0;0;0;0;0;0;0;0;0;0;0;0;0;0;0;0
FR;6;2021-02-28;0;0;0;0;0;0;0;0;0;0;0;0;0;0;0;0;0;0
FR;6;2021-03-01;0;0;0;0;0;0;0;0;0;0;0;0;0;0;0;0;0;0
FR;6;2021-03-02;0;0;0;0;0;0;0;0;0;0;0;0;0;0;0;0;0;0
FR;6;2021-03-03;0;0;0;0;0;0;0;0;0;0;0;0;0;0;0;0;0;0
FR;6;2021-03-04;0;0;0;0;0;0;0;0;0;0;0;0;0;0;0;0;0;0
FR;6;2021-03-05;0;0;0;0;0;0;0;0;0;0;0;0;0;0;0;0;0;0
FR;6;2021-03-06;0;0;0;0;0;0;0;0;0;0;0;0;0;0;0;0;0;0
FR;6;2021-03-07;0;0;0;0;0;0;0;0;0;0;0;0;0;0;0;0;0;0
FR;6;2021-03-08;0;0;0;0;0;0;0;0;0;0;0;0;0;0;0;0;0;0
FR;6;2021-03-09;0;0;0;0;0;0;0;0;0;0;0;0;0;0;0;0;0;0
FR;6;2021-03-10;0;0;0;0;0;0;0;0;0;0;0;0;0;0;0;0;0;0
FR;6;2021-03-11;0;0;0;0;0;0;0;0;0;0;0;0;0;0;0;0;0;0
FR;6;2021-03-12;0;0;0;0;0;0;0;0;0;0;0;0;0;0;0;0;0;0
FR;6;2021-03-13;0;0;0;0;0;0;0;0;0;0;0;0;0;0;0;0;0;0
FR;6;2021-03-14;0;0;0;0;0;0;0;0;0;0;0;0;0;0;0;0;0;0
FR;6;2021-03-15;0;0;0;0;0;0;0;0;0;0;0;0;0;0;0;0;0;0
FR;6;2021-03-16;0;0;0;0;0;0;0;0;0;0;0;0;0;0;0;0;0;0
FR;6;2021-03-17;0;0;0;0;0;0;0;0;0;0;0;0;0;0;0;0;0;0
FR;6;2021-03-18;0;0;0;0;0;0;0;0;0;0;0;0;0;0;0;0;0;0
FR;6;2021-03-19;0;0;0;0;0;0;0;0;0;0;0;0;0;0;0;0;0;0
FR;6;2021-03-20;0;0;0;0;0;0;0;0;0;0;0;0;0;0;0;0;0;0
FR;6;2021-03-21;0;0;0;0;0;0;0;0;0;0;0;0;0;0;0;0;0;0
FR;6;2021-03-22;0;0;0;0;0;0;0;0;0;0;0;0;0;0;0;0;0;0
FR;6;2021-03-23;0;0;0;0;0;0;0;0;0;0;0;0;0;0;0;0;0;0
FR;6;2021-03-24;0;0;0;0;0;0;0;0;0;0;0;0;0;0;0;0;0;0
FR;6;2021-03-25;0;0;0;0;0;0;0;0;0;0;0;0;0;0;0;0;0;0
FR;6;2021-03-26;0;0;0;0;0;0;0;0;0;0;0;0;0;0;0;0;0;0
FR;6;2021-03-27;0;0;0;0;0;0;0;0;0;0;0;0;0;0;0;0;0;0
FR;6;2021-03-28;0;0;0;0;0;0;0;0;0;0;0;0;0;0;0;0;0;0
FR;6;2021-03-29;0;0;0;0;0;0;0;0;0;0;0;0;0;0;0;0;0;0
FR;6;2021-03-30;0;0;0;0;0;0;0;0;0;0;0;0;0;0;0;0;0;0
FR;6;2021-03-31;0;0;0;0;0;0;0;0;0;0;0;0;0;0;0;0;0;0
FR;6;2021-04-01;0;0;0;0;0;0;0;0;0;0;0;0;0;0;0;0;0;0
FR;6;2021-04-02;0;0;0;0;0;0;0;0;0;0;0;0;0;0;0;0;0;0
FR;6;2021-04-03;0;0;0;0;0;0;0;0;0;0;0;0;0;0;0;0;0;0
FR;6;2021-04-04;0;0;0;0;0;0;0;0;0;0;0;0;0;0;0;0;0;0
FR;6;2021-04-05;0;0;0;0;0;0;0;0;0;0;0;0;0;0;0;0;0;0
FR;6;2021-04-06;0;0;0;0;0;0;0;0;0;0;0;0;0;0;0;0;0;0
FR;6;2021-04-07;0;0;0;0;0;0;0;0;0;0;0;0;0;0;0;0;0;0
FR;6;2021-04-08;0;0;0;0;0;0;0;0;0;0;0;0;0;0;0;0;0;0
FR;6;2021-04-09;0;0;0;0;0;0;0;0;0;0;0;0;0;0;0;0;0;0
FR;6;2021-04-10;0;0;0;0;0;0;0;0;0;0;0;0;0;0;0;0;0;0
FR;6;2021-04-11;0;0;0;0;0;0;0;0;0;0;0;0;0;0;0;0;0;0
FR;6;2021-04-12;0;0;0;0;0;0;0;0;0;0;0;0;0;0;0;0;0;0
FR;6;2021-04-13;0;0;0;0;0;0;0;0;0;0;0;0;0;0;0;0;0;0
FR;6;2021-04-14;0;0;0;0;0;0;0;0;0;0;0;0;0;0;0;0;0;0
FR;6;2021-04-15;0;0;0;0;0;0;0;0;0;0;0;0;0;0;0;0;0;0
FR;6;2021-04-16;0;0;0;0;0;0;0;0;0;0;0;0;0;0;0;0;0;0
FR;6;2021-04-17;0;0;0;0;0;0;0;0;0;0;0;0;0;0;0;0;0;0
FR;6;2021-04-18;0;0;0;0;0;0;0;0;0;0;0;0;0;0;0;0;0;0
FR;6;2021-04-19;0;0;0;0;0;0;0;0;0;0;0;0;0;0;0;0;0;0
FR;6;2021-04-20;0;0;0;0;0;0;0;0;0;0;0;0;0;0;0;0;0;0
FR;6;2021-04-21;0;0;0;0;0;0;0;0;0;0;0;0;0;0;0;0;0;0
FR;6;2021-04-22;0;0;0;0;0;0;0;0;0;0;0;0;0;0;0;0;0;0
FR;6;2021-04-23;0;0;0;0;0;0;0;0;0;0;0;0;0;0;0;0;0;0
FR;6;2021-04-24;0;0;0;0;0;0;0;0;0;0;0;0;0;0;0;0;0;0
FR;6;2021-04-25;0;0;0;0;0;0;0;0;0;0;0;0;0;0;0;0;0;0
FR;6;2021-04-26;0;0;0;0;0;0;0;0;0;0;0;0;0;0;0;0;0;0
FR;6;2021-04-27;0;0;0;0;0;0;0;0;0;0;0;0;0;0;0;0;0;0
FR;6;2021-04-28;0;0;0;0;0;0;0;0;0;0;0;0;0;0;0;0;0;0
FR;6;2021-04-29;0;0;0;0;0;0;0;0;0;0;0;0;0;0;0;0;0;0
FR;6;2021-04-30;0;0;0;0;0;0;0;0;0;0;0;0;0;0;0;0;0;0
FR;6;2021-05-01;0;0;0;0;0;0;0;0;0;0;0;0;0;0;0;0;0;0
FR;6;2021-05-02;0;0;0;0;0;0;0;0;0;0;0;0;0;0;0;0;0;0
FR;6;2021-05-03;0;0;0;0;0;0;0;0;0;0;0;0;0;0;0;0;0;0
FR;6;2021-05-04;0;0;0;0;0;0;0;0;0;0;0;0;0;0;0;0;0;0
FR;6;2021-05-05;0;0;0;0;0;0;0;0;0;0;0;0;0;0;0;0;0;0
FR;6;2021-05-06;0;0;0;0;0;0;0;0;0;0;0;0;0;0;0;0;0;0
FR;6;2021-05-07;0;0;0;0;0;0;0;0;0;0;0;0;0;0;0;0;0;0
FR;6;2021-05-08;0;0;0;0;0;0;0;0;0;0;0;0;0;0;0;0;0;0
FR;6;2021-05-09;0;0;0;0;0;0;0;0;0;0;0;0;0;0;0;0;0;0
FR;6;2021-05-10;0;0;0;0;0;0;0;0;0;0;0;0;0;0;0;0;0;0
FR;6;2021-05-11;0;0;0;0;0;0;0;0;0;0;0;0;0;0;0;0;0;0
FR;6;2021-05-12;0;0;0;0;0;0;0;0;0;0;0;0;0;0;0;0;0;0
FR;6;2021-05-13;0;0;0;0;0;0;0;0;0;0;0;0;0;0;0;0;0;0
FR;6;2021-05-14;0;0;0;0;0;0;0;0;0;0;0;0;0;0;0;0;0;0
FR;6;2021-05-15;0;0;0;0;0;0;0;0;0;0;0;0;0;0;0;0;0;0
FR;6;2021-05-16;0;0;0;0;0;0;0;0;0;0;0;0;0;0;0;0;0;0
FR;6;2021-05-17;0;0;0;0;0;0;0;0;0;0;0;0;0;0;0;0;0;0
FR;6;2021-05-18;0;0;0;0;0;0;0;0;0;0;0;0;0;0;0;0;0;0
FR;6;2021-05-19;0;0;0;0;0;0;0;0;0;0;0;0;0;0;0;0;0;0
FR;6;2021-05-20;0;0;0;0;0;0;0;0;0;0;0;0;0;0;0;0;0;0
FR;6;2021-05-21;0;0;0;0;0;0;0;0;0;0;0;0;0;0;0;0;0;0
FR;6;2021-05-22;0;0;0;0;0;0;0;0;0;0;0;0;0;0;0;0;0;0
FR;6;2021-05-23;0;0;0;0;0;0;0;0;0;0;0;0;0;0;0;0;0;0
FR;6;2021-05-24;0;0;0;0;0;0;0;0;0;0;0;0;0;0;0;0;0;0
FR;6;2021-05-25;0;0;0;0;0;0;0;0;0;0;0;0;0;0;0;0;0;0
FR;6;2021-05-26;0;0;0;0;0;0;0;0;0;0;0;0;0;0;0;0;0;0
FR;6;2021-05-27;0;0;0;0;0;0;0;0;0;0;0;0;0;0;0;0;0;0
FR;6;2021-05-28;0;0;0;0;0;0;0;0;0;0;0;0;0;0;0;0;0;0
FR;6;2021-05-29;0;0;0;0;0;0;0;0;0;0;0;0;0;0;0;0;0;0
FR;6;2021-05-30;0;0;0;0;0;0;0;0;0;0;0;0;0;0;0;0;0;0
FR;6;2021-05-31;0;0;0;0;0;0;0;0;0;0;0;0;0;0;0;0;0;0
FR;6;2021-06-01;0;0;0;0;0;0;0;0;0;0;0;0;0;0;0;0;0;0
FR;6;2021-06-02;0;0;0;0;0;0;0;0;0;0;0;0;0;0;0;0;0;0
FR;6;2021-06-03;0;0;0;0;0;0;0;0;0;0;0;0;0;0;0;0;0;0
FR;6;2021-06-04;0;0;0;0;0;0;0;0;0;0;0;0;0;0;0;0;0;0
FR;6;2021-06-05;0;0;0;0;0;0;0;0;0;0;0;0;0;0;0;0;0;0
FR;6;2021-06-06;0;0;0;0;0;0;0;0;0;0;0;0;0;0;0;0;0;0
FR;6;2021-06-07;0;0;0;0;0;0;0;0;0;0;0;0;0;0;0;0;0;0
FR;6;2021-06-08;0;0;0;0;0;0;0;0;0;0;0;0;0;0;0;0;0;0
FR;6;2021-06-09;0;0;0;0;0;0;0;0;0;0;0;0;0;0;0;0;0;0
FR;6;2021-06-10;0;0;0;0;0;0;0;0;0;0;0;0;0;0;0;0;0;0
FR;6;2021-06-11;0;0;0;0;0;0;0;0;0;0;0;0;0;0;0;0;0;0
FR;6;2021-06-12;0;0;0;0;0;0;0;0;0;0;0;0;0;0;0;0;0;0
FR;6;2021-06-13;0;0;0;0;0;0;0;0;0;0;0;0;0;0;0;0;0;0
FR;6;2021-06-14;0;0;0;0;0;0;0;0;0;0;0;0;0;0;0;0;0;0
FR;6;2021-06-15;0;0;0;0;0;0;0;0;0;0;0;0;0;0;0;0;0;0
FR;6;2021-06-16;0;0;0;0;0;0;0;0;0;0;0;0;0;0;0;0;0;0
FR;6;2021-06-17;0;0;0;0;0;0;0;0;0;0;0;0;0;0;0;0;0;0
FR;6;2021-06-18;0;0;0;0;0;0;0;0;0;0;0;0;0;0;0;0;0;0
FR;6;2021-06-19;0;0;0;0;0;0;0;0;0;0;0;0;0;0;0;0;0;0
FR;6;2021-06-20;0;0;0;0;0;0;0;0;0;0;0;0;0;0;0;0;0;0
FR;6;2021-06-21;0;0;0;0;0;0;0;0;0;0;0;0;0;0;0;0;0;0
FR;6;2021-06-22;0;0;0;0;0;0;0;0;0;0;0;0;0;0;0;0;0;0
FR;6;2021-06-23;0;0;0;0;0;0;0;0;0;0;0;0;0;0;0;0;0;0
FR;6;2021-06-24;0;0;0;0;0;0;0;0;0;0;0;0;0;0;0;0;0;0
FR;6;2021-06-25;0;0;0;0;0;0;0;0;0;0;0;0;0;0;0;0;0;0
FR;6;2021-06-26;0;0;0;0;0;0;0;0;0;0;0;0;0;0;0;0;0;0
FR;6;2021-06-27;0;0;0;0;0;0;0;0;0;0;0;0;0;0;0;0;0;0
FR;6;2021-06-28;0;0;0;0;0;0;0;0;0;0;0;0;0;0;0;0;0;0
FR;6;2021-06-29;0;0;0;0;0;0;0;0;0;0;0;0;0;0;0;0;0;0
FR;6;2021-06-30;0;0;0;0;0;0;0;0;0;0;0;0;0;0;0;0;0;0
FR;6;2021-07-01;0;0;0;0;0;0;0;0;0;0;0;0;0;0;0;0;0;0
FR;6;2021-07-02;0;0;0;0;0;0;0;0;0;0;0;0;0;0;0;0;0;0
FR;6;2021-07-03;0;0;0;0;0;0;0;0;0;0;0;0;0;0;0;0;0;0
FR;6;2021-07-04;0;0;0;0;0;0;0;0;0;0;0;0;0;0;0;0;0;0
FR;6;2021-07-05;0;0;0;0;0;0;0;0;0;0;0;0;0;0;0;0;0;0
FR;6;2021-07-06;0;0;0;0;0;0;0;0;0;0;0;0;0;0;0;0;0;0
FR;6;2021-07-07;0;0;0;0;0;0;0;0;0;0;0;0;0;0;0;0;0;0
FR;6;2021-07-08;0;0;0;0;0;0;0;0;0;0;0;0;0;0;0;0;0;0
FR;6;2021-07-09;0;0;0;0;0;0;0;0;0;0;0;0;0;0;0;0;0;0
FR;6;2021-07-10;0;0;0;0;0;0;0;0;0;0;0;0;0;0;0;0;0;0
FR;6;2021-07-11;0;0;0;0;0;0;0;0;0;0;0;0;0;0;0;0;0;0
FR;6;2021-07-12;0;0;0;0;0;0;0;0;0;0;0;0;0;0;0;0;0;0
FR;6;2021-07-13;0;0;0;0;0;0;0;0;0;0;0;0;0;0;0;0;0;0
FR;6;2021-07-14;0;0;0;0;0;0;0;0;0;0;0;0;0;0;0;0;0;0
FR;6;2021-07-15;0;0;0;0;0;0;0;0;0;0;0;0;0;0;0;0;0;0
FR;6;2021-07-16;0;0;0;0;0;0;0;0;0;0;0;0;0;0;0;0;0;0
FR;6;2021-07-17;0;0;0;0;0;0;0;0;0;0;0;0;0;0;0;0;0;0
FR;6;2021-07-18;0;0;0;0;0;0;0;0;0;0;0;0;0;0;0;0;0;0
FR;6;2021-07-19;0;0;0;0;0;0;0;0;0;0;0;0;0;0;0;0;0;0
FR;6;2021-07-20;0;0;0;0;0;0;0;0;0;0;0;0;0;0;0;0;0;0
FR;6;2021-07-21;0;0;0;0;0;0;0;0;0;0;0;0;0;0;0;0;0;0
FR;6;2021-07-22;0;0;0;0;0;0;0;0;0;0;0;0;0;0;0;0;0;0
FR;6;2021-07-23;0;0;0;0;0;0;0;0;0;0;0;0;0;0;0;0;0;0
FR;6;2021-07-24;0;0;0;0;0;0;0;0;0;0;0;0;0;0;0;0;0;0
FR;6;2021-07-25;0;0;0;0;0;0;0;0;0;0;0;0;0;0;0;0;0;0
FR;6;2021-07-26;0;0;0;0;0;0;0;0;0;0;0;0;0;0;0;0;0;0
FR;6;2021-07-27;0;0;0;0;0;0;0;0;0;0;0;0;0;0;0;0;0;0
FR;6;2021-07-28;0;0;0;0;0;0;0;0;0;0;0;0;0;0;0;0;0;0
FR;6;2021-07-29;0;0;0;0;0;0;0;0;0;0;0;0;0;0;0;0;0;0
FR;6;2021-07-30;0;0;0;0;0;0;0;0;0;0;0;0;0;0;0;0;0;0
FR;6;2021-07-31;0;0;0;0;0;0;0;0;0;0;0;0;0;0;0;0;0;0
FR;6;2021-08-01;0;0;0;0;0;0;0;0;0;0;0;0;0;0;0;0;0;0
FR;6;2021-08-02;0;0;0;0;0;0;0;0;0;0;0;0;0;0;0;0;0;0
FR;6;2021-08-03;0;0;0;0;0;0;0;0;0;0;0;0;0;0;0;0;0;0
FR;6;2021-08-04;0;0;0;0;0;0;0;0;0;0;0;0;0;0;0;0;0;0
FR;6;2021-08-05;0;0;0;0;0;0;0;0;0;0;0;0;0;0;0;0;0;0
FR;6;2021-08-06;0;0;0;0;0;0;0;0;0;0;0;0;0;0;0;0;0;0
FR;6;2021-08-07;0;0;0;0;0;0;0;0;0;0;0;0;0;0;0;0;0;0
FR;6;2021-08-08;0;0;0;0;0;0;0;0;0;0;0;0;0;0;0;0;0;0
FR;6;2021-08-09;0;0;0;0;0;0;0;0;0;0;0;0;0;0;0;0;0;0
FR;6;2021-08-10;0;0;0;0;0;0;0;0;0;0;0;0;0;0;0;0;0;0
FR;6;2021-08-11;0;0;0;0;0;0;0;0;0;0;0;0;0;0;0;0;0;0
FR;6;2021-08-12;0;0;0;0;0;0;0;0;0;0;0;0;0;0;0;0;0;0
FR;6;2021-08-13;0;0;0;0;0;0;0;0;0;0;0;0;0;0;0;0;0;0
FR;6;2021-08-14;0;0;0;0;0;0;0;0;0;0;0;0;0;0;0;0;0;0
FR;6;2021-08-15;0;0;0;0;0;0;0;0;0;0;0;0;0;0;0;0;0;0
FR;6;2021-08-16;0;0;0;0;0;0;0;0;0;0;0;0;0;0;0;0;0;0
FR;6;2021-08-17;0;0;0;0;0;0;0;0;0;0;0;0;0;0;0;0;0;0
FR;6;2021-08-18;0;0;0;0;0;0;0;0;0;0;0;0;0;0;0;0;0;0
FR;6;2021-08-19;0;0;0;0;0;0;0;0;0;0;0;0;0;0;0;0;0;0
FR;6;2021-08-20;0;0;0;0;0;0;0;0;0;0;0;0;0;0;0;0;0;0
FR;6;2021-08-21;0;0;0;0;0;0;0;0;0;0;0;0;0;0;0;0;0;0
FR;6;2021-08-22;0;0;0;0;0;0;0;0;0;0;0;0;0;0;0;0;0;0
FR;6;2021-08-23;0;0;0;0;0;0;0;0;0;0;0;0;0;0;0;0;0;0
FR;6;2021-08-24;0;0;0;0;0;0;0;0;0;0;0;0;0;0;0;0;0;0
FR;6;2021-08-25;0;0;0;0;0;0;0;0;0;0;0;0;0;0;0;0;0;0
FR;6;2021-08-26;0;0;0;0;0;0;0;0;0;0;0;0;0;0;0;0;0;0
FR;6;2021-08-27;0;0;0;0;0;0;0;0;0;0;0;0;0;0;0;0;0;0
FR;6;2021-08-28;0;0;0;0;0;0;0;0;0;0;0;0;0;0;0;0;0;0
FR;6;2021-08-29;0;0;0;0;0;0;0;0;0;0;0;0;0;0;0;0;0;0
FR;6;2021-08-30;0;0;0;0;0;0;0;0;0;0;0;0;0;0;0;0;0;0
FR;6;2021-08-31;0;0;0;0;0;0;0;0;0;0;0;0;0;0;0;0;0;0
FR;6;2021-09-01;0;0;0;0;0;0;0;0;0;0;0;0;0;0;0;0;0;0
FR;6;2021-09-02;0;0;0;0;0;0;0;0;0;0;0;0;0;0;0;0;0;0
FR;6;2021-09-03;0;0;0;0;0;0;0;0;0;0;0;0;0;0;0;0;0;0
FR;6;2021-09-04;0;0;0;0;0;0;0;0;0;0;0;0;0;0;0;0;0;0
FR;6;2021-09-05;0;0;0;0;0;0;0;0;0;0;0;0;0;0;0;0;0;0
FR;6;2021-09-06;0;0;0;0;0;0;0;0;0;0;0;0;0;0;0;0;0;0
FR;6;2021-09-07;0;0;0;0;0;0;0;0;0;0;0;0;0;0;0;0;0;0
FR;6;2021-09-08;0;0;0;0;0;0;0;0;0;0;0;0;0;0;0;0;0;0
FR;6;2021-09-09;0;0;0;0;0;0;0;0;0;0;0;0;0;0;0;0;0;0
FR;6;2021-09-10;0;0;0;0;0;0;0;0;0;0;0;0;0;0;0;0;0;0
FR;6;2021-09-11;0;0;0;0;0;0;0;0;0;0;0;0;0;0;0;0;0;0
FR;6;2021-09-12;0;0;0;0;0;0;0;0;0;0;0;0;0;0;0;0;0;0
FR;6;2021-09-13;0;0;0;0;0;0;0;0;0;0;0;0;0;0;0;0;0;0
FR;6;2021-09-14;0;0;0;0;0;0;0;0;0;0;0;0;0;0;0;0;0;0
FR;6;2021-09-15;0;0;0;0;0;0;0;0;0;0;0;0;0;0;0;0;0;0
FR;6;2021-09-16;0;0;0;0;0;0;0;0;0;0;0;0;0;0;0;0;0;0
FR;6;2021-09-17;0;0;0;0;0;0;0;0;0;0;0;0;0;0;0;0;0;0
FR;6;2021-09-18;0;0;0;0;0;0;0;0;0;0;0;0;0;0;0;0;0;0
FR;6;2021-09-19;0;0;0;0;0;0;0;0;0;0;0;0;0;0;0;0;0;0
FR;6;2021-09-20;0;0;0;0;0;0;0;0;0;0;0;0;0;0;0;0;0;0
FR;6;2021-09-21;0;0;0;0;0;0;0;0;0;0;0;0;0;0;0;0;0;0
FR;6;2021-09-22;0;0;0;0;0;0;0;0;0;0;0;0;0;0;0;0;0;0
FR;6;2021-09-23;0;0;0;0;0;0;0;0;0;0;0;0;0;0;0;0;0;0
FR;6;2021-09-24;0;0;0;0;0;0;0;0;0;0;0;0;0;0;0;0;0;0
FR;6;2021-09-25;0;0;0;0;0;0;0;0;0;0;0;0;0;0;0;0;0;0
FR;6;2021-09-26;0;0;0;0;0;0;0;0;0;0;0;0;0;0;0;0;0;0
FR;6;2021-09-27;0;0;0;0;0;0;0;0;0;0;0;0;0;0;0;0;0;0
FR;6;2021-09-28;0;0;0;0;0;0;0;0;0;0;0;0;0;0;0;0;0;0
FR;6;2021-09-29;0;0;0;0;0;0;0;0;0;0;0;0;0;0;0;0;0;0
FR;6;2021-09-30;0;0;0;0;0;0;0;0;0;0;0;0;0;0;0;0;0;0
FR;6;2021-10-01;0;0;0;0;0;0;0;0;0;0;0;0;0;0;0;0;0;0
FR;6;2021-10-02;0;0;0;0;0;0;0;0;0;0;0;0;0;0;0;0;0;0
FR;6;2021-10-03;0;0;0;0;0;0;0;0;0;0;0;0;0;0;0;0;0;0
FR;6;2021-10-04;0;0;0;0;0;0;0;0;0;0;0;0;0;0;0;0;0;0
FR;6;2021-10-05;0;0;0;0;0;0;0;0;0;0;0;0;0;0;0;0;0;0
FR;6;2021-10-06;0;0;0;0;0;0;0;0;0;0;0;0;0;0;0;0;0;0
FR;6;2021-10-07;0;0;0;0;0;0;0;0;0;0;0;0;0;0;0;0;0;0
FR;6;2021-10-08;0;0;0;0;0;0;0;0;0;0;0;0;0;0;0;0;0;0
FR;6;2021-10-09;0;0;0;0;0;0;0;0;0;0;0;0;0;0;0;0;0;0
FR;6;2021-10-10;0;0;0;0;0;0;0;0;0;0;0;0;0;0;0;0;0;0
FR;6;2021-10-11;0;0;0;0;0;0;0;0;0;0;0;0;0;0;0;0;0;0
FR;6;2021-10-12;0;0;0;0;0;0;0;0;0;0;0;0;0;0;0;0;0;0
FR;6;2021-10-13;0;0;0;0;0;0;0;0;0;0;0;0;0;0;0;0;0;0
FR;6;2021-10-14;0;0;0;0;0;0;0;0;0;0;0;0;0;0;0;0;0;0
FR;6;2021-10-15;0;0;0;0;0;0;0;0;0;0;0;0;0;0;0;0;0;0
FR;6;2021-10-16;0;0;0;0;0;0;0;0;0;0;0;0;0;0;0;0;0;0
FR;6;2021-10-17;0;0;0;0;0;0;0;0;0;0;0;0;0;0;0;0;0;0
FR;6;2021-10-18;0;0;0;0;0;0;0;0;0;0;0;0;0;0;0;0;0;0
FR;6;2021-10-19;0;0;0;0;0;0;0;0;0;0;0;0;0;0;0;0;0;0
FR;6;2021-10-20;0;0;0;0;0;0;0;0;0;0;0;0;0;0;0;0;0;0
FR;6;2021-10-21;0;0;0;0;0;0;0;0;0;0;0;0;0;0;0;0;0;0
FR;6;2021-10-22;0;0;0;0;0;0;0;0;0;0;0;0;0;0;0;0;0;0
FR;6;2021-10-23;0;0;0;0;0;0;0;0;0;0;0;0;0;0;0;0;0;0
FR;6;2021-10-24;0;0;0;0;0;0;0;0;0;0;0;0;0;0;0;0;0;0
FR;6;2021-10-25;0;0;0;0;0;0;0;0;0;0;0;0;0;0;0;0;0;0
FR;6;2021-10-26;0;0;0;0;0;0;0;0;0;0;0;0;0;0;0;0;0;0
FR;6;2021-10-27;0;0;0;0;0;0;0;0;0;0;0;0;0;0;0;0;0;0
FR;6;2021-10-28;0;0;0;0;0;0;0;0;0;0;0;0;0;0;0;0;0;0
FR;6;2021-10-29;0;0;0;0;0;0;0;0;0;0;0;0;0;0;0;0;0;0
FR;6;2021-10-30;0;0;0;0;0;0;0;0;0;0;0;0;0;0;0;0;0;0
FR;6;2021-10-31;0;0;0;0;0;0;0;0;0;0;0;0;0;0;0;0;0;0
FR;6;2021-11-01;0;0;0;0;0;0;0;0;0;0;0;0;0;0;0;0;0;0
FR;6;2021-11-02;0;0;0;0;0;0;0;0;0;0;0;0;0;0;0;0;0;0
FR;6;2021-11-03;0;0;0;0;0;0;0;0;0;0;0;0;0;0;0;0;0;0
FR;6;2021-11-04;0;0;0;0;0;0;0;0;0;0;0;0;0;0;0;0;0;0
FR;6;2021-11-05;0;0;0;0;0;0;0;0;0;0;0;0;0;0;0;0;0;0
FR;6;2021-11-06;0;0;0;0;0;0;0;0;0;0;0;0;0;0;0;0;0;0
FR;6;2021-11-07;0;0;0;0;0;0;0;0;0;0;0;0;0;0;0;0;0;0
FR;6;2021-11-08;0;0;0;0;0;0;0;0;0;0;0;0;0;0;0;0;0;0
FR;6;2021-11-09;0;0;0;0;0;0;0;0;0;0;0;0;0;0;0;0;0;0
FR;6;2021-11-10;0;0;0;0;0;0;0;0;0;0;0;0;0;0;0;0;0;0
FR;6;2021-11-11;0;0;0;0;0;0;0;0;0;0;0;0;0;0;0;0;0;0
FR;6;2021-11-12;0;0;0;0;0;0;0;0;0;0;0;0;0;0;0;0;0;0
FR;6;2021-11-13;0;0;0;0;0;0;0;0;0;0;0;0;0;0;0;0;0;0
FR;6;2021-11-14;0;0;0;0;0;0;0;0;0;0;0;0;0;0;0;0;0;0
FR;6;2021-11-15;0;0;0;0;0;0;0;0;0;0;0;0;0;0;0;0;0;0
FR;6;2021-11-16;0;0;0;0;0;0;0;0;0;0;0;0;0;0;0;0;0;0
FR;6;2021-11-17;0;0;0;0;0;0;0;0;0;0;0;0;0;0;0;0;0;0
FR;6;2021-11-18;0;0;0;0;0;0;0;0;0;0;0;0;0;0;0;0;0;0
FR;6;2021-11-19;0;0;0;0;0;0;0;0;0;0;0;0;0;0;0;0;0;0
FR;6;2021-11-20;0;0;0;0;0;0;0;0;0;0;0;0;0;0;0;0;0;0
FR;6;2021-11-21;0;0;0;0;0;0;0;0;0;0;0;0;0;0;0;0;0;0
FR;6;2021-11-22;0;0;0;0;0;0;0;0;0;0;0;0;0;0;0;0;0;0
FR;6;2021-11-23;0;0;0;0;0;0;0;0;0;0;0;0;0;0;0;0;0;0
FR;6;2021-11-24;0;0;0;0;0;0;0;0;0;0;0;0;0;0;0;0;0;0
FR;6;2021-11-25;0;0;0;0;0;0;0;0;0;0;0;0;0;0;0;0;0;0
FR;6;2021-11-26;0;0;0;0;0;0;0;0;0;0;0;0;0;0;0;0;0;0
FR;6;2021-11-27;0;0;0;0;0;0;0;0;0;0;0;0;0;0;0;0;0;0
FR;6;2021-11-28;0;0;0;0;0;0;0;0;0;0;0;0;0;0;0;0;0;0
FR;6;2021-11-29;0;0;0;0;0;0;0;0;0;0;0;0;0;0;0;0;0;0
FR;6;2021-11-30;0;0;0;0;0;0;0;0;0;0;0;0;0;0;0;0;0;0
FR;6;2021-12-01;0;0;0;0;0;0;0;0;0;0;0;0;0;0;0;0;0;0
FR;6;2021-12-02;0;0;0;0;0;0;0;0;0;0;0;0;0;0;0;0;0;0
FR;6;2021-12-03;0;0;0;0;0;0;0;0;0;0;0;0;0;0;0;0;0;0
FR;6;2021-12-04;0;0;0;0;0;0;0;0;0;0;0;0;0;0;0;0;0;0
FR;6;2021-12-05;0;0;0;0;0;0;0;0;0;0;0;0;0;0;0;0;0;0
FR;6;2021-12-06;0;0;0;0;0;0;0;0;0;0;0;0;0;0;0;0;0;0
FR;6;2021-12-07;0;0;0;0;0;0;0;0;0;0;0;0;0;0;0;0;0;0
FR;6;2021-12-08;0;0;0;0;0;0;0;0;0;0;0;0;0;0;0;0;0;0
FR;6;2021-12-09;0;0;0;0;0;0;0;0;0;0;0;0;0;0;0;0;0;0
FR;6;2021-12-10;0;0;0;0;0;0;0;0;0;0;0;0;0;0;0;0;0;0
FR;6;2021-12-11;0;0;0;0;0;0;0;0;0;0;0;0;0;0;0;0;0;0
FR;6;2021-12-12;0;0;0;0;0;0;0;0;0;0;0;0;0;0;0;0;0;0
FR;6;2021-12-13;0;0;0;0;0;0;0;0;0;0;0;0;0;0;0;0;0;0
FR;6;2021-12-14;0;0;0;0;0;0;0;0;0;0;0;0;0;0;0;0;0;0
FR;6;2021-12-15;0;0;0;0;0;0;0;0;0;0;0;0;0;0;0;0;0;0
FR;6;2021-12-16;0;0;0;0;0;0;0;0;0;0;0;0;0;0;0;0;0;0
FR;6;2021-12-17;0;0;0;0;0;0;0;0;0;0;0;0;0;0;0;0;0;0
FR;6;2021-12-18;0;0;0;0;0;0;0;0;0;0;0;0;0;0;0;0;0;0
FR;6;2021-12-19;0;0;0;0;0;0;0;0;0;0;0;0;0;0;0;0;0;0
FR;6;2021-12-20;0;0;0;0;0;0;0;0;0;0;0;0;0;0;0;0;0;0
FR;6;2021-12-21;0;0;0;0;0;0;0;0;0;0;0;0;0;0;0;0;0;0
FR;6;2021-12-22;0;0;0;0;0;0;0;0;0;0;0;0;0;0;0;0;0;0
FR;6;2021-12-23;0;0;0;0;0;0;0;0;0;0;0;0;0;0;0;0;0;0
FR;6;2021-12-24;0;0;0;0;0;0;0;0;0;0;0;0;0;0;0;0;0;0
FR;6;2021-12-25;0;0;0;0;0;0;0;0;0;0;0;0;0;0;0;0;0;0
FR;6;2021-12-26;0;0;0;0;0;0;0;0;0;0;0;0;0;0;0;0;0;0
FR;6;2021-12-27;0;0;0;0;0;0;0;0;0;0;0;0;0;0;0;0;0;0
FR;6;2021-12-28;0;0;0;0;0;0;0;0;0;0;0;0;0;0;0;0;0;0
FR;6;2021-12-29;0;0;0;0;0;0;0;0;0;0;0;0;0;0;0;0;0;0
FR;6;2021-12-30;0;0;0;0;0;0;0;0;0;0;0;0;0;0;0;0;0;0
FR;6;2021-12-31;0;0;0;0;0;0;0;0;0;0;0;0;0;0;0;0;0;0
FR;6;2022-01-01;0;0;0;0;0;0;0;0;0;0;0;0;0;0;0;0;0;0
FR;6;2022-01-02;0;0;0;0;0;0;0;0;0;0;0;0;0;0;0;0;0;0
FR;6;2022-01-03;0;0;0;0;0;0;0;0;0;0;0;0;0;0;0;0;0;0
FR;6;2022-01-04;0;0;0;0;0;0;0;0;0;0;0;0;0;0;0;0;0;0
FR;6;2022-01-05;0;0;0;0;0;0;0;0;0;0;0;0;0;0;0;0;0;0
FR;6;2022-01-06;0;0;0;0;0;0;0;0;0;0;0;0;0;0;0;0;0;0
FR;6;2022-01-07;0;0;0;0;0;0;0;0;0;0;0;0;0;0;0;0;0;0
FR;6;2022-01-08;0;0;0;0;0;0;0;0;0;0;0;0;0;0;0;0;0;0
FR;6;2022-01-09;0;0;0;0;0;0;0;0;0;0;0;0;0;0;0;0;0;0
FR;6;2022-01-10;0;0;0;0;0;0;0;0;0;0;0;0;0;0;0;0;0;0
FR;6;2022-01-11;0;0;0;0;0;0;0;0;0;0;0;0;0;0;0;0;0;0
FR;6;2022-01-12;0;0;0;0;0;0;0;0;0;0;0;0;0;0;0;0;0;0
FR;6;2022-01-13;0;0;0;0;0;0;0;0;0;0;0;0;0;0;0;0;0;0
FR;6;2022-01-14;0;0;0;0;0;0;0;0;0;0;0;0;0;0;0;0;0;0
FR;6;2022-01-15;0;0;0;0;0;0;0;0;0;0;0;0;0;0;0;0;0;0
FR;6;2022-01-16;0;0;0;0;0;0;0;0;0;0;0;0;0;0;0;0;0;0
FR;6;2022-01-17;0;0;0;0;0;0;0;0;0;0;0;0;0;0;0;0;0;0
FR;6;2022-01-18;0;0;0;0;0;0;0;0;0;0;0;0;0;0;0;0;0;0
FR;6;2022-01-19;0;0;0;0;0;0;0;0;0;0;0;0;0;0;0;0;0;0
FR;6;2022-01-20;0;0;0;0;0;0;0;0;0;0;0;0;0;0;0;0;0;0
FR;6;2022-01-21;0;0;0;0;0;0;0;0;0;0;0;0;0;0;0;0;0;0
FR;6;2022-01-22;0;0;0;0;0;0;0;0;0;0;0;0;0;0;0;0;0;0
FR;6;2022-01-23;0;0;0;0;0;0;0;0;0;0;0;0;0;0;0;0;0;0
FR;6;2022-01-24;0;0;0;0;0;0;0;0;0;0;0;0;0;0;0;0;0;0
FR;6;2022-01-25;0;0;0;0;0;0;0;0;0;0;0;0;0;0;0;0;0;0
FR;6;2022-01-26;0;0;0;0;0;0;0;0;0;0;0;0;0;0;0;0;0;0
FR;6;2022-01-27;0;0;0;0;0;0;0;0;0;0;0;0;0;0;0;0;0;0
FR;6;2022-01-28;0;0;0;0;0;0;0;0;0;0;0;0;0;0;0;0;0;0
FR;6;2022-01-29;0;0;0;0;0;0;0;0;0;0;0;0;0;0;0;0;0;0
FR;6;2022-01-30;0;0;0;0;0;0;0;0;0;0;0;0;0;0;0;0;0;0
FR;6;2022-01-31;0;0;0;0;0;0;0;0;0;0;0;0;0;0;0;0;0;0
FR;6;2022-02-01;0;0;0;0;0;0;0;0;0;0;0;0;0;0;0;0;0;0
FR;6;2022-02-02;0;0;0;0;0;0;0;0;0;0;0;0;0;0;0;0;0;0
FR;6;2022-02-03;0;0;0;0;0;0;0;0;0;0;0;0;0;0;0;0;0;0
FR;6;2022-02-04;0;0;0;0;0;0;0;0;0;0;0;0;0;0;0;0;0;0
FR;6;2022-02-05;0;0;0;0;0;0;0;0;0;0;0;0;0;0;0;0;0;0
FR;6;2022-02-06;0;0;0;0;0;0;0;0;0;0;0;0;0;0;0;0;0;0
FR;6;2022-02-07;0;0;0;0;0;0;0;0;0;0;0;0;0;0;0;0;0;0
FR;6;2022-02-08;0;0;0;0;0;0;0;0;0;0;0;0;0;0;0;0;0;0
FR;6;2022-02-09;0;0;0;0;0;0;0;0;0;0;0;0;0;0;0;0;0;0
FR;6;2022-02-10;0;0;0;0;0;0;0;0;0;0;0;0;0;0;0;0;0;0
FR;6;2022-02-11;0;0;0;0;0;0;0;0;0;0;0;0;0;0;0;0;0;0
FR;6;2022-02-12;0;0;0;0;0;0;0;0;0;0;0;0;0;0;0;0;0;0
FR;6;2022-02-13;0;0;0;0;0;0;0;0;0;0;0;0;0;0;0;0;0;0
FR;6;2022-02-14;0;0;0;0;0;0;0;0;0;0;0;0;0;0;0;0;0;0
FR;6;2022-02-15;0;0;0;0;0;0;0;0;0;0;0;0;0;0;0;0;0;0
FR;6;2022-02-16;0;0;0;0;0;0;0;0;0;0;0;0;0;0;0;0;0;0
FR;6;2022-02-17;0;0;0;0;0;0;0;0;0;0;0;0;0;0;0;0;0;0
FR;6;2022-02-18;0;0;0;0;0;0;0;0;0;0;0;0;0;0;0;0;0;0
FR;6;2022-02-19;0;0;0;0;0;0;0;0;0;0;0;0;0;0;0;0;0;0
FR;6;2022-02-20;0;0;0;0;0;0;0;0;0;0;0;0;0;0;0;0;0;0
FR;6;2022-02-21;0;0;0;0;0;0;0;0;0;0;0;0;0;0;0;0;0;0
FR;6;2022-02-22;0;0;0;0;0;0;0;0;0;0;0;0;0;0;0;0;0;0
FR;6;2022-02-23;0;0;0;0;0;0;0;0;0;0;0;0;0;0;0;0;0;0
FR;6;2022-02-24;0;0;0;0;0;0;0;0;0;0;0;0;0;0;0;0;0;0
FR;6;2022-02-25;0;0;0;0;0;0;0;0;0;0;0;0;0;0;0;0;0;0
FR;6;2022-02-26;1;0;0;0;0;0;0;0;0;1;0;0;0;0;0;0;0;0
FR;6;2022-02-27;0;0;0;0;0;0;0;0;0;1;0;0;0;0;0;0;0;0
FR;6;2022-02-28;0;0;0;0;0;0;0;0;0;1;0;0;0;0;0;0;0;0
FR;6;2022-03-01;3;0;0;0;0;0;0;0;0;4;0;0;0;0;0;0;0;0
FR;6;2022-03-02;97;9;2;0;15;7;0;0;0;101;9;2;0;15;7;0;0;0
FR;6;2022-03-03;0;0;0;0;0;0;0;0;0;101;9;2;0;15;7;0;0;0
FR;6;2022-03-04;92;4;0;0;8;4;0;0;0;193;13;2;0;23;11;0;0;0
FR;6;2022-03-05;391;23;2;0;60;14;0;0;0;584;36;4;0;83;25;0;0;0
FR;6;2022-03-06;7;1;0;0;2;0;0;0;0;591;37;4;0;85;25;0;0;0
FR;6;2022-03-07;337;19;0;0;51;13;0;0;0;928;56;4;0;136;38;0;0;0
FR;6;2022-03-08;230;14;0;0;47;5;0;0;0;1158;70;4;0;183;43;0;0;0
FR;6;2022-03-09;519;29;2;0;84;21;1;0;0;1677;99;6;0;267;64;1;0;0
FR;6;2022-03-10;206;19;0;1;54;12;1;0;0;1883;118;6;1;321;76;2;0;0
FR;6;2022-03-11;331;22;6;0;53;21;0;0;0;2214;140;12;1;374;97;2;0;0
FR;6;2022-03-12;518;25;1;0;83;20;0;0;0;2732;165;13;1;457;117;2;0;0
FR;6;2022-03-13;40;2;0;0;2;1;0;0;0;2772;167;13;1;459;118;2;0;0
FR;6;2022-03-14;201;4;2;0;39;3;1;0;0;2973;171;15;1;498;121;3;0;0
FR;6;2022-03-15;112;11;2;0;28;9;0;0;0;3085;182;17;1;526;130;3;0;0
FR;6;2022-03-16;310;17;2;1;49;15;1;0;0;3395;199;19;2;575;145;4;0;0
FR;6;2022-03-17;117;6;1;2;14;4;2;0;0;3512;205;20;4;589;149;6;0;0
FR;6;2022-03-18;215;10;0;0;40;6;0;0;0;3727;215;20;4;629;155;6;0;0
FR;6;2022-03-19;307;19;2;0;89;9;0;0;0;4034;234;22;4;718;164;6;0;0
FR;6;2022-03-20;15;5;0;0;5;1;0;0;0;4049;239;22;4;723;165;6;0;0
FR;6;2022-03-21;132;23;1;0;47;4;0;0;0;4181;262;23;4;770;169;6;0;0
FR;6;2022-03-22;97;15;0;0;34;4;0;0;0;4278;277;23;4;804;173;6;0;0
FR;6;2022-03-23;226;108;3;0;154;14;1;0;0;4504;385;26;4;958;187;7;0;0
FR;6;2022-03-24;100;15;1;3;32;4;3;0;0;4604;400;27;7;990;191;10;0;0
FR;6;2022-03-25;203;141;2;1;179;15;2;0;0;4807;541;29;8;1169;206;12;0;0
FR;6;2022-03-26;331;295;7;1;384;19;1;0;0;5138;836;36;9;1553;225;13;0;0
FR;6;2022-03-27;32;30;1;0;37;1;1;0;0;5170;866;37;9;1590;226;14;0;0
FR;6;2022-03-28;201;208;8;1;234;17;3;0;0;5371;1074;45;10;1824;243;17;0;0
FR;6;2022-03-29;124;189;12;2;206;12;9;0;0;5495;1263;57;12;2030;255;26;0;0
FR;6;2022-03-30;305;476;10;2;548;22;6;0;0;5800;1739;67;14;2578;277;32;0;0
FR;6;2022-03-31;123;140;10;0;160;14;5;0;0;5923;1879;77;14;2738;291;37;0;0
FR;6;2022-04-01;195;150;11;2;178;23;3;0;0;6118;2029;88;16;2916;314;40;0;0
FR;6;2022-04-02;206;241;9;1;280;13;8;0;0;6324;2270;97;17;3196;327;48;0;0
FR;6;2022-04-03;17;21;0;0;26;1;0;0;0;6341;2291;97;17;3222;328;48;0;0
FR;6;2022-04-04;137;114;6;1;131;9;5;0;0;6478;2405;103;18;3353;337;53;0;0
FR;6;2022-04-05;146;88;15;1;105;11;8;0;0;6624;2493;118;19;3458;348;61;0;0
FR;6;2022-04-06;204;245;22;26;291;27;33;0;0;6828;2738;140;45;3749;375;94;0;0
FR;6;2022-04-07;127;96;15;9;115;17;14;0;0;6955;2834;155;54;3864;392;108;0;0
FR;6;2022-04-08;199;171;16;3;214;17;9;0;1;7154;3005;171;57;4078;409;117;0;1
FR;6;2022-04-09;145;139;6;12;171;13;4;0;0;7299;3144;177;69;4249;422;121;0;1
FR;6;2022-04-10;10;20;3;0;25;1;3;0;0;7309;3164;180;69;4274;423;124;0;1
FR;6;2022-04-11;101;106;4;0;128;5;3;0;0;7410;3270;184;69;4402;428;127;0;1
FR;6;2022-04-12;136;75;5;8;114;10;10;0;0;7546;3345;189;77;4516;438;137;0;1
FR;6;2022-04-13;162;175;7;5;208;13;8;0;0;7708;3520;196;82;4724;451;145;0;1
FR;6;2022-04-14;100;103;5;10;121;8;10;0;0;7808;3623;201;92;4845;459;155;0;1
FR;6;2022-04-15;158;149;11;7;167;19;14;0;1;7966;3772;212;99;5012;478;169;0;2
FR;6;2022-04-16;127;132;5;0;162;14;2;0;0;8093;3904;217;99;5174;492;171;0;2
FR;6;2022-04-17;8;9;4;0;10;4;0;0;0;8101;3913;221;99;5184;496;171;0;2
FR;6;2022-04-18;8;15;3;0;14;4;0;0;0;8109;3928;224;99;5198;500;171;0;2
FR;6;2022-04-19;97;112;4;3;130;3;7;0;0;8206;4040;228;102;5328;503;178;0;2
FR;6;2022-04-20;178;227;8;7;269;15;3;0;0;8384;4267;236;109;5597;518;181;0;2
FR;6;2022-04-21;111;93;8;4;110;11;7;0;0;8495;4360;244;113;5707;529;188;0;2
FR;6;2022-04-22;138;160;13;12;189;13;13;0;0;8633;4520;257;125;5896;542;201;0;2
FR;6;2022-04-23;106;129;1;1;161;7;1;0;0;8739;4649;258;126;6057;549;202;0;2
FR;6;2022-04-24;5;21;1;0;22;0;1;0;0;8744;4670;259;126;6079;549;203;0;2
FR;6;2022-04-25;90;128;3;8;150;11;9;0;0;8834;4798;262;134;6229;560;212;0;2
FR;6;2022-04-26;101;128;19;2;151;17;13;0;0;8935;4926;281;136;6380;577;225;0;2
FR;6;2022-04-27;197;159;21;1;222;27;11;0;1;9132;5085;302;137;6602;604;236;0;3
FR;6;2022-04-28;109;87;7;1;123;8;7;0;0;9241;5172;309;138;6725;612;243;0;3
FR;6;2022-04-29;191;169;16;2;215;20;6;0;0;9432;5341;325;140;6940;632;249;0;3
FR;6;2022-04-30;133;125;7;1;168;24;2;0;0;9565;5466;332;141;7108;656;251;0;3
FR;6;2022-05-01;7;6;0;0;8;0;0;0;0;9572;5472;332;141;7116;656;251;0;3
FR;6;2022-05-02;94;65;3;4;88;3;4;0;0;9666;5537;335;145;7204;659;255;0;3
FR;6;2022-05-03;136;93;11;2;125;7;9;0;0;9802;5630;346;147;7329;666;264;0;3
FR;6;2022-05-04;167;118;25;12;161;29;12;0;1;9969;5748;371;159;7490;695;276;0;4
FR;6;2022-05-05;101;70;8;3;96;12;6;0;0;10070;5818;379;162;7586;707;282;0;4
FR;6;2022-05-06;152;110;10;9;155;16;11;0;0;10222;5928;389;171;7741;723;293;0;4
FR;6;2022-05-07;139;93;13;3;136;23;8;0;0;10361;6021;402;174;7877;746;301;0;4
FR;6;2022-05-08;20;8;6;5;16;7;5;0;0;10381;6029;408;179;7893;753;306;0;4
FR;6;2022-05-09;86;78;9;7;95;13;6;0;0;10467;6107;417;186;7988;766;312;0;4
FR;6;2022-05-10;112;80;15;7;110;12;13;0;0;10579;6187;432;193;8098;778;325;0;4
FR;6;2022-05-11;130;124;11;14;163;20;6;0;0;10709;6311;443;207;8261;798;331;0;4
FR;6;2022-05-12;105;76;7;5;96;15;6;0;1;10814;6387;450;212;8357;813;337;0;5
FR;6;2022-05-13;155;97;17;21;137;22;16;0;0;10969;6484;467;233;8494;835;353;0;5
FR;6;2022-05-14;81;60;6;7;84;15;2;0;0;11050;6544;473;240;8578;850;355;0;5
FR;6;2022-05-15;12;7;0;0;14;0;0;0;0;11062;6551;473;240;8592;850;355;0;5
FR;6;2022-05-16;65;54;6;2;69;12;3;0;0;11127;6605;479;242;8661;862;358;0;5
FR;6;2022-05-17;123;77;5;7;92;11;8;0;0;11250;6682;484;249;8753;873;366;0;5
FR;6;2022-05-18;131;116;5;1;159;13;3;0;0;11381;6798;489;250;8912;886;369;0;5
FR;6;2022-05-19;124;57;6;8;96;9;8;0;0;11505;6855;495;258;9008;895;377;0;5
FR;6;2022-05-20;125;115;13;3;151;18;10;0;0;11630;6970;508;261;9159;913;387;0;5
FR;6;2022-05-21;92;69;14;3;93;12;8;0;0;11722;7039;522;264;9252;925;395;0;5
FR;6;2022-05-22;19;12;5;0;21;4;1;0;0;11741;7051;527;264;9273;929;396;0;5
FR;6;2022-05-23;77;72;4;2;90;7;2;0;0;11818;7123;531;266;9363;936;398;0;5
FR;6;2022-05-24;117;98;8;2;132;16;4;0;0;11935;7221;539;268;9495;952;402;0;5
FR;6;2022-05-25;139;129;6;3;170;11;6;0;0;12074;7350;545;271;9665;963;408;0;5
FR;6;2022-05-26;7;9;3;0;5;9;0;0;0;12081;7359;548;271;9670;972;408;0;5
FR;6;2022-05-27;127;105;15;11;136;18;18;0;1;12208;7464;563;282;9806;990;426;0;6
FR;6;2022-05-28;54;75;1;5;89;8;5;0;0;12262;7539;564;287;9895;998;431;0;6
FR;6;2022-05-29;8;10;0;0;10;1;0;0;0;12270;7549;564;287;9905;999;431;0;6
FR;6;2022-05-30;70;70;7;4;86;4;9;0;0;12340;7619;571;291;9991;1003;440;0;6
FR;6;2022-05-31;87;102;10;2;122;14;7;0;0;12427;7721;581;293;10113;1017;447;0;6
FR;6;2022-06-01;97;89;10;1;111;11;6;0;0;12524;7810;591;294;10224;1028;453;0;6
FR;6;2022-06-02;91;60;6;3;80;9;6;0;0;12615;7870;597;297;10304;1037;459;0;6
FR;6;2022-06-03;126;102;13;7;129;21;8;0;0;12741;7972;610;304;10433;1058;467;0;6
FR;6;2022-06-04;63;51;10;0;64;12;3;0;0;12804;8023;620;304;10497;1070;470;0;6
FR;6;2022-06-05;16;15;2;1;18;4;1;0;0;12820;8038;622;305;10515;1074;471;0;6
FR;6;2022-06-06;9;6;0;0;8;0;0;0;0;12829;8044;622;305;10523;1074;471;0;6
FR;6;2022-06-07;79;90;3;4;117;8;6;0;0;12908;8134;625;309;10640;1082;477;0;6
FR;6;2022-06-08;92;110;13;5;130;20;6;0;0;13000;8244;638;314;10770;1102;483;0;6
FR;6;2022-06-09;75;81;15;3;106;15;8;0;0;13075;8325;653;317;10876;1117;491;0;6
FR;6;2022-06-10;116;93;26;10;121;22;13;0;0;13191;8418;679;327;10997;1139;504;0;6
FR;6;2022-06-11;83;62;6;10;82;12;11;0;0;13274;8480;685;337;11079;1151;515;0;6
FR;6;2022-06-12;6;14;1;0;16;2;0;0;0;13280;8494;686;337;11095;1153;515;0;6
FR;6;2022-06-13;74;59;18;1;68;7;4;0;0;13354;8553;704;338;11163;1160;519;0;6
FR;6;2022-06-14;98;100;8;5;116;16;8;0;0;13452;8653;712;343;11279;1176;527;0;6
FR;6;2022-06-15;80;86;7;8;114;15;10;0;0;13532;8739;719;351;11393;1191;537;0;6
FR;6;2022-06-16;53;40;11;7;45;14;6;0;0;13585;8779;730;358;11438;1205;543;0;6
FR;6;2022-06-17;86;85;3;13;109;11;5;0;0;13671;8864;733;371;11547;1216;548;0;6
FR;6;2022-06-18;71;62;13;0;87;21;1;0;0;13742;8926;746;371;11634;1237;549;0;6
FR;6;2022-06-19;6;6;3;0;7;4;1;0;0;13748;8932;749;371;11641;1241;550;0;6
FR;6;2022-06-20;42;41;4;1;55;6;1;0;0;13790;8973;753;372;11696;1247;551;0;6
FR;6;2022-06-21;59;73;10;7;82;17;7;0;0;13849;9046;763;379;11778;1264;558;0;6
FR;6;2022-06-22;86;85;8;2;98;17;3;0;0;13935;9131;771;381;11876;1281;561;0;6
FR;6;2022-06-23;64;39;13;7;41;15;10;0;0;13999;9170;784;388;11917;1296;571;0;6
FR;6;2022-06-24;77;85;7;14;95;20;16;0;0;14076;9255;791;402;12012;1316;587;0;6
FR;6;2022-06-25;67;61;4;3;77;8;5;0;0;14143;9316;795;405;12089;1324;592;0;6
FR;6;2022-06-26;6;7;1;0;10;1;0;0;0;14149;9323;796;405;12099;1325;592;0;6
FR;6;2022-06-27;51;50;4;9;62;12;7;0;0;14200;9373;800;414;12161;1337;599;0;6
FR;6;2022-06-28;68;47;6;3;53;15;5;0;0;14268;9420;806;417;12214;1352;604;0;6
FR;6;2022-06-29;98;117;26;37;115;19;35;0;5;14366;9537;832;454;12329;1371;639;0;11
FR;6;2022-06-30;84;60;33;10;61;12;7;0;0;14450;9597;865;464;12390;1383;646;0;11
FR;6;2022-07-01;115;94;25;33;102;18;27;0;1;14565;9691;890;497;12492;1401;673;0;12
FR;6;2022-07-02;58;67;26;2;64;37;6;0;0;14623;9758;916;499;12556;1438;679;0;12
FR;6;2022-07-03;11;4;4;3;5;4;3;0;0;14634;9762;920;502;12561;1442;682;0;12
FR;6;2022-07-04;61;43;3;23;55;13;20;0;0;14695;9805;923;525;12616;1455;702;0;12
FR;6;2022-07-05;65;53;19;67;60;27;63;0;0;14760;9858;942;592;12676;1482;765;0;12
FR;6;2022-07-06;94;64;7;11;77;12;17;0;0;14854;9922;949;603;12753;1494;782;0;12
FR;6;2022-07-07;99;79;42;37;99;14;34;0;4;14953;10001;991;640;12852;1508;816;0;16
FR;6;2022-07-08;139;87;42;27;116;10;25;0;3;15092;10088;1033;667;12968;1518;841;0;19
FR;6;2022-07-09;53;51;16;29;51;27;33;0;1;15145;10139;1049;696;13019;1545;874;0;20
FR;6;2022-07-10;3;7;8;0;9;9;0;0;0;15148;10146;1057;696;13028;1554;874;0;20
FR;6;2022-07-11;54;44;5;4;47;12;4;0;0;15202;10190;1062;700;13075;1566;878;0;20
FR;6;2022-07-12;70;72;12;23;87;12;27;0;0;15272;10262;1074;723;13162;1578;905;0;20
FR;6;2022-07-13;84;65;14;21;71;25;22;0;0;15356;10327;1088;744;13233;1603;927;0;20
FR;6;2022-07-14;4;3;1;0;4;1;0;0;0;15360;10330;1089;744;13237;1604;927;0;20
FR;6;2022-07-15;74;59;9;57;85;16;45;0;0;15434;10389;1098;801;13322;1620;972;0;20
FR;6;2022-07-16;27;31;17;0;37;17;3;0;0;15461;10420;1115;801;13359;1637;975;0;20
FR;6;2022-07-17;3;7;0;0;8;0;0;0;0;15464;10427;1115;801;13367;1637;975;0;20
FR;6;2022-07-18;37;62;11;14;60;15;14;0;6;15501;10489;1126;815;13427;1652;989;0;26
FR;6;2022-07-19;54;48;4;19;60;6;21;0;1;15555;10537;1130;834;13487;1658;1010;0;27
FR;6;2022-07-20;53;70;7;22;75;11;27;0;0;15608;10607;1137;856;13562;1669;1037;0;27
FR;6;2022-07-21;51;61;4;7;56;11;9;0;0;15659;10668;1141;863;13618;1680;1046;0;27
FR;6;2022-07-22;55;74;7;26;82;8;16;0;2;15714;10742;1148;889;13700;1688;1062;0;29
FR;6;2022-07-23;38;40;6;10;40;6;9;0;1;15752;10782;1154;899;13740;1694;1071;0;30
FR;6;2022-07-24;11;14;1;3;19;3;3;0;0;15763;10796;1155;902;13759;1697;1074;0;30
FR;6;2022-07-25;60;44;8;12;41;9;13;0;1;15823;10840;1163;914;13800;1706;1087;0;31
FR;6;2022-07-26;47;64;14;6;62;10;13;0;0;15870;10904;1177;920;13862;1716;1100;0;31
FR;6;2022-07-27;54;78;15;11;81;17;15;0;8;15924;10982;1192;931;13943;1733;1115;0;39
FR;6;2022-07-28;30;48;4;6;50;8;7;0;1;15954;11030;1196;937;13993;1741;1122;0;40
FR;6;2022-07-29;43;71;10;38;60;24;36;0;1;15997;11101;1206;975;14053;1765;1158;0;41
FR;6;2022-07-30;26;48;4;15;49;7;15;0;0;16023;11149;1210;990;14102;1772;1173;0;41
FR;6;2022-07-31;0;1;1;0;1;0;1;0;0;16023;11150;1211;990;14103;1772;1174;0;41
FR;6;2022-08-01;39;36;14;8;32;10;6;0;1;16062;11186;1225;998;14135;1782;1180;0;42
FR;6;2022-08-02;37;46;10;14;52;6;16;0;0;16099;11232;1235;1012;14187;1788;1196;0;42
FR;6;2022-08-03;29;52;7;16;53;11;19;0;0;16128;11284;1242;1028;14240;1799;1215;0;42
FR;6;2022-08-04;25;21;4;9;20;6;10;0;1;16153;11305;1246;1037;14260;1805;1225;0;43
FR;6;2022-08-05;43;45;1;7;53;5;7;0;0;16196;11350;1247;1044;14313;1810;1232;0;43
FR;6;2022-08-06;17;27;1;3;33;2;4;0;0;16213;11377;1248;1047;14346;1812;1236;0;43
FR;6;2022-08-07;1;2;0;0;2;0;0;0;0;16214;11379;1248;1047;14348;1812;1236;0;43
FR;6;2022-08-08;24;33;1;0;40;1;0;0;0;16238;11412;1249;1047;14388;1813;1236;0;43
FR;6;2022-08-09;22;30;6;3;29;3;3;0;0;16260;11442;1255;1050;14417;1816;1239;0;43
FR;6;2022-08-10;32;36;5;9;38;5;9;0;5;16292;11478;1260;1059;14455;1821;1248;0;48
FR;6;2022-08-11;33;33;1;1;40;1;0;0;1;16325;11511;1261;1060;14495;1822;1248;0;49
FR;6;2022-08-12;50;44;6;2;50;15;3;0;1;16375;11555;1267;1062;14545;1837;1251;0;50
FR;6;2022-08-13;9;20;0;0;22;1;0;0;0;16384;11575;1267;1062;14567;1838;1251;0;50
FR;6;2022-08-14;3;1;0;0;2;0;0;0;0;16387;11576;1267;1062;14569;1838;1251;0;50
FR;6;2022-08-15;2;3;1;0;4;0;1;0;0;16389;11579;1268;1062;14573;1838;1252;0;50
FR;6;2022-08-16;35;66;21;7;66;7;2;0;0;16424;11645;1289;1069;14639;1845;1254;0;50
FR;6;2022-08-17;32;44;10;9;41;10;6;0;7;16456;11689;1299;1078;14680;1855;1260;0;57
FR;6;2022-08-18;29;55;14;4;61;4;0;0;1;16485;11744;1313;1082;14741;1859;1260;0;58
FR;6;2022-08-19;30;45;5;4;47;3;2;0;1;16515;11789;1318;1086;14788;1862;1262;0;59
FR;6;2022-08-20;26;29;3;0;29;8;1;0;0;16541;11818;1321;1086;14817;1870;1263;0;59
FR;6;2022-08-21;1;5;2;0;5;0;0;0;0;16542;11823;1323;1086;14822;1870;1263;0;59
FR;6;2022-08-22;20;42;15;1;45;0;0;0;0;16562;11865;1338;1087;14867;1870;1263;0;59
FR;6;2022-08-23;34;45;6;7;47;6;4;0;2;16596;11910;1344;1094;14914;1876;1267;0;61
FR;6;2022-08-24;34;30;6;3;36;6;2;0;3;16630;11940;1350;1097;14950;1882;1269;0;64
FR;6;2022-08-25;25;27;1;1;29;5;1;0;0;16655;11967;1351;1098;14979;1887;1270;0;64
FR;6;2022-08-26;38;44;4;4;51;7;7;0;0;16693;12011;1355;1102;15030;1894;1277;0;64
FR;6;2022-08-27;19;21;7;3;22;8;4;0;0;16712;12032;1362;1105;15052;1902;1281;0;64
FR;6;2022-08-28;6;3;0;6;3;1;1;0;4;16718;12035;1362;1111;15055;1903;1282;0;68
FR;6;2022-08-29;26;22;2;6;29;3;6;0;0;16744;12057;1364;1117;15084;1906;1288;0;68
FR;6;2022-08-30;28;35;4;12;33;8;13;0;0;16772;12092;1368;1129;15117;1914;1301;0;68
FR;6;2022-08-31;35;38;2;11;46;3;12;0;0;16807;12130;1370;1140;15163;1917;1313;0;68
FR;6;2022-09-01;17;11;5;1;13;4;3;0;0;16824;12141;1375;1141;15176;1921;1316;0;68
FR;6;2022-09-02;19;14;2;1;13;3;2;0;0;16843;12155;1377;1142;15189;1924;1318;0;68
FR;6;2022-09-03;10;3;1;5;4;2;5;0;0;16853;12158;1378;1147;15193;1926;1323;0;68
FR;6;2022-09-04;4;1;0;0;1;0;0;0;0;16857;12159;1378;1147;15194;1926;1323;0;68
FR;6;2022-09-05;8;7;0;0;10;0;0;0;0;16865;12166;1378;1147;15204;1926;1323;0;68
FR;6;2022-09-06;7;9;7;12;8;6;15;0;0;16872;12175;1385;1159;15212;1932;1338;0;68
FR;6;2022-09-07;3;8;1;0;8;1;0;0;0;16875;12183;1386;1159;15220;1933;1338;0;68
FR;6;2022-09-08;6;4;0;2;3;1;2;0;0;16881;12187;1386;1161;15223;1934;1340;0;68
FR;6;2022-09-09;7;9;2;7;9;3;8;0;0;16888;12196;1388;1168;15232;1937;1348;0;68
FR;6;2022-09-10;3;4;1;0;3;1;1;0;0;16891;12200;1389;1168;15235;1938;1349;0;68
FR;6;2022-09-11;1;3;0;0;3;0;0;0;0;16892;12203;1389;1168;15238;1938;1349;0;68
FR;6;2022-09-12;10;4;1;0;3;3;0;0;0;16902;12207;1390;1168;15241;1941;1349;0;68
FR;6;2022-09-13;7;2;3;0;2;2;2;0;0;16909;12209;1393;1168;15243;1943;1351;0;68
FR;6;2022-09-14;9;8;2;0;7;4;0;0;0;16918;12217;1395;1168;15250;1947;1351;0;68
FR;6;2022-09-15;8;13;5;5;9;9;3;0;2;16926;12230;1400;1173;15259;1956;1354;0;70
FR;6;2022-09-16;25;39;1;1;47;4;1;0;2;16951;12269;1401;1174;15306;1960;1355;0;72
FR;6;2022-09-17;24;22;0;6;24;5;3;0;2;16975;12291;1401;1180;15330;1965;1358;0;74
FR;6;2022-09-18;5;4;0;0;4;1;0;0;0;16980;12295;1401;1180;15334;1966;1358;0;74
FR;6;2022-09-19;30;30;2;1;32;5;1;0;0;17010;12325;1403;1181;15366;1971;1359;0;74
FR;6;2022-09-20;34;25;1;4;29;6;2;0;1;17044;12350;1404;1185;15395;1977;1361;0;75
FR;6;2022-09-21;21;9;3;3;7;7;5;0;3;17065;12359;1407;1188;15402;1984;1366;0;78
FR;6;2022-09-22;19;28;1;22;32;3;21;0;1;17084;12387;1408;1210;15434;1987;1387;0;79
FR;6;2022-09-23;28;41;5;9;47;9;2;0;0;17112;12428;1413;1219;15481;1996;1389;0;79
FR;6;2022-09-24;16;16;4;2;21;6;2;0;0;17128;12444;1417;1221;15502;2002;1391;0;79
FR;6;2022-09-25;3;14;0;0;14;1;0;0;0;17131;12458;1417;1221;15516;2003;1391;0;79
FR;6;2022-09-26;16;13;0;18;12;5;18;0;2;17147;12471;1417;1239;15528;2008;1409;0;81
FR;6;2022-09-27;32;19;2;3;23;4;4;0;0;17179;12490;1419;1242;15551;2012;1413;0;81
FR;6;2022-09-28;27;10;9;11;16;5;17;0;2;17206;12500;1428;1253;15567;2017;1430;0;83
FR;6;2022-09-29;13;13;10;34;16;6;33;0;7;17219;12513;1438;1287;15583;2023;1463;0;90
FR;6;2022-09-30;34;24;5;6;33;5;3;0;0;17253;12537;1443;1293;15616;2028;1466;0;90
FR;6;2022-10-01;17;12;5;8;9;8;8;0;2;17270;12549;1448;1301;15625;2036;1474;0;92
FR;6;2022-10-02;3;0;0;0;1;0;0;0;0;17273;12549;1448;1301;15626;2036;1474;0;92
FR;6;2022-10-03;11;10;3;5;11;4;6;0;0;17284;12559;1451;1306;15637;2040;1480;0;92
FR;6;2022-10-04;19;17;4;28;21;3;30;0;3;17303;12576;1455;1334;15658;2043;1510;0;95
FR;6;2022-10-05;11;12;3;2;9;7;4;0;0;17314;12588;1458;1336;15667;2050;1514;0;95
FR;6;2022-10-06;19;13;4;6;17;2;10;0;0;17333;12601;1462;1342;15684;2052;1524;0;95
FR;6;2022-10-07;27;26;5;24;24;11;16;0;5;17360;12627;1467;1366;15708;2063;1540;0;100
FR;6;2022-10-08;18;13;0;0;16;0;0;0;0;17378;12640;1467;1366;15724;2063;1540;0;100
FR;6;2022-10-09;7;3;4;27;3;4;30;0;6;17385;12643;1471;1393;15727;2067;1570;0;106
FR;6;2022-10-10;15;14;1;16;16;6;13;0;0;17400;12657;1472;1409;15743;2073;1583;0;106
FR;6;2022-10-11;21;23;3;11;22;8;13;0;3;17421;12680;1475;1420;15765;2081;1596;0;109
FR;6;2022-10-12;20;16;7;19;18;3;24;0;7;17441;12696;1482;1439;15783;2084;1620;0;116
FR;6;2022-10-13;28;15;2;36;23;0;38;0;6;17469;12711;1484;1475;15806;2084;1658;0;122
FR;6;2022-10-14;29;23;5;49;23;11;45;0;13;17498;12734;1489;1524;15829;2095;1703;0;135
FR;6;2022-10-15;13;9;0;22;8;4;21;0;6;17511;12743;1489;1546;15837;2099;1724;0;141
FR;6;2022-10-16;4;5;0;6;2;3;6;0;0;17515;12748;1489;1552;15839;2102;1730;0;141
FR;6;2022-10-17;14;14;2;10;14;1;12;0;2;17529;12762;1491;1562;15853;2103;1742;0;143
FR;6;2022-10-18;12;19;9;26;19;4;18;0;11;17541;12781;1500;1588;15872;2107;1760;0;154
FR;6;2022-10-19;10;20;6;16;20;5;19;0;5;17551;12801;1506;1604;15892;2112;1779;0;159
FR;6;2022-10-20;16;15;12;57;18;5;67;0;13;17567;12816;1518;1661;15910;2117;1846;0;172
FR;6;2022-10-21;16;21;9;34;22;11;37;0;10;17583;12837;1527;1695;15932;2128;1883;0;182
FR;6;2022-10-22;19;14;1;4;17;3;4;0;0;17602;12851;1528;1699;15949;2131;1887;0;182
FR;6;2022-10-23;3;2;1;0;3;0;1;0;0;17605;12853;1529;1699;15952;2131;1888;0;182
FR;6;2022-10-24;12;14;2;7;14;6;5;0;2;17617;12867;1531;1706;15966;2137;1893;0;184
FR;6;2022-10-25;20;13;6;17;16;7;19;0;4;17637;12880;1537;1723;15982;2144;1912;0;188
FR;6;2022-10-26;17;9;4;13;12;4;15;0;5;17654;12889;1541;1736;15994;2148;1927;0;193
FR;6;2022-10-27;20;7;8;37;10;6;36;0;14;17674;12896;1549;1773;16004;2154;1963;0;207
FR;6;2022-10-28;21;27;3;4;28;6;5;0;1;17695;12923;1552;1777;16032;2160;1968;0;208
FR;6;2022-10-29;7;11;5;11;10;6;14;0;12;17702;12934;1557;1788;16042;2166;1982;0;220
FR;6;2022-10-30;2;5;0;0;5;0;0;0;0;17704;12939;1557;1788;16047;2166;1982;0;220
FR;6;2022-10-31;20;14;2;13;17;4;12;0;3;17724;12953;1559;1801;16064;2170;1994;0;223
FR;6;2022-11-01;2;1;1;0;1;1;0;0;0;17726;12954;1560;1801;16065;2171;1994;0;223
FR;6;2022-11-02;15;25;9;21;26;11;19;0;12;17741;12979;1569;1822;16091;2182;2013;0;235
FR;6;2022-11-03;17;17;11;39;20;8;43;0;9;17758;12996;1580;1861;16111;2190;2056;0;244
FR;6;2022-11-04;19;22;9;16;27;5;16;0;10;17777;13018;1589;1877;16138;2195;2072;0;254
FR;6;2022-11-05;9;16;2;4;17;4;6;0;0;17786;13034;1591;1881;16155;2199;2078;0;254
FR;6;2022-11-06;5;1;0;0;1;0;0;0;0;17791;13035;1591;1881;16156;2199;2078;0;254
FR;6;2022-11-07;18;10;6;17;12;4;18;0;11;17809;13045;1597;1898;16168;2203;2096;0;265
FR;6;2022-11-08;18;10;2;3;8;5;5;0;4;17827;13055;1599;1901;16176;2208;2101;0;269
FR;6;2022-11-09;16;22;1;6;21;4;5;0;4;17843;13077;1600;1907;16197;2212;2106;0;273
FR;6;2022-11-10;10;10;4;12;8;5;11;0;10;17853;13087;1604;1919;16205;2217;2117;0;283
FR;6;2022-11-11;4;1;0;0;1;1;0;0;0;17857;13088;1604;1919;16206;2218;2117;0;283
FR;6;2022-11-12;4;11;1;7;11;2;5;0;9;17861;13099;1605;1926;16217;2220;2122;0;292
FR;6;2022-11-13;1;1;0;1;1;0;1;0;0;17862;13100;1605;1927;16218;2220;2123;0;292
FR;6;2022-11-14;13;10;7;32;14;8;33;0;14;17875;13110;1612;1959;16232;2228;2156;0;306
FR;6;2022-11-15;7;18;1;11;16;4;7;0;2;17882;13128;1613;1970;16248;2232;2163;0;308
FR;6;2022-11-16;16;15;9;32;17;3;42;0;9;17898;13143;1622;2002;16265;2235;2205;0;317
FR;6;2022-11-17;10;8;1;29;8;2;28;0;5;17908;13151;1623;2031;16273;2237;2233;0;322
FR;6;2022-11-18;20;12;5;23;16;4;25;0;7;17928;13163;1628;2054;16289;2241;2258;0;329
FR;6;2022-11-19;5;13;0;2;11;3;2;0;1;17933;13176;1628;2056;16300;2244;2260;0;330
FR;6;2022-11-20;2;1;2;0;1;2;0;0;0;17935;13177;1630;2056;16301;2246;2260;0;330
FR;6;2022-11-21;22;13;1;14;14;6;11;0;3;17957;13190;1631;2070;16315;2252;2271;0;333
FR;6;2022-11-22;14;9;0;4;11;1;3;0;1;17971;13199;1631;2074;16326;2253;2274;0;334
FR;6;2022-11-23;14;15;15;23;17;9;31;0;8;17985;13214;1646;2097;16343;2262;2305;0;342
FR;6;2022-11-24;14;17;1;11;19;5;10;0;7;17999;13231;1647;2108;16362;2267;2315;0;349
FR;6;2022-11-25;23;15;5;50;15;5;47;0;5;18022;13246;1652;2158;16377;2272;2362;0;354
FR;6;2022-11-26;9;5;2;4;3;2;5;0;1;18031;13251;1654;2162;16380;2274;2367;0;355
FR;6;2022-11-27;1;4;0;0;4;0;0;0;0;18032;13255;1654;2162;16384;2274;2367;0;355
FR;6;2022-11-28;9;11;6;22;11;3;24;0;11;18041;13266;1660;2184;16395;2277;2391;0;366
FR;6;2022-11-29;15;10;1;12;14;1;8;0;7;18056;13276;1661;2196;16409;2278;2399;0;373
FR;6;2022-11-30;18;20;8;23;19;12;22;0;8;18074;13296;1669;2219;16428;2290;2421;0;381
FR;6;2022-12-01;12;8;7;20;10;4;24;0;9;18086;13304;1676;2239;16438;2294;2445;0;390
FR;6;2022-12-02;16;9;12;36;12;8;42;0;1;18102;13313;1688;2275;16450;2302;2487;0;391
FR;6;2022-12-03;13;3;13;20;6;5;28;0;13;18115;13316;1701;2295;16456;2307;2515;0;404
FR;6;2022-12-04;3;1;0;2;1;0;2;0;0;18118;13317;1701;2297;16457;2307;2517;0;404
FR;6;2022-12-05;11;10;7;16;11;4;19;0;8;18129;13327;1708;2313;16468;2311;2536;0;412
FR;6;2022-12-06;10;19;3;30;12;11;28;0;3;18139;13346;1711;2343;16480;2322;2564;0;415
FR;6;2022-12-07;17;8;10;56;10;8;57;0;30;18156;13354;1721;2399;16490;2330;2621;0;445
FR;6;2022-12-08;9;13;8;19;11;7;21;0;13;18165;13367;1729;2418;16501;2337;2642;0;458
FR;6;2022-12-09;15;9;5;29;12;4;30;0;6;18180;13376;1734;2447;16513;2341;2672;0;464
FR;6;2022-12-10;12;9;6;9;7;4;14;0;7;18192;13385;1740;2456;16520;2345;2686;0;471
FR;6;2022-12-11;4;2;1;0;2;1;0;0;0;18196;13387;1741;2456;16522;2346;2686;0;471
FR;6;2022-12-12;17;10;8;36;14;9;33;0;17;18213;13397;1749;2492;16536;2355;2719;0;488
FR;6;2022-12-13;17;21;12;66;16;18;65;0;14;18230;13418;1761;2558;16552;2373;2784;0;502
FR;6;2022-12-14;14;13;8;53;11;12;53;0;14;18244;13431;1769;2611;16563;2385;2837;0;516
FR;6;2022-12-15;12;15;14;38;13;9;44;0;9;18256;13446;1783;2649;16576;2394;2881;0;525
FR;6;2022-12-16;18;14;15;39;15;14;39;0;13;18274;13460;1798;2688;16591;2408;2920;0;538
FR;6;2022-12-17;11;10;15;28;8;15;29;0;8;18285;13470;1813;2716;16599;2423;2949;0;546
FR;6;2022-12-18;7;4;0;2;5;0;2;0;0;18292;13474;1813;2718;16604;2423;2951;0;546
FR;6;2022-12-19;12;8;9;29;8;12;29;0;15;18304;13482;1822;2747;16612;2435;2980;0;561
FR;6;2022-12-20;17;23;11;23;17;19;22;0;21;18321;13505;1833;2770;16629;2454;3002;0;582
FR;6;2022-12-21;23;16;9;19;13;13;17;0;5;18344;13521;1842;2789;16642;2467;3019;0;587
FR;6;2022-12-22;13;14;9;21;15;13;18;0;11;18357;13535;1851;2810;16657;2480;3037;0;598
FR;6;2022-12-23;10;19;11;7;14;17;7;0;3;18367;13554;1862;2817;16671;2497;3044;0;601
FR;6;2022-12-24;4;5;3;0;5;2;2;0;0;18371;13559;1865;2817;16676;2499;3046;0;601
FR;6;2022-12-25;0;0;0;0;0;0;0;0;0;18371;13559;1865;2817;16676;2499;3046;0;601
FR;6;2022-12-26;8;12;12;11;10;18;11;0;3;18379;13571;1877;2828;16686;2517;3057;0;604
FR;6;2022-12-27;17;13;15;8;12;19;8;0;0;18396;13584;1892;2836;16698;2536;3065;0;604
FR;6;2022-12-28;15;19;6;8;18;9;9;0;4;18411;13603;1898;2844;16716;2545;3074;0;608
FR;6;2022-12-29;15;12;7;8;10;9;9;0;7;18426;13615;1905;2852;16726;2554;3083;0;615
FR;6;2022-12-30;20;19;13;8;20;13;11;0;4;18446;13634;1918;2860;16746;2567;3094;0;619
FR;6;2022-12-31;5;2;6;1;4;7;1;0;1;18451;13636;1924;2861;16750;2574;3095;0;620
FR;6;2023-01-01;2;1;0;3;0;3;0;0;1;18453;13637;1924;2864;16750;2577;3095;0;621
FR;6;2023-01-02;9;14;2;3;10;7;3;0;0;18462;13651;1926;2867;16760;2584;3098;0;621
FR;6;2023-01-03;7;17;9;21;17;9;21;0;7;18469;13668;1935;2888;16777;2593;3119;0;628
FR;6;2023-01-04;9;9;4;10;8;8;6;0;14;18478;13677;1939;2898;16785;2601;3125;0;642
FR;6;2023-01-05;9;11;6;23;10;3;26;0;8;18487;13688;1945;2921;16795;2604;3151;0;650
FR;6;2023-01-06;16;24;14;22;21;16;21;0;14;18503;13712;1959;2943;16816;2620;3172;0;664
FR;6;2023-01-07;9;19;4;1;10;13;3;0;1;18512;13731;1963;2944;16826;2633;3175;0;665
FR;6;2023-01-08;2;7;4;11;6;4;11;0;3;18514;13738;1967;2955;16832;2637;3186;0;668
FR;6;2023-01-09;16;9;5;35;8;7;34;0;17;18530;13747;1972;2990;16840;2644;3220;0;685
FR;6;2023-01-10;10;15;13;23;13;10;26;0;9;18540;13762;1985;3013;16853;2654;3246;0;694
FR;6;2023-01-11;15;14;5;16;17;6;14;0;12;18555;13776;1990;3029;16870;2660;3260;0;706
FR;8;2020-12-27;0;0;0;0;0;0;0;0;0;0;0;0;0;0;0;0;0;0
FR;8;2020-12-28;0;0;0;0;0;0;0;0;0;0;0;0;0;0;0;0;0;0
FR;8;2020-12-29;0;0;0;0;0;0;0;0;0;0;0;0;0;0;0;0;0;0
FR;8;2020-12-30;0;0;0;0;0;0;0;0;0;0;0;0;0;0;0;0;0;0
FR;8;2020-12-31;0;0;0;0;0;0;0;0;0;0;0;0;0;0;0;0;0;0
FR;8;2021-01-01;0;0;0;0;0;0;0;0;0;0;0;0;0;0;0;0;0;0
FR;8;2021-01-02;0;0;0;0;0;0;0;0;0;0;0;0;0;0;0;0;0;0
FR;8;2021-01-03;0;0;0;0;0;0;0;0;0;0;0;0;0;0;0;0;0;0
FR;8;2021-01-04;0;0;0;0;0;0;0;0;0;0;0;0;0;0;0;0;0;0
FR;8;2021-01-05;0;0;0;0;0;0;0;0;0;0;0;0;0;0;0;0;0;0
FR;8;2021-01-06;0;0;0;0;0;0;0;0;0;0;0;0;0;0;0;0;0;0
FR;8;2021-01-07;0;0;0;0;0;0;0;0;0;0;0;0;0;0;0;0;0;0
FR;8;2021-01-08;0;0;0;0;0;0;0;0;0;0;0;0;0;0;0;0;0;0
FR;8;2021-01-09;0;0;0;0;0;0;0;0;0;0;0;0;0;0;0;0;0;0
FR;8;2021-01-10;0;0;0;0;0;0;0;0;0;0;0;0;0;0;0;0;0;0
FR;8;2021-01-11;0;0;0;0;0;0;0;0;0;0;0;0;0;0;0;0;0;0
FR;8;2021-01-12;0;0;0;0;0;0;0;0;0;0;0;0;0;0;0;0;0;0
FR;8;2021-01-13;0;0;0;0;0;0;0;0;0;0;0;0;0;0;0;0;0;0
FR;8;2021-01-14;0;0;0;0;0;0;0;0;0;0;0;0;0;0;0;0;0;0
FR;8;2021-01-15;0;0;0;0;0;0;0;0;0;0;0;0;0;0;0;0;0;0
FR;8;2021-01-16;0;0;0;0;0;0;0;0;0;0;0;0;0;0;0;0;0;0
FR;8;2021-01-17;0;0;0;0;0;0;0;0;0;0;0;0;0;0;0;0;0;0
FR;8;2021-01-18;0;0;0;0;0;0;0;0;0;0;0;0;0;0;0;0;0;0
FR;8;2021-01-19;0;0;0;0;0;0;0;0;0;0;0;0;0;0;0;0;0;0
FR;8;2021-01-20;0;0;0;0;0;0;0;0;0;0;0;0;0;0;0;0;0;0
FR;8;2021-01-21;0;0;0;0;0;0;0;0;0;0;0;0;0;0;0;0;0;0
FR;8;2021-01-22;0;0;0;0;0;0;0;0;0;0;0;0;0;0;0;0;0;0
FR;8;2021-01-23;0;0;0;0;0;0;0;0;0;0;0;0;0;0;0;0;0;0
FR;8;2021-01-24;0;0;0;0;0;0;0;0;0;0;0;0;0;0;0;0;0;0
FR;8;2021-01-25;0;0;0;0;0;0;0;0;0;0;0;0;0;0;0;0;0;0
FR;8;2021-01-26;0;0;0;0;0;0;0;0;0;0;0;0;0;0;0;0;0;0
FR;8;2021-01-27;0;0;0;0;0;0;0;0;0;0;0;0;0;0;0;0;0;0
FR;8;2021-01-28;0;0;0;0;0;0;0;0;0;0;0;0;0;0;0;0;0;0
FR;8;2021-01-29;0;0;0;0;0;0;0;0;0;0;0;0;0;0;0;0;0;0
FR;8;2021-01-30;0;0;0;0;0;0;0;0;0;0;0;0;0;0;0;0;0;0
FR;8;2021-01-31;0;0;0;0;0;0;0;0;0;0;0;0;0;0;0;0;0;0
FR;8;2021-02-01;0;0;0;0;0;0;0;0;0;0;0;0;0;0;0;0;0;0
FR;8;2021-02-02;0;0;0;0;0;0;0;0;0;0;0;0;0;0;0;0;0;0
FR;8;2021-02-03;0;0;0;0;0;0;0;0;0;0;0;0;0;0;0;0;0;0
FR;8;2021-02-04;0;0;0;0;0;0;0;0;0;0;0;0;0;0;0;0;0;0
FR;8;2021-02-05;0;0;0;0;0;0;0;0;0;0;0;0;0;0;0;0;0;0
FR;8;2021-02-06;0;0;0;0;0;0;0;0;0;0;0;0;0;0;0;0;0;0
FR;8;2021-02-07;0;0;0;0;0;0;0;0;0;0;0;0;0;0;0;0;0;0
FR;8;2021-02-08;0;0;0;0;0;0;0;0;0;0;0;0;0;0;0;0;0;0
FR;8;2021-02-09;0;0;0;0;0;0;0;0;0;0;0;0;0;0;0;0;0;0
FR;8;2021-02-10;0;0;0;0;0;0;0;0;0;0;0;0;0;0;0;0;0;0
FR;8;2021-02-11;0;0;0;0;0;0;0;0;0;0;0;0;0;0;0;0;0;0
FR;8;2021-02-12;0;0;0;0;0;0;0;0;0;0;0;0;0;0;0;0;0;0
FR;8;2021-02-13;0;0;0;0;0;0;0;0;0;0;0;0;0;0;0;0;0;0
FR;8;2021-02-14;0;0;0;0;0;0;0;0;0;0;0;0;0;0;0;0;0;0
FR;8;2021-02-15;0;0;0;0;0;0;0;0;0;0;0;0;0;0;0;0;0;0
FR;8;2021-02-16;0;0;0;0;0;0;0;0;0;0;0;0;0;0;0;0;0;0
FR;8;2021-02-17;0;0;0;0;0;0;0;0;0;0;0;0;0;0;0;0;0;0
FR;8;2021-02-18;0;0;0;0;0;0;0;0;0;0;0;0;0;0;0;0;0;0
FR;8;2021-02-19;0;0;0;0;0;0;0;0;0;0;0;0;0;0;0;0;0;0
FR;8;2021-02-20;0;0;0;0;0;0;0;0;0;0;0;0;0;0;0;0;0;0
FR;8;2021-02-21;0;0;0;0;0;0;0;0;0;0;0;0;0;0;0;0;0;0
FR;8;2021-02-22;0;0;0;0;0;0;0;0;0;0;0;0;0;0;0;0;0;0
FR;8;2021-02-23;0;0;0;0;0;0;0;0;0;0;0;0;0;0;0;0;0;0
FR;8;2021-02-24;0;0;0;0;0;0;0;0;0;0;0;0;0;0;0;0;0;0
FR;8;2021-02-25;0;0;0;0;0;0;0;0;0;0;0;0;0;0;0;0;0;0
FR;8;2021-02-26;0;0;0;0;0;0;0;0;0;0;0;0;0;0;0;0;0;0
FR;8;2021-02-27;0;0;0;0;0;0;0;0;0;0;0;0;0;0;0;0;0;0
FR;8;2021-02-28;0;0;0;0;0;0;0;0;0;0;0;0;0;0;0;0;0;0
FR;8;2021-03-01;0;0;0;0;0;0;0;0;0;0;0;0;0;0;0;0;0;0
FR;8;2021-03-02;0;0;0;0;0;0;0;0;0;0;0;0;0;0;0;0;0;0
FR;8;2021-03-03;0;0;0;0;0;0;0;0;0;0;0;0;0;0;0;0;0;0
FR;8;2021-03-04;0;0;0;0;0;0;0;0;0;0;0;0;0;0;0;0;0;0
FR;8;2021-03-05;0;0;0;0;0;0;0;0;0;0;0;0;0;0;0;0;0;0
FR;8;2021-03-06;0;0;0;0;0;0;0;0;0;0;0;0;0;0;0;0;0;0
FR;8;2021-03-07;0;0;0;0;0;0;0;0;0;0;0;0;0;0;0;0;0;0
FR;8;2021-03-08;0;0;0;0;0;0;0;0;0;0;0;0;0;0;0;0;0;0
FR;8;2021-03-09;0;0;0;0;0;0;0;0;0;0;0;0;0;0;0;0;0;0
FR;8;2021-03-10;0;0;0;0;0;0;0;0;0;0;0;0;0;0;0;0;0;0
FR;8;2021-03-11;0;0;0;0;0;0;0;0;0;0;0;0;0;0;0;0;0;0
FR;8;2021-03-12;0;0;0;0;0;0;0;0;0;0;0;0;0;0;0;0;0;0
FR;8;2021-03-13;0;0;0;0;0;0;0;0;0;0;0;0;0;0;0;0;0;0
FR;8;2021-03-14;0;0;0;0;0;0;0;0;0;0;0;0;0;0;0;0;0;0
FR;8;2021-03-15;0;0;0;0;0;0;0;0;0;0;0;0;0;0;0;0;0;0
FR;8;2021-03-16;0;0;0;0;0;0;0;0;0;0;0;0;0;0;0;0;0;0
FR;8;2021-03-17;0;0;0;0;0;0;0;0;0;0;0;0;0;0;0;0;0;0
FR;8;2021-03-18;0;0;0;0;0;0;0;0;0;0;0;0;0;0;0;0;0;0
FR;8;2021-03-19;0;0;0;0;0;0;0;0;0;0;0;0;0;0;0;0;0;0
FR;8;2021-03-20;0;0;0;0;0;0;0;0;0;0;0;0;0;0;0;0;0;0
FR;8;2021-03-21;0;0;0;0;0;0;0;0;0;0;0;0;0;0;0;0;0;0
FR;8;2021-03-22;0;0;0;0;0;0;0;0;0;0;0;0;0;0;0;0;0;0
FR;8;2021-03-23;0;0;0;0;0;0;0;0;0;0;0;0;0;0;0;0;0;0
FR;8;2021-03-24;0;0;0;0;0;0;0;0;0;0;0;0;0;0;0;0;0;0
FR;8;2021-03-25;0;0;0;0;0;0;0;0;0;0;0;0;0;0;0;0;0;0
FR;8;2021-03-26;0;0;0;0;0;0;0;0;0;0;0;0;0;0;0;0;0;0
FR;8;2021-03-27;0;0;0;0;0;0;0;0;0;0;0;0;0;0;0;0;0;0
FR;8;2021-03-28;0;0;0;0;0;0;0;0;0;0;0;0;0;0;0;0;0;0
FR;8;2021-03-29;0;0;0;0;0;0;0;0;0;0;0;0;0;0;0;0;0;0
FR;8;2021-03-30;0;0;0;0;0;0;0;0;0;0;0;0;0;0;0;0;0;0
FR;8;2021-03-31;0;0;0;0;0;0;0;0;0;0;0;0;0;0;0;0;0;0
FR;8;2021-04-01;0;0;0;0;0;0;0;0;0;0;0;0;0;0;0;0;0;0
FR;8;2021-04-02;0;0;0;0;0;0;0;0;0;0;0;0;0;0;0;0;0;0
FR;8;2021-04-03;0;0;0;0;0;0;0;0;0;0;0;0;0;0;0;0;0;0
FR;8;2021-04-04;0;0;0;0;0;0;0;0;0;0;0;0;0;0;0;0;0;0
FR;8;2021-04-05;0;0;0;0;0;0;0;0;0;0;0;0;0;0;0;0;0;0
FR;8;2021-04-06;0;0;0;0;0;0;0;0;0;0;0;0;0;0;0;0;0;0
FR;8;2021-04-07;0;0;0;0;0;0;0;0;0;0;0;0;0;0;0;0;0;0
FR;8;2021-04-08;0;0;0;0;0;0;0;0;0;0;0;0;0;0;0;0;0;0
FR;8;2021-04-09;0;0;0;0;0;0;0;0;0;0;0;0;0;0;0;0;0;0
FR;8;2021-04-10;0;0;0;0;0;0;0;0;0;0;0;0;0;0;0;0;0;0
FR;8;2021-04-11;0;0;0;0;0;0;0;0;0;0;0;0;0;0;0;0;0;0
FR;8;2021-04-12;0;0;0;0;0;0;0;0;0;0;0;0;0;0;0;0;0;0
FR;8;2021-04-13;0;0;0;0;0;0;0;0;0;0;0;0;0;0;0;0;0;0
FR;8;2021-04-14;0;0;0;0;0;0;0;0;0;0;0;0;0;0;0;0;0;0
FR;8;2021-04-15;0;0;0;0;0;0;0;0;0;0;0;0;0;0;0;0;0;0
FR;8;2021-04-16;0;0;0;0;0;0;0;0;0;0;0;0;0;0;0;0;0;0
FR;8;2021-04-17;0;0;0;0;0;0;0;0;0;0;0;0;0;0;0;0;0;0
FR;8;2021-04-18;0;0;0;0;0;0;0;0;0;0;0;0;0;0;0;0;0;0
FR;8;2021-04-19;0;0;0;0;0;0;0;0;0;0;0;0;0;0;0;0;0;0
FR;8;2021-04-20;0;0;0;0;0;0;0;0;0;0;0;0;0;0;0;0;0;0
FR;8;2021-04-21;0;0;0;0;0;0;0;0;0;0;0;0;0;0;0;0;0;0
FR;8;2021-04-22;0;0;0;0;0;0;0;0;0;0;0;0;0;0;0;0;0;0
FR;8;2021-04-23;0;0;0;0;0;0;0;0;0;0;0;0;0;0;0;0;0;0
FR;8;2021-04-24;0;0;0;0;0;0;0;0;0;0;0;0;0;0;0;0;0;0
FR;8;2021-04-25;0;0;0;0;0;0;0;0;0;0;0;0;0;0;0;0;0;0
FR;8;2021-04-26;0;0;0;0;0;0;0;0;0;0;0;0;0;0;0;0;0;0
FR;8;2021-04-27;0;0;0;0;0;0;0;0;0;0;0;0;0;0;0;0;0;0
FR;8;2021-04-28;0;0;0;0;0;0;0;0;0;0;0;0;0;0;0;0;0;0
FR;8;2021-04-29;0;0;0;0;0;0;0;0;0;0;0;0;0;0;0;0;0;0
FR;8;2021-04-30;0;0;0;0;0;0;0;0;0;0;0;0;0;0;0;0;0;0
FR;8;2021-05-01;0;0;0;0;0;0;0;0;0;0;0;0;0;0;0;0;0;0
FR;8;2021-05-02;0;0;0;0;0;0;0;0;0;0;0;0;0;0;0;0;0;0
FR;8;2021-05-03;0;0;0;0;0;0;0;0;0;0;0;0;0;0;0;0;0;0
FR;8;2021-05-04;0;0;0;0;0;0;0;0;0;0;0;0;0;0;0;0;0;0
FR;8;2021-05-05;0;0;0;0;0;0;0;0;0;0;0;0;0;0;0;0;0;0
FR;8;2021-05-06;0;0;0;0;0;0;0;0;0;0;0;0;0;0;0;0;0;0
FR;8;2021-05-07;0;0;0;0;0;0;0;0;0;0;0;0;0;0;0;0;0;0
FR;8;2021-05-08;0;0;0;0;0;0;0;0;0;0;0;0;0;0;0;0;0;0
FR;8;2021-05-09;0;0;0;0;0;0;0;0;0;0;0;0;0;0;0;0;0;0
FR;8;2021-05-10;0;0;0;0;0;0;0;0;0;0;0;0;0;0;0;0;0;0
FR;8;2021-05-11;0;0;0;0;0;0;0;0;0;0;0;0;0;0;0;0;0;0
FR;8;2021-05-12;0;0;0;0;0;0;0;0;0;0;0;0;0;0;0;0;0;0
FR;8;2021-05-13;0;0;0;0;0;0;0;0;0;0;0;0;0;0;0;0;0;0
FR;8;2021-05-14;0;0;0;0;0;0;0;0;0;0;0;0;0;0;0;0;0;0
FR;8;2021-05-15;0;0;0;0;0;0;0;0;0;0;0;0;0;0;0;0;0;0
FR;8;2021-05-16;0;0;0;0;0;0;0;0;0;0;0;0;0;0;0;0;0;0
FR;8;2021-05-17;0;0;0;0;0;0;0;0;0;0;0;0;0;0;0;0;0;0
FR;8;2021-05-18;0;0;0;0;0;0;0;0;0;0;0;0;0;0;0;0;0;0
FR;8;2021-05-19;0;0;0;0;0;0;0;0;0;0;0;0;0;0;0;0;0;0
FR;8;2021-05-20;0;0;0;0;0;0;0;0;0;0;0;0;0;0;0;0;0;0
FR;8;2021-05-21;0;0;0;0;0;0;0;0;0;0;0;0;0;0;0;0;0;0
FR;8;2021-05-22;0;0;0;0;0;0;0;0;0;0;0;0;0;0;0;0;0;0
FR;8;2021-05-23;0;0;0;0;0;0;0;0;0;0;0;0;0;0;0;0;0;0
FR;8;2021-05-24;0;0;0;0;0;0;0;0;0;0;0;0;0;0;0;0;0;0
FR;8;2021-05-25;0;0;0;0;0;0;0;0;0;0;0;0;0;0;0;0;0;0
FR;8;2021-05-26;0;0;0;0;0;0;0;0;0;0;0;0;0;0;0;0;0;0
FR;8;2021-05-27;0;0;0;0;0;0;0;0;0;0;0;0;0;0;0;0;0;0
FR;8;2021-05-28;0;0;0;0;0;0;0;0;0;0;0;0;0;0;0;0;0;0
FR;8;2021-05-29;0;0;0;0;0;0;0;0;0;0;0;0;0;0;0;0;0;0
FR;8;2021-05-30;0;0;0;0;0;0;0;0;0;0;0;0;0;0;0;0;0;0
FR;8;2021-05-31;0;0;0;0;0;0;0;0;0;0;0;0;0;0;0;0;0;0
FR;8;2021-06-01;0;0;0;0;0;0;0;0;0;0;0;0;0;0;0;0;0;0
FR;8;2021-06-02;0;0;0;0;0;0;0;0;0;0;0;0;0;0;0;0;0;0
FR;8;2021-06-03;0;0;0;0;0;0;0;0;0;0;0;0;0;0;0;0;0;0
FR;8;2021-06-04;0;0;0;0;0;0;0;0;0;0;0;0;0;0;0;0;0;0
FR;8;2021-06-05;0;0;0;0;0;0;0;0;0;0;0;0;0;0;0;0;0;0
FR;8;2021-06-06;0;0;0;0;0;0;0;0;0;0;0;0;0;0;0;0;0;0
FR;8;2021-06-07;0;0;0;0;0;0;0;0;0;0;0;0;0;0;0;0;0;0
FR;8;2021-06-08;0;0;0;0;0;0;0;0;0;0;0;0;0;0;0;0;0;0
FR;8;2021-06-09;0;0;0;0;0;0;0;0;0;0;0;0;0;0;0;0;0;0
FR;8;2021-06-10;0;0;0;0;0;0;0;0;0;0;0;0;0;0;0;0;0;0
FR;8;2021-06-11;0;0;0;0;0;0;0;0;0;0;0;0;0;0;0;0;0;0
FR;8;2021-06-12;0;0;0;0;0;0;0;0;0;0;0;0;0;0;0;0;0;0
FR;8;2021-06-13;0;0;0;0;0;0;0;0;0;0;0;0;0;0;0;0;0;0
FR;8;2021-06-14;0;0;0;0;0;0;0;0;0;0;0;0;0;0;0;0;0;0
FR;8;2021-06-15;0;0;0;0;0;0;0;0;0;0;0;0;0;0;0;0;0;0
FR;8;2021-06-16;0;0;0;0;0;0;0;0;0;0;0;0;0;0;0;0;0;0
FR;8;2021-06-17;0;0;0;0;0;0;0;0;0;0;0;0;0;0;0;0;0;0
FR;8;2021-06-18;0;0;0;0;0;0;0;0;0;0;0;0;0;0;0;0;0;0
FR;8;2021-06-19;0;0;0;0;0;0;0;0;0;0;0;0;0;0;0;0;0;0
FR;8;2021-06-20;0;0;0;0;0;0;0;0;0;0;0;0;0;0;0;0;0;0
FR;8;2021-06-21;0;0;0;0;0;0;0;0;0;0;0;0;0;0;0;0;0;0
FR;8;2021-06-22;0;0;0;0;0;0;0;0;0;0;0;0;0;0;0;0;0;0
FR;8;2021-06-23;0;0;0;0;0;0;0;0;0;0;0;0;0;0;0;0;0;0
FR;8;2021-06-24;0;0;0;0;0;0;0;0;0;0;0;0;0;0;0;0;0;0
FR;8;2021-06-25;0;0;0;0;0;0;0;0;0;0;0;0;0;0;0;0;0;0
FR;8;2021-06-26;0;0;0;0;0;0;0;0;0;0;0;0;0;0;0;0;0;0
FR;8;2021-06-27;0;0;0;0;0;0;0;0;0;0;0;0;0;0;0;0;0;0
FR;8;2021-06-28;0;0;0;0;0;0;0;0;0;0;0;0;0;0;0;0;0;0
FR;8;2021-06-29;0;0;0;0;0;0;0;0;0;0;0;0;0;0;0;0;0;0
FR;8;2021-06-30;0;0;0;0;0;0;0;0;0;0;0;0;0;0;0;0;0;0
FR;8;2021-07-01;0;0;0;0;0;0;0;0;0;0;0;0;0;0;0;0;0;0
FR;8;2021-07-02;0;0;0;0;0;0;0;0;0;0;0;0;0;0;0;0;0;0
FR;8;2021-07-03;0;0;0;0;0;0;0;0;0;0;0;0;0;0;0;0;0;0
FR;8;2021-07-04;0;0;0;0;0;0;0;0;0;0;0;0;0;0;0;0;0;0
FR;8;2021-07-05;0;0;0;0;0;0;0;0;0;0;0;0;0;0;0;0;0;0
FR;8;2021-07-06;0;0;0;0;0;0;0;0;0;0;0;0;0;0;0;0;0;0
FR;8;2021-07-07;0;0;0;0;0;0;0;0;0;0;0;0;0;0;0;0;0;0
FR;8;2021-07-08;0;0;0;0;0;0;0;0;0;0;0;0;0;0;0;0;0;0
FR;8;2021-07-09;0;0;0;0;0;0;0;0;0;0;0;0;0;0;0;0;0;0
FR;8;2021-07-10;0;0;0;0;0;0;0;0;0;0;0;0;0;0;0;0;0;0
FR;8;2021-07-11;0;0;0;0;0;0;0;0;0;0;0;0;0;0;0;0;0;0
FR;8;2021-07-12;0;0;0;0;0;0;0;0;0;0;0;0;0;0;0;0;0;0
FR;8;2021-07-13;0;0;0;0;0;0;0;0;0;0;0;0;0;0;0;0;0;0
FR;8;2021-07-14;0;0;0;0;0;0;0;0;0;0;0;0;0;0;0;0;0;0
FR;8;2021-07-15;0;0;0;0;0;0;0;0;0;0;0;0;0;0;0;0;0;0
FR;8;2021-07-16;0;0;0;0;0;0;0;0;0;0;0;0;0;0;0;0;0;0
FR;8;2021-07-17;0;0;0;0;0;0;0;0;0;0;0;0;0;0;0;0;0;0
FR;8;2021-07-18;0;0;0;0;0;0;0;0;0;0;0;0;0;0;0;0;0;0
FR;8;2021-07-19;0;0;0;0;0;0;0;0;0;0;0;0;0;0;0;0;0;0
FR;8;2021-07-20;0;0;0;0;0;0;0;0;0;0;0;0;0;0;0;0;0;0
FR;8;2021-07-21;0;0;0;0;0;0;0;0;0;0;0;0;0;0;0;0;0;0
FR;8;2021-07-22;0;0;0;0;0;0;0;0;0;0;0;0;0;0;0;0;0;0
FR;8;2021-07-23;0;0;0;0;0;0;0;0;0;0;0;0;0;0;0;0;0;0
FR;8;2021-07-24;0;0;0;0;0;0;0;0;0;0;0;0;0;0;0;0;0;0
FR;8;2021-07-25;0;0;0;0;0;0;0;0;0;0;0;0;0;0;0;0;0;0
FR;8;2021-07-26;0;0;0;0;0;0;0;0;0;0;0;0;0;0;0;0;0;0
FR;8;2021-07-27;0;0;0;0;0;0;0;0;0;0;0;0;0;0;0;0;0;0
FR;8;2021-07-28;0;0;0;0;0;0;0;0;0;0;0;0;0;0;0;0;0;0
FR;8;2021-07-29;0;0;0;0;0;0;0;0;0;0;0;0;0;0;0;0;0;0
FR;8;2021-07-30;0;0;0;0;0;0;0;0;0;0;0;0;0;0;0;0;0;0
FR;8;2021-07-31;0;0;0;0;0;0;0;0;0;0;0;0;0;0;0;0;0;0
FR;8;2021-08-01;0;0;0;0;0;0;0;0;0;0;0;0;0;0;0;0;0;0
FR;8;2021-08-02;0;0;0;0;0;0;0;0;0;0;0;0;0;0;0;0;0;0
FR;8;2021-08-03;0;0;0;0;0;0;0;0;0;0;0;0;0;0;0;0;0;0
FR;8;2021-08-04;0;0;0;0;0;0;0;0;0;0;0;0;0;0;0;0;0;0
FR;8;2021-08-05;0;0;0;0;0;0;0;0;0;0;0;0;0;0;0;0;0;0
FR;8;2021-08-06;0;0;0;0;0;0;0;0;0;0;0;0;0;0;0;0;0;0
FR;8;2021-08-07;0;0;0;0;0;0;0;0;0;0;0;0;0;0;0;0;0;0
FR;8;2021-08-08;0;0;0;0;0;0;0;0;0;0;0;0;0;0;0;0;0;0
FR;8;2021-08-09;0;0;0;0;0;0;0;0;0;0;0;0;0;0;0;0;0;0
FR;8;2021-08-10;0;0;0;0;0;0;0;0;0;0;0;0;0;0;0;0;0;0
FR;8;2021-08-11;0;0;0;0;0;0;0;0;0;0;0;0;0;0;0;0;0;0
FR;8;2021-08-12;0;0;0;0;0;0;0;0;0;0;0;0;0;0;0;0;0;0
FR;8;2021-08-13;0;0;0;0;0;0;0;0;0;0;0;0;0;0;0;0;0;0
FR;8;2021-08-14;0;0;0;0;0;0;0;0;0;0;0;0;0;0;0;0;0;0
FR;8;2021-08-15;0;0;0;0;0;0;0;0;0;0;0;0;0;0;0;0;0;0
FR;8;2021-08-16;0;0;0;0;0;0;0;0;0;0;0;0;0;0;0;0;0;0
FR;8;2021-08-17;0;0;0;0;0;0;0;0;0;0;0;0;0;0;0;0;0;0
FR;8;2021-08-18;0;0;0;0;0;0;0;0;0;0;0;0;0;0;0;0;0;0
FR;8;2021-08-19;0;0;0;0;0;0;0;0;0;0;0;0;0;0;0;0;0;0
FR;8;2021-08-20;0;0;0;0;0;0;0;0;0;0;0;0;0;0;0;0;0;0
FR;8;2021-08-21;0;0;0;0;0;0;0;0;0;0;0;0;0;0;0;0;0;0
FR;8;2021-08-22;0;0;0;0;0;0;0;0;0;0;0;0;0;0;0;0;0;0
FR;8;2021-08-23;0;0;0;0;0;0;0;0;0;0;0;0;0;0;0;0;0;0
FR;8;2021-08-24;0;0;0;0;0;0;0;0;0;0;0;0;0;0;0;0;0;0
FR;8;2021-08-25;0;0;0;0;0;0;0;0;0;0;0;0;0;0;0;0;0;0
FR;8;2021-08-26;0;0;0;0;0;0;0;0;0;0;0;0;0;0;0;0;0;0
FR;8;2021-08-27;0;0;0;0;0;0;0;0;0;0;0;0;0;0;0;0;0;0
FR;8;2021-08-28;0;0;0;0;0;0;0;0;0;0;0;0;0;0;0;0;0;0
FR;8;2021-08-29;0;0;0;0;0;0;0;0;0;0;0;0;0;0;0;0;0;0
FR;8;2021-08-30;0;0;0;0;0;0;0;0;0;0;0;0;0;0;0;0;0;0
FR;8;2021-08-31;0;0;0;0;0;0;0;0;0;0;0;0;0;0;0;0;0;0
FR;8;2021-09-01;0;0;0;0;0;0;0;0;0;0;0;0;0;0;0;0;0;0
FR;8;2021-09-02;0;0;0;0;0;0;0;0;0;0;0;0;0;0;0;0;0;0
FR;8;2021-09-03;0;0;0;0;0;0;0;0;0;0;0;0;0;0;0;0;0;0
FR;8;2021-09-04;0;0;0;0;0;0;0;0;0;0;0;0;0;0;0;0;0;0
FR;8;2021-09-05;0;0;0;0;0;0;0;0;0;0;0;0;0;0;0;0;0;0
FR;8;2021-09-06;0;0;0;0;0;0;0;0;0;0;0;0;0;0;0;0;0;0
FR;8;2021-09-07;0;0;0;0;0;0;0;0;0;0;0;0;0;0;0;0;0;0
FR;8;2021-09-08;0;0;0;0;0;0;0;0;0;0;0;0;0;0;0;0;0;0
FR;8;2021-09-09;0;0;0;0;0;0;0;0;0;0;0;0;0;0;0;0;0;0
FR;8;2021-09-10;0;0;0;0;0;0;0;0;0;0;0;0;0;0;0;0;0;0
FR;8;2021-09-11;0;0;0;0;0;0;0;0;0;0;0;0;0;0;0;0;0;0
FR;8;2021-09-12;0;0;0;0;0;0;0;0;0;0;0;0;0;0;0;0;0;0
FR;8;2021-09-13;0;0;0;0;0;0;0;0;0;0;0;0;0;0;0;0;0;0
FR;8;2021-09-14;0;0;0;0;0;0;0;0;0;0;0;0;0;0;0;0;0;0
FR;8;2021-09-15;0;0;0;0;0;0;0;0;0;0;0;0;0;0;0;0;0;0
FR;8;2021-09-16;0;0;0;0;0;0;0;0;0;0;0;0;0;0;0;0;0;0
FR;8;2021-09-17;0;0;0;0;0;0;0;0;0;0;0;0;0;0;0;0;0;0
FR;8;2021-09-18;0;0;0;0;0;0;0;0;0;0;0;0;0;0;0;0;0;0
FR;8;2021-09-19;0;0;0;0;0;0;0;0;0;0;0;0;0;0;0;0;0;0
FR;8;2021-09-20;0;0;0;0;0;0;0;0;0;0;0;0;0;0;0;0;0;0
FR;8;2021-09-21;0;0;0;0;0;0;0;0;0;0;0;0;0;0;0;0;0;0
FR;8;2021-09-22;0;0;0;0;0;0;0;0;0;0;0;0;0;0;0;0;0;0
FR;8;2021-09-23;0;0;0;0;0;0;0;0;0;0;0;0;0;0;0;0;0;0
FR;8;2021-09-24;0;0;0;0;0;0;0;0;0;0;0;0;0;0;0;0;0;0
FR;8;2021-09-25;0;0;0;0;0;0;0;0;0;0;0;0;0;0;0;0;0;0
FR;8;2021-09-26;0;0;0;0;0;0;0;0;0;0;0;0;0;0;0;0;0;0
FR;8;2021-09-27;0;0;0;0;0;0;0;0;0;0;0;0;0;0;0;0;0;0
FR;8;2021-09-28;0;0;0;0;0;0;0;0;0;0;0;0;0;0;0;0;0;0
FR;8;2021-09-29;0;0;0;0;0;0;0;0;0;0;0;0;0;0;0;0;0;0
FR;8;2021-09-30;0;0;0;0;0;0;0;0;0;0;0;0;0;0;0;0;0;0
FR;8;2021-10-01;0;0;0;0;0;0;0;0;0;0;0;0;0;0;0;0;0;0
FR;8;2021-10-02;0;0;0;0;0;0;0;0;0;0;0;0;0;0;0;0;0;0
FR;8;2021-10-03;0;0;0;0;0;0;0;0;0;0;0;0;0;0;0;0;0;0
FR;8;2021-10-04;0;0;0;0;0;0;0;0;0;0;0;0;0;0;0;0;0;0
FR;8;2021-10-05;0;0;0;0;0;0;0;0;0;0;0;0;0;0;0;0;0;0
FR;8;2021-10-06;0;0;0;0;0;0;0;0;0;0;0;0;0;0;0;0;0;0
FR;8;2021-10-07;0;0;0;0;0;0;0;0;0;0;0;0;0;0;0;0;0;0
FR;8;2021-10-08;0;0;0;0;0;0;0;0;0;0;0;0;0;0;0;0;0;0
FR;8;2021-10-09;0;0;0;0;0;0;0;0;0;0;0;0;0;0;0;0;0;0
FR;8;2021-10-10;0;0;0;0;0;0;0;0;0;0;0;0;0;0;0;0;0;0
FR;8;2021-10-11;0;0;0;0;0;0;0;0;0;0;0;0;0;0;0;0;0;0
FR;8;2021-10-12;0;0;0;0;0;0;0;0;0;0;0;0;0;0;0;0;0;0
FR;8;2021-10-13;0;0;0;0;0;0;0;0;0;0;0;0;0;0;0;0;0;0
FR;8;2021-10-14;0;0;0;0;0;0;0;0;0;0;0;0;0;0;0;0;0;0
FR;8;2021-10-15;0;0;0;0;0;0;0;0;0;0;0;0;0;0;0;0;0;0
FR;8;2021-10-16;0;0;0;0;0;0;0;0;0;0;0;0;0;0;0;0;0;0
FR;8;2021-10-17;0;0;0;0;0;0;0;0;0;0;0;0;0;0;0;0;0;0
FR;8;2021-10-18;0;0;0;0;0;0;0;0;0;0;0;0;0;0;0;0;0;0
FR;8;2021-10-19;0;0;0;0;0;0;0;0;0;0;0;0;0;0;0;0;0;0
FR;8;2021-10-20;0;0;0;0;0;0;0;0;0;0;0;0;0;0;0;0;0;0
FR;8;2021-10-21;0;0;0;0;0;0;0;0;0;0;0;0;0;0;0;0;0;0
FR;8;2021-10-22;0;0;0;0;0;0;0;0;0;0;0;0;0;0;0;0;0;0
FR;8;2021-10-23;0;0;0;0;0;0;0;0;0;0;0;0;0;0;0;0;0;0
FR;8;2021-10-24;0;0;0;0;0;0;0;0;0;0;0;0;0;0;0;0;0;0
FR;8;2021-10-25;0;0;0;0;0;0;0;0;0;0;0;0;0;0;0;0;0;0
FR;8;2021-10-26;0;0;0;0;0;0;0;0;0;0;0;0;0;0;0;0;0;0
FR;8;2021-10-27;0;0;0;0;0;0;0;0;0;0;0;0;0;0;0;0;0;0
FR;8;2021-10-28;0;0;0;0;0;0;0;0;0;0;0;0;0;0;0;0;0;0
FR;8;2021-10-29;0;0;0;0;0;0;0;0;0;0;0;0;0;0;0;0;0;0
FR;8;2021-10-30;0;0;0;0;0;0;0;0;0;0;0;0;0;0;0;0;0;0
FR;8;2021-10-31;0;0;0;0;0;0;0;0;0;0;0;0;0;0;0;0;0;0
FR;8;2021-11-01;0;0;0;0;0;0;0;0;0;0;0;0;0;0;0;0;0;0
FR;8;2021-11-02;0;0;0;0;0;0;0;0;0;0;0;0;0;0;0;0;0;0
FR;8;2021-11-03;0;0;0;0;0;0;0;0;0;0;0;0;0;0;0;0;0;0
FR;8;2021-11-04;0;0;0;0;0;0;0;0;0;0;0;0;0;0;0;0;0;0
FR;8;2021-11-05;0;0;0;0;0;0;0;0;0;0;0;0;0;0;0;0;0;0
FR;8;2021-11-06;0;0;0;0;0;0;0;0;0;0;0;0;0;0;0;0;0;0
FR;8;2021-11-07;0;0;0;0;0;0;0;0;0;0;0;0;0;0;0;0;0;0
FR;8;2021-11-08;0;0;0;0;0;0;0;0;0;0;0;0;0;0;0;0;0;0
FR;8;2021-11-09;0;0;0;0;0;0;0;0;0;0;0;0;0;0;0;0;0;0
FR;8;2021-11-10;0;0;0;0;0;0;0;0;0;0;0;0;0;0;0;0;0;0
FR;8;2021-11-11;0;0;0;0;0;0;0;0;0;0;0;0;0;0;0;0;0;0
FR;8;2021-11-12;0;0;0;0;0;0;0;0;0;0;0;0;0;0;0;0;0;0
FR;8;2021-11-13;0;0;0;0;0;0;0;0;0;0;0;0;0;0;0;0;0;0
FR;8;2021-11-14;0;0;0;0;0;0;0;0;0;0;0;0;0;0;0;0;0;0
FR;8;2021-11-15;0;0;0;0;0;0;0;0;0;0;0;0;0;0;0;0;0;0
FR;8;2021-11-16;0;0;0;0;0;0;0;0;0;0;0;0;0;0;0;0;0;0
FR;8;2021-11-17;0;0;0;0;0;0;0;0;0;0;0;0;0;0;0;0;0;0
FR;8;2021-11-18;0;0;0;0;0;0;0;0;0;0;0;0;0;0;0;0;0;0
FR;8;2021-11-19;0;0;0;0;0;0;0;0;0;0;0;0;0;0;0;0;0;0
FR;8;2021-11-20;0;0;0;0;0;0;0;0;0;0;0;0;0;0;0;0;0;0
FR;8;2021-11-21;0;0;0;0;0;0;0;0;0;0;0;0;0;0;0;0;0;0
FR;8;2021-11-22;0;0;0;0;0;0;0;0;0;0;0;0;0;0;0;0;0;0
FR;8;2021-11-23;0;0;0;0;0;0;0;0;0;0;0;0;0;0;0;0;0;0
FR;8;2021-11-24;0;0;0;0;0;0;0;0;0;0;0;0;0;0;0;0;0;0
FR;8;2021-11-25;0;0;0;0;0;0;0;0;0;0;0;0;0;0;0;0;0;0
FR;8;2021-11-26;0;0;0;0;0;0;0;0;0;0;0;0;0;0;0;0;0;0
FR;8;2021-11-27;0;0;0;0;0;0;0;0;0;0;0;0;0;0;0;0;0;0
FR;8;2021-11-28;0;0;0;0;0;0;0;0;0;0;0;0;0;0;0;0;0;0
FR;8;2021-11-29;0;0;0;0;0;0;0;0;0;0;0;0;0;0;0;0;0;0
FR;8;2021-11-30;0;0;0;0;0;0;0;0;0;0;0;0;0;0;0;0;0;0
FR;8;2021-12-01;0;0;0;0;0;0;0;0;0;0;0;0;0;0;0;0;0;0
FR;8;2021-12-02;0;0;0;0;0;0;0;0;0;0;0;0;0;0;0;0;0;0
FR;8;2021-12-03;0;0;0;0;0;0;0;0;0;0;0;0;0;0;0;0;0;0
FR;8;2021-12-04;0;0;0;0;0;0;0;0;0;0;0;0;0;0;0;0;0;0
FR;8;2021-12-05;0;0;0;0;0;0;0;0;0;0;0;0;0;0;0;0;0;0
FR;8;2021-12-06;0;0;0;0;0;0;0;0;0;0;0;0;0;0;0;0;0;0
FR;8;2021-12-07;0;0;0;0;0;0;0;0;0;0;0;0;0;0;0;0;0;0
FR;8;2021-12-08;0;0;0;0;0;0;0;0;0;0;0;0;0;0;0;0;0;0
FR;8;2021-12-09;0;0;0;0;0;0;0;0;0;0;0;0;0;0;0;0;0;0
FR;8;2021-12-10;0;0;0;0;0;0;0;0;0;0;0;0;0;0;0;0;0;0
FR;8;2021-12-11;0;0;0;0;0;0;0;0;0;0;0;0;0;0;0;0;0;0
FR;8;2021-12-12;0;0;0;0;0;0;0;0;0;0;0;0;0;0;0;0;0;0
FR;8;2021-12-13;0;0;0;0;0;0;0;0;0;0;0;0;0;0;0;0;0;0
FR;8;2021-12-14;0;0;0;0;0;0;0;0;0;0;0;0;0;0;0;0;0;0
FR;8;2021-12-15;0;0;0;0;0;0;0;0;0;0;0;0;0;0;0;0;0;0
FR;8;2021-12-16;0;0;0;0;0;0;0;0;0;0;0;0;0;0;0;0;0;0
FR;8;2021-12-17;0;0;0;0;0;0;0;0;0;0;0;0;0;0;0;0;0;0
FR;8;2021-12-18;0;0;0;0;0;0;0;0;0;0;0;0;0;0;0;0;0;0
FR;8;2021-12-19;0;0;0;0;0;0;0;0;0;0;0;0;0;0;0;0;0;0
FR;8;2021-12-20;0;0;0;0;0;0;0;0;0;0;0;0;0;0;0;0;0;0
FR;8;2021-12-21;0;0;0;0;0;0;0;0;0;0;0;0;0;0;0;0;0;0
FR;8;2021-12-22;0;0;0;0;0;0;0;0;0;0;0;0;0;0;0;0;0;0
FR;8;2021-12-23;0;0;0;0;0;0;0;0;0;0;0;0;0;0;0;0;0;0
FR;8;2021-12-24;0;0;0;0;0;0;0;0;0;0;0;0;0;0;0;0;0;0
FR;8;2021-12-25;0;0;0;0;0;0;0;0;0;0;0;0;0;0;0;0;0;0
FR;8;2021-12-26;0;0;0;0;0;0;0;0;0;0;0;0;0;0;0;0;0;0
FR;8;2021-12-27;0;0;0;0;0;0;0;0;0;0;0;0;0;0;0;0;0;0
FR;8;2021-12-28;0;0;0;0;0;0;0;0;0;0;0;0;0;0;0;0;0;0
FR;8;2021-12-29;0;0;0;0;0;0;0;0;0;0;0;0;0;0;0;0;0;0
FR;8;2021-12-30;0;0;0;0;0;0;0;0;0;0;0;0;0;0;0;0;0;0
FR;8;2021-12-31;0;0;0;0;0;0;0;0;0;0;0;0;0;0;0;0;0;0
FR;8;2022-01-01;0;0;0;0;0;0;0;0;0;0;0;0;0;0;0;0;0;0
FR;8;2022-01-02;0;0;0;0;0;0;0;0;0;0;0;0;0;0;0;0;0;0
FR;8;2022-01-03;0;0;0;0;0;0;0;0;0;0;0;0;0;0;0;0;0;0
FR;8;2022-01-04;0;0;0;0;0;0;0;0;0;0;0;0;0;0;0;0;0;0
FR;8;2022-01-05;0;0;0;0;0;0;0;0;0;0;0;0;0;0;0;0;0;0
FR;8;2022-01-06;0;0;0;0;0;0;0;0;0;0;0;0;0;0;0;0;0;0
FR;8;2022-01-07;0;0;0;0;0;0;0;0;0;0;0;0;0;0;0;0;0;0
FR;8;2022-01-08;0;0;0;0;0;0;0;0;0;0;0;0;0;0;0;0;0;0
FR;8;2022-01-09;0;0;0;0;0;0;0;0;0;0;0;0;0;0;0;0;0;0
FR;8;2022-01-10;0;0;0;0;0;0;0;0;0;0;0;0;0;0;0;0;0;0
FR;8;2022-01-11;0;0;0;0;0;0;0;0;0;0;0;0;0;0;0;0;0;0
FR;8;2022-01-12;0;0;0;0;0;0;0;0;0;0;0;0;0;0;0;0;0;0
FR;8;2022-01-13;0;0;0;0;0;0;0;0;0;0;0;0;0;0;0;0;0;0
FR;8;2022-01-14;0;0;0;0;0;0;0;0;0;0;0;0;0;0;0;0;0;0
FR;8;2022-01-15;0;0;0;0;0;0;0;0;0;0;0;0;0;0;0;0;0;0
FR;8;2022-01-16;0;0;0;0;0;0;0;0;0;0;0;0;0;0;0;0;0;0
FR;8;2022-01-17;0;0;0;0;0;0;0;0;0;0;0;0;0;0;0;0;0;0
FR;8;2022-01-18;0;0;0;0;0;0;0;0;0;0;0;0;0;0;0;0;0;0
FR;8;2022-01-19;0;0;0;0;0;0;0;0;0;0;0;0;0;0;0;0;0;0
FR;8;2022-01-20;0;0;0;0;0;0;0;0;0;0;0;0;0;0;0;0;0;0
FR;8;2022-01-21;0;0;0;0;0;0;0;0;0;0;0;0;0;0;0;0;0;0
FR;8;2022-01-22;0;0;0;0;0;0;0;0;0;0;0;0;0;0;0;0;0;0
FR;8;2022-01-23;0;0;0;0;0;0;0;0;0;0;0;0;0;0;0;0;0;0
FR;8;2022-01-24;0;0;0;0;0;0;0;0;0;0;0;0;0;0;0;0;0;0
FR;8;2022-01-25;0;0;0;0;0;0;0;0;0;0;0;0;0;0;0;0;0;0
FR;8;2022-01-26;0;0;0;0;0;0;0;0;0;0;0;0;0;0;0;0;0;0
FR;8;2022-01-27;0;0;0;0;0;0;0;0;0;0;0;0;0;0;0;0;0;0
FR;8;2022-01-28;0;0;0;0;0;0;0;0;0;0;0;0;0;0;0;0;0;0
FR;8;2022-01-29;0;0;0;0;0;0;0;0;0;0;0;0;0;0;0;0;0;0
FR;8;2022-01-30;0;0;0;0;0;0;0;0;0;0;0;0;0;0;0;0;0;0
FR;8;2022-01-31;0;0;0;0;0;0;0;0;0;0;0;0;0;0;0;0;0;0
FR;8;2022-02-01;0;0;0;0;0;0;0;0;0;0;0;0;0;0;0;0;0;0
FR;8;2022-02-02;0;0;0;0;0;0;0;0;0;0;0;0;0;0;0;0;0;0
FR;8;2022-02-03;0;0;0;0;0;0;0;0;0;0;0;0;0;0;0;0;0;0
FR;8;2022-02-04;0;0;0;0;0;0;0;0;0;0;0;0;0;0;0;0;0;0
FR;8;2022-02-05;0;0;0;0;0;0;0;0;0;0;0;0;0;0;0;0;0;0
FR;8;2022-02-06;0;0;0;0;0;0;0;0;0;0;0;0;0;0;0;0;0;0
FR;8;2022-02-07;0;0;0;0;0;0;0;0;0;0;0;0;0;0;0;0;0;0
FR;8;2022-02-08;0;0;0;0;0;0;0;0;0;0;0;0;0;0;0;0;0;0
FR;8;2022-02-09;0;0;0;0;0;0;0;0;0;0;0;0;0;0;0;0;0;0
FR;8;2022-02-10;0;0;0;0;0;0;0;0;0;0;0;0;0;0;0;0;0;0
FR;8;2022-02-11;0;0;0;0;0;0;0;0;0;0;0;0;0;0;0;0;0;0
FR;8;2022-02-12;0;0;0;0;0;0;0;0;0;0;0;0;0;0;0;0;0;0
FR;8;2022-02-13;0;0;0;0;0;0;0;0;0;0;0;0;0;0;0;0;0;0
FR;8;2022-02-14;0;0;0;0;0;0;0;0;0;0;0;0;0;0;0;0;0;0
FR;8;2022-02-15;0;0;0;0;0;0;0;0;0;0;0;0;0;0;0;0;0;0
FR;8;2022-02-16;0;0;0;0;0;0;0;0;0;0;0;0;0;0;0;0;0;0
FR;8;2022-02-17;0;0;0;0;0;0;0;0;0;0;0;0;0;0;0;0;0;0
FR;8;2022-02-18;0;0;0;0;0;0;0;0;0;0;0;0;0;0;0;0;0;0
FR;8;2022-02-19;0;0;0;0;0;0;0;0;0;0;0;0;0;0;0;0;0;0
FR;8;2022-02-20;0;0;0;0;0;0;0;0;0;0;0;0;0;0;0;0;0;0
FR;8;2022-02-21;0;0;0;0;0;0;0;0;0;0;0;0;0;0;0;0;0;0
FR;8;2022-02-22;0;0;0;0;0;0;0;0;0;0;0;0;0;0;0;0;0;0
FR;8;2022-02-23;0;0;0;0;0;0;0;0;0;0;0;0;0;0;0;0;0;0
FR;8;2022-02-24;0;0;0;0;0;0;0;0;0;0;0;0;0;0;0;0;0;0
FR;8;2022-02-25;0;0;0;0;0;0;0;0;0;0;0;0;0;0;0;0;0;0
FR;8;2022-02-26;0;0;0;0;0;0;0;0;0;0;0;0;0;0;0;0;0;0
FR;8;2022-02-27;0;0;0;0;0;0;0;0;0;0;0;0;0;0;0;0;0;0
FR;8;2022-02-28;0;0;0;0;0;0;0;0;0;0;0;0;0;0;0;0;0;0
FR;8;2022-03-01;0;0;0;0;0;0;0;0;0;0;0;0;0;0;0;0;0;0
FR;8;2022-03-02;0;0;0;0;0;0;0;0;0;0;0;0;0;0;0;0;0;0
FR;8;2022-03-03;0;0;0;0;0;0;0;0;0;0;0;0;0;0;0;0;0;0
FR;8;2022-03-04;0;0;0;0;0;0;0;0;0;0;0;0;0;0;0;0;0;0
FR;8;2022-03-05;0;0;0;0;0;0;0;0;0;0;0;0;0;0;0;0;0;0
FR;8;2022-03-06;0;0;0;0;0;0;0;0;0;0;0;0;0;0;0;0;0;0
FR;8;2022-03-07;0;0;0;0;0;0;0;0;0;0;0;0;0;0;0;0;0;0
FR;8;2022-03-08;0;0;0;0;0;0;0;0;0;0;0;0;0;0;0;0;0;0
FR;8;2022-03-09;0;0;0;0;0;0;0;0;0;0;0;0;0;0;0;0;0;0
FR;8;2022-03-10;0;0;0;0;0;0;0;0;0;0;0;0;0;0;0;0;0;0
FR;8;2022-03-11;0;0;0;0;0;0;0;0;0;0;0;0;0;0;0;0;0;0
FR;8;2022-03-12;0;0;0;0;0;0;0;0;0;0;0;0;0;0;0;0;0;0
FR;8;2022-03-13;0;0;0;0;0;0;0;0;0;0;0;0;0;0;0;0;0;0
FR;8;2022-03-14;0;0;0;0;0;0;0;0;0;0;0;0;0;0;0;0;0;0
FR;8;2022-03-15;0;0;0;0;0;0;0;0;0;0;0;0;0;0;0;0;0;0
FR;8;2022-03-16;0;0;0;0;0;0;0;0;0;0;0;0;0;0;0;0;0;0
FR;8;2022-03-17;0;0;0;0;0;0;0;0;0;0;0;0;0;0;0;0;0;0
FR;8;2022-03-18;0;0;0;0;0;0;0;0;0;0;0;0;0;0;0;0;0;0
FR;8;2022-03-19;0;0;0;0;0;0;0;0;0;0;0;0;0;0;0;0;0;0
FR;8;2022-03-20;0;0;0;0;0;0;0;0;0;0;0;0;0;0;0;0;0;0
FR;8;2022-03-21;0;0;0;0;0;0;0;0;0;0;0;0;0;0;0;0;0;0
FR;8;2022-03-22;0;0;0;0;0;0;0;0;0;0;0;0;0;0;0;0;0;0
FR;8;2022-03-23;0;0;0;0;0;0;0;0;0;0;0;0;0;0;0;0;0;0
FR;8;2022-03-24;0;0;0;0;0;0;0;0;0;0;0;0;0;0;0;0;0;0
FR;8;2022-03-25;0;0;0;0;0;0;0;0;0;0;0;0;0;0;0;0;0;0
FR;8;2022-03-26;0;0;0;0;0;0;0;0;0;0;0;0;0;0;0;0;0;0
FR;8;2022-03-27;0;0;0;0;0;0;0;0;0;0;0;0;0;0;0;0;0;0
FR;8;2022-03-28;0;0;0;0;0;0;0;0;0;0;0;0;0;0;0;0;0;0
FR;8;2022-03-29;0;0;0;0;0;0;0;0;0;0;0;0;0;0;0;0;0;0
FR;8;2022-03-30;0;0;0;0;0;0;0;0;0;0;0;0;0;0;0;0;0;0
FR;8;2022-03-31;0;0;0;0;0;0;0;0;0;0;0;0;0;0;0;0;0;0
FR;8;2022-04-01;0;0;0;0;0;0;0;0;0;0;0;0;0;0;0;0;0;0
FR;8;2022-04-02;0;0;0;0;0;0;0;0;0;0;0;0;0;0;0;0;0;0
FR;8;2022-04-03;0;0;0;0;0;0;0;0;0;0;0;0;0;0;0;0;0;0
FR;8;2022-04-04;0;0;0;0;0;0;0;0;0;0;0;0;0;0;0;0;0;0
FR;8;2022-04-05;0;0;0;0;0;0;0;0;0;0;0;0;0;0;0;0;0;0
FR;8;2022-04-06;0;0;0;0;0;0;0;0;0;0;0;0;0;0;0;0;0;0
FR;8;2022-04-07;0;0;0;0;0;0;0;0;0;0;0;0;0;0;0;0;0;0
FR;8;2022-04-08;0;0;0;0;0;0;0;0;0;0;0;0;0;0;0;0;0;0
FR;8;2022-04-09;0;0;0;0;0;0;0;0;0;0;0;0;0;0;0;0;0;0
FR;8;2022-04-10;0;0;0;0;0;0;0;0;0;0;0;0;0;0;0;0;0;0
FR;8;2022-04-11;0;0;0;0;0;0;0;0;0;0;0;0;0;0;0;0;0;0
FR;8;2022-04-12;0;0;0;0;0;0;0;0;0;0;0;0;0;0;0;0;0;0
FR;8;2022-04-13;0;0;0;0;0;0;0;0;0;0;0;0;0;0;0;0;0;0
FR;8;2022-04-14;0;0;0;0;0;0;0;0;0;0;0;0;0;0;0;0;0;0
FR;8;2022-04-15;0;0;0;0;0;0;0;0;0;0;0;0;0;0;0;0;0;0
FR;8;2022-04-16;0;0;0;0;0;0;0;0;0;0;0;0;0;0;0;0;0;0
FR;8;2022-04-17;0;0;0;0;0;0;0;0;0;0;0;0;0;0;0;0;0;0
FR;8;2022-04-18;0;0;0;0;0;0;0;0;0;0;0;0;0;0;0;0;0;0
FR;8;2022-04-19;0;0;0;0;0;0;0;0;0;0;0;0;0;0;0;0;0;0
FR;8;2022-04-20;0;0;0;0;0;0;0;0;0;0;0;0;0;0;0;0;0;0
FR;8;2022-04-21;0;0;0;0;0;0;0;0;0;0;0;0;0;0;0;0;0;0
FR;8;2022-04-22;0;0;0;0;0;0;0;0;0;0;0;0;0;0;0;0;0;0
FR;8;2022-04-23;0;0;0;0;0;0;0;0;0;0;0;0;0;0;0;0;0;0
FR;8;2022-04-24;0;0;0;0;0;0;0;0;0;0;0;0;0;0;0;0;0;0
FR;8;2022-04-25;0;0;0;0;0;0;0;0;0;0;0;0;0;0;0;0;0;0
FR;8;2022-04-26;0;0;0;0;0;0;0;0;0;0;0;0;0;0;0;0;0;0
FR;8;2022-04-27;0;0;0;0;0;0;0;0;0;0;0;0;0;0;0;0;0;0
FR;8;2022-04-28;0;0;0;0;0;0;0;0;0;0;0;0;0;0;0;0;0;0
FR;8;2022-04-29;0;0;0;0;0;0;0;0;0;0;0;0;0;0;0;0;0;0
FR;8;2022-04-30;0;0;0;0;0;0;0;0;0;0;0;0;0;0;0;0;0;0
FR;8;2022-05-01;0;0;0;0;0;0;0;0;0;0;0;0;0;0;0;0;0;0
FR;8;2022-05-02;0;0;0;0;0;0;0;0;0;0;0;0;0;0;0;0;0;0
FR;8;2022-05-03;0;0;0;0;0;0;0;0;0;0;0;0;0;0;0;0;0;0
FR;8;2022-05-04;0;0;0;0;0;0;0;0;0;0;0;0;0;0;0;0;0;0
FR;8;2022-05-05;0;0;0;0;0;0;0;0;0;0;0;0;0;0;0;0;0;0
FR;8;2022-05-06;0;0;0;0;0;0;0;0;0;0;0;0;0;0;0;0;0;0
FR;8;2022-05-07;0;0;0;0;0;0;0;0;0;0;0;0;0;0;0;0;0;0
FR;8;2022-05-08;0;0;0;0;0;0;0;0;0;0;0;0;0;0;0;0;0;0
FR;8;2022-05-09;0;0;0;0;0;0;0;0;0;0;0;0;0;0;0;0;0;0
FR;8;2022-05-10;0;0;0;0;0;0;0;0;0;0;0;0;0;0;0;0;0;0
FR;8;2022-05-11;0;0;0;0;0;0;0;0;0;0;0;0;0;0;0;0;0;0
FR;8;2022-05-12;0;0;0;0;0;0;0;0;0;0;0;0;0;0;0;0;0;0
FR;8;2022-05-13;0;0;0;0;0;0;0;0;0;0;0;0;0;0;0;0;0;0
FR;8;2022-05-14;0;0;0;0;0;0;0;0;0;0;0;0;0;0;0;0;0;0
FR;8;2022-05-15;0;0;0;0;0;0;0;0;0;0;0;0;0;0;0;0;0;0
FR;8;2022-05-16;0;0;0;0;0;0;0;0;0;0;0;0;0;0;0;0;0;0
FR;8;2022-05-17;0;0;0;0;0;0;0;0;0;0;0;0;0;0;0;0;0;0
FR;8;2022-05-18;0;0;0;0;0;0;0;0;0;0;0;0;0;0;0;0;0;0
FR;8;2022-05-19;0;0;0;0;0;0;0;0;0;0;0;0;0;0;0;0;0;0
FR;8;2022-05-20;0;0;0;0;0;0;0;0;0;0;0;0;0;0;0;0;0;0
FR;8;2022-05-21;0;0;0;0;0;0;0;0;0;0;0;0;0;0;0;0;0;0
FR;8;2022-05-22;0;0;0;0;0;0;0;0;0;0;0;0;0;0;0;0;0;0
FR;8;2022-05-23;0;0;0;0;0;0;0;0;0;0;0;0;0;0;0;0;0;0
FR;8;2022-05-24;0;0;0;0;0;0;0;0;0;0;0;0;0;0;0;0;0;0
FR;8;2022-05-25;0;0;0;0;0;0;0;0;0;0;0;0;0;0;0;0;0;0
FR;8;2022-05-26;0;0;0;0;0;0;0;0;0;0;0;0;0;0;0;0;0;0
FR;8;2022-05-27;0;0;0;0;0;0;0;0;0;0;0;0;0;0;0;0;0;0
FR;8;2022-05-28;0;0;0;0;0;0;0;0;0;0;0;0;0;0;0;0;0;0
FR;8;2022-05-29;0;0;0;0;0;0;0;0;0;0;0;0;0;0;0;0;0;0
FR;8;2022-05-30;0;0;0;0;0;0;0;0;0;0;0;0;0;0;0;0;0;0
FR;8;2022-05-31;0;0;0;0;0;0;0;0;0;0;0;0;0;0;0;0;0;0
FR;8;2022-06-01;0;0;0;0;0;0;0;0;0;0;0;0;0;0;0;0;0;0
FR;8;2022-06-02;0;0;0;0;0;0;0;0;0;0;0;0;0;0;0;0;0;0
FR;8;2022-06-03;0;0;0;0;0;0;0;0;0;0;0;0;0;0;0;0;0;0
FR;8;2022-06-04;0;0;0;0;0;0;0;0;0;0;0;0;0;0;0;0;0;0
FR;8;2022-06-05;0;0;0;0;0;0;0;0;0;0;0;0;0;0;0;0;0;0
FR;8;2022-06-06;0;0;0;0;0;0;0;0;0;0;0;0;0;0;0;0;0;0
FR;8;2022-06-07;0;0;0;0;0;0;0;0;0;0;0;0;0;0;0;0;0;0
FR;8;2022-06-08;0;0;0;0;0;0;0;0;0;0;0;0;0;0;0;0;0;0
FR;8;2022-06-09;0;0;0;0;0;0;0;0;0;0;0;0;0;0;0;0;0;0
FR;8;2022-06-10;0;0;0;0;0;0;0;0;0;0;0;0;0;0;0;0;0;0
FR;8;2022-06-11;0;0;0;0;0;0;0;0;0;0;0;0;0;0;0;0;0;0
FR;8;2022-06-12;0;0;0;0;0;0;0;0;0;0;0;0;0;0;0;0;0;0
FR;8;2022-06-13;0;0;0;0;0;0;0;0;0;0;0;0;0;0;0;0;0;0
FR;8;2022-06-14;0;0;0;0;0;0;0;0;0;0;0;0;0;0;0;0;0;0
FR;8;2022-06-15;0;0;0;0;0;0;0;0;0;0;0;0;0;0;0;0;0;0
FR;8;2022-06-16;0;0;0;0;0;0;0;0;0;0;0;0;0;0;0;0;0;0
FR;8;2022-06-17;0;0;0;0;0;0;0;0;0;0;0;0;0;0;0;0;0;0
FR;8;2022-06-18;0;0;0;0;0;0;0;0;0;0;0;0;0;0;0;0;0;0
FR;8;2022-06-19;0;0;0;0;0;0;0;0;0;0;0;0;0;0;0;0;0;0
FR;8;2022-06-20;0;0;0;0;0;0;0;0;0;0;0;0;0;0;0;0;0;0
FR;8;2022-06-21;0;0;0;0;0;0;0;0;0;0;0;0;0;0;0;0;0;0
FR;8;2022-06-22;0;0;0;0;0;0;0;0;0;0;0;0;0;0;0;0;0;0
FR;8;2022-06-23;0;0;0;0;0;0;0;0;0;0;0;0;0;0;0;0;0;0
FR;8;2022-06-24;0;0;0;0;0;0;0;0;0;0;0;0;0;0;0;0;0;0
FR;8;2022-06-25;0;0;0;0;0;0;0;0;0;0;0;0;0;0;0;0;0;0
FR;8;2022-06-26;0;0;0;0;0;0;0;0;0;0;0;0;0;0;0;0;0;0
FR;8;2022-06-27;0;0;0;0;0;0;0;0;0;0;0;0;0;0;0;0;0;0
FR;8;2022-06-28;0;0;0;0;0;0;0;0;0;0;0;0;0;0;0;0;0;0
FR;8;2022-06-29;0;0;0;0;0;0;0;0;0;0;0;0;0;0;0;0;0;0
FR;8;2022-06-30;0;0;0;0;0;0;0;0;0;0;0;0;0;0;0;0;0;0
FR;8;2022-07-01;0;0;0;0;0;0;0;0;0;0;0;0;0;0;0;0;0;0
FR;8;2022-07-02;0;0;0;0;0;0;0;0;0;0;0;0;0;0;0;0;0;0
FR;8;2022-07-03;0;0;0;0;0;0;0;0;0;0;0;0;0;0;0;0;0;0
FR;8;2022-07-04;0;0;0;0;0;0;0;0;0;0;0;0;0;0;0;0;0;0
FR;8;2022-07-05;0;0;0;0;0;0;0;0;0;0;0;0;0;0;0;0;0;0
FR;8;2022-07-06;0;0;0;0;0;0;0;0;0;0;0;0;0;0;0;0;0;0
FR;8;2022-07-07;0;0;0;0;0;0;0;0;0;0;0;0;0;0;0;0;0;0
FR;8;2022-07-08;0;0;0;0;0;0;0;0;0;0;0;0;0;0;0;0;0;0
FR;8;2022-07-09;0;0;0;0;0;0;0;0;0;0;0;0;0;0;0;0;0;0
FR;8;2022-07-10;0;0;0;0;0;0;0;0;0;0;0;0;0;0;0;0;0;0
FR;8;2022-07-11;0;0;0;0;0;0;0;0;0;0;0;0;0;0;0;0;0;0
FR;8;2022-07-12;0;0;0;0;0;0;0;0;0;0;0;0;0;0;0;0;0;0
FR;8;2022-07-13;0;0;0;0;0;0;0;0;0;0;0;0;0;0;0;0;0;0
FR;8;2022-07-14;0;0;0;0;0;0;0;0;0;0;0;0;0;0;0;0;0;0
FR;8;2022-07-15;0;0;0;0;0;0;0;0;0;0;0;0;0;0;0;0;0;0
FR;8;2022-07-16;0;0;0;0;0;0;0;0;0;0;0;0;0;0;0;0;0;0
FR;8;2022-07-17;0;0;0;0;0;0;0;0;0;0;0;0;0;0;0;0;0;0
FR;8;2022-07-18;0;0;0;0;0;0;0;0;0;0;0;0;0;0;0;0;0;0
FR;8;2022-07-19;0;0;0;0;0;0;0;0;0;0;0;0;0;0;0;0;0;0
FR;8;2022-07-20;0;0;0;0;0;0;0;0;0;0;0;0;0;0;0;0;0;0
FR;8;2022-07-21;0;0;0;0;0;0;0;0;0;0;0;0;0;0;0;0;0;0
FR;8;2022-07-22;0;0;0;0;0;0;0;0;0;0;0;0;0;0;0;0;0;0
FR;8;2022-07-23;0;0;0;0;0;0;0;0;0;0;0;0;0;0;0;0;0;0
FR;8;2022-07-24;0;0;0;0;0;0;0;0;0;0;0;0;0;0;0;0;0;0
FR;8;2022-07-25;0;0;0;0;0;0;0;0;0;0;0;0;0;0;0;0;0;0
FR;8;2022-07-26;0;0;0;0;0;0;0;0;0;0;0;0;0;0;0;0;0;0
FR;8;2022-07-27;0;0;0;0;0;0;0;0;0;0;0;0;0;0;0;0;0;0
FR;8;2022-07-28;0;0;0;0;0;0;0;0;0;0;0;0;0;0;0;0;0;0
FR;8;2022-07-29;0;0;0;0;0;0;0;0;0;0;0;0;0;0;0;0;0;0
FR;8;2022-07-30;0;0;0;0;0;0;0;0;0;0;0;0;0;0;0;0;0;0
FR;8;2022-07-31;0;0;0;0;0;0;0;0;0;0;0;0;0;0;0;0;0;0
FR;8;2022-08-01;0;0;0;0;0;0;0;0;0;0;0;0;0;0;0;0;0;0
FR;8;2022-08-02;0;0;0;0;0;0;0;0;0;0;0;0;0;0;0;0;0;0
FR;8;2022-08-03;0;0;0;0;0;0;0;0;0;0;0;0;0;0;0;0;0;0
FR;8;2022-08-04;0;0;0;0;0;0;0;0;0;0;0;0;0;0;0;0;0;0
FR;8;2022-08-05;0;0;0;0;0;0;0;0;0;0;0;0;0;0;0;0;0;0
FR;8;2022-08-06;0;0;0;0;0;0;0;0;0;0;0;0;0;0;0;0;0;0
FR;8;2022-08-07;0;0;0;0;0;0;0;0;0;0;0;0;0;0;0;0;0;0
FR;8;2022-08-08;0;0;0;0;0;0;0;0;0;0;0;0;0;0;0;0;0;0
FR;8;2022-08-09;0;0;0;0;0;0;0;0;0;0;0;0;0;0;0;0;0;0
FR;8;2022-08-10;0;0;0;0;0;0;0;0;0;0;0;0;0;0;0;0;0;0
FR;8;2022-08-11;0;0;0;0;0;0;0;0;0;0;0;0;0;0;0;0;0;0
FR;8;2022-08-12;0;0;0;0;0;0;0;0;0;0;0;0;0;0;0;0;0;0
FR;8;2022-08-13;0;0;0;0;0;0;0;0;0;0;0;0;0;0;0;0;0;0
FR;8;2022-08-14;0;0;0;0;0;0;0;0;0;0;0;0;0;0;0;0;0;0
FR;8;2022-08-15;0;0;0;0;0;0;0;0;0;0;0;0;0;0;0;0;0;0
FR;8;2022-08-16;0;0;0;0;0;0;0;0;0;0;0;0;0;0;0;0;0;0
FR;8;2022-08-17;0;0;0;0;0;0;0;0;0;0;0;0;0;0;0;0;0;0
FR;8;2022-08-18;0;0;0;0;0;0;0;0;0;0;0;0;0;0;0;0;0;0
FR;8;2022-08-19;0;0;0;0;0;0;0;0;0;0;0;0;0;0;0;0;0;0
FR;8;2022-08-20;0;0;0;0;0;0;0;0;0;0;0;0;0;0;0;0;0;0
FR;8;2022-08-21;0;0;0;0;0;0;0;0;0;0;0;0;0;0;0;0;0;0
FR;8;2022-08-22;0;0;0;0;0;0;0;0;0;0;0;0;0;0;0;0;0;0
FR;8;2022-08-23;0;0;0;0;0;0;0;0;0;0;0;0;0;0;0;0;0;0
FR;8;2022-08-24;0;0;0;0;0;0;0;0;0;0;0;0;0;0;0;0;0;0
FR;8;2022-08-25;0;0;0;0;0;0;0;0;0;0;0;0;0;0;0;0;0;0
FR;8;2022-08-26;0;0;0;0;0;0;0;0;0;0;0;0;0;0;0;0;0;0
FR;8;2022-08-27;0;0;0;0;0;0;0;0;0;0;0;0;0;0;0;0;0;0
FR;8;2022-08-28;0;0;0;0;0;0;0;0;0;0;0;0;0;0;0;0;0;0
FR;8;2022-08-29;0;0;0;0;0;0;0;0;0;0;0;0;0;0;0;0;0;0
FR;8;2022-08-30;0;0;0;0;0;0;0;0;0;0;0;0;0;0;0;0;0;0
FR;8;2022-08-31;0;0;0;0;0;0;0;0;0;0;0;0;0;0;0;0;0;0
FR;8;2022-09-01;0;0;0;0;0;0;0;0;0;0;0;0;0;0;0;0;0;0
FR;8;2022-09-02;0;0;0;0;0;0;0;0;0;0;0;0;0;0;0;0;0;0
FR;8;2022-09-03;0;0;0;0;0;0;0;0;0;0;0;0;0;0;0;0;0;0
FR;8;2022-09-04;0;0;0;0;0;0;0;0;0;0;0;0;0;0;0;0;0;0
FR;8;2022-09-05;0;0;0;0;0;0;0;0;0;0;0;0;0;0;0;0;0;0
FR;8;2022-09-06;0;0;0;0;0;0;0;0;0;0;0;0;0;0;0;0;0;0
FR;8;2022-09-07;0;0;0;0;0;0;0;0;0;0;0;0;0;0;0;0;0;0
FR;8;2022-09-08;0;0;0;0;0;0;0;0;0;0;0;0;0;0;0;0;0;0
FR;8;2022-09-09;0;0;0;0;0;0;0;0;0;0;0;0;0;0;0;0;0;0
FR;8;2022-09-10;0;0;0;0;0;0;0;0;0;0;0;0;0;0;0;0;0;0
FR;8;2022-09-11;0;0;0;0;0;0;0;0;0;0;0;0;0;0;0;0;0;0
FR;8;2022-09-12;0;0;0;0;0;0;0;0;0;0;0;0;0;0;0;0;0;0
FR;8;2022-09-13;0;0;0;0;0;0;0;0;0;0;0;0;0;0;0;0;0;0
FR;8;2022-09-14;0;0;0;0;0;0;0;0;0;0;0;0;0;0;0;0;0;0
FR;8;2022-09-15;0;0;0;0;0;0;0;0;0;0;0;0;0;0;0;0;0;0
FR;8;2022-09-16;0;0;0;0;0;0;0;0;0;0;0;0;0;0;0;0;0;0
FR;8;2022-09-17;0;0;0;0;0;0;0;0;0;0;0;0;0;0;0;0;0;0
FR;8;2022-09-18;0;0;0;0;0;0;0;0;0;0;0;0;0;0;0;0;0;0
FR;8;2022-09-19;0;0;0;0;0;0;0;0;0;0;0;0;0;0;0;0;0;0
FR;8;2022-09-20;0;0;0;0;0;0;0;0;0;0;0;0;0;0;0;0;0;0
FR;8;2022-09-21;0;0;0;0;0;0;0;0;0;0;0;0;0;0;0;0;0;0
FR;8;2022-09-22;0;0;0;0;0;0;0;0;0;0;0;0;0;0;0;0;0;0
FR;8;2022-09-23;0;0;0;0;0;0;0;0;0;0;0;0;0;0;0;0;0;0
FR;8;2022-09-24;0;0;0;0;0;0;0;0;0;0;0;0;0;0;0;0;0;0
FR;8;2022-09-25;0;0;0;0;0;0;0;0;0;0;0;0;0;0;0;0;0;0
FR;8;2022-09-26;0;0;0;0;0;0;0;0;0;0;0;0;0;0;0;0;0;0
FR;8;2022-09-27;0;0;0;0;0;0;0;0;0;0;0;0;0;0;0;0;0;0
FR;8;2022-09-28;0;0;0;0;0;0;0;0;0;0;0;0;0;0;0;0;0;0
FR;8;2022-09-29;0;0;0;0;0;0;0;0;0;0;0;0;0;0;0;0;0;0
FR;8;2022-09-30;0;0;0;0;0;0;0;0;0;0;0;0;0;0;0;0;0;0
FR;8;2022-10-01;0;0;0;0;0;0;0;0;0;0;0;0;0;0;0;0;0;0
FR;8;2022-10-02;0;0;0;0;0;0;0;0;0;0;0;0;0;0;0;0;0;0
FR;8;2022-10-03;0;0;0;0;0;0;0;0;0;0;0;0;0;0;0;0;0;0
FR;8;2022-10-04;0;0;0;0;0;0;0;0;0;0;0;0;0;0;0;0;0;0
FR;8;2022-10-05;0;0;0;0;0;0;0;0;0;0;0;0;0;0;0;0;0;0
FR;8;2022-10-06;7;17;113;860;8;83;865;1058;110;7;17;113;860;8;83;865;1058;110
FR;8;2022-10-07;72;101;842;8011;62;699;8065;9844;1073;79;118;955;8871;70;782;8930;10902;1183
FR;8;2022-10-08;34;115;610;4057;50;516;4109;5310;676;113;233;1565;12928;120;1298;13039;16212;1859
FR;8;2022-10-09;17;22;145;885;13;132;913;1234;185;130;255;1710;13813;133;1430;13952;17446;2044
FR;8;2022-10-10;118;192;1344;12681;106;1028;12920;16220;2251;248;447;3054;26494;239;2458;26872;33666;4295
FR;8;2022-10-11;179;261;2476;26917;135;2010;27188;33950;4715;427;708;5530;53411;374;4468;54060;67616;9010
FR;8;2022-10-12;153;255;1831;18231;149;1441;18467;23466;3534;580;963;7361;71642;523;5909;72527;91082;12544
FR;8;2022-10-13;206;279;2509;28066;176;1902;28430;35566;5206;786;1242;9870;99708;699;7811;100957;126648;17750
FR;8;2022-10-14;256;419;3271;36237;241;2555;36664;45563;6302;1042;1661;13141;135945;940;10366;137621;172211;24052
FR;8;2022-10-15;102;182;1203;8802;79;1001;8931;11782;1830;1144;1843;14344;144747;1019;11367;146552;183993;25882
FR;8;2022-10-16;34;54;248;1522;26;215;1557;2179;402;1178;1897;14592;146269;1045;11582;148109;186172;26284
FR;8;2022-10-17;157;310;2097;21769;173;1624;22077;28257;4534;1335;2207;16689;168038;1218;13206;170186;214429;30818
FR;8;2022-10-18;269;347;3355;37848;224;2653;38231;50772;9815;1604;2554;20044;205886;1442;15859;208417;265201;40633
FR;8;2022-10-19;193;313;2627;28292;182;2185;28609;38691;7836;1797;2867;22671;234178;1624;18044;237026;303892;48469
FR;8;2022-10-20;251;363;3575;41170;223;2651;41779;55650;11135;2048;3230;26246;275348;1847;20695;278805;359542;59604
FR;8;2022-10-21;325;489;4454;49393;276;3470;49990;66265;12708;2373;3719;30700;324741;2123;24165;328795;425807;72312
FR;8;2022-10-22;124;168;1230;10661;111;927;10849;14742;2948;2497;3887;31930;335402;2234;25092;339644;440549;75260
FR;8;2022-10-23;49;53;266;1761;48;197;1840;2609;571;2546;3940;32196;337163;2282;25289;341484;443158;75831
FR;8;2022-10-24;230;311;2475;24039;173;2074;24337;33542;7080;2776;4251;34671;361202;2455;27363;365821;476700;82911
FR;8;2022-10-25;306;412;4077;43404;255;3131;44004;61225;13987;3082;4663;38748;404606;2710;30494;409825;537925;96898
FR;8;2022-10-26;225;342;2869;28671;184;2366;28962;41304;9888;3307;5005;41617;433277;2894;32860;438787;579229;106786
FR;8;2022-10-27;273;415;3321;36160;242;2631;36633;51195;11866;3580;5420;44938;469437;3136;35491;475420;630424;118652
FR;8;2022-10-28;327;461;3825;39424;256;2860;40156;55028;11943;3907;5881;48763;508861;3392;38351;515576;685452;130595
FR;8;2022-10-29;110;165;1072;8223;94;801;8368;11852;2666;4017;6046;49835;517084;3486;39152;523944;697304;133261
FR;8;2022-10-30;40;53;209;1343;38;180;1388;2057;485;4057;6099;50044;518427;3524;39332;525332;699361;133746
FR;8;2022-10-31;195;256;1660;14535;140;1274;14799;21147;5056;4252;6355;51704;532962;3664;40606;540131;720508;138802
FR;8;2022-11-01;25;40;133;953;22;167;969;1592;454;4277;6395;51837;533915;3686;40773;541100;722100;139256
FR;8;2022-11-02;194;368;2370;23288;202;1969;23683;35000;9281;4471;6763;54207;557203;3888;42742;564783;757100;148537
FR;8;2022-11-03;308;416;3481;36920;255;2603;37558;54562;14302;4779;7179;57688;594123;4143;45345;602341;811662;162839
FR;8;2022-11-04;354;494;3781;40188;258;2972;40708;57955;14164;5133;7673;61469;634311;4401;48317;643049;869617;177003
FR;8;2022-11-05;113;182;1102;8759;117;849;8926;12876;3066;5246;7855;62571;643070;4518;49166;651975;882493;180069
FR;8;2022-11-06;42;56;224;1405;38;205;1439;2244;590;5288;7911;62795;644475;4556;49371;653414;884737;180659
FR;8;2022-11-07;230;275;2315;24730;200;1788;25314;37432;10262;5518;8186;65110;669205;4756;51159;678728;922169;190921
FR;8;2022-11-08;339;501;4328;48334;301;3258;49303;71462;18740;5857;8687;69438;717539;5057;54417;728031;993631;209661
FR;8;2022-11-09;258;366;2874;29157;207;2258;29842;44430;12246;6115;9053;72312;746696;5264;56675;757873;1038061;221907
FR;8;2022-11-10;364;530;3944;40197;302;3014;41111;60384;16120;6479;9583;76256;786893;5566;59689;798984;1098445;238027
FR;8;2022-11-11;39;64;243;1475;31;206;1521;2664;924;6518;9647;76499;788368;5597;59895;800505;1101109;238951
FR;8;2022-11-12;85;165;881;6429;79;686;6633;9890;2552;6603;9812;77380;794797;5676;60581;807138;1110999;241503
FR;8;2022-11-13;36;54;212;1109;34;172;1161;1922;583;6639;9866;77592;795906;5710;60753;808299;1112921;242086
FR;8;2022-11-14;226;302;2228;22395;162;1715;22931;34969;10249;6865;10168;79820;818301;5872;62468;831230;1147890;252335
FR;8;2022-11-15;337;420;3755;42283;253;2856;43186;64664;18491;7202;10588;83575;860584;6125;65324;874416;1212554;270826
FR;8;2022-11-16;297;346;2613;26460;213;2146;26929;41615;12455;7499;10934;86188;887044;6338;67470;901345;1254169;283281
FR;8;2022-11-17;362;426;3370;36796;284;2604;37374;56544;16467;7861;11360;89558;923840;6622;70074;938719;1310713;299748
FR;8;2022-11-18;341;462;4062;42261;282;2970;43112;63567;17381;8202;11822;93620;966101;6904;73044;981831;1374280;317129
FR;8;2022-11-19;121;179;1198;8967;115;844;9147;13818;3789;8323;12001;94818;975068;7019;73888;990978;1388098;320918
FR;8;2022-11-20;33;49;260;1584;33;217;1651;2649;777;8356;12050;95078;976652;7052;74105;992629;1390747;321695
FR;8;2022-11-21;213;300;2073;20050;173;1588;20575;32004;9774;8569;12350;97151;996702;7225;75693;1013204;1422751;331469
FR;8;2022-11-22;333;405;3464;37504;247;2663;38026;58029;17229;8902;12755;100615;1034206;7472;78356;1051230;1480780;348698
FR;8;2022-11-23;226;316;2408;24404;179;2012;24834;39134;12207;9128;13071;103023;1058610;7651;80368;1076064;1519914;360905
FR;8;2022-11-24;346;378;3363;34807;228;2572;35501;55037;16866;9474;13449;106386;1093417;7879;82940;1111565;1574951;377771
FR;8;2022-11-25;308;420;3626;37697;280;2618;38489;57715;16484;9782;13869;110012;1131114;8159;85558;1150054;1632666;394255
FR;8;2022-11-26;169;194;1176;8795;126;896;8953;13656;3776;9951;14063;111188;1139909;8285;86454;1159007;1646322;398031
FR;8;2022-11-27;45;40;226;1541;33;180;1556;2467;721;9996;14103;111414;1141450;8318;86634;1160563;1648789;398752
FR;8;2022-11-28;180;298;2301;23292;170;1692;23946;37175;11463;10176;14401;113715;1164742;8488;88326;1184509;1685964;410215
FR;8;2022-11-29;290;425;3948;43921;214;2930;44579;68837;21205;10466;14826;117663;1208663;8702;91256;1229088;1754801;431420
FR;8;2022-11-30;277;405;3346;34811;223;2523;35550;54548;16357;10743;15231;121009;1243474;8925;93779;1264638;1809349;447777
FR;8;2022-12-01;327;472;4454;49145;269;3095;49939;77248;24052;11070;15703;125463;1292619;9194;96874;1314577;1886597;471829
FR;8;2022-12-02;402;514;5416;58313;300;3725;59485;89557;26158;11472;16217;130879;1350932;9494;100599;1374062;1976154;497987
FR;8;2022-12-03;173;215;1910;16815;107;1318;17231;25767;7182;11645;16432;132789;1367747;9601;101917;1391293;2001921;505169
FR;8;2022-12-04;53;89;488;4044;59;402;4105;6267;1748;11698;16521;133277;1371791;9660;102319;1395398;2008188;506917
FR;8;2022-12-05;273;394;3829;42268;240;2494;43192;66694;20860;11971;16915;137106;1414059;9900;104813;1438590;2074882;527777
FR;8;2022-12-06;415;539;6289;74156;295;4205;75568;117546;37528;12386;17454;143395;1488215;10195;109018;1514158;2192428;565305
FR;8;2022-12-07;352;426;4894;54911;257;3228;56002;87445;28022;12738;17880;148289;1543126;10452;112246;1570160;2279873;593327
FR;8;2022-12-08;451;528;6401;75205;289;4167;76778;119999;38797;13189;18408;154690;1618331;10741;116413;1646938;2399872;632124
FR;8;2022-12-09;543;600;7997;90780;354;5194;92533;142673;44679;13732;19008;162687;1709111;11095;121607;1739471;2542545;676803
FR;8;2022-12-10;260;299;3332;31674;165;2082;32522;48664;13970;13992;19307;166019;1740785;11260;123689;1771993;2591209;690773
FR;8;2022-12-11;88;104;931;7852;66;639;8068;11868;3141;14080;19411;166950;1748637;11326;124328;1780061;2603077;693914
FR;8;2022-12-12;350;454;5836;64189;247;3705;65709;103068;33457;14430;19865;172786;1812826;11573;128033;1845770;2706145;727371
FR;8;2022-12-13;528;600;8402;98878;348;5176;101297;159721;52916;14958;20465;181188;1911704;11921;133209;1947067;2865866;780287
FR;8;2022-12-14;444;528;6323;69829;304;4152;71373;112931;37138;15402;20993;187511;1981533;12225;137361;2018440;2978797;817425
FR;8;2022-12-15;486;637;8101;91404;352;5084;93586;148495;49488;15888;21630;195612;2072937;12577;142445;2112026;3127292;866913
FR;8;2022-12-16;572;702;8828;100000;375;5668;102105;161333;53187;16460;22332;204440;2172937;12952;148113;2214131;3288625;920100
FR;8;2022-12-17;227;306;3140;29974;184;1997;30750;46625;13772;16687;22638;207580;2202911;13136;150110;2244881;3335250;933872
FR;8;2022-12-18;65;90;726;5949;44;492;6098;9259;2640;16752;22728;208306;2208860;13180;150602;2250979;3344509;936512
FR;8;2022-12-19;394;450;5324;53618;263;3353;55178;87471;28759;17146;23178;213630;2262478;13443;153955;2306157;3431980;965271
FR;8;2022-12-20;550;568;7328;76276;334;4736;78359;126548;43130;17696;23746;220958;2338754;13777;158691;2384516;3558528;1008401
FR;8;2022-12-21;407;472;4923;48489;277;3291;49762;81092;27849;18103;24218;225881;2387243;14054;161982;2434278;3639620;1036250
FR;8;2022-12-22;448;518;4538;43963;308;3128;45168;74112;25662;18551;24736;230419;2431206;14362;165110;2479446;3713732;1061912
FR;8;2022-12-23;302;382;2874;24906;244;2062;25576;42020;14266;18853;25118;233293;2456112;14606;167172;2505022;3755752;1076178
FR;8;2022-12-24;68;69;394;2537;40;294;2652;4122;1160;18921;25187;233687;2458649;14646;167466;2507674;3759874;1077338
FR;8;2022-12-25;29;27;102;535;21;79;555;894;257;18950;25214;233789;2459184;14667;167545;2508229;3760768;1077595
FR;8;2022-12-26;240;270;2148;16007;171;1491;16638;26666;8442;19190;25484;235937;2475191;14838;169036;2524867;3787434;1086037
FR;8;2022-12-27;378;443;3747;32286;250;2510;33380;55071;19034;19568;25927;239684;2507477;15088;171546;2558247;3842505;1105071
FR;8;2022-12-28;336;337;2915;24559;187;2026;25148;41512;14219;19904;26264;242599;2532036;15275;173572;2583395;3884017;1119290
FR;8;2022-12-29;293;397;3144;25402;219;2158;26320;43598;14993;20197;26661;245743;2557438;15494;175730;2609715;3927615;1134283
FR;8;2022-12-30;285;336;2433;18581;208;1691;19214;31501;10489;20482;26997;248176;2576019;15702;177421;2628929;3959116;1144772
FR;8;2022-12-31;90;116;449;2939;73;363;3081;4722;1258;20572;27113;248625;2578958;15775;177784;2632010;3963838;1146030
FR;8;2023-01-01;14;30;109;649;14;81;675;976;219;20586;27143;248734;2579607;15789;177865;2632685;3964814;1146249
FR;8;2023-01-02;251;380;2236;18124;222;1577;18583;31848;11603;20837;27523;250970;2597731;16011;179442;2651268;3996662;1157852
FR;8;2023-01-03;457;527;4200;42581;305;2864;43495;80367;33692;21294;28050;255170;2640312;16316;182306;2694763;4077029;1191544
FR;8;2023-01-04;402;457;3444;29739;282;2376;30470;57707;24680;21696;28507;258614;2670051;16598;184682;2725233;4134736;1216224
FR;8;2023-01-05;482;568;4304;41281;377;2847;42176;80778;35443;22178;29075;262918;2711332;16975;187529;2767409;4215514;1251667
FR;8;2023-01-06;494;649;5026;46136;380;3285;47106;88403;37688;22672;29724;267944;2757468;17355;190814;2814515;4303917;1289355
FR;8;2023-01-07;212;277;1665;12143;170;1167;12447;22027;8316;22884;30001;269609;2769611;17525;191981;2826962;4325944;1297671
FR;8;2023-01-08;63;99;425;2677;59;298;2763;4933;1855;22947;30100;270034;2772288;17584;192279;2829725;4330877;1299526
FR;8;2023-01-09;367;458;2529;20929;290;1773;21500;43359;19875;23314;30558;272563;2793217;17874;194052;2851225;4374236;1319401
FR;8;2023-01-10;433;572;4179;38843;349;2917;39620;81984;39092;23747;31130;276742;2832060;18223;196969;2890845;4456220;1358493
FR;8;2023-01-11;319;415;2784;22891;248;1971;23405;48629;22984;24066;31545;279526;2854951;18471;198940;2914250;4504849;1381477
FR;9;2020-12-27;0;0;0;0;0;0;0;0;0;0;0;0;0;0;0;0;0;0
FR;9;2020-12-28;0;0;0;0;0;0;0;0;0;0;0;0;0;0;0;0;0;0
FR;9;2020-12-29;0;0;0;0;0;0;0;0;0;0;0;0;0;0;0;0;0;0
FR;9;2020-12-30;0;0;0;0;0;0;0;0;0;0;0;0;0;0;0;0;0;0
FR;9;2020-12-31;0;0;0;0;0;0;0;0;0;0;0;0;0;0;0;0;0;0
FR;9;2021-01-01;0;0;0;0;0;0;0;0;0;0;0;0;0;0;0;0;0;0
FR;9;2021-01-02;0;0;0;0;0;0;0;0;0;0;0;0;0;0;0;0;0;0
FR;9;2021-01-03;0;0;0;0;0;0;0;0;0;0;0;0;0;0;0;0;0;0
FR;9;2021-01-04;0;0;0;0;0;0;0;0;0;0;0;0;0;0;0;0;0;0
FR;9;2021-01-05;0;0;0;0;0;0;0;0;0;0;0;0;0;0;0;0;0;0
FR;9;2021-01-06;0;0;0;0;0;0;0;0;0;0;0;0;0;0;0;0;0;0
FR;9;2021-01-07;0;0;0;0;0;0;0;0;0;0;0;0;0;0;0;0;0;0
FR;9;2021-01-08;0;0;0;0;0;0;0;0;0;0;0;0;0;0;0;0;0;0
FR;9;2021-01-09;0;0;0;0;0;0;0;0;0;0;0;0;0;0;0;0;0;0
FR;9;2021-01-10;0;0;0;0;0;0;0;0;0;0;0;0;0;0;0;0;0;0
FR;9;2021-01-11;0;0;0;0;0;0;0;0;0;0;0;0;0;0;0;0;0;0
FR;9;2021-01-12;0;0;0;0;0;0;0;0;0;0;0;0;0;0;0;0;0;0
FR;9;2021-01-13;0;0;0;0;0;0;0;0;0;0;0;0;0;0;0;0;0;0
FR;9;2021-01-14;0;0;0;0;0;0;0;0;0;0;0;0;0;0;0;0;0;0
FR;9;2021-01-15;0;0;0;0;0;0;0;0;0;0;0;0;0;0;0;0;0;0
FR;9;2021-01-16;0;0;0;0;0;0;0;0;0;0;0;0;0;0;0;0;0;0
FR;9;2021-01-17;0;0;0;0;0;0;0;0;0;0;0;0;0;0;0;0;0;0
FR;9;2021-01-18;0;0;0;0;0;0;0;0;0;0;0;0;0;0;0;0;0;0
FR;9;2021-01-19;0;0;0;0;0;0;0;0;0;0;0;0;0;0;0;0;0;0
FR;9;2021-01-20;0;0;0;0;0;0;0;0;0;0;0;0;0;0;0;0;0;0
FR;9;2021-01-21;0;0;0;0;0;0;0;0;0;0;0;0;0;0;0;0;0;0
FR;9;2021-01-22;0;0;0;0;0;0;0;0;0;0;0;0;0;0;0;0;0;0
FR;9;2021-01-23;0;0;0;0;0;0;0;0;0;0;0;0;0;0;0;0;0;0
FR;9;2021-01-24;0;0;0;0;0;0;0;0;0;0;0;0;0;0;0;0;0;0
FR;9;2021-01-25;0;0;0;0;0;0;0;0;0;0;0;0;0;0;0;0;0;0
FR;9;2021-01-26;0;0;0;0;0;0;0;0;0;0;0;0;0;0;0;0;0;0
FR;9;2021-01-27;0;0;0;0;0;0;0;0;0;0;0;0;0;0;0;0;0;0
FR;9;2021-01-28;0;0;0;0;0;0;0;0;0;0;0;0;0;0;0;0;0;0
FR;9;2021-01-29;0;0;0;0;0;0;0;0;0;0;0;0;0;0;0;0;0;0
FR;9;2021-01-30;0;0;0;0;0;0;0;0;0;0;0;0;0;0;0;0;0;0
FR;9;2021-01-31;0;0;0;0;0;0;0;0;0;0;0;0;0;0;0;0;0;0
FR;9;2021-02-01;0;0;0;0;0;0;0;0;0;0;0;0;0;0;0;0;0;0
FR;9;2021-02-02;0;0;0;0;0;0;0;0;0;0;0;0;0;0;0;0;0;0
FR;9;2021-02-03;0;0;0;0;0;0;0;0;0;0;0;0;0;0;0;0;0;0
FR;9;2021-02-04;0;0;0;0;0;0;0;0;0;0;0;0;0;0;0;0;0;0
FR;9;2021-02-05;0;0;0;0;0;0;0;0;0;0;0;0;0;0;0;0;0;0
FR;9;2021-02-06;0;0;0;0;0;0;0;0;0;0;0;0;0;0;0;0;0;0
FR;9;2021-02-07;0;0;0;0;0;0;0;0;0;0;0;0;0;0;0;0;0;0
FR;9;2021-02-08;0;0;0;0;0;0;0;0;0;0;0;0;0;0;0;0;0;0
FR;9;2021-02-09;0;0;0;0;0;0;0;0;0;0;0;0;0;0;0;0;0;0
FR;9;2021-02-10;0;0;0;0;0;0;0;0;0;0;0;0;0;0;0;0;0;0
FR;9;2021-02-11;0;0;0;0;0;0;0;0;0;0;0;0;0;0;0;0;0;0
FR;9;2021-02-12;0;0;0;0;0;0;0;0;0;0;0;0;0;0;0;0;0;0
FR;9;2021-02-13;0;0;0;0;0;0;0;0;0;0;0;0;0;0;0;0;0;0
FR;9;2021-02-14;0;0;0;0;0;0;0;0;0;0;0;0;0;0;0;0;0;0
FR;9;2021-02-15;0;0;0;0;0;0;0;0;0;0;0;0;0;0;0;0;0;0
FR;9;2021-02-16;0;0;0;0;0;0;0;0;0;0;0;0;0;0;0;0;0;0
FR;9;2021-02-17;0;0;0;0;0;0;0;0;0;0;0;0;0;0;0;0;0;0
FR;9;2021-02-18;0;0;0;0;0;0;0;0;0;0;0;0;0;0;0;0;0;0
FR;9;2021-02-19;0;0;0;0;0;0;0;0;0;0;0;0;0;0;0;0;0;0
FR;9;2021-02-20;0;0;0;0;0;0;0;0;0;0;0;0;0;0;0;0;0;0
FR;9;2021-02-21;0;0;0;0;0;0;0;0;0;0;0;0;0;0;0;0;0;0
FR;9;2021-02-22;0;0;0;0;0;0;0;0;0;0;0;0;0;0;0;0;0;0
FR;9;2021-02-23;0;0;0;0;0;0;0;0;0;0;0;0;0;0;0;0;0;0
FR;9;2021-02-24;0;0;0;0;0;0;0;0;0;0;0;0;0;0;0;0;0;0
FR;9;2021-02-25;0;0;0;0;0;0;0;0;0;0;0;0;0;0;0;0;0;0
FR;9;2021-02-26;0;0;0;0;0;0;0;0;0;0;0;0;0;0;0;0;0;0
FR;9;2021-02-27;0;0;0;0;0;0;0;0;0;0;0;0;0;0;0;0;0;0
FR;9;2021-02-28;0;0;0;0;0;0;0;0;0;0;0;0;0;0;0;0;0;0
FR;9;2021-03-01;0;0;0;0;0;0;0;0;0;0;0;0;0;0;0;0;0;0
FR;9;2021-03-02;0;0;0;0;0;0;0;0;0;0;0;0;0;0;0;0;0;0
FR;9;2021-03-03;0;0;0;0;0;0;0;0;0;0;0;0;0;0;0;0;0;0
FR;9;2021-03-04;0;0;0;0;0;0;0;0;0;0;0;0;0;0;0;0;0;0
FR;9;2021-03-05;0;0;0;0;0;0;0;0;0;0;0;0;0;0;0;0;0;0
FR;9;2021-03-06;0;0;0;0;0;0;0;0;0;0;0;0;0;0;0;0;0;0
FR;9;2021-03-07;0;0;0;0;0;0;0;0;0;0;0;0;0;0;0;0;0;0
FR;9;2021-03-08;0;0;0;0;0;0;0;0;0;0;0;0;0;0;0;0;0;0
FR;9;2021-03-09;0;0;0;0;0;0;0;0;0;0;0;0;0;0;0;0;0;0
FR;9;2021-03-10;0;0;0;0;0;0;0;0;0;0;0;0;0;0;0;0;0;0
FR;9;2021-03-11;0;0;0;0;0;0;0;0;0;0;0;0;0;0;0;0;0;0
FR;9;2021-03-12;0;0;0;0;0;0;0;0;0;0;0;0;0;0;0;0;0;0
FR;9;2021-03-13;0;0;0;0;0;0;0;0;0;0;0;0;0;0;0;0;0;0
FR;9;2021-03-14;0;0;0;0;0;0;0;0;0;0;0;0;0;0;0;0;0;0
FR;9;2021-03-15;0;0;0;0;0;0;0;0;0;0;0;0;0;0;0;0;0;0
FR;9;2021-03-16;0;0;0;0;0;0;0;0;0;0;0;0;0;0;0;0;0;0
FR;9;2021-03-17;0;0;0;0;0;0;0;0;0;0;0;0;0;0;0;0;0;0
FR;9;2021-03-18;0;0;0;0;0;0;0;0;0;0;0;0;0;0;0;0;0;0
FR;9;2021-03-19;0;0;0;0;0;0;0;0;0;0;0;0;0;0;0;0;0;0
FR;9;2021-03-20;0;0;0;0;0;0;0;0;0;0;0;0;0;0;0;0;0;0
FR;9;2021-03-21;0;0;0;0;0;0;0;0;0;0;0;0;0;0;0;0;0;0
FR;9;2021-03-22;0;0;0;0;0;0;0;0;0;0;0;0;0;0;0;0;0;0
FR;9;2021-03-23;0;0;0;0;0;0;0;0;0;0;0;0;0;0;0;0;0;0
FR;9;2021-03-24;0;0;0;0;0;0;0;0;0;0;0;0;0;0;0;0;0;0
FR;9;2021-03-25;0;0;0;0;0;0;0;0;0;0;0;0;0;0;0;0;0;0
FR;9;2021-03-26;0;0;0;0;0;0;0;0;0;0;0;0;0;0;0;0;0;0
FR;9;2021-03-27;0;0;0;0;0;0;0;0;0;0;0;0;0;0;0;0;0;0
FR;9;2021-03-28;0;0;0;0;0;0;0;0;0;0;0;0;0;0;0;0;0;0
FR;9;2021-03-29;0;0;0;0;0;0;0;0;0;0;0;0;0;0;0;0;0;0
FR;9;2021-03-30;0;0;0;0;0;0;0;0;0;0;0;0;0;0;0;0;0;0
FR;9;2021-03-31;0;0;0;0;0;0;0;0;0;0;0;0;0;0;0;0;0;0
FR;9;2021-04-01;0;0;0;0;0;0;0;0;0;0;0;0;0;0;0;0;0;0
FR;9;2021-04-02;0;0;0;0;0;0;0;0;0;0;0;0;0;0;0;0;0;0
FR;9;2021-04-03;0;0;0;0;0;0;0;0;0;0;0;0;0;0;0;0;0;0
FR;9;2021-04-04;0;0;0;0;0;0;0;0;0;0;0;0;0;0;0;0;0;0
FR;9;2021-04-05;0;0;0;0;0;0;0;0;0;0;0;0;0;0;0;0;0;0
FR;9;2021-04-06;0;0;0;0;0;0;0;0;0;0;0;0;0;0;0;0;0;0
FR;9;2021-04-07;0;0;0;0;0;0;0;0;0;0;0;0;0;0;0;0;0;0
FR;9;2021-04-08;0;0;0;0;0;0;0;0;0;0;0;0;0;0;0;0;0;0
FR;9;2021-04-09;0;0;0;0;0;0;0;0;0;0;0;0;0;0;0;0;0;0
FR;9;2021-04-10;0;0;0;0;0;0;0;0;0;0;0;0;0;0;0;0;0;0
FR;9;2021-04-11;0;0;0;0;0;0;0;0;0;0;0;0;0;0;0;0;0;0
FR;9;2021-04-12;0;0;0;0;0;0;0;0;0;0;0;0;0;0;0;0;0;0
FR;9;2021-04-13;0;0;0;0;0;0;0;0;0;0;0;0;0;0;0;0;0;0
FR;9;2021-04-14;0;0;0;0;0;0;0;0;0;0;0;0;0;0;0;0;0;0
FR;9;2021-04-15;0;0;0;0;0;0;0;0;0;0;0;0;0;0;0;0;0;0
FR;9;2021-04-16;0;0;0;0;0;0;0;0;0;0;0;0;0;0;0;0;0;0
FR;9;2021-04-17;0;0;0;0;0;0;0;0;0;0;0;0;0;0;0;0;0;0
FR;9;2021-04-18;0;0;0;0;0;0;0;0;0;0;0;0;0;0;0;0;0;0
FR;9;2021-04-19;0;0;0;0;0;0;0;0;0;0;0;0;0;0;0;0;0;0
FR;9;2021-04-20;0;0;0;0;0;0;0;0;0;0;0;0;0;0;0;0;0;0
FR;9;2021-04-21;0;0;0;0;0;0;0;0;0;0;0;0;0;0;0;0;0;0
FR;9;2021-04-22;0;0;0;0;0;0;0;0;0;0;0;0;0;0;0;0;0;0
FR;9;2021-04-23;0;0;0;0;0;0;0;0;0;0;0;0;0;0;0;0;0;0
FR;9;2021-04-24;0;0;0;0;0;0;0;0;0;0;0;0;0;0;0;0;0;0
FR;9;2021-04-25;0;0;0;0;0;0;0;0;0;0;0;0;0;0;0;0;0;0
FR;9;2021-04-26;0;0;0;0;0;0;0;0;0;0;0;0;0;0;0;0;0;0
FR;9;2021-04-27;0;0;0;0;0;0;0;0;0;0;0;0;0;0;0;0;0;0
FR;9;2021-04-28;0;0;0;0;0;0;0;0;0;0;0;0;0;0;0;0;0;0
FR;9;2021-04-29;0;0;0;0;0;0;0;0;0;0;0;0;0;0;0;0;0;0
FR;9;2021-04-30;0;0;0;0;0;0;0;0;0;0;0;0;0;0;0;0;0;0
FR;9;2021-05-01;0;0;0;0;0;0;0;0;0;0;0;0;0;0;0;0;0;0
FR;9;2021-05-02;0;0;0;0;0;0;0;0;0;0;0;0;0;0;0;0;0;0
FR;9;2021-05-03;0;0;0;0;0;0;0;0;0;0;0;0;0;0;0;0;0;0
FR;9;2021-05-04;0;0;0;0;0;0;0;0;0;0;0;0;0;0;0;0;0;0
FR;9;2021-05-05;0;0;0;0;0;0;0;0;0;0;0;0;0;0;0;0;0;0
FR;9;2021-05-06;0;0;0;0;0;0;0;0;0;0;0;0;0;0;0;0;0;0
FR;9;2021-05-07;0;0;0;0;0;0;0;0;0;0;0;0;0;0;0;0;0;0
FR;9;2021-05-08;0;0;0;0;0;0;0;0;0;0;0;0;0;0;0;0;0;0
FR;9;2021-05-09;0;0;0;0;0;0;0;0;0;0;0;0;0;0;0;0;0;0
FR;9;2021-05-10;0;0;0;0;0;0;0;0;0;0;0;0;0;0;0;0;0;0
FR;9;2021-05-11;0;0;0;0;0;0;0;0;0;0;0;0;0;0;0;0;0;0
FR;9;2021-05-12;0;0;0;0;0;0;0;0;0;0;0;0;0;0;0;0;0;0
FR;9;2021-05-13;0;0;0;0;0;0;0;0;0;0;0;0;0;0;0;0;0;0
FR;9;2021-05-14;0;0;0;0;0;0;0;0;0;0;0;0;0;0;0;0;0;0
FR;9;2021-05-15;0;0;0;0;0;0;0;0;0;0;0;0;0;0;0;0;0;0
FR;9;2021-05-16;0;0;0;0;0;0;0;0;0;0;0;0;0;0;0;0;0;0
FR;9;2021-05-17;0;0;0;0;0;0;0;0;0;0;0;0;0;0;0;0;0;0
FR;9;2021-05-18;0;0;0;0;0;0;0;0;0;0;0;0;0;0;0;0;0;0
FR;9;2021-05-19;0;0;0;0;0;0;0;0;0;0;0;0;0;0;0;0;0;0
FR;9;2021-05-20;0;0;0;0;0;0;0;0;0;0;0;0;0;0;0;0;0;0
FR;9;2021-05-21;0;0;0;0;0;0;0;0;0;0;0;0;0;0;0;0;0;0
FR;9;2021-05-22;0;0;0;0;0;0;0;0;0;0;0;0;0;0;0;0;0;0
FR;9;2021-05-23;0;0;0;0;0;0;0;0;0;0;0;0;0;0;0;0;0;0
FR;9;2021-05-24;0;0;0;0;0;0;0;0;0;0;0;0;0;0;0;0;0;0
FR;9;2021-05-25;0;0;0;0;0;0;0;0;0;0;0;0;0;0;0;0;0;0
FR;9;2021-05-26;0;0;0;0;0;0;0;0;0;0;0;0;0;0;0;0;0;0
FR;9;2021-05-27;0;0;0;0;0;0;0;0;0;0;0;0;0;0;0;0;0;0
FR;9;2021-05-28;0;0;0;0;0;0;0;0;0;0;0;0;0;0;0;0;0;0
FR;9;2021-05-29;0;0;0;0;0;0;0;0;0;0;0;0;0;0;0;0;0;0
FR;9;2021-05-30;0;0;0;0;0;0;0;0;0;0;0;0;0;0;0;0;0;0
FR;9;2021-05-31;0;0;0;0;0;0;0;0;0;0;0;0;0;0;0;0;0;0
FR;9;2021-06-01;0;0;0;0;0;0;0;0;0;0;0;0;0;0;0;0;0;0
FR;9;2021-06-02;0;0;0;0;0;0;0;0;0;0;0;0;0;0;0;0;0;0
FR;9;2021-06-03;0;0;0;0;0;0;0;0;0;0;0;0;0;0;0;0;0;0
FR;9;2021-06-04;0;0;0;0;0;0;0;0;0;0;0;0;0;0;0;0;0;0
FR;9;2021-06-05;0;0;0;0;0;0;0;0;0;0;0;0;0;0;0;0;0;0
FR;9;2021-06-06;0;0;0;0;0;0;0;0;0;0;0;0;0;0;0;0;0;0
FR;9;2021-06-07;0;0;0;0;0;0;0;0;0;0;0;0;0;0;0;0;0;0
FR;9;2021-06-08;0;0;0;0;0;0;0;0;0;0;0;0;0;0;0;0;0;0
FR;9;2021-06-09;0;0;0;0;0;0;0;0;0;0;0;0;0;0;0;0;0;0
FR;9;2021-06-10;0;0;0;0;0;0;0;0;0;0;0;0;0;0;0;0;0;0
FR;9;2021-06-11;0;0;0;0;0;0;0;0;0;0;0;0;0;0;0;0;0;0
FR;9;2021-06-12;0;0;0;0;0;0;0;0;0;0;0;0;0;0;0;0;0;0
FR;9;2021-06-13;0;0;0;0;0;0;0;0;0;0;0;0;0;0;0;0;0;0
FR;9;2021-06-14;0;0;0;0;0;0;0;0;0;0;0;0;0;0;0;0;0;0
FR;9;2021-06-15;0;0;0;0;0;0;0;0;0;0;0;0;0;0;0;0;0;0
FR;9;2021-06-16;0;0;0;0;0;0;0;0;0;0;0;0;0;0;0;0;0;0
FR;9;2021-06-17;0;0;0;0;0;0;0;0;0;0;0;0;0;0;0;0;0;0
FR;9;2021-06-18;0;0;0;0;0;0;0;0;0;0;0;0;0;0;0;0;0;0
FR;9;2021-06-19;0;0;0;0;0;0;0;0;0;0;0;0;0;0;0;0;0;0
FR;9;2021-06-20;0;0;0;0;0;0;0;0;0;0;0;0;0;0;0;0;0;0
FR;9;2021-06-21;0;0;0;0;0;0;0;0;0;0;0;0;0;0;0;0;0;0
FR;9;2021-06-22;0;0;0;0;0;0;0;0;0;0;0;0;0;0;0;0;0;0
FR;9;2021-06-23;0;0;0;0;0;0;0;0;0;0;0;0;0;0;0;0;0;0
FR;9;2021-06-24;0;0;0;0;0;0;0;0;0;0;0;0;0;0;0;0;0;0
FR;9;2021-06-25;0;0;0;0;0;0;0;0;0;0;0;0;0;0;0;0;0;0
FR;9;2021-06-26;0;0;0;0;0;0;0;0;0;0;0;0;0;0;0;0;0;0
FR;9;2021-06-27;0;0;0;0;0;0;0;0;0;0;0;0;0;0;0;0;0;0
FR;9;2021-06-28;0;0;0;0;0;0;0;0;0;0;0;0;0;0;0;0;0;0
FR;9;2021-06-29;0;0;0;0;0;0;0;0;0;0;0;0;0;0;0;0;0;0
FR;9;2021-06-30;0;0;0;0;0;0;0;0;0;0;0;0;0;0;0;0;0;0
FR;9;2021-07-01;0;0;0;0;0;0;0;0;0;0;0;0;0;0;0;0;0;0
FR;9;2021-07-02;0;0;0;0;0;0;0;0;0;0;0;0;0;0;0;0;0;0
FR;9;2021-07-03;0;0;0;0;0;0;0;0;0;0;0;0;0;0;0;0;0;0
FR;9;2021-07-04;0;0;0;0;0;0;0;0;0;0;0;0;0;0;0;0;0;0
FR;9;2021-07-05;0;0;0;0;0;0;0;0;0;0;0;0;0;0;0;0;0;0
FR;9;2021-07-06;0;0;0;0;0;0;0;0;0;0;0;0;0;0;0;0;0;0
FR;9;2021-07-07;0;0;0;0;0;0;0;0;0;0;0;0;0;0;0;0;0;0
FR;9;2021-07-08;0;0;0;0;0;0;0;0;0;0;0;0;0;0;0;0;0;0
FR;9;2021-07-09;0;0;0;0;0;0;0;0;0;0;0;0;0;0;0;0;0;0
FR;9;2021-07-10;0;0;0;0;0;0;0;0;0;0;0;0;0;0;0;0;0;0
FR;9;2021-07-11;0;0;0;0;0;0;0;0;0;0;0;0;0;0;0;0;0;0
FR;9;2021-07-12;0;0;0;0;0;0;0;0;0;0;0;0;0;0;0;0;0;0
FR;9;2021-07-13;0;0;0;0;0;0;0;0;0;0;0;0;0;0;0;0;0;0
FR;9;2021-07-14;0;0;0;0;0;0;0;0;0;0;0;0;0;0;0;0;0;0
FR;9;2021-07-15;0;0;0;0;0;0;0;0;0;0;0;0;0;0;0;0;0;0
FR;9;2021-07-16;0;0;0;0;0;0;0;0;0;0;0;0;0;0;0;0;0;0
FR;9;2021-07-17;0;0;0;0;0;0;0;0;0;0;0;0;0;0;0;0;0;0
FR;9;2021-07-18;0;0;0;0;0;0;0;0;0;0;0;0;0;0;0;0;0;0
FR;9;2021-07-19;0;0;0;0;0;0;0;0;0;0;0;0;0;0;0;0;0;0
FR;9;2021-07-20;0;0;0;0;0;0;0;0;0;0;0;0;0;0;0;0;0;0
FR;9;2021-07-21;0;0;0;0;0;0;0;0;0;0;0;0;0;0;0;0;0;0
FR;9;2021-07-22;0;0;0;0;0;0;0;0;0;0;0;0;0;0;0;0;0;0
FR;9;2021-07-23;0;0;0;0;0;0;0;0;0;0;0;0;0;0;0;0;0;0
FR;9;2021-07-24;0;0;0;0;0;0;0;0;0;0;0;0;0;0;0;0;0;0
FR;9;2021-07-25;0;0;0;0;0;0;0;0;0;0;0;0;0;0;0;0;0;0
FR;9;2021-07-26;0;0;0;0;0;0;0;0;0;0;0;0;0;0;0;0;0;0
FR;9;2021-07-27;0;0;0;0;0;0;0;0;0;0;0;0;0;0;0;0;0;0
FR;9;2021-07-28;0;0;0;0;0;0;0;0;0;0;0;0;0;0;0;0;0;0
FR;9;2021-07-29;0;0;0;0;0;0;0;0;0;0;0;0;0;0;0;0;0;0
FR;9;2021-07-30;0;0;0;0;0;0;0;0;0;0;0;0;0;0;0;0;0;0
FR;9;2021-07-31;0;0;0;0;0;0;0;0;0;0;0;0;0;0;0;0;0;0
FR;9;2021-08-01;0;0;0;0;0;0;0;0;0;0;0;0;0;0;0;0;0;0
FR;9;2021-08-02;0;0;0;0;0;0;0;0;0;0;0;0;0;0;0;0;0;0
FR;9;2021-08-03;0;0;0;0;0;0;0;0;0;0;0;0;0;0;0;0;0;0
FR;9;2021-08-04;0;0;0;0;0;0;0;0;0;0;0;0;0;0;0;0;0;0
FR;9;2021-08-05;0;0;0;0;0;0;0;0;0;0;0;0;0;0;0;0;0;0
FR;9;2021-08-06;0;0;0;0;0;0;0;0;0;0;0;0;0;0;0;0;0;0
FR;9;2021-08-07;0;0;0;0;0;0;0;0;0;0;0;0;0;0;0;0;0;0
FR;9;2021-08-08;0;0;0;0;0;0;0;0;0;0;0;0;0;0;0;0;0;0
FR;9;2021-08-09;0;0;0;0;0;0;0;0;0;0;0;0;0;0;0;0;0;0
FR;9;2021-08-10;0;0;0;0;0;0;0;0;0;0;0;0;0;0;0;0;0;0
FR;9;2021-08-11;0;0;0;0;0;0;0;0;0;0;0;0;0;0;0;0;0;0
FR;9;2021-08-12;0;0;0;0;0;0;0;0;0;0;0;0;0;0;0;0;0;0
FR;9;2021-08-13;0;0;0;0;0;0;0;0;0;0;0;0;0;0;0;0;0;0
FR;9;2021-08-14;0;0;0;0;0;0;0;0;0;0;0;0;0;0;0;0;0;0
FR;9;2021-08-15;0;0;0;0;0;0;0;0;0;0;0;0;0;0;0;0;0;0
FR;9;2021-08-16;0;0;0;0;0;0;0;0;0;0;0;0;0;0;0;0;0;0
FR;9;2021-08-17;0;0;0;0;0;0;0;0;0;0;0;0;0;0;0;0;0;0
FR;9;2021-08-18;0;0;0;0;0;0;0;0;0;0;0;0;0;0;0;0;0;0
FR;9;2021-08-19;0;0;0;0;0;0;0;0;0;0;0;0;0;0;0;0;0;0
FR;9;2021-08-20;0;0;0;0;0;0;0;0;0;0;0;0;0;0;0;0;0;0
FR;9;2021-08-21;0;0;0;0;0;0;0;0;0;0;0;0;0;0;0;0;0;0
FR;9;2021-08-22;0;0;0;0;0;0;0;0;0;0;0;0;0;0;0;0;0;0
FR;9;2021-08-23;0;0;0;0;0;0;0;0;0;0;0;0;0;0;0;0;0;0
FR;9;2021-08-24;0;0;0;0;0;0;0;0;0;0;0;0;0;0;0;0;0;0
FR;9;2021-08-25;0;0;0;0;0;0;0;0;0;0;0;0;0;0;0;0;0;0
FR;9;2021-08-26;0;0;0;0;0;0;0;0;0;0;0;0;0;0;0;0;0;0
FR;9;2021-08-27;0;0;0;0;0;0;0;0;0;0;0;0;0;0;0;0;0;0
FR;9;2021-08-28;0;0;0;0;0;0;0;0;0;0;0;0;0;0;0;0;0;0
FR;9;2021-08-29;0;0;0;0;0;0;0;0;0;0;0;0;0;0;0;0;0;0
FR;9;2021-08-30;0;0;0;0;0;0;0;0;0;0;0;0;0;0;0;0;0;0
FR;9;2021-08-31;0;0;0;0;0;0;0;0;0;0;0;0;0;0;0;0;0;0
FR;9;2021-09-01;0;0;0;0;0;0;0;0;0;0;0;0;0;0;0;0;0;0
FR;9;2021-09-02;0;0;0;0;0;0;0;0;0;0;0;0;0;0;0;0;0;0
FR;9;2021-09-03;0;0;0;0;0;0;0;0;0;0;0;0;0;0;0;0;0;0
FR;9;2021-09-04;0;0;0;0;0;0;0;0;0;0;0;0;0;0;0;0;0;0
FR;9;2021-09-05;0;0;0;0;0;0;0;0;0;0;0;0;0;0;0;0;0;0
FR;9;2021-09-06;0;0;0;0;0;0;0;0;0;0;0;0;0;0;0;0;0;0
FR;9;2021-09-07;0;0;0;0;0;0;0;0;0;0;0;0;0;0;0;0;0;0
FR;9;2021-09-08;0;0;0;0;0;0;0;0;0;0;0;0;0;0;0;0;0;0
FR;9;2021-09-09;0;0;0;0;0;0;0;0;0;0;0;0;0;0;0;0;0;0
FR;9;2021-09-10;0;0;0;0;0;0;0;0;0;0;0;0;0;0;0;0;0;0
FR;9;2021-09-11;0;0;0;0;0;0;0;0;0;0;0;0;0;0;0;0;0;0
FR;9;2021-09-12;0;0;0;0;0;0;0;0;0;0;0;0;0;0;0;0;0;0
FR;9;2021-09-13;0;0;0;0;0;0;0;0;0;0;0;0;0;0;0;0;0;0
FR;9;2021-09-14;0;0;0;0;0;0;0;0;0;0;0;0;0;0;0;0;0;0
FR;9;2021-09-15;0;0;0;0;0;0;0;0;0;0;0;0;0;0;0;0;0;0
FR;9;2021-09-16;0;0;0;0;0;0;0;0;0;0;0;0;0;0;0;0;0;0
FR;9;2021-09-17;0;0;0;0;0;0;0;0;0;0;0;0;0;0;0;0;0;0
FR;9;2021-09-18;0;0;0;0;0;0;0;0;0;0;0;0;0;0;0;0;0;0
FR;9;2021-09-19;0;0;0;0;0;0;0;0;0;0;0;0;0;0;0;0;0;0
FR;9;2021-09-20;0;0;0;0;0;0;0;0;0;0;0;0;0;0;0;0;0;0
FR;9;2021-09-21;0;0;0;0;0;0;0;0;0;0;0;0;0;0;0;0;0;0
FR;9;2021-09-22;0;0;0;0;0;0;0;0;0;0;0;0;0;0;0;0;0;0
FR;9;2021-09-23;0;0;0;0;0;0;0;0;0;0;0;0;0;0;0;0;0;0
FR;9;2021-09-24;0;0;0;0;0;0;0;0;0;0;0;0;0;0;0;0;0;0
FR;9;2021-09-25;0;0;0;0;0;0;0;0;0;0;0;0;0;0;0;0;0;0
FR;9;2021-09-26;0;0;0;0;0;0;0;0;0;0;0;0;0;0;0;0;0;0
FR;9;2021-09-27;0;0;0;0;0;0;0;0;0;0;0;0;0;0;0;0;0;0
FR;9;2021-09-28;0;0;0;0;0;0;0;0;0;0;0;0;0;0;0;0;0;0
FR;9;2021-09-29;0;0;0;0;0;0;0;0;0;0;0;0;0;0;0;0;0;0
FR;9;2021-09-30;0;0;0;0;0;0;0;0;0;0;0;0;0;0;0;0;0;0
FR;9;2021-10-01;0;0;0;0;0;0;0;0;0;0;0;0;0;0;0;0;0;0
FR;9;2021-10-02;0;0;0;0;0;0;0;0;0;0;0;0;0;0;0;0;0;0
FR;9;2021-10-03;0;0;0;0;0;0;0;0;0;0;0;0;0;0;0;0;0;0
FR;9;2021-10-04;0;0;0;0;0;0;0;0;0;0;0;0;0;0;0;0;0;0
FR;9;2021-10-05;0;0;0;0;0;0;0;0;0;0;0;0;0;0;0;0;0;0
FR;9;2021-10-06;0;0;0;0;0;0;0;0;0;0;0;0;0;0;0;0;0;0
FR;9;2021-10-07;0;0;0;0;0;0;0;0;0;0;0;0;0;0;0;0;0;0
FR;9;2021-10-08;0;0;0;0;0;0;0;0;0;0;0;0;0;0;0;0;0;0
FR;9;2021-10-09;0;0;0;0;0;0;0;0;0;0;0;0;0;0;0;0;0;0
FR;9;2021-10-10;0;0;0;0;0;0;0;0;0;0;0;0;0;0;0;0;0;0
FR;9;2021-10-11;0;0;0;0;0;0;0;0;0;0;0;0;0;0;0;0;0;0
FR;9;2021-10-12;0;0;0;0;0;0;0;0;0;0;0;0;0;0;0;0;0;0
FR;9;2021-10-13;0;0;0;0;0;0;0;0;0;0;0;0;0;0;0;0;0;0
FR;9;2021-10-14;0;0;0;0;0;0;0;0;0;0;0;0;0;0;0;0;0;0
FR;9;2021-10-15;0;0;0;0;0;0;0;0;0;0;0;0;0;0;0;0;0;0
FR;9;2021-10-16;0;0;0;0;0;0;0;0;0;0;0;0;0;0;0;0;0;0
FR;9;2021-10-17;0;0;0;0;0;0;0;0;0;0;0;0;0;0;0;0;0;0
FR;9;2021-10-18;0;0;0;0;0;0;0;0;0;0;0;0;0;0;0;0;0;0
FR;9;2021-10-19;0;0;0;0;0;0;0;0;0;0;0;0;0;0;0;0;0;0
FR;9;2021-10-20;0;0;0;0;0;0;0;0;0;0;0;0;0;0;0;0;0;0
FR;9;2021-10-21;0;0;0;0;0;0;0;0;0;0;0;0;0;0;0;0;0;0
FR;9;2021-10-22;0;0;0;0;0;0;0;0;0;0;0;0;0;0;0;0;0;0
FR;9;2021-10-23;0;0;0;0;0;0;0;0;0;0;0;0;0;0;0;0;0;0
FR;9;2021-10-24;0;0;0;0;0;0;0;0;0;0;0;0;0;0;0;0;0;0
FR;9;2021-10-25;0;0;0;0;0;0;0;0;0;0;0;0;0;0;0;0;0;0
FR;9;2021-10-26;0;0;0;0;0;0;0;0;0;0;0;0;0;0;0;0;0;0
FR;9;2021-10-27;0;0;0;0;0;0;0;0;0;0;0;0;0;0;0;0;0;0
FR;9;2021-10-28;0;0;0;0;0;0;0;0;0;0;0;0;0;0;0;0;0;0
FR;9;2021-10-29;0;0;0;0;0;0;0;0;0;0;0;0;0;0;0;0;0;0
FR;9;2021-10-30;0;0;0;0;0;0;0;0;0;0;0;0;0;0;0;0;0;0
FR;9;2021-10-31;0;0;0;0;0;0;0;0;0;0;0;0;0;0;0;0;0;0
FR;9;2021-11-01;0;0;0;0;0;0;0;0;0;0;0;0;0;0;0;0;0;0
FR;9;2021-11-02;0;0;0;0;0;0;0;0;0;0;0;0;0;0;0;0;0;0
FR;9;2021-11-03;0;0;0;0;0;0;0;0;0;0;0;0;0;0;0;0;0;0
FR;9;2021-11-04;0;0;0;0;0;0;0;0;0;0;0;0;0;0;0;0;0;0
FR;9;2021-11-05;0;0;0;0;0;0;0;0;0;0;0;0;0;0;0;0;0;0
FR;9;2021-11-06;0;0;0;0;0;0;0;0;0;0;0;0;0;0;0;0;0;0
FR;9;2021-11-07;0;0;0;0;0;0;0;0;0;0;0;0;0;0;0;0;0;0
FR;9;2021-11-08;0;0;0;0;0;0;0;0;0;0;0;0;0;0;0;0;0;0
FR;9;2021-11-09;0;0;0;0;0;0;0;0;0;0;0;0;0;0;0;0;0;0
FR;9;2021-11-10;0;0;0;0;0;0;0;0;0;0;0;0;0;0;0;0;0;0
FR;9;2021-11-11;0;0;0;0;0;0;0;0;0;0;0;0;0;0;0;0;0;0
FR;9;2021-11-12;0;0;0;0;0;0;0;0;0;0;0;0;0;0;0;0;0;0
FR;9;2021-11-13;0;0;0;0;0;0;0;0;0;0;0;0;0;0;0;0;0;0
FR;9;2021-11-14;0;0;0;0;0;0;0;0;0;0;0;0;0;0;0;0;0;0
FR;9;2021-11-15;0;0;0;0;0;0;0;0;0;0;0;0;0;0;0;0;0;0
FR;9;2021-11-16;0;0;0;0;0;0;0;0;0;0;0;0;0;0;0;0;0;0
FR;9;2021-11-17;0;0;0;0;0;0;0;0;0;0;0;0;0;0;0;0;0;0
FR;9;2021-11-18;0;0;0;0;0;0;0;0;0;0;0;0;0;0;0;0;0;0
FR;9;2021-11-19;0;0;0;0;0;0;0;0;0;0;0;0;0;0;0;0;0;0
FR;9;2021-11-20;0;0;0;0;0;0;0;0;0;0;0;0;0;0;0;0;0;0
FR;9;2021-11-21;0;0;0;0;0;0;0;0;0;0;0;0;0;0;0;0;0;0
FR;9;2021-11-22;0;0;0;0;0;0;0;0;0;0;0;0;0;0;0;0;0;0
FR;9;2021-11-23;0;0;0;0;0;0;0;0;0;0;0;0;0;0;0;0;0;0
FR;9;2021-11-24;0;0;0;0;0;0;0;0;0;0;0;0;0;0;0;0;0;0
FR;9;2021-11-25;0;0;0;0;0;0;0;0;0;0;0;0;0;0;0;0;0;0
FR;9;2021-11-26;0;0;0;0;0;0;0;0;0;0;0;0;0;0;0;0;0;0
FR;9;2021-11-27;0;0;0;0;0;0;0;0;0;0;0;0;0;0;0;0;0;0
FR;9;2021-11-28;0;0;0;0;0;0;0;0;0;0;0;0;0;0;0;0;0;0
FR;9;2021-11-29;0;0;0;0;0;0;0;0;0;0;0;0;0;0;0;0;0;0
FR;9;2021-11-30;0;0;0;0;0;0;0;0;0;0;0;0;0;0;0;0;0;0
FR;9;2021-12-01;0;0;0;0;0;0;0;0;0;0;0;0;0;0;0;0;0;0
FR;9;2021-12-02;0;0;0;0;0;0;0;0;0;0;0;0;0;0;0;0;0;0
FR;9;2021-12-03;0;0;0;0;0;0;0;0;0;0;0;0;0;0;0;0;0;0
FR;9;2021-12-04;0;0;0;0;0;0;0;0;0;0;0;0;0;0;0;0;0;0
FR;9;2021-12-05;0;0;0;0;0;0;0;0;0;0;0;0;0;0;0;0;0;0
FR;9;2021-12-06;0;0;0;0;0;0;0;0;0;0;0;0;0;0;0;0;0;0
FR;9;2021-12-07;0;0;0;0;0;0;0;0;0;0;0;0;0;0;0;0;0;0
FR;9;2021-12-08;0;0;0;0;0;0;0;0;0;0;0;0;0;0;0;0;0;0
FR;9;2021-12-09;0;0;0;0;0;0;0;0;0;0;0;0;0;0;0;0;0;0
FR;9;2021-12-10;0;0;0;0;0;0;0;0;0;0;0;0;0;0;0;0;0;0
FR;9;2021-12-11;0;0;0;0;0;0;0;0;0;0;0;0;0;0;0;0;0;0
FR;9;2021-12-12;0;0;0;0;0;0;0;0;0;0;0;0;0;0;0;0;0;0
FR;9;2021-12-13;0;0;0;0;0;0;0;0;0;0;0;0;0;0;0;0;0;0
FR;9;2021-12-14;0;0;0;0;0;0;0;0;0;0;0;0;0;0;0;0;0;0
FR;9;2021-12-15;0;0;0;0;0;0;0;0;0;0;0;0;0;0;0;0;0;0
FR;9;2021-12-16;0;0;0;0;0;0;0;0;0;0;0;0;0;0;0;0;0;0
FR;9;2021-12-17;0;0;0;0;0;0;0;0;0;0;0;0;0;0;0;0;0;0
FR;9;2021-12-18;0;0;0;0;0;0;0;0;0;0;0;0;0;0;0;0;0;0
FR;9;2021-12-19;0;0;0;0;0;0;0;0;0;0;0;0;0;0;0;0;0;0
FR;9;2021-12-20;0;0;0;0;0;0;0;0;0;0;0;0;0;0;0;0;0;0
FR;9;2021-12-21;0;0;0;0;0;0;0;0;0;0;0;0;0;0;0;0;0;0
FR;9;2021-12-22;0;0;0;0;0;0;0;0;0;0;0;0;0;0;0;0;0;0
FR;9;2021-12-23;0;0;0;0;0;0;0;0;0;0;0;0;0;0;0;0;0;0
FR;9;2021-12-24;0;0;0;0;0;0;0;0;0;0;0;0;0;0;0;0;0;0
FR;9;2021-12-25;0;0;0;0;0;0;0;0;0;0;0;0;0;0;0;0;0;0
FR;9;2021-12-26;0;0;0;0;0;0;0;0;0;0;0;0;0;0;0;0;0;0
FR;9;2021-12-27;0;0;0;0;0;0;0;0;0;0;0;0;0;0;0;0;0;0
FR;9;2021-12-28;0;0;0;0;0;0;0;0;0;0;0;0;0;0;0;0;0;0
FR;9;2021-12-29;0;0;0;0;0;0;0;0;0;0;0;0;0;0;0;0;0;0
FR;9;2021-12-30;0;0;0;0;0;0;0;0;0;0;0;0;0;0;0;0;0;0
FR;9;2021-12-31;0;0;0;0;0;0;0;0;0;0;0;0;0;0;0;0;0;0
FR;9;2022-01-01;0;0;0;0;0;0;0;0;0;0;0;0;0;0;0;0;0;0
FR;9;2022-01-02;0;0;0;0;0;0;0;0;0;0;0;0;0;0;0;0;0;0
FR;9;2022-01-03;0;0;0;0;0;0;0;0;0;0;0;0;0;0;0;0;0;0
FR;9;2022-01-04;0;0;0;0;0;0;0;0;0;0;0;0;0;0;0;0;0;0
FR;9;2022-01-05;0;0;0;0;0;0;0;0;0;0;0;0;0;0;0;0;0;0
FR;9;2022-01-06;0;0;0;0;0;0;0;0;0;0;0;0;0;0;0;0;0;0
FR;9;2022-01-07;0;0;0;0;0;0;0;0;0;0;0;0;0;0;0;0;0;0
FR;9;2022-01-08;0;0;0;0;0;0;0;0;0;0;0;0;0;0;0;0;0;0
FR;9;2022-01-09;0;0;0;0;0;0;0;0;0;0;0;0;0;0;0;0;0;0
FR;9;2022-01-10;0;0;0;0;0;0;0;0;0;0;0;0;0;0;0;0;0;0
FR;9;2022-01-11;0;0;0;0;0;0;0;0;0;0;0;0;0;0;0;0;0;0
FR;9;2022-01-12;0;0;0;0;0;0;0;0;0;0;0;0;0;0;0;0;0;0
FR;9;2022-01-13;0;0;0;0;0;0;0;0;0;0;0;0;0;0;0;0;0;0
FR;9;2022-01-14;0;0;0;0;0;0;0;0;0;0;0;0;0;0;0;0;0;0
FR;9;2022-01-15;0;0;0;0;0;0;0;0;0;0;0;0;0;0;0;0;0;0
FR;9;2022-01-16;0;0;0;0;0;0;0;0;0;0;0;0;0;0;0;0;0;0
FR;9;2022-01-17;0;0;0;0;0;0;0;0;0;0;0;0;0;0;0;0;0;0
FR;9;2022-01-18;0;0;0;0;0;0;0;0;0;0;0;0;0;0;0;0;0;0
FR;9;2022-01-19;0;0;0;0;0;0;0;0;0;0;0;0;0;0;0;0;0;0
FR;9;2022-01-20;0;0;0;0;0;0;0;0;0;0;0;0;0;0;0;0;0;0
FR;9;2022-01-21;0;0;0;0;0;0;0;0;0;0;0;0;0;0;0;0;0;0
FR;9;2022-01-22;0;0;0;0;0;0;0;0;0;0;0;0;0;0;0;0;0;0
FR;9;2022-01-23;0;0;0;0;0;0;0;0;0;0;0;0;0;0;0;0;0;0
FR;9;2022-01-24;0;0;0;0;0;0;0;0;0;0;0;0;0;0;0;0;0;0
FR;9;2022-01-25;0;0;0;0;0;0;0;0;0;0;0;0;0;0;0;0;0;0
FR;9;2022-01-26;0;0;0;0;0;0;0;0;0;0;0;0;0;0;0;0;0;0
FR;9;2022-01-27;0;0;0;0;0;0;0;0;0;0;0;0;0;0;0;0;0;0
FR;9;2022-01-28;0;0;0;0;0;0;0;0;0;0;0;0;0;0;0;0;0;0
FR;9;2022-01-29;0;0;0;0;0;0;0;0;0;0;0;0;0;0;0;0;0;0
FR;9;2022-01-30;0;0;0;0;0;0;0;0;0;0;0;0;0;0;0;0;0;0
FR;9;2022-01-31;0;0;0;0;0;0;0;0;0;0;0;0;0;0;0;0;0;0
FR;9;2022-02-01;0;0;0;0;0;0;0;0;0;0;0;0;0;0;0;0;0;0
FR;9;2022-02-02;0;0;0;0;0;0;0;0;0;0;0;0;0;0;0;0;0;0
FR;9;2022-02-03;0;0;0;0;0;0;0;0;0;0;0;0;0;0;0;0;0;0
FR;9;2022-02-04;0;0;0;0;0;0;0;0;0;0;0;0;0;0;0;0;0;0
FR;9;2022-02-05;0;0;0;0;0;0;0;0;0;0;0;0;0;0;0;0;0;0
FR;9;2022-02-06;0;0;0;0;0;0;0;0;0;0;0;0;0;0;0;0;0;0
FR;9;2022-02-07;0;0;0;0;0;0;0;0;0;0;0;0;0;0;0;0;0;0
FR;9;2022-02-08;0;0;0;0;0;0;0;0;0;0;0;0;0;0;0;0;0;0
FR;9;2022-02-09;0;0;0;0;0;0;0;0;0;0;0;0;0;0;0;0;0;0
FR;9;2022-02-10;0;0;0;0;0;0;0;0;0;0;0;0;0;0;0;0;0;0
FR;9;2022-02-11;0;0;0;0;0;0;0;0;0;0;0;0;0;0;0;0;0;0
FR;9;2022-02-12;0;0;0;0;0;0;0;0;0;0;0;0;0;0;0;0;0;0
FR;9;2022-02-13;0;0;0;0;0;0;0;0;0;0;0;0;0;0;0;0;0;0
FR;9;2022-02-14;0;0;0;0;0;0;0;0;0;0;0;0;0;0;0;0;0;0
FR;9;2022-02-15;0;0;0;0;0;0;0;0;0;0;0;0;0;0;0;0;0;0
FR;9;2022-02-16;0;0;0;0;0;0;0;0;0;0;0;0;0;0;0;0;0;0
FR;9;2022-02-17;0;0;0;0;0;0;0;0;0;0;0;0;0;0;0;0;0;0
FR;9;2022-02-18;0;0;0;0;0;0;0;0;0;0;0;0;0;0;0;0;0;0
FR;9;2022-02-19;0;0;0;0;0;0;0;0;0;0;0;0;0;0;0;0;0;0
FR;9;2022-02-20;0;0;0;0;0;0;0;0;0;0;0;0;0;0;0;0;0;0
FR;9;2022-02-21;0;0;0;0;0;0;0;0;0;0;0;0;0;0;0;0;0;0
FR;9;2022-02-22;0;0;0;0;0;0;0;0;0;0;0;0;0;0;0;0;0;0
FR;9;2022-02-23;0;0;0;0;0;0;0;0;0;0;0;0;0;0;0;0;0;0
FR;9;2022-02-24;0;0;0;0;0;0;0;0;0;0;0;0;0;0;0;0;0;0
FR;9;2022-02-25;0;0;0;0;0;0;0;0;0;0;0;0;0;0;0;0;0;0
FR;9;2022-02-26;0;0;0;0;0;0;0;0;0;0;0;0;0;0;0;0;0;0
FR;9;2022-02-27;0;0;0;0;0;0;0;0;0;0;0;0;0;0;0;0;0;0
FR;9;2022-02-28;0;0;0;0;0;0;0;0;0;0;0;0;0;0;0;0;0;0
FR;9;2022-03-01;0;0;0;0;0;0;0;0;0;0;0;0;0;0;0;0;0;0
FR;9;2022-03-02;0;0;0;0;0;0;0;0;0;0;0;0;0;0;0;0;0;0
FR;9;2022-03-03;0;0;0;0;0;0;0;0;0;0;0;0;0;0;0;0;0;0
FR;9;2022-03-04;0;0;0;0;0;0;0;0;0;0;0;0;0;0;0;0;0;0
FR;9;2022-03-05;0;0;0;0;0;0;0;0;0;0;0;0;0;0;0;0;0;0
FR;9;2022-03-06;0;0;0;0;0;0;0;0;0;0;0;0;0;0;0;0;0;0
FR;9;2022-03-07;0;0;0;0;0;0;0;0;0;0;0;0;0;0;0;0;0;0
FR;9;2022-03-08;0;0;0;0;0;0;0;0;0;0;0;0;0;0;0;0;0;0
FR;9;2022-03-09;0;0;0;0;0;0;0;0;0;0;0;0;0;0;0;0;0;0
FR;9;2022-03-10;0;0;0;0;0;0;0;0;0;0;0;0;0;0;0;0;0;0
FR;9;2022-03-11;0;0;0;0;0;0;0;0;0;0;0;0;0;0;0;0;0;0
FR;9;2022-03-12;0;0;0;0;0;0;0;0;0;0;0;0;0;0;0;0;0;0
FR;9;2022-03-13;0;0;0;0;0;0;0;0;0;0;0;0;0;0;0;0;0;0
FR;9;2022-03-14;0;0;0;0;0;0;0;0;0;0;0;0;0;0;0;0;0;0
FR;9;2022-03-15;0;0;0;0;0;0;0;0;0;0;0;0;0;0;0;0;0;0
FR;9;2022-03-16;0;0;0;0;0;0;0;0;0;0;0;0;0;0;0;0;0;0
FR;9;2022-03-17;0;0;0;0;0;0;0;0;0;0;0;0;0;0;0;0;0;0
FR;9;2022-03-18;0;0;0;0;0;0;0;0;0;0;0;0;0;0;0;0;0;0
FR;9;2022-03-19;0;0;0;0;0;0;0;0;0;0;0;0;0;0;0;0;0;0
FR;9;2022-03-20;0;0;0;0;0;0;0;0;0;0;0;0;0;0;0;0;0;0
FR;9;2022-03-21;0;0;0;0;0;0;0;0;0;0;0;0;0;0;0;0;0;0
FR;9;2022-03-22;0;0;0;0;0;0;0;0;0;0;0;0;0;0;0;0;0;0
FR;9;2022-03-23;0;0;0;0;0;0;0;0;0;0;0;0;0;0;0;0;0;0
FR;9;2022-03-24;0;0;0;0;0;0;0;0;0;0;0;0;0;0;0;0;0;0
FR;9;2022-03-25;0;0;0;0;0;0;0;0;0;0;0;0;0;0;0;0;0;0
FR;9;2022-03-26;0;0;0;0;0;0;0;0;0;0;0;0;0;0;0;0;0;0
FR;9;2022-03-27;0;0;0;0;0;0;0;0;0;0;0;0;0;0;0;0;0;0
FR;9;2022-03-28;0;0;0;0;0;0;0;0;0;0;0;0;0;0;0;0;0;0
FR;9;2022-03-29;0;0;0;0;0;0;0;0;0;0;0;0;0;0;0;0;0;0
FR;9;2022-03-30;0;0;0;0;0;0;0;0;0;0;0;0;0;0;0;0;0;0
FR;9;2022-03-31;0;0;0;0;0;0;0;0;0;0;0;0;0;0;0;0;0;0
FR;9;2022-04-01;0;0;0;0;0;0;0;0;0;0;0;0;0;0;0;0;0;0
FR;9;2022-04-02;0;0;0;0;0;0;0;0;0;0;0;0;0;0;0;0;0;0
FR;9;2022-04-03;0;0;0;0;0;0;0;0;0;0;0;0;0;0;0;0;0;0
FR;9;2022-04-04;0;0;0;0;0;0;0;0;0;0;0;0;0;0;0;0;0;0
FR;9;2022-04-05;0;0;0;0;0;0;0;0;0;0;0;0;0;0;0;0;0;0
FR;9;2022-04-06;0;0;0;0;0;0;0;0;0;0;0;0;0;0;0;0;0;0
FR;9;2022-04-07;0;0;0;0;0;0;0;0;0;0;0;0;0;0;0;0;0;0
FR;9;2022-04-08;0;0;0;0;0;0;0;0;0;0;0;0;0;0;0;0;0;0
FR;9;2022-04-09;0;0;0;0;0;0;0;0;0;0;0;0;0;0;0;0;0;0
FR;9;2022-04-10;0;0;0;0;0;0;0;0;0;0;0;0;0;0;0;0;0;0
FR;9;2022-04-11;0;0;0;0;0;0;0;0;0;0;0;0;0;0;0;0;0;0
FR;9;2022-04-12;0;0;0;0;0;0;0;0;0;0;0;0;0;0;0;0;0;0
FR;9;2022-04-13;0;0;0;0;0;0;0;0;0;0;0;0;0;0;0;0;0;0
FR;9;2022-04-14;0;0;0;0;0;0;0;0;0;0;0;0;0;0;0;0;0;0
FR;9;2022-04-15;0;0;0;0;0;0;0;0;0;0;0;0;0;0;0;0;0;0
FR;9;2022-04-16;0;0;0;0;0;0;0;0;0;0;0;0;0;0;0;0;0;0
FR;9;2022-04-17;0;0;0;0;0;0;0;0;0;0;0;0;0;0;0;0;0;0
FR;9;2022-04-18;0;0;0;0;0;0;0;0;0;0;0;0;0;0;0;0;0;0
FR;9;2022-04-19;0;0;0;0;0;0;0;0;0;0;0;0;0;0;0;0;0;0
FR;9;2022-04-20;0;0;0;0;0;0;0;0;0;0;0;0;0;0;0;0;0;0
FR;9;2022-04-21;0;0;0;0;0;0;0;0;0;0;0;0;0;0;0;0;0;0
FR;9;2022-04-22;0;0;0;0;0;0;0;0;0;0;0;0;0;0;0;0;0;0
FR;9;2022-04-23;0;0;0;0;0;0;0;0;0;0;0;0;0;0;0;0;0;0
FR;9;2022-04-24;0;0;0;0;0;0;0;0;0;0;0;0;0;0;0;0;0;0
FR;9;2022-04-25;0;0;0;0;0;0;0;0;0;0;0;0;0;0;0;0;0;0
FR;9;2022-04-26;0;0;0;0;0;0;0;0;0;0;0;0;0;0;0;0;0;0
FR;9;2022-04-27;0;0;0;0;0;0;0;0;0;0;0;0;0;0;0;0;0;0
FR;9;2022-04-28;0;0;0;0;0;0;0;0;0;0;0;0;0;0;0;0;0;0
FR;9;2022-04-29;0;0;0;0;0;0;0;0;0;0;0;0;0;0;0;0;0;0
FR;9;2022-04-30;0;0;0;0;0;0;0;0;0;0;0;0;0;0;0;0;0;0
FR;9;2022-05-01;0;0;0;0;0;0;0;0;0;0;0;0;0;0;0;0;0;0
FR;9;2022-05-02;0;0;0;0;0;0;0;0;0;0;0;0;0;0;0;0;0;0
FR;9;2022-05-03;0;0;0;0;0;0;0;0;0;0;0;0;0;0;0;0;0;0
FR;9;2022-05-04;0;0;0;0;0;0;0;0;0;0;0;0;0;0;0;0;0;0
FR;9;2022-05-05;0;0;0;0;0;0;0;0;0;0;0;0;0;0;0;0;0;0
FR;9;2022-05-06;0;0;0;0;0;0;0;0;0;0;0;0;0;0;0;0;0;0
FR;9;2022-05-07;0;0;0;0;0;0;0;0;0;0;0;0;0;0;0;0;0;0
FR;9;2022-05-08;0;0;0;0;0;0;0;0;0;0;0;0;0;0;0;0;0;0
FR;9;2022-05-09;0;0;0;0;0;0;0;0;0;0;0;0;0;0;0;0;0;0
FR;9;2022-05-10;0;0;0;0;0;0;0;0;0;0;0;0;0;0;0;0;0;0
FR;9;2022-05-11;0;0;0;0;0;0;0;0;0;0;0;0;0;0;0;0;0;0
FR;9;2022-05-12;0;0;0;0;0;0;0;0;0;0;0;0;0;0;0;0;0;0
FR;9;2022-05-13;0;0;0;0;0;0;0;0;0;0;0;0;0;0;0;0;0;0
FR;9;2022-05-14;0;0;0;0;0;0;0;0;0;0;0;0;0;0;0;0;0;0
FR;9;2022-05-15;0;0;0;0;0;0;0;0;0;0;0;0;0;0;0;0;0;0
FR;9;2022-05-16;0;0;0;0;0;0;0;0;0;0;0;0;0;0;0;0;0;0
FR;9;2022-05-17;0;0;0;0;0;0;0;0;0;0;0;0;0;0;0;0;0;0
FR;9;2022-05-18;0;0;0;0;0;0;0;0;0;0;0;0;0;0;0;0;0;0
FR;9;2022-05-19;0;0;0;0;0;0;0;0;0;0;0;0;0;0;0;0;0;0
FR;9;2022-05-20;0;0;0;0;0;0;0;0;0;0;0;0;0;0;0;0;0;0
FR;9;2022-05-21;0;0;0;0;0;0;0;0;0;0;0;0;0;0;0;0;0;0
FR;9;2022-05-22;0;0;0;0;0;0;0;0;0;0;0;0;0;0;0;0;0;0
FR;9;2022-05-23;0;0;0;0;0;0;0;0;0;0;0;0;0;0;0;0;0;0
FR;9;2022-05-24;0;0;0;0;0;0;0;0;0;0;0;0;0;0;0;0;0;0
FR;9;2022-05-25;0;0;0;0;0;0;0;0;0;0;0;0;0;0;0;0;0;0
FR;9;2022-05-26;0;0;0;0;0;0;0;0;0;0;0;0;0;0;0;0;0;0
FR;9;2022-05-27;0;0;0;0;0;0;0;0;0;0;0;0;0;0;0;0;0;0
FR;9;2022-05-28;0;0;0;0;0;0;0;0;0;0;0;0;0;0;0;0;0;0
FR;9;2022-05-29;0;0;0;0;0;0;0;0;0;0;0;0;0;0;0;0;0;0
FR;9;2022-05-30;0;0;0;0;0;0;0;0;0;0;0;0;0;0;0;0;0;0
FR;9;2022-05-31;0;0;0;0;0;0;0;0;0;0;0;0;0;0;0;0;0;0
FR;9;2022-06-01;0;0;0;0;0;0;0;0;0;0;0;0;0;0;0;0;0;0
FR;9;2022-06-02;0;0;0;0;0;0;0;0;0;0;0;0;0;0;0;0;0;0
FR;9;2022-06-03;0;0;0;0;0;0;0;0;0;0;0;0;0;0;0;0;0;0
FR;9;2022-06-04;0;0;0;0;0;0;0;0;0;0;0;0;0;0;0;0;0;0
FR;9;2022-06-05;0;0;0;0;0;0;0;0;0;0;0;0;0;0;0;0;0;0
FR;9;2022-06-06;0;0;0;0;0;0;0;0;0;0;0;0;0;0;0;0;0;0
FR;9;2022-06-07;0;0;0;0;0;0;0;0;0;0;0;0;0;0;0;0;0;0
FR;9;2022-06-08;0;0;0;0;0;0;0;0;0;0;0;0;0;0;0;0;0;0
FR;9;2022-06-09;0;0;0;0;0;0;0;0;0;0;0;0;0;0;0;0;0;0
FR;9;2022-06-10;0;0;0;0;0;0;0;0;0;0;0;0;0;0;0;0;0;0
FR;9;2022-06-11;0;0;0;0;0;0;0;0;0;0;0;0;0;0;0;0;0;0
FR;9;2022-06-12;0;0;0;0;0;0;0;0;0;0;0;0;0;0;0;0;0;0
FR;9;2022-06-13;0;0;0;0;0;0;0;0;0;0;0;0;0;0;0;0;0;0
FR;9;2022-06-14;0;0;0;0;0;0;0;0;0;0;0;0;0;0;0;0;0;0
FR;9;2022-06-15;0;0;0;0;0;0;0;0;0;0;0;0;0;0;0;0;0;0
FR;9;2022-06-16;0;0;0;0;0;0;0;0;0;0;0;0;0;0;0;0;0;0
FR;9;2022-06-17;0;0;0;0;0;0;0;0;0;0;0;0;0;0;0;0;0;0
FR;9;2022-06-18;0;0;0;0;0;0;0;0;0;0;0;0;0;0;0;0;0;0
FR;9;2022-06-19;0;0;0;0;0;0;0;0;0;0;0;0;0;0;0;0;0;0
FR;9;2022-06-20;0;0;0;0;0;0;0;0;0;0;0;0;0;0;0;0;0;0
FR;9;2022-06-21;0;0;0;0;0;0;0;0;0;0;0;0;0;0;0;0;0;0
FR;9;2022-06-22;0;0;0;0;0;0;0;0;0;0;0;0;0;0;0;0;0;0
FR;9;2022-06-23;0;0;0;0;0;0;0;0;0;0;0;0;0;0;0;0;0;0
FR;9;2022-06-24;0;0;0;0;0;0;0;0;0;0;0;0;0;0;0;0;0;0
FR;9;2022-06-25;0;0;0;0;0;0;0;0;0;0;0;0;0;0;0;0;0;0
FR;9;2022-06-26;0;0;0;0;0;0;0;0;0;0;0;0;0;0;0;0;0;0
FR;9;2022-06-27;0;0;0;0;0;0;0;0;0;0;0;0;0;0;0;0;0;0
FR;9;2022-06-28;0;0;0;0;0;0;0;0;0;0;0;0;0;0;0;0;0;0
FR;9;2022-06-29;0;0;0;0;0;0;0;0;0;0;0;0;0;0;0;0;0;0
FR;9;2022-06-30;0;0;0;0;0;0;0;0;0;0;0;0;0;0;0;0;0;0
FR;9;2022-07-01;0;0;0;0;0;0;0;0;0;0;0;0;0;0;0;0;0;0
FR;9;2022-07-02;0;0;0;0;0;0;0;0;0;0;0;0;0;0;0;0;0;0
FR;9;2022-07-03;0;0;0;0;0;0;0;0;0;0;0;0;0;0;0;0;0;0
FR;9;2022-07-04;0;0;0;0;0;0;0;0;0;0;0;0;0;0;0;0;0;0
FR;9;2022-07-05;0;0;0;0;0;0;0;0;0;0;0;0;0;0;0;0;0;0
FR;9;2022-07-06;0;0;0;0;0;0;0;0;0;0;0;0;0;0;0;0;0;0
FR;9;2022-07-07;0;0;0;0;0;0;0;0;0;0;0;0;0;0;0;0;0;0
FR;9;2022-07-08;0;0;0;0;0;0;0;0;0;0;0;0;0;0;0;0;0;0
FR;9;2022-07-09;0;0;0;0;0;0;0;0;0;0;0;0;0;0;0;0;0;0
FR;9;2022-07-10;0;0;0;0;0;0;0;0;0;0;0;0;0;0;0;0;0;0
FR;9;2022-07-11;0;0;0;0;0;0;0;0;0;0;0;0;0;0;0;0;0;0
FR;9;2022-07-12;0;0;0;0;0;0;0;0;0;0;0;0;0;0;0;0;0;0
FR;9;2022-07-13;0;0;0;0;0;0;0;0;0;0;0;0;0;0;0;0;0;0
FR;9;2022-07-14;0;0;0;0;0;0;0;0;0;0;0;0;0;0;0;0;0;0
FR;9;2022-07-15;0;0;0;0;0;0;0;0;0;0;0;0;0;0;0;0;0;0
FR;9;2022-07-16;0;0;0;0;0;0;0;0;0;0;0;0;0;0;0;0;0;0
FR;9;2022-07-17;0;0;0;0;0;0;0;0;0;0;0;0;0;0;0;0;0;0
FR;9;2022-07-18;0;0;0;0;0;0;0;0;0;0;0;0;0;0;0;0;0;0
FR;9;2022-07-19;0;0;0;0;0;0;0;0;0;0;0;0;0;0;0;0;0;0
FR;9;2022-07-20;0;0;0;0;0;0;0;0;0;0;0;0;0;0;0;0;0;0
FR;9;2022-07-21;0;0;0;0;0;0;0;0;0;0;0;0;0;0;0;0;0;0
FR;9;2022-07-22;0;0;0;0;0;0;0;0;0;0;0;0;0;0;0;0;0;0
FR;9;2022-07-23;0;0;0;0;0;0;0;0;0;0;0;0;0;0;0;0;0;0
FR;9;2022-07-24;0;0;0;0;0;0;0;0;0;0;0;0;0;0;0;0;0;0
FR;9;2022-07-25;0;0;0;0;0;0;0;0;0;0;0;0;0;0;0;0;0;0
FR;9;2022-07-26;0;0;0;0;0;0;0;0;0;0;0;0;0;0;0;0;0;0
FR;9;2022-07-27;0;0;0;0;0;0;0;0;0;0;0;0;0;0;0;0;0;0
FR;9;2022-07-28;0;0;0;0;0;0;0;0;0;0;0;0;0;0;0;0;0;0
FR;9;2022-07-29;0;0;0;0;0;0;0;0;0;0;0;0;0;0;0;0;0;0
FR;9;2022-07-30;0;0;0;0;0;0;0;0;0;0;0;0;0;0;0;0;0;0
FR;9;2022-07-31;0;0;0;0;0;0;0;0;0;0;0;0;0;0;0;0;0;0
FR;9;2022-08-01;0;0;0;0;0;0;0;0;0;0;0;0;0;0;0;0;0;0
FR;9;2022-08-02;0;0;0;0;0;0;0;0;0;0;0;0;0;0;0;0;0;0
FR;9;2022-08-03;0;0;0;0;0;0;0;0;0;0;0;0;0;0;0;0;0;0
FR;9;2022-08-04;0;0;0;0;0;0;0;0;0;0;0;0;0;0;0;0;0;0
FR;9;2022-08-05;0;0;0;0;0;0;0;0;0;0;0;0;0;0;0;0;0;0
FR;9;2022-08-06;0;0;0;0;0;0;0;0;0;0;0;0;0;0;0;0;0;0
FR;9;2022-08-07;0;0;0;0;0;0;0;0;0;0;0;0;0;0;0;0;0;0
FR;9;2022-08-08;0;0;0;0;0;0;0;0;0;0;0;0;0;0;0;0;0;0
FR;9;2022-08-09;0;0;0;0;0;0;0;0;0;0;0;0;0;0;0;0;0;0
FR;9;2022-08-10;0;0;0;0;0;0;0;0;0;0;0;0;0;0;0;0;0;0
FR;9;2022-08-11;0;0;0;0;0;0;0;0;0;0;0;0;0;0;0;0;0;0
FR;9;2022-08-12;0;0;0;0;0;0;0;0;0;0;0;0;0;0;0;0;0;0
FR;9;2022-08-13;0;0;0;0;0;0;0;0;0;0;0;0;0;0;0;0;0;0
FR;9;2022-08-14;0;0;0;0;0;0;0;0;0;0;0;0;0;0;0;0;0;0
FR;9;2022-08-15;0;0;0;0;0;0;0;0;0;0;0;0;0;0;0;0;0;0
FR;9;2022-08-16;0;0;0;0;0;0;0;0;0;0;0;0;0;0;0;0;0;0
FR;9;2022-08-17;0;0;0;0;0;0;0;0;0;0;0;0;0;0;0;0;0;0
FR;9;2022-08-18;0;0;0;0;0;0;0;0;0;0;0;0;0;0;0;0;0;0
FR;9;2022-08-19;0;0;0;0;0;0;0;0;0;0;0;0;0;0;0;0;0;0
FR;9;2022-08-20;0;0;0;0;0;0;0;0;0;0;0;0;0;0;0;0;0;0
FR;9;2022-08-21;0;0;0;0;0;0;0;0;0;0;0;0;0;0;0;0;0;0
FR;9;2022-08-22;0;0;0;0;0;0;0;0;0;0;0;0;0;0;0;0;0;0
FR;9;2022-08-23;0;0;0;0;0;0;0;0;0;0;0;0;0;0;0;0;0;0
FR;9;2022-08-24;0;0;0;0;0;0;0;0;0;0;0;0;0;0;0;0;0;0
FR;9;2022-08-25;0;0;0;0;0;0;0;0;0;0;0;0;0;0;0;0;0;0
FR;9;2022-08-26;0;0;0;0;0;0;0;0;0;0;0;0;0;0;0;0;0;0
FR;9;2022-08-27;0;0;0;0;0;0;0;0;0;0;0;0;0;0;0;0;0;0
FR;9;2022-08-28;0;0;0;0;0;0;0;0;0;0;0;0;0;0;0;0;0;0
FR;9;2022-08-29;0;0;0;0;0;0;0;0;0;0;0;0;0;0;0;0;0;0
FR;9;2022-08-30;0;0;0;0;0;0;0;0;0;0;0;0;0;0;0;0;0;0
FR;9;2022-08-31;0;0;0;0;0;0;0;0;0;0;0;0;0;0;0;0;0;0
FR;9;2022-09-01;0;0;0;0;0;0;0;0;0;0;0;0;0;0;0;0;0;0
FR;9;2022-09-02;0;0;0;0;0;0;0;0;0;0;0;0;0;0;0;0;0;0
FR;9;2022-09-03;0;0;0;0;0;0;0;0;0;0;0;0;0;0;0;0;0;0
FR;9;2022-09-04;0;0;0;0;0;0;0;0;0;0;0;0;0;0;0;0;0;0
FR;9;2022-09-05;0;0;0;0;0;0;0;0;0;0;0;0;0;0;0;0;0;0
FR;9;2022-09-06;0;0;0;0;0;0;0;0;0;0;0;0;0;0;0;0;0;0
FR;9;2022-09-07;0;0;0;0;0;0;0;0;0;0;0;0;0;0;0;0;0;0
FR;9;2022-09-08;0;0;0;0;0;0;0;0;0;0;0;0;0;0;0;0;0;0
FR;9;2022-09-09;0;0;0;0;0;0;0;0;0;0;0;0;0;0;0;0;0;0
FR;9;2022-09-10;0;0;0;0;0;0;0;0;0;0;0;0;0;0;0;0;0;0
FR;9;2022-09-11;0;0;0;0;0;0;0;0;0;0;0;0;0;0;0;0;0;0
FR;9;2022-09-12;0;0;0;0;0;0;0;0;0;0;0;0;0;0;0;0;0;0
FR;9;2022-09-13;0;0;0;0;0;0;0;0;0;0;0;0;0;0;0;0;0;0
FR;9;2022-09-14;0;0;0;0;0;0;0;0;0;0;0;0;0;0;0;0;0;0
FR;9;2022-09-15;0;0;0;0;0;0;0;0;0;0;0;0;0;0;0;0;0;0
FR;9;2022-09-16;0;0;0;0;0;0;0;0;0;0;0;0;0;0;0;0;0;0
FR;9;2022-09-17;0;0;0;0;0;0;0;0;0;0;0;0;0;0;0;0;0;0
FR;9;2022-09-18;0;0;0;0;0;0;0;0;0;0;0;0;0;0;0;0;0;0
FR;9;2022-09-19;0;0;0;0;0;0;0;0;0;0;0;0;0;0;0;0;0;0
FR;9;2022-09-20;0;0;0;0;0;0;0;0;0;0;0;0;0;0;0;0;0;0
FR;9;2022-09-21;0;0;0;0;0;0;0;0;0;0;0;0;0;0;0;0;0;0
FR;9;2022-09-22;0;0;0;0;0;0;0;0;0;0;0;0;0;0;0;0;0;0
FR;9;2022-09-23;0;0;0;0;0;0;0;0;0;0;0;0;0;0;0;0;0;0
FR;9;2022-09-24;0;0;0;0;0;0;0;0;0;0;0;0;0;0;0;0;0;0
FR;9;2022-09-25;0;0;0;0;0;0;0;0;0;0;0;0;0;0;0;0;0;0
FR;9;2022-09-26;0;0;0;0;0;0;0;0;0;0;0;0;0;0;0;0;0;0
FR;9;2022-09-27;0;0;0;0;0;0;0;0;0;0;0;0;0;0;0;0;0;0
FR;9;2022-09-28;0;0;0;0;0;0;0;0;0;0;0;0;0;0;0;0;0;0
FR;9;2022-09-29;1;1;8;33;0;6;35;43;2;1;1;8;33;0;6;35;43;2
FR;9;2022-09-30;5;12;60;606;6;47;613;713;51;6;13;68;639;6;53;648;756;53
FR;9;2022-10-01;10;1;43;327;2;26;335;396;35;16;14;111;966;8;79;983;1152;88
FR;9;2022-10-02;1;1;5;50;0;4;51;66;11;17;15;116;1016;8;83;1034;1218;99
FR;9;2022-10-03;10;16;151;1714;10;129;1708;2074;234;27;31;267;2730;18;212;2742;3292;333
FR;9;2022-10-04;21;48;353;3952;18;228;4020;4702;450;48;79;620;6682;36;440;6762;7994;783
FR;9;2022-10-05;27;19;269;2997;16;203;3010;3655;433;75;98;889;9679;52;643;9772;11649;1216
FR;9;2022-10-06;23;34;399;4598;17;300;4631;5608;672;98;132;1288;14277;69;943;14403;17257;1888
FR;9;2022-10-07;29;50;499;5704;19;384;5718;7027;923;127;182;1787;19981;88;1327;20121;24284;2811
FR;9;2022-10-08;10;18;128;1090;8;86;1108;1389;191;137;200;1915;21071;96;1413;21229;25673;3002
FR;9;2022-10-09;1;7;22;197;1;29;198;277;50;138;207;1937;21268;97;1442;21427;25950;3052
FR;9;2022-10-10;11;26;207;2572;14;181;2576;3296;533;149;233;2144;23840;111;1623;24003;29246;3585
FR;9;2022-10-11;31;40;424;5043;27;312;5024;6196;850;180;273;2568;28883;138;1935;29027;35442;4435
FR;9;2022-10-12;22;26;297;2987;16;212;3044;3830;572;202;299;2865;31870;154;2147;32071;39272;5007
FR;9;2022-10-13;25;42;374;3980;16;245;4036;5027;740;227;341;3239;35850;170;2392;36107;44299;5747
FR;9;2022-10-14;27;26;381;4429;12;293;4413;5555;838;254;367;3620;40279;182;2685;40520;49854;6585
FR;9;2022-10-15;14;8;101;1051;7;79;1028;1307;198;268;375;3721;41330;189;2764;41548;51161;6783
FR;9;2022-10-16;4;1;9;132;2;12;126;168;28;272;376;3730;41462;191;2776;41674;51329;6811
FR;9;2022-10-17;4;22;165;1875;11;127;1883;2492;475;276;398;3895;43337;202;2903;43557;53821;7286
FR;9;2022-10-18;36;28;316;3429;17;235;3453;4652;955;312;426;4211;46766;219;3138;47010;58473;8241
FR;9;2022-10-19;22;19;262;2687;16;174;2717;3725;819;334;445;4473;49453;235;3312;49727;62198;9060
FR;9;2022-10-20;22;22;308;3625;8;232;3630;4802;932;356;467;4781;53078;243;3544;53357;67000;9992
FR;9;2022-10-21;14;31;325;3528;10;227;3546;4641;860;370;498;5106;56606;253;3771;56903;71641;10852
FR;9;2022-10-22;10;11;90;914;8;62;919;1193;207;380;509;5196;57520;261;3833;57822;72834;11059
FR;9;2022-10-23;2;2;17;99;2;10;104;147;33;382;511;5213;57619;263;3843;57926;72981;11092
FR;9;2022-10-24;7;17;158;1362;6;104;1430;1934;395;389;528;5371;58981;269;3947;59356;74915;11487
FR;9;2022-10-25;18;22;227;2837;16;188;2846;3908;871;407;550;5598;61818;285;4135;62202;78823;12358
FR;9;2022-10-26;14;16;169;1797;13;123;1810;2519;584;421;566;5767;63615;298;4258;64012;81342;12942
FR;9;2022-10-27;9;26;230;2291;15;173;2324;3170;662;430;592;5997;65906;313;4431;66336;84512;13604
FR;9;2022-10-28;18;27;224;2277;17;151;2303;3141;680;448;619;6221;68183;330;4582;68639;87653;14284
FR;9;2022-10-29;12;8;55;505;5;46;496;662;119;460;627;6276;68688;335;4628;69135;88315;14403
FR;9;2022-10-30;2;1;8;58;1;8;58;82;16;462;628;6284;68746;336;4636;69193;88397;14419
FR;9;2022-10-31;13;7;105;660;9;59;695;996;240;475;635;6389;69406;345;4695;69888;89393;14659
FR;9;2022-11-01;1;1;15;43;0;11;49;71;11;476;636;6404;69449;345;4706;69937;89464;14670
FR;9;2022-11-02;7;12;102;1025;4;76;1043;1574;451;483;648;6506;70474;349;4782;70980;91038;15121
FR;9;2022-11-03;17;18;155;1583;16;90;1631;2325;594;500;666;6661;72057;365;4872;72611;93363;15715
FR;9;2022-11-04;21;19;193;1748;15;120;1797;2533;611;521;685;6854;73805;380;4992;74408;95896;16326
FR;9;2022-11-05;8;10;58;403;9;39;424;573;107;529;695;6912;74208;389;5031;74832;96469;16433
FR;9;2022-11-06;5;4;5;62;6;2;61;88;25;534;699;6917;74270;395;5033;74893;96557;16458
FR;9;2022-11-07;16;19;88;923;16;109;929;1468;424;550;718;7005;75193;411;5142;75822;98025;16882
FR;9;2022-11-08;10;19;165;1805;13;133;1797;2637;702;560;737;7170;76998;424;5275;77619;100662;17584
FR;9;2022-11-09;16;16;123;1261;9;98;1322;1878;453;576;753;7293;78259;433;5373;78941;102540;18037
FR;9;2022-11-10;13;21;158;1620;13;137;1613;2272;518;589;774;7451;79879;446;5510;80554;104812;18555
FR;9;2022-11-11;1;1;13;81;1;6;83;123;34;590;775;7464;79960;447;5516;80637;104935;18589
FR;9;2022-11-12;5;8;44;259;7;19;278;395;97;595;783;7508;80219;454;5535;80915;105330;18686
FR;9;2022-11-13;2;0;4;30;0;4;31;51;16;597;783;7512;80249;454;5539;80946;105381;18702
FR;9;2022-11-14;11;12;56;707;11;44;722;1107;338;608;795;7568;80956;465;5583;81668;106488;19040
FR;9;2022-11-15;18;16;146;1322;7;103;1329;2074;636;626;811;7714;82278;472;5686;82997;108562;19676
FR;9;2022-11-16;10;4;99;979;7;58;997;1488;429;636;815;7813;83257;479;5744;83994;110050;20105
FR;9;2022-11-17;9;17;125;1079;11;77;1104;1686;500;645;832;7938;84336;490;5821;85098;111736;20605
FR;9;2022-11-18;7;16;119;1440;5;77;1455;2025;491;652;848;8057;85776;495;5898;86553;113761;21096
FR;9;2022-11-19;3;5;50;364;1;27;350;488;106;655;853;8107;86140;496;5925;86903;114249;21202
FR;9;2022-11-20;1;0;5;37;0;3;35;54;16;656;853;8112;86177;496;5928;86938;114303;21218
FR;9;2022-11-21;9;12;66;636;5;51;639;960;263;665;865;8178;86813;501;5979;87577;115263;21481
FR;9;2022-11-22;15;12;121;1037;13;74;1067;1592;449;680;877;8299;87850;514;6053;88644;116855;21930
FR;9;2022-11-23;7;10;69;730;5;33;757;1157;362;687;887;8368;88580;519;6086;89401;118012;22292
FR;9;2022-11-24;8;19;93;977;14;68;990;1470;406;695;906;8461;89557;533;6154;90391;119482;22698
FR;9;2022-11-25;8;10;106;1174;8;81;1190;1746;474;703;916;8567;90731;541;6235;91581;121228;23172
FR;9;2022-11-26;6;6;35;217;7;24;214;310;68;709;922;8602;90948;548;6259;91795;121538;23240
FR;9;2022-11-27;1;1;6;42;0;2;46;82;34;710;923;8608;90990;548;6261;91841;121620;23274
FR;9;2022-11-28;5;7;102;694;7;59;723;1116;329;715;930;8710;91684;555;6320;92564;122736;23603
FR;9;2022-11-29;6;17;140;1296;6;88;1322;1933;518;721;947;8850;92980;561;6408;93886;124669;24121
FR;9;2022-11-30;9;12;99;1026;5;76;1049;1600;470;730;959;8949;94006;566;6484;94935;126269;24591
FR;9;2022-12-01;16;14;111;1330;8;80;1315;1939;540;746;973;9060;95336;574;6564;96250;128208;25131
FR;9;2022-12-02;10;13;192;1816;10;107;1816;2629;700;756;986;9252;97152;584;6671;98066;130837;25831
FR;9;2022-12-03;7;9;79;618;5;40;632;886;208;763;995;9331;97770;589;6711;98698;131723;26039
FR;9;2022-12-04;9;4;15;105;5;8;105;153;40;772;999;9346;97875;594;6719;98803;131876;26079
FR;9;2022-12-05;19;24;144;1405;17;98;1420;2106;581;791;1023;9490;99280;611;6817;100223;133982;26660
FR;9;2022-12-06;30;21;262;2442;21;147;2536;3799;1097;821;1044;9752;101722;632;6964;102759;137781;27757
FR;9;2022-12-07;15;22;181;1844;20;112;1886;2820;814;836;1066;9933;103566;652;7076;104645;140601;28571
FR;9;2022-12-08;13;22;221;2387;15;125;2449;3660;1070;849;1088;10154;105953;667;7201;107094;144261;29641
FR;9;2022-12-09;14;25;287;2885;10;143;2983;4334;1200;863;1113;10441;108838;677;7344;110077;148595;30841
FR;9;2022-12-10;12;12;122;1319;4;56;1342;1813;409;875;1125;10563;110157;681;7400;111419;150408;31250
FR;9;2022-12-11;5;4;21;277;5;10;283;363;66;880;1129;10584;110434;686;7410;111702;150771;31316
FR;9;2022-12-12;17;13;215;1954;12;108;2028;2884;743;897;1142;10799;112388;698;7518;113730;153655;32059
FR;9;2022-12-13;27;22;316;3074;14;151;3209;4704;1333;924;1164;11115;115462;712;7669;116939;158359;33392
FR;9;2022-12-14;15;10;187;2326;8;92;2395;3491;987;939;1174;11302;117788;720;7761;119334;161850;34379
FR;9;2022-12-15;17;23;250;2600;12;137;2677;4060;1235;956;1197;11552;120388;732;7898;122011;165910;35614
FR;9;2022-12-16;15;29;293;3061;21;163;3145;4578;1261;971;1226;11845;123449;753;8061;125156;170488;36875
FR;9;2022-12-17;8;11;106;1190;6;50;1205;1660;401;979;1237;11951;124639;759;8111;126361;172148;37276
FR;9;2022-12-18;1;7;30;242;6;14;248;330;67;980;1244;11981;124881;765;8125;126609;172478;37343
FR;9;2022-12-19;20;21;149;1599;15;78;1631;2507;789;1000;1265;12130;126480;780;8203;128240;174985;38132
FR;9;2022-12-20;21;19;232;2306;6;115;2348;3704;1230;1021;1284;12362;128786;786;8318;130588;178689;39362
FR;9;2022-12-21;6;14;139;1500;7;66;1553;2401;775;1027;1298;12501;130286;793;8384;132141;181090;40137
FR;9;2022-12-22;16;5;132;1380;8;72;1394;2082;608;1043;1303;12633;131666;801;8456;133535;183172;40745
FR;9;2022-12-23;11;14;76;727;8;50;729;1092;307;1054;1317;12709;132393;809;8506;134264;184264;41052
FR;9;2022-12-24;1;3;12;95;2;5;97;136;34;1055;1320;12721;132488;811;8511;134361;184400;41086
FR;9;2022-12-25;1;0;5;5;0;4;6;12;2;1056;1320;12726;132493;811;8515;134367;184412;41088
FR;9;2022-12-26;16;7;64;547;10;37;554;829;235;1072;1327;12790;133040;821;8552;134921;185241;41323
FR;9;2022-12-27;11;30;97;882;13;69;917;1422;430;1083;1357;12887;133922;834;8621;135838;186663;41753
FR;9;2022-12-28;7;8;79;730;7;40;746;1152;361;1090;1365;12966;134652;841;8661;136584;187815;42114
FR;9;2022-12-29;9;14;92;717;10;51;752;1126;316;1099;1379;13058;135369;851;8712;137336;188941;42430
FR;9;2022-12-30;12;17;75;584;9;46;603;880;228;1111;1396;13133;135953;860;8758;137939;189821;42658
FR;9;2022-12-31;2;3;17;135;2;12;138;189;38;1113;1399;13150;136088;862;8770;138077;190010;42696
FR;9;2023-01-01;0;2;3;19;1;4;19;31;8;1113;1401;13153;136107;863;8774;138096;190041;42704
FR;9;2023-01-02;11;11;56;591;4;40;584;948;320;1124;1412;13209;136698;867;8814;138680;190989;43024
FR;9;2023-01-03;17;18;119;1070;18;74;1095;1912;728;1141;1430;13328;137768;885;8888;139775;192901;43752
FR;9;2023-01-04;19;17;108;822;8;64;874;1537;594;1160;1447;13436;138590;893;8952;140649;194438;44346
FR;9;2023-01-05;6;19;113;1021;11;64;1052;1964;838;1166;1466;13549;139611;904;9016;141701;196402;45184
FR;9;2023-01-06;11;17;145;1349;3;70;1361;2365;923;1177;1483;13694;140960;907;9086;143062;198767;46107
FR;9;2023-01-07;6;13;58;433;14;36;424;683;219;1183;1496;13752;141393;921;9122;143486;199450;46326
FR;9;2023-01-08;3;8;15;88;7;11;87;130;31;1186;1504;13767;141481;928;9133;143573;199580;46357
FR;9;2023-01-09;15;14;85;613;9;60;605;1243;565;1201;1518;13852;142094;937;9193;144178;200823;46922
FR;9;2023-01-10;11;12;153;962;11;72;1017;1960;861;1212;1530;14005;143056;948;9265;145195;202783;47783
FR;9;2023-01-11;12;9;71;664;8;48;675;1349;620;1224;1539;14076;143720;956;9313;145870;204132;48403
FR;10;2020-12-27;0;0;0;0;0;0;0;0;0;0;0;0;0;0;0;0;0;0
FR;10;2020-12-28;0;0;0;0;0;0;0;0;0;0;0;0;0;0;0;0;0;0
FR;10;2020-12-29;0;0;0;0;0;0;0;0;0;0;0;0;0;0;0;0;0;0
FR;10;2020-12-30;0;0;0;0;0;0;0;0;0;0;0;0;0;0;0;0;0;0
FR;10;2020-12-31;0;0;0;0;0;0;0;0;0;0;0;0;0;0;0;0;0;0
FR;10;2021-01-01;0;0;0;0;0;0;0;0;0;0;0;0;0;0;0;0;0;0
FR;10;2021-01-02;0;0;0;0;0;0;0;0;0;0;0;0;0;0;0;0;0;0
FR;10;2021-01-03;0;0;0;0;0;0;0;0;0;0;0;0;0;0;0;0;0;0
FR;10;2021-01-04;0;0;0;0;0;0;0;0;0;0;0;0;0;0;0;0;0;0
FR;10;2021-01-05;0;0;0;0;0;0;0;0;0;0;0;0;0;0;0;0;0;0
FR;10;2021-01-06;0;0;0;0;0;0;0;0;0;0;0;0;0;0;0;0;0;0
FR;10;2021-01-07;0;0;0;0;0;0;0;0;0;0;0;0;0;0;0;0;0;0
FR;10;2021-01-08;0;0;0;0;0;0;0;0;0;0;0;0;0;0;0;0;0;0
FR;10;2021-01-09;0;0;0;0;0;0;0;0;0;0;0;0;0;0;0;0;0;0
FR;10;2021-01-10;0;0;0;0;0;0;0;0;0;0;0;0;0;0;0;0;0;0
FR;10;2021-01-11;0;0;0;0;0;0;0;0;0;0;0;0;0;0;0;0;0;0
FR;10;2021-01-12;0;0;0;0;0;0;0;0;0;0;0;0;0;0;0;0;0;0
FR;10;2021-01-13;0;0;0;0;0;0;0;0;0;0;0;0;0;0;0;0;0;0
FR;10;2021-01-14;0;0;0;0;0;0;0;0;0;0;0;0;0;0;0;0;0;0
FR;10;2021-01-15;0;0;0;0;0;0;0;0;0;0;0;0;0;0;0;0;0;0
FR;10;2021-01-16;0;0;0;0;0;0;0;0;0;0;0;0;0;0;0;0;0;0
FR;10;2021-01-17;0;0;0;0;0;0;0;0;0;0;0;0;0;0;0;0;0;0
FR;10;2021-01-18;0;0;0;0;0;0;0;0;0;0;0;0;0;0;0;0;0;0
FR;10;2021-01-19;0;0;0;0;0;0;0;0;0;0;0;0;0;0;0;0;0;0
FR;10;2021-01-20;0;0;0;0;0;0;0;0;0;0;0;0;0;0;0;0;0;0
FR;10;2021-01-21;0;0;0;0;0;0;0;0;0;0;0;0;0;0;0;0;0;0
FR;10;2021-01-22;0;0;0;0;0;0;0;0;0;0;0;0;0;0;0;0;0;0
FR;10;2021-01-23;0;0;0;0;0;0;0;0;0;0;0;0;0;0;0;0;0;0
FR;10;2021-01-24;0;0;0;0;0;0;0;0;0;0;0;0;0;0;0;0;0;0
FR;10;2021-01-25;0;0;0;0;0;0;0;0;0;0;0;0;0;0;0;0;0;0
FR;10;2021-01-26;0;0;0;0;0;0;0;0;0;0;0;0;0;0;0;0;0;0
FR;10;2021-01-27;0;0;0;0;0;0;0;0;0;0;0;0;0;0;0;0;0;0
FR;10;2021-01-28;0;0;0;0;0;0;0;0;0;0;0;0;0;0;0;0;0;0
FR;10;2021-01-29;0;0;0;0;0;0;0;0;0;0;0;0;0;0;0;0;0;0
FR;10;2021-01-30;0;0;0;0;0;0;0;0;0;0;0;0;0;0;0;0;0;0
FR;10;2021-01-31;0;0;0;0;0;0;0;0;0;0;0;0;0;0;0;0;0;0
FR;10;2021-02-01;0;0;0;0;0;0;0;0;0;0;0;0;0;0;0;0;0;0
FR;10;2021-02-02;0;0;0;0;0;0;0;0;0;0;0;0;0;0;0;0;0;0
FR;10;2021-02-03;0;0;0;0;0;0;0;0;0;0;0;0;0;0;0;0;0;0
FR;10;2021-02-04;0;0;0;0;0;0;0;0;0;0;0;0;0;0;0;0;0;0
FR;10;2021-02-05;0;0;0;0;0;0;0;0;0;0;0;0;0;0;0;0;0;0
FR;10;2021-02-06;0;0;0;0;0;0;0;0;0;0;0;0;0;0;0;0;0;0
FR;10;2021-02-07;0;0;0;0;0;0;0;0;0;0;0;0;0;0;0;0;0;0
FR;10;2021-02-08;0;0;0;0;0;0;0;0;0;0;0;0;0;0;0;0;0;0
FR;10;2021-02-09;0;0;0;0;0;0;0;0;0;0;0;0;0;0;0;0;0;0
FR;10;2021-02-10;0;0;0;0;0;0;0;0;0;0;0;0;0;0;0;0;0;0
FR;10;2021-02-11;0;0;0;0;0;0;0;0;0;0;0;0;0;0;0;0;0;0
FR;10;2021-02-12;0;0;0;0;0;0;0;0;0;0;0;0;0;0;0;0;0;0
FR;10;2021-02-13;0;0;0;0;0;0;0;0;0;0;0;0;0;0;0;0;0;0
FR;10;2021-02-14;0;0;0;0;0;0;0;0;0;0;0;0;0;0;0;0;0;0
FR;10;2021-02-15;0;0;0;0;0;0;0;0;0;0;0;0;0;0;0;0;0;0
FR;10;2021-02-16;0;0;0;0;0;0;0;0;0;0;0;0;0;0;0;0;0;0
FR;10;2021-02-17;0;0;0;0;0;0;0;0;0;0;0;0;0;0;0;0;0;0
FR;10;2021-02-18;0;0;0;0;0;0;0;0;0;0;0;0;0;0;0;0;0;0
FR;10;2021-02-19;0;0;0;0;0;0;0;0;0;0;0;0;0;0;0;0;0;0
FR;10;2021-02-20;0;0;0;0;0;0;0;0;0;0;0;0;0;0;0;0;0;0
FR;10;2021-02-21;0;0;0;0;0;0;0;0;0;0;0;0;0;0;0;0;0;0
FR;10;2021-02-22;0;0;0;0;0;0;0;0;0;0;0;0;0;0;0;0;0;0
FR;10;2021-02-23;0;0;0;0;0;0;0;0;0;0;0;0;0;0;0;0;0;0
FR;10;2021-02-24;0;0;0;0;0;0;0;0;0;0;0;0;0;0;0;0;0;0
FR;10;2021-02-25;0;0;0;0;0;0;0;0;0;0;0;0;0;0;0;0;0;0
FR;10;2021-02-26;0;0;0;0;0;0;0;0;0;0;0;0;0;0;0;0;0;0
FR;10;2021-02-27;0;0;0;0;0;0;0;0;0;0;0;0;0;0;0;0;0;0
FR;10;2021-02-28;0;0;0;0;0;0;0;0;0;0;0;0;0;0;0;0;0;0
FR;10;2021-03-01;0;0;0;0;0;0;0;0;0;0;0;0;0;0;0;0;0;0
FR;10;2021-03-02;0;0;0;0;0;0;0;0;0;0;0;0;0;0;0;0;0;0
FR;10;2021-03-03;0;0;0;0;0;0;0;0;0;0;0;0;0;0;0;0;0;0
FR;10;2021-03-04;0;0;0;0;0;0;0;0;0;0;0;0;0;0;0;0;0;0
FR;10;2021-03-05;0;0;0;0;0;0;0;0;0;0;0;0;0;0;0;0;0;0
FR;10;2021-03-06;0;0;0;0;0;0;0;0;0;0;0;0;0;0;0;0;0;0
FR;10;2021-03-07;0;0;0;0;0;0;0;0;0;0;0;0;0;0;0;0;0;0
FR;10;2021-03-08;0;0;0;0;0;0;0;0;0;0;0;0;0;0;0;0;0;0
FR;10;2021-03-09;0;0;0;0;0;0;0;0;0;0;0;0;0;0;0;0;0;0
FR;10;2021-03-10;0;0;0;0;0;0;0;0;0;0;0;0;0;0;0;0;0;0
FR;10;2021-03-11;0;0;0;0;0;0;0;0;0;0;0;0;0;0;0;0;0;0
FR;10;2021-03-12;0;0;0;0;0;0;0;0;0;0;0;0;0;0;0;0;0;0
FR;10;2021-03-13;0;0;0;0;0;0;0;0;0;0;0;0;0;0;0;0;0;0
FR;10;2021-03-14;0;0;0;0;0;0;0;0;0;0;0;0;0;0;0;0;0;0
FR;10;2021-03-15;0;0;0;0;0;0;0;0;0;0;0;0;0;0;0;0;0;0
FR;10;2021-03-16;0;0;0;0;0;0;0;0;0;0;0;0;0;0;0;0;0;0
FR;10;2021-03-17;0;0;0;0;0;0;0;0;0;0;0;0;0;0;0;0;0;0
FR;10;2021-03-18;0;0;0;0;0;0;0;0;0;0;0;0;0;0;0;0;0;0
FR;10;2021-03-19;0;0;0;0;0;0;0;0;0;0;0;0;0;0;0;0;0;0
FR;10;2021-03-20;0;0;0;0;0;0;0;0;0;0;0;0;0;0;0;0;0;0
FR;10;2021-03-21;0;0;0;0;0;0;0;0;0;0;0;0;0;0;0;0;0;0
FR;10;2021-03-22;0;0;0;0;0;0;0;0;0;0;0;0;0;0;0;0;0;0
FR;10;2021-03-23;0;0;0;0;0;0;0;0;0;0;0;0;0;0;0;0;0;0
FR;10;2021-03-24;0;0;0;0;0;0;0;0;0;0;0;0;0;0;0;0;0;0
FR;10;2021-03-25;0;0;0;0;0;0;0;0;0;0;0;0;0;0;0;0;0;0
FR;10;2021-03-26;0;0;0;0;0;0;0;0;0;0;0;0;0;0;0;0;0;0
FR;10;2021-03-27;0;0;0;0;0;0;0;0;0;0;0;0;0;0;0;0;0;0
FR;10;2021-03-28;0;0;0;0;0;0;0;0;0;0;0;0;0;0;0;0;0;0
FR;10;2021-03-29;0;0;0;0;0;0;0;0;0;0;0;0;0;0;0;0;0;0
FR;10;2021-03-30;0;0;0;0;0;0;0;0;0;0;0;0;0;0;0;0;0;0
FR;10;2021-03-31;0;0;0;0;0;0;0;0;0;0;0;0;0;0;0;0;0;0
FR;10;2021-04-01;0;0;0;0;0;0;0;0;0;0;0;0;0;0;0;0;0;0
FR;10;2021-04-02;0;0;0;0;0;0;0;0;0;0;0;0;0;0;0;0;0;0
FR;10;2021-04-03;0;0;0;0;0;0;0;0;0;0;0;0;0;0;0;0;0;0
FR;10;2021-04-04;0;0;0;0;0;0;0;0;0;0;0;0;0;0;0;0;0;0
FR;10;2021-04-05;0;0;0;0;0;0;0;0;0;0;0;0;0;0;0;0;0;0
FR;10;2021-04-06;0;0;0;0;0;0;0;0;0;0;0;0;0;0;0;0;0;0
FR;10;2021-04-07;0;0;0;0;0;0;0;0;0;0;0;0;0;0;0;0;0;0
FR;10;2021-04-08;0;0;0;0;0;0;0;0;0;0;0;0;0;0;0;0;0;0
FR;10;2021-04-09;0;0;0;0;0;0;0;0;0;0;0;0;0;0;0;0;0;0
FR;10;2021-04-10;0;0;0;0;0;0;0;0;0;0;0;0;0;0;0;0;0;0
FR;10;2021-04-11;0;0;0;0;0;0;0;0;0;0;0;0;0;0;0;0;0;0
FR;10;2021-04-12;0;0;0;0;0;0;0;0;0;0;0;0;0;0;0;0;0;0
FR;10;2021-04-13;0;0;0;0;0;0;0;0;0;0;0;0;0;0;0;0;0;0
FR;10;2021-04-14;0;0;0;0;0;0;0;0;0;0;0;0;0;0;0;0;0;0
FR;10;2021-04-15;0;0;0;0;0;0;0;0;0;0;0;0;0;0;0;0;0;0
FR;10;2021-04-16;0;0;0;0;0;0;0;0;0;0;0;0;0;0;0;0;0;0
FR;10;2021-04-17;0;0;0;0;0;0;0;0;0;0;0;0;0;0;0;0;0;0
FR;10;2021-04-18;0;0;0;0;0;0;0;0;0;0;0;0;0;0;0;0;0;0
FR;10;2021-04-19;0;0;0;0;0;0;0;0;0;0;0;0;0;0;0;0;0;0
FR;10;2021-04-20;0;0;0;0;0;0;0;0;0;0;0;0;0;0;0;0;0;0
FR;10;2021-04-21;0;0;0;0;0;0;0;0;0;0;0;0;0;0;0;0;0;0
FR;10;2021-04-22;0;0;0;0;0;0;0;0;0;0;0;0;0;0;0;0;0;0
FR;10;2021-04-23;0;0;0;0;0;0;0;0;0;0;0;0;0;0;0;0;0;0
FR;10;2021-04-24;0;0;0;0;0;0;0;0;0;0;0;0;0;0;0;0;0;0
FR;10;2021-04-25;0;0;0;0;0;0;0;0;0;0;0;0;0;0;0;0;0;0
FR;10;2021-04-26;0;0;0;0;0;0;0;0;0;0;0;0;0;0;0;0;0;0
FR;10;2021-04-27;0;0;0;0;0;0;0;0;0;0;0;0;0;0;0;0;0;0
FR;10;2021-04-28;0;0;0;0;0;0;0;0;0;0;0;0;0;0;0;0;0;0
FR;10;2021-04-29;0;0;0;0;0;0;0;0;0;0;0;0;0;0;0;0;0;0
FR;10;2021-04-30;0;0;0;0;0;0;0;0;0;0;0;0;0;0;0;0;0;0
FR;10;2021-05-01;0;0;0;0;0;0;0;0;0;0;0;0;0;0;0;0;0;0
FR;10;2021-05-02;0;0;0;0;0;0;0;0;0;0;0;0;0;0;0;0;0;0
FR;10;2021-05-03;0;0;0;0;0;0;0;0;0;0;0;0;0;0;0;0;0;0
FR;10;2021-05-04;0;0;0;0;0;0;0;0;0;0;0;0;0;0;0;0;0;0
FR;10;2021-05-05;0;0;0;0;0;0;0;0;0;0;0;0;0;0;0;0;0;0
FR;10;2021-05-06;0;0;0;0;0;0;0;0;0;0;0;0;0;0;0;0;0;0
FR;10;2021-05-07;0;0;0;0;0;0;0;0;0;0;0;0;0;0;0;0;0;0
FR;10;2021-05-08;0;0;0;0;0;0;0;0;0;0;0;0;0;0;0;0;0;0
FR;10;2021-05-09;0;0;0;0;0;0;0;0;0;0;0;0;0;0;0;0;0;0
FR;10;2021-05-10;0;0;0;0;0;0;0;0;0;0;0;0;0;0;0;0;0;0
FR;10;2021-05-11;0;0;0;0;0;0;0;0;0;0;0;0;0;0;0;0;0;0
FR;10;2021-05-12;0;0;0;0;0;0;0;0;0;0;0;0;0;0;0;0;0;0
FR;10;2021-05-13;0;0;0;0;0;0;0;0;0;0;0;0;0;0;0;0;0;0
FR;10;2021-05-14;0;0;0;0;0;0;0;0;0;0;0;0;0;0;0;0;0;0
FR;10;2021-05-15;0;0;0;0;0;0;0;0;0;0;0;0;0;0;0;0;0;0
FR;10;2021-05-16;0;0;0;0;0;0;0;0;0;0;0;0;0;0;0;0;0;0
FR;10;2021-05-17;0;0;0;0;0;0;0;0;0;0;0;0;0;0;0;0;0;0
FR;10;2021-05-18;0;0;0;0;0;0;0;0;0;0;0;0;0;0;0;0;0;0
FR;10;2021-05-19;0;0;0;0;0;0;0;0;0;0;0;0;0;0;0;0;0;0
FR;10;2021-05-20;0;0;0;0;0;0;0;0;0;0;0;0;0;0;0;0;0;0
FR;10;2021-05-21;0;0;0;0;0;0;0;0;0;0;0;0;0;0;0;0;0;0
FR;10;2021-05-22;0;0;0;0;0;0;0;0;0;0;0;0;0;0;0;0;0;0
FR;10;2021-05-23;0;0;0;0;0;0;0;0;0;0;0;0;0;0;0;0;0;0
FR;10;2021-05-24;0;0;0;0;0;0;0;0;0;0;0;0;0;0;0;0;0;0
FR;10;2021-05-25;0;0;0;0;0;0;0;0;0;0;0;0;0;0;0;0;0;0
FR;10;2021-05-26;0;0;0;0;0;0;0;0;0;0;0;0;0;0;0;0;0;0
FR;10;2021-05-27;0;0;0;0;0;0;0;0;0;0;0;0;0;0;0;0;0;0
FR;10;2021-05-28;0;0;0;0;0;0;0;0;0;0;0;0;0;0;0;0;0;0
FR;10;2021-05-29;0;0;0;0;0;0;0;0;0;0;0;0;0;0;0;0;0;0
FR;10;2021-05-30;0;0;0;0;0;0;0;0;0;0;0;0;0;0;0;0;0;0
FR;10;2021-05-31;0;0;0;0;0;0;0;0;0;0;0;0;0;0;0;0;0;0
FR;10;2021-06-01;0;0;0;0;0;0;0;0;0;0;0;0;0;0;0;0;0;0
FR;10;2021-06-02;0;0;0;0;0;0;0;0;0;0;0;0;0;0;0;0;0;0
FR;10;2021-06-03;0;0;0;0;0;0;0;0;0;0;0;0;0;0;0;0;0;0
FR;10;2021-06-04;0;0;0;0;0;0;0;0;0;0;0;0;0;0;0;0;0;0
FR;10;2021-06-05;0;0;0;0;0;0;0;0;0;0;0;0;0;0;0;0;0;0
FR;10;2021-06-06;0;0;0;0;0;0;0;0;0;0;0;0;0;0;0;0;0;0
FR;10;2021-06-07;0;0;0;0;0;0;0;0;0;0;0;0;0;0;0;0;0;0
FR;10;2021-06-08;0;0;0;0;0;0;0;0;0;0;0;0;0;0;0;0;0;0
FR;10;2021-06-09;0;0;0;0;0;0;0;0;0;0;0;0;0;0;0;0;0;0
FR;10;2021-06-10;0;0;0;0;0;0;0;0;0;0;0;0;0;0;0;0;0;0
FR;10;2021-06-11;0;0;0;0;0;0;0;0;0;0;0;0;0;0;0;0;0;0
FR;10;2021-06-12;0;0;0;0;0;0;0;0;0;0;0;0;0;0;0;0;0;0
FR;10;2021-06-13;0;0;0;0;0;0;0;0;0;0;0;0;0;0;0;0;0;0
FR;10;2021-06-14;0;0;0;0;0;0;0;0;0;0;0;0;0;0;0;0;0;0
FR;10;2021-06-15;0;0;0;0;0;0;0;0;0;0;0;0;0;0;0;0;0;0
FR;10;2021-06-16;0;0;0;0;0;0;0;0;0;0;0;0;0;0;0;0;0;0
FR;10;2021-06-17;0;0;0;0;0;0;0;0;0;0;0;0;0;0;0;0;0;0
FR;10;2021-06-18;0;0;0;0;0;0;0;0;0;0;0;0;0;0;0;0;0;0
FR;10;2021-06-19;0;0;0;0;0;0;0;0;0;0;0;0;0;0;0;0;0;0
FR;10;2021-06-20;0;0;0;0;0;0;0;0;0;0;0;0;0;0;0;0;0;0
FR;10;2021-06-21;0;0;0;0;0;0;0;0;0;0;0;0;0;0;0;0;0;0
FR;10;2021-06-22;0;0;0;0;0;0;0;0;0;0;0;0;0;0;0;0;0;0
FR;10;2021-06-23;0;0;0;0;0;0;0;0;0;0;0;0;0;0;0;0;0;0
FR;10;2021-06-24;0;0;0;0;0;0;0;0;0;0;0;0;0;0;0;0;0;0
FR;10;2021-06-25;0;0;0;0;0;0;0;0;0;0;0;0;0;0;0;0;0;0
FR;10;2021-06-26;0;0;0;0;0;0;0;0;0;0;0;0;0;0;0;0;0;0
FR;10;2021-06-27;0;0;0;0;0;0;0;0;0;0;0;0;0;0;0;0;0;0
FR;10;2021-06-28;0;0;0;0;0;0;0;0;0;0;0;0;0;0;0;0;0;0
FR;10;2021-06-29;0;0;0;0;0;0;0;0;0;0;0;0;0;0;0;0;0;0
FR;10;2021-06-30;0;0;0;0;0;0;0;0;0;0;0;0;0;0;0;0;0;0
FR;10;2021-07-01;0;0;0;0;0;0;0;0;0;0;0;0;0;0;0;0;0;0
FR;10;2021-07-02;0;0;0;0;0;0;0;0;0;0;0;0;0;0;0;0;0;0
FR;10;2021-07-03;0;0;0;0;0;0;0;0;0;0;0;0;0;0;0;0;0;0
FR;10;2021-07-04;0;0;0;0;0;0;0;0;0;0;0;0;0;0;0;0;0;0
FR;10;2021-07-05;0;0;0;0;0;0;0;0;0;0;0;0;0;0;0;0;0;0
FR;10;2021-07-06;0;0;0;0;0;0;0;0;0;0;0;0;0;0;0;0;0;0
FR;10;2021-07-07;0;0;0;0;0;0;0;0;0;0;0;0;0;0;0;0;0;0
FR;10;2021-07-08;0;0;0;0;0;0;0;0;0;0;0;0;0;0;0;0;0;0
FR;10;2021-07-09;0;0;0;0;0;0;0;0;0;0;0;0;0;0;0;0;0;0
FR;10;2021-07-10;0;0;0;0;0;0;0;0;0;0;0;0;0;0;0;0;0;0
FR;10;2021-07-11;0;0;0;0;0;0;0;0;0;0;0;0;0;0;0;0;0;0
FR;10;2021-07-12;0;0;0;0;0;0;0;0;0;0;0;0;0;0;0;0;0;0
FR;10;2021-07-13;0;0;0;0;0;0;0;0;0;0;0;0;0;0;0;0;0;0
FR;10;2021-07-14;0;0;0;0;0;0;0;0;0;0;0;0;0;0;0;0;0;0
FR;10;2021-07-15;0;0;0;0;0;0;0;0;0;0;0;0;0;0;0;0;0;0
FR;10;2021-07-16;0;0;0;0;0;0;0;0;0;0;0;0;0;0;0;0;0;0
FR;10;2021-07-17;0;0;0;0;0;0;0;0;0;0;0;0;0;0;0;0;0;0
FR;10;2021-07-18;0;0;0;0;0;0;0;0;0;0;0;0;0;0;0;0;0;0
FR;10;2021-07-19;0;0;0;0;0;0;0;0;0;0;0;0;0;0;0;0;0;0
FR;10;2021-07-20;0;0;0;0;0;0;0;0;0;0;0;0;0;0;0;0;0;0
FR;10;2021-07-21;0;0;0;0;0;0;0;0;0;0;0;0;0;0;0;0;0;0
FR;10;2021-07-22;0;0;0;0;0;0;0;0;0;0;0;0;0;0;0;0;0;0
FR;10;2021-07-23;0;0;0;0;0;0;0;0;0;0;0;0;0;0;0;0;0;0
FR;10;2021-07-24;0;0;0;0;0;0;0;0;0;0;0;0;0;0;0;0;0;0
FR;10;2021-07-25;0;0;0;0;0;0;0;0;0;0;0;0;0;0;0;0;0;0
FR;10;2021-07-26;0;0;0;0;0;0;0;0;0;0;0;0;0;0;0;0;0;0
FR;10;2021-07-27;0;0;0;0;0;0;0;0;0;0;0;0;0;0;0;0;0;0
FR;10;2021-07-28;0;0;0;0;0;0;0;0;0;0;0;0;0;0;0;0;0;0
FR;10;2021-07-29;0;0;0;0;0;0;0;0;0;0;0;0;0;0;0;0;0;0
FR;10;2021-07-30;0;0;0;0;0;0;0;0;0;0;0;0;0;0;0;0;0;0
FR;10;2021-07-31;0;0;0;0;0;0;0;0;0;0;0;0;0;0;0;0;0;0
FR;10;2021-08-01;0;0;0;0;0;0;0;0;0;0;0;0;0;0;0;0;0;0
FR;10;2021-08-02;0;0;0;0;0;0;0;0;0;0;0;0;0;0;0;0;0;0
FR;10;2021-08-03;0;0;0;0;0;0;0;0;0;0;0;0;0;0;0;0;0;0
FR;10;2021-08-04;0;0;0;0;0;0;0;0;0;0;0;0;0;0;0;0;0;0
FR;10;2021-08-05;0;0;0;0;0;0;0;0;0;0;0;0;0;0;0;0;0;0
FR;10;2021-08-06;0;0;0;0;0;0;0;0;0;0;0;0;0;0;0;0;0;0
FR;10;2021-08-07;0;0;0;0;0;0;0;0;0;0;0;0;0;0;0;0;0;0
FR;10;2021-08-08;0;0;0;0;0;0;0;0;0;0;0;0;0;0;0;0;0;0
FR;10;2021-08-09;0;0;0;0;0;0;0;0;0;0;0;0;0;0;0;0;0;0
FR;10;2021-08-10;0;0;0;0;0;0;0;0;0;0;0;0;0;0;0;0;0;0
FR;10;2021-08-11;0;0;0;0;0;0;0;0;0;0;0;0;0;0;0;0;0;0
FR;10;2021-08-12;0;0;0;0;0;0;0;0;0;0;0;0;0;0;0;0;0;0
FR;10;2021-08-13;0;0;0;0;0;0;0;0;0;0;0;0;0;0;0;0;0;0
FR;10;2021-08-14;0;0;0;0;0;0;0;0;0;0;0;0;0;0;0;0;0;0
FR;10;2021-08-15;0;0;0;0;0;0;0;0;0;0;0;0;0;0;0;0;0;0
FR;10;2021-08-16;0;0;0;0;0;0;0;0;0;0;0;0;0;0;0;0;0;0
FR;10;2021-08-17;0;0;0;0;0;0;0;0;0;0;0;0;0;0;0;0;0;0
FR;10;2021-08-18;0;0;0;0;0;0;0;0;0;0;0;0;0;0;0;0;0;0
FR;10;2021-08-19;0;0;0;0;0;0;0;0;0;0;0;0;0;0;0;0;0;0
FR;10;2021-08-20;0;0;0;0;0;0;0;0;0;0;0;0;0;0;0;0;0;0
FR;10;2021-08-21;0;0;0;0;0;0;0;0;0;0;0;0;0;0;0;0;0;0
FR;10;2021-08-22;0;0;0;0;0;0;0;0;0;0;0;0;0;0;0;0;0;0
FR;10;2021-08-23;0;0;0;0;0;0;0;0;0;0;0;0;0;0;0;0;0;0
FR;10;2021-08-24;0;0;0;0;0;0;0;0;0;0;0;0;0;0;0;0;0;0
FR;10;2021-08-25;0;0;0;0;0;0;0;0;0;0;0;0;0;0;0;0;0;0
FR;10;2021-08-26;0;0;0;0;0;0;0;0;0;0;0;0;0;0;0;0;0;0
FR;10;2021-08-27;0;0;0;0;0;0;0;0;0;0;0;0;0;0;0;0;0;0
FR;10;2021-08-28;0;0;0;0;0;0;0;0;0;0;0;0;0;0;0;0;0;0
FR;10;2021-08-29;0;0;0;0;0;0;0;0;0;0;0;0;0;0;0;0;0;0
FR;10;2021-08-30;0;0;0;0;0;0;0;0;0;0;0;0;0;0;0;0;0;0
FR;10;2021-08-31;0;0;0;0;0;0;0;0;0;0;0;0;0;0;0;0;0;0
FR;10;2021-09-01;0;0;0;0;0;0;0;0;0;0;0;0;0;0;0;0;0;0
FR;10;2021-09-02;0;0;0;0;0;0;0;0;0;0;0;0;0;0;0;0;0;0
FR;10;2021-09-03;0;0;0;0;0;0;0;0;0;0;0;0;0;0;0;0;0;0
FR;10;2021-09-04;0;0;0;0;0;0;0;0;0;0;0;0;0;0;0;0;0;0
FR;10;2021-09-05;0;0;0;0;0;0;0;0;0;0;0;0;0;0;0;0;0;0
FR;10;2021-09-06;0;0;0;0;0;0;0;0;0;0;0;0;0;0;0;0;0;0
FR;10;2021-09-07;0;0;0;0;0;0;0;0;0;0;0;0;0;0;0;0;0;0
FR;10;2021-09-08;0;0;0;0;0;0;0;0;0;0;0;0;0;0;0;0;0;0
FR;10;2021-09-09;0;0;0;0;0;0;0;0;0;0;0;0;0;0;0;0;0;0
FR;10;2021-09-10;0;0;0;0;0;0;0;0;0;0;0;0;0;0;0;0;0;0
FR;10;2021-09-11;0;0;0;0;0;0;0;0;0;0;0;0;0;0;0;0;0;0
FR;10;2021-09-12;0;0;0;0;0;0;0;0;0;0;0;0;0;0;0;0;0;0
FR;10;2021-09-13;0;0;0;0;0;0;0;0;0;0;0;0;0;0;0;0;0;0
FR;10;2021-09-14;0;0;0;0;0;0;0;0;0;0;0;0;0;0;0;0;0;0
FR;10;2021-09-15;0;0;0;0;0;0;0;0;0;0;0;0;0;0;0;0;0;0
FR;10;2021-09-16;0;0;0;0;0;0;0;0;0;0;0;0;0;0;0;0;0;0
FR;10;2021-09-17;0;0;0;0;0;0;0;0;0;0;0;0;0;0;0;0;0;0
FR;10;2021-09-18;0;0;0;0;0;0;0;0;0;0;0;0;0;0;0;0;0;0
FR;10;2021-09-19;0;0;0;0;0;0;0;0;0;0;0;0;0;0;0;0;0;0
FR;10;2021-09-20;0;0;0;0;0;0;0;0;0;0;0;0;0;0;0;0;0;0
FR;10;2021-09-21;0;0;0;0;0;0;0;0;0;0;0;0;0;0;0;0;0;0
FR;10;2021-09-22;0;0;0;0;0;0;0;0;0;0;0;0;0;0;0;0;0;0
FR;10;2021-09-23;0;0;0;0;0;0;0;0;0;0;0;0;0;0;0;0;0;0
FR;10;2021-09-24;0;0;0;0;0;0;0;0;0;0;0;0;0;0;0;0;0;0
FR;10;2021-09-25;0;0;0;0;0;0;0;0;0;0;0;0;0;0;0;0;0;0
FR;10;2021-09-26;0;0;0;0;0;0;0;0;0;0;0;0;0;0;0;0;0;0
FR;10;2021-09-27;0;0;0;0;0;0;0;0;0;0;0;0;0;0;0;0;0;0
FR;10;2021-09-28;0;0;0;0;0;0;0;0;0;0;0;0;0;0;0;0;0;0
FR;10;2021-09-29;0;0;0;0;0;0;0;0;0;0;0;0;0;0;0;0;0;0
FR;10;2021-09-30;0;0;0;0;0;0;0;0;0;0;0;0;0;0;0;0;0;0
FR;10;2021-10-01;0;0;0;0;0;0;0;0;0;0;0;0;0;0;0;0;0;0
FR;10;2021-10-02;0;0;0;0;0;0;0;0;0;0;0;0;0;0;0;0;0;0
FR;10;2021-10-03;0;0;0;0;0;0;0;0;0;0;0;0;0;0;0;0;0;0
FR;10;2021-10-04;0;0;0;0;0;0;0;0;0;0;0;0;0;0;0;0;0;0
FR;10;2021-10-05;0;0;0;0;0;0;0;0;0;0;0;0;0;0;0;0;0;0
FR;10;2021-10-06;0;0;0;0;0;0;0;0;0;0;0;0;0;0;0;0;0;0
FR;10;2021-10-07;0;0;0;0;0;0;0;0;0;0;0;0;0;0;0;0;0;0
FR;10;2021-10-08;0;0;0;0;0;0;0;0;0;0;0;0;0;0;0;0;0;0
FR;10;2021-10-09;0;0;0;0;0;0;0;0;0;0;0;0;0;0;0;0;0;0
FR;10;2021-10-10;0;0;0;0;0;0;0;0;0;0;0;0;0;0;0;0;0;0
FR;10;2021-10-11;0;0;0;0;0;0;0;0;0;0;0;0;0;0;0;0;0;0
FR;10;2021-10-12;0;0;0;0;0;0;0;0;0;0;0;0;0;0;0;0;0;0
FR;10;2021-10-13;0;0;0;0;0;0;0;0;0;0;0;0;0;0;0;0;0;0
FR;10;2021-10-14;0;0;0;0;0;0;0;0;0;0;0;0;0;0;0;0;0;0
FR;10;2021-10-15;0;0;0;0;0;0;0;0;0;0;0;0;0;0;0;0;0;0
FR;10;2021-10-16;0;0;0;0;0;0;0;0;0;0;0;0;0;0;0;0;0;0
FR;10;2021-10-17;0;0;0;0;0;0;0;0;0;0;0;0;0;0;0;0;0;0
FR;10;2021-10-18;0;0;0;0;0;0;0;0;0;0;0;0;0;0;0;0;0;0
FR;10;2021-10-19;0;0;0;0;0;0;0;0;0;0;0;0;0;0;0;0;0;0
FR;10;2021-10-20;0;0;0;0;0;0;0;0;0;0;0;0;0;0;0;0;0;0
FR;10;2021-10-21;0;0;0;0;0;0;0;0;0;0;0;0;0;0;0;0;0;0
FR;10;2021-10-22;0;0;0;0;0;0;0;0;0;0;0;0;0;0;0;0;0;0
FR;10;2021-10-23;0;0;0;0;0;0;0;0;0;0;0;0;0;0;0;0;0;0
FR;10;2021-10-24;0;0;0;0;0;0;0;0;0;0;0;0;0;0;0;0;0;0
FR;10;2021-10-25;0;0;0;0;0;0;0;0;0;0;0;0;0;0;0;0;0;0
FR;10;2021-10-26;0;0;0;0;0;0;0;0;0;0;0;0;0;0;0;0;0;0
FR;10;2021-10-27;0;0;0;0;0;0;0;0;0;0;0;0;0;0;0;0;0;0
FR;10;2021-10-28;0;0;0;0;0;0;0;0;0;0;0;0;0;0;0;0;0;0
FR;10;2021-10-29;0;0;0;0;0;0;0;0;0;0;0;0;0;0;0;0;0;0
FR;10;2021-10-30;0;0;0;0;0;0;0;0;0;0;0;0;0;0;0;0;0;0
FR;10;2021-10-31;0;0;0;0;0;0;0;0;0;0;0;0;0;0;0;0;0;0
FR;10;2021-11-01;0;0;0;0;0;0;0;0;0;0;0;0;0;0;0;0;0;0
FR;10;2021-11-02;0;0;0;0;0;0;0;0;0;0;0;0;0;0;0;0;0;0
FR;10;2021-11-03;0;0;0;0;0;0;0;0;0;0;0;0;0;0;0;0;0;0
FR;10;2021-11-04;0;0;0;0;0;0;0;0;0;0;0;0;0;0;0;0;0;0
FR;10;2021-11-05;0;0;0;0;0;0;0;0;0;0;0;0;0;0;0;0;0;0
FR;10;2021-11-06;0;0;0;0;0;0;0;0;0;0;0;0;0;0;0;0;0;0
FR;10;2021-11-07;0;0;0;0;0;0;0;0;0;0;0;0;0;0;0;0;0;0
FR;10;2021-11-08;0;0;0;0;0;0;0;0;0;0;0;0;0;0;0;0;0;0
FR;10;2021-11-09;0;0;0;0;0;0;0;0;0;0;0;0;0;0;0;0;0;0
FR;10;2021-11-10;0;0;0;0;0;0;0;0;0;0;0;0;0;0;0;0;0;0
FR;10;2021-11-11;0;0;0;0;0;0;0;0;0;0;0;0;0;0;0;0;0;0
FR;10;2021-11-12;0;0;0;0;0;0;0;0;0;0;0;0;0;0;0;0;0;0
FR;10;2021-11-13;0;0;0;0;0;0;0;0;0;0;0;0;0;0;0;0;0;0
FR;10;2021-11-14;0;0;0;0;0;0;0;0;0;0;0;0;0;0;0;0;0;0
FR;10;2021-11-15;0;0;0;0;0;0;0;0;0;0;0;0;0;0;0;0;0;0
FR;10;2021-11-16;0;0;0;0;0;0;0;0;0;0;0;0;0;0;0;0;0;0
FR;10;2021-11-17;0;0;0;0;0;0;0;0;0;0;0;0;0;0;0;0;0;0
FR;10;2021-11-18;0;0;0;0;0;0;0;0;0;0;0;0;0;0;0;0;0;0
FR;10;2021-11-19;0;0;0;0;0;0;0;0;0;0;0;0;0;0;0;0;0;0
FR;10;2021-11-20;0;0;0;0;0;0;0;0;0;0;0;0;0;0;0;0;0;0
FR;10;2021-11-21;0;0;0;0;0;0;0;0;0;0;0;0;0;0;0;0;0;0
FR;10;2021-11-22;0;0;0;0;0;0;0;0;0;0;0;0;0;0;0;0;0;0
FR;10;2021-11-23;0;0;0;0;0;0;0;0;0;0;0;0;0;0;0;0;0;0
FR;10;2021-11-24;0;0;0;0;0;0;0;0;0;0;0;0;0;0;0;0;0;0
FR;10;2021-11-25;0;0;0;0;0;0;0;0;0;0;0;0;0;0;0;0;0;0
FR;10;2021-11-26;0;0;0;0;0;0;0;0;0;0;0;0;0;0;0;0;0;0
FR;10;2021-11-27;0;0;0;0;0;0;0;0;0;0;0;0;0;0;0;0;0;0
FR;10;2021-11-28;0;0;0;0;0;0;0;0;0;0;0;0;0;0;0;0;0;0
FR;10;2021-11-29;0;0;0;0;0;0;0;0;0;0;0;0;0;0;0;0;0;0
FR;10;2021-11-30;0;0;0;0;0;0;0;0;0;0;0;0;0;0;0;0;0;0
FR;10;2021-12-01;0;0;0;0;0;0;0;0;0;0;0;0;0;0;0;0;0;0
FR;10;2021-12-02;0;0;0;0;0;0;0;0;0;0;0;0;0;0;0;0;0;0
FR;10;2021-12-03;0;0;0;0;0;0;0;0;0;0;0;0;0;0;0;0;0;0
FR;10;2021-12-04;0;0;0;0;0;0;0;0;0;0;0;0;0;0;0;0;0;0
FR;10;2021-12-05;0;0;0;0;0;0;0;0;0;0;0;0;0;0;0;0;0;0
FR;10;2021-12-06;0;0;0;0;0;0;0;0;0;0;0;0;0;0;0;0;0;0
FR;10;2021-12-07;0;0;0;0;0;0;0;0;0;0;0;0;0;0;0;0;0;0
FR;10;2021-12-08;0;0;0;0;0;0;0;0;0;0;0;0;0;0;0;0;0;0
FR;10;2021-12-09;0;0;0;0;0;0;0;0;0;0;0;0;0;0;0;0;0;0
FR;10;2021-12-10;0;0;0;0;0;0;0;0;0;0;0;0;0;0;0;0;0;0
FR;10;2021-12-11;0;0;0;0;0;0;0;0;0;0;0;0;0;0;0;0;0;0
FR;10;2021-12-12;0;0;0;0;0;0;0;0;0;0;0;0;0;0;0;0;0;0
FR;10;2021-12-13;0;0;0;0;0;0;0;0;0;0;0;0;0;0;0;0;0;0
FR;10;2021-12-14;0;0;0;0;0;0;0;0;0;0;0;0;0;0;0;0;0;0
FR;10;2021-12-15;0;0;0;0;0;0;0;0;0;0;0;0;0;0;0;0;0;0
FR;10;2021-12-16;0;0;0;0;0;0;0;0;0;0;0;0;0;0;0;0;0;0
FR;10;2021-12-17;0;0;0;0;0;0;0;0;0;0;0;0;0;0;0;0;0;0
FR;10;2021-12-18;0;0;0;0;0;0;0;0;0;0;0;0;0;0;0;0;0;0
FR;10;2021-12-19;0;0;0;0;0;0;0;0;0;0;0;0;0;0;0;0;0;0
FR;10;2021-12-20;0;0;0;0;0;0;0;0;0;0;0;0;0;0;0;0;0;0
FR;10;2021-12-21;0;0;0;0;0;0;0;0;0;0;0;0;0;0;0;0;0;0
FR;10;2021-12-22;0;0;0;0;0;0;0;0;0;0;0;0;0;0;0;0;0;0
FR;10;2021-12-23;0;0;0;0;0;0;0;0;0;0;0;0;0;0;0;0;0;0
FR;10;2021-12-24;0;0;0;0;0;0;0;0;0;0;0;0;0;0;0;0;0;0
FR;10;2021-12-25;0;0;0;0;0;0;0;0;0;0;0;0;0;0;0;0;0;0
FR;10;2021-12-26;0;0;0;0;0;0;0;0;0;0;0;0;0;0;0;0;0;0
FR;10;2021-12-27;0;0;0;0;0;0;0;0;0;0;0;0;0;0;0;0;0;0
FR;10;2021-12-28;0;0;0;0;0;0;0;0;0;0;0;0;0;0;0;0;0;0
FR;10;2021-12-29;0;0;0;0;0;0;0;0;0;0;0;0;0;0;0;0;0;0
FR;10;2021-12-30;0;0;0;0;0;0;0;0;0;0;0;0;0;0;0;0;0;0
FR;10;2021-12-31;0;0;0;0;0;0;0;0;0;0;0;0;0;0;0;0;0;0
FR;10;2022-01-01;0;0;0;0;0;0;0;0;0;0;0;0;0;0;0;0;0;0
FR;10;2022-01-02;0;0;0;0;0;0;0;0;0;0;0;0;0;0;0;0;0;0
FR;10;2022-01-03;0;0;0;0;0;0;0;0;0;0;0;0;0;0;0;0;0;0
FR;10;2022-01-04;0;0;0;0;0;0;0;0;0;0;0;0;0;0;0;0;0;0
FR;10;2022-01-05;0;0;0;0;0;0;0;0;0;0;0;0;0;0;0;0;0;0
FR;10;2022-01-06;0;0;0;0;0;0;0;0;0;0;0;0;0;0;0;0;0;0
FR;10;2022-01-07;0;0;0;0;0;0;0;0;0;0;0;0;0;0;0;0;0;0
FR;10;2022-01-08;0;0;0;0;0;0;0;0;0;0;0;0;0;0;0;0;0;0
FR;10;2022-01-09;0;0;0;0;0;0;0;0;0;0;0;0;0;0;0;0;0;0
FR;10;2022-01-10;0;0;0;0;0;0;0;0;0;0;0;0;0;0;0;0;0;0
FR;10;2022-01-11;0;0;0;0;0;0;0;0;0;0;0;0;0;0;0;0;0;0
FR;10;2022-01-12;0;0;0;0;0;0;0;0;0;0;0;0;0;0;0;0;0;0
FR;10;2022-01-13;0;0;0;0;0;0;0;0;0;0;0;0;0;0;0;0;0;0
FR;10;2022-01-14;0;0;0;0;0;0;0;0;0;0;0;0;0;0;0;0;0;0
FR;10;2022-01-15;0;0;0;0;0;0;0;0;0;0;0;0;0;0;0;0;0;0
FR;10;2022-01-16;0;0;0;0;0;0;0;0;0;0;0;0;0;0;0;0;0;0
FR;10;2022-01-17;0;0;0;0;0;0;0;0;0;0;0;0;0;0;0;0;0;0
FR;10;2022-01-18;0;0;0;0;0;0;0;0;0;0;0;0;0;0;0;0;0;0
FR;10;2022-01-19;0;0;0;0;0;0;0;0;0;0;0;0;0;0;0;0;0;0
FR;10;2022-01-20;0;0;0;0;0;0;0;0;0;0;0;0;0;0;0;0;0;0
FR;10;2022-01-21;0;0;0;0;0;0;0;0;0;0;0;0;0;0;0;0;0;0
FR;10;2022-01-22;0;0;0;0;0;0;0;0;0;0;0;0;0;0;0;0;0;0
FR;10;2022-01-23;0;0;0;0;0;0;0;0;0;0;0;0;0;0;0;0;0;0
FR;10;2022-01-24;0;0;0;0;0;0;0;0;0;0;0;0;0;0;0;0;0;0
FR;10;2022-01-25;0;0;0;0;0;0;0;0;0;0;0;0;0;0;0;0;0;0
FR;10;2022-01-26;0;0;0;0;0;0;0;0;0;0;0;0;0;0;0;0;0;0
FR;10;2022-01-27;0;0;0;0;0;0;0;0;0;0;0;0;0;0;0;0;0;0
FR;10;2022-01-28;0;0;0;0;0;0;0;0;0;0;0;0;0;0;0;0;0;0
FR;10;2022-01-29;0;0;0;0;0;0;0;0;0;0;0;0;0;0;0;0;0;0
FR;10;2022-01-30;0;0;0;0;0;0;0;0;0;0;0;0;0;0;0;0;0;0
FR;10;2022-01-31;0;0;0;0;0;0;0;0;0;0;0;0;0;0;0;0;0;0
FR;10;2022-02-01;0;0;0;0;0;0;0;0;0;0;0;0;0;0;0;0;0;0
FR;10;2022-02-02;0;0;0;0;0;0;0;0;0;0;0;0;0;0;0;0;0;0
FR;10;2022-02-03;0;0;0;0;0;0;0;0;0;0;0;0;0;0;0;0;0;0
FR;10;2022-02-04;0;0;0;0;0;0;0;0;0;0;0;0;0;0;0;0;0;0
FR;10;2022-02-05;0;0;0;0;0;0;0;0;0;0;0;0;0;0;0;0;0;0
FR;10;2022-02-06;0;0;0;0;0;0;0;0;0;0;0;0;0;0;0;0;0;0
FR;10;2022-02-07;0;0;0;0;0;0;0;0;0;0;0;0;0;0;0;0;0;0
FR;10;2022-02-08;0;0;0;0;0;0;0;0;0;0;0;0;0;0;0;0;0;0
FR;10;2022-02-09;0;0;0;0;0;0;0;0;0;0;0;0;0;0;0;0;0;0
FR;10;2022-02-10;0;0;0;0;0;0;0;0;0;0;0;0;0;0;0;0;0;0
FR;10;2022-02-11;0;0;0;0;0;0;0;0;0;0;0;0;0;0;0;0;0;0
FR;10;2022-02-12;0;0;0;0;0;0;0;0;0;0;0;0;0;0;0;0;0;0
FR;10;2022-02-13;0;0;0;0;0;0;0;0;0;0;0;0;0;0;0;0;0;0
FR;10;2022-02-14;0;0;0;0;0;0;0;0;0;0;0;0;0;0;0;0;0;0
FR;10;2022-02-15;0;0;0;0;0;0;0;0;0;0;0;0;0;0;0;0;0;0
FR;10;2022-02-16;0;0;0;0;0;0;0;0;0;0;0;0;0;0;0;0;0;0
FR;10;2022-02-17;0;0;0;0;0;0;0;0;0;0;0;0;0;0;0;0;0;0
FR;10;2022-02-18;0;0;0;0;0;0;0;0;0;0;0;0;0;0;0;0;0;0
FR;10;2022-02-19;0;0;0;0;0;0;0;0;0;0;0;0;0;0;0;0;0;0
FR;10;2022-02-20;0;0;0;0;0;0;0;0;0;0;0;0;0;0;0;0;0;0
FR;10;2022-02-21;0;0;0;0;0;0;0;0;0;0;0;0;0;0;0;0;0;0
FR;10;2022-02-22;0;0;0;0;0;0;0;0;0;0;0;0;0;0;0;0;0;0
FR;10;2022-02-23;0;0;0;0;0;0;0;0;0;0;0;0;0;0;0;0;0;0
FR;10;2022-02-24;0;0;0;0;0;0;0;0;0;0;0;0;0;0;0;0;0;0
FR;10;2022-02-25;0;0;0;0;0;0;0;0;0;0;0;0;0;0;0;0;0;0
FR;10;2022-02-26;0;0;0;0;0;0;0;0;0;0;0;0;0;0;0;0;0;0
FR;10;2022-02-27;0;0;0;0;0;0;0;0;0;0;0;0;0;0;0;0;0;0
FR;10;2022-02-28;0;0;0;0;0;0;0;0;0;0;0;0;0;0;0;0;0;0
FR;10;2022-03-01;0;0;0;0;0;0;0;0;0;0;0;0;0;0;0;0;0;0
FR;10;2022-03-02;0;0;0;0;0;0;0;0;0;0;0;0;0;0;0;0;0;0
FR;10;2022-03-03;0;0;0;0;0;0;0;0;0;0;0;0;0;0;0;0;0;0
FR;10;2022-03-04;0;0;0;0;0;0;0;0;0;0;0;0;0;0;0;0;0;0
FR;10;2022-03-05;0;0;0;0;0;0;0;0;0;0;0;0;0;0;0;0;0;0
FR;10;2022-03-06;0;0;0;0;0;0;0;0;0;0;0;0;0;0;0;0;0;0
FR;10;2022-03-07;0;0;0;0;0;0;0;0;0;0;0;0;0;0;0;0;0;0
FR;10;2022-03-08;0;0;0;0;0;0;0;0;0;0;0;0;0;0;0;0;0;0
FR;10;2022-03-09;0;0;0;0;0;0;0;0;0;0;0;0;0;0;0;0;0;0
FR;10;2022-03-10;0;0;0;0;0;0;0;0;0;0;0;0;0;0;0;0;0;0
FR;10;2022-03-11;0;0;0;0;0;0;0;0;0;0;0;0;0;0;0;0;0;0
FR;10;2022-03-12;0;0;0;0;0;0;0;0;0;0;0;0;0;0;0;0;0;0
FR;10;2022-03-13;0;0;0;0;0;0;0;0;0;0;0;0;0;0;0;0;0;0
FR;10;2022-03-14;0;0;0;0;0;0;0;0;0;0;0;0;0;0;0;0;0;0
FR;10;2022-03-15;0;0;0;0;0;0;0;0;0;0;0;0;0;0;0;0;0;0
FR;10;2022-03-16;0;0;0;0;0;0;0;0;0;0;0;0;0;0;0;0;0;0
FR;10;2022-03-17;0;0;0;0;0;0;0;0;0;0;0;0;0;0;0;0;0;0
FR;10;2022-03-18;0;0;0;0;0;0;0;0;0;0;0;0;0;0;0;0;0;0
FR;10;2022-03-19;0;0;0;0;0;0;0;0;0;0;0;0;0;0;0;0;0;0
FR;10;2022-03-20;0;0;0;0;0;0;0;0;0;0;0;0;0;0;0;0;0;0
FR;10;2022-03-21;0;0;0;0;0;0;0;0;0;0;0;0;0;0;0;0;0;0
FR;10;2022-03-22;0;0;0;0;0;0;0;0;0;0;0;0;0;0;0;0;0;0
FR;10;2022-03-23;0;0;0;0;0;0;0;0;0;0;0;0;0;0;0;0;0;0
FR;10;2022-03-24;0;0;0;0;0;0;0;0;0;0;0;0;0;0;0;0;0;0
FR;10;2022-03-25;0;0;0;0;0;0;0;0;0;0;0;0;0;0;0;0;0;0
FR;10;2022-03-26;0;0;0;0;0;0;0;0;0;0;0;0;0;0;0;0;0;0
FR;10;2022-03-27;0;0;0;0;0;0;0;0;0;0;0;0;0;0;0;0;0;0
FR;10;2022-03-28;0;0;0;0;0;0;0;0;0;0;0;0;0;0;0;0;0;0
FR;10;2022-03-29;0;0;0;0;0;0;0;0;0;0;0;0;0;0;0;0;0;0
FR;10;2022-03-30;0;0;0;0;0;0;0;0;0;0;0;0;0;0;0;0;0;0
FR;10;2022-03-31;0;0;0;0;0;0;0;0;0;0;0;0;0;0;0;0;0;0
FR;10;2022-04-01;0;0;0;0;0;0;0;0;0;0;0;0;0;0;0;0;0;0
FR;10;2022-04-02;0;0;0;0;0;0;0;0;0;0;0;0;0;0;0;0;0;0
FR;10;2022-04-03;0;0;0;0;0;0;0;0;0;0;0;0;0;0;0;0;0;0
FR;10;2022-04-04;0;0;0;0;0;0;0;0;0;0;0;0;0;0;0;0;0;0
FR;10;2022-04-05;0;0;0;0;0;0;0;0;0;0;0;0;0;0;0;0;0;0
FR;10;2022-04-06;0;0;0;0;0;0;0;0;0;0;0;0;0;0;0;0;0;0
FR;10;2022-04-07;0;0;0;0;0;0;0;0;0;0;0;0;0;0;0;0;0;0
FR;10;2022-04-08;0;0;0;0;0;0;0;0;0;0;0;0;0;0;0;0;0;0
FR;10;2022-04-09;0;0;0;0;0;0;0;0;0;0;0;0;0;0;0;0;0;0
FR;10;2022-04-10;0;0;0;0;0;0;0;0;0;0;0;0;0;0;0;0;0;0
FR;10;2022-04-11;0;0;0;0;0;0;0;0;0;0;0;0;0;0;0;0;0;0
FR;10;2022-04-12;0;0;0;0;0;0;0;0;0;0;0;0;0;0;0;0;0;0
FR;10;2022-04-13;0;0;0;0;0;0;0;0;0;0;0;0;0;0;0;0;0;0
FR;10;2022-04-14;0;0;0;0;0;0;0;0;0;0;0;0;0;0;0;0;0;0
FR;10;2022-04-15;0;0;0;0;0;0;0;0;0;0;0;0;0;0;0;0;0;0
FR;10;2022-04-16;0;0;0;0;0;0;0;0;0;0;0;0;0;0;0;0;0;0
FR;10;2022-04-17;0;0;0;0;0;0;0;0;0;0;0;0;0;0;0;0;0;0
FR;10;2022-04-18;0;0;0;0;0;0;0;0;0;0;0;0;0;0;0;0;0;0
FR;10;2022-04-19;0;0;0;0;0;0;0;0;0;0;0;0;0;0;0;0;0;0
FR;10;2022-04-20;0;0;0;0;0;0;0;0;0;0;0;0;0;0;0;0;0;0
FR;10;2022-04-21;0;0;0;0;0;0;0;0;0;0;0;0;0;0;0;0;0;0
FR;10;2022-04-22;0;0;0;0;0;0;0;0;0;0;0;0;0;0;0;0;0;0
FR;10;2022-04-23;0;0;0;0;0;0;0;0;0;0;0;0;0;0;0;0;0;0
FR;10;2022-04-24;0;0;0;0;0;0;0;0;0;0;0;0;0;0;0;0;0;0
FR;10;2022-04-25;0;0;0;0;0;0;0;0;0;0;0;0;0;0;0;0;0;0
FR;10;2022-04-26;0;0;0;0;0;0;0;0;0;0;0;0;0;0;0;0;0;0
FR;10;2022-04-27;0;0;0;0;0;0;0;0;0;0;0;0;0;0;0;0;0;0
FR;10;2022-04-28;0;0;0;0;0;0;0;0;0;0;0;0;0;0;0;0;0;0
FR;10;2022-04-29;0;0;0;0;0;0;0;0;0;0;0;0;0;0;0;0;0;0
FR;10;2022-04-30;0;0;0;0;0;0;0;0;0;0;0;0;0;0;0;0;0;0
FR;10;2022-05-01;0;0;0;0;0;0;0;0;0;0;0;0;0;0;0;0;0;0
FR;10;2022-05-02;0;0;0;0;0;0;0;0;0;0;0;0;0;0;0;0;0;0
FR;10;2022-05-03;0;0;0;0;0;0;0;0;0;0;0;0;0;0;0;0;0;0
FR;10;2022-05-04;0;0;0;0;0;0;0;0;0;0;0;0;0;0;0;0;0;0
FR;10;2022-05-05;0;0;0;0;0;0;0;0;0;0;0;0;0;0;0;0;0;0
FR;10;2022-05-06;0;0;0;0;0;0;0;0;0;0;0;0;0;0;0;0;0;0
FR;10;2022-05-07;0;0;0;0;0;0;0;0;0;0;0;0;0;0;0;0;0;0
FR;10;2022-05-08;0;0;0;0;0;0;0;0;0;0;0;0;0;0;0;0;0;0
FR;10;2022-05-09;0;0;0;0;0;0;0;0;0;0;0;0;0;0;0;0;0;0
FR;10;2022-05-10;0;0;0;0;0;0;0;0;0;0;0;0;0;0;0;0;0;0
FR;10;2022-05-11;0;0;0;0;0;0;0;0;0;0;0;0;0;0;0;0;0;0
FR;10;2022-05-12;0;0;0;0;0;0;0;0;0;0;0;0;0;0;0;0;0;0
FR;10;2022-05-13;0;0;0;0;0;0;0;0;0;0;0;0;0;0;0;0;0;0
FR;10;2022-05-14;0;0;0;0;0;0;0;0;0;0;0;0;0;0;0;0;0;0
FR;10;2022-05-15;0;0;0;0;0;0;0;0;0;0;0;0;0;0;0;0;0;0
FR;10;2022-05-16;0;0;0;0;0;0;0;0;0;0;0;0;0;0;0;0;0;0
FR;10;2022-05-17;0;0;0;0;0;0;0;0;0;0;0;0;0;0;0;0;0;0
FR;10;2022-05-18;0;0;0;0;0;0;0;0;0;0;0;0;0;0;0;0;0;0
FR;10;2022-05-19;0;0;0;0;0;0;0;0;0;0;0;0;0;0;0;0;0;0
FR;10;2022-05-20;0;0;0;0;0;0;0;0;0;0;0;0;0;0;0;0;0;0
FR;10;2022-05-21;0;0;0;0;0;0;0;0;0;0;0;0;0;0;0;0;0;0
FR;10;2022-05-22;0;0;0;0;0;0;0;0;0;0;0;0;0;0;0;0;0;0
FR;10;2022-05-23;0;0;0;0;0;0;0;0;0;0;0;0;0;0;0;0;0;0
FR;10;2022-05-24;0;0;0;0;0;0;0;0;0;0;0;0;0;0;0;0;0;0
FR;10;2022-05-25;0;0;0;0;0;0;0;0;0;0;0;0;0;0;0;0;0;0
FR;10;2022-05-26;0;0;0;0;0;0;0;0;0;0;0;0;0;0;0;0;0;0
FR;10;2022-05-27;0;0;0;0;0;0;0;0;0;0;0;0;0;0;0;0;0;0
FR;10;2022-05-28;0;0;0;0;0;0;0;0;0;0;0;0;0;0;0;0;0;0
FR;10;2022-05-29;0;0;0;0;0;0;0;0;0;0;0;0;0;0;0;0;0;0
FR;10;2022-05-30;0;0;0;0;0;0;0;0;0;0;0;0;0;0;0;0;0;0
FR;10;2022-05-31;0;0;0;0;0;0;0;0;0;0;0;0;0;0;0;0;0;0
FR;10;2022-06-01;0;0;0;0;0;0;0;0;0;0;0;0;0;0;0;0;0;0
FR;10;2022-06-02;0;0;0;0;0;0;0;0;0;0;0;0;0;0;0;0;0;0
FR;10;2022-06-03;0;0;0;0;0;0;0;0;0;0;0;0;0;0;0;0;0;0
FR;10;2022-06-04;0;0;0;0;0;0;0;0;0;0;0;0;0;0;0;0;0;0
FR;10;2022-06-05;0;0;0;0;0;0;0;0;0;0;0;0;0;0;0;0;0;0
FR;10;2022-06-06;0;0;0;0;0;0;0;0;0;0;0;0;0;0;0;0;0;0
FR;10;2022-06-07;0;0;0;0;0;0;0;0;0;0;0;0;0;0;0;0;0;0
FR;10;2022-06-08;0;0;0;0;0;0;0;0;0;0;0;0;0;0;0;0;0;0
FR;10;2022-06-09;0;0;0;0;0;0;0;0;0;0;0;0;0;0;0;0;0;0
FR;10;2022-06-10;0;0;0;0;0;0;0;0;0;0;0;0;0;0;0;0;0;0
FR;10;2022-06-11;0;0;0;0;0;0;0;0;0;0;0;0;0;0;0;0;0;0
FR;10;2022-06-12;0;0;0;0;0;0;0;0;0;0;0;0;0;0;0;0;0;0
FR;10;2022-06-13;0;0;0;0;0;0;0;0;0;0;0;0;0;0;0;0;0;0
FR;10;2022-06-14;0;0;0;0;0;0;0;0;0;0;0;0;0;0;0;0;0;0
FR;10;2022-06-15;0;0;0;0;0;0;0;0;0;0;0;0;0;0;0;0;0;0
FR;10;2022-06-16;0;0;0;0;0;0;0;0;0;0;0;0;0;0;0;0;0;0
FR;10;2022-06-17;0;0;0;0;0;0;0;0;0;0;0;0;0;0;0;0;0;0
FR;10;2022-06-18;0;0;0;0;0;0;0;0;0;0;0;0;0;0;0;0;0;0
FR;10;2022-06-19;0;0;0;0;0;0;0;0;0;0;0;0;0;0;0;0;0;0
FR;10;2022-06-20;0;0;0;0;0;0;0;0;0;0;0;0;0;0;0;0;0;0
FR;10;2022-06-21;0;0;0;0;0;0;0;0;0;0;0;0;0;0;0;0;0;0
FR;10;2022-06-22;0;0;0;0;0;0;0;0;0;0;0;0;0;0;0;0;0;0
FR;10;2022-06-23;0;0;0;0;0;0;0;0;0;0;0;0;0;0;0;0;0;0
FR;10;2022-06-24;0;0;0;0;0;0;0;0;0;0;0;0;0;0;0;0;0;0
FR;10;2022-06-25;0;0;0;0;0;0;0;0;0;0;0;0;0;0;0;0;0;0
FR;10;2022-06-26;0;0;0;0;0;0;0;0;0;0;0;0;0;0;0;0;0;0
FR;10;2022-06-27;0;0;0;0;0;0;0;0;0;0;0;0;0;0;0;0;0;0
FR;10;2022-06-28;0;0;0;0;0;0;0;0;0;0;0;0;0;0;0;0;0;0
FR;10;2022-06-29;0;0;0;0;0;0;0;0;0;0;0;0;0;0;0;0;0;0
FR;10;2022-06-30;0;0;0;0;0;0;0;0;0;0;0;0;0;0;0;0;0;0
FR;10;2022-07-01;0;0;0;0;0;0;0;0;0;0;0;0;0;0;0;0;0;0
FR;10;2022-07-02;0;0;0;0;0;0;0;0;0;0;0;0;0;0;0;0;0;0
FR;10;2022-07-03;0;0;0;0;0;0;0;0;0;0;0;0;0;0;0;0;0;0
FR;10;2022-07-04;0;0;0;0;0;0;0;0;0;0;0;0;0;0;0;0;0;0
FR;10;2022-07-05;0;0;0;0;0;0;0;0;0;0;0;0;0;0;0;0;0;0
FR;10;2022-07-06;0;0;0;0;0;0;0;0;0;0;0;0;0;0;0;0;0;0
FR;10;2022-07-07;0;0;0;0;0;0;0;0;0;0;0;0;0;0;0;0;0;0
FR;10;2022-07-08;0;0;0;0;0;0;0;0;0;0;0;0;0;0;0;0;0;0
FR;10;2022-07-09;0;0;0;0;0;0;0;0;0;0;0;0;0;0;0;0;0;0
FR;10;2022-07-10;0;0;0;0;0;0;0;0;0;0;0;0;0;0;0;0;0;0
FR;10;2022-07-11;0;0;0;0;0;0;0;0;0;0;0;0;0;0;0;0;0;0
FR;10;2022-07-12;0;0;0;0;0;0;0;0;0;0;0;0;0;0;0;0;0;0
FR;10;2022-07-13;0;0;0;0;0;0;0;0;0;0;0;0;0;0;0;0;0;0
FR;10;2022-07-14;0;0;0;0;0;0;0;0;0;0;0;0;0;0;0;0;0;0
FR;10;2022-07-15;0;0;0;0;0;0;0;0;0;0;0;0;0;0;0;0;0;0
FR;10;2022-07-16;0;0;0;0;0;0;0;0;0;0;0;0;0;0;0;0;0;0
FR;10;2022-07-17;0;0;0;0;0;0;0;0;0;0;0;0;0;0;0;0;0;0
FR;10;2022-07-18;0;0;0;0;0;0;0;0;0;0;0;0;0;0;0;0;0;0
FR;10;2022-07-19;0;0;0;0;0;0;0;0;0;0;0;0;0;0;0;0;0;0
FR;10;2022-07-20;0;0;0;0;0;0;0;0;0;0;0;0;0;0;0;0;0;0
FR;10;2022-07-21;0;0;0;0;0;0;0;0;0;0;0;0;0;0;0;0;0;0
FR;10;2022-07-22;0;0;0;0;0;0;0;0;0;0;0;0;0;0;0;0;0;0
FR;10;2022-07-23;0;0;0;0;0;0;0;0;0;0;0;0;0;0;0;0;0;0
FR;10;2022-07-24;0;0;0;0;0;0;0;0;0;0;0;0;0;0;0;0;0;0
FR;10;2022-07-25;0;0;0;0;0;0;0;0;0;0;0;0;0;0;0;0;0;0
FR;10;2022-07-26;0;0;0;0;0;0;0;0;0;0;0;0;0;0;0;0;0;0
FR;10;2022-07-27;0;0;0;0;0;0;0;0;0;0;0;0;0;0;0;0;0;0
FR;10;2022-07-28;0;0;0;0;0;0;0;0;0;0;0;0;0;0;0;0;0;0
FR;10;2022-07-29;0;0;0;0;0;0;0;0;0;0;0;0;0;0;0;0;0;0
FR;10;2022-07-30;0;0;0;0;0;0;0;0;0;0;0;0;0;0;0;0;0;0
FR;10;2022-07-31;0;0;0;0;0;0;0;0;0;0;0;0;0;0;0;0;0;0
FR;10;2022-08-01;0;0;0;0;0;0;0;0;0;0;0;0;0;0;0;0;0;0
FR;10;2022-08-02;0;0;0;0;0;0;0;0;0;0;0;0;0;0;0;0;0;0
FR;10;2022-08-03;0;0;0;0;0;0;0;0;0;0;0;0;0;0;0;0;0;0
FR;10;2022-08-04;0;0;0;0;0;0;0;0;0;0;0;0;0;0;0;0;0;0
FR;10;2022-08-05;0;0;0;0;0;0;0;0;0;0;0;0;0;0;0;0;0;0
FR;10;2022-08-06;0;0;0;0;0;0;0;0;0;0;0;0;0;0;0;0;0;0
FR;10;2022-08-07;0;0;0;0;0;0;0;0;0;0;0;0;0;0;0;0;0;0
FR;10;2022-08-08;0;0;0;0;0;0;0;0;0;0;0;0;0;0;0;0;0;0
FR;10;2022-08-09;0;0;0;0;0;0;0;0;0;0;0;0;0;0;0;0;0;0
FR;10;2022-08-10;0;0;0;0;0;0;0;0;0;0;0;0;0;0;0;0;0;0
FR;10;2022-08-11;0;0;0;0;0;0;0;0;0;0;0;0;0;0;0;0;0;0
FR;10;2022-08-12;0;0;0;0;0;0;0;0;0;0;0;0;0;0;0;0;0;0
FR;10;2022-08-13;0;0;0;0;0;0;0;0;0;0;0;0;0;0;0;0;0;0
FR;10;2022-08-14;0;0;0;0;0;0;0;0;0;0;0;0;0;0;0;0;0;0
FR;10;2022-08-15;0;0;0;0;0;0;0;0;0;0;0;0;0;0;0;0;0;0
FR;10;2022-08-16;0;0;0;0;0;0;0;0;0;0;0;0;0;0;0;0;0;0
FR;10;2022-08-17;0;0;0;0;0;0;0;0;0;0;0;0;0;0;0;0;0;0
FR;10;2022-08-18;0;0;0;0;0;0;0;0;0;0;0;0;0;0;0;0;0;0
FR;10;2022-08-19;0;0;0;0;0;0;0;0;0;0;0;0;0;0;0;0;0;0
FR;10;2022-08-20;0;0;0;0;0;0;0;0;0;0;0;0;0;0;0;0;0;0
FR;10;2022-08-21;0;0;0;0;0;0;0;0;0;0;0;0;0;0;0;0;0;0
FR;10;2022-08-22;0;0;0;0;0;0;0;0;0;0;0;0;0;0;0;0;0;0
FR;10;2022-08-23;0;0;0;0;0;0;0;0;0;0;0;0;0;0;0;0;0;0
FR;10;2022-08-24;0;0;0;0;0;0;0;0;0;0;0;0;0;0;0;0;0;0
FR;10;2022-08-25;0;0;0;0;0;0;0;0;0;0;0;0;0;0;0;0;0;0
FR;10;2022-08-26;0;0;0;0;0;0;0;0;0;0;0;0;0;0;0;0;0;0
FR;10;2022-08-27;0;0;0;0;0;0;0;0;0;0;0;0;0;0;0;0;0;0
FR;10;2022-08-28;0;0;0;0;0;0;0;0;0;0;0;0;0;0;0;0;0;0
FR;10;2022-08-29;0;0;0;0;0;0;0;0;0;0;0;0;0;0;0;0;0;0
FR;10;2022-08-30;0;0;0;0;0;0;0;0;0;0;0;0;0;0;0;0;0;0
FR;10;2022-08-31;0;0;0;0;0;0;0;0;0;0;0;0;0;0;0;0;0;0
FR;10;2022-09-01;0;0;0;0;0;0;0;0;0;0;0;0;0;0;0;0;0;0
FR;10;2022-09-02;0;0;0;0;0;0;0;0;0;0;0;0;0;0;0;0;0;0
FR;10;2022-09-03;0;0;0;0;0;0;0;0;0;0;0;0;0;0;0;0;0;0
FR;10;2022-09-04;0;0;0;0;0;0;0;0;0;0;0;0;0;0;0;0;0;0
FR;10;2022-09-05;0;0;0;0;0;0;0;0;0;0;0;0;0;0;0;0;0;0
FR;10;2022-09-06;0;0;0;0;0;0;0;0;0;0;0;0;0;0;0;0;0;0
FR;10;2022-09-07;0;0;0;0;0;0;0;0;0;0;0;0;0;0;0;0;0;0
FR;10;2022-09-08;0;0;0;0;0;0;0;0;0;0;0;0;0;0;0;0;0;0
FR;10;2022-09-09;0;0;0;0;0;0;0;0;0;0;0;0;0;0;0;0;0;0
FR;10;2022-09-10;0;0;0;0;0;0;0;0;0;0;0;0;0;0;0;0;0;0
FR;10;2022-09-11;0;0;0;0;0;0;0;0;0;0;0;0;0;0;0;0;0;0
FR;10;2022-09-12;0;0;0;0;0;0;0;0;0;0;0;0;0;0;0;0;0;0
FR;10;2022-09-13;0;0;0;0;0;0;0;0;0;0;0;0;0;0;0;0;0;0
FR;10;2022-09-14;0;0;0;0;0;0;0;0;0;0;0;0;0;0;0;0;0;0
FR;10;2022-09-15;0;0;0;0;0;0;0;0;0;0;0;0;0;0;0;0;0;0
FR;10;2022-09-16;0;0;0;0;0;0;0;0;0;0;0;0;0;0;0;0;0;0
FR;10;2022-09-17;0;0;0;0;0;0;0;0;0;0;0;0;0;0;0;0;0;0
FR;10;2022-09-18;0;0;0;0;0;0;0;0;0;0;0;0;0;0;0;0;0;0
FR;10;2022-09-19;0;0;0;0;0;0;0;0;0;0;0;0;0;0;0;0;0;0
FR;10;2022-09-20;0;0;0;0;0;0;0;0;0;0;0;0;0;0;0;0;0;0
FR;10;2022-09-21;0;0;0;0;0;0;0;0;0;0;0;0;0;0;0;0;0;0
FR;10;2022-09-22;0;0;0;0;0;0;0;0;0;0;0;0;0;0;0;0;0;0
FR;10;2022-09-23;0;0;0;0;0;0;0;0;0;0;0;0;0;0;0;0;0;0
FR;10;2022-09-24;0;0;0;0;0;0;0;0;0;0;0;0;0;0;0;0;0;0
FR;10;2022-09-25;0;0;0;0;0;0;0;0;0;0;0;0;0;0;0;0;0;0
FR;10;2022-09-26;0;0;0;0;0;0;0;0;0;0;0;0;0;0;0;0;0;0
FR;10;2022-09-27;0;0;0;0;0;0;0;0;0;0;0;0;0;0;0;0;0;0
FR;10;2022-09-28;0;0;0;0;0;0;0;0;0;0;0;0;0;0;0;0;0;0
FR;10;2022-09-29;0;0;0;0;0;0;0;0;0;0;0;0;0;0;0;0;0;0
FR;10;2022-09-30;0;0;0;0;0;0;0;0;0;0;0;0;0;0;0;0;0;0
FR;10;2022-10-01;0;0;0;0;0;0;0;0;0;0;0;0;0;0;0;0;0;0
FR;10;2022-10-02;0;0;0;0;0;0;0;0;0;0;0;0;0;0;0;0;0;0
FR;10;2022-10-03;0;0;0;0;0;0;0;0;0;0;0;0;0;0;0;0;0;0
FR;10;2022-10-04;0;0;0;0;0;0;0;0;0;0;0;0;0;0;0;0;0;0
FR;10;2022-10-05;0;0;0;0;0;0;0;0;0;0;0;0;0;0;0;0;0;0
FR;10;2022-10-06;0;0;0;0;0;0;0;0;0;0;0;0;0;0;0;0;0;0
FR;10;2022-10-07;0;0;0;0;0;0;0;0;0;0;0;0;0;0;0;0;0;0
FR;10;2022-10-08;0;0;0;0;0;0;0;0;0;0;0;0;0;0;0;0;0;0
FR;10;2022-10-09;0;0;0;0;0;0;0;0;0;0;0;0;0;0;0;0;0;0
FR;10;2022-10-10;0;0;0;0;0;0;0;0;0;0;0;0;0;0;0;0;0;0
FR;10;2022-10-11;0;0;0;0;0;0;0;0;0;0;0;0;0;0;0;0;0;0
FR;10;2022-10-12;0;0;0;0;0;0;0;0;0;0;0;0;0;0;0;0;0;0
FR;10;2022-10-13;0;0;0;0;0;0;0;0;0;0;0;0;0;0;0;0;0;0
FR;10;2022-10-14;0;0;0;0;0;0;0;0;0;0;0;0;0;0;0;0;0;0
FR;10;2022-10-15;0;0;0;0;0;0;0;0;0;0;0;0;0;0;0;0;0;0
FR;10;2022-10-16;0;0;0;0;0;0;0;0;0;0;0;0;0;0;0;0;0;0
FR;10;2022-10-17;0;0;0;0;0;0;0;0;0;0;0;0;0;0;0;0;0;0
FR;10;2022-10-18;0;0;0;0;0;0;0;0;0;0;0;0;0;0;0;0;0;0
FR;10;2022-10-19;0;0;0;0;0;0;0;0;0;0;0;0;0;0;0;0;0;0
FR;10;2022-10-20;0;0;0;0;0;0;0;0;0;0;0;0;0;0;0;0;0;0
FR;10;2022-10-21;0;0;0;0;0;0;0;0;0;0;0;0;0;0;0;0;0;0
FR;10;2022-10-22;0;0;0;0;0;0;0;0;0;0;0;0;0;0;0;0;0;0
FR;10;2022-10-23;0;0;0;0;0;0;0;0;0;0;0;0;0;0;0;0;0;0
FR;10;2022-10-24;0;0;0;0;0;0;0;0;0;0;0;0;0;0;0;0;0;0
FR;10;2022-10-25;0;0;0;0;0;0;0;0;0;0;0;0;0;0;0;0;0;0
FR;10;2022-10-26;0;0;0;0;0;0;0;0;0;0;0;0;0;0;0;0;0;0
FR;10;2022-10-27;0;0;0;0;0;0;0;0;0;0;0;0;0;0;0;0;0;0
FR;10;2022-10-28;0;0;0;0;0;0;0;0;0;0;0;0;0;0;0;0;0;0
FR;10;2022-10-29;0;0;0;0;0;0;0;0;0;0;0;0;0;0;0;0;0;0
FR;10;2022-10-30;0;0;0;0;0;0;0;0;0;0;0;0;0;0;0;0;0;0
FR;10;2022-10-31;0;0;0;0;0;0;0;0;0;0;0;0;0;0;0;0;0;0
FR;10;2022-11-01;0;0;0;0;0;0;0;0;0;0;0;0;0;0;0;0;0;0
FR;10;2022-11-02;0;0;0;0;0;0;0;0;0;0;0;0;0;0;0;0;0;0
FR;10;2022-11-03;0;0;0;0;0;0;0;0;0;0;0;0;0;0;0;0;0;0
FR;10;2022-11-04;0;0;0;0;0;0;0;0;0;0;0;0;0;0;0;0;0;0
FR;10;2022-11-05;0;0;0;0;0;0;0;0;0;0;0;0;0;0;0;0;0;0
FR;10;2022-11-06;0;0;0;0;0;0;0;0;0;0;0;0;0;0;0;0;0;0
FR;10;2022-11-07;0;0;0;0;0;0;0;0;0;0;0;0;0;0;0;0;0;0
FR;10;2022-11-08;0;0;0;0;0;0;0;0;0;0;0;0;0;0;0;0;0;0
FR;10;2022-11-09;0;0;0;0;0;0;0;0;0;0;0;0;0;0;0;0;0;0
FR;10;2022-11-10;0;0;0;0;0;0;0;0;0;0;0;0;0;0;0;0;0;0
FR;10;2022-11-11;0;0;0;0;0;0;0;0;0;0;0;0;0;0;0;0;0;0
FR;10;2022-11-12;0;0;0;0;0;0;0;0;0;0;0;0;0;0;0;0;0;0
FR;10;2022-11-13;0;0;0;0;0;0;0;0;0;0;0;0;0;0;0;0;0;0
FR;10;2022-11-14;0;0;0;0;0;0;0;0;0;0;0;0;0;0;0;0;0;0
FR;10;2022-11-15;0;0;0;0;0;0;0;0;0;0;0;0;0;0;0;0;0;0
FR;10;2022-11-16;0;0;0;0;0;0;0;0;0;0;0;0;0;0;0;0;0;0
FR;10;2022-11-17;0;0;0;0;0;0;0;0;0;0;0;0;0;0;0;0;0;0
FR;10;2022-11-18;0;0;0;0;0;0;0;0;0;0;0;0;0;0;0;0;0;0
FR;10;2022-11-19;0;0;0;0;0;0;0;0;0;0;0;0;0;0;0;0;0;0
FR;10;2022-11-20;0;0;0;0;0;0;0;0;0;0;0;0;0;0;0;0;0;0
FR;10;2022-11-21;0;0;0;0;0;0;0;0;0;0;0;0;0;0;0;0;0;0
FR;10;2022-11-22;0;0;0;0;0;0;0;0;0;0;0;0;0;0;0;0;0;0
FR;10;2022-11-23;0;0;0;0;0;0;0;0;0;0;0;0;0;0;0;0;0;0
FR;10;2022-11-24;0;0;0;0;0;0;0;0;0;0;0;0;0;0;0;0;0;0
FR;10;2022-11-25;0;0;0;0;0;0;0;0;0;0;0;0;0;0;0;0;0;0
FR;10;2022-11-26;0;0;0;0;0;0;0;0;0;0;0;0;0;0;0;0;0;0
FR;10;2022-11-27;0;0;0;0;0;0;0;0;0;0;0;0;0;0;0;0;0;0
FR;10;2022-11-28;0;0;0;0;0;0;0;0;0;0;0;0;0;0;0;0;0;0
FR;10;2022-11-29;0;0;0;0;0;0;0;0;0;0;0;0;0;0;0;0;0;0
FR;10;2022-11-30;0;0;0;0;0;0;0;0;0;0;0;0;0;0;0;0;0;0
FR;10;2022-12-01;0;0;0;0;0;0;0;0;0;0;0;0;0;0;0;0;0;0
FR;10;2022-12-02;0;0;0;0;0;0;0;0;0;0;0;0;0;0;0;0;0;0
FR;10;2022-12-03;0;0;0;0;0;0;0;0;0;0;0;0;0;0;0;0;0;0
FR;10;2022-12-04;0;0;0;0;0;0;0;0;0;0;0;0;0;0;0;0;0;0
FR;10;2022-12-05;0;0;0;0;0;0;0;0;0;0;0;0;0;0;0;0;0;0
FR;10;2022-12-06;0;0;0;0;0;0;0;0;0;0;0;0;0;0;0;0;0;0
FR;10;2022-12-07;0;0;0;0;0;0;0;0;0;0;0;0;0;0;0;0;0;0
FR;10;2022-12-08;0;0;0;0;0;0;0;0;0;0;0;0;0;0;0;0;0;0
FR;10;2022-12-09;0;0;0;0;0;0;0;0;0;0;0;0;0;0;0;0;0;0
FR;10;2022-12-10;0;0;0;0;0;0;0;0;0;0;0;0;0;0;0;0;0;0
FR;10;2022-12-11;0;0;0;0;0;0;0;0;0;0;0;0;0;0;0;0;0;0
FR;10;2022-12-12;0;0;0;0;0;0;0;0;0;0;0;0;0;0;0;0;0;0
FR;10;2022-12-13;0;0;0;0;0;0;0;0;0;0;0;0;0;0;0;0;0;0
FR;10;2022-12-14;0;0;0;0;0;0;0;0;0;0;0;0;0;0;0;0;0;0
FR;10;2022-12-15;0;0;0;0;0;0;0;0;0;0;0;0;0;0;0;0;0;0
FR;10;2022-12-16;0;0;0;0;0;0;0;0;0;0;0;0;0;0;0;0;0;0
FR;10;2022-12-17;0;0;0;0;0;0;0;0;0;0;0;0;0;0;0;0;0;0
FR;10;2022-12-18;0;0;0;0;0;0;0;0;0;0;0;0;0;0;0;0;0;0
FR;10;2022-12-19;0;0;0;0;0;0;0;0;0;0;0;0;0;0;0;0;0;0
FR;10;2022-12-20;0;0;0;0;0;0;0;0;0;0;0;0;0;0;0;0;0;0
FR;10;2022-12-21;0;0;0;0;0;0;0;0;0;0;0;0;0;0;0;0;0;0
FR;10;2022-12-22;0;0;0;1;0;0;1;0;0;0;0;0;1;0;0;1;0;0
FR;10;2022-12-23;0;0;1;14;0;2;14;0;7;0;0;1;15;0;2;15;0;7
FR;10;2022-12-24;0;0;0;3;0;0;3;0;1;0;0;1;18;0;2;18;0;8
FR;10;2022-12-25;0;0;0;0;0;0;0;0;0;0;0;1;18;0;2;18;0;8
FR;10;2022-12-26;3;1;11;35;0;8;39;0;5;3;1;12;53;0;10;57;0;13
FR;10;2022-12-27;1;1;14;34;1;11;37;0;10;4;2;26;87;1;21;94;0;23
FR;10;2022-12-28;0;0;2;15;0;1;14;0;3;4;2;28;102;1;22;108;0;26
FR;10;2022-12-29;0;0;6;48;0;1;48;0;17;4;2;34;150;1;23;156;0;43
FR;10;2022-12-30;0;1;4;33;0;7;31;0;6;4;3;38;183;1;30;187;0;49
FR;10;2022-12-31;0;0;3;12;0;4;10;0;4;4;3;41;195;1;34;197;0;53
FR;10;2023-01-01;0;0;1;6;0;0;7;0;2;4;3;42;201;1;34;204;0;55
FR;10;2023-01-02;0;4;4;37;1;6;36;0;21;4;7;46;238;2;40;240;0;76
FR;10;2023-01-03;1;1;6;63;1;5;64;0;25;5;8;52;301;3;45;304;0;101
FR;10;2023-01-04;0;1;7;52;0;6;53;0;53;5;9;59;353;3;51;357;0;154
FR;10;2023-01-05;1;1;15;74;0;10;76;0;37;6;10;74;427;3;61;433;0;191
FR;10;2023-01-06;2;3;16;107;2;13;107;0;52;8;13;90;534;5;74;540;0;243
FR;10;2023-01-07;3;1;3;40;1;3;39;0;13;11;14;93;574;6;77;579;0;256
FR;10;2023-01-08;1;0;0;9;0;0;7;0;5;12;14;93;583;6;77;586;0;261
FR;10;2023-01-09;3;2;7;65;1;6;65;0;26;15;16;100;648;7;83;651;0;287
FR;10;2023-01-10;2;1;21;118;0;13;124;0;56;17;17;121;766;7;96;775;0;343
FR;10;2023-01-11;1;4;19;76;1;16;78;0;38;18;21;140;842;8;112;853;0;381
FR;0;2020-12-27;616;0;0;0;55;0;0;0;0;616;0;0;0;55;0;0;0;0
FR;0;2020-12-28;702;1;0;0;43;0;0;0;0;1318;1;0;0;98;0;0;0;0
FR;0;2020-12-29;387;0;0;0;19;0;0;0;0;1705;1;0;0;117;0;0;0;0
FR;0;2020-12-30;450;0;0;0;18;0;0;0;0;2155;1;0;0;135;0;0;0;0
FR;0;2020-12-31;447;1;0;0;23;0;0;0;0;2602;2;0;0;158;0;0;0;0
FR;0;2021-01-01;1190;2;0;0;65;0;0;0;0;3792;4;0;0;223;0;0;0;0
FR;0;2021-01-02;366;4;0;0;29;0;0;0;0;4158;8;0;0;252;0;0;0;0
FR;0;2021-01-03;417;0;0;0;23;0;0;0;0;4575;8;0;0;275;0;0;0;0
FR;0;2021-01-04;2134;5;0;0;51;0;0;0;0;6709;13;0;0;326;0;0;0;0
FR;0;2021-01-05;7769;6;0;0;128;0;0;0;0;14478;19;0;0;454;0;0;0;0
FR;0;2021-01-06;12472;23;0;0;127;0;0;0;0;26950;42;0;0;581;0;0;0;0
FR;0;2021-01-07;29477;23;0;0;159;0;0;0;0;56427;65;0;0;740;0;0;0;0
FR;0;2021-01-08;37168;34;0;0;203;0;0;0;0;93595;99;0;0;943;0;0;0;0
FR;0;2021-01-09;11220;9;0;0;77;0;0;0;0;104815;108;0;0;1020;0;0;0;0
FR;0;2021-01-10;6015;8;0;0;28;0;0;0;0;110830;116;0;0;1048;0;0;0;0
FR;0;2021-01-11;39954;39;0;0;232;0;0;0;0;150784;155;0;0;1280;0;0;0;0
FR;0;2021-01-12;62156;29;0;0;297;0;0;0;0;212940;184;0;0;1577;0;0;0;0
FR;0;2021-01-13;65146;62;0;0;433;0;0;0;0;278086;246;0;0;2010;0;0;0;0
FR;0;2021-01-14;83109;247;0;0;1172;0;0;0;0;361195;493;0;0;3182;0;0;0;0
FR;0;2021-01-15;69030;97;0;0;554;0;0;0;0;430225;590;0;0;3736;0;0;0;0
FR;0;2021-01-16;20219;73;0;0;184;0;0;0;0;450444;663;0;0;3920;0;0;0;0
FR;0;2021-01-17;10990;54;0;0;137;0;0;0;0;461434;717;0;0;4057;0;0;0;0
FR;0;2021-01-18;85918;180;0;0;616;0;0;0;0;547352;897;0;0;4673;0;0;0;0
FR;0;2021-01-19;130615;210;0;0;868;0;0;0;0;677967;1107;0;0;5541;0;0;0;0
FR;0;2021-01-20;137564;195;0;0;836;0;0;0;0;815531;1302;0;0;6377;0;0;0;0
FR;0;2021-01-21;158424;200;0;0;947;0;0;0;0;973955;1502;0;0;7324;0;0;0;0
FR;0;2021-01-22;121086;256;0;0;845;0;0;0;0;1095041;1758;0;0;8169;0;0;0;0
FR;0;2021-01-23;38491;83;0;0;220;0;0;0;0;1133532;1841;0;0;8389;0;0;0;0
FR;0;2021-01-24;9750;129;0;0;194;0;0;0;0;1143282;1970;0;0;8583;0;0;0;0
FR;0;2021-01-25;78251;1448;0;0;1799;0;0;0;0;1221533;3418;0;0;10382;0;0;0;0
FR;0;2021-01-26;100393;3699;1;0;4178;0;0;0;0;1321926;7117;1;0;14560;0;0;0;0
FR;0;2021-01-27;107262;6423;0;0;7138;0;0;0;0;1429188;13540;1;0;21698;0;0;0;0
FR;0;2021-01-28;124376;16390;0;0;17213;0;0;0;0;1553564;29930;1;0;38911;0;0;0;0
FR;0;2021-01-29;92201;18737;0;0;19312;0;0;0;0;1645765;48667;1;0;58223;0;0;0;0
FR;0;2021-01-30;29128;4521;0;0;4658;0;0;0;0;1674893;53188;1;0;62881;0;0;0;0
FR;0;2021-01-31;5240;1902;0;0;1947;0;0;0;0;1680133;55090;1;0;64828;0;0;0;0
FR;0;2021-02-01;53155;22962;0;0;23229;0;0;0;0;1733288;78052;1;0;88057;0;0;0;0
FR;0;2021-02-02;72333;38056;0;0;38546;0;0;0;0;1805621;116108;1;0;126603;0;0;0;0
FR;0;2021-02-03;72326;40104;0;0;40605;0;0;0;0;1877947;156212;1;0;167208;0;0;0;0
FR;0;2021-02-04;82090;54910;0;0;55502;0;0;0;0;1960037;211122;1;0;222710;0;0;0;0
FR;0;2021-02-05;68252;48105;0;0;48539;0;0;0;0;2028289;259227;1;0;271249;0;0;0;0
FR;0;2021-02-06;22957;11421;0;0;11661;0;0;0;0;2051246;270648;1;0;282910;0;0;0;0
FR;0;2021-02-07;5195;6054;0;0;6180;0;0;0;0;2056441;276702;1;0;289090;0;0;0;0
FR;0;2021-02-08;46854;48726;0;0;49204;0;0;0;0;2103295;325428;1;0;338294;0;0;0;0
FR;0;2021-02-09;66043;78243;0;0;79336;0;0;0;0;2169338;403671;1;0;417630;0;0;0;0
FR;0;2021-02-10;71038;83248;0;0;84543;0;0;0;0;2240376;486919;1;0;502173;0;0;0;0
FR;0;2021-02-11;87306;105314;0;0;107240;0;0;0;0;2327682;592233;1;0;609413;0;0;0;0
FR;0;2021-02-12;79351;76020;0;0;77758;0;0;0;0;2407033;668253;1;0;687171;0;0;0;0
FR;0;2021-02-13;22388;19520;0;0;19887;0;0;0;0;2429421;687773;1;0;707058;0;0;0;0
FR;0;2021-02-14;5080;7355;0;0;7483;0;0;0;0;2434501;695128;1;0;714541;0;0;0;0
FR;0;2021-02-15;38127;76766;0;0;77772;0;0;0;0;2472628;771894;1;0;792313;0;0;0;0
FR;0;2021-02-16;50416;99710;0;0;101041;0;0;0;0;2523044;871604;1;0;893354;0;0;0;0
FR;0;2021-02-17;50549;106795;20;0;108235;0;0;0;0;2573593;978399;21;0;1001589;0;0;0;0
FR;0;2021-02-18;69812;123535;0;0;125568;0;0;0;0;2643405;1101934;21;0;1127157;0;0;0;0
FR;0;2021-02-19;65089;92184;1;0;94065;0;0;0;0;2708494;1194118;22;0;1221222;0;0;0;0
FR;0;2021-02-20;18601;28566;0;0;28935;0;0;0;0;2727095;1222684;22;0;1250157;0;0;0;0
FR;0;2021-02-21;3334;6065;0;0;6170;0;0;0;0;2730429;1228749;22;0;1256327;0;0;0;0
FR;0;2021-02-22;37508;73199;2;0;74206;0;0;0;0;2767937;1301948;24;0;1330533;0;0;0;0
FR;0;2021-02-23;53803;85254;1;0;86763;0;0;0;0;2821740;1387202;25;0;1417296;0;0;0;0
FR;0;2021-02-24;60033;82877;1;0;84453;0;0;0;0;2881773;1470079;26;0;1501749;0;0;0;0
FR;0;2021-02-25;100608;91302;1;0;94287;0;0;0;0;2982381;1561381;27;0;1596036;0;0;0;0
FR;0;2021-02-26;113491;70740;1;0;73876;0;0;0;0;3095872;1632121;28;0;1669912;0;0;0;0
FR;0;2021-02-27;52129;22429;1;0;23671;0;0;0;0;3148001;1654550;29;0;1693583;0;0;0;0
FR;0;2021-02-28;6208;4130;2;0;4327;0;0;0;0;3154209;1658680;31;0;1697910;0;0;0;0
FR;0;2021-03-01;65937;54073;1;0;55936;0;0;0;0;3220146;1712753;32;0;1753846;0;0;0;0
FR;0;2021-03-02;101412;67196;3;0;70238;0;0;0;0;3321558;1779949;35;0;1824084;0;0;0;0
FR;0;2021-03-03;116555;65470;0;0;69151;0;0;0;0;3438113;1845419;35;0;1893235;0;0;0;0
FR;0;2021-03-04;163660;72544;3;0;78109;0;0;0;0;3601773;1917963;38;0;1971344;0;0;0;0
FR;0;2021-03-05;200957;62702;3;0;69430;0;0;0;0;3802730;1980665;41;0;2040774;0;0;0;0
FR;0;2021-03-06;207986;17503;3;0;22803;0;0;0;0;4010716;1998168;44;0;2063577;0;0;0;0
FR;0;2021-03-07;121292;4018;1;0;7312;0;0;0;0;4132008;2002186;45;0;2070889;0;0;0;0
FR;0;2021-03-08;107175;49589;2;0;53070;0;0;0;0;4239183;2051775;47;0;2123959;0;0;0;0
FR;0;2021-03-09;172487;56067;2;0;61552;0;0;0;0;4411670;2107842;49;0;2185511;0;0;0;0
FR;0;2021-03-10;179037;57075;5;0;62739;0;0;0;0;4590707;2164917;54;0;2248250;0;0;0;0
FR;0;2021-03-11;242929;63998;2;0;72084;0;0;0;0;4833636;2228915;56;0;2320334;0;0;0;0
FR;0;2021-03-12;294870;53376;1;0;62832;0;0;0;0;5128506;2282291;57;0;2383166;0;0;0;0
FR;0;2021-03-13;231441;15278;1;0;21256;0;0;0;0;5359947;2297569;58;0;2404422;0;0;0;0
FR;0;2021-03-14;63362;3070;1;0;5105;0;0;0;0;5423309;2300639;59;0;2409527;0;0;0;0
FR;0;2021-03-15;158694;31531;3;0;36181;0;0;0;0;5582003;2332170;62;0;2445708;0;0;0;0
FR;0;2021-03-16;141593;38809;6;0;42953;0;0;0;0;5723596;2370979;68;0;2488661;0;0;0;0
FR;0;2021-03-17;150516;37608;4;0;42372;0;0;0;0;5874112;2408587;72;0;2531033;0;0;0;0
FR;0;2021-03-18;167866;44369;5;0;49930;0;0;0;0;6041978;2452956;77;0;2580963;0;0;0;0
FR;0;2021-03-19;230051;36729;2;0;44085;0;0;0;0;6272029;2489685;79;0;2625048;0;0;0;0
FR;0;2021-03-20;166716;11393;1;0;16018;0;0;0;0;6438745;2501078;80;0;2641066;0;0;0;0
FR;0;2021-03-21;49953;2145;1;0;3903;0;0;0;0;6488698;2503223;81;0;2644969;0;0;0;0
FR;0;2021-03-22;170076;33540;2;0;39037;0;0;0;0;6658774;2536763;83;0;2684006;0;0;0;0
FR;0;2021-03-23;250432;42399;1;0;50237;0;0;0;0;6909206;2579162;84;0;2734243;0;0;0;0
FR;0;2021-03-24;256944;43550;0;0;51640;0;0;0;0;7166150;2622712;84;0;2785883;0;0;0;0
FR;0;2021-03-25;341866;45255;5;0;56254;0;0;0;0;7508016;2667967;89;0;2842137;0;0;0;0
FR;0;2021-03-26;358842;41789;5;1;53538;0;0;0;0;7866858;2709756;94;1;2895675;0;0;0;0
FR;0;2021-03-27;195294;16938;1;0;23381;0;0;0;0;8062152;2726694;95;1;2919056;0;0;0;0
FR;0;2021-03-28;59352;4569;3;0;6633;0;0;0;0;8121504;2731263;98;1;2925689;0;0;0;0
FR;0;2021-03-29;203013;53424;4;0;60177;0;0;0;0;8324517;2784687;102;1;2985866;0;0;0;0
FR;0;2021-03-30;285534;70007;5;0;80416;0;0;0;0;8610051;2854694;107;1;3066282;0;0;0;0
FR;0;2021-03-31;263074;73993;4;0;84668;0;0;0;0;8873125;2928687;111;1;3150950;0;0;0;0
FR;0;2021-04-01;315566;92712;11;0;106280;0;0;0;0;9188691;3021399;122;1;3257230;0;0;0;0
FR;0;2021-04-02;281379;94748;7;0;106571;0;0;0;0;9470070;3116147;129;1;3363801;0;0;0;0
FR;0;2021-04-03;141093;62574;6;0;67833;0;0;0;0;9611163;3178721;135;1;3431634;0;0;0;0
FR;0;2021-04-04;46547;19019;2;0;21071;0;0;0;0;9657710;3197740;137;1;3452705;0;0;0;0
FR;0;2021-04-05;63366;10407;11;0;13064;0;0;0;0;9721076;3208147;148;1;3465769;0;0;0;0
FR;0;2021-04-06;217266;112993;17;0;121842;0;0;0;0;9938342;3321140;165;1;3587611;0;0;0;0
FR;0;2021-04-07;260315;115279;17;0;126620;0;0;0;0;10198657;3436419;182;1;3714231;0;0;0;0
FR;0;2021-04-08;337909;123153;15;0;138773;0;0;0;0;10536566;3559572;197;1;3853004;0;0;0;0
FR;0;2021-04-09;410223;116861;49;0;134262;0;0;0;0;10946789;3676433;246;1;3987266;0;0;0;0
FR;0;2021-04-10;212658;82866;15;0;91256;0;0;0;0;11159447;3759299;261;1;4078522;0;0;0;0
FR;0;2021-04-11;56159;34182;7;0;36708;0;0;0;0;11215606;3793481;268;1;4115230;0;0;0;0
FR;0;2021-04-12;237118;115811;46;0;125409;0;0;0;0;11452724;3909292;314;1;4240639;0;0;0;0
FR;0;2021-04-13;309541;144172;98;1;157124;0;0;0;0;11762265;4053464;412;2;4397763;0;0;0;0
FR;0;2021-04-14;294583;139797;215;0;153168;0;0;0;0;12056848;4193261;627;2;4550931;0;0;0;0
FR;0;2021-04-15;337181;150434;340;0;165962;0;0;0;0;12394029;4343695;967;2;4716893;0;0;0;0
FR;0;2021-04-16;339357;146988;354;0;161643;0;0;0;0;12733386;4490683;1321;2;4878536;0;0;0;0
FR;0;2021-04-17;188689;89985;109;0;97682;0;0;0;0;12922075;4580668;1430;2;4976218;0;0;0;0
FR;0;2021-04-18;51640;35457;48;0;37877;0;0;0;0;12973715;4616125;1478;2;5014095;0;0;0;0
FR;0;2021-04-19;205745;138288;456;0;147439;0;0;0;0;13179460;4754413;1934;2;5161534;0;0;0;0
FR;0;2021-04-20;254482;171935;569;0;183591;0;0;0;0;13433942;4926348;2503;2;5345125;0;0;0;0
FR;0;2021-04-21;253319;170122;836;0;182139;0;0;0;0;13687261;5096470;3339;2;5527264;0;0;0;0
FR;0;2021-04-22;287621;190347;819;0;204937;0;0;0;0;13974882;5286817;4158;2;5732201;0;0;0;0
FR;0;2021-04-23;297693;184641;747;0;203400;0;0;0;0;14272575;5471458;4905;2;5935601;0;0;0;0
FR;0;2021-04-24;190481;112025;252;0;122477;0;0;0;0;14463056;5583483;5157;2;6058078;0;0;0;0
FR;0;2021-04-25;69575;38858;51;0;42589;0;0;0;0;14532631;5622341;5208;2;6100667;0;0;0;0
FR;0;2021-04-26;220999;158576;563;0;171768;0;0;0;0;14753630;5780917;5771;2;6272435;0;0;0;0
FR;0;2021-04-27;284650;188006;941;0;211321;0;0;0;0;15038280;5968923;6712;2;6483756;0;0;0;0
FR;0;2021-04-28;299566;184651;1426;1;209729;1;0;0;0;15337846;6153574;8138;3;6693485;1;0;0;0
FR;0;2021-04-29;357200;198170;1281;0;233253;0;0;0;0;15695046;6351744;9419;3;6926738;1;0;0;0
FR;0;2021-04-30;372258;186055;1124;1;225396;0;0;0;0;16067304;6537799;10543;4;7152134;1;0;0;0
FR;0;2021-05-01;167677;52526;179;0;63773;0;0;0;0;16234981;6590325;10722;4;7215907;1;0;0;0
FR;0;2021-05-02;91766;37851;83;0;43579;0;0;0;0;16326747;6628176;10805;4;7259486;1;0;0;0
FR;0;2021-05-03;288968;165380;843;0;185905;0;0;0;0;16615715;6793556;11648;4;7445391;1;0;0;0
FR;0;2021-05-04;315750;225514;1237;0;251689;0;0;0;0;16931465;7019070;12885;4;7697080;1;0;0;0
FR;0;2021-05-05;327283;226544;1316;0;251615;0;0;0;0;17258748;7245614;14201;4;7948695;1;0;0;0
FR;0;2021-05-06;379591;241110;1634;0;275366;0;0;0;0;17638339;7486724;15835;4;8224061;1;0;0;0
FR;0;2021-05-07;372820;258816;1224;0;299874;0;0;0;0;18011159;7745540;17059;4;8523935;1;0;0;0
FR;0;2021-05-08;222186;71301;300;0;86511;0;0;0;0;18233345;7816841;17359;4;8610446;1;0;0;0
FR;0;2021-05-09;129728;44618;243;0;53254;0;0;0;0;18363073;7861459;17602;4;8663700;1;0;0;0
FR;0;2021-05-10;313425;229675;1238;0;255457;0;0;0;0;18676498;8091134;18840;4;8919157;1;0;0;0
FR;0;2021-05-11;403970;258365;1566;0;296792;0;0;0;0;19080468;8349499;20406;4;9215949;1;0;0;0
FR;0;2021-05-12;434193;233844;1544;0;270136;0;0;0;0;19514661;8583343;21950;4;9486085;1;0;0;0
FR;0;2021-05-13;338636;56464;432;0;77957;0;0;0;0;19853297;8639807;22382;4;9564042;1;0;0;0
FR;0;2021-05-14;454182;167496;1127;0;203103;0;0;0;0;20307479;8807303;23509;4;9767145;1;0;0;0
FR;0;2021-05-15;375010;94381;444;0;120777;0;0;0;0;20682489;8901684;23953;4;9887922;1;0;0;0
FR;0;2021-05-16;202774;20695;168;0;34095;0;0;0;0;20885263;8922379;24121;4;9922017;1;0;0;0
FR;0;2021-05-17;376155;148858;1555;0;178651;0;0;0;0;21261418;9071237;25676;4;10100668;1;0;0;0
FR;0;2021-05-18;460200;154079;1991;0;193230;0;0;0;0;21721618;9225316;27667;4;10293898;1;0;0;0
FR;0;2021-05-19;467458;142622;2465;0;179890;0;0;0;0;22189076;9367938;30132;4;10473788;1;0;0;0
FR;0;2021-05-20;507585;160276;2340;0;204250;0;0;0;0;22696661;9528214;32472;4;10678038;1;0;0;0
FR;0;2021-05-21;489721;175216;1996;0;221768;0;0;0;0;23186382;9703430;34468;4;10899806;1;0;0;0
FR;0;2021-05-22;347224;80215;670;0;108640;0;0;0;0;23533606;9783645;35138;4;11008446;1;0;0;0
FR;0;2021-05-23;161712;14219;246;0;26690;0;0;0;0;23695318;9797864;35384;4;11035136;1;0;0;0
FR;0;2021-05-24;263216;33104;604;0;52942;0;0;0;0;23958534;9830968;35988;4;11088078;1;0;0;0
FR;0;2021-05-25;400307;190440;2357;1;227001;0;0;0;0;24358841;10021408;38345;5;11315079;1;0;0;0
FR;0;2021-05-26;413495;191085;2227;0;229145;0;0;0;0;24772336;10212493;40572;5;11544224;1;0;0;0
FR;0;2021-05-27;449856;219985;2163;0;267129;0;0;0;0;25222192;10432478;42735;5;11811353;1;0;0;0
FR;0;2021-05-28;429595;261075;1895;0;319174;0;0;0;0;25651787;10693553;44630;5;12130527;1;0;0;0
FR;0;2021-05-29;299005;150468;586;0;183326;0;0;0;0;25950792;10844021;45216;5;12313853;1;0;0;0
FR;0;2021-05-30;107155;32516;164;0;42102;0;0;0;0;26057947;10876537;45380;5;12355955;1;0;0;0
FR;0;2021-05-31;358076;203461;1473;1;241748;1;0;0;0;26416023;11079998;46853;6;12597703;2;0;0;0
FR;0;2021-06-01;431119;251244;1969;1;302888;1;0;0;0;26847142;11331242;48822;7;12900591;3;0;0;0
FR;0;2021-06-02;420153;232625;1985;0;280012;0;0;0;0;27267295;11563867;50807;7;13180603;3;0;0;0
FR;0;2021-06-03;465672;257743;1826;0;312517;0;0;0;0;27732967;11821610;52633;7;13493120;3;0;0;0
FR;0;2021-06-04;456287;305818;1735;1;363223;1;0;0;0;28189254;12127428;54368;8;13856343;4;0;0;0
FR;0;2021-06-05;304831;189552;653;0;222773;0;0;0;0;28494085;12316980;55021;8;14079116;4;0;0;0
FR;0;2021-06-06;133336;49025;226;0;61167;0;0;0;0;28627421;12366005;55247;8;14140283;4;0;0;0
FR;0;2021-06-07;340013;261501;1529;0;298597;0;0;0;0;28967434;12627506;56776;8;14438880;4;0;0;0
FR;0;2021-06-08;393940;291373;1806;0;338248;0;0;0;0;29361374;12918879;58582;8;14777128;4;0;0;0
FR;0;2021-06-09;384927;273836;1734;0;318251;0;0;0;0;29746301;13192715;60316;8;15095379;4;0;0;0
FR;0;2021-06-10;404231;286487;1727;1;335927;0;0;0;0;30150532;13479202;62043;9;15431306;4;0;0;0
FR;0;2021-06-11;386702;356522;1467;1;406960;0;0;0;0;30537234;13835724;63510;10;15838266;4;0;0;0
FR;0;2021-06-12;283290;210993;497;0;243139;0;0;0;0;30820524;14046717;64007;10;16081405;4;0;0;0
FR;0;2021-06-13;104900;73847;204;0;84837;0;0;0;0;30925424;14120564;64211;10;16166242;4;0;0;0
FR;0;2021-06-14;240870;354097;1429;1;383281;0;0;0;0;31166294;14474661;65640;11;16549523;4;0;0;0
FR;0;2021-06-15;308212;384383;1574;1;423155;0;0;0;0;31474506;14859044;67214;12;16972678;4;0;0;0
FR;0;2021-06-16;314012;357552;1418;1;395316;0;0;0;0;31788518;15216596;68632;13;17367994;4;0;0;0
FR;0;2021-06-17;317722;373090;1432;1;414277;0;0;0;0;32106240;15589686;70064;14;17782271;4;0;0;0
FR;0;2021-06-18;321780;442597;1342;1;485994;0;0;0;0;32428020;16032283;71406;15;18268265;4;0;0;0
FR;0;2021-06-19;224359;274008;449;0;301197;0;0;0;0;32652379;16306291;71855;15;18569462;4;0;0;0
FR;0;2021-06-20;74455;102292;130;0;111486;0;0;0;0;32726834;16408583;71985;15;18680948;4;0;0;0
FR;0;2021-06-21;195806;401724;1038;1;427687;1;0;0;0;32922640;16810307;73023;16;19108635;5;0;0;0
FR;0;2021-06-22;223232;467715;1266;10;500373;1;0;0;0;33145872;17278022;74289;26;19609008;6;0;0;0
FR;0;2021-06-23;234064;440060;1198;1;474166;1;0;0;0;33379936;17718082;75487;27;20083174;7;0;0;0
FR;0;2021-06-24;241894;409671;1359;0;447168;0;0;0;0;33621830;18127753;76846;27;20530342;7;0;0;0
FR;0;2021-06-25;227664;522997;1403;0;561997;0;0;0;0;33849494;18650750;78249;27;21092339;7;0;0;0
FR;0;2021-06-26;153285;371042;587;1;395844;0;0;0;0;34002779;19021792;78836;28;21488183;7;0;0;0
FR;0;2021-06-27;55918;155960;169;1;164874;0;0;0;0;34058697;19177752;79005;29;21653057;7;0;0;0
FR;0;2021-06-28;154804;452514;1177;0;478113;0;0;0;0;34213501;19630266;80182;29;22131170;7;0;0;0
FR;0;2021-06-29;182732;507733;2123;0;539119;0;0;0;0;34396233;20137999;82305;29;22670289;7;0;0;0
FR;0;2021-06-30;204038;485167;2015;21;519447;2;0;0;0;34600271;20623166;84320;50;23189736;9;0;0;0
FR;0;2021-07-01;231442;458486;2225;5;498444;0;0;0;0;34831713;21081652;86545;55;23688180;9;0;0;0
FR;0;2021-07-02;228702;519996;2120;5;562321;2;0;0;0;35060415;21601648;88665;60;24250501;11;0;0;0
FR;0;2021-07-03;142055;368761;908;3;395255;1;0;0;0;35202470;21970409;89573;63;24645756;12;0;0;0
FR;0;2021-07-04;56760;141013;265;0;150707;0;0;0;0;35259230;22111422;89838;63;24796463;12;0;0;0
FR;0;2021-07-05;168536;418665;1668;8;448611;0;0;0;0;35427766;22530087;91506;71;25245074;12;0;0;0
FR;0;2021-07-06;196801;474505;1830;45;511108;8;0;0;0;35624567;23004592;93336;116;25756182;20;0;0;0
FR;0;2021-07-07;213236;438957;1881;25;477428;2;0;0;0;35837803;23443549;95217;141;26233610;22;0;0;0
FR;0;2021-07-08;231666;424108;2089;20;468056;2;0;0;0;36069469;23867657;97306;161;26701666;24;0;0;0
FR;0;2021-07-09;228638;511074;2185;4;557385;2;0;0;0;36298107;24378731;99491;165;27259051;26;0;0;0
FR;0;2021-07-10;148631;339910;986;1;368854;1;0;0;0;36446738;24718641;100477;166;27627905;27;0;0;0
FR;0;2021-07-11;60212;110050;283;0;120967;0;0;0;0;36506950;24828691;100760;166;27748872;27;0;0;0
FR;0;2021-07-12;169436;477733;1765;4;512484;0;0;0;0;36676386;25306424;102525;170;28261356;27;0;0;0
FR;0;2021-07-13;287295;526629;2050;8;585682;0;0;0;0;36963681;25833053;104575;178;28847038;27;0;0;0
FR;0;2021-07-14;181120;157356;435;0;186675;0;0;0;0;37144801;25990409;105010;178;29033713;27;0;0;0
FR;0;2021-07-15;347122;501618;2100;1;571601;0;0;0;0;37491923;26492027;107110;179;29605314;27;0;0;0
FR;0;2021-07-16;380122;495021;2023;3;574218;1;0;0;0;37872045;26987048;109133;182;30179532;28;0;0;0
FR;0;2021-07-17;259747;319633;877;1;368601;0;0;0;0;38131792;27306681;110010;183;30548133;28;0;0;0
FR;0;2021-07-18;109739;114567;310;0;133011;0;0;0;0;38241531;27421248;110320;183;30681144;28;0;0;0
FR;0;2021-07-19;285517;423938;1631;3;478969;0;0;0;0;38527048;27845186;111951;186;31160113;28;0;0;0
FR;0;2021-07-20;376937;451240;1725;0;523594;0;0;0;0;38903985;28296426;113676;186;31683707;28;0;0;0
FR;0;2021-07-21;395831;406916;1550;4;481940;1;0;0;0;39299816;28703342;115226;190;32165647;29;0;0;0
FR;0;2021-07-22;441074;387325;1715;4;471833;2;0;0;0;39740890;29090667;116941;194;32637480;31;0;0;0
FR;0;2021-07-23;440344;422051;1883;4;510041;1;0;0;0;40181234;29512718;118824;198;33147521;32;0;0;0
FR;0;2021-07-24;285265;269302;804;1;322000;0;0;0;0;40466499;29782020;119628;199;33469521;32;0;0;0
FR;0;2021-07-25;121125;79916;234;0;100279;0;0;0;0;40587624;29861936;119862;199;33569800;32;0;0;0
FR;0;2021-07-26;347442;322173;1614;3;384743;1;0;0;0;40935066;30184109;121476;202;33954543;33;0;0;0
FR;0;2021-07-27;464098;319298;1698;4;400456;1;0;0;0;41399164;30503407;123174;206;34354999;34;0;0;0
FR;0;2021-07-28;459463;289350;1637;4;366983;1;0;0;0;41858627;30792757;124811;210;34721982;35;0;0;0
FR;0;2021-07-29;489851;276134;1797;2;357034;0;0;0;0;42348478;31068891;126608;212;35079016;35;0;0;0
FR;0;2021-07-30;461848;302373;1942;5;380887;1;0;0;0;42810326;31371264;128550;217;35459903;36;0;0;0
FR;0;2021-07-31;285415;185014;916;1;231523;0;0;0;0;43095741;31556278;129466;218;35691426;36;0;0;0
FR;0;2021-08-01;112040;49916;257;0;65696;0;0;0;0;43207781;31606194;129723;218;35757122;36;0;0;0
FR;0;2021-08-02;341662;234038;1602;2;284755;0;0;0;0;43549443;31840232;131325;220;36041877;36;0;0;0
FR;0;2021-08-03;398636;244467;1728;2;304563;1;0;0;0;43948079;32084699;133053;222;36346440;37;0;0;0
FR;0;2021-08-04;384879;209530;1594;6;265666;3;0;0;0;44332958;32294229;134647;228;36612106;40;0;0;0
FR;0;2021-08-05;366192;228352;1711;0;281744;0;0;0;0;44699150;32522581;136358;228;36893850;40;0;0;0
FR;0;2021-08-06;359746;271207;1835;4;326618;0;0;0;0;45058896;32793788;138193;232;37220468;40;0;0;0
FR;0;2021-08-07;213139;178320;756;5;210061;1;0;0;0;45272035;32972108;138949;237;37430529;41;0;0;0
FR;0;2021-08-08;74201;63186;276;0;73619;0;0;0;0;45346236;33035294;139225;237;37504148;41;0;0;0
FR;0;2021-08-09;258769;258603;1548;4;297536;2;0;0;0;45605005;33293897;140773;241;37801684;43;0;0;0
FR;0;2021-08-10;306889;277085;1663;2;323499;0;0;0;0;45911894;33570982;142436;243;38125183;43;0;0;0
FR;0;2021-08-11;279759;259570;1441;5;301655;0;0;0;0;46191653;33830552;143877;248;38426838;43;0;0;0
FR;0;2021-08-12;271560;278040;1668;3;320329;0;0;0;0;46463213;34108592;145545;251;38747167;43;0;0;0
FR;0;2021-08-13;252167;278089;1594;3;316945;2;0;0;0;46715380;34386681;147139;254;39064112;45;0;0;0
FR;0;2021-08-14;145356;197081;740;0;219020;0;0;0;0;46860736;34583762;147879;254;39283132;45;0;0;0
FR;0;2021-08-15;39398;50095;218;1;55679;0;0;0;0;46900134;34633857;148097;255;39338811;45;0;0;0
FR;0;2021-08-16;186195;317501;1542;0;345442;0;0;0;0;47086329;34951358;149639;255;39684253;45;0;0;0
FR;0;2021-08-17;215706;335815;1638;7;368862;0;0;0;0;47302035;35287173;151277;262;40053115;45;0;0;0
FR;0;2021-08-18;199067;324365;1599;7;354545;4;0;0;0;47501102;35611538;152876;269;40407660;49;0;0;0
FR;0;2021-08-19;192045;325414;1642;1;355995;0;0;0;0;47693147;35936952;154518;270;40763655;49;0;0;0
FR;0;2021-08-20;186486;366186;1820;3;396643;2;0;0;0;47879633;36303138;156338;273;41160298;51;0;0;0
FR;0;2021-08-21;104806;238127;709;0;254568;0;0;0;0;47984439;36541265;157047;273;41414866;51;0;0;0
FR;0;2021-08-22;31946;87210;256;1;92164;1;0;0;0;48016385;36628475;157303;274;41507030;52;0;0;0
FR;0;2021-08-23;140994;356998;1561;3;379611;0;0;0;0;48157379;36985473;158864;277;41886641;52;0;0;0
FR;0;2021-08-24;162513;376615;1850;5;402886;0;0;0;0;48319892;37362088;160714;282;42289527;52;0;0;0
FR;0;2021-08-25;151160;350712;2037;8;375430;2;0;0;0;48471052;37712800;162751;290;42664957;54;0;0;0
FR;0;2021-08-26;142889;342742;2561;10;367570;0;0;0;0;48613941;38055542;165312;300;43032527;54;0;0;0
FR;0;2021-08-27;148460;388241;2791;11;414930;1;0;0;0;48762401;38443783;168103;311;43447457;55;0;0;0
FR;0;2021-08-28;90677;249628;1407;0;264971;0;0;0;0;48853078;38693411;169510;311;43712428;55;0;0;0
FR;0;2021-08-29;27324;83340;518;1;88258;0;0;0;0;48880402;38776751;170028;312;43800686;55;0;0;0
FR;0;2021-08-30;117428;324584;4714;6;342398;5853;0;0;0;48997830;39101335;174742;318;44143084;5908;0;0;0
FR;0;2021-08-31;128827;334453;10189;19;353935;11775;2;0;0;49126657;39435788;184931;337;44497019;17683;2;0;0
FR;0;2021-09-01;136164;285663;22436;8;302427;24409;1;0;0;49262821;39721451;207367;345;44799446;42092;3;0;0
FR;0;2021-09-02;114658;247200;26524;20;262111;29004;0;0;0;49377479;39968651;233891;365;45061557;71096;3;0;0
FR;0;2021-09-03;118322;292655;29967;24;309328;33074;1;0;0;49495801;40261306;263858;389;45370885;104170;4;0;0
FR;0;2021-09-04;89891;217787;12587;12;230502;14148;7;0;0;49585692;40479093;276445;401;45601387;118318;11;0;0
FR;0;2021-09-05;21361;44801;4397;2;48286;4717;0;0;0;49607053;40523894;280842;403;45649673;123035;11;0;0
FR;0;2021-09-06;75699;180520;31956;16;190704;34307;2;0;0;49682752;40704414;312798;419;45840377;157342;13;0;0
FR;0;2021-09-07;80316;181185;33249;43;191076;36309;2;0;0;49763068;40885599;346047;462;46031453;193651;15;0;0
FR;0;2021-09-08;91008;206078;29667;28;216580;32572;4;0;0;49854076;41091677;375714;490;46248033;226223;19;0;0
FR;0;2021-09-09;76959;165301;33084;27;174118;36696;5;0;0;49931035;41256978;408798;517;46422151;262919;24;0;0
FR;0;2021-09-10;96044;203813;35743;28;214922;40781;7;0;0;50027079;41460791;444541;545;46637073;303700;31;0;0
FR;0;2021-09-11;67167;169318;12140;19;178187;14401;0;0;0;50094246;41630109;456681;564;46815260;318101;31;0;0
FR;0;2021-09-12;12827;32097;2782;1;34146;3188;2;0;0;50107073;41662206;459463;565;46849406;321289;33;0;0
FR;0;2021-09-13;64577;126183;41246;35;134216;44257;17;0;0;50171650;41788389;500709;600;46983622;365546;50;0;0
FR;0;2021-09-14;73497;129008;56384;80;135775;62422;42;0;0;50245147;41917397;557093;680;47119397;427968;92;0;0
FR;0;2021-09-15;76654;167741;55669;58;174697;54846;77;0;0;50321801;42085138;612762;738;47294094;482814;169;0;0
FR;0;2021-09-16;63890;114502;60099;82;117887;60167;67;0;0;50385691;42199640;672861;820;47411981;542981;236;0;0
FR;0;2021-09-17;75089;156846;53859;71;159734;57347;68;0;0;50460780;42356486;726720;891;47571715;600328;304;0;0
FR;0;2021-09-18;48242;139627;15602;25;144312;17319;20;0;0;50509022;42496113;742322;916;47716027;617647;324;0;0
FR;0;2021-09-19;7908;23655;2441;1;24885;2618;1;0;0;50516930;42519768;744763;917;47740912;620265;325;0;0
FR;0;2021-09-20;44579;93746;50088;72;96238;50345;36;0;0;50561509;42613514;794851;989;47837150;670610;361;0;0
FR;0;2021-09-21;45911;98371;62769;77;98383;63506;79;0;0;50607420;42711885;857620;1066;47935533;734116;440;0;0
FR;0;2021-09-22;48699;142396;55381;82;144844;55475;47;0;0;50656119;42854281;913001;1148;48080377;789591;487;0;0
FR;0;2021-09-23;43293;92065;62404;95;91275;63589;87;0;0;50699412;42946346;975405;1243;48171652;853180;574;0;0
FR;0;2021-09-24;52316;133298;54565;107;132402;59224;78;0;0;50751728;43079644;1029970;1350;48304054;912404;652;0;0
FR;0;2021-09-25;35221;115661;16276;36;118651;18314;22;0;0;50786949;43195305;1046246;1386;48422705;930718;674;0;0
FR;0;2021-09-26;5558;17801;2273;5;18685;2332;5;0;0;50792507;43213106;1048519;1391;48441390;933050;679;0;0
FR;0;2021-09-27;33984;76912;47204;97;78800;48186;83;0;1;50826491;43290018;1095723;1488;48520190;981236;762;0;1
FR;0;2021-09-28;36523;75251;54977;90;74338;56591;47;0;0;50863014;43365269;1150700;1578;48594528;1037827;809;0;1
FR;0;2021-09-29;44423;100705;53371;112;102866;54905;43;0;0;50907437;43465974;1204071;1690;48697394;1092732;852;0;1
FR;0;2021-09-30;36346;72977;57045;96;71482;59607;58;0;0;50943783;43538951;1261116;1786;48768876;1152339;910;0;1
FR;0;2021-10-01;61717;102854;57831;108;101424;64003;24;0;0;51005500;43641805;1318947;1894;48870300;1216342;934;0;1
FR;0;2021-10-02;39471;78446;20964;39;81729;23385;12;0;0;51044971;43720251;1339911;1933;48952029;1239727;946;0;1
FR;0;2021-10-03;5289;10494;2535;4;11260;2543;4;0;0;51050260;43730745;1342446;1937;48963289;1242270;950;0;1
FR;0;2021-10-04;35201;58501;52634;84;59504;54855;37;0;0;51085461;43789246;1395080;2021;49022793;1297125;987;0;1
FR;0;2021-10-05;33929;64364;61029;135;62101;65114;50;0;0;51119390;43853610;1456109;2156;49084894;1362239;1037;0;1
FR;0;2021-10-06;42725;79284;65760;112;80165;68378;29;0;0;51162115;43932894;1521869;2268;49165059;1430617;1066;0;1
FR;0;2021-10-07;30572;62277;65446;89;59501;68890;39;0;0;51192687;43995171;1587315;2357;49224560;1499507;1105;0;1
FR;0;2021-10-08;49484;91943;77772;111;89889;84811;39;0;0;51242171;44087114;1665087;2468;49314449;1584318;1144;0;1
FR;0;2021-10-09;33677;60942;31548;35;64140;33928;17;0;0;51275848;44148056;1696635;2503;49378589;1618246;1161;0;1
FR;0;2021-10-10;4721;7427;3198;9;7944;3476;2;0;0;51280569;44155483;1699833;2512;49386533;1621722;1163;0;1
FR;0;2021-10-11;30731;49887;61047;105;50606;64108;51;0;0;51311300;44205370;1760880;2617;49437139;1685830;1214;0;1
FR;0;2021-10-12;31644;54484;70632;141;51330;76033;28;0;0;51342944;44259854;1831512;2758;49488469;1761863;1242;0;1
FR;0;2021-10-13;40165;62832;74441;137;62800;79379;30;0;1;51383109;44322686;1905953;2895;49551269;1841242;1272;0;2
FR;0;2021-10-14;30361;52868;68776;116;49699;73859;35;0;0;51413470;44375554;1974729;3011;49600968;1915101;1307;0;2
FR;0;2021-10-15;44952;75237;93245;191;70337;103042;26;0;0;51458422;44450791;2067974;3202;49671305;2018143;1333;0;2
FR;0;2021-10-16;31332;44099;36699;44;46704;39662;16;0;0;51489754;44494890;2104673;3246;49718009;2057805;1349;0;2
FR;0;2021-10-17;3892;5226;3603;2;5674;3673;4;0;0;51493646;44500116;2108276;3248;49723683;2061478;1353;0;2
FR;0;2021-10-18;29213;42347;67517;134;42568;71374;28;0;0;51522859;44542463;2175793;3382;49766251;2132852;1381;0;2
FR;0;2021-10-19;27195;45548;76427;140;43215;81670;45;0;0;51550054;44588011;2252220;3522;49809466;2214522;1426;0;2
FR;0;2021-10-20;35342;52401;96956;181;51810;101573;45;0;0;51585396;44640412;2349176;3703;49861276;2316095;1471;0;2
FR;0;2021-10-21;26164;45165;83989;112;41964;89182;32;0;0;51611560;44685577;2433165;3815;49903240;2405277;1503;0;2
FR;0;2021-10-22;38449;62494;104923;200;59368;112644;61;0;0;51650009;44748071;2538088;4015;49962608;2517921;1564;0;2
FR;0;2021-10-23;27034;41202;45465;57;42432;48637;14;0;0;51677043;44789273;2583553;4072;50005040;2566558;1578;0;2
FR;0;2021-10-24;2946;4766;3685;6;5015;3924;1;0;0;51679989;44794039;2587238;4078;50010055;2570482;1579;0;2
FR;0;2021-10-25;26103;36226;82345;144;35503;86675;39;0;0;51706092;44830265;2669583;4222;50045558;2657157;1618;0;2
FR;0;2021-10-26;23769;34990;87280;166;32165;92404;36;0;0;51729861;44865255;2756863;4388;50077723;2749561;1654;0;2
FR;0;2021-10-27;30116;46316;109030;257;44055;114752;50;0;0;51759977;44911571;2865893;4645;50121778;2864313;1704;0;2
FR;0;2021-10-28;23608;34928;88740;153;31202;94531;37;0;0;51783585;44946499;2954633;4798;50152980;2958844;1741;0;2
FR;0;2021-10-29;31586;51448;117345;206;46499;125428;55;0;0;51815171;44997947;3071978;5004;50199479;3084272;1796;0;2
FR;0;2021-10-30;20578;33231;50360;76;32926;53422;20;0;0;51835749;45031178;3122338;5080;50232405;3137694;1816;0;2
FR;0;2021-10-31;2517;3735;3594;3;3845;3882;3;0;0;51838266;45034913;3125932;5083;50236250;3141576;1819;0;2
FR;0;2021-11-01;8534;4868;3223;3;5021;3586;10;0;0;51846800;45039781;3129155;5086;50241271;3145162;1829;0;2
FR;0;2021-11-02;26378;40103;93610;156;36252;99665;44;0;1;51873178;45079884;3222765;5242;50277523;3244827;1873;0;3
FR;0;2021-11-03;30129;47906;118922;222;43571;125891;65;0;0;51903307;45127790;3341687;5464;50321094;3370718;1938;0;3
FR;0;2021-11-04;23819;37475;107597;217;31581;114481;46;0;0;51927126;45165265;3449284;5681;50352675;3485199;1984;0;3
FR;0;2021-11-05;32409;52935;141673;236;44649;151463;52;0;0;51959535;45218200;3590957;5917;50397324;3636662;2036;0;3
FR;0;2021-11-06;21552;34550;64905;123;32388;68344;27;0;0;51981087;45252750;3655862;6040;50429712;3705006;2063;0;3
FR;0;2021-11-07;2427;4165;5208;6;4009;5597;7;0;0;51983514;45256915;3661070;6046;50433721;3710603;2070;0;3
FR;0;2021-11-08;20629;37738;127227;227;30951;134352;50;0;0;52004143;45294653;3788297;6273;50464672;3844955;2120;0;3
FR;0;2021-11-09;22442;44643;161735;339;32864;172334;67;0;0;52026585;45339296;3950032;6612;50497536;4017289;2187;0;3
FR;0;2021-11-10;31615;54893;187059;447;44036;198882;94;0;0;52058200;45394189;4137091;7059;50541572;4216171;2281;0;3
FR;0;2021-11-11;4749;6747;12993;28;5905;13979;17;0;0;52062949;45400936;4150084;7087;50547477;4230150;2298;0;3
FR;0;2021-11-12;29098;55061;183839;252;41739;197492;89;0;0;52092047;45455997;4333923;7339;50589216;4427642;2387;0;3
FR;0;2021-11-13;20354;32601;80729;118;28230;86356;44;0;0;52112401;45488598;4414652;7457;50617446;4513998;2431;0;3
FR;0;2021-11-14;2365;3859;7183;6;3365;7847;9;0;0;52114766;45492457;4421835;7463;50620811;4521845;2440;0;3
FR;0;2021-11-15;20515;38553;160905;314;27788;171641;77;0;0;52135281;45531010;4582740;7777;50648599;4693486;2517;0;3
FR;0;2021-11-16;23668;43849;200483;394;27723;215177;117;0;1;52158949;45574859;4783223;8171;50676322;4908663;2634;0;4
FR;0;2021-11-17;30541;50244;199898;406;36453;212962;99;0;0;52189490;45625103;4983121;8577;50712775;5121625;2733;0;4
FR;0;2021-11-18;23454;45692;191746;468;29404;205727;96;0;0;52212944;45670795;5174867;9045;50742179;5327352;2829;0;4
FR;0;2021-11-19;33694;61281;243286;551;39928;262298;148;0;0;52246638;45732076;5418153;9596;50782107;5589650;2977;0;4
FR;0;2021-11-20;25421;36658;102185;207;29264;109755;46;0;0;52272059;45768734;5520338;9803;50811371;5699405;3023;0;4
FR;0;2021-11-21;2662;4442;9676;19;3441;10603;19;0;0;52274721;45773176;5530014;9822;50814812;5710008;3042;0;4
FR;0;2021-11-22;22820;33123;180434;472;18925;194918;89;0;0;52297541;45806299;5710448;10294;50833737;5904926;3131;0;4
FR;0;2021-11-23;25735;45463;229485;549;24117;247974;85;0;0;52323276;45851762;5939933;10843;50857854;6152900;3216;0;4
FR;0;2021-11-24;31819;53614;224900;716;34494;243354;81;0;0;52355095;45905376;6164833;11559;50892348;6396254;3297;0;4
FR;0;2021-11-25;25651;49148;256009;739;25062;277918;112;0;0;52380746;45954524;6420842;12298;50917410;6674172;3409;0;4
FR;0;2021-11-26;33253;74689;379559;867;37421;414783;172;0;0;52413999;46029213;6800401;13165;50954831;7088955;3581;0;4
FR;0;2021-11-27;23509;49564;214971;391;28470;236766;135;0;0;52437508;46078777;7015372;13556;50983301;7325721;3716;0;4
FR;0;2021-11-28;3525;10456;56784;66;4060;63335;42;0;0;52441033;46089233;7072156;13622;50987361;7389056;3758;0;4
FR;0;2021-11-29;19445;54068;341558;864;23097;371893;178;0;0;52460478;46143301;7413714;14486;51010458;7760949;3936;0;4
FR;0;2021-11-30;24788;71826;457476;988;26840;500915;286;0;0;52485266;46215127;7871190;15474;51037298;8261864;4222;0;4
FR;0;2021-12-01;27390;75477;469207;1162;31362;511434;304;0;0;52512656;46290604;8340397;16636;51068660;8773298;4526;0;4
FR;0;2021-12-02;22125;71502;527231;1281;21054;575007;308;0;0;52534781;46362106;8867628;17917;51089714;9348305;4834;0;4
FR;0;2021-12-03;25579;92800;596509;1421;34388;651275;342;0;0;52560360;46454906;9464137;19338;51124102;9999580;5176;0;4
FR;0;2021-12-04;18341;60332;336301;692;25688;369891;198;0;0;52578701;46515238;9800438;20030;51149790;10369471;5374;0;4
FR;0;2021-12-05;4157;16101;95816;157;4865;107049;92;0;0;52582858;46531339;9896254;20187;51154655;10476520;5466;0;4
FR;0;2021-12-06;28451;72714;493263;1175;25267;540087;384;0;0;52611309;46604053;10389517;21362;51179922;11016607;5850;0;4
FR;0;2021-12-07;23564;91196;645544;1774;28552;706520;416;0;0;52634873;46695249;11035061;23136;51208474;11723127;6266;0;4
FR;0;2021-12-08;25523;91934;591782;1875;34977;647669;440;0;0;52660396;46787183;11626843;25011;51243451;12370796;6706;0;4
FR;0;2021-12-09;24083;94087;663292;2180;29025;726750;461;0;0;52684479;46881270;12290135;27191;51272476;13097546;7167;0;4
FR;0;2021-12-10;28076;110884;736183;2075;37998;806350;469;0;1;52712555;46992154;13026318;29266;51310474;13903896;7636;0;5
FR;0;2021-12-11;20252;76066;435244;990;29969;480465;344;0;0;52732807;47068220;13461562;30256;51340443;14384361;7980;0;5
FR;0;2021-12-12;5678;23123;142355;262;6398;159234;108;0;0;52738485;47091343;13603917;30518;51346841;14543595;8088;0;5
FR;0;2021-12-13;21365;90763;587812;1699;29713;649428;395;0;0;52759850;47182106;14191729;32217;51376554;15193023;8483;0;5
FR;0;2021-12-14;27986;118254;765761;2657;35474;847719;699;0;1;52787836;47300360;14957490;34874;51412028;16040742;9182;0;6
FR;0;2021-12-15;28452;114186;694493;2266;39540;769272;502;0;1;52816288;47414546;15651983;37140;51451568;16810014;9684;0;7
FR;0;2021-12-16;28054;115646;764202;2558;35161;844619;515;0;0;52844342;47530192;16416185;39698;51486729;17654633;10199;0;7
FR;0;2021-12-17;31663;128313;808000;2713;43405;892161;610;0;0;52876005;47658505;17224185;42411;51530134;18546794;10809;0;7
FR;0;2021-12-18;24943;81513;470046;1179;30071;522264;353;0;0;52900948;47740018;17694231;43590;51560205;19069058;11162;0;7
FR;0;2021-12-19;8770;28549;169443;376;7853;191073;142;0;0;52909718;47768567;17863674;43966;51568058;19260131;11304;0;7
FR;0;2021-12-20;31778;97129;591607;1788;33900;658842;501;0;0;52941496;47865696;18455281;45754;51601958;19918973;11805;0;7
FR;0;2021-12-21;39476;111909;682529;2391;38816;759668;604;0;0;52980972;47977605;19137810;48145;51640774;20678641;12409;0;7
FR;0;2021-12-22;39561;99181;575879;2169;37143;642201;688;0;2;53020533;48076786;19713689;50314;51677917;21320842;13097;0;9
FR;0;2021-12-23;33785;79389;441080;1659;30157;494424;589;0;0;53054318;48156175;20154769;51973;51708074;21815266;13686;0;9
FR;0;2021-12-24;10698;26026;111049;398;11644;126670;236;0;1;53065016;48182201;20265818;52371;51719718;21941936;13922;0;10
FR;0;2021-12-25;776;3578;7598;25;2051;9024;72;0;0;53065792;48185779;20273416;52396;51721769;21950960;13994;0;10
FR;0;2021-12-26;4698;11893;52116;142;4740;60168;170;0;0;53070490;48197672;20325532;52538;51726509;22011128;14164;0;10
FR;0;2021-12-27;30511;83937;453614;1364;33058;509250;665;0;0;53101001;48281609;20779146;53902;51759567;22520378;14829;0;10
FR;0;2021-12-28;38370;98831;564219;1769;35128;632305;1559;0;2;53139371;48380440;21343365;55671;51794695;23152683;16388;0;12
FR;0;2021-12-29;39881;88206;501267;1686;33133;561047;1738;0;1;53179252;48468646;21844632;57357;51827828;23713730;18126;0;13
FR;0;2021-12-30;35925;75072;421065;1521;29524;471160;1881;0;0;53215177;48543718;22265697;58878;51857352;24184890;20007;0;13
FR;0;2021-12-31;12050;25084;116891;405;11283;131669;740;0;0;53227227;48568802;22382588;59283;51868635;24316559;20747;0;13
FR;0;2022-01-01;1583;3220;8532;37;1801;9949;103;0;0;53228810;48572022;22391120;59320;51870436;24326508;20850;0;13
FR;0;2022-01-02;6121;13014;58433;126;5108;66967;409;0;0;53234931;48585036;22449553;59446;51875544;24393475;21259;0;13
FR;0;2022-01-03;38741;90175;494885;1596;36905;551771;2645;0;1;53273672;48675211;22944438;61042;51912449;24945246;23904;0;14
FR;0;2022-01-04;42173;111046;641456;2308;40696;714478;3835;0;3;53315845;48786257;23585894;63350;51953145;25659724;27739;0;17
FR;0;2022-01-05;61209;103609;569254;1984;43814;634295;3427;0;2;53377054;48889866;24155148;65334;51996959;26294019;31166;0;19
FR;0;2022-01-06;44308;110324;639031;2701;40248;711537;4558;0;2;53421362;49000190;24794179;68035;52037207;27005556;35724;0;21
FR;0;2022-01-07;50842;123344;711047;2811;46877;790550;4996;0;2;53472204;49123534;25505226;70846;52084084;27796106;40720;0;23
FR;0;2022-01-08;45013;80275;423834;1213;35057;472899;2444;0;3;53517217;49203809;25929060;72059;52119141;28269005;43164;0;26
FR;0;2022-01-09;15615;26620;128575;300;11507;145656;829;0;0;53532832;49230429;26057635;72359;52130648;28414661;43993;0;26
FR;0;2022-01-10;35408;93297;469375;1816;43060;522764;3720;0;1;53568240;49323726;26527010;74175;52173708;28937425;47713;0;27
FR;0;2022-01-11;41947;100476;548309;2309;42441;608561;5217;0;2;53610187;49424202;27075319;76484;52216149;29545986;52930;0;29
FR;0;2022-01-12;60416;95721;452727;1969;49517;504389;4497;0;8;53670603;49519923;27528046;78453;52265666;30050375;57427;0;37
FR;0;2022-01-13;38268;92548;487388;2084;40589;541067;5466;0;8;53708871;49612471;28015434;80537;52306255;30591442;62893;0;45
FR;0;2022-01-14;42579;103340;568652;2286;43544;629037;6467;0;2;53751450;49715811;28584086;82823;52349799;31220479;69360;0;47
FR;0;2022-01-15;39428;65901;340155;984;31460;377572;3294;0;1;53790878;49781712;28924241;83807;52381259;31598051;72654;0;48
FR;0;2022-01-16;11415;19212;87440;216;9022;99408;763;0;0;53802293;49800924;29011681;84023;52390281;31697459;73417;0;48
FR;0;2022-01-17;24744;60025;320310;1384;28073;354160;3961;0;4;53827037;49860949;29331991;85407;52418354;32051619;77378;0;52
FR;0;2022-01-18;28327;68702;361126;1801;32031;397576;5772;0;1;53855364;49929651;29693117;87208;52450385;32449195;83150;0;53
FR;0;2022-01-19;43221;67046;281327;1451;40405;311080;4391;0;5;53898585;49996697;29974444;88659;52490790;32760275;87541;0;58
FR;0;2022-01-20;23669;59608;299053;1750;29563;328529;5636;0;4;53922254;50056305;30273497;90409;52520353;33088804;93177;0;62
FR;0;2022-01-21;28209;68807;366401;2086;33104;401214;6580;0;3;53950463;50125112;30639898;92495;52553457;33490018;99757;0;65
FR;0;2022-01-22;27630;47980;218799;839;27314;241779;2837;0;2;53978093;50173092;30858697;93334;52580771;33731797;102594;0;67
FR;0;2022-01-23;6738;12972;48686;173;7505;55165;591;0;1;53984831;50186064;30907383;93507;52588276;33786962;103185;0;68
FR;0;2022-01-24;16280;47463;217342;1148;25416;239350;4101;0;3;54001111;50233527;31124725;94655;52613692;34026312;107286;0;71
FR;0;2022-01-25;19031;54337;243082;1548;28813;267095;6067;0;5;54020142;50287864;31367807;96203;52642505;34293407;113353;0;76
FR;0;2022-01-26;28148;60553;209303;1298;41368;229527;4479;0;3;54048290;50348417;31577110;97501;52683873;34522934;117832;0;79
FR;0;2022-01-27;16336;46462;207664;1285;26148;226030;5692;0;4;54064626;50394879;31784774;98786;52710021;34748964;123524;0;83
FR;0;2022-01-28;21592;78675;290075;1574;44984;321347;7411;0;4;54086218;50473554;32074849;100360;52755005;35070311;130935;0;87
FR;0;2022-01-29;18421;52857;184136;689;32752;204575;3257;0;2;54104639;50526411;32258985;101049;52787757;35274886;134192;0;89
FR;0;2022-01-30;4477;14473;39147;124;9137;45058;637;0;1;54109116;50540884;32298132;101173;52796894;35319944;134829;0;90
FR;0;2022-01-31;11259;43935;148216;742;26145;164745;4231;0;5;54120375;50584819;32446348;101915;52823039;35484689;139060;0;95
FR;0;2022-02-01;13638;48310;174140;1144;27341;191347;7044;0;1;54134013;50633129;32620488;103059;52850380;35676036;146104;0;96
FR;0;2022-02-02;20646;66311;171552;1034;46165;190088;5972;0;10;54154659;50699440;32792040;104093;52896545;35866124;152076;0;106
FR;0;2022-02-03;11605;44797;157576;990;25342;173297;6938;0;6;54166264;50744237;32949616;105083;52921887;36039421;159014;0;112
FR;0;2022-02-04;14639;67276;239259;1266;36895;264093;9161;0;6;54180903;50811513;33188875;106349;52958782;36303514;168175;0;118
FR;0;2022-02-05;12901;51450;153561;523;31984;172303;3787;0;3;54193804;50862963;33342436;106872;52990766;36475817;171962;0;121
FR;0;2022-02-06;2725;12170;28896;101;7285;33833;661;0;0;54196529;50875133;33371332;106973;52998051;36509650;172623;0;121
FR;0;2022-02-07;9599;46639;156900;593;24519;176313;5293;0;6;54206128;50921772;33528232;107566;53022570;36685963;177916;0;127
FR;0;2022-02-08;9810;43098;166651;869;20962;184445;7054;0;6;54215938;50964870;33694883;108435;53043532;36870408;184970;0;133
FR;0;2022-02-09;14372;58253;172355;875;35348;193065;5787;0;9;54230310;51023123;33867238;109310;53078880;37063473;190757;0;142
FR;0;2022-02-10;8721;39213;150241;879;18689;166718;6502;0;2;54239031;51062336;34017479;110189;53097569;37230191;197259;0;144
FR;0;2022-02-11;10859;55689;218517;1101;25828;243112;8322;0;3;54249890;51118025;34235996;111290;53123397;37473303;205581;0;147
FR;0;2022-02-12;8409;40965;134736;465;22632;151765;3508;0;4;54258299;51158990;34370732;111755;53146029;37625068;209089;0;151
FR;0;2022-02-13;1939;8603;26565;86;4409;30927;544;0;3;54260238;51167593;34397297;111841;53150438;37655995;209633;0;154
FR;0;2022-02-14;6991;35255;148386;485;14667;166382;4787;0;5;54267229;51202848;34545683;112326;53165105;37822377;214420;0;159
FR;0;2022-02-15;7066;36233;146999;751;15999;162585;6849;0;3;54274295;51239081;34692682;113077;53181104;37984962;221269;0;162
FR;0;2022-02-16;9413;42986;132543;721;25975;146761;5726;0;6;54283708;51282067;34825225;113798;53207079;38131723;226995;0;168
FR;0;2022-02-17;5578;24341;87310;587;13144;94883;5407;0;5;54289286;51306408;34912535;114385;53220223;38226606;232402;0;173
FR;0;2022-02-18;6999;33582;119669;807;18754;129333;7416;0;2;54296285;51339990;35032204;115192;53238977;38355939;239818;0;175
FR;0;2022-02-19;5370;24558;70027;370;15909;77337;3019;0;2;54301655;51364548;35102231;115562;53254886;38433276;242837;0;177
FR;0;2022-02-20;1148;4657;12175;39;2914;13954;460;0;1;54302803;51369205;35114406;115601;53257800;38447230;243297;0;178
FR;0;2022-02-21;4099;17890;61959;351;10171;67186;4059;0;2;54306902;51387095;35176365;115952;53267971;38514416;247356;0;180
FR;0;2022-02-22;4461;18660;60838;577;11262;64479;5255;0;1;54311363;51405755;35237203;116529;53279233;38578895;252611;0;181
FR;0;2022-02-23;6591;27360;66506;592;19627;71904;4596;0;3;54317954;51433115;35303709;117121;53298860;38650799;257207;0;184
FR;0;2022-02-24;3851;15555;50430;519;9513;53255;4530;0;2;54321805;51448670;35354139;117640;53308373;38704054;261737;0;186
FR;0;2022-02-25;5284;24156;76364;804;15132;80098;7334;0;7;54327089;51472826;35430503;118444;53323505;38784152;269071;0;193
FR;0;2022-02-26;3992;17768;47420;359;12170;51487;3083;0;3;54331081;51490594;35477923;118803;53335675;38835639;272154;0;196
FR;0;2022-02-27;880;3009;8038;47;1978;8949;529;0;0;54331961;51493603;35485961;118850;53337653;38844588;272683;0;196
FR;0;2022-02-28;3123;12553;40492;359;7589;42925;3858;0;0;54335084;51506156;35526453;119209;53345242;38887513;276541;0;196
FR;0;2022-03-01;4002;12608;44202;437;7634;44873;5519;0;6;54339086;51518764;35570655;119646;53352876;38932386;282060;0;202
FR;0;2022-03-02;5331;17799;47150;446;12859;49082;4929;0;2;54344417;51536563;35617805;120092;53365735;38981468;286989;0;204
FR;0;2022-03-03;2827;9355;29899;370;6253;30022;4049;0;2;54347244;51545918;35647704;120462;53371988;39011490;291038;0;206
FR;0;2022-03-04;3226;12490;40328;669;8487;39481;6232;0;4;54350470;51558408;35688032;121131;53380475;39050971;297270;0;210
FR;0;2022-03-05;3073;9284;24959;314;7127;25123;3134;0;1;54353543;51567692;35712991;121445;53387602;39076094;300404;0;211
FR;0;2022-03-06;521;1400;3198;43;1023;3441;379;0;0;54354064;51569092;35716189;121488;53388625;39079535;300783;0;211
FR;0;2022-03-07;2385;5633;18434;315;3850;17705;3307;0;4;54356449;51574725;35734623;121803;53392475;39097240;304090;0;215
FR;0;2022-03-08;2150;6079;19449;363;4333;17921;4094;0;3;54358599;51580804;35754072;122166;53396808;39115161;308184;0;218
FR;0;2022-03-09;3582;10500;22190;407;8729;21286;4039;0;4;54362181;51591304;35776262;122573;53405537;39136447;312223;0;222
FR;0;2022-03-10;1830;5837;17005;344;4384;15831;3407;0;3;54364011;51597141;35793267;122917;53409921;39152278;315630;0;225
FR;0;2022-03-11;2421;7560;24509;545;5439;22275;5481;0;2;54366432;51604701;35817776;123462;53415360;39174553;321111;0;227
FR;0;2022-03-12;2696;6777;17167;309;5497;16521;3136;0;2;54369128;51611478;35834943;123771;53420857;39191074;324247;0;229
FR;0;2022-03-13;406;791;2324;149;599;2273;537;0;0;54369534;51612269;35837267;123920;53421456;39193347;324784;0;229
FR;0;2022-03-14;1555;4274;14987;4412;2809;13841;7295;0;8;54371089;51616543;35852254;128332;53424265;39207188;332079;0;237
FR;0;2022-03-15;1749;6296;16384;7556;4812;14613;11035;0;9;54372838;51622839;35868638;135888;53429077;39221801;343114;0;246
FR;0;2022-03-16;3035;7408;19427;13140;6209;18106;16296;0;8;54375873;51630247;35888065;149028;53435286;39239907;359410;0;254
FR;0;2022-03-17;1458;3985;13155;10846;2806;11994;13314;0;9;54377331;51634232;35901220;159874;53438092;39251901;372724;0;263
FR;0;2022-03-18;2269;5756;20013;18306;4097;18109;22038;0;15;54379600;51639988;35921233;178180;53442189;39270010;394762;0;278
FR;0;2022-03-19;2294;4804;13115;9406;4140;12418;11409;0;6;54381894;51644792;35934348;187586;53446329;39282428;406171;0;284
FR;0;2022-03-20;300;735;1919;1073;526;1931;1340;0;2;54382194;51645527;35936267;188659;53446855;39284359;407511;0;286
FR;0;2022-03-21;1394;3220;12733;14950;2156;11957;16910;0;11;54383588;51648747;35949000;203609;53449011;39296316;424421;0;297
FR;0;2022-03-22;1556;3739;13801;20552;2578;12557;22843;0;5;54385144;51652486;35962801;224161;53451589;39308873;447264;0;302
FR;0;2022-03-23;2686;6291;17731;23151;5223;17243;25267;0;40;54387830;51658777;35980532;247312;53456812;39326116;472531;0;342
FR;0;2022-03-24;1407;3160;11596;17617;2248;10682;19391;0;23;54389237;51661937;35992128;264929;53459060;39336798;491922;0;365
FR;0;2022-03-25;2084;5157;18575;27775;3687;16913;30809;0;31;54391321;51667094;36010703;292704;53462747;39353711;522731;0;396
FR;0;2022-03-26;2232;4414;12080;12678;3863;11520;14400;0;26;54393553;51671508;36022783;305382;53466610;39365231;537131;0;422
FR;0;2022-03-27;363;693;1909;1483;516;1943;1740;0;1;54393916;51672201;36024692;306865;53467126;39367174;538871;0;423
FR;0;2022-03-28;1464;3079;11129;17490;2116;10620;19067;0;16;54395380;51675280;36035821;324355;53469242;39377794;557938;0;439
FR;0;2022-03-29;1454;3276;12911;27584;2093;12053;29283;0;34;54396834;51678556;36048732;351939;53471335;39389847;587221;0;473
FR;0;2022-03-30;2853;5521;15686;27428;4704;15086;29334;0;21;54399687;51684077;36064418;379367;53476039;39404933;616555;0;494
FR;0;2022-03-31;1611;3567;12989;25023;2550;12329;26632;0;43;54401298;51687644;36077407;404390;53478589;39417262;643187;0;537
FR;0;2022-04-01;2680;4584;20079;30895;2968;18721;33488;0;61;54403978;51692228;36097486;435285;53481557;39435983;676675;0;598
FR;0;2022-04-02;1531;2645;9052;10133;2009;8722;11295;0;29;54405509;51694873;36106538;445418;53483566;39444705;687970;0;627
FR;0;2022-04-03;291;515;1562;1171;360;1579;1382;0;2;54405800;51695388;36108100;446589;53483926;39446284;689352;0;629
FR;0;2022-04-04;3344;2930;12378;19130;1950;11587;20601;0;35;54409144;51698318;36120478;465719;53485876;39457871;709953;0;664
FR;0;2022-04-05;2521;3161;14343;34142;2040;13196;35759;0;85;54411665;51701479;36134821;499861;53487916;39471067;745712;0;749
FR;0;2022-04-06;2564;3951;13540;26506;3015;12814;27976;0;72;54414229;51705430;36148361;526367;53490931;39483881;773688;0;821
FR;0;2022-04-07;1919;3138;13681;33783;1989;12891;35141;0;76;54416148;51708568;36162042;560150;53492920;39496772;808829;0;897
FR;0;2022-04-08;2247;4303;19227;44006;2636;17849;46359;0;89;54418395;51712871;36181269;604156;53495556;39514621;855188;0;986
FR;0;2022-04-09;1368;2679;9313;13567;1900;8867;14800;0;30;54419763;51715550;36190582;617723;53497456;39523488;869988;0;1016
FR;0;2022-04-10;294;752;1984;2017;549;2006;2279;0;7;54420057;51716302;36192566;619740;53498005;39525494;872267;0;1023
FR;0;2022-04-11;1335;2619;11873;23913;1635;11483;25184;0;74;54421392;51718921;36204439;643653;53499640;39536977;897451;0;1097
FR;0;2022-04-12;1720;3073;14020;40912;1956;13393;41801;0;127;54423112;51721994;36218459;684565;53501596;39550370;939252;0;1224
FR;0;2022-04-13;1975;3720;13415;33107;2717;13037;34076;0;96;54425087;51725714;36231874;717672;53504313;39563407;973328;0;1320
FR;0;2022-04-14;1498;2975;13215;36322;1903;13073;36991;0;106;54426585;51728689;36245089;753994;53506216;39576480;1010319;0;1426
FR;0;2022-04-15;1871;3790;15642;35579;2535;14919;37232;0;115;54428456;51732479;36260731;789573;53508751;39591399;1047551;0;1541
FR;0;2022-04-16;1043;1832;6400;8553;1262;6262;9435;0;40;54429499;51734311;36267131;798126;53510013;39597661;1056986;0;1581
FR;0;2022-04-17;194;338;993;1174;222;1036;1242;0;7;54429693;51734649;36268124;799300;53510235;39598697;1058228;0;1588
FR;0;2022-04-18;197;541;2768;1072;341;2786;1287;0;5;54429890;51735190;36270892;800372;53510576;39601483;1059515;0;1593
FR;0;2022-04-19;1544;3029;12918;29686;1875;12477;30734;0;78;54431434;51738219;36283810;830058;53512451;39613960;1090249;0;1671
FR;0;2022-04-20;2002;3491;13304;29066;2604;12991;30083;0;96;54433436;51741710;36297114;859124;53515055;39626951;1120332;0;1767
FR;0;2022-04-21;1514;2850;12549;35180;1821;12623;35772;0;117;54434950;51744560;36309663;894304;53516876;39639574;1156104;0;1884
FR;0;2022-04-22;1879;3618;16478;37620;2395;15837;39158;0;131;54436829;51748178;36326141;931924;53519271;39655411;1195262;0;2015
FR;0;2022-04-23;1149;2062;7388;10659;1471;7239;11444;0;38;54437978;51750240;36333529;942583;53520742;39662650;1206706;0;2053
FR;0;2022-04-24;250;463;1475;1590;322;1413;1846;0;7;54438228;51750703;36335004;944173;53521064;39664063;1208552;0;2060
FR;0;2022-04-25;1307;2532;10684;21071;1612;10491;22092;0;79;54439535;51753235;36345688;965244;53522676;39674554;1230644;0;2139
FR;0;2022-04-26;1627;3004;13667;38617;1963;13111;39413;0;181;54441162;51756239;36359355;1003861;53524639;39687665;1270057;0;2320
FR;0;2022-04-27;1964;3063;11538;31038;2276;11595;31457;0;130;54443126;51759302;36370893;1034899;53526915;39699260;1301514;0;2450
FR;0;2022-04-28;1570;2770;12527;36235;1852;12269;36551;0;139;54444696;51762072;36383420;1071134;53528767;39711529;1338065;0;2589
FR;0;2022-04-29;2007;4814;15555;37278;3620;14931;38747;0;164;54446703;51766886;36398975;1108412;53532387;39726460;1376812;0;2753
FR;0;2022-04-30;1219;3454;6927;9717;2950;6755;10608;0;44;54447922;51770340;36405902;1118129;53535337;39733215;1387420;0;2797
FR;0;2022-05-01;218;325;916;998;229;911;1139;0;6;54448140;51770665;36406818;1119127;53535566;39734126;1388559;0;2803
FR;0;2022-05-02;2219;2949;11152;18175;2046;10984;19020;0;69;54450359;51773614;36417970;1137302;53537612;39745110;1407579;0;2872
FR;0;2022-05-03;2042;3263;13724;34681;2126;13565;35602;0;163;54452401;51776877;36431694;1171983;53539738;39758675;1443181;0;3035
FR;0;2022-05-04;1916;3297;12182;25639;2297;12300;26189;0;110;54454317;51780174;36443876;1197622;53542035;39770975;1469370;0;3145
FR;0;2022-05-05;1780;3020;13067;33594;1997;12913;34262;0;180;54456097;51783194;36456943;1231216;53544032;39783888;1503632;0;3325
FR;0;2022-05-06;2216;3656;15350;36804;2315;14859;38267;0;182;54458313;51786850;36472293;1268020;53546347;39798747;1541899;0;3507
FR;0;2022-05-07;1209;1781;6464;9614;1255;6455;10339;0;48;54459522;51788631;36478757;1277634;53547602;39805202;1552238;0;3555
FR;0;2022-05-08;267;400;1173;1548;289;1234;1654;0;8;54459789;51789031;36479930;1279182;53547891;39806436;1553892;0;3563
FR;0;2022-05-09;1388;2302;9926;20259;1409;9796;21176;0;102;54461177;51791333;36489856;1299441;53549300;39816232;1575068;0;3665
FR;0;2022-05-10;1789;3417;13577;38999;2280;13133;40026;0;200;54462966;51794750;36503433;1338440;53551580;39829365;1615094;0;3865
FR;0;2022-05-11;2001;3014;10751;27935;2318;10696;28443;0;146;54464967;51797764;36514184;1366375;53553898;39840061;1643537;0;4011
FR;0;2022-05-12;1593;2732;11381;35735;1801;11051;36497;0;211;54466560;51800496;36525565;1402110;53555699;39851112;1680034;0;4222
FR;0;2022-05-13;1979;3221;13758;37977;2062;13346;39243;0;162;54468539;51803717;36539323;1440087;53557761;39864458;1719277;0;4384
FR;0;2022-05-14;1148;1639;5937;10776;1197;5800;11364;0;57;54469687;51805356;36545260;1450863;53558958;39870258;1730641;0;4441
FR;0;2022-05-15;283;477;1278;1440;300;1361;1593;0;6;54469970;51805833;36546538;1452303;53559258;39871619;1732234;0;4447
FR;0;2022-05-16;1194;2043;8692;21069;1244;8698;21597;0;128;54471164;51807876;36555230;1473372;53560502;39880317;1753831;0;4575
FR;0;2022-05-17;1589;2601;11823;37878;1666;11401;38718;0;180;54472753;51810477;36567053;1511250;53562168;39891718;1792549;0;4755
FR;0;2022-05-18;1816;2652;9691;27163;1955;9665;27780;0;109;54474569;51813129;36576744;1538413;53564123;39901383;1820329;0;4864
FR;0;2022-05-19;1446;2657;10576;35838;1630;10716;36028;0;162;54476015;51815786;36587320;1574251;53565753;39912099;1856357;0;5026
FR;0;2022-05-20;1873;3116;13422;39368;2077;12910;40387;0;168;54477888;51818902;36600742;1613619;53567830;39925009;1896744;0;5194
FR;0;2022-05-21;1158;1708;5662;9897;1302;5534;10533;0;45;54479046;51820610;36606404;1623516;53569132;39930543;1907277;0;5239
FR;0;2022-05-22;240;341;1028;1439;263;1015;1582;0;10;54479286;51820951;36607432;1624955;53569395;39931558;1908859;0;5249
FR;0;2022-05-23;1176;2122;8878;20346;1404;8827;21001;0;86;54480462;51823073;36616310;1645301;53570799;39940385;1929860;0;5335
FR;0;2022-05-24;1542;2760;11365;38878;1736;11236;39508;0;190;54482004;51825833;36627675;1684179;53572535;39951621;1969368;0;5525
FR;0;2022-05-25;1814;2834;9342;24845;2072;9480;25321;0;116;54483818;51828667;36637017;1709024;53574607;39961101;1994689;0;5641
FR;0;2022-05-26;214;425;1666;1201;289;1675;1345;0;26;54484032;51829092;36638683;1710225;53574896;39962776;1996034;0;5667
FR;0;2022-05-27;1387;2471;9264;21290;1664;9004;22324;0;94;54485419;51831563;36647947;1731515;53576560;39971780;2018358;0;5761
FR;0;2022-05-28;669;1267;3916;6792;847;3966;7202;0;38;54486088;51832830;36651863;1738307;53577407;39975746;2025560;0;5799
FR;0;2022-05-29;157;315;752;921;200;773;1033;0;4;54486245;51833145;36652615;1739228;53577607;39976519;2026593;0;5803
FR;0;2022-05-30;1025;1962;6993;19295;1243;7010;19807;0;91;54487270;51835107;36659608;1758523;53578850;39983529;2046400;0;5894
FR;0;2022-05-31;1489;2516;9822;35657;1647;9643;36290;0;171;54488759;51837623;36669430;1794180;53580497;39993172;2082690;0;6065
FR;0;2022-06-01;1740;3097;11024;24537;2244;10890;25490;0;121;54490499;51840720;36680454;1818717;53582741;40004062;2108180;0;6186
FR;0;2022-06-02;1476;2612;11305;35569;1713;10862;36514;0;174;54491975;51843332;36691759;1854286;53584454;40014924;2144694;0;6360
FR;0;2022-06-03;1728;3074;13409;38726;2044;12773;39997;0;176;54493703;51846406;36705168;1893012;53586498;40027697;2184691;0;6536
FR;0;2022-06-04;971;1516;5045;9112;1076;5116;9648;0;73;54494674;51847922;36710213;1902124;53587574;40032813;2194339;0;6609
FR;0;2022-06-05;180;335;875;1106;205;886;1228;0;4;54494854;51848257;36711088;1903230;53587779;40033699;2195567;0;6613
FR;0;2022-06-06;685;1226;2121;1328;1051;2136;1508;0;13;54495539;51849483;36713209;1904558;53588830;40035835;2197075;0;6626
FR;0;2022-06-07;1453;2709;9850;35586;1787;9429;36812;0;153;54496992;51852192;36723059;1940144;53590617;40045264;2233887;0;6779
FR;0;2022-06-08;1573;2694;9168;28751;1940;9011;29716;0;112;54498565;51854886;36732227;1968895;53592557;40054275;2263603;0;6891
FR;0;2022-06-09;1293;2438;10622;39496;1553;10266;40271;0;167;54499858;51857324;36742849;2008391;53594110;40064541;2303874;0;7058
FR;0;2022-06-10;1630;3148;13085;44820;2116;12644;46148;0;224;54501488;51860472;36755934;2053211;53596226;40077185;2350022;0;7282
FR;0;2022-06-11;960;1739;5435;11626;1125;5468;12211;0;55;54502448;51862211;36761369;2064837;53597351;40082653;2362233;0;7337
FR;0;2022-06-12;198;443;1076;1765;253;1139;1866;0;11;54502646;51862654;36762445;2066602;53597604;40083792;2364099;0;7348
FR;0;2022-06-13;1099;2063;7440;23182;1336;7270;24098;0;90;54503745;51864717;36769885;2089784;53598940;40091062;2388197;0;7438
FR;0;2022-06-14;1326;2544;10448;44943;1593;9804;46139;0;200;54505071;51867261;36780333;2134727;53600533;40100866;2434336;0;7638
FR;0;2022-06-15;1517;2453;9322;30891;1922;8953;31588;0;178;54506588;51869714;36789655;2165618;53602455;40109819;2465924;0;7816
FR;0;2022-06-16;1182;2037;9912;39928;1273;9322;40949;0;201;54507770;51871751;36799567;2205546;53603728;40119141;2506873;0;8017
FR;0;2022-06-17;1490;2851;12500;46691;1776;11902;47932;0;240;54509260;51874602;36812067;2252237;53605504;40131043;2554805;0;8257
FR;0;2022-06-18;855;1526;4566;11124;1036;4501;11718;0;67;54510115;51876128;36816633;2263361;53606540;40135544;2566523;0;8324
FR;0;2022-06-19;183;363;1059;1615;208;1131;1701;0;14;54510298;51876491;36817692;2264976;53606748;40136675;2568224;0;8338
FR;0;2022-06-20;1025;1920;8907;26078;1194;8568;27020;0;153;54511323;51878411;36826599;2291054;53607942;40145243;2595244;0;8491
FR;0;2022-06-21;1325;2400;10310;49894;1533;9338;51280;0;264;54512648;51880811;36836909;2340948;53609475;40154581;2646524;0;8755
FR;0;2022-06-22;1395;2511;8912;39057;1801;8420;40001;0;256;54514043;51883322;36845821;2380005;53611276;40163001;2686525;0;9011
FR;0;2022-06-23;1230;2364;10680;55101;1360;9885;56234;0;320;54515273;51885686;36856501;2435106;53612636;40172886;2742759;0;9331
FR;0;2022-06-24;1488;2993;13643;69181;1750;12304;70999;0;405;54516761;51888679;36870144;2504287;53614386;40185190;2813758;0;9736
FR;0;2022-06-25;936;1780;6234;19921;1111;5986;20775;0;177;54517697;51890459;36876378;2524208;53615497;40191176;2834533;0;9913
FR;0;2022-06-26;229;458;1952;3688;258;1817;3966;0;39;54517926;51890917;36878330;2527896;53615755;40192993;2838499;0;9952
FR;0;2022-06-27;1130;2021;10494;48485;1176;9636;49753;0;339;54519056;51892938;36888824;2576381;53616931;40202629;2888252;0;10291
FR;0;2022-06-28;1461;2812;14667;91382;1581;13087;93151;0;623;54520517;51895750;36903491;2667763;53618512;40215716;2981403;0;10914
FR;0;2022-06-29;1712;2826;12291;71888;1839;11239;73030;0;548;54522229;51898576;36915782;2739651;53620351;40226955;3054433;0;11462
FR;0;2022-06-30;1534;2722;14391;95165;1642;12472;97179;0;724;54523763;51901298;36930173;2834816;53621993;40239427;3151612;0;12186
FR;0;2022-07-01;2007;3799;21503;115926;2304;18857;118572;0;954;54525770;51905097;36951676;2950742;53624297;40258284;3270184;0;13140
FR;0;2022-07-02;1086;1856;8525;35751;1103;7702;36872;0;342;54526856;51906953;36960201;2986493;53625400;40265986;3307056;0;13482
FR;0;2022-07-03;292;539;2093;6455;317;1896;6804;0;79;54527148;51907492;36962294;2992948;53625717;40267882;3313860;0;13561
FR;0;2022-07-04;1732;3392;14708;79223;2252;12990;81294;0;639;54528880;51910884;36977002;3072171;53627969;40280872;3395154;0;14200
FR;0;2022-07-05;1730;3158;18833;133251;1788;16014;135543;0;1145;54530610;51914042;36995835;3205422;53629757;40296886;3530697;0;15345
FR;0;2022-07-06;1822;2778;15848;99580;1840;13637;101147;0;900;54532432;51916820;37011683;3305002;53631597;40310523;3631844;0;16245
FR;0;2022-07-07;1707;2869;17998;126035;1711;14776;128362;0;1178;54534139;51919689;37029681;3431037;53633308;40325299;3760206;0;17423
FR;0;2022-07-08;1889;3151;20751;137081;1850;16763;140076;0;1347;54536028;51922840;37050432;3568118;53635158;40342062;3900282;0;18770
FR;0;2022-07-09;867;1459;7742;37923;877;6686;38768;0;426;54536895;51924299;37058174;3606041;53636035;40348748;3939050;0;19196
FR;0;2022-07-10;266;618;2346;7004;372;2125;7395;0;94;54537161;51924917;37060520;3613045;53636407;40350873;3946445;0;19290
FR;0;2022-07-11;1438;2468;15016;88274;1390;12506;90465;0;801;54538599;51927385;37075536;3701319;53637797;40363379;4036910;0;20091
FR;0;2022-07-12;1812;3112;20535;143966;1709;16729;146670;0;1604;54540411;51930497;37096071;3845285;53639506;40380108;4183580;0;21695
FR;0;2022-07-13;1755;2747;15694;94538;1658;13273;96398;0;1080;54542166;51933244;37111765;3939823;53641164;40393381;4279978;0;22775
FR;0;2022-07-14;185;370;1951;5538;220;1830;5705;0;82;54542351;51933614;37113716;3945361;53641384;40395211;4285683;0;22857
FR;0;2022-07-15;1484;2562;15114;84455;1423;12597;86614;0;1035;54543835;51936176;37128830;4029816;53642807;40407808;4372297;0;23892
FR;0;2022-07-16;620;1186;5948;24977;691;5155;25668;0;327;54544455;51937362;37134778;4054793;53643498;40412963;4397965;0;24219
FR;0;2022-07-17;181;391;1737;4665;215;1568;4937;0;66;54544636;51937753;37136515;4059458;53643713;40414531;4402902;0;24285
FR;0;2022-07-18;1130;2247;11824;61800;1335;9974;63663;0;780;54545766;51940000;37148339;4121258;53645048;40424505;4466565;0;25065
FR;0;2022-07-19;1414;2349;15470;103700;1387;12292;105887;0;1459;54547180;51942349;37163809;4224958;53646435;40436797;4572452;0;26524
FR;0;2022-07-20;1423;2295;12965;77578;1465;10737;79167;0;1051;54548603;51944644;37176774;4302536;53647900;40447534;4651619;0;27575
FR;0;2022-07-21;1284;2168;13092;88237;1368;10495;89720;0;1316;54549887;51946812;37189866;4390773;53649268;40458029;4741339;0;28891
FR;0;2022-07-22;1420;2466;14816;89526;1450;11964;91402;0;1346;54551307;51949278;37204682;4480299;53650718;40469993;4832741;0;30237
FR;0;2022-07-23;683;1308;5531;22479;820;4855;23075;0;412;54551990;51950586;37210213;4502778;53651538;40474848;4855816;0;30649
FR;0;2022-07-24;184;352;1398;3904;200;1241;4130;0;72;54552174;51950938;37211611;4506682;53651738;40476089;4859946;0;30721
FR;0;2022-07-25;1059;1791;9490;48068;1144;7840;49508;0;737;54553233;51952729;37221101;4554750;53652882;40483929;4909454;0;31458
FR;0;2022-07-26;1294;2209;13303;85432;1315;10827;87128;0;1311;54554527;51954938;37234404;4640182;53654197;40494756;4996582;0;32769
FR;0;2022-07-27;1221;2004;10235;61316;1335;8530;62520;0;971;54555748;51956942;37244639;4701498;53655532;40503286;5059102;0;33740
FR;0;2022-07-28;1089;1861;10308;64393;1253;8217;65625;0;1046;54556837;51958803;37254947;4765891;53656785;40511503;5124727;0;34786
FR;0;2022-07-29;1281;2070;11006;65893;1378;8761;67323;0;1140;54558118;51960873;37265953;4831784;53658163;40520264;5192050;0;35926
FR;0;2022-07-30;499;857;3522;15282;593;2973;15664;0;303;54558617;51961730;37269475;4847066;53658756;40523237;5207714;0;36229
FR;0;2022-07-31;153;288;929;2439;184;788;2588;0;49;54558770;51962018;37270404;4849505;53658940;40524025;5210302;0;36278
FR;0;2022-08-01;874;1591;7596;30234;1186;6394;31307;0;549;54559644;51963609;37278000;4879739;53660126;40530419;5241609;0;36827
FR;0;2022-08-02;1026;1643;8575;56112;1148;6887;56801;0;1169;54560670;51965252;37286575;4935851;53661274;40537306;5298410;0;37996
FR;0;2022-08-03;841;1262;6422;38679;898;5144;39416;0;701;54561511;51966514;37292997;4974530;53662172;40542450;5337826;0;38697
FR;0;2022-08-04;734;1182;6567;43154;778;5298;43719;0;917;54562245;51967696;37299564;5017684;53662950;40547748;5381545;0;39614
FR;0;2022-08-05;855;1361;7094;44957;967;5674;45619;0;993;54563100;51969057;37306658;5062641;53663917;40553422;5427164;0;40607
FR;0;2022-08-06;338;555;2099;9366;396;1757;9566;0;228;54563438;51969612;37308757;5072007;53664313;40555179;5436730;0;40835
FR;0;2022-08-07;104;157;536;1621;114;453;1701;0;38;54563542;51969769;37309293;5073628;53664427;40555632;5438431;0;40873
FR;0;2022-08-08;573;1062;4021;22097;816;3283;22541;0;490;54564115;51970831;37313314;5095725;53665243;40558915;5460972;0;41363
FR;0;2022-08-09;691;1150;5972;39954;835;4803;40445;0;844;54564806;51971981;37319286;5135679;53666078;40563718;5501417;0;42207
FR;0;2022-08-10;641;1157;4655;28055;872;3795;28390;0;652;54565447;51973138;37323941;5163734;53666950;40567513;5529807;0;42859
FR;0;2022-08-11;617;1026;4484;29247;737;3704;29583;0;676;54566064;51974164;37328425;5192981;53667687;40571217;5559390;0;43535
FR;0;2022-08-12;725;1150;4741;28212;833;3913;28648;0;704;54566789;51975314;37333166;5221193;53668520;40575130;5588038;0;44239
FR;0;2022-08-13;222;420;1295;5257;318;1119;5416;0;121;54567011;51975734;37334461;5226450;53668838;40576249;5593454;0;44360
FR;0;2022-08-14;71;121;288;923;103;246;995;0;25;54567082;51975855;37334749;5227373;53668941;40576495;5594449;0;44385
FR;0;2022-08-15;88;189;608;564;155;555;619;0;19;54567170;51976044;37335357;5227937;53669096;40577050;5595068;0;44404
FR;0;2022-08-16;624;1064;3956;22174;825;3351;22366;0;615;54567794;51977108;37339313;5250111;53669921;40580401;5617434;0;45019
FR;0;2022-08-17;639;1025;3887;22896;802;3292;23140;0;620;54568433;51978133;37343200;5273007;53670723;40583693;5640574;0;45639
FR;0;2022-08-18;616;981;4109;26292;781;3250;26522;0;673;54569049;51979114;37347309;5299299;53671504;40586943;5667096;0;46312
FR;0;2022-08-19;603;1158;4493;27254;866;3694;27560;0;766;54569652;51980272;37351802;5326553;53672370;40590637;5694656;0;47078
FR;0;2022-08-20;292;496;1355;5569;393;1170;5728;0;146;54569944;51980768;37353157;5332122;53672763;40591807;5700384;0;47224
FR;0;2022-08-21;96;133;301;1008;94;263;1043;0;27;54570040;51980901;37353458;5333130;53672857;40592070;5701427;0;47251
FR;0;2022-08-22;561;990;3273;15355;767;2796;15685;0;425;54570601;51981891;37356731;5348485;53673624;40594866;5717112;0;47676
FR;0;2022-08-23;715;1175;4297;28996;849;3610;29082;0;870;54571316;51983066;37361028;5377481;53674473;40598476;5746194;0;48546
FR;0;2022-08-24;658;930;3494;19530;775;2856;19720;0;608;54571974;51983996;37364522;5397011;53675248;40601332;5765914;0;49154
FR;0;2022-08-25;624;1012;3940;23402;721;3288;23666;0;673;54572598;51985008;37368462;5420413;53675969;40604620;5789580;0;49827
FR;0;2022-08-26;852;1257;4473;25882;950;3664;26256;0;777;54573450;51986265;37372935;5446295;53676919;40608284;5815836;0;50604
FR;0;2022-08-27;295;499;1378;5461;360;1244;5525;0;194;54573745;51986764;37374313;5451756;53677279;40609528;5821361;0;50798
FR;0;2022-08-28;123;160;303;919;114;288;964;0;38;54573868;51986924;37374616;5452675;53677393;40609816;5822325;0;50836
FR;0;2022-08-29;619;965;3073;14655;764;2610;14961;0;433;54574487;51987889;37377689;5467330;53678157;40612426;5837286;0;51269
FR;0;2022-08-30;848;1210;4792;28543;888;3909;28873;0;823;54575335;51989099;37382481;5495873;53679045;40616335;5866159;0;52092
FR;0;2022-08-31;694;953;3202;17636;738;2713;17900;0;508;54576029;51990052;37385683;5513509;53679783;40619048;5884059;0;52600
FR;0;2022-09-01;731;988;4473;22478;701;3819;22753;0;622;54576760;51991040;37390156;5535987;53680484;40622867;5906812;0;53222
FR;0;2022-09-02;872;1140;5037;28610;825;4248;28903;0;914;54577632;51992180;37395193;5564597;53681309;40627115;5935715;0;54136
FR;0;2022-09-03;417;565;1917;6084;420;1663;6321;0;181;54578049;51992745;37397110;5570681;53681729;40628778;5942036;0;54317
FR;0;2022-09-04;132;150;351;873;86;347;942;0;24;54578181;51992895;37397461;5571554;53681815;40629125;5942978;0;54341
FR;0;2022-09-05;634;738;3158;16054;556;2638;16367;0;523;54578815;51993633;37400619;5587608;53682371;40631763;5959345;0;54864
FR;0;2022-09-06;798;1019;4734;31847;650;3866;32076;0;1040;54579613;51994652;37405353;5619455;53683021;40635629;5991421;0;55904
FR;0;2022-09-07;645;769;2996;16820;549;2476;16969;0;572;54580258;51995421;37408349;5636275;53683570;40638105;6008390;0;56476
FR;0;2022-09-08;619;851;3806;24845;582;3139;24934;0;818;54580877;51996272;37412155;5661120;53684152;40641244;6033324;0;57294
FR;0;2022-09-09;838;1013;4440;27644;655;3678;27822;0;948;54581715;51997285;37416595;5688764;53684807;40644922;6061146;0;58242
FR;0;2022-09-10;387;543;1733;5708;368;1534;5912;0;208;54582102;51997828;37418328;5694472;53685175;40646456;6067058;0;58450
FR;0;2022-09-11;123;131;322;656;93;306;714;0;17;54582225;51997959;37418650;5695128;53685268;40646762;6067772;0;58467
FR;0;2022-09-12;488;632;2684;13290;449;2289;13583;0;478;54582713;51998591;37421334;5708418;53685717;40649051;6081355;0;58945
FR;0;2022-09-13;613;847;3995;26505;533;3484;26386;0;875;54583326;51999438;37425329;5734923;53686250;40652535;6107741;0;59820
FR;0;2022-09-14;653;772;2956;16180;564;2471;16413;0;573;54583979;52000210;37428285;5751103;53686814;40655006;6124154;0;60393
FR;0;2022-09-15;556;787;3469;23578;538;2959;23646;0;726;54584535;52000997;37431754;5774681;53687352;40657965;6147800;0;61119
FR;0;2022-09-16;791;1035;4138;25899;718;3478;26122;0;932;54585326;52002032;37435892;5800580;53688070;40661443;6173922;0;62051
FR;0;2022-09-17;386;502;1450;6145;380;1280;6237;0;242;54585712;52002534;37437342;5806725;53688450;40662723;6180159;0;62293
FR;0;2022-09-18;117;141;323;961;120;291;1016;0;36;54585829;52002675;37437665;5807686;53688570;40663014;6181175;0;62329
FR;0;2022-09-19;448;642;2254;13201;443;1929;13383;0;436;54586277;52003317;37439919;5820887;53689013;40664943;6194558;0;62765
FR;0;2022-09-20;638;867;3779;26461;619;3149;26513;0;892;54586915;52004184;37443698;5847348;53689632;40668092;6221071;0;63657
FR;0;2022-09-21;576;765;2737;16257;569;2352;16249;0;586;54587491;52004949;37446435;5863605;53690201;40670444;6237320;0;64243
FR;0;2022-09-22;584;836;3420;23575;559;2792;23801;0;772;54588075;52005785;37449855;5887180;53690760;40673236;6261121;0;65015
FR;0;2022-09-23;832;1047;4492;28701;765;3761;28877;0;1018;54588907;52006832;37454347;5915881;53691525;40676997;6289998;0;66033
FR;0;2022-09-24;423;609;1640;6894;468;1415;7077;0;306;54589330;52007441;37455987;5922775;53691993;40678412;6297075;0;66339
FR;0;2022-09-25;98;189;335;1100;143;306;1142;0;37;54589428;52007630;37456322;5923875;53692136;40678718;6298217;0;66376
FR;0;2022-09-26;437;705;2298;13527;475;2017;13632;0;435;54589865;52008335;37458620;5937402;53692611;40680735;6311849;0;66811
FR;0;2022-09-27;610;841;3627;25941;612;2909;26096;0;959;54590475;52009176;37462247;5963343;53693223;40683644;6337945;0;67770
FR;0;2022-09-28;628;818;2554;15396;624;2301;15510;0;622;54591103;52009994;37464801;5978739;53693847;40685945;6353455;0;68392
FR;0;2022-09-29;564;762;3118;21031;539;2632;21058;43;810;54591667;52010756;37467919;5999770;53694386;40688577;6374513;43;69202
FR;0;2022-09-30;773;1096;3951;25556;807;3298;25821;713;1051;54592440;52011852;37471870;6025326;53695193;40691875;6400334;756;70253
FR;0;2022-10-01;426;615;2006;5969;462;1736;6208;396;318;54592866;52012467;37473876;6031295;53695655;40693611;6406542;1152;70571
FR;0;2022-10-02;58;135;218;638;96;215;664;66;42;54592924;52012602;37474094;6031933;53695751;40693826;6407206;1218;70613
FR;0;2022-10-03;470;751;2443;12022;584;2152;12216;2074;745;54593394;52013353;37476537;6043955;53696335;40695978;6419422;3292;71358
FR;0;2022-10-04;617;793;3387;23507;536;2777;23684;4702;1583;54594011;52014146;37479924;6067462;53696871;40698755;6443106;7994;72941
FR;0;2022-10-05;544;807;2436;14598;583;2151;14743;3655;1210;54594555;52014953;37482360;6082060;53697454;40700906;6457849;11649;74151
FR;0;2022-10-06;535;705;3084;21682;507;2516;21893;6666;1907;54595090;52015658;37485444;6103742;53697961;40703422;6479742;18315;76058
FR;0;2022-10-07;723;977;4127;30296;707;3474;30385;16871;3203;54595813;52016635;37489571;6134038;53698668;40706896;6510127;35186;79261
FR;0;2022-10-08;345;513;1649;8431;372;1408;8600;6699;1170;54596158;52017148;37491220;6142469;53699040;40708304;6518727;41885;80431
FR;0;2022-10-09;109;137;336;1587;111;311;1650;1511;296;54596267;52017285;37491556;6144056;53699151;40708615;6520377;43396;80727
FR;0;2022-10-10;478;719;2917;20492;534;2501;20820;19516;3270;54596745;52018004;37494473;6164548;53699685;40711116;6541197;62912;83997
FR;0;2022-10-11;571;791;4262;40309;535;3562;40652;40146;6377;54597316;52018795;37498735;6204857;53700220;40714678;6581849;103058;90374
FR;0;2022-10-12;568;812;3252;26710;598;2757;27038;27296;4689;54597884;52019607;37501987;6231567;53700818;40717435;6608887;130354;95063
FR;0;2022-10-13;610;766;4002;38427;558;3121;38889;40593;6605;54598494;52020373;37505989;6269994;53701376;40720556;6647776;170947;101668
FR;0;2022-10-14;754;1049;4864;47653;761;3947;48130;51118;7857;54599248;52021422;37510853;6317647;53702137;40724503;6695906;222065;109525
FR;0;2022-10-15;356;504;1858;11846;342;1618;11963;13089;2275;54599604;52021926;37512711;6329493;53702479;40726121;6707869;235154;111800
FR;0;2022-10-16;92;129;372;1964;80;356;2009;2347;479;54599696;52022055;37513083;6331457;53702559;40726477;6709878;237501;112279
FR;0;2022-10-17;435;693;3031;26428;480;2470;26800;30749;5408;54600131;52022748;37516114;6357885;53703039;40728947;6736678;268250;117687
FR;0;2022-10-18;599;727;4700;46078;524;3757;46625;55424;11689;54600730;52023475;37520814;6403963;53703563;40732704;6783303;323674;129376
FR;0;2022-10-19;547;773;3629;34360;577;3066;34692;42416;9208;54601277;52024248;37524443;6438323;53704140;40735770;6817995;366090;138584
FR;0;2022-10-20;600;766;4829;49416;552;3711;50074;60452;12903;54601877;52025014;37529272;6487739;53704692;40739481;6868069;426542;151487
FR;0;2022-10-21;684;975;5699;56989;691;4508;57670;70906;14285;54602561;52025989;37534971;6544728;53705383;40743989;6925739;497448;165772
FR;0;2022-10-22;331;403;1654;12943;323;1320;13102;15935;3385;54602892;52026392;37536625;6557671;53705706;40745309;6938841;513383;169157
FR;0;2022-10-23;94;105;349;2062;100;265;2164;2756;631;54602986;52026497;37536974;6559733;53705806;40745574;6941005;516139;169788
FR;0;2022-10-24;550;592;3133;27123;419;2681;27547;35476;7803;54603536;52027089;37540107;6586856;53706225;40748255;6968552;551615;177591
FR;0;2022-10-25;588;717;4863;49049;526;3794;49722;65133;15403;54604124;52027806;37544970;6635905;53706751;40752049;7018274;616748;192994
FR;0;2022-10-26;528;637;3454;32527;472;2881;32845;43823;10939;54604652;52028443;37548424;6668432;53707223;40754930;7051119;660571;203933
FR;0;2022-10-27;586;686;4071;40743;486;3341;41216;54365;13087;54605238;52029129;37552495;6709175;53707709;40758271;7092335;714936;217020
FR;0;2022-10-28;698;847;4603;44133;615;3498;44961;58169;13129;54605936;52029976;37557098;6753308;53708324;40761769;7137296;773105;230149
FR;0;2022-10-29;257;354;1326;9487;250;1080;9621;12514;3010;54606193;52030330;37558424;6762795;53708574;40762849;7146917;785619;233159
FR;0;2022-10-30;87;111;286;1592;87;249;1640;2139;540;54606280;52030441;37558710;6764387;53708661;40763098;7148557;787758;233699
FR;0;2022-10-31;381;477;2069;16054;345;1621;16418;22143;5453;54606661;52030918;37560779;6780441;53709006;40764719;7164975;809901;239152
FR;0;2022-11-01;73;169;917;1113;130;947;1158;1663;483;54606734;52031087;37561696;6781554;53709136;40765666;7166133;811564;239635
FR;0;2022-11-02;502;652;3024;25363;480;2566;25840;36574;10110;54607236;52031739;37564720;6806917;53709616;40768232;7191973;848138;249745
FR;0;2022-11-03;636;688;4102;39996;521;3110;40723;56887;15293;54607872;52032427;37568822;6846913;53710137;40771342;7232696;905025;265038
FR;0;2022-11-04;654;823;4420;43634;568;3513;44249;60488;15233;54608526;52033250;37573242;6890547;53710705;40774855;7276945;965513;280271
FR;0;2022-11-05;252;353;1447;9705;277;1163;9914;13449;3290;54608778;52033603;37574689;6900252;53710982;40776018;7286859;978962;283561
FR;0;2022-11-06;91;112;263;1599;95;246;1629;2332;650;54608869;52033715;37574952;6901851;53711077;40776264;7288488;981294;284211
FR;0;2022-11-07;464;516;2716;26627;428;2198;27263;38900;10928;54609333;52034231;37577668;6928478;53711505;40778462;7315751;1020194;295139
FR;0;2022-11-08;593;776;4971;51879;562;3814;52876;74099;19992;54609926;52035007;37582639;6980357;53712067;40782276;7368627;1094293;315131
FR;0;2022-11-09;503;646;3354;31583;466;2682;32359;46308;13189;54610429;52035653;37585993;7011940;53712533;40784958;7400986;1140601;328320
FR;0;2022-11-10;612;855;4551;43581;604;3607;44476;62656;17242;54611041;52036508;37590544;7055521;53713137;40788565;7445462;1203257;345562
FR;0;2022-11-11;74;106;365;1660;72;309;1723;2787;1002;54611115;52036614;37590909;7057181;53713209;40788874;7447185;1206044;346564
FR;0;2022-11-12;205;318;1193;7098;226;975;7334;10285;2765;54611320;52036932;37592102;7064279;53713435;40789849;7454519;1216329;349329
FR;0;2022-11-13;63;90;247;1207;66;211;1261;1973;625;54611383;52037022;37592349;7065486;53713501;40790060;7455780;1218302;349954
FR;0;2022-11-14;431;515;2561;23929;362;2041;24554;36076;10842;54611814;52037537;37594910;7089415;53713863;40792101;7480334;1254378;360796
FR;0;2022-11-15;587;704;4299;44947;529;3338;45891;66738;19570;54612401;52038241;37599209;7134362;53714392;40795439;7526225;1321116;380366
FR;0;2022-11-16;540;616;3052;28498;487;2555;29030;43103;13270;54612941;52038857;37602261;7162860;53714879;40797994;7555255;1364219;393636
FR;0;2022-11-17;552;653;3797;39164;498;2958;39769;58230;17380;54613493;52039510;37606058;7202024;53715377;40800952;7595024;1422449;411016
FR;0;2022-11-18;616;762;4592;45078;576;3446;45983;65592;18300;54614109;52040272;37610650;7247102;53715953;40804398;7641007;1488041;429316
FR;0;2022-11-19;270;327;1496;9794;256;1092;9986;14306;4000;54614379;52040599;37612146;7256896;53716209;40805490;7650993;1502347;433316
FR;0;2022-11-20;69;92;302;1696;73;259;1770;2703;847;54614448;52040691;37612448;7258592;53716282;40805749;7652763;1505050;434163
FR;0;2022-11-21;432;505;2414;21371;343;1936;21934;32964;10273;54614880;52041196;37614862;7279963;53716625;40807685;7674697;1538014;444436
FR;0;2022-11-22;532;584;4014;39764;410;3152;40343;59621;18155;54615412;52041780;37618876;7319727;53717035;40810837;7715040;1597635;462591
FR;0;2022-11-23;466;541;2744;25984;383;2311;26475;40291;12827;54615878;52042321;37621620;7345711;53717418;40813148;7741515;1637926;475418
FR;0;2022-11-24;503;585;3750;37024;411;2936;37741;56507;17713;54616381;52042906;37625370;7382735;53717829;40816084;7779256;1694433;493131
FR;0;2022-11-25;567;708;4172;40099;558;3135;40937;59461;17364;54616948;52043614;37629542;7422834;53718387;40819219;7820193;1753894;510495
FR;0;2022-11-26;298;333;1334;9342;253;1061;9484;13966;3962;54617246;52043947;37630876;7432176;53718640;40820280;7829677;1767860;514457
FR;0;2022-11-27;70;78;264;1656;58;225;1683;2549;805;54617316;52044025;37631140;7433832;53718698;40820505;7831360;1770409;515262
FR;0;2022-11-28;407;465;2626;24705;347;1966;25435;38291;12139;54617723;52044490;37633766;7458537;53719045;40822471;7856795;1808700;527401
FR;0;2022-11-29;493;601;4365;46355;371;3273;47054;70770;22195;54618216;52045091;37638131;7504892;53719416;40825744;7903849;1879470;549596
FR;0;2022-11-30;499;674;3702;36836;478;2868;37619;56148;17174;54618715;52045765;37641833;7541728;53719894;40828612;7941468;1935618;566770
FR;0;2022-12-01;509;648;5254;51638;430;3832;52454;79187;24986;54619224;52046413;37647087;7593366;53720324;40832444;7993922;2014805;591756
FR;0;2022-12-02;625;730;6137;61398;512;4353;62622;92186;27355;54619849;52047143;37653224;7654764;53720836;40836797;8056544;2106991;619111
FR;0;2022-12-03;299;338;2271;18003;218;1610;18437;26653;7590;54620148;52047481;37655495;7672767;53721054;40838407;8074981;2133644;626701
FR;0;2022-12-04;92;122;523;4293;90;432;4345;6420;1848;54620240;52047603;37656018;7677060;53721144;40838839;8079326;2140064;628549
FR;0;2022-12-05;439;552;4263;44599;389;2873;45565;68800;21778;54620679;52048155;37660281;7721659;53721533;40841712;8124891;2208864;650327
FR;0;2022-12-06;608;720;6829;78115;457;4634;79627;121345;39385;54621287;52048875;37667110;7799774;53721990;40846346;8204518;2330209;689712
FR;0;2022-12-07;535;608;5331;58036;448;3573;59189;90265;29449;54621822;52049483;37672441;7857810;53722438;40849919;8263707;2420474;719161
FR;0;2022-12-08;601;700;6931;79389;443;4549;81076;123659;40660;54622423;52050183;37679372;7937199;53722881;40854468;8344783;2544133;759821
FR;0;2022-12-09;771;834;8631;95554;545;5691;97431;147007;46621;54623194;52051017;37688003;8032753;53723426;40860159;8442214;2691140;806442
FR;0;2022-12-10;397;427;3763;33902;271;2417;34801;50477;14687;54623591;52051444;37691766;8066655;53723697;40862576;8477015;2741617;821129
FR;0;2022-12-11;130;140;986;8349;100;681;8552;12231;3272;54623721;52051584;37692752;8075004;53723797;40863257;8485567;2753848;824401
FR;0;2022-12-12;502;567;6333;67318;361;4083;68920;105952;34684;54624223;52052151;37699085;8142322;53724158;40867340;8554487;2859800;859085
FR;0;2022-12-13;689;765;9012;103348;475;5605;105912;164425;54892;54624912;52052916;37708097;8245670;53724633;40872945;8660399;3024225;913977
FR;0;2022-12-14;574;686;6762;73104;454;4477;74742;116422;38524;54625486;52053602;37714859;8318774;53725087;40877422;8735141;3140647;952501
FR;0;2022-12-15;643;815;8794;95562;503;5629;97846;152555;51435;54626129;52054417;37723653;8414336;53725590;40883051;8832987;3293202;1003936
FR;0;2022-12-16;813;953;9694;104469;624;6384;106687;165911;55096;54626942;52055370;37733347;8518805;53726214;40889435;8939674;3459113;1059032
FR;0;2022-12-17;337;415;3460;31699;275;2251;32494;48285;14389;54627279;52055785;37736807;8550504;53726489;40891686;8972168;3507398;1073421
FR;0;2022-12-18;93;121;778;6295;72;530;6447;9589;2746;54627372;52055906;37737585;8556799;53726561;40892216;8978615;3516987;1076167
FR;0;2022-12-19;580;604;5722;56061;414;3657;57687;89978;29945;54627952;52056510;37743307;8612860;53726975;40895873;9036302;3606965;1106112
FR;0;2022-12-20;726;761;7873;79530;496;5167;81660;130252;44818;54628678;52057271;37751180;8692390;53727471;40901040;9117962;3737217;1150930
FR;0;2022-12-21;571;609;5257;50638;414;3523;51971;83493;28990;54629249;52057880;37756437;8743028;53727885;40904563;9169933;3820710;1179920
FR;0;2022-12-22;618;641;4837;45926;438;3345;47150;76194;26588;54629867;52058521;37761274;8788954;53728323;40907908;9217083;3896904;1206508
FR;0;2022-12-23;454;551;3322;26064;386;2487;26734;43112;14761;54630321;52059072;37764596;8815018;53728709;40910395;9243817;3940016;1221269
FR;0;2022-12-24;101;100;441;2688;73;332;2813;4258;1215;54630422;52059172;37765037;8817706;53728782;40910727;9246630;3944274;1222484
FR;0;2022-12-25;33;36;120;554;28;94;576;906;270;54630455;52059208;37765157;8818260;53728810;40910821;9247206;3945180;1222754
FR;0;2022-12-26;359;377;2478;16857;277;1799;17505;27495;8781;54630814;52059585;37767635;8835117;53729087;40912620;9264711;3972675;1231535
FR;0;2022-12-27;514;637;4082;33590;420;2819;34740;56493;19656;54631328;52060222;37771717;8868707;53729507;40915439;9299451;4029168;1251191
FR;0;2022-12-28;461;488;3104;25580;324;2187;26192;42664;14714;54631789;52060710;37774821;8894287;53729831;40917626;9325643;4071832;1265905
FR;0;2022-12-29;422;518;3359;26461;330;2326;27438;44724;15452;54632211;52061228;37778180;8920748;53730161;40919952;9353081;4116556;1281357
FR;0;2022-12-30;439;494;2599;19464;347;1839;20123;32381;10868;54632650;52061722;37780779;8940212;53730508;40921791;9373204;4148937;1292225
FR;0;2022-12-31;133;154;495;3161;117;403;3305;4911;1322;54632783;52061876;37781274;8943373;53730625;40922194;9376509;4153848;1293547
FR;0;2023-01-01;20;42;163;697;24;135;725;1007;240;54632803;52061918;37781437;8944070;53730649;40922329;9377234;4154855;1293787
FR;0;2023-01-02;342;468;2387;18889;304;1709;19347;32796;12001;54633145;52062386;37783824;8962959;53730953;40924038;9396581;4187651;1305788
FR;0;2023-01-03;619;634;4448;43911;411;3068;44856;82279;34574;54633764;52063020;37788272;9006870;53731364;40927106;9441437;4269930;1340362
FR;0;2023-01-04;511;545;3623;30801;367;2509;31589;59244;25519;54634275;52063565;37791895;9037671;53731731;40929615;9473026;4329174;1365881
FR;0;2023-01-05;634;687;4520;42718;499;3002;43649;82742;36520;54634909;52064252;37796415;9080389;53732230;40932617;9516675;4411916;1402401
FR;0;2023-01-06;709;818;5291;47920;535;3461;48923;90768;38900;54635618;52065070;37801706;9128309;53732765;40936078;9565598;4502684;1441301
FR;0;2023-01-07;334;390;1788;12753;280;1266;13057;22710;8634;54635952;52065460;37803494;9141062;53733045;40937344;9578655;4525394;1449935
FR;0;2023-01-08;93;130;464;2841;86;329;2929;5063;1918;54636045;52065590;37803958;9143903;53733131;40937673;9581584;4530457;1451853
FR;0;2023-01-09;536;594;2695;21766;417;1917;22345;44602;20589;54636581;52066184;37806653;9165669;53733548;40939590;9603929;4575059;1472442
FR;0;2023-01-10;562;684;4412;40151;461;3065;40987;83944;40147;54637143;52066868;37811065;9205820;53734009;40942655;9644916;4659003;1512589
FR;0;2023-01-11;441;521;2931;23809;356;2092;24347;49978;23740;54637584;52067389;37813996;9229629;53734365;40944747;9669263;4708981;1536329
