fra;vaccin;jour;n_dose1;n_dose2;n_dose3;n_dose4;n_rappel;n_cum_dose1;n_cum_dose2;n_cum_dose3;n_cum_dose4;n_cum_rappel
FR;1;2020-12-27;604;0;0;0;0;604;0;0;0;0
FR;1;2020-12-28;672;1;0;0;0;1276;1;0;0;0
FR;1;2020-12-29;374;0;0;0;0;1650;1;0;0;0
FR;1;2020-12-30;441;0;0;0;0;2091;1;0;0;0
FR;1;2020-12-31;438;1;0;0;0;2529;2;0;0;0
FR;1;2021-01-01;1139;2;0;0;0;3668;4;0;0;0
FR;1;2021-01-02;359;3;0;0;0;4027;7;0;0;0
FR;1;2021-01-03;402;0;0;0;0;4429;7;0;0;0
FR;1;2021-01-04;2094;2;0;0;0;6523;9;0;0;0
FR;1;2021-01-05;7735;3;0;0;0;14258;12;0;0;0
FR;1;2021-01-06;12450;14;0;0;0;26708;26;0;0;0
FR;1;2021-01-07;29452;12;0;0;0;56160;38;0;0;0
FR;1;2021-01-08;37124;12;0;0;0;93284;50;0;0;0
FR;1;2021-01-09;11209;5;0;0;0;104493;55;0;0;0
FR;1;2021-01-10;6000;4;0;0;0;110493;59;0;0;0
FR;1;2021-01-11;39925;18;0;0;0;150418;77;0;0;0
FR;1;2021-01-12;62128;16;0;0;0;212546;93;0;0;0
FR;1;2021-01-13;65113;31;0;0;0;277659;124;0;0;0
FR;1;2021-01-14;81438;97;0;0;0;359097;221;0;0;0
FR;1;2021-01-15;68599;34;0;0;0;427696;255;0;0;0
FR;1;2021-01-16;19895;69;0;0;0;447591;324;0;0;0
FR;1;2021-01-17;10897;49;0;0;0;458488;373;0;0;0
FR;1;2021-01-18;82813;162;0;0;0;541301;535;0;0;0
FR;1;2021-01-19;125907;174;0;0;0;667208;709;0;0;0
FR;1;2021-01-20;132396;176;0;0;0;799604;885;0;0;0
FR;1;2021-01-21;153049;158;0;0;0;952653;1043;0;0;0
FR;1;2021-01-22;115933;202;0;0;0;1068586;1245;0;0;0
FR;1;2021-01-23;36603;67;0;0;0;1105189;1312;0;0;0
FR;1;2021-01-24;9581;78;0;0;0;1114770;1390;0;0;0
FR;1;2021-01-25;74415;1288;0;0;0;1189185;2678;0;0;0
FR;1;2021-01-26;96447;3312;1;0;0;1285632;5990;1;0;0
FR;1;2021-01-27;103630;5960;0;0;0;1389262;11950;1;0;0
FR;1;2021-01-28;120588;15151;0;0;0;1509850;27101;1;0;0
FR;1;2021-01-29;88881;17822;0;0;0;1598731;44923;1;0;0
FR;1;2021-01-30;27984;4334;0;0;0;1626715;49257;1;0;0
FR;1;2021-01-31;5184;1749;0;0;0;1631899;51006;1;0;0
FR;1;2021-02-01;49708;21624;0;0;0;1681607;72630;1;0;0
FR;1;2021-02-02;67798;35969;0;0;0;1749405;108599;1;0;0
FR;1;2021-02-03;67078;38326;0;0;0;1816483;146925;1;0;0
FR;1;2021-02-04;77124;51968;0;0;0;1893607;198893;1;0;0
FR;1;2021-02-05;63406;46254;0;0;0;1957013;245147;1;0;0
FR;1;2021-02-06;19409;10802;0;0;0;1976422;255949;1;0;0
FR;1;2021-02-07;3660;5379;0;0;0;1980082;261328;1;0;0
FR;1;2021-02-08;36486;47050;0;0;0;2016568;308378;1;0;0
FR;1;2021-02-09;50791;74982;0;0;0;2067359;383360;1;0;0
FR;1;2021-02-10;52051;79676;0;0;0;2119410;463036;1;0;0
FR;1;2021-02-11;63358;101732;0;0;0;2182768;564768;1;0;0
FR;1;2021-02-12;55842;74852;0;0;0;2238610;639620;1;0;0
FR;1;2021-02-13;15453;19270;0;0;0;2254063;658890;1;0;0
FR;1;2021-02-14;3744;7281;0;0;0;2257807;666171;1;0;0
FR;1;2021-02-15;24132;73531;0;0;0;2281939;739702;1;0;0
FR;1;2021-02-16;32761;96496;0;0;0;2314700;836198;1;0;0
FR;1;2021-02-17;35106;100445;6;0;0;2349806;936643;7;0;0
FR;1;2021-02-18;49430;115761;0;0;0;2399236;1052404;7;0;0
FR;1;2021-02-19;45371;86756;1;0;0;2444607;1139160;8;0;0
FR;1;2021-02-20;13378;27083;0;0;0;2457985;1166243;8;0;0
FR;1;2021-02-21;2454;6177;0;0;0;2460439;1172420;8;0;0
FR;1;2021-02-22;24712;69482;2;0;0;2485151;1241902;10;0;0
FR;1;2021-02-23;37418;80767;1;0;0;2522569;1322669;11;0;0
FR;1;2021-02-24;40679;78362;1;0;0;2563248;1401031;12;0;0
FR;1;2021-02-25;50137;87997;1;0;0;2613385;1489028;13;0;0
FR;1;2021-02-26;47192;67548;1;0;0;2660577;1556576;14;0;0
FR;1;2021-02-27;15668;21107;1;0;0;2676245;1577683;15;0;0
FR;1;2021-02-28;3553;4222;2;0;0;2679798;1581905;17;0;0
FR;1;2021-03-01;40152;49590;1;0;0;2719950;1631495;18;0;0
FR;1;2021-03-02;55963;61940;2;0;0;2775913;1693435;20;0;0
FR;1;2021-03-03;61215;60606;0;0;0;2837128;1754041;20;0;0
FR;1;2021-03-04;72979;66473;3;0;0;2910107;1820514;23;0;0
FR;1;2021-03-05;74739;58922;3;0;0;2984846;1879436;26;0;0
FR;1;2021-03-06;82438;15969;2;0;0;3067284;1895405;28;0;0
FR;1;2021-03-07;63711;4831;1;0;0;3130995;1900236;29;0;0
FR;1;2021-03-08;60149;41865;2;0;0;3191144;1942101;31;0;0
FR;1;2021-03-09;85972;47873;1;0;0;3277116;1989974;32;0;0
FR;1;2021-03-10;90881;47914;5;0;0;3367997;2037888;37;0;0
FR;1;2021-03-11;105045;54286;1;0;0;3473042;2092174;38;0;0
FR;1;2021-03-12;104095;45046;1;0;0;3577137;2137220;39;0;0
FR;1;2021-03-13;89186;12685;1;0;0;3666323;2149905;40;0;0
FR;1;2021-03-14;44450;2842;1;0;0;3710773;2152747;41;0;0
FR;1;2021-03-15;95479;28566;3;0;0;3806252;2181313;44;0;0
FR;1;2021-03-16;123577;34431;5;0;0;3929829;2215744;49;0;0
FR;1;2021-03-17;129284;34167;4;0;0;4059113;2249911;53;0;0
FR;1;2021-03-18;142863;39536;5;0;0;4201976;2289447;58;0;0
FR;1;2021-03-19;136222;32462;2;0;0;4338198;2321909;60;0;0
FR;1;2021-03-20;75981;9948;1;0;0;4414179;2331857;61;0;0
FR;1;2021-03-21;26496;2278;1;0;0;4440675;2334135;62;0;0
FR;1;2021-03-22;114726;30745;2;0;0;4555401;2364880;64;0;0
FR;1;2021-03-23;142999;38114;1;0;0;4698400;2402994;65;0;0
FR;1;2021-03-24;141976;38511;0;0;0;4840376;2441505;65;0;0
FR;1;2021-03-25;164985;39630;4;0;0;5005361;2481135;69;0;0
FR;1;2021-03-26;166366;37501;4;1;0;5171727;2518636;73;1;0
FR;1;2021-03-27;110868;15327;1;0;0;5282595;2533963;74;1;0
FR;1;2021-03-28;42295;3941;3;0;0;5324890;2537904;77;1;0
FR;1;2021-03-29;129795;49545;4;0;0;5454685;2587449;81;1;0
FR;1;2021-03-30;167702;63550;4;0;0;5622387;2650999;85;1;0
FR;1;2021-03-31;170906;67315;4;0;0;5793293;2718314;89;1;0
FR;1;2021-04-01;194746;81095;10;0;0;5988039;2799409;99;1;0
FR;1;2021-04-02;164423;85144;7;0;0;6152462;2884553;106;1;0
FR;1;2021-04-03;88230;58053;5;0;0;6240692;2942606;111;1;0
FR;1;2021-04-04;33637;17693;0;0;0;6274329;2960299;111;1;0
FR;1;2021-04-05;46384;9921;11;0;0;6320713;2970220;122;1;0
FR;1;2021-04-06;160282;102520;17;0;0;6480995;3072740;139;1;0
FR;1;2021-04-07;196952;108156;16;0;0;6677947;3180896;155;1;0
FR;1;2021-04-08;222069;112987;13;0;0;6900016;3293883;168;1;0
FR;1;2021-04-09;214516;107502;21;0;0;7114532;3401385;189;1;0
FR;1;2021-04-10;117157;73268;14;0;0;7231689;3474653;203;1;0
FR;1;2021-04-11;40879;30098;6;0;0;7272568;3504751;209;1;0
FR;1;2021-04-12;168431;103965;45;0;0;7440999;3608716;254;1;0
FR;1;2021-04-13;203764;127939;97;1;0;7644763;3736655;351;2;0
FR;1;2021-04-14;208578;122688;207;0;0;7853341;3859343;558;2;0
FR;1;2021-04-15;221625;127175;311;0;0;8074966;3986518;869;2;0
FR;1;2021-04-16;206017;125203;308;0;0;8280983;4111721;1177;2;0
FR;1;2021-04-17;122065;67229;103;0;0;8403048;4178950;1280;2;0
FR;1;2021-04-18;35955;20932;41;0;0;8439003;4199882;1321;2;0
FR;1;2021-04-19;163715;121676;432;0;0;8602718;4321558;1753;2;0
FR;1;2021-04-20;189371;148998;531;0;0;8792089;4470556;2284;2;0
FR;1;2021-04-21;193948;147037;758;0;0;8986037;4617593;3042;2;0
FR;1;2021-04-22;208989;163311;777;0;0;9195026;4780904;3819;2;0
FR;1;2021-04-23;198924;157109;671;0;0;9393950;4938013;4490;2;0
FR;1;2021-04-24;126312;95518;148;0;0;9520262;5033531;4638;2;0
FR;1;2021-04-25;53622;29999;46;0;0;9573884;5063530;4684;2;0
FR;1;2021-04-26;181104;138565;539;0;0;9754988;5202095;5223;2;0
FR;1;2021-04-27;221328;161953;900;0;0;9976316;5364048;6123;2;0
FR;1;2021-04-28;238254;155190;1311;1;1;10214570;5519238;7434;3;1
FR;1;2021-04-29;270237;160570;1208;0;0;10484807;5679808;8642;3;1
FR;1;2021-04-30;271938;148207;1070;0;0;10756745;5828015;9712;3;1
FR;1;2021-05-01;141126;40620;172;0;0;10897871;5868635;9884;3;1
FR;1;2021-05-02;81525;28093;81;0;0;10979396;5896728;9965;3;1
FR;1;2021-05-03;250747;144902;800;0;0;11230143;6041630;10765;3;1
FR;1;2021-05-04;265833;187030;1198;0;0;11495976;6228660;11963;3;1
FR;1;2021-05-05;283833;184884;1265;0;0;11779809;6413544;13228;3;1
FR;1;2021-05-06;309915;183388;1500;0;0;12089724;6596932;14728;3;1
FR;1;2021-05-07;284052;195748;1125;0;0;12373776;6792680;15853;3;1
FR;1;2021-05-08;191642;48926;285;0;0;12565418;6841606;16138;3;1
FR;1;2021-05-09;114043;35712;236;0;0;12679461;6877318;16374;3;1
FR;1;2021-05-10;258169;194110;1184;0;0;12937630;7071428;17558;3;1
FR;1;2021-05-11;318841;210992;1462;0;0;13256471;7282420;19020;3;1
FR;1;2021-05-12;356579;185766;1399;0;0;13613050;7468186;20419;3;1
FR;1;2021-05-13;283414;47671;399;0;0;13896464;7515857;20818;3;1
FR;1;2021-05-14;370450;128573;992;0;0;14266914;7644430;21810;3;1
FR;1;2021-05-15;298057;66119;403;0;0;14564971;7710549;22213;3;1
FR;1;2021-05-16;157758;15519;158;0;0;14722729;7726068;22371;3;1
FR;1;2021-05-17;318900;116279;1438;0;0;15041629;7842347;23809;3;1
FR;1;2021-05-18;383287;111245;1796;0;0;15424916;7953592;25605;3;1
FR;1;2021-05-19;395221;102459;2177;0;0;15820137;8056051;27782;3;1
FR;1;2021-05-20;421761;96105;2042;0;0;16241898;8152156;29824;3;1
FR;1;2021-05-21;399771;97169;1756;0;0;16641669;8249325;31580;3;1
FR;1;2021-05-22;275659;42014;602;0;0;16917328;8291339;32182;3;1
FR;1;2021-05-23;122999;11126;224;0;0;17040327;8302465;32406;3;1
FR;1;2021-05-24;243989;26230;568;0;0;17284316;8328695;32974;3;1
FR;1;2021-05-25;366197;131613;2109;1;0;17650513;8460308;35083;4;1
FR;1;2021-05-26;380780;126084;1991;0;0;18031293;8586392;37074;4;1
FR;1;2021-05-27;406109;128070;1974;0;0;18437402;8714462;39048;4;1
FR;1;2021-05-28;365994;145294;1698;0;0;18803396;8859756;40746;4;1
FR;1;2021-05-29;253810;80857;525;0;0;19057206;8940613;41271;4;1
FR;1;2021-05-30;100964;22555;157;0;0;19158170;8963168;41428;4;1
FR;1;2021-05-31;314278;148791;1280;1;1;19472448;9111959;42708;5;2
FR;1;2021-06-01;361554;166444;1724;1;1;19834002;9278403;44432;6;3
FR;1;2021-06-02;365054;153332;1792;0;0;20199056;9431735;46224;6;3
FR;1;2021-06-03;391151;147593;1649;0;0;20590207;9579328;47873;6;3
FR;1;2021-06-04;363680;175513;1492;1;1;20953887;9754841;49365;7;4
FR;1;2021-06-05;258480;112651;596;0;0;21212367;9867492;49961;7;4
FR;1;2021-06-06;126781;37546;215;0;0;21339148;9905038;50176;7;4
FR;1;2021-06-07;300399;207776;1362;0;0;21639547;10112814;51538;7;4
FR;1;2021-06-08;330613;220691;1639;0;0;21970160;10333505;53177;7;4
FR;1;2021-06-09;336456;212089;1609;0;0;22306616;10545594;54786;7;4
FR;1;2021-06-10;343800;201690;1610;0;0;22650416;10747284;56396;7;4
FR;1;2021-06-11;311834;235169;1294;0;0;22962250;10982453;57690;7;4
FR;1;2021-06-12;244044;150644;432;0;0;23206294;11133097;58122;7;4
FR;1;2021-06-13;100329;60996;188;0;0;23306623;11194093;58310;7;4
FR;1;2021-06-14;207780;288643;1317;1;0;23514403;11482736;59627;8;4
FR;1;2021-06-15;256781;282031;1391;1;0;23771184;11764767;61018;9;4
FR;1;2021-06-16;273604;270604;1263;1;0;24044788;12035371;62281;10;4
FR;1;2021-06-17;268152;244785;1231;1;0;24312940;12280156;63512;11;4
FR;1;2021-06-18;260546;295612;1150;1;0;24573486;12575768;64662;12;4
FR;1;2021-06-19;193431;209474;387;0;0;24766917;12785242;65049;12;4
FR;1;2021-06-20;69668;89146;117;0;0;24836585;12874388;65166;12;4
FR;1;2021-06-21;172310;319790;930;1;1;25008895;13194178;66096;13;5
FR;1;2021-06-22;185797;347863;1098;10;2;25194692;13542041;67194;23;7
FR;1;2021-06-23;204149;339470;1048;0;0;25398841;13881511;68242;23;7
FR;1;2021-06-24;203482;282114;1170;0;0;25602323;14163625;69412;23;7
FR;1;2021-06-25;182625;371802;1196;0;0;25784948;14535427;70608;23;7
FR;1;2021-06-26;131370;278357;503;0;0;25916318;14813784;71111;23;7
FR;1;2021-06-27;52384;122906;145;0;0;25968702;14936690;71256;23;7
FR;1;2021-06-28;136535;368163;1058;0;0;26105237;15304853;72314;23;7
FR;1;2021-06-29;154765;390795;1849;0;0;26260002;15695648;74163;23;7
FR;1;2021-06-30;179931;380396;1663;4;2;26439933;16076044;75826;27;9
FR;1;2021-07-01;201317;332217;1886;5;1;26641250;16408261;77712;32;10
FR;1;2021-07-02;193610;367615;1764;5;2;26834860;16775876;79476;37;12
FR;1;2021-07-03;124405;280463;704;3;1;26959265;17056339;80180;40;13
FR;1;2021-07-04;53911;113689;244;0;0;27013176;17170028;80424;40;13
FR;1;2021-07-05;153751;356020;1500;8;2;27166927;17526048;81924;48;15
FR;1;2021-07-06;173355;382525;1601;45;8;27340282;17908573;83525;93;23
FR;1;2021-07-07;190659;362549;1657;24;5;27530941;18271122;85182;117;28
FR;1;2021-07-08;201431;323097;1826;20;6;27732372;18594219;87008;137;34
FR;1;2021-07-09;189752;387780;1851;3;2;27922124;18981999;88859;140;36
FR;1;2021-07-10;129884;281134;814;1;1;28052008;19263133;89673;141;37
FR;1;2021-07-11;57637;102515;261;0;0;28109645;19365648;89934;141;37
FR;1;2021-07-12;149508;417021;1580;4;0;28259153;19782669;91514;145;37
FR;1;2021-07-13;234109;439453;1805;8;1;28493262;20222122;93319;153;38
FR;1;2021-07-14;171768;151523;417;0;0;28665030;20373645;93736;153;38
FR;1;2021-07-15;279536;424745;1857;1;0;28944566;20798390;95593;154;38
FR;1;2021-07-16;290306;401163;1711;3;1;29234872;21199553;97304;157;39
FR;1;2021-07-17;217291;282103;754;1;0;29452163;21481656;98058;158;39
FR;1;2021-07-18;101967;107300;288;0;0;29554130;21588956;98346;158;39
FR;1;2021-07-19;238094;379071;1496;3;0;29792224;21968027;99842;161;39
FR;1;2021-07-20;305617;380652;1468;0;0;30097841;22348679;101310;161;39
FR;1;2021-07-21;333154;353340;1412;4;2;30430995;22702019;102722;165;41
FR;1;2021-07-22;364570;319189;1502;3;2;30795565;23021208;104224;168;43
FR;1;2021-07-23;349276;343522;1586;4;2;31144841;23364730;105810;172;45
FR;1;2021-07-24;238916;240958;696;1;0;31383757;23605688;106506;173;45
FR;1;2021-07-25;112757;76039;219;0;0;31496514;23681727;106725;173;45
FR;1;2021-07-26;299039;289960;1496;2;2;31795553;23971687;108221;175;47
FR;1;2021-07-27;385736;268603;1457;4;2;32181289;24240290;109678;179;49
FR;1;2021-07-28;390115;251369;1460;4;2;32571404;24491659;111138;183;51
FR;1;2021-07-29;406039;228197;1538;2;1;32977443;24719856;112676;185;52
FR;1;2021-07-30;370620;246947;1633;4;1;33348063;24966803;114309;189;53
FR;1;2021-07-31;243360;165131;793;1;0;33591423;25131934;115102;190;53
FR;1;2021-08-01;105531;47228;233;0;0;33696954;25179162;115335;190;53
FR;1;2021-08-02;297069;213172;1476;2;0;33994023;25392334;116811;192;53
FR;1;2021-08-03;331206;209090;1547;2;1;34325229;25601424;118358;194;54
FR;1;2021-08-04;327904;184282;1437;5;3;34653133;25785706;119795;199;57
FR;1;2021-08-05;301152;193511;1482;0;0;34954285;25979217;121277;199;57
FR;1;2021-08-06;290877;224458;1559;3;1;35245162;26203675;122836;202;58
FR;1;2021-08-07;182605;158819;654;4;3;35427767;26362494;123490;206;61
FR;1;2021-08-08;68843;59124;247;0;0;35496610;26421618;123737;206;61
FR;1;2021-08-09;222665;235785;1441;4;3;35719275;26657403;125178;210;64
FR;1;2021-08-10;252589;240556;1488;2;1;35971864;26897959;126666;212;65
FR;1;2021-08-11;236107;232219;1271;5;1;36207971;27130178;127937;217;66
FR;1;2021-08-12;220673;240221;1486;3;1;36428644;27370399;129423;220;67
FR;1;2021-08-13;201651;238598;1357;2;2;36630295;27608997;130780;222;69
FR;1;2021-08-14;122830;174140;645;0;0;36753125;27783137;131425;222;69
FR;1;2021-08-15;34669;46128;199;1;0;36787794;27829265;131624;223;69
FR;1;2021-08-16;156872;289789;1421;0;0;36944666;28119054;133045;223;69
FR;1;2021-08-17;171527;291485;1421;5;1;37116193;28410539;134466;228;70
FR;1;2021-08-18;161362;286992;1391;6;3;37277555;28697531;135857;234;73
FR;1;2021-08-19;148862;277759;1400;1;0;37426417;28975290;137257;235;73
FR;1;2021-08-20;140446;309175;1528;2;2;37566863;29284465;138785;237;75
FR;1;2021-08-21;84248;213241;586;0;0;37651111;29497706;139371;237;75
FR;1;2021-08-22;28547;82693;230;0;0;37679658;29580399;139601;237;75
FR;1;2021-08-23;118600;321155;1421;2;1;37798258;29901554;141022;239;76
FR;1;2021-08-24;126607;319872;1602;5;1;37924865;30221426;142624;244;77
FR;1;2021-08-25;121478;306590;1778;8;3;38046343;30528016;144402;252;80
FR;1;2021-08-26;106558;286200;2157;10;1;38152901;30814216;146559;262;81
FR;1;2021-08-27;107607;321698;2300;9;3;38260508;31135914;148859;271;84
FR;1;2021-08-28;70986;220714;1099;0;0;38331494;31356628;149958;271;84
FR;1;2021-08-29;24135;78166;468;1;0;38355629;31434794;150426;272;84
FR;1;2021-08-30;96820;286511;4309;6;5109;38452449;31721305;154735;278;5193
FR;1;2021-08-31;98034;276392;9286;15;10143;38550483;31997697;164021;293;15336
FR;1;2021-09-01;112049;245361;21109;7;22093;38662532;32243058;185130;300;37429
FR;1;2021-09-02;85107;198011;24524;11;25445;38747639;32441069;209654;311;62874
FR;1;2021-09-03;82349;227605;26948;20;27977;38829988;32668674;236602;331;90851
FR;1;2021-09-04;71603;189729;11139;11;11663;38901591;32858403;247741;342;102514
FR;1;2021-09-05;18603;41181;4121;2;4293;38920194;32899584;251862;344;106807
FR;1;2021-09-06;59491;151596;30174;15;31147;38979685;33051180;282036;359;137954
FR;1;2021-09-07;57265;139719;30203;27;31141;39036950;33190899;312239;386;169095
FR;1;2021-09-08;71576;173886;26917;20;27882;39108526;33364785;339156;406;196977
FR;1;2021-09-09;54323;124561;28602;23;29658;39162849;33489346;367758;429;226635
FR;1;2021-09-10;65971;152118;30434;22;31582;39228820;33641464;398192;451;258217
FR;1;2021-09-11;52480;146617;9728;14;10313;39281300;33788081;407920;465;268530
FR;1;2021-09-12;10782;29250;2482;1;2635;39292082;33817331;410402;466;271165
FR;1;2021-09-13;51387;104555;38734;29;39951;39343469;33921886;449136;495;311116
FR;1;2021-09-14;53239;96068;51257;66;52952;39396708;34017954;500393;561;364068
FR;1;2021-09-15;60405;139322;50464;55;46976;39457113;34157276;550857;616;411044
FR;1;2021-09-16;46553;81463;53299;71;49497;39503666;34238739;604156;687;460541
FR;1;2021-09-17;53153;109397;45050;61;42647;39556819;34348136;649206;748;503188
FR;1;2021-09-18;37849;118497;11793;19;11261;39594668;34466633;660999;767;514449
FR;1;2021-09-19;6499;21036;2037;1;1972;39601167;34487669;663036;768;516421
FR;1;2021-09-20;36465;74928;46179;66;44098;39637632;34562597;709215;834;560519
FR;1;2021-09-21;34142;68162;56239;71;52653;39671774;34630759;765454;905;613172
FR;1;2021-09-22;38791;118540;49839;76;46832;39710565;34749299;815293;981;660004
FR;1;2021-09-23;31971;62871;54470;85;50834;39742536;34812170;869763;1066;710838
FR;1;2021-09-24;36752;90119;43644;91;41889;39779288;34902289;913407;1157;752727
FR;1;2021-09-25;27633;96654;12299;27;12167;39806921;34998943;925706;1184;764894
FR;1;2021-09-26;4362;15195;1772;5;1695;39811283;35014138;927478;1189;766589
FR;1;2021-09-27;27324;60229;42890;89;41584;39838607;35074367;970368;1278;808173
FR;1;2021-09-28;26875;49476;47171;75;44415;39865482;35123843;1017539;1353;852588
FR;1;2021-09-29;35866;80394;47249;87;45538;39901348;35204237;1064788;1440;898126
FR;1;2021-09-30;26018;46839;47506;80;45394;39927366;35251076;1112294;1520;943520
FR;1;2021-10-01;47205;65364;44865;83;44438;39974571;35316440;1157159;1603;987958
FR;1;2021-10-02;32350;62394;16107;32;16300;40006921;35378834;1173266;1635;1004258
FR;1;2021-10-03;4333;8570;2032;3;2026;40011254;35387404;1175298;1638;1006284
FR;1;2021-10-04;28882;44464;47088;79;46903;40040136;35431868;1222386;1717;1053187
FR;1;2021-10-05;24400;41637;49843;116;49203;40064536;35473505;1272229;1833;1102390
FR;1;2021-10-06;34516;61386;57458;102;57161;40099052;35534891;1329687;1935;1159551
FR;1;2021-10-07;20998;39844;53001;75;51819;40120050;35574735;1382688;2010;1211370
FR;1;2021-10-08;35135;59612;60366;83;61066;40155185;35634347;1443054;2093;1272436
FR;1;2021-10-09;27435;47995;25478;29;25981;40182620;35682342;1468532;2122;1298417
FR;1;2021-10-10;3683;5793;2747;7;2849;40186303;35688135;1471279;2129;1301266
FR;1;2021-10-11;24800;38160;54565;88;55178;40211103;35726295;1525844;2217;1356444
FR;1;2021-10-12;23260;36550;58030;127;59097;40234363;35762845;1583874;2344;1415541
FR;1;2021-10-13;32871;47854;64150;124;65631;40267234;35810699;1648024;2468;1481172
FR;1;2021-10-14;21627;34785;53732;103;54304;40288861;35845484;1701756;2571;1535476
FR;1;2021-10-15;32579;48832;72303;165;74928;40321440;35894316;1774059;2736;1610404
FR;1;2021-10-16;25975;35294;34859;44;36394;40347415;35929610;1808918;2780;1646798
FR;1;2021-10-17;3101;4062;3408;2;3315;40350516;35933672;1812326;2782;1650113
FR;1;2021-10-18;23649;34934;66809;131;69665;40374165;35968606;1879135;2913;1719778
FR;1;2021-10-19;20608;34906;75632;135;79525;40394773;36003512;1954767;3048;1799303
FR;1;2021-10-20;29839;44262;96149;178;99786;40424612;36047774;2050916;3226;1899089
FR;1;2021-10-21;19630;35083;83134;107;86987;40444242;36082857;2134050;3333;1986076
FR;1;2021-10-22;29545;47720;103703;196;109591;40473787;36130577;2237753;3529;2095667
FR;1;2021-10-23;23014;35159;44854;57;47359;40496801;36165736;2282607;3586;2143026
FR;1;2021-10-24;2374;3870;3579;6;3731;40499175;36169606;2286186;3592;2146757
FR;1;2021-10-25;22403;30815;82000;143;85773;40521578;36200421;2368186;3735;2232530
FR;1;2021-10-26;19310;27725;86067;162;90283;40540888;36228146;2454253;3897;2322813
FR;1;2021-10-27;26169;39681;107769;252;112620;40567057;36267827;2562022;4149;2435433
FR;1;2021-10-28;18696;27106;86904;150;91612;40585753;36294933;2648926;4299;2527045
FR;1;2021-10-29;25888;40274;114791;200;121545;40611641;36335207;2763717;4499;2648590
FR;1;2021-10-30;17684;28725;49342;74;51918;40629325;36363932;2813059;4573;2700508
FR;1;2021-10-31;2056;3188;3445;2;3678;40631381;36367120;2816504;4575;2704186
FR;1;2021-11-01;7785;4223;3021;3;3266;40639166;36371343;2819525;4578;2707452
FR;1;2021-11-02;21978;33229;92354;156;97704;40661144;36404572;2911879;4734;2805156
FR;1;2021-11-03;26391;41584;117451;215;123808;40687535;36446156;3029330;4949;2928964
FR;1;2021-11-04;19538;30315;105747;213;111837;40707073;36476471;3135077;5162;3040801
FR;1;2021-11-05;26940;42271;138723;228;147308;40734013;36518742;3273800;5390;3188109
FR;1;2021-11-06;18825;29839;63446;123;66426;40752838;36548581;3337246;5513;3254535
FR;1;2021-11-07;1794;3331;4962;6;5298;40754632;36551912;3342208;5519;3259833
FR;1;2021-11-08;17752;32316;125953;224;132532;40772384;36584228;3468161;5743;3392365
FR;1;2021-11-09;19349;37705;159237;335;168961;40791733;36621933;3627398;6078;3561326
FR;1;2021-11-10;28731;49214;181831;440;192387;40820464;36671147;3809229;6518;3753713
FR;1;2021-11-11;3894;5943;12202;26;13011;40824358;36677090;3821431;6544;3766724
FR;1;2021-11-12;25952;46854;174755;244;186362;40850310;36723944;3996186;6788;3953086
FR;1;2021-11-13;18712;29236;76804;111;81738;40869022;36753180;4072990;6899;4034824
FR;1;2021-11-14;2031;3301;6815;5;7377;40871053;36756481;4079805;6904;4042201
FR;1;2021-11-15;18680;34877;156356;304;166130;40889733;36791358;4236161;7208;4208331
FR;1;2021-11-16;21170;37973;192029;377;204822;40910903;36829331;4428190;7585;4413153
FR;1;2021-11-17;28534;45707;193159;399;204939;40939437;36875038;4621349;7984;4618092
FR;1;2021-11-18;21077;39024;182411;458;194399;40960514;36914062;4803760;8442;4812491
FR;1;2021-11-19;30789;53358;230159;529;246580;40991303;36967420;5033919;8971;5059071
FR;1;2021-11-20;23745;33324;96948;201;103585;41015048;37000744;5130867;9172;5162656
FR;1;2021-11-21;2315;3997;9099;18;9961;41017363;37004741;5139966;9190;5172617
FR;1;2021-11-22;21367;30494;175817;465;189331;41038730;37035235;5315783;9655;5361948
FR;1;2021-11-23;23888;41161;221111;539;237815;41062618;37076396;5536894;10194;5599763
FR;1;2021-11-24;30271;49822;217266;703;234396;41092889;37126218;5754160;10897;5834159
FR;1;2021-11-25;23555;44026;244382;718;263962;41116444;37170244;5998542;11615;6098121
FR;1;2021-11-26;30595;66656;356708;833;388401;41147039;37236900;6355250;12448;6486522
FR;1;2021-11-27;21822;45403;202569;371;222555;41168861;37282303;6557819;12819;6709077
FR;1;2021-11-28;3154;9664;54761;63;61033;41172015;37291967;6612580;12882;6770110
FR;1;2021-11-29;17859;49529;326294;840;354290;41189874;37341496;6938874;13722;7124400
FR;1;2021-11-30;22750;64994;431049;952;470624;41212624;37406490;7369923;14674;7595024
FR;1;2021-12-01;25080;69369;442762;1130;481612;41237704;37475859;7812685;15804;8076636
FR;1;2021-12-02;20017;64521;489268;1228;532708;41257721;37540380;8301953;17032;8609344
FR;1;2021-12-03;22858;81920;542624;1307;591616;41280579;37622300;8844577;18339;9200960
FR;1;2021-12-04;16382;53947;299036;652;328873;41296961;37676247;9143613;18991;9529833
FR;1;2021-12-05;3624;13908;81497;143;91052;41300585;37690155;9225110;19134;9620885
FR;1;2021-12-06;22690;62768;415338;1065;455059;41323275;37752923;9640448;20199;10075944
FR;1;2021-12-07;19852;75840;522833;1531;572446;41343127;37828763;10163281;21730;10648390
FR;1;2021-12-08;21586;75884;458252;1543;501966;41364713;37904647;10621533;23273;11150356
FR;1;2021-12-09;19405;74119;492808;1626;540679;41384118;37978766;11114341;24899;11691035
FR;1;2021-12-10;23237;87698;547295;1586;599867;41407355;38066464;11661636;26485;12290902
FR;1;2021-12-11;16525;59084;302691;747;335440;41423880;38125548;11964327;27232;12626342
FR;1;2021-12-12;4346;16035;83185;179;94077;41428226;38141583;12047512;27411;12720419
FR;1;2021-12-13;15709;63865;366844;1093;406197;41443935;38205448;12414356;28504;13126616
FR;1;2021-12-14;20633;80421;464580;1743;515049;41464568;38285869;12878936;30247;13641665
FR;1;2021-12-15;21464;77575;408949;1308;453028;41486032;38363444;13287885;31555;14094693
FR;1;2021-12-16;19998;77422;451731;1574;500520;41506030;38440866;13739616;33129;14595213
FR;1;2021-12-17;22555;86753;479825;1733;530933;41528585;38527619;14219441;34862;15126146
FR;1;2021-12-18;17590;54791;257568;730;288486;41546175;38582410;14477009;35592;15414632
FR;1;2021-12-19;5546;17130;79134;194;90726;41551721;38599540;14556143;35786;15505358
FR;1;2021-12-20;20866;63252;316134;1081;355209;41572587;38662792;14872277;36867;15860567
FR;1;2021-12-21;26127;73291;372647;1420;418014;41598714;38736083;15244924;38287;16278581
FR;1;2021-12-22;24917;66055;310530;1215;349520;41623631;38802138;15555454;39502;16628101
FR;1;2021-12-23;21249;52426;241415;954;273011;41644880;38854564;15796869;40456;16901112
FR;1;2021-12-24;7106;18368;67118;256;77046;41651986;38872932;15863987;40712;16978158
FR;1;2021-12-25;503;2819;5570;15;6531;41652489;38875751;15869557;40727;16984689
FR;1;2021-12-26;2748;7595;26927;70;31448;41655237;38883346;15896484;40797;17016137
FR;1;2021-12-27;18230;53595;235037;706;265700;41673467;38936941;16131521;41503;17281837
FR;1;2021-12-28;23261;62049;291966;1025;330157;41696728;38998990;16423487;42528;17611994
FR;1;2021-12-29;22201;55577;254931;918;288146;41718929;39054567;16678418;43446;17900140
FR;1;2021-12-30;21227;46499;212109;857;239566;41740156;39101066;16890527;44303;18139706
FR;1;2021-12-31;7460;16616;61835;229;70358;41747616;39117682;16952362;44532;18210064
FR;1;2022-01-01;1033;2486;5647;30;6578;41748649;39120168;16958009;44562;18216642
FR;1;2022-01-02;3057;8064;28879;50;33525;41751706;39128232;16986888;44612;18250167
FR;1;2022-01-03;21484;54061;228153;786;257582;41773190;39182293;17215041;45398;18507749
FR;1;2022-01-04;25339;64942;299165;1235;337218;41798529;39247235;17514206;46633;18844967
FR;1;2022-01-05;29954;64081;274786;1097;310136;41828483;39311316;17788992;47730;19155103
FR;1;2022-01-06;26717;66058;306821;1397;346464;41855200;39377374;18095813;49127;19501567
FR;1;2022-01-07;31490;74778;349770;1535;393886;41886690;39452152;18445583;50662;19895453
FR;1;2022-01-08;23367;51384;222473;696;251098;41910057;39503536;18668056;51358;20146551
FR;1;2022-01-09;7076;17175;66013;163;76146;41917133;39520711;18734069;51521;20222697
FR;1;2022-01-10;21676;58356;236713;953;267335;41938809;39579067;18970782;52474;20490032
FR;1;2022-01-11;26564;63376;282213;1277;317779;41965373;39642443;19252995;53751;20807811
FR;1;2022-01-12;28835;62370;246165;1103;277943;41994208;39704813;19499160;54854;21085754
FR;1;2022-01-13;24651;60041;262738;1252;296081;42018859;39764854;19761898;56106;21381835
FR;1;2022-01-14;27901;66609;313917;1366;351202;42046760;39831463;20075815;57472;21733037
FR;1;2022-01-15;19311;44361;199281;619;223858;42066071;39875824;20275096;58091;21956895
FR;1;2022-01-16;5138;12985;51503;135;59573;42071209;39888809;20326599;58226;22016468
FR;1;2022-01-17;16822;39763;184787;780;206834;42088031;39928572;20511386;59006;22223302
FR;1;2022-01-18;19317;45850;212359;1151;236991;42107348;39974422;20723745;60157;22460293
FR;1;2022-01-19;20262;43970;176054;896;197175;42127610;40018392;20899799;61053;22657468
FR;1;2022-01-20;16742;40528;183610;1138;204706;42144352;40058920;21083409;62191;22862174
FR;1;2022-01-21;19841;47004;228904;1406;253327;42164193;40105924;21312313;63597;23115501
FR;1;2022-01-22;13829;33349;144478;578;161375;42178022;40139273;21456791;64175;23276876
FR;1;2022-01-23;3348;8796;33407;131;38323;42181370;40148069;21490198;64306;23315199
FR;1;2022-01-24;11748;32914;142166;707;158247;42193118;40180983;21632364;65013;23473446
FR;1;2022-01-25;14115;38209;163351;1048;181539;42207233;40219192;21795715;66061;23654985
FR;1;2022-01-26;14847;37521;150214;931;166279;42222080;40256713;21945929;66992;23821264
FR;1;2022-01-27;12313;33063;143406;884;157900;42234393;40289776;22089335;67876;23979164
FR;1;2022-01-28;16272;54752;198257;1144;222439;42250665;40344528;22287592;69020;24201603
FR;1;2022-01-29;10263;35440;135181;522;151549;42260928;40379968;22422773;69542;24353152
FR;1;2022-01-30;2476;9285;29667;86;34458;42263404;40389253;22452440;69628;24387610
FR;1;2022-01-31;8740;32381;104311;530;117394;42272144;40421634;22556751;70158;24505004
FR;1;2022-02-01;10443;36348;127034;862;141241;42282587;40457982;22683785;71020;24646245
FR;1;2022-02-02;11628;41266;130319;780;145860;42294215;40499248;22814104;71800;24792105
FR;1;2022-02-03;8876;33565;116968;780;130360;42303091;40532813;22931072;72580;24922465
FR;1;2022-02-04;11437;48170;172534;965;192788;42314528;40580983;23103606;73545;25115253
FR;1;2022-02-05;7979;33913;117562;391;133059;42322507;40614896;23221168;73936;25248312
FR;1;2022-02-06;1693;8039;22734;85;26902;42324200;40622935;23243902;74021;25275214
FR;1;2022-02-07;7202;35456;119057;452;134980;42331402;40658391;23362959;74473;25410194
FR;1;2022-02-08;7602;31699;125609;694;140591;42339004;40690090;23488568;75167;25550785
FR;1;2022-02-09;8502;36330;135222;695;152448;42347506;40726420;23623790;75862;25703233
FR;1;2022-02-10;6615;29531;116314;674;130087;42354121;40755951;23740104;76536;25833320
FR;1;2022-02-11;8578;41419;165085;876;185300;42362699;40797370;23905189;77412;26018620
FR;1;2022-02-12;5300;27561;106678;378;120853;42367999;40824931;24011867;77790;26139473
FR;1;2022-02-13;1225;5706;21711;65;25324;42369224;40830637;24033578;77855;26164797
FR;1;2022-02-14;5393;27142;118051;389;133078;42374617;40857779;24151629;78244;26297875
FR;1;2022-02-15;5608;28265;118870;609;132481;42380225;40886044;24270499;78853;26430356
FR;1;2022-02-16;5674;28330;110386;595;123011;42385899;40914374;24380885;79448;26553367
FR;1;2022-02-17;4443;19568;73107;486;80198;42390342;40933942;24453992;79934;26633565
FR;1;2022-02-18;5543;26681;99158;670;108115;42395885;40960623;24553150;80604;26741680
FR;1;2022-02-19;3539;17146;59467;304;66043;42399424;40977769;24612617;80908;26807723
FR;1;2022-02-20;786;3240;10694;35;12316;42400210;40981009;24623311;80943;26820039
FR;1;2022-02-21;3369;14534;52804;286;57650;42403579;40995543;24676115;81229;26877689
FR;1;2022-02-22;3725;15434;51878;499;55608;42407304;41010977;24727993;81728;26933297
FR;1;2022-02-23;4166;17750;57455;508;62557;42411470;41028727;24785448;82236;26995854
FR;1;2022-02-24;3258;12945;43584;436;46371;42414728;41041672;24829032;82672;27042225
FR;1;2022-02-25;4421;19628;64858;695;68721;42419149;41061300;24893890;83367;27110946
FR;1;2022-02-26;2685;12787;41350;309;45103;42421834;41074087;24935240;83676;27156049
FR;1;2022-02-27;641;2179;7119;42;7984;42422475;41076266;24942359;83718;27164033
FR;1;2022-02-28;2573;10317;34930;303;37355;42425048;41086583;24977289;84021;27201388
FR;1;2022-03-01;3006;10506;38658;390;39585;42428054;41097089;25015947;84411;27240973
FR;1;2022-03-02;3537;11969;41819;390;43872;42431591;41109058;25057766;84801;27284845
FR;1;2022-03-03;2364;7706;26137;322;26454;42433955;41116764;25083903;85123;27311299
FR;1;2022-03-04;2662;10303;35402;577;34883;42436617;41127067;25119305;85700;27346182
FR;1;2022-03-05;1812;6314;21951;278;22339;42438429;41133381;25141256;85978;27368521
FR;1;2022-03-06;350;943;2914;38;3112;42438779;41134324;25144170;86016;27371633
FR;1;2022-03-07;1534;4602;16416;245;15876;42440313;41138926;25160586;86261;27387509
FR;1;2022-03-08;1577;5137;17139;307;15961;42441890;41144063;25177725;86568;27403470
FR;1;2022-03-09;1895;6524;19789;368;19138;42443785;41150587;25197514;86936;27422608
FR;1;2022-03-10;1310;4500;15246;306;14269;42445095;41155087;25212760;87242;27436877
FR;1;2022-03-11;1697;6180;21689;482;19835;42446792;41161267;25234449;87724;27456712
FR;1;2022-03-12;1229;4599;15353;276;14900;42448021;41165866;25249802;88000;27471612
FR;1;2022-03-13;241;605;2108;116;2056;42448262;41166471;25251910;88116;27473668
FR;1;2022-03-14;1081;3590;13378;3876;12501;42449343;41170061;25265288;91992;27486169
FR;1;2022-03-15;1268;3884;14547;6861;13026;42450611;41173945;25279835;98853;27499195
FR;1;2022-03-16;1617;4830;17360;11514;16414;42452228;41178775;25297195;110367;27515609
FR;1;2022-03-17;1106;3236;11690;9641;10785;42453334;41182011;25308885;120008;27526394
FR;1;2022-03-18;1671;4740;17929;16486;16362;42455005;41186751;25326814;136494;27542756
FR;1;2022-03-19;1120;3240;11885;8451;11353;42456125;41189991;25338699;144945;27554109
FR;1;2022-03-20;218;537;1721;1010;1754;42456343;41190528;25340420;145955;27555863
FR;1;2022-03-21;1041;2702;11476;13442;10823;42457384;41193230;25351896;159397;27566686
FR;1;2022-03-22;1194;3085;12229;18685;11217;42458578;41196315;25364125;178082;27577903
FR;1;2022-03-23;1470;4207;15986;20099;15669;42460048;41200522;25380111;198181;27593572
FR;1;2022-03-24;1071;2554;10369;16016;9617;42461119;41203076;25390480;214197;27603189
FR;1;2022-03-25;1502;4074;16695;25285;15340;42462621;41207150;25407175;239482;27618529
FR;1;2022-03-26;1098;2977;10841;11432;10499;42463719;41210127;25418016;250914;27629028
FR;1;2022-03-27;228;537;1738;1379;1790;42463947;41210664;25419754;252293;27630818
FR;1;2022-03-28;1037;2430;9954;15863;9574;42464984;41213094;25429708;268156;27640392
FR;1;2022-03-29;1114;2710;11529;25064;10895;42466098;41215804;25441237;293220;27651287
FR;1;2022-03-30;1606;3482;14133;24165;13667;42467704;41219286;25455370;317385;27664954
FR;1;2022-03-31;1270;2703;11660;22558;11165;42468974;41221989;25467030;339943;27676119
FR;1;2022-04-01;1692;3864;18416;28464;17265;42470666;41225853;25485446;368407;27693384
FR;1;2022-04-02;893;1860;8177;9208;7927;42471559;41227713;25493623;377615;27701311
FR;1;2022-04-03;194;368;1429;1053;1429;42471753;41228081;25495052;378668;27702740
FR;1;2022-04-04;1199;2242;11305;17633;10677;42472952;41230323;25506357;396301;27713417
FR;1;2022-04-05;1313;2539;12952;31123;11973;42474265;41232862;25519309;427424;27725390
FR;1;2022-04-06;1337;2772;12149;23802;11569;42475602;41235634;25531458;451226;27736959
FR;1;2022-04-07;1144;2559;12293;30971;11757;42476746;41238193;25543751;482197;27748716
FR;1;2022-04-08;1560;3485;17497;40436;16413;42478306;41241678;25561248;522633;27765129
FR;1;2022-04-09;810;1976;8388;12480;8082;42479116;41243654;25569636;535113;27773211
FR;1;2022-04-10;190;471;1827;1832;1864;42479306;41244125;25571463;536945;27775075
FR;1;2022-04-11;958;2121;10937;22126;10647;42480264;41246246;25582400;559071;27785722
FR;1;2022-04-12;1219;2403;12756;37878;12249;42481483;41248649;25595156;596949;27797971
FR;1;2022-04-13;1179;2649;12220;30419;11943;42482662;41251298;25607376;627368;27809914
FR;1;2022-04-14;1179;2327;12018;33349;12024;42483841;41253625;25619394;660717;27821938
FR;1;2022-04-15;1438;2822;14337;33041;13709;42485279;41256447;25633731;693758;27835647
FR;1;2022-04-16;653;1389;5824;7974;5745;42485932;41257836;25639555;701732;27841392
FR;1;2022-04-17;150;272;929;1112;971;42486082;41258108;25640484;702844;27842363
FR;1;2022-04-18;129;396;2620;990;2644;42486211;41258504;25643104;703834;27845007
FR;1;2022-04-19;1204;2507;11746;27755;11426;42487415;41261011;25654850;731589;27856433
FR;1;2022-04-20;1286;2541;12125;26755;11951;42488701;41263552;25666975;758344;27868384
FR;1;2022-04-21;1209;2367;11474;33004;11633;42489910;41265919;25678449;791348;27880017
FR;1;2022-04-22;1482;2965;15160;35376;14752;42491392;41268884;25693609;826724;27894769
FR;1;2022-04-23;749;1561;6717;9878;6623;42492141;41270445;25700326;836602;27901392
FR;1;2022-04-24;192;358;1371;1512;1323;42492333;41270803;25701697;838114;27902715
FR;1;2022-04-25;997;2057;9839;19580;9729;42493330;41272860;25711536;857694;27912444
FR;1;2022-04-26;1302;2582;12564;36415;12165;42494632;41275442;25724100;894109;27924609
FR;1;2022-04-27;1285;2366;10596;28970;10742;42495917;41277808;25734696;923079;27935351
FR;1;2022-04-28;1250;2299;11514;33917;11332;42497167;41280107;25746210;956996;27946683
FR;1;2022-04-29;1575;2938;14348;35295;13773;42498742;41283045;25760558;992291;27960456
FR;1;2022-04-30;815;1440;6421;9137;6265;42499557;41284485;25766979;1001428;27966721
FR;1;2022-05-01;162;274;815;946;812;42499719;41284759;25767794;1002374;27967533
FR;1;2022-05-02;949;2018;10287;16714;10167;42500668;41286777;25778081;1019088;27977700
FR;1;2022-05-03;1396;2634;12571;32601;12474;42502064;41289411;25790652;1051689;27990174
FR;1;2022-05-04;1287;2488;11139;23562;11281;42503351;41291899;25801791;1075251;28001455
FR;1;2022-05-05;1341;2377;11842;31454;11716;42504692;41294276;25813633;1106705;28013171
FR;1;2022-05-06;1673;3114;14141;34660;13695;42506365;41297390;25827774;1141365;28026866
FR;1;2022-05-07;835;1454;5944;9073;5977;42507200;41298844;25833718;1150438;28032843
FR;1;2022-05-08;185;323;1052;1455;1113;42507385;41299167;25834770;1151893;28033956
FR;1;2022-05-09;1025;1857;9197;19047;9104;42508410;41301024;25843967;1170940;28043060
FR;1;2022-05-10;1363;2516;12459;36761;12045;42509773;41303540;25856426;1207701;28055105
FR;1;2022-05-11;1379;2192;9817;25767;9721;42511152;41305732;25866243;1233468;28064826
FR;1;2022-05-12;1253;2233;10375;33247;10074;42512405;41307965;25876618;1266715;28074900
FR;1;2022-05-13;1578;2702;12702;35468;12342;42513983;41310667;25889320;1302183;28087242
FR;1;2022-05-14;765;1284;5460;10153;5337;42514748;41311951;25894780;1312336;28092579
FR;1;2022-05-15;208;378;1161;1341;1224;42514956;41312329;25895941;1313677;28093803
FR;1;2022-05-16;936;1671;7998;19867;8043;42515892;41314000;25903939;1333544;28101846
FR;1;2022-05-17;1241;2191;11049;35771;10654;42517133;41316191;25914988;1369315;28112500
FR;1;2022-05-18;1242;2014;8947;25517;8913;42518375;41318205;25923935;1394832;28121413
FR;1;2022-05-19;1151;2280;9751;33491;9809;42519526;41320485;25933686;1428323;28131222
FR;1;2022-05-20;1524;2648;12336;37414;11919;42521050;41323133;25946022;1465737;28143141
FR;1;2022-05-21;760;1347;5228;9354;5141;42521810;41324480;25951250;1475091;28148282
FR;1;2022-05-22;184;280;937;1366;939;42521994;41324760;25952187;1476457;28149221
FR;1;2022-05-23;931;1759;8305;19191;8236;42522925;41326519;25960492;1495648;28157457
FR;1;2022-05-24;1249;2376;10610;36687;10449;42524174;41328895;25971102;1532335;28167906
FR;1;2022-05-25;1239;2205;8706;23449;8841;42525413;41331100;25979808;1555784;28176747
FR;1;2022-05-26;149;286;1467;1091;1466;42525562;41331386;25981275;1556875;28178213
FR;1;2022-05-27;1068;2077;8685;20355;8434;42526630;41333463;25989960;1577230;28186647
FR;1;2022-05-28;470;1025;3589;6511;3645;42527100;41334488;25993549;1583741;28190292
FR;1;2022-05-29;108;248;700;883;707;42527208;41334736;25994249;1584624;28190999
FR;1;2022-05-30;792;1679;6493;18410;6523;42528000;41336415;26000742;1603034;28197522
FR;1;2022-05-31;1231;2101;9157;34097;9042;42529231;41338516;26009899;1637131;28206564
FR;1;2022-06-01;1144;2212;9764;23109;9615;42530375;41340728;26019663;1660240;28216179
FR;1;2022-06-02;1142;2180;9918;33791;9500;42531517;41342908;26029581;1694031;28225679
FR;1;2022-06-03;1326;2630;11861;36906;11355;42532843;41345538;26041442;1730937;28237034
FR;1;2022-06-04;647;1236;4296;8563;4384;42533490;41346774;26045738;1739500;28241418
FR;1;2022-06-05;114;270;761;1001;782;42533604;41347044;26046499;1740501;28242200
FR;1;2022-06-06;129;325;1689;1132;1673;42533733;41347369;26048188;1741633;28243873
FR;1;2022-06-07;1072;2181;8914;33818;8590;42534805;41349550;26057102;1775451;28252463
FR;1;2022-06-08;1048;2118;8238;27241;8118;42535853;41351668;26065340;1802692;28260581
FR;1;2022-06-09;1015;2033;8766;37124;8463;42536868;41353701;26074106;1839816;28269044
FR;1;2022-06-10;1262;2435;10994;42722;10614;42538130;41356136;26085100;1882538;28279658
FR;1;2022-06-11;619;1397;4980;11006;5016;42538749;41357533;26090080;1893544;28284674
FR;1;2022-06-12;136;345;968;1670;1024;42538885;41357878;26091048;1895214;28285698
FR;1;2022-06-13;855;1658;6208;22075;6088;42539740;41359536;26097256;1917289;28291786
FR;1;2022-06-14;1031;2046;8978;42422;8418;42540771;41361582;26106234;1959711;28300204
FR;1;2022-06-15;995;1770;7229;28904;7033;42541766;41363352;26113463;1988615;28307237
FR;1;2022-06-16;893;1671;7941;37846;7471;42542659;41365023;26121404;2026461;28314708
FR;1;2022-06-17;1165;2377;10011;44424;9522;42543824;41367400;26131415;2070885;28324230
FR;1;2022-06-18;532;1205;4001;10427;3956;42544356;41368605;26135416;2081312;28328186
FR;1;2022-06-19;121;292;883;1494;955;42544477;41368897;26136299;2082806;28329141
FR;1;2022-06-20;797;1482;6146;24620;5845;42545274;41370379;26142445;2107426;28334986
FR;1;2022-06-21;1035;1971;8957;47165;8071;42546309;41372350;26151402;2154591;28343057
FR;1;2022-06-22;964;1877;7625;36540;7130;42547273;41374227;26159027;2191131;28350187
FR;1;2022-06-23;978;1969;9089;51787;8352;42548251;41376196;26168116;2242918;28358539
FR;1;2022-06-24;1171;2496;11602;64837;10455;42549422;41378692;26179718;2307755;28368994
FR;1;2022-06-25;635;1389;5409;18508;5220;42550057;41380081;26185127;2326263;28374214
FR;1;2022-06-26;147;334;1381;3370;1293;42550204;41380415;26186508;2329633;28375507
FR;1;2022-06-27;831;1562;8193;44287;7474;42551035;41381977;26194701;2373920;28382981
FR;2;2020-12-27;0;0;0;0;0;0;0;0;0;0
FR;2;2020-12-28;0;0;0;0;0;0;0;0;0;0
FR;2;2020-12-29;0;0;0;0;0;0;0;0;0;0
FR;2;2020-12-30;0;0;0;0;0;0;0;0;0;0
FR;2;2020-12-31;0;0;0;0;0;0;0;0;0;0
FR;2;2021-01-01;0;0;0;0;0;0;0;0;0;0
FR;2;2021-01-02;0;0;0;0;0;0;0;0;0;0
FR;2;2021-01-03;0;0;0;0;0;0;0;0;0;0
FR;2;2021-01-04;0;0;0;0;0;0;0;0;0;0
FR;2;2021-01-05;0;0;0;0;0;0;0;0;0;0
FR;2;2021-01-06;0;0;0;0;0;0;0;0;0;0
FR;2;2021-01-07;0;0;0;0;0;0;0;0;0;0
FR;2;2021-01-08;0;0;0;0;0;0;0;0;0;0
FR;2;2021-01-09;0;0;0;0;0;0;0;0;0;0
FR;2;2021-01-10;0;0;0;0;0;0;0;0;0;0
FR;2;2021-01-11;0;0;0;0;0;0;0;0;0;0
FR;2;2021-01-12;0;0;0;0;0;0;0;0;0;0
FR;2;2021-01-13;0;0;0;0;0;0;0;0;0;0
FR;2;2021-01-14;1683;0;0;0;0;1683;0;0;0;0
FR;2;2021-01-15;396;0;0;0;0;2079;0;0;0;0
FR;2;2021-01-16;315;0;0;0;0;2394;0;0;0;0
FR;2;2021-01-17;81;0;0;0;0;2475;0;0;0;0
FR;2;2021-01-18;3074;2;0;0;0;5549;2;0;0;0
FR;2;2021-01-19;4678;0;0;0;0;10227;2;0;0;0
FR;2;2021-01-20;5135;5;0;0;0;15362;7;0;0;0
FR;2;2021-01-21;5339;9;0;0;0;20701;16;0;0;0
FR;2;2021-01-22;5115;9;0;0;0;25816;25;0;0;0
FR;2;2021-01-23;1867;0;0;0;0;27683;25;0;0;0
FR;2;2021-01-24;160;1;0;0;0;27843;26;0;0;0
FR;2;2021-01-25;3811;3;0;0;0;31654;29;0;0;0
FR;2;2021-01-26;3919;3;0;0;0;35573;32;0;0;0
FR;2;2021-01-27;3598;2;0;0;0;39171;34;0;0;0
FR;2;2021-01-28;3750;7;0;0;0;42921;41;0;0;0
FR;2;2021-01-29;3293;2;0;0;0;46214;43;0;0;0
FR;2;2021-01-30;1130;1;0;0;0;47344;44;0;0;0
FR;2;2021-01-31;45;1;0;0;0;47389;45;0;0;0
FR;2;2021-02-01;3400;4;0;0;0;50789;49;0;0;0
FR;2;2021-02-02;4490;10;0;0;0;55279;59;0;0;0
FR;2;2021-02-03;5219;6;0;0;0;60498;65;0;0;0
FR;2;2021-02-04;4931;10;0;0;0;65429;75;0;0;0
FR;2;2021-02-05;4810;13;0;0;0;70239;88;0;0;0
FR;2;2021-02-06;2040;13;0;0;0;72279;101;0;0;0
FR;2;2021-02-07;101;4;0;0;0;72380;105;0;0;0
FR;2;2021-02-08;7554;22;0;0;0;79934;127;0;0;0
FR;2;2021-02-09;8422;28;0;0;0;88356;155;0;0;0
FR;2;2021-02-10;9338;59;0;0;0;97694;214;0;0;0
FR;2;2021-02-11;10280;101;0;0;0;107974;315;0;0;0
FR;2;2021-02-12;10055;265;0;0;0;118029;580;0;0;0
FR;2;2021-02-13;3120;226;0;0;0;121149;806;0;0;0
FR;2;2021-02-14;355;9;0;0;0;121504;815;0;0;0
FR;2;2021-02-15;3456;3100;0;0;0;124960;3915;0;0;0
FR;2;2021-02-16;5069;4041;0;0;0;130029;7956;0;0;0
FR;2;2021-02-17;4255;4481;0;0;0;134284;12437;0;0;0
FR;2;2021-02-18;5400;5120;0;0;0;139684;17557;0;0;0
FR;2;2021-02-19;5324;4409;0;0;0;145008;21966;0;0;0
FR;2;2021-02-20;1869;1508;0;0;0;146877;23474;0;0;0
FR;2;2021-02-21;242;88;0;0;0;147119;23562;0;0;0
FR;2;2021-02-22;3612;3755;0;0;0;150731;27317;0;0;0
FR;2;2021-02-23;4953;3704;0;0;0;155684;31021;0;0;0
FR;2;2021-02-24;5010;3498;0;0;0;160694;34519;0;0;0
FR;2;2021-02-25;5484;3459;0;0;0;166178;37978;0;0;0
FR;2;2021-02-26;4362;3152;0;0;0;170540;41130;0;0;0
FR;2;2021-02-27;1623;1052;0;0;0;172163;42182;0;0;0
FR;2;2021-02-28;177;29;0;0;0;172340;42211;0;0;0
FR;2;2021-03-01;5180;3724;0;0;0;177520;45935;0;0;0
FR;2;2021-03-02;6528;4733;0;0;0;184048;50668;0;0;0
FR;2;2021-03-03;6536;4925;0;0;0;190584;55593;0;0;0
FR;2;2021-03-04;8403;4078;0;0;0;198987;59671;0;0;0
FR;2;2021-03-05;8028;4062;0;0;0;207015;63733;0;0;0
FR;2;2021-03-06;4785;1684;0;0;0;211800;65417;0;0;0
FR;2;2021-03-07;2372;30;0;0;0;214172;65447;0;0;0
FR;2;2021-03-08;4165;8340;0;0;0;218337;73787;0;0;0
FR;2;2021-03-09;7489;8511;1;0;0;225826;82298;1;0;0
FR;2;2021-03-10;7100;9144;0;0;0;232926;91442;1;0;0
FR;2;2021-03-11;9373;9253;1;0;0;242299;100695;2;0;0
FR;2;2021-03-12;7972;8238;0;0;0;250271;108933;2;0;0
FR;2;2021-03-13;10046;2565;0;0;0;260317;111498;2;0;0
FR;2;2021-03-14;4839;401;0;0;0;265156;111899;2;0;0
FR;2;2021-03-15;10908;3487;0;0;0;276064;115386;2;0;0
FR;2;2021-03-16;16762;4649;1;0;0;292826;120035;3;0;0
FR;2;2021-03-17;20230;3979;0;0;0;313056;124014;3;0;0
FR;2;2021-03-18;23366;5013;0;0;0;336422;129027;3;0;0
FR;2;2021-03-19;23303;4590;0;0;0;359725;133617;3;0;0
FR;2;2021-03-20;25445;1551;0;0;0;385170;135168;3;0;0
FR;2;2021-03-21;17671;151;0;0;0;402841;135319;3;0;0
FR;2;2021-03-22;17783;3152;0;0;0;420624;138471;3;0;0
FR;2;2021-03-23;22687;4209;0;0;0;443311;142680;3;0;0
FR;2;2021-03-24;23955;5011;0;0;0;467266;147691;3;0;0
FR;2;2021-03-25;26745;5142;1;0;0;494011;152833;4;0;0
FR;2;2021-03-26;26979;4235;0;0;0;520990;157068;4;0;0
FR;2;2021-03-27;15918;1329;0;0;0;536908;158397;4;0;0
FR;2;2021-03-28;10561;124;0;0;0;547469;158521;4;0;0
FR;2;2021-03-29;18989;4289;0;0;0;566458;162810;4;0;0
FR;2;2021-03-30;24579;6037;0;0;0;591037;168847;4;0;0
FR;2;2021-03-31;28554;5931;0;0;0;619591;174778;4;0;0
FR;2;2021-04-01;34545;8519;1;0;0;654136;183297;5;0;0
FR;2;2021-04-02;29977;7670;0;0;0;684113;190967;5;0;0
FR;2;2021-04-03;16953;3843;0;0;0;701066;194810;5;0;0
FR;2;2021-04-04;9305;1054;2;0;0;710371;195864;7;0;0
FR;2;2021-04-05;12444;805;0;0;0;722815;196669;7;0;0
FR;2;2021-04-06;27145;7051;0;0;0;749960;203720;7;0;0
FR;2;2021-04-07;30927;7139;1;0;0;780887;210859;8;0;0
FR;2;2021-04-08;36884;8706;1;0;0;817771;219565;9;0;0
FR;2;2021-04-09;33835;8512;28;0;0;851606;228077;37;0;0
FR;2;2021-04-10;19678;9063;1;0;0;871284;237140;38;0;0
FR;2;2021-04-11;7942;4253;1;0;0;879226;241393;39;0;0
FR;2;2021-04-12;17122;11120;0;0;0;896348;252513;39;0;0
FR;2;2021-04-13;19449;16169;1;0;0;915797;268682;40;0;0
FR;2;2021-04-14;18060;16325;7;0;0;933857;285007;47;0;0
FR;2;2021-04-15;22190;21092;27;0;0;956047;306099;74;0;0
FR;2;2021-04-16;20705;20207;45;0;0;976752;326306;119;0;0
FR;2;2021-04-17;13253;22445;5;0;0;990005;348751;124;0;0
FR;2;2021-04-18;5907;14389;6;0;0;995912;363140;130;0;0
FR;2;2021-04-19;16833;16277;24;0;0;1012745;379417;154;0;0
FR;2;2021-04-20;19318;21610;38;0;0;1032063;401027;192;0;0
FR;2;2021-04-21;20282;21729;76;0;0;1052345;422756;268;0;0
FR;2;2021-04-22;23813;24878;41;0;0;1076158;447634;309;0;0
FR;2;2021-04-23;24520;25358;76;0;0;1100678;472992;385;0;0
FR;2;2021-04-24;25303;15071;104;0;0;1125981;488063;489;0;0
FR;2;2021-04-25;9595;8604;5;0;0;1135576;496667;494;0;0
FR;2;2021-04-26;17158;17303;21;0;0;1152734;513970;515;0;0
FR;2;2021-04-27;19241;24209;40;0;0;1171975;538179;555;0;0
FR;2;2021-04-28;22333;26238;112;0;0;1194308;564417;667;0;0
FR;2;2021-04-29;25467;30203;69;0;0;1219775;594620;736;0;0
FR;2;2021-04-30;25529;27760;49;1;0;1245304;622380;785;1;0
FR;2;2021-05-01;14983;9871;6;0;0;1260287;632251;791;1;0
FR;2;2021-05-02;6635;9173;2;0;0;1266922;641424;793;1;0
FR;2;2021-05-03;20013;19227;40;0;0;1286935;660651;833;1;0
FR;2;2021-05-04;18281;29056;33;0;0;1305216;689707;866;1;0
FR;2;2021-05-05;18363;29409;48;0;0;1323579;719116;914;1;0
FR;2;2021-05-06;23541;35265;131;0;0;1347120;754381;1045;1;0
FR;2;2021-05-07;25325;33208;97;0;0;1372445;787589;1142;1;0
FR;2;2021-05-08;21337;9921;14;0;0;1393782;797510;1156;1;0
FR;2;2021-05-09;13162;7820;7;0;0;1406944;805330;1163;1;0
FR;2;2021-05-10;32938;22076;49;0;0;1439882;827406;1212;1;0
FR;2;2021-05-11;43597;21003;101;0;0;1483479;848409;1313;1;0
FR;2;2021-05-12;50041;19804;143;0;0;1533520;868213;1456;1;0
FR;2;2021-05-13;51292;5732;31;0;0;1584812;873945;1487;1;0
FR;2;2021-05-14;61345;12915;132;0;0;1646157;886860;1619;1;0
FR;2;2021-05-15;65929;7133;39;0;0;1712086;893993;1658;1;0
FR;2;2021-05-16;43582;2569;10;0;0;1755668;896562;1668;1;0
FR;2;2021-05-17;44743;12561;114;0;0;1800411;909123;1782;1;0
FR;2;2021-05-18;54638;12237;191;0;0;1855049;921360;1973;1;0
FR;2;2021-05-19;57166;10586;281;0;0;1912215;931946;2254;1;0
FR;2;2021-05-20;63433;10833;288;0;0;1975648;942779;2542;1;0
FR;2;2021-05-21;64293;11643;230;0;0;2039941;954422;2772;1;0
FR;2;2021-05-22;61480;4511;65;0;0;2101421;958933;2837;1;0
FR;2;2021-05-23;37532;571;22;0;0;2138953;959504;2859;1;0
FR;2;2021-05-24;17236;2037;34;0;0;2156189;961541;2893;1;0
FR;2;2021-05-25;21106;12222;240;0;0;2177295;973763;3133;1;0
FR;2;2021-05-26;19934;11468;229;0;0;2197229;985231;3362;1;0
FR;2;2021-05-27;22994;12658;182;0;0;2220223;997889;3544;1;0
FR;2;2021-05-28;29389;14946;190;0;0;2249612;1012835;3734;1;0
FR;2;2021-05-29;30418;8183;57;0;0;2280030;1021018;3791;1;0
FR;2;2021-05-30;4646;1818;6;0;0;2284676;1022836;3797;1;0
FR;2;2021-05-31;28587;18718;184;0;0;2313263;1041554;3981;1;0
FR;2;2021-06-01;45712;19989;224;0;0;2358975;1061543;4205;1;0
FR;2;2021-06-02;37466;19264;182;0;0;2396441;1080807;4387;1;0
FR;2;2021-06-03;51274;23297;161;0;0;2447715;1104104;4548;1;0
FR;2;2021-06-04;65509;24053;215;0;0;2513224;1128157;4763;1;0
FR;2;2021-06-05;34597;24037;51;0;0;2547821;1152194;4814;1;0
FR;2;2021-06-06;4953;6198;10;0;0;2552774;1158392;4824;1;0
FR;2;2021-06-07;28169;23034;146;0;0;2580943;1181426;4970;1;0
FR;2;2021-06-08;46371;22908;143;0;0;2627314;1204334;5113;1;0
FR;2;2021-06-09;34287;20917;107;0;0;2661601;1225251;5220;1;0
FR;2;2021-06-10;42637;19148;95;1;0;2704238;1244399;5315;2;0
FR;2;2021-06-11;55290;25208;134;0;0;2759528;1269607;5449;2;0
FR;2;2021-06-12;30559;19773;53;0;0;2790087;1289380;5502;2;0
FR;2;2021-06-13;3329;9185;13;0;0;2793416;1298565;5515;2;0
FR;2;2021-06-14;25297;24158;92;0;0;2818713;1322723;5607;2;0
FR;2;2021-06-15;39037;22839;154;0;0;2857750;1345562;5761;2;0
FR;2;2021-06-16;30160;21425;134;0;0;2887910;1366987;5895;2;0
FR;2;2021-06-17;36906;25851;150;0;0;2924816;1392838;6045;2;0
FR;2;2021-06-18;46850;28829;122;0;0;2971666;1421667;6167;2;0
FR;2;2021-06-19;24525;24894;39;0;0;2996191;1446561;6206;2;0
FR;2;2021-06-20;3740;10061;10;0;0;2999931;1456622;6216;2;0
FR;2;2021-06-21;17525;42846;87;0;0;3017456;1499468;6303;2;0
FR;2;2021-06-22;28359;49560;110;0;0;3045815;1549028;6413;2;0
FR;2;2021-06-23;21788;49569;107;1;1;3067603;1598597;6520;3;1
FR;2;2021-06-24;28375;50282;133;0;0;3095978;1648879;6653;3;1
FR;2;2021-06-25;33399;60401;127;0;0;3129377;1709280;6780;3;1
FR;2;2021-06-26;16381;59252;54;1;0;3145758;1768532;6834;4;1
FR;2;2021-06-27;2565;29317;22;1;0;3148323;1797849;6856;5;1
FR;2;2021-06-28;12637;54338;83;0;0;3160960;1852187;6939;5;1
FR;2;2021-06-29;19845;59896;178;0;0;3180805;1912083;7117;5;1
FR;2;2021-06-30;16323;57903;252;17;0;3197128;1969986;7369;22;1
FR;2;2021-07-01;20486;59894;227;0;0;3217614;2029880;7596;22;1
FR;2;2021-07-02;24071;62146;184;0;0;3241685;2092026;7780;22;1
FR;2;2021-07-03;12112;57081;153;0;0;3253797;2149107;7933;22;1
FR;2;2021-07-04;1957;23308;18;0;0;3255754;2172415;7951;22;1
FR;2;2021-07-05;9169;29370;106;0;0;3264923;2201785;8057;22;1
FR;2;2021-07-06;14577;36202;135;0;0;3279500;2237987;8192;22;1
FR;2;2021-07-07;14404;33671;139;0;0;3293904;2271658;8331;22;1
FR;2;2021-07-08;19714;40303;162;0;0;3313618;2311961;8493;22;1
FR;2;2021-07-09;27095;54287;202;1;0;3340713;2366248;8695;23;1
FR;2;2021-07-10;13385;33672;107;0;0;3354098;2399920;8802;23;1
FR;2;2021-07-11;1807;4351;16;0;0;3355905;2404271;8818;23;1
FR;2;2021-07-12;12965;37271;119;0;0;3368870;2441542;8937;23;1
FR;2;2021-07-13;37110;53209;150;0;0;3405980;2494751;9087;23;1
FR;2;2021-07-14;6612;3560;15;0;0;3412592;2498311;9102;23;1
FR;2;2021-07-15;47234;47018;156;0;0;3459826;2545329;9258;23;1
FR;2;2021-07-16;64307;55805;187;0;0;3524133;2601134;9445;23;1
FR;2;2021-07-17;31595;23929;96;0;0;3555728;2625063;9541;23;1
FR;2;2021-07-18;6086;4873;19;0;0;3561814;2629936;9560;23;1
FR;2;2021-07-19;32992;28678;94;0;0;3594806;2658614;9654;23;1
FR;2;2021-07-20;51988;44556;155;0;0;3646794;2703170;9809;23;1
FR;2;2021-07-21;45245;34745;93;0;0;3692039;2737915;9902;23;1
FR;2;2021-07-22;56274;41093;128;1;0;3748313;2779008;10030;24;1
FR;2;2021-07-23;68280;49071;170;0;0;3816593;2828079;10200;24;1
FR;2;2021-07-24;36170;21601;82;0;0;3852763;2849680;10282;24;1
FR;2;2021-07-25;6744;2643;10;0;0;3859507;2852323;10292;24;1
FR;2;2021-07-26;36301;22441;91;1;0;3895808;2874764;10383;25;1
FR;2;2021-07-27;62370;34608;180;0;0;3958178;2909372;10563;25;1
FR;2;2021-07-28;55303;26450;132;0;0;4013481;2935822;10695;25;1
FR;2;2021-07-29;68461;32785;189;0;0;4081942;2968607;10884;25;1
FR;2;2021-07-30;74442;37777;222;1;1;4156384;3006384;11106;26;2
FR;2;2021-07-31;34755;16185;104;0;0;4191139;3022569;11210;26;2
FR;2;2021-08-01;5404;2276;19;0;0;4196543;3024845;11229;26;2
FR;2;2021-08-02;35867;16201;101;0;0;4232410;3041046;11330;26;2
FR;2;2021-08-03;55971;28289;142;0;0;4288381;3069335;11472;26;2
FR;2;2021-08-04;46624;20858;128;1;0;4335005;3090193;11600;27;2
FR;2;2021-08-05;54623;31589;215;0;0;4389628;3121782;11815;27;2
FR;2;2021-08-06;58088;42386;242;1;0;4447716;3164168;12057;28;2
FR;2;2021-08-07;25142;17606;89;0;0;4472858;3181774;12146;28;2
FR;2;2021-08-08;3833;3667;21;0;0;4476691;3185441;12167;28;2
FR;2;2021-08-09;29303;21122;92;0;0;4505994;3206563;12259;28;2
FR;2;2021-08-10;44993;33516;154;0;0;4550987;3240079;12413;28;2
FR;2;2021-08-11;35267;25176;151;0;0;4586254;3265255;12564;28;2
FR;2;2021-08-12;41897;35730;162;0;0;4628151;3300985;12726;28;2
FR;2;2021-08-13;42588;37108;218;0;0;4670739;3338093;12944;28;2
FR;2;2021-08-14;18511;22239;93;0;0;4689250;3360332;13037;28;2
FR;2;2021-08-15;3832;3807;17;0;0;4693082;3364139;13054;28;2
FR;2;2021-08-16;25080;27197;110;0;0;4718162;3391336;13164;28;2
FR;2;2021-08-17;38252;43475;205;2;0;4756414;3434811;13369;30;2
FR;2;2021-08-18;32249;36364;195;1;1;4788663;3471175;13564;31;3
FR;2;2021-08-19;37431;46580;224;0;0;4826094;3517755;13788;31;3
FR;2;2021-08-20;40561;55609;269;1;0;4866655;3573364;14057;32;3
FR;2;2021-08-21;18120;24308;115;0;0;4884775;3597672;14172;32;3
FR;2;2021-08-22;2905;4324;22;1;1;4887680;3601996;14194;33;4
FR;2;2021-08-23;19243;35164;131;1;0;4906923;3637160;14325;34;4
FR;2;2021-08-24;31940;56031;235;0;0;4938863;3693191;14560;34;4
FR;2;2021-08-25;25926;43435;250;0;0;4964789;3736626;14810;34;4
FR;2;2021-08-26;32355;55801;387;0;0;4997144;3792427;15197;34;4
FR;2;2021-08-27;36997;65605;478;2;0;5034141;3858032;15675;36;4
FR;2;2021-08-28;17817;28499;300;0;0;5051958;3886531;15975;36;4
FR;2;2021-08-29;2654;5037;47;0;0;5054612;3891568;16022;36;4
FR;2;2021-08-30;18412;37741;400;0;756;5073024;3929309;16422;36;760
FR;2;2021-08-31;28075;57496;886;4;1545;5101099;3986805;17308;40;2305
FR;2;2021-09-01;21592;39837;1308;0;2100;5122691;4026642;18616;40;4405
FR;2;2021-09-02;25481;48628;1962;2;3302;5148172;4075270;20578;42;7707
FR;2;2021-09-03;33405;64493;2988;3;4836;5181577;4139763;23566;45;12543
FR;2;2021-09-04;16829;27711;1442;1;2363;5198406;4167474;25008;46;14906
FR;2;2021-09-05;2262;3610;265;0;411;5200668;4171084;25273;46;15317
FR;2;2021-09-06;14037;28725;1769;1;2932;5214705;4199809;27042;47;18249
FR;2;2021-09-07;21103;41059;3020;13;4866;5235808;4240868;30062;60;23115
FR;2;2021-09-08;17242;31934;2732;6;4471;5253050;4272802;32794;66;27586
FR;2;2021-09-09;20975;40439;4432;3;6760;5274025;4313241;37226;69;34346
FR;2;2021-09-10;28199;51162;5282;4;8832;5302224;4364403;42508;73;43178
FR;2;2021-09-11;13653;22379;2404;5;3948;5315877;4386782;44912;78;47126
FR;2;2021-09-12;1822;2787;285;0;506;5317699;4389569;45197;78;47632
FR;2;2021-09-13;11656;21445;2470;4;4015;5329355;4411014;47667;82;51647
FR;2;2021-09-14;18570;32775;5084;13;9054;5347925;4443789;52751;95;60701
FR;2;2021-09-15;14911;28285;5166;3;7782;5362836;4472074;57917;98;68483
FR;2;2021-09-16;16074;32765;6735;13;10524;5378910;4504839;64652;111;79007
FR;2;2021-09-17;20909;47096;8778;10;14583;5399819;4551935;73430;121;93590
FR;2;2021-09-18;9855;20928;3805;6;6026;5409674;4572863;77235;127;99616
FR;2;2021-09-19;1164;2643;396;0;644;5410838;4575506;77631;127;100260
FR;2;2021-09-20;7493;18779;3851;7;6153;5418331;4594285;81482;134;106413
FR;2;2021-09-21;11211;30002;6494;5;10738;5429542;4624287;87976;139;117151
FR;2;2021-09-22;9407;23537;5491;7;8514;5438949;4647824;93467;146;125665
FR;2;2021-09-23;10723;28883;7879;9;12634;5449672;4676707;101346;155;138299
FR;2;2021-09-24;15068;42882;10875;18;17206;5464740;4719589;112221;173;155505
FR;2;2021-09-25;7257;18752;3963;10;6087;5471997;4738341;116184;183;161592
FR;2;2021-09-26;1079;2558;495;0;632;5473076;4740899;116679;183;162224
FR;2;2021-09-27;6313;16446;4286;8;6551;5479389;4757345;120965;191;168775
FR;2;2021-09-28;9238;25554;7768;13;12073;5488627;4782899;128733;204;180848
FR;2;2021-09-29;8080;20206;6066;25;9261;5496707;4803105;134799;229;190109
FR;2;2021-09-30;9863;25805;9503;16;14082;5506570;4828910;144302;245;204191
FR;2;2021-10-01;13969;35653;12914;25;19243;5520539;4864563;157216;270;223434
FR;2;2021-10-02;6874;15888;4845;6;7012;5527413;4880451;162061;276;230446
FR;2;2021-10-03;841;1932;492;1;511;5528254;4882383;162553;277;230957
FR;2;2021-10-04;5819;13927;5516;5;7864;5534073;4896310;168069;282;238821
FR;2;2021-10-05;9052;22543;11120;19;15716;5543125;4918853;179189;301;254537
FR;2;2021-10-06;7783;17739;8240;11;11071;5550908;4936592;187429;312;265608
FR;2;2021-10-07;9194;22180;12381;15;16842;5560102;4958772;199810;327;282450
FR;2;2021-10-08;13428;32057;17347;27;23542;5573530;4990829;217157;354;305992
FR;2;2021-10-09;5998;12831;6041;6;7882;5579528;5003660;223198;360;313874
FR;2;2021-10-10;884;1633;436;2;631;5580412;5005293;223634;362;314505
FR;2;2021-10-11;5604;11587;6454;17;8829;5586016;5016880;230088;379;323334
FR;2;2021-10-12;8032;17763;12540;13;16739;5594048;5034643;242628;392;340073
FR;2;2021-10-13;6943;14843;10245;12;13606;5600991;5049486;252873;404;353679
FR;2;2021-10-14;8310;17941;14991;13;19449;5609301;5067427;267864;417;373128
FR;2;2021-10-15;11848;26279;20902;26;27948;5621149;5093706;288766;443;401076
FR;2;2021-10-16;5139;8729;1818;0;3208;5626288;5102435;290584;443;404284
FR;2;2021-10-17;651;1180;184;0;370;5626939;5103615;290768;443;404654
FR;2;2021-10-18;4559;7411;661;2;1669;5631498;5111026;291429;445;406323
FR;2;2021-10-19;6236;9893;729;5;2049;5637734;5120919;292158;450;408372
FR;2;2021-10-20;5163;8085;756;3;1683;5642897;5129004;292914;453;410055
FR;2;2021-10-21;6090;9971;779;5;2105;5648987;5138975;293693;458;412160
FR;2;2021-10-22;8448;14579;1148;4;2878;5657435;5153554;294841;462;415038
FR;2;2021-10-23;3840;6000;586;0;1235;5661275;5159554;295427;462;416273
FR;2;2021-10-24;493;891;100;0;206;5661768;5160445;295527;462;416479
FR;2;2021-10-25;3357;5367;304;1;826;5665125;5165812;295831;463;417305
FR;2;2021-10-26;4175;7262;1126;4;2008;5669300;5173074;296957;467;419313
FR;2;2021-10-27;3673;6626;1193;5;1996;5672973;5179700;298150;472;421309
FR;2;2021-10-28;4596;7697;1728;3;2746;5677569;5187397;299878;475;424055
FR;2;2021-10-29;5408;11077;2434;4;3670;5682977;5198474;302312;479;427725
FR;2;2021-10-30;2748;4432;973;1;1426;5685725;5202906;303285;480;429151
FR;2;2021-10-31;364;534;139;1;188;5686089;5203440;303424;481;429339
FR;2;2021-11-01;426;553;176;0;268;5686515;5203993;303600;481;429607
FR;2;2021-11-02;3290;6759;1180;0;1759;5689805;5210752;304780;481;431366
FR;2;2021-11-03;3339;6247;1383;2;1968;5693144;5216999;306163;483;433334
FR;2;2021-11-04;3985;7094;1762;4;2489;5697129;5224093;307925;487;435823
FR;2;2021-11-05;5227;10510;2865;5;3944;5702356;5234603;310790;492;439767
FR;2;2021-11-06;2594;4674;1399;0;1811;5704950;5239277;312189;492;441578
FR;2;2021-11-07;507;862;218;0;287;5705457;5240139;312407;492;441865
FR;2;2021-11-08;2578;5359;1201;3;1675;5708035;5245498;313608;495;443540
FR;2;2021-11-09;2750;6945;2396;6;3178;5710785;5252443;316004;501;446718
FR;2;2021-11-10;2587;5704;5096;6;6276;5713372;5258147;321100;507;452994
FR;2;2021-11-11;439;748;733;2;914;5713811;5258895;321833;509;453908
FR;2;2021-11-12;2951;8115;8966;8;10905;5716762;5267010;330799;517;464813
FR;2;2021-11-13;1535;3389;3865;7;4531;5718297;5270399;334664;524;469344
FR;2;2021-11-14;254;597;349;1;486;5718551;5270996;335013;525;469830
FR;2;2021-11-15;1622;3688;4440;9;5324;5720173;5274684;339453;534;475154
FR;2;2021-11-16;2184;5935;8298;14;10077;5722357;5280619;347751;548;485231
FR;2;2021-11-17;1739;4547;6620;8;7832;5724096;5285166;354371;556;493063
FR;2;2021-11-18;2190;5949;9176;11;11004;5726286;5291115;363547;567;504067
FR;2;2021-11-19;2697;7806;12960;19;15469;5728983;5298921;376507;586;519536
FR;2;2021-11-20;1563;3336;5173;5;6080;5730546;5302257;381680;591;525616
FR;2;2021-11-21;246;521;540;0;662;5730792;5302778;382220;591;526278
FR;2;2021-11-22;1276;2622;4471;5;5402;5732068;5305400;386691;596;531680
FR;2;2021-11-23;1615;4307;8190;9;9896;5733683;5309707;394881;605;541576
FR;2;2021-11-24;1418;3784;7465;14;8722;5735101;5313491;402346;619;550298
FR;2;2021-11-25;1812;4892;11452;21;13652;5736913;5318383;413798;640;563950
FR;2;2021-11-26;2540;7780;22658;31;26070;5739453;5326163;436456;671;590020
FR;2;2021-11-27;1496;4143;12259;18;14004;5740949;5330306;448715;689;604024
FR;2;2021-11-28;292;846;1967;3;2296;5741241;5331152;450682;692;606320
FR;2;2021-11-29;1443;4378;15076;23;17244;5742684;5335530;465758;715;623564
FR;2;2021-11-30;1911;6751;26222;36;29979;5744595;5342281;491980;751;653543
FR;2;2021-12-01;1908;6084;26189;29;29509;5746503;5348365;518169;780;683052
FR;2;2021-12-02;1908;6830;37687;52;41932;5748411;5355195;555856;832;724984
FR;2;2021-12-03;2551;10101;53592;112;59317;5750962;5365296;609448;944;784301
FR;2;2021-12-04;1849;6300;37095;38;40772;5752811;5371596;646543;982;825073
FR;2;2021-12-05;458;2263;14252;14;15988;5753269;5373859;660795;996;841061
FR;2;2021-12-06;2470;9893;77686;109;84735;5755739;5383752;738481;1105;925796
FR;2;2021-12-07;3450;15339;122413;238;133710;5759189;5399091;860894;1343;1059506
FR;2;2021-12-08;3719;16057;133179;330;145384;5762908;5415148;994073;1673;1204890
FR;2;2021-12-09;4545;19636;170155;554;185523;5767453;5434784;1164228;2227;1390413
FR;2;2021-12-10;4672;22819;188616;490;206055;5772125;5457603;1352844;2717;1596468
FR;2;2021-12-11;3682;16623;132427;239;144862;5775807;5474226;1485271;2956;1741330
FR;2;2021-12-12;1256;7134;59083;83;65134;5777063;5481360;1544354;3039;1806464
FR;2;2021-12-13;5525;26863;220661;605;242951;5782588;5508223;1765015;3644;2049415
FR;2;2021-12-14;7017;37533;300722;909;332196;5789605;5545756;2065737;4553;2381611
FR;2;2021-12-15;6559;36247;285184;955;315783;5796164;5582003;2350921;5508;2697394
FR;2;2021-12-16;7762;37910;312107;982;343680;5803926;5619913;2663028;6490;3041074
FR;2;2021-12-17;8679;41253;327840;976;360926;5812605;5661166;2990868;7466;3402000
FR;2;2021-12-18;6513;26571;212326;448;233635;5819118;5687737;3203194;7914;3635635
FR;2;2021-12-19;2600;11481;90204;182;100370;5821718;5699218;3293398;8096;3736005
FR;2;2021-12-20;9550;33602;275171;706;303343;5831268;5732820;3568569;8802;4039348
FR;2;2021-12-21;11556;38333;309602;969;341394;5842824;5771153;3878171;9771;4380742
FR;2;2021-12-22;10457;32851;265089;952;292474;5853281;5804004;4143260;10723;4673216
FR;2;2021-12-23;9429;26702;199468;700;221259;5862710;5830706;4342728;11423;4894475
FR;2;2021-12-24;2782;7509;43848;140;49563;5865492;5838215;4386576;11563;4944038
FR;2;2021-12-25;201;694;2001;10;2494;5865693;5838909;4388577;11573;4946532
FR;2;2021-12-26;1322;4204;25148;71;28673;5867015;5843113;4413725;11644;4975205
FR;2;2021-12-27;8074;29938;218393;659;243318;5875089;5873051;4632118;12303;5218523
FR;2;2021-12-28;9840;36337;272068;741;301950;5884929;5909388;4904186;13044;5520473
FR;2;2021-12-29;9497;32275;246112;766;272675;5894426;5941663;5150298;13810;5793148
FR;2;2021-12-30;9457;28139;208815;662;231470;5903883;5969802;5359113;14472;6024618
FR;2;2021-12-31;3007;8372;54982;177;61234;5906890;5978174;5414095;14649;6085852
FR;2;2022-01-01;227;692;2850;7;3346;5907117;5978866;5416945;14656;6089198
FR;2;2022-01-02;1504;4859;29508;75;33398;5908621;5983725;5446453;14731;6122596
FR;2;2022-01-03;9588;35389;266507;806;293871;5918209;6019114;5712960;15537;6416467
FR;2;2022-01-04;12845;45384;342070;1068;376961;5931054;6064498;6055030;16605;6793428
FR;2;2022-01-05;11269;38667;294156;886;323806;5942323;6103165;6349186;17491;7117234
FR;2;2022-01-06;13651;43515;331932;1298;364721;5955974;6146680;6681118;18789;7481955
FR;2;2022-01-07;14221;47643;361081;1270;396416;5970195;6194323;7042199;20059;7878371
FR;2;2022-01-08;7948;28148;201258;515;221691;5978143;6222471;7243457;20574;8100062
FR;2;2022-01-09;2749;8993;62520;137;69522;5980892;6231464;7305977;20711;8169584
FR;2;2022-01-10;10093;31938;232455;858;255048;5990985;6263402;7538432;21569;8424632
FR;2;2022-01-11;11472;36248;265887;1030;290571;6002457;6299650;7804319;22599;8715203
FR;2;2022-01-12;8758;29824;206308;862;226166;6011215;6329474;8010627;23461;8941369
FR;2;2022-01-13;9387;31353;224470;832;244820;6020602;6360827;8235097;24293;9186189
FR;2;2022-01-14;9743;35647;254519;920;277669;6030345;6396474;8489616;25213;9463858
FR;2;2022-01-15;5355;19456;140774;363;153639;6035700;6415930;8630390;25576;9617497
FR;2;2022-01-16;1511;5519;35875;81;39850;6037211;6421449;8666265;25657;9657347
FR;2;2022-01-17;5545;19307;135390;602;147254;6042756;6440756;8801655;26259;9804601
FR;2;2022-01-18;6418;21516;148611;648;160467;6049174;6462272;8950266;26907;9965068
FR;2;2022-01-19;4389;16360;105086;552;113706;6053563;6478632;9055352;27459;10078774
FR;2;2022-01-20;4867;17597;115281;603;123677;6058430;6496229;9170633;28062;10202451
FR;2;2022-01-21;5195;20070;137324;678;147746;6063625;6516299;9307957;28740;10350197
FR;2;2022-01-22;3029;10953;74257;259;80320;6066654;6527252;9382214;28999;10430517
FR;2;2022-01-23;724;2735;15238;41;16836;6067378;6529987;9397452;29040;10447353
FR;2;2022-01-24;3292;12817;75062;430;81019;6070670;6542804;9472514;29470;10528372
FR;2;2022-01-25;3572;14444;79616;496;85452;6074242;6557248;9552130;29966;10613824
FR;2;2022-01-26;2514;10679;58961;363;62994;6076756;6567927;9611091;30329;10676818
FR;2;2022-01-27;2680;11298;64172;388;67910;6079436;6579225;9675263;30717;10744728
FR;2;2022-01-28;3545;18366;91711;430;98953;6082981;6597591;9766974;31147;10843681
FR;2;2022-01-29;1894;9243;48843;164;52925;6084875;6606834;9815817;31311;10896606
FR;2;2022-01-30;464;2240;9452;38;10606;6085339;6609074;9825269;31349;10907212
FR;2;2022-01-31;1887;9584;43822;208;47340;6087226;6618658;9869091;31557;10954552
FR;2;2022-02-01;1913;10051;47020;279;50104;6089139;6628709;9916111;31836;11004656
FR;2;2022-02-02;1608;9024;41103;251;44173;6090747;6637733;9957214;32087;11048829
FR;2;2022-02-03;1724;8949;40512;204;42911;6092471;6646682;9997726;32291;11091740
FR;2;2022-02-04;2152;15215;66627;297;71343;6094623;6661897;10064353;32588;11163083
FR;2;2022-02-05;1360;8531;35941;131;39234;6095983;6670428;10100294;32719;11202317
FR;2;2022-02-06;274;1774;6124;16;6899;6096257;6672202;10106418;32735;11209216
FR;2;2022-02-07;1350;9590;37747;134;41301;6097607;6681792;10144165;32869;11250517
FR;2;2022-02-08;1299;9819;40928;173;43717;6098906;6691611;10185093;33042;11294234
FR;2;2022-02-09;1160;8825;37038;174;40458;6100066;6700436;10222131;33216;11334692
FR;2;2022-02-10;1025;7987;33834;204;36503;6101091;6708423;10255965;33420;11371195
FR;2;2022-02-11;1389;12080;53338;223;57687;6102480;6720503;10309303;33643;11428882
FR;2;2022-02-12;750;6533;27986;83;30805;6103230;6727036;10337289;33726;11459687
FR;2;2022-02-13;200;1336;4833;20;5574;6103430;6728372;10342122;33746;11465261
FR;2;2022-02-14;835;6729;30265;90;33229;6104265;6735101;10372387;33836;11498490
FR;2;2022-02-15;773;6453;28045;141;29985;6105038;6741554;10400432;33977;11528475
FR;2;2022-02-16;654;5356;22054;123;23619;6105692;6746910;10422486;34100;11552094
FR;2;2022-02-17;516;3777;14145;98;14611;6106208;6750687;10436631;34198;11566705
FR;2;2022-02-18;722;5363;20430;134;21126;6106930;6756050;10457061;34332;11587831
FR;2;2022-02-19;430;3053;10528;66;11242;6107360;6759103;10467589;34398;11599073
FR;2;2022-02-20;101;513;1456;3;1604;6107461;6759616;10469045;34401;11600677
FR;2;2022-02-21;421;2684;9117;65;9494;6107882;6762300;10478162;34466;11610171
FR;2;2022-02-22;389;2564;8890;76;8793;6108271;6764864;10487052;34542;11618964
FR;2;2022-02-23;431;2602;8987;82;9265;6108702;6767466;10496039;34624;11628229
FR;2;2022-02-24;314;2030;6798;81;6827;6109016;6769496;10502837;34705;11635056
FR;2;2022-02-25;456;3197;11414;108;11278;6109472;6772693;10514251;34813;11646334
FR;2;2022-02-26;295;1892;6035;49;6340;6109767;6774585;10520286;34862;11652674
FR;2;2022-02-27;76;313;905;5;948;6109843;6774898;10521191;34867;11653622
FR;2;2022-02-28;330;1682;5523;53;5531;6110173;6776580;10526714;34920;11659153
FR;2;2022-03-01;277;1559;5475;45;5192;6110450;6778139;10532189;34965;11664345
FR;2;2022-03-02;297;1432;5244;45;5086;6110747;6779571;10537433;35010;11669431
FR;2;2022-03-03;225;1107;3705;42;3480;6110972;6780678;10541138;35052;11672911
FR;2;2022-03-04;242;1464;4856;73;4500;6111214;6782142;10545994;35125;11677411
FR;2;2022-03-05;173;904;2979;32;2723;6111387;6783046;10548973;35157;11680134
FR;2;2022-03-06;40;182;278;5;318;6111427;6783228;10549251;35162;11680452
FR;2;2022-03-07;155;655;1985;70;1774;6111582;6783883;10551236;35232;11682226
FR;2;2022-03-08;143;656;2270;51;1902;6111725;6784539;10553506;35283;11684128
FR;2;2022-03-09;154;703;2342;37;2043;6111879;6785242;10555848;35320;11686171
FR;2;2022-03-10;120;599;1688;35;1462;6111999;6785841;10557536;35355;11687633
FR;2;2022-03-11;170;754;2767;57;2366;6112169;6786595;10560303;35412;11689999
FR;2;2022-03-12;145;483;1784;27;1553;6112314;6787078;10562087;35439;11691552
FR;2;2022-03-13;25;75;201;29;202;6112339;6787153;10562288;35468;11691754
FR;2;2022-03-14;125;465;1562;529;1291;6112464;6787618;10563850;35997;11693045
FR;2;2022-03-15;138;418;1707;689;1322;6112602;6788036;10565557;36686;11694367
FR;2;2022-03-16;141;469;2011;1611;1589;6112743;6788505;10567568;38297;11695956
FR;2;2022-03-17;93;412;1407;1193;1143;6112836;6788917;10568975;39490;11697099
FR;2;2022-03-18;145;491;2018;1787;1660;6112981;6789408;10570993;41277;11698759
FR;2;2022-03-19;108;319;1209;940;1014;6113089;6789727;10572202;42217;11699773
FR;2;2022-03-20;13;76;191;59;167;6113102;6789803;10572393;42276;11699940
FR;2;2022-03-21;96;304;1211;1483;1075;6113198;6790107;10573604;43759;11701015
FR;2;2022-03-22;117;384;1528;1828;1291;6113315;6790491;10575132;45587;11702306
FR;2;2022-03-23;139;353;1668;3032;1461;6113454;6790844;10576800;48619;11703767
FR;2;2022-03-24;116;291;1182;1546;998;6113570;6791135;10577982;50165;11704765
FR;2;2022-03-25;119;360;1803;2449;1473;6113689;6791495;10579785;52614;11706238
FR;2;2022-03-26;77;246;1203;1220;952;6113766;6791741;10580988;53834;11707190
FR;2;2022-03-27;19;36;152;100;131;6113785;6791777;10581140;53934;11707321
FR;2;2022-03-28;94;285;1134;1588;993;6113879;6792062;10582274;55522;11708314
FR;2;2022-03-29;108;257;1324;2462;1104;6113987;6792319;10583598;57984;11709418
FR;2;2022-03-30;91;312;1486;3183;1319;6114078;6792631;10585084;61167;11710737
FR;2;2022-03-31;104;281;1271;2327;1085;6114182;6792912;10586355;63494;11711822
FR;2;2022-04-01;121;317;1563;2342;1315;6114303;6793229;10587918;65836;11713137
FR;2;2022-04-02;72;161;845;889;737;6114375;6793390;10588763;66725;11713874
FR;2;2022-04-03;16;53;128;112;142;6114391;6793443;10588891;66837;11714016
FR;2;2022-04-04;109;229;985;1435;793;6114500;6793672;10589876;68272;11714809
FR;2;2022-04-05;142;287;1311;2874;1139;6114642;6793959;10591187;71146;11715948
FR;2;2022-04-06;88;247;1305;2517;1127;6114730;6794206;10592492;73663;11717075
FR;2;2022-04-07;119;214;1297;2681;1036;6114849;6794420;10593789;76344;11718111
FR;2;2022-04-08;124;330;1624;3230;1322;6114973;6794750;10595413;79574;11719433
FR;2;2022-04-09;90;219;899;1045;731;6115063;6794969;10596312;80619;11720164
FR;2;2022-04-10;37;47;143;161;119;6115100;6795016;10596455;80780;11720283
FR;2;2022-04-11;86;185;884;1531;773;6115186;6795201;10597339;82311;11721056
FR;2;2022-04-12;176;261;1178;2733;1055;6115362;6795462;10598517;85044;11722111
FR;2;2022-04-13;144;227;1119;2450;978;6115506;6795689;10599636;87494;11723089
FR;2;2022-04-14;114;219;1084;2669;916;6115620;6795908;10600720;90163;11724005
FR;2;2022-04-15;112;245;1195;2274;1064;6115732;6796153;10601915;92437;11725069
FR;2;2022-04-16;65;108;540;545;452;6115797;6796261;10602455;92982;11725521
FR;2;2022-04-17;15;26;57;53;53;6115812;6796287;10602512;93035;11725574
FR;2;2022-04-18;12;35;119;69;114;6115824;6796322;10602631;93104;11725688
FR;2;2022-04-19;111;235;1115;1707;945;6115935;6796557;10603746;94811;11726633
FR;2;2022-04-20;95;238;1093;2104;922;6116030;6796795;10604839;96915;11727555
FR;2;2022-04-21;111;230;974;1845;831;6116141;6797025;10605813;98760;11728386
FR;2;2022-04-22;96;269;1240;2081;1022;6116237;6797294;10607053;100841;11729408
FR;2;2022-04-23;66;154;644;762;573;6116303;6797448;10607697;101603;11729981
FR;2;2022-04-24;12;28;101;68;79;6116315;6797476;10607798;101671;11730060
FR;2;2022-04-25;103;202;819;1313;708;6116418;6797678;10608617;102984;11730768
FR;2;2022-04-26;109;183;1034;1955;872;6116527;6797861;10609651;104939;11731640
FR;2;2022-04-27;95;177;857;1757;760;6116622;6798038;10610508;106696;11732400
FR;2;2022-04-28;90;214;948;1898;842;6116712;6798252;10611456;108594;11733242
FR;2;2022-04-29;79;279;1127;1689;1036;6116791;6798531;10612583;110283;11734278
FR;2;2022-04-30;65;126;470;536;429;6116856;6798657;10613053;110819;11734707
FR;2;2022-05-01;20;24;83;47;84;6116876;6798681;10613136;110866;11734791
FR;2;2022-05-02;113;214;760;1204;655;6116989;6798895;10613896;112070;11735446
FR;2;2022-05-03;149;225;994;1762;933;6117138;6799120;10614890;113832;11736379
FR;2;2022-05-04;87;220;919;1796;862;6117225;6799340;10615809;115628;11737241
FR;2;2022-05-05;125;191;844;1697;757;6117350;6799531;10616653;117325;11737998
FR;2;2022-05-06;133;238;1094;1848;1007;6117483;6799769;10617747;119173;11739005
FR;2;2022-05-07;40;97;470;504;406;6117523;6799866;10618217;119677;11739411
FR;2;2022-05-08;45;53;106;70;100;6117568;6799919;10618323;119747;11739511
FR;2;2022-05-09;101;172;650;983;602;6117669;6800091;10618973;120730;11740113
FR;2;2022-05-10;118;236;935;1829;890;6117787;6800327;10619908;122559;11741003
FR;2;2022-05-11;97;166;809;1869;788;6117884;6800493;10620717;124428;11741791
FR;2;2022-05-12;110;166;835;2078;796;6117994;6800659;10621552;126506;11742587
FR;2;2022-05-13;95;228;964;2086;890;6118089;6800887;10622516;128592;11743477
FR;2;2022-05-14;76;116;450;554;408;6118165;6801003;10622966;129146;11743885
FR;2;2022-05-15;24;35;93;87;105;6118189;6801038;10623059;129233;11743990
FR;2;2022-05-16;103;169;589;921;527;6118292;6801207;10623648;130154;11744517
FR;2;2022-05-17;95;183;684;1668;654;6118387;6801390;10624332;131822;11745171
FR;2;2022-05-18;80;179;637;1420;642;6118467;6801569;10624969;133242;11745813
FR;2;2022-05-19;68;158;704;1804;745;6118535;6801727;10625673;135046;11746558
FR;2;2022-05-20;105;175;866;1699;773;6118640;6801902;10626539;136745;11747331
FR;2;2022-05-21;47;96;395;517;337;6118687;6801998;10626934;137262;11747668
FR;2;2022-05-22;8;22;68;37;56;6118695;6802020;10627002;137299;11747724
FR;2;2022-05-23;83;128;486;900;469;6118778;6802148;10627488;138199;11748193
FR;2;2022-05-24;86;161;619;1573;603;6118864;6802309;10628107;139772;11748796
FR;2;2022-05-25;69;140;533;1139;487;6118933;6802449;10628640;140911;11749283
FR;2;2022-05-26;8;26;73;41;79;6118941;6802475;10628713;140952;11749362
FR;2;2022-05-27;44;117;450;811;431;6118985;6802592;10629163;141763;11749793
FR;2;2022-05-28;28;60;220;240;219;6119013;6802652;10629383;142003;11750012
FR;2;2022-05-29;10;34;43;25;51;6119023;6802686;10629426;142028;11750063
FR;2;2022-05-30;64;106;411;709;395;6119087;6802792;10629837;142737;11750458
FR;2;2022-05-31;75;131;550;1249;498;6119162;6802923;10630387;143986;11750956
FR;2;2022-06-01;53;149;519;1034;503;6119215;6803072;10630906;145020;11751459
FR;2;2022-06-02;89;165;579;1350;547;6119304;6803237;10631485;146370;11752006
FR;2;2022-06-03;67;153;628;1592;562;6119371;6803390;10632113;147962;11752568
FR;2;2022-06-04;54;91;266;432;251;6119425;6803481;10632379;148394;11752819
FR;2;2022-06-05;11;17;61;57;47;6119436;6803498;10632440;148451;11752866
FR;2;2022-06-06;11;21;77;74;80;6119447;6803519;10632517;148525;11752946
FR;2;2022-06-07;97;214;641;1505;554;6119544;6803733;10633158;150030;11753500
FR;2;2022-06-08;70;113;459;1157;392;6119614;6803846;10633617;151187;11753892
FR;2;2022-06-09;88;162;570;1841;535;6119702;6804008;10634187;153028;11754427
FR;2;2022-06-10;81;154;605;1671;572;6119783;6804162;10634792;154699;11754999
FR;2;2022-06-11;41;78;278;524;253;6119824;6804240;10635070;155223;11755252
FR;2;2022-06-12;18;38;56;76;59;6119842;6804278;10635126;155299;11755311
FR;2;2022-06-13;34;112;363;945;348;6119876;6804390;10635489;156244;11755659
FR;2;2022-06-14;65;147;548;2073;494;6119941;6804537;10636037;158317;11756153
FR;2;2022-06-15;72;96;441;1491;382;6120013;6804633;10636478;159808;11756535
FR;2;2022-06-16;127;116;427;1403;363;6120140;6804749;10636905;161211;11756898
FR;2;2022-06-17;65;125;524;1799;462;6120205;6804874;10637429;163010;11757360
FR;2;2022-06-18;74;87;210;576;185;6120279;6804961;10637639;163586;11757545
FR;2;2022-06-19;9;12;51;70;40;6120288;6804973;10637690;163656;11757585
FR;2;2022-06-20;56;114;334;1026;329;6120344;6805087;10638024;164682;11757914
FR;2;2022-06-21;99;108;490;2057;429;6120443;6805195;10638514;166739;11758343
FR;2;2022-06-22;37;99;411;1854;365;6120480;6805294;10638925;168593;11758708
FR;2;2022-06-23;53;103;490;2268;412;6120533;6805397;10639415;170861;11759120
FR;2;2022-06-24;60;114;650;3143;521;6120593;6805511;10640065;174004;11759641
FR;2;2022-06-25;29;86;276;947;237;6120622;6805597;10640341;174951;11759878
FR;2;2022-06-26;28;24;119;190;84;6120650;6805621;10640460;175141;11759962
FR;2;2022-06-27;75;130;492;2362;403;6120725;6805751;10640952;177503;11760365
FR;3;2020-12-27;0;0;0;0;0;0;0;0;0;0
FR;3;2020-12-28;0;0;0;0;0;0;0;0;0;0
FR;3;2020-12-29;0;0;0;0;0;0;0;0;0;0
FR;3;2020-12-30;0;0;0;0;0;0;0;0;0;0
FR;3;2020-12-31;0;0;0;0;0;0;0;0;0;0
FR;3;2021-01-01;0;0;0;0;0;0;0;0;0;0
FR;3;2021-01-02;0;0;0;0;0;0;0;0;0;0
FR;3;2021-01-03;0;0;0;0;0;0;0;0;0;0
FR;3;2021-01-04;0;0;0;0;0;0;0;0;0;0
FR;3;2021-01-05;0;0;0;0;0;0;0;0;0;0
FR;3;2021-01-06;0;0;0;0;0;0;0;0;0;0
FR;3;2021-01-07;0;0;0;0;0;0;0;0;0;0
FR;3;2021-01-08;0;0;0;0;0;0;0;0;0;0
FR;3;2021-01-09;0;0;0;0;0;0;0;0;0;0
FR;3;2021-01-10;0;0;0;0;0;0;0;0;0;0
FR;3;2021-01-11;0;0;0;0;0;0;0;0;0;0
FR;3;2021-01-12;0;0;0;0;0;0;0;0;0;0
FR;3;2021-01-13;0;0;0;0;0;0;0;0;0;0
FR;3;2021-01-14;0;0;0;0;0;0;0;0;0;0
FR;3;2021-01-15;0;0;0;0;0;0;0;0;0;0
FR;3;2021-01-16;0;0;0;0;0;0;0;0;0;0
FR;3;2021-01-17;0;0;0;0;0;0;0;0;0;0
FR;3;2021-01-18;0;0;0;0;0;0;0;0;0;0
FR;3;2021-01-19;0;0;0;0;0;0;0;0;0;0
FR;3;2021-01-20;0;0;0;0;0;0;0;0;0;0
FR;3;2021-01-21;0;0;0;0;0;0;0;0;0;0
FR;3;2021-01-22;0;0;0;0;0;0;0;0;0;0
FR;3;2021-01-23;0;0;0;0;0;0;0;0;0;0
FR;3;2021-01-24;0;0;0;0;0;0;0;0;0;0
FR;3;2021-01-25;0;0;0;0;0;0;0;0;0;0
FR;3;2021-01-26;0;0;0;0;0;0;0;0;0;0
FR;3;2021-01-27;0;0;0;0;0;0;0;0;0;0
FR;3;2021-01-28;0;0;0;0;0;0;0;0;0;0
FR;3;2021-01-29;0;0;0;0;0;0;0;0;0;0
FR;3;2021-01-30;0;0;0;0;0;0;0;0;0;0
FR;3;2021-01-31;0;0;0;0;0;0;0;0;0;0
FR;3;2021-02-01;0;0;0;0;0;0;0;0;0;0
FR;3;2021-02-02;0;0;0;0;0;0;0;0;0;0
FR;3;2021-02-03;0;0;0;0;0;0;0;0;0;0
FR;3;2021-02-04;0;0;0;0;0;0;0;0;0;0
FR;3;2021-02-05;0;0;0;0;0;0;0;0;0;0
FR;3;2021-02-06;1633;0;0;0;0;1633;0;0;0;0
FR;3;2021-02-07;1423;0;0;0;0;3056;0;0;0;0
FR;3;2021-02-08;2784;1;0;0;0;5840;1;0;0;0
FR;3;2021-02-09;6782;0;0;0;0;12622;1;0;0;0
FR;3;2021-02-10;9605;0;0;0;0;22227;1;0;0;0
FR;3;2021-02-11;13613;0;0;0;0;35840;1;0;0;0
FR;3;2021-02-12;13403;0;0;0;0;49243;1;0;0;0
FR;3;2021-02-13;3788;1;0;0;0;53031;2;0;0;0
FR;3;2021-02-14;972;0;0;0;0;54003;2;0;0;0
FR;3;2021-02-15;10487;1;0;0;0;64490;3;0;0;0
FR;3;2021-02-16;12546;1;0;0;0;77036;4;0;0;0
FR;3;2021-02-17;11153;0;0;0;0;88189;4;0;0;0
FR;3;2021-02-18;14937;2;0;0;0;103126;6;0;0;0
FR;3;2021-02-19;14359;1;0;0;0;117485;7;0;0;0
FR;3;2021-02-20;3329;0;0;0;0;120814;7;0;0;0
FR;3;2021-02-21;618;0;0;0;0;121432;7;0;0;0
FR;3;2021-02-22;9164;0;0;0;0;130596;7;0;0;0
FR;3;2021-02-23;11395;1;0;0;0;141991;8;0;0;0
FR;3;2021-02-24;14299;1;0;0;0;156290;9;0;0;0
FR;3;2021-02-25;44931;1;0;0;0;201221;10;0;0;0
FR;3;2021-02-26;61884;4;0;0;0;263105;14;0;0;0
FR;3;2021-02-27;34801;7;0;0;0;297906;21;0;0;0
FR;3;2021-02-28;2463;0;0;0;0;300369;21;0;0;0
FR;3;2021-03-01;20514;14;0;0;0;320883;35;0;0;0
FR;3;2021-03-02;38867;19;0;0;0;359750;54;0;0;0
FR;3;2021-03-03;48734;15;0;0;0;408484;69;0;0;0
FR;3;2021-03-04;82218;21;0;0;0;490702;90;0;0;0
FR;3;2021-03-05;118125;40;0;0;0;608827;130;0;0;0
FR;3;2021-03-06;120714;57;1;0;0;729541;187;1;0;0
FR;3;2021-03-07;55176;27;0;0;0;784717;214;1;0;0
FR;3;2021-03-08;42811;25;0;0;0;827528;239;1;0;0
FR;3;2021-03-09;78968;45;0;0;0;906496;284;1;0;0
FR;3;2021-03-10;80970;46;0;0;0;987466;330;1;0;0
FR;3;2021-03-11;128425;56;0;0;0;1115891;386;1;0;0
FR;3;2021-03-12;182721;93;0;0;0;1298612;479;1;0;0
FR;3;2021-03-13;132147;69;0;0;0;1430759;548;1;0;0
FR;3;2021-03-14;14055;5;0;0;0;1444814;553;1;0;0
FR;3;2021-03-15;52227;50;0;0;0;1497041;603;1;0;0
FR;3;2021-03-16;1211;27;0;0;0;1498252;630;1;0;0
FR;3;2021-03-17;943;36;0;0;0;1499195;666;1;0;0
FR;3;2021-03-18;1566;15;0;0;0;1500761;681;1;0;0
FR;3;2021-03-19;70451;47;0;0;0;1571212;728;1;0;0
FR;3;2021-03-20;65227;47;0;0;0;1636439;775;1;0;0
FR;3;2021-03-21;5756;7;0;0;0;1642195;782;1;0;0
FR;3;2021-03-22;37498;39;0;0;0;1679693;821;1;0;0
FR;3;2021-03-23;84654;65;0;0;0;1764347;886;1;0;0
FR;3;2021-03-24;90938;91;0;0;0;1855285;977;1;0;0
FR;3;2021-03-25;150049;132;0;0;0;2005334;1109;1;0;0
FR;3;2021-03-26;165416;150;0;0;0;2170750;1259;1;0;0
FR;3;2021-03-27;68456;100;0;0;0;2239206;1359;1;0;0
FR;3;2021-03-28;6472;20;0;0;0;2245678;1379;1;0;0
FR;3;2021-03-29;54160;73;0;0;0;2299838;1452;1;0;0
FR;3;2021-03-30;93167;102;0;0;0;2393005;1554;1;0;0
FR;3;2021-03-31;63528;100;0;0;0;2456533;1654;1;0;0
FR;3;2021-04-01;86122;104;0;0;0;2542655;1758;1;0;0
FR;3;2021-04-02;86898;155;0;0;0;2629553;1913;1;0;0
FR;3;2021-04-03;35872;118;0;0;0;2665425;2031;1;0;0
FR;3;2021-04-04;3571;18;0;0;0;2668996;2049;1;0;0
FR;3;2021-04-05;4487;28;0;0;0;2673483;2077;1;0;0
FR;3;2021-04-06;29744;86;0;0;0;2703227;2163;1;0;0
FR;3;2021-04-07;32340;84;0;0;0;2735567;2247;1;0;0
FR;3;2021-04-08;78813;243;0;0;0;2814380;2490;1;0;0
FR;3;2021-04-09;161747;422;0;0;0;2976127;2912;1;0;0
FR;3;2021-04-10;75757;334;0;0;0;3051884;3246;1;0;0
FR;3;2021-04-11;7309;45;0;0;0;3059193;3291;1;0;0
FR;3;2021-04-12;51470;208;0;0;0;3110663;3499;1;0;0
FR;3;2021-04-13;86222;317;0;0;0;3196885;3816;1;0;0
FR;3;2021-04-14;67834;347;0;0;0;3264719;4163;1;0;0
FR;3;2021-04-15;93221;374;0;0;0;3357940;4537;1;0;0
FR;3;2021-04-16;112517;587;0;0;0;3470457;5124;1;0;0
FR;3;2021-04-17;53311;325;1;0;0;3523768;5449;2;0;0
FR;3;2021-04-18;9745;37;0;0;0;3533513;5486;2;0;0
FR;3;2021-04-19;25104;249;0;0;0;3558617;5735;2;0;0
FR;3;2021-04-20;45673;400;0;0;0;3604290;6135;2;0;0
FR;3;2021-04-21;38971;479;0;0;0;3643261;6614;2;0;0
FR;3;2021-04-22;54705;792;0;0;0;3697966;7406;2;0;0
FR;3;2021-04-23;70485;1029;0;0;0;3768451;8435;2;0;0
FR;3;2021-04-24;37240;1014;0;0;0;3805691;9449;2;0;0
FR;3;2021-04-25;6205;153;0;0;0;3811896;9602;2;0;0
FR;3;2021-04-26;19784;662;0;0;0;3831680;10264;2;0;0
FR;3;2021-04-27;34473;1268;0;0;0;3866153;11532;2;0;0
FR;3;2021-04-28;28967;1949;0;0;0;3895120;13481;2;0;0
FR;3;2021-04-29;45378;5980;0;0;0;3940498;19461;2;0;0
FR;3;2021-04-30;55456;8955;1;0;0;3995954;28416;3;0;0
FR;3;2021-05-01;9511;1990;0;0;0;4005465;30406;3;0;0
FR;3;2021-05-02;3074;486;0;0;0;4008539;30892;3;0;0
FR;3;2021-05-03;13059;3879;0;0;0;4021598;34771;3;0;0
FR;3;2021-05-04;23110;8416;0;0;0;4044708;43187;3;0;0
FR;3;2021-05-05;18754;10647;0;0;0;4063462;53834;3;0;0
FR;3;2021-05-06;34624;20947;0;0;0;4098086;74781;3;0;0
FR;3;2021-05-07;44202;28500;0;0;0;4142288;103281;3;0;0
FR;3;2021-05-08;6786;9010;0;0;0;4149074;112291;3;0;0
FR;3;2021-05-09;1794;2651;0;0;0;4150868;114942;3;0;0
FR;3;2021-05-10;14990;12681;0;0;0;4165858;127623;3;0;0
FR;3;2021-05-11;27092;25877;0;0;0;4192950;153500;3;0;0
FR;3;2021-05-12;17266;27612;0;0;0;4210216;181112;3;0;0
FR;3;2021-05-13;2279;3483;0;0;0;4212495;184595;3;0;0
FR;3;2021-05-14;14514;25830;0;0;0;4227009;210425;3;0;0
FR;3;2021-05-15;7232;20841;0;0;0;4234241;231266;3;0;0
FR;3;2021-05-16;975;2671;0;0;0;4235216;233937;3;0;0
FR;3;2021-05-17;7962;19989;0;0;0;4243178;253926;3;0;0
FR;3;2021-05-18;13411;29748;0;0;0;4256589;283674;3;0;0
FR;3;2021-05-19;9263;31347;0;0;0;4265852;315021;3;0;0
FR;3;2021-05-20;12801;53353;3;0;0;4278653;368374;6;0;0
FR;3;2021-05-21;12760;65651;2;0;0;4291413;434025;8;0;0
FR;3;2021-05-22;4963;33395;1;0;0;4296376;467420;9;0;0
FR;3;2021-05-23;650;2666;0;0;0;4297026;470086;9;0;0
FR;3;2021-05-24;879;4902;0;0;0;4297905;474988;9;0;0
FR;3;2021-05-25;5301;45562;1;0;0;4303206;520550;10;0;0
FR;3;2021-05-26;4972;51278;1;0;0;4308178;571828;11;0;0
FR;3;2021-05-27;6326;78169;3;0;0;4314504;649997;14;0;0
FR;3;2021-05-28;7542;99297;2;0;0;4322046;749294;16;0;0
FR;3;2021-05-29;3346;60462;1;0;0;4325392;809756;17;0;0
FR;3;2021-05-30;547;8207;0;0;0;4325939;817963;17;0;0
FR;3;2021-05-31;2439;35777;3;0;0;4328378;853740;20;0;0
FR;3;2021-06-01;3401;64747;10;0;0;4331779;918487;30;0;0
FR;3;2021-06-02;2728;58393;6;0;0;4334507;976880;36;0;0
FR;3;2021-06-03;3492;87452;10;0;0;4337999;1064332;46;0;0
FR;3;2021-06-04;4114;105204;22;0;0;4342113;1169536;68;0;0
FR;3;2021-06-05;1979;52305;4;0;0;4344092;1221841;72;0;0
FR;3;2021-06-06;506;5378;1;0;0;4344598;1227219;73;0;0
FR;3;2021-06-07;1473;31055;11;0;0;4346071;1258274;84;0;0
FR;3;2021-06-08;2051;47254;18;0;0;4348122;1305528;102;0;0
FR;3;2021-06-09;1789;42178;13;0;0;4349911;1347706;115;0;0
FR;3;2021-06-10;2245;67775;17;0;0;4352156;1415481;132;0;0
FR;3;2021-06-11;2479;96647;34;0;0;4354635;1512128;166;0;0
FR;3;2021-06-12;1176;40791;6;0;0;4355811;1552919;172;0;0
FR;3;2021-06-13;279;3767;3;0;0;4356090;1556686;175;0;0
FR;3;2021-06-14;1043;42540;17;0;0;4357133;1599226;192;0;0
FR;3;2021-06-15;1365;80578;20;0;0;4358498;1679804;212;0;0
FR;3;2021-06-16;1256;65631;20;0;0;4359754;1745435;232;0;0
FR;3;2021-06-17;1661;101878;41;0;0;4361415;1847313;273;0;0
FR;3;2021-06-18;1868;117978;62;0;0;4363283;1965291;335;0;0
FR;3;2021-06-19;801;39393;22;0;0;4364084;2004684;357;0;0
FR;3;2021-06-20;158;3352;0;0;0;4364242;2008036;357;0;0
FR;3;2021-06-21;769;39201;16;0;0;4365011;2047237;373;0;0
FR;3;2021-06-22;1061;69968;52;0;0;4366072;2117205;425;0;0
FR;3;2021-06-23;942;50814;39;0;0;4367014;2168019;464;0;0
FR;3;2021-06-24;1307;77145;48;0;0;4368321;2245164;512;0;0
FR;3;2021-06-25;1401;90058;73;0;0;4369722;2335222;585;0;0
FR;3;2021-06-26;629;33138;29;0;0;4370351;2368360;614;0;0
FR;3;2021-06-27;166;3963;1;0;0;4370517;2372323;615;0;0
FR;3;2021-06-28;649;30338;27;0;0;4371166;2402661;642;0;0
FR;3;2021-06-29;854;56185;95;0;0;4372020;2458846;737;0;0
FR;3;2021-06-30;900;45120;93;0;0;4372920;2503966;830;0;0
FR;3;2021-07-01;1161;65710;108;0;0;4374081;2569676;938;0;0
FR;3;2021-07-02;1302;90388;170;0;0;4375383;2660064;1108;0;0
FR;3;2021-07-03;600;31177;52;0;0;4375983;2691241;1160;0;0
FR;3;2021-07-04;143;4232;3;0;0;4376126;2695473;1163;0;0
FR;3;2021-07-05;609;33852;60;0;0;4376735;2729325;1223;0;0
FR;3;2021-07-06;958;56033;88;0;0;4377693;2785358;1311;0;0
FR;3;2021-07-07;870;43034;80;0;0;4378563;2828392;1391;0;0
FR;3;2021-07-08;1123;60726;99;0;0;4379686;2889118;1490;0;0
FR;3;2021-07-09;1258;68786;128;0;0;4380944;2957904;1618;0;0
FR;3;2021-07-10;642;25061;59;0;0;4381586;2982965;1677;0;0
FR;3;2021-07-11;129;3273;4;0;0;4381715;2986238;1681;0;0
FR;3;2021-07-12;660;23849;59;0;0;4382375;3010087;1740;0;0
FR;3;2021-07-13;1645;34691;90;0;0;4384020;3044778;1830;0;0
FR;3;2021-07-14;264;2592;2;0;0;4384284;3047370;1832;0;0
FR;3;2021-07-15;1935;30623;85;0;0;4386219;3077993;1917;0;0
FR;3;2021-07-16;2520;38836;122;0;0;4388739;3116829;2039;0;0
FR;3;2021-07-17;1046;13738;26;0;0;4389785;3130567;2065;0;0
FR;3;2021-07-18;263;2592;3;0;0;4390048;3133159;2068;0;0
FR;3;2021-07-19;1275;17152;37;0;0;4391323;3150311;2105;0;0
FR;3;2021-07-20;1823;27100;98;0;0;4393146;3177411;2203;0;0
FR;3;2021-07-21;1649;19687;44;0;0;4394795;3197098;2247;0;0
FR;3;2021-07-22;1850;27723;83;0;0;4396645;3224821;2330;0;0
FR;3;2021-07-23;2215;30419;117;0;0;4398860;3255240;2447;0;0
FR;3;2021-07-24;822;6999;25;0;0;4399682;3262239;2472;0;0
FR;3;2021-07-25;210;1338;1;0;0;4399892;3263577;2473;0;0
FR;3;2021-07-26;923;10671;28;0;0;4400815;3274248;2501;0;0
FR;3;2021-07-27;1167;16940;56;0;0;4401982;3291188;2557;0;0
FR;3;2021-07-28;988;12085;40;0;0;4402970;3303273;2597;0;0
FR;3;2021-07-29;1126;15814;63;0;0;4404096;3319087;2660;0;0
FR;3;2021-07-30;1126;18067;79;0;0;4405222;3337154;2739;0;0
FR;3;2021-07-31;406;3741;15;0;0;4405628;3340895;2754;0;0
FR;3;2021-08-01;113;485;1;0;0;4405741;3341380;2755;0;0
FR;3;2021-08-02;419;5140;22;0;0;4406160;3346520;2777;0;0
FR;3;2021-08-03;489;7571;27;0;0;4406649;3354091;2804;0;0
FR;3;2021-08-04;435;4875;26;0;0;4407084;3358966;2830;0;0
FR;3;2021-08-05;429;3728;12;0;0;4407513;3362694;2842;0;0
FR;3;2021-08-06;454;4776;30;0;0;4407967;3367470;2872;0;0
FR;3;2021-08-07;214;1922;11;0;0;4408181;3369392;2883;0;0
FR;3;2021-08-08;249;427;2;0;0;4408430;3369819;2885;0;0
FR;3;2021-08-09;314;2485;11;0;0;4408744;3372304;2896;0;0
FR;3;2021-08-10;364;3865;15;0;0;4409108;3376169;2911;0;0
FR;3;2021-08-11;286;2715;15;0;0;4409394;3378884;2926;0;0
FR;3;2021-08-12;276;2628;12;0;0;4409670;3381512;2938;0;0
FR;3;2021-08-13;277;2256;16;0;0;4409947;3383768;2954;0;0
FR;3;2021-08-14;170;915;1;0;0;4410117;3384683;2955;0;0
FR;3;2021-08-15;55;174;0;0;0;4410172;3384857;2955;0;0
FR;3;2021-08-16;123;1078;8;0;0;4410295;3385935;2963;0;0
FR;3;2021-08-17;186;1490;8;0;0;4410481;3387425;2971;0;0
FR;3;2021-08-18;200;1361;10;0;0;4410681;3388786;2981;0;0
FR;3;2021-08-19;165;1408;10;0;0;4410846;3390194;2991;0;0
FR;3;2021-08-20;166;1627;16;0;0;4411012;3391821;3007;0;0
FR;3;2021-08-21;93;589;2;0;0;4411105;3392410;3009;0;0
FR;3;2021-08-22;41;186;1;0;0;4411146;3392596;3010;0;0
FR;3;2021-08-23;140;925;7;0;0;4411286;3393521;3017;0;0
FR;3;2021-08-24;124;962;10;0;0;4411410;3394483;3027;0;0
FR;3;2021-08-25;137;834;2;0;0;4411547;3395317;3029;0;0
FR;3;2021-08-26;171;863;9;0;0;4411718;3396180;3038;0;0
FR;3;2021-08-27;175;964;9;0;0;4411893;3397144;3047;0;0
FR;3;2021-08-28;98;370;4;0;0;4411991;3397514;3051;0;0
FR;3;2021-08-29;128;134;1;0;0;4412119;3397648;3052;0;0
FR;3;2021-08-30;99;596;0;0;132;4412218;3398244;3052;0;132
FR;3;2021-08-31;129;705;7;0;149;4412347;3398949;3059;0;281
FR;3;2021-09-01;115;476;5;0;121;4412462;3399425;3064;0;402
FR;3;2021-09-02;100;635;22;0;119;4412562;3400060;3086;0;521
FR;3;2021-09-03;115;587;17;0;128;4412677;3400647;3103;0;649
FR;3;2021-09-04;54;301;3;0;56;4412731;3400948;3106;0;705
FR;3;2021-09-05;51;68;5;0;28;4412782;3401016;3111;0;733
FR;3;2021-09-06;115;390;4;0;144;4412897;3401406;3115;0;877
FR;3;2021-09-07;123;467;14;0;127;4413020;3401873;3129;0;1004
FR;3;2021-09-08;118;368;2;0;99;4413138;3402241;3131;0;1103
FR;3;2021-09-09;92;396;8;0;114;4413230;3402637;3139;0;1217
FR;3;2021-09-10;100;417;3;0;101;4413330;3403054;3142;0;1318
FR;3;2021-09-11;76;238;4;0;66;4413406;3403292;3146;0;1384
FR;3;2021-09-12;36;48;1;0;17;4413442;3403340;3147;0;1401
FR;3;2021-09-13;72;318;7;0;107;4413514;3403658;3154;0;1508
FR;3;2021-09-14;72;291;6;0;105;4413586;3403949;3160;0;1613
FR;3;2021-09-15;60;263;3;0;6;4413646;3404212;3163;0;1619
FR;3;2021-09-16;60;333;5;0;5;4413706;3404545;3168;0;1624
FR;3;2021-09-17;51;347;3;0;7;4413757;3404892;3171;0;1631
FR;3;2021-09-18;36;174;1;0;1;4413793;3405066;3172;0;1632
FR;3;2021-09-19;27;32;2;0;1;4413820;3405098;3174;0;1633
FR;3;2021-09-20;79;207;0;0;1;4413899;3405305;3174;0;1634
FR;3;2021-09-21;59;284;6;0;7;4413958;3405589;3180;0;1641
FR;3;2021-09-22;64;227;6;0;7;4414022;3405816;3186;0;1648
FR;3;2021-09-23;36;273;11;0;7;4414058;3406089;3197;0;1655
FR;3;2021-09-24;26;323;12;0;19;4414084;3406412;3209;0;1674
FR;3;2021-09-25;29;147;3;0;3;4414113;3406559;3212;0;1677
FR;3;2021-09-26;15;56;1;0;1;4414128;3406615;3213;0;1678
FR;3;2021-09-27;39;293;3;0;5;4414167;3406908;3216;0;1683
FR;3;2021-09-28;49;253;6;0;10;4414216;3407161;3222;0;1693
FR;3;2021-09-29;35;224;10;0;14;4414251;3407385;3232;0;1707
FR;3;2021-09-30;38;200;8;0;10;4414289;3407585;3240;0;1717
FR;3;2021-10-01;17;167;6;0;6;4414306;3407752;3246;0;1723
FR;3;2021-10-02;14;90;0;0;0;4414320;3407842;3246;0;1723
FR;3;2021-10-03;19;19;1;0;2;4414339;3407861;3247;0;1725
FR;3;2021-10-04;30;160;4;0;4;4414369;3408021;3251;0;1729
FR;3;2021-10-05;16;154;10;0;13;4414385;3408175;3261;0;1742
FR;3;2021-10-06;31;156;8;0;9;4414416;3408331;3269;0;1751
FR;3;2021-10-07;18;139;6;0;6;4414434;3408470;3275;0;1757
FR;3;2021-10-08;22;142;10;0;9;4414456;3408612;3285;0;1766
FR;3;2021-10-09;13;70;1;0;1;4414469;3408682;3286;0;1767
FR;3;2021-10-10;12;16;2;0;2;4414481;3408698;3288;0;1769
FR;3;2021-10-11;15;122;4;0;5;4414496;3408820;3292;0;1774
FR;3;2021-10-12;18;112;5;0;5;4414514;3408932;3297;0;1779
FR;3;2021-10-13;23;118;8;0;6;4414537;3409050;3305;0;1785
FR;3;2021-10-14;16;159;3;0;4;4414553;3409209;3308;0;1789
FR;3;2021-10-15;23;154;8;0;11;4414576;3409363;3316;0;1800
FR;3;2021-10-16;11;78;6;0;8;4414587;3409441;3322;0;1808
FR;3;2021-10-17;11;24;0;0;0;4414598;3409465;3322;0;1808
FR;3;2021-10-18;17;122;2;0;1;4414615;3409587;3324;0;1809
FR;3;2021-10-19;16;123;19;0;21;4414631;3409710;3343;0;1830
FR;3;2021-10-20;22;129;6;0;7;4414653;3409839;3349;0;1837
FR;3;2021-10-21;26;134;17;0;13;4414679;3409973;3366;0;1850
FR;3;2021-10-22;20;126;16;0;20;4414699;3410099;3382;0;1870
FR;3;2021-10-23;12;59;2;0;1;4414711;3410158;3384;0;1871
FR;3;2021-10-24;7;32;0;0;0;4414718;3410190;3384;0;1871
FR;3;2021-10-25;22;150;7;0;7;4414740;3410340;3391;0;1878
FR;3;2021-10-26;19;112;22;0;19;4414759;3410452;3413;0;1897
FR;3;2021-10-27;17;114;9;0;9;4414776;3410566;3422;0;1906
FR;3;2021-10-28;20;125;33;0;36;4414796;3410691;3455;0;1942
FR;3;2021-10-29;11;122;64;0;54;4414807;3410813;3519;0;1996
FR;3;2021-10-30;8;65;11;1;10;4414815;3410878;3530;1;2006
FR;3;2021-10-31;6;22;1;0;1;4414821;3410900;3531;1;2007
FR;3;2021-11-01;8;22;2;0;1;4414829;3410922;3533;1;2008
FR;3;2021-11-02;9;108;8;0;10;4414838;3411030;3541;1;2018
FR;3;2021-11-03;19;115;10;0;10;4414857;3411145;3551;1;2028
FR;3;2021-11-04;18;96;4;0;3;4414875;3411241;3555;1;2031
FR;3;2021-11-05;17;138;8;1;5;4414892;3411379;3563;2;2036
FR;3;2021-11-06;7;63;3;0;3;4414899;3411442;3566;2;2039
FR;3;2021-11-07;6;21;1;0;1;4414905;3411463;3567;2;2040
FR;3;2021-11-08;11;140;7;0;5;4414916;3411603;3574;2;2045
FR;3;2021-11-09;12;147;5;0;5;4414928;3411750;3579;2;2050
FR;3;2021-11-10;13;172;14;0;15;4414941;3411922;3593;2;2065
FR;3;2021-11-11;8;51;3;0;3;4414949;3411973;3596;2;2068
FR;3;2021-11-12;12;151;6;0;4;4414961;3412124;3602;2;2072
FR;3;2021-11-13;7;76;8;0;10;4414968;3412200;3610;2;2082
FR;3;2021-11-14;2;21;0;0;0;4414970;3412221;3610;2;2082
FR;3;2021-11-15;4;190;10;0;11;4414974;3412411;3620;2;2093
FR;3;2021-11-16;3;161;11;0;10;4414977;3412572;3631;2;2103
FR;3;2021-11-17;6;173;10;0;7;4414983;3412745;3641;2;2110
FR;3;2021-11-18;13;173;10;0;11;4414996;3412918;3651;2;2121
FR;3;2021-11-19;9;221;22;0;27;4415005;3413139;3673;2;2148
FR;3;2021-11-20;6;111;5;0;5;4415011;3413250;3678;2;2153
FR;3;2021-11-21;3;26;3;0;3;4415014;3413276;3681;2;2156
FR;3;2021-11-22;11;231;10;0;10;4415025;3413507;3691;2;2166
FR;3;2021-11-23;8;221;15;0;14;4415033;3413728;3706;2;2180
FR;3;2021-11-24;5;227;9;0;17;4415038;3413955;3715;2;2197
FR;3;2021-11-25;9;269;11;0;10;4415047;3414224;3726;2;2207
FR;3;2021-11-26;6;348;35;0;32;4415053;3414572;3761;2;2239
FR;3;2021-11-27;8;165;20;0;21;4415061;3414737;3781;2;2260
FR;3;2021-11-28;3;60;7;0;7;4415064;3414797;3788;2;2267
FR;3;2021-11-29;5;301;19;0;20;4415069;3415098;3807;2;2287
FR;3;2021-11-30;5;390;26;0;29;4415074;3415488;3833;2;2316
FR;3;2021-12-01;22;435;33;0;34;4415096;3415923;3866;2;2350
FR;3;2021-12-02;9;460;33;0;36;4415105;3416383;3899;2;2386
FR;3;2021-12-03;3;538;37;0;38;4415108;3416921;3936;2;2424
FR;3;2021-12-04;3;269;26;0;28;4415111;3417190;3962;2;2452
FR;3;2021-12-05;1;74;5;0;5;4415112;3417264;3967;2;2457
FR;3;2021-12-06;5;483;14;0;16;4415117;3417747;3981;2;2473
FR;3;2021-12-07;4;572;20;0;24;4415121;3418319;4001;2;2497
FR;3;2021-12-08;5;517;29;0;30;4415126;3418836;4030;2;2527
FR;3;2021-12-09;3;572;17;0;22;4415129;3419408;4047;2;2549
FR;3;2021-12-10;9;592;29;0;25;4415138;3420000;4076;2;2574
FR;3;2021-12-11;4;377;10;0;9;4415142;3420377;4086;2;2583
FR;3;2021-12-12;1;119;3;0;3;4415143;3420496;4089;2;2586
FR;3;2021-12-13;2;573;19;0;21;4415145;3421069;4108;2;2607
FR;3;2021-12-14;7;730;18;0;21;4415152;3421799;4126;2;2628
FR;3;2021-12-15;9;688;17;0;21;4415161;3422487;4143;2;2649
FR;3;2021-12-16;10;703;19;0;18;4415171;3423190;4162;2;2667
FR;3;2021-12-17;4;772;18;0;19;4415175;3423962;4180;2;2686
FR;3;2021-12-18;4;407;4;0;5;4415179;3424369;4184;2;2691
FR;3;2021-12-19;3;207;2;0;2;4415182;3424576;4186;2;2693
FR;3;2021-12-20;8;700;23;0;28;4415190;3425276;4209;2;2721
FR;3;2021-12-21;3;784;10;0;13;4415193;3426060;4219;2;2734
FR;3;2021-12-22;7;741;9;0;10;4415200;3426801;4228;2;2744
FR;3;2021-12-23;1;638;9;0;8;4415201;3427439;4237;2;2752
FR;3;2021-12-24;2;265;3;0;6;4415203;3427704;4240;2;2758
FR;3;2021-12-25;0;25;0;0;0;4415203;3427729;4240;2;2758
FR;3;2021-12-26;0;92;1;0;1;4415203;3427821;4241;2;2759
FR;3;2021-12-27;7;533;17;0;19;4415210;3428354;4258;2;2778
FR;3;2021-12-28;1;680;6;0;5;4415211;3429034;4264;2;2783
FR;3;2021-12-29;4;565;14;0;16;4415215;3429599;4278;2;2799
FR;3;2021-12-30;1;595;7;0;10;4415216;3430194;4285;2;2809
FR;3;2021-12-31;0;203;5;0;7;4415216;3430397;4290;2;2816
FR;3;2022-01-01;0;27;0;0;2;4415216;3430424;4290;2;2818
FR;3;2022-01-02;0;82;0;0;0;4415216;3430506;4290;2;2818
FR;3;2022-01-03;4;561;17;0;21;4415220;3431067;4307;2;2839
FR;3;2022-01-04;6;618;9;0;8;4415226;3431685;4316;2;2847
FR;3;2022-01-05;4;549;10;0;14;4415230;3432234;4326;2;2861
FR;3;2022-01-06;5;539;9;0;12;4415235;3432773;4335;2;2873
FR;3;2022-01-07;2;569;11;0;13;4415237;3433342;4346;2;2886
FR;3;2022-01-08;2;280;4;0;5;4415239;3433622;4350;2;2891
FR;3;2022-01-09;0;118;0;0;0;4415239;3433740;4350;2;2891
FR;3;2022-01-10;2;476;12;0;12;4415241;3434216;4362;2;2903
FR;3;2022-01-11;2;523;1;0;1;4415243;3434739;4363;2;2904
FR;3;2022-01-12;2;443;9;0;10;4415245;3435182;4372;2;2914
FR;3;2022-01-13;3;421;11;0;12;4415248;3435603;4383;2;2926
FR;3;2022-01-14;3;472;10;0;13;4415251;3436075;4393;2;2939
FR;3;2022-01-15;0;297;2;0;3;4415251;3436372;4395;2;2942
FR;3;2022-01-16;0;116;1;0;1;4415251;3436488;4396;2;2943
FR;3;2022-01-17;2;346;8;0;9;4415253;3436834;4404;2;2952
FR;3;2022-01-18;2;405;1;0;2;4415255;3437239;4405;2;2954
FR;3;2022-01-19;2;347;5;0;10;4415257;3437586;4410;2;2964
FR;3;2022-01-20;1;377;5;0;3;4415258;3437963;4415;2;2967
FR;3;2022-01-21;4;369;5;0;7;4415262;3438332;4420;2;2974
FR;3;2022-01-22;2;231;1;0;2;4415264;3438563;4421;2;2976
FR;3;2022-01-23;0;82;0;0;1;4415264;3438645;4421;2;2977
FR;3;2022-01-24;2;346;1;0;6;4415266;3438991;4422;2;2983
FR;3;2022-01-25;0;190;0;0;0;4415266;3439181;4422;2;2983
FR;3;2022-01-26;0;86;0;0;0;4415266;3439267;4422;2;2983
FR;3;2022-01-27;0;56;0;0;0;4415266;3439323;4422;2;2983
FR;3;2022-01-28;0;133;0;0;0;4415266;3439456;4422;2;2983
FR;3;2022-01-29;0;110;0;0;0;4415266;3439566;4422;2;2983
FR;3;2022-01-30;0;51;0;0;0;4415266;3439617;4422;2;2983
FR;3;2022-01-31;0;97;0;0;0;4415266;3439714;4422;2;2983
FR;3;2022-02-01;0;108;0;0;1;4415266;3439822;4422;2;2984
FR;3;2022-02-02;0;95;0;0;0;4415266;3439917;4422;2;2984
FR;3;2022-02-03;0;101;0;0;0;4415266;3440018;4422;2;2984
FR;3;2022-02-04;0;124;0;0;0;4415266;3440142;4422;2;2984
FR;3;2022-02-05;0;73;0;0;0;4415266;3440215;4422;2;2984
FR;3;2022-02-06;0;11;0;0;0;4415266;3440226;4422;2;2984
FR;3;2022-02-07;0;89;0;0;1;4415266;3440315;4422;2;2985
FR;3;2022-02-08;0;0;0;0;0;4415266;3440315;4422;2;2985
FR;3;2022-02-09;0;0;0;0;0;4415266;3440315;4422;2;2985
FR;3;2022-02-10;0;0;0;0;0;4415266;3440315;4422;2;2985
FR;3;2022-02-11;0;0;0;0;0;4415266;3440315;4422;2;2985
FR;3;2022-02-12;0;0;0;0;0;4415266;3440315;4422;2;2985
FR;3;2022-02-13;0;0;0;0;0;4415266;3440315;4422;2;2985
FR;3;2022-02-14;0;0;0;0;0;4415266;3440315;4422;2;2985
FR;3;2022-02-15;0;0;0;0;0;4415266;3440315;4422;2;2985
FR;3;2022-02-16;0;0;0;0;0;4415266;3440315;4422;2;2985
FR;3;2022-02-17;0;0;0;0;0;4415266;3440315;4422;2;2985
FR;3;2022-02-18;0;0;0;0;0;4415266;3440315;4422;2;2985
FR;3;2022-02-19;0;0;0;0;0;4415266;3440315;4422;2;2985
FR;3;2022-02-20;0;0;0;0;0;4415266;3440315;4422;2;2985
FR;3;2022-02-21;2;0;0;0;0;4415268;3440315;4422;2;2985
FR;3;2022-02-22;0;0;0;0;0;4415268;3440315;4422;2;2985
FR;3;2022-02-23;0;0;0;0;0;4415268;3440315;4422;2;2985
FR;3;2022-02-24;0;0;0;0;0;4415268;3440315;4422;2;2985
FR;3;2022-02-25;0;0;0;0;0;4415268;3440315;4422;2;2985
FR;3;2022-02-26;0;0;0;0;0;4415268;3440315;4422;2;2985
FR;3;2022-02-27;0;0;0;0;0;4415268;3440315;4422;2;2985
FR;3;2022-02-28;1;0;0;0;0;4415269;3440315;4422;2;2985
FR;3;2022-03-01;1;0;0;0;0;4415270;3440315;4422;2;2985
FR;3;2022-03-02;0;0;0;0;0;4415270;3440315;4422;2;2985
FR;3;2022-03-03;0;0;0;0;0;4415270;3440315;4422;2;2985
FR;3;2022-03-04;0;0;0;0;0;4415270;3440315;4422;2;2985
FR;3;2022-03-05;0;0;0;0;0;4415270;3440315;4422;2;2985
FR;3;2022-03-06;1;0;0;0;0;4415271;3440315;4422;2;2985
FR;3;2022-03-07;0;0;0;0;0;4415271;3440315;4422;2;2985
FR;3;2022-03-08;1;0;0;0;0;4415272;3440315;4422;2;2985
FR;3;2022-03-09;0;0;0;0;0;4415272;3440315;4422;2;2985
FR;3;2022-03-10;0;0;0;0;0;4415272;3440315;4422;2;2985
FR;3;2022-03-11;0;0;0;0;0;4415272;3440315;4422;2;2985
FR;3;2022-03-12;0;0;0;0;0;4415272;3440315;4422;2;2985
FR;3;2022-03-13;0;0;0;0;0;4415272;3440315;4422;2;2985
FR;3;2022-03-14;0;0;0;0;0;4415272;3440315;4422;2;2985
FR;3;2022-03-15;0;0;0;0;0;4415272;3440315;4422;2;2985
FR;3;2022-03-16;0;0;0;0;0;4415272;3440315;4422;2;2985
FR;3;2022-03-17;0;0;0;0;0;4415272;3440315;4422;2;2985
FR;3;2022-03-18;0;0;0;0;0;4415272;3440315;4422;2;2985
FR;3;2022-03-19;0;0;0;0;0;4415272;3440315;4422;2;2985
FR;3;2022-03-20;1;0;0;0;0;4415273;3440315;4422;2;2985
FR;3;2022-03-21;0;0;0;0;0;4415273;3440315;4422;2;2985
FR;3;2022-03-22;0;0;0;0;0;4415273;3440315;4422;2;2985
FR;3;2022-03-23;1;0;0;0;0;4415274;3440315;4422;2;2985
FR;3;2022-03-24;0;0;0;0;0;4415274;3440315;4422;2;2985
FR;3;2022-03-25;1;0;0;0;0;4415275;3440315;4422;2;2985
FR;3;2022-03-26;0;0;0;0;0;4415275;3440315;4422;2;2985
FR;3;2022-03-27;0;0;0;0;0;4415275;3440315;4422;2;2985
FR;3;2022-03-28;0;0;0;0;0;4415275;3440315;4422;2;2985
FR;3;2022-03-29;0;0;0;0;0;4415275;3440315;4422;2;2985
FR;3;2022-03-30;0;0;0;0;0;4415275;3440315;4422;2;2985
FR;3;2022-03-31;0;0;0;0;0;4415275;3440315;4422;2;2985
FR;3;2022-04-01;0;0;0;0;0;4415275;3440315;4422;2;2985
FR;3;2022-04-02;0;0;0;0;0;4415275;3440315;4422;2;2985
FR;3;2022-04-03;0;0;0;0;0;4415275;3440315;4422;2;2985
FR;3;2022-04-04;0;0;0;0;0;4415275;3440315;4422;2;2985
FR;3;2022-04-05;0;0;0;0;0;4415275;3440315;4422;2;2985
FR;3;2022-04-06;0;0;0;0;0;4415275;3440315;4422;2;2985
FR;3;2022-04-07;0;0;0;0;0;4415275;3440315;4422;2;2985
FR;3;2022-04-08;0;0;0;0;0;4415275;3440315;4422;2;2985
FR;3;2022-04-09;0;0;0;0;0;4415275;3440315;4422;2;2985
FR;3;2022-04-10;0;0;0;0;0;4415275;3440315;4422;2;2985
FR;3;2022-04-11;0;0;0;0;0;4415275;3440315;4422;2;2985
FR;3;2022-04-12;0;0;0;0;0;4415275;3440315;4422;2;2985
FR;3;2022-04-13;0;0;0;0;0;4415275;3440315;4422;2;2985
FR;3;2022-04-14;0;0;0;0;0;4415275;3440315;4422;2;2985
FR;3;2022-04-15;1;0;0;0;0;4415276;3440315;4422;2;2985
FR;3;2022-04-16;0;0;0;0;0;4415276;3440315;4422;2;2985
FR;3;2022-04-17;0;0;0;0;0;4415276;3440315;4422;2;2985
FR;3;2022-04-18;0;0;0;0;0;4415276;3440315;4422;2;2985
FR;3;2022-04-19;0;0;0;0;0;4415276;3440315;4422;2;2985
FR;3;2022-04-20;0;0;0;0;0;4415276;3440315;4422;2;2985
FR;3;2022-04-21;0;0;0;0;0;4415276;3440315;4422;2;2985
FR;3;2022-04-22;0;0;0;0;0;4415276;3440315;4422;2;2985
FR;3;2022-04-23;0;0;0;0;0;4415276;3440315;4422;2;2985
FR;3;2022-04-24;0;0;0;0;0;4415276;3440315;4422;2;2985
FR;3;2022-04-25;0;0;0;0;0;4415276;3440315;4422;2;2985
FR;3;2022-04-26;0;0;0;0;0;4415276;3440315;4422;2;2985
FR;3;2022-04-27;0;0;0;0;0;4415276;3440315;4422;2;2985
FR;3;2022-04-28;0;0;0;0;0;4415276;3440315;4422;2;2985
FR;3;2022-04-29;0;0;0;0;0;4415276;3440315;4422;2;2985
FR;3;2022-04-30;0;0;0;0;0;4415276;3440315;4422;2;2985
FR;3;2022-05-01;0;0;0;0;0;4415276;3440315;4422;2;2985
FR;3;2022-05-02;0;0;0;0;0;4415276;3440315;4422;2;2985
FR;3;2022-05-03;0;0;0;0;0;4415276;3440315;4422;2;2985
FR;3;2022-05-04;0;0;0;0;0;4415276;3440315;4422;2;2985
FR;3;2022-05-05;0;0;0;0;0;4415276;3440315;4422;2;2985
FR;3;2022-05-06;0;0;0;0;0;4415276;3440315;4422;2;2985
FR;3;2022-05-07;0;0;0;0;0;4415276;3440315;4422;2;2985
FR;3;2022-05-08;0;0;0;0;0;4415276;3440315;4422;2;2985
FR;3;2022-05-09;0;0;0;0;0;4415276;3440315;4422;2;2985
FR;3;2022-05-10;0;0;0;0;0;4415276;3440315;4422;2;2985
FR;3;2022-05-11;0;0;0;0;0;4415276;3440315;4422;2;2985
FR;3;2022-05-12;0;0;0;0;0;4415276;3440315;4422;2;2985
FR;3;2022-05-13;0;0;0;0;0;4415276;3440315;4422;2;2985
FR;3;2022-05-14;1;0;0;0;0;4415277;3440315;4422;2;2985
FR;3;2022-05-15;0;0;0;0;0;4415277;3440315;4422;2;2985
FR;3;2022-05-16;0;0;0;0;0;4415277;3440315;4422;2;2985
FR;3;2022-05-17;0;0;0;0;0;4415277;3440315;4422;2;2985
FR;3;2022-05-18;0;0;0;0;0;4415277;3440315;4422;2;2985
FR;3;2022-05-19;0;0;0;0;0;4415277;3440315;4422;2;2985
FR;3;2022-05-20;0;0;0;0;0;4415277;3440315;4422;2;2985
FR;3;2022-05-21;0;0;0;0;0;4415277;3440315;4422;2;2985
FR;3;2022-05-22;0;0;0;0;0;4415277;3440315;4422;2;2985
FR;3;2022-05-23;0;0;0;0;0;4415277;3440315;4422;2;2985
FR;3;2022-05-24;0;0;0;0;0;4415277;3440315;4422;2;2985
FR;3;2022-05-25;0;0;0;0;0;4415277;3440315;4422;2;2985
FR;3;2022-05-26;0;0;0;0;0;4415277;3440315;4422;2;2985
FR;3;2022-05-27;0;0;0;0;0;4415277;3440315;4422;2;2985
FR;3;2022-05-28;0;0;0;0;0;4415277;3440315;4422;2;2985
FR;3;2022-05-29;0;0;0;0;0;4415277;3440315;4422;2;2985
FR;3;2022-05-30;0;0;0;0;0;4415277;3440315;4422;2;2985
FR;3;2022-05-31;0;0;0;0;0;4415277;3440315;4422;2;2985
FR;3;2022-06-01;0;0;0;0;0;4415277;3440315;4422;2;2985
FR;3;2022-06-02;0;0;0;0;0;4415277;3440315;4422;2;2985
FR;3;2022-06-03;0;0;0;0;0;4415277;3440315;4422;2;2985
FR;3;2022-06-04;0;0;0;0;0;4415277;3440315;4422;2;2985
FR;3;2022-06-05;0;0;0;0;0;4415277;3440315;4422;2;2985
FR;3;2022-06-06;0;0;0;0;0;4415277;3440315;4422;2;2985
FR;3;2022-06-07;0;0;0;0;0;4415277;3440315;4422;2;2985
FR;3;2022-06-08;0;0;0;0;0;4415277;3440315;4422;2;2985
FR;3;2022-06-09;0;0;0;0;0;4415277;3440315;4422;2;2985
FR;3;2022-06-10;0;0;0;0;0;4415277;3440315;4422;2;2985
FR;3;2022-06-11;0;0;0;0;0;4415277;3440315;4422;2;2985
FR;3;2022-06-12;0;0;0;0;0;4415277;3440315;4422;2;2985
FR;3;2022-06-13;1;0;0;0;0;4415278;3440315;4422;2;2985
FR;3;2022-06-14;0;0;0;0;0;4415278;3440315;4422;2;2985
FR;3;2022-06-15;0;0;0;0;0;4415278;3440315;4422;2;2985
FR;3;2022-06-16;0;0;0;0;0;4415278;3440315;4422;2;2985
FR;3;2022-06-17;0;0;0;0;0;4415278;3440315;4422;2;2985
FR;3;2022-06-18;0;0;0;0;0;4415278;3440315;4422;2;2985
FR;3;2022-06-19;0;0;0;0;0;4415278;3440315;4422;2;2985
FR;3;2022-06-20;0;0;0;0;0;4415278;3440315;4422;2;2985
FR;3;2022-06-21;0;0;0;0;0;4415278;3440315;4422;2;2985
FR;3;2022-06-22;0;0;0;0;0;4415278;3440315;4422;2;2985
FR;3;2022-06-23;0;0;0;0;0;4415278;3440315;4422;2;2985
FR;3;2022-06-24;0;0;0;0;0;4415278;3440315;4422;2;2985
FR;3;2022-06-25;0;0;0;0;0;4415278;3440315;4422;2;2985
FR;3;2022-06-26;0;0;0;0;0;4415278;3440315;4422;2;2985
FR;3;2022-06-27;0;0;0;0;0;4415278;3440315;4422;2;2985
FR;4;2020-12-27;0;0;0;0;0;0;0;0;0;0
FR;4;2020-12-28;0;0;0;0;0;0;0;0;0;0
FR;4;2020-12-29;0;0;0;0;0;0;0;0;0;0
FR;4;2020-12-30;0;0;0;0;0;0;0;0;0;0
FR;4;2020-12-31;0;0;0;0;0;0;0;0;0;0
FR;4;2021-01-01;0;0;0;0;0;0;0;0;0;0
FR;4;2021-01-02;0;0;0;0;0;0;0;0;0;0
FR;4;2021-01-03;0;0;0;0;0;0;0;0;0;0
FR;4;2021-01-04;0;0;0;0;0;0;0;0;0;0
FR;4;2021-01-05;0;0;0;0;0;0;0;0;0;0
FR;4;2021-01-06;0;0;0;0;0;0;0;0;0;0
FR;4;2021-01-07;0;0;0;0;0;0;0;0;0;0
FR;4;2021-01-08;0;0;0;0;0;0;0;0;0;0
FR;4;2021-01-09;0;0;0;0;0;0;0;0;0;0
FR;4;2021-01-10;0;0;0;0;0;0;0;0;0;0
FR;4;2021-01-11;0;0;0;0;0;0;0;0;0;0
FR;4;2021-01-12;0;0;0;0;0;0;0;0;0;0
FR;4;2021-01-13;0;0;0;0;0;0;0;0;0;0
FR;4;2021-01-14;0;0;0;0;0;0;0;0;0;0
FR;4;2021-01-15;0;0;0;0;0;0;0;0;0;0
FR;4;2021-01-16;0;0;0;0;0;0;0;0;0;0
FR;4;2021-01-17;0;0;0;0;0;0;0;0;0;0
FR;4;2021-01-18;0;0;0;0;0;0;0;0;0;0
FR;4;2021-01-19;0;0;0;0;0;0;0;0;0;0
FR;4;2021-01-20;0;0;0;0;0;0;0;0;0;0
FR;4;2021-01-21;0;0;0;0;0;0;0;0;0;0
FR;4;2021-01-22;0;0;0;0;0;0;0;0;0;0
FR;4;2021-01-23;0;0;0;0;0;0;0;0;0;0
FR;4;2021-01-24;0;0;0;0;0;0;0;0;0;0
FR;4;2021-01-25;0;0;0;0;0;0;0;0;0;0
FR;4;2021-01-26;0;0;0;0;0;0;0;0;0;0
FR;4;2021-01-27;0;0;0;0;0;0;0;0;0;0
FR;4;2021-01-28;0;0;0;0;0;0;0;0;0;0
FR;4;2021-01-29;0;0;0;0;0;0;0;0;0;0
FR;4;2021-01-30;0;0;0;0;0;0;0;0;0;0
FR;4;2021-01-31;0;0;0;0;0;0;0;0;0;0
FR;4;2021-02-01;0;0;0;0;0;0;0;0;0;0
FR;4;2021-02-02;0;0;0;0;0;0;0;0;0;0
FR;4;2021-02-03;0;0;0;0;0;0;0;0;0;0
FR;4;2021-02-04;0;0;0;0;0;0;0;0;0;0
FR;4;2021-02-05;0;0;0;0;0;0;0;0;0;0
FR;4;2021-02-06;0;0;0;0;0;0;0;0;0;0
FR;4;2021-02-07;0;0;0;0;0;0;0;0;0;0
FR;4;2021-02-08;0;0;0;0;0;0;0;0;0;0
FR;4;2021-02-09;0;0;0;0;0;0;0;0;0;0
FR;4;2021-02-10;0;0;0;0;0;0;0;0;0;0
FR;4;2021-02-11;0;0;0;0;0;0;0;0;0;0
FR;4;2021-02-12;0;0;0;0;0;0;0;0;0;0
FR;4;2021-02-13;0;0;0;0;0;0;0;0;0;0
FR;4;2021-02-14;0;0;0;0;0;0;0;0;0;0
FR;4;2021-02-15;0;0;0;0;0;0;0;0;0;0
FR;4;2021-02-16;0;0;0;0;0;0;0;0;0;0
FR;4;2021-02-17;0;0;0;0;0;0;0;0;0;0
FR;4;2021-02-18;0;0;0;0;0;0;0;0;0;0
FR;4;2021-02-19;0;0;0;0;0;0;0;0;0;0
FR;4;2021-02-20;0;0;0;0;0;0;0;0;0;0
FR;4;2021-02-21;0;0;0;0;0;0;0;0;0;0
FR;4;2021-02-22;0;0;0;0;0;0;0;0;0;0
FR;4;2021-02-23;0;0;0;0;0;0;0;0;0;0
FR;4;2021-02-24;0;0;0;0;0;0;0;0;0;0
FR;4;2021-02-25;0;0;0;0;0;0;0;0;0;0
FR;4;2021-02-26;0;0;0;0;0;0;0;0;0;0
FR;4;2021-02-27;0;0;0;0;0;0;0;0;0;0
FR;4;2021-02-28;0;0;0;0;0;0;0;0;0;0
FR;4;2021-03-01;0;0;0;0;0;0;0;0;0;0
FR;4;2021-03-02;0;0;0;0;0;0;0;0;0;0
FR;4;2021-03-03;0;0;0;0;0;0;0;0;0;0
FR;4;2021-03-04;0;0;0;0;0;0;0;0;0;0
FR;4;2021-03-05;0;0;0;0;0;0;0;0;0;0
FR;4;2021-03-06;0;0;0;0;0;0;0;0;0;0
FR;4;2021-03-07;0;0;0;0;0;0;0;0;0;0
FR;4;2021-03-08;0;0;0;0;0;0;0;0;0;0
FR;4;2021-03-09;0;0;0;0;0;0;0;0;0;0
FR;4;2021-03-10;0;0;0;0;0;0;0;0;0;0
FR;4;2021-03-11;0;0;0;0;0;0;0;0;0;0
FR;4;2021-03-12;0;0;0;0;0;0;0;0;0;0
FR;4;2021-03-13;0;0;0;0;0;0;0;0;0;0
FR;4;2021-03-14;0;0;0;0;0;0;0;0;0;0
FR;4;2021-03-15;0;0;0;0;0;0;0;0;0;0
FR;4;2021-03-16;0;0;0;0;0;0;0;0;0;0
FR;4;2021-03-17;0;0;0;0;0;0;0;0;0;0
FR;4;2021-03-18;0;0;0;0;0;0;0;0;0;0
FR;4;2021-03-19;0;0;0;0;0;0;0;0;0;0
FR;4;2021-03-20;0;0;0;0;0;0;0;0;0;0
FR;4;2021-03-21;0;0;0;0;0;0;0;0;0;0
FR;4;2021-03-22;0;0;0;0;0;0;0;0;0;0
FR;4;2021-03-23;0;0;0;0;0;0;0;0;0;0
FR;4;2021-03-24;0;0;0;0;0;0;0;0;0;0
FR;4;2021-03-25;0;0;0;0;0;0;0;0;0;0
FR;4;2021-03-26;0;0;0;0;0;0;0;0;0;0
FR;4;2021-03-27;0;0;0;0;0;0;0;0;0;0
FR;4;2021-03-28;0;0;0;0;0;0;0;0;0;0
FR;4;2021-03-29;0;0;0;0;0;0;0;0;0;0
FR;4;2021-03-30;0;0;0;0;0;0;0;0;0;0
FR;4;2021-03-31;0;0;0;0;0;0;0;0;0;0
FR;4;2021-04-01;0;0;0;0;0;0;0;0;0;0
FR;4;2021-04-02;0;0;0;0;0;0;0;0;0;0
FR;4;2021-04-03;0;0;0;0;0;0;0;0;0;0
FR;4;2021-04-04;0;0;0;0;0;0;0;0;0;0
FR;4;2021-04-05;0;0;0;0;0;0;0;0;0;0
FR;4;2021-04-06;0;0;0;0;0;0;0;0;0;0
FR;4;2021-04-07;0;0;0;0;0;0;0;0;0;0
FR;4;2021-04-08;0;0;0;0;0;0;0;0;0;0
FR;4;2021-04-09;0;0;0;0;0;0;0;0;0;0
FR;4;2021-04-10;0;0;0;0;0;0;0;0;0;0
FR;4;2021-04-11;0;0;0;0;0;0;0;0;0;0
FR;4;2021-04-12;0;0;0;0;0;0;0;0;0;0
FR;4;2021-04-13;0;0;0;0;0;0;0;0;0;0
FR;4;2021-04-14;0;0;0;0;0;0;0;0;0;0
FR;4;2021-04-15;0;0;0;0;0;0;0;0;0;0
FR;4;2021-04-16;0;0;0;0;0;0;0;0;0;0
FR;4;2021-04-17;0;0;0;0;0;0;0;0;0;0
FR;4;2021-04-18;0;0;0;0;0;0;0;0;0;0
FR;4;2021-04-19;0;0;0;0;0;0;0;0;0;0
FR;4;2021-04-20;0;0;0;0;0;0;0;0;0;0
FR;4;2021-04-21;0;0;0;0;0;0;0;0;0;0
FR;4;2021-04-22;0;0;0;0;0;0;0;0;0;0
FR;4;2021-04-23;3977;0;0;0;0;3977;0;0;0;0
FR;4;2021-04-24;1569;0;0;0;0;5546;0;0;0;0
FR;4;2021-04-25;125;0;0;0;0;5671;0;0;0;0
FR;4;2021-04-26;2869;1;0;0;0;8540;1;0;0;0
FR;4;2021-04-27;9518;3;0;0;0;18058;4;0;0;0
FR;4;2021-04-28;9903;6;0;0;0;27961;10;0;0;0
FR;4;2021-04-29;15990;8;0;0;0;43951;18;0;0;0
FR;4;2021-04-30;19232;10;0;0;0;63183;28;0;0;0
FR;4;2021-05-01;1994;6;0;0;0;65177;34;0;0;0
FR;4;2021-05-02;482;0;0;0;0;65659;34;0;0;0
FR;4;2021-05-03;5058;2;0;0;0;70717;36;0;0;0
FR;4;2021-05-04;8398;10;0;0;0;79115;46;0;0;0
FR;4;2021-05-05;6182;7;0;0;0;85297;53;0;0;0
FR;4;2021-05-06;11380;11;0;0;0;96677;64;0;0;0
FR;4;2021-05-07;19123;9;0;0;0;115800;73;0;0;0
FR;4;2021-05-08;2377;6;0;0;0;118177;79;0;0;0
FR;4;2021-05-09;686;3;0;0;0;118863;82;0;0;0
FR;4;2021-05-10;7240;5;1;0;0;126103;87;1;0;0
FR;4;2021-05-11;14316;12;0;0;0;140419;99;1;0;0
FR;4;2021-05-12;10165;15;0;0;0;150584;114;1;0;0
FR;4;2021-05-13;1579;3;0;0;0;152163;117;1;0;0
FR;4;2021-05-14;7760;7;0;0;0;159923;124;1;0;0
FR;4;2021-05-15;3718;8;1;0;0;163641;132;2;0;0
FR;4;2021-05-16;417;1;0;0;0;164058;133;2;0;0
FR;4;2021-05-17;4477;6;0;0;0;168535;139;2;0;0
FR;4;2021-05-18;8754;10;0;0;0;177289;149;2;0;0
FR;4;2021-05-19;5690;7;0;0;0;182979;156;2;0;0
FR;4;2021-05-20;9483;7;0;0;0;192462;163;2;0;0
FR;4;2021-05-21;12793;30;0;0;0;205255;193;2;0;0
FR;4;2021-05-22;5056;15;0;0;0;210311;208;2;0;0
FR;4;2021-05-23;494;4;0;0;0;210805;212;2;0;0
FR;4;2021-05-24;1055;7;0;0;0;211860;219;2;0;0
FR;4;2021-05-25;7622;16;0;0;0;219482;235;2;0;0
FR;4;2021-05-26;7725;16;0;0;0;227207;251;2;0;0
FR;4;2021-05-27;14328;35;0;0;0;241535;286;2;0;0
FR;4;2021-05-28;26583;82;1;0;0;268118;368;3;0;0
FR;4;2021-05-29;11382;18;0;0;0;279500;386;3;0;0
FR;4;2021-05-30;971;6;0;0;0;280471;392;3;0;0
FR;4;2021-05-31;12689;21;0;0;0;293160;413;3;0;0
FR;4;2021-06-01;20254;46;1;0;0;313414;459;4;0;0
FR;4;2021-06-02;14519;33;0;0;0;327933;492;4;0;0
FR;4;2021-06-03;19413;24;1;0;0;347346;516;5;0;0
FR;4;2021-06-04;22513;47;0;0;0;369859;563;5;0;0
FR;4;2021-06-05;9713;32;0;0;0;379572;595;5;0;0
FR;4;2021-06-06;1039;1;0;0;0;380611;596;5;0;0
FR;4;2021-06-07;9224;19;0;0;0;389835;615;5;0;0
FR;4;2021-06-08;14609;31;0;0;0;404444;646;5;0;0
FR;4;2021-06-09;12202;25;0;0;0;416646;671;5;0;0
FR;4;2021-06-10;15400;30;0;0;0;432046;701;5;0;0
FR;4;2021-06-11;16982;56;0;0;0;449028;757;5;0;0
FR;4;2021-06-12;7447;27;0;0;0;456475;784;5;0;0
FR;4;2021-06-13;907;2;0;0;0;457382;786;5;0;0
FR;4;2021-06-14;6646;26;0;0;0;464028;812;5;0;0
FR;4;2021-06-15;10881;37;0;0;0;474909;849;5;0;0
FR;4;2021-06-16;8905;15;0;0;0;483814;864;5;0;0
FR;4;2021-06-17;10895;37;0;0;0;494709;901;5;0;0
FR;4;2021-06-18;12419;45;0;0;0;507128;946;5;0;0
FR;4;2021-06-19;5566;25;0;0;0;512694;971;5;0;0
FR;4;2021-06-20;819;5;0;0;0;513513;976;5;0;0
FR;4;2021-06-21;5088;20;0;0;0;518601;996;5;0;0
FR;4;2021-06-22;7906;28;2;0;0;526507;1024;7;0;0
FR;4;2021-06-23;7094;40;2;0;0;533601;1064;9;0;0
FR;4;2021-06-24;8647;46;1;0;0;542248;1110;10;0;0
FR;4;2021-06-25;10172;39;2;0;0;552420;1149;12;0;0
FR;4;2021-06-26;4841;21;0;0;0;557261;1170;12;0;0
FR;4;2021-06-27;763;3;0;0;0;558024;1173;12;0;0
FR;4;2021-06-28;4822;16;1;0;0;562846;1189;13;0;0
FR;4;2021-06-29;7101;27;2;0;0;569947;1216;15;0;0
FR;4;2021-06-30;6713;39;2;0;0;576660;1255;17;0;0
FR;4;2021-07-01;8193;40;0;0;0;584853;1295;17;0;0
FR;4;2021-07-02;9414;52;1;0;0;594267;1347;18;0;0
FR;4;2021-07-03;4845;19;0;0;0;599112;1366;18;0;0
FR;4;2021-07-04;686;5;0;0;0;599798;1371;18;0;0
FR;4;2021-07-05;4768;19;2;0;0;604566;1390;20;0;0
FR;4;2021-07-06;7720;28;4;0;0;612286;1418;24;0;0
FR;4;2021-07-07;7071;34;2;0;0;619357;1452;26;0;0
FR;4;2021-07-08;9223;40;2;0;0;628580;1492;28;0;0
FR;4;2021-07-09;10275;34;1;0;0;638855;1526;29;0;0
FR;4;2021-07-10;4635;14;2;0;0;643490;1540;31;0;0
FR;4;2021-07-11;582;4;1;0;0;644072;1544;32;0;0
FR;4;2021-07-12;5868;29;0;0;0;649940;1573;32;0;0
FR;4;2021-07-13;14229;29;0;0;0;664169;1602;32;0;0
FR;4;2021-07-14;2284;15;0;0;0;666453;1617;32;0;0
FR;4;2021-07-15;18233;36;0;0;0;684686;1653;32;0;0
FR;4;2021-07-16;22820;70;2;0;0;707506;1723;34;0;0
FR;4;2021-07-17;9736;20;0;0;0;717242;1743;34;0;0
FR;4;2021-07-18;1355;4;0;0;0;718597;1747;34;0;0
FR;4;2021-07-19;12983;28;1;0;0;731580;1775;35;0;0
FR;4;2021-07-20;17336;26;1;0;0;748916;1801;36;0;0
FR;4;2021-07-21;15608;33;0;0;0;764524;1834;36;0;0
FR;4;2021-07-22;18238;44;2;0;0;782762;1878;38;0;0
FR;4;2021-07-23;20407;57;7;0;0;803169;1935;45;0;0
FR;4;2021-07-24;9281;32;0;0;0;812450;1967;45;0;0
FR;4;2021-07-25;1350;8;0;0;0;813800;1975;45;0;0
FR;4;2021-07-26;11033;20;0;0;0;824833;1995;45;0;0
FR;4;2021-07-27;14665;35;3;0;0;839498;2030;48;0;0
FR;4;2021-07-28;12926;26;2;0;0;852424;2056;50;0;0
FR;4;2021-07-29;14083;54;4;0;0;866507;2110;54;0;0
FR;4;2021-07-30;15484;45;2;0;0;881991;2155;56;0;0
FR;4;2021-07-31;6833;14;2;0;0;888824;2169;58;0;0
FR;4;2021-08-01;904;1;0;0;0;889728;2170;58;0;0
FR;4;2021-08-02;7906;29;0;0;0;897634;2199;58;0;0
FR;4;2021-08-03;10792;32;2;0;0;908426;2231;60;0;0
FR;4;2021-08-04;9736;29;0;0;0;918162;2260;60;0;0
FR;4;2021-08-05;9815;41;0;0;0;927977;2301;60;0;0
FR;4;2021-08-06;10190;30;3;0;0;938167;2331;63;0;0
FR;4;2021-08-07;5093;30;1;0;0;943260;2361;64;0;0
FR;4;2021-08-08;1218;13;0;0;0;944478;2374;64;0;0
FR;4;2021-08-09;6334;31;0;0;0;950812;2405;64;0;0
FR;4;2021-08-10;8744;18;0;0;0;959556;2423;64;0;0
FR;4;2021-08-11;7934;33;4;0;0;967490;2456;68;0;0
FR;4;2021-08-12;8583;30;1;0;0;976073;2486;69;0;0
FR;4;2021-08-13;7549;24;0;1;0;983622;2510;69;1;0
FR;4;2021-08-14;3788;20;0;0;0;987410;2530;69;1;0
FR;4;2021-08-15;769;5;0;0;0;988179;2535;69;1;0
FR;4;2021-08-16;4005;17;0;0;0;992184;2552;69;1;0
FR;4;2021-08-17;5619;17;1;0;0;997803;2569;70;1;0
FR;4;2021-08-18;5165;36;0;0;0;1002968;2605;70;1;0
FR;4;2021-08-19;5479;33;3;0;0;1008447;2638;73;1;0
FR;4;2021-08-20;5213;24;1;0;0;1013660;2662;74;1;0
FR;4;2021-08-21;2309;21;1;0;0;1015969;2683;75;1;0
FR;4;2021-08-22;402;2;0;0;0;1016371;2685;75;1;0
FR;4;2021-08-23;2927;19;1;0;0;1019298;2704;76;1;0
FR;4;2021-08-24;3749;15;0;0;0;1023047;2719;76;1;0
FR;4;2021-08-25;3540;25;0;0;0;1026587;2744;76;1;0
FR;4;2021-08-26;3705;20;2;0;0;1030292;2764;78;1;0
FR;4;2021-08-27;3606;31;2;0;0;1033898;2795;80;1;0
FR;4;2021-08-28;1725;9;1;0;0;1035623;2804;81;1;0
FR;4;2021-08-29;387;7;1;0;0;1036010;2811;82;1;0
FR;4;2021-08-30;2009;25;0;0;15;1038019;2836;82;1;15
FR;4;2021-08-31;2481;20;0;0;13;1040500;2856;82;1;28
FR;4;2021-09-01;2078;38;1;0;21;1042578;2894;83;1;49
FR;4;2021-09-02;2302;31;4;0;18;1044880;2925;87;1;67
FR;4;2021-09-03;2358;44;5;0;32;1047238;2969;92;1;99
FR;4;2021-09-04;1374;17;0;0;8;1048612;2986;92;1;107
FR;4;2021-09-05;432;2;0;0;2;1049044;2988;92;1;109
FR;4;2021-09-06;1708;60;0;0;21;1050752;3048;92;1;130
FR;4;2021-09-07;1675;18;1;0;9;1052427;3066;93;1;139
FR;4;2021-09-08;1280;26;3;0;19;1053707;3092;96;1;158
FR;4;2021-09-09;1386;23;2;0;9;1055093;3115;98;1;167
FR;4;2021-09-10;1518;31;2;0;23;1056611;3146;100;1;190
FR;4;2021-09-11;742;11;0;0;3;1057353;3157;100;1;193
FR;4;2021-09-12;168;4;0;0;2;1057521;3161;100;1;195
FR;4;2021-09-13;1317;22;1;0;16;1058838;3183;101;1;211
FR;4;2021-09-14;1497;9;2;0;6;1060335;3192;103;1;217
FR;4;2021-09-15;1092;27;1;0;24;1061427;3219;104;1;241
FR;4;2021-09-16;1098;22;2;0;15;1062525;3241;106;1;256
FR;4;2021-09-17;892;21;1;0;12;1063417;3262;107;1;268
FR;4;2021-09-18;462;6;1;0;5;1063879;3268;108;1;273
FR;4;2021-09-19;181;3;0;0;2;1064060;3271;108;1;275
FR;4;2021-09-20;451;19;0;0;13;1064511;3290;108;1;288
FR;4;2021-09-21;424;11;0;0;7;1064935;3301;108;1;295
FR;4;2021-09-22;372;19;2;0;13;1065307;3320;110;1;308
FR;4;2021-09-23;477;16;1;0;15;1065784;3336;111;1;323
FR;4;2021-09-24;411;13;2;0;9;1066195;3349;113;1;332
FR;4;2021-09-25;280;9;1;0;4;1066475;3358;114;1;336
FR;4;2021-09-26;73;2;0;0;1;1066548;3360;114;1;337
FR;4;2021-09-27;262;10;1;0;8;1066810;3370;115;1;345
FR;4;2021-09-28;316;8;0;0;8;1067126;3378;115;1;353
FR;4;2021-09-29;373;18;1;0;12;1067499;3396;116;1;365
FR;4;2021-09-30;361;40;0;0;21;1067860;3436;116;1;386
FR;4;2021-10-01;409;49;0;0;43;1068269;3485;116;1;429
FR;4;2021-10-02;195;22;1;0;13;1068464;3507;117;1;442
FR;4;2021-10-03;85;1;0;0;0;1068549;3508;117;1;442
FR;4;2021-10-04;357;20;1;0;16;1068906;3528;118;1;458
FR;4;2021-10-05;278;19;2;0;15;1069184;3547;120;1;473
FR;4;2021-10-06;245;21;1;0;17;1069429;3568;121;1;490
FR;4;2021-10-07;258;25;2;0;13;1069687;3593;123;1;503
FR;4;2021-10-08;353;23;2;0;19;1070040;3616;125;1;522
FR;4;2021-10-09;193;6;6;0;7;1070233;3622;131;1;529
FR;4;2021-10-10;95;3;2;0;3;1070328;3625;133;1;532
FR;4;2021-10-11;247;15;1;0;14;1070575;3640;134;1;546
FR;4;2021-10-12;205;14;0;0;13;1070780;3654;134;1;559
FR;4;2021-10-13;219;27;1;0;24;1070999;3681;135;1;583
FR;4;2021-10-14;307;21;4;0;15;1071306;3702;139;1;598
FR;4;2021-10-15;321;24;5;0;25;1071627;3726;144;1;623
FR;4;2021-10-16;166;6;2;0;6;1071793;3732;146;1;629
FR;4;2021-10-17;70;2;0;0;1;1071863;3734;146;1;630
FR;4;2021-10-18;278;16;1;0;12;1072141;3750;147;1;642
FR;4;2021-10-19;212;14;2;0;15;1072353;3764;149;1;657
FR;4;2021-10-20;227;27;4;0;15;1072580;3791;153;1;672
FR;4;2021-10-21;236;17;0;0;13;1072816;3808;153;1;685
FR;4;2021-10-22;211;25;2;0;20;1073027;3833;155;1;705
FR;4;2021-10-23;115;16;1;0;15;1073142;3849;156;1;720
FR;4;2021-10-24;38;4;0;0;1;1073180;3853;156;1;721
FR;4;2021-10-25;210;7;2;0;9;1073390;3860;158;1;730
FR;4;2021-10-26;196;14;0;0;12;1073586;3874;158;1;742
FR;4;2021-10-27;194;11;4;0;11;1073780;3885;162;1;753
FR;4;2021-10-28;182;18;4;0;21;1073962;3903;166;1;774
FR;4;2021-10-29;220;15;2;0;13;1074182;3918;168;1;787
FR;4;2021-10-30;102;2;1;0;2;1074284;3920;169;1;789
FR;4;2021-10-31;56;3;2;0;3;1074340;3923;171;1;792
FR;4;2021-11-01;75;27;4;0;24;1074415;3950;175;1;816
FR;4;2021-11-02;156;20;2;0;21;1074571;3970;177;1;837
FR;4;2021-11-03;128;20;8;1;18;1074699;3990;185;2;855
FR;4;2021-11-04;178;15;1;0;12;1074877;4005;186;2;867
FR;4;2021-11-05;128;17;1;0;16;1075005;4022;187;2;883
FR;4;2021-11-06;77;6;1;0;6;1075082;4028;188;2;889
FR;4;2021-11-07;78;2;2;0;4;1075160;4030;190;2;893
FR;4;2021-11-08;158;20;1;0;20;1075318;4050;191;2;913
FR;4;2021-11-09;151;14;3;0;16;1075469;4064;194;2;929
FR;4;2021-11-10;115;29;6;0;31;1075584;4093;200;2;960
FR;4;2021-11-11;88;10;0;0;10;1075672;4103;200;2;970
FR;4;2021-11-12;101;19;2;0;18;1075773;4122;202;2;988
FR;4;2021-11-13;74;15;2;0;14;1075847;4137;204;2;1002
FR;4;2021-11-14;53;5;3;0;7;1075900;4142;207;2;1009
FR;4;2021-11-15;98;26;2;0;24;1075998;4168;209;2;1033
FR;4;2021-11-16;103;12;2;0;14;1076101;4180;211;2;1047
FR;4;2021-11-17;118;29;4;0;29;1076219;4209;215;2;1076
FR;4;2021-11-18;100;34;12;0;41;1076319;4243;227;2;1117
FR;4;2021-11-19;80;19;3;0;20;1076399;4262;230;2;1137
FR;4;2021-11-20;75;8;1;0;8;1076474;4270;231;2;1145
FR;4;2021-11-21;61;7;2;0;9;1076535;4277;233;2;1154
FR;4;2021-11-22;102;27;7;0;30;1076637;4304;240;2;1184
FR;4;2021-11-23;75;29;5;0;26;1076712;4333;245;2;1210
FR;4;2021-11-24;85;23;9;0;22;1076797;4356;254;2;1232
FR;4;2021-11-25;87;28;14;0;30;1076884;4384;268;2;1262
FR;4;2021-11-26;82;43;12;0;45;1076966;4427;280;2;1307
FR;4;2021-11-27;35;22;15;0;25;1077001;4449;295;2;1332
FR;4;2021-11-28;48;8;0;0;7;1077049;4457;295;2;1339
FR;4;2021-11-29;86;31;15;0;39;1077135;4488;310;2;1378
FR;4;2021-11-30;72;36;12;0;40;1077207;4524;322;2;1418
FR;4;2021-12-01;85;59;19;0;66;1077292;4583;341;2;1484
FR;4;2021-12-02;99;48;19;0;53;1077391;4631;360;2;1537
FR;4;2021-12-03;98;36;15;0;44;1077489;4667;375;2;1581
FR;4;2021-12-04;70;31;18;0;44;1077559;4698;393;2;1625
FR;4;2021-12-05;61;5;1;0;6;1077620;4703;394;2;1631
FR;4;2021-12-06;100;46;20;0;60;1077720;4749;414;2;1691
FR;4;2021-12-07;80;35;9;0;34;1077800;4784;423;2;1725
FR;4;2021-12-08;67;29;16;0;35;1077867;4813;439;2;1760
FR;4;2021-12-09;61;32;10;0;38;1077928;4845;449;2;1798
FR;4;2021-12-10;61;63;20;0;67;1077989;4908;469;2;1865
FR;4;2021-12-11;25;34;7;0;34;1078014;4942;476;2;1899
FR;4;2021-12-12;23;10;3;0;13;1078037;4952;479;2;1912
FR;4;2021-12-13;69;40;13;0;49;1078106;4992;492;2;1961
FR;4;2021-12-14;58;43;15;0;52;1078164;5035;507;2;2013
FR;4;2021-12-15;61;63;28;0;83;1078225;5098;535;2;2096
FR;4;2021-12-16;32;44;19;0;57;1078257;5142;554;2;2153
FR;4;2021-12-17;39;55;12;0;60;1078296;5197;566;2;2213
FR;4;2021-12-18;48;29;2;0;30;1078344;5226;568;2;2243
FR;4;2021-12-19;15;4;1;0;4;1078359;5230;569;2;2247
FR;4;2021-12-20;37;38;10;0;41;1078396;5268;579;2;2288
FR;4;2021-12-21;26;30;15;0;36;1078422;5298;594;2;2324
FR;4;2021-12-22;36;37;10;0;38;1078458;5335;604;2;2362
FR;4;2021-12-23;39;44;8;0;48;1078497;5379;612;2;2410
FR;4;2021-12-24;23;26;10;0;30;1078520;5405;622;2;2440
FR;4;2021-12-25;6;3;3;0;4;1078526;5408;625;2;2444
FR;4;2021-12-26;4;3;1;0;2;1078530;5411;626;2;2446
FR;4;2021-12-27;28;41;8;0;42;1078558;5452;634;2;2488
FR;4;2021-12-28;24;28;7;0;29;1078582;5480;641;2;2517
FR;4;2021-12-29;48;25;10;0;29;1078630;5505;651;2;2546
FR;4;2021-12-30;42;18;12;0;21;1078672;5523;663;2;2567
FR;4;2021-12-31;18;5;8;0;10;1078690;5528;671;2;2577
FR;4;2022-01-01;5;4;4;0;6;1078695;5532;675;2;2583
FR;4;2022-01-02;40;4;15;0;18;1078735;5536;690;2;2601
FR;4;2022-01-03;39;53;20;1;58;1078774;5589;710;3;2659
FR;4;2022-01-04;32;27;13;0;30;1078806;5616;723;3;2689
FR;4;2022-01-05;46;21;17;0;22;1078852;5637;740;3;2711
FR;4;2022-01-06;46;20;22;0;34;1078898;5657;762;3;2745
FR;4;2022-01-07;28;19;15;0;19;1078926;5676;777;3;2764
FR;4;2022-01-08;8;5;10;0;12;1078934;5681;787;3;2776
FR;4;2022-01-09;18;2;2;0;3;1078952;5683;789;3;2779
FR;4;2022-01-10;40;22;17;0;34;1078992;5705;806;3;2813
FR;4;2022-01-11;25;30;12;0;34;1079017;5735;818;3;2847
FR;4;2022-01-12;31;21;13;0;23;1079048;5756;831;3;2870
FR;4;2022-01-13;48;19;27;0;37;1079096;5775;858;3;2907
FR;4;2022-01-14;23;28;13;0;31;1079119;5803;871;3;2938
FR;4;2022-01-15;10;6;8;0;12;1079129;5809;879;3;2950
FR;4;2022-01-16;9;9;11;0;19;1079138;5818;890;3;2969
FR;4;2022-01-17;23;18;12;0;24;1079161;5836;902;3;2993
FR;4;2022-01-18;16;13;8;0;18;1079177;5849;910;3;3011
FR;4;2022-01-19;29;23;10;0;31;1079206;5872;920;3;3042
FR;4;2022-01-20;31;34;11;0;37;1079237;5906;931;3;3079
FR;4;2022-01-21;9;12;19;1;16;1079246;5918;950;4;3095
FR;4;2022-01-22;30;9;2;0;9;1079276;5927;952;4;3104
FR;4;2022-01-23;6;2;4;0;6;1079282;5929;956;4;3110
FR;4;2022-01-24;14;21;8;0;27;1079296;5950;964;4;3137
FR;4;2022-01-25;20;31;8;1;35;1079316;5981;972;5;3172
FR;4;2022-01-26;19;14;6;1;15;1079335;5995;978;6;3187
FR;4;2022-01-27;19;18;6;0;22;1079354;6013;984;6;3209
FR;4;2022-01-28;12;23;8;0;26;1079366;6036;992;6;3235
FR;4;2022-01-29;16;6;4;0;9;1079382;6042;996;6;3244
FR;4;2022-01-30;16;2;1;0;3;1079398;6044;997;6;3247
FR;4;2022-01-31;19;27;7;0;30;1079417;6071;1004;6;3277
FR;4;2022-02-01;9;19;11;0;19;1079426;6090;1015;6;3296
FR;4;2022-02-02;17;11;10;2;16;1079443;6101;1025;8;3312
FR;4;2022-02-03;12;22;9;0;25;1079455;6123;1034;8;3337
FR;4;2022-02-04;7;5;7;0;9;1079462;6128;1041;8;3346
FR;4;2022-02-05;6;14;1;0;13;1079468;6142;1042;8;3359
FR;4;2022-02-06;5;3;2;0;4;1079473;6145;1044;8;3363
FR;4;2022-02-07;13;19;7;0;19;1079486;6164;1051;8;3382
FR;4;2022-02-08;16;19;13;1;20;1079502;6183;1064;9;3402
FR;4;2022-02-09;16;11;7;0;14;1079518;6194;1071;9;3416
FR;4;2022-02-10;17;23;9;0;24;1079535;6217;1080;9;3440
FR;4;2022-02-11;18;14;8;0;19;1079553;6231;1088;9;3459
FR;4;2022-02-12;23;6;1;0;5;1079576;6237;1089;9;3464
FR;4;2022-02-13;7;3;3;0;6;1079583;6240;1092;9;3470
FR;4;2022-02-14;18;10;7;0;13;1079601;6250;1099;9;3483
FR;4;2022-02-15;16;7;1;0;7;1079617;6257;1100;9;3490
FR;4;2022-02-16;13;9;10;0;15;1079630;6266;1110;9;3505
FR;4;2022-02-17;10;4;4;0;6;1079640;6270;1114;9;3511
FR;4;2022-02-18;17;15;6;0;19;1079657;6285;1120;9;3530
FR;4;2022-02-19;16;3;2;0;4;1079673;6288;1122;9;3534
FR;4;2022-02-20;7;3;0;0;2;1079680;6291;1122;9;3536
FR;4;2022-02-21;22;3;3;0;4;1079702;6294;1125;9;3540
FR;4;2022-02-22;8;4;8;0;8;1079710;6298;1133;9;3548
FR;4;2022-02-23;16;6;9;0;9;1079726;6304;1142;9;3557
FR;4;2022-02-24;9;5;2;0;5;1079735;6309;1144;9;3562
FR;4;2022-02-25;15;5;7;0;6;1079750;6314;1151;9;3568
FR;4;2022-02-26;26;3;0;0;3;1079776;6317;1151;9;3571
FR;4;2022-02-27;9;0;1;0;1;1079785;6317;1152;9;3572
FR;4;2022-02-28;14;3;2;0;3;1079799;6320;1154;9;3575
FR;4;2022-03-01;6;2;7;0;3;1079805;6322;1161;9;3578
FR;4;2022-03-02;12;2;3;0;4;1079817;6324;1164;9;3582
FR;4;2022-03-03;16;5;1;0;4;1079833;6329;1165;9;3586
FR;4;2022-03-04;6;7;2;1;5;1079839;6336;1167;10;3591
FR;4;2022-03-05;9;2;0;0;2;1079848;6338;1167;10;3593
FR;4;2022-03-06;4;0;1;0;1;1079852;6338;1168;10;3594
FR;4;2022-03-07;10;4;1;0;3;1079862;6342;1169;10;3597
FR;4;2022-03-08;13;2;0;0;2;1079875;6344;1169;10;3599
FR;4;2022-03-09;8;5;2;0;6;1079883;6349;1171;10;3605
FR;4;2022-03-10;5;1;5;0;2;1079888;6350;1176;10;3607
FR;4;2022-03-11;8;2;5;0;1;1079896;6352;1181;10;3608
FR;4;2022-03-12;9;2;0;0;0;1079905;6354;1181;10;3608
FR;4;2022-03-13;5;1;1;0;2;1079910;6355;1182;10;3610
FR;4;2022-03-14;4;1;0;0;1;1079914;6356;1182;10;3611
FR;4;2022-03-15;6;3;1;0;1;1079920;6359;1183;10;3612
FR;4;2022-03-16;7;3;3;0;3;1079927;6362;1186;10;3615
FR;4;2022-03-17;3;4;1;0;5;1079930;6366;1187;10;3620
FR;4;2022-03-18;7;3;0;0;3;1079937;6369;1187;10;3623
FR;4;2022-03-19;1;1;0;0;1;1079938;6370;1187;10;3624
FR;4;2022-03-20;2;0;2;0;1;1079940;6370;1189;10;3625
FR;4;2022-03-21;5;3;0;0;3;1079945;6373;1189;10;3628
FR;4;2022-03-22;3;2;1;0;2;1079948;6375;1190;10;3630
FR;4;2022-03-23;6;4;4;0;7;1079954;6379;1194;10;3637
FR;4;2022-03-24;2;4;3;1;5;1079956;6383;1197;11;3642
FR;4;2022-03-25;3;1;2;0;1;1079959;6384;1199;11;3643
FR;4;2022-03-26;5;5;0;0;5;1079964;6389;1199;11;3648
FR;4;2022-03-27;1;0;1;0;0;1079965;6389;1200;11;3648
FR;4;2022-03-28;4;1;3;0;3;1079969;6390;1203;11;3651
FR;4;2022-03-29;7;0;4;1;0;1079976;6390;1207;12;3651
FR;4;2022-03-30;1;4;0;0;4;1079977;6394;1207;12;3655
FR;4;2022-03-31;1;3;1;1;3;1079978;6397;1208;13;3658
FR;4;2022-04-01;13;2;5;0;5;1079991;6399;1213;13;3663
FR;4;2022-04-02;4;4;0;0;3;1079995;6403;1213;13;3666
FR;4;2022-04-03;0;0;0;0;0;1079995;6403;1213;13;3666
FR;4;2022-04-04;3;3;3;0;3;1079998;6406;1216;13;3669
FR;4;2022-04-05;3;3;1;1;2;1080001;6409;1217;14;3671
FR;4;2022-04-06;4;0;0;0;0;1080005;6409;1217;14;3671
FR;4;2022-04-07;3;2;1;2;3;1080008;6411;1218;16;3674
FR;4;2022-04-08;4;1;1;0;1;1080012;6412;1219;16;3675
FR;4;2022-04-09;0;0;1;1;1;1080012;6412;1220;17;3676
FR;4;2022-04-10;1;2;0;0;2;1080013;6414;1220;17;3678
FR;4;2022-04-11;3;2;4;0;4;1080016;6416;1224;17;3682
FR;4;2022-04-12;3;1;4;0;2;1080019;6417;1228;17;3684
FR;4;2022-04-13;4;7;1;0;8;1080023;6424;1229;17;3692
FR;4;2022-04-14;5;3;1;1;3;1080028;6427;1230;18;3695
FR;4;2022-04-15;5;7;1;0;8;1080033;6434;1231;18;3703
FR;4;2022-04-16;1;0;0;0;0;1080034;6434;1231;18;3703
FR;4;2022-04-17;1;1;0;0;1;1080035;6435;1231;18;3704
FR;4;2022-04-18;1;2;5;0;3;1080036;6437;1236;18;3707
FR;4;2022-04-19;2;0;1;0;0;1080038;6437;1237;18;3707
FR;4;2022-04-20;13;4;1;0;3;1080051;6441;1238;18;3710
FR;4;2022-04-21;5;1;0;0;1;1080056;6442;1238;18;3711
FR;4;2022-04-22;1;0;1;0;0;1080057;6442;1239;18;3711
FR;4;2022-04-23;1;3;2;0;5;1080058;6445;1241;18;3716
FR;4;2022-04-24;0;2;0;0;2;1080058;6447;1241;18;3718
FR;4;2022-04-25;3;4;3;0;7;1080061;6451;1244;18;3725
FR;4;2022-04-26;4;4;1;0;4;1080065;6455;1245;18;3729
FR;4;2022-04-27;4;0;0;0;0;1080069;6455;1245;18;3729
FR;4;2022-04-28;2;5;5;0;6;1080071;6460;1250;18;3735
FR;4;2022-04-29;3;2;0;0;1;1080074;6462;1250;18;3736
FR;4;2022-04-30;0;1;1;0;2;1080074;6463;1251;18;3738
FR;4;2022-05-01;0;0;0;0;0;1080074;6463;1251;18;3738
FR;4;2022-05-02;4;12;6;0;15;1080078;6475;1257;18;3753
FR;4;2022-05-03;0;4;2;0;5;1080078;6479;1259;18;3758
FR;4;2022-05-04;7;4;1;0;4;1080085;6483;1260;18;3762
FR;4;2022-05-05;2;1;1;0;1;1080087;6484;1261;18;3763
FR;4;2022-05-06;2;1;1;0;1;1080089;6485;1262;18;3764
FR;4;2022-05-07;0;0;0;0;0;1080089;6485;1262;18;3764
FR;4;2022-05-08;1;1;0;0;1;1080090;6486;1262;18;3765
FR;4;2022-05-09;5;0;0;0;0;1080095;6486;1262;18;3765
FR;4;2022-05-10;0;1;0;2;3;1080095;6487;1262;20;3768
FR;4;2022-05-11;2;2;1;0;3;1080097;6489;1263;20;3771
FR;4;2022-05-12;5;1;1;1;2;1080102;6490;1264;21;3773
FR;4;2022-05-13;0;0;2;0;2;1080102;6490;1266;21;3775
FR;4;2022-05-14;0;2;0;0;2;1080102;6492;1266;21;3777
FR;4;2022-05-15;1;2;0;0;0;1080103;6494;1266;21;3777
FR;4;2022-05-16;5;2;1;0;2;1080108;6496;1267;21;3779
FR;4;2022-05-17;3;1;1;0;2;1080111;6497;1268;21;3781
FR;4;2022-05-18;0;4;0;0;4;1080111;6501;1268;21;3785
FR;4;2022-05-19;2;2;3;0;4;1080113;6503;1271;21;3789
FR;4;2022-05-20;2;1;3;0;1;1080115;6504;1274;21;3790
FR;4;2022-05-21;2;0;1;0;1;1080117;6504;1275;21;3791
FR;4;2022-05-22;0;0;1;0;1;1080117;6504;1276;21;3792
FR;4;2022-05-23;0;0;2;0;0;1080117;6504;1278;21;3792
FR;4;2022-05-24;1;2;0;0;2;1080118;6506;1278;21;3794
FR;4;2022-05-25;1;3;0;0;1;1080119;6509;1278;21;3795
FR;4;2022-05-26;1;0;0;0;0;1080120;6509;1278;21;3795
FR;4;2022-05-27;0;1;0;0;1;1080120;6510;1278;21;3796
FR;4;2022-05-28;1;0;0;0;0;1080121;6510;1278;21;3796
FR;4;2022-05-29;0;0;0;0;0;1080121;6510;1278;21;3796
FR;4;2022-05-30;2;2;2;0;3;1080123;6512;1280;21;3799
FR;4;2022-05-31;2;0;0;0;0;1080125;6512;1280;21;3799
FR;4;2022-06-01;0;9;5;0;11;1080125;6521;1285;21;3810
FR;4;2022-06-02;2;2;0;0;2;1080127;6523;1285;21;3812
FR;4;2022-06-03;0;5;3;1;5;1080127;6528;1288;22;3817
FR;4;2022-06-04;0;1;0;0;1;1080127;6529;1288;22;3818
FR;4;2022-06-05;0;0;0;0;0;1080127;6529;1288;22;3818
FR;4;2022-06-06;4;0;1;0;0;1080131;6529;1289;22;3818
FR;4;2022-06-07;3;0;0;1;0;1080134;6529;1289;23;3818
FR;4;2022-06-08;0;4;1;0;5;1080134;6533;1290;23;3823
FR;4;2022-06-09;1;0;0;0;0;1080135;6533;1290;23;3823
FR;4;2022-06-10;0;0;3;0;1;1080135;6533;1293;23;3824
FR;4;2022-06-11;0;0;0;0;0;1080135;6533;1293;23;3824
FR;4;2022-06-12;2;0;0;0;0;1080137;6533;1293;23;3824
FR;4;2022-06-13;3;0;1;0;1;1080140;6533;1294;23;3825
FR;4;2022-06-14;3;2;0;0;2;1080143;6535;1294;23;3827
FR;4;2022-06-15;2;0;1;0;0;1080145;6535;1295;23;3827
FR;4;2022-06-16;0;2;0;1;1;1080145;6537;1295;24;3828
FR;4;2022-06-17;2;0;0;0;0;1080147;6537;1295;24;3828
FR;4;2022-06-18;0;0;0;0;0;1080147;6537;1295;24;3828
FR;4;2022-06-19;0;0;0;0;0;1080147;6537;1295;24;3828
FR;4;2022-06-20;2;0;1;0;1;1080149;6537;1296;24;3829
FR;4;2022-06-21;1;2;2;1;3;1080150;6539;1298;25;3832
FR;4;2022-06-22;2;1;0;0;1;1080152;6540;1298;25;3833
FR;4;2022-06-23;2;0;3;0;2;1080154;6540;1301;25;3835
FR;4;2022-06-24;0;0;0;0;0;1080154;6540;1301;25;3835
FR;4;2022-06-25;0;0;0;0;0;1080154;6540;1301;25;3835
FR;4;2022-06-26;0;0;0;0;0;1080154;6540;1301;25;3835
FR;4;2022-06-27;1;2;0;3;2;1080155;6542;1301;28;3837
FR;5;2020-12-27;0;0;0;0;0;0;0;0;0;0
FR;5;2020-12-28;0;0;0;0;0;0;0;0;0;0
FR;5;2020-12-29;0;0;0;0;0;0;0;0;0;0
FR;5;2020-12-30;0;0;0;0;0;0;0;0;0;0
FR;5;2020-12-31;0;0;0;0;0;0;0;0;0;0
FR;5;2021-01-01;0;0;0;0;0;0;0;0;0;0
FR;5;2021-01-02;0;0;0;0;0;0;0;0;0;0
FR;5;2021-01-03;0;0;0;0;0;0;0;0;0;0
FR;5;2021-01-04;0;0;0;0;0;0;0;0;0;0
FR;5;2021-01-05;0;0;0;0;0;0;0;0;0;0
FR;5;2021-01-06;0;0;0;0;0;0;0;0;0;0
FR;5;2021-01-07;0;0;0;0;0;0;0;0;0;0
FR;5;2021-01-08;0;0;0;0;0;0;0;0;0;0
FR;5;2021-01-09;0;0;0;0;0;0;0;0;0;0
FR;5;2021-01-10;0;0;0;0;0;0;0;0;0;0
FR;5;2021-01-11;0;0;0;0;0;0;0;0;0;0
FR;5;2021-01-12;0;0;0;0;0;0;0;0;0;0
FR;5;2021-01-13;0;0;0;0;0;0;0;0;0;0
FR;5;2021-01-14;0;0;0;0;0;0;0;0;0;0
FR;5;2021-01-15;0;0;0;0;0;0;0;0;0;0
FR;5;2021-01-16;0;0;0;0;0;0;0;0;0;0
FR;5;2021-01-17;0;0;0;0;0;0;0;0;0;0
FR;5;2021-01-18;0;0;0;0;0;0;0;0;0;0
FR;5;2021-01-19;0;0;0;0;0;0;0;0;0;0
FR;5;2021-01-20;0;0;0;0;0;0;0;0;0;0
FR;5;2021-01-21;0;0;0;0;0;0;0;0;0;0
FR;5;2021-01-22;0;0;0;0;0;0;0;0;0;0
FR;5;2021-01-23;0;0;0;0;0;0;0;0;0;0
FR;5;2021-01-24;0;0;0;0;0;0;0;0;0;0
FR;5;2021-01-25;0;0;0;0;0;0;0;0;0;0
FR;5;2021-01-26;0;0;0;0;0;0;0;0;0;0
FR;5;2021-01-27;0;0;0;0;0;0;0;0;0;0
FR;5;2021-01-28;0;0;0;0;0;0;0;0;0;0
FR;5;2021-01-29;0;0;0;0;0;0;0;0;0;0
FR;5;2021-01-30;0;0;0;0;0;0;0;0;0;0
FR;5;2021-01-31;0;0;0;0;0;0;0;0;0;0
FR;5;2021-02-01;0;0;0;0;0;0;0;0;0;0
FR;5;2021-02-02;0;0;0;0;0;0;0;0;0;0
FR;5;2021-02-03;0;0;0;0;0;0;0;0;0;0
FR;5;2021-02-04;0;0;0;0;0;0;0;0;0;0
FR;5;2021-02-05;0;0;0;0;0;0;0;0;0;0
FR;5;2021-02-06;0;0;0;0;0;0;0;0;0;0
FR;5;2021-02-07;0;0;0;0;0;0;0;0;0;0
FR;5;2021-02-08;0;0;0;0;0;0;0;0;0;0
FR;5;2021-02-09;0;0;0;0;0;0;0;0;0;0
FR;5;2021-02-10;0;0;0;0;0;0;0;0;0;0
FR;5;2021-02-11;0;0;0;0;0;0;0;0;0;0
FR;5;2021-02-12;0;0;0;0;0;0;0;0;0;0
FR;5;2021-02-13;0;0;0;0;0;0;0;0;0;0
FR;5;2021-02-14;0;0;0;0;0;0;0;0;0;0
FR;5;2021-02-15;0;0;0;0;0;0;0;0;0;0
FR;5;2021-02-16;0;0;0;0;0;0;0;0;0;0
FR;5;2021-02-17;0;0;0;0;0;0;0;0;0;0
FR;5;2021-02-18;0;0;0;0;0;0;0;0;0;0
FR;5;2021-02-19;0;0;0;0;0;0;0;0;0;0
FR;5;2021-02-20;0;0;0;0;0;0;0;0;0;0
FR;5;2021-02-21;0;0;0;0;0;0;0;0;0;0
FR;5;2021-02-22;0;0;0;0;0;0;0;0;0;0
FR;5;2021-02-23;0;0;0;0;0;0;0;0;0;0
FR;5;2021-02-24;0;0;0;0;0;0;0;0;0;0
FR;5;2021-02-25;0;0;0;0;0;0;0;0;0;0
FR;5;2021-02-26;0;0;0;0;0;0;0;0;0;0
FR;5;2021-02-27;0;0;0;0;0;0;0;0;0;0
FR;5;2021-02-28;0;0;0;0;0;0;0;0;0;0
FR;5;2021-03-01;0;0;0;0;0;0;0;0;0;0
FR;5;2021-03-02;0;0;0;0;0;0;0;0;0;0
FR;5;2021-03-03;0;0;0;0;0;0;0;0;0;0
FR;5;2021-03-04;0;0;0;0;0;0;0;0;0;0
FR;5;2021-03-05;0;0;0;0;0;0;0;0;0;0
FR;5;2021-03-06;0;0;0;0;0;0;0;0;0;0
FR;5;2021-03-07;0;0;0;0;0;0;0;0;0;0
FR;5;2021-03-08;0;0;0;0;0;0;0;0;0;0
FR;5;2021-03-09;0;0;0;0;0;0;0;0;0;0
FR;5;2021-03-10;0;0;0;0;0;0;0;0;0;0
FR;5;2021-03-11;0;0;0;0;0;0;0;0;0;0
FR;5;2021-03-12;0;0;0;0;0;0;0;0;0;0
FR;5;2021-03-13;0;0;0;0;0;0;0;0;0;0
FR;5;2021-03-14;0;0;0;0;0;0;0;0;0;0
FR;5;2021-03-15;0;0;0;0;0;0;0;0;0;0
FR;5;2021-03-16;0;0;0;0;0;0;0;0;0;0
FR;5;2021-03-17;0;0;0;0;0;0;0;0;0;0
FR;5;2021-03-18;0;0;0;0;0;0;0;0;0;0
FR;5;2021-03-19;0;0;0;0;0;0;0;0;0;0
FR;5;2021-03-20;0;0;0;0;0;0;0;0;0;0
FR;5;2021-03-21;0;0;0;0;0;0;0;0;0;0
FR;5;2021-03-22;0;0;0;0;0;0;0;0;0;0
FR;5;2021-03-23;0;0;0;0;0;0;0;0;0;0
FR;5;2021-03-24;0;0;0;0;0;0;0;0;0;0
FR;5;2021-03-25;0;0;0;0;0;0;0;0;0;0
FR;5;2021-03-26;0;0;0;0;0;0;0;0;0;0
FR;5;2021-03-27;0;0;0;0;0;0;0;0;0;0
FR;5;2021-03-28;0;0;0;0;0;0;0;0;0;0
FR;5;2021-03-29;0;0;0;0;0;0;0;0;0;0
FR;5;2021-03-30;0;0;0;0;0;0;0;0;0;0
FR;5;2021-03-31;0;0;0;0;0;0;0;0;0;0
FR;5;2021-04-01;0;0;0;0;0;0;0;0;0;0
FR;5;2021-04-02;0;0;0;0;0;0;0;0;0;0
FR;5;2021-04-03;0;0;0;0;0;0;0;0;0;0
FR;5;2021-04-04;0;0;0;0;0;0;0;0;0;0
FR;5;2021-04-05;0;0;0;0;0;0;0;0;0;0
FR;5;2021-04-06;0;0;0;0;0;0;0;0;0;0
FR;5;2021-04-07;0;0;0;0;0;0;0;0;0;0
FR;5;2021-04-08;0;0;0;0;0;0;0;0;0;0
FR;5;2021-04-09;0;0;0;0;0;0;0;0;0;0
FR;5;2021-04-10;0;0;0;0;0;0;0;0;0;0
FR;5;2021-04-11;0;0;0;0;0;0;0;0;0;0
FR;5;2021-04-12;0;0;0;0;0;0;0;0;0;0
FR;5;2021-04-13;0;0;0;0;0;0;0;0;0;0
FR;5;2021-04-14;0;0;0;0;0;0;0;0;0;0
FR;5;2021-04-15;0;0;0;0;0;0;0;0;0;0
FR;5;2021-04-16;0;0;0;0;0;0;0;0;0;0
FR;5;2021-04-17;0;0;0;0;0;0;0;0;0;0
FR;5;2021-04-18;0;0;0;0;0;0;0;0;0;0
FR;5;2021-04-19;0;0;0;0;0;0;0;0;0;0
FR;5;2021-04-20;0;0;0;0;0;0;0;0;0;0
FR;5;2021-04-21;0;0;0;0;0;0;0;0;0;0
FR;5;2021-04-22;0;0;0;0;0;0;0;0;0;0
FR;5;2021-04-23;0;0;0;0;0;0;0;0;0;0
FR;5;2021-04-24;0;0;0;0;0;0;0;0;0;0
FR;5;2021-04-25;0;0;0;0;0;0;0;0;0;0
FR;5;2021-04-26;0;0;0;0;0;0;0;0;0;0
FR;5;2021-04-27;0;0;0;0;0;0;0;0;0;0
FR;5;2021-04-28;0;0;0;0;0;0;0;0;0;0
FR;5;2021-04-29;0;0;0;0;0;0;0;0;0;0
FR;5;2021-04-30;0;0;0;0;0;0;0;0;0;0
FR;5;2021-05-01;0;0;0;0;0;0;0;0;0;0
FR;5;2021-05-02;0;0;0;0;0;0;0;0;0;0
FR;5;2021-05-03;0;0;0;0;0;0;0;0;0;0
FR;5;2021-05-04;0;0;0;0;0;0;0;0;0;0
FR;5;2021-05-05;0;0;0;0;0;0;0;0;0;0
FR;5;2021-05-06;0;0;0;0;0;0;0;0;0;0
FR;5;2021-05-07;0;0;0;0;0;0;0;0;0;0
FR;5;2021-05-08;0;0;0;0;0;0;0;0;0;0
FR;5;2021-05-09;0;0;0;0;0;0;0;0;0;0
FR;5;2021-05-10;0;0;0;0;0;0;0;0;0;0
FR;5;2021-05-11;0;0;0;0;0;0;0;0;0;0
FR;5;2021-05-12;0;0;0;0;0;0;0;0;0;0
FR;5;2021-05-13;0;0;0;0;0;0;0;0;0;0
FR;5;2021-05-14;0;0;0;0;0;0;0;0;0;0
FR;5;2021-05-15;0;0;0;0;0;0;0;0;0;0
FR;5;2021-05-16;0;0;0;0;0;0;0;0;0;0
FR;5;2021-05-17;0;0;0;0;0;0;0;0;0;0
FR;5;2021-05-18;0;0;0;0;0;0;0;0;0;0
FR;5;2021-05-19;0;0;0;0;0;0;0;0;0;0
FR;5;2021-05-20;0;0;0;0;0;0;0;0;0;0
FR;5;2021-05-21;0;0;0;0;0;0;0;0;0;0
FR;5;2021-05-22;0;0;0;0;0;0;0;0;0;0
FR;5;2021-05-23;0;0;0;0;0;0;0;0;0;0
FR;5;2021-05-24;0;0;0;0;0;0;0;0;0;0
FR;5;2021-05-25;0;0;0;0;0;0;0;0;0;0
FR;5;2021-05-26;0;0;0;0;0;0;0;0;0;0
FR;5;2021-05-27;0;0;0;0;0;0;0;0;0;0
FR;5;2021-05-28;0;0;0;0;0;0;0;0;0;0
FR;5;2021-05-29;0;0;0;0;0;0;0;0;0;0
FR;5;2021-05-30;0;0;0;0;0;0;0;0;0;0
FR;5;2021-05-31;0;0;0;0;0;0;0;0;0;0
FR;5;2021-06-01;0;0;0;0;0;0;0;0;0;0
FR;5;2021-06-02;0;0;0;0;0;0;0;0;0;0
FR;5;2021-06-03;0;0;0;0;0;0;0;0;0;0
FR;5;2021-06-04;0;0;0;0;0;0;0;0;0;0
FR;5;2021-06-05;0;0;0;0;0;0;0;0;0;0
FR;5;2021-06-06;0;0;0;0;0;0;0;0;0;0
FR;5;2021-06-07;0;0;0;0;0;0;0;0;0;0
FR;5;2021-06-08;0;0;0;0;0;0;0;0;0;0
FR;5;2021-06-09;0;0;0;0;0;0;0;0;0;0
FR;5;2021-06-10;0;0;0;0;0;0;0;0;0;0
FR;5;2021-06-11;0;0;0;0;0;0;0;0;0;0
FR;5;2021-06-12;0;0;0;0;0;0;0;0;0;0
FR;5;2021-06-13;0;0;0;0;0;0;0;0;0;0
FR;5;2021-06-14;0;0;0;0;0;0;0;0;0;0
FR;5;2021-06-15;0;0;0;0;0;0;0;0;0;0
FR;5;2021-06-16;0;0;0;0;0;0;0;0;0;0
FR;5;2021-06-17;0;0;0;0;0;0;0;0;0;0
FR;5;2021-06-18;0;0;0;0;0;0;0;0;0;0
FR;5;2021-06-19;0;0;0;0;0;0;0;0;0;0
FR;5;2021-06-20;0;0;0;0;0;0;0;0;0;0
FR;5;2021-06-21;0;0;0;0;0;0;0;0;0;0
FR;5;2021-06-22;0;0;0;0;0;0;0;0;0;0
FR;5;2021-06-23;0;0;0;0;0;0;0;0;0;0
FR;5;2021-06-24;0;0;0;0;0;0;0;0;0;0
FR;5;2021-06-25;0;0;0;0;0;0;0;0;0;0
FR;5;2021-06-26;0;0;0;0;0;0;0;0;0;0
FR;5;2021-06-27;0;0;0;0;0;0;0;0;0;0
FR;5;2021-06-28;0;0;0;0;0;0;0;0;0;0
FR;5;2021-06-29;0;0;0;0;0;0;0;0;0;0
FR;5;2021-06-30;0;0;0;0;0;0;0;0;0;0
FR;5;2021-07-01;0;0;0;0;0;0;0;0;0;0
FR;5;2021-07-02;0;0;0;0;0;0;0;0;0;0
FR;5;2021-07-03;0;0;0;0;0;0;0;0;0;0
FR;5;2021-07-04;0;0;0;0;0;0;0;0;0;0
FR;5;2021-07-05;0;0;0;0;0;0;0;0;0;0
FR;5;2021-07-06;0;0;0;0;0;0;0;0;0;0
FR;5;2021-07-07;0;0;0;0;0;0;0;0;0;0
FR;5;2021-07-08;0;0;0;0;0;0;0;0;0;0
FR;5;2021-07-09;0;0;0;0;0;0;0;0;0;0
FR;5;2021-07-10;0;0;0;0;0;0;0;0;0;0
FR;5;2021-07-11;0;0;0;0;0;0;0;0;0;0
FR;5;2021-07-12;0;0;0;0;0;0;0;0;0;0
FR;5;2021-07-13;0;0;0;0;0;0;0;0;0;0
FR;5;2021-07-14;0;0;0;0;0;0;0;0;0;0
FR;5;2021-07-15;0;0;0;0;0;0;0;0;0;0
FR;5;2021-07-16;0;0;0;0;0;0;0;0;0;0
FR;5;2021-07-17;0;0;0;0;0;0;0;0;0;0
FR;5;2021-07-18;0;0;0;0;0;0;0;0;0;0
FR;5;2021-07-19;0;0;0;0;0;0;0;0;0;0
FR;5;2021-07-20;0;0;0;0;0;0;0;0;0;0
FR;5;2021-07-21;0;0;0;0;0;0;0;0;0;0
FR;5;2021-07-22;0;0;0;0;0;0;0;0;0;0
FR;5;2021-07-23;0;0;0;0;0;0;0;0;0;0
FR;5;2021-07-24;0;0;0;0;0;0;0;0;0;0
FR;5;2021-07-25;0;0;0;0;0;0;0;0;0;0
FR;5;2021-07-26;0;0;0;0;0;0;0;0;0;0
FR;5;2021-07-27;0;0;0;0;0;0;0;0;0;0
FR;5;2021-07-28;0;0;0;0;0;0;0;0;0;0
FR;5;2021-07-29;0;0;0;0;0;0;0;0;0;0
FR;5;2021-07-30;0;0;0;0;0;0;0;0;0;0
FR;5;2021-07-31;0;0;0;0;0;0;0;0;0;0
FR;5;2021-08-01;0;0;0;0;0;0;0;0;0;0
FR;5;2021-08-02;0;0;0;0;0;0;0;0;0;0
FR;5;2021-08-03;0;0;0;0;0;0;0;0;0;0
FR;5;2021-08-04;0;0;0;0;0;0;0;0;0;0
FR;5;2021-08-05;0;0;0;0;0;0;0;0;0;0
FR;5;2021-08-06;0;0;0;0;0;0;0;0;0;0
FR;5;2021-08-07;0;0;0;0;0;0;0;0;0;0
FR;5;2021-08-08;0;0;0;0;0;0;0;0;0;0
FR;5;2021-08-09;0;0;0;0;0;0;0;0;0;0
FR;5;2021-08-10;0;0;0;0;0;0;0;0;0;0
FR;5;2021-08-11;0;0;0;0;0;0;0;0;0;0
FR;5;2021-08-12;0;0;0;0;0;0;0;0;0;0
FR;5;2021-08-13;0;0;0;0;0;0;0;0;0;0
FR;5;2021-08-14;0;0;0;0;0;0;0;0;0;0
FR;5;2021-08-15;0;0;0;0;0;0;0;0;0;0
FR;5;2021-08-16;0;0;0;0;0;0;0;0;0;0
FR;5;2021-08-17;0;0;0;0;0;0;0;0;0;0
FR;5;2021-08-18;0;0;0;0;0;0;0;0;0;0
FR;5;2021-08-19;0;0;0;0;0;0;0;0;0;0
FR;5;2021-08-20;0;0;0;0;0;0;0;0;0;0
FR;5;2021-08-21;0;0;0;0;0;0;0;0;0;0
FR;5;2021-08-22;0;0;0;0;0;0;0;0;0;0
FR;5;2021-08-23;0;0;0;0;0;0;0;0;0;0
FR;5;2021-08-24;0;0;0;0;0;0;0;0;0;0
FR;5;2021-08-25;0;0;0;0;0;0;0;0;0;0
FR;5;2021-08-26;0;0;0;0;0;0;0;0;0;0
FR;5;2021-08-27;0;0;0;0;0;0;0;0;0;0
FR;5;2021-08-28;0;0;0;0;0;0;0;0;0;0
FR;5;2021-08-29;0;0;0;0;0;0;0;0;0;0
FR;5;2021-08-30;0;0;0;0;0;0;0;0;0;0
FR;5;2021-08-31;0;0;0;0;0;0;0;0;0;0
FR;5;2021-09-01;0;0;0;0;0;0;0;0;0;0
FR;5;2021-09-02;0;0;0;0;0;0;0;0;0;0
FR;5;2021-09-03;0;0;0;0;0;0;0;0;0;0
FR;5;2021-09-04;0;0;0;0;0;0;0;0;0;0
FR;5;2021-09-05;0;0;0;0;0;0;0;0;0;0
FR;5;2021-09-06;0;0;0;0;0;0;0;0;0;0
FR;5;2021-09-07;0;0;0;0;0;0;0;0;0;0
FR;5;2021-09-08;0;0;0;0;0;0;0;0;0;0
FR;5;2021-09-09;0;0;0;0;0;0;0;0;0;0
FR;5;2021-09-10;0;0;0;0;0;0;0;0;0;0
FR;5;2021-09-11;0;0;0;0;0;0;0;0;0;0
FR;5;2021-09-12;0;0;0;0;0;0;0;0;0;0
FR;5;2021-09-13;0;0;0;0;0;0;0;0;0;0
FR;5;2021-09-14;0;0;0;0;0;0;0;0;0;0
FR;5;2021-09-15;0;0;0;0;0;0;0;0;0;0
FR;5;2021-09-16;0;0;0;0;0;0;0;0;0;0
FR;5;2021-09-17;0;0;0;0;0;0;0;0;0;0
FR;5;2021-09-18;0;0;0;0;0;0;0;0;0;0
FR;5;2021-09-19;0;0;0;0;0;0;0;0;0;0
FR;5;2021-09-20;0;0;0;0;0;0;0;0;0;0
FR;5;2021-09-21;0;0;0;0;0;0;0;0;0;0
FR;5;2021-09-22;0;0;0;0;0;0;0;0;0;0
FR;5;2021-09-23;0;0;0;0;0;0;0;0;0;0
FR;5;2021-09-24;0;0;0;0;0;0;0;0;0;0
FR;5;2021-09-25;0;0;0;0;0;0;0;0;0;0
FR;5;2021-09-26;0;0;0;0;0;0;0;0;0;0
FR;5;2021-09-27;0;0;0;0;0;0;0;0;0;0
FR;5;2021-09-28;0;0;0;0;0;0;0;0;0;0
FR;5;2021-09-29;0;0;0;0;0;0;0;0;0;0
FR;5;2021-09-30;0;0;0;0;0;0;0;0;0;0
FR;5;2021-10-01;0;0;0;0;0;0;0;0;0;0
FR;5;2021-10-02;0;0;0;0;0;0;0;0;0;0
FR;5;2021-10-03;0;0;0;0;0;0;0;0;0;0
FR;5;2021-10-04;0;0;0;0;0;0;0;0;0;0
FR;5;2021-10-05;0;0;0;0;0;0;0;0;0;0
FR;5;2021-10-06;0;0;0;0;0;0;0;0;0;0
FR;5;2021-10-07;0;0;0;0;0;0;0;0;0;0
FR;5;2021-10-08;0;0;0;0;0;0;0;0;0;0
FR;5;2021-10-09;0;0;0;0;0;0;0;0;0;0
FR;5;2021-10-10;0;0;0;0;0;0;0;0;0;0
FR;5;2021-10-11;0;0;0;0;0;0;0;0;0;0
FR;5;2021-10-12;0;0;0;0;0;0;0;0;0;0
FR;5;2021-10-13;0;0;0;0;0;0;0;0;0;0
FR;5;2021-10-14;0;0;0;0;0;0;0;0;0;0
FR;5;2021-10-15;0;0;0;0;0;0;0;0;0;0
FR;5;2021-10-16;0;0;0;0;0;0;0;0;0;0
FR;5;2021-10-17;0;0;0;0;0;0;0;0;0;0
FR;5;2021-10-18;0;0;0;0;0;0;0;0;0;0
FR;5;2021-10-19;0;0;0;0;0;0;0;0;0;0
FR;5;2021-10-20;0;0;0;0;0;0;0;0;0;0
FR;5;2021-10-21;0;0;0;0;0;0;0;0;0;0
FR;5;2021-10-22;0;0;0;0;0;0;0;0;0;0
FR;5;2021-10-23;0;0;0;0;0;0;0;0;0;0
FR;5;2021-10-24;0;0;0;0;0;0;0;0;0;0
FR;5;2021-10-25;0;0;0;0;0;0;0;0;0;0
FR;5;2021-10-26;0;0;0;0;0;0;0;0;0;0
FR;5;2021-10-27;0;0;0;0;0;0;0;0;0;0
FR;5;2021-10-28;0;0;0;0;0;0;0;0;0;0
FR;5;2021-10-29;0;0;0;0;0;0;0;0;0;0
FR;5;2021-10-30;0;0;0;0;0;0;0;0;0;0
FR;5;2021-10-31;0;0;0;0;0;0;0;0;0;0
FR;5;2021-11-01;0;0;0;0;0;0;0;0;0;0
FR;5;2021-11-02;0;0;0;0;0;0;0;0;0;0
FR;5;2021-11-03;0;0;0;0;0;0;0;0;0;0
FR;5;2021-11-04;0;0;0;0;0;0;0;0;0;0
FR;5;2021-11-05;0;0;0;0;0;0;0;0;0;0
FR;5;2021-11-06;0;0;0;0;0;0;0;0;0;0
FR;5;2021-11-07;0;0;0;0;0;0;0;0;0;0
FR;5;2021-11-08;0;0;0;0;0;0;0;0;0;0
FR;5;2021-11-09;0;0;0;0;0;0;0;0;0;0
FR;5;2021-11-10;0;0;0;0;0;0;0;0;0;0
FR;5;2021-11-11;0;0;0;0;0;0;0;0;0;0
FR;5;2021-11-12;0;0;0;0;0;0;0;0;0;0
FR;5;2021-11-13;0;0;0;0;0;0;0;0;0;0
FR;5;2021-11-14;0;0;0;0;0;0;0;0;0;0
FR;5;2021-11-15;0;0;0;0;0;0;0;0;0;0
FR;5;2021-11-16;0;0;0;0;0;0;0;0;0;0
FR;5;2021-11-17;0;0;0;0;0;0;0;0;0;0
FR;5;2021-11-18;0;0;0;0;0;0;0;0;0;0
FR;5;2021-11-19;0;0;0;0;0;0;0;0;0;0
FR;5;2021-11-20;0;0;0;0;0;0;0;0;0;0
FR;5;2021-11-21;0;0;0;0;0;0;0;0;0;0
FR;5;2021-11-22;0;0;0;0;0;0;0;0;0;0
FR;5;2021-11-23;0;0;0;0;0;0;0;0;0;0
FR;5;2021-11-24;0;0;0;0;0;0;0;0;0;0
FR;5;2021-11-25;0;0;0;0;0;0;0;0;0;0
FR;5;2021-11-26;0;0;0;0;0;0;0;0;0;0
FR;5;2021-11-27;0;0;0;0;0;0;0;0;0;0
FR;5;2021-11-28;0;0;0;0;0;0;0;0;0;0
FR;5;2021-11-29;0;0;0;0;0;0;0;0;0;0
FR;5;2021-11-30;0;0;0;0;0;0;0;0;0;0
FR;5;2021-12-01;0;0;0;0;0;0;0;0;0;0
FR;5;2021-12-02;0;0;0;0;0;0;0;0;0;0
FR;5;2021-12-03;0;0;0;0;0;0;0;0;0;0
FR;5;2021-12-04;0;0;0;0;0;0;0;0;0;0
FR;5;2021-12-05;0;0;0;0;0;0;0;0;0;0
FR;5;2021-12-06;0;0;0;0;0;0;0;0;0;0
FR;5;2021-12-07;0;0;0;0;0;0;0;0;0;0
FR;5;2021-12-08;0;0;0;0;0;0;0;0;0;0
FR;5;2021-12-09;0;0;0;0;0;0;0;0;0;0
FR;5;2021-12-10;0;0;0;0;0;0;0;0;0;0
FR;5;2021-12-11;0;0;0;0;0;0;0;0;0;0
FR;5;2021-12-12;0;0;0;0;0;0;0;0;0;0
FR;5;2021-12-13;0;0;0;0;0;0;0;0;0;0
FR;5;2021-12-14;29;45;77;0;88;29;45;77;0;88
FR;5;2021-12-15;196;44;37;0;49;225;89;114;0;137
FR;5;2021-12-16;181;21;44;0;48;406;110;158;0;185
FR;5;2021-12-17;310;16;72;0;74;716;126;230;0;259
FR;5;2021-12-18;765;24;22;0;29;1481;150;252;0;288
FR;5;2021-12-19;586;15;15;0;17;2067;165;267;0;305
FR;5;2021-12-20;1223;31;35;0;38;3290;196;302;0;343
FR;5;2021-12-21;1536;22;54;1;60;4826;218;356;1;403
FR;5;2021-12-22;4069;40;37;0;46;8895;258;393;1;449
FR;5;2021-12-23;3042;16;21;0;25;11937;274;414;1;474
FR;5;2021-12-24;759;19;9;0;15;12696;293;423;1;489
FR;5;2021-12-25;61;5;1;0;2;12757;298;424;1;491
FR;5;2021-12-26;623;6;3;0;4;13380;304;427;1;495
FR;5;2021-12-27;4080;25;21;0;23;17460;329;448;1;518
FR;5;2021-12-28;5204;23;41;1;43;22664;352;489;2;561
FR;5;2021-12-29;8106;34;66;2;69;30770;386;555;4;630
FR;5;2021-12-30;5173;18;33;0;39;35943;404;588;4;669
FR;5;2021-12-31;1553;8;10;0;11;37496;412;598;4;680
FR;5;2022-01-01;185;2;2;0;3;37681;414;600;4;683
FR;5;2022-01-02;1489;1;1;0;1;39170;415;601;4;684
FR;5;2022-01-03;3061;36;33;0;32;42231;451;634;4;716
FR;5;2022-01-04;3034;39;33;0;42;45265;490;667;4;758
FR;5;2022-01-05;19323;203;97;1;108;64588;693;764;5;866
FR;5;2022-01-06;3744;133;122;0;142;68332;826;886;5;1008
FR;5;2022-01-07;5007;200;48;2;56;73339;1026;934;7;1064
FR;5;2022-01-08;13658;514;45;0;52;86997;1540;979;7;1116
FR;5;2022-01-09;5755;399;15;0;20;92752;1939;994;7;1136
FR;5;2022-01-10;3453;326;25;0;29;96205;2265;1019;7;1165
FR;5;2022-01-11;3668;284;38;0;41;99873;2549;1057;7;1206
FR;5;2022-01-12;22652;3004;90;0;113;122525;5553;1147;7;1319
FR;5;2022-01-13;4035;622;30;0;32;126560;6175;1177;7;1351
FR;5;2022-01-14;4843;581;44;0;51;131403;6756;1221;7;1402
FR;5;2022-01-15;14683;1746;38;3;49;146086;8502;1259;10;1451
FR;5;2022-01-16;4727;666;3;0;5;150813;9168;1262;10;1456
FR;5;2022-01-17;2298;715;26;0;29;153111;9883;1288;10;1485
FR;5;2022-01-18;2430;870;30;0;40;155541;10753;1318;10;1525
FR;5;2022-01-19;18482;6422;74;2;142;174023;17175;1392;12;1667
FR;5;2022-01-20;1920;1067;25;0;34;175943;18242;1417;12;1701
FR;5;2022-01-21;3076;1371;47;1;59;179019;19613;1464;13;1760
FR;5;2022-01-22;10721;3454;33;1;43;189740;23067;1497;14;1803
FR;5;2022-01-23;2629;1415;5;0;9;192369;24482;1502;14;1812
FR;5;2022-01-24;1159;1340;19;0;23;193528;25822;1521;14;1835
FR;5;2022-01-25;1219;1548;19;2;29;194747;27370;1540;16;1864
FR;5;2022-01-26;10751;12025;50;1;89;205498;39395;1590;17;1953
FR;5;2022-01-27;1291;1693;10;0;17;206789;41088;1600;17;1970
FR;5;2022-01-28;1695;3347;16;0;19;208484;44435;1616;17;1989
FR;5;2022-01-29;6237;8040;68;0;96;214721;52475;1684;17;2085
FR;5;2022-01-30;1509;2950;5;0;18;216230;55425;1689;17;2103
FR;5;2022-01-31;589;1773;23;0;24;216819;57198;1712;17;2127
FR;5;2022-02-01;712;1703;10;0;15;217531;58901;1722;17;2142
FR;5;2022-02-02;6956;15654;52;0;94;224487;74555;1774;17;2236
FR;5;2022-02-03;490;1690;14;0;13;224977;76245;1788;17;2249
FR;5;2022-02-04;943;3001;19;0;31;225920;79246;1807;17;2280
FR;5;2022-02-05;3533;8916;23;0;37;229453;88162;1830;17;2317
FR;5;2022-02-06;737;2397;10;0;19;230190;90559;1840;17;2336
FR;5;2022-02-07;883;1596;22;0;24;231073;92155;1862;17;2360
FR;5;2022-02-08;722;1287;18;0;20;231795;93442;1880;17;2380
FR;5;2022-02-09;4537;12876;44;0;76;236332;106318;1924;17;2456
FR;5;2022-02-10;646;1059;14;0;15;236978;107377;1938;17;2471
FR;5;2022-02-11;793;2026;16;0;21;237771;109403;1954;17;2492
FR;5;2022-02-12;2285;6811;33;0;53;240056;116214;1987;17;2545
FR;5;2022-02-13;465;1540;8;0;8;240521;117754;1995;17;2553
FR;5;2022-02-14;678;1288;10;0;13;241199;119042;2005;17;2566
FR;5;2022-02-15;482;885;9;0;14;241681;119927;2014;17;2580
FR;5;2022-02-16;2980;9123;41;1;58;244661;129050;2055;18;2638
FR;5;2022-02-17;435;809;6;0;7;245096;129859;2061;18;2645
FR;5;2022-02-18;649;1407;13;0;17;245745;131266;2074;18;2662
FR;5;2022-02-19;1372;4315;16;0;28;247117;135581;2090;18;2690
FR;5;2022-02-20;247;879;6;0;8;247364;136460;2096;18;2698
FR;5;2022-02-21;221;607;2;0;4;247585;137067;2098;18;2702
FR;5;2022-02-22;262;545;17;0;17;247847;137612;2115;18;2719
FR;5;2022-02-23;1909;6925;22;1;42;249756;144537;2137;19;2761
FR;5;2022-02-24;182;374;6;1;7;249938;144911;2143;20;2768
FR;5;2022-02-25;336;949;13;0;12;250274;145860;2156;20;2780
FR;5;2022-02-26;972;3069;10;0;14;251246;148929;2166;20;2794
FR;5;2022-02-27;149;506;0;0;3;251395;149435;2166;20;2797
FR;5;2022-02-28;162;369;1;0;1;251557;149804;2167;20;2798
FR;5;2022-03-01;129;279;6;0;7;251686;150083;2173;20;2805
FR;5;2022-03-02;1240;4154;28;3;40;252926;154237;2201;23;2845
FR;5;2022-03-03;121;251;6;0;10;253047;154488;2207;23;2855
FR;5;2022-03-04;194;488;13;0;14;253241;154976;2220;23;2869
FR;5;2022-03-05;676;1990;8;0;16;253917;156966;2228;23;2885
FR;5;2022-03-06;108;260;0;0;0;254025;157226;2228;23;2885
FR;5;2022-03-07;71;228;5;0;3;254096;157454;2233;23;2888
FR;5;2022-03-08;46;130;7;1;7;254142;157584;2240;24;2895
FR;5;2022-03-09;909;3076;24;0;36;255051;160660;2264;24;2931
FR;5;2022-03-10;82;201;8;0;12;255133;160861;2272;24;2943
FR;5;2022-03-11;147;369;13;1;15;255280;161230;2285;25;2958
FR;5;2022-03-12;758;1613;13;1;30;256038;162843;2298;26;2988
FR;5;2022-03-13;76;100;0;0;0;256114;162943;2298;26;2988
FR;5;2022-03-14;67;119;7;1;7;256181;163062;2305;27;2995
FR;5;2022-03-15;83;99;3;0;6;256264;163161;2308;27;3001
FR;5;2022-03-16;883;1827;15;3;36;257147;164988;2323;30;3037
FR;5;2022-03-17;66;123;8;4;10;257213;165111;2331;34;3047
FR;5;2022-03-18;172;318;13;4;18;257385;165429;2344;38;3065
FR;5;2022-03-19;750;1162;12;5;33;258135;166591;2356;43;3098
FR;5;2022-03-20;45;93;1;0;1;258180;166684;2357;43;3099
FR;5;2022-03-21;71;120;10;6;15;258251;166804;2367;49;3114
FR;5;2022-03-22;56;119;8;8;9;258307;166923;2375;57;3123
FR;5;2022-03-23;804;1461;14;8;36;259111;168384;2389;65;3159
FR;5;2022-03-24;69;93;8;7;7;259180;168477;2397;72;3166
FR;5;2022-03-25;222;291;14;8;18;259402;168768;2411;80;3184
FR;5;2022-03-26;707;853;12;5;26;260109;169621;2423;85;3210
FR;5;2022-03-27;74;80;0;0;3;260183;169701;2423;85;3213
FR;5;2022-03-28;81;91;1;2;3;260264;169792;2424;87;3216
FR;5;2022-03-29;71;82;10;4;12;260335;169874;2434;91;3228
FR;5;2022-03-30;823;1115;16;13;29;261158;170989;2450;104;3257
FR;5;2022-03-31;102;125;1;4;6;261260;171114;2451;108;3263
FR;5;2022-04-01;108;86;7;12;11;261368;171200;2458;120;3274
FR;5;2022-04-02;330;349;3;3;15;261698;171549;2461;123;3289
FR;5;2022-04-03;54;59;1;0;1;261752;171608;2462;123;3290
FR;5;2022-04-04;38;57;4;1;8;261790;171665;2466;124;3298
FR;5;2022-04-05;51;60;6;7;9;261841;171725;2472;131;3307
FR;5;2022-04-06;421;439;7;15;16;262262;172164;2479;146;3323
FR;5;2022-04-07;45;68;5;7;7;262307;172232;2484;153;3330
FR;5;2022-04-08;133;110;12;14;15;262440;172342;2496;167;3345
FR;5;2022-04-09;308;323;2;5;17;262748;172665;2498;172;3362
FR;5;2022-04-10;43;31;2;0;2;262791;172696;2500;172;3364
FR;5;2022-04-11;50;60;3;2;4;262841;172756;2503;174;3368
FR;5;2022-04-12;59;54;3;3;5;262900;172810;2506;177;3373
FR;5;2022-04-13;382;413;3;8;16;263282;173223;2509;185;3389
FR;5;2022-04-14;48;48;5;5;9;263330;173271;2514;190;3398
FR;5;2022-04-15;91;109;4;5;5;263421;173380;2518;195;3403
FR;5;2022-04-16;188;184;2;1;13;263609;173564;2520;196;3416
FR;5;2022-04-17;12;10;1;0;1;263621;173574;2521;196;3417
FR;5;2022-04-18;8;9;2;0;2;263629;173583;2523;196;3419
FR;5;2022-04-19;73;70;6;1;6;263702;173653;2529;197;3425
FR;5;2022-04-20;361;349;9;6;12;264063;174002;2538;203;3437
FR;5;2022-04-21;42;64;9;10;12;264105;174066;2547;213;3449
FR;5;2022-04-22;113;96;5;4;5;264218;174162;2552;217;3454
FR;5;2022-04-23;209;193;3;2;10;264427;174355;2555;219;3464
FR;5;2022-04-24;37;35;0;0;3;264464;174390;2555;219;3467
FR;5;2022-04-25;69;65;1;1;4;264533;174455;2556;220;3471
FR;5;2022-04-26;60;62;2;1;5;264593;174517;2558;221;3476
FR;5;2022-04-27;335;316;2;7;14;264928;174833;2560;228;3490
FR;5;2022-04-28;80;54;4;5;8;265008;174887;2564;233;3498
FR;5;2022-04-29;117;84;5;18;12;265125;174971;2569;251;3510
FR;5;2022-04-30;182;115;2;3;10;265307;175086;2571;254;3520
FR;5;2022-05-01;11;7;0;0;0;265318;175093;2571;254;3520
FR;5;2022-05-02;51;27;4;5;2;265369;175120;2575;259;3522
FR;5;2022-05-03;83;55;2;5;11;265452;175175;2577;264;3533
FR;5;2022-05-04;278;204;1;2;7;265730;175379;2578;266;3540
FR;5;2022-05-05;62;32;3;4;5;265792;175411;2581;270;3545
FR;5;2022-05-06;105;64;2;3;5;265897;175475;2583;273;3550
FR;5;2022-05-07;171;115;3;10;13;266068;175590;2586;283;3563
FR;5;2022-05-08;8;8;0;0;2;266076;175598;2586;283;3565
FR;5;2022-05-09;44;32;15;3;16;266120;175630;2601;286;3581
FR;5;2022-05-10;54;49;3;4;5;266174;175679;2604;290;3586
FR;5;2022-05-11;327;237;12;7;21;266501;175916;2616;297;3607
FR;5;2022-05-12;46;34;1;3;2;266547;175950;2617;300;3609
FR;5;2022-05-13;109;83;3;8;9;266656;176033;2620;308;3618
FR;5;2022-05-14;208;131;0;1;8;266864;176164;2620;309;3626
FR;5;2022-05-15;22;7;2;0;1;266886;176171;2622;309;3627
FR;5;2022-05-16;52;34;4;5;4;266938;176205;2626;314;3631
FR;5;2022-05-17;72;40;5;0;2;267010;176245;2631;314;3633
FR;5;2022-05-18;289;214;4;4;8;267299;176459;2635;318;3641
FR;5;2022-05-19;44;35;5;3;3;267343;176494;2640;321;3644
FR;5;2022-05-20;75;62;3;10;1;267418;176556;2643;331;3645
FR;5;2022-05-21;241;166;2;3;17;267659;176722;2645;334;3662
FR;5;2022-05-22;20;14;2;5;2;267679;176736;2647;339;3664
FR;5;2022-05-23;42;28;4;3;6;267721;176764;2651;342;3670
FR;5;2022-05-24;46;45;3;2;5;267767;176809;2654;344;3675
FR;5;2022-05-25;329;256;4;1;16;268096;177065;2658;345;3691
FR;5;2022-05-26;16;5;0;1;2;268112;177070;2658;346;3693
FR;5;2022-05-27;98;54;4;4;9;268210;177124;2662;350;3702
FR;5;2022-05-28;98;77;5;3;10;268308;177201;2667;353;3712
FR;5;2022-05-29;14;14;1;0;2;268322;177215;2668;353;3714
FR;5;2022-05-30;56;41;2;1;2;268378;177256;2670;354;3716
FR;5;2022-05-31;57;43;1;8;1;268435;177299;2671;362;3717
FR;5;2022-06-01;253;240;9;2;24;268688;177539;2680;364;3741
FR;5;2022-06-02;58;61;5;0;9;268746;177600;2685;364;3750
FR;5;2022-06-03;81;70;4;5;10;268827;177670;2689;369;3760
FR;5;2022-06-04;155;109;2;1;9;268982;177779;2691;370;3769
FR;5;2022-06-05;17;11;0;0;1;268999;177790;2691;370;3770
FR;5;2022-06-06;15;9;0;0;0;269014;177799;2691;370;3770
FR;5;2022-06-07;48;55;1;1;2;269062;177854;2692;371;3772
FR;5;2022-06-08;280;224;3;4;17;269342;178078;2695;375;3789
FR;5;2022-06-09;52;40;5;3;6;269394;178118;2700;378;3795
FR;5;2022-06-10;80;72;1;1;6;269474;178190;2701;379;3801
FR;5;2022-06-11;169;141;3;3;10;269643;178331;2704;382;3811
FR;5;2022-06-12;17;16;0;0;2;269660;178347;2704;382;3813
FR;5;2022-06-13;56;46;9;3;9;269716;178393;2713;385;3822
FR;5;2022-06-14;57;56;0;3;5;269773;178449;2713;388;3827
FR;5;2022-06-15;263;259;5;2;26;270036;178708;2718;390;3853
FR;5;2022-06-16;46;26;4;2;2;270082;178734;2722;392;3855
FR;5;2022-06-17;97;66;4;5;9;270179;178800;2726;397;3864
FR;5;2022-06-18;136;95;10;2;26;270315;178895;2736;399;3890
FR;5;2022-06-19;26;14;0;1;3;270341;178909;2736;400;3893
FR;5;2022-06-20;53;49;6;0;9;270394;178958;2742;400;3902
FR;5;2022-06-21;48;71;5;3;6;270442;179029;2747;403;3908
FR;5;2022-06-22;220;246;6;8;33;270662;179275;2753;411;3941
FR;5;2022-06-23;46;34;2;5;6;270708;179309;2755;416;3947
FR;5;2022-06-24;78;67;11;4;13;270786;179376;2766;420;3960
FR;5;2022-06-25;150;122;3;7;14;270936;179498;2769;427;3974
FR;5;2022-06-26;23;17;2;0;5;270959;179515;2771;427;3979
FR;5;2022-06-27;48;56;5;4;11;271007;179571;2776;431;3990
FR;6;2020-12-27;0;0;0;0;0;0;0;0;0;0
FR;6;2020-12-28;0;0;0;0;0;0;0;0;0;0
FR;6;2020-12-29;0;0;0;0;0;0;0;0;0;0
FR;6;2020-12-30;0;0;0;0;0;0;0;0;0;0
FR;6;2020-12-31;0;0;0;0;0;0;0;0;0;0
FR;6;2021-01-01;0;0;0;0;0;0;0;0;0;0
FR;6;2021-01-02;0;0;0;0;0;0;0;0;0;0
FR;6;2021-01-03;0;0;0;0;0;0;0;0;0;0
FR;6;2021-01-04;0;0;0;0;0;0;0;0;0;0
FR;6;2021-01-05;0;0;0;0;0;0;0;0;0;0
FR;6;2021-01-06;0;0;0;0;0;0;0;0;0;0
FR;6;2021-01-07;0;0;0;0;0;0;0;0;0;0
FR;6;2021-01-08;0;0;0;0;0;0;0;0;0;0
FR;6;2021-01-09;0;0;0;0;0;0;0;0;0;0
FR;6;2021-01-10;0;0;0;0;0;0;0;0;0;0
FR;6;2021-01-11;0;0;0;0;0;0;0;0;0;0
FR;6;2021-01-12;0;0;0;0;0;0;0;0;0;0
FR;6;2021-01-13;0;0;0;0;0;0;0;0;0;0
FR;6;2021-01-14;0;0;0;0;0;0;0;0;0;0
FR;6;2021-01-15;0;0;0;0;0;0;0;0;0;0
FR;6;2021-01-16;0;0;0;0;0;0;0;0;0;0
FR;6;2021-01-17;0;0;0;0;0;0;0;0;0;0
FR;6;2021-01-18;0;0;0;0;0;0;0;0;0;0
FR;6;2021-01-19;0;0;0;0;0;0;0;0;0;0
FR;6;2021-01-20;0;0;0;0;0;0;0;0;0;0
FR;6;2021-01-21;0;0;0;0;0;0;0;0;0;0
FR;6;2021-01-22;0;0;0;0;0;0;0;0;0;0
FR;6;2021-01-23;0;0;0;0;0;0;0;0;0;0
FR;6;2021-01-24;0;0;0;0;0;0;0;0;0;0
FR;6;2021-01-25;0;0;0;0;0;0;0;0;0;0
FR;6;2021-01-26;0;0;0;0;0;0;0;0;0;0
FR;6;2021-01-27;0;0;0;0;0;0;0;0;0;0
FR;6;2021-01-28;0;0;0;0;0;0;0;0;0;0
FR;6;2021-01-29;0;0;0;0;0;0;0;0;0;0
FR;6;2021-01-30;0;0;0;0;0;0;0;0;0;0
FR;6;2021-01-31;0;0;0;0;0;0;0;0;0;0
FR;6;2021-02-01;0;0;0;0;0;0;0;0;0;0
FR;6;2021-02-02;0;0;0;0;0;0;0;0;0;0
FR;6;2021-02-03;0;0;0;0;0;0;0;0;0;0
FR;6;2021-02-04;0;0;0;0;0;0;0;0;0;0
FR;6;2021-02-05;0;0;0;0;0;0;0;0;0;0
FR;6;2021-02-06;0;0;0;0;0;0;0;0;0;0
FR;6;2021-02-07;0;0;0;0;0;0;0;0;0;0
FR;6;2021-02-08;0;0;0;0;0;0;0;0;0;0
FR;6;2021-02-09;0;0;0;0;0;0;0;0;0;0
FR;6;2021-02-10;0;0;0;0;0;0;0;0;0;0
FR;6;2021-02-11;0;0;0;0;0;0;0;0;0;0
FR;6;2021-02-12;0;0;0;0;0;0;0;0;0;0
FR;6;2021-02-13;0;0;0;0;0;0;0;0;0;0
FR;6;2021-02-14;0;0;0;0;0;0;0;0;0;0
FR;6;2021-02-15;0;0;0;0;0;0;0;0;0;0
FR;6;2021-02-16;0;0;0;0;0;0;0;0;0;0
FR;6;2021-02-17;0;0;0;0;0;0;0;0;0;0
FR;6;2021-02-18;0;0;0;0;0;0;0;0;0;0
FR;6;2021-02-19;0;0;0;0;0;0;0;0;0;0
FR;6;2021-02-20;0;0;0;0;0;0;0;0;0;0
FR;6;2021-02-21;0;0;0;0;0;0;0;0;0;0
FR;6;2021-02-22;0;0;0;0;0;0;0;0;0;0
FR;6;2021-02-23;0;0;0;0;0;0;0;0;0;0
FR;6;2021-02-24;0;0;0;0;0;0;0;0;0;0
FR;6;2021-02-25;0;0;0;0;0;0;0;0;0;0
FR;6;2021-02-26;0;0;0;0;0;0;0;0;0;0
FR;6;2021-02-27;0;0;0;0;0;0;0;0;0;0
FR;6;2021-02-28;0;0;0;0;0;0;0;0;0;0
FR;6;2021-03-01;0;0;0;0;0;0;0;0;0;0
FR;6;2021-03-02;0;0;0;0;0;0;0;0;0;0
FR;6;2021-03-03;0;0;0;0;0;0;0;0;0;0
FR;6;2021-03-04;0;0;0;0;0;0;0;0;0;0
FR;6;2021-03-05;0;0;0;0;0;0;0;0;0;0
FR;6;2021-03-06;0;0;0;0;0;0;0;0;0;0
FR;6;2021-03-07;0;0;0;0;0;0;0;0;0;0
FR;6;2021-03-08;0;0;0;0;0;0;0;0;0;0
FR;6;2021-03-09;0;0;0;0;0;0;0;0;0;0
FR;6;2021-03-10;0;0;0;0;0;0;0;0;0;0
FR;6;2021-03-11;0;0;0;0;0;0;0;0;0;0
FR;6;2021-03-12;0;0;0;0;0;0;0;0;0;0
FR;6;2021-03-13;0;0;0;0;0;0;0;0;0;0
FR;6;2021-03-14;0;0;0;0;0;0;0;0;0;0
FR;6;2021-03-15;0;0;0;0;0;0;0;0;0;0
FR;6;2021-03-16;0;0;0;0;0;0;0;0;0;0
FR;6;2021-03-17;0;0;0;0;0;0;0;0;0;0
FR;6;2021-03-18;0;0;0;0;0;0;0;0;0;0
FR;6;2021-03-19;0;0;0;0;0;0;0;0;0;0
FR;6;2021-03-20;0;0;0;0;0;0;0;0;0;0
FR;6;2021-03-21;0;0;0;0;0;0;0;0;0;0
FR;6;2021-03-22;0;0;0;0;0;0;0;0;0;0
FR;6;2021-03-23;0;0;0;0;0;0;0;0;0;0
FR;6;2021-03-24;0;0;0;0;0;0;0;0;0;0
FR;6;2021-03-25;0;0;0;0;0;0;0;0;0;0
FR;6;2021-03-26;0;0;0;0;0;0;0;0;0;0
FR;6;2021-03-27;0;0;0;0;0;0;0;0;0;0
FR;6;2021-03-28;0;0;0;0;0;0;0;0;0;0
FR;6;2021-03-29;0;0;0;0;0;0;0;0;0;0
FR;6;2021-03-30;0;0;0;0;0;0;0;0;0;0
FR;6;2021-03-31;0;0;0;0;0;0;0;0;0;0
FR;6;2021-04-01;0;0;0;0;0;0;0;0;0;0
FR;6;2021-04-02;0;0;0;0;0;0;0;0;0;0
FR;6;2021-04-03;0;0;0;0;0;0;0;0;0;0
FR;6;2021-04-04;0;0;0;0;0;0;0;0;0;0
FR;6;2021-04-05;0;0;0;0;0;0;0;0;0;0
FR;6;2021-04-06;0;0;0;0;0;0;0;0;0;0
FR;6;2021-04-07;0;0;0;0;0;0;0;0;0;0
FR;6;2021-04-08;0;0;0;0;0;0;0;0;0;0
FR;6;2021-04-09;0;0;0;0;0;0;0;0;0;0
FR;6;2021-04-10;0;0;0;0;0;0;0;0;0;0
FR;6;2021-04-11;0;0;0;0;0;0;0;0;0;0
FR;6;2021-04-12;0;0;0;0;0;0;0;0;0;0
FR;6;2021-04-13;0;0;0;0;0;0;0;0;0;0
FR;6;2021-04-14;0;0;0;0;0;0;0;0;0;0
FR;6;2021-04-15;0;0;0;0;0;0;0;0;0;0
FR;6;2021-04-16;0;0;0;0;0;0;0;0;0;0
FR;6;2021-04-17;0;0;0;0;0;0;0;0;0;0
FR;6;2021-04-18;0;0;0;0;0;0;0;0;0;0
FR;6;2021-04-19;0;0;0;0;0;0;0;0;0;0
FR;6;2021-04-20;0;0;0;0;0;0;0;0;0;0
FR;6;2021-04-21;0;0;0;0;0;0;0;0;0;0
FR;6;2021-04-22;0;0;0;0;0;0;0;0;0;0
FR;6;2021-04-23;0;0;0;0;0;0;0;0;0;0
FR;6;2021-04-24;0;0;0;0;0;0;0;0;0;0
FR;6;2021-04-25;0;0;0;0;0;0;0;0;0;0
FR;6;2021-04-26;0;0;0;0;0;0;0;0;0;0
FR;6;2021-04-27;0;0;0;0;0;0;0;0;0;0
FR;6;2021-04-28;0;0;0;0;0;0;0;0;0;0
FR;6;2021-04-29;0;0;0;0;0;0;0;0;0;0
FR;6;2021-04-30;0;0;0;0;0;0;0;0;0;0
FR;6;2021-05-01;0;0;0;0;0;0;0;0;0;0
FR;6;2021-05-02;0;0;0;0;0;0;0;0;0;0
FR;6;2021-05-03;0;0;0;0;0;0;0;0;0;0
FR;6;2021-05-04;0;0;0;0;0;0;0;0;0;0
FR;6;2021-05-05;0;0;0;0;0;0;0;0;0;0
FR;6;2021-05-06;0;0;0;0;0;0;0;0;0;0
FR;6;2021-05-07;0;0;0;0;0;0;0;0;0;0
FR;6;2021-05-08;0;0;0;0;0;0;0;0;0;0
FR;6;2021-05-09;0;0;0;0;0;0;0;0;0;0
FR;6;2021-05-10;0;0;0;0;0;0;0;0;0;0
FR;6;2021-05-11;0;0;0;0;0;0;0;0;0;0
FR;6;2021-05-12;0;0;0;0;0;0;0;0;0;0
FR;6;2021-05-13;0;0;0;0;0;0;0;0;0;0
FR;6;2021-05-14;0;0;0;0;0;0;0;0;0;0
FR;6;2021-05-15;0;0;0;0;0;0;0;0;0;0
FR;6;2021-05-16;0;0;0;0;0;0;0;0;0;0
FR;6;2021-05-17;0;0;0;0;0;0;0;0;0;0
FR;6;2021-05-18;0;0;0;0;0;0;0;0;0;0
FR;6;2021-05-19;0;0;0;0;0;0;0;0;0;0
FR;6;2021-05-20;0;0;0;0;0;0;0;0;0;0
FR;6;2021-05-21;0;0;0;0;0;0;0;0;0;0
FR;6;2021-05-22;0;0;0;0;0;0;0;0;0;0
FR;6;2021-05-23;0;0;0;0;0;0;0;0;0;0
FR;6;2021-05-24;0;0;0;0;0;0;0;0;0;0
FR;6;2021-05-25;0;0;0;0;0;0;0;0;0;0
FR;6;2021-05-26;0;0;0;0;0;0;0;0;0;0
FR;6;2021-05-27;0;0;0;0;0;0;0;0;0;0
FR;6;2021-05-28;0;0;0;0;0;0;0;0;0;0
FR;6;2021-05-29;0;0;0;0;0;0;0;0;0;0
FR;6;2021-05-30;0;0;0;0;0;0;0;0;0;0
FR;6;2021-05-31;0;0;0;0;0;0;0;0;0;0
FR;6;2021-06-01;0;0;0;0;0;0;0;0;0;0
FR;6;2021-06-02;0;0;0;0;0;0;0;0;0;0
FR;6;2021-06-03;0;0;0;0;0;0;0;0;0;0
FR;6;2021-06-04;0;0;0;0;0;0;0;0;0;0
FR;6;2021-06-05;0;0;0;0;0;0;0;0;0;0
FR;6;2021-06-06;0;0;0;0;0;0;0;0;0;0
FR;6;2021-06-07;0;0;0;0;0;0;0;0;0;0
FR;6;2021-06-08;0;0;0;0;0;0;0;0;0;0
FR;6;2021-06-09;0;0;0;0;0;0;0;0;0;0
FR;6;2021-06-10;0;0;0;0;0;0;0;0;0;0
FR;6;2021-06-11;0;0;0;0;0;0;0;0;0;0
FR;6;2021-06-12;0;0;0;0;0;0;0;0;0;0
FR;6;2021-06-13;0;0;0;0;0;0;0;0;0;0
FR;6;2021-06-14;0;0;0;0;0;0;0;0;0;0
FR;6;2021-06-15;0;0;0;0;0;0;0;0;0;0
FR;6;2021-06-16;0;0;0;0;0;0;0;0;0;0
FR;6;2021-06-17;0;0;0;0;0;0;0;0;0;0
FR;6;2021-06-18;0;0;0;0;0;0;0;0;0;0
FR;6;2021-06-19;0;0;0;0;0;0;0;0;0;0
FR;6;2021-06-20;0;0;0;0;0;0;0;0;0;0
FR;6;2021-06-21;0;0;0;0;0;0;0;0;0;0
FR;6;2021-06-22;0;0;0;0;0;0;0;0;0;0
FR;6;2021-06-23;0;0;0;0;0;0;0;0;0;0
FR;6;2021-06-24;0;0;0;0;0;0;0;0;0;0
FR;6;2021-06-25;0;0;0;0;0;0;0;0;0;0
FR;6;2021-06-26;0;0;0;0;0;0;0;0;0;0
FR;6;2021-06-27;0;0;0;0;0;0;0;0;0;0
FR;6;2021-06-28;0;0;0;0;0;0;0;0;0;0
FR;6;2021-06-29;0;0;0;0;0;0;0;0;0;0
FR;6;2021-06-30;0;0;0;0;0;0;0;0;0;0
FR;6;2021-07-01;0;0;0;0;0;0;0;0;0;0
FR;6;2021-07-02;0;0;0;0;0;0;0;0;0;0
FR;6;2021-07-03;0;0;0;0;0;0;0;0;0;0
FR;6;2021-07-04;0;0;0;0;0;0;0;0;0;0
FR;6;2021-07-05;0;0;0;0;0;0;0;0;0;0
FR;6;2021-07-06;0;0;0;0;0;0;0;0;0;0
FR;6;2021-07-07;0;0;0;0;0;0;0;0;0;0
FR;6;2021-07-08;0;0;0;0;0;0;0;0;0;0
FR;6;2021-07-09;0;0;0;0;0;0;0;0;0;0
FR;6;2021-07-10;0;0;0;0;0;0;0;0;0;0
FR;6;2021-07-11;0;0;0;0;0;0;0;0;0;0
FR;6;2021-07-12;0;0;0;0;0;0;0;0;0;0
FR;6;2021-07-13;0;0;0;0;0;0;0;0;0;0
FR;6;2021-07-14;0;0;0;0;0;0;0;0;0;0
FR;6;2021-07-15;0;0;0;0;0;0;0;0;0;0
FR;6;2021-07-16;0;0;0;0;0;0;0;0;0;0
FR;6;2021-07-17;0;0;0;0;0;0;0;0;0;0
FR;6;2021-07-18;0;0;0;0;0;0;0;0;0;0
FR;6;2021-07-19;0;0;0;0;0;0;0;0;0;0
FR;6;2021-07-20;0;0;0;0;0;0;0;0;0;0
FR;6;2021-07-21;0;0;0;0;0;0;0;0;0;0
FR;6;2021-07-22;0;0;0;0;0;0;0;0;0;0
FR;6;2021-07-23;0;0;0;0;0;0;0;0;0;0
FR;6;2021-07-24;0;0;0;0;0;0;0;0;0;0
FR;6;2021-07-25;0;0;0;0;0;0;0;0;0;0
FR;6;2021-07-26;0;0;0;0;0;0;0;0;0;0
FR;6;2021-07-27;0;0;0;0;0;0;0;0;0;0
FR;6;2021-07-28;0;0;0;0;0;0;0;0;0;0
FR;6;2021-07-29;0;0;0;0;0;0;0;0;0;0
FR;6;2021-07-30;0;0;0;0;0;0;0;0;0;0
FR;6;2021-07-31;0;0;0;0;0;0;0;0;0;0
FR;6;2021-08-01;0;0;0;0;0;0;0;0;0;0
FR;6;2021-08-02;0;0;0;0;0;0;0;0;0;0
FR;6;2021-08-03;0;0;0;0;0;0;0;0;0;0
FR;6;2021-08-04;0;0;0;0;0;0;0;0;0;0
FR;6;2021-08-05;0;0;0;0;0;0;0;0;0;0
FR;6;2021-08-06;0;0;0;0;0;0;0;0;0;0
FR;6;2021-08-07;0;0;0;0;0;0;0;0;0;0
FR;6;2021-08-08;0;0;0;0;0;0;0;0;0;0
FR;6;2021-08-09;0;0;0;0;0;0;0;0;0;0
FR;6;2021-08-10;0;0;0;0;0;0;0;0;0;0
FR;6;2021-08-11;0;0;0;0;0;0;0;0;0;0
FR;6;2021-08-12;0;0;0;0;0;0;0;0;0;0
FR;6;2021-08-13;0;0;0;0;0;0;0;0;0;0
FR;6;2021-08-14;0;0;0;0;0;0;0;0;0;0
FR;6;2021-08-15;0;0;0;0;0;0;0;0;0;0
FR;6;2021-08-16;0;0;0;0;0;0;0;0;0;0
FR;6;2021-08-17;0;0;0;0;0;0;0;0;0;0
FR;6;2021-08-18;0;0;0;0;0;0;0;0;0;0
FR;6;2021-08-19;0;0;0;0;0;0;0;0;0;0
FR;6;2021-08-20;0;0;0;0;0;0;0;0;0;0
FR;6;2021-08-21;0;0;0;0;0;0;0;0;0;0
FR;6;2021-08-22;0;0;0;0;0;0;0;0;0;0
FR;6;2021-08-23;0;0;0;0;0;0;0;0;0;0
FR;6;2021-08-24;0;0;0;0;0;0;0;0;0;0
FR;6;2021-08-25;0;0;0;0;0;0;0;0;0;0
FR;6;2021-08-26;0;0;0;0;0;0;0;0;0;0
FR;6;2021-08-27;0;0;0;0;0;0;0;0;0;0
FR;6;2021-08-28;0;0;0;0;0;0;0;0;0;0
FR;6;2021-08-29;0;0;0;0;0;0;0;0;0;0
FR;6;2021-08-30;0;0;0;0;0;0;0;0;0;0
FR;6;2021-08-31;0;0;0;0;0;0;0;0;0;0
FR;6;2021-09-01;0;0;0;0;0;0;0;0;0;0
FR;6;2021-09-02;0;0;0;0;0;0;0;0;0;0
FR;6;2021-09-03;0;0;0;0;0;0;0;0;0;0
FR;6;2021-09-04;0;0;0;0;0;0;0;0;0;0
FR;6;2021-09-05;0;0;0;0;0;0;0;0;0;0
FR;6;2021-09-06;0;0;0;0;0;0;0;0;0;0
FR;6;2021-09-07;0;0;0;0;0;0;0;0;0;0
FR;6;2021-09-08;0;0;0;0;0;0;0;0;0;0
FR;6;2021-09-09;0;0;0;0;0;0;0;0;0;0
FR;6;2021-09-10;0;0;0;0;0;0;0;0;0;0
FR;6;2021-09-11;0;0;0;0;0;0;0;0;0;0
FR;6;2021-09-12;0;0;0;0;0;0;0;0;0;0
FR;6;2021-09-13;0;0;0;0;0;0;0;0;0;0
FR;6;2021-09-14;0;0;0;0;0;0;0;0;0;0
FR;6;2021-09-15;0;0;0;0;0;0;0;0;0;0
FR;6;2021-09-16;0;0;0;0;0;0;0;0;0;0
FR;6;2021-09-17;0;0;0;0;0;0;0;0;0;0
FR;6;2021-09-18;0;0;0;0;0;0;0;0;0;0
FR;6;2021-09-19;0;0;0;0;0;0;0;0;0;0
FR;6;2021-09-20;0;0;0;0;0;0;0;0;0;0
FR;6;2021-09-21;0;0;0;0;0;0;0;0;0;0
FR;6;2021-09-22;0;0;0;0;0;0;0;0;0;0
FR;6;2021-09-23;0;0;0;0;0;0;0;0;0;0
FR;6;2021-09-24;0;0;0;0;0;0;0;0;0;0
FR;6;2021-09-25;0;0;0;0;0;0;0;0;0;0
FR;6;2021-09-26;0;0;0;0;0;0;0;0;0;0
FR;6;2021-09-27;0;0;0;0;0;0;0;0;0;0
FR;6;2021-09-28;0;0;0;0;0;0;0;0;0;0
FR;6;2021-09-29;0;0;0;0;0;0;0;0;0;0
FR;6;2021-09-30;0;0;0;0;0;0;0;0;0;0
FR;6;2021-10-01;0;0;0;0;0;0;0;0;0;0
FR;6;2021-10-02;0;0;0;0;0;0;0;0;0;0
FR;6;2021-10-03;0;0;0;0;0;0;0;0;0;0
FR;6;2021-10-04;0;0;0;0;0;0;0;0;0;0
FR;6;2021-10-05;0;0;0;0;0;0;0;0;0;0
FR;6;2021-10-06;0;0;0;0;0;0;0;0;0;0
FR;6;2021-10-07;0;0;0;0;0;0;0;0;0;0
FR;6;2021-10-08;0;0;0;0;0;0;0;0;0;0
FR;6;2021-10-09;0;0;0;0;0;0;0;0;0;0
FR;6;2021-10-10;0;0;0;0;0;0;0;0;0;0
FR;6;2021-10-11;0;0;0;0;0;0;0;0;0;0
FR;6;2021-10-12;0;0;0;0;0;0;0;0;0;0
FR;6;2021-10-13;0;0;0;0;0;0;0;0;0;0
FR;6;2021-10-14;0;0;0;0;0;0;0;0;0;0
FR;6;2021-10-15;0;0;0;0;0;0;0;0;0;0
FR;6;2021-10-16;0;0;0;0;0;0;0;0;0;0
FR;6;2021-10-17;0;0;0;0;0;0;0;0;0;0
FR;6;2021-10-18;0;0;0;0;0;0;0;0;0;0
FR;6;2021-10-19;0;0;0;0;0;0;0;0;0;0
FR;6;2021-10-20;0;0;0;0;0;0;0;0;0;0
FR;6;2021-10-21;0;0;0;0;0;0;0;0;0;0
FR;6;2021-10-22;0;0;0;0;0;0;0;0;0;0
FR;6;2021-10-23;0;0;0;0;0;0;0;0;0;0
FR;6;2021-10-24;0;0;0;0;0;0;0;0;0;0
FR;6;2021-10-25;0;0;0;0;0;0;0;0;0;0
FR;6;2021-10-26;0;0;0;0;0;0;0;0;0;0
FR;6;2021-10-27;0;0;0;0;0;0;0;0;0;0
FR;6;2021-10-28;0;0;0;0;0;0;0;0;0;0
FR;6;2021-10-29;0;0;0;0;0;0;0;0;0;0
FR;6;2021-10-30;0;0;0;0;0;0;0;0;0;0
FR;6;2021-10-31;0;0;0;0;0;0;0;0;0;0
FR;6;2021-11-01;0;0;0;0;0;0;0;0;0;0
FR;6;2021-11-02;0;0;0;0;0;0;0;0;0;0
FR;6;2021-11-03;0;0;0;0;0;0;0;0;0;0
FR;6;2021-11-04;0;0;0;0;0;0;0;0;0;0
FR;6;2021-11-05;0;0;0;0;0;0;0;0;0;0
FR;6;2021-11-06;0;0;0;0;0;0;0;0;0;0
FR;6;2021-11-07;0;0;0;0;0;0;0;0;0;0
FR;6;2021-11-08;0;0;0;0;0;0;0;0;0;0
FR;6;2021-11-09;0;0;0;0;0;0;0;0;0;0
FR;6;2021-11-10;0;0;0;0;0;0;0;0;0;0
FR;6;2021-11-11;0;0;0;0;0;0;0;0;0;0
FR;6;2021-11-12;0;0;0;0;0;0;0;0;0;0
FR;6;2021-11-13;0;0;0;0;0;0;0;0;0;0
FR;6;2021-11-14;0;0;0;0;0;0;0;0;0;0
FR;6;2021-11-15;0;0;0;0;0;0;0;0;0;0
FR;6;2021-11-16;0;0;0;0;0;0;0;0;0;0
FR;6;2021-11-17;0;0;0;0;0;0;0;0;0;0
FR;6;2021-11-18;0;0;0;0;0;0;0;0;0;0
FR;6;2021-11-19;0;0;0;0;0;0;0;0;0;0
FR;6;2021-11-20;0;0;0;0;0;0;0;0;0;0
FR;6;2021-11-21;0;0;0;0;0;0;0;0;0;0
FR;6;2021-11-22;0;0;0;0;0;0;0;0;0;0
FR;6;2021-11-23;0;0;0;0;0;0;0;0;0;0
FR;6;2021-11-24;0;0;0;0;0;0;0;0;0;0
FR;6;2021-11-25;0;0;0;0;0;0;0;0;0;0
FR;6;2021-11-26;0;0;0;0;0;0;0;0;0;0
FR;6;2021-11-27;0;0;0;0;0;0;0;0;0;0
FR;6;2021-11-28;0;0;0;0;0;0;0;0;0;0
FR;6;2021-11-29;0;0;0;0;0;0;0;0;0;0
FR;6;2021-11-30;0;0;0;0;0;0;0;0;0;0
FR;6;2021-12-01;0;0;0;0;0;0;0;0;0;0
FR;6;2021-12-02;0;0;0;0;0;0;0;0;0;0
FR;6;2021-12-03;0;0;0;0;0;0;0;0;0;0
FR;6;2021-12-04;0;0;0;0;0;0;0;0;0;0
FR;6;2021-12-05;0;0;0;0;0;0;0;0;0;0
FR;6;2021-12-06;0;0;0;0;0;0;0;0;0;0
FR;6;2021-12-07;0;0;0;0;0;0;0;0;0;0
FR;6;2021-12-08;0;0;0;0;0;0;0;0;0;0
FR;6;2021-12-09;0;0;0;0;0;0;0;0;0;0
FR;6;2021-12-10;0;0;0;0;0;0;0;0;0;0
FR;6;2021-12-11;0;0;0;0;0;0;0;0;0;0
FR;6;2021-12-12;0;0;0;0;0;0;0;0;0;0
FR;6;2021-12-13;0;0;0;0;0;0;0;0;0;0
FR;6;2021-12-14;0;0;0;0;0;0;0;0;0;0
FR;6;2021-12-15;0;0;0;0;0;0;0;0;0;0
FR;6;2021-12-16;0;0;0;0;0;0;0;0;0;0
FR;6;2021-12-17;0;0;0;0;0;0;0;0;0;0
FR;6;2021-12-18;0;0;0;0;0;0;0;0;0;0
FR;6;2021-12-19;0;0;0;0;0;0;0;0;0;0
FR;6;2021-12-20;0;0;0;0;0;0;0;0;0;0
FR;6;2021-12-21;0;0;0;0;0;0;0;0;0;0
FR;6;2021-12-22;0;0;0;0;0;0;0;0;0;0
FR;6;2021-12-23;0;0;0;0;0;0;0;0;0;0
FR;6;2021-12-24;0;0;0;0;0;0;0;0;0;0
FR;6;2021-12-25;0;0;0;0;0;0;0;0;0;0
FR;6;2021-12-26;0;0;0;0;0;0;0;0;0;0
FR;6;2021-12-27;0;0;0;0;0;0;0;0;0;0
FR;6;2021-12-28;0;0;0;0;0;0;0;0;0;0
FR;6;2021-12-29;0;0;0;0;0;0;0;0;0;0
FR;6;2021-12-30;0;0;0;0;0;0;0;0;0;0
FR;6;2021-12-31;0;0;0;0;0;0;0;0;0;0
FR;6;2022-01-01;0;0;0;0;0;0;0;0;0;0
FR;6;2022-01-02;0;0;0;0;0;0;0;0;0;0
FR;6;2022-01-03;0;0;0;0;0;0;0;0;0;0
FR;6;2022-01-04;0;0;0;0;0;0;0;0;0;0
FR;6;2022-01-05;0;0;0;0;0;0;0;0;0;0
FR;6;2022-01-06;0;0;0;0;0;0;0;0;0;0
FR;6;2022-01-07;0;0;0;0;0;0;0;0;0;0
FR;6;2022-01-08;0;0;0;0;0;0;0;0;0;0
FR;6;2022-01-09;0;0;0;0;0;0;0;0;0;0
FR;6;2022-01-10;0;0;0;0;0;0;0;0;0;0
FR;6;2022-01-11;0;0;0;0;0;0;0;0;0;0
FR;6;2022-01-12;0;0;0;0;0;0;0;0;0;0
FR;6;2022-01-13;0;0;0;0;0;0;0;0;0;0
FR;6;2022-01-14;0;0;0;0;0;0;0;0;0;0
FR;6;2022-01-15;0;0;0;0;0;0;0;0;0;0
FR;6;2022-01-16;0;0;0;0;0;0;0;0;0;0
FR;6;2022-01-17;0;0;0;0;0;0;0;0;0;0
FR;6;2022-01-18;0;0;0;0;0;0;0;0;0;0
FR;6;2022-01-19;0;0;0;0;0;0;0;0;0;0
FR;6;2022-01-20;0;0;0;0;0;0;0;0;0;0
FR;6;2022-01-21;0;0;0;0;0;0;0;0;0;0
FR;6;2022-01-22;0;0;0;0;0;0;0;0;0;0
FR;6;2022-01-23;0;0;0;0;0;0;0;0;0;0
FR;6;2022-01-24;0;0;0;0;0;0;0;0;0;0
FR;6;2022-01-25;0;0;0;0;0;0;0;0;0;0
FR;6;2022-01-26;0;0;0;0;0;0;0;0;0;0
FR;6;2022-01-27;0;0;0;0;0;0;0;0;0;0
FR;6;2022-01-28;0;0;0;0;0;0;0;0;0;0
FR;6;2022-01-29;0;0;0;0;0;0;0;0;0;0
FR;6;2022-01-30;0;0;0;0;0;0;0;0;0;0
FR;6;2022-01-31;0;0;0;0;0;0;0;0;0;0
FR;6;2022-02-01;0;0;0;0;0;0;0;0;0;0
FR;6;2022-02-02;0;0;0;0;0;0;0;0;0;0
FR;6;2022-02-03;0;0;0;0;0;0;0;0;0;0
FR;6;2022-02-04;0;0;0;0;0;0;0;0;0;0
FR;6;2022-02-05;0;0;0;0;0;0;0;0;0;0
FR;6;2022-02-06;0;0;0;0;0;0;0;0;0;0
FR;6;2022-02-07;0;0;0;0;0;0;0;0;0;0
FR;6;2022-02-08;0;0;0;0;0;0;0;0;0;0
FR;6;2022-02-09;0;0;0;0;0;0;0;0;0;0
FR;6;2022-02-10;0;0;0;0;0;0;0;0;0;0
FR;6;2022-02-11;0;0;0;0;0;0;0;0;0;0
FR;6;2022-02-12;0;0;0;0;0;0;0;0;0;0
FR;6;2022-02-13;0;0;0;0;0;0;0;0;0;0
FR;6;2022-02-14;0;0;0;0;0;0;0;0;0;0
FR;6;2022-02-15;0;0;0;0;0;0;0;0;0;0
FR;6;2022-02-16;0;0;0;0;0;0;0;0;0;0
FR;6;2022-02-17;0;0;0;0;0;0;0;0;0;0
FR;6;2022-02-18;0;0;0;0;0;0;0;0;0;0
FR;6;2022-02-19;0;0;0;0;0;0;0;0;0;0
FR;6;2022-02-20;0;0;0;0;0;0;0;0;0;0
FR;6;2022-02-21;0;0;0;0;0;0;0;0;0;0
FR;6;2022-02-22;0;0;0;0;0;0;0;0;0;0
FR;6;2022-02-23;0;0;0;0;0;0;0;0;0;0
FR;6;2022-02-24;0;0;0;0;0;0;0;0;0;0
FR;6;2022-02-25;0;0;0;0;0;0;0;0;0;0
FR;6;2022-02-26;1;0;0;0;0;1;0;0;0;0
FR;6;2022-02-27;0;0;0;0;0;1;0;0;0;0
FR;6;2022-02-28;0;0;0;0;0;1;0;0;0;0
FR;6;2022-03-01;3;0;0;0;0;4;0;0;0;0
FR;6;2022-03-02;97;9;2;0;7;101;9;2;0;7
FR;6;2022-03-03;0;0;0;0;0;101;9;2;0;7
FR;6;2022-03-04;91;4;0;0;4;192;13;2;0;11
FR;6;2022-03-05;391;23;2;0;14;583;36;4;0;25
FR;6;2022-03-06;7;1;0;0;0;590;37;4;0;25
FR;6;2022-03-07;337;19;0;0;13;927;56;4;0;38
FR;6;2022-03-08;230;14;0;0;5;1157;70;4;0;43
FR;6;2022-03-09;519;29;2;0;21;1676;99;6;0;64
FR;6;2022-03-10;206;19;0;1;12;1882;118;6;1;76
FR;6;2022-03-11;328;21;6;0;21;2210;139;12;1;97
FR;6;2022-03-12;518;25;1;0;20;2728;164;13;1;117
FR;6;2022-03-13;40;2;0;0;1;2768;166;13;1;118
FR;6;2022-03-14;201;4;2;0;3;2969;170;15;1;121
FR;6;2022-03-15;112;11;2;0;9;3081;181;17;1;130
FR;6;2022-03-16;310;17;1;1;14;3391;198;18;2;144
FR;6;2022-03-17;117;6;1;2;4;3508;204;19;4;148
FR;6;2022-03-18;215;10;0;0;6;3723;214;19;4;154
FR;6;2022-03-19;307;19;2;0;9;4030;233;21;4;163
FR;6;2022-03-20;15;5;0;0;1;4045;238;21;4;164
FR;6;2022-03-21;132;23;1;0;4;4177;261;22;4;168
FR;6;2022-03-22;97;15;0;0;4;4274;276;22;4;172
FR;6;2022-03-23;226;108;3;0;14;4500;384;25;4;186
FR;6;2022-03-24;100;15;1;3;4;4600;399;26;7;190
FR;6;2022-03-25;203;141;2;1;15;4803;540;28;8;205
FR;6;2022-03-26;331;295;7;1;19;5134;835;35;9;224
FR;6;2022-03-27;32;30;1;0;1;5166;865;36;9;225
FR;6;2022-03-28;200;208;8;1;17;5366;1073;44;10;242
FR;6;2022-03-29;126;189;12;2;12;5492;1262;56;12;254
FR;6;2022-03-30;305;476;10;2;22;5797;1738;66;14;276
FR;6;2022-03-31;124;140;10;0;14;5921;1878;76;14;290
FR;6;2022-04-01;195;150;11;2;23;6116;2028;87;16;313
FR;6;2022-04-02;205;241;9;1;13;6321;2269;96;17;326
FR;6;2022-04-03;17;21;0;0;1;6338;2290;96;17;327
FR;6;2022-04-04;132;114;6;1;9;6470;2404;102;18;336
FR;6;2022-04-05;145;88;15;1;11;6615;2492;117;19;347
FR;6;2022-04-06;204;245;22;26;27;6819;2737;139;45;374
FR;6;2022-04-07;127;96;15;9;17;6946;2833;154;54;391
FR;6;2022-04-08;199;170;16;3;17;7145;3003;170;57;408
FR;6;2022-04-09;145;139;6;12;13;7290;3142;176;69;421
FR;6;2022-04-10;10;20;3;0;1;7300;3162;179;69;422
FR;6;2022-04-11;101;106;4;0;5;7401;3268;183;69;427
FR;6;2022-04-12;136;75;5;8;10;7537;3343;188;77;437
FR;6;2022-04-13;161;175;7;5;13;7698;3518;195;82;450
FR;6;2022-04-14;100;103;5;10;8;7798;3621;200;92;458
FR;6;2022-04-15;160;148;11;7;19;7958;3769;211;99;477
FR;6;2022-04-16;127;132;5;0;14;8085;3901;216;99;491
FR;6;2022-04-17;8;9;4;0;4;8093;3910;220;99;495
FR;6;2022-04-18;8;15;3;0;4;8101;3925;223;99;499
FR;6;2022-04-19;97;112;4;3;3;8198;4037;227;102;502
FR;6;2022-04-20;173;227;8;7;15;8371;4264;235;109;517
FR;6;2022-04-21;111;93;8;4;11;8482;4357;243;113;528
FR;6;2022-04-22;138;160;13;12;13;8620;4517;256;125;541
FR;6;2022-04-23;106;129;1;1;7;8726;4646;257;126;548
FR;6;2022-04-24;5;21;1;0;0;8731;4667;258;126;548
FR;6;2022-04-25;90;128;3;8;11;8821;4795;261;134;559
FR;6;2022-04-26;101;128;18;2;16;8922;4923;279;136;575
FR;6;2022-04-27;197;159;21;1;27;9119;5082;300;137;602
FR;6;2022-04-28;109;87;7;1;8;9228;5169;307;138;610
FR;6;2022-04-29;191;168;16;2;20;9419;5337;323;140;630
FR;6;2022-04-30;133;125;7;1;24;9552;5462;330;141;654
FR;6;2022-05-01;7;6;0;0;0;9559;5468;330;141;654
FR;6;2022-05-02;94;65;3;4;3;9653;5533;333;145;657
FR;6;2022-05-03;137;92;11;2;7;9790;5625;344;147;664
FR;6;2022-05-04;167;118;25;12;29;9957;5743;369;159;693
FR;6;2022-05-05;101;70;8;3;12;10058;5813;377;162;705
FR;6;2022-05-06;152;110;10;9;16;10210;5923;387;171;721
FR;6;2022-05-07;138;93;13;3;23;10348;6016;400;174;744
FR;6;2022-05-08;20;8;6;5;7;10368;6024;406;179;751
FR;6;2022-05-09;86;73;9;7;13;10454;6097;415;186;764
FR;6;2022-05-10;111;80;15;7;12;10565;6177;430;193;776
FR;6;2022-05-11;130;120;11;14;20;10695;6297;441;207;796
FR;6;2022-05-12;105;76;7;5;15;10800;6373;448;212;811
FR;6;2022-05-13;154;95;17;21;20;10954;6468;465;233;831
FR;6;2022-05-14;81;60;6;7;15;11035;6528;471;240;846
FR;6;2022-05-15;12;7;0;0;0;11047;6535;471;240;846
FR;6;2022-05-16;64;54;6;2;12;11111;6589;477;242;858
FR;6;2022-05-17;123;77;5;7;11;11234;6666;482;249;869
FR;6;2022-05-18;131;116;5;1;13;11365;6782;487;250;882
FR;6;2022-05-19;124;57;6;8;9;11489;6839;493;258;891
FR;6;2022-05-20;127;115;13;3;18;11616;6954;506;261;909
FR;6;2022-05-21;92;69;14;3;12;11708;7023;520;264;921
FR;6;2022-05-22;19;12;5;0;4;11727;7035;525;264;925
FR;6;2022-05-23;77;72;4;2;7;11804;7107;529;266;932
FR;6;2022-05-24;116;98;8;2;16;11920;7205;537;268;948
FR;6;2022-05-25;139;129;6;3;11;12059;7334;543;271;959
FR;6;2022-05-26;7;9;3;0;9;12066;7343;546;271;968
FR;6;2022-05-27;127;105;15;11;18;12193;7448;561;282;986
FR;6;2022-05-28;52;75;1;5;8;12245;7523;562;287;994
FR;6;2022-05-29;8;10;0;0;1;12253;7533;562;287;995
FR;6;2022-05-30;70;70;7;4;4;12323;7603;569;291;999
FR;6;2022-05-31;87;102;10;2;14;12410;7705;579;293;1013
FR;6;2022-06-01;97;89;10;1;11;12507;7794;589;294;1024
FR;6;2022-06-02;88;60;6;3;9;12595;7854;595;297;1033
FR;6;2022-06-03;124;102;13;7;21;12719;7956;608;304;1054
FR;6;2022-06-04;62;51;10;0;12;12781;8007;618;304;1066
FR;6;2022-06-05;16;15;2;1;4;12797;8022;620;305;1070
FR;6;2022-06-06;9;6;0;0;0;12806;8028;620;305;1070
FR;6;2022-06-07;77;90;3;4;8;12883;8118;623;309;1078
FR;6;2022-06-08;92;110;13;5;20;12975;8228;636;314;1098
FR;6;2022-06-09;75;81;15;3;15;13050;8309;651;317;1113
FR;6;2022-06-10;116;92;26;9;22;13166;8401;677;326;1135
FR;6;2022-06-11;82;62;6;10;12;13248;8463;683;336;1147
FR;6;2022-06-12;6;14;1;0;2;13254;8477;684;336;1149
FR;6;2022-06-13;73;59;18;1;7;13327;8536;702;337;1156
FR;6;2022-06-14;98;100;7;5;16;13425;8636;709;342;1172
FR;6;2022-06-15;80;85;7;8;15;13505;8721;716;350;1187
FR;6;2022-06-16;53;40;11;7;14;13558;8761;727;357;1201
FR;6;2022-06-17;85;81;3;13;11;13643;8842;730;370;1212
FR;6;2022-06-18;72;60;12;0;20;13715;8902;742;370;1232
FR;6;2022-06-19;6;6;3;0;4;13721;8908;745;370;1236
FR;6;2022-06-20;40;41;3;1;5;13761;8949;748;371;1241
FR;6;2022-06-21;57;72;7;6;14;13818;9021;755;377;1255
FR;6;2022-06-22;83;84;8;2;17;13901;9105;763;379;1272
FR;6;2022-06-23;63;39;13;7;15;13964;9144;776;386;1287
FR;6;2022-06-24;70;82;6;14;16;14034;9226;782;400;1303
FR;6;2022-06-25;63;57;4;1;7;14097;9283;786;401;1310
FR;6;2022-06-26;5;7;1;0;1;14102;9290;787;401;1311
FR;6;2022-06-27;50;46;4;9;11;14152;9336;791;410;1322
FR;0;2020-12-27;604;0;0;0;0;604;0;0;0;0
FR;0;2020-12-28;672;1;0;0;0;1276;1;0;0;0
FR;0;2020-12-29;374;0;0;0;0;1650;1;0;0;0
FR;0;2020-12-30;441;0;0;0;0;2091;1;0;0;0
FR;0;2020-12-31;438;1;0;0;0;2529;2;0;0;0
FR;0;2021-01-01;1139;2;0;0;0;3668;4;0;0;0
FR;0;2021-01-02;359;3;0;0;0;4027;7;0;0;0
FR;0;2021-01-03;402;0;0;0;0;4429;7;0;0;0
FR;0;2021-01-04;2094;2;0;0;0;6523;9;0;0;0
FR;0;2021-01-05;7735;3;0;0;0;14258;12;0;0;0
FR;0;2021-01-06;12450;14;0;0;0;26708;26;0;0;0
FR;0;2021-01-07;29452;12;0;0;0;56160;38;0;0;0
FR;0;2021-01-08;37124;12;0;0;0;93284;50;0;0;0
FR;0;2021-01-09;11209;5;0;0;0;104493;55;0;0;0
FR;0;2021-01-10;6000;4;0;0;0;110493;59;0;0;0
FR;0;2021-01-11;39925;18;0;0;0;150418;77;0;0;0
FR;0;2021-01-12;62128;16;0;0;0;212546;93;0;0;0
FR;0;2021-01-13;65113;31;0;0;0;277659;124;0;0;0
FR;0;2021-01-14;83121;97;0;0;0;360780;221;0;0;0
FR;0;2021-01-15;68995;34;0;0;0;429775;255;0;0;0
FR;0;2021-01-16;20210;69;0;0;0;449985;324;0;0;0
FR;0;2021-01-17;10978;49;0;0;0;460963;373;0;0;0
FR;0;2021-01-18;85887;164;0;0;0;546850;537;0;0;0
FR;0;2021-01-19;130585;174;0;0;0;677435;711;0;0;0
FR;0;2021-01-20;137531;181;0;0;0;814966;892;0;0;0
FR;0;2021-01-21;158388;167;0;0;0;973354;1059;0;0;0
FR;0;2021-01-22;121048;211;0;0;0;1094402;1270;0;0;0
FR;0;2021-01-23;38470;67;0;0;0;1132872;1337;0;0;0
FR;0;2021-01-24;9741;79;0;0;0;1142613;1416;0;0;0
FR;0;2021-01-25;78226;1291;0;0;0;1220839;2707;0;0;0
FR;0;2021-01-26;100366;3315;1;0;0;1321205;6022;1;0;0
FR;0;2021-01-27;107228;5962;0;0;0;1428433;11984;1;0;0
FR;0;2021-01-28;124338;15158;0;0;0;1552771;27142;1;0;0
FR;0;2021-01-29;92174;17824;0;0;0;1644945;44966;1;0;0
FR;0;2021-01-30;29114;4335;0;0;0;1674059;49301;1;0;0
FR;0;2021-01-31;5229;1750;0;0;0;1679288;51051;1;0;0
FR;0;2021-02-01;53108;21628;0;0;0;1732396;72679;1;0;0
FR;0;2021-02-02;72288;35979;0;0;0;1804684;108658;1;0;0
FR;0;2021-02-03;72297;38332;0;0;0;1876981;146990;1;0;0
FR;0;2021-02-04;82055;51978;0;0;0;1959036;198968;1;0;0
FR;0;2021-02-05;68216;46267;0;0;0;2027252;245235;1;0;0
FR;0;2021-02-06;23082;10815;0;0;0;2050334;256050;1;0;0
FR;0;2021-02-07;5184;5383;0;0;0;2055518;261433;1;0;0
FR;0;2021-02-08;46824;47073;0;0;0;2102342;308506;1;0;0
FR;0;2021-02-09;65995;75010;0;0;0;2168337;383516;1;0;0
FR;0;2021-02-10;70994;79735;0;0;0;2239331;463251;1;0;0
FR;0;2021-02-11;87251;101833;0;0;0;2326582;565084;1;0;0
FR;0;2021-02-12;79300;75117;0;0;0;2405882;640201;1;0;0
FR;0;2021-02-13;22361;19497;0;0;0;2428243;659698;1;0;0
FR;0;2021-02-14;5071;7290;0;0;0;2433314;666988;1;0;0
FR;0;2021-02-15;38075;76632;0;0;0;2471389;743620;1;0;0
FR;0;2021-02-16;50376;100538;0;0;0;2521765;844158;1;0;0
FR;0;2021-02-17;50514;104926;6;0;0;2572279;949084;7;0;0
FR;0;2021-02-18;69767;120883;0;0;0;2642046;1069967;7;0;0
FR;0;2021-02-19;65054;91166;1;0;0;2707100;1161133;8;0;0
FR;0;2021-02-20;18576;28591;0;0;0;2725676;1189724;8;0;0
FR;0;2021-02-21;3314;6265;0;0;0;2728990;1195989;8;0;0
FR;0;2021-02-22;37488;73237;2;0;0;2766478;1269226;10;0;0
FR;0;2021-02-23;53766;84472;1;0;0;2820244;1353698;11;0;0
FR;0;2021-02-24;59988;81861;1;0;0;2880232;1435559;12;0;0
FR;0;2021-02-25;100552;91457;1;0;0;2980784;1527016;13;0;0
FR;0;2021-02-26;113438;70704;1;0;0;3094222;1597720;14;0;0
FR;0;2021-02-27;52092;22166;1;0;0;3146314;1619886;15;0;0
FR;0;2021-02-28;6193;4251;2;0;0;3152507;1624137;17;0;0
FR;0;2021-03-01;65846;53328;1;0;0;3218353;1677465;18;0;0
FR;0;2021-03-02;101358;66692;2;0;0;3319711;1744157;20;0;0
FR;0;2021-03-03;116485;65546;0;0;0;3436196;1809703;20;0;0
FR;0;2021-03-04;163600;70572;3;0;0;3599796;1880275;23;0;0
FR;0;2021-03-05;200892;63024;3;0;0;3800688;1943299;26;0;0
FR;0;2021-03-06;207937;17710;3;0;0;4008625;1961009;29;0;0
FR;0;2021-03-07;121259;4888;1;0;0;4129884;1965897;30;0;0
FR;0;2021-03-08;107125;50230;2;0;0;4237009;2016127;32;0;0
FR;0;2021-03-09;172429;56429;2;0;0;4409438;2072556;34;0;0
FR;0;2021-03-10;178951;57104;5;0;0;4588389;2129660;39;0;0
FR;0;2021-03-11;242843;63595;2;0;0;4831232;2193255;41;0;0
FR;0;2021-03-12;294788;53377;1;0;0;5126020;2246632;42;0;0
FR;0;2021-03-13;231380;15319;1;0;0;5357400;2261951;43;0;0
FR;0;2021-03-14;63344;3248;1;0;0;5420744;2265199;44;0;0
FR;0;2021-03-15;158614;32103;3;0;0;5579358;2297302;47;0;0
FR;0;2021-03-16;141550;39107;6;0;0;5720908;2336409;53;0;0
FR;0;2021-03-17;150457;38182;4;0;0;5871365;2374591;57;0;0
FR;0;2021-03-18;167795;44564;5;0;0;6039160;2419155;62;0;0
FR;0;2021-03-19;229976;37099;2;0;0;6269136;2456254;64;0;0
FR;0;2021-03-20;166653;11546;1;0;0;6435789;2467800;65;0;0
FR;0;2021-03-21;49923;2436;1;0;0;6485712;2470236;66;0;0
FR;0;2021-03-22;170007;33936;2;0;0;6655719;2504172;68;0;0
FR;0;2021-03-23;250340;42388;1;0;0;6906059;2546560;69;0;0
FR;0;2021-03-24;256869;43613;0;0;0;7162928;2590173;69;0;0
FR;0;2021-03-25;341779;44904;5;0;0;7504707;2635077;74;0;0
FR;0;2021-03-26;358761;41886;4;1;0;7863468;2676963;78;1;0
FR;0;2021-03-27;195242;16756;1;0;0;8058710;2693719;79;1;0
FR;0;2021-03-28;59328;4085;3;0;0;8118038;2697804;82;1;0
FR;0;2021-03-29;202944;53907;4;0;0;8320982;2751711;86;1;0
FR;0;2021-03-30;285448;69689;4;0;0;8606430;2821400;90;1;0
FR;0;2021-03-31;262988;73346;4;0;0;8869418;2894746;94;1;0
FR;0;2021-04-01;315414;89718;11;0;0;9184832;2984464;105;1;0
FR;0;2021-04-02;281298;92969;7;0;0;9466130;3077433;112;1;0
FR;0;2021-04-03;141055;62014;5;0;0;9607185;3139447;117;1;0
FR;0;2021-04-04;46513;18765;2;0;0;9653698;3158212;119;1;0
FR;0;2021-04-05;63315;10754;11;0;0;9717013;3168966;130;1;0
FR;0;2021-04-06;217171;109657;17;0;0;9934184;3278623;147;1;0
FR;0;2021-04-07;260219;115379;17;0;0;10194403;3394002;164;1;0
FR;0;2021-04-08;337766;121936;14;0;0;10532169;3515938;178;1;0
FR;0;2021-04-09;410098;116437;49;0;0;10942267;3632375;227;1;0
FR;0;2021-04-10;212592;82665;15;0;0;11154859;3715040;242;1;0
FR;0;2021-04-11;56130;34396;7;0;0;11210989;3749436;249;1;0
FR;0;2021-04-12;237023;115293;45;0;0;11448012;3864729;294;1;0
FR;0;2021-04-13;309435;144425;98;1;0;11757447;4009154;392;2;0
FR;0;2021-04-14;294472;139360;214;0;0;12051919;4148514;606;2;0
FR;0;2021-04-15;337036;148641;338;0;0;12388955;4297155;944;2;0
FR;0;2021-04-16;339239;145997;353;0;0;12728194;4443152;1297;2;0
FR;0;2021-04-17;188629;89999;109;0;0;12916823;4533151;1406;2;0
FR;0;2021-04-18;51607;35358;47;0;0;12968430;4568509;1453;2;0
FR;0;2021-04-19;205652;138202;456;0;0;13174082;4706711;1909;2;0
FR;0;2021-04-20;254362;171008;569;0;0;13428444;4877719;2478;2;0
FR;0;2021-04-21;253201;169245;834;0;0;13681645;5046964;3312;2;0
FR;0;2021-04-22;287507;188981;818;0;0;13969152;5235945;4130;2;0
FR;0;2021-04-23;297906;183496;747;0;0;14267058;5419441;4877;2;0
FR;0;2021-04-24;190424;111603;252;0;0;14457482;5531044;5129;2;0
FR;0;2021-04-25;69547;38756;51;0;0;14527029;5569800;5180;2;0
FR;0;2021-04-26;220915;156531;560;0;0;14747944;5726331;5740;2;0
FR;0;2021-04-27;284560;187433;940;0;0;15032504;5913764;6680;2;0
FR;0;2021-04-28;299457;183383;1423;1;1;15331961;6097147;8103;3;1
FR;0;2021-04-29;357072;196761;1277;0;0;15689033;6293908;9380;3;1
FR;0;2021-04-30;372155;184932;1120;1;0;16061188;6478840;10500;4;1
FR;0;2021-05-01;167614;52487;178;0;0;16228802;6531327;10678;4;1
FR;0;2021-05-02;91716;37752;83;0;0;16320518;6569079;10761;4;1
FR;0;2021-05-03;288877;168010;840;0;0;16609395;6737089;11601;4;1
FR;0;2021-05-04;315622;224512;1231;0;0;16925017;6961601;12832;4;1
FR;0;2021-05-05;327132;224947;1313;0;0;17252149;7186548;14145;4;1
FR;0;2021-05-06;379460;239611;1631;0;0;17631609;7426159;15776;4;1
FR;0;2021-05-07;372702;257466;1222;0;0;18004311;7683625;16998;4;1
FR;0;2021-05-08;222142;67863;299;0;0;18226453;7751488;17297;4;1
FR;0;2021-05-09;129685;46186;243;0;0;18356138;7797674;17540;4;1
FR;0;2021-05-10;313337;228872;1234;0;0;18669475;8026546;18774;4;1
FR;0;2021-05-11;403846;257884;1563;0;0;19073321;8284430;20337;4;1
FR;0;2021-05-12;434051;233197;1542;0;0;19507372;8517627;21879;4;1
FR;0;2021-05-13;338564;56889;430;0;0;19845936;8574516;22309;4;1
FR;0;2021-05-14;454069;167325;1124;0;0;20300005;8741841;23433;4;1
FR;0;2021-05-15;374936;94101;443;0;0;20674941;8835942;23876;4;1
FR;0;2021-05-16;202732;20760;168;0;0;20877673;8856702;24044;4;1
FR;0;2021-05-17;376082;148835;1552;0;0;21253755;9005537;25596;4;1
FR;0;2021-05-18;460090;153240;1987;0;0;21713845;9158777;27583;4;1
FR;0;2021-05-19;467340;144399;2458;0;0;22181185;9303176;30041;4;1
FR;0;2021-05-20;507478;160298;2333;0;0;22688663;9463474;32374;4;1
FR;0;2021-05-21;489617;174493;1988;0;0;23178280;9637967;34362;4;1
FR;0;2021-05-22;347158;79935;668;0;0;23525438;9717902;35030;4;1
FR;0;2021-05-23;161675;14367;246;0;0;23687113;9732269;35276;4;1
FR;0;2021-05-24;263159;33176;602;0;0;23950272;9765445;35878;4;1
FR;0;2021-05-25;400226;189413;2350;1;0;24350498;9954858;38228;5;1
FR;0;2021-05-26;413411;188846;2221;0;0;24763909;10143704;40449;5;1
FR;0;2021-05-27;449757;218933;2159;0;0;25213666;10362637;42608;5;1
FR;0;2021-05-28;429508;259619;1891;0;0;25643174;10622256;44499;5;1
FR;0;2021-05-29;298956;149520;583;0;0;25942130;10771776;45082;5;1
FR;0;2021-05-30;107128;32586;163;0;0;26049258;10804362;45245;5;1
FR;0;2021-05-31;357993;203307;1467;1;1;26407251;11007669;46712;6;2
FR;0;2021-06-01;430921;251226;1959;1;1;26838172;11258895;48671;7;3
FR;0;2021-06-02;419767;231022;1980;0;0;27257939;11489917;50651;7;3
FR;0;2021-06-03;465330;258366;1821;0;0;27723269;11748283;52472;7;3
FR;0;2021-06-04;455816;304817;1729;1;1;28179085;12053100;54201;8;4
FR;0;2021-06-05;304769;189025;651;0;0;28483854;12242125;54852;8;4
FR;0;2021-06-06;133279;49123;226;0;0;28617133;12291248;55078;8;4
FR;0;2021-06-07;339265;261884;1519;0;0;28956398;12553132;56597;8;4
FR;0;2021-06-08;393644;290884;1800;0;0;29350042;12844016;58397;8;4
FR;0;2021-06-09;384734;275209;1729;0;0;29734776;13119225;60126;8;4
FR;0;2021-06-10;404082;288643;1722;1;0;30138858;13407868;61848;9;4
FR;0;2021-06-11;386585;357080;1462;0;0;30525443;13764948;63310;9;4
FR;0;2021-06-12;283226;211235;491;0;0;30808669;13976183;63801;9;4
FR;0;2021-06-13;104844;73950;204;0;0;30913513;14050133;64005;9;4
FR;0;2021-06-14;240766;355367;1426;1;0;31154279;14405500;65431;10;4
FR;0;2021-06-15;308064;385485;1565;1;0;31462343;14790985;66996;11;4
FR;0;2021-06-16;313925;357675;1417;1;0;31776268;15148660;68413;12;4
FR;0;2021-06-17;317614;372551;1422;1;0;32093882;15521211;69835;13;4
FR;0;2021-06-18;321683;442464;1334;1;0;32415565;15963675;71169;14;4
FR;0;2021-06-19;224323;273786;448;0;0;32639888;16237461;71617;14;4
FR;0;2021-06-20;74385;102564;127;0;0;32714273;16340025;71744;14;4
FR;0;2021-06-21;195692;401857;1033;1;1;32909965;16741882;72777;15;5
FR;0;2021-06-22;223123;467419;1262;10;2;33133088;17209301;74039;25;7
FR;0;2021-06-23;233973;439893;1196;1;1;33367061;17649194;75235;26;8
FR;0;2021-06-24;241811;409587;1352;0;0;33608872;18058781;76587;26;8
FR;0;2021-06-25;227597;522300;1398;0;0;33836469;18581081;77985;26;8
FR;0;2021-06-26;153221;370768;586;1;0;33989690;18951849;78571;27;8
FR;0;2021-06-27;55878;156189;168;1;0;34045568;19108038;78739;28;8
FR;0;2021-06-28;154643;452855;1169;0;0;34200211;19560893;79908;28;8
FR;0;2021-06-29;182565;506903;2124;0;0;34382776;20067796;82032;28;8
FR;0;2021-06-30;203867;483458;2010;21;2;34586643;20551254;84042;49;10
FR;0;2021-07-01;231157;457861;2221;5;1;34817800;21009115;86263;54;11
FR;0;2021-07-02;228397;520201;2119;5;2;35046197;21529316;88382;59;13
FR;0;2021-07-03;141962;368740;909;3;1;35188159;21898056;89291;62;14
FR;0;2021-07-04;56697;141234;265;0;0;35244856;22039290;89556;62;14
FR;0;2021-07-05;168297;419261;1668;8;2;35413153;22458551;91224;70;16
FR;0;2021-07-06;196610;474788;1828;45;8;35609763;22933339;93052;115;24
FR;0;2021-07-07;213004;439288;1878;24;5;35822767;23372627;94930;139;29
FR;0;2021-07-08;231491;424166;2089;20;6;36054258;23796793;97019;159;35
FR;0;2021-07-09;228380;510887;2182;4;2;36282638;24307680;99201;163;37
FR;0;2021-07-10;148546;339881;982;1;1;36431184;24647561;100183;164;38
FR;0;2021-07-11;60155;110143;282;0;0;36491339;24757704;100465;164;38
FR;0;2021-07-12;169001;478170;1758;4;0;36660340;25235874;102223;168;38
FR;0;2021-07-13;287093;527382;2045;8;1;36947433;25763256;104268;176;39
FR;0;2021-07-14;180928;157690;434;0;0;37128361;25920946;104702;176;39
FR;0;2021-07-15;346938;502422;2098;1;0;37475299;26423368;106800;177;39
FR;0;2021-07-16;379953;495874;2022;3;1;37855252;26919242;108822;180;40
FR;0;2021-07-17;259668;319790;876;1;0;38114920;27239032;109698;181;40
FR;0;2021-07-18;109671;114769;310;0;0;38224591;27353801;110008;181;40
FR;0;2021-07-19;285344;424929;1628;3;0;38509935;27778730;111636;184;40
FR;0;2021-07-20;376764;452334;1722;0;0;38886699;28231064;113358;184;40
FR;0;2021-07-21;395656;407805;1549;4;2;39282355;28638869;114907;188;42
FR;0;2021-07-22;440932;388049;1715;4;2;39723287;29026918;116622;192;44
FR;0;2021-07-23;440178;423069;1880;4;2;40163465;29449987;118502;196;46
FR;0;2021-07-24;285189;269590;803;1;0;40448654;29719577;119305;197;46
FR;0;2021-07-25;121061;80028;230;0;0;40569715;29799605;119535;197;46
FR;0;2021-07-26;347296;323092;1615;3;2;40917011;30122697;121150;200;48
FR;0;2021-07-27;463938;320186;1696;4;2;41380949;30442883;122846;204;50
FR;0;2021-07-28;459332;289930;1634;4;2;41840281;30732813;124480;208;52
FR;0;2021-07-29;489709;276850;1794;2;1;42329990;31009663;126274;210;53
FR;0;2021-07-30;461672;302836;1936;5;2;42791662;31312499;128210;215;55
FR;0;2021-07-31;285354;185071;914;1;0;43077016;31497570;129124;216;55
FR;0;2021-08-01;111952;49990;253;0;0;43188968;31547560;129377;216;55
FR;0;2021-08-02;341261;234542;1599;2;0;43530229;31782102;130976;218;55
FR;0;2021-08-03;398458;244982;1718;2;1;43928687;32027084;132694;220;56
FR;0;2021-08-04;384699;210044;1591;6;3;44313386;32237128;134285;226;59
FR;0;2021-08-05;366019;228869;1709;0;0;44679405;32465997;135994;226;59
FR;0;2021-08-06;359609;271650;1834;4;1;45039014;32737647;137828;230;60
FR;0;2021-08-07;213054;178377;755;4;3;45252068;32916024;138583;234;63
FR;0;2021-08-08;74143;63231;270;0;0;45326211;32979255;138853;234;63
FR;0;2021-08-09;258616;259423;1544;4;3;45584827;33238678;140397;238;66
FR;0;2021-08-10;306690;277955;1657;2;1;45891517;33516633;142054;240;67
FR;0;2021-08-11;279594;260143;1441;5;1;46171111;33776776;143495;245;68
FR;0;2021-08-12;271429;278609;1661;3;1;46442540;34055385;145156;248;69
FR;0;2021-08-13;252065;277986;1591;3;2;46694605;34333371;146747;251;71
FR;0;2021-08-14;145299;197314;739;0;0;46839904;34530685;147486;251;71
FR;0;2021-08-15;39325;50114;216;1;0;46879229;34580799;147702;252;71
FR;0;2021-08-16;186080;318081;1539;0;0;47065309;34898880;149241;252;71
FR;0;2021-08-17;215584;336467;1635;7;1;47280893;35235347;150876;259;72
FR;0;2021-08-18;198976;324753;1596;7;4;47479869;35560100;152472;266;76
FR;0;2021-08-19;191937;325780;1637;1;0;47671806;35885880;154109;267;76
FR;0;2021-08-20;186386;366435;1814;3;2;47858192;36252315;155923;270;78
FR;0;2021-08-21;104770;238159;704;0;0;47962962;36490474;156627;270;78
FR;0;2021-08-22;31895;87205;253;1;1;47994857;36577679;156880;271;79
FR;0;2021-08-23;140910;357263;1560;3;1;48135767;36934942;158440;274;80
FR;0;2021-08-24;162420;376880;1847;5;1;48298187;37311822;160287;279;81
FR;0;2021-08-25;151081;350884;2030;8;3;48449268;37662706;162317;287;84
FR;0;2021-08-26;142789;342884;2555;10;1;48592057;38005590;164872;297;85
FR;0;2021-08-27;148385;388298;2789;11;3;48740442;38393888;167661;308;88
FR;0;2021-08-28;90626;249592;1404;0;0;48831068;38643480;169065;308;88
FR;0;2021-08-29;27304;83344;517;1;0;48858372;38726824;169582;309;88
FR;0;2021-08-30;117340;324873;4709;6;6012;48975712;39051697;174291;315;6100
FR;0;2021-08-31;128719;334613;10179;19;11850;49104431;39386310;184470;334;17950
FR;0;2021-09-01;135834;285712;22423;7;24335;49240265;39672022;206893;341;42285
FR;0;2021-09-02;112990;247305;26512;13;28884;49353255;39919327;233405;354;71169
FR;0;2021-09-03;118227;292729;29958;23;32973;49471482;40212056;263363;377;104142
FR;0;2021-09-04;89860;217758;12584;12;14090;49561342;40429814;275947;389;118232
FR;0;2021-09-05;21348;44861;4391;2;4734;49582690;40474675;280338;391;122966
FR;0;2021-09-06;75351;180771;31947;16;34244;49658041;40655446;312285;407;157210
FR;0;2021-09-07;80166;181263;33238;40;36143;49738207;40836709;345523;447;193353
FR;0;2021-09-08;90216;206214;29654;26;32471;49828423;41042923;375177;473;225824
FR;0;2021-09-09;76776;165419;33044;26;36541;49905199;41208342;408221;499;262365
FR;0;2021-09-10;95788;203728;35721;26;40538;50000987;41412070;443942;525;302903
FR;0;2021-09-11;66951;169245;12136;19;14330;50067938;41581315;456078;544;317233
FR;0;2021-09-12;12808;32089;2768;1;3160;50080746;41613404;458846;545;320393
FR;0;2021-09-13;64432;126340;41212;33;44089;50145178;41739744;500058;578;364482
FR;0;2021-09-14;73378;129143;56349;79;62117;50218556;41868887;556407;657;426599
FR;0;2021-09-15;76468;167897;55634;58;54788;50295024;42036784;612041;715;481387
FR;0;2021-09-16;63785;114583;60041;84;60041;50358809;42151367;672082;799;541428
FR;0;2021-09-17;75005;156861;53832;71;57249;50433814;42308228;725914;870;598677
FR;0;2021-09-18;48202;139605;15600;25;17293;50482016;42447833;741514;895;615970
FR;0;2021-09-19;7871;23714;2435;1;2619;50489887;42471547;743949;896;618589
FR;0;2021-09-20;44488;93933;50030;73;50265;50534375;42565480;793979;969;668854
FR;0;2021-09-21;45836;98459;62739;76;63405;50580211;42663939;856718;1045;732259
FR;0;2021-09-22;48634;142323;55338;83;55366;50628845;42806262;912056;1128;787625
FR;0;2021-09-23;43207;92043;62361;94;63490;50672052;42898305;974417;1222;851115
FR;0;2021-09-24;52257;133337;54533;109;59123;50724309;43031642;1028950;1331;910238
FR;0;2021-09-25;35199;115562;16266;37;18261;50759508;43147204;1045216;1368;928499
FR;0;2021-09-26;5529;17811;2268;5;2329;50765037;43165015;1047484;1373;930828
FR;0;2021-09-27;33938;76978;47180;97;48148;50798975;43241993;1094664;1470;978976
FR;0;2021-09-28;36478;75291;54945;88;56506;50835453;43317284;1149609;1558;1035482
FR;0;2021-09-29;44354;100842;53326;112;54825;50879807;43418126;1202935;1670;1090307
FR;0;2021-09-30;36280;72884;57017;96;59507;50916087;43491010;1259952;1766;1149814
FR;0;2021-10-01;61600;101233;57785;108;63730;50977687;43592243;1317737;1874;1213544
FR;0;2021-10-02;39433;78394;20953;38;23325;51017120;43670637;1338690;1912;1236869
FR;0;2021-10-03;5278;10522;2525;4;2539;51022398;43681159;1341215;1916;1239408
FR;0;2021-10-04;35088;58571;52609;84;54787;51057486;43739730;1393824;2000;1294195
FR;0;2021-10-05;33746;64353;60975;135;64947;51091232;43804083;1454799;2135;1359142
FR;0;2021-10-06;42575;79302;65707;113;68258;51133807;43883385;1520506;2248;1427400
FR;0;2021-10-07;30468;62188;65390;90;68680;51164275;43945573;1585896;2338;1496080
FR;0;2021-10-08;48938;91834;77725;110;84636;51213213;44037407;1663621;2448;1580716
FR;0;2021-10-09;33639;60902;31526;35;33871;51246852;44098309;1695147;2483;1614587
FR;0;2021-10-10;4674;7445;3187;9;3485;51251526;44105754;1698334;2492;1618072
FR;0;2021-10-11;30666;49884;61024;105;64026;51282192;44155638;1759358;2597;1682098
FR;0;2021-10-12;31515;54439;70575;140;75854;51313707;44210077;1829933;2737;1757952
FR;0;2021-10-13;40056;62842;74404;136;79267;51353763;44272919;1904337;2873;1837219
FR;0;2021-10-14;30260;52906;68730;116;73772;51384023;44325825;1973067;2989;1910991
FR;0;2021-10-15;44771;75289;93218;191;102912;51428794;44401114;2066285;3180;2013903
FR;0;2021-10-16;31291;44107;36685;44;39616;51460085;44445221;2102970;3224;2053519
FR;0;2021-10-17;3833;5268;3592;2;3686;51463918;44450489;2106562;3226;2057205
FR;0;2021-10-18;28503;42483;67473;133;71347;51492421;44492972;2174035;3359;2128552
FR;0;2021-10-19;27072;44936;76382;140;81610;51519493;44537908;2250417;3499;2210162
FR;0;2021-10-20;35251;52503;96915;181;101491;51554744;44590411;2347332;3680;2311653
FR;0;2021-10-21;25982;45205;83930;112;89118;51580726;44635616;2431262;3792;2400771
FR;0;2021-10-22;38224;62450;104869;200;112509;51618950;44698066;2536131;3992;2513280
FR;0;2021-10-23;26981;41234;45443;57;48610;51645931;44739300;2581574;4049;2561890
FR;0;2021-10-24;2912;4797;3679;6;3938;51648843;44744097;2585253;4055;2565828
FR;0;2021-10-25;25992;36339;82313;144;86615;51674835;44780436;2667566;4199;2652443
FR;0;2021-10-26;23700;35113;87215;166;92322;51698535;44815549;2754781;4365;2744765
FR;0;2021-10-27;30053;46432;108975;257;114636;51728588;44861981;2863756;4622;2859401
FR;0;2021-10-28;23494;34946;88669;153;94415;51752082;44896927;2952425;4775;2953816
FR;0;2021-10-29;31527;51488;117291;204;125282;51783609;44948415;3069716;4979;3079098
FR;0;2021-10-30;20542;33224;50327;76;53356;51804151;44981639;3120043;5055;3132454
FR;0;2021-10-31;2482;3747;3587;3;3870;51806633;44985386;3123630;5058;3136324
FR;0;2021-11-01;8294;4825;3203;3;3559;51814927;44990211;3126833;5061;3139883
FR;0;2021-11-02;25433;40116;93544;156;99494;51840360;45030327;3220377;5217;3239377
FR;0;2021-11-03;29877;47966;118852;218;125804;51870237;45078293;3339229;5435;3365181
FR;0;2021-11-04;23719;37520;107514;217;114341;51893956;45115813;3446743;5652;3479522
FR;0;2021-11-05;32312;52936;141597;234;151273;51926268;45168749;3588340;5886;3630795
FR;0;2021-11-06;21503;34582;64849;123;68246;51947771;45203331;3653189;6009;3699041
FR;0;2021-11-07;2385;4216;5183;6;5590;51950156;45207547;3658372;6015;3704631
FR;0;2021-11-08;20499;37835;127162;227;134232;51970655;45245382;3785534;6242;3838863
FR;0;2021-11-09;22262;44811;161641;341;172160;51992917;45290193;3947175;6583;4011023
FR;0;2021-11-10;31446;55119;186947;446;198709;52024363;45345312;4134122;7029;4209732
FR;0;2021-11-11;4429;6752;12938;28;13938;52028792;45352064;4147060;7057;4223670
FR;0;2021-11-12;29016;55139;183729;252;197289;52057808;45407203;4330789;7309;4420959
FR;0;2021-11-13;20328;32716;80679;118;86293;52078136;45439919;4411468;7427;4507252
FR;0;2021-11-14;2340;3924;7167;6;7870;52080476;45443843;4418635;7433;4515122
FR;0;2021-11-15;20404;38781;160808;313;171489;52100880;45482624;4579443;7746;4686611
FR;0;2021-11-16;23460;44081;200340;391;214923;52124340;45526705;4779783;8137;4901534
FR;0;2021-11-17;30397;50456;199793;407;212807;52154737;45577161;4979576;8544;5114341
FR;0;2021-11-18;23380;45180;191609;469;205455;52178117;45622341;5171185;9013;5319796
FR;0;2021-11-19;33575;61404;243144;548;262096;52211692;45683745;5414329;9561;5581892
FR;0;2021-11-20;25389;36779;102127;206;109678;52237081;45720524;5516456;9767;5691570
FR;0;2021-11-21;2625;4551;9644;18;10635;52239706;45725075;5526100;9785;5702205
FR;0;2021-11-22;22756;33374;180305;470;194773;52262462;45758449;5706405;10255;5896978
FR;0;2021-11-23;25586;45718;229321;548;247751;52288048;45804167;5935726;10803;6144729
FR;0;2021-11-24;31779;53856;224749;717;243157;52319827;45858023;6160475;11520;6387886
FR;0;2021-11-25;25463;49215;255859;739;277654;52345290;45907238;6416334;12259;6665540
FR;0;2021-11-26;33223;74827;379413;864;414548;52378513;45982065;6795747;13123;7080088
FR;0;2021-11-27;23361;49733;214863;389;236605;52401874;46031798;7010610;13512;7316693
FR;0;2021-11-28;3497;10578;56735;66;63343;52405371;46042376;7067345;13578;7380036
FR;0;2021-11-29;19393;54239;341404;863;371593;52424764;46096615;7408749;14441;7751629
FR;0;2021-11-30;24738;72171;457309;988;500672;52449502;46168786;7866058;15429;8252301
FR;0;2021-12-01;27095;75947;469003;1159;511221;52476597;46244733;8335061;16588;8763522
FR;0;2021-12-02;22033;71859;527007;1280;574729;52498630;46316592;8862068;17868;9338251
FR;0;2021-12-03;25510;92595;596268;1419;651015;52524140;46409187;9458336;19287;9989266
FR;0;2021-12-04;18304;60547;336175;690;369717;52542444;46469734;9794511;19977;10358983
FR;0;2021-12-05;4144;16250;95755;157;107051;52546588;46485984;9890266;20134;10466034
FR;0;2021-12-06;25265;73190;493058;1174;539870;52571853;46559174;10383324;21308;11005904
FR;0;2021-12-07;23386;91786;645275;1769;706214;52595239;46650960;11028599;23077;11712118
FR;0;2021-12-08;25377;92487;591476;1873;647415;52620616;46743447;11620075;24950;12359533
FR;0;2021-12-09;24014;94359;662990;2180;726262;52644630;46837806;12283065;27130;13085795
FR;0;2021-12-10;27979;111172;735960;2076;806014;52672609;46948978;13019025;29206;13891809
FR;0;2021-12-11;20236;76118;435135;986;480345;52692845;47025096;13454160;30192;14372154
FR;0;2021-12-12;5626;23298;142274;262;159227;52698471;47048394;13596434;30454;14531381
FR;0;2021-12-13;21305;91341;587537;1698;649218;52719776;47139735;14183971;32152;15180599
FR;0;2021-12-14;27744;118772;765412;2652;847406;52747520;47258507;14949383;34804;16028005
FR;0;2021-12-15;28289;114617;694215;2263;768964;52775809;47373124;15643598;37067;16796969
FR;0;2021-12-16;27983;116100;763920;2556;844323;52803792;47489224;16407518;39623;17641292
FR;0;2021-12-17;31587;128849;807767;2709;892012;52835379;47618073;17215285;42332;18533304
FR;0;2021-12-18;24920;81822;469922;1178;522185;52860299;47699895;17685207;43510;19055489
FR;0;2021-12-19;8750;28837;169356;376;191119;52869049;47728732;17854563;43886;19246608
FR;0;2021-12-20;31684;97623;591373;1787;658659;52900733;47826355;18445936;45673;19905267
FR;0;2021-12-21;39248;112460;682328;2390;759517;52939981;47938815;19128264;48063;20664784
FR;0;2021-12-22;39486;99724;575675;2167;642088;52979467;48038539;19703939;50230;21306872
FR;0;2021-12-23;33760;79826;440921;1654;494351;53013227;48118365;20144860;51884;21801223
FR;0;2021-12-24;10672;26187;110988;396;126660;53023899;48144552;20255848;52280;21927883
FR;0;2021-12-25;771;3546;7575;25;9031;53024670;48148098;20263423;52305;21936914
FR;0;2021-12-26;4697;11900;52080;141;60128;53029367;48159998;20315503;52446;21997042
FR;0;2021-12-27;30419;84132;453476;1365;509102;53059786;48244130;20768979;53811;22506144
FR;0;2021-12-28;38330;99117;564088;1767;632184;53098116;48343247;21333067;55578;23138328
FR;0;2021-12-29;39856;88476;501133;1686;560935;53137972;48431723;21834200;57264;23699263
FR;0;2021-12-30;35900;75269;420976;1519;471106;53173872;48506992;22255176;58783;24170369
FR;0;2021-12-31;12038;25204;116840;406;131620;53185910;48532196;22372016;59189;24301989
FR;0;2022-01-01;1450;3211;8503;37;9935;53187360;48535407;22380519;59226;24311924
FR;0;2022-01-02;6090;13010;58403;125;66942;53193450;48548417;22438922;59351;24378866
FR;0;2022-01-03;34176;90100;494730;1593;551564;53227626;48638517;22933652;60944;24930430
FR;0;2022-01-04;41256;111010;641290;2303;714259;53268882;48749527;23574942;63247;25644689
FR;0;2022-01-05;60596;103521;569066;1984;634086;53329478;48853048;24144008;65231;26278775
FR;0;2022-01-06;44163;110265;638906;2695;711373;53373641;48963313;24782914;67926;26990148
FR;0;2022-01-07;50748;123209;710925;2807;790390;53424389;49086522;25493839;70733;27780538
FR;0;2022-01-08;44983;80331;423790;1211;472858;53469372;49166853;25917629;71944;28253396
FR;0;2022-01-09;15598;26687;128550;300;145691;53484970;49193540;26046179;72244;28399087
FR;0;2022-01-10;35264;91118;469222;1811;522458;53520234;49284658;26515401;74055;28921545
FR;0;2022-01-11;41731;100461;548151;2307;608426;53561965;49385119;27063552;76362;29529971
FR;0;2022-01-12;60278;95662;452585;1965;504255;53622243;49480781;27516137;78327;30034226
FR;0;2022-01-13;38124;92456;487276;2084;540982;53660367;49573237;28003413;80411;30575208
FR;0;2022-01-14;42513;103337;568503;2286;628966;53702880;49676574;28571916;82697;31204174
FR;0;2022-01-15;39359;65866;340103;985;377561;53742239;49742440;28912019;83682;31581735
FR;0;2022-01-16;11385;19295;87393;216;99448;53753624;49761735;28999412;83898;31681183
FR;0;2022-01-17;24690;60149;320223;1382;354150;53778314;49821884;29319635;85280;32035333
FR;0;2022-01-18;28183;68654;361009;1799;397518;53806497;49890538;29680644;87079;32432851
FR;0;2022-01-19;43164;67122;281229;1450;311064;53849661;49957660;29961873;88529;32743915
FR;0;2022-01-20;23561;59603;298932;1741;328457;53873222;50017263;30260805;90270;33072372
FR;0;2022-01-21;28125;68826;366299;2086;401155;53901347;50086089;30627104;92356;33473527
FR;0;2022-01-22;27611;47996;218771;838;241749;53928958;50134085;30845875;93194;33715276
FR;0;2022-01-23;6707;13030;48654;172;55175;53935665;50147115;30894529;93366;33770451
FR;0;2022-01-24;16215;47438;217256;1137;239322;53951880;50194553;31111785;94503;34009773
FR;0;2022-01-25;18926;54422;242994;1547;267055;53970806;50248975;31354779;96050;34276828
FR;0;2022-01-26;28131;60325;209231;1296;229377;53998937;50309300;31564010;97346;34506205
FR;0;2022-01-27;16303;46128;207594;1272;225849;54015240;50355428;31771604;98618;34732054
FR;0;2022-01-28;21524;76621;289992;1574;321437;54036764;50432049;32061596;100192;35053491
FR;0;2022-01-29;18410;52839;184096;686;204579;54055174;50484888;32245692;100878;35258070
FR;0;2022-01-30;4465;14528;39125;124;45085;54059639;50499416;32284817;101002;35303155
FR;0;2022-01-31;11235;43862;148163;738;164788;54070874;50543278;32432980;101740;35467943
FR;0;2022-02-01;13077;48229;174075;1141;191380;54083951;50591507;32607055;102881;35659323
FR;0;2022-02-02;20209;66050;171484;1033;190143;54104160;50657557;32778539;103914;35849466
FR;0;2022-02-03;11102;44327;157503;984;173309;54115262;50701884;32936042;104898;36022775
FR;0;2022-02-04;14539;66515;239187;1262;264171;54129801;50768399;33175229;106160;36286946
FR;0;2022-02-05;12878;51447;153527;522;172343;54142679;50819846;33328756;106682;36459289
FR;0;2022-02-06;2709;12224;28870;101;33824;54145388;50832070;33357626;106783;36493113
FR;0;2022-02-07;9448;46750;156833;586;176325;54154836;50878820;33514459;107369;36669438
FR;0;2022-02-08;9639;42824;166568;868;184348;54164475;50921644;33681027;108237;36853786
FR;0;2022-02-09;14215;58042;172311;869;192996;54178690;50979686;33853338;109106;37046782
FR;0;2022-02-10;8303;38600;150171;878;166629;54186993;51018286;34003509;109984;37213411
FR;0;2022-02-11;10778;55539;218447;1099;243027;54197771;51073825;34221956;111083;37456438
FR;0;2022-02-12;8358;40911;134698;461;151716;54206129;51114736;34356654;111544;37608154
FR;0;2022-02-13;1897;8585;26555;85;30912;54208026;51123321;34383209;111629;37639066
FR;0;2022-02-14;6924;35169;148333;479;166333;54214950;51158490;34531542;112108;37805399
FR;0;2022-02-15;6879;35610;146925;750;162487;54221829;51194100;34678467;112858;37967886
FR;0;2022-02-16;9321;42818;132491;719;146703;54231150;51236918;34810958;113577;38114589
FR;0;2022-02-17;5404;24158;87262;584;94822;54236554;51261076;34898220;114161;38209411
FR;0;2022-02-18;6931;33466;119607;804;129277;54243485;51294542;35017827;114965;38338688
FR;0;2022-02-19;5357;24517;70013;370;77317;54248842;51319059;35087840;115335;38416005
FR;0;2022-02-20;1141;4635;12156;38;13930;54249983;51323694;35099996;115373;38429935
FR;0;2022-02-21;4035;17828;61926;351;67152;54254018;51341522;35161922;115724;38497087
FR;0;2022-02-22;4384;18547;60793;575;64426;54258402;51360069;35222715;116299;38561513
FR;0;2022-02-23;6522;27283;66473;591;71873;54264924;51387352;35289188;116890;38633386
FR;0;2022-02-24;3763;15354;50390;518;53210;54268687;51402706;35339578;117408;38686596
FR;0;2022-02-25;5228;23779;76292;803;80017;54273915;51426485;35415870;118211;38766613
FR;0;2022-02-26;3979;17751;47395;358;51460;54277894;51444236;35463265;118569;38818073
FR;0;2022-02-27;875;2998;8025;47;8936;54278769;51447234;35471290;118616;38827009
FR;0;2022-02-28;3080;12371;40456;356;42890;54281849;51459605;35511746;118972;38869899
FR;0;2022-03-01;3422;12346;44146;435;44787;54285271;51471951;35555892;119407;38914686
FR;0;2022-03-02;5183;17566;47096;438;49009;54290454;51489517;35602988;119845;38963695
FR;0;2022-03-03;2726;9069;29849;364;29948;54293180;51498586;35632837;120209;38993643
FR;0;2022-03-04;3195;12266;40273;651;39406;54296375;51510852;35673110;120860;39033049
FR;0;2022-03-05;3061;9233;24940;310;25094;54299436;51520085;35698050;121170;39058143
FR;0;2022-03-06;510;1386;3193;43;3431;54299946;51521471;35701243;121213;39061574
FR;0;2022-03-07;2107;5508;18407;315;17669;54302053;51526979;35719650;121528;39079243
FR;0;2022-03-08;2010;5939;19416;359;17877;54304063;51532918;35739066;121887;39097120
FR;0;2022-03-09;3485;10337;22159;405;21244;54307548;51543255;35761225;122292;39118364
FR;0;2022-03-10;1723;5320;16947;342;15757;54309271;51548575;35778172;122634;39134121
FR;0;2022-03-11;2350;7326;24480;540;22238;54311621;51555901;35802652;123174;39156359
FR;0;2022-03-12;2659;6722;17151;304;16503;54314280;51562623;35819803;123478;39172862
FR;0;2022-03-13;387;783;2310;145;2261;54314667;51563406;35822113;123623;39175123
FR;0;2022-03-14;1478;4179;14949;4406;13803;54316145;51567585;35837062;128029;39188926
FR;0;2022-03-15;1607;4415;16260;7550;14364;54317752;51572000;35853322;135579;39203290
FR;0;2022-03-16;2958;7146;19390;13129;18056;54320710;51579146;35872712;148708;39221346
FR;0;2022-03-17;1385;3781;13107;10840;11947;54322095;51582927;35885819;159548;39233293
FR;0;2022-03-18;2210;5562;19960;18277;18049;54324305;51588489;35905779;177825;39251342
FR;0;2022-03-19;2286;4741;13108;9396;12410;54326591;51593230;35918887;187221;39263752
FR;0;2022-03-20;294;711;1915;1069;1924;54326885;51593941;35920802;188290;39265676
FR;0;2022-03-21;1345;3152;12698;14931;11920;54328230;51597093;35933500;203221;39277596
FR;0;2022-03-22;1467;3605;13766;20521;12523;54329697;51600698;35947266;223742;39290119
FR;0;2022-03-23;2646;6133;17675;23139;17187;54332343;51606831;35964941;246881;39307306
FR;0;2022-03-24;1358;2957;11563;17573;10631;54333701;51609788;35976504;264454;39317937
FR;0;2022-03-25;2050;4867;18516;27743;16847;54335751;51614655;35995020;292197;39334784
FR;0;2022-03-26;2218;4376;12063;12658;11501;54337969;51619031;36007083;304855;39346285
FR;0;2022-03-27;354;683;1892;1479;1925;54338323;51619714;36008975;306334;39348210
FR;0;2022-03-28;1416;3015;11100;17454;10590;54339739;51622729;36020075;323788;39358800
FR;0;2022-03-29;1426;3238;12879;27533;12023;54341165;51625967;36032954;351321;39370823
FR;0;2022-03-30;2826;5389;15645;27363;15041;54343991;51631356;36048599;378684;39385864
FR;0;2022-03-31;1601;3252;12943;24890;12273;54345592;51634608;36061542;403574;39398137
FR;0;2022-04-01;2129;4419;20002;30820;18619;54347721;51639027;36081544;434394;39416756
FR;0;2022-04-02;1504;2615;9034;10101;8695;54349225;51641642;36090578;444495;39425451
FR;0;2022-04-03;281;501;1558;1165;1573;54349506;51642143;36092136;445660;39427024
FR;0;2022-04-04;1481;2645;12303;19070;11490;54350987;51644788;36104439;464730;39438514
FR;0;2022-04-05;1654;2977;14285;34006;13134;54352641;51647765;36118724;498736;39451648
FR;0;2022-04-06;2054;3703;13483;26360;12739;54354695;51651468;36132207;525096;39464387
FR;0;2022-04-07;1438;2939;13611;33670;12820;54356133;51654407;36145818;558766;39477207
FR;0;2022-04-08;2020;4096;19150;43683;17768;54358153;51658503;36164968;602449;39494975
FR;0;2022-04-09;1353;2657;9296;13543;8844;54359506;51661160;36174264;615992;39503819
FR;0;2022-04-10;281;571;1975;1993;1988;54359787;51661731;36176239;617985;39505807
FR;0;2022-04-11;1198;2474;11832;23659;11433;54360985;51664205;36188071;641644;39517240
FR;0;2022-04-12;1593;2794;13946;40622;13321;54362578;51666999;36202017;682266;39530561
FR;0;2022-04-13;1870;3471;13350;32882;12958;54364448;51670470;36215367;715148;39543519
FR;0;2022-04-14;1446;2700;13113;36034;12960;54365894;51673170;36228480;751182;39556479
FR;0;2022-04-15;1807;3331;15548;35327;14805;54367701;51676501;36244028;786509;39571284
FR;0;2022-04-16;1034;1813;6371;8520;6224;54368735;51678314;36250399;795029;39577508
FR;0;2022-04-17;186;318;991;1165;1030;54368921;51678632;36251390;796194;39578538
FR;0;2022-04-18;158;457;2749;1059;2767;54369079;51679089;36254139;797253;39581305
FR;0;2022-04-19;1487;2924;12872;29466;12380;54370566;51682013;36267011;826719;39593685
FR;0;2022-04-20;1928;3359;13236;28872;12903;54372494;51685372;36280247;855591;39606588
FR;0;2022-04-21;1478;2755;12465;34863;12488;54373972;51688127;36292712;890454;39619076
FR;0;2022-04-22;1830;3490;16419;37473;15792;54375802;51691617;36309131;927927;39634868
FR;0;2022-04-23;1131;2040;7367;10643;7218;54376933;51693657;36316498;938570;39642086
FR;0;2022-04-24;246;444;1473;1580;1407;54377179;51694101;36317971;940150;39643493
FR;0;2022-04-25;1262;2456;10665;20902;10459;54378441;51696557;36328636;961052;39653952
FR;0;2022-04-26;1576;2959;13619;38373;13062;54380017;51699516;36342255;999425;39667014
FR;0;2022-04-27;1916;3018;11476;30735;11543;54381933;51702534;36353731;1030160;39678557
FR;0;2022-04-28;1531;2659;12478;35821;12196;54383464;51705193;36366209;1065981;39690753
FR;0;2022-04-29;1965;3471;15496;37004;14842;54385429;51708664;36381705;1102985;39705595
FR;0;2022-04-30;1195;1807;6901;9677;6730;54386624;51710471;36388606;1112662;39712325
FR;0;2022-05-01;200;311;898;993;896;54386824;51710782;36389504;1113655;39713221
FR;0;2022-05-02;1211;2336;11060;17927;10842;54388035;51713118;36400564;1131582;39724063
FR;0;2022-05-03;1765;3010;13580;34370;13430;54389800;51716128;36414144;1165952;39737493
FR;0;2022-05-04;1826;3034;12085;25372;12183;54391626;51719162;36426229;1191324;39749676
FR;0;2022-05-05;1631;2671;12698;33158;12491;54393257;51721833;36438927;1224482;39762167
FR;0;2022-05-06;2065;3527;15248;36520;14724;54395322;51725360;36454175;1261002;39776891
FR;0;2022-05-07;1184;1759;6430;9590;6419;54396506;51727119;36460605;1270592;39783310
FR;0;2022-05-08;259;393;1164;1530;1223;54396765;51727512;36461769;1272122;39784533
FR;0;2022-05-09;1261;2134;9871;20040;9735;54398026;51729646;36471640;1292162;39794268
FR;0;2022-05-10;1646;2882;13412;38603;12955;54399672;51732528;36485052;1330765;39807223
FR;0;2022-05-11;1935;2717;10650;27657;10553;54401607;51735245;36495702;1358422;39817776
FR;0;2022-05-12;1519;2510;11219;35334;10889;54403126;51737755;36506921;1393756;39828665
FR;0;2022-05-13;1936;3108;13688;37583;13263;54405062;51740863;36520609;1431339;39841928
FR;0;2022-05-14;1131;1593;5916;10715;5770;54406193;51742456;36526525;1442054;39847698
FR;0;2022-05-15;267;429;1256;1428;1330;54406460;51742885;36527781;1443482;39849028
FR;0;2022-05-16;1160;1930;8598;20795;8588;54407620;51744815;36536379;1464277;39857616
FR;0;2022-05-17;1534;2492;11744;37446;11323;54409154;51747307;36548123;1501723;39868939
FR;0;2022-05-18;1742;2527;9593;26942;9580;54410896;51749834;36557716;1528665;39878519
FR;0;2022-05-19;1389;2532;10469;35306;10570;54412285;51752366;36568185;1563971;39889089
FR;0;2022-05-20;1833;3001;13221;39126;12712;54414118;51755367;36581406;1603097;39901801
FR;0;2022-05-21;1142;1678;5640;9877;5508;54415260;51757045;36587046;1612974;39907309
FR;0;2022-05-22;231;328;1013;1408;1002;54415491;51757373;36588059;1614382;39908311
FR;0;2022-05-23;1133;1987;8801;20096;8718;54416624;51759360;36596860;1634478;39917029
FR;0;2022-05-24;1498;2682;11240;38264;11075;54418122;51762042;36608100;1672742;39928104
FR;0;2022-05-25;1777;2733;9249;24592;9356;54419899;51764775;36617349;1697334;39937460
FR;0;2022-05-26;181;326;1543;1133;1556;54420080;51765101;36618892;1698467;39939016
FR;0;2022-05-27;1337;2354;9154;21181;8893;54421417;51767455;36628046;1719648;39947909
FR;0;2022-05-28;649;1237;3815;6759;3882;54422066;51768692;36631861;1726407;39951791
FR;0;2022-05-29;140;306;744;908;761;54422206;51768998;36632605;1727315;39952552
FR;0;2022-05-30;984;1898;6915;19124;6927;54423190;51770896;36639520;1746439;39959479
FR;0;2022-05-31;1452;2377;9718;35356;9555;54424642;51773273;36649238;1781795;39969034
FR;0;2022-06-01;1547;2699;10307;24146;10164;54426189;51775972;36659545;1805941;39979198
FR;0;2022-06-02;1379;2468;10508;35144;10067;54427568;51778440;36670053;1841085;39989265
FR;0;2022-06-03;1598;2960;12509;38511;11953;54429166;51781400;36682562;1879596;40001218
FR;0;2022-06-04;918;1488;4574;8996;4657;54430084;51782888;36687136;1888592;40005875
FR;0;2022-06-05;158;313;824;1059;834;54430242;51783201;36687960;1889651;40006709
FR;0;2022-06-06;168;361;1767;1206;1753;54430410;51783562;36689727;1890857;40008462
FR;0;2022-06-07;1297;2540;9559;35329;9154;54431707;51786102;36699286;1926186;40017616
FR;0;2022-06-08;1490;2569;8714;28407;8552;54433197;51788671;36708000;1954593;40026168
FR;0;2022-06-09;1231;2316;9356;38971;9019;54434428;51790987;36717356;1993564;40035187
FR;0;2022-06-10;1539;2753;11629;44403;11215;54435967;51793740;36728985;2037967;40046402
FR;0;2022-06-11;911;1678;5267;11543;5291;54436878;51795418;36734252;2049510;40051693
FR;0;2022-06-12;179;413;1025;1746;1087;54437057;51795831;36735277;2051256;40052780
FR;0;2022-06-13;1022;1875;6599;23024;6453;54438079;51797706;36741876;2074280;40059233
FR;0;2022-06-14;1254;2351;9533;44503;8935;54439333;51800057;36751409;2118783;40068168
FR;0;2022-06-15;1412;2210;7683;30405;7456;54440745;51802267;36759092;2149188;40075624
FR;0;2022-06-16;1119;1855;8383;39259;7851;54441864;51804122;36767475;2188447;40083475
FR;0;2022-06-17;1414;2649;10542;46241;10004;54443278;51806771;36778017;2234688;40093479
FR;0;2022-06-18;814;1447;4233;11005;4187;54444092;51808218;36782250;2245693;40097666
FR;0;2022-06-19;162;324;937;1565;1002;54444254;51808542;36783187;2247258;40098668
FR;0;2022-06-20;948;1686;6490;25647;6189;54445202;51810228;36789677;2272905;40104857
FR;0;2022-06-21;1240;2224;9461;49232;8523;54446442;51812452;36799138;2322137;40113380
FR;0;2022-06-22;1306;2307;8050;38404;7546;54447748;51814759;36807188;2360541;40120926
FR;0;2022-06-23;1142;2145;9597;54067;8787;54448890;51816904;36816785;2414608;40129713
FR;0;2022-06-24;1379;2759;12269;67998;11005;54450269;51819663;36829054;2482606;40140718
FR;0;2022-06-25;877;1654;5692;19463;5478;54451146;51821317;36834746;2502069;40146196
FR;0;2022-06-26;203;382;1503;3560;1383;54451349;51821699;36836249;2505629;40147579
FR;0;2022-06-27;1005;1796;8694;46665;7901;54452354;51823495;36844943;2552294;40155480
