fra;vaccin;jour;n_dose1;n_dose2;n_dose3;n_dose4;n_complet;n_rappel;n_2_rappel;n_rappel_biv;n_3_rappel;n_cum_dose1;n_cum_dose2;n_cum_dose3;n_cum_dose4;n_cum_complet;n_cum_rappel;n_cum_2_rappel;n_cum_rappel_biv;n_cum_3_rappel
FR;1;2020-12-27;616;0;0;0;55;0;0;0;0;616;0;0;0;55;0;0;0;0
FR;1;2020-12-28;704;1;0;0;43;0;0;0;0;1320;1;0;0;98;0;0;0;0
FR;1;2020-12-29;387;0;0;0;19;0;0;0;0;1707;1;0;0;117;0;0;0;0
FR;1;2020-12-30;455;0;0;0;19;0;0;0;0;2162;1;0;0;136;0;0;0;0
FR;1;2020-12-31;449;1;0;0;21;0;0;0;0;2611;2;0;0;157;0;0;0;0
FR;1;2021-01-01;1192;2;0;0;66;0;0;0;0;3803;4;0;0;223;0;0;0;0
FR;1;2021-01-02;368;4;0;0;29;0;0;0;0;4171;8;0;0;252;0;0;0;0
FR;1;2021-01-03;417;0;0;0;23;0;0;0;0;4588;8;0;0;275;0;0;0;0
FR;1;2021-01-04;2139;5;0;0;51;0;0;0;0;6727;13;0;0;326;0;0;0;0
FR;1;2021-01-05;7771;6;0;0;128;0;0;0;0;14498;19;0;0;454;0;0;0;0
FR;1;2021-01-06;12477;23;0;0;127;0;0;0;0;26975;42;0;0;581;0;0;0;0
FR;1;2021-01-07;29477;24;0;0;159;0;0;0;0;56452;66;0;0;740;0;0;0;0
FR;1;2021-01-08;37169;35;0;0;203;0;0;0;0;93621;101;0;0;943;0;0;0;0
FR;1;2021-01-09;11220;9;0;0;77;0;0;0;0;104841;110;0;0;1020;0;0;0;0
FR;1;2021-01-10;6015;8;0;0;28;0;0;0;0;110856;118;0;0;1048;0;0;0;0
FR;1;2021-01-11;39954;39;0;0;231;0;0;0;0;150810;157;0;0;1279;0;0;0;0
FR;1;2021-01-12;62160;30;0;0;298;0;0;0;0;212970;187;0;0;1577;0;0;0;0
FR;1;2021-01-13;65146;62;0;0;432;0;0;0;0;278116;249;0;0;2009;0;0;0;0
FR;1;2021-01-14;81469;259;0;0;959;0;0;0;0;359585;508;0;0;2968;0;0;0;0
FR;1;2021-01-15;68635;101;0;0;529;0;0;0;0;428220;609;0;0;3497;0;0;0;0
FR;1;2021-01-16;19903;73;0;0;171;0;0;0;0;448123;682;0;0;3668;0;0;0;0
FR;1;2021-01-17;10909;54;0;0;130;0;0;0;0;459032;736;0;0;3798;0;0;0;0
FR;1;2021-01-18;82848;176;0;0;589;0;0;0;0;541880;912;0;0;4387;0;0;0;0
FR;1;2021-01-19;125935;208;0;0;837;0;0;0;0;667815;1120;0;0;5224;0;0;0;0
FR;1;2021-01-20;132429;190;0;0;779;0;0;0;0;800244;1310;0;0;6003;0;0;0;0
FR;1;2021-01-21;153083;196;0;0;896;0;0;0;0;953327;1506;0;0;6899;0;0;0;0
FR;1;2021-01-22;115969;239;0;0;775;0;0;0;0;1069296;1745;0;0;7674;0;0;0;0
FR;1;2021-01-23;36616;83;0;0;206;0;0;0;0;1105912;1828;0;0;7880;0;0;0;0
FR;1;2021-01-24;9589;127;0;0;186;0;0;0;0;1115501;1955;0;0;8066;0;0;0;0
FR;1;2021-01-25;74441;1452;0;0;1770;0;0;0;0;1189942;3407;0;0;9836;0;0;0;0
FR;1;2021-01-26;96468;3701;1;0;4143;0;0;0;0;1286410;7108;1;0;13979;0;0;0;0
FR;1;2021-01-27;103659;6437;0;0;7121;0;0;0;0;1390069;13545;1;0;21100;0;0;0;0
FR;1;2021-01-28;120623;16392;0;0;17179;0;0;0;0;1510692;29937;1;0;38279;0;0;0;0
FR;1;2021-01-29;88901;18764;0;0;19306;0;0;0;0;1599593;48701;1;0;57585;0;0;0;0
FR;1;2021-01-30;27995;4528;0;0;4652;0;0;0;0;1627588;53229;1;0;62237;0;0;0;0
FR;1;2021-01-31;5194;1904;0;0;1942;0;0;0;0;1632782;55133;1;0;64179;0;0;0;0
FR;1;2021-02-01;49752;23012;0;0;23252;0;0;0;0;1682534;78145;1;0;87431;0;0;0;0
FR;1;2021-02-02;67838;38133;0;0;38591;0;0;0;0;1750372;116278;1;0;126022;0;0;0;0
FR;1;2021-02-03;67104;40176;0;0;40609;0;0;0;0;1817476;156454;1;0;166631;0;0;0;0
FR;1;2021-02-04;77149;55030;0;0;55600;0;0;0;0;1894625;211484;1;0;222231;0;0;0;0
FR;1;2021-02-05;63434;48184;0;0;48588;0;0;0;0;1958059;259668;1;0;270819;0;0;0;0
FR;1;2021-02-06;19428;11420;0;0;11527;0;0;0;0;1977487;271088;1;0;282346;0;0;0;0
FR;1;2021-02-07;3669;6061;0;0;6088;0;0;0;0;1981156;277149;1;0;288434;0;0;0;0
FR;1;2021-02-08;36508;48739;0;0;48989;0;0;0;0;2017664;325888;1;0;337423;0;0;0;0
FR;1;2021-02-09;50825;78379;0;0;78905;0;0;0;0;2068489;404267;1;0;416328;0;0;0;0
FR;1;2021-02-10;52083;83346;0;0;83827;0;0;0;0;2120572;487613;1;0;500155;0;0;0;0
FR;1;2021-02-11;63394;105389;0;0;106283;0;0;0;0;2183966;593002;1;0;606438;0;0;0;0
FR;1;2021-02-12;55886;75803;0;0;76486;0;0;0;0;2239852;668805;1;0;682924;0;0;0;0
FR;1;2021-02-13;15470;19294;0;0;19406;0;0;0;0;2255322;688099;1;0;702330;0;0;0;0
FR;1;2021-02-14;3747;7332;0;0;7398;0;0;0;0;2259069;695431;1;0;709728;0;0;0;0
FR;1;2021-02-15;24173;73658;0;0;73913;0;0;0;0;2283242;769089;1;0;783641;0;0;0;0
FR;1;2021-02-16;32787;95512;0;0;95915;0;0;0;0;2316029;864601;1;0;879556;0;0;0;0
FR;1;2021-02-17;35136;102304;20;0;102956;0;0;0;0;2351165;966905;21;0;982512;0;0;0;0
FR;1;2021-02-18;49463;118460;0;0;119452;0;0;0;0;2400628;1085365;21;0;1101964;0;0;0;0
FR;1;2021-02-19;45399;87770;1;0;88712;0;0;0;0;2446027;1173135;22;0;1190676;0;0;0;0
FR;1;2021-02-20;13398;27020;0;0;27196;0;0;0;0;2459425;1200155;22;0;1217872;0;0;0;0
FR;1;2021-02-21;2470;5945;0;0;6013;0;0;0;0;2461895;1206100;22;0;1223885;0;0;0;0
FR;1;2021-02-22;24725;69409;2;0;69703;0;0;0;0;2486620;1275509;24;0;1293588;0;0;0;0
FR;1;2021-02-23;37441;81503;1;0;82200;0;0;0;0;2524061;1357012;25;0;1375788;0;0;0;0
FR;1;2021-02-24;40714;79359;1;0;80058;0;0;0;0;2564775;1436371;26;0;1455846;0;0;0;0
FR;1;2021-02-25;50174;87757;1;0;88850;0;0;0;0;2614949;1524128;27;0;1544696;0;0;0;0
FR;1;2021-02-26;47233;67549;1;0;68430;0;0;0;0;2662182;1591677;28;0;1613126;0;0;0;0
FR;1;2021-02-27;15690;21355;1;0;21566;0;0;0;0;2677872;1613032;29;0;1634692;0;0;0;0
FR;1;2021-02-28;3566;4111;2;0;4184;0;0;0;0;2681438;1617143;31;0;1638876;0;0;0;0
FR;1;2021-03-01;40228;50333;1;0;51064;0;0;0;0;2721666;1667476;32;0;1689940;0;0;0;0
FR;1;2021-03-02;55994;62438;3;0;63616;0;0;0;0;2777660;1729914;35;0;1753556;0;0;0;0
FR;1;2021-03-03;61266;60499;0;0;61936;0;0;0;0;2838926;1790413;35;0;1815492;0;0;0;0
FR;1;2021-03-04;73021;68374;3;0;70586;0;0;0;0;2911947;1858787;38;0;1886078;0;0;0;0
FR;1;2021-03-05;74787;58599;3;0;60499;0;0;0;0;2986734;1917386;41;0;1946577;0;0;0;0
FR;1;2021-03-06;82472;15742;2;0;17448;0;0;0;0;3069206;1933128;43;0;1964025;0;0;0;0
FR;1;2021-03-07;63733;3937;1;0;5481;0;0;0;0;3132939;1937065;44;0;1969506;0;0;0;0
FR;1;2021-03-08;60196;41141;2;0;42427;0;0;0;0;3193135;1978206;46;0;2011933;0;0;0;0
FR;1;2021-03-09;86015;47376;1;0;49371;0;0;0;0;3279150;2025582;47;0;2061304;0;0;0;0
FR;1;2021-03-10;90947;47740;5;0;50008;0;0;0;0;3370097;2073322;52;0;2111312;0;0;0;0
FR;1;2021-03-11;105103;54599;1;0;57671;0;0;0;0;3475200;2127921;53;0;2168983;0;0;0;0
FR;1;2021-03-12;104166;44879;1;0;47876;0;0;0;0;3579366;2172800;54;0;2216859;0;0;0;0
FR;1;2021-03-13;89223;12584;1;0;14801;0;0;0;0;3668589;2185384;55;0;2231660;0;0;0;0
FR;1;2021-03-14;44462;2668;1;0;4001;0;0;0;0;3713051;2188052;56;0;2235661;0;0;0;0
FR;1;2021-03-15;95538;27957;3;0;30306;0;0;0;0;3808589;2216009;59;0;2265967;0;0;0;0
FR;1;2021-03-16;123607;34036;5;0;37582;0;0;0;0;3932196;2250045;64;0;2303549;0;0;0;0
FR;1;2021-03-17;129325;33530;4;0;37582;0;0;0;0;4061521;2283575;68;0;2341131;0;0;0;0
FR;1;2021-03-18;142918;39172;5;0;43847;0;0;0;0;4204439;2322747;73;0;2384978;0;0;0;0
FR;1;2021-03-19;136282;32019;2;0;36611;0;0;0;0;4340721;2354766;75;0;2421589;0;0;0;0
FR;1;2021-03-20;76025;9749;1;0;11966;0;0;0;0;4416746;2364515;76;0;2433555;0;0;0;0
FR;1;2021-03-21;26521;1975;1;0;2964;0;0;0;0;4443267;2366490;77;0;2436519;0;0;0;0
FR;1;2021-03-22;114783;30216;2;0;34045;0;0;0;0;4558050;2396706;79;0;2470564;0;0;0;0
FR;1;2021-03-23;143061;38016;1;0;42805;0;0;0;0;4701111;2434722;80;0;2513369;0;0;0;0
FR;1;2021-03-24;142028;38391;0;0;43259;0;0;0;0;4843139;2473113;80;0;2556628;0;0;0;0
FR;1;2021-03-25;165043;39858;4;0;46021;0;0;0;0;5008182;2512971;84;0;2602649;0;0;0;0
FR;1;2021-03-26;166424;37390;5;1;44009;0;0;0;0;5174606;2550361;89;1;2646658;0;0;0;0
FR;1;2021-03-27;110907;15477;1;0;19488;0;0;0;0;5285513;2565838;90;1;2666146;0;0;0;0
FR;1;2021-03-28;42313;4425;3;0;5980;0;0;0;0;5327826;2570263;93;1;2672126;0;0;0;0
FR;1;2021-03-29;129850;48976;4;0;53637;0;0;0;0;5457676;2619239;97;1;2725763;0;0;0;0
FR;1;2021-03-30;167761;63816;5;0;70825;0;0;0;0;5625437;2683055;102;1;2796588;0;0;0;0
FR;1;2021-03-31;170969;67989;4;0;75520;0;0;0;0;5796406;2751044;106;1;2872108;0;0;0;0
FR;1;2021-04-01;194880;84104;10;0;93604;0;0;0;0;5991286;2835148;116;1;2965712;0;0;0;0
FR;1;2021-04-02;164477;86875;7;0;94697;0;0;0;0;6155763;2922023;123;1;3060409;0;0;0;0
FR;1;2021-04-03;88261;58208;6;0;61754;0;0;0;0;6244024;2980231;129;1;3122163;0;0;0;0
FR;1;2021-04-04;33665;17727;0;0;19226;0;0;0;0;6277689;2997958;129;1;3141389;0;0;0;0
FR;1;2021-04-05;46430;9570;11;0;11447;0;0;0;0;6324119;3007528;140;1;3152836;0;0;0;0
FR;1;2021-04-06;160351;105626;17;0;112104;0;0;0;0;6484470;3113154;157;1;3264940;0;0;0;0
FR;1;2021-04-07;197040;108097;16;0;116930;0;0;0;0;6681510;3221251;173;1;3381870;0;0;0;0
FR;1;2021-04-08;222190;114340;14;0;125695;0;0;0;0;6903700;3335591;187;1;3507565;0;0;0;0
FR;1;2021-04-09;214617;108038;21;0;118932;0;0;0;0;7118317;3443629;208;1;3626497;0;0;0;0
FR;1;2021-04-10;117207;73236;14;0;78383;0;0;0;0;7235524;3516865;222;1;3704880;0;0;0;0
FR;1;2021-04-11;40903;29890;6;0;31793;0;0;0;0;7276427;3546755;228;1;3736673;0;0;0;0
FR;1;2021-04-12;168504;104587;46;0;111829;0;0;0;0;7444931;3651342;274;1;3848502;0;0;0;0
FR;1;2021-04-13;203847;127760;97;1;137105;0;0;0;0;7648778;3779102;371;2;3985607;0;0;0;0
FR;1;2021-04-14;208681;123007;208;0;133237;0;0;0;0;7857459;3902109;579;2;4118844;0;0;0;0
FR;1;2021-04-15;221739;128220;313;0;139264;0;0;0;0;8079198;4030329;892;2;4258108;0;0;0;0
FR;1;2021-04-16;206111;125765;309;0;135434;0;0;0;0;8285309;4156094;1201;2;4393542;0;0;0;0
FR;1;2021-04-17;122111;67119;103;0;72181;0;0;0;0;8407420;4223213;1304;2;4465723;0;0;0;0
FR;1;2021-04-18;35979;21007;42;0;22714;0;0;0;0;8443399;4244220;1346;2;4488437;0;0;0;0
FR;1;2021-04-19;163779;121607;432;0;129153;0;0;0;0;8607178;4365827;1778;2;4617590;0;0;0;0
FR;1;2021-04-20;189486;149786;531;0;158913;0;0;0;0;8796664;4515613;2309;2;4776503;0;0;0;0
FR;1;2021-04-21;194053;147741;760;0;157266;0;0;0;0;8990717;4663354;3069;2;4933769;0;0;0;0
FR;1;2021-04-22;209078;164578;779;0;175809;0;0;0;0;9199795;4827932;3848;2;5109578;0;0;0;0
FR;1;2021-04-23;198997;158120;671;0;169137;0;0;0;0;9398792;4986052;4519;2;5278715;0;0;0;0
FR;1;2021-04-24;126354;95879;148;0;101949;0;0;0;0;9525146;5081931;4667;2;5380664;0;0;0;0
FR;1;2021-04-25;53640;30081;46;0;32838;0;0;0;0;9578786;5112012;4713;2;5413502;0;0;0;0
FR;1;2021-04-26;181174;140307;542;0;149024;0;0;0;0;9759960;5252319;5255;2;5562526;0;0;0;0
FR;1;2021-04-27;221403;162590;901;0;173962;0;0;0;0;9981363;5414909;6156;2;5736488;0;0;0;0
FR;1;2021-04-28;238351;156195;1314;1;168879;1;0;0;0;10219714;5571104;7470;3;5905367;1;0;0;0
FR;1;2021-04-29;270345;161646;1211;0;177251;0;0;0;0;10490059;5732750;8681;3;6082618;1;0;0;0
FR;1;2021-04-30;272025;149026;1074;0;165128;0;0;0;0;10762084;5881776;9755;3;6247746;1;0;0;0
FR;1;2021-05-01;141178;40614;173;0;48642;0;0;0;0;10903262;5922390;9928;3;6296388;1;0;0;0
FR;1;2021-05-02;81561;28238;81;0;32993;0;0;0;0;10984823;5950628;10009;3;6329381;1;0;0;0
FR;1;2021-05-03;250819;142177;803;0;155873;0;0;0;0;11235642;6092805;10812;3;6485254;1;0;0;0
FR;1;2021-05-04;265934;187973;1204;0;203551;0;0;0;0;11501576;6280778;12016;3;6688805;1;0;0;0
FR;1;2021-05-05;283952;186258;1268;0;202920;0;0;0;0;11785528;6467036;13284;3;6891725;1;0;0;0
FR;1;2021-05-06;310034;184513;1502;0;204268;0;0;0;0;12095562;6651549;14786;3;7095993;1;0;0;0
FR;1;2021-05-07;284147;196745;1127;0;214569;0;0;0;0;12379709;6848294;15913;3;7310562;1;0;0;0
FR;1;2021-05-08;191683;51572;285;0;62956;0;0;0;0;12571392;6899866;16198;3;7373518;1;0;0;0
FR;1;2021-05-09;114074;34241;236;0;41413;0;0;0;0;12685466;6934107;16434;3;7414931;1;0;0;0
FR;1;2021-05-10;258235;195057;1188;0;211050;0;0;0;0;12943701;7129164;17622;3;7625981;1;0;0;0
FR;1;2021-05-11;318941;211234;1465;0;231474;0;0;0;0;13262642;7340398;19087;3;7857455;1;0;0;0
FR;1;2021-05-12;356687;186117;1401;0;208424;0;0;0;0;13619329;7526515;20488;3;8065879;1;0;0;0
FR;1;2021-05-13;283470;47323;401;0;64248;0;0;0;0;13902799;7573838;20889;3;8130127;1;0;0;0
FR;1;2021-05-14;370536;128525;995;0;151945;0;0;0;0;14273335;7702363;21884;3;8282072;1;0;0;0
FR;1;2021-05-15;298122;66205;404;0;84913;0;0;0;0;14571457;7768568;22288;3;8366985;1;0;0;0
FR;1;2021-05-16;157795;15469;158;0;26037;0;0;0;0;14729252;7784037;22446;3;8393022;1;0;0;0
FR;1;2021-05-17;318954;116197;1441;0;138165;0;0;0;0;15048206;7900234;23887;3;8531187;1;0;0;0
FR;1;2021-05-18;383375;111686;1801;0;137635;0;0;0;0;15431581;8011920;25688;3;8668822;1;0;0;0
FR;1;2021-05-19;395316;101555;2184;0;128498;0;0;0;0;15826897;8113475;27872;3;8797320;1;0;0;0
FR;1;2021-05-20;421852;95630;2049;0;125102;0;0;0;0;16248749;8209105;29921;3;8922422;1;0;0;0
FR;1;2021-05-21;399841;97420;1764;0;125824;0;0;0;0;16648590;8306525;31685;3;9048246;1;0;0;0
FR;1;2021-05-22;275711;41920;604;0;60944;0;0;0;0;16924301;8348445;32289;3;9109190;1;0;0;0
FR;1;2021-05-23;123029;10970;224;0;20574;0;0;0;0;17047330;8359415;32513;3;9129764;1;0;0;0
FR;1;2021-05-24;244026;26265;569;0;43794;0;0;0;0;17291356;8385680;33082;3;9173558;1;0;0;0
FR;1;2021-05-25;366244;131496;2115;1;158434;0;0;0;0;17657600;8517176;35197;4;9331992;1;0;0;0
FR;1;2021-05-26;380846;127463;1996;0;155797;0;0;0;0;18038446;8644639;37193;4;9487789;1;0;0;0
FR;1;2021-05-27;406190;128318;1978;0;158805;0;0;0;0;18444636;8772957;39171;4;9646594;1;0;0;0
FR;1;2021-05-28;366070;145685;1702;0;174248;0;0;0;0;18810706;8918642;40873;4;9820842;1;0;0;0
FR;1;2021-05-29;253850;81133;527;0;100333;0;0;0;0;19064556;8999775;41400;4;9921175;1;0;0;0
FR;1;2021-05-30;100983;22603;158;0;30836;0;0;0;0;19165539;9022378;41558;4;9952011;1;0;0;0
FR;1;2021-05-31;314348;149238;1286;1;172504;1;0;0;0;19479887;9171616;42844;5;10124515;2;0;0;0
FR;1;2021-06-01;361693;166439;1733;1;194148;1;0;0;0;19841580;9338055;44577;6;10318663;3;0;0;0
FR;1;2021-06-02;365424;154432;1798;0;183975;0;0;0;0;20207004;9492487;46375;6;10502638;3;0;0;0
FR;1;2021-06-03;391483;147419;1654;0;178396;0;0;0;0;20598487;9639906;48029;6;10681034;3;0;0;0
FR;1;2021-06-04;364136;175875;1496;1;205166;1;0;0;0;20962623;9815781;49525;7;10886200;4;0;0;0
FR;1;2021-06-05;258532;112823;597;0;133187;0;0;0;0;21221155;9928604;50122;7;11019387;4;0;0;0
FR;1;2021-06-06;126828;37556;216;0;48195;0;0;0;0;21347983;9966160;50338;7;11067582;4;0;0;0
FR;1;2021-06-07;301126;207783;1368;0;233064;0;0;0;0;21649109;10173943;51706;7;11300646;4;0;0;0
FR;1;2021-06-08;330892;220990;1645;0;248955;0;0;0;0;21980001;10394933;53351;7;11549601;4;0;0;0
FR;1;2021-06-09;336636;210963;1614;0;239733;0;0;0;0;22316637;10605896;54965;7;11789334;4;0;0;0
FR;1;2021-06-10;343934;199577;1614;0;229322;0;0;0;0;22660571;10805473;56579;7;12018656;4;0;0;0
FR;1;2021-06-11;311934;234694;1299;1;262603;0;0;0;0;22972505;11040167;57878;8;12281259;4;0;0;0
FR;1;2021-06-12;244097;150603;438;0;172215;0;0;0;0;23216602;11190770;58316;8;12453474;4;0;0;0
FR;1;2021-06-13;100380;61039;188;0;70701;0;0;0;0;23316982;11251809;58504;8;12524175;4;0;0;0
FR;1;2021-06-14;207869;287610;1320;1;307418;0;0;0;0;23524851;11539419;59824;9;12831593;4;0;0;0
FR;1;2021-06-15;256898;281143;1400;1;304993;0;0;0;0;23781749;11820562;61224;10;13136586;4;0;0;0
FR;1;2021-06-16;273683;270699;1263;1;296135;0;0;0;0;24055432;12091261;62487;11;13432721;4;0;0;0
FR;1;2021-06-17;268246;245057;1241;1;271125;0;0;0;0;24323678;12336318;63728;12;13703846;4;0;0;0
FR;1;2021-06-18;260622;295202;1156;1;321025;0;0;0;0;24584300;12631520;64884;13;14024871;4;0;0;0
FR;1;2021-06-19;193463;209599;388;0;228260;0;0;0;0;24777763;12841119;65272;13;14253131;4;0;0;0
FR;1;2021-06-20;69724;89037;121;0;96878;0;0;0;0;24847487;12930156;65393;13;14350009;4;0;0;0
FR;1;2021-06-21;172393;319765;934;1;338479;1;0;0;0;25019880;13249921;66327;14;14688488;5;0;0;0
FR;1;2021-06-22;185892;348042;1102;10;369110;1;0;0;0;25205772;13597963;67429;24;15057598;6;0;0;0
FR;1;2021-06-23;204233;339615;1050;0;363514;0;0;0;0;25410005;13937578;68479;24;15421112;6;0;0;0
FR;1;2021-06-24;203550;282050;1176;0;306793;0;0;0;0;25613555;14219628;69655;24;15727905;6;0;0;0
FR;1;2021-06-25;182677;371687;1200;0;395699;0;0;0;0;25796232;14591315;70855;24;16123604;6;0;0;0
FR;1;2021-06-26;131411;278589;506;0;295964;0;0;0;0;25927643;14869904;71361;24;16419568;6;0;0;0
FR;1;2021-06-27;52419;122851;146;0;130391;0;0;0;0;25980062;14992755;71507;24;16549959;6;0;0;0
FR;1;2021-06-28;136677;368221;1066;0;386822;0;0;0;0;26116739;15360976;72573;24;16936781;6;0;0;0
FR;1;2021-06-29;154911;391126;1848;0;412225;0;0;0;0;26271650;15752102;74421;24;17349006;6;0;0;0
FR;1;2021-06-30;180073;381926;1667;4;406532;2;0;0;0;26451723;16134028;76088;28;17755538;8;0;0;0
FR;1;2021-07-01;201574;332479;1890;5;360555;0;0;0;0;26653297;16466507;77978;33;18116093;8;0;0;0
FR;1;2021-07-02;193890;367269;1765;5;395473;2;0;0;0;26847187;16833776;79743;38;18511566;10;0;0;0
FR;1;2021-07-03;124484;280414;704;3;299520;1;0;0;0;26971671;17114190;80447;41;18811086;11;0;0;0
FR;1;2021-07-04;53966;113725;244;0;122133;0;0;0;0;27025637;17227915;80691;41;18933219;11;0;0;0
FR;1;2021-07-05;153980;355747;1500;8;379087;0;0;0;0;27179617;17583662;82191;49;19312306;11;0;0;0
FR;1;2021-07-06;173530;382288;1603;45;408183;8;0;0;0;27353147;17965950;83794;94;19720489;19;0;0;0
FR;1;2021-07-07;190863;362306;1659;25;390652;2;0;0;0;27544010;18328256;85453;119;20111141;21;0;0;0
FR;1;2021-07-08;201589;322950;1826;20;353603;2;0;0;0;27745599;18651206;87279;139;20464744;23;0;0;0
FR;1;2021-07-09;189992;387783;1854;3;418198;2;0;0;0;27935591;19038989;89133;142;20882942;25;0;0;0
FR;1;2021-07-10;129963;281178;818;1;302605;1;0;0;0;28065554;19320167;89951;143;21185547;26;0;0;0
FR;1;2021-07-11;57686;102524;263;0;112409;0;0;0;0;28123240;19422691;90214;143;21297956;26;0;0;0
FR;1;2021-07-12;149929;416801;1587;4;442800;0;0;0;0;28273169;19839492;91801;147;21740756;26;0;0;0
FR;1;2021-07-13;234305;438978;1808;8;476171;0;0;0;0;28507474;20278470;93609;155;22216927;26;0;0;0
FR;1;2021-07-14;171929;151309;418;0;176946;0;0;0;0;28679403;20429779;94027;155;22393873;26;0;0;0
FR;1;2021-07-15;279704;424123;1859;1;467105;0;0;0;0;28959107;20853902;95886;156;22860978;26;0;0;0
FR;1;2021-07-16;290446;400542;1711;3;445195;1;0;0;0;29249553;21254444;97597;159;23306173;27;0;0;0
FR;1;2021-07-17;217356;281975;755;1;315447;0;0;0;0;29466909;21536419;98352;160;23621620;27;0;0;0
FR;1;2021-07-18;102029;107207;288;0;123099;0;0;0;0;29568938;21643626;98640;160;23744719;27;0;0;0
FR;1;2021-07-19;238245;378362;1498;3;414416;0;0;0;0;29807183;22021988;100138;163;24159135;27;0;0;0
FR;1;2021-07-20;305774;379728;1471;0;425559;0;0;0;0;30112957;22401716;101609;163;24584694;27;0;0;0
FR;1;2021-07-21;333307;352709;1413;4;404096;1;0;0;0;30446264;22754425;103022;167;24988790;28;0;0;0
FR;1;2021-07-22;364695;318510;1502;3;374936;2;0;0;0;30810959;23072935;104524;170;25363726;30;0;0;0
FR;1;2021-07-23;349409;342748;1589;4;398297;1;0;0;0;31160368;23415683;106113;174;25762023;31;0;0;0
FR;1;2021-07-24;238967;240729;697;1;278064;0;0;0;0;31399335;23656412;106810;175;26040087;31;0;0;0
FR;1;2021-07-25;112810;76010;223;0;93709;0;0;0;0;31512145;23732422;107033;175;26133796;31;0;0;0
FR;1;2021-07-26;299147;289277;1495;2;334997;1;0;0;0;31811292;24021699;108528;177;26468793;32;0;0;0
FR;1;2021-07-27;385855;267861;1459;4;324833;1;0;0;0;32197147;24289560;109987;181;26793626;33;0;0;0
FR;1;2021-07-28;390218;250900;1463;4;307195;1;0;0;0;32587365;24540460;111450;185;27100821;34;0;0;0
FR;1;2021-07-29;406152;227590;1541;2;284301;0;0;0;0;32993517;24768050;112991;187;27385122;34;0;0;0
FR;1;2021-07-30;370758;246494;1639;4;298339;1;0;0;0;33364275;25014544;114630;191;27683461;35;0;0;0
FR;1;2021-07-31;243387;165083;794;1;199411;0;0;0;0;33607662;25179627;115424;192;27882872;35;0;0;0
FR;1;2021-08-01;105602;47205;237;0;61199;0;0;0;0;33713264;25226832;115661;192;27944071;35;0;0;0
FR;1;2021-08-02;297431;212816;1480;2;250607;0;0;0;0;34010695;25439648;117141;194;28194678;35;0;0;0
FR;1;2021-08-03;331351;208680;1557;2;250657;1;0;0;0;34342046;25648328;118698;196;28445335;36;0;0;0
FR;1;2021-08-04;328058;183818;1440;5;223979;3;0;0;0;34670104;25832146;120138;201;28669314;39;0;0;0
FR;1;2021-08-05;301292;193086;1483;0;229385;0;0;0;0;34971396;26025232;121621;201;28898699;39;0;0;0
FR;1;2021-08-06;290995;224084;1560;3;261381;0;0;0;0;35262391;26249316;123181;204;29160080;39;0;0;0
FR;1;2021-08-07;182679;158759;655;5;181676;1;0;0;0;35445070;26408075;123836;209;29341756;40;0;0;0
FR;1;2021-08-08;68894;59102;253;0;67631;0;0;0;0;35513964;26467177;124089;209;29409387;40;0;0;0
FR;1;2021-08-09;222795;235150;1445;4;263865;2;0;0;0;35736759;26702327;125534;213;29673252;42;0;0;0
FR;1;2021-08-10;252758;239841;1493;2;271682;0;0;0;0;35989517;26942168;127027;215;29944934;42;0;0;0
FR;1;2021-08-11;236251;231728;1271;5;261244;0;0;0;0;36225768;27173896;128298;220;30206178;42;0;0;0
FR;1;2021-08-12;220794;239730;1491;3;267830;0;0;0;0;36446562;27413626;129789;223;30474008;42;0;0;0
FR;1;2021-08-13;201728;238490;1360;2;264040;2;0;0;0;36648290;27652116;131149;225;30738048;44;0;0;0
FR;1;2021-08-14;122873;174034;645;0;189547;0;0;0;0;36771163;27826150;131794;225;30927595;44;0;0;0
FR;1;2021-08-15;34709;46117;201;1;50336;0;0;0;0;36805872;27872267;131995;226;30977931;44;0;0;0
FR;1;2021-08-16;156967;289325;1424;0;309906;0;0;0;0;36962839;28161592;133419;226;31287837;44;0;0;0
FR;1;2021-08-17;171620;290950;1422;5;313355;0;0;0;0;37134459;28452542;134841;231;31601192;44;0;0;0
FR;1;2021-08-18;161444;286662;1394;6;307299;3;0;0;0;37295903;28739204;136235;237;31908491;47;0;0;0
FR;1;2021-08-19;148959;277407;1405;1;297256;0;0;0;0;37444862;29016611;137640;238;32205747;47;0;0;0
FR;1;2021-08-20;140528;308921;1533;2;328161;2;0;0;0;37585390;29325532;139173;240;32533908;49;0;0;0
FR;1;2021-08-21;84281;213205;589;0;224528;0;0;0;0;37669671;29538737;139762;240;32758436;49;0;0;0
FR;1;2021-08-22;28582;82693;233;0;86699;0;0;0;0;37698253;29621430;139995;240;32845135;49;0;0;0
FR;1;2021-08-23;118670;320946;1422;2;337690;0;0;0;0;37816923;29942376;141417;242;33182825;49;0;0;0
FR;1;2021-08-24;126682;319613;1604;5;337437;0;0;0;0;37943605;30261989;143021;247;33520262;49;0;0;0
FR;1;2021-08-25;121545;306409;1783;8;323596;2;0;0;0;38065150;30568398;144804;255;33843858;51;0;0;0
FR;1;2021-08-26;106642;286059;2164;10;302361;0;0;0;0;38171792;30854457;146968;265;34146219;51;0;0;0
FR;1;2021-08-27;107660;321589;2303;9;338863;1;0;0;0;38279452;31176046;149271;274;34485082;52;0;0;0
FR;1;2021-08-28;71027;220695;1102;0;231225;0;0;0;0;38350479;31396741;150373;274;34716307;52;0;0;0
FR;1;2021-08-29;24155;78198;469;1;82089;0;0;0;0;38374634;31474939;150842;275;34798396;52;0;0;0
FR;1;2021-08-30;96901;286268;4315;6;299758;4969;0;0;0;38471535;31761207;155157;281;35098154;5021;0;0;0
FR;1;2021-08-31;98131;276223;9295;15;289891;10067;2;0;0;38569666;32037430;164452;296;35388045;15088;2;0;0
FR;1;2021-09-01;112367;245287;21121;8;257679;22153;1;0;0;38682033;32282717;185573;304;35645724;37241;3;0;0
FR;1;2021-09-02;86766;197903;24535;18;208304;25517;0;0;0;38768799;32480620;210108;322;35854028;62758;3;0;0
FR;1;2021-09-03;82430;227486;26957;21;238928;28037;0;0;0;38851229;32708106;237065;343;36092956;90795;3;0;0
FR;1;2021-09-04;71630;189712;11141;11;199301;11709;7;0;0;38922859;32897818;248206;354;36292257;102504;10;0;0
FR;1;2021-09-05;18614;41145;4126;2;43850;4278;0;0;0;38941473;32938963;252332;356;36336107;106782;10;0;0
FR;1;2021-09-06;59825;151375;30182;15;158913;31203;2;0;0;39001298;33090338;282514;371;36495020;137985;12;0;0
FR;1;2021-09-07;57400;139617;30214;30;146743;31252;2;0;0;39058698;33229955;312728;401;36641763;169237;14;0;0
FR;1;2021-09-08;72353;173794;26926;22;182273;27968;4;0;0;39131051;33403749;339654;423;36824036;197205;18;0;0
FR;1;2021-09-09;54495;124412;28637;24;131176;29744;5;0;0;39185546;33528161;368291;447;36955212;226949;23;0;0
FR;1;2021-09-10;66220;152075;30452;24;161163;31699;5;0;0;39251766;33680236;398743;471;37116375;258648;28;0;0
FR;1;2021-09-11;52690;146635;9732;14;154133;10355;0;0;0;39304456;33826871;408475;485;37270508;269003;28;0;0
FR;1;2021-09-12;10798;29270;2490;1;30969;2659;2;0;0;39315254;33856141;410965;486;37301477;271662;30;0;0
FR;1;2021-09-13;51517;104405;38766;31;110947;40092;16;0;0;39366771;33960546;449731;517;37412424;311754;46;0;0
FR;1;2021-09-14;53341;95996;51287;67;102377;53273;41;0;0;39420112;34056542;501018;584;37514801;365027;87;0;0
FR;1;2021-09-15;60582;139229;50497;55;146402;47069;68;0;0;39480694;34195771;551515;639;37661203;412096;155;0;0
FR;1;2021-09-16;46645;81362;53354;70;86258;49609;61;0;0;39527339;34277133;604869;709;37747461;461705;216;0;0
FR;1;2021-09-17;53225;109332;45078;61;115670;42709;62;0;0;39580564;34386465;649947;770;37863131;504414;278;0;0
FR;1;2021-09-18;37885;118493;11796;19;124081;11278;19;0;0;39618449;34504958;661743;789;37987212;515692;297;0;0
FR;1;2021-09-19;6531;21025;2044;1;22129;1984;1;0;0;39624980;34525983;663787;790;38009341;517676;298;0;0
FR;1;2021-09-20;36544;74841;46231;65;78564;44196;30;0;0;39661524;34600824;710018;855;38087905;561872;328;0;0
FR;1;2021-09-21;34204;68101;56270;72;71135;52747;76;0;0;39695728;34668925;766288;927;38159040;614619;404;0;0
FR;1;2021-09-22;38843;118596;49883;76;123017;46934;39;0;0;39734571;34787521;816171;1003;38282057;661553;443;0;0
FR;1;2021-09-23;32039;62888;54514;85;65792;50922;76;0;0;39766610;34850409;870685;1088;38347849;712475;519;0;0
FR;1;2021-09-24;36799;90022;43676;89;94384;41956;57;0;0;39803409;34940431;914361;1177;38442233;754431;576;0;0
FR;1;2021-09-25;27652;96706;12307;27;101063;12186;19;0;0;39831061;35037137;926668;1204;38543296;766617;595;0;0
FR;1;2021-09-26;4388;15201;1777;5;16064;1700;4;0;0;39835449;35052338;928445;1209;38559360;768317;599;0;0
FR;1;2021-09-27;27355;60211;42913;89;63441;41641;80;0;1;39862804;35112549;971358;1298;38622801;809958;679;0;1
FR;1;2021-09-28;26915;49422;47205;76;52043;44493;40;0;0;39889719;35161971;1018563;1374;38674844;854451;719;0;1
FR;1;2021-09-29;35927;80259;47294;87;84647;45618;34;0;0;39925646;35242230;1065857;1461;38759491;900069;753;0;1
FR;1;2021-09-30;26077;46903;47528;80;49262;45477;52;0;0;39951723;35289133;1113385;1541;38808753;945546;805;0;1
FR;1;2021-10-01;47307;66909;44906;83;70798;44624;15;0;0;39999030;35356042;1158291;1624;38879551;990170;820;0;1
FR;1;2021-10-02;32384;62408;16113;32;67220;16324;6;0;0;40031414;35418450;1174404;1656;38946771;1006494;826;0;1
FR;1;2021-10-03;4343;8566;2043;3;9314;2040;4;0;0;40035757;35427016;1176447;1659;38956085;1008534;830;0;1
FR;1;2021-10-04;28979;44423;47114;79;46835;46983;31;0;0;40064736;35471439;1223561;1738;39002920;1055517;861;0;1
FR;1;2021-10-05;24569;41634;49894;116;43136;49345;49;0;0;40089305;35513073;1273455;1854;39046056;1104862;910;0;1
FR;1;2021-10-06;34660;61384;57509;101;64499;57260;25;0;0;40123965;35574457;1330964;1955;39110555;1162122;935;0;1
FR;1;2021-10-07;21082;39913;53052;74;41089;52000;32;0;0;40145047;35614370;1384016;2029;39151644;1214122;967;0;1
FR;1;2021-10-08;35672;59643;60411;83;62875;61169;28;0;0;40180719;35674013;1444427;2112;39214519;1275291;995;0;1
FR;1;2021-10-09;27466;48018;25497;29;52489;26025;10;0;0;40208185;35722031;1469924;2141;39267008;1301316;1005;0;1
FR;1;2021-10-10;3728;5809;2758;7;6288;2864;1;0;0;40211913;35727840;1472682;2148;39273296;1304180;1006;0;1
FR;1;2021-10-11;24856;38207;54589;88;40294;55263;48;0;0;40236769;35766047;1527271;2236;39313590;1359443;1054;0;1
FR;1;2021-10-12;23384;36575;58078;128;37082;59237;18;0;0;40260153;35802622;1585349;2364;39350672;1418680;1072;0;1
FR;1;2021-10-13;32974;47839;64177;125;50643;65705;22;0;1;40293127;35850461;1649526;2489;39401315;1484385;1094;0;2
FR;1;2021-10-14;21715;34768;53772;103;35679;54366;24;0;0;40314842;35885229;1703298;2592;39436994;1538751;1118;0;2
FR;1;2021-10-15;32751;48757;72336;165;50453;75032;22;0;0;40347593;35933986;1775634;2757;39487447;1613783;1140;0;2
FR;1;2021-10-16;26013;35281;34872;44;38298;36426;13;0;0;40373606;35969267;1810506;2801;39525745;1650209;1153;0;2
FR;1;2021-10-17;3161;4049;3418;2;4494;3317;3;0;0;40376767;35973316;1813924;2803;39530239;1653526;1156;0;2
FR;1;2021-10-18;24352;34878;66849;132;34918;69732;27;0;0;40401119;36008194;1880773;2935;39565157;1723258;1183;0;2
FR;1;2021-10-19;20723;35569;75677;135;33223;79609;40;0;0;40421842;36043763;1956450;3070;39598380;1802867;1223;0;2
FR;1;2021-10-20;29916;44197;96187;178;43271;99878;45;0;0;40451758;36087960;2052637;3248;39641651;1902745;1268;0;2
FR;1;2021-10-21;19803;35054;83198;107;31762;87064;29;0;0;40471561;36123014;2135835;3355;39673413;1989809;1297;0;2
FR;1;2021-10-22;29756;47761;103756;196;44560;109720;58;0;0;40501317;36170775;2239591;3551;39717973;2099529;1355;0;2
FR;1;2021-10-23;23057;35136;44875;57;36133;47383;11;0;0;40524374;36205911;2284466;3608;39754106;2146912;1366;0;2
FR;1;2021-10-24;2407;3842;3584;6;4042;3717;1;0;0;40526781;36209753;2288050;3614;39758148;2150629;1367;0;2
FR;1;2021-10-25;22501;30713;82030;143;29600;85836;36;0;0;40549282;36240466;2370080;3757;39787748;2236465;1403;0;2
FR;1;2021-10-26;19367;27641;86123;162;24741;90352;29;0;0;40568649;36268107;2456203;3919;39812489;2326817;1432;0;2
FR;1;2021-10-27;26223;39614;107825;252;37305;112742;45;0;0;40594872;36307721;2564028;4171;39849794;2439559;1477;0;2
FR;1;2021-10-28;18803;27108;86967;150;23485;91734;34;0;0;40613675;36334829;2650995;4321;39873279;2531293;1511;0;2
FR;1;2021-10-29;25934;40253;114842;202;35489;121679;50;0;0;40639609;36375082;2765837;4523;39908768;2652972;1561;0;2
FR;1;2021-10-30;17713;28714;49373;74;28302;51969;18;0;0;40657322;36403796;2815210;4597;39937070;2704941;1579;0;2
FR;1;2021-10-31;2087;3170;3452;2;3216;3686;2;0;0;40659409;36406966;2818662;4599;39940286;2708627;1581;0;2
FR;1;2021-11-01;8023;4272;3036;3;4359;3293;6;0;0;40667432;36411238;2821698;4602;39944645;2711920;1587;0;2
FR;1;2021-11-02;22911;33225;92416;156;29178;97872;39;0;1;40690343;36444463;2914114;4758;39973823;2809792;1626;0;3
FR;1;2021-11-03;26634;41549;117522;219;37001;123906;56;0;0;40716977;36486012;3031636;4977;40010824;2933698;1682;0;3
FR;1;2021-11-04;19626;30293;105825;213;24188;111969;42;0;0;40736603;36516305;3137461;5190;40035012;3045667;1724;0;3
FR;1;2021-11-05;27024;42293;138797;230;34176;147483;46;0;0;40763627;36558598;3276258;5420;40069188;3193150;1770;0;3
FR;1;2021-11-06;18864;29808;63497;123;27610;66516;24;0;0;40782491;36588406;3339755;5543;40096798;3259666;1794;0;3
FR;1;2021-11-07;1834;3270;4985;6;3027;5302;5;0;0;40784325;36591676;3344740;5549;40099825;3264968;1799;0;3
FR;1;2021-11-08;17880;32245;126017;224;25388;132654;47;0;0;40802205;36623921;3470757;5773;40125213;3397622;1846;0;3
FR;1;2021-11-09;19519;37595;159326;334;26127;169142;63;0;0;40821724;36661516;3630083;6107;40151340;3566764;1909;0;3
FR;1;2021-11-10;28891;49060;181927;441;39016;192551;83;0;0;40850615;36710576;3812010;6548;40190356;3759315;1992;0;3
FR;1;2021-11-11;4192;5930;12237;26;5106;13027;14;0;0;40854807;36716506;3824247;6574;40195462;3772342;2006;0;3
FR;1;2021-11-12;26025;46820;174848;244;35294;186541;78;0;0;40880832;36763326;3999095;6818;40230756;3958883;2084;0;3
FR;1;2021-11-13;18735;29145;76848;111;25372;81795;40;0;0;40899567;36792471;4075943;6929;40256128;4040678;2124;0;3
FR;1;2021-11-14;2050;3242;6827;5;2797;7358;6;0;0;40901617;36795713;4082770;6934;40258925;4048036;2130;0;3
FR;1;2021-11-15;18794;34708;156446;306;24619;166281;59;0;0;40920411;36830421;4239216;7240;40283544;4214317;2189;0;3
FR;1;2021-11-16;21369;37815;192161;380;23325;205075;99;0;1;40941780;36868236;4431377;7620;40306869;4419392;2288;0;4
FR;1;2021-11-17;28672;45549;193255;398;33023;205078;93;0;0;40970452;36913785;4624632;8018;40339892;4624470;2381;0;4
FR;1;2021-11-18;21143;39598;182536;459;25139;194662;86;0;0;40991595;36953383;4807168;8477;40365031;4819132;2467;0;4
FR;1;2021-11-19;30893;53323;230282;532;34820;246777;135;0;0;41022488;37006706;5037450;9009;40399851;5065909;2602;0;4
FR;1;2021-11-20;23773;33212;97000;202;26732;103649;42;0;0;41046261;37039918;5134450;9211;40426583;5169558;2644;0;4
FR;1;2021-11-21;2342;3910;9131;19;2956;9940;16;0;0;41048603;37043828;5143581;9230;40429539;5179498;2660;0;4
FR;1;2021-11-22;21424;30322;175932;467;16942;189477;79;0;0;41070027;37074150;5319513;9697;40446481;5368975;2739;0;4
FR;1;2021-11-23;24031;40977;221262;540;21323;238018;77;0;0;41094058;37115127;5540775;10237;40467804;5606993;2816;0;4
FR;1;2021-11-24;30298;49645;217398;701;31966;234579;67;0;0;41124356;37164772;5758173;10938;40499770;5841572;2883;0;4
FR;1;2021-11-25;23733;44047;244518;718;22077;264217;101;0;0;41148089;37208819;6002691;11656;40521847;6105789;2984;0;4
FR;1;2021-11-26;30618;66645;356842;836;33247;388629;154;0;0;41178707;37275464;6359533;12492;40555094;6494418;3138;0;4
FR;1;2021-11-27;21960;45263;202662;372;26156;222690;112;0;0;41200667;37320727;6562195;12864;40581250;6717108;3250;0;4
FR;1;2021-11-28;3179;9544;54802;63;3468;61014;37;0;0;41203846;37330271;6616997;12927;40584718;6778122;3287;0;4
FR;1;2021-11-29;17902;49470;326427;841;20779;354572;150;0;0;41221748;37379741;6943424;13768;40605497;7132694;3437;0;4
FR;1;2021-11-30;22790;64825;431194;952;23805;470844;264;0;0;41244538;37444566;7374618;14720;40629302;7603538;3701;0;4
FR;1;2021-12-01;25360;69044;442951;1131;28440;481813;271;0;0;41269898;37513610;7817569;15851;40657742;8085351;3972;0;4
FR;1;2021-12-02;20089;64316;489454;1230;18453;532955;273;0;0;41289987;37577926;8307023;17081;40676195;8618306;4245;0;4
FR;1;2021-12-03;22911;82302;542836;1310;30295;591829;308;0;0;41312898;37660228;8849859;18391;40706490;9210135;4553;0;4
FR;1;2021-12-04;16416;53800;299134;654;23215;329001;181;0;0;41329314;37714028;9148993;19045;40729705;9539136;4734;0;4
FR;1;2021-12-05;3635;13779;81547;143;4198;91047;85;0;0;41332949;37727807;9230540;19188;40733903;9630183;4819;0;4
FR;1;2021-12-06;25846;62429;415513;1066;22070;455242;356;0;0;41358795;37790236;9646053;20254;40755973;10085425;5175;0;4
FR;1;2021-12-07;20018;75458;523060;1536;24285;572710;372;0;0;41378813;37865694;10169113;21790;40780258;10658135;5547;0;4
FR;1;2021-12-08;21717;75496;458538;1545;30654;502192;378;0;0;41400530;37941190;10627651;23335;40810912;11160327;5925;0;4
FR;1;2021-12-09;19472;73973;493052;1625;24343;541084;397;0;0;41420002;38015163;11120703;24960;40835255;11701411;6322;0;4
FR;1;2021-12-10;23330;87533;547453;1585;32442;600088;392;0;1;41443332;38102696;11668156;26545;40867697;12301499;6714;0;5
FR;1;2021-12-11;16533;59089;302763;751;25956;335493;278;0;0;41459865;38161785;11970919;27296;40893653;12636992;6992;0;5
FR;1;2021-12-12;4396;15882;83237;179;5247;94046;96;0;0;41464261;38177667;12054156;27475;40898900;12731038;7088;0;5
FR;1;2021-12-13;15762;63447;367073;1094;23945;406363;236;0;0;41480023;38241114;12421229;28569;40922845;13137401;7324;0;5
FR;1;2021-12-14;20867;80119;464872;1748;28655;515324;506;0;1;41500890;38321233;12886101;30317;40951500;13652725;7830;0;6
FR;1;2021-12-15;21625;77312;409171;1309;33028;453245;311;0;1;41522515;38398545;13295272;31626;40984528;14105970;8141;0;7
FR;1;2021-12-16;20065;77060;451979;1577;27936;500709;324;0;0;41542580;38475605;13747251;33203;41012464;14606679;8465;0;7
FR;1;2021-12-17;22628;86393;480014;1737;34661;531040;372;0;0;41565208;38561998;14227265;34940;41047125;15137719;8837;0;7
FR;1;2021-12-18;17610;54562;257654;731;24690;288531;232;0;0;41582818;38616560;14484919;35671;41071815;15426250;9069;0;7
FR;1;2021-12-19;5563;16922;79203;194;5923;90685;116;0;0;41588381;38633482;14564122;35865;41077738;15516935;9185;0;7
FR;1;2021-12-20;20952;62903;316295;1082;26507;355338;284;0;0;41609333;38696385;14880417;36947;41104245;15872273;9469;0;7
FR;1;2021-12-21;26339;72867;372808;1422;30566;418131;338;0;0;41635672;38769252;15253225;38369;41134811;16290404;9807;0;7
FR;1;2021-12-22;24988;65675;310690;1217;29604;349613;361;0;1;41660660;38834927;15563915;39586;41164415;16640017;10168;0;8
FR;1;2021-12-23;21273;52127;241527;958;23358;273066;361;0;0;41681933;38887054;15805442;40544;41187773;16913083;10529;0;8
FR;1;2021-12-24;7129;18262;67167;258;9244;77054;154;0;1;41689062;38905316;15872609;40802;41197017;16990137;10683;0;9
FR;1;2021-12-25;508;2869;5593;15;1797;6540;55;0;0;41689570;38908185;15878202;40817;41198814;16996677;10738;0;9
FR;1;2021-12-26;2750;7575;26953;71;3495;31466;100;0;0;41692320;38915760;15905155;40888;41202309;17028143;10838;0;9
FR;1;2021-12-27;18312;53484;235141;705;25474;265802;365;0;0;41710632;38969244;16140296;41593;41227783;17293945;11203;0;9
FR;1;2021-12-28;23303;61885;292063;1026;26996;330233;595;0;1;41733935;39031129;16432359;42619;41254779;17624178;11798;0;10
FR;1;2021-12-29;22217;55386;255041;921;25269;288237;645;0;1;41756152;39086515;16687400;43540;41280048;17912415;12443;0;11
FR;1;2021-12-30;21239;46422;212183;857;22450;239636;718;0;0;41777391;39132937;16899583;44397;41302498;18152051;13161;0;11
FR;1;2021-12-31;7467;16539;61880;229;8717;70417;346;0;0;41784858;39149476;16961463;44626;41311215;18222468;13507;0;11
FR;1;2022-01-01;1164;2492;5667;30;1542;6580;73;0;0;41786022;39151968;16967130;44656;41312757;18229048;13580;0;11
FR;1;2022-01-02;3088;8074;28896;50;3669;33538;190;0;0;41789110;39160042;16996026;44706;41316426;18262586;13770;0;11
FR;1;2022-01-03;26443;54176;228277;790;27539;257743;960;0;1;41815553;39214218;17224303;45496;41343965;18520329;14730;0;12
FR;1;2022-01-04;26260;64998;299307;1240;29798;337350;1366;0;2;41841813;39279216;17523610;46736;41373763;18857679;16096;0;14
FR;1;2022-01-05;30559;64251;274919;1099;32521;310297;1264;0;0;41872372;39343467;17798529;47835;41406284;19167976;17360;0;14
FR;1;2022-01-06;26849;66192;306937;1404;29279;346597;1568;0;1;41899221;39409659;18105466;49239;41435563;19514573;18928;0;15
FR;1;2022-01-07;31579;74991;349870;1538;34401;394013;1823;0;1;41930800;39484650;18455336;50777;41469964;19908586;20751;0;16
FR;1;2022-01-08;23390;51358;222507;698;25578;251131;913;0;1;41954190;39536008;18677843;51475;41495542;20159717;21664;0;17
FR;1;2022-01-09;7092;17136;66033;163;8172;76139;335;0;0;41961282;39553144;18743876;51638;41503714;20235856;21999;0;17
FR;1;2022-01-10;21803;60593;236827;957;32925;267623;1258;0;1;41983085;39613737;18980703;52595;41536639;20503479;23257;0;18
FR;1;2022-01-11;26776;63444;282327;1280;31207;317847;1837;0;1;42009861;39677181;19263030;53875;41567846;20821326;25094;0;19
FR;1;2022-01-12;28964;62488;246297;1106;35052;278085;1686;0;3;42038825;39739669;19509327;54981;41602898;21099411;26780;0;22
FR;1;2022-01-13;24789;60158;262825;1253;30036;296142;1993;0;4;42063614;39799827;19772152;56234;41632934;21395553;28773;0;26
FR;1;2022-01-14;27969;66700;314044;1366;32121;351296;2475;0;1;42091583;39866527;20086196;57600;41665055;21746849;31248;0;27
FR;1;2022-01-15;19371;44414;199327;618;22471;223861;1362;0;1;42110954;39910941;20285523;58218;41687526;21970710;32610;0;28
FR;1;2022-01-16;5162;12961;51533;135;6021;59559;337;0;0;42116116;39923902;20337056;58353;41693547;22030269;32947;0;28
FR;1;2022-01-17;16881;39677;184851;783;20122;206835;1691;0;2;42132997;39963579;20521907;59136;41713669;22237104;34638;0;30
FR;1;2022-01-18;19457;45962;212446;1154;22988;237046;2458;0;1;42152454;40009541;20734353;60290;41736657;22474150;37096;0;31
FR;1;2022-01-19;20312;43958;176130;898;25480;197190;1977;0;4;42172766;40053499;20910483;61188;41762137;22671340;39073;0;35
FR;1;2022-01-20;16849;40567;183715;1147;20806;204762;2516;0;2;42189615;40094066;21094198;62335;41782943;22876102;41589;0;37
FR;1;2022-01-21;19919;47026;228979;1405;23901;253359;3106;0;1;42209534;40141092;21323177;63740;41806844;23129461;44695;0;38
FR;1;2022-01-22;13844;33333;144505;579;18436;161391;1404;0;2;42223378;40174425;21467682;64319;41825280;23290852;46099;0;40
FR;1;2022-01-23;3380;8766;33434;132;4577;38322;352;0;1;42226758;40183191;21501116;64451;41829857;23329174;46451;0;41
FR;1;2022-01-24;11815;32978;142237;718;17794;158278;2104;0;1;42238573;40216169;21643353;65169;41847651;23487452;48555;0;42
FR;1;2022-01-25;14214;38167;163425;1049;20287;181564;3181;0;1;42252787;40254336;21806778;66218;41867938;23669016;51736;0;43
FR;1;2022-01-26;14864;37721;150263;933;22638;166386;2516;0;1;42267651;40292057;21957041;67151;41890576;23835402;54252;0;44
FR;1;2022-01-27;12340;33325;143468;896;18498;158036;3230;0;3;42279991;40325382;22100509;68047;41909074;23993438;57482;0;47
FR;1;2022-01-28;16328;56911;198328;1144;32664;222394;4006;0;3;42296319;40382293;22298837;69191;41941738;24215832;61488;0;50
FR;1;2022-01-29;10269;35472;135212;525;19612;151540;1880;0;1;42306588;40417765;22434049;69716;41961350;24367372;63368;0;51
FR;1;2022-01-30;2485;9258;29686;86;4831;34449;434;0;1;42309073;40427023;22463735;69802;41966181;24401821;63802;0;52
FR;1;2022-01-31;8758;32468;104353;533;19471;117351;2340;0;3;42317831;40459491;22568088;70335;41985652;24519172;66142;0;55
FR;1;2022-02-01;11000;36458;127087;865;20636;141222;4325;0;1;42328831;40495949;22695175;71200;42006288;24660394;70467;0;56
FR;1;2022-02-02;12057;41572;130367;782;25265;145819;3774;0;9;42340888;40537521;22825542;71982;42031553;24806213;74241;0;65
FR;1;2022-02-03;9435;34046;117028;785;19110;130334;4284;0;4;42350323;40571567;22942570;72767;42050663;24936547;78525;0;69
FR;1;2022-02-04;11539;49376;172586;967;26667;192728;5480;0;5;42361862;40620943;23115156;73734;42077330;25129275;84005;0;74
FR;1;2022-02-05;7999;33925;117592;391;18173;133030;2413;0;3;42369861;40654868;23232748;74125;42095503;25262305;86418;0;77
FR;1;2022-02-06;1706;7994;22754;86;3872;26905;444;0;0;42371567;40662862;23255502;74211;42099375;25289210;86862;0;77
FR;1;2022-02-07;7356;35390;119113;459;18170;134976;3397;0;4;42378923;40698252;23374615;74670;42117545;25424186;90259;0;81
FR;1;2022-02-08;7770;31958;125667;695;14891;140657;4300;0;5;42386693;40730210;23500282;75365;42132436;25564843;94559;0;86
FR;1;2022-02-09;8653;36520;135263;702;17919;152508;3884;0;7;42395346;40766730;23635545;76067;42150355;25717351;98443;0;93
FR;1;2022-02-10;7023;30134;116382;676;13897;130171;4444;0;1;42402369;40796864;23751927;76743;42164252;25847522;102887;0;94
FR;1;2022-02-11;8659;41558;165145;878;18370;185369;5430;0;3;42411028;40838422;23917072;77621;42182622;26032891;108317;0;97
FR;1;2022-02-12;5345;27617;106714;379;12539;120899;2396;0;2;42416373;40866039;24023786;78000;42195161;26153790;110713;0;99
FR;1;2022-02-13;1269;5720;21720;66;2187;25338;402;0;3;42417642;40871759;24045506;78066;42197348;26179128;111115;0;102
FR;1;2022-02-14;5459;27228;118093;394;10644;133121;3384;0;4;42423101;40898987;24163599;78460;42207992;26312249;114499;0;106
FR;1;2022-02-15;5793;28868;118940;611;12215;132573;4882;0;1;42428894;40927855;24282539;79071;42220207;26444822;119381;0;107
FR;1;2022-02-16;5761;28494;110424;596;13759;123055;4152;0;3;42434655;40956349;24392963;79667;42233966;26567877;123533;0;110
FR;1;2022-02-17;4613;19744;73150;489;10126;80256;3998;0;3;42439268;40976093;24466113;80156;42244092;26648133;127531;0;113
FR;1;2022-02-18;5611;26793;99207;673;14166;108167;5519;0;2;42444879;41002886;24565320;80829;42258258;26756300;133050;0;115
FR;1;2022-02-19;3551;17178;59477;304;9570;66058;2266;0;0;42448430;41020064;24624797;81133;42267828;26822358;135316;0;115
FR;1;2022-02-20;791;3257;10706;36;1650;12333;360;0;1;42449221;41023321;24635503;81169;42269478;26834691;135676;0;116
FR;1;2022-02-21;3430;14598;52829;286;7919;57677;3126;0;2;42452651;41037919;24688332;81455;42277397;26892368;138802;0;118
FR;1;2022-02-22;3799;15545;51918;500;9042;55656;4070;0;1;42456450;41053464;24740250;81955;42286439;26948024;142872;0;119
FR;1;2022-02-23;4233;17825;57483;510;10744;62584;3569;0;3;42460683;41071289;24797733;82465;42297183;27010608;146441;0;122
FR;1;2022-02-24;3344;13143;43619;436;7837;46410;3657;0;2;42464027;41084432;24841352;82901;42305020;27057018;150098;0;124
FR;1;2022-02-25;4475;20055;64924;697;12173;68796;5767;0;4;42468502;41104487;24906276;83598;42317193;27125814;155865;0;128
FR;1;2022-02-26;2698;12804;41371;310;7651;45124;2494;0;2;42471200;41117291;24947647;83908;42324844;27170938;158359;0;130
FR;1;2022-02-27;644;2191;7131;42;1206;7994;433;0;0;42471844;41119482;24954778;83950;42326050;27178932;158792;0;130
FR;1;2022-02-28;2612;10496;34966;306;6077;37392;3124;0;0;42474456;41129978;24989744;84256;42332127;27216324;161916;0;130
FR;1;2022-03-01;3585;10757;38707;391;6361;39661;4550;0;4;42478041;41140735;25028451;84647;42338488;27255985;166466;0;134
FR;1;2022-03-02;3681;12187;41868;398;7453;43938;4110;0;1;42481722;41152922;25070319;85045;42345941;27299923;170576;0;135
FR;1;2022-03-03;2462;7988;26185;329;5243;26523;3380;0;1;42484184;41160910;25096504;85374;42351184;27326446;173956;0;136
FR;1;2022-03-04;2689;10530;35464;594;6961;34958;5280;0;3;42486873;41171440;25131968;85968;42358145;27361404;179236;0;139
FR;1;2022-03-05;1823;6364;21971;280;4202;22370;2571;0;1;42488696;41177804;25153939;86248;42362347;27383774;181807;0;140
FR;1;2022-03-06;359;957;2917;38;603;3120;327;0;0;42489055;41178761;25156856;86286;42362950;27386894;182134;0;140
FR;1;2022-03-07;1820;4723;16440;245;3045;15908;2831;0;4;42490875;41183484;25173296;86531;42365995;27402802;184965;0;144
FR;1;2022-03-08;1716;5260;17170;309;3671;15998;3472;0;3;42492591;41188744;25190466;86840;42369666;27418800;188437;0;147
FR;1;2022-03-09;1988;6677;19818;370;4752;19177;3422;0;4;42494579;41195421;25210284;87210;42374418;27437977;191859;0;151
FR;1;2022-03-10;1415;5014;15298;308;3666;14336;2943;0;2;42495994;41200435;25225582;87518;42378084;27452313;194802;0;153
FR;1;2022-03-11;1761;6407;21717;487;4442;19870;4739;0;1;42497755;41206842;25247299;88005;42382526;27472183;199541;0;154
FR;1;2022-03-12;1262;4653;15366;281;3095;14915;2686;0;2;42499017;41211495;25262665;88286;42385621;27487098;202227;0;156
FR;1;2022-03-13;257;612;2120;119;413;2066;468;0;0;42499274;41212107;25264785;88405;42386034;27489164;202695;0;156
FR;1;2022-03-14;1156;3678;13406;3882;2293;12528;6342;0;8;42500430;41215785;25278191;92287;42388327;27501692;209037;0;164
FR;1;2022-03-15;1409;5734;14663;6865;4319;13259;9846;0;8;42501839;41221519;25292854;99152;42392646;27514951;218883;0;172
FR;1;2022-03-16;1695;5088;17397;11520;3598;16461;14125;0;6;42503534;41226607;25310251;110672;42396244;27531412;233008;0;178
FR;1;2022-03-17;1177;3441;11733;9648;2366;10828;11732;0;8;42504711;41230048;25321984;120320;42398610;27542240;244740;0;186
FR;1;2022-03-18;1726;4930;17979;16507;3324;16417;19722;0;14;42506437;41234978;25339963;136827;42401934;27558657;264462;0;200
FR;1;2022-03-19;1126;3300;11891;8460;2276;11360;10142;0;6;42507563;41238278;25351854;145287;42404210;27570017;274604;0;206
FR;1;2022-03-20;224;560;1725;1014;362;1759;1224;0;2;42507787;41238838;25353579;146301;42404572;27571776;275828;0;208
FR;1;2022-03-21;1087;2766;11503;13462;1787;10852;15142;0;10;42508874;41241604;25365082;159763;42406359;27582628;290970;0;218
FR;1;2022-03-22;1282;3212;12260;18716;2153;11248;20619;0;5;42510156;41244816;25377342;178479;42408512;27593876;311589;0;223
FR;1;2022-03-23;1513;4357;16033;20111;2953;15714;21882;0;34;42511669;41249173;25393375;198590;42411465;27609590;333471;0;257
FR;1;2022-03-24;1118;2754;10402;16056;1910;9663;17561;0;15;42512787;41251927;25403777;214646;42413375;27619253;351032;0;272
FR;1;2022-03-25;1537;4361;16753;25315;2879;15405;27959;0;23;42514324;41256288;25420530;239961;42416254;27634658;378991;0;295
FR;1;2022-03-26;1110;3015;10856;11450;2064;10517;12862;0;20;42515434;41259303;25431386;251411;42418318;27645175;391853;0;315
FR;1;2022-03-27;236;546;1751;1383;335;1804;1594;0;1;42515670;41259849;25433137;252794;42418653;27646979;393447;0;316
FR;1;2022-03-28;1082;2489;9980;15885;1556;9602;17229;0;10;42516752;41262338;25443117;268679;42420209;27656581;410676;0;326
FR;1;2022-03-29;1142;2748;11561;25111;1599;10925;26508;0;30;42517894;41265086;25454678;293790;42421808;27667506;437184;0;356
FR;1;2022-03-30;1632;3614;14171;24230;2388;13711;25894;0;19;42519526;41268700;25468849;318020;42424196;27681217;463078;0;375
FR;1;2022-03-31;1280;3016;11700;22688;2042;11215;24008;0;40;42520806;41271716;25480549;340708;42426238;27692432;487086;0;415
FR;1;2022-04-01;2236;4022;18489;28533;2477;17359;30805;0;53;42523042;41275738;25499038;369241;42428715;27709791;517891;0;468
FR;1;2022-04-02;910;1892;8197;9238;1106;7958;10232;0;28;42523952;41277630;25507235;378479;42429821;27717749;528123;0;496
FR;1;2022-04-03;206;382;1433;1058;219;1435;1249;0;1;42524158;41278012;25508668;379537;42430040;27719184;529372;0;497
FR;1;2022-04-04;3475;2537;11376;17680;1623;10769;18898;0;30;42527633;41280549;25520044;397217;42431663;27729953;548270;0;527
FR;1;2022-04-05;2240;2714;13003;31220;1698;12030;32600;0;68;42529873;41283263;25533047;428437;42433361;27741983;580870;0;595
FR;1;2022-04-06;1885;3013;12205;23946;1920;11641;25244;0;62;42531758;41286276;25545252;452383;42435281;27753624;606114;0;657
FR;1;2022-04-07;1694;2748;12356;31094;1647;11822;32169;0;68;42533452;41289024;25557608;483477;42436928;27765446;638283;0;725
FR;1;2022-04-08;1847;3703;17568;40646;2092;16494;42700;0;76;42535299;41292727;25575176;524123;42439020;27781940;680983;0;801
FR;1;2022-04-09;827;1998;8405;12503;1075;8105;13502;0;26;42536126;41294725;25583581;536626;42440095;27790045;694485;0;827
FR;1;2022-04-10;201;653;1836;1855;418;1882;2075;0;6;42536327;41295378;25585417;538481;42440513;27791927;696560;0;833
FR;1;2022-04-11;1099;2255;10970;22351;1304;10687;23458;0;68;42537426;41297633;25596387;560832;42441817;27802614;720018;0;901
FR;1;2022-04-12;1351;2673;12826;38146;1587;12315;38897;0;119;42538777;41300306;25609213;598978;42443404;27814929;758915;0;1020
FR;1;2022-04-13;1282;2894;12278;30627;1789;12009;31399;0;85;42540059;41303200;25621491;629605;42445193;27826938;790314;0;1105
FR;1;2022-04-14;1232;2594;12118;33633;1597;12132;34070;0;87;42541291;41305794;25633609;663238;42446790;27839070;824384;0;1192
FR;1;2022-04-15;1501;3273;14407;33268;2089;13811;34671;0;107;42542792;41309067;25648016;696506;42448879;27852881;859055;0;1299
FR;1;2022-04-16;661;1410;5845;8003;767;5777;8757;0;31;42543453;41310477;25653861;704509;42449646;27858658;867812;0;1330
FR;1;2022-04-17;157;290;930;1121;177;975;1171;0;7;42543610;41310767;25654791;705630;42449823;27859633;868983;0;1337
FR;1;2022-04-18;168;481;2636;1002;297;2660;1187;0;5;42543778;41311248;25657427;706632;42450120;27862293;870170;0;1342
FR;1;2022-04-19;1258;2609;11788;27935;1498;11518;28791;0;69;42545036;41313857;25669215;734567;42451618;27873811;898961;0;1411
FR;1;2022-04-20;1355;2671;12177;26882;1674;12029;27707;0;82;42546391;41316528;25681392;761449;42453292;27885840;926668;0;1493
FR;1;2022-04-21;1244;2461;11550;33261;1510;11766;33613;0;107;42547635;41318989;25692942;794710;42454802;27897606;960281;0;1600
FR;1;2022-04-22;1527;3089;15217;35504;1924;14794;36702;0;120;42549162;41322078;25708159;830214;42456726;27912400;996983;0;1720
FR;1;2022-04-23;767;1583;6736;9894;919;6642;10578;0;30;42549929;41323661;25714895;840108;42457645;27919042;1007561;0;1750
FR;1;2022-04-24;196;377;1374;1523;241;1328;1747;0;7;42550125;41324038;25716269;841631;42457886;27920370;1009308;0;1757
FR;1;2022-04-25;1042;2131;9857;19733;1254;9757;20555;0;64;42551167;41326169;25726126;861364;42459140;27930127;1029863;0;1821
FR;1;2022-04-26;1351;2623;12604;36631;1605;12204;37218;0;163;42552518;41328792;25738730;897995;42460745;27942331;1067081;0;1984
FR;1;2022-04-27;1330;2407;10654;29273;1465;10790;29659;0;122;42553848;41331199;25749384;927268;42462210;27953121;1096740;0;2106
FR;1;2022-04-28;1284;2411;11561;34309;1518;11403;34458;0;127;42555132;41333610;25760945;961577;42463728;27964524;1131198;0;2233
FR;1;2022-04-29;1613;4287;14406;35563;3160;13858;36853;0;153;42556745;41337897;25775351;997140;42466888;27978382;1168051;0;2386
FR;1;2022-04-30;839;3646;6446;9173;3074;6290;9974;0;35;42557584;41341543;25781797;1006313;42469962;27984672;1178025;0;2421
FR;1;2022-05-01;177;288;832;951;190;826;1080;0;5;42557761;41341831;25782629;1007264;42470152;27985498;1179105;0;2426
FR;1;2022-05-02;2027;2611;10379;16950;1766;10303;17632;0;64;42559788;41344442;25793008;1024214;42471918;27995801;1196737;0;2490
FR;1;2022-05-03;1680;2877;12711;32896;1761;12603;33695;0;149;42561468;41347319;25805719;1057110;42473679;28008404;1230432;0;2639
FR;1;2022-05-04;1379;2745;11232;23822;1690;11393;24361;0;96;42562847;41350064;25816951;1080932;42475369;28019797;1254793;0;2735
FR;1;2022-05-05;1493;2728;12202;31857;1713;12124;32405;0;170;42564340;41352792;25829153;1112789;42477082;28031921;1287198;0;2905
FR;1;2022-05-06;1821;3236;14239;34939;1913;13823;36201;0;166;42566161;41356028;25843392;1147728;42478995;28045744;1323399;0;3071
FR;1;2022-05-07;859;1473;5979;9097;878;6013;9731;0;44;42567020;41357501;25849371;1156825;42479873;28051757;1333130;0;3115
FR;1;2022-05-08;190;329;1062;1472;221;1124;1548;0;8;42567210;41357830;25850433;1158297;42480094;28052881;1334678;0;3123
FR;1;2022-05-09;1160;2017;9247;19262;1157;9161;20035;0;93;42568370;41359847;25859680;1177559;42481251;28062042;1354713;0;3216
FR;1;2022-05-10;1505;3045;12620;37145;1955;12219;38043;0;177;42569875;41362892;25872300;1214704;42483206;28074261;1392756;0;3393
FR;1;2022-05-11;1440;2474;9911;26037;1692;9859;26558;0;138;42571315;41365366;25882211;1240741;42484898;28084120;1419314;0;3531
FR;1;2022-05-12;1325;2452;10523;33632;1544;10226;34275;0;188;42572640;41367818;25892734;1274373;42486442;28094346;1453589;0;3719
FR;1;2022-05-13;1616;2805;12770;35854;1682;12418;36949;0;149;42574256;41370623;25905504;1310227;42488124;28106764;1490538;0;3868
FR;1;2022-05-14;782;1324;5481;10217;809;5365;10732;0;51;42575038;41371947;25910985;1320444;42488933;28112129;1501270;0;3919
FR;1;2022-05-15;223;420;1182;1352;244;1252;1497;0;5;42575261;41372367;25912167;1321796;42489177;28113381;1502767;0;3924
FR;1;2022-05-16;971;1785;8079;20137;1004;8143;20550;0;117;42576232;41374152;25920246;1341933;42490181;28121524;1523317;0;4041
FR;1;2022-05-17;1295;2301;11122;36187;1384;10727;36972;0;172;42577527;41376453;25931368;1378120;42491565;28132251;1560289;0;4213
FR;1;2022-05-18;1313;2134;9040;25727;1367;8990;26286;0;99;42578840;41378587;25940408;1403847;42492932;28141241;1586575;0;4312
FR;1;2022-05-19;1204;2403;9853;33999;1411;9949;34200;0;150;42580044;41380990;25950261;1437846;42494343;28151190;1620775;0;4462
FR;1;2022-05-20;1561;2755;12530;37656;1718;12112;38515;0;151;42581605;41383745;25962791;1475502;42496061;28163302;1659290;0;4613
FR;1;2022-05-21;775;1384;5247;9374;876;5165;9943;0;37;42582380;41385129;25968038;1484876;42496937;28168467;1669233;0;4650
FR;1;2022-05-22;194;292;952;1397;204;951;1520;0;10;42582574;41385421;25968990;1486273;42497141;28169418;1670753;0;4660
FR;1;2022-05-23;971;1887;8370;19414;1174;8345;20031;0;79;42583545;41387308;25977360;1505687;42498315;28177763;1690784;0;4739
FR;1;2022-05-24;1288;2449;10727;37250;1441;10597;37823;0;173;42584833;41389757;25988087;1542937;42499756;28188360;1728607;0;4912
FR;1;2022-05-25;1273;2299;8792;23693;1426;8956;24055;0;111;42586106;41392056;25996879;1566630;42501182;28197316;1752662;0;5023
FR;1;2022-05-26;175;385;1585;1155;261;1579;1289;0;24;42586281;41392441;25998464;1567785;42501443;28198895;1753951;0;5047
FR;1;2022-05-27;1117;2188;8789;20458;1373;8537;21411;0;84;42587398;41394629;26007253;1588243;42502816;28207432;1775362;0;5131
FR;1;2022-05-28;486;1058;3691;6541;626;3728;6928;0;37;42587884;41395687;26010944;1594784;42503442;28211160;1782290;0;5168
FR;1;2022-05-29;121;257;707;896;149;718;1005;0;4;42588005;41395944;26011651;1595680;42503591;28211878;1783295;0;5172
FR;1;2022-05-30;831;1742;6558;18536;1044;6590;18990;0;85;42588836;41397686;26018209;1614216;42504635;28218468;1802285;0;5257
FR;1;2022-05-31;1266;2237;9247;34373;1371;9116;34975;0;159;42590102;41399923;26027456;1648589;42506006;28227584;1837260;0;5416
FR;1;2022-06-01;1330;2602;10438;23459;1748;10301;24306;0;116;42591432;41402525;26037894;1672048;42507754;28237885;1861566;0;5532
FR;1;2022-06-02;1226;2307;10664;34153;1445;10242;34986;0;162;42592658;41404832;26048558;1706201;42509199;28248127;1896552;0;5694
FR;1;2022-06-03;1445;2742;12730;37108;1732;12150;38285;0;157;42594103;41407574;26061288;1743309;42510931;28260277;1934837;0;5851
FR;1;2022-06-04;684;1262;4750;8677;759;4826;9167;0;62;42594787;41408836;26066038;1751986;42511690;28265103;1944004;0;5913
FR;1;2022-06-05;134;292;810;1048;150;834;1153;0;3;42594921;41409128;26066848;1753034;42511840;28265937;1945157;0;5916
FR;1;2022-06-06;728;1176;2025;1252;1000;2042;1427;0;9;42595649;41410304;26068873;1754286;42512840;28267979;1946584;0;5925
FR;1;2022-06-07;1254;2341;9182;34046;1436;8842;35145;0;143;42596903;41412645;26078055;1788332;42514276;28276821;1981729;0;6068
FR;1;2022-06-08;1134;2236;8673;27612;1401;8556;28482;0;107;42598037;41414881;26086728;1815944;42515677;28285377;2010211;0;6175
FR;1;2022-06-09;1073;2149;9987;37569;1281;9671;38336;0;148;42599110;41417030;26096715;1853513;42516958;28295048;2048547;0;6323
FR;1;2022-06-10;1337;2851;12414;43132;1816;12005;44361;0;200;42600447;41419881;26109129;1896645;42518774;28307053;2092908;0;6523
FR;1;2022-06-11;661;1451;5139;11084;798;5188;11613;0;50;42601108;41421332;26114268;1907729;42519572;28312241;2104521;0;6573
FR;1;2022-06-12;154;377;1018;1687;189;1076;1788;0;11;42601262;41421709;26115286;1909416;42519761;28313317;2106309;0;6584
FR;1;2022-06-13;940;1839;7015;22226;1134;6872;23067;0;84;42602202;41423548;26122301;1931642;42520895;28320189;2129376;0;6668
FR;1;2022-06-14;1113;2230;9842;42848;1309;9245;43940;0;186;42603315;41425778;26132143;1974490;42522204;28329434;2173316;0;6854
FR;1;2022-06-15;1090;2002;8787;29381;1354;8466;29938;0;168;42604405;41427780;26140930;2003871;42523558;28337900;2203254;0;7022
FR;1;2022-06-16;956;1839;9400;38508;1060;8879;39415;0;188;42605361;41429619;26150330;2042379;42524618;28346779;2242669;0;7210
FR;1;2022-06-17;1225;2567;11911;44858;1479;11372;46003;0;224;42606586;41432186;26162241;2087237;42526097;28358151;2288672;0;7434
FR;1;2022-06-18;563;1277;4318;10544;717;4257;11086;0;62;42607149;41433463;26166559;2097781;42526814;28362408;2299758;0;7496
FR;1;2022-06-19;137;325;1003;1543;173;1082;1609;0;12;42607286;41433788;26167562;2099324;42526987;28363490;2301367;0;7508
FR;1;2022-06-20;860;1704;8494;25049;1002;8158;25910;0;144;42608146;41435492;26176056;2124373;42527989;28371648;2327277;0;7652
FR;1;2022-06-21;1101;2137;9765;47759;1253;8855;49104;0;241;42609247;41437629;26185821;2172132;42529242;28380503;2376381;0;7893
FR;1;2022-06-22;1044;2069;8434;37154;1296;7954;38016;0;231;42610291;41439698;26194255;2209286;42530538;28388457;2414397;0;8124
FR;1;2022-06-23;1054;2179;10122;52812;1210;9405;53821;0;290;42611345;41441877;26204377;2262098;42531748;28397862;2468218;0;8414
FR;1;2022-06-24;1255;2718;12913;65969;1487;11698;67640;0;367;42612600;41444595;26217290;2328067;42533235;28409560;2535858;0;8781
FR;1;2022-06-25;684;1506;5929;18923;792;5711;19722;0;163;42613284;41446101;26223219;2346990;42534027;28415271;2555580;0;8944
FR;1;2022-06-26;167;406;1817;3494;191;1713;3730;0;34;42613451;41446507;26225036;2350484;42534218;28416984;2559310;0;8978
FR;1;2022-06-27;943;1774;9901;45978;939;9127;47113;0;300;42614394;41448281;26234937;2396462;42535157;28426111;2606423;0;9278
FR;1;2022-06-28;1215;2575;13840;86566;1380;12405;88252;0;569;42615609;41450856;26248777;2483028;42536537;28438516;2694675;0;9847
FR;1;2022-06-29;1242;2293;11480;67398;1256;10547;68444;0;487;42616851;41453149;26260257;2550426;42537793;28449063;2763119;0;10334
FR;1;2022-06-30;1287;2479;13518;89970;1427;11827;91768;0;645;42618138;41455628;26273775;2640396;42539220;28460890;2854887;0;10979
FR;1;2022-07-01;1656;3477;20305;109192;1988;17965;111584;0;859;42619794;41459105;26294080;2749588;42541208;28478855;2966471;0;11838
FR;1;2022-07-02;770;1527;8021;33775;751;7251;34801;0;315;42620564;41460632;26302101;2783363;42541959;28486106;3001272;0;12153
FR;1;2022-07-03;228;480;1942;6118;256;1758;6444;0;71;42620792;41461112;26304043;2789481;42542215;28487864;3007716;0;12224
FR;1;2022-07-04;1526;3145;13932;75414;2024;12358;77304;0;589;42622318;41464257;26317975;2864895;42544239;28500222;3085020;0;12813
FR;1;2022-07-05;1475;2853;17688;126361;1506;15147;128474;0;1059;42623793;41467110;26335663;2991256;42545745;28515369;3213494;0;13872
FR;1;2022-07-06;1362;2399;14882;93729;1378;12905;95165;0;815;42625155;41469509;26350545;3084985;42547123;28528274;3308659;0;14687
FR;1;2022-07-07;1440;2539;16934;119491;1408;14006;121585;0;1074;42626595;41472048;26367479;3204476;42548531;28542280;3430244;0;15761
FR;1;2022-07-08;1533;2822;19608;129998;1539;15970;132804;0;1220;42628128;41474870;26387087;3334474;42550070;28558250;3563048;0;16981
FR;1;2022-07-09;662;1280;7306;36021;700;6348;36810;0;392;42628790;41476150;26394393;3370495;42550770;28564598;3599858;0;17373
FR;1;2022-07-10;241;649;2240;6689;404;2032;7068;0;89;42629031;41476799;26396633;3377184;42551174;28566630;3606926;0;17462
FR;1;2022-07-11;1232;2235;14318;84452;1172;11939;86563;0;734;42630263;41479034;26410951;3461636;42552346;28578569;3693489;0;18196
FR;1;2022-07-12;1595;2800;19462;137422;1436;15901;139911;0;1485;42631858;41481834;26430413;3599058;42553782;28594470;3833400;0;19681
FR;1;2022-07-13;1449;2438;14789;89836;1315;12643;91521;0;1002;42633307;41484272;26445202;3688894;42555097;28607113;3924921;0;20683
FR;1;2022-07-14;161;350;1864;5288;195;1773;5435;0;74;42633468;41484622;26447066;3694182;42555292;28608886;3930356;0;20757
FR;1;2022-07-15;1265;2314;14361;80596;1198;12004;82600;0;960;42634733;41486936;26461427;3774778;42556490;28620890;4012956;0;21717
FR;1;2022-07-16;510;1063;5639;23949;555;4893;24589;0;302;42635243;41487999;26467066;3798727;42557045;28625783;4037545;0;22019
FR;1;2022-07-17;163;368;1656;4463;193;1500;4726;0;60;42635406;41488367;26468722;3803190;42557238;28627283;4042271;0;22079
FR;1;2022-07-18;973;2034;11300;59280;1144;9569;61005;0;715;42636379;41490401;26480022;3862470;42558382;28636852;4103276;0;22794
FR;1;2022-07-19;1231;2127;14691;99422;1191;11724;101417;0;1386;42637610;41492528;26494713;3961892;42559573;28648576;4204693;0;24180
FR;1;2022-07-20;1184;2003;12372;74370;1172;10282;75857;0;964;42638794;41494531;26507085;4036262;42560745;28658858;4280550;0;25144
FR;1;2022-07-21;1135;1952;12416;84541;1187;9992;85906;0;1211;42639929;41496483;26519501;4120803;42561932;28668850;4366456;0;26355
FR;1;2022-07-22;1268;2235;14101;85943;1249;11431;87682;0;1264;42641197;41498718;26533602;4206746;42563181;28680281;4454138;0;27619
FR;1;2022-07-23;547;1093;5236;21295;634;4610;21840;0;373;42641744;41499811;26538838;4228041;42563815;28684891;4475978;0;27992
FR;1;2022-07-24;148;305;1325;3699;152;1167;3923;0;65;42641892;41500116;26540163;4231740;42563967;28686058;4479901;0;28057
FR;1;2022-07-25;890;1631;9075;46116;981;7523;47492;0;680;42642782;41501747;26549238;4277856;42564948;28693581;4527393;0;28737
FR;1;2022-07-26;1132;1962;12680;81963;1119;10336;83576;0;1198;42643914;41503709;26561918;4359819;42566067;28703917;4610969;0;29935
FR;1;2022-07-27;1020;1729;9759;58520;1044;8139;59701;0;874;42644934;41505438;26571677;4418339;42567111;28712056;4670670;0;30809
FR;1;2022-07-28;980;1704;9853;61903;1113;7847;63131;0;967;42645914;41507142;26581530;4480242;42568224;28719903;4733801;0;31776
FR;1;2022-07-29;1112;1843;10458;62985;1169;8383;64299;0;1066;42647026;41508985;26591988;4543227;42569393;28728286;4798100;0;32842
FR;1;2022-07-30;393;723;3349;14491;439;2849;14851;0;279;42647419;41509708;26595337;4557718;42569832;28731135;4812951;0;33121
FR;1;2022-07-31;141;263;900;2335;158;766;2477;0;47;42647560;41509971;26596237;4560053;42569990;28731901;4815428;0;33168
FR;1;2022-08-01;777;1425;7254;28963;1041;6117;29954;0;519;42648337;41511396;26603491;4589016;42571031;28738018;4845382;0;33687
FR;1;2022-08-02;908;1481;8235;54035;996;6629;54685;0;1091;42649245;41512877;26611726;4643051;42572027;28744647;4900067;0;34778
FR;1;2022-08-03;729;1106;6152;37042;751;4935;37772;0;644;42649974;41513983;26617878;4680093;42572778;28749582;4937839;0;35422
FR;1;2022-08-04;648;1079;6256;41447;695;5051;42001;0;850;42650622;41515062;26624134;4721540;42573473;28754633;4979840;0;36272
FR;1;2022-08-05;742;1196;6764;43073;806;5433;43702;0;933;42651364;41516258;26630898;4764613;42574279;28760066;5023542;0;37205
FR;1;2022-08-06;275;461;1991;8999;301;1672;9191;0;218;42651639;41516719;26632889;4773612;42574580;28761738;5032733;0;37423
FR;1;2022-08-07;89;145;520;1556;101;436;1630;0;35;42651728;41516864;26633409;4775168;42574681;28762174;5034363;0;37458
FR;1;2022-08-08;515;1023;3803;21218;777;3137;21625;0;457;42652243;41517887;26637212;4796386;42575458;28765311;5055988;0;37915
FR;1;2022-08-09;625;1052;5682;38471;742;4557;38965;0;794;42652868;41518939;26642894;4834857;42576200;28769868;5094953;0;38709
FR;1;2022-08-10;546;1132;4435;26913;833;3636;27226;0;601;42653414;41520071;26647329;4861770;42577033;28773504;5122179;0;39310
FR;1;2022-08-11;548;917;4310;28206;629;3584;28534;0;634;42653962;41520988;26651639;4889976;42577662;28777088;5150713;0;39944
FR;1;2022-08-12;627;1037;4553;27165;711;3760;27577;0;668;42654589;41522025;26656192;4917141;42578373;28780848;5178290;0;40612
FR;1;2022-08-13;211;367;1248;5108;260;1065;5279;0;116;42654800;41522392;26657440;4922249;42578633;28781913;5183569;0;40728
FR;1;2022-08-14;66;115;276;871;96;235;941;0;24;42654866;41522507;26657716;4923120;42578729;28782148;5184510;0;40752
FR;1;2022-08-15;90;190;572;542;159;533;593;0;16;42654956;41522697;26658288;4923662;42578888;28782681;5185103;0;40768
FR;1;2022-08-16;532;948;3788;21487;706;3218;21687;0;582;42655488;41523645;26662076;4945149;42579594;28785899;5206790;0;41350
FR;1;2022-08-17;536;907;3768;22149;675;3194;22391;0;579;42656024;41524552;26665844;4967298;42580269;28789093;5229181;0;41929
FR;1;2022-08-18;547;887;3936;25439;687;3134;25661;0;630;42656571;41525439;26669780;4992737;42580956;28792227;5254842;0;42559
FR;1;2022-08-19;536;1047;4369;26544;747;3601;26852;0;732;42657107;41526486;26674149;5019281;42581703;28795828;5281694;0;43291
FR;1;2022-08-20;235;418;1289;5371;318;1106;5524;0;138;42657342;41526904;26675438;5024652;42582021;28796934;5287218;0;43429
FR;1;2022-08-21;84;111;287;989;76;253;1012;0;27;42657426;41527015;26675725;5025641;42582097;28797187;5288230;0;43456
FR;1;2022-08-22;495;897;3141;14953;668;2713;15229;0;411;42657921;41527912;26678866;5040594;42582765;28799900;5303459;0;43867
FR;1;2022-08-23;648;1062;4153;28321;746;3487;28400;0;830;42658569;41528974;26683019;5068915;42583511;28803387;5331859;0;44697
FR;1;2022-08-24;557;834;3401;19060;655;2770;19245;0;587;42659126;41529808;26686420;5087975;42584166;28806157;5351104;0;45284
FR;1;2022-08-25;564;928;3827;22919;648;3210;23148;0;655;42659690;41530736;26690247;5110894;42584814;28809367;5374252;0;45939
FR;1;2022-08-26;748;1134;4348;25156;808;3566;25531;0;745;42660438;41531870;26694595;5136050;42585622;28812933;5399783;0;46684
FR;1;2022-08-27;219;431;1324;5302;275;1192;5356;0;192;42660657;41532301;26695919;5141352;42585897;28814125;5405139;0;46876
FR;1;2022-08-28;111;146;298;898;105;280;947;0;33;42660768;41532447;26696217;5142250;42586002;28814405;5406086;0;46909
FR;1;2022-08-29;502;856;2976;14249;632;2515;14559;0;409;42661270;41533303;26699193;5156499;42586634;28816920;5420645;0;47318
FR;1;2022-08-30;741;1104;4626;27711;781;3776;28032;0;793;42662011;41534407;26703819;5184210;42587415;28820696;5448677;0;48111
FR;1;2022-08-31;586;831;3112;17234;609;2622;17496;0;483;42662597;41535238;26706931;5201444;42588024;28823318;5466173;0;48594
FR;1;2022-09-01;682;921;4330;21874;648;3689;22135;0;587;42663279;41536159;26711261;5223318;42588672;28827007;5488308;0;49181
FR;1;2022-09-02;777;1052;4882;27864;748;4079;28151;0;882;42664056;41537211;26716143;5251182;42589420;28831086;5516459;0;50063
FR;1;2022-09-03;318;506;1832;5875;345;1593;6104;0;174;42664374;41537717;26717975;5257057;42589765;28832679;5522563;0;50237
FR;1;2022-09-04;108;137;341;842;73;334;912;0;21;42664482;41537854;26718316;5257899;42589838;28833013;5523475;0;50258
FR;1;2022-09-05;606;737;3041;15690;561;2547;15973;0;499;42665088;41538591;26721357;5273589;42590399;28835560;5539448;0;50757
FR;1;2022-09-06;732;946;4569;31063;595;3708;31284;0;1002;42665820;41539537;26725926;5304652;42590994;28839268;5570732;0;51759
FR;1;2022-09-07;548;692;2919;16443;452;2422;16580;0;550;42666368;41540229;26728845;5321095;42591446;28841690;5587312;0;52309
FR;1;2022-09-08;573;790;3699;24207;536;3039;24288;0;796;42666941;41541019;26732544;5345302;42591982;28844729;5611600;0;53105
FR;1;2022-09-09;772;974;4304;26885;615;3592;27067;0;902;42667713;41541993;26736848;5372187;42592597;28848321;5638667;0;54007
FR;1;2022-09-10;335;492;1675;5588;322;1477;5778;0;204;42668048;41542485;26738523;5377775;42592919;28849798;5644445;0;54211
FR;1;2022-09-11;106;120;312;645;82;292;702;0;17;42668154;41542605;26738835;5378420;42593001;28850090;5645147;0;54228
FR;1;2022-09-12;455;595;2613;12948;416;2230;13228;0;462;42668609;41543200;26741448;5391368;42593417;28852320;5658375;0;54690
FR;1;2022-09-13;591;815;3868;25835;525;3381;25710;0;835;42669200;41544015;26745316;5417203;42593942;28855701;5684085;0;55525
FR;1;2022-09-14;576;705;2876;15695;490;2406;15931;0;537;42669776;41544720;26748192;5432898;42594432;28858107;5700016;0;56062
FR;1;2022-09-15;514;729;3337;23087;501;2844;23150;0;677;42670290;41545449;26751529;5455985;42594933;28860951;5723166;0;56739
FR;1;2022-09-16;720;936;4015;25333;621;3386;25534;0;891;42671010;41546385;26755544;5481318;42595554;28864337;5748700;0;57630
FR;1;2022-09-17;294;418;1395;5978;289;1220;6086;0;227;42671304;41546803;26756939;5487296;42595843;28865557;5754786;0;57857
FR;1;2022-09-18;99;124;310;923;101;278;979;0;33;42671403;41546927;26757249;5488219;42595944;28865835;5755765;0;57890
FR;1;2022-09-19;367;573;2135;12846;375;1831;12999;0;414;42671770;41547500;26759384;5501065;42596319;28867666;5768764;0;58304
FR;1;2022-09-20;559;808;3661;25829;555;3059;25869;0;853;42672329;41548308;26763045;5526894;42596874;28870725;5794633;0;59157
FR;1;2022-09-21;472;683;2626;15861;483;2254;15826;0;561;42672801;41548991;26765671;5542755;42597357;28872979;5810459;0;59718
FR;1;2022-09-22;539;764;3291;22951;504;2689;23141;0;742;42673340;41549755;26768962;5565706;42597861;28875668;5833600;0;60460
FR;1;2022-09-23;764;942;4351;28141;673;3632;28309;0;980;42674104;41550697;26773313;5593847;42598534;28879300;5861909;0;61440
FR;1;2022-09-24;352;536;1587;6694;376;1370;6867;0;300;42674456;41551233;26774900;5600541;42598910;28880670;5868776;0;61740
FR;1;2022-09-25;81;153;321;1071;106;293;1109;0;32;42674537;41551386;26775221;5601612;42599016;28880963;5869885;0;61772
FR;1;2022-09-26;382;647;2181;13073;424;1934;13167;0;412;42674919;41552033;26777402;5614685;42599440;28882897;5883052;0;62184
FR;1;2022-09-27;540;766;3458;25023;540;2794;25221;0;906;42675459;41552799;26780860;5639708;42599980;28885691;5908273;0;63090
FR;1;2022-09-28;520;717;2446;14964;504;2215;15053;0;597;42675979;41553516;26783306;5654672;42600484;28887906;5923326;0;63687
FR;1;2022-09-29;504;691;2984;20356;482;2509;20369;0;767;42676483;41554207;26786290;5675028;42600966;28890415;5943695;0;64454
FR;1;2022-09-30;685;976;3774;24427;679;3158;24675;0;970;42677168;41555183;26790064;5699455;42601645;28893573;5968370;0;65424
FR;1;2022-10-01;348;547;1903;5504;382;1658;5731;0;273;42677516;41555730;26791967;5704959;42602027;28895231;5974101;0;65697
FR;1;2022-10-02;53;120;204;568;82;204;589;0;29;42677569;41555850;26792171;5705527;42602109;28895435;5974690;0;65726
FR;1;2022-10-03;425;705;2213;10040;548;1972;10208;0;489;42677994;41556555;26794384;5715567;42602657;28897407;5984898;0;66215
FR;1;2022-10-04;551;708;2924;18922;477;2474;19010;0;1084;42678545;41557263;26797308;5734489;42603134;28899881;6003908;0;67299
FR;1;2022-10-05;433;689;2090;11113;461;1863;11242;0;723;42678978;41557952;26799398;5745602;42603595;28901744;6015150;0;68022
FR;1;2022-10-06;442;615;2493;15776;438;2058;15959;0;1060;42679420;41558567;26801891;5761378;42604033;28903802;6031109;0;69082
FR;1;2022-10-07;551;743;2693;16066;542;2310;16090;0;1161;42679971;41559310;26804584;5777444;42604575;28906112;6047199;0;70243
FR;1;2022-10-08;235;310;887;3170;242;775;3275;0;291;42680206;41559620;26805471;5780614;42604817;28906887;6050474;0;70534
FR;1;2022-10-09;76;87;150;461;77;134;487;0;51;42680282;41559707;26805621;5781075;42604894;28907021;6050961;0;70585
FR;1;2022-10-10;299;470;1317;4996;377;1235;5091;0;463;42680581;41560177;26806938;5786071;42605271;28908256;6056052;0;71048
FR;1;2022-10-11;319;443;1311;8085;330;1192;8186;0;757;42680900;41560620;26808249;5794156;42605601;28909448;6064238;0;71805
FR;1;2022-10-12;326;453;1065;5186;343;1061;5201;0;520;42681226;41561073;26809314;5799342;42605944;28910509;6069439;0;72325
FR;1;2022-10-13;325;410;1068;6085;319;929;6130;0;628;42681551;41561483;26810382;5805427;42606263;28911438;6075569;0;72953
FR;1;2022-10-14;408;533;1173;6710;449;1047;6778;0;676;42681959;41562016;26811555;5812137;42606712;28912485;6082347;0;73629
FR;1;2022-10-15;204;281;527;1860;234;509;1868;0;226;42682163;41562297;26812082;5813997;42606946;28912994;6084215;0;73855
FR;1;2022-10-16;47;62;111;296;43;118;315;0;48;42682210;41562359;26812193;5814293;42606989;28913112;6084530;0;73903
FR;1;2022-10-17;235;327;734;2652;260;690;2696;0;366;42682445;41562686;26812927;5816945;42607249;28913802;6087226;0;74269
FR;1;2022-10-18;262;315;952;4591;251;831;4694;0;865;42682707;41563001;26813879;5821536;42607500;28914633;6091920;0;75134
FR;1;2022-10-19;280;368;693;3183;301;662;3164;0;502;42682987;41563369;26814572;5824719;42607801;28915295;6095084;0;75636
FR;1;2022-10-20;281;329;894;4365;276;782;4403;0;771;42683268;41563698;26815466;5829084;42608077;28916077;6099487;0;76407
FR;1;2022-10-21;302;412;846;3803;364;741;3875;0;675;42683570;41564110;26816312;5832887;42608441;28916818;6103362;0;77082
FR;1;2022-10-22;135;176;306;1251;154;300;1216;0;210;42683705;41564286;26816618;5834138;42608595;28917118;6104578;0;77292
FR;1;2022-10-23;31;43;64;197;41;58;213;0;25;42683736;41564329;26816682;5834335;42608636;28917176;6104791;0;77317
FR;1;2022-10-24;273;232;477;1603;201;474;1659;0;306;42684009;41564561;26817159;5835938;42608837;28917650;6106450;0;77623
FR;1;2022-10-25;219;256;524;2650;224;446;2705;0;487;42684228;41564817;26817683;5838588;42609061;28918096;6109155;0;78110
FR;1;2022-10-26;235;245;391;1956;231;367;1963;0;435;42684463;41565062;26818074;5840544;42609292;28918463;6111118;0;78545
FR;1;2022-10-27;258;227;489;2167;198;508;2151;0;518;42684721;41565289;26818563;5842711;42609490;28918971;6113269;0;79063
FR;1;2022-10-28;310;317;532;2333;297;470;2399;0;478;42685031;41565606;26819095;5845044;42609787;28919441;6115668;0;79541
FR;1;2022-10-29;99;149;176;712;118;210;703;0;202;42685130;41565755;26819271;5845756;42609905;28919651;6116371;0;79743
FR;1;2022-10-30;38;43;62;183;35;56;189;0;38;42685168;41565798;26819333;5845939;42609940;28919707;6116560;0;79781
FR;1;2022-10-31;136;181;294;796;160;271;863;0;143;42685304;41565979;26819627;5846735;42610100;28919978;6117423;0;79924
FR;1;2022-11-01;47;123;764;115;107;762;135;0;18;42685351;41566102;26820391;5846850;42610207;28920740;6117558;0;79942
FR;1;2022-11-02;259;228;527;981;223;494;1045;0;356;42685610;41566330;26820918;5847831;42610430;28921234;6118603;0;80298
FR;1;2022-11-03;267;228;441;1378;213;401;1417;0;374;42685877;41566558;26821359;5849209;42610643;28921635;6120020;0;80672
FR;1;2022-11-04;231;258;424;1597;237;401;1637;0;438;42686108;41566816;26821783;5850806;42610880;28922036;6121657;0;81110
FR;1;2022-11-05;98;118;272;501;107;254;523;0;111;42686206;41566934;26822055;5851307;42610987;28922290;6122180;0;81221
FR;1;2022-11-06;36;42;32;131;41;35;129;0;33;42686242;41566976;26822087;5851438;42611028;28922325;6122309;0;81254
FR;1;2022-11-07;184;206;295;892;193;286;938;0;211;42686426;41567182;26822382;5852330;42611221;28922611;6123247;0;81465
FR;1;2022-11-08;198;236;459;1679;224;405;1707;0;523;42686624;41567418;26822841;5854009;42611445;28923016;6124954;0;81988
FR;1;2022-11-09;184;210;334;1102;198;300;1140;0;476;42686808;41567628;26823175;5855111;42611643;28923316;6126094;0;82464
FR;1;2022-11-10;209;278;429;1678;267;438;1665;0;580;42687017;41567906;26823604;5856789;42611910;28923754;6127759;0;83044
FR;1;2022-11-11;27;37;104;100;36;90;114;0;44;42687044;41567943;26823708;5856889;42611946;28923844;6127873;0;83088
FR;1;2022-11-12;90;126;256;375;113;255;390;0;101;42687134;41568069;26823964;5857264;42612059;28924099;6128263;0;83189
FR;1;2022-11-13;20;37;28;64;34;31;66;0;26;42687154;41568106;26823992;5857328;42612093;28924130;6128329;0;83215
FR;1;2022-11-14;170;177;257;767;165;261;837;0;235;42687324;41568283;26824249;5858095;42612258;28924391;6129166;0;83450
FR;1;2022-11-15;213;242;384;1296;241;360;1336;0;436;42687537;41568525;26824633;5859391;42612499;28924751;6130502;0;83886
FR;1;2022-11-16;185;227;329;981;222;342;1016;0;359;42687722;41568752;26824962;5860372;42612721;28925093;6131518;0;84245
FR;1;2022-11-17;165;183;291;1205;177;267;1209;0;387;42687887;41568935;26825253;5861577;42612898;28925360;6132727;0;84632
FR;1;2022-11-18;226;253;393;1314;246;382;1347;0;411;42688113;41569188;26825646;5862891;42613144;28925742;6134074;0;85043
FR;1;2022-11-19;120;106;245;441;104;210;474;0;102;42688233;41569294;26825891;5863332;42613248;28925952;6134548;0;85145
FR;1;2022-11-20;29;51;29;66;46;31;74;0;28;42688262;41569345;26825920;5863398;42613294;28925983;6134622;0;85173
FR;1;2022-11-21;174;169;268;638;142;284;675;0;211;42688436;41569514;26826188;5864036;42613436;28926267;6135297;0;85384
FR;1;2022-11-22;154;150;409;1153;134;392;1176;0;405;42688590;41569664;26826597;5865189;42613570;28926659;6136473;0;85789
FR;1;2022-11-23;177;176;241;759;160;242;782;0;241;42688767;41569840;26826838;5865948;42613730;28926901;6137255;0;86030
FR;1;2022-11-24;135;162;286;1204;143;298;1207;0;440;42688902;41570002;26827124;5867152;42613873;28927199;6138462;0;86470
FR;1;2022-11-25;205;233;423;1153;218;412;1185;0;392;42689107;41570235;26827547;5868305;42614091;28927611;6139647;0;86862
FR;1;2022-11-26;90;107;112;322;98;124;310;0;118;42689197;41570342;26827659;5868627;42614189;28927735;6139957;0;86980
FR;1;2022-11-27;17;35;19;72;22;31;78;0;49;42689214;41570377;26827678;5868699;42614211;28927766;6140035;0;87029
FR;1;2022-11-28;209;138;207;665;145;204;707;0;332;42689423;41570515;26827885;5869364;42614356;28927970;6140742;0;87361
FR;1;2022-11-29;170;140;269;1104;125;251;1117;0;457;42689593;41570655;26828154;5870468;42614481;28928221;6141859;0;87818
FR;1;2022-11-30;159;192;230;929;179;231;955;0;319;42689752;41570847;26828384;5871397;42614660;28928452;6142814;0;88137
FR;1;2022-12-01;158;148;699;1083;136;666;1125;0;363;42689910;41570995;26829083;5872480;42614796;28929118;6143939;0;88500
FR;1;2022-12-02;199;193;515;1183;189;511;1231;0;470;42690109;41571188;26829598;5873663;42614985;28929629;6145170;0;88970
FR;1;2022-12-03;102;107;261;531;95;239;528;0;180;42690211;41571295;26829859;5874194;42615080;28929868;6145698;0;89150
FR;1;2022-12-04;26;26;19;138;23;20;129;0;58;42690237;41571321;26829878;5874332;42615103;28929888;6145827;0;89208
FR;1;2022-12-05;136;122;283;865;118;278;896;0;314;42690373;41571443;26830161;5875197;42615221;28930166;6146723;0;89522
FR;1;2022-12-06;147;138;263;1445;125;267;1451;0;739;42690520;41571581;26830424;5876642;42615346;28930433;6148174;0;90261
FR;1;2022-12-07;148;148;243;1185;157;223;1202;0;574;42690668;41571729;26830667;5877827;42615503;28930656;6149376;0;90835
FR;1;2022-12-08;127;134;295;1751;126;251;1793;0;765;42690795;41571863;26830962;5879578;42615629;28930907;6151169;0;91600
FR;1;2022-12-09;200;194;348;1812;164;357;1832;0;720;42690995;41572057;26831310;5881390;42615793;28931264;6153001;0;92320
FR;1;2022-12-10;112;102;338;852;88;321;873;0;292;42691107;41572159;26831648;5882242;42615881;28931585;6153874;0;92612
FR;1;2022-12-11;31;30;31;218;27;29;200;0;62;42691138;41572189;26831679;5882460;42615908;28931614;6154074;0;92674
FR;1;2022-12-12;125;93;277;1099;90;265;1110;0;457;42691263;41572282;26831956;5883559;42615998;28931879;6155184;0;93131
FR;1;2022-12-13;118;117;283;1297;91;260;1309;0;616;42691381;41572399;26832239;5884856;42616089;28932139;6156493;0;93747
FR;1;2022-12-14;105;135;247;862;130;227;884;0;369;42691486;41572534;26832486;5885718;42616219;28932366;6157377;0;94116
FR;1;2022-12-15;134;144;439;1488;131;409;1513;0;692;42691620;41572678;26832925;5887206;42616350;28932775;6158890;0;94808
FR;1;2022-12-16;204;207;559;1338;210;543;1360;0;619;42691824;41572885;26833484;5888544;42616560;28933318;6160250;0;95427
FR;1;2022-12-17;88;83;222;467;73;216;475;0;203;42691912;41572968;26833706;5889011;42616633;28933534;6160725;0;95630
FR;1;2022-12-18;17;20;25;111;17;27;107;0;37;42691929;41572988;26833731;5889122;42616650;28933561;6160832;0;95667
FR;1;2022-12-19;148;125;241;789;133;213;831;0;376;42692077;41573113;26833972;5889911;42616783;28933774;6161663;0;96043
FR;1;2022-12-20;139;152;329;888;140;322;895;0;418;42692216;41573265;26834301;5890799;42616923;28934096;6162558;0;96461
FR;1;2022-12-21;133;102;199;632;111;165;640;0;388;42692349;41573367;26834500;5891431;42617034;28934261;6163198;0;96849
FR;1;2022-12-22;145;101;163;537;109;148;530;0;304;42692494;41573468;26834663;5891968;42617143;28934409;6163728;0;97153
FR;1;2022-12-23;125;145;449;415;128;439;421;0;179;42692619;41573613;26835112;5892383;42617271;28934848;6164149;0;97332
FR;1;2022-12-24;30;25;31;53;28;30;60;0;21;42692649;41573638;26835143;5892436;42617299;28934878;6164209;0;97353
FR;1;2022-12-25;3;10;19;12;10;13;15;0;11;42692652;41573648;26835162;5892448;42617309;28934891;6164224;0;97364
FR;1;2022-12-26;92;88;247;250;88;251;256;0;93;42692744;41573736;26835409;5892698;42617397;28935142;6164480;0;97457
FR;1;2022-12-27;109;156;301;385;148;306;400;0;179;42692853;41573892;26835710;5893083;42617545;28935448;6164880;0;97636
FR;1;2022-12-28;99;138;196;268;125;198;278;0;124;42692952;41574030;26835906;5893351;42617670;28935646;6165158;0;97760
FR;1;2022-12-29;104;100;150;278;98;149;299;0;114;42693056;41574130;26836056;5893629;42617768;28935795;6165457;0;97874
FR;1;2022-12-30;122;121;81;255;110;88;262;0;141;42693178;41574251;26836137;5893884;42617878;28935883;6165719;0;98015
FR;1;2022-12-31;38;33;28;74;38;25;74;0;25;42693216;41574284;26836165;5893958;42617916;28935908;6165793;0;98040
FR;1;2023-01-01;4;11;54;20;11;50;25;0;10;42693220;41574295;26836219;5893978;42617927;28935958;6165818;0;98050
FR;1;2023-01-02;77;87;515;157;96;499;174;0;62;42693297;41574382;26836734;5894135;42618023;28936457;6165992;0;98112
FR;1;2023-01-03;146;89;296;194;87;293;205;0;146;42693443;41574471;26837030;5894329;42618110;28936750;6166197;0;98258
FR;1;2023-01-04;80;79;220;193;83;219;201;0;192;42693523;41574550;26837250;5894522;42618193;28936969;6166398;0;98450
FR;1;2023-01-05;142;97;149;327;110;148;326;0;204;42693665;41574647;26837399;5894849;42618303;28937117;6166724;0;98654
FR;1;2023-01-06;191;134;187;317;139;173;342;0;229;42693856;41574781;26837586;5895166;42618442;28937290;6167066;0;98883
FR;1;2023-01-07;102;82;105;141;86;89;156;0;92;42693958;41574863;26837691;5895307;42618528;28937379;6167222;0;98975
FR;1;2023-01-08;25;18;23;58;17;19;62;0;24;42693983;41574881;26837714;5895365;42618545;28937398;6167284;0;98999
FR;1;2023-01-09;135;117;127;132;113;134;146;0;114;42694118;41574998;26837841;5895497;42618658;28937532;6167430;0;99113
FR;1;2023-01-10;106;104;153;237;102;159;236;0;190;42694224;41575102;26837994;5895734;42618760;28937691;6167666;0;99303
FR;1;2023-01-11;98;91;79;185;100;84;196;0;94;42694322;41575193;26838073;5895919;42618860;28937775;6167862;0;99397
FR;1;2023-01-12;120;94;187;233;91;190;256;0;160;42694442;41575287;26838260;5896152;42618951;28937965;6168118;0;99557
FR;1;2023-01-13;191;140;113;278;138;114;297;0;186;42694633;41575427;26838373;5896430;42619089;28938079;6168415;0;99743
FR;1;2023-01-14;87;57;52;98;58;63;96;0;61;42694720;41575484;26838425;5896528;42619147;28938142;6168511;0;99804
FR;1;2023-01-15;18;18;20;41;18;17;45;0;28;42694738;41575502;26838445;5896569;42619165;28938159;6168556;0;99832
FR;1;2023-01-16;110;87;121;148;82;126;123;0;100;42694848;41575589;26838566;5896717;42619247;28938285;6168679;0;99932
FR;1;2023-01-17;107;91;109;202;89;106;231;0;122;42694955;41575680;26838675;5896919;42619336;28938391;6168910;0;100054
FR;1;2023-01-18;96;81;66;137;81;63;158;0;112;42695051;41575761;26838741;5897056;42619417;28938454;6169068;0;100166
FR;1;2023-01-19;112;66;42;111;64;52;117;0;132;42695163;41575827;26838783;5897167;42619481;28938506;6169185;0;100298
FR;1;2023-01-20;158;132;108;254;133;138;244;0;170;42695321;41575959;26838891;5897421;42619614;28938644;6169429;0;100468
FR;1;2023-01-21;56;64;45;77;62;56;67;0;35;42695377;41576023;26838936;5897498;42619676;28938700;6169496;0;100503
FR;1;2023-01-22;8;8;11;19;6;8;22;0;14;42695385;41576031;26838947;5897517;42619682;28938708;6169518;0;100517
FR;1;2023-01-23;84;72;64;80;76;54;100;0;75;42695469;41576103;26839011;5897597;42619758;28938762;6169618;0;100592
FR;1;2023-01-24;111;68;47;118;79;45;127;0;176;42695580;41576171;26839058;5897715;42619837;28938807;6169745;0;100768
FR;1;2023-01-25;92;115;69;92;114;70;106;0;102;42695672;41576286;26839127;5897807;42619951;28938877;6169851;0;100870
FR;1;2023-01-26;101;100;47;139;90;54;157;0;96;42695773;41576386;26839174;5897946;42620041;28938931;6170008;0;100966
FR;1;2023-01-27;163;125;64;129;137;79;128;0;192;42695936;41576511;26839238;5898075;42620178;28939010;6170136;0;101158
FR;1;2023-01-28;72;66;38;36;68;37;42;0;27;42696008;41576577;26839276;5898111;42620246;28939047;6170178;0;101185
FR;1;2023-01-29;11;16;10;8;13;8;14;0;12;42696019;41576593;26839286;5898119;42620259;28939055;6170192;0;101197
FR;1;2023-01-30;142;99;47;63;105;53;71;0;48;42696161;41576692;26839333;5898182;42620364;28939108;6170263;0;101245
FR;1;2023-01-31;114;81;41;110;70;48;118;0;137;42696275;41576773;26839374;5898292;42620434;28939156;6170381;0;101382
FR;1;2023-02-01;93;86;29;64;86;36;70;0;64;42696368;41576859;26839403;5898356;42620520;28939192;6170451;0;101446
FR;1;2023-02-02;77;77;24;83;70;31;82;0;80;42696445;41576936;26839427;5898439;42620590;28939223;6170533;0;101526
FR;2;2020-12-27;0;0;0;0;0;0;0;0;0;0;0;0;0;0;0;0;0;0
FR;2;2020-12-28;0;0;0;0;0;0;0;0;0;0;0;0;0;0;0;0;0;0
FR;2;2020-12-29;0;0;0;0;0;0;0;0;0;0;0;0;0;0;0;0;0;0
FR;2;2020-12-30;0;0;0;0;0;0;0;0;0;0;0;0;0;0;0;0;0;0
FR;2;2020-12-31;0;0;0;0;0;0;0;0;0;0;0;0;0;0;0;0;0;0
FR;2;2021-01-01;0;0;0;0;0;0;0;0;0;0;0;0;0;0;0;0;0;0
FR;2;2021-01-02;0;0;0;0;0;0;0;0;0;0;0;0;0;0;0;0;0;0
FR;2;2021-01-03;0;0;0;0;0;0;0;0;0;0;0;0;0;0;0;0;0;0
FR;2;2021-01-04;0;0;0;0;0;0;0;0;0;0;0;0;0;0;0;0;0;0
FR;2;2021-01-05;0;0;0;0;0;0;0;0;0;0;0;0;0;0;0;0;0;0
FR;2;2021-01-06;0;0;0;0;0;0;0;0;0;0;0;0;0;0;0;0;0;0
FR;2;2021-01-07;0;0;0;0;0;0;0;0;0;0;0;0;0;0;0;0;0;0
FR;2;2021-01-08;0;0;0;0;0;0;0;0;0;0;0;0;0;0;0;0;0;0
FR;2;2021-01-09;0;0;0;0;0;0;0;0;0;0;0;0;0;0;0;0;0;0
FR;2;2021-01-10;0;0;0;0;0;0;0;0;0;0;0;0;0;0;0;0;0;0
FR;2;2021-01-11;0;0;0;0;0;0;0;0;0;0;0;0;0;0;0;0;0;0
FR;2;2021-01-12;0;0;0;0;0;0;0;0;0;0;0;0;0;0;0;0;0;0
FR;2;2021-01-13;0;0;0;0;0;0;0;0;0;0;0;0;0;0;0;0;0;0
FR;2;2021-01-14;1638;0;0;0;213;0;0;0;0;1638;0;0;0;213;0;0;0;0
FR;2;2021-01-15;398;0;0;0;28;0;0;0;0;2036;0;0;0;241;0;0;0;0
FR;2;2021-01-16;316;0;0;0;12;0;0;0;0;2352;0;0;0;253;0;0;0;0
FR;2;2021-01-17;84;0;0;0;7;0;0;0;0;2436;0;0;0;260;0;0;0;0
FR;2;2021-01-18;3075;3;0;0;27;0;0;0;0;5511;3;0;0;287;0;0;0;0
FR;2;2021-01-19;4681;2;0;0;31;0;0;0;0;10192;5;0;0;318;0;0;0;0
FR;2;2021-01-20;5137;6;0;0;58;0;0;0;0;15329;11;0;0;376;0;0;0;0
FR;2;2021-01-21;5345;9;0;0;56;0;0;0;0;20674;20;0;0;432;0;0;0;0
FR;2;2021-01-22;5118;19;0;0;70;0;0;0;0;25792;39;0;0;502;0;0;0;0
FR;2;2021-01-23;1875;2;0;0;16;0;0;0;0;27667;41;0;0;518;0;0;0;0
FR;2;2021-01-24;163;2;0;0;8;0;0;0;0;27830;43;0;0;526;0;0;0;0
FR;2;2021-01-25;3814;4;0;0;37;0;0;0;0;31644;47;0;0;563;0;0;0;0
FR;2;2021-01-26;3929;6;0;0;42;0;0;0;0;35573;53;0;0;605;0;0;0;0
FR;2;2021-01-27;3605;4;0;0;36;0;0;0;0;39178;57;0;0;641;0;0;0;0
FR;2;2021-01-28;3757;9;0;0;44;0;0;0;0;42935;66;0;0;685;0;0;0;0
FR;2;2021-01-29;3300;5;0;0;41;0;0;0;0;46235;71;0;0;726;0;0;0;0
FR;2;2021-01-30;1133;3;0;0;16;0;0;0;0;47368;74;0;0;742;0;0;0;0
FR;2;2021-01-31;46;2;0;0;9;0;0;0;0;47414;76;0;0;751;0;0;0;0
FR;2;2021-02-01;3407;13;0;0;44;0;0;0;0;50821;89;0;0;795;0;0;0;0
FR;2;2021-02-02;4496;19;0;0;53;0;0;0;0;55317;108;0;0;848;0;0;0;0
FR;2;2021-02-03;5222;11;0;0;82;0;0;0;0;60539;119;0;0;930;0;0;0;0
FR;2;2021-02-04;4941;11;0;0;36;0;0;0;0;65480;130;0;0;966;0;0;0;0
FR;2;2021-02-05;4817;17;0;0;50;0;0;0;0;70297;147;0;0;1016;0;0;0;0
FR;2;2021-02-06;2045;15;0;0;41;0;0;0;0;72342;162;0;0;1057;0;0;0;0
FR;2;2021-02-07;103;6;0;0;20;0;0;0;0;72445;168;0;0;1077;0;0;0;0
FR;2;2021-02-08;7559;26;0;0;85;0;0;0;0;80004;194;0;0;1162;0;0;0;0
FR;2;2021-02-09;8434;31;0;0;99;0;0;0;0;88438;225;0;0;1261;0;0;0;0
FR;2;2021-02-10;9349;63;0;0;183;0;0;0;0;97787;288;0;0;1444;0;0;0;0
FR;2;2021-02-11;10292;131;0;0;255;0;0;0;0;108079;419;0;0;1699;0;0;0;0
FR;2;2021-02-12;10059;275;0;0;429;0;0;0;0;118138;694;0;0;2128;0;0;0;0
FR;2;2021-02-13;3121;224;0;0;262;0;0;0;0;121259;918;0;0;2390;0;0;0;0
FR;2;2021-02-14;358;11;0;0;21;0;0;0;0;121617;929;0;0;2411;0;0;0;0
FR;2;2021-02-15;3460;3130;0;0;3176;0;0;0;0;125077;4059;0;0;5587;0;0;0;0
FR;2;2021-02-16;5076;4163;0;0;4236;0;0;0;0;130153;8222;0;0;9823;0;0;0;0
FR;2;2021-02-17;4259;4555;0;0;4632;0;0;0;0;134412;12777;0;0;14455;0;0;0;0
FR;2;2021-02-18;5406;5176;0;0;5245;0;0;0;0;139818;17953;0;0;19700;0;0;0;0
FR;2;2021-02-19;5328;4490;0;0;4591;0;0;0;0;145146;22443;0;0;24291;0;0;0;0
FR;2;2021-02-20;1872;1520;0;0;1537;0;0;0;0;147018;23963;0;0;25828;0;0;0;0
FR;2;2021-02-21;244;96;0;0;98;0;0;0;0;147262;24059;0;0;25926;0;0;0;0
FR;2;2021-02-22;3614;3782;0;0;3844;0;0;0;0;150876;27841;0;0;29770;0;0;0;0
FR;2;2021-02-23;4956;3738;0;0;3801;0;0;0;0;155832;31579;0;0;33571;0;0;0;0
FR;2;2021-02-24;5017;3555;0;0;3607;0;0;0;0;160849;35134;0;0;37178;0;0;0;0
FR;2;2021-02-25;5500;3493;0;0;3582;0;0;0;0;166349;38627;0;0;40760;0;0;0;0
FR;2;2021-02-26;4368;3180;0;0;3253;0;0;0;0;170717;41807;0;0;44013;0;0;0;0
FR;2;2021-02-27;1629;1067;0;0;1086;0;0;0;0;172346;42874;0;0;45099;0;0;0;0
FR;2;2021-02-28;179;17;0;0;28;0;0;0;0;172525;42891;0;0;45127;0;0;0;0
FR;2;2021-03-01;5193;3759;0;0;3848;0;0;0;0;177718;46650;0;0;48975;0;0;0;0
FR;2;2021-03-02;6541;4725;0;0;4826;0;0;0;0;184259;51375;0;0;53801;0;0;0;0
FR;2;2021-03-03;6544;4955;0;0;5096;0;0;0;0;190803;56330;0;0;58897;0;0;0;0
FR;2;2021-03-04;8412;4209;0;0;4394;0;0;0;0;199215;60539;0;0;63291;0;0;0;0
FR;2;2021-03-05;8036;4054;0;0;4236;0;0;0;0;207251;64593;0;0;67527;0;0;0;0
FR;2;2021-03-06;4790;1682;0;0;1782;0;0;0;0;212041;66275;0;0;69309;0;0;0;0
FR;2;2021-03-07;2373;32;0;0;76;0;0;0;0;214414;66307;0;0;69385;0;0;0;0
FR;2;2021-03-08;4166;8392;0;0;8549;0;0;0;0;218580;74699;0;0;77934;0;0;0;0
FR;2;2021-03-09;7494;8608;1;0;8866;0;0;0;0;226074;83307;1;0;86800;0;0;0;0
FR;2;2021-03-10;7108;9244;0;0;9471;0;0;0;0;233182;92551;1;0;96271;0;0;0;0
FR;2;2021-03-11;9379;9364;1;0;9683;0;0;0;0;242561;101915;2;0;105954;0;0;0;0
FR;2;2021-03-12;7987;8362;0;0;8664;0;0;0;0;250548;110277;2;0;114618;0;0;0;0
FR;2;2021-03-13;10057;2592;0;0;2913;0;0;0;0;260605;112869;2;0;117531;0;0;0;0
FR;2;2021-03-14;4841;382;0;0;541;0;0;0;0;265446;113251;2;0;118072;0;0;0;0
FR;2;2021-03-15;10919;3476;0;0;3765;0;0;0;0;276365;116727;2;0;121837;0;0;0;0
FR;2;2021-03-16;16769;4732;1;0;5282;0;0;0;0;293134;121459;3;0;127119;0;0;0;0
FR;2;2021-03-17;20242;3995;0;0;4669;0;0;0;0;313376;125454;3;0;131788;0;0;0;0
FR;2;2021-03-18;23373;5126;0;0;5955;0;0;0;0;336749;130580;3;0;137743;0;0;0;0
FR;2;2021-03-19;23316;4675;0;0;5437;0;0;0;0;360065;135255;3;0;143180;0;0;0;0
FR;2;2021-03-20;25452;1586;0;0;2343;0;0;0;0;385517;136841;3;0;145523;0;0;0;0
FR;2;2021-03-21;17673;153;0;0;731;0;0;0;0;403190;136994;3;0;146254;0;0;0;0
FR;2;2021-03-22;17790;3262;0;0;3931;0;0;0;0;420980;140256;3;0;150185;0;0;0;0
FR;2;2021-03-23;22705;4286;0;0;5140;0;0;0;0;443685;144542;3;0;155325;0;0;0;0
FR;2;2021-03-24;23964;5080;0;0;5917;0;0;0;0;467649;149622;3;0;161242;0;0;0;0
FR;2;2021-03-25;26761;5254;1;0;6451;0;0;0;0;494410;154876;4;0;167693;0;0;0;0
FR;2;2021-03-26;26992;4237;0;0;5383;0;0;0;0;521402;159113;4;0;173076;0;0;0;0
FR;2;2021-03-27;15923;1368;0;0;1898;0;0;0;0;537325;160481;4;0;174974;0;0;0;0
FR;2;2021-03-28;10562;136;0;0;428;0;0;0;0;547887;160617;4;0;175402;0;0;0;0
FR;2;2021-03-29;19002;4349;0;0;5049;0;0;0;0;566889;164966;4;0;180451;0;0;0;0
FR;2;2021-03-30;24597;6101;0;0;7041;0;0;0;0;591486;171067;4;0;187492;0;0;0;0
FR;2;2021-03-31;28562;5932;0;0;7223;0;0;0;0;620048;176999;4;0;194715;0;0;0;0
FR;2;2021-04-01;34559;8579;1;0;10272;0;0;0;0;654607;185578;5;0;204987;0;0;0;0
FR;2;2021-04-02;29992;7733;0;0;9160;0;0;0;0;684599;193311;5;0;214147;0;0;0;0
FR;2;2021-04-03;16958;4253;0;0;4935;0;0;0;0;701557;197564;5;0;219082;0;0;0;0
FR;2;2021-04-04;9309;1267;2;0;1675;0;0;0;0;710866;198831;7;0;220757;0;0;0;0
FR;2;2021-04-05;12447;797;0;0;1381;0;0;0;0;723313;199628;7;0;222138;0;0;0;0
FR;2;2021-04-06;27158;7353;0;0;8744;0;0;0;0;750471;206981;7;0;230882;0;0;0;0
FR;2;2021-04-07;30930;7072;1;0;8648;0;0;0;0;781401;214053;8;0;239530;0;0;0;0
FR;2;2021-04-08;36896;8594;1;0;10519;0;0;0;0;818297;222647;9;0;250049;0;0;0;0
FR;2;2021-04-09;33855;8391;28;0;10177;0;0;0;0;852152;231038;37;0;260226;0;0;0;0
FR;2;2021-04-10;19689;9266;1;0;10179;0;0;0;0;871841;240304;38;0;270405;0;0;0;0
FR;2;2021-04-11;7943;4240;1;0;4603;0;0;0;0;879784;244544;39;0;275008;0;0;0;0
FR;2;2021-04-12;17134;11029;0;0;11869;0;0;0;0;896918;255573;39;0;286877;0;0;0;0
FR;2;2021-04-13;19464;16035;1;0;17102;0;0;0;0;916382;271608;40;0;303979;0;0;0;0
FR;2;2021-04-14;18071;16444;7;0;17540;0;0;0;0;934453;288052;47;0;321519;0;0;0;0
FR;2;2021-04-15;22206;21880;27;0;23332;0;0;0;0;956659;309932;74;0;344851;0;0;0;0
FR;2;2021-04-16;20720;20633;45;0;21905;0;0;0;0;977379;330565;119;0;366756;0;0;0;0
FR;2;2021-04-17;13258;22496;5;0;23227;0;0;0;0;990637;353061;124;0;389983;0;0;0;0
FR;2;2021-04-18;5911;14398;6;0;14738;0;0;0;0;996548;367459;130;0;404721;0;0;0;0
FR;2;2021-04-19;16850;16392;24;0;17195;0;0;0;0;1013398;383851;154;0;421916;0;0;0;0
FR;2;2021-04-20;19328;21808;38;0;22870;0;0;0;0;1032726;405659;192;0;444786;0;0;0;0
FR;2;2021-04-21;20292;21895;76;0;23046;0;0;0;0;1053018;427554;268;0;467832;0;0;0;0
FR;2;2021-04-22;23824;24956;41;0;26367;0;0;0;0;1076842;452510;309;0;494199;0;0;0;0
FR;2;2021-04-23;24534;25495;76;0;27003;0;0;0;0;1101376;478005;385;0;521202;0;0;0;0
FR;2;2021-04-24;25305;15067;104;0;16505;0;0;0;0;1126681;493072;489;0;537707;0;0;0;0
FR;2;2021-04-25;9597;8621;5;0;9182;0;0;0;0;1136278;501693;494;0;546889;0;0;0;0
FR;2;2021-04-26;17167;17665;21;0;18550;0;0;0;0;1153445;519358;515;0;565439;0;0;0;0
FR;2;2021-04-27;19246;24103;40;0;25286;0;0;0;0;1172691;543461;555;0;590725;0;0;0;0
FR;2;2021-04-28;22341;26462;113;0;27863;0;0;0;0;1195032;569923;668;0;618588;0;0;0;0
FR;2;2021-04-29;25475;30485;70;0;32174;0;0;0;0;1220507;600408;738;0;650762;0;0;0;0
FR;2;2021-04-30;25540;27972;49;1;29620;0;0;0;0;1246047;628380;787;1;680382;0;0;0;0
FR;2;2021-05-01;14988;9851;6;0;10653;0;0;0;0;1261035;638231;793;1;691035;0;0;0;0
FR;2;2021-05-02;6640;9160;2;0;9506;0;0;0;0;1267675;647391;795;1;700541;0;0;0;0
FR;2;2021-05-03;20024;19128;40;0;20335;0;0;0;0;1287699;666519;835;1;720876;0;0;0;0
FR;2;2021-05-04;18288;29201;33;0;30346;0;0;0;0;1305987;695720;868;1;751222;0;0;0;0
FR;2;2021-05-05;18385;29516;48;0;30814;0;0;0;0;1324372;725236;916;1;782036;0;0;0;0
FR;2;2021-05-06;23552;35417;132;0;36990;0;0;0;0;1347924;760653;1048;1;819026;0;0;0;0
FR;2;2021-05-07;25344;33238;97;0;35096;0;0;0;0;1373268;793891;1145;1;854122;0;0;0;0
FR;2;2021-05-08;21343;10659;15;0;11746;0;0;0;0;1394611;804550;1160;1;865868;0;0;0;0
FR;2;2021-05-09;13170;7641;7;0;8316;0;0;0;0;1407781;812191;1167;1;874184;0;0;0;0
FR;2;2021-05-10;32946;21721;50;0;23579;0;0;0;0;1440727;833912;1217;1;897763;0;0;0;0
FR;2;2021-05-11;43616;20901;101;0;23527;0;0;0;0;1484343;854813;1318;1;921290;0;0;0;0
FR;2;2021-05-12;50068;19635;143;0;22515;0;0;0;0;1534411;874448;1461;1;943805;0;0;0;0
FR;2;2021-05-13;51301;5599;31;0;8467;0;0;0;0;1585712;880047;1492;1;952272;0;0;0;0
FR;2;2021-05-14;61361;12885;132;0;16539;0;0;0;0;1647073;892932;1624;1;968811;0;0;0;0
FR;2;2021-05-15;65938;7101;39;0;10651;0;0;0;0;1713011;900033;1663;1;979462;0;0;0;0
FR;2;2021-05-16;43588;2573;10;0;4944;0;0;0;0;1756599;902606;1673;1;984406;0;0;0;0
FR;2;2021-05-17;44756;12454;114;0;15361;0;0;0;0;1801355;915060;1787;1;999767;0;0;0;0
FR;2;2021-05-18;54649;12281;190;0;15963;0;0;0;0;1856004;927341;1977;1;1015730;0;0;0;0
FR;2;2021-05-19;57179;10464;281;0;14505;0;0;0;0;1913183;937805;2258;1;1030235;0;0;0;0
FR;2;2021-05-20;63450;10798;288;0;14895;0;0;0;0;1976633;948603;2546;1;1045130;0;0;0;0
FR;2;2021-05-21;64306;11605;230;0;16030;0;0;0;0;2040939;960208;2776;1;1061160;0;0;0;0
FR;2;2021-05-22;61488;4531;65;0;8501;0;0;0;0;2102427;964739;2841;1;1069661;0;0;0;0
FR;2;2021-05-23;37536;576;22;0;2913;0;0;0;0;2139963;965315;2863;1;1072574;0;0;0;0
FR;2;2021-05-24;17248;2052;35;0;3259;0;0;0;0;2157211;967367;2898;1;1075833;0;0;0;0
FR;2;2021-05-25;21119;12255;241;0;13857;0;0;0;0;2178330;979622;3139;1;1089690;0;0;0;0
FR;2;2021-05-26;19944;11538;230;0;13065;0;0;0;0;2198274;991160;3369;1;1102755;0;0;0;0
FR;2;2021-05-27;23001;12661;182;0;14398;0;0;0;0;2221275;1003821;3551;1;1117153;0;0;0;0
FR;2;2021-05-28;29396;15047;190;0;17228;0;0;0;0;2250671;1018868;3741;1;1134381;0;0;0;0
FR;2;2021-05-29;30423;8193;58;0;10102;0;0;0;0;2281094;1027061;3799;1;1144483;0;0;0;0
FR;2;2021-05-30;4648;1820;6;0;2155;0;0;0;0;2285742;1028881;3805;1;1146638;0;0;0;0
FR;2;2021-05-31;28590;18745;184;0;20824;0;0;0;0;2314332;1047626;3989;1;1167462;0;0;0;0
FR;2;2021-06-01;45744;19908;225;0;23145;0;0;0;0;2360076;1067534;4214;1;1190607;0;0;0;0
FR;2;2021-06-02;37482;19314;182;0;22320;0;0;0;0;2397558;1086848;4396;1;1212927;0;0;0;0
FR;2;2021-06-03;51282;23121;161;0;26974;0;0;0;0;2448840;1109969;4557;1;1239901;0;0;0;0
FR;2;2021-06-04;65517;24087;217;0;29054;0;0;0;0;2514357;1134056;4774;1;1268955;0;0;0;0
FR;2;2021-06-05;34607;24107;52;0;26962;0;0;0;0;2548964;1158163;4826;1;1295917;0;0;0;0
FR;2;2021-06-06;4957;6192;10;0;6611;0;0;0;0;2553921;1164355;4836;1;1302528;0;0;0;0
FR;2;2021-06-07;28177;23009;150;0;25423;0;0;0;0;2582098;1187364;4986;1;1327951;0;0;0;0
FR;2;2021-06-08;46378;22940;143;0;26906;0;0;0;0;2628476;1210304;5129;1;1354857;0;0;0;0
FR;2;2021-06-09;34297;20989;107;0;24123;0;0;0;0;2662773;1231293;5236;1;1378980;0;0;0;0
FR;2;2021-06-10;42644;19079;96;1;23001;0;0;0;0;2705417;1250372;5332;2;1401981;0;0;0;0
FR;2;2021-06-11;55304;25134;134;0;30233;0;0;0;0;2760721;1275506;5466;2;1432214;0;0;0;0
FR;2;2021-06-12;30566;19800;53;0;22655;0;0;0;0;2791287;1295306;5519;2;1454869;0;0;0;0
FR;2;2021-06-13;3334;9197;13;0;9585;0;0;0;0;2794621;1304503;5532;2;1464454;0;0;0;0
FR;2;2021-06-14;25304;24114;92;0;26694;0;0;0;0;2819925;1328617;5624;2;1491148;0;0;0;0
FR;2;2021-06-15;39049;22822;154;0;26572;0;0;0;0;2858974;1351439;5778;2;1517720;0;0;0;0
FR;2;2021-06-16;30168;21368;135;0;24522;0;0;0;0;2889142;1372807;5913;2;1542242;0;0;0;0
FR;2;2021-06-17;36912;25740;150;0;29603;0;0;0;0;2926054;1398547;6063;2;1571845;0;0;0;0
FR;2;2021-06-18;46860;28884;123;0;33585;0;0;0;0;2972914;1427431;6186;2;1605430;0;0;0;0
FR;2;2021-06-19;24527;24938;39;0;27711;0;0;0;0;2997441;1452369;6225;2;1633141;0;0;0;0
FR;2;2021-06-20;3745;10059;9;0;10558;0;0;0;0;3001186;1462428;6234;2;1643699;0;0;0;0
FR;2;2021-06-21;17537;42859;88;0;44871;0;0;0;0;3018723;1505287;6322;2;1688570;0;0;0;0
FR;2;2021-06-22;28366;49616;110;0;53043;0;0;0;0;3047089;1554903;6432;2;1741613;0;0;0;0
FR;2;2021-06-23;21790;49613;107;1;52458;1;0;0;0;3068879;1604516;6539;3;1794071;1;0;0;0
FR;2;2021-06-24;28380;50312;134;0;54044;0;0;0;0;3097259;1654828;6673;3;1848115;1;0;0;0
FR;2;2021-06-25;33402;60479;128;0;64865;0;0;0;0;3130661;1715307;6801;3;1912980;1;0;0;0
FR;2;2021-06-26;16395;59354;54;1;61745;0;0;0;0;3147056;1774661;6855;4;1974725;1;0;0;0
FR;2;2021-06-27;2566;29315;22;1;29897;0;0;0;0;3149622;1803976;6877;5;2004622;1;0;0;0
FR;2;2021-06-28;12641;54334;84;0;56310;0;0;0;0;3162263;1858310;6961;5;2060932;1;0;0;0
FR;2;2021-06-29;19856;59990;178;0;62934;0;0;0;0;3182119;1918300;7139;5;2123866;1;0;0;0
FR;2;2021-06-30;16335;58035;253;17;60719;0;0;0;0;3198454;1976335;7392;22;2184585;1;0;0;0
FR;2;2021-07-01;20495;59878;228;0;63206;0;0;0;0;3218949;2036213;7620;22;2247791;1;0;0;0
FR;2;2021-07-02;24082;62155;184;0;66371;0;0;0;0;3243031;2098368;7804;22;2314162;1;0;0;0
FR;2;2021-07-03;12123;57141;153;0;59480;0;0;0;0;3255154;2155509;7957;22;2373642;1;0;0;0
FR;2;2021-07-04;1960;23304;18;0;23871;0;0;0;0;3257114;2178813;7975;22;2397513;1;0;0;0
FR;2;2021-07-05;9179;29263;106;0;30899;0;0;0;0;3266293;2208076;8081;22;2428412;1;0;0;0
FR;2;2021-07-06;14583;36278;135;0;38958;0;0;0;0;3280876;2244354;8216;22;2467370;1;0;0;0
FR;2;2021-07-07;14419;33658;140;0;36412;0;0;0;0;3295295;2278012;8356;22;2503782;1;0;0;0
FR;2;2021-07-08;19723;40322;162;0;43981;0;0;0;0;3315018;2318334;8518;22;2547763;1;0;0;0
FR;2;2021-07-09;27105;54327;202;1;59478;0;0;0;0;3342123;2372661;8720;23;2607241;1;0;0;0
FR;2;2021-07-10;13388;33710;107;0;36395;0;0;0;0;3355511;2406371;8827;23;2643636;1;0;0;0
FR;2;2021-07-11;1812;4344;16;0;4773;0;0;0;0;3357323;2410715;8843;23;2648409;1;0;0;0
FR;2;2021-07-12;12971;37271;119;0;39927;0;0;0;0;3370294;2447986;8962;23;2688336;1;0;0;0
FR;2;2021-07-13;37120;53145;152;0;60284;0;0;0;0;3407414;2501131;9114;23;2748620;1;0;0;0
FR;2;2021-07-14;6628;3541;15;0;4889;0;0;0;0;3414042;2504672;9129;23;2753509;1;0;0;0
FR;2;2021-07-15;47244;47009;156;0;55208;0;0;0;0;3461286;2551681;9285;23;2808717;1;0;0;0
FR;2;2021-07-16;64319;55751;188;0;66733;0;0;0;0;3525605;2607432;9473;23;2875450;1;0;0;0
FR;2;2021-07-17;31601;23917;96;0;29374;0;0;0;0;3557206;2631349;9569;23;2904824;1;0;0;0
FR;2;2021-07-18;6091;4806;19;0;5953;0;0;0;0;3563297;2636155;9588;23;2910777;1;0;0;0
FR;2;2021-07-19;33007;28610;94;0;34225;0;0;0;0;3596304;2664765;9682;23;2945002;1;0;0;0
FR;2;2021-07-20;51999;44525;155;0;53161;0;0;0;0;3648303;2709290;9837;23;2998163;1;0;0;0
FR;2;2021-07-21;45257;34631;93;0;42138;0;0;0;0;3693560;2743921;9930;23;3040301;1;0;0;0
FR;2;2021-07-22;56280;41084;128;1;50361;0;0;0;0;3749840;2785005;10058;24;3090662;1;0;0;0
FR;2;2021-07-23;68304;48964;170;0;60256;0;0;0;0;3818144;2833969;10228;24;3150918;1;0;0;0
FR;2;2021-07-24;36180;21611;82;0;27471;0;0;0;0;3854324;2855580;10310;24;3178389;1;0;0;0
FR;2;2021-07-25;6751;2608;10;0;3867;0;0;0;0;3861075;2858188;10320;24;3182256;1;0;0;0
FR;2;2021-07-26;36320;22344;91;1;27848;0;0;0;0;3897395;2880532;10411;25;3210104;1;0;0;0
FR;2;2021-07-27;62391;34564;180;0;43711;0;0;0;0;3959786;2915096;10591;25;3253815;1;0;0;0
FR;2;2021-07-28;55326;26425;132;0;34516;0;0;0;0;4015112;2941521;10723;25;3288331;1;0;0;0
FR;2;2021-07-29;68481;32794;189;0;42475;0;0;0;0;4083593;2974315;10912;25;3330806;1;0;0;0
FR;2;2021-07-30;74469;37810;222;1;48605;0;0;0;0;4158062;3012125;11134;26;3379411;1;0;0;0
FR;2;2021-07-31;34776;16208;105;0;21406;0;0;0;0;4192838;3028333;11239;26;3400817;1;0;0;0
FR;2;2021-08-01;5415;2258;19;0;3121;0;0;0;0;4198253;3030591;11258;26;3403938;1;0;0;0
FR;2;2021-08-02;35894;16154;101;0;21056;0;0;0;0;4234147;3046745;11359;26;3424994;1;0;0;0
FR;2;2021-08-03;55986;28262;143;0;35466;0;0;0;0;4290133;3075007;11502;26;3460460;1;0;0;0
FR;2;2021-08-04;46637;20829;128;1;26939;0;0;0;0;4336770;3095836;11630;27;3487399;1;0;0;0
FR;2;2021-08-05;54640;31559;215;0;38738;0;0;0;0;4391410;3127395;11845;27;3526137;1;0;0;0
FR;2;2021-08-06;58098;42396;242;1;50226;0;0;0;0;4449508;3169791;12087;28;3576363;1;0;0;0
FR;2;2021-08-07;25151;17624;89;0;21314;0;0;0;0;4474659;3187415;12176;28;3597677;1;0;0;0
FR;2;2021-08-08;3840;3649;21;0;4307;0;0;0;0;4478499;3191064;12197;28;3601984;1;0;0;0
FR;2;2021-08-09;29308;21030;92;0;24858;0;0;0;0;4507807;3212094;12289;28;3626842;1;0;0;0
FR;2;2021-08-10;45012;33463;155;0;39227;0;0;0;0;4552819;3245557;12444;28;3666069;1;0;0;0
FR;2;2021-08-11;35275;25147;151;0;29750;0;0;0;0;4588094;3270704;12595;28;3695819;1;0;0;0
FR;2;2021-08-12;41905;35694;163;0;41233;0;0;0;0;4629999;3306398;12758;28;3737052;1;0;0;0
FR;2;2021-08-13;42607;37339;218;0;43027;0;0;0;0;4672606;3343737;12976;28;3780079;1;0;0;0
FR;2;2021-08-14;18524;22137;94;0;24769;0;0;0;0;4691130;3365874;13070;28;3804848;1;0;0;0
FR;2;2021-08-15;3865;3796;17;0;4383;0;0;0;0;4694995;3369670;13087;28;3809231;1;0;0;0
FR;2;2021-08-16;25093;27123;111;0;30446;0;0;0;0;4720088;3396793;13198;28;3839677;1;0;0;0
FR;2;2021-08-17;38268;43403;207;2;48389;0;0;0;0;4758356;3440196;13405;30;3888066;1;0;0;0
FR;2;2021-08-18;32253;36347;195;1;40690;1;0;0;0;4790609;3476543;13600;31;3928756;2;0;0;0
FR;2;2021-08-19;37435;46580;224;0;51784;0;0;0;0;4828044;3523123;13824;31;3980540;2;0;0;0
FR;2;2021-08-20;40569;55650;271;1;61582;0;0;0;0;4868613;3578773;14095;32;4042122;2;0;0;0
FR;2;2021-08-21;18121;24318;117;0;27110;0;0;0;0;4886734;3603091;14212;32;4069232;2;0;0;0
FR;2;2021-08-22;2908;4321;22;1;4853;1;0;0;0;4889642;3607412;14234;33;4074085;3;0;0;0
FR;2;2021-08-23;19249;35146;131;1;38036;0;0;0;0;4908891;3642558;14365;34;4112121;3;0;0;0
FR;2;2021-08-24;31952;56038;236;0;60695;0;0;0;0;4940843;3698596;14601;34;4172816;3;0;0;0
FR;2;2021-08-25;25934;43454;251;0;47403;0;0;0;0;4966777;3742050;14852;34;4220219;3;0;0;0
FR;2;2021-08-26;32362;55838;388;0;60593;0;0;0;0;4999139;3797888;15240;34;4280812;3;0;0;0
FR;2;2021-08-27;37005;65681;477;2;71411;0;0;0;0;5036144;3863569;15717;36;4352223;3;0;0;0
FR;2;2021-08-28;17819;28556;300;0;31616;0;0;0;0;5053963;3892125;16017;36;4383839;3;0;0;0
FR;2;2021-08-29;2656;5009;47;0;5620;0;0;0;0;5056619;3897134;16064;36;4389459;3;0;0;0
FR;2;2021-08-30;18418;37725;399;0;40145;756;0;0;0;5075037;3934859;16463;36;4429604;759;0;0;0
FR;2;2021-08-31;28077;57516;887;4;60948;1558;0;0;0;5103114;3992375;17350;40;4490552;2317;0;0;0
FR;2;2021-09-01;21594;39871;1309;0;42258;2125;0;0;0;5124708;4032246;18659;40;4532810;4442;0;0;0
FR;2;2021-09-02;25486;48670;1963;2;50947;3367;0;0;0;5150194;4080916;20622;42;4583757;7809;0;0;0
FR;2;2021-09-03;33414;64573;2988;3;67541;4884;1;0;0;5183608;4145489;23610;45;4651298;12693;1;0;0
FR;2;2021-09-04;16832;27763;1443;1;29556;2386;0;0;0;5200440;4173252;25053;46;4680854;15079;1;0;0
FR;2;2021-09-05;2264;3584;266;0;3942;412;0;0;0;5202704;4176836;25319;46;4684796;15491;1;0;0
FR;2;2021-09-06;14044;28697;1771;1;29763;2946;0;0;0;5216748;4205533;27090;47;4714559;18437;1;0;0
FR;2;2021-09-07;21111;41114;3022;13;42272;4942;0;0;0;5237859;4246647;30112;60;4756831;23379;1;0;0
FR;2;2021-09-08;17248;31919;2736;6;32737;4499;0;0;0;5255107;4278566;32848;66;4789568;27878;1;0;0
FR;2;2021-09-09;20981;40484;4437;3;41230;6843;0;0;0;5276088;4319050;37285;69;4830798;34721;1;0;0
FR;2;2021-09-10;28203;51307;5286;4;51885;8976;1;0;0;5304291;4370357;42571;73;4882683;43697;2;0;0
FR;2;2021-09-11;13654;22457;2405;5;23135;3986;0;0;0;5317945;4392814;44976;78;4905818;47683;2;0;0
FR;2;2021-09-12;1824;2770;292;0;2965;510;0;0;0;5319769;4395584;45268;78;4908783;48193;2;0;0
FR;2;2021-09-13;11659;21440;2474;4;21702;4050;0;0;0;5331428;4417024;47742;82;4930485;52243;2;0;0
FR;2;2021-09-14;18576;32725;5092;13;31687;9054;2;0;0;5350004;4449749;52834;95;4962172;61297;4;0;0
FR;2;2021-09-15;14916;28226;5169;3;26928;7749;9;0;0;5364920;4477975;58003;98;4989100;69046;13;0;0
FR;2;2021-09-16;16078;32796;6737;12;30183;10539;4;0;0;5380998;4510771;64740;110;5019283;79585;17;0;0
FR;2;2021-09-17;20916;47171;8782;10;42821;14628;6;0;0;5401914;4557942;73522;120;5062104;94213;23;0;0
FR;2;2021-09-18;9857;20961;3804;6;19596;6034;1;0;0;5411771;4578903;77326;126;5081700;100247;24;0;0
FR;2;2021-09-19;1166;2591;396;0;2534;631;0;0;0;5412937;4581494;77722;126;5084234;100878;24;0;0
FR;2;2021-09-20;7503;18707;3856;7;17028;6137;4;0;0;5420440;4600201;81578;133;5101262;107015;28;0;0
FR;2;2021-09-21;11215;29983;6495;5;26536;10746;3;0;0;5431655;4630184;88073;138;5127798;117761;31;0;0
FR;2;2021-09-22;9414;23546;5490;6;21194;8526;8;0;0;5441069;4653730;93563;144;5148992;126287;39;0;0
FR;2;2021-09-23;10731;28904;7881;10;24732;12647;10;0;0;5451800;4682634;101444;154;5173724;138934;49;0;0
FR;2;2021-09-24;15075;42939;10876;18;37277;17242;21;0;0;5466875;4725573;112320;172;5211001;156176;70;0;0
FR;2;2021-09-25;7258;18801;3965;9;17154;6119;3;0;0;5474133;4744374;116285;181;5228155;162295;73;0;0
FR;2;2021-09-26;1080;2543;495;0;2489;630;1;0;0;5475213;4746917;116780;181;5230644;162925;74;0;0
FR;2;2021-09-27;6311;16398;4287;8;14790;6533;2;0;0;5481524;4763315;121067;189;5245434;169458;76;0;0
FR;2;2021-09-28;9242;25572;7769;14;21722;12084;7;0;0;5490766;4788887;128836;203;5267156;181542;83;0;0
FR;2;2021-09-29;8081;20200;6067;25;17606;9261;8;0;0;5498847;4809087;134903;228;5284762;190803;91;0;0
FR;2;2021-09-30;9865;25835;9509;16;21638;14097;6;0;0;5508712;4834922;144412;244;5306400;204900;97;0;0
FR;2;2021-10-01;13978;35732;12921;25;30045;19328;9;0;0;5522690;4870654;157333;269;5336445;224228;106;0;0
FR;2;2021-10-02;6874;15930;4850;7;14226;7046;6;0;0;5529564;4886584;162183;276;5350671;231274;112;0;0
FR;2;2021-10-03;841;1910;492;1;1841;502;0;0;0;5530405;4888494;162675;277;5352512;231776;112;0;0
FR;2;2021-10-04;5826;13904;5516;5;12140;7854;6;0;0;5536231;4902398;168191;282;5364652;239630;118;0;0
FR;2;2021-10-05;9058;22566;11125;19;18527;15741;1;0;0;5545289;4924964;179316;301;5383179;255371;119;0;0
FR;2;2021-10-06;7784;17749;8243;11;15274;11092;4;0;0;5553073;4942713;187559;312;5398453;266463;123;0;0
FR;2;2021-10-07;9204;22210;12386;14;18006;16877;6;0;0;5562277;4964923;199945;326;5416459;283340;129;0;0
FR;2;2021-10-08;13431;32146;17349;28;26516;23614;11;0;0;5575708;4997069;217294;354;5442975;306954;140;0;0
FR;2;2021-10-09;6000;12848;6044;6;11381;7898;7;0;0;5581708;5009917;223338;360;5454356;314852;147;0;0
FR;2;2021-10-10;885;1595;436;2;1539;604;1;0;0;5582593;5011512;223774;362;5455895;315456;148;0;0
FR;2;2021-10-11;5607;11547;6455;17;9935;8828;3;0;0;5588200;5023059;230229;379;5465830;324284;151;0;0
FR;2;2021-10-12;8030;17788;12551;13;13920;16789;9;0;0;5596230;5040847;242780;392;5479750;341073;160;0;0
FR;2;2021-10-13;6945;14864;10256;12;11808;13659;7;0;0;5603175;5055711;253036;404;5491558;354732;167;0;0
FR;2;2021-10-14;8314;17941;14996;13;13561;19476;10;0;0;5611489;5073652;268032;417;5505119;374208;177;0;0
FR;2;2021-10-15;11856;26311;20902;26;19414;27982;4;0;0;5623345;5099963;288934;443;5524533;402190;181;0;0
FR;2;2021-10-16;5141;8731;1819;0;8172;3210;2;0;0;5628486;5108694;290753;443;5532705;405400;183;0;0
FR;2;2021-10-17;652;1149;185;0;1082;354;1;0;0;5629138;5109843;290938;443;5533787;405754;184;0;0
FR;2;2021-10-18;4563;7334;665;2;7242;1628;0;0;0;5633701;5117177;291603;445;5541029;407382;184;0;0
FR;2;2021-10-19;6239;9850;732;5;9656;2031;5;0;0;5639940;5127027;292335;450;5550685;409413;189;0;0
FR;2;2021-10-20;5170;8050;759;3;8173;1675;0;0;0;5645110;5135077;293094;453;5558858;411088;189;0;0
FR;2;2021-10-21;6090;9974;780;5;9834;2102;1;0;0;5651200;5145051;293874;458;5568692;413190;190;0;0
FR;2;2021-10-22;8452;14602;1149;4;14476;2891;2;0;0;5659652;5159653;295023;462;5583168;416081;192;0;0
FR;2;2021-10-23;3845;5996;587;0;6128;1237;3;0;0;5663497;5165649;295610;462;5589296;417318;195;0;0
FR;2;2021-10-24;494;884;101;0;901;205;0;0;0;5663991;5166533;295711;462;5590197;417523;195;0;0
FR;2;2021-10-25;3359;5345;307;1;5520;825;2;0;0;5667350;5171878;296018;463;5595717;418348;197;0;0
FR;2;2021-10-26;4177;7237;1133;4;7126;2022;5;0;0;5671527;5179115;297151;467;5602843;420370;202;0;0
FR;2;2021-10-27;3677;6590;1193;5;6451;1989;1;0;0;5675204;5185705;298344;472;5609294;422359;203;0;0
FR;2;2021-10-28;4597;7689;1736;3;7416;2746;1;0;0;5679801;5193394;300080;475;5616710;425105;204;0;0
FR;2;2021-10-29;5415;11082;2438;4;10694;3683;3;0;0;5685216;5204476;302518;479;5627404;428788;207;0;0
FR;2;2021-10-30;2749;4458;976;1;4454;1448;2;0;0;5687965;5208934;303494;480;5631858;430236;209;0;0
FR;2;2021-10-31;364;535;140;1;544;191;1;0;0;5688329;5209469;303634;481;5632402;430427;210;0;0
FR;2;2021-11-01;429;548;181;0;564;268;1;0;0;5688758;5210017;303815;481;5632966;430695;211;0;0
FR;2;2021-11-02;3293;6756;1183;0;6802;1766;5;0;0;5692051;5216773;304998;481;5639768;432461;216;0;0
FR;2;2021-11-03;3340;6226;1388;2;6313;1968;2;0;0;5695391;5222999;306386;483;5646081;434429;218;0;0
FR;2;2021-11-04;3987;7069;1769;4;7109;2495;3;0;0;5699378;5230068;308155;487;5653190;436924;221;0;0
FR;2;2021-11-05;5235;10499;2867;5;10212;3956;5;0;0;5704613;5240567;311022;492;5663402;440880;226;0;0
FR;2;2021-11-06;2597;4678;1406;0;4636;1823;2;0;0;5707210;5245245;312428;492;5668038;442703;228;0;0
FR;2;2021-11-07;506;864;221;0;871;291;2;0;0;5707716;5246109;312649;492;5668909;442994;230;0;0
FR;2;2021-11-08;2578;5348;1205;3;5268;1676;3;0;0;5710294;5251457;313854;495;5674177;444670;233;0;0
FR;2;2021-11-09;2749;6908;2402;5;6442;3182;2;0;0;5713043;5258365;316256;500;5680619;447852;235;0;0
FR;2;2021-11-10;2590;5670;5117;6;4765;6293;7;0;0;5715633;5264035;321373;506;5685384;454145;242;0;0
FR;2;2021-11-11;446;755;755;2;648;938;3;0;0;5716079;5264790;322128;508;5686032;455083;245;0;0
FR;2;2021-11-12;2953;8086;8982;8;6197;10931;9;0;0;5719032;5272876;331110;516;5692229;466014;254;0;0
FR;2;2021-11-13;1539;3372;3872;7;2721;4538;4;0;0;5720571;5276248;334982;523;5694950;470552;258;0;0
FR;2;2021-11-14;257;585;351;1;485;480;3;0;0;5720828;5276833;335333;524;5695435;471032;261;0;0
FR;2;2021-11-15;1621;3651;4449;8;2907;5328;16;0;0;5722449;5280484;339782;532;5698342;476360;277;0;0
FR;2;2021-11-16;2184;5880;8312;14;4156;10082;16;0;0;5724633;5286364;348094;546;5702498;486442;293;0;0
FR;2;2021-11-17;1741;4523;6633;8;3169;7851;5;0;0;5726374;5290887;354727;554;5705667;494293;298;0;0
FR;2;2021-11-18;2192;5921;9188;10;4019;11018;8;0;0;5728566;5296808;363915;564;5709686;505311;306;0;0
FR;2;2021-11-19;2701;7755;12981;19;4834;15481;12;0;0;5731267;5304563;376896;583;5714520;520792;318;0;0
FR;2;2021-11-20;1566;3334;5183;5;2351;6096;3;0;0;5732833;5307897;382079;588;5716871;526888;321;0;0
FR;2;2021-11-21;250;502;542;0;392;654;3;0;0;5733083;5308399;382621;588;5717263;527542;324;0;0
FR;2;2021-11-22;1278;2574;4484;5;1675;5398;9;0;0;5734361;5310973;387105;593;5718938;532940;333;0;0
FR;2;2021-11-23;1617;4274;8206;9;2534;9921;6;0;0;5735978;5315247;395311;602;5721472;542861;339;0;0
FR;2;2021-11-24;1421;3748;7485;14;2247;8735;9;0;0;5737399;5318995;402796;616;5723719;551596;348;0;0
FR;2;2021-11-25;1813;4862;11473;21;2682;13666;6;0;0;5739212;5323857;414269;637;5726401;565262;354;0;0
FR;2;2021-11-26;2541;7736;22676;31;3812;26092;14;0;0;5741753;5331593;436945;668;5730213;591354;368;0;0
FR;2;2021-11-27;1498;4143;12276;19;2128;14039;13;0;0;5743251;5335736;449221;687;5732341;605393;381;0;0
FR;2;2021-11-28;292;836;1976;3;478;2303;5;0;0;5743543;5336572;451197;690;5732819;607696;386;0;0
FR;2;2021-11-29;1448;4349;15099;23;2010;17269;25;0;0;5744991;5340921;466296;713;5734829;624965;411;0;0
FR;2;2021-11-30;1912;6654;26251;36;2638;30010;22;0;0;5746903;5347575;492547;749;5737467;654975;433;0;0
FR;2;2021-12-01;1916;6010;26210;31;2479;29520;20;0;0;5748819;5353585;518757;780;5739946;684495;453;0;0
FR;2;2021-12-02;1915;6782;37734;52;2115;41992;32;0;0;5750734;5360367;556491;832;5742061;726487;485;0;0
FR;2;2021-12-03;2558;10069;53640;111;3594;59386;30;0;0;5753292;5370436;610131;943;5745655;785873;515;0;0
FR;2;2021-12-04;1850;6276;37128;38;2186;40816;16;0;0;5755142;5376712;647259;981;5747841;826689;531;0;0
FR;2;2021-12-05;458;2246;14263;14;536;15989;7;0;0;5755600;5378958;661522;995;5748377;842678;538;0;0
FR;2;2021-12-06;2487;9854;77732;109;2702;84787;25;0;0;5758087;5388812;739254;1104;5751079;927465;563;0;0
FR;2;2021-12-07;3458;15284;122470;238;3741;133789;40;0;0;5761545;5404096;861724;1342;5754820;1061254;603;0;0
FR;2;2021-12-08;3725;15972;133223;330;3849;145412;54;0;0;5765270;5420068;994947;1672;5758669;1206666;657;0;0
FR;2;2021-12-09;4545;19630;170238;554;4170;185636;60;0;0;5769815;5439698;1165185;2226;5762839;1392302;717;0;0
FR;2;2021-12-10;4676;22807;188698;490;5013;206188;69;0;0;5774491;5462505;1353883;2716;5767852;1598490;786;0;0
FR;2;2021-12-11;3688;16618;132466;239;3663;144931;60;0;0;5778179;5479123;1486349;2955;5771515;1743421;846;0;0
FR;2;2021-12-12;1256;7121;59115;83;1016;65170;12;0;0;5779435;5486244;1545464;3038;5772531;1808591;858;0;0
FR;2;2021-12-13;5530;26817;220729;605;5229;243028;159;0;0;5784965;5513061;1766193;3643;5777760;2051619;1017;0;0
FR;2;2021-12-14;7019;37457;300805;909;6139;332273;190;0;0;5791984;5550518;2066998;4552;5783899;2383892;1207;0;0
FR;2;2021-12-15;6555;36217;285262;957;5867;315900;185;0;0;5798539;5586735;2352260;5509;5789766;2699792;1392;0;0
FR;2;2021-12-16;7765;37910;312177;982;6564;343807;184;0;0;5806304;5624645;2664437;6491;5796330;3043599;1576;0;0
FR;2;2021-12-17;8681;41188;327909;976;8021;360986;231;0;0;5814985;5665833;2992346;7467;5804351;3404585;1807;0;0
FR;2;2021-12-18;6514;26530;212373;448;4905;233674;120;0;0;5821499;5692363;3204719;7915;5809256;3638259;1927;0;0
FR;2;2021-12-19;2603;11404;90226;182;1655;100357;26;0;0;5824102;5703767;3294945;8097;5810911;3738616;1953;0;0
FR;2;2021-12-20;9548;33518;275255;707;6590;303401;209;0;0;5833650;5737285;3570200;8804;5817501;4042017;2162;0;0
FR;2;2021-12-21;11565;38279;309658;968;7374;341439;260;0;0;5845215;5775564;3879858;9772;5824875;4383456;2422;0;0
FR;2;2021-12-22;10460;32778;265141;952;6442;292499;316;0;1;5855675;5808342;4144999;10724;5831317;4675955;2738;0;1
FR;2;2021-12-23;9426;26617;199534;701;5874;221289;226;0;0;5865101;5834959;4344533;11425;5837191;4897244;2964;0;1
FR;2;2021-12-24;2783;7476;43865;140;2038;49568;78;0;0;5867884;5842435;4388398;11565;5839229;4946812;3042;0;1
FR;2;2021-12-25;201;671;2003;10;209;2478;15;0;0;5868085;5843106;4390401;11575;5839438;4949290;3057;0;1
FR;2;2021-12-26;1320;4216;25161;71;1052;28694;70;0;0;5869405;5847322;4415562;11646;5840490;4977984;3127;0;1
FR;2;2021-12-27;8076;29927;218434;659;6624;243383;294;0;0;5877481;5877249;4633996;12305;5847114;5221367;3421;0;1
FR;2;2021-12-28;9832;36289;272115;742;6983;302013;957;0;1;5887313;5913538;4906111;13047;5854097;5523380;4378;0;2
FR;2;2021-12-29;9498;32222;246147;765;6404;272695;1088;0;0;5896811;5945760;5152258;13812;5860501;5796075;5466;0;2
FR;2;2021-12-30;9462;28079;208838;663;5975;231460;1155;0;0;5906273;5973839;5361096;14475;5866476;6027535;6621;0;2
FR;2;2021-12-31;3011;8342;54990;176;2170;61233;392;0;0;5909284;5982181;5416086;14651;5868646;6088768;7013;0;2
FR;2;2022-01-01;231;692;2858;7;207;3352;29;0;0;5909515;5982873;5418944;14658;5868853;6092120;7042;0;2
FR;2;2022-01-02;1503;4854;29524;76;1165;33414;217;0;0;5911018;5987727;5448468;14734;5870018;6125534;7259;0;2
FR;2;2022-01-03;9606;35397;266543;806;8497;293921;1673;0;0;5920624;6023124;5715011;15540;5878515;6419455;8932;0;2
FR;2;2022-01-04;12855;45414;342101;1068;9967;377058;2458;0;1;5933479;6068538;6057112;16608;5888482;6796513;11390;0;3
FR;2;2022-01-05;11273;38627;294218;884;8636;323853;2154;0;2;5944752;6107165;6351330;17492;5897118;7120366;13544;0;5
FR;2;2022-01-06;13655;43491;331956;1298;9937;364768;2978;0;1;5958407;6150656;6683286;18790;5907055;7485134;16522;0;6
FR;2;2022-01-07;14225;47608;361120;1271;11233;396462;3159;0;0;5972632;6198264;7044406;20061;5918288;7881596;19681;0;6
FR;2;2022-01-08;7946;28137;201272;515;7209;221703;1528;0;2;5980578;6226401;7245678;20576;5925497;8103299;21209;0;8
FR;2;2022-01-09;2749;8949;62529;137;2071;69495;493;0;0;5983327;6235350;7308207;20713;5927568;8172794;21702;0;8
FR;2;2022-01-10;10099;31906;232507;859;8904;255080;2460;0;0;5993426;6267256;7540714;21572;5936472;8427874;24162;0;8
FR;2;2022-01-11;11467;36235;265942;1030;10056;290647;3380;0;1;6004893;6303491;7806656;22602;5946528;8718521;27542;0;9
FR;2;2022-01-12;8766;29787;206334;863;8717;226174;2799;0;5;6013659;6333278;8012990;23465;5955245;8944695;30341;0;14
FR;2;2022-01-13;9387;31334;224508;831;9036;244856;3462;0;4;6023046;6364612;8237498;24296;5964281;9189551;33803;0;18
FR;2;2022-01-14;9744;35580;254550;920;9844;277652;3983;0;1;6032790;6400192;8492048;25216;5974125;9467203;37786;0;19
FR;2;2022-01-15;5361;19447;140785;363;5324;153645;1928;0;0;6038151;6419639;8632833;25579;5979449;9620848;39714;0;19
FR;2;2022-01-16;1512;5457;35892;81;1618;39819;424;0;0;6039663;6425096;8668725;25660;5981067;9660667;40138;0;19
FR;2;2022-01-17;5546;19265;135420;601;6601;147262;2264;0;2;6045209;6444361;8804145;26261;5987668;9807929;42402;0;21
FR;2;2022-01-18;6422;21480;148646;647;7519;160469;3311;0;0;6051631;6465841;8952791;26908;5995187;9968398;45713;0;21
FR;2;2022-01-19;4398;16305;105111;552;6207;113701;2411;0;1;6056029;6482146;9057902;27460;6001394;10082099;48124;0;22
FR;2;2022-01-20;4873;17575;115304;603;7069;123696;3111;0;2;6060902;6499721;9173206;28063;6008463;10205795;51235;0;24
FR;2;2022-01-21;5198;20043;137356;679;7169;147778;3454;0;1;6066100;6519764;9310562;28742;6015632;10353573;54689;0;25
FR;2;2022-01-22;3034;10955;74264;260;3956;80337;1428;0;0;6069134;6530719;9384826;29002;6019588;10433910;56117;0;25
FR;2;2022-01-23;724;2708;15243;41;1055;16827;238;0;0;6069858;6533427;9400069;29043;6020643;10450737;56355;0;25
FR;2;2022-01-24;3291;12794;75084;431;5844;81020;1994;0;2;6073149;6546221;9475153;29474;6026487;10531757;58349;0;27
FR;2;2022-01-25;3575;14404;79634;496;6650;85459;2879;0;4;6076724;6560625;9554787;29970;6033137;10617216;61228;0;31
FR;2;2022-01-26;2515;10705;58987;363;5332;63039;1958;0;1;6079239;6571330;9613774;30333;6038469;10680255;63186;0;32
FR;2;2022-01-27;2684;11386;64183;389;5739;67968;2460;0;1;6081923;6582716;9677957;30722;6044208;10748223;65646;0;33
FR;2;2022-01-28;3551;18261;91729;430;8613;98908;3400;0;1;6085474;6600977;9769686;31152;6052821;10847131;69046;0;34
FR;2;2022-01-29;1896;9235;48854;164;4169;52929;1374;0;1;6087370;6610212;9818540;31316;6056990;10900060;70420;0;35
FR;2;2022-01-30;464;2209;9457;38;1052;10586;203;0;0;6087834;6612421;9827997;31354;6058042;10910646;70623;0;35
FR;2;2022-01-31;1890;9556;43834;209;4714;47323;1885;0;2;6089724;6621977;9871831;31563;6062756;10957969;72508;0;37
FR;2;2022-02-01;1916;10019;47031;279;4796;50081;2708;0;0;6091640;6631996;9918862;31842;6067552;11008050;75216;0;37
FR;2;2022-02-02;1614;8976;41124;250;4192;44150;2188;0;1;6093254;6640972;9959986;32092;6071744;11052200;77404;0;38
FR;2;2022-02-03;1731;8933;40526;205;4372;42913;2640;0;2;6094985;6649905;10000512;32297;6076116;11095113;80044;0;40
FR;2;2022-02-04;2151;15168;66649;299;7382;71317;3670;0;1;6097136;6665073;10067161;32596;6083498;11166430;83714;0;41
FR;2;2022-02-05;1360;8518;35948;132;4213;39222;1369;0;0;6098496;6673591;10103109;32728;6087711;11205652;85083;0;41
FR;2;2022-02-06;275;1762;6129;16;841;6899;217;0;0;6098771;6675353;10109238;32744;6088552;11212551;85300;0;41
FR;2;2022-02-07;1352;9544;37759;134;4535;41289;1888;0;2;6100123;6684897;10146997;32878;6093087;11253840;87188;0;43
FR;2;2022-02-08;1299;9832;40956;173;4644;43750;2741;0;1;6101422;6694729;10187953;33051;6097731;11297590;89929;0;44
FR;2;2022-02-09;1160;8841;37040;174;3804;40465;1901;0;2;6102582;6703570;10224993;33225;6101535;11338055;91830;0;46
FR;2;2022-02-10;1029;8001;33837;204;3605;36511;2051;0;1;6103611;6711571;10258830;33429;6105140;11374566;93881;0;47
FR;2;2022-02-11;1391;12086;53347;223;5282;57700;2888;0;0;6105002;6723657;10312177;33652;6110422;11432266;96769;0;47
FR;2;2022-02-12;753;6535;27989;86;2792;30808;1113;0;2;6105755;6730192;10340166;33738;6113214;11463074;97882;0;49
FR;2;2022-02-13;200;1340;4836;20;562;5577;141;0;0;6105955;6731532;10345002;33758;6113776;11468651;98023;0;49
FR;2;2022-02-14;835;6732;30274;91;2599;33233;1398;0;1;6106790;6738264;10375276;33849;6116375;11501884;99421;0;50
FR;2;2022-02-15;774;6473;28051;140;2801;29993;1966;0;2;6107564;6744737;10403327;33989;6119176;11531877;101387;0;52
FR;2;2022-02-16;657;5363;22067;124;2529;23633;1569;0;3;6108221;6750100;10425394;34113;6121705;11555510;102956;0;55
FR;2;2022-02-17;518;3786;14152;98;2131;14617;1406;0;2;6108739;6753886;10439546;34211;6123836;11570127;104362;0;57
FR;2;2022-02-18;723;5368;20443;134;3040;21130;1895;0;0;6109462;6759254;10459989;34345;6126876;11591257;106257;0;57
FR;2;2022-02-19;430;3061;10532;66;1699;11246;753;0;2;6109892;6762315;10470521;34411;6128575;11602503;107010;0;59
FR;2;2022-02-20;102;519;1463;3;314;1612;100;0;0;6109994;6762834;10471984;34414;6128889;11604115;107110;0;59
FR;2;2022-02-21;423;2685;9122;65;1569;9499;930;0;0;6110417;6765519;10481106;34479;6130458;11613614;108040;0;59
FR;2;2022-02-22;393;2568;8894;77;1622;8797;1180;0;0;6110810;6768087;10490000;34556;6132080;11622411;109220;0;59
FR;2;2022-02-23;432;2605;8992;82;1522;9269;1022;0;0;6111242;6770692;10498992;34638;6133602;11631680;110242;0;59
FR;2;2022-02-24;314;2039;6804;82;1251;6834;870;0;0;6111556;6772731;10505796;34720;6134853;11638514;111112;0;59
FR;2;2022-02-25;456;3209;11423;107;1979;11286;1560;0;3;6112012;6775940;10517219;34827;6136832;11649800;112672;0;62
FR;2;2022-02-26;297;1892;6038;49;1161;6345;587;0;1;6112309;6777832;10523257;34876;6137993;11656145;113259;0;63
FR;2;2022-02-27;76;313;907;5;214;950;98;0;0;6112385;6778145;10524164;34881;6138207;11657095;113357;0;63
FR;2;2022-02-28;332;1688;5525;53;1087;5531;733;0;0;6112717;6779833;10529689;34934;6139294;11662626;114090;0;63
FR;2;2022-03-01;279;1569;5484;46;952;5201;964;0;2;6112996;6781402;10535173;34980;6140246;11667827;115054;0;65
FR;2;2022-03-02;298;1446;5248;45;878;5092;815;0;1;6113294;6782848;10540421;35025;6141124;11672919;115869;0;66
FR;2;2022-03-03;226;1112;3709;42;721;3486;668;0;1;6113520;6783960;10544130;35067;6141845;11676405;116537;0;67
FR;2;2022-03-04;243;1469;4860;74;983;4506;950;0;1;6113763;6785429;10548990;35141;6142828;11680911;117487;0;68
FR;2;2022-03-05;174;906;2981;34;612;2725;561;0;0;6113937;6786335;10551971;35175;6143440;11683636;118048;0;68
FR;2;2022-03-06;42;188;280;5;110;320;52;0;0;6113979;6786523;10552251;35180;6143550;11683956;118100;0;68
FR;2;2022-03-07;157;659;1988;70;491;1778;472;0;0;6114136;6787182;10554239;35250;6144041;11685734;118572;0;68
FR;2;2022-03-08;144;670;2272;53;461;1907;619;0;0;6114280;6787852;10556511;35303;6144502;11687641;119191;0;68
FR;2;2022-03-09;156;709;2351;37;473;2052;617;0;0;6114436;6788561;10558862;35340;6144975;11689693;119808;0;68
FR;2;2022-03-10;123;603;1695;35;446;1470;456;0;1;6114559;6789164;10560557;35375;6145421;11691163;120264;0;69
FR;2;2022-03-11;172;757;2770;57;505;2369;737;0;1;6114731;6789921;10563327;35432;6145926;11693532;121001;0;70
FR;2;2022-03-12;149;485;1787;27;331;1557;450;0;0;6114880;6790406;10565114;35459;6146257;11695089;121451;0;70
FR;2;2022-03-13;25;75;203;30;45;204;69;0;0;6114905;6790481;10565317;35489;6146302;11695293;121520;0;70
FR;2;2022-03-14;129;470;1572;529;333;1301;951;0;0;6115034;6790951;10566889;36018;6146635;11696594;122471;0;70
FR;2;2022-03-15;138;441;1713;691;333;1333;1186;0;1;6115172;6791392;10568602;36709;6146968;11697927;123657;0;71
FR;2;2022-03-16;142;476;2013;1616;331;1593;2160;0;2;6115314;6791868;10570615;38325;6147299;11699520;125817;0;73
FR;2;2022-03-17;95;413;1412;1192;273;1148;1576;0;1;6115409;6792281;10572027;39517;6147572;11700668;127393;0;74
FR;2;2022-03-18;147;496;2025;1795;335;1668;2313;0;1;6115556;6792777;10574052;41312;6147907;11702336;129706;0;75
FR;2;2022-03-19;108;321;1210;941;219;1015;1259;0;0;6115664;6793098;10575262;42253;6148126;11703351;130965;0;75
FR;2;2022-03-20;13;77;191;59;39;168;115;0;0;6115677;6793175;10575453;42312;6148165;11703519;131080;0;75
FR;2;2022-03-21;98;307;1218;1483;180;1081;1760;0;1;6115775;6793482;10576671;43795;6148345;11704600;132840;0;76
FR;2;2022-03-22;118;391;1532;1830;244;1293;2219;0;0;6115893;6793873;10578203;45625;6148589;11705893;135059;0;76
FR;2;2022-03-23;137;361;1678;3032;232;1473;3374;0;6;6116030;6794234;10579881;48657;6148821;11707366;138433;0;82
FR;2;2022-03-24;117;293;1183;1548;186;1001;1814;0;8;6116147;6794527;10581064;50205;6149007;11708367;140247;0;90
FR;2;2022-03-25;119;361;1806;2451;238;1476;2837;0;8;6116266;6794888;10582870;52656;6149245;11709843;143084;0;98
FR;2;2022-03-26;79;247;1205;1222;138;953;1531;0;5;6116345;6795135;10584075;53878;6149383;11710796;144615;0;103
FR;2;2022-03-27;19;36;154;100;19;133;144;0;0;6116364;6795171;10584229;53978;6149402;11710929;144759;0;103
FR;2;2022-03-28;94;290;1139;1602;189;995;1835;0;6;6116458;6795461;10585368;55580;6149591;11711924;146594;0;109
FR;2;2022-03-29;108;258;1325;2467;167;1105;2760;0;4;6116566;6795719;10586693;58047;6149758;11713029;149354;0;113
FR;2;2022-03-30;91;312;1489;3185;163;1320;3422;0;2;6116657;6796031;10588182;61232;6149921;11714349;152776;0;115
FR;2;2022-03-31;104;284;1277;2332;172;1092;2616;0;3;6116761;6796315;10589459;63564;6150093;11715441;155392;0;118
FR;2;2022-04-01;123;324;1568;2349;164;1323;2667;0;7;6116884;6796639;10591027;65913;6150257;11716764;158059;0;125
FR;2;2022-04-02;81;161;845;891;83;737;1052;0;1;6116965;6796800;10591872;66804;6150340;11717501;159111;0;126
FR;2;2022-04-03;16;53;128;113;27;142;133;0;1;6116981;6796853;10592000;66917;6150367;11717643;159244;0;127
FR;2;2022-04-04;113;245;990;1447;147;799;1693;0;5;6117094;6797098;10592990;68364;6150514;11718442;160937;0;132
FR;2;2022-04-05;143;301;1317;2914;161;1145;3143;0;17;6117237;6797399;10594307;71278;6150675;11719587;164080;0;149
FR;2;2022-04-06;89;260;1308;2523;128;1131;2688;0;10;6117326;6797659;10595615;73801;6150803;11720718;166768;0;159
FR;2;2022-04-07;120;230;1303;2682;141;1042;2958;0;8;6117446;6797889;10596918;76483;6150944;11721760;169726;0;167
FR;2;2022-04-08;126;346;1635;3352;182;1328;3642;0;12;6117572;6798235;10598553;79835;6151126;11723088;173368;0;179
FR;2;2022-04-09;90;219;900;1046;144;732;1288;0;4;6117662;6798454;10599453;80881;6151270;11723820;174656;0;183
FR;2;2022-04-10;37;48;143;162;45;119;200;0;1;6117699;6798502;10599596;81043;6151315;11723939;174856;0;184
FR;2;2022-04-11;88;195;892;1560;121;782;1718;0;6;6117787;6798697;10600488;82603;6151436;11724721;176574;0;190
FR;2;2022-04-12;176;273;1183;2770;175;1062;2903;0;8;6117963;6798970;10601671;85373;6151611;11725783;179477;0;198
FR;2;2022-04-13;147;231;1125;2477;110;989;2671;0;11;6118110;6799201;10602796;87850;6151721;11726772;182148;0;209
FR;2;2022-04-14;115;227;1085;2677;114;919;2911;0;18;6118225;6799428;10603881;90527;6151835;11727691;185059;0;227
FR;2;2022-04-15;114;261;1221;2304;131;1078;2544;0;7;6118339;6799689;10605102;92831;6151966;11728769;187603;0;234
FR;2;2022-04-16;67;108;548;549;68;459;675;0;9;6118406;6799797;10605650;93380;6152034;11729228;188278;0;243
FR;2;2022-04-17;15;27;57;53;16;53;71;0;0;6118421;6799824;10605707;93433;6152050;11729281;188349;0;243
FR;2;2022-04-18;12;35;121;70;18;116;95;0;0;6118433;6799859;10605828;93503;6152068;11729397;188444;0;243
FR;2;2022-04-19;112;237;1120;1750;149;951;1934;0;9;6118545;6800096;10606948;95253;6152217;11730348;190378;0;252
FR;2;2022-04-20;95;241;1110;2172;125;934;2366;0;14;6118640;6800337;10608058;97425;6152342;11731282;192744;0;266
FR;2;2022-04-21;111;233;983;1912;125;838;2141;0;10;6118751;6800570;10609041;99337;6152467;11732120;194885;0;276
FR;2;2022-04-22;100;276;1242;2102;141;1023;2440;0;11;6118851;6800846;10610283;101439;6152608;11733143;197325;0;287
FR;2;2022-04-23;67;156;645;762;107;574;862;0;8;6118918;6801002;10610928;102201;6152715;11733717;198187;0;295
FR;2;2022-04-24;12;30;101;68;12;79;100;0;0;6118930;6801032;10611029;102269;6152727;11733796;198287;0;295
FR;2;2022-04-25;104;204;821;1329;103;711;1527;0;15;6119034;6801236;10611850;103598;6152830;11734507;199814;0;310
FR;2;2022-04-26;110;184;1041;2022;118;879;2219;0;18;6119144;6801420;10612891;105620;6152948;11735386;202033;0;328
FR;2;2022-04-27;98;181;860;1784;122;764;1806;0;7;6119242;6801601;10613751;107404;6153070;11736150;203839;0;335
FR;2;2022-04-28;93;214;950;1931;128;843;2087;0;12;6119335;6801815;10614701;109335;6153198;11736993;205926;0;347
FR;2;2022-04-29;81;282;1132;1697;131;1043;1876;0;11;6119416;6802097;10615833;111032;6153329;11738036;207802;0;358
FR;2;2022-04-30;66;127;471;540;80;430;628;0;9;6119482;6802224;10616304;111572;6153409;11738466;208430;0;367
FR;2;2022-05-01;23;24;84;49;20;85;61;0;1;6119505;6802248;10616388;111621;6153429;11738551;208491;0;368
FR;2;2022-05-02;115;232;762;1217;141;660;1375;0;5;6119620;6802480;10617150;112838;6153570;11739211;209866;0;373
FR;2;2022-05-03;152;233;999;1781;156;938;1895;0;14;6119772;6802713;10618149;114619;6153726;11740149;211761;0;387
FR;2;2022-05-04;90;226;926;1810;116;869;1821;0;13;6119862;6802939;10619075;116429;6153842;11741018;213582;0;400
FR;2;2022-05-05;127;197;856;1732;146;773;1848;0;10;6119989;6803136;10619931;118161;6153988;11741791;215430;0;410
FR;2;2022-05-06;133;246;1100;1855;139;1016;2052;0;16;6120122;6803382;10621031;120016;6154127;11742807;217482;0;426
FR;2;2022-05-07;40;99;470;504;61;406;593;0;4;6120162;6803481;10621501;120520;6154188;11743213;218075;0;430
FR;2;2022-05-08;48;54;107;71;41;102;101;0;0;6120210;6803535;10621608;120591;6154229;11743315;218176;0;430
FR;2;2022-05-09;101;174;654;986;103;604;1130;0;9;6120311;6803709;10622262;121577;6154332;11743919;219306;0;439
FR;2;2022-05-10;121;252;938;1841;155;893;1965;0;23;6120432;6803961;10623200;123418;6154487;11744812;221271;0;462
FR;2;2022-05-11;103;179;813;1879;117;792;1868;0;8;6120535;6804140;10624013;125297;6154604;11745604;223139;0;470
FR;2;2022-05-12;111;174;845;2096;116;803;2213;0;21;6120646;6804314;10624858;127393;6154720;11746407;225352;0;491
FR;2;2022-05-13;100;236;969;2097;122;900;2273;0;13;6120746;6804550;10625827;129490;6154842;11747307;227625;0;504
FR;2;2022-05-14;76;124;451;553;93;411;632;0;6;6120822;6804674;10626278;130043;6154935;11747718;228257;0;510
FR;2;2022-05-15;24;39;94;88;20;108;95;0;1;6120846;6804713;10626372;130131;6154955;11747826;228352;0;511
FR;2;2022-05-16;102;170;601;925;115;537;1037;0;11;6120948;6804883;10626973;131056;6155070;11748363;229389;0;522
FR;2;2022-05-17;95;184;690;1685;119;658;1737;0;8;6121043;6805067;10627663;132741;6155189;11749021;231126;0;530
FR;2;2022-05-18;80;181;643;1431;97;648;1486;0;10;6121123;6805248;10628306;134172;6155286;11749669;232612;0;540
FR;2;2022-05-19;73;161;709;1830;81;751;1816;0;12;6121196;6805409;10629015;136002;6155367;11750420;234428;0;552
FR;2;2022-05-20;107;181;874;1701;111;779;1849;0;17;6121303;6805590;10629889;137703;6155478;11751199;236277;0;569
FR;2;2022-05-21;48;96;398;517;71;339;581;0;8;6121351;6805686;10630287;138220;6155549;11751538;236858;0;577
FR;2;2022-05-22;8;23;69;37;18;57;56;0;0;6121359;6805709;10630356;138257;6155567;11751595;236914;0;577
FR;2;2022-05-23;86;133;498;931;100;469;967;0;7;6121445;6805842;10630854;139188;6155667;11752064;237881;0;584
FR;2;2022-05-24;87;164;627;1626;103;615;1680;0;17;6121532;6806006;10631481;140814;6155770;11752679;239561;0;601
FR;2;2022-05-25;72;146;539;1149;90;494;1260;0;5;6121604;6806152;10632020;141963;6155860;11753173;240821;0;606
FR;2;2022-05-26;12;31;77;45;13;85;56;0;1;6121616;6806183;10632097;142008;6155873;11753258;240877;0;607
FR;2;2022-05-27;44;124;456;818;68;438;893;0;9;6121660;6806307;10632553;142826;6155941;11753696;241770;0;616
FR;2;2022-05-28;28;60;221;244;29;221;266;0;1;6121688;6806367;10632774;143070;6155970;11753917;242036;0;617
FR;2;2022-05-29;13;34;43;25;22;51;28;0;0;6121701;6806401;10632817;143095;6155992;11753968;242064;0;617
FR;2;2022-05-30;65;109;425;755;60;410;806;0;6;6121766;6806510;10633242;143850;6156052;11754378;242870;0;623
FR;2;2022-05-31;76;135;564;1278;92;511;1304;0;12;6121842;6806645;10633806;145128;6156144;11754889;244174;0;635
FR;2;2022-06-01;59;158;564;1075;84;543;1170;0;6;6121901;6806803;10634370;146203;6156228;11755432;245344;0;641
FR;2;2022-06-02;92;178;625;1414;109;592;1520;0;12;6121993;6806981;10634995;147617;6156337;11756024;246864;0;653
FR;2;2022-06-03;71;157;668;1605;96;595;1694;0;19;6122064;6807138;10635663;149222;6156433;11756619;248558;0;672
FR;2;2022-06-04;69;93;283;433;66;269;475;0;11;6122133;6807231;10635946;149655;6156499;11756888;249033;0;683
FR;2;2022-06-05;12;17;63;58;16;47;75;0;1;6122145;6807248;10636009;149713;6156515;11756935;249108;0;684
FR;2;2022-06-06;12;40;92;76;29;92;80;0;4;6122157;6807288;10636101;149789;6156544;11757027;249188;0;688
FR;2;2022-06-07;99;222;667;1535;154;577;1661;0;10;6122256;6807510;10636768;151324;6156698;11757604;250849;0;698
FR;2;2022-06-08;70;119;476;1166;76;411;1262;0;5;6122326;6807629;10637244;152490;6156774;11758015;252111;0;703
FR;2;2022-06-09;93;166;613;1923;107;571;1927;0;18;6122419;6807795;10637857;154413;6156881;11758586;254038;0;721
FR;2;2022-06-10;93;168;650;1683;107;622;1774;0;23;6122512;6807963;10638507;156096;6156988;11759208;255812;0;744
FR;2;2022-06-11;44;85;287;529;42;258;583;0;5;6122556;6808048;10638794;156625;6157030;11759466;256395;0;749
FR;2;2022-06-12;18;38;58;78;27;60;78;0;0;6122574;6808086;10638852;156703;6157057;11759526;256473;0;749
FR;2;2022-06-13;39;121;395;953;63;379;1021;0;6;6122613;6808207;10639247;157656;6157120;11759905;257494;0;755
FR;2;2022-06-14;68;157;599;2088;101;537;2189;0;14;6122681;6808364;10639846;159744;6157221;11760442;259683;0;769
FR;2;2022-06-15;78;104;520;1504;84;444;1639;0;10;6122759;6808468;10640366;161248;6157305;11760886;261322;0;779
FR;2;2022-06-16;127;128;497;1411;123;424;1526;0;12;6122886;6808596;10640863;162659;6157428;11761310;262848;0;791
FR;2;2022-06-17;73;138;589;1817;88;516;1921;0;16;6122959;6808734;10641452;164476;6157516;11761826;264769;0;807
FR;2;2022-06-18;76;93;224;579;81;196;630;0;4;6123035;6808827;10641676;165055;6157597;11762022;265399;0;811
FR;2;2022-06-19;11;17;53;71;7;41;90;0;2;6123046;6808844;10641729;165126;6157604;11762063;265489;0;813
FR;2;2022-06-20;62;125;401;1028;72;392;1105;0;10;6123108;6808969;10642130;166154;6157676;11762455;266594;0;823
FR;2;2022-06-21;108;115;526;2127;104;455;2164;0;22;6123216;6809084;10642656;168281;6157780;11762910;268758;0;845
FR;2;2022-06-22;39;110;462;1889;57;415;1971;0;25;6123255;6809194;10643118;170170;6157837;11763325;270729;0;870
FR;2;2022-06-23;58;109;537;2282;68;452;2400;0;30;6123313;6809303;10643655;172452;6157905;11763777;273129;0;900
FR;2;2022-06-24;66;122;709;3199;65;571;3339;0;38;6123379;6809425;10644364;175651;6157970;11764348;276468;0;938
FR;2;2022-06-25;30;90;298;987;55;254;1040;0;13;6123409;6809515;10644662;176638;6158025;11764602;277508;0;951
FR;2;2022-06-26;30;27;131;194;29;97;236;0;5;6123439;6809542;10644793;176832;6158054;11764699;277744;0;956
FR;2;2022-06-27;79;137;582;2489;94;483;2622;0;39;6123518;6809679;10645375;179321;6158148;11765182;280366;0;995
FR;2;2022-06-28;110;140;812;4817;81;650;4894;0;54;6123628;6809819;10646187;184138;6158229;11765832;285260;0;1049
FR;2;2022-06-29;73;150;776;4436;80;637;4532;0;56;6123701;6809969;10646963;188574;6158309;11766469;289792;0;1105
FR;2;2022-06-30;72;133;834;5177;71;619;5398;0;79;6123773;6810102;10647797;193751;6158380;11767088;295190;0;1184
FR;2;2022-07-01;113;161;1152;6692;94;853;6944;0;92;6123886;6810263;10648949;200443;6158474;11767941;302134;0;1276
FR;2;2022-07-02;69;132;474;1976;82;392;2067;0;27;6123955;6810395;10649423;202419;6158556;11768333;304201;0;1303
FR;2;2022-07-03;23;30;147;334;21;131;357;0;8;6123978;6810425;10649570;202753;6158577;11768464;304558;0;1311
FR;2;2022-07-04;120;184;774;3785;112;612;3971;0;49;6124098;6810609;10650344;206538;6158689;11769076;308529;0;1360
FR;2;2022-07-05;119;187;1121;6818;121;828;6999;0;85;6124217;6810796;10651465;213356;6158810;11769904;315528;0;1445
FR;2;2022-07-06;92;151;951;5807;94;697;5933;0;84;6124309;6810947;10652416;219163;6158904;11770601;321461;0;1529
FR;2;2022-07-07;81;185;1021;6501;115;752;6732;0;101;6124390;6811132;10653437;225664;6159019;11771353;328193;0;1630
FR;2;2022-07-08;65;122;1095;7044;51;758;7235;0;123;6124455;6811254;10654532;232708;6159070;11772111;335428;0;1753
FR;2;2022-07-09;34;62;418;1869;31;299;1920;0;33;6124489;6811316;10654950;234577;6159101;11772410;337348;0;1786
FR;2;2022-07-10;6;17;97;315;8;83;327;0;5;6124495;6811333;10655047;234892;6159109;11772493;337675;0;1791
FR;2;2022-07-11;68;121;683;3826;76;541;3901;0;67;6124563;6811454;10655730;238718;6159185;11773034;341576;0;1858
FR;2;2022-07-12;102;180;1054;6517;107;809;6725;0;119;6124665;6811634;10656784;245235;6159292;11773843;348301;0;1977
FR;2;2022-07-13;65;127;879;4664;75;591;4830;0;78;6124730;6811761;10657663;249899;6159367;11774434;353131;0;2055
FR;2;2022-07-14;6;13;89;250;8;60;269;0;8;6124736;6811774;10657752;250149;6159375;11774494;353400;0;2063
FR;2;2022-07-15;61;129;739;3794;53;560;3960;0;75;6124797;6811903;10658491;253943;6159428;11775054;357360;0;2138
FR;2;2022-07-16;27;54;289;1030;30;242;1076;0;25;6124824;6811957;10658780;254973;6159458;11775296;358436;0;2163
FR;2;2022-07-17;5;12;78;201;6;67;207;0;6;6124829;6811969;10658858;255174;6159464;11775363;358643;0;2169
FR;2;2022-07-18;57;103;514;2509;61;384;2648;0;59;6124886;6812072;10659372;257683;6159525;11775747;361291;0;2228
FR;2;2022-07-19;66;133;770;4258;72;555;4447;0;72;6124952;6812205;10660142;261941;6159597;11776302;365738;0;2300
FR;2;2022-07-20;59;117;582;3179;68;430;3278;0;87;6125011;6812322;10660724;265120;6159665;11776732;369016;0;2387
FR;2;2022-07-21;60;110;671;3680;73;485;3797;0;105;6125071;6812432;10661395;268800;6159738;11777217;372813;0;2492
FR;2;2022-07-22;51;99;699;3550;48;506;3700;0;80;6125122;6812531;10662094;272350;6159786;11777723;376513;0;2572
FR;2;2022-07-23;38;97;290;1175;51;229;1228;0;37;6125160;6812628;10662384;273525;6159837;11777952;377741;0;2609
FR;2;2022-07-24;14;24;69;201;19;68;203;0;7;6125174;6812652;10662453;273726;6159856;11778020;377944;0;2616
FR;2;2022-07-25;50;71;405;1938;60;300;2000;0;56;6125224;6812723;10662858;275664;6159916;11778320;379944;0;2672
FR;2;2022-07-26;57;133;606;3423;66;477;3496;0;113;6125281;6812856;10663464;279087;6159982;11778797;383440;0;2785
FR;2;2022-07-27;42;81;457;2782;50;361;2801;0;89;6125323;6812937;10663921;281869;6160032;11779158;386241;0;2874
FR;2;2022-07-28;29;75;450;2486;36;357;2490;0;78;6125352;6813012;10664371;284355;6160068;11779515;388731;0;2952
FR;2;2022-07-29;68;88;535;2857;63;347;2978;0;73;6125420;6813100;10664906;287212;6160131;11779862;391709;0;3025
FR;2;2022-07-30;22;39;163;775;32;110;795;0;24;6125442;6813139;10665069;287987;6160163;11779972;392504;0;3049
FR;2;2022-07-31;6;13;27;104;12;21;110;0;2;6125448;6813152;10665096;288091;6160175;11779993;392614;0;3051
FR;2;2022-08-01;38;106;323;1261;73;260;1343;0;29;6125486;6813258;10665419;289352;6160248;11780253;393957;0;3080
FR;2;2022-08-02;49;75;325;2061;50;247;2097;0;78;6125535;6813333;10665744;291413;6160298;11780500;396054;0;3158
FR;2;2022-08-03;29;53;259;1611;25;187;1617;0;57;6125564;6813386;10666003;293024;6160323;11780687;397671;0;3215
FR;2;2022-08-04;40;65;306;1692;39;240;1701;0;66;6125604;6813451;10666309;294716;6160362;11780927;399372;0;3281
FR;2;2022-08-05;33;94;328;1881;67;236;1912;0;60;6125637;6813545;10666637;296597;6160429;11781163;401284;0;3341
FR;2;2022-08-06;22;41;106;365;29;82;372;0;10;6125659;6813586;10666743;296962;6160458;11781245;401656;0;3351
FR;2;2022-08-07;7;8;15;69;5;16;71;0;3;6125666;6813594;10666758;297031;6160463;11781261;401727;0;3354
FR;2;2022-08-08;19;35;220;877;22;148;915;0;33;6125685;6813629;10666978;297908;6160485;11781409;402642;0;3387
FR;2;2022-08-09;29;52;279;1475;41;238;1471;0;50;6125714;6813681;10667257;299383;6160526;11781647;404113;0;3437
FR;2;2022-08-10;16;22;213;1134;19;150;1155;0;46;6125730;6813703;10667470;300517;6160545;11781797;405268;0;3483
FR;2;2022-08-11;21;41;174;1038;26;117;1047;0;40;6125751;6813744;10667644;301555;6160571;11781914;406315;0;3523
FR;2;2022-08-12;36;50;184;1046;38;140;1069;0;35;6125787;6813794;10667828;302601;6160609;11782054;407384;0;3558
FR;2;2022-08-13;9;19;47;149;15;53;137;0;5;6125796;6813813;10667875;302750;6160624;11782107;407521;0;3563
FR;2;2022-08-14;1;2;12;52;1;11;54;0;1;6125797;6813815;10667887;302802;6160625;11782118;407575;0;3564
FR;2;2022-08-15;0;5;32;22;2;21;21;0;3;6125797;6813820;10667919;302824;6160627;11782139;407596;0;3567
FR;2;2022-08-16;27;33;144;681;34;120;678;0;33;6125824;6813853;10668063;303505;6160661;11782259;408274;0;3600
FR;2;2022-08-17;18;26;109;738;18;88;744;0;34;6125842;6813879;10668172;304243;6160679;11782347;409018;0;3634
FR;2;2022-08-18;14;29;160;836;13;107;852;0;42;6125856;6813908;10668332;305079;6160692;11782454;409870;0;3676
FR;2;2022-08-19;8;38;118;706;31;88;706;0;33;6125864;6813946;10668450;305785;6160723;11782542;410576;0;3709
FR;2;2022-08-20;6;26;61;197;16;52;201;0;8;6125870;6813972;10668511;305982;6160739;11782594;410777;0;3717
FR;2;2022-08-21;4;14;15;19;6;13;31;0;0;6125874;6813986;10668526;306001;6160745;11782607;410808;0;3717
FR;2;2022-08-22;11;25;116;395;17;73;451;0;13;6125885;6814011;10668642;306396;6160762;11782680;411259;0;3730
FR;2;2022-08-23;11;42;134;671;23;112;679;0;38;6125896;6814053;10668776;307067;6160785;11782792;411938;0;3768
FR;2;2022-08-24;11;28;87;466;21;80;472;0;18;6125907;6814081;10668863;307533;6160806;11782872;412410;0;3786
FR;2;2022-08-25;8;32;109;481;16;69;516;0;17;6125915;6814113;10668972;308014;6160822;11782941;412926;0;3803
FR;2;2022-08-26;16;46;117;720;36;91;713;0;32;6125931;6814159;10669089;308734;6160858;11783032;413639;0;3835
FR;2;2022-08-27;10;19;47;156;16;42;164;0;2;6125941;6814178;10669136;308890;6160874;11783074;413803;0;3837
FR;2;2022-08-28;1;5;5;15;1;7;16;0;1;6125942;6814183;10669141;308905;6160875;11783081;413819;0;3838
FR;2;2022-08-29;24;43;94;400;29;88;396;0;24;6125966;6814226;10669235;309305;6160904;11783169;414215;0;3862
FR;2;2022-08-30;31;54;154;791;34;119;798;0;29;6125997;6814280;10669389;310096;6160938;11783288;415013;0;3891
FR;2;2022-08-31;19;37;85;392;24;79;393;0;25;6126016;6814317;10669474;310488;6160962;11783367;415406;0;3916
FR;2;2022-09-01;19;43;139;600;25;122;609;0;36;6126035;6814360;10669613;311088;6160987;11783489;416015;0;3952
FR;2;2022-09-02;34;57;146;744;34;159;748;0;32;6126069;6814417;10669759;311832;6161021;11783648;416763;0;3984
FR;2;2022-09-03;17;20;83;205;11;67;213;0;7;6126086;6814437;10669842;312037;6161032;11783715;416976;0;3991
FR;2;2022-09-04;8;5;9;31;2;10;30;0;3;6126094;6814442;10669851;312068;6161034;11783725;417006;0;3994
FR;2;2022-09-05;29;32;126;367;24;98;397;0;24;6126123;6814474;10669977;312435;6161058;11783823;417403;0;4018
FR;2;2022-09-06;43;62;158;761;42;153;767;0;36;6126166;6814536;10670135;313196;6161100;11783976;418170;0;4054
FR;2;2022-09-07;21;22;74;375;18;49;387;0;22;6126187;6814558;10670209;313571;6161118;11784025;418557;0;4076
FR;2;2022-09-08;31;57;109;636;40;100;646;0;22;6126218;6814615;10670318;314207;6161158;11784125;419203;0;4098
FR;2;2022-09-09;18;24;126;753;21;74;746;0;46;6126236;6814639;10670444;314960;6161179;11784199;419949;0;4144
FR;2;2022-09-10;14;24;57;117;16;48;131;0;4;6126250;6814663;10670501;315077;6161195;11784247;420080;0;4148
FR;2;2022-09-11;12;5;11;11;3;13;13;0;0;6126262;6814668;10670512;315088;6161198;11784260;420093;0;4148
FR;2;2022-09-12;20;31;70;340;26;56;352;0;16;6126282;6814699;10670582;315428;6161224;11784316;420445;0;4164
FR;2;2022-09-13;15;34;125;670;13;99;674;0;40;6126297;6814733;10670707;316098;6161237;11784415;421119;0;4204
FR;2;2022-09-14;19;22;81;480;20;59;478;0;36;6126316;6814755;10670788;316578;6161257;11784474;421597;0;4240
FR;2;2022-09-15;22;44;126;486;26;102;493;0;47;6126338;6814799;10670914;317064;6161283;11784576;422090;0;4287
FR;2;2022-09-16;21;31;124;563;17;89;585;0;39;6126359;6814830;10671038;317627;6161300;11784665;422675;0;4326
FR;2;2022-09-17;6;20;56;160;15;52;147;0;13;6126365;6814850;10671094;317787;6161315;11784717;422822;0;4339
FR;2;2022-09-18;4;7;13;37;6;10;37;0;3;6126369;6814857;10671107;317824;6161321;11784727;422859;0;4342
FR;2;2022-09-19;26;24;114;353;16;87;381;0;22;6126395;6814881;10671221;318177;6161337;11784814;423240;0;4364
FR;2;2022-09-20;29;27;117;624;21;84;639;0;38;6126424;6814908;10671338;318801;6161358;11784898;423879;0;4402
FR;2;2022-09-21;15;30;100;393;15;78;418;0;22;6126439;6814938;10671438;319194;6161373;11784976;424297;0;4424
FR;2;2022-09-22;16;39;124;581;18;95;619;0;28;6126455;6814977;10671562;319775;6161391;11785071;424916;0;4452
FR;2;2022-09-23;21;38;135;555;22;111;570;0;39;6126476;6815015;10671697;320330;6161413;11785182;425486;0;4491
FR;2;2022-09-24;10;8;52;190;6;37;201;0;6;6126486;6815023;10671749;320520;6161419;11785219;425687;0;4497
FR;2;2022-09-25;9;11;14;29;11;11;33;0;5;6126495;6815034;10671763;320549;6161430;11785230;425720;0;4502
FR;2;2022-09-26;22;41;116;447;27;79;458;0;20;6126517;6815075;10671879;320996;6161457;11785309;426178;0;4522
FR;2;2022-09-27;30;46;162;906;35;108;861;0;52;6126547;6815121;10672041;321902;6161492;11785417;427039;0;4574
FR;2;2022-09-28;15;31;93;421;18;74;439;0;23;6126562;6815152;10672134;322323;6161510;11785491;427478;0;4597
FR;2;2022-09-29;26;48;115;618;23;110;630;0;33;6126588;6815200;10672249;322941;6161533;11785601;428108;0;4630
FR;2;2022-09-30;25;44;111;520;44;84;533;0;31;6126613;6815244;10672360;323461;6161577;11785685;428641;0;4661
FR;2;2022-10-01;11;20;51;128;20;36;129;0;8;6126624;6815264;10672411;323589;6161597;11785721;428770;0;4669
FR;2;2022-10-02;0;5;8;21;4;5;25;0;2;6126624;6815269;10672419;323610;6161601;11785726;428795;0;4671
FR;2;2022-10-03;22;35;84;291;30;68;306;0;22;6126646;6815304;10672503;323901;6161631;11785794;429101;0;4693
FR;2;2022-10-04;17;21;106;601;19;71;620;0;46;6126663;6815325;10672609;324502;6161650;11785865;429721;0;4739
FR;2;2022-10-05;20;29;75;491;24;67;488;0;54;6126683;6815354;10672684;324993;6161674;11785932;430209;0;4793
FR;2;2022-10-06;30;23;74;442;17;71;428;0;65;6126713;6815377;10672758;325435;6161691;11786003;430637;0;4858
FR;2;2022-10-07;21;30;86;499;27;66;503;0;42;6126734;6815407;10672844;325934;6161718;11786069;431140;0;4900
FR;2;2022-10-08;12;8;23;114;3;24;108;0;12;6126746;6815415;10672867;326048;6161721;11786093;431248;0;4912
FR;2;2022-10-09;1;8;15;17;6;11;22;0;5;6126747;6815423;10672882;326065;6161727;11786104;431270;0;4917
FR;2;2022-10-10;18;25;47;223;23;49;218;0;21;6126765;6815448;10672929;326288;6161750;11786153;431488;0;4938
FR;2;2022-10-11;16;15;47;253;11;39;240;0;52;6126781;6815463;10672976;326541;6161761;11786192;431728;0;4990
FR;2;2022-10-12;8;18;52;290;14;36;305;0;56;6126789;6815481;10673028;326831;6161775;11786228;432033;0;5046
FR;2;2022-10-13;11;14;48;271;9;48;261;0;26;6126800;6815495;10673076;327102;6161784;11786276;432294;0;5072
FR;2;2022-10-14;12;29;36;230;17;40;231;0;29;6126812;6815524;10673112;327332;6161801;11786316;432525;0;5101
FR;2;2022-10-15;4;10;22;111;4;17;113;0;15;6126816;6815534;10673134;327443;6161805;11786333;432638;0;5116
FR;2;2022-10-16;0;6;4;11;5;7;8;0;1;6126816;6815540;10673138;327454;6161810;11786340;432646;0;5117
FR;2;2022-10-17;15;18;31;121;17;26;131;0;29;6126831;6815558;10673169;327575;6161827;11786366;432777;0;5146
FR;2;2022-10-18;13;12;68;184;6;34;240;0;45;6126844;6815570;10673237;327759;6161833;11786400;433017;0;5191
FR;2;2022-10-19;8;17;36;182;12;30;186;0;42;6126852;6815587;10673273;327941;6161845;11786430;433203;0;5233
FR;2;2022-10-20;11;29;41;200;15;40;196;0;52;6126863;6815616;10673314;328141;6161860;11786470;433399;0;5285
FR;2;2022-10-21;6;15;60;233;6;53;222;0;31;6126869;6815631;10673374;328374;6161866;11786523;433621;0;5316
FR;2;2022-10-22;8;7;25;101;2;23;102;0;20;6126877;6815638;10673399;328475;6161868;11786546;433723;0;5336
FR;2;2022-10-23;0;3;1;5;3;0;6;0;2;6126877;6815641;10673400;328480;6161871;11786546;433729;0;5338
FR;2;2022-10-24;12;12;16;110;12;16;113;0;20;6126889;6815653;10673416;328590;6161883;11786562;433842;0;5358
FR;2;2022-10-25;12;7;23;138;6;15;145;0;51;6126901;6815660;10673439;328728;6161889;11786577;433987;0;5409
FR;2;2022-10-26;4;3;17;90;2;11;96;0;27;6126905;6815663;10673456;328818;6161891;11786588;434083;0;5436
FR;2;2022-10-27;7;9;18;88;9;20;71;0;27;6126912;6815672;10673474;328906;6161900;11786608;434154;0;5463
FR;2;2022-10-28;5;3;15;91;3;7;92;0;27;6126917;6815675;10673489;328997;6161903;11786615;434246;0;5490
FR;2;2022-10-29;7;8;18;33;6;14;37;0;8;6126924;6815683;10673507;329030;6161909;11786629;434283;0;5498
FR;2;2022-10-30;3;7;5;8;5;2;5;0;1;6126927;6815690;10673512;329038;6161914;11786631;434288;0;5499
FR;2;2022-10-31;2;8;6;49;6;10;48;0;11;6126929;6815698;10673518;329087;6161920;11786641;434336;0;5510
FR;2;2022-11-01;0;4;8;1;4;5;4;0;0;6126929;6815702;10673526;329088;6161924;11786646;434340;0;5510
FR;2;2022-11-02;6;5;12;44;5;12;45;0;11;6126935;6815707;10673538;329132;6161929;11786658;434385;0;5521
FR;2;2022-11-03;6;7;16;77;6;10;75;0;18;6126941;6815714;10673554;329209;6161935;11786668;434460;0;5539
FR;2;2022-11-04;7;12;15;85;10;14;93;0;10;6126948;6815726;10673569;329294;6161945;11786682;434553;0;5549
FR;2;2022-11-05;0;11;13;38;6;17;35;0;6;6126948;6815737;10673582;329332;6161951;11786699;434588;0;5555
FR;2;2022-11-06;0;2;2;1;0;4;0;0;2;6126948;6815739;10673584;329333;6161951;11786703;434588;0;5557
FR;2;2022-11-07;11;8;15;66;6;14;65;0;20;6126959;6815747;10673599;329399;6161957;11786717;434653;0;5577
FR;2;2022-11-08;11;6;18;58;4;14;65;0;27;6126970;6815753;10673617;329457;6161961;11786731;434718;0;5604
FR;2;2022-11-09;4;5;17;56;2;17;50;0;28;6126974;6815758;10673634;329513;6161963;11786748;434768;0;5632
FR;2;2022-11-10;7;10;17;74;7;14;76;0;14;6126981;6815768;10673651;329587;6161970;11786762;434844;0;5646
FR;2;2022-11-11;0;3;7;3;0;8;4;0;0;6126981;6815771;10673658;329590;6161970;11786770;434848;0;5646
FR;2;2022-11-12;2;5;7;19;4;7;19;0;4;6126983;6815776;10673665;329609;6161974;11786777;434867;0;5650
FR;2;2022-11-13;3;2;3;2;1;4;1;0;0;6126986;6815778;10673668;329611;6161975;11786781;434868;0;5650
FR;2;2022-11-14;7;6;13;29;3;10;33;0;7;6126993;6815784;10673681;329640;6161978;11786791;434901;0;5657
FR;2;2022-11-15;8;12;15;35;13;18;32;0;7;6127001;6815796;10673696;329675;6161991;11786809;434933;0;5664
FR;2;2022-11-16;4;3;4;45;3;4;46;0;18;6127005;6815799;10673700;329720;6161994;11786813;434979;0;5682
FR;2;2022-11-17;2;6;12;56;5;9;55;0;22;6127007;6815805;10673712;329776;6161999;11786822;435034;0;5704
FR;2;2022-11-18;3;4;7;41;4;6;44;0;10;6127010;6815809;10673719;329817;6162003;11786828;435078;0;5714
FR;2;2022-11-19;3;2;2;25;2;3;18;0;5;6127013;6815811;10673721;329842;6162005;11786831;435096;0;5719
FR;2;2022-11-20;0;2;6;9;2;6;10;0;26;6127013;6815813;10673727;329851;6162007;11786837;435106;0;5745
FR;2;2022-11-21;6;10;9;31;7;8;34;0;22;6127019;6815823;10673736;329882;6162014;11786845;435140;0;5767
FR;2;2022-11-22;8;8;20;65;6;21;70;0;71;6127027;6815831;10673756;329947;6162020;11786866;435210;0;5838
FR;2;2022-11-23;7;6;8;68;3;5;73;0;8;6127034;6815837;10673764;330015;6162023;11786871;435283;0;5846
FR;2;2022-11-24;2;2;11;50;2;7;57;0;10;6127036;6815839;10673775;330065;6162025;11786878;435340;0;5856
FR;2;2022-11-25;11;8;12;25;11;14;26;0;8;6127047;6815847;10673787;330090;6162036;11786892;435366;0;5864
FR;2;2022-11-26;1;5;4;8;4;7;6;0;0;6127048;6815852;10673791;330098;6162040;11786899;435372;0;5864
FR;2;2022-11-27;2;2;12;2;0;11;4;0;1;6127050;6815854;10673803;330100;6162040;11786910;435376;0;5865
FR;2;2022-11-28;0;2;8;35;1;6;37;0;5;6127050;6815856;10673811;330135;6162041;11786916;435413;0;5870
FR;2;2022-11-29;1;1;10;24;0;4;30;0;8;6127051;6815857;10673821;330159;6162041;11786920;435443;0;5878
FR;2;2022-11-30;2;1;9;47;0;10;44;0;21;6127053;6815858;10673830;330206;6162041;11786930;435487;0;5899
FR;2;2022-12-01;2;11;6;63;8;13;55;0;24;6127055;6815869;10673836;330269;6162049;11786943;435542;0;5923
FR;2;2022-12-02;1;2;12;51;2;10;51;0;27;6127056;6815871;10673848;330320;6162051;11786953;435593;0;5950
FR;2;2022-12-03;1;3;8;19;1;8;18;0;10;6127057;6815874;10673856;330339;6162052;11786961;435611;0;5960
FR;2;2022-12-04;0;0;0;4;0;0;4;0;2;6127057;6815874;10673856;330343;6162052;11786961;435615;0;5962
FR;2;2022-12-05;3;3;8;51;6;4;45;0;16;6127060;6815877;10673864;330394;6162058;11786965;435660;0;5978
FR;2;2022-12-06;3;4;13;45;3;6;47;0;17;6127063;6815881;10673877;330439;6162061;11786971;435707;0;5995
FR;2;2022-12-07;1;4;9;42;2;8;44;0;11;6127064;6815885;10673886;330481;6162063;11786979;435751;0;6006
FR;2;2022-12-08;0;2;11;44;0;6;49;0;16;6127064;6815887;10673897;330525;6162063;11786985;435800;0;6022
FR;2;2022-12-09;0;1;13;52;0;9;57;0;16;6127064;6815888;10673910;330577;6162063;11786994;435857;0;6038
FR;2;2022-12-10;0;2;15;49;0;6;51;0;9;6127064;6815890;10673925;330626;6162063;11787000;435908;0;6047
FR;2;2022-12-11;0;0;2;2;0;2;1;0;3;6127064;6815890;10673927;330628;6162063;11787002;435909;0;6050
FR;2;2022-12-12;1;0;6;36;0;6;35;0;11;6127065;6815890;10673933;330664;6162063;11787008;435944;0;6061
FR;2;2022-12-13;0;2;1;37;1;1;36;0;14;6127065;6815892;10673934;330701;6162064;11787009;435980;0;6075
FR;2;2022-12-14;0;5;8;26;5;3;31;0;14;6127065;6815897;10673942;330727;6162069;11787012;436011;0;6089
FR;2;2022-12-15;0;4;12;43;4;9;44;0;17;6127065;6815901;10673954;330770;6162073;11787021;436055;0;6106
FR;2;2022-12-16;2;4;27;56;3;20;62;0;16;6127067;6815905;10673981;330826;6162076;11787041;436117;0;6122
FR;2;2022-12-17;1;4;10;44;3;6;39;0;5;6127068;6815909;10673991;330870;6162079;11787047;436156;0;6127
FR;2;2022-12-18;1;0;0;0;0;0;0;0;1;6127069;6815909;10673991;330870;6162079;11787047;436156;0;6128
FR;2;2022-12-19;6;1;4;31;2;5;24;0;24;6127075;6815910;10673995;330901;6162081;11787052;436180;0;6152
FR;2;2022-12-20;0;2;6;37;0;7;38;0;24;6127075;6815912;10674001;330938;6162081;11787059;436218;0;6176
FR;2;2022-12-21;0;1;3;13;1;3;13;0;8;6127075;6815913;10674004;330951;6162082;11787062;436231;0;6184
FR;2;2022-12-22;0;5;17;32;2;6;45;0;10;6127075;6815918;10674021;330983;6162084;11787068;436276;0;6194
FR;2;2022-12-23;1;5;15;18;3;12;22;0;4;6127076;6815923;10674036;331001;6162087;11787080;436298;0;6198
FR;2;2022-12-24;0;0;1;1;0;1;1;0;0;6127076;6815923;10674037;331002;6162087;11787081;436299;0;6198
FR;2;2022-12-25;0;1;1;3;0;1;4;0;0;6127076;6815924;10674038;331005;6162087;11787082;436303;0;6198
FR;2;2022-12-26;0;0;7;11;0;5;11;0;3;6127076;6815924;10674045;331016;6162087;11787087;436314;0;6201
FR;2;2022-12-27;0;1;7;5;1;5;7;0;4;6127076;6815925;10674052;331021;6162088;11787092;436321;0;6205
FR;2;2022-12-28;0;2;4;13;2;3;14;0;5;6127076;6815927;10674056;331034;6162090;11787095;436335;0;6210
FR;2;2022-12-29;1;2;4;18;1;5;18;0;7;6127077;6815929;10674060;331052;6162091;11787100;436353;0;6217
FR;2;2022-12-30;1;0;2;8;0;2;7;0;1;6127078;6815929;10674062;331060;6162091;11787102;436360;0;6218
FR;2;2022-12-31;0;0;1;2;0;1;2;0;1;6127078;6815929;10674063;331062;6162091;11787103;436362;0;6219
FR;2;2023-01-01;0;0;0;0;0;0;0;0;0;6127078;6815929;10674063;331062;6162091;11787103;436362;0;6219
FR;2;2023-01-02;5;2;9;21;1;7;23;0;2;6127083;6815931;10674072;331083;6162092;11787110;436385;0;6221
FR;2;2023-01-03;1;0;6;13;0;7;11;0;6;6127084;6815931;10674078;331096;6162092;11787117;436396;0;6227
FR;2;2023-01-04;1;1;9;13;2;7;13;0;6;6127085;6815932;10674087;331109;6162094;11787124;436409;0;6233
FR;2;2023-01-05;0;2;7;6;2;4;7;0;3;6127085;6815934;10674094;331115;6162096;11787128;436416;0;6236
FR;2;2023-01-06;1;0;7;9;0;4;11;0;9;6127086;6815934;10674101;331124;6162096;11787132;436427;0;6245
FR;2;2023-01-07;0;0;1;10;0;2;7;0;5;6127086;6815934;10674102;331134;6162096;11787134;436434;0;6250
FR;2;2023-01-08;0;0;1;3;0;1;3;0;2;6127086;6815934;10674103;331137;6162096;11787135;436437;0;6252
FR;2;2023-01-09;0;1;8;9;1;3;13;0;5;6127086;6815935;10674111;331146;6162097;11787138;436450;0;6257
FR;2;2023-01-10;0;3;3;7;3;1;9;0;6;6127086;6815938;10674114;331153;6162100;11787139;436459;0;6263
FR;2;2023-01-11;3;0;4;7;0;3;9;0;3;6127089;6815938;10674118;331160;6162100;11787142;436468;0;6266
FR;2;2023-01-12;1;0;7;12;0;5;9;0;11;6127090;6815938;10674125;331172;6162100;11787147;436477;0;6277
FR;2;2023-01-13;0;1;4;7;1;2;10;0;3;6127090;6815939;10674129;331179;6162101;11787149;436487;0;6280
FR;2;2023-01-14;0;1;1;6;0;2;6;0;1;6127090;6815940;10674130;331185;6162101;11787151;436493;0;6281
FR;2;2023-01-15;0;0;0;0;0;0;0;0;0;6127090;6815940;10674130;331185;6162101;11787151;436493;0;6281
FR;2;2023-01-16;1;0;4;6;1;1;7;0;1;6127091;6815940;10674134;331191;6162102;11787152;436500;0;6282
FR;2;2023-01-17;1;0;1;4;0;1;3;0;0;6127092;6815940;10674135;331195;6162102;11787153;436503;0;6282
FR;2;2023-01-18;0;0;2;2;0;2;2;0;0;6127092;6815940;10674137;331197;6162102;11787155;436505;0;6282
FR;2;2023-01-19;0;0;0;6;0;0;6;0;6;6127092;6815940;10674137;331203;6162102;11787155;436511;0;6288
FR;2;2023-01-20;0;0;0;7;0;0;7;0;4;6127092;6815940;10674137;331210;6162102;11787155;436518;0;6292
FR;2;2023-01-21;0;0;0;3;0;0;0;0;0;6127092;6815940;10674137;331213;6162102;11787155;436518;0;6292
FR;2;2023-01-22;0;0;0;0;0;0;0;0;0;6127092;6815940;10674137;331213;6162102;11787155;436518;0;6292
FR;2;2023-01-23;0;0;3;3;0;2;3;0;1;6127092;6815940;10674140;331216;6162102;11787157;436521;0;6293
FR;2;2023-01-24;1;3;1;6;3;0;7;0;4;6127093;6815943;10674141;331222;6162105;11787157;436528;0;6297
FR;2;2023-01-25;1;0;0;6;1;0;6;0;0;6127094;6815943;10674141;331228;6162106;11787157;436534;0;6297
FR;2;2023-01-26;1;0;3;7;0;1;9;0;3;6127095;6815943;10674144;331235;6162106;11787158;436543;0;6300
FR;2;2023-01-27;0;2;2;3;1;2;2;0;2;6127095;6815945;10674146;331238;6162107;11787160;436545;0;6302
FR;2;2023-01-28;0;0;0;1;0;0;1;0;0;6127095;6815945;10674146;331239;6162107;11787160;436546;0;6302
FR;2;2023-01-29;0;0;1;0;0;0;1;0;0;6127095;6815945;10674147;331239;6162107;11787160;436547;0;6302
FR;2;2023-01-30;0;1;2;3;1;1;4;0;1;6127095;6815946;10674149;331242;6162108;11787161;436551;0;6303
FR;2;2023-01-31;1;0;3;2;0;2;3;0;0;6127096;6815946;10674152;331244;6162108;11787163;436554;0;6303
FR;2;2023-02-01;0;0;1;0;0;1;0;0;0;6127096;6815946;10674153;331244;6162108;11787164;436554;0;6303
FR;2;2023-02-02;0;1;0;2;1;0;2;0;4;6127096;6815947;10674153;331246;6162109;11787164;436556;0;6307
FR;3;2020-12-27;0;0;0;0;0;0;0;0;0;0;0;0;0;0;0;0;0;0
FR;3;2020-12-28;0;0;0;0;0;0;0;0;0;0;0;0;0;0;0;0;0;0
FR;3;2020-12-29;0;0;0;0;0;0;0;0;0;0;0;0;0;0;0;0;0;0
FR;3;2020-12-30;0;0;0;0;0;0;0;0;0;0;0;0;0;0;0;0;0;0
FR;3;2020-12-31;0;0;0;0;0;0;0;0;0;0;0;0;0;0;0;0;0;0
FR;3;2021-01-01;0;0;0;0;0;0;0;0;0;0;0;0;0;0;0;0;0;0
FR;3;2021-01-02;0;0;0;0;0;0;0;0;0;0;0;0;0;0;0;0;0;0
FR;3;2021-01-03;0;0;0;0;0;0;0;0;0;0;0;0;0;0;0;0;0;0
FR;3;2021-01-04;0;0;0;0;0;0;0;0;0;0;0;0;0;0;0;0;0;0
FR;3;2021-01-05;0;0;0;0;0;0;0;0;0;0;0;0;0;0;0;0;0;0
FR;3;2021-01-06;0;0;0;0;0;0;0;0;0;0;0;0;0;0;0;0;0;0
FR;3;2021-01-07;0;0;0;0;0;0;0;0;0;0;0;0;0;0;0;0;0;0
FR;3;2021-01-08;0;0;0;0;0;0;0;0;0;0;0;0;0;0;0;0;0;0
FR;3;2021-01-09;0;0;0;0;0;0;0;0;0;0;0;0;0;0;0;0;0;0
FR;3;2021-01-10;0;0;0;0;0;0;0;0;0;0;0;0;0;0;0;0;0;0
FR;3;2021-01-11;0;0;0;0;0;0;0;0;0;0;0;0;0;0;0;0;0;0
FR;3;2021-01-12;0;0;0;0;0;0;0;0;0;0;0;0;0;0;0;0;0;0
FR;3;2021-01-13;0;0;0;0;0;0;0;0;0;0;0;0;0;0;0;0;0;0
FR;3;2021-01-14;0;0;0;0;0;0;0;0;0;0;0;0;0;0;0;0;0;0
FR;3;2021-01-15;0;0;0;0;0;0;0;0;0;0;0;0;0;0;0;0;0;0
FR;3;2021-01-16;0;0;0;0;0;0;0;0;0;0;0;0;0;0;0;0;0;0
FR;3;2021-01-17;0;0;0;0;0;0;0;0;0;0;0;0;0;0;0;0;0;0
FR;3;2021-01-18;0;0;0;0;0;0;0;0;0;0;0;0;0;0;0;0;0;0
FR;3;2021-01-19;0;0;0;0;0;0;0;0;0;0;0;0;0;0;0;0;0;0
FR;3;2021-01-20;0;0;0;0;0;0;0;0;0;0;0;0;0;0;0;0;0;0
FR;3;2021-01-21;0;0;0;0;0;0;0;0;0;0;0;0;0;0;0;0;0;0
FR;3;2021-01-22;0;0;0;0;0;0;0;0;0;0;0;0;0;0;0;0;0;0
FR;3;2021-01-23;0;0;0;0;0;0;0;0;0;0;0;0;0;0;0;0;0;0
FR;3;2021-01-24;0;0;0;0;0;0;0;0;0;0;0;0;0;0;0;0;0;0
FR;3;2021-01-25;0;0;0;0;0;0;0;0;0;0;0;0;0;0;0;0;0;0
FR;3;2021-01-26;0;0;0;0;0;0;0;0;0;0;0;0;0;0;0;0;0;0
FR;3;2021-01-27;0;0;0;0;0;0;0;0;0;0;0;0;0;0;0;0;0;0
FR;3;2021-01-28;0;0;0;0;0;0;0;0;0;0;0;0;0;0;0;0;0;0
FR;3;2021-01-29;0;0;0;0;0;0;0;0;0;0;0;0;0;0;0;0;0;0
FR;3;2021-01-30;0;0;0;0;0;0;0;0;0;0;0;0;0;0;0;0;0;0
FR;3;2021-01-31;0;0;0;0;0;0;0;0;0;0;0;0;0;0;0;0;0;0
FR;3;2021-02-01;0;0;0;0;0;0;0;0;0;0;0;0;0;0;0;0;0;0
FR;3;2021-02-02;0;0;0;0;0;0;0;0;0;0;0;0;0;0;0;0;0;0
FR;3;2021-02-03;0;0;0;0;0;0;0;0;0;0;0;0;0;0;0;0;0;0
FR;3;2021-02-04;0;0;0;0;0;0;0;0;0;0;0;0;0;0;0;0;0;0
FR;3;2021-02-05;0;0;0;0;0;0;0;0;0;0;0;0;0;0;0;0;0;0
FR;3;2021-02-06;1480;0;0;0;106;0;0;0;0;1480;0;0;0;106;0;0;0;0
FR;3;2021-02-07;1423;2;0;0;87;0;0;0;0;2903;2;0;0;193;0;0;0;0
FR;3;2021-02-08;2789;1;0;0;177;0;0;0;0;5692;3;0;0;370;0;0;0;0
FR;3;2021-02-09;6786;0;0;0;502;0;0;0;0;12478;3;0;0;872;0;0;0;0
FR;3;2021-02-10;9611;0;0;0;695;0;0;0;0;22089;3;0;0;1567;0;0;0;0
FR;3;2021-02-11;13620;4;0;0;920;0;0;0;0;35709;7;0;0;2487;0;0;0;0
FR;3;2021-02-12;13410;0;0;0;907;0;0;0;0;49119;7;0;0;3394;0;0;0;0
FR;3;2021-02-13;3799;1;0;0;218;0;0;0;0;52918;8;0;0;3612;0;0;0;0
FR;3;2021-02-14;975;1;0;0;53;0;0;0;0;53893;9;0;0;3665;0;0;0;0
FR;3;2021-02-15;10497;2;0;0;719;0;0;0;0;64390;11;0;0;4384;0;0;0;0
FR;3;2021-02-16;12556;5;0;0;871;0;0;0;0;76946;16;0;0;5255;0;0;0;0
FR;3;2021-02-17;11159;1;0;0;716;0;0;0;0;88105;17;0;0;5971;0;0;0;0
FR;3;2021-02-18;14943;2;0;0;985;0;0;0;0;103048;19;0;0;6956;0;0;0;0
FR;3;2021-02-19;14364;1;0;0;846;0;0;0;0;117412;20;0;0;7802;0;0;0;0
FR;3;2021-02-20;3331;0;0;0;178;0;0;0;0;120743;20;0;0;7980;0;0;0;0
FR;3;2021-02-21;620;0;0;0;35;0;0;0;0;121363;20;0;0;8015;0;0;0;0
FR;3;2021-02-22;9171;1;0;0;654;0;0;0;0;130534;21;0;0;8669;0;0;0;0
FR;3;2021-02-23;11406;6;0;0;760;0;0;0;0;141940;27;0;0;9429;0;0;0;0
FR;3;2021-02-24;14305;1;0;0;829;0;0;0;0;156245;28;0;0;10258;0;0;0;0
FR;3;2021-02-25;44935;3;0;0;1814;0;0;0;0;201180;31;0;0;12072;0;0;0;0
FR;3;2021-02-26;61889;12;0;0;2201;0;0;0;0;263069;43;0;0;14273;0;0;0;0
FR;3;2021-02-27;34811;14;0;0;1028;0;0;0;0;297880;57;0;0;15301;0;0;0;0
FR;3;2021-02-28;2464;0;0;0;114;0;0;0;0;300344;57;0;0;15415;0;0;0;0
FR;3;2021-03-01;20520;21;0;0;1067;0;0;0;0;320864;78;0;0;16482;0;0;0;0
FR;3;2021-03-02;38878;25;0;0;1789;0;0;0;0;359742;103;0;0;18271;0;0;0;0
FR;3;2021-03-03;48749;18;0;0;2131;0;0;0;0;408491;121;0;0;20402;0;0;0;0
FR;3;2021-03-04;82228;25;0;0;3194;0;0;0;0;490719;146;0;0;23596;0;0;0;0
FR;3;2021-03-05;118138;42;0;0;4692;0;0;0;0;608857;188;0;0;28288;0;0;0;0
FR;3;2021-03-06;120727;65;1;0;3558;0;0;0;0;729584;253;1;0;31846;0;0;0;0
FR;3;2021-03-07;55186;23;0;0;1729;0;0;0;0;784770;276;1;0;33575;0;0;0;0
FR;3;2021-03-08;42814;29;0;0;2074;0;0;0;0;827584;305;1;0;35649;0;0;0;0
FR;3;2021-03-09;78978;51;0;0;3288;0;0;0;0;906562;356;1;0;38937;0;0;0;0
FR;3;2021-03-10;80984;65;0;0;3241;0;0;0;0;987546;421;1;0;42178;0;0;0;0
FR;3;2021-03-11;128447;65;0;0;4766;0;0;0;0;1115993;486;1;0;46944;0;0;0;0
FR;3;2021-03-12;182719;121;0;0;6278;0;0;0;0;1298712;607;1;0;53222;0;0;0;0
FR;3;2021-03-13;132162;91;0;0;3530;0;0;0;0;1430874;698;1;0;56752;0;0;0;0
FR;3;2021-03-14;14060;6;0;0;550;0;0;0;0;1444934;704;1;0;57302;0;0;0;0
FR;3;2021-03-15;52240;82;0;0;2097;0;0;0;0;1497174;786;1;0;59399;0;0;0;0
FR;3;2021-03-16;1221;51;0;0;105;0;0;0;0;1498395;837;1;0;59504;0;0;0;0
FR;3;2021-03-17;950;56;0;0;95;0;0;0;0;1499345;893;1;0;59599;0;0;0;0
FR;3;2021-03-18;1576;42;0;0;102;0;0;0;0;1500921;935;1;0;59701;0;0;0;0
FR;3;2021-03-19;70458;56;0;0;2060;0;0;0;0;1571379;991;1;0;61761;0;0;0;0
FR;3;2021-03-20;65240;51;0;0;1702;0;0;0;0;1636619;1042;1;0;63463;0;0;0;0
FR;3;2021-03-21;5761;8;0;0;199;0;0;0;0;1642380;1050;1;0;63662;0;0;0;0
FR;3;2021-03-22;37509;49;0;0;1052;0;0;0;0;1679889;1099;1;0;64714;0;0;0;0
FR;3;2021-03-23;84671;87;0;0;2288;0;0;0;0;1764560;1186;1;0;67002;0;0;0;0
FR;3;2021-03-24;90956;99;0;0;2491;0;0;0;0;1855516;1285;1;0;69493;0;0;0;0
FR;3;2021-03-25;150067;149;0;0;3792;0;0;0;0;2005583;1434;1;0;73285;0;0;0;0
FR;3;2021-03-26;165430;157;0;0;4148;0;0;0;0;2171013;1591;1;0;77433;0;0;0;0
FR;3;2021-03-27;68465;101;0;0;2004;0;0;0;0;2239478;1692;1;0;79437;0;0;0;0
FR;3;2021-03-28;6479;20;0;0;237;0;0;0;0;2245957;1712;1;0;79674;0;0;0;0
FR;3;2021-03-29;54169;82;0;0;1480;0;0;0;0;2300126;1794;1;0;81154;0;0;0;0
FR;3;2021-03-30;93184;103;0;0;2564;0;0;0;0;2393310;1897;1;0;83718;0;0;0;0
FR;3;2021-03-31;63545;110;0;0;1964;0;0;0;0;2456855;2007;1;0;85682;0;0;0;0
FR;3;2021-04-01;86135;115;0;0;2495;0;0;0;0;2542990;2122;1;0;88177;0;0;0;0
FR;3;2021-04-02;86915;187;0;0;2766;0;0;0;0;2629905;2309;1;0;90943;0;0;0;0
FR;3;2021-04-03;35875;132;0;0;1163;0;0;0;0;2665780;2441;1;0;92106;0;0;0;0
FR;3;2021-04-04;3577;19;0;0;164;0;0;0;0;2669357;2460;1;0;92270;0;0;0;0
FR;3;2021-04-05;4492;40;0;0;236;0;0;0;0;2673849;2500;1;0;92506;0;0;0;0
FR;3;2021-04-06;29761;104;0;0;1090;0;0;0;0;2703610;2604;1;0;93596;0;0;0;0
FR;3;2021-04-07;32349;113;0;0;1052;0;0;0;0;2735959;2717;1;0;94648;0;0;0;0
FR;3;2021-04-08;78827;273;0;0;2619;0;0;0;0;2814786;2990;1;0;97267;0;0;0;0
FR;3;2021-04-09;161763;452;0;0;5179;0;0;0;0;2976549;3442;1;0;102446;0;0;0;0
FR;3;2021-04-10;75765;362;0;0;2694;0;0;0;0;3052314;3804;1;0;105140;0;0;0;0
FR;3;2021-04-11;7315;47;0;0;306;0;0;0;0;3059629;3851;1;0;105446;0;0;0;0
FR;3;2021-04-12;51485;217;0;0;1737;0;0;0;0;3111114;4068;1;0;107183;0;0;0;0
FR;3;2021-04-13;86236;363;0;0;2910;0;0;0;0;3197350;4431;1;0;110093;0;0;0;0
FR;3;2021-04-14;67846;377;0;0;2429;0;0;0;0;3265196;4808;1;0;112522;0;0;0;0
FR;3;2021-04-15;93246;404;0;0;3442;0;0;0;0;3358442;5212;1;0;115964;0;0;0;0
FR;3;2021-04-16;112532;626;0;0;4341;0;0;0;0;3470974;5838;1;0;120305;0;0;0;0
FR;3;2021-04-17;53319;369;1;0;2276;0;0;0;0;3524293;6207;2;0;122581;0;0;0;0
FR;3;2021-04-18;9752;49;0;0;423;0;0;0;0;3534045;6256;2;0;123004;0;0;0;0
FR;3;2021-04-19;25117;286;0;0;1092;0;0;0;0;3559162;6542;2;0;124096;0;0;0;0
FR;3;2021-04-20;45676;436;0;0;1907;0;0;0;0;3604838;6978;2;0;126003;0;0;0;0
FR;3;2021-04-21;38987;550;0;0;1894;0;0;0;0;3643825;7528;2;0;127897;0;0;0;0
FR;3;2021-04-22;54722;874;0;0;2826;0;0;0;0;3698547;8402;2;0;130723;0;0;0;0
FR;3;2021-04-23;70493;1094;0;0;3696;0;0;0;0;3769040;9496;2;0;134419;0;0;0;0
FR;3;2021-04-24;37253;1098;0;0;2487;0;0;0;0;3806293;10594;2;0;136906;0;0;0;0
FR;3;2021-04-25;6213;158;0;0;446;0;0;0;0;3812506;10752;2;0;137352;0;0;0;0
FR;3;2021-04-26;19792;698;0;0;1433;0;0;0;0;3832298;11450;2;0;138785;0;0;0;0
FR;3;2021-04-27;34485;1335;0;0;2593;0;0;0;0;3866783;12785;2;0;141378;0;0;0;0
FR;3;2021-04-28;28971;2043;0;0;3160;0;0;0;0;3895754;14828;2;0;144538;0;0;0;0
FR;3;2021-04-29;45393;6124;0;0;7943;0;0;0;0;3941147;20952;2;0;152481;0;0;0;0
FR;3;2021-04-30;55465;9113;1;0;11508;0;0;0;0;3996612;30065;3;0;163989;0;0;0;0
FR;3;2021-05-01;9518;2061;0;0;2492;0;0;0;0;4006130;32126;3;0;166481;0;0;0;0
FR;3;2021-05-02;3081;466;0;0;611;0;0;0;0;4009211;32592;3;0;167092;0;0;0;0
FR;3;2021-05-03;13067;3940;0;0;4507;0;0;0;0;4022278;36532;3;0;171599;0;0;0;0
FR;3;2021-05-04;23122;8372;0;0;9439;0;0;0;0;4045400;44904;3;0;181038;0;0;0;0
FR;3;2021-05-05;18767;10829;0;0;11767;0;0;0;0;4064167;55733;3;0;192805;0;0;0;0
FR;3;2021-05-06;34632;21253;0;0;22803;0;0;0;0;4098799;76986;3;0;215608;0;0;0;0
FR;3;2021-05-07;44210;28896;0;0;31201;0;0;0;0;4143009;105882;3;0;246809;0;0;0;0
FR;3;2021-05-08;6786;9195;0;0;9561;0;0;0;0;4149795;115077;3;0;256370;0;0;0;0
FR;3;2021-05-09;1797;2663;0;0;2763;0;0;0;0;4151592;117740;3;0;259133;0;0;0;0
FR;3;2021-05-10;15001;12913;0;0;13606;0;0;0;0;4166593;130653;3;0;272739;0;0;0;0
FR;3;2021-05-11;27099;26271;0;0;27543;0;0;0;0;4193692;156924;3;0;300282;0;0;0;0
FR;3;2021-05-12;17273;28129;0;0;29067;0;0;0;0;4210965;185053;3;0;329349;0;0;0;0
FR;3;2021-05-13;2285;3514;0;0;3634;0;0;0;0;4213250;188567;3;0;332983;0;0;0;0
FR;3;2021-05-14;14521;26081;0;0;26862;0;0;0;0;4227771;214648;3;0;359845;0;0;0;0
FR;3;2021-05-15;7233;21078;0;0;21506;0;0;0;0;4235004;235726;3;0;381351;0;0;0;0
FR;3;2021-05-16;977;2647;0;0;2693;0;0;0;0;4235981;238373;3;0;384044;0;0;0;0
FR;3;2021-05-17;7967;20217;0;0;20661;0;0;0;0;4243948;258590;3;0;404705;0;0;0;0
FR;3;2021-05-18;13417;30154;0;0;30916;0;0;0;0;4257365;288744;3;0;435621;0;0;0;0
FR;3;2021-05-19;9277;30542;0;0;31134;0;0;0;0;4266642;319286;3;0;466755;0;0;0;0
FR;3;2021-05-20;12806;53820;3;0;54747;0;0;0;0;4279448;373106;6;0;521502;0;0;0;0
FR;3;2021-05-21;12770;66181;2;0;67112;0;0;0;0;4292218;439287;8;0;588614;0;0;0;0
FR;3;2021-05-22;4967;33772;1;0;34155;0;0;0;0;4297185;473059;9;0;622769;0;0;0;0
FR;3;2021-05-23;651;2665;0;0;2697;0;0;0;0;4297836;475724;9;0;625466;0;0;0;0
FR;3;2021-05-24;885;4783;0;0;4827;0;0;0;0;4298721;480507;9;0;630293;0;0;0;0
FR;3;2021-05-25;5314;46718;1;0;47121;0;0;0;0;4304035;527225;10;0;677414;0;0;0;0
FR;3;2021-05-26;4982;52179;1;0;52653;0;0;0;0;4309017;579404;11;0;730067;0;0;0;0
FR;3;2021-05-27;6336;79051;3;0;79661;0;0;0;0;4315353;658455;14;0;809728;0;0;0;0
FR;3;2021-05-28;7545;100324;2;0;101129;0;0;0;0;4322898;758779;16;0;910857;0;0;0;0
FR;3;2021-05-29;3349;61170;1;0;61551;0;0;0;0;4326247;819949;17;0;972408;0;0;0;0
FR;3;2021-05-30;551;8078;0;0;8127;0;0;0;0;4326798;828027;17;0;980535;0;0;0;0
FR;3;2021-05-31;2442;35477;3;0;35742;0;0;0;0;4329240;863504;20;0;1016277;0;0;0;0
FR;3;2021-06-01;3414;64899;10;0;65350;0;0;0;0;4332654;928403;30;0;1081627;0;0;0;0
FR;3;2021-06-02;2735;58928;6;0;59263;0;0;0;0;4335389;987331;36;0;1140890;0;0;0;0
FR;3;2021-06-03;3496;87198;10;0;87736;0;0;0;0;4338885;1074529;46;0;1228626;0;0;0;0
FR;3;2021-06-04;4125;105855;22;0;106520;0;0;0;0;4343010;1180384;68;0;1335146;0;0;0;0
FR;3;2021-06-05;1983;52596;4;0;52914;0;0;0;0;4344993;1232980;72;0;1388060;0;0;0;0
FR;3;2021-06-06;511;5272;1;0;5319;0;0;0;0;4345504;1238252;73;0;1393379;0;0;0;0
FR;3;2021-06-07;1487;30715;11;0;30896;0;0;0;0;4346991;1268967;84;0;1424275;0;0;0;0
FR;3;2021-06-08;2065;47423;18;0;47769;0;0;0;0;4349056;1316390;102;0;1472044;0;0;0;0
FR;3;2021-06-09;1795;41815;13;0;42120;0;0;0;0;4350851;1358205;115;0;1514164;0;0;0;0
FR;3;2021-06-10;2260;67659;17;0;68055;0;0;0;0;4353111;1425864;132;0;1582219;0;0;0;0
FR;3;2021-06-11;2491;96637;34;0;97110;0;0;0;0;4355602;1522501;166;0;1679329;0;0;0;0
FR;3;2021-06-12;1178;40555;6;0;40787;0;0;0;0;4356780;1563056;172;0;1720116;0;0;0;0
FR;3;2021-06-13;283;3608;3;0;3643;0;0;0;0;4357063;1566664;175;0;1723759;0;0;0;0
FR;3;2021-06-14;1051;42328;17;0;42497;0;0;0;0;4358114;1608992;192;0;1766256;0;0;0;0
FR;3;2021-06-15;1379;80351;20;0;80656;0;0;0;0;4359493;1689343;212;0;1846912;0;0;0;0
FR;3;2021-06-16;1263;65495;20;0;65768;0;0;0;0;4360756;1754838;232;0;1912680;0;0;0;0
FR;3;2021-06-17;1667;102295;41;0;102681;0;0;0;0;4362423;1857133;273;0;2015361;0;0;0;0
FR;3;2021-06-18;1872;118459;63;0;118929;0;0;0;0;4364295;1975592;336;0;2134290;0;0;0;0
FR;3;2021-06-19;804;39459;22;0;39654;0;0;0;0;4365099;2015051;358;0;2173944;0;0;0;0
FR;3;2021-06-20;162;3198;0;0;3227;0;0;0;0;4365261;2018249;358;0;2177171;0;0;0;0
FR;3;2021-06-21;774;39091;16;0;39249;0;0;0;0;4366035;2057340;374;0;2216420;0;0;0;0
FR;3;2021-06-22;1065;70090;52;0;70360;0;0;0;0;4367100;2127430;426;0;2286780;0;0;0;0
FR;3;2021-06-23;946;50832;39;0;51104;0;0;0;0;4368046;2178262;465;0;2337884;0;0;0;0
FR;3;2021-06-24;1314;77286;48;0;77659;0;0;0;0;4369360;2255548;513;0;2415543;0;0;0;0
FR;3;2021-06-25;1410;90837;73;0;91271;0;0;0;0;4370770;2346385;586;0;2506814;0;0;0;0
FR;3;2021-06-26;631;33114;29;0;33306;0;0;0;0;4371401;2379499;615;0;2540120;0;0;0;0
FR;3;2021-06-27;167;3781;1;0;3805;0;0;0;0;4371568;2383280;616;0;2543925;0;0;0;0
FR;3;2021-06-28;655;29942;27;0;30136;0;0;0;0;4372223;2413222;643;0;2574061;0;0;0;0
FR;3;2021-06-29;856;56652;95;0;56897;0;0;0;0;4373079;2469874;738;0;2630958;0;0;0;0
FR;3;2021-06-30;905;45207;93;0;45475;0;0;0;0;4373984;2515081;831;0;2676433;0;0;0;0
FR;3;2021-07-01;1164;66127;108;0;66476;0;0;0;0;4375148;2581208;939;0;2742909;0;0;0;0
FR;3;2021-07-02;1305;90527;170;0;91007;0;0;0;0;4376453;2671735;1109;0;2833916;0;0;0;0
FR;3;2021-07-03;602;31184;51;0;31385;0;0;0;0;4377055;2702919;1160;0;2865301;0;0;0;0
FR;3;2021-07-04;144;3969;3;0;3999;0;0;0;0;4377199;2706888;1163;0;2869300;0;0;0;0
FR;3;2021-07-05;613;33604;60;0;33804;0;0;0;0;4377812;2740492;1223;0;2903104;0;0;0;0
FR;3;2021-07-06;965;55931;88;0;56243;0;0;0;0;4378777;2796423;1311;0;2959347;0;0;0;0
FR;3;2021-07-07;874;42967;80;0;43264;0;0;0;0;4379651;2839390;1391;0;3002611;0;0;0;0
FR;3;2021-07-08;1127;60816;99;0;61226;0;0;0;0;4380778;2900206;1490;0;3063837;0;0;0;0
FR;3;2021-07-09;1261;68936;128;0;69401;0;0;0;0;4382039;2969142;1618;0;3133238;0;0;0;0
FR;3;2021-07-10;644;25020;59;0;25217;0;0;0;0;4382683;2994162;1677;0;3158455;0;0;0;0
FR;3;2021-07-11;132;3173;4;0;3198;0;0;0;0;4382815;2997335;1681;0;3161653;0;0;0;0
FR;3;2021-07-12;662;23609;59;0;23822;0;0;0;0;4383477;3020944;1740;0;3185475;0;0;0;0
FR;3;2021-07-13;1648;34432;90;0;34922;0;0;0;0;4385125;3055376;1830;0;3220397;0;0;0;0
FR;3;2021-07-14;272;2473;2;0;2530;0;0;0;0;4385397;3057849;1832;0;3222927;0;0;0;0
FR;3;2021-07-15;1941;30420;85;0;30994;0;0;0;0;4387338;3088269;1917;0;3253921;0;0;0;0
FR;3;2021-07-16;2520;38618;122;0;39351;0;0;0;0;4389858;3126887;2039;0;3293272;0;0;0;0
FR;3;2021-07-17;1051;13729;26;0;14037;0;0;0;0;4390909;3140616;2065;0;3307309;0;0;0;0
FR;3;2021-07-18;266;2553;3;0;2601;0;0;0;0;4391175;3143169;2068;0;3309910;0;0;0;0
FR;3;2021-07-19;1280;16888;38;0;17256;0;0;0;0;4392455;3160057;2106;0;3327166;0;0;0;0
FR;3;2021-07-20;1823;26928;98;0;27470;0;0;0;0;4394278;3186985;2204;0;3354636;0;0;0;0
FR;3;2021-07-21;1652;19482;44;0;19987;0;0;0;0;4395930;3206467;2248;0;3374623;0;0;0;0
FR;3;2021-07-22;1856;27644;83;0;28209;0;0;0;0;4397786;3234111;2331;0;3402832;0;0;0;0
FR;3;2021-07-23;2217;30214;117;0;30951;0;0;0;0;4400003;3264325;2448;0;3433783;0;0;0;0
FR;3;2021-07-24;828;6932;25;0;7155;0;0;0;0;4400831;3271257;2473;0;3440938;0;0;0;0
FR;3;2021-07-25;210;1288;1;0;1343;0;0;0;0;4401041;3272545;2474;0;3442281;0;0;0;0
FR;3;2021-07-26;933;10508;28;0;10815;0;0;0;0;4401974;3283053;2502;0;3453096;0;0;0;0
FR;3;2021-07-27;1171;16799;56;0;17162;0;0;0;0;4403145;3299852;2558;0;3470258;0;0;0;0
FR;3;2021-07-28;989;12002;40;0;12314;0;0;0;0;4404134;3311854;2598;0;3482572;0;0;0;0
FR;3;2021-07-29;1127;15685;63;0;16098;0;0;0;0;4405261;3327539;2661;0;3498670;0;0;0;0
FR;3;2021-07-30;1129;17992;79;0;18366;0;0;0;0;4406390;3345531;2740;0;3517036;0;0;0;0
FR;3;2021-07-31;407;3708;15;0;3834;0;0;0;0;4406797;3349239;2755;0;3520870;0;0;0;0
FR;3;2021-08-01;117;446;1;0;468;0;0;0;0;4406914;3349685;2756;0;3521338;0;0;0;0
FR;3;2021-08-02;424;5020;22;0;5141;0;0;0;0;4407338;3354705;2778;0;3526479;0;0;0;0
FR;3;2021-08-03;498;7468;27;0;7602;0;0;0;0;4407836;3362173;2805;0;3534081;0;0;0;0
FR;3;2021-08-04;440;4833;26;0;4978;0;0;0;0;4408276;3367006;2831;0;3539059;0;0;0;0
FR;3;2021-08-05;433;3654;13;0;3764;0;0;0;0;4408709;3370660;2844;0;3542823;0;0;0;0
FR;3;2021-08-06;456;4698;30;0;4799;0;0;0;0;4409165;3375358;2874;0;3547622;0;0;0;0
FR;3;2021-08-07;214;1900;11;0;1946;0;0;0;0;4409379;3377258;2885;0;3549568;0;0;0;0
FR;3;2021-08-08;250;423;2;0;456;0;0;0;0;4409629;3377681;2887;0;3550024;0;0;0;0
FR;3;2021-08-09;320;2375;11;0;2445;0;0;0;0;4409949;3380056;2898;0;3552469;0;0;0;0
FR;3;2021-08-10;369;3741;15;0;3830;0;0;0;0;4410318;3383797;2913;0;3556299;0;0;0;0
FR;3;2021-08-11;291;2639;15;0;2699;0;0;0;0;4410609;3386436;2928;0;3558998;0;0;0;0
FR;3;2021-08-12;279;2565;13;0;2653;0;0;0;0;4410888;3389001;2941;0;3561651;0;0;0;0
FR;3;2021-08-13;278;2253;16;0;2338;0;0;0;0;4411166;3391254;2957;0;3563989;0;0;0;0
FR;3;2021-08-14;172;875;1;0;906;0;0;0;0;4411338;3392129;2958;0;3564895;0;0;0;0
FR;3;2021-08-15;56;174;0;0;183;0;0;0;0;4411394;3392303;2958;0;3565078;0;0;0;0
FR;3;2021-08-16;126;1006;8;0;1045;0;0;0;0;4411520;3393309;2966;0;3566123;0;0;0;0
FR;3;2021-08-17;191;1429;8;0;1470;0;0;0;0;4411711;3394738;2974;0;3567593;0;0;0;0
FR;3;2021-08-18;204;1311;10;0;1353;0;0;0;0;4411915;3396049;2984;0;3568946;0;0;0;0
FR;3;2021-08-19;165;1374;10;0;1421;0;0;0;0;4412080;3397423;2994;0;3570367;0;0;0;0
FR;3;2021-08-20;167;1594;16;0;1656;0;0;0;0;4412247;3399017;3010;0;3572023;0;0;0;0
FR;3;2021-08-21;94;579;2;0;594;0;0;0;0;4412341;3399596;3012;0;3572617;0;0;0;0
FR;3;2021-08-22;42;192;1;0;195;0;0;0;0;4412383;3399788;3013;0;3572812;0;0;0;0
FR;3;2021-08-23;141;883;7;0;928;0;0;0;0;4412524;3400671;3020;0;3573740;0;0;0;0
FR;3;2021-08-24;125;925;10;0;957;0;0;0;0;4412649;3401596;3030;0;3574697;0;0;0;0
FR;3;2021-08-25;137;820;3;0;849;0;0;0;0;4412786;3402416;3033;0;3575546;0;0;0;0
FR;3;2021-08-26;172;825;9;0;873;0;0;0;0;4412958;3403241;3042;0;3576419;0;0;0;0
FR;3;2021-08-27;178;937;9;0;989;0;0;0;0;4413136;3404178;3051;0;3577408;0;0;0;0
FR;3;2021-08-28;101;373;4;0;390;0;0;0;0;4413237;3404551;3055;0;3577798;0;0;0;0
FR;3;2021-08-29;128;129;1;0;162;0;0;0;0;4413365;3404680;3056;0;3577960;0;0;0;0
FR;3;2021-08-30;100;563;0;0;471;109;0;0;0;4413465;3405243;3056;0;3578431;109;0;0;0
FR;3;2021-08-31;134;684;7;0;588;135;0;0;0;4413599;3405927;3063;0;3579019;244;0;0;0
FR;3;2021-09-01;122;456;5;0;378;106;0;0;0;4413721;3406383;3068;0;3579397;350;0;0;0
FR;3;2021-09-02;100;595;22;0;531;105;0;0;0;4413821;3406978;3090;0;3579928;455;0;0;0
FR;3;2021-09-03;116;554;17;0;478;117;0;0;0;4413937;3407532;3107;0;3580406;572;0;0;0
FR;3;2021-09-04;55;293;3;0;254;50;0;0;0;4413992;3407825;3110;0;3580660;622;0;0;0
FR;3;2021-09-05;52;67;5;0;55;27;0;0;0;4414044;3407892;3115;0;3580715;649;0;0;0
FR;3;2021-09-06;118;366;4;0;260;130;0;0;0;4414162;3408258;3119;0;3580975;779;0;0;0
FR;3;2021-09-07;124;431;14;0;347;116;0;0;0;4414286;3408689;3133;0;3581322;895;0;0;0
FR;3;2021-09-08;122;342;2;0;272;87;0;0;0;4414408;3409031;3135;0;3581594;982;0;0;0
FR;3;2021-09-09;94;378;8;0;297;104;0;0;0;4414502;3409409;3143;0;3581891;1086;0;0;0
FR;3;2021-09-10;101;401;3;0;331;93;0;0;0;4414603;3409810;3146;0;3582222;1179;0;0;0
FR;3;2021-09-11;78;232;4;0;177;65;0;0;0;4414681;3410042;3150;0;3582399;1244;0;0;0
FR;3;2021-09-12;37;48;1;0;37;16;0;0;0;4414718;3410090;3151;0;3582436;1260;0;0;0
FR;3;2021-09-13;78;298;7;0;215;102;1;0;0;4414796;3410388;3158;0;3582651;1362;1;0;0
FR;3;2021-09-14;75;274;6;0;194;94;0;0;0;4414871;3410662;3164;0;3582845;1456;1;0;0
FR;3;2021-09-15;63;252;3;0;257;6;0;0;0;4414934;3410914;3167;0;3583102;1462;1;0;0
FR;3;2021-09-16;65;319;6;0;330;6;0;0;0;4414999;3411233;3173;0;3583432;1468;1;0;0
FR;3;2021-09-17;52;327;3;0;339;6;0;0;0;4415051;3411560;3176;0;3583771;1474;1;0;0
FR;3;2021-09-18;37;172;1;0;176;1;0;0;0;4415088;3411732;3177;0;3583947;1475;1;0;0
FR;3;2021-09-19;29;31;2;0;34;1;0;0;0;4415117;3411763;3179;0;3583981;1476;1;0;0
FR;3;2021-09-20;82;189;0;0;197;1;0;0;0;4415199;3411952;3179;0;3584178;1477;1;0;0
FR;3;2021-09-21;60;273;7;0;277;8;0;0;0;4415259;3412225;3186;0;3584455;1485;1;0;0
FR;3;2021-09-22;67;229;6;0;242;7;0;0;0;4415326;3412454;3192;0;3584697;1492;1;0;0
FR;3;2021-09-23;37;257;11;0;261;7;0;0;0;4415363;3412711;3203;0;3584958;1499;1;0;0
FR;3;2021-09-24;29;316;12;0;314;18;0;0;0;4415392;3413027;3215;0;3585272;1517;1;0;0
FR;3;2021-09-25;31;144;3;0;150;3;0;0;0;4415423;3413171;3218;0;3585422;1520;1;0;0
FR;3;2021-09-26;16;57;1;0;59;1;0;0;0;4415439;3413228;3219;0;3585481;1521;1;0;0
FR;3;2021-09-27;48;281;3;0;284;5;0;0;0;4415487;3413509;3222;0;3585765;1526;1;0;0
FR;3;2021-09-28;49;244;6;0;252;8;0;0;0;4415536;3413753;3228;0;3586017;1534;1;0;0
FR;3;2021-09-29;40;217;10;0;221;15;0;0;0;4415576;3413970;3238;0;3586238;1549;1;0;0
FR;3;2021-09-30;40;200;8;0;204;11;0;0;0;4415616;3414170;3246;0;3586442;1560;1;0;0
FR;3;2021-10-01;23;159;6;0;161;8;0;0;0;4415639;3414329;3252;0;3586603;1568;1;0;0
FR;3;2021-10-02;17;88;0;0;89;0;0;0;0;4415656;3414417;3252;0;3586692;1568;1;0;0
FR;3;2021-10-03;19;19;1;0;19;2;0;0;0;4415675;3414436;3253;0;3586711;1570;1;0;0
FR;3;2021-10-04;33;157;4;0;162;4;0;0;0;4415708;3414593;3257;0;3586873;1574;1;0;0
FR;3;2021-10-05;17;148;10;0;153;12;0;0;0;4415725;3414741;3267;0;3587026;1586;1;0;0
FR;3;2021-10-06;33;144;9;0;152;10;0;0;0;4415758;3414885;3276;0;3587178;1596;1;0;0
FR;3;2021-10-07;20;133;6;0;131;6;0;0;0;4415778;3415018;3282;0;3587309;1602;1;0;0
FR;3;2021-10-08;25;136;10;0;141;9;0;0;0;4415803;3415154;3292;0;3587450;1611;1;0;0
FR;3;2021-10-09;17;72;1;0;73;1;0;0;0;4415820;3415226;3293;0;3587523;1612;1;0;0
FR;3;2021-10-10;13;17;2;0;16;3;0;0;0;4415833;3415243;3295;0;3587539;1615;1;0;0
FR;3;2021-10-11;17;115;4;0;120;5;0;0;0;4415850;3415358;3299;0;3587659;1620;1;0;0
FR;3;2021-10-12;22;99;6;0;99;6;0;0;0;4415872;3415457;3305;0;3587758;1626;1;0;0
FR;3;2021-10-13;25;114;9;0;121;7;0;0;0;4415897;3415571;3314;0;3587879;1633;1;0;0
FR;3;2021-10-14;19;138;3;0;139;4;0;0;0;4415916;3415709;3317;0;3588018;1637;1;0;0
FR;3;2021-10-15;23;141;8;0;140;13;0;0;0;4415939;3415850;3325;0;3588158;1650;1;0;0
FR;3;2021-10-16;13;66;6;0;65;8;0;0;0;4415952;3415916;3331;0;3588223;1658;1;0;0
FR;3;2021-10-17;12;24;0;0;26;0;0;0;0;4415964;3415940;3331;0;3588249;1658;1;0;0
FR;3;2021-10-18;18;112;2;0;117;2;0;0;0;4415982;3416052;3333;0;3588366;1660;1;0;0
FR;3;2021-10-19;18;111;19;0;112;21;0;0;0;4416000;3416163;3352;0;3588478;1681;1;0;0
FR;3;2021-10-20;26;126;6;0;128;7;0;0;0;4416026;3416289;3358;0;3588606;1688;1;0;0
FR;3;2021-10-21;28;120;17;0;120;13;0;0;0;4416054;3416409;3375;0;3588726;1701;1;0;0
FR;3;2021-10-22;25;103;18;0;102;21;0;0;0;4416079;3416512;3393;0;3588828;1722;1;0;0
FR;3;2021-10-23;17;53;3;0;53;2;0;0;0;4416096;3416565;3396;0;3588881;1724;1;0;0
FR;3;2021-10-24;7;36;0;0;34;0;0;0;0;4416103;3416601;3396;0;3588915;1724;1;0;0
FR;3;2021-10-25;27;141;7;0;145;7;0;0;0;4416130;3416742;3403;0;3589060;1731;1;0;0
FR;3;2021-10-26;25;96;22;0;93;19;0;0;0;4416155;3416838;3425;0;3589153;1750;1;0;0
FR;3;2021-10-27;19;91;9;0;93;9;0;0;0;4416174;3416929;3434;0;3589246;1759;1;0;0
FR;3;2021-10-28;23;114;33;0;111;36;0;0;0;4416197;3417043;3467;0;3589357;1795;1;0;0
FR;3;2021-10-29;12;98;64;0;92;54;0;0;0;4416209;3417141;3531;0;3589449;1849;1;0;0
FR;3;2021-10-30;11;62;11;1;62;10;0;0;0;4416220;3417203;3542;1;3589511;1859;1;0;0
FR;3;2021-10-31;8;25;1;0;25;1;0;0;0;4416228;3417228;3543;1;3589536;1860;1;0;0
FR;3;2021-11-01;11;22;2;0;23;1;0;0;0;4416239;3417250;3545;1;3589559;1861;1;0;0
FR;3;2021-11-02;11;100;10;0;100;12;0;0;0;4416250;3417350;3555;1;3589659;1873;1;0;0
FR;3;2021-11-03;21;105;10;0;113;10;0;0;0;4416271;3417455;3565;1;3589772;1883;1;0;0
FR;3;2021-11-04;20;88;6;0;93;5;0;0;0;4416291;3417543;3571;1;3589865;1888;1;0;0
FR;3;2021-11-05;19;119;9;1;125;6;1;0;0;4416310;3417662;3580;2;3589990;1894;2;0;0
FR;3;2021-11-06;11;54;3;0;56;3;0;0;0;4416321;3417716;3583;2;3590046;1897;2;0;0
FR;3;2021-11-07;6;23;1;0;24;1;0;0;0;4416327;3417739;3584;2;3590070;1898;2;0;0
FR;3;2021-11-08;11;125;7;0;130;5;0;0;0;4416338;3417864;3591;2;3590200;1903;2;0;0
FR;3;2021-11-09;15;123;6;0;125;6;0;0;0;4416353;3417987;3597;2;3590325;1909;2;0;0
FR;3;2021-11-10;14;131;15;0;129;16;0;0;0;4416367;3418118;3612;2;3590454;1925;2;0;0
FR;3;2021-11-11;12;49;3;0;51;3;0;0;0;4416379;3418167;3615;2;3590505;1928;2;0;0
FR;3;2021-11-12;15;125;6;0;128;4;0;0;0;4416394;3418292;3621;2;3590633;1932;2;0;0
FR;3;2021-11-13;7;66;9;0;61;10;0;0;0;4416401;3418358;3630;2;3590694;1942;2;0;0
FR;3;2021-11-14;3;24;1;0;24;1;0;0;0;4416404;3418382;3631;2;3590718;1943;2;0;0
FR;3;2021-11-15;6;162;11;0;159;12;0;0;0;4416410;3418544;3642;2;3590877;1955;2;0;0
FR;3;2021-11-16;9;124;11;0;119;10;0;0;0;4416419;3418668;3653;2;3590996;1965;2;0;0
FR;3;2021-11-17;8;133;11;0;134;8;0;0;0;4416427;3418801;3664;2;3591130;1973;2;0;0
FR;3;2021-11-18;16;132;10;0;133;11;0;0;0;4416443;3418933;3674;2;3591263;1984;2;0;0
FR;3;2021-11-19;12;178;23;0;173;28;0;0;0;4416455;3419111;3697;2;3591436;2012;2;0;0
FR;3;2021-11-20;6;101;6;0;102;6;0;0;0;4416461;3419212;3703;2;3591538;2018;2;0;0
FR;3;2021-11-21;3;25;4;0;24;4;0;0;0;4416464;3419237;3707;2;3591562;2022;2;0;0
FR;3;2021-11-22;11;184;11;0;184;11;0;0;0;4416475;3419421;3718;2;3591746;2033;2;0;0
FR;3;2021-11-23;9;181;16;0;179;15;0;0;0;4416484;3419602;3734;2;3591925;2048;2;0;0
FR;3;2021-11-24;11;181;9;0;173;17;0;0;0;4416495;3419783;3743;2;3592098;2065;2;0;0
FR;3;2021-11-25;12;198;11;0;196;11;0;0;0;4416507;3419981;3754;2;3592294;2076;2;0;0
FR;3;2021-11-26;10;251;35;0;250;33;1;0;0;4416517;3420232;3789;2;3592544;2109;3;0;0
FR;3;2021-11-27;8;125;20;0;124;21;0;0;0;4416525;3420357;3809;2;3592668;2130;3;0;0
FR;3;2021-11-28;3;56;7;0;57;7;0;0;0;4416528;3420413;3816;2;3592725;2137;3;0;0
FR;3;2021-11-29;5;215;22;0;210;23;1;0;0;4416533;3420628;3838;2;3592935;2160;4;0;0
FR;3;2021-11-30;9;285;30;0;284;33;0;0;0;4416542;3420913;3868;2;3593219;2193;4;0;0
FR;3;2021-12-01;30;316;38;0;314;40;2;0;0;4416572;3421229;3906;2;3593533;2233;6;0;0
FR;3;2021-12-02;9;339;33;0;335;36;0;0;0;4416581;3421568;3939;2;3593868;2269;6;0;0
FR;3;2021-12-03;6;367;37;0;363;38;0;0;0;4416587;3421935;3976;2;3594231;2307;6;0;0
FR;3;2021-12-04;3;204;26;0;200;28;0;0;0;4416590;3422139;4002;2;3594431;2335;6;0;0
FR;3;2021-12-05;1;61;5;0;61;5;0;0;0;4416591;3422200;4007;2;3594492;2340;6;0;0
FR;3;2021-12-06;7;354;14;0;353;15;0;0;0;4416598;3422554;4021;2;3594845;2355;6;0;0
FR;3;2021-12-07;6;414;20;0;408;24;1;0;0;4416604;3422968;4041;2;3595253;2379;7;0;0
FR;3;2021-12-08;8;381;29;0;373;30;1;0;0;4416612;3423349;4070;2;3595626;2409;8;0;0
FR;3;2021-12-09;3;427;17;0;414;22;1;0;0;4416615;3423776;4087;2;3596040;2431;9;0;0
FR;3;2021-12-10;10;443;29;0;440;25;0;0;0;4416625;3424219;4116;2;3596480;2456;9;0;0
FR;3;2021-12-11;4;300;10;0;297;9;2;0;0;4416629;3424519;4126;2;3596777;2465;11;0;0
FR;3;2021-12-12;1;96;3;0;96;3;0;0;0;4416630;3424615;4129;2;3596873;2468;11;0;0
FR;3;2021-12-13;2;436;19;0;430;21;0;0;0;4416632;3425051;4148;2;3597303;2489;11;0;0
FR;3;2021-12-14;8;551;18;0;539;21;1;0;0;4416640;3425602;4166;2;3597842;2510;12;0;0
FR;3;2021-12-15;10;524;17;0;511;21;0;0;0;4416650;3426126;4183;2;3598353;2531;12;0;0
FR;3;2021-12-16;10;530;19;0;524;18;3;0;0;4416660;3426656;4202;2;3598877;2549;15;0;0
FR;3;2021-12-17;5;596;18;0;592;19;0;0;0;4416665;3427252;4220;2;3599469;2568;15;0;0
FR;3;2021-12-18;5;347;4;0;341;5;1;0;0;4416670;3427599;4224;2;3599810;2573;16;0;0
FR;3;2021-12-19;3;176;2;0;174;2;0;0;0;4416673;3427775;4226;2;3599984;2575;16;0;0
FR;3;2021-12-20;10;567;23;0;561;28;0;0;0;4416683;3428342;4249;2;3600545;2603;16;0;0
FR;3;2021-12-21;5;665;10;0;657;13;2;0;0;4416688;3429007;4259;2;3601202;2616;18;0;0
FR;3;2021-12-22;10;616;9;0;610;10;1;0;0;4416698;3429623;4268;2;3601812;2626;19;0;0
FR;3;2021-12-23;4;542;8;0;540;8;0;0;0;4416702;3430165;4276;2;3602352;2634;19;0;0
FR;3;2021-12-24;2;233;3;0;228;6;0;0;0;4416704;3430398;4279;2;3602580;2640;19;0;0
FR;3;2021-12-25;0;24;0;0;24;0;0;0;0;4416704;3430422;4279;2;3602604;2640;19;0;0
FR;3;2021-12-26;0;87;1;0;87;1;0;0;0;4416704;3430509;4280;2;3602691;2641;19;0;0
FR;3;2021-12-27;7;459;17;0;456;20;1;0;0;4416711;3430968;4297;2;3603147;2661;20;0;0
FR;3;2021-12-28;3;577;6;0;576;5;0;0;0;4416714;3431545;4303;2;3603723;2666;20;0;0
FR;3;2021-12-29;5;491;14;0;486;16;0;0;0;4416719;3432036;4317;2;3604209;2682;20;0;0
FR;3;2021-12-30;3;519;7;0;512;10;2;0;0;4416722;3432555;4324;2;3604721;2692;22;0;0
FR;3;2021-12-31;0;182;5;0;178;7;0;0;0;4416722;3432737;4329;2;3604899;2699;22;0;0
FR;3;2022-01-01;0;26;0;0;24;2;0;0;0;4416722;3432763;4329;2;3604923;2701;22;0;0
FR;3;2022-01-02;0;77;0;0;77;0;0;0;0;4416722;3432840;4329;2;3605000;2701;22;0;0
FR;3;2022-01-03;5;490;17;0;480;21;3;0;0;4416727;3433330;4346;2;3605480;2722;25;0;0
FR;3;2022-01-04;7;541;9;0;540;8;0;0;0;4416734;3433871;4355;2;3606020;2730;25;0;0
FR;3;2022-01-05;5;491;10;0;483;14;1;0;0;4416739;3434362;4365;2;3606503;2744;26;0;0
FR;3;2022-01-06;6;464;9;0;459;10;1;0;0;4416745;3434826;4374;2;3606962;2754;27;0;0
FR;3;2022-01-07;2;490;11;0;484;13;1;0;1;4416747;3435316;4385;2;3607446;2767;28;0;1
FR;3;2022-01-08;6;252;4;0;249;5;0;0;0;4416753;3435568;4389;2;3607695;2772;28;0;1
FR;3;2022-01-09;0;116;0;0;116;0;0;0;0;4416753;3435684;4389;2;3607811;2772;28;0;1
FR;3;2022-01-10;2;422;12;0;420;12;0;0;0;4416755;3436106;4401;2;3608231;2784;28;0;1
FR;3;2022-01-11;3;457;1;0;456;1;0;0;0;4416758;3436563;4402;2;3608687;2785;28;0;1
FR;3;2022-01-12;4;395;9;0;392;10;2;0;0;4416762;3436958;4411;2;3609079;2795;30;0;1
FR;3;2022-01-13;3;386;11;0;384;12;1;0;0;4416765;3437344;4422;2;3609463;2807;31;0;1
FR;3;2022-01-14;4;422;10;0;416;13;1;0;0;4416769;3437766;4432;2;3609879;2820;32;0;1
FR;3;2022-01-15;0;278;2;0;274;3;0;0;0;4416769;3438044;4434;2;3610153;2823;32;0;1
FR;3;2022-01-16;1;108;1;0;106;1;1;0;0;4416770;3438152;4435;2;3610259;2824;33;0;1
FR;3;2022-01-17;2;320;8;0;317;9;1;0;0;4416772;3438472;4443;2;3610576;2833;34;0;1
FR;3;2022-01-18;2;361;1;0;357;2;1;0;0;4416774;3438833;4444;2;3610933;2835;35;0;1
FR;3;2022-01-19;2;322;5;0;316;10;0;0;0;4416776;3439155;4449;2;3611249;2845;35;0;1
FR;3;2022-01-20;1;351;5;0;350;3;2;0;0;4416777;3439506;4454;2;3611599;2848;37;0;1
FR;3;2022-01-21;4;339;5;0;333;7;2;0;0;4416781;3439845;4459;2;3611932;2855;39;0;1
FR;3;2022-01-22;2;219;1;0;215;2;3;0;0;4416783;3440064;4460;2;3612147;2857;42;0;1
FR;3;2022-01-23;0;78;0;0;76;1;1;0;0;4416783;3440142;4460;2;3612223;2858;43;0;1
FR;3;2022-01-24;2;317;1;0;309;6;2;0;0;4416785;3440459;4461;2;3612532;2864;45;0;1
FR;3;2022-01-25;0;172;0;0;169;0;1;0;0;4416785;3440631;4461;2;3612701;2864;46;0;1
FR;3;2022-01-26;0;77;0;0;77;0;0;0;0;4416785;3440708;4461;2;3612778;2864;46;0;1
FR;3;2022-01-27;0;52;0;0;52;0;0;0;0;4416785;3440760;4461;2;3612830;2864;46;0;1
FR;3;2022-01-28;0;115;0;0;114;0;0;0;0;4416785;3440875;4461;2;3612944;2864;46;0;1
FR;3;2022-01-29;0;97;0;0;97;0;0;0;0;4416785;3440972;4461;2;3613041;2864;46;0;1
FR;3;2022-01-30;0;50;0;0;50;0;0;0;0;4416785;3441022;4461;2;3613091;2864;46;0;1
FR;3;2022-01-31;0;91;0;0;91;0;0;0;0;4416785;3441113;4461;2;3613182;2864;46;0;1
FR;3;2022-02-01;0;98;0;0;96;1;0;0;0;4416785;3441211;4461;2;3613278;2865;46;0;1
FR;3;2022-02-02;0;85;0;0;83;0;0;0;0;4416785;3441296;4461;2;3613361;2865;46;0;1
FR;3;2022-02-03;0;91;0;0;89;0;0;0;0;4416785;3441387;4461;2;3613450;2865;46;0;1
FR;3;2022-02-04;0;113;0;0;110;0;1;0;0;4416785;3441500;4461;2;3613560;2865;47;0;1
FR;3;2022-02-05;0;70;0;0;70;0;0;0;0;4416785;3441570;4461;2;3613630;2865;47;0;1
FR;3;2022-02-06;0;10;0;0;10;0;0;0;0;4416785;3441580;4461;2;3613640;2865;47;0;1
FR;3;2022-02-07;0;76;0;0;76;0;0;0;0;4416785;3441656;4461;2;3613716;2865;47;0;1
FR;3;2022-02-08;0;0;0;0;0;0;0;0;0;4416785;3441656;4461;2;3613716;2865;47;0;1
FR;3;2022-02-09;0;0;0;0;0;0;0;0;0;4416785;3441656;4461;2;3613716;2865;47;0;1
FR;3;2022-02-10;0;0;0;0;0;0;0;0;0;4416785;3441656;4461;2;3613716;2865;47;0;1
FR;3;2022-02-11;0;0;0;0;0;0;0;0;0;4416785;3441656;4461;2;3613716;2865;47;0;1
FR;3;2022-02-12;0;0;0;0;0;0;0;0;0;4416785;3441656;4461;2;3613716;2865;47;0;1
FR;3;2022-02-13;0;0;0;0;0;0;0;0;0;4416785;3441656;4461;2;3613716;2865;47;0;1
FR;3;2022-02-14;0;0;0;0;0;0;0;0;0;4416785;3441656;4461;2;3613716;2865;47;0;1
FR;3;2022-02-15;0;0;0;0;0;0;0;0;0;4416785;3441656;4461;2;3613716;2865;47;0;1
FR;3;2022-02-16;0;0;0;0;0;0;0;0;0;4416785;3441656;4461;2;3613716;2865;47;0;1
FR;3;2022-02-17;0;0;0;0;0;0;0;0;0;4416785;3441656;4461;2;3613716;2865;47;0;1
FR;3;2022-02-18;0;0;0;0;0;0;0;0;0;4416785;3441656;4461;2;3613716;2865;47;0;1
FR;3;2022-02-19;0;0;0;0;0;0;0;0;0;4416785;3441656;4461;2;3613716;2865;47;0;1
FR;3;2022-02-20;0;0;0;0;0;0;0;0;0;4416785;3441656;4461;2;3613716;2865;47;0;1
FR;3;2022-02-21;2;0;0;0;0;0;0;0;0;4416787;3441656;4461;2;3613716;2865;47;0;1
FR;3;2022-02-22;0;0;0;0;0;0;0;0;0;4416787;3441656;4461;2;3613716;2865;47;0;1
FR;3;2022-02-23;0;0;0;0;0;0;0;0;0;4416787;3441656;4461;2;3613716;2865;47;0;1
FR;3;2022-02-24;0;0;0;0;0;0;0;0;0;4416787;3441656;4461;2;3613716;2865;47;0;1
FR;3;2022-02-25;0;0;0;0;0;0;0;0;0;4416787;3441656;4461;2;3613716;2865;47;0;1
FR;3;2022-02-26;0;0;0;0;0;0;0;0;0;4416787;3441656;4461;2;3613716;2865;47;0;1
FR;3;2022-02-27;0;0;0;0;0;0;0;0;0;4416787;3441656;4461;2;3613716;2865;47;0;1
FR;3;2022-02-28;1;0;0;0;0;0;0;0;0;4416788;3441656;4461;2;3613716;2865;47;0;1
FR;3;2022-03-01;1;0;0;0;0;0;0;0;0;4416789;3441656;4461;2;3613716;2865;47;0;1
FR;3;2022-03-02;0;0;0;0;0;0;0;0;0;4416789;3441656;4461;2;3613716;2865;47;0;1
FR;3;2022-03-03;0;0;0;0;0;0;0;0;0;4416789;3441656;4461;2;3613716;2865;47;0;1
FR;3;2022-03-04;0;0;0;0;0;0;0;0;0;4416789;3441656;4461;2;3613716;2865;47;0;1
FR;3;2022-03-05;0;0;0;0;0;0;0;0;0;4416789;3441656;4461;2;3613716;2865;47;0;1
FR;3;2022-03-06;1;0;0;0;0;0;0;0;0;4416790;3441656;4461;2;3613716;2865;47;0;1
FR;3;2022-03-07;0;0;0;0;0;0;0;0;0;4416790;3441656;4461;2;3613716;2865;47;0;1
FR;3;2022-03-08;1;0;0;0;0;0;0;0;0;4416791;3441656;4461;2;3613716;2865;47;0;1
FR;3;2022-03-09;0;0;0;0;0;0;0;0;0;4416791;3441656;4461;2;3613716;2865;47;0;1
FR;3;2022-03-10;0;0;0;0;0;0;0;0;0;4416791;3441656;4461;2;3613716;2865;47;0;1
FR;3;2022-03-11;0;0;0;0;0;0;0;0;0;4416791;3441656;4461;2;3613716;2865;47;0;1
FR;3;2022-03-12;0;0;0;0;0;0;0;0;0;4416791;3441656;4461;2;3613716;2865;47;0;1
FR;3;2022-03-13;0;0;0;0;0;0;0;0;0;4416791;3441656;4461;2;3613716;2865;47;0;1
FR;3;2022-03-14;0;0;0;0;0;0;0;0;0;4416791;3441656;4461;2;3613716;2865;47;0;1
FR;3;2022-03-15;0;0;0;0;0;0;0;0;0;4416791;3441656;4461;2;3613716;2865;47;0;1
FR;3;2022-03-16;0;0;0;0;0;0;0;0;0;4416791;3441656;4461;2;3613716;2865;47;0;1
FR;3;2022-03-17;0;0;0;0;0;0;0;0;0;4416791;3441656;4461;2;3613716;2865;47;0;1
FR;3;2022-03-18;0;0;0;0;0;0;0;0;0;4416791;3441656;4461;2;3613716;2865;47;0;1
FR;3;2022-03-19;0;0;0;0;0;0;0;0;0;4416791;3441656;4461;2;3613716;2865;47;0;1
FR;3;2022-03-20;1;0;0;0;0;0;0;0;0;4416792;3441656;4461;2;3613716;2865;47;0;1
FR;3;2022-03-21;0;0;0;0;0;0;0;0;0;4416792;3441656;4461;2;3613716;2865;47;0;1
FR;3;2022-03-22;0;0;0;0;0;0;0;0;0;4416792;3441656;4461;2;3613716;2865;47;0;1
FR;3;2022-03-23;1;0;0;0;0;0;0;0;0;4416793;3441656;4461;2;3613716;2865;47;0;1
FR;3;2022-03-24;0;0;0;0;0;0;0;0;0;4416793;3441656;4461;2;3613716;2865;47;0;1
FR;3;2022-03-25;1;0;0;0;0;0;0;0;0;4416794;3441656;4461;2;3613716;2865;47;0;1
FR;3;2022-03-26;0;0;0;0;0;0;0;0;0;4416794;3441656;4461;2;3613716;2865;47;0;1
FR;3;2022-03-27;0;0;0;0;0;0;0;0;0;4416794;3441656;4461;2;3613716;2865;47;0;1
FR;3;2022-03-28;0;0;0;0;0;0;0;0;0;4416794;3441656;4461;2;3613716;2865;47;0;1
FR;3;2022-03-29;0;0;0;0;0;0;0;0;0;4416794;3441656;4461;2;3613716;2865;47;0;1
FR;3;2022-03-30;0;0;0;0;0;0;0;0;0;4416794;3441656;4461;2;3613716;2865;47;0;1
FR;3;2022-03-31;0;0;0;0;0;0;0;0;0;4416794;3441656;4461;2;3613716;2865;47;0;1
FR;3;2022-04-01;0;0;0;0;0;0;0;0;0;4416794;3441656;4461;2;3613716;2865;47;0;1
FR;3;2022-04-02;0;0;0;0;0;0;0;0;0;4416794;3441656;4461;2;3613716;2865;47;0;1
FR;3;2022-04-03;0;0;0;0;0;0;0;0;0;4416794;3441656;4461;2;3613716;2865;47;0;1
FR;3;2022-04-04;0;0;0;0;0;0;0;0;0;4416794;3441656;4461;2;3613716;2865;47;0;1
FR;3;2022-04-05;0;0;0;0;0;0;0;0;0;4416794;3441656;4461;2;3613716;2865;47;0;1
FR;3;2022-04-06;0;0;0;0;0;0;0;0;0;4416794;3441656;4461;2;3613716;2865;47;0;1
FR;3;2022-04-07;0;0;0;0;0;0;0;0;0;4416794;3441656;4461;2;3613716;2865;47;0;1
FR;3;2022-04-08;0;0;0;0;0;0;0;0;0;4416794;3441656;4461;2;3613716;2865;47;0;1
FR;3;2022-04-09;0;0;0;0;0;0;0;0;0;4416794;3441656;4461;2;3613716;2865;47;0;1
FR;3;2022-04-10;0;0;0;0;0;0;0;0;0;4416794;3441656;4461;2;3613716;2865;47;0;1
FR;3;2022-04-11;0;0;0;0;0;0;0;0;0;4416794;3441656;4461;2;3613716;2865;47;0;1
FR;3;2022-04-12;0;0;0;0;0;0;0;0;0;4416794;3441656;4461;2;3613716;2865;47;0;1
FR;3;2022-04-13;0;0;0;0;0;0;0;0;0;4416794;3441656;4461;2;3613716;2865;47;0;1
FR;3;2022-04-14;0;0;0;0;0;0;0;0;0;4416794;3441656;4461;2;3613716;2865;47;0;1
FR;3;2022-04-15;1;0;0;0;0;0;0;0;0;4416795;3441656;4461;2;3613716;2865;47;0;1
FR;3;2022-04-16;0;0;0;0;0;0;0;0;0;4416795;3441656;4461;2;3613716;2865;47;0;1
FR;3;2022-04-17;0;0;0;0;0;0;0;0;0;4416795;3441656;4461;2;3613716;2865;47;0;1
FR;3;2022-04-18;0;0;0;0;0;0;0;0;0;4416795;3441656;4461;2;3613716;2865;47;0;1
FR;3;2022-04-19;0;0;0;0;0;0;0;0;0;4416795;3441656;4461;2;3613716;2865;47;0;1
FR;3;2022-04-20;0;0;0;0;0;0;0;0;0;4416795;3441656;4461;2;3613716;2865;47;0;1
FR;3;2022-04-21;0;0;0;0;0;0;0;0;0;4416795;3441656;4461;2;3613716;2865;47;0;1
FR;3;2022-04-22;0;0;0;0;0;0;0;0;0;4416795;3441656;4461;2;3613716;2865;47;0;1
FR;3;2022-04-23;0;0;0;0;0;0;0;0;0;4416795;3441656;4461;2;3613716;2865;47;0;1
FR;3;2022-04-24;0;0;0;0;0;0;0;0;0;4416795;3441656;4461;2;3613716;2865;47;0;1
FR;3;2022-04-25;0;0;0;0;0;0;0;0;0;4416795;3441656;4461;2;3613716;2865;47;0;1
FR;3;2022-04-26;0;0;0;0;0;0;0;0;0;4416795;3441656;4461;2;3613716;2865;47;0;1
FR;3;2022-04-27;0;0;0;0;0;0;0;0;0;4416795;3441656;4461;2;3613716;2865;47;0;1
FR;3;2022-04-28;0;0;0;0;0;0;0;0;0;4416795;3441656;4461;2;3613716;2865;47;0;1
FR;3;2022-04-29;0;0;0;0;0;0;0;0;0;4416795;3441656;4461;2;3613716;2865;47;0;1
FR;3;2022-04-30;0;0;0;0;0;0;0;0;0;4416795;3441656;4461;2;3613716;2865;47;0;1
FR;3;2022-05-01;0;0;0;0;0;0;0;0;0;4416795;3441656;4461;2;3613716;2865;47;0;1
FR;3;2022-05-02;0;0;0;0;0;0;0;0;0;4416795;3441656;4461;2;3613716;2865;47;0;1
FR;3;2022-05-03;0;0;0;0;0;0;0;0;0;4416795;3441656;4461;2;3613716;2865;47;0;1
FR;3;2022-05-04;0;0;0;0;0;0;0;0;0;4416795;3441656;4461;2;3613716;2865;47;0;1
FR;3;2022-05-05;0;0;0;0;0;0;0;0;0;4416795;3441656;4461;2;3613716;2865;47;0;1
FR;3;2022-05-06;0;0;0;0;0;0;0;0;0;4416795;3441656;4461;2;3613716;2865;47;0;1
FR;3;2022-05-07;0;0;0;0;0;0;0;0;0;4416795;3441656;4461;2;3613716;2865;47;0;1
FR;3;2022-05-08;0;0;0;0;0;0;0;0;0;4416795;3441656;4461;2;3613716;2865;47;0;1
FR;3;2022-05-09;0;0;0;0;0;0;0;0;0;4416795;3441656;4461;2;3613716;2865;47;0;1
FR;3;2022-05-10;0;0;0;0;0;0;0;0;0;4416795;3441656;4461;2;3613716;2865;47;0;1
FR;3;2022-05-11;0;0;0;0;0;0;0;0;0;4416795;3441656;4461;2;3613716;2865;47;0;1
FR;3;2022-05-12;0;0;0;0;0;0;0;0;0;4416795;3441656;4461;2;3613716;2865;47;0;1
FR;3;2022-05-13;0;0;0;0;0;0;0;0;0;4416795;3441656;4461;2;3613716;2865;47;0;1
FR;3;2022-05-14;1;0;0;0;0;0;0;0;0;4416796;3441656;4461;2;3613716;2865;47;0;1
FR;3;2022-05-15;0;0;0;0;0;0;0;0;0;4416796;3441656;4461;2;3613716;2865;47;0;1
FR;3;2022-05-16;0;0;0;0;0;0;0;0;0;4416796;3441656;4461;2;3613716;2865;47;0;1
FR;3;2022-05-17;0;0;0;0;0;0;0;0;0;4416796;3441656;4461;2;3613716;2865;47;0;1
FR;3;2022-05-18;0;0;0;0;0;0;0;0;0;4416796;3441656;4461;2;3613716;2865;47;0;1
FR;3;2022-05-19;0;0;0;0;0;0;0;0;0;4416796;3441656;4461;2;3613716;2865;47;0;1
FR;3;2022-05-20;0;0;0;0;0;0;0;0;0;4416796;3441656;4461;2;3613716;2865;47;0;1
FR;3;2022-05-21;0;0;0;0;0;0;0;0;0;4416796;3441656;4461;2;3613716;2865;47;0;1
FR;3;2022-05-22;0;0;0;0;0;0;0;0;0;4416796;3441656;4461;2;3613716;2865;47;0;1
FR;3;2022-05-23;0;0;0;0;0;0;0;0;0;4416796;3441656;4461;2;3613716;2865;47;0;1
FR;3;2022-05-24;0;0;0;0;0;0;0;0;0;4416796;3441656;4461;2;3613716;2865;47;0;1
FR;3;2022-05-25;0;0;0;0;0;0;0;0;0;4416796;3441656;4461;2;3613716;2865;47;0;1
FR;3;2022-05-26;0;0;0;0;0;0;0;0;0;4416796;3441656;4461;2;3613716;2865;47;0;1
FR;3;2022-05-27;0;0;0;0;0;0;0;0;0;4416796;3441656;4461;2;3613716;2865;47;0;1
FR;3;2022-05-28;0;0;0;0;0;0;0;0;0;4416796;3441656;4461;2;3613716;2865;47;0;1
FR;3;2022-05-29;0;0;0;0;0;0;0;0;0;4416796;3441656;4461;2;3613716;2865;47;0;1
FR;3;2022-05-30;0;0;0;0;0;0;0;0;0;4416796;3441656;4461;2;3613716;2865;47;0;1
FR;3;2022-05-31;0;0;0;0;0;0;0;0;0;4416796;3441656;4461;2;3613716;2865;47;0;1
FR;3;2022-06-01;0;0;0;0;0;0;0;0;0;4416796;3441656;4461;2;3613716;2865;47;0;1
FR;3;2022-06-02;0;0;0;0;0;0;0;0;0;4416796;3441656;4461;2;3613716;2865;47;0;1
FR;3;2022-06-03;0;0;0;0;0;0;0;0;0;4416796;3441656;4461;2;3613716;2865;47;0;1
FR;3;2022-06-04;0;0;0;0;0;0;0;0;0;4416796;3441656;4461;2;3613716;2865;47;0;1
FR;3;2022-06-05;0;0;0;0;0;0;0;0;0;4416796;3441656;4461;2;3613716;2865;47;0;1
FR;3;2022-06-06;0;0;0;0;0;0;0;0;0;4416796;3441656;4461;2;3613716;2865;47;0;1
FR;3;2022-06-07;0;0;0;0;0;0;0;0;0;4416796;3441656;4461;2;3613716;2865;47;0;1
FR;3;2022-06-08;0;0;0;0;0;0;0;0;0;4416796;3441656;4461;2;3613716;2865;47;0;1
FR;3;2022-06-09;0;0;0;0;0;0;0;0;0;4416796;3441656;4461;2;3613716;2865;47;0;1
FR;3;2022-06-10;0;0;0;0;0;0;0;0;0;4416796;3441656;4461;2;3613716;2865;47;0;1
FR;3;2022-06-11;0;0;0;0;0;0;0;0;0;4416796;3441656;4461;2;3613716;2865;47;0;1
FR;3;2022-06-12;0;0;0;0;0;0;0;0;0;4416796;3441656;4461;2;3613716;2865;47;0;1
FR;3;2022-06-13;1;0;0;0;0;0;0;0;0;4416797;3441656;4461;2;3613716;2865;47;0;1
FR;3;2022-06-14;0;0;0;0;0;0;0;0;0;4416797;3441656;4461;2;3613716;2865;47;0;1
FR;3;2022-06-15;0;0;0;0;0;0;0;0;0;4416797;3441656;4461;2;3613716;2865;47;0;1
FR;3;2022-06-16;0;0;0;0;0;0;0;0;0;4416797;3441656;4461;2;3613716;2865;47;0;1
FR;3;2022-06-17;0;0;0;0;0;0;0;0;0;4416797;3441656;4461;2;3613716;2865;47;0;1
FR;3;2022-06-18;0;0;0;0;0;0;0;0;0;4416797;3441656;4461;2;3613716;2865;47;0;1
FR;3;2022-06-19;0;0;0;0;0;0;0;0;0;4416797;3441656;4461;2;3613716;2865;47;0;1
FR;3;2022-06-20;0;0;0;0;0;0;0;0;0;4416797;3441656;4461;2;3613716;2865;47;0;1
FR;3;2022-06-21;0;0;0;0;0;0;0;0;0;4416797;3441656;4461;2;3613716;2865;47;0;1
FR;3;2022-06-22;0;0;0;0;0;0;0;0;0;4416797;3441656;4461;2;3613716;2865;47;0;1
FR;3;2022-06-23;0;0;0;0;0;0;0;0;0;4416797;3441656;4461;2;3613716;2865;47;0;1
FR;3;2022-06-24;0;0;0;0;0;0;0;0;0;4416797;3441656;4461;2;3613716;2865;47;0;1
FR;3;2022-06-25;0;0;0;0;0;0;0;0;0;4416797;3441656;4461;2;3613716;2865;47;0;1
FR;3;2022-06-26;0;0;0;0;0;0;0;0;0;4416797;3441656;4461;2;3613716;2865;47;0;1
FR;3;2022-06-27;0;0;0;0;0;0;0;0;0;4416797;3441656;4461;2;3613716;2865;47;0;1
FR;3;2022-06-28;0;0;0;0;0;0;0;0;0;4416797;3441656;4461;2;3613716;2865;47;0;1
FR;3;2022-06-29;1;0;0;0;0;0;0;0;0;4416798;3441656;4461;2;3613716;2865;47;0;1
FR;3;2022-06-30;0;0;0;0;0;0;0;0;0;4416798;3441656;4461;2;3613716;2865;47;0;1
FR;3;2022-07-01;0;0;0;0;0;0;0;0;0;4416798;3441656;4461;2;3613716;2865;47;0;1
FR;3;2022-07-02;0;0;0;0;0;0;0;0;0;4416798;3441656;4461;2;3613716;2865;47;0;1
FR;3;2022-07-03;0;0;0;0;0;0;0;0;0;4416798;3441656;4461;2;3613716;2865;47;0;1
FR;3;2022-07-04;0;0;0;0;0;0;0;0;0;4416798;3441656;4461;2;3613716;2865;47;0;1
FR;3;2022-07-05;0;0;0;0;0;0;0;0;0;4416798;3441656;4461;2;3613716;2865;47;0;1
FR;3;2022-07-06;0;0;0;0;0;0;0;0;0;4416798;3441656;4461;2;3613716;2865;47;0;1
FR;3;2022-07-07;0;0;0;0;0;0;0;0;0;4416798;3441656;4461;2;3613716;2865;47;0;1
FR;3;2022-07-08;0;0;0;0;0;0;0;0;0;4416798;3441656;4461;2;3613716;2865;47;0;1
FR;3;2022-07-09;0;0;0;0;0;0;0;0;0;4416798;3441656;4461;2;3613716;2865;47;0;1
FR;3;2022-07-10;0;0;0;0;0;0;0;0;0;4416798;3441656;4461;2;3613716;2865;47;0;1
FR;3;2022-07-11;0;0;0;0;0;0;0;0;0;4416798;3441656;4461;2;3613716;2865;47;0;1
FR;3;2022-07-12;0;0;0;0;0;0;0;0;0;4416798;3441656;4461;2;3613716;2865;47;0;1
FR;3;2022-07-13;0;0;0;0;0;0;0;0;0;4416798;3441656;4461;2;3613716;2865;47;0;1
FR;3;2022-07-14;0;0;0;0;0;0;0;0;0;4416798;3441656;4461;2;3613716;2865;47;0;1
FR;3;2022-07-15;0;0;0;0;0;0;0;0;0;4416798;3441656;4461;2;3613716;2865;47;0;1
FR;3;2022-07-16;0;0;0;0;0;0;0;0;0;4416798;3441656;4461;2;3613716;2865;47;0;1
FR;3;2022-07-17;0;0;0;0;0;0;0;0;0;4416798;3441656;4461;2;3613716;2865;47;0;1
FR;3;2022-07-18;0;0;0;0;0;0;0;0;0;4416798;3441656;4461;2;3613716;2865;47;0;1
FR;3;2022-07-19;0;0;0;0;0;0;0;0;0;4416798;3441656;4461;2;3613716;2865;47;0;1
FR;3;2022-07-20;0;0;0;0;0;0;0;0;0;4416798;3441656;4461;2;3613716;2865;47;0;1
FR;3;2022-07-21;0;0;0;0;0;0;0;0;0;4416798;3441656;4461;2;3613716;2865;47;0;1
FR;3;2022-07-22;0;0;0;0;0;0;0;0;0;4416798;3441656;4461;2;3613716;2865;47;0;1
FR;3;2022-07-23;0;0;0;0;0;0;0;0;0;4416798;3441656;4461;2;3613716;2865;47;0;1
FR;3;2022-07-24;0;0;0;0;0;0;0;0;0;4416798;3441656;4461;2;3613716;2865;47;0;1
FR;3;2022-07-25;0;0;0;0;0;0;0;0;0;4416798;3441656;4461;2;3613716;2865;47;0;1
FR;3;2022-07-26;0;0;0;0;0;0;0;0;0;4416798;3441656;4461;2;3613716;2865;47;0;1
FR;3;2022-07-27;0;0;0;0;0;0;0;0;0;4416798;3441656;4461;2;3613716;2865;47;0;1
FR;3;2022-07-28;0;0;0;0;0;0;0;0;0;4416798;3441656;4461;2;3613716;2865;47;0;1
FR;3;2022-07-29;0;0;0;0;0;0;0;0;0;4416798;3441656;4461;2;3613716;2865;47;0;1
FR;3;2022-07-30;0;0;0;0;0;0;0;0;0;4416798;3441656;4461;2;3613716;2865;47;0;1
FR;3;2022-07-31;0;0;0;0;0;0;0;0;0;4416798;3441656;4461;2;3613716;2865;47;0;1
FR;3;2022-08-01;0;0;0;0;0;0;0;0;0;4416798;3441656;4461;2;3613716;2865;47;0;1
FR;3;2022-08-02;0;0;0;0;0;0;0;0;0;4416798;3441656;4461;2;3613716;2865;47;0;1
FR;3;2022-08-03;0;0;0;0;0;0;0;0;0;4416798;3441656;4461;2;3613716;2865;47;0;1
FR;3;2022-08-04;0;0;0;0;0;0;0;0;0;4416798;3441656;4461;2;3613716;2865;47;0;1
FR;3;2022-08-05;0;0;0;0;0;0;0;0;0;4416798;3441656;4461;2;3613716;2865;47;0;1
FR;3;2022-08-06;0;0;0;0;0;0;0;0;0;4416798;3441656;4461;2;3613716;2865;47;0;1
FR;3;2022-08-07;0;0;0;0;0;0;0;0;0;4416798;3441656;4461;2;3613716;2865;47;0;1
FR;3;2022-08-08;0;0;0;0;0;0;0;0;0;4416798;3441656;4461;2;3613716;2865;47;0;1
FR;3;2022-08-09;0;0;0;0;0;0;0;0;0;4416798;3441656;4461;2;3613716;2865;47;0;1
FR;3;2022-08-10;0;0;0;0;0;0;0;0;0;4416798;3441656;4461;2;3613716;2865;47;0;1
FR;3;2022-08-11;0;0;0;0;0;0;0;0;0;4416798;3441656;4461;2;3613716;2865;47;0;1
FR;3;2022-08-12;0;0;0;0;0;0;0;0;0;4416798;3441656;4461;2;3613716;2865;47;0;1
FR;3;2022-08-13;0;0;0;0;0;0;0;0;0;4416798;3441656;4461;2;3613716;2865;47;0;1
FR;3;2022-08-14;0;0;0;0;0;0;0;0;0;4416798;3441656;4461;2;3613716;2865;47;0;1
FR;3;2022-08-15;0;0;0;0;0;0;0;0;0;4416798;3441656;4461;2;3613716;2865;47;0;1
FR;3;2022-08-16;0;0;0;0;0;0;0;0;0;4416798;3441656;4461;2;3613716;2865;47;0;1
FR;3;2022-08-17;0;0;0;0;0;0;0;0;0;4416798;3441656;4461;2;3613716;2865;47;0;1
FR;3;2022-08-18;0;0;0;0;0;0;0;0;0;4416798;3441656;4461;2;3613716;2865;47;0;1
FR;3;2022-08-19;0;0;0;0;0;0;0;0;0;4416798;3441656;4461;2;3613716;2865;47;0;1
FR;3;2022-08-20;0;0;0;0;0;0;0;0;0;4416798;3441656;4461;2;3613716;2865;47;0;1
FR;3;2022-08-21;0;0;0;0;0;0;0;0;0;4416798;3441656;4461;2;3613716;2865;47;0;1
FR;3;2022-08-22;0;0;0;0;0;0;0;0;0;4416798;3441656;4461;2;3613716;2865;47;0;1
FR;3;2022-08-23;0;0;0;0;0;0;0;0;0;4416798;3441656;4461;2;3613716;2865;47;0;1
FR;3;2022-08-24;0;0;0;0;0;0;0;0;0;4416798;3441656;4461;2;3613716;2865;47;0;1
FR;3;2022-08-25;0;0;0;0;0;0;0;0;0;4416798;3441656;4461;2;3613716;2865;47;0;1
FR;3;2022-08-26;0;0;0;0;0;0;0;0;0;4416798;3441656;4461;2;3613716;2865;47;0;1
FR;3;2022-08-27;0;0;0;0;0;0;0;0;0;4416798;3441656;4461;2;3613716;2865;47;0;1
FR;3;2022-08-28;0;0;0;0;0;0;0;0;0;4416798;3441656;4461;2;3613716;2865;47;0;1
FR;3;2022-08-29;0;0;0;0;0;0;0;0;0;4416798;3441656;4461;2;3613716;2865;47;0;1
FR;3;2022-08-30;0;0;0;0;0;0;0;0;0;4416798;3441656;4461;2;3613716;2865;47;0;1
FR;3;2022-08-31;0;0;0;0;0;0;0;0;0;4416798;3441656;4461;2;3613716;2865;47;0;1
FR;3;2022-09-01;0;0;0;0;0;0;0;0;0;4416798;3441656;4461;2;3613716;2865;47;0;1
FR;3;2022-09-02;0;0;0;0;0;0;0;0;0;4416798;3441656;4461;2;3613716;2865;47;0;1
FR;3;2022-09-03;0;0;0;0;0;0;0;0;0;4416798;3441656;4461;2;3613716;2865;47;0;1
FR;3;2022-09-04;0;0;0;0;0;0;0;0;0;4416798;3441656;4461;2;3613716;2865;47;0;1
FR;3;2022-09-05;0;0;0;0;0;0;0;0;0;4416798;3441656;4461;2;3613716;2865;47;0;1
FR;3;2022-09-06;0;0;0;0;0;0;0;0;0;4416798;3441656;4461;2;3613716;2865;47;0;1
FR;3;2022-09-07;0;0;0;0;0;0;0;0;0;4416798;3441656;4461;2;3613716;2865;47;0;1
FR;3;2022-09-08;0;0;0;0;0;0;0;0;0;4416798;3441656;4461;2;3613716;2865;47;0;1
FR;3;2022-09-09;0;0;0;0;0;0;0;0;0;4416798;3441656;4461;2;3613716;2865;47;0;1
FR;3;2022-09-10;0;0;0;0;0;0;0;0;0;4416798;3441656;4461;2;3613716;2865;47;0;1
FR;3;2022-09-11;0;0;0;0;0;0;0;0;0;4416798;3441656;4461;2;3613716;2865;47;0;1
FR;3;2022-09-12;0;0;0;0;0;0;0;0;0;4416798;3441656;4461;2;3613716;2865;47;0;1
FR;3;2022-09-13;0;0;0;0;0;0;0;0;0;4416798;3441656;4461;2;3613716;2865;47;0;1
FR;3;2022-09-14;0;0;0;0;0;0;0;0;0;4416798;3441656;4461;2;3613716;2865;47;0;1
FR;3;2022-09-15;0;0;0;0;0;0;0;0;0;4416798;3441656;4461;2;3613716;2865;47;0;1
FR;3;2022-09-16;0;0;0;0;0;0;0;0;0;4416798;3441656;4461;2;3613716;2865;47;0;1
FR;3;2022-09-17;0;0;0;0;0;0;0;0;0;4416798;3441656;4461;2;3613716;2865;47;0;1
FR;3;2022-09-18;0;0;0;0;0;0;0;0;0;4416798;3441656;4461;2;3613716;2865;47;0;1
FR;3;2022-09-19;0;0;0;0;0;0;0;0;0;4416798;3441656;4461;2;3613716;2865;47;0;1
FR;3;2022-09-20;0;0;0;0;0;0;0;0;0;4416798;3441656;4461;2;3613716;2865;47;0;1
FR;3;2022-09-21;0;0;0;0;0;0;0;0;0;4416798;3441656;4461;2;3613716;2865;47;0;1
FR;3;2022-09-22;0;0;0;0;0;0;0;0;0;4416798;3441656;4461;2;3613716;2865;47;0;1
FR;3;2022-09-23;0;0;0;0;0;0;0;0;0;4416798;3441656;4461;2;3613716;2865;47;0;1
FR;3;2022-09-24;0;0;0;0;0;0;0;0;0;4416798;3441656;4461;2;3613716;2865;47;0;1
FR;3;2022-09-25;0;0;0;0;0;0;0;0;0;4416798;3441656;4461;2;3613716;2865;47;0;1
FR;3;2022-09-26;0;0;0;0;0;0;0;0;0;4416798;3441656;4461;2;3613716;2865;47;0;1
FR;3;2022-09-27;0;0;0;0;0;0;0;0;0;4416798;3441656;4461;2;3613716;2865;47;0;1
FR;3;2022-09-28;0;0;0;0;0;0;0;0;0;4416798;3441656;4461;2;3613716;2865;47;0;1
FR;3;2022-09-29;0;0;0;0;0;0;0;0;0;4416798;3441656;4461;2;3613716;2865;47;0;1
FR;3;2022-09-30;0;0;0;0;0;0;0;0;0;4416798;3441656;4461;2;3613716;2865;47;0;1
FR;3;2022-10-01;0;0;0;0;0;0;0;0;0;4416798;3441656;4461;2;3613716;2865;47;0;1
FR;3;2022-10-02;0;0;0;0;0;0;0;0;0;4416798;3441656;4461;2;3613716;2865;47;0;1
FR;3;2022-10-03;0;0;0;0;0;0;0;0;0;4416798;3441656;4461;2;3613716;2865;47;0;1
FR;3;2022-10-04;0;0;0;0;0;0;0;0;0;4416798;3441656;4461;2;3613716;2865;47;0;1
FR;3;2022-10-05;0;0;0;0;0;0;0;0;0;4416798;3441656;4461;2;3613716;2865;47;0;1
FR;3;2022-10-06;0;0;0;0;0;0;0;0;0;4416798;3441656;4461;2;3613716;2865;47;0;1
FR;3;2022-10-07;0;0;0;0;0;0;0;0;0;4416798;3441656;4461;2;3613716;2865;47;0;1
FR;3;2022-10-08;0;0;0;0;0;0;0;0;0;4416798;3441656;4461;2;3613716;2865;47;0;1
FR;3;2022-10-09;0;0;0;0;0;0;0;0;0;4416798;3441656;4461;2;3613716;2865;47;0;1
FR;3;2022-10-10;0;0;0;0;0;0;0;0;0;4416798;3441656;4461;2;3613716;2865;47;0;1
FR;3;2022-10-11;0;0;0;0;0;0;0;0;0;4416798;3441656;4461;2;3613716;2865;47;0;1
FR;3;2022-10-12;0;0;0;0;0;0;0;0;0;4416798;3441656;4461;2;3613716;2865;47;0;1
FR;3;2022-10-13;0;0;0;0;0;0;0;0;0;4416798;3441656;4461;2;3613716;2865;47;0;1
FR;3;2022-10-14;0;0;0;0;0;0;0;0;0;4416798;3441656;4461;2;3613716;2865;47;0;1
FR;3;2022-10-15;0;0;0;0;0;0;0;0;0;4416798;3441656;4461;2;3613716;2865;47;0;1
FR;3;2022-10-16;0;0;0;0;0;0;0;0;0;4416798;3441656;4461;2;3613716;2865;47;0;1
FR;3;2022-10-17;0;0;0;0;0;0;0;0;0;4416798;3441656;4461;2;3613716;2865;47;0;1
FR;3;2022-10-18;0;0;0;0;0;0;0;0;0;4416798;3441656;4461;2;3613716;2865;47;0;1
FR;3;2022-10-19;0;0;0;0;0;0;0;0;0;4416798;3441656;4461;2;3613716;2865;47;0;1
FR;3;2022-10-20;0;0;0;0;0;0;0;0;0;4416798;3441656;4461;2;3613716;2865;47;0;1
FR;3;2022-10-21;0;0;0;0;0;0;0;0;0;4416798;3441656;4461;2;3613716;2865;47;0;1
FR;3;2022-10-22;0;0;0;0;0;0;0;0;0;4416798;3441656;4461;2;3613716;2865;47;0;1
FR;3;2022-10-23;0;0;0;0;0;0;0;0;0;4416798;3441656;4461;2;3613716;2865;47;0;1
FR;3;2022-10-24;0;0;0;0;0;0;0;0;0;4416798;3441656;4461;2;3613716;2865;47;0;1
FR;3;2022-10-25;0;0;0;0;0;0;0;0;0;4416798;3441656;4461;2;3613716;2865;47;0;1
FR;3;2022-10-26;0;0;0;0;0;0;0;0;0;4416798;3441656;4461;2;3613716;2865;47;0;1
FR;3;2022-10-27;0;0;0;0;0;0;0;0;0;4416798;3441656;4461;2;3613716;2865;47;0;1
FR;3;2022-10-28;0;0;0;0;0;0;0;0;0;4416798;3441656;4461;2;3613716;2865;47;0;1
FR;3;2022-10-29;0;0;0;0;0;0;0;0;0;4416798;3441656;4461;2;3613716;2865;47;0;1
FR;3;2022-10-30;0;0;0;0;0;0;0;0;0;4416798;3441656;4461;2;3613716;2865;47;0;1
FR;3;2022-10-31;0;0;0;0;0;0;0;0;0;4416798;3441656;4461;2;3613716;2865;47;0;1
FR;3;2022-11-01;0;0;0;0;0;0;0;0;0;4416798;3441656;4461;2;3613716;2865;47;0;1
FR;3;2022-11-02;0;0;0;0;0;0;0;0;0;4416798;3441656;4461;2;3613716;2865;47;0;1
FR;3;2022-11-03;0;0;0;0;0;0;0;0;0;4416798;3441656;4461;2;3613716;2865;47;0;1
FR;3;2022-11-04;0;0;0;0;0;0;0;0;0;4416798;3441656;4461;2;3613716;2865;47;0;1
FR;3;2022-11-05;0;0;0;0;0;0;0;0;0;4416798;3441656;4461;2;3613716;2865;47;0;1
FR;3;2022-11-06;0;0;0;0;0;0;0;0;0;4416798;3441656;4461;2;3613716;2865;47;0;1
FR;3;2022-11-07;0;0;0;0;0;0;0;0;0;4416798;3441656;4461;2;3613716;2865;47;0;1
FR;3;2022-11-08;1;0;0;0;0;0;0;0;0;4416799;3441656;4461;2;3613716;2865;47;0;1
FR;3;2022-11-09;0;0;0;0;0;0;0;0;0;4416799;3441656;4461;2;3613716;2865;47;0;1
FR;3;2022-11-10;0;0;0;0;0;0;0;0;0;4416799;3441656;4461;2;3613716;2865;47;0;1
FR;3;2022-11-11;0;0;0;0;0;0;0;0;0;4416799;3441656;4461;2;3613716;2865;47;0;1
FR;3;2022-11-12;0;0;0;0;0;0;0;0;0;4416799;3441656;4461;2;3613716;2865;47;0;1
FR;3;2022-11-13;0;0;0;0;0;0;0;0;0;4416799;3441656;4461;2;3613716;2865;47;0;1
FR;3;2022-11-14;0;0;0;0;0;0;0;0;0;4416799;3441656;4461;2;3613716;2865;47;0;1
FR;3;2022-11-15;0;0;0;0;0;0;0;0;0;4416799;3441656;4461;2;3613716;2865;47;0;1
FR;3;2022-11-16;0;0;0;0;0;0;0;0;0;4416799;3441656;4461;2;3613716;2865;47;0;1
FR;3;2022-11-17;0;0;0;0;0;0;0;0;0;4416799;3441656;4461;2;3613716;2865;47;0;1
FR;3;2022-11-18;0;0;0;0;0;0;0;0;0;4416799;3441656;4461;2;3613716;2865;47;0;1
FR;3;2022-11-19;0;0;0;0;0;0;0;0;0;4416799;3441656;4461;2;3613716;2865;47;0;1
FR;3;2022-11-20;0;0;0;0;0;0;0;0;0;4416799;3441656;4461;2;3613716;2865;47;0;1
FR;3;2022-11-21;0;0;0;0;0;0;0;0;0;4416799;3441656;4461;2;3613716;2865;47;0;1
FR;3;2022-11-22;0;0;0;0;0;0;0;0;0;4416799;3441656;4461;2;3613716;2865;47;0;1
FR;3;2022-11-23;0;0;0;0;0;0;0;0;0;4416799;3441656;4461;2;3613716;2865;47;0;1
FR;3;2022-11-24;0;0;0;0;0;0;0;0;0;4416799;3441656;4461;2;3613716;2865;47;0;1
FR;3;2022-11-25;0;0;0;0;0;0;0;0;0;4416799;3441656;4461;2;3613716;2865;47;0;1
FR;3;2022-11-26;0;0;0;0;0;0;0;0;0;4416799;3441656;4461;2;3613716;2865;47;0;1
FR;3;2022-11-27;0;0;0;0;0;0;0;0;0;4416799;3441656;4461;2;3613716;2865;47;0;1
FR;3;2022-11-28;0;0;0;0;0;0;0;0;0;4416799;3441656;4461;2;3613716;2865;47;0;1
FR;3;2022-11-29;0;0;0;0;0;0;0;0;0;4416799;3441656;4461;2;3613716;2865;47;0;1
FR;3;2022-11-30;0;0;0;0;0;0;0;0;0;4416799;3441656;4461;2;3613716;2865;47;0;1
FR;3;2022-12-01;0;0;0;0;0;0;0;0;0;4416799;3441656;4461;2;3613716;2865;47;0;1
FR;3;2022-12-02;0;0;0;0;0;0;0;0;0;4416799;3441656;4461;2;3613716;2865;47;0;1
FR;3;2022-12-03;0;0;0;0;0;0;0;0;0;4416799;3441656;4461;2;3613716;2865;47;0;1
FR;3;2022-12-04;0;0;0;0;0;0;0;0;0;4416799;3441656;4461;2;3613716;2865;47;0;1
FR;3;2022-12-05;0;0;0;0;0;0;0;0;0;4416799;3441656;4461;2;3613716;2865;47;0;1
FR;3;2022-12-06;0;0;0;0;0;0;0;0;0;4416799;3441656;4461;2;3613716;2865;47;0;1
FR;3;2022-12-07;0;0;0;0;0;0;0;0;0;4416799;3441656;4461;2;3613716;2865;47;0;1
FR;3;2022-12-08;0;0;0;0;0;0;0;0;0;4416799;3441656;4461;2;3613716;2865;47;0;1
FR;3;2022-12-09;0;0;0;0;0;0;0;0;0;4416799;3441656;4461;2;3613716;2865;47;0;1
FR;3;2022-12-10;0;0;0;0;0;0;0;0;0;4416799;3441656;4461;2;3613716;2865;47;0;1
FR;3;2022-12-11;0;0;0;0;0;0;0;0;0;4416799;3441656;4461;2;3613716;2865;47;0;1
FR;3;2022-12-12;0;0;0;0;0;0;0;0;0;4416799;3441656;4461;2;3613716;2865;47;0;1
FR;3;2022-12-13;0;0;0;0;0;0;0;0;0;4416799;3441656;4461;2;3613716;2865;47;0;1
FR;3;2022-12-14;0;0;0;0;0;0;0;0;0;4416799;3441656;4461;2;3613716;2865;47;0;1
FR;3;2022-12-15;0;0;0;0;0;0;0;0;0;4416799;3441656;4461;2;3613716;2865;47;0;1
FR;3;2022-12-16;0;0;0;0;0;0;0;0;0;4416799;3441656;4461;2;3613716;2865;47;0;1
FR;3;2022-12-17;0;0;0;0;0;0;0;0;0;4416799;3441656;4461;2;3613716;2865;47;0;1
FR;3;2022-12-18;0;0;0;0;0;0;0;0;0;4416799;3441656;4461;2;3613716;2865;47;0;1
FR;3;2022-12-19;0;0;0;0;0;0;0;0;0;4416799;3441656;4461;2;3613716;2865;47;0;1
FR;3;2022-12-20;0;0;0;0;0;0;0;0;0;4416799;3441656;4461;2;3613716;2865;47;0;1
FR;3;2022-12-21;0;0;0;0;0;0;0;0;0;4416799;3441656;4461;2;3613716;2865;47;0;1
FR;3;2022-12-22;0;0;0;0;0;0;0;0;0;4416799;3441656;4461;2;3613716;2865;47;0;1
FR;3;2022-12-23;0;0;0;0;0;0;0;0;0;4416799;3441656;4461;2;3613716;2865;47;0;1
FR;3;2022-12-24;0;0;0;0;0;0;0;0;0;4416799;3441656;4461;2;3613716;2865;47;0;1
FR;3;2022-12-25;0;0;0;0;0;0;0;0;0;4416799;3441656;4461;2;3613716;2865;47;0;1
FR;3;2022-12-26;0;0;0;0;0;0;0;0;0;4416799;3441656;4461;2;3613716;2865;47;0;1
FR;3;2022-12-27;0;0;0;0;0;0;0;0;0;4416799;3441656;4461;2;3613716;2865;47;0;1
FR;3;2022-12-28;0;0;0;0;0;0;0;0;0;4416799;3441656;4461;2;3613716;2865;47;0;1
FR;3;2022-12-29;0;0;0;0;0;0;0;0;0;4416799;3441656;4461;2;3613716;2865;47;0;1
FR;3;2022-12-30;0;0;0;0;0;0;0;0;0;4416799;3441656;4461;2;3613716;2865;47;0;1
FR;3;2022-12-31;0;0;0;0;0;0;0;0;0;4416799;3441656;4461;2;3613716;2865;47;0;1
FR;3;2023-01-01;0;0;0;0;0;0;0;0;0;4416799;3441656;4461;2;3613716;2865;47;0;1
FR;3;2023-01-02;0;0;0;0;0;0;0;0;0;4416799;3441656;4461;2;3613716;2865;47;0;1
FR;3;2023-01-03;0;0;0;0;0;0;0;0;0;4416799;3441656;4461;2;3613716;2865;47;0;1
FR;3;2023-01-04;0;0;0;0;0;0;0;0;0;4416799;3441656;4461;2;3613716;2865;47;0;1
FR;3;2023-01-05;0;0;0;0;0;0;0;0;0;4416799;3441656;4461;2;3613716;2865;47;0;1
FR;3;2023-01-06;0;0;0;0;0;0;0;0;0;4416799;3441656;4461;2;3613716;2865;47;0;1
FR;3;2023-01-07;0;0;0;0;0;0;0;0;0;4416799;3441656;4461;2;3613716;2865;47;0;1
FR;3;2023-01-08;0;0;0;0;0;0;0;0;0;4416799;3441656;4461;2;3613716;2865;47;0;1
FR;3;2023-01-09;0;0;0;0;0;0;0;0;0;4416799;3441656;4461;2;3613716;2865;47;0;1
FR;3;2023-01-10;0;0;0;0;0;0;0;0;0;4416799;3441656;4461;2;3613716;2865;47;0;1
FR;3;2023-01-11;0;0;0;0;0;0;0;0;0;4416799;3441656;4461;2;3613716;2865;47;0;1
FR;3;2023-01-12;0;0;0;0;0;0;0;0;0;4416799;3441656;4461;2;3613716;2865;47;0;1
FR;3;2023-01-13;0;0;0;0;0;0;0;0;0;4416799;3441656;4461;2;3613716;2865;47;0;1
FR;3;2023-01-14;0;0;0;0;0;0;0;0;0;4416799;3441656;4461;2;3613716;2865;47;0;1
FR;3;2023-01-15;0;0;0;0;0;0;0;0;0;4416799;3441656;4461;2;3613716;2865;47;0;1
FR;3;2023-01-16;0;0;0;0;0;0;0;0;0;4416799;3441656;4461;2;3613716;2865;47;0;1
FR;3;2023-01-17;0;0;0;0;0;0;0;0;0;4416799;3441656;4461;2;3613716;2865;47;0;1
FR;3;2023-01-18;0;0;0;0;0;0;0;0;0;4416799;3441656;4461;2;3613716;2865;47;0;1
FR;3;2023-01-19;0;0;0;0;0;0;0;0;0;4416799;3441656;4461;2;3613716;2865;47;0;1
FR;3;2023-01-20;0;0;0;0;0;0;0;0;0;4416799;3441656;4461;2;3613716;2865;47;0;1
FR;3;2023-01-21;0;0;0;0;0;0;0;0;0;4416799;3441656;4461;2;3613716;2865;47;0;1
FR;3;2023-01-22;0;0;0;0;0;0;0;0;0;4416799;3441656;4461;2;3613716;2865;47;0;1
FR;3;2023-01-23;0;0;0;0;0;0;0;0;0;4416799;3441656;4461;2;3613716;2865;47;0;1
FR;3;2023-01-24;0;0;0;0;0;0;0;0;0;4416799;3441656;4461;2;3613716;2865;47;0;1
FR;3;2023-01-25;1;0;0;0;0;0;0;0;0;4416800;3441656;4461;2;3613716;2865;47;0;1
FR;3;2023-01-26;0;0;0;0;0;0;0;0;0;4416800;3441656;4461;2;3613716;2865;47;0;1
FR;3;2023-01-27;0;0;0;0;0;0;0;0;0;4416800;3441656;4461;2;3613716;2865;47;0;1
FR;3;2023-01-28;0;0;0;0;0;0;0;0;0;4416800;3441656;4461;2;3613716;2865;47;0;1
FR;3;2023-01-29;0;0;0;0;0;0;0;0;0;4416800;3441656;4461;2;3613716;2865;47;0;1
FR;3;2023-01-30;0;0;0;0;0;0;0;0;0;4416800;3441656;4461;2;3613716;2865;47;0;1
FR;3;2023-01-31;0;0;0;0;0;0;0;0;0;4416800;3441656;4461;2;3613716;2865;47;0;1
FR;3;2023-02-01;0;0;0;0;0;0;0;0;0;4416800;3441656;4461;2;3613716;2865;47;0;1
FR;3;2023-02-02;0;0;0;0;0;0;0;0;0;4416800;3441656;4461;2;3613716;2865;47;0;1
FR;4;2020-12-27;0;0;0;0;0;0;0;0;0;0;0;0;0;0;0;0;0;0
FR;4;2020-12-28;0;0;0;0;0;0;0;0;0;0;0;0;0;0;0;0;0;0
FR;4;2020-12-29;0;0;0;0;0;0;0;0;0;0;0;0;0;0;0;0;0;0
FR;4;2020-12-30;0;0;0;0;0;0;0;0;0;0;0;0;0;0;0;0;0;0
FR;4;2020-12-31;0;0;0;0;0;0;0;0;0;0;0;0;0;0;0;0;0;0
FR;4;2021-01-01;0;0;0;0;0;0;0;0;0;0;0;0;0;0;0;0;0;0
FR;4;2021-01-02;0;0;0;0;0;0;0;0;0;0;0;0;0;0;0;0;0;0
FR;4;2021-01-03;0;0;0;0;0;0;0;0;0;0;0;0;0;0;0;0;0;0
FR;4;2021-01-04;0;0;0;0;0;0;0;0;0;0;0;0;0;0;0;0;0;0
FR;4;2021-01-05;0;0;0;0;0;0;0;0;0;0;0;0;0;0;0;0;0;0
FR;4;2021-01-06;0;0;0;0;0;0;0;0;0;0;0;0;0;0;0;0;0;0
FR;4;2021-01-07;0;0;0;0;0;0;0;0;0;0;0;0;0;0;0;0;0;0
FR;4;2021-01-08;0;0;0;0;0;0;0;0;0;0;0;0;0;0;0;0;0;0
FR;4;2021-01-09;0;0;0;0;0;0;0;0;0;0;0;0;0;0;0;0;0;0
FR;4;2021-01-10;0;0;0;0;0;0;0;0;0;0;0;0;0;0;0;0;0;0
FR;4;2021-01-11;0;0;0;0;0;0;0;0;0;0;0;0;0;0;0;0;0;0
FR;4;2021-01-12;0;0;0;0;0;0;0;0;0;0;0;0;0;0;0;0;0;0
FR;4;2021-01-13;0;0;0;0;0;0;0;0;0;0;0;0;0;0;0;0;0;0
FR;4;2021-01-14;0;0;0;0;0;0;0;0;0;0;0;0;0;0;0;0;0;0
FR;4;2021-01-15;0;0;0;0;0;0;0;0;0;0;0;0;0;0;0;0;0;0
FR;4;2021-01-16;0;0;0;0;0;0;0;0;0;0;0;0;0;0;0;0;0;0
FR;4;2021-01-17;0;0;0;0;0;0;0;0;0;0;0;0;0;0;0;0;0;0
FR;4;2021-01-18;0;0;0;0;0;0;0;0;0;0;0;0;0;0;0;0;0;0
FR;4;2021-01-19;0;0;0;0;0;0;0;0;0;0;0;0;0;0;0;0;0;0
FR;4;2021-01-20;0;0;0;0;0;0;0;0;0;0;0;0;0;0;0;0;0;0
FR;4;2021-01-21;0;0;0;0;0;0;0;0;0;0;0;0;0;0;0;0;0;0
FR;4;2021-01-22;0;0;0;0;0;0;0;0;0;0;0;0;0;0;0;0;0;0
FR;4;2021-01-23;0;0;0;0;0;0;0;0;0;0;0;0;0;0;0;0;0;0
FR;4;2021-01-24;0;0;0;0;0;0;0;0;0;0;0;0;0;0;0;0;0;0
FR;4;2021-01-25;0;0;0;0;0;0;0;0;0;0;0;0;0;0;0;0;0;0
FR;4;2021-01-26;0;0;0;0;0;0;0;0;0;0;0;0;0;0;0;0;0;0
FR;4;2021-01-27;0;0;0;0;0;0;0;0;0;0;0;0;0;0;0;0;0;0
FR;4;2021-01-28;0;0;0;0;0;0;0;0;0;0;0;0;0;0;0;0;0;0
FR;4;2021-01-29;0;0;0;0;0;0;0;0;0;0;0;0;0;0;0;0;0;0
FR;4;2021-01-30;0;0;0;0;0;0;0;0;0;0;0;0;0;0;0;0;0;0
FR;4;2021-01-31;0;0;0;0;0;0;0;0;0;0;0;0;0;0;0;0;0;0
FR;4;2021-02-01;0;0;0;0;0;0;0;0;0;0;0;0;0;0;0;0;0;0
FR;4;2021-02-02;0;0;0;0;0;0;0;0;0;0;0;0;0;0;0;0;0;0
FR;4;2021-02-03;0;0;0;0;0;0;0;0;0;0;0;0;0;0;0;0;0;0
FR;4;2021-02-04;0;0;0;0;0;0;0;0;0;0;0;0;0;0;0;0;0;0
FR;4;2021-02-05;0;0;0;0;0;0;0;0;0;0;0;0;0;0;0;0;0;0
FR;4;2021-02-06;0;0;0;0;0;0;0;0;0;0;0;0;0;0;0;0;0;0
FR;4;2021-02-07;0;0;0;0;0;0;0;0;0;0;0;0;0;0;0;0;0;0
FR;4;2021-02-08;0;0;0;0;0;0;0;0;0;0;0;0;0;0;0;0;0;0
FR;4;2021-02-09;0;0;0;0;0;0;0;0;0;0;0;0;0;0;0;0;0;0
FR;4;2021-02-10;0;0;0;0;0;0;0;0;0;0;0;0;0;0;0;0;0;0
FR;4;2021-02-11;0;0;0;0;0;0;0;0;0;0;0;0;0;0;0;0;0;0
FR;4;2021-02-12;0;0;0;0;0;0;0;0;0;0;0;0;0;0;0;0;0;0
FR;4;2021-02-13;0;0;0;0;0;0;0;0;0;0;0;0;0;0;0;0;0;0
FR;4;2021-02-14;0;0;0;0;0;0;0;0;0;0;0;0;0;0;0;0;0;0
FR;4;2021-02-15;0;0;0;0;0;0;0;0;0;0;0;0;0;0;0;0;0;0
FR;4;2021-02-16;0;0;0;0;0;0;0;0;0;0;0;0;0;0;0;0;0;0
FR;4;2021-02-17;0;0;0;0;0;0;0;0;0;0;0;0;0;0;0;0;0;0
FR;4;2021-02-18;0;0;0;0;0;0;0;0;0;0;0;0;0;0;0;0;0;0
FR;4;2021-02-19;0;0;0;0;0;0;0;0;0;0;0;0;0;0;0;0;0;0
FR;4;2021-02-20;0;0;0;0;0;0;0;0;0;0;0;0;0;0;0;0;0;0
FR;4;2021-02-21;0;0;0;0;0;0;0;0;0;0;0;0;0;0;0;0;0;0
FR;4;2021-02-22;0;0;0;0;0;0;0;0;0;0;0;0;0;0;0;0;0;0
FR;4;2021-02-23;0;0;0;0;0;0;0;0;0;0;0;0;0;0;0;0;0;0
FR;4;2021-02-24;0;0;0;0;0;0;0;0;0;0;0;0;0;0;0;0;0;0
FR;4;2021-02-25;0;0;0;0;0;0;0;0;0;0;0;0;0;0;0;0;0;0
FR;4;2021-02-26;0;0;0;0;0;0;0;0;0;0;0;0;0;0;0;0;0;0
FR;4;2021-02-27;0;0;0;0;0;0;0;0;0;0;0;0;0;0;0;0;0;0
FR;4;2021-02-28;0;0;0;0;0;0;0;0;0;0;0;0;0;0;0;0;0;0
FR;4;2021-03-01;0;0;0;0;0;0;0;0;0;0;0;0;0;0;0;0;0;0
FR;4;2021-03-02;0;0;0;0;0;0;0;0;0;0;0;0;0;0;0;0;0;0
FR;4;2021-03-03;0;0;0;0;0;0;0;0;0;0;0;0;0;0;0;0;0;0
FR;4;2021-03-04;0;0;0;0;0;0;0;0;0;0;0;0;0;0;0;0;0;0
FR;4;2021-03-05;0;0;0;0;0;0;0;0;0;0;0;0;0;0;0;0;0;0
FR;4;2021-03-06;0;0;0;0;0;0;0;0;0;0;0;0;0;0;0;0;0;0
FR;4;2021-03-07;0;0;0;0;0;0;0;0;0;0;0;0;0;0;0;0;0;0
FR;4;2021-03-08;0;0;0;0;0;0;0;0;0;0;0;0;0;0;0;0;0;0
FR;4;2021-03-09;0;0;0;0;0;0;0;0;0;0;0;0;0;0;0;0;0;0
FR;4;2021-03-10;0;0;0;0;0;0;0;0;0;0;0;0;0;0;0;0;0;0
FR;4;2021-03-11;0;0;0;0;0;0;0;0;0;0;0;0;0;0;0;0;0;0
FR;4;2021-03-12;0;0;0;0;0;0;0;0;0;0;0;0;0;0;0;0;0;0
FR;4;2021-03-13;0;0;0;0;0;0;0;0;0;0;0;0;0;0;0;0;0;0
FR;4;2021-03-14;0;0;0;0;0;0;0;0;0;0;0;0;0;0;0;0;0;0
FR;4;2021-03-15;0;0;0;0;0;0;0;0;0;0;0;0;0;0;0;0;0;0
FR;4;2021-03-16;0;0;0;0;0;0;0;0;0;0;0;0;0;0;0;0;0;0
FR;4;2021-03-17;0;0;0;0;0;0;0;0;0;0;0;0;0;0;0;0;0;0
FR;4;2021-03-18;0;0;0;0;0;0;0;0;0;0;0;0;0;0;0;0;0;0
FR;4;2021-03-19;0;0;0;0;0;0;0;0;0;0;0;0;0;0;0;0;0;0
FR;4;2021-03-20;0;0;0;0;0;0;0;0;0;0;0;0;0;0;0;0;0;0
FR;4;2021-03-21;0;0;0;0;0;0;0;0;0;0;0;0;0;0;0;0;0;0
FR;4;2021-03-22;0;0;0;0;0;0;0;0;0;0;0;0;0;0;0;0;0;0
FR;4;2021-03-23;0;0;0;0;0;0;0;0;0;0;0;0;0;0;0;0;0;0
FR;4;2021-03-24;0;0;0;0;0;0;0;0;0;0;0;0;0;0;0;0;0;0
FR;4;2021-03-25;0;0;0;0;0;0;0;0;0;0;0;0;0;0;0;0;0;0
FR;4;2021-03-26;0;0;0;0;0;0;0;0;0;0;0;0;0;0;0;0;0;0
FR;4;2021-03-27;0;0;0;0;0;0;0;0;0;0;0;0;0;0;0;0;0;0
FR;4;2021-03-28;0;0;0;0;0;0;0;0;0;0;0;0;0;0;0;0;0;0
FR;4;2021-03-29;0;0;0;0;0;0;0;0;0;0;0;0;0;0;0;0;0;0
FR;4;2021-03-30;0;0;0;0;0;0;0;0;0;0;0;0;0;0;0;0;0;0
FR;4;2021-03-31;0;0;0;0;0;0;0;0;0;0;0;0;0;0;0;0;0;0
FR;4;2021-04-01;0;0;0;0;0;0;0;0;0;0;0;0;0;0;0;0;0;0
FR;4;2021-04-02;0;0;0;0;0;0;0;0;0;0;0;0;0;0;0;0;0;0
FR;4;2021-04-03;0;0;0;0;0;0;0;0;0;0;0;0;0;0;0;0;0;0
FR;4;2021-04-04;0;0;0;0;0;0;0;0;0;0;0;0;0;0;0;0;0;0
FR;4;2021-04-05;0;0;0;0;0;0;0;0;0;0;0;0;0;0;0;0;0;0
FR;4;2021-04-06;0;0;0;0;0;0;0;0;0;0;0;0;0;0;0;0;0;0
FR;4;2021-04-07;0;0;0;0;0;0;0;0;0;0;0;0;0;0;0;0;0;0
FR;4;2021-04-08;0;0;0;0;0;0;0;0;0;0;0;0;0;0;0;0;0;0
FR;4;2021-04-09;0;0;0;0;0;0;0;0;0;0;0;0;0;0;0;0;0;0
FR;4;2021-04-10;0;0;0;0;0;0;0;0;0;0;0;0;0;0;0;0;0;0
FR;4;2021-04-11;0;0;0;0;0;0;0;0;0;0;0;0;0;0;0;0;0;0
FR;4;2021-04-12;0;0;0;0;0;0;0;0;0;0;0;0;0;0;0;0;0;0
FR;4;2021-04-13;0;0;0;0;0;0;0;0;0;0;0;0;0;0;0;0;0;0
FR;4;2021-04-14;0;0;0;0;0;0;0;0;0;0;0;0;0;0;0;0;0;0
FR;4;2021-04-15;0;0;0;0;0;0;0;0;0;0;0;0;0;0;0;0;0;0
FR;4;2021-04-16;0;0;0;0;0;0;0;0;0;0;0;0;0;0;0;0;0;0
FR;4;2021-04-17;0;0;0;0;0;0;0;0;0;0;0;0;0;0;0;0;0;0
FR;4;2021-04-18;0;0;0;0;0;0;0;0;0;0;0;0;0;0;0;0;0;0
FR;4;2021-04-19;0;0;0;0;0;0;0;0;0;0;0;0;0;0;0;0;0;0
FR;4;2021-04-20;0;0;0;0;0;0;0;0;0;0;0;0;0;0;0;0;0;0
FR;4;2021-04-21;0;0;0;0;0;0;0;0;0;0;0;0;0;0;0;0;0;0
FR;4;2021-04-22;0;0;0;0;0;0;0;0;0;0;0;0;0;0;0;0;0;0
FR;4;2021-04-23;3664;0;0;0;3626;0;0;0;0;3664;0;0;0;3626;0;0;0;0
FR;4;2021-04-24;1569;1;0;0;1558;0;0;0;0;5233;1;0;0;5184;0;0;0;0
FR;4;2021-04-25;125;0;0;0;125;0;0;0;0;5358;1;0;0;5309;0;0;0;0
FR;4;2021-04-26;2871;1;0;0;2860;0;0;0;0;8229;2;0;0;8169;0;0;0;0
FR;4;2021-04-27;9520;3;0;0;9501;0;0;0;0;17749;5;0;0;17670;0;0;0;0
FR;4;2021-04-28;9910;6;0;0;9885;0;0;0;0;27659;11;0;0;27555;0;0;0;0
FR;4;2021-04-29;15996;8;0;0;15980;0;0;0;0;43655;19;0;0;43535;0;0;0;0
FR;4;2021-04-30;19233;10;0;0;19204;0;0;0;0;62888;29;0;0;62739;0;0;0;0
FR;4;2021-05-01;1994;6;0;0;1992;0;0;0;0;64882;35;0;0;64731;0;0;0;0
FR;4;2021-05-02;484;0;0;0;482;0;0;0;0;65366;35;0;0;65213;0;0;0;0
FR;4;2021-05-03;5067;2;0;0;5060;0;0;0;0;70433;37;0;0;70273;0;0;0;0
FR;4;2021-05-04;8411;11;0;0;8400;0;0;0;0;78844;48;0;0;78673;0;0;0;0
FR;4;2021-05-05;6193;7;0;0;6188;0;0;0;0;85037;55;0;0;84861;0;0;0;0
FR;4;2021-05-06;11388;11;0;0;11385;0;0;0;0;96425;66;0;0;96246;0;0;0;0
FR;4;2021-05-07;19126;9;0;0;19087;0;0;0;0;115551;75;0;0;115333;0;0;0;0
FR;4;2021-05-08;2377;6;0;0;2381;0;0;0;0;117928;81;0;0;117714;0;0;0;0
FR;4;2021-05-09;692;3;0;0;693;0;0;0;0;118620;84;0;0;118407;0;0;0;0
FR;4;2021-05-10;7245;5;1;0;7242;0;0;0;0;125865;89;1;0;125649;0;0;0;0
FR;4;2021-05-11;14325;13;0;0;14305;0;0;0;0;140190;102;1;0;139954;0;0;0;0
FR;4;2021-05-12;10176;15;0;0;10179;0;0;0;0;150366;117;1;0;150133;0;0;0;0
FR;4;2021-05-13;1584;4;0;0;1585;0;0;0;0;151950;121;1;0;151718;0;0;0;0
FR;4;2021-05-14;7768;7;0;0;7763;0;0;0;0;159718;128;1;0;159481;0;0;0;0
FR;4;2021-05-15;3721;8;1;0;3720;0;0;0;0;163439;136;2;0;163201;0;0;0;0
FR;4;2021-05-16;417;1;0;0;417;0;0;0;0;163856;137;2;0;163618;0;0;0;0
FR;4;2021-05-17;4485;7;0;0;4484;0;0;0;0;168341;144;2;0;168102;0;0;0;0
FR;4;2021-05-18;8768;10;0;0;8768;0;0;0;0;177109;154;2;0;176870;0;0;0;0
FR;4;2021-05-19;5699;7;0;0;5701;0;0;0;0;182808;161;2;0;182571;0;0;0;0
FR;4;2021-05-20;9487;8;0;0;9479;0;0;0;0;192295;169;2;0;192050;0;0;0;0
FR;4;2021-05-21;12816;30;0;0;12823;0;0;0;0;205111;199;2;0;204873;0;0;0;0
FR;4;2021-05-22;5061;15;0;0;5068;0;0;0;0;210172;214;2;0;209941;0;0;0;0
FR;4;2021-05-23;498;4;0;0;501;0;0;0;0;210670;218;2;0;210442;0;0;0;0
FR;4;2021-05-24;1062;7;0;0;1066;0;0;0;0;211732;225;2;0;211508;0;0;0;0
FR;4;2021-05-25;7637;16;0;0;7643;0;0;0;0;219369;241;2;0;219151;0;0;0;0
FR;4;2021-05-26;7731;16;0;0;7739;0;0;0;0;227100;257;2;0;226890;0;0;0;0
FR;4;2021-05-27;14338;35;0;0;14347;0;0;0;0;241438;292;2;0;241237;0;0;0;0
FR;4;2021-05-28;26593;82;1;0;26634;0;0;0;0;268031;374;3;0;267871;0;0;0;0
FR;4;2021-05-29;11385;19;0;0;11385;0;0;0;0;279416;393;3;0;279256;0;0;0;0
FR;4;2021-05-30;974;7;0;0;973;0;0;0;0;280390;400;3;0;280229;0;0;0;0
FR;4;2021-05-31;12700;21;0;0;12700;0;0;0;0;293090;421;3;0;292929;0;0;0;0
FR;4;2021-06-01;20283;48;1;0;20301;0;0;0;0;313373;469;4;0;313230;0;0;0;0
FR;4;2021-06-02;14526;33;0;0;14538;0;0;0;0;327899;502;4;0;327768;0;0;0;0
FR;4;2021-06-03;19436;24;1;0;19434;0;0;0;0;347335;526;5;0;347202;0;0;0;0
FR;4;2021-06-04;22520;48;0;0;22538;0;0;0;0;369855;574;5;0;369740;0;0;0;0
FR;4;2021-06-05;9717;32;0;0;9721;0;0;0;0;379572;606;5;0;379461;0;0;0;0
FR;4;2021-06-06;1041;2;0;0;1037;0;0;0;0;380613;608;5;0;380498;0;0;0;0
FR;4;2021-06-07;9230;19;0;0;9238;0;0;0;0;389843;627;5;0;389736;0;0;0;0
FR;4;2021-06-08;14614;32;0;0;14626;0;0;0;0;404457;659;5;0;404362;0;0;0;0
FR;4;2021-06-09;12217;25;0;0;12225;0;0;0;0;416674;684;5;0;416587;0;0;0;0
FR;4;2021-06-10;15407;30;0;0;15415;0;0;0;0;432081;714;5;0;432002;0;0;0;0
FR;4;2021-06-11;16989;57;0;0;17016;0;0;0;0;449070;771;5;0;449018;0;0;0;0
FR;4;2021-06-12;7453;27;0;0;7478;0;0;0;0;456523;798;5;0;456496;0;0;0;0
FR;4;2021-06-13;908;3;0;0;910;0;0;0;0;457431;801;5;0;457406;0;0;0;0
FR;4;2021-06-14;6652;27;0;0;6662;0;0;0;0;464083;828;5;0;464068;0;0;0;0
FR;4;2021-06-15;10895;39;0;0;10912;0;0;0;0;474978;867;5;0;474980;0;0;0;0
FR;4;2021-06-16;8909;17;0;0;8917;0;0;0;0;483887;884;5;0;483897;0;0;0;0
FR;4;2021-06-17;10903;36;0;0;10915;0;0;0;0;494790;920;5;0;494812;0;0;0;0
FR;4;2021-06-18;12427;45;0;0;12454;0;0;0;0;507217;965;5;0;507266;0;0;0;0
FR;4;2021-06-19;5568;25;0;0;5588;0;0;0;0;512785;990;5;0;512854;0;0;0;0
FR;4;2021-06-20;828;5;0;0;832;0;0;0;0;513613;995;5;0;513686;0;0;0;0
FR;4;2021-06-21;5103;21;0;0;5103;0;0;0;0;518716;1016;5;0;518789;0;0;0;0
FR;4;2021-06-22;7914;29;2;0;7932;0;0;0;0;526630;1045;7;0;526721;0;0;0;0
FR;4;2021-06-23;7106;43;2;0;7133;0;0;0;0;533736;1088;9;0;533854;0;0;0;0
FR;4;2021-06-24;8656;46;1;0;8688;0;0;0;0;542392;1134;10;0;542542;0;0;0;0
FR;4;2021-06-25;10178;41;2;0;10210;0;0;0;0;552570;1175;12;0;552752;0;0;0;0
FR;4;2021-06-26;4853;21;0;0;4870;0;0;0;0;557423;1196;12;0;557622;0;0;0;0
FR;4;2021-06-27;769;4;0;0;771;0;0;0;0;558192;1200;12;0;558393;0;0;0;0
FR;4;2021-06-28;4834;16;1;0;4842;0;0;0;0;563026;1216;13;0;563235;0;0;0;0
FR;4;2021-06-29;7111;28;2;0;7120;0;0;0;0;570137;1244;15;0;570355;0;0;0;0
FR;4;2021-06-30;6727;40;2;0;6755;0;0;0;0;576864;1284;17;0;577110;0;0;0;0
FR;4;2021-07-01;8212;42;0;0;8234;0;0;0;0;585076;1326;17;0;585344;0;0;0;0
FR;4;2021-07-02;9430;53;1;0;9470;0;0;0;0;594506;1379;18;0;594814;0;0;0;0
FR;4;2021-07-03;4847;20;0;0;4862;0;0;0;0;599353;1399;18;0;599676;0;0;0;0
FR;4;2021-07-04;690;5;0;0;692;0;0;0;0;600043;1404;18;0;600368;0;0;0;0
FR;4;2021-07-05;4772;19;2;0;4783;0;0;0;0;604815;1423;20;0;605151;0;0;0;0
FR;4;2021-07-06;7729;29;4;0;7742;0;0;0;0;612544;1452;24;0;612893;0;0;0;0
FR;4;2021-07-07;7088;34;2;0;7100;0;0;0;0;619632;1486;26;0;619993;0;0;0;0
FR;4;2021-07-08;9234;40;2;0;9257;0;0;0;0;628866;1526;28;0;629250;0;0;0;0
FR;4;2021-07-09;10282;34;1;0;10305;0;0;0;0;639148;1560;29;0;639555;0;0;0;0
FR;4;2021-07-10;4639;14;2;0;4646;0;0;0;0;643787;1574;31;0;644201;0;0;0;0
FR;4;2021-07-11;583;4;1;0;581;0;0;0;0;644370;1578;32;0;644782;0;0;0;0
FR;4;2021-07-12;5877;29;0;0;5899;0;0;0;0;650247;1607;32;0;650681;0;0;0;0
FR;4;2021-07-13;14231;29;0;0;14249;0;0;0;0;664478;1636;32;0;664930;0;0;0;0
FR;4;2021-07-14;2291;15;0;0;2291;0;0;0;0;666769;1651;32;0;667221;0;0;0;0
FR;4;2021-07-15;18238;37;0;0;18255;0;0;0;0;685007;1688;32;0;685476;0;0;0;0
FR;4;2021-07-16;22838;71;2;0;22888;0;0;0;0;707845;1759;34;0;708364;0;0;0;0
FR;4;2021-07-17;9741;20;0;0;9749;0;0;0;0;717586;1779;34;0;718113;0;0;0;0
FR;4;2021-07-18;1358;5;0;0;1361;0;0;0;0;718944;1784;34;0;719474;0;0;0;0
FR;4;2021-07-19;12991;30;1;0;13016;0;0;0;0;731935;1814;35;0;732490;0;0;0;0
FR;4;2021-07-20;17344;26;1;0;17360;0;0;0;0;749279;1840;36;0;749850;0;0;0;0
FR;4;2021-07-21;15622;33;0;0;15642;0;0;0;0;764901;1873;36;0;765492;0;0;0;0
FR;4;2021-07-22;18247;45;2;0;18271;0;0;0;0;783148;1918;38;0;783763;0;0;0;0
FR;4;2021-07-23;20419;57;7;0;20452;0;0;0;0;803567;1975;45;0;804215;0;0;0;0
FR;4;2021-07-24;9290;34;0;0;9305;0;0;0;0;812857;2009;45;0;813520;0;0;0;0
FR;4;2021-07-25;1356;11;0;0;1358;0;0;0;0;814213;2020;45;0;814878;0;0;0;0
FR;4;2021-07-26;11049;23;0;0;11056;0;0;0;0;825262;2043;45;0;825934;0;0;0;0
FR;4;2021-07-27;14687;35;3;0;14707;0;0;0;0;839949;2078;48;0;840641;0;0;0;0
FR;4;2021-07-28;12936;26;2;0;12953;0;0;0;0;852885;2104;50;0;853594;0;0;0;0
FR;4;2021-07-29;14096;54;4;0;14137;0;0;0;0;866981;2158;54;0;867731;0;0;0;0
FR;4;2021-07-30;15502;46;2;0;15533;0;0;0;0;882483;2204;56;0;883264;0;0;0;0
FR;4;2021-07-31;6845;14;2;0;6855;0;0;0;0;889328;2218;58;0;890119;0;0;0;0
FR;4;2021-08-01;906;1;0;0;901;0;0;0;0;890234;2219;58;0;891020;0;0;0;0
FR;4;2021-08-02;7917;31;0;0;7918;0;0;0;0;898151;2250;58;0;898938;0;0;0;0
FR;4;2021-08-03;10804;31;2;0;10800;0;0;0;0;908955;2281;60;0;909738;0;0;0;0
FR;4;2021-08-04;9749;29;0;0;9748;0;0;0;0;918704;2310;60;0;919486;0;0;0;0
FR;4;2021-08-05;9831;42;0;0;9837;0;0;0;0;928535;2352;60;0;929323;0;0;0;0
FR;4;2021-08-06;10201;30;3;0;10198;0;0;0;0;938736;2382;63;0;939521;0;0;0;0
FR;4;2021-08-07;5100;30;1;0;5116;0;0;0;0;943836;2412;64;0;944637;0;0;0;0
FR;4;2021-08-08;1224;13;0;0;1227;0;0;0;0;945060;2425;64;0;945864;0;0;0;0
FR;4;2021-08-09;6350;31;0;0;6343;0;0;0;0;951410;2456;64;0;952207;0;0;0;0
FR;4;2021-08-10;8753;18;0;0;8724;0;0;0;0;960163;2474;64;0;960931;0;0;0;0
FR;4;2021-08-11;7944;34;4;0;7933;0;0;0;0;968107;2508;68;0;968864;0;0;0;0
FR;4;2021-08-12;8585;31;1;0;8573;0;0;0;0;976692;2539;69;0;977437;0;0;0;0
FR;4;2021-08-13;7559;25;0;1;7546;0;0;0;0;984251;2564;69;1;984983;0;0;0;0
FR;4;2021-08-14;3793;20;0;0;3777;0;0;0;0;988044;2584;69;1;988760;0;0;0;0
FR;4;2021-08-15;771;5;0;0;773;0;0;0;0;988815;2589;69;1;989533;0;0;0;0
FR;4;2021-08-16;4009;17;0;0;4004;0;0;0;0;992824;2606;69;1;993537;0;0;0;0
FR;4;2021-08-17;5631;17;1;0;5621;0;0;0;0;998455;2623;70;1;999158;0;0;0;0
FR;4;2021-08-18;5171;37;0;0;5188;0;0;0;0;1003626;2660;70;1;1004346;0;0;0;0
FR;4;2021-08-19;5488;34;3;0;5502;0;0;0;0;1009114;2694;73;1;1009848;0;0;0;0
FR;4;2021-08-20;5225;25;1;0;5235;0;0;0;0;1014339;2719;74;1;1015083;0;0;0;0
FR;4;2021-08-21;2311;22;1;0;2327;0;0;0;0;1016650;2741;75;1;1017410;0;0;0;0
FR;4;2021-08-22;414;2;0;0;415;0;0;0;0;1017064;2743;75;1;1017825;0;0;0;0
FR;4;2021-08-23;2935;21;1;0;2943;0;0;0;0;1019999;2764;76;1;1020768;0;0;0;0
FR;4;2021-08-24;3758;16;0;0;3761;0;0;0;0;1023757;2780;76;1;1024529;0;0;0;0
FR;4;2021-08-25;3545;25;1;0;3561;0;0;0;0;1027302;2805;77;1;1028090;0;0;0;0
FR;4;2021-08-26;3716;21;2;0;3728;0;0;0;0;1031018;2826;79;1;1031818;0;0;0;0
FR;4;2021-08-27;3617;31;2;0;3635;0;0;0;0;1034635;2857;81;1;1035453;0;0;0;0
FR;4;2021-08-28;1732;10;1;0;1737;0;0;0;0;1036367;2867;82;1;1037190;0;0;0;0
FR;4;2021-08-29;385;7;1;0;389;0;0;0;0;1036752;2874;83;1;1037579;0;0;0;0
FR;4;2021-08-30;2010;25;0;0;2018;16;0;0;0;1038762;2899;83;1;1039597;16;0;0;0
FR;4;2021-08-31;2486;21;0;0;2493;14;0;0;0;1041248;2920;83;1;1042090;30;0;0;0
FR;4;2021-09-01;2085;38;1;0;2096;22;0;0;0;1043333;2958;84;1;1044186;52;0;0;0
FR;4;2021-09-02;2308;31;4;0;2321;18;0;0;0;1045641;2989;88;1;1046507;70;0;0;0
FR;4;2021-09-03;2365;44;5;0;2374;36;0;0;0;1048006;3033;93;1;1048881;106;0;0;0
FR;4;2021-09-04;1374;18;0;0;1381;9;0;0;0;1049380;3051;93;1;1050262;115;0;0;0
FR;4;2021-09-05;433;2;0;0;433;2;0;0;0;1049813;3053;93;1;1050695;117;0;0;0
FR;4;2021-09-06;1713;62;0;0;1750;24;0;0;0;1051526;3115;93;1;1052445;141;0;0;0
FR;4;2021-09-07;1681;18;0;0;1690;8;0;0;0;1053207;3133;93;1;1054135;149;0;0;0
FR;4;2021-09-08;1286;26;3;0;1291;19;0;0;0;1054493;3159;96;1;1055426;168;0;0;0
FR;4;2021-09-09;1394;23;2;0;1404;9;0;0;0;1055887;3182;98;1;1056830;177;0;0;0
FR;4;2021-09-10;1521;31;2;0;1525;23;1;0;0;1057408;3213;100;1;1058355;200;1;0;0
FR;4;2021-09-11;746;11;0;0;749;3;0;0;0;1058154;3224;100;1;1059104;203;1;0;0
FR;4;2021-09-12;169;5;0;0;170;4;0;0;0;1058323;3229;100;1;1059274;207;1;0;0
FR;4;2021-09-13;1325;22;1;0;1328;16;0;0;0;1059648;3251;101;1;1060602;223;1;0;0
FR;4;2021-09-14;1504;9;2;0;1506;7;0;0;0;1061152;3260;103;1;1062108;230;1;0;0
FR;4;2021-09-15;1095;28;1;0;1098;25;0;0;0;1062247;3288;104;1;1063206;255;1;0;0
FR;4;2021-09-16;1106;22;2;0;1110;15;0;0;0;1063353;3310;106;1;1064316;270;1;0;0
FR;4;2021-09-17;897;21;1;0;904;12;0;0;0;1064250;3331;107;1;1065220;282;1;0;0
FR;4;2021-09-18;464;7;1;0;465;6;0;0;0;1064714;3338;108;1;1065685;288;1;0;0
FR;4;2021-09-19;182;3;0;0;183;2;0;0;0;1064896;3341;108;1;1065868;290;1;0;0
FR;4;2021-09-20;452;19;0;0;458;13;0;0;0;1065348;3360;108;1;1066326;303;1;0;0
FR;4;2021-09-21;433;11;0;0;435;7;0;0;0;1065781;3371;108;1;1066761;310;1;0;0
FR;4;2021-09-22;376;19;2;0;383;13;0;0;0;1066157;3390;110;1;1067144;323;1;0;0
FR;4;2021-09-23;487;15;1;0;488;14;0;0;0;1066644;3405;111;1;1067632;337;1;0;0
FR;4;2021-09-24;415;13;2;0;419;9;0;0;0;1067059;3418;113;1;1068051;346;1;0;0
FR;4;2021-09-25;281;10;1;0;282;5;0;0;0;1067340;3428;114;1;1068333;351;1;0;0
FR;4;2021-09-26;75;2;0;0;76;1;0;0;0;1067415;3430;114;1;1068409;352;1;0;0
FR;4;2021-09-27;269;10;1;0;270;8;0;0;0;1067684;3440;115;1;1068679;360;1;0;0
FR;4;2021-09-28;319;8;0;0;319;8;0;0;0;1068003;3448;115;1;1068998;368;1;0;0
FR;4;2021-09-29;378;19;1;0;380;13;0;0;0;1068381;3467;116;1;1069378;381;1;0;0
FR;4;2021-09-30;366;41;0;0;380;22;0;0;0;1068747;3508;116;1;1069758;403;1;0;0
FR;4;2021-10-01;411;56;0;0;413;50;0;0;0;1069158;3564;116;1;1070171;453;1;0;0
FR;4;2021-10-02;196;23;1;0;198;14;0;0;0;1069354;3587;117;1;1070369;467;1;0;0
FR;4;2021-10-03;86;1;0;0;87;0;0;0;0;1069440;3588;117;1;1070456;467;1;0;0
FR;4;2021-10-04;363;20;1;0;367;16;0;0;0;1069803;3608;118;1;1070823;483;1;0;0
FR;4;2021-10-05;286;19;2;0;288;15;0;0;0;1070089;3627;120;1;1071111;498;1;0;0
FR;4;2021-10-06;249;23;1;0;254;18;0;0;0;1070338;3650;121;1;1071365;516;1;0;0
FR;4;2021-10-07;268;25;2;0;273;13;0;0;0;1070606;3675;123;1;1071638;529;1;0;0
FR;4;2021-10-08;357;24;2;0;360;20;0;0;0;1070963;3699;125;1;1071998;549;1;0;0
FR;4;2021-10-09;194;6;6;0;195;7;0;0;0;1071157;3705;131;1;1072193;556;1;0;0
FR;4;2021-10-10;97;3;2;0;99;3;0;0;0;1071254;3708;133;1;1072292;559;1;0;0
FR;4;2021-10-11;251;15;1;0;252;14;0;0;0;1071505;3723;134;1;1072544;573;1;0;0
FR;4;2021-10-12;211;14;0;0;211;13;0;0;0;1071716;3737;134;1;1072755;586;1;0;0
FR;4;2021-10-13;221;28;1;0;224;25;0;0;0;1071937;3765;135;1;1072979;611;1;0;0
FR;4;2021-10-14;316;21;4;0;320;15;0;0;0;1072253;3786;139;1;1073299;626;1;0;0
FR;4;2021-10-15;324;24;5;0;325;25;0;0;0;1072577;3810;144;1;1073624;651;1;0;0
FR;4;2021-10-16;167;6;2;0;167;6;0;0;0;1072744;3816;146;1;1073791;657;1;0;0
FR;4;2021-10-17;70;2;0;0;71;1;0;0;0;1072814;3818;146;1;1073862;658;1;0;0
FR;4;2021-10-18;281;16;1;0;283;13;0;0;0;1073095;3834;147;1;1074145;671;1;0;0
FR;4;2021-10-19;216;14;2;0;216;15;0;0;0;1073311;3848;149;1;1074361;686;1;0;0
FR;4;2021-10-20;231;27;4;0;234;15;0;0;0;1073542;3875;153;1;1074595;701;1;0;0
FR;4;2021-10-21;243;18;0;0;245;14;0;0;0;1073785;3893;153;1;1074840;715;1;0;0
FR;4;2021-10-22;217;25;2;0;219;20;1;0;0;1074002;3918;155;1;1075059;735;2;0;0
FR;4;2021-10-23;117;16;1;0;118;15;0;0;0;1074119;3934;156;1;1075177;750;2;0;0
FR;4;2021-10-24;39;4;0;0;39;1;0;0;0;1074158;3938;156;1;1075216;751;2;0;0
FR;4;2021-10-25;218;7;2;0;218;9;0;0;0;1074376;3945;158;1;1075434;760;2;0;0
FR;4;2021-10-26;200;14;0;0;202;12;0;0;0;1074576;3959;158;1;1075636;772;2;0;0
FR;4;2021-10-27;196;12;4;0;196;12;2;0;0;1074772;3971;162;1;1075832;784;4;0;0
FR;4;2021-10-28;186;18;5;0;186;22;0;0;0;1074958;3989;167;1;1076018;806;4;0;0
FR;4;2021-10-29;225;18;2;0;226;16;0;0;0;1075183;4007;169;1;1076244;822;4;0;0
FR;4;2021-10-30;104;2;1;0;105;2;0;0;0;1075287;4009;170;1;1076349;824;4;0;0
FR;4;2021-10-31;59;3;2;0;60;3;0;0;0;1075346;4012;172;1;1076409;827;4;0;0
FR;4;2021-11-01;76;27;4;0;77;24;3;0;0;1075422;4039;176;1;1076486;851;7;0;0
FR;4;2021-11-02;164;21;2;0;165;21;0;0;0;1075586;4060;178;1;1076651;872;7;0;0
FR;4;2021-11-03;132;21;8;1;133;19;6;0;0;1075718;4081;186;2;1076784;891;13;0;0
FR;4;2021-11-04;187;15;1;0;188;12;1;0;0;1075905;4096;187;2;1076972;903;14;0;0
FR;4;2021-11-05;130;17;1;0;131;16;0;0;0;1076035;4113;188;2;1077103;919;14;0;0
FR;4;2021-11-06;81;6;1;0;81;6;0;0;0;1076116;4119;189;2;1077184;925;14;0;0
FR;4;2021-11-07;83;2;2;0;83;4;0;0;0;1076199;4121;191;2;1077267;929;14;0;0
FR;4;2021-11-08;162;20;1;0;163;20;0;0;0;1076361;4141;192;2;1077430;949;14;0;0
FR;4;2021-11-09;159;14;3;0;159;16;0;0;0;1076520;4155;195;2;1077589;965;14;0;0
FR;4;2021-11-10;121;30;7;0;121;33;2;0;0;1076641;4185;202;2;1077710;998;16;0;0
FR;4;2021-11-11;100;10;1;0;100;11;0;0;0;1076741;4195;203;2;1077810;1009;16;0;0
FR;4;2021-11-12;106;19;2;0;107;18;1;0;0;1076847;4214;205;2;1077917;1027;17;0;0
FR;4;2021-11-13;74;15;2;0;75;14;0;0;0;1076921;4229;207;2;1077992;1041;17;0;0
FR;4;2021-11-14;55;5;4;0;56;8;0;0;0;1076976;4234;211;2;1078048;1049;17;0;0
FR;4;2021-11-15;99;26;2;0;101;24;2;0;0;1077075;4260;213;2;1078149;1073;19;0;0
FR;4;2021-11-16;108;14;3;0;108;17;0;0;0;1077183;4274;216;2;1078257;1090;19;0;0
FR;4;2021-11-17;121;30;4;0;121;30;1;0;0;1077304;4304;220;2;1078378;1120;20;0;0
FR;4;2021-11-18;103;34;14;0;105;43;1;0;0;1077407;4338;234;2;1078483;1163;21;0;0
FR;4;2021-11-19;89;21;3;0;89;22;1;0;0;1077496;4359;237;2;1078572;1185;22;0;0
FR;4;2021-11-20;78;8;1;0;78;8;0;0;0;1077574;4367;238;2;1078650;1193;22;0;0
FR;4;2021-11-21;69;7;2;0;69;9;0;0;0;1077643;4374;240;2;1078719;1202;22;0;0
FR;4;2021-11-22;109;28;9;0;110;33;2;0;0;1077752;4402;249;2;1078829;1235;24;0;0
FR;4;2021-11-23;78;31;6;0;79;29;2;0;0;1077830;4433;255;2;1078908;1264;26;0;0
FR;4;2021-11-24;90;23;12;0;92;25;4;0;0;1077920;4456;267;2;1079000;1289;30;0;0
FR;4;2021-11-25;96;28;19;0;97;35;5;0;0;1078016;4484;286;2;1079097;1324;35;0;0
FR;4;2021-11-26;85;43;12;0;89;45;3;0;0;1078101;4527;298;2;1079186;1369;38;0;0
FR;4;2021-11-27;42;22;15;0;42;25;10;0;0;1078143;4549;313;2;1079228;1394;48;0;0
FR;4;2021-11-28;53;8;0;0;54;7;0;0;0;1078196;4557;313;2;1079282;1401;48;0;0
FR;4;2021-11-29;90;31;16;0;90;40;2;0;0;1078286;4588;329;2;1079372;1441;50;0;0
FR;4;2021-11-30;77;37;13;0;77;42;2;0;0;1078363;4625;342;2;1079449;1483;52;0;0
FR;4;2021-12-01;88;60;19;0;88;67;11;0;0;1078451;4685;361;2;1079537;1550;63;0;0
FR;4;2021-12-02;113;48;21;0;117;56;3;0;0;1078564;4733;382;2;1079654;1606;66;0;0
FR;4;2021-12-03;104;36;15;0;104;44;4;0;0;1078668;4769;397;2;1079758;1650;70;0;0
FR;4;2021-12-04;72;31;18;0;74;44;1;0;0;1078740;4800;415;2;1079832;1694;71;0;0
FR;4;2021-12-05;64;7;1;0;65;7;0;0;0;1078804;4807;416;2;1079897;1701;71;0;0
FR;4;2021-12-06;111;46;20;0;111;60;3;0;0;1078915;4853;436;2;1080008;1761;74;0;0
FR;4;2021-12-07;85;37;9;0;88;36;3;0;0;1079000;4890;445;2;1080096;1797;77;0;0
FR;4;2021-12-08;72;31;17;0;74;38;7;0;0;1079072;4921;462;2;1080170;1835;84;0;0
FR;4;2021-12-09;65;32;10;1;65;39;3;0;0;1079137;4953;472;3;1080235;1874;87;0;0
FR;4;2021-12-10;64;64;20;0;65;68;10;0;0;1079201;5017;492;3;1080300;1942;97;0;0
FR;4;2021-12-11;29;34;7;0;29;34;3;0;0;1079230;5051;499;3;1080329;1976;100;0;0
FR;4;2021-12-12;29;12;3;0;29;15;0;0;0;1079259;5063;502;3;1080358;1991;100;0;0
FR;4;2021-12-13;76;40;14;0;78;49;2;0;0;1079335;5103;516;3;1080436;2040;102;0;0
FR;4;2021-12-14;61;43;17;0;62;54;2;0;0;1079396;5146;533;3;1080498;2094;104;0;0
FR;4;2021-12-15;68;64;29;0;68;85;6;0;0;1079464;5210;562;3;1080566;2179;110;0;0
FR;4;2021-12-16;35;45;18;0;36;58;3;0;0;1079499;5255;580;3;1080602;2237;113;0;0
FR;4;2021-12-17;39;55;11;0;39;59;6;0;0;1079538;5310;591;3;1080641;2296;119;0;0
FR;4;2021-12-18;49;30;2;0;50;31;0;0;0;1079587;5340;593;3;1080691;2327;119;0;0
FR;4;2021-12-19;16;4;1;0;17;4;0;0;0;1079603;5344;594;3;1080708;2331;119;0;0
FR;4;2021-12-20;45;38;10;0;46;41;6;0;0;1079648;5382;604;3;1080754;2372;125;0;0
FR;4;2021-12-21;31;32;17;0;33;39;5;0;0;1079679;5414;621;3;1080787;2411;130;0;0
FR;4;2021-12-22;37;38;10;0;38;38;7;0;0;1079716;5452;631;3;1080825;2449;137;0;0
FR;4;2021-12-23;40;45;8;0;40;49;2;0;0;1079756;5497;639;3;1080865;2498;139;0;0
FR;4;2021-12-24;24;28;10;0;26;31;4;0;0;1079780;5525;649;3;1080891;2529;143;0;0
FR;4;2021-12-25;7;3;3;0;7;4;2;0;0;1079787;5528;652;3;1080898;2533;145;0;0
FR;4;2021-12-26;5;3;1;0;6;2;0;0;0;1079792;5531;653;3;1080904;2535;145;0;0
FR;4;2021-12-27;31;41;9;0;32;43;4;0;0;1079823;5572;662;3;1080936;2578;149;0;0
FR;4;2021-12-28;27;28;7;0;29;29;4;0;0;1079850;5600;669;3;1080965;2607;153;0;0
FR;4;2021-12-29;56;25;11;0;57;30;5;0;0;1079906;5625;680;3;1081022;2637;158;0;0
FR;4;2021-12-30;48;19;12;0;51;22;5;0;0;1079954;5644;692;3;1081073;2659;163;0;0
FR;4;2021-12-31;20;6;8;0;21;11;2;0;0;1079974;5650;700;3;1081094;2670;165;0;0
FR;4;2022-01-01;6;4;5;0;6;7;1;0;0;1079980;5654;705;3;1081100;2677;166;0;0
FR;4;2022-01-02;42;5;16;0;42;20;1;0;0;1080022;5659;721;3;1081142;2697;167;0;0
FR;4;2022-01-03;45;55;25;1;47;65;10;0;0;1080067;5714;746;4;1081189;2762;177;0;0
FR;4;2022-01-04;38;28;16;0;39;33;8;0;0;1080105;5742;762;4;1081228;2795;185;0;0
FR;4;2022-01-05;52;24;19;0;58;27;9;0;0;1080157;5766;781;4;1081286;2822;194;0;0
FR;4;2022-01-06;52;23;24;0;52;39;8;0;0;1080209;5789;805;4;1081338;2861;202;0;0
FR;4;2022-01-07;31;20;16;0;33;21;12;0;0;1080240;5809;821;4;1081371;2882;214;0;0
FR;4;2022-01-08;13;6;10;0;14;12;3;0;0;1080253;5815;831;4;1081385;2894;217;0;0
FR;4;2022-01-09;20;2;3;0;21;4;0;0;0;1080273;5817;834;4;1081406;2898;217;0;0
FR;4;2022-01-10;51;22;19;0;51;36;4;0;0;1080324;5839;853;4;1081457;2934;221;0;0
FR;4;2022-01-11;30;31;12;0;34;35;1;0;0;1080354;5870;865;4;1081491;2969;222;0;0
FR;4;2022-01-12;35;21;13;0;37;23;9;0;0;1080389;5891;878;4;1081528;2992;231;0;0
FR;4;2022-01-13;55;20;27;0;56;38;8;0;0;1080444;5911;905;4;1081584;3030;239;0;0
FR;4;2022-01-14;25;32;13;0;26;35;7;0;0;1080469;5943;918;4;1081610;3065;246;0;0
FR;4;2022-01-15;15;6;8;0;16;12;1;0;0;1080484;5949;926;4;1081626;3077;247;0;0
FR;4;2022-01-16;12;9;14;0;12;22;1;0;0;1080496;5958;940;4;1081638;3099;248;0;0
FR;4;2022-01-17;27;19;15;0;27;28;5;0;0;1080523;5977;955;4;1081665;3127;253;0;0
FR;4;2022-01-18;17;14;10;0;17;21;3;0;0;1080540;5991;965;4;1081682;3148;256;0;0
FR;4;2022-01-19;33;23;13;0;33;34;1;0;0;1080573;6014;978;4;1081715;3182;257;0;0
FR;4;2022-01-20;34;34;13;0;36;39;5;0;0;1080607;6048;991;4;1081751;3221;262;0;0
FR;4;2022-01-21;11;12;20;1;11;17;15;0;1;1080618;6060;1011;5;1081762;3238;277;0;1
FR;4;2022-01-22;30;13;3;0;30;14;2;0;0;1080648;6073;1014;5;1081792;3252;279;0;1
FR;4;2022-01-23;8;2;7;0;8;9;0;0;0;1080656;6075;1021;5;1081800;3261;279;0;1
FR;4;2022-01-24;14;21;9;0;15;28;1;0;0;1080670;6096;1030;5;1081815;3289;280;0;1
FR;4;2022-01-25;22;32;10;1;23;38;3;0;0;1080692;6128;1040;6;1081838;3327;283;0;1
FR;4;2022-01-26;20;17;9;1;21;21;4;0;0;1080712;6145;1049;7;1081859;3348;287;0;1
FR;4;2022-01-27;22;19;8;0;23;25;1;0;0;1080734;6164;1057;7;1081882;3373;288;0;1
FR;4;2022-01-28;14;23;8;0;15;26;4;0;0;1080748;6187;1065;7;1081897;3399;292;0;1
FR;4;2022-01-29;17;6;5;0;17;10;0;0;0;1080765;6193;1070;7;1081914;3409;292;0;1
FR;4;2022-01-30;19;3;2;0;19;5;0;0;0;1080784;6196;1072;7;1081933;3414;292;0;1
FR;4;2022-01-31;22;28;8;0;22;32;2;0;0;1080806;6224;1080;7;1081955;3446;294;0;1
FR;4;2022-02-01;13;24;12;0;15;24;9;0;0;1080819;6248;1092;7;1081970;3470;303;0;1
FR;4;2022-02-02;18;11;14;2;18;20;7;0;0;1080837;6259;1106;9;1081988;3490;310;0;1
FR;4;2022-02-03;16;24;11;0;18;29;4;0;0;1080853;6283;1117;9;1082006;3519;314;0;1
FR;4;2022-02-04;7;5;7;0;7;9;3;0;0;1080860;6288;1124;9;1082013;3528;317;0;1
FR;4;2022-02-05;7;14;1;0;8;13;1;0;0;1080867;6302;1125;9;1082021;3541;318;0;1
FR;4;2022-02-06;7;4;4;0;7;7;1;0;0;1080874;6306;1129;9;1082028;3548;319;0;1
FR;4;2022-02-07;15;19;8;0;17;19;6;0;0;1080889;6325;1137;9;1082045;3567;325;0;1
FR;4;2022-02-08;19;21;13;1;21;22;10;0;0;1080908;6346;1150;10;1082066;3589;335;0;1
FR;4;2022-02-09;17;12;9;0;18;17;2;0;0;1080925;6358;1159;10;1082084;3606;337;0;1
FR;4;2022-02-10;23;23;10;0;24;25;7;0;0;1080948;6381;1169;10;1082108;3631;344;0;1
FR;4;2022-02-11;18;15;8;0;18;20;3;0;0;1080966;6396;1177;10;1082126;3651;347;0;1
FR;4;2022-02-12;24;6;3;0;26;7;0;0;0;1080990;6402;1180;10;1082152;3658;347;0;1
FR;4;2022-02-13;7;3;3;0;7;6;0;0;0;1080997;6405;1183;10;1082159;3664;347;0;1
FR;4;2022-02-14;21;10;10;0;21;16;4;0;0;1081018;6415;1193;10;1082180;3680;351;0;1
FR;4;2022-02-15;18;7;2;0;18;8;0;0;0;1081036;6422;1195;10;1082198;3688;351;0;1
FR;4;2022-02-16;17;10;11;0;17;17;3;0;0;1081053;6432;1206;10;1082215;3705;354;0;1
FR;4;2022-02-17;11;4;5;0;11;7;2;0;0;1081064;6436;1211;10;1082226;3712;356;0;1
FR;4;2022-02-18;16;15;8;0;16;21;2;0;0;1081080;6451;1219;10;1082242;3733;358;0;1
FR;4;2022-02-19;16;4;2;0;17;5;0;0;0;1081096;6455;1221;10;1082259;3738;358;0;1
FR;4;2022-02-20;8;3;0;0;9;2;0;0;0;1081104;6458;1221;10;1082268;3740;358;0;1
FR;4;2022-02-21;24;5;4;0;24;7;2;0;0;1081128;6463;1225;10;1082292;3747;360;0;1
FR;4;2022-02-22;8;5;10;0;9;10;4;0;0;1081136;6468;1235;10;1082301;3757;364;0;1
FR;4;2022-02-23;17;6;10;0;17;10;5;0;0;1081153;6474;1245;10;1082318;3767;369;0;1
FR;4;2022-02-24;11;5;4;0;11;7;2;0;0;1081164;6479;1249;10;1082329;3774;371;0;1
FR;4;2022-02-25;16;5;7;0;16;6;6;0;0;1081180;6484;1256;10;1082345;3780;377;0;1
FR;4;2022-02-26;27;3;0;0;27;3;0;0;0;1081207;6487;1256;10;1082372;3783;377;0;1
FR;4;2022-02-27;9;0;1;0;9;1;0;0;0;1081216;6487;1257;10;1082381;3784;377;0;1
FR;4;2022-02-28;18;3;2;0;19;3;1;0;0;1081234;6490;1259;10;1082400;3787;378;0;1
FR;4;2022-03-01;8;4;7;0;8;5;5;0;0;1081242;6494;1266;10;1082408;3792;383;0;1
FR;4;2022-03-02;16;2;5;0;16;6;1;0;0;1081258;6496;1271;10;1082424;3798;384;0;1
FR;4;2022-03-03;19;5;3;0;19;6;1;0;0;1081277;6501;1274;10;1082443;3804;385;0;1
FR;4;2022-03-04;7;8;2;1;7;6;3;0;0;1081284;6509;1276;11;1082450;3810;388;0;1
FR;4;2022-03-05;9;2;0;0;9;2;0;0;0;1081293;6511;1276;11;1082459;3812;388;0;1
FR;4;2022-03-06;4;0;1;0;4;1;0;0;0;1081297;6511;1277;11;1082463;3813;388;0;1
FR;4;2022-03-07;10;6;2;0;10;5;2;0;0;1081307;6517;1279;11;1082473;3818;390;0;1
FR;4;2022-03-08;15;3;0;0;15;3;0;0;0;1081322;6520;1279;11;1082488;3821;390;0;1
FR;4;2022-03-09;9;7;2;0;11;7;0;0;0;1081331;6527;1281;11;1082499;3828;390;0;1
FR;4;2022-03-10;5;1;6;0;5;3;4;0;0;1081336;6528;1287;11;1082504;3831;394;0;1
FR;4;2022-03-11;10;4;5;0;12;2;5;0;0;1081346;6532;1292;11;1082516;3833;399;0;1
FR;4;2022-03-12;10;2;0;0;11;0;0;0;0;1081356;6534;1292;11;1082527;3833;399;0;1
FR;4;2022-03-13;6;2;1;0;7;2;0;0;0;1081362;6536;1293;11;1082534;3835;399;0;1
FR;4;2022-03-14;4;3;1;0;5;3;0;0;0;1081366;6539;1294;11;1082539;3838;399;0;1
FR;4;2022-03-15;8;6;3;0;10;5;2;0;0;1081374;6545;1297;11;1082549;3843;401;0;1
FR;4;2022-03-16;7;3;3;0;7;3;3;0;0;1081381;6548;1300;11;1082556;3846;404;0;1
FR;4;2022-03-17;3;4;1;0;3;5;0;0;0;1081384;6552;1301;11;1082559;3851;404;0;1
FR;4;2022-03-18;9;3;0;0;9;3;0;0;0;1081393;6555;1301;11;1082568;3854;404;0;1
FR;4;2022-03-19;1;1;1;0;1;2;0;0;0;1081394;6556;1302;11;1082569;3856;404;0;1
FR;4;2022-03-20;3;1;2;0;3;2;1;0;0;1081397;6557;1304;11;1082572;3858;405;0;1
FR;4;2022-03-21;6;4;1;0;6;5;0;0;0;1081403;6561;1305;11;1082578;3863;405;0;1
FR;4;2022-03-22;4;2;2;0;4;3;1;0;0;1081407;6563;1307;11;1082582;3866;406;0;1
FR;4;2022-03-23;6;4;5;0;6;8;1;0;0;1081413;6567;1312;11;1082588;3874;407;0;1
FR;4;2022-03-24;2;5;3;1;2;7;2;0;0;1081415;6572;1315;12;1082590;3881;409;0;1
FR;4;2022-03-25;3;1;2;0;3;1;2;0;0;1081418;6573;1317;12;1082593;3882;411;0;1
FR;4;2022-03-26;5;5;0;0;5;5;0;0;0;1081423;6578;1317;12;1082598;3887;411;0;1
FR;4;2022-03-27;1;0;3;0;1;2;1;0;0;1081424;6578;1320;12;1082599;3889;412;0;1
FR;4;2022-03-28;6;1;3;0;7;3;0;0;0;1081430;6579;1323;12;1082606;3892;412;0;1
FR;4;2022-03-29;9;0;4;1;9;0;2;0;0;1081439;6579;1327;13;1082615;3892;414;0;1
FR;4;2022-03-30;3;4;0;0;3;4;0;0;0;1081442;6583;1327;13;1082618;3896;414;0;1
FR;4;2022-03-31;5;3;2;1;5;4;1;0;0;1081447;6586;1329;14;1082623;3900;415;0;1
FR;4;2022-04-01;15;3;5;0;15;6;2;0;0;1081462;6589;1334;14;1082638;3906;417;0;1
FR;4;2022-04-02;4;4;0;0;5;3;0;0;0;1081466;6593;1334;14;1082643;3909;417;0;1
FR;4;2022-04-03;0;1;0;0;0;1;0;0;0;1081466;6594;1334;14;1082643;3910;417;0;1
FR;4;2022-04-04;4;4;4;0;5;5;2;0;0;1081470;6598;1338;14;1082648;3915;419;0;1
FR;4;2022-04-05;4;3;3;1;5;3;3;0;0;1081474;6601;1341;15;1082653;3918;422;0;1
FR;4;2022-04-06;6;1;0;0;6;1;0;0;0;1081480;6602;1341;15;1082659;3919;422;0;1
FR;4;2022-04-07;3;2;3;2;3;5;0;0;0;1081483;6604;1344;17;1082662;3924;422;0;1
FR;4;2022-04-08;4;2;1;0;4;2;1;0;0;1081487;6606;1345;17;1082666;3926;423;0;1
FR;4;2022-04-09;0;0;1;1;0;1;1;0;0;1081487;6606;1346;18;1082666;3927;424;0;1
FR;4;2022-04-10;2;2;0;0;2;2;0;0;0;1081489;6608;1346;18;1082668;3929;424;0;1
FR;4;2022-04-11;4;3;4;0;4;5;2;0;0;1081493;6611;1350;18;1082672;3934;426;0;1
FR;4;2022-04-12;5;1;4;0;5;2;3;0;0;1081498;6612;1354;18;1082677;3936;429;0;1
FR;4;2022-04-13;5;8;2;1;5;10;1;0;0;1081503;6620;1356;19;1082682;3946;430;0;1
FR;4;2022-04-14;6;4;2;1;7;5;1;0;0;1081509;6624;1358;20;1082689;3951;431;0;1
FR;4;2022-04-15;7;9;1;0;7;10;0;0;0;1081516;6633;1359;20;1082696;3961;431;0;1
FR;4;2022-04-16;1;0;0;0;1;0;0;0;0;1081517;6633;1359;20;1082697;3961;431;0;1
FR;4;2022-04-17;3;2;1;0;3;3;0;0;0;1081520;6635;1360;20;1082700;3964;431;0;1
FR;4;2022-04-18;2;2;6;0;2;4;4;0;0;1081522;6637;1366;20;1082702;3968;435;0;1
FR;4;2022-04-19;3;0;1;0;3;0;1;0;0;1081525;6637;1367;20;1082705;3968;436;0;1
FR;4;2022-04-20;15;4;1;1;16;3;1;0;0;1081540;6641;1368;21;1082721;3971;437;0;1
FR;4;2022-04-21;7;1;0;0;7;1;0;0;0;1081547;6642;1368;21;1082728;3972;437;0;1
FR;4;2022-04-22;1;1;2;0;1;2;1;0;0;1081548;6643;1370;21;1082729;3974;438;0;1
FR;4;2022-04-23;2;3;3;0;2;6;0;0;0;1081550;6646;1373;21;1082731;3980;438;0;1
FR;4;2022-04-24;0;3;0;0;0;3;0;0;0;1081550;6649;1373;21;1082731;3983;438;0;1
FR;4;2022-04-25;3;5;3;0;3;8;0;0;0;1081553;6654;1376;21;1082734;3991;438;0;1
FR;4;2022-04-26;5;6;1;0;5;6;1;0;0;1081558;6660;1377;21;1082739;3997;439;0;1
FR;4;2022-04-27;4;1;1;2;5;1;2;0;0;1081562;6661;1378;23;1082744;3998;441;0;1
FR;4;2022-04-28;3;5;5;1;3;7;4;0;0;1081565;6666;1383;24;1082747;4005;445;0;1
FR;4;2022-04-29;6;3;0;0;6;2;0;0;0;1081571;6669;1383;24;1082753;4007;445;0;1
FR;4;2022-04-30;2;1;1;0;2;2;0;0;0;1081573;6670;1384;24;1082755;4009;445;0;1
FR;4;2022-05-01;0;0;0;0;0;0;0;0;0;1081573;6670;1384;24;1082755;4009;445;0;1
FR;4;2022-05-02;5;16;6;0;5;19;3;0;0;1081578;6686;1390;24;1082760;4028;448;0;1
FR;4;2022-05-03;2;6;2;0;2;7;1;0;0;1081580;6692;1392;24;1082762;4035;449;0;1
FR;4;2022-05-04;7;4;1;0;7;4;1;0;0;1081587;6696;1393;24;1082769;4039;450;0;1
FR;4;2022-05-05;5;2;1;1;6;1;2;0;0;1081592;6698;1394;25;1082775;4040;452;0;1
FR;4;2022-05-06;5;3;1;0;6;2;1;0;0;1081597;6701;1395;25;1082781;4042;453;0;1
FR;4;2022-05-07;0;0;0;0;0;0;0;0;0;1081597;6701;1395;25;1082781;4042;453;0;1
FR;4;2022-05-08;1;1;0;0;1;1;0;0;0;1081598;6702;1395;25;1082782;4043;453;0;1
FR;4;2022-05-09;5;1;0;1;5;1;1;0;0;1081603;6703;1395;26;1082787;4044;454;0;1
FR;4;2022-05-10;3;1;0;2;3;3;0;0;0;1081606;6704;1395;28;1082790;4047;454;0;1
FR;4;2022-05-11;4;2;4;0;4;5;1;0;0;1081610;6706;1399;28;1082794;4052;455;0;1
FR;4;2022-05-12;7;4;2;1;7;5;1;0;1;1081617;6710;1401;29;1082801;4057;456;0;2
FR;4;2022-05-13;1;0;2;0;1;2;0;0;0;1081618;6710;1403;29;1082802;4059;456;0;2
FR;4;2022-05-14;0;2;0;0;0;2;0;0;0;1081618;6712;1403;29;1082802;4061;456;0;2
FR;4;2022-05-15;2;2;0;0;4;0;0;0;0;1081620;6714;1403;29;1082806;4061;456;0;2
FR;4;2022-05-16;5;2;2;0;5;2;2;0;0;1081625;6716;1405;29;1082811;4063;458;0;2
FR;4;2022-05-17;5;1;2;0;5;3;0;0;0;1081630;6717;1407;29;1082816;4066;458;0;2
FR;4;2022-05-18;3;6;0;0;3;6;0;0;0;1081633;6723;1407;29;1082819;4072;458;0;2
FR;4;2022-05-19;2;3;3;0;2;5;1;0;0;1081635;6726;1410;29;1082821;4077;459;0;2
FR;4;2022-05-20;4;2;3;0;4;2;3;0;0;1081639;6728;1413;29;1082825;4079;462;0;2
FR;4;2022-05-21;2;0;1;0;2;1;0;0;0;1081641;6728;1414;29;1082827;4080;462;0;2
FR;4;2022-05-22;0;0;1;0;0;1;0;0;0;1081641;6728;1415;29;1082827;4081;462;0;2
FR;4;2022-05-23;0;0;2;0;0;0;2;0;0;1081641;6728;1417;29;1082827;4081;464;0;2
FR;4;2022-05-24;2;4;1;0;2;5;0;0;0;1081643;6732;1418;29;1082829;4086;464;0;2
FR;4;2022-05-25;1;4;1;0;3;3;0;0;0;1081644;6736;1419;29;1082832;4089;464;0;2
FR;4;2022-05-26;5;0;1;0;5;1;0;0;0;1081649;6736;1420;29;1082837;4090;464;0;2
FR;4;2022-05-27;0;2;1;1;0;3;1;0;0;1081649;6738;1421;30;1082837;4093;465;0;2
FR;4;2022-05-28;1;0;0;0;1;0;0;0;0;1081650;6738;1421;30;1082838;4093;465;0;2
FR;4;2022-05-29;1;0;1;0;1;1;0;0;0;1081651;6738;1422;30;1082839;4094;465;0;2
FR;4;2022-05-30;3;4;2;0;3;5;1;0;0;1081654;6742;1424;30;1082842;4099;466;0;2
FR;4;2022-05-31;2;1;0;0;2;1;0;0;0;1081656;6743;1424;30;1082844;4100;466;0;2
FR;4;2022-06-01;3;11;7;0;3;15;3;0;0;1081659;6754;1431;30;1082847;4115;469;0;2
FR;4;2022-06-02;6;7;3;0;6;7;2;0;0;1081665;6761;1434;30;1082853;4122;471;0;2
FR;4;2022-06-03;2;6;4;1;2;7;4;0;0;1081667;6767;1438;31;1082855;4129;475;0;2
FR;4;2022-06-04;0;1;1;1;0;1;2;0;0;1081667;6768;1439;32;1082855;4130;477;0;2
FR;4;2022-06-05;0;0;0;0;0;0;0;0;0;1081667;6768;1439;32;1082855;4130;477;0;2
FR;4;2022-06-06;7;0;3;0;7;2;1;0;0;1081674;6768;1442;32;1082862;4132;478;0;2
FR;4;2022-06-07;6;2;0;1;6;2;1;0;0;1081680;6770;1442;33;1082868;4134;479;0;2
FR;4;2022-06-08;0;5;3;0;1;7;0;0;0;1081680;6775;1445;33;1082869;4141;479;0;2
FR;4;2022-06-09;1;2;0;0;2;1;0;0;0;1081681;6777;1445;33;1082871;4142;479;0;2
FR;4;2022-06-10;4;0;3;0;4;1;2;0;0;1081685;6777;1448;33;1082875;4143;481;0;2
FR;4;2022-06-11;1;0;0;0;1;0;0;0;0;1081686;6777;1448;33;1082876;4143;481;0;2
FR;4;2022-06-12;4;0;0;0;4;0;0;0;0;1081690;6777;1448;33;1082880;4143;481;0;2
FR;4;2022-06-13;6;2;3;0;7;2;1;0;0;1081696;6779;1451;33;1082887;4145;482;0;2
FR;4;2022-06-14;4;3;0;0;5;2;0;0;0;1081700;6782;1451;33;1082892;4147;482;0;2
FR;4;2022-06-15;8;3;4;0;8;3;4;0;0;1081708;6785;1455;33;1082900;4150;486;0;2
FR;4;2022-06-16;2;3;1;1;3;2;1;0;1;1081710;6788;1456;34;1082903;4152;487;0;3
FR;4;2022-06-17;6;1;0;0;6;1;0;0;0;1081716;6789;1456;34;1082909;4153;487;0;3
FR;4;2022-06-18;0;0;0;0;0;0;0;0;0;1081716;6789;1456;34;1082909;4153;487;0;3
FR;4;2022-06-19;3;0;0;0;3;0;0;0;0;1081719;6789;1456;34;1082912;4153;487;0;3
FR;4;2022-06-20;5;2;2;1;5;3;2;0;0;1081724;6791;1458;35;1082917;4156;489;0;3
FR;4;2022-06-21;5;2;4;1;6;4;2;0;0;1081729;6793;1462;36;1082923;4160;491;0;3
FR;4;2022-06-22;3;2;1;3;4;2;1;0;0;1081732;6795;1463;39;1082927;4162;492;0;3
FR;4;2022-06-23;3;3;3;0;3;5;1;0;0;1081735;6798;1466;39;1082930;4167;493;0;3
FR;4;2022-06-24;3;0;2;0;3;0;2;0;0;1081738;6798;1468;39;1082933;4167;495;0;3
FR;4;2022-06-25;3;0;1;1;3;1;1;0;0;1081741;6798;1469;40;1082936;4168;496;0;3
FR;4;2022-06-26;0;0;1;0;0;1;0;0;0;1081741;6798;1470;40;1082936;4169;496;0;3
FR;4;2022-06-27;2;2;1;3;2;3;3;0;0;1081743;6800;1471;43;1082938;4172;499;0;3
FR;4;2022-06-28;0;4;2;1;0;5;2;0;0;1081743;6804;1473;44;1082938;4177;501;0;3
FR;4;2022-06-29;1;2;0;0;1;2;0;0;0;1081744;6806;1473;44;1082939;4179;501;0;3
FR;4;2022-06-30;2;0;0;0;2;0;0;0;0;1081746;6806;1473;44;1082941;4179;501;0;3
FR;4;2022-07-01;2;4;8;0;2;4;8;0;0;1081748;6810;1481;44;1082943;4183;509;0;3
FR;4;2022-07-02;0;1;0;0;1;0;0;0;0;1081748;6811;1481;44;1082944;4183;509;0;3
FR;4;2022-07-03;0;0;0;0;0;0;0;0;0;1081748;6811;1481;44;1082944;4183;509;0;3
FR;4;2022-07-04;4;1;0;0;4;1;0;0;0;1081752;6812;1481;44;1082948;4184;509;0;3
FR;4;2022-07-05;3;1;3;0;3;3;1;0;0;1081755;6813;1484;44;1082951;4187;510;0;3
FR;4;2022-07-06;5;0;1;1;5;0;1;0;1;1081760;6813;1485;45;1082956;4187;511;0;4
FR;4;2022-07-07;2;0;2;1;2;0;3;0;0;1081762;6813;1487;46;1082958;4187;514;0;4
FR;4;2022-07-08;3;1;0;0;3;1;0;0;0;1081765;6814;1487;46;1082961;4188;514;0;4
FR;4;2022-07-09;2;2;1;0;2;3;0;0;0;1081767;6816;1488;46;1082963;4191;514;0;4
FR;4;2022-07-10;2;0;1;0;2;0;0;0;0;1081769;6816;1489;46;1082965;4191;514;0;4
FR;4;2022-07-11;3;0;2;0;3;0;1;0;0;1081772;6816;1491;46;1082968;4191;515;0;4
FR;4;2022-07-12;0;0;2;0;0;2;0;0;0;1081772;6816;1493;46;1082968;4193;515;0;4
FR;4;2022-07-13;2;2;3;1;2;2;4;0;0;1081774;6818;1496;47;1082970;4195;519;0;4
FR;4;2022-07-14;6;0;1;0;6;0;1;0;0;1081780;6818;1497;47;1082976;4195;520;0;4
FR;4;2022-07-15;11;2;0;0;11;2;0;0;0;1081791;6820;1497;47;1082987;4197;520;0;4
FR;4;2022-07-16;5;0;0;2;5;0;2;0;0;1081796;6820;1497;49;1082992;4197;522;0;4
FR;4;2022-07-17;1;0;1;1;1;0;2;0;0;1081797;6820;1498;50;1082993;4197;524;0;4
FR;4;2022-07-18;3;3;2;0;3;3;2;0;0;1081800;6823;1500;50;1082996;4200;526;0;4
FR;4;2022-07-19;4;0;1;0;4;1;0;0;0;1081804;6823;1501;50;1083000;4201;526;0;4
FR;4;2022-07-20;11;1;1;0;12;1;0;0;0;1081815;6824;1502;50;1083012;4202;526;0;4
FR;4;2022-07-21;2;3;1;0;2;3;1;0;0;1081817;6827;1503;50;1083014;4205;527;0;4
FR;4;2022-07-22;4;0;3;0;4;1;2;0;0;1081821;6827;1506;50;1083018;4206;529;0;4
FR;4;2022-07-23;1;2;0;0;1;1;0;0;0;1081822;6829;1506;50;1083019;4207;529;0;4
FR;4;2022-07-24;1;0;0;0;1;0;0;0;0;1081823;6829;1506;50;1083020;4207;529;0;4
FR;4;2022-07-25;7;0;2;0;7;2;0;0;0;1081830;6829;1508;50;1083027;4209;529;0;4
FR;4;2022-07-26;2;0;0;0;2;0;0;0;0;1081832;6829;1508;50;1083029;4209;529;0;4
FR;4;2022-07-27;3;1;0;0;3;0;0;0;0;1081835;6830;1508;50;1083032;4209;529;0;4
FR;4;2022-07-28;11;0;0;0;11;0;0;0;0;1081846;6830;1508;50;1083043;4209;529;0;4
FR;4;2022-07-29;3;0;2;0;3;1;1;0;0;1081849;6830;1510;50;1083046;4210;530;0;4
FR;4;2022-07-30;5;0;2;0;5;0;2;0;0;1081854;6830;1512;50;1083051;4210;532;0;4
FR;4;2022-07-31;0;0;0;0;0;0;0;0;0;1081854;6830;1512;50;1083051;4210;532;0;4
FR;4;2022-08-01;4;0;3;0;4;2;1;0;0;1081858;6830;1515;50;1083055;4212;533;0;4
FR;4;2022-08-02;6;0;0;0;6;0;0;0;0;1081864;6830;1515;50;1083061;4212;533;0;4
FR;4;2022-08-03;2;2;1;0;2;2;1;0;0;1081866;6832;1516;50;1083063;4214;534;0;4
FR;4;2022-08-04;5;2;0;1;5;2;1;0;0;1081871;6834;1516;51;1083068;4216;535;0;4
FR;4;2022-08-05;2;0;1;0;2;0;1;0;0;1081873;6834;1517;51;1083070;4216;536;0;4
FR;4;2022-08-06;2;0;0;0;2;0;0;0;0;1081875;6834;1517;51;1083072;4216;536;0;4
FR;4;2022-08-07;5;0;0;0;5;0;0;0;0;1081880;6834;1517;51;1083077;4216;536;0;4
FR;4;2022-08-08;2;0;1;1;2;1;1;0;0;1081882;6834;1518;52;1083079;4217;537;0;4
FR;4;2022-08-09;1;1;2;2;1;2;3;0;0;1081883;6835;1520;54;1083080;4219;540;0;4
FR;4;2022-08-10;6;1;1;0;7;1;0;0;0;1081889;6836;1521;54;1083087;4220;540;0;4
FR;4;2022-08-11;2;0;1;0;2;1;0;0;0;1081891;6836;1522;54;1083089;4221;540;0;4
FR;4;2022-08-12;4;0;1;0;4;0;1;0;0;1081895;6836;1523;54;1083093;4221;541;0;4
FR;4;2022-08-13;1;0;0;0;1;0;0;0;0;1081896;6836;1523;54;1083094;4221;541;0;4
FR;4;2022-08-14;0;0;0;0;0;0;0;0;0;1081896;6836;1523;54;1083094;4221;541;0;4
FR;4;2022-08-15;1;2;3;0;1;2;3;0;0;1081897;6838;1526;54;1083095;4223;544;0;4
FR;4;2022-08-16;0;0;1;0;0;1;0;0;0;1081897;6838;1527;54;1083095;4224;544;0;4
FR;4;2022-08-17;3;0;0;0;3;0;0;0;0;1081900;6838;1527;54;1083098;4224;544;0;4
FR;4;2022-08-18;4;0;0;0;4;0;0;0;0;1081904;6838;1527;54;1083102;4224;544;0;4
FR;4;2022-08-19;5;0;0;0;5;0;0;0;0;1081909;6838;1527;54;1083107;4224;544;0;4
FR;4;2022-08-20;1;1;0;0;2;0;0;0;0;1081910;6839;1527;54;1083109;4224;544;0;4
FR;4;2022-08-21;1;0;0;0;1;0;0;0;0;1081911;6839;1527;54;1083110;4224;544;0;4
FR;4;2022-08-22;3;9;0;0;3;9;0;0;0;1081914;6848;1527;54;1083113;4233;544;0;4
FR;4;2022-08-23;3;3;3;0;3;4;2;0;0;1081917;6851;1530;54;1083116;4237;546;0;4
FR;4;2022-08-24;6;0;0;1;6;0;1;0;0;1081923;6851;1530;55;1083122;4237;547;0;4
FR;4;2022-08-25;1;3;2;0;1;4;1;0;0;1081924;6854;1532;55;1083123;4241;548;0;4
FR;4;2022-08-26;2;0;0;1;2;0;1;0;0;1081926;6854;1532;56;1083125;4241;549;0;4
FR;4;2022-08-27;1;0;0;0;1;0;0;0;0;1081927;6854;1532;56;1083126;4241;549;0;4
FR;4;2022-08-28;0;1;0;0;0;0;0;0;0;1081927;6855;1532;56;1083126;4241;549;0;4
FR;4;2022-08-29;8;0;0;0;8;0;0;0;0;1081935;6855;1532;56;1083134;4241;549;0;4
FR;4;2022-08-30;5;0;0;0;5;0;0;0;0;1081940;6855;1532;56;1083139;4241;549;0;4
FR;4;2022-08-31;2;1;0;0;2;1;0;0;0;1081942;6856;1532;56;1083141;4242;549;0;4
FR;4;2022-09-01;4;8;2;0;5;7;2;0;0;1081946;6864;1534;56;1083146;4249;551;0;4
FR;4;2022-09-02;2;1;1;0;2;2;0;0;0;1081948;6865;1535;56;1083148;4251;551;0;4
FR;4;2022-09-03;3;0;0;0;3;0;0;0;0;1081951;6865;1535;56;1083151;4251;551;0;4
FR;4;2022-09-04;1;0;0;0;1;0;0;0;0;1081952;6865;1535;56;1083152;4251;551;0;4
FR;4;2022-09-05;4;2;0;0;4;2;0;0;0;1081956;6867;1535;56;1083156;4253;551;0;4
FR;4;2022-09-06;1;0;0;0;1;0;0;0;0;1081957;6867;1535;56;1083157;4253;551;0;4
FR;4;2022-09-07;1;0;1;1;1;1;1;0;0;1081958;6867;1536;57;1083158;4254;552;0;4
FR;4;2022-09-08;3;0;0;0;3;0;0;0;0;1081961;6867;1536;57;1083161;4254;552;0;4
FR;4;2022-09-09;2;0;0;0;2;0;0;0;0;1081963;6867;1536;57;1083163;4254;552;0;4
FR;4;2022-09-10;0;1;0;3;0;2;2;0;0;1081963;6868;1536;60;1083163;4256;554;0;4
FR;4;2022-09-11;2;0;0;0;2;0;0;0;0;1081965;6868;1536;60;1083165;4256;554;0;4
FR;4;2022-09-12;1;1;1;0;1;1;1;0;0;1081966;6869;1537;60;1083166;4257;555;0;4
FR;4;2022-09-13;1;0;0;0;1;0;0;0;0;1081967;6869;1537;60;1083167;4257;555;0;4
FR;4;2022-09-14;3;0;0;0;3;0;0;0;0;1081970;6869;1537;60;1083170;4257;555;0;4
FR;4;2022-09-15;4;0;0;0;4;0;0;0;0;1081974;6869;1537;60;1083174;4257;555;0;4
FR;4;2022-09-16;1;0;0;0;1;0;0;0;0;1081975;6869;1537;60;1083175;4257;555;0;4
FR;4;2022-09-17;2;0;0;0;2;0;0;0;0;1081977;6869;1537;60;1083177;4257;555;0;4
FR;4;2022-09-18;0;1;0;0;0;1;0;0;0;1081977;6870;1537;60;1083177;4258;555;0;4
FR;4;2022-09-19;3;0;2;0;3;2;0;0;0;1081980;6870;1539;60;1083180;4260;555;0;4
FR;4;2022-09-20;4;0;0;0;4;0;0;0;0;1081984;6870;1539;60;1083184;4260;555;0;4
FR;4;2022-09-21;2;1;0;0;2;1;0;0;0;1081986;6871;1539;60;1083186;4261;555;0;4
FR;4;2022-09-22;2;1;0;0;2;1;0;0;0;1081988;6872;1539;60;1083188;4262;555;0;4
FR;4;2022-09-23;2;3;0;0;3;2;0;0;0;1081990;6875;1539;60;1083191;4264;555;0;4
FR;4;2022-09-24;1;0;0;0;1;0;0;0;0;1081991;6875;1539;60;1083192;4264;555;0;4
FR;4;2022-09-25;0;0;0;0;0;0;0;0;0;1081991;6875;1539;60;1083192;4264;555;0;4
FR;4;2022-09-26;2;0;1;0;2;0;1;0;0;1081993;6875;1540;60;1083194;4264;556;0;4
FR;4;2022-09-27;1;0;1;1;1;0;2;0;0;1081994;6875;1541;61;1083195;4264;558;0;4
FR;4;2022-09-28;3;0;2;0;3;2;0;0;0;1081997;6875;1543;61;1083198;4266;558;0;4
FR;4;2022-09-29;3;0;1;1;3;1;1;0;0;1082000;6875;1544;62;1083201;4267;559;0;4
FR;4;2022-09-30;1;0;0;0;1;0;0;0;0;1082001;6875;1544;62;1083202;4267;559;0;4
FR;4;2022-10-01;1;1;0;0;2;0;0;0;0;1082002;6876;1544;62;1083204;4267;559;0;4
FR;4;2022-10-02;0;1;0;0;0;1;0;0;0;1082002;6877;1544;62;1083204;4268;559;0;4
FR;4;2022-10-03;2;2;1;1;3;2;1;0;0;1082004;6879;1545;63;1083207;4270;560;0;4
FR;4;2022-10-04;2;0;0;0;2;0;0;0;0;1082006;6879;1545;63;1083209;4270;560;0;4
FR;4;2022-10-05;0;1;0;0;0;1;0;0;0;1082006;6880;1545;63;1083209;4271;560;0;4
FR;4;2022-10-06;2;0;0;0;2;0;0;0;0;1082008;6880;1545;63;1083211;4271;560;0;4
FR;4;2022-10-07;3;0;1;0;3;0;1;0;0;1082011;6880;1546;63;1083214;4271;561;0;4
FR;4;2022-10-08;4;1;0;0;4;0;0;0;0;1082015;6881;1546;63;1083218;4271;561;0;4
FR;4;2022-10-09;0;0;0;0;0;0;0;0;0;1082015;6881;1546;63;1083218;4271;561;0;4
FR;4;2022-10-10;4;0;2;3;4;2;1;0;2;1082019;6881;1548;66;1083222;4273;562;0;6
FR;4;2022-10-11;1;2;0;0;1;1;0;0;0;1082020;6883;1548;66;1083223;4274;562;0;6
FR;4;2022-10-12;1;0;0;0;1;0;0;0;0;1082021;6883;1548;66;1083224;4274;562;0;6
FR;4;2022-10-13;5;0;0;0;5;0;0;0;0;1082026;6883;1548;66;1083229;4274;562;0;6
FR;4;2022-10-14;1;0;0;0;1;0;0;0;0;1082027;6883;1548;66;1083230;4274;562;0;6
FR;4;2022-10-15;1;2;0;0;1;2;0;0;0;1082028;6885;1548;66;1083231;4276;562;0;6
FR;4;2022-10-16;0;0;0;0;0;0;0;0;0;1082028;6885;1548;66;1083231;4276;562;0;6
FR;4;2022-10-17;2;0;1;0;2;1;0;0;0;1082030;6885;1549;66;1083233;4277;562;0;6
FR;4;2022-10-18;1;0;0;1;1;0;1;0;0;1082031;6885;1549;67;1083234;4277;563;0;6
FR;4;2022-10-19;1;0;0;2;1;0;2;0;3;1082032;6885;1549;69;1083235;4277;565;0;9
FR;4;2022-10-20;4;1;0;0;4;1;0;0;0;1082036;6886;1549;69;1083239;4278;565;0;9
FR;4;2022-10-21;1;0;0;0;1;0;0;0;0;1082037;6886;1549;69;1083240;4278;565;0;9
FR;4;2022-10-22;1;0;0;0;1;0;0;0;0;1082038;6886;1549;69;1083241;4278;565;0;9
FR;4;2022-10-23;0;0;0;0;0;0;0;0;0;1082038;6886;1549;69;1083241;4278;565;0;9
FR;4;2022-10-24;3;0;0;0;3;0;0;0;0;1082041;6886;1549;69;1083244;4278;565;0;9
FR;4;2022-10-25;2;0;0;0;2;0;0;0;0;1082043;6886;1549;69;1083246;4278;565;0;9
FR;4;2022-10-26;2;1;0;0;2;1;0;0;0;1082045;6887;1549;69;1083248;4279;565;0;9
FR;4;2022-10-27;3;1;1;0;3;0;1;0;0;1082048;6888;1550;69;1083251;4279;566;0;9
FR;4;2022-10-28;0;0;0;0;0;0;0;0;0;1082048;6888;1550;69;1083251;4279;566;0;9
FR;4;2022-10-29;1;0;0;3;1;0;3;0;3;1082049;6888;1550;72;1083252;4279;569;0;12
FR;4;2022-10-30;1;0;0;0;1;0;0;0;0;1082050;6888;1550;72;1083253;4279;569;0;12
FR;4;2022-10-31;1;0;0;0;1;0;0;0;0;1082051;6888;1550;72;1083254;4279;569;0;12
FR;4;2022-11-01;1;6;0;0;1;6;0;0;0;1082052;6894;1550;72;1083255;4285;569;0;12
FR;4;2022-11-02;0;0;2;2;0;1;3;0;0;1082052;6894;1552;74;1083255;4286;572;0;12
FR;4;2022-11-03;1;0;0;0;1;0;0;0;0;1082053;6894;1552;74;1083256;4286;572;0;12
FR;4;2022-11-04;4;1;0;0;4;0;0;0;0;1082057;6895;1552;74;1083260;4286;572;0;12
FR;4;2022-11-05;0;0;0;0;0;0;0;0;0;1082057;6895;1552;74;1083260;4286;572;0;12
FR;4;2022-11-06;2;0;0;0;2;0;0;0;0;1082059;6895;1552;74;1083262;4286;572;0;12
FR;4;2022-11-07;2;0;0;0;2;0;0;0;0;1082061;6895;1552;74;1083264;4286;572;0;12
FR;4;2022-11-08;7;0;0;0;7;0;0;0;0;1082068;6895;1552;74;1083271;4286;572;0;12
FR;4;2022-11-09;0;0;0;0;0;0;0;0;0;1082068;6895;1552;74;1083271;4286;572;0;12
FR;4;2022-11-10;0;0;1;0;0;1;0;0;0;1082068;6895;1553;74;1083271;4287;572;0;12
FR;4;2022-11-11;1;0;0;0;1;0;0;0;0;1082069;6895;1553;74;1083272;4287;572;0;12
FR;4;2022-11-12;3;1;0;0;3;1;0;0;0;1082072;6896;1553;74;1083275;4288;572;0;12
FR;4;2022-11-13;0;0;0;0;0;0;0;0;0;1082072;6896;1553;74;1083275;4288;572;0;12
FR;4;2022-11-14;0;0;0;0;0;0;0;0;0;1082072;6896;1553;74;1083275;4288;572;0;12
FR;4;2022-11-15;3;0;0;0;3;0;0;0;0;1082075;6896;1553;74;1083278;4288;572;0;12
FR;4;2022-11-16;1;1;0;0;1;1;0;0;0;1082076;6897;1553;74;1083279;4289;572;0;12
FR;4;2022-11-17;0;0;0;0;0;0;0;0;0;1082076;6897;1553;74;1083279;4289;572;0;12
FR;4;2022-11-18;5;0;1;0;5;0;1;0;0;1082081;6897;1554;74;1083284;4289;573;0;12
FR;4;2022-11-19;0;0;0;0;0;0;0;0;0;1082081;6897;1554;74;1083284;4289;573;0;12
FR;4;2022-11-20;0;0;0;1;0;0;0;0;1;1082081;6897;1554;75;1083284;4289;573;0;13
FR;4;2022-11-21;0;0;0;0;0;0;0;0;0;1082081;6897;1554;75;1083284;4289;573;0;13
FR;4;2022-11-22;0;1;1;0;0;2;0;0;0;1082081;6898;1555;75;1083284;4291;573;0;13
FR;4;2022-11-23;1;0;0;0;1;0;0;0;1;1082082;6898;1555;75;1083285;4291;573;0;14
FR;4;2022-11-24;0;2;0;0;0;2;0;0;0;1082082;6900;1555;75;1083285;4293;573;0;14
FR;4;2022-11-25;3;4;0;0;3;4;0;0;0;1082085;6904;1555;75;1083288;4297;573;0;14
FR;4;2022-11-26;1;0;0;0;1;0;0;0;0;1082086;6904;1555;75;1083289;4297;573;0;14
FR;4;2022-11-27;0;0;0;0;0;0;0;0;0;1082086;6904;1555;75;1083289;4297;573;0;14
FR;4;2022-11-28;3;0;0;0;3;0;0;0;0;1082089;6904;1555;75;1083292;4297;573;0;14
FR;4;2022-11-29;3;0;0;0;3;0;0;0;0;1082092;6904;1555;75;1083295;4297;573;0;14
FR;4;2022-11-30;0;0;0;0;0;0;0;0;0;1082092;6904;1555;75;1083295;4297;573;0;14
FR;4;2022-12-01;1;2;2;0;2;2;1;0;0;1082093;6906;1557;75;1083297;4299;574;0;14
FR;4;2022-12-02;2;1;0;1;2;1;0;0;1;1082095;6907;1557;76;1083299;4300;574;0;15
FR;4;2022-12-03;1;0;0;0;1;0;0;0;0;1082096;6907;1557;76;1083300;4300;574;0;15
FR;4;2022-12-04;0;0;0;0;0;0;0;0;0;1082096;6907;1557;76;1083300;4300;574;0;15
FR;4;2022-12-05;1;1;0;0;1;1;0;0;0;1082097;6908;1557;76;1083301;4301;574;0;15
FR;4;2022-12-06;2;0;0;0;2;0;0;0;0;1082099;6908;1557;76;1083303;4301;574;0;15
FR;4;2022-12-07;2;3;1;0;2;4;0;0;0;1082101;6911;1558;76;1083305;4305;574;0;15
FR;4;2022-12-08;1;0;0;0;1;0;0;0;0;1082102;6911;1558;76;1083306;4305;574;0;15
FR;4;2022-12-09;1;0;1;0;1;0;1;0;0;1082103;6911;1559;76;1083307;4305;575;0;15
FR;4;2022-12-10;1;0;0;0;1;0;0;0;0;1082104;6911;1559;76;1083308;4305;575;0;15
FR;4;2022-12-11;0;0;0;0;0;0;0;0;0;1082104;6911;1559;76;1083308;4305;575;0;15
FR;4;2022-12-12;1;1;0;5;1;1;5;0;0;1082105;6912;1559;81;1083309;4306;580;0;15
FR;4;2022-12-13;1;0;0;0;1;0;0;0;0;1082106;6912;1559;81;1083310;4306;580;0;15
FR;4;2022-12-14;0;0;0;0;0;0;0;0;0;1082106;6912;1559;81;1083310;4306;580;0;15
FR;4;2022-12-15;1;1;0;0;1;1;0;0;0;1082107;6913;1559;81;1083311;4307;580;0;15
FR;4;2022-12-16;2;0;0;0;2;0;0;0;0;1082109;6913;1559;81;1083313;4307;580;0;15
FR;4;2022-12-17;0;0;1;0;0;0;1;0;0;1082109;6913;1560;81;1083313;4307;581;0;15
FR;4;2022-12-18;1;0;0;0;1;0;0;0;0;1082110;6913;1560;81;1083314;4307;581;0;15
FR;4;2022-12-19;1;0;0;0;1;0;0;0;0;1082111;6913;1560;81;1083315;4307;581;0;15
FR;4;2022-12-20;4;2;0;0;5;1;0;0;0;1082115;6915;1560;81;1083320;4308;581;0;15
FR;4;2022-12-21;2;0;0;0;2;0;0;0;0;1082117;6915;1560;81;1083322;4308;581;0;15
FR;4;2022-12-22;0;1;0;0;0;1;0;0;0;1082117;6916;1560;81;1083322;4309;581;0;15
FR;4;2022-12-23;3;0;0;0;3;0;0;0;0;1082120;6916;1560;81;1083325;4309;581;0;15
FR;4;2022-12-24;0;0;0;0;0;0;0;0;0;1082120;6916;1560;81;1083325;4309;581;0;15
FR;4;2022-12-25;0;0;0;0;0;0;0;0;0;1082120;6916;1560;81;1083325;4309;581;0;15
FR;4;2022-12-26;1;2;0;0;1;1;0;0;0;1082121;6918;1560;81;1083326;4310;581;0;15
FR;4;2022-12-27;1;0;0;0;1;0;0;0;0;1082122;6918;1560;81;1083327;4310;581;0;15
FR;4;2022-12-28;0;0;0;0;0;0;0;0;0;1082122;6918;1560;81;1083327;4310;581;0;15
FR;4;2022-12-29;0;1;0;0;1;0;0;0;0;1082122;6919;1560;81;1083328;4310;581;0;15
FR;4;2022-12-30;1;0;0;0;1;0;0;0;0;1082123;6919;1560;81;1083329;4310;581;0;15
FR;4;2022-12-31;0;0;0;0;0;0;0;0;0;1082123;6919;1560;81;1083329;4310;581;0;15
FR;4;2023-01-01;0;0;0;0;0;0;0;0;0;1082123;6919;1560;81;1083329;4310;581;0;15
FR;4;2023-01-02;1;0;0;0;1;0;0;0;0;1082124;6919;1560;81;1083330;4310;581;0;15
FR;4;2023-01-03;0;0;0;0;0;0;0;0;0;1082124;6919;1560;81;1083330;4310;581;0;15
FR;4;2023-01-04;0;0;0;0;0;0;0;0;0;1082124;6919;1560;81;1083330;4310;581;0;15
FR;4;2023-01-05;0;0;0;0;0;0;0;0;0;1082124;6919;1560;81;1083330;4310;581;0;15
FR;4;2023-01-06;0;1;3;0;0;4;0;0;0;1082124;6920;1563;81;1083330;4314;581;0;15
FR;4;2023-01-07;1;0;0;0;1;0;0;0;0;1082125;6920;1563;81;1083331;4314;581;0;15
FR;4;2023-01-08;1;0;0;0;1;0;0;0;0;1082126;6920;1563;81;1083332;4314;581;0;15
FR;4;2023-01-09;1;0;0;0;1;0;0;0;0;1082127;6920;1563;81;1083333;4314;581;0;15
FR;4;2023-01-10;1;0;0;0;1;0;0;0;0;1082128;6920;1563;81;1083334;4314;581;0;15
FR;4;2023-01-11;0;0;0;0;0;0;0;0;0;1082128;6920;1563;81;1083334;4314;581;0;15
FR;4;2023-01-12;1;2;0;0;1;2;0;0;0;1082129;6922;1563;81;1083335;4316;581;0;15
FR;4;2023-01-13;1;0;2;0;1;0;2;0;0;1082130;6922;1565;81;1083336;4316;583;0;15
FR;4;2023-01-14;0;0;0;0;0;0;0;0;0;1082130;6922;1565;81;1083336;4316;583;0;15
FR;4;2023-01-15;0;0;0;0;0;0;0;0;0;1082130;6922;1565;81;1083336;4316;583;0;15
FR;4;2023-01-16;1;0;0;0;1;0;0;0;0;1082131;6922;1565;81;1083337;4316;583;0;15
FR;4;2023-01-17;2;0;0;0;2;0;0;0;0;1082133;6922;1565;81;1083339;4316;583;0;15
FR;4;2023-01-18;1;0;0;0;1;0;0;0;0;1082134;6922;1565;81;1083340;4316;583;0;15
FR;4;2023-01-19;1;0;0;2;1;0;0;0;0;1082135;6922;1565;83;1083341;4316;583;0;15
FR;4;2023-01-20;0;0;0;0;0;0;0;0;0;1082135;6922;1565;83;1083341;4316;583;0;15
FR;4;2023-01-21;0;0;0;0;0;0;0;0;0;1082135;6922;1565;83;1083341;4316;583;0;15
FR;4;2023-01-22;0;0;0;0;0;0;0;0;0;1082135;6922;1565;83;1083341;4316;583;0;15
FR;4;2023-01-23;0;0;0;0;0;0;0;0;0;1082135;6922;1565;83;1083341;4316;583;0;15
FR;4;2023-01-24;2;0;0;0;2;0;0;0;0;1082137;6922;1565;83;1083343;4316;583;0;15
FR;4;2023-01-25;0;0;0;0;0;0;0;0;0;1082137;6922;1565;83;1083343;4316;583;0;15
FR;4;2023-01-26;0;0;0;0;0;0;0;0;0;1082137;6922;1565;83;1083343;4316;583;0;15
FR;4;2023-01-27;0;0;0;0;0;0;0;0;0;1082137;6922;1565;83;1083343;4316;583;0;15
FR;4;2023-01-28;0;0;0;0;0;0;0;0;0;1082137;6922;1565;83;1083343;4316;583;0;15
FR;4;2023-01-29;0;0;0;0;0;0;0;0;0;1082137;6922;1565;83;1083343;4316;583;0;15
FR;4;2023-01-30;0;0;0;0;0;0;0;0;0;1082137;6922;1565;83;1083343;4316;583;0;15
FR;4;2023-01-31;0;0;0;0;0;0;0;0;0;1082137;6922;1565;83;1083343;4316;583;0;15
FR;4;2023-02-01;0;0;0;0;0;0;0;0;0;1082137;6922;1565;83;1083343;4316;583;0;15
FR;4;2023-02-02;1;2;2;1;1;3;1;0;0;1082138;6924;1567;84;1083344;4319;584;0;15
FR;5;2020-12-27;0;0;0;0;0;0;0;0;0;0;0;0;0;0;0;0;0;0
FR;5;2020-12-28;0;0;0;0;0;0;0;0;0;0;0;0;0;0;0;0;0;0
FR;5;2020-12-29;0;0;0;0;0;0;0;0;0;0;0;0;0;0;0;0;0;0
FR;5;2020-12-30;0;0;0;0;0;0;0;0;0;0;0;0;0;0;0;0;0;0
FR;5;2020-12-31;0;0;0;0;0;0;0;0;0;0;0;0;0;0;0;0;0;0
FR;5;2021-01-01;0;0;0;0;0;0;0;0;0;0;0;0;0;0;0;0;0;0
FR;5;2021-01-02;0;0;0;0;0;0;0;0;0;0;0;0;0;0;0;0;0;0
FR;5;2021-01-03;0;0;0;0;0;0;0;0;0;0;0;0;0;0;0;0;0;0
FR;5;2021-01-04;0;0;0;0;0;0;0;0;0;0;0;0;0;0;0;0;0;0
FR;5;2021-01-05;0;0;0;0;0;0;0;0;0;0;0;0;0;0;0;0;0;0
FR;5;2021-01-06;0;0;0;0;0;0;0;0;0;0;0;0;0;0;0;0;0;0
FR;5;2021-01-07;0;0;0;0;0;0;0;0;0;0;0;0;0;0;0;0;0;0
FR;5;2021-01-08;0;0;0;0;0;0;0;0;0;0;0;0;0;0;0;0;0;0
FR;5;2021-01-09;0;0;0;0;0;0;0;0;0;0;0;0;0;0;0;0;0;0
FR;5;2021-01-10;0;0;0;0;0;0;0;0;0;0;0;0;0;0;0;0;0;0
FR;5;2021-01-11;0;0;0;0;0;0;0;0;0;0;0;0;0;0;0;0;0;0
FR;5;2021-01-12;0;0;0;0;0;0;0;0;0;0;0;0;0;0;0;0;0;0
FR;5;2021-01-13;0;0;0;0;0;0;0;0;0;0;0;0;0;0;0;0;0;0
FR;5;2021-01-14;0;0;0;0;0;0;0;0;0;0;0;0;0;0;0;0;0;0
FR;5;2021-01-15;0;0;0;0;0;0;0;0;0;0;0;0;0;0;0;0;0;0
FR;5;2021-01-16;0;0;0;0;0;0;0;0;0;0;0;0;0;0;0;0;0;0
FR;5;2021-01-17;0;0;0;0;0;0;0;0;0;0;0;0;0;0;0;0;0;0
FR;5;2021-01-18;0;0;0;0;0;0;0;0;0;0;0;0;0;0;0;0;0;0
FR;5;2021-01-19;0;0;0;0;0;0;0;0;0;0;0;0;0;0;0;0;0;0
FR;5;2021-01-20;0;0;0;0;0;0;0;0;0;0;0;0;0;0;0;0;0;0
FR;5;2021-01-21;0;0;0;0;0;0;0;0;0;0;0;0;0;0;0;0;0;0
FR;5;2021-01-22;0;0;0;0;0;0;0;0;0;0;0;0;0;0;0;0;0;0
FR;5;2021-01-23;0;0;0;0;0;0;0;0;0;0;0;0;0;0;0;0;0;0
FR;5;2021-01-24;0;0;0;0;0;0;0;0;0;0;0;0;0;0;0;0;0;0
FR;5;2021-01-25;0;0;0;0;0;0;0;0;0;0;0;0;0;0;0;0;0;0
FR;5;2021-01-26;0;0;0;0;0;0;0;0;0;0;0;0;0;0;0;0;0;0
FR;5;2021-01-27;0;0;0;0;0;0;0;0;0;0;0;0;0;0;0;0;0;0
FR;5;2021-01-28;0;0;0;0;0;0;0;0;0;0;0;0;0;0;0;0;0;0
FR;5;2021-01-29;0;0;0;0;0;0;0;0;0;0;0;0;0;0;0;0;0;0
FR;5;2021-01-30;0;0;0;0;0;0;0;0;0;0;0;0;0;0;0;0;0;0
FR;5;2021-01-31;0;0;0;0;0;0;0;0;0;0;0;0;0;0;0;0;0;0
FR;5;2021-02-01;0;0;0;0;0;0;0;0;0;0;0;0;0;0;0;0;0;0
FR;5;2021-02-02;0;0;0;0;0;0;0;0;0;0;0;0;0;0;0;0;0;0
FR;5;2021-02-03;0;0;0;0;0;0;0;0;0;0;0;0;0;0;0;0;0;0
FR;5;2021-02-04;0;0;0;0;0;0;0;0;0;0;0;0;0;0;0;0;0;0
FR;5;2021-02-05;0;0;0;0;0;0;0;0;0;0;0;0;0;0;0;0;0;0
FR;5;2021-02-06;0;0;0;0;0;0;0;0;0;0;0;0;0;0;0;0;0;0
FR;5;2021-02-07;0;0;0;0;0;0;0;0;0;0;0;0;0;0;0;0;0;0
FR;5;2021-02-08;0;0;0;0;0;0;0;0;0;0;0;0;0;0;0;0;0;0
FR;5;2021-02-09;0;0;0;0;0;0;0;0;0;0;0;0;0;0;0;0;0;0
FR;5;2021-02-10;0;0;0;0;0;0;0;0;0;0;0;0;0;0;0;0;0;0
FR;5;2021-02-11;0;0;0;0;0;0;0;0;0;0;0;0;0;0;0;0;0;0
FR;5;2021-02-12;0;0;0;0;0;0;0;0;0;0;0;0;0;0;0;0;0;0
FR;5;2021-02-13;0;0;0;0;0;0;0;0;0;0;0;0;0;0;0;0;0;0
FR;5;2021-02-14;0;0;0;0;0;0;0;0;0;0;0;0;0;0;0;0;0;0
FR;5;2021-02-15;0;0;0;0;0;0;0;0;0;0;0;0;0;0;0;0;0;0
FR;5;2021-02-16;0;0;0;0;0;0;0;0;0;0;0;0;0;0;0;0;0;0
FR;5;2021-02-17;0;0;0;0;0;0;0;0;0;0;0;0;0;0;0;0;0;0
FR;5;2021-02-18;0;0;0;0;0;0;0;0;0;0;0;0;0;0;0;0;0;0
FR;5;2021-02-19;0;0;0;0;0;0;0;0;0;0;0;0;0;0;0;0;0;0
FR;5;2021-02-20;0;0;0;0;0;0;0;0;0;0;0;0;0;0;0;0;0;0
FR;5;2021-02-21;0;0;0;0;0;0;0;0;0;0;0;0;0;0;0;0;0;0
FR;5;2021-02-22;0;0;0;0;0;0;0;0;0;0;0;0;0;0;0;0;0;0
FR;5;2021-02-23;0;0;0;0;0;0;0;0;0;0;0;0;0;0;0;0;0;0
FR;5;2021-02-24;0;0;0;0;0;0;0;0;0;0;0;0;0;0;0;0;0;0
FR;5;2021-02-25;0;0;0;0;0;0;0;0;0;0;0;0;0;0;0;0;0;0
FR;5;2021-02-26;0;0;0;0;0;0;0;0;0;0;0;0;0;0;0;0;0;0
FR;5;2021-02-27;0;0;0;0;0;0;0;0;0;0;0;0;0;0;0;0;0;0
FR;5;2021-02-28;0;0;0;0;0;0;0;0;0;0;0;0;0;0;0;0;0;0
FR;5;2021-03-01;0;0;0;0;0;0;0;0;0;0;0;0;0;0;0;0;0;0
FR;5;2021-03-02;0;0;0;0;0;0;0;0;0;0;0;0;0;0;0;0;0;0
FR;5;2021-03-03;0;0;0;0;0;0;0;0;0;0;0;0;0;0;0;0;0;0
FR;5;2021-03-04;0;0;0;0;0;0;0;0;0;0;0;0;0;0;0;0;0;0
FR;5;2021-03-05;0;0;0;0;0;0;0;0;0;0;0;0;0;0;0;0;0;0
FR;5;2021-03-06;0;0;0;0;0;0;0;0;0;0;0;0;0;0;0;0;0;0
FR;5;2021-03-07;0;0;0;0;0;0;0;0;0;0;0;0;0;0;0;0;0;0
FR;5;2021-03-08;0;0;0;0;0;0;0;0;0;0;0;0;0;0;0;0;0;0
FR;5;2021-03-09;0;0;0;0;0;0;0;0;0;0;0;0;0;0;0;0;0;0
FR;5;2021-03-10;0;0;0;0;0;0;0;0;0;0;0;0;0;0;0;0;0;0
FR;5;2021-03-11;0;0;0;0;0;0;0;0;0;0;0;0;0;0;0;0;0;0
FR;5;2021-03-12;0;0;0;0;0;0;0;0;0;0;0;0;0;0;0;0;0;0
FR;5;2021-03-13;0;0;0;0;0;0;0;0;0;0;0;0;0;0;0;0;0;0
FR;5;2021-03-14;0;0;0;0;0;0;0;0;0;0;0;0;0;0;0;0;0;0
FR;5;2021-03-15;0;0;0;0;0;0;0;0;0;0;0;0;0;0;0;0;0;0
FR;5;2021-03-16;0;0;0;0;0;0;0;0;0;0;0;0;0;0;0;0;0;0
FR;5;2021-03-17;0;0;0;0;0;0;0;0;0;0;0;0;0;0;0;0;0;0
FR;5;2021-03-18;0;0;0;0;0;0;0;0;0;0;0;0;0;0;0;0;0;0
FR;5;2021-03-19;0;0;0;0;0;0;0;0;0;0;0;0;0;0;0;0;0;0
FR;5;2021-03-20;0;0;0;0;0;0;0;0;0;0;0;0;0;0;0;0;0;0
FR;5;2021-03-21;0;0;0;0;0;0;0;0;0;0;0;0;0;0;0;0;0;0
FR;5;2021-03-22;0;0;0;0;0;0;0;0;0;0;0;0;0;0;0;0;0;0
FR;5;2021-03-23;0;0;0;0;0;0;0;0;0;0;0;0;0;0;0;0;0;0
FR;5;2021-03-24;0;0;0;0;0;0;0;0;0;0;0;0;0;0;0;0;0;0
FR;5;2021-03-25;0;0;0;0;0;0;0;0;0;0;0;0;0;0;0;0;0;0
FR;5;2021-03-26;0;0;0;0;0;0;0;0;0;0;0;0;0;0;0;0;0;0
FR;5;2021-03-27;0;0;0;0;0;0;0;0;0;0;0;0;0;0;0;0;0;0
FR;5;2021-03-28;0;0;0;0;0;0;0;0;0;0;0;0;0;0;0;0;0;0
FR;5;2021-03-29;0;0;0;0;0;0;0;0;0;0;0;0;0;0;0;0;0;0
FR;5;2021-03-30;0;0;0;0;0;0;0;0;0;0;0;0;0;0;0;0;0;0
FR;5;2021-03-31;0;0;0;0;0;0;0;0;0;0;0;0;0;0;0;0;0;0
FR;5;2021-04-01;0;0;0;0;0;0;0;0;0;0;0;0;0;0;0;0;0;0
FR;5;2021-04-02;0;0;0;0;0;0;0;0;0;0;0;0;0;0;0;0;0;0
FR;5;2021-04-03;0;0;0;0;0;0;0;0;0;0;0;0;0;0;0;0;0;0
FR;5;2021-04-04;0;0;0;0;0;0;0;0;0;0;0;0;0;0;0;0;0;0
FR;5;2021-04-05;0;0;0;0;0;0;0;0;0;0;0;0;0;0;0;0;0;0
FR;5;2021-04-06;0;0;0;0;0;0;0;0;0;0;0;0;0;0;0;0;0;0
FR;5;2021-04-07;0;0;0;0;0;0;0;0;0;0;0;0;0;0;0;0;0;0
FR;5;2021-04-08;0;0;0;0;0;0;0;0;0;0;0;0;0;0;0;0;0;0
FR;5;2021-04-09;0;0;0;0;0;0;0;0;0;0;0;0;0;0;0;0;0;0
FR;5;2021-04-10;0;0;0;0;0;0;0;0;0;0;0;0;0;0;0;0;0;0
FR;5;2021-04-11;0;0;0;0;0;0;0;0;0;0;0;0;0;0;0;0;0;0
FR;5;2021-04-12;0;0;0;0;0;0;0;0;0;0;0;0;0;0;0;0;0;0
FR;5;2021-04-13;0;0;0;0;0;0;0;0;0;0;0;0;0;0;0;0;0;0
FR;5;2021-04-14;0;0;0;0;0;0;0;0;0;0;0;0;0;0;0;0;0;0
FR;5;2021-04-15;0;0;0;0;0;0;0;0;0;0;0;0;0;0;0;0;0;0
FR;5;2021-04-16;0;0;0;0;0;0;0;0;0;0;0;0;0;0;0;0;0;0
FR;5;2021-04-17;0;0;0;0;0;0;0;0;0;0;0;0;0;0;0;0;0;0
FR;5;2021-04-18;0;0;0;0;0;0;0;0;0;0;0;0;0;0;0;0;0;0
FR;5;2021-04-19;0;0;0;0;0;0;0;0;0;0;0;0;0;0;0;0;0;0
FR;5;2021-04-20;0;0;0;0;0;0;0;0;0;0;0;0;0;0;0;0;0;0
FR;5;2021-04-21;0;0;0;0;0;0;0;0;0;0;0;0;0;0;0;0;0;0
FR;5;2021-04-22;0;0;0;0;0;0;0;0;0;0;0;0;0;0;0;0;0;0
FR;5;2021-04-23;0;0;0;0;0;0;0;0;0;0;0;0;0;0;0;0;0;0
FR;5;2021-04-24;0;0;0;0;0;0;0;0;0;0;0;0;0;0;0;0;0;0
FR;5;2021-04-25;0;0;0;0;0;0;0;0;0;0;0;0;0;0;0;0;0;0
FR;5;2021-04-26;0;0;0;0;0;0;0;0;0;0;0;0;0;0;0;0;0;0
FR;5;2021-04-27;0;0;0;0;0;0;0;0;0;0;0;0;0;0;0;0;0;0
FR;5;2021-04-28;0;0;0;0;0;0;0;0;0;0;0;0;0;0;0;0;0;0
FR;5;2021-04-29;0;0;0;0;0;0;0;0;0;0;0;0;0;0;0;0;0;0
FR;5;2021-04-30;0;0;0;0;0;0;0;0;0;0;0;0;0;0;0;0;0;0
FR;5;2021-05-01;0;0;0;0;0;0;0;0;0;0;0;0;0;0;0;0;0;0
FR;5;2021-05-02;0;0;0;0;0;0;0;0;0;0;0;0;0;0;0;0;0;0
FR;5;2021-05-03;0;0;0;0;0;0;0;0;0;0;0;0;0;0;0;0;0;0
FR;5;2021-05-04;0;0;0;0;0;0;0;0;0;0;0;0;0;0;0;0;0;0
FR;5;2021-05-05;0;0;0;0;0;0;0;0;0;0;0;0;0;0;0;0;0;0
FR;5;2021-05-06;0;0;0;0;0;0;0;0;0;0;0;0;0;0;0;0;0;0
FR;5;2021-05-07;0;0;0;0;0;0;0;0;0;0;0;0;0;0;0;0;0;0
FR;5;2021-05-08;0;0;0;0;0;0;0;0;0;0;0;0;0;0;0;0;0;0
FR;5;2021-05-09;0;0;0;0;0;0;0;0;0;0;0;0;0;0;0;0;0;0
FR;5;2021-05-10;0;0;0;0;0;0;0;0;0;0;0;0;0;0;0;0;0;0
FR;5;2021-05-11;0;0;0;0;0;0;0;0;0;0;0;0;0;0;0;0;0;0
FR;5;2021-05-12;0;0;0;0;0;0;0;0;0;0;0;0;0;0;0;0;0;0
FR;5;2021-05-13;0;0;0;0;0;0;0;0;0;0;0;0;0;0;0;0;0;0
FR;5;2021-05-14;0;0;0;0;0;0;0;0;0;0;0;0;0;0;0;0;0;0
FR;5;2021-05-15;0;0;0;0;0;0;0;0;0;0;0;0;0;0;0;0;0;0
FR;5;2021-05-16;0;0;0;0;0;0;0;0;0;0;0;0;0;0;0;0;0;0
FR;5;2021-05-17;0;0;0;0;0;0;0;0;0;0;0;0;0;0;0;0;0;0
FR;5;2021-05-18;0;0;0;0;0;0;0;0;0;0;0;0;0;0;0;0;0;0
FR;5;2021-05-19;0;0;0;0;0;0;0;0;0;0;0;0;0;0;0;0;0;0
FR;5;2021-05-20;0;0;0;0;0;0;0;0;0;0;0;0;0;0;0;0;0;0
FR;5;2021-05-21;0;0;0;0;0;0;0;0;0;0;0;0;0;0;0;0;0;0
FR;5;2021-05-22;0;0;0;0;0;0;0;0;0;0;0;0;0;0;0;0;0;0
FR;5;2021-05-23;0;0;0;0;0;0;0;0;0;0;0;0;0;0;0;0;0;0
FR;5;2021-05-24;0;0;0;0;0;0;0;0;0;0;0;0;0;0;0;0;0;0
FR;5;2021-05-25;0;0;0;0;0;0;0;0;0;0;0;0;0;0;0;0;0;0
FR;5;2021-05-26;0;0;0;0;0;0;0;0;0;0;0;0;0;0;0;0;0;0
FR;5;2021-05-27;0;0;0;0;0;0;0;0;0;0;0;0;0;0;0;0;0;0
FR;5;2021-05-28;0;0;0;0;0;0;0;0;0;0;0;0;0;0;0;0;0;0
FR;5;2021-05-29;0;0;0;0;0;0;0;0;0;0;0;0;0;0;0;0;0;0
FR;5;2021-05-30;0;0;0;0;0;0;0;0;0;0;0;0;0;0;0;0;0;0
FR;5;2021-05-31;0;0;0;0;0;0;0;0;0;0;0;0;0;0;0;0;0;0
FR;5;2021-06-01;0;0;0;0;0;0;0;0;0;0;0;0;0;0;0;0;0;0
FR;5;2021-06-02;0;0;0;0;0;0;0;0;0;0;0;0;0;0;0;0;0;0
FR;5;2021-06-03;0;0;0;0;0;0;0;0;0;0;0;0;0;0;0;0;0;0
FR;5;2021-06-04;0;0;0;0;0;0;0;0;0;0;0;0;0;0;0;0;0;0
FR;5;2021-06-05;0;0;0;0;0;0;0;0;0;0;0;0;0;0;0;0;0;0
FR;5;2021-06-06;0;0;0;0;0;0;0;0;0;0;0;0;0;0;0;0;0;0
FR;5;2021-06-07;0;0;0;0;0;0;0;0;0;0;0;0;0;0;0;0;0;0
FR;5;2021-06-08;0;0;0;0;0;0;0;0;0;0;0;0;0;0;0;0;0;0
FR;5;2021-06-09;0;0;0;0;0;0;0;0;0;0;0;0;0;0;0;0;0;0
FR;5;2021-06-10;0;0;0;0;0;0;0;0;0;0;0;0;0;0;0;0;0;0
FR;5;2021-06-11;0;0;0;0;0;0;0;0;0;0;0;0;0;0;0;0;0;0
FR;5;2021-06-12;0;0;0;0;0;0;0;0;0;0;0;0;0;0;0;0;0;0
FR;5;2021-06-13;0;0;0;0;0;0;0;0;0;0;0;0;0;0;0;0;0;0
FR;5;2021-06-14;0;0;0;0;0;0;0;0;0;0;0;0;0;0;0;0;0;0
FR;5;2021-06-15;0;0;0;0;0;0;0;0;0;0;0;0;0;0;0;0;0;0
FR;5;2021-06-16;0;0;0;0;0;0;0;0;0;0;0;0;0;0;0;0;0;0
FR;5;2021-06-17;0;0;0;0;0;0;0;0;0;0;0;0;0;0;0;0;0;0
FR;5;2021-06-18;0;0;0;0;0;0;0;0;0;0;0;0;0;0;0;0;0;0
FR;5;2021-06-19;0;0;0;0;0;0;0;0;0;0;0;0;0;0;0;0;0;0
FR;5;2021-06-20;0;0;0;0;0;0;0;0;0;0;0;0;0;0;0;0;0;0
FR;5;2021-06-21;0;0;0;0;0;0;0;0;0;0;0;0;0;0;0;0;0;0
FR;5;2021-06-22;0;0;0;0;0;0;0;0;0;0;0;0;0;0;0;0;0;0
FR;5;2021-06-23;0;0;0;0;0;0;0;0;0;0;0;0;0;0;0;0;0;0
FR;5;2021-06-24;0;0;0;0;0;0;0;0;0;0;0;0;0;0;0;0;0;0
FR;5;2021-06-25;0;0;0;0;0;0;0;0;0;0;0;0;0;0;0;0;0;0
FR;5;2021-06-26;0;0;0;0;0;0;0;0;0;0;0;0;0;0;0;0;0;0
FR;5;2021-06-27;0;0;0;0;0;0;0;0;0;0;0;0;0;0;0;0;0;0
FR;5;2021-06-28;0;0;0;0;0;0;0;0;0;0;0;0;0;0;0;0;0;0
FR;5;2021-06-29;0;0;0;0;0;0;0;0;0;0;0;0;0;0;0;0;0;0
FR;5;2021-06-30;0;0;0;0;0;0;0;0;0;0;0;0;0;0;0;0;0;0
FR;5;2021-07-01;0;0;0;0;0;0;0;0;0;0;0;0;0;0;0;0;0;0
FR;5;2021-07-02;0;0;0;0;0;0;0;0;0;0;0;0;0;0;0;0;0;0
FR;5;2021-07-03;0;0;0;0;0;0;0;0;0;0;0;0;0;0;0;0;0;0
FR;5;2021-07-04;0;0;0;0;0;0;0;0;0;0;0;0;0;0;0;0;0;0
FR;5;2021-07-05;0;0;0;0;0;0;0;0;0;0;0;0;0;0;0;0;0;0
FR;5;2021-07-06;0;0;0;0;0;0;0;0;0;0;0;0;0;0;0;0;0;0
FR;5;2021-07-07;0;0;0;0;0;0;0;0;0;0;0;0;0;0;0;0;0;0
FR;5;2021-07-08;0;0;0;0;0;0;0;0;0;0;0;0;0;0;0;0;0;0
FR;5;2021-07-09;0;0;0;0;0;0;0;0;0;0;0;0;0;0;0;0;0;0
FR;5;2021-07-10;0;0;0;0;0;0;0;0;0;0;0;0;0;0;0;0;0;0
FR;5;2021-07-11;0;0;0;0;0;0;0;0;0;0;0;0;0;0;0;0;0;0
FR;5;2021-07-12;0;0;0;0;0;0;0;0;0;0;0;0;0;0;0;0;0;0
FR;5;2021-07-13;0;0;0;0;0;0;0;0;0;0;0;0;0;0;0;0;0;0
FR;5;2021-07-14;0;0;0;0;0;0;0;0;0;0;0;0;0;0;0;0;0;0
FR;5;2021-07-15;0;0;0;0;0;0;0;0;0;0;0;0;0;0;0;0;0;0
FR;5;2021-07-16;0;0;0;0;0;0;0;0;0;0;0;0;0;0;0;0;0;0
FR;5;2021-07-17;0;0;0;0;0;0;0;0;0;0;0;0;0;0;0;0;0;0
FR;5;2021-07-18;0;0;0;0;0;0;0;0;0;0;0;0;0;0;0;0;0;0
FR;5;2021-07-19;0;0;0;0;0;0;0;0;0;0;0;0;0;0;0;0;0;0
FR;5;2021-07-20;0;0;0;0;0;0;0;0;0;0;0;0;0;0;0;0;0;0
FR;5;2021-07-21;0;0;0;0;0;0;0;0;0;0;0;0;0;0;0;0;0;0
FR;5;2021-07-22;0;0;0;0;0;0;0;0;0;0;0;0;0;0;0;0;0;0
FR;5;2021-07-23;0;0;0;0;0;0;0;0;0;0;0;0;0;0;0;0;0;0
FR;5;2021-07-24;0;0;0;0;0;0;0;0;0;0;0;0;0;0;0;0;0;0
FR;5;2021-07-25;0;0;0;0;0;0;0;0;0;0;0;0;0;0;0;0;0;0
FR;5;2021-07-26;0;0;0;0;0;0;0;0;0;0;0;0;0;0;0;0;0;0
FR;5;2021-07-27;0;0;0;0;0;0;0;0;0;0;0;0;0;0;0;0;0;0
FR;5;2021-07-28;0;0;0;0;0;0;0;0;0;0;0;0;0;0;0;0;0;0
FR;5;2021-07-29;0;0;0;0;0;0;0;0;0;0;0;0;0;0;0;0;0;0
FR;5;2021-07-30;0;0;0;0;0;0;0;0;0;0;0;0;0;0;0;0;0;0
FR;5;2021-07-31;0;0;0;0;0;0;0;0;0;0;0;0;0;0;0;0;0;0
FR;5;2021-08-01;0;0;0;0;0;0;0;0;0;0;0;0;0;0;0;0;0;0
FR;5;2021-08-02;0;0;0;0;0;0;0;0;0;0;0;0;0;0;0;0;0;0
FR;5;2021-08-03;0;0;0;0;0;0;0;0;0;0;0;0;0;0;0;0;0;0
FR;5;2021-08-04;0;0;0;0;0;0;0;0;0;0;0;0;0;0;0;0;0;0
FR;5;2021-08-05;0;0;0;0;0;0;0;0;0;0;0;0;0;0;0;0;0;0
FR;5;2021-08-06;0;0;0;0;0;0;0;0;0;0;0;0;0;0;0;0;0;0
FR;5;2021-08-07;0;0;0;0;0;0;0;0;0;0;0;0;0;0;0;0;0;0
FR;5;2021-08-08;0;0;0;0;0;0;0;0;0;0;0;0;0;0;0;0;0;0
FR;5;2021-08-09;0;0;0;0;0;0;0;0;0;0;0;0;0;0;0;0;0;0
FR;5;2021-08-10;0;0;0;0;0;0;0;0;0;0;0;0;0;0;0;0;0;0
FR;5;2021-08-11;0;0;0;0;0;0;0;0;0;0;0;0;0;0;0;0;0;0
FR;5;2021-08-12;0;0;0;0;0;0;0;0;0;0;0;0;0;0;0;0;0;0
FR;5;2021-08-13;0;0;0;0;0;0;0;0;0;0;0;0;0;0;0;0;0;0
FR;5;2021-08-14;0;0;0;0;0;0;0;0;0;0;0;0;0;0;0;0;0;0
FR;5;2021-08-15;0;0;0;0;0;0;0;0;0;0;0;0;0;0;0;0;0;0
FR;5;2021-08-16;0;0;0;0;0;0;0;0;0;0;0;0;0;0;0;0;0;0
FR;5;2021-08-17;0;0;0;0;0;0;0;0;0;0;0;0;0;0;0;0;0;0
FR;5;2021-08-18;0;0;0;0;0;0;0;0;0;0;0;0;0;0;0;0;0;0
FR;5;2021-08-19;0;0;0;0;0;0;0;0;0;0;0;0;0;0;0;0;0;0
FR;5;2021-08-20;0;0;0;0;0;0;0;0;0;0;0;0;0;0;0;0;0;0
FR;5;2021-08-21;0;0;0;0;0;0;0;0;0;0;0;0;0;0;0;0;0;0
FR;5;2021-08-22;0;0;0;0;0;0;0;0;0;0;0;0;0;0;0;0;0;0
FR;5;2021-08-23;0;0;0;0;0;0;0;0;0;0;0;0;0;0;0;0;0;0
FR;5;2021-08-24;0;0;0;0;0;0;0;0;0;0;0;0;0;0;0;0;0;0
FR;5;2021-08-25;0;0;0;0;0;0;0;0;0;0;0;0;0;0;0;0;0;0
FR;5;2021-08-26;0;0;0;0;0;0;0;0;0;0;0;0;0;0;0;0;0;0
FR;5;2021-08-27;0;0;0;0;0;0;0;0;0;0;0;0;0;0;0;0;0;0
FR;5;2021-08-28;0;0;0;0;0;0;0;0;0;0;0;0;0;0;0;0;0;0
FR;5;2021-08-29;0;0;0;0;0;0;0;0;0;0;0;0;0;0;0;0;0;0
FR;5;2021-08-30;0;0;0;0;0;0;0;0;0;0;0;0;0;0;0;0;0;0
FR;5;2021-08-31;0;0;0;0;0;0;0;0;0;0;0;0;0;0;0;0;0;0
FR;5;2021-09-01;0;0;0;0;0;0;0;0;0;0;0;0;0;0;0;0;0;0
FR;5;2021-09-02;0;0;0;0;0;0;0;0;0;0;0;0;0;0;0;0;0;0
FR;5;2021-09-03;0;0;0;0;0;0;0;0;0;0;0;0;0;0;0;0;0;0
FR;5;2021-09-04;0;0;0;0;0;0;0;0;0;0;0;0;0;0;0;0;0;0
FR;5;2021-09-05;0;0;0;0;0;0;0;0;0;0;0;0;0;0;0;0;0;0
FR;5;2021-09-06;0;0;0;0;0;0;0;0;0;0;0;0;0;0;0;0;0;0
FR;5;2021-09-07;0;0;0;0;0;0;0;0;0;0;0;0;0;0;0;0;0;0
FR;5;2021-09-08;0;0;0;0;0;0;0;0;0;0;0;0;0;0;0;0;0;0
FR;5;2021-09-09;0;0;0;0;0;0;0;0;0;0;0;0;0;0;0;0;0;0
FR;5;2021-09-10;0;0;0;0;0;0;0;0;0;0;0;0;0;0;0;0;0;0
FR;5;2021-09-11;0;0;0;0;0;0;0;0;0;0;0;0;0;0;0;0;0;0
FR;5;2021-09-12;0;0;0;0;0;0;0;0;0;0;0;0;0;0;0;0;0;0
FR;5;2021-09-13;0;0;0;0;0;0;0;0;0;0;0;0;0;0;0;0;0;0
FR;5;2021-09-14;0;0;0;0;0;0;0;0;0;0;0;0;0;0;0;0;0;0
FR;5;2021-09-15;0;0;0;0;0;0;0;0;0;0;0;0;0;0;0;0;0;0
FR;5;2021-09-16;0;0;0;0;0;0;0;0;0;0;0;0;0;0;0;0;0;0
FR;5;2021-09-17;0;0;0;0;0;0;0;0;0;0;0;0;0;0;0;0;0;0
FR;5;2021-09-18;0;0;0;0;0;0;0;0;0;0;0;0;0;0;0;0;0;0
FR;5;2021-09-19;0;0;0;0;0;0;0;0;0;0;0;0;0;0;0;0;0;0
FR;5;2021-09-20;0;0;0;0;0;0;0;0;0;0;0;0;0;0;0;0;0;0
FR;5;2021-09-21;0;0;0;0;0;0;0;0;0;0;0;0;0;0;0;0;0;0
FR;5;2021-09-22;0;0;0;0;0;0;0;0;0;0;0;0;0;0;0;0;0;0
FR;5;2021-09-23;0;0;0;0;0;0;0;0;0;0;0;0;0;0;0;0;0;0
FR;5;2021-09-24;0;0;0;0;0;0;0;0;0;0;0;0;0;0;0;0;0;0
FR;5;2021-09-25;0;0;0;0;0;0;0;0;0;0;0;0;0;0;0;0;0;0
FR;5;2021-09-26;0;0;0;0;0;0;0;0;0;0;0;0;0;0;0;0;0;0
FR;5;2021-09-27;0;0;0;0;0;0;0;0;0;0;0;0;0;0;0;0;0;0
FR;5;2021-09-28;0;0;0;0;0;0;0;0;0;0;0;0;0;0;0;0;0;0
FR;5;2021-09-29;0;0;0;0;0;0;0;0;0;0;0;0;0;0;0;0;0;0
FR;5;2021-09-30;0;0;0;0;0;0;0;0;0;0;0;0;0;0;0;0;0;0
FR;5;2021-10-01;0;0;0;0;0;0;0;0;0;0;0;0;0;0;0;0;0;0
FR;5;2021-10-02;0;0;0;0;0;0;0;0;0;0;0;0;0;0;0;0;0;0
FR;5;2021-10-03;0;0;0;0;0;0;0;0;0;0;0;0;0;0;0;0;0;0
FR;5;2021-10-04;0;0;0;0;0;0;0;0;0;0;0;0;0;0;0;0;0;0
FR;5;2021-10-05;0;0;0;0;0;0;0;0;0;0;0;0;0;0;0;0;0;0
FR;5;2021-10-06;0;0;0;0;0;0;0;0;0;0;0;0;0;0;0;0;0;0
FR;5;2021-10-07;0;0;0;0;0;0;0;0;0;0;0;0;0;0;0;0;0;0
FR;5;2021-10-08;0;0;0;0;0;0;0;0;0;0;0;0;0;0;0;0;0;0
FR;5;2021-10-09;0;0;0;0;0;0;0;0;0;0;0;0;0;0;0;0;0;0
FR;5;2021-10-10;0;0;0;0;0;0;0;0;0;0;0;0;0;0;0;0;0;0
FR;5;2021-10-11;0;0;0;0;0;0;0;0;0;0;0;0;0;0;0;0;0;0
FR;5;2021-10-12;0;0;0;0;0;0;0;0;0;0;0;0;0;0;0;0;0;0
FR;5;2021-10-13;0;0;0;0;0;0;0;0;0;0;0;0;0;0;0;0;0;0
FR;5;2021-10-14;0;0;0;0;0;0;0;0;0;0;0;0;0;0;0;0;0;0
FR;5;2021-10-15;0;0;0;0;0;0;0;0;0;0;0;0;0;0;0;0;0;0
FR;5;2021-10-16;0;0;0;0;0;0;0;0;0;0;0;0;0;0;0;0;0;0
FR;5;2021-10-17;0;0;0;0;0;0;0;0;0;0;0;0;0;0;0;0;0;0
FR;5;2021-10-18;0;0;0;0;0;0;0;0;0;0;0;0;0;0;0;0;0;0
FR;5;2021-10-19;0;0;0;0;0;0;0;0;0;0;0;0;0;0;0;0;0;0
FR;5;2021-10-20;0;0;0;0;0;0;0;0;0;0;0;0;0;0;0;0;0;0
FR;5;2021-10-21;0;0;0;0;0;0;0;0;0;0;0;0;0;0;0;0;0;0
FR;5;2021-10-22;0;0;0;0;0;0;0;0;0;0;0;0;0;0;0;0;0;0
FR;5;2021-10-23;0;0;0;0;0;0;0;0;0;0;0;0;0;0;0;0;0;0
FR;5;2021-10-24;0;0;0;0;0;0;0;0;0;0;0;0;0;0;0;0;0;0
FR;5;2021-10-25;0;0;0;0;0;0;0;0;0;0;0;0;0;0;0;0;0;0
FR;5;2021-10-26;0;0;0;0;0;0;0;0;0;0;0;0;0;0;0;0;0;0
FR;5;2021-10-27;0;0;0;0;0;0;0;0;0;0;0;0;0;0;0;0;0;0
FR;5;2021-10-28;0;0;0;0;0;0;0;0;0;0;0;0;0;0;0;0;0;0
FR;5;2021-10-29;0;0;0;0;0;0;0;0;0;0;0;0;0;0;0;0;0;0
FR;5;2021-10-30;0;0;0;0;0;0;0;0;0;0;0;0;0;0;0;0;0;0
FR;5;2021-10-31;0;0;0;0;0;0;0;0;0;0;0;0;0;0;0;0;0;0
FR;5;2021-11-01;0;0;0;0;0;0;0;0;0;0;0;0;0;0;0;0;0;0
FR;5;2021-11-02;0;0;0;0;0;0;0;0;0;0;0;0;0;0;0;0;0;0
FR;5;2021-11-03;0;0;0;0;0;0;0;0;0;0;0;0;0;0;0;0;0;0
FR;5;2021-11-04;0;0;0;0;0;0;0;0;0;0;0;0;0;0;0;0;0;0
FR;5;2021-11-05;0;0;0;0;0;0;0;0;0;0;0;0;0;0;0;0;0;0
FR;5;2021-11-06;0;0;0;0;0;0;0;0;0;0;0;0;0;0;0;0;0;0
FR;5;2021-11-07;0;0;0;0;0;0;0;0;0;0;0;0;0;0;0;0;0;0
FR;5;2021-11-08;0;0;0;0;0;0;0;0;0;0;0;0;0;0;0;0;0;0
FR;5;2021-11-09;0;0;0;0;0;0;0;0;0;0;0;0;0;0;0;0;0;0
FR;5;2021-11-10;0;0;0;0;0;0;0;0;0;0;0;0;0;0;0;0;0;0
FR;5;2021-11-11;0;0;0;0;0;0;0;0;0;0;0;0;0;0;0;0;0;0
FR;5;2021-11-12;0;0;0;0;0;0;0;0;0;0;0;0;0;0;0;0;0;0
FR;5;2021-11-13;0;0;0;0;0;0;0;0;0;0;0;0;0;0;0;0;0;0
FR;5;2021-11-14;0;0;0;0;0;0;0;0;0;0;0;0;0;0;0;0;0;0
FR;5;2021-11-15;0;0;0;0;0;0;0;0;0;0;0;0;0;0;0;0;0;0
FR;5;2021-11-16;0;0;0;0;0;0;0;0;0;0;0;0;0;0;0;0;0;0
FR;5;2021-11-17;0;0;0;0;0;0;0;0;0;0;0;0;0;0;0;0;0;0
FR;5;2021-11-18;0;0;0;0;0;0;0;0;0;0;0;0;0;0;0;0;0;0
FR;5;2021-11-19;0;0;0;0;0;0;0;0;0;0;0;0;0;0;0;0;0;0
FR;5;2021-11-20;0;0;0;0;0;0;0;0;0;0;0;0;0;0;0;0;0;0
FR;5;2021-11-21;0;0;0;0;0;0;0;0;0;0;0;0;0;0;0;0;0;0
FR;5;2021-11-22;0;0;0;0;0;0;0;0;0;0;0;0;0;0;0;0;0;0
FR;5;2021-11-23;0;0;0;0;0;0;0;0;0;0;0;0;0;0;0;0;0;0
FR;5;2021-11-24;0;0;0;0;0;0;0;0;0;0;0;0;0;0;0;0;0;0
FR;5;2021-11-25;0;0;0;0;0;0;0;0;0;0;0;0;0;0;0;0;0;0
FR;5;2021-11-26;0;0;0;0;0;0;0;0;0;0;0;0;0;0;0;0;0;0
FR;5;2021-11-27;0;0;0;0;0;0;0;0;0;0;0;0;0;0;0;0;0;0
FR;5;2021-11-28;0;0;0;0;0;0;0;0;0;0;0;0;0;0;0;0;0;0
FR;5;2021-11-29;0;0;0;0;0;0;0;0;0;0;0;0;0;0;0;0;0;0
FR;5;2021-11-30;0;0;0;0;0;0;0;0;0;0;0;0;0;0;0;0;0;0
FR;5;2021-12-01;0;0;0;0;0;0;0;0;0;0;0;0;0;0;0;0;0;0
FR;5;2021-12-02;0;0;0;0;0;0;0;0;0;0;0;0;0;0;0;0;0;0
FR;5;2021-12-03;0;0;0;0;0;0;0;0;0;0;0;0;0;0;0;0;0;0
FR;5;2021-12-04;0;0;0;0;0;0;0;0;0;0;0;0;0;0;0;0;0;0
FR;5;2021-12-05;0;0;0;0;0;0;0;0;0;0;0;0;0;0;0;0;0;0
FR;5;2021-12-06;0;0;0;0;0;0;0;0;0;0;0;0;0;0;0;0;0;0
FR;5;2021-12-07;0;0;0;0;0;0;0;0;0;0;0;0;0;0;0;0;0;0
FR;5;2021-12-08;0;0;0;0;0;0;0;0;0;0;0;0;0;0;0;0;0;0
FR;5;2021-12-09;0;0;0;0;0;0;0;0;0;0;0;0;0;0;0;0;0;0
FR;5;2021-12-10;0;0;0;0;0;0;0;0;0;0;0;0;0;0;0;0;0;0
FR;5;2021-12-11;0;0;0;0;0;0;0;0;0;0;0;0;0;0;0;0;0;0
FR;5;2021-12-12;0;0;0;0;0;0;0;0;0;0;0;0;0;0;0;0;0;0
FR;5;2021-12-13;0;0;0;0;0;0;0;0;0;0;0;0;0;0;0;0;0;0
FR;5;2021-12-14;33;45;77;0;27;88;1;0;0;33;45;77;0;27;88;1;0;0
FR;5;2021-12-15;196;44;37;0;42;49;0;0;0;229;89;114;0;69;137;1;0;0
FR;5;2021-12-16;181;21;44;0;38;48;0;0;0;410;110;158;0;107;185;1;0;0
FR;5;2021-12-17;313;16;72;0;34;74;2;0;0;723;126;230;0;141;259;3;0;0
FR;5;2021-12-18;766;24;22;0;67;29;0;0;0;1489;150;252;0;208;288;3;0;0
FR;5;2021-12-19;585;15;15;0;67;17;0;0;0;2074;165;267;0;275;305;3;0;0
FR;5;2021-12-20;1225;31;34;0;134;37;2;0;0;3299;196;301;0;409;342;5;0;0
FR;5;2021-12-21;1535;22;54;1;141;60;0;0;0;4834;218;355;1;550;402;5;0;0
FR;5;2021-12-22;4069;40;37;0;420;46;2;0;0;8903;258;392;1;970;448;7;0;0
FR;5;2021-12-23;3043;16;21;0;305;25;0;0;0;11946;274;413;1;1275;473;7;0;0
FR;5;2021-12-24;761;18;9;0;103;14;0;0;0;12707;292;422;1;1378;487;7;0;0
FR;5;2021-12-25;61;5;2;0;9;3;0;0;0;12768;297;424;1;1387;490;7;0;0
FR;5;2021-12-26;623;6;3;0;101;4;0;0;0;13391;303;427;1;1488;494;7;0;0
FR;5;2021-12-27;4085;25;21;0;458;23;1;0;0;17476;328;448;1;1946;517;8;0;0
FR;5;2021-12-28;5204;23;41;1;512;43;2;0;0;22680;351;489;2;2458;560;10;0;0
FR;5;2021-12-29;8105;34;66;1;886;69;0;0;0;30785;385;555;3;3344;629;10;0;0
FR;5;2021-12-30;5173;18;33;0;525;39;0;0;0;35958;403;588;3;3869;668;10;0;0
FR;5;2021-12-31;1553;8;10;0;182;11;0;0;0;37511;411;598;3;4051;679;10;0;0
FR;5;2022-01-01;186;2;2;0;24;3;0;0;0;37697;413;600;3;4075;682;10;0;0
FR;5;2022-01-02;1489;1;1;0;152;1;0;0;0;39186;414;601;3;4227;683;10;0;0
FR;5;2022-01-03;3068;36;34;0;322;33;1;0;0;42254;450;635;3;4549;716;11;0;0
FR;5;2022-01-04;3034;39;33;0;320;42;3;0;0;45288;489;668;3;4869;758;14;0;0
FR;5;2022-01-05;19324;203;97;1;2114;108;0;0;0;64612;692;765;4;6983;866;14;0;0
FR;5;2022-01-06;3748;134;122;0;507;142;2;0;0;68360;826;887;4;7490;1008;16;0;0
FR;5;2022-01-07;5006;202;48;2;703;56;1;0;0;73366;1028;935;6;8193;1064;17;0;0
FR;5;2022-01-08;13659;514;45;0;2001;52;0;0;0;87025;1542;980;6;10194;1116;17;0;0
FR;5;2022-01-09;5754;399;15;0;1112;20;1;0;0;92779;1941;995;6;11306;1136;18;0;0
FR;5;2022-01-10;3455;326;25;0;733;29;0;0;0;96234;2267;1020;6;12039;1165;18;0;0
FR;5;2022-01-11;3671;284;38;0;662;41;1;0;0;99905;2551;1058;6;12701;1206;19;0;0
FR;5;2022-01-12;22650;3005;89;0;5297;112;2;0;0;122555;5556;1147;6;17998;1318;21;0;0
FR;5;2022-01-13;4039;623;29;0;1051;31;2;0;0;126594;6179;1176;6;19049;1349;23;0;0
FR;5;2022-01-14;4843;583;45;0;1115;52;1;0;0;131437;6762;1221;6;20164;1401;24;0;0
FR;5;2022-01-15;14686;1747;38;3;3375;49;3;0;0;146123;8509;1259;9;23539;1450;27;0;0
FR;5;2022-01-16;4728;666;3;0;1261;5;0;0;0;150851;9175;1262;9;24800;1455;27;0;0
FR;5;2022-01-17;2297;718;26;0;986;29;0;0;0;153148;9893;1288;9;25786;1484;27;0;0
FR;5;2022-01-18;2431;870;30;0;1141;40;0;0;0;155579;10763;1318;9;26927;1524;27;0;0
FR;5;2022-01-19;18484;6423;74;2;8365;142;3;0;0;174063;17186;1392;11;35292;1666;30;0;0
FR;5;2022-01-20;1920;1067;25;0;1295;34;2;0;0;175983;18253;1417;11;36587;1700;32;0;0
FR;5;2022-01-21;3077;1372;47;1;1677;59;2;0;0;179060;19625;1464;12;38264;1759;34;0;0
FR;5;2022-01-22;10720;3454;33;1;4671;43;1;0;0;189780;23079;1497;13;42935;1802;35;0;0
FR;5;2022-01-23;2629;1415;6;0;1789;10;0;0;0;192409;24494;1503;13;44724;1812;35;0;0
FR;5;2022-01-24;1161;1340;19;0;1446;23;1;0;0;193570;25834;1522;13;46170;1835;36;0;0
FR;5;2022-01-25;1220;1549;20;2;1682;31;3;0;0;194790;27383;1542;15;47852;1866;39;0;0
FR;5;2022-01-26;10748;12032;50;1;13299;89;1;0;1;205538;39415;1592;16;61151;1955;40;0;1
FR;5;2022-01-27;1291;1693;10;0;1838;17;0;0;0;206829;41108;1602;16;62989;1972;40;0;1
FR;5;2022-01-28;1699;3346;16;0;3566;19;1;0;0;208528;44454;1618;16;66555;1991;41;0;1
FR;5;2022-01-29;6241;8041;68;0;8855;96;2;0;0;214769;52495;1686;16;75410;2087;43;0;1
FR;5;2022-01-30;1509;2950;5;0;3185;18;0;0;0;216278;55445;1691;16;78595;2105;43;0;1
FR;5;2022-01-31;589;1773;23;0;1837;24;3;0;0;216867;57218;1714;16;80432;2129;46;0;1
FR;5;2022-02-01;712;1706;10;0;1791;15;0;0;0;217579;58924;1724;16;82223;2144;46;0;1
FR;5;2022-02-02;6958;15655;52;0;16603;94;0;0;0;224537;74579;1776;16;98826;2238;46;0;1
FR;5;2022-02-03;492;1691;14;0;1748;13;5;0;0;225029;76270;1790;16;100574;2251;51;0;1
FR;5;2022-02-04;945;3002;19;0;3123;31;0;0;0;225974;79272;1809;16;103697;2282;51;0;1
FR;5;2022-02-05;3535;8919;23;0;9517;37;0;0;0;229509;88191;1832;16;113214;2319;51;0;1
FR;5;2022-02-06;737;2397;10;0;2556;19;0;0;0;230246;90588;1842;16;115770;2338;51;0;1
FR;5;2022-02-07;884;1596;23;0;1715;25;2;0;0;231130;92184;1865;16;117485;2363;53;0;1
FR;5;2022-02-08;725;1287;18;0;1407;20;2;0;0;231855;93471;1883;16;118892;2383;55;0;1
FR;5;2022-02-09;4544;12880;44;0;13608;76;1;0;0;236399;106351;1927;16;132500;2459;56;0;1
FR;5;2022-02-10;646;1059;14;0;1166;15;0;0;0;237045;107410;1941;16;133666;2474;56;0;1
FR;5;2022-02-11;793;2032;16;0;2163;21;1;0;0;237838;109442;1957;16;135829;2495;57;0;1
FR;5;2022-02-12;2286;6812;33;0;7279;53;0;0;0;240124;116254;1990;16;143108;2548;57;0;1
FR;5;2022-02-13;464;1541;8;0;1654;8;1;0;0;240588;117795;1998;16;144762;2556;58;0;1
FR;5;2022-02-14;678;1288;10;0;1407;13;1;0;0;241266;119083;2008;16;146169;2569;59;0;1
FR;5;2022-02-15;482;886;9;0;968;14;1;0;0;241748;119969;2017;16;147137;2583;60;0;1
FR;5;2022-02-16;2980;9124;41;1;9676;58;2;0;0;244728;129093;2058;17;156813;2641;62;0;1
FR;5;2022-02-17;436;809;6;0;876;7;1;0;0;245164;129902;2064;17;157689;2648;63;0;1
FR;5;2022-02-18;649;1408;13;0;1535;17;0;0;0;245813;131310;2077;17;159224;2665;63;0;1
FR;5;2022-02-19;1373;4315;16;0;4623;28;0;0;0;247186;135625;2093;17;163847;2693;63;0;1
FR;5;2022-02-20;247;879;6;0;941;8;0;0;0;247433;136504;2099;17;164788;2701;63;0;1
FR;5;2022-02-21;221;607;2;0;661;4;1;0;0;247654;137111;2101;17;165449;2705;64;0;1
FR;5;2022-02-22;262;545;17;0;591;17;1;0;0;247916;137656;2118;17;166040;2722;65;0;1
FR;5;2022-02-23;1909;6926;23;1;7346;43;0;0;0;249825;144582;2141;18;173386;2765;65;0;1
FR;5;2022-02-24;182;374;6;1;421;7;1;0;0;250007;144956;2147;19;173807;2772;66;0;1
FR;5;2022-02-25;336;950;13;0;1027;12;2;0;0;250343;145906;2160;19;174834;2784;68;0;1
FR;5;2022-02-26;972;3071;11;0;3333;15;2;0;0;251315;148977;2171;19;178167;2799;70;0;1
FR;5;2022-02-27;151;506;0;0;549;3;0;0;0;251466;149483;2171;19;178716;2802;70;0;1
FR;5;2022-02-28;162;369;1;0;408;1;0;0;0;251628;149852;2172;19;179124;2803;70;0;1
FR;5;2022-03-01;130;280;6;0;315;7;1;0;0;251758;150132;2178;19;179439;2810;71;0;1
FR;5;2022-03-02;1242;4156;28;3;4497;40;3;0;0;253000;154288;2206;22;183936;2850;74;0;1
FR;5;2022-03-03;121;251;5;0;271;10;1;0;0;253121;154539;2211;22;184207;2860;75;0;1
FR;5;2022-03-04;197;488;13;0;538;14;2;0;0;253318;155027;2224;22;184745;2874;77;0;1
FR;5;2022-03-05;677;1990;8;0;2243;16;2;0;0;253995;157017;2232;22;186988;2890;79;0;1
FR;5;2022-03-06;108;260;0;0;310;0;0;0;0;254103;157277;2232;22;187298;2890;79;0;1
FR;5;2022-03-07;71;228;5;0;254;3;2;0;0;254174;157505;2237;22;187552;2893;81;0;1
FR;5;2022-03-08;46;134;7;1;141;8;3;0;0;254220;157639;2244;23;187693;2901;84;0;1
FR;5;2022-03-09;910;3078;24;0;3408;36;0;0;0;255130;160717;2268;23;191101;2937;84;0;1
FR;5;2022-03-10;82;202;9;0;215;13;3;0;0;255212;160919;2277;23;191316;2950;87;0;1
FR;5;2022-03-11;148;369;13;1;427;15;0;0;0;255360;161288;2290;24;191743;2965;87;0;1
FR;5;2022-03-12;758;1613;13;1;1976;30;0;0;0;256118;162901;2303;25;193719;2995;87;0;1
FR;5;2022-03-13;78;100;0;0;133;0;0;0;0;256196;163001;2303;25;193852;2995;87;0;1
FR;5;2022-03-14;67;119;7;1;139;7;1;0;0;256263;163120;2310;26;193991;3002;88;0;1
FR;5;2022-03-15;83;99;4;0;119;7;1;0;0;256346;163219;2314;26;194110;3009;89;0;1
FR;5;2022-03-16;882;1827;15;3;2227;36;7;0;0;257228;165046;2329;29;196337;3045;96;0;1
FR;5;2022-03-17;68;123;8;4;151;10;4;0;0;257296;165169;2337;33;196488;3055;100;0;1
FR;5;2022-03-18;172;318;13;4;391;18;4;0;0;257468;165487;2350;37;196879;3073;104;0;1
FR;5;2022-03-19;752;1163;12;5;1555;33;8;0;0;258220;166650;2362;42;198434;3106;112;0;1
FR;5;2022-03-20;45;93;1;0;119;1;0;0;0;258265;166743;2363;42;198553;3107;112;0;1
FR;5;2022-03-21;71;120;10;6;136;15;8;0;0;258336;166863;2373;48;198689;3122;120;0;1
FR;5;2022-03-22;56;119;8;7;143;9;6;0;0;258392;166982;2381;55;198832;3131;126;0;1
FR;5;2022-03-23;805;1461;14;8;1878;36;9;0;0;259197;168443;2395;63;200710;3167;135;0;1
FR;5;2022-03-24;71;93;8;7;118;7;10;0;0;259268;168536;2403;70;200828;3174;145;0;1
FR;5;2022-03-25;222;293;14;8;388;18;9;0;0;259490;168829;2417;78;201216;3192;154;0;1
FR;5;2022-03-26;707;853;12;5;1273;26;6;0;1;260197;169682;2429;83;202489;3218;160;0;2
FR;5;2022-03-27;75;81;0;0;124;3;0;0;0;260272;169763;2429;83;202613;3221;160;0;2
FR;5;2022-03-28;81;93;1;2;132;3;2;0;0;260353;169856;2430;85;202745;3224;162;0;2
FR;5;2022-03-29;71;82;10;4;113;12;5;0;0;260424;169938;2440;89;202858;3236;167;0;2
FR;5;2022-03-30;823;1116;16;13;1604;29;14;0;0;261247;171054;2456;102;204462;3265;181;0;2
FR;5;2022-03-31;102;125;1;4;173;6;4;0;0;261349;171179;2457;106;204635;3271;185;0;2
FR;5;2022-04-01;114;86;7;12;135;11;12;0;1;261463;171265;2464;118;204770;3282;197;0;3
FR;5;2022-04-02;330;349;3;3;535;15;4;0;0;261793;171614;2467;121;205305;3297;201;0;3
FR;5;2022-04-03;54;59;1;0;88;1;0;0;0;261847;171673;2468;121;205393;3298;201;0;3
FR;5;2022-04-04;40;57;4;1;70;8;2;0;0;261887;171730;2472;122;205463;3306;203;0;3
FR;5;2022-04-05;53;60;6;6;75;9;5;0;0;261940;171790;2478;128;205538;3315;208;0;3
FR;5;2022-04-06;421;439;7;14;678;16;14;0;0;262361;172229;2485;142;206216;3331;222;0;3
FR;5;2022-04-07;45;69;5;7;89;7;10;0;0;262406;172298;2490;149;206305;3338;232;0;3
FR;5;2022-04-08;134;112;12;13;175;14;15;0;0;262540;172410;2502;162;206480;3352;247;0;3
FR;5;2022-04-09;311;324;2;5;511;17;5;0;0;262851;172734;2504;167;206991;3369;252;0;3
FR;5;2022-04-10;44;31;2;0;61;2;1;0;0;262895;172765;2506;167;207052;3371;253;0;3
FR;5;2022-04-11;50;60;3;2;78;4;3;0;0;262945;172825;2509;169;207130;3375;256;0;3
FR;5;2022-04-12;59;54;3;3;78;5;3;0;0;263004;172879;2512;172;207208;3380;259;0;3
FR;5;2022-04-13;382;413;3;8;606;16;8;0;0;263386;173292;2515;180;207814;3396;267;0;3
FR;5;2022-04-14;48;53;5;5;70;9;3;0;0;263434;173345;2520;185;207884;3405;270;0;3
FR;5;2022-04-15;91;109;4;4;150;5;6;0;0;263525;173454;2524;189;208034;3410;276;0;3
FR;5;2022-04-16;188;184;2;1;265;13;1;0;0;263713;173638;2526;190;208299;3423;277;0;3
FR;5;2022-04-17;12;11;1;0;17;1;0;0;0;263725;173649;2527;190;208316;3424;277;0;3
FR;5;2022-04-18;9;10;2;0;11;3;1;0;0;263734;173659;2529;190;208327;3427;278;0;3
FR;5;2022-04-19;75;71;6;1;96;6;4;0;0;263809;173730;2535;191;208423;3433;282;0;3
FR;5;2022-04-20;361;349;9;6;522;12;7;0;0;264170;174079;2544;197;208945;3445;289;0;3
FR;5;2022-04-21;42;64;9;10;71;12;14;0;0;264212;174143;2553;207;209016;3457;303;0;3
FR;5;2022-04-22;113;96;5;4;144;5;5;0;0;264325;174239;2558;211;209160;3462;308;0;3
FR;5;2022-04-23;209;193;4;2;284;11;3;0;0;264534;174432;2562;213;209444;3473;311;0;3
FR;5;2022-04-24;37;35;0;0;50;3;0;0;0;264571;174467;2562;213;209494;3476;311;0;3
FR;5;2022-04-25;69;65;1;1;102;4;1;0;0;264640;174532;2563;214;209596;3480;312;0;3
FR;5;2022-04-26;60;63;2;1;85;5;1;0;0;264700;174595;2565;215;209681;3485;313;0;3
FR;5;2022-04-27;335;316;3;7;463;14;8;0;0;265035;174911;2568;222;210144;3499;321;0;3
FR;5;2022-04-28;81;54;4;5;81;8;7;0;0;265116;174965;2572;227;210225;3507;328;0;3
FR;5;2022-04-29;117;84;5;19;117;12;17;0;0;265233;175049;2577;246;210342;3519;345;0;3
FR;5;2022-04-30;183;114;2;3;184;10;4;0;0;265416;175163;2579;249;210526;3529;349;0;3
FR;5;2022-05-01;11;7;0;0;11;0;0;0;0;265427;175170;2579;249;210537;3529;349;0;3
FR;5;2022-05-02;52;28;4;5;48;2;7;0;0;265479;175198;2583;254;210585;3531;356;0;3
FR;5;2022-05-03;87;57;2;4;84;11;4;0;0;265566;175255;2585;258;210669;3542;360;0;3
FR;5;2022-05-04;278;205;1;2;324;7;2;0;0;265844;175460;2586;260;210993;3549;362;0;3
FR;5;2022-05-05;62;32;3;4;46;5;4;0;0;265906;175492;2589;264;211039;3554;366;0;3
FR;5;2022-05-06;105;65;2;3;106;5;3;0;0;266011;175557;2591;267;211145;3559;369;0;3
FR;5;2022-05-07;171;117;2;10;180;13;7;0;0;266182;175674;2593;277;211325;3572;376;0;3
FR;5;2022-05-08;8;8;0;0;9;2;0;0;0;266190;175682;2593;277;211334;3574;376;0;3
FR;5;2022-05-09;44;34;15;3;51;16;4;0;0;266234;175716;2608;280;211385;3590;380;0;3
FR;5;2022-05-10;54;49;3;4;67;5;5;0;0;266288;175765;2611;284;211452;3595;385;0;3
FR;5;2022-05-11;327;237;12;7;344;21;11;0;0;266615;176002;2623;291;211796;3616;396;0;3
FR;5;2022-05-12;46;34;2;2;47;2;3;0;0;266661;176036;2625;293;211843;3618;399;0;3
FR;5;2022-05-13;109;83;3;8;119;8;7;0;0;266770;176119;2628;301;211962;3626;406;0;3
FR;5;2022-05-14;209;131;0;1;212;8;0;0;0;266979;176250;2628;302;212174;3634;406;0;3
FR;5;2022-05-15;22;9;2;0;18;1;1;0;0;267001;176259;2630;302;212192;3635;407;0;3
FR;5;2022-05-16;52;34;4;5;53;4;5;0;0;267053;176293;2634;307;212245;3639;412;0;3
FR;5;2022-05-17;72;40;5;0;68;2;3;0;0;267125;176333;2639;307;212313;3641;415;0;3
FR;5;2022-05-18;289;215;4;4;330;8;6;0;0;267414;176548;2643;311;212643;3649;421;0;3
FR;5;2022-05-19;45;35;5;3;42;3;4;0;0;267459;176583;2648;314;212685;3652;425;0;3
FR;5;2022-05-20;76;63;3;10;92;1;11;0;0;267535;176646;2651;324;212777;3653;436;0;3
FR;5;2022-05-21;242;166;2;3;268;17;1;0;0;267777;176812;2653;327;213045;3670;437;0;3
FR;5;2022-05-22;20;14;2;5;20;2;6;0;0;267797;176826;2655;332;213065;3672;443;0;3
FR;5;2022-05-23;42;31;4;3;42;6;3;0;0;267839;176857;2659;335;213107;3678;446;0;3
FR;5;2022-05-24;47;45;3;2;60;5;2;0;0;267886;176902;2662;337;213167;3683;448;0;3
FR;5;2022-05-25;329;257;4;1;385;16;1;0;0;268215;177159;2666;338;213552;3699;449;0;3
FR;5;2022-05-26;17;5;0;1;9;2;0;0;1;268232;177164;2666;339;213561;3701;449;0;4
FR;5;2022-05-27;99;54;4;4;89;9;3;0;0;268331;177218;2670;343;213650;3710;452;0;4
FR;5;2022-05-28;100;78;5;3;106;10;3;0;0;268431;177296;2675;346;213756;3720;455;0;4
FR;5;2022-05-29;14;14;1;0;18;2;0;0;0;268445;177310;2676;346;213774;3722;455;0;4
FR;5;2022-05-30;56;41;2;1;54;2;2;0;0;268501;177351;2678;347;213828;3724;457;0;4
FR;5;2022-05-31;57;43;1;8;62;1;8;0;0;268558;177394;2679;355;213890;3725;465;0;4
FR;5;2022-06-01;257;241;9;2;301;25;5;0;0;268815;177635;2688;357;214191;3750;470;0;4
FR;5;2022-06-02;63;61;5;0;73;9;1;0;0;268878;177696;2693;357;214264;3759;471;0;4
FR;5;2022-06-03;82;71;4;5;88;10;6;0;0;268960;177767;2697;362;214352;3769;477;0;4
FR;5;2022-06-04;157;109;2;1;187;9;1;0;0;269117;177876;2699;363;214539;3778;478;0;4
FR;5;2022-06-05;18;11;0;0;21;1;0;0;0;269135;177887;2699;363;214560;3779;478;0;4
FR;5;2022-06-06;16;12;0;1;15;0;1;0;0;269151;177899;2699;364;214575;3779;479;0;4
FR;5;2022-06-07;50;56;1;1;76;2;1;0;0;269201;177955;2700;365;214651;3781;480;0;4
FR;5;2022-06-08;283;225;3;4;332;17;2;0;0;269484;178180;2703;369;214983;3798;482;0;4
FR;5;2022-06-09;52;41;6;3;57;7;2;0;1;269536;178221;2709;372;215040;3805;484;0;5
FR;5;2022-06-10;81;72;1;1;105;6;1;0;0;269617;178293;2710;373;215145;3811;485;0;5
FR;5;2022-06-11;173;141;3;3;202;10;4;0;0;269790;178434;2713;376;215347;3821;489;0;5
FR;5;2022-06-12;17;16;0;0;19;2;0;0;0;269807;178450;2713;376;215366;3823;489;0;5
FR;5;2022-06-13;56;47;9;3;70;10;6;0;0;269863;178497;2722;379;215436;3833;495;0;5
FR;5;2022-06-14;59;56;1;4;64;6;4;0;0;269922;178553;2723;383;215500;3839;499;0;5
FR;5;2022-06-15;266;260;5;2;363;27;1;0;0;270188;178813;2728;385;215863;3866;500;0;5
FR;5;2022-06-16;47;30;5;2;44;5;2;0;0;270235;178843;2733;387;215907;3871;502;0;5
FR;5;2022-06-17;100;67;5;5;102;10;5;0;0;270335;178910;2738;392;216009;3881;507;0;5
FR;5;2022-06-18;146;95;10;2;152;26;2;0;1;270481;179005;2748;394;216161;3907;509;0;6
FR;5;2022-06-19;26;15;0;1;18;4;1;0;0;270507;179020;2748;395;216179;3911;510;0;6
FR;5;2022-06-20;56;50;8;0;62;11;2;0;0;270563;179070;2756;395;216241;3922;512;0;6
FR;5;2022-06-21;52;73;5;3;90;7;5;0;1;270615;179143;2761;398;216331;3929;517;0;7
FR;5;2022-06-22;224;247;7;9;347;33;10;0;0;270839;179390;2768;407;216678;3962;527;0;7
FR;5;2022-06-23;50;38;2;5;43;6;6;0;0;270889;179428;2770;412;216721;3968;533;0;7
FR;5;2022-06-24;91;70;12;5;101;16;8;0;0;270980;179498;2782;417;216822;3984;541;0;7
FR;5;2022-06-25;154;124;3;7;185;14;8;0;1;271134;179622;2785;424;217007;3998;549;0;8
FR;5;2022-06-26;26;19;2;0;29;5;0;0;0;271160;179641;2787;424;217036;4003;549;0;8
FR;5;2022-06-27;57;60;5;7;78;11;9;0;0;271217;179701;2792;431;217114;4014;558;0;8
FR;5;2022-06-28;70;49;8;2;69;14;5;0;0;271287;179750;2800;433;217183;4028;563;0;8
FR;5;2022-06-29;297;268;9;21;391;34;23;0;0;271584;180018;2809;454;217574;4062;586;0;8
FR;5;2022-06-30;89;57;10;12;89;17;11;0;0;271673;180075;2819;466;217663;4079;597;0;8
FR;5;2022-07-01;127;65;7;11;118;12;11;0;2;271800;180140;2826;477;217781;4091;608;0;10
FR;5;2022-07-02;191;132;4;0;210;22;0;0;0;271991;180272;2830;477;217991;4113;608;0;10
FR;5;2022-07-03;30;25;1;0;36;4;0;0;0;272021;180297;2831;477;218027;4117;608;0;10
FR;5;2022-07-04;103;65;2;5;102;7;5;0;1;272124;180362;2833;482;218129;4124;613;0;11
FR;5;2022-07-05;104;72;3;8;107;13;8;0;1;272228;180434;2836;490;218236;4137;621;0;12
FR;5;2022-07-06;277;168;9;36;289;27;36;0;0;272505;180602;2845;526;218525;4164;657;0;12
FR;5;2022-07-07;88;69;6;9;89;13;11;0;0;272593;180671;2851;535;218614;4177;668;0;12
FR;5;2022-07-08;152;120;7;14;146;25;13;0;1;272745;180791;2858;549;218760;4202;681;0;13
FR;5;2022-07-09;116;68;1;8;100;10;8;0;0;272861;180859;2859;557;218860;4212;689;0;13
FR;5;2022-07-10;15;6;0;0;10;1;0;0;0;272876;180865;2859;557;218870;4213;689;0;13
FR;5;2022-07-11;92;72;10;2;98;19;3;0;0;272968;180937;2869;559;218968;4232;692;0;13
FR;5;2022-07-12;67;63;5;10;81;7;12;0;0;273035;181000;2874;569;219049;4239;704;0;13
FR;5;2022-07-13;169;118;10;19;196;16;23;0;0;273204;181118;2884;588;219245;4255;727;0;13
FR;5;2022-07-14;8;4;0;0;7;0;0;0;0;273212;181122;2884;588;219252;4255;727;0;13
FR;5;2022-07-15;74;66;5;14;86;15;15;0;0;273286;181188;2889;602;219338;4270;742;0;13
FR;5;2022-07-16;54;44;3;0;71;3;2;0;0;273340;181232;2892;602;219409;4273;744;0;13
FR;5;2022-07-17;10;7;3;0;10;2;2;0;0;273350;181239;2895;602;219419;4275;746;0;13
FR;5;2022-07-18;60;47;0;4;70;4;3;0;0;273410;181286;2895;606;219489;4279;749;0;13
FR;5;2022-07-19;63;42;5;3;63;7;4;0;0;273473;181328;2900;609;219552;4286;753;0;13
FR;5;2022-07-20;119;106;4;11;141;14;9;0;0;273592;181434;2904;620;219693;4300;762;0;13
FR;5;2022-07-21;38;43;2;10;52;5;10;0;0;273630;181477;2906;630;219745;4305;772;0;13
FR;5;2022-07-22;48;69;11;13;75;23;11;0;1;273678;181546;2917;643;219820;4328;783;0;14
FR;5;2022-07-23;59;78;2;1;95;11;2;0;0;273737;181624;2919;644;219915;4339;785;0;14
FR;5;2022-07-24;11;9;3;1;12;3;1;0;0;273748;181633;2922;645;219927;4342;786;0;14
FR;5;2022-07-25;53;48;2;7;57;8;8;0;0;273801;181681;2924;652;219984;4350;794;0;14
FR;5;2022-07-26;58;52;5;41;70;6;44;0;0;273859;181733;2929;693;220054;4356;838;0;14
FR;5;2022-07-27;106;118;4;4;161;13;4;0;0;273965;181851;2933;697;220215;4369;842;0;14
FR;5;2022-07-28;39;35;2;2;47;6;1;0;0;274004;181886;2935;699;220262;4375;843;0;14
FR;5;2022-07-29;56;74;3;14;90;8;10;0;0;274060;181960;2938;713;220352;4383;853;0;14
FR;5;2022-07-30;55;53;5;1;75;7;2;0;0;274115;182013;2943;714;220427;4390;855;0;14
FR;5;2022-07-31;7;11;1;0;13;1;0;0;0;274122;182024;2944;714;220440;4391;855;0;14
FR;5;2022-08-01;39;53;1;2;64;6;2;0;0;274161;182077;2945;716;220504;4397;857;0;14
FR;5;2022-08-02;32;43;8;7;47;8;7;0;1;274193;182120;2953;723;220551;4405;864;0;15
FR;5;2022-08-03;54;51;4;10;70;9;8;0;0;274247;182171;2957;733;220621;4414;872;0;15
FR;5;2022-08-04;20;18;1;6;22;1;6;0;0;274267;182189;2958;739;220643;4415;878;0;15
FR;5;2022-08-05;35;26;3;3;39;3;3;0;0;274302;182215;2961;742;220682;4418;881;0;15
FR;5;2022-08-06;23;26;1;0;31;1;0;0;0;274325;182241;2962;742;220713;4419;881;0;15
FR;5;2022-08-07;2;2;1;0;1;1;1;0;0;274327;182243;2963;742;220714;4420;882;0;15
FR;5;2022-08-08;26;19;1;2;24;2;1;0;0;274353;182262;2964;744;220738;4422;883;0;15
FR;5;2022-08-09;26;28;3;3;35;3;3;0;0;274379;182290;2967;747;220773;4425;886;0;15
FR;5;2022-08-10;47;47;2;0;56;5;0;0;0;274426;182337;2969;747;220829;4430;886;0;15
FR;5;2022-08-11;19;36;2;2;42;5;2;0;0;274445;182373;2971;749;220871;4435;888;0;15
FR;5;2022-08-12;27;28;2;0;39;2;0;0;0;274472;182401;2973;749;220910;4437;888;0;15
FR;5;2022-08-13;16;18;0;0;24;0;0;0;0;274488;182419;2973;749;220934;4437;888;0;15
FR;5;2022-08-14;2;3;0;0;4;0;0;0;0;274490;182422;2973;749;220938;4437;888;0;15
FR;5;2022-08-15;2;5;0;0;5;0;0;0;0;274492;182427;2973;749;220943;4437;888;0;15
FR;5;2022-08-16;33;26;3;0;28;6;0;0;0;274525;182453;2976;749;220971;4443;888;0;15
FR;5;2022-08-17;52;55;2;1;72;1;1;0;0;274577;182508;2978;750;221043;4444;889;0;15
FR;5;2022-08-18;26;18;8;17;25;10;16;0;0;274603;182526;2986;767;221068;4454;905;0;15
FR;5;2022-08-19;25;34;1;2;42;2;2;0;0;274628;182560;2987;769;221110;4456;907;0;15
FR;5;2022-08-20;25;27;2;1;33;4;2;0;0;274653;182587;2989;770;221143;4460;909;0;15
FR;5;2022-08-21;7;4;1;0;7;1;0;0;0;274660;182591;2990;770;221150;4461;909;0;15
FR;5;2022-08-22;39;26;1;6;42;2;5;0;1;274699;182617;2991;776;221192;4463;914;0;16
FR;5;2022-08-23;27;26;1;1;32;2;1;0;0;274726;182643;2992;777;221224;4465;915;0;16
FR;5;2022-08-24;50;43;0;0;62;0;0;0;0;274776;182686;2992;777;221286;4465;915;0;16
FR;5;2022-08-25;27;26;3;1;31;2;0;0;1;274803;182712;2995;778;221317;4467;915;0;17
FR;5;2022-08-26;48;39;7;2;58;5;4;0;0;274851;182751;3002;780;221375;4472;919;0;17
FR;5;2022-08-27;46;28;1;0;46;3;1;0;0;274897;182779;3003;780;221421;4475;920;0;17
FR;5;2022-08-28;5;6;0;0;6;0;0;0;0;274902;182785;3003;780;221427;4475;920;0;17
FR;5;2022-08-29;58;44;1;1;66;4;1;0;0;274960;182829;3004;781;221493;4479;921;0;17
FR;5;2022-08-30;45;23;12;29;40;10;30;0;1;275005;182852;3016;810;221533;4489;951;0;18
FR;5;2022-08-31;53;47;6;1;58;11;1;0;0;275058;182899;3022;811;221591;4500;952;0;18
FR;5;2022-09-01;16;8;1;4;13;1;4;0;0;275074;182907;3023;815;221604;4501;956;0;18
FR;5;2022-09-02;42;23;8;2;35;9;3;0;0;275116;182930;3031;817;221639;4510;959;0;18
FR;5;2022-09-03;69;37;2;0;58;2;0;0;0;275185;182967;3033;817;221697;4512;959;0;18
FR;5;2022-09-04;12;7;1;0;8;3;0;0;0;275197;182974;3034;817;221705;4515;959;0;18
FR;5;2022-09-05;7;4;1;0;4;1;0;0;0;275204;182978;3035;817;221709;4516;959;0;18
FR;5;2022-09-06;21;14;3;15;17;2;14;0;2;275225;182992;3038;832;221726;4518;973;0;20
FR;5;2022-09-07;79;53;1;1;76;3;1;0;0;275304;183045;3039;833;221802;4521;974;0;20
FR;5;2022-09-08;9;4;0;4;7;0;4;0;0;275313;183049;3039;837;221809;4521;978;0;20
FR;5;2022-09-09;40;11;9;2;14;10;3;0;0;275353;183060;3048;839;221823;4531;981;0;20
FR;5;2022-09-10;40;45;1;1;50;8;1;0;0;275393;183105;3049;840;221873;4539;982;0;20
FR;5;2022-09-11;3;3;0;0;3;1;0;0;0;275396;183108;3049;840;221876;4540;982;0;20
FR;5;2022-09-12;7;5;2;2;7;2;2;0;0;275403;183113;3051;842;221883;4542;984;0;20
FR;5;2022-09-13;9;6;0;1;4;3;1;0;0;275412;183119;3051;843;221887;4545;985;0;20
FR;5;2022-09-14;52;47;4;6;55;9;5;0;0;275464;183166;3055;849;221942;4554;990;0;20
FR;5;2022-09-15;11;13;2;3;11;5;3;0;0;275475;183179;3057;852;221953;4559;993;0;20
FR;5;2022-09-16;25;33;1;4;38;3;3;0;0;275500;183212;3058;856;221991;4562;996;0;20
FR;5;2022-09-17;60;43;1;1;51;5;1;0;0;275560;183255;3059;857;222042;4567;997;0;20
FR;5;2022-09-18;9;6;0;1;10;1;0;0;0;275569;183261;3059;858;222052;4568;997;0;20
FR;5;2022-09-19;22;17;2;1;20;5;2;0;0;275591;183278;3061;859;222072;4573;999;0;20
FR;5;2022-09-20;15;11;3;3;15;1;4;0;0;275606;183289;3064;862;222087;4574;1003;0;20
FR;5;2022-09-21;68;45;9;0;65;13;0;0;0;275674;183334;3073;862;222152;4587;1003;0;20
FR;5;2022-09-22;12;6;4;24;6;4;23;0;1;275686;183340;3077;886;222158;4591;1026;0;21
FR;5;2022-09-23;20;25;2;3;23;8;3;0;0;275706;183365;3079;889;222181;4599;1029;0;21
FR;5;2022-09-24;44;51;1;8;65;5;8;0;0;275750;183416;3080;897;222246;4604;1037;0;21
FR;5;2022-09-25;6;12;0;0;13;1;0;0;0;275756;183428;3080;897;222259;4605;1037;0;21
FR;5;2022-09-26;15;7;0;2;12;0;1;0;1;275771;183435;3080;899;222271;4605;1038;0;22
FR;5;2022-09-27;7;12;4;9;14;4;9;0;1;275778;183447;3084;908;222285;4609;1047;0;23
FR;5;2022-09-28;65;64;5;0;88;7;0;0;0;275843;183511;3089;908;222373;4616;1047;0;23
FR;5;2022-09-29;17;9;1;0;15;1;1;0;1;275860;183520;3090;908;222388;4617;1048;0;24
FR;5;2022-09-30;28;46;2;2;53;4;3;0;0;275888;183566;3092;910;222441;4621;1051;0;24
FR;5;2022-10-01;40;35;5;5;48;8;7;0;0;275928;183601;3097;915;222489;4629;1058;0;24
FR;5;2022-10-02;1;9;1;0;10;1;0;0;0;275929;183610;3098;915;222499;4630;1058;0;24
FR;5;2022-10-03;7;6;3;0;5;4;0;0;0;275936;183616;3101;915;222504;4634;1058;0;24
FR;5;2022-10-04;11;8;1;3;11;2;3;0;0;275947;183624;3102;918;222515;4636;1061;0;24
FR;5;2022-10-05;57;62;2;2;79;13;2;0;0;276004;183686;3104;920;222594;4649;1063;0;24
FR;5;2022-10-06;12;10;1;4;15;2;4;0;0;276016;183696;3105;924;222609;4651;1067;0;24
FR;5;2022-10-07;21;31;1;0;34;5;0;0;0;276037;183727;3106;924;222643;4656;1067;0;24
FR;5;2022-10-08;33;51;1;0;54;7;0;0;0;276070;183778;3107;924;222697;4663;1067;0;24
FR;5;2022-10-09;7;10;0;0;11;1;0;0;0;276077;183788;3107;924;222708;4664;1067;0;24
FR;5;2022-10-10;14;6;0;1;8;1;1;0;0;276091;183794;3107;925;222716;4665;1068;0;24
FR;5;2022-10-11;6;13;2;1;14;2;2;0;0;276097;183807;3109;926;222730;4667;1070;0;24
FR;5;2022-10-12;39;57;3;2;69;8;2;0;0;276136;183864;3112;928;222799;4675;1072;0;24
FR;5;2022-10-13;11;16;2;0;18;4;0;0;0;276147;183880;3114;928;222817;4679;1072;0;24
FR;5;2022-10-14;21;21;1;0;20;5;0;0;0;276168;183901;3115;928;222837;4684;1072;0;24
FR;5;2022-10-15;19;26;10;0;25;11;2;0;0;276187;183927;3125;928;222862;4695;1074;0;24
FR;5;2022-10-16;3;1;0;0;1;1;0;0;0;276190;183928;3125;928;222863;4696;1074;0;24
FR;5;2022-10-17;8;8;2;1;8;3;1;0;2;276198;183936;3127;929;222871;4699;1075;0;26
FR;5;2022-10-18;6;7;0;2;8;0;2;0;0;276204;183943;3127;931;222879;4699;1077;0;26
FR;5;2022-10-19;38;43;8;0;52;11;0;0;1;276242;183986;3135;931;222931;4710;1077;0;27
FR;5;2022-10-20;18;15;2;1;16;3;1;0;0;276260;184001;3137;932;222947;4713;1078;0;27
FR;5;2022-10-21;22;15;6;0;19;8;1;0;2;276282;184016;3143;932;222966;4721;1079;0;29
FR;5;2022-10-22;34;29;2;12;32;5;12;0;0;276316;184045;3145;944;222998;4726;1091;0;29
FR;5;2022-10-23;9;3;0;0;4;0;0;0;0;276325;184048;3145;944;223002;4726;1091;0;29
FR;5;2022-10-24;14;7;6;7;9;9;8;0;0;276339;184055;3151;951;223011;4735;1099;0;29
FR;5;2022-10-25;12;9;6;3;9;8;3;0;2;276351;184064;3157;954;223020;4743;1102;0;31
FR;5;2022-10-26;34;22;6;0;29;10;0;0;0;276385;184086;3163;954;223049;4753;1102;0;31
FR;5;2022-10-27;16;4;4;0;11;4;0;0;0;276401;184090;3167;954;223060;4757;1102;0;31
FR;5;2022-10-28;19;13;5;3;14;6;4;0;0;276420;184103;3172;957;223074;4763;1106;0;31
FR;5;2022-10-29;21;13;0;0;17;3;0;0;0;276441;184116;3172;957;223091;4766;1106;0;31
FR;5;2022-10-30;1;4;2;0;4;3;0;0;0;276442;184120;3174;957;223095;4769;1106;0;31
FR;5;2022-10-31;14;11;2;1;12;3;1;0;0;276456;184131;3176;958;223107;4772;1107;0;31
FR;5;2022-11-01;3;3;0;1;3;0;1;0;0;276459;184134;3176;959;223110;4772;1108;0;31
FR;5;2022-11-02;23;17;5;4;23;5;5;0;0;276482;184151;3181;963;223133;4777;1113;0;31
FR;5;2022-11-03;22;4;1;1;11;1;1;0;0;276504;184155;3182;964;223144;4778;1114;0;31
FR;5;2022-11-04;19;18;1;0;18;2;0;0;0;276523;184173;3183;964;223162;4780;1114;0;31
FR;5;2022-11-05;25;16;1;0;21;1;0;0;0;276548;184189;3184;964;223183;4781;1114;0;31
FR;5;2022-11-06;1;7;0;0;7;0;0;0;0;276549;184196;3184;964;223190;4781;1114;0;31
FR;5;2022-11-07;5;3;3;0;3;3;0;0;0;276554;184199;3187;964;223193;4784;1114;0;31
FR;5;2022-11-08;12;7;1;2;8;1;1;0;0;276566;184206;3188;966;223201;4785;1115;0;31
FR;5;2022-11-09;30;29;6;1;32;6;1;0;0;276596;184235;3194;967;223233;4791;1116;0;31
FR;5;2022-11-10;11;16;1;0;17;1;0;0;0;276607;184251;3195;967;223250;4792;1116;0;31
FR;5;2022-11-11;2;4;0;1;6;0;1;0;0;276609;184255;3195;968;223256;4792;1117;0;31
FR;5;2022-11-12;19;10;5;9;18;6;9;0;2;276628;184265;3200;977;223274;4798;1126;0;33
FR;5;2022-11-13;2;2;0;1;2;0;1;0;0;276630;184267;3200;978;223276;4798;1127;0;33
FR;5;2022-11-14;8;10;0;1;9;3;0;0;0;276638;184277;3200;979;223285;4801;1127;0;33
FR;5;2022-11-15;8;6;4;3;6;4;3;0;0;276646;184283;3204;982;223291;4805;1130;0;33
FR;5;2022-11-16;29;28;2;1;32;5;0;0;0;276675;184311;3206;983;223323;4810;1130;0;33
FR;5;2022-11-17;6;15;4;0;15;5;0;0;0;276681;184326;3210;983;223338;4815;1130;0;33
FR;5;2022-11-18;16;17;7;0;19;9;0;0;0;276697;184343;3217;983;223357;4824;1130;0;33
FR;5;2022-11-19;18;27;2;0;28;6;0;0;0;276715;184370;3219;983;223385;4830;1130;0;33
FR;5;2022-11-20;6;3;0;0;5;0;0;0;0;276721;184373;3219;983;223390;4830;1130;0;33
FR;5;2022-11-21;8;5;0;2;4;2;1;0;0;276729;184378;3219;985;223394;4832;1131;0;33
FR;5;2022-11-22;9;3;0;1;4;0;1;0;0;276738;184381;3219;986;223398;4832;1132;0;33
FR;5;2022-11-23;34;25;6;1;27;13;0;0;0;276772;184406;3225;987;223425;4845;1132;0;33
FR;5;2022-11-24;3;7;2;1;8;1;2;0;0;276775;184413;3227;988;223433;4846;1134;0;33
FR;5;2022-11-25;15;20;2;0;25;3;0;0;1;276790;184433;3229;988;223458;4849;1134;0;34
FR;5;2022-11-26;22;19;4;0;20;8;0;0;0;276812;184452;3233;988;223478;4857;1134;0;34
FR;5;2022-11-27;7;0;1;0;3;1;0;0;0;276819;184452;3234;988;223481;4858;1134;0;34
FR;5;2022-11-28;7;12;3;0;12;5;0;0;0;276826;184464;3237;988;223493;4863;1134;0;34
FR;5;2022-11-29;10;9;1;0;11;3;0;0;1;276836;184473;3238;988;223504;4866;1134;0;35
FR;5;2022-11-30;35;48;12;0;56;17;1;0;0;276871;184521;3250;988;223560;4883;1135;0;35
FR;5;2022-12-01;5;10;2;0;10;3;0;0;0;276876;184531;3252;988;223570;4886;1135;0;35
FR;5;2022-12-02;1;5;2;1;4;3;1;0;0;276877;184536;3254;989;223574;4889;1136;0;35
FR;5;2022-12-03;3;3;8;1;5;8;1;0;0;276880;184539;3262;990;223579;4897;1137;0;35
FR;5;2022-12-04;3;2;1;0;2;2;0;0;0;276883;184541;3263;990;223581;4899;1137;0;35
FR;5;2022-12-05;0;1;0;0;0;1;0;0;0;276883;184542;3263;990;223581;4900;1137;0;35
FR;5;2022-12-06;4;1;0;0;1;0;0;0;1;276887;184543;3263;990;223582;4900;1137;0;36
FR;5;2022-12-07;5;8;1;0;8;1;0;0;0;276892;184551;3264;990;223590;4901;1137;0;36
FR;5;2022-12-08;2;2;0;0;2;0;0;0;0;276894;184553;3264;990;223592;4901;1137;0;36
FR;5;2022-12-09;3;8;0;0;6;2;0;0;0;276897;184561;3264;990;223598;4903;1137;0;36
FR;5;2022-12-10;4;7;2;1;8;2;1;0;0;276901;184568;3266;991;223606;4905;1138;0;36
FR;5;2022-12-11;2;0;0;0;0;0;0;0;0;276903;184568;3266;991;223606;4905;1138;0;36
FR;5;2022-12-12;0;0;0;0;0;0;0;0;0;276903;184568;3266;991;223606;4905;1138;0;36
FR;5;2022-12-13;2;3;0;0;4;1;0;0;0;276905;184571;3266;991;223610;4906;1138;0;36
FR;5;2022-12-14;2;2;0;9;2;1;8;0;3;276907;184573;3266;1000;223612;4907;1146;0;39
FR;5;2022-12-15;0;2;0;0;2;0;0;0;0;276907;184575;3266;1000;223614;4907;1146;0;39
FR;5;2022-12-16;3;2;2;0;3;3;0;0;0;276910;184577;3268;1000;223617;4910;1146;0;39
FR;5;2022-12-17;3;3;3;0;3;2;1;0;0;276913;184580;3271;1000;223620;4912;1147;0;39
FR;5;2022-12-18;3;0;0;1;0;0;1;0;1;276916;184580;3271;1001;223620;4912;1148;0;40
FR;5;2022-12-19;1;0;0;2;0;0;2;0;0;276917;184580;3271;1003;223620;4912;1150;0;40
FR;5;2022-12-20;0;1;3;0;1;3;0;0;0;276917;184581;3274;1003;223621;4915;1150;0;40
FR;5;2022-12-21;2;4;0;0;4;0;0;0;0;276919;184585;3274;1003;223625;4915;1150;0;40
FR;5;2022-12-22;2;2;0;0;2;0;0;0;0;276921;184587;3274;1003;223627;4915;1150;0;40
FR;5;2022-12-23;3;1;1;0;1;1;0;0;0;276924;184588;3275;1003;223628;4916;1150;0;40
FR;5;2022-12-24;0;1;0;0;1;0;0;0;0;276924;184589;3275;1003;223629;4916;1150;0;40
FR;5;2022-12-25;0;1;2;0;0;3;0;0;0;276924;184590;3277;1003;223629;4919;1150;0;40
FR;5;2022-12-26;2;2;0;0;2;0;0;0;0;276926;184592;3277;1003;223631;4919;1150;0;40
FR;5;2022-12-27;0;3;0;0;3;0;0;0;0;276926;184595;3277;1003;223634;4919;1150;0;40
FR;5;2022-12-28;5;2;3;0;2;3;2;0;0;276931;184597;3280;1003;223636;4922;1152;0;40
FR;5;2022-12-29;3;2;2;0;3;2;0;0;0;276934;184599;3282;1003;223639;4924;1152;0;40
FR;5;2022-12-30;1;2;1;0;2;1;0;0;0;276935;184601;3283;1003;223641;4925;1152;0;40
FR;5;2022-12-31;0;0;0;0;0;0;0;0;0;276935;184601;3283;1003;223641;4925;1152;0;40
FR;5;2023-01-01;0;0;0;0;0;0;0;0;0;276935;184601;3283;1003;223641;4925;1152;0;40
FR;5;2023-01-02;1;1;1;0;1;1;0;0;0;276936;184602;3284;1003;223642;4926;1152;0;40
FR;5;2023-01-03;1;1;0;0;2;0;0;0;0;276937;184603;3284;1003;223644;4926;1152;0;40
FR;5;2023-01-04;6;1;1;0;2;1;0;0;0;276943;184604;3285;1003;223646;4927;1152;0;40
FR;5;2023-01-05;0;1;0;0;1;0;0;0;0;276943;184605;3285;1003;223647;4927;1152;0;40
FR;5;2023-01-06;2;1;1;0;1;1;0;0;0;276945;184606;3286;1003;223648;4928;1152;0;40
FR;5;2023-01-07;5;1;1;0;1;2;0;0;0;276950;184607;3287;1003;223649;4930;1152;0;40
FR;5;2023-01-08;2;2;0;0;2;0;0;0;0;276952;184609;3287;1003;223651;4930;1152;0;40
FR;5;2023-01-09;4;0;1;0;1;1;0;0;0;276956;184609;3288;1003;223652;4931;1152;0;40
FR;5;2023-01-10;3;1;0;0;2;0;0;0;0;276959;184610;3288;1003;223654;4931;1152;0;40
FR;5;2023-01-11;7;5;2;0;4;3;0;0;0;276966;184615;3290;1003;223658;4934;1152;0;40
FR;5;2023-01-12;13;6;4;0;6;6;0;0;0;276979;184621;3294;1003;223664;4940;1152;0;40
FR;5;2023-01-13;53;16;15;0;31;17;0;0;0;277032;184637;3309;1003;223695;4957;1152;0;40
FR;5;2023-01-14;56;34;13;1;33;20;2;0;0;277088;184671;3322;1004;223728;4977;1154;0;40
FR;5;2023-01-15;13;9;0;0;5;4;0;0;0;277101;184680;3322;1004;223733;4981;1154;0;40
FR;5;2023-01-16;13;8;2;0;8;2;0;0;0;277114;184688;3324;1004;223741;4983;1154;0;40
FR;5;2023-01-17;12;8;3;0;4;7;0;0;0;277126;184696;3327;1004;223745;4990;1154;0;40
FR;5;2023-01-18;71;35;21;2;46;25;2;0;0;277197;184731;3348;1006;223791;5015;1156;0;40
FR;5;2023-01-19;13;6;8;0;5;10;1;0;0;277210;184737;3356;1006;223796;5025;1157;0;40
FR;5;2023-01-20;27;15;12;0;15;17;0;0;2;277237;184752;3368;1006;223811;5042;1157;0;42
FR;5;2023-01-21;34;23;18;1;30;21;1;0;0;277271;184775;3386;1007;223841;5063;1158;0;42
FR;5;2023-01-22;6;4;2;0;4;3;0;0;0;277277;184779;3388;1007;223845;5066;1158;0;42
FR;5;2023-01-23;6;5;3;0;3;5;0;0;0;277283;184784;3391;1007;223848;5071;1158;0;42
FR;5;2023-01-24;16;3;3;0;6;4;0;0;0;277299;184787;3394;1007;223854;5075;1158;0;42
FR;5;2023-01-25;33;29;12;2;25;23;2;0;0;277332;184816;3406;1009;223879;5098;1160;0;42
FR;5;2023-01-26;6;5;4;0;6;4;0;0;0;277338;184821;3410;1009;223885;5102;1160;0;42
FR;5;2023-01-27;18;13;8;0;17;8;1;0;0;277356;184834;3418;1009;223902;5110;1161;0;42
FR;5;2023-01-28;21;8;4;3;11;6;3;0;0;277377;184842;3422;1012;223913;5116;1164;0;42
FR;5;2023-01-29;0;3;0;0;2;1;0;0;0;277377;184845;3422;1012;223915;5117;1164;0;42
FR;5;2023-01-30;7;5;3;0;4;6;0;0;0;277384;184850;3425;1012;223919;5123;1164;0;42
FR;5;2023-01-31;3;7;2;0;5;4;0;0;0;277387;184857;3427;1012;223924;5127;1164;0;42
FR;5;2023-02-01;18;17;7;1;18;8;1;0;0;277405;184874;3434;1013;223942;5135;1165;0;42
FR;5;2023-02-02;6;8;1;0;7;2;0;0;0;277411;184882;3435;1013;223949;5137;1165;0;42
FR;6;2020-12-27;0;0;0;0;0;0;0;0;0;0;0;0;0;0;0;0;0;0
FR;6;2020-12-28;0;0;0;0;0;0;0;0;0;0;0;0;0;0;0;0;0;0
FR;6;2020-12-29;0;0;0;0;0;0;0;0;0;0;0;0;0;0;0;0;0;0
FR;6;2020-12-30;0;0;0;0;0;0;0;0;0;0;0;0;0;0;0;0;0;0
FR;6;2020-12-31;0;0;0;0;0;0;0;0;0;0;0;0;0;0;0;0;0;0
FR;6;2021-01-01;0;0;0;0;0;0;0;0;0;0;0;0;0;0;0;0;0;0
FR;6;2021-01-02;0;0;0;0;0;0;0;0;0;0;0;0;0;0;0;0;0;0
FR;6;2021-01-03;0;0;0;0;0;0;0;0;0;0;0;0;0;0;0;0;0;0
FR;6;2021-01-04;0;0;0;0;0;0;0;0;0;0;0;0;0;0;0;0;0;0
FR;6;2021-01-05;0;0;0;0;0;0;0;0;0;0;0;0;0;0;0;0;0;0
FR;6;2021-01-06;0;0;0;0;0;0;0;0;0;0;0;0;0;0;0;0;0;0
FR;6;2021-01-07;0;0;0;0;0;0;0;0;0;0;0;0;0;0;0;0;0;0
FR;6;2021-01-08;0;0;0;0;0;0;0;0;0;0;0;0;0;0;0;0;0;0
FR;6;2021-01-09;0;0;0;0;0;0;0;0;0;0;0;0;0;0;0;0;0;0
FR;6;2021-01-10;0;0;0;0;0;0;0;0;0;0;0;0;0;0;0;0;0;0
FR;6;2021-01-11;0;0;0;0;0;0;0;0;0;0;0;0;0;0;0;0;0;0
FR;6;2021-01-12;0;0;0;0;0;0;0;0;0;0;0;0;0;0;0;0;0;0
FR;6;2021-01-13;0;0;0;0;0;0;0;0;0;0;0;0;0;0;0;0;0;0
FR;6;2021-01-14;0;0;0;0;0;0;0;0;0;0;0;0;0;0;0;0;0;0
FR;6;2021-01-15;0;0;0;0;0;0;0;0;0;0;0;0;0;0;0;0;0;0
FR;6;2021-01-16;0;0;0;0;0;0;0;0;0;0;0;0;0;0;0;0;0;0
FR;6;2021-01-17;0;0;0;0;0;0;0;0;0;0;0;0;0;0;0;0;0;0
FR;6;2021-01-18;0;0;0;0;0;0;0;0;0;0;0;0;0;0;0;0;0;0
FR;6;2021-01-19;0;0;0;0;0;0;0;0;0;0;0;0;0;0;0;0;0;0
FR;6;2021-01-20;0;0;0;0;0;0;0;0;0;0;0;0;0;0;0;0;0;0
FR;6;2021-01-21;0;0;0;0;0;0;0;0;0;0;0;0;0;0;0;0;0;0
FR;6;2021-01-22;0;0;0;0;0;0;0;0;0;0;0;0;0;0;0;0;0;0
FR;6;2021-01-23;0;0;0;0;0;0;0;0;0;0;0;0;0;0;0;0;0;0
FR;6;2021-01-24;0;0;0;0;0;0;0;0;0;0;0;0;0;0;0;0;0;0
FR;6;2021-01-25;0;0;0;0;0;0;0;0;0;0;0;0;0;0;0;0;0;0
FR;6;2021-01-26;0;0;0;0;0;0;0;0;0;0;0;0;0;0;0;0;0;0
FR;6;2021-01-27;0;0;0;0;0;0;0;0;0;0;0;0;0;0;0;0;0;0
FR;6;2021-01-28;0;0;0;0;0;0;0;0;0;0;0;0;0;0;0;0;0;0
FR;6;2021-01-29;0;0;0;0;0;0;0;0;0;0;0;0;0;0;0;0;0;0
FR;6;2021-01-30;0;0;0;0;0;0;0;0;0;0;0;0;0;0;0;0;0;0
FR;6;2021-01-31;0;0;0;0;0;0;0;0;0;0;0;0;0;0;0;0;0;0
FR;6;2021-02-01;0;0;0;0;0;0;0;0;0;0;0;0;0;0;0;0;0;0
FR;6;2021-02-02;0;0;0;0;0;0;0;0;0;0;0;0;0;0;0;0;0;0
FR;6;2021-02-03;0;0;0;0;0;0;0;0;0;0;0;0;0;0;0;0;0;0
FR;6;2021-02-04;0;0;0;0;0;0;0;0;0;0;0;0;0;0;0;0;0;0
FR;6;2021-02-05;0;0;0;0;0;0;0;0;0;0;0;0;0;0;0;0;0;0
FR;6;2021-02-06;0;0;0;0;0;0;0;0;0;0;0;0;0;0;0;0;0;0
FR;6;2021-02-07;0;0;0;0;0;0;0;0;0;0;0;0;0;0;0;0;0;0
FR;6;2021-02-08;0;0;0;0;0;0;0;0;0;0;0;0;0;0;0;0;0;0
FR;6;2021-02-09;0;0;0;0;0;0;0;0;0;0;0;0;0;0;0;0;0;0
FR;6;2021-02-10;0;0;0;0;0;0;0;0;0;0;0;0;0;0;0;0;0;0
FR;6;2021-02-11;0;0;0;0;0;0;0;0;0;0;0;0;0;0;0;0;0;0
FR;6;2021-02-12;0;0;0;0;0;0;0;0;0;0;0;0;0;0;0;0;0;0
FR;6;2021-02-13;0;0;0;0;0;0;0;0;0;0;0;0;0;0;0;0;0;0
FR;6;2021-02-14;0;0;0;0;0;0;0;0;0;0;0;0;0;0;0;0;0;0
FR;6;2021-02-15;0;0;0;0;0;0;0;0;0;0;0;0;0;0;0;0;0;0
FR;6;2021-02-16;0;0;0;0;0;0;0;0;0;0;0;0;0;0;0;0;0;0
FR;6;2021-02-17;0;0;0;0;0;0;0;0;0;0;0;0;0;0;0;0;0;0
FR;6;2021-02-18;0;0;0;0;0;0;0;0;0;0;0;0;0;0;0;0;0;0
FR;6;2021-02-19;0;0;0;0;0;0;0;0;0;0;0;0;0;0;0;0;0;0
FR;6;2021-02-20;0;0;0;0;0;0;0;0;0;0;0;0;0;0;0;0;0;0
FR;6;2021-02-21;0;0;0;0;0;0;0;0;0;0;0;0;0;0;0;0;0;0
FR;6;2021-02-22;0;0;0;0;0;0;0;0;0;0;0;0;0;0;0;0;0;0
FR;6;2021-02-23;0;0;0;0;0;0;0;0;0;0;0;0;0;0;0;0;0;0
FR;6;2021-02-24;0;0;0;0;0;0;0;0;0;0;0;0;0;0;0;0;0;0
FR;6;2021-02-25;0;0;0;0;0;0;0;0;0;0;0;0;0;0;0;0;0;0
FR;6;2021-02-26;0;0;0;0;0;0;0;0;0;0;0;0;0;0;0;0;0;0
FR;6;2021-02-27;0;0;0;0;0;0;0;0;0;0;0;0;0;0;0;0;0;0
FR;6;2021-02-28;0;0;0;0;0;0;0;0;0;0;0;0;0;0;0;0;0;0
FR;6;2021-03-01;0;0;0;0;0;0;0;0;0;0;0;0;0;0;0;0;0;0
FR;6;2021-03-02;0;0;0;0;0;0;0;0;0;0;0;0;0;0;0;0;0;0
FR;6;2021-03-03;0;0;0;0;0;0;0;0;0;0;0;0;0;0;0;0;0;0
FR;6;2021-03-04;0;0;0;0;0;0;0;0;0;0;0;0;0;0;0;0;0;0
FR;6;2021-03-05;0;0;0;0;0;0;0;0;0;0;0;0;0;0;0;0;0;0
FR;6;2021-03-06;0;0;0;0;0;0;0;0;0;0;0;0;0;0;0;0;0;0
FR;6;2021-03-07;0;0;0;0;0;0;0;0;0;0;0;0;0;0;0;0;0;0
FR;6;2021-03-08;0;0;0;0;0;0;0;0;0;0;0;0;0;0;0;0;0;0
FR;6;2021-03-09;0;0;0;0;0;0;0;0;0;0;0;0;0;0;0;0;0;0
FR;6;2021-03-10;0;0;0;0;0;0;0;0;0;0;0;0;0;0;0;0;0;0
FR;6;2021-03-11;0;0;0;0;0;0;0;0;0;0;0;0;0;0;0;0;0;0
FR;6;2021-03-12;0;0;0;0;0;0;0;0;0;0;0;0;0;0;0;0;0;0
FR;6;2021-03-13;0;0;0;0;0;0;0;0;0;0;0;0;0;0;0;0;0;0
FR;6;2021-03-14;0;0;0;0;0;0;0;0;0;0;0;0;0;0;0;0;0;0
FR;6;2021-03-15;0;0;0;0;0;0;0;0;0;0;0;0;0;0;0;0;0;0
FR;6;2021-03-16;0;0;0;0;0;0;0;0;0;0;0;0;0;0;0;0;0;0
FR;6;2021-03-17;0;0;0;0;0;0;0;0;0;0;0;0;0;0;0;0;0;0
FR;6;2021-03-18;0;0;0;0;0;0;0;0;0;0;0;0;0;0;0;0;0;0
FR;6;2021-03-19;0;0;0;0;0;0;0;0;0;0;0;0;0;0;0;0;0;0
FR;6;2021-03-20;0;0;0;0;0;0;0;0;0;0;0;0;0;0;0;0;0;0
FR;6;2021-03-21;0;0;0;0;0;0;0;0;0;0;0;0;0;0;0;0;0;0
FR;6;2021-03-22;0;0;0;0;0;0;0;0;0;0;0;0;0;0;0;0;0;0
FR;6;2021-03-23;0;0;0;0;0;0;0;0;0;0;0;0;0;0;0;0;0;0
FR;6;2021-03-24;0;0;0;0;0;0;0;0;0;0;0;0;0;0;0;0;0;0
FR;6;2021-03-25;0;0;0;0;0;0;0;0;0;0;0;0;0;0;0;0;0;0
FR;6;2021-03-26;0;0;0;0;0;0;0;0;0;0;0;0;0;0;0;0;0;0
FR;6;2021-03-27;0;0;0;0;0;0;0;0;0;0;0;0;0;0;0;0;0;0
FR;6;2021-03-28;0;0;0;0;0;0;0;0;0;0;0;0;0;0;0;0;0;0
FR;6;2021-03-29;0;0;0;0;0;0;0;0;0;0;0;0;0;0;0;0;0;0
FR;6;2021-03-30;0;0;0;0;0;0;0;0;0;0;0;0;0;0;0;0;0;0
FR;6;2021-03-31;0;0;0;0;0;0;0;0;0;0;0;0;0;0;0;0;0;0
FR;6;2021-04-01;0;0;0;0;0;0;0;0;0;0;0;0;0;0;0;0;0;0
FR;6;2021-04-02;0;0;0;0;0;0;0;0;0;0;0;0;0;0;0;0;0;0
FR;6;2021-04-03;0;0;0;0;0;0;0;0;0;0;0;0;0;0;0;0;0;0
FR;6;2021-04-04;0;0;0;0;0;0;0;0;0;0;0;0;0;0;0;0;0;0
FR;6;2021-04-05;0;0;0;0;0;0;0;0;0;0;0;0;0;0;0;0;0;0
FR;6;2021-04-06;0;0;0;0;0;0;0;0;0;0;0;0;0;0;0;0;0;0
FR;6;2021-04-07;0;0;0;0;0;0;0;0;0;0;0;0;0;0;0;0;0;0
FR;6;2021-04-08;0;0;0;0;0;0;0;0;0;0;0;0;0;0;0;0;0;0
FR;6;2021-04-09;0;0;0;0;0;0;0;0;0;0;0;0;0;0;0;0;0;0
FR;6;2021-04-10;0;0;0;0;0;0;0;0;0;0;0;0;0;0;0;0;0;0
FR;6;2021-04-11;0;0;0;0;0;0;0;0;0;0;0;0;0;0;0;0;0;0
FR;6;2021-04-12;0;0;0;0;0;0;0;0;0;0;0;0;0;0;0;0;0;0
FR;6;2021-04-13;0;0;0;0;0;0;0;0;0;0;0;0;0;0;0;0;0;0
FR;6;2021-04-14;0;0;0;0;0;0;0;0;0;0;0;0;0;0;0;0;0;0
FR;6;2021-04-15;0;0;0;0;0;0;0;0;0;0;0;0;0;0;0;0;0;0
FR;6;2021-04-16;0;0;0;0;0;0;0;0;0;0;0;0;0;0;0;0;0;0
FR;6;2021-04-17;0;0;0;0;0;0;0;0;0;0;0;0;0;0;0;0;0;0
FR;6;2021-04-18;0;0;0;0;0;0;0;0;0;0;0;0;0;0;0;0;0;0
FR;6;2021-04-19;0;0;0;0;0;0;0;0;0;0;0;0;0;0;0;0;0;0
FR;6;2021-04-20;0;0;0;0;0;0;0;0;0;0;0;0;0;0;0;0;0;0
FR;6;2021-04-21;0;0;0;0;0;0;0;0;0;0;0;0;0;0;0;0;0;0
FR;6;2021-04-22;0;0;0;0;0;0;0;0;0;0;0;0;0;0;0;0;0;0
FR;6;2021-04-23;0;0;0;0;0;0;0;0;0;0;0;0;0;0;0;0;0;0
FR;6;2021-04-24;0;0;0;0;0;0;0;0;0;0;0;0;0;0;0;0;0;0
FR;6;2021-04-25;0;0;0;0;0;0;0;0;0;0;0;0;0;0;0;0;0;0
FR;6;2021-04-26;0;0;0;0;0;0;0;0;0;0;0;0;0;0;0;0;0;0
FR;6;2021-04-27;0;0;0;0;0;0;0;0;0;0;0;0;0;0;0;0;0;0
FR;6;2021-04-28;0;0;0;0;0;0;0;0;0;0;0;0;0;0;0;0;0;0
FR;6;2021-04-29;0;0;0;0;0;0;0;0;0;0;0;0;0;0;0;0;0;0
FR;6;2021-04-30;0;0;0;0;0;0;0;0;0;0;0;0;0;0;0;0;0;0
FR;6;2021-05-01;0;0;0;0;0;0;0;0;0;0;0;0;0;0;0;0;0;0
FR;6;2021-05-02;0;0;0;0;0;0;0;0;0;0;0;0;0;0;0;0;0;0
FR;6;2021-05-03;0;0;0;0;0;0;0;0;0;0;0;0;0;0;0;0;0;0
FR;6;2021-05-04;0;0;0;0;0;0;0;0;0;0;0;0;0;0;0;0;0;0
FR;6;2021-05-05;0;0;0;0;0;0;0;0;0;0;0;0;0;0;0;0;0;0
FR;6;2021-05-06;0;0;0;0;0;0;0;0;0;0;0;0;0;0;0;0;0;0
FR;6;2021-05-07;0;0;0;0;0;0;0;0;0;0;0;0;0;0;0;0;0;0
FR;6;2021-05-08;0;0;0;0;0;0;0;0;0;0;0;0;0;0;0;0;0;0
FR;6;2021-05-09;0;0;0;0;0;0;0;0;0;0;0;0;0;0;0;0;0;0
FR;6;2021-05-10;0;0;0;0;0;0;0;0;0;0;0;0;0;0;0;0;0;0
FR;6;2021-05-11;0;0;0;0;0;0;0;0;0;0;0;0;0;0;0;0;0;0
FR;6;2021-05-12;0;0;0;0;0;0;0;0;0;0;0;0;0;0;0;0;0;0
FR;6;2021-05-13;0;0;0;0;0;0;0;0;0;0;0;0;0;0;0;0;0;0
FR;6;2021-05-14;0;0;0;0;0;0;0;0;0;0;0;0;0;0;0;0;0;0
FR;6;2021-05-15;0;0;0;0;0;0;0;0;0;0;0;0;0;0;0;0;0;0
FR;6;2021-05-16;0;0;0;0;0;0;0;0;0;0;0;0;0;0;0;0;0;0
FR;6;2021-05-17;0;0;0;0;0;0;0;0;0;0;0;0;0;0;0;0;0;0
FR;6;2021-05-18;0;0;0;0;0;0;0;0;0;0;0;0;0;0;0;0;0;0
FR;6;2021-05-19;0;0;0;0;0;0;0;0;0;0;0;0;0;0;0;0;0;0
FR;6;2021-05-20;0;0;0;0;0;0;0;0;0;0;0;0;0;0;0;0;0;0
FR;6;2021-05-21;0;0;0;0;0;0;0;0;0;0;0;0;0;0;0;0;0;0
FR;6;2021-05-22;0;0;0;0;0;0;0;0;0;0;0;0;0;0;0;0;0;0
FR;6;2021-05-23;0;0;0;0;0;0;0;0;0;0;0;0;0;0;0;0;0;0
FR;6;2021-05-24;0;0;0;0;0;0;0;0;0;0;0;0;0;0;0;0;0;0
FR;6;2021-05-25;0;0;0;0;0;0;0;0;0;0;0;0;0;0;0;0;0;0
FR;6;2021-05-26;0;0;0;0;0;0;0;0;0;0;0;0;0;0;0;0;0;0
FR;6;2021-05-27;0;0;0;0;0;0;0;0;0;0;0;0;0;0;0;0;0;0
FR;6;2021-05-28;0;0;0;0;0;0;0;0;0;0;0;0;0;0;0;0;0;0
FR;6;2021-05-29;0;0;0;0;0;0;0;0;0;0;0;0;0;0;0;0;0;0
FR;6;2021-05-30;0;0;0;0;0;0;0;0;0;0;0;0;0;0;0;0;0;0
FR;6;2021-05-31;0;0;0;0;0;0;0;0;0;0;0;0;0;0;0;0;0;0
FR;6;2021-06-01;0;0;0;0;0;0;0;0;0;0;0;0;0;0;0;0;0;0
FR;6;2021-06-02;0;0;0;0;0;0;0;0;0;0;0;0;0;0;0;0;0;0
FR;6;2021-06-03;0;0;0;0;0;0;0;0;0;0;0;0;0;0;0;0;0;0
FR;6;2021-06-04;0;0;0;0;0;0;0;0;0;0;0;0;0;0;0;0;0;0
FR;6;2021-06-05;0;0;0;0;0;0;0;0;0;0;0;0;0;0;0;0;0;0
FR;6;2021-06-06;0;0;0;0;0;0;0;0;0;0;0;0;0;0;0;0;0;0
FR;6;2021-06-07;0;0;0;0;0;0;0;0;0;0;0;0;0;0;0;0;0;0
FR;6;2021-06-08;0;0;0;0;0;0;0;0;0;0;0;0;0;0;0;0;0;0
FR;6;2021-06-09;0;0;0;0;0;0;0;0;0;0;0;0;0;0;0;0;0;0
FR;6;2021-06-10;0;0;0;0;0;0;0;0;0;0;0;0;0;0;0;0;0;0
FR;6;2021-06-11;0;0;0;0;0;0;0;0;0;0;0;0;0;0;0;0;0;0
FR;6;2021-06-12;0;0;0;0;0;0;0;0;0;0;0;0;0;0;0;0;0;0
FR;6;2021-06-13;0;0;0;0;0;0;0;0;0;0;0;0;0;0;0;0;0;0
FR;6;2021-06-14;0;0;0;0;0;0;0;0;0;0;0;0;0;0;0;0;0;0
FR;6;2021-06-15;0;0;0;0;0;0;0;0;0;0;0;0;0;0;0;0;0;0
FR;6;2021-06-16;0;0;0;0;0;0;0;0;0;0;0;0;0;0;0;0;0;0
FR;6;2021-06-17;0;0;0;0;0;0;0;0;0;0;0;0;0;0;0;0;0;0
FR;6;2021-06-18;0;0;0;0;0;0;0;0;0;0;0;0;0;0;0;0;0;0
FR;6;2021-06-19;0;0;0;0;0;0;0;0;0;0;0;0;0;0;0;0;0;0
FR;6;2021-06-20;0;0;0;0;0;0;0;0;0;0;0;0;0;0;0;0;0;0
FR;6;2021-06-21;0;0;0;0;0;0;0;0;0;0;0;0;0;0;0;0;0;0
FR;6;2021-06-22;0;0;0;0;0;0;0;0;0;0;0;0;0;0;0;0;0;0
FR;6;2021-06-23;0;0;0;0;0;0;0;0;0;0;0;0;0;0;0;0;0;0
FR;6;2021-06-24;0;0;0;0;0;0;0;0;0;0;0;0;0;0;0;0;0;0
FR;6;2021-06-25;0;0;0;0;0;0;0;0;0;0;0;0;0;0;0;0;0;0
FR;6;2021-06-26;0;0;0;0;0;0;0;0;0;0;0;0;0;0;0;0;0;0
FR;6;2021-06-27;0;0;0;0;0;0;0;0;0;0;0;0;0;0;0;0;0;0
FR;6;2021-06-28;0;0;0;0;0;0;0;0;0;0;0;0;0;0;0;0;0;0
FR;6;2021-06-29;0;0;0;0;0;0;0;0;0;0;0;0;0;0;0;0;0;0
FR;6;2021-06-30;0;0;0;0;0;0;0;0;0;0;0;0;0;0;0;0;0;0
FR;6;2021-07-01;0;0;0;0;0;0;0;0;0;0;0;0;0;0;0;0;0;0
FR;6;2021-07-02;0;0;0;0;0;0;0;0;0;0;0;0;0;0;0;0;0;0
FR;6;2021-07-03;0;0;0;0;0;0;0;0;0;0;0;0;0;0;0;0;0;0
FR;6;2021-07-04;0;0;0;0;0;0;0;0;0;0;0;0;0;0;0;0;0;0
FR;6;2021-07-05;0;0;0;0;0;0;0;0;0;0;0;0;0;0;0;0;0;0
FR;6;2021-07-06;0;0;0;0;0;0;0;0;0;0;0;0;0;0;0;0;0;0
FR;6;2021-07-07;0;0;0;0;0;0;0;0;0;0;0;0;0;0;0;0;0;0
FR;6;2021-07-08;0;0;0;0;0;0;0;0;0;0;0;0;0;0;0;0;0;0
FR;6;2021-07-09;0;0;0;0;0;0;0;0;0;0;0;0;0;0;0;0;0;0
FR;6;2021-07-10;0;0;0;0;0;0;0;0;0;0;0;0;0;0;0;0;0;0
FR;6;2021-07-11;0;0;0;0;0;0;0;0;0;0;0;0;0;0;0;0;0;0
FR;6;2021-07-12;0;0;0;0;0;0;0;0;0;0;0;0;0;0;0;0;0;0
FR;6;2021-07-13;0;0;0;0;0;0;0;0;0;0;0;0;0;0;0;0;0;0
FR;6;2021-07-14;0;0;0;0;0;0;0;0;0;0;0;0;0;0;0;0;0;0
FR;6;2021-07-15;0;0;0;0;0;0;0;0;0;0;0;0;0;0;0;0;0;0
FR;6;2021-07-16;0;0;0;0;0;0;0;0;0;0;0;0;0;0;0;0;0;0
FR;6;2021-07-17;0;0;0;0;0;0;0;0;0;0;0;0;0;0;0;0;0;0
FR;6;2021-07-18;0;0;0;0;0;0;0;0;0;0;0;0;0;0;0;0;0;0
FR;6;2021-07-19;0;0;0;0;0;0;0;0;0;0;0;0;0;0;0;0;0;0
FR;6;2021-07-20;0;0;0;0;0;0;0;0;0;0;0;0;0;0;0;0;0;0
FR;6;2021-07-21;0;0;0;0;0;0;0;0;0;0;0;0;0;0;0;0;0;0
FR;6;2021-07-22;0;0;0;0;0;0;0;0;0;0;0;0;0;0;0;0;0;0
FR;6;2021-07-23;0;0;0;0;0;0;0;0;0;0;0;0;0;0;0;0;0;0
FR;6;2021-07-24;0;0;0;0;0;0;0;0;0;0;0;0;0;0;0;0;0;0
FR;6;2021-07-25;0;0;0;0;0;0;0;0;0;0;0;0;0;0;0;0;0;0
FR;6;2021-07-26;0;0;0;0;0;0;0;0;0;0;0;0;0;0;0;0;0;0
FR;6;2021-07-27;0;0;0;0;0;0;0;0;0;0;0;0;0;0;0;0;0;0
FR;6;2021-07-28;0;0;0;0;0;0;0;0;0;0;0;0;0;0;0;0;0;0
FR;6;2021-07-29;0;0;0;0;0;0;0;0;0;0;0;0;0;0;0;0;0;0
FR;6;2021-07-30;0;0;0;0;0;0;0;0;0;0;0;0;0;0;0;0;0;0
FR;6;2021-07-31;0;0;0;0;0;0;0;0;0;0;0;0;0;0;0;0;0;0
FR;6;2021-08-01;0;0;0;0;0;0;0;0;0;0;0;0;0;0;0;0;0;0
FR;6;2021-08-02;0;0;0;0;0;0;0;0;0;0;0;0;0;0;0;0;0;0
FR;6;2021-08-03;0;0;0;0;0;0;0;0;0;0;0;0;0;0;0;0;0;0
FR;6;2021-08-04;0;0;0;0;0;0;0;0;0;0;0;0;0;0;0;0;0;0
FR;6;2021-08-05;0;0;0;0;0;0;0;0;0;0;0;0;0;0;0;0;0;0
FR;6;2021-08-06;0;0;0;0;0;0;0;0;0;0;0;0;0;0;0;0;0;0
FR;6;2021-08-07;0;0;0;0;0;0;0;0;0;0;0;0;0;0;0;0;0;0
FR;6;2021-08-08;0;0;0;0;0;0;0;0;0;0;0;0;0;0;0;0;0;0
FR;6;2021-08-09;0;0;0;0;0;0;0;0;0;0;0;0;0;0;0;0;0;0
FR;6;2021-08-10;0;0;0;0;0;0;0;0;0;0;0;0;0;0;0;0;0;0
FR;6;2021-08-11;0;0;0;0;0;0;0;0;0;0;0;0;0;0;0;0;0;0
FR;6;2021-08-12;0;0;0;0;0;0;0;0;0;0;0;0;0;0;0;0;0;0
FR;6;2021-08-13;0;0;0;0;0;0;0;0;0;0;0;0;0;0;0;0;0;0
FR;6;2021-08-14;0;0;0;0;0;0;0;0;0;0;0;0;0;0;0;0;0;0
FR;6;2021-08-15;0;0;0;0;0;0;0;0;0;0;0;0;0;0;0;0;0;0
FR;6;2021-08-16;0;0;0;0;0;0;0;0;0;0;0;0;0;0;0;0;0;0
FR;6;2021-08-17;0;0;0;0;0;0;0;0;0;0;0;0;0;0;0;0;0;0
FR;6;2021-08-18;0;0;0;0;0;0;0;0;0;0;0;0;0;0;0;0;0;0
FR;6;2021-08-19;0;0;0;0;0;0;0;0;0;0;0;0;0;0;0;0;0;0
FR;6;2021-08-20;0;0;0;0;0;0;0;0;0;0;0;0;0;0;0;0;0;0
FR;6;2021-08-21;0;0;0;0;0;0;0;0;0;0;0;0;0;0;0;0;0;0
FR;6;2021-08-22;0;0;0;0;0;0;0;0;0;0;0;0;0;0;0;0;0;0
FR;6;2021-08-23;0;0;0;0;0;0;0;0;0;0;0;0;0;0;0;0;0;0
FR;6;2021-08-24;0;0;0;0;0;0;0;0;0;0;0;0;0;0;0;0;0;0
FR;6;2021-08-25;0;0;0;0;0;0;0;0;0;0;0;0;0;0;0;0;0;0
FR;6;2021-08-26;0;0;0;0;0;0;0;0;0;0;0;0;0;0;0;0;0;0
FR;6;2021-08-27;0;0;0;0;0;0;0;0;0;0;0;0;0;0;0;0;0;0
FR;6;2021-08-28;0;0;0;0;0;0;0;0;0;0;0;0;0;0;0;0;0;0
FR;6;2021-08-29;0;0;0;0;0;0;0;0;0;0;0;0;0;0;0;0;0;0
FR;6;2021-08-30;0;0;0;0;0;0;0;0;0;0;0;0;0;0;0;0;0;0
FR;6;2021-08-31;0;0;0;0;0;0;0;0;0;0;0;0;0;0;0;0;0;0
FR;6;2021-09-01;0;0;0;0;0;0;0;0;0;0;0;0;0;0;0;0;0;0
FR;6;2021-09-02;0;0;0;0;0;0;0;0;0;0;0;0;0;0;0;0;0;0
FR;6;2021-09-03;0;0;0;0;0;0;0;0;0;0;0;0;0;0;0;0;0;0
FR;6;2021-09-04;0;0;0;0;0;0;0;0;0;0;0;0;0;0;0;0;0;0
FR;6;2021-09-05;0;0;0;0;0;0;0;0;0;0;0;0;0;0;0;0;0;0
FR;6;2021-09-06;0;0;0;0;0;0;0;0;0;0;0;0;0;0;0;0;0;0
FR;6;2021-09-07;0;0;0;0;0;0;0;0;0;0;0;0;0;0;0;0;0;0
FR;6;2021-09-08;0;0;0;0;0;0;0;0;0;0;0;0;0;0;0;0;0;0
FR;6;2021-09-09;0;0;0;0;0;0;0;0;0;0;0;0;0;0;0;0;0;0
FR;6;2021-09-10;0;0;0;0;0;0;0;0;0;0;0;0;0;0;0;0;0;0
FR;6;2021-09-11;0;0;0;0;0;0;0;0;0;0;0;0;0;0;0;0;0;0
FR;6;2021-09-12;0;0;0;0;0;0;0;0;0;0;0;0;0;0;0;0;0;0
FR;6;2021-09-13;0;0;0;0;0;0;0;0;0;0;0;0;0;0;0;0;0;0
FR;6;2021-09-14;0;0;0;0;0;0;0;0;0;0;0;0;0;0;0;0;0;0
FR;6;2021-09-15;0;0;0;0;0;0;0;0;0;0;0;0;0;0;0;0;0;0
FR;6;2021-09-16;0;0;0;0;0;0;0;0;0;0;0;0;0;0;0;0;0;0
FR;6;2021-09-17;0;0;0;0;0;0;0;0;0;0;0;0;0;0;0;0;0;0
FR;6;2021-09-18;0;0;0;0;0;0;0;0;0;0;0;0;0;0;0;0;0;0
FR;6;2021-09-19;0;0;0;0;0;0;0;0;0;0;0;0;0;0;0;0;0;0
FR;6;2021-09-20;0;0;0;0;0;0;0;0;0;0;0;0;0;0;0;0;0;0
FR;6;2021-09-21;0;0;0;0;0;0;0;0;0;0;0;0;0;0;0;0;0;0
FR;6;2021-09-22;0;0;0;0;0;0;0;0;0;0;0;0;0;0;0;0;0;0
FR;6;2021-09-23;0;0;0;0;0;0;0;0;0;0;0;0;0;0;0;0;0;0
FR;6;2021-09-24;0;0;0;0;0;0;0;0;0;0;0;0;0;0;0;0;0;0
FR;6;2021-09-25;0;0;0;0;0;0;0;0;0;0;0;0;0;0;0;0;0;0
FR;6;2021-09-26;0;0;0;0;0;0;0;0;0;0;0;0;0;0;0;0;0;0
FR;6;2021-09-27;0;0;0;0;0;0;0;0;0;0;0;0;0;0;0;0;0;0
FR;6;2021-09-28;0;0;0;0;0;0;0;0;0;0;0;0;0;0;0;0;0;0
FR;6;2021-09-29;0;0;0;0;0;0;0;0;0;0;0;0;0;0;0;0;0;0
FR;6;2021-09-30;0;0;0;0;0;0;0;0;0;0;0;0;0;0;0;0;0;0
FR;6;2021-10-01;0;0;0;0;0;0;0;0;0;0;0;0;0;0;0;0;0;0
FR;6;2021-10-02;0;0;0;0;0;0;0;0;0;0;0;0;0;0;0;0;0;0
FR;6;2021-10-03;0;0;0;0;0;0;0;0;0;0;0;0;0;0;0;0;0;0
FR;6;2021-10-04;0;0;0;0;0;0;0;0;0;0;0;0;0;0;0;0;0;0
FR;6;2021-10-05;0;0;0;0;0;0;0;0;0;0;0;0;0;0;0;0;0;0
FR;6;2021-10-06;0;0;0;0;0;0;0;0;0;0;0;0;0;0;0;0;0;0
FR;6;2021-10-07;0;0;0;0;0;0;0;0;0;0;0;0;0;0;0;0;0;0
FR;6;2021-10-08;0;0;0;0;0;0;0;0;0;0;0;0;0;0;0;0;0;0
FR;6;2021-10-09;0;0;0;0;0;0;0;0;0;0;0;0;0;0;0;0;0;0
FR;6;2021-10-10;0;0;0;0;0;0;0;0;0;0;0;0;0;0;0;0;0;0
FR;6;2021-10-11;0;0;0;0;0;0;0;0;0;0;0;0;0;0;0;0;0;0
FR;6;2021-10-12;0;0;0;0;0;0;0;0;0;0;0;0;0;0;0;0;0;0
FR;6;2021-10-13;0;0;0;0;0;0;0;0;0;0;0;0;0;0;0;0;0;0
FR;6;2021-10-14;0;0;0;0;0;0;0;0;0;0;0;0;0;0;0;0;0;0
FR;6;2021-10-15;0;0;0;0;0;0;0;0;0;0;0;0;0;0;0;0;0;0
FR;6;2021-10-16;0;0;0;0;0;0;0;0;0;0;0;0;0;0;0;0;0;0
FR;6;2021-10-17;0;0;0;0;0;0;0;0;0;0;0;0;0;0;0;0;0;0
FR;6;2021-10-18;0;0;0;0;0;0;0;0;0;0;0;0;0;0;0;0;0;0
FR;6;2021-10-19;0;0;0;0;0;0;0;0;0;0;0;0;0;0;0;0;0;0
FR;6;2021-10-20;0;0;0;0;0;0;0;0;0;0;0;0;0;0;0;0;0;0
FR;6;2021-10-21;0;0;0;0;0;0;0;0;0;0;0;0;0;0;0;0;0;0
FR;6;2021-10-22;0;0;0;0;0;0;0;0;0;0;0;0;0;0;0;0;0;0
FR;6;2021-10-23;0;0;0;0;0;0;0;0;0;0;0;0;0;0;0;0;0;0
FR;6;2021-10-24;0;0;0;0;0;0;0;0;0;0;0;0;0;0;0;0;0;0
FR;6;2021-10-25;0;0;0;0;0;0;0;0;0;0;0;0;0;0;0;0;0;0
FR;6;2021-10-26;0;0;0;0;0;0;0;0;0;0;0;0;0;0;0;0;0;0
FR;6;2021-10-27;0;0;0;0;0;0;0;0;0;0;0;0;0;0;0;0;0;0
FR;6;2021-10-28;0;0;0;0;0;0;0;0;0;0;0;0;0;0;0;0;0;0
FR;6;2021-10-29;0;0;0;0;0;0;0;0;0;0;0;0;0;0;0;0;0;0
FR;6;2021-10-30;0;0;0;0;0;0;0;0;0;0;0;0;0;0;0;0;0;0
FR;6;2021-10-31;0;0;0;0;0;0;0;0;0;0;0;0;0;0;0;0;0;0
FR;6;2021-11-01;0;0;0;0;0;0;0;0;0;0;0;0;0;0;0;0;0;0
FR;6;2021-11-02;0;0;0;0;0;0;0;0;0;0;0;0;0;0;0;0;0;0
FR;6;2021-11-03;0;0;0;0;0;0;0;0;0;0;0;0;0;0;0;0;0;0
FR;6;2021-11-04;0;0;0;0;0;0;0;0;0;0;0;0;0;0;0;0;0;0
FR;6;2021-11-05;0;0;0;0;0;0;0;0;0;0;0;0;0;0;0;0;0;0
FR;6;2021-11-06;0;0;0;0;0;0;0;0;0;0;0;0;0;0;0;0;0;0
FR;6;2021-11-07;0;0;0;0;0;0;0;0;0;0;0;0;0;0;0;0;0;0
FR;6;2021-11-08;0;0;0;0;0;0;0;0;0;0;0;0;0;0;0;0;0;0
FR;6;2021-11-09;0;0;0;0;0;0;0;0;0;0;0;0;0;0;0;0;0;0
FR;6;2021-11-10;0;0;0;0;0;0;0;0;0;0;0;0;0;0;0;0;0;0
FR;6;2021-11-11;0;0;0;0;0;0;0;0;0;0;0;0;0;0;0;0;0;0
FR;6;2021-11-12;0;0;0;0;0;0;0;0;0;0;0;0;0;0;0;0;0;0
FR;6;2021-11-13;0;0;0;0;0;0;0;0;0;0;0;0;0;0;0;0;0;0
FR;6;2021-11-14;0;0;0;0;0;0;0;0;0;0;0;0;0;0;0;0;0;0
FR;6;2021-11-15;0;0;0;0;0;0;0;0;0;0;0;0;0;0;0;0;0;0
FR;6;2021-11-16;0;0;0;0;0;0;0;0;0;0;0;0;0;0;0;0;0;0
FR;6;2021-11-17;0;0;0;0;0;0;0;0;0;0;0;0;0;0;0;0;0;0
FR;6;2021-11-18;0;0;0;0;0;0;0;0;0;0;0;0;0;0;0;0;0;0
FR;6;2021-11-19;0;0;0;0;0;0;0;0;0;0;0;0;0;0;0;0;0;0
FR;6;2021-11-20;0;0;0;0;0;0;0;0;0;0;0;0;0;0;0;0;0;0
FR;6;2021-11-21;0;0;0;0;0;0;0;0;0;0;0;0;0;0;0;0;0;0
FR;6;2021-11-22;0;0;0;0;0;0;0;0;0;0;0;0;0;0;0;0;0;0
FR;6;2021-11-23;0;0;0;0;0;0;0;0;0;0;0;0;0;0;0;0;0;0
FR;6;2021-11-24;0;0;0;0;0;0;0;0;0;0;0;0;0;0;0;0;0;0
FR;6;2021-11-25;0;0;0;0;0;0;0;0;0;0;0;0;0;0;0;0;0;0
FR;6;2021-11-26;0;0;0;0;0;0;0;0;0;0;0;0;0;0;0;0;0;0
FR;6;2021-11-27;0;0;0;0;0;0;0;0;0;0;0;0;0;0;0;0;0;0
FR;6;2021-11-28;0;0;0;0;0;0;0;0;0;0;0;0;0;0;0;0;0;0
FR;6;2021-11-29;0;0;0;0;0;0;0;0;0;0;0;0;0;0;0;0;0;0
FR;6;2021-11-30;0;0;0;0;0;0;0;0;0;0;0;0;0;0;0;0;0;0
FR;6;2021-12-01;0;0;0;0;0;0;0;0;0;0;0;0;0;0;0;0;0;0
FR;6;2021-12-02;0;0;0;0;0;0;0;0;0;0;0;0;0;0;0;0;0;0
FR;6;2021-12-03;0;0;0;0;0;0;0;0;0;0;0;0;0;0;0;0;0;0
FR;6;2021-12-04;0;0;0;0;0;0;0;0;0;0;0;0;0;0;0;0;0;0
FR;6;2021-12-05;0;0;0;0;0;0;0;0;0;0;0;0;0;0;0;0;0;0
FR;6;2021-12-06;0;0;0;0;0;0;0;0;0;0;0;0;0;0;0;0;0;0
FR;6;2021-12-07;0;0;0;0;0;0;0;0;0;0;0;0;0;0;0;0;0;0
FR;6;2021-12-08;0;0;0;0;0;0;0;0;0;0;0;0;0;0;0;0;0;0
FR;6;2021-12-09;0;0;0;0;0;0;0;0;0;0;0;0;0;0;0;0;0;0
FR;6;2021-12-10;0;0;0;0;0;0;0;0;0;0;0;0;0;0;0;0;0;0
FR;6;2021-12-11;0;0;0;0;0;0;0;0;0;0;0;0;0;0;0;0;0;0
FR;6;2021-12-12;0;0;0;0;0;0;0;0;0;0;0;0;0;0;0;0;0;0
FR;6;2021-12-13;0;0;0;0;0;0;0;0;0;0;0;0;0;0;0;0;0;0
FR;6;2021-12-14;0;0;0;0;0;0;0;0;0;0;0;0;0;0;0;0;0;0
FR;6;2021-12-15;0;0;0;0;0;0;0;0;0;0;0;0;0;0;0;0;0;0
FR;6;2021-12-16;0;0;0;0;0;0;0;0;0;0;0;0;0;0;0;0;0;0
FR;6;2021-12-17;0;0;0;0;0;0;0;0;0;0;0;0;0;0;0;0;0;0
FR;6;2021-12-18;0;0;0;0;0;0;0;0;0;0;0;0;0;0;0;0;0;0
FR;6;2021-12-19;0;0;0;0;0;0;0;0;0;0;0;0;0;0;0;0;0;0
FR;6;2021-12-20;0;0;0;0;0;0;0;0;0;0;0;0;0;0;0;0;0;0
FR;6;2021-12-21;0;0;0;0;0;0;0;0;0;0;0;0;0;0;0;0;0;0
FR;6;2021-12-22;0;0;0;0;0;0;0;0;0;0;0;0;0;0;0;0;0;0
FR;6;2021-12-23;0;0;0;0;0;0;0;0;0;0;0;0;0;0;0;0;0;0
FR;6;2021-12-24;0;0;0;0;0;0;0;0;0;0;0;0;0;0;0;0;0;0
FR;6;2021-12-25;0;0;0;0;0;0;0;0;0;0;0;0;0;0;0;0;0;0
FR;6;2021-12-26;0;0;0;0;0;0;0;0;0;0;0;0;0;0;0;0;0;0
FR;6;2021-12-27;0;0;0;0;0;0;0;0;0;0;0;0;0;0;0;0;0;0
FR;6;2021-12-28;0;0;0;0;0;0;0;0;0;0;0;0;0;0;0;0;0;0
FR;6;2021-12-29;0;0;0;0;0;0;0;0;0;0;0;0;0;0;0;0;0;0
FR;6;2021-12-30;0;0;0;0;0;0;0;0;0;0;0;0;0;0;0;0;0;0
FR;6;2021-12-31;0;0;0;0;0;0;0;0;0;0;0;0;0;0;0;0;0;0
FR;6;2022-01-01;0;0;0;0;0;0;0;0;0;0;0;0;0;0;0;0;0;0
FR;6;2022-01-02;0;0;0;0;0;0;0;0;0;0;0;0;0;0;0;0;0;0
FR;6;2022-01-03;0;0;0;0;0;0;0;0;0;0;0;0;0;0;0;0;0;0
FR;6;2022-01-04;0;0;0;0;0;0;0;0;0;0;0;0;0;0;0;0;0;0
FR;6;2022-01-05;0;0;0;0;0;0;0;0;0;0;0;0;0;0;0;0;0;0
FR;6;2022-01-06;0;0;0;0;0;0;0;0;0;0;0;0;0;0;0;0;0;0
FR;6;2022-01-07;0;0;0;0;0;0;0;0;0;0;0;0;0;0;0;0;0;0
FR;6;2022-01-08;0;0;0;0;0;0;0;0;0;0;0;0;0;0;0;0;0;0
FR;6;2022-01-09;0;0;0;0;0;0;0;0;0;0;0;0;0;0;0;0;0;0
FR;6;2022-01-10;0;0;0;0;0;0;0;0;0;0;0;0;0;0;0;0;0;0
FR;6;2022-01-11;0;0;0;0;0;0;0;0;0;0;0;0;0;0;0;0;0;0
FR;6;2022-01-12;0;0;0;0;0;0;0;0;0;0;0;0;0;0;0;0;0;0
FR;6;2022-01-13;0;0;0;0;0;0;0;0;0;0;0;0;0;0;0;0;0;0
FR;6;2022-01-14;0;0;0;0;0;0;0;0;0;0;0;0;0;0;0;0;0;0
FR;6;2022-01-15;0;0;0;0;0;0;0;0;0;0;0;0;0;0;0;0;0;0
FR;6;2022-01-16;0;0;0;0;0;0;0;0;0;0;0;0;0;0;0;0;0;0
FR;6;2022-01-17;0;0;0;0;0;0;0;0;0;0;0;0;0;0;0;0;0;0
FR;6;2022-01-18;0;0;0;0;0;0;0;0;0;0;0;0;0;0;0;0;0;0
FR;6;2022-01-19;0;0;0;0;0;0;0;0;0;0;0;0;0;0;0;0;0;0
FR;6;2022-01-20;0;0;0;0;0;0;0;0;0;0;0;0;0;0;0;0;0;0
FR;6;2022-01-21;0;0;0;0;0;0;0;0;0;0;0;0;0;0;0;0;0;0
FR;6;2022-01-22;0;0;0;0;0;0;0;0;0;0;0;0;0;0;0;0;0;0
FR;6;2022-01-23;0;0;0;0;0;0;0;0;0;0;0;0;0;0;0;0;0;0
FR;6;2022-01-24;0;0;0;0;0;0;0;0;0;0;0;0;0;0;0;0;0;0
FR;6;2022-01-25;0;0;0;0;0;0;0;0;0;0;0;0;0;0;0;0;0;0
FR;6;2022-01-26;0;0;0;0;0;0;0;0;0;0;0;0;0;0;0;0;0;0
FR;6;2022-01-27;0;0;0;0;0;0;0;0;0;0;0;0;0;0;0;0;0;0
FR;6;2022-01-28;0;0;0;0;0;0;0;0;0;0;0;0;0;0;0;0;0;0
FR;6;2022-01-29;0;0;0;0;0;0;0;0;0;0;0;0;0;0;0;0;0;0
FR;6;2022-01-30;0;0;0;0;0;0;0;0;0;0;0;0;0;0;0;0;0;0
FR;6;2022-01-31;0;0;0;0;0;0;0;0;0;0;0;0;0;0;0;0;0;0
FR;6;2022-02-01;0;0;0;0;0;0;0;0;0;0;0;0;0;0;0;0;0;0
FR;6;2022-02-02;0;0;0;0;0;0;0;0;0;0;0;0;0;0;0;0;0;0
FR;6;2022-02-03;0;0;0;0;0;0;0;0;0;0;0;0;0;0;0;0;0;0
FR;6;2022-02-04;0;0;0;0;0;0;0;0;0;0;0;0;0;0;0;0;0;0
FR;6;2022-02-05;0;0;0;0;0;0;0;0;0;0;0;0;0;0;0;0;0;0
FR;6;2022-02-06;0;0;0;0;0;0;0;0;0;0;0;0;0;0;0;0;0;0
FR;6;2022-02-07;0;0;0;0;0;0;0;0;0;0;0;0;0;0;0;0;0;0
FR;6;2022-02-08;0;0;0;0;0;0;0;0;0;0;0;0;0;0;0;0;0;0
FR;6;2022-02-09;0;0;0;0;0;0;0;0;0;0;0;0;0;0;0;0;0;0
FR;6;2022-02-10;0;0;0;0;0;0;0;0;0;0;0;0;0;0;0;0;0;0
FR;6;2022-02-11;0;0;0;0;0;0;0;0;0;0;0;0;0;0;0;0;0;0
FR;6;2022-02-12;0;0;0;0;0;0;0;0;0;0;0;0;0;0;0;0;0;0
FR;6;2022-02-13;0;0;0;0;0;0;0;0;0;0;0;0;0;0;0;0;0;0
FR;6;2022-02-14;0;0;0;0;0;0;0;0;0;0;0;0;0;0;0;0;0;0
FR;6;2022-02-15;0;0;0;0;0;0;0;0;0;0;0;0;0;0;0;0;0;0
FR;6;2022-02-16;0;0;0;0;0;0;0;0;0;0;0;0;0;0;0;0;0;0
FR;6;2022-02-17;0;0;0;0;0;0;0;0;0;0;0;0;0;0;0;0;0;0
FR;6;2022-02-18;0;0;0;0;0;0;0;0;0;0;0;0;0;0;0;0;0;0
FR;6;2022-02-19;0;0;0;0;0;0;0;0;0;0;0;0;0;0;0;0;0;0
FR;6;2022-02-20;0;0;0;0;0;0;0;0;0;0;0;0;0;0;0;0;0;0
FR;6;2022-02-21;0;0;0;0;0;0;0;0;0;0;0;0;0;0;0;0;0;0
FR;6;2022-02-22;0;0;0;0;0;0;0;0;0;0;0;0;0;0;0;0;0;0
FR;6;2022-02-23;0;0;0;0;0;0;0;0;0;0;0;0;0;0;0;0;0;0
FR;6;2022-02-24;0;0;0;0;0;0;0;0;0;0;0;0;0;0;0;0;0;0
FR;6;2022-02-25;0;0;0;0;0;0;0;0;0;0;0;0;0;0;0;0;0;0
FR;6;2022-02-26;1;0;0;0;0;0;0;0;0;1;0;0;0;0;0;0;0;0
FR;6;2022-02-27;0;0;0;0;0;0;0;0;0;1;0;0;0;0;0;0;0;0
FR;6;2022-02-28;0;0;0;0;0;0;0;0;0;1;0;0;0;0;0;0;0;0
FR;6;2022-03-01;3;0;0;0;0;0;0;0;0;4;0;0;0;0;0;0;0;0
FR;6;2022-03-02;97;9;2;0;15;7;0;0;0;101;9;2;0;15;7;0;0;0
FR;6;2022-03-03;0;0;0;0;0;0;0;0;0;101;9;2;0;15;7;0;0;0
FR;6;2022-03-04;92;4;0;0;8;4;0;0;0;193;13;2;0;23;11;0;0;0
FR;6;2022-03-05;391;23;2;0;60;14;0;0;0;584;36;4;0;83;25;0;0;0
FR;6;2022-03-06;7;1;0;0;2;0;0;0;0;591;37;4;0;85;25;0;0;0
FR;6;2022-03-07;337;19;0;0;51;13;0;0;0;928;56;4;0;136;38;0;0;0
FR;6;2022-03-08;230;14;0;0;47;5;0;0;0;1158;70;4;0;183;43;0;0;0
FR;6;2022-03-09;519;29;2;0;84;21;1;0;0;1677;99;6;0;267;64;1;0;0
FR;6;2022-03-10;206;19;0;1;54;12;1;0;0;1883;118;6;1;321;76;2;0;0
FR;6;2022-03-11;331;22;6;0;53;21;0;0;0;2214;140;12;1;374;97;2;0;0
FR;6;2022-03-12;518;25;1;0;83;20;0;0;0;2732;165;13;1;457;117;2;0;0
FR;6;2022-03-13;40;2;0;0;2;1;0;0;0;2772;167;13;1;459;118;2;0;0
FR;6;2022-03-14;201;4;2;0;39;3;1;0;0;2973;171;15;1;498;121;3;0;0
FR;6;2022-03-15;112;11;2;0;28;9;0;0;0;3085;182;17;1;526;130;3;0;0
FR;6;2022-03-16;310;17;2;1;49;15;1;0;0;3395;199;19;2;575;145;4;0;0
FR;6;2022-03-17;117;6;1;2;14;4;2;0;0;3512;205;20;4;589;149;6;0;0
FR;6;2022-03-18;215;10;0;0;40;6;0;0;0;3727;215;20;4;629;155;6;0;0
FR;6;2022-03-19;307;19;2;0;89;9;0;0;0;4034;234;22;4;718;164;6;0;0
FR;6;2022-03-20;15;5;0;0;5;1;0;0;0;4049;239;22;4;723;165;6;0;0
FR;6;2022-03-21;132;23;1;0;47;4;0;0;0;4181;262;23;4;770;169;6;0;0
FR;6;2022-03-22;97;15;0;0;34;4;0;0;0;4278;277;23;4;804;173;6;0;0
FR;6;2022-03-23;226;108;3;0;154;14;1;0;0;4504;385;26;4;958;187;7;0;0
FR;6;2022-03-24;100;15;1;3;32;4;3;0;0;4604;400;27;7;990;191;10;0;0
FR;6;2022-03-25;203;141;2;1;179;15;2;0;0;4807;541;29;8;1169;206;12;0;0
FR;6;2022-03-26;331;295;7;1;385;19;1;0;0;5138;836;36;9;1554;225;13;0;0
FR;6;2022-03-27;32;30;1;0;37;1;1;0;0;5170;866;37;9;1591;226;14;0;0
FR;6;2022-03-28;201;208;8;1;234;17;3;0;0;5371;1074;45;10;1825;243;17;0;0
FR;6;2022-03-29;124;189;12;2;206;12;9;0;0;5495;1263;57;12;2031;255;26;0;0
FR;6;2022-03-30;305;476;10;2;548;22;6;0;0;5800;1739;67;14;2579;277;32;0;0
FR;6;2022-03-31;123;140;10;0;160;14;5;0;0;5923;1879;77;14;2739;291;37;0;0
FR;6;2022-04-01;195;150;11;2;178;23;3;0;0;6118;2029;88;16;2917;314;40;0;0
FR;6;2022-04-02;206;241;9;1;280;13;8;0;0;6324;2270;97;17;3197;327;48;0;0
FR;6;2022-04-03;17;21;0;0;26;1;0;0;0;6341;2291;97;17;3223;328;48;0;0
FR;6;2022-04-04;137;114;6;1;131;9;5;0;0;6478;2405;103;18;3354;337;53;0;0
FR;6;2022-04-05;146;88;15;1;105;11;8;0;0;6624;2493;118;19;3459;348;61;0;0
FR;6;2022-04-06;204;245;22;26;291;27;33;0;0;6828;2738;140;45;3750;375;94;0;0
FR;6;2022-04-07;127;96;15;9;115;17;14;0;0;6955;2834;155;54;3865;392;108;0;0
FR;6;2022-04-08;199;171;16;3;214;17;9;0;1;7154;3005;171;57;4079;409;117;0;1
FR;6;2022-04-09;145;139;6;12;171;13;4;0;0;7299;3144;177;69;4250;422;121;0;1
FR;6;2022-04-10;11;20;3;0;26;1;3;0;0;7310;3164;180;69;4276;423;124;0;1
FR;6;2022-04-11;101;106;4;0;128;5;3;0;0;7411;3270;184;69;4404;428;127;0;1
FR;6;2022-04-12;136;75;5;8;114;10;10;0;0;7547;3345;189;77;4518;438;137;0;1
FR;6;2022-04-13;162;175;7;5;208;13;8;0;0;7709;3520;196;82;4726;451;145;0;1
FR;6;2022-04-14;100;103;5;10;121;8;10;0;0;7809;3623;201;92;4847;459;155;0;1
FR;6;2022-04-15;158;149;11;7;167;19;14;0;1;7967;3772;212;99;5014;478;169;0;2
FR;6;2022-04-16;127;132;5;0;162;14;2;0;0;8094;3904;217;99;5176;492;171;0;2
FR;6;2022-04-17;8;9;4;0;10;4;0;0;0;8102;3913;221;99;5186;496;171;0;2
FR;6;2022-04-18;8;15;3;0;14;4;0;0;0;8110;3928;224;99;5200;500;171;0;2
FR;6;2022-04-19;97;112;4;3;130;3;7;0;0;8207;4040;228;102;5330;503;178;0;2
FR;6;2022-04-20;177;227;8;7;269;15;3;0;0;8384;4267;236;109;5599;518;181;0;2
FR;6;2022-04-21;111;93;8;4;110;11;7;0;0;8495;4360;244;113;5709;529;188;0;2
FR;6;2022-04-22;138;160;13;12;189;13;13;0;0;8633;4520;257;125;5898;542;201;0;2
FR;6;2022-04-23;106;129;1;1;161;7;1;0;0;8739;4649;258;126;6059;549;202;0;2
FR;6;2022-04-24;5;21;1;0;22;0;1;0;0;8744;4670;259;126;6081;549;203;0;2
FR;6;2022-04-25;90;128;3;8;150;11;9;0;0;8834;4798;262;134;6231;560;212;0;2
FR;6;2022-04-26;101;128;19;2;151;17;13;0;0;8935;4926;281;136;6382;577;225;0;2
FR;6;2022-04-27;197;159;21;1;222;27;11;0;1;9132;5085;302;137;6604;604;236;0;3
FR;6;2022-04-28;109;87;7;1;123;8;7;0;0;9241;5172;309;138;6727;612;243;0;3
FR;6;2022-04-29;191;169;16;2;215;20;6;0;0;9432;5341;325;140;6942;632;249;0;3
FR;6;2022-04-30;133;125;7;1;168;24;2;0;0;9565;5466;332;141;7110;656;251;0;3
FR;6;2022-05-01;7;6;0;0;8;0;0;0;0;9572;5472;332;141;7118;656;251;0;3
FR;6;2022-05-02;94;65;3;4;88;3;4;0;0;9666;5537;335;145;7206;659;255;0;3
FR;6;2022-05-03;136;93;11;2;125;7;9;0;0;9802;5630;346;147;7331;666;264;0;3
FR;6;2022-05-04;167;118;25;12;161;29;12;0;1;9969;5748;371;159;7492;695;276;0;4
FR;6;2022-05-05;101;70;8;3;97;12;6;0;0;10070;5818;379;162;7589;707;282;0;4
FR;6;2022-05-06;152;110;10;9;155;16;11;0;0;10222;5928;389;171;7744;723;293;0;4
FR;6;2022-05-07;139;93;13;3;136;23;8;0;0;10361;6021;402;174;7880;746;301;0;4
FR;6;2022-05-08;20;8;6;5;16;7;5;0;0;10381;6029;408;179;7896;753;306;0;4
FR;6;2022-05-09;86;78;9;7;95;13;6;0;0;10467;6107;417;186;7991;766;312;0;4
FR;6;2022-05-10;112;80;15;7;110;12;13;0;0;10579;6187;432;193;8101;778;325;0;4
FR;6;2022-05-11;130;124;11;14;163;20;6;0;0;10709;6311;443;207;8264;798;331;0;4
FR;6;2022-05-12;105;76;7;5;96;15;6;0;1;10814;6387;450;212;8360;813;337;0;5
FR;6;2022-05-13;155;97;17;21;137;22;16;0;0;10969;6484;467;233;8497;835;353;0;5
FR;6;2022-05-14;81;60;6;7;84;15;2;0;0;11050;6544;473;240;8581;850;355;0;5
FR;6;2022-05-15;12;7;0;0;14;0;0;0;0;11062;6551;473;240;8595;850;355;0;5
FR;6;2022-05-16;65;54;6;2;69;12;3;0;0;11127;6605;479;242;8664;862;358;0;5
FR;6;2022-05-17;123;77;5;7;92;11;8;0;0;11250;6682;484;249;8756;873;366;0;5
FR;6;2022-05-18;131;116;5;1;158;14;3;0;0;11381;6798;489;250;8914;887;369;0;5
FR;6;2022-05-19;124;57;6;8;96;9;8;0;0;11505;6855;495;258;9010;896;377;0;5
FR;6;2022-05-20;125;115;13;3;151;18;10;0;0;11630;6970;508;261;9161;914;387;0;5
FR;6;2022-05-21;92;69;14;3;93;12;8;0;0;11722;7039;522;264;9254;926;395;0;5
FR;6;2022-05-22;19;12;5;0;21;4;1;0;0;11741;7051;527;264;9275;930;396;0;5
FR;6;2022-05-23;77;72;4;2;90;7;2;0;0;11818;7123;531;266;9365;937;398;0;5
FR;6;2022-05-24;117;98;8;2;131;16;4;0;0;11935;7221;539;268;9496;953;402;0;5
FR;6;2022-05-25;139;129;6;3;170;11;6;0;0;12074;7350;545;271;9666;964;408;0;5
FR;6;2022-05-26;7;9;3;0;5;9;0;0;0;12081;7359;548;271;9671;973;408;0;5
FR;6;2022-05-27;127;105;15;11;136;18;18;0;1;12208;7464;563;282;9807;991;426;0;6
FR;6;2022-05-28;54;75;1;5;89;8;5;0;0;12262;7539;564;287;9896;999;431;0;6
FR;6;2022-05-29;8;10;0;0;10;1;0;0;0;12270;7549;564;287;9906;1000;431;0;6
FR;6;2022-05-30;70;70;7;4;86;4;9;0;0;12340;7619;571;291;9992;1004;440;0;6
FR;6;2022-05-31;87;102;10;2;122;14;7;0;0;12427;7721;581;293;10114;1018;447;0;6
FR;6;2022-06-01;97;89;10;1;111;11;6;0;0;12524;7810;591;294;10225;1029;453;0;6
FR;6;2022-06-02;91;60;6;3;80;9;6;0;0;12615;7870;597;297;10305;1038;459;0;6
FR;6;2022-06-03;126;102;13;7;129;21;8;0;0;12741;7972;610;304;10434;1059;467;0;6
FR;6;2022-06-04;63;51;10;0;64;12;3;0;0;12804;8023;620;304;10498;1071;470;0;6
FR;6;2022-06-05;16;15;2;1;18;4;1;0;0;12820;8038;622;305;10516;1075;471;0;6
FR;6;2022-06-06;9;6;0;0;8;0;0;0;0;12829;8044;622;305;10524;1075;471;0;6
FR;6;2022-06-07;79;90;3;4;117;8;6;0;0;12908;8134;625;309;10641;1083;477;0;6
FR;6;2022-06-08;92;110;13;5;130;20;6;0;0;13000;8244;638;314;10771;1103;483;0;6
FR;6;2022-06-09;75;81;15;3;106;15;8;0;0;13075;8325;653;317;10877;1118;491;0;6
FR;6;2022-06-10;116;93;26;10;120;22;13;0;0;13191;8418;679;327;10997;1140;504;0;6
FR;6;2022-06-11;83;62;6;10;82;12;11;0;0;13274;8480;685;337;11079;1152;515;0;6
FR;6;2022-06-12;6;14;1;0;16;2;0;0;0;13280;8494;686;337;11095;1154;515;0;6
FR;6;2022-06-13;74;59;18;1;68;7;4;0;0;13354;8553;704;338;11163;1161;519;0;6
FR;6;2022-06-14;98;100;8;5;116;16;8;0;0;13452;8653;712;343;11279;1177;527;0;6
FR;6;2022-06-15;80;86;7;8;114;15;10;0;0;13532;8739;719;351;11393;1192;537;0;6
FR;6;2022-06-16;53;40;11;7;45;14;6;0;0;13585;8779;730;358;11438;1206;543;0;6
FR;6;2022-06-17;86;85;3;13;109;11;5;0;0;13671;8864;733;371;11547;1217;548;0;6
FR;6;2022-06-18;71;62;13;0;88;21;1;0;0;13742;8926;746;371;11635;1238;549;0;6
FR;6;2022-06-19;6;6;3;0;7;4;1;0;0;13748;8932;749;371;11642;1242;550;0;6
FR;6;2022-06-20;42;41;4;1;55;6;1;0;0;13790;8973;753;372;11697;1248;551;0;6
FR;6;2022-06-21;59;73;10;7;82;17;7;0;0;13849;9046;763;379;11779;1265;558;0;6
FR;6;2022-06-22;86;85;8;2;98;17;3;0;0;13935;9131;771;381;11877;1282;561;0;6
FR;6;2022-06-23;64;39;13;7;41;15;10;0;0;13999;9170;784;388;11918;1297;571;0;6
FR;6;2022-06-24;77;85;7;14;95;20;16;0;0;14076;9255;791;402;12013;1317;587;0;6
FR;6;2022-06-25;67;61;4;3;77;8;5;0;0;14143;9316;795;405;12090;1325;592;0;6
FR;6;2022-06-26;6;7;1;0;10;1;0;0;0;14149;9323;796;405;12100;1326;592;0;6
FR;6;2022-06-27;51;50;4;9;62;12;7;0;0;14200;9373;800;414;12162;1338;599;0;6
FR;6;2022-06-28;68;47;6;3;53;15;5;0;0;14268;9420;806;417;12215;1353;604;0;6
FR;6;2022-06-29;98;117;26;37;115;19;35;0;5;14366;9537;832;454;12330;1372;639;0;11
FR;6;2022-06-30;84;60;33;10;61;12;7;0;0;14450;9597;865;464;12391;1384;646;0;11
FR;6;2022-07-01;115;94;25;33;102;18;27;0;1;14565;9691;890;497;12493;1402;673;0;12
FR;6;2022-07-02;58;67;26;2;64;37;6;0;0;14623;9758;916;499;12557;1439;679;0;12
FR;6;2022-07-03;11;4;4;3;5;4;3;0;0;14634;9762;920;502;12562;1443;682;0;12
FR;6;2022-07-04;61;43;3;23;55;13;20;0;0;14695;9805;923;525;12617;1456;702;0;12
FR;6;2022-07-05;65;53;19;67;60;27;63;0;0;14760;9858;942;592;12677;1483;765;0;12
FR;6;2022-07-06;94;64;7;11;78;12;17;0;0;14854;9922;949;603;12755;1495;782;0;12
FR;6;2022-07-07;99;79;42;37;99;14;34;0;4;14953;10001;991;640;12854;1509;816;0;16
FR;6;2022-07-08;139;87;42;27;115;10;25;0;3;15092;10088;1033;667;12969;1519;841;0;19
FR;6;2022-07-09;53;51;16;29;51;27;33;0;1;15145;10139;1049;696;13020;1546;874;0;20
FR;6;2022-07-10;3;7;8;0;9;9;0;0;0;15148;10146;1057;696;13029;1555;874;0;20
FR;6;2022-07-11;54;44;5;4;47;12;4;0;0;15202;10190;1062;700;13076;1567;878;0;20
FR;6;2022-07-12;70;72;12;23;87;12;27;0;0;15272;10262;1074;723;13163;1579;905;0;20
FR;6;2022-07-13;84;65;14;21;71;25;22;0;0;15356;10327;1088;744;13234;1604;927;0;20
FR;6;2022-07-14;4;3;1;0;4;1;0;0;0;15360;10330;1089;744;13238;1605;927;0;20
FR;6;2022-07-15;74;59;9;57;85;16;45;0;0;15434;10389;1098;801;13323;1621;972;0;20
FR;6;2022-07-16;27;31;17;0;37;17;3;0;0;15461;10420;1115;801;13360;1638;975;0;20
FR;6;2022-07-17;3;7;0;0;8;0;0;0;0;15464;10427;1115;801;13368;1638;975;0;20
FR;6;2022-07-18;37;62;11;14;60;15;14;0;6;15501;10489;1126;815;13428;1653;989;0;26
FR;6;2022-07-19;54;48;4;19;60;6;21;0;1;15555;10537;1130;834;13488;1659;1010;0;27
FR;6;2022-07-20;53;70;7;22;75;11;27;0;0;15608;10607;1137;856;13563;1670;1037;0;27
FR;6;2022-07-21;51;61;4;7;56;11;9;0;0;15659;10668;1141;863;13619;1681;1046;0;27
FR;6;2022-07-22;55;74;7;26;82;8;16;0;2;15714;10742;1148;889;13701;1689;1062;0;29
FR;6;2022-07-23;38;40;6;10;40;6;9;0;1;15752;10782;1154;899;13741;1695;1071;0;30
FR;6;2022-07-24;11;14;1;3;19;3;3;0;0;15763;10796;1155;902;13760;1698;1074;0;30
FR;6;2022-07-25;60;44;8;12;41;9;13;0;1;15823;10840;1163;914;13801;1707;1087;0;31
FR;6;2022-07-26;47;64;14;6;62;10;13;0;0;15870;10904;1177;920;13863;1717;1100;0;31
FR;6;2022-07-27;54;78;15;11;80;18;15;0;8;15924;10982;1192;931;13943;1735;1115;0;39
FR;6;2022-07-28;30;48;4;6;50;8;7;0;1;15954;11030;1196;937;13993;1743;1122;0;40
FR;6;2022-07-29;43;71;10;38;60;24;36;0;1;15997;11101;1206;975;14053;1767;1158;0;41
FR;6;2022-07-30;26;48;4;15;49;7;15;0;0;16023;11149;1210;990;14102;1774;1173;0;41
FR;6;2022-07-31;0;1;1;0;1;0;1;0;0;16023;11150;1211;990;14103;1774;1174;0;41
FR;6;2022-08-01;39;36;14;8;32;10;6;0;1;16062;11186;1225;998;14135;1784;1180;0;42
FR;6;2022-08-02;37;46;10;14;52;6;16;0;0;16099;11232;1235;1012;14187;1790;1196;0;42
FR;6;2022-08-03;29;52;7;16;53;11;19;0;0;16128;11284;1242;1028;14240;1801;1215;0;42
FR;6;2022-08-04;25;21;4;9;20;6;10;0;1;16153;11305;1246;1037;14260;1807;1225;0;43
FR;6;2022-08-05;43;45;1;7;53;5;7;0;0;16196;11350;1247;1044;14313;1812;1232;0;43
FR;6;2022-08-06;17;27;1;3;33;2;4;0;0;16213;11377;1248;1047;14346;1814;1236;0;43
FR;6;2022-08-07;1;2;0;0;2;0;0;0;0;16214;11379;1248;1047;14348;1814;1236;0;43
FR;6;2022-08-08;24;33;1;0;40;1;0;0;0;16238;11412;1249;1047;14388;1815;1236;0;43
FR;6;2022-08-09;22;30;6;3;29;3;3;0;0;16260;11442;1255;1050;14417;1818;1239;0;43
FR;6;2022-08-10;32;36;5;9;38;5;9;0;5;16292;11478;1260;1059;14455;1823;1248;0;48
FR;6;2022-08-11;33;33;1;1;40;1;0;0;1;16325;11511;1261;1060;14495;1824;1248;0;49
FR;6;2022-08-12;50;44;6;2;50;15;3;0;1;16375;11555;1267;1062;14545;1839;1251;0;50
FR;6;2022-08-13;9;20;0;0;22;1;0;0;0;16384;11575;1267;1062;14567;1840;1251;0;50
FR;6;2022-08-14;3;1;0;0;2;0;0;0;0;16387;11576;1267;1062;14569;1840;1251;0;50
FR;6;2022-08-15;2;3;1;0;4;0;1;0;0;16389;11579;1268;1062;14573;1840;1252;0;50
FR;6;2022-08-16;35;66;21;7;66;7;2;0;0;16424;11645;1289;1069;14639;1847;1254;0;50
FR;6;2022-08-17;32;44;10;9;41;10;6;0;7;16456;11689;1299;1078;14680;1857;1260;0;57
FR;6;2022-08-18;29;55;14;4;61;4;0;0;1;16485;11744;1313;1082;14741;1861;1260;0;58
FR;6;2022-08-19;30;45;5;4;47;3;2;0;1;16515;11789;1318;1086;14788;1864;1262;0;59
FR;6;2022-08-20;26;29;3;0;28;8;1;0;0;16541;11818;1321;1086;14816;1872;1263;0;59
FR;6;2022-08-21;1;5;2;0;5;0;0;0;0;16542;11823;1323;1086;14821;1872;1263;0;59
FR;6;2022-08-22;20;42;15;1;45;0;0;0;0;16562;11865;1338;1087;14866;1872;1263;0;59
FR;6;2022-08-23;34;45;6;7;47;6;4;0;2;16596;11910;1344;1094;14913;1878;1267;0;61
FR;6;2022-08-24;34;30;6;3;36;6;2;0;3;16630;11940;1350;1097;14949;1884;1269;0;64
FR;6;2022-08-25;25;27;1;1;29;5;1;0;0;16655;11967;1351;1098;14978;1889;1270;0;64
FR;6;2022-08-26;38;44;4;4;51;7;7;0;0;16693;12011;1355;1102;15029;1896;1277;0;64
FR;6;2022-08-27;19;21;7;3;22;8;4;0;0;16712;12032;1362;1105;15051;1904;1281;0;64
FR;6;2022-08-28;6;3;0;6;3;1;1;0;4;16718;12035;1362;1111;15054;1905;1282;0;68
FR;6;2022-08-29;26;22;2;6;29;3;6;0;0;16744;12057;1364;1117;15083;1908;1288;0;68
FR;6;2022-08-30;28;35;4;12;33;8;13;0;0;16772;12092;1368;1129;15116;1916;1301;0;68
FR;6;2022-08-31;35;38;2;11;46;3;12;0;0;16807;12130;1370;1140;15162;1919;1313;0;68
FR;6;2022-09-01;17;11;5;1;13;4;3;0;0;16824;12141;1375;1141;15175;1923;1316;0;68
FR;6;2022-09-02;19;14;2;1;13;3;2;0;0;16843;12155;1377;1142;15188;1926;1318;0;68
FR;6;2022-09-03;10;3;1;5;4;2;5;0;0;16853;12158;1378;1147;15192;1928;1323;0;68
FR;6;2022-09-04;4;1;0;0;1;0;0;0;0;16857;12159;1378;1147;15193;1928;1323;0;68
FR;6;2022-09-05;8;7;0;0;10;0;0;0;0;16865;12166;1378;1147;15203;1928;1323;0;68
FR;6;2022-09-06;7;9;7;12;8;6;15;0;0;16872;12175;1385;1159;15211;1934;1338;0;68
FR;6;2022-09-07;3;8;1;0;8;1;0;0;0;16875;12183;1386;1159;15219;1935;1338;0;68
FR;6;2022-09-08;6;4;0;2;3;1;2;0;0;16881;12187;1386;1161;15222;1936;1340;0;68
FR;6;2022-09-09;7;9;2;7;9;3;8;0;0;16888;12196;1388;1168;15231;1939;1348;0;68
FR;6;2022-09-10;3;4;1;0;3;1;1;0;0;16891;12200;1389;1168;15234;1940;1349;0;68
FR;6;2022-09-11;1;3;0;0;3;0;0;0;0;16892;12203;1389;1168;15237;1940;1349;0;68
FR;6;2022-09-12;10;4;1;0;3;3;0;0;0;16902;12207;1390;1168;15240;1943;1349;0;68
FR;6;2022-09-13;7;2;3;0;2;2;2;0;0;16909;12209;1393;1168;15242;1945;1351;0;68
FR;6;2022-09-14;9;8;2;0;7;4;0;0;0;16918;12217;1395;1168;15249;1949;1351;0;68
FR;6;2022-09-15;8;13;5;5;9;9;3;0;2;16926;12230;1400;1173;15258;1958;1354;0;70
FR;6;2022-09-16;25;39;1;1;47;4;1;0;2;16951;12269;1401;1174;15305;1962;1355;0;72
FR;6;2022-09-17;24;22;0;6;24;5;3;0;2;16975;12291;1401;1180;15329;1967;1358;0;74
FR;6;2022-09-18;5;4;0;0;4;1;0;0;0;16980;12295;1401;1180;15333;1968;1358;0;74
FR;6;2022-09-19;30;30;2;1;32;5;1;0;0;17010;12325;1403;1181;15365;1973;1359;0;74
FR;6;2022-09-20;34;25;1;4;30;6;2;0;1;17044;12350;1404;1185;15395;1979;1361;0;75
FR;6;2022-09-21;21;9;3;3;7;7;5;0;3;17065;12359;1407;1188;15402;1986;1366;0;78
FR;6;2022-09-22;19;28;1;22;32;3;21;0;1;17084;12387;1408;1210;15434;1989;1387;0;79
FR;6;2022-09-23;28;41;5;9;47;9;2;0;0;17112;12428;1413;1219;15481;1998;1389;0;79
FR;6;2022-09-24;16;16;4;2;21;6;2;0;0;17128;12444;1417;1221;15502;2004;1391;0;79
FR;6;2022-09-25;3;14;0;0;14;1;0;0;0;17131;12458;1417;1221;15516;2005;1391;0;79
FR;6;2022-09-26;16;13;0;18;12;5;18;0;2;17147;12471;1417;1239;15528;2010;1409;0;81
FR;6;2022-09-27;32;19;2;3;23;4;4;0;0;17179;12490;1419;1242;15551;2014;1413;0;81
FR;6;2022-09-28;27;10;9;11;16;5;17;0;2;17206;12500;1428;1253;15567;2019;1430;0;83
FR;6;2022-09-29;13;13;10;34;16;6;33;0;7;17219;12513;1438;1287;15583;2025;1463;0;90
FR;6;2022-09-30;34;24;5;6;33;5;3;0;0;17253;12537;1443;1293;15616;2030;1466;0;90
FR;6;2022-10-01;17;12;5;8;9;8;8;0;2;17270;12549;1448;1301;15625;2038;1474;0;92
FR;6;2022-10-02;4;0;0;0;1;0;0;0;0;17274;12549;1448;1301;15626;2038;1474;0;92
FR;6;2022-10-03;11;10;3;5;11;4;6;0;0;17285;12559;1451;1306;15637;2042;1480;0;92
FR;6;2022-10-04;19;17;4;28;21;3;30;0;3;17304;12576;1455;1334;15658;2045;1510;0;95
FR;6;2022-10-05;11;12;3;2;9;7;4;0;0;17315;12588;1458;1336;15667;2052;1514;0;95
FR;6;2022-10-06;19;13;4;6;17;2;10;0;0;17334;12601;1462;1342;15684;2054;1524;0;95
FR;6;2022-10-07;27;26;5;24;24;11;16;0;5;17361;12627;1467;1366;15708;2065;1540;0;100
FR;6;2022-10-08;18;13;0;0;16;0;0;0;0;17379;12640;1467;1366;15724;2065;1540;0;100
FR;6;2022-10-09;7;3;4;27;3;4;30;0;6;17386;12643;1471;1393;15727;2069;1570;0;106
FR;6;2022-10-10;15;14;1;16;16;6;13;0;0;17401;12657;1472;1409;15743;2075;1583;0;106
FR;6;2022-10-11;21;23;3;11;22;8;13;0;3;17422;12680;1475;1420;15765;2083;1596;0;109
FR;6;2022-10-12;20;16;7;19;18;3;24;0;7;17442;12696;1482;1439;15783;2086;1620;0;116
FR;6;2022-10-13;28;15;2;36;23;0;38;0;6;17470;12711;1484;1475;15806;2086;1658;0;122
FR;6;2022-10-14;29;23;5;49;23;11;45;0;13;17499;12734;1489;1524;15829;2097;1703;0;135
FR;6;2022-10-15;13;9;0;22;8;4;21;0;6;17512;12743;1489;1546;15837;2101;1724;0;141
FR;6;2022-10-16;4;5;0;6;2;3;6;0;0;17516;12748;1489;1552;15839;2104;1730;0;141
FR;6;2022-10-17;14;14;2;10;14;1;12;0;2;17530;12762;1491;1562;15853;2105;1742;0;143
FR;6;2022-10-18;12;19;9;26;19;4;18;0;11;17542;12781;1500;1588;15872;2109;1760;0;154
FR;6;2022-10-19;10;20;6;16;20;5;19;0;5;17552;12801;1506;1604;15892;2114;1779;0;159
FR;6;2022-10-20;16;15;12;57;18;5;67;0;13;17568;12816;1518;1661;15910;2119;1846;0;172
FR;6;2022-10-21;16;21;9;34;22;11;37;0;10;17584;12837;1527;1695;15932;2130;1883;0;182
FR;6;2022-10-22;19;14;1;4;17;3;4;0;0;17603;12851;1528;1699;15949;2133;1887;0;182
FR;6;2022-10-23;3;3;1;0;4;0;1;0;0;17606;12854;1529;1699;15953;2133;1888;0;182
FR;6;2022-10-24;12;14;2;7;14;6;5;0;2;17618;12868;1531;1706;15967;2139;1893;0;184
FR;6;2022-10-25;20;13;6;17;16;7;19;0;4;17638;12881;1537;1723;15983;2146;1912;0;188
FR;6;2022-10-26;17;9;4;13;12;4;15;0;5;17655;12890;1541;1736;15995;2150;1927;0;193
FR;6;2022-10-27;20;7;8;37;10;6;36;0;14;17675;12897;1549;1773;16005;2156;1963;0;207
FR;6;2022-10-28;21;27;3;4;28;6;5;0;1;17696;12924;1552;1777;16033;2162;1968;0;208
FR;6;2022-10-29;7;11;5;11;10;6;14;0;12;17703;12935;1557;1788;16043;2168;1982;0;220
FR;6;2022-10-30;2;5;0;0;5;0;0;0;0;17705;12940;1557;1788;16048;2168;1982;0;220
FR;6;2022-10-31;20;14;2;13;17;4;12;0;3;17725;12954;1559;1801;16065;2172;1994;0;223
FR;6;2022-11-01;2;1;1;0;1;1;0;0;0;17727;12955;1560;1801;16066;2173;1994;0;223
FR;6;2022-11-02;15;25;9;21;26;11;19;0;12;17742;12980;1569;1822;16092;2184;2013;0;235
FR;6;2022-11-03;17;17;11;39;20;8;43;0;9;17759;12997;1580;1861;16112;2192;2056;0;244
FR;6;2022-11-04;19;22;9;16;27;5;16;0;10;17778;13019;1589;1877;16139;2197;2072;0;254
FR;6;2022-11-05;9;16;2;4;17;4;6;0;0;17787;13035;1591;1881;16156;2201;2078;0;254
FR;6;2022-11-06;5;1;0;0;1;0;0;0;0;17792;13036;1591;1881;16157;2201;2078;0;254
FR;6;2022-11-07;18;10;6;17;12;4;18;0;11;17810;13046;1597;1898;16169;2205;2096;0;265
FR;6;2022-11-08;18;10;2;3;8;5;5;0;4;17828;13056;1599;1901;16177;2210;2101;0;269
FR;6;2022-11-09;16;22;1;6;21;4;5;0;4;17844;13078;1600;1907;16198;2214;2106;0;273
FR;6;2022-11-10;10;10;4;12;8;5;11;0;10;17854;13088;1604;1919;16206;2219;2117;0;283
FR;6;2022-11-11;4;1;0;0;1;1;0;0;0;17858;13089;1604;1919;16207;2220;2117;0;283
FR;6;2022-11-12;4;11;1;7;11;2;5;0;9;17862;13100;1605;1926;16218;2222;2122;0;292
FR;6;2022-11-13;1;1;0;1;1;0;1;0;0;17863;13101;1605;1927;16219;2222;2123;0;292
FR;6;2022-11-14;13;10;7;32;13;8;33;0;14;17876;13111;1612;1959;16232;2230;2156;0;306
FR;6;2022-11-15;7;18;1;11;16;4;7;0;2;17883;13129;1613;1970;16248;2234;2163;0;308
FR;6;2022-11-16;16;15;9;32;17;3;42;0;9;17899;13144;1622;2002;16265;2237;2205;0;317
FR;6;2022-11-17;10;8;1;29;8;2;28;0;5;17909;13152;1623;2031;16273;2239;2233;0;322
FR;6;2022-11-18;20;12;5;23;16;4;25;0;7;17929;13164;1628;2054;16289;2243;2258;0;329
FR;6;2022-11-19;5;13;0;2;11;3;2;0;1;17934;13177;1628;2056;16300;2246;2260;0;330
FR;6;2022-11-20;2;1;2;0;1;2;0;0;0;17936;13178;1630;2056;16301;2248;2260;0;330
FR;6;2022-11-21;22;13;1;14;14;6;11;0;3;17958;13191;1631;2070;16315;2254;2271;0;333
FR;6;2022-11-22;14;9;0;4;11;1;3;0;1;17972;13200;1631;2074;16326;2255;2274;0;334
FR;6;2022-11-23;14;15;15;23;17;9;31;0;8;17986;13215;1646;2097;16343;2264;2305;0;342
FR;6;2022-11-24;14;17;1;11;19;5;10;0;7;18000;13232;1647;2108;16362;2269;2315;0;349
FR;6;2022-11-25;23;15;5;50;15;5;47;0;5;18023;13247;1652;2158;16377;2274;2362;0;354
FR;6;2022-11-26;9;5;2;4;3;2;5;0;1;18032;13252;1654;2162;16380;2276;2367;0;355
FR;6;2022-11-27;1;4;0;0;4;0;0;0;0;18033;13256;1654;2162;16384;2276;2367;0;355
FR;6;2022-11-28;9;11;6;22;11;3;24;0;11;18042;13267;1660;2184;16395;2279;2391;0;366
FR;6;2022-11-29;15;10;1;12;14;1;8;0;7;18057;13277;1661;2196;16409;2280;2399;0;373
FR;6;2022-11-30;18;20;8;23;19;12;22;0;8;18075;13297;1669;2219;16428;2292;2421;0;381
FR;6;2022-12-01;12;9;7;20;11;4;24;0;9;18087;13306;1676;2239;16439;2296;2445;0;390
FR;6;2022-12-02;16;9;12;36;12;8;42;0;1;18103;13315;1688;2275;16451;2304;2487;0;391
FR;6;2022-12-03;13;3;13;20;6;5;28;0;13;18116;13318;1701;2295;16457;2309;2515;0;404
FR;6;2022-12-04;3;1;0;2;1;0;2;0;0;18119;13319;1701;2297;16458;2309;2517;0;404
FR;6;2022-12-05;11;10;7;16;11;4;19;0;8;18130;13329;1708;2313;16469;2313;2536;0;412
FR;6;2022-12-06;10;19;3;30;12;11;28;0;3;18140;13348;1711;2343;16481;2324;2564;0;415
FR;6;2022-12-07;17;8;10;56;10;8;57;0;30;18157;13356;1721;2399;16491;2332;2621;0;445
FR;6;2022-12-08;9;13;8;19;11;7;21;0;13;18166;13369;1729;2418;16502;2339;2642;0;458
FR;6;2022-12-09;15;9;5;29;12;4;30;0;6;18181;13378;1734;2447;16514;2343;2672;0;464
FR;6;2022-12-10;12;9;6;9;7;4;14;0;7;18193;13387;1740;2456;16521;2347;2686;0;471
FR;6;2022-12-11;4;2;1;0;2;1;0;0;0;18197;13389;1741;2456;16523;2348;2686;0;471
FR;6;2022-12-12;17;10;8;36;14;9;33;0;17;18214;13399;1749;2492;16537;2357;2719;0;488
FR;6;2022-12-13;17;21;12;66;16;18;65;0;14;18231;13420;1761;2558;16553;2375;2784;0;502
FR;6;2022-12-14;14;13;8;53;11;12;53;0;14;18245;13433;1769;2611;16564;2387;2837;0;516
FR;6;2022-12-15;12;15;14;38;13;9;44;0;9;18257;13448;1783;2649;16577;2396;2881;0;525
FR;6;2022-12-16;18;14;15;39;15;14;39;0;13;18275;13462;1798;2688;16592;2410;2920;0;538
FR;6;2022-12-17;11;10;15;28;9;15;29;0;8;18286;13472;1813;2716;16601;2425;2949;0;546
FR;6;2022-12-18;7;4;0;2;5;0;2;0;0;18293;13476;1813;2718;16606;2425;2951;0;546
FR;6;2022-12-19;12;8;9;29;8;12;29;0;15;18305;13484;1822;2747;16614;2437;2980;0;561
FR;6;2022-12-20;17;23;11;23;17;19;22;0;21;18322;13507;1833;2770;16631;2456;3002;0;582
FR;6;2022-12-21;23;16;9;19;13;13;17;0;5;18345;13523;1842;2789;16644;2469;3019;0;587
FR;6;2022-12-22;13;14;9;21;15;13;18;0;11;18358;13537;1851;2810;16659;2482;3037;0;598
FR;6;2022-12-23;10;19;12;7;14;18;7;0;3;18368;13556;1863;2817;16673;2500;3044;0;601
FR;6;2022-12-24;4;5;3;1;5;2;2;0;1;18372;13561;1866;2818;16678;2502;3046;0;602
FR;6;2022-12-25;0;0;0;0;0;0;0;0;0;18372;13561;1866;2818;16678;2502;3046;0;602
FR;6;2022-12-26;8;12;12;11;10;18;11;0;3;18380;13573;1878;2829;16688;2520;3057;0;605
FR;6;2022-12-27;17;13;15;8;12;19;8;0;0;18397;13586;1893;2837;16700;2539;3065;0;605
FR;6;2022-12-28;15;19;6;8;19;9;9;0;4;18412;13605;1899;2845;16719;2548;3074;0;609
FR;6;2022-12-29;15;12;7;8;10;9;9;0;7;18427;13617;1906;2853;16729;2557;3083;0;616
FR;6;2022-12-30;20;19;13;8;20;13;11;0;4;18447;13636;1919;2861;16749;2570;3094;0;620
FR;6;2022-12-31;5;2;6;1;4;7;1;0;1;18452;13638;1925;2862;16753;2577;3095;0;621
FR;6;2023-01-01;2;1;0;3;0;3;0;0;1;18454;13639;1925;2865;16753;2580;3095;0;622
FR;6;2023-01-02;9;14;2;3;10;7;3;0;0;18463;13653;1927;2868;16763;2587;3098;0;622
FR;6;2023-01-03;8;17;9;21;17;9;21;0;7;18471;13670;1936;2889;16780;2596;3119;0;629
FR;6;2023-01-04;9;9;4;10;8;8;6;0;14;18480;13679;1940;2899;16788;2604;3125;0;643
FR;6;2023-01-05;11;11;6;23;10;3;26;0;8;18491;13690;1946;2922;16798;2607;3151;0;651
FR;6;2023-01-06;16;24;15;30;21;17;29;0;15;18507;13714;1961;2952;16819;2624;3180;0;666
FR;6;2023-01-07;9;19;4;1;10;13;3;0;1;18516;13733;1965;2953;16829;2637;3183;0;667
FR;6;2023-01-08;2;7;4;11;6;4;11;0;3;18518;13740;1969;2964;16835;2641;3194;0;670
FR;6;2023-01-09;16;10;5;35;8;8;34;0;17;18534;13750;1974;2999;16843;2649;3228;0;687
FR;6;2023-01-10;11;15;13;23;13;10;26;0;9;18545;13765;1987;3022;16856;2659;3254;0;696
FR;6;2023-01-11;15;14;5;16;18;6;14;0;12;18560;13779;1992;3038;16874;2665;3268;0;708
FR;6;2023-01-12;7;13;2;5;10;3;5;0;12;18567;13792;1994;3043;16884;2668;3273;0;720
FR;6;2023-01-13;19;14;18;43;14;20;43;0;31;18586;13806;2012;3086;16898;2688;3316;0;751
FR;6;2023-01-14;20;8;6;2;9;9;2;0;0;18606;13814;2018;3088;16907;2697;3318;0;751
FR;6;2023-01-15;0;0;1;3;0;1;3;0;0;18606;13814;2019;3091;16907;2698;3321;0;751
FR;6;2023-01-16;22;12;2;1;10;6;3;0;2;18628;13826;2021;3092;16917;2704;3324;0;753
FR;6;2023-01-17;8;17;12;8;17;11;14;0;5;18636;13843;2033;3100;16934;2715;3338;0;758
FR;6;2023-01-18;18;15;9;7;17;10;8;0;1;18654;13858;2042;3107;16951;2725;3346;0;759
FR;6;2023-01-19;9;9;14;9;11;12;13;0;7;18663;13867;2056;3116;16962;2737;3359;0;766
FR;6;2023-01-20;17;13;9;32;16;6;34;0;27;18680;13880;2065;3148;16978;2743;3393;0;793
FR;6;2023-01-21;12;7;5;2;6;8;3;0;1;18692;13887;2070;3150;16984;2751;3396;0;794
FR;6;2023-01-22;0;0;0;0;0;0;0;0;0;18692;13887;2070;3150;16984;2751;3396;0;794
FR;6;2023-01-23;9;9;5;11;8;5;11;0;3;18701;13896;2075;3161;16992;2756;3407;0;797
FR;6;2023-01-24;12;15;15;13;12;14;18;0;6;18713;13911;2090;3174;17004;2770;3425;0;803
FR;6;2023-01-25;15;7;5;3;6;6;4;0;4;18728;13918;2095;3177;17010;2776;3429;0;807
FR;6;2023-01-26;13;14;3;11;11;8;13;0;9;18741;13932;2098;3188;17021;2784;3442;0;816
FR;6;2023-01-27;19;17;7;34;20;7;29;0;29;18760;13949;2105;3222;17041;2791;3471;0;845
FR;6;2023-01-28;15;15;7;4;17;6;5;0;1;18775;13964;2112;3226;17058;2797;3476;0;846
FR;6;2023-01-29;1;4;0;0;3;1;0;0;0;18776;13968;2112;3226;17061;2798;3476;0;846
FR;6;2023-01-30;2;15;8;4;15;8;3;0;8;18778;13983;2120;3230;17076;2806;3479;0;854
FR;6;2023-01-31;9;8;5;7;8;5;7;0;5;18787;13991;2125;3237;17084;2811;3486;0;859
FR;6;2023-02-01;20;14;4;4;13;4;8;0;4;18807;14005;2129;3241;17097;2815;3494;0;863
FR;6;2023-02-02;8;9;9;1;9;10;1;0;1;18815;14014;2138;3242;17106;2825;3495;0;864
FR;8;2020-12-27;0;0;0;0;0;0;0;0;0;0;0;0;0;0;0;0;0;0
FR;8;2020-12-28;0;0;0;0;0;0;0;0;0;0;0;0;0;0;0;0;0;0
FR;8;2020-12-29;0;0;0;0;0;0;0;0;0;0;0;0;0;0;0;0;0;0
FR;8;2020-12-30;0;0;0;0;0;0;0;0;0;0;0;0;0;0;0;0;0;0
FR;8;2020-12-31;0;0;0;0;0;0;0;0;0;0;0;0;0;0;0;0;0;0
FR;8;2021-01-01;0;0;0;0;0;0;0;0;0;0;0;0;0;0;0;0;0;0
FR;8;2021-01-02;0;0;0;0;0;0;0;0;0;0;0;0;0;0;0;0;0;0
FR;8;2021-01-03;0;0;0;0;0;0;0;0;0;0;0;0;0;0;0;0;0;0
FR;8;2021-01-04;0;0;0;0;0;0;0;0;0;0;0;0;0;0;0;0;0;0
FR;8;2021-01-05;0;0;0;0;0;0;0;0;0;0;0;0;0;0;0;0;0;0
FR;8;2021-01-06;0;0;0;0;0;0;0;0;0;0;0;0;0;0;0;0;0;0
FR;8;2021-01-07;0;0;0;0;0;0;0;0;0;0;0;0;0;0;0;0;0;0
FR;8;2021-01-08;0;0;0;0;0;0;0;0;0;0;0;0;0;0;0;0;0;0
FR;8;2021-01-09;0;0;0;0;0;0;0;0;0;0;0;0;0;0;0;0;0;0
FR;8;2021-01-10;0;0;0;0;0;0;0;0;0;0;0;0;0;0;0;0;0;0
FR;8;2021-01-11;0;0;0;0;0;0;0;0;0;0;0;0;0;0;0;0;0;0
FR;8;2021-01-12;0;0;0;0;0;0;0;0;0;0;0;0;0;0;0;0;0;0
FR;8;2021-01-13;0;0;0;0;0;0;0;0;0;0;0;0;0;0;0;0;0;0
FR;8;2021-01-14;0;0;0;0;0;0;0;0;0;0;0;0;0;0;0;0;0;0
FR;8;2021-01-15;0;0;0;0;0;0;0;0;0;0;0;0;0;0;0;0;0;0
FR;8;2021-01-16;0;0;0;0;0;0;0;0;0;0;0;0;0;0;0;0;0;0
FR;8;2021-01-17;0;0;0;0;0;0;0;0;0;0;0;0;0;0;0;0;0;0
FR;8;2021-01-18;0;0;0;0;0;0;0;0;0;0;0;0;0;0;0;0;0;0
FR;8;2021-01-19;0;0;0;0;0;0;0;0;0;0;0;0;0;0;0;0;0;0
FR;8;2021-01-20;0;0;0;0;0;0;0;0;0;0;0;0;0;0;0;0;0;0
FR;8;2021-01-21;0;0;0;0;0;0;0;0;0;0;0;0;0;0;0;0;0;0
FR;8;2021-01-22;0;0;0;0;0;0;0;0;0;0;0;0;0;0;0;0;0;0
FR;8;2021-01-23;0;0;0;0;0;0;0;0;0;0;0;0;0;0;0;0;0;0
FR;8;2021-01-24;0;0;0;0;0;0;0;0;0;0;0;0;0;0;0;0;0;0
FR;8;2021-01-25;0;0;0;0;0;0;0;0;0;0;0;0;0;0;0;0;0;0
FR;8;2021-01-26;0;0;0;0;0;0;0;0;0;0;0;0;0;0;0;0;0;0
FR;8;2021-01-27;0;0;0;0;0;0;0;0;0;0;0;0;0;0;0;0;0;0
FR;8;2021-01-28;0;0;0;0;0;0;0;0;0;0;0;0;0;0;0;0;0;0
FR;8;2021-01-29;0;0;0;0;0;0;0;0;0;0;0;0;0;0;0;0;0;0
FR;8;2021-01-30;0;0;0;0;0;0;0;0;0;0;0;0;0;0;0;0;0;0
FR;8;2021-01-31;0;0;0;0;0;0;0;0;0;0;0;0;0;0;0;0;0;0
FR;8;2021-02-01;0;0;0;0;0;0;0;0;0;0;0;0;0;0;0;0;0;0
FR;8;2021-02-02;0;0;0;0;0;0;0;0;0;0;0;0;0;0;0;0;0;0
FR;8;2021-02-03;0;0;0;0;0;0;0;0;0;0;0;0;0;0;0;0;0;0
FR;8;2021-02-04;0;0;0;0;0;0;0;0;0;0;0;0;0;0;0;0;0;0
FR;8;2021-02-05;0;0;0;0;0;0;0;0;0;0;0;0;0;0;0;0;0;0
FR;8;2021-02-06;0;0;0;0;0;0;0;0;0;0;0;0;0;0;0;0;0;0
FR;8;2021-02-07;0;0;0;0;0;0;0;0;0;0;0;0;0;0;0;0;0;0
FR;8;2021-02-08;0;0;0;0;0;0;0;0;0;0;0;0;0;0;0;0;0;0
FR;8;2021-02-09;0;0;0;0;0;0;0;0;0;0;0;0;0;0;0;0;0;0
FR;8;2021-02-10;0;0;0;0;0;0;0;0;0;0;0;0;0;0;0;0;0;0
FR;8;2021-02-11;0;0;0;0;0;0;0;0;0;0;0;0;0;0;0;0;0;0
FR;8;2021-02-12;0;0;0;0;0;0;0;0;0;0;0;0;0;0;0;0;0;0
FR;8;2021-02-13;0;0;0;0;0;0;0;0;0;0;0;0;0;0;0;0;0;0
FR;8;2021-02-14;0;0;0;0;0;0;0;0;0;0;0;0;0;0;0;0;0;0
FR;8;2021-02-15;0;0;0;0;0;0;0;0;0;0;0;0;0;0;0;0;0;0
FR;8;2021-02-16;0;0;0;0;0;0;0;0;0;0;0;0;0;0;0;0;0;0
FR;8;2021-02-17;0;0;0;0;0;0;0;0;0;0;0;0;0;0;0;0;0;0
FR;8;2021-02-18;0;0;0;0;0;0;0;0;0;0;0;0;0;0;0;0;0;0
FR;8;2021-02-19;0;0;0;0;0;0;0;0;0;0;0;0;0;0;0;0;0;0
FR;8;2021-02-20;0;0;0;0;0;0;0;0;0;0;0;0;0;0;0;0;0;0
FR;8;2021-02-21;0;0;0;0;0;0;0;0;0;0;0;0;0;0;0;0;0;0
FR;8;2021-02-22;0;0;0;0;0;0;0;0;0;0;0;0;0;0;0;0;0;0
FR;8;2021-02-23;0;0;0;0;0;0;0;0;0;0;0;0;0;0;0;0;0;0
FR;8;2021-02-24;0;0;0;0;0;0;0;0;0;0;0;0;0;0;0;0;0;0
FR;8;2021-02-25;0;0;0;0;0;0;0;0;0;0;0;0;0;0;0;0;0;0
FR;8;2021-02-26;0;0;0;0;0;0;0;0;0;0;0;0;0;0;0;0;0;0
FR;8;2021-02-27;0;0;0;0;0;0;0;0;0;0;0;0;0;0;0;0;0;0
FR;8;2021-02-28;0;0;0;0;0;0;0;0;0;0;0;0;0;0;0;0;0;0
FR;8;2021-03-01;0;0;0;0;0;0;0;0;0;0;0;0;0;0;0;0;0;0
FR;8;2021-03-02;0;0;0;0;0;0;0;0;0;0;0;0;0;0;0;0;0;0
FR;8;2021-03-03;0;0;0;0;0;0;0;0;0;0;0;0;0;0;0;0;0;0
FR;8;2021-03-04;0;0;0;0;0;0;0;0;0;0;0;0;0;0;0;0;0;0
FR;8;2021-03-05;0;0;0;0;0;0;0;0;0;0;0;0;0;0;0;0;0;0
FR;8;2021-03-06;0;0;0;0;0;0;0;0;0;0;0;0;0;0;0;0;0;0
FR;8;2021-03-07;0;0;0;0;0;0;0;0;0;0;0;0;0;0;0;0;0;0
FR;8;2021-03-08;0;0;0;0;0;0;0;0;0;0;0;0;0;0;0;0;0;0
FR;8;2021-03-09;0;0;0;0;0;0;0;0;0;0;0;0;0;0;0;0;0;0
FR;8;2021-03-10;0;0;0;0;0;0;0;0;0;0;0;0;0;0;0;0;0;0
FR;8;2021-03-11;0;0;0;0;0;0;0;0;0;0;0;0;0;0;0;0;0;0
FR;8;2021-03-12;0;0;0;0;0;0;0;0;0;0;0;0;0;0;0;0;0;0
FR;8;2021-03-13;0;0;0;0;0;0;0;0;0;0;0;0;0;0;0;0;0;0
FR;8;2021-03-14;0;0;0;0;0;0;0;0;0;0;0;0;0;0;0;0;0;0
FR;8;2021-03-15;0;0;0;0;0;0;0;0;0;0;0;0;0;0;0;0;0;0
FR;8;2021-03-16;0;0;0;0;0;0;0;0;0;0;0;0;0;0;0;0;0;0
FR;8;2021-03-17;0;0;0;0;0;0;0;0;0;0;0;0;0;0;0;0;0;0
FR;8;2021-03-18;0;0;0;0;0;0;0;0;0;0;0;0;0;0;0;0;0;0
FR;8;2021-03-19;0;0;0;0;0;0;0;0;0;0;0;0;0;0;0;0;0;0
FR;8;2021-03-20;0;0;0;0;0;0;0;0;0;0;0;0;0;0;0;0;0;0
FR;8;2021-03-21;0;0;0;0;0;0;0;0;0;0;0;0;0;0;0;0;0;0
FR;8;2021-03-22;0;0;0;0;0;0;0;0;0;0;0;0;0;0;0;0;0;0
FR;8;2021-03-23;0;0;0;0;0;0;0;0;0;0;0;0;0;0;0;0;0;0
FR;8;2021-03-24;0;0;0;0;0;0;0;0;0;0;0;0;0;0;0;0;0;0
FR;8;2021-03-25;0;0;0;0;0;0;0;0;0;0;0;0;0;0;0;0;0;0
FR;8;2021-03-26;0;0;0;0;0;0;0;0;0;0;0;0;0;0;0;0;0;0
FR;8;2021-03-27;0;0;0;0;0;0;0;0;0;0;0;0;0;0;0;0;0;0
FR;8;2021-03-28;0;0;0;0;0;0;0;0;0;0;0;0;0;0;0;0;0;0
FR;8;2021-03-29;0;0;0;0;0;0;0;0;0;0;0;0;0;0;0;0;0;0
FR;8;2021-03-30;0;0;0;0;0;0;0;0;0;0;0;0;0;0;0;0;0;0
FR;8;2021-03-31;0;0;0;0;0;0;0;0;0;0;0;0;0;0;0;0;0;0
FR;8;2021-04-01;0;0;0;0;0;0;0;0;0;0;0;0;0;0;0;0;0;0
FR;8;2021-04-02;0;0;0;0;0;0;0;0;0;0;0;0;0;0;0;0;0;0
FR;8;2021-04-03;0;0;0;0;0;0;0;0;0;0;0;0;0;0;0;0;0;0
FR;8;2021-04-04;0;0;0;0;0;0;0;0;0;0;0;0;0;0;0;0;0;0
FR;8;2021-04-05;0;0;0;0;0;0;0;0;0;0;0;0;0;0;0;0;0;0
FR;8;2021-04-06;0;0;0;0;0;0;0;0;0;0;0;0;0;0;0;0;0;0
FR;8;2021-04-07;0;0;0;0;0;0;0;0;0;0;0;0;0;0;0;0;0;0
FR;8;2021-04-08;0;0;0;0;0;0;0;0;0;0;0;0;0;0;0;0;0;0
FR;8;2021-04-09;0;0;0;0;0;0;0;0;0;0;0;0;0;0;0;0;0;0
FR;8;2021-04-10;0;0;0;0;0;0;0;0;0;0;0;0;0;0;0;0;0;0
FR;8;2021-04-11;0;0;0;0;0;0;0;0;0;0;0;0;0;0;0;0;0;0
FR;8;2021-04-12;0;0;0;0;0;0;0;0;0;0;0;0;0;0;0;0;0;0
FR;8;2021-04-13;0;0;0;0;0;0;0;0;0;0;0;0;0;0;0;0;0;0
FR;8;2021-04-14;0;0;0;0;0;0;0;0;0;0;0;0;0;0;0;0;0;0
FR;8;2021-04-15;0;0;0;0;0;0;0;0;0;0;0;0;0;0;0;0;0;0
FR;8;2021-04-16;0;0;0;0;0;0;0;0;0;0;0;0;0;0;0;0;0;0
FR;8;2021-04-17;0;0;0;0;0;0;0;0;0;0;0;0;0;0;0;0;0;0
FR;8;2021-04-18;0;0;0;0;0;0;0;0;0;0;0;0;0;0;0;0;0;0
FR;8;2021-04-19;0;0;0;0;0;0;0;0;0;0;0;0;0;0;0;0;0;0
FR;8;2021-04-20;0;0;0;0;0;0;0;0;0;0;0;0;0;0;0;0;0;0
FR;8;2021-04-21;0;0;0;0;0;0;0;0;0;0;0;0;0;0;0;0;0;0
FR;8;2021-04-22;0;0;0;0;0;0;0;0;0;0;0;0;0;0;0;0;0;0
FR;8;2021-04-23;0;0;0;0;0;0;0;0;0;0;0;0;0;0;0;0;0;0
FR;8;2021-04-24;0;0;0;0;0;0;0;0;0;0;0;0;0;0;0;0;0;0
FR;8;2021-04-25;0;0;0;0;0;0;0;0;0;0;0;0;0;0;0;0;0;0
FR;8;2021-04-26;0;0;0;0;0;0;0;0;0;0;0;0;0;0;0;0;0;0
FR;8;2021-04-27;0;0;0;0;0;0;0;0;0;0;0;0;0;0;0;0;0;0
FR;8;2021-04-28;0;0;0;0;0;0;0;0;0;0;0;0;0;0;0;0;0;0
FR;8;2021-04-29;0;0;0;0;0;0;0;0;0;0;0;0;0;0;0;0;0;0
FR;8;2021-04-30;0;0;0;0;0;0;0;0;0;0;0;0;0;0;0;0;0;0
FR;8;2021-05-01;0;0;0;0;0;0;0;0;0;0;0;0;0;0;0;0;0;0
FR;8;2021-05-02;0;0;0;0;0;0;0;0;0;0;0;0;0;0;0;0;0;0
FR;8;2021-05-03;0;0;0;0;0;0;0;0;0;0;0;0;0;0;0;0;0;0
FR;8;2021-05-04;0;0;0;0;0;0;0;0;0;0;0;0;0;0;0;0;0;0
FR;8;2021-05-05;0;0;0;0;0;0;0;0;0;0;0;0;0;0;0;0;0;0
FR;8;2021-05-06;0;0;0;0;0;0;0;0;0;0;0;0;0;0;0;0;0;0
FR;8;2021-05-07;0;0;0;0;0;0;0;0;0;0;0;0;0;0;0;0;0;0
FR;8;2021-05-08;0;0;0;0;0;0;0;0;0;0;0;0;0;0;0;0;0;0
FR;8;2021-05-09;0;0;0;0;0;0;0;0;0;0;0;0;0;0;0;0;0;0
FR;8;2021-05-10;0;0;0;0;0;0;0;0;0;0;0;0;0;0;0;0;0;0
FR;8;2021-05-11;0;0;0;0;0;0;0;0;0;0;0;0;0;0;0;0;0;0
FR;8;2021-05-12;0;0;0;0;0;0;0;0;0;0;0;0;0;0;0;0;0;0
FR;8;2021-05-13;0;0;0;0;0;0;0;0;0;0;0;0;0;0;0;0;0;0
FR;8;2021-05-14;0;0;0;0;0;0;0;0;0;0;0;0;0;0;0;0;0;0
FR;8;2021-05-15;0;0;0;0;0;0;0;0;0;0;0;0;0;0;0;0;0;0
FR;8;2021-05-16;0;0;0;0;0;0;0;0;0;0;0;0;0;0;0;0;0;0
FR;8;2021-05-17;0;0;0;0;0;0;0;0;0;0;0;0;0;0;0;0;0;0
FR;8;2021-05-18;0;0;0;0;0;0;0;0;0;0;0;0;0;0;0;0;0;0
FR;8;2021-05-19;0;0;0;0;0;0;0;0;0;0;0;0;0;0;0;0;0;0
FR;8;2021-05-20;0;0;0;0;0;0;0;0;0;0;0;0;0;0;0;0;0;0
FR;8;2021-05-21;0;0;0;0;0;0;0;0;0;0;0;0;0;0;0;0;0;0
FR;8;2021-05-22;0;0;0;0;0;0;0;0;0;0;0;0;0;0;0;0;0;0
FR;8;2021-05-23;0;0;0;0;0;0;0;0;0;0;0;0;0;0;0;0;0;0
FR;8;2021-05-24;0;0;0;0;0;0;0;0;0;0;0;0;0;0;0;0;0;0
FR;8;2021-05-25;0;0;0;0;0;0;0;0;0;0;0;0;0;0;0;0;0;0
FR;8;2021-05-26;0;0;0;0;0;0;0;0;0;0;0;0;0;0;0;0;0;0
FR;8;2021-05-27;0;0;0;0;0;0;0;0;0;0;0;0;0;0;0;0;0;0
FR;8;2021-05-28;0;0;0;0;0;0;0;0;0;0;0;0;0;0;0;0;0;0
FR;8;2021-05-29;0;0;0;0;0;0;0;0;0;0;0;0;0;0;0;0;0;0
FR;8;2021-05-30;0;0;0;0;0;0;0;0;0;0;0;0;0;0;0;0;0;0
FR;8;2021-05-31;0;0;0;0;0;0;0;0;0;0;0;0;0;0;0;0;0;0
FR;8;2021-06-01;0;0;0;0;0;0;0;0;0;0;0;0;0;0;0;0;0;0
FR;8;2021-06-02;0;0;0;0;0;0;0;0;0;0;0;0;0;0;0;0;0;0
FR;8;2021-06-03;0;0;0;0;0;0;0;0;0;0;0;0;0;0;0;0;0;0
FR;8;2021-06-04;0;0;0;0;0;0;0;0;0;0;0;0;0;0;0;0;0;0
FR;8;2021-06-05;0;0;0;0;0;0;0;0;0;0;0;0;0;0;0;0;0;0
FR;8;2021-06-06;0;0;0;0;0;0;0;0;0;0;0;0;0;0;0;0;0;0
FR;8;2021-06-07;0;0;0;0;0;0;0;0;0;0;0;0;0;0;0;0;0;0
FR;8;2021-06-08;0;0;0;0;0;0;0;0;0;0;0;0;0;0;0;0;0;0
FR;8;2021-06-09;0;0;0;0;0;0;0;0;0;0;0;0;0;0;0;0;0;0
FR;8;2021-06-10;0;0;0;0;0;0;0;0;0;0;0;0;0;0;0;0;0;0
FR;8;2021-06-11;0;0;0;0;0;0;0;0;0;0;0;0;0;0;0;0;0;0
FR;8;2021-06-12;0;0;0;0;0;0;0;0;0;0;0;0;0;0;0;0;0;0
FR;8;2021-06-13;0;0;0;0;0;0;0;0;0;0;0;0;0;0;0;0;0;0
FR;8;2021-06-14;0;0;0;0;0;0;0;0;0;0;0;0;0;0;0;0;0;0
FR;8;2021-06-15;0;0;0;0;0;0;0;0;0;0;0;0;0;0;0;0;0;0
FR;8;2021-06-16;0;0;0;0;0;0;0;0;0;0;0;0;0;0;0;0;0;0
FR;8;2021-06-17;0;0;0;0;0;0;0;0;0;0;0;0;0;0;0;0;0;0
FR;8;2021-06-18;0;0;0;0;0;0;0;0;0;0;0;0;0;0;0;0;0;0
FR;8;2021-06-19;0;0;0;0;0;0;0;0;0;0;0;0;0;0;0;0;0;0
FR;8;2021-06-20;0;0;0;0;0;0;0;0;0;0;0;0;0;0;0;0;0;0
FR;8;2021-06-21;0;0;0;0;0;0;0;0;0;0;0;0;0;0;0;0;0;0
FR;8;2021-06-22;0;0;0;0;0;0;0;0;0;0;0;0;0;0;0;0;0;0
FR;8;2021-06-23;0;0;0;0;0;0;0;0;0;0;0;0;0;0;0;0;0;0
FR;8;2021-06-24;0;0;0;0;0;0;0;0;0;0;0;0;0;0;0;0;0;0
FR;8;2021-06-25;0;0;0;0;0;0;0;0;0;0;0;0;0;0;0;0;0;0
FR;8;2021-06-26;0;0;0;0;0;0;0;0;0;0;0;0;0;0;0;0;0;0
FR;8;2021-06-27;0;0;0;0;0;0;0;0;0;0;0;0;0;0;0;0;0;0
FR;8;2021-06-28;0;0;0;0;0;0;0;0;0;0;0;0;0;0;0;0;0;0
FR;8;2021-06-29;0;0;0;0;0;0;0;0;0;0;0;0;0;0;0;0;0;0
FR;8;2021-06-30;0;0;0;0;0;0;0;0;0;0;0;0;0;0;0;0;0;0
FR;8;2021-07-01;0;0;0;0;0;0;0;0;0;0;0;0;0;0;0;0;0;0
FR;8;2021-07-02;0;0;0;0;0;0;0;0;0;0;0;0;0;0;0;0;0;0
FR;8;2021-07-03;0;0;0;0;0;0;0;0;0;0;0;0;0;0;0;0;0;0
FR;8;2021-07-04;0;0;0;0;0;0;0;0;0;0;0;0;0;0;0;0;0;0
FR;8;2021-07-05;0;0;0;0;0;0;0;0;0;0;0;0;0;0;0;0;0;0
FR;8;2021-07-06;0;0;0;0;0;0;0;0;0;0;0;0;0;0;0;0;0;0
FR;8;2021-07-07;0;0;0;0;0;0;0;0;0;0;0;0;0;0;0;0;0;0
FR;8;2021-07-08;0;0;0;0;0;0;0;0;0;0;0;0;0;0;0;0;0;0
FR;8;2021-07-09;0;0;0;0;0;0;0;0;0;0;0;0;0;0;0;0;0;0
FR;8;2021-07-10;0;0;0;0;0;0;0;0;0;0;0;0;0;0;0;0;0;0
FR;8;2021-07-11;0;0;0;0;0;0;0;0;0;0;0;0;0;0;0;0;0;0
FR;8;2021-07-12;0;0;0;0;0;0;0;0;0;0;0;0;0;0;0;0;0;0
FR;8;2021-07-13;0;0;0;0;0;0;0;0;0;0;0;0;0;0;0;0;0;0
FR;8;2021-07-14;0;0;0;0;0;0;0;0;0;0;0;0;0;0;0;0;0;0
FR;8;2021-07-15;0;0;0;0;0;0;0;0;0;0;0;0;0;0;0;0;0;0
FR;8;2021-07-16;0;0;0;0;0;0;0;0;0;0;0;0;0;0;0;0;0;0
FR;8;2021-07-17;0;0;0;0;0;0;0;0;0;0;0;0;0;0;0;0;0;0
FR;8;2021-07-18;0;0;0;0;0;0;0;0;0;0;0;0;0;0;0;0;0;0
FR;8;2021-07-19;0;0;0;0;0;0;0;0;0;0;0;0;0;0;0;0;0;0
FR;8;2021-07-20;0;0;0;0;0;0;0;0;0;0;0;0;0;0;0;0;0;0
FR;8;2021-07-21;0;0;0;0;0;0;0;0;0;0;0;0;0;0;0;0;0;0
FR;8;2021-07-22;0;0;0;0;0;0;0;0;0;0;0;0;0;0;0;0;0;0
FR;8;2021-07-23;0;0;0;0;0;0;0;0;0;0;0;0;0;0;0;0;0;0
FR;8;2021-07-24;0;0;0;0;0;0;0;0;0;0;0;0;0;0;0;0;0;0
FR;8;2021-07-25;0;0;0;0;0;0;0;0;0;0;0;0;0;0;0;0;0;0
FR;8;2021-07-26;0;0;0;0;0;0;0;0;0;0;0;0;0;0;0;0;0;0
FR;8;2021-07-27;0;0;0;0;0;0;0;0;0;0;0;0;0;0;0;0;0;0
FR;8;2021-07-28;0;0;0;0;0;0;0;0;0;0;0;0;0;0;0;0;0;0
FR;8;2021-07-29;0;0;0;0;0;0;0;0;0;0;0;0;0;0;0;0;0;0
FR;8;2021-07-30;0;0;0;0;0;0;0;0;0;0;0;0;0;0;0;0;0;0
FR;8;2021-07-31;0;0;0;0;0;0;0;0;0;0;0;0;0;0;0;0;0;0
FR;8;2021-08-01;0;0;0;0;0;0;0;0;0;0;0;0;0;0;0;0;0;0
FR;8;2021-08-02;0;0;0;0;0;0;0;0;0;0;0;0;0;0;0;0;0;0
FR;8;2021-08-03;0;0;0;0;0;0;0;0;0;0;0;0;0;0;0;0;0;0
FR;8;2021-08-04;0;0;0;0;0;0;0;0;0;0;0;0;0;0;0;0;0;0
FR;8;2021-08-05;0;0;0;0;0;0;0;0;0;0;0;0;0;0;0;0;0;0
FR;8;2021-08-06;0;0;0;0;0;0;0;0;0;0;0;0;0;0;0;0;0;0
FR;8;2021-08-07;0;0;0;0;0;0;0;0;0;0;0;0;0;0;0;0;0;0
FR;8;2021-08-08;0;0;0;0;0;0;0;0;0;0;0;0;0;0;0;0;0;0
FR;8;2021-08-09;0;0;0;0;0;0;0;0;0;0;0;0;0;0;0;0;0;0
FR;8;2021-08-10;0;0;0;0;0;0;0;0;0;0;0;0;0;0;0;0;0;0
FR;8;2021-08-11;0;0;0;0;0;0;0;0;0;0;0;0;0;0;0;0;0;0
FR;8;2021-08-12;0;0;0;0;0;0;0;0;0;0;0;0;0;0;0;0;0;0
FR;8;2021-08-13;0;0;0;0;0;0;0;0;0;0;0;0;0;0;0;0;0;0
FR;8;2021-08-14;0;0;0;0;0;0;0;0;0;0;0;0;0;0;0;0;0;0
FR;8;2021-08-15;0;0;0;0;0;0;0;0;0;0;0;0;0;0;0;0;0;0
FR;8;2021-08-16;0;0;0;0;0;0;0;0;0;0;0;0;0;0;0;0;0;0
FR;8;2021-08-17;0;0;0;0;0;0;0;0;0;0;0;0;0;0;0;0;0;0
FR;8;2021-08-18;0;0;0;0;0;0;0;0;0;0;0;0;0;0;0;0;0;0
FR;8;2021-08-19;0;0;0;0;0;0;0;0;0;0;0;0;0;0;0;0;0;0
FR;8;2021-08-20;0;0;0;0;0;0;0;0;0;0;0;0;0;0;0;0;0;0
FR;8;2021-08-21;0;0;0;0;0;0;0;0;0;0;0;0;0;0;0;0;0;0
FR;8;2021-08-22;0;0;0;0;0;0;0;0;0;0;0;0;0;0;0;0;0;0
FR;8;2021-08-23;0;0;0;0;0;0;0;0;0;0;0;0;0;0;0;0;0;0
FR;8;2021-08-24;0;0;0;0;0;0;0;0;0;0;0;0;0;0;0;0;0;0
FR;8;2021-08-25;0;0;0;0;0;0;0;0;0;0;0;0;0;0;0;0;0;0
FR;8;2021-08-26;0;0;0;0;0;0;0;0;0;0;0;0;0;0;0;0;0;0
FR;8;2021-08-27;0;0;0;0;0;0;0;0;0;0;0;0;0;0;0;0;0;0
FR;8;2021-08-28;0;0;0;0;0;0;0;0;0;0;0;0;0;0;0;0;0;0
FR;8;2021-08-29;0;0;0;0;0;0;0;0;0;0;0;0;0;0;0;0;0;0
FR;8;2021-08-30;0;0;0;0;0;0;0;0;0;0;0;0;0;0;0;0;0;0
FR;8;2021-08-31;0;0;0;0;0;0;0;0;0;0;0;0;0;0;0;0;0;0
FR;8;2021-09-01;0;0;0;0;0;0;0;0;0;0;0;0;0;0;0;0;0;0
FR;8;2021-09-02;0;0;0;0;0;0;0;0;0;0;0;0;0;0;0;0;0;0
FR;8;2021-09-03;0;0;0;0;0;0;0;0;0;0;0;0;0;0;0;0;0;0
FR;8;2021-09-04;0;0;0;0;0;0;0;0;0;0;0;0;0;0;0;0;0;0
FR;8;2021-09-05;0;0;0;0;0;0;0;0;0;0;0;0;0;0;0;0;0;0
FR;8;2021-09-06;0;0;0;0;0;0;0;0;0;0;0;0;0;0;0;0;0;0
FR;8;2021-09-07;0;0;0;0;0;0;0;0;0;0;0;0;0;0;0;0;0;0
FR;8;2021-09-08;0;0;0;0;0;0;0;0;0;0;0;0;0;0;0;0;0;0
FR;8;2021-09-09;0;0;0;0;0;0;0;0;0;0;0;0;0;0;0;0;0;0
FR;8;2021-09-10;0;0;0;0;0;0;0;0;0;0;0;0;0;0;0;0;0;0
FR;8;2021-09-11;0;0;0;0;0;0;0;0;0;0;0;0;0;0;0;0;0;0
FR;8;2021-09-12;0;0;0;0;0;0;0;0;0;0;0;0;0;0;0;0;0;0
FR;8;2021-09-13;0;0;0;0;0;0;0;0;0;0;0;0;0;0;0;0;0;0
FR;8;2021-09-14;0;0;0;0;0;0;0;0;0;0;0;0;0;0;0;0;0;0
FR;8;2021-09-15;0;0;0;0;0;0;0;0;0;0;0;0;0;0;0;0;0;0
FR;8;2021-09-16;0;0;0;0;0;0;0;0;0;0;0;0;0;0;0;0;0;0
FR;8;2021-09-17;0;0;0;0;0;0;0;0;0;0;0;0;0;0;0;0;0;0
FR;8;2021-09-18;0;0;0;0;0;0;0;0;0;0;0;0;0;0;0;0;0;0
FR;8;2021-09-19;0;0;0;0;0;0;0;0;0;0;0;0;0;0;0;0;0;0
FR;8;2021-09-20;0;0;0;0;0;0;0;0;0;0;0;0;0;0;0;0;0;0
FR;8;2021-09-21;0;0;0;0;0;0;0;0;0;0;0;0;0;0;0;0;0;0
FR;8;2021-09-22;0;0;0;0;0;0;0;0;0;0;0;0;0;0;0;0;0;0
FR;8;2021-09-23;0;0;0;0;0;0;0;0;0;0;0;0;0;0;0;0;0;0
FR;8;2021-09-24;0;0;0;0;0;0;0;0;0;0;0;0;0;0;0;0;0;0
FR;8;2021-09-25;0;0;0;0;0;0;0;0;0;0;0;0;0;0;0;0;0;0
FR;8;2021-09-26;0;0;0;0;0;0;0;0;0;0;0;0;0;0;0;0;0;0
FR;8;2021-09-27;0;0;0;0;0;0;0;0;0;0;0;0;0;0;0;0;0;0
FR;8;2021-09-28;0;0;0;0;0;0;0;0;0;0;0;0;0;0;0;0;0;0
FR;8;2021-09-29;0;0;0;0;0;0;0;0;0;0;0;0;0;0;0;0;0;0
FR;8;2021-09-30;0;0;0;0;0;0;0;0;0;0;0;0;0;0;0;0;0;0
FR;8;2021-10-01;0;0;0;0;0;0;0;0;0;0;0;0;0;0;0;0;0;0
FR;8;2021-10-02;0;0;0;0;0;0;0;0;0;0;0;0;0;0;0;0;0;0
FR;8;2021-10-03;0;0;0;0;0;0;0;0;0;0;0;0;0;0;0;0;0;0
FR;8;2021-10-04;0;0;0;0;0;0;0;0;0;0;0;0;0;0;0;0;0;0
FR;8;2021-10-05;0;0;0;0;0;0;0;0;0;0;0;0;0;0;0;0;0;0
FR;8;2021-10-06;0;0;0;0;0;0;0;0;0;0;0;0;0;0;0;0;0;0
FR;8;2021-10-07;0;0;0;0;0;0;0;0;0;0;0;0;0;0;0;0;0;0
FR;8;2021-10-08;0;0;0;0;0;0;0;0;0;0;0;0;0;0;0;0;0;0
FR;8;2021-10-09;0;0;0;0;0;0;0;0;0;0;0;0;0;0;0;0;0;0
FR;8;2021-10-10;0;0;0;0;0;0;0;0;0;0;0;0;0;0;0;0;0;0
FR;8;2021-10-11;0;0;0;0;0;0;0;0;0;0;0;0;0;0;0;0;0;0
FR;8;2021-10-12;0;0;0;0;0;0;0;0;0;0;0;0;0;0;0;0;0;0
FR;8;2021-10-13;0;0;0;0;0;0;0;0;0;0;0;0;0;0;0;0;0;0
FR;8;2021-10-14;0;0;0;0;0;0;0;0;0;0;0;0;0;0;0;0;0;0
FR;8;2021-10-15;0;0;0;0;0;0;0;0;0;0;0;0;0;0;0;0;0;0
FR;8;2021-10-16;0;0;0;0;0;0;0;0;0;0;0;0;0;0;0;0;0;0
FR;8;2021-10-17;0;0;0;0;0;0;0;0;0;0;0;0;0;0;0;0;0;0
FR;8;2021-10-18;0;0;0;0;0;0;0;0;0;0;0;0;0;0;0;0;0;0
FR;8;2021-10-19;0;0;0;0;0;0;0;0;0;0;0;0;0;0;0;0;0;0
FR;8;2021-10-20;0;0;0;0;0;0;0;0;0;0;0;0;0;0;0;0;0;0
FR;8;2021-10-21;0;0;0;0;0;0;0;0;0;0;0;0;0;0;0;0;0;0
FR;8;2021-10-22;0;0;0;0;0;0;0;0;0;0;0;0;0;0;0;0;0;0
FR;8;2021-10-23;0;0;0;0;0;0;0;0;0;0;0;0;0;0;0;0;0;0
FR;8;2021-10-24;0;0;0;0;0;0;0;0;0;0;0;0;0;0;0;0;0;0
FR;8;2021-10-25;0;0;0;0;0;0;0;0;0;0;0;0;0;0;0;0;0;0
FR;8;2021-10-26;0;0;0;0;0;0;0;0;0;0;0;0;0;0;0;0;0;0
FR;8;2021-10-27;0;0;0;0;0;0;0;0;0;0;0;0;0;0;0;0;0;0
FR;8;2021-10-28;0;0;0;0;0;0;0;0;0;0;0;0;0;0;0;0;0;0
FR;8;2021-10-29;0;0;0;0;0;0;0;0;0;0;0;0;0;0;0;0;0;0
FR;8;2021-10-30;0;0;0;0;0;0;0;0;0;0;0;0;0;0;0;0;0;0
FR;8;2021-10-31;0;0;0;0;0;0;0;0;0;0;0;0;0;0;0;0;0;0
FR;8;2021-11-01;0;0;0;0;0;0;0;0;0;0;0;0;0;0;0;0;0;0
FR;8;2021-11-02;0;0;0;0;0;0;0;0;0;0;0;0;0;0;0;0;0;0
FR;8;2021-11-03;0;0;0;0;0;0;0;0;0;0;0;0;0;0;0;0;0;0
FR;8;2021-11-04;0;0;0;0;0;0;0;0;0;0;0;0;0;0;0;0;0;0
FR;8;2021-11-05;0;0;0;0;0;0;0;0;0;0;0;0;0;0;0;0;0;0
FR;8;2021-11-06;0;0;0;0;0;0;0;0;0;0;0;0;0;0;0;0;0;0
FR;8;2021-11-07;0;0;0;0;0;0;0;0;0;0;0;0;0;0;0;0;0;0
FR;8;2021-11-08;0;0;0;0;0;0;0;0;0;0;0;0;0;0;0;0;0;0
FR;8;2021-11-09;0;0;0;0;0;0;0;0;0;0;0;0;0;0;0;0;0;0
FR;8;2021-11-10;0;0;0;0;0;0;0;0;0;0;0;0;0;0;0;0;0;0
FR;8;2021-11-11;0;0;0;0;0;0;0;0;0;0;0;0;0;0;0;0;0;0
FR;8;2021-11-12;0;0;0;0;0;0;0;0;0;0;0;0;0;0;0;0;0;0
FR;8;2021-11-13;0;0;0;0;0;0;0;0;0;0;0;0;0;0;0;0;0;0
FR;8;2021-11-14;0;0;0;0;0;0;0;0;0;0;0;0;0;0;0;0;0;0
FR;8;2021-11-15;0;0;0;0;0;0;0;0;0;0;0;0;0;0;0;0;0;0
FR;8;2021-11-16;0;0;0;0;0;0;0;0;0;0;0;0;0;0;0;0;0;0
FR;8;2021-11-17;0;0;0;0;0;0;0;0;0;0;0;0;0;0;0;0;0;0
FR;8;2021-11-18;0;0;0;0;0;0;0;0;0;0;0;0;0;0;0;0;0;0
FR;8;2021-11-19;0;0;0;0;0;0;0;0;0;0;0;0;0;0;0;0;0;0
FR;8;2021-11-20;0;0;0;0;0;0;0;0;0;0;0;0;0;0;0;0;0;0
FR;8;2021-11-21;0;0;0;0;0;0;0;0;0;0;0;0;0;0;0;0;0;0
FR;8;2021-11-22;0;0;0;0;0;0;0;0;0;0;0;0;0;0;0;0;0;0
FR;8;2021-11-23;0;0;0;0;0;0;0;0;0;0;0;0;0;0;0;0;0;0
FR;8;2021-11-24;0;0;0;0;0;0;0;0;0;0;0;0;0;0;0;0;0;0
FR;8;2021-11-25;0;0;0;0;0;0;0;0;0;0;0;0;0;0;0;0;0;0
FR;8;2021-11-26;0;0;0;0;0;0;0;0;0;0;0;0;0;0;0;0;0;0
FR;8;2021-11-27;0;0;0;0;0;0;0;0;0;0;0;0;0;0;0;0;0;0
FR;8;2021-11-28;0;0;0;0;0;0;0;0;0;0;0;0;0;0;0;0;0;0
FR;8;2021-11-29;0;0;0;0;0;0;0;0;0;0;0;0;0;0;0;0;0;0
FR;8;2021-11-30;0;0;0;0;0;0;0;0;0;0;0;0;0;0;0;0;0;0
FR;8;2021-12-01;0;0;0;0;0;0;0;0;0;0;0;0;0;0;0;0;0;0
FR;8;2021-12-02;0;0;0;0;0;0;0;0;0;0;0;0;0;0;0;0;0;0
FR;8;2021-12-03;0;0;0;0;0;0;0;0;0;0;0;0;0;0;0;0;0;0
FR;8;2021-12-04;0;0;0;0;0;0;0;0;0;0;0;0;0;0;0;0;0;0
FR;8;2021-12-05;0;0;0;0;0;0;0;0;0;0;0;0;0;0;0;0;0;0
FR;8;2021-12-06;0;0;0;0;0;0;0;0;0;0;0;0;0;0;0;0;0;0
FR;8;2021-12-07;0;0;0;0;0;0;0;0;0;0;0;0;0;0;0;0;0;0
FR;8;2021-12-08;0;0;0;0;0;0;0;0;0;0;0;0;0;0;0;0;0;0
FR;8;2021-12-09;0;0;0;0;0;0;0;0;0;0;0;0;0;0;0;0;0;0
FR;8;2021-12-10;0;0;0;0;0;0;0;0;0;0;0;0;0;0;0;0;0;0
FR;8;2021-12-11;0;0;0;0;0;0;0;0;0;0;0;0;0;0;0;0;0;0
FR;8;2021-12-12;0;0;0;0;0;0;0;0;0;0;0;0;0;0;0;0;0;0
FR;8;2021-12-13;0;0;0;0;0;0;0;0;0;0;0;0;0;0;0;0;0;0
FR;8;2021-12-14;0;0;0;0;0;0;0;0;0;0;0;0;0;0;0;0;0;0
FR;8;2021-12-15;0;0;0;0;0;0;0;0;0;0;0;0;0;0;0;0;0;0
FR;8;2021-12-16;0;0;0;0;0;0;0;0;0;0;0;0;0;0;0;0;0;0
FR;8;2021-12-17;0;0;0;0;0;0;0;0;0;0;0;0;0;0;0;0;0;0
FR;8;2021-12-18;0;0;0;0;0;0;0;0;0;0;0;0;0;0;0;0;0;0
FR;8;2021-12-19;0;0;0;0;0;0;0;0;0;0;0;0;0;0;0;0;0;0
FR;8;2021-12-20;0;0;0;0;0;0;0;0;0;0;0;0;0;0;0;0;0;0
FR;8;2021-12-21;0;0;0;0;0;0;0;0;0;0;0;0;0;0;0;0;0;0
FR;8;2021-12-22;0;0;0;0;0;0;0;0;0;0;0;0;0;0;0;0;0;0
FR;8;2021-12-23;0;0;0;0;0;0;0;0;0;0;0;0;0;0;0;0;0;0
FR;8;2021-12-24;0;0;0;0;0;0;0;0;0;0;0;0;0;0;0;0;0;0
FR;8;2021-12-25;0;0;0;0;0;0;0;0;0;0;0;0;0;0;0;0;0;0
FR;8;2021-12-26;0;0;0;0;0;0;0;0;0;0;0;0;0;0;0;0;0;0
FR;8;2021-12-27;0;0;0;0;0;0;0;0;0;0;0;0;0;0;0;0;0;0
FR;8;2021-12-28;0;0;0;0;0;0;0;0;0;0;0;0;0;0;0;0;0;0
FR;8;2021-12-29;0;0;0;0;0;0;0;0;0;0;0;0;0;0;0;0;0;0
FR;8;2021-12-30;0;0;0;0;0;0;0;0;0;0;0;0;0;0;0;0;0;0
FR;8;2021-12-31;0;0;0;0;0;0;0;0;0;0;0;0;0;0;0;0;0;0
FR;8;2022-01-01;0;0;0;0;0;0;0;0;0;0;0;0;0;0;0;0;0;0
FR;8;2022-01-02;0;0;0;0;0;0;0;0;0;0;0;0;0;0;0;0;0;0
FR;8;2022-01-03;0;0;0;0;0;0;0;0;0;0;0;0;0;0;0;0;0;0
FR;8;2022-01-04;0;0;0;0;0;0;0;0;0;0;0;0;0;0;0;0;0;0
FR;8;2022-01-05;0;0;0;0;0;0;0;0;0;0;0;0;0;0;0;0;0;0
FR;8;2022-01-06;0;0;0;0;0;0;0;0;0;0;0;0;0;0;0;0;0;0
FR;8;2022-01-07;0;0;0;0;0;0;0;0;0;0;0;0;0;0;0;0;0;0
FR;8;2022-01-08;0;0;0;0;0;0;0;0;0;0;0;0;0;0;0;0;0;0
FR;8;2022-01-09;0;0;0;0;0;0;0;0;0;0;0;0;0;0;0;0;0;0
FR;8;2022-01-10;0;0;0;0;0;0;0;0;0;0;0;0;0;0;0;0;0;0
FR;8;2022-01-11;0;0;0;0;0;0;0;0;0;0;0;0;0;0;0;0;0;0
FR;8;2022-01-12;0;0;0;0;0;0;0;0;0;0;0;0;0;0;0;0;0;0
FR;8;2022-01-13;0;0;0;0;0;0;0;0;0;0;0;0;0;0;0;0;0;0
FR;8;2022-01-14;0;0;0;0;0;0;0;0;0;0;0;0;0;0;0;0;0;0
FR;8;2022-01-15;0;0;0;0;0;0;0;0;0;0;0;0;0;0;0;0;0;0
FR;8;2022-01-16;0;0;0;0;0;0;0;0;0;0;0;0;0;0;0;0;0;0
FR;8;2022-01-17;0;0;0;0;0;0;0;0;0;0;0;0;0;0;0;0;0;0
FR;8;2022-01-18;0;0;0;0;0;0;0;0;0;0;0;0;0;0;0;0;0;0
FR;8;2022-01-19;0;0;0;0;0;0;0;0;0;0;0;0;0;0;0;0;0;0
FR;8;2022-01-20;0;0;0;0;0;0;0;0;0;0;0;0;0;0;0;0;0;0
FR;8;2022-01-21;0;0;0;0;0;0;0;0;0;0;0;0;0;0;0;0;0;0
FR;8;2022-01-22;0;0;0;0;0;0;0;0;0;0;0;0;0;0;0;0;0;0
FR;8;2022-01-23;0;0;0;0;0;0;0;0;0;0;0;0;0;0;0;0;0;0
FR;8;2022-01-24;0;0;0;0;0;0;0;0;0;0;0;0;0;0;0;0;0;0
FR;8;2022-01-25;0;0;0;0;0;0;0;0;0;0;0;0;0;0;0;0;0;0
FR;8;2022-01-26;0;0;0;0;0;0;0;0;0;0;0;0;0;0;0;0;0;0
FR;8;2022-01-27;0;0;0;0;0;0;0;0;0;0;0;0;0;0;0;0;0;0
FR;8;2022-01-28;0;0;0;0;0;0;0;0;0;0;0;0;0;0;0;0;0;0
FR;8;2022-01-29;0;0;0;0;0;0;0;0;0;0;0;0;0;0;0;0;0;0
FR;8;2022-01-30;0;0;0;0;0;0;0;0;0;0;0;0;0;0;0;0;0;0
FR;8;2022-01-31;0;0;0;0;0;0;0;0;0;0;0;0;0;0;0;0;0;0
FR;8;2022-02-01;0;0;0;0;0;0;0;0;0;0;0;0;0;0;0;0;0;0
FR;8;2022-02-02;0;0;0;0;0;0;0;0;0;0;0;0;0;0;0;0;0;0
FR;8;2022-02-03;0;0;0;0;0;0;0;0;0;0;0;0;0;0;0;0;0;0
FR;8;2022-02-04;0;0;0;0;0;0;0;0;0;0;0;0;0;0;0;0;0;0
FR;8;2022-02-05;0;0;0;0;0;0;0;0;0;0;0;0;0;0;0;0;0;0
FR;8;2022-02-06;0;0;0;0;0;0;0;0;0;0;0;0;0;0;0;0;0;0
FR;8;2022-02-07;0;0;0;0;0;0;0;0;0;0;0;0;0;0;0;0;0;0
FR;8;2022-02-08;0;0;0;0;0;0;0;0;0;0;0;0;0;0;0;0;0;0
FR;8;2022-02-09;0;0;0;0;0;0;0;0;0;0;0;0;0;0;0;0;0;0
FR;8;2022-02-10;0;0;0;0;0;0;0;0;0;0;0;0;0;0;0;0;0;0
FR;8;2022-02-11;0;0;0;0;0;0;0;0;0;0;0;0;0;0;0;0;0;0
FR;8;2022-02-12;0;0;0;0;0;0;0;0;0;0;0;0;0;0;0;0;0;0
FR;8;2022-02-13;0;0;0;0;0;0;0;0;0;0;0;0;0;0;0;0;0;0
FR;8;2022-02-14;0;0;0;0;0;0;0;0;0;0;0;0;0;0;0;0;0;0
FR;8;2022-02-15;0;0;0;0;0;0;0;0;0;0;0;0;0;0;0;0;0;0
FR;8;2022-02-16;0;0;0;0;0;0;0;0;0;0;0;0;0;0;0;0;0;0
FR;8;2022-02-17;0;0;0;0;0;0;0;0;0;0;0;0;0;0;0;0;0;0
FR;8;2022-02-18;0;0;0;0;0;0;0;0;0;0;0;0;0;0;0;0;0;0
FR;8;2022-02-19;0;0;0;0;0;0;0;0;0;0;0;0;0;0;0;0;0;0
FR;8;2022-02-20;0;0;0;0;0;0;0;0;0;0;0;0;0;0;0;0;0;0
FR;8;2022-02-21;0;0;0;0;0;0;0;0;0;0;0;0;0;0;0;0;0;0
FR;8;2022-02-22;0;0;0;0;0;0;0;0;0;0;0;0;0;0;0;0;0;0
FR;8;2022-02-23;0;0;0;0;0;0;0;0;0;0;0;0;0;0;0;0;0;0
FR;8;2022-02-24;0;0;0;0;0;0;0;0;0;0;0;0;0;0;0;0;0;0
FR;8;2022-02-25;0;0;0;0;0;0;0;0;0;0;0;0;0;0;0;0;0;0
FR;8;2022-02-26;0;0;0;0;0;0;0;0;0;0;0;0;0;0;0;0;0;0
FR;8;2022-02-27;0;0;0;0;0;0;0;0;0;0;0;0;0;0;0;0;0;0
FR;8;2022-02-28;0;0;0;0;0;0;0;0;0;0;0;0;0;0;0;0;0;0
FR;8;2022-03-01;0;0;0;0;0;0;0;0;0;0;0;0;0;0;0;0;0;0
FR;8;2022-03-02;0;0;0;0;0;0;0;0;0;0;0;0;0;0;0;0;0;0
FR;8;2022-03-03;0;0;0;0;0;0;0;0;0;0;0;0;0;0;0;0;0;0
FR;8;2022-03-04;0;0;0;0;0;0;0;0;0;0;0;0;0;0;0;0;0;0
FR;8;2022-03-05;0;0;0;0;0;0;0;0;0;0;0;0;0;0;0;0;0;0
FR;8;2022-03-06;0;0;0;0;0;0;0;0;0;0;0;0;0;0;0;0;0;0
FR;8;2022-03-07;0;0;0;0;0;0;0;0;0;0;0;0;0;0;0;0;0;0
FR;8;2022-03-08;0;0;0;0;0;0;0;0;0;0;0;0;0;0;0;0;0;0
FR;8;2022-03-09;0;0;0;0;0;0;0;0;0;0;0;0;0;0;0;0;0;0
FR;8;2022-03-10;0;0;0;0;0;0;0;0;0;0;0;0;0;0;0;0;0;0
FR;8;2022-03-11;0;0;0;0;0;0;0;0;0;0;0;0;0;0;0;0;0;0
FR;8;2022-03-12;0;0;0;0;0;0;0;0;0;0;0;0;0;0;0;0;0;0
FR;8;2022-03-13;0;0;0;0;0;0;0;0;0;0;0;0;0;0;0;0;0;0
FR;8;2022-03-14;0;0;0;0;0;0;0;0;0;0;0;0;0;0;0;0;0;0
FR;8;2022-03-15;0;0;0;0;0;0;0;0;0;0;0;0;0;0;0;0;0;0
FR;8;2022-03-16;0;0;0;0;0;0;0;0;0;0;0;0;0;0;0;0;0;0
FR;8;2022-03-17;0;0;0;0;0;0;0;0;0;0;0;0;0;0;0;0;0;0
FR;8;2022-03-18;0;0;0;0;0;0;0;0;0;0;0;0;0;0;0;0;0;0
FR;8;2022-03-19;0;0;0;0;0;0;0;0;0;0;0;0;0;0;0;0;0;0
FR;8;2022-03-20;0;0;0;0;0;0;0;0;0;0;0;0;0;0;0;0;0;0
FR;8;2022-03-21;0;0;0;0;0;0;0;0;0;0;0;0;0;0;0;0;0;0
FR;8;2022-03-22;0;0;0;0;0;0;0;0;0;0;0;0;0;0;0;0;0;0
FR;8;2022-03-23;0;0;0;0;0;0;0;0;0;0;0;0;0;0;0;0;0;0
FR;8;2022-03-24;0;0;0;0;0;0;0;0;0;0;0;0;0;0;0;0;0;0
FR;8;2022-03-25;0;0;0;0;0;0;0;0;0;0;0;0;0;0;0;0;0;0
FR;8;2022-03-26;0;0;0;0;0;0;0;0;0;0;0;0;0;0;0;0;0;0
FR;8;2022-03-27;0;0;0;0;0;0;0;0;0;0;0;0;0;0;0;0;0;0
FR;8;2022-03-28;0;0;0;0;0;0;0;0;0;0;0;0;0;0;0;0;0;0
FR;8;2022-03-29;0;0;0;0;0;0;0;0;0;0;0;0;0;0;0;0;0;0
FR;8;2022-03-30;0;0;0;0;0;0;0;0;0;0;0;0;0;0;0;0;0;0
FR;8;2022-03-31;0;0;0;0;0;0;0;0;0;0;0;0;0;0;0;0;0;0
FR;8;2022-04-01;0;0;0;0;0;0;0;0;0;0;0;0;0;0;0;0;0;0
FR;8;2022-04-02;0;0;0;0;0;0;0;0;0;0;0;0;0;0;0;0;0;0
FR;8;2022-04-03;0;0;0;0;0;0;0;0;0;0;0;0;0;0;0;0;0;0
FR;8;2022-04-04;0;0;0;0;0;0;0;0;0;0;0;0;0;0;0;0;0;0
FR;8;2022-04-05;0;0;0;0;0;0;0;0;0;0;0;0;0;0;0;0;0;0
FR;8;2022-04-06;0;0;0;0;0;0;0;0;0;0;0;0;0;0;0;0;0;0
FR;8;2022-04-07;0;0;0;0;0;0;0;0;0;0;0;0;0;0;0;0;0;0
FR;8;2022-04-08;0;0;0;0;0;0;0;0;0;0;0;0;0;0;0;0;0;0
FR;8;2022-04-09;0;0;0;0;0;0;0;0;0;0;0;0;0;0;0;0;0;0
FR;8;2022-04-10;0;0;0;0;0;0;0;0;0;0;0;0;0;0;0;0;0;0
FR;8;2022-04-11;0;0;0;0;0;0;0;0;0;0;0;0;0;0;0;0;0;0
FR;8;2022-04-12;0;0;0;0;0;0;0;0;0;0;0;0;0;0;0;0;0;0
FR;8;2022-04-13;0;0;0;0;0;0;0;0;0;0;0;0;0;0;0;0;0;0
FR;8;2022-04-14;0;0;0;0;0;0;0;0;0;0;0;0;0;0;0;0;0;0
FR;8;2022-04-15;0;0;0;0;0;0;0;0;0;0;0;0;0;0;0;0;0;0
FR;8;2022-04-16;0;0;0;0;0;0;0;0;0;0;0;0;0;0;0;0;0;0
FR;8;2022-04-17;0;0;0;0;0;0;0;0;0;0;0;0;0;0;0;0;0;0
FR;8;2022-04-18;0;0;0;0;0;0;0;0;0;0;0;0;0;0;0;0;0;0
FR;8;2022-04-19;0;0;0;0;0;0;0;0;0;0;0;0;0;0;0;0;0;0
FR;8;2022-04-20;0;0;0;0;0;0;0;0;0;0;0;0;0;0;0;0;0;0
FR;8;2022-04-21;0;0;0;0;0;0;0;0;0;0;0;0;0;0;0;0;0;0
FR;8;2022-04-22;0;0;0;0;0;0;0;0;0;0;0;0;0;0;0;0;0;0
FR;8;2022-04-23;0;0;0;0;0;0;0;0;0;0;0;0;0;0;0;0;0;0
FR;8;2022-04-24;0;0;0;0;0;0;0;0;0;0;0;0;0;0;0;0;0;0
FR;8;2022-04-25;0;0;0;0;0;0;0;0;0;0;0;0;0;0;0;0;0;0
FR;8;2022-04-26;0;0;0;0;0;0;0;0;0;0;0;0;0;0;0;0;0;0
FR;8;2022-04-27;0;0;0;0;0;0;0;0;0;0;0;0;0;0;0;0;0;0
FR;8;2022-04-28;0;0;0;0;0;0;0;0;0;0;0;0;0;0;0;0;0;0
FR;8;2022-04-29;0;0;0;0;0;0;0;0;0;0;0;0;0;0;0;0;0;0
FR;8;2022-04-30;0;0;0;0;0;0;0;0;0;0;0;0;0;0;0;0;0;0
FR;8;2022-05-01;0;0;0;0;0;0;0;0;0;0;0;0;0;0;0;0;0;0
FR;8;2022-05-02;0;0;0;0;0;0;0;0;0;0;0;0;0;0;0;0;0;0
FR;8;2022-05-03;0;0;0;0;0;0;0;0;0;0;0;0;0;0;0;0;0;0
FR;8;2022-05-04;0;0;0;0;0;0;0;0;0;0;0;0;0;0;0;0;0;0
FR;8;2022-05-05;0;0;0;0;0;0;0;0;0;0;0;0;0;0;0;0;0;0
FR;8;2022-05-06;0;0;0;0;0;0;0;0;0;0;0;0;0;0;0;0;0;0
FR;8;2022-05-07;0;0;0;0;0;0;0;0;0;0;0;0;0;0;0;0;0;0
FR;8;2022-05-08;0;0;0;0;0;0;0;0;0;0;0;0;0;0;0;0;0;0
FR;8;2022-05-09;0;0;0;0;0;0;0;0;0;0;0;0;0;0;0;0;0;0
FR;8;2022-05-10;0;0;0;0;0;0;0;0;0;0;0;0;0;0;0;0;0;0
FR;8;2022-05-11;0;0;0;0;0;0;0;0;0;0;0;0;0;0;0;0;0;0
FR;8;2022-05-12;0;0;0;0;0;0;0;0;0;0;0;0;0;0;0;0;0;0
FR;8;2022-05-13;0;0;0;0;0;0;0;0;0;0;0;0;0;0;0;0;0;0
FR;8;2022-05-14;0;0;0;0;0;0;0;0;0;0;0;0;0;0;0;0;0;0
FR;8;2022-05-15;0;0;0;0;0;0;0;0;0;0;0;0;0;0;0;0;0;0
FR;8;2022-05-16;0;0;0;0;0;0;0;0;0;0;0;0;0;0;0;0;0;0
FR;8;2022-05-17;0;0;0;0;0;0;0;0;0;0;0;0;0;0;0;0;0;0
FR;8;2022-05-18;0;0;0;0;0;0;0;0;0;0;0;0;0;0;0;0;0;0
FR;8;2022-05-19;0;0;0;0;0;0;0;0;0;0;0;0;0;0;0;0;0;0
FR;8;2022-05-20;0;0;0;0;0;0;0;0;0;0;0;0;0;0;0;0;0;0
FR;8;2022-05-21;0;0;0;0;0;0;0;0;0;0;0;0;0;0;0;0;0;0
FR;8;2022-05-22;0;0;0;0;0;0;0;0;0;0;0;0;0;0;0;0;0;0
FR;8;2022-05-23;0;0;0;0;0;0;0;0;0;0;0;0;0;0;0;0;0;0
FR;8;2022-05-24;0;0;0;0;0;0;0;0;0;0;0;0;0;0;0;0;0;0
FR;8;2022-05-25;0;0;0;0;0;0;0;0;0;0;0;0;0;0;0;0;0;0
FR;8;2022-05-26;0;0;0;0;0;0;0;0;0;0;0;0;0;0;0;0;0;0
FR;8;2022-05-27;0;0;0;0;0;0;0;0;0;0;0;0;0;0;0;0;0;0
FR;8;2022-05-28;0;0;0;0;0;0;0;0;0;0;0;0;0;0;0;0;0;0
FR;8;2022-05-29;0;0;0;0;0;0;0;0;0;0;0;0;0;0;0;0;0;0
FR;8;2022-05-30;0;0;0;0;0;0;0;0;0;0;0;0;0;0;0;0;0;0
FR;8;2022-05-31;0;0;0;0;0;0;0;0;0;0;0;0;0;0;0;0;0;0
FR;8;2022-06-01;0;0;0;0;0;0;0;0;0;0;0;0;0;0;0;0;0;0
FR;8;2022-06-02;0;0;0;0;0;0;0;0;0;0;0;0;0;0;0;0;0;0
FR;8;2022-06-03;0;0;0;0;0;0;0;0;0;0;0;0;0;0;0;0;0;0
FR;8;2022-06-04;0;0;0;0;0;0;0;0;0;0;0;0;0;0;0;0;0;0
FR;8;2022-06-05;0;0;0;0;0;0;0;0;0;0;0;0;0;0;0;0;0;0
FR;8;2022-06-06;0;0;0;0;0;0;0;0;0;0;0;0;0;0;0;0;0;0
FR;8;2022-06-07;0;0;0;0;0;0;0;0;0;0;0;0;0;0;0;0;0;0
FR;8;2022-06-08;0;0;0;0;0;0;0;0;0;0;0;0;0;0;0;0;0;0
FR;8;2022-06-09;0;0;0;0;0;0;0;0;0;0;0;0;0;0;0;0;0;0
FR;8;2022-06-10;0;0;0;0;0;0;0;0;0;0;0;0;0;0;0;0;0;0
FR;8;2022-06-11;0;0;0;0;0;0;0;0;0;0;0;0;0;0;0;0;0;0
FR;8;2022-06-12;0;0;0;0;0;0;0;0;0;0;0;0;0;0;0;0;0;0
FR;8;2022-06-13;0;0;0;0;0;0;0;0;0;0;0;0;0;0;0;0;0;0
FR;8;2022-06-14;0;0;0;0;0;0;0;0;0;0;0;0;0;0;0;0;0;0
FR;8;2022-06-15;0;0;0;0;0;0;0;0;0;0;0;0;0;0;0;0;0;0
FR;8;2022-06-16;0;0;0;0;0;0;0;0;0;0;0;0;0;0;0;0;0;0
FR;8;2022-06-17;0;0;0;0;0;0;0;0;0;0;0;0;0;0;0;0;0;0
FR;8;2022-06-18;0;0;0;0;0;0;0;0;0;0;0;0;0;0;0;0;0;0
FR;8;2022-06-19;0;0;0;0;0;0;0;0;0;0;0;0;0;0;0;0;0;0
FR;8;2022-06-20;0;0;0;0;0;0;0;0;0;0;0;0;0;0;0;0;0;0
FR;8;2022-06-21;0;0;0;0;0;0;0;0;0;0;0;0;0;0;0;0;0;0
FR;8;2022-06-22;0;0;0;0;0;0;0;0;0;0;0;0;0;0;0;0;0;0
FR;8;2022-06-23;0;0;0;0;0;0;0;0;0;0;0;0;0;0;0;0;0;0
FR;8;2022-06-24;0;0;0;0;0;0;0;0;0;0;0;0;0;0;0;0;0;0
FR;8;2022-06-25;0;0;0;0;0;0;0;0;0;0;0;0;0;0;0;0;0;0
FR;8;2022-06-26;0;0;0;0;0;0;0;0;0;0;0;0;0;0;0;0;0;0
FR;8;2022-06-27;0;0;0;0;0;0;0;0;0;0;0;0;0;0;0;0;0;0
FR;8;2022-06-28;0;0;0;0;0;0;0;0;0;0;0;0;0;0;0;0;0;0
FR;8;2022-06-29;0;0;0;0;0;0;0;0;0;0;0;0;0;0;0;0;0;0
FR;8;2022-06-30;0;0;0;0;0;0;0;0;0;0;0;0;0;0;0;0;0;0
FR;8;2022-07-01;0;0;0;0;0;0;0;0;0;0;0;0;0;0;0;0;0;0
FR;8;2022-07-02;0;0;0;0;0;0;0;0;0;0;0;0;0;0;0;0;0;0
FR;8;2022-07-03;0;0;0;0;0;0;0;0;0;0;0;0;0;0;0;0;0;0
FR;8;2022-07-04;0;0;0;0;0;0;0;0;0;0;0;0;0;0;0;0;0;0
FR;8;2022-07-05;0;0;0;0;0;0;0;0;0;0;0;0;0;0;0;0;0;0
FR;8;2022-07-06;0;0;0;0;0;0;0;0;0;0;0;0;0;0;0;0;0;0
FR;8;2022-07-07;0;0;0;0;0;0;0;0;0;0;0;0;0;0;0;0;0;0
FR;8;2022-07-08;0;0;0;0;0;0;0;0;0;0;0;0;0;0;0;0;0;0
FR;8;2022-07-09;0;0;0;0;0;0;0;0;0;0;0;0;0;0;0;0;0;0
FR;8;2022-07-10;0;0;0;0;0;0;0;0;0;0;0;0;0;0;0;0;0;0
FR;8;2022-07-11;0;0;0;0;0;0;0;0;0;0;0;0;0;0;0;0;0;0
FR;8;2022-07-12;0;0;0;0;0;0;0;0;0;0;0;0;0;0;0;0;0;0
FR;8;2022-07-13;0;0;0;0;0;0;0;0;0;0;0;0;0;0;0;0;0;0
FR;8;2022-07-14;0;0;0;0;0;0;0;0;0;0;0;0;0;0;0;0;0;0
FR;8;2022-07-15;0;0;0;0;0;0;0;0;0;0;0;0;0;0;0;0;0;0
FR;8;2022-07-16;0;0;0;0;0;0;0;0;0;0;0;0;0;0;0;0;0;0
FR;8;2022-07-17;0;0;0;0;0;0;0;0;0;0;0;0;0;0;0;0;0;0
FR;8;2022-07-18;0;0;0;0;0;0;0;0;0;0;0;0;0;0;0;0;0;0
FR;8;2022-07-19;0;0;0;0;0;0;0;0;0;0;0;0;0;0;0;0;0;0
FR;8;2022-07-20;0;0;0;0;0;0;0;0;0;0;0;0;0;0;0;0;0;0
FR;8;2022-07-21;0;0;0;0;0;0;0;0;0;0;0;0;0;0;0;0;0;0
FR;8;2022-07-22;0;0;0;0;0;0;0;0;0;0;0;0;0;0;0;0;0;0
FR;8;2022-07-23;0;0;0;0;0;0;0;0;0;0;0;0;0;0;0;0;0;0
FR;8;2022-07-24;0;0;0;0;0;0;0;0;0;0;0;0;0;0;0;0;0;0
FR;8;2022-07-25;0;0;0;0;0;0;0;0;0;0;0;0;0;0;0;0;0;0
FR;8;2022-07-26;0;0;0;0;0;0;0;0;0;0;0;0;0;0;0;0;0;0
FR;8;2022-07-27;0;0;0;0;0;0;0;0;0;0;0;0;0;0;0;0;0;0
FR;8;2022-07-28;0;0;0;0;0;0;0;0;0;0;0;0;0;0;0;0;0;0
FR;8;2022-07-29;0;0;0;0;0;0;0;0;0;0;0;0;0;0;0;0;0;0
FR;8;2022-07-30;0;0;0;0;0;0;0;0;0;0;0;0;0;0;0;0;0;0
FR;8;2022-07-31;0;0;0;0;0;0;0;0;0;0;0;0;0;0;0;0;0;0
FR;8;2022-08-01;0;0;0;0;0;0;0;0;0;0;0;0;0;0;0;0;0;0
FR;8;2022-08-02;0;0;0;0;0;0;0;0;0;0;0;0;0;0;0;0;0;0
FR;8;2022-08-03;0;0;0;0;0;0;0;0;0;0;0;0;0;0;0;0;0;0
FR;8;2022-08-04;0;0;0;0;0;0;0;0;0;0;0;0;0;0;0;0;0;0
FR;8;2022-08-05;0;0;0;0;0;0;0;0;0;0;0;0;0;0;0;0;0;0
FR;8;2022-08-06;0;0;0;0;0;0;0;0;0;0;0;0;0;0;0;0;0;0
FR;8;2022-08-07;0;0;0;0;0;0;0;0;0;0;0;0;0;0;0;0;0;0
FR;8;2022-08-08;0;0;0;0;0;0;0;0;0;0;0;0;0;0;0;0;0;0
FR;8;2022-08-09;0;0;0;0;0;0;0;0;0;0;0;0;0;0;0;0;0;0
FR;8;2022-08-10;0;0;0;0;0;0;0;0;0;0;0;0;0;0;0;0;0;0
FR;8;2022-08-11;0;0;0;0;0;0;0;0;0;0;0;0;0;0;0;0;0;0
FR;8;2022-08-12;0;0;0;0;0;0;0;0;0;0;0;0;0;0;0;0;0;0
FR;8;2022-08-13;0;0;0;0;0;0;0;0;0;0;0;0;0;0;0;0;0;0
FR;8;2022-08-14;0;0;0;0;0;0;0;0;0;0;0;0;0;0;0;0;0;0
FR;8;2022-08-15;0;0;0;0;0;0;0;0;0;0;0;0;0;0;0;0;0;0
FR;8;2022-08-16;0;0;0;0;0;0;0;0;0;0;0;0;0;0;0;0;0;0
FR;8;2022-08-17;0;0;0;0;0;0;0;0;0;0;0;0;0;0;0;0;0;0
FR;8;2022-08-18;0;0;0;0;0;0;0;0;0;0;0;0;0;0;0;0;0;0
FR;8;2022-08-19;0;0;0;0;0;0;0;0;0;0;0;0;0;0;0;0;0;0
FR;8;2022-08-20;0;0;0;0;0;0;0;0;0;0;0;0;0;0;0;0;0;0
FR;8;2022-08-21;0;0;0;0;0;0;0;0;0;0;0;0;0;0;0;0;0;0
FR;8;2022-08-22;0;0;0;0;0;0;0;0;0;0;0;0;0;0;0;0;0;0
FR;8;2022-08-23;0;0;0;0;0;0;0;0;0;0;0;0;0;0;0;0;0;0
FR;8;2022-08-24;0;0;0;0;0;0;0;0;0;0;0;0;0;0;0;0;0;0
FR;8;2022-08-25;0;0;0;0;0;0;0;0;0;0;0;0;0;0;0;0;0;0
FR;8;2022-08-26;0;0;0;0;0;0;0;0;0;0;0;0;0;0;0;0;0;0
FR;8;2022-08-27;0;0;0;0;0;0;0;0;0;0;0;0;0;0;0;0;0;0
FR;8;2022-08-28;0;0;0;0;0;0;0;0;0;0;0;0;0;0;0;0;0;0
FR;8;2022-08-29;0;0;0;0;0;0;0;0;0;0;0;0;0;0;0;0;0;0
FR;8;2022-08-30;0;0;0;0;0;0;0;0;0;0;0;0;0;0;0;0;0;0
FR;8;2022-08-31;0;0;0;0;0;0;0;0;0;0;0;0;0;0;0;0;0;0
FR;8;2022-09-01;0;0;0;0;0;0;0;0;0;0;0;0;0;0;0;0;0;0
FR;8;2022-09-02;0;0;0;0;0;0;0;0;0;0;0;0;0;0;0;0;0;0
FR;8;2022-09-03;0;0;0;0;0;0;0;0;0;0;0;0;0;0;0;0;0;0
FR;8;2022-09-04;0;0;0;0;0;0;0;0;0;0;0;0;0;0;0;0;0;0
FR;8;2022-09-05;0;0;0;0;0;0;0;0;0;0;0;0;0;0;0;0;0;0
FR;8;2022-09-06;0;0;0;0;0;0;0;0;0;0;0;0;0;0;0;0;0;0
FR;8;2022-09-07;0;0;0;0;0;0;0;0;0;0;0;0;0;0;0;0;0;0
FR;8;2022-09-08;0;0;0;0;0;0;0;0;0;0;0;0;0;0;0;0;0;0
FR;8;2022-09-09;0;0;0;0;0;0;0;0;0;0;0;0;0;0;0;0;0;0
FR;8;2022-09-10;0;0;0;0;0;0;0;0;0;0;0;0;0;0;0;0;0;0
FR;8;2022-09-11;0;0;0;0;0;0;0;0;0;0;0;0;0;0;0;0;0;0
FR;8;2022-09-12;0;0;0;0;0;0;0;0;0;0;0;0;0;0;0;0;0;0
FR;8;2022-09-13;0;0;0;0;0;0;0;0;0;0;0;0;0;0;0;0;0;0
FR;8;2022-09-14;0;0;0;0;0;0;0;0;0;0;0;0;0;0;0;0;0;0
FR;8;2022-09-15;0;0;0;0;0;0;0;0;0;0;0;0;0;0;0;0;0;0
FR;8;2022-09-16;0;0;0;0;0;0;0;0;0;0;0;0;0;0;0;0;0;0
FR;8;2022-09-17;0;0;0;0;0;0;0;0;0;0;0;0;0;0;0;0;0;0
FR;8;2022-09-18;0;0;0;0;0;0;0;0;0;0;0;0;0;0;0;0;0;0
FR;8;2022-09-19;0;0;0;0;0;0;0;0;0;0;0;0;0;0;0;0;0;0
FR;8;2022-09-20;0;0;0;0;0;0;0;0;0;0;0;0;0;0;0;0;0;0
FR;8;2022-09-21;0;0;0;0;0;0;0;0;0;0;0;0;0;0;0;0;0;0
FR;8;2022-09-22;0;0;0;0;0;0;0;0;0;0;0;0;0;0;0;0;0;0
FR;8;2022-09-23;0;0;0;0;0;0;0;0;0;0;0;0;0;0;0;0;0;0
FR;8;2022-09-24;0;0;0;0;0;0;0;0;0;0;0;0;0;0;0;0;0;0
FR;8;2022-09-25;0;0;0;0;0;0;0;0;0;0;0;0;0;0;0;0;0;0
FR;8;2022-09-26;0;0;0;0;0;0;0;0;0;0;0;0;0;0;0;0;0;0
FR;8;2022-09-27;0;0;0;0;0;0;0;0;0;0;0;0;0;0;0;0;0;0
FR;8;2022-09-28;0;0;0;0;0;0;0;0;0;0;0;0;0;0;0;0;0;0
FR;8;2022-09-29;0;0;0;0;0;0;0;0;0;0;0;0;0;0;0;0;0;0
FR;8;2022-09-30;0;0;0;0;0;0;0;0;0;0;0;0;0;0;0;0;0;0
FR;8;2022-10-01;0;0;0;0;0;0;0;0;0;0;0;0;0;0;0;0;0;0
FR;8;2022-10-02;0;0;0;0;0;0;0;0;0;0;0;0;0;0;0;0;0;0
FR;8;2022-10-03;0;0;0;0;0;0;0;0;0;0;0;0;0;0;0;0;0;0
FR;8;2022-10-04;0;0;0;0;0;0;0;0;0;0;0;0;0;0;0;0;0;0
FR;8;2022-10-05;0;0;0;0;0;0;0;0;0;0;0;0;0;0;0;0;0;0
FR;8;2022-10-06;10;17;113;861;8;83;866;1059;110;10;17;113;861;8;83;866;1059;110
FR;8;2022-10-07;72;101;842;8012;62;699;8066;9845;1073;82;118;955;8873;70;782;8932;10904;1183
FR;8;2022-10-08;34;115;610;4057;50;516;4109;5310;676;116;233;1565;12930;120;1298;13041;16214;1859
FR;8;2022-10-09;17;22;145;885;13;132;913;1234;185;133;255;1710;13815;133;1430;13954;17448;2044
FR;8;2022-10-10;119;192;1347;12718;106;1029;12959;16261;2251;252;447;3057;26533;239;2459;26913;33709;4295
FR;8;2022-10-11;182;262;2476;26923;135;2011;27194;33959;4717;434;709;5533;53456;374;4470;54107;67668;9012
FR;8;2022-10-12;157;256;1831;18235;150;1441;18471;23470;3534;591;965;7364;71691;524;5911;72578;91138;12546
FR;8;2022-10-13;206;281;2510;28068;178;1903;28432;35569;5206;797;1246;9874;99759;702;7814;101010;126707;17752
FR;8;2022-10-14;256;419;3271;36244;241;2556;36669;45572;6305;1053;1665;13145;136003;943;10370;137679;172279;24057
FR;8;2022-10-15;102;182;1203;8804;79;1001;8931;11781;1829;1155;1847;14348;144807;1022;11371;146610;184060;25886
FR;8;2022-10-16;34;54;248;1522;26;215;1557;2179;402;1189;1901;14596;146329;1048;11586;148167;186239;26288
FR;8;2022-10-17;157;310;2097;21788;174;1624;22095;28277;4536;1346;2211;16693;168117;1222;13210;170262;214516;30824
FR;8;2022-10-18;269;349;3356;37854;226;2654;38237;50780;9816;1615;2560;20049;205971;1448;15864;208499;265296;40640
FR;8;2022-10-19;199;313;2627;28296;182;2185;28613;38701;7842;1814;2873;22676;234267;1630;18049;237112;303997;48482
FR;8;2022-10-20;252;365;3577;41179;225;2653;41787;55678;11153;2066;3238;26253;275446;1855;20702;278899;359675;59635
FR;8;2022-10-21;325;489;4458;49410;276;3471;50009;66288;12711;2391;3727;30711;324856;2131;24173;328908;425963;72346
FR;8;2022-10-22;125;168;1230;10661;111;927;10849;14744;2949;2516;3895;31941;335517;2242;25100;339757;440707;75295
FR;8;2022-10-23;49;53;266;1761;48;197;1840;2609;571;2565;3948;32207;337278;2290;25297;341597;443316;75866
FR;8;2022-10-24;230;311;2475;24039;173;2074;24337;33543;7081;2795;4259;34682;361317;2463;27371;365934;476859;82947
FR;8;2022-10-25;306;413;4081;43440;256;3134;44039;61272;13996;3101;4672;38763;404757;2719;30505;409973;538131;96943
FR;8;2022-10-26;226;343;2881;28735;186;2377;29014;41416;9937;3327;5015;41644;433492;2905;32882;438987;579547;106880
FR;8;2022-10-27;275;415;3323;36172;243;2631;36646;51210;11868;3602;5430;44967;469664;3148;35513;475633;630757;118748
FR;8;2022-10-28;328;466;3829;39473;258;2863;40198;55125;11995;3930;5896;48796;509137;3406;38376;515831;685882;130743
FR;8;2022-10-29;112;165;1074;8227;94;803;8371;11858;2667;4042;6061;49870;517364;3500;39179;524202;697740;133410
FR;8;2022-10-30;40;53;210;1345;38;180;1391;2060;485;4082;6114;50080;518709;3538;39359;525593;699800;133895
FR;8;2022-10-31;196;257;1661;14536;142;1275;14800;21195;5102;4278;6371;51741;533245;3680;40634;540393;720995;138997
FR;8;2022-11-01;28;41;134;955;23;168;971;1615;473;4306;6412;51875;534200;3703;40802;541364;722610;139470
FR;8;2022-11-02;195;368;2372;23295;205;1971;23693;35018;9287;4501;6780;54247;557495;3908;42773;565057;757628;148757
FR;8;2022-11-03;308;416;3486;36945;255;2604;37586;54633;14344;4809;7196;57733;594440;4163;45377;602643;812261;163101
FR;8;2022-11-04;355;494;3780;40198;258;2972;40716;57969;14170;5164;7690;61513;634638;4421;48349;643359;870230;177271
FR;8;2022-11-05;113;183;1102;8765;117;850;8931;12886;3070;5277;7873;62615;643403;4538;49199;652290;883116;180341
FR;8;2022-11-06;45;56;224;1408;38;205;1441;2249;593;5322;7929;62839;644811;4576;49404;653731;885365;180934
FR;8;2022-11-07;230;279;2321;24817;204;1794;25406;37588;10320;5552;8208;65160;669628;4780;51198;679137;922953;191254
FR;8;2022-11-08;342;503;4338;48376;304;3265;49354;71557;18776;5894;8711;69498;718004;5084;54463;728491;994510;210030
FR;8;2022-11-09;262;367;2878;29171;209;2261;29856;44451;12250;6156;9078;72376;747175;5293;56724;758347;1038961;222280
FR;8;2022-11-10;366;530;3949;40246;302;3016;41162;60476;16158;6522;9608;76325;787421;5595;59740;799509;1099437;238438
FR;8;2022-11-11;39;62;243;1479;32;204;1525;2675;933;6561;9670;76568;788900;5627;59944;801034;1102112;239371
FR;8;2022-11-12;85;165;881;6432;79;686;6636;9893;2552;6646;9835;77449;795332;5706;60630;807670;1112005;241923
FR;8;2022-11-13;36;54;212;1109;35;172;1161;1922;583;6682;9889;77661;796441;5741;60802;808831;1113927;242506
FR;8;2022-11-14;228;305;2239;22435;166;1719;22982;35040;10265;6910;10194;79900;818876;5907;62521;831813;1148967;252771
FR;8;2022-11-15;340;421;3760;42322;254;2861;43231;64746;18522;7250;10615;83660;861198;6161;65382;875044;1213713;271293
FR;8;2022-11-16;301;349;2621;26518;217;2156;26992;41721;12488;7551;10964;86281;887716;6378;67538;902036;1255434;283781
FR;8;2022-11-17;367;428;3381;36856;289;2613;37435;56629;16482;7918;11392;89662;924572;6667;70151;939471;1312063;300263
FR;8;2022-11-18;343;463;4067;42285;284;2971;43137;63621;17409;8261;11855;93729;966857;6951;73122;982608;1375684;317672
FR;8;2022-11-19;121;179;1199;8971;116;844;9153;13827;3792;8382;12034;94928;975828;7067;73966;991761;1389511;321464
FR;8;2022-11-20;34;49;260;1585;33;217;1653;2663;788;8416;12083;95188;977413;7100;74183;993414;1392174;322252
FR;8;2022-11-21;215;302;2074;20064;177;1589;20586;32027;9785;8631;12385;97262;997477;7277;75772;1014000;1424201;332037
FR;8;2022-11-22;336;406;3467;37526;249;2666;38042;58060;17241;8967;12791;100729;1035003;7526;78438;1052042;1482261;349278
FR;8;2022-11-23;227;323;2411;24419;187;2014;24850;39166;12220;9194;13114;103140;1059422;7713;80452;1076892;1521427;361498
FR;8;2022-11-24;346;387;3369;34858;234;2578;35549;55274;17048;9540;13501;106509;1094280;7947;83030;1112441;1576701;378546
FR;8;2022-11-25;309;422;3632;37731;283;2621;38527;57827;16555;9849;13923;110141;1132011;8230;85651;1150968;1634528;395101
FR;8;2022-11-26;171;194;1176;8812;127;897;8969;13680;3783;10020;14117;111317;1140823;8357;86548;1159937;1648208;398884
FR;8;2022-11-27;45;43;227;1545;36;180;1561;2472;721;10065;14160;111544;1142368;8393;86728;1161498;1650680;399605
FR;8;2022-11-28;182;300;2305;23348;171;1695;24014;37271;11488;10247;14460;113849;1165716;8564;88423;1185512;1687951;411093
FR;8;2022-11-29;293;428;3972;44032;217;2942;44714;69075;21296;10540;14888;117821;1209748;8781;91365;1230226;1757026;432389
FR;8;2022-11-30;279;409;3367;34867;225;2541;35626;54688;16403;10819;15297;121188;1244615;9006;93906;1265852;1811714;448792
FR;8;2022-12-01;330;473;4467;49299;270;3126;50065;77563;24209;11149;15770;125655;1293914;9276;97032;1315917;1889277;473001
FR;8;2022-12-02;407;515;5432;58384;301;3735;59559;89715;26232;11556;16285;131087;1352298;9577;100767;1375476;1978992;499233
FR;8;2022-12-03;176;216;1914;16846;108;1324;17258;25821;7203;11732;16501;133001;1369144;9685;102091;1392734;2004813;506436
FR;8;2022-12-04;53;90;488;4053;59;403;4113;6282;1754;11785;16591;133489;1373197;9744;102494;1396847;2011095;508190
FR;8;2022-12-05;276;400;3834;42312;243;2500;43237;66806;20920;12061;16991;137323;1415509;9987;104994;1440084;2077901;529110
FR;8;2022-12-06;420;542;6294;74271;302;4209;75691;117778;37633;12481;17533;143617;1489780;10289;109203;1515775;2195679;566743
FR;8;2022-12-07;359;428;4903;54992;259;3232;56082;87639;28130;12840;17961;148520;1544772;10548;112435;1571857;2283318;594873
FR;8;2022-12-08;452;530;6439;75407;290;4183;76989;120401;38968;13292;18491;154959;1620179;10838;116618;1648846;2403719;633841
FR;8;2022-12-09;545;602;8012;90863;355;5205;92622;142927;44833;13837;19093;162971;1711042;11193;121823;1741468;2546646;678674
FR;8;2022-12-10;261;299;3337;31710;165;2087;32556;48727;13993;14098;19392;166308;1742752;11358;123910;1774024;2595373;692667
FR;8;2022-12-11;90;104;933;7864;66;641;8081;11887;3145;14188;19496;167241;1750616;11424;124551;1782105;2607260;695812
FR;8;2022-12-12;352;456;5848;64282;249;3714;65798;103279;33569;14540;19952;173089;1814898;11673;128265;1847903;2710539;729381
FR;8;2022-12-13;530;604;8419;99034;350;5189;101459;160010;53029;15070;20556;181508;1913932;12023;133454;1949362;2870549;782410
FR;8;2022-12-14;449;528;6346;69983;302;4194;71536;113275;37276;15519;21084;187854;1983915;12325;137648;2020898;2983824;819686
FR;8;2022-12-15;489;641;8141;91634;358;5122;93852;149026;49711;16008;21725;195995;2075549;12683;142770;2114750;3132850;869397
FR;8;2022-12-16;575;707;8851;100202;383;5693;102331;161724;53325;16583;22432;204846;2175751;13066;148463;2217081;3294574;922722
FR;8;2022-12-17;232;308;3144;30035;187;2003;30805;46738;13825;16815;22740;207990;2205786;13253;150466;2247886;3341312;936547
FR;8;2022-12-18;63;92;730;5971;47;498;6118;9288;2643;16878;22832;208720;2211757;13300;150964;2254004;3350600;939190
FR;8;2022-12-19;400;453;5337;53730;266;3363;55290;87669;28834;17278;23285;214057;2265487;13566;154327;2309294;3438269;968024
FR;8;2022-12-20;554;576;7340;76481;343;4752;78576;126940;43285;17832;23861;221397;2341968;13909;159079;2387870;3565209;1011309
FR;8;2022-12-21;420;478;4954;48734;284;3308;50025;81607;28077;18252;24339;226351;2390702;14193;162387;2437895;3646816;1039386
FR;8;2022-12-22;458;520;4576;44199;310;3147;45422;74589;25865;18710;24859;230927;2434901;14503;165534;2483317;3721405;1065251
FR;8;2022-12-23;311;387;2884;25002;250;2073;25663;42230;14378;19021;25246;233811;2459903;14753;167607;2508980;3763635;1079629
FR;8;2022-12-24;68;69;395;2549;40;295;2663;4147;1172;19089;25315;234206;2462452;14793;167902;2511643;3767782;1080801
FR;8;2022-12-25;29;28;104;540;22;81;560;903;259;19118;25343;234310;2462992;14815;167983;2512203;3768685;1081060
FR;8;2022-12-26;241;273;2156;16045;174;1497;16675;26739;8472;19359;25616;236466;2479037;14989;169480;2528878;3795424;1089532
FR;8;2022-12-27;386;451;3760;32380;260;2525;33473;55233;19088;19745;26067;240226;2511417;15249;172005;2562351;3850657;1108620
FR;8;2022-12-28;343;339;2926;24620;189;2041;25205;41663;14298;20088;26406;243152;2536037;15438;174046;2587556;3892320;1122918
FR;8;2022-12-29;298;404;3155;25494;223;2179;26448;43927;15172;20386;26810;246307;2561531;15661;176225;2614004;3936247;1138090
FR;8;2022-12-30;293;338;2440;18640;209;1696;19280;31644;10561;20679;27148;248747;2580171;15870;177921;2633284;3967891;1148651
FR;8;2022-12-31;92;117;452;2956;75;363;3099;4750;1268;20771;27265;249199;2583127;15945;178284;2636383;3972641;1149919
FR;8;2023-01-01;15;30;112;661;14;85;684;994;224;20786;27295;249311;2583788;15959;178369;2637067;3973635;1150143
FR;8;2023-01-02;261;395;2256;18188;230;1599;18648;31984;11652;21047;27690;251567;2601976;16189;179968;2655715;4005619;1161795
FR;8;2023-01-03;460;534;4236;42774;314;2900;43685;80766;33860;21507;28224;255803;2644750;16503;182868;2699400;4086385;1195655
FR;8;2023-01-04;407;465;3484;29931;284;2415;30681;58152;24869;21914;28689;259287;2674681;16787;185283;2730081;4144537;1220524
FR;8;2023-01-05;495;589;4351;41716;394;2901;42592;81758;35944;22409;29278;263638;2716397;17181;188184;2772673;4226295;1256468
FR;8;2023-01-06;504;667;5087;46667;402;3331;47674;89545;38211;22913;29945;268725;2763064;17583;191515;2820347;4315840;1294679
FR;8;2023-01-07;212;287;1692;12283;176;1189;12595;22311;8427;23125;30232;270417;2775347;17759;192704;2832942;4338151;1303106
FR;8;2023-01-08;68;105;442;2739;63;311;2834;5079;1917;23193;30337;270859;2778086;17822;193015;2835776;4343230;1305023
FR;8;2023-01-09;389;474;2601;21384;305;1822;21959;44332;20332;23582;30811;273460;2799470;18127;194837;2857735;4387562;1325355
FR;8;2023-01-10;452;610;4333;40054;371;3052;40826;84729;40471;24034;31421;277793;2839524;18498;197889;2898561;4472291;1365826
FR;8;2023-01-11;338;451;2933;24042;279;2093;24547;51246;24319;24372;31872;280726;2863566;18777;199982;2923108;4523537;1390145
FR;8;2023-01-12;402;534;3632;33043;324;2553;33647;70499;33931;24774;32406;284358;2896609;19101;202535;2956755;4594036;1424076
FR;8;2023-01-13;440;582;4035;34809;336;2846;35397;72674;34052;25214;32988;288393;2931418;19437;205381;2992152;4666710;1458128
FR;8;2023-01-14;174;223;1330;8834;118;949;9013;17132;7090;25388;33211;289723;2940252;19555;206330;3001165;4683842;1465218
FR;8;2023-01-15;61;85;326;1470;53;240;1568;3150;1330;25449;33296;290049;2941722;19608;206570;3002733;4686992;1466548
FR;8;2023-01-16;258;333;1984;15673;199;1416;15935;35014;17460;25707;33629;292033;2957395;19807;207986;3018668;4722006;1484008
FR;8;2023-01-17;349;444;3229;28019;275;2299;28510;64194;32979;26056;34073;295262;2985414;20082;210285;3047178;4786200;1516987
FR;8;2023-01-18;255;397;2169;16702;234;1651;16945;38059;19208;26311;34470;297431;3002116;20316;211936;3064123;4824259;1536195
FR;8;2023-01-19;344;408;2645;22160;241;1932;22501;50894;26096;26655;34878;300076;3024276;20557;213868;3086624;4875153;1562291
FR;8;2023-01-20;398;497;3125;24640;301;2300;25119;56078;28281;27053;35375;303201;3048916;20858;216168;3111743;4931231;1590572
FR;8;2023-01-21;141;186;994;6084;100;725;6208;12812;5785;27194;35561;304195;3055000;20958;216893;3117951;4944043;1596357
FR;8;2023-01-22;31;46;150;821;20;130;867;1833;822;27225;35607;304345;3055821;20978;217023;3118818;4945876;1597179
FR;8;2023-01-23;210;288;1576;10567;158;1145;10789;26508;14327;27435;35895;305921;3066388;21136;218168;3129607;4972384;1611506
FR;8;2023-01-24;301;402;2355;19778;234;1765;20014;49278;27085;27736;36297;308276;3086166;21370;219933;3149621;5021662;1638591
FR;8;2023-01-25;233;370;1775;11956;225;1303;12348;29642;15727;27969;36667;310051;3098122;21595;221236;3161969;5051304;1654318
FR;8;2023-01-26;291;359;2163;16191;240;1579;16412;40553;22216;28260;37026;312214;3114313;21835;222815;3178381;5091857;1676534
FR;8;2023-01-27;311;474;2419;17619;287;1795;17833;43510;23461;28571;37500;314633;3131932;22122;224610;3196214;5135367;1699995
FR;8;2023-01-28;121;180;756;4267;116;591;4379;9586;4532;28692;37680;315389;3136199;22238;225201;3200593;5144953;1704527
FR;8;2023-01-29;24;41;84;415;27;64;441;992;479;28716;37721;315473;3136614;22265;225265;3201034;5145945;1705006
FR;8;2023-01-30;199;300;1191;7776;174;954;7928;20032;10921;28915;38021;316664;3144390;22439;226219;3208962;5165977;1715927
FR;8;2023-01-31;262;368;1843;13262;217;1373;13471;35416;20288;29177;38389;318507;3157652;22656;227592;3222433;5201393;1736215
FR;8;2023-02-01;221;301;1252;7643;184;1008;7757;20808;11785;29398;38690;319759;3165295;22840;228600;3230190;5222201;1748000
FR;8;2023-02-02;230;345;1458;10689;202;1170;10890;29222;16817;29628;39035;321217;3175984;23042;229770;3241080;5251423;1764817
FR;9;2020-12-27;0;0;0;0;0;0;0;0;0;0;0;0;0;0;0;0;0;0
FR;9;2020-12-28;0;0;0;0;0;0;0;0;0;0;0;0;0;0;0;0;0;0
FR;9;2020-12-29;0;0;0;0;0;0;0;0;0;0;0;0;0;0;0;0;0;0
FR;9;2020-12-30;0;0;0;0;0;0;0;0;0;0;0;0;0;0;0;0;0;0
FR;9;2020-12-31;0;0;0;0;0;0;0;0;0;0;0;0;0;0;0;0;0;0
FR;9;2021-01-01;0;0;0;0;0;0;0;0;0;0;0;0;0;0;0;0;0;0
FR;9;2021-01-02;0;0;0;0;0;0;0;0;0;0;0;0;0;0;0;0;0;0
FR;9;2021-01-03;0;0;0;0;0;0;0;0;0;0;0;0;0;0;0;0;0;0
FR;9;2021-01-04;0;0;0;0;0;0;0;0;0;0;0;0;0;0;0;0;0;0
FR;9;2021-01-05;0;0;0;0;0;0;0;0;0;0;0;0;0;0;0;0;0;0
FR;9;2021-01-06;0;0;0;0;0;0;0;0;0;0;0;0;0;0;0;0;0;0
FR;9;2021-01-07;0;0;0;0;0;0;0;0;0;0;0;0;0;0;0;0;0;0
FR;9;2021-01-08;0;0;0;0;0;0;0;0;0;0;0;0;0;0;0;0;0;0
FR;9;2021-01-09;0;0;0;0;0;0;0;0;0;0;0;0;0;0;0;0;0;0
FR;9;2021-01-10;0;0;0;0;0;0;0;0;0;0;0;0;0;0;0;0;0;0
FR;9;2021-01-11;0;0;0;0;0;0;0;0;0;0;0;0;0;0;0;0;0;0
FR;9;2021-01-12;0;0;0;0;0;0;0;0;0;0;0;0;0;0;0;0;0;0
FR;9;2021-01-13;0;0;0;0;0;0;0;0;0;0;0;0;0;0;0;0;0;0
FR;9;2021-01-14;0;0;0;0;0;0;0;0;0;0;0;0;0;0;0;0;0;0
FR;9;2021-01-15;0;0;0;0;0;0;0;0;0;0;0;0;0;0;0;0;0;0
FR;9;2021-01-16;0;0;0;0;0;0;0;0;0;0;0;0;0;0;0;0;0;0
FR;9;2021-01-17;0;0;0;0;0;0;0;0;0;0;0;0;0;0;0;0;0;0
FR;9;2021-01-18;0;0;0;0;0;0;0;0;0;0;0;0;0;0;0;0;0;0
FR;9;2021-01-19;0;0;0;0;0;0;0;0;0;0;0;0;0;0;0;0;0;0
FR;9;2021-01-20;0;0;0;0;0;0;0;0;0;0;0;0;0;0;0;0;0;0
FR;9;2021-01-21;0;0;0;0;0;0;0;0;0;0;0;0;0;0;0;0;0;0
FR;9;2021-01-22;0;0;0;0;0;0;0;0;0;0;0;0;0;0;0;0;0;0
FR;9;2021-01-23;0;0;0;0;0;0;0;0;0;0;0;0;0;0;0;0;0;0
FR;9;2021-01-24;0;0;0;0;0;0;0;0;0;0;0;0;0;0;0;0;0;0
FR;9;2021-01-25;0;0;0;0;0;0;0;0;0;0;0;0;0;0;0;0;0;0
FR;9;2021-01-26;0;0;0;0;0;0;0;0;0;0;0;0;0;0;0;0;0;0
FR;9;2021-01-27;0;0;0;0;0;0;0;0;0;0;0;0;0;0;0;0;0;0
FR;9;2021-01-28;0;0;0;0;0;0;0;0;0;0;0;0;0;0;0;0;0;0
FR;9;2021-01-29;0;0;0;0;0;0;0;0;0;0;0;0;0;0;0;0;0;0
FR;9;2021-01-30;0;0;0;0;0;0;0;0;0;0;0;0;0;0;0;0;0;0
FR;9;2021-01-31;0;0;0;0;0;0;0;0;0;0;0;0;0;0;0;0;0;0
FR;9;2021-02-01;0;0;0;0;0;0;0;0;0;0;0;0;0;0;0;0;0;0
FR;9;2021-02-02;0;0;0;0;0;0;0;0;0;0;0;0;0;0;0;0;0;0
FR;9;2021-02-03;0;0;0;0;0;0;0;0;0;0;0;0;0;0;0;0;0;0
FR;9;2021-02-04;0;0;0;0;0;0;0;0;0;0;0;0;0;0;0;0;0;0
FR;9;2021-02-05;0;0;0;0;0;0;0;0;0;0;0;0;0;0;0;0;0;0
FR;9;2021-02-06;0;0;0;0;0;0;0;0;0;0;0;0;0;0;0;0;0;0
FR;9;2021-02-07;0;0;0;0;0;0;0;0;0;0;0;0;0;0;0;0;0;0
FR;9;2021-02-08;0;0;0;0;0;0;0;0;0;0;0;0;0;0;0;0;0;0
FR;9;2021-02-09;0;0;0;0;0;0;0;0;0;0;0;0;0;0;0;0;0;0
FR;9;2021-02-10;0;0;0;0;0;0;0;0;0;0;0;0;0;0;0;0;0;0
FR;9;2021-02-11;0;0;0;0;0;0;0;0;0;0;0;0;0;0;0;0;0;0
FR;9;2021-02-12;0;0;0;0;0;0;0;0;0;0;0;0;0;0;0;0;0;0
FR;9;2021-02-13;0;0;0;0;0;0;0;0;0;0;0;0;0;0;0;0;0;0
FR;9;2021-02-14;0;0;0;0;0;0;0;0;0;0;0;0;0;0;0;0;0;0
FR;9;2021-02-15;0;0;0;0;0;0;0;0;0;0;0;0;0;0;0;0;0;0
FR;9;2021-02-16;0;0;0;0;0;0;0;0;0;0;0;0;0;0;0;0;0;0
FR;9;2021-02-17;0;0;0;0;0;0;0;0;0;0;0;0;0;0;0;0;0;0
FR;9;2021-02-18;0;0;0;0;0;0;0;0;0;0;0;0;0;0;0;0;0;0
FR;9;2021-02-19;0;0;0;0;0;0;0;0;0;0;0;0;0;0;0;0;0;0
FR;9;2021-02-20;0;0;0;0;0;0;0;0;0;0;0;0;0;0;0;0;0;0
FR;9;2021-02-21;0;0;0;0;0;0;0;0;0;0;0;0;0;0;0;0;0;0
FR;9;2021-02-22;0;0;0;0;0;0;0;0;0;0;0;0;0;0;0;0;0;0
FR;9;2021-02-23;0;0;0;0;0;0;0;0;0;0;0;0;0;0;0;0;0;0
FR;9;2021-02-24;0;0;0;0;0;0;0;0;0;0;0;0;0;0;0;0;0;0
FR;9;2021-02-25;0;0;0;0;0;0;0;0;0;0;0;0;0;0;0;0;0;0
FR;9;2021-02-26;0;0;0;0;0;0;0;0;0;0;0;0;0;0;0;0;0;0
FR;9;2021-02-27;0;0;0;0;0;0;0;0;0;0;0;0;0;0;0;0;0;0
FR;9;2021-02-28;0;0;0;0;0;0;0;0;0;0;0;0;0;0;0;0;0;0
FR;9;2021-03-01;0;0;0;0;0;0;0;0;0;0;0;0;0;0;0;0;0;0
FR;9;2021-03-02;0;0;0;0;0;0;0;0;0;0;0;0;0;0;0;0;0;0
FR;9;2021-03-03;0;0;0;0;0;0;0;0;0;0;0;0;0;0;0;0;0;0
FR;9;2021-03-04;0;0;0;0;0;0;0;0;0;0;0;0;0;0;0;0;0;0
FR;9;2021-03-05;0;0;0;0;0;0;0;0;0;0;0;0;0;0;0;0;0;0
FR;9;2021-03-06;0;0;0;0;0;0;0;0;0;0;0;0;0;0;0;0;0;0
FR;9;2021-03-07;0;0;0;0;0;0;0;0;0;0;0;0;0;0;0;0;0;0
FR;9;2021-03-08;0;0;0;0;0;0;0;0;0;0;0;0;0;0;0;0;0;0
FR;9;2021-03-09;0;0;0;0;0;0;0;0;0;0;0;0;0;0;0;0;0;0
FR;9;2021-03-10;0;0;0;0;0;0;0;0;0;0;0;0;0;0;0;0;0;0
FR;9;2021-03-11;0;0;0;0;0;0;0;0;0;0;0;0;0;0;0;0;0;0
FR;9;2021-03-12;0;0;0;0;0;0;0;0;0;0;0;0;0;0;0;0;0;0
FR;9;2021-03-13;0;0;0;0;0;0;0;0;0;0;0;0;0;0;0;0;0;0
FR;9;2021-03-14;0;0;0;0;0;0;0;0;0;0;0;0;0;0;0;0;0;0
FR;9;2021-03-15;0;0;0;0;0;0;0;0;0;0;0;0;0;0;0;0;0;0
FR;9;2021-03-16;0;0;0;0;0;0;0;0;0;0;0;0;0;0;0;0;0;0
FR;9;2021-03-17;0;0;0;0;0;0;0;0;0;0;0;0;0;0;0;0;0;0
FR;9;2021-03-18;0;0;0;0;0;0;0;0;0;0;0;0;0;0;0;0;0;0
FR;9;2021-03-19;0;0;0;0;0;0;0;0;0;0;0;0;0;0;0;0;0;0
FR;9;2021-03-20;0;0;0;0;0;0;0;0;0;0;0;0;0;0;0;0;0;0
FR;9;2021-03-21;0;0;0;0;0;0;0;0;0;0;0;0;0;0;0;0;0;0
FR;9;2021-03-22;0;0;0;0;0;0;0;0;0;0;0;0;0;0;0;0;0;0
FR;9;2021-03-23;0;0;0;0;0;0;0;0;0;0;0;0;0;0;0;0;0;0
FR;9;2021-03-24;0;0;0;0;0;0;0;0;0;0;0;0;0;0;0;0;0;0
FR;9;2021-03-25;0;0;0;0;0;0;0;0;0;0;0;0;0;0;0;0;0;0
FR;9;2021-03-26;0;0;0;0;0;0;0;0;0;0;0;0;0;0;0;0;0;0
FR;9;2021-03-27;0;0;0;0;0;0;0;0;0;0;0;0;0;0;0;0;0;0
FR;9;2021-03-28;0;0;0;0;0;0;0;0;0;0;0;0;0;0;0;0;0;0
FR;9;2021-03-29;0;0;0;0;0;0;0;0;0;0;0;0;0;0;0;0;0;0
FR;9;2021-03-30;0;0;0;0;0;0;0;0;0;0;0;0;0;0;0;0;0;0
FR;9;2021-03-31;0;0;0;0;0;0;0;0;0;0;0;0;0;0;0;0;0;0
FR;9;2021-04-01;0;0;0;0;0;0;0;0;0;0;0;0;0;0;0;0;0;0
FR;9;2021-04-02;0;0;0;0;0;0;0;0;0;0;0;0;0;0;0;0;0;0
FR;9;2021-04-03;0;0;0;0;0;0;0;0;0;0;0;0;0;0;0;0;0;0
FR;9;2021-04-04;0;0;0;0;0;0;0;0;0;0;0;0;0;0;0;0;0;0
FR;9;2021-04-05;0;0;0;0;0;0;0;0;0;0;0;0;0;0;0;0;0;0
FR;9;2021-04-06;0;0;0;0;0;0;0;0;0;0;0;0;0;0;0;0;0;0
FR;9;2021-04-07;0;0;0;0;0;0;0;0;0;0;0;0;0;0;0;0;0;0
FR;9;2021-04-08;0;0;0;0;0;0;0;0;0;0;0;0;0;0;0;0;0;0
FR;9;2021-04-09;0;0;0;0;0;0;0;0;0;0;0;0;0;0;0;0;0;0
FR;9;2021-04-10;0;0;0;0;0;0;0;0;0;0;0;0;0;0;0;0;0;0
FR;9;2021-04-11;0;0;0;0;0;0;0;0;0;0;0;0;0;0;0;0;0;0
FR;9;2021-04-12;0;0;0;0;0;0;0;0;0;0;0;0;0;0;0;0;0;0
FR;9;2021-04-13;0;0;0;0;0;0;0;0;0;0;0;0;0;0;0;0;0;0
FR;9;2021-04-14;0;0;0;0;0;0;0;0;0;0;0;0;0;0;0;0;0;0
FR;9;2021-04-15;0;0;0;0;0;0;0;0;0;0;0;0;0;0;0;0;0;0
FR;9;2021-04-16;0;0;0;0;0;0;0;0;0;0;0;0;0;0;0;0;0;0
FR;9;2021-04-17;0;0;0;0;0;0;0;0;0;0;0;0;0;0;0;0;0;0
FR;9;2021-04-18;0;0;0;0;0;0;0;0;0;0;0;0;0;0;0;0;0;0
FR;9;2021-04-19;0;0;0;0;0;0;0;0;0;0;0;0;0;0;0;0;0;0
FR;9;2021-04-20;0;0;0;0;0;0;0;0;0;0;0;0;0;0;0;0;0;0
FR;9;2021-04-21;0;0;0;0;0;0;0;0;0;0;0;0;0;0;0;0;0;0
FR;9;2021-04-22;0;0;0;0;0;0;0;0;0;0;0;0;0;0;0;0;0;0
FR;9;2021-04-23;0;0;0;0;0;0;0;0;0;0;0;0;0;0;0;0;0;0
FR;9;2021-04-24;0;0;0;0;0;0;0;0;0;0;0;0;0;0;0;0;0;0
FR;9;2021-04-25;0;0;0;0;0;0;0;0;0;0;0;0;0;0;0;0;0;0
FR;9;2021-04-26;0;0;0;0;0;0;0;0;0;0;0;0;0;0;0;0;0;0
FR;9;2021-04-27;0;0;0;0;0;0;0;0;0;0;0;0;0;0;0;0;0;0
FR;9;2021-04-28;0;0;0;0;0;0;0;0;0;0;0;0;0;0;0;0;0;0
FR;9;2021-04-29;0;0;0;0;0;0;0;0;0;0;0;0;0;0;0;0;0;0
FR;9;2021-04-30;0;0;0;0;0;0;0;0;0;0;0;0;0;0;0;0;0;0
FR;9;2021-05-01;0;0;0;0;0;0;0;0;0;0;0;0;0;0;0;0;0;0
FR;9;2021-05-02;0;0;0;0;0;0;0;0;0;0;0;0;0;0;0;0;0;0
FR;9;2021-05-03;0;0;0;0;0;0;0;0;0;0;0;0;0;0;0;0;0;0
FR;9;2021-05-04;0;0;0;0;0;0;0;0;0;0;0;0;0;0;0;0;0;0
FR;9;2021-05-05;0;0;0;0;0;0;0;0;0;0;0;0;0;0;0;0;0;0
FR;9;2021-05-06;0;0;0;0;0;0;0;0;0;0;0;0;0;0;0;0;0;0
FR;9;2021-05-07;0;0;0;0;0;0;0;0;0;0;0;0;0;0;0;0;0;0
FR;9;2021-05-08;0;0;0;0;0;0;0;0;0;0;0;0;0;0;0;0;0;0
FR;9;2021-05-09;0;0;0;0;0;0;0;0;0;0;0;0;0;0;0;0;0;0
FR;9;2021-05-10;0;0;0;0;0;0;0;0;0;0;0;0;0;0;0;0;0;0
FR;9;2021-05-11;0;0;0;0;0;0;0;0;0;0;0;0;0;0;0;0;0;0
FR;9;2021-05-12;0;0;0;0;0;0;0;0;0;0;0;0;0;0;0;0;0;0
FR;9;2021-05-13;0;0;0;0;0;0;0;0;0;0;0;0;0;0;0;0;0;0
FR;9;2021-05-14;0;0;0;0;0;0;0;0;0;0;0;0;0;0;0;0;0;0
FR;9;2021-05-15;0;0;0;0;0;0;0;0;0;0;0;0;0;0;0;0;0;0
FR;9;2021-05-16;0;0;0;0;0;0;0;0;0;0;0;0;0;0;0;0;0;0
FR;9;2021-05-17;0;0;0;0;0;0;0;0;0;0;0;0;0;0;0;0;0;0
FR;9;2021-05-18;0;0;0;0;0;0;0;0;0;0;0;0;0;0;0;0;0;0
FR;9;2021-05-19;0;0;0;0;0;0;0;0;0;0;0;0;0;0;0;0;0;0
FR;9;2021-05-20;0;0;0;0;0;0;0;0;0;0;0;0;0;0;0;0;0;0
FR;9;2021-05-21;0;0;0;0;0;0;0;0;0;0;0;0;0;0;0;0;0;0
FR;9;2021-05-22;0;0;0;0;0;0;0;0;0;0;0;0;0;0;0;0;0;0
FR;9;2021-05-23;0;0;0;0;0;0;0;0;0;0;0;0;0;0;0;0;0;0
FR;9;2021-05-24;0;0;0;0;0;0;0;0;0;0;0;0;0;0;0;0;0;0
FR;9;2021-05-25;0;0;0;0;0;0;0;0;0;0;0;0;0;0;0;0;0;0
FR;9;2021-05-26;0;0;0;0;0;0;0;0;0;0;0;0;0;0;0;0;0;0
FR;9;2021-05-27;0;0;0;0;0;0;0;0;0;0;0;0;0;0;0;0;0;0
FR;9;2021-05-28;0;0;0;0;0;0;0;0;0;0;0;0;0;0;0;0;0;0
FR;9;2021-05-29;0;0;0;0;0;0;0;0;0;0;0;0;0;0;0;0;0;0
FR;9;2021-05-30;0;0;0;0;0;0;0;0;0;0;0;0;0;0;0;0;0;0
FR;9;2021-05-31;0;0;0;0;0;0;0;0;0;0;0;0;0;0;0;0;0;0
FR;9;2021-06-01;0;0;0;0;0;0;0;0;0;0;0;0;0;0;0;0;0;0
FR;9;2021-06-02;0;0;0;0;0;0;0;0;0;0;0;0;0;0;0;0;0;0
FR;9;2021-06-03;0;0;0;0;0;0;0;0;0;0;0;0;0;0;0;0;0;0
FR;9;2021-06-04;0;0;0;0;0;0;0;0;0;0;0;0;0;0;0;0;0;0
FR;9;2021-06-05;0;0;0;0;0;0;0;0;0;0;0;0;0;0;0;0;0;0
FR;9;2021-06-06;0;0;0;0;0;0;0;0;0;0;0;0;0;0;0;0;0;0
FR;9;2021-06-07;0;0;0;0;0;0;0;0;0;0;0;0;0;0;0;0;0;0
FR;9;2021-06-08;0;0;0;0;0;0;0;0;0;0;0;0;0;0;0;0;0;0
FR;9;2021-06-09;0;0;0;0;0;0;0;0;0;0;0;0;0;0;0;0;0;0
FR;9;2021-06-10;0;0;0;0;0;0;0;0;0;0;0;0;0;0;0;0;0;0
FR;9;2021-06-11;0;0;0;0;0;0;0;0;0;0;0;0;0;0;0;0;0;0
FR;9;2021-06-12;0;0;0;0;0;0;0;0;0;0;0;0;0;0;0;0;0;0
FR;9;2021-06-13;0;0;0;0;0;0;0;0;0;0;0;0;0;0;0;0;0;0
FR;9;2021-06-14;0;0;0;0;0;0;0;0;0;0;0;0;0;0;0;0;0;0
FR;9;2021-06-15;0;0;0;0;0;0;0;0;0;0;0;0;0;0;0;0;0;0
FR;9;2021-06-16;0;0;0;0;0;0;0;0;0;0;0;0;0;0;0;0;0;0
FR;9;2021-06-17;0;0;0;0;0;0;0;0;0;0;0;0;0;0;0;0;0;0
FR;9;2021-06-18;0;0;0;0;0;0;0;0;0;0;0;0;0;0;0;0;0;0
FR;9;2021-06-19;0;0;0;0;0;0;0;0;0;0;0;0;0;0;0;0;0;0
FR;9;2021-06-20;0;0;0;0;0;0;0;0;0;0;0;0;0;0;0;0;0;0
FR;9;2021-06-21;0;0;0;0;0;0;0;0;0;0;0;0;0;0;0;0;0;0
FR;9;2021-06-22;0;0;0;0;0;0;0;0;0;0;0;0;0;0;0;0;0;0
FR;9;2021-06-23;0;0;0;0;0;0;0;0;0;0;0;0;0;0;0;0;0;0
FR;9;2021-06-24;0;0;0;0;0;0;0;0;0;0;0;0;0;0;0;0;0;0
FR;9;2021-06-25;0;0;0;0;0;0;0;0;0;0;0;0;0;0;0;0;0;0
FR;9;2021-06-26;0;0;0;0;0;0;0;0;0;0;0;0;0;0;0;0;0;0
FR;9;2021-06-27;0;0;0;0;0;0;0;0;0;0;0;0;0;0;0;0;0;0
FR;9;2021-06-28;0;0;0;0;0;0;0;0;0;0;0;0;0;0;0;0;0;0
FR;9;2021-06-29;0;0;0;0;0;0;0;0;0;0;0;0;0;0;0;0;0;0
FR;9;2021-06-30;0;0;0;0;0;0;0;0;0;0;0;0;0;0;0;0;0;0
FR;9;2021-07-01;0;0;0;0;0;0;0;0;0;0;0;0;0;0;0;0;0;0
FR;9;2021-07-02;0;0;0;0;0;0;0;0;0;0;0;0;0;0;0;0;0;0
FR;9;2021-07-03;0;0;0;0;0;0;0;0;0;0;0;0;0;0;0;0;0;0
FR;9;2021-07-04;0;0;0;0;0;0;0;0;0;0;0;0;0;0;0;0;0;0
FR;9;2021-07-05;0;0;0;0;0;0;0;0;0;0;0;0;0;0;0;0;0;0
FR;9;2021-07-06;0;0;0;0;0;0;0;0;0;0;0;0;0;0;0;0;0;0
FR;9;2021-07-07;0;0;0;0;0;0;0;0;0;0;0;0;0;0;0;0;0;0
FR;9;2021-07-08;0;0;0;0;0;0;0;0;0;0;0;0;0;0;0;0;0;0
FR;9;2021-07-09;0;0;0;0;0;0;0;0;0;0;0;0;0;0;0;0;0;0
FR;9;2021-07-10;0;0;0;0;0;0;0;0;0;0;0;0;0;0;0;0;0;0
FR;9;2021-07-11;0;0;0;0;0;0;0;0;0;0;0;0;0;0;0;0;0;0
FR;9;2021-07-12;0;0;0;0;0;0;0;0;0;0;0;0;0;0;0;0;0;0
FR;9;2021-07-13;0;0;0;0;0;0;0;0;0;0;0;0;0;0;0;0;0;0
FR;9;2021-07-14;0;0;0;0;0;0;0;0;0;0;0;0;0;0;0;0;0;0
FR;9;2021-07-15;0;0;0;0;0;0;0;0;0;0;0;0;0;0;0;0;0;0
FR;9;2021-07-16;0;0;0;0;0;0;0;0;0;0;0;0;0;0;0;0;0;0
FR;9;2021-07-17;0;0;0;0;0;0;0;0;0;0;0;0;0;0;0;0;0;0
FR;9;2021-07-18;0;0;0;0;0;0;0;0;0;0;0;0;0;0;0;0;0;0
FR;9;2021-07-19;0;0;0;0;0;0;0;0;0;0;0;0;0;0;0;0;0;0
FR;9;2021-07-20;0;0;0;0;0;0;0;0;0;0;0;0;0;0;0;0;0;0
FR;9;2021-07-21;0;0;0;0;0;0;0;0;0;0;0;0;0;0;0;0;0;0
FR;9;2021-07-22;0;0;0;0;0;0;0;0;0;0;0;0;0;0;0;0;0;0
FR;9;2021-07-23;0;0;0;0;0;0;0;0;0;0;0;0;0;0;0;0;0;0
FR;9;2021-07-24;0;0;0;0;0;0;0;0;0;0;0;0;0;0;0;0;0;0
FR;9;2021-07-25;0;0;0;0;0;0;0;0;0;0;0;0;0;0;0;0;0;0
FR;9;2021-07-26;0;0;0;0;0;0;0;0;0;0;0;0;0;0;0;0;0;0
FR;9;2021-07-27;0;0;0;0;0;0;0;0;0;0;0;0;0;0;0;0;0;0
FR;9;2021-07-28;0;0;0;0;0;0;0;0;0;0;0;0;0;0;0;0;0;0
FR;9;2021-07-29;0;0;0;0;0;0;0;0;0;0;0;0;0;0;0;0;0;0
FR;9;2021-07-30;0;0;0;0;0;0;0;0;0;0;0;0;0;0;0;0;0;0
FR;9;2021-07-31;0;0;0;0;0;0;0;0;0;0;0;0;0;0;0;0;0;0
FR;9;2021-08-01;0;0;0;0;0;0;0;0;0;0;0;0;0;0;0;0;0;0
FR;9;2021-08-02;0;0;0;0;0;0;0;0;0;0;0;0;0;0;0;0;0;0
FR;9;2021-08-03;0;0;0;0;0;0;0;0;0;0;0;0;0;0;0;0;0;0
FR;9;2021-08-04;0;0;0;0;0;0;0;0;0;0;0;0;0;0;0;0;0;0
FR;9;2021-08-05;0;0;0;0;0;0;0;0;0;0;0;0;0;0;0;0;0;0
FR;9;2021-08-06;0;0;0;0;0;0;0;0;0;0;0;0;0;0;0;0;0;0
FR;9;2021-08-07;0;0;0;0;0;0;0;0;0;0;0;0;0;0;0;0;0;0
FR;9;2021-08-08;0;0;0;0;0;0;0;0;0;0;0;0;0;0;0;0;0;0
FR;9;2021-08-09;0;0;0;0;0;0;0;0;0;0;0;0;0;0;0;0;0;0
FR;9;2021-08-10;0;0;0;0;0;0;0;0;0;0;0;0;0;0;0;0;0;0
FR;9;2021-08-11;0;0;0;0;0;0;0;0;0;0;0;0;0;0;0;0;0;0
FR;9;2021-08-12;0;0;0;0;0;0;0;0;0;0;0;0;0;0;0;0;0;0
FR;9;2021-08-13;0;0;0;0;0;0;0;0;0;0;0;0;0;0;0;0;0;0
FR;9;2021-08-14;0;0;0;0;0;0;0;0;0;0;0;0;0;0;0;0;0;0
FR;9;2021-08-15;0;0;0;0;0;0;0;0;0;0;0;0;0;0;0;0;0;0
FR;9;2021-08-16;0;0;0;0;0;0;0;0;0;0;0;0;0;0;0;0;0;0
FR;9;2021-08-17;0;0;0;0;0;0;0;0;0;0;0;0;0;0;0;0;0;0
FR;9;2021-08-18;0;0;0;0;0;0;0;0;0;0;0;0;0;0;0;0;0;0
FR;9;2021-08-19;0;0;0;0;0;0;0;0;0;0;0;0;0;0;0;0;0;0
FR;9;2021-08-20;0;0;0;0;0;0;0;0;0;0;0;0;0;0;0;0;0;0
FR;9;2021-08-21;0;0;0;0;0;0;0;0;0;0;0;0;0;0;0;0;0;0
FR;9;2021-08-22;0;0;0;0;0;0;0;0;0;0;0;0;0;0;0;0;0;0
FR;9;2021-08-23;0;0;0;0;0;0;0;0;0;0;0;0;0;0;0;0;0;0
FR;9;2021-08-24;0;0;0;0;0;0;0;0;0;0;0;0;0;0;0;0;0;0
FR;9;2021-08-25;0;0;0;0;0;0;0;0;0;0;0;0;0;0;0;0;0;0
FR;9;2021-08-26;0;0;0;0;0;0;0;0;0;0;0;0;0;0;0;0;0;0
FR;9;2021-08-27;0;0;0;0;0;0;0;0;0;0;0;0;0;0;0;0;0;0
FR;9;2021-08-28;0;0;0;0;0;0;0;0;0;0;0;0;0;0;0;0;0;0
FR;9;2021-08-29;0;0;0;0;0;0;0;0;0;0;0;0;0;0;0;0;0;0
FR;9;2021-08-30;0;0;0;0;0;0;0;0;0;0;0;0;0;0;0;0;0;0
FR;9;2021-08-31;0;0;0;0;0;0;0;0;0;0;0;0;0;0;0;0;0;0
FR;9;2021-09-01;0;0;0;0;0;0;0;0;0;0;0;0;0;0;0;0;0;0
FR;9;2021-09-02;0;0;0;0;0;0;0;0;0;0;0;0;0;0;0;0;0;0
FR;9;2021-09-03;0;0;0;0;0;0;0;0;0;0;0;0;0;0;0;0;0;0
FR;9;2021-09-04;0;0;0;0;0;0;0;0;0;0;0;0;0;0;0;0;0;0
FR;9;2021-09-05;0;0;0;0;0;0;0;0;0;0;0;0;0;0;0;0;0;0
FR;9;2021-09-06;0;0;0;0;0;0;0;0;0;0;0;0;0;0;0;0;0;0
FR;9;2021-09-07;0;0;0;0;0;0;0;0;0;0;0;0;0;0;0;0;0;0
FR;9;2021-09-08;0;0;0;0;0;0;0;0;0;0;0;0;0;0;0;0;0;0
FR;9;2021-09-09;0;0;0;0;0;0;0;0;0;0;0;0;0;0;0;0;0;0
FR;9;2021-09-10;0;0;0;0;0;0;0;0;0;0;0;0;0;0;0;0;0;0
FR;9;2021-09-11;0;0;0;0;0;0;0;0;0;0;0;0;0;0;0;0;0;0
FR;9;2021-09-12;0;0;0;0;0;0;0;0;0;0;0;0;0;0;0;0;0;0
FR;9;2021-09-13;0;0;0;0;0;0;0;0;0;0;0;0;0;0;0;0;0;0
FR;9;2021-09-14;0;0;0;0;0;0;0;0;0;0;0;0;0;0;0;0;0;0
FR;9;2021-09-15;0;0;0;0;0;0;0;0;0;0;0;0;0;0;0;0;0;0
FR;9;2021-09-16;0;0;0;0;0;0;0;0;0;0;0;0;0;0;0;0;0;0
FR;9;2021-09-17;0;0;0;0;0;0;0;0;0;0;0;0;0;0;0;0;0;0
FR;9;2021-09-18;0;0;0;0;0;0;0;0;0;0;0;0;0;0;0;0;0;0
FR;9;2021-09-19;0;0;0;0;0;0;0;0;0;0;0;0;0;0;0;0;0;0
FR;9;2021-09-20;0;0;0;0;0;0;0;0;0;0;0;0;0;0;0;0;0;0
FR;9;2021-09-21;0;0;0;0;0;0;0;0;0;0;0;0;0;0;0;0;0;0
FR;9;2021-09-22;0;0;0;0;0;0;0;0;0;0;0;0;0;0;0;0;0;0
FR;9;2021-09-23;0;0;0;0;0;0;0;0;0;0;0;0;0;0;0;0;0;0
FR;9;2021-09-24;0;0;0;0;0;0;0;0;0;0;0;0;0;0;0;0;0;0
FR;9;2021-09-25;0;0;0;0;0;0;0;0;0;0;0;0;0;0;0;0;0;0
FR;9;2021-09-26;0;0;0;0;0;0;0;0;0;0;0;0;0;0;0;0;0;0
FR;9;2021-09-27;0;0;0;0;0;0;0;0;0;0;0;0;0;0;0;0;0;0
FR;9;2021-09-28;0;0;0;0;0;0;0;0;0;0;0;0;0;0;0;0;0;0
FR;9;2021-09-29;0;0;0;0;0;0;0;0;0;0;0;0;0;0;0;0;0;0
FR;9;2021-09-30;0;0;0;0;0;0;0;0;0;0;0;0;0;0;0;0;0;0
FR;9;2021-10-01;0;0;0;0;0;0;0;0;0;0;0;0;0;0;0;0;0;0
FR;9;2021-10-02;0;0;0;0;0;0;0;0;0;0;0;0;0;0;0;0;0;0
FR;9;2021-10-03;0;0;0;0;0;0;0;0;0;0;0;0;0;0;0;0;0;0
FR;9;2021-10-04;0;0;0;0;0;0;0;0;0;0;0;0;0;0;0;0;0;0
FR;9;2021-10-05;0;0;0;0;0;0;0;0;0;0;0;0;0;0;0;0;0;0
FR;9;2021-10-06;0;0;0;0;0;0;0;0;0;0;0;0;0;0;0;0;0;0
FR;9;2021-10-07;0;0;0;0;0;0;0;0;0;0;0;0;0;0;0;0;0;0
FR;9;2021-10-08;0;0;0;0;0;0;0;0;0;0;0;0;0;0;0;0;0;0
FR;9;2021-10-09;0;0;0;0;0;0;0;0;0;0;0;0;0;0;0;0;0;0
FR;9;2021-10-10;0;0;0;0;0;0;0;0;0;0;0;0;0;0;0;0;0;0
FR;9;2021-10-11;0;0;0;0;0;0;0;0;0;0;0;0;0;0;0;0;0;0
FR;9;2021-10-12;0;0;0;0;0;0;0;0;0;0;0;0;0;0;0;0;0;0
FR;9;2021-10-13;0;0;0;0;0;0;0;0;0;0;0;0;0;0;0;0;0;0
FR;9;2021-10-14;0;0;0;0;0;0;0;0;0;0;0;0;0;0;0;0;0;0
FR;9;2021-10-15;0;0;0;0;0;0;0;0;0;0;0;0;0;0;0;0;0;0
FR;9;2021-10-16;0;0;0;0;0;0;0;0;0;0;0;0;0;0;0;0;0;0
FR;9;2021-10-17;0;0;0;0;0;0;0;0;0;0;0;0;0;0;0;0;0;0
FR;9;2021-10-18;0;0;0;0;0;0;0;0;0;0;0;0;0;0;0;0;0;0
FR;9;2021-10-19;0;0;0;0;0;0;0;0;0;0;0;0;0;0;0;0;0;0
FR;9;2021-10-20;0;0;0;0;0;0;0;0;0;0;0;0;0;0;0;0;0;0
FR;9;2021-10-21;0;0;0;0;0;0;0;0;0;0;0;0;0;0;0;0;0;0
FR;9;2021-10-22;0;0;0;0;0;0;0;0;0;0;0;0;0;0;0;0;0;0
FR;9;2021-10-23;0;0;0;0;0;0;0;0;0;0;0;0;0;0;0;0;0;0
FR;9;2021-10-24;0;0;0;0;0;0;0;0;0;0;0;0;0;0;0;0;0;0
FR;9;2021-10-25;0;0;0;0;0;0;0;0;0;0;0;0;0;0;0;0;0;0
FR;9;2021-10-26;0;0;0;0;0;0;0;0;0;0;0;0;0;0;0;0;0;0
FR;9;2021-10-27;0;0;0;0;0;0;0;0;0;0;0;0;0;0;0;0;0;0
FR;9;2021-10-28;0;0;0;0;0;0;0;0;0;0;0;0;0;0;0;0;0;0
FR;9;2021-10-29;0;0;0;0;0;0;0;0;0;0;0;0;0;0;0;0;0;0
FR;9;2021-10-30;0;0;0;0;0;0;0;0;0;0;0;0;0;0;0;0;0;0
FR;9;2021-10-31;0;0;0;0;0;0;0;0;0;0;0;0;0;0;0;0;0;0
FR;9;2021-11-01;0;0;0;0;0;0;0;0;0;0;0;0;0;0;0;0;0;0
FR;9;2021-11-02;0;0;0;0;0;0;0;0;0;0;0;0;0;0;0;0;0;0
FR;9;2021-11-03;0;0;0;0;0;0;0;0;0;0;0;0;0;0;0;0;0;0
FR;9;2021-11-04;0;0;0;0;0;0;0;0;0;0;0;0;0;0;0;0;0;0
FR;9;2021-11-05;0;0;0;0;0;0;0;0;0;0;0;0;0;0;0;0;0;0
FR;9;2021-11-06;0;0;0;0;0;0;0;0;0;0;0;0;0;0;0;0;0;0
FR;9;2021-11-07;0;0;0;0;0;0;0;0;0;0;0;0;0;0;0;0;0;0
FR;9;2021-11-08;0;0;0;0;0;0;0;0;0;0;0;0;0;0;0;0;0;0
FR;9;2021-11-09;0;0;0;0;0;0;0;0;0;0;0;0;0;0;0;0;0;0
FR;9;2021-11-10;0;0;0;0;0;0;0;0;0;0;0;0;0;0;0;0;0;0
FR;9;2021-11-11;0;0;0;0;0;0;0;0;0;0;0;0;0;0;0;0;0;0
FR;9;2021-11-12;0;0;0;0;0;0;0;0;0;0;0;0;0;0;0;0;0;0
FR;9;2021-11-13;0;0;0;0;0;0;0;0;0;0;0;0;0;0;0;0;0;0
FR;9;2021-11-14;0;0;0;0;0;0;0;0;0;0;0;0;0;0;0;0;0;0
FR;9;2021-11-15;0;0;0;0;0;0;0;0;0;0;0;0;0;0;0;0;0;0
FR;9;2021-11-16;0;0;0;0;0;0;0;0;0;0;0;0;0;0;0;0;0;0
FR;9;2021-11-17;0;0;0;0;0;0;0;0;0;0;0;0;0;0;0;0;0;0
FR;9;2021-11-18;0;0;0;0;0;0;0;0;0;0;0;0;0;0;0;0;0;0
FR;9;2021-11-19;0;0;0;0;0;0;0;0;0;0;0;0;0;0;0;0;0;0
FR;9;2021-11-20;0;0;0;0;0;0;0;0;0;0;0;0;0;0;0;0;0;0
FR;9;2021-11-21;0;0;0;0;0;0;0;0;0;0;0;0;0;0;0;0;0;0
FR;9;2021-11-22;0;0;0;0;0;0;0;0;0;0;0;0;0;0;0;0;0;0
FR;9;2021-11-23;0;0;0;0;0;0;0;0;0;0;0;0;0;0;0;0;0;0
FR;9;2021-11-24;0;0;0;0;0;0;0;0;0;0;0;0;0;0;0;0;0;0
FR;9;2021-11-25;0;0;0;0;0;0;0;0;0;0;0;0;0;0;0;0;0;0
FR;9;2021-11-26;0;0;0;0;0;0;0;0;0;0;0;0;0;0;0;0;0;0
FR;9;2021-11-27;0;0;0;0;0;0;0;0;0;0;0;0;0;0;0;0;0;0
FR;9;2021-11-28;0;0;0;0;0;0;0;0;0;0;0;0;0;0;0;0;0;0
FR;9;2021-11-29;0;0;0;0;0;0;0;0;0;0;0;0;0;0;0;0;0;0
FR;9;2021-11-30;0;0;0;0;0;0;0;0;0;0;0;0;0;0;0;0;0;0
FR;9;2021-12-01;0;0;0;0;0;0;0;0;0;0;0;0;0;0;0;0;0;0
FR;9;2021-12-02;0;0;0;0;0;0;0;0;0;0;0;0;0;0;0;0;0;0
FR;9;2021-12-03;0;0;0;0;0;0;0;0;0;0;0;0;0;0;0;0;0;0
FR;9;2021-12-04;0;0;0;0;0;0;0;0;0;0;0;0;0;0;0;0;0;0
FR;9;2021-12-05;0;0;0;0;0;0;0;0;0;0;0;0;0;0;0;0;0;0
FR;9;2021-12-06;0;0;0;0;0;0;0;0;0;0;0;0;0;0;0;0;0;0
FR;9;2021-12-07;0;0;0;0;0;0;0;0;0;0;0;0;0;0;0;0;0;0
FR;9;2021-12-08;0;0;0;0;0;0;0;0;0;0;0;0;0;0;0;0;0;0
FR;9;2021-12-09;0;0;0;0;0;0;0;0;0;0;0;0;0;0;0;0;0;0
FR;9;2021-12-10;0;0;0;0;0;0;0;0;0;0;0;0;0;0;0;0;0;0
FR;9;2021-12-11;0;0;0;0;0;0;0;0;0;0;0;0;0;0;0;0;0;0
FR;9;2021-12-12;0;0;0;0;0;0;0;0;0;0;0;0;0;0;0;0;0;0
FR;9;2021-12-13;0;0;0;0;0;0;0;0;0;0;0;0;0;0;0;0;0;0
FR;9;2021-12-14;0;0;0;0;0;0;0;0;0;0;0;0;0;0;0;0;0;0
FR;9;2021-12-15;0;0;0;0;0;0;0;0;0;0;0;0;0;0;0;0;0;0
FR;9;2021-12-16;0;0;0;0;0;0;0;0;0;0;0;0;0;0;0;0;0;0
FR;9;2021-12-17;0;0;0;0;0;0;0;0;0;0;0;0;0;0;0;0;0;0
FR;9;2021-12-18;0;0;0;0;0;0;0;0;0;0;0;0;0;0;0;0;0;0
FR;9;2021-12-19;0;0;0;0;0;0;0;0;0;0;0;0;0;0;0;0;0;0
FR;9;2021-12-20;0;0;0;0;0;0;0;0;0;0;0;0;0;0;0;0;0;0
FR;9;2021-12-21;0;0;0;0;0;0;0;0;0;0;0;0;0;0;0;0;0;0
FR;9;2021-12-22;0;0;0;0;0;0;0;0;0;0;0;0;0;0;0;0;0;0
FR;9;2021-12-23;0;0;0;0;0;0;0;0;0;0;0;0;0;0;0;0;0;0
FR;9;2021-12-24;0;0;0;0;0;0;0;0;0;0;0;0;0;0;0;0;0;0
FR;9;2021-12-25;0;0;0;0;0;0;0;0;0;0;0;0;0;0;0;0;0;0
FR;9;2021-12-26;0;0;0;0;0;0;0;0;0;0;0;0;0;0;0;0;0;0
FR;9;2021-12-27;0;0;0;0;0;0;0;0;0;0;0;0;0;0;0;0;0;0
FR;9;2021-12-28;0;0;0;0;0;0;0;0;0;0;0;0;0;0;0;0;0;0
FR;9;2021-12-29;0;0;0;0;0;0;0;0;0;0;0;0;0;0;0;0;0;0
FR;9;2021-12-30;0;0;0;0;0;0;0;0;0;0;0;0;0;0;0;0;0;0
FR;9;2021-12-31;0;0;0;0;0;0;0;0;0;0;0;0;0;0;0;0;0;0
FR;9;2022-01-01;0;0;0;0;0;0;0;0;0;0;0;0;0;0;0;0;0;0
FR;9;2022-01-02;0;0;0;0;0;0;0;0;0;0;0;0;0;0;0;0;0;0
FR;9;2022-01-03;0;0;0;0;0;0;0;0;0;0;0;0;0;0;0;0;0;0
FR;9;2022-01-04;0;0;0;0;0;0;0;0;0;0;0;0;0;0;0;0;0;0
FR;9;2022-01-05;0;0;0;0;0;0;0;0;0;0;0;0;0;0;0;0;0;0
FR;9;2022-01-06;0;0;0;0;0;0;0;0;0;0;0;0;0;0;0;0;0;0
FR;9;2022-01-07;0;0;0;0;0;0;0;0;0;0;0;0;0;0;0;0;0;0
FR;9;2022-01-08;0;0;0;0;0;0;0;0;0;0;0;0;0;0;0;0;0;0
FR;9;2022-01-09;0;0;0;0;0;0;0;0;0;0;0;0;0;0;0;0;0;0
FR;9;2022-01-10;0;0;0;0;0;0;0;0;0;0;0;0;0;0;0;0;0;0
FR;9;2022-01-11;0;0;0;0;0;0;0;0;0;0;0;0;0;0;0;0;0;0
FR;9;2022-01-12;0;0;0;0;0;0;0;0;0;0;0;0;0;0;0;0;0;0
FR;9;2022-01-13;0;0;0;0;0;0;0;0;0;0;0;0;0;0;0;0;0;0
FR;9;2022-01-14;0;0;0;0;0;0;0;0;0;0;0;0;0;0;0;0;0;0
FR;9;2022-01-15;0;0;0;0;0;0;0;0;0;0;0;0;0;0;0;0;0;0
FR;9;2022-01-16;0;0;0;0;0;0;0;0;0;0;0;0;0;0;0;0;0;0
FR;9;2022-01-17;0;0;0;0;0;0;0;0;0;0;0;0;0;0;0;0;0;0
FR;9;2022-01-18;0;0;0;0;0;0;0;0;0;0;0;0;0;0;0;0;0;0
FR;9;2022-01-19;0;0;0;0;0;0;0;0;0;0;0;0;0;0;0;0;0;0
FR;9;2022-01-20;0;0;0;0;0;0;0;0;0;0;0;0;0;0;0;0;0;0
FR;9;2022-01-21;0;0;0;0;0;0;0;0;0;0;0;0;0;0;0;0;0;0
FR;9;2022-01-22;0;0;0;0;0;0;0;0;0;0;0;0;0;0;0;0;0;0
FR;9;2022-01-23;0;0;0;0;0;0;0;0;0;0;0;0;0;0;0;0;0;0
FR;9;2022-01-24;0;0;0;0;0;0;0;0;0;0;0;0;0;0;0;0;0;0
FR;9;2022-01-25;0;0;0;0;0;0;0;0;0;0;0;0;0;0;0;0;0;0
FR;9;2022-01-26;0;0;0;0;0;0;0;0;0;0;0;0;0;0;0;0;0;0
FR;9;2022-01-27;0;0;0;0;0;0;0;0;0;0;0;0;0;0;0;0;0;0
FR;9;2022-01-28;0;0;0;0;0;0;0;0;0;0;0;0;0;0;0;0;0;0
FR;9;2022-01-29;0;0;0;0;0;0;0;0;0;0;0;0;0;0;0;0;0;0
FR;9;2022-01-30;0;0;0;0;0;0;0;0;0;0;0;0;0;0;0;0;0;0
FR;9;2022-01-31;0;0;0;0;0;0;0;0;0;0;0;0;0;0;0;0;0;0
FR;9;2022-02-01;0;0;0;0;0;0;0;0;0;0;0;0;0;0;0;0;0;0
FR;9;2022-02-02;0;0;0;0;0;0;0;0;0;0;0;0;0;0;0;0;0;0
FR;9;2022-02-03;0;0;0;0;0;0;0;0;0;0;0;0;0;0;0;0;0;0
FR;9;2022-02-04;0;0;0;0;0;0;0;0;0;0;0;0;0;0;0;0;0;0
FR;9;2022-02-05;0;0;0;0;0;0;0;0;0;0;0;0;0;0;0;0;0;0
FR;9;2022-02-06;0;0;0;0;0;0;0;0;0;0;0;0;0;0;0;0;0;0
FR;9;2022-02-07;0;0;0;0;0;0;0;0;0;0;0;0;0;0;0;0;0;0
FR;9;2022-02-08;0;0;0;0;0;0;0;0;0;0;0;0;0;0;0;0;0;0
FR;9;2022-02-09;0;0;0;0;0;0;0;0;0;0;0;0;0;0;0;0;0;0
FR;9;2022-02-10;0;0;0;0;0;0;0;0;0;0;0;0;0;0;0;0;0;0
FR;9;2022-02-11;0;0;0;0;0;0;0;0;0;0;0;0;0;0;0;0;0;0
FR;9;2022-02-12;0;0;0;0;0;0;0;0;0;0;0;0;0;0;0;0;0;0
FR;9;2022-02-13;0;0;0;0;0;0;0;0;0;0;0;0;0;0;0;0;0;0
FR;9;2022-02-14;0;0;0;0;0;0;0;0;0;0;0;0;0;0;0;0;0;0
FR;9;2022-02-15;0;0;0;0;0;0;0;0;0;0;0;0;0;0;0;0;0;0
FR;9;2022-02-16;0;0;0;0;0;0;0;0;0;0;0;0;0;0;0;0;0;0
FR;9;2022-02-17;0;0;0;0;0;0;0;0;0;0;0;0;0;0;0;0;0;0
FR;9;2022-02-18;0;0;0;0;0;0;0;0;0;0;0;0;0;0;0;0;0;0
FR;9;2022-02-19;0;0;0;0;0;0;0;0;0;0;0;0;0;0;0;0;0;0
FR;9;2022-02-20;0;0;0;0;0;0;0;0;0;0;0;0;0;0;0;0;0;0
FR;9;2022-02-21;0;0;0;0;0;0;0;0;0;0;0;0;0;0;0;0;0;0
FR;9;2022-02-22;0;0;0;0;0;0;0;0;0;0;0;0;0;0;0;0;0;0
FR;9;2022-02-23;0;0;0;0;0;0;0;0;0;0;0;0;0;0;0;0;0;0
FR;9;2022-02-24;0;0;0;0;0;0;0;0;0;0;0;0;0;0;0;0;0;0
FR;9;2022-02-25;0;0;0;0;0;0;0;0;0;0;0;0;0;0;0;0;0;0
FR;9;2022-02-26;0;0;0;0;0;0;0;0;0;0;0;0;0;0;0;0;0;0
FR;9;2022-02-27;0;0;0;0;0;0;0;0;0;0;0;0;0;0;0;0;0;0
FR;9;2022-02-28;0;0;0;0;0;0;0;0;0;0;0;0;0;0;0;0;0;0
FR;9;2022-03-01;0;0;0;0;0;0;0;0;0;0;0;0;0;0;0;0;0;0
FR;9;2022-03-02;0;0;0;0;0;0;0;0;0;0;0;0;0;0;0;0;0;0
FR;9;2022-03-03;0;0;0;0;0;0;0;0;0;0;0;0;0;0;0;0;0;0
FR;9;2022-03-04;0;0;0;0;0;0;0;0;0;0;0;0;0;0;0;0;0;0
FR;9;2022-03-05;0;0;0;0;0;0;0;0;0;0;0;0;0;0;0;0;0;0
FR;9;2022-03-06;0;0;0;0;0;0;0;0;0;0;0;0;0;0;0;0;0;0
FR;9;2022-03-07;0;0;0;0;0;0;0;0;0;0;0;0;0;0;0;0;0;0
FR;9;2022-03-08;0;0;0;0;0;0;0;0;0;0;0;0;0;0;0;0;0;0
FR;9;2022-03-09;0;0;0;0;0;0;0;0;0;0;0;0;0;0;0;0;0;0
FR;9;2022-03-10;0;0;0;0;0;0;0;0;0;0;0;0;0;0;0;0;0;0
FR;9;2022-03-11;0;0;0;0;0;0;0;0;0;0;0;0;0;0;0;0;0;0
FR;9;2022-03-12;0;0;0;0;0;0;0;0;0;0;0;0;0;0;0;0;0;0
FR;9;2022-03-13;0;0;0;0;0;0;0;0;0;0;0;0;0;0;0;0;0;0
FR;9;2022-03-14;0;0;0;0;0;0;0;0;0;0;0;0;0;0;0;0;0;0
FR;9;2022-03-15;0;0;0;0;0;0;0;0;0;0;0;0;0;0;0;0;0;0
FR;9;2022-03-16;0;0;0;0;0;0;0;0;0;0;0;0;0;0;0;0;0;0
FR;9;2022-03-17;0;0;0;0;0;0;0;0;0;0;0;0;0;0;0;0;0;0
FR;9;2022-03-18;0;0;0;0;0;0;0;0;0;0;0;0;0;0;0;0;0;0
FR;9;2022-03-19;0;0;0;0;0;0;0;0;0;0;0;0;0;0;0;0;0;0
FR;9;2022-03-20;0;0;0;0;0;0;0;0;0;0;0;0;0;0;0;0;0;0
FR;9;2022-03-21;0;0;0;0;0;0;0;0;0;0;0;0;0;0;0;0;0;0
FR;9;2022-03-22;0;0;0;0;0;0;0;0;0;0;0;0;0;0;0;0;0;0
FR;9;2022-03-23;0;0;0;0;0;0;0;0;0;0;0;0;0;0;0;0;0;0
FR;9;2022-03-24;0;0;0;0;0;0;0;0;0;0;0;0;0;0;0;0;0;0
FR;9;2022-03-25;0;0;0;0;0;0;0;0;0;0;0;0;0;0;0;0;0;0
FR;9;2022-03-26;0;0;0;0;0;0;0;0;0;0;0;0;0;0;0;0;0;0
FR;9;2022-03-27;0;0;0;0;0;0;0;0;0;0;0;0;0;0;0;0;0;0
FR;9;2022-03-28;0;0;0;0;0;0;0;0;0;0;0;0;0;0;0;0;0;0
FR;9;2022-03-29;0;0;0;0;0;0;0;0;0;0;0;0;0;0;0;0;0;0
FR;9;2022-03-30;0;0;0;0;0;0;0;0;0;0;0;0;0;0;0;0;0;0
FR;9;2022-03-31;0;0;0;0;0;0;0;0;0;0;0;0;0;0;0;0;0;0
FR;9;2022-04-01;0;0;0;0;0;0;0;0;0;0;0;0;0;0;0;0;0;0
FR;9;2022-04-02;0;0;0;0;0;0;0;0;0;0;0;0;0;0;0;0;0;0
FR;9;2022-04-03;0;0;0;0;0;0;0;0;0;0;0;0;0;0;0;0;0;0
FR;9;2022-04-04;0;0;0;0;0;0;0;0;0;0;0;0;0;0;0;0;0;0
FR;9;2022-04-05;0;0;0;0;0;0;0;0;0;0;0;0;0;0;0;0;0;0
FR;9;2022-04-06;0;0;0;0;0;0;0;0;0;0;0;0;0;0;0;0;0;0
FR;9;2022-04-07;0;0;0;0;0;0;0;0;0;0;0;0;0;0;0;0;0;0
FR;9;2022-04-08;0;0;0;0;0;0;0;0;0;0;0;0;0;0;0;0;0;0
FR;9;2022-04-09;0;0;0;0;0;0;0;0;0;0;0;0;0;0;0;0;0;0
FR;9;2022-04-10;0;0;0;0;0;0;0;0;0;0;0;0;0;0;0;0;0;0
FR;9;2022-04-11;0;0;0;0;0;0;0;0;0;0;0;0;0;0;0;0;0;0
FR;9;2022-04-12;0;0;0;0;0;0;0;0;0;0;0;0;0;0;0;0;0;0
FR;9;2022-04-13;0;0;0;0;0;0;0;0;0;0;0;0;0;0;0;0;0;0
FR;9;2022-04-14;0;0;0;0;0;0;0;0;0;0;0;0;0;0;0;0;0;0
FR;9;2022-04-15;0;0;0;0;0;0;0;0;0;0;0;0;0;0;0;0;0;0
FR;9;2022-04-16;0;0;0;0;0;0;0;0;0;0;0;0;0;0;0;0;0;0
FR;9;2022-04-17;0;0;0;0;0;0;0;0;0;0;0;0;0;0;0;0;0;0
FR;9;2022-04-18;0;0;0;0;0;0;0;0;0;0;0;0;0;0;0;0;0;0
FR;9;2022-04-19;0;0;0;0;0;0;0;0;0;0;0;0;0;0;0;0;0;0
FR;9;2022-04-20;0;0;0;0;0;0;0;0;0;0;0;0;0;0;0;0;0;0
FR;9;2022-04-21;0;0;0;0;0;0;0;0;0;0;0;0;0;0;0;0;0;0
FR;9;2022-04-22;0;0;0;0;0;0;0;0;0;0;0;0;0;0;0;0;0;0
FR;9;2022-04-23;0;0;0;0;0;0;0;0;0;0;0;0;0;0;0;0;0;0
FR;9;2022-04-24;0;0;0;0;0;0;0;0;0;0;0;0;0;0;0;0;0;0
FR;9;2022-04-25;0;0;0;0;0;0;0;0;0;0;0;0;0;0;0;0;0;0
FR;9;2022-04-26;0;0;0;0;0;0;0;0;0;0;0;0;0;0;0;0;0;0
FR;9;2022-04-27;0;0;0;0;0;0;0;0;0;0;0;0;0;0;0;0;0;0
FR;9;2022-04-28;0;0;0;0;0;0;0;0;0;0;0;0;0;0;0;0;0;0
FR;9;2022-04-29;0;0;0;0;0;0;0;0;0;0;0;0;0;0;0;0;0;0
FR;9;2022-04-30;0;0;0;0;0;0;0;0;0;0;0;0;0;0;0;0;0;0
FR;9;2022-05-01;0;0;0;0;0;0;0;0;0;0;0;0;0;0;0;0;0;0
FR;9;2022-05-02;0;0;0;0;0;0;0;0;0;0;0;0;0;0;0;0;0;0
FR;9;2022-05-03;0;0;0;0;0;0;0;0;0;0;0;0;0;0;0;0;0;0
FR;9;2022-05-04;0;0;0;0;0;0;0;0;0;0;0;0;0;0;0;0;0;0
FR;9;2022-05-05;0;0;0;0;0;0;0;0;0;0;0;0;0;0;0;0;0;0
FR;9;2022-05-06;0;0;0;0;0;0;0;0;0;0;0;0;0;0;0;0;0;0
FR;9;2022-05-07;0;0;0;0;0;0;0;0;0;0;0;0;0;0;0;0;0;0
FR;9;2022-05-08;0;0;0;0;0;0;0;0;0;0;0;0;0;0;0;0;0;0
FR;9;2022-05-09;0;0;0;0;0;0;0;0;0;0;0;0;0;0;0;0;0;0
FR;9;2022-05-10;0;0;0;0;0;0;0;0;0;0;0;0;0;0;0;0;0;0
FR;9;2022-05-11;0;0;0;0;0;0;0;0;0;0;0;0;0;0;0;0;0;0
FR;9;2022-05-12;0;0;0;0;0;0;0;0;0;0;0;0;0;0;0;0;0;0
FR;9;2022-05-13;0;0;0;0;0;0;0;0;0;0;0;0;0;0;0;0;0;0
FR;9;2022-05-14;0;0;0;0;0;0;0;0;0;0;0;0;0;0;0;0;0;0
FR;9;2022-05-15;0;0;0;0;0;0;0;0;0;0;0;0;0;0;0;0;0;0
FR;9;2022-05-16;0;0;0;0;0;0;0;0;0;0;0;0;0;0;0;0;0;0
FR;9;2022-05-17;0;0;0;0;0;0;0;0;0;0;0;0;0;0;0;0;0;0
FR;9;2022-05-18;0;0;0;0;0;0;0;0;0;0;0;0;0;0;0;0;0;0
FR;9;2022-05-19;0;0;0;0;0;0;0;0;0;0;0;0;0;0;0;0;0;0
FR;9;2022-05-20;0;0;0;0;0;0;0;0;0;0;0;0;0;0;0;0;0;0
FR;9;2022-05-21;0;0;0;0;0;0;0;0;0;0;0;0;0;0;0;0;0;0
FR;9;2022-05-22;0;0;0;0;0;0;0;0;0;0;0;0;0;0;0;0;0;0
FR;9;2022-05-23;0;0;0;0;0;0;0;0;0;0;0;0;0;0;0;0;0;0
FR;9;2022-05-24;0;0;0;0;0;0;0;0;0;0;0;0;0;0;0;0;0;0
FR;9;2022-05-25;0;0;0;0;0;0;0;0;0;0;0;0;0;0;0;0;0;0
FR;9;2022-05-26;0;0;0;0;0;0;0;0;0;0;0;0;0;0;0;0;0;0
FR;9;2022-05-27;0;0;0;0;0;0;0;0;0;0;0;0;0;0;0;0;0;0
FR;9;2022-05-28;0;0;0;0;0;0;0;0;0;0;0;0;0;0;0;0;0;0
FR;9;2022-05-29;0;0;0;0;0;0;0;0;0;0;0;0;0;0;0;0;0;0
FR;9;2022-05-30;0;0;0;0;0;0;0;0;0;0;0;0;0;0;0;0;0;0
FR;9;2022-05-31;0;0;0;0;0;0;0;0;0;0;0;0;0;0;0;0;0;0
FR;9;2022-06-01;0;0;0;0;0;0;0;0;0;0;0;0;0;0;0;0;0;0
FR;9;2022-06-02;0;0;0;0;0;0;0;0;0;0;0;0;0;0;0;0;0;0
FR;9;2022-06-03;0;0;0;0;0;0;0;0;0;0;0;0;0;0;0;0;0;0
FR;9;2022-06-04;0;0;0;0;0;0;0;0;0;0;0;0;0;0;0;0;0;0
FR;9;2022-06-05;0;0;0;0;0;0;0;0;0;0;0;0;0;0;0;0;0;0
FR;9;2022-06-06;0;0;0;0;0;0;0;0;0;0;0;0;0;0;0;0;0;0
FR;9;2022-06-07;0;0;0;0;0;0;0;0;0;0;0;0;0;0;0;0;0;0
FR;9;2022-06-08;0;0;0;0;0;0;0;0;0;0;0;0;0;0;0;0;0;0
FR;9;2022-06-09;0;0;0;0;0;0;0;0;0;0;0;0;0;0;0;0;0;0
FR;9;2022-06-10;0;0;0;0;0;0;0;0;0;0;0;0;0;0;0;0;0;0
FR;9;2022-06-11;0;0;0;0;0;0;0;0;0;0;0;0;0;0;0;0;0;0
FR;9;2022-06-12;0;0;0;0;0;0;0;0;0;0;0;0;0;0;0;0;0;0
FR;9;2022-06-13;0;0;0;0;0;0;0;0;0;0;0;0;0;0;0;0;0;0
FR;9;2022-06-14;0;0;0;0;0;0;0;0;0;0;0;0;0;0;0;0;0;0
FR;9;2022-06-15;0;0;0;0;0;0;0;0;0;0;0;0;0;0;0;0;0;0
FR;9;2022-06-16;0;0;0;0;0;0;0;0;0;0;0;0;0;0;0;0;0;0
FR;9;2022-06-17;0;0;0;0;0;0;0;0;0;0;0;0;0;0;0;0;0;0
FR;9;2022-06-18;0;0;0;0;0;0;0;0;0;0;0;0;0;0;0;0;0;0
FR;9;2022-06-19;0;0;0;0;0;0;0;0;0;0;0;0;0;0;0;0;0;0
FR;9;2022-06-20;0;0;0;0;0;0;0;0;0;0;0;0;0;0;0;0;0;0
FR;9;2022-06-21;0;0;0;0;0;0;0;0;0;0;0;0;0;0;0;0;0;0
FR;9;2022-06-22;0;0;0;0;0;0;0;0;0;0;0;0;0;0;0;0;0;0
FR;9;2022-06-23;0;0;0;0;0;0;0;0;0;0;0;0;0;0;0;0;0;0
FR;9;2022-06-24;0;0;0;0;0;0;0;0;0;0;0;0;0;0;0;0;0;0
FR;9;2022-06-25;0;0;0;0;0;0;0;0;0;0;0;0;0;0;0;0;0;0
FR;9;2022-06-26;0;0;0;0;0;0;0;0;0;0;0;0;0;0;0;0;0;0
FR;9;2022-06-27;0;0;0;0;0;0;0;0;0;0;0;0;0;0;0;0;0;0
FR;9;2022-06-28;0;0;0;0;0;0;0;0;0;0;0;0;0;0;0;0;0;0
FR;9;2022-06-29;0;0;0;0;0;0;0;0;0;0;0;0;0;0;0;0;0;0
FR;9;2022-06-30;0;0;0;0;0;0;0;0;0;0;0;0;0;0;0;0;0;0
FR;9;2022-07-01;0;0;0;0;0;0;0;0;0;0;0;0;0;0;0;0;0;0
FR;9;2022-07-02;0;0;0;0;0;0;0;0;0;0;0;0;0;0;0;0;0;0
FR;9;2022-07-03;0;0;0;0;0;0;0;0;0;0;0;0;0;0;0;0;0;0
FR;9;2022-07-04;0;0;0;0;0;0;0;0;0;0;0;0;0;0;0;0;0;0
FR;9;2022-07-05;0;0;0;0;0;0;0;0;0;0;0;0;0;0;0;0;0;0
FR;9;2022-07-06;0;0;0;0;0;0;0;0;0;0;0;0;0;0;0;0;0;0
FR;9;2022-07-07;0;0;0;0;0;0;0;0;0;0;0;0;0;0;0;0;0;0
FR;9;2022-07-08;0;0;0;0;0;0;0;0;0;0;0;0;0;0;0;0;0;0
FR;9;2022-07-09;0;0;0;0;0;0;0;0;0;0;0;0;0;0;0;0;0;0
FR;9;2022-07-10;0;0;0;0;0;0;0;0;0;0;0;0;0;0;0;0;0;0
FR;9;2022-07-11;0;0;0;0;0;0;0;0;0;0;0;0;0;0;0;0;0;0
FR;9;2022-07-12;0;0;0;0;0;0;0;0;0;0;0;0;0;0;0;0;0;0
FR;9;2022-07-13;0;0;0;0;0;0;0;0;0;0;0;0;0;0;0;0;0;0
FR;9;2022-07-14;0;0;0;0;0;0;0;0;0;0;0;0;0;0;0;0;0;0
FR;9;2022-07-15;0;0;0;0;0;0;0;0;0;0;0;0;0;0;0;0;0;0
FR;9;2022-07-16;0;0;0;0;0;0;0;0;0;0;0;0;0;0;0;0;0;0
FR;9;2022-07-17;0;0;0;0;0;0;0;0;0;0;0;0;0;0;0;0;0;0
FR;9;2022-07-18;0;0;0;0;0;0;0;0;0;0;0;0;0;0;0;0;0;0
FR;9;2022-07-19;0;0;0;0;0;0;0;0;0;0;0;0;0;0;0;0;0;0
FR;9;2022-07-20;0;0;0;0;0;0;0;0;0;0;0;0;0;0;0;0;0;0
FR;9;2022-07-21;0;0;0;0;0;0;0;0;0;0;0;0;0;0;0;0;0;0
FR;9;2022-07-22;0;0;0;0;0;0;0;0;0;0;0;0;0;0;0;0;0;0
FR;9;2022-07-23;0;0;0;0;0;0;0;0;0;0;0;0;0;0;0;0;0;0
FR;9;2022-07-24;0;0;0;0;0;0;0;0;0;0;0;0;0;0;0;0;0;0
FR;9;2022-07-25;0;0;0;0;0;0;0;0;0;0;0;0;0;0;0;0;0;0
FR;9;2022-07-26;0;0;0;0;0;0;0;0;0;0;0;0;0;0;0;0;0;0
FR;9;2022-07-27;0;0;0;0;0;0;0;0;0;0;0;0;0;0;0;0;0;0
FR;9;2022-07-28;0;0;0;0;0;0;0;0;0;0;0;0;0;0;0;0;0;0
FR;9;2022-07-29;0;0;0;0;0;0;0;0;0;0;0;0;0;0;0;0;0;0
FR;9;2022-07-30;0;0;0;0;0;0;0;0;0;0;0;0;0;0;0;0;0;0
FR;9;2022-07-31;0;0;0;0;0;0;0;0;0;0;0;0;0;0;0;0;0;0
FR;9;2022-08-01;0;0;0;0;0;0;0;0;0;0;0;0;0;0;0;0;0;0
FR;9;2022-08-02;0;0;0;0;0;0;0;0;0;0;0;0;0;0;0;0;0;0
FR;9;2022-08-03;0;0;0;0;0;0;0;0;0;0;0;0;0;0;0;0;0;0
FR;9;2022-08-04;0;0;0;0;0;0;0;0;0;0;0;0;0;0;0;0;0;0
FR;9;2022-08-05;0;0;0;0;0;0;0;0;0;0;0;0;0;0;0;0;0;0
FR;9;2022-08-06;0;0;0;0;0;0;0;0;0;0;0;0;0;0;0;0;0;0
FR;9;2022-08-07;0;0;0;0;0;0;0;0;0;0;0;0;0;0;0;0;0;0
FR;9;2022-08-08;0;0;0;0;0;0;0;0;0;0;0;0;0;0;0;0;0;0
FR;9;2022-08-09;0;0;0;0;0;0;0;0;0;0;0;0;0;0;0;0;0;0
FR;9;2022-08-10;0;0;0;0;0;0;0;0;0;0;0;0;0;0;0;0;0;0
FR;9;2022-08-11;0;0;0;0;0;0;0;0;0;0;0;0;0;0;0;0;0;0
FR;9;2022-08-12;0;0;0;0;0;0;0;0;0;0;0;0;0;0;0;0;0;0
FR;9;2022-08-13;0;0;0;0;0;0;0;0;0;0;0;0;0;0;0;0;0;0
FR;9;2022-08-14;0;0;0;0;0;0;0;0;0;0;0;0;0;0;0;0;0;0
FR;9;2022-08-15;0;0;0;0;0;0;0;0;0;0;0;0;0;0;0;0;0;0
FR;9;2022-08-16;0;0;0;0;0;0;0;0;0;0;0;0;0;0;0;0;0;0
FR;9;2022-08-17;0;0;0;0;0;0;0;0;0;0;0;0;0;0;0;0;0;0
FR;9;2022-08-18;0;0;0;0;0;0;0;0;0;0;0;0;0;0;0;0;0;0
FR;9;2022-08-19;0;0;0;0;0;0;0;0;0;0;0;0;0;0;0;0;0;0
FR;9;2022-08-20;0;0;0;0;0;0;0;0;0;0;0;0;0;0;0;0;0;0
FR;9;2022-08-21;0;0;0;0;0;0;0;0;0;0;0;0;0;0;0;0;0;0
FR;9;2022-08-22;0;0;0;0;0;0;0;0;0;0;0;0;0;0;0;0;0;0
FR;9;2022-08-23;0;0;0;0;0;0;0;0;0;0;0;0;0;0;0;0;0;0
FR;9;2022-08-24;0;0;0;0;0;0;0;0;0;0;0;0;0;0;0;0;0;0
FR;9;2022-08-25;0;0;0;0;0;0;0;0;0;0;0;0;0;0;0;0;0;0
FR;9;2022-08-26;0;0;0;0;0;0;0;0;0;0;0;0;0;0;0;0;0;0
FR;9;2022-08-27;0;0;0;0;0;0;0;0;0;0;0;0;0;0;0;0;0;0
FR;9;2022-08-28;0;0;0;0;0;0;0;0;0;0;0;0;0;0;0;0;0;0
FR;9;2022-08-29;0;0;0;0;0;0;0;0;0;0;0;0;0;0;0;0;0;0
FR;9;2022-08-30;0;0;0;0;0;0;0;0;0;0;0;0;0;0;0;0;0;0
FR;9;2022-08-31;0;0;0;0;0;0;0;0;0;0;0;0;0;0;0;0;0;0
FR;9;2022-09-01;0;0;0;0;0;0;0;0;0;0;0;0;0;0;0;0;0;0
FR;9;2022-09-02;0;0;0;0;0;0;0;0;0;0;0;0;0;0;0;0;0;0
FR;9;2022-09-03;0;0;0;0;0;0;0;0;0;0;0;0;0;0;0;0;0;0
FR;9;2022-09-04;0;0;0;0;0;0;0;0;0;0;0;0;0;0;0;0;0;0
FR;9;2022-09-05;0;0;0;0;0;0;0;0;0;0;0;0;0;0;0;0;0;0
FR;9;2022-09-06;0;0;0;0;0;0;0;0;0;0;0;0;0;0;0;0;0;0
FR;9;2022-09-07;0;0;0;0;0;0;0;0;0;0;0;0;0;0;0;0;0;0
FR;9;2022-09-08;0;0;0;0;0;0;0;0;0;0;0;0;0;0;0;0;0;0
FR;9;2022-09-09;0;0;0;0;0;0;0;0;0;0;0;0;0;0;0;0;0;0
FR;9;2022-09-10;0;0;0;0;0;0;0;0;0;0;0;0;0;0;0;0;0;0
FR;9;2022-09-11;0;0;0;0;0;0;0;0;0;0;0;0;0;0;0;0;0;0
FR;9;2022-09-12;0;0;0;0;0;0;0;0;0;0;0;0;0;0;0;0;0;0
FR;9;2022-09-13;0;0;0;0;0;0;0;0;0;0;0;0;0;0;0;0;0;0
FR;9;2022-09-14;0;0;0;0;0;0;0;0;0;0;0;0;0;0;0;0;0;0
FR;9;2022-09-15;0;0;0;0;0;0;0;0;0;0;0;0;0;0;0;0;0;0
FR;9;2022-09-16;0;0;0;0;0;0;0;0;0;0;0;0;0;0;0;0;0;0
FR;9;2022-09-17;0;0;0;0;0;0;0;0;0;0;0;0;0;0;0;0;0;0
FR;9;2022-09-18;0;0;0;0;0;0;0;0;0;0;0;0;0;0;0;0;0;0
FR;9;2022-09-19;0;0;0;0;0;0;0;0;0;0;0;0;0;0;0;0;0;0
FR;9;2022-09-20;0;0;0;0;0;0;0;0;0;0;0;0;0;0;0;0;0;0
FR;9;2022-09-21;0;0;0;0;0;0;0;0;0;0;0;0;0;0;0;0;0;0
FR;9;2022-09-22;0;0;0;0;0;0;0;0;0;0;0;0;0;0;0;0;0;0
FR;9;2022-09-23;0;0;0;0;0;0;0;0;0;0;0;0;0;0;0;0;0;0
FR;9;2022-09-24;0;0;0;0;0;0;0;0;0;0;0;0;0;0;0;0;0;0
FR;9;2022-09-25;0;0;0;0;0;0;0;0;0;0;0;0;0;0;0;0;0;0
FR;9;2022-09-26;0;0;0;0;0;0;0;0;0;0;0;0;0;0;0;0;0;0
FR;9;2022-09-27;0;0;0;0;0;0;0;0;0;0;0;0;0;0;0;0;0;0
FR;9;2022-09-28;0;0;0;0;0;0;0;0;0;0;0;0;0;0;0;0;0;0
FR;9;2022-09-29;1;1;8;33;0;6;35;43;2;1;1;8;33;0;6;35;43;2
FR;9;2022-09-30;5;12;60;606;6;47;613;713;51;6;13;68;639;6;53;648;756;53
FR;9;2022-10-01;10;1;43;327;2;26;335;396;35;16;14;111;966;8;79;983;1152;88
FR;9;2022-10-02;1;1;5;50;0;4;51;66;11;17;15;116;1016;8;83;1034;1218;99
FR;9;2022-10-03;10;17;151;1714;11;129;1708;2074;234;27;32;267;2730;19;212;2742;3292;333
FR;9;2022-10-04;21;48;353;3952;18;228;4020;4702;450;48;80;620;6682;37;440;6762;7994;783
FR;9;2022-10-05;28;20;269;2997;17;203;3010;3655;433;76;100;889;9679;54;643;9772;11649;1216
FR;9;2022-10-06;23;35;400;4598;18;301;4631;5609;672;99;135;1289;14277;72;944;14403;17258;1888
FR;9;2022-10-07;29;50;499;5705;19;384;5719;7028;923;128;185;1788;19982;91;1328;20122;24286;2811
FR;9;2022-10-08;10;18;128;1090;8;86;1108;1389;191;138;203;1916;21072;99;1414;21230;25675;3002
FR;9;2022-10-09;1;7;22;197;1;29;198;277;50;139;210;1938;21269;100;1443;21428;25952;3052
FR;9;2022-10-10;11;26;207;2572;14;181;2576;3296;533;150;236;2145;23841;114;1624;24004;29248;3585
FR;9;2022-10-11;31;40;424;5043;27;312;5024;6197;851;181;276;2569;28884;141;1936;29028;35445;4436
FR;9;2022-10-12;22;26;297;2987;16;212;3044;3830;572;203;302;2866;31871;157;2148;32072;39275;5008
FR;9;2022-10-13;25;42;374;3980;16;245;4036;5027;740;228;344;3240;35851;173;2393;36108;44302;5748
FR;9;2022-10-14;27;26;381;4430;12;293;4414;5556;838;255;370;3621;40281;185;2686;40522;49858;6586
FR;9;2022-10-15;14;8;101;1052;7;79;1029;1308;198;269;378;3722;41333;192;2765;41551;51166;6784
FR;9;2022-10-16;4;1;9;132;2;12;126;168;28;273;379;3731;41465;194;2777;41677;51334;6812
FR;9;2022-10-17;4;22;165;1875;11;127;1883;2492;475;277;401;3896;43340;205;2904;43560;53826;7287
FR;9;2022-10-18;36;28;316;3430;17;235;3454;4661;963;313;429;4212;46770;222;3139;47014;58487;8250
FR;9;2022-10-19;22;19;262;2687;17;174;2717;3725;819;335;448;4474;49457;239;3313;49731;62212;9069
FR;9;2022-10-20;22;22;308;3628;8;233;3639;4813;933;357;470;4782;53085;247;3546;53370;67025;10002
FR;9;2022-10-21;14;31;325;3532;10;228;3554;4655;865;371;501;5107;56617;257;3774;56924;71680;10867
FR;9;2022-10-22;10;11;90;914;8;62;919;1193;207;381;512;5197;57531;265;3836;57843;72873;11074
FR;9;2022-10-23;2;2;17;99;2;10;104;147;33;383;514;5214;57630;267;3846;57947;73020;11107
FR;9;2022-10-24;7;17;159;1363;6;106;1434;1942;397;390;531;5373;58993;273;3952;59381;74962;11504
FR;9;2022-10-25;18;22;228;2837;16;188;2847;3919;881;408;553;5601;61830;289;4140;62228;78881;12385
FR;9;2022-10-26;14;16;169;1799;13;123;1812;2525;588;422;569;5770;63629;302;4263;64040;81406;12973
FR;9;2022-10-27;9;26;230;2291;15;173;2324;3170;662;431;595;6000;65920;317;4436;66364;84576;13635
FR;9;2022-10-28;18;27;224;2277;17;151;2303;3142;681;449;622;6224;68197;334;4587;68667;87718;14316
FR;9;2022-10-29;12;8;55;505;5;46;496;662;119;461;630;6279;68702;339;4633;69163;88380;14435
FR;9;2022-10-30;2;1;8;58;1;8;58;82;16;463;631;6287;68760;340;4641;69221;88462;14451
FR;9;2022-10-31;13;7;105;660;9;59;695;996;240;476;638;6392;69420;349;4700;69916;89458;14691
FR;9;2022-11-01;1;1;15;43;0;11;49;71;11;477;639;6407;69463;349;4711;69965;89529;14702
FR;9;2022-11-02;7;12;102;1027;4;76;1045;1577;452;484;651;6509;70490;353;4787;71010;91106;15154
FR;9;2022-11-03;17;18;157;1599;16;92;1647;2348;599;501;669;6666;72089;369;4879;72657;93454;15753
FR;9;2022-11-04;21;19;193;1748;15;120;1797;2533;611;522;688;6859;73837;384;4999;74454;95987;16364
FR;9;2022-11-05;8;10;58;403;9;39;424;573;107;530;698;6917;74240;393;5038;74878;96560;16471
FR;9;2022-11-06;5;4;5;62;6;2;61;88;25;535;702;6922;74302;399;5040;74939;96648;16496
FR;9;2022-11-07;16;19;88;925;16;109;934;1473;424;551;721;7010;75227;415;5149;75873;98121;16920
FR;9;2022-11-08;10;19;170;1815;13;137;1808;2652;702;561;740;7180;77042;428;5286;77681;100773;17622
FR;9;2022-11-09;16;16;123;1261;9;98;1322;1878;453;577;756;7303;78303;437;5384;79003;102651;18075
FR;9;2022-11-10;13;21;162;1622;13;137;1620;2279;518;590;777;7465;79925;450;5521;80623;104930;18593
FR;9;2022-11-11;1;1;13;81;1;6;83;123;34;591;778;7478;80006;451;5527;80706;105053;18627
FR;9;2022-11-12;5;8;44;259;7;19;278;395;97;596;786;7522;80265;458;5546;80984;105448;18724
FR;9;2022-11-13;2;0;4;30;0;4;31;51;16;598;786;7526;80295;458;5550;81015;105499;18740
FR;9;2022-11-14;11;12;56;707;11;44;722;1107;338;609;798;7582;81002;469;5594;81737;106606;19078
FR;9;2022-11-15;18;16;146;1324;7;103;1331;2078;638;627;814;7728;82326;476;5697;83068;108684;19716
FR;9;2022-11-16;10;5;99;979;8;58;997;1490;431;637;819;7827;83305;484;5755;84065;110174;20147
FR;9;2022-11-17;9;17;126;1083;11;78;1108;1692;501;646;836;7953;84388;495;5833;85173;111866;20648
FR;9;2022-11-18;7;16;119;1440;5;77;1455;2026;492;653;852;8072;85828;500;5910;86628;113892;21140
FR;9;2022-11-19;3;5;50;364;1;27;351;489;106;656;857;8122;86192;501;5937;86979;114381;21246
FR;9;2022-11-20;1;0;5;37;0;3;35;54;16;657;857;8127;86229;501;5940;87014;114435;21262
FR;9;2022-11-21;9;12;66;636;5;51;639;960;263;666;869;8193;86865;506;5991;87653;115395;21525
FR;9;2022-11-22;15;12;121;1037;13;74;1067;1592;449;681;881;8314;87902;519;6065;88720;116987;21974
FR;9;2022-11-23;7;10;69;731;5;33;758;1160;364;688;891;8383;88633;524;6098;89478;118147;22338
FR;9;2022-11-24;8;19;93;979;14;68;992;1472;406;696;910;8476;89612;538;6166;90470;119619;22744
FR;9;2022-11-25;8;10;106;1174;8;81;1190;1747;475;704;920;8582;90786;546;6247;91660;121366;23219
FR;9;2022-11-26;6;6;35;217;7;24;214;310;68;710;926;8617;91003;553;6271;91874;121676;23287
FR;9;2022-11-27;1;1;6;42;0;2;46;82;34;711;927;8623;91045;553;6273;91920;121758;23321
FR;9;2022-11-28;5;7;102;697;7;59;726;1125;335;716;934;8725;91742;560;6332;92646;122883;23656
FR;9;2022-11-29;6;18;140;1299;6;89;1325;1939;520;722;952;8865;93041;566;6421;93971;124822;24176
FR;9;2022-11-30;9;12;99;1026;5;76;1049;1600;470;731;964;8964;94067;571;6497;95020;126422;24646
FR;9;2022-12-01;16;14;111;1330;8;80;1315;1939;540;747;978;9075;95397;579;6577;96335;128361;25186
FR;9;2022-12-02;10;13;193;1816;10;107;1817;2630;700;757;991;9268;97213;589;6684;98152;130991;25886
FR;9;2022-12-03;7;9;79;619;5;41;632;887;208;764;1000;9347;97832;594;6725;98784;131878;26094
FR;9;2022-12-04;9;4;15;105;5;8;105;153;40;773;1004;9362;97937;599;6733;98889;132031;26134
FR;9;2022-12-05;19;24;144;1405;17;98;1420;2109;584;792;1028;9506;99342;616;6831;100309;134140;26718
FR;9;2022-12-06;30;21;262;2441;21;147;2535;3798;1097;822;1049;9768;101783;637;6978;102844;137938;27815
FR;9;2022-12-07;15;22;181;1848;20;112;1890;2824;814;837;1071;9949;103631;657;7090;104734;140762;28629
FR;9;2022-12-08;13;22;222;2393;15;125;2456;3683;1085;850;1093;10171;106024;672;7215;107190;144445;29714
FR;9;2022-12-09;14;25;287;2885;10;143;2983;4334;1200;864;1118;10458;108909;682;7358;110173;148779;30914
FR;9;2022-12-10;12;12;122;1319;4;56;1342;1813;409;876;1130;10580;110228;686;7414;111515;150592;31323
FR;9;2022-12-11;5;4;21;277;5;10;283;363;66;881;1134;10601;110505;691;7424;111798;150955;31389
FR;9;2022-12-12;17;13;215;1957;12;108;2031;2889;745;898;1147;10816;112462;703;7532;113829;153844;32134
FR;9;2022-12-13;27;22;317;3081;14;151;3217;4715;1336;925;1169;11133;115543;717;7683;117046;158559;33470
FR;9;2022-12-14;15;10;189;2331;8;94;2399;3499;989;940;1179;11322;117874;725;7777;119445;162058;34459
FR;9;2022-12-15;17;24;256;2609;13;137;2680;4064;1236;957;1203;11578;120483;738;7914;122125;166122;35695
FR;9;2022-12-16;15;29;294;3072;21;165;3155;4603;1274;972;1232;11872;123555;759;8079;125280;170725;36969
FR;9;2022-12-17;8;11;106;1191;6;50;1206;1662;402;980;1243;11978;124746;765;8129;126486;172387;37371
FR;9;2022-12-18;1;7;30;245;6;14;251;333;67;981;1250;12008;124991;771;8143;126737;172720;37438
FR;9;2022-12-19;20;21;149;1599;15;78;1631;2507;789;1001;1271;12157;126590;786;8221;128368;175227;38227
FR;9;2022-12-20;21;19;232;2306;6;115;2349;3708;1233;1022;1290;12389;128896;792;8336;130717;178935;39460
FR;9;2022-12-21;6;14;139;1501;7;66;1554;2402;775;1028;1304;12528;130397;799;8402;132271;181337;40235
FR;9;2022-12-22;18;8;136;1400;8;78;1417;2118;615;1046;1312;12664;131797;807;8480;133688;183455;40850
FR;9;2022-12-23;11;14;76;727;8;50;729;1090;305;1057;1326;12740;132524;815;8530;134417;184545;41155
FR;9;2022-12-24;1;5;12;96;4;5;98;137;34;1058;1331;12752;132620;819;8535;134515;184682;41189
FR;9;2022-12-25;1;0;5;5;0;4;6;12;2;1059;1331;12757;132625;819;8539;134521;184694;41191
FR;9;2022-12-26;17;8;64;547;11;37;554;829;235;1076;1339;12821;133172;830;8576;135075;185523;41426
FR;9;2022-12-27;12;30;97;882;14;69;917;1422;430;1088;1369;12918;134054;844;8645;135992;186945;41856
FR;9;2022-12-28;7;9;82;747;8;40;766;1182;371;1095;1378;13000;134801;852;8685;136758;188127;42227
FR;9;2022-12-29;9;14;92;720;10;51;753;1134;323;1104;1392;13092;135521;862;8736;137511;189261;42550
FR;9;2022-12-30;12;17;76;592;9;46;612;898;237;1116;1409;13168;136113;871;8782;138123;190159;42787
FR;9;2022-12-31;2;3;17;136;2;12;139;190;38;1118;1412;13185;136249;873;8794;138262;190349;42825
FR;9;2023-01-01;0;2;3;19;1;4;19;31;8;1118;1414;13188;136268;874;8798;138281;190380;42833
FR;9;2023-01-02;10;11;56;591;4;40;584;948;320;1128;1425;13244;136859;878;8838;138865;191328;43153
FR;9;2023-01-03;17;18;119;1075;18;74;1098;1936;749;1145;1443;13363;137934;896;8912;139963;193264;43902
FR;9;2023-01-04;21;18;113;846;8;73;898;1609;633;1166;1461;13476;138780;904;8985;140861;194873;44535
FR;9;2023-01-05;5;20;115;1053;11;65;1084;2040;881;1171;1481;13591;139833;915;9050;141945;196913;45416
FR;9;2023-01-06;11;17;151;1367;3;73;1383;2403;936;1182;1498;13742;141200;918;9123;143328;199316;46352
FR;9;2023-01-07;6;13;58;436;14;36;427;687;220;1188;1511;13800;141636;932;9159;143755;200003;46572
FR;9;2023-01-08;3;8;15;92;7;11;91;136;32;1191;1519;13815;141728;939;9170;143846;200139;46604
FR;9;2023-01-09;16;14;87;622;9;61;614;1273;585;1207;1533;13902;142350;948;9231;144460;201412;47189
FR;9;2023-01-10;13;12;154;978;11;74;1032;1989;871;1220;1545;14056;143328;959;9305;145492;203401;48060
FR;9;2023-01-11;19;9;71;677;10;47;686;1380;641;1239;1554;14127;144005;969;9352;146178;204781;48701
FR;9;2023-01-12;20;9;92;844;3;77;822;1687;775;1259;1563;14219;144849;972;9429;147000;206468;49476
FR;9;2023-01-13;15;18;104;874;11;73;893;1705;724;1274;1581;14323;145723;983;9502;147893;208173;50200
FR;9;2023-01-14;6;6;50;294;2;28;299;580;247;1280;1587;14373;146017;985;9530;148192;208753;50447
FR;9;2023-01-15;1;3;15;37;0;9;41;82;32;1281;1590;14388;146054;985;9539;148233;208835;50479
FR;9;2023-01-16;4;15;54;366;13;24;383;784;370;1285;1605;14442;146420;998;9563;148616;209619;50849
FR;9;2023-01-17;7;9;83;561;4;49;575;1238;605;1292;1614;14525;146981;1002;9612;149191;210857;51454
FR;9;2023-01-18;7;14;35;376;6;30;393;827;397;1299;1628;14560;147357;1008;9642;149584;211684;51851
FR;9;2023-01-19;10;9;56;470;8;30;475;1077;562;1309;1637;14616;147827;1016;9672;150059;212761;52413
FR;9;2023-01-20;15;18;95;575;16;56;591;1184;533;1324;1655;14711;148402;1032;9728;150650;213945;52946
FR;9;2023-01-21;8;15;20;190;11;13;188;345;140;1332;1670;14731;148592;1043;9741;150838;214290;53086
FR;9;2023-01-22;0;0;8;20;0;5;21;42;16;1332;1670;14739;148612;1043;9746;150859;214332;53102
FR;9;2023-01-23;4;14;27;253;8;25;242;563;287;1336;1684;14766;148865;1051;9771;151101;214895;53389
FR;9;2023-01-24;11;10;69;460;9;42;482;1160;633;1347;1694;14835;149325;1060;9813;151583;216055;54022
FR;9;2023-01-25;11;20;49;324;8;47;335;797;410;1358;1714;14884;149649;1068;9860;151918;216852;54432
FR;9;2023-01-26;6;15;60;378;6;47;379;890;455;1364;1729;14944;150027;1074;9907;152297;217742;54887
FR;9;2023-01-27;4;7;58;373;3;31;389;869;434;1368;1736;15002;150400;1077;9938;152686;218611;55321
FR;9;2023-01-28;3;6;30;127;5;27;119;263;115;1371;1742;15032;150527;1082;9965;152805;218874;55436
FR;9;2023-01-29;3;0;3;18;2;1;17;40;22;1374;1742;15035;150545;1084;9966;152822;218914;55458
FR;9;2023-01-30;3;6;31;190;5;11;209;499;272;1377;1748;15066;150735;1089;9977;153031;219413;55730
FR;9;2023-01-31;13;7;38;255;8;18;260;639;353;1390;1755;15104;150990;1097;9995;153291;220052;56083
FR;9;2023-02-01;4;6;24;164;3;18;171;436;238;1394;1761;15128;151154;1100;10013;153462;220488;56321
FR;9;2023-02-02;4;4;31;247;4;23;229;634;368;1398;1765;15159;151401;1104;10036;153691;221122;56689
FR;10;2020-12-27;0;0;0;0;0;0;0;0;0;0;0;0;0;0;0;0;0;0
FR;10;2020-12-28;0;0;0;0;0;0;0;0;0;0;0;0;0;0;0;0;0;0
FR;10;2020-12-29;0;0;0;0;0;0;0;0;0;0;0;0;0;0;0;0;0;0
FR;10;2020-12-30;0;0;0;0;0;0;0;0;0;0;0;0;0;0;0;0;0;0
FR;10;2020-12-31;0;0;0;0;0;0;0;0;0;0;0;0;0;0;0;0;0;0
FR;10;2021-01-01;0;0;0;0;0;0;0;0;0;0;0;0;0;0;0;0;0;0
FR;10;2021-01-02;0;0;0;0;0;0;0;0;0;0;0;0;0;0;0;0;0;0
FR;10;2021-01-03;0;0;0;0;0;0;0;0;0;0;0;0;0;0;0;0;0;0
FR;10;2021-01-04;0;0;0;0;0;0;0;0;0;0;0;0;0;0;0;0;0;0
FR;10;2021-01-05;0;0;0;0;0;0;0;0;0;0;0;0;0;0;0;0;0;0
FR;10;2021-01-06;0;0;0;0;0;0;0;0;0;0;0;0;0;0;0;0;0;0
FR;10;2021-01-07;0;0;0;0;0;0;0;0;0;0;0;0;0;0;0;0;0;0
FR;10;2021-01-08;0;0;0;0;0;0;0;0;0;0;0;0;0;0;0;0;0;0
FR;10;2021-01-09;0;0;0;0;0;0;0;0;0;0;0;0;0;0;0;0;0;0
FR;10;2021-01-10;0;0;0;0;0;0;0;0;0;0;0;0;0;0;0;0;0;0
FR;10;2021-01-11;0;0;0;0;0;0;0;0;0;0;0;0;0;0;0;0;0;0
FR;10;2021-01-12;0;0;0;0;0;0;0;0;0;0;0;0;0;0;0;0;0;0
FR;10;2021-01-13;0;0;0;0;0;0;0;0;0;0;0;0;0;0;0;0;0;0
FR;10;2021-01-14;0;0;0;0;0;0;0;0;0;0;0;0;0;0;0;0;0;0
FR;10;2021-01-15;0;0;0;0;0;0;0;0;0;0;0;0;0;0;0;0;0;0
FR;10;2021-01-16;0;0;0;0;0;0;0;0;0;0;0;0;0;0;0;0;0;0
FR;10;2021-01-17;0;0;0;0;0;0;0;0;0;0;0;0;0;0;0;0;0;0
FR;10;2021-01-18;0;0;0;0;0;0;0;0;0;0;0;0;0;0;0;0;0;0
FR;10;2021-01-19;0;0;0;0;0;0;0;0;0;0;0;0;0;0;0;0;0;0
FR;10;2021-01-20;0;0;0;0;0;0;0;0;0;0;0;0;0;0;0;0;0;0
FR;10;2021-01-21;0;0;0;0;0;0;0;0;0;0;0;0;0;0;0;0;0;0
FR;10;2021-01-22;0;0;0;0;0;0;0;0;0;0;0;0;0;0;0;0;0;0
FR;10;2021-01-23;0;0;0;0;0;0;0;0;0;0;0;0;0;0;0;0;0;0
FR;10;2021-01-24;0;0;0;0;0;0;0;0;0;0;0;0;0;0;0;0;0;0
FR;10;2021-01-25;0;0;0;0;0;0;0;0;0;0;0;0;0;0;0;0;0;0
FR;10;2021-01-26;0;0;0;0;0;0;0;0;0;0;0;0;0;0;0;0;0;0
FR;10;2021-01-27;0;0;0;0;0;0;0;0;0;0;0;0;0;0;0;0;0;0
FR;10;2021-01-28;0;0;0;0;0;0;0;0;0;0;0;0;0;0;0;0;0;0
FR;10;2021-01-29;0;0;0;0;0;0;0;0;0;0;0;0;0;0;0;0;0;0
FR;10;2021-01-30;0;0;0;0;0;0;0;0;0;0;0;0;0;0;0;0;0;0
FR;10;2021-01-31;0;0;0;0;0;0;0;0;0;0;0;0;0;0;0;0;0;0
FR;10;2021-02-01;0;0;0;0;0;0;0;0;0;0;0;0;0;0;0;0;0;0
FR;10;2021-02-02;0;0;0;0;0;0;0;0;0;0;0;0;0;0;0;0;0;0
FR;10;2021-02-03;0;0;0;0;0;0;0;0;0;0;0;0;0;0;0;0;0;0
FR;10;2021-02-04;0;0;0;0;0;0;0;0;0;0;0;0;0;0;0;0;0;0
FR;10;2021-02-05;0;0;0;0;0;0;0;0;0;0;0;0;0;0;0;0;0;0
FR;10;2021-02-06;0;0;0;0;0;0;0;0;0;0;0;0;0;0;0;0;0;0
FR;10;2021-02-07;0;0;0;0;0;0;0;0;0;0;0;0;0;0;0;0;0;0
FR;10;2021-02-08;0;0;0;0;0;0;0;0;0;0;0;0;0;0;0;0;0;0
FR;10;2021-02-09;0;0;0;0;0;0;0;0;0;0;0;0;0;0;0;0;0;0
FR;10;2021-02-10;0;0;0;0;0;0;0;0;0;0;0;0;0;0;0;0;0;0
FR;10;2021-02-11;0;0;0;0;0;0;0;0;0;0;0;0;0;0;0;0;0;0
FR;10;2021-02-12;0;0;0;0;0;0;0;0;0;0;0;0;0;0;0;0;0;0
FR;10;2021-02-13;0;0;0;0;0;0;0;0;0;0;0;0;0;0;0;0;0;0
FR;10;2021-02-14;0;0;0;0;0;0;0;0;0;0;0;0;0;0;0;0;0;0
FR;10;2021-02-15;0;0;0;0;0;0;0;0;0;0;0;0;0;0;0;0;0;0
FR;10;2021-02-16;0;0;0;0;0;0;0;0;0;0;0;0;0;0;0;0;0;0
FR;10;2021-02-17;0;0;0;0;0;0;0;0;0;0;0;0;0;0;0;0;0;0
FR;10;2021-02-18;0;0;0;0;0;0;0;0;0;0;0;0;0;0;0;0;0;0
FR;10;2021-02-19;0;0;0;0;0;0;0;0;0;0;0;0;0;0;0;0;0;0
FR;10;2021-02-20;0;0;0;0;0;0;0;0;0;0;0;0;0;0;0;0;0;0
FR;10;2021-02-21;0;0;0;0;0;0;0;0;0;0;0;0;0;0;0;0;0;0
FR;10;2021-02-22;0;0;0;0;0;0;0;0;0;0;0;0;0;0;0;0;0;0
FR;10;2021-02-23;0;0;0;0;0;0;0;0;0;0;0;0;0;0;0;0;0;0
FR;10;2021-02-24;0;0;0;0;0;0;0;0;0;0;0;0;0;0;0;0;0;0
FR;10;2021-02-25;0;0;0;0;0;0;0;0;0;0;0;0;0;0;0;0;0;0
FR;10;2021-02-26;0;0;0;0;0;0;0;0;0;0;0;0;0;0;0;0;0;0
FR;10;2021-02-27;0;0;0;0;0;0;0;0;0;0;0;0;0;0;0;0;0;0
FR;10;2021-02-28;0;0;0;0;0;0;0;0;0;0;0;0;0;0;0;0;0;0
FR;10;2021-03-01;0;0;0;0;0;0;0;0;0;0;0;0;0;0;0;0;0;0
FR;10;2021-03-02;0;0;0;0;0;0;0;0;0;0;0;0;0;0;0;0;0;0
FR;10;2021-03-03;0;0;0;0;0;0;0;0;0;0;0;0;0;0;0;0;0;0
FR;10;2021-03-04;0;0;0;0;0;0;0;0;0;0;0;0;0;0;0;0;0;0
FR;10;2021-03-05;0;0;0;0;0;0;0;0;0;0;0;0;0;0;0;0;0;0
FR;10;2021-03-06;0;0;0;0;0;0;0;0;0;0;0;0;0;0;0;0;0;0
FR;10;2021-03-07;0;0;0;0;0;0;0;0;0;0;0;0;0;0;0;0;0;0
FR;10;2021-03-08;0;0;0;0;0;0;0;0;0;0;0;0;0;0;0;0;0;0
FR;10;2021-03-09;0;0;0;0;0;0;0;0;0;0;0;0;0;0;0;0;0;0
FR;10;2021-03-10;0;0;0;0;0;0;0;0;0;0;0;0;0;0;0;0;0;0
FR;10;2021-03-11;0;0;0;0;0;0;0;0;0;0;0;0;0;0;0;0;0;0
FR;10;2021-03-12;0;0;0;0;0;0;0;0;0;0;0;0;0;0;0;0;0;0
FR;10;2021-03-13;0;0;0;0;0;0;0;0;0;0;0;0;0;0;0;0;0;0
FR;10;2021-03-14;0;0;0;0;0;0;0;0;0;0;0;0;0;0;0;0;0;0
FR;10;2021-03-15;0;0;0;0;0;0;0;0;0;0;0;0;0;0;0;0;0;0
FR;10;2021-03-16;0;0;0;0;0;0;0;0;0;0;0;0;0;0;0;0;0;0
FR;10;2021-03-17;0;0;0;0;0;0;0;0;0;0;0;0;0;0;0;0;0;0
FR;10;2021-03-18;0;0;0;0;0;0;0;0;0;0;0;0;0;0;0;0;0;0
FR;10;2021-03-19;0;0;0;0;0;0;0;0;0;0;0;0;0;0;0;0;0;0
FR;10;2021-03-20;0;0;0;0;0;0;0;0;0;0;0;0;0;0;0;0;0;0
FR;10;2021-03-21;0;0;0;0;0;0;0;0;0;0;0;0;0;0;0;0;0;0
FR;10;2021-03-22;0;0;0;0;0;0;0;0;0;0;0;0;0;0;0;0;0;0
FR;10;2021-03-23;0;0;0;0;0;0;0;0;0;0;0;0;0;0;0;0;0;0
FR;10;2021-03-24;0;0;0;0;0;0;0;0;0;0;0;0;0;0;0;0;0;0
FR;10;2021-03-25;0;0;0;0;0;0;0;0;0;0;0;0;0;0;0;0;0;0
FR;10;2021-03-26;0;0;0;0;0;0;0;0;0;0;0;0;0;0;0;0;0;0
FR;10;2021-03-27;0;0;0;0;0;0;0;0;0;0;0;0;0;0;0;0;0;0
FR;10;2021-03-28;0;0;0;0;0;0;0;0;0;0;0;0;0;0;0;0;0;0
FR;10;2021-03-29;0;0;0;0;0;0;0;0;0;0;0;0;0;0;0;0;0;0
FR;10;2021-03-30;0;0;0;0;0;0;0;0;0;0;0;0;0;0;0;0;0;0
FR;10;2021-03-31;0;0;0;0;0;0;0;0;0;0;0;0;0;0;0;0;0;0
FR;10;2021-04-01;0;0;0;0;0;0;0;0;0;0;0;0;0;0;0;0;0;0
FR;10;2021-04-02;0;0;0;0;0;0;0;0;0;0;0;0;0;0;0;0;0;0
FR;10;2021-04-03;0;0;0;0;0;0;0;0;0;0;0;0;0;0;0;0;0;0
FR;10;2021-04-04;0;0;0;0;0;0;0;0;0;0;0;0;0;0;0;0;0;0
FR;10;2021-04-05;0;0;0;0;0;0;0;0;0;0;0;0;0;0;0;0;0;0
FR;10;2021-04-06;0;0;0;0;0;0;0;0;0;0;0;0;0;0;0;0;0;0
FR;10;2021-04-07;0;0;0;0;0;0;0;0;0;0;0;0;0;0;0;0;0;0
FR;10;2021-04-08;0;0;0;0;0;0;0;0;0;0;0;0;0;0;0;0;0;0
FR;10;2021-04-09;0;0;0;0;0;0;0;0;0;0;0;0;0;0;0;0;0;0
FR;10;2021-04-10;0;0;0;0;0;0;0;0;0;0;0;0;0;0;0;0;0;0
FR;10;2021-04-11;0;0;0;0;0;0;0;0;0;0;0;0;0;0;0;0;0;0
FR;10;2021-04-12;0;0;0;0;0;0;0;0;0;0;0;0;0;0;0;0;0;0
FR;10;2021-04-13;0;0;0;0;0;0;0;0;0;0;0;0;0;0;0;0;0;0
FR;10;2021-04-14;0;0;0;0;0;0;0;0;0;0;0;0;0;0;0;0;0;0
FR;10;2021-04-15;0;0;0;0;0;0;0;0;0;0;0;0;0;0;0;0;0;0
FR;10;2021-04-16;0;0;0;0;0;0;0;0;0;0;0;0;0;0;0;0;0;0
FR;10;2021-04-17;0;0;0;0;0;0;0;0;0;0;0;0;0;0;0;0;0;0
FR;10;2021-04-18;0;0;0;0;0;0;0;0;0;0;0;0;0;0;0;0;0;0
FR;10;2021-04-19;0;0;0;0;0;0;0;0;0;0;0;0;0;0;0;0;0;0
FR;10;2021-04-20;0;0;0;0;0;0;0;0;0;0;0;0;0;0;0;0;0;0
FR;10;2021-04-21;0;0;0;0;0;0;0;0;0;0;0;0;0;0;0;0;0;0
FR;10;2021-04-22;0;0;0;0;0;0;0;0;0;0;0;0;0;0;0;0;0;0
FR;10;2021-04-23;0;0;0;0;0;0;0;0;0;0;0;0;0;0;0;0;0;0
FR;10;2021-04-24;0;0;0;0;0;0;0;0;0;0;0;0;0;0;0;0;0;0
FR;10;2021-04-25;0;0;0;0;0;0;0;0;0;0;0;0;0;0;0;0;0;0
FR;10;2021-04-26;0;0;0;0;0;0;0;0;0;0;0;0;0;0;0;0;0;0
FR;10;2021-04-27;0;0;0;0;0;0;0;0;0;0;0;0;0;0;0;0;0;0
FR;10;2021-04-28;0;0;0;0;0;0;0;0;0;0;0;0;0;0;0;0;0;0
FR;10;2021-04-29;0;0;0;0;0;0;0;0;0;0;0;0;0;0;0;0;0;0
FR;10;2021-04-30;0;0;0;0;0;0;0;0;0;0;0;0;0;0;0;0;0;0
FR;10;2021-05-01;0;0;0;0;0;0;0;0;0;0;0;0;0;0;0;0;0;0
FR;10;2021-05-02;0;0;0;0;0;0;0;0;0;0;0;0;0;0;0;0;0;0
FR;10;2021-05-03;0;0;0;0;0;0;0;0;0;0;0;0;0;0;0;0;0;0
FR;10;2021-05-04;0;0;0;0;0;0;0;0;0;0;0;0;0;0;0;0;0;0
FR;10;2021-05-05;0;0;0;0;0;0;0;0;0;0;0;0;0;0;0;0;0;0
FR;10;2021-05-06;0;0;0;0;0;0;0;0;0;0;0;0;0;0;0;0;0;0
FR;10;2021-05-07;0;0;0;0;0;0;0;0;0;0;0;0;0;0;0;0;0;0
FR;10;2021-05-08;0;0;0;0;0;0;0;0;0;0;0;0;0;0;0;0;0;0
FR;10;2021-05-09;0;0;0;0;0;0;0;0;0;0;0;0;0;0;0;0;0;0
FR;10;2021-05-10;0;0;0;0;0;0;0;0;0;0;0;0;0;0;0;0;0;0
FR;10;2021-05-11;0;0;0;0;0;0;0;0;0;0;0;0;0;0;0;0;0;0
FR;10;2021-05-12;0;0;0;0;0;0;0;0;0;0;0;0;0;0;0;0;0;0
FR;10;2021-05-13;0;0;0;0;0;0;0;0;0;0;0;0;0;0;0;0;0;0
FR;10;2021-05-14;0;0;0;0;0;0;0;0;0;0;0;0;0;0;0;0;0;0
FR;10;2021-05-15;0;0;0;0;0;0;0;0;0;0;0;0;0;0;0;0;0;0
FR;10;2021-05-16;0;0;0;0;0;0;0;0;0;0;0;0;0;0;0;0;0;0
FR;10;2021-05-17;0;0;0;0;0;0;0;0;0;0;0;0;0;0;0;0;0;0
FR;10;2021-05-18;0;0;0;0;0;0;0;0;0;0;0;0;0;0;0;0;0;0
FR;10;2021-05-19;0;0;0;0;0;0;0;0;0;0;0;0;0;0;0;0;0;0
FR;10;2021-05-20;0;0;0;0;0;0;0;0;0;0;0;0;0;0;0;0;0;0
FR;10;2021-05-21;0;0;0;0;0;0;0;0;0;0;0;0;0;0;0;0;0;0
FR;10;2021-05-22;0;0;0;0;0;0;0;0;0;0;0;0;0;0;0;0;0;0
FR;10;2021-05-23;0;0;0;0;0;0;0;0;0;0;0;0;0;0;0;0;0;0
FR;10;2021-05-24;0;0;0;0;0;0;0;0;0;0;0;0;0;0;0;0;0;0
FR;10;2021-05-25;0;0;0;0;0;0;0;0;0;0;0;0;0;0;0;0;0;0
FR;10;2021-05-26;0;0;0;0;0;0;0;0;0;0;0;0;0;0;0;0;0;0
FR;10;2021-05-27;0;0;0;0;0;0;0;0;0;0;0;0;0;0;0;0;0;0
FR;10;2021-05-28;0;0;0;0;0;0;0;0;0;0;0;0;0;0;0;0;0;0
FR;10;2021-05-29;0;0;0;0;0;0;0;0;0;0;0;0;0;0;0;0;0;0
FR;10;2021-05-30;0;0;0;0;0;0;0;0;0;0;0;0;0;0;0;0;0;0
FR;10;2021-05-31;0;0;0;0;0;0;0;0;0;0;0;0;0;0;0;0;0;0
FR;10;2021-06-01;0;0;0;0;0;0;0;0;0;0;0;0;0;0;0;0;0;0
FR;10;2021-06-02;0;0;0;0;0;0;0;0;0;0;0;0;0;0;0;0;0;0
FR;10;2021-06-03;0;0;0;0;0;0;0;0;0;0;0;0;0;0;0;0;0;0
FR;10;2021-06-04;0;0;0;0;0;0;0;0;0;0;0;0;0;0;0;0;0;0
FR;10;2021-06-05;0;0;0;0;0;0;0;0;0;0;0;0;0;0;0;0;0;0
FR;10;2021-06-06;0;0;0;0;0;0;0;0;0;0;0;0;0;0;0;0;0;0
FR;10;2021-06-07;0;0;0;0;0;0;0;0;0;0;0;0;0;0;0;0;0;0
FR;10;2021-06-08;0;0;0;0;0;0;0;0;0;0;0;0;0;0;0;0;0;0
FR;10;2021-06-09;0;0;0;0;0;0;0;0;0;0;0;0;0;0;0;0;0;0
FR;10;2021-06-10;0;0;0;0;0;0;0;0;0;0;0;0;0;0;0;0;0;0
FR;10;2021-06-11;0;0;0;0;0;0;0;0;0;0;0;0;0;0;0;0;0;0
FR;10;2021-06-12;0;0;0;0;0;0;0;0;0;0;0;0;0;0;0;0;0;0
FR;10;2021-06-13;0;0;0;0;0;0;0;0;0;0;0;0;0;0;0;0;0;0
FR;10;2021-06-14;0;0;0;0;0;0;0;0;0;0;0;0;0;0;0;0;0;0
FR;10;2021-06-15;0;0;0;0;0;0;0;0;0;0;0;0;0;0;0;0;0;0
FR;10;2021-06-16;0;0;0;0;0;0;0;0;0;0;0;0;0;0;0;0;0;0
FR;10;2021-06-17;0;0;0;0;0;0;0;0;0;0;0;0;0;0;0;0;0;0
FR;10;2021-06-18;0;0;0;0;0;0;0;0;0;0;0;0;0;0;0;0;0;0
FR;10;2021-06-19;0;0;0;0;0;0;0;0;0;0;0;0;0;0;0;0;0;0
FR;10;2021-06-20;0;0;0;0;0;0;0;0;0;0;0;0;0;0;0;0;0;0
FR;10;2021-06-21;0;0;0;0;0;0;0;0;0;0;0;0;0;0;0;0;0;0
FR;10;2021-06-22;0;0;0;0;0;0;0;0;0;0;0;0;0;0;0;0;0;0
FR;10;2021-06-23;0;0;0;0;0;0;0;0;0;0;0;0;0;0;0;0;0;0
FR;10;2021-06-24;0;0;0;0;0;0;0;0;0;0;0;0;0;0;0;0;0;0
FR;10;2021-06-25;0;0;0;0;0;0;0;0;0;0;0;0;0;0;0;0;0;0
FR;10;2021-06-26;0;0;0;0;0;0;0;0;0;0;0;0;0;0;0;0;0;0
FR;10;2021-06-27;0;0;0;0;0;0;0;0;0;0;0;0;0;0;0;0;0;0
FR;10;2021-06-28;0;0;0;0;0;0;0;0;0;0;0;0;0;0;0;0;0;0
FR;10;2021-06-29;0;0;0;0;0;0;0;0;0;0;0;0;0;0;0;0;0;0
FR;10;2021-06-30;0;0;0;0;0;0;0;0;0;0;0;0;0;0;0;0;0;0
FR;10;2021-07-01;0;0;0;0;0;0;0;0;0;0;0;0;0;0;0;0;0;0
FR;10;2021-07-02;0;0;0;0;0;0;0;0;0;0;0;0;0;0;0;0;0;0
FR;10;2021-07-03;0;0;0;0;0;0;0;0;0;0;0;0;0;0;0;0;0;0
FR;10;2021-07-04;0;0;0;0;0;0;0;0;0;0;0;0;0;0;0;0;0;0
FR;10;2021-07-05;0;0;0;0;0;0;0;0;0;0;0;0;0;0;0;0;0;0
FR;10;2021-07-06;0;0;0;0;0;0;0;0;0;0;0;0;0;0;0;0;0;0
FR;10;2021-07-07;0;0;0;0;0;0;0;0;0;0;0;0;0;0;0;0;0;0
FR;10;2021-07-08;0;0;0;0;0;0;0;0;0;0;0;0;0;0;0;0;0;0
FR;10;2021-07-09;0;0;0;0;0;0;0;0;0;0;0;0;0;0;0;0;0;0
FR;10;2021-07-10;0;0;0;0;0;0;0;0;0;0;0;0;0;0;0;0;0;0
FR;10;2021-07-11;0;0;0;0;0;0;0;0;0;0;0;0;0;0;0;0;0;0
FR;10;2021-07-12;0;0;0;0;0;0;0;0;0;0;0;0;0;0;0;0;0;0
FR;10;2021-07-13;0;0;0;0;0;0;0;0;0;0;0;0;0;0;0;0;0;0
FR;10;2021-07-14;0;0;0;0;0;0;0;0;0;0;0;0;0;0;0;0;0;0
FR;10;2021-07-15;0;0;0;0;0;0;0;0;0;0;0;0;0;0;0;0;0;0
FR;10;2021-07-16;0;0;0;0;0;0;0;0;0;0;0;0;0;0;0;0;0;0
FR;10;2021-07-17;0;0;0;0;0;0;0;0;0;0;0;0;0;0;0;0;0;0
FR;10;2021-07-18;0;0;0;0;0;0;0;0;0;0;0;0;0;0;0;0;0;0
FR;10;2021-07-19;0;0;0;0;0;0;0;0;0;0;0;0;0;0;0;0;0;0
FR;10;2021-07-20;0;0;0;0;0;0;0;0;0;0;0;0;0;0;0;0;0;0
FR;10;2021-07-21;0;0;0;0;0;0;0;0;0;0;0;0;0;0;0;0;0;0
FR;10;2021-07-22;0;0;0;0;0;0;0;0;0;0;0;0;0;0;0;0;0;0
FR;10;2021-07-23;0;0;0;0;0;0;0;0;0;0;0;0;0;0;0;0;0;0
FR;10;2021-07-24;0;0;0;0;0;0;0;0;0;0;0;0;0;0;0;0;0;0
FR;10;2021-07-25;0;0;0;0;0;0;0;0;0;0;0;0;0;0;0;0;0;0
FR;10;2021-07-26;0;0;0;0;0;0;0;0;0;0;0;0;0;0;0;0;0;0
FR;10;2021-07-27;0;0;0;0;0;0;0;0;0;0;0;0;0;0;0;0;0;0
FR;10;2021-07-28;0;0;0;0;0;0;0;0;0;0;0;0;0;0;0;0;0;0
FR;10;2021-07-29;0;0;0;0;0;0;0;0;0;0;0;0;0;0;0;0;0;0
FR;10;2021-07-30;0;0;0;0;0;0;0;0;0;0;0;0;0;0;0;0;0;0
FR;10;2021-07-31;0;0;0;0;0;0;0;0;0;0;0;0;0;0;0;0;0;0
FR;10;2021-08-01;0;0;0;0;0;0;0;0;0;0;0;0;0;0;0;0;0;0
FR;10;2021-08-02;0;0;0;0;0;0;0;0;0;0;0;0;0;0;0;0;0;0
FR;10;2021-08-03;0;0;0;0;0;0;0;0;0;0;0;0;0;0;0;0;0;0
FR;10;2021-08-04;0;0;0;0;0;0;0;0;0;0;0;0;0;0;0;0;0;0
FR;10;2021-08-05;0;0;0;0;0;0;0;0;0;0;0;0;0;0;0;0;0;0
FR;10;2021-08-06;0;0;0;0;0;0;0;0;0;0;0;0;0;0;0;0;0;0
FR;10;2021-08-07;0;0;0;0;0;0;0;0;0;0;0;0;0;0;0;0;0;0
FR;10;2021-08-08;0;0;0;0;0;0;0;0;0;0;0;0;0;0;0;0;0;0
FR;10;2021-08-09;0;0;0;0;0;0;0;0;0;0;0;0;0;0;0;0;0;0
FR;10;2021-08-10;0;0;0;0;0;0;0;0;0;0;0;0;0;0;0;0;0;0
FR;10;2021-08-11;0;0;0;0;0;0;0;0;0;0;0;0;0;0;0;0;0;0
FR;10;2021-08-12;0;0;0;0;0;0;0;0;0;0;0;0;0;0;0;0;0;0
FR;10;2021-08-13;0;0;0;0;0;0;0;0;0;0;0;0;0;0;0;0;0;0
FR;10;2021-08-14;0;0;0;0;0;0;0;0;0;0;0;0;0;0;0;0;0;0
FR;10;2021-08-15;0;0;0;0;0;0;0;0;0;0;0;0;0;0;0;0;0;0
FR;10;2021-08-16;0;0;0;0;0;0;0;0;0;0;0;0;0;0;0;0;0;0
FR;10;2021-08-17;0;0;0;0;0;0;0;0;0;0;0;0;0;0;0;0;0;0
FR;10;2021-08-18;0;0;0;0;0;0;0;0;0;0;0;0;0;0;0;0;0;0
FR;10;2021-08-19;0;0;0;0;0;0;0;0;0;0;0;0;0;0;0;0;0;0
FR;10;2021-08-20;0;0;0;0;0;0;0;0;0;0;0;0;0;0;0;0;0;0
FR;10;2021-08-21;0;0;0;0;0;0;0;0;0;0;0;0;0;0;0;0;0;0
FR;10;2021-08-22;0;0;0;0;0;0;0;0;0;0;0;0;0;0;0;0;0;0
FR;10;2021-08-23;0;0;0;0;0;0;0;0;0;0;0;0;0;0;0;0;0;0
FR;10;2021-08-24;0;0;0;0;0;0;0;0;0;0;0;0;0;0;0;0;0;0
FR;10;2021-08-25;0;0;0;0;0;0;0;0;0;0;0;0;0;0;0;0;0;0
FR;10;2021-08-26;0;0;0;0;0;0;0;0;0;0;0;0;0;0;0;0;0;0
FR;10;2021-08-27;0;0;0;0;0;0;0;0;0;0;0;0;0;0;0;0;0;0
FR;10;2021-08-28;0;0;0;0;0;0;0;0;0;0;0;0;0;0;0;0;0;0
FR;10;2021-08-29;0;0;0;0;0;0;0;0;0;0;0;0;0;0;0;0;0;0
FR;10;2021-08-30;0;0;0;0;0;0;0;0;0;0;0;0;0;0;0;0;0;0
FR;10;2021-08-31;0;0;0;0;0;0;0;0;0;0;0;0;0;0;0;0;0;0
FR;10;2021-09-01;0;0;0;0;0;0;0;0;0;0;0;0;0;0;0;0;0;0
FR;10;2021-09-02;0;0;0;0;0;0;0;0;0;0;0;0;0;0;0;0;0;0
FR;10;2021-09-03;0;0;0;0;0;0;0;0;0;0;0;0;0;0;0;0;0;0
FR;10;2021-09-04;0;0;0;0;0;0;0;0;0;0;0;0;0;0;0;0;0;0
FR;10;2021-09-05;0;0;0;0;0;0;0;0;0;0;0;0;0;0;0;0;0;0
FR;10;2021-09-06;0;0;0;0;0;0;0;0;0;0;0;0;0;0;0;0;0;0
FR;10;2021-09-07;0;0;0;0;0;0;0;0;0;0;0;0;0;0;0;0;0;0
FR;10;2021-09-08;0;0;0;0;0;0;0;0;0;0;0;0;0;0;0;0;0;0
FR;10;2021-09-09;0;0;0;0;0;0;0;0;0;0;0;0;0;0;0;0;0;0
FR;10;2021-09-10;0;0;0;0;0;0;0;0;0;0;0;0;0;0;0;0;0;0
FR;10;2021-09-11;0;0;0;0;0;0;0;0;0;0;0;0;0;0;0;0;0;0
FR;10;2021-09-12;0;0;0;0;0;0;0;0;0;0;0;0;0;0;0;0;0;0
FR;10;2021-09-13;0;0;0;0;0;0;0;0;0;0;0;0;0;0;0;0;0;0
FR;10;2021-09-14;0;0;0;0;0;0;0;0;0;0;0;0;0;0;0;0;0;0
FR;10;2021-09-15;0;0;0;0;0;0;0;0;0;0;0;0;0;0;0;0;0;0
FR;10;2021-09-16;0;0;0;0;0;0;0;0;0;0;0;0;0;0;0;0;0;0
FR;10;2021-09-17;0;0;0;0;0;0;0;0;0;0;0;0;0;0;0;0;0;0
FR;10;2021-09-18;0;0;0;0;0;0;0;0;0;0;0;0;0;0;0;0;0;0
FR;10;2021-09-19;0;0;0;0;0;0;0;0;0;0;0;0;0;0;0;0;0;0
FR;10;2021-09-20;0;0;0;0;0;0;0;0;0;0;0;0;0;0;0;0;0;0
FR;10;2021-09-21;0;0;0;0;0;0;0;0;0;0;0;0;0;0;0;0;0;0
FR;10;2021-09-22;0;0;0;0;0;0;0;0;0;0;0;0;0;0;0;0;0;0
FR;10;2021-09-23;0;0;0;0;0;0;0;0;0;0;0;0;0;0;0;0;0;0
FR;10;2021-09-24;0;0;0;0;0;0;0;0;0;0;0;0;0;0;0;0;0;0
FR;10;2021-09-25;0;0;0;0;0;0;0;0;0;0;0;0;0;0;0;0;0;0
FR;10;2021-09-26;0;0;0;0;0;0;0;0;0;0;0;0;0;0;0;0;0;0
FR;10;2021-09-27;0;0;0;0;0;0;0;0;0;0;0;0;0;0;0;0;0;0
FR;10;2021-09-28;0;0;0;0;0;0;0;0;0;0;0;0;0;0;0;0;0;0
FR;10;2021-09-29;0;0;0;0;0;0;0;0;0;0;0;0;0;0;0;0;0;0
FR;10;2021-09-30;0;0;0;0;0;0;0;0;0;0;0;0;0;0;0;0;0;0
FR;10;2021-10-01;0;0;0;0;0;0;0;0;0;0;0;0;0;0;0;0;0;0
FR;10;2021-10-02;0;0;0;0;0;0;0;0;0;0;0;0;0;0;0;0;0;0
FR;10;2021-10-03;0;0;0;0;0;0;0;0;0;0;0;0;0;0;0;0;0;0
FR;10;2021-10-04;0;0;0;0;0;0;0;0;0;0;0;0;0;0;0;0;0;0
FR;10;2021-10-05;0;0;0;0;0;0;0;0;0;0;0;0;0;0;0;0;0;0
FR;10;2021-10-06;0;0;0;0;0;0;0;0;0;0;0;0;0;0;0;0;0;0
FR;10;2021-10-07;0;0;0;0;0;0;0;0;0;0;0;0;0;0;0;0;0;0
FR;10;2021-10-08;0;0;0;0;0;0;0;0;0;0;0;0;0;0;0;0;0;0
FR;10;2021-10-09;0;0;0;0;0;0;0;0;0;0;0;0;0;0;0;0;0;0
FR;10;2021-10-10;0;0;0;0;0;0;0;0;0;0;0;0;0;0;0;0;0;0
FR;10;2021-10-11;0;0;0;0;0;0;0;0;0;0;0;0;0;0;0;0;0;0
FR;10;2021-10-12;0;0;0;0;0;0;0;0;0;0;0;0;0;0;0;0;0;0
FR;10;2021-10-13;0;0;0;0;0;0;0;0;0;0;0;0;0;0;0;0;0;0
FR;10;2021-10-14;0;0;0;0;0;0;0;0;0;0;0;0;0;0;0;0;0;0
FR;10;2021-10-15;0;0;0;0;0;0;0;0;0;0;0;0;0;0;0;0;0;0
FR;10;2021-10-16;0;0;0;0;0;0;0;0;0;0;0;0;0;0;0;0;0;0
FR;10;2021-10-17;0;0;0;0;0;0;0;0;0;0;0;0;0;0;0;0;0;0
FR;10;2021-10-18;0;0;0;0;0;0;0;0;0;0;0;0;0;0;0;0;0;0
FR;10;2021-10-19;0;0;0;0;0;0;0;0;0;0;0;0;0;0;0;0;0;0
FR;10;2021-10-20;0;0;0;0;0;0;0;0;0;0;0;0;0;0;0;0;0;0
FR;10;2021-10-21;0;0;0;0;0;0;0;0;0;0;0;0;0;0;0;0;0;0
FR;10;2021-10-22;0;0;0;0;0;0;0;0;0;0;0;0;0;0;0;0;0;0
FR;10;2021-10-23;0;0;0;0;0;0;0;0;0;0;0;0;0;0;0;0;0;0
FR;10;2021-10-24;0;0;0;0;0;0;0;0;0;0;0;0;0;0;0;0;0;0
FR;10;2021-10-25;0;0;0;0;0;0;0;0;0;0;0;0;0;0;0;0;0;0
FR;10;2021-10-26;0;0;0;0;0;0;0;0;0;0;0;0;0;0;0;0;0;0
FR;10;2021-10-27;0;0;0;0;0;0;0;0;0;0;0;0;0;0;0;0;0;0
FR;10;2021-10-28;0;0;0;0;0;0;0;0;0;0;0;0;0;0;0;0;0;0
FR;10;2021-10-29;0;0;0;0;0;0;0;0;0;0;0;0;0;0;0;0;0;0
FR;10;2021-10-30;0;0;0;0;0;0;0;0;0;0;0;0;0;0;0;0;0;0
FR;10;2021-10-31;0;0;0;0;0;0;0;0;0;0;0;0;0;0;0;0;0;0
FR;10;2021-11-01;0;0;0;0;0;0;0;0;0;0;0;0;0;0;0;0;0;0
FR;10;2021-11-02;0;0;0;0;0;0;0;0;0;0;0;0;0;0;0;0;0;0
FR;10;2021-11-03;0;0;0;0;0;0;0;0;0;0;0;0;0;0;0;0;0;0
FR;10;2021-11-04;0;0;0;0;0;0;0;0;0;0;0;0;0;0;0;0;0;0
FR;10;2021-11-05;0;0;0;0;0;0;0;0;0;0;0;0;0;0;0;0;0;0
FR;10;2021-11-06;0;0;0;0;0;0;0;0;0;0;0;0;0;0;0;0;0;0
FR;10;2021-11-07;0;0;0;0;0;0;0;0;0;0;0;0;0;0;0;0;0;0
FR;10;2021-11-08;0;0;0;0;0;0;0;0;0;0;0;0;0;0;0;0;0;0
FR;10;2021-11-09;0;0;0;0;0;0;0;0;0;0;0;0;0;0;0;0;0;0
FR;10;2021-11-10;0;0;0;0;0;0;0;0;0;0;0;0;0;0;0;0;0;0
FR;10;2021-11-11;0;0;0;0;0;0;0;0;0;0;0;0;0;0;0;0;0;0
FR;10;2021-11-12;0;0;0;0;0;0;0;0;0;0;0;0;0;0;0;0;0;0
FR;10;2021-11-13;0;0;0;0;0;0;0;0;0;0;0;0;0;0;0;0;0;0
FR;10;2021-11-14;0;0;0;0;0;0;0;0;0;0;0;0;0;0;0;0;0;0
FR;10;2021-11-15;0;0;0;0;0;0;0;0;0;0;0;0;0;0;0;0;0;0
FR;10;2021-11-16;0;0;0;0;0;0;0;0;0;0;0;0;0;0;0;0;0;0
FR;10;2021-11-17;0;0;0;0;0;0;0;0;0;0;0;0;0;0;0;0;0;0
FR;10;2021-11-18;0;0;0;0;0;0;0;0;0;0;0;0;0;0;0;0;0;0
FR;10;2021-11-19;0;0;0;0;0;0;0;0;0;0;0;0;0;0;0;0;0;0
FR;10;2021-11-20;0;0;0;0;0;0;0;0;0;0;0;0;0;0;0;0;0;0
FR;10;2021-11-21;0;0;0;0;0;0;0;0;0;0;0;0;0;0;0;0;0;0
FR;10;2021-11-22;0;0;0;0;0;0;0;0;0;0;0;0;0;0;0;0;0;0
FR;10;2021-11-23;0;0;0;0;0;0;0;0;0;0;0;0;0;0;0;0;0;0
FR;10;2021-11-24;0;0;0;0;0;0;0;0;0;0;0;0;0;0;0;0;0;0
FR;10;2021-11-25;0;0;0;0;0;0;0;0;0;0;0;0;0;0;0;0;0;0
FR;10;2021-11-26;0;0;0;0;0;0;0;0;0;0;0;0;0;0;0;0;0;0
FR;10;2021-11-27;0;0;0;0;0;0;0;0;0;0;0;0;0;0;0;0;0;0
FR;10;2021-11-28;0;0;0;0;0;0;0;0;0;0;0;0;0;0;0;0;0;0
FR;10;2021-11-29;0;0;0;0;0;0;0;0;0;0;0;0;0;0;0;0;0;0
FR;10;2021-11-30;0;0;0;0;0;0;0;0;0;0;0;0;0;0;0;0;0;0
FR;10;2021-12-01;0;0;0;0;0;0;0;0;0;0;0;0;0;0;0;0;0;0
FR;10;2021-12-02;0;0;0;0;0;0;0;0;0;0;0;0;0;0;0;0;0;0
FR;10;2021-12-03;0;0;0;0;0;0;0;0;0;0;0;0;0;0;0;0;0;0
FR;10;2021-12-04;0;0;0;0;0;0;0;0;0;0;0;0;0;0;0;0;0;0
FR;10;2021-12-05;0;0;0;0;0;0;0;0;0;0;0;0;0;0;0;0;0;0
FR;10;2021-12-06;0;0;0;0;0;0;0;0;0;0;0;0;0;0;0;0;0;0
FR;10;2021-12-07;0;0;0;0;0;0;0;0;0;0;0;0;0;0;0;0;0;0
FR;10;2021-12-08;0;0;0;0;0;0;0;0;0;0;0;0;0;0;0;0;0;0
FR;10;2021-12-09;0;0;0;0;0;0;0;0;0;0;0;0;0;0;0;0;0;0
FR;10;2021-12-10;0;0;0;0;0;0;0;0;0;0;0;0;0;0;0;0;0;0
FR;10;2021-12-11;0;0;0;0;0;0;0;0;0;0;0;0;0;0;0;0;0;0
FR;10;2021-12-12;0;0;0;0;0;0;0;0;0;0;0;0;0;0;0;0;0;0
FR;10;2021-12-13;0;0;0;0;0;0;0;0;0;0;0;0;0;0;0;0;0;0
FR;10;2021-12-14;0;0;0;0;0;0;0;0;0;0;0;0;0;0;0;0;0;0
FR;10;2021-12-15;0;0;0;0;0;0;0;0;0;0;0;0;0;0;0;0;0;0
FR;10;2021-12-16;0;0;0;0;0;0;0;0;0;0;0;0;0;0;0;0;0;0
FR;10;2021-12-17;0;0;0;0;0;0;0;0;0;0;0;0;0;0;0;0;0;0
FR;10;2021-12-18;0;0;0;0;0;0;0;0;0;0;0;0;0;0;0;0;0;0
FR;10;2021-12-19;0;0;0;0;0;0;0;0;0;0;0;0;0;0;0;0;0;0
FR;10;2021-12-20;0;0;0;0;0;0;0;0;0;0;0;0;0;0;0;0;0;0
FR;10;2021-12-21;0;0;0;0;0;0;0;0;0;0;0;0;0;0;0;0;0;0
FR;10;2021-12-22;0;0;0;0;0;0;0;0;0;0;0;0;0;0;0;0;0;0
FR;10;2021-12-23;0;0;0;0;0;0;0;0;0;0;0;0;0;0;0;0;0;0
FR;10;2021-12-24;0;0;0;0;0;0;0;0;0;0;0;0;0;0;0;0;0;0
FR;10;2021-12-25;0;0;0;0;0;0;0;0;0;0;0;0;0;0;0;0;0;0
FR;10;2021-12-26;0;0;0;0;0;0;0;0;0;0;0;0;0;0;0;0;0;0
FR;10;2021-12-27;0;0;0;0;0;0;0;0;0;0;0;0;0;0;0;0;0;0
FR;10;2021-12-28;0;0;0;0;0;0;0;0;0;0;0;0;0;0;0;0;0;0
FR;10;2021-12-29;0;0;0;0;0;0;0;0;0;0;0;0;0;0;0;0;0;0
FR;10;2021-12-30;0;0;0;0;0;0;0;0;0;0;0;0;0;0;0;0;0;0
FR;10;2021-12-31;0;0;0;0;0;0;0;0;0;0;0;0;0;0;0;0;0;0
FR;10;2022-01-01;0;0;0;0;0;0;0;0;0;0;0;0;0;0;0;0;0;0
FR;10;2022-01-02;0;0;0;0;0;0;0;0;0;0;0;0;0;0;0;0;0;0
FR;10;2022-01-03;0;0;0;0;0;0;0;0;0;0;0;0;0;0;0;0;0;0
FR;10;2022-01-04;0;0;0;0;0;0;0;0;0;0;0;0;0;0;0;0;0;0
FR;10;2022-01-05;0;0;0;0;0;0;0;0;0;0;0;0;0;0;0;0;0;0
FR;10;2022-01-06;0;0;0;0;0;0;0;0;0;0;0;0;0;0;0;0;0;0
FR;10;2022-01-07;0;0;0;0;0;0;0;0;0;0;0;0;0;0;0;0;0;0
FR;10;2022-01-08;0;0;0;0;0;0;0;0;0;0;0;0;0;0;0;0;0;0
FR;10;2022-01-09;0;0;0;0;0;0;0;0;0;0;0;0;0;0;0;0;0;0
FR;10;2022-01-10;0;0;0;0;0;0;0;0;0;0;0;0;0;0;0;0;0;0
FR;10;2022-01-11;0;0;0;0;0;0;0;0;0;0;0;0;0;0;0;0;0;0
FR;10;2022-01-12;0;0;0;0;0;0;0;0;0;0;0;0;0;0;0;0;0;0
FR;10;2022-01-13;0;0;0;0;0;0;0;0;0;0;0;0;0;0;0;0;0;0
FR;10;2022-01-14;0;0;0;0;0;0;0;0;0;0;0;0;0;0;0;0;0;0
FR;10;2022-01-15;0;0;0;0;0;0;0;0;0;0;0;0;0;0;0;0;0;0
FR;10;2022-01-16;0;0;0;0;0;0;0;0;0;0;0;0;0;0;0;0;0;0
FR;10;2022-01-17;0;0;0;0;0;0;0;0;0;0;0;0;0;0;0;0;0;0
FR;10;2022-01-18;0;0;0;0;0;0;0;0;0;0;0;0;0;0;0;0;0;0
FR;10;2022-01-19;0;0;0;0;0;0;0;0;0;0;0;0;0;0;0;0;0;0
FR;10;2022-01-20;0;0;0;0;0;0;0;0;0;0;0;0;0;0;0;0;0;0
FR;10;2022-01-21;0;0;0;0;0;0;0;0;0;0;0;0;0;0;0;0;0;0
FR;10;2022-01-22;0;0;0;0;0;0;0;0;0;0;0;0;0;0;0;0;0;0
FR;10;2022-01-23;0;0;0;0;0;0;0;0;0;0;0;0;0;0;0;0;0;0
FR;10;2022-01-24;0;0;0;0;0;0;0;0;0;0;0;0;0;0;0;0;0;0
FR;10;2022-01-25;0;0;0;0;0;0;0;0;0;0;0;0;0;0;0;0;0;0
FR;10;2022-01-26;0;0;0;0;0;0;0;0;0;0;0;0;0;0;0;0;0;0
FR;10;2022-01-27;0;0;0;0;0;0;0;0;0;0;0;0;0;0;0;0;0;0
FR;10;2022-01-28;0;0;0;0;0;0;0;0;0;0;0;0;0;0;0;0;0;0
FR;10;2022-01-29;0;0;0;0;0;0;0;0;0;0;0;0;0;0;0;0;0;0
FR;10;2022-01-30;0;0;0;0;0;0;0;0;0;0;0;0;0;0;0;0;0;0
FR;10;2022-01-31;0;0;0;0;0;0;0;0;0;0;0;0;0;0;0;0;0;0
FR;10;2022-02-01;0;0;0;0;0;0;0;0;0;0;0;0;0;0;0;0;0;0
FR;10;2022-02-02;0;0;0;0;0;0;0;0;0;0;0;0;0;0;0;0;0;0
FR;10;2022-02-03;0;0;0;0;0;0;0;0;0;0;0;0;0;0;0;0;0;0
FR;10;2022-02-04;0;0;0;0;0;0;0;0;0;0;0;0;0;0;0;0;0;0
FR;10;2022-02-05;0;0;0;0;0;0;0;0;0;0;0;0;0;0;0;0;0;0
FR;10;2022-02-06;0;0;0;0;0;0;0;0;0;0;0;0;0;0;0;0;0;0
FR;10;2022-02-07;0;0;0;0;0;0;0;0;0;0;0;0;0;0;0;0;0;0
FR;10;2022-02-08;0;0;0;0;0;0;0;0;0;0;0;0;0;0;0;0;0;0
FR;10;2022-02-09;0;0;0;0;0;0;0;0;0;0;0;0;0;0;0;0;0;0
FR;10;2022-02-10;0;0;0;0;0;0;0;0;0;0;0;0;0;0;0;0;0;0
FR;10;2022-02-11;0;0;0;0;0;0;0;0;0;0;0;0;0;0;0;0;0;0
FR;10;2022-02-12;0;0;0;0;0;0;0;0;0;0;0;0;0;0;0;0;0;0
FR;10;2022-02-13;0;0;0;0;0;0;0;0;0;0;0;0;0;0;0;0;0;0
FR;10;2022-02-14;0;0;0;0;0;0;0;0;0;0;0;0;0;0;0;0;0;0
FR;10;2022-02-15;0;0;0;0;0;0;0;0;0;0;0;0;0;0;0;0;0;0
FR;10;2022-02-16;0;0;0;0;0;0;0;0;0;0;0;0;0;0;0;0;0;0
FR;10;2022-02-17;0;0;0;0;0;0;0;0;0;0;0;0;0;0;0;0;0;0
FR;10;2022-02-18;0;0;0;0;0;0;0;0;0;0;0;0;0;0;0;0;0;0
FR;10;2022-02-19;0;0;0;0;0;0;0;0;0;0;0;0;0;0;0;0;0;0
FR;10;2022-02-20;0;0;0;0;0;0;0;0;0;0;0;0;0;0;0;0;0;0
FR;10;2022-02-21;0;0;0;0;0;0;0;0;0;0;0;0;0;0;0;0;0;0
FR;10;2022-02-22;0;0;0;0;0;0;0;0;0;0;0;0;0;0;0;0;0;0
FR;10;2022-02-23;0;0;0;0;0;0;0;0;0;0;0;0;0;0;0;0;0;0
FR;10;2022-02-24;0;0;0;0;0;0;0;0;0;0;0;0;0;0;0;0;0;0
FR;10;2022-02-25;0;0;0;0;0;0;0;0;0;0;0;0;0;0;0;0;0;0
FR;10;2022-02-26;0;0;0;0;0;0;0;0;0;0;0;0;0;0;0;0;0;0
FR;10;2022-02-27;0;0;0;0;0;0;0;0;0;0;0;0;0;0;0;0;0;0
FR;10;2022-02-28;0;0;0;0;0;0;0;0;0;0;0;0;0;0;0;0;0;0
FR;10;2022-03-01;0;0;0;0;0;0;0;0;0;0;0;0;0;0;0;0;0;0
FR;10;2022-03-02;0;0;0;0;0;0;0;0;0;0;0;0;0;0;0;0;0;0
FR;10;2022-03-03;0;0;0;0;0;0;0;0;0;0;0;0;0;0;0;0;0;0
FR;10;2022-03-04;0;0;0;0;0;0;0;0;0;0;0;0;0;0;0;0;0;0
FR;10;2022-03-05;0;0;0;0;0;0;0;0;0;0;0;0;0;0;0;0;0;0
FR;10;2022-03-06;0;0;0;0;0;0;0;0;0;0;0;0;0;0;0;0;0;0
FR;10;2022-03-07;0;0;0;0;0;0;0;0;0;0;0;0;0;0;0;0;0;0
FR;10;2022-03-08;0;0;0;0;0;0;0;0;0;0;0;0;0;0;0;0;0;0
FR;10;2022-03-09;0;0;0;0;0;0;0;0;0;0;0;0;0;0;0;0;0;0
FR;10;2022-03-10;0;0;0;0;0;0;0;0;0;0;0;0;0;0;0;0;0;0
FR;10;2022-03-11;0;0;0;0;0;0;0;0;0;0;0;0;0;0;0;0;0;0
FR;10;2022-03-12;0;0;0;0;0;0;0;0;0;0;0;0;0;0;0;0;0;0
FR;10;2022-03-13;0;0;0;0;0;0;0;0;0;0;0;0;0;0;0;0;0;0
FR;10;2022-03-14;0;0;0;0;0;0;0;0;0;0;0;0;0;0;0;0;0;0
FR;10;2022-03-15;0;0;0;0;0;0;0;0;0;0;0;0;0;0;0;0;0;0
FR;10;2022-03-16;0;0;0;0;0;0;0;0;0;0;0;0;0;0;0;0;0;0
FR;10;2022-03-17;0;0;0;0;0;0;0;0;0;0;0;0;0;0;0;0;0;0
FR;10;2022-03-18;0;0;0;0;0;0;0;0;0;0;0;0;0;0;0;0;0;0
FR;10;2022-03-19;0;0;0;0;0;0;0;0;0;0;0;0;0;0;0;0;0;0
FR;10;2022-03-20;0;0;0;0;0;0;0;0;0;0;0;0;0;0;0;0;0;0
FR;10;2022-03-21;0;0;0;0;0;0;0;0;0;0;0;0;0;0;0;0;0;0
FR;10;2022-03-22;0;0;0;0;0;0;0;0;0;0;0;0;0;0;0;0;0;0
FR;10;2022-03-23;0;0;0;0;0;0;0;0;0;0;0;0;0;0;0;0;0;0
FR;10;2022-03-24;0;0;0;0;0;0;0;0;0;0;0;0;0;0;0;0;0;0
FR;10;2022-03-25;0;0;0;0;0;0;0;0;0;0;0;0;0;0;0;0;0;0
FR;10;2022-03-26;0;0;0;0;0;0;0;0;0;0;0;0;0;0;0;0;0;0
FR;10;2022-03-27;0;0;0;0;0;0;0;0;0;0;0;0;0;0;0;0;0;0
FR;10;2022-03-28;0;0;0;0;0;0;0;0;0;0;0;0;0;0;0;0;0;0
FR;10;2022-03-29;0;0;0;0;0;0;0;0;0;0;0;0;0;0;0;0;0;0
FR;10;2022-03-30;0;0;0;0;0;0;0;0;0;0;0;0;0;0;0;0;0;0
FR;10;2022-03-31;0;0;0;0;0;0;0;0;0;0;0;0;0;0;0;0;0;0
FR;10;2022-04-01;0;0;0;0;0;0;0;0;0;0;0;0;0;0;0;0;0;0
FR;10;2022-04-02;0;0;0;0;0;0;0;0;0;0;0;0;0;0;0;0;0;0
FR;10;2022-04-03;0;0;0;0;0;0;0;0;0;0;0;0;0;0;0;0;0;0
FR;10;2022-04-04;0;0;0;0;0;0;0;0;0;0;0;0;0;0;0;0;0;0
FR;10;2022-04-05;0;0;0;0;0;0;0;0;0;0;0;0;0;0;0;0;0;0
FR;10;2022-04-06;0;0;0;0;0;0;0;0;0;0;0;0;0;0;0;0;0;0
FR;10;2022-04-07;0;0;0;0;0;0;0;0;0;0;0;0;0;0;0;0;0;0
FR;10;2022-04-08;0;0;0;0;0;0;0;0;0;0;0;0;0;0;0;0;0;0
FR;10;2022-04-09;0;0;0;0;0;0;0;0;0;0;0;0;0;0;0;0;0;0
FR;10;2022-04-10;0;0;0;0;0;0;0;0;0;0;0;0;0;0;0;0;0;0
FR;10;2022-04-11;0;0;0;0;0;0;0;0;0;0;0;0;0;0;0;0;0;0
FR;10;2022-04-12;0;0;0;0;0;0;0;0;0;0;0;0;0;0;0;0;0;0
FR;10;2022-04-13;0;0;0;0;0;0;0;0;0;0;0;0;0;0;0;0;0;0
FR;10;2022-04-14;0;0;0;0;0;0;0;0;0;0;0;0;0;0;0;0;0;0
FR;10;2022-04-15;0;0;0;0;0;0;0;0;0;0;0;0;0;0;0;0;0;0
FR;10;2022-04-16;0;0;0;0;0;0;0;0;0;0;0;0;0;0;0;0;0;0
FR;10;2022-04-17;0;0;0;0;0;0;0;0;0;0;0;0;0;0;0;0;0;0
FR;10;2022-04-18;0;0;0;0;0;0;0;0;0;0;0;0;0;0;0;0;0;0
FR;10;2022-04-19;0;0;0;0;0;0;0;0;0;0;0;0;0;0;0;0;0;0
FR;10;2022-04-20;0;0;0;0;0;0;0;0;0;0;0;0;0;0;0;0;0;0
FR;10;2022-04-21;0;0;0;0;0;0;0;0;0;0;0;0;0;0;0;0;0;0
FR;10;2022-04-22;0;0;0;0;0;0;0;0;0;0;0;0;0;0;0;0;0;0
FR;10;2022-04-23;0;0;0;0;0;0;0;0;0;0;0;0;0;0;0;0;0;0
FR;10;2022-04-24;0;0;0;0;0;0;0;0;0;0;0;0;0;0;0;0;0;0
FR;10;2022-04-25;0;0;0;0;0;0;0;0;0;0;0;0;0;0;0;0;0;0
FR;10;2022-04-26;0;0;0;0;0;0;0;0;0;0;0;0;0;0;0;0;0;0
FR;10;2022-04-27;0;0;0;0;0;0;0;0;0;0;0;0;0;0;0;0;0;0
FR;10;2022-04-28;0;0;0;0;0;0;0;0;0;0;0;0;0;0;0;0;0;0
FR;10;2022-04-29;0;0;0;0;0;0;0;0;0;0;0;0;0;0;0;0;0;0
FR;10;2022-04-30;0;0;0;0;0;0;0;0;0;0;0;0;0;0;0;0;0;0
FR;10;2022-05-01;0;0;0;0;0;0;0;0;0;0;0;0;0;0;0;0;0;0
FR;10;2022-05-02;0;0;0;0;0;0;0;0;0;0;0;0;0;0;0;0;0;0
FR;10;2022-05-03;0;0;0;0;0;0;0;0;0;0;0;0;0;0;0;0;0;0
FR;10;2022-05-04;0;0;0;0;0;0;0;0;0;0;0;0;0;0;0;0;0;0
FR;10;2022-05-05;0;0;0;0;0;0;0;0;0;0;0;0;0;0;0;0;0;0
FR;10;2022-05-06;0;0;0;0;0;0;0;0;0;0;0;0;0;0;0;0;0;0
FR;10;2022-05-07;0;0;0;0;0;0;0;0;0;0;0;0;0;0;0;0;0;0
FR;10;2022-05-08;0;0;0;0;0;0;0;0;0;0;0;0;0;0;0;0;0;0
FR;10;2022-05-09;0;0;0;0;0;0;0;0;0;0;0;0;0;0;0;0;0;0
FR;10;2022-05-10;0;0;0;0;0;0;0;0;0;0;0;0;0;0;0;0;0;0
FR;10;2022-05-11;0;0;0;0;0;0;0;0;0;0;0;0;0;0;0;0;0;0
FR;10;2022-05-12;0;0;0;0;0;0;0;0;0;0;0;0;0;0;0;0;0;0
FR;10;2022-05-13;0;0;0;0;0;0;0;0;0;0;0;0;0;0;0;0;0;0
FR;10;2022-05-14;0;0;0;0;0;0;0;0;0;0;0;0;0;0;0;0;0;0
FR;10;2022-05-15;0;0;0;0;0;0;0;0;0;0;0;0;0;0;0;0;0;0
FR;10;2022-05-16;0;0;0;0;0;0;0;0;0;0;0;0;0;0;0;0;0;0
FR;10;2022-05-17;0;0;0;0;0;0;0;0;0;0;0;0;0;0;0;0;0;0
FR;10;2022-05-18;0;0;0;0;0;0;0;0;0;0;0;0;0;0;0;0;0;0
FR;10;2022-05-19;0;0;0;0;0;0;0;0;0;0;0;0;0;0;0;0;0;0
FR;10;2022-05-20;0;0;0;0;0;0;0;0;0;0;0;0;0;0;0;0;0;0
FR;10;2022-05-21;0;0;0;0;0;0;0;0;0;0;0;0;0;0;0;0;0;0
FR;10;2022-05-22;0;0;0;0;0;0;0;0;0;0;0;0;0;0;0;0;0;0
FR;10;2022-05-23;0;0;0;0;0;0;0;0;0;0;0;0;0;0;0;0;0;0
FR;10;2022-05-24;0;0;0;0;0;0;0;0;0;0;0;0;0;0;0;0;0;0
FR;10;2022-05-25;0;0;0;0;0;0;0;0;0;0;0;0;0;0;0;0;0;0
FR;10;2022-05-26;0;0;0;0;0;0;0;0;0;0;0;0;0;0;0;0;0;0
FR;10;2022-05-27;0;0;0;0;0;0;0;0;0;0;0;0;0;0;0;0;0;0
FR;10;2022-05-28;0;0;0;0;0;0;0;0;0;0;0;0;0;0;0;0;0;0
FR;10;2022-05-29;0;0;0;0;0;0;0;0;0;0;0;0;0;0;0;0;0;0
FR;10;2022-05-30;0;0;0;0;0;0;0;0;0;0;0;0;0;0;0;0;0;0
FR;10;2022-05-31;0;0;0;0;0;0;0;0;0;0;0;0;0;0;0;0;0;0
FR;10;2022-06-01;0;0;0;0;0;0;0;0;0;0;0;0;0;0;0;0;0;0
FR;10;2022-06-02;0;0;0;0;0;0;0;0;0;0;0;0;0;0;0;0;0;0
FR;10;2022-06-03;0;0;0;0;0;0;0;0;0;0;0;0;0;0;0;0;0;0
FR;10;2022-06-04;0;0;0;0;0;0;0;0;0;0;0;0;0;0;0;0;0;0
FR;10;2022-06-05;0;0;0;0;0;0;0;0;0;0;0;0;0;0;0;0;0;0
FR;10;2022-06-06;0;0;0;0;0;0;0;0;0;0;0;0;0;0;0;0;0;0
FR;10;2022-06-07;0;0;0;0;0;0;0;0;0;0;0;0;0;0;0;0;0;0
FR;10;2022-06-08;0;0;0;0;0;0;0;0;0;0;0;0;0;0;0;0;0;0
FR;10;2022-06-09;0;0;0;0;0;0;0;0;0;0;0;0;0;0;0;0;0;0
FR;10;2022-06-10;0;0;0;0;0;0;0;0;0;0;0;0;0;0;0;0;0;0
FR;10;2022-06-11;0;0;0;0;0;0;0;0;0;0;0;0;0;0;0;0;0;0
FR;10;2022-06-12;0;0;0;0;0;0;0;0;0;0;0;0;0;0;0;0;0;0
FR;10;2022-06-13;0;0;0;0;0;0;0;0;0;0;0;0;0;0;0;0;0;0
FR;10;2022-06-14;0;0;0;0;0;0;0;0;0;0;0;0;0;0;0;0;0;0
FR;10;2022-06-15;0;0;0;0;0;0;0;0;0;0;0;0;0;0;0;0;0;0
FR;10;2022-06-16;0;0;0;0;0;0;0;0;0;0;0;0;0;0;0;0;0;0
FR;10;2022-06-17;0;0;0;0;0;0;0;0;0;0;0;0;0;0;0;0;0;0
FR;10;2022-06-18;0;0;0;0;0;0;0;0;0;0;0;0;0;0;0;0;0;0
FR;10;2022-06-19;0;0;0;0;0;0;0;0;0;0;0;0;0;0;0;0;0;0
FR;10;2022-06-20;0;0;0;0;0;0;0;0;0;0;0;0;0;0;0;0;0;0
FR;10;2022-06-21;0;0;0;0;0;0;0;0;0;0;0;0;0;0;0;0;0;0
FR;10;2022-06-22;0;0;0;0;0;0;0;0;0;0;0;0;0;0;0;0;0;0
FR;10;2022-06-23;0;0;0;0;0;0;0;0;0;0;0;0;0;0;0;0;0;0
FR;10;2022-06-24;0;0;0;0;0;0;0;0;0;0;0;0;0;0;0;0;0;0
FR;10;2022-06-25;0;0;0;0;0;0;0;0;0;0;0;0;0;0;0;0;0;0
FR;10;2022-06-26;0;0;0;0;0;0;0;0;0;0;0;0;0;0;0;0;0;0
FR;10;2022-06-27;0;0;0;0;0;0;0;0;0;0;0;0;0;0;0;0;0;0
FR;10;2022-06-28;0;0;0;0;0;0;0;0;0;0;0;0;0;0;0;0;0;0
FR;10;2022-06-29;0;0;0;0;0;0;0;0;0;0;0;0;0;0;0;0;0;0
FR;10;2022-06-30;0;0;0;0;0;0;0;0;0;0;0;0;0;0;0;0;0;0
FR;10;2022-07-01;0;0;0;0;0;0;0;0;0;0;0;0;0;0;0;0;0;0
FR;10;2022-07-02;0;0;0;0;0;0;0;0;0;0;0;0;0;0;0;0;0;0
FR;10;2022-07-03;0;0;0;0;0;0;0;0;0;0;0;0;0;0;0;0;0;0
FR;10;2022-07-04;0;0;0;0;0;0;0;0;0;0;0;0;0;0;0;0;0;0
FR;10;2022-07-05;0;0;0;0;0;0;0;0;0;0;0;0;0;0;0;0;0;0
FR;10;2022-07-06;0;0;0;0;0;0;0;0;0;0;0;0;0;0;0;0;0;0
FR;10;2022-07-07;0;0;0;0;0;0;0;0;0;0;0;0;0;0;0;0;0;0
FR;10;2022-07-08;0;0;0;0;0;0;0;0;0;0;0;0;0;0;0;0;0;0
FR;10;2022-07-09;0;0;0;0;0;0;0;0;0;0;0;0;0;0;0;0;0;0
FR;10;2022-07-10;0;0;0;0;0;0;0;0;0;0;0;0;0;0;0;0;0;0
FR;10;2022-07-11;0;0;0;0;0;0;0;0;0;0;0;0;0;0;0;0;0;0
FR;10;2022-07-12;0;0;0;0;0;0;0;0;0;0;0;0;0;0;0;0;0;0
FR;10;2022-07-13;0;0;0;0;0;0;0;0;0;0;0;0;0;0;0;0;0;0
FR;10;2022-07-14;0;0;0;0;0;0;0;0;0;0;0;0;0;0;0;0;0;0
FR;10;2022-07-15;0;0;0;0;0;0;0;0;0;0;0;0;0;0;0;0;0;0
FR;10;2022-07-16;0;0;0;0;0;0;0;0;0;0;0;0;0;0;0;0;0;0
FR;10;2022-07-17;0;0;0;0;0;0;0;0;0;0;0;0;0;0;0;0;0;0
FR;10;2022-07-18;0;0;0;0;0;0;0;0;0;0;0;0;0;0;0;0;0;0
FR;10;2022-07-19;0;0;0;0;0;0;0;0;0;0;0;0;0;0;0;0;0;0
FR;10;2022-07-20;0;0;0;0;0;0;0;0;0;0;0;0;0;0;0;0;0;0
FR;10;2022-07-21;0;0;0;0;0;0;0;0;0;0;0;0;0;0;0;0;0;0
FR;10;2022-07-22;0;0;0;0;0;0;0;0;0;0;0;0;0;0;0;0;0;0
FR;10;2022-07-23;0;0;0;0;0;0;0;0;0;0;0;0;0;0;0;0;0;0
FR;10;2022-07-24;0;0;0;0;0;0;0;0;0;0;0;0;0;0;0;0;0;0
FR;10;2022-07-25;0;0;0;0;0;0;0;0;0;0;0;0;0;0;0;0;0;0
FR;10;2022-07-26;0;0;0;0;0;0;0;0;0;0;0;0;0;0;0;0;0;0
FR;10;2022-07-27;0;0;0;0;0;0;0;0;0;0;0;0;0;0;0;0;0;0
FR;10;2022-07-28;0;0;0;0;0;0;0;0;0;0;0;0;0;0;0;0;0;0
FR;10;2022-07-29;0;0;0;0;0;0;0;0;0;0;0;0;0;0;0;0;0;0
FR;10;2022-07-30;0;0;0;0;0;0;0;0;0;0;0;0;0;0;0;0;0;0
FR;10;2022-07-31;0;0;0;0;0;0;0;0;0;0;0;0;0;0;0;0;0;0
FR;10;2022-08-01;0;0;0;0;0;0;0;0;0;0;0;0;0;0;0;0;0;0
FR;10;2022-08-02;0;0;0;0;0;0;0;0;0;0;0;0;0;0;0;0;0;0
FR;10;2022-08-03;0;0;0;0;0;0;0;0;0;0;0;0;0;0;0;0;0;0
FR;10;2022-08-04;0;0;0;0;0;0;0;0;0;0;0;0;0;0;0;0;0;0
FR;10;2022-08-05;0;0;0;0;0;0;0;0;0;0;0;0;0;0;0;0;0;0
FR;10;2022-08-06;0;0;0;0;0;0;0;0;0;0;0;0;0;0;0;0;0;0
FR;10;2022-08-07;0;0;0;0;0;0;0;0;0;0;0;0;0;0;0;0;0;0
FR;10;2022-08-08;0;0;0;0;0;0;0;0;0;0;0;0;0;0;0;0;0;0
FR;10;2022-08-09;0;0;0;0;0;0;0;0;0;0;0;0;0;0;0;0;0;0
FR;10;2022-08-10;0;0;0;0;0;0;0;0;0;0;0;0;0;0;0;0;0;0
FR;10;2022-08-11;0;0;0;0;0;0;0;0;0;0;0;0;0;0;0;0;0;0
FR;10;2022-08-12;0;0;0;0;0;0;0;0;0;0;0;0;0;0;0;0;0;0
FR;10;2022-08-13;0;0;0;0;0;0;0;0;0;0;0;0;0;0;0;0;0;0
FR;10;2022-08-14;0;0;0;0;0;0;0;0;0;0;0;0;0;0;0;0;0;0
FR;10;2022-08-15;0;0;0;0;0;0;0;0;0;0;0;0;0;0;0;0;0;0
FR;10;2022-08-16;0;0;0;0;0;0;0;0;0;0;0;0;0;0;0;0;0;0
FR;10;2022-08-17;0;0;0;0;0;0;0;0;0;0;0;0;0;0;0;0;0;0
FR;10;2022-08-18;0;0;0;0;0;0;0;0;0;0;0;0;0;0;0;0;0;0
FR;10;2022-08-19;0;0;0;0;0;0;0;0;0;0;0;0;0;0;0;0;0;0
FR;10;2022-08-20;0;0;0;0;0;0;0;0;0;0;0;0;0;0;0;0;0;0
FR;10;2022-08-21;0;0;0;0;0;0;0;0;0;0;0;0;0;0;0;0;0;0
FR;10;2022-08-22;0;0;0;0;0;0;0;0;0;0;0;0;0;0;0;0;0;0
FR;10;2022-08-23;0;0;0;0;0;0;0;0;0;0;0;0;0;0;0;0;0;0
FR;10;2022-08-24;0;0;0;0;0;0;0;0;0;0;0;0;0;0;0;0;0;0
FR;10;2022-08-25;0;0;0;0;0;0;0;0;0;0;0;0;0;0;0;0;0;0
FR;10;2022-08-26;0;0;0;0;0;0;0;0;0;0;0;0;0;0;0;0;0;0
FR;10;2022-08-27;0;0;0;0;0;0;0;0;0;0;0;0;0;0;0;0;0;0
FR;10;2022-08-28;0;0;0;0;0;0;0;0;0;0;0;0;0;0;0;0;0;0
FR;10;2022-08-29;0;0;0;0;0;0;0;0;0;0;0;0;0;0;0;0;0;0
FR;10;2022-08-30;0;0;0;0;0;0;0;0;0;0;0;0;0;0;0;0;0;0
FR;10;2022-08-31;0;0;0;0;0;0;0;0;0;0;0;0;0;0;0;0;0;0
FR;10;2022-09-01;0;0;0;0;0;0;0;0;0;0;0;0;0;0;0;0;0;0
FR;10;2022-09-02;0;0;0;0;0;0;0;0;0;0;0;0;0;0;0;0;0;0
FR;10;2022-09-03;0;0;0;0;0;0;0;0;0;0;0;0;0;0;0;0;0;0
FR;10;2022-09-04;0;0;0;0;0;0;0;0;0;0;0;0;0;0;0;0;0;0
FR;10;2022-09-05;0;0;0;0;0;0;0;0;0;0;0;0;0;0;0;0;0;0
FR;10;2022-09-06;0;0;0;0;0;0;0;0;0;0;0;0;0;0;0;0;0;0
FR;10;2022-09-07;0;0;0;0;0;0;0;0;0;0;0;0;0;0;0;0;0;0
FR;10;2022-09-08;0;0;0;0;0;0;0;0;0;0;0;0;0;0;0;0;0;0
FR;10;2022-09-09;0;0;0;0;0;0;0;0;0;0;0;0;0;0;0;0;0;0
FR;10;2022-09-10;0;0;0;0;0;0;0;0;0;0;0;0;0;0;0;0;0;0
FR;10;2022-09-11;0;0;0;0;0;0;0;0;0;0;0;0;0;0;0;0;0;0
FR;10;2022-09-12;0;0;0;0;0;0;0;0;0;0;0;0;0;0;0;0;0;0
FR;10;2022-09-13;0;0;0;0;0;0;0;0;0;0;0;0;0;0;0;0;0;0
FR;10;2022-09-14;0;0;0;0;0;0;0;0;0;0;0;0;0;0;0;0;0;0
FR;10;2022-09-15;0;0;0;0;0;0;0;0;0;0;0;0;0;0;0;0;0;0
FR;10;2022-09-16;0;0;0;0;0;0;0;0;0;0;0;0;0;0;0;0;0;0
FR;10;2022-09-17;0;0;0;0;0;0;0;0;0;0;0;0;0;0;0;0;0;0
FR;10;2022-09-18;0;0;0;0;0;0;0;0;0;0;0;0;0;0;0;0;0;0
FR;10;2022-09-19;0;0;0;0;0;0;0;0;0;0;0;0;0;0;0;0;0;0
FR;10;2022-09-20;0;0;0;0;0;0;0;0;0;0;0;0;0;0;0;0;0;0
FR;10;2022-09-21;0;0;0;0;0;0;0;0;0;0;0;0;0;0;0;0;0;0
FR;10;2022-09-22;0;0;0;0;0;0;0;0;0;0;0;0;0;0;0;0;0;0
FR;10;2022-09-23;0;0;0;0;0;0;0;0;0;0;0;0;0;0;0;0;0;0
FR;10;2022-09-24;0;0;0;0;0;0;0;0;0;0;0;0;0;0;0;0;0;0
FR;10;2022-09-25;0;0;0;0;0;0;0;0;0;0;0;0;0;0;0;0;0;0
FR;10;2022-09-26;0;0;0;0;0;0;0;0;0;0;0;0;0;0;0;0;0;0
FR;10;2022-09-27;0;0;0;0;0;0;0;0;0;0;0;0;0;0;0;0;0;0
FR;10;2022-09-28;0;0;0;0;0;0;0;0;0;0;0;0;0;0;0;0;0;0
FR;10;2022-09-29;0;0;0;0;0;0;0;0;0;0;0;0;0;0;0;0;0;0
FR;10;2022-09-30;0;0;0;0;0;0;0;0;0;0;0;0;0;0;0;0;0;0
FR;10;2022-10-01;0;0;0;0;0;0;0;0;0;0;0;0;0;0;0;0;0;0
FR;10;2022-10-02;0;0;0;0;0;0;0;0;0;0;0;0;0;0;0;0;0;0
FR;10;2022-10-03;0;0;0;0;0;0;0;0;0;0;0;0;0;0;0;0;0;0
FR;10;2022-10-04;0;0;0;0;0;0;0;0;0;0;0;0;0;0;0;0;0;0
FR;10;2022-10-05;0;0;0;0;0;0;0;0;0;0;0;0;0;0;0;0;0;0
FR;10;2022-10-06;0;0;0;0;0;0;0;0;0;0;0;0;0;0;0;0;0;0
FR;10;2022-10-07;0;0;0;0;0;0;0;0;0;0;0;0;0;0;0;0;0;0
FR;10;2022-10-08;0;0;0;0;0;0;0;0;0;0;0;0;0;0;0;0;0;0
FR;10;2022-10-09;0;0;0;0;0;0;0;0;0;0;0;0;0;0;0;0;0;0
FR;10;2022-10-10;0;0;0;0;0;0;0;0;0;0;0;0;0;0;0;0;0;0
FR;10;2022-10-11;0;0;0;0;0;0;0;0;0;0;0;0;0;0;0;0;0;0
FR;10;2022-10-12;0;0;0;0;0;0;0;0;0;0;0;0;0;0;0;0;0;0
FR;10;2022-10-13;0;0;0;0;0;0;0;0;0;0;0;0;0;0;0;0;0;0
FR;10;2022-10-14;0;0;0;0;0;0;0;0;0;0;0;0;0;0;0;0;0;0
FR;10;2022-10-15;0;0;0;0;0;0;0;0;0;0;0;0;0;0;0;0;0;0
FR;10;2022-10-16;0;0;0;0;0;0;0;0;0;0;0;0;0;0;0;0;0;0
FR;10;2022-10-17;0;0;0;0;0;0;0;0;0;0;0;0;0;0;0;0;0;0
FR;10;2022-10-18;0;0;0;0;0;0;0;0;0;0;0;0;0;0;0;0;0;0
FR;10;2022-10-19;0;0;0;0;0;0;0;0;0;0;0;0;0;0;0;0;0;0
FR;10;2022-10-20;0;0;0;0;0;0;0;0;0;0;0;0;0;0;0;0;0;0
FR;10;2022-10-21;0;0;0;0;0;0;0;0;0;0;0;0;0;0;0;0;0;0
FR;10;2022-10-22;0;0;0;0;0;0;0;0;0;0;0;0;0;0;0;0;0;0
FR;10;2022-10-23;0;0;0;0;0;0;0;0;0;0;0;0;0;0;0;0;0;0
FR;10;2022-10-24;0;0;0;0;0;0;0;0;0;0;0;0;0;0;0;0;0;0
FR;10;2022-10-25;0;0;0;0;0;0;0;0;0;0;0;0;0;0;0;0;0;0
FR;10;2022-10-26;0;0;0;0;0;0;0;0;0;0;0;0;0;0;0;0;0;0
FR;10;2022-10-27;0;0;0;0;0;0;0;0;0;0;0;0;0;0;0;0;0;0
FR;10;2022-10-28;0;0;0;0;0;0;0;0;0;0;0;0;0;0;0;0;0;0
FR;10;2022-10-29;0;0;0;0;0;0;0;0;0;0;0;0;0;0;0;0;0;0
FR;10;2022-10-30;0;0;0;0;0;0;0;0;0;0;0;0;0;0;0;0;0;0
FR;10;2022-10-31;0;0;0;0;0;0;0;0;0;0;0;0;0;0;0;0;0;0
FR;10;2022-11-01;0;0;0;0;0;0;0;0;0;0;0;0;0;0;0;0;0;0
FR;10;2022-11-02;0;0;0;0;0;0;0;0;0;0;0;0;0;0;0;0;0;0
FR;10;2022-11-03;0;0;0;0;0;0;0;0;0;0;0;0;0;0;0;0;0;0
FR;10;2022-11-04;0;0;0;0;0;0;0;0;0;0;0;0;0;0;0;0;0;0
FR;10;2022-11-05;0;0;0;0;0;0;0;0;0;0;0;0;0;0;0;0;0;0
FR;10;2022-11-06;0;0;0;0;0;0;0;0;0;0;0;0;0;0;0;0;0;0
FR;10;2022-11-07;0;0;0;0;0;0;0;0;0;0;0;0;0;0;0;0;0;0
FR;10;2022-11-08;0;0;0;0;0;0;0;0;0;0;0;0;0;0;0;0;0;0
FR;10;2022-11-09;0;0;0;0;0;0;0;0;0;0;0;0;0;0;0;0;0;0
FR;10;2022-11-10;0;0;0;0;0;0;0;0;0;0;0;0;0;0;0;0;0;0
FR;10;2022-11-11;0;0;0;0;0;0;0;0;0;0;0;0;0;0;0;0;0;0
FR;10;2022-11-12;0;0;0;0;0;0;0;0;0;0;0;0;0;0;0;0;0;0
FR;10;2022-11-13;0;0;0;0;0;0;0;0;0;0;0;0;0;0;0;0;0;0
FR;10;2022-11-14;0;0;0;0;0;0;0;0;0;0;0;0;0;0;0;0;0;0
FR;10;2022-11-15;0;0;0;0;0;0;0;0;0;0;0;0;0;0;0;0;0;0
FR;10;2022-11-16;0;0;0;0;0;0;0;0;0;0;0;0;0;0;0;0;0;0
FR;10;2022-11-17;0;0;0;0;0;0;0;0;0;0;0;0;0;0;0;0;0;0
FR;10;2022-11-18;0;0;0;0;0;0;0;0;0;0;0;0;0;0;0;0;0;0
FR;10;2022-11-19;0;0;0;0;0;0;0;0;0;0;0;0;0;0;0;0;0;0
FR;10;2022-11-20;0;0;0;0;0;0;0;0;0;0;0;0;0;0;0;0;0;0
FR;10;2022-11-21;0;0;0;0;0;0;0;0;0;0;0;0;0;0;0;0;0;0
FR;10;2022-11-22;0;0;0;0;0;0;0;0;0;0;0;0;0;0;0;0;0;0
FR;10;2022-11-23;0;0;0;0;0;0;0;0;0;0;0;0;0;0;0;0;0;0
FR;10;2022-11-24;0;0;0;0;0;0;0;0;0;0;0;0;0;0;0;0;0;0
FR;10;2022-11-25;0;0;0;0;0;0;0;0;0;0;0;0;0;0;0;0;0;0
FR;10;2022-11-26;0;0;0;0;0;0;0;0;0;0;0;0;0;0;0;0;0;0
FR;10;2022-11-27;0;0;0;0;0;0;0;0;0;0;0;0;0;0;0;0;0;0
FR;10;2022-11-28;0;0;0;0;0;0;0;0;0;0;0;0;0;0;0;0;0;0
FR;10;2022-11-29;0;0;0;0;0;0;0;0;0;0;0;0;0;0;0;0;0;0
FR;10;2022-11-30;0;0;0;0;0;0;0;0;0;0;0;0;0;0;0;0;0;0
FR;10;2022-12-01;0;0;0;0;0;0;0;0;0;0;0;0;0;0;0;0;0;0
FR;10;2022-12-02;0;0;0;0;0;0;0;0;0;0;0;0;0;0;0;0;0;0
FR;10;2022-12-03;0;0;0;0;0;0;0;0;0;0;0;0;0;0;0;0;0;0
FR;10;2022-12-04;0;0;0;0;0;0;0;0;0;0;0;0;0;0;0;0;0;0
FR;10;2022-12-05;0;0;0;0;0;0;0;0;0;0;0;0;0;0;0;0;0;0
FR;10;2022-12-06;0;0;0;0;0;0;0;0;0;0;0;0;0;0;0;0;0;0
FR;10;2022-12-07;0;0;0;0;0;0;0;0;0;0;0;0;0;0;0;0;0;0
FR;10;2022-12-08;0;0;0;0;0;0;0;0;0;0;0;0;0;0;0;0;0;0
FR;10;2022-12-09;0;0;0;0;0;0;0;0;0;0;0;0;0;0;0;0;0;0
FR;10;2022-12-10;0;0;0;0;0;0;0;0;0;0;0;0;0;0;0;0;0;0
FR;10;2022-12-11;0;0;0;0;0;0;0;0;0;0;0;0;0;0;0;0;0;0
FR;10;2022-12-12;0;0;0;0;0;0;0;0;0;0;0;0;0;0;0;0;0;0
FR;10;2022-12-13;0;0;0;0;0;0;0;0;0;0;0;0;0;0;0;0;0;0
FR;10;2022-12-14;0;0;0;0;0;0;0;0;0;0;0;0;0;0;0;0;0;0
FR;10;2022-12-15;0;0;0;0;0;0;0;0;0;0;0;0;0;0;0;0;0;0
FR;10;2022-12-16;0;0;0;0;0;0;0;0;0;0;0;0;0;0;0;0;0;0
FR;10;2022-12-17;0;0;0;0;0;0;0;0;0;0;0;0;0;0;0;0;0;0
FR;10;2022-12-18;0;0;0;0;0;0;0;0;0;0;0;0;0;0;0;0;0;0
FR;10;2022-12-19;0;0;0;0;0;0;0;0;0;0;0;0;0;0;0;0;0;0
FR;10;2022-12-20;0;0;0;0;0;0;0;0;0;0;0;0;0;0;0;0;0;0
FR;10;2022-12-21;0;0;1;0;0;1;0;0;0;0;0;1;0;0;1;0;0;0
FR;10;2022-12-22;0;0;0;1;0;0;1;0;0;0;0;1;1;0;1;1;0;0
FR;10;2022-12-23;0;0;1;14;0;2;14;0;7;0;0;2;15;0;3;15;0;7
FR;10;2022-12-24;0;0;0;3;0;0;3;0;1;0;0;2;18;0;3;18;0;8
FR;10;2022-12-25;0;0;0;0;0;0;0;0;0;0;0;2;18;0;3;18;0;8
FR;10;2022-12-26;3;1;11;35;0;8;39;0;5;3;1;13;53;0;11;57;0;13
FR;10;2022-12-27;1;1;14;35;1;11;38;0;10;4;2;27;88;1;22;95;0;23
FR;10;2022-12-28;0;0;2;15;0;1;14;0;3;4;2;29;103;1;23;109;0;26
FR;10;2022-12-29;0;0;6;48;0;1;48;0;17;4;2;35;151;1;24;157;0;43
FR;10;2022-12-30;0;1;4;33;0;7;31;0;6;4;3;39;184;1;31;188;0;49
FR;10;2022-12-31;0;0;3;12;0;4;10;0;4;4;3;42;196;1;35;198;0;53
FR;10;2023-01-01;0;0;1;6;0;0;7;0;2;4;3;43;202;1;35;205;0;55
FR;10;2023-01-02;0;4;4;37;1;6;36;0;21;4;7;47;239;2;41;241;0;76
FR;10;2023-01-03;1;1;6;63;1;5;64;0;25;5;8;53;302;3;46;305;0;101
FR;10;2023-01-04;0;1;7;52;0;6;53;0;53;5;9;60;354;3;52;358;0;154
FR;10;2023-01-05;1;1;15;74;0;10;76;0;37;6;10;75;428;3;62;434;0;191
FR;10;2023-01-06;2;3;16;107;2;13;107;0;52;8;13;91;535;5;75;541;0;243
FR;10;2023-01-07;3;1;3;41;1;3;40;0;13;11;14;94;576;6;78;581;0;256
FR;10;2023-01-08;1;0;0;9;0;0;7;0;5;12;14;94;585;6;78;588;0;261
FR;10;2023-01-09;3;2;7;66;1;6;66;0;26;15;16;101;651;7;84;654;0;287
FR;10;2023-01-10;6;1;21;118;0;13;124;0;57;21;17;122;769;7;97;778;0;344
FR;10;2023-01-11;5;4;19;77;1;16;79;0;38;26;21;141;846;8;113;857;0;382
FR;10;2023-01-12;13;1;7;77;2;3;80;0;51;39;22;148;923;10;116;937;0;433
FR;10;2023-01-13;0;6;15;122;1;8;129;0;77;39;28;163;1045;11;124;1066;0;510
FR;10;2023-01-14;2;1;8;43;0;5;47;0;3;41;29;171;1088;11;129;1113;0;513
FR;10;2023-01-15;0;0;1;10;0;0;7;0;8;41;29;172;1098;11;129;1120;0;521
FR;10;2023-01-16;0;1;11;70;1;7;73;0;68;41;30;183;1168;12;136;1193;0;589
FR;10;2023-01-17;0;7;22;109;2;11;118;0;61;41;37;205;1277;14;147;1311;0;650
FR;10;2023-01-18;2;1;13;92;1;9;104;0;15;43;38;218;1369;15;156;1415;0;665
FR;10;2023-01-19;6;6;23;140;3;21;133;0;56;49;44;241;1509;18;177;1548;0;721
FR;10;2023-01-20;2;1;11;111;0;9;106;0;73;51;45;252;1620;18;186;1654;0;794
FR;10;2023-01-21;2;1;5;26;0;5;23;0;15;53;46;257;1646;18;191;1677;0;809
FR;10;2023-01-22;0;0;0;5;0;0;5;0;0;53;46;257;1651;18;191;1682;0;809
FR;10;2023-01-23;1;2;5;62;1;5;59;0;23;54;48;262;1713;19;196;1741;0;832
FR;10;2023-01-24;5;6;27;148;2;19;152;0;75;59;54;289;1861;21;215;1893;0;907
FR;10;2023-01-25;2;1;9;81;1;5;82;0;55;61;55;298;1942;22;220;1975;0;962
FR;10;2023-01-26;4;5;30;123;1;22;132;0;52;65;60;328;2065;23;242;2107;0;1014
FR;10;2023-01-27;1;1;15;98;1;6;100;0;75;66;61;343;2163;24;248;2207;0;1089
FR;10;2023-01-28;0;1;3;18;1;1;21;0;15;66;62;346;2181;25;249;2228;0;1104
FR;10;2023-01-29;0;0;1;0;0;1;0;0;1;66;62;347;2181;25;250;2228;0;1105
FR;10;2023-01-30;2;1;11;60;1;5;63;0;40;68;63;358;2241;26;255;2291;0;1145
FR;10;2023-01-31;7;4;24;121;5;17;121;0;51;75;67;382;2362;31;272;2412;0;1196
FR;10;2023-02-01;0;2;11;48;2;9;49;0;28;75;69;393;2410;33;281;2461;0;1224
FR;10;2023-02-02;2;0;21;104;0;16;108;0;47;77;69;414;2514;33;297;2569;0;1271
FR;0;2020-12-27;616;0;0;0;55;0;0;0;0;616;0;0;0;55;0;0;0;0
FR;0;2020-12-28;704;1;0;0;43;0;0;0;0;1320;1;0;0;98;0;0;0;0
FR;0;2020-12-29;387;0;0;0;19;0;0;0;0;1707;1;0;0;117;0;0;0;0
FR;0;2020-12-30;455;0;0;0;19;0;0;0;0;2162;1;0;0;136;0;0;0;0
FR;0;2020-12-31;449;1;0;0;21;0;0;0;0;2611;2;0;0;157;0;0;0;0
FR;0;2021-01-01;1192;2;0;0;66;0;0;0;0;3803;4;0;0;223;0;0;0;0
FR;0;2021-01-02;368;4;0;0;29;0;0;0;0;4171;8;0;0;252;0;0;0;0
FR;0;2021-01-03;417;0;0;0;23;0;0;0;0;4588;8;0;0;275;0;0;0;0
FR;0;2021-01-04;2139;5;0;0;51;0;0;0;0;6727;13;0;0;326;0;0;0;0
FR;0;2021-01-05;7771;6;0;0;128;0;0;0;0;14498;19;0;0;454;0;0;0;0
FR;0;2021-01-06;12477;23;0;0;127;0;0;0;0;26975;42;0;0;581;0;0;0;0
FR;0;2021-01-07;29477;24;0;0;159;0;0;0;0;56452;66;0;0;740;0;0;0;0
FR;0;2021-01-08;37169;35;0;0;203;0;0;0;0;93621;101;0;0;943;0;0;0;0
FR;0;2021-01-09;11220;9;0;0;77;0;0;0;0;104841;110;0;0;1020;0;0;0;0
FR;0;2021-01-10;6015;8;0;0;28;0;0;0;0;110856;118;0;0;1048;0;0;0;0
FR;0;2021-01-11;39954;39;0;0;231;0;0;0;0;150810;157;0;0;1279;0;0;0;0
FR;0;2021-01-12;62160;30;0;0;298;0;0;0;0;212970;187;0;0;1577;0;0;0;0
FR;0;2021-01-13;65146;62;0;0;432;0;0;0;0;278116;249;0;0;2009;0;0;0;0
FR;0;2021-01-14;83107;259;0;0;1172;0;0;0;0;361223;508;0;0;3181;0;0;0;0
FR;0;2021-01-15;69033;101;0;0;557;0;0;0;0;430256;609;0;0;3738;0;0;0;0
FR;0;2021-01-16;20219;73;0;0;183;0;0;0;0;450475;682;0;0;3921;0;0;0;0
FR;0;2021-01-17;10993;54;0;0;137;0;0;0;0;461468;736;0;0;4058;0;0;0;0
FR;0;2021-01-18;85923;179;0;0;616;0;0;0;0;547391;915;0;0;4674;0;0;0;0
FR;0;2021-01-19;130616;210;0;0;868;0;0;0;0;678007;1125;0;0;5542;0;0;0;0
FR;0;2021-01-20;137566;196;0;0;837;0;0;0;0;815573;1321;0;0;6379;0;0;0;0
FR;0;2021-01-21;158428;205;0;0;952;0;0;0;0;974001;1526;0;0;7331;0;0;0;0
FR;0;2021-01-22;121087;258;0;0;845;0;0;0;0;1095088;1784;0;0;8176;0;0;0;0
FR;0;2021-01-23;38491;85;0;0;222;0;0;0;0;1133579;1869;0;0;8398;0;0;0;0
FR;0;2021-01-24;9752;129;0;0;194;0;0;0;0;1143331;1998;0;0;8592;0;0;0;0
FR;0;2021-01-25;78255;1456;0;0;1807;0;0;0;0;1221586;3454;0;0;10399;0;0;0;0
FR;0;2021-01-26;100397;3707;1;0;4185;0;0;0;0;1321983;7161;1;0;14584;0;0;0;0
FR;0;2021-01-27;107264;6441;0;0;7157;0;0;0;0;1429247;13602;1;0;21741;0;0;0;0
FR;0;2021-01-28;124380;16401;0;0;17223;0;0;0;0;1553627;30003;1;0;38964;0;0;0;0
FR;0;2021-01-29;92201;18769;0;0;19347;0;0;0;0;1645828;48772;1;0;58311;0;0;0;0
FR;0;2021-01-30;29128;4531;0;0;4668;0;0;0;0;1674956;53303;1;0;62979;0;0;0;0
FR;0;2021-01-31;5240;1906;0;0;1951;0;0;0;0;1680196;55209;1;0;64930;0;0;0;0
FR;0;2021-02-01;53159;23025;0;0;23296;0;0;0;0;1733355;78234;1;0;88226;0;0;0;0
FR;0;2021-02-02;72334;38152;0;0;38644;0;0;0;0;1805689;116386;1;0;126870;0;0;0;0
FR;0;2021-02-03;72326;40187;0;0;40691;0;0;0;0;1878015;156573;1;0;167561;0;0;0;0
FR;0;2021-02-04;82090;55041;0;0;55636;0;0;0;0;1960105;211614;1;0;223197;0;0;0;0
FR;0;2021-02-05;68251;48201;0;0;48638;0;0;0;0;2028356;259815;1;0;271835;0;0;0;0
FR;0;2021-02-06;22953;11435;0;0;11674;0;0;0;0;2051309;271250;1;0;283509;0;0;0;0
FR;0;2021-02-07;5195;6069;0;0;6195;0;0;0;0;2056504;277319;1;0;289704;0;0;0;0
FR;0;2021-02-08;46856;48766;0;0;49251;0;0;0;0;2103360;326085;1;0;338955;0;0;0;0
FR;0;2021-02-09;66045;78410;0;0;79506;0;0;0;0;2169405;404495;1;0;418461;0;0;0;0
FR;0;2021-02-10;71043;83409;0;0;84705;0;0;0;0;2240448;487904;1;0;503166;0;0;0;0
FR;0;2021-02-11;87306;105524;0;0;107458;0;0;0;0;2327754;593428;1;0;610624;0;0;0;0
FR;0;2021-02-12;79355;76078;0;0;77822;0;0;0;0;2407109;669506;1;0;688446;0;0;0;0
FR;0;2021-02-13;22390;19519;0;0;19886;0;0;0;0;2429499;689025;1;0;708332;0;0;0;0
FR;0;2021-02-14;5080;7344;0;0;7472;0;0;0;0;2434579;696369;1;0;715804;0;0;0;0
FR;0;2021-02-15;38130;76790;0;0;77808;0;0;0;0;2472709;773159;1;0;793612;0;0;0;0
FR;0;2021-02-16;50419;99680;0;0;101022;0;0;0;0;2523128;872839;1;0;894634;0;0;0;0
FR;0;2021-02-17;50554;106860;20;0;108304;0;0;0;0;2573682;979699;21;0;1002938;0;0;0;0
FR;0;2021-02-18;69812;123638;0;0;125682;0;0;0;0;2643494;1103337;21;0;1128620;0;0;0;0
FR;0;2021-02-19;65091;92261;1;0;94149;0;0;0;0;2708585;1195598;22;0;1222769;0;0;0;0
FR;0;2021-02-20;18601;28540;0;0;28911;0;0;0;0;2727186;1224138;22;0;1251680;0;0;0;0
FR;0;2021-02-21;3334;6041;0;0;6146;0;0;0;0;2730520;1230179;22;0;1257826;0;0;0;0
FR;0;2021-02-22;37510;73192;2;0;74201;0;0;0;0;2768030;1303371;24;0;1332027;0;0;0;0
FR;0;2021-02-23;53803;85247;1;0;86761;0;0;0;0;2821833;1388618;25;0;1418788;0;0;0;0
FR;0;2021-02-24;60036;82915;1;0;84494;0;0;0;0;2881869;1471533;26;0;1503282;0;0;0;0
FR;0;2021-02-25;100609;91253;1;0;94246;0;0;0;0;2982478;1562786;27;0;1597528;0;0;0;0
FR;0;2021-02-26;113490;70741;1;0;73884;0;0;0;0;3095968;1633527;28;0;1671412;0;0;0;0
FR;0;2021-02-27;52130;22436;1;0;23680;0;0;0;0;3148098;1655963;29;0;1695092;0;0;0;0
FR;0;2021-02-28;6209;4128;2;0;4326;0;0;0;0;3154307;1660091;31;0;1699418;0;0;0;0
FR;0;2021-03-01;65941;54113;1;0;55979;0;0;0;0;3220248;1714204;32;0;1755397;0;0;0;0
FR;0;2021-03-02;101413;67188;3;0;70231;0;0;0;0;3321661;1781392;35;0;1825628;0;0;0;0
FR;0;2021-03-03;116559;65472;0;0;69163;0;0;0;0;3438220;1846864;35;0;1894791;0;0;0;0
FR;0;2021-03-04;163661;72608;3;0;78174;0;0;0;0;3601881;1919472;38;0;1972965;0;0;0;0
FR;0;2021-03-05;200961;62695;3;0;69427;0;0;0;0;3802842;1982167;41;0;2042392;0;0;0;0
FR;0;2021-03-06;207989;17489;3;0;22788;0;0;0;0;4010831;1999656;44;0;2065180;0;0;0;0
FR;0;2021-03-07;121292;3992;1;0;7286;0;0;0;0;4132123;2003648;45;0;2072466;0;0;0;0
FR;0;2021-03-08;107176;49562;2;0;53050;0;0;0;0;4239299;2053210;47;0;2125516;0;0;0;0
FR;0;2021-03-09;172487;56035;2;0;61525;0;0;0;0;4411786;2109245;49;0;2187041;0;0;0;0
FR;0;2021-03-10;179039;57049;5;0;62720;0;0;0;0;4590825;2166294;54;0;2249761;0;0;0;0
FR;0;2021-03-11;242929;64028;2;0;72120;0;0;0;0;4833754;2230322;56;0;2321881;0;0;0;0
FR;0;2021-03-12;294872;53362;1;0;62818;0;0;0;0;5128626;2283684;57;0;2384699;0;0;0;0
FR;0;2021-03-13;231443;15267;1;0;21245;0;0;0;0;5360069;2298951;58;0;2405944;0;0;0;0
FR;0;2021-03-14;63363;3056;1;0;5092;0;0;0;0;5423432;2302007;59;0;2411036;0;0;0;0
FR;0;2021-03-15;158697;31515;3;0;36168;0;0;0;0;5582129;2333522;62;0;2447204;0;0;0;0
FR;0;2021-03-16;141597;38819;6;0;42969;0;0;0;0;5723726;2372341;68;0;2490173;0;0;0;0
FR;0;2021-03-17;150517;37581;4;0;42346;0;0;0;0;5874243;2409922;72;0;2532519;0;0;0;0
FR;0;2021-03-18;167867;44340;5;0;49904;0;0;0;0;6042110;2454262;77;0;2582423;0;0;0;0
FR;0;2021-03-19;230056;36750;2;0;44108;0;0;0;0;6272166;2491012;79;0;2626531;0;0;0;0
FR;0;2021-03-20;166717;11386;1;0;16011;0;0;0;0;6438883;2502398;80;0;2642542;0;0;0;0
FR;0;2021-03-21;49955;2136;1;0;3894;0;0;0;0;6488838;2504534;81;0;2646436;0;0;0;0
FR;0;2021-03-22;170082;33527;2;0;39028;0;0;0;0;6658920;2538061;83;0;2685464;0;0;0;0
FR;0;2021-03-23;250437;42389;1;0;50233;0;0;0;0;6909357;2580450;84;0;2735697;0;0;0;0
FR;0;2021-03-24;256948;43570;0;0;51667;0;0;0;0;7166305;2624020;84;0;2787364;0;0;0;0
FR;0;2021-03-25;341871;45261;5;0;56264;0;0;0;0;7508176;2669281;89;0;2843628;0;0;0;0
FR;0;2021-03-26;358846;41784;5;1;53540;0;0;0;0;7867022;2711065;94;1;2897168;0;0;0;0
FR;0;2021-03-27;195295;16946;1;0;23390;0;0;0;0;8062317;2728011;95;1;2920558;0;0;0;0
FR;0;2021-03-28;59354;4581;3;0;6645;0;0;0;0;8121671;2732592;98;1;2927203;0;0;0;0
FR;0;2021-03-29;203021;53407;4;0;60166;0;0;0;0;8324692;2785999;102;1;2987369;0;0;0;0
FR;0;2021-03-30;285542;70020;5;0;80430;0;0;0;0;8610234;2856019;107;1;3067799;0;0;0;0
FR;0;2021-03-31;263076;74031;4;0;84707;0;0;0;0;8873310;2930050;111;1;3152506;0;0;0;0
FR;0;2021-04-01;315575;92798;11;0;106372;0;0;0;0;9188885;3022848;122;1;3258878;0;0;0;0
FR;0;2021-04-02;281384;94795;7;0;106623;0;0;0;0;9470269;3117643;129;1;3365501;0;0;0;0
FR;0;2021-04-03;141094;62593;6;0;67852;0;0;0;0;9611363;3180236;135;1;3433353;0;0;0;0
FR;0;2021-04-04;46551;19013;2;0;21065;0;0;0;0;9657914;3199249;137;1;3454418;0;0;0;0
FR;0;2021-04-05;63369;10407;11;0;13064;0;0;0;0;9721283;3209656;148;1;3467482;0;0;0;0
FR;0;2021-04-06;217270;113083;17;0;121938;0;0;0;0;9938553;3322739;165;1;3589420;0;0;0;0
FR;0;2021-04-07;260319;115282;17;0;126630;0;0;0;0;10198872;3438021;182;1;3716050;0;0;0;0
FR;0;2021-04-08;337913;123207;15;0;138833;0;0;0;0;10536785;3561228;197;1;3854883;0;0;0;0
FR;0;2021-04-09;410235;116882;49;0;134289;0;0;0;0;10947020;3678110;246;1;3989172;0;0;0;0
FR;0;2021-04-10;212661;82864;15;0;91256;0;0;0;0;11159681;3760974;261;1;4080428;0;0;0;0
FR;0;2021-04-11;56161;34177;7;0;36702;0;0;0;0;11215842;3795151;268;1;4117130;0;0;0;0
FR;0;2021-04-12;237123;115833;46;0;125435;0;0;0;0;11452965;3910984;314;1;4242565;0;0;0;0
FR;0;2021-04-13;309547;144158;98;1;157117;0;0;0;0;11762512;4055142;412;2;4399682;0;0;0;0
FR;0;2021-04-14;294598;139828;215;0;153206;0;0;0;0;12057110;4194970;627;2;4552888;0;0;0;0
FR;0;2021-04-15;337192;150504;340;0;166039;0;0;0;0;12394302;4345474;967;2;4718927;0;0;0;0
FR;0;2021-04-16;339363;147024;354;0;161680;0;0;0;0;12733665;4492498;1321;2;4880607;0;0;0;0
FR;0;2021-04-17;188688;89984;109;0;97684;0;0;0;0;12922353;4582482;1430;2;4978291;0;0;0;0
FR;0;2021-04-18;51642;35454;48;0;37875;0;0;0;0;12973995;4617936;1478;2;5016166;0;0;0;0
FR;0;2021-04-19;205746;138285;456;0;147440;0;0;0;0;13179741;4756221;1934;2;5163606;0;0;0;0
FR;0;2021-04-20;254490;172030;569;0;183690;0;0;0;0;13434231;4928251;2503;2;5347296;0;0;0;0
FR;0;2021-04-21;253332;170186;836;0;182206;0;0;0;0;13687563;5098437;3339;2;5529502;0;0;0;0
FR;0;2021-04-22;287624;190408;820;0;205002;0;0;0;0;13975187;5288845;4159;2;5734504;0;0;0;0
FR;0;2021-04-23;297688;184709;747;0;203462;0;0;0;0;14272875;5473554;4906;2;5937966;0;0;0;0
FR;0;2021-04-24;190481;112045;252;0;122499;0;0;0;0;14463356;5585599;5158;2;6060465;0;0;0;0
FR;0;2021-04-25;69575;38860;51;0;42591;0;0;0;0;14532931;5624459;5209;2;6103056;0;0;0;0
FR;0;2021-04-26;221004;158671;563;0;171867;0;0;0;0;14753935;5783130;5772;2;6274923;0;0;0;0
FR;0;2021-04-27;284654;188031;941;0;211342;0;0;0;0;15038589;5971161;6713;2;6486265;0;0;0;0
FR;0;2021-04-28;299573;184706;1427;1;209787;1;0;0;0;15338162;6155867;8140;3;6696052;1;0;0;0
FR;0;2021-04-29;357209;198263;1281;0;233348;0;0;0;0;15695371;6354130;9421;3;6929400;1;0;0;0
FR;0;2021-04-30;372263;186121;1124;1;225460;0;0;0;0;16067634;6540251;10545;4;7154860;1;0;0;0
FR;0;2021-05-01;167678;52532;179;0;63779;0;0;0;0;16235312;6592783;10724;4;7218639;1;0;0;0
FR;0;2021-05-02;91766;37864;83;0;43592;0;0;0;0;16327078;6630647;10807;4;7262231;1;0;0;0
FR;0;2021-05-03;288977;165247;843;0;185775;0;0;0;0;16616055;6795894;11650;4;7448006;1;0;0;0
FR;0;2021-05-04;315755;225557;1237;0;251736;0;0;0;0;16931810;7021451;12887;4;7699742;1;0;0;0
FR;0;2021-05-05;327297;226610;1316;0;251689;0;0;0;0;17259107;7248061;14203;4;7951431;1;0;0;0
FR;0;2021-05-06;379606;241194;1634;0;275446;0;0;0;0;17638713;7489255;15837;4;8226877;1;0;0;0
FR;0;2021-05-07;372827;258889;1224;0;299954;0;0;0;0;18011540;7748144;17061;4;8526831;1;0;0;0
FR;0;2021-05-08;222189;71432;300;0;86644;0;0;0;0;18233729;7819576;17361;4;8613475;1;0;0;0
FR;0;2021-05-09;129733;44548;243;0;53185;0;0;0;0;18363462;7864124;17604;4;8666660;1;0;0;0
FR;0;2021-05-10;313427;229696;1239;0;255477;0;0;0;0;18676889;8093820;18843;4;8922137;1;0;0;0
FR;0;2021-05-11;403981;258419;1566;0;296849;0;0;0;0;19080870;8352239;20409;4;9218986;1;0;0;0
FR;0;2021-05-12;434204;233896;1544;0;270185;0;0;0;0;19515074;8586135;21953;4;9489171;1;0;0;0
FR;0;2021-05-13;338640;56440;432;0;77934;0;0;0;0;19853714;8642575;22385;4;9567105;1;0;0;0
FR;0;2021-05-14;454186;167498;1127;0;203109;0;0;0;0;20307900;8810073;23512;4;9770214;1;0;0;0
FR;0;2021-05-15;375014;94392;444;0;120790;0;0;0;0;20682914;8904465;23956;4;9891004;1;0;0;0
FR;0;2021-05-16;202777;20690;168;0;34091;0;0;0;0;20885691;8925155;24124;4;9925095;1;0;0;0
FR;0;2021-05-17;376162;148875;1555;0;178671;0;0;0;0;21261853;9074030;25679;4;10103766;1;0;0;0
FR;0;2021-05-18;460209;154131;1991;0;193282;0;0;0;0;21722062;9228161;27670;4;10297048;1;0;0;0
FR;0;2021-05-19;467471;142568;2465;0;179838;0;0;0;0;22189533;9370729;30135;4;10476886;1;0;0;0
FR;0;2021-05-20;507595;160256;2340;0;204223;0;0;0;0;22697128;9530985;32475;4;10681109;1;0;0;0
FR;0;2021-05-21;489733;175236;1996;0;221789;0;0;0;0;23186861;9706221;34471;4;10902898;1;0;0;0
FR;0;2021-05-22;347227;80238;670;0;108668;0;0;0;0;23534088;9786459;35141;4;11011566;1;0;0;0
FR;0;2021-05-23;161714;14215;246;0;26685;0;0;0;0;23695802;9800674;35387;4;11038251;1;0;0;0
FR;0;2021-05-24;263221;33107;604;0;52946;0;0;0;0;23959023;9833781;35991;4;11091197;1;0;0;0
FR;0;2021-05-25;400314;190485;2357;1;227055;0;0;0;0;24359337;10024266;38348;5;11318252;1;0;0;0
FR;0;2021-05-26;413503;191196;2227;0;229254;0;0;0;0;24772840;10215462;40575;5;11547506;1;0;0;0
FR;0;2021-05-27;449865;220066;2163;0;267212;0;0;0;0;25222705;10435528;42738;5;11814718;1;0;0;0
FR;0;2021-05-28;429604;261138;1895;0;319239;0;0;0;0;25652309;10696666;44633;5;12133957;1;0;0;0
FR;0;2021-05-29;299007;150515;586;0;183371;0;0;0;0;25951316;10847181;45219;5;12317328;1;0;0;0
FR;0;2021-05-30;107156;32508;164;0;42091;0;0;0;0;26058472;10879689;45383;5;12359419;1;0;0;0
FR;0;2021-05-31;358080;203481;1473;1;241770;1;0;0;0;26416552;11083170;46856;6;12601189;2;0;0;0
FR;0;2021-06-01;431134;251294;1969;1;302944;1;0;0;0;26847686;11334464;48825;7;12904133;3;0;0;0
FR;0;2021-06-02;420167;232707;1986;0;280096;0;0;0;0;27267853;11567171;50811;7;13184229;3;0;0;0
FR;0;2021-06-03;465697;257762;1826;0;312540;0;0;0;0;27733550;11824933;52637;7;13496769;3;0;0;0
FR;0;2021-06-04;456298;305865;1735;1;363278;1;0;0;0;28189848;12130798;54372;8;13860047;4;0;0;0
FR;0;2021-06-05;304839;189558;653;0;222784;0;0;0;0;28494687;12320356;55025;8;14082831;4;0;0;0
FR;0;2021-06-06;133337;49022;227;0;61162;0;0;0;0;28628024;12369378;55252;8;14143993;4;0;0;0
FR;0;2021-06-07;340020;261526;1529;0;298621;0;0;0;0;28968044;12630904;56781;8;14442614;4;0;0;0
FR;0;2021-06-08;393949;291385;1806;0;338256;0;0;0;0;29361993;12922289;58587;8;14780870;4;0;0;0
FR;0;2021-06-09;384945;273792;1734;0;318201;0;0;0;0;29746938;13196081;60321;8;15099071;4;0;0;0
FR;0;2021-06-10;404245;286345;1727;1;335793;0;0;0;0;30151183;13482426;62048;9;15434864;4;0;0;0
FR;0;2021-06-11;386718;356522;1467;1;406962;0;0;0;0;30537901;13838948;63515;10;15841826;4;0;0;0
FR;0;2021-06-12;283294;210985;497;0;243135;0;0;0;0;30821195;14049933;64012;10;16084961;4;0;0;0
FR;0;2021-06-13;104905;73847;204;0;84839;0;0;0;0;30926100;14123780;64216;10;16169800;4;0;0;0
FR;0;2021-06-14;240876;354079;1429;1;383271;0;0;0;0;31166976;14477859;65645;11;16553071;4;0;0;0
FR;0;2021-06-15;308221;384355;1574;1;423133;0;0;0;0;31475197;14862214;67219;12;16976204;4;0;0;0
FR;0;2021-06-16;314023;357579;1418;1;395342;0;0;0;0;31789220;15219793;68637;13;17371546;4;0;0;0
FR;0;2021-06-17;317728;373128;1432;1;414324;0;0;0;0;32106948;15592921;70069;14;17785870;4;0;0;0
FR;0;2021-06-18;321781;442590;1342;1;485993;0;0;0;0;32428729;16035511;71411;15;18271863;4;0;0;0
FR;0;2021-06-19;224362;274021;449;0;301213;0;0;0;0;32653091;16309532;71860;15;18573076;4;0;0;0
FR;0;2021-06-20;74459;102299;130;0;111495;0;0;0;0;32727550;16411831;71990;15;18684571;4;0;0;0
FR;0;2021-06-21;195807;401736;1038;1;427702;1;0;0;0;32923357;16813567;73028;16;19112273;5;0;0;0
FR;0;2021-06-22;223237;467777;1266;10;500445;1;0;0;0;33146594;17281344;74294;26;19612718;6;0;0;0
FR;0;2021-06-23;234075;440103;1198;1;474209;1;0;0;0;33380669;17721447;75492;27;20086927;7;0;0;0
FR;0;2021-06-24;241900;409694;1359;0;447184;0;0;0;0;33622569;18131141;76851;27;20534111;7;0;0;0
FR;0;2021-06-25;227667;523044;1403;0;562045;0;0;0;0;33850236;18654185;78254;27;21096156;7;0;0;0
FR;0;2021-06-26;153290;371078;589;1;395885;0;0;0;0;34003526;19025263;78843;28;21492041;7;0;0;0
FR;0;2021-06-27;55921;155951;169;1;164864;0;0;0;0;34059447;19181214;79012;29;21656905;7;0;0;0
FR;0;2021-06-28;154807;452513;1178;0;478110;0;0;0;0;34214254;19633727;80190;29;22135015;7;0;0;0
FR;0;2021-06-29;182734;507796;2123;0;539176;0;0;0;0;34396988;20141523;82313;29;22674191;7;0;0;0
FR;0;2021-06-30;204040;485208;2015;21;519481;2;0;0;0;34601028;20626731;84328;50;23193672;9;0;0;0
FR;0;2021-07-01;231445;458526;2226;5;498471;0;0;0;0;34832473;21085257;86554;55;23692143;9;0;0;0
FR;0;2021-07-02;228707;520004;2120;5;562321;2;0;0;0;35061180;21605261;88674;60;24254464;11;0;0;0
FR;0;2021-07-03;142056;368759;908;3;395247;1;0;0;0;35203236;21974020;89582;63;24649711;12;0;0;0
FR;0;2021-07-04;56760;141003;265;0;150695;0;0;0;0;35259996;22115023;89847;63;24800406;12;0;0;0
FR;0;2021-07-05;168544;418633;1668;8;448573;0;0;0;0;35428540;22533656;91515;71;25248979;12;0;0;0
FR;0;2021-07-06;196807;474526;1830;45;511126;8;0;0;0;35625347;23008182;93345;116;25760105;20;0;0;0
FR;0;2021-07-07;213244;438965;1881;25;477428;2;0;0;0;35838591;23447147;95226;141;26237533;22;0;0;0
FR;0;2021-07-08;231673;424128;2089;20;468067;2;0;0;0;36070264;23871275;97315;161;26705600;24;0;0;0
FR;0;2021-07-09;228640;511080;2185;4;557382;2;0;0;0;36298904;24382355;99500;165;27262982;26;0;0;0
FR;0;2021-07-10;148634;339922;986;1;368863;1;0;0;0;36447538;24722277;100486;166;27631845;27;0;0;0
FR;0;2021-07-11;60213;110045;284;0;120961;0;0;0;0;36507751;24832322;100770;166;27752806;27;0;0;0
FR;0;2021-07-12;169439;477710;1765;4;512448;0;0;0;0;36677190;25310032;102535;170;28265254;27;0;0;0
FR;0;2021-07-13;287304;526584;2050;8;585626;0;0;0;0;36964494;25836616;104585;178;28850880;27;0;0;0
FR;0;2021-07-14;181120;157338;435;0;186656;0;0;0;0;37145614;25993954;105020;178;29037536;27;0;0;0
FR;0;2021-07-15;347127;501589;2100;1;571562;0;0;0;0;37492741;26495543;107120;179;29609098;27;0;0;0
FR;0;2021-07-16;380123;494982;2023;3;574167;1;0;0;0;37872864;26990525;109143;182;30183265;28;0;0;0
FR;0;2021-07-17;259749;319641;877;1;368607;0;0;0;0;38132613;27310166;110020;183;30551872;28;0;0;0
FR;0;2021-07-18;109744;114571;310;0;133014;0;0;0;0;38242357;27424737;110330;183;30684886;28;0;0;0
FR;0;2021-07-19;285523;423890;1631;3;478913;0;0;0;0;38527880;27848627;111961;186;31163799;28;0;0;0
FR;0;2021-07-20;376940;451207;1725;0;523550;0;0;0;0;38904820;28299834;113686;186;31687349;28;0;0;0
FR;0;2021-07-21;395838;406855;1550;4;481863;1;0;0;0;39300658;28706689;115236;190;32169212;29;0;0;0
FR;0;2021-07-22;441078;387283;1715;4;471777;2;0;0;0;39741736;29093972;116951;194;32640989;31;0;0;0
FR;0;2021-07-23;440349;421983;1883;4;509956;1;0;0;0;40182085;29515955;118834;198;33150945;32;0;0;0
FR;0;2021-07-24;285265;269306;804;1;321995;0;0;0;0;40467350;29785261;119638;199;33472940;32;0;0;0
FR;0;2021-07-25;121127;79917;234;0;100277;0;0;0;0;40588477;29865178;119872;199;33573217;32;0;0;0
FR;0;2021-07-26;347449;322152;1614;3;384716;1;0;0;0;40935926;30187330;121486;202;33957933;33;0;0;0
FR;0;2021-07-27;464104;319259;1698;4;400413;1;0;0;0;41400030;30506589;123184;206;34358346;34;0;0;0
FR;0;2021-07-28;459469;289353;1637;4;366978;1;0;0;0;41859499;30795942;124821;210;34725324;35;0;0;0
FR;0;2021-07-29;489856;276123;1797;2;357011;0;0;0;0;42349355;31072065;126618;212;35082335;35;0;0;0
FR;0;2021-07-30;461858;302342;1942;5;380843;1;0;0;0;42811213;31374407;128560;217;35463178;36;0;0;0
FR;0;2021-07-31;285415;185013;916;1;231506;0;0;0;0;43096628;31559420;129476;218;35694684;36;0;0;0
FR;0;2021-08-01;112040;49910;257;0;65689;0;0;0;0;43208668;31609330;129733;218;35760373;36;0;0;0
FR;0;2021-08-02;341666;234021;1603;2;284722;0;0;0;0;43550334;31843351;131336;220;36045095;36;0;0;0
FR;0;2021-08-03;398639;244441;1729;2;304525;1;0;0;0;43948973;32087792;133065;222;36349620;37;0;0;0
FR;0;2021-08-04;384884;209509;1594;6;265644;3;0;0;0;44333857;32297301;134659;228;36615264;40;0;0;0
FR;0;2021-08-05;366196;228341;1711;0;281724;0;0;0;0;44700053;32525642;136370;228;36896988;40;0;0;0
FR;0;2021-08-06;359750;271208;1835;4;326604;0;0;0;0;45059803;32796850;138205;232;37223592;40;0;0;0
FR;0;2021-08-07;213144;178313;756;5;210052;1;0;0;0;45272947;32975163;138961;237;37433644;41;0;0;0
FR;0;2021-08-08;74208;63187;276;0;73621;0;0;0;0;45347155;33038350;139237;237;37507265;41;0;0;0
FR;0;2021-08-09;258773;258586;1548;4;297511;2;0;0;0;45605928;33296936;140785;241;37804776;43;0;0;0
FR;0;2021-08-10;306892;277063;1663;2;323463;0;0;0;0;45912820;33573999;142448;243;38128239;43;0;0;0
FR;0;2021-08-11;279761;259548;1441;5;301626;0;0;0;0;46192581;33833547;143889;248;38429865;43;0;0;0
FR;0;2021-08-12;271563;278020;1668;3;320289;0;0;0;0;46464144;34111567;145557;251;38750154;43;0;0;0
FR;0;2021-08-13;252172;278107;1594;3;316951;2;0;0;0;46716316;34389674;147151;254;39067105;45;0;0;0
FR;0;2021-08-14;145362;197066;740;0;218999;0;0;0;0;46861678;34586740;147891;254;39286104;45;0;0;0
FR;0;2021-08-15;39401;50092;218;1;55675;0;0;0;0;46901079;34636832;148109;255;39341779;45;0;0;0
FR;0;2021-08-16;186195;317471;1543;0;345401;0;0;0;0;47087274;34954303;149652;255;39687180;45;0;0;0
FR;0;2021-08-17;215710;335799;1638;7;368835;0;0;0;0;47302984;35290102;151290;262;40056015;45;0;0;0
FR;0;2021-08-18;199072;324357;1599;7;354530;4;0;0;0;47502056;35614459;152889;269;40410545;49;0;0;0
FR;0;2021-08-19;192047;325395;1642;1;355963;0;0;0;0;47694103;35939854;154531;270;40766508;49;0;0;0
FR;0;2021-08-20;186489;366190;1821;3;396634;2;0;0;0;47880592;36306044;156352;273;41163142;51;0;0;0
FR;0;2021-08-21;104807;238124;709;0;254559;0;0;0;0;47985399;36544168;157061;273;41417701;51;0;0;0
FR;0;2021-08-22;31946;87208;256;1;92162;1;0;0;0;48017345;36631376;157317;274;41509863;52;0;0;0
FR;0;2021-08-23;140995;356996;1561;3;379597;0;0;0;0;48158340;36988372;158878;277;41889460;52;0;0;0
FR;0;2021-08-24;162517;376592;1850;5;402850;0;0;0;0;48320857;37364964;160728;282;42292310;52;0;0;0
FR;0;2021-08-25;151161;350708;2038;8;375409;2;0;0;0;48472018;37715672;162766;290;42667719;54;0;0;0
FR;0;2021-08-26;142892;342743;2563;10;367555;0;0;0;0;48614910;38058415;165329;300;43035274;54;0;0;0
FR;0;2021-08-27;148460;388238;2791;11;414898;1;0;0;0;48763370;38446653;168120;311;43450172;55;0;0;0
FR;0;2021-08-28;90679;249634;1407;0;264968;0;0;0;0;48854049;38696287;169527;311;43715140;55;0;0;0
FR;0;2021-08-29;27324;83343;518;1;88260;0;0;0;0;48881373;38779630;170045;312;43803400;55;0;0;0
FR;0;2021-08-30;117429;324581;4714;6;342392;5850;0;0;0;48998802;39104211;174759;318;44145792;5905;0;0;0
FR;0;2021-08-31;128828;334444;10189;19;353920;11774;2;0;0;49127630;39438655;184948;337;44499712;17679;2;0;0
FR;0;2021-09-01;136168;285652;22436;8;302411;24406;1;0;0;49263798;39724307;207384;345;44802123;42085;3;0;0
FR;0;2021-09-02;114660;247199;26524;20;262103;29007;0;0;0;49378458;39971506;233908;365;45064226;71092;3;0;0
FR;0;2021-09-03;118325;292657;29967;24;309321;33074;1;0;0;49496783;40264163;263875;389;45373547;104166;4;0;0
FR;0;2021-09-04;89891;217786;12587;12;230492;14154;7;0;0;49586674;40481949;276462;401;45604039;118320;11;0;0
FR;0;2021-09-05;21363;44798;4397;2;48280;4719;0;0;0;49608037;40526747;280859;403;45652319;123039;11;0;0
FR;0;2021-09-06;75700;180500;31957;16;190686;34303;2;0;0;49683737;40707247;312816;419;45843005;157342;13;0;0
FR;0;2021-09-07;80316;181180;33250;43;191052;36318;2;0;0;49764053;40888427;346066;462;46034057;193660;15;0;0
FR;0;2021-09-08;91009;206081;29667;28;216573;32573;4;0;0;49855062;41094508;375733;490;46250630;226233;19;0;0
FR;0;2021-09-09;76964;165297;33084;27;174107;36700;5;0;0;49932026;41259805;408817;517;46424737;262933;24;0;0
FR;0;2021-09-10;96045;203814;35743;28;214904;40791;7;0;0;50028071;41463619;444560;545;46639641;303724;31;0;0
FR;0;2021-09-11;67168;169335;12141;19;178194;14409;0;0;0;50095239;41632954;456701;564;46817835;318133;31;0;0
FR;0;2021-09-12;12828;32093;2783;1;34141;3189;2;0;0;50108067;41665047;459484;565;46851976;321322;33;0;0
FR;0;2021-09-13;64579;126165;41248;35;134192;44260;17;0;0;50172646;41791212;500732;600;46986168;365582;50;0;0
FR;0;2021-09-14;73496;129004;56387;80;135764;62428;43;0;0;50246142;41920216;557119;680;47121932;428010;93;0;0
FR;0;2021-09-15;76656;167735;55670;58;174685;54849;77;0;0;50322798;42087951;612789;738;47296617;482859;170;0;0
FR;0;2021-09-16;63894;114499;60099;82;117881;60169;65;0;0;50386692;42202450;672888;820;47414498;543028;235;0;0
FR;0;2021-09-17;75090;156851;53864;71;159734;57355;68;0;0;50461782;42359301;726752;891;47574232;600383;303;0;0
FR;0;2021-09-18;48243;139633;15602;25;144318;17319;20;0;0;50510025;42498934;742354;916;47718550;617702;323;0;0
FR;0;2021-09-19;7908;23650;2442;1;24880;2618;1;0;0;50517933;42522584;744796;917;47743430;620320;324;0;0
FR;0;2021-09-20;44581;93756;50087;72;96247;50347;34;0;0;50562514;42616340;794883;989;47839677;670667;358;0;0
FR;0;2021-09-21;45912;98368;62772;77;98383;63508;79;0;0;50608426;42714708;857655;1066;47938060;734175;437;0;0
FR;0;2021-09-22;48700;142390;55381;82;144836;55480;47;0;0;50657126;42857098;913036;1148;48082896;789655;484;0;0
FR;0;2021-09-23;43294;92064;62407;95;91273;63590;86;0;0;50700420;42949162;975443;1243;48174169;853245;570;0;0
FR;0;2021-09-24;52318;133290;54566;107;132394;59225;78;0;0;50752738;43082452;1030009;1350;48306563;912470;648;0;0
FR;0;2021-09-25;35222;115661;16276;36;118649;18313;22;0;0;50787960;43198113;1046285;1386;48425212;930783;670;0;0
FR;0;2021-09-26;5559;17803;2273;5;18688;2332;5;0;0;50793519;43215916;1048558;1391;48443900;933115;675;0;0
FR;0;2021-09-27;33983;76900;47204;97;78785;48187;82;0;1;50827502;43292816;1095762;1488;48522685;981302;757;0;1
FR;0;2021-09-28;36525;75246;54980;90;74336;56593;47;0;0;50864027;43368062;1150742;1578;48597021;1037895;804;0;1
FR;0;2021-09-29;44426;100695;53372;112;102854;54907;42;0;0;50908453;43468757;1204114;1690;48699875;1092802;846;0;1
FR;0;2021-09-30;36348;72979;57045;96;71484;59607;58;0;0;50944801;43541736;1261159;1786;48771359;1152409;904;0;1
FR;0;2021-10-01;61719;102856;57833;108;101417;64010;24;0;0;51006520;43644592;1318992;1894;48872776;1216419;928;0;1
FR;0;2021-10-02;39471;78449;20964;39;81733;23384;12;0;0;51045991;43723041;1339956;1933;48954509;1239803;940;0;1
FR;0;2021-10-03;5289;10496;2536;4;11261;2544;4;0;0;51051280;43733537;1342492;1937;48965770;1242347;944;0;1
FR;0;2021-10-04;35201;58504;52635;84;59504;54857;37;0;0;51086481;43792041;1395127;2021;49025274;1297204;981;0;1
FR;0;2021-10-05;33930;64367;61031;135;62104;65113;50;0;0;51120411;43856408;1456158;2156;49087378;1362317;1031;0;1
FR;0;2021-10-06;42726;79300;65762;112;80179;68380;29;0;0;51163137;43935708;1521920;2268;49167557;1430697;1060;0;1
FR;0;2021-10-07;30574;62281;65446;88;59499;68896;38;0;0;51193711;43997989;1587366;2356;49227056;1499593;1098;0;1
FR;0;2021-10-08;49485;91949;77772;111;89892;84812;39;0;0;51243196;44089938;1665138;2467;49316948;1584405;1137;0;1
FR;0;2021-10-09;33677;60944;31548;35;64138;33931;17;0;0;51276873;44150882;1696686;2502;49381086;1618336;1154;0;1
FR;0;2021-10-10;4723;7424;3198;9;7942;3474;2;0;0;51281596;44158306;1699884;2511;49389028;1621810;1156;0;1
FR;0;2021-10-11;30731;49884;61049;105;50601;64110;51;0;0;51312327;44208190;1760933;2616;49439629;1685920;1207;0;1
FR;0;2021-10-12;31647;54476;70635;141;51312;76045;27;0;0;51343974;44262666;1831568;2757;49490941;1761965;1234;0;1
FR;0;2021-10-13;40165;62845;74443;137;62796;79396;29;0;1;51384139;44325511;1906011;2894;49553737;1841361;1263;0;2
FR;0;2021-10-14;30364;52868;68775;116;49699;73861;34;0;0;51414503;44378379;1974786;3010;49603436;1915222;1297;0;2
FR;0;2021-10-15;44954;75233;93251;191;70332;103052;26;0;0;51459457;44453612;2068037;3201;49673768;2018274;1323;0;2
FR;0;2021-10-16;31334;44084;36699;44;46702;39650;15;0;0;51490791;44497696;2104736;3245;49720470;2057924;1338;0;2
FR;0;2021-10-17;3895;5224;3603;2;5673;3672;4;0;0;51494686;44502920;2108339;3247;49726143;2061596;1342;0;2
FR;0;2021-10-18;29214;42340;67517;134;42560;71375;27;0;0;51523900;44545260;2175856;3381;49768703;2132971;1369;0;2
FR;0;2021-10-19;27196;45544;76430;140;43207;81676;45;0;0;51551096;44590804;2252286;3521;49811910;2214647;1414;0;2
FR;0;2021-10-20;35343;52400;96956;181;51806;101575;45;0;0;51586439;44643204;2349242;3702;49863716;2316222;1459;0;2
FR;0;2021-10-21;26164;45166;83995;112;41961;89193;30;0;0;51612603;44688370;2433237;3814;49905677;2405415;1489;0;2
FR;0;2021-10-22;38450;62491;104925;200;59357;112652;61;0;0;51651053;44750861;2538162;4014;49965034;2518067;1550;0;2
FR;0;2021-10-23;27036;41201;45466;57;42432;48637;14;0;0;51678089;44792062;2583628;4071;50007466;2566704;1564;0;2
FR;0;2021-10-24;2947;4766;3685;6;5016;3923;1;0;0;51681036;44796828;2587313;4077;50012482;2570627;1565;0;2
FR;0;2021-10-25;26105;36206;82346;144;35483;86677;38;0;0;51707141;44833034;2669659;4221;50047965;2657304;1603;0;2
FR;0;2021-10-26;23769;34988;87278;166;32162;92405;34;0;0;51730910;44868022;2756937;4387;50080127;2749709;1637;0;2
FR;0;2021-10-27;30115;46307;109031;257;44045;114752;48;0;0;51761025;44914329;2865968;4644;50124172;2864461;1685;0;2
FR;0;2021-10-28;23609;34929;88741;153;31198;94538;35;0;0;51784634;44949258;2954709;4797;50155370;2958999;1720;0;2
FR;0;2021-10-29;31586;51451;117346;206;46501;125432;53;0;0;51816220;45000709;3072055;5003;50201871;3084431;1773;0;2
FR;0;2021-10-30;20577;33236;50361;76;32923;53429;20;0;0;51836797;45033945;3122416;5079;50234794;3137860;1793;0;2
FR;0;2021-10-31;2518;3733;3595;3;3845;3881;3;0;0;51839315;45037678;3126011;5082;50238639;3141741;1796;0;2
FR;0;2021-11-01;8539;4869;3223;3;5023;3586;10;0;0;51847854;45042547;3129234;5085;50243662;3145327;1806;0;2
FR;0;2021-11-02;26379;40102;93611;156;36245;99671;44;0;1;51874233;45082649;3222845;5241;50279907;3244998;1850;0;3
FR;0;2021-11-03;30127;47901;118928;222;43560;125903;64;0;0;51904360;45130550;3341773;5463;50323467;3370901;1914;0;3
FR;0;2021-11-04;23820;37465;107601;217;31578;114481;46;0;0;51928180;45168015;3449374;5680;50355045;3485382;1960;0;3
FR;0;2021-11-05;32408;52928;141674;236;44644;151461;52;0;0;51960588;45220943;3591048;5916;50399689;3636843;2012;0;3
FR;0;2021-11-06;21553;34546;64907;123;32383;68348;26;0;0;51982141;45255489;3655955;6039;50432072;3705191;2038;0;3
FR;0;2021-11-07;2429;4159;5209;6;4005;5598;7;0;0;51984570;45259648;3661164;6045;50436077;3710789;2045;0;3
FR;0;2021-11-08;20631;37738;127230;227;30949;134355;50;0;0;52005201;45297386;3788394;6272;50467026;3845144;2095;0;3
FR;0;2021-11-09;22442;44640;161737;339;32853;172346;65;0;0;52027643;45342026;3950131;6611;50499879;4017490;2160;0;3
FR;0;2021-11-10;31616;54891;187066;447;44031;198893;92;0;0;52059259;45396917;4137197;7058;50543910;4216383;2252;0;3
FR;0;2021-11-11;4750;6744;12996;28;5905;13979;17;0;0;52064009;45403661;4150193;7086;50549815;4230362;2269;0;3
FR;0;2021-11-12;29099;55050;183838;252;41726;197494;88;0;0;52093108;45458711;4334031;7338;50591541;4427856;2357;0;3
FR;0;2021-11-13;20355;32598;80731;118;28229;86357;44;0;0;52113463;45491309;4414762;7456;50619770;4514213;2401;0;3
FR;0;2021-11-14;2365;3856;7183;6;3362;7847;9;0;0;52115828;45495165;4421945;7462;50623132;4522060;2410;0;3
FR;0;2021-11-15;20520;38547;160908;314;27786;171645;77;0;0;52136348;45533712;4582853;7776;50650918;4693705;2487;0;3
FR;0;2021-11-16;23670;43833;200487;394;27708;215184;115;0;1;52160018;45577545;4783340;8170;50678626;4908889;2602;0;4
FR;0;2021-11-17;30542;50235;199903;406;36447;212967;99;0;0;52190560;45627780;4983243;8576;50715073;5121856;2701;0;4
FR;0;2021-11-18;23454;45685;191748;469;29396;205734;95;0;0;52214014;45673465;5174991;9045;50744469;5327590;2796;0;4
FR;0;2021-11-19;33695;61277;243289;551;39916;262308;148;0;0;52247709;45734742;5418280;9596;50784385;5589898;2944;0;4
FR;0;2021-11-20;25423;36655;102190;207;29263;109759;45;0;0;52273132;45771397;5520470;9803;50813648;5699657;2989;0;4
FR;0;2021-11-21;2664;4444;9679;19;3441;10607;19;0;0;52275796;45775841;5530149;9822;50817089;5710264;3008;0;4
FR;0;2021-11-22;22822;33108;180436;472;18911;194919;90;0;0;52298618;45808949;5710585;10294;50836000;5905183;3098;0;4
FR;0;2021-11-23;25735;45463;229490;549;24115;247983;85;0;0;52324353;45854412;5940075;10843;50860115;6153166;3183;0;4
FR;0;2021-11-24;31820;53597;224904;715;34478;243356;80;0;0;52356173;45908009;6164979;11558;50894593;6396522;3263;0;4
FR;0;2021-11-25;25654;49135;256021;739;25052;277929;112;0;0;52381827;45957144;6421000;12297;50919645;6674451;3375;0;4
FR;0;2021-11-26;33254;74675;379565;867;37398;414799;172;0;0;52415081;46031819;6800565;13164;50957043;7089250;3547;0;4
FR;0;2021-11-27;23508;49553;214973;391;28450;236775;135;0;0;52438589;46081372;7015538;13555;50985493;7326025;3682;0;4
FR;0;2021-11-28;3527;10444;56785;66;4057;63331;42;0;0;52442116;46091816;7072323;13621;50989550;7389356;3724;0;4
FR;0;2021-11-29;19445;54065;341564;864;23089;371904;178;0;0;52461561;46145881;7413887;14485;51012639;7761260;3902;0;4
FR;0;2021-11-30;24788;71801;457488;988;26804;500929;288;0;0;52486349;46217682;7871375;15473;51039443;8262189;4190;0;4
FR;0;2021-12-01;27394;75430;469218;1162;31321;511440;304;0;0;52513743;46293112;8340593;16635;51070764;8773629;4494;0;4
FR;0;2021-12-02;22126;71485;527242;1282;21020;575039;308;0;0;52535869;46364597;8867835;17917;51091784;9348668;4802;0;4
FR;0;2021-12-03;25579;92774;596528;1421;34356;651297;342;0;0;52561448;46457371;9464363;19338;51126140;9999965;5144;0;4
FR;0;2021-12-04;18341;60311;336306;692;25675;369889;198;0;0;52579789;46517682;9800669;20030;51151815;10369854;5342;0;4
FR;0;2021-12-05;4158;16093;95816;157;4860;107048;92;0;0;52583947;46533775;9896485;20187;51156675;10476902;5434;0;4
FR;0;2021-12-06;28451;72683;493279;1175;25236;540104;384;0;0;52612398;46606458;10389764;21362;51181911;11017006;5818;0;4
FR;0;2021-12-07;23567;91193;645559;1774;28522;706559;416;0;0;52635965;46697651;11035323;23136;51210433;11723565;6234;0;4
FR;0;2021-12-08;25522;91880;591807;1875;34950;647672;440;0;0;52661487;46789531;11627130;25011;51245383;12371237;6674;0;4
FR;0;2021-12-09;24085;94062;663317;2180;28992;726781;461;0;0;52685572;46883593;12290447;27191;51274375;13098018;7135;0;4
FR;0;2021-12-10;28080;110847;736200;2075;37960;806369;471;0;1;52713652;46994440;13026647;29266;51312335;13904387;7606;0;5
FR;0;2021-12-11;20254;76041;435246;990;29945;480467;343;0;0;52733906;47070481;13461893;30256;51342280;14384854;7949;0;5
FR;0;2021-12-12;5682;23111;142358;262;6388;159234;108;0;0;52739588;47093592;13604251;30518;51348668;14544088;8057;0;5
FR;0;2021-12-13;21370;90740;587835;1699;29682;649461;397;0;0;52760958;47184332;14192086;32217;51378350;15193549;8454;0;5
FR;0;2021-12-14;27988;118215;765789;2657;35422;847760;700;0;1;52788946;47302547;14957875;34874;51413772;16041309;9154;0;6
FR;0;2021-12-15;28454;114161;694516;2266;39516;769300;502;0;1;52817400;47416708;15652391;37140;51453288;16810609;9656;0;7
FR;0;2021-12-16;28056;115566;764237;2559;35098;844640;514;0;0;52845456;47532274;16416628;39699;51488386;17655249;10170;0;7
FR;0;2021-12-17;31666;128248;808024;2713;43347;892178;611;0;0;52877122;47660522;17224652;42412;51531733;18547427;10781;0;7
FR;0;2021-12-18;24944;81493;470055;1179;30053;522270;353;0;0;52902066;47742015;17694707;43591;51561786;19069697;11134;0;7
FR;0;2021-12-19;8770;28521;169447;376;7836;191065;142;0;0;52910836;47770536;17864154;43967;51569622;19260762;11276;0;7
FR;0;2021-12-20;31780;97057;591617;1789;33838;658845;501;0;0;52942616;47867593;18455771;45756;51603460;19919607;11777;0;7
FR;0;2021-12-21;39475;111865;682547;2391;38771;759682;605;0;0;52982091;47979458;19138318;48147;51642231;20679289;12382;0;7
FR;0;2021-12-22;39564;99147;575887;2169;37114;642206;687;0;2;53021655;48078605;19714205;50316;51679345;21321495;13069;0;9
FR;0;2021-12-23;33786;79347;441098;1659;30117;494437;589;0;0;53055441;48157952;20155303;51975;51709462;21815932;13658;0;9
FR;0;2021-12-24;10699;26017;111054;398;11639;126673;236;0;1;53066140;48183969;20266357;52373;51721101;21942605;13894;0;10
FR;0;2021-12-25;777;3572;7601;25;2046;9025;72;0;0;53066917;48187541;20273958;52398;51723147;21951630;13966;0;10
FR;0;2021-12-26;4698;11887;52119;142;4741;60167;170;0;0;53071615;48199428;20326077;52540;51727888;22011797;14136;0;10
FR;0;2021-12-27;30511;83936;453622;1364;33044;509271;665;0;0;53102126;48283364;20779699;53904;51760932;22521068;14801;0;10
FR;0;2021-12-28;38369;98802;564232;1769;35096;632323;1558;0;2;53140495;48382166;21343931;55673;51796028;23153391;16359;0;12
FR;0;2021-12-29;39881;88158;501279;1687;33102;561047;1738;0;1;53180376;48470324;21845210;57360;51829130;23714438;18097;0;13
FR;0;2021-12-30;35925;75057;421073;1520;29513;471167;1880;0;0;53216301;48545381;22266283;58880;51858643;24185605;19977;0;13
FR;0;2021-12-31;12051;25077;116893;405;11268;131679;740;0;0;53228352;48570458;22383176;59285;51869911;24317284;20717;0;13
FR;0;2022-01-01;1587;3216;8532;37;1803;9944;103;0;0;53229939;48573674;22391708;59322;51871714;24327228;20820;0;13
FR;0;2022-01-02;6122;13011;58437;126;5105;66973;408;0;0;53236061;48586685;22450145;59448;51876819;24394201;21228;0;13
FR;0;2022-01-03;39167;90154;494896;1597;36885;551783;2647;0;1;53275228;48676839;22945041;61045;51913704;24945984;23875;0;14
FR;0;2022-01-04;42194;111020;641466;2308;40664;714491;3835;0;3;53317422;48787859;23586507;63353;51954368;25660475;27710;0;17
FR;0;2022-01-05;61213;103596;569263;1984;43812;634299;3428;0;2;53378635;48891455;24155770;65337;51998180;26294774;31138;0;19
FR;0;2022-01-06;44310;110304;639048;2702;40234;711556;4557;0;2;53422945;49001759;24794818;68039;52038414;27006330;35695;0;21
FR;0;2022-01-07;50843;123311;711065;2811;46854;790565;4996;0;2;53473788;49125070;25505883;70850;52085268;27796895;40691;0;23
FR;0;2022-01-08;45014;80267;423838;1213;35051;472903;2444;0;3;53518802;49205337;25929721;72063;52120319;28269798;43135;0;26
FR;0;2022-01-09;15615;26602;128580;300;11492;145658;829;0;0;53534417;49231939;26058301;72363;52131811;28415456;43964;0;26
FR;0;2022-01-10;35410;93269;469390;1816;43033;522780;3722;0;1;53569827;49325208;26527691;74179;52174844;28938236;47686;0;27
FR;0;2022-01-11;41947;100451;548320;2310;42415;608571;5219;0;2;53611774;49425659;27076011;76489;52217259;29546807;52905;0;29
FR;0;2022-01-12;60419;95696;452742;1969;49495;504404;4498;0;8;53672193;49521355;27528753;78458;52266754;30051211;57403;0;37
FR;0;2022-01-13;38273;92521;487400;2084;40563;541079;5466;0;8;53710466;49613876;28016153;80542;52307317;30592290;62869;0;45
FR;0;2022-01-14;42585;103317;568662;2286;43522;629048;6467;0;2;53753051;49717193;28584815;82828;52350839;31221338;69336;0;47
FR;0;2022-01-15;39433;65892;340160;984;31460;377570;3294;0;1;53792484;49783085;28924975;83812;52382299;31598908;72630;0;48
FR;0;2022-01-16;11415;19201;87443;216;9018;99406;763;0;0;53803899;49802286;29012418;84028;52391317;31698314;73393;0;48
FR;0;2022-01-17;24753;59999;320320;1384;28053;354163;3961;0;4;53828652;49862285;29332738;85412;52419370;32052477;77354;0;52
FR;0;2022-01-18;28329;68687;361133;1801;32022;397578;5773;0;1;53856981;49930972;29693871;87213;52451392;32450055;83127;0;53
FR;0;2022-01-19;43229;67031;281333;1452;40401;311077;4392;0;5;53900210;49998003;29975204;88665;52491793;32761132;87519;0;58
FR;0;2022-01-20;23677;59594;299062;1750;29556;328534;5636;0;4;53923887;50057597;30274266;90415;52521349;33089666;93155;0;62
FR;0;2022-01-21;28209;68792;366407;2086;33091;401220;6579;0;3;53952096;50126389;30640673;92501;52554440;33490886;99734;0;65
FR;0;2022-01-22;27630;47974;218806;840;27308;241787;2838;0;2;53979726;50174363;30859479;93341;52581748;33732673;102572;0;67
FR;0;2022-01-23;6741;12969;48690;173;7505;55169;591;0;1;53986467;50187332;30908169;93514;52589253;33787842;103163;0;68
FR;0;2022-01-24;16283;47450;217350;1149;25408;239355;4102;0;3;54002750;50234782;31125519;94663;52614661;34027197;107265;0;71
FR;0;2022-01-25;19031;54324;243089;1548;28811;267092;6067;0;5;54021781;50289106;31368608;96211;52643472;34294289;113332;0;76
FR;0;2022-01-26;28147;60552;209309;1298;41367;229535;4479;0;3;54049928;50349658;31577917;97509;52684839;34523824;117811;0;79
FR;0;2022-01-27;16337;46475;207669;1285;26150;226046;5691;0;4;54066265;50396133;31785586;98794;52710989;34749870;123502;0;83
FR;0;2022-01-28;21592;78656;290081;1574;44972;321347;7411;0;4;54087857;50474789;32075667;100368;52755961;35071217;130913;0;87
FR;0;2022-01-29;18423;52851;184139;689;32750;204575;3256;0;2;54106280;50527640;32259806;101057;52788711;35275792;134169;0;89
FR;0;2022-01-30;4477;14470;39150;124;9137;45058;637;0;1;54110757;50542110;32298956;101181;52797848;35320850;134806;0;90
FR;0;2022-01-31;11259;43916;148218;742;26135;164730;4230;0;5;54122016;50586026;32447174;101923;52823983;35485580;139036;0;95
FR;0;2022-02-01;13641;48305;174140;1144;27334;191343;7042;0;1;54135657;50634331;32621314;103067;52851317;35676923;146078;0;96
FR;0;2022-02-02;20647;66299;171557;1034;46161;190083;5969;0;10;54156304;50700630;32792871;104101;52897478;35867006;152047;0;106
FR;0;2022-02-03;11674;44785;157579;990;25337;173289;6933;0;6;54167978;50745415;32950450;105091;52922815;36040295;158980;0;112
FR;0;2022-02-04;14642;67664;239261;1266;37289;264085;9154;0;6;54182620;50813079;33189711;106357;52960104;36304380;168134;0;118
FR;0;2022-02-05;12901;51446;153564;523;31981;172302;3783;0;3;54195521;50864525;33343275;106880;52992085;36476682;171917;0;121
FR;0;2022-02-06;2725;12167;28897;102;7286;33830;662;0;0;54198246;50876692;33372172;106982;52999371;36510512;172579;0;121
FR;0;2022-02-07;9607;46625;156903;593;24513;176309;5293;0;6;54207853;50923317;33529075;107575;53023884;36686821;177872;0;127
FR;0;2022-02-08;9813;43098;166654;869;20963;184449;7053;0;6;54217666;50966415;33695729;108444;53044847;36871270;184925;0;133
FR;0;2022-02-09;14374;58253;172356;876;35349;193066;5788;0;9;54232040;51024668;33868085;109320;53080196;37064336;190713;0;142
FR;0;2022-02-10;8721;39217;150243;880;18692;166722;6502;0;2;54240761;51063885;34018328;110200;53098888;37231058;197215;0;144
FR;0;2022-02-11;10861;55691;218516;1101;25833;243110;8322;0;3;54251622;51119576;34236844;111301;53124721;37474168;205537;0;147
FR;0;2022-02-12;8408;40970;134739;465;22636;151767;3509;0;4;54260030;51160546;34371583;111766;53147357;37625935;209046;0;151
FR;0;2022-02-13;1940;8604;26567;86;4410;30929;544;0;3;54261970;51169150;34398150;111852;53151767;37656864;209590;0;154
FR;0;2022-02-14;6993;35258;148387;485;14671;166383;4787;0;5;54268963;51204408;34546537;112337;53166438;37823247;214377;0;159
FR;0;2022-02-15;7067;36234;147002;751;16002;162588;6849;0;3;54276030;51240642;34693539;113088;53182440;37985835;221226;0;162
FR;0;2022-02-16;9415;42991;132543;721;25981;146763;5726;0;6;54285445;51283633;34826082;113809;53208421;38132598;226952;0;168
FR;0;2022-02-17;5578;24343;87313;587;13144;94887;5407;0;5;54291023;51307976;34913395;114396;53221565;38227485;232359;0;173
FR;0;2022-02-18;6999;33584;119671;807;18757;129335;7416;0;2;54298022;51341560;35033066;115203;53240322;38356820;239775;0;175
FR;0;2022-02-19;5370;24558;70027;370;15909;77337;3019;0;2;54303392;51366118;35103093;115573;53256231;38434157;242794;0;177
FR;0;2022-02-20;1148;4658;12175;39;2914;13955;460;0;1;54304540;51370776;35115268;115612;53259145;38448112;243254;0;178
FR;0;2022-02-21;4100;17895;61957;351;10173;67187;4059;0;2;54308640;51388671;35177225;115963;53269318;38515299;247313;0;180
FR;0;2022-02-22;4462;18663;60839;577;11264;64480;5255;0;1;54313102;51407334;35238064;116540;53280582;38579779;252568;0;181
FR;0;2022-02-23;6591;27362;66508;593;19629;71906;4596;0;3;54319693;51434696;35304572;117133;53300211;38651685;257164;0;184
FR;0;2022-02-24;3851;15561;50433;519;9520;53258;4530;0;2;54323544;51450257;35355005;117652;53309731;38704943;261694;0;186
FR;0;2022-02-25;5283;24219;76367;804;15195;80100;7335;0;7;54328827;51474476;35431372;118456;53324926;38785043;269029;0;193
FR;0;2022-02-26;3995;17770;47420;359;12172;51487;3083;0;3;54332822;51492246;35478792;118815;53337098;38836530;272112;0;196
FR;0;2022-02-27;880;3010;8039;47;1978;8948;531;0;0;54333702;51495256;35486831;118862;53339076;38845478;272643;0;196
FR;0;2022-02-28;3125;12556;40494;359;7591;42927;3858;0;0;54336827;51507812;35527325;119221;53346667;38888405;276501;0;196
FR;0;2022-03-01;4006;12610;44204;437;7636;44874;5520;0;6;54340833;51520422;35571529;119658;53354303;38933279;282021;0;202
FR;0;2022-03-02;5334;17800;47151;446;12859;49083;4929;0;2;54346167;51538222;35618680;120104;53367162;38982362;286950;0;204
FR;0;2022-03-03;2828;9356;29902;371;6254;30025;4050;0;2;54348995;51547578;35648582;120475;53373416;39012387;291000;0;206
FR;0;2022-03-04;3228;12499;40339;669;8497;39488;6235;0;4;54352223;51560077;35688921;121144;53381913;39051875;297235;0;210
FR;0;2022-03-05;3074;9285;24962;314;7126;25127;3134;0;1;54355297;51569362;35713883;121458;53389039;39077002;300369;0;211
FR;0;2022-03-06;521;1406;3198;43;1029;3441;379;0;0;54355818;51570768;35717081;121501;53390068;39080443;300748;0;211
FR;0;2022-03-07;2395;5635;18435;315;3851;17707;3307;0;4;54358213;51576403;35735516;121816;53393919;39098150;304055;0;215
FR;0;2022-03-08;2152;6081;19449;363;4335;17921;4094;0;3;54360365;51582484;35754965;122179;53398254;39116071;308149;0;218
FR;0;2022-03-09;3582;10500;22197;407;8728;21293;4040;0;4;54363947;51592984;35777162;122586;53406982;39137364;312189;0;222
FR;0;2022-03-10;1831;5839;17008;344;4386;15834;3407;0;3;54365778;51598823;35794170;122930;53411368;39153198;315596;0;225
FR;0;2022-03-11;2422;7559;24511;545;5439;22277;5481;0;2;54368200;51606382;35818681;123475;53416807;39175475;321077;0;227
FR;0;2022-03-12;2697;6778;17167;309;5496;16522;3136;0;2;54370897;51613160;35835848;123784;53422303;39191997;324213;0;229
FR;0;2022-03-13;406;791;2324;149;600;2273;537;0;0;54371303;51613951;35838172;123933;53422903;39194270;324750;0;229
FR;0;2022-03-14;1557;4274;14988;4412;2809;13842;7295;0;8;54372860;51618225;35853160;128345;53425712;39208112;332045;0;237
FR;0;2022-03-15;1750;6291;16385;7556;4809;14613;11035;0;9;54374610;51624516;35869545;135901;53430521;39222725;343080;0;246
FR;0;2022-03-16;3036;7411;19430;13140;6212;18108;16296;0;8;54377646;51631927;35888975;149041;53436733;39240833;359376;0;254
FR;0;2022-03-17;1460;3987;13155;10846;2807;11995;13314;0;9;54379106;51635914;35902130;159887;53439540;39252828;372690;0;263
FR;0;2022-03-18;2269;5757;20017;18306;4099;18112;22039;0;15;54381375;51641671;35922147;178193;53443639;39270940;394729;0;278
FR;0;2022-03-19;2294;4804;13116;9406;4140;12419;11409;0;6;54383669;51646475;35935263;187599;53447779;39283359;406138;0;284
FR;0;2022-03-20;301;736;1919;1073;528;1931;1340;0;2;54383970;51647211;35937182;188672;53448307;39285290;407478;0;286
FR;0;2022-03-21;1394;3220;12733;14951;2156;11957;16910;0;11;54385364;51650431;35949915;203623;53450463;39297247;424388;0;297
FR;0;2022-03-22;1557;3739;13802;20553;2578;12557;22845;0;5;54386921;51654170;35963717;224176;53453041;39309804;447233;0;302
FR;0;2022-03-23;2688;6291;17733;23151;5223;17245;25267;0;40;54389609;51660461;35981450;247327;53458264;39327049;472500;0;342
FR;0;2022-03-24;1408;3160;11597;17615;2248;10682;19390;0;23;54391017;51663621;35993047;264942;53460512;39337731;491890;0;365
FR;0;2022-03-25;2085;5157;18577;27775;3687;16915;30809;0;31;54393102;51668778;36011624;292717;53464199;39354646;522699;0;396
FR;0;2022-03-26;2232;4415;12080;12678;3865;11520;14400;0;26;54395334;51673193;36023704;305395;53468064;39366166;537099;0;422
FR;0;2022-03-27;363;693;1909;1483;516;1943;1740;0;1;54395697;51673886;36025613;306878;53468580;39368109;538839;0;423
FR;0;2022-03-28;1464;3081;11131;17490;2118;10620;19069;0;16;54397161;51676967;36036744;324368;53470698;39378729;557908;0;439
FR;0;2022-03-29;1454;3277;12912;27585;2094;12054;29284;0;34;54398615;51680244;36049656;351953;53472792;39390783;587192;0;473
FR;0;2022-03-30;2854;5522;15686;27430;4706;15086;29336;0;21;54401469;51685766;36065342;379383;53477498;39405869;616528;0;494
FR;0;2022-03-31;1614;3568;12990;25025;2552;12331;26634;0;43;54403083;51689334;36078332;404408;53480050;39418200;643162;0;537
FR;0;2022-04-01;2683;4585;20080;30896;2969;18722;33489;0;61;54405766;51693919;36098412;435304;53483019;39436922;676651;0;598
FR;0;2022-04-02;1531;2647;9054;10133;2009;8726;11296;0;29;54407297;51696566;36107466;445437;53485028;39445648;687947;0;627
FR;0;2022-04-03;293;516;1562;1171;360;1580;1382;0;2;54407590;51697082;36109028;446608;53485388;39447228;689329;0;629
FR;0;2022-04-04;3769;2957;12380;19129;1976;11590;20600;0;35;54411359;51700039;36121408;465737;53487364;39458818;709929;0;664
FR;0;2022-04-05;2586;3166;14344;34142;2044;13198;35759;0;85;54413945;51703205;36135752;499879;53489408;39472016;745688;0;749
FR;0;2022-04-06;2605;3958;13542;26509;3023;12816;27979;0;72;54416550;51707163;36149294;526388;53492431;39484832;773667;0;821
FR;0;2022-04-07;1989;3145;13682;33794;1995;12893;35151;0;76;54418539;51710308;36162976;560182;53494426;39497725;808818;0;897
FR;0;2022-04-08;2310;4334;19232;44014;2667;17855;46367;0;89;54420849;51714642;36182208;604196;53497093;39515580;855185;0;986
FR;0;2022-04-09;1373;2680;9314;13567;1901;8868;14800;0;30;54422222;51717322;36191522;617763;53498994;39524448;869985;0;1016
FR;0;2022-04-10;295;754;1984;2017;552;2006;2279;0;7;54422517;51718076;36193506;619780;53499546;39526454;872264;0;1023
FR;0;2022-04-11;1342;2619;11873;23913;1635;11483;25184;0;74;54423859;51720695;36205379;643693;53501181;39537937;897448;0;1097
FR;0;2022-04-12;1727;3076;14021;40927;1959;13394;41816;0;127;54425586;51723771;36219400;684620;53503140;39551331;939264;0;1224
FR;0;2022-04-13;1978;3721;13415;33118;2718;13037;34087;0;96;54427564;51727492;36232815;717738;53505858;39564368;973351;0;1320
FR;0;2022-04-14;1501;2981;13215;36326;1909;13073;36995;0;105;54429065;51730473;36246030;754064;53507767;39577441;1010346;0;1425
FR;0;2022-04-15;1872;3801;15644;35583;2544;14923;37235;0;115;54430937;51734274;36261674;789647;53510311;39592364;1047581;0;1540
FR;0;2022-04-16;1044;1834;6400;8553;1263;6263;9435;0;40;54431981;51736108;36268074;798200;53511574;39598627;1057016;0;1580
FR;0;2022-04-17;195;339;993;1174;223;1036;1242;0;7;54432176;51736447;36269067;799374;53511797;39599663;1058258;0;1587
FR;0;2022-04-18;199;543;2768;1072;342;2787;1287;0;5;54432375;51736990;36271835;800446;53512139;39602450;1059545;0;1592
FR;0;2022-04-19;1545;3029;12919;29689;1876;12478;30737;0;78;54433920;51740019;36284754;830135;53514015;39614928;1090282;0;1670
FR;0;2022-04-20;2003;3492;13305;29068;2606;12993;30084;0;96;54435923;51743511;36298059;859203;53516621;39627921;1120366;0;1766
FR;0;2022-04-21;1515;2852;12550;35187;1823;12628;35775;0;117;54437438;51746363;36310609;894390;53518444;39640549;1156141;0;1883
FR;0;2022-04-22;1879;3622;16479;37622;2399;15837;39161;0;131;54439317;51749985;36327088;932012;53520843;39656386;1195302;0;2014
FR;0;2022-04-23;1151;2064;7389;10659;1473;7240;11444;0;38;54440468;51752049;36334477;942671;53522316;39663626;1206746;0;2052
FR;0;2022-04-24;250;466;1476;1591;325;1413;1848;0;7;54440718;51752515;36335953;944262;53522641;39665039;1208594;0;2059
FR;0;2022-04-25;1308;2533;10685;21071;1612;10491;22092;0;79;54442026;51755048;36346638;965333;53524253;39675530;1230686;0;2138
FR;0;2022-04-26;1627;3004;13667;38656;1964;13111;39452;0;181;54443653;51758052;36360305;1003989;53526217;39688641;1270138;0;2319
FR;0;2022-04-27;1964;3064;11539;31067;2277;11596;31486;0;130;54445617;51761116;36371844;1035056;53528494;39700237;1301624;0;2449
FR;0;2022-04-28;1570;2771;12527;36247;1853;12269;36563;0;139;54447187;51763887;36384371;1071303;53530347;39712506;1338187;0;2588
FR;0;2022-04-29;2008;4825;15559;37281;3629;14935;38752;0;164;54449195;51768712;36399930;1108584;53533976;39727441;1376939;0;2752
FR;0;2022-04-30;1223;4013;6927;9717;3508;6756;10608;0;44;54450418;51772725;36406857;1118301;53537484;39734197;1387547;0;2796
FR;0;2022-05-01;218;325;916;1000;229;911;1141;0;6;54450636;51773050;36407773;1119301;53537713;39735108;1388688;0;2802
FR;0;2022-05-02;2293;2952;11154;18176;2048;10987;19021;0;69;54452929;51776002;36418927;1137477;53539761;39746095;1407709;0;2871
FR;0;2022-05-03;2057;3266;13725;34683;2128;13566;35604;0;163;54454986;51779268;36432652;1172160;53541889;39759661;1443313;0;3034
FR;0;2022-05-04;1921;3298;12185;25646;2298;12302;26197;0;110;54456907;51782566;36444837;1197806;53544187;39771963;1469510;0;3144
FR;0;2022-05-05;1788;3029;13070;33597;2008;12915;34265;0;180;54458695;51785595;36457907;1231403;53546195;39784878;1503775;0;3324
FR;0;2022-05-06;2216;3660;15352;36806;2319;14862;38268;0;182;54460911;51789255;36473259;1268209;53548514;39799740;1542043;0;3506
FR;0;2022-05-07;1209;1782;6464;9614;1255;6455;10339;0;48;54462120;51791037;36479723;1277823;53549769;39806195;1552382;0;3554
FR;0;2022-05-08;267;400;1175;1548;288;1236;1654;0;8;54462387;51791437;36480898;1279371;53550057;39807431;1554036;0;3562
FR;0;2022-05-09;1396;2304;9925;20259;1411;9795;21176;0;102;54463783;51793741;36490823;1299630;53551468;39817226;1575212;0;3664
FR;0;2022-05-10;1795;3427;13576;38999;2290;13132;40026;0;200;54465578;51797168;36504399;1338629;53553758;39830358;1615238;0;3864
FR;0;2022-05-11;2004;3016;10751;27937;2320;10697;28444;0;146;54467582;51800184;36515150;1366566;53556078;39841055;1643682;0;4010
FR;0;2022-05-12;1594;2740;11379;35736;1810;11051;36498;0;211;54469176;51802924;36526529;1402302;53557888;39852106;1680180;0;4221
FR;0;2022-05-13;1981;3221;13761;37980;2061;13350;39245;0;162;54471157;51806145;36540290;1440282;53559949;39865456;1719425;0;4383
FR;0;2022-05-14;1149;1641;5938;10778;1198;5801;11366;0;57;54472306;51807786;36546228;1451060;53561147;39871257;1730791;0;4440
FR;0;2022-05-15;283;477;1278;1440;300;1361;1593;0;6;54472589;51808263;36547506;1452500;53561447;39872618;1732384;0;4446
FR;0;2022-05-16;1195;2045;8692;21069;1246;8698;21597;0;128;54473784;51810308;36556198;1473569;53562693;39881316;1753981;0;4574
FR;0;2022-05-17;1590;2603;11824;37879;1668;11401;38720;0;180;54475374;51812911;36568022;1511448;53564361;39892717;1792701;0;4754
FR;0;2022-05-18;1816;2652;9692;27163;1955;9666;27781;0;109;54477190;51815563;36577714;1538611;53566316;39902383;1820482;0;4863
FR;0;2022-05-19;1448;2659;10576;35840;1632;10717;36029;0;162;54478638;51818222;36588290;1574451;53567948;39913100;1856511;0;5025
FR;0;2022-05-20;1873;3116;13423;39370;2076;12912;40388;0;168;54480511;51821338;36601713;1613821;53570024;39926012;1896899;0;5193
FR;0;2022-05-21;1159;1715;5662;9897;1310;5534;10533;0;45;54481670;51823053;36607375;1623718;53571334;39931546;1907432;0;5238
FR;0;2022-05-22;241;341;1029;1439;263;1015;1583;0;10;54481911;51823394;36608404;1625157;53571597;39932561;1909015;0;5248
FR;0;2022-05-23;1176;2123;8878;20350;1406;8827;21005;0;86;54483087;51825517;36617282;1645507;53573003;39941388;1930020;0;5334
FR;0;2022-05-24;1541;2760;11366;38880;1737;11238;39509;0;190;54484628;51828277;36628648;1684387;53574740;39952626;1969529;0;5524
FR;0;2022-05-25;1814;2835;9342;24846;2074;9480;25322;0;116;54486442;51831112;36637990;1709233;53576814;39962106;1994851;0;5640
FR;0;2022-05-26;216;430;1666;1201;293;1676;1345;0;26;54486658;51831542;36639656;1710434;53577107;39963782;1996196;0;5666
FR;0;2022-05-27;1387;2473;9265;21292;1666;9005;22326;0;94;54488045;51834015;36648921;1731726;53578773;39972787;2018522;0;5760
FR;0;2022-05-28;669;1271;3918;6793;851;3967;7202;0;38;54488714;51835286;36652839;1738519;53579624;39976754;2025724;0;5798
FR;0;2022-05-29;157;315;752;921;200;773;1033;0;4;54488871;51835601;36653591;1739440;53579824;39977527;2026757;0;5802
FR;0;2022-05-30;1025;1966;6994;19296;1247;7011;19808;0;91;54489896;51837567;36660585;1758736;53581071;39984538;2046565;0;5893
FR;0;2022-05-31;1488;2518;9822;35661;1649;9643;36294;0;171;54491384;51840085;36670407;1794397;53582720;39994181;2082859;0;6064
FR;0;2022-06-01;1746;3101;11028;24537;2247;10895;25490;0;122;54493130;51843186;36681435;1818934;53584967;40005076;2108349;0;6186
FR;0;2022-06-02;1478;2613;11303;35570;1713;10859;36515;0;174;54494608;51845799;36692738;1854504;53586680;40015935;2144864;0;6360
FR;0;2022-06-03;1726;3078;13419;38726;2047;12783;39997;0;176;54496334;51848877;36706157;1893230;53588727;40028718;2184861;0;6536
FR;0;2022-06-04;973;1516;5046;9112;1076;5117;9648;0;73;54497307;51850393;36711203;1902342;53589803;40033835;2194509;0;6609
FR;0;2022-06-05;180;335;875;1107;205;886;1229;0;4;54497487;51850728;36712078;1903449;53590008;40034721;2195738;0;6613
FR;0;2022-06-06;772;1234;2120;1329;1059;2136;1509;0;13;54498259;51851962;36714198;1904778;53591067;40036857;2197247;0;6626
FR;0;2022-06-07;1488;2711;9853;35587;1789;9431;36814;0;153;54499747;51854673;36724051;1940365;53592856;40046288;2234061;0;6779
FR;0;2022-06-08;1579;2695;9168;28787;1940;9011;29752;0;112;54501326;51857368;36733219;1969152;53594796;40055299;2263813;0;6891
FR;0;2022-06-09;1294;2439;10621;39498;1553;10265;40273;0;167;54502620;51859807;36743840;2008650;53596349;40065564;2304086;0;7058
FR;0;2022-06-10;1631;3184;13094;44826;2152;12656;46151;0;223;54504251;51862991;36756934;2053476;53598501;40078220;2350237;0;7281
FR;0;2022-06-11;962;1739;5435;11626;1125;5468;12211;0;55;54505213;51864730;36762369;2065102;53599626;40083688;2362448;0;7336
FR;0;2022-06-12;199;445;1077;1765;255;1140;1866;0;11;54505412;51865175;36763446;2066867;53599881;40084828;2364314;0;7347
FR;0;2022-06-13;1116;2068;7440;23183;1342;7270;24099;0;90;54506528;51867243;36770886;2090050;53601223;40092098;2388413;0;7437
FR;0;2022-06-14;1342;2546;10450;44945;1595;9806;46141;0;200;54507870;51869789;36781336;2134995;53602818;40101904;2434554;0;7637
FR;0;2022-06-15;1522;2455;9323;30895;1923;8955;31592;0;178;54509392;51872244;36790659;2165890;53604741;40110859;2466146;0;7815
FR;0;2022-06-16;1185;2040;9914;39930;1275;9324;40951;0;201;54510577;51874284;36800573;2205820;53606016;40120183;2507097;0;8016
FR;0;2022-06-17;1490;2858;12508;46693;1784;11910;47934;0;240;54512067;51877142;36813081;2252513;53607800;40132093;2555031;0;8256
FR;0;2022-06-18;856;1527;4565;11125;1038;4500;11719;0;67;54512923;51878669;36817646;2263638;53608838;40136593;2566750;0;8323
FR;0;2022-06-19;183;363;1059;1615;208;1131;1701;0;14;54513106;51879032;36818705;2265253;53609046;40137724;2568451;0;8337
FR;0;2022-06-20;1025;1922;8909;26079;1196;8570;27020;0;154;54514131;51880954;36827614;2291332;53610242;40146294;2595471;0;8491
FR;0;2022-06-21;1325;2400;10310;49897;1535;9338;51282;0;264;54515456;51883354;36837924;2341229;53611777;40155632;2646753;0;8755
FR;0;2022-06-22;1396;2513;8912;39057;1802;8421;40001;0;256;54516852;51885867;36846836;2380286;53613579;40164053;2686754;0;9011
FR;0;2022-06-23;1229;2368;10677;55106;1365;9883;56238;0;320;54518081;51888235;36857513;2435392;53614944;40173936;2742992;0;9331
FR;0;2022-06-24;1492;2995;13643;69187;1751;12305;71005;0;405;54519573;51891230;36871156;2504579;53616695;40186241;2813997;0;9736
FR;0;2022-06-25;938;1781;6235;19921;1112;5988;20776;0;177;54520511;51893011;36877391;2524500;53617807;40192229;2834773;0;9913
FR;0;2022-06-26;229;459;1952;3688;259;1817;3966;0;39;54520740;51893470;36879343;2528188;53618066;40194046;2838739;0;9952
FR;0;2022-06-27;1132;2023;10493;48486;1175;9636;49754;0;339;54521872;51895493;36889836;2576674;53619241;40203682;2888493;0;10291
FR;0;2022-06-28;1463;2815;14668;91389;1583;13089;93158;0;623;54523335;51898308;36904504;2668063;53620824;40216771;2981651;0;10914
FR;0;2022-06-29;1712;2830;12291;71892;1843;11239;73034;0;548;54525047;51901138;36916795;2739955;53622667;40228010;3054685;0;11462
FR;0;2022-06-30;1534;2729;14395;95169;1650;12475;97184;0;724;54526581;51903867;36931190;2835124;53624317;40240485;3151869;0;12186
FR;0;2022-07-01;2013;3801;21497;115928;2304;18852;118574;0;954;54528594;51907668;36952687;2951052;53626621;40259337;3270443;0;13140
FR;0;2022-07-02;1088;1859;8525;35753;1108;7702;36874;0;342;54529682;51909527;36961212;2986805;53627729;40267039;3307317;0;13482
FR;0;2022-07-03;292;539;2094;6455;318;1897;6804;0;79;54529974;51910066;36963306;2993260;53628047;40268936;3314121;0;13561
FR;0;2022-07-04;1814;3438;14711;79227;2297;12991;81300;0;639;54531788;51913504;36978017;3072487;53630344;40281927;3395421;0;14200
FR;0;2022-07-05;1766;3166;18834;133254;1797;16018;135545;0;1145;54533554;51916670;36996851;3205741;53632141;40297945;3530966;0;15345
FR;0;2022-07-06;1830;2782;15850;99584;1844;13641;101152;0;900;54535384;51919452;37012701;3305325;53633985;40311586;3632118;0;16245
FR;0;2022-07-07;1710;2872;18005;126039;1713;14785;128365;0;1179;54537094;51922324;37030706;3431364;53635698;40326371;3760483;0;17424
FR;0;2022-07-08;1892;3152;20752;137083;1854;16764;140077;0;1347;54538986;51925476;37051458;3568447;53637552;40343135;3900560;0;18771
FR;0;2022-07-09;867;1463;7742;37927;884;6687;38771;0;426;54539853;51926939;37059200;3606374;53638436;40349822;3939331;0;19197
FR;0;2022-07-10;267;679;2346;7004;433;2125;7395;0;94;54540120;51927618;37061546;3613378;53638869;40351947;3946726;0;19291
FR;0;2022-07-11;1449;2472;15018;88284;1396;12511;90472;0;801;54541569;51930090;37076564;3701662;53640265;40364458;4037198;0;20092
FR;0;2022-07-12;1834;3115;20535;143972;1711;16731;146675;0;1604;54543403;51933205;37097099;3845634;53641976;40381189;4183873;0;21696
FR;0;2022-07-13;1769;2750;15695;94541;1659;13277;96400;0;1080;54545172;51935955;37112794;3940175;53643635;40394466;4280273;0;22776
FR;0;2022-07-14;185;370;1955;5538;220;1834;5705;0;82;54545357;51936325;37114749;3945713;53643855;40396300;4285978;0;22858
FR;0;2022-07-15;1485;2570;15114;84461;1433;12597;86620;0;1035;54546842;51938895;37129863;4030174;53645288;40408897;4372598;0;23893
FR;0;2022-07-16;623;1192;5948;24981;698;5155;25672;0;327;54547465;51940087;37135811;4055155;53645986;40414052;4398270;0;24220
FR;0;2022-07-17;182;394;1738;4665;218;1569;4937;0;66;54547647;51940481;37137549;4059820;53646204;40415621;4403207;0;24286
FR;0;2022-07-18;1130;2249;11827;61807;1338;9975;63672;0;780;54548777;51942730;37149376;4121627;53647542;40425596;4466879;0;25066
FR;0;2022-07-19;1418;2350;15471;103702;1390;12293;105889;0;1459;54550195;51945080;37164847;4225329;53648932;40437889;4572768;0;26525
FR;0;2022-07-20;1426;2297;12966;77582;1468;10738;79171;0;1051;54551621;51947377;37177813;4302911;53650400;40448627;4651939;0;27576
FR;0;2022-07-21;1286;2169;13094;88238;1370;10496;89723;0;1316;54552907;51949546;37190907;4391149;53651770;40459123;4741662;0;28892
FR;0;2022-07-22;1426;2477;14821;89532;1458;11969;91411;0;1347;54554333;51952023;37205728;4480681;53653228;40471092;4833073;0;30239
FR;0;2022-07-23;683;1310;5534;22481;821;4857;23079;0;411;54555016;51953333;37211262;4503162;53654049;40475949;4856152;0;30650
FR;0;2022-07-24;185;352;1398;3904;203;1241;4130;0;72;54555201;51953685;37212660;4507066;53654252;40477190;4860282;0;30722
FR;0;2022-07-25;1060;1794;9492;48073;1146;7842;49513;0;737;54556261;51955479;37222152;4555139;53655398;40485032;4909795;0;31459
FR;0;2022-07-26;1296;2211;13305;85433;1319;10829;87129;0;1311;54557557;51957690;37235457;4640572;53656717;40495861;4996924;0;32770
FR;0;2022-07-27;1225;2007;10235;61317;1338;8531;62521;0;971;54558782;51959697;37245692;4701889;53658055;40504392;5059445;0;33741
FR;0;2022-07-28;1089;1862;10309;64397;1257;8218;65629;0;1046;54559871;51961559;37256001;4766286;53659312;40512610;5125074;0;34787
FR;0;2022-07-29;1282;2076;11008;65894;1385;8763;67324;0;1140;54561153;51963635;37267009;4832180;53660697;40521373;5192398;0;35927
FR;0;2022-07-30;501;863;3523;15282;600;2973;15665;0;303;54561654;51964498;37270532;4847462;53661297;40524346;5208063;0;36230
FR;0;2022-07-31;154;288;929;2439;184;788;2588;0;49;54561808;51964786;37271461;4849901;53661481;40525134;5210651;0;36279
FR;0;2022-08-01;897;1620;7595;30234;1214;6395;31306;0;549;54562705;51966406;37279056;4880135;53662695;40531529;5241957;0;36828
FR;0;2022-08-02;1032;1645;8578;56117;1151;6890;56805;0;1170;54563737;51968051;37287634;4936252;53663846;40538419;5298762;0;37998
FR;0;2022-08-03;843;1264;6424;38679;901;5145;39417;0;701;54564580;51969315;37294058;4974931;53664747;40543564;5338179;0;38699
FR;0;2022-08-04;738;1185;6567;43155;781;5300;43719;0;917;54565318;51970500;37300625;5018086;53665528;40548864;5381898;0;39616
FR;0;2022-08-05;855;1361;7097;44964;967;5677;45625;0;993;54566173;51971861;37307722;5063050;53666495;40554541;5427523;0;40609
FR;0;2022-08-06;339;555;2099;9367;396;1757;9567;0;228;54566512;51972416;37309821;5072417;53666891;40556298;5437090;0;40837
FR;0;2022-08-07;104;157;536;1625;114;453;1702;0;38;54566616;51972573;37310357;5074042;53667005;40556751;5438792;0;40875
FR;0;2022-08-08;586;1110;4026;22098;865;3289;22542;0;490;54567202;51973683;37314383;5096140;53667870;40560040;5461334;0;41365
FR;0;2022-08-09;703;1163;5972;39954;848;4803;40445;0;844;54567905;51974846;37320355;5136094;53668718;40564843;5501779;0;42209
FR;0;2022-08-10;647;1238;4656;28056;953;3797;28390;0;652;54568552;51976084;37325011;5164150;53669671;40568640;5530169;0;42861
FR;0;2022-08-11;623;1027;4488;29247;739;3708;29583;0;676;54569175;51977111;37329499;5193397;53670410;40572348;5559752;0;43537
FR;0;2022-08-12;744;1159;4746;28213;842;3917;28650;0;704;54569919;51978270;37334245;5221610;53671252;40576265;5588402;0;44241
FR;0;2022-08-13;246;424;1295;5257;322;1119;5416;0;121;54570165;51978694;37335540;5226867;53671574;40577384;5593818;0;44362
FR;0;2022-08-14;72;121;288;923;103;246;995;0;25;54570237;51978815;37335828;5227790;53671677;40577630;5594813;0;44387
FR;0;2022-08-15;95;205;608;564;171;556;618;0;19;54570332;51979020;37336436;5228354;53671848;40578186;5595431;0;44406
FR;0;2022-08-16;627;1073;3957;22175;834;3352;22367;0;615;54570959;51980093;37340393;5250529;53672682;40581538;5617798;0;45021
FR;0;2022-08-17;641;1032;3889;22897;809;3293;23142;0;620;54571600;51981125;37344282;5273426;53673491;40584831;5640940;0;45641
FR;0;2022-08-18;620;989;4118;26296;790;3255;26529;0;673;54572220;51982114;37348400;5299722;53674281;40588086;5667469;0;46314
FR;0;2022-08-19;604;1164;4493;27256;872;3694;27562;0;766;54572824;51983278;37352893;5326978;53675153;40591780;5695031;0;47080
FR;0;2022-08-20;293;501;1355;5569;397;1170;5728;0;146;54573117;51983779;37354248;5332547;53675550;40592950;5700759;0;47226
FR;0;2022-08-21;97;134;305;1008;95;267;1043;0;27;54573214;51983913;37354553;5333555;53675645;40593217;5701802;0;47253
FR;0;2022-08-22;568;999;3273;15355;775;2797;15685;0;425;54573782;51984912;37357826;5348910;53676420;40596014;5717487;0;47678
FR;0;2022-08-23;723;1178;4297;29000;851;3611;29086;0;870;54574505;51986090;37362123;5377910;53677271;40599625;5746573;0;48548
FR;0;2022-08-24;658;935;3494;19530;780;2856;19720;0;608;54575163;51987025;37365617;5397440;53678051;40602481;5766293;0;49156
FR;0;2022-08-25;625;1016;3942;23402;725;3290;23666;0;673;54575788;51988041;37369559;5420842;53678776;40605771;5789959;0;49829
FR;0;2022-08-26;852;1263;4476;25883;955;3669;26256;0;777;54576640;51989304;37374035;5446725;53679731;40609440;5816215;0;50606
FR;0;2022-08-27;295;499;1379;5461;360;1245;5525;0;194;54576935;51989803;37375414;5452186;53680091;40610685;5821740;0;50800
FR;0;2022-08-28;123;161;303;919;115;288;964;0;38;54577058;51989964;37375717;5453105;53680206;40610973;5822704;0;50838
FR;0;2022-08-29;618;965;3073;14656;764;2610;14962;0;433;54577676;51990929;37378790;5467761;53680970;40613583;5837666;0;51271
FR;0;2022-08-30;850;1216;4796;28543;893;3913;28873;0;823;54578526;51992145;37383586;5496304;53681863;40617496;5866539;0;52094
FR;0;2022-08-31;695;954;3205;17638;739;2716;17902;0;508;54579221;51993099;37386791;5513942;53682602;40620212;5884441;0;52602
FR;0;2022-09-01;738;991;4477;22479;704;3823;22753;0;623;54579959;51994090;37391268;5536421;53683306;40624035;5907194;0;53225
FR;0;2022-09-02;874;1147;5039;28611;832;4252;28904;0;914;54580833;51995237;37396307;5565032;53684138;40628287;5936098;0;54139
FR;0;2022-09-03;417;566;1918;6085;421;1664;6322;0;181;54581250;51995803;37398225;5571117;53684559;40629951;5942420;0;54320
FR;0;2022-09-04;133;150;351;873;85;347;942;0;24;54581383;51995953;37398576;5571990;53684644;40630298;5943362;0;54344
FR;0;2022-09-05;654;782;3168;16057;603;2648;16370;0;523;54582037;51996735;37401744;5588047;53685247;40632946;5959732;0;54867
FR;0;2022-09-06;804;1031;4737;31851;663;3869;32080;0;1040;54582841;51997766;37406481;5619898;53685910;40636815;5991812;0;55907
FR;0;2022-09-07;652;775;2996;16821;555;2476;16970;0;572;54583493;51998541;37409477;5636719;53686465;40639291;6008782;0;56479
FR;0;2022-09-08;622;855;3808;24849;589;3140;24940;0;818;54584115;51999396;37413285;5661568;53687054;40642431;6033722;0;57297
FR;0;2022-09-09;839;1018;4441;27647;661;3679;27824;0;948;54584954;52000414;37417726;5689215;53687715;40646110;6061546;0;58245
FR;0;2022-09-10;392;566;1734;5709;391;1536;5913;0;208;54585346;52000980;37419460;5694924;53688106;40647646;6067459;0;58453
FR;0;2022-09-11;124;131;323;656;93;306;715;0;17;54585470;52001111;37419783;5695580;53688199;40647952;6068174;0;58470
FR;0;2022-09-12;493;636;2687;13290;453;2292;13583;0;478;54585963;52001747;37422470;5708870;53688652;40650244;6081757;0;58948
FR;0;2022-09-13;623;857;3996;26506;545;3485;26387;0;875;54586586;52002604;37426466;5735376;53689197;40653729;6108144;0;59823
FR;0;2022-09-14;659;782;2963;16181;575;2478;16414;0;573;54587245;52003386;37429429;5751557;53689772;40656207;6124558;0;60396
FR;0;2022-09-15;559;799;3470;23581;551;2960;23649;0;726;54587804;52004185;37432899;5775138;53690323;40659167;6148207;0;61122
FR;0;2022-09-16;792;1039;4141;25901;724;3482;26123;0;932;54588596;52005224;37437040;5801039;53691047;40662649;6174330;0;62054
FR;0;2022-09-17;386;503;1452;6145;381;1282;6237;0;242;54588982;52005727;37438492;5807184;53691428;40663931;6180567;0;62296
FR;0;2022-09-18;117;142;323;961;121;291;1016;0;36;54589099;52005869;37438815;5808145;53691549;40664222;6181583;0;62332
FR;0;2022-09-19;448;644;2255;13201;446;1930;13383;0;436;54589547;52006513;37441070;5821346;53691995;40666152;6194966;0;62768
FR;0;2022-09-20;641;871;3782;26461;625;3150;26515;0;892;54590188;52007384;37444852;5847807;53692620;40669302;6221481;0;63660
FR;0;2022-09-21;578;768;2738;16257;572;2353;16249;0;586;54590766;52008152;37447590;5864064;53693192;40671655;6237730;0;64246
FR;0;2022-09-22;588;838;3420;23578;562;2792;23804;0;772;54591354;52008990;37451010;5887642;53693754;40674447;6261534;0;65018
FR;0;2022-09-23;835;1049;4493;28708;768;3762;28884;0;1019;54592189;52010039;37455503;5916350;53694522;40678209;6290418;0;66037
FR;0;2022-09-24;423;611;1644;6894;469;1418;7078;0;306;54592612;52010650;37457147;5923244;53694991;40679627;6297496;0;66343
FR;0;2022-09-25;99;190;335;1100;144;306;1142;0;37;54592711;52010840;37457482;5924344;53695135;40679933;6298638;0;66380
FR;0;2022-09-26;437;708;2298;13540;477;2018;13645;0;435;54593148;52011548;37459780;5937884;53695612;40681951;6312283;0;66815
FR;0;2022-09-27;610;843;3627;25942;613;2910;26097;0;959;54593758;52012391;37463407;5963826;53696225;40684861;6338380;0;67774
FR;0;2022-09-28;630;822;2555;15396;629;2303;15509;0;622;54594388;52013213;37465962;5979222;53696854;40687164;6353889;0;68396
FR;0;2022-09-29;564;762;3119;21042;539;2633;21069;43;810;54594952;52013975;37469081;6000264;53697393;40689797;6374958;43;69206
FR;0;2022-09-30;778;1102;3952;25561;816;3298;25827;713;1052;54595730;52015077;37473033;6025825;53698209;40693095;6400785;756;70258
FR;0;2022-10-01;427;616;2007;5972;463;1736;6210;396;318;54596157;52015693;37475040;6031797;53698672;40694831;6406995;1152;70576
FR;0;2022-10-02;59;136;218;639;97;215;665;66;42;54596216;52015829;37475258;6032436;53698769;40695046;6407660;1218;70618
FR;0;2022-10-03;477;775;2455;12051;608;2179;12229;2074;745;54596693;52016604;37477713;6044487;53699377;40697225;6419889;3292;71363
FR;0;2022-10-04;621;802;3388;23506;548;2778;23683;4702;1583;54597314;52017406;37481101;6067993;53699925;40700003;6443572;7994;72946
FR;0;2022-10-05;549;813;2439;14605;590;2154;14746;3655;1210;54597863;52018219;37483540;6082598;53700515;40702157;6458318;11649;74156
FR;0;2022-10-06;538;713;3085;21687;515;2517;21898;6668;1907;54598401;52018932;37486625;6104285;53701030;40704674;6480216;18317;76063
FR;0;2022-10-07;724;981;4127;30306;711;3475;30395;16873;3204;54599125;52019913;37490752;6134591;53701741;40708149;6510611;35190;79267
FR;0;2022-10-08;346;516;1649;8431;377;1408;8600;6699;1170;54599471;52020429;37492401;6143022;53702118;40709557;6519211;41889;80437
FR;0;2022-10-09;109;137;336;1587;111;311;1650;1511;297;54599580;52020566;37492737;6144609;53702229;40709868;6520861;43400;80734
FR;0;2022-10-10;480;733;2921;20529;548;2503;20859;19557;3270;54600060;52021299;37495658;6165138;53702777;40712371;6541720;62957;84004
FR;0;2022-10-11;576;798;4263;40316;540;3565;40659;40156;6380;54600636;52022097;37499921;6205454;53703317;40715936;6582379;103113;90384
FR;0;2022-10-12;573;826;3255;26719;611;2761;27047;27300;4689;54601209;52022923;37503176;6232173;53703928;40718697;6609426;130413;95073
FR;0;2022-10-13;611;778;4004;38440;568;3129;38897;40596;6606;54601820;52023701;37507180;6270613;53704496;40721826;6648323;171009;101679
FR;0;2022-10-14;754;1051;4867;47663;763;3952;48137;51128;7861;54602574;52024752;37512047;6318276;53705259;40725778;6696460;222137;109540
FR;0;2022-10-15;357;518;1863;11849;358;1623;11964;13089;2274;54602931;52025270;37513910;6330125;53705617;40727401;6708424;235226;111814
FR;0;2022-10-16;92;129;372;1967;79;356;2012;2347;479;54603023;52025399;37514282;6332092;53705696;40727757;6710436;237573;112293
FR;0;2022-10-17;435;699;3032;26447;486;2472;26818;30769;5410;54603458;52026098;37517314;6358539;53706182;40730229;6737254;268342;117703
FR;0;2022-10-18;599;730;4701;46088;528;3758;46646;55441;11700;54604057;52026828;37522015;6404627;53706710;40733987;6783900;323783;129403
FR;0;2022-10-19;558;780;3632;34366;585;3067;34701;42426;9214;54604615;52027608;37525647;6438993;53707295;40737054;6818601;366209;138617
FR;0;2022-10-20;604;776;4834;49430;562;3717;50093;60491;12922;54605219;52028384;37530481;6488423;53707857;40740771;6868694;426700;151539
FR;0;2022-10-21;686;983;5704;57012;698;4512;57698;70943;14294;54605905;52029367;37536185;6545435;53708555;40745283;6926392;497643;165833
FR;0;2022-10-22;332;405;1654;12943;325;1320;13102;15937;3386;54606237;52029772;37537839;6558378;53708880;40746603;6939494;513580;169219
FR;0;2022-10-23;94;107;349;2062;102;265;2164;2756;631;54606331;52029879;37538188;6560440;53708982;40746868;6941658;516336;169850
FR;0;2022-10-24;551;593;3135;27129;418;2685;27556;35485;7806;54606882;52030472;37541323;6587569;53709400;40749553;6969214;551821;177656
FR;0;2022-10-25;589;720;4868;49085;529;3798;49758;65191;15421;54607471;52031192;37546191;6636654;53709929;40753351;7018972;617012;193077
FR;0;2022-10-26;532;639;3468;32593;475;2893;32900;43941;10992;54608003;52031831;37549659;6669247;53710404;40756244;7051872;660953;204069
FR;0;2022-10-27;588;689;4073;40755;489;3342;41229;54380;13089;54608591;52032520;37553732;6710002;53710893;40759586;7093101;715333;217158
FR;0;2022-10-28;701;853;4608;44181;617;3503;45001;58267;13182;54609292;52033373;37558340;6754183;53711510;40763089;7138102;773600;230340
FR;0;2022-10-29;259;354;1328;9491;251;1082;9624;12520;3011;54609551;52033727;37559668;6763674;53711761;40764171;7147726;786120;233351
FR;0;2022-10-30;87;113;287;1594;89;249;1643;2142;540;54609638;52033840;37559955;6765268;53711850;40764420;7149369;788262;233891
FR;0;2022-10-31;382;478;2070;16055;347;1622;16419;22191;5499;54610020;52034318;37562025;6781323;53712197;40766042;7165788;810453;239390
FR;0;2022-11-01;82;179;922;1115;139;953;1160;1686;502;54610102;52034497;37562947;6782438;53712336;40766995;7166948;812139;239892
FR;0;2022-11-02;505;655;3029;25374;486;2570;25855;36595;10118;54610607;52035152;37565976;6807812;53712822;40769565;7192803;848734;250010
FR;0;2022-11-03;638;690;4112;40039;522;3116;40769;56981;15344;54611245;52035842;37570088;6847851;53713344;40772681;7233572;905715;265354
FR;0;2022-11-04;656;824;4422;43644;569;3514;44259;60502;15239;54611901;52036666;37574510;6891495;53713913;40776195;7277831;966217;280593
FR;0;2022-11-05;253;354;1448;9711;277;1165;9919;13459;3294;54612154;52037020;37575958;6901206;53714190;40777360;7287750;979676;283887
FR;0;2022-11-06;94;112;263;1602;95;246;1631;2337;653;54612248;52037132;37576221;6902808;53714285;40777606;7289381;982013;284540
FR;0;2022-11-07;466;525;2728;26717;436;2210;27361;39061;10986;54612714;52037657;37578949;6929525;53714721;40779816;7316742;1021074;295526
FR;0;2022-11-08;599;781;4988;51933;568;3827;52940;74209;20032;54613313;52038438;37583937;6981458;53715289;40783643;7369682;1095283;315558
FR;0;2022-11-09;512;649;3359;31597;471;2686;32374;46329;13211;54613825;52039087;37587296;7013055;53715760;40786329;7402056;1141612;328769
FR;0;2022-11-10;616;865;4563;43632;614;3612;44534;62755;17280;54614441;52039952;37591859;7056687;53716374;40789941;7446590;1204367;346049
FR;0;2022-11-11;74;108;367;1664;77;309;1727;2798;1011;54614515;52040060;37592226;7058351;53716451;40790250;7448317;1207165;347060
FR;0;2022-11-12;208;326;1194;7101;235;976;7337;10288;2765;54614723;52040386;37593420;7065452;53716686;40791226;7455654;1217453;349825
FR;0;2022-11-13;64;96;247;1207;73;211;1261;1973;625;54614787;52040482;37593667;7066659;53716759;40791437;7456915;1219426;350450
FR;0;2022-11-14;437;520;2572;23971;367;2045;24607;36147;10859;54615224;52041002;37596239;7090630;53717126;40793482;7481522;1255573;361309
FR;0;2022-11-15;597;715;4310;44991;540;3350;45940;66824;19605;54615821;52041717;37600549;7135621;53717666;40796832;7527462;1322397;380914
FR;0;2022-11-16;546;628;3064;28556;500;2569;29093;43211;13305;54616367;52042345;37603613;7164177;53718166;40799401;7556555;1365608;394219
FR;0;2022-11-17;559;657;3815;39229;505;2974;39835;58321;17397;54616926;52043002;37607428;7203406;53718671;40802375;7596390;1423929;411616
FR;0;2022-11-18;620;765;4599;45103;579;3449;46009;65647;18329;54617546;52043767;37612027;7248509;53719250;40805824;7642399;1489576;429945
FR;0;2022-11-19;270;332;1498;9803;262;1093;9998;14316;4006;54617816;52044099;37613525;7258312;53719512;40806917;7652397;1503892;433951
FR;0;2022-11-20;72;106;302;1698;87;259;1772;2717;859;54617888;52044205;37613827;7260010;53719599;40807176;7654169;1506609;434810
FR;0;2022-11-21;434;511;2418;21385;349;1940;21946;32987;10284;54618322;52044716;37616245;7281395;53719948;40809116;7676115;1539596;445094
FR;0;2022-11-22;536;589;4018;39786;417;3156;40359;59652;18167;54618858;52045305;37620263;7321181;53720365;40812272;7716474;1599248;463261
FR;0;2022-11-23;467;555;2750;26001;400;2316;26494;40326;12842;54619325;52045860;37623013;7347182;53720765;40814588;7742968;1639574;476103
FR;0;2022-11-24;508;596;3762;37103;420;2959;37817;56746;17911;54619833;52046456;37626775;7384285;53721185;40817547;7780785;1696320;494014
FR;0;2022-11-25;574;712;4180;40133;563;3140;40975;59574;17436;54620407;52047168;37630955;7424418;53721748;40820687;7821760;1755894;511450
FR;0;2022-11-26;300;336;1333;9363;260;1062;9504;13990;3970;54620707;52047504;37632288;7433781;53722008;40821749;7831264;1769884;515420
FR;0;2022-11-27;73;85;265;1661;65;225;1689;2554;805;54620780;52047589;37632553;7435442;53722073;40821974;7832953;1772438;516225
FR;0;2022-11-28;415;470;2631;24767;350;1972;25508;38396;12171;54621195;52048059;37635184;7460209;53722423;40823946;7858461;1810834;528396
FR;0;2022-11-29;498;606;4393;46471;376;3290;47194;71014;22289;54621693;52048665;37639577;7506680;53722799;40827236;7905655;1881848;550685
FR;0;2022-11-30;502;682;3725;36892;484;2887;37697;56288;17221;54622195;52049347;37643302;7543572;53723283;40830123;7943352;1938136;567906
FR;0;2022-12-01;524;667;5294;51795;445;3894;52585;79502;25145;54622719;52050014;37648596;7595367;53723728;40834017;7995937;2017638;593051
FR;0;2022-12-02;636;738;6166;61472;520;4375;62701;92345;27431;54623355;52050752;37654762;7656839;53724248;40838392;8058638;2109983;620482
FR;0;2022-12-03;303;341;2283;18036;221;1625;18465;26708;7614;54623658;52051093;37657045;7674875;53724469;40840017;8077103;2136691;628096
FR;0;2022-12-04;94;123;523;4302;90;433;4353;6435;1854;54623752;52051216;37657568;7679177;53724559;40840450;8081456;2143126;629950
FR;0;2022-12-05;446;561;4276;44649;396;2886;45617;68915;21842;54624198;52051777;37661844;7723826;53724955;40843336;8127073;2212041;651792
FR;0;2022-12-06;616;725;6835;78232;466;4640;79752;121576;39490;54624814;52052502;37668679;7802058;53725421;40847976;8206825;2333617;691282
FR;0;2022-12-07;547;621;5348;58123;458;3588;59275;90463;29559;54625361;52053123;37674027;7860181;53725879;40851564;8266100;2424080;720841
FR;0;2022-12-08;604;703;6975;79614;445;4572;81308;124084;40847;54625965;52053826;37681002;7939795;53726324;40856136;8347408;2548164;761688
FR;0;2022-12-09;778;839;8666;95641;548;5720;97525;147261;46775;54626743;52054665;37689668;8035436;53726872;40861856;8444933;2695425;808463
FR;0;2022-12-10;402;431;3820;33940;273;2476;34837;50540;14710;54627145;52055096;37693488;8069376;53727145;40864332;8479770;2745965;823173
FR;0;2022-12-11;132;140;988;8361;100;683;8565;12250;3276;54627277;52055236;37694476;8077737;53727245;40865015;8488335;2758215;826449
FR;0;2022-12-12;513;573;6354;67415;366;4103;69012;106168;34799;54627790;52055809;37700830;8145152;53727611;40869118;8557347;2864383;861248
FR;0;2022-12-13;695;769;9032;103515;477;5620;106086;164725;55009;54628485;52056578;37709862;8248667;53728088;40874738;8663433;3029108;916257
FR;0;2022-12-14;585;693;6798;73264;458;4531;74911;116774;38665;54629070;52057271;37716660;8321931;53728546;40879269;8738344;3145882;954922
FR;0;2022-12-15;653;831;8863;95812;522;5688;98133;153090;51665;54629723;52058102;37725523;8417743;53729068;40884957;8836477;3298972;1006587
FR;0;2022-12-16;819;963;9748;104707;637;6438;106947;166327;55247;54630542;52059065;37735271;8522450;53729705;40891395;8943424;3465299;1061834
FR;0;2022-12-17;343;419;3501;31765;281;2292;32556;48400;14443;54630885;52059484;37738772;8554215;53729986;40893687;8975980;3513699;1076277
FR;0;2022-12-18;93;123;785;6330;76;539;6479;9621;2749;54630978;52059607;37739557;8560545;53730062;40894226;8982459;3523320;1079026
FR;0;2022-12-19;588;608;5740;56180;425;3671;57807;90176;30038;54631566;52060215;37745297;8616725;53730487;40897897;9040266;3613496;1109064
FR;0;2022-12-20;735;775;7921;79735;512;5219;81880;130648;44981;54632301;52060990;37753218;8696460;53730999;40903116;9122146;3744144;1154045
FR;0;2022-12-21;586;615;5305;50899;422;3556;52249;84009;29253;54632887;52061605;37758523;8747359;53731421;40906672;9174395;3828153;1183298
FR;0;2022-12-22;636;651;4901;46190;446;3393;47433;76707;26805;54633523;52062256;37763424;8793549;53731867;40910065;9221828;3904860;1210103
FR;0;2022-12-23;464;571;3438;26183;407;2595;26856;43320;14876;54633987;52062827;37766862;8819732;53732274;40912660;9248684;3948180;1224979
FR;0;2022-12-24;103;105;442;2703;78;333;2827;4284;1229;54634090;52062932;37767304;8822435;53732352;40912993;9251511;3952464;1226208
FR;0;2022-12-25;33;40;131;560;32;102;585;915;272;54634123;52062972;37767435;8822995;53732384;40913095;9252096;3953379;1226480
FR;0;2022-12-26;364;386;2497;16899;286;1817;17546;27568;8811;54634487;52063358;37769932;8839894;53732670;40914912;9269642;3980947;1235291
FR;0;2022-12-27;526;655;4194;33695;440;2935;34843;56655;19711;54635013;52064013;37774126;8873589;53733110;40917847;9304485;4037602;1255002
FR;0;2022-12-28;469;509;3219;25671;345;2295;26288;42845;14805;54635482;52064522;37777345;8899260;53733455;40920142;9330773;4080447;1269807
FR;0;2022-12-29;430;535;3416;26566;346;2396;27575;45061;15640;54635912;52065057;37780761;8925826;53733801;40922538;9358348;4125508;1285447
FR;0;2022-12-30;450;498;2617;19536;351;1853;20203;32542;10950;54636362;52065555;37783378;8945362;53734152;40924391;9378551;4158050;1296397
FR;0;2022-12-31;137;155;507;3181;119;412;3325;4940;1337;54636499;52065710;37783885;8948543;53734271;40924803;9381876;4162990;1297734
FR;0;2023-01-01;21;44;170;709;26;142;735;1025;245;54636520;52065754;37784055;8949252;53734297;40924945;9382611;4164015;1297979
FR;0;2023-01-02;364;514;2843;18997;344;2159;19468;32932;12057;54636884;52066268;37786898;8968249;53734641;40927104;9402079;4196947;1310036
FR;0;2023-01-03;634;660;4672;44140;439;3288;45084;82702;34793;54637518;52066928;37791570;9012389;53735080;40930392;9447163;4279649;1344829
FR;0;2023-01-04;524;574;3838;31045;387;2729;31852;59761;25767;54638042;52067502;37795408;9043434;53735467;40933121;9479015;4339410;1370596
FR;0;2023-01-05;654;721;4643;43199;528;3131;44111;83798;37077;54638696;52068223;37800051;9086633;53735995;40936252;9523126;4423208;1407673
FR;0;2023-01-06;727;847;5467;48497;568;3616;49546;91948;39452;54639423;52069070;37805518;9135130;53736563;40939868;9572672;4515156;1447125
FR;0;2023-01-07;338;403;1864;12912;289;1334;13228;22998;8758;54639761;52069473;37807382;9148042;53736852;40941202;9585900;4538154;1455883
FR;0;2023-01-08;102;140;485;2912;96;346;3008;5215;1983;54639863;52069613;37807867;9150954;53736948;40941548;9588908;4543369;1457866
FR;0;2023-01-09;564;618;2836;22248;439;2035;22832;45605;21079;54640427;52070231;37810703;9173202;53737387;40943583;9611740;4588974;1478945
FR;0;2023-01-10;592;746;4677;41417;503;3309;42253;86718;41604;54641019;52070977;37815380;9214619;53737890;40946892;9653993;4675692;1520549
FR;0;2023-01-11;485;574;3113;25004;412;2252;25531;52626;25107;54641504;52071551;37818493;9239623;53738302;40949144;9679524;4728318;1545656
FR;0;2023-01-12;577;659;3931;34214;437;2839;34819;72186;34940;54642081;52072210;37822424;9273837;53738739;40951983;9714343;4800504;1580596
FR;0;2023-01-13;719;777;4306;36133;533;3080;36771;74379;35073;54642800;52072987;37826730;9309970;53739272;40955063;9751114;4874883;1615669
FR;0;2023-01-14;345;330;1460;9278;220;1076;9465;17712;7402;54643145;52073317;37828190;9319248;53739492;40956139;9760579;4892595;1623071
FR;0;2023-01-15;93;115;363;1561;76;271;1664;3232;1398;54643238;52073432;37828553;9320809;53739568;40956410;9762243;4895827;1624469
FR;0;2023-01-16;409;456;2178;16264;315;1582;16524;35798;18001;54643647;52073888;37830731;9337073;53739883;40957992;9778767;4931625;1642470
FR;0;2023-01-17;486;576;3459;28903;393;2484;29451;65432;33772;54644133;52074464;37834190;9365976;53740276;40960476;9808218;4997057;1676242
FR;0;2023-01-18;450;543;2315;17318;386;1790;17612;38886;19733;54644583;52075007;37836505;9383294;53740662;40962266;9825830;5035943;1695975
FR;0;2023-01-19;495;504;2788;22898;333;2057;23246;51971;26859;54645078;52075511;37839293;9406192;53740995;40964323;9849076;5087914;1722834
FR;0;2023-01-20;617;676;3360;25619;481;2526;26101;57262;29090;54645695;52076187;37842653;9431811;53741476;40966849;9875177;5145176;1751924
FR;0;2023-01-21;253;296;1087;6383;209;828;6490;13157;5976;54645948;52076483;37843740;9438194;53741685;40967677;9881667;5158333;1757900
FR;0;2023-01-22;45;58;171;865;30;146;915;1875;852;54645993;52076541;37843911;9439059;53741715;40967823;9882582;5160208;1758752
FR;0;2023-01-23;314;390;1683;10976;254;1241;11204;27071;14716;54646307;52076931;37845594;9450035;53741969;40969064;9893786;5187279;1773468
FR;0;2023-01-24;459;507;2517;20523;347;1889;20800;50438;27979;54646766;52077438;37848111;9470558;53742316;40970953;9914586;5237717;1801447
FR;0;2023-01-25;388;542;1919;12464;380;1454;12883;30439;16298;54647154;52077980;37850030;9483022;53742696;40972407;9927469;5268156;1817745
FR;0;2023-01-26;422;498;2310;16849;354;1715;17102;41443;22831;54647576;52078478;37852340;9499871;53743050;40974122;9944571;5309599;1840576
FR;0;2023-01-27;516;639;2573;18256;466;1928;18482;44379;24193;54648092;52079117;37854913;9518127;53743516;40976050;9963053;5353978;1864769
FR;0;2023-01-28;232;276;838;4456;218;668;4570;9849;4690;54648324;52079393;37855751;9522583;53743734;40976718;9967623;5363827;1869459
FR;0;2023-01-29;39;64;99;441;47;76;473;1032;514;54648363;52079457;37855850;9523024;53743781;40976794;9968096;5364859;1869973
FR;0;2023-01-30;355;427;1293;8096;305;1038;8278;20531;11290;54648718;52079884;37857143;9531120;53744086;40977832;9976374;5385390;1881263
FR;0;2023-01-31;409;475;1956;13757;313;1467;13980;36055;20834;54649127;52080359;37859099;9544877;53744399;40979299;9990354;5421445;1902097
FR;0;2023-02-01;356;426;1328;7924;306;1084;8056;21244;12119;54649483;52080785;37860427;9552801;53744705;40980383;9998410;5442689;1914216
FR;0;2023-02-02;328;446;1546;11127;294;1255;11313;29856;17317;54649811;52081231;37861973;9563928;53744999;40981638;10009723;5472545;1931533
