fra;vaccin;jour;n_dose1;n_dose2;n_dose3;n_dose4;n_rappel;n_cum_dose1;n_cum_dose2;n_cum_dose3;n_cum_dose4;n_cum_rappel
FR;1;2020-12-27;595;0;0;0;0;595;0;0;0;0
FR;1;2020-12-28;650;0;0;0;0;1245;0;0;0;0
FR;1;2020-12-29;369;0;0;0;0;1614;0;0;0;0
FR;1;2020-12-30;433;0;0;0;0;2047;0;0;0;0
FR;1;2020-12-31;370;0;0;0;0;2417;0;0;0;0
FR;1;2021-01-01;1108;0;0;0;0;3525;0;0;0;0
FR;1;2021-01-02;348;1;0;0;0;3873;1;0;0;0
FR;1;2021-01-03;397;0;0;0;0;4270;1;0;0;0
FR;1;2021-01-04;2074;0;0;0;0;6344;1;0;0;0
FR;1;2021-01-05;6912;2;0;0;0;13256;3;0;0;0
FR;1;2021-01-06;12298;6;0;0;0;25554;9;0;0;0
FR;1;2021-01-07;29434;6;0;0;0;54988;15;0;0;0
FR;1;2021-01-08;37106;3;0;0;0;92094;18;0;0;0
FR;1;2021-01-09;11206;2;0;0;0;103300;20;0;0;0
FR;1;2021-01-10;5988;0;0;0;0;109288;20;0;0;0
FR;1;2021-01-11;39914;8;0;0;0;149202;28;0;0;0
FR;1;2021-01-12;62102;7;0;0;0;211304;35;0;0;0
FR;1;2021-01-13;65048;16;0;0;0;276352;51;0;0;0
FR;1;2021-01-14;81423;27;0;0;0;357775;78;0;0;0
FR;1;2021-01-15;68578;10;0;0;0;426353;88;0;0;0
FR;1;2021-01-16;19891;75;0;0;0;446244;163;0;0;0
FR;1;2021-01-17;10895;45;0;0;0;457139;208;0;0;0
FR;1;2021-01-18;82737;168;0;0;0;539876;376;0;0;0
FR;1;2021-01-19;125882;145;0;0;0;665758;521;0;0;0
FR;1;2021-01-20;132357;167;0;0;0;798115;688;0;0;0
FR;1;2021-01-21;153015;144;0;0;0;951130;832;0;0;0
FR;1;2021-01-22;115905;175;0;0;0;1067035;1007;0;0;0
FR;1;2021-01-23;36592;57;0;0;0;1103627;1064;0;0;0
FR;1;2021-01-24;9577;51;0;0;0;1113204;1115;0;0;0
FR;1;2021-01-25;74394;1232;0;0;0;1187598;2347;0;0;0
FR;1;2021-01-26;96420;3163;1;0;0;1284018;5510;1;0;0
FR;1;2021-01-27;103613;5720;0;0;0;1387631;11230;1;0;0
FR;1;2021-01-28;120566;14460;0;0;0;1508197;25690;1;0;0
FR;1;2021-01-29;88861;17408;0;0;0;1597058;43098;1;0;0
FR;1;2021-01-30;27971;4223;0;0;0;1625029;47321;1;0;0
FR;1;2021-01-31;5175;1715;0;0;0;1630204;49036;1;0;0
FR;1;2021-02-01;49687;21110;0;0;0;1679891;70146;1;0;0
FR;1;2021-02-02;67778;34779;0;0;0;1747669;104925;1;0;0
FR;1;2021-02-03;67041;37094;0;0;0;1814710;142019;1;0;0
FR;1;2021-02-04;77089;50233;0;0;0;1891799;192252;1;0;0
FR;1;2021-02-05;63395;45462;0;0;0;1955194;237714;1;0;0
FR;1;2021-02-06;19395;10547;0;0;0;1974589;248261;1;0;0
FR;1;2021-02-07;3654;5048;0;0;0;1978243;253309;1;0;0
FR;1;2021-02-08;36476;46167;0;0;0;2014719;299476;1;0;0
FR;1;2021-02-09;50778;72628;0;0;0;2065497;372104;1;0;0
FR;1;2021-02-10;52021;76919;0;0;0;2117518;449023;1;0;0
FR;1;2021-02-11;63334;99096;0;0;0;2180852;548119;1;0;0
FR;1;2021-02-12;55826;74105;0;0;0;2236678;622224;1;0;0
FR;1;2021-02-13;15445;19349;0;0;0;2252123;641573;1;0;0
FR;1;2021-02-14;3740;7236;0;0;0;2255863;648809;1;0;0
FR;1;2021-02-15;24122;73596;0;0;0;2279985;722405;1;0;0
FR;1;2021-02-16;32744;96713;0;0;0;2312729;819118;1;0;0
FR;1;2021-02-17;35077;98851;1;0;0;2347806;917969;2;0;0
FR;1;2021-02-18;49392;113638;0;0;0;2397198;1031607;2;0;0
FR;1;2021-02-19;45351;86455;1;0;0;2442549;1118062;3;0;0
FR;1;2021-02-20;13374;26981;0;0;0;2455923;1145043;3;0;0
FR;1;2021-02-21;2448;6308;0;0;0;2458371;1151351;3;0;0
FR;1;2021-02-22;24696;69499;2;0;0;2483067;1220850;5;0;0
FR;1;2021-02-23;37406;80503;1;0;0;2520473;1301353;6;0;0
FR;1;2021-02-24;40652;77719;1;0;0;2561125;1379072;7;0;0
FR;1;2021-02-25;50124;87826;1;0;0;2611249;1466898;8;0;0
FR;1;2021-02-26;47171;67815;0;0;0;2658420;1534713;8;0;0
FR;1;2021-02-27;15664;20976;0;0;0;2674084;1555689;8;0;0
FR;1;2021-02-28;3551;4392;1;0;0;2677635;1560081;9;0;0
FR;1;2021-03-01;40122;49178;1;0;0;2717757;1609259;10;0;0
FR;1;2021-03-02;55930;61554;2;0;0;2773687;1670813;12;0;0
FR;1;2021-03-03;61165;60519;0;0;0;2834852;1731332;12;0;0
FR;1;2021-03-04;72952;65143;3;0;0;2907804;1796475;15;0;0
FR;1;2021-03-05;74718;59094;3;0;0;2982522;1855569;18;0;0
FR;1;2021-03-06;82422;16061;2;0;0;3064944;1871630;20;0;0
FR;1;2021-03-07;63696;5310;1;0;0;3128640;1876940;21;0;0
FR;1;2021-03-08;60130;42373;2;0;0;3188770;1919313;23;0;0
FR;1;2021-03-09;85933;48183;1;0;0;3274703;1967496;24;0;0
FR;1;2021-03-10;90838;48005;5;0;0;3365541;2015501;29;0;0
FR;1;2021-03-11;104991;53866;1;0;0;3470532;2069367;30;0;0
FR;1;2021-03-12;104066;45137;0;0;0;3574598;2114504;30;0;0
FR;1;2021-03-13;89169;12714;1;0;0;3663767;2127218;31;0;0
FR;1;2021-03-14;44435;3009;1;0;0;3708202;2130227;32;0;0
FR;1;2021-03-15;95453;29026;3;0;0;3803655;2159253;35;0;0
FR;1;2021-03-16;123556;34837;4;0;0;3927211;2194090;39;0;0
FR;1;2021-03-17;129243;34662;4;0;0;4056454;2228752;43;0;0
FR;1;2021-03-18;142824;39670;5;0;0;4199278;2268422;48;0;0
FR;1;2021-03-19;136196;32779;2;0;0;4335474;2301201;50;0;0
FR;1;2021-03-20;75965;10129;1;0;0;4411439;2311330;51;0;0
FR;1;2021-03-21;26481;2448;1;0;0;4437920;2313778;52;0;0
FR;1;2021-03-22;114669;31074;2;0;0;4552589;2344852;54;0;0
FR;1;2021-03-23;142958;38185;1;0;0;4695547;2383037;55;0;0
FR;1;2021-03-24;141938;38736;0;0;0;4837485;2421773;55;0;0
FR;1;2021-03-25;164951;39559;4;0;0;5002436;2461332;59;0;0
FR;1;2021-03-26;166347;37457;4;0;0;5168783;2498789;63;0;0
FR;1;2021-03-27;110855;15251;1;0;0;5279638;2514040;64;0;0
FR;1;2021-03-28;42282;3736;3;0;0;5321920;2517776;67;0;0
FR;1;2021-03-29;129778;49843;4;0;0;5451698;2567619;71;0;0
FR;1;2021-03-30;167638;63483;4;0;0;5619336;2631102;75;0;0
FR;1;2021-03-31;170864;66914;4;0;0;5790200;2698016;79;0;0
FR;1;2021-04-01;194658;79528;11;0;0;5984858;2777544;90;0;0
FR;1;2021-04-02;164389;84389;7;0;0;6149247;2861933;97;0;0
FR;1;2021-04-03;88212;58084;5;0;0;6237459;2920017;102;0;0
FR;1;2021-04-04;33435;17729;0;0;0;6270894;2937746;102;0;0
FR;1;2021-04-05;46354;10119;11;0;0;6317248;2947865;113;0;0
FR;1;2021-04-06;160210;101095;16;0;0;6477458;3048960;129;0;0
FR;1;2021-04-07;196892;108057;16;0;0;6674350;3157017;145;0;0
FR;1;2021-04-08;221984;112307;13;0;0;6896334;3269324;158;0;0
FR;1;2021-04-09;214479;107369;21;0;0;7110813;3376693;179;0;0
FR;1;2021-04-10;117132;73327;14;0;0;7227945;3450020;193;0;0
FR;1;2021-04-11;40803;30227;6;0;0;7268748;3480247;199;0;0
FR;1;2021-04-12;168318;103692;45;0;0;7437066;3583939;244;0;0
FR;1;2021-04-13;203701;128046;96;1;0;7640767;3711985;340;1;0
FR;1;2021-04-14;208490;122624;204;0;0;7849257;3834609;544;1;0
FR;1;2021-04-15;221559;126687;311;0;0;8070816;3961296;855;1;0
FR;1;2021-04-16;205967;124992;307;0;0;8276783;4086288;1162;1;0
FR;1;2021-04-17;122050;67385;102;0;0;8398833;4153673;1264;1;0
FR;1;2021-04-18;35915;20998;39;0;0;8434748;4174671;1303;1;0
FR;1;2021-04-19;163667;121741;429;0;0;8598415;4296412;1732;1;0
FR;1;2021-04-20;189311;148595;530;0;0;8787726;4445007;2262;1;0
FR;1;2021-04-21;193869;146632;754;0;0;8981595;4591639;3016;1;0
FR;1;2021-04-22;208858;162592;777;0;0;9190453;4754231;3793;1;0
FR;1;2021-04-23;198895;156774;667;0;0;9389348;4911005;4460;1;0
FR;1;2021-04-24;126296;95432;145;0;0;9515644;5006437;4605;1;0
FR;1;2021-04-25;53544;30086;46;0;0;9569188;5036523;4651;1;0
FR;1;2021-04-26;181046;138123;538;0;0;9750234;5174646;5189;1;0
FR;1;2021-04-27;221276;161764;899;0;0;9971510;5336410;6088;1;0
FR;1;2021-04-28;238199;154948;1308;1;1;10209709;5491358;7396;2;1
FR;1;2021-04-29;270191;159962;1206;0;0;10479900;5651320;8602;2;1
FR;1;2021-04-30;271900;147950;1069;0;0;10751800;5799270;9671;2;1
FR;1;2021-05-01;141064;40680;172;0;0;10892864;5839950;9843;2;1
FR;1;2021-05-02;81448;28121;80;0;0;10974312;5868071;9923;2;1
FR;1;2021-05-03;250638;146133;797;0;0;11224950;6014204;10720;2;1
FR;1;2021-05-04;265725;186779;1197;0;0;11490675;6200983;11917;2;1
FR;1;2021-05-05;283721;184446;1262;0;0;11774396;6385429;13179;2;1
FR;1;2021-05-06;309815;182906;1494;0;0;12084211;6568335;14673;2;1
FR;1;2021-05-07;283986;195507;1125;0;0;12368197;6763842;15798;2;1
FR;1;2021-05-08;191618;48325;283;0;0;12559815;6812167;16081;2;1
FR;1;2021-05-09;114008;36101;236;0;0;12673823;6848268;16317;2;1
FR;1;2021-05-10;257994;193977;1178;0;0;12931817;7042245;17495;2;1
FR;1;2021-05-11;318754;211083;1461;0;0;13250571;7253328;18956;2;1
FR;1;2021-05-12;356490;185687;1397;0;0;13607061;7439015;20353;2;1
FR;1;2021-05-13;283346;47723;398;0;0;13890407;7486738;20751;2;1
FR;1;2021-05-14;370396;128608;985;0;0;14260803;7615346;21736;2;1
FR;1;2021-05-15;297924;66071;402;0;0;14558727;7681417;22138;2;1
FR;1;2021-05-16;157708;15530;158;0;0;14716435;7696947;22296;2;1
FR;1;2021-05-17;318798;116476;1434;0;0;15035233;7813423;23730;2;1
FR;1;2021-05-18;383018;111125;1794;0;0;15418251;7924548;25524;2;1
FR;1;2021-05-19;395146;102653;2167;0;0;15813397;8027201;27691;2;1
FR;1;2021-05-20;421627;96153;2038;0;0;16235024;8123354;29729;2;1
FR;1;2021-05-21;399685;97225;1752;0;0;16634709;8220579;31481;2;1
FR;1;2021-05-22;275618;42009;601;0;0;16910327;8262588;32082;2;1
FR;1;2021-05-23;122945;11178;224;0;0;17033272;8273766;32306;2;1
FR;1;2021-05-24;243947;26248;564;0;0;17277219;8300014;32870;2;1
FR;1;2021-05-25;366015;131670;2103;1;0;17643234;8431684;34973;3;1
FR;1;2021-05-26;380704;125610;1983;0;0;18023938;8557294;36956;3;1
FR;1;2021-05-27;406019;127992;1968;0;0;18429957;8685286;38924;3;1
FR;1;2021-05-28;365904;145293;1694;0;0;18795861;8830579;40618;3;1
FR;1;2021-05-29;253780;80871;524;0;0;19049641;8911450;41142;3;1
FR;1;2021-05-30;100893;22529;156;0;0;19150534;8933979;41298;3;1
FR;1;2021-05-31;314173;148834;1279;1;1;19464707;9082813;42577;4;2
FR;1;2021-06-01;361124;166555;1720;1;1;19825831;9249368;44297;5;3
FR;1;2021-06-02;364147;153102;1786;0;0;20189978;9402470;46083;5;3
FR;1;2021-06-03;389835;147598;1643;0;0;20579813;9550068;47726;5;3
FR;1;2021-06-04;363275;175566;1488;1;1;20943088;9725634;49214;6;4
FR;1;2021-06-05;258416;112675;596;0;0;21201504;9838309;49810;6;4
FR;1;2021-06-06;126713;37528;215;0;0;21328217;9875837;50025;6;4
FR;1;2021-06-07;299683;207897;1357;0;0;21627900;10083734;51382;6;4
FR;1;2021-06-08;330454;220763;1630;0;0;21958354;10304497;53012;6;4
FR;1;2021-06-09;336277;212321;1600;0;0;22294631;10516818;54612;6;4
FR;1;2021-06-10;343574;202026;1605;0;0;22638205;10718844;56217;6;4
FR;1;2021-06-11;311649;235289;1288;0;0;22949854;10954133;57505;6;4
FR;1;2021-06-12;243980;150649;430;0;0;23193834;11104782;57935;6;4
FR;1;2021-06-13;100298;61002;188;0;0;23294132;11165784;58123;6;4
FR;1;2021-06-14;207638;288990;1313;1;0;23501770;11454774;59436;7;4
FR;1;2021-06-15;256602;282243;1386;1;0;23758372;11737017;60822;8;4
FR;1;2021-06-16;273445;270590;1260;1;0;24031817;12007607;62082;9;4
FR;1;2021-06-17;268023;244515;1228;1;0;24299840;12252122;63310;10;4
FR;1;2021-06-18;260372;295651;1146;1;0;24560212;12547773;64456;11;4
FR;1;2021-06-19;193398;209461;384;0;0;24753610;12757234;64840;11;4
FR;1;2021-06-20;69635;89122;117;0;0;24823245;12846356;64957;11;4
FR;1;2021-06-21;172164;319833;925;1;1;24995409;13166189;65882;12;5
FR;1;2021-06-22;185640;347804;1093;10;2;25181049;13513993;66975;22;7
FR;1;2021-06-23;203990;339425;1047;0;0;25385039;13853418;68022;22;7
FR;1;2021-06-24;203347;281976;1161;0;0;25588386;14135394;69183;22;7
FR;1;2021-06-25;182438;371771;1196;0;0;25770824;14507165;70379;22;7
FR;1;2021-06-26;131308;278284;501;0;0;25902132;14785449;70880;22;7
FR;1;2021-06-27;52361;122948;143;0;0;25954493;14908397;71023;22;7
FR;1;2021-06-28;136469;368262;1055;0;0;26090962;15276659;72078;22;7
FR;1;2021-06-29;154713;390507;1846;0;0;26245675;15667166;73924;22;7
FR;1;2021-06-30;179845;378542;1661;4;2;26425520;16045708;75585;26;9
FR;1;2021-07-01;201071;332165;1886;5;1;26626591;16377873;77471;31;10
FR;1;2021-07-02;193071;367671;1764;5;3;26819662;16745544;79235;36;13
FR;1;2021-07-03;124319;280461;704;3;1;26943981;17026005;79939;39;14
FR;1;2021-07-04;53892;113686;244;0;0;26997873;17139691;80183;39;14
FR;1;2021-07-05;153516;356089;1498;8;2;27151389;17495780;81681;47;16
FR;1;2021-07-06;173181;382538;1597;44;8;27324570;17878318;83278;91;24
FR;1;2021-07-07;190403;362572;1654;24;5;27514973;18240890;84932;115;29
FR;1;2021-07-08;201242;323103;1825;20;8;27716215;18563993;86757;135;37
FR;1;2021-07-09;189621;387195;1851;3;2;27905836;18951188;88608;138;39
FR;1;2021-07-10;129826;281118;814;1;1;28035662;19232306;89422;139;40
FR;1;2021-07-11;57604;102487;260;0;0;28093266;19334793;89682;139;40
FR;1;2021-07-12;149408;417002;1573;4;0;28242674;19751795;91255;143;40
FR;1;2021-07-13;234010;439483;1803;8;2;28476684;20191278;93058;151;42
FR;1;2021-07-14;171638;151570;415;0;0;28648322;20342848;93473;151;42
FR;1;2021-07-15;279349;424799;1856;1;0;28927671;20767647;95329;152;42
FR;1;2021-07-16;290130;401273;1709;3;1;29217801;21168920;97038;155;43
FR;1;2021-07-17;217236;282128;754;1;0;29435037;21451048;97792;156;43
FR;1;2021-07-18;101950;107317;288;0;0;29536987;21558365;98080;156;43
FR;1;2021-07-19;238018;379387;1495;3;0;29775005;21937752;99575;159;43
FR;1;2021-07-20;305527;380917;1466;0;0;30080532;22318669;101041;159;43
FR;1;2021-07-21;333049;353579;1412;4;2;30413581;22672248;102453;163;45
FR;1;2021-07-22;364351;319499;1500;3;2;30777932;22991747;103953;166;47
FR;1;2021-07-23;347634;343773;1582;4;2;31125566;23335520;105535;170;49
FR;1;2021-07-24;238888;241072;695;1;0;31364454;23576592;106230;171;49
FR;1;2021-07-25;112732;76061;214;0;0;31477186;23652653;106444;171;49
FR;1;2021-07-26;298963;290285;1495;2;2;31776149;23942938;107939;173;51
FR;1;2021-07-27;385646;268910;1457;4;2;32161795;24211848;109396;177;53
FR;1;2021-07-28;390048;251604;1460;4;2;32551843;24463452;110856;181;55
FR;1;2021-07-29;405947;228412;1537;2;1;32957790;24691864;112393;183;56
FR;1;2021-07-30;370487;247106;1632;4;1;33328277;24938970;114025;187;57
FR;1;2021-07-31;243324;165123;792;1;0;33571601;25104093;114817;188;57
FR;1;2021-08-01;105489;47232;232;0;0;33677090;25151325;115049;188;57
FR;1;2021-08-02;296859;213315;1473;2;0;33973949;25364640;116522;190;57
FR;1;2021-08-03;331019;209328;1544;2;1;34304968;25573968;118066;192;58
FR;1;2021-08-04;327660;184444;1435;5;3;34632628;25758412;119501;197;61
FR;1;2021-08-05;300986;193594;1478;0;0;34933614;25952006;120979;197;61
FR;1;2021-08-06;290692;224656;1558;3;1;35224306;26176662;122537;200;62
FR;1;2021-08-07;182542;158826;654;4;3;35406848;26335488;123191;204;65
FR;1;2021-08-08;68808;59146;246;0;0;35475656;26394634;123437;204;65
FR;1;2021-08-09;222566;236097;1436;4;3;35698222;26630731;124873;208;68
FR;1;2021-08-10;252392;240993;1485;2;1;35950614;26871724;126358;210;69
FR;1;2021-08-11;235934;232561;1267;5;1;36186548;27104285;127625;215;70
FR;1;2021-08-12;220465;240311;1482;3;1;36407013;27344596;129107;218;71
FR;1;2021-08-13;201546;238535;1351;2;2;36608559;27583131;130458;220;73
FR;1;2021-08-14;122786;174165;645;0;0;36731345;27757296;131103;220;73
FR;1;2021-08-15;34631;46121;195;1;0;36765976;27803417;131298;221;73
FR;1;2021-08-16;156667;289941;1420;0;0;36922643;28093358;132718;221;73
FR;1;2021-08-17;171441;291775;1418;4;1;37094084;28385133;134136;225;74
FR;1;2021-08-18;161202;287202;1382;6;3;37255286;28672335;135518;231;77
FR;1;2021-08-19;148720;277587;1392;1;0;37404006;28949922;136910;232;77
FR;1;2021-08-20;140267;308485;1518;2;2;37544273;29258407;138428;234;79
FR;1;2021-08-21;84192;213254;584;0;0;37628465;29471661;139012;234;79
FR;1;2021-08-22;28524;82692;228;0;0;37656989;29554353;139240;234;79
FR;1;2021-08-23;118536;321239;1416;2;1;37775525;29875592;140656;236;80
FR;1;2021-08-24;126538;319945;1592;5;1;37902063;30195537;142248;241;81
FR;1;2021-08-25;121369;306608;1773;8;3;38023432;30502145;144021;249;84
FR;1;2021-08-26;106460;286168;2154;10;1;38129892;30788313;146175;259;85
FR;1;2021-08-27;107467;321169;2298;8;3;38237359;31109482;148473;267;88
FR;1;2021-08-28;70918;220671;1100;0;0;38308277;31330153;149573;267;88
FR;1;2021-08-29;24123;78128;462;1;0;38332400;31408281;150035;268;88
FR;1;2021-08-30;96774;286548;4307;6;5164;38429174;31694829;154342;274;5252
FR;1;2021-08-31;97956;276497;9266;14;10201;38527130;31971326;163608;288;15453
FR;1;2021-09-01;111302;245271;21084;7;21986;38638432;32216597;184692;295;37439
FR;1;2021-09-02;84287;198052;24502;11;25387;38722719;32414649;209194;306;62826
FR;1;2021-09-03;82062;227663;26931;21;27934;38804781;32642312;236125;327;90760
FR;1;2021-09-04;71450;189701;11136;11;11614;38876231;32832013;247261;338;102374
FR;1;2021-09-05;18580;41196;4117;2;4282;38894811;32873209;251378;340;106656
FR;1;2021-09-06;59275;151688;30161;15;31043;38954086;33024897;281539;355;137699
FR;1;2021-09-07;56528;139743;30193;27;31047;39010614;33164640;311732;382;168746
FR;1;2021-09-08;70093;173825;26904;20;27752;39080707;33338465;338636;402;196498
FR;1;2021-09-09;53325;124447;28581;23;29537;39134032;33462912;367217;425;226035
FR;1;2021-09-10;65240;152041;30412;21;31466;39199272;33614953;397629;446;257501
FR;1;2021-09-11;51832;146588;9715;13;10211;39251104;33761541;407344;459;267712
FR;1;2021-09-12;10703;29249;2479;2;2627;39261807;33790790;409823;461;270339
FR;1;2021-09-13;51265;104609;38706;28;39685;39313072;33895399;448529;489;310024
FR;1;2021-09-14;53083;96112;51215;65;52592;39366155;33991511;499744;554;362616
FR;1;2021-09-15;60196;139232;50422;56;46882;39426351;34130743;550166;610;409498
FR;1;2021-09-16;46410;81400;53252;72;49387;39472761;34212143;603418;682;458885
FR;1;2021-09-17;53010;109378;45003;60;42568;39525771;34321521;648421;742;501453
FR;1;2021-09-18;37787;118457;11785;19;11244;39563558;34439978;660206;761;512697
FR;1;2021-09-19;6466;21033;2030;1;1966;39570024;34461011;662236;762;514663
FR;1;2021-09-20;36364;74883;46131;66;44000;39606388;34535894;708367;828;558663
FR;1;2021-09-21;34058;68146;56170;71;52483;39640446;34604040;764537;899;611146
FR;1;2021-09-22;38658;118383;49783;77;46701;39679104;34722423;814320;976;657847
FR;1;2021-09-23;31838;62692;54418;86;50649;39710942;34785115;868738;1062;708496
FR;1;2021-09-24;36603;89824;43606;92;41828;39747545;34874939;912344;1154;750324
FR;1;2021-09-25;27567;96532;12293;27;12150;39775112;34971471;924637;1181;762474
FR;1;2021-09-26;4347;15217;1766;4;1703;39779459;34986688;926403;1185;764177
FR;1;2021-09-27;27277;60239;42858;89;41523;39806736;35046927;969261;1274;805700
FR;1;2021-09-28;26802;49439;47110;75;44275;39833538;35096366;1016371;1349;849975
FR;1;2021-09-29;35792;80342;47208;86;45457;39869330;35176708;1063579;1435;895432
FR;1;2021-09-30;25887;46358;47443;80;45263;39895217;35223066;1111022;1515;940695
FR;1;2021-10-01;46665;64696;44835;83;44366;39941882;35287762;1155857;1598;985061
FR;1;2021-10-02;32204;62257;16093;32;16279;39974086;35350019;1171950;1630;1001340
FR;1;2021-10-03;4294;8603;2026;3;2036;39978380;35358622;1173976;1633;1003376
FR;1;2021-10-04;28517;44381;47063;78;46874;40006897;35403003;1221039;1711;1050250
FR;1;2021-10-05;23825;41575;49796;116;49101;40030722;35444578;1270835;1827;1099351
FR;1;2021-10-06;34099;61168;57391;102;57036;40064821;35505746;1328226;1929;1156387
FR;1;2021-10-07;20785;39672;52962;75;51774;40085606;35545418;1381188;2004;1208161
FR;1;2021-10-08;34612;59504;60323;83;60987;40120218;35604922;1441511;2087;1269148
FR;1;2021-10-09;27303;47920;25456;29;25956;40147521;35652842;1466967;2116;1295104
FR;1;2021-10-10;3566;5713;2741;7;2840;40151087;35658555;1469708;2123;1297944
FR;1;2021-10-11;24542;38151;54539;88;55138;40175629;35696706;1524247;2211;1353082
FR;1;2021-10-12;22903;36538;57998;126;59009;40198532;35733244;1582245;2337;1412091
FR;1;2021-10-13;32663;47690;64127;124;65569;40231195;35780934;1646372;2461;1477660
FR;1;2021-10-14;21515;34631;53705;103;54215;40252710;35815565;1700077;2564;1531875
FR;1;2021-10-15;32414;48648;72279;165;74897;40285124;35864213;1772356;2729;1606772
FR;1;2021-10-16;25872;35237;34845;45;36368;40310996;35899450;1807201;2774;1643140
FR;1;2021-10-17;3078;4034;3403;2;3311;40314074;35903484;1810604;2776;1646451
FR;1;2021-10-18;22389;34474;66783;131;69616;40336463;35937958;1877387;2907;1716067
FR;1;2021-10-19;20403;33036;75607;136;79477;40356866;35970994;1952994;3043;1795544
FR;1;2021-10-20;29701;43994;96106;176;99671;40386567;36014988;2049100;3219;1895215
FR;1;2021-10-21;19418;35015;83088;107;86941;40405985;36050003;2132188;3326;1982156
FR;1;2021-10-22;29470;47417;103667;195;109509;40435455;36097420;2235855;3521;2091665
FR;1;2021-10-23;22923;35075;44835;57;47329;40458378;36132495;2280690;3578;2138994
FR;1;2021-10-24;2365;3870;3577;6;3740;40460743;36136365;2284267;3584;2142734
FR;1;2021-10-25;22345;30725;81966;143;85721;40483088;36167090;2366233;3727;2228455
FR;1;2021-10-26;19242;27579;86033;162;90220;40502330;36194669;2452266;3889;2318675
FR;1;2021-10-27;26073;39633;107727;252;112551;40528403;36234302;2559993;4141;2431226
FR;1;2021-10-28;18478;26939;86868;150;91519;40546881;36261241;2646861;4291;2522745
FR;1;2021-10-29;25810;39791;114760;201;121443;40572691;36301032;2761621;4492;2644188
FR;1;2021-10-30;17528;28551;49320;75;51901;40590219;36329583;2810941;4567;2696089
FR;1;2021-10-31;2044;3214;3440;2;3679;40592263;36332797;2814381;4569;2699768
FR;1;2021-11-01;7442;4130;3012;3;3257;40599705;36336927;2817393;4572;2703025
FR;1;2021-11-02;21532;33093;92311;157;97616;40621237;36370020;2909704;4729;2800641
FR;1;2021-11-03;26028;41319;117405;215;123717;40647265;36411339;3027109;4944;2924358
FR;1;2021-11-04;19368;30217;105694;212;111771;40666633;36441556;3132803;5156;3036129
FR;1;2021-11-05;26766;42049;138673;227;147214;40693399;36483605;3271476;5383;3183343
FR;1;2021-11-06;18702;29758;63419;123;66367;40712101;36513363;3334895;5506;3249710
FR;1;2021-11-07;1774;3375;4944;6;5295;40713875;36516738;3339839;5512;3255005
FR;1;2021-11-08;17395;32259;125880;224;132396;40731270;36548997;3465719;5736;3387401
FR;1;2021-11-09;19077;37649;159176;336;168837;40750347;36586646;3624895;6072;3556238
FR;1;2021-11-10;28457;48811;181780;440;192259;40778804;36635457;3806675;6512;3748497
FR;1;2021-11-11;3414;5605;12165;26;12962;40782218;36641062;3818840;6538;3761459
FR;1;2021-11-12;25852;46834;174710;241;186283;40808070;36687896;3993550;6779;3947742
FR;1;2021-11-13;18603;29209;76780;111;81716;40826673;36717105;4070330;6890;4029458
FR;1;2021-11-14;1993;3356;6808;5;7388;40828666;36720461;4077138;6895;4036846
FR;1;2021-11-15;18446;34855;156272;303;166019;40847112;36755316;4233410;7198;4202865
FR;1;2021-11-16;20873;37805;191957;377;204672;40867985;36793121;4425367;7575;4407537
FR;1;2021-11-17;28347;45636;193112;399;204862;40896332;36838757;4618479;7974;4612399
FR;1;2021-11-18;20917;37724;182346;457;194288;40917249;36876481;4800825;8431;4806687
FR;1;2021-11-19;30707;53296;230092;529;246465;40947956;36929777;5030917;8960;5053152
FR;1;2021-11-20;23610;33240;96921;200;103553;40971566;36963017;5127838;9160;5156705
FR;1;2021-11-21;2303;4040;9087;18;9978;40973869;36967057;5136925;9178;5166683
FR;1;2021-11-22;21287;30341;175762;465;189253;40995156;36997398;5312687;9643;5355936
FR;1;2021-11-23;23730;40973;221033;538;237651;41018886;37038371;5533720;10181;5593587
FR;1;2021-11-24;30169;49638;217229;703;234310;41049055;37088009;5750949;10884;5827897
FR;1;2021-11-25;23393;43738;244302;719;263841;41072448;37131747;5995251;11603;6091738
FR;1;2021-11-26;30459;66449;356627;834;388333;41102907;37198196;6351878;12437;6480071
FR;1;2021-11-27;21646;45165;202523;372;222483;41124553;37243361;6554401;12809;6702554
FR;1;2021-11-28;3132;9690;54743;63;61037;41127685;37253051;6609144;12872;6763591
FR;1;2021-11-29;17774;49421;326227;841;354174;41145459;37302472;6935371;13713;7117765
FR;1;2021-11-30;22453;64752;430974;948;470525;41167912;37367224;7366345;14661;7588290
FR;1;2021-12-01;24100;69150;442681;1129;481482;41192012;37436374;7809026;15790;8069772
FR;1;2021-12-02;19785;64226;489206;1224;532605;41211797;37500600;8298232;17014;8602377
FR;1;2021-12-03;22688;81686;542551;1303;591483;41234485;37582286;8840783;18317;9193860
FR;1;2021-12-04;16334;53859;298997;652;328808;41250819;37636145;9139780;18969;9522668
FR;1;2021-12-05;3621;13910;81481;143;91060;41254440;37650055;9221261;19112;9613728
FR;1;2021-12-06;16735;62689;415261;1062;454954;41271175;37712744;9636522;20174;10068682
FR;1;2021-12-07;19692;75699;522736;1531;572274;41290867;37788443;10159258;21705;10640956
FR;1;2021-12-08;21441;75446;458173;1541;501846;41312308;37863889;10617431;23246;11142802
FR;1;2021-12-09;19292;73915;492703;1626;540539;41331600;37937804;11110134;24872;11683341
FR;1;2021-12-10;22348;87499;547182;1583;599758;41353948;38025303;11657316;26455;12283099
FR;1;2021-12-11;16487;58915;302651;746;335392;41370435;38084218;11959967;27201;12618491
FR;1;2021-12-12;4328;15959;83157;179;94068;41374763;38100177;12043124;27380;12712559
FR;1;2021-12-13;15396;63669;366768;1095;406118;41390159;38163846;12409892;28475;13118677
FR;1;2021-12-14;19947;80117;464487;1738;514962;41410106;38243963;12874379;30213;13633639
FR;1;2021-12-15;21228;77163;408859;1307;452901;41431334;38321126;13283238;31520;14086540
FR;1;2021-12-16;19838;77228;451613;1575;500402;41451172;38398354;13734851;33095;14586942
FR;1;2021-12-17;22385;86592;479729;1735;530839;41473557;38484946;14214580;34830;15117781
FR;1;2021-12-18;17566;54631;257532;730;288449;41491123;38539577;14472112;35560;15406230
FR;1;2021-12-19;5533;17181;79119;194;90776;41496656;38556758;14551231;35754;15497006
FR;1;2021-12-20;20724;63019;316055;1081;355128;41517380;38619777;14867286;36835;15852134
FR;1;2021-12-21;26038;73027;372569;1421;417932;41543418;38692804;15239855;38256;16270066
FR;1;2021-12-22;24847;65733;310448;1214;349420;41568265;38758537;15550303;39470;16619486
FR;1;2021-12-23;21153;52219;241344;949;272943;41589418;38810756;15791647;40419;16892429
FR;1;2021-12-24;7050;18220;67091;256;77028;41596468;38828976;15858738;40675;16969457
FR;1;2021-12-25;494;2757;5565;15;6536;41596962;38831733;15864303;40690;16975993
FR;1;2021-12-26;2746;7585;26914;68;31445;41599708;38839318;15891217;40758;17007438
FR;1;2021-12-27;18053;53231;234974;707;265645;41617761;38892549;16126191;41465;17273083
FR;1;2021-12-28;23186;61774;291907;1024;330069;41640947;38954323;16418098;42489;17603152
FR;1;2021-12-29;22156;55425;254876;918;288111;41663103;39009748;16672974;43407;17891263
FR;1;2021-12-30;21172;46050;212056;857;239520;41684275;39055798;16885030;44264;18130783
FR;1;2021-12-31;7251;16508;61809;229;70324;41691526;39072306;16946839;44493;18201107
FR;1;2022-01-01;772;2474;5638;29;6571;41692298;39074780;16952477;44522;18207678
FR;1;2022-01-02;3031;8068;28855;50;33517;41695329;39082848;16981332;44572;18241195
FR;1;2022-01-03;18924;52136;228035;783;257310;41714253;39134984;17209367;45355;18498505
FR;1;2022-01-04;24620;64506;299109;1234;337112;41738873;39199490;17508476;46589;18835617
FR;1;2022-01-05;28942;63499;274715;1097;310008;41767815;39262989;17783191;47686;19145625
FR;1;2022-01-06;26356;65801;306734;1392;346366;41794171;39328790;18089925;49078;19491991
FR;1;2022-01-07;31157;74316;349676;1534;393723;41825328;39403106;18439601;50612;19885714
FR;1;2022-01-08;23293;51366;222441;694;251077;41848621;39454472;18662042;51306;20136791
FR;1;2022-01-09;7072;17224;65999;163;76158;41855693;39471696;18728041;51469;20212949
FR;1;2022-01-10;21230;53536;236625;951;266873;41876923;39525232;18964666;52420;20479822
FR;1;2022-01-11;26349;62616;282140;1276;317669;41903272;39587848;19246806;53696;20797491
FR;1;2022-01-12;28540;61855;246093;1103;277851;41931812;39649703;19492899;54799;21075342
FR;1;2022-01-13;24292;59639;262626;1250;295971;41956104;39709342;19755525;56049;21371313
FR;1;2022-01-14;27685;66404;313821;1364;351101;41983789;39775746;20069346;57413;21722414
FR;1;2022-01-15;19238;44292;199230;618;223815;42003027;39820038;20268576;58031;21946229
FR;1;2022-01-16;5130;13004;51480;135;59570;42008157;39833042;20320056;58166;22005799
FR;1;2022-01-17;16680;39609;184733;779;206792;42024837;39872651;20504789;58945;22212591
FR;1;2022-01-18;19187;45454;212297;1149;236921;42044024;39918105;20717086;60094;22449512
FR;1;2022-01-19;20061;43755;175991;894;197115;42064085;39961860;20893077;60988;22646627
FR;1;2022-01-20;16515;40210;183510;1136;204580;42080600;40002070;21076587;62124;22851207
FR;1;2022-01-21;19625;46903;228833;1399;253249;42100225;40048973;21305420;63523;23104456
FR;1;2022-01-22;13824;33077;144443;578;161329;42114049;40082050;21449863;64101;23265785
FR;1;2022-01-23;3340;8830;33391;130;38330;42117389;40090880;21483254;64231;23304115
FR;1;2022-01-24;11692;32525;142109;705;158207;42129081;40123405;21625363;64936;23462322
FR;1;2022-01-25;14065;37786;163292;1049;181488;42143146;40161191;21788655;65985;23643810
FR;1;2022-01-26;14784;36615;150134;927;166172;42157930;40197806;21938789;66912;23809982
FR;1;2022-01-27;12252;32547;143320;878;157788;42170182;40230353;22082109;67790;23967770
FR;1;2022-01-28;16176;53808;198185;1143;222428;42186358;40284161;22280294;68933;24190198
FR;1;2022-01-29;10241;35437;135156;520;151534;42196599;40319598;22415450;69453;24341732
FR;1;2022-01-30;2471;9339;29654;84;34462;42199070;40328937;22445104;69537;24376194
FR;1;2022-01-31;8705;32311;104272;530;117377;42207775;40361248;22549376;70067;24493571
FR;1;2022-02-01;9969;35844;126966;861;141128;42217744;40397092;22676342;70928;24634699
FR;1;2022-02-02;11096;40794;130231;777;145767;42228840;40437886;22806573;71705;24780466
FR;1;2022-02-03;8652;32988;116897;780;130287;42237492;40470874;22923470;72485;24910753
FR;1;2022-02-04;11336;47867;172464;963;192733;42248828;40518741;23095934;73448;25103486
FR;1;2022-02-05;7685;33923;117530;391;133037;42256513;40552664;23213464;73839;25236523
FR;1;2022-02-06;1686;8067;22725;83;26902;42258199;40560731;23236189;73922;25263425
FR;1;2022-02-07;6964;35225;119005;449;134936;42265163;40595956;23355194;74371;25398361
FR;1;2022-02-08;7479;31377;125563;692;140532;42272642;40627333;23480757;75063;25538893
FR;1;2022-02-09;8370;35798;135155;692;152347;42281012;40663131;23615912;75755;25691240
FR;1;2022-02-10;6518;28872;116223;673;129934;42287530;40692003;23732135;76428;25821174
FR;1;2022-02-11;8519;41153;165004;873;185196;42296049;40733156;23897139;77301;26006370
FR;1;2022-02-12;5256;27492;106648;378;120815;42301305;40760648;24003787;77679;26127185
FR;1;2022-02-13;1210;5686;21685;61;25296;42302515;40766334;24025472;77740;26152481
FR;1;2022-02-14;5325;27001;117977;387;132993;42307840;40793335;24143449;78127;26285474
FR;1;2022-02-15;5538;27939;118749;609;132318;42313378;40821274;24262198;78736;26417792
FR;1;2022-02-16;5608;27871;110300;591;122886;42318986;40849145;24372498;79327;26540678
FR;1;2022-02-17;4370;18855;73039;484;80069;42323356;40868000;24445537;79811;26620747
FR;1;2022-02-18;5449;26284;99086;667;108005;42328805;40894284;24544623;80478;26728752
FR;1;2022-02-19;3505;17049;59438;303;66006;42332310;40911333;24604061;80781;26794758
FR;1;2022-02-20;776;3207;10674;35;12294;42333086;40914540;24614735;80816;26807052
FR;1;2022-02-21;3315;14423;52759;286;57593;42336401;40928963;24667494;81102;26864645
FR;1;2022-02-22;3662;15298;51828;496;55541;42340063;40944261;24719322;81598;26920186
FR;1;2022-02-23;4132;17448;57378;508;62456;42344195;40961709;24776700;82106;26982642
FR;1;2022-02-24;3207;12515;43522;432;46281;42347402;40974224;24820222;82538;27028923
FR;1;2022-02-25;4339;19211;64785;691;68624;42351741;40993435;24885007;83229;27097547
FR;1;2022-02-26;2665;12499;41321;305;45071;42354406;41005934;24926328;83534;27142618
FR;1;2022-02-27;634;2161;7107;42;7969;42355040;41008095;24933435;83576;27150587
FR;1;2022-02-28;2538;9954;34875;300;37290;42357578;41018049;24968310;83876;27187877
FR;1;2022-03-01;2565;10160;38401;386;39307;42360143;41028209;25006711;84262;27227184
FR;1;2022-03-02;3359;11732;41659;388;43697;42363502;41039941;25048370;84650;27270881
FR;1;2022-03-03;2231;7310;25884;297;26195;42365733;41047251;25074254;84947;27297076
FR;1;2022-03-04;2616;10113;35263;568;34730;42368349;41057364;25109517;85515;27331806
FR;1;2022-03-05;1630;6264;21897;274;22277;42369979;41063628;25131414;85789;27354083
FR;1;2022-03-06;339;925;2904;37;3099;42370318;41064553;25134318;85826;27357182
FR;1;2022-03-07;1309;4499;16323;241;15778;42371627;41069052;25150641;86067;27372960
FR;1;2022-03-08;1474;4978;16999;301;15819;42373101;41074030;25167640;86368;27388779
FR;1;2022-03-09;1819;6299;19573;363;18926;42374920;41080329;25187213;86731;27407705
FR;1;2022-03-10;1237;4057;14778;291;13790;42376157;41084386;25201991;87022;27421495
FR;1;2022-03-11;1660;6058;21533;478;19668;42377817;41090444;25223524;87500;27441163
FR;1;2022-03-12;1194;4559;15278;274;14813;42379011;41095003;25238802;87774;27455976
FR;1;2022-03-13;231;588;2015;114;1962;42379242;41095591;25240817;87888;27457938
FR;1;2022-03-14;1030;3468;13172;3873;12301;42380272;41099059;25253989;91761;27470239
FR;1;2022-03-15;1203;3696;14093;6845;12563;42381475;41102755;25268082;98606;27482802
FR;1;2022-03-16;1549;4557;16474;11503;15544;42383024;41107312;25284556;110109;27498346
FR;1;2022-03-17;1057;2979;11034;9587;10111;42384081;41110291;25295590;119696;27508457
FR;1;2022-03-18;1608;4565;17562;16427;15971;42385689;41114856;25313152;136123;27524428
FR;1;2022-03-19;1082;3119;11794;8440;11255;42386771;41117975;25324946;144563;27535683
FR;1;2022-03-20;205;504;1607;998;1633;42386976;41118479;25326553;145561;27537316
FR;1;2022-03-21;1003;2561;10502;13353;9850;42387979;41121040;25337055;158914;27547166
FR;1;2022-03-22;1133;2927;11583;18633;10568;42389112;41123967;25348638;177547;27557734
FR;1;2022-03-23;1384;3744;13378;20004;12917;42390496;41127711;25362016;197551;27570651
FR;1;2022-03-24;1000;2381;9620;15890;8880;42391496;41130092;25371636;213441;27579531
FR;1;2022-03-25;1434;3853;16065;25186;14721;42392930;41133945;25387701;238627;27594252
FR;1;2022-03-26;1075;2749;10570;11383;10215;42394005;41136694;25398271;250010;27604467
FR;1;2022-03-27;221;528;1691;1355;1744;42394226;41137222;25399962;251365;27606211
FR;1;2022-03-28;998;2214;9279;15677;8885;42395224;41139436;25409241;267042;27615096
FR;1;2022-03-29;1081;2578;10933;24653;10281;42396305;41142014;25420174;291695;27625377
FR;1;2022-03-30;1532;3298;13190;23844;12711;42397837;41145312;25433364;315539;27638088
FR;1;2022-03-31;1211;2447;10743;21822;10234;42399048;41147759;25444107;337361;27648322
FR;1;2022-04-01;1499;3273;14409;27572;13361;42400547;41151032;25458516;364933;27661683
FR;1;2022-04-02;785;1733;7603;8976;7319;42401332;41152765;25466119;373909;27669002
FR;1;2022-04-03;150;324;1340;1012;1337;42401482;41153089;25467459;374921;27670339
FR;1;2022-04-04;892;1789;8523;15759;7911;42402374;41154878;25475982;390680;27678250
FR;2;2020-12-27;0;0;0;0;0;0;0;0;0;0
FR;2;2020-12-28;0;0;0;0;0;0;0;0;0;0
FR;2;2020-12-29;0;0;0;0;0;0;0;0;0;0
FR;2;2020-12-30;0;0;0;0;0;0;0;0;0;0
FR;2;2020-12-31;0;0;0;0;0;0;0;0;0;0
FR;2;2021-01-01;0;0;0;0;0;0;0;0;0;0
FR;2;2021-01-02;0;0;0;0;0;0;0;0;0;0
FR;2;2021-01-03;0;0;0;0;0;0;0;0;0;0
FR;2;2021-01-04;0;0;0;0;0;0;0;0;0;0
FR;2;2021-01-05;0;0;0;0;0;0;0;0;0;0
FR;2;2021-01-06;0;0;0;0;0;0;0;0;0;0
FR;2;2021-01-07;0;0;0;0;0;0;0;0;0;0
FR;2;2021-01-08;0;0;0;0;0;0;0;0;0;0
FR;2;2021-01-09;0;0;0;0;0;0;0;0;0;0
FR;2;2021-01-10;0;0;0;0;0;0;0;0;0;0
FR;2;2021-01-11;0;0;0;0;0;0;0;0;0;0
FR;2;2021-01-12;0;0;0;0;0;0;0;0;0;0
FR;2;2021-01-13;0;0;0;0;0;0;0;0;0;0
FR;2;2021-01-14;1702;0;0;0;0;1702;0;0;0;0
FR;2;2021-01-15;390;0;0;0;0;2092;0;0;0;0
FR;2;2021-01-16;312;0;0;0;0;2404;0;0;0;0
FR;2;2021-01-17;80;0;0;0;0;2484;0;0;0;0
FR;2;2021-01-18;3072;0;0;0;0;5556;0;0;0;0
FR;2;2021-01-19;4674;0;0;0;0;10230;0;0;0;0
FR;2;2021-01-20;5133;3;0;0;0;15363;3;0;0;0
FR;2;2021-01-21;5332;4;0;0;0;20695;7;0;0;0
FR;2;2021-01-22;5114;1;0;0;0;25809;8;0;0;0
FR;2;2021-01-23;1863;0;0;0;0;27672;8;0;0;0
FR;2;2021-01-24;160;1;0;0;0;27832;9;0;0;0
FR;2;2021-01-25;3810;1;0;0;0;31642;10;0;0;0
FR;2;2021-01-26;3914;0;0;0;0;35556;10;0;0;0
FR;2;2021-01-27;3595;1;0;0;0;39151;11;0;0;0
FR;2;2021-01-28;3743;2;0;0;0;42894;13;0;0;0
FR;2;2021-01-29;3286;2;0;0;0;46180;15;0;0;0
FR;2;2021-01-30;1129;1;0;0;0;47309;16;0;0;0
FR;2;2021-01-31;45;1;0;0;0;47354;17;0;0;0
FR;2;2021-02-01;3399;2;0;0;0;50753;19;0;0;0
FR;2;2021-02-02;4485;9;0;0;0;55238;28;0;0;0
FR;2;2021-02-03;5216;5;0;0;0;60454;33;0;0;0
FR;2;2021-02-04;4926;7;0;0;0;65380;40;0;0;0
FR;2;2021-02-05;4809;13;0;0;0;70189;53;0;0;0
FR;2;2021-02-06;2037;9;0;0;0;72226;62;0;0;0
FR;2;2021-02-07;97;4;0;0;0;72323;66;0;0;0
FR;2;2021-02-08;7549;16;0;0;0;79872;82;0;0;0
FR;2;2021-02-09;8419;25;0;0;0;88291;107;0;0;0
FR;2;2021-02-10;9336;55;0;0;0;97627;162;0;0;0
FR;2;2021-02-11;10271;79;0;0;0;107898;241;0;0;0
FR;2;2021-02-12;10048;249;0;0;0;117946;490;0;0;0
FR;2;2021-02-13;3117;227;0;0;0;121063;717;0;0;0
FR;2;2021-02-14;349;2;0;0;0;121412;719;0;0;0
FR;2;2021-02-15;3453;3081;0;0;0;124865;3800;0;0;0
FR;2;2021-02-16;5064;3932;0;0;0;129929;7732;0;0;0
FR;2;2021-02-17;4249;4428;0;0;0;134178;12160;0;0;0
FR;2;2021-02-18;5399;5101;0;0;0;139577;17261;0;0;0
FR;2;2021-02-19;5320;4351;0;0;0;144897;21612;0;0;0
FR;2;2021-02-20;1864;1506;0;0;0;146761;23118;0;0;0
FR;2;2021-02-21;239;86;0;0;0;147000;23204;0;0;0
FR;2;2021-02-22;3610;3722;0;0;0;150610;26926;0;0;0
FR;2;2021-02-23;4951;3691;0;0;0;155561;30617;0;0;0
FR;2;2021-02-24;5007;3466;0;0;0;160568;34083;0;0;0
FR;2;2021-02-25;5479;3443;0;0;0;166047;37526;0;0;0
FR;2;2021-02-26;4355;3137;0;0;0;170402;40663;0;0;0
FR;2;2021-02-27;1623;1045;0;0;0;172025;41708;0;0;0
FR;2;2021-02-28;176;32;0;0;0;172201;41740;0;0;0
FR;2;2021-03-01;5171;3746;0;0;0;177372;45486;0;0;0
FR;2;2021-03-02;6526;4720;0;0;0;183898;50206;0;0;0
FR;2;2021-03-03;6531;4898;0;0;0;190429;55104;0;0;0
FR;2;2021-03-04;8393;3983;0;0;0;198822;59087;0;0;0
FR;2;2021-03-05;8023;4061;0;0;0;206845;63148;0;0;0
FR;2;2021-03-06;4782;1682;0;0;0;211627;64830;0;0;0
FR;2;2021-03-07;2371;30;0;0;0;213998;64860;0;0;0
FR;2;2021-03-08;4163;8315;0;0;0;218161;73175;0;0;0
FR;2;2021-03-09;7482;8448;1;0;0;225643;81623;1;0;0
FR;2;2021-03-10;7092;9107;0;0;0;232735;90730;1;0;0
FR;2;2021-03-11;9371;9197;1;0;0;242106;99927;2;0;0
FR;2;2021-03-12;7969;8185;0;0;0;250075;108112;2;0;0
FR;2;2021-03-13;10046;2529;0;0;0;260121;110641;2;0;0
FR;2;2021-03-14;4838;402;0;0;0;264959;111043;2;0;0
FR;2;2021-03-15;10904;3512;0;0;0;275863;114555;2;0;0
FR;2;2021-03-16;16753;4637;1;0;0;292616;119192;3;0;0
FR;2;2021-03-17;20217;3960;0;0;0;312833;123152;3;0;0
FR;2;2021-03-18;23361;4917;0;0;0;336194;128069;3;0;0
FR;2;2021-03-19;23295;4540;0;0;0;359489;132609;3;0;0
FR;2;2021-03-20;25439;1543;0;0;0;384928;134152;3;0;0
FR;2;2021-03-21;17668;145;0;0;0;402596;134297;3;0;0
FR;2;2021-03-22;17781;3094;0;0;0;420377;137391;3;0;0
FR;2;2021-03-23;22682;4198;0;0;0;443059;141589;3;0;0
FR;2;2021-03-24;23953;4992;0;0;0;467012;146581;3;0;0
FR;2;2021-03-25;26734;5042;1;0;0;493746;151623;4;0;0
FR;2;2021-03-26;26973;4234;0;0;0;520719;155857;4;0;0
FR;2;2021-03-27;15913;1318;0;0;0;536632;157175;4;0;0
FR;2;2021-03-28;10560;110;0;0;0;547192;157285;4;0;0
FR;2;2021-03-29;18980;4277;0;0;0;566172;161562;4;0;0
FR;2;2021-03-30;24570;6017;0;0;0;590742;167579;4;0;0
FR;2;2021-03-31;28547;5941;0;0;0;619289;173520;4;0;0
FR;2;2021-04-01;34540;8488;1;0;0;653829;182008;5;0;0
FR;2;2021-04-02;29974;7666;0;0;0;683803;189674;5;0;0
FR;2;2021-04-03;16952;3620;0;0;0;700755;193294;5;0;0
FR;2;2021-04-04;9304;939;2;0;0;710059;194233;7;0;0
FR;2;2021-04-05;12437;809;0;0;0;722496;195042;7;0;0
FR;2;2021-04-06;27135;6946;0;0;0;749631;201988;7;0;0
FR;2;2021-04-07;30923;7164;1;0;0;780554;209152;8;0;0
FR;2;2021-04-08;36878;8789;1;0;0;817432;217941;9;0;0
FR;2;2021-04-09;33823;8585;28;0;0;851255;226526;37;0;0
FR;2;2021-04-10;19677;8990;1;0;0;870932;235516;38;0;0
FR;2;2021-04-11;7939;4259;1;0;0;878871;239775;39;0;0
FR;2;2021-04-12;17119;11208;0;0;0;895990;250983;39;0;0
FR;2;2021-04-13;19445;16345;1;0;0;915435;267328;40;0;0
FR;2;2021-04-14;18056;16266;7;0;0;933491;283594;47;0;0
FR;2;2021-04-15;22183;20761;26;0;0;955674;304355;73;0;0
FR;2;2021-04-16;20704;20050;45;0;0;976378;324405;118;0;0
FR;2;2021-04-17;13250;22440;5;0;0;989628;346845;123;0;0
FR;2;2021-04-18;5907;14387;6;0;0;995535;361232;129;0;0
FR;2;2021-04-19;16826;16246;24;0;0;1012361;377478;153;0;0
FR;2;2021-04-20;19312;21549;38;0;0;1031673;399027;191;0;0
FR;2;2021-04-21;20280;21660;76;0;0;1051953;420687;267;0;0
FR;2;2021-04-22;23804;24841;41;0;0;1075757;445528;308;0;0
FR;2;2021-04-23;24509;25338;76;0;0;1100266;470866;384;0;0
FR;2;2021-04-24;25299;15081;102;0;0;1125565;485947;486;0;0
FR;2;2021-04-25;9592;8593;5;0;0;1135157;494540;491;0;0
FR;2;2021-04-26;17154;17204;21;0;0;1152311;511744;512;0;0
FR;2;2021-04-27;19238;24275;40;0;0;1171549;536019;552;0;0
FR;2;2021-04-28;22331;26180;112;0;0;1193880;562199;664;0;0
FR;2;2021-04-29;25462;30130;69;0;0;1219342;592329;733;0;0
FR;2;2021-04-30;25530;27745;49;1;0;1244872;620074;782;1;0
FR;2;2021-05-01;14980;9870;6;0;0;1259852;629944;788;1;0
FR;2;2021-05-02;6634;9174;2;0;0;1266486;639118;790;1;0
FR;2;2021-05-03;20012;19293;40;0;0;1286498;658411;830;1;0
FR;2;2021-05-04;18280;29029;33;0;0;1304778;687440;863;1;0
FR;2;2021-05-05;18358;29375;48;0;0;1323136;716815;911;1;0
FR;2;2021-05-06;23536;35231;131;0;0;1346672;752046;1042;1;0
FR;2;2021-05-07;25320;33201;97;0;0;1371992;785247;1139;1;0
FR;2;2021-05-08;21333;9712;14;0;0;1393325;794959;1153;1;0
FR;2;2021-05-09;13161;7879;7;0;0;1406486;802838;1160;1;0
FR;2;2021-05-10;32935;22179;48;0;0;1439421;825017;1208;1;0
FR;2;2021-05-11;43591;21053;101;0;0;1483012;846070;1309;1;0
FR;2;2021-05-12;50033;19878;143;0;0;1533045;865948;1452;1;0
FR;2;2021-05-13;51286;5766;31;0;0;1584331;871714;1483;1;0
FR;2;2021-05-14;61337;12921;132;0;0;1645668;884635;1615;1;0
FR;2;2021-05-15;65918;7138;39;0;0;1711586;891773;1654;1;0
FR;2;2021-05-16;43577;2568;10;0;0;1755163;894341;1664;1;0
FR;2;2021-05-17;44739;12562;113;0;0;1799902;906903;1777;1;0
FR;2;2021-05-18;54631;12234;191;0;0;1854533;919137;1968;1;0
FR;2;2021-05-19;57159;10601;281;0;0;1911692;929738;2249;1;0
FR;2;2021-05-20;63428;10842;286;0;0;1975120;940580;2535;1;0
FR;2;2021-05-21;64282;11651;230;0;0;2039402;952231;2765;1;0
FR;2;2021-05-22;61475;4504;65;0;0;2100877;956735;2830;1;0
FR;2;2021-05-23;37529;569;22;0;0;2138406;957304;2852;1;0
FR;2;2021-05-24;17232;2032;33;0;0;2155638;959336;2885;1;0
FR;2;2021-05-25;21100;12231;239;0;0;2176738;971567;3124;1;0
FR;2;2021-05-26;19925;11443;229;0;0;2196663;983010;3353;1;0
FR;2;2021-05-27;22989;12660;181;0;0;2219652;995670;3534;1;0
FR;2;2021-05-28;29385;14951;190;0;0;2249037;1010621;3724;1;0
FR;2;2021-05-29;30412;8177;57;0;0;2279449;1018798;3781;1;0
FR;2;2021-05-30;4646;1813;6;0;0;2284095;1020611;3787;1;0
FR;2;2021-05-31;28583;18716;183;0;0;2312678;1039327;3970;1;0
FR;2;2021-06-01;45709;20022;221;0;0;2358387;1059349;4191;1;0
FR;2;2021-06-02;37459;19298;181;0;0;2395846;1078647;4372;1;0
FR;2;2021-06-03;51263;23350;161;0;0;2447109;1101997;4533;1;0
FR;2;2021-06-04;65507;24047;215;0;0;2512616;1126044;4748;1;0
FR;2;2021-06-05;34596;24024;51;0;0;2547212;1150068;4799;1;0
FR;2;2021-06-06;4947;6199;10;0;0;2552159;1156267;4809;1;0
FR;2;2021-06-07;28159;23056;146;0;0;2580318;1179323;4955;1;0
FR;2;2021-06-08;46369;22923;143;0;0;2626687;1202246;5098;1;0
FR;2;2021-06-09;34277;20918;107;0;0;2660964;1223164;5205;1;0
FR;2;2021-06-10;42631;19136;95;1;0;2703595;1242300;5300;2;0
FR;2;2021-06-11;55277;25226;133;0;0;2758872;1267526;5433;2;0
FR;2;2021-06-12;30557;19779;53;0;0;2789429;1287305;5486;2;0
FR;2;2021-06-13;3327;9183;13;0;0;2792756;1296488;5499;2;0
FR;2;2021-06-14;25294;24162;92;0;0;2818050;1320650;5591;2;0
FR;2;2021-06-15;39025;22853;154;0;0;2857075;1343503;5745;2;0
FR;2;2021-06-16;30155;21455;134;0;0;2887230;1364958;5879;2;0
FR;2;2021-06-17;36898;25868;150;0;0;2924128;1390826;6029;2;0
FR;2;2021-06-18;46841;28792;122;0;0;2970969;1419618;6151;2;0
FR;2;2021-06-19;24523;24894;39;0;0;2995492;1444512;6190;2;0
FR;2;2021-06-20;3737;10062;10;0;0;2999229;1454574;6200;2;0
FR;2;2021-06-21;17520;42837;87;0;0;3016749;1497411;6287;2;0
FR;2;2021-06-22;28353;49540;110;0;0;3045102;1546951;6397;2;0
FR;2;2021-06-23;21784;49563;106;1;1;3066886;1596514;6503;3;1
FR;2;2021-06-24;28371;50290;133;0;0;3095257;1646804;6636;3;1
FR;2;2021-06-25;33393;60378;127;0;0;3128650;1707182;6763;3;1
FR;2;2021-06-26;16368;59238;54;1;0;3145018;1766420;6817;4;1
FR;2;2021-06-27;2564;29322;22;1;0;3147582;1795742;6839;5;1
FR;2;2021-06-28;12633;54337;80;0;0;3160215;1850079;6919;5;1
FR;2;2021-06-29;19837;59879;178;0;0;3180052;1909958;7097;5;1
FR;2;2021-06-30;16315;57846;251;17;0;3196367;1967804;7348;22;1
FR;2;2021-07-01;20472;59886;227;0;0;3216839;2027690;7575;22;1
FR;2;2021-07-02;24067;62121;183;0;0;3240906;2089811;7758;22;1
FR;2;2021-07-03;12106;57079;153;0;0;3253012;2146890;7911;22;1
FR;2;2021-07-04;1958;23310;18;0;0;3254970;2170200;7929;22;1
FR;2;2021-07-05;9168;29360;106;0;0;3264138;2199560;8035;22;1
FR;2;2021-07-06;14572;36193;134;0;0;3278710;2235753;8169;22;1
FR;2;2021-07-07;14398;33665;138;0;0;3293108;2269418;8307;22;1
FR;2;2021-07-08;19709;40292;162;0;0;3312817;2309710;8469;22;1
FR;2;2021-07-09;27088;54258;202;1;0;3339905;2363968;8671;23;1
FR;2;2021-07-10;13380;33660;107;0;0;3353285;2397628;8778;23;1
FR;2;2021-07-11;1801;4336;16;0;0;3355086;2401964;8794;23;1
FR;2;2021-07-12;12959;37265;118;0;0;3368045;2439229;8912;23;1
FR;2;2021-07-13;37107;53230;150;0;0;3405152;2492459;9062;23;1
FR;2;2021-07-14;6601;3570;15;0;0;3411753;2496029;9077;23;1
FR;2;2021-07-15;47220;47028;156;0;0;3458973;2543057;9233;23;1
FR;2;2021-07-16;64301;55821;187;0;0;3523274;2598878;9420;23;1
FR;2;2021-07-17;31590;23931;96;0;0;3554864;2622809;9516;23;1
FR;2;2021-07-18;6086;4895;19;0;0;3560950;2627704;9535;23;1
FR;2;2021-07-19;32981;28684;93;0;0;3593931;2656388;9628;23;1
FR;2;2021-07-20;51983;44562;155;0;0;3645914;2700950;9783;23;1
FR;2;2021-07-21;45243;34781;93;0;0;3691157;2735731;9876;23;1
FR;2;2021-07-22;56269;41113;128;1;0;3747426;2776844;10004;24;1
FR;2;2021-07-23;68271;49094;170;0;0;3815697;2825938;10174;24;1
FR;2;2021-07-24;36162;21574;82;0;0;3851859;2847512;10256;24;1
FR;2;2021-07-25;6736;2658;10;0;0;3858595;2850170;10266;24;1
FR;2;2021-07-26;36288;22467;91;1;0;3894883;2872637;10357;25;1
FR;2;2021-07-27;62342;34623;180;0;0;3957225;2907260;10537;25;1
FR;2;2021-07-28;55279;26460;133;0;0;4012504;2933720;10670;25;1
FR;2;2021-07-29;68433;32774;189;0;0;4080937;2966494;10859;25;1
FR;2;2021-07-30;74419;37777;222;1;1;4155356;3004271;11081;26;2
FR;2;2021-07-31;34744;16176;104;0;0;4190100;3020447;11185;26;2
FR;2;2021-08-01;5393;2292;19;0;0;4195493;3022739;11204;26;2
FR;2;2021-08-02;35848;16206;101;0;0;4231341;3038945;11305;26;2
FR;2;2021-08-03;55948;28284;142;0;0;4287289;3067229;11447;26;2
FR;2;2021-08-04;46615;20862;128;0;0;4333904;3088091;11575;26;2
FR;2;2021-08-05;54601;31581;215;0;0;4388505;3119672;11790;26;2
FR;2;2021-08-06;58067;42382;242;1;0;4446572;3162054;12032;27;2
FR;2;2021-08-07;25130;17599;89;0;0;4471702;3179653;12121;27;2
FR;2;2021-08-08;3831;3669;21;0;0;4475533;3183322;12142;27;2
FR;2;2021-08-09;29281;21134;91;0;0;4504814;3204456;12233;27;2
FR;2;2021-08-10;44977;33510;152;0;0;4549791;3237966;12385;27;2
FR;2;2021-08-11;35258;25163;150;0;0;4585049;3263129;12535;27;2
FR;2;2021-08-12;41877;35731;162;0;0;4626926;3298860;12697;27;2
FR;2;2021-08-13;42578;37016;218;0;0;4669504;3335876;12915;27;2
FR;2;2021-08-14;18502;22264;93;0;0;4688006;3358140;13008;27;2
FR;2;2021-08-15;3794;3815;17;0;0;4691800;3361955;13025;27;2
FR;2;2021-08-16;25070;27221;110;0;0;4716870;3389176;13135;27;2
FR;2;2021-08-17;38245;43484;205;2;0;4755115;3432660;13340;29;2
FR;2;2021-08-18;32242;36387;192;1;1;4787357;3469047;13532;30;3
FR;2;2021-08-19;37424;46599;224;0;0;4824781;3515646;13756;30;3
FR;2;2021-08-20;40550;55581;269;1;0;4865331;3571227;14025;31;3
FR;2;2021-08-21;18112;24299;113;0;0;4883443;3595526;14138;31;3
FR;2;2021-08-22;2901;4327;22;1;1;4886344;3599853;14160;32;4
FR;2;2021-08-23;19238;35148;131;1;1;4905582;3635001;14291;33;5
FR;2;2021-08-24;31934;56026;235;0;0;4937516;3691027;14526;33;5
FR;2;2021-08-25;25925;43423;250;0;0;4963441;3734450;14776;33;5
FR;2;2021-08-26;32339;55775;387;0;0;4995780;3790225;15163;33;5
FR;2;2021-08-27;36992;65563;478;3;1;5032772;3855788;15641;36;6
FR;2;2021-08-28;17807;28459;300;0;0;5050579;3884247;15941;36;6
FR;2;2021-08-29;2653;5032;47;0;0;5053232;3889279;15988;36;6
FR;2;2021-08-30;18407;37749;399;0;761;5071639;3927028;16387;36;767
FR;2;2021-08-31;28072;57502;881;4;1534;5099711;3984530;17268;40;2301
FR;2;2021-09-01;21583;39819;1305;0;2084;5121294;4024349;18573;40;4385
FR;2;2021-09-02;25475;48592;1957;2;3272;5146769;4072941;20530;42;7657
FR;2;2021-09-03;33403;64468;2986;3;4814;5180172;4137409;23516;45;12471
FR;2;2021-09-04;16822;27677;1441;1;2343;5196994;4165086;24957;46;14814
FR;2;2021-09-05;2258;3617;263;0;412;5199252;4168703;25220;46;15226
FR;2;2021-09-06;14030;28733;1768;1;2929;5213282;4197436;26988;47;18155
FR;2;2021-09-07;21097;41047;3019;13;4843;5234379;4238483;30007;60;22998
FR;2;2021-09-08;17236;31910;2729;6;4441;5251615;4270393;32736;66;27439
FR;2;2021-09-09;20969;40433;4426;3;6720;5272584;4310826;37162;69;34159
FR;2;2021-09-10;28189;51096;5278;4;8776;5300773;4361922;42440;73;42935
FR;2;2021-09-11;13649;22335;2402;5;3919;5314422;4384257;44842;78;46854
FR;2;2021-09-12;1822;2795;282;0;502;5316244;4387052;45124;78;47356
FR;2;2021-09-13;11655;21453;2465;4;3993;5327899;4408505;47589;82;51349
FR;2;2021-09-14;18564;32768;5080;13;9001;5346463;4441273;52669;95;60350
FR;2;2021-09-15;14908;28284;5163;3;7779;5361371;4469557;57832;98;68129
FR;2;2021-09-16;16063;32753;6731;14;10515;5377434;4502310;64563;112;78644
FR;2;2021-09-17;20907;47067;8775;10;14563;5398341;4549377;73338;122;93207
FR;2;2021-09-18;9852;20917;3801;6;6022;5408193;4570294;77139;128;99229
FR;2;2021-09-19;1164;2657;395;0;650;5409357;4572951;77534;128;99879
FR;2;2021-09-20;7486;18802;3850;7;6147;5416843;4591753;81384;135;106026
FR;2;2021-09-21;11200;30009;6492;5;10736;5428043;4621762;87876;140;116762
FR;2;2021-09-22;9405;23551;5489;7;8510;5437448;4645313;93365;147;125272
FR;2;2021-09-23;10719;28869;7876;9;12631;5448167;4674182;101241;156;137903
FR;2;2021-09-24;15060;42831;10867;18;17155;5463227;4717013;112108;174;155058
FR;2;2021-09-25;7256;18703;3959;10;6072;5470483;4735716;116067;184;161130
FR;2;2021-09-26;1078;2564;494;0;638;5471561;4738280;116561;184;161768
FR;2;2021-09-27;6308;16447;4286;7;6549;5477869;4754727;120847;191;168317
FR;2;2021-09-28;9240;25537;7759;13;12052;5487109;4780264;128606;204;180369
FR;2;2021-09-29;8078;20205;6065;25;9251;5495187;4800469;134671;229;189620
FR;2;2021-09-30;9862;25776;9496;16;14071;5505049;4826245;144167;245;203691
FR;2;2021-10-01;13962;35614;12907;25;19214;5519011;4861859;157074;270;222905
FR;2;2021-10-02;6871;15865;4843;6;6994;5525882;4877724;161917;276;229899
FR;2;2021-10-03;841;1962;490;1;519;5526723;4879686;162407;277;230418
FR;2;2021-10-04;5816;13921;5512;5;7855;5532539;4893607;167919;282;238273
FR;2;2021-10-05;9047;22537;11119;19;15705;5541586;4916144;179038;301;253978
FR;2;2021-10-06;7776;17742;8236;11;11062;5549362;4933886;187274;312;265040
FR;2;2021-10-07;9193;22177;12369;15;16813;5558555;4956063;199643;327;281853
FR;2;2021-10-08;13420;32028;17344;27;23514;5571975;4988091;216987;354;305367
FR;2;2021-10-09;5996;12818;6039;6;7871;5577971;5000909;223026;360;313238
FR;2;2021-10-10;881;1637;435;2;629;5578852;5002546;223461;362;313867
FR;2;2021-10-11;5601;11616;6454;17;8835;5584453;5014162;229915;379;322702
FR;2;2021-10-12;8032;17750;12532;13;16722;5592485;5031912;242447;392;339424
FR;2;2021-10-13;6936;14851;10244;11;13601;5599421;5046763;252691;403;353025
FR;2;2021-10-14;8312;17928;14984;13;19439;5607733;5064691;267675;416;372464
FR;2;2021-10-15;11843;26257;20894;26;27926;5619576;5090948;288569;442;400390
FR;2;2021-10-16;5136;8730;1815;0;3205;5624712;5099678;290384;442;403595
FR;2;2021-10-17;650;1196;183;0;377;5625362;5100874;290567;442;403972
FR;2;2021-10-18;4555;7436;660;2;1679;5629917;5108310;291227;444;405651
FR;2;2021-10-19;6236;9907;728;5;2065;5636153;5118217;291955;449;407716
FR;2;2021-10-20;5159;8114;756;3;1685;5641312;5126331;292711;452;409401
FR;2;2021-10-21;6086;9974;777;5;2094;5647398;5136305;293488;457;411495
FR;2;2021-10-22;8442;14548;1141;4;2859;5655840;5150853;294629;461;414354
FR;2;2021-10-23;3840;5994;580;0;1235;5659680;5156847;295209;461;415589
FR;2;2021-10-24;493;881;99;0;198;5660173;5157728;295308;461;415787
FR;2;2021-10-25;3358;5385;298;1;829;5663531;5163113;295606;462;416616
FR;2;2021-10-26;4172;7246;1118;4;1994;5667703;5170359;296724;466;418610
FR;2;2021-10-27;3671;6632;1191;5;2000;5671374;5176991;297915;471;420610
FR;2;2021-10-28;4594;7693;1724;3;2734;5675968;5184684;299639;474;423344
FR;2;2021-10-29;5406;11076;2428;4;3663;5681374;5195760;302067;478;427007
FR;2;2021-10-30;2748;4432;971;1;1425;5684122;5200192;303038;479;428432
FR;2;2021-10-31;364;550;138;1;187;5684486;5200742;303176;480;428619
FR;2;2021-11-01;412;554;171;0;261;5684898;5201296;303347;480;428880
FR;2;2021-11-02;3285;6769;1179;0;1759;5688183;5208065;304526;480;430639
FR;2;2021-11-03;3332;6253;1380;2;1964;5691515;5214318;305906;482;432603
FR;2;2021-11-04;3984;7107;1756;4;2487;5695499;5221425;307662;486;435090
FR;2;2021-11-05;5221;10494;2863;5;3940;5700720;5231919;310525;491;439030
FR;2;2021-11-06;2589;4658;1396;0;1803;5703309;5236577;311921;491;440833
FR;2;2021-11-07;507;869;215;0;288;5703816;5237446;312136;491;441121
FR;2;2021-11-08;2576;5379;1199;3;1682;5706392;5242825;313335;494;442803
FR;2;2021-11-09;2748;6957;2391;6;3173;5709140;5249782;315726;500;445976
FR;2;2021-11-10;2582;5710;5088;6;6258;5711722;5255492;320814;506;452234
FR;2;2021-11-11;432;735;730;2;909;5712154;5256227;321544;508;453143
FR;2;2021-11-12;2946;8110;8958;8;10892;5715100;5264337;330502;516;464035
FR;2;2021-11-13;1529;3367;3864;7;4520;5716629;5267704;334366;523;468555
FR;2;2021-11-14;254;615;345;1;488;5716883;5268319;334711;524;469043
FR;2;2021-11-15;1618;3714;4432;9;5324;5718501;5272033;339143;533;474367
FR;2;2021-11-16;2181;5958;8285;14;10062;5720682;5277991;347428;547;484429
FR;2;2021-11-17;1737;4573;6614;8;7831;5722419;5282564;354042;555;492260
FR;2;2021-11-18;2186;5942;9167;11;10986;5724605;5288506;363209;566;503246
FR;2;2021-11-19;2696;7792;12954;19;15458;5727301;5296298;376163;585;518704
FR;2;2021-11-20;1566;3318;5164;5;6061;5728867;5299616;381327;590;524765
FR;2;2021-11-21;246;523;539;0;665;5729113;5300139;381866;590;525430
FR;2;2021-11-22;1274;2632;4467;5;5399;5730387;5302771;386333;595;530829
FR;2;2021-11-23;1612;4321;8184;9;9889;5731999;5307092;394517;604;540718
FR;2;2021-11-24;1420;3809;7455;14;8710;5733419;5310901;401972;618;549428
FR;2;2021-11-25;1809;4899;11441;21;13636;5735228;5315800;413413;639;563064
FR;2;2021-11-26;2533;7781;22642;31;26058;5737761;5323581;436055;670;589122
FR;2;2021-11-27;1497;4137;12254;18;13992;5739258;5327718;448309;688;603114
FR;2;2021-11-28;291;843;1965;3;2291;5739549;5328561;450274;691;605405
FR;2;2021-11-29;1444;4392;15070;23;17235;5740993;5332953;465344;714;622640
FR;2;2021-11-30;1911;6762;26218;36;29974;5742904;5339715;491562;750;652614
FR;2;2021-12-01;1899;6102;26181;29;29495;5744803;5345817;517743;779;682109
FR;2;2021-12-02;1909;6830;37679;52;41921;5746712;5352647;555422;831;724030
FR;2;2021-12-03;2549;10087;53583;112;59292;5749261;5362734;609005;943;783322
FR;2;2021-12-04;1847;6275;37084;38;40741;5751108;5369009;646089;981;824063
FR;2;2021-12-05;458;2291;14248;13;15991;5751566;5371300;660337;994;840054
FR;2;2021-12-06;2453;9891;77672;109;84729;5754019;5381191;738009;1103;924783
FR;2;2021-12-07;3441;15334;122405;238;133676;5757460;5396525;860414;1341;1058459
FR;2;2021-12-08;3715;16046;133163;330;145354;5761175;5412571;993577;1671;1203813
FR;2;2021-12-09;4543;19597;170129;554;185463;5765718;5432168;1163706;2225;1389276
FR;2;2021-12-10;4667;22803;188596;489;206015;5770385;5454971;1352302;2714;1595291
FR;2;2021-12-11;3682;16610;132416;238;144838;5774067;5471581;1484718;2952;1740129
FR;2;2021-12-12;1257;7140;59071;83;65127;5775324;5478721;1543789;3035;1805256
FR;2;2021-12-13;5522;26855;220637;604;242918;5780846;5505576;1764426;3639;2048174
FR;2;2021-12-14;7016;37506;300698;910;332149;5787862;5543082;2065124;4549;2380323
FR;2;2021-12-15;6557;36223;285153;955;315735;5794419;5579305;2350277;5504;2696058
FR;2;2021-12-16;7765;37931;312086;981;343682;5802184;5617236;2662363;6485;3039740
FR;2;2021-12-17;8682;41211;327814;975;360865;5810866;5658447;2990177;7460;3400605
FR;2;2021-12-18;6517;26566;212310;448;233613;5817383;5685013;3202487;7908;3634218
FR;2;2021-12-19;2602;11503;90196;184;100381;5819985;5696516;3292683;8092;3734599
FR;2;2021-12-20;9549;33607;275129;707;303305;5829534;5730123;3567812;8799;4037904
FR;2;2021-12-21;11554;38298;309572;970;341328;5841088;5768421;3877384;9769;4379232
FR;2;2021-12-22;10452;32873;265066;952;292459;5851540;5801294;4142450;10721;4671691
FR;2;2021-12-23;9428;26713;199439;700;221246;5860968;5828007;4341889;11421;4892937
FR;2;2021-12-24;2780;7504;43841;140;49561;5863748;5835511;4385730;11561;4942498
FR;2;2021-12-25;201;704;2000;10;2500;5863949;5836215;4387730;11571;4944998
FR;2;2021-12-26;1322;4214;25143;71;28680;5865271;5840429;4412873;11642;4973678
FR;2;2021-12-27;8076;29924;218372;658;243285;5873347;5870353;4631245;12300;5216963
FR;2;2021-12-28;9841;36345;272056;741;301946;5883188;5906698;4903301;13041;5518909
FR;2;2021-12-29;9493;32291;246092;766;272664;5892681;5938989;5149393;13807;5791573
FR;2;2021-12-30;9450;28139;208798;662;231463;5902131;5967128;5358191;14469;6023036
FR;2;2021-12-31;3008;8392;54973;177;61239;5905139;5975520;5413164;14646;6084275
FR;2;2022-01-01;227;690;2848;7;3337;5905366;5976210;5416012;14653;6087612
FR;2;2022-01-02;1505;4851;29505;74;33393;5906871;5981061;5445517;14727;6121005
FR;2;2022-01-03;9578;35342;266492;807;293843;5916449;6016403;5712009;15534;6414848
FR;2;2022-01-04;12838;45345;342048;1067;376924;5929287;6061748;6054057;16601;6791772
FR;2;2022-01-05;11271;38663;294121;884;323789;5940558;6100411;6348178;17485;7115561
FR;2;2022-01-06;13651;43458;331905;1296;364664;5954209;6143869;6680083;18781;7480225
FR;2;2022-01-07;14225;47617;361057;1268;396376;5968434;6191486;7041140;20049;7876601
FR;2;2022-01-08;7946;28139;201244;514;221664;5976380;6219625;7242384;20563;8098265
FR;2;2022-01-09;2748;9032;62513;137;69535;5979128;6228657;7304897;20700;8167800
FR;2;2022-01-10;10085;31918;232429;857;255031;5989213;6260575;7537326;21557;8422831
FR;2;2022-01-11;11463;36255;265856;1030;290552;6000676;6296830;7803182;22587;8713383
FR;2;2022-01-12;8755;29841;206284;861;226161;6009431;6326671;8009466;23448;8939544
FR;2;2022-01-13;9383;31336;224450;830;244795;6018814;6358007;8233916;24278;9184339
FR;2;2022-01-14;9739;35684;254499;919;277670;6028553;6393691;8488415;25197;9462009
FR;2;2022-01-15;5354;19444;140757;358;153623;6033907;6413135;8629172;25555;9615632
FR;2;2022-01-16;1513;5535;35862;80;39848;6035420;6418670;8665034;25635;9655480
FR;2;2022-01-17;5545;19310;135377;601;147245;6040965;6437980;8800411;26236;9802725
FR;2;2022-01-18;6416;21541;148596;648;160474;6047381;6459521;8949007;26884;9963199
FR;2;2022-01-19;4386;16375;105072;552;113682;6051767;6475896;9054079;27436;10076881
FR;2;2022-01-20;4865;17587;115262;601;123659;6056632;6493483;9169341;28037;10200540
FR;2;2022-01-21;5190;20061;137316;677;147734;6061822;6513544;9306657;28714;10348274
FR;2;2022-01-22;3027;10974;74249;259;80327;6064849;6524518;9380906;28973;10428601
FR;2;2022-01-23;722;2740;15233;41;16840;6065571;6527258;9396139;29014;10445441
FR;2;2022-01-24;3290;12839;75053;428;81009;6068861;6540097;9471192;29442;10526450
FR;2;2022-01-25;3573;14436;79602;495;85444;6072434;6554533;9550794;29937;10611894
FR;2;2022-01-26;2514;10655;58952;363;62983;6074948;6565188;9609746;30300;10674877
FR;2;2022-01-27;2683;11215;64154;388;67887;6077631;6576403;9673900;30688;10742764
FR;2;2022-01-28;3540;18440;91701;430;98963;6081171;6594843;9765601;31118;10841727
FR;2;2022-01-29;1890;9265;48831;164;52917;6083061;6604108;9814432;31282;10894644
FR;2;2022-01-30;466;2252;9453;37;10611;6083527;6606360;9823885;31319;10905255
FR;2;2022-01-31;1886;9611;43811;208;47342;6085413;6615971;9867696;31527;10952597
FR;2;2022-02-01;1907;10049;47014;278;50099;6087320;6626020;9914710;31805;11002696
FR;2;2022-02-02;1602;9032;41094;251;44164;6088922;6635052;9955804;32056;11046860
FR;2;2022-02-03;1715;8937;40502;204;42904;6090637;6643989;9996306;32260;11089764
FR;2;2022-02-04;2152;15224;66612;297;71337;6092789;6659213;10062918;32557;11161101
FR;2;2022-02-05;1360;8543;35929;131;39228;6094149;6667756;10098847;32688;11200329
FR;2;2022-02-06;274;1784;6122;16;6897;6094423;6669540;10104969;32704;11207226
FR;2;2022-02-07;1344;9612;37740;133;41300;6095767;6679152;10142709;32837;11248526
FR;2;2022-02-08;1295;9803;40923;173;43702;6097062;6688955;10183632;33010;11292228
FR;2;2022-02-09;1160;8804;37028;172;40446;6098222;6697759;10220660;33182;11332674
FR;2;2022-02-10;1015;7970;33826;203;36493;6099237;6705729;10254486;33385;11369167
FR;2;2022-02-11;1390;12074;53332;222;57676;6100627;6717803;10307818;33607;11426843
FR;2;2022-02-12;750;6523;27982;83;30799;6101377;6724326;10335800;33690;11457642
FR;2;2022-02-13;198;1333;4832;20;5572;6101575;6725659;10340632;33710;11463214
FR;2;2022-02-14;834;6722;30255;89;33219;6102409;6732381;10370887;33799;11496433
FR;2;2022-02-15;772;6444;28039;140;29978;6103181;6738825;10398926;33939;11526411
FR;2;2022-02-16;654;5335;22031;123;23588;6103835;6744160;10420957;34062;11549999
FR;2;2022-02-17;512;3766;14139;98;14602;6104347;6747926;10435096;34160;11564601
FR;2;2022-02-18;721;5356;20425;133;21119;6105068;6753282;10455521;34293;11585720
FR;2;2022-02-19;427;3044;10526;66;11239;6105495;6756326;10466047;34359;11596959
FR;2;2022-02-20;101;510;1455;3;1602;6105596;6756836;10467502;34362;11598561
FR;2;2022-02-21;416;2679;9109;65;9484;6106012;6759515;10476611;34427;11608045
FR;2;2022-02-22;390;2560;8886;75;8787;6106402;6762075;10485497;34502;11616832
FR;2;2022-02-23;431;2594;8978;82;9258;6106833;6764669;10494475;34584;11626090
FR;2;2022-02-24;312;2023;6794;81;6820;6107145;6766692;10501269;34665;11632910
FR;2;2022-02-25;455;3188;11405;108;11268;6107600;6769880;10512674;34773;11644178
FR;2;2022-02-26;291;1887;6032;49;6337;6107891;6771767;10518706;34822;11650515
FR;2;2022-02-27;74;311;903;5;945;6107965;6772078;10519609;34827;11651460
FR;2;2022-02-28;328;1673;5511;50;5516;6108293;6773751;10525120;34877;11656976
FR;2;2022-03-01;270;1548;5465;44;5180;6108563;6775299;10530585;34921;11662156
FR;2;2022-03-02;296;1428;5234;43;5075;6108859;6776727;10535819;34964;11667231
FR;2;2022-03-03;223;1095;3688;40;3465;6109082;6777822;10539507;35004;11670696
FR;2;2022-03-04;231;1455;4843;73;4488;6109313;6779277;10544350;35077;11675184
FR;2;2022-03-05;167;894;2969;31;2709;6109480;6780171;10547319;35108;11677893
FR;2;2022-03-06;36;177;269;5;310;6109516;6780348;10547588;35113;11678203
FR;2;2022-03-07;152;650;1978;68;1769;6109668;6780998;10549566;35181;11679972
FR;2;2022-03-08;142;648;2261;49;1893;6109810;6781646;10551827;35230;11681865
FR;2;2022-03-09;149;691;2331;36;2031;6109959;6782337;10554158;35266;11683896
FR;2;2022-03-10;115;586;1661;34;1437;6110074;6782923;10555819;35300;11685333
FR;2;2022-03-11;166;746;2759;57;2357;6110240;6783669;10558578;35357;11687690
FR;2;2022-03-12;140;475;1780;27;1548;6110380;6784144;10560358;35384;11689238
FR;2;2022-03-13;25;73;201;29;202;6110405;6784217;10560559;35413;11689440
FR;2;2022-03-14;119;451;1541;529;1272;6110524;6784668;10562100;35942;11690712
FR;2;2022-03-15;141;409;1689;687;1302;6110665;6785077;10563789;36629;11692014
FR;2;2022-03-16;136;450;1973;1610;1550;6110801;6785527;10565762;38239;11693564
FR;2;2022-03-17;92;407;1395;1190;1135;6110893;6785934;10567157;39429;11694699
FR;2;2022-03-18;139;485;2003;1787;1644;6111032;6786419;10569160;41216;11696343
FR;2;2022-03-19;106;318;1206;936;1012;6111138;6786737;10570366;42152;11697355
FR;2;2022-03-20;12;72;179;58;151;6111150;6786809;10570545;42210;11697506
FR;2;2022-03-21;94;289;1176;1479;1034;6111244;6787098;10571721;43689;11698540
FR;2;2022-03-22;115;376;1509;1826;1270;6111359;6787474;10573230;45515;11699810
FR;2;2022-03-23;136;329;1640;3023;1425;6111495;6787803;10574870;48538;11701235
FR;2;2022-03-24;107;277;1155;1538;964;6111602;6788080;10576025;50076;11702199
FR;2;2022-03-25;113;352;1765;2435;1440;6111715;6788432;10577790;52511;11703639
FR;2;2022-03-26;67;241;1183;1217;929;6111782;6788673;10578973;53728;11704568
FR;2;2022-03-27;18;36;150;93;128;6111800;6788709;10579123;53821;11704696
FR;2;2022-03-28;88;275;1109;1570;967;6111888;6788984;10580232;55391;11705663
FR;2;2022-03-29;102;243;1295;2445;1077;6111990;6789227;10581527;57836;11706740
FR;2;2022-03-30;85;291;1453;3102;1279;6112075;6789518;10582980;60938;11708019
FR;2;2022-03-31;100;264;1214;2110;1015;6112175;6789782;10584194;63048;11709034
FR;2;2022-04-01;104;280;1418;2262;1185;6112279;6790062;10585612;65310;11710219
FR;2;2022-04-02;58;143;802;877;691;6112337;6790205;10586414;66187;11710910
FR;2;2022-04-03;15;40;107;100;114;6112352;6790245;10586521;66287;11711024
FR;2;2022-04-04;98;198;882;1258;683;6112450;6790443;10587403;67545;11711707
FR;3;2020-12-27;0;0;0;0;0;0;0;0;0;0
FR;3;2020-12-28;0;0;0;0;0;0;0;0;0;0
FR;3;2020-12-29;0;0;0;0;0;0;0;0;0;0
FR;3;2020-12-30;0;0;0;0;0;0;0;0;0;0
FR;3;2020-12-31;0;0;0;0;0;0;0;0;0;0
FR;3;2021-01-01;0;0;0;0;0;0;0;0;0;0
FR;3;2021-01-02;0;0;0;0;0;0;0;0;0;0
FR;3;2021-01-03;0;0;0;0;0;0;0;0;0;0
FR;3;2021-01-04;0;0;0;0;0;0;0;0;0;0
FR;3;2021-01-05;0;0;0;0;0;0;0;0;0;0
FR;3;2021-01-06;0;0;0;0;0;0;0;0;0;0
FR;3;2021-01-07;0;0;0;0;0;0;0;0;0;0
FR;3;2021-01-08;0;0;0;0;0;0;0;0;0;0
FR;3;2021-01-09;0;0;0;0;0;0;0;0;0;0
FR;3;2021-01-10;0;0;0;0;0;0;0;0;0;0
FR;3;2021-01-11;0;0;0;0;0;0;0;0;0;0
FR;3;2021-01-12;0;0;0;0;0;0;0;0;0;0
FR;3;2021-01-13;0;0;0;0;0;0;0;0;0;0
FR;3;2021-01-14;0;0;0;0;0;0;0;0;0;0
FR;3;2021-01-15;0;0;0;0;0;0;0;0;0;0
FR;3;2021-01-16;0;0;0;0;0;0;0;0;0;0
FR;3;2021-01-17;0;0;0;0;0;0;0;0;0;0
FR;3;2021-01-18;0;0;0;0;0;0;0;0;0;0
FR;3;2021-01-19;0;0;0;0;0;0;0;0;0;0
FR;3;2021-01-20;0;0;0;0;0;0;0;0;0;0
FR;3;2021-01-21;0;0;0;0;0;0;0;0;0;0
FR;3;2021-01-22;0;0;0;0;0;0;0;0;0;0
FR;3;2021-01-23;0;0;0;0;0;0;0;0;0;0
FR;3;2021-01-24;0;0;0;0;0;0;0;0;0;0
FR;3;2021-01-25;0;0;0;0;0;0;0;0;0;0
FR;3;2021-01-26;0;0;0;0;0;0;0;0;0;0
FR;3;2021-01-27;0;0;0;0;0;0;0;0;0;0
FR;3;2021-01-28;0;0;0;0;0;0;0;0;0;0
FR;3;2021-01-29;0;0;0;0;0;0;0;0;0;0
FR;3;2021-01-30;0;0;0;0;0;0;0;0;0;0
FR;3;2021-01-31;0;0;0;0;0;0;0;0;0;0
FR;3;2021-02-01;0;0;0;0;0;0;0;0;0;0
FR;3;2021-02-02;0;0;0;0;0;0;0;0;0;0
FR;3;2021-02-03;0;0;0;0;0;0;0;0;0;0
FR;3;2021-02-04;0;0;0;0;0;0;0;0;0;0
FR;3;2021-02-05;0;0;0;0;0;0;0;0;0;0
FR;3;2021-02-06;1702;0;0;0;0;1702;0;0;0;0
FR;3;2021-02-07;1422;0;0;0;0;3124;0;0;0;0
FR;3;2021-02-08;2779;0;0;0;0;5903;0;0;0;0
FR;3;2021-02-09;6780;0;0;0;0;12683;0;0;0;0
FR;3;2021-02-10;9601;0;0;0;0;22284;0;0;0;0
FR;3;2021-02-11;13607;0;0;0;0;35891;0;0;0;0
FR;3;2021-02-12;13393;0;0;0;0;49284;0;0;0;0
FR;3;2021-02-13;3778;0;0;0;0;53062;0;0;0;0
FR;3;2021-02-14;972;0;0;0;0;54034;0;0;0;0
FR;3;2021-02-15;10476;0;0;0;0;64510;0;0;0;0
FR;3;2021-02-16;12541;1;0;0;0;77051;1;0;0;0
FR;3;2021-02-17;11149;0;0;0;0;88200;1;0;0;0
FR;3;2021-02-18;14933;0;0;0;0;103133;1;0;0;0
FR;3;2021-02-19;14358;1;0;0;0;117491;2;0;0;0
FR;3;2021-02-20;3329;0;0;0;0;120820;2;0;0;0
FR;3;2021-02-21;618;0;0;0;0;121438;2;0;0;0
FR;3;2021-02-22;9160;0;0;0;0;130598;2;0;0;0
FR;3;2021-02-23;11394;1;0;0;0;141992;3;0;0;0
FR;3;2021-02-24;14298;0;0;0;0;156290;3;0;0;0
FR;3;2021-02-25;44927;0;0;0;0;201217;3;0;0;0
FR;3;2021-02-26;61881;2;0;0;0;263098;5;0;0;0
FR;3;2021-02-27;34800;5;0;0;0;297898;10;0;0;0
FR;3;2021-02-28;2463;0;0;0;0;300361;10;0;0;0
FR;3;2021-03-01;20503;9;0;0;0;320864;19;0;0;0
FR;3;2021-03-02;38859;17;0;0;0;359723;36;0;0;0
FR;3;2021-03-03;48727;16;0;0;0;408450;52;0;0;0
FR;3;2021-03-04;82210;19;0;0;0;490660;71;0;0;0
FR;3;2021-03-05;118120;37;0;0;0;608780;108;0;0;0
FR;3;2021-03-06;120706;49;1;0;0;729486;157;1;0;0
FR;3;2021-03-07;55173;26;0;0;0;784659;183;1;0;0
FR;3;2021-03-08;42805;23;0;0;0;827464;206;1;0;0
FR;3;2021-03-09;78967;39;0;0;0;906431;245;1;0;0
FR;3;2021-03-10;80960;42;0;0;0;987391;287;1;0;0
FR;3;2021-03-11;128410;48;0;0;0;1115801;335;1;0;0
FR;3;2021-03-12;182712;75;0;0;0;1298513;410;1;0;0
FR;3;2021-03-13;132136;57;0;0;0;1430649;467;1;0;0
FR;3;2021-03-14;14054;4;0;0;0;1444703;471;1;0;0
FR;3;2021-03-15;52218;40;0;0;0;1496921;511;1;0;0
FR;3;2021-03-16;1207;17;0;0;0;1498128;528;1;0;0
FR;3;2021-03-17;940;19;0;0;0;1499068;547;1;0;0
FR;3;2021-03-18;1563;9;0;0;0;1500631;556;1;0;0
FR;3;2021-03-19;70441;44;0;0;0;1571072;600;1;0;0
FR;3;2021-03-20;65223;40;0;0;0;1636295;640;1;0;0
FR;3;2021-03-21;5754;4;0;0;0;1642049;644;1;0;0
FR;3;2021-03-22;37492;36;0;0;0;1679541;680;1;0;0
FR;3;2021-03-23;84647;59;0;0;0;1764188;739;1;0;0
FR;3;2021-03-24;90928;91;0;0;0;1855116;830;1;0;0
FR;3;2021-03-25;150039;122;0;0;0;2005155;952;1;0;0
FR;3;2021-03-26;165408;149;0;0;0;2170563;1101;1;0;0
FR;3;2021-03-27;68453;94;0;0;0;2239016;1195;1;0;0
FR;3;2021-03-28;6468;19;0;0;0;2245484;1214;1;0;0
FR;3;2021-03-29;54151;68;0;0;0;2299635;1282;1;0;0
FR;3;2021-03-30;93154;96;0;0;0;2392789;1378;1;0;0
FR;3;2021-03-31;63517;85;0;0;0;2456306;1463;1;0;0
FR;3;2021-04-01;86115;101;0;0;0;2542421;1564;1;0;0
FR;3;2021-04-02;86884;145;0;0;0;2629305;1709;1;0;0
FR;3;2021-04-03;35866;113;0;0;0;2665171;1822;1;0;0
FR;3;2021-04-04;3569;14;0;0;0;2668740;1836;1;0;0
FR;3;2021-04-05;4481;26;0;0;0;2673221;1862;1;0;0
FR;3;2021-04-06;29738;78;0;0;0;2702959;1940;1;0;0
FR;3;2021-04-07;32333;70;0;0;0;2735292;2010;1;0;0
FR;3;2021-04-08;78806;235;0;0;0;2814098;2245;1;0;0
FR;3;2021-04-09;161745;409;0;0;0;2975843;2654;1;0;0
FR;3;2021-04-10;75751;331;0;0;0;3051594;2985;1;0;0
FR;3;2021-04-11;7307;44;0;0;0;3058901;3029;1;0;0
FR;3;2021-04-12;51465;200;0;0;0;3110366;3229;1;0;0
FR;3;2021-04-13;86215;312;0;0;0;3196581;3541;1;0;0
FR;3;2021-04-14;67832;338;0;0;0;3264413;3879;1;0;0
FR;3;2021-04-15;93219;365;0;0;0;3357632;4244;1;0;0
FR;3;2021-04-16;112513;565;0;0;0;3470145;4809;1;0;0
FR;3;2021-04-17;53311;318;1;0;0;3523456;5127;2;0;0
FR;3;2021-04-18;9741;32;0;0;0;3533197;5159;2;0;0
FR;3;2021-04-19;25101;234;0;0;0;3558298;5393;2;0;0
FR;3;2021-04-20;45667;391;0;0;0;3603965;5784;2;0;0
FR;3;2021-04-21;38960;460;0;0;0;3642925;6244;2;0;0
FR;3;2021-04-22;54699;777;0;0;0;3697624;7021;2;0;0
FR;3;2021-04-23;70477;1010;0;0;0;3768101;8031;2;0;0
FR;3;2021-04-24;37240;971;0;0;0;3805341;9002;2;0;0
FR;3;2021-04-25;6201;156;0;0;0;3811542;9158;2;0;0
FR;3;2021-04-26;19780;646;0;0;0;3831322;9804;2;0;0
FR;3;2021-04-27;34467;1248;0;0;0;3865789;11052;2;0;0
FR;3;2021-04-28;28956;1928;0;0;0;3894745;12980;2;0;0
FR;3;2021-04-29;45371;5946;0;0;0;3940116;18926;2;0;0
FR;3;2021-04-30;55451;8913;1;0;0;3995567;27839;3;0;0
FR;3;2021-05-01;9507;1963;0;0;0;4005074;29802;3;0;0
FR;3;2021-05-02;3069;491;0;0;0;4008143;30293;3;0;0
FR;3;2021-05-03;13053;3882;0;0;0;4021196;34175;3;0;0
FR;3;2021-05-04;23107;8394;0;0;0;4044303;42569;3;0;0
FR;3;2021-05-05;18746;10568;0;0;0;4063049;53137;3;0;0
FR;3;2021-05-06;34613;20870;0;0;0;4097662;74007;3;0;0
FR;3;2021-05-07;44196;28374;0;0;0;4141858;102381;3;0;0
FR;3;2021-05-08;6776;8840;0;0;0;4148634;111221;3;0;0
FR;3;2021-05-09;1792;2652;0;0;0;4150426;113873;3;0;0
FR;3;2021-05-10;14984;12549;0;0;0;4165410;126422;3;0;0
FR;3;2021-05-11;27090;25709;0;0;0;4192500;152131;3;0;0
FR;3;2021-05-12;17262;27432;0;0;0;4209762;179563;3;0;0
FR;3;2021-05-13;2275;3480;0;0;0;4212037;183043;3;0;0
FR;3;2021-05-14;14510;25702;0;0;0;4226547;208745;3;0;0
FR;3;2021-05-15;7228;20733;0;0;0;4233775;229478;3;0;0
FR;3;2021-05-16;973;2675;0;0;0;4234748;232153;3;0;0
FR;3;2021-05-17;7955;19905;0;0;0;4242703;252058;3;0;0
FR;3;2021-05-18;13402;29613;0;0;0;4256105;281671;3;0;0
FR;3;2021-05-19;9260;31786;0;0;0;4265365;313457;3;0;0
FR;3;2021-05-20;12800;53165;3;0;0;4278165;366622;6;0;0
FR;3;2021-05-21;12758;65475;2;0;0;4290923;432097;8;0;0
FR;3;2021-05-22;4958;33257;1;0;0;4295881;465354;9;0;0
FR;3;2021-05-23;649;2662;0;0;0;4296530;468016;9;0;0
FR;3;2021-05-24;875;4922;0;0;0;4297405;472938;9;0;0
FR;3;2021-05-25;5294;45147;1;0;0;4302699;518085;10;0;0
FR;3;2021-05-26;4966;51015;1;0;0;4307665;569100;11;0;0
FR;3;2021-05-27;6318;77767;3;0;0;4313983;646867;14;0;0
FR;3;2021-05-28;7539;99003;2;0;0;4321522;745870;16;0;0
FR;3;2021-05-29;3343;60229;1;0;0;4324865;806099;17;0;0
FR;3;2021-05-30;544;8230;0;0;0;4325409;814329;17;0;0
FR;3;2021-05-31;2429;35938;3;0;0;4327838;850267;20;0;0
FR;3;2021-06-01;3394;64749;10;0;0;4331232;915016;30;0;0
FR;3;2021-06-02;2721;58284;6;0;0;4333953;973300;36;0;0
FR;3;2021-06-03;3489;87493;10;0;0;4337442;1060793;46;0;0
FR;3;2021-06-04;4103;105030;22;0;0;4341545;1165823;68;0;0
FR;3;2021-06-05;1970;52210;4;0;0;4343515;1218033;72;0;0
FR;3;2021-06-06;503;5398;1;0;0;4344018;1223431;73;0;0
FR;3;2021-06-07;1461;31134;11;0;0;4345479;1254565;84;0;0
FR;3;2021-06-08;2043;47219;18;0;0;4347522;1301784;102;0;0
FR;3;2021-06-09;1782;42352;13;0;0;4349304;1344136;115;0;0
FR;3;2021-06-10;2240;67912;17;0;0;4351544;1412048;132;0;0
FR;3;2021-06-11;2468;96710;34;0;0;4354012;1508758;166;0;0
FR;3;2021-06-12;1171;40811;6;0;0;4355183;1549569;172;0;0
FR;3;2021-06-13;275;3818;3;0;0;4355458;1553387;175;0;0
FR;3;2021-06-14;1035;42626;17;0;0;4356493;1596013;192;0;0
FR;3;2021-06-15;1362;80611;20;0;0;4357855;1676624;212;0;0
FR;3;2021-06-16;1252;65712;19;0;0;4359107;1742336;231;0;0
FR;3;2021-06-17;1654;101766;41;0;0;4360761;1844102;272;0;0
FR;3;2021-06-18;1867;117852;61;0;0;4362628;1961954;333;0;0
FR;3;2021-06-19;801;39357;22;0;0;4363429;2001311;355;0;0
FR;3;2021-06-20;158;3389;0;0;0;4363587;2004700;355;0;0
FR;3;2021-06-21;761;39259;16;0;0;4364348;2043959;371;0;0
FR;3;2021-06-22;1060;69958;52;0;0;4365408;2113917;423;0;0
FR;3;2021-06-23;940;50803;38;0;0;4366348;2164720;461;0;0
FR;3;2021-06-24;1303;77132;48;0;0;4367651;2241852;509;0;0
FR;3;2021-06-25;1399;89908;73;0;0;4369050;2331760;582;0;0
FR;3;2021-06-26;624;33127;29;0;0;4369674;2364887;611;0;0
FR;3;2021-06-27;163;4013;1;0;0;4369837;2368900;612;0;0
FR;3;2021-06-28;646;30420;27;0;0;4370483;2399320;639;0;0
FR;3;2021-06-29;851;56135;95;0;0;4371334;2455455;734;0;0
FR;3;2021-06-30;897;45060;93;0;0;4372231;2500515;827;0;0
FR;3;2021-07-01;1159;65639;108;0;0;4373390;2566154;935;0;0
FR;3;2021-07-02;1291;90355;170;0;0;4374681;2656509;1105;0;0
FR;3;2021-07-03;600;31168;52;0;0;4375281;2687677;1157;0;0
FR;3;2021-07-04;141;4275;3;0;0;4375422;2691952;1160;0;0
FR;3;2021-07-05;605;33907;60;0;0;4376027;2725859;1220;0;0
FR;3;2021-07-06;953;56060;88;0;0;4376980;2781919;1308;0;0
FR;3;2021-07-07;868;43044;79;0;0;4377848;2824963;1387;0;0
FR;3;2021-07-08;1121;60712;99;0;0;4378969;2885675;1486;0;0
FR;3;2021-07-09;1258;68799;128;0;0;4380227;2954474;1614;0;0
FR;3;2021-07-10;639;25041;59;0;0;4380866;2979515;1673;0;0
FR;3;2021-07-11;127;3311;4;0;0;4380993;2982826;1677;0;0
FR;3;2021-07-12;658;23891;59;0;0;4381651;3006717;1736;0;0
FR;3;2021-07-13;1643;34735;90;0;0;4383294;3041452;1826;0;0
FR;3;2021-07-14;260;2648;2;0;0;4383554;3044100;1828;0;0
FR;3;2021-07-15;1930;30672;85;0;0;4385484;3074772;1913;0;0
FR;3;2021-07-16;2518;38870;122;0;0;4388002;3113642;2035;0;0
FR;3;2021-07-17;1043;13750;26;0;0;4389045;3127392;2061;0;0
FR;3;2021-07-18;261;2617;3;0;0;4389306;3130009;2064;0;0
FR;3;2021-07-19;1270;17219;37;0;0;4390576;3147228;2101;0;0
FR;3;2021-07-20;1819;27157;98;0;0;4392395;3174385;2199;0;0
FR;3;2021-07-21;1643;19732;44;0;0;4394038;3194117;2243;0;0
FR;3;2021-07-22;1846;27770;82;0;0;4395884;3221887;2325;0;0
FR;3;2021-07-23;2211;30452;117;0;0;4398095;3252339;2442;0;0
FR;3;2021-07-24;820;7012;25;0;0;4398915;3259351;2467;0;0
FR;3;2021-07-25;208;1355;1;0;0;4399123;3260706;2468;0;0
FR;3;2021-07-26;919;10717;28;0;0;4400042;3271423;2496;0;0
FR;3;2021-07-27;1164;16958;56;0;0;4401206;3288381;2552;0;0
FR;3;2021-07-28;985;12112;40;0;0;4402191;3300493;2592;0;0
FR;3;2021-07-29;1126;15854;63;0;0;4403317;3316347;2655;0;0
FR;3;2021-07-30;1123;18111;79;0;0;4404440;3334458;2734;0;0
FR;3;2021-07-31;406;3743;15;0;0;4404846;3338201;2749;0;0
FR;3;2021-08-01;111;484;1;0;0;4404957;3338685;2750;0;0
FR;3;2021-08-02;417;5160;22;0;0;4405374;3343845;2772;0;0
FR;3;2021-08-03;485;7602;27;0;0;4405859;3351447;2799;0;0
FR;3;2021-08-04;434;4900;26;0;0;4406293;3356347;2825;0;0
FR;3;2021-08-05;427;3745;12;0;0;4406720;3360092;2837;0;0
FR;3;2021-08-06;450;4800;30;0;0;4407170;3364892;2867;0;0
FR;3;2021-08-07;214;1919;11;0;0;4407384;3366811;2878;0;0
FR;3;2021-08-08;243;432;2;0;0;4407627;3367243;2880;0;0
FR;3;2021-08-09;310;2520;11;0;0;4407937;3369763;2891;0;0
FR;3;2021-08-10;357;3891;15;0;0;4408294;3373654;2906;0;0
FR;3;2021-08-11;284;2727;15;0;0;4408578;3376381;2921;0;0
FR;3;2021-08-12;273;2634;12;0;0;4408851;3379015;2933;0;0
FR;3;2021-08-13;274;2266;16;0;0;4409125;3381281;2949;0;0
FR;3;2021-08-14;167;925;1;0;0;4409292;3382206;2950;0;0
FR;3;2021-08-15;55;168;0;0;0;4409347;3382374;2950;0;0
FR;3;2021-08-16;122;1093;8;0;0;4409469;3383467;2958;0;0
FR;3;2021-08-17;186;1510;8;0;0;4409655;3384977;2966;0;0
FR;3;2021-08-18;191;1375;10;0;0;4409846;3386352;2976;0;0
FR;3;2021-08-19;161;1435;10;0;0;4410007;3387787;2986;0;0
FR;3;2021-08-20;162;1638;16;0;0;4410169;3389425;3002;0;0
FR;3;2021-08-21;93;587;2;0;0;4410262;3390012;3004;0;0
FR;3;2021-08-22;38;187;1;0;0;4410300;3390199;3005;0;0
FR;3;2021-08-23;139;940;7;0;0;4410439;3391139;3012;0;0
FR;3;2021-08-24;123;966;10;0;0;4410562;3392105;3022;0;0
FR;3;2021-08-25;135;850;2;0;0;4410697;3392955;3024;0;0
FR;3;2021-08-26;168;875;9;0;0;4410865;3393830;3033;0;0
FR;3;2021-08-27;171;967;9;0;0;4411036;3394797;3042;0;0
FR;3;2021-08-28;95;370;4;0;0;4411131;3395167;3046;0;0
FR;3;2021-08-29;124;134;1;0;0;4411255;3395301;3047;0;0
FR;3;2021-08-30;94;600;0;0;137;4411349;3395901;3047;0;137
FR;3;2021-08-31;125;716;7;0;157;4411474;3396617;3054;0;294
FR;3;2021-09-01;113;482;5;0;126;4411587;3397099;3059;0;420
FR;3;2021-09-02;99;636;22;0;123;4411686;3397735;3081;0;543
FR;3;2021-09-03;112;593;17;0;131;4411798;3398328;3098;0;674
FR;3;2021-09-04;51;299;3;0;59;4411849;3398627;3101;0;733
FR;3;2021-09-05;51;69;5;0;30;4411900;3398696;3106;0;763
FR;3;2021-09-06;111;405;4;0;151;4412011;3399101;3110;0;914
FR;3;2021-09-07;120;481;14;0;133;4412131;3399582;3124;0;1047
FR;3;2021-09-08;114;370;2;0;105;4412245;3399952;3126;0;1152
FR;3;2021-09-09;87;400;8;0;117;4412332;3400352;3134;0;1269
FR;3;2021-09-10;98;426;3;0;106;4412430;3400778;3137;0;1375
FR;3;2021-09-11;73;235;4;0;65;4412503;3401013;3141;0;1440
FR;3;2021-09-12;36;49;1;0;17;4412539;3401062;3142;0;1457
FR;3;2021-09-13;65;331;7;0;112;4412604;3401393;3149;0;1569
FR;3;2021-09-14;66;293;6;0;107;4412670;3401686;3155;0;1676
FR;3;2021-09-15;58;263;3;0;6;4412728;3401949;3158;0;1682
FR;3;2021-09-16;59;342;5;0;5;4412787;3402291;3163;0;1687
FR;3;2021-09-17;49;349;3;0;7;4412836;3402640;3166;0;1694
FR;3;2021-09-18;34;178;1;0;1;4412870;3402818;3167;0;1695
FR;3;2021-09-19;27;32;2;0;1;4412897;3402850;3169;0;1696
FR;3;2021-09-20;76;211;0;0;1;4412973;3403061;3169;0;1697
FR;3;2021-09-21;55;290;6;0;7;4413028;3403351;3175;0;1704
FR;3;2021-09-22;61;230;6;0;7;4413089;3403581;3181;0;1711
FR;3;2021-09-23;34;274;10;0;6;4413123;3403855;3191;0;1717
FR;3;2021-09-24;23;318;12;0;19;4413146;3404173;3203;0;1736
FR;3;2021-09-25;28;156;3;0;3;4413174;3404329;3206;0;1739
FR;3;2021-09-26;15;55;1;0;1;4413189;3404384;3207;0;1740
FR;3;2021-09-27;38;289;3;0;5;4413227;3404673;3210;0;1745
FR;3;2021-09-28;49;259;6;0;10;4413276;3404932;3216;0;1755
FR;3;2021-09-29;32;224;10;0;13;4413308;3405156;3226;0;1768
FR;3;2021-09-30;37;200;8;0;10;4413345;3405356;3234;0;1778
FR;3;2021-10-01;17;169;5;0;6;4413362;3405525;3239;0;1784
FR;3;2021-10-02;14;92;0;0;0;4413376;3405617;3239;0;1784
FR;3;2021-10-03;18;20;1;0;2;4413394;3405637;3240;0;1786
FR;3;2021-10-04;28;164;4;0;4;4413422;3405801;3244;0;1790
FR;3;2021-10-05;15;157;10;0;13;4413437;3405958;3254;0;1803
FR;3;2021-10-06;30;163;7;0;8;4413467;3406121;3261;0;1811
FR;3;2021-10-07;17;147;6;0;6;4413484;3406268;3267;0;1817
FR;3;2021-10-08;20;146;10;0;9;4413504;3406414;3277;0;1826
FR;3;2021-10-09;11;73;1;0;1;4413515;3406487;3278;0;1827
FR;3;2021-10-10;8;16;2;0;2;4413523;3406503;3280;0;1829
FR;3;2021-10-11;13;126;4;0;5;4413536;3406629;3284;0;1834
FR;3;2021-10-12;16;116;4;0;4;4413552;3406745;3288;0;1838
FR;3;2021-10-13;22;118;7;0;5;4413574;3406863;3295;0;1843
FR;3;2021-10-14;16;162;3;0;4;4413590;3407025;3298;0;1847
FR;3;2021-10-15;21;154;8;0;11;4413611;3407179;3306;0;1858
FR;3;2021-10-16;10;80;6;0;8;4413621;3407259;3312;0;1866
FR;3;2021-10-17;9;24;0;0;0;4413630;3407283;3312;0;1866
FR;3;2021-10-18;17;131;2;0;1;4413647;3407414;3314;0;1867
FR;3;2021-10-19;16;129;19;0;21;4413663;3407543;3333;0;1888
FR;3;2021-10-20;18;136;5;0;6;4413681;3407679;3338;0;1894
FR;3;2021-10-21;22;137;17;0;13;4413703;3407816;3355;0;1907
FR;3;2021-10-22;17;128;16;0;20;4413720;3407944;3371;0;1927
FR;3;2021-10-23;11;59;2;0;1;4413731;3408003;3373;0;1928
FR;3;2021-10-24;7;27;0;0;0;4413738;3408030;3373;0;1928
FR;3;2021-10-25;21;154;6;0;6;4413759;3408184;3379;0;1934
FR;3;2021-10-26;17;119;22;0;19;4413776;3408303;3401;0;1953
FR;3;2021-10-27;15;117;9;0;9;4413791;3408420;3410;0;1962
FR;3;2021-10-28;19;129;33;0;36;4413810;3408549;3443;0;1998
FR;3;2021-10-29;10;124;64;0;54;4413820;3408673;3507;0;2052
FR;3;2021-10-30;8;73;11;1;10;4413828;3408746;3518;1;2062
FR;3;2021-10-31;5;23;1;0;1;4413833;3408769;3519;1;2063
FR;3;2021-11-01;5;21;2;0;1;4413838;3408790;3521;1;2064
FR;3;2021-11-02;9;110;8;0;10;4413847;3408900;3529;1;2074
FR;3;2021-11-03;19;125;9;0;9;4413866;3409025;3538;1;2083
FR;3;2021-11-04;15;98;3;0;2;4413881;3409123;3541;1;2085
FR;3;2021-11-05;16;148;8;1;5;4413897;3409271;3549;2;2090
FR;3;2021-11-06;6;67;3;0;3;4413903;3409338;3552;2;2093
FR;3;2021-11-07;6;21;1;0;1;4413909;3409359;3553;2;2094
FR;3;2021-11-08;9;144;7;0;5;4413918;3409503;3560;2;2099
FR;3;2021-11-09;9;156;5;0;5;4413927;3409659;3565;2;2104
FR;3;2021-11-10;11;191;13;0;14;4413938;3409850;3578;2;2118
FR;3;2021-11-11;5;53;3;0;3;4413943;3409903;3581;2;2121
FR;3;2021-11-12;9;165;6;0;4;4413952;3410068;3587;2;2125
FR;3;2021-11-13;5;79;8;0;10;4413957;3410147;3595;2;2135
FR;3;2021-11-14;2;20;0;0;0;4413959;3410167;3595;2;2135
FR;3;2021-11-15;3;195;9;0;9;4413962;3410362;3604;2;2144
FR;3;2021-11-16;2;169;11;0;10;4413964;3410531;3615;2;2154
FR;3;2021-11-17;5;185;10;0;7;4413969;3410716;3625;2;2161
FR;3;2021-11-18;10;186;10;0;11;4413979;3410902;3635;2;2172
FR;3;2021-11-19;5;238;22;0;27;4413984;3411140;3657;2;2199
FR;3;2021-11-20;5;119;5;0;5;4413989;3411259;3662;2;2204
FR;3;2021-11-21;3;30;3;0;3;4413992;3411289;3665;2;2207
FR;3;2021-11-22;10;243;10;0;10;4414002;3411532;3675;2;2217
FR;3;2021-11-23;6;236;15;0;14;4414008;3411768;3690;2;2231
FR;3;2021-11-24;5;251;9;0;17;4414013;3412019;3699;2;2248
FR;3;2021-11-25;9;289;11;0;10;4414022;3412308;3710;2;2258
FR;3;2021-11-26;5;380;33;0;30;4414027;3412688;3743;2;2288
FR;3;2021-11-27;5;179;19;0;20;4414032;3412867;3762;2;2308
FR;3;2021-11-28;2;61;7;0;7;4414034;3412928;3769;2;2315
FR;3;2021-11-29;4;334;19;0;20;4414038;3413262;3788;2;2335
FR;3;2021-11-30;4;425;26;0;29;4414042;3413687;3814;2;2364
FR;3;2021-12-01;18;472;32;0;33;4414060;3414159;3846;2;2397
FR;3;2021-12-02;9;500;33;0;36;4414069;3414659;3879;2;2433
FR;3;2021-12-03;3;577;37;0;38;4414072;3415236;3916;2;2471
FR;3;2021-12-04;3;283;26;0;28;4414075;3415519;3942;2;2499
FR;3;2021-12-05;1;83;5;0;5;4414076;3415602;3947;2;2504
FR;3;2021-12-06;5;517;14;0;16;4414081;3416119;3961;2;2520
FR;3;2021-12-07;4;615;20;0;24;4414085;3416734;3981;2;2544
FR;3;2021-12-08;3;546;29;0;29;4414088;3417280;4010;2;2573
FR;3;2021-12-09;3;605;17;0;22;4414091;3417885;4027;2;2595
FR;3;2021-12-10;9;637;29;0;25;4414100;3418522;4056;2;2620
FR;3;2021-12-11;4;395;10;0;9;4414104;3418917;4066;2;2629
FR;3;2021-12-12;1;122;3;0;3;4414105;3419039;4069;2;2632
FR;3;2021-12-13;2;609;19;0;20;4414107;3419648;4088;2;2652
FR;3;2021-12-14;7;771;18;0;21;4414114;3420419;4106;2;2673
FR;3;2021-12-15;7;733;17;0;21;4414121;3421152;4123;2;2694
FR;3;2021-12-16;9;738;19;0;18;4414130;3421890;4142;2;2712
FR;3;2021-12-17;4;809;18;0;19;4414134;3422699;4160;2;2731
FR;3;2021-12-18;4;415;4;0;5;4414138;3423114;4164;2;2736
FR;3;2021-12-19;3;207;2;0;2;4414141;3423321;4166;2;2738
FR;3;2021-12-20;8;731;23;0;28;4414149;3424052;4189;2;2766
FR;3;2021-12-21;3;816;10;0;14;4414152;3424868;4199;2;2780
FR;3;2021-12-22;6;763;9;0;11;4414158;3425631;4208;2;2791
FR;3;2021-12-23;1;657;9;0;8;4414159;3426288;4217;2;2799
FR;3;2021-12-24;2;276;3;0;6;4414161;3426564;4220;2;2805
FR;3;2021-12-25;0;25;0;0;0;4414161;3426589;4220;2;2805
FR;3;2021-12-26;0;95;1;0;1;4414161;3426684;4221;2;2806
FR;3;2021-12-27;7;544;17;0;19;4414168;3427228;4238;2;2825
FR;3;2021-12-28;1;695;6;0;5;4414169;3427923;4244;2;2830
FR;3;2021-12-29;4;575;14;0;16;4414173;3428498;4258;2;2846
FR;3;2021-12-30;1;605;7;0;10;4414174;3429103;4265;2;2856
FR;3;2021-12-31;0;208;5;0;6;4414174;3429311;4270;2;2862
FR;3;2022-01-01;0;27;0;0;2;4414174;3429338;4270;2;2864
FR;3;2022-01-02;0;82;0;0;0;4414174;3429420;4270;2;2864
FR;3;2022-01-03;3;564;17;0;20;4414177;3429984;4287;2;2884
FR;3;2022-01-04;6;625;9;0;8;4414183;3430609;4296;2;2892
FR;3;2022-01-05;3;557;10;0;14;4414186;3431166;4306;2;2906
FR;3;2022-01-06;4;554;9;0;12;4414190;3431720;4315;2;2918
FR;3;2022-01-07;2;577;11;0;14;4414192;3432297;4326;2;2932
FR;3;2022-01-08;2;286;4;0;5;4414194;3432583;4330;2;2937
FR;3;2022-01-09;0;118;0;0;0;4414194;3432701;4330;2;2937
FR;3;2022-01-10;2;481;12;0;12;4414196;3433182;4342;2;2949
FR;3;2022-01-11;2;535;1;0;1;4414198;3433717;4343;2;2950
FR;3;2022-01-12;3;449;9;0;10;4414201;3434166;4352;2;2960
FR;3;2022-01-13;3;427;11;0;12;4414204;3434593;4363;2;2972
FR;3;2022-01-14;3;483;10;0;12;4414207;3435076;4373;2;2984
FR;3;2022-01-15;0;299;2;0;3;4414207;3435375;4375;2;2987
FR;3;2022-01-16;0;116;1;0;1;4414207;3435491;4376;2;2988
FR;3;2022-01-17;2;352;8;0;10;4414209;3435843;4384;2;2998
FR;3;2022-01-18;2;419;1;0;2;4414211;3436262;4385;2;3000
FR;3;2022-01-19;1;351;5;0;10;4414212;3436613;4390;2;3010
FR;3;2022-01-20;1;380;5;0;3;4414213;3436993;4395;2;3013
FR;3;2022-01-21;2;376;5;0;8;4414215;3437369;4400;2;3021
FR;3;2022-01-22;2;233;1;0;3;4414217;3437602;4401;2;3024
FR;3;2022-01-23;0;82;0;0;1;4414217;3437684;4401;2;3025
FR;3;2022-01-24;2;351;1;0;6;4414219;3438035;4402;2;3031
FR;3;2022-01-25;0;194;0;0;0;4414219;3438229;4402;2;3031
FR;3;2022-01-26;0;89;0;0;0;4414219;3438318;4402;2;3031
FR;3;2022-01-27;0;60;0;0;0;4414219;3438378;4402;2;3031
FR;3;2022-01-28;0;134;0;0;0;4414219;3438512;4402;2;3031
FR;3;2022-01-29;0;110;0;0;0;4414219;3438622;4402;2;3031
FR;3;2022-01-30;0;51;0;0;0;4414219;3438673;4402;2;3031
FR;3;2022-01-31;0;98;0;0;0;4414219;3438771;4402;2;3031
FR;3;2022-02-01;0;110;0;0;1;4414219;3438881;4402;2;3032
FR;3;2022-02-02;0;98;0;0;0;4414219;3438979;4402;2;3032
FR;3;2022-02-03;0;101;0;0;0;4414219;3439080;4402;2;3032
FR;3;2022-02-04;0;124;0;0;0;4414219;3439204;4402;2;3032
FR;3;2022-02-05;0;73;0;0;0;4414219;3439277;4402;2;3032
FR;3;2022-02-06;0;11;0;0;0;4414219;3439288;4402;2;3032
FR;3;2022-02-07;0;89;0;0;1;4414219;3439377;4402;2;3033
FR;3;2022-02-08;0;0;0;0;0;4414219;3439377;4402;2;3033
FR;3;2022-02-09;0;0;0;0;0;4414219;3439377;4402;2;3033
FR;3;2022-02-10;0;0;0;0;0;4414219;3439377;4402;2;3033
FR;3;2022-02-11;0;0;0;0;0;4414219;3439377;4402;2;3033
FR;3;2022-02-12;0;0;0;0;0;4414219;3439377;4402;2;3033
FR;3;2022-02-13;0;0;0;0;0;4414219;3439377;4402;2;3033
FR;3;2022-02-14;0;0;0;0;0;4414219;3439377;4402;2;3033
FR;3;2022-02-15;0;0;0;0;0;4414219;3439377;4402;2;3033
FR;3;2022-02-16;0;0;0;0;0;4414219;3439377;4402;2;3033
FR;3;2022-02-17;0;0;0;0;0;4414219;3439377;4402;2;3033
FR;3;2022-02-18;0;0;0;0;0;4414219;3439377;4402;2;3033
FR;3;2022-02-19;0;0;0;0;0;4414219;3439377;4402;2;3033
FR;3;2022-02-20;0;0;0;0;0;4414219;3439377;4402;2;3033
FR;3;2022-02-21;2;0;0;0;0;4414221;3439377;4402;2;3033
FR;3;2022-02-22;0;0;0;0;0;4414221;3439377;4402;2;3033
FR;3;2022-02-23;0;0;0;0;0;4414221;3439377;4402;2;3033
FR;3;2022-02-24;0;0;0;0;0;4414221;3439377;4402;2;3033
FR;3;2022-02-25;0;0;0;0;0;4414221;3439377;4402;2;3033
FR;3;2022-02-26;0;0;0;0;0;4414221;3439377;4402;2;3033
FR;3;2022-02-27;0;0;0;0;0;4414221;3439377;4402;2;3033
FR;3;2022-02-28;1;0;0;0;0;4414222;3439377;4402;2;3033
FR;3;2022-03-01;1;0;0;0;0;4414223;3439377;4402;2;3033
FR;3;2022-03-02;0;0;0;0;0;4414223;3439377;4402;2;3033
FR;3;2022-03-03;0;0;0;0;0;4414223;3439377;4402;2;3033
FR;3;2022-03-04;0;0;0;0;0;4414223;3439377;4402;2;3033
FR;3;2022-03-05;0;0;0;0;0;4414223;3439377;4402;2;3033
FR;3;2022-03-06;1;0;0;0;0;4414224;3439377;4402;2;3033
FR;3;2022-03-07;0;0;0;0;0;4414224;3439377;4402;2;3033
FR;3;2022-03-08;1;0;0;0;0;4414225;3439377;4402;2;3033
FR;3;2022-03-09;0;0;0;0;0;4414225;3439377;4402;2;3033
FR;3;2022-03-10;0;0;0;0;0;4414225;3439377;4402;2;3033
FR;3;2022-03-11;0;0;0;0;0;4414225;3439377;4402;2;3033
FR;3;2022-03-12;0;0;0;0;0;4414225;3439377;4402;2;3033
FR;3;2022-03-13;0;0;0;0;0;4414225;3439377;4402;2;3033
FR;3;2022-03-14;0;0;0;0;0;4414225;3439377;4402;2;3033
FR;3;2022-03-15;0;0;0;0;0;4414225;3439377;4402;2;3033
FR;3;2022-03-16;0;0;0;0;0;4414225;3439377;4402;2;3033
FR;3;2022-03-17;0;0;0;0;0;4414225;3439377;4402;2;3033
FR;3;2022-03-18;0;0;0;0;0;4414225;3439377;4402;2;3033
FR;3;2022-03-19;0;0;0;0;0;4414225;3439377;4402;2;3033
FR;3;2022-03-20;1;0;0;0;0;4414226;3439377;4402;2;3033
FR;3;2022-03-21;0;0;0;0;0;4414226;3439377;4402;2;3033
FR;3;2022-03-22;0;0;0;0;0;4414226;3439377;4402;2;3033
FR;3;2022-03-23;1;0;0;0;0;4414227;3439377;4402;2;3033
FR;3;2022-03-24;0;0;0;0;0;4414227;3439377;4402;2;3033
FR;3;2022-03-25;1;0;0;0;0;4414228;3439377;4402;2;3033
FR;3;2022-03-26;0;0;0;0;0;4414228;3439377;4402;2;3033
FR;3;2022-03-27;0;0;0;0;0;4414228;3439377;4402;2;3033
FR;3;2022-03-28;0;0;0;0;0;4414228;3439377;4402;2;3033
FR;3;2022-03-29;0;0;0;0;0;4414228;3439377;4402;2;3033
FR;3;2022-03-30;0;0;0;0;0;4414228;3439377;4402;2;3033
FR;3;2022-03-31;0;0;0;0;0;4414228;3439377;4402;2;3033
FR;3;2022-04-01;0;0;0;0;0;4414228;3439377;4402;2;3033
FR;3;2022-04-02;0;0;0;0;0;4414228;3439377;4402;2;3033
FR;3;2022-04-03;0;0;0;0;0;4414228;3439377;4402;2;3033
FR;3;2022-04-04;0;0;0;0;0;4414228;3439377;4402;2;3033
FR;4;2020-12-27;0;0;0;0;0;0;0;0;0;0
FR;4;2020-12-28;0;0;0;0;0;0;0;0;0;0
FR;4;2020-12-29;0;0;0;0;0;0;0;0;0;0
FR;4;2020-12-30;0;0;0;0;0;0;0;0;0;0
FR;4;2020-12-31;0;0;0;0;0;0;0;0;0;0
FR;4;2021-01-01;0;0;0;0;0;0;0;0;0;0
FR;4;2021-01-02;0;0;0;0;0;0;0;0;0;0
FR;4;2021-01-03;0;0;0;0;0;0;0;0;0;0
FR;4;2021-01-04;0;0;0;0;0;0;0;0;0;0
FR;4;2021-01-05;0;0;0;0;0;0;0;0;0;0
FR;4;2021-01-06;0;0;0;0;0;0;0;0;0;0
FR;4;2021-01-07;0;0;0;0;0;0;0;0;0;0
FR;4;2021-01-08;0;0;0;0;0;0;0;0;0;0
FR;4;2021-01-09;0;0;0;0;0;0;0;0;0;0
FR;4;2021-01-10;0;0;0;0;0;0;0;0;0;0
FR;4;2021-01-11;0;0;0;0;0;0;0;0;0;0
FR;4;2021-01-12;0;0;0;0;0;0;0;0;0;0
FR;4;2021-01-13;0;0;0;0;0;0;0;0;0;0
FR;4;2021-01-14;0;0;0;0;0;0;0;0;0;0
FR;4;2021-01-15;0;0;0;0;0;0;0;0;0;0
FR;4;2021-01-16;0;0;0;0;0;0;0;0;0;0
FR;4;2021-01-17;0;0;0;0;0;0;0;0;0;0
FR;4;2021-01-18;0;0;0;0;0;0;0;0;0;0
FR;4;2021-01-19;0;0;0;0;0;0;0;0;0;0
FR;4;2021-01-20;0;0;0;0;0;0;0;0;0;0
FR;4;2021-01-21;0;0;0;0;0;0;0;0;0;0
FR;4;2021-01-22;0;0;0;0;0;0;0;0;0;0
FR;4;2021-01-23;0;0;0;0;0;0;0;0;0;0
FR;4;2021-01-24;0;0;0;0;0;0;0;0;0;0
FR;4;2021-01-25;0;0;0;0;0;0;0;0;0;0
FR;4;2021-01-26;0;0;0;0;0;0;0;0;0;0
FR;4;2021-01-27;0;0;0;0;0;0;0;0;0;0
FR;4;2021-01-28;0;0;0;0;0;0;0;0;0;0
FR;4;2021-01-29;0;0;0;0;0;0;0;0;0;0
FR;4;2021-01-30;0;0;0;0;0;0;0;0;0;0
FR;4;2021-01-31;0;0;0;0;0;0;0;0;0;0
FR;4;2021-02-01;0;0;0;0;0;0;0;0;0;0
FR;4;2021-02-02;0;0;0;0;0;0;0;0;0;0
FR;4;2021-02-03;0;0;0;0;0;0;0;0;0;0
FR;4;2021-02-04;0;0;0;0;0;0;0;0;0;0
FR;4;2021-02-05;0;0;0;0;0;0;0;0;0;0
FR;4;2021-02-06;0;0;0;0;0;0;0;0;0;0
FR;4;2021-02-07;0;0;0;0;0;0;0;0;0;0
FR;4;2021-02-08;0;0;0;0;0;0;0;0;0;0
FR;4;2021-02-09;0;0;0;0;0;0;0;0;0;0
FR;4;2021-02-10;0;0;0;0;0;0;0;0;0;0
FR;4;2021-02-11;0;0;0;0;0;0;0;0;0;0
FR;4;2021-02-12;0;0;0;0;0;0;0;0;0;0
FR;4;2021-02-13;0;0;0;0;0;0;0;0;0;0
FR;4;2021-02-14;0;0;0;0;0;0;0;0;0;0
FR;4;2021-02-15;0;0;0;0;0;0;0;0;0;0
FR;4;2021-02-16;0;0;0;0;0;0;0;0;0;0
FR;4;2021-02-17;0;0;0;0;0;0;0;0;0;0
FR;4;2021-02-18;0;0;0;0;0;0;0;0;0;0
FR;4;2021-02-19;0;0;0;0;0;0;0;0;0;0
FR;4;2021-02-20;0;0;0;0;0;0;0;0;0;0
FR;4;2021-02-21;0;0;0;0;0;0;0;0;0;0
FR;4;2021-02-22;0;0;0;0;0;0;0;0;0;0
FR;4;2021-02-23;0;0;0;0;0;0;0;0;0;0
FR;4;2021-02-24;0;0;0;0;0;0;0;0;0;0
FR;4;2021-02-25;0;0;0;0;0;0;0;0;0;0
FR;4;2021-02-26;0;0;0;0;0;0;0;0;0;0
FR;4;2021-02-27;0;0;0;0;0;0;0;0;0;0
FR;4;2021-02-28;0;0;0;0;0;0;0;0;0;0
FR;4;2021-03-01;0;0;0;0;0;0;0;0;0;0
FR;4;2021-03-02;0;0;0;0;0;0;0;0;0;0
FR;4;2021-03-03;0;0;0;0;0;0;0;0;0;0
FR;4;2021-03-04;0;0;0;0;0;0;0;0;0;0
FR;4;2021-03-05;0;0;0;0;0;0;0;0;0;0
FR;4;2021-03-06;0;0;0;0;0;0;0;0;0;0
FR;4;2021-03-07;0;0;0;0;0;0;0;0;0;0
FR;4;2021-03-08;0;0;0;0;0;0;0;0;0;0
FR;4;2021-03-09;0;0;0;0;0;0;0;0;0;0
FR;4;2021-03-10;0;0;0;0;0;0;0;0;0;0
FR;4;2021-03-11;0;0;0;0;0;0;0;0;0;0
FR;4;2021-03-12;0;0;0;0;0;0;0;0;0;0
FR;4;2021-03-13;0;0;0;0;0;0;0;0;0;0
FR;4;2021-03-14;0;0;0;0;0;0;0;0;0;0
FR;4;2021-03-15;0;0;0;0;0;0;0;0;0;0
FR;4;2021-03-16;0;0;0;0;0;0;0;0;0;0
FR;4;2021-03-17;0;0;0;0;0;0;0;0;0;0
FR;4;2021-03-18;0;0;0;0;0;0;0;0;0;0
FR;4;2021-03-19;0;0;0;0;0;0;0;0;0;0
FR;4;2021-03-20;0;0;0;0;0;0;0;0;0;0
FR;4;2021-03-21;0;0;0;0;0;0;0;0;0;0
FR;4;2021-03-22;0;0;0;0;0;0;0;0;0;0
FR;4;2021-03-23;0;0;0;0;0;0;0;0;0;0
FR;4;2021-03-24;0;0;0;0;0;0;0;0;0;0
FR;4;2021-03-25;0;0;0;0;0;0;0;0;0;0
FR;4;2021-03-26;0;0;0;0;0;0;0;0;0;0
FR;4;2021-03-27;0;0;0;0;0;0;0;0;0;0
FR;4;2021-03-28;0;0;0;0;0;0;0;0;0;0
FR;4;2021-03-29;0;0;0;0;0;0;0;0;0;0
FR;4;2021-03-30;0;0;0;0;0;0;0;0;0;0
FR;4;2021-03-31;0;0;0;0;0;0;0;0;0;0
FR;4;2021-04-01;0;0;0;0;0;0;0;0;0;0
FR;4;2021-04-02;0;0;0;0;0;0;0;0;0;0
FR;4;2021-04-03;0;0;0;0;0;0;0;0;0;0
FR;4;2021-04-04;0;0;0;0;0;0;0;0;0;0
FR;4;2021-04-05;0;0;0;0;0;0;0;0;0;0
FR;4;2021-04-06;0;0;0;0;0;0;0;0;0;0
FR;4;2021-04-07;0;0;0;0;0;0;0;0;0;0
FR;4;2021-04-08;0;0;0;0;0;0;0;0;0;0
FR;4;2021-04-09;0;0;0;0;0;0;0;0;0;0
FR;4;2021-04-10;0;0;0;0;0;0;0;0;0;0
FR;4;2021-04-11;0;0;0;0;0;0;0;0;0;0
FR;4;2021-04-12;0;0;0;0;0;0;0;0;0;0
FR;4;2021-04-13;0;0;0;0;0;0;0;0;0;0
FR;4;2021-04-14;0;0;0;0;0;0;0;0;0;0
FR;4;2021-04-15;0;0;0;0;0;0;0;0;0;0
FR;4;2021-04-16;0;0;0;0;0;0;0;0;0;0
FR;4;2021-04-17;0;0;0;0;0;0;0;0;0;0
FR;4;2021-04-18;0;0;0;0;0;0;0;0;0;0
FR;4;2021-04-19;0;0;0;0;0;0;0;0;0;0
FR;4;2021-04-20;0;0;0;0;0;0;0;0;0;0
FR;4;2021-04-21;0;0;0;0;0;0;0;0;0;0
FR;4;2021-04-22;0;0;0;0;0;0;0;0;0;0
FR;4;2021-04-23;4085;0;0;0;0;4085;0;0;0;0
FR;4;2021-04-24;1569;0;0;0;0;5654;0;0;0;0
FR;4;2021-04-25;124;0;0;0;0;5778;0;0;0;0
FR;4;2021-04-26;2868;1;0;0;0;8646;1;0;0;0
FR;4;2021-04-27;9519;3;0;0;0;18165;4;0;0;0
FR;4;2021-04-28;9904;6;0;0;0;28069;10;0;0;0
FR;4;2021-04-29;15989;8;0;0;0;44058;18;0;0;0
FR;4;2021-04-30;19226;10;0;0;0;63284;28;0;0;0
FR;4;2021-05-01;1989;6;0;0;0;65273;34;0;0;0
FR;4;2021-05-02;481;0;0;0;0;65754;34;0;0;0
FR;4;2021-05-03;5057;2;0;0;0;70811;36;0;0;0
FR;4;2021-05-04;8396;10;0;0;0;79207;46;0;0;0
FR;4;2021-05-05;6179;7;0;0;0;85386;53;0;0;0
FR;4;2021-05-06;11379;11;0;0;0;96765;64;0;0;0
FR;4;2021-05-07;19115;9;0;0;0;115880;73;0;0;0
FR;4;2021-05-08;2375;6;0;0;0;118255;79;0;0;0
FR;4;2021-05-09;685;3;0;0;0;118940;82;0;0;0
FR;4;2021-05-10;7235;5;1;0;0;126175;87;1;0;0
FR;4;2021-05-11;14310;12;0;0;0;140485;99;1;0;0
FR;4;2021-05-12;10157;15;0;0;0;150642;114;1;0;0
FR;4;2021-05-13;1578;3;0;0;0;152220;117;1;0;0
FR;4;2021-05-14;7752;6;0;0;0;159972;123;1;0;0
FR;4;2021-05-15;3712;8;1;0;0;163684;131;2;0;0
FR;4;2021-05-16;418;1;0;0;0;164102;132;2;0;0
FR;4;2021-05-17;4474;6;0;0;0;168576;138;2;0;0
FR;4;2021-05-18;8743;9;0;0;0;177319;147;2;0;0
FR;4;2021-05-19;5686;7;0;0;0;183005;154;2;0;0
FR;4;2021-05-20;9476;7;0;0;0;192481;161;2;0;0
FR;4;2021-05-21;12783;29;0;0;0;205264;190;2;0;0
FR;4;2021-05-22;5052;15;0;0;0;210316;205;2;0;0
FR;4;2021-05-23;494;4;0;0;0;210810;209;2;0;0
FR;4;2021-05-24;1049;7;0;0;0;211859;216;2;0;0
FR;4;2021-05-25;7618;15;0;0;0;219477;231;2;0;0
FR;4;2021-05-26;7719;16;0;0;0;227196;247;2;0;0
FR;4;2021-05-27;14327;35;0;0;0;241523;282;2;0;0
FR;4;2021-05-28;26578;82;1;0;0;268101;364;3;0;0
FR;4;2021-05-29;11381;18;0;0;0;279482;382;3;0;0
FR;4;2021-05-30;970;6;0;0;0;280452;388;3;0;0
FR;4;2021-05-31;12683;21;0;0;0;293135;409;3;0;0
FR;4;2021-06-01;20242;46;1;0;0;313377;455;4;0;0
FR;4;2021-06-02;14513;33;0;0;0;327890;488;4;0;0
FR;4;2021-06-03;19400;24;1;0;0;347290;512;5;0;0
FR;4;2021-06-04;22504;47;0;0;0;369794;559;5;0;0
FR;4;2021-06-05;9712;32;0;0;0;379506;591;5;0;0
FR;4;2021-06-06;1037;0;0;0;0;380543;591;5;0;0
FR;4;2021-06-07;9223;19;0;0;0;389766;610;5;0;0
FR;4;2021-06-08;14607;31;0;0;0;404373;641;5;0;0
FR;4;2021-06-09;12200;25;0;0;0;416573;666;5;0;0
FR;4;2021-06-10;15395;30;0;0;0;431968;696;5;0;0
FR;4;2021-06-11;16973;55;0;0;0;448941;751;5;0;0
FR;4;2021-06-12;7443;27;0;0;0;456384;778;5;0;0
FR;4;2021-06-13;908;2;0;0;0;457292;780;5;0;0
FR;4;2021-06-14;6646;25;0;0;0;463938;805;5;0;0
FR;4;2021-06-15;10878;37;0;0;0;474816;842;5;0;0
FR;4;2021-06-16;8901;14;0;0;0;483717;856;5;0;0
FR;4;2021-06-17;10893;36;0;0;0;494610;892;5;0;0
FR;4;2021-06-18;12416;45;0;0;0;507026;937;5;0;0
FR;4;2021-06-19;5566;25;0;0;0;512592;962;5;0;0
FR;4;2021-06-20;815;5;0;0;0;513407;967;5;0;0
FR;4;2021-06-21;5079;20;0;0;0;518486;987;5;0;0
FR;4;2021-06-22;7904;27;2;0;0;526390;1014;7;0;0
FR;4;2021-06-23;7089;39;2;0;0;533479;1053;9;0;0
FR;4;2021-06-24;8645;45;1;0;0;542124;1098;10;0;0
FR;4;2021-06-25;10166;39;2;0;0;552290;1137;12;0;0
FR;4;2021-06-26;4839;21;0;0;0;557129;1158;12;0;0
FR;4;2021-06-27;758;3;0;0;0;557887;1161;12;0;0
FR;4;2021-06-28;4813;16;1;0;0;562700;1177;13;0;0
FR;4;2021-06-29;7095;27;2;0;0;569795;1204;15;0;0
FR;4;2021-06-30;6706;40;2;0;0;576501;1244;17;0;0
FR;4;2021-07-01;8183;40;0;0;0;584684;1284;17;0;0
FR;4;2021-07-02;9413;52;1;0;0;594097;1336;18;0;0
FR;4;2021-07-03;4840;19;0;0;0;598937;1355;18;0;0
FR;4;2021-07-04;685;5;0;0;0;599622;1360;18;0;0
FR;4;2021-07-05;4766;19;2;0;0;604388;1379;20;0;0
FR;4;2021-07-06;7712;28;4;0;0;612100;1407;24;0;0
FR;4;2021-07-07;7062;34;2;0;0;619162;1441;26;0;0
FR;4;2021-07-08;9215;38;2;0;0;628377;1479;28;0;0
FR;4;2021-07-09;10270;33;1;0;0;638647;1512;29;0;0
FR;4;2021-07-10;4634;14;2;0;0;643281;1526;31;0;0
FR;4;2021-07-11;579;4;1;0;0;643860;1530;32;0;0
FR;4;2021-07-12;5868;29;0;0;0;649728;1559;32;0;0
FR;4;2021-07-13;14226;29;0;0;0;663954;1588;32;0;0
FR;4;2021-07-14;2280;14;0;0;0;666234;1602;32;0;0
FR;4;2021-07-15;18226;36;0;0;0;684460;1638;32;0;0
FR;4;2021-07-16;22813;70;2;0;0;707273;1708;34;0;0
FR;4;2021-07-17;9733;20;0;0;0;717006;1728;34;0;0
FR;4;2021-07-18;1350;4;0;0;0;718356;1732;34;0;0
FR;4;2021-07-19;12971;28;1;0;0;731327;1760;35;0;0
FR;4;2021-07-20;17324;26;1;0;0;748651;1786;36;0;0
FR;4;2021-07-21;15599;33;0;0;0;764250;1819;36;0;0
FR;4;2021-07-22;18230;43;2;0;0;782480;1862;38;0;0
FR;4;2021-07-23;20399;57;7;0;0;802879;1919;45;0;0
FR;4;2021-07-24;9271;32;0;0;0;812150;1951;45;0;0
FR;4;2021-07-25;1342;8;0;0;0;813492;1959;45;0;0
FR;4;2021-07-26;11021;20;0;0;0;824513;1979;45;0;0
FR;4;2021-07-27;14650;35;3;0;0;839163;2014;48;0;0
FR;4;2021-07-28;12911;26;2;0;0;852074;2040;50;0;0
FR;4;2021-07-29;14066;54;4;0;0;866140;2094;54;0;0
FR;4;2021-07-30;15469;45;2;0;0;881609;2139;56;0;0
FR;4;2021-07-31;6817;14;2;0;0;888426;2153;58;0;0
FR;4;2021-08-01;902;1;0;0;0;889328;2154;58;0;0
FR;4;2021-08-02;7893;29;0;0;0;897221;2183;58;0;0
FR;4;2021-08-03;10786;32;2;0;0;908007;2215;60;0;0
FR;4;2021-08-04;9719;29;0;0;0;917726;2244;60;0;0
FR;4;2021-08-05;9801;41;0;0;0;927527;2285;60;0;0
FR;4;2021-08-06;10169;31;3;0;0;937696;2316;63;0;0
FR;4;2021-08-07;5077;30;1;0;0;942773;2346;64;0;0
FR;4;2021-08-08;1212;13;0;0;0;943985;2359;64;0;0
FR;4;2021-08-09;6320;30;0;0;0;950305;2389;64;0;0
FR;4;2021-08-10;8738;19;0;0;0;959043;2408;64;0;0
FR;4;2021-08-11;7923;33;3;0;0;966966;2441;67;0;0
FR;4;2021-08-12;8578;29;1;0;0;975544;2470;68;0;0
FR;4;2021-08-13;7537;24;0;1;0;983081;2494;68;1;0
FR;4;2021-08-14;3782;20;0;0;0;986863;2514;68;1;0
FR;4;2021-08-15;767;5;0;0;0;987630;2519;68;1;0
FR;4;2021-08-16;3999;16;0;0;0;991629;2535;68;1;0
FR;4;2021-08-17;5611;15;1;0;0;997240;2550;69;1;0
FR;4;2021-08-18;5151;34;0;0;0;1002391;2584;69;1;0
FR;4;2021-08-19;5470;34;3;0;0;1007861;2618;72;1;0
FR;4;2021-08-20;5200;23;1;0;0;1013061;2641;73;1;0
FR;4;2021-08-21;2304;21;1;0;0;1015365;2662;74;1;0
FR;4;2021-08-22;400;2;0;0;0;1015765;2664;74;1;0
FR;4;2021-08-23;2912;18;1;0;0;1018677;2682;75;1;0
FR;4;2021-08-24;3737;15;0;0;0;1022414;2697;75;1;0
FR;4;2021-08-25;3531;25;0;0;0;1025945;2722;75;1;0
FR;4;2021-08-26;3699;20;1;0;0;1029644;2742;76;1;0
FR;4;2021-08-27;3597;31;2;0;0;1033241;2773;78;1;0
FR;4;2021-08-28;1721;10;1;0;0;1034962;2783;79;1;0
FR;4;2021-08-29;387;7;1;0;0;1035349;2790;80;1;0
FR;4;2021-08-30;2000;24;0;0;14;1037349;2814;80;1;14
FR;4;2021-08-31;2473;20;0;0;13;1039822;2834;80;1;27
FR;4;2021-09-01;2071;38;1;0;21;1041893;2872;81;1;48
FR;4;2021-09-02;2299;31;4;0;18;1044192;2903;85;1;66
FR;4;2021-09-03;2352;44;5;0;32;1046544;2947;90;1;98
FR;4;2021-09-04;1371;17;0;0;5;1047915;2964;90;1;103
FR;4;2021-09-05;428;2;0;0;2;1048343;2966;90;1;105
FR;4;2021-09-06;1701;62;0;0;23;1050044;3028;90;1;128
FR;4;2021-09-07;1671;18;0;0;8;1051715;3046;90;1;136
FR;4;2021-09-08;1278;26;3;1;19;1052993;3072;93;2;155
FR;4;2021-09-09;1384;23;2;0;9;1054377;3095;95;2;164
FR;4;2021-09-10;1513;31;2;0;23;1055890;3126;97;2;187
FR;4;2021-09-11;734;11;0;0;3;1056624;3137;97;2;190
FR;4;2021-09-12;168;4;0;0;2;1056792;3141;97;2;192
FR;4;2021-09-13;1308;21;1;0;15;1058100;3162;98;2;207
FR;4;2021-09-14;1490;9;2;0;6;1059590;3171;100;2;213
FR;4;2021-09-15;1087;26;1;0;24;1060677;3197;101;2;237
FR;4;2021-09-16;1094;22;2;0;15;1061771;3219;103;2;252
FR;4;2021-09-17;889;21;1;0;12;1062660;3240;104;2;264
FR;4;2021-09-18;460;5;1;0;4;1063120;3245;105;2;268
FR;4;2021-09-19;182;2;0;0;1;1063302;3247;105;2;269
FR;4;2021-09-20;442;18;0;0;12;1063744;3265;105;2;281
FR;4;2021-09-21;420;11;0;0;7;1064164;3276;105;2;288
FR;4;2021-09-22;372;19;2;0;13;1064536;3295;107;2;301
FR;4;2021-09-23;474;13;1;0;12;1065010;3308;108;2;313
FR;4;2021-09-24;407;13;2;0;9;1065417;3321;110;2;322
FR;4;2021-09-25;281;9;1;0;4;1065698;3330;111;2;326
FR;4;2021-09-26;71;2;0;0;1;1065769;3332;111;2;327
FR;4;2021-09-27;259;10;1;0;8;1066028;3342;112;2;335
FR;4;2021-09-28;313;8;0;0;8;1066341;3350;112;2;343
FR;4;2021-09-29;370;19;1;0;13;1066711;3369;113;2;356
FR;4;2021-09-30;357;39;0;0;20;1067068;3408;113;2;376
FR;4;2021-10-01;400;49;0;0;43;1067468;3457;113;2;419
FR;4;2021-10-02;193;22;1;0;13;1067661;3479;114;2;432
FR;4;2021-10-03;83;1;0;0;0;1067744;3480;114;2;432
FR;4;2021-10-04;353;19;1;0;15;1068097;3499;115;2;447
FR;4;2021-10-05;272;19;2;0;15;1068369;3518;117;2;462
FR;4;2021-10-06;242;22;1;0;18;1068611;3540;118;2;480
FR;4;2021-10-07;251;26;2;0;14;1068862;3566;120;2;494
FR;4;2021-10-08;351;22;2;0;18;1069213;3588;122;2;512
FR;4;2021-10-09;191;6;6;0;7;1069404;3594;128;2;519
FR;4;2021-10-10;93;3;2;0;3;1069497;3597;130;2;522
FR;4;2021-10-11;243;14;1;0;13;1069740;3611;131;2;535
FR;4;2021-10-12;202;14;0;0;13;1069942;3625;131;2;548
FR;4;2021-10-13;218;27;1;0;24;1070160;3652;132;2;572
FR;4;2021-10-14;304;20;4;0;14;1070464;3672;136;2;586
FR;4;2021-10-15;318;24;5;0;25;1070782;3696;141;2;611
FR;4;2021-10-16;163;6;2;0;6;1070945;3702;143;2;617
FR;4;2021-10-17;70;2;0;0;1;1071015;3704;143;2;618
FR;4;2021-10-18;275;16;1;0;12;1071290;3720;144;2;630
FR;4;2021-10-19;205;14;2;0;15;1071495;3734;146;2;645
FR;4;2021-10-20;224;27;3;0;14;1071719;3761;149;2;659
FR;4;2021-10-21;230;17;0;0;13;1071949;3778;149;2;672
FR;4;2021-10-22;206;26;2;0;21;1072155;3804;151;2;693
FR;4;2021-10-23;115;16;1;0;15;1072270;3820;152;2;708
FR;4;2021-10-24;37;4;0;0;1;1072307;3824;152;2;709
FR;4;2021-10-25;205;7;2;0;9;1072512;3831;154;2;718
FR;4;2021-10-26;194;13;0;0;11;1072706;3844;154;2;729
FR;4;2021-10-27;189;11;4;0;11;1072895;3855;158;2;740
FR;4;2021-10-28;180;18;4;0;21;1073075;3873;162;2;761
FR;4;2021-10-29;218;16;2;0;14;1073293;3889;164;2;775
FR;4;2021-10-30;100;2;1;0;2;1073393;3891;165;2;777
FR;4;2021-10-31;55;3;2;0;3;1073448;3894;167;2;780
FR;4;2021-11-01;74;27;4;0;24;1073522;3921;171;2;804
FR;4;2021-11-02;151;20;2;0;21;1073673;3941;173;2;825
FR;4;2021-11-03;127;20;8;1;18;1073800;3961;181;3;843
FR;4;2021-11-04;173;13;1;0;10;1073973;3974;182;3;853
FR;4;2021-11-05;123;17;1;0;16;1074096;3991;183;3;869
FR;4;2021-11-06;77;6;1;0;6;1074173;3997;184;3;875
FR;4;2021-11-07;73;2;2;0;4;1074246;3999;186;3;879
FR;4;2021-11-08;158;16;1;0;16;1074404;4015;187;3;895
FR;4;2021-11-09;150;14;3;0;16;1074554;4029;190;3;911
FR;4;2021-11-10;110;27;6;0;29;1074664;4056;196;3;940
FR;4;2021-11-11;80;9;0;0;9;1074744;4065;196;3;949
FR;4;2021-11-12;95;18;2;0;18;1074839;4083;198;3;967
FR;4;2021-11-13;72;15;2;0;14;1074911;4098;200;3;981
FR;4;2021-11-14;52;5;3;0;7;1074963;4103;203;3;988
FR;4;2021-11-15;93;26;2;0;24;1075056;4129;205;3;1012
FR;4;2021-11-16;98;12;2;0;14;1075154;4141;207;3;1026
FR;4;2021-11-17;111;29;4;0;29;1075265;4170;211;3;1055
FR;4;2021-11-18;95;34;11;0;39;1075360;4204;222;3;1094
FR;4;2021-11-19;78;19;3;0;20;1075438;4223;225;3;1114
FR;4;2021-11-20;60;6;1;0;6;1075498;4229;226;3;1120
FR;4;2021-11-21;61;7;2;0;9;1075559;4236;228;3;1129
FR;4;2021-11-22;100;27;6;0;29;1075659;4263;234;3;1158
FR;4;2021-11-23;71;28;5;0;25;1075730;4291;239;3;1183
FR;4;2021-11-24;84;23;9;0;22;1075814;4314;248;3;1205
FR;4;2021-11-25;83;29;14;0;31;1075897;4343;262;3;1236
FR;4;2021-11-26;78;42;12;0;44;1075975;4385;274;3;1280
FR;4;2021-11-27;31;23;17;0;26;1076006;4408;291;3;1306
FR;4;2021-11-28;46;8;0;0;7;1076052;4416;291;3;1313
FR;4;2021-11-29;80;31;14;0;38;1076132;4447;305;3;1351
FR;4;2021-11-30;58;36;12;0;40;1076190;4483;317;3;1391
FR;4;2021-12-01;69;60;18;0;66;1076259;4543;335;3;1457
FR;4;2021-12-02;95;48;17;0;51;1076354;4591;352;3;1508
FR;4;2021-12-03;99;36;15;0;44;1076453;4627;367;3;1552
FR;4;2021-12-04;67;31;19;0;44;1076520;4658;386;3;1596
FR;4;2021-12-05;56;5;1;0;6;1076576;4663;387;3;1602
FR;4;2021-12-06;93;45;21;0;60;1076669;4708;408;3;1662
FR;4;2021-12-07;76;33;10;0;33;1076745;4741;418;3;1695
FR;4;2021-12-08;64;28;18;0;33;1076809;4769;436;3;1728
FR;4;2021-12-09;58;32;10;0;38;1076867;4801;446;3;1766
FR;4;2021-12-10;59;62;21;0;67;1076926;4863;467;3;1833
FR;4;2021-12-11;24;33;7;0;33;1076950;4896;474;3;1866
FR;4;2021-12-12;21;10;3;0;13;1076971;4906;477;3;1879
FR;4;2021-12-13;64;39;13;0;48;1077035;4945;490;3;1927
FR;4;2021-12-14;53;43;14;0;51;1077088;4988;504;3;1978
FR;4;2021-12-15;56;61;29;0;81;1077144;5049;533;3;2059
FR;4;2021-12-16;29;43;18;0;55;1077173;5092;551;3;2114
FR;4;2021-12-17;36;54;12;0;59;1077209;5146;563;3;2173
FR;4;2021-12-18;47;29;2;0;30;1077256;5175;565;3;2203
FR;4;2021-12-19;15;4;1;0;4;1077271;5179;566;3;2207
FR;4;2021-12-20;35;38;12;0;43;1077306;5217;578;3;2250
FR;4;2021-12-21;24;30;14;0;35;1077330;5247;592;3;2285
FR;4;2021-12-22;35;35;11;0;36;1077365;5282;603;3;2321
FR;4;2021-12-23;38;43;8;0;47;1077403;5325;611;3;2368
FR;4;2021-12-24;22;25;10;0;29;1077425;5350;621;3;2397
FR;4;2021-12-25;6;3;3;0;4;1077431;5353;624;3;2401
FR;4;2021-12-26;4;3;1;0;2;1077435;5356;625;3;2403
FR;4;2021-12-27;26;42;9;0;43;1077461;5398;634;3;2446
FR;4;2021-12-28;24;28;8;0;29;1077485;5426;642;3;2475
FR;4;2021-12-29;44;23;10;0;27;1077529;5449;652;3;2502
FR;4;2021-12-30;36;16;12;0;19;1077565;5465;664;3;2521
FR;4;2021-12-31;18;4;8;0;10;1077583;5469;672;3;2531
FR;4;2022-01-01;4;4;4;0;6;1077587;5473;676;3;2537
FR;4;2022-01-02;38;4;14;0;17;1077625;5477;690;3;2554
FR;4;2022-01-03;36;49;19;1;54;1077661;5526;709;4;2608
FR;4;2022-01-04;25;24;11;1;25;1077686;5550;720;5;2633
FR;4;2022-01-05;42;19;16;0;19;1077728;5569;736;5;2652
FR;4;2022-01-06;41;19;20;0;31;1077769;5588;756;5;2683
FR;4;2022-01-07;18;18;15;0;18;1077787;5606;771;5;2701
FR;4;2022-01-08;7;5;9;0;11;1077794;5611;780;5;2712
FR;4;2022-01-09;15;1;1;0;2;1077809;5612;781;5;2714
FR;4;2022-01-10;34;21;16;0;32;1077843;5633;797;5;2746
FR;4;2022-01-11;21;29;12;0;31;1077864;5662;809;5;2777
FR;4;2022-01-12;29;16;12;0;17;1077893;5678;821;5;2794
FR;4;2022-01-13;46;17;26;0;33;1077939;5695;847;5;2827
FR;4;2022-01-14;19;26;12;0;28;1077958;5721;859;5;2855
FR;4;2022-01-15;10;6;7;0;11;1077968;5727;866;5;2866
FR;4;2022-01-16;9;8;10;0;17;1077977;5735;876;5;2883
FR;4;2022-01-17;22;17;11;0;22;1077999;5752;887;5;2905
FR;4;2022-01-18;15;13;7;0;17;1078014;5765;894;5;2922
FR;4;2022-01-19;26;20;9;0;27;1078040;5785;903;5;2949
FR;4;2022-01-20;29;33;13;0;36;1078069;5818;916;5;2985
FR;4;2022-01-21;7;12;18;1;15;1078076;5830;934;6;3000
FR;4;2022-01-22;27;9;2;0;9;1078103;5839;936;6;3009
FR;4;2022-01-23;5;2;4;0;6;1078108;5841;940;6;3015
FR;4;2022-01-24;13;20;8;0;27;1078121;5861;948;6;3042
FR;4;2022-01-25;20;30;8;1;34;1078141;5891;956;7;3076
FR;4;2022-01-26;17;15;6;1;16;1078158;5906;962;8;3092
FR;4;2022-01-27;15;18;5;0;21;1078173;5924;967;8;3113
FR;4;2022-01-28;12;22;7;0;24;1078185;5946;974;8;3137
FR;4;2022-01-29;14;5;3;0;7;1078199;5951;977;8;3144
FR;4;2022-01-30;16;2;0;0;2;1078215;5953;977;8;3146
FR;4;2022-01-31;18;25;6;0;28;1078233;5978;983;8;3174
FR;4;2022-02-01;9;18;11;0;18;1078242;5996;994;8;3192
FR;4;2022-02-02;16;11;9;2;15;1078258;6007;1003;10;3207
FR;4;2022-02-03;10;19;9;0;22;1078268;6026;1012;10;3229
FR;4;2022-02-04;5;5;7;0;9;1078273;6031;1019;10;3238
FR;4;2022-02-05;6;14;1;0;13;1078279;6045;1020;10;3251
FR;4;2022-02-06;5;2;1;0;2;1078284;6047;1021;10;3253
FR;4;2022-02-07;11;17;6;0;17;1078295;6064;1027;10;3270
FR;4;2022-02-08;13;18;12;1;19;1078308;6082;1039;11;3289
FR;4;2022-02-09;13;11;7;0;14;1078321;6093;1046;11;3303
FR;4;2022-02-10;18;22;8;0;22;1078339;6115;1054;11;3325
FR;4;2022-02-11;17;14;7;0;18;1078356;6129;1061;11;3343
FR;4;2022-02-12;23;5;0;0;3;1078379;6134;1061;11;3346
FR;4;2022-02-13;7;3;3;0;6;1078386;6137;1064;11;3352
FR;4;2022-02-14;16;10;7;0;13;1078402;6147;1071;11;3365
FR;4;2022-02-15;14;7;0;0;6;1078416;6154;1071;11;3371
FR;4;2022-02-16;10;8;9;0;13;1078426;6162;1080;11;3384
FR;4;2022-02-17;8;3;4;0;5;1078434;6165;1084;11;3389
FR;4;2022-02-18;16;13;6;0;17;1078450;6178;1090;11;3406
FR;4;2022-02-19;16;2;1;0;3;1078466;6180;1091;11;3409
FR;4;2022-02-20;6;2;0;0;1;1078472;6182;1091;11;3410
FR;4;2022-02-21;22;3;2;0;3;1078494;6185;1093;11;3413
FR;4;2022-02-22;8;4;8;0;8;1078502;6189;1101;11;3421
FR;4;2022-02-23;15;6;6;0;6;1078517;6195;1107;11;3427
FR;4;2022-02-24;7;3;2;0;3;1078524;6198;1109;11;3430
FR;4;2022-02-25;15;4;7;0;5;1078539;6202;1116;11;3435
FR;4;2022-02-26;24;3;0;0;3;1078563;6205;1116;11;3438
FR;4;2022-02-27;8;0;0;0;0;1078571;6205;1116;11;3438
FR;4;2022-02-28;13;3;2;0;3;1078584;6208;1118;11;3441
FR;4;2022-03-01;5;2;7;0;3;1078589;6210;1125;11;3444
FR;4;2022-03-02;8;2;3;0;4;1078597;6212;1128;11;3448
FR;4;2022-03-03;10;2;1;0;1;1078607;6214;1129;11;3449
FR;4;2022-03-04;6;6;2;1;5;1078613;6220;1131;12;3454
FR;4;2022-03-05;8;2;0;0;2;1078621;6222;1131;12;3456
FR;4;2022-03-06;2;0;1;0;1;1078623;6222;1132;12;3457
FR;4;2022-03-07;8;4;1;0;3;1078631;6226;1133;12;3460
FR;4;2022-03-08;13;1;0;0;1;1078644;6227;1133;12;3461
FR;4;2022-03-09;7;3;2;0;4;1078651;6230;1135;12;3465
FR;4;2022-03-10;4;0;4;0;1;1078655;6230;1139;12;3466
FR;4;2022-03-11;6;2;5;0;1;1078661;6232;1144;12;3467
FR;4;2022-03-12;9;2;0;0;0;1078670;6234;1144;12;3467
FR;4;2022-03-13;4;0;0;0;0;1078674;6234;1144;12;3467
FR;4;2022-03-14;3;0;0;0;0;1078677;6234;1144;12;3467
FR;4;2022-03-15;3;2;1;0;0;1078680;6236;1145;12;3467
FR;4;2022-03-16;4;1;3;0;2;1078684;6237;1148;12;3469
FR;4;2022-03-17;0;1;1;0;2;1078684;6238;1149;12;3471
FR;4;2022-03-18;6;0;0;0;0;1078690;6238;1149;12;3471
FR;4;2022-03-19;1;0;0;0;0;1078691;6238;1149;12;3471
FR;4;2022-03-20;2;0;0;0;0;1078693;6238;1149;12;3471
FR;4;2022-03-21;5;1;0;0;1;1078698;6239;1149;12;3472
FR;4;2022-03-22;0;2;0;0;2;1078698;6241;1149;12;3474
FR;4;2022-03-23;6;3;3;0;5;1078704;6244;1152;12;3479
FR;4;2022-03-24;2;3;0;1;2;1078706;6247;1152;13;3481
FR;4;2022-03-25;2;2;1;0;2;1078708;6249;1153;13;3483
FR;4;2022-03-26;5;5;0;0;5;1078713;6254;1153;13;3488
FR;4;2022-03-27;0;0;0;0;0;1078713;6254;1153;13;3488
FR;4;2022-03-28;3;1;0;0;0;1078716;6255;1153;13;3488
FR;4;2022-03-29;4;0;3;1;0;1078720;6255;1156;14;3488
FR;4;2022-03-30;0;3;0;0;3;1078720;6258;1156;14;3491
FR;4;2022-03-31;1;1;1;1;1;1078721;6259;1157;15;3492
FR;4;2022-04-01;11;0;1;0;1;1078732;6259;1158;15;3493
FR;4;2022-04-02;3;0;0;0;0;1078735;6259;1158;15;3493
FR;4;2022-04-03;0;0;0;0;0;1078735;6259;1158;15;3493
FR;4;2022-04-04;3;0;0;0;0;1078738;6259;1158;15;3493
FR;5;2020-12-27;0;0;0;0;0;0;0;0;0;0
FR;5;2020-12-28;0;0;0;0;0;0;0;0;0;0
FR;5;2020-12-29;0;0;0;0;0;0;0;0;0;0
FR;5;2020-12-30;0;0;0;0;0;0;0;0;0;0
FR;5;2020-12-31;0;0;0;0;0;0;0;0;0;0
FR;5;2021-01-01;0;0;0;0;0;0;0;0;0;0
FR;5;2021-01-02;0;0;0;0;0;0;0;0;0;0
FR;5;2021-01-03;0;0;0;0;0;0;0;0;0;0
FR;5;2021-01-04;0;0;0;0;0;0;0;0;0;0
FR;5;2021-01-05;0;0;0;0;0;0;0;0;0;0
FR;5;2021-01-06;0;0;0;0;0;0;0;0;0;0
FR;5;2021-01-07;0;0;0;0;0;0;0;0;0;0
FR;5;2021-01-08;0;0;0;0;0;0;0;0;0;0
FR;5;2021-01-09;0;0;0;0;0;0;0;0;0;0
FR;5;2021-01-10;0;0;0;0;0;0;0;0;0;0
FR;5;2021-01-11;0;0;0;0;0;0;0;0;0;0
FR;5;2021-01-12;0;0;0;0;0;0;0;0;0;0
FR;5;2021-01-13;0;0;0;0;0;0;0;0;0;0
FR;5;2021-01-14;0;0;0;0;0;0;0;0;0;0
FR;5;2021-01-15;0;0;0;0;0;0;0;0;0;0
FR;5;2021-01-16;0;0;0;0;0;0;0;0;0;0
FR;5;2021-01-17;0;0;0;0;0;0;0;0;0;0
FR;5;2021-01-18;0;0;0;0;0;0;0;0;0;0
FR;5;2021-01-19;0;0;0;0;0;0;0;0;0;0
FR;5;2021-01-20;0;0;0;0;0;0;0;0;0;0
FR;5;2021-01-21;0;0;0;0;0;0;0;0;0;0
FR;5;2021-01-22;0;0;0;0;0;0;0;0;0;0
FR;5;2021-01-23;0;0;0;0;0;0;0;0;0;0
FR;5;2021-01-24;0;0;0;0;0;0;0;0;0;0
FR;5;2021-01-25;0;0;0;0;0;0;0;0;0;0
FR;5;2021-01-26;0;0;0;0;0;0;0;0;0;0
FR;5;2021-01-27;0;0;0;0;0;0;0;0;0;0
FR;5;2021-01-28;0;0;0;0;0;0;0;0;0;0
FR;5;2021-01-29;0;0;0;0;0;0;0;0;0;0
FR;5;2021-01-30;0;0;0;0;0;0;0;0;0;0
FR;5;2021-01-31;0;0;0;0;0;0;0;0;0;0
FR;5;2021-02-01;0;0;0;0;0;0;0;0;0;0
FR;5;2021-02-02;0;0;0;0;0;0;0;0;0;0
FR;5;2021-02-03;0;0;0;0;0;0;0;0;0;0
FR;5;2021-02-04;0;0;0;0;0;0;0;0;0;0
FR;5;2021-02-05;0;0;0;0;0;0;0;0;0;0
FR;5;2021-02-06;0;0;0;0;0;0;0;0;0;0
FR;5;2021-02-07;0;0;0;0;0;0;0;0;0;0
FR;5;2021-02-08;0;0;0;0;0;0;0;0;0;0
FR;5;2021-02-09;0;0;0;0;0;0;0;0;0;0
FR;5;2021-02-10;0;0;0;0;0;0;0;0;0;0
FR;5;2021-02-11;0;0;0;0;0;0;0;0;0;0
FR;5;2021-02-12;0;0;0;0;0;0;0;0;0;0
FR;5;2021-02-13;0;0;0;0;0;0;0;0;0;0
FR;5;2021-02-14;0;0;0;0;0;0;0;0;0;0
FR;5;2021-02-15;0;0;0;0;0;0;0;0;0;0
FR;5;2021-02-16;0;0;0;0;0;0;0;0;0;0
FR;5;2021-02-17;0;0;0;0;0;0;0;0;0;0
FR;5;2021-02-18;0;0;0;0;0;0;0;0;0;0
FR;5;2021-02-19;0;0;0;0;0;0;0;0;0;0
FR;5;2021-02-20;0;0;0;0;0;0;0;0;0;0
FR;5;2021-02-21;0;0;0;0;0;0;0;0;0;0
FR;5;2021-02-22;0;0;0;0;0;0;0;0;0;0
FR;5;2021-02-23;0;0;0;0;0;0;0;0;0;0
FR;5;2021-02-24;0;0;0;0;0;0;0;0;0;0
FR;5;2021-02-25;0;0;0;0;0;0;0;0;0;0
FR;5;2021-02-26;0;0;0;0;0;0;0;0;0;0
FR;5;2021-02-27;0;0;0;0;0;0;0;0;0;0
FR;5;2021-02-28;0;0;0;0;0;0;0;0;0;0
FR;5;2021-03-01;0;0;0;0;0;0;0;0;0;0
FR;5;2021-03-02;0;0;0;0;0;0;0;0;0;0
FR;5;2021-03-03;0;0;0;0;0;0;0;0;0;0
FR;5;2021-03-04;0;0;0;0;0;0;0;0;0;0
FR;5;2021-03-05;0;0;0;0;0;0;0;0;0;0
FR;5;2021-03-06;0;0;0;0;0;0;0;0;0;0
FR;5;2021-03-07;0;0;0;0;0;0;0;0;0;0
FR;5;2021-03-08;0;0;0;0;0;0;0;0;0;0
FR;5;2021-03-09;0;0;0;0;0;0;0;0;0;0
FR;5;2021-03-10;0;0;0;0;0;0;0;0;0;0
FR;5;2021-03-11;0;0;0;0;0;0;0;0;0;0
FR;5;2021-03-12;0;0;0;0;0;0;0;0;0;0
FR;5;2021-03-13;0;0;0;0;0;0;0;0;0;0
FR;5;2021-03-14;0;0;0;0;0;0;0;0;0;0
FR;5;2021-03-15;0;0;0;0;0;0;0;0;0;0
FR;5;2021-03-16;0;0;0;0;0;0;0;0;0;0
FR;5;2021-03-17;0;0;0;0;0;0;0;0;0;0
FR;5;2021-03-18;0;0;0;0;0;0;0;0;0;0
FR;5;2021-03-19;0;0;0;0;0;0;0;0;0;0
FR;5;2021-03-20;0;0;0;0;0;0;0;0;0;0
FR;5;2021-03-21;0;0;0;0;0;0;0;0;0;0
FR;5;2021-03-22;0;0;0;0;0;0;0;0;0;0
FR;5;2021-03-23;0;0;0;0;0;0;0;0;0;0
FR;5;2021-03-24;0;0;0;0;0;0;0;0;0;0
FR;5;2021-03-25;0;0;0;0;0;0;0;0;0;0
FR;5;2021-03-26;0;0;0;0;0;0;0;0;0;0
FR;5;2021-03-27;0;0;0;0;0;0;0;0;0;0
FR;5;2021-03-28;0;0;0;0;0;0;0;0;0;0
FR;5;2021-03-29;0;0;0;0;0;0;0;0;0;0
FR;5;2021-03-30;0;0;0;0;0;0;0;0;0;0
FR;5;2021-03-31;0;0;0;0;0;0;0;0;0;0
FR;5;2021-04-01;0;0;0;0;0;0;0;0;0;0
FR;5;2021-04-02;0;0;0;0;0;0;0;0;0;0
FR;5;2021-04-03;0;0;0;0;0;0;0;0;0;0
FR;5;2021-04-04;0;0;0;0;0;0;0;0;0;0
FR;5;2021-04-05;0;0;0;0;0;0;0;0;0;0
FR;5;2021-04-06;0;0;0;0;0;0;0;0;0;0
FR;5;2021-04-07;0;0;0;0;0;0;0;0;0;0
FR;5;2021-04-08;0;0;0;0;0;0;0;0;0;0
FR;5;2021-04-09;0;0;0;0;0;0;0;0;0;0
FR;5;2021-04-10;0;0;0;0;0;0;0;0;0;0
FR;5;2021-04-11;0;0;0;0;0;0;0;0;0;0
FR;5;2021-04-12;0;0;0;0;0;0;0;0;0;0
FR;5;2021-04-13;0;0;0;0;0;0;0;0;0;0
FR;5;2021-04-14;0;0;0;0;0;0;0;0;0;0
FR;5;2021-04-15;0;0;0;0;0;0;0;0;0;0
FR;5;2021-04-16;0;0;0;0;0;0;0;0;0;0
FR;5;2021-04-17;0;0;0;0;0;0;0;0;0;0
FR;5;2021-04-18;0;0;0;0;0;0;0;0;0;0
FR;5;2021-04-19;0;0;0;0;0;0;0;0;0;0
FR;5;2021-04-20;0;0;0;0;0;0;0;0;0;0
FR;5;2021-04-21;0;0;0;0;0;0;0;0;0;0
FR;5;2021-04-22;0;0;0;0;0;0;0;0;0;0
FR;5;2021-04-23;0;0;0;0;0;0;0;0;0;0
FR;5;2021-04-24;0;0;0;0;0;0;0;0;0;0
FR;5;2021-04-25;0;0;0;0;0;0;0;0;0;0
FR;5;2021-04-26;0;0;0;0;0;0;0;0;0;0
FR;5;2021-04-27;0;0;0;0;0;0;0;0;0;0
FR;5;2021-04-28;0;0;0;0;0;0;0;0;0;0
FR;5;2021-04-29;0;0;0;0;0;0;0;0;0;0
FR;5;2021-04-30;0;0;0;0;0;0;0;0;0;0
FR;5;2021-05-01;0;0;0;0;0;0;0;0;0;0
FR;5;2021-05-02;0;0;0;0;0;0;0;0;0;0
FR;5;2021-05-03;0;0;0;0;0;0;0;0;0;0
FR;5;2021-05-04;0;0;0;0;0;0;0;0;0;0
FR;5;2021-05-05;0;0;0;0;0;0;0;0;0;0
FR;5;2021-05-06;0;0;0;0;0;0;0;0;0;0
FR;5;2021-05-07;0;0;0;0;0;0;0;0;0;0
FR;5;2021-05-08;0;0;0;0;0;0;0;0;0;0
FR;5;2021-05-09;0;0;0;0;0;0;0;0;0;0
FR;5;2021-05-10;0;0;0;0;0;0;0;0;0;0
FR;5;2021-05-11;0;0;0;0;0;0;0;0;0;0
FR;5;2021-05-12;0;0;0;0;0;0;0;0;0;0
FR;5;2021-05-13;0;0;0;0;0;0;0;0;0;0
FR;5;2021-05-14;0;0;0;0;0;0;0;0;0;0
FR;5;2021-05-15;0;0;0;0;0;0;0;0;0;0
FR;5;2021-05-16;0;0;0;0;0;0;0;0;0;0
FR;5;2021-05-17;0;0;0;0;0;0;0;0;0;0
FR;5;2021-05-18;0;0;0;0;0;0;0;0;0;0
FR;5;2021-05-19;0;0;0;0;0;0;0;0;0;0
FR;5;2021-05-20;0;0;0;0;0;0;0;0;0;0
FR;5;2021-05-21;0;0;0;0;0;0;0;0;0;0
FR;5;2021-05-22;0;0;0;0;0;0;0;0;0;0
FR;5;2021-05-23;0;0;0;0;0;0;0;0;0;0
FR;5;2021-05-24;0;0;0;0;0;0;0;0;0;0
FR;5;2021-05-25;0;0;0;0;0;0;0;0;0;0
FR;5;2021-05-26;0;0;0;0;0;0;0;0;0;0
FR;5;2021-05-27;0;0;0;0;0;0;0;0;0;0
FR;5;2021-05-28;0;0;0;0;0;0;0;0;0;0
FR;5;2021-05-29;0;0;0;0;0;0;0;0;0;0
FR;5;2021-05-30;0;0;0;0;0;0;0;0;0;0
FR;5;2021-05-31;0;0;0;0;0;0;0;0;0;0
FR;5;2021-06-01;0;0;0;0;0;0;0;0;0;0
FR;5;2021-06-02;0;0;0;0;0;0;0;0;0;0
FR;5;2021-06-03;0;0;0;0;0;0;0;0;0;0
FR;5;2021-06-04;0;0;0;0;0;0;0;0;0;0
FR;5;2021-06-05;0;0;0;0;0;0;0;0;0;0
FR;5;2021-06-06;0;0;0;0;0;0;0;0;0;0
FR;5;2021-06-07;0;0;0;0;0;0;0;0;0;0
FR;5;2021-06-08;0;0;0;0;0;0;0;0;0;0
FR;5;2021-06-09;0;0;0;0;0;0;0;0;0;0
FR;5;2021-06-10;0;0;0;0;0;0;0;0;0;0
FR;5;2021-06-11;0;0;0;0;0;0;0;0;0;0
FR;5;2021-06-12;0;0;0;0;0;0;0;0;0;0
FR;5;2021-06-13;0;0;0;0;0;0;0;0;0;0
FR;5;2021-06-14;0;0;0;0;0;0;0;0;0;0
FR;5;2021-06-15;0;0;0;0;0;0;0;0;0;0
FR;5;2021-06-16;0;0;0;0;0;0;0;0;0;0
FR;5;2021-06-17;0;0;0;0;0;0;0;0;0;0
FR;5;2021-06-18;0;0;0;0;0;0;0;0;0;0
FR;5;2021-06-19;0;0;0;0;0;0;0;0;0;0
FR;5;2021-06-20;0;0;0;0;0;0;0;0;0;0
FR;5;2021-06-21;0;0;0;0;0;0;0;0;0;0
FR;5;2021-06-22;0;0;0;0;0;0;0;0;0;0
FR;5;2021-06-23;0;0;0;0;0;0;0;0;0;0
FR;5;2021-06-24;0;0;0;0;0;0;0;0;0;0
FR;5;2021-06-25;0;0;0;0;0;0;0;0;0;0
FR;5;2021-06-26;0;0;0;0;0;0;0;0;0;0
FR;5;2021-06-27;0;0;0;0;0;0;0;0;0;0
FR;5;2021-06-28;0;0;0;0;0;0;0;0;0;0
FR;5;2021-06-29;0;0;0;0;0;0;0;0;0;0
FR;5;2021-06-30;0;0;0;0;0;0;0;0;0;0
FR;5;2021-07-01;0;0;0;0;0;0;0;0;0;0
FR;5;2021-07-02;0;0;0;0;0;0;0;0;0;0
FR;5;2021-07-03;0;0;0;0;0;0;0;0;0;0
FR;5;2021-07-04;0;0;0;0;0;0;0;0;0;0
FR;5;2021-07-05;0;0;0;0;0;0;0;0;0;0
FR;5;2021-07-06;0;0;0;0;0;0;0;0;0;0
FR;5;2021-07-07;0;0;0;0;0;0;0;0;0;0
FR;5;2021-07-08;0;0;0;0;0;0;0;0;0;0
FR;5;2021-07-09;0;0;0;0;0;0;0;0;0;0
FR;5;2021-07-10;0;0;0;0;0;0;0;0;0;0
FR;5;2021-07-11;0;0;0;0;0;0;0;0;0;0
FR;5;2021-07-12;0;0;0;0;0;0;0;0;0;0
FR;5;2021-07-13;0;0;0;0;0;0;0;0;0;0
FR;5;2021-07-14;0;0;0;0;0;0;0;0;0;0
FR;5;2021-07-15;0;0;0;0;0;0;0;0;0;0
FR;5;2021-07-16;0;0;0;0;0;0;0;0;0;0
FR;5;2021-07-17;0;0;0;0;0;0;0;0;0;0
FR;5;2021-07-18;0;0;0;0;0;0;0;0;0;0
FR;5;2021-07-19;0;0;0;0;0;0;0;0;0;0
FR;5;2021-07-20;0;0;0;0;0;0;0;0;0;0
FR;5;2021-07-21;0;0;0;0;0;0;0;0;0;0
FR;5;2021-07-22;0;0;0;0;0;0;0;0;0;0
FR;5;2021-07-23;0;0;0;0;0;0;0;0;0;0
FR;5;2021-07-24;0;0;0;0;0;0;0;0;0;0
FR;5;2021-07-25;0;0;0;0;0;0;0;0;0;0
FR;5;2021-07-26;0;0;0;0;0;0;0;0;0;0
FR;5;2021-07-27;0;0;0;0;0;0;0;0;0;0
FR;5;2021-07-28;0;0;0;0;0;0;0;0;0;0
FR;5;2021-07-29;0;0;0;0;0;0;0;0;0;0
FR;5;2021-07-30;0;0;0;0;0;0;0;0;0;0
FR;5;2021-07-31;0;0;0;0;0;0;0;0;0;0
FR;5;2021-08-01;0;0;0;0;0;0;0;0;0;0
FR;5;2021-08-02;0;0;0;0;0;0;0;0;0;0
FR;5;2021-08-03;0;0;0;0;0;0;0;0;0;0
FR;5;2021-08-04;0;0;0;0;0;0;0;0;0;0
FR;5;2021-08-05;0;0;0;0;0;0;0;0;0;0
FR;5;2021-08-06;0;0;0;0;0;0;0;0;0;0
FR;5;2021-08-07;0;0;0;0;0;0;0;0;0;0
FR;5;2021-08-08;0;0;0;0;0;0;0;0;0;0
FR;5;2021-08-09;0;0;0;0;0;0;0;0;0;0
FR;5;2021-08-10;0;0;0;0;0;0;0;0;0;0
FR;5;2021-08-11;0;0;0;0;0;0;0;0;0;0
FR;5;2021-08-12;0;0;0;0;0;0;0;0;0;0
FR;5;2021-08-13;0;0;0;0;0;0;0;0;0;0
FR;5;2021-08-14;0;0;0;0;0;0;0;0;0;0
FR;5;2021-08-15;0;0;0;0;0;0;0;0;0;0
FR;5;2021-08-16;0;0;0;0;0;0;0;0;0;0
FR;5;2021-08-17;0;0;0;0;0;0;0;0;0;0
FR;5;2021-08-18;0;0;0;0;0;0;0;0;0;0
FR;5;2021-08-19;0;0;0;0;0;0;0;0;0;0
FR;5;2021-08-20;0;0;0;0;0;0;0;0;0;0
FR;5;2021-08-21;0;0;0;0;0;0;0;0;0;0
FR;5;2021-08-22;0;0;0;0;0;0;0;0;0;0
FR;5;2021-08-23;0;0;0;0;0;0;0;0;0;0
FR;5;2021-08-24;0;0;0;0;0;0;0;0;0;0
FR;5;2021-08-25;0;0;0;0;0;0;0;0;0;0
FR;5;2021-08-26;0;0;0;0;0;0;0;0;0;0
FR;5;2021-08-27;0;0;0;0;0;0;0;0;0;0
FR;5;2021-08-28;0;0;0;0;0;0;0;0;0;0
FR;5;2021-08-29;0;0;0;0;0;0;0;0;0;0
FR;5;2021-08-30;0;0;0;0;0;0;0;0;0;0
FR;5;2021-08-31;0;0;0;0;0;0;0;0;0;0
FR;5;2021-09-01;0;0;0;0;0;0;0;0;0;0
FR;5;2021-09-02;0;0;0;0;0;0;0;0;0;0
FR;5;2021-09-03;0;0;0;0;0;0;0;0;0;0
FR;5;2021-09-04;0;0;0;0;0;0;0;0;0;0
FR;5;2021-09-05;0;0;0;0;0;0;0;0;0;0
FR;5;2021-09-06;0;0;0;0;0;0;0;0;0;0
FR;5;2021-09-07;0;0;0;0;0;0;0;0;0;0
FR;5;2021-09-08;0;0;0;0;0;0;0;0;0;0
FR;5;2021-09-09;0;0;0;0;0;0;0;0;0;0
FR;5;2021-09-10;0;0;0;0;0;0;0;0;0;0
FR;5;2021-09-11;0;0;0;0;0;0;0;0;0;0
FR;5;2021-09-12;0;0;0;0;0;0;0;0;0;0
FR;5;2021-09-13;0;0;0;0;0;0;0;0;0;0
FR;5;2021-09-14;0;0;0;0;0;0;0;0;0;0
FR;5;2021-09-15;0;0;0;0;0;0;0;0;0;0
FR;5;2021-09-16;0;0;0;0;0;0;0;0;0;0
FR;5;2021-09-17;0;0;0;0;0;0;0;0;0;0
FR;5;2021-09-18;0;0;0;0;0;0;0;0;0;0
FR;5;2021-09-19;0;0;0;0;0;0;0;0;0;0
FR;5;2021-09-20;0;0;0;0;0;0;0;0;0;0
FR;5;2021-09-21;0;0;0;0;0;0;0;0;0;0
FR;5;2021-09-22;0;0;0;0;0;0;0;0;0;0
FR;5;2021-09-23;0;0;0;0;0;0;0;0;0;0
FR;5;2021-09-24;0;0;0;0;0;0;0;0;0;0
FR;5;2021-09-25;0;0;0;0;0;0;0;0;0;0
FR;5;2021-09-26;0;0;0;0;0;0;0;0;0;0
FR;5;2021-09-27;0;0;0;0;0;0;0;0;0;0
FR;5;2021-09-28;0;0;0;0;0;0;0;0;0;0
FR;5;2021-09-29;0;0;0;0;0;0;0;0;0;0
FR;5;2021-09-30;0;0;0;0;0;0;0;0;0;0
FR;5;2021-10-01;0;0;0;0;0;0;0;0;0;0
FR;5;2021-10-02;0;0;0;0;0;0;0;0;0;0
FR;5;2021-10-03;0;0;0;0;0;0;0;0;0;0
FR;5;2021-10-04;0;0;0;0;0;0;0;0;0;0
FR;5;2021-10-05;0;0;0;0;0;0;0;0;0;0
FR;5;2021-10-06;0;0;0;0;0;0;0;0;0;0
FR;5;2021-10-07;0;0;0;0;0;0;0;0;0;0
FR;5;2021-10-08;0;0;0;0;0;0;0;0;0;0
FR;5;2021-10-09;0;0;0;0;0;0;0;0;0;0
FR;5;2021-10-10;0;0;0;0;0;0;0;0;0;0
FR;5;2021-10-11;0;0;0;0;0;0;0;0;0;0
FR;5;2021-10-12;0;0;0;0;0;0;0;0;0;0
FR;5;2021-10-13;0;0;0;0;0;0;0;0;0;0
FR;5;2021-10-14;0;0;0;0;0;0;0;0;0;0
FR;5;2021-10-15;0;0;0;0;0;0;0;0;0;0
FR;5;2021-10-16;0;0;0;0;0;0;0;0;0;0
FR;5;2021-10-17;0;0;0;0;0;0;0;0;0;0
FR;5;2021-10-18;0;0;0;0;0;0;0;0;0;0
FR;5;2021-10-19;0;0;0;0;0;0;0;0;0;0
FR;5;2021-10-20;0;0;0;0;0;0;0;0;0;0
FR;5;2021-10-21;0;0;0;0;0;0;0;0;0;0
FR;5;2021-10-22;0;0;0;0;0;0;0;0;0;0
FR;5;2021-10-23;0;0;0;0;0;0;0;0;0;0
FR;5;2021-10-24;0;0;0;0;0;0;0;0;0;0
FR;5;2021-10-25;0;0;0;0;0;0;0;0;0;0
FR;5;2021-10-26;0;0;0;0;0;0;0;0;0;0
FR;5;2021-10-27;0;0;0;0;0;0;0;0;0;0
FR;5;2021-10-28;0;0;0;0;0;0;0;0;0;0
FR;5;2021-10-29;0;0;0;0;0;0;0;0;0;0
FR;5;2021-10-30;0;0;0;0;0;0;0;0;0;0
FR;5;2021-10-31;0;0;0;0;0;0;0;0;0;0
FR;5;2021-11-01;0;0;0;0;0;0;0;0;0;0
FR;5;2021-11-02;0;0;0;0;0;0;0;0;0;0
FR;5;2021-11-03;0;0;0;0;0;0;0;0;0;0
FR;5;2021-11-04;0;0;0;0;0;0;0;0;0;0
FR;5;2021-11-05;0;0;0;0;0;0;0;0;0;0
FR;5;2021-11-06;0;0;0;0;0;0;0;0;0;0
FR;5;2021-11-07;0;0;0;0;0;0;0;0;0;0
FR;5;2021-11-08;0;0;0;0;0;0;0;0;0;0
FR;5;2021-11-09;0;0;0;0;0;0;0;0;0;0
FR;5;2021-11-10;0;0;0;0;0;0;0;0;0;0
FR;5;2021-11-11;0;0;0;0;0;0;0;0;0;0
FR;5;2021-11-12;0;0;0;0;0;0;0;0;0;0
FR;5;2021-11-13;0;0;0;0;0;0;0;0;0;0
FR;5;2021-11-14;0;0;0;0;0;0;0;0;0;0
FR;5;2021-11-15;0;0;0;0;0;0;0;0;0;0
FR;5;2021-11-16;0;0;0;0;0;0;0;0;0;0
FR;5;2021-11-17;0;0;0;0;0;0;0;0;0;0
FR;5;2021-11-18;0;0;0;0;0;0;0;0;0;0
FR;5;2021-11-19;0;0;0;0;0;0;0;0;0;0
FR;5;2021-11-20;0;0;0;0;0;0;0;0;0;0
FR;5;2021-11-21;0;0;0;0;0;0;0;0;0;0
FR;5;2021-11-22;0;0;0;0;0;0;0;0;0;0
FR;5;2021-11-23;0;0;0;0;0;0;0;0;0;0
FR;5;2021-11-24;0;0;0;0;0;0;0;0;0;0
FR;5;2021-11-25;0;0;0;0;0;0;0;0;0;0
FR;5;2021-11-26;0;0;0;0;0;0;0;0;0;0
FR;5;2021-11-27;0;0;0;0;0;0;0;0;0;0
FR;5;2021-11-28;0;0;0;0;0;0;0;0;0;0
FR;5;2021-11-29;0;0;0;0;0;0;0;0;0;0
FR;5;2021-11-30;0;0;0;0;0;0;0;0;0;0
FR;5;2021-12-01;0;0;0;0;0;0;0;0;0;0
FR;5;2021-12-02;0;0;0;0;0;0;0;0;0;0
FR;5;2021-12-03;0;0;0;0;0;0;0;0;0;0
FR;5;2021-12-04;0;0;0;0;0;0;0;0;0;0
FR;5;2021-12-05;0;0;0;0;0;0;0;0;0;0
FR;5;2021-12-06;0;0;0;0;0;0;0;0;0;0
FR;5;2021-12-07;0;0;0;0;0;0;0;0;0;0
FR;5;2021-12-08;0;0;0;0;0;0;0;0;0;0
FR;5;2021-12-09;0;0;0;0;0;0;0;0;0;0
FR;5;2021-12-10;0;0;0;0;0;0;0;0;0;0
FR;5;2021-12-11;0;0;0;0;0;0;0;0;0;0
FR;5;2021-12-12;0;0;0;0;0;0;0;0;0;0
FR;5;2021-12-13;0;0;0;0;0;0;0;0;0;0
FR;5;2021-12-14;28;45;77;0;88;28;45;77;0;88
FR;5;2021-12-15;195;44;37;0;49;223;89;114;0;137
FR;5;2021-12-16;180;21;44;0;48;403;110;158;0;185
FR;5;2021-12-17;310;16;72;0;74;713;126;230;0;259
FR;5;2021-12-18;762;24;22;0;29;1475;150;252;0;288
FR;5;2021-12-19;586;15;15;0;17;2061;165;267;0;305
FR;5;2021-12-20;1220;31;35;0;38;3281;196;302;0;343
FR;5;2021-12-21;1535;22;54;1;60;4816;218;356;1;403
FR;5;2021-12-22;4069;40;37;0;46;8885;258;393;1;449
FR;5;2021-12-23;3040;16;21;0;25;11925;274;414;1;474
FR;5;2021-12-24;759;18;9;0;15;12684;292;423;1;489
FR;5;2021-12-25;61;5;1;0;2;12745;297;424;1;491
FR;5;2021-12-26;623;6;3;0;4;13368;303;427;1;495
FR;5;2021-12-27;4080;25;21;0;23;17448;328;448;1;518
FR;5;2021-12-28;5199;23;41;1;43;22647;351;489;2;561
FR;5;2021-12-29;8101;34;65;2;68;30748;385;554;4;629
FR;5;2021-12-30;5171;18;33;0;39;35919;403;587;4;668
FR;5;2021-12-31;1553;8;10;0;11;37472;411;597;4;679
FR;5;2022-01-01;185;1;2;0;2;37657;412;599;4;681
FR;5;2022-01-02;1489;1;1;0;1;39146;413;600;4;682
FR;5;2022-01-03;3054;36;33;0;32;42200;449;633;4;714
FR;5;2022-01-04;3034;39;33;0;42;45234;488;666;4;756
FR;5;2022-01-05;19312;203;97;1;108;64546;691;763;5;864
FR;5;2022-01-06;3739;133;122;0;142;68285;824;885;5;1006
FR;5;2022-01-07;5006;200;48;2;56;73291;1024;933;7;1062
FR;5;2022-01-08;13649;513;45;0;52;86940;1537;978;7;1114
FR;5;2022-01-09;5755;399;15;0;20;92695;1936;993;7;1134
FR;5;2022-01-10;3452;326;25;0;29;96147;2262;1018;7;1163
FR;5;2022-01-11;3667;284;38;0;41;99814;2546;1056;7;1204
FR;5;2022-01-12;22650;3003;90;0;113;122464;5549;1146;7;1317
FR;5;2022-01-13;4033;622;30;0;32;126497;6171;1176;7;1349
FR;5;2022-01-14;4842;581;43;0;50;131339;6752;1219;7;1399
FR;5;2022-01-15;14678;1746;38;3;49;146017;8498;1257;10;1448
FR;5;2022-01-16;4727;666;3;0;5;150744;9164;1260;10;1453
FR;5;2022-01-17;2294;715;26;0;29;153038;9879;1286;10;1482
FR;5;2022-01-18;2429;869;30;0;40;155467;10748;1316;10;1522
FR;5;2022-01-19;18479;6418;74;2;142;173946;17166;1390;12;1664
FR;5;2022-01-20;1919;1067;24;0;33;175865;18233;1414;12;1697
FR;5;2022-01-21;3074;1370;47;1;59;178939;19603;1461;13;1756
FR;5;2022-01-22;10721;3454;33;1;43;189660;23057;1494;14;1799
FR;5;2022-01-23;2627;1413;5;0;8;192287;24470;1499;14;1807
FR;5;2022-01-24;1157;1340;19;0;23;193444;25810;1518;14;1830
FR;5;2022-01-25;1218;1548;19;2;29;194662;27358;1537;16;1859
FR;5;2022-01-26;10746;12015;50;1;89;205408;39373;1587;17;1948
FR;5;2022-01-27;1291;1690;10;0;17;206699;41063;1597;17;1965
FR;5;2022-01-28;1695;3347;16;0;19;208394;44410;1613;17;1984
FR;5;2022-01-29;6237;8040;68;0;96;214631;52450;1681;17;2080
FR;5;2022-01-30;1509;2950;5;0;18;216140;55400;1686;17;2098
FR;5;2022-01-31;587;1772;23;0;24;216727;57172;1709;17;2122
FR;5;2022-02-01;709;1702;10;0;15;217436;58874;1719;17;2137
FR;5;2022-02-02;6952;15653;52;0;94;224388;74527;1771;17;2231
FR;5;2022-02-03;486;1688;13;0;11;224874;76215;1784;17;2242
FR;5;2022-02-04;939;3001;19;0;31;225813;79216;1803;17;2273
FR;5;2022-02-05;3531;8914;23;0;37;229344;88130;1826;17;2310
FR;5;2022-02-06;736;2397;10;0;19;230080;90527;1836;17;2329
FR;5;2022-02-07;882;1595;22;0;24;230962;92122;1858;17;2353
FR;5;2022-02-08;719;1284;18;0;20;231681;93406;1876;17;2373
FR;5;2022-02-09;4533;12874;44;0;76;236214;106280;1920;17;2449
FR;5;2022-02-10;645;1058;13;0;14;236859;107338;1933;17;2463
FR;5;2022-02-11;793;2026;16;0;21;237652;109364;1949;17;2484
FR;5;2022-02-12;2285;6810;32;0;52;239937;116174;1981;17;2536
FR;5;2022-02-13;465;1539;8;0;8;240402;117713;1989;17;2544
FR;5;2022-02-14;678;1288;10;0;13;241080;119001;1999;17;2557
FR;5;2022-02-15;482;883;9;0;14;241562;119884;2008;17;2571
FR;5;2022-02-16;2977;9122;41;1;58;244539;129006;2049;18;2629
FR;5;2022-02-17;435;803;6;0;7;244974;129809;2055;18;2636
FR;5;2022-02-18;648;1407;13;0;17;245622;131216;2068;18;2653
FR;5;2022-02-19;1370;4314;16;0;28;246992;135530;2084;18;2681
FR;5;2022-02-20;247;879;6;0;8;247239;136409;2090;18;2689
FR;5;2022-02-21;221;607;2;0;4;247460;137016;2092;18;2693
FR;5;2022-02-22;259;544;17;0;17;247719;137560;2109;18;2710
FR;5;2022-02-23;1907;6920;22;1;42;249626;144480;2131;19;2752
FR;5;2022-02-24;182;371;5;1;5;249808;144851;2136;20;2757
FR;5;2022-02-25;333;949;13;0;12;250141;145800;2149;20;2769
FR;5;2022-02-26;970;3066;10;0;14;251111;148866;2159;20;2783
FR;5;2022-02-27;146;506;0;0;3;251257;149372;2159;20;2786
FR;5;2022-02-28;160;369;1;0;1;251417;149741;2160;20;2787
FR;5;2022-03-01;123;278;6;0;7;251540;150019;2166;20;2794
FR;5;2022-03-02;1236;4146;28;3;40;252776;154165;2194;23;2834
FR;5;2022-03-03;119;249;6;0;9;252895;154414;2200;23;2843
FR;5;2022-03-04;192;484;13;0;13;253087;154898;2213;23;2856
FR;5;2022-03-05;676;1990;8;0;16;253763;156888;2221;23;2872
FR;5;2022-03-06;107;260;0;0;0;253870;157148;2221;23;2872
FR;5;2022-03-07;70;228;4;0;3;253940;157376;2225;23;2875
FR;5;2022-03-08;46;130;7;1;7;253986;157506;2232;24;2882
FR;5;2022-03-09;908;3075;23;0;35;254894;160581;2255;24;2917
FR;5;2022-03-10;82;200;7;0;10;254976;160781;2262;24;2927
FR;5;2022-03-11;145;368;14;1;15;255121;161149;2276;25;2942
FR;5;2022-03-12;758;1613;12;1;29;255879;162762;2288;26;2971
FR;5;2022-03-13;76;99;0;0;0;255955;162861;2288;26;2971
FR;5;2022-03-14;67;116;7;1;7;256022;162977;2295;27;2978
FR;5;2022-03-15;81;99;3;0;6;256103;163076;2298;27;2984
FR;5;2022-03-16;881;1822;15;3;34;256984;164898;2313;30;3018
FR;5;2022-03-17;66;122;8;4;10;257050;165020;2321;34;3028
FR;5;2022-03-18;170;318;13;3;18;257220;165338;2334;37;3046
FR;5;2022-03-19;748;1162;12;5;33;257968;166500;2346;42;3079
FR;5;2022-03-20;44;92;1;0;1;258012;166592;2347;42;3080
FR;5;2022-03-21;71;116;10;6;15;258083;166708;2357;48;3095
FR;5;2022-03-22;55;114;8;6;8;258138;166822;2365;54;3103
FR;5;2022-03-23;800;1459;13;8;35;258938;168281;2378;62;3138
FR;5;2022-03-24;67;89;8;7;7;259005;168370;2386;69;3145
FR;5;2022-03-25;220;288;15;8;18;259225;168658;2401;77;3163
FR;5;2022-03-26;705;850;12;5;26;259930;169508;2413;82;3189
FR;5;2022-03-27;74;78;0;0;3;260004;169586;2413;82;3192
FR;5;2022-03-28;79;91;1;2;3;260083;169677;2414;84;3195
FR;5;2022-03-29;68;82;10;4;12;260151;169759;2424;88;3207
FR;5;2022-03-30;815;1112;15;13;28;260966;170871;2439;101;3235
FR;5;2022-03-31;95;122;1;4;6;261061;170993;2440;105;3241
FR;5;2022-04-01;109;84;6;12;11;261170;171077;2446;117;3252
FR;5;2022-04-02;326;343;3;3;14;261496;171420;2449;120;3266
FR;5;2022-04-03;52;58;1;0;1;261548;171478;2450;120;3267
FR;5;2022-04-04;32;53;3;1;7;261580;171531;2453;121;3274
FR;6;2020-12-27;0;0;0;0;0;0;0;0;0;0
FR;6;2020-12-28;0;0;0;0;0;0;0;0;0;0
FR;6;2020-12-29;0;0;0;0;0;0;0;0;0;0
FR;6;2020-12-30;0;0;0;0;0;0;0;0;0;0
FR;6;2020-12-31;0;0;0;0;0;0;0;0;0;0
FR;6;2021-01-01;0;0;0;0;0;0;0;0;0;0
FR;6;2021-01-02;0;0;0;0;0;0;0;0;0;0
FR;6;2021-01-03;0;0;0;0;0;0;0;0;0;0
FR;6;2021-01-04;0;0;0;0;0;0;0;0;0;0
FR;6;2021-01-05;0;0;0;0;0;0;0;0;0;0
FR;6;2021-01-06;0;0;0;0;0;0;0;0;0;0
FR;6;2021-01-07;0;0;0;0;0;0;0;0;0;0
FR;6;2021-01-08;0;0;0;0;0;0;0;0;0;0
FR;6;2021-01-09;0;0;0;0;0;0;0;0;0;0
FR;6;2021-01-10;0;0;0;0;0;0;0;0;0;0
FR;6;2021-01-11;0;0;0;0;0;0;0;0;0;0
FR;6;2021-01-12;0;0;0;0;0;0;0;0;0;0
FR;6;2021-01-13;0;0;0;0;0;0;0;0;0;0
FR;6;2021-01-14;0;0;0;0;0;0;0;0;0;0
FR;6;2021-01-15;0;0;0;0;0;0;0;0;0;0
FR;6;2021-01-16;0;0;0;0;0;0;0;0;0;0
FR;6;2021-01-17;0;0;0;0;0;0;0;0;0;0
FR;6;2021-01-18;0;0;0;0;0;0;0;0;0;0
FR;6;2021-01-19;0;0;0;0;0;0;0;0;0;0
FR;6;2021-01-20;0;0;0;0;0;0;0;0;0;0
FR;6;2021-01-21;0;0;0;0;0;0;0;0;0;0
FR;6;2021-01-22;0;0;0;0;0;0;0;0;0;0
FR;6;2021-01-23;0;0;0;0;0;0;0;0;0;0
FR;6;2021-01-24;0;0;0;0;0;0;0;0;0;0
FR;6;2021-01-25;0;0;0;0;0;0;0;0;0;0
FR;6;2021-01-26;0;0;0;0;0;0;0;0;0;0
FR;6;2021-01-27;0;0;0;0;0;0;0;0;0;0
FR;6;2021-01-28;0;0;0;0;0;0;0;0;0;0
FR;6;2021-01-29;0;0;0;0;0;0;0;0;0;0
FR;6;2021-01-30;0;0;0;0;0;0;0;0;0;0
FR;6;2021-01-31;0;0;0;0;0;0;0;0;0;0
FR;6;2021-02-01;0;0;0;0;0;0;0;0;0;0
FR;6;2021-02-02;0;0;0;0;0;0;0;0;0;0
FR;6;2021-02-03;0;0;0;0;0;0;0;0;0;0
FR;6;2021-02-04;0;0;0;0;0;0;0;0;0;0
FR;6;2021-02-05;0;0;0;0;0;0;0;0;0;0
FR;6;2021-02-06;0;0;0;0;0;0;0;0;0;0
FR;6;2021-02-07;0;0;0;0;0;0;0;0;0;0
FR;6;2021-02-08;0;0;0;0;0;0;0;0;0;0
FR;6;2021-02-09;0;0;0;0;0;0;0;0;0;0
FR;6;2021-02-10;0;0;0;0;0;0;0;0;0;0
FR;6;2021-02-11;0;0;0;0;0;0;0;0;0;0
FR;6;2021-02-12;0;0;0;0;0;0;0;0;0;0
FR;6;2021-02-13;0;0;0;0;0;0;0;0;0;0
FR;6;2021-02-14;0;0;0;0;0;0;0;0;0;0
FR;6;2021-02-15;0;0;0;0;0;0;0;0;0;0
FR;6;2021-02-16;0;0;0;0;0;0;0;0;0;0
FR;6;2021-02-17;0;0;0;0;0;0;0;0;0;0
FR;6;2021-02-18;0;0;0;0;0;0;0;0;0;0
FR;6;2021-02-19;0;0;0;0;0;0;0;0;0;0
FR;6;2021-02-20;0;0;0;0;0;0;0;0;0;0
FR;6;2021-02-21;0;0;0;0;0;0;0;0;0;0
FR;6;2021-02-22;0;0;0;0;0;0;0;0;0;0
FR;6;2021-02-23;0;0;0;0;0;0;0;0;0;0
FR;6;2021-02-24;0;0;0;0;0;0;0;0;0;0
FR;6;2021-02-25;0;0;0;0;0;0;0;0;0;0
FR;6;2021-02-26;0;0;0;0;0;0;0;0;0;0
FR;6;2021-02-27;0;0;0;0;0;0;0;0;0;0
FR;6;2021-02-28;0;0;0;0;0;0;0;0;0;0
FR;6;2021-03-01;0;0;0;0;0;0;0;0;0;0
FR;6;2021-03-02;0;0;0;0;0;0;0;0;0;0
FR;6;2021-03-03;0;0;0;0;0;0;0;0;0;0
FR;6;2021-03-04;0;0;0;0;0;0;0;0;0;0
FR;6;2021-03-05;0;0;0;0;0;0;0;0;0;0
FR;6;2021-03-06;0;0;0;0;0;0;0;0;0;0
FR;6;2021-03-07;0;0;0;0;0;0;0;0;0;0
FR;6;2021-03-08;0;0;0;0;0;0;0;0;0;0
FR;6;2021-03-09;0;0;0;0;0;0;0;0;0;0
FR;6;2021-03-10;0;0;0;0;0;0;0;0;0;0
FR;6;2021-03-11;0;0;0;0;0;0;0;0;0;0
FR;6;2021-03-12;0;0;0;0;0;0;0;0;0;0
FR;6;2021-03-13;0;0;0;0;0;0;0;0;0;0
FR;6;2021-03-14;0;0;0;0;0;0;0;0;0;0
FR;6;2021-03-15;0;0;0;0;0;0;0;0;0;0
FR;6;2021-03-16;0;0;0;0;0;0;0;0;0;0
FR;6;2021-03-17;0;0;0;0;0;0;0;0;0;0
FR;6;2021-03-18;0;0;0;0;0;0;0;0;0;0
FR;6;2021-03-19;0;0;0;0;0;0;0;0;0;0
FR;6;2021-03-20;0;0;0;0;0;0;0;0;0;0
FR;6;2021-03-21;0;0;0;0;0;0;0;0;0;0
FR;6;2021-03-22;0;0;0;0;0;0;0;0;0;0
FR;6;2021-03-23;0;0;0;0;0;0;0;0;0;0
FR;6;2021-03-24;0;0;0;0;0;0;0;0;0;0
FR;6;2021-03-25;0;0;0;0;0;0;0;0;0;0
FR;6;2021-03-26;0;0;0;0;0;0;0;0;0;0
FR;6;2021-03-27;0;0;0;0;0;0;0;0;0;0
FR;6;2021-03-28;0;0;0;0;0;0;0;0;0;0
FR;6;2021-03-29;0;0;0;0;0;0;0;0;0;0
FR;6;2021-03-30;0;0;0;0;0;0;0;0;0;0
FR;6;2021-03-31;0;0;0;0;0;0;0;0;0;0
FR;6;2021-04-01;0;0;0;0;0;0;0;0;0;0
FR;6;2021-04-02;0;0;0;0;0;0;0;0;0;0
FR;6;2021-04-03;0;0;0;0;0;0;0;0;0;0
FR;6;2021-04-04;0;0;0;0;0;0;0;0;0;0
FR;6;2021-04-05;0;0;0;0;0;0;0;0;0;0
FR;6;2021-04-06;0;0;0;0;0;0;0;0;0;0
FR;6;2021-04-07;0;0;0;0;0;0;0;0;0;0
FR;6;2021-04-08;0;0;0;0;0;0;0;0;0;0
FR;6;2021-04-09;0;0;0;0;0;0;0;0;0;0
FR;6;2021-04-10;0;0;0;0;0;0;0;0;0;0
FR;6;2021-04-11;0;0;0;0;0;0;0;0;0;0
FR;6;2021-04-12;0;0;0;0;0;0;0;0;0;0
FR;6;2021-04-13;0;0;0;0;0;0;0;0;0;0
FR;6;2021-04-14;0;0;0;0;0;0;0;0;0;0
FR;6;2021-04-15;0;0;0;0;0;0;0;0;0;0
FR;6;2021-04-16;0;0;0;0;0;0;0;0;0;0
FR;6;2021-04-17;0;0;0;0;0;0;0;0;0;0
FR;6;2021-04-18;0;0;0;0;0;0;0;0;0;0
FR;6;2021-04-19;0;0;0;0;0;0;0;0;0;0
FR;6;2021-04-20;0;0;0;0;0;0;0;0;0;0
FR;6;2021-04-21;0;0;0;0;0;0;0;0;0;0
FR;6;2021-04-22;0;0;0;0;0;0;0;0;0;0
FR;6;2021-04-23;0;0;0;0;0;0;0;0;0;0
FR;6;2021-04-24;0;0;0;0;0;0;0;0;0;0
FR;6;2021-04-25;0;0;0;0;0;0;0;0;0;0
FR;6;2021-04-26;0;0;0;0;0;0;0;0;0;0
FR;6;2021-04-27;0;0;0;0;0;0;0;0;0;0
FR;6;2021-04-28;0;0;0;0;0;0;0;0;0;0
FR;6;2021-04-29;0;0;0;0;0;0;0;0;0;0
FR;6;2021-04-30;0;0;0;0;0;0;0;0;0;0
FR;6;2021-05-01;0;0;0;0;0;0;0;0;0;0
FR;6;2021-05-02;0;0;0;0;0;0;0;0;0;0
FR;6;2021-05-03;0;0;0;0;0;0;0;0;0;0
FR;6;2021-05-04;0;0;0;0;0;0;0;0;0;0
FR;6;2021-05-05;0;0;0;0;0;0;0;0;0;0
FR;6;2021-05-06;0;0;0;0;0;0;0;0;0;0
FR;6;2021-05-07;0;0;0;0;0;0;0;0;0;0
FR;6;2021-05-08;0;0;0;0;0;0;0;0;0;0
FR;6;2021-05-09;0;0;0;0;0;0;0;0;0;0
FR;6;2021-05-10;0;0;0;0;0;0;0;0;0;0
FR;6;2021-05-11;0;0;0;0;0;0;0;0;0;0
FR;6;2021-05-12;0;0;0;0;0;0;0;0;0;0
FR;6;2021-05-13;0;0;0;0;0;0;0;0;0;0
FR;6;2021-05-14;0;0;0;0;0;0;0;0;0;0
FR;6;2021-05-15;0;0;0;0;0;0;0;0;0;0
FR;6;2021-05-16;0;0;0;0;0;0;0;0;0;0
FR;6;2021-05-17;0;0;0;0;0;0;0;0;0;0
FR;6;2021-05-18;0;0;0;0;0;0;0;0;0;0
FR;6;2021-05-19;0;0;0;0;0;0;0;0;0;0
FR;6;2021-05-20;0;0;0;0;0;0;0;0;0;0
FR;6;2021-05-21;0;0;0;0;0;0;0;0;0;0
FR;6;2021-05-22;0;0;0;0;0;0;0;0;0;0
FR;6;2021-05-23;0;0;0;0;0;0;0;0;0;0
FR;6;2021-05-24;0;0;0;0;0;0;0;0;0;0
FR;6;2021-05-25;0;0;0;0;0;0;0;0;0;0
FR;6;2021-05-26;0;0;0;0;0;0;0;0;0;0
FR;6;2021-05-27;0;0;0;0;0;0;0;0;0;0
FR;6;2021-05-28;0;0;0;0;0;0;0;0;0;0
FR;6;2021-05-29;0;0;0;0;0;0;0;0;0;0
FR;6;2021-05-30;0;0;0;0;0;0;0;0;0;0
FR;6;2021-05-31;0;0;0;0;0;0;0;0;0;0
FR;6;2021-06-01;0;0;0;0;0;0;0;0;0;0
FR;6;2021-06-02;0;0;0;0;0;0;0;0;0;0
FR;6;2021-06-03;0;0;0;0;0;0;0;0;0;0
FR;6;2021-06-04;0;0;0;0;0;0;0;0;0;0
FR;6;2021-06-05;0;0;0;0;0;0;0;0;0;0
FR;6;2021-06-06;0;0;0;0;0;0;0;0;0;0
FR;6;2021-06-07;0;0;0;0;0;0;0;0;0;0
FR;6;2021-06-08;0;0;0;0;0;0;0;0;0;0
FR;6;2021-06-09;0;0;0;0;0;0;0;0;0;0
FR;6;2021-06-10;0;0;0;0;0;0;0;0;0;0
FR;6;2021-06-11;0;0;0;0;0;0;0;0;0;0
FR;6;2021-06-12;0;0;0;0;0;0;0;0;0;0
FR;6;2021-06-13;0;0;0;0;0;0;0;0;0;0
FR;6;2021-06-14;0;0;0;0;0;0;0;0;0;0
FR;6;2021-06-15;0;0;0;0;0;0;0;0;0;0
FR;6;2021-06-16;0;0;0;0;0;0;0;0;0;0
FR;6;2021-06-17;0;0;0;0;0;0;0;0;0;0
FR;6;2021-06-18;0;0;0;0;0;0;0;0;0;0
FR;6;2021-06-19;0;0;0;0;0;0;0;0;0;0
FR;6;2021-06-20;0;0;0;0;0;0;0;0;0;0
FR;6;2021-06-21;0;0;0;0;0;0;0;0;0;0
FR;6;2021-06-22;0;0;0;0;0;0;0;0;0;0
FR;6;2021-06-23;0;0;0;0;0;0;0;0;0;0
FR;6;2021-06-24;0;0;0;0;0;0;0;0;0;0
FR;6;2021-06-25;0;0;0;0;0;0;0;0;0;0
FR;6;2021-06-26;0;0;0;0;0;0;0;0;0;0
FR;6;2021-06-27;0;0;0;0;0;0;0;0;0;0
FR;6;2021-06-28;0;0;0;0;0;0;0;0;0;0
FR;6;2021-06-29;0;0;0;0;0;0;0;0;0;0
FR;6;2021-06-30;0;0;0;0;0;0;0;0;0;0
FR;6;2021-07-01;0;0;0;0;0;0;0;0;0;0
FR;6;2021-07-02;0;0;0;0;0;0;0;0;0;0
FR;6;2021-07-03;0;0;0;0;0;0;0;0;0;0
FR;6;2021-07-04;0;0;0;0;0;0;0;0;0;0
FR;6;2021-07-05;0;0;0;0;0;0;0;0;0;0
FR;6;2021-07-06;0;0;0;0;0;0;0;0;0;0
FR;6;2021-07-07;0;0;0;0;0;0;0;0;0;0
FR;6;2021-07-08;0;0;0;0;0;0;0;0;0;0
FR;6;2021-07-09;0;0;0;0;0;0;0;0;0;0
FR;6;2021-07-10;0;0;0;0;0;0;0;0;0;0
FR;6;2021-07-11;0;0;0;0;0;0;0;0;0;0
FR;6;2021-07-12;0;0;0;0;0;0;0;0;0;0
FR;6;2021-07-13;0;0;0;0;0;0;0;0;0;0
FR;6;2021-07-14;0;0;0;0;0;0;0;0;0;0
FR;6;2021-07-15;0;0;0;0;0;0;0;0;0;0
FR;6;2021-07-16;0;0;0;0;0;0;0;0;0;0
FR;6;2021-07-17;0;0;0;0;0;0;0;0;0;0
FR;6;2021-07-18;0;0;0;0;0;0;0;0;0;0
FR;6;2021-07-19;0;0;0;0;0;0;0;0;0;0
FR;6;2021-07-20;0;0;0;0;0;0;0;0;0;0
FR;6;2021-07-21;0;0;0;0;0;0;0;0;0;0
FR;6;2021-07-22;0;0;0;0;0;0;0;0;0;0
FR;6;2021-07-23;0;0;0;0;0;0;0;0;0;0
FR;6;2021-07-24;0;0;0;0;0;0;0;0;0;0
FR;6;2021-07-25;0;0;0;0;0;0;0;0;0;0
FR;6;2021-07-26;0;0;0;0;0;0;0;0;0;0
FR;6;2021-07-27;0;0;0;0;0;0;0;0;0;0
FR;6;2021-07-28;0;0;0;0;0;0;0;0;0;0
FR;6;2021-07-29;0;0;0;0;0;0;0;0;0;0
FR;6;2021-07-30;0;0;0;0;0;0;0;0;0;0
FR;6;2021-07-31;0;0;0;0;0;0;0;0;0;0
FR;6;2021-08-01;0;0;0;0;0;0;0;0;0;0
FR;6;2021-08-02;0;0;0;0;0;0;0;0;0;0
FR;6;2021-08-03;0;0;0;0;0;0;0;0;0;0
FR;6;2021-08-04;0;0;0;0;0;0;0;0;0;0
FR;6;2021-08-05;0;0;0;0;0;0;0;0;0;0
FR;6;2021-08-06;0;0;0;0;0;0;0;0;0;0
FR;6;2021-08-07;0;0;0;0;0;0;0;0;0;0
FR;6;2021-08-08;0;0;0;0;0;0;0;0;0;0
FR;6;2021-08-09;0;0;0;0;0;0;0;0;0;0
FR;6;2021-08-10;0;0;0;0;0;0;0;0;0;0
FR;6;2021-08-11;0;0;0;0;0;0;0;0;0;0
FR;6;2021-08-12;0;0;0;0;0;0;0;0;0;0
FR;6;2021-08-13;0;0;0;0;0;0;0;0;0;0
FR;6;2021-08-14;0;0;0;0;0;0;0;0;0;0
FR;6;2021-08-15;0;0;0;0;0;0;0;0;0;0
FR;6;2021-08-16;0;0;0;0;0;0;0;0;0;0
FR;6;2021-08-17;0;0;0;0;0;0;0;0;0;0
FR;6;2021-08-18;0;0;0;0;0;0;0;0;0;0
FR;6;2021-08-19;0;0;0;0;0;0;0;0;0;0
FR;6;2021-08-20;0;0;0;0;0;0;0;0;0;0
FR;6;2021-08-21;0;0;0;0;0;0;0;0;0;0
FR;6;2021-08-22;0;0;0;0;0;0;0;0;0;0
FR;6;2021-08-23;0;0;0;0;0;0;0;0;0;0
FR;6;2021-08-24;0;0;0;0;0;0;0;0;0;0
FR;6;2021-08-25;0;0;0;0;0;0;0;0;0;0
FR;6;2021-08-26;0;0;0;0;0;0;0;0;0;0
FR;6;2021-08-27;0;0;0;0;0;0;0;0;0;0
FR;6;2021-08-28;0;0;0;0;0;0;0;0;0;0
FR;6;2021-08-29;0;0;0;0;0;0;0;0;0;0
FR;6;2021-08-30;0;0;0;0;0;0;0;0;0;0
FR;6;2021-08-31;0;0;0;0;0;0;0;0;0;0
FR;6;2021-09-01;0;0;0;0;0;0;0;0;0;0
FR;6;2021-09-02;0;0;0;0;0;0;0;0;0;0
FR;6;2021-09-03;0;0;0;0;0;0;0;0;0;0
FR;6;2021-09-04;0;0;0;0;0;0;0;0;0;0
FR;6;2021-09-05;0;0;0;0;0;0;0;0;0;0
FR;6;2021-09-06;0;0;0;0;0;0;0;0;0;0
FR;6;2021-09-07;0;0;0;0;0;0;0;0;0;0
FR;6;2021-09-08;0;0;0;0;0;0;0;0;0;0
FR;6;2021-09-09;0;0;0;0;0;0;0;0;0;0
FR;6;2021-09-10;0;0;0;0;0;0;0;0;0;0
FR;6;2021-09-11;0;0;0;0;0;0;0;0;0;0
FR;6;2021-09-12;0;0;0;0;0;0;0;0;0;0
FR;6;2021-09-13;0;0;0;0;0;0;0;0;0;0
FR;6;2021-09-14;0;0;0;0;0;0;0;0;0;0
FR;6;2021-09-15;0;0;0;0;0;0;0;0;0;0
FR;6;2021-09-16;0;0;0;0;0;0;0;0;0;0
FR;6;2021-09-17;0;0;0;0;0;0;0;0;0;0
FR;6;2021-09-18;0;0;0;0;0;0;0;0;0;0
FR;6;2021-09-19;0;0;0;0;0;0;0;0;0;0
FR;6;2021-09-20;0;0;0;0;0;0;0;0;0;0
FR;6;2021-09-21;0;0;0;0;0;0;0;0;0;0
FR;6;2021-09-22;0;0;0;0;0;0;0;0;0;0
FR;6;2021-09-23;0;0;0;0;0;0;0;0;0;0
FR;6;2021-09-24;0;0;0;0;0;0;0;0;0;0
FR;6;2021-09-25;0;0;0;0;0;0;0;0;0;0
FR;6;2021-09-26;0;0;0;0;0;0;0;0;0;0
FR;6;2021-09-27;0;0;0;0;0;0;0;0;0;0
FR;6;2021-09-28;0;0;0;0;0;0;0;0;0;0
FR;6;2021-09-29;0;0;0;0;0;0;0;0;0;0
FR;6;2021-09-30;0;0;0;0;0;0;0;0;0;0
FR;6;2021-10-01;0;0;0;0;0;0;0;0;0;0
FR;6;2021-10-02;0;0;0;0;0;0;0;0;0;0
FR;6;2021-10-03;0;0;0;0;0;0;0;0;0;0
FR;6;2021-10-04;0;0;0;0;0;0;0;0;0;0
FR;6;2021-10-05;0;0;0;0;0;0;0;0;0;0
FR;6;2021-10-06;0;0;0;0;0;0;0;0;0;0
FR;6;2021-10-07;0;0;0;0;0;0;0;0;0;0
FR;6;2021-10-08;0;0;0;0;0;0;0;0;0;0
FR;6;2021-10-09;0;0;0;0;0;0;0;0;0;0
FR;6;2021-10-10;0;0;0;0;0;0;0;0;0;0
FR;6;2021-10-11;0;0;0;0;0;0;0;0;0;0
FR;6;2021-10-12;0;0;0;0;0;0;0;0;0;0
FR;6;2021-10-13;0;0;0;0;0;0;0;0;0;0
FR;6;2021-10-14;0;0;0;0;0;0;0;0;0;0
FR;6;2021-10-15;0;0;0;0;0;0;0;0;0;0
FR;6;2021-10-16;0;0;0;0;0;0;0;0;0;0
FR;6;2021-10-17;0;0;0;0;0;0;0;0;0;0
FR;6;2021-10-18;0;0;0;0;0;0;0;0;0;0
FR;6;2021-10-19;0;0;0;0;0;0;0;0;0;0
FR;6;2021-10-20;0;0;0;0;0;0;0;0;0;0
FR;6;2021-10-21;0;0;0;0;0;0;0;0;0;0
FR;6;2021-10-22;0;0;0;0;0;0;0;0;0;0
FR;6;2021-10-23;0;0;0;0;0;0;0;0;0;0
FR;6;2021-10-24;0;0;0;0;0;0;0;0;0;0
FR;6;2021-10-25;0;0;0;0;0;0;0;0;0;0
FR;6;2021-10-26;0;0;0;0;0;0;0;0;0;0
FR;6;2021-10-27;0;0;0;0;0;0;0;0;0;0
FR;6;2021-10-28;0;0;0;0;0;0;0;0;0;0
FR;6;2021-10-29;0;0;0;0;0;0;0;0;0;0
FR;6;2021-10-30;0;0;0;0;0;0;0;0;0;0
FR;6;2021-10-31;0;0;0;0;0;0;0;0;0;0
FR;6;2021-11-01;0;0;0;0;0;0;0;0;0;0
FR;6;2021-11-02;0;0;0;0;0;0;0;0;0;0
FR;6;2021-11-03;0;0;0;0;0;0;0;0;0;0
FR;6;2021-11-04;0;0;0;0;0;0;0;0;0;0
FR;6;2021-11-05;0;0;0;0;0;0;0;0;0;0
FR;6;2021-11-06;0;0;0;0;0;0;0;0;0;0
FR;6;2021-11-07;0;0;0;0;0;0;0;0;0;0
FR;6;2021-11-08;0;0;0;0;0;0;0;0;0;0
FR;6;2021-11-09;0;0;0;0;0;0;0;0;0;0
FR;6;2021-11-10;0;0;0;0;0;0;0;0;0;0
FR;6;2021-11-11;0;0;0;0;0;0;0;0;0;0
FR;6;2021-11-12;0;0;0;0;0;0;0;0;0;0
FR;6;2021-11-13;0;0;0;0;0;0;0;0;0;0
FR;6;2021-11-14;0;0;0;0;0;0;0;0;0;0
FR;6;2021-11-15;0;0;0;0;0;0;0;0;0;0
FR;6;2021-11-16;0;0;0;0;0;0;0;0;0;0
FR;6;2021-11-17;0;0;0;0;0;0;0;0;0;0
FR;6;2021-11-18;0;0;0;0;0;0;0;0;0;0
FR;6;2021-11-19;0;0;0;0;0;0;0;0;0;0
FR;6;2021-11-20;0;0;0;0;0;0;0;0;0;0
FR;6;2021-11-21;0;0;0;0;0;0;0;0;0;0
FR;6;2021-11-22;0;0;0;0;0;0;0;0;0;0
FR;6;2021-11-23;0;0;0;0;0;0;0;0;0;0
FR;6;2021-11-24;0;0;0;0;0;0;0;0;0;0
FR;6;2021-11-25;0;0;0;0;0;0;0;0;0;0
FR;6;2021-11-26;0;0;0;0;0;0;0;0;0;0
FR;6;2021-11-27;0;0;0;0;0;0;0;0;0;0
FR;6;2021-11-28;0;0;0;0;0;0;0;0;0;0
FR;6;2021-11-29;0;0;0;0;0;0;0;0;0;0
FR;6;2021-11-30;0;0;0;0;0;0;0;0;0;0
FR;6;2021-12-01;0;0;0;0;0;0;0;0;0;0
FR;6;2021-12-02;0;0;0;0;0;0;0;0;0;0
FR;6;2021-12-03;0;0;0;0;0;0;0;0;0;0
FR;6;2021-12-04;0;0;0;0;0;0;0;0;0;0
FR;6;2021-12-05;0;0;0;0;0;0;0;0;0;0
FR;6;2021-12-06;0;0;0;0;0;0;0;0;0;0
FR;6;2021-12-07;0;0;0;0;0;0;0;0;0;0
FR;6;2021-12-08;0;0;0;0;0;0;0;0;0;0
FR;6;2021-12-09;0;0;0;0;0;0;0;0;0;0
FR;6;2021-12-10;0;0;0;0;0;0;0;0;0;0
FR;6;2021-12-11;0;0;0;0;0;0;0;0;0;0
FR;6;2021-12-12;0;0;0;0;0;0;0;0;0;0
FR;6;2021-12-13;0;0;0;0;0;0;0;0;0;0
FR;6;2021-12-14;0;0;0;0;0;0;0;0;0;0
FR;6;2021-12-15;0;0;0;0;0;0;0;0;0;0
FR;6;2021-12-16;0;0;0;0;0;0;0;0;0;0
FR;6;2021-12-17;0;0;0;0;0;0;0;0;0;0
FR;6;2021-12-18;0;0;0;0;0;0;0;0;0;0
FR;6;2021-12-19;0;0;0;0;0;0;0;0;0;0
FR;6;2021-12-20;0;0;0;0;0;0;0;0;0;0
FR;6;2021-12-21;0;0;0;0;0;0;0;0;0;0
FR;6;2021-12-22;0;0;0;0;0;0;0;0;0;0
FR;6;2021-12-23;0;0;0;0;0;0;0;0;0;0
FR;6;2021-12-24;0;0;0;0;0;0;0;0;0;0
FR;6;2021-12-25;0;0;0;0;0;0;0;0;0;0
FR;6;2021-12-26;0;0;0;0;0;0;0;0;0;0
FR;6;2021-12-27;0;0;0;0;0;0;0;0;0;0
FR;6;2021-12-28;0;0;0;0;0;0;0;0;0;0
FR;6;2021-12-29;0;0;0;0;0;0;0;0;0;0
FR;6;2021-12-30;0;0;0;0;0;0;0;0;0;0
FR;6;2021-12-31;0;0;0;0;0;0;0;0;0;0
FR;6;2022-01-01;0;0;0;0;0;0;0;0;0;0
FR;6;2022-01-02;0;0;0;0;0;0;0;0;0;0
FR;6;2022-01-03;0;0;0;0;0;0;0;0;0;0
FR;6;2022-01-04;0;0;0;0;0;0;0;0;0;0
FR;6;2022-01-05;0;0;0;0;0;0;0;0;0;0
FR;6;2022-01-06;0;0;0;0;0;0;0;0;0;0
FR;6;2022-01-07;0;0;0;0;0;0;0;0;0;0
FR;6;2022-01-08;0;0;0;0;0;0;0;0;0;0
FR;6;2022-01-09;0;0;0;0;0;0;0;0;0;0
FR;6;2022-01-10;0;0;0;0;0;0;0;0;0;0
FR;6;2022-01-11;0;0;0;0;0;0;0;0;0;0
FR;6;2022-01-12;0;0;0;0;0;0;0;0;0;0
FR;6;2022-01-13;0;0;0;0;0;0;0;0;0;0
FR;6;2022-01-14;0;0;0;0;0;0;0;0;0;0
FR;6;2022-01-15;0;0;0;0;0;0;0;0;0;0
FR;6;2022-01-16;0;0;0;0;0;0;0;0;0;0
FR;6;2022-01-17;0;0;0;0;0;0;0;0;0;0
FR;6;2022-01-18;0;0;0;0;0;0;0;0;0;0
FR;6;2022-01-19;0;0;0;0;0;0;0;0;0;0
FR;6;2022-01-20;0;0;0;0;0;0;0;0;0;0
FR;6;2022-01-21;0;0;0;0;0;0;0;0;0;0
FR;6;2022-01-22;0;0;0;0;0;0;0;0;0;0
FR;6;2022-01-23;0;0;0;0;0;0;0;0;0;0
FR;6;2022-01-24;0;0;0;0;0;0;0;0;0;0
FR;6;2022-01-25;0;0;0;0;0;0;0;0;0;0
FR;6;2022-01-26;0;0;0;0;0;0;0;0;0;0
FR;6;2022-01-27;0;0;0;0;0;0;0;0;0;0
FR;6;2022-01-28;0;0;0;0;0;0;0;0;0;0
FR;6;2022-01-29;0;0;0;0;0;0;0;0;0;0
FR;6;2022-01-30;0;0;0;0;0;0;0;0;0;0
FR;6;2022-01-31;0;0;0;0;0;0;0;0;0;0
FR;6;2022-02-01;0;0;0;0;0;0;0;0;0;0
FR;6;2022-02-02;0;0;0;0;0;0;0;0;0;0
FR;6;2022-02-03;0;0;0;0;0;0;0;0;0;0
FR;6;2022-02-04;0;0;0;0;0;0;0;0;0;0
FR;6;2022-02-05;0;0;0;0;0;0;0;0;0;0
FR;6;2022-02-06;0;0;0;0;0;0;0;0;0;0
FR;6;2022-02-07;0;0;0;0;0;0;0;0;0;0
FR;6;2022-02-08;0;0;0;0;0;0;0;0;0;0
FR;6;2022-02-09;0;0;0;0;0;0;0;0;0;0
FR;6;2022-02-10;0;0;0;0;0;0;0;0;0;0
FR;6;2022-02-11;0;0;0;0;0;0;0;0;0;0
FR;6;2022-02-12;0;0;0;0;0;0;0;0;0;0
FR;6;2022-02-13;0;0;0;0;0;0;0;0;0;0
FR;6;2022-02-14;0;0;0;0;0;0;0;0;0;0
FR;6;2022-02-15;0;0;0;0;0;0;0;0;0;0
FR;6;2022-02-16;0;0;0;0;0;0;0;0;0;0
FR;6;2022-02-17;0;0;0;0;0;0;0;0;0;0
FR;6;2022-02-18;0;0;0;0;0;0;0;0;0;0
FR;6;2022-02-19;0;0;0;0;0;0;0;0;0;0
FR;6;2022-02-20;0;0;0;0;0;0;0;0;0;0
FR;6;2022-02-21;0;0;0;0;0;0;0;0;0;0
FR;6;2022-02-22;0;0;0;0;0;0;0;0;0;0
FR;6;2022-02-23;0;0;0;0;0;0;0;0;0;0
FR;6;2022-02-24;0;0;0;0;0;0;0;0;0;0
FR;6;2022-02-25;0;0;0;0;0;0;0;0;0;0
FR;6;2022-02-26;0;0;0;0;0;0;0;0;0;0
FR;6;2022-02-27;0;0;0;0;0;0;0;0;0;0
FR;6;2022-02-28;0;0;0;0;0;0;0;0;0;0
FR;6;2022-03-01;0;0;0;0;0;0;0;0;0;0
FR;6;2022-03-02;96;9;2;0;7;96;9;2;0;7
FR;6;2022-03-03;0;0;0;0;0;96;9;2;0;7
FR;6;2022-03-04;91;4;0;0;4;187;13;2;0;11
FR;6;2022-03-05;391;23;2;0;14;578;36;4;0;25
FR;6;2022-03-06;7;1;0;0;0;585;37;4;0;25
FR;6;2022-03-07;337;19;0;0;13;922;56;4;0;38
FR;6;2022-03-08;230;14;0;0;5;1152;70;4;0;43
FR;6;2022-03-09;519;29;2;0;21;1671;99;6;0;64
FR;6;2022-03-10;206;18;0;1;12;1877;117;6;1;76
FR;6;2022-03-11;328;21;6;0;21;2205;138;12;1;97
FR;6;2022-03-12;518;25;1;0;20;2723;163;13;1;117
FR;6;2022-03-13;40;2;0;0;1;2763;165;13;1;118
FR;6;2022-03-14;201;4;2;0;3;2964;169;15;1;121
FR;6;2022-03-15;112;11;2;0;9;3076;180;17;1;130
FR;6;2022-03-16;310;16;1;1;14;3386;196;18;2;144
FR;6;2022-03-17;117;6;1;2;4;3503;202;19;4;148
FR;6;2022-03-18;213;11;0;0;6;3716;213;19;4;154
FR;6;2022-03-19;303;20;2;0;10;4019;233;21;4;164
FR;6;2022-03-20;15;5;0;0;1;4034;238;21;4;165
FR;6;2022-03-21;130;23;1;0;4;4164;261;22;4;169
FR;6;2022-03-22;97;8;0;0;2;4261;269;22;4;171
FR;6;2022-03-23;225;108;3;0;14;4486;377;25;4;185
FR;6;2022-03-24;99;14;1;3;4;4585;391;26;7;189
FR;6;2022-03-25;203;141;2;1;15;4788;532;28;8;204
FR;6;2022-03-26;331;296;7;1;19;5119;828;35;9;223
FR;6;2022-03-27;32;30;1;0;1;5151;858;36;9;224
FR;6;2022-03-28;200;207;8;1;17;5351;1065;44;10;241
FR;6;2022-03-29;126;188;12;2;12;5477;1253;56;12;253
FR;6;2022-03-30;302;475;9;2;21;5779;1728;65;14;274
FR;6;2022-03-31;122;139;9;0;12;5901;1867;74;14;286
FR;6;2022-04-01;193;150;10;2;23;6094;2017;84;16;309
FR;6;2022-04-02;205;240;9;1;13;6299;2257;93;17;322
FR;6;2022-04-03;17;21;0;0;1;6316;2278;93;17;323
FR;6;2022-04-04;126;112;4;1;8;6442;2390;97;18;331
FR;0;2020-12-27;595;0;0;0;0;595;0;0;0;0
FR;0;2020-12-28;650;0;0;0;0;1245;0;0;0;0
FR;0;2020-12-29;369;0;0;0;0;1614;0;0;0;0
FR;0;2020-12-30;433;0;0;0;0;2047;0;0;0;0
FR;0;2020-12-31;370;0;0;0;0;2417;0;0;0;0
FR;0;2021-01-01;1108;0;0;0;0;3525;0;0;0;0
FR;0;2021-01-02;348;1;0;0;0;3873;1;0;0;0
FR;0;2021-01-03;397;0;0;0;0;4270;1;0;0;0
FR;0;2021-01-04;2074;0;0;0;0;6344;1;0;0;0
FR;0;2021-01-05;6912;2;0;0;0;13256;3;0;0;0
FR;0;2021-01-06;12298;6;0;0;0;25554;9;0;0;0
FR;0;2021-01-07;29434;6;0;0;0;54988;15;0;0;0
FR;0;2021-01-08;37106;3;0;0;0;92094;18;0;0;0
FR;0;2021-01-09;11206;2;0;0;0;103300;20;0;0;0
FR;0;2021-01-10;5988;0;0;0;0;109288;20;0;0;0
FR;0;2021-01-11;39914;8;0;0;0;149202;28;0;0;0
FR;0;2021-01-12;62102;7;0;0;0;211304;35;0;0;0
FR;0;2021-01-13;65048;16;0;0;0;276352;51;0;0;0
FR;0;2021-01-14;83125;27;0;0;0;359477;78;0;0;0
FR;0;2021-01-15;68968;10;0;0;0;428445;88;0;0;0
FR;0;2021-01-16;20203;75;0;0;0;448648;163;0;0;0
FR;0;2021-01-17;10975;45;0;0;0;459623;208;0;0;0
FR;0;2021-01-18;85809;168;0;0;0;545432;376;0;0;0
FR;0;2021-01-19;130556;145;0;0;0;675988;521;0;0;0
FR;0;2021-01-20;137490;170;0;0;0;813478;691;0;0;0
FR;0;2021-01-21;158347;148;0;0;0;971825;839;0;0;0
FR;0;2021-01-22;121019;176;0;0;0;1092844;1015;0;0;0
FR;0;2021-01-23;38455;57;0;0;0;1131299;1072;0;0;0
FR;0;2021-01-24;9737;52;0;0;0;1141036;1124;0;0;0
FR;0;2021-01-25;78204;1233;0;0;0;1219240;2357;0;0;0
FR;0;2021-01-26;100334;3163;1;0;0;1319574;5520;1;0;0
FR;0;2021-01-27;107208;5721;0;0;0;1426782;11241;1;0;0
FR;0;2021-01-28;124309;14462;0;0;0;1551091;25703;1;0;0
FR;0;2021-01-29;92147;17410;0;0;0;1643238;43113;1;0;0
FR;0;2021-01-30;29100;4224;0;0;0;1672338;47337;1;0;0
FR;0;2021-01-31;5220;1716;0;0;0;1677558;49053;1;0;0
FR;0;2021-02-01;53086;21112;0;0;0;1730644;70165;1;0;0
FR;0;2021-02-02;72263;34788;0;0;0;1802907;104953;1;0;0
FR;0;2021-02-03;72257;37099;0;0;0;1875164;142052;1;0;0
FR;0;2021-02-04;82015;50240;0;0;0;1957179;192292;1;0;0
FR;0;2021-02-05;68204;45475;0;0;0;2025383;237767;1;0;0
FR;0;2021-02-06;23134;10556;0;0;0;2048517;248323;1;0;0
FR;0;2021-02-07;5173;5052;0;0;0;2053690;253375;1;0;0
FR;0;2021-02-08;46804;46183;0;0;0;2100494;299558;1;0;0
FR;0;2021-02-09;65977;72653;0;0;0;2166471;372211;1;0;0
FR;0;2021-02-10;70958;76974;0;0;0;2237429;449185;1;0;0
FR;0;2021-02-11;87212;99175;0;0;0;2324641;548360;1;0;0
FR;0;2021-02-12;79267;74354;0;0;0;2403908;622714;1;0;0
FR;0;2021-02-13;22340;19576;0;0;0;2426248;642290;1;0;0
FR;0;2021-02-14;5061;7238;0;0;0;2431309;649528;1;0;0
FR;0;2021-02-15;38051;76677;0;0;0;2469360;726205;1;0;0
FR;0;2021-02-16;50349;100646;0;0;0;2519709;826851;1;0;0
FR;0;2021-02-17;50475;103279;1;0;0;2570184;930130;2;0;0
FR;0;2021-02-18;69724;118739;0;0;0;2639908;1048869;2;0;0
FR;0;2021-02-19;65029;90807;1;0;0;2704937;1139676;3;0;0
FR;0;2021-02-20;18567;28487;0;0;0;2723504;1168163;3;0;0
FR;0;2021-02-21;3305;6394;0;0;0;2726809;1174557;3;0;0
FR;0;2021-02-22;37466;73221;2;0;0;2764275;1247778;5;0;0
FR;0;2021-02-23;53751;84195;1;0;0;2818026;1331973;6;0;0
FR;0;2021-02-24;59957;81185;1;0;0;2877983;1413158;7;0;0
FR;0;2021-02-25;100530;91269;1;0;0;2978513;1504427;8;0;0
FR;0;2021-02-26;113407;70954;0;0;0;3091920;1575381;8;0;0
FR;0;2021-02-27;52087;22026;0;0;0;3144007;1597407;8;0;0
FR;0;2021-02-28;6190;4424;1;0;0;3150197;1601831;9;0;0
FR;0;2021-03-01;65796;52933;1;0;0;3215993;1654764;10;0;0
FR;0;2021-03-02;101315;66291;2;0;0;3317308;1721055;12;0;0
FR;0;2021-03-03;116423;65433;0;0;0;3433731;1786488;12;0;0
FR;0;2021-03-04;163555;69145;3;0;0;3597286;1855633;15;0;0
FR;0;2021-03-05;200861;63192;3;0;0;3798147;1918825;18;0;0
FR;0;2021-03-06;207910;17792;3;0;0;4006057;1936617;21;0;0
FR;0;2021-03-07;121240;5366;1;0;0;4127297;1941983;22;0;0
FR;0;2021-03-08;107098;50711;2;0;0;4234395;1992694;24;0;0
FR;0;2021-03-09;172382;56670;2;0;0;4406777;2049364;26;0;0
FR;0;2021-03-10;178890;57154;5;0;0;4585667;2106518;31;0;0
FR;0;2021-03-11;242772;63111;2;0;0;4828439;2169629;33;0;0
FR;0;2021-03-12;294747;53397;0;0;0;5123186;2223026;33;0;0
FR;0;2021-03-13;231352;15300;1;0;0;5354538;2238326;34;0;0
FR;0;2021-03-14;63327;3415;1;0;0;5417865;2241741;35;0;0
FR;0;2021-03-15;158575;32578;3;0;0;5576440;2274319;38;0;0
FR;0;2021-03-16;141516;39491;5;0;0;5717956;2313810;43;0;0
FR;0;2021-03-17;150400;38641;4;0;0;5868356;2352451;47;0;0
FR;0;2021-03-18;167748;44596;5;0;0;6036104;2397047;52;0;0
FR;0;2021-03-19;229932;37363;2;0;0;6266036;2434410;54;0;0
FR;0;2021-03-20;166627;11712;1;0;0;6432663;2446122;55;0;0
FR;0;2021-03-21;49903;2597;1;0;0;6482566;2448719;56;0;0
FR;0;2021-03-22;169942;34204;2;0;0;6652508;2482923;58;0;0
FR;0;2021-03-23;250287;42442;1;0;0;6902795;2525365;59;0;0
FR;0;2021-03-24;256819;43819;0;0;0;7159614;2569184;59;0;0
FR;0;2021-03-25;341724;44723;5;0;0;7501338;2613907;64;0;0
FR;0;2021-03-26;358728;41840;4;0;0;7860066;2655747;68;0;0
FR;0;2021-03-27;195221;16663;1;0;0;8055287;2672410;69;0;0
FR;0;2021-03-28;59310;3865;3;0;0;8114597;2676275;72;0;0
FR;0;2021-03-29;202909;54188;4;0;0;8317506;2730463;76;0;0
FR;0;2021-03-30;285362;69596;4;0;0;8602868;2800059;80;0;0
FR;0;2021-03-31;262928;72940;4;0;0;8865796;2872999;84;0;0
FR;0;2021-04-01;315313;88117;12;0;0;9181109;2961116;96;0;0
FR;0;2021-04-02;281247;92200;7;0;0;9462356;3053316;103;0;0
FR;0;2021-04-03;141030;61817;5;0;0;9603386;3115133;108;0;0
FR;0;2021-04-04;46308;18682;2;0;0;9649694;3133815;110;0;0
FR;0;2021-04-05;63272;10954;11;0;0;9712966;3144769;121;0;0
FR;0;2021-04-06;217083;108119;16;0;0;9930049;3252888;137;0;0
FR;0;2021-04-07;260148;115291;17;0;0;10190197;3368179;154;0;0
FR;0;2021-04-08;337668;121331;14;0;0;10527865;3489510;168;0;0
FR;0;2021-04-09;410047;116364;49;0;0;10937912;3605874;217;0;0
FR;0;2021-04-10;212560;82648;15;0;0;11150472;3688522;232;0;0
FR;0;2021-04-11;56049;34530;7;0;0;11206521;3723052;239;0;0
FR;0;2021-04-12;236902;115100;45;0;0;11443423;3838152;284;0;0
FR;0;2021-04-13;309361;144703;97;1;0;11752784;3982855;381;1;0
FR;0;2021-04-14;294378;139228;211;0;0;12047162;4122083;592;1;0
FR;0;2021-04-15;336961;147813;337;0;0;12384123;4269896;929;1;0
FR;0;2021-04-16;339184;145607;352;0;0;12723307;4415503;1281;1;0
FR;0;2021-04-17;188611;90143;108;0;0;12911918;4505646;1389;1;0
FR;0;2021-04-18;51563;35417;45;0;0;12963481;4541063;1434;1;0
FR;0;2021-04-19;205594;138221;453;0;0;13169075;4679284;1887;1;0
FR;0;2021-04-20;254290;170535;568;0;0;13423365;4849819;2455;1;0
FR;0;2021-04-21;253109;168752;830;0;0;13676474;5018571;3285;1;0
FR;0;2021-04-22;287361;188210;818;0;0;13963835;5206781;4103;1;0
FR;0;2021-04-23;297966;183122;743;0;0;14261801;5389903;4846;1;0
FR;0;2021-04-24;190404;111484;247;0;0;14452205;5501387;5093;1;0
FR;0;2021-04-25;69461;38835;51;0;0;14521666;5540222;5144;1;0
FR;0;2021-04-26;220848;155974;559;0;0;14742514;5696196;5703;1;0
FR;0;2021-04-27;284500;187290;939;0;0;15027014;5883486;6642;1;0
FR;0;2021-04-28;299390;183062;1420;1;1;15326404;6066548;8062;2;1
FR;0;2021-04-29;357013;196046;1275;0;0;15683417;6262594;9337;2;1
FR;0;2021-04-30;372107;184618;1119;1;0;16055524;6447212;10456;3;1
FR;0;2021-05-01;167540;52519;178;0;0;16223064;6499731;10634;3;1
FR;0;2021-05-02;91632;37786;82;0;0;16314696;6537517;10716;3;1
FR;0;2021-05-03;288760;169310;837;0;0;16603456;6706827;11553;3;1
FR;0;2021-05-04;315508;224212;1230;0;0;16918964;6931039;12783;3;1
FR;0;2021-05-05;327004;224396;1310;0;0;17245968;7155435;14093;3;1
FR;0;2021-05-06;379343;239018;1625;0;0;17625311;7394453;15718;3;1
FR;0;2021-05-07;372617;257092;1222;0;0;17997928;7651545;16940;3;1
FR;0;2021-05-08;222102;66883;297;0;0;18220030;7718428;17237;3;1
FR;0;2021-05-09;129646;46635;243;0;0;18349676;7765063;17480;3;1
FR;0;2021-05-10;313148;228710;1227;0;0;18662824;7993773;18707;3;1
FR;0;2021-05-11;403745;257857;1562;0;0;19066569;8251630;20269;3;1
FR;0;2021-05-12;433942;233012;1540;0;0;19500511;8484642;21809;3;1
FR;0;2021-05-13;338485;56972;429;0;0;19838996;8541614;22238;3;1
FR;0;2021-05-14;453995;167237;1117;0;0;20292991;8708851;23355;3;1
FR;0;2021-05-15;374782;93950;442;0;0;20667773;8802801;23797;3;1
FR;0;2021-05-16;202676;20774;168;0;0;20870449;8823575;23965;3;1
FR;0;2021-05-17;375966;148949;1547;0;0;21246415;8972524;25512;3;1
FR;0;2021-05-18;459794;152981;1985;0;0;21706209;9125505;27497;3;1
FR;0;2021-05-19;467251;145047;2448;0;0;22173460;9270552;29945;3;1
FR;0;2021-05-20;507331;160167;2327;0;0;22680791;9430719;32272;3;1
FR;0;2021-05-21;489508;174380;1984;0;0;23170299;9605099;34256;3;1
FR;0;2021-05-22;347103;79785;667;0;0;23517402;9684884;34923;3;1
FR;0;2021-05-23;161617;14413;246;0;0;23679019;9699297;35169;3;1
FR;0;2021-05-24;263103;33209;597;0;0;23942122;9732506;35766;3;1
FR;0;2021-05-25;400027;189063;2343;1;0;24342149;9921569;38109;4;1
FR;0;2021-05-26;413314;188084;2213;0;0;24755463;10109653;40322;4;1
FR;0;2021-05-27;449653;218455;2152;0;0;25205116;10328108;42474;4;1
FR;0;2021-05-28;429406;259329;1887;0;0;25634522;10587437;44361;4;1
FR;0;2021-05-29;298916;149295;582;0;0;25933438;10736732;44943;4;1
FR;0;2021-05-30;107053;32578;162;0;0;26040491;10769310;45105;4;1
FR;0;2021-05-31;357868;203509;1465;1;1;26398359;10972819;46570;5;2
FR;0;2021-06-01;430469;251372;1952;1;1;26828828;11224191;48522;6;3
FR;0;2021-06-02;418840;230717;1973;0;0;27247668;11454908;50495;6;3
FR;0;2021-06-03;463987;258465;1815;0;0;27711655;11713373;52310;6;3
FR;0;2021-06-04;455389;304690;1725;1;1;28167044;12018063;54035;7;4
FR;0;2021-06-05;304694;188941;651;0;0;28471738;12207004;54686;7;4
FR;0;2021-06-06;133200;49125;226;0;0;28604938;12256129;54912;7;4
FR;0;2021-06-07;338526;262106;1514;0;0;28943464;12518235;56426;7;4
FR;0;2021-06-08;393473;290936;1791;0;0;29336937;12809171;58217;7;4
FR;0;2021-06-09;384536;275616;1720;0;0;29721473;13084787;59937;7;4
FR;0;2021-06-10;403840;289104;1717;1;0;30125313;13373891;61654;8;4
FR;0;2021-06-11;386367;357280;1455;0;0;30511680;13731171;63109;8;4
FR;0;2021-06-12;283151;211266;489;0;0;30794831;13942437;63598;8;4
FR;0;2021-06-13;104808;74005;204;0;0;30899639;14016442;63802;8;4
FR;0;2021-06-14;240613;355803;1422;1;0;31140252;14372245;65224;9;4
FR;0;2021-06-15;307867;385744;1560;1;0;31448119;14757989;66784;10;4
FR;0;2021-06-16;313753;357771;1413;1;0;31761872;15115760;68197;11;4
FR;0;2021-06-17;317468;372185;1419;1;0;32079340;15487945;69616;12;4
FR;0;2021-06-18;321496;442340;1329;1;0;32400836;15930285;70945;13;4
FR;0;2021-06-19;224288;273737;445;0;0;32625124;16204022;71390;13;4
FR;0;2021-06-20;74345;102578;127;0;0;32699469;16306600;71517;13;4
FR;0;2021-06-21;195524;401949;1028;1;1;32894993;16708549;72545;14;5
FR;0;2021-06-22;222957;467329;1257;10;2;33117950;17175878;73802;24;7
FR;0;2021-06-23;233803;439830;1193;1;1;33351753;17615708;74995;25;8
FR;0;2021-06-24;241666;409443;1343;0;0;33593419;18025151;76338;25;8
FR;0;2021-06-25;227396;522096;1398;0;0;33820815;18547247;77736;25;8
FR;0;2021-06-26;153139;370670;584;1;0;33973954;18917917;78320;26;8
FR;0;2021-06-27;55846;156286;166;1;0;34029800;19074203;78486;27;8
FR;0;2021-06-28;154561;453035;1163;0;0;34184361;19527238;79649;27;8
FR;0;2021-06-29;182496;506548;2121;0;0;34366857;20033786;81770;27;8
FR;0;2021-06-30;203763;481488;2007;21;2;34570620;20515274;83777;48;10
FR;0;2021-07-01;230885;457730;2221;5;1;34801505;20973004;85998;53;11
FR;0;2021-07-02;227842;520199;2118;5;3;35029347;21493203;88116;58;14
FR;0;2021-07-03;141865;368727;909;3;1;35171212;21861930;89025;61;15
FR;0;2021-07-04;56676;141276;265;0;0;35227888;22003206;89290;61;15
FR;0;2021-07-05;168055;419375;1666;8;2;35395943;22422581;90956;69;17
FR;0;2021-07-06;196418;474819;1823;44;8;35592361;22897400;92779;113;25
FR;0;2021-07-07;212731;439315;1873;24;5;35805092;23336715;94652;137;30
FR;0;2021-07-08;231287;424145;2088;20;8;36036379;23760860;96740;157;38
FR;0;2021-07-09;228237;510285;2182;4;2;36264616;24271145;98922;161;40
FR;0;2021-07-10;148479;339833;982;1;1;36413095;24610978;99904;162;41
FR;0;2021-07-11;60111;110138;281;0;0;36473206;24721116;100185;162;41
FR;0;2021-07-12;168893;478187;1750;4;0;36642099;25199303;101935;166;41
FR;0;2021-07-13;286986;527477;2043;8;2;36929085;25726780;103978;174;43
FR;0;2021-07-14;180779;157802;432;0;0;37109864;25884582;104410;174;43
FR;0;2021-07-15;346725;502535;2097;1;0;37456589;26387117;106507;175;43
FR;0;2021-07-16;379762;496034;2020;3;1;37836351;26883151;108527;178;44
FR;0;2021-07-17;259602;319829;876;1;0;38095953;27202980;109403;179;44
FR;0;2021-07-18;109647;114833;310;0;0;38205600;27317813;109713;179;44
FR;0;2021-07-19;285240;425318;1626;3;0;38490840;27743131;111339;182;44
FR;0;2021-07-20;376653;452662;1720;0;0;38867493;28195793;113059;182;44
FR;0;2021-07-21;395534;408125;1549;4;2;39263027;28603918;114608;186;46
FR;0;2021-07-22;440696;388425;1712;4;2;39703723;28992343;116320;190;48
FR;0;2021-07-23;438515;423376;1876;4;2;40142238;29415719;118196;194;50
FR;0;2021-07-24;285141;269690;802;1;0;40427379;29685409;118998;195;50
FR;0;2021-07-25;121018;80082;225;0;0;40548397;29765491;119223;195;50
FR;0;2021-07-26;347191;323489;1614;3;2;40895588;30088980;120837;198;52
FR;0;2021-07-27;463802;320526;1696;4;2;41359390;30409506;122533;202;54
FR;0;2021-07-28;459223;290202;1635;4;2;41818613;30699708;124168;206;56
FR;0;2021-07-29;489572;277094;1793;2;1;42308185;30976802;125961;208;57
FR;0;2021-07-30;461498;303039;1935;5;2;42769683;31279841;127896;213;59
FR;0;2021-07-31;285291;185056;913;1;0;43054974;31464897;128809;214;59
FR;0;2021-08-01;111895;50009;252;0;0;43166869;31514906;129061;214;59
FR;0;2021-08-02;341017;234710;1596;2;0;43507886;31749616;130657;216;59
FR;0;2021-08-03;398238;245246;1715;2;1;43906124;31994862;132372;218;60
FR;0;2021-08-04;384428;210235;1589;5;3;44290552;32205097;133961;223;63
FR;0;2021-08-05;365815;228961;1705;0;0;44656367;32434058;135666;223;63
FR;0;2021-08-06;359378;271869;1833;4;1;45015745;32705927;137499;227;64
FR;0;2021-08-07;212963;178374;755;4;3;45228708;32884301;138254;231;67
FR;0;2021-08-08;74094;63260;269;0;0;45302802;32947561;138523;231;67
FR;0;2021-08-09;258477;259781;1538;4;3;45561279;33207342;140061;235;70
FR;0;2021-08-10;306464;278413;1652;2;1;45867743;33485755;141713;237;71
FR;0;2021-08-11;279399;260484;1435;5;1;46147142;33746239;143148;242;72
FR;0;2021-08-12;271193;278705;1657;3;1;46418335;34024944;144805;245;73
FR;0;2021-08-13;251935;277841;1585;3;2;46670270;34302785;146390;248;75
FR;0;2021-08-14;145237;197374;739;0;0;46815507;34500159;147129;248;75
FR;0;2021-08-15;39247;50109;212;1;0;46854754;34550268;147341;249;75
FR;0;2021-08-16;185858;318271;1538;0;0;47040612;34868539;148879;249;75
FR;0;2021-08-17;215483;336784;1632;6;1;47256095;35205323;150511;255;76
FR;0;2021-08-18;198786;324998;1584;7;4;47454881;35530321;152095;262;80
FR;0;2021-08-19;191775;325655;1629;1;0;47646656;35855976;153724;263;80
FR;0;2021-08-20;186179;365727;1804;3;2;47832835;36221703;155528;266;82
FR;0;2021-08-21;104701;238161;700;0;0;47937536;36459864;156228;266;82
FR;0;2021-08-22;31863;87208;251;1;1;47969399;36547072;156479;267;83
FR;0;2021-08-23;140825;357345;1555;3;2;48110224;36904417;158034;270;85
FR;0;2021-08-24;162332;376952;1837;5;1;48272556;37281369;159871;275;86
FR;0;2021-08-25;150960;350906;2025;8;3;48423516;37632275;161896;283;89
FR;0;2021-08-26;142666;342838;2551;10;1;48566182;37975113;164447;293;90
FR;0;2021-08-27;148227;387730;2787;11;4;48714409;38362843;167234;304;94
FR;0;2021-08-28;90541;249510;1405;0;0;48804950;38612353;168639;304;94
FR;0;2021-08-29;27287;83301;511;1;0;48832237;38695654;169150;305;94
FR;0;2021-08-30;117275;324921;4706;6;6076;48949512;39020575;173856;311;6170
FR;0;2021-08-31;128626;334735;10154;18;11905;49078138;39355310;184010;329;18075
FR;0;2021-09-01;135069;285610;22395;7;24217;49213207;39640920;206405;336;42292
FR;0;2021-09-02;112160;247311;26485;13;28800;49325367;39888231;232890;349;71092
FR;0;2021-09-03;117929;292768;29939;24;32911;49443296;40180999;262829;373;104003
FR;0;2021-09-04;89694;217694;12580;12;14021;49532990;40398693;275409;385;118024
FR;0;2021-09-05;21317;44884;4385;2;4726;49554307;40443577;279794;387;122750
FR;0;2021-09-06;75117;180888;31933;16;34146;49629424;40624465;311727;403;156896
FR;0;2021-09-07;79416;181289;33226;40;36031;49708840;40805754;344953;443;192927
FR;0;2021-09-08;88721;206131;29638;27;32317;49797561;41011885;374591;470;225244
FR;0;2021-09-09;75765;165303;33017;26;36383;49873326;41177188;407608;496;261627
FR;0;2021-09-10;95040;203594;35695;25;40371;49968366;41380782;443303;521;301998
FR;0;2021-09-11;66288;169169;12121;18;14198;50034654;41549951;455424;539;316196
FR;0;2021-09-12;12729;32097;2762;2;3148;50047383;41582048;458186;541;319344
FR;0;2021-09-13;64293;126414;41179;32;43805;50111676;41708462;499365;573;363149
FR;0;2021-09-14;73203;129182;56303;78;61706;50184879;41837644;555668;651;424855
FR;0;2021-09-15;76249;167805;55589;59;54691;50261128;42005449;611257;710;479546
FR;0;2021-09-16;63626;114517;59990;86;59922;50324754;42119966;671247;796;539468
FR;0;2021-09-17;74855;156815;53782;70;57150;50399609;42276781;725029;866;596618
FR;0;2021-09-18;48133;139557;15588;25;17271;50447742;42416338;740617;891;613889
FR;0;2021-09-19;7839;23724;2427;1;2618;50455581;42440062;743044;892;616507
FR;0;2021-09-20;44368;93914;49981;73;50160;50499949;42533976;793025;965;666667
FR;0;2021-09-21;45733;98456;62668;76;63233;50545682;42632432;855693;1041;729900
FR;0;2021-09-22;48496;142183;55280;84;55231;50594178;42774615;910973;1125;785131
FR;0;2021-09-23;43065;91848;62305;95;63298;50637243;42866463;973278;1220;848429
FR;0;2021-09-24;52093;132986;54487;110;59011;50689336;42999449;1027765;1330;907440
FR;0;2021-09-25;35132;115400;16256;37;18229;50724468;43114849;1044021;1367;925669
FR;0;2021-09-26;5511;17838;2261;4;2343;50729979;43132687;1046282;1371;928012
FR;0;2021-09-27;33882;76985;47148;96;48085;50763861;43209672;1093430;1467;976097
FR;0;2021-09-28;36404;75243;54875;88;56345;50800265;43284915;1148305;1555;1032442
FR;0;2021-09-29;44272;100790;53284;111;54734;50844537;43385705;1201589;1666;1087176
FR;0;2021-09-30;36143;72373;56947;96;59364;50880680;43458078;1258536;1762;1146540
FR;0;2021-10-01;61044;100528;57747;108;63629;50941724;43558606;1316283;1870;1210169
FR;0;2021-10-02;39282;78236;20937;38;23286;50981006;43636842;1337220;1908;1233455
FR;0;2021-10-03;5236;10586;2517;4;2557;50986242;43647428;1339737;1912;1236012
FR;0;2021-10-04;34714;58485;52580;83;54748;51020956;43705913;1392317;1995;1290760
FR;0;2021-10-05;33159;64288;60927;135;64834;51054115;43770201;1453244;2130;1355594
FR;0;2021-10-06;42147;79095;65635;113;68124;51096262;43849296;1518879;2243;1423718
FR;0;2021-10-07;30246;62022;65339;90;68607;51126508;43911318;1584218;2333;1492325
FR;0;2021-10-08;48403;91700;77679;110;84528;51174911;44003018;1661897;2443;1576853
FR;0;2021-10-09;33501;60817;31502;35;33835;51208412;44063835;1693399;2478;1610688
FR;0;2021-10-10;4548;7369;3180;9;3474;51212960;44071204;1696579;2487;1614162
FR;0;2021-10-11;30399;49907;60998;105;63991;51243359;44121111;1757577;2592;1678153
FR;0;2021-10-12;31153;54418;70534;139;75748;51274512;44175529;1828111;2731;1753901
FR;0;2021-10-13;39839;62686;74379;135;79199;51314351;44238215;1902490;2866;1833100
FR;0;2021-10-14;30147;52741;68696;116;73672;51344498;44290956;1971186;2982;1906772
FR;0;2021-10-15;44596;75083;93186;191;102859;51389094;44366039;2064372;3173;2009631
FR;0;2021-10-16;31181;44053;36668;45;39587;51420275;44410092;2101040;3218;2049218
FR;0;2021-10-17;3807;5256;3586;2;3689;51424082;44415348;2104626;3220;2052907
FR;0;2021-10-18;27236;42057;67446;133;71308;51451318;44457405;2172072;3353;2124215
FR;0;2021-10-19;26860;43086;76356;141;81578;51478178;44500491;2248428;3494;2205793
FR;0;2021-10-20;35102;52271;96870;179;101376;51513280;44552762;2345298;3673;2307169
FR;0;2021-10-21;25756;45143;83882;112;89061;51539036;44597905;2429180;3785;2396230
FR;0;2021-10-22;38135;62119;104826;199;112409;51577171;44660024;2534006;3984;2508639
FR;0;2021-10-23;26889;41144;45418;57;48580;51604060;44701168;2579424;4041;2557219
FR;0;2021-10-24;2902;4782;3676;6;3939;51606962;44705950;2583100;4047;2561158
FR;0;2021-10-25;25929;36271;82272;144;86565;51632891;44742221;2665372;4191;2647723
FR;0;2021-10-26;23625;34957;87173;166;92244;51656516;44777178;2752545;4357;2739967
FR;0;2021-10-27;29948;46393;108931;257;114571;51686464;44823571;2861476;4614;2854538
FR;0;2021-10-28;23271;34779;88629;153;94310;51709735;44858350;2950105;4767;2948848
FR;0;2021-10-29;31444;51007;117254;205;125174;51741179;44909357;3067359;4972;3074022
FR;0;2021-10-30;20384;33058;50303;77;53338;51761563;44942415;3117662;5049;3127360
FR;0;2021-10-31;2468;3790;3581;3;3870;51764031;44946205;3121243;5052;3131230
FR;0;2021-11-01;7933;4732;3189;3;3543;51771964;44950937;3124432;5055;3134773
FR;0;2021-11-02;24977;39992;93500;157;99406;51796941;44990929;3217932;5212;3234179
FR;0;2021-11-03;29506;47717;118802;218;125708;51826447;45038646;3336734;5430;3359887
FR;0;2021-11-04;23540;37435;107454;216;114270;51849987;45076081;3444188;5646;3474157
FR;0;2021-11-05;32126;52708;141545;233;151175;51882113;45128789;3585733;5879;3625332
FR;0;2021-11-06;21374;34489;64819;123;68179;51903487;45163278;3650552;6002;3693511
FR;0;2021-11-07;2360;4267;5162;6;5588;51905847;45167545;3655714;6008;3699099
FR;0;2021-11-08;20138;37798;127087;227;134099;51925985;45205343;3782801;6235;3833198
FR;0;2021-11-09;21984;44776;161575;342;172031;51947969;45250119;3944376;6577;4005229
FR;0;2021-11-10;31160;54739;186887;446;198560;51979129;45304858;4131263;7023;4203789
FR;0;2021-11-11;3931;6402;12898;28;13883;51983060;45311260;4144161;7051;4217672
FR;0;2021-11-12;28902;55127;183676;249;197197;52011962;45366387;4327837;7300;4414869
FR;0;2021-11-13;20209;32670;80654;118;86260;52032171;45399057;4408491;7418;4501129
FR;0;2021-11-14;2301;3996;7156;6;7883;52034472;45403053;4415647;7424;4509012
FR;0;2021-11-15;20160;38790;160715;312;171376;52054632;45441843;4576362;7736;4680388
FR;0;2021-11-16;23154;43944;200255;391;214758;52077786;45485787;4776617;8127;4895146
FR;0;2021-11-17;30200;50423;199740;407;212729;52107986;45536210;4976357;8534;5107875
FR;0;2021-11-18;23208;43886;191534;468;205324;52131194;45580096;5167891;9002;5313199
FR;0;2021-11-19;33486;61345;243071;548;261970;52164680;45641441;5410962;9550;5575169
FR;0;2021-11-20;25241;36683;102091;205;109625;52189921;45678124;5513053;9755;5684794
FR;0;2021-11-21;2613;4600;9631;18;10655;52192534;45682724;5522684;9773;5695449
FR;0;2021-11-22;22671;33243;180245;470;194691;52215205;45715967;5702929;10243;5890140
FR;0;2021-11-23;25419;45558;229237;547;247579;52240624;45761525;5932166;10790;6137719
FR;0;2021-11-24;31678;53721;224702;717;243059;52272302;45815246;6156868;11507;6380778
FR;0;2021-11-25;25294;48955;255768;740;277518;52297596;45864201;6412636;12247;6658296
FR;0;2021-11-26;33075;74652;379314;865;414465;52330671;45938853;6791950;13112;7072761
FR;0;2021-11-27;23179;49504;214813;390;236521;52353850;45988357;7006763;13502;7309282
FR;0;2021-11-28;3471;10602;56715;66;63342;52357321;45998959;7063478;13568;7372624
FR;0;2021-11-29;19302;54178;341330;864;371467;52376623;46053137;7404808;14432;7744091
FR;0;2021-11-30;24426;71975;457230;984;500568;52401049;46125112;7862038;15416;8244659
FR;0;2021-12-01;26086;75784;468912;1158;511076;52427135;46200896;8330950;16574;8755735
FR;0;2021-12-02;21798;71604;526935;1276;574613;52448933;46272500;8857885;17850;9330348
FR;0;2021-12-03;25339;92386;596186;1415;650857;52474272;46364886;9454071;19265;9981205
FR;0;2021-12-04;18251;60448;336126;690;369621;52492523;46425334;9790197;19955;10350826
FR;0;2021-12-05;4136;16289;95735;156;107062;52496659;46441623;9885932;20111;10457888
FR;0;2021-12-06;19286;73142;492968;1171;539759;52515945;46514765;10378900;21282;10997647
FR;0;2021-12-07;23213;91681;645171;1769;706007;52539158;46606446;11024071;23051;11703654
FR;0;2021-12-08;25223;92066;591383;1871;647262;52564381;46698512;11615454;24922;12350916
FR;0;2021-12-09;23896;94149;662859;2180;726062;52588277;46792661;12278313;27102;13076978
FR;0;2021-12-10;27083;111001;735828;2072;805865;52615360;46903662;13014141;29174;13882843
FR;0;2021-12-11;20197;75953;435084;984;480272;52635557;46979615;13449225;30158;14363115
FR;0;2021-12-12;5607;23231;142234;262;159211;52641164;47002846;13591459;30420;14522326
FR;0;2021-12-13;20984;91172;587437;1699;649104;52662148;47094018;14178896;32119;15171430
FR;0;2021-12-14;27051;118482;765294;2648;847271;52689199;47212500;14944190;34767;16018701
FR;0;2021-12-15;28043;114224;694095;2262;768787;52717242;47326724;15638285;37029;16787488
FR;0;2021-12-16;27821;115961;763780;2556;844205;52745063;47442685;16402065;39585;17631693
FR;0;2021-12-17;31417;128682;807645;2710;891856;52776480;47571367;17209710;42295;18523549
FR;0;2021-12-18;24896;81665;469870;1178;522126;52801376;47653032;17679580;43473;19045675
FR;0;2021-12-19;8739;28910;169333;378;191180;52810115;47681942;17848913;43851;19236855
FR;0;2021-12-20;31536;97426;591254;1788;658542;52841651;47779368;18440167;45639;19895397
FR;0;2021-12-21;39154;112193;682219;2392;759369;52880805;47891561;19122386;48031;20654766
FR;0;2021-12-22;39409;99444;575571;2166;641972;52920214;47991005;19697957;50197;21296738
FR;0;2021-12-23;33660;79648;440821;1649;494269;52953874;48070653;20138778;51846;21791007
FR;0;2021-12-24;10613;26043;110954;396;126639;52964487;48096696;20249732;52242;21917646
FR;0;2021-12-25;762;3494;7569;25;9042;52965249;48100190;20257301;52267;21926688
FR;0;2021-12-26;4695;11903;52062;139;60132;52969944;48112093;20309363;52406;21986820
FR;0;2021-12-27;30242;83766;453393;1365;509015;53000186;48195859;20762756;53771;22495835
FR;0;2021-12-28;38251;98865;564018;1766;632092;53038437;48294724;21326774;55537;23127927
FR;0;2021-12-29;39798;88348;501057;1686;560886;53078235;48383072;21827831;57223;23688813
FR;0;2021-12-30;35830;74828;420906;1519;471051;53114065;48457900;22248737;58742;24159864
FR;0;2021-12-31;11830;25120;116805;406;131590;53125895;48483020;22365542;59148;24291454
FR;0;2022-01-01;1188;3196;8492;36;9918;53127083;48486216;22374034;59184;24301372
FR;0;2022-01-02;6063;13006;58375;124;66928;53133146;48499222;22432409;59308;24368300
FR;0;2022-01-03;31595;88127;494596;1591;551259;53164741;48587349;22927005;60899;24919559
FR;0;2022-01-04;40523;110539;641210;2302;714111;53205264;48697888;23568215;63201;25633670
FR;0;2022-01-05;59570;102941;568959;1982;633938;53264834;48800829;24137174;65183;26267608
FR;0;2022-01-06;43791;109965;638790;2688;711215;53308625;48910794;24775964;67871;26978823
FR;0;2022-01-07;50408;122728;710807;2804;790187;53359033;49033522;25486771;70675;27769010
FR;0;2022-01-08;44897;80309;423743;1208;472809;53403930;49113831;25910514;71883;28241819
FR;0;2022-01-09;15590;26774;128528;300;145715;53419520;49140605;26039042;72183;28387534
FR;0;2022-01-10;34803;86282;469107;1808;521977;53454323;49226887;26508149;73991;28909511
FR;0;2022-01-11;41502;99719;548047;2306;608294;53495825;49326606;27056196;76297;29517805
FR;0;2022-01-12;59977;95164;452488;1964;504152;53555802;49421770;27508684;78261;30021957
FR;0;2022-01-13;37757;92041;487143;2080;540843;53593559;49513811;27995827;80341;30562800
FR;0;2022-01-14;42288;103178;568385;2283;628861;53635847;49616989;28564212;82624;31191661
FR;0;2022-01-15;39280;65787;340034;979;377501;53675127;49682776;28904246;83603;31569162
FR;0;2022-01-16;11379;19329;87356;215;99441;53686506;49702105;28991602;83818;31668603
FR;0;2022-01-17;24543;60003;320155;1380;354098;53711049;49762108;29311757;85198;32022701
FR;0;2022-01-18;28049;68296;360931;1797;397454;53739098;49830404;29672688;86995;32420155
FR;0;2022-01-19;42953;66919;281151;1448;310976;53782051;49897323;29953839;88443;32731131
FR;0;2022-01-20;23329;59277;298814;1737;328311;53805380;49956600;30252653;90180;33059442
FR;0;2022-01-21;27898;68722;366219;2078;401065;53833278;50025322;30618872;92258;33460507
FR;0;2022-01-22;27601;47747;218728;838;241711;53860879;50073069;30837600;93096;33702218
FR;0;2022-01-23;6694;13067;48633;171;55185;53867573;50086136;30886233;93267;33757403
FR;0;2022-01-24;16154;47075;217190;1133;239272;53883727;50133211;31103423;94400;33996675
FR;0;2022-01-25;18876;53994;242921;1547;266995;53902603;50187205;31346344;95947;34263670
FR;0;2022-01-26;28061;59389;209142;1292;229260;53930664;50246594;31555486;97239;34492930
FR;0;2022-01-27;16241;45530;207489;1266;225713;53946905;50292124;31762975;98505;34718643
FR;0;2022-01-28;21423;75751;289909;1573;321434;53968328;50367875;32052884;100078;35040077
FR;0;2022-01-29;18382;52857;184058;684;204554;53986710;50420732;32236942;100762;35244631
FR;0;2022-01-30;4462;14594;39112;121;45093;53991172;50435326;32276054;100883;35289724
FR;0;2022-01-31;11196;43817;148112;738;164771;54002368;50479143;32424166;101621;35454495
FR;0;2022-02-01;12594;47723;174001;1139;191261;54014962;50526866;32598167;102760;35645756
FR;0;2022-02-02;19666;65588;171386;1030;190040;54034628;50592454;32769553;103790;35835796
FR;0;2022-02-03;10863;43733;157421;984;173224;54045491;50636187;32926974;104774;36009020
FR;0;2022-02-04;14432;66221;239102;1260;264110;54059923;50702408;33166076;106034;36273130
FR;0;2022-02-05;12582;51467;153483;522;172315;54072505;50753875;33319559;106556;36445445
FR;0;2022-02-06;2701;12261;28858;99;33820;54075206;50766136;33348417;106655;36479265
FR;0;2022-02-07;9201;46538;156773;582;176278;54084407;50812674;33505190;107237;36655543
FR;0;2022-02-08;9506;42482;166516;866;184273;54093913;50855156;33671706;108103;36839816
FR;0;2022-02-09;14076;57487;172234;864;192883;54107989;50912643;33843940;108967;37032699
FR;0;2022-02-10;8196;37922;150070;876;166463;54116185;50950565;33994010;109843;37199162
FR;0;2022-02-11;10719;55267;218359;1095;242911;54126904;51005832;34212369;110938;37442073
FR;0;2022-02-12;8314;40830;134662;461;151669;54135218;51046662;34347031;111399;37593742
FR;0;2022-02-13;1880;8561;26528;81;30882;54137098;51055223;34373559;111480;37624624
FR;0;2022-02-14;6853;35021;148249;476;166238;54143951;51090244;34521808;111956;37790862
FR;0;2022-02-15;6806;35273;146797;749;162316;54150757;51125517;34668605;112705;37953178
FR;0;2022-02-16;9249;42336;132381;715;146545;54160006;51167853;34800986;113420;38099723
FR;0;2022-02-17;5325;23427;87188;582;94683;54165331;51191280;34888174;114002;38194406
FR;0;2022-02-18;6834;33060;119530;800;129158;54172165;51224340;35007704;114802;38323564
FR;0;2022-02-19;5318;24409;69981;369;77276;54177483;51248749;35077685;115171;38400840
FR;0;2022-02-20;1130;4598;12135;38;13905;54178613;51253347;35089820;115209;38414745
FR;0;2022-02-21;3976;17712;61872;351;67084;54182589;51271059;35151692;115560;38481829
FR;0;2022-02-22;4319;18406;60739;571;64353;54186908;51289465;35212431;116131;38546182
FR;0;2022-02-23;6485;26968;66384;591;71762;54193393;51316433;35278815;116722;38617944
FR;0;2022-02-24;3708;14912;50323;514;53109;54197101;51331345;35329138;117236;38671053
FR;0;2022-02-25;5142;23352;76210;799;79909;54202243;51354697;35405348;118035;38750962
FR;0;2022-02-26;3950;17455;47363;354;51425;54206193;51372152;35452711;118389;38802387
FR;0;2022-02-27;862;2978;8010;47;8917;54207055;51375130;35460721;118436;38811304
FR;0;2022-02-28;3040;11999;40389;350;42810;54210095;51387129;35501110;118786;38854114
FR;0;2022-03-01;2964;11988;43879;430;44497;54213059;51399117;35544989;119216;38898611
FR;0;2022-03-02;4995;17317;46926;434;48823;54218054;51416434;35591915;119650;38947434
FR;0;2022-03-03;2583;8656;29579;337;29670;54220637;51425090;35621494;119987;38977104
FR;0;2022-03-04;3136;12062;40121;642;39240;54223773;51437152;35661615;120629;39016344
FR;0;2022-03-05;2872;9173;24876;305;25018;54226645;51446325;35686491;120934;39041362
FR;0;2022-03-06;492;1363;3174;42;3410;54227137;51447688;35689665;120976;39044772
FR;0;2022-03-07;1876;5400;18306;309;17566;54229013;51453088;35707971;121285;39062338
FR;0;2022-03-08;1906;5771;19267;351;17725;54230919;51458859;35727238;121636;39080063
FR;0;2022-03-09;3402;10097;21931;399;21017;54234321;51468956;35749169;122035;39101080
FR;0;2022-03-10;1644;4861;16450;326;15250;54235965;51473817;35765619;122361;39116330
FR;0;2022-03-11;2305;7195;24317;536;22062;54238270;51481012;35789936;122897;39138392
FR;0;2022-03-12;2619;6674;17071;302;16410;54240889;51487686;35807007;123199;39154802
FR;0;2022-03-13;376;762;2216;143;2165;54241265;51488448;35809223;123342;39156967
FR;0;2022-03-14;1420;4039;14722;4403;13583;54242685;51492487;35823945;127745;39170550
FR;0;2022-03-15;1540;4217;15788;7532;13880;54244225;51496704;35839733;135277;39184430
FR;0;2022-03-16;2880;6846;18466;13117;17144;54247105;51503550;35858199;148394;39201574
FR;0;2022-03-17;1332;3515;12439;10783;11262;54248437;51507065;35870638;159177;39212836
FR;0;2022-03-18;2136;5379;19578;18217;17639;54250573;51512444;35890216;177394;39230475
FR;0;2022-03-19;2240;4619;13014;9381;12310;54252813;51517063;35903230;186775;39242785
FR;0;2022-03-20;279;673;1787;1056;1786;54253092;51517736;35905017;187831;39244571
FR;0;2022-03-21;1303;2990;11689;14838;10904;54254395;51520726;35916706;202669;39255475
FR;0;2022-03-22;1400;3427;13100;20465;11850;54255795;51524153;35929806;223134;39267325
FR;0;2022-03-23;2552;5643;15037;23035;14396;54258347;51529796;35944843;246169;39281721
FR;0;2022-03-24;1275;2764;10784;17439;9857;54259622;51532560;35955627;263608;39291578
FR;0;2022-03-25;1973;4636;17848;27630;16196;54261595;51537196;35973475;291238;39307774
FR;0;2022-03-26;2183;4141;11772;12606;11194;54263778;51541337;35985247;303844;39318968
FR;0;2022-03-27;345;672;1842;1448;1876;54264123;51542009;35987089;305292;39320844
FR;0;2022-03-28;1368;2788;10397;17250;9872;54265491;51544797;35997486;322542;39330716
FR;0;2022-03-29;1381;3091;12253;27105;11382;54266872;51547888;36009739;349647;39342098
FR;0;2022-03-30;2734;5179;14667;26961;14042;54269606;51553067;36024406;376608;39356140
FR;0;2022-03-31;1529;2973;11968;23937;11268;54271135;51556040;36036374;400545;39367408
FR;0;2022-04-01;1916;3787;15844;29848;14581;54273051;51559827;36052218;430393;39381989
FR;0;2022-04-02;1377;2459;8417;9857;8037;54274428;51562286;36060635;440250;39390026
FR;0;2022-04-03;234;443;1448;1112;1453;54274662;51562729;36062083;441362;39391479
FR;0;2022-04-04;1151;2152;9412;17019;8609;54275813;51564881;36071495;458381;39400088
