fra;vaccin;jour;n_dose1;n_dose2;n_dose3;n_dose4;n_rappel;n_cum_dose1;n_cum_dose2;n_cum_dose3;n_cum_dose4;n_cum_rappel
FR;1;2020-12-27;611;0;0;0;0;611;0;0;0;0
FR;1;2020-12-28;693;1;0;0;0;1304;1;0;0;0
FR;1;2020-12-29;387;0;0;0;0;1691;1;0;0;0
FR;1;2020-12-30;445;0;0;0;0;2136;1;0;0;0
FR;1;2020-12-31;444;1;0;0;0;2580;2;0;0;0
FR;1;2021-01-01;1171;2;0;0;0;3751;4;0;0;0
FR;1;2021-01-02;366;3;0;0;0;4117;7;0;0;0
FR;1;2021-01-03;407;0;0;0;0;4524;7;0;0;0
FR;1;2021-01-04;2122;4;0;0;0;6646;11;0;0;0
FR;1;2021-01-05;7757;5;0;0;0;14403;16;0;0;0
FR;1;2021-01-06;12463;22;0;0;0;26866;38;0;0;0
FR;1;2021-01-07;29472;20;0;0;0;56338;58;0;0;0
FR;1;2021-01-08;37156;23;0;0;0;93494;81;0;0;0
FR;1;2021-01-09;11216;9;0;0;0;104710;90;0;0;0
FR;1;2021-01-10;6009;7;0;0;0;110719;97;0;0;0
FR;1;2021-01-11;39949;30;0;0;0;150668;127;0;0;0
FR;1;2021-01-12;62149;23;0;0;0;212817;150;0;0;0
FR;1;2021-01-13;65132;51;0;0;0;277949;201;0;0;0
FR;1;2021-01-14;81461;193;0;0;0;359410;394;0;0;0
FR;1;2021-01-15;68619;78;0;0;0;428029;472;0;0;0
FR;1;2021-01-16;19901;72;0;0;0;447930;544;0;0;0
FR;1;2021-01-17;10904;50;0;0;0;458834;594;0;0;0
FR;1;2021-01-18;82839;172;0;0;0;541673;766;0;0;0
FR;1;2021-01-19;125927;198;0;0;0;667600;964;0;0;0
FR;1;2021-01-20;132423;184;0;0;0;800023;1148;0;0;0
FR;1;2021-01-21;153071;181;0;0;0;953094;1329;0;0;0
FR;1;2021-01-22;115957;224;0;0;0;1069051;1553;0;0;0
FR;1;2021-01-23;36612;71;0;0;0;1105663;1624;0;0;0
FR;1;2021-01-24;9584;111;0;0;0;1115247;1735;0;0;0
FR;1;2021-01-25;74430;1390;0;0;0;1189677;3125;0;0;0
FR;1;2021-01-26;96459;3595;1;0;0;1286136;6720;1;0;0
FR;1;2021-01-27;103655;6294;0;0;0;1389791;13014;1;0;0
FR;1;2021-01-28;120612;16020;0;0;0;1510403;29034;1;0;0
FR;1;2021-01-29;88894;18506;0;0;0;1599297;47540;1;0;0
FR;1;2021-01-30;27995;4481;0;0;0;1627292;52021;1;0;0
FR;1;2021-01-31;5193;1856;0;0;0;1632485;53877;1;0;0
FR;1;2021-02-01;49733;22523;0;0;0;1682218;76400;1;0;0
FR;1;2021-02-02;67829;37423;0;0;0;1750047;113823;1;0;0
FR;1;2021-02-03;67094;39582;0;0;0;1817141;153405;1;0;0
FR;1;2021-02-04;77146;54068;0;0;0;1894287;207473;1;0;0
FR;1;2021-02-05;63427;47451;0;0;0;1957714;254924;1;0;0
FR;1;2021-02-06;19426;11209;0;0;0;1977140;266133;1;0;0
FR;1;2021-02-07;3666;5854;0;0;0;1980806;271987;1;0;0
FR;1;2021-02-08;36503;48291;0;0;0;2017309;320278;1;0;0
FR;1;2021-02-09;50814;77275;0;0;0;2068123;397553;1;0;0
FR;1;2021-02-10;52078;82003;0;0;0;2120201;479556;1;0;0
FR;1;2021-02-11;63385;104421;0;0;0;2183586;583977;1;0;0
FR;1;2021-02-12;55874;75268;0;0;0;2239460;659245;1;0;0
FR;1;2021-02-13;15466;19298;0;0;0;2254926;678543;1;0;0
FR;1;2021-02-14;3747;7337;0;0;0;2258673;685880;1;0;0
FR;1;2021-02-15;24160;73498;0;0;0;2282833;759378;1;0;0
FR;1;2021-02-16;32779;95923;0;0;0;2315612;855301;1;0;0
FR;1;2021-02-17;35130;101859;20;0;0;2350742;957160;21;0;0
FR;1;2021-02-18;49454;117664;0;0;0;2400196;1074824;21;0;0
FR;1;2021-02-19;45387;87382;1;0;0;2445583;1162206;22;0;0
FR;1;2021-02-20;13393;27116;0;0;0;2458976;1189322;22;0;0
FR;1;2021-02-21;2464;6042;0;0;0;2461440;1195364;22;0;0
FR;1;2021-02-22;24722;69410;2;0;0;2486162;1264774;24;0;0
FR;1;2021-02-23;37433;81404;1;0;0;2523595;1346178;25;0;0
FR;1;2021-02-24;40703;79126;1;0;0;2564298;1425304;26;0;0
FR;1;2021-02-25;50162;87912;1;0;0;2614460;1513216;27;0;0
FR;1;2021-02-26;47227;67633;1;0;0;2661687;1580849;28;0;0
FR;1;2021-02-27;15684;21283;1;0;0;2677371;1602132;29;0;0
FR;1;2021-02-28;3564;4173;2;0;0;2680935;1606305;31;0;0
FR;1;2021-03-01;40208;50148;1;0;0;2721143;1656453;32;0;0
FR;1;2021-03-02;55988;62375;3;0;0;2777131;1718828;35;0;0
FR;1;2021-03-03;61252;60610;0;0;0;2838383;1779438;35;0;0
FR;1;2021-03-04;73011;67854;3;0;0;2911394;1847292;38;0;0
FR;1;2021-03-05;74776;58700;3;0;0;2986170;1905992;41;0;0
FR;1;2021-03-06;82464;15775;2;0;0;3068634;1921767;43;0;0
FR;1;2021-03-07;63728;4231;1;0;0;3132362;1925998;44;0;0
FR;1;2021-03-08;60184;41395;2;0;0;3192546;1967393;46;0;0
FR;1;2021-03-09;86000;47633;1;0;0;3278546;2015026;47;0;0
FR;1;2021-03-10;90938;47806;5;0;0;3369484;2062832;52;0;0
FR;1;2021-03-11;105095;54577;1;0;0;3474579;2117409;53;0;0
FR;1;2021-03-12;104144;44962;1;0;0;3578723;2162371;54;0;0
FR;1;2021-03-13;89208;12608;1;0;0;3667931;2174979;55;0;0
FR;1;2021-03-14;44459;2758;1;0;0;3712390;2177737;56;0;0
FR;1;2021-03-15;95528;28134;3;0;0;3807918;2205871;59;0;0
FR;1;2021-03-16;123597;34216;5;0;0;3931515;2240087;64;0;0
FR;1;2021-03-17;129317;33680;4;0;0;4060832;2273767;68;0;0
FR;1;2021-03-18;142910;39310;5;0;0;4203742;2313077;73;0;0
FR;1;2021-03-19;136263;32157;2;0;0;4340005;2345234;75;0;0
FR;1;2021-03-20;76016;9793;1;0;0;4416021;2355027;76;0;0
FR;1;2021-03-21;26516;2064;1;0;0;4442537;2357091;77;0;0
FR;1;2021-03-22;114770;30377;2;0;0;4557307;2387468;79;0;0
FR;1;2021-03-23;143047;38043;1;0;0;4700354;2425511;80;0;0
FR;1;2021-03-24;142013;38414;0;0;0;4842367;2463925;80;0;0
FR;1;2021-03-25;165019;39835;4;0;0;5007386;2503760;84;0;0
FR;1;2021-03-26;166410;37475;5;1;0;5173796;2541235;89;1;0
FR;1;2021-03-27;110892;15457;1;0;0;5284688;2556692;90;1;0
FR;1;2021-03-28;42304;4275;3;0;0;5326992;2560967;93;1;0
FR;1;2021-03-29;129832;49148;4;0;0;5456824;2610115;97;1;0
FR;1;2021-03-30;167731;63718;5;0;0;5624555;2673833;102;1;0
FR;1;2021-03-31;170957;67793;4;0;0;5795512;2741626;106;1;0
FR;1;2021-04-01;194847;83363;10;0;0;5990359;2824989;116;1;0
FR;1;2021-04-02;164464;86422;7;0;0;6154823;2911411;123;1;0
FR;1;2021-04-03;88253;58163;6;0;0;6243076;2969574;129;1;0
FR;1;2021-04-04;33657;17725;0;0;0;6276733;2987299;129;1;0
FR;1;2021-04-05;46416;9681;11;0;0;6323149;2996980;140;1;0
FR;1;2021-04-06;160331;104795;17;0;0;6483480;3101775;157;1;0
FR;1;2021-04-07;197008;108094;16;0;0;6680488;3209869;173;1;0
FR;1;2021-04-08;222157;113875;13;0;0;6902645;3323744;186;1;0
FR;1;2021-04-09;214584;107863;21;0;0;7117229;3431607;207;1;0
FR;1;2021-04-10;117190;73237;14;0;0;7234419;3504844;221;1;0
FR;1;2021-04-11;40897;29902;6;0;0;7275316;3534746;227;1;0
FR;1;2021-04-12;168483;104486;46;0;0;7443799;3639232;273;1;0
FR;1;2021-04-13;203821;127870;97;1;0;7647620;3767102;370;2;0
FR;1;2021-04-14;208645;122867;208;0;0;7856265;3889969;578;2;0
FR;1;2021-04-15;221699;127912;312;0;0;8077964;4017881;890;2;0
FR;1;2021-04-16;206083;125655;309;0;0;8284047;4143536;1199;2;0
FR;1;2021-04-17;122101;67147;103;0;0;8406148;4210683;1302;2;0
FR;1;2021-04-18;35966;20990;41;0;0;8442114;4231673;1343;2;0
FR;1;2021-04-19;163764;121577;432;0;0;8605878;4353250;1775;2;0
FR;1;2021-04-20;189448;149474;531;0;0;8795326;4502724;2306;2;0
FR;1;2021-04-21;194018;147435;760;0;0;8989344;4650159;3066;2;0
FR;1;2021-04-22;209048;164238;777;0;0;9198392;4814397;3843;2;0
FR;1;2021-04-23;198969;157793;671;0;0;9397361;4972190;4514;2;0
FR;1;2021-04-24;126340;95743;148;0;0;9523701;5067933;4662;2;0
FR;1;2021-04-25;53633;30045;46;0;0;9577334;5097978;4708;2;0
FR;1;2021-04-26;181160;139707;542;0;0;9758494;5237685;5250;2;0
FR;1;2021-04-27;221380;162367;901;0;0;9979874;5400052;6151;2;0
FR;1;2021-04-28;238320;155858;1314;1;1;10218194;5555910;7465;3;1
FR;1;2021-04-29;270311;161237;1211;0;0;10488505;5717147;8676;3;1
FR;1;2021-04-30;272006;148712;1073;0;0;10760511;5865859;9749;3;1
FR;1;2021-05-01;141158;40598;173;0;0;10901669;5906457;9922;3;1
FR;1;2021-05-02;81556;28182;81;0;0;10983225;5934639;10003;3;1
FR;1;2021-05-03;250796;143282;803;0;0;11234021;6077921;10806;3;1
FR;1;2021-05-04;265896;187611;1202;0;0;11499917;6265532;12008;3;1
FR;1;2021-05-05;283897;185728;1267;0;0;11783814;6451260;13275;3;1
FR;1;2021-05-06;309982;184067;1502;0;0;12093796;6635327;14777;3;1
FR;1;2021-05-07;284113;196238;1126;0;0;12377909;6831565;15903;3;1
FR;1;2021-05-08;191666;50745;285;0;0;12569575;6882310;16188;3;1
FR;1;2021-05-09;114059;34772;236;0;0;12683634;6917082;16424;3;1
FR;1;2021-05-10;258219;194700;1186;0;0;12941853;7111782;17610;3;1
FR;1;2021-05-11;318894;211001;1465;0;0;13260747;7322783;19075;3;1
FR;1;2021-05-12;356638;185947;1400;0;0;13617385;7508730;20475;3;1
FR;1;2021-05-13;283453;47457;401;0;0;13900838;7556187;20876;3;1
FR;1;2021-05-14;370511;128519;994;0;0;14271349;7684706;21870;3;1
FR;1;2021-05-15;298100;66163;404;0;0;14569449;7750869;22274;3;1
FR;1;2021-05-16;157782;15474;158;0;0;14727231;7766343;22432;3;1
FR;1;2021-05-17;318935;116169;1441;0;0;15046166;7882512;23873;3;1
FR;1;2021-05-18;383348;111499;1799;0;0;15429514;7994011;25672;3;1
FR;1;2021-05-19;395278;101884;2183;0;0;15824792;8095895;27855;3;1
FR;1;2021-05-20;421826;95763;2048;0;0;16246618;8191658;29903;3;1
FR;1;2021-05-21;399813;97310;1764;0;0;16646431;8288968;31667;3;1
FR;1;2021-05-22;275695;41918;604;0;0;16922126;8330886;32271;3;1
FR;1;2021-05-23;123017;10998;224;0;0;17045143;8341884;32495;3;1
FR;1;2021-05-24;244017;26258;569;0;0;17289160;8368142;33064;3;1
FR;1;2021-05-25;366230;131549;2114;1;0;17655390;8499691;35178;4;1
FR;1;2021-05-26;380817;126847;1994;0;0;18036207;8626538;37172;4;1
FR;1;2021-05-27;406160;128147;1978;0;0;18442367;8754685;39150;4;1
FR;1;2021-05-28;366037;145499;1701;0;0;18808404;8900184;40851;4;1
FR;1;2021-05-29;253838;81021;527;0;0;19062242;8981205;41378;4;1
FR;1;2021-05-30;100976;22579;158;0;0;19163218;9003784;41536;4;1
FR;1;2021-05-31;314320;149038;1284;1;1;19477538;9152822;42820;5;2
FR;1;2021-06-01;361644;166471;1730;1;1;19839182;9319293;44550;6;3
FR;1;2021-06-02;365394;153974;1796;0;0;20204576;9473267;46346;6;3
FR;1;2021-06-03;391429;147395;1653;0;0;20596005;9620662;47999;6;3
FR;1;2021-06-04;364120;175705;1495;1;1;20960125;9796367;49494;7;4
FR;1;2021-06-05;258513;112723;597;0;0;21218638;9909090;50091;7;4
FR;1;2021-06-06;126814;37550;215;0;0;21345452;9946640;50306;7;4
FR;1;2021-06-07;301111;207742;1365;0;0;21646563;10154382;51671;7;4
FR;1;2021-06-08;330851;220909;1643;0;0;21977414;10375291;53314;7;4
FR;1;2021-06-09;336591;211423;1613;0;0;22314005;10586714;54927;7;4
FR;1;2021-06-10;343901;200736;1614;0;0;22657906;10787450;56541;7;4
FR;1;2021-06-11;311906;234795;1299;1;0;22969812;11022245;57840;8;4
FR;1;2021-06-12;244088;150615;437;0;0;23213900;11172860;58277;8;4
FR;1;2021-06-13;100369;61000;188;0;0;23314269;11233860;58465;8;4
FR;1;2021-06-14;207850;287918;1318;1;0;23522119;11521778;59783;9;4
FR;1;2021-06-15;256865;281478;1400;1;0;23778984;11803256;61183;10;4
FR;1;2021-06-16;273655;270565;1263;1;0;24052639;12073821;62446;11;4
FR;1;2021-06-17;268223;244885;1239;1;0;24320862;12318706;63685;12;4
FR;1;2021-06-18;260607;295365;1154;1;0;24581469;12614071;64839;13;4
FR;1;2021-06-19;193454;209532;388;0;0;24774923;12823603;65227;13;4
FR;1;2021-06-20;69713;89068;120;0;0;24844636;12912671;65347;13;4
FR;1;2021-06-21;172379;319708;934;1;1;25017015;13232379;66281;14;5
FR;1;2021-06-22;185873;347898;1102;10;1;25202888;13580277;67383;24;6
FR;1;2021-06-23;204209;339530;1049;0;0;25407097;13919807;68432;24;6
FR;1;2021-06-24;203533;282016;1175;0;0;25610630;14201823;69607;24;6
FR;1;2021-06-25;182666;371742;1198;0;0;25793296;14573565;70805;24;6
FR;1;2021-06-26;131399;278438;504;0;0;25924695;14852003;71309;24;6
FR;1;2021-06-27;52409;122892;146;0;0;25977104;14974895;71455;24;6
FR;1;2021-06-28;136665;368214;1064;0;0;26113769;15343109;72519;24;6
FR;1;2021-06-29;154902;390955;1848;0;0;26268671;15734064;74367;24;6
FR;1;2021-06-30;180061;381847;1666;4;2;26448732;16115911;76033;28;8
FR;1;2021-07-01;201548;332350;1887;5;1;26650280;16448261;77920;33;9
FR;1;2021-07-02;193882;367383;1765;5;2;26844162;16815644;79685;38;11
FR;1;2021-07-03;124479;280416;704;3;1;26968641;17096060;80389;41;12
FR;1;2021-07-04;53965;113704;244;0;0;27022606;17209764;80633;41;12
FR;1;2021-07-05;153964;355826;1500;8;2;27176570;17565590;82133;49;14
FR;1;2021-07-06;173509;382332;1603;45;8;27350079;17947922;83736;94;22
FR;1;2021-07-07;190843;362405;1658;25;4;27540922;18310327;85394;119;26
FR;1;2021-07-08;201575;323025;1826;20;5;27742497;18633352;87220;139;31
FR;1;2021-07-09;189982;387801;1854;3;2;27932479;19021153;89074;142;33
FR;1;2021-07-10;129957;281153;818;1;1;28062436;19302306;89892;143;34
FR;1;2021-07-11;57681;102526;262;0;0;28120117;19404832;90154;143;34
FR;1;2021-07-12;149920;416887;1585;4;0;28270037;19821719;91739;147;34
FR;1;2021-07-13;234277;439185;1807;8;1;28504314;20260904;93546;155;35
FR;1;2021-07-14;171923;151412;418;0;0;28676237;20412316;93964;155;35
FR;1;2021-07-15;279688;424326;1858;1;0;28955925;20836642;95822;156;35
FR;1;2021-07-16;290440;400752;1711;3;1;29246365;21237394;97533;159;36
FR;1;2021-07-17;217349;282017;755;1;0;29463714;21519411;98288;160;36
FR;1;2021-07-18;102014;107213;288;0;0;29565728;21626624;98576;160;36
FR;1;2021-07-19;238226;378620;1497;3;0;29803954;22005244;100073;163;36
FR;1;2021-07-20;305763;380071;1469;0;0;30109717;22385315;101542;163;36
FR;1;2021-07-21;333291;352911;1412;4;1;30443008;22738226;102954;167;37
FR;1;2021-07-22;364681;318730;1502;3;2;30807689;23056956;104456;170;39
FR;1;2021-07-23;349403;342997;1589;4;1;31157092;23399953;106045;174;40
FR;1;2021-07-24;238961;240777;697;1;0;31396053;23640730;106742;175;40
FR;1;2021-07-25;112803;76012;223;0;0;31508856;23716742;106965;175;40
FR;1;2021-07-26;299143;289478;1495;2;1;31807999;24006220;108460;177;41
FR;1;2021-07-27;385835;268068;1459;4;1;32193834;24274288;109919;181;42
FR;1;2021-07-28;390202;251020;1462;4;1;32584036;24525308;111381;185;43
FR;1;2021-07-29;406141;227753;1540;2;0;32990177;24753061;112921;187;43
FR;1;2021-07-30;370743;246639;1638;4;1;33360920;24999700;114559;191;44
FR;1;2021-07-31;243385;165104;793;1;0;33604305;25164804;115352;192;44
FR;1;2021-08-01;105596;47211;233;0;0;33709901;25212015;115585;192;44
FR;1;2021-08-02;297407;212899;1480;2;0;34007308;25424914;117065;194;44
FR;1;2021-08-03;331338;208794;1557;2;1;34338646;25633708;118622;196;45
FR;1;2021-08-04;328040;183938;1439;5;3;34666686;25817646;120061;201;48
FR;1;2021-08-05;301284;193188;1483;0;0;34967970;26010834;121544;201;48
FR;1;2021-08-06;290986;224209;1560;3;0;35258956;26235043;123104;204;48
FR;1;2021-08-07;182664;158782;655;5;1;35441620;26393825;123759;209;49
FR;1;2021-08-08;68887;59101;253;0;0;35510507;26452926;124012;209;49
FR;1;2021-08-09;222790;235311;1444;4;2;35733297;26688237;125456;213;51
FR;1;2021-08-10;252745;240015;1493;2;1;35986042;26928252;126949;215;52
FR;1;2021-08-11;236239;231836;1271;5;0;36222281;27160088;128220;220;52
FR;1;2021-08-12;220785;239858;1487;3;0;36443066;27399946;129707;223;52
FR;1;2021-08-13;201720;238548;1360;2;2;36644786;27638494;131067;225;54
FR;1;2021-08-14;122864;174051;646;0;0;36767650;27812545;131713;225;54
FR;1;2021-08-15;34707;46124;201;1;0;36802357;27858669;131914;226;54
FR;1;2021-08-16;156961;289450;1423;0;0;36959318;28148119;133337;226;54
FR;1;2021-08-17;171613;291103;1422;5;0;37130931;28439222;134759;231;54
FR;1;2021-08-18;161433;286759;1393;6;3;37292364;28725981;136152;237;57
FR;1;2021-08-19;148951;277514;1403;1;0;37441315;29003495;137555;238;57
FR;1;2021-08-20;140510;309011;1532;2;2;37581825;29312506;139087;240;59
FR;1;2021-08-21;84280;213209;589;0;0;37666105;29525715;139676;240;59
FR;1;2021-08-22;28580;82695;233;0;0;37694685;29608410;139909;240;59
FR;1;2021-08-23;118662;321007;1422;2;1;37813347;29929417;141331;242;60
FR;1;2021-08-24;126669;319706;1604;5;1;37940016;30249123;142935;247;61
FR;1;2021-08-25;121534;306480;1779;8;2;38061550;30555603;144714;255;63
FR;1;2021-08-26;106632;286098;2162;10;0;38168182;30841701;146876;265;63
FR;1;2021-08-27;107656;321635;2302;9;2;38275838;31163336;149178;274;65
FR;1;2021-08-28;71021;220688;1102;0;0;38346859;31384024;150280;274;65
FR;1;2021-08-29;24152;78196;469;1;0;38371011;31462220;150749;275;65
FR;1;2021-08-30;96896;286321;4313;6;4991;38467907;31748541;155062;281;5056
FR;1;2021-08-31;98124;276278;9294;15;10095;38566031;32024819;164356;296;15151
FR;1;2021-09-01;112345;245315;21117;8;22139;38678376;32270134;185473;304;37290
FR;1;2021-09-02;86765;197923;24530;18;25509;38765141;32468057;210003;322;62799
FR;1;2021-09-03;82424;227511;26955;21;28025;38847565;32695568;236958;343;90824
FR;1;2021-09-04;71629;189717;11140;11;11703;38919194;32885285;248098;354;102527
FR;1;2021-09-05;18613;41149;4124;2;4275;38937807;32926434;252222;356;106802
FR;1;2021-09-06;59813;151448;30182;15;31203;38997620;33077882;282404;371;138005
FR;1;2021-09-07;57400;139658;30211;30;31223;39055020;33217540;312615;401;169228
FR;1;2021-09-08;72342;173784;26925;22;27941;39127362;33391324;339540;423;197169
FR;1;2021-09-09;54486;124456;28630;24;29739;39181848;33515780;368170;447;226908
FR;1;2021-09-10;66217;152083;30450;24;31663;39248065;33667863;398620;471;258571
FR;1;2021-09-11;52688;146628;9731;14;10346;39300753;33814491;408351;485;268917
FR;1;2021-09-12;10796;29272;2487;1;2650;39311549;33843763;410838;486;271567
FR;1;2021-09-13;51509;104449;38761;31;40065;39363058;33948212;449599;517;311632
FR;1;2021-09-14;53341;96017;51277;67;53176;39416399;34044229;500876;584;364808
FR;1;2021-09-15;60573;139252;50492;55;47048;39476972;34183481;551368;639;411856
FR;1;2021-09-16;46633;81391;53351;70;49598;39523605;34264872;604719;709;461454
FR;1;2021-09-17;53222;109348;45072;61;42695;39576827;34374220;649791;770;504149
FR;1;2021-09-18;37876;118495;11796;19;11276;39614703;34492715;661587;789;515425
FR;1;2021-09-19;6531;21039;2040;1;1981;39621234;34513754;663627;790;517406
FR;1;2021-09-20;36539;74864;46228;65;44183;39657773;34588618;709855;855;561589
FR;1;2021-09-21;34187;68120;56261;71;52730;39691960;34656738;766116;926;614319
FR;1;2021-09-22;38828;118605;49873;76;46912;39730788;34775343;815989;1002;661231
FR;1;2021-09-23;32026;62907;54503;85;50903;39762814;34838250;870492;1087;712134
FR;1;2021-09-24;36784;90041;43671;89;41941;39799598;34928291;914163;1176;754075
FR;1;2021-09-25;27650;96698;12306;27;12181;39827248;35024989;926469;1203;766256
FR;1;2021-09-26;4386;15193;1774;5;1695;39831634;35040182;928243;1208;767951
FR;1;2021-09-27;27351;60215;42912;89;41631;39858985;35100397;971155;1297;809582
FR;1;2021-09-28;26911;49438;47197;76;44476;39885896;35149835;1018352;1373;854058
FR;1;2021-09-29;35925;80300;47287;87;45600;39921821;35230135;1065639;1460;899658
FR;1;2021-09-30;26075;46890;47525;80;45454;39947896;35277025;1113164;1540;945112
FR;1;2021-10-01;47297;66937;44897;83;44606;39995193;35343962;1158061;1623;989718
FR;1;2021-10-02;32383;62409;16113;32;16317;40027576;35406371;1174174;1655;1006035
FR;1;2021-10-03;4341;8560;2040;3;2034;40031917;35414931;1176214;1658;1008069
FR;1;2021-10-04;28977;44425;47104;79;46965;40060894;35459356;1223318;1737;1055034
FR;1;2021-10-05;24565;41659;49889;116;49323;40085459;35501015;1273207;1853;1104357
FR;1;2021-10-06;34655;61384;57506;102;57246;40120114;35562399;1330713;1955;1161603
FR;1;2021-10-07;21080;39901;53041;75;51965;40141194;35602300;1383754;2030;1213568
FR;1;2021-10-08;35663;59643;60400;83;61145;40176857;35661943;1444154;2113;1274713
FR;1;2021-10-09;27466;48009;25495;29;26020;40204323;35709952;1469649;2142;1300733
FR;1;2021-10-10;3724;5810;2754;7;2861;40208047;35715762;1472403;2149;1303594
FR;1;2021-10-11;24852;38231;54585;88;55256;40232899;35753993;1526988;2237;1358850
FR;1;2021-10-12;23377;36593;58069;128;59214;40256276;35790586;1585057;2365;1418064
FR;1;2021-10-13;32968;47831;64171;124;65687;40289244;35838417;1649228;2489;1483751
FR;1;2021-10-14;21711;34776;53767;103;54352;40310955;35873193;1702995;2592;1538103
FR;1;2021-10-15;32748;48782;72328;165;75006;40343703;35921975;1775323;2757;1613109
FR;1;2021-10-16;26009;35292;34870;44;36417;40369712;35957267;1810193;2801;1649526
FR;1;2021-10-17;3156;4052;3416;2;3318;40372868;35961319;1813609;2803;1652844
FR;1;2021-10-18;24325;34894;66838;132;69708;40397193;35996213;1880447;2935;1722552
FR;1;2021-10-19;20720;35592;75659;135;79578;40417913;36031805;1956106;3070;1802130
FR;1;2021-10-20;29912;44213;96174;178;99850;40447825;36076018;2052280;3248;1901980
FR;1;2021-10-21;19798;35058;83179;107;87027;40467623;36111076;2135459;3355;1989007
FR;1;2021-10-22;29754;47774;103741;196;109689;40497377;36158850;2239200;3551;2098696
FR;1;2021-10-23;23050;35136;44870;57;47380;40520427;36193986;2284070;3608;2146076
FR;1;2021-10-24;2404;3835;3583;6;3719;40522831;36197821;2287653;3614;2149795
FR;1;2021-10-25;22495;30754;82026;143;85823;40545326;36228575;2369679;3757;2235618
FR;1;2021-10-26;19365;27675;86112;162;90336;40564691;36256250;2455791;3919;2325954
FR;1;2021-10-27;26214;39630;107805;252;112701;40590905;36295880;2563596;4171;2438655
FR;1;2021-10-28;18800;27118;86957;150;91700;40609705;36322998;2650553;4321;2530355
FR;1;2021-10-29;25929;40280;114830;202;121644;40635634;36363278;2765383;4523;2651999
FR;1;2021-10-30;17709;28718;49369;74;51955;40653343;36391996;2814752;4597;2703954
FR;1;2021-10-31;2086;3175;3451;2;3686;40655429;36395171;2818203;4599;2707640
FR;1;2021-11-01;8010;4266;3031;3;3290;40663439;36399437;2821234;4602;2710930
FR;1;2021-11-02;22906;33236;92399;156;97836;40686345;36432673;2913633;4758;2808766
FR;1;2021-11-03;26631;41578;117506;217;123869;40712976;36474251;3031139;4975;2932635
FR;1;2021-11-04;19625;30323;105811;213;111955;40732601;36504574;3136950;5188;3044590
FR;1;2021-11-05;27020;42326;138778;230;147434;40759621;36546900;3275728;5418;3192024
FR;1;2021-11-06;18860;29823;63482;123;66491;40778481;36576723;3339210;5541;3258515
FR;1;2021-11-07;1832;3284;4978;6;5302;40780313;36580007;3344188;5547;3263817
FR;1;2021-11-08;17876;32263;126002;224;132628;40798189;36612270;3470190;5771;3396445
FR;1;2021-11-09;19516;37643;159306;334;169094;40817705;36649913;3629496;6105;3565539
FR;1;2021-11-10;28884;49115;181908;440;192526;40846589;36699028;3811404;6545;3758065
FR;1;2021-11-11;4187;5948;12232;26;13028;40850776;36704976;3823636;6571;3771093
FR;1;2021-11-12;26021;46855;174819;244;186486;40876797;36751831;3998455;6815;3957579
FR;1;2021-11-13;18733;29158;76839;111;81778;40895530;36780989;4075294;6926;4039357
FR;1;2021-11-14;2047;3254;6822;5;7355;40897577;36784243;4082116;6931;4046712
FR;1;2021-11-15;18784;34781;156428;305;166248;40916361;36819024;4238544;7236;4212960
FR;1;2021-11-16;21360;37910;192122;380;205013;40937721;36856934;4430666;7616;4417973
FR;1;2021-11-17;28666;45604;193236;398;205046;40966387;36902538;4623902;8014;4623019
FR;1;2021-11-18;21141;39574;182502;458;194564;40987528;36942112;4806404;8472;4817583
FR;1;2021-11-19;30889;53369;230253;532;246721;41018417;36995481;5036657;9004;5064304
FR;1;2021-11-20;23764;33237;96987;201;103627;41042181;37028718;5133644;9205;5167931
FR;1;2021-11-21;2329;3917;9116;19;9936;41044510;37032635;5142760;9224;5177867
FR;1;2021-11-22;21411;30383;175906;465;189441;41065921;37063018;5318666;9689;5367308
FR;1;2021-11-23;24018;41028;221218;540;237952;41089939;37104046;5539884;10229;5605260
FR;1;2021-11-24;30285;49726;217349;701;234525;41120224;37153772;5757233;10930;5839785
FR;1;2021-11-25;23725;44084;244475;718;264141;41143949;37197856;6001708;11648;6103926
FR;1;2021-11-26;30625;66724;356810;836;388568;41174574;37264580;6358518;12484;6492494
FR;1;2021-11-27;21948;45347;202638;372;222656;41196522;37309927;6561156;12856;6715150
FR;1;2021-11-28;3169;9595;54790;63;61016;41199691;37319522;6615946;12919;6776166
FR;1;2021-11-29;17879;49510;326389;841;354472;41217570;37369032;6942335;13760;7130638
FR;1;2021-11-30;22784;64919;431147;952;470767;41240354;37433951;7373482;14712;7601405
FR;1;2021-12-01;25339;69260;442901;1131;481770;41265693;37503211;7816383;15843;8083175
FR;1;2021-12-02;20071;64514;489400;1228;532902;41285764;37567725;8305783;17071;8616077
FR;1;2021-12-03;22898;82491;542778;1309;591772;41308662;37650216;8848561;18380;9207849
FR;1;2021-12-04;16397;53925;299099;654;328961;41325059;37704141;9147660;19034;9536810
FR;1;2021-12-05;3633;13837;81529;143;91052;41328692;37717978;9229189;19177;9627862
FR;1;2021-12-06;25821;62590;415446;1066;455163;41354513;37780568;9644635;20243;10083025
FR;1;2021-12-07;19998;75604;522980;1535;572586;41374511;37856172;10167615;21778;10655611
FR;1;2021-12-08;21698;75699;458422;1544;502120;41396209;37931871;10626037;23322;11157731
FR;1;2021-12-09;19449;74060;492936;1625;540896;41415658;38005931;11118973;24947;11698627
FR;1;2021-12-10;23310;87678;547388;1585;600011;41438968;38093609;11666361;26532;12298638
FR;1;2021-12-11;16533;59194;302747;750;335485;41455501;38152803;11969108;27282;12634123
FR;1;2021-12-12;4376;15947;83220;179;94051;41459877;38168750;12052328;27461;12728174
FR;1;2021-12-13;15753;63599;366979;1094;406263;41475630;38232349;12419307;28555;13134437
FR;1;2021-12-14;20861;80310;464773;1746;515227;41496491;38312659;12884080;30301;13649664
FR;1;2021-12-15;21613;77495;409079;1309;453165;41518104;38390154;13293159;31610;14102829
FR;1;2021-12-16;20045;77292;451871;1578;500639;41538149;38467446;13745030;33188;14603468
FR;1;2021-12-17;22614;86575;479940;1736;530971;41560763;38554021;14224970;34924;15134439
FR;1;2021-12-18;17604;54676;257622;730;288522;41578367;38608697;14482592;35654;15422961
FR;1;2021-12-19;5552;17006;79182;194;90708;41583919;38625703;14561774;35848;15513669
FR;1;2021-12-20;20934;63120;316243;1080;355308;41604853;38688823;14878017;36928;15868977
FR;1;2021-12-21;26329;73070;372746;1423;418078;41631182;38761893;15250763;38351;16287055
FR;1;2021-12-22;24980;65871;310632;1216;349593;41656162;38827764;15561395;39567;16636648
FR;1;2021-12-23;21273;52260;241487;956;273033;41677435;38880024;15802882;40523;16909681
FR;1;2021-12-24;7126;18336;67156;258;77063;41684561;38898360;15870038;40781;16986744
FR;1;2021-12-25;507;2879;5587;15;6537;41685068;38901239;15875625;40796;16993281
FR;1;2021-12-26;2748;7582;26938;71;31457;41687816;38908821;15902563;40867;17024738
FR;1;2021-12-27;18308;53574;235116;705;265780;41706124;38962395;16137679;41572;17290518
FR;1;2021-12-28;23300;62020;292035;1026;330210;41729424;39024415;16429714;42598;17620728
FR;1;2021-12-29;22218;55522;255001;920;288223;41751642;39079937;16684715;43518;17908951
FR;1;2021-12-30;21241;46527;212164;858;239633;41772883;39126464;16896879;44376;18148584
FR;1;2021-12-31;7466;16578;61873;229;70411;41780349;39143042;16958752;44605;18218995
FR;1;2022-01-01;1156;2499;5660;30;6579;41781505;39145541;16964412;44635;18225574
FR;1;2022-01-02;3084;8077;28890;50;33528;41784589;39153618;16993302;44685;18259102
FR;1;2022-01-03;25002;54258;228238;789;257707;41809591;39207876;17221540;45474;18516809
FR;1;2022-01-04;26121;65085;299258;1238;337283;41835712;39272961;17520798;46712;18854092
FR;1;2022-01-05;30482;64335;274876;1099;310244;41866194;39337296;17795674;47811;19164336
FR;1;2022-01-06;26826;66258;306885;1399;346545;41893020;39403554;18102559;49210;19510881
FR;1;2022-01-07;31563;75068;349833;1538;393980;41924583;39478622;18452392;50748;19904861
FR;1;2022-01-08;23387;51403;222495;698;251119;41947970;39530025;18674887;51446;20155980
FR;1;2022-01-09;7090;17164;66025;163;76143;41955060;39547189;18740912;51609;20232123
FR;1;2022-01-10;21786;60693;236801;955;267617;41976846;39607882;18977713;52564;20499740
FR;1;2022-01-11;26760;63508;282286;1277;317819;42003606;39671390;19259999;53841;20817559
FR;1;2022-01-12;28953;62549;246261;1105;278043;42032559;39733939;19506260;54946;21095602
FR;1;2022-01-13;24777;60232;262799;1253;296127;42057336;39794171;19769059;56199;21391729
FR;1;2022-01-14;27966;66773;314008;1366;351269;42085302;39860944;20083067;57565;21742998
FR;1;2022-01-15;19362;44447;199309;619;223858;42104664;39905391;20282376;58184;21966856
FR;1;2022-01-16;5158;12993;51526;135;59563;42109822;39918384;20333902;58319;22026419
FR;1;2022-01-17;16866;39771;184827;781;206838;42126688;39958155;20518729;59100;22233257
FR;1;2022-01-18;19452;46017;212423;1154;237047;42146140;40004172;20731152;60254;22470304
FR;1;2022-01-19;20305;44013;176106;897;197189;42166445;40048185;20907258;61151;22667493
FR;1;2022-01-20;16839;40627;183679;1138;204745;42183284;40088812;21090937;62289;22872238
FR;1;2022-01-21;19913;47084;228953;1405;253349;42203197;40135896;21319890;63694;23125587
FR;1;2022-01-22;13842;33364;144493;578;161384;42217039;40169260;21464383;64272;23286971
FR;1;2022-01-23;3377;8776;33427;132;38321;42220416;40178036;21497810;64404;23325292
FR;1;2022-01-24;11805;33005;142211;710;158256;42232221;40211041;21640021;65114;23483548
FR;1;2022-01-25;14212;38219;163403;1048;181569;42246433;40249260;21803424;66162;23665117
FR;1;2022-01-26;14861;37711;150250;933;166355;42261294;40286971;21953674;67095;23831472
FR;1;2022-01-27;12339;33307;143451;889;158000;42273633;40320278;22097125;67984;23989472
FR;1;2022-01-28;16322;56984;198313;1143;222417;42289955;40377262;22295438;69127;24211889
FR;1;2022-01-29;10268;35504;135206;525;151549;42300223;40412766;22430644;69652;24363438
FR;1;2022-01-30;2484;9281;29681;86;34461;42302707;40422047;22460325;69738;24397899
FR;1;2022-01-31;8758;32509;104341;533;117373;42311465;40454556;22564666;70271;24515272
FR;1;2022-02-01;10991;36497;127071;865;141244;42322456;40491053;22691737;71136;24656516
FR;1;2022-02-02;12034;41618;130354;782;145841;42334490;40532671;22822091;71918;24802357
FR;1;2022-02-03;9259;34051;117010;784;130352;42343749;40566722;22939101;72702;24932709
FR;1;2022-02-04;11522;48360;172582;967;192767;42355271;40615082;23111683;73669;25125476
FR;1;2022-02-05;7995;33949;117584;391;133043;42363266;40649031;23229267;74060;25258519
FR;1;2022-02-06;1706;8005;22752;85;26908;42364972;40657036;23252019;74145;25285427
FR;1;2022-02-07;7326;35431;119099;459;134975;42372298;40692467;23371118;74604;25420402
FR;1;2022-02-08;7760;31949;125653;693;140641;42380058;40724416;23496771;75297;25561043
FR;1;2022-02-09;8653;36517;135251;699;152495;42388711;40760933;23632022;75996;25713538
FR;1;2022-02-10;7021;30078;116372;674;130160;42395732;40791011;23748394;76670;25843698
FR;1;2022-02-11;8656;41541;165135;878;185359;42404388;40832552;23913529;77548;26029057
FR;1;2022-02-12;5340;27605;106703;379;120888;42409728;40860157;24020232;77927;26149945
FR;1;2022-02-13;1259;5718;21717;66;25333;42410987;40865875;24041949;77993;26175278
FR;1;2022-02-14;5456;27218;118085;394;133112;42416443;40893093;24160034;78387;26308390
FR;1;2022-02-15;5787;28853;118922;610;132554;42422230;40921946;24278956;78997;26440944
FR;1;2022-02-16;5754;28478;110419;596;123050;42427984;40950424;24389375;79593;26563994
FR;1;2022-02-17;4613;19732;73141;487;80247;42432597;40970156;24462516;80080;26644241
FR;1;2022-02-18;5605;26787;99202;671;108162;42438202;40996943;24561718;80751;26752403
FR;1;2022-02-19;3549;17176;59478;304;66059;42441751;41014119;24621196;81055;26818462
FR;1;2022-02-20;791;3256;10705;36;12332;42442542;41017375;24631901;81091;26830794
FR;1;2022-02-21;3424;14588;52826;286;57673;42445966;41031963;24684727;81377;26888467
FR;1;2022-02-22;3795;15538;51913;500;55651;42449761;41047501;24736640;81877;26944118
FR;1;2022-02-23;4232;17820;57470;508;62571;42453993;41065321;24794110;82385;27006689
FR;1;2022-02-24;3342;13103;43613;436;46401;42457335;41078424;24837723;82821;27053090
FR;1;2022-02-25;4472;19900;64923;696;68794;42461807;41098324;24902646;83517;27121884
FR;1;2022-02-26;2693;12801;41369;310;45122;42464500;41111125;24944015;83827;27167006
FR;1;2022-02-27;644;2189;7127;42;7992;42465144;41113314;24951142;83869;27174998
FR;1;2022-02-28;2612;10482;34957;306;37383;42467756;41123796;24986099;84175;27212381
FR;1;2022-03-01;3574;10750;38699;391;39655;42471330;41134546;25024798;84566;27252036
FR;1;2022-03-02;3669;12180;41856;397;43925;42474999;41146726;25066654;84963;27295961
FR;1;2022-03-03;2453;7974;26176;326;26514;42477452;41154700;25092830;85289;27322475
FR;1;2022-03-04;2684;10470;35429;592;34923;42480136;41165170;25128259;85881;27357398
FR;1;2022-03-05;1820;6360;21966;280;22363;42481956;41171530;25150225;86161;27379761
FR;1;2022-03-06;358;955;2917;38;3120;42482314;41172485;25153142;86199;27382881
FR;1;2022-03-07;1747;4716;16436;245;15902;42484061;41177201;25169578;86444;27398783
FR;1;2022-03-08;1699;5254;17167;309;15995;42485760;41182455;25186745;86753;27414778
FR;1;2022-03-09;1986;6678;19806;370;19166;42487746;41189133;25206551;87123;27433944
FR;1;2022-03-10;1405;4993;15282;308;14322;42489151;41194126;25221833;87431;27448266
FR;1;2022-03-11;1753;6404;21706;484;19861;42490904;41200530;25243539;87915;27468127
FR;1;2022-03-12;1245;4650;15361;280;14910;42492149;41205180;25258900;88195;27483037
FR;1;2022-03-13;253;612;2120;119;2066;42492402;41205792;25261020;88314;27485103
FR;1;2022-03-14;1144;3677;13404;3879;12526;42493546;41209469;25274424;92193;27497629
FR;1;2022-03-15;1399;5738;14655;6861;13254;42494945;41215207;25289079;99054;27510883
FR;1;2022-03-16;1693;5078;17392;11518;16455;42496638;41220285;25306471;110572;27527338
FR;1;2022-03-17;1171;3439;11726;9648;10824;42497809;41223724;25318197;120220;27538162
FR;1;2022-03-18;1727;4928;17966;16504;16405;42499536;41228652;25336163;136724;27554567
FR;1;2022-03-19;1125;3299;11890;8455;11358;42500661;41231951;25348053;145179;27565925
FR;1;2022-03-20;224;559;1724;1014;1758;42500885;41232510;25349777;146193;27567683
FR;1;2022-03-21;1086;2763;11492;13448;10842;42501971;41235273;25361269;159641;27578525
FR;1;2022-03-22;1234;3209;12257;18705;11245;42503205;41238482;25373526;178346;27589770
FR;1;2022-03-23;1505;4347;16026;20112;15710;42504710;41242829;25389552;198458;27605480
FR;1;2022-03-24;1116;2750;10395;16051;9658;42505826;41245579;25399947;214509;27615138
FR;1;2022-03-25;1534;4357;16745;25299;15397;42507360;41249936;25416692;239808;27630535
FR;1;2022-03-26;1108;3012;10854;11450;10515;42508468;41252948;25427546;251258;27641050
FR;1;2022-03-27;233;546;1751;1381;1804;42508701;41253494;25429297;252639;27642854
FR;1;2022-03-28;1082;2483;9975;15883;9598;42509783;41255977;25439272;268522;27652452
FR;1;2022-03-29;1140;2740;11553;25102;10921;42510923;41258717;25450825;293624;27663373
FR;1;2022-03-30;1630;3593;14166;24213;13697;42512553;41262310;25464991;317837;27677070
FR;1;2022-03-31;1279;3011;11691;22665;11197;42513832;41265321;25476682;340502;27688267
FR;1;2022-04-01;2230;4019;18466;28517;17336;42516062;41269340;25495148;369019;27705603
FR;1;2022-04-02;909;1884;8190;9226;7939;42516971;41271224;25503338;378245;27713542
FR;1;2022-04-03;203;379;1432;1057;1433;42517174;41271603;25504770;379302;27714975
FR;1;2022-04-04;2103;2468;11367;17673;10756;42519277;41274071;25516137;396975;27725731
FR;1;2022-04-05;1972;2705;12999;31181;12022;42521249;41276776;25529136;428156;27737753
FR;1;2022-04-06;1775;2995;12199;23922;11629;42523024;41279771;25541335;452078;27749382
FR;1;2022-04-07;1386;2727;12348;31065;11812;42524410;41282498;25553683;483143;27761194
FR;1;2022-04-08;1620;3622;17556;40609;16467;42526030;41286120;25571239;523752;27777661
FR;1;2022-04-09;819;1994;8404;12499;8102;42526849;41288114;25579643;536251;27785763
FR;1;2022-04-10;200;618;1834;1853;1878;42527049;41288732;25581477;538104;27787641
FR;1;2022-04-11;1068;2240;10965;22329;10680;42528117;41290972;25592442;560433;27798321
FR;1;2022-04-12;1322;2623;12817;38114;12304;42529439;41293595;25605259;598547;27810625
FR;1;2022-04-13;1268;2863;12268;30613;12000;42530707;41296458;25617527;629160;27822625
FR;1;2022-04-14;1220;2543;12113;33616;12118;42531927;41299001;25629640;662776;27834743
FR;1;2022-04-15;1482;3100;14396;33259;13789;42533409;41302101;25644036;696035;27848532
FR;1;2022-04-16;658;1403;5843;7987;5768;42534067;41303504;25649879;704022;27854300
FR;1;2022-04-17;155;288;929;1120;974;42534222;41303792;25650808;705142;27855274
FR;1;2022-04-18;164;466;2634;1000;2658;42534386;41304258;25653442;706142;27857932
FR;1;2022-04-19;1247;2590;11783;27928;11513;42535633;41306848;25665225;734070;27869445
FR;1;2022-04-20;1342;2633;12175;26848;12015;42536975;41309481;25677400;760918;27881460
FR;1;2022-04-21;1239;2458;11539;33244;11748;42538214;41311939;25688939;794162;27893208
FR;1;2022-04-22;1511;3076;15211;35489;14790;42539725;41315015;25704150;829651;27907998
FR;1;2022-04-23;760;1580;6732;9891;6637;42540485;41316595;25710882;839542;27914635
FR;1;2022-04-24;196;373;1373;1520;1328;42540681;41316968;25712255;841062;27915963
FR;1;2022-04-25;1036;2129;9851;19692;9752;42541717;41319097;25722106;860754;27925715
FR;1;2022-04-26;1348;2621;12599;36562;12201;42543065;41321718;25734705;897316;27937916
FR;1;2022-04-27;1325;2404;10650;29197;10785;42544390;41324122;25745355;926513;27948701
FR;1;2022-04-28;1280;2399;11559;34263;11401;42545670;41326521;25756914;960776;27960102
FR;1;2022-04-29;1611;4259;14396;35522;13848;42547281;41330780;25771310;996298;27973950
FR;1;2022-04-30;829;1805;6446;9167;6288;42548110;41332585;25777756;1005465;27980238
FR;1;2022-05-01;177;286;829;948;822;42548287;41332871;25778585;1006413;27981060
FR;1;2022-05-02;1686;2596;10373;16911;10283;42549973;41335467;25788958;1023324;27991343
FR;1;2022-05-03;1574;2864;12701;32885;12593;42551547;41338331;25801659;1056209;28003936
FR;1;2022-05-04;1361;2735;11229;23800;11388;42552908;41341066;25812888;1080009;28015324
FR;1;2022-05-05;1471;2630;12175;31839;12100;42554379;41343696;25825063;1111848;28027424
FR;1;2022-05-06;1812;3229;14232;34910;13814;42556191;41346925;25839295;1146758;28041238
FR;1;2022-05-07;854;1470;5976;9091;6010;42557045;41348395;25845271;1155849;28047248
FR;1;2022-05-08;190;328;1059;1471;1121;42557235;41348723;25846330;1157320;28048369
FR;1;2022-05-09;1128;2008;9244;19259;9158;42558363;41350731;25855574;1176579;28057527
FR;1;2022-05-10;1479;2909;12611;37093;12210;42559842;41353640;25868185;1213672;28069737
FR;1;2022-05-11;1432;2463;9907;26015;9852;42561274;41356103;25878092;1239687;28079589
FR;1;2022-05-12;1315;2421;10514;33582;10215;42562589;41358524;25888606;1273269;28089804
FR;1;2022-05-13;1607;2799;12759;35729;12406;42564196;41361323;25901365;1308998;28102210
FR;1;2022-05-14;780;1318;5479;10214;5364;42564976;41362641;25906844;1319212;28107574
FR;1;2022-05-15;220;414;1182;1350;1251;42565196;41363055;25908026;1320562;28108825
FR;1;2022-05-16;968;1771;8070;20104;8123;42566164;41364826;25916096;1340666;28116948
FR;1;2022-05-17;1292;2292;11116;36168;10722;42567456;41367118;25927212;1376834;28127670
FR;1;2022-05-18;1306;2126;9035;25710;8986;42568762;41369244;25936247;1402544;28136656
FR;1;2022-05-19;1196;2392;9849;33987;9944;42569958;41371636;25946096;1436531;28146600
FR;1;2022-05-20;1561;2751;12525;37639;12108;42571519;41374387;25958621;1474170;28158708
FR;1;2022-05-21;774;1373;5246;9373;5164;42572293;41375760;25963867;1483543;28163872
FR;1;2022-05-22;191;291;949;1395;950;42572484;41376051;25964816;1484938;28164822
FR;1;2022-05-23;967;1881;8368;19405;8344;42573451;41377932;25973184;1504343;28173166
FR;1;2022-05-24;1284;2444;10718;37240;10585;42574735;41380376;25983902;1541583;28183751
FR;1;2022-05-25;1271;2292;8790;23669;8950;42576006;41382668;25992692;1565252;28192701
FR;1;2022-05-26;168;374;1580;1154;1575;42576174;41383042;25994272;1566406;28194276
FR;1;2022-05-27;1112;2179;8782;20449;8532;42577286;41385221;26003054;1586855;28202808
FR;1;2022-05-28;482;1048;3686;6536;3725;42577768;41386269;26006740;1593391;28206533
FR;1;2022-05-29;120;257;706;893;717;42577888;41386526;26007446;1594284;28207250
FR;1;2022-05-30;830;1728;6558;18531;6588;42578718;41388254;26014004;1612815;28213838
FR;1;2022-05-31;1267;2216;9241;34366;9110;42579985;41390470;26023245;1647181;28222948
FR;1;2022-06-01;1306;2591;10428;23447;10290;42581291;41393061;26033673;1670628;28233238
FR;1;2022-06-02;1221;2303;10663;34128;10240;42582512;41395364;26044336;1704756;28243478
FR;1;2022-06-03;1442;2730;12695;37093;12115;42583954;41398094;26057031;1741849;28255593
FR;1;2022-06-04;680;1261;4746;8675;4822;42584634;41399355;26061777;1750524;28260415
FR;1;2022-06-05;130;290;810;1048;832;42584764;41399645;26062587;1751572;28261247
FR;1;2022-06-06;421;1117;2019;1192;2033;42585185;41400762;26064606;1752764;28263280
FR;1;2022-06-07;1155;2316;9178;34038;8839;42586340;41403078;26073784;1786802;28272119
FR;1;2022-06-08;1111;2232;8668;27538;8548;42587451;41405310;26082452;1814340;28280667
FR;1;2022-06-09;1065;2144;9979;37552;9664;42588516;41407454;26092431;1851892;28290331
FR;1;2022-06-10;1333;2638;12393;43098;11969;42589849;41410092;26104824;1894990;28302300
FR;1;2022-06-11;657;1447;5137;11080;5185;42590506;41411539;26109961;1906070;28307485
FR;1;2022-06-12;152;372;1013;1683;1069;42590658;41411911;26110974;1907753;28308554
FR;1;2022-06-13;910;1827;7006;22218;6863;42591568;41413738;26117980;1929971;28315417
FR;1;2022-06-14;1086;2196;9837;42833;9239;42592654;41415934;26127817;1972804;28324656
FR;1;2022-06-15;1075;1989;8781;29364;8458;42593729;41417923;26136598;2002168;28333114
FR;1;2022-06-16;948;1830;9393;38464;8871;42594677;41419753;26145991;2040632;28341985
FR;1;2022-06-17;1217;2550;11872;44788;11357;42595894;41422303;26157863;2085420;28353342
FR;1;2022-06-18;560;1270;4316;10543;4254;42596454;41423573;26162179;2095963;28357596
FR;1;2022-06-19;137;325;1002;1543;1081;42596591;41423898;26163181;2097506;28358677
FR;1;2022-06-20;857;1698;8490;25036;8153;42597448;41425596;26171671;2122542;28366830
FR;1;2022-06-21;1099;2133;9759;47746;8849;42598547;41427729;26181430;2170288;28375679
FR;1;2022-06-22;1034;2053;8433;37132;7950;42599581;41429782;26189863;2207420;28383629
FR;1;2022-06-23;1050;2167;10119;52785;9404;42600631;41431949;26199982;2260205;28393033
FR;1;2022-06-24;1248;2703;12909;65936;11692;42601879;41434652;26212891;2326141;28404725
FR;1;2022-06-25;684;1502;5923;18916;5706;42602563;41436154;26218814;2345057;28410431
FR;1;2022-06-26;166;407;1818;3494;1713;42602729;41436561;26220632;2348551;28412144
FR;1;2022-06-27;937;1765;9901;45964;9126;42603666;41438326;26230533;2394515;28421270
FR;1;2022-06-28;1205;2568;13833;86523;12397;42604871;41440894;26244366;2481038;28433667
FR;1;2022-06-29;1238;2286;11480;67377;10546;42606109;41443180;26255846;2548415;28444213
FR;1;2022-06-30;1278;2446;13511;89950;11820;42607387;41445626;26269357;2638365;28456033
FR;1;2022-07-01;1633;3469;20302;109184;17961;42609020;41449095;26289659;2747549;28473994
FR;1;2022-07-02;764;1521;8018;33770;7249;42609784;41450616;26297677;2781319;28481243
FR;1;2022-07-03;226;479;1940;6115;1755;42610010;41451095;26299617;2787434;28482998
FR;1;2022-07-04;1358;2922;13913;75386;12335;42611368;41454017;26313530;2862820;28495333
FR;1;2022-07-05;1421;2803;17680;126336;15132;42612789;41456820;26331210;2989156;28510465
FR;1;2022-07-06;1347;2384;14879;93700;12898;42614136;41459204;26346089;3082856;28523363
FR;1;2022-07-07;1437;2530;16921;119456;13992;42615573;41461734;26363010;3202312;28537355
FR;1;2022-07-08;1525;2811;19604;129981;15965;42617098;41464545;26382614;3332293;28553320
FR;1;2022-07-09;660;1272;7302;36014;6345;42617758;41465817;26389916;3368307;28559665
FR;1;2022-07-10;236;494;2239;6687;2033;42617994;41466311;26392155;3374994;28561698
FR;1;2022-07-11;1208;2216;14313;84422;11928;42619202;41468527;26406468;3459416;28573626
FR;1;2022-07-12;1554;2774;19450;137385;15885;42620756;41471301;26425918;3596801;28589511
FR;1;2022-07-13;1409;2408;14779;89816;12623;42622165;41473709;26440697;3686617;28602134
FR;1;2022-07-14;159;344;1862;5285;1771;42622324;41474053;26442559;3691902;28603905
FR;1;2022-07-15;1255;2295;14359;80572;12002;42623579;41476348;26456918;3772474;28615907
FR;1;2022-07-16;505;1047;5637;23943;4891;42624084;41477395;26462555;3796417;28620798
FR;1;2022-07-17;158;363;1655;4460;1498;42624242;41477758;26464210;3800877;28622296
FR;1;2022-07-18;973;2025;11291;59267;9561;42625215;41479783;26475501;3860144;28631857
FR;1;2022-07-19;1227;2118;14685;99382;11718;42626442;41481901;26490186;3959526;28643575
FR;1;2022-07-20;1175;1990;12357;74338;10270;42627617;41483891;26502543;4033864;28653845
FR;1;2022-07-21;1126;1943;12404;84508;9984;42628743;41485834;26514947;4118372;28663829
FR;1;2022-07-22;1238;2203;14079;85863;11404;42629981;41488037;26529026;4204235;28675233
FR;1;2022-07-23;533;1084;5229;21291;4605;42630514;41489121;26534255;4225526;28679838
FR;1;2022-07-24;147;303;1325;3695;1165;42630661;41489424;26535580;4229221;28681003
FR;1;2022-07-25;884;1622;9066;46102;7512;42631545;41491046;26544646;4275323;28688515
FR;1;2022-07-26;1123;1955;12671;81936;10328;42632668;41493001;26557317;4357259;28698843
FR;1;2022-07-27;1013;1718;9743;58427;8118;42633681;41494719;26567060;4415686;28706961
FR;1;2022-07-28;979;1700;9848;61879;7841;42634660;41496419;26576908;4477565;28714802
FR;1;2022-07-29;1111;1806;10432;62900;8360;42635771;41498225;26587340;4540465;28723162
FR;1;2022-07-30;391;713;3343;14484;2846;42636162;41498938;26590683;4554949;28726008
FR;1;2022-07-31;138;263;900;2333;766;42636300;41499201;26591583;4557282;28726774
FR;1;2022-08-01;718;1312;7237;28957;6097;42637018;41500513;26598820;4586239;28732871
FR;1;2022-08-02;894;1466;8220;53995;6611;42637912;41501979;26607040;4640234;28739482
FR;1;2022-08-03;719;1091;6132;37028;4915;42638631;41503070;26613172;4677262;28744397
FR;1;2022-08-04;640;1073;6251;41405;5040;42639271;41504143;26619423;4718667;28749437
FR;1;2022-08-05;736;1189;6753;43028;5413;42640007;41505332;26626176;4761695;28754850
FR;1;2022-08-06;273;460;1990;8998;1671;42640280;41505792;26628166;4770693;28756521
FR;1;2022-08-07;88;143;520;1552;436;42640368;41505935;26628686;4772245;28756957
FR;1;2022-08-08;488;874;3790;21211;3119;42640856;41506809;26632476;4793456;28760076
FR;1;2022-08-09;607;1023;5673;38450;4546;42641463;41507832;26638149;4831906;28764622
FR;1;2022-08-10;530;1004;4431;26894;3627;42641993;41508836;26642580;4858800;28768249
FR;1;2022-08-11;537;909;4301;28185;3574;42642530;41509745;26646881;4886985;28771823
FR;1;2022-08-12;588;1018;4546;27156;3754;42643118;41510763;26651427;4914141;28775577
FR;1;2022-08-13;175;348;1247;5104;1062;42643293;41511111;26652674;4919245;28776639
FR;1;2022-08-14;64;114;275;871;234;42643357;41511225;26652949;4920116;28776873
FR;1;2022-08-15;74;159;566;540;526;42643431;41511384;26653515;4920656;28777399
FR;1;2022-08-16;522;927;3781;21477;3207;42643953;41512311;26657296;4942133;28780606
FR;1;2022-08-17;526;885;3762;22106;3188;42644479;41513196;26661058;4964239;28783794
FR;1;2022-08-18;539;875;3903;25420;3106;42645018;41514071;26664961;4989659;28786900
FR;1;2022-08-19;533;1032;4357;26508;3591;42645551;41515103;26669318;5016167;28790491
FR;1;2022-08-20;231;408;1285;5364;1101;42645782;41515511;26670603;5021531;28791592
FR;1;2022-08-21;81;110;281;988;249;42645863;41515621;26670884;5022519;28791841
FR;1;2022-08-22;471;873;3137;14942;2707;42646334;41516494;26674021;5037461;28794548
FR;1;2022-08-23;635;1053;4148;28309;3483;42646969;41517547;26678169;5065770;28798031
FR;1;2022-08-24;555;826;3395;19057;2764;42647524;41518373;26681564;5084827;28800795
FR;1;2022-08-25;560;920;3815;22908;3197;42648084;41519293;26685379;5107735;28803992
FR;1;2022-08-26;745;1120;4343;25144;3557;42648829;41520413;26689722;5132879;28807549
FR;1;2022-08-27;216;426;1322;5303;1190;42649045;41520839;26691044;5138182;28808739
FR;1;2022-08-28;111;144;298;894;279;42649156;41520983;26691342;5139076;28809018
FR;1;2022-08-29;502;852;2972;14223;2510;42649658;41521835;26694314;5153299;28811528
FR;1;2022-08-30;734;1093;4614;27691;3769;42650392;41522928;26698928;5180990;28815297
FR;1;2022-08-31;576;822;3099;17202;2609;42650968;41523750;26702027;5198192;28817906
FR;1;2022-09-01;665;904;4316;21851;3675;42651633;41524654;26706343;5220043;28821581
FR;1;2022-09-02;766;1037;4876;27857;4073;42652399;41525691;26711219;5247900;28825654
FR;1;2022-09-03;317;495;1829;5868;1585;42652716;41526186;26713048;5253768;28827239
FR;1;2022-09-04;106;136;341;842;334;42652822;41526322;26713389;5254610;28827573
FR;1;2022-09-05;566;645;3000;15682;2505;42653388;41526967;26716389;5270292;28830078
FR;1;2022-09-06;719;921;4548;31019;3689;42654107;41527888;26720937;5301311;28833767
FR;1;2022-09-07;536;682;2914;16435;2416;42654643;41528570;26723851;5317746;28836183
FR;1;2022-09-08;566;780;3689;24195;3031;42655209;41529350;26727540;5341941;28839214
FR;1;2022-09-09;762;961;4287;26824;3574;42655971;41530311;26731827;5368765;28842788
FR;1;2022-09-10;326;459;1669;5577;1470;42656297;41530770;26733496;5374342;28844258
FR;1;2022-09-11;106;117;309;644;290;42656403;41530887;26733805;5374986;28844548
FR;1;2022-09-12;447;567;2605;12928;2222;42656850;41531454;26736410;5387914;28846770
FR;1;2022-09-13;575;785;3853;25742;3329;42657425;41532239;26740263;5413656;28850099
FR;1;2022-09-14;568;690;2860;15684;2387;42657993;41532929;26743123;5429340;28852486
FR;1;2022-09-15;507;698;3320;23020;2799;42658500;41533627;26746443;5452360;28855285
FR;1;2022-09-16;713;922;4003;25264;3371;42659213;41534549;26750446;5477624;28858656
FR;1;2022-09-17;290;402;1389;5973;1213;42659503;41534951;26751835;5483597;28859869
FR;1;2022-09-18;97;120;310;922;278;42659600;41535071;26752145;5484519;28860147
FR;1;2022-09-19;364;556;2131;12833;1827;42659964;41535627;26754276;5497352;28861974
FR;1;2022-09-20;551;796;3647;25708;3048;42660515;41536423;26757923;5523060;28865022
FR;1;2022-09-21;469;677;2622;15859;2249;42660984;41537100;26760545;5538919;28867271
FR;1;2022-09-22;532;742;3265;22923;2664;42661516;41537842;26763810;5561842;28869935
FR;1;2022-09-23;749;922;4343;28113;3623;42662265;41538764;26768153;5589955;28873558
FR;1;2022-09-24;352;532;1581;6690;1363;42662617;41539296;26769734;5596645;28874921
FR;1;2022-09-25;79;149;321;1072;293;42662696;41539445;26770055;5597717;28875214
FR;1;2022-09-26;377;629;2166;13008;1921;42663073;41540074;26772221;5610725;28877135
FR;1;2022-09-27;537;751;3453;25002;2788;42663610;41540825;26775674;5635727;28879923
FR;1;2022-09-28;513;707;2439;14952;2206;42664123;41541532;26778113;5650679;28882129
FR;1;2022-09-29;501;684;2972;20301;2495;42664624;41542216;26781085;5670980;28884624
FR;1;2022-09-30;673;959;3764;24392;3145;42665297;41543175;26784849;5695372;28887769
FR;1;2022-10-01;330;537;1865;5493;1623;42665627;41543712;26786714;5700865;28889392
FR;1;2022-10-02;48;115;204;567;203;42665675;41543827;26786918;5701432;28889595
FR;1;2022-10-03;395;565;2162;10000;1905;42666070;41544392;26789080;5711432;28891500
FR;1;2022-10-04;539;670;2914;18908;2459;42666609;41545062;26791994;5730340;28893959
FR;1;2022-10-05;423;678;2074;11089;1848;42667032;41545740;26794068;5741429;28895807
FR;1;2022-10-06;437;597;2484;15759;2050;42667469;41546337;26796552;5757188;28897857
FR;1;2022-10-07;544;734;2684;16050;2300;42668013;41547071;26799236;5773238;28900157
FR;1;2022-10-08;230;303;884;3165;774;42668243;41547374;26800120;5776403;28900931
FR;1;2022-10-09;73;85;149;461;133;42668316;41547459;26800269;5776864;28901064
FR;1;2022-10-10;292;425;1303;4978;1221;42668608;41547884;26801572;5781842;28902285
FR;1;2022-10-11;316;425;1295;8019;1171;42668924;41548309;26802867;5789861;28903456
FR;1;2022-10-12;318;415;1042;5174;1039;42669242;41548724;26803909;5795035;28904495
FR;1;2022-10-13;315;376;1057;6041;910;42669557;41549100;26804966;5801076;28905405
FR;1;2022-10-14;400;517;1166;6699;1038;42669957;41549617;26806132;5807775;28906443
FR;1;2022-10-15;192;255;511;1853;491;42670149;41549872;26806643;5809628;28906934
FR;1;2022-10-16;46;58;106;290;113;42670195;41549930;26806749;5809918;28907047
FR;1;2022-10-17;226;313;731;2648;685;42670421;41550243;26807480;5812566;28907732
FR;1;2022-10-18;262;308;944;4572;822;42670683;41550551;26808424;5817138;28908554
FR;1;2022-10-19;270;354;685;3163;652;42670953;41550905;26809109;5820301;28909206
FR;1;2022-10-20;263;304;869;4321;758;42671216;41551209;26809978;5824622;28909964
FR;1;2022-10-21;297;397;835;3783;728;42671513;41551606;26810813;5828405;28910692
FR;1;2022-10-22;134;165;302;1236;297;42671647;41551771;26811115;5829641;28910989
FR;1;2022-10-23;29;32;64;196;58;42671676;41551803;26811179;5829837;28911047
FR;1;2022-10-24;266;221;468;1581;476;42671942;41552024;26811647;5831418;28911523
FR;1;2022-10-25;212;247;511;2624;435;42672154;41552271;26812158;5834042;28911958
FR;1;2022-10-26;231;237;383;1927;362;42672385;41552508;26812541;5835969;28912320
FR;1;2022-10-27;253;215;475;2150;489;42672638;41552723;26813016;5838119;28912809
FR;1;2022-10-28;302;301;504;2313;450;42672940;41553024;26813520;5840432;28913259
FR;1;2022-10-29;93;148;166;700;201;42673033;41553172;26813686;5841132;28913460
FR;1;2022-10-30;36;40;57;181;51;42673069;41553212;26813743;5841313;28913511
FR;1;2022-10-31;130;175;290;789;266;42673199;41553387;26814033;5842102;28913777
FR;1;2022-11-01;19;45;381;75;382;42673218;41553432;26814414;5842177;28914159
FR;1;2022-11-02;237;212;424;953;393;42673455;41553644;26814838;5843130;28914552
FR;1;2022-11-03;254;215;390;1362;348;42673709;41553859;26815228;5844492;28914900
FR;1;2022-11-04;217;241;348;1568;333;42673926;41554100;26815576;5846060;28915233
FR;1;2022-11-05;88;110;161;487;147;42674014;41554210;26815737;5846547;28915380
FR;1;2022-11-06;33;38;31;127;34;42674047;41554248;26815768;5846674;28915414
FR;1;2022-11-07;166;185;225;850;219;42674213;41554433;26815993;5847524;28915633
FR;1;2022-11-08;184;212;352;1649;304;42674397;41554645;26816345;5849173;28915937
FR;1;2022-11-09;173;196;296;1071;261;42674570;41554841;26816641;5850244;28916198
FR;1;2022-11-10;187;249;318;1641;328;42674757;41555090;26816959;5851885;28916526
FR;1;2022-11-11;19;26;57;96;45;42674776;41555116;26817016;5851981;28916571
FR;1;2022-11-12;76;95;122;360;117;42674852;41555211;26817138;5852341;28916688
FR;1;2022-11-13;16;20;15;62;19;42674868;41555231;26817153;5852403;28916707
FR;1;2022-11-14;158;162;204;720;205;42675026;41555393;26817357;5853123;28916912
FR;1;2022-11-15;191;185;249;1218;238;42675217;41555578;26817606;5854341;28917150
FR;1;2022-11-16;163;193;209;879;221;42675380;41555771;26817815;5855220;28917371
FR;1;2022-11-17;151;158;199;1100;177;42675531;41555929;26818014;5856320;28917548
FR;1;2022-11-18;212;231;268;1178;257;42675743;41556160;26818282;5857498;28917805
FR;1;2022-11-19;105;87;143;399;112;42675848;41556247;26818425;5857897;28917917
FR;1;2022-11-20;17;21;17;53;18;42675865;41556268;26818442;5857950;28917935
FR;2;2020-12-27;0;0;0;0;0;0;0;0;0;0
FR;2;2020-12-28;0;0;0;0;0;0;0;0;0;0
FR;2;2020-12-29;0;0;0;0;0;0;0;0;0;0
FR;2;2020-12-30;0;0;0;0;0;0;0;0;0;0
FR;2;2020-12-31;0;0;0;0;0;0;0;0;0;0
FR;2;2021-01-01;0;0;0;0;0;0;0;0;0;0
FR;2;2021-01-02;0;0;0;0;0;0;0;0;0;0
FR;2;2021-01-03;0;0;0;0;0;0;0;0;0;0
FR;2;2021-01-04;0;0;0;0;0;0;0;0;0;0
FR;2;2021-01-05;0;0;0;0;0;0;0;0;0;0
FR;2;2021-01-06;0;0;0;0;0;0;0;0;0;0
FR;2;2021-01-07;0;0;0;0;0;0;0;0;0;0
FR;2;2021-01-08;0;0;0;0;0;0;0;0;0;0
FR;2;2021-01-09;0;0;0;0;0;0;0;0;0;0
FR;2;2021-01-10;0;0;0;0;0;0;0;0;0;0
FR;2;2021-01-11;0;0;0;0;0;0;0;0;0;0
FR;2;2021-01-12;0;0;0;0;0;0;0;0;0;0
FR;2;2021-01-13;0;0;0;0;0;0;0;0;0;0
FR;2;2021-01-14;1654;0;0;0;0;1654;0;0;0;0
FR;2;2021-01-15;398;0;0;0;0;2052;0;0;0;0
FR;2;2021-01-16;316;0;0;0;0;2368;0;0;0;0
FR;2;2021-01-17;84;0;0;0;0;2452;0;0;0;0
FR;2;2021-01-18;3074;2;0;0;0;5526;2;0;0;0
FR;2;2021-01-19;4681;1;0;0;0;10207;3;0;0;0
FR;2;2021-01-20;5137;6;0;0;0;15344;9;0;0;0
FR;2;2021-01-21;5345;9;0;0;0;20689;18;0;0;0
FR;2;2021-01-22;5118;17;0;0;0;25807;35;0;0;0
FR;2;2021-01-23;1874;2;0;0;0;27681;37;0;0;0
FR;2;2021-01-24;163;2;0;0;0;27844;39;0;0;0
FR;2;2021-01-25;3814;3;0;0;0;31658;42;0;0;0
FR;2;2021-01-26;3925;5;0;0;0;35583;47;0;0;0
FR;2;2021-01-27;3603;4;0;0;0;39186;51;0;0;0
FR;2;2021-01-28;3755;8;0;0;0;42941;59;0;0;0
FR;2;2021-01-29;3297;4;0;0;0;46238;63;0;0;0
FR;2;2021-01-30;1133;3;0;0;0;47371;66;0;0;0
FR;2;2021-01-31;46;2;0;0;0;47417;68;0;0;0
FR;2;2021-02-01;3406;11;0;0;0;50823;79;0;0;0
FR;2;2021-02-02;4494;19;0;0;0;55317;98;0;0;0
FR;2;2021-02-03;5222;10;0;0;0;60539;108;0;0;0
FR;2;2021-02-04;4938;11;0;0;0;65477;119;0;0;0
FR;2;2021-02-05;4815;16;0;0;0;70292;135;0;0;0
FR;2;2021-02-06;2044;16;0;0;0;72336;151;0;0;0
FR;2;2021-02-07;103;4;0;0;0;72439;155;0;0;0
FR;2;2021-02-08;7557;25;0;0;0;79996;180;0;0;0
FR;2;2021-02-09;8429;28;0;0;0;88425;208;0;0;0
FR;2;2021-02-10;9343;61;0;0;0;97768;269;0;0;0
FR;2;2021-02-11;10290;125;0;0;0;108058;394;0;0;0
FR;2;2021-02-12;10060;273;0;0;0;118118;667;0;0;0
FR;2;2021-02-13;3120;225;0;0;0;121238;892;0;0;0
FR;2;2021-02-14;357;10;0;0;0;121595;902;0;0;0
FR;2;2021-02-15;3460;3115;0;0;0;125055;4017;0;0;0
FR;2;2021-02-16;5074;4130;0;0;0;130129;8147;0;0;0
FR;2;2021-02-17;4258;4538;0;0;0;134387;12685;0;0;0
FR;2;2021-02-18;5404;5167;0;0;0;139791;17852;0;0;0
FR;2;2021-02-19;5327;4469;0;0;0;145118;22321;0;0;0
FR;2;2021-02-20;1872;1519;0;0;0;146990;23840;0;0;0
FR;2;2021-02-21;244;96;0;0;0;147234;23936;0;0;0
FR;2;2021-02-22;3613;3771;0;0;0;150847;27707;0;0;0
FR;2;2021-02-23;4955;3731;0;0;0;155802;31438;0;0;0
FR;2;2021-02-24;5015;3537;0;0;0;160817;34975;0;0;0
FR;2;2021-02-25;5498;3480;0;0;0;166315;38455;0;0;0
FR;2;2021-02-26;4367;3170;0;0;0;170682;41625;0;0;0
FR;2;2021-02-27;1629;1064;0;0;0;172311;42689;0;0;0
FR;2;2021-02-28;179;17;0;0;0;172490;42706;0;0;0
FR;2;2021-03-01;5191;3760;0;0;0;177681;46466;0;0;0
FR;2;2021-03-02;6540;4722;0;0;0;184221;51188;0;0;0
FR;2;2021-03-03;6541;4950;0;0;0;190762;56138;0;0;0
FR;2;2021-03-04;8409;4182;0;0;0;199171;60320;0;0;0
FR;2;2021-03-05;8036;4050;0;0;0;207207;64370;0;0;0
FR;2;2021-03-06;4788;1681;0;0;0;211995;66051;0;0;0
FR;2;2021-03-07;2373;33;0;0;0;214368;66084;0;0;0
FR;2;2021-03-08;4166;8389;0;0;0;218534;74473;0;0;0
FR;2;2021-03-09;7491;8580;1;0;0;226025;83053;1;0;0
FR;2;2021-03-10;7105;9215;0;0;0;233130;92268;1;0;0
FR;2;2021-03-11;9376;9330;1;0;0;242506;101598;2;0;0
FR;2;2021-03-12;7981;8339;0;0;0;250487;109937;2;0;0
FR;2;2021-03-13;10055;2586;0;0;0;260542;112523;2;0;0
FR;2;2021-03-14;4841;384;0;0;0;265383;112907;2;0;0
FR;2;2021-03-15;10913;3476;0;0;0;276296;116383;2;0;0
FR;2;2021-03-16;16768;4683;1;0;0;293064;121066;3;0;0
FR;2;2021-03-17;20240;4003;0;0;0;313304;125069;3;0;0
FR;2;2021-03-18;23370;5103;0;0;0;336674;130172;3;0;0
FR;2;2021-03-19;23311;4658;0;0;0;359985;134830;3;0;0
FR;2;2021-03-20;25452;1577;0;0;0;385437;136407;3;0;0
FR;2;2021-03-21;17671;154;0;0;0;403108;136561;3;0;0
FR;2;2021-03-22;17788;3246;0;0;0;420896;139807;3;0;0
FR;2;2021-03-23;22701;4267;0;0;0;443597;144074;3;0;0
FR;2;2021-03-24;23960;5042;0;0;0;467557;149116;3;0;0
FR;2;2021-03-25;26754;5247;1;0;0;494311;154363;4;0;0
FR;2;2021-03-26;26987;4233;0;0;0;521298;158596;4;0;0
FR;2;2021-03-27;15920;1349;0;0;0;537218;159945;4;0;0
FR;2;2021-03-28;10562;123;0;0;0;547780;160068;4;0;0
FR;2;2021-03-29;18996;4318;0;0;0;566776;164386;4;0;0
FR;2;2021-03-30;24589;6090;0;0;0;591365;170476;4;0;0
FR;2;2021-03-31;28560;5924;0;0;0;619925;176400;4;0;0
FR;2;2021-04-01;34552;8565;1;0;0;654477;184965;5;0;0
FR;2;2021-04-02;29987;7710;0;0;0;684464;192675;5;0;0
FR;2;2021-04-03;16955;4163;0;0;0;701419;196838;5;0;0
FR;2;2021-04-04;9306;1226;2;0;0;710725;198064;7;0;0
FR;2;2021-04-05;12445;799;0;0;0;723170;198863;7;0;0
FR;2;2021-04-06;27156;7252;0;0;0;750326;206115;7;0;0
FR;2;2021-04-07;30931;7096;1;0;0;781257;213211;8;0;0
FR;2;2021-04-08;36894;8603;1;0;0;818151;221814;9;0;0
FR;2;2021-04-09;33849;8411;28;0;0;852000;230225;37;0;0
FR;2;2021-04-10;19687;9243;1;0;0;871687;239468;38;0;0
FR;2;2021-04-11;7942;4240;1;0;0;879629;243708;39;0;0
FR;2;2021-04-12;17128;11024;0;0;0;896757;254732;39;0;0
FR;2;2021-04-13;19459;16043;1;0;0;916216;270775;40;0;0
FR;2;2021-04-14;18070;16421;7;0;0;934286;287196;47;0;0
FR;2;2021-04-15;22200;21629;27;0;0;956486;308825;74;0;0
FR;2;2021-04-16;20713;20486;45;0;0;977199;329311;119;0;0
FR;2;2021-04-17;13257;22482;5;0;0;990456;351793;124;0;0
FR;2;2021-04-18;5911;14402;6;0;0;996367;366195;130;0;0
FR;2;2021-04-19;16846;16372;24;0;0;1013213;382567;154;0;0
FR;2;2021-04-20;19324;21721;38;0;0;1032537;404288;192;0;0
FR;2;2021-04-21;20291;21807;76;0;0;1052828;426095;268;0;0
FR;2;2021-04-22;23819;24937;41;0;0;1076647;451032;309;0;0
FR;2;2021-04-23;24528;25432;76;0;0;1101175;476464;385;0;0
FR;2;2021-04-24;25304;15060;104;0;0;1126479;491524;489;0;0
FR;2;2021-04-25;9596;8612;5;0;0;1136075;500136;494;0;0
FR;2;2021-04-26;17164;17526;21;0;0;1153239;517662;515;0;0
FR;2;2021-04-27;19244;24128;40;0;0;1172483;541790;555;0;0
FR;2;2021-04-28;22338;26383;112;0;0;1194821;568173;667;0;0
FR;2;2021-04-29;25472;30351;69;0;0;1220293;598524;736;0;0
FR;2;2021-04-30;25533;27899;49;1;0;1245826;626423;785;1;0
FR;2;2021-05-01;14987;9855;6;0;0;1260813;636278;791;1;0
FR;2;2021-05-02;6640;9171;2;0;0;1267453;645449;793;1;0
FR;2;2021-05-03;20021;19160;40;0;0;1287474;664609;833;1;0
FR;2;2021-05-04;18285;29151;33;0;0;1305759;693760;866;1;0
FR;2;2021-05-05;18378;29447;48;0;0;1324137;723207;914;1;0
FR;2;2021-05-06;23547;35366;132;0;0;1347684;758573;1046;1;0
FR;2;2021-05-07;25336;33236;97;0;0;1373020;791809;1143;1;0
FR;2;2021-05-08;21342;10410;14;0;0;1394362;802219;1157;1;0
FR;2;2021-05-09;13167;7692;7;0;0;1407529;809911;1164;1;0
FR;2;2021-05-10;32942;21832;50;0;0;1440471;831743;1214;1;0
FR;2;2021-05-11;43608;20946;101;0;0;1484079;852689;1315;1;0
FR;2;2021-05-12;50056;19687;143;0;0;1534135;872376;1458;1;0
FR;2;2021-05-13;51297;5655;31;0;0;1585432;878031;1489;1;0
FR;2;2021-05-14;61355;12884;132;0;0;1646787;890915;1621;1;0
FR;2;2021-05-15;65934;7113;39;0;0;1712721;898028;1660;1;0
FR;2;2021-05-16;43587;2572;10;0;0;1756308;900600;1670;1;0
FR;2;2021-05-17;44752;12477;114;0;0;1801060;913077;1784;1;0
FR;2;2021-05-18;54645;12277;191;0;0;1855705;925354;1975;1;0
FR;2;2021-05-19;57176;10514;281;0;0;1912881;935868;2256;1;0
FR;2;2021-05-20;63442;10805;288;0;0;1976323;946673;2544;1;0
FR;2;2021-05-21;64299;11620;230;0;0;2040622;958293;2774;1;0
FR;2;2021-05-22;61487;4523;65;0;0;2102109;962816;2839;1;0
FR;2;2021-05-23;37534;575;22;0;0;2139643;963391;2861;1;0
FR;2;2021-05-24;17244;2045;35;0;0;2156887;965436;2896;1;0
FR;2;2021-05-25;21116;12233;240;0;0;2178003;977669;3136;1;0
FR;2;2021-05-26;19940;11507;230;0;0;2197943;989176;3366;1;0
FR;2;2021-05-27;22997;12657;182;0;0;2220940;1001833;3548;1;0
FR;2;2021-05-28;29394;15003;190;0;0;2250334;1016836;3738;1;0
FR;2;2021-05-29;30422;8191;57;0;0;2280756;1025027;3795;1;0
FR;2;2021-05-30;4647;1817;6;0;0;2285403;1026844;3801;1;0
FR;2;2021-05-31;28589;18744;184;0;0;2313992;1045588;3985;1;0
FR;2;2021-06-01;45734;19926;224;0;0;2359726;1065514;4209;1;0
FR;2;2021-06-02;37476;19278;182;0;0;2397202;1084792;4391;1;0
FR;2;2021-06-03;51278;23160;161;0;0;2448480;1107952;4552;1;0
FR;2;2021-06-04;65512;24082;217;0;0;2513992;1132034;4769;1;0
FR;2;2021-06-05;34601;24084;52;0;0;2548593;1156118;4821;1;0
FR;2;2021-06-06;4956;6194;10;0;0;2553549;1162312;4831;1;0
FR;2;2021-06-07;28174;23015;150;0;0;2581723;1185327;4981;1;0
FR;2;2021-06-08;46377;22927;143;0;0;2628100;1208254;5124;1;0
FR;2;2021-06-09;34292;20955;107;0;0;2662392;1229209;5231;1;0
FR;2;2021-06-10;42641;19121;95;1;0;2705033;1248330;5326;2;0
FR;2;2021-06-11;55300;25157;134;0;0;2760333;1273487;5460;2;0
FR;2;2021-06-12;30561;19783;53;0;0;2790894;1293270;5513;2;0
FR;2;2021-06-13;3331;9194;13;0;0;2794225;1302464;5526;2;0
FR;2;2021-06-14;25300;24116;92;0;0;2819525;1326580;5618;2;0
FR;2;2021-06-15;39047;22828;154;0;0;2858572;1349408;5772;2;0
FR;2;2021-06-16;30164;21386;135;0;0;2888736;1370794;5907;2;0
FR;2;2021-06-17;36912;25801;150;0;0;2925648;1396595;6057;2;0
FR;2;2021-06-18;46859;28859;123;0;0;2972507;1425454;6180;2;0
FR;2;2021-06-19;24525;24912;39;0;0;2997032;1450366;6219;2;0
FR;2;2021-06-20;3745;10060;9;0;0;3000777;1460426;6228;2;0
FR;2;2021-06-21;17529;42844;88;0;0;3018306;1503270;6316;2;0
FR;2;2021-06-22;28361;49580;110;0;0;3046667;1552850;6426;2;0
FR;2;2021-06-23;21790;49594;107;1;1;3068457;1602444;6533;3;1
FR;2;2021-06-24;28377;50295;134;0;0;3096834;1652739;6667;3;1
FR;2;2021-06-25;33400;60420;128;0;0;3130234;1713159;6795;3;1
FR;2;2021-06-26;16388;59314;54;1;0;3146622;1772473;6849;4;1
FR;2;2021-06-27;2566;29314;22;1;0;3149188;1801787;6871;5;1
FR;2;2021-06-28;12640;54329;84;0;0;3161828;1856116;6955;5;1
FR;2;2021-06-29;19857;59953;178;0;0;3181685;1916069;7133;5;1
FR;2;2021-06-30;16331;57985;253;17;0;3198016;1974054;7386;22;1
FR;2;2021-07-01;20491;59880;228;0;0;3218507;2033934;7614;22;1
FR;2;2021-07-02;24081;62145;184;0;0;3242588;2096079;7798;22;1
FR;2;2021-07-03;12119;57116;153;0;0;3254707;2153195;7951;22;1
FR;2;2021-07-04;1960;23307;18;0;0;3256667;2176502;7969;22;1
FR;2;2021-07-05;9177;29313;106;0;0;3265844;2205815;8075;22;1
FR;2;2021-07-06;14582;36238;135;0;0;3280426;2242053;8210;22;1
FR;2;2021-07-07;14414;33666;139;0;0;3294840;2275719;8349;22;1
FR;2;2021-07-08;19722;40308;162;0;0;3314562;2316027;8511;22;1
FR;2;2021-07-09;27103;54314;202;1;0;3341665;2370341;8713;23;1
FR;2;2021-07-10;13386;33700;107;0;0;3355051;2404041;8820;23;1
FR;2;2021-07-11;1810;4354;16;0;0;3356861;2408395;8836;23;1
FR;2;2021-07-12;12971;37294;119;0;0;3369832;2445689;8955;23;1
FR;2;2021-07-13;37114;53180;152;0;0;3406946;2498869;9107;23;1
FR;2;2021-07-14;6626;3542;15;0;0;3413572;2502411;9122;23;1
FR;2;2021-07-15;47242;47026;156;0;0;3460814;2549437;9278;23;1
FR;2;2021-07-16;64316;55794;188;0;0;3525130;2605231;9466;23;1
FR;2;2021-07-17;31600;23927;96;0;0;3556730;2629158;9562;23;1
FR;2;2021-07-18;6088;4832;19;0;0;3562818;2633990;9581;23;1
FR;2;2021-07-19;33004;28628;94;0;0;3595822;2662618;9675;23;1
FR;2;2021-07-20;51999;44530;155;0;0;3647821;2707148;9830;23;1
FR;2;2021-07-21;45255;34684;93;0;0;3693076;2741832;9923;23;1
FR;2;2021-07-22;56280;41081;128;1;0;3749356;2782913;10051;24;1
FR;2;2021-07-23;68298;48993;170;0;0;3817654;2831906;10221;24;1
FR;2;2021-07-24;36177;21604;82;0;0;3853831;2853510;10303;24;1
FR;2;2021-07-25;6749;2615;10;0;0;3860580;2856125;10313;24;1
FR;2;2021-07-26;36318;22376;91;1;0;3896898;2878501;10404;25;1
FR;2;2021-07-27;62387;34587;180;0;0;3959285;2913088;10584;25;1
FR;2;2021-07-28;55320;26433;132;0;0;4014605;2939521;10716;25;1
FR;2;2021-07-29;68479;32797;189;0;0;4083084;2972318;10905;25;1
FR;2;2021-07-30;74464;37804;222;1;0;4157548;3010122;11127;26;1
FR;2;2021-07-31;34771;16202;105;0;0;4192319;3026324;11232;26;1
FR;2;2021-08-01;5414;2258;19;0;0;4197733;3028582;11251;26;1
FR;2;2021-08-02;35884;16179;101;0;0;4233617;3044761;11352;26;1
FR;2;2021-08-03;55985;28277;142;0;0;4289602;3073038;11494;26;1
FR;2;2021-08-04;46636;20840;128;1;0;4336238;3093878;11622;27;1
FR;2;2021-08-05;54637;31566;215;0;0;4390875;3125444;11837;27;1
FR;2;2021-08-06;58094;42397;242;1;0;4448969;3167841;12079;28;1
FR;2;2021-08-07;25149;17625;89;0;0;4474118;3185466;12168;28;1
FR;2;2021-08-08;3838;3652;21;0;0;4477956;3189118;12189;28;1
FR;2;2021-08-09;29307;21060;92;0;0;4507263;3210178;12281;28;1
FR;2;2021-08-10;45009;33481;155;0;0;4552272;3243659;12436;28;1
FR;2;2021-08-11;35275;25150;151;0;0;4587547;3268809;12587;28;1
FR;2;2021-08-12;41904;35699;163;0;0;4629451;3304508;12750;28;1
FR;2;2021-08-13;42606;37276;218;0;0;4672057;3341784;12968;28;1
FR;2;2021-08-14;18524;22160;94;0;0;4690581;3363944;13062;28;1
FR;2;2021-08-15;3856;3803;17;0;0;4694437;3367747;13079;28;1
FR;2;2021-08-16;25093;27138;111;0;0;4719530;3394885;13190;28;1
FR;2;2021-08-17;38261;43411;205;2;0;4757791;3438296;13395;30;1
FR;2;2021-08-18;32254;36361;195;1;1;4790045;3474657;13590;31;2
FR;2;2021-08-19;37434;46575;224;0;0;4827479;3521232;13814;31;2
FR;2;2021-08-20;40568;55642;271;1;0;4868047;3576874;14085;32;2
FR;2;2021-08-21;18121;24305;116;0;0;4886168;3601179;14201;32;2
FR;2;2021-08-22;2907;4328;22;1;1;4889075;3605507;14223;33;3
FR;2;2021-08-23;19248;35154;131;1;0;4908323;3640661;14354;34;3
FR;2;2021-08-24;31949;56050;236;0;0;4940272;3696711;14590;34;3
FR;2;2021-08-25;25934;43455;250;0;0;4966206;3740166;14840;34;3
FR;2;2021-08-26;32362;55820;388;0;0;4998568;3795986;15228;34;3
FR;2;2021-08-27;37003;65672;477;2;0;5035571;3861658;15705;36;3
FR;2;2021-08-28;17819;28530;300;0;0;5053390;3890188;16005;36;3
FR;2;2021-08-29;2656;5017;47;0;0;5056046;3895205;16052;36;3
FR;2;2021-08-30;18416;37734;400;0;759;5074462;3932939;16452;36;762
FR;2;2021-08-31;28076;57504;887;4;1551;5102538;3990443;17339;40;2313
FR;2;2021-09-01;21593;39871;1309;0;2118;5124131;4030314;18648;40;4431
FR;2;2021-09-02;25485;48660;1962;2;3351;5149616;4078974;20610;42;7782
FR;2;2021-09-03;33411;64547;2988;3;4874;5183027;4143521;23598;45;12656
FR;2;2021-09-04;16832;27754;1442;1;2380;5199859;4171275;25040;46;15036
FR;2;2021-09-05;2262;3602;266;0;412;5202121;4174877;25306;46;15448
FR;2;2021-09-06;14043;28707;1770;1;2943;5216164;4203584;27076;47;18391
FR;2;2021-09-07;21107;41098;3021;13;4922;5237271;4244682;30097;60;23313
FR;2;2021-09-08;17248;31918;2736;6;4497;5254519;4276600;32833;66;27810
FR;2;2021-09-09;20980;40478;4437;3;6819;5275499;4317078;37270;69;34629
FR;2;2021-09-10;28201;51274;5285;4;8934;5303700;4368352;42555;73;43563
FR;2;2021-09-11;13654;22439;2404;5;3978;5317354;4390791;44959;78;47541
FR;2;2021-09-12;1824;2778;292;0;513;5319178;4393569;45251;78;48054
FR;2;2021-09-13;11659;21446;2473;4;4039;5330837;4415015;47724;82;52093
FR;2;2021-09-14;18575;32741;5090;13;9057;5349412;4447756;52814;95;61150
FR;2;2021-09-15;14914;28252;5169;3;7760;5364326;4476008;57983;98;68910
FR;2;2021-09-16;16079;32785;6737;12;10537;5380405;4508793;64720;110;79447
FR;2;2021-09-17;20915;47142;8780;10;14609;5401320;4555935;73500;120;94056
FR;2;2021-09-18;9857;20965;3803;6;6035;5411177;4576900;77303;126;100091
FR;2;2021-09-19;1166;2599;396;0;633;5412343;4579499;77699;126;100724
FR;2;2021-09-20;7498;18719;3855;7;6141;5419841;4598218;81554;133;106865
FR;2;2021-09-21;11214;29997;6495;5;10742;5431055;4628215;88049;138;117607
FR;2;2021-09-22;9409;23536;5490;6;8515;5440464;4651751;93539;144;126122
FR;2;2021-09-23;10729;28900;7881;10;12650;5451193;4680651;101420;154;138772
FR;2;2021-09-24;15073;42932;10876;18;17239;5466266;4723583;112296;172;156011
FR;2;2021-09-25;7258;18784;3965;9;6111;5473524;4742367;116261;181;162122
FR;2;2021-09-26;1079;2550;495;0;630;5474603;4744917;116756;181;162752
FR;2;2021-09-27;6313;16414;4285;8;6535;5480916;4761331;121041;189;169287
FR;2;2021-09-28;9241;25558;7769;14;12080;5490157;4786889;128810;203;181367
FR;2;2021-09-29;8082;20204;6067;25;9259;5498239;4807093;134877;228;190626
FR;2;2021-09-30;9864;25835;9507;16;14105;5508103;4832928;144384;244;204731
FR;2;2021-10-01;13976;35720;12918;25;19311;5522079;4868648;157302;269;224042
FR;2;2021-10-02;6873;15924;4850;7;7039;5528952;4884572;162152;276;231081
FR;2;2021-10-03;841;1916;492;1;503;5529793;4886488;162644;277;231584
FR;2;2021-10-04;5825;13901;5515;5;7853;5535618;4900389;168159;282;239437
FR;2;2021-10-05;9058;22552;11123;19;15734;5544676;4922941;179282;301;255171
FR;2;2021-10-06;7783;17744;8242;11;11080;5552459;4940685;187524;312;266251
FR;2;2021-10-07;9203;22203;12384;14;16865;5561662;4962888;199908;326;283116
FR;2;2021-10-08;13431;32110;17350;27;23589;5575093;4994998;217258;353;306705
FR;2;2021-10-09;6000;12839;6044;6;7894;5581093;5007837;223302;359;314599
FR;2;2021-10-10;885;1602;436;2;609;5581978;5009439;223738;361;315208
FR;2;2021-10-11;5607;11559;6455;17;8832;5587585;5020998;230193;378;324040
FR;2;2021-10-12;8030;17791;12549;13;16778;5595615;5038789;242742;391;340818
FR;2;2021-10-13;6944;14858;10255;12;13642;5602559;5053647;252997;403;354460
FR;2;2021-10-14;8314;17941;14996;13;19471;5610873;5071588;267993;416;373931
FR;2;2021-10-15;11855;26304;20903;26;27972;5622728;5097892;288896;442;401903
FR;2;2021-10-16;5140;8736;1819;0;3218;5627868;5106628;290715;442;405121
FR;2;2021-10-17;651;1156;184;0;361;5628519;5107784;290899;442;405482
FR;2;2021-10-18;4562;7355;665;2;1640;5633081;5115139;291564;444;407122
FR;2;2021-10-19;6238;9860;732;5;2038;5639319;5124999;292296;449;409160
FR;2;2021-10-20;5170;8062;758;3;1678;5644489;5133061;293054;452;410838
FR;2;2021-10-21;6090;9974;780;5;2103;5650579;5143035;293834;457;412941
FR;2;2021-10-22;8451;14597;1148;4;2887;5659030;5157632;294982;461;415828
FR;2;2021-10-23;3845;5993;587;0;1234;5662875;5163625;295569;461;417062
FR;2;2021-10-24;494;887;101;0;206;5663369;5164512;295670;461;417268
FR;2;2021-10-25;3359;5348;307;1;825;5666728;5169860;295977;462;418093
FR;2;2021-10-26;4176;7245;1132;4;2022;5670904;5177105;297109;466;420115
FR;2;2021-10-27;3676;6600;1193;5;1993;5674580;5183705;298302;471;422108
FR;2;2021-10-28;4598;7695;1734;3;2748;5679178;5191400;300036;474;424856
FR;2;2021-10-29;5413;11086;2437;4;3682;5684591;5202486;302473;478;428538
FR;2;2021-10-30;2749;4445;976;1;1437;5687340;5206931;303449;479;429975
FR;2;2021-10-31;364;533;139;1;190;5687704;5207464;303588;480;430165
FR;2;2021-11-01;428;548;181;0;267;5688132;5208012;303769;480;430432
FR;2;2021-11-02;3293;6758;1183;0;1762;5691425;5214770;304952;480;432194
FR;2;2021-11-03;3340;6234;1388;2;1969;5694765;5221004;306340;482;434163
FR;2;2021-11-04;3986;7077;1768;4;2496;5698751;5228081;308108;486;436659
FR;2;2021-11-05;5234;10503;2867;5;3958;5703985;5238584;310975;491;440617
FR;2;2021-11-06;2596;4680;1403;0;1817;5706581;5243264;312378;491;442434
FR;2;2021-11-07;506;865;220;0;289;5707087;5244129;312598;491;442723
FR;2;2021-11-08;2578;5351;1204;3;1677;5709665;5249480;313802;494;444400
FR;2;2021-11-09;2749;6915;2402;5;3180;5712414;5256395;316204;499;447580
FR;2;2021-11-10;2590;5675;5113;6;6286;5715004;5262070;321317;505;453866
FR;2;2021-11-11;444;754;749;2;933;5715448;5262824;322066;507;454799
FR;2;2021-11-12;2953;8088;8973;8;10912;5718401;5270912;331039;515;465711
FR;2;2021-11-13;1539;3381;3870;7;4542;5719940;5274293;334909;522;470253
FR;2;2021-11-14;257;591;351;1;482;5720197;5274884;335260;523;470735
FR;2;2021-11-15;1622;3665;4447;8;5329;5721819;5278549;339707;531;476064
FR;2;2021-11-16;2184;5892;8309;14;10079;5724003;5284441;348016;545;486143
FR;2;2021-11-17;1741;4529;6630;8;7852;5725744;5288970;354646;553;493995
FR;2;2021-11-18;2192;5933;9184;10;11018;5727936;5294903;363830;563;505013
FR;2;2021-11-19;2700;7772;12975;19;15479;5730636;5302675;376805;582;520492
FR;2;2021-11-20;1566;3336;5180;5;6090;5732202;5306011;381985;587;526582
FR;2;2021-11-21;248;510;541;0;660;5732450;5306521;382526;587;527242
FR;2;2021-11-22;1278;2586;4481;5;5403;5733728;5309107;387007;592;532645
FR;2;2021-11-23;1617;4288;8200;9;9911;5735345;5313395;395207;601;542556
FR;2;2021-11-24;1419;3756;7478;14;8727;5736764;5317151;402685;615;551283
FR;2;2021-11-25;1813;4876;11473;21;13667;5738577;5322027;414158;636;564950
FR;2;2021-11-26;2541;7750;22671;31;26081;5741118;5329777;436829;667;591031
FR;2;2021-11-27;1497;4154;12271;18;14029;5742615;5333931;449100;685;605060
FR;2;2021-11-28;292;836;1973;3;2297;5742907;5334767;451073;688;607357
FR;2;2021-11-29;1447;4360;15091;23;17258;5744354;5339127;466164;711;624615
FR;2;2021-11-30;1912;6667;26244;36;29996;5746266;5345794;492408;747;654611
FR;2;2021-12-01;1916;6047;26203;31;29520;5748182;5351841;518611;778;684131
FR;2;2021-12-02;1914;6794;37717;52;41966;5750096;5358635;556328;830;726097
FR;2;2021-12-03;2556;10092;53626;111;59371;5752652;5368727;609954;941;785468
FR;2;2021-12-04;1849;6293;37119;38;40813;5754501;5375020;647073;979;826281
FR;2;2021-12-05;458;2250;14262;14;15990;5754959;5377270;661335;993;842271
FR;2;2021-12-06;2486;9875;77717;109;84771;5757445;5387145;739052;1102;927042
FR;2;2021-12-07;3454;15312;122453;238;133775;5760899;5402457;861505;1340;1060817
FR;2;2021-12-08;3725;16006;133203;330;145393;5764624;5418463;994708;1670;1206210
FR;2;2021-12-09;4546;19639;170225;555;185612;5769170;5438102;1164933;2225;1391822
FR;2;2021-12-10;4675;22834;188687;490;206174;5773845;5460936;1353620;2715;1597996
FR;2;2021-12-11;3686;16633;132448;239;144899;5777531;5477569;1486068;2954;1742895
FR;2;2021-12-12;1257;7126;59102;83;65153;5778788;5484695;1545170;3037;1808048
FR;2;2021-12-13;5529;26837;220705;605;243002;5784317;5511532;1765875;3642;2051050
FR;2;2021-12-14;7017;37468;300791;908;332238;5791334;5549000;2066666;4550;2383288
FR;2;2021-12-15;6557;36244;285239;957;315871;5797891;5585244;2351905;5507;2699159
FR;2;2021-12-16;7764;37933;312152;979;343777;5805655;5623177;2664057;6486;3042936
FR;2;2021-12-17;8681;41209;327891;976;360962;5814336;5664386;2991948;7462;3403898
FR;2;2021-12-18;6514;26556;212352;448;233666;5820850;5690942;3204300;7910;3637564
FR;2;2021-12-19;2602;11424;90216;182;100350;5823452;5702366;3294516;8092;3737914
FR;2;2021-12-20;9545;33557;275232;706;303385;5832997;5735923;3569748;8798;4041299
FR;2;2021-12-21;11563;38326;309637;968;341438;5844560;5774249;3879385;9766;4382737
FR;2;2021-12-22;10459;32795;265118;952;292474;5855019;5807044;4144503;10718;4675211
FR;2;2021-12-23;9426;26675;199511;701;221298;5864445;5833719;4344014;11419;4896509
FR;2;2021-12-24;2783;7482;43860;140;49563;5867228;5841201;4387874;11559;4946072
FR;2;2021-12-25;201;681;2002;10;2484;5867429;5841882;4389876;11569;4948556
FR;2;2021-12-26;1320;4209;25157;71;28682;5868749;5846091;4415033;11640;4977238
FR;2;2021-12-27;8077;29919;218418;659;243344;5876826;5876010;4633451;12299;5220582
FR;2;2021-12-28;9837;36321;272100;742;302004;5886663;5912331;4905551;13041;5522586
FR;2;2021-12-29;9497;32252;246136;765;272691;5896160;5944583;5151687;13806;5795277
FR;2;2021-12-30;9461;28091;208832;663;231452;5905621;5972674;5360519;14469;6026729
FR;2;2021-12-31;3010;8350;54990;176;61236;5908631;5981024;5415509;14645;6087965
FR;2;2022-01-01;230;692;2857;7;3355;5908861;5981716;5418366;14652;6091320
FR;2;2022-01-02;1504;4854;29518;75;33407;5910365;5986570;5447884;14727;6124727
FR;2;2022-01-03;9598;35409;266535;806;293914;5919963;6021979;5714419;15533;6418641
FR;2;2022-01-04;12854;45410;342093;1068;377023;5932817;6067389;6056512;16601;6795664
FR;2;2022-01-05;11273;38648;294198;884;323845;5944090;6106037;6350710;17485;7119509
FR;2;2022-01-06;13654;43494;331950;1298;364744;5957744;6149531;6682660;18783;7484253
FR;2;2022-01-07;14225;47643;361104;1270;396462;5971969;6197174;7043764;20053;7880715
FR;2;2022-01-08;7947;28147;201263;515;221701;5979916;6225321;7245027;20568;8102416
FR;2;2022-01-09;2749;8970;62524;137;69503;5982665;6234291;7307551;20705;8171919
FR;2;2022-01-10;10098;31911;232485;858;255055;5992763;6266202;7540036;21563;8426974
FR;2;2022-01-11;11469;36252;265928;1029;290631;6004232;6302454;7805964;22592;8717605
FR;2;2022-01-12;8765;29810;206328;863;226174;6012997;6332264;8012292;23455;8943779
FR;2;2022-01-13;9387;31338;224498;832;244841;6022384;6363602;8236790;24287;9188620
FR;2;2022-01-14;9741;35606;254545;920;277663;6032125;6399208;8491335;25207;9466283
FR;2;2022-01-15;5359;19451;140779;363;153639;6037484;6418659;8632114;25570;9619922
FR;2;2022-01-16;1512;5474;35888;81;39826;6038996;6424133;8668002;25651;9659748
FR;2;2022-01-17;5546;19276;135416;601;147258;6044542;6443409;8803418;26252;9807006
FR;2;2022-01-18;6423;21492;148632;647;160462;6050965;6464901;8952050;26899;9967468
FR;2;2022-01-19;4396;16321;105105;551;113702;6055361;6481222;9057155;27450;10081170
FR;2;2022-01-20;4872;17587;115297;603;123692;6060233;6498809;9172452;28053;10204862
FR;2;2022-01-21;5197;20056;137349;679;147769;6065430;6518865;9309801;28732;10352631
FR;2;2022-01-22;3030;10950;74262;260;80326;6068460;6529815;9384063;28992;10432957
FR;2;2022-01-23;724;2716;15242;41;16832;6069184;6532531;9399305;29033;10449789
FR;2;2022-01-24;3289;12813;75080;431;81033;6072473;6545344;9474385;29464;10530822
FR;2;2022-01-25;3574;14416;79629;496;85454;6076047;6559760;9554014;29960;10616276
FR;2;2022-01-26;2515;10704;58976;363;63029;6078562;6570464;9612990;30323;10679305
FR;2;2022-01-27;2682;11362;64177;388;67943;6081244;6581826;9677167;30711;10747248
FR;2;2022-01-28;3551;18281;91721;429;98907;6084795;6600107;9768888;31140;10846155
FR;2;2022-01-29;1893;9238;48852;164;52929;6086688;6609345;9817740;31304;10899084
FR;2;2022-01-30;464;2227;9455;38;10602;6087152;6611572;9827195;31342;10909686
FR;2;2022-01-31;1888;9563;43833;209;47330;6089040;6621135;9871028;31551;10957016
FR;2;2022-02-01;1916;10039;47030;279;50097;6090956;6631174;9918058;31830;11007113
FR;2;2022-02-02;1614;8994;41119;250;44157;6092570;6640168;9959177;32080;11051270
FR;2;2022-02-03;1725;8944;40526;205;42922;6094295;6649112;9999703;32285;11094192
FR;2;2022-02-04;2151;15186;66646;299;71332;6096446;6664298;10066349;32584;11165524
FR;2;2022-02-05;1360;8527;35946;132;39229;6097806;6672825;10102295;32716;11204753
FR;2;2022-02-06;275;1762;6127;16;6898;6098081;6674587;10108422;32732;11211651
FR;2;2022-02-07;1351;9557;37756;134;41293;6099432;6684144;10146178;32866;11252944
FR;2;2022-02-08;1299;9832;40953;173;43747;6100731;6693976;10187131;33039;11296691
FR;2;2022-02-09;1160;8839;37040;174;40464;6101891;6702815;10224171;33213;11337155
FR;2;2022-02-10;1029;7996;33837;204;36509;6102920;6710811;10258008;33417;11373664
FR;2;2022-02-11;1391;12085;53346;223;57699;6104311;6722896;10311354;33640;11431363
FR;2;2022-02-12;754;6533;27986;86;30805;6105065;6729429;10339340;33726;11462168
FR;2;2022-02-13;200;1340;4836;20;5577;6105265;6730769;10344176;33746;11467745
FR;2;2022-02-14;835;6731;30273;91;33232;6106100;6737500;10374449;33837;11500977
FR;2;2022-02-15;774;6472;28049;141;29992;6106874;6743972;10402498;33978;11530969
FR;2;2022-02-16;657;5361;22064;123;23629;6107531;6749333;10424562;34101;11554598
FR;2;2022-02-17;518;3783;14152;98;14617;6108049;6753116;10438714;34199;11569215
FR;2;2022-02-18;723;5368;20442;134;21129;6108772;6758484;10459156;34333;11590344
FR;2;2022-02-19;430;3056;10531;66;11245;6109202;6761540;10469687;34399;11601589
FR;2;2022-02-20;102;518;1461;3;1609;6109304;6762058;10471148;34402;11603198
FR;2;2022-02-21;422;2685;9122;65;9499;6109726;6764743;10480270;34467;11612697
FR;2;2022-02-22;392;2567;8893;76;8796;6110118;6767310;10489163;34543;11621493
FR;2;2022-02-23;432;2604;8991;82;9267;6110550;6769914;10498154;34625;11630760
FR;2;2022-02-24;314;2036;6802;82;6830;6110864;6771950;10504956;34707;11637590
FR;2;2022-02-25;457;3207;11418;107;11282;6111321;6775157;10516374;34814;11648872
FR;2;2022-02-26;297;1892;6036;49;6343;6111618;6777049;10522410;34863;11655215
FR;2;2022-02-27;76;313;907;5;950;6111694;6777362;10523317;34868;11656165
FR;2;2022-02-28;330;1688;5524;53;5531;6112024;6779050;10528841;34921;11661696
FR;2;2022-03-01;278;1569;5481;46;5198;6112302;6780619;10534322;34967;11666894
FR;2;2022-03-02;298;1445;5247;45;5091;6112600;6782064;10539569;35012;11671985
FR;2;2022-03-03;225;1111;3708;42;3485;6112825;6783175;10543277;35054;11675470
FR;2;2022-03-04;243;1468;4859;74;4506;6113068;6784643;10548136;35128;11679976
FR;2;2022-03-05;174;906;2979;34;2723;6113242;6785549;10551115;35162;11682699
FR;2;2022-03-06;42;183;280;5;320;6113284;6785732;10551395;35167;11683019
FR;2;2022-03-07;156;659;1987;70;1777;6113440;6786391;10553382;35237;11684796
FR;2;2022-03-08;144;669;2273;53;1907;6113584;6787060;10555655;35290;11686703
FR;2;2022-03-09;154;708;2348;37;2050;6113738;6787768;10558003;35327;11688753
FR;2;2022-03-10;123;603;1694;35;1469;6113861;6788371;10559697;35362;11690222
FR;2;2022-03-11;172;756;2769;57;2368;6114033;6789127;10562466;35419;11692590
FR;2;2022-03-12;149;484;1786;27;1555;6114182;6789611;10564252;35446;11694145
FR;2;2022-03-13;25;75;203;30;204;6114207;6789686;10564455;35476;11694349
FR;2;2022-03-14;128;470;1567;529;1297;6114335;6790156;10566022;36005;11695646
FR;2;2022-03-15;138;439;1713;691;1333;6114473;6790595;10567735;36696;11696979
FR;2;2022-03-16;142;476;2013;1615;1593;6114615;6791071;10569748;38311;11698572
FR;2;2022-03-17;94;413;1408;1193;1144;6114709;6791484;10571156;39504;11699716
FR;2;2022-03-18;147;496;2024;1794;1667;6114856;6791980;10573180;41298;11701383
FR;2;2022-03-19;108;321;1210;941;1015;6114964;6792301;10574390;42239;11702398
FR;2;2022-03-20;13;77;191;59;168;6114977;6792378;10574581;42298;11702566
FR;2;2022-03-21;97;307;1214;1484;1077;6115074;6792685;10575795;43782;11703643
FR;2;2022-03-22;118;390;1530;1830;1291;6115192;6793075;10577325;45612;11704934
FR;2;2022-03-23;139;361;1674;3032;1470;6115331;6793436;10578999;48644;11706404
FR;2;2022-03-24;117;293;1183;1547;1001;6115448;6793729;10580182;50191;11707405
FR;2;2022-03-25;119;361;1805;2451;1475;6115567;6794090;10581987;52642;11708880
FR;2;2022-03-26;79;247;1204;1222;952;6115646;6794337;10583191;53864;11709832
FR;2;2022-03-27;19;36;153;100;132;6115665;6794373;10583344;53964;11709964
FR;2;2022-03-28;94;288;1138;1602;995;6115759;6794661;10584482;55566;11710959
FR;2;2022-03-29;108;258;1325;2466;1105;6115867;6794919;10585807;58032;11712064
FR;2;2022-03-30;91;312;1488;3184;1320;6115958;6795231;10587295;61216;11713384
FR;2;2022-03-31;104;284;1275;2332;1090;6116062;6795515;10588570;63548;11714474
FR;2;2022-04-01;123;323;1567;2349;1322;6116185;6795838;10590137;65897;11715796
FR;2;2022-04-02;81;161;845;891;737;6116266;6795999;10590982;66788;11716533
FR;2;2022-04-03;16;53;128;113;142;6116282;6796052;10591110;66901;11716675
FR;2;2022-04-04;113;238;988;1445;797;6116395;6796290;10592098;68346;11717472
FR;2;2022-04-05;143;298;1316;2911;1143;6116538;6796588;10593414;71257;11718615
FR;2;2022-04-06;89;259;1306;2522;1130;6116627;6796847;10594720;73779;11719745
FR;2;2022-04-07;120;228;1301;2682;1041;6116747;6797075;10596021;76461;11720786
FR;2;2022-04-08;125;339;1633;3341;1326;6116872;6797414;10597654;79802;11722112
FR;2;2022-04-09;90;219;899;1046;731;6116962;6797633;10598553;80848;11722843
FR;2;2022-04-10;37;48;143;162;119;6116999;6797681;10598696;81010;11722962
FR;2;2022-04-11;88;195;889;1560;779;6117087;6797876;10599585;82570;11723741
FR;2;2022-04-12;176;271;1182;2768;1061;6117263;6798147;10600767;85338;11724802
FR;2;2022-04-13;147;230;1125;2469;987;6117410;6798377;10601892;87807;11725789
FR;2;2022-04-14;115;226;1085;2677;919;6117525;6798603;10602977;90484;11726708
FR;2;2022-04-15;114;254;1214;2292;1070;6117639;6798857;10604191;92776;11727778
FR;2;2022-04-16;67;108;548;549;459;6117706;6798965;10604739;93325;11728237
FR;2;2022-04-17;15;27;57;53;53;6117721;6798992;10604796;93378;11728290
FR;2;2022-04-18;12;35;120;70;115;6117733;6799027;10604916;93448;11728405
FR;2;2022-04-19;112;237;1120;1731;951;6117845;6799264;10606036;95179;11729356
FR;2;2022-04-20;95;241;1108;2172;932;6117940;6799505;10607144;97351;11730288
FR;2;2022-04-21;111;233;982;1912;837;6118051;6799738;10608126;99263;11731125
FR;2;2022-04-22;99;276;1242;2091;1023;6118150;6800014;10609368;101354;11732148
FR;2;2022-04-23;67;156;644;762;573;6118217;6800170;10610012;102116;11732721
FR;2;2022-04-24;12;29;101;68;79;6118229;6800199;10610113;102184;11732800
FR;2;2022-04-25;103;204;821;1315;711;6118332;6800403;10610934;103499;11733511
FR;2;2022-04-26;108;184;1041;2017;878;6118440;6800587;10611975;105516;11734389
FR;2;2022-04-27;98;179;860;1783;764;6118538;6800766;10612835;107299;11735153
FR;2;2022-04-28;93;214;950;1930;843;6118631;6800980;10613785;109229;11735996
FR;2;2022-04-29;81;281;1130;1696;1040;6118712;6801261;10614915;110925;11737036
FR;2;2022-04-30;65;126;470;539;429;6118777;6801387;10615385;111464;11737465
FR;2;2022-05-01;23;24;84;49;85;6118800;6801411;10615469;111513;11737550
FR;2;2022-05-02;116;232;762;1216;660;6118916;6801643;10616231;112729;11738210
FR;2;2022-05-03;148;233;999;1778;938;6119064;6801876;10617230;114507;11739148
FR;2;2022-05-04;90;226;923;1809;866;6119154;6802102;10618153;116316;11740014
FR;2;2022-05-05;127;197;853;1718;770;6119281;6802299;10619006;118034;11740784
FR;2;2022-05-06;133;246;1100;1855;1016;6119414;6802545;10620106;119889;11741800
FR;2;2022-05-07;40;99;470;504;406;6119454;6802644;10620576;120393;11742206
FR;2;2022-05-08;48;54;107;70;102;6119502;6802698;10620683;120463;11742308
FR;2;2022-05-09;101;174;654;984;604;6119603;6802872;10621337;121447;11742912
FR;2;2022-05-10;121;251;938;1840;893;6119724;6803123;10622275;123287;11743805
FR;2;2022-05-11;101;177;811;1873;791;6119825;6803300;10623086;125160;11744596
FR;2;2022-05-12;111;173;845;2095;803;6119936;6803473;10623931;127255;11745399
FR;2;2022-05-13;100;233;969;2096;899;6120036;6803706;10624900;129351;11746298
FR;2;2022-05-14;76;124;451;553;411;6120112;6803830;10625351;129904;11746709
FR;2;2022-05-15;24;39;94;87;108;6120136;6803869;10625445;129991;11746817
FR;2;2022-05-16;102;170;600;924;536;6120238;6804039;10626045;130915;11747353
FR;2;2022-05-17;95;184;689;1685;657;6120333;6804223;10626734;132600;11748010
FR;2;2022-05-18;80;181;641;1431;646;6120413;6804404;10627375;134031;11748656
FR;2;2022-05-19;70;160;708;1831;750;6120483;6804564;10628083;135862;11749406
FR;2;2022-05-20;107;180;874;1700;779;6120590;6804744;10628957;137562;11750185
FR;2;2022-05-21;48;96;397;517;338;6120638;6804840;10629354;138079;11750523
FR;2;2022-05-22;8;23;69;37;57;6120646;6804863;10629423;138116;11750580
FR;2;2022-05-23;86;133;498;931;469;6120732;6804996;10629921;139047;11751049
FR;2;2022-05-24;87;163;627;1621;615;6120819;6805159;10630548;140668;11751664
FR;2;2022-05-25;72;145;539;1148;493;6120891;6805304;10631087;141816;11752157
FR;2;2022-05-26;11;31;77;43;85;6120902;6805335;10631164;141859;11752242
FR;2;2022-05-27;44;123;456;818;438;6120946;6805458;10631620;142677;11752680
FR;2;2022-05-28;28;60;221;244;221;6120974;6805518;10631841;142921;11752901
FR;2;2022-05-29;13;34;43;25;51;6120987;6805552;10631884;142946;11752952
FR;2;2022-05-30;65;108;424;755;409;6121052;6805660;10632308;143701;11753361
FR;2;2022-05-31;76;135;564;1276;511;6121128;6805795;10632872;144977;11753872
FR;2;2022-06-01;59;157;562;1074;541;6121187;6805952;10633434;146051;11754413
FR;2;2022-06-02;92;175;625;1412;591;6121279;6806127;10634059;147463;11755004
FR;2;2022-06-03;71;155;667;1604;593;6121350;6806282;10634726;149067;11755597
FR;2;2022-06-04;69;93;283;433;269;6121419;6806375;10635009;149500;11755866
FR;2;2022-06-05;12;17;63;57;47;6121431;6806392;10635072;149557;11755913
FR;2;2022-06-06;11;34;92;75;92;6121442;6806426;10635164;149632;11756005
FR;2;2022-06-07;99;221;667;1535;577;6121541;6806647;10635831;151167;11756582
FR;2;2022-06-08;70;118;475;1166;411;6121611;6806765;10636306;152333;11756993
FR;2;2022-06-09;93;166;613;1921;571;6121704;6806931;10636919;154254;11757564
FR;2;2022-06-10;91;167;650;1683;621;6121795;6807098;10637569;155937;11758185
FR;2;2022-06-11;43;84;287;528;258;6121838;6807182;10637856;156465;11758443
FR;2;2022-06-12;18;38;58;78;60;6121856;6807220;10637914;156543;11758503
FR;2;2022-06-13;39;119;393;952;378;6121895;6807339;10638307;157495;11758881
FR;2;2022-06-14;68;157;599;2087;537;6121963;6807496;10638906;159582;11759418
FR;2;2022-06-15;78;104;520;1503;444;6122041;6807600;10639426;161085;11759862
FR;2;2022-06-16;127;127;495;1411;422;6122168;6807727;10639921;162496;11760284
FR;2;2022-06-17;73;136;588;1817;515;6122241;6807863;10640509;164313;11760799
FR;2;2022-06-18;75;92;224;578;196;6122316;6807955;10640733;164891;11760995
FR;2;2022-06-19;11;17;53;71;41;6122327;6807972;10640786;164962;11761036
FR;2;2022-06-20;62;125;401;1027;392;6122389;6808097;10641187;165989;11761428
FR;2;2022-06-21;107;115;524;2123;453;6122496;6808212;10641711;168112;11761881
FR;2;2022-06-22;39;110;462;1889;415;6122535;6808322;10642173;170001;11762296
FR;2;2022-06-23;58;108;537;2281;452;6122593;6808430;10642710;172282;11762748
FR;2;2022-06-24;66;122;709;3199;571;6122659;6808552;10643419;175481;11763319
FR;2;2022-06-25;30;90;297;987;253;6122689;6808642;10643716;176468;11763572
FR;2;2022-06-26;30;27;131;194;97;6122719;6808669;10643847;176662;11763669
FR;2;2022-06-27;79;137;581;2488;482;6122798;6808806;10644428;179150;11764151
FR;2;2022-06-28;110;140;812;4816;650;6122908;6808946;10645240;183966;11764801
FR;2;2022-06-29;73;150;776;4432;637;6122981;6809096;10646016;188398;11765438
FR;2;2022-06-30;72;133;832;5177;618;6123053;6809229;10646848;193575;11766056
FR;2;2022-07-01;112;159;1149;6691;849;6123165;6809388;10647997;200266;11766905
FR;2;2022-07-02;68;132;474;1976;392;6123233;6809520;10648471;202242;11767297
FR;2;2022-07-03;23;30;146;334;130;6123256;6809550;10648617;202576;11767427
FR;2;2022-07-04;120;180;775;3785;612;6123376;6809730;10649392;206361;11768039
FR;2;2022-07-05;118;186;1121;6818;828;6123494;6809916;10650513;213179;11768867
FR;2;2022-07-06;92;149;951;5807;697;6123586;6810065;10651464;218986;11769564
FR;2;2022-07-07;81;185;1020;6498;750;6123667;6810250;10652484;225484;11770314
FR;2;2022-07-08;65;122;1095;7044;758;6123732;6810372;10653579;232528;11771072
FR;2;2022-07-09;34;61;418;1869;299;6123766;6810433;10653997;234397;11771371
FR;2;2022-07-10;6;17;96;315;82;6123772;6810450;10654093;234712;11771453
FR;2;2022-07-11;68;120;683;3825;540;6123840;6810570;10654776;238537;11771993
FR;2;2022-07-12;102;179;1054;6517;809;6123942;6810749;10655830;245054;11772802
FR;2;2022-07-13;64;126;879;4664;591;6124006;6810875;10656709;249718;11773393
FR;2;2022-07-14;6;13;88;248;59;6124012;6810888;10656797;249966;11773452
FR;2;2022-07-15;61;129;739;3792;560;6124073;6811017;10657536;253758;11774012
FR;2;2022-07-16;27;54;289;1029;242;6124100;6811071;10657825;254787;11774254
FR;2;2022-07-17;5;12;77;201;66;6124105;6811083;10657902;254988;11774320
FR;2;2022-07-18;57;103;514;2509;384;6124162;6811186;10658416;257497;11774704
FR;2;2022-07-19;66;133;770;4254;555;6124228;6811319;10659186;261751;11775259
FR;2;2022-07-20;59;118;580;3179;430;6124287;6811437;10659766;264930;11775689
FR;2;2022-07-21;60;110;671;3678;485;6124347;6811547;10660437;268608;11776174
FR;2;2022-07-22;51;99;698;3548;506;6124398;6811646;10661135;272156;11776680
FR;2;2022-07-23;39;97;290;1173;229;6124437;6811743;10661425;273329;11776909
FR;2;2022-07-24;14;23;68;201;67;6124451;6811766;10661493;273530;11776976
FR;2;2022-07-25;50;71;405;1937;300;6124501;6811837;10661898;275467;11777276
FR;2;2022-07-26;57;133;606;3423;477;6124558;6811970;10662504;278890;11777753
FR;2;2022-07-27;42;81;457;2782;361;6124600;6812051;10662961;281672;11778114
FR;2;2022-07-28;29;75;450;2484;357;6124629;6812126;10663411;284156;11778471
FR;2;2022-07-29;68;87;535;2857;347;6124697;6812213;10663946;287013;11778818
FR;2;2022-07-30;22;38;162;774;110;6124719;6812251;10664108;287787;11778928
FR;2;2022-07-31;6;13;27;104;21;6124725;6812264;10664135;287891;11778949
FR;2;2022-08-01;38;105;323;1261;260;6124763;6812369;10664458;289152;11779209
FR;2;2022-08-02;49;75;325;2060;247;6124812;6812444;10664783;291212;11779456
FR;2;2022-08-03;29;53;259;1610;187;6124841;6812497;10665042;292822;11779643
FR;2;2022-08-04;40;65;306;1686;240;6124881;6812562;10665348;294508;11779883
FR;2;2022-08-05;33;94;328;1879;236;6124914;6812656;10665676;296387;11780119
FR;2;2022-08-06;22;40;106;365;82;6124936;6812696;10665782;296752;11780201
FR;2;2022-08-07;7;8;14;69;16;6124943;6812704;10665796;296821;11780217
FR;2;2022-08-08;19;35;218;877;146;6124962;6812739;10666014;297698;11780363
FR;2;2022-08-09;29;51;279;1475;238;6124991;6812790;10666293;299173;11780601
FR;2;2022-08-10;15;21;213;1130;150;6125006;6812811;10666506;300303;11780751
FR;2;2022-08-11;21;41;174;1038;117;6125027;6812852;10666680;301341;11780868
FR;2;2022-08-12;36;49;184;1044;140;6125063;6812901;10666864;302385;11781008
FR;2;2022-08-13;9;19;47;149;53;6125072;6812920;10666911;302534;11781061
FR;2;2022-08-14;1;2;12;52;11;6125073;6812922;10666923;302586;11781072
FR;2;2022-08-15;0;5;32;22;21;6125073;6812927;10666955;302608;11781093
FR;2;2022-08-16;27;32;144;681;120;6125100;6812959;10667099;303289;11781213
FR;2;2022-08-17;17;26;109;738;88;6125117;6812985;10667208;304027;11781301
FR;2;2022-08-18;14;28;159;835;106;6125131;6813013;10667367;304862;11781407
FR;2;2022-08-19;8;38;117;705;86;6125139;6813051;10667484;305567;11781493
FR;2;2022-08-20;6;26;61;196;52;6125145;6813077;10667545;305763;11781545
FR;2;2022-08-21;4;14;15;19;13;6125149;6813091;10667560;305782;11781558
FR;2;2022-08-22;10;24;116;395;73;6125159;6813115;10667676;306177;11781631
FR;2;2022-08-23;11;41;134;671;112;6125170;6813156;10667810;306848;11781743
FR;2;2022-08-24;11;28;87;466;80;6125181;6813184;10667897;307314;11781823
FR;2;2022-08-25;8;32;109;481;69;6125189;6813216;10668006;307795;11781892
FR;2;2022-08-26;15;46;117;720;91;6125204;6813262;10668123;308515;11781983
FR;2;2022-08-27;10;19;47;156;42;6125214;6813281;10668170;308671;11782025
FR;2;2022-08-28;1;5;5;15;7;6125215;6813286;10668175;308686;11782032
FR;2;2022-08-29;24;43;93;400;87;6125239;6813329;10668268;309086;11782119
FR;2;2022-08-30;31;54;154;791;119;6125270;6813383;10668422;309877;11782238
FR;2;2022-08-31;19;35;85;392;79;6125289;6813418;10668507;310269;11782317
FR;2;2022-09-01;19;42;139;600;122;6125308;6813460;10668646;310869;11782439
FR;2;2022-09-02;34;55;146;744;158;6125342;6813515;10668792;311613;11782597
FR;2;2022-09-03;17;20;83;204;67;6125359;6813535;10668875;311817;11782664
FR;2;2022-09-04;8;5;9;31;10;6125367;6813540;10668884;311848;11782674
FR;2;2022-09-05;28;28;124;367;95;6125395;6813568;10669008;312215;11782769
FR;2;2022-09-06;43;62;158;761;153;6125438;6813630;10669166;312976;11782922
FR;2;2022-09-07;21;20;74;375;49;6125459;6813650;10669240;313351;11782971
FR;2;2022-09-08;31;57;109;636;100;6125490;6813707;10669349;313987;11783071
FR;2;2022-09-09;18;24;126;751;74;6125508;6813731;10669475;314738;11783145
FR;2;2022-09-10;14;24;57;117;48;6125522;6813755;10669532;314855;11783193
FR;2;2022-09-11;11;5;10;11;12;6125533;6813760;10669542;314866;11783205
FR;2;2022-09-12;20;30;69;340;55;6125553;6813790;10669611;315206;11783260
FR;2;2022-09-13;15;34;125;670;99;6125568;6813824;10669736;315876;11783359
FR;2;2022-09-14;19;21;81;480;59;6125587;6813845;10669817;316356;11783418
FR;2;2022-09-15;22;43;125;486;101;6125609;6813888;10669942;316842;11783519
FR;2;2022-09-16;21;30;122;563;89;6125630;6813918;10670064;317405;11783608
FR;2;2022-09-17;6;20;56;160;52;6125636;6813938;10670120;317565;11783660
FR;2;2022-09-18;4;7;13;37;10;6125640;6813945;10670133;317602;11783670
FR;2;2022-09-19;26;24;114;353;87;6125666;6813969;10670247;317955;11783757
FR;2;2022-09-20;27;27;117;624;84;6125693;6813996;10670364;318579;11783841
FR;2;2022-09-21;15;30;100;393;78;6125708;6814026;10670464;318972;11783919
FR;2;2022-09-22;16;39;122;581;94;6125724;6814065;10670586;319553;11784013
FR;2;2022-09-23;21;38;135;555;111;6125745;6814103;10670721;320108;11784124
FR;2;2022-09-24;10;8;51;190;36;6125755;6814111;10670772;320298;11784160
FR;2;2022-09-25;9;11;14;29;11;6125764;6814122;10670786;320327;11784171
FR;2;2022-09-26;21;40;103;447;79;6125785;6814162;10670889;320774;11784250
FR;2;2022-09-27;29;46;159;906;108;6125814;6814208;10671048;321680;11784358
FR;2;2022-09-28;15;31;93;421;74;6125829;6814239;10671141;322101;11784432
FR;2;2022-09-29;26;47;114;618;110;6125855;6814286;10671255;322719;11784542
FR;2;2022-09-30;24;44;111;520;84;6125879;6814330;10671366;323239;11784626
FR;2;2022-10-01;11;20;51;128;36;6125890;6814350;10671417;323367;11784662
FR;2;2022-10-02;0;5;8;21;5;6125890;6814355;10671425;323388;11784667
FR;2;2022-10-03;22;28;83;291;66;6125912;6814383;10671508;323679;11784733
FR;2;2022-10-04;17;21;105;600;71;6125929;6814404;10671613;324279;11784804
FR;2;2022-10-05;20;29;75;491;67;6125949;6814433;10671688;324770;11784871
FR;2;2022-10-06;30;23;74;442;71;6125979;6814456;10671762;325212;11784942
FR;2;2022-10-07;21;29;86;499;65;6126000;6814485;10671848;325711;11785007
FR;2;2022-10-08;12;8;23;114;24;6126012;6814493;10671871;325825;11785031
FR;2;2022-10-09;1;8;15;17;11;6126013;6814501;10671886;325842;11785042
FR;2;2022-10-10;18;24;46;223;49;6126031;6814525;10671932;326065;11785091
FR;2;2022-10-11;15;14;47;253;38;6126046;6814539;10671979;326318;11785129
FR;2;2022-10-12;8;17;52;290;36;6126054;6814556;10672031;326608;11785165
FR;2;2022-10-13;11;14;47;271;47;6126065;6814570;10672078;326879;11785212
FR;2;2022-10-14;10;26;34;228;38;6126075;6814596;10672112;327107;11785250
FR;2;2022-10-15;4;10;22;111;17;6126079;6814606;10672134;327218;11785267
FR;2;2022-10-16;0;5;4;10;6;6126079;6814611;10672138;327228;11785273
FR;2;2022-10-17;15;17;31;121;26;6126094;6814628;10672169;327349;11785299
FR;2;2022-10-18;13;11;68;181;34;6126107;6814639;10672237;327530;11785333
FR;2;2022-10-19;8;17;36;182;30;6126115;6814656;10672273;327712;11785363
FR;2;2022-10-20;11;29;40;200;39;6126126;6814685;10672313;327912;11785402
FR;2;2022-10-21;5;15;56;232;50;6126131;6814700;10672369;328144;11785452
FR;2;2022-10-22;8;7;25;101;23;6126139;6814707;10672394;328245;11785475
FR;2;2022-10-23;0;3;1;5;0;6126139;6814710;10672395;328250;11785475
FR;2;2022-10-24;12;12;16;109;16;6126151;6814722;10672411;328359;11785491
FR;2;2022-10-25;12;7;23;138;15;6126163;6814729;10672434;328497;11785506
FR;2;2022-10-26;4;3;15;85;9;6126167;6814732;10672449;328582;11785515
FR;2;2022-10-27;7;9;18;86;20;6126174;6814741;10672467;328668;11785535
FR;2;2022-10-28;5;3;15;91;7;6126179;6814744;10672482;328759;11785542
FR;2;2022-10-29;7;8;18;33;14;6126186;6814752;10672500;328792;11785556
FR;2;2022-10-30;3;7;5;8;2;6126189;6814759;10672505;328800;11785558
FR;2;2022-10-31;2;8;6;49;10;6126191;6814767;10672511;328849;11785568
FR;2;2022-11-01;0;0;3;1;1;6126191;6814767;10672514;328850;11785569
FR;2;2022-11-02;5;5;9;44;10;6126196;6814772;10672523;328894;11785579
FR;2;2022-11-03;6;7;13;77;9;6126202;6814779;10672536;328971;11785588
FR;2;2022-11-04;7;12;12;85;13;6126209;6814791;10672548;329056;11785601
FR;2;2022-11-05;0;11;10;37;14;6126209;6814802;10672558;329093;11785615
FR;2;2022-11-06;0;1;2;1;3;6126209;6814803;10672560;329094;11785618
FR;2;2022-11-07;10;7;14;64;13;6126219;6814810;10672574;329158;11785631
FR;2;2022-11-08;10;6;16;57;12;6126229;6814816;10672590;329215;11785643
FR;2;2022-11-09;3;5;17;56;17;6126232;6814821;10672607;329271;11785660
FR;2;2022-11-10;6;10;16;74;14;6126238;6814831;10672623;329345;11785674
FR;2;2022-11-11;0;3;6;3;7;6126238;6814834;10672629;329348;11785681
FR;2;2022-11-12;2;5;3;19;3;6126240;6814839;10672632;329367;11785684
FR;2;2022-11-13;2;2;1;1;2;6126242;6814841;10672633;329368;11785686
FR;2;2022-11-14;0;6;10;28;7;6126242;6814847;10672643;329396;11785693
FR;2;2022-11-15;5;12;11;31;14;6126247;6814859;10672654;329427;11785707
FR;2;2022-11-16;3;3;2;45;2;6126250;6814862;10672656;329472;11785709
FR;2;2022-11-17;2;6;7;46;4;6126252;6814868;10672663;329518;11785713
FR;2;2022-11-18;3;3;5;35;5;6126255;6814871;10672668;329553;11785718
FR;2;2022-11-19;2;2;0;24;1;6126257;6814873;10672668;329577;11785719
FR;2;2022-11-20;0;0;1;2;1;6126257;6814873;10672669;329579;11785720
FR;3;2020-12-27;0;0;0;0;0;0;0;0;0;0
FR;3;2020-12-28;0;0;0;0;0;0;0;0;0;0
FR;3;2020-12-29;0;0;0;0;0;0;0;0;0;0
FR;3;2020-12-30;0;0;0;0;0;0;0;0;0;0
FR;3;2020-12-31;0;0;0;0;0;0;0;0;0;0
FR;3;2021-01-01;0;0;0;0;0;0;0;0;0;0
FR;3;2021-01-02;0;0;0;0;0;0;0;0;0;0
FR;3;2021-01-03;0;0;0;0;0;0;0;0;0;0
FR;3;2021-01-04;0;0;0;0;0;0;0;0;0;0
FR;3;2021-01-05;0;0;0;0;0;0;0;0;0;0
FR;3;2021-01-06;0;0;0;0;0;0;0;0;0;0
FR;3;2021-01-07;0;0;0;0;0;0;0;0;0;0
FR;3;2021-01-08;0;0;0;0;0;0;0;0;0;0
FR;3;2021-01-09;0;0;0;0;0;0;0;0;0;0
FR;3;2021-01-10;0;0;0;0;0;0;0;0;0;0
FR;3;2021-01-11;0;0;0;0;0;0;0;0;0;0
FR;3;2021-01-12;0;0;0;0;0;0;0;0;0;0
FR;3;2021-01-13;0;0;0;0;0;0;0;0;0;0
FR;3;2021-01-14;0;0;0;0;0;0;0;0;0;0
FR;3;2021-01-15;0;0;0;0;0;0;0;0;0;0
FR;3;2021-01-16;0;0;0;0;0;0;0;0;0;0
FR;3;2021-01-17;0;0;0;0;0;0;0;0;0;0
FR;3;2021-01-18;0;0;0;0;0;0;0;0;0;0
FR;3;2021-01-19;0;0;0;0;0;0;0;0;0;0
FR;3;2021-01-20;0;0;0;0;0;0;0;0;0;0
FR;3;2021-01-21;0;0;0;0;0;0;0;0;0;0
FR;3;2021-01-22;0;0;0;0;0;0;0;0;0;0
FR;3;2021-01-23;0;0;0;0;0;0;0;0;0;0
FR;3;2021-01-24;0;0;0;0;0;0;0;0;0;0
FR;3;2021-01-25;0;0;0;0;0;0;0;0;0;0
FR;3;2021-01-26;0;0;0;0;0;0;0;0;0;0
FR;3;2021-01-27;0;0;0;0;0;0;0;0;0;0
FR;3;2021-01-28;0;0;0;0;0;0;0;0;0;0
FR;3;2021-01-29;0;0;0;0;0;0;0;0;0;0
FR;3;2021-01-30;0;0;0;0;0;0;0;0;0;0
FR;3;2021-01-31;0;0;0;0;0;0;0;0;0;0
FR;3;2021-02-01;0;0;0;0;0;0;0;0;0;0
FR;3;2021-02-02;0;0;0;0;0;0;0;0;0;0
FR;3;2021-02-03;0;0;0;0;0;0;0;0;0;0
FR;3;2021-02-04;0;0;0;0;0;0;0;0;0;0
FR;3;2021-02-05;0;0;0;0;0;0;0;0;0;0
FR;3;2021-02-06;1523;0;0;0;0;1523;0;0;0;0
FR;3;2021-02-07;1423;1;0;0;0;2946;1;0;0;0
FR;3;2021-02-08;2788;1;0;0;0;5734;2;0;0;0
FR;3;2021-02-09;6784;0;0;0;0;12518;2;0;0;0
FR;3;2021-02-10;9610;0;0;0;0;22128;2;0;0;0
FR;3;2021-02-11;13619;3;0;0;0;35747;5;0;0;0
FR;3;2021-02-12;13408;0;0;0;0;49155;5;0;0;0
FR;3;2021-02-13;3799;1;0;0;0;52954;6;0;0;0
FR;3;2021-02-14;975;1;0;0;0;53929;7;0;0;0
FR;3;2021-02-15;10495;2;0;0;0;64424;9;0;0;0
FR;3;2021-02-16;12554;5;0;0;0;76978;14;0;0;0
FR;3;2021-02-17;11158;1;0;0;0;88136;15;0;0;0
FR;3;2021-02-18;14943;2;0;0;0;103079;17;0;0;0
FR;3;2021-02-19;14365;1;0;0;0;117444;18;0;0;0
FR;3;2021-02-20;3330;0;0;0;0;120774;18;0;0;0
FR;3;2021-02-21;619;0;0;0;0;121393;18;0;0;0
FR;3;2021-02-22;9170;1;0;0;0;130563;19;0;0;0
FR;3;2021-02-23;11400;4;0;0;0;141963;23;0;0;0
FR;3;2021-02-24;14305;1;0;0;0;156268;24;0;0;0
FR;3;2021-02-25;44933;3;0;0;0;201201;27;0;0;0
FR;3;2021-02-26;61890;9;0;0;0;263091;36;0;0;0
FR;3;2021-02-27;34808;12;0;0;0;297899;48;0;0;0
FR;3;2021-02-28;2463;0;0;0;0;300362;48;0;0;0
FR;3;2021-03-01;20521;19;0;0;0;320883;67;0;0;0
FR;3;2021-03-02;38875;23;0;0;0;359758;90;0;0;0
FR;3;2021-03-03;48747;20;0;0;0;408505;110;0;0;0
FR;3;2021-03-04;82226;25;0;0;0;490731;135;0;0;0
FR;3;2021-03-05;118132;41;0;0;0;608863;176;0;0;0
FR;3;2021-03-06;120723;64;1;0;0;729586;240;1;0;0
FR;3;2021-03-07;55183;24;0;0;0;784769;264;1;0;0
FR;3;2021-03-08;42813;27;0;0;0;827582;291;1;0;0
FR;3;2021-03-09;78977;50;0;0;0;906559;341;1;0;0
FR;3;2021-03-10;80981;60;0;0;0;987540;401;1;0;0
FR;3;2021-03-11;128446;60;0;0;0;1115986;461;1;0;0
FR;3;2021-03-12;182721;118;0;0;0;1298707;579;1;0;0
FR;3;2021-03-13;132162;83;0;0;0;1430869;662;1;0;0
FR;3;2021-03-14;14057;5;0;0;0;1444926;667;1;0;0
FR;3;2021-03-15;52236;77;0;0;0;1497162;744;1;0;0
FR;3;2021-03-16;1217;45;0;0;0;1498379;789;1;0;0
FR;3;2021-03-17;950;52;0;0;0;1499329;841;1;0;0
FR;3;2021-03-18;1574;37;0;0;0;1500903;878;1;0;0
FR;3;2021-03-19;70456;53;0;0;0;1571359;931;1;0;0
FR;3;2021-03-20;65239;48;0;0;0;1636598;979;1;0;0
FR;3;2021-03-21;5761;8;0;0;0;1642359;987;1;0;0
FR;3;2021-03-22;37508;47;0;0;0;1679867;1034;1;0;0
FR;3;2021-03-23;84665;84;0;0;0;1764532;1118;1;0;0
FR;3;2021-03-24;90953;94;0;0;0;1855485;1212;1;0;0
FR;3;2021-03-25;150067;139;0;0;0;2005552;1351;1;0;0
FR;3;2021-03-26;165428;159;0;0;0;2170980;1510;1;0;0
FR;3;2021-03-27;68462;101;0;0;0;2239442;1611;1;0;0
FR;3;2021-03-28;6479;20;0;0;0;2245921;1631;1;0;0
FR;3;2021-03-29;54168;78;0;0;0;2300089;1709;1;0;0
FR;3;2021-03-30;93180;104;0;0;0;2393269;1813;1;0;0
FR;3;2021-03-31;63543;112;0;0;0;2456812;1925;1;0;0
FR;3;2021-04-01;86134;113;0;0;0;2542946;2038;1;0;0
FR;3;2021-04-02;86912;182;0;0;0;2629858;2220;1;0;0
FR;3;2021-04-03;35875;130;0;0;0;2665733;2350;1;0;0
FR;3;2021-04-04;3576;19;0;0;0;2669309;2369;1;0;0
FR;3;2021-04-05;4491;38;0;0;0;2673800;2407;1;0;0
FR;3;2021-04-06;29760;99;0;0;0;2703560;2506;1;0;0
FR;3;2021-04-07;32348;101;0;0;0;2735908;2607;1;0;0
FR;3;2021-04-08;78824;261;0;0;0;2814732;2868;1;0;0
FR;3;2021-04-09;161754;438;0;0;0;2976486;3306;1;0;0
FR;3;2021-04-10;75761;360;0;0;0;3052247;3666;1;0;0
FR;3;2021-04-11;7313;46;0;0;0;3059560;3712;1;0;0
FR;3;2021-04-12;51482;214;0;0;0;3111042;3926;1;0;0
FR;3;2021-04-13;86234;351;0;0;0;3197276;4277;1;0;0
FR;3;2021-04-14;67845;370;0;0;0;3265121;4647;1;0;0
FR;3;2021-04-15;93238;392;0;0;0;3358359;5039;1;0;0
FR;3;2021-04-16;112526;606;0;0;0;3470885;5645;1;0;0
FR;3;2021-04-17;53318;354;1;0;0;3524203;5999;2;0;0
FR;3;2021-04-18;9749;44;0;0;0;3533952;6043;2;0;0
FR;3;2021-04-19;25113;271;0;0;0;3559065;6314;2;0;0
FR;3;2021-04-20;45674;429;0;0;0;3604739;6743;2;0;0
FR;3;2021-04-21;38985;525;0;0;0;3643724;7268;2;0;0
FR;3;2021-04-22;54717;848;0;0;0;3698441;8116;2;0;0
FR;3;2021-04-23;70491;1073;0;0;0;3768932;9189;2;0;0
FR;3;2021-04-24;37250;1076;0;0;0;3806182;10265;2;0;0
FR;3;2021-04-25;6212;156;0;0;0;3812394;10421;2;0;0
FR;3;2021-04-26;19787;684;0;0;0;3832181;11105;2;0;0
FR;3;2021-04-27;34484;1302;0;0;0;3866665;12407;2;0;0
FR;3;2021-04-28;28967;2007;0;0;0;3895632;14414;2;0;0
FR;3;2021-04-29;45388;6076;0;0;0;3941020;20490;2;0;0
FR;3;2021-04-30;55465;9055;1;0;0;3996485;29545;3;0;0
FR;3;2021-05-01;9516;2039;0;0;0;4006001;31584;3;0;0
FR;3;2021-05-02;3077;479;0;0;0;4009078;32063;3;0;0
FR;3;2021-05-03;13063;3911;0;0;0;4022141;35974;3;0;0
FR;3;2021-05-04;23115;8429;0;0;0;4045256;44403;3;0;0
FR;3;2021-05-05;18760;10776;0;0;0;4064016;55179;3;0;0
FR;3;2021-05-06;34629;21154;0;0;0;4098645;76333;3;0;0
FR;3;2021-05-07;44208;28772;0;0;0;4142853;105105;3;0;0
FR;3;2021-05-08;6785;9195;0;0;0;4149638;114300;3;0;0
FR;3;2021-05-09;1796;2655;0;0;0;4151434;116955;3;0;0
FR;3;2021-05-10;15000;12846;0;0;0;4166434;129801;3;0;0
FR;3;2021-05-11;27100;26155;0;0;0;4193534;155956;3;0;0
FR;3;2021-05-12;17269;27986;0;0;0;4210803;183942;3;0;0
FR;3;2021-05-13;2285;3504;0;0;0;4213088;187446;3;0;0
FR;3;2021-05-14;14520;26011;0;0;0;4227608;213457;3;0;0
FR;3;2021-05-15;7233;21010;0;0;0;4234841;234467;3;0;0
FR;3;2021-05-16;977;2640;0;0;0;4235818;237107;3;0;0
FR;3;2021-05-17;7966;20122;0;0;0;4243784;257229;3;0;0
FR;3;2021-05-18;13416;30058;0;0;0;4257200;287287;3;0;0
FR;3;2021-05-19;9274;30789;0;0;0;4266474;318076;3;0;0
FR;3;2021-05-20;12806;53686;3;0;0;4279280;371762;6;0;0
FR;3;2021-05-21;12768;66055;2;0;0;4292048;437817;8;0;0
FR;3;2021-05-22;4963;33681;1;0;0;4297011;471498;9;0;0
FR;3;2021-05-23;651;2675;0;0;0;4297662;474173;9;0;0
FR;3;2021-05-24;883;4828;0;0;0;4298545;479001;9;0;0
FR;3;2021-05-25;5311;46366;1;0;0;4303856;525367;10;0;0
FR;3;2021-05-26;4979;51933;1;0;0;4308835;577300;11;0;0
FR;3;2021-05-27;6334;78837;3;0;0;4315169;656137;14;0;0
FR;3;2021-05-28;7544;100097;2;0;0;4322713;756234;16;0;0
FR;3;2021-05-29;3349;60963;1;0;0;4326062;817197;17;0;0
FR;3;2021-05-30;550;8116;0;0;0;4326612;825313;17;0;0
FR;3;2021-05-31;2441;35570;3;0;0;4329053;860883;20;0;0
FR;3;2021-06-01;3412;64842;10;0;0;4332465;925725;30;0;0
FR;3;2021-06-02;2735;58784;6;0;0;4335200;984509;36;0;0
FR;3;2021-06-03;3494;87221;10;0;0;4338694;1071730;46;0;0
FR;3;2021-06-04;4118;105714;22;0;0;4342812;1177444;68;0;0
FR;3;2021-06-05;1983;52506;4;0;0;4344795;1229950;72;0;0
FR;3;2021-06-06;510;5304;1;0;0;4345305;1235254;73;0;0
FR;3;2021-06-07;1484;30784;11;0;0;4346789;1266038;84;0;0
FR;3;2021-06-08;2062;47389;18;0;0;4348851;1313427;102;0;0
FR;3;2021-06-09;1794;41907;13;0;0;4350645;1355334;115;0;0
FR;3;2021-06-10;2254;67721;17;0;0;4352899;1423055;132;0;0
FR;3;2021-06-11;2484;96624;34;0;0;4355383;1519679;166;0;0
FR;3;2021-06-12;1177;40632;6;0;0;4356560;1560311;172;0;0
FR;3;2021-06-13;283;3646;3;0;0;4356843;1563957;175;0;0
FR;3;2021-06-14;1048;42370;17;0;0;4357891;1606327;192;0;0
FR;3;2021-06-15;1376;80430;20;0;0;4359267;1686757;212;0;0
FR;3;2021-06-16;1261;65529;20;0;0;4360528;1752286;232;0;0
FR;3;2021-06-17;1667;102173;41;0;0;4362195;1854459;273;0;0
FR;3;2021-06-18;1871;118343;63;0;0;4364066;1972802;336;0;0
FR;3;2021-06-19;803;39439;22;0;0;4364869;2012241;358;0;0
FR;3;2021-06-20;161;3230;0;0;0;4365030;2015471;358;0;0
FR;3;2021-06-21;773;39092;16;0;0;4365803;2054563;374;0;0
FR;3;2021-06-22;1065;70068;52;0;0;4366868;2124631;426;0;0
FR;3;2021-06-23;944;50825;39;0;0;4367812;2175456;465;0;0
FR;3;2021-06-24;1310;77255;48;0;0;4369122;2252711;513;0;0
FR;3;2021-06-25;1410;90660;73;0;0;4370532;2343371;586;0;0
FR;3;2021-06-26;631;33113;29;0;0;4371163;2376484;615;0;0
FR;3;2021-06-27;166;3814;1;0;0;4371329;2380298;616;0;0
FR;3;2021-06-28;655;30055;27;0;0;4371984;2410353;643;0;0
FR;3;2021-06-29;857;56507;95;0;0;4372841;2466860;738;0;0
FR;3;2021-06-30;905;45173;93;0;0;4373746;2512033;831;0;0
FR;3;2021-07-01;1164;66002;108;0;0;4374910;2578035;939;0;0
FR;3;2021-07-02;1305;90500;170;0;0;4376215;2668535;1109;0;0
FR;3;2021-07-03;602;31182;51;0;0;4376817;2699717;1160;0;0
FR;3;2021-07-04;144;4038;3;0;0;4376961;2703755;1163;0;0
FR;3;2021-07-05;612;33665;60;0;0;4377573;2737420;1223;0;0
FR;3;2021-07-06;963;55959;88;0;0;4378536;2793379;1311;0;0
FR;3;2021-07-07;872;42987;80;0;0;4379408;2836366;1391;0;0
FR;3;2021-07-08;1127;60773;99;0;0;4380535;2897139;1490;0;0
FR;3;2021-07-09;1261;68897;128;0;0;4381796;2966036;1618;0;0
FR;3;2021-07-10;643;25028;59;0;0;4382439;2991064;1677;0;0
FR;3;2021-07-11;132;3199;4;0;0;4382571;2994263;1681;0;0
FR;3;2021-07-12;662;23697;59;0;0;4383233;3017960;1740;0;0
FR;3;2021-07-13;1647;34526;90;0;0;4384880;3052486;1830;0;0
FR;3;2021-07-14;271;2500;2;0;0;4385151;3054986;1832;0;0
FR;3;2021-07-15;1940;30483;85;0;0;4387091;3085469;1917;0;0
FR;3;2021-07-16;2520;38706;122;0;0;4389611;3124175;2039;0;0
FR;3;2021-07-17;1051;13731;26;0;0;4390662;3137906;2065;0;0
FR;3;2021-07-18;266;2558;3;0;0;4390928;3140464;2068;0;0
FR;3;2021-07-19;1280;16948;38;0;0;4392208;3157412;2106;0;0
FR;3;2021-07-20;1823;26978;98;0;0;4394031;3184390;2204;0;0
FR;3;2021-07-21;1651;19554;44;0;0;4395682;3203944;2248;0;0
FR;3;2021-07-22;1856;27659;83;0;0;4397538;3231603;2331;0;0
FR;3;2021-07-23;2216;30272;117;0;0;4399754;3261875;2448;0;0
FR;3;2021-07-24;826;6954;25;0;0;4400580;3268829;2473;0;0
FR;3;2021-07-25;210;1301;1;0;0;4400790;3270130;2474;0;0
FR;3;2021-07-26;932;10552;28;0;0;4401722;3280682;2502;0;0
FR;3;2021-07-27;1169;16834;56;0;0;4402891;3297516;2558;0;0
FR;3;2021-07-28;989;12022;40;0;0;4403880;3309538;2598;0;0
FR;3;2021-07-29;1127;15730;63;0;0;4405007;3325268;2661;0;0
FR;3;2021-07-30;1128;18014;79;0;0;4406135;3343282;2740;0;0
FR;3;2021-07-31;406;3722;15;0;0;4406541;3347004;2755;0;0
FR;3;2021-08-01;117;456;1;0;0;4406658;3347460;2756;0;0
FR;3;2021-08-02;421;5047;22;0;0;4407079;3352507;2778;0;0
FR;3;2021-08-03;498;7497;27;0;0;4407577;3360004;2805;0;0
FR;3;2021-08-04;439;4848;26;0;0;4408016;3364852;2831;0;0
FR;3;2021-08-05;432;3666;13;0;0;4408448;3368518;2844;0;0
FR;3;2021-08-06;456;4712;30;0;0;4408904;3373230;2874;0;0
FR;3;2021-08-07;214;1899;11;0;0;4409118;3375129;2885;0;0
FR;3;2021-08-08;250;422;2;0;0;4409368;3375551;2887;0;0
FR;3;2021-08-09;318;2406;11;0;0;4409686;3377957;2898;0;0
FR;3;2021-08-10;368;3774;15;0;0;4410054;3381731;2913;0;0
FR;3;2021-08-11;291;2667;15;0;0;4410345;3384398;2928;0;0
FR;3;2021-08-12;279;2582;13;0;0;4410624;3386980;2941;0;0
FR;3;2021-08-13;278;2263;16;0;0;4410902;3389243;2957;0;0
FR;3;2021-08-14;172;886;1;0;0;4411074;3390129;2958;0;0
FR;3;2021-08-15;56;176;0;0;0;4411130;3390305;2958;0;0
FR;3;2021-08-16;124;1033;8;0;0;4411254;3391338;2966;0;0
FR;3;2021-08-17;189;1444;8;0;0;4411443;3392782;2974;0;0
FR;3;2021-08-18;204;1315;10;0;0;4411647;3394097;2984;0;0
FR;3;2021-08-19;165;1383;10;0;0;4411812;3395480;2994;0;0
FR;3;2021-08-20;167;1602;16;0;0;4411979;3397082;3010;0;0
FR;3;2021-08-21;93;584;2;0;0;4412072;3397666;3012;0;0
FR;3;2021-08-22;42;190;1;0;0;4412114;3397856;3013;0;0
FR;3;2021-08-23;141;897;7;0;0;4412255;3398753;3020;0;0
FR;3;2021-08-24;125;930;10;0;0;4412380;3399683;3030;0;0
FR;3;2021-08-25;137;824;3;0;0;4412517;3400507;3033;0;0
FR;3;2021-08-26;172;832;9;0;0;4412689;3401339;3042;0;0
FR;3;2021-08-27;178;940;9;0;0;4412867;3402279;3051;0;0
FR;3;2021-08-28;101;376;4;0;0;4412968;3402655;3055;0;0
FR;3;2021-08-29;128;129;1;0;0;4413096;3402784;3056;0;0
FR;3;2021-08-30;100;567;0;0;112;4413196;3403351;3056;0;112
FR;3;2021-08-31;134;692;7;0;140;4413330;3404043;3063;0;252
FR;3;2021-09-01;121;463;5;0;111;4413451;3404506;3068;0;363
FR;3;2021-09-02;100;607;22;0;105;4413551;3405113;3090;0;468
FR;3;2021-09-03;116;564;17;0;119;4413667;3405677;3107;0;587
FR;3;2021-09-04;55;296;3;0;52;4413722;3405973;3110;0;639
FR;3;2021-09-05;51;67;5;0;26;4413773;3406040;3115;0;665
FR;3;2021-09-06;118;370;4;0;132;4413891;3406410;3119;0;797
FR;3;2021-09-07;124;439;14;0;118;4414015;3406849;3133;0;915
FR;3;2021-09-08;121;348;2;0;91;4414136;3407197;3135;0;1006
FR;3;2021-09-09;94;381;8;0;103;4414230;3407578;3143;0;1109
FR;3;2021-09-10;101;403;3;0;95;4414331;3407981;3146;0;1204
FR;3;2021-09-11;78;234;4;0;65;4414409;3408215;3150;0;1269
FR;3;2021-09-12;37;48;1;0;16;4414446;3408263;3151;0;1285
FR;3;2021-09-13;75;306;7;0;102;4414521;3408569;3158;0;1387
FR;3;2021-09-14;75;275;6;0;96;4414596;3408844;3164;0;1483
FR;3;2021-09-15;63;255;3;0;6;4414659;3409099;3167;0;1489
FR;3;2021-09-16;65;323;6;0;6;4414724;3409422;3173;0;1495
FR;3;2021-09-17;52;329;3;0;7;4414776;3409751;3176;0;1502
FR;3;2021-09-18;37;173;1;0;1;4414813;3409924;3177;0;1503
FR;3;2021-09-19;29;31;2;0;1;4414842;3409955;3179;0;1504
FR;3;2021-09-20;81;194;0;0;1;4414923;3410149;3179;0;1505
FR;3;2021-09-21;60;275;6;0;7;4414983;3410424;3185;0;1512
FR;3;2021-09-22;65;232;6;0;7;4415048;3410656;3191;0;1519
FR;3;2021-09-23;37;261;11;0;7;4415085;3410917;3202;0;1526
FR;3;2021-09-24;28;320;12;0;18;4415113;3411237;3214;0;1544
FR;3;2021-09-25;31;143;3;0;3;4415144;3411380;3217;0;1547
FR;3;2021-09-26;16;58;1;0;1;4415160;3411438;3218;0;1548
FR;3;2021-09-27;48;289;3;0;5;4415208;3411727;3221;0;1553
FR;3;2021-09-28;49;246;6;0;8;4415257;3411973;3227;0;1561
FR;3;2021-09-29;38;220;10;0;15;4415295;3412193;3237;0;1576
FR;3;2021-09-30;40;202;8;0;10;4415335;3412395;3245;0;1586
FR;3;2021-10-01;23;161;6;0;8;4415358;3412556;3251;0;1594
FR;3;2021-10-02;17;84;0;0;0;4415375;3412640;3251;0;1594
FR;3;2021-10-03;19;18;1;0;2;4415394;3412658;3252;0;1596
FR;3;2021-10-04;33;159;4;0;4;4415427;3412817;3256;0;1600
FR;3;2021-10-05;17;150;10;0;12;4415444;3412967;3266;0;1612
FR;3;2021-10-06;33;144;8;0;9;4415477;3413111;3274;0;1621
FR;3;2021-10-07;19;136;6;0;6;4415496;3413247;3280;0;1627
FR;3;2021-10-08;25;139;10;0;9;4415521;3413386;3290;0;1636
FR;3;2021-10-09;16;73;1;0;1;4415537;3413459;3291;0;1637
FR;3;2021-10-10;13;17;2;0;3;4415550;3413476;3293;0;1640
FR;3;2021-10-11;17;117;4;0;5;4415567;3413593;3297;0;1645
FR;3;2021-10-12;21;103;5;0;5;4415588;3413696;3302;0;1650
FR;3;2021-10-13;25;115;9;0;7;4415613;3413811;3311;0;1657
FR;3;2021-10-14;19;147;3;0;4;4415632;3413958;3314;0;1661
FR;3;2021-10-15;23;141;8;0;12;4415655;3414099;3322;0;1673
FR;3;2021-10-16;13;70;6;0;8;4415668;3414169;3328;0;1681
FR;3;2021-10-17;12;26;0;0;0;4415680;3414195;3328;0;1681
FR;3;2021-10-18;18;113;2;0;2;4415698;3414308;3330;0;1683
FR;3;2021-10-19;18;113;19;0;21;4415716;3414421;3349;0;1704
FR;3;2021-10-20;26;128;6;0;7;4415742;3414549;3355;0;1711
FR;3;2021-10-21;28;127;17;0;13;4415770;3414676;3372;0;1724
FR;3;2021-10-22;24;108;18;0;21;4415794;3414784;3390;0;1745
FR;3;2021-10-23;17;54;3;0;2;4415811;3414838;3393;0;1747
FR;3;2021-10-24;7;36;0;0;0;4415818;3414874;3393;0;1747
FR;3;2021-10-25;26;142;7;0;7;4415844;3415016;3400;0;1754
FR;3;2021-10-26;25;97;22;0;19;4415869;3415113;3422;0;1773
FR;3;2021-10-27;18;96;9;0;9;4415887;3415209;3431;0;1782
FR;3;2021-10-28;23;116;33;0;36;4415910;3415325;3464;0;1818
FR;3;2021-10-29;12;102;64;0;54;4415922;3415427;3528;0;1872
FR;3;2021-10-30;11;63;11;1;10;4415933;3415490;3539;1;1882
FR;3;2021-10-31;8;25;1;0;1;4415941;3415515;3540;1;1883
FR;3;2021-11-01;11;22;2;0;1;4415952;3415537;3542;1;1884
FR;3;2021-11-02;11;102;10;0;12;4415963;3415639;3552;1;1896
FR;3;2021-11-03;20;109;10;0;10;4415983;3415748;3562;1;1906
FR;3;2021-11-04;20;91;5;0;4;4416003;3415839;3567;1;1910
FR;3;2021-11-05;19;122;9;1;6;4416022;3415961;3576;2;1916
FR;3;2021-11-06;11;58;3;0;3;4416033;3416019;3579;2;1919
FR;3;2021-11-07;6;22;1;0;1;4416039;3416041;3580;2;1920
FR;3;2021-11-08;11;130;7;0;5;4416050;3416171;3587;2;1925
FR;3;2021-11-09;15;126;6;0;6;4416065;3416297;3593;2;1931
FR;3;2021-11-10;14;150;14;0;15;4416079;3416447;3607;2;1946
FR;3;2021-11-11;11;50;3;0;3;4416090;3416497;3610;2;1949
FR;3;2021-11-12;15;129;6;0;4;4416105;3416626;3616;2;1953
FR;3;2021-11-13;7;67;9;0;10;4416112;3416693;3625;2;1963
FR;3;2021-11-14;3;24;1;0;1;4416115;3416717;3626;2;1964
FR;3;2021-11-15;5;167;10;0;11;4416120;3416884;3636;2;1975
FR;3;2021-11-16;9;131;11;0;10;4416129;3417015;3647;2;1985
FR;3;2021-11-17;8;140;11;0;8;4416137;3417155;3658;2;1993
FR;3;2021-11-18;15;139;10;0;11;4416152;3417294;3668;2;2004
FR;3;2021-11-19;12;189;22;0;27;4416164;3417483;3690;2;2031
FR;3;2021-11-20;6;103;6;0;6;4416170;3417586;3696;2;2037
FR;3;2021-11-21;3;25;4;0;4;4416173;3417611;3700;2;2041
FR;3;2021-11-22;11;194;11;0;11;4416184;3417805;3711;2;2052
FR;3;2021-11-23;9;191;15;0;14;4416193;3417996;3726;2;2066
FR;3;2021-11-24;9;196;9;0;17;4416202;3418192;3735;2;2083
FR;3;2021-11-25;12;213;11;0;11;4416214;3418405;3746;2;2094
FR;3;2021-11-26;9;279;35;0;33;4416223;3418684;3781;2;2127
FR;3;2021-11-27;8;137;20;0;21;4416231;3418821;3801;2;2148
FR;3;2021-11-28;3;60;7;0;7;4416234;3418881;3808;2;2155
FR;3;2021-11-29;5;243;21;0;22;4416239;3419124;3829;2;2177
FR;3;2021-11-30;7;318;29;0;32;4416246;3419442;3858;2;2209
FR;3;2021-12-01;30;352;37;0;39;4416276;3419794;3895;2;2248
FR;3;2021-12-02;9;372;33;0;36;4416285;3420166;3928;2;2284
FR;3;2021-12-03;5;402;37;0;38;4416290;3420568;3965;2;2322
FR;3;2021-12-04;3;227;26;0;28;4416293;3420795;3991;2;2350
FR;3;2021-12-05;1;65;5;0;5;4416294;3420860;3996;2;2355
FR;3;2021-12-06;6;392;14;0;15;4416300;3421252;4010;2;2370
FR;3;2021-12-07;6;454;20;0;24;4416306;3421706;4030;2;2394
FR;3;2021-12-08;8;413;29;0;30;4416314;3422119;4059;2;2424
FR;3;2021-12-09;3;472;17;0;22;4416317;3422591;4076;2;2446
FR;3;2021-12-10;10;486;29;0;25;4416327;3423077;4105;2;2471
FR;3;2021-12-11;4;316;10;0;9;4416331;3423393;4115;2;2480
FR;3;2021-12-12;1;103;3;0;3;4416332;3423496;4118;2;2483
FR;3;2021-12-13;2;466;19;0;21;4416334;3423962;4137;2;2504
FR;3;2021-12-14;8;590;18;0;21;4416342;3424552;4155;2;2525
FR;3;2021-12-15;9;573;17;0;21;4416351;3425125;4172;2;2546
FR;3;2021-12-16;10;579;19;0;18;4416361;3425704;4191;2;2564
FR;3;2021-12-17;5;654;18;0;19;4416366;3426358;4209;2;2583
FR;3;2021-12-18;4;367;4;0;5;4416370;3426725;4213;2;2588
FR;3;2021-12-19;3;193;2;0;2;4416373;3426918;4215;2;2590
FR;3;2021-12-20;9;609;23;0;28;4416382;3427527;4238;2;2618
FR;3;2021-12-21;3;697;10;0;13;4416385;3428224;4248;2;2631
FR;3;2021-12-22;10;649;9;0;10;4416395;3428873;4257;2;2641
FR;3;2021-12-23;3;575;8;0;8;4416398;3429448;4265;2;2649
FR;3;2021-12-24;2;243;3;0;6;4416400;3429691;4268;2;2655
FR;3;2021-12-25;0;25;0;0;0;4416400;3429716;4268;2;2655
FR;3;2021-12-26;0;92;1;0;1;4416400;3429808;4269;2;2656
FR;3;2021-12-27;7;484;17;0;20;4416407;3430292;4286;2;2676
FR;3;2021-12-28;3;609;6;0;5;4416410;3430901;4292;2;2681
FR;3;2021-12-29;4;519;14;0;16;4416414;3431420;4306;2;2697
FR;3;2021-12-30;3;541;7;0;10;4416417;3431961;4313;2;2707
FR;3;2021-12-31;0;189;5;0;7;4416417;3432150;4318;2;2714
FR;3;2022-01-01;0;26;0;0;2;4416417;3432176;4318;2;2716
FR;3;2022-01-02;0;80;0;0;0;4416417;3432256;4318;2;2716
FR;3;2022-01-03;3;519;17;0;21;4416420;3432775;4335;2;2737
FR;3;2022-01-04;6;560;9;0;8;4416426;3433335;4344;2;2745
FR;3;2022-01-05;5;510;10;0;14;4416431;3433845;4354;2;2759
FR;3;2022-01-06;6;489;9;0;10;4416437;3434334;4363;2;2769
FR;3;2022-01-07;2;513;11;0;13;4416439;3434847;4374;2;2782
FR;3;2022-01-08;4;261;4;0;5;4416443;3435108;4378;2;2787
FR;3;2022-01-09;0;117;0;0;0;4416443;3435225;4378;2;2787
FR;3;2022-01-10;2;445;12;0;12;4416445;3435670;4390;2;2799
FR;3;2022-01-11;3;474;1;0;1;4416448;3436144;4391;2;2800
FR;3;2022-01-12;2;411;9;0;10;4416450;3436555;4400;2;2810
FR;3;2022-01-13;3;395;11;0;12;4416453;3436950;4411;2;2822
FR;3;2022-01-14;4;437;10;0;13;4416457;3437387;4421;2;2835
FR;3;2022-01-15;0;284;2;0;3;4416457;3437671;4423;2;2838
FR;3;2022-01-16;1;109;1;0;1;4416458;3437780;4424;2;2839
FR;3;2022-01-17;2;330;8;0;9;4416460;3438110;4432;2;2848
FR;3;2022-01-18;2;373;1;0;2;4416462;3438483;4433;2;2850
FR;3;2022-01-19;2;330;5;0;10;4416464;3438813;4438;2;2860
FR;3;2022-01-20;1;356;5;0;3;4416465;3439169;4443;2;2863
FR;3;2022-01-21;4;347;5;0;7;4416469;3439516;4448;2;2870
FR;3;2022-01-22;2;227;1;0;2;4416471;3439743;4449;2;2872
FR;3;2022-01-23;0;78;0;0;1;4416471;3439821;4449;2;2873
FR;3;2022-01-24;2;325;1;0;6;4416473;3440146;4450;2;2879
FR;3;2022-01-25;0;177;0;0;0;4416473;3440323;4450;2;2879
FR;3;2022-01-26;0;77;0;0;0;4416473;3440400;4450;2;2879
FR;3;2022-01-27;0;54;0;0;0;4416473;3440454;4450;2;2879
FR;3;2022-01-28;0;119;0;0;0;4416473;3440573;4450;2;2879
FR;3;2022-01-29;0;99;0;0;0;4416473;3440672;4450;2;2879
FR;3;2022-01-30;0;51;0;0;0;4416473;3440723;4450;2;2879
FR;3;2022-01-31;0;92;0;0;0;4416473;3440815;4450;2;2879
FR;3;2022-02-01;0;99;0;0;1;4416473;3440914;4450;2;2880
FR;3;2022-02-02;0;86;0;0;0;4416473;3441000;4450;2;2880
FR;3;2022-02-03;0;95;0;0;0;4416473;3441095;4450;2;2880
FR;3;2022-02-04;0;115;0;0;0;4416473;3441210;4450;2;2880
FR;3;2022-02-05;0;71;0;0;0;4416473;3441281;4450;2;2880
FR;3;2022-02-06;0;11;0;0;0;4416473;3441292;4450;2;2880
FR;3;2022-02-07;0;77;0;0;0;4416473;3441369;4450;2;2880
FR;3;2022-02-08;0;0;0;0;0;4416473;3441369;4450;2;2880
FR;3;2022-02-09;0;0;0;0;0;4416473;3441369;4450;2;2880
FR;3;2022-02-10;0;0;0;0;0;4416473;3441369;4450;2;2880
FR;3;2022-02-11;0;0;0;0;0;4416473;3441369;4450;2;2880
FR;3;2022-02-12;0;0;0;0;0;4416473;3441369;4450;2;2880
FR;3;2022-02-13;0;0;0;0;0;4416473;3441369;4450;2;2880
FR;3;2022-02-14;0;0;0;0;0;4416473;3441369;4450;2;2880
FR;3;2022-02-15;0;0;0;0;0;4416473;3441369;4450;2;2880
FR;3;2022-02-16;0;0;0;0;0;4416473;3441369;4450;2;2880
FR;3;2022-02-17;0;0;0;0;0;4416473;3441369;4450;2;2880
FR;3;2022-02-18;0;0;0;0;0;4416473;3441369;4450;2;2880
FR;3;2022-02-19;0;0;0;0;0;4416473;3441369;4450;2;2880
FR;3;2022-02-20;0;0;0;0;0;4416473;3441369;4450;2;2880
FR;3;2022-02-21;2;0;0;0;0;4416475;3441369;4450;2;2880
FR;3;2022-02-22;0;0;0;0;0;4416475;3441369;4450;2;2880
FR;3;2022-02-23;0;0;0;0;0;4416475;3441369;4450;2;2880
FR;3;2022-02-24;0;0;0;0;0;4416475;3441369;4450;2;2880
FR;3;2022-02-25;0;0;0;0;0;4416475;3441369;4450;2;2880
FR;3;2022-02-26;0;0;0;0;0;4416475;3441369;4450;2;2880
FR;3;2022-02-27;0;0;0;0;0;4416475;3441369;4450;2;2880
FR;3;2022-02-28;1;0;0;0;0;4416476;3441369;4450;2;2880
FR;3;2022-03-01;1;0;0;0;0;4416477;3441369;4450;2;2880
FR;3;2022-03-02;0;0;0;0;0;4416477;3441369;4450;2;2880
FR;3;2022-03-03;0;0;0;0;0;4416477;3441369;4450;2;2880
FR;3;2022-03-04;0;0;0;0;0;4416477;3441369;4450;2;2880
FR;3;2022-03-05;0;0;0;0;0;4416477;3441369;4450;2;2880
FR;3;2022-03-06;1;0;0;0;0;4416478;3441369;4450;2;2880
FR;3;2022-03-07;0;0;0;0;0;4416478;3441369;4450;2;2880
FR;3;2022-03-08;1;0;0;0;0;4416479;3441369;4450;2;2880
FR;3;2022-03-09;0;0;0;0;0;4416479;3441369;4450;2;2880
FR;3;2022-03-10;0;0;0;0;0;4416479;3441369;4450;2;2880
FR;3;2022-03-11;0;0;0;0;0;4416479;3441369;4450;2;2880
FR;3;2022-03-12;0;0;0;0;0;4416479;3441369;4450;2;2880
FR;3;2022-03-13;0;0;0;0;0;4416479;3441369;4450;2;2880
FR;3;2022-03-14;0;0;0;0;0;4416479;3441369;4450;2;2880
FR;3;2022-03-15;0;0;0;0;0;4416479;3441369;4450;2;2880
FR;3;2022-03-16;0;0;0;0;0;4416479;3441369;4450;2;2880
FR;3;2022-03-17;0;0;0;0;0;4416479;3441369;4450;2;2880
FR;3;2022-03-18;0;0;0;0;0;4416479;3441369;4450;2;2880
FR;3;2022-03-19;0;0;0;0;0;4416479;3441369;4450;2;2880
FR;3;2022-03-20;1;0;0;0;0;4416480;3441369;4450;2;2880
FR;3;2022-03-21;0;0;0;0;0;4416480;3441369;4450;2;2880
FR;3;2022-03-22;0;0;0;0;0;4416480;3441369;4450;2;2880
FR;3;2022-03-23;1;0;0;0;0;4416481;3441369;4450;2;2880
FR;3;2022-03-24;0;0;0;0;0;4416481;3441369;4450;2;2880
FR;3;2022-03-25;1;0;0;0;0;4416482;3441369;4450;2;2880
FR;3;2022-03-26;0;0;0;0;0;4416482;3441369;4450;2;2880
FR;3;2022-03-27;0;0;0;0;0;4416482;3441369;4450;2;2880
FR;3;2022-03-28;0;0;0;0;0;4416482;3441369;4450;2;2880
FR;3;2022-03-29;0;0;0;0;0;4416482;3441369;4450;2;2880
FR;3;2022-03-30;0;0;0;0;0;4416482;3441369;4450;2;2880
FR;3;2022-03-31;0;0;0;0;0;4416482;3441369;4450;2;2880
FR;3;2022-04-01;0;0;0;0;0;4416482;3441369;4450;2;2880
FR;3;2022-04-02;0;0;0;0;0;4416482;3441369;4450;2;2880
FR;3;2022-04-03;0;0;0;0;0;4416482;3441369;4450;2;2880
FR;3;2022-04-04;0;0;0;0;0;4416482;3441369;4450;2;2880
FR;3;2022-04-05;0;0;0;0;0;4416482;3441369;4450;2;2880
FR;3;2022-04-06;0;0;0;0;0;4416482;3441369;4450;2;2880
FR;3;2022-04-07;0;0;0;0;0;4416482;3441369;4450;2;2880
FR;3;2022-04-08;0;0;0;0;0;4416482;3441369;4450;2;2880
FR;3;2022-04-09;0;0;0;0;0;4416482;3441369;4450;2;2880
FR;3;2022-04-10;0;0;0;0;0;4416482;3441369;4450;2;2880
FR;3;2022-04-11;0;0;0;0;0;4416482;3441369;4450;2;2880
FR;3;2022-04-12;0;0;0;0;0;4416482;3441369;4450;2;2880
FR;3;2022-04-13;0;0;0;0;0;4416482;3441369;4450;2;2880
FR;3;2022-04-14;0;0;0;0;0;4416482;3441369;4450;2;2880
FR;3;2022-04-15;1;0;0;0;0;4416483;3441369;4450;2;2880
FR;3;2022-04-16;0;0;0;0;0;4416483;3441369;4450;2;2880
FR;3;2022-04-17;0;0;0;0;0;4416483;3441369;4450;2;2880
FR;3;2022-04-18;0;0;0;0;0;4416483;3441369;4450;2;2880
FR;3;2022-04-19;0;0;0;0;0;4416483;3441369;4450;2;2880
FR;3;2022-04-20;0;0;0;0;0;4416483;3441369;4450;2;2880
FR;3;2022-04-21;0;0;0;0;0;4416483;3441369;4450;2;2880
FR;3;2022-04-22;0;0;0;0;0;4416483;3441369;4450;2;2880
FR;3;2022-04-23;0;0;0;0;0;4416483;3441369;4450;2;2880
FR;3;2022-04-24;0;0;0;0;0;4416483;3441369;4450;2;2880
FR;3;2022-04-25;0;0;0;0;0;4416483;3441369;4450;2;2880
FR;3;2022-04-26;0;0;0;0;0;4416483;3441369;4450;2;2880
FR;3;2022-04-27;0;0;0;0;0;4416483;3441369;4450;2;2880
FR;3;2022-04-28;0;0;0;0;0;4416483;3441369;4450;2;2880
FR;3;2022-04-29;0;0;0;0;0;4416483;3441369;4450;2;2880
FR;3;2022-04-30;0;0;0;0;0;4416483;3441369;4450;2;2880
FR;3;2022-05-01;0;0;0;0;0;4416483;3441369;4450;2;2880
FR;3;2022-05-02;0;0;0;0;0;4416483;3441369;4450;2;2880
FR;3;2022-05-03;0;0;0;0;0;4416483;3441369;4450;2;2880
FR;3;2022-05-04;0;0;0;0;0;4416483;3441369;4450;2;2880
FR;3;2022-05-05;0;0;0;0;0;4416483;3441369;4450;2;2880
FR;3;2022-05-06;0;0;0;0;0;4416483;3441369;4450;2;2880
FR;3;2022-05-07;0;0;0;0;0;4416483;3441369;4450;2;2880
FR;3;2022-05-08;0;0;0;0;0;4416483;3441369;4450;2;2880
FR;3;2022-05-09;0;0;0;0;0;4416483;3441369;4450;2;2880
FR;3;2022-05-10;0;0;0;0;0;4416483;3441369;4450;2;2880
FR;3;2022-05-11;0;0;0;0;0;4416483;3441369;4450;2;2880
FR;3;2022-05-12;0;0;0;0;0;4416483;3441369;4450;2;2880
FR;3;2022-05-13;0;0;0;0;0;4416483;3441369;4450;2;2880
FR;3;2022-05-14;1;0;0;0;0;4416484;3441369;4450;2;2880
FR;3;2022-05-15;0;0;0;0;0;4416484;3441369;4450;2;2880
FR;3;2022-05-16;0;0;0;0;0;4416484;3441369;4450;2;2880
FR;3;2022-05-17;0;0;0;0;0;4416484;3441369;4450;2;2880
FR;3;2022-05-18;0;0;0;0;0;4416484;3441369;4450;2;2880
FR;3;2022-05-19;0;0;0;0;0;4416484;3441369;4450;2;2880
FR;3;2022-05-20;0;0;0;0;0;4416484;3441369;4450;2;2880
FR;3;2022-05-21;0;0;0;0;0;4416484;3441369;4450;2;2880
FR;3;2022-05-22;0;0;0;0;0;4416484;3441369;4450;2;2880
FR;3;2022-05-23;0;0;0;0;0;4416484;3441369;4450;2;2880
FR;3;2022-05-24;0;0;0;0;0;4416484;3441369;4450;2;2880
FR;3;2022-05-25;0;0;0;0;0;4416484;3441369;4450;2;2880
FR;3;2022-05-26;0;0;0;0;0;4416484;3441369;4450;2;2880
FR;3;2022-05-27;0;0;0;0;0;4416484;3441369;4450;2;2880
FR;3;2022-05-28;0;0;0;0;0;4416484;3441369;4450;2;2880
FR;3;2022-05-29;0;0;0;0;0;4416484;3441369;4450;2;2880
FR;3;2022-05-30;0;0;0;0;0;4416484;3441369;4450;2;2880
FR;3;2022-05-31;0;0;0;0;0;4416484;3441369;4450;2;2880
FR;3;2022-06-01;0;0;0;0;0;4416484;3441369;4450;2;2880
FR;3;2022-06-02;0;0;0;0;0;4416484;3441369;4450;2;2880
FR;3;2022-06-03;0;0;0;0;0;4416484;3441369;4450;2;2880
FR;3;2022-06-04;0;0;0;0;0;4416484;3441369;4450;2;2880
FR;3;2022-06-05;0;0;0;0;0;4416484;3441369;4450;2;2880
FR;3;2022-06-06;0;0;0;0;0;4416484;3441369;4450;2;2880
FR;3;2022-06-07;0;0;0;0;0;4416484;3441369;4450;2;2880
FR;3;2022-06-08;0;0;0;0;0;4416484;3441369;4450;2;2880
FR;3;2022-06-09;0;0;0;0;0;4416484;3441369;4450;2;2880
FR;3;2022-06-10;0;0;0;0;0;4416484;3441369;4450;2;2880
FR;3;2022-06-11;0;0;0;0;0;4416484;3441369;4450;2;2880
FR;3;2022-06-12;0;0;0;0;0;4416484;3441369;4450;2;2880
FR;3;2022-06-13;1;0;0;0;0;4416485;3441369;4450;2;2880
FR;3;2022-06-14;0;0;0;0;0;4416485;3441369;4450;2;2880
FR;3;2022-06-15;0;0;0;0;0;4416485;3441369;4450;2;2880
FR;3;2022-06-16;0;0;0;0;0;4416485;3441369;4450;2;2880
FR;3;2022-06-17;0;0;0;0;0;4416485;3441369;4450;2;2880
FR;3;2022-06-18;0;0;0;0;0;4416485;3441369;4450;2;2880
FR;3;2022-06-19;0;0;0;0;0;4416485;3441369;4450;2;2880
FR;3;2022-06-20;0;0;0;0;0;4416485;3441369;4450;2;2880
FR;3;2022-06-21;0;0;0;0;0;4416485;3441369;4450;2;2880
FR;3;2022-06-22;0;0;0;0;0;4416485;3441369;4450;2;2880
FR;3;2022-06-23;0;0;0;0;0;4416485;3441369;4450;2;2880
FR;3;2022-06-24;0;0;0;0;0;4416485;3441369;4450;2;2880
FR;3;2022-06-25;0;0;0;0;0;4416485;3441369;4450;2;2880
FR;3;2022-06-26;0;0;0;0;0;4416485;3441369;4450;2;2880
FR;3;2022-06-27;0;0;0;0;0;4416485;3441369;4450;2;2880
FR;3;2022-06-28;0;0;0;0;0;4416485;3441369;4450;2;2880
FR;3;2022-06-29;1;0;0;0;0;4416486;3441369;4450;2;2880
FR;3;2022-06-30;0;0;0;0;0;4416486;3441369;4450;2;2880
FR;3;2022-07-01;0;0;0;0;0;4416486;3441369;4450;2;2880
FR;3;2022-07-02;0;0;0;0;0;4416486;3441369;4450;2;2880
FR;3;2022-07-03;0;0;0;0;0;4416486;3441369;4450;2;2880
FR;3;2022-07-04;0;0;0;0;0;4416486;3441369;4450;2;2880
FR;3;2022-07-05;0;0;0;0;0;4416486;3441369;4450;2;2880
FR;3;2022-07-06;0;0;0;0;0;4416486;3441369;4450;2;2880
FR;3;2022-07-07;0;0;0;0;0;4416486;3441369;4450;2;2880
FR;3;2022-07-08;0;0;0;0;0;4416486;3441369;4450;2;2880
FR;3;2022-07-09;0;0;0;0;0;4416486;3441369;4450;2;2880
FR;3;2022-07-10;0;0;0;0;0;4416486;3441369;4450;2;2880
FR;3;2022-07-11;0;0;0;0;0;4416486;3441369;4450;2;2880
FR;3;2022-07-12;0;0;0;0;0;4416486;3441369;4450;2;2880
FR;3;2022-07-13;0;0;0;0;0;4416486;3441369;4450;2;2880
FR;3;2022-07-14;0;0;0;0;0;4416486;3441369;4450;2;2880
FR;3;2022-07-15;0;0;0;0;0;4416486;3441369;4450;2;2880
FR;3;2022-07-16;0;0;0;0;0;4416486;3441369;4450;2;2880
FR;3;2022-07-17;0;0;0;0;0;4416486;3441369;4450;2;2880
FR;3;2022-07-18;0;0;0;0;0;4416486;3441369;4450;2;2880
FR;3;2022-07-19;0;0;0;0;0;4416486;3441369;4450;2;2880
FR;3;2022-07-20;0;0;0;0;0;4416486;3441369;4450;2;2880
FR;3;2022-07-21;0;0;0;0;0;4416486;3441369;4450;2;2880
FR;3;2022-07-22;0;0;0;0;0;4416486;3441369;4450;2;2880
FR;3;2022-07-23;0;0;0;0;0;4416486;3441369;4450;2;2880
FR;3;2022-07-24;0;0;0;0;0;4416486;3441369;4450;2;2880
FR;3;2022-07-25;0;0;0;0;0;4416486;3441369;4450;2;2880
FR;3;2022-07-26;0;0;0;0;0;4416486;3441369;4450;2;2880
FR;3;2022-07-27;0;0;0;0;0;4416486;3441369;4450;2;2880
FR;3;2022-07-28;0;0;0;0;0;4416486;3441369;4450;2;2880
FR;3;2022-07-29;0;0;0;0;0;4416486;3441369;4450;2;2880
FR;3;2022-07-30;0;0;0;0;0;4416486;3441369;4450;2;2880
FR;3;2022-07-31;0;0;0;0;0;4416486;3441369;4450;2;2880
FR;3;2022-08-01;0;0;0;0;0;4416486;3441369;4450;2;2880
FR;3;2022-08-02;0;0;0;0;0;4416486;3441369;4450;2;2880
FR;3;2022-08-03;0;0;0;0;0;4416486;3441369;4450;2;2880
FR;3;2022-08-04;0;0;0;0;0;4416486;3441369;4450;2;2880
FR;3;2022-08-05;0;0;0;0;0;4416486;3441369;4450;2;2880
FR;3;2022-08-06;0;0;0;0;0;4416486;3441369;4450;2;2880
FR;3;2022-08-07;0;0;0;0;0;4416486;3441369;4450;2;2880
FR;3;2022-08-08;0;0;0;0;0;4416486;3441369;4450;2;2880
FR;3;2022-08-09;0;0;0;0;0;4416486;3441369;4450;2;2880
FR;3;2022-08-10;0;0;0;0;0;4416486;3441369;4450;2;2880
FR;3;2022-08-11;0;0;0;0;0;4416486;3441369;4450;2;2880
FR;3;2022-08-12;0;0;0;0;0;4416486;3441369;4450;2;2880
FR;3;2022-08-13;0;0;0;0;0;4416486;3441369;4450;2;2880
FR;3;2022-08-14;0;0;0;0;0;4416486;3441369;4450;2;2880
FR;3;2022-08-15;0;0;0;0;0;4416486;3441369;4450;2;2880
FR;3;2022-08-16;0;0;0;0;0;4416486;3441369;4450;2;2880
FR;3;2022-08-17;0;0;0;0;0;4416486;3441369;4450;2;2880
FR;3;2022-08-18;0;0;0;0;0;4416486;3441369;4450;2;2880
FR;3;2022-08-19;0;0;0;0;0;4416486;3441369;4450;2;2880
FR;3;2022-08-20;0;0;0;0;0;4416486;3441369;4450;2;2880
FR;3;2022-08-21;0;0;0;0;0;4416486;3441369;4450;2;2880
FR;3;2022-08-22;0;0;0;0;0;4416486;3441369;4450;2;2880
FR;3;2022-08-23;0;0;0;0;0;4416486;3441369;4450;2;2880
FR;3;2022-08-24;0;0;0;0;0;4416486;3441369;4450;2;2880
FR;3;2022-08-25;0;0;0;0;0;4416486;3441369;4450;2;2880
FR;3;2022-08-26;0;0;0;0;0;4416486;3441369;4450;2;2880
FR;3;2022-08-27;0;0;0;0;0;4416486;3441369;4450;2;2880
FR;3;2022-08-28;0;0;0;0;0;4416486;3441369;4450;2;2880
FR;3;2022-08-29;0;0;0;0;0;4416486;3441369;4450;2;2880
FR;3;2022-08-30;0;0;0;0;0;4416486;3441369;4450;2;2880
FR;3;2022-08-31;0;0;0;0;0;4416486;3441369;4450;2;2880
FR;3;2022-09-01;0;0;0;0;0;4416486;3441369;4450;2;2880
FR;3;2022-09-02;0;0;0;0;0;4416486;3441369;4450;2;2880
FR;3;2022-09-03;0;0;0;0;0;4416486;3441369;4450;2;2880
FR;3;2022-09-04;0;0;0;0;0;4416486;3441369;4450;2;2880
FR;3;2022-09-05;0;0;0;0;0;4416486;3441369;4450;2;2880
FR;3;2022-09-06;0;0;0;0;0;4416486;3441369;4450;2;2880
FR;3;2022-09-07;0;0;0;0;0;4416486;3441369;4450;2;2880
FR;3;2022-09-08;0;0;0;0;0;4416486;3441369;4450;2;2880
FR;3;2022-09-09;0;0;0;0;0;4416486;3441369;4450;2;2880
FR;3;2022-09-10;0;0;0;0;0;4416486;3441369;4450;2;2880
FR;3;2022-09-11;0;0;0;0;0;4416486;3441369;4450;2;2880
FR;3;2022-09-12;0;0;0;0;0;4416486;3441369;4450;2;2880
FR;3;2022-09-13;0;0;0;0;0;4416486;3441369;4450;2;2880
FR;3;2022-09-14;0;0;0;0;0;4416486;3441369;4450;2;2880
FR;3;2022-09-15;0;0;0;0;0;4416486;3441369;4450;2;2880
FR;3;2022-09-16;0;0;0;0;0;4416486;3441369;4450;2;2880
FR;3;2022-09-17;0;0;0;0;0;4416486;3441369;4450;2;2880
FR;3;2022-09-18;0;0;0;0;0;4416486;3441369;4450;2;2880
FR;3;2022-09-19;0;0;0;0;0;4416486;3441369;4450;2;2880
FR;3;2022-09-20;0;0;0;0;0;4416486;3441369;4450;2;2880
FR;3;2022-09-21;0;0;0;0;0;4416486;3441369;4450;2;2880
FR;3;2022-09-22;0;0;0;0;0;4416486;3441369;4450;2;2880
FR;3;2022-09-23;0;0;0;0;0;4416486;3441369;4450;2;2880
FR;3;2022-09-24;0;0;0;0;0;4416486;3441369;4450;2;2880
FR;3;2022-09-25;0;0;0;0;0;4416486;3441369;4450;2;2880
FR;3;2022-09-26;0;0;0;0;0;4416486;3441369;4450;2;2880
FR;3;2022-09-27;0;0;0;0;0;4416486;3441369;4450;2;2880
FR;3;2022-09-28;0;0;0;0;0;4416486;3441369;4450;2;2880
FR;3;2022-09-29;0;0;0;0;0;4416486;3441369;4450;2;2880
FR;3;2022-09-30;0;0;0;0;0;4416486;3441369;4450;2;2880
FR;3;2022-10-01;0;0;0;0;0;4416486;3441369;4450;2;2880
FR;3;2022-10-02;0;0;0;0;0;4416486;3441369;4450;2;2880
FR;3;2022-10-03;0;0;0;0;0;4416486;3441369;4450;2;2880
FR;3;2022-10-04;0;0;0;0;0;4416486;3441369;4450;2;2880
FR;3;2022-10-05;0;0;0;0;0;4416486;3441369;4450;2;2880
FR;3;2022-10-06;0;0;0;0;0;4416486;3441369;4450;2;2880
FR;3;2022-10-07;0;0;0;0;0;4416486;3441369;4450;2;2880
FR;3;2022-10-08;0;0;0;0;0;4416486;3441369;4450;2;2880
FR;3;2022-10-09;0;0;0;0;0;4416486;3441369;4450;2;2880
FR;3;2022-10-10;0;0;0;0;0;4416486;3441369;4450;2;2880
FR;3;2022-10-11;0;0;0;0;0;4416486;3441369;4450;2;2880
FR;3;2022-10-12;0;0;0;0;0;4416486;3441369;4450;2;2880
FR;3;2022-10-13;0;0;0;0;0;4416486;3441369;4450;2;2880
FR;3;2022-10-14;0;0;0;0;0;4416486;3441369;4450;2;2880
FR;3;2022-10-15;0;0;0;0;0;4416486;3441369;4450;2;2880
FR;3;2022-10-16;0;0;0;0;0;4416486;3441369;4450;2;2880
FR;3;2022-10-17;0;0;0;0;0;4416486;3441369;4450;2;2880
FR;3;2022-10-18;0;0;0;0;0;4416486;3441369;4450;2;2880
FR;3;2022-10-19;0;0;0;0;0;4416486;3441369;4450;2;2880
FR;3;2022-10-20;0;0;0;0;0;4416486;3441369;4450;2;2880
FR;3;2022-10-21;0;0;0;0;0;4416486;3441369;4450;2;2880
FR;3;2022-10-22;0;0;0;0;0;4416486;3441369;4450;2;2880
FR;3;2022-10-23;0;0;0;0;0;4416486;3441369;4450;2;2880
FR;3;2022-10-24;0;0;0;0;0;4416486;3441369;4450;2;2880
FR;3;2022-10-25;0;0;0;0;0;4416486;3441369;4450;2;2880
FR;3;2022-10-26;0;0;0;0;0;4416486;3441369;4450;2;2880
FR;3;2022-10-27;0;0;0;0;0;4416486;3441369;4450;2;2880
FR;3;2022-10-28;0;0;0;0;0;4416486;3441369;4450;2;2880
FR;3;2022-10-29;0;0;0;0;0;4416486;3441369;4450;2;2880
FR;3;2022-10-30;0;0;0;0;0;4416486;3441369;4450;2;2880
FR;3;2022-10-31;0;0;0;0;0;4416486;3441369;4450;2;2880
FR;3;2022-11-01;0;0;0;0;0;4416486;3441369;4450;2;2880
FR;3;2022-11-02;0;0;0;0;0;4416486;3441369;4450;2;2880
FR;3;2022-11-03;0;0;0;0;0;4416486;3441369;4450;2;2880
FR;3;2022-11-04;0;0;0;0;0;4416486;3441369;4450;2;2880
FR;3;2022-11-05;0;0;0;0;0;4416486;3441369;4450;2;2880
FR;3;2022-11-06;0;0;0;0;0;4416486;3441369;4450;2;2880
FR;3;2022-11-07;0;0;0;0;0;4416486;3441369;4450;2;2880
FR;3;2022-11-08;1;0;0;0;0;4416487;3441369;4450;2;2880
FR;3;2022-11-09;0;0;0;0;0;4416487;3441369;4450;2;2880
FR;3;2022-11-10;0;0;0;0;0;4416487;3441369;4450;2;2880
FR;3;2022-11-11;0;0;0;0;0;4416487;3441369;4450;2;2880
FR;3;2022-11-12;0;0;0;0;0;4416487;3441369;4450;2;2880
FR;3;2022-11-13;0;0;0;0;0;4416487;3441369;4450;2;2880
FR;3;2022-11-14;0;0;0;0;0;4416487;3441369;4450;2;2880
FR;3;2022-11-15;0;0;0;0;0;4416487;3441369;4450;2;2880
FR;3;2022-11-16;0;0;0;0;0;4416487;3441369;4450;2;2880
FR;3;2022-11-17;0;0;0;0;0;4416487;3441369;4450;2;2880
FR;3;2022-11-18;0;0;0;0;0;4416487;3441369;4450;2;2880
FR;3;2022-11-19;0;0;0;0;0;4416487;3441369;4450;2;2880
FR;3;2022-11-20;0;0;0;0;0;4416487;3441369;4450;2;2880
FR;4;2020-12-27;0;0;0;0;0;0;0;0;0;0
FR;4;2020-12-28;0;0;0;0;0;0;0;0;0;0
FR;4;2020-12-29;0;0;0;0;0;0;0;0;0;0
FR;4;2020-12-30;0;0;0;0;0;0;0;0;0;0
FR;4;2020-12-31;0;0;0;0;0;0;0;0;0;0
FR;4;2021-01-01;0;0;0;0;0;0;0;0;0;0
FR;4;2021-01-02;0;0;0;0;0;0;0;0;0;0
FR;4;2021-01-03;0;0;0;0;0;0;0;0;0;0
FR;4;2021-01-04;0;0;0;0;0;0;0;0;0;0
FR;4;2021-01-05;0;0;0;0;0;0;0;0;0;0
FR;4;2021-01-06;0;0;0;0;0;0;0;0;0;0
FR;4;2021-01-07;0;0;0;0;0;0;0;0;0;0
FR;4;2021-01-08;0;0;0;0;0;0;0;0;0;0
FR;4;2021-01-09;0;0;0;0;0;0;0;0;0;0
FR;4;2021-01-10;0;0;0;0;0;0;0;0;0;0
FR;4;2021-01-11;0;0;0;0;0;0;0;0;0;0
FR;4;2021-01-12;0;0;0;0;0;0;0;0;0;0
FR;4;2021-01-13;0;0;0;0;0;0;0;0;0;0
FR;4;2021-01-14;0;0;0;0;0;0;0;0;0;0
FR;4;2021-01-15;0;0;0;0;0;0;0;0;0;0
FR;4;2021-01-16;0;0;0;0;0;0;0;0;0;0
FR;4;2021-01-17;0;0;0;0;0;0;0;0;0;0
FR;4;2021-01-18;0;0;0;0;0;0;0;0;0;0
FR;4;2021-01-19;0;0;0;0;0;0;0;0;0;0
FR;4;2021-01-20;0;0;0;0;0;0;0;0;0;0
FR;4;2021-01-21;0;0;0;0;0;0;0;0;0;0
FR;4;2021-01-22;0;0;0;0;0;0;0;0;0;0
FR;4;2021-01-23;0;0;0;0;0;0;0;0;0;0
FR;4;2021-01-24;0;0;0;0;0;0;0;0;0;0
FR;4;2021-01-25;0;0;0;0;0;0;0;0;0;0
FR;4;2021-01-26;0;0;0;0;0;0;0;0;0;0
FR;4;2021-01-27;0;0;0;0;0;0;0;0;0;0
FR;4;2021-01-28;0;0;0;0;0;0;0;0;0;0
FR;4;2021-01-29;0;0;0;0;0;0;0;0;0;0
FR;4;2021-01-30;0;0;0;0;0;0;0;0;0;0
FR;4;2021-01-31;0;0;0;0;0;0;0;0;0;0
FR;4;2021-02-01;0;0;0;0;0;0;0;0;0;0
FR;4;2021-02-02;0;0;0;0;0;0;0;0;0;0
FR;4;2021-02-03;0;0;0;0;0;0;0;0;0;0
FR;4;2021-02-04;0;0;0;0;0;0;0;0;0;0
FR;4;2021-02-05;0;0;0;0;0;0;0;0;0;0
FR;4;2021-02-06;0;0;0;0;0;0;0;0;0;0
FR;4;2021-02-07;0;0;0;0;0;0;0;0;0;0
FR;4;2021-02-08;0;0;0;0;0;0;0;0;0;0
FR;4;2021-02-09;0;0;0;0;0;0;0;0;0;0
FR;4;2021-02-10;0;0;0;0;0;0;0;0;0;0
FR;4;2021-02-11;0;0;0;0;0;0;0;0;0;0
FR;4;2021-02-12;0;0;0;0;0;0;0;0;0;0
FR;4;2021-02-13;0;0;0;0;0;0;0;0;0;0
FR;4;2021-02-14;0;0;0;0;0;0;0;0;0;0
FR;4;2021-02-15;0;0;0;0;0;0;0;0;0;0
FR;4;2021-02-16;0;0;0;0;0;0;0;0;0;0
FR;4;2021-02-17;0;0;0;0;0;0;0;0;0;0
FR;4;2021-02-18;0;0;0;0;0;0;0;0;0;0
FR;4;2021-02-19;0;0;0;0;0;0;0;0;0;0
FR;4;2021-02-20;0;0;0;0;0;0;0;0;0;0
FR;4;2021-02-21;0;0;0;0;0;0;0;0;0;0
FR;4;2021-02-22;0;0;0;0;0;0;0;0;0;0
FR;4;2021-02-23;0;0;0;0;0;0;0;0;0;0
FR;4;2021-02-24;0;0;0;0;0;0;0;0;0;0
FR;4;2021-02-25;0;0;0;0;0;0;0;0;0;0
FR;4;2021-02-26;0;0;0;0;0;0;0;0;0;0
FR;4;2021-02-27;0;0;0;0;0;0;0;0;0;0
FR;4;2021-02-28;0;0;0;0;0;0;0;0;0;0
FR;4;2021-03-01;0;0;0;0;0;0;0;0;0;0
FR;4;2021-03-02;0;0;0;0;0;0;0;0;0;0
FR;4;2021-03-03;0;0;0;0;0;0;0;0;0;0
FR;4;2021-03-04;0;0;0;0;0;0;0;0;0;0
FR;4;2021-03-05;0;0;0;0;0;0;0;0;0;0
FR;4;2021-03-06;0;0;0;0;0;0;0;0;0;0
FR;4;2021-03-07;0;0;0;0;0;0;0;0;0;0
FR;4;2021-03-08;0;0;0;0;0;0;0;0;0;0
FR;4;2021-03-09;0;0;0;0;0;0;0;0;0;0
FR;4;2021-03-10;0;0;0;0;0;0;0;0;0;0
FR;4;2021-03-11;0;0;0;0;0;0;0;0;0;0
FR;4;2021-03-12;0;0;0;0;0;0;0;0;0;0
FR;4;2021-03-13;0;0;0;0;0;0;0;0;0;0
FR;4;2021-03-14;0;0;0;0;0;0;0;0;0;0
FR;4;2021-03-15;0;0;0;0;0;0;0;0;0;0
FR;4;2021-03-16;0;0;0;0;0;0;0;0;0;0
FR;4;2021-03-17;0;0;0;0;0;0;0;0;0;0
FR;4;2021-03-18;0;0;0;0;0;0;0;0;0;0
FR;4;2021-03-19;0;0;0;0;0;0;0;0;0;0
FR;4;2021-03-20;0;0;0;0;0;0;0;0;0;0
FR;4;2021-03-21;0;0;0;0;0;0;0;0;0;0
FR;4;2021-03-22;0;0;0;0;0;0;0;0;0;0
FR;4;2021-03-23;0;0;0;0;0;0;0;0;0;0
FR;4;2021-03-24;0;0;0;0;0;0;0;0;0;0
FR;4;2021-03-25;0;0;0;0;0;0;0;0;0;0
FR;4;2021-03-26;0;0;0;0;0;0;0;0;0;0
FR;4;2021-03-27;0;0;0;0;0;0;0;0;0;0
FR;4;2021-03-28;0;0;0;0;0;0;0;0;0;0
FR;4;2021-03-29;0;0;0;0;0;0;0;0;0;0
FR;4;2021-03-30;0;0;0;0;0;0;0;0;0;0
FR;4;2021-03-31;0;0;0;0;0;0;0;0;0;0
FR;4;2021-04-01;0;0;0;0;0;0;0;0;0;0
FR;4;2021-04-02;0;0;0;0;0;0;0;0;0;0
FR;4;2021-04-03;0;0;0;0;0;0;0;0;0;0
FR;4;2021-04-04;0;0;0;0;0;0;0;0;0;0
FR;4;2021-04-05;0;0;0;0;0;0;0;0;0;0
FR;4;2021-04-06;0;0;0;0;0;0;0;0;0;0
FR;4;2021-04-07;0;0;0;0;0;0;0;0;0;0
FR;4;2021-04-08;0;0;0;0;0;0;0;0;0;0
FR;4;2021-04-09;0;0;0;0;0;0;0;0;0;0
FR;4;2021-04-10;0;0;0;0;0;0;0;0;0;0
FR;4;2021-04-11;0;0;0;0;0;0;0;0;0;0
FR;4;2021-04-12;0;0;0;0;0;0;0;0;0;0
FR;4;2021-04-13;0;0;0;0;0;0;0;0;0;0
FR;4;2021-04-14;0;0;0;0;0;0;0;0;0;0
FR;4;2021-04-15;0;0;0;0;0;0;0;0;0;0
FR;4;2021-04-16;0;0;0;0;0;0;0;0;0;0
FR;4;2021-04-17;0;0;0;0;0;0;0;0;0;0
FR;4;2021-04-18;0;0;0;0;0;0;0;0;0;0
FR;4;2021-04-19;0;0;0;0;0;0;0;0;0;0
FR;4;2021-04-20;0;0;0;0;0;0;0;0;0;0
FR;4;2021-04-21;0;0;0;0;0;0;0;0;0;0
FR;4;2021-04-22;0;0;0;0;0;0;0;0;0;0
FR;4;2021-04-23;3770;0;0;0;0;3770;0;0;0;0
FR;4;2021-04-24;1569;1;0;0;0;5339;1;0;0;0
FR;4;2021-04-25;125;0;0;0;0;5464;1;0;0;0
FR;4;2021-04-26;2870;1;0;0;0;8334;2;0;0;0
FR;4;2021-04-27;9521;3;0;0;0;17855;5;0;0;0
FR;4;2021-04-28;9909;6;0;0;0;27764;11;0;0;0
FR;4;2021-04-29;15996;8;0;0;0;43760;19;0;0;0
FR;4;2021-04-30;19234;10;0;0;0;62994;29;0;0;0
FR;4;2021-05-01;1993;6;0;0;0;64987;35;0;0;0
FR;4;2021-05-02;483;0;0;0;0;65470;35;0;0;0
FR;4;2021-05-03;5065;2;0;0;0;70535;37;0;0;0
FR;4;2021-05-04;8408;11;0;0;0;78943;48;0;0;0
FR;4;2021-05-05;6190;7;0;0;0;85133;55;0;0;0
FR;4;2021-05-06;11387;11;0;0;0;96520;66;0;0;0
FR;4;2021-05-07;19125;9;0;0;0;115645;75;0;0;0
FR;4;2021-05-08;2378;6;0;0;0;118023;81;0;0;0
FR;4;2021-05-09;688;3;0;0;0;118711;84;0;0;0
FR;4;2021-05-10;7244;5;1;0;0;125955;89;1;0;0
FR;4;2021-05-11;14325;12;0;0;0;140280;101;1;0;0
FR;4;2021-05-12;10174;15;0;0;0;150454;116;1;0;0
FR;4;2021-05-13;1583;4;0;0;0;152037;120;1;0;0
FR;4;2021-05-14;7767;7;0;0;0;159804;127;1;0;0
FR;4;2021-05-15;3721;8;1;0;0;163525;135;2;0;0
FR;4;2021-05-16;417;1;0;0;0;163942;136;2;0;0
FR;4;2021-05-17;4479;6;0;0;0;168421;142;2;0;0
FR;4;2021-05-18;8767;10;0;0;0;177188;152;2;0;0
FR;4;2021-05-19;5695;7;0;0;0;182883;159;2;0;0
FR;4;2021-05-20;9485;8;0;0;0;192368;167;2;0;0
FR;4;2021-05-21;12809;30;0;0;0;205177;197;2;0;0
FR;4;2021-05-22;5060;15;0;0;0;210237;212;2;0;0
FR;4;2021-05-23;496;4;0;0;0;210733;216;2;0;0
FR;4;2021-05-24;1059;7;0;0;0;211792;223;2;0;0
FR;4;2021-05-25;7632;16;0;0;0;219424;239;2;0;0
FR;4;2021-05-26;7729;16;0;0;0;227153;255;2;0;0
FR;4;2021-05-27;14335;35;0;0;0;241488;290;2;0;0
FR;4;2021-05-28;26591;82;1;0;0;268079;372;3;0;0
FR;4;2021-05-29;11385;18;0;0;0;279464;390;3;0;0
FR;4;2021-05-30;973;6;0;0;0;280437;396;3;0;0
FR;4;2021-05-31;12696;21;0;0;0;293133;417;3;0;0
FR;4;2021-06-01;20267;48;1;0;0;313400;465;4;0;0
FR;4;2021-06-02;14521;33;0;0;0;327921;498;4;0;0
FR;4;2021-06-03;19433;24;1;0;0;347354;522;5;0;0
FR;4;2021-06-04;22515;48;0;0;0;369869;570;5;0;0
FR;4;2021-06-05;9714;32;0;0;0;379583;602;5;0;0
FR;4;2021-06-06;1040;1;0;0;0;380623;603;5;0;0
FR;4;2021-06-07;9228;19;0;0;0;389851;622;5;0;0
FR;4;2021-06-08;14612;32;0;0;0;404463;654;5;0;0
FR;4;2021-06-09;12211;25;0;0;0;416674;679;5;0;0
FR;4;2021-06-10;15405;30;0;0;0;432079;709;5;0;0
FR;4;2021-06-11;16987;57;0;0;0;449066;766;5;0;0
FR;4;2021-06-12;7451;27;0;0;0;456517;793;5;0;0
FR;4;2021-06-13;908;3;0;0;0;457425;796;5;0;0
FR;4;2021-06-14;6649;27;0;0;0;464074;823;5;0;0
FR;4;2021-06-15;10892;38;0;0;0;474966;861;5;0;0
FR;4;2021-06-16;8909;16;0;0;0;483875;877;5;0;0
FR;4;2021-06-17;10899;37;0;0;0;494774;914;5;0;0
FR;4;2021-06-18;12424;45;0;0;0;507198;959;5;0;0
FR;4;2021-06-19;5567;25;0;0;0;512765;984;5;0;0
FR;4;2021-06-20;824;5;0;0;0;513589;989;5;0;0
FR;4;2021-06-21;5101;21;0;0;0;518690;1010;5;0;0
FR;4;2021-06-22;7913;28;2;0;0;526603;1038;7;0;0
FR;4;2021-06-23;7103;42;2;0;0;533706;1080;9;0;0
FR;4;2021-06-24;8654;46;1;0;0;542360;1126;10;0;0
FR;4;2021-06-25;10174;41;2;0;0;552534;1167;12;0;0
FR;4;2021-06-26;4852;21;0;0;0;557386;1188;12;0;0
FR;4;2021-06-27;766;4;0;0;0;558152;1192;12;0;0
FR;4;2021-06-28;4833;16;1;0;0;562985;1208;13;0;0
FR;4;2021-06-29;7110;28;2;0;0;570095;1236;15;0;0
FR;4;2021-06-30;6723;39;2;0;0;576818;1275;17;0;0
FR;4;2021-07-01;8209;42;0;0;0;585027;1317;17;0;0
FR;4;2021-07-02;9428;53;1;0;0;594455;1370;18;0;0
FR;4;2021-07-03;4846;20;0;0;0;599301;1390;18;0;0
FR;4;2021-07-04;689;5;0;0;0;599990;1395;18;0;0
FR;4;2021-07-05;4771;19;2;0;0;604761;1414;20;0;0
FR;4;2021-07-06;7728;29;4;0;0;612489;1443;24;0;0
FR;4;2021-07-07;7085;34;2;0;0;619574;1477;26;0;0
FR;4;2021-07-08;9231;40;2;0;0;628805;1517;28;0;0
FR;4;2021-07-09;10278;34;1;0;0;639083;1551;29;0;0
FR;4;2021-07-10;4639;14;2;0;0;643722;1565;31;0;0
FR;4;2021-07-11;583;4;1;0;0;644305;1569;32;0;0
FR;4;2021-07-12;5875;29;0;0;0;650180;1598;32;0;0
FR;4;2021-07-13;14232;29;0;0;0;664412;1627;32;0;0
FR;4;2021-07-14;2289;15;0;0;0;666701;1642;32;0;0
FR;4;2021-07-15;18237;36;0;0;0;684938;1678;32;0;0
FR;4;2021-07-16;22837;71;2;0;0;707775;1749;34;0;0
FR;4;2021-07-17;9738;20;0;0;0;717513;1769;34;0;0
FR;4;2021-07-18;1358;4;0;0;0;718871;1773;34;0;0
FR;4;2021-07-19;12989;30;1;0;0;731860;1803;35;0;0
FR;4;2021-07-20;17343;26;1;0;0;749203;1829;36;0;0
FR;4;2021-07-21;15617;33;0;0;0;764820;1862;36;0;0
FR;4;2021-07-22;18244;44;2;0;0;783064;1906;38;0;0
FR;4;2021-07-23;20417;57;7;0;0;803481;1963;45;0;0
FR;4;2021-07-24;9289;32;0;0;0;812770;1995;45;0;0
FR;4;2021-07-25;1354;9;0;0;0;814124;2004;45;0;0
FR;4;2021-07-26;11041;23;0;0;0;825165;2027;45;0;0
FR;4;2021-07-27;14683;35;3;0;0;839848;2062;48;0;0
FR;4;2021-07-28;12933;26;2;0;0;852781;2088;50;0;0
FR;4;2021-07-29;14093;54;4;0;0;866874;2142;54;0;0
FR;4;2021-07-30;15500;46;2;0;0;882374;2188;56;0;0
FR;4;2021-07-31;6842;14;2;0;0;889216;2202;58;0;0
FR;4;2021-08-01;906;1;0;0;0;890122;2203;58;0;0
FR;4;2021-08-02;7917;31;0;0;0;898039;2234;58;0;0
FR;4;2021-08-03;10799;31;2;0;0;908838;2265;60;0;0
FR;4;2021-08-04;9746;29;0;0;0;918584;2294;60;0;0
FR;4;2021-08-05;9825;42;0;0;0;928409;2336;60;0;0
FR;4;2021-08-06;10200;31;3;0;0;938609;2367;63;0;0
FR;4;2021-08-07;5099;30;1;0;0;943708;2397;64;0;0
FR;4;2021-08-08;1219;13;0;0;0;944927;2410;64;0;0
FR;4;2021-08-09;6349;31;0;0;0;951276;2441;64;0;0
FR;4;2021-08-10;8751;18;0;0;0;960027;2459;64;0;0
FR;4;2021-08-11;7944;34;4;0;0;967971;2493;68;0;0
FR;4;2021-08-12;8585;31;1;0;0;976556;2524;69;0;0
FR;4;2021-08-13;7558;25;0;1;0;984114;2549;69;1;0
FR;4;2021-08-14;3791;20;0;0;0;987905;2569;69;1;0
FR;4;2021-08-15;771;5;0;0;0;988676;2574;69;1;0
FR;4;2021-08-16;4008;17;0;0;0;992684;2591;69;1;0
FR;4;2021-08-17;5629;17;1;0;0;998313;2608;70;1;0
FR;4;2021-08-18;5166;37;0;0;0;1003479;2645;70;1;0
FR;4;2021-08-19;5486;33;3;0;0;1008965;2678;73;1;0
FR;4;2021-08-20;5222;25;1;0;0;1014187;2703;74;1;0
FR;4;2021-08-21;2310;21;1;0;0;1016497;2724;75;1;0
FR;4;2021-08-22;414;2;0;0;0;1016911;2726;75;1;0
FR;4;2021-08-23;2932;19;1;0;0;1019843;2745;76;1;0
FR;4;2021-08-24;3758;15;0;0;0;1023601;2760;76;1;0
FR;4;2021-08-25;3542;25;1;0;0;1027143;2785;77;1;0
FR;4;2021-08-26;3715;21;2;0;0;1030858;2806;79;1;0
FR;4;2021-08-27;3617;31;2;0;0;1034475;2837;81;1;0
FR;4;2021-08-28;1725;10;1;0;0;1036200;2847;82;1;0
FR;4;2021-08-29;385;7;1;0;0;1036585;2854;83;1;0
FR;4;2021-08-30;2009;25;0;0;15;1038594;2879;83;1;15
FR;4;2021-08-31;2485;21;0;0;14;1041079;2900;83;1;29
FR;4;2021-09-01;2084;38;1;0;21;1043163;2938;84;1;50
FR;4;2021-09-02;2306;31;4;0;18;1045469;2969;88;1;68
FR;4;2021-09-03;2363;44;5;0;36;1047832;3013;93;1;104
FR;4;2021-09-04;1373;18;0;0;9;1049205;3031;93;1;113
FR;4;2021-09-05;433;2;0;0;2;1049638;3033;93;1;115
FR;4;2021-09-06;1713;62;0;0;23;1051351;3095;93;1;138
FR;4;2021-09-07;1679;18;0;0;8;1053030;3113;93;1;146
FR;4;2021-09-08;1285;26;3;0;19;1054315;3139;96;1;165
FR;4;2021-09-09;1390;23;2;0;9;1055705;3162;98;1;174
FR;4;2021-09-10;1521;31;2;0;23;1057226;3193;100;1;197
FR;4;2021-09-11;745;11;0;0;3;1057971;3204;100;1;200
FR;4;2021-09-12;169;4;0;0;3;1058140;3208;100;1;203
FR;4;2021-09-13;1322;22;1;0;16;1059462;3230;101;1;219
FR;4;2021-09-14;1503;9;2;0;6;1060965;3239;103;1;225
FR;4;2021-09-15;1095;28;1;0;25;1062060;3267;104;1;250
FR;4;2021-09-16;1105;22;2;0;15;1063165;3289;106;1;265
FR;4;2021-09-17;896;21;1;0;12;1064061;3310;107;1;277
FR;4;2021-09-18;464;6;1;0;5;1064525;3316;108;1;282
FR;4;2021-09-19;182;3;0;0;2;1064707;3319;108;1;284
FR;4;2021-09-20;451;19;0;0;13;1065158;3338;108;1;297
FR;4;2021-09-21;432;11;0;0;7;1065590;3349;108;1;304
FR;4;2021-09-22;374;19;2;0;13;1065964;3368;110;1;317
FR;4;2021-09-23;483;15;1;0;14;1066447;3383;111;1;331
FR;4;2021-09-24;413;13;2;0;9;1066860;3396;113;1;340
FR;4;2021-09-25;280;10;1;0;5;1067140;3406;114;1;345
FR;4;2021-09-26;74;2;0;0;1;1067214;3408;114;1;346
FR;4;2021-09-27;266;10;1;0;8;1067480;3418;115;1;354
FR;4;2021-09-28;318;8;0;0;8;1067798;3426;115;1;362
FR;4;2021-09-29;375;19;1;0;13;1068173;3445;116;1;375
FR;4;2021-09-30;364;41;0;0;22;1068537;3486;116;1;397
FR;4;2021-10-01;411;56;0;0;50;1068948;3542;116;1;447
FR;4;2021-10-02;196;22;1;0;13;1069144;3564;117;1;460
FR;4;2021-10-03;85;1;0;0;0;1069229;3565;117;1;460
FR;4;2021-10-04;361;20;1;0;16;1069590;3585;118;1;476
FR;4;2021-10-05;286;19;2;0;15;1069876;3604;120;1;491
FR;4;2021-10-06;248;23;1;0;18;1070124;3627;121;1;509
FR;4;2021-10-07;267;25;2;0;13;1070391;3652;123;1;522
FR;4;2021-10-08;356;24;2;0;20;1070747;3676;125;1;542
FR;4;2021-10-09;194;6;6;0;7;1070941;3682;131;1;549
FR;4;2021-10-10;97;3;2;0;3;1071038;3685;133;1;552
FR;4;2021-10-11;251;15;1;0;14;1071289;3700;134;1;566
FR;4;2021-10-12;209;14;0;0;13;1071498;3714;134;1;579
FR;4;2021-10-13;221;28;1;0;25;1071719;3742;135;1;604
FR;4;2021-10-14;315;21;4;0;15;1072034;3763;139;1;619
FR;4;2021-10-15;322;24;5;0;25;1072356;3787;144;1;644
FR;4;2021-10-16;166;6;2;0;6;1072522;3793;146;1;650
FR;4;2021-10-17;70;2;0;0;1;1072592;3795;146;1;651
FR;4;2021-10-18;281;16;1;0;13;1072873;3811;147;1;664
FR;4;2021-10-19;215;14;2;0;15;1073088;3825;149;1;679
FR;4;2021-10-20;230;27;4;0;15;1073318;3852;153;1;694
FR;4;2021-10-21;243;17;0;0;13;1073561;3869;153;1;707
FR;4;2021-10-22;217;25;2;0;20;1073778;3894;155;1;727
FR;4;2021-10-23;116;16;1;0;15;1073894;3910;156;1;742
FR;4;2021-10-24;38;4;0;0;1;1073932;3914;156;1;743
FR;4;2021-10-25;215;7;2;0;9;1074147;3921;158;1;752
FR;4;2021-10-26;200;14;0;0;12;1074347;3935;158;1;764
FR;4;2021-10-27;196;12;4;0;12;1074543;3947;162;1;776
FR;4;2021-10-28;184;18;5;0;22;1074727;3965;167;1;798
FR;4;2021-10-29;224;17;2;0;15;1074951;3982;169;1;813
FR;4;2021-10-30;102;2;1;0;2;1075053;3984;170;1;815
FR;4;2021-10-31;59;3;2;0;3;1075112;3987;172;1;818
FR;4;2021-11-01;75;27;4;0;24;1075187;4014;176;1;842
FR;4;2021-11-02;161;21;2;0;21;1075348;4035;178;1;863
FR;4;2021-11-03;130;20;8;1;18;1075478;4055;186;2;881
FR;4;2021-11-04;186;15;1;0;12;1075664;4070;187;2;893
FR;4;2021-11-05;130;17;1;0;16;1075794;4087;188;2;909
FR;4;2021-11-06;80;6;1;0;6;1075874;4093;189;2;915
FR;4;2021-11-07;81;2;2;0;4;1075955;4095;191;2;919
FR;4;2021-11-08;160;20;1;0;20;1076115;4115;192;2;939
FR;4;2021-11-09;157;14;3;0;16;1076272;4129;195;2;955
FR;4;2021-11-10;121;30;6;0;32;1076393;4159;201;2;987
FR;4;2021-11-11;98;10;1;0;11;1076491;4169;202;2;998
FR;4;2021-11-12;106;19;2;0;18;1076597;4188;204;2;1016
FR;4;2021-11-13;74;15;2;0;14;1076671;4203;206;2;1030
FR;4;2021-11-14;55;5;4;0;8;1076726;4208;210;2;1038
FR;4;2021-11-15;99;26;2;0;24;1076825;4234;212;2;1062
FR;4;2021-11-16;107;13;3;0;16;1076932;4247;215;2;1078
FR;4;2021-11-17;119;30;4;0;30;1077051;4277;219;2;1108
FR;4;2021-11-18;101;34;14;0;43;1077152;4311;233;2;1151
FR;4;2021-11-19;87;21;3;0;22;1077239;4332;236;2;1173
FR;4;2021-11-20;77;8;1;0;8;1077316;4340;237;2;1181
FR;4;2021-11-21;68;7;2;0;9;1077384;4347;239;2;1190
FR;4;2021-11-22;107;28;9;0;33;1077491;4375;248;2;1223
FR;4;2021-11-23;77;31;6;0;29;1077568;4406;254;2;1252
FR;4;2021-11-24;89;23;11;0;24;1077657;4429;265;2;1276
FR;4;2021-11-25;93;28;17;0;33;1077750;4457;282;2;1309
FR;4;2021-11-26;85;43;12;0;45;1077835;4500;294;2;1354
FR;4;2021-11-27;41;22;15;0;25;1077876;4522;309;2;1379
FR;4;2021-11-28;50;8;0;0;7;1077926;4530;309;2;1386
FR;4;2021-11-29;90;31;16;0;40;1078016;4561;325;2;1426
FR;4;2021-11-30;75;37;12;0;41;1078091;4598;337;2;1467
FR;4;2021-12-01;88;60;19;0;67;1078179;4658;356;2;1534
FR;4;2021-12-02;108;48;21;0;56;1078287;4706;377;2;1590
FR;4;2021-12-03;101;36;15;0;44;1078388;4742;392;2;1634
FR;4;2021-12-04;72;31;18;0;44;1078460;4773;410;2;1678
FR;4;2021-12-05;62;7;1;0;7;1078522;4780;411;2;1685
FR;4;2021-12-06;109;46;19;0;59;1078631;4826;430;2;1744
FR;4;2021-12-07;82;37;9;0;36;1078713;4863;439;2;1780
FR;4;2021-12-08;70;31;17;0;38;1078783;4894;456;2;1818
FR;4;2021-12-09;63;32;10;1;39;1078846;4926;466;3;1857
FR;4;2021-12-10;63;64;20;0;68;1078909;4990;486;3;1925
FR;4;2021-12-11;28;34;7;0;34;1078937;5024;493;3;1959
FR;4;2021-12-12;27;11;3;0;14;1078964;5035;496;3;1973
FR;4;2021-12-13;73;40;14;0;49;1079037;5075;510;3;2022
FR;4;2021-12-14;61;43;17;0;54;1079098;5118;527;3;2076
FR;4;2021-12-15;68;64;28;0;84;1079166;5182;555;3;2160
FR;4;2021-12-16;34;45;19;0;58;1079200;5227;574;3;2218
FR;4;2021-12-17;39;55;12;0;60;1079239;5282;586;3;2278
FR;4;2021-12-18;49;30;2;0;31;1079288;5312;588;3;2309
FR;4;2021-12-19;16;4;1;0;4;1079304;5316;589;3;2313
FR;4;2021-12-20;43;38;10;0;41;1079347;5354;599;3;2354
FR;4;2021-12-21;30;32;16;0;38;1079377;5386;615;3;2392
FR;4;2021-12-22;37;37;10;0;38;1079414;5423;625;3;2430
FR;4;2021-12-23;39;45;8;0;49;1079453;5468;633;3;2479
FR;4;2021-12-24;23;27;10;0;31;1079476;5495;643;3;2510
FR;4;2021-12-25;7;3;3;0;4;1079483;5498;646;3;2514
FR;4;2021-12-26;5;3;1;0;2;1079488;5501;647;3;2516
FR;4;2021-12-27;31;41;9;0;43;1079519;5542;656;3;2559
FR;4;2021-12-28;26;28;7;0;29;1079545;5570;663;3;2588
FR;4;2021-12-29;53;25;11;0;30;1079598;5595;674;3;2618
FR;4;2021-12-30;46;19;12;0;22;1079644;5614;686;3;2640
FR;4;2021-12-31;19;6;8;0;11;1079663;5620;694;3;2651
FR;4;2022-01-01;5;4;4;0;6;1079668;5624;698;3;2657
FR;4;2022-01-02;40;5;16;0;20;1079708;5629;714;3;2677
FR;4;2022-01-03;43;55;22;1;62;1079751;5684;736;4;2739
FR;4;2022-01-04;37;28;15;0;33;1079788;5712;751;4;2772
FR;4;2022-01-05;51;22;19;0;25;1079839;5734;770;4;2797
FR;4;2022-01-06;49;22;24;0;38;1079888;5756;794;4;2835
FR;4;2022-01-07;30;20;15;0;20;1079918;5776;809;4;2855
FR;4;2022-01-08;12;6;10;0;12;1079930;5782;819;4;2867
FR;4;2022-01-09;19;2;3;0;4;1079949;5784;822;4;2871
FR;4;2022-01-10;49;22;19;0;36;1079998;5806;841;4;2907
FR;4;2022-01-11;29;31;12;0;35;1080027;5837;853;4;2942
FR;4;2022-01-12;33;21;13;0;23;1080060;5858;866;4;2965
FR;4;2022-01-13;53;20;27;0;38;1080113;5878;893;4;3003
FR;4;2022-01-14;24;29;13;0;32;1080137;5907;906;4;3035
FR;4;2022-01-15;13;6;8;0;12;1080150;5913;914;4;3047
FR;4;2022-01-16;12;9;14;0;22;1080162;5922;928;4;3069
FR;4;2022-01-17;27;19;12;0;25;1080189;5941;940;4;3094
FR;4;2022-01-18;16;13;8;0;18;1080205;5954;948;4;3112
FR;4;2022-01-19;31;23;13;0;34;1080236;5977;961;4;3146
FR;4;2022-01-20;32;34;13;0;39;1080268;6011;974;4;3185
FR;4;2022-01-21;11;12;20;1;17;1080279;6023;994;5;3202
FR;4;2022-01-22;30;13;3;0;14;1080309;6036;997;5;3216
FR;4;2022-01-23;8;2;5;0;7;1080317;6038;1002;5;3223
FR;4;2022-01-24;14;21;8;0;27;1080331;6059;1010;5;3250
FR;4;2022-01-25;22;32;10;1;38;1080353;6091;1020;6;3288
FR;4;2022-01-26;19;16;9;1;21;1080372;6107;1029;7;3309
FR;4;2022-01-27;21;18;8;0;24;1080393;6125;1037;7;3333
FR;4;2022-01-28;13;23;8;0;26;1080406;6148;1045;7;3359
FR;4;2022-01-29;17;6;5;0;10;1080423;6154;1050;7;3369
FR;4;2022-01-30;18;3;1;0;4;1080441;6157;1051;7;3373
FR;4;2022-01-31;22;27;8;0;31;1080463;6184;1059;7;3404
FR;4;2022-02-01;12;22;12;0;23;1080475;6206;1071;7;3427
FR;4;2022-02-02;18;11;13;2;19;1080493;6217;1084;9;3446
FR;4;2022-02-03;15;24;10;0;28;1080508;6241;1094;9;3474
FR;4;2022-02-04;7;5;7;0;9;1080515;6246;1101;9;3483
FR;4;2022-02-05;7;14;1;0;13;1080522;6260;1102;9;3496
FR;4;2022-02-06;7;4;4;0;7;1080529;6264;1106;9;3503
FR;4;2022-02-07;15;19;8;0;19;1080544;6283;1114;9;3522
FR;4;2022-02-08;19;21;13;1;22;1080563;6304;1127;10;3544
FR;4;2022-02-09;17;11;9;0;16;1080580;6315;1136;10;3560
FR;4;2022-02-10;22;23;9;0;24;1080602;6338;1145;10;3584
FR;4;2022-02-11;18;15;8;0;20;1080620;6353;1153;10;3604
FR;4;2022-02-12;24;6;2;0;6;1080644;6359;1155;10;3610
FR;4;2022-02-13;7;3;3;0;6;1080651;6362;1158;10;3616
FR;4;2022-02-14;20;10;10;0;16;1080671;6372;1168;10;3632
FR;4;2022-02-15;18;7;1;0;7;1080689;6379;1169;10;3639
FR;4;2022-02-16;16;9;11;0;16;1080705;6388;1180;10;3655
FR;4;2022-02-17;11;4;4;0;6;1080716;6392;1184;10;3661
FR;4;2022-02-18;16;15;8;0;21;1080732;6407;1192;10;3682
FR;4;2022-02-19;16;4;2;0;5;1080748;6411;1194;10;3687
FR;4;2022-02-20;8;3;0;0;2;1080756;6414;1194;10;3689
FR;4;2022-02-21;23;4;4;0;6;1080779;6418;1198;10;3695
FR;4;2022-02-22;8;5;10;0;10;1080787;6423;1208;10;3705
FR;4;2022-02-23;17;6;10;0;10;1080804;6429;1218;10;3715
FR;4;2022-02-24;11;5;3;0;6;1080815;6434;1221;10;3721
FR;4;2022-02-25;15;5;7;0;6;1080830;6439;1228;10;3727
FR;4;2022-02-26;27;3;0;0;3;1080857;6442;1228;10;3730
FR;4;2022-02-27;9;0;1;0;1;1080866;6442;1229;10;3731
FR;4;2022-02-28;18;3;2;0;3;1080884;6445;1231;10;3734
FR;4;2022-03-01;8;4;7;0;5;1080892;6449;1238;10;3739
FR;4;2022-03-02;15;2;4;0;5;1080907;6451;1242;10;3744
FR;4;2022-03-03;17;5;3;0;6;1080924;6456;1245;10;3750
FR;4;2022-03-04;7;7;2;1;5;1080931;6463;1247;11;3755
FR;4;2022-03-05;9;2;0;0;2;1080940;6465;1247;11;3757
FR;4;2022-03-06;4;0;1;0;1;1080944;6465;1248;11;3758
FR;4;2022-03-07;10;4;2;0;3;1080954;6469;1250;11;3761
FR;4;2022-03-08;14;3;0;0;3;1080968;6472;1250;11;3764
FR;4;2022-03-09;8;7;2;0;7;1080976;6479;1252;11;3771
FR;4;2022-03-10;5;1;6;0;3;1080981;6480;1258;11;3774
FR;4;2022-03-11;10;4;5;0;2;1080991;6484;1263;11;3776
FR;4;2022-03-12;10;2;0;0;0;1081001;6486;1263;11;3776
FR;4;2022-03-13;6;1;1;0;2;1081007;6487;1264;11;3778
FR;4;2022-03-14;4;3;1;0;3;1081011;6490;1265;11;3781
FR;4;2022-03-15;7;6;3;0;5;1081018;6496;1268;11;3786
FR;4;2022-03-16;7;3;3;0;3;1081025;6499;1271;11;3789
FR;4;2022-03-17;3;4;1;0;5;1081028;6503;1272;11;3794
FR;4;2022-03-18;9;3;0;0;3;1081037;6506;1272;11;3797
FR;4;2022-03-19;1;1;1;0;2;1081038;6507;1273;11;3799
FR;4;2022-03-20;2;0;2;0;1;1081040;6507;1275;11;3800
FR;4;2022-03-21;6;3;1;0;4;1081046;6510;1276;11;3804
FR;4;2022-03-22;4;2;2;0;3;1081050;6512;1278;11;3807
FR;4;2022-03-23;6;4;4;0;7;1081056;6516;1282;11;3814
FR;4;2022-03-24;2;5;3;1;7;1081058;6521;1285;12;3821
FR;4;2022-03-25;3;1;2;0;1;1081061;6522;1287;12;3822
FR;4;2022-03-26;5;5;0;0;5;1081066;6527;1287;12;3827
FR;4;2022-03-27;1;0;3;0;2;1081067;6527;1290;12;3829
FR;4;2022-03-28;6;1;3;0;3;1081073;6528;1293;12;3832
FR;4;2022-03-29;9;0;4;1;0;1081082;6528;1297;13;3832
FR;4;2022-03-30;3;4;0;0;4;1081085;6532;1297;13;3836
FR;4;2022-03-31;3;3;2;1;4;1081088;6535;1299;14;3840
FR;4;2022-04-01;14;3;5;0;6;1081102;6538;1304;14;3846
FR;4;2022-04-02;4;4;0;0;3;1081106;6542;1304;14;3849
FR;4;2022-04-03;0;1;0;0;1;1081106;6543;1304;14;3850
FR;4;2022-04-04;4;4;4;0;5;1081110;6547;1308;14;3855
FR;4;2022-04-05;4;3;2;1;3;1081114;6550;1310;15;3858
FR;4;2022-04-06;6;0;0;0;0;1081120;6550;1310;15;3858
FR;4;2022-04-07;3;2;3;2;5;1081123;6552;1313;17;3863
FR;4;2022-04-08;4;2;1;0;2;1081127;6554;1314;17;3865
FR;4;2022-04-09;0;0;1;1;1;1081127;6554;1315;18;3866
FR;4;2022-04-10;1;2;0;0;2;1081128;6556;1315;18;3868
FR;4;2022-04-11;4;3;4;0;5;1081132;6559;1319;18;3873
FR;4;2022-04-12;5;1;4;0;2;1081137;6560;1323;18;3875
FR;4;2022-04-13;5;8;2;0;10;1081142;6568;1325;18;3885
FR;4;2022-04-14;6;4;2;1;5;1081148;6572;1327;19;3890
FR;4;2022-04-15;6;10;1;0;11;1081154;6582;1328;19;3901
FR;4;2022-04-16;1;0;0;0;0;1081155;6582;1328;19;3901
FR;4;2022-04-17;3;2;1;0;3;1081158;6584;1329;19;3904
FR;4;2022-04-18;2;2;6;0;4;1081160;6586;1335;19;3908
FR;4;2022-04-19;2;0;1;0;0;1081162;6586;1336;19;3908
FR;4;2022-04-20;14;4;1;1;3;1081176;6590;1337;20;3911
FR;4;2022-04-21;7;1;0;0;1;1081183;6591;1337;20;3912
FR;4;2022-04-22;1;1;2;0;2;1081184;6592;1339;20;3914
FR;4;2022-04-23;2;3;3;0;6;1081186;6595;1342;20;3920
FR;4;2022-04-24;0;3;0;0;3;1081186;6598;1342;20;3923
FR;4;2022-04-25;3;5;3;0;8;1081189;6603;1345;20;3931
FR;4;2022-04-26;5;6;1;0;6;1081194;6609;1346;20;3937
FR;4;2022-04-27;4;1;1;1;1;1081198;6610;1347;21;3938
FR;4;2022-04-28;3;5;5;0;6;1081201;6615;1352;21;3944
FR;4;2022-04-29;6;3;0;0;2;1081207;6618;1352;21;3946
FR;4;2022-04-30;2;1;1;0;2;1081209;6619;1353;21;3948
FR;4;2022-05-01;0;0;0;0;0;1081209;6619;1353;21;3948
FR;4;2022-05-02;5;16;6;0;19;1081214;6635;1359;21;3967
FR;4;2022-05-03;2;6;2;0;7;1081216;6641;1361;21;3974
FR;4;2022-05-04;7;4;1;0;4;1081223;6645;1362;21;3978
FR;4;2022-05-05;2;2;1;1;1;1081225;6647;1363;22;3979
FR;4;2022-05-06;5;3;1;0;2;1081230;6650;1364;22;3981
FR;4;2022-05-07;0;0;0;0;0;1081230;6650;1364;22;3981
FR;4;2022-05-08;1;1;0;0;1;1081231;6651;1364;22;3982
FR;4;2022-05-09;5;1;0;0;1;1081236;6652;1364;22;3983
FR;4;2022-05-10;3;1;0;2;3;1081239;6653;1364;24;3986
FR;4;2022-05-11;3;2;4;0;5;1081242;6655;1368;24;3991
FR;4;2022-05-12;7;4;2;1;5;1081249;6659;1370;25;3996
FR;4;2022-05-13;1;0;2;0;2;1081250;6659;1372;25;3998
FR;4;2022-05-14;0;2;0;0;2;1081250;6661;1372;25;4000
FR;4;2022-05-15;2;2;0;0;0;1081252;6663;1372;25;4000
FR;4;2022-05-16;5;2;2;0;2;1081257;6665;1374;25;4002
FR;4;2022-05-17;5;1;2;0;3;1081262;6666;1376;25;4005
FR;4;2022-05-18;3;6;0;0;6;1081265;6672;1376;25;4011
FR;4;2022-05-19;2;3;3;0;5;1081267;6675;1379;25;4016
FR;4;2022-05-20;4;2;3;0;2;1081271;6677;1382;25;4018
FR;4;2022-05-21;2;0;1;0;1;1081273;6677;1383;25;4019
FR;4;2022-05-22;0;0;1;0;1;1081273;6677;1384;25;4020
FR;4;2022-05-23;0;0;2;0;0;1081273;6677;1386;25;4020
FR;4;2022-05-24;2;4;0;0;4;1081275;6681;1386;25;4024
FR;4;2022-05-25;1;3;1;0;2;1081276;6684;1387;25;4026
FR;4;2022-05-26;5;0;1;0;1;1081281;6684;1388;25;4027
FR;4;2022-05-27;0;2;0;1;2;1081281;6686;1388;26;4029
FR;4;2022-05-28;1;0;0;0;0;1081282;6686;1388;26;4029
FR;4;2022-05-29;1;0;1;0;1;1081283;6686;1389;26;4030
FR;4;2022-05-30;2;4;2;0;5;1081285;6690;1391;26;4035
FR;4;2022-05-31;2;1;0;0;1;1081287;6691;1391;26;4036
FR;4;2022-06-01;3;11;7;0;15;1081290;6702;1398;26;4051
FR;4;2022-06-02;5;6;3;0;7;1081295;6708;1401;26;4058
FR;4;2022-06-03;2;6;4;1;7;1081297;6714;1405;27;4065
FR;4;2022-06-04;0;1;1;0;1;1081297;6715;1406;27;4066
FR;4;2022-06-05;0;0;0;0;0;1081297;6715;1406;27;4066
FR;4;2022-06-06;7;0;3;0;2;1081304;6715;1409;27;4068
FR;4;2022-06-07;5;2;0;1;2;1081309;6717;1409;28;4070
FR;4;2022-06-08;0;4;3;0;7;1081309;6721;1412;28;4077
FR;4;2022-06-09;1;2;0;0;1;1081310;6723;1412;28;4078
FR;4;2022-06-10;3;0;3;0;1;1081313;6723;1415;28;4079
FR;4;2022-06-11;1;0;0;0;0;1081314;6723;1415;28;4079
FR;4;2022-06-12;4;0;0;0;0;1081318;6723;1415;28;4079
FR;4;2022-06-13;5;2;3;0;2;1081323;6725;1418;28;4081
FR;4;2022-06-14;4;3;0;0;2;1081327;6728;1418;28;4083
FR;4;2022-06-15;8;3;4;0;3;1081335;6731;1422;28;4086
FR;4;2022-06-16;1;3;1;1;2;1081336;6734;1423;29;4088
FR;4;2022-06-17;6;1;0;0;1;1081342;6735;1423;29;4089
FR;4;2022-06-18;0;0;0;0;0;1081342;6735;1423;29;4089
FR;4;2022-06-19;3;0;0;0;0;1081345;6735;1423;29;4089
FR;4;2022-06-20;4;2;2;1;3;1081349;6737;1425;30;4092
FR;4;2022-06-21;5;2;3;1;3;1081354;6739;1428;31;4095
FR;4;2022-06-22;3;1;0;3;1;1081357;6740;1428;34;4096
FR;4;2022-06-23;3;3;3;0;5;1081360;6743;1431;34;4101
FR;4;2022-06-24;3;0;2;0;0;1081363;6743;1433;34;4101
FR;4;2022-06-25;1;0;1;1;1;1081364;6743;1434;35;4102
FR;4;2022-06-26;0;0;1;0;1;1081364;6743;1435;35;4103
FR;4;2022-06-27;2;2;0;3;2;1081366;6745;1435;38;4105
FR;4;2022-06-28;0;4;2;1;5;1081366;6749;1437;39;4110
FR;4;2022-06-29;1;2;0;0;2;1081367;6751;1437;39;4112
FR;4;2022-06-30;2;0;0;0;0;1081369;6751;1437;39;4112
FR;4;2022-07-01;2;4;8;0;4;1081371;6755;1445;39;4116
FR;4;2022-07-02;0;1;0;0;0;1081371;6756;1445;39;4116
FR;4;2022-07-03;0;0;0;0;0;1081371;6756;1445;39;4116
FR;4;2022-07-04;3;1;0;0;1;1081374;6757;1445;39;4117
FR;4;2022-07-05;2;0;2;0;2;1081376;6757;1447;39;4119
FR;4;2022-07-06;5;0;1;1;0;1081381;6757;1448;40;4119
FR;4;2022-07-07;1;0;2;1;0;1081382;6757;1450;41;4119
FR;4;2022-07-08;3;1;0;0;1;1081385;6758;1450;41;4120
FR;4;2022-07-09;2;2;1;0;3;1081387;6760;1451;41;4123
FR;4;2022-07-10;2;0;1;0;0;1081389;6760;1452;41;4123
FR;4;2022-07-11;2;0;2;0;0;1081391;6760;1454;41;4123
FR;4;2022-07-12;0;0;2;0;2;1081391;6760;1456;41;4125
FR;4;2022-07-13;2;2;3;0;2;1081393;6762;1459;41;4127
FR;4;2022-07-14;4;0;1;0;0;1081397;6762;1460;41;4127
FR;4;2022-07-15;11;2;0;0;2;1081408;6764;1460;41;4129
FR;4;2022-07-16;4;0;0;2;0;1081412;6764;1460;43;4129
FR;4;2022-07-17;0;0;1;0;0;1081412;6764;1461;43;4129
FR;4;2022-07-18;3;2;2;0;2;1081415;6766;1463;43;4131
FR;4;2022-07-19;4;0;1;0;1;1081419;6766;1464;43;4132
FR;4;2022-07-20;10;0;1;0;1;1081429;6766;1465;43;4133
FR;4;2022-07-21;2;1;1;0;1;1081431;6767;1466;43;4134
FR;4;2022-07-22;4;0;3;0;1;1081435;6767;1469;43;4135
FR;4;2022-07-23;1;2;0;0;1;1081436;6769;1469;43;4136
FR;4;2022-07-24;0;0;0;0;0;1081436;6769;1469;43;4136
FR;4;2022-07-25;5;0;2;0;2;1081441;6769;1471;43;4138
FR;4;2022-07-26;2;0;0;0;0;1081443;6769;1471;43;4138
FR;4;2022-07-27;2;1;0;0;0;1081445;6770;1471;43;4138
FR;4;2022-07-28;11;0;0;0;0;1081456;6770;1471;43;4138
FR;4;2022-07-29;3;0;1;0;0;1081459;6770;1472;43;4138
FR;4;2022-07-30;3;0;2;0;0;1081462;6770;1474;43;4138
FR;4;2022-07-31;0;0;0;0;0;1081462;6770;1474;43;4138
FR;4;2022-08-01;1;0;2;0;1;1081463;6770;1476;43;4139
FR;4;2022-08-02;6;0;0;0;0;1081469;6770;1476;43;4139
FR;4;2022-08-03;0;2;1;0;2;1081469;6772;1477;43;4141
FR;4;2022-08-04;3;2;0;1;2;1081472;6774;1477;44;4143
FR;4;2022-08-05;2;0;1;0;0;1081474;6774;1478;44;4143
FR;4;2022-08-06;2;0;0;0;0;1081476;6774;1478;44;4143
FR;4;2022-08-07;4;0;0;0;0;1081480;6774;1478;44;4143
FR;4;2022-08-08;1;0;1;1;1;1081481;6774;1479;45;4144
FR;4;2022-08-09;1;1;1;2;2;1081482;6775;1480;47;4146
FR;4;2022-08-10;5;1;1;0;1;1081487;6776;1481;47;4147
FR;4;2022-08-11;2;0;1;0;1;1081489;6776;1482;47;4148
FR;4;2022-08-12;4;0;1;0;0;1081493;6776;1483;47;4148
FR;4;2022-08-13;1;0;0;0;0;1081494;6776;1483;47;4148
FR;4;2022-08-14;0;0;0;0;0;1081494;6776;1483;47;4148
FR;4;2022-08-15;1;2;3;0;2;1081495;6778;1486;47;4150
FR;4;2022-08-16;0;0;1;0;1;1081495;6778;1487;47;4151
FR;4;2022-08-17;2;0;0;0;0;1081497;6778;1487;47;4151
FR;4;2022-08-18;2;0;0;0;0;1081499;6778;1487;47;4151
FR;4;2022-08-19;5;0;0;0;0;1081504;6778;1487;47;4151
FR;4;2022-08-20;1;0;0;0;0;1081505;6778;1487;47;4151
FR;4;2022-08-21;1;0;0;0;0;1081506;6778;1487;47;4151
FR;4;2022-08-22;4;9;0;0;9;1081510;6787;1487;47;4160
FR;4;2022-08-23;3;3;3;0;4;1081513;6790;1490;47;4164
FR;4;2022-08-24;5;0;0;1;0;1081518;6790;1490;48;4164
FR;4;2022-08-25;1;3;1;0;3;1081519;6793;1491;48;4167
FR;4;2022-08-26;2;0;0;1;0;1081521;6793;1491;49;4167
FR;4;2022-08-27;1;0;0;0;0;1081522;6793;1491;49;4167
FR;4;2022-08-28;0;0;0;0;0;1081522;6793;1491;49;4167
FR;4;2022-08-29;6;0;0;0;0;1081528;6793;1491;49;4167
FR;4;2022-08-30;4;0;0;0;0;1081532;6793;1491;49;4167
FR;4;2022-08-31;1;1;0;0;1;1081533;6794;1491;49;4168
FR;4;2022-09-01;1;8;2;0;7;1081534;6802;1493;49;4175
FR;4;2022-09-02;1;1;1;0;2;1081535;6803;1494;49;4177
FR;4;2022-09-03;3;0;0;0;0;1081538;6803;1494;49;4177
FR;4;2022-09-04;0;0;0;0;0;1081538;6803;1494;49;4177
FR;4;2022-09-05;2;2;0;0;2;1081540;6805;1494;49;4179
FR;4;2022-09-06;1;0;0;0;0;1081541;6805;1494;49;4179
FR;4;2022-09-07;1;0;1;1;1;1081542;6805;1495;50;4180
FR;4;2022-09-08;3;0;0;0;0;1081545;6805;1495;50;4180
FR;4;2022-09-09;2;0;0;0;0;1081547;6805;1495;50;4180
FR;4;2022-09-10;0;0;0;3;1;1081547;6805;1495;53;4181
FR;4;2022-09-11;2;0;0;0;0;1081549;6805;1495;53;4181
FR;4;2022-09-12;1;1;1;0;1;1081550;6806;1496;53;4182
FR;4;2022-09-13;1;0;0;0;0;1081551;6806;1496;53;4182
FR;4;2022-09-14;1;0;0;0;0;1081552;6806;1496;53;4182
FR;4;2022-09-15;3;0;0;0;0;1081555;6806;1496;53;4182
FR;4;2022-09-16;0;0;0;0;0;1081555;6806;1496;53;4182
FR;4;2022-09-17;2;0;0;0;0;1081557;6806;1496;53;4182
FR;4;2022-09-18;0;0;0;0;0;1081557;6806;1496;53;4182
FR;4;2022-09-19;2;0;2;0;2;1081559;6806;1498;53;4184
FR;4;2022-09-20;3;0;0;0;0;1081562;6806;1498;53;4184
FR;4;2022-09-21;2;1;0;0;1;1081564;6807;1498;53;4185
FR;4;2022-09-22;1;1;0;0;1;1081565;6808;1498;53;4186
FR;4;2022-09-23;2;3;0;0;2;1081567;6811;1498;53;4188
FR;4;2022-09-24;1;0;0;0;0;1081568;6811;1498;53;4188
FR;4;2022-09-25;0;0;0;0;0;1081568;6811;1498;53;4188
FR;4;2022-09-26;2;0;1;0;0;1081570;6811;1499;53;4188
FR;4;2022-09-27;0;0;0;1;0;1081570;6811;1499;54;4188
FR;4;2022-09-28;3;0;2;0;2;1081573;6811;1501;54;4190
FR;4;2022-09-29;3;0;1;1;1;1081576;6811;1502;55;4191
FR;4;2022-09-30;1;0;0;0;0;1081577;6811;1502;55;4191
FR;4;2022-10-01;1;1;0;0;0;1081578;6812;1502;55;4191
FR;4;2022-10-02;0;0;0;0;0;1081578;6812;1502;55;4191
FR;4;2022-10-03;3;2;1;0;2;1081581;6814;1503;55;4193
FR;4;2022-10-04;2;0;0;0;0;1081583;6814;1503;55;4193
FR;4;2022-10-05;0;1;0;0;1;1081583;6815;1503;55;4194
FR;4;2022-10-06;1;0;0;0;0;1081584;6815;1503;55;4194
FR;4;2022-10-07;3;0;1;0;0;1081587;6815;1504;55;4194
FR;4;2022-10-08;3;1;0;0;0;1081590;6816;1504;55;4194
FR;4;2022-10-09;0;0;0;0;0;1081590;6816;1504;55;4194
FR;4;2022-10-10;4;0;1;3;1;1081594;6816;1505;58;4195
FR;4;2022-10-11;1;2;0;0;1;1081595;6818;1505;58;4196
FR;4;2022-10-12;0;0;0;0;0;1081595;6818;1505;58;4196
FR;4;2022-10-13;5;0;0;0;0;1081600;6818;1505;58;4196
FR;4;2022-10-14;1;0;0;0;0;1081601;6818;1505;58;4196
FR;4;2022-10-15;0;1;0;0;1;1081601;6819;1505;58;4197
FR;4;2022-10-16;0;0;0;0;0;1081601;6819;1505;58;4197
FR;4;2022-10-17;2;0;1;0;1;1081603;6819;1506;58;4198
FR;4;2022-10-18;1;0;0;1;0;1081604;6819;1506;59;4198
FR;4;2022-10-19;1;0;0;2;0;1081605;6819;1506;61;4198
FR;4;2022-10-20;3;1;0;0;1;1081608;6820;1506;61;4199
FR;4;2022-10-21;0;0;0;0;0;1081608;6820;1506;61;4199
FR;4;2022-10-22;1;0;0;0;0;1081609;6820;1506;61;4199
FR;4;2022-10-23;0;0;0;0;0;1081609;6820;1506;61;4199
FR;4;2022-10-24;0;0;0;0;0;1081609;6820;1506;61;4199
FR;4;2022-10-25;1;0;0;0;0;1081610;6820;1506;61;4199
FR;4;2022-10-26;2;1;0;0;1;1081612;6821;1506;61;4200
FR;4;2022-10-27;3;1;1;0;0;1081615;6822;1507;61;4200
FR;4;2022-10-28;0;0;0;0;0;1081615;6822;1507;61;4200
FR;4;2022-10-29;1;0;0;3;0;1081616;6822;1507;64;4200
FR;4;2022-10-30;1;0;0;0;0;1081617;6822;1507;64;4200
FR;4;2022-10-31;0;0;0;0;0;1081617;6822;1507;64;4200
FR;4;2022-11-01;0;0;0;0;0;1081617;6822;1507;64;4200
FR;4;2022-11-02;0;0;1;2;1;1081617;6822;1508;66;4201
FR;4;2022-11-03;1;0;0;0;0;1081618;6822;1508;66;4201
FR;4;2022-11-04;4;1;0;0;0;1081622;6823;1508;66;4201
FR;4;2022-11-05;0;0;0;0;0;1081622;6823;1508;66;4201
FR;4;2022-11-06;1;0;0;0;0;1081623;6823;1508;66;4201
FR;4;2022-11-07;1;0;0;0;0;1081624;6823;1508;66;4201
FR;4;2022-11-08;4;0;0;0;0;1081628;6823;1508;66;4201
FR;4;2022-11-09;0;0;1;0;0;1081628;6823;1509;66;4201
FR;4;2022-11-10;0;0;0;0;0;1081628;6823;1509;66;4201
FR;4;2022-11-11;0;0;0;0;0;1081628;6823;1509;66;4201
FR;4;2022-11-12;1;0;0;0;0;1081629;6823;1509;66;4201
FR;4;2022-11-13;0;0;0;0;0;1081629;6823;1509;66;4201
FR;4;2022-11-14;0;0;0;0;0;1081629;6823;1509;66;4201
FR;4;2022-11-15;3;0;0;0;0;1081632;6823;1509;66;4201
FR;4;2022-11-16;1;0;0;0;0;1081633;6823;1509;66;4201
FR;4;2022-11-17;0;0;0;0;0;1081633;6823;1509;66;4201
FR;4;2022-11-18;1;0;1;0;0;1081634;6823;1510;66;4201
FR;4;2022-11-19;0;0;0;0;0;1081634;6823;1510;66;4201
FR;4;2022-11-20;0;0;0;0;0;1081634;6823;1510;66;4201
FR;5;2020-12-27;0;0;0;0;0;0;0;0;0;0
FR;5;2020-12-28;0;0;0;0;0;0;0;0;0;0
FR;5;2020-12-29;0;0;0;0;0;0;0;0;0;0
FR;5;2020-12-30;0;0;0;0;0;0;0;0;0;0
FR;5;2020-12-31;0;0;0;0;0;0;0;0;0;0
FR;5;2021-01-01;0;0;0;0;0;0;0;0;0;0
FR;5;2021-01-02;0;0;0;0;0;0;0;0;0;0
FR;5;2021-01-03;0;0;0;0;0;0;0;0;0;0
FR;5;2021-01-04;0;0;0;0;0;0;0;0;0;0
FR;5;2021-01-05;0;0;0;0;0;0;0;0;0;0
FR;5;2021-01-06;0;0;0;0;0;0;0;0;0;0
FR;5;2021-01-07;0;0;0;0;0;0;0;0;0;0
FR;5;2021-01-08;0;0;0;0;0;0;0;0;0;0
FR;5;2021-01-09;0;0;0;0;0;0;0;0;0;0
FR;5;2021-01-10;0;0;0;0;0;0;0;0;0;0
FR;5;2021-01-11;0;0;0;0;0;0;0;0;0;0
FR;5;2021-01-12;0;0;0;0;0;0;0;0;0;0
FR;5;2021-01-13;0;0;0;0;0;0;0;0;0;0
FR;5;2021-01-14;0;0;0;0;0;0;0;0;0;0
FR;5;2021-01-15;0;0;0;0;0;0;0;0;0;0
FR;5;2021-01-16;0;0;0;0;0;0;0;0;0;0
FR;5;2021-01-17;0;0;0;0;0;0;0;0;0;0
FR;5;2021-01-18;0;0;0;0;0;0;0;0;0;0
FR;5;2021-01-19;0;0;0;0;0;0;0;0;0;0
FR;5;2021-01-20;0;0;0;0;0;0;0;0;0;0
FR;5;2021-01-21;0;0;0;0;0;0;0;0;0;0
FR;5;2021-01-22;0;0;0;0;0;0;0;0;0;0
FR;5;2021-01-23;0;0;0;0;0;0;0;0;0;0
FR;5;2021-01-24;0;0;0;0;0;0;0;0;0;0
FR;5;2021-01-25;0;0;0;0;0;0;0;0;0;0
FR;5;2021-01-26;0;0;0;0;0;0;0;0;0;0
FR;5;2021-01-27;0;0;0;0;0;0;0;0;0;0
FR;5;2021-01-28;0;0;0;0;0;0;0;0;0;0
FR;5;2021-01-29;0;0;0;0;0;0;0;0;0;0
FR;5;2021-01-30;0;0;0;0;0;0;0;0;0;0
FR;5;2021-01-31;0;0;0;0;0;0;0;0;0;0
FR;5;2021-02-01;0;0;0;0;0;0;0;0;0;0
FR;5;2021-02-02;0;0;0;0;0;0;0;0;0;0
FR;5;2021-02-03;0;0;0;0;0;0;0;0;0;0
FR;5;2021-02-04;0;0;0;0;0;0;0;0;0;0
FR;5;2021-02-05;0;0;0;0;0;0;0;0;0;0
FR;5;2021-02-06;0;0;0;0;0;0;0;0;0;0
FR;5;2021-02-07;0;0;0;0;0;0;0;0;0;0
FR;5;2021-02-08;0;0;0;0;0;0;0;0;0;0
FR;5;2021-02-09;0;0;0;0;0;0;0;0;0;0
FR;5;2021-02-10;0;0;0;0;0;0;0;0;0;0
FR;5;2021-02-11;0;0;0;0;0;0;0;0;0;0
FR;5;2021-02-12;0;0;0;0;0;0;0;0;0;0
FR;5;2021-02-13;0;0;0;0;0;0;0;0;0;0
FR;5;2021-02-14;0;0;0;0;0;0;0;0;0;0
FR;5;2021-02-15;0;0;0;0;0;0;0;0;0;0
FR;5;2021-02-16;0;0;0;0;0;0;0;0;0;0
FR;5;2021-02-17;0;0;0;0;0;0;0;0;0;0
FR;5;2021-02-18;0;0;0;0;0;0;0;0;0;0
FR;5;2021-02-19;0;0;0;0;0;0;0;0;0;0
FR;5;2021-02-20;0;0;0;0;0;0;0;0;0;0
FR;5;2021-02-21;0;0;0;0;0;0;0;0;0;0
FR;5;2021-02-22;0;0;0;0;0;0;0;0;0;0
FR;5;2021-02-23;0;0;0;0;0;0;0;0;0;0
FR;5;2021-02-24;0;0;0;0;0;0;0;0;0;0
FR;5;2021-02-25;0;0;0;0;0;0;0;0;0;0
FR;5;2021-02-26;0;0;0;0;0;0;0;0;0;0
FR;5;2021-02-27;0;0;0;0;0;0;0;0;0;0
FR;5;2021-02-28;0;0;0;0;0;0;0;0;0;0
FR;5;2021-03-01;0;0;0;0;0;0;0;0;0;0
FR;5;2021-03-02;0;0;0;0;0;0;0;0;0;0
FR;5;2021-03-03;0;0;0;0;0;0;0;0;0;0
FR;5;2021-03-04;0;0;0;0;0;0;0;0;0;0
FR;5;2021-03-05;0;0;0;0;0;0;0;0;0;0
FR;5;2021-03-06;0;0;0;0;0;0;0;0;0;0
FR;5;2021-03-07;0;0;0;0;0;0;0;0;0;0
FR;5;2021-03-08;0;0;0;0;0;0;0;0;0;0
FR;5;2021-03-09;0;0;0;0;0;0;0;0;0;0
FR;5;2021-03-10;0;0;0;0;0;0;0;0;0;0
FR;5;2021-03-11;0;0;0;0;0;0;0;0;0;0
FR;5;2021-03-12;0;0;0;0;0;0;0;0;0;0
FR;5;2021-03-13;0;0;0;0;0;0;0;0;0;0
FR;5;2021-03-14;0;0;0;0;0;0;0;0;0;0
FR;5;2021-03-15;0;0;0;0;0;0;0;0;0;0
FR;5;2021-03-16;0;0;0;0;0;0;0;0;0;0
FR;5;2021-03-17;0;0;0;0;0;0;0;0;0;0
FR;5;2021-03-18;0;0;0;0;0;0;0;0;0;0
FR;5;2021-03-19;0;0;0;0;0;0;0;0;0;0
FR;5;2021-03-20;0;0;0;0;0;0;0;0;0;0
FR;5;2021-03-21;0;0;0;0;0;0;0;0;0;0
FR;5;2021-03-22;0;0;0;0;0;0;0;0;0;0
FR;5;2021-03-23;0;0;0;0;0;0;0;0;0;0
FR;5;2021-03-24;0;0;0;0;0;0;0;0;0;0
FR;5;2021-03-25;0;0;0;0;0;0;0;0;0;0
FR;5;2021-03-26;0;0;0;0;0;0;0;0;0;0
FR;5;2021-03-27;0;0;0;0;0;0;0;0;0;0
FR;5;2021-03-28;0;0;0;0;0;0;0;0;0;0
FR;5;2021-03-29;0;0;0;0;0;0;0;0;0;0
FR;5;2021-03-30;0;0;0;0;0;0;0;0;0;0
FR;5;2021-03-31;0;0;0;0;0;0;0;0;0;0
FR;5;2021-04-01;0;0;0;0;0;0;0;0;0;0
FR;5;2021-04-02;0;0;0;0;0;0;0;0;0;0
FR;5;2021-04-03;0;0;0;0;0;0;0;0;0;0
FR;5;2021-04-04;0;0;0;0;0;0;0;0;0;0
FR;5;2021-04-05;0;0;0;0;0;0;0;0;0;0
FR;5;2021-04-06;0;0;0;0;0;0;0;0;0;0
FR;5;2021-04-07;0;0;0;0;0;0;0;0;0;0
FR;5;2021-04-08;0;0;0;0;0;0;0;0;0;0
FR;5;2021-04-09;0;0;0;0;0;0;0;0;0;0
FR;5;2021-04-10;0;0;0;0;0;0;0;0;0;0
FR;5;2021-04-11;0;0;0;0;0;0;0;0;0;0
FR;5;2021-04-12;0;0;0;0;0;0;0;0;0;0
FR;5;2021-04-13;0;0;0;0;0;0;0;0;0;0
FR;5;2021-04-14;0;0;0;0;0;0;0;0;0;0
FR;5;2021-04-15;0;0;0;0;0;0;0;0;0;0
FR;5;2021-04-16;0;0;0;0;0;0;0;0;0;0
FR;5;2021-04-17;0;0;0;0;0;0;0;0;0;0
FR;5;2021-04-18;0;0;0;0;0;0;0;0;0;0
FR;5;2021-04-19;0;0;0;0;0;0;0;0;0;0
FR;5;2021-04-20;0;0;0;0;0;0;0;0;0;0
FR;5;2021-04-21;0;0;0;0;0;0;0;0;0;0
FR;5;2021-04-22;0;0;0;0;0;0;0;0;0;0
FR;5;2021-04-23;0;0;0;0;0;0;0;0;0;0
FR;5;2021-04-24;0;0;0;0;0;0;0;0;0;0
FR;5;2021-04-25;0;0;0;0;0;0;0;0;0;0
FR;5;2021-04-26;0;0;0;0;0;0;0;0;0;0
FR;5;2021-04-27;0;0;0;0;0;0;0;0;0;0
FR;5;2021-04-28;0;0;0;0;0;0;0;0;0;0
FR;5;2021-04-29;0;0;0;0;0;0;0;0;0;0
FR;5;2021-04-30;0;0;0;0;0;0;0;0;0;0
FR;5;2021-05-01;0;0;0;0;0;0;0;0;0;0
FR;5;2021-05-02;0;0;0;0;0;0;0;0;0;0
FR;5;2021-05-03;0;0;0;0;0;0;0;0;0;0
FR;5;2021-05-04;0;0;0;0;0;0;0;0;0;0
FR;5;2021-05-05;0;0;0;0;0;0;0;0;0;0
FR;5;2021-05-06;0;0;0;0;0;0;0;0;0;0
FR;5;2021-05-07;0;0;0;0;0;0;0;0;0;0
FR;5;2021-05-08;0;0;0;0;0;0;0;0;0;0
FR;5;2021-05-09;0;0;0;0;0;0;0;0;0;0
FR;5;2021-05-10;0;0;0;0;0;0;0;0;0;0
FR;5;2021-05-11;0;0;0;0;0;0;0;0;0;0
FR;5;2021-05-12;0;0;0;0;0;0;0;0;0;0
FR;5;2021-05-13;0;0;0;0;0;0;0;0;0;0
FR;5;2021-05-14;0;0;0;0;0;0;0;0;0;0
FR;5;2021-05-15;0;0;0;0;0;0;0;0;0;0
FR;5;2021-05-16;0;0;0;0;0;0;0;0;0;0
FR;5;2021-05-17;0;0;0;0;0;0;0;0;0;0
FR;5;2021-05-18;0;0;0;0;0;0;0;0;0;0
FR;5;2021-05-19;0;0;0;0;0;0;0;0;0;0
FR;5;2021-05-20;0;0;0;0;0;0;0;0;0;0
FR;5;2021-05-21;0;0;0;0;0;0;0;0;0;0
FR;5;2021-05-22;0;0;0;0;0;0;0;0;0;0
FR;5;2021-05-23;0;0;0;0;0;0;0;0;0;0
FR;5;2021-05-24;0;0;0;0;0;0;0;0;0;0
FR;5;2021-05-25;0;0;0;0;0;0;0;0;0;0
FR;5;2021-05-26;0;0;0;0;0;0;0;0;0;0
FR;5;2021-05-27;0;0;0;0;0;0;0;0;0;0
FR;5;2021-05-28;0;0;0;0;0;0;0;0;0;0
FR;5;2021-05-29;0;0;0;0;0;0;0;0;0;0
FR;5;2021-05-30;0;0;0;0;0;0;0;0;0;0
FR;5;2021-05-31;0;0;0;0;0;0;0;0;0;0
FR;5;2021-06-01;0;0;0;0;0;0;0;0;0;0
FR;5;2021-06-02;0;0;0;0;0;0;0;0;0;0
FR;5;2021-06-03;0;0;0;0;0;0;0;0;0;0
FR;5;2021-06-04;0;0;0;0;0;0;0;0;0;0
FR;5;2021-06-05;0;0;0;0;0;0;0;0;0;0
FR;5;2021-06-06;0;0;0;0;0;0;0;0;0;0
FR;5;2021-06-07;0;0;0;0;0;0;0;0;0;0
FR;5;2021-06-08;0;0;0;0;0;0;0;0;0;0
FR;5;2021-06-09;0;0;0;0;0;0;0;0;0;0
FR;5;2021-06-10;0;0;0;0;0;0;0;0;0;0
FR;5;2021-06-11;0;0;0;0;0;0;0;0;0;0
FR;5;2021-06-12;0;0;0;0;0;0;0;0;0;0
FR;5;2021-06-13;0;0;0;0;0;0;0;0;0;0
FR;5;2021-06-14;0;0;0;0;0;0;0;0;0;0
FR;5;2021-06-15;0;0;0;0;0;0;0;0;0;0
FR;5;2021-06-16;0;0;0;0;0;0;0;0;0;0
FR;5;2021-06-17;0;0;0;0;0;0;0;0;0;0
FR;5;2021-06-18;0;0;0;0;0;0;0;0;0;0
FR;5;2021-06-19;0;0;0;0;0;0;0;0;0;0
FR;5;2021-06-20;0;0;0;0;0;0;0;0;0;0
FR;5;2021-06-21;0;0;0;0;0;0;0;0;0;0
FR;5;2021-06-22;0;0;0;0;0;0;0;0;0;0
FR;5;2021-06-23;0;0;0;0;0;0;0;0;0;0
FR;5;2021-06-24;0;0;0;0;0;0;0;0;0;0
FR;5;2021-06-25;0;0;0;0;0;0;0;0;0;0
FR;5;2021-06-26;0;0;0;0;0;0;0;0;0;0
FR;5;2021-06-27;0;0;0;0;0;0;0;0;0;0
FR;5;2021-06-28;0;0;0;0;0;0;0;0;0;0
FR;5;2021-06-29;0;0;0;0;0;0;0;0;0;0
FR;5;2021-06-30;0;0;0;0;0;0;0;0;0;0
FR;5;2021-07-01;0;0;0;0;0;0;0;0;0;0
FR;5;2021-07-02;0;0;0;0;0;0;0;0;0;0
FR;5;2021-07-03;0;0;0;0;0;0;0;0;0;0
FR;5;2021-07-04;0;0;0;0;0;0;0;0;0;0
FR;5;2021-07-05;0;0;0;0;0;0;0;0;0;0
FR;5;2021-07-06;0;0;0;0;0;0;0;0;0;0
FR;5;2021-07-07;0;0;0;0;0;0;0;0;0;0
FR;5;2021-07-08;0;0;0;0;0;0;0;0;0;0
FR;5;2021-07-09;0;0;0;0;0;0;0;0;0;0
FR;5;2021-07-10;0;0;0;0;0;0;0;0;0;0
FR;5;2021-07-11;0;0;0;0;0;0;0;0;0;0
FR;5;2021-07-12;0;0;0;0;0;0;0;0;0;0
FR;5;2021-07-13;0;0;0;0;0;0;0;0;0;0
FR;5;2021-07-14;0;0;0;0;0;0;0;0;0;0
FR;5;2021-07-15;0;0;0;0;0;0;0;0;0;0
FR;5;2021-07-16;0;0;0;0;0;0;0;0;0;0
FR;5;2021-07-17;0;0;0;0;0;0;0;0;0;0
FR;5;2021-07-18;0;0;0;0;0;0;0;0;0;0
FR;5;2021-07-19;0;0;0;0;0;0;0;0;0;0
FR;5;2021-07-20;0;0;0;0;0;0;0;0;0;0
FR;5;2021-07-21;0;0;0;0;0;0;0;0;0;0
FR;5;2021-07-22;0;0;0;0;0;0;0;0;0;0
FR;5;2021-07-23;0;0;0;0;0;0;0;0;0;0
FR;5;2021-07-24;0;0;0;0;0;0;0;0;0;0
FR;5;2021-07-25;0;0;0;0;0;0;0;0;0;0
FR;5;2021-07-26;0;0;0;0;0;0;0;0;0;0
FR;5;2021-07-27;0;0;0;0;0;0;0;0;0;0
FR;5;2021-07-28;0;0;0;0;0;0;0;0;0;0
FR;5;2021-07-29;0;0;0;0;0;0;0;0;0;0
FR;5;2021-07-30;0;0;0;0;0;0;0;0;0;0
FR;5;2021-07-31;0;0;0;0;0;0;0;0;0;0
FR;5;2021-08-01;0;0;0;0;0;0;0;0;0;0
FR;5;2021-08-02;0;0;0;0;0;0;0;0;0;0
FR;5;2021-08-03;0;0;0;0;0;0;0;0;0;0
FR;5;2021-08-04;0;0;0;0;0;0;0;0;0;0
FR;5;2021-08-05;0;0;0;0;0;0;0;0;0;0
FR;5;2021-08-06;0;0;0;0;0;0;0;0;0;0
FR;5;2021-08-07;0;0;0;0;0;0;0;0;0;0
FR;5;2021-08-08;0;0;0;0;0;0;0;0;0;0
FR;5;2021-08-09;0;0;0;0;0;0;0;0;0;0
FR;5;2021-08-10;0;0;0;0;0;0;0;0;0;0
FR;5;2021-08-11;0;0;0;0;0;0;0;0;0;0
FR;5;2021-08-12;0;0;0;0;0;0;0;0;0;0
FR;5;2021-08-13;0;0;0;0;0;0;0;0;0;0
FR;5;2021-08-14;0;0;0;0;0;0;0;0;0;0
FR;5;2021-08-15;0;0;0;0;0;0;0;0;0;0
FR;5;2021-08-16;0;0;0;0;0;0;0;0;0;0
FR;5;2021-08-17;0;0;0;0;0;0;0;0;0;0
FR;5;2021-08-18;0;0;0;0;0;0;0;0;0;0
FR;5;2021-08-19;0;0;0;0;0;0;0;0;0;0
FR;5;2021-08-20;0;0;0;0;0;0;0;0;0;0
FR;5;2021-08-21;0;0;0;0;0;0;0;0;0;0
FR;5;2021-08-22;0;0;0;0;0;0;0;0;0;0
FR;5;2021-08-23;0;0;0;0;0;0;0;0;0;0
FR;5;2021-08-24;0;0;0;0;0;0;0;0;0;0
FR;5;2021-08-25;0;0;0;0;0;0;0;0;0;0
FR;5;2021-08-26;0;0;0;0;0;0;0;0;0;0
FR;5;2021-08-27;0;0;0;0;0;0;0;0;0;0
FR;5;2021-08-28;0;0;0;0;0;0;0;0;0;0
FR;5;2021-08-29;0;0;0;0;0;0;0;0;0;0
FR;5;2021-08-30;0;0;0;0;0;0;0;0;0;0
FR;5;2021-08-31;0;0;0;0;0;0;0;0;0;0
FR;5;2021-09-01;0;0;0;0;0;0;0;0;0;0
FR;5;2021-09-02;0;0;0;0;0;0;0;0;0;0
FR;5;2021-09-03;0;0;0;0;0;0;0;0;0;0
FR;5;2021-09-04;0;0;0;0;0;0;0;0;0;0
FR;5;2021-09-05;0;0;0;0;0;0;0;0;0;0
FR;5;2021-09-06;0;0;0;0;0;0;0;0;0;0
FR;5;2021-09-07;0;0;0;0;0;0;0;0;0;0
FR;5;2021-09-08;0;0;0;0;0;0;0;0;0;0
FR;5;2021-09-09;0;0;0;0;0;0;0;0;0;0
FR;5;2021-09-10;0;0;0;0;0;0;0;0;0;0
FR;5;2021-09-11;0;0;0;0;0;0;0;0;0;0
FR;5;2021-09-12;0;0;0;0;0;0;0;0;0;0
FR;5;2021-09-13;0;0;0;0;0;0;0;0;0;0
FR;5;2021-09-14;0;0;0;0;0;0;0;0;0;0
FR;5;2021-09-15;0;0;0;0;0;0;0;0;0;0
FR;5;2021-09-16;0;0;0;0;0;0;0;0;0;0
FR;5;2021-09-17;0;0;0;0;0;0;0;0;0;0
FR;5;2021-09-18;0;0;0;0;0;0;0;0;0;0
FR;5;2021-09-19;0;0;0;0;0;0;0;0;0;0
FR;5;2021-09-20;0;0;0;0;0;0;0;0;0;0
FR;5;2021-09-21;0;0;0;0;0;0;0;0;0;0
FR;5;2021-09-22;0;0;0;0;0;0;0;0;0;0
FR;5;2021-09-23;0;0;0;0;0;0;0;0;0;0
FR;5;2021-09-24;0;0;0;0;0;0;0;0;0;0
FR;5;2021-09-25;0;0;0;0;0;0;0;0;0;0
FR;5;2021-09-26;0;0;0;0;0;0;0;0;0;0
FR;5;2021-09-27;0;0;0;0;0;0;0;0;0;0
FR;5;2021-09-28;0;0;0;0;0;0;0;0;0;0
FR;5;2021-09-29;0;0;0;0;0;0;0;0;0;0
FR;5;2021-09-30;0;0;0;0;0;0;0;0;0;0
FR;5;2021-10-01;0;0;0;0;0;0;0;0;0;0
FR;5;2021-10-02;0;0;0;0;0;0;0;0;0;0
FR;5;2021-10-03;0;0;0;0;0;0;0;0;0;0
FR;5;2021-10-04;0;0;0;0;0;0;0;0;0;0
FR;5;2021-10-05;0;0;0;0;0;0;0;0;0;0
FR;5;2021-10-06;0;0;0;0;0;0;0;0;0;0
FR;5;2021-10-07;0;0;0;0;0;0;0;0;0;0
FR;5;2021-10-08;0;0;0;0;0;0;0;0;0;0
FR;5;2021-10-09;0;0;0;0;0;0;0;0;0;0
FR;5;2021-10-10;0;0;0;0;0;0;0;0;0;0
FR;5;2021-10-11;0;0;0;0;0;0;0;0;0;0
FR;5;2021-10-12;0;0;0;0;0;0;0;0;0;0
FR;5;2021-10-13;0;0;0;0;0;0;0;0;0;0
FR;5;2021-10-14;0;0;0;0;0;0;0;0;0;0
FR;5;2021-10-15;0;0;0;0;0;0;0;0;0;0
FR;5;2021-10-16;0;0;0;0;0;0;0;0;0;0
FR;5;2021-10-17;0;0;0;0;0;0;0;0;0;0
FR;5;2021-10-18;0;0;0;0;0;0;0;0;0;0
FR;5;2021-10-19;0;0;0;0;0;0;0;0;0;0
FR;5;2021-10-20;0;0;0;0;0;0;0;0;0;0
FR;5;2021-10-21;0;0;0;0;0;0;0;0;0;0
FR;5;2021-10-22;0;0;0;0;0;0;0;0;0;0
FR;5;2021-10-23;0;0;0;0;0;0;0;0;0;0
FR;5;2021-10-24;0;0;0;0;0;0;0;0;0;0
FR;5;2021-10-25;0;0;0;0;0;0;0;0;0;0
FR;5;2021-10-26;0;0;0;0;0;0;0;0;0;0
FR;5;2021-10-27;0;0;0;0;0;0;0;0;0;0
FR;5;2021-10-28;0;0;0;0;0;0;0;0;0;0
FR;5;2021-10-29;0;0;0;0;0;0;0;0;0;0
FR;5;2021-10-30;0;0;0;0;0;0;0;0;0;0
FR;5;2021-10-31;0;0;0;0;0;0;0;0;0;0
FR;5;2021-11-01;0;0;0;0;0;0;0;0;0;0
FR;5;2021-11-02;0;0;0;0;0;0;0;0;0;0
FR;5;2021-11-03;0;0;0;0;0;0;0;0;0;0
FR;5;2021-11-04;0;0;0;0;0;0;0;0;0;0
FR;5;2021-11-05;0;0;0;0;0;0;0;0;0;0
FR;5;2021-11-06;0;0;0;0;0;0;0;0;0;0
FR;5;2021-11-07;0;0;0;0;0;0;0;0;0;0
FR;5;2021-11-08;0;0;0;0;0;0;0;0;0;0
FR;5;2021-11-09;0;0;0;0;0;0;0;0;0;0
FR;5;2021-11-10;0;0;0;0;0;0;0;0;0;0
FR;5;2021-11-11;0;0;0;0;0;0;0;0;0;0
FR;5;2021-11-12;0;0;0;0;0;0;0;0;0;0
FR;5;2021-11-13;0;0;0;0;0;0;0;0;0;0
FR;5;2021-11-14;0;0;0;0;0;0;0;0;0;0
FR;5;2021-11-15;0;0;0;0;0;0;0;0;0;0
FR;5;2021-11-16;0;0;0;0;0;0;0;0;0;0
FR;5;2021-11-17;0;0;0;0;0;0;0;0;0;0
FR;5;2021-11-18;0;0;0;0;0;0;0;0;0;0
FR;5;2021-11-19;0;0;0;0;0;0;0;0;0;0
FR;5;2021-11-20;0;0;0;0;0;0;0;0;0;0
FR;5;2021-11-21;0;0;0;0;0;0;0;0;0;0
FR;5;2021-11-22;0;0;0;0;0;0;0;0;0;0
FR;5;2021-11-23;0;0;0;0;0;0;0;0;0;0
FR;5;2021-11-24;0;0;0;0;0;0;0;0;0;0
FR;5;2021-11-25;0;0;0;0;0;0;0;0;0;0
FR;5;2021-11-26;0;0;0;0;0;0;0;0;0;0
FR;5;2021-11-27;0;0;0;0;0;0;0;0;0;0
FR;5;2021-11-28;0;0;0;0;0;0;0;0;0;0
FR;5;2021-11-29;0;0;0;0;0;0;0;0;0;0
FR;5;2021-11-30;0;0;0;0;0;0;0;0;0;0
FR;5;2021-12-01;0;0;0;0;0;0;0;0;0;0
FR;5;2021-12-02;0;0;0;0;0;0;0;0;0;0
FR;5;2021-12-03;0;0;0;0;0;0;0;0;0;0
FR;5;2021-12-04;0;0;0;0;0;0;0;0;0;0
FR;5;2021-12-05;0;0;0;0;0;0;0;0;0;0
FR;5;2021-12-06;0;0;0;0;0;0;0;0;0;0
FR;5;2021-12-07;0;0;0;0;0;0;0;0;0;0
FR;5;2021-12-08;0;0;0;0;0;0;0;0;0;0
FR;5;2021-12-09;0;0;0;0;0;0;0;0;0;0
FR;5;2021-12-10;0;0;0;0;0;0;0;0;0;0
FR;5;2021-12-11;0;0;0;0;0;0;0;0;0;0
FR;5;2021-12-12;0;0;0;0;0;0;0;0;0;0
FR;5;2021-12-13;0;0;0;0;0;0;0;0;0;0
FR;5;2021-12-14;33;45;77;0;88;33;45;77;0;88
FR;5;2021-12-15;196;44;37;0;49;229;89;114;0;137
FR;5;2021-12-16;181;21;44;0;48;410;110;158;0;185
FR;5;2021-12-17;312;16;72;0;74;722;126;230;0;259
FR;5;2021-12-18;766;24;22;0;29;1488;150;252;0;288
FR;5;2021-12-19;586;15;15;0;17;2074;165;267;0;305
FR;5;2021-12-20;1223;31;35;0;38;3297;196;302;0;343
FR;5;2021-12-21;1535;22;54;1;60;4832;218;356;1;403
FR;5;2021-12-22;4069;40;37;0;46;8901;258;393;1;449
FR;5;2021-12-23;3042;16;21;0;25;11943;274;414;1;474
FR;5;2021-12-24;761;18;9;0;14;12704;292;423;1;488
FR;5;2021-12-25;61;5;2;0;3;12765;297;425;1;491
FR;5;2021-12-26;623;6;3;0;4;13388;303;428;1;495
FR;5;2021-12-27;4085;25;21;0;23;17473;328;449;1;518
FR;5;2021-12-28;5204;23;41;1;43;22677;351;490;2;561
FR;5;2021-12-29;8106;34;66;2;69;30783;385;556;4;630
FR;5;2021-12-30;5173;18;33;0;39;35956;403;589;4;669
FR;5;2021-12-31;1553;8;10;0;11;37509;411;599;4;680
FR;5;2022-01-01;185;2;2;0;3;37694;413;601;4;683
FR;5;2022-01-02;1489;1;1;0;1;39183;414;602;4;684
FR;5;2022-01-03;3066;36;34;0;33;42249;450;636;4;717
FR;5;2022-01-04;3033;39;33;0;42;45282;489;669;4;759
FR;5;2022-01-05;19323;203;97;1;108;64605;692;766;5;867
FR;5;2022-01-06;3748;134;122;0;142;68353;826;888;5;1009
FR;5;2022-01-07;5007;202;48;2;56;73360;1028;936;7;1065
FR;5;2022-01-08;13658;514;45;0;52;87018;1542;981;7;1117
FR;5;2022-01-09;5754;399;15;0;20;92772;1941;996;7;1137
FR;5;2022-01-10;3455;326;25;0;29;96227;2267;1021;7;1166
FR;5;2022-01-11;3671;284;38;0;41;99898;2551;1059;7;1207
FR;5;2022-01-12;22652;3005;89;0;112;122550;5556;1148;7;1319
FR;5;2022-01-13;4038;622;29;0;31;126588;6178;1177;7;1350
FR;5;2022-01-14;4843;582;44;0;51;131431;6760;1221;7;1401
FR;5;2022-01-15;14686;1746;38;3;49;146117;8506;1259;10;1450
FR;5;2022-01-16;4727;666;3;0;5;150844;9172;1262;10;1455
FR;5;2022-01-17;2297;718;26;0;29;153141;9890;1288;10;1484
FR;5;2022-01-18;2431;870;30;0;40;155572;10760;1318;10;1524
FR;5;2022-01-19;18482;6423;74;2;142;174054;17183;1392;12;1666
FR;5;2022-01-20;1920;1068;25;0;34;175974;18251;1417;12;1700
FR;5;2022-01-21;3077;1372;47;1;59;179051;19623;1464;13;1759
FR;5;2022-01-22;10720;3454;33;1;43;189771;23077;1497;14;1802
FR;5;2022-01-23;2629;1415;6;0;10;192400;24492;1503;14;1812
FR;5;2022-01-24;1161;1340;19;0;23;193561;25832;1522;14;1835
FR;5;2022-01-25;1220;1549;20;2;31;194781;27381;1542;16;1866
FR;5;2022-01-26;10751;12029;50;1;89;205532;39410;1592;17;1955
FR;5;2022-01-27;1291;1692;10;0;17;206823;41102;1602;17;1972
FR;5;2022-01-28;1699;3347;16;0;19;208522;44449;1618;17;1991
FR;5;2022-01-29;6241;8041;68;0;96;214763;52490;1686;17;2087
FR;5;2022-01-30;1509;2950;5;0;18;216272;55440;1691;17;2105
FR;5;2022-01-31;589;1773;23;0;24;216861;57213;1714;17;2129
FR;5;2022-02-01;712;1706;10;0;15;217573;58919;1724;17;2144
FR;5;2022-02-02;6958;15656;52;0;94;224531;74575;1776;17;2238
FR;5;2022-02-03;491;1691;14;0;13;225022;76266;1790;17;2251
FR;5;2022-02-04;945;3002;19;0;31;225967;79268;1809;17;2282
FR;5;2022-02-05;3535;8919;23;0;37;229502;88187;1832;17;2319
FR;5;2022-02-06;737;2397;10;0;19;230239;90584;1842;17;2338
FR;5;2022-02-07;884;1596;23;0;25;231123;92180;1865;17;2363
FR;5;2022-02-08;723;1287;18;0;20;231846;93467;1883;17;2383
FR;5;2022-02-09;4544;12878;44;0;76;236390;106345;1927;17;2459
FR;5;2022-02-10;646;1059;14;0;15;237036;107404;1941;17;2474
FR;5;2022-02-11;793;2032;16;0;21;237829;109436;1957;17;2495
FR;5;2022-02-12;2286;6812;33;0;53;240115;116248;1990;17;2548
FR;5;2022-02-13;464;1540;8;0;8;240579;117788;1998;17;2556
FR;5;2022-02-14;678;1288;10;0;13;241257;119076;2008;17;2569
FR;5;2022-02-15;482;886;9;0;14;241739;119962;2017;17;2583
FR;5;2022-02-16;2980;9123;41;1;58;244719;129085;2058;18;2641
FR;5;2022-02-17;436;809;6;0;7;245155;129894;2064;18;2648
FR;5;2022-02-18;649;1408;13;0;17;245804;131302;2077;18;2665
FR;5;2022-02-19;1373;4315;16;0;28;247177;135617;2093;18;2693
FR;5;2022-02-20;247;879;6;0;8;247424;136496;2099;18;2701
FR;5;2022-02-21;221;607;2;0;4;247645;137103;2101;18;2705
FR;5;2022-02-22;262;545;17;0;17;247907;137648;2118;18;2722
FR;5;2022-02-23;1909;6926;23;1;43;249816;144574;2141;19;2765
FR;5;2022-02-24;182;374;6;1;7;249998;144948;2147;20;2772
FR;5;2022-02-25;336;950;13;0;12;250334;145898;2160;20;2784
FR;5;2022-02-26;972;3071;11;0;15;251306;148969;2171;20;2799
FR;5;2022-02-27;151;506;0;0;3;251457;149475;2171;20;2802
FR;5;2022-02-28;162;369;1;0;1;251619;149844;2172;20;2803
FR;5;2022-03-01;130;280;6;0;7;251749;150124;2178;20;2810
FR;5;2022-03-02;1241;4156;28;3;40;252990;154280;2206;23;2850
FR;5;2022-03-03;121;251;5;0;10;253111;154531;2211;23;2860
FR;5;2022-03-04;197;488;13;0;14;253308;155019;2224;23;2874
FR;5;2022-03-05;677;1990;8;0;16;253985;157009;2232;23;2890
FR;5;2022-03-06;108;260;0;0;0;254093;157269;2232;23;2890
FR;5;2022-03-07;71;228;5;0;3;254164;157497;2237;23;2893
FR;5;2022-03-08;46;134;7;1;8;254210;157631;2244;24;2901
FR;5;2022-03-09;910;3078;24;0;36;255120;160709;2268;24;2937
FR;5;2022-03-10;82;202;9;0;13;255202;160911;2277;24;2950
FR;5;2022-03-11;148;369;13;1;15;255350;161280;2290;25;2965
FR;5;2022-03-12;758;1613;13;1;30;256108;162893;2303;26;2995
FR;5;2022-03-13;78;100;0;0;0;256186;162993;2303;26;2995
FR;5;2022-03-14;67;119;7;1;7;256253;163112;2310;27;3002
FR;5;2022-03-15;83;99;4;0;7;256336;163211;2314;27;3009
FR;5;2022-03-16;882;1827;15;3;36;257218;165038;2329;30;3045
FR;5;2022-03-17;68;123;8;4;10;257286;165161;2337;34;3055
FR;5;2022-03-18;172;318;13;4;18;257458;165479;2350;38;3073
FR;5;2022-03-19;751;1163;12;5;33;258209;166642;2362;43;3106
FR;5;2022-03-20;45;93;1;0;1;258254;166735;2363;43;3107
FR;5;2022-03-21;71;120;10;6;15;258325;166855;2373;49;3122
FR;5;2022-03-22;56;119;8;7;9;258381;166974;2381;56;3131
FR;5;2022-03-23;805;1461;14;8;36;259186;168435;2395;64;3167
FR;5;2022-03-24;70;93;8;7;7;259256;168528;2403;71;3174
FR;5;2022-03-25;222;293;14;8;18;259478;168821;2417;79;3192
FR;5;2022-03-26;707;853;12;5;26;260185;169674;2429;84;3218
FR;5;2022-03-27;75;81;0;0;3;260260;169755;2429;84;3221
FR;5;2022-03-28;81;93;1;2;3;260341;169848;2430;86;3224
FR;5;2022-03-29;71;82;10;4;12;260412;169930;2440;90;3236
FR;5;2022-03-30;823;1116;16;13;29;261235;171046;2456;103;3265
FR;5;2022-03-31;102;125;1;4;6;261337;171171;2457;107;3271
FR;5;2022-04-01;114;86;7;12;11;261451;171257;2464;119;3282
FR;5;2022-04-02;330;349;3;3;15;261781;171606;2467;122;3297
FR;5;2022-04-03;54;59;1;0;1;261835;171665;2468;122;3298
FR;5;2022-04-04;40;57;4;1;8;261875;171722;2472;123;3306
FR;5;2022-04-05;52;60;6;6;9;261927;171782;2478;129;3315
FR;5;2022-04-06;421;439;7;15;16;262348;172221;2485;144;3331
FR;5;2022-04-07;45;69;5;7;7;262393;172290;2490;151;3338
FR;5;2022-04-08;134;112;12;13;14;262527;172402;2502;164;3352
FR;5;2022-04-09;311;324;2;5;17;262838;172726;2504;169;3369
FR;5;2022-04-10;44;31;2;0;2;262882;172757;2506;169;3371
FR;5;2022-04-11;50;60;3;2;4;262932;172817;2509;171;3375
FR;5;2022-04-12;59;54;3;3;5;262991;172871;2512;174;3380
FR;5;2022-04-13;382;413;3;8;16;263373;173284;2515;182;3396
FR;5;2022-04-14;48;51;5;5;9;263421;173335;2520;187;3405
FR;5;2022-04-15;91;109;4;4;5;263512;173444;2524;191;3410
FR;5;2022-04-16;188;184;2;1;13;263700;173628;2526;192;3423
FR;5;2022-04-17;12;11;1;0;1;263712;173639;2527;192;3424
FR;5;2022-04-18;9;10;2;0;3;263721;173649;2529;192;3427
FR;5;2022-04-19;75;71;6;1;6;263796;173720;2535;193;3433
FR;5;2022-04-20;361;349;9;6;12;264157;174069;2544;199;3445
FR;5;2022-04-21;42;64;9;10;12;264199;174133;2553;209;3457
FR;5;2022-04-22;113;96;5;4;5;264312;174229;2558;213;3462
FR;5;2022-04-23;209;193;4;2;11;264521;174422;2562;215;3473
FR;5;2022-04-24;37;35;0;0;3;264558;174457;2562;215;3476
FR;5;2022-04-25;69;65;1;1;4;264627;174522;2563;216;3480
FR;5;2022-04-26;60;63;2;1;5;264687;174585;2565;217;3485
FR;5;2022-04-27;335;316;3;7;14;265022;174901;2568;224;3499
FR;5;2022-04-28;81;54;4;5;8;265103;174955;2572;229;3507
FR;5;2022-04-29;117;84;5;19;12;265220;175039;2577;248;3519
FR;5;2022-04-30;183;114;2;3;10;265403;175153;2579;251;3529
FR;5;2022-05-01;11;7;0;0;0;265414;175160;2579;251;3529
FR;5;2022-05-02;52;28;4;5;2;265466;175188;2583;256;3531
FR;5;2022-05-03;84;57;2;4;11;265550;175245;2585;260;3542
FR;5;2022-05-04;278;205;1;2;7;265828;175450;2586;262;3549
FR;5;2022-05-05;62;32;3;4;5;265890;175482;2589;266;3554
FR;5;2022-05-06;105;65;2;3;5;265995;175547;2591;269;3559
FR;5;2022-05-07;171;117;2;10;13;266166;175664;2593;279;3572
FR;5;2022-05-08;8;8;0;0;2;266174;175672;2593;279;3574
FR;5;2022-05-09;44;34;15;3;16;266218;175706;2608;282;3590
FR;5;2022-05-10;54;49;3;4;5;266272;175755;2611;286;3595
FR;5;2022-05-11;326;237;12;7;21;266598;175992;2623;293;3616
FR;5;2022-05-12;46;34;2;2;2;266644;176026;2625;295;3618
FR;5;2022-05-13;109;83;3;8;8;266753;176109;2628;303;3626
FR;5;2022-05-14;209;131;0;1;8;266962;176240;2628;304;3634
FR;5;2022-05-15;22;9;2;0;1;266984;176249;2630;304;3635
FR;5;2022-05-16;52;34;4;5;4;267036;176283;2634;309;3639
FR;5;2022-05-17;72;40;5;0;2;267108;176323;2639;309;3641
FR;5;2022-05-18;289;215;4;4;8;267397;176538;2643;313;3649
FR;5;2022-05-19;45;35;5;3;3;267442;176573;2648;316;3652
FR;5;2022-05-20;76;63;3;10;1;267518;176636;2651;326;3653
FR;5;2022-05-21;242;166;2;3;17;267760;176802;2653;329;3670
FR;5;2022-05-22;20;14;2;5;2;267780;176816;2655;334;3672
FR;5;2022-05-23;42;31;4;3;6;267822;176847;2659;337;3678
FR;5;2022-05-24;47;45;3;2;5;267869;176892;2662;339;3683
FR;5;2022-05-25;329;257;4;1;16;268198;177149;2666;340;3699
FR;5;2022-05-26;17;5;0;1;2;268215;177154;2666;341;3701
FR;5;2022-05-27;99;54;4;4;9;268314;177208;2670;345;3710
FR;5;2022-05-28;100;78;5;3;10;268414;177286;2675;348;3720
FR;5;2022-05-29;14;14;1;0;2;268428;177300;2676;348;3722
FR;5;2022-05-30;56;41;2;1;2;268484;177341;2678;349;3724
FR;5;2022-05-31;57;43;1;8;1;268541;177384;2679;357;3725
FR;5;2022-06-01;257;241;9;2;25;268798;177625;2688;359;3750
FR;5;2022-06-02;63;61;5;0;9;268861;177686;2693;359;3759
FR;5;2022-06-03;82;71;4;5;10;268943;177757;2697;364;3769
FR;5;2022-06-04;157;109;2;1;9;269100;177866;2699;365;3778
FR;5;2022-06-05;18;11;0;0;1;269118;177877;2699;365;3779
FR;5;2022-06-06;16;9;0;1;0;269134;177886;2699;366;3779
FR;5;2022-06-07;50;56;1;1;2;269184;177942;2700;367;3781
FR;5;2022-06-08;283;225;3;4;17;269467;178167;2703;371;3798
FR;5;2022-06-09;52;41;6;3;7;269519;178208;2709;374;3805
FR;5;2022-06-10;81;72;1;1;6;269600;178280;2710;375;3811
FR;5;2022-06-11;173;141;3;3;10;269773;178421;2713;378;3821
FR;5;2022-06-12;17;16;0;0;2;269790;178437;2713;378;3823
FR;5;2022-06-13;56;47;9;3;10;269846;178484;2722;381;3833
FR;5;2022-06-14;59;56;1;4;6;269905;178540;2723;385;3839
FR;5;2022-06-15;266;260;5;2;27;270171;178800;2728;387;3866
FR;5;2022-06-16;47;30;5;2;5;270218;178830;2733;389;3871
FR;5;2022-06-17;100;67;5;5;10;270318;178897;2738;394;3881
FR;5;2022-06-18;146;95;10;2;26;270464;178992;2748;396;3907
FR;5;2022-06-19;26;15;0;1;4;270490;179007;2748;397;3911
FR;5;2022-06-20;56;50;8;0;11;270546;179057;2756;397;3922
FR;5;2022-06-21;52;73;5;3;7;270598;179130;2761;400;3929
FR;5;2022-06-22;224;247;7;9;33;270822;179377;2768;409;3962
FR;5;2022-06-23;50;38;2;5;6;270872;179415;2770;414;3968
FR;5;2022-06-24;91;70;12;5;16;270963;179485;2782;419;3984
FR;5;2022-06-25;154;124;3;7;14;271117;179609;2785;426;3998
FR;5;2022-06-26;26;19;2;0;5;271143;179628;2787;426;4003
FR;5;2022-06-27;57;60;5;7;11;271200;179688;2792;433;4014
FR;5;2022-06-28;70;49;8;2;14;271270;179737;2800;435;4028
FR;5;2022-06-29;297;268;9;21;34;271567;180005;2809;456;4062
FR;5;2022-06-30;89;57;10;12;17;271656;180062;2819;468;4079
FR;5;2022-07-01;127;65;7;11;12;271783;180127;2826;479;4091
FR;5;2022-07-02;191;132;4;0;22;271974;180259;2830;479;4113
FR;5;2022-07-03;30;25;1;0;4;272004;180284;2831;479;4117
FR;5;2022-07-04;103;64;2;5;6;272107;180348;2833;484;4123
FR;5;2022-07-05;104;72;3;8;13;272211;180420;2836;492;4136
FR;5;2022-07-06;277;168;9;36;27;272488;180588;2845;528;4163
FR;5;2022-07-07;88;68;6;9;13;272576;180656;2851;537;4176
FR;5;2022-07-08;152;120;7;14;25;272728;180776;2858;551;4201
FR;5;2022-07-09;116;68;1;8;10;272844;180844;2859;559;4211
FR;5;2022-07-10;15;6;0;0;1;272859;180850;2859;559;4212
FR;5;2022-07-11;92;72;10;2;19;272951;180922;2869;561;4231
FR;5;2022-07-12;67;63;5;10;7;273018;180985;2874;571;4238
FR;5;2022-07-13;169;118;10;19;16;273187;181103;2884;590;4254
FR;5;2022-07-14;8;4;0;0;0;273195;181107;2884;590;4254
FR;5;2022-07-15;74;66;5;14;15;273269;181173;2889;604;4269
FR;5;2022-07-16;54;44;3;0;3;273323;181217;2892;604;4272
FR;5;2022-07-17;10;7;3;0;2;273333;181224;2895;604;4274
FR;5;2022-07-18;60;47;0;4;4;273393;181271;2895;608;4278
FR;5;2022-07-19;63;42;5;3;7;273456;181313;2900;611;4285
FR;5;2022-07-20;119;106;4;11;14;273575;181419;2904;622;4299
FR;5;2022-07-21;38;43;2;10;5;273613;181462;2906;632;4304
FR;5;2022-07-22;48;69;11;13;23;273661;181531;2917;645;4327
FR;5;2022-07-23;59;78;2;1;11;273720;181609;2919;646;4338
FR;5;2022-07-24;11;9;3;1;3;273731;181618;2922;647;4341
FR;5;2022-07-25;53;48;2;7;8;273784;181666;2924;654;4349
FR;5;2022-07-26;58;52;5;41;6;273842;181718;2929;695;4355
FR;5;2022-07-27;106;118;4;4;13;273948;181836;2933;699;4368
FR;5;2022-07-28;39;35;2;2;6;273987;181871;2935;701;4374
FR;5;2022-07-29;56;74;3;14;8;274043;181945;2938;715;4382
FR;5;2022-07-30;55;53;5;1;7;274098;181998;2943;716;4389
FR;5;2022-07-31;7;11;1;0;1;274105;182009;2944;716;4390
FR;5;2022-08-01;39;53;1;2;6;274144;182062;2945;718;4396
FR;5;2022-08-02;32;43;8;7;8;274176;182105;2953;725;4404
FR;5;2022-08-03;54;51;4;10;9;274230;182156;2957;735;4413
FR;5;2022-08-04;20;18;1;6;1;274250;182174;2958;741;4414
FR;5;2022-08-05;35;26;3;3;3;274285;182200;2961;744;4417
FR;5;2022-08-06;23;26;1;0;1;274308;182226;2962;744;4418
FR;5;2022-08-07;2;2;1;0;1;274310;182228;2963;744;4419
FR;5;2022-08-08;26;19;1;2;2;274336;182247;2964;746;4421
FR;5;2022-08-09;26;28;3;3;3;274362;182275;2967;749;4424
FR;5;2022-08-10;47;47;2;0;5;274409;182322;2969;749;4429
FR;5;2022-08-11;19;36;2;2;5;274428;182358;2971;751;4434
FR;5;2022-08-12;27;28;2;0;2;274455;182386;2973;751;4436
FR;5;2022-08-13;16;18;0;0;0;274471;182404;2973;751;4436
FR;5;2022-08-14;2;3;0;0;0;274473;182407;2973;751;4436
FR;5;2022-08-15;2;5;0;0;0;274475;182412;2973;751;4436
FR;5;2022-08-16;33;26;3;0;6;274508;182438;2976;751;4442
FR;5;2022-08-17;52;55;2;1;1;274560;182493;2978;752;4443
FR;5;2022-08-18;26;18;8;17;10;274586;182511;2986;769;4453
FR;5;2022-08-19;25;33;1;2;2;274611;182544;2987;771;4455
FR;5;2022-08-20;25;27;2;1;4;274636;182571;2989;772;4459
FR;5;2022-08-21;7;4;1;0;1;274643;182575;2990;772;4460
FR;5;2022-08-22;39;26;1;6;2;274682;182601;2991;778;4462
FR;5;2022-08-23;27;26;1;1;2;274709;182627;2992;779;4464
FR;5;2022-08-24;50;43;0;0;0;274759;182670;2992;779;4464
FR;5;2022-08-25;27;26;3;1;2;274786;182696;2995;780;4466
FR;5;2022-08-26;48;38;7;2;5;274834;182734;3002;782;4471
FR;5;2022-08-27;46;28;1;0;3;274880;182762;3003;782;4474
FR;5;2022-08-28;5;6;0;0;0;274885;182768;3003;782;4474
FR;5;2022-08-29;58;44;1;1;4;274943;182812;3004;783;4478
FR;5;2022-08-30;43;23;12;29;10;274986;182835;3016;812;4488
FR;5;2022-08-31;53;47;6;1;11;275039;182882;3022;813;4499
FR;5;2022-09-01;14;8;1;4;1;275053;182890;3023;817;4500
FR;5;2022-09-02;42;22;8;2;9;275095;182912;3031;819;4509
FR;5;2022-09-03;69;37;2;0;2;275164;182949;3033;819;4511
FR;5;2022-09-04;12;7;1;0;3;275176;182956;3034;819;4514
FR;5;2022-09-05;7;4;1;0;1;275183;182960;3035;819;4515
FR;5;2022-09-06;21;14;3;15;2;275204;182974;3038;834;4517
FR;5;2022-09-07;79;53;1;1;3;275283;183027;3039;835;4520
FR;5;2022-09-08;9;4;0;4;0;275292;183031;3039;839;4520
FR;5;2022-09-09;40;11;9;2;10;275332;183042;3048;841;4530
FR;5;2022-09-10;40;45;1;1;8;275372;183087;3049;842;4538
FR;5;2022-09-11;3;3;0;0;1;275375;183090;3049;842;4539
FR;5;2022-09-12;7;5;2;2;2;275382;183095;3051;844;4541
FR;5;2022-09-13;9;6;0;1;3;275391;183101;3051;845;4544
FR;5;2022-09-14;52;46;4;7;9;275443;183147;3055;852;4553
FR;5;2022-09-15;11;13;2;3;5;275454;183160;3057;855;4558
FR;5;2022-09-16;25;33;1;4;3;275479;183193;3058;859;4561
FR;5;2022-09-17;60;43;1;1;5;275539;183236;3059;860;4566
FR;5;2022-09-18;9;6;0;1;1;275548;183242;3059;861;4567
FR;5;2022-09-19;22;17;2;1;5;275570;183259;3061;862;4572
FR;5;2022-09-20;15;11;3;3;1;275585;183270;3064;865;4573
FR;5;2022-09-21;68;45;9;0;13;275653;183315;3073;865;4586
FR;5;2022-09-22;12;6;4;24;4;275665;183321;3077;889;4590
FR;5;2022-09-23;19;24;2;3;8;275684;183345;3079;892;4598
FR;5;2022-09-24;44;51;1;8;5;275728;183396;3080;900;4603
FR;5;2022-09-25;6;12;0;0;1;275734;183408;3080;900;4604
FR;5;2022-09-26;15;7;0;2;0;275749;183415;3080;902;4604
FR;5;2022-09-27;7;12;4;9;4;275756;183427;3084;911;4608
FR;5;2022-09-28;65;64;5;0;7;275821;183491;3089;911;4615
FR;5;2022-09-29;17;9;1;0;1;275838;183500;3090;911;4616
FR;5;2022-09-30;28;44;2;2;4;275866;183544;3092;913;4620
FR;5;2022-10-01;39;35;5;5;8;275905;183579;3097;918;4628
FR;5;2022-10-02;1;9;1;0;1;275906;183588;3098;918;4629
FR;5;2022-10-03;6;6;3;0;4;275912;183594;3101;918;4633
FR;5;2022-10-04;11;8;0;3;1;275923;183602;3101;921;4634
FR;5;2022-10-05;57;61;2;2;13;275980;183663;3103;923;4647
FR;5;2022-10-06;12;10;0;4;1;275992;183673;3103;927;4648
FR;5;2022-10-07;21;31;1;0;5;276013;183704;3104;927;4653
FR;5;2022-10-08;33;51;1;0;7;276046;183755;3105;927;4660
FR;5;2022-10-09;7;10;0;0;1;276053;183765;3105;927;4661
FR;5;2022-10-10;14;6;0;1;1;276067;183771;3105;928;4662
FR;5;2022-10-11;6;13;2;1;2;276073;183784;3107;929;4664
FR;5;2022-10-12;39;56;3;2;8;276112;183840;3110;931;4672
FR;5;2022-10-13;11;16;2;0;4;276123;183856;3112;931;4676
FR;5;2022-10-14;21;21;1;0;5;276144;183877;3113;931;4681
FR;5;2022-10-15;19;26;10;0;11;276163;183903;3123;931;4692
FR;5;2022-10-16;3;1;0;0;1;276166;183904;3123;931;4693
FR;5;2022-10-17;8;8;2;1;3;276174;183912;3125;932;4696
FR;5;2022-10-18;6;7;0;2;0;276180;183919;3125;934;4696
FR;5;2022-10-19;38;42;8;0;11;276218;183961;3133;934;4707
FR;5;2022-10-20;18;15;2;1;3;276236;183976;3135;935;4710
FR;5;2022-10-21;22;15;6;0;8;276258;183991;3141;935;4718
FR;5;2022-10-22;34;28;2;12;5;276292;184019;3143;947;4723
FR;5;2022-10-23;9;3;0;0;0;276301;184022;3143;947;4723
FR;5;2022-10-24;14;7;6;7;9;276315;184029;3149;954;4732
FR;5;2022-10-25;12;9;6;3;8;276327;184038;3155;957;4740
FR;5;2022-10-26;34;22;6;0;10;276361;184060;3161;957;4750
FR;5;2022-10-27;16;4;4;0;4;276377;184064;3165;957;4754
FR;5;2022-10-28;19;13;5;3;6;276396;184077;3170;960;4760
FR;5;2022-10-29;21;13;0;0;3;276417;184090;3170;960;4763
FR;5;2022-10-30;1;4;2;0;3;276418;184094;3172;960;4766
FR;5;2022-10-31;14;11;2;1;3;276432;184105;3174;961;4769
FR;5;2022-11-01;1;0;0;1;0;276433;184105;3174;962;4769
FR;5;2022-11-02;23;17;5;4;5;276456;184122;3179;966;4774
FR;5;2022-11-03;22;4;1;1;1;276478;184126;3180;967;4775
FR;5;2022-11-04;19;17;1;0;2;276497;184143;3181;967;4777
FR;5;2022-11-05;25;16;1;0;1;276522;184159;3182;967;4778
FR;5;2022-11-06;1;7;0;0;0;276523;184166;3182;967;4778
FR;5;2022-11-07;4;3;3;0;3;276527;184169;3185;967;4781
FR;5;2022-11-08;11;7;1;2;1;276538;184176;3186;969;4782
FR;5;2022-11-09;28;29;6;1;6;276566;184205;3192;970;4788
FR;5;2022-11-10;11;15;1;0;1;276577;184220;3193;970;4789
FR;5;2022-11-11;2;4;0;1;0;276579;184224;3193;971;4789
FR;5;2022-11-12;19;10;5;9;6;276598;184234;3198;980;4795
FR;5;2022-11-13;2;2;0;1;0;276600;184236;3198;981;4795
FR;5;2022-11-14;8;10;0;1;3;276608;184246;3198;982;4798
FR;5;2022-11-15;8;6;4;2;4;276616;184252;3202;984;4802
FR;5;2022-11-16;29;28;2;1;5;276645;184280;3204;985;4807
FR;5;2022-11-17;4;15;2;0;3;276649;184295;3206;985;4810
FR;5;2022-11-18;15;17;6;0;8;276664;184312;3212;985;4818
FR;5;2022-11-19;18;27;2;0;6;276682;184339;3214;985;4824
FR;5;2022-11-20;6;3;0;0;0;276688;184342;3214;985;4824
FR;6;2020-12-27;0;0;0;0;0;0;0;0;0;0
FR;6;2020-12-28;0;0;0;0;0;0;0;0;0;0
FR;6;2020-12-29;0;0;0;0;0;0;0;0;0;0
FR;6;2020-12-30;0;0;0;0;0;0;0;0;0;0
FR;6;2020-12-31;0;0;0;0;0;0;0;0;0;0
FR;6;2021-01-01;0;0;0;0;0;0;0;0;0;0
FR;6;2021-01-02;0;0;0;0;0;0;0;0;0;0
FR;6;2021-01-03;0;0;0;0;0;0;0;0;0;0
FR;6;2021-01-04;0;0;0;0;0;0;0;0;0;0
FR;6;2021-01-05;0;0;0;0;0;0;0;0;0;0
FR;6;2021-01-06;0;0;0;0;0;0;0;0;0;0
FR;6;2021-01-07;0;0;0;0;0;0;0;0;0;0
FR;6;2021-01-08;0;0;0;0;0;0;0;0;0;0
FR;6;2021-01-09;0;0;0;0;0;0;0;0;0;0
FR;6;2021-01-10;0;0;0;0;0;0;0;0;0;0
FR;6;2021-01-11;0;0;0;0;0;0;0;0;0;0
FR;6;2021-01-12;0;0;0;0;0;0;0;0;0;0
FR;6;2021-01-13;0;0;0;0;0;0;0;0;0;0
FR;6;2021-01-14;0;0;0;0;0;0;0;0;0;0
FR;6;2021-01-15;0;0;0;0;0;0;0;0;0;0
FR;6;2021-01-16;0;0;0;0;0;0;0;0;0;0
FR;6;2021-01-17;0;0;0;0;0;0;0;0;0;0
FR;6;2021-01-18;0;0;0;0;0;0;0;0;0;0
FR;6;2021-01-19;0;0;0;0;0;0;0;0;0;0
FR;6;2021-01-20;0;0;0;0;0;0;0;0;0;0
FR;6;2021-01-21;0;0;0;0;0;0;0;0;0;0
FR;6;2021-01-22;0;0;0;0;0;0;0;0;0;0
FR;6;2021-01-23;0;0;0;0;0;0;0;0;0;0
FR;6;2021-01-24;0;0;0;0;0;0;0;0;0;0
FR;6;2021-01-25;0;0;0;0;0;0;0;0;0;0
FR;6;2021-01-26;0;0;0;0;0;0;0;0;0;0
FR;6;2021-01-27;0;0;0;0;0;0;0;0;0;0
FR;6;2021-01-28;0;0;0;0;0;0;0;0;0;0
FR;6;2021-01-29;0;0;0;0;0;0;0;0;0;0
FR;6;2021-01-30;0;0;0;0;0;0;0;0;0;0
FR;6;2021-01-31;0;0;0;0;0;0;0;0;0;0
FR;6;2021-02-01;0;0;0;0;0;0;0;0;0;0
FR;6;2021-02-02;0;0;0;0;0;0;0;0;0;0
FR;6;2021-02-03;0;0;0;0;0;0;0;0;0;0
FR;6;2021-02-04;0;0;0;0;0;0;0;0;0;0
FR;6;2021-02-05;0;0;0;0;0;0;0;0;0;0
FR;6;2021-02-06;0;0;0;0;0;0;0;0;0;0
FR;6;2021-02-07;0;0;0;0;0;0;0;0;0;0
FR;6;2021-02-08;0;0;0;0;0;0;0;0;0;0
FR;6;2021-02-09;0;0;0;0;0;0;0;0;0;0
FR;6;2021-02-10;0;0;0;0;0;0;0;0;0;0
FR;6;2021-02-11;0;0;0;0;0;0;0;0;0;0
FR;6;2021-02-12;0;0;0;0;0;0;0;0;0;0
FR;6;2021-02-13;0;0;0;0;0;0;0;0;0;0
FR;6;2021-02-14;0;0;0;0;0;0;0;0;0;0
FR;6;2021-02-15;0;0;0;0;0;0;0;0;0;0
FR;6;2021-02-16;0;0;0;0;0;0;0;0;0;0
FR;6;2021-02-17;0;0;0;0;0;0;0;0;0;0
FR;6;2021-02-18;0;0;0;0;0;0;0;0;0;0
FR;6;2021-02-19;0;0;0;0;0;0;0;0;0;0
FR;6;2021-02-20;0;0;0;0;0;0;0;0;0;0
FR;6;2021-02-21;0;0;0;0;0;0;0;0;0;0
FR;6;2021-02-22;0;0;0;0;0;0;0;0;0;0
FR;6;2021-02-23;0;0;0;0;0;0;0;0;0;0
FR;6;2021-02-24;0;0;0;0;0;0;0;0;0;0
FR;6;2021-02-25;0;0;0;0;0;0;0;0;0;0
FR;6;2021-02-26;0;0;0;0;0;0;0;0;0;0
FR;6;2021-02-27;0;0;0;0;0;0;0;0;0;0
FR;6;2021-02-28;0;0;0;0;0;0;0;0;0;0
FR;6;2021-03-01;0;0;0;0;0;0;0;0;0;0
FR;6;2021-03-02;0;0;0;0;0;0;0;0;0;0
FR;6;2021-03-03;0;0;0;0;0;0;0;0;0;0
FR;6;2021-03-04;0;0;0;0;0;0;0;0;0;0
FR;6;2021-03-05;0;0;0;0;0;0;0;0;0;0
FR;6;2021-03-06;0;0;0;0;0;0;0;0;0;0
FR;6;2021-03-07;0;0;0;0;0;0;0;0;0;0
FR;6;2021-03-08;0;0;0;0;0;0;0;0;0;0
FR;6;2021-03-09;0;0;0;0;0;0;0;0;0;0
FR;6;2021-03-10;0;0;0;0;0;0;0;0;0;0
FR;6;2021-03-11;0;0;0;0;0;0;0;0;0;0
FR;6;2021-03-12;0;0;0;0;0;0;0;0;0;0
FR;6;2021-03-13;0;0;0;0;0;0;0;0;0;0
FR;6;2021-03-14;0;0;0;0;0;0;0;0;0;0
FR;6;2021-03-15;0;0;0;0;0;0;0;0;0;0
FR;6;2021-03-16;0;0;0;0;0;0;0;0;0;0
FR;6;2021-03-17;0;0;0;0;0;0;0;0;0;0
FR;6;2021-03-18;0;0;0;0;0;0;0;0;0;0
FR;6;2021-03-19;0;0;0;0;0;0;0;0;0;0
FR;6;2021-03-20;0;0;0;0;0;0;0;0;0;0
FR;6;2021-03-21;0;0;0;0;0;0;0;0;0;0
FR;6;2021-03-22;0;0;0;0;0;0;0;0;0;0
FR;6;2021-03-23;0;0;0;0;0;0;0;0;0;0
FR;6;2021-03-24;0;0;0;0;0;0;0;0;0;0
FR;6;2021-03-25;0;0;0;0;0;0;0;0;0;0
FR;6;2021-03-26;0;0;0;0;0;0;0;0;0;0
FR;6;2021-03-27;0;0;0;0;0;0;0;0;0;0
FR;6;2021-03-28;0;0;0;0;0;0;0;0;0;0
FR;6;2021-03-29;0;0;0;0;0;0;0;0;0;0
FR;6;2021-03-30;0;0;0;0;0;0;0;0;0;0
FR;6;2021-03-31;0;0;0;0;0;0;0;0;0;0
FR;6;2021-04-01;0;0;0;0;0;0;0;0;0;0
FR;6;2021-04-02;0;0;0;0;0;0;0;0;0;0
FR;6;2021-04-03;0;0;0;0;0;0;0;0;0;0
FR;6;2021-04-04;0;0;0;0;0;0;0;0;0;0
FR;6;2021-04-05;0;0;0;0;0;0;0;0;0;0
FR;6;2021-04-06;0;0;0;0;0;0;0;0;0;0
FR;6;2021-04-07;0;0;0;0;0;0;0;0;0;0
FR;6;2021-04-08;0;0;0;0;0;0;0;0;0;0
FR;6;2021-04-09;0;0;0;0;0;0;0;0;0;0
FR;6;2021-04-10;0;0;0;0;0;0;0;0;0;0
FR;6;2021-04-11;0;0;0;0;0;0;0;0;0;0
FR;6;2021-04-12;0;0;0;0;0;0;0;0;0;0
FR;6;2021-04-13;0;0;0;0;0;0;0;0;0;0
FR;6;2021-04-14;0;0;0;0;0;0;0;0;0;0
FR;6;2021-04-15;0;0;0;0;0;0;0;0;0;0
FR;6;2021-04-16;0;0;0;0;0;0;0;0;0;0
FR;6;2021-04-17;0;0;0;0;0;0;0;0;0;0
FR;6;2021-04-18;0;0;0;0;0;0;0;0;0;0
FR;6;2021-04-19;0;0;0;0;0;0;0;0;0;0
FR;6;2021-04-20;0;0;0;0;0;0;0;0;0;0
FR;6;2021-04-21;0;0;0;0;0;0;0;0;0;0
FR;6;2021-04-22;0;0;0;0;0;0;0;0;0;0
FR;6;2021-04-23;0;0;0;0;0;0;0;0;0;0
FR;6;2021-04-24;0;0;0;0;0;0;0;0;0;0
FR;6;2021-04-25;0;0;0;0;0;0;0;0;0;0
FR;6;2021-04-26;0;0;0;0;0;0;0;0;0;0
FR;6;2021-04-27;0;0;0;0;0;0;0;0;0;0
FR;6;2021-04-28;0;0;0;0;0;0;0;0;0;0
FR;6;2021-04-29;0;0;0;0;0;0;0;0;0;0
FR;6;2021-04-30;0;0;0;0;0;0;0;0;0;0
FR;6;2021-05-01;0;0;0;0;0;0;0;0;0;0
FR;6;2021-05-02;0;0;0;0;0;0;0;0;0;0
FR;6;2021-05-03;0;0;0;0;0;0;0;0;0;0
FR;6;2021-05-04;0;0;0;0;0;0;0;0;0;0
FR;6;2021-05-05;0;0;0;0;0;0;0;0;0;0
FR;6;2021-05-06;0;0;0;0;0;0;0;0;0;0
FR;6;2021-05-07;0;0;0;0;0;0;0;0;0;0
FR;6;2021-05-08;0;0;0;0;0;0;0;0;0;0
FR;6;2021-05-09;0;0;0;0;0;0;0;0;0;0
FR;6;2021-05-10;0;0;0;0;0;0;0;0;0;0
FR;6;2021-05-11;0;0;0;0;0;0;0;0;0;0
FR;6;2021-05-12;0;0;0;0;0;0;0;0;0;0
FR;6;2021-05-13;0;0;0;0;0;0;0;0;0;0
FR;6;2021-05-14;0;0;0;0;0;0;0;0;0;0
FR;6;2021-05-15;0;0;0;0;0;0;0;0;0;0
FR;6;2021-05-16;0;0;0;0;0;0;0;0;0;0
FR;6;2021-05-17;0;0;0;0;0;0;0;0;0;0
FR;6;2021-05-18;0;0;0;0;0;0;0;0;0;0
FR;6;2021-05-19;0;0;0;0;0;0;0;0;0;0
FR;6;2021-05-20;0;0;0;0;0;0;0;0;0;0
FR;6;2021-05-21;0;0;0;0;0;0;0;0;0;0
FR;6;2021-05-22;0;0;0;0;0;0;0;0;0;0
FR;6;2021-05-23;0;0;0;0;0;0;0;0;0;0
FR;6;2021-05-24;0;0;0;0;0;0;0;0;0;0
FR;6;2021-05-25;0;0;0;0;0;0;0;0;0;0
FR;6;2021-05-26;0;0;0;0;0;0;0;0;0;0
FR;6;2021-05-27;0;0;0;0;0;0;0;0;0;0
FR;6;2021-05-28;0;0;0;0;0;0;0;0;0;0
FR;6;2021-05-29;0;0;0;0;0;0;0;0;0;0
FR;6;2021-05-30;0;0;0;0;0;0;0;0;0;0
FR;6;2021-05-31;0;0;0;0;0;0;0;0;0;0
FR;6;2021-06-01;0;0;0;0;0;0;0;0;0;0
FR;6;2021-06-02;0;0;0;0;0;0;0;0;0;0
FR;6;2021-06-03;0;0;0;0;0;0;0;0;0;0
FR;6;2021-06-04;0;0;0;0;0;0;0;0;0;0
FR;6;2021-06-05;0;0;0;0;0;0;0;0;0;0
FR;6;2021-06-06;0;0;0;0;0;0;0;0;0;0
FR;6;2021-06-07;0;0;0;0;0;0;0;0;0;0
FR;6;2021-06-08;0;0;0;0;0;0;0;0;0;0
FR;6;2021-06-09;0;0;0;0;0;0;0;0;0;0
FR;6;2021-06-10;0;0;0;0;0;0;0;0;0;0
FR;6;2021-06-11;0;0;0;0;0;0;0;0;0;0
FR;6;2021-06-12;0;0;0;0;0;0;0;0;0;0
FR;6;2021-06-13;0;0;0;0;0;0;0;0;0;0
FR;6;2021-06-14;0;0;0;0;0;0;0;0;0;0
FR;6;2021-06-15;0;0;0;0;0;0;0;0;0;0
FR;6;2021-06-16;0;0;0;0;0;0;0;0;0;0
FR;6;2021-06-17;0;0;0;0;0;0;0;0;0;0
FR;6;2021-06-18;0;0;0;0;0;0;0;0;0;0
FR;6;2021-06-19;0;0;0;0;0;0;0;0;0;0
FR;6;2021-06-20;0;0;0;0;0;0;0;0;0;0
FR;6;2021-06-21;0;0;0;0;0;0;0;0;0;0
FR;6;2021-06-22;0;0;0;0;0;0;0;0;0;0
FR;6;2021-06-23;0;0;0;0;0;0;0;0;0;0
FR;6;2021-06-24;0;0;0;0;0;0;0;0;0;0
FR;6;2021-06-25;0;0;0;0;0;0;0;0;0;0
FR;6;2021-06-26;0;0;0;0;0;0;0;0;0;0
FR;6;2021-06-27;0;0;0;0;0;0;0;0;0;0
FR;6;2021-06-28;0;0;0;0;0;0;0;0;0;0
FR;6;2021-06-29;0;0;0;0;0;0;0;0;0;0
FR;6;2021-06-30;0;0;0;0;0;0;0;0;0;0
FR;6;2021-07-01;0;0;0;0;0;0;0;0;0;0
FR;6;2021-07-02;0;0;0;0;0;0;0;0;0;0
FR;6;2021-07-03;0;0;0;0;0;0;0;0;0;0
FR;6;2021-07-04;0;0;0;0;0;0;0;0;0;0
FR;6;2021-07-05;0;0;0;0;0;0;0;0;0;0
FR;6;2021-07-06;0;0;0;0;0;0;0;0;0;0
FR;6;2021-07-07;0;0;0;0;0;0;0;0;0;0
FR;6;2021-07-08;0;0;0;0;0;0;0;0;0;0
FR;6;2021-07-09;0;0;0;0;0;0;0;0;0;0
FR;6;2021-07-10;0;0;0;0;0;0;0;0;0;0
FR;6;2021-07-11;0;0;0;0;0;0;0;0;0;0
FR;6;2021-07-12;0;0;0;0;0;0;0;0;0;0
FR;6;2021-07-13;0;0;0;0;0;0;0;0;0;0
FR;6;2021-07-14;0;0;0;0;0;0;0;0;0;0
FR;6;2021-07-15;0;0;0;0;0;0;0;0;0;0
FR;6;2021-07-16;0;0;0;0;0;0;0;0;0;0
FR;6;2021-07-17;0;0;0;0;0;0;0;0;0;0
FR;6;2021-07-18;0;0;0;0;0;0;0;0;0;0
FR;6;2021-07-19;0;0;0;0;0;0;0;0;0;0
FR;6;2021-07-20;0;0;0;0;0;0;0;0;0;0
FR;6;2021-07-21;0;0;0;0;0;0;0;0;0;0
FR;6;2021-07-22;0;0;0;0;0;0;0;0;0;0
FR;6;2021-07-23;0;0;0;0;0;0;0;0;0;0
FR;6;2021-07-24;0;0;0;0;0;0;0;0;0;0
FR;6;2021-07-25;0;0;0;0;0;0;0;0;0;0
FR;6;2021-07-26;0;0;0;0;0;0;0;0;0;0
FR;6;2021-07-27;0;0;0;0;0;0;0;0;0;0
FR;6;2021-07-28;0;0;0;0;0;0;0;0;0;0
FR;6;2021-07-29;0;0;0;0;0;0;0;0;0;0
FR;6;2021-07-30;0;0;0;0;0;0;0;0;0;0
FR;6;2021-07-31;0;0;0;0;0;0;0;0;0;0
FR;6;2021-08-01;0;0;0;0;0;0;0;0;0;0
FR;6;2021-08-02;0;0;0;0;0;0;0;0;0;0
FR;6;2021-08-03;0;0;0;0;0;0;0;0;0;0
FR;6;2021-08-04;0;0;0;0;0;0;0;0;0;0
FR;6;2021-08-05;0;0;0;0;0;0;0;0;0;0
FR;6;2021-08-06;0;0;0;0;0;0;0;0;0;0
FR;6;2021-08-07;0;0;0;0;0;0;0;0;0;0
FR;6;2021-08-08;0;0;0;0;0;0;0;0;0;0
FR;6;2021-08-09;0;0;0;0;0;0;0;0;0;0
FR;6;2021-08-10;0;0;0;0;0;0;0;0;0;0
FR;6;2021-08-11;0;0;0;0;0;0;0;0;0;0
FR;6;2021-08-12;0;0;0;0;0;0;0;0;0;0
FR;6;2021-08-13;0;0;0;0;0;0;0;0;0;0
FR;6;2021-08-14;0;0;0;0;0;0;0;0;0;0
FR;6;2021-08-15;0;0;0;0;0;0;0;0;0;0
FR;6;2021-08-16;0;0;0;0;0;0;0;0;0;0
FR;6;2021-08-17;0;0;0;0;0;0;0;0;0;0
FR;6;2021-08-18;0;0;0;0;0;0;0;0;0;0
FR;6;2021-08-19;0;0;0;0;0;0;0;0;0;0
FR;6;2021-08-20;0;0;0;0;0;0;0;0;0;0
FR;6;2021-08-21;0;0;0;0;0;0;0;0;0;0
FR;6;2021-08-22;0;0;0;0;0;0;0;0;0;0
FR;6;2021-08-23;0;0;0;0;0;0;0;0;0;0
FR;6;2021-08-24;0;0;0;0;0;0;0;0;0;0
FR;6;2021-08-25;0;0;0;0;0;0;0;0;0;0
FR;6;2021-08-26;0;0;0;0;0;0;0;0;0;0
FR;6;2021-08-27;0;0;0;0;0;0;0;0;0;0
FR;6;2021-08-28;0;0;0;0;0;0;0;0;0;0
FR;6;2021-08-29;0;0;0;0;0;0;0;0;0;0
FR;6;2021-08-30;0;0;0;0;0;0;0;0;0;0
FR;6;2021-08-31;0;0;0;0;0;0;0;0;0;0
FR;6;2021-09-01;0;0;0;0;0;0;0;0;0;0
FR;6;2021-09-02;0;0;0;0;0;0;0;0;0;0
FR;6;2021-09-03;0;0;0;0;0;0;0;0;0;0
FR;6;2021-09-04;0;0;0;0;0;0;0;0;0;0
FR;6;2021-09-05;0;0;0;0;0;0;0;0;0;0
FR;6;2021-09-06;0;0;0;0;0;0;0;0;0;0
FR;6;2021-09-07;0;0;0;0;0;0;0;0;0;0
FR;6;2021-09-08;0;0;0;0;0;0;0;0;0;0
FR;6;2021-09-09;0;0;0;0;0;0;0;0;0;0
FR;6;2021-09-10;0;0;0;0;0;0;0;0;0;0
FR;6;2021-09-11;0;0;0;0;0;0;0;0;0;0
FR;6;2021-09-12;0;0;0;0;0;0;0;0;0;0
FR;6;2021-09-13;0;0;0;0;0;0;0;0;0;0
FR;6;2021-09-14;0;0;0;0;0;0;0;0;0;0
FR;6;2021-09-15;0;0;0;0;0;0;0;0;0;0
FR;6;2021-09-16;0;0;0;0;0;0;0;0;0;0
FR;6;2021-09-17;0;0;0;0;0;0;0;0;0;0
FR;6;2021-09-18;0;0;0;0;0;0;0;0;0;0
FR;6;2021-09-19;0;0;0;0;0;0;0;0;0;0
FR;6;2021-09-20;0;0;0;0;0;0;0;0;0;0
FR;6;2021-09-21;0;0;0;0;0;0;0;0;0;0
FR;6;2021-09-22;0;0;0;0;0;0;0;0;0;0
FR;6;2021-09-23;0;0;0;0;0;0;0;0;0;0
FR;6;2021-09-24;0;0;0;0;0;0;0;0;0;0
FR;6;2021-09-25;0;0;0;0;0;0;0;0;0;0
FR;6;2021-09-26;0;0;0;0;0;0;0;0;0;0
FR;6;2021-09-27;0;0;0;0;0;0;0;0;0;0
FR;6;2021-09-28;0;0;0;0;0;0;0;0;0;0
FR;6;2021-09-29;0;0;0;0;0;0;0;0;0;0
FR;6;2021-09-30;0;0;0;0;0;0;0;0;0;0
FR;6;2021-10-01;0;0;0;0;0;0;0;0;0;0
FR;6;2021-10-02;0;0;0;0;0;0;0;0;0;0
FR;6;2021-10-03;0;0;0;0;0;0;0;0;0;0
FR;6;2021-10-04;0;0;0;0;0;0;0;0;0;0
FR;6;2021-10-05;0;0;0;0;0;0;0;0;0;0
FR;6;2021-10-06;0;0;0;0;0;0;0;0;0;0
FR;6;2021-10-07;0;0;0;0;0;0;0;0;0;0
FR;6;2021-10-08;0;0;0;0;0;0;0;0;0;0
FR;6;2021-10-09;0;0;0;0;0;0;0;0;0;0
FR;6;2021-10-10;0;0;0;0;0;0;0;0;0;0
FR;6;2021-10-11;0;0;0;0;0;0;0;0;0;0
FR;6;2021-10-12;0;0;0;0;0;0;0;0;0;0
FR;6;2021-10-13;0;0;0;0;0;0;0;0;0;0
FR;6;2021-10-14;0;0;0;0;0;0;0;0;0;0
FR;6;2021-10-15;0;0;0;0;0;0;0;0;0;0
FR;6;2021-10-16;0;0;0;0;0;0;0;0;0;0
FR;6;2021-10-17;0;0;0;0;0;0;0;0;0;0
FR;6;2021-10-18;0;0;0;0;0;0;0;0;0;0
FR;6;2021-10-19;0;0;0;0;0;0;0;0;0;0
FR;6;2021-10-20;0;0;0;0;0;0;0;0;0;0
FR;6;2021-10-21;0;0;0;0;0;0;0;0;0;0
FR;6;2021-10-22;0;0;0;0;0;0;0;0;0;0
FR;6;2021-10-23;0;0;0;0;0;0;0;0;0;0
FR;6;2021-10-24;0;0;0;0;0;0;0;0;0;0
FR;6;2021-10-25;0;0;0;0;0;0;0;0;0;0
FR;6;2021-10-26;0;0;0;0;0;0;0;0;0;0
FR;6;2021-10-27;0;0;0;0;0;0;0;0;0;0
FR;6;2021-10-28;0;0;0;0;0;0;0;0;0;0
FR;6;2021-10-29;0;0;0;0;0;0;0;0;0;0
FR;6;2021-10-30;0;0;0;0;0;0;0;0;0;0
FR;6;2021-10-31;0;0;0;0;0;0;0;0;0;0
FR;6;2021-11-01;0;0;0;0;0;0;0;0;0;0
FR;6;2021-11-02;0;0;0;0;0;0;0;0;0;0
FR;6;2021-11-03;0;0;0;0;0;0;0;0;0;0
FR;6;2021-11-04;0;0;0;0;0;0;0;0;0;0
FR;6;2021-11-05;0;0;0;0;0;0;0;0;0;0
FR;6;2021-11-06;0;0;0;0;0;0;0;0;0;0
FR;6;2021-11-07;0;0;0;0;0;0;0;0;0;0
FR;6;2021-11-08;0;0;0;0;0;0;0;0;0;0
FR;6;2021-11-09;0;0;0;0;0;0;0;0;0;0
FR;6;2021-11-10;0;0;0;0;0;0;0;0;0;0
FR;6;2021-11-11;0;0;0;0;0;0;0;0;0;0
FR;6;2021-11-12;0;0;0;0;0;0;0;0;0;0
FR;6;2021-11-13;0;0;0;0;0;0;0;0;0;0
FR;6;2021-11-14;0;0;0;0;0;0;0;0;0;0
FR;6;2021-11-15;0;0;0;0;0;0;0;0;0;0
FR;6;2021-11-16;0;0;0;0;0;0;0;0;0;0
FR;6;2021-11-17;0;0;0;0;0;0;0;0;0;0
FR;6;2021-11-18;0;0;0;0;0;0;0;0;0;0
FR;6;2021-11-19;0;0;0;0;0;0;0;0;0;0
FR;6;2021-11-20;0;0;0;0;0;0;0;0;0;0
FR;6;2021-11-21;0;0;0;0;0;0;0;0;0;0
FR;6;2021-11-22;0;0;0;0;0;0;0;0;0;0
FR;6;2021-11-23;0;0;0;0;0;0;0;0;0;0
FR;6;2021-11-24;0;0;0;0;0;0;0;0;0;0
FR;6;2021-11-25;0;0;0;0;0;0;0;0;0;0
FR;6;2021-11-26;0;0;0;0;0;0;0;0;0;0
FR;6;2021-11-27;0;0;0;0;0;0;0;0;0;0
FR;6;2021-11-28;0;0;0;0;0;0;0;0;0;0
FR;6;2021-11-29;0;0;0;0;0;0;0;0;0;0
FR;6;2021-11-30;0;0;0;0;0;0;0;0;0;0
FR;6;2021-12-01;0;0;0;0;0;0;0;0;0;0
FR;6;2021-12-02;0;0;0;0;0;0;0;0;0;0
FR;6;2021-12-03;0;0;0;0;0;0;0;0;0;0
FR;6;2021-12-04;0;0;0;0;0;0;0;0;0;0
FR;6;2021-12-05;0;0;0;0;0;0;0;0;0;0
FR;6;2021-12-06;0;0;0;0;0;0;0;0;0;0
FR;6;2021-12-07;0;0;0;0;0;0;0;0;0;0
FR;6;2021-12-08;0;0;0;0;0;0;0;0;0;0
FR;6;2021-12-09;0;0;0;0;0;0;0;0;0;0
FR;6;2021-12-10;0;0;0;0;0;0;0;0;0;0
FR;6;2021-12-11;0;0;0;0;0;0;0;0;0;0
FR;6;2021-12-12;0;0;0;0;0;0;0;0;0;0
FR;6;2021-12-13;0;0;0;0;0;0;0;0;0;0
FR;6;2021-12-14;0;0;0;0;0;0;0;0;0;0
FR;6;2021-12-15;0;0;0;0;0;0;0;0;0;0
FR;6;2021-12-16;0;0;0;0;0;0;0;0;0;0
FR;6;2021-12-17;0;0;0;0;0;0;0;0;0;0
FR;6;2021-12-18;0;0;0;0;0;0;0;0;0;0
FR;6;2021-12-19;0;0;0;0;0;0;0;0;0;0
FR;6;2021-12-20;0;0;0;0;0;0;0;0;0;0
FR;6;2021-12-21;0;0;0;0;0;0;0;0;0;0
FR;6;2021-12-22;0;0;0;0;0;0;0;0;0;0
FR;6;2021-12-23;0;0;0;0;0;0;0;0;0;0
FR;6;2021-12-24;0;0;0;0;0;0;0;0;0;0
FR;6;2021-12-25;0;0;0;0;0;0;0;0;0;0
FR;6;2021-12-26;0;0;0;0;0;0;0;0;0;0
FR;6;2021-12-27;0;0;0;0;0;0;0;0;0;0
FR;6;2021-12-28;0;0;0;0;0;0;0;0;0;0
FR;6;2021-12-29;0;0;0;0;0;0;0;0;0;0
FR;6;2021-12-30;0;0;0;0;0;0;0;0;0;0
FR;6;2021-12-31;0;0;0;0;0;0;0;0;0;0
FR;6;2022-01-01;0;0;0;0;0;0;0;0;0;0
FR;6;2022-01-02;0;0;0;0;0;0;0;0;0;0
FR;6;2022-01-03;0;0;0;0;0;0;0;0;0;0
FR;6;2022-01-04;0;0;0;0;0;0;0;0;0;0
FR;6;2022-01-05;0;0;0;0;0;0;0;0;0;0
FR;6;2022-01-06;0;0;0;0;0;0;0;0;0;0
FR;6;2022-01-07;0;0;0;0;0;0;0;0;0;0
FR;6;2022-01-08;0;0;0;0;0;0;0;0;0;0
FR;6;2022-01-09;0;0;0;0;0;0;0;0;0;0
FR;6;2022-01-10;0;0;0;0;0;0;0;0;0;0
FR;6;2022-01-11;0;0;0;0;0;0;0;0;0;0
FR;6;2022-01-12;0;0;0;0;0;0;0;0;0;0
FR;6;2022-01-13;0;0;0;0;0;0;0;0;0;0
FR;6;2022-01-14;0;0;0;0;0;0;0;0;0;0
FR;6;2022-01-15;0;0;0;0;0;0;0;0;0;0
FR;6;2022-01-16;0;0;0;0;0;0;0;0;0;0
FR;6;2022-01-17;0;0;0;0;0;0;0;0;0;0
FR;6;2022-01-18;0;0;0;0;0;0;0;0;0;0
FR;6;2022-01-19;0;0;0;0;0;0;0;0;0;0
FR;6;2022-01-20;0;0;0;0;0;0;0;0;0;0
FR;6;2022-01-21;0;0;0;0;0;0;0;0;0;0
FR;6;2022-01-22;0;0;0;0;0;0;0;0;0;0
FR;6;2022-01-23;0;0;0;0;0;0;0;0;0;0
FR;6;2022-01-24;0;0;0;0;0;0;0;0;0;0
FR;6;2022-01-25;0;0;0;0;0;0;0;0;0;0
FR;6;2022-01-26;0;0;0;0;0;0;0;0;0;0
FR;6;2022-01-27;0;0;0;0;0;0;0;0;0;0
FR;6;2022-01-28;0;0;0;0;0;0;0;0;0;0
FR;6;2022-01-29;0;0;0;0;0;0;0;0;0;0
FR;6;2022-01-30;0;0;0;0;0;0;0;0;0;0
FR;6;2022-01-31;0;0;0;0;0;0;0;0;0;0
FR;6;2022-02-01;0;0;0;0;0;0;0;0;0;0
FR;6;2022-02-02;0;0;0;0;0;0;0;0;0;0
FR;6;2022-02-03;0;0;0;0;0;0;0;0;0;0
FR;6;2022-02-04;0;0;0;0;0;0;0;0;0;0
FR;6;2022-02-05;0;0;0;0;0;0;0;0;0;0
FR;6;2022-02-06;0;0;0;0;0;0;0;0;0;0
FR;6;2022-02-07;0;0;0;0;0;0;0;0;0;0
FR;6;2022-02-08;0;0;0;0;0;0;0;0;0;0
FR;6;2022-02-09;0;0;0;0;0;0;0;0;0;0
FR;6;2022-02-10;0;0;0;0;0;0;0;0;0;0
FR;6;2022-02-11;0;0;0;0;0;0;0;0;0;0
FR;6;2022-02-12;0;0;0;0;0;0;0;0;0;0
FR;6;2022-02-13;0;0;0;0;0;0;0;0;0;0
FR;6;2022-02-14;0;0;0;0;0;0;0;0;0;0
FR;6;2022-02-15;0;0;0;0;0;0;0;0;0;0
FR;6;2022-02-16;0;0;0;0;0;0;0;0;0;0
FR;6;2022-02-17;0;0;0;0;0;0;0;0;0;0
FR;6;2022-02-18;0;0;0;0;0;0;0;0;0;0
FR;6;2022-02-19;0;0;0;0;0;0;0;0;0;0
FR;6;2022-02-20;0;0;0;0;0;0;0;0;0;0
FR;6;2022-02-21;0;0;0;0;0;0;0;0;0;0
FR;6;2022-02-22;0;0;0;0;0;0;0;0;0;0
FR;6;2022-02-23;0;0;0;0;0;0;0;0;0;0
FR;6;2022-02-24;0;0;0;0;0;0;0;0;0;0
FR;6;2022-02-25;0;0;0;0;0;0;0;0;0;0
FR;6;2022-02-26;1;0;0;0;0;1;0;0;0;0
FR;6;2022-02-27;0;0;0;0;0;1;0;0;0;0
FR;6;2022-02-28;0;0;0;0;0;1;0;0;0;0
FR;6;2022-03-01;3;0;0;0;0;4;0;0;0;0
FR;6;2022-03-02;97;9;2;0;7;101;9;2;0;7
FR;6;2022-03-03;0;0;0;0;0;101;9;2;0;7
FR;6;2022-03-04;92;4;0;0;4;193;13;2;0;11
FR;6;2022-03-05;391;23;2;0;14;584;36;4;0;25
FR;6;2022-03-06;7;1;0;0;0;591;37;4;0;25
FR;6;2022-03-07;337;19;0;0;13;928;56;4;0;38
FR;6;2022-03-08;230;14;0;0;5;1158;70;4;0;43
FR;6;2022-03-09;519;29;2;0;21;1677;99;6;0;64
FR;6;2022-03-10;206;19;0;1;12;1883;118;6;1;76
FR;6;2022-03-11;331;22;6;0;21;2214;140;12;1;97
FR;6;2022-03-12;518;25;1;0;20;2732;165;13;1;117
FR;6;2022-03-13;40;2;0;0;1;2772;167;13;1;118
FR;6;2022-03-14;201;4;2;0;3;2973;171;15;1;121
FR;6;2022-03-15;112;11;2;0;9;3085;182;17;1;130
FR;6;2022-03-16;310;17;1;1;14;3395;199;18;2;144
FR;6;2022-03-17;117;6;1;2;4;3512;205;19;4;148
FR;6;2022-03-18;215;10;0;0;6;3727;215;19;4;154
FR;6;2022-03-19;307;19;2;0;9;4034;234;21;4;163
FR;6;2022-03-20;15;5;0;0;1;4049;239;21;4;164
FR;6;2022-03-21;132;23;1;0;4;4181;262;22;4;168
FR;6;2022-03-22;97;15;0;0;4;4278;277;22;4;172
FR;6;2022-03-23;226;108;3;0;14;4504;385;25;4;186
FR;6;2022-03-24;100;15;1;3;4;4604;400;26;7;190
FR;6;2022-03-25;203;141;2;1;15;4807;541;28;8;205
FR;6;2022-03-26;331;295;7;1;19;5138;836;35;9;224
FR;6;2022-03-27;32;30;1;0;1;5170;866;36;9;225
FR;6;2022-03-28;201;208;8;1;17;5371;1074;44;10;242
FR;6;2022-03-29;124;189;12;2;12;5495;1263;56;12;254
FR;6;2022-03-30;305;476;10;2;22;5800;1739;66;14;276
FR;6;2022-03-31;123;140;10;0;14;5923;1879;76;14;290
FR;6;2022-04-01;195;150;11;2;23;6118;2029;87;16;313
FR;6;2022-04-02;206;241;9;1;13;6324;2270;96;17;326
FR;6;2022-04-03;17;21;0;0;1;6341;2291;96;17;327
FR;6;2022-04-04;137;114;6;1;9;6478;2405;102;18;336
FR;6;2022-04-05;146;88;15;1;11;6624;2493;117;19;347
FR;6;2022-04-06;204;245;22;26;27;6828;2738;139;45;374
FR;6;2022-04-07;127;96;15;9;17;6955;2834;154;54;391
FR;6;2022-04-08;199;171;16;3;17;7154;3005;170;57;408
FR;6;2022-04-09;145;139;6;12;13;7299;3144;176;69;421
FR;6;2022-04-10;10;20;3;0;1;7309;3164;179;69;422
FR;6;2022-04-11;101;106;4;0;5;7410;3270;183;69;427
FR;6;2022-04-12;136;75;5;8;10;7546;3345;188;77;437
FR;6;2022-04-13;162;175;7;5;13;7708;3520;195;82;450
FR;6;2022-04-14;100;103;5;10;8;7808;3623;200;92;458
FR;6;2022-04-15;158;149;11;7;19;7966;3772;211;99;477
FR;6;2022-04-16;127;132;5;0;14;8093;3904;216;99;491
FR;6;2022-04-17;8;9;4;0;4;8101;3913;220;99;495
FR;6;2022-04-18;8;15;3;0;4;8109;3928;223;99;499
FR;6;2022-04-19;97;112;4;3;3;8206;4040;227;102;502
FR;6;2022-04-20;178;227;8;7;15;8384;4267;235;109;517
FR;6;2022-04-21;111;93;8;4;11;8495;4360;243;113;528
FR;6;2022-04-22;138;160;13;12;13;8633;4520;256;125;541
FR;6;2022-04-23;106;129;1;1;7;8739;4649;257;126;548
FR;6;2022-04-24;5;21;1;0;0;8744;4670;258;126;548
FR;6;2022-04-25;91;128;3;8;11;8835;4798;261;134;559
FR;6;2022-04-26;101;128;19;2;17;8936;4926;280;136;576
FR;6;2022-04-27;197;159;21;1;27;9133;5085;301;137;603
FR;6;2022-04-28;109;87;7;1;8;9242;5172;308;138;611
FR;6;2022-04-29;191;169;16;2;20;9433;5341;324;140;631
FR;6;2022-04-30;133;125;7;1;24;9566;5466;331;141;655
FR;6;2022-05-01;7;6;0;0;0;9573;5472;331;141;655
FR;6;2022-05-02;94;65;3;4;3;9667;5537;334;145;658
FR;6;2022-05-03;136;93;11;2;7;9803;5630;345;147;665
FR;6;2022-05-04;167;118;25;12;29;9970;5748;370;159;694
FR;6;2022-05-05;101;70;8;3;12;10071;5818;378;162;706
FR;6;2022-05-06;152;110;10;9;16;10223;5928;388;171;722
FR;6;2022-05-07;139;93;13;3;23;10362;6021;401;174;745
FR;6;2022-05-08;20;8;6;5;7;10382;6029;407;179;752
FR;6;2022-05-09;86;78;9;7;13;10468;6107;416;186;765
FR;6;2022-05-10;112;80;15;7;12;10580;6187;431;193;777
FR;6;2022-05-11;130;124;11;14;20;10710;6311;442;207;797
FR;6;2022-05-12;105;76;7;5;15;10815;6387;449;212;812
FR;6;2022-05-13;155;97;17;21;22;10970;6484;466;233;834
FR;6;2022-05-14;81;60;6;7;15;11051;6544;472;240;849
FR;6;2022-05-15;12;7;0;0;0;11063;6551;472;240;849
FR;6;2022-05-16;65;54;6;2;12;11128;6605;478;242;861
FR;6;2022-05-17;123;77;5;7;11;11251;6682;483;249;872
FR;6;2022-05-18;131;116;5;1;13;11382;6798;488;250;885
FR;6;2022-05-19;124;57;6;8;9;11506;6855;494;258;894
FR;6;2022-05-20;125;115;13;3;18;11631;6970;507;261;912
FR;6;2022-05-21;92;69;14;3;12;11723;7039;521;264;924
FR;6;2022-05-22;19;12;5;0;4;11742;7051;526;264;928
FR;6;2022-05-23;77;72;4;2;7;11819;7123;530;266;935
FR;6;2022-05-24;117;98;8;2;16;11936;7221;538;268;951
FR;6;2022-05-25;139;129;6;3;11;12075;7350;544;271;962
FR;6;2022-05-26;7;9;3;0;9;12082;7359;547;271;971
FR;6;2022-05-27;127;105;15;11;18;12209;7464;562;282;989
FR;6;2022-05-28;53;75;1;5;8;12262;7539;563;287;997
FR;6;2022-05-29;8;10;0;0;1;12270;7549;563;287;998
FR;6;2022-05-30;70;70;7;4;4;12340;7619;570;291;1002
FR;6;2022-05-31;87;102;10;2;14;12427;7721;580;293;1016
FR;6;2022-06-01;97;89;10;1;11;12524;7810;590;294;1027
FR;6;2022-06-02;91;60;6;3;9;12615;7870;596;297;1036
FR;6;2022-06-03;126;102;13;7;21;12741;7972;609;304;1057
FR;6;2022-06-04;63;51;10;0;12;12804;8023;619;304;1069
FR;6;2022-06-05;16;15;2;1;4;12820;8038;621;305;1073
FR;6;2022-06-06;9;6;0;0;0;12829;8044;621;305;1073
FR;6;2022-06-07;79;90;3;4;8;12908;8134;624;309;1081
FR;6;2022-06-08;92;110;13;5;20;13000;8244;637;314;1101
FR;6;2022-06-09;75;81;15;3;15;13075;8325;652;317;1116
FR;6;2022-06-10;116;93;26;10;22;13191;8418;678;327;1138
FR;6;2022-06-11;83;62;6;10;12;13274;8480;684;337;1150
FR;6;2022-06-12;6;14;1;0;2;13280;8494;685;337;1152
FR;6;2022-06-13;74;59;18;1;7;13354;8553;703;338;1159
FR;6;2022-06-14;98;100;8;5;16;13452;8653;711;343;1175
FR;6;2022-06-15;80;86;7;8;15;13532;8739;718;351;1190
FR;6;2022-06-16;53;40;11;7;14;13585;8779;729;358;1204
FR;6;2022-06-17;86;85;3;13;11;13671;8864;732;371;1215
FR;6;2022-06-18;71;61;13;0;21;13742;8925;745;371;1236
FR;6;2022-06-19;6;6;3;0;4;13748;8931;748;371;1240
FR;6;2022-06-20;42;41;4;1;6;13790;8972;752;372;1246
FR;6;2022-06-21;59;73;10;7;17;13849;9045;762;379;1263
FR;6;2022-06-22;86;85;8;2;17;13935;9130;770;381;1280
FR;6;2022-06-23;64;39;13;7;15;13999;9169;783;388;1295
FR;6;2022-06-24;77;85;7;14;20;14076;9254;790;402;1315
FR;6;2022-06-25;67;61;4;3;8;14143;9315;794;405;1323
FR;6;2022-06-26;6;7;1;0;1;14149;9322;795;405;1324
FR;6;2022-06-27;51;50;4;9;12;14200;9372;799;414;1336
FR;6;2022-06-28;68;47;6;3;15;14268;9419;805;417;1351
FR;6;2022-06-29;98;117;26;37;19;14366;9536;831;454;1370
FR;6;2022-06-30;84;60;33;10;12;14450;9596;864;464;1382
FR;6;2022-07-01;115;94;25;33;18;14565;9690;889;497;1400
FR;6;2022-07-02;58;67;26;2;37;14623;9757;915;499;1437
FR;6;2022-07-03;11;4;4;3;4;14634;9761;919;502;1441
FR;6;2022-07-04;61;43;3;23;13;14695;9804;922;525;1454
FR;6;2022-07-05;65;53;19;67;27;14760;9857;941;592;1481
FR;6;2022-07-06;94;64;7;11;12;14854;9921;948;603;1493
FR;6;2022-07-07;99;79;42;37;14;14953;10000;990;640;1507
FR;6;2022-07-08;139;87;42;27;10;15092;10087;1032;667;1517
FR;6;2022-07-09;53;51;16;29;27;15145;10138;1048;696;1544
FR;6;2022-07-10;3;7;8;0;9;15148;10145;1056;696;1553
FR;6;2022-07-11;54;44;5;4;12;15202;10189;1061;700;1565
FR;6;2022-07-12;70;72;12;23;12;15272;10261;1073;723;1577
FR;6;2022-07-13;84;65;14;21;25;15356;10326;1087;744;1602
FR;6;2022-07-14;4;3;1;0;1;15360;10329;1088;744;1603
FR;6;2022-07-15;74;59;9;57;16;15434;10388;1097;801;1619
FR;6;2022-07-16;27;31;17;0;17;15461;10419;1114;801;1636
FR;6;2022-07-17;3;7;0;0;0;15464;10426;1114;801;1636
FR;6;2022-07-18;37;62;11;14;15;15501;10488;1125;815;1651
FR;6;2022-07-19;54;48;4;19;6;15555;10536;1129;834;1657
FR;6;2022-07-20;53;70;7;22;11;15608;10606;1136;856;1668
FR;6;2022-07-21;51;60;4;7;11;15659;10666;1140;863;1679
FR;6;2022-07-22;55;74;7;26;8;15714;10740;1147;889;1687
FR;6;2022-07-23;38;40;6;10;6;15752;10780;1153;899;1693
FR;6;2022-07-24;11;14;1;3;3;15763;10794;1154;902;1696
FR;6;2022-07-25;60;44;8;12;9;15823;10838;1162;914;1705
FR;6;2022-07-26;47;64;14;6;10;15870;10902;1176;920;1715
FR;6;2022-07-27;54;78;15;11;17;15924;10980;1191;931;1732
FR;6;2022-07-28;30;48;4;6;8;15954;11028;1195;937;1740
FR;6;2022-07-29;43;71;10;38;24;15997;11099;1205;975;1764
FR;6;2022-07-30;26;48;4;15;7;16023;11147;1209;990;1771
FR;6;2022-07-31;0;1;1;0;0;16023;11148;1210;990;1771
FR;6;2022-08-01;39;36;14;8;10;16062;11184;1224;998;1781
FR;6;2022-08-02;37;46;10;14;6;16099;11230;1234;1012;1787
FR;6;2022-08-03;29;52;7;16;11;16128;11282;1241;1028;1798
FR;6;2022-08-04;25;21;4;9;6;16153;11303;1245;1037;1804
FR;6;2022-08-05;43;45;1;7;5;16196;11348;1246;1044;1809
FR;6;2022-08-06;17;27;1;3;2;16213;11375;1247;1047;1811
FR;6;2022-08-07;1;2;0;0;0;16214;11377;1247;1047;1811
FR;6;2022-08-08;24;33;1;0;1;16238;11410;1248;1047;1812
FR;6;2022-08-09;22;30;6;3;3;16260;11440;1254;1050;1815
FR;6;2022-08-10;32;36;5;9;5;16292;11476;1259;1059;1820
FR;6;2022-08-11;33;33;1;1;1;16325;11509;1260;1060;1821
FR;6;2022-08-12;50;44;6;2;15;16375;11553;1266;1062;1836
FR;6;2022-08-13;9;20;0;0;1;16384;11573;1266;1062;1837
FR;6;2022-08-14;3;1;0;0;0;16387;11574;1266;1062;1837
FR;6;2022-08-15;2;3;1;0;0;16389;11577;1267;1062;1837
FR;6;2022-08-16;35;66;21;7;7;16424;11643;1288;1069;1844
FR;6;2022-08-17;32;44;10;9;10;16456;11687;1298;1078;1854
FR;6;2022-08-18;29;55;14;4;4;16485;11742;1312;1082;1858
FR;6;2022-08-19;30;45;5;4;3;16515;11787;1317;1086;1861
FR;6;2022-08-20;26;29;3;0;8;16541;11816;1320;1086;1869
FR;6;2022-08-21;1;5;2;0;0;16542;11821;1322;1086;1869
FR;6;2022-08-22;20;42;15;1;0;16562;11863;1337;1087;1869
FR;6;2022-08-23;34;45;6;7;6;16596;11908;1343;1094;1875
FR;6;2022-08-24;34;30;6;3;6;16630;11938;1349;1097;1881
FR;6;2022-08-25;25;27;1;1;5;16655;11965;1350;1098;1886
FR;6;2022-08-26;38;44;4;4;7;16693;12009;1354;1102;1893
FR;6;2022-08-27;19;21;7;3;8;16712;12030;1361;1105;1901
FR;6;2022-08-28;6;3;0;6;1;16718;12033;1361;1111;1902
FR;6;2022-08-29;26;22;2;6;3;16744;12055;1363;1117;1905
FR;6;2022-08-30;28;35;4;12;8;16772;12090;1367;1129;1913
FR;6;2022-08-31;35;38;2;11;3;16807;12128;1369;1140;1916
FR;6;2022-09-01;16;11;5;1;4;16823;12139;1374;1141;1920
FR;6;2022-09-02;19;14;2;1;3;16842;12153;1376;1142;1923
FR;6;2022-09-03;10;3;1;5;2;16852;12156;1377;1147;1925
FR;6;2022-09-04;4;1;0;0;0;16856;12157;1377;1147;1925
FR;6;2022-09-05;8;7;0;0;0;16864;12164;1377;1147;1925
FR;6;2022-09-06;7;9;7;12;6;16871;12173;1384;1159;1931
FR;6;2022-09-07;3;8;1;0;1;16874;12181;1385;1159;1932
FR;6;2022-09-08;6;4;0;2;1;16880;12185;1385;1161;1933
FR;6;2022-09-09;7;9;2;7;3;16887;12194;1387;1168;1936
FR;6;2022-09-10;3;4;1;0;1;16890;12198;1388;1168;1937
FR;6;2022-09-11;1;3;0;0;0;16891;12201;1388;1168;1937
FR;6;2022-09-12;10;4;1;0;3;16901;12205;1389;1168;1940
FR;6;2022-09-13;7;2;3;0;2;16908;12207;1392;1168;1942
FR;6;2022-09-14;9;8;2;0;4;16917;12215;1394;1168;1946
FR;6;2022-09-15;8;13;5;5;9;16925;12228;1399;1173;1955
FR;6;2022-09-16;25;38;1;1;3;16950;12266;1400;1174;1958
FR;6;2022-09-17;24;22;0;6;5;16974;12288;1400;1180;1963
FR;6;2022-09-18;5;4;0;0;1;16979;12292;1400;1180;1964
FR;6;2022-09-19;30;30;2;1;5;17009;12322;1402;1181;1969
FR;6;2022-09-20;34;25;1;4;6;17043;12347;1403;1185;1975
FR;6;2022-09-21;21;9;3;3;7;17064;12356;1406;1188;1982
FR;6;2022-09-22;19;28;1;22;3;17083;12384;1407;1210;1985
FR;6;2022-09-23;28;41;5;9;9;17111;12425;1412;1219;1994
FR;6;2022-09-24;16;16;4;2;6;17127;12441;1416;1221;2000
FR;6;2022-09-25;3;14;0;0;1;17130;12455;1416;1221;2001
FR;6;2022-09-26;16;13;0;18;5;17146;12468;1416;1239;2006
FR;6;2022-09-27;32;19;2;3;4;17178;12487;1418;1242;2010
FR;6;2022-09-28;27;10;9;11;5;17205;12497;1427;1253;2015
FR;6;2022-09-29;13;13;10;34;6;17218;12510;1437;1287;2021
FR;6;2022-09-30;34;24;5;6;5;17252;12534;1442;1293;2026
FR;6;2022-10-01;15;12;5;8;8;17267;12546;1447;1301;2034
FR;6;2022-10-02;3;0;0;0;0;17270;12546;1447;1301;2034
FR;6;2022-10-03;11;10;3;5;4;17281;12556;1450;1306;2038
FR;6;2022-10-04;19;17;4;28;3;17300;12573;1454;1334;2041
FR;6;2022-10-05;11;12;3;2;7;17311;12585;1457;1336;2048
FR;6;2022-10-06;19;13;4;6;2;17330;12598;1461;1342;2050
FR;6;2022-10-07;27;26;5;24;10;17357;12624;1466;1366;2060
FR;6;2022-10-08;18;13;0;0;0;17375;12637;1466;1366;2060
FR;6;2022-10-09;7;3;4;27;4;17382;12640;1470;1393;2064
FR;6;2022-10-10;15;14;1;16;6;17397;12654;1471;1409;2070
FR;6;2022-10-11;21;23;3;11;8;17418;12677;1474;1420;2078
FR;6;2022-10-12;20;16;7;19;3;17438;12693;1481;1439;2081
FR;6;2022-10-13;28;14;2;36;0;17466;12707;1483;1475;2081
FR;6;2022-10-14;29;23;5;49;11;17495;12730;1488;1524;2092
FR;6;2022-10-15;13;9;0;22;4;17508;12739;1488;1546;2096
FR;6;2022-10-16;4;4;0;6;2;17512;12743;1488;1552;2098
FR;6;2022-10-17;14;14;2;10;1;17526;12757;1490;1562;2099
FR;6;2022-10-18;12;19;9;26;4;17538;12776;1499;1588;2103
FR;6;2022-10-19;10;20;6;16;5;17548;12796;1505;1604;2108
FR;6;2022-10-20;16;15;12;57;5;17564;12811;1517;1661;2113
FR;6;2022-10-21;16;21;9;34;11;17580;12832;1526;1695;2124
FR;6;2022-10-22;19;14;1;4;3;17599;12846;1527;1699;2127
FR;6;2022-10-23;3;2;1;0;0;17602;12848;1528;1699;2127
FR;6;2022-10-24;12;14;2;7;6;17614;12862;1530;1706;2133
FR;6;2022-10-25;20;13;6;17;7;17634;12875;1536;1723;2140
FR;6;2022-10-26;17;9;4;13;4;17651;12884;1540;1736;2144
FR;6;2022-10-27;20;7;8;37;6;17671;12891;1548;1773;2150
FR;6;2022-10-28;21;27;3;4;6;17692;12918;1551;1777;2156
FR;6;2022-10-29;7;11;5;11;6;17699;12929;1556;1788;2162
FR;6;2022-10-30;2;5;0;0;0;17701;12934;1556;1788;2162
FR;6;2022-10-31;18;14;2;13;4;17719;12948;1558;1801;2166
FR;6;2022-11-01;2;1;1;0;1;17721;12949;1559;1801;2167
FR;6;2022-11-02;15;25;8;21;10;17736;12974;1567;1822;2177
FR;6;2022-11-03;17;17;10;39;7;17753;12991;1577;1861;2184
FR;6;2022-11-04;19;22;9;16;5;17772;13013;1586;1877;2189
FR;6;2022-11-05;9;14;2;3;4;17781;13027;1588;1880;2193
FR;6;2022-11-06;5;1;0;0;0;17786;13028;1588;1880;2193
FR;6;2022-11-07;18;10;6;17;4;17804;13038;1594;1897;2197
FR;6;2022-11-08;18;10;2;3;5;17822;13048;1596;1900;2202
FR;6;2022-11-09;16;22;1;6;4;17838;13070;1597;1906;2206
FR;6;2022-11-10;10;10;4;12;5;17848;13080;1601;1918;2211
FR;6;2022-11-11;3;1;0;0;1;17851;13081;1601;1918;2212
FR;6;2022-11-12;4;10;1;7;1;17855;13091;1602;1925;2213
FR;6;2022-11-13;1;1;0;1;0;17856;13092;1602;1926;2213
FR;6;2022-11-14;13;10;7;32;8;17869;13102;1609;1958;2221
FR;6;2022-11-15;7;18;1;11;4;17876;13120;1610;1969;2225
FR;6;2022-11-16;16;15;9;32;3;17892;13135;1619;2001;2228
FR;6;2022-11-17;10;8;1;29;2;17902;13143;1620;2030;2230
FR;6;2022-11-18;18;12;5;22;4;17920;13155;1625;2052;2234
FR;6;2022-11-19;5;12;0;2;3;17925;13167;1625;2054;2237
FR;6;2022-11-20;2;1;2;0;2;17927;13168;1627;2054;2239
FR;8;2020-12-27;0;0;0;0;0;0;0;0;0;0
FR;8;2020-12-28;0;0;0;0;0;0;0;0;0;0
FR;8;2020-12-29;0;0;0;0;0;0;0;0;0;0
FR;8;2020-12-30;0;0;0;0;0;0;0;0;0;0
FR;8;2020-12-31;0;0;0;0;0;0;0;0;0;0
FR;8;2021-01-01;0;0;0;0;0;0;0;0;0;0
FR;8;2021-01-02;0;0;0;0;0;0;0;0;0;0
FR;8;2021-01-03;0;0;0;0;0;0;0;0;0;0
FR;8;2021-01-04;0;0;0;0;0;0;0;0;0;0
FR;8;2021-01-05;0;0;0;0;0;0;0;0;0;0
FR;8;2021-01-06;0;0;0;0;0;0;0;0;0;0
FR;8;2021-01-07;0;0;0;0;0;0;0;0;0;0
FR;8;2021-01-08;0;0;0;0;0;0;0;0;0;0
FR;8;2021-01-09;0;0;0;0;0;0;0;0;0;0
FR;8;2021-01-10;0;0;0;0;0;0;0;0;0;0
FR;8;2021-01-11;0;0;0;0;0;0;0;0;0;0
FR;8;2021-01-12;0;0;0;0;0;0;0;0;0;0
FR;8;2021-01-13;0;0;0;0;0;0;0;0;0;0
FR;8;2021-01-14;0;0;0;0;0;0;0;0;0;0
FR;8;2021-01-15;0;0;0;0;0;0;0;0;0;0
FR;8;2021-01-16;0;0;0;0;0;0;0;0;0;0
FR;8;2021-01-17;0;0;0;0;0;0;0;0;0;0
FR;8;2021-01-18;0;0;0;0;0;0;0;0;0;0
FR;8;2021-01-19;0;0;0;0;0;0;0;0;0;0
FR;8;2021-01-20;0;0;0;0;0;0;0;0;0;0
FR;8;2021-01-21;0;0;0;0;0;0;0;0;0;0
FR;8;2021-01-22;0;0;0;0;0;0;0;0;0;0
FR;8;2021-01-23;0;0;0;0;0;0;0;0;0;0
FR;8;2021-01-24;0;0;0;0;0;0;0;0;0;0
FR;8;2021-01-25;0;0;0;0;0;0;0;0;0;0
FR;8;2021-01-26;0;0;0;0;0;0;0;0;0;0
FR;8;2021-01-27;0;0;0;0;0;0;0;0;0;0
FR;8;2021-01-28;0;0;0;0;0;0;0;0;0;0
FR;8;2021-01-29;0;0;0;0;0;0;0;0;0;0
FR;8;2021-01-30;0;0;0;0;0;0;0;0;0;0
FR;8;2021-01-31;0;0;0;0;0;0;0;0;0;0
FR;8;2021-02-01;0;0;0;0;0;0;0;0;0;0
FR;8;2021-02-02;0;0;0;0;0;0;0;0;0;0
FR;8;2021-02-03;0;0;0;0;0;0;0;0;0;0
FR;8;2021-02-04;0;0;0;0;0;0;0;0;0;0
FR;8;2021-02-05;0;0;0;0;0;0;0;0;0;0
FR;8;2021-02-06;0;0;0;0;0;0;0;0;0;0
FR;8;2021-02-07;0;0;0;0;0;0;0;0;0;0
FR;8;2021-02-08;0;0;0;0;0;0;0;0;0;0
FR;8;2021-02-09;0;0;0;0;0;0;0;0;0;0
FR;8;2021-02-10;0;0;0;0;0;0;0;0;0;0
FR;8;2021-02-11;0;0;0;0;0;0;0;0;0;0
FR;8;2021-02-12;0;0;0;0;0;0;0;0;0;0
FR;8;2021-02-13;0;0;0;0;0;0;0;0;0;0
FR;8;2021-02-14;0;0;0;0;0;0;0;0;0;0
FR;8;2021-02-15;0;0;0;0;0;0;0;0;0;0
FR;8;2021-02-16;0;0;0;0;0;0;0;0;0;0
FR;8;2021-02-17;0;0;0;0;0;0;0;0;0;0
FR;8;2021-02-18;0;0;0;0;0;0;0;0;0;0
FR;8;2021-02-19;0;0;0;0;0;0;0;0;0;0
FR;8;2021-02-20;0;0;0;0;0;0;0;0;0;0
FR;8;2021-02-21;0;0;0;0;0;0;0;0;0;0
FR;8;2021-02-22;0;0;0;0;0;0;0;0;0;0
FR;8;2021-02-23;0;0;0;0;0;0;0;0;0;0
FR;8;2021-02-24;0;0;0;0;0;0;0;0;0;0
FR;8;2021-02-25;0;0;0;0;0;0;0;0;0;0
FR;8;2021-02-26;0;0;0;0;0;0;0;0;0;0
FR;8;2021-02-27;0;0;0;0;0;0;0;0;0;0
FR;8;2021-02-28;0;0;0;0;0;0;0;0;0;0
FR;8;2021-03-01;0;0;0;0;0;0;0;0;0;0
FR;8;2021-03-02;0;0;0;0;0;0;0;0;0;0
FR;8;2021-03-03;0;0;0;0;0;0;0;0;0;0
FR;8;2021-03-04;0;0;0;0;0;0;0;0;0;0
FR;8;2021-03-05;0;0;0;0;0;0;0;0;0;0
FR;8;2021-03-06;0;0;0;0;0;0;0;0;0;0
FR;8;2021-03-07;0;0;0;0;0;0;0;0;0;0
FR;8;2021-03-08;0;0;0;0;0;0;0;0;0;0
FR;8;2021-03-09;0;0;0;0;0;0;0;0;0;0
FR;8;2021-03-10;0;0;0;0;0;0;0;0;0;0
FR;8;2021-03-11;0;0;0;0;0;0;0;0;0;0
FR;8;2021-03-12;0;0;0;0;0;0;0;0;0;0
FR;8;2021-03-13;0;0;0;0;0;0;0;0;0;0
FR;8;2021-03-14;0;0;0;0;0;0;0;0;0;0
FR;8;2021-03-15;0;0;0;0;0;0;0;0;0;0
FR;8;2021-03-16;0;0;0;0;0;0;0;0;0;0
FR;8;2021-03-17;0;0;0;0;0;0;0;0;0;0
FR;8;2021-03-18;0;0;0;0;0;0;0;0;0;0
FR;8;2021-03-19;0;0;0;0;0;0;0;0;0;0
FR;8;2021-03-20;0;0;0;0;0;0;0;0;0;0
FR;8;2021-03-21;0;0;0;0;0;0;0;0;0;0
FR;8;2021-03-22;0;0;0;0;0;0;0;0;0;0
FR;8;2021-03-23;0;0;0;0;0;0;0;0;0;0
FR;8;2021-03-24;0;0;0;0;0;0;0;0;0;0
FR;8;2021-03-25;0;0;0;0;0;0;0;0;0;0
FR;8;2021-03-26;0;0;0;0;0;0;0;0;0;0
FR;8;2021-03-27;0;0;0;0;0;0;0;0;0;0
FR;8;2021-03-28;0;0;0;0;0;0;0;0;0;0
FR;8;2021-03-29;0;0;0;0;0;0;0;0;0;0
FR;8;2021-03-30;0;0;0;0;0;0;0;0;0;0
FR;8;2021-03-31;0;0;0;0;0;0;0;0;0;0
FR;8;2021-04-01;0;0;0;0;0;0;0;0;0;0
FR;8;2021-04-02;0;0;0;0;0;0;0;0;0;0
FR;8;2021-04-03;0;0;0;0;0;0;0;0;0;0
FR;8;2021-04-04;0;0;0;0;0;0;0;0;0;0
FR;8;2021-04-05;0;0;0;0;0;0;0;0;0;0
FR;8;2021-04-06;0;0;0;0;0;0;0;0;0;0
FR;8;2021-04-07;0;0;0;0;0;0;0;0;0;0
FR;8;2021-04-08;0;0;0;0;0;0;0;0;0;0
FR;8;2021-04-09;0;0;0;0;0;0;0;0;0;0
FR;8;2021-04-10;0;0;0;0;0;0;0;0;0;0
FR;8;2021-04-11;0;0;0;0;0;0;0;0;0;0
FR;8;2021-04-12;0;0;0;0;0;0;0;0;0;0
FR;8;2021-04-13;0;0;0;0;0;0;0;0;0;0
FR;8;2021-04-14;0;0;0;0;0;0;0;0;0;0
FR;8;2021-04-15;0;0;0;0;0;0;0;0;0;0
FR;8;2021-04-16;0;0;0;0;0;0;0;0;0;0
FR;8;2021-04-17;0;0;0;0;0;0;0;0;0;0
FR;8;2021-04-18;0;0;0;0;0;0;0;0;0;0
FR;8;2021-04-19;0;0;0;0;0;0;0;0;0;0
FR;8;2021-04-20;0;0;0;0;0;0;0;0;0;0
FR;8;2021-04-21;0;0;0;0;0;0;0;0;0;0
FR;8;2021-04-22;0;0;0;0;0;0;0;0;0;0
FR;8;2021-04-23;0;0;0;0;0;0;0;0;0;0
FR;8;2021-04-24;0;0;0;0;0;0;0;0;0;0
FR;8;2021-04-25;0;0;0;0;0;0;0;0;0;0
FR;8;2021-04-26;0;0;0;0;0;0;0;0;0;0
FR;8;2021-04-27;0;0;0;0;0;0;0;0;0;0
FR;8;2021-04-28;0;0;0;0;0;0;0;0;0;0
FR;8;2021-04-29;0;0;0;0;0;0;0;0;0;0
FR;8;2021-04-30;0;0;0;0;0;0;0;0;0;0
FR;8;2021-05-01;0;0;0;0;0;0;0;0;0;0
FR;8;2021-05-02;0;0;0;0;0;0;0;0;0;0
FR;8;2021-05-03;0;0;0;0;0;0;0;0;0;0
FR;8;2021-05-04;0;0;0;0;0;0;0;0;0;0
FR;8;2021-05-05;0;0;0;0;0;0;0;0;0;0
FR;8;2021-05-06;0;0;0;0;0;0;0;0;0;0
FR;8;2021-05-07;0;0;0;0;0;0;0;0;0;0
FR;8;2021-05-08;0;0;0;0;0;0;0;0;0;0
FR;8;2021-05-09;0;0;0;0;0;0;0;0;0;0
FR;8;2021-05-10;0;0;0;0;0;0;0;0;0;0
FR;8;2021-05-11;0;0;0;0;0;0;0;0;0;0
FR;8;2021-05-12;0;0;0;0;0;0;0;0;0;0
FR;8;2021-05-13;0;0;0;0;0;0;0;0;0;0
FR;8;2021-05-14;0;0;0;0;0;0;0;0;0;0
FR;8;2021-05-15;0;0;0;0;0;0;0;0;0;0
FR;8;2021-05-16;0;0;0;0;0;0;0;0;0;0
FR;8;2021-05-17;0;0;0;0;0;0;0;0;0;0
FR;8;2021-05-18;0;0;0;0;0;0;0;0;0;0
FR;8;2021-05-19;0;0;0;0;0;0;0;0;0;0
FR;8;2021-05-20;0;0;0;0;0;0;0;0;0;0
FR;8;2021-05-21;0;0;0;0;0;0;0;0;0;0
FR;8;2021-05-22;0;0;0;0;0;0;0;0;0;0
FR;8;2021-05-23;0;0;0;0;0;0;0;0;0;0
FR;8;2021-05-24;0;0;0;0;0;0;0;0;0;0
FR;8;2021-05-25;0;0;0;0;0;0;0;0;0;0
FR;8;2021-05-26;0;0;0;0;0;0;0;0;0;0
FR;8;2021-05-27;0;0;0;0;0;0;0;0;0;0
FR;8;2021-05-28;0;0;0;0;0;0;0;0;0;0
FR;8;2021-05-29;0;0;0;0;0;0;0;0;0;0
FR;8;2021-05-30;0;0;0;0;0;0;0;0;0;0
FR;8;2021-05-31;0;0;0;0;0;0;0;0;0;0
FR;8;2021-06-01;0;0;0;0;0;0;0;0;0;0
FR;8;2021-06-02;0;0;0;0;0;0;0;0;0;0
FR;8;2021-06-03;0;0;0;0;0;0;0;0;0;0
FR;8;2021-06-04;0;0;0;0;0;0;0;0;0;0
FR;8;2021-06-05;0;0;0;0;0;0;0;0;0;0
FR;8;2021-06-06;0;0;0;0;0;0;0;0;0;0
FR;8;2021-06-07;0;0;0;0;0;0;0;0;0;0
FR;8;2021-06-08;0;0;0;0;0;0;0;0;0;0
FR;8;2021-06-09;0;0;0;0;0;0;0;0;0;0
FR;8;2021-06-10;0;0;0;0;0;0;0;0;0;0
FR;8;2021-06-11;0;0;0;0;0;0;0;0;0;0
FR;8;2021-06-12;0;0;0;0;0;0;0;0;0;0
FR;8;2021-06-13;0;0;0;0;0;0;0;0;0;0
FR;8;2021-06-14;0;0;0;0;0;0;0;0;0;0
FR;8;2021-06-15;0;0;0;0;0;0;0;0;0;0
FR;8;2021-06-16;0;0;0;0;0;0;0;0;0;0
FR;8;2021-06-17;0;0;0;0;0;0;0;0;0;0
FR;8;2021-06-18;0;0;0;0;0;0;0;0;0;0
FR;8;2021-06-19;0;0;0;0;0;0;0;0;0;0
FR;8;2021-06-20;0;0;0;0;0;0;0;0;0;0
FR;8;2021-06-21;0;0;0;0;0;0;0;0;0;0
FR;8;2021-06-22;0;0;0;0;0;0;0;0;0;0
FR;8;2021-06-23;0;0;0;0;0;0;0;0;0;0
FR;8;2021-06-24;0;0;0;0;0;0;0;0;0;0
FR;8;2021-06-25;0;0;0;0;0;0;0;0;0;0
FR;8;2021-06-26;0;0;0;0;0;0;0;0;0;0
FR;8;2021-06-27;0;0;0;0;0;0;0;0;0;0
FR;8;2021-06-28;0;0;0;0;0;0;0;0;0;0
FR;8;2021-06-29;0;0;0;0;0;0;0;0;0;0
FR;8;2021-06-30;0;0;0;0;0;0;0;0;0;0
FR;8;2021-07-01;0;0;0;0;0;0;0;0;0;0
FR;8;2021-07-02;0;0;0;0;0;0;0;0;0;0
FR;8;2021-07-03;0;0;0;0;0;0;0;0;0;0
FR;8;2021-07-04;0;0;0;0;0;0;0;0;0;0
FR;8;2021-07-05;0;0;0;0;0;0;0;0;0;0
FR;8;2021-07-06;0;0;0;0;0;0;0;0;0;0
FR;8;2021-07-07;0;0;0;0;0;0;0;0;0;0
FR;8;2021-07-08;0;0;0;0;0;0;0;0;0;0
FR;8;2021-07-09;0;0;0;0;0;0;0;0;0;0
FR;8;2021-07-10;0;0;0;0;0;0;0;0;0;0
FR;8;2021-07-11;0;0;0;0;0;0;0;0;0;0
FR;8;2021-07-12;0;0;0;0;0;0;0;0;0;0
FR;8;2021-07-13;0;0;0;0;0;0;0;0;0;0
FR;8;2021-07-14;0;0;0;0;0;0;0;0;0;0
FR;8;2021-07-15;0;0;0;0;0;0;0;0;0;0
FR;8;2021-07-16;0;0;0;0;0;0;0;0;0;0
FR;8;2021-07-17;0;0;0;0;0;0;0;0;0;0
FR;8;2021-07-18;0;0;0;0;0;0;0;0;0;0
FR;8;2021-07-19;0;0;0;0;0;0;0;0;0;0
FR;8;2021-07-20;0;0;0;0;0;0;0;0;0;0
FR;8;2021-07-21;0;0;0;0;0;0;0;0;0;0
FR;8;2021-07-22;0;0;0;0;0;0;0;0;0;0
FR;8;2021-07-23;0;0;0;0;0;0;0;0;0;0
FR;8;2021-07-24;0;0;0;0;0;0;0;0;0;0
FR;8;2021-07-25;0;0;0;0;0;0;0;0;0;0
FR;8;2021-07-26;0;0;0;0;0;0;0;0;0;0
FR;8;2021-07-27;0;0;0;0;0;0;0;0;0;0
FR;8;2021-07-28;0;0;0;0;0;0;0;0;0;0
FR;8;2021-07-29;0;0;0;0;0;0;0;0;0;0
FR;8;2021-07-30;0;0;0;0;0;0;0;0;0;0
FR;8;2021-07-31;0;0;0;0;0;0;0;0;0;0
FR;8;2021-08-01;0;0;0;0;0;0;0;0;0;0
FR;8;2021-08-02;0;0;0;0;0;0;0;0;0;0
FR;8;2021-08-03;0;0;0;0;0;0;0;0;0;0
FR;8;2021-08-04;0;0;0;0;0;0;0;0;0;0
FR;8;2021-08-05;0;0;0;0;0;0;0;0;0;0
FR;8;2021-08-06;0;0;0;0;0;0;0;0;0;0
FR;8;2021-08-07;0;0;0;0;0;0;0;0;0;0
FR;8;2021-08-08;0;0;0;0;0;0;0;0;0;0
FR;8;2021-08-09;0;0;0;0;0;0;0;0;0;0
FR;8;2021-08-10;0;0;0;0;0;0;0;0;0;0
FR;8;2021-08-11;0;0;0;0;0;0;0;0;0;0
FR;8;2021-08-12;0;0;0;0;0;0;0;0;0;0
FR;8;2021-08-13;0;0;0;0;0;0;0;0;0;0
FR;8;2021-08-14;0;0;0;0;0;0;0;0;0;0
FR;8;2021-08-15;0;0;0;0;0;0;0;0;0;0
FR;8;2021-08-16;0;0;0;0;0;0;0;0;0;0
FR;8;2021-08-17;0;0;0;0;0;0;0;0;0;0
FR;8;2021-08-18;0;0;0;0;0;0;0;0;0;0
FR;8;2021-08-19;0;0;0;0;0;0;0;0;0;0
FR;8;2021-08-20;0;0;0;0;0;0;0;0;0;0
FR;8;2021-08-21;0;0;0;0;0;0;0;0;0;0
FR;8;2021-08-22;0;0;0;0;0;0;0;0;0;0
FR;8;2021-08-23;0;0;0;0;0;0;0;0;0;0
FR;8;2021-08-24;0;0;0;0;0;0;0;0;0;0
FR;8;2021-08-25;0;0;0;0;0;0;0;0;0;0
FR;8;2021-08-26;0;0;0;0;0;0;0;0;0;0
FR;8;2021-08-27;0;0;0;0;0;0;0;0;0;0
FR;8;2021-08-28;0;0;0;0;0;0;0;0;0;0
FR;8;2021-08-29;0;0;0;0;0;0;0;0;0;0
FR;8;2021-08-30;0;0;0;0;0;0;0;0;0;0
FR;8;2021-08-31;0;0;0;0;0;0;0;0;0;0
FR;8;2021-09-01;0;0;0;0;0;0;0;0;0;0
FR;8;2021-09-02;0;0;0;0;0;0;0;0;0;0
FR;8;2021-09-03;0;0;0;0;0;0;0;0;0;0
FR;8;2021-09-04;0;0;0;0;0;0;0;0;0;0
FR;8;2021-09-05;0;0;0;0;0;0;0;0;0;0
FR;8;2021-09-06;0;0;0;0;0;0;0;0;0;0
FR;8;2021-09-07;0;0;0;0;0;0;0;0;0;0
FR;8;2021-09-08;0;0;0;0;0;0;0;0;0;0
FR;8;2021-09-09;0;0;0;0;0;0;0;0;0;0
FR;8;2021-09-10;0;0;0;0;0;0;0;0;0;0
FR;8;2021-09-11;0;0;0;0;0;0;0;0;0;0
FR;8;2021-09-12;0;0;0;0;0;0;0;0;0;0
FR;8;2021-09-13;0;0;0;0;0;0;0;0;0;0
FR;8;2021-09-14;0;0;0;0;0;0;0;0;0;0
FR;8;2021-09-15;0;0;0;0;0;0;0;0;0;0
FR;8;2021-09-16;0;0;0;0;0;0;0;0;0;0
FR;8;2021-09-17;0;0;0;0;0;0;0;0;0;0
FR;8;2021-09-18;0;0;0;0;0;0;0;0;0;0
FR;8;2021-09-19;0;0;0;0;0;0;0;0;0;0
FR;8;2021-09-20;0;0;0;0;0;0;0;0;0;0
FR;8;2021-09-21;0;0;0;0;0;0;0;0;0;0
FR;8;2021-09-22;0;0;0;0;0;0;0;0;0;0
FR;8;2021-09-23;0;0;0;0;0;0;0;0;0;0
FR;8;2021-09-24;0;0;0;0;0;0;0;0;0;0
FR;8;2021-09-25;0;0;0;0;0;0;0;0;0;0
FR;8;2021-09-26;0;0;0;0;0;0;0;0;0;0
FR;8;2021-09-27;0;0;0;0;0;0;0;0;0;0
FR;8;2021-09-28;0;0;0;0;0;0;0;0;0;0
FR;8;2021-09-29;0;0;0;0;0;0;0;0;0;0
FR;8;2021-09-30;0;0;0;0;0;0;0;0;0;0
FR;8;2021-10-01;0;0;0;0;0;0;0;0;0;0
FR;8;2021-10-02;0;0;0;0;0;0;0;0;0;0
FR;8;2021-10-03;0;0;0;0;0;0;0;0;0;0
FR;8;2021-10-04;0;0;0;0;0;0;0;0;0;0
FR;8;2021-10-05;0;0;0;0;0;0;0;0;0;0
FR;8;2021-10-06;0;0;0;0;0;0;0;0;0;0
FR;8;2021-10-07;0;0;0;0;0;0;0;0;0;0
FR;8;2021-10-08;0;0;0;0;0;0;0;0;0;0
FR;8;2021-10-09;0;0;0;0;0;0;0;0;0;0
FR;8;2021-10-10;0;0;0;0;0;0;0;0;0;0
FR;8;2021-10-11;0;0;0;0;0;0;0;0;0;0
FR;8;2021-10-12;0;0;0;0;0;0;0;0;0;0
FR;8;2021-10-13;0;0;0;0;0;0;0;0;0;0
FR;8;2021-10-14;0;0;0;0;0;0;0;0;0;0
FR;8;2021-10-15;0;0;0;0;0;0;0;0;0;0
FR;8;2021-10-16;0;0;0;0;0;0;0;0;0;0
FR;8;2021-10-17;0;0;0;0;0;0;0;0;0;0
FR;8;2021-10-18;0;0;0;0;0;0;0;0;0;0
FR;8;2021-10-19;0;0;0;0;0;0;0;0;0;0
FR;8;2021-10-20;0;0;0;0;0;0;0;0;0;0
FR;8;2021-10-21;0;0;0;0;0;0;0;0;0;0
FR;8;2021-10-22;0;0;0;0;0;0;0;0;0;0
FR;8;2021-10-23;0;0;0;0;0;0;0;0;0;0
FR;8;2021-10-24;0;0;0;0;0;0;0;0;0;0
FR;8;2021-10-25;0;0;0;0;0;0;0;0;0;0
FR;8;2021-10-26;0;0;0;0;0;0;0;0;0;0
FR;8;2021-10-27;0;0;0;0;0;0;0;0;0;0
FR;8;2021-10-28;0;0;0;0;0;0;0;0;0;0
FR;8;2021-10-29;0;0;0;0;0;0;0;0;0;0
FR;8;2021-10-30;0;0;0;0;0;0;0;0;0;0
FR;8;2021-10-31;0;0;0;0;0;0;0;0;0;0
FR;8;2021-11-01;0;0;0;0;0;0;0;0;0;0
FR;8;2021-11-02;0;0;0;0;0;0;0;0;0;0
FR;8;2021-11-03;0;0;0;0;0;0;0;0;0;0
FR;8;2021-11-04;0;0;0;0;0;0;0;0;0;0
FR;8;2021-11-05;0;0;0;0;0;0;0;0;0;0
FR;8;2021-11-06;0;0;0;0;0;0;0;0;0;0
FR;8;2021-11-07;0;0;0;0;0;0;0;0;0;0
FR;8;2021-11-08;0;0;0;0;0;0;0;0;0;0
FR;8;2021-11-09;0;0;0;0;0;0;0;0;0;0
FR;8;2021-11-10;0;0;0;0;0;0;0;0;0;0
FR;8;2021-11-11;0;0;0;0;0;0;0;0;0;0
FR;8;2021-11-12;0;0;0;0;0;0;0;0;0;0
FR;8;2021-11-13;0;0;0;0;0;0;0;0;0;0
FR;8;2021-11-14;0;0;0;0;0;0;0;0;0;0
FR;8;2021-11-15;0;0;0;0;0;0;0;0;0;0
FR;8;2021-11-16;0;0;0;0;0;0;0;0;0;0
FR;8;2021-11-17;0;0;0;0;0;0;0;0;0;0
FR;8;2021-11-18;0;0;0;0;0;0;0;0;0;0
FR;8;2021-11-19;0;0;0;0;0;0;0;0;0;0
FR;8;2021-11-20;0;0;0;0;0;0;0;0;0;0
FR;8;2021-11-21;0;0;0;0;0;0;0;0;0;0
FR;8;2021-11-22;0;0;0;0;0;0;0;0;0;0
FR;8;2021-11-23;0;0;0;0;0;0;0;0;0;0
FR;8;2021-11-24;0;0;0;0;0;0;0;0;0;0
FR;8;2021-11-25;0;0;0;0;0;0;0;0;0;0
FR;8;2021-11-26;0;0;0;0;0;0;0;0;0;0
FR;8;2021-11-27;0;0;0;0;0;0;0;0;0;0
FR;8;2021-11-28;0;0;0;0;0;0;0;0;0;0
FR;8;2021-11-29;0;0;0;0;0;0;0;0;0;0
FR;8;2021-11-30;0;0;0;0;0;0;0;0;0;0
FR;8;2021-12-01;0;0;0;0;0;0;0;0;0;0
FR;8;2021-12-02;0;0;0;0;0;0;0;0;0;0
FR;8;2021-12-03;0;0;0;0;0;0;0;0;0;0
FR;8;2021-12-04;0;0;0;0;0;0;0;0;0;0
FR;8;2021-12-05;0;0;0;0;0;0;0;0;0;0
FR;8;2021-12-06;0;0;0;0;0;0;0;0;0;0
FR;8;2021-12-07;0;0;0;0;0;0;0;0;0;0
FR;8;2021-12-08;0;0;0;0;0;0;0;0;0;0
FR;8;2021-12-09;0;0;0;0;0;0;0;0;0;0
FR;8;2021-12-10;0;0;0;0;0;0;0;0;0;0
FR;8;2021-12-11;0;0;0;0;0;0;0;0;0;0
FR;8;2021-12-12;0;0;0;0;0;0;0;0;0;0
FR;8;2021-12-13;0;0;0;0;0;0;0;0;0;0
FR;8;2021-12-14;0;0;0;0;0;0;0;0;0;0
FR;8;2021-12-15;0;0;0;0;0;0;0;0;0;0
FR;8;2021-12-16;0;0;0;0;0;0;0;0;0;0
FR;8;2021-12-17;0;0;0;0;0;0;0;0;0;0
FR;8;2021-12-18;0;0;0;0;0;0;0;0;0;0
FR;8;2021-12-19;0;0;0;0;0;0;0;0;0;0
FR;8;2021-12-20;0;0;0;0;0;0;0;0;0;0
FR;8;2021-12-21;0;0;0;0;0;0;0;0;0;0
FR;8;2021-12-22;0;0;0;0;0;0;0;0;0;0
FR;8;2021-12-23;0;0;0;0;0;0;0;0;0;0
FR;8;2021-12-24;0;0;0;0;0;0;0;0;0;0
FR;8;2021-12-25;0;0;0;0;0;0;0;0;0;0
FR;8;2021-12-26;0;0;0;0;0;0;0;0;0;0
FR;8;2021-12-27;0;0;0;0;0;0;0;0;0;0
FR;8;2021-12-28;0;0;0;0;0;0;0;0;0;0
FR;8;2021-12-29;0;0;0;0;0;0;0;0;0;0
FR;8;2021-12-30;0;0;0;0;0;0;0;0;0;0
FR;8;2021-12-31;0;0;0;0;0;0;0;0;0;0
FR;8;2022-01-01;0;0;0;0;0;0;0;0;0;0
FR;8;2022-01-02;0;0;0;0;0;0;0;0;0;0
FR;8;2022-01-03;0;0;0;0;0;0;0;0;0;0
FR;8;2022-01-04;0;0;0;0;0;0;0;0;0;0
FR;8;2022-01-05;0;0;0;0;0;0;0;0;0;0
FR;8;2022-01-06;0;0;0;0;0;0;0;0;0;0
FR;8;2022-01-07;0;0;0;0;0;0;0;0;0;0
FR;8;2022-01-08;0;0;0;0;0;0;0;0;0;0
FR;8;2022-01-09;0;0;0;0;0;0;0;0;0;0
FR;8;2022-01-10;0;0;0;0;0;0;0;0;0;0
FR;8;2022-01-11;0;0;0;0;0;0;0;0;0;0
FR;8;2022-01-12;0;0;0;0;0;0;0;0;0;0
FR;8;2022-01-13;0;0;0;0;0;0;0;0;0;0
FR;8;2022-01-14;0;0;0;0;0;0;0;0;0;0
FR;8;2022-01-15;0;0;0;0;0;0;0;0;0;0
FR;8;2022-01-16;0;0;0;0;0;0;0;0;0;0
FR;8;2022-01-17;0;0;0;0;0;0;0;0;0;0
FR;8;2022-01-18;0;0;0;0;0;0;0;0;0;0
FR;8;2022-01-19;0;0;0;0;0;0;0;0;0;0
FR;8;2022-01-20;0;0;0;0;0;0;0;0;0;0
FR;8;2022-01-21;0;0;0;0;0;0;0;0;0;0
FR;8;2022-01-22;0;0;0;0;0;0;0;0;0;0
FR;8;2022-01-23;0;0;0;0;0;0;0;0;0;0
FR;8;2022-01-24;0;0;0;0;0;0;0;0;0;0
FR;8;2022-01-25;0;0;0;0;0;0;0;0;0;0
FR;8;2022-01-26;0;0;0;0;0;0;0;0;0;0
FR;8;2022-01-27;0;0;0;0;0;0;0;0;0;0
FR;8;2022-01-28;0;0;0;0;0;0;0;0;0;0
FR;8;2022-01-29;0;0;0;0;0;0;0;0;0;0
FR;8;2022-01-30;0;0;0;0;0;0;0;0;0;0
FR;8;2022-01-31;0;0;0;0;0;0;0;0;0;0
FR;8;2022-02-01;0;0;0;0;0;0;0;0;0;0
FR;8;2022-02-02;0;0;0;0;0;0;0;0;0;0
FR;8;2022-02-03;0;0;0;0;0;0;0;0;0;0
FR;8;2022-02-04;0;0;0;0;0;0;0;0;0;0
FR;8;2022-02-05;0;0;0;0;0;0;0;0;0;0
FR;8;2022-02-06;0;0;0;0;0;0;0;0;0;0
FR;8;2022-02-07;0;0;0;0;0;0;0;0;0;0
FR;8;2022-02-08;0;0;0;0;0;0;0;0;0;0
FR;8;2022-02-09;0;0;0;0;0;0;0;0;0;0
FR;8;2022-02-10;0;0;0;0;0;0;0;0;0;0
FR;8;2022-02-11;0;0;0;0;0;0;0;0;0;0
FR;8;2022-02-12;0;0;0;0;0;0;0;0;0;0
FR;8;2022-02-13;0;0;0;0;0;0;0;0;0;0
FR;8;2022-02-14;0;0;0;0;0;0;0;0;0;0
FR;8;2022-02-15;0;0;0;0;0;0;0;0;0;0
FR;8;2022-02-16;0;0;0;0;0;0;0;0;0;0
FR;8;2022-02-17;0;0;0;0;0;0;0;0;0;0
FR;8;2022-02-18;0;0;0;0;0;0;0;0;0;0
FR;8;2022-02-19;0;0;0;0;0;0;0;0;0;0
FR;8;2022-02-20;0;0;0;0;0;0;0;0;0;0
FR;8;2022-02-21;0;0;0;0;0;0;0;0;0;0
FR;8;2022-02-22;0;0;0;0;0;0;0;0;0;0
FR;8;2022-02-23;0;0;0;0;0;0;0;0;0;0
FR;8;2022-02-24;0;0;0;0;0;0;0;0;0;0
FR;8;2022-02-25;0;0;0;0;0;0;0;0;0;0
FR;8;2022-02-26;0;0;0;0;0;0;0;0;0;0
FR;8;2022-02-27;0;0;0;0;0;0;0;0;0;0
FR;8;2022-02-28;0;0;0;0;0;0;0;0;0;0
FR;8;2022-03-01;0;0;0;0;0;0;0;0;0;0
FR;8;2022-03-02;0;0;0;0;0;0;0;0;0;0
FR;8;2022-03-03;0;0;0;0;0;0;0;0;0;0
FR;8;2022-03-04;0;0;0;0;0;0;0;0;0;0
FR;8;2022-03-05;0;0;0;0;0;0;0;0;0;0
FR;8;2022-03-06;0;0;0;0;0;0;0;0;0;0
FR;8;2022-03-07;0;0;0;0;0;0;0;0;0;0
FR;8;2022-03-08;0;0;0;0;0;0;0;0;0;0
FR;8;2022-03-09;0;0;0;0;0;0;0;0;0;0
FR;8;2022-03-10;0;0;0;0;0;0;0;0;0;0
FR;8;2022-03-11;0;0;0;0;0;0;0;0;0;0
FR;8;2022-03-12;0;0;0;0;0;0;0;0;0;0
FR;8;2022-03-13;0;0;0;0;0;0;0;0;0;0
FR;8;2022-03-14;0;0;0;0;0;0;0;0;0;0
FR;8;2022-03-15;0;0;0;0;0;0;0;0;0;0
FR;8;2022-03-16;0;0;0;0;0;0;0;0;0;0
FR;8;2022-03-17;0;0;0;0;0;0;0;0;0;0
FR;8;2022-03-18;0;0;0;0;0;0;0;0;0;0
FR;8;2022-03-19;0;0;0;0;0;0;0;0;0;0
FR;8;2022-03-20;0;0;0;0;0;0;0;0;0;0
FR;8;2022-03-21;0;0;0;0;0;0;0;0;0;0
FR;8;2022-03-22;0;0;0;0;0;0;0;0;0;0
FR;8;2022-03-23;0;0;0;0;0;0;0;0;0;0
FR;8;2022-03-24;0;0;0;0;0;0;0;0;0;0
FR;8;2022-03-25;0;0;0;0;0;0;0;0;0;0
FR;8;2022-03-26;0;0;0;0;0;0;0;0;0;0
FR;8;2022-03-27;0;0;0;0;0;0;0;0;0;0
FR;8;2022-03-28;0;0;0;0;0;0;0;0;0;0
FR;8;2022-03-29;0;0;0;0;0;0;0;0;0;0
FR;8;2022-03-30;0;0;0;0;0;0;0;0;0;0
FR;8;2022-03-31;0;0;0;0;0;0;0;0;0;0
FR;8;2022-04-01;0;0;0;0;0;0;0;0;0;0
FR;8;2022-04-02;0;0;0;0;0;0;0;0;0;0
FR;8;2022-04-03;0;0;0;0;0;0;0;0;0;0
FR;8;2022-04-04;0;0;0;0;0;0;0;0;0;0
FR;8;2022-04-05;0;0;0;0;0;0;0;0;0;0
FR;8;2022-04-06;0;0;0;0;0;0;0;0;0;0
FR;8;2022-04-07;0;0;0;0;0;0;0;0;0;0
FR;8;2022-04-08;0;0;0;0;0;0;0;0;0;0
FR;8;2022-04-09;0;0;0;0;0;0;0;0;0;0
FR;8;2022-04-10;0;0;0;0;0;0;0;0;0;0
FR;8;2022-04-11;0;0;0;0;0;0;0;0;0;0
FR;8;2022-04-12;0;0;0;0;0;0;0;0;0;0
FR;8;2022-04-13;0;0;0;0;0;0;0;0;0;0
FR;8;2022-04-14;0;0;0;0;0;0;0;0;0;0
FR;8;2022-04-15;0;0;0;0;0;0;0;0;0;0
FR;8;2022-04-16;0;0;0;0;0;0;0;0;0;0
FR;8;2022-04-17;0;0;0;0;0;0;0;0;0;0
FR;8;2022-04-18;0;0;0;0;0;0;0;0;0;0
FR;8;2022-04-19;0;0;0;0;0;0;0;0;0;0
FR;8;2022-04-20;0;0;0;0;0;0;0;0;0;0
FR;8;2022-04-21;0;0;0;0;0;0;0;0;0;0
FR;8;2022-04-22;0;0;0;0;0;0;0;0;0;0
FR;8;2022-04-23;0;0;0;0;0;0;0;0;0;0
FR;8;2022-04-24;0;0;0;0;0;0;0;0;0;0
FR;8;2022-04-25;0;0;0;0;0;0;0;0;0;0
FR;8;2022-04-26;0;0;0;0;0;0;0;0;0;0
FR;8;2022-04-27;0;0;0;0;0;0;0;0;0;0
FR;8;2022-04-28;0;0;0;0;0;0;0;0;0;0
FR;8;2022-04-29;0;0;0;0;0;0;0;0;0;0
FR;8;2022-04-30;0;0;0;0;0;0;0;0;0;0
FR;8;2022-05-01;0;0;0;0;0;0;0;0;0;0
FR;8;2022-05-02;0;0;0;0;0;0;0;0;0;0
FR;8;2022-05-03;0;0;0;0;0;0;0;0;0;0
FR;8;2022-05-04;0;0;0;0;0;0;0;0;0;0
FR;8;2022-05-05;0;0;0;0;0;0;0;0;0;0
FR;8;2022-05-06;0;0;0;0;0;0;0;0;0;0
FR;8;2022-05-07;0;0;0;0;0;0;0;0;0;0
FR;8;2022-05-08;0;0;0;0;0;0;0;0;0;0
FR;8;2022-05-09;0;0;0;0;0;0;0;0;0;0
FR;8;2022-05-10;0;0;0;0;0;0;0;0;0;0
FR;8;2022-05-11;0;0;0;0;0;0;0;0;0;0
FR;8;2022-05-12;0;0;0;0;0;0;0;0;0;0
FR;8;2022-05-13;0;0;0;0;0;0;0;0;0;0
FR;8;2022-05-14;0;0;0;0;0;0;0;0;0;0
FR;8;2022-05-15;0;0;0;0;0;0;0;0;0;0
FR;8;2022-05-16;0;0;0;0;0;0;0;0;0;0
FR;8;2022-05-17;0;0;0;0;0;0;0;0;0;0
FR;8;2022-05-18;0;0;0;0;0;0;0;0;0;0
FR;8;2022-05-19;0;0;0;0;0;0;0;0;0;0
FR;8;2022-05-20;0;0;0;0;0;0;0;0;0;0
FR;8;2022-05-21;0;0;0;0;0;0;0;0;0;0
FR;8;2022-05-22;0;0;0;0;0;0;0;0;0;0
FR;8;2022-05-23;0;0;0;0;0;0;0;0;0;0
FR;8;2022-05-24;0;0;0;0;0;0;0;0;0;0
FR;8;2022-05-25;0;0;0;0;0;0;0;0;0;0
FR;8;2022-05-26;0;0;0;0;0;0;0;0;0;0
FR;8;2022-05-27;0;0;0;0;0;0;0;0;0;0
FR;8;2022-05-28;0;0;0;0;0;0;0;0;0;0
FR;8;2022-05-29;0;0;0;0;0;0;0;0;0;0
FR;8;2022-05-30;0;0;0;0;0;0;0;0;0;0
FR;8;2022-05-31;0;0;0;0;0;0;0;0;0;0
FR;8;2022-06-01;0;0;0;0;0;0;0;0;0;0
FR;8;2022-06-02;0;0;0;0;0;0;0;0;0;0
FR;8;2022-06-03;0;0;0;0;0;0;0;0;0;0
FR;8;2022-06-04;0;0;0;0;0;0;0;0;0;0
FR;8;2022-06-05;0;0;0;0;0;0;0;0;0;0
FR;8;2022-06-06;0;0;0;0;0;0;0;0;0;0
FR;8;2022-06-07;0;0;0;0;0;0;0;0;0;0
FR;8;2022-06-08;0;0;0;0;0;0;0;0;0;0
FR;8;2022-06-09;0;0;0;0;0;0;0;0;0;0
FR;8;2022-06-10;0;0;0;0;0;0;0;0;0;0
FR;8;2022-06-11;0;0;0;0;0;0;0;0;0;0
FR;8;2022-06-12;0;0;0;0;0;0;0;0;0;0
FR;8;2022-06-13;0;0;0;0;0;0;0;0;0;0
FR;8;2022-06-14;0;0;0;0;0;0;0;0;0;0
FR;8;2022-06-15;0;0;0;0;0;0;0;0;0;0
FR;8;2022-06-16;0;0;0;0;0;0;0;0;0;0
FR;8;2022-06-17;0;0;0;0;0;0;0;0;0;0
FR;8;2022-06-18;0;0;0;0;0;0;0;0;0;0
FR;8;2022-06-19;0;0;0;0;0;0;0;0;0;0
FR;8;2022-06-20;0;0;0;0;0;0;0;0;0;0
FR;8;2022-06-21;0;0;0;0;0;0;0;0;0;0
FR;8;2022-06-22;0;0;0;0;0;0;0;0;0;0
FR;8;2022-06-23;0;0;0;0;0;0;0;0;0;0
FR;8;2022-06-24;0;0;0;0;0;0;0;0;0;0
FR;8;2022-06-25;0;0;0;0;0;0;0;0;0;0
FR;8;2022-06-26;0;0;0;0;0;0;0;0;0;0
FR;8;2022-06-27;0;0;0;0;0;0;0;0;0;0
FR;8;2022-06-28;0;0;0;0;0;0;0;0;0;0
FR;8;2022-06-29;0;0;0;0;0;0;0;0;0;0
FR;8;2022-06-30;0;0;0;0;0;0;0;0;0;0
FR;8;2022-07-01;0;0;0;0;0;0;0;0;0;0
FR;8;2022-07-02;0;0;0;0;0;0;0;0;0;0
FR;8;2022-07-03;0;0;0;0;0;0;0;0;0;0
FR;8;2022-07-04;0;0;0;0;0;0;0;0;0;0
FR;8;2022-07-05;0;0;0;0;0;0;0;0;0;0
FR;8;2022-07-06;0;0;0;0;0;0;0;0;0;0
FR;8;2022-07-07;0;0;0;0;0;0;0;0;0;0
FR;8;2022-07-08;0;0;0;0;0;0;0;0;0;0
FR;8;2022-07-09;0;0;0;0;0;0;0;0;0;0
FR;8;2022-07-10;0;0;0;0;0;0;0;0;0;0
FR;8;2022-07-11;0;0;0;0;0;0;0;0;0;0
FR;8;2022-07-12;0;0;0;0;0;0;0;0;0;0
FR;8;2022-07-13;0;0;0;0;0;0;0;0;0;0
FR;8;2022-07-14;0;0;0;0;0;0;0;0;0;0
FR;8;2022-07-15;0;0;0;0;0;0;0;0;0;0
FR;8;2022-07-16;0;0;0;0;0;0;0;0;0;0
FR;8;2022-07-17;0;0;0;0;0;0;0;0;0;0
FR;8;2022-07-18;0;0;0;0;0;0;0;0;0;0
FR;8;2022-07-19;0;0;0;0;0;0;0;0;0;0
FR;8;2022-07-20;0;0;0;0;0;0;0;0;0;0
FR;8;2022-07-21;0;0;0;0;0;0;0;0;0;0
FR;8;2022-07-22;0;0;0;0;0;0;0;0;0;0
FR;8;2022-07-23;0;0;0;0;0;0;0;0;0;0
FR;8;2022-07-24;0;0;0;0;0;0;0;0;0;0
FR;8;2022-07-25;0;0;0;0;0;0;0;0;0;0
FR;8;2022-07-26;0;0;0;0;0;0;0;0;0;0
FR;8;2022-07-27;0;0;0;0;0;0;0;0;0;0
FR;8;2022-07-28;0;0;0;0;0;0;0;0;0;0
FR;8;2022-07-29;0;0;0;0;0;0;0;0;0;0
FR;8;2022-07-30;0;0;0;0;0;0;0;0;0;0
FR;8;2022-07-31;0;0;0;0;0;0;0;0;0;0
FR;8;2022-08-01;0;0;0;0;0;0;0;0;0;0
FR;8;2022-08-02;0;0;0;0;0;0;0;0;0;0
FR;8;2022-08-03;0;0;0;0;0;0;0;0;0;0
FR;8;2022-08-04;0;0;0;0;0;0;0;0;0;0
FR;8;2022-08-05;0;0;0;0;0;0;0;0;0;0
FR;8;2022-08-06;0;0;0;0;0;0;0;0;0;0
FR;8;2022-08-07;0;0;0;0;0;0;0;0;0;0
FR;8;2022-08-08;0;0;0;0;0;0;0;0;0;0
FR;8;2022-08-09;0;0;0;0;0;0;0;0;0;0
FR;8;2022-08-10;0;0;0;0;0;0;0;0;0;0
FR;8;2022-08-11;0;0;0;0;0;0;0;0;0;0
FR;8;2022-08-12;0;0;0;0;0;0;0;0;0;0
FR;8;2022-08-13;0;0;0;0;0;0;0;0;0;0
FR;8;2022-08-14;0;0;0;0;0;0;0;0;0;0
FR;8;2022-08-15;0;0;0;0;0;0;0;0;0;0
FR;8;2022-08-16;0;0;0;0;0;0;0;0;0;0
FR;8;2022-08-17;0;0;0;0;0;0;0;0;0;0
FR;8;2022-08-18;0;0;0;0;0;0;0;0;0;0
FR;8;2022-08-19;0;0;0;0;0;0;0;0;0;0
FR;8;2022-08-20;0;0;0;0;0;0;0;0;0;0
FR;8;2022-08-21;0;0;0;0;0;0;0;0;0;0
FR;8;2022-08-22;0;0;0;0;0;0;0;0;0;0
FR;8;2022-08-23;0;0;0;0;0;0;0;0;0;0
FR;8;2022-08-24;0;0;0;0;0;0;0;0;0;0
FR;8;2022-08-25;0;0;0;0;0;0;0;0;0;0
FR;8;2022-08-26;0;0;0;0;0;0;0;0;0;0
FR;8;2022-08-27;0;0;0;0;0;0;0;0;0;0
FR;8;2022-08-28;0;0;0;0;0;0;0;0;0;0
FR;8;2022-08-29;0;0;0;0;0;0;0;0;0;0
FR;8;2022-08-30;0;0;0;0;0;0;0;0;0;0
FR;8;2022-08-31;0;0;0;0;0;0;0;0;0;0
FR;8;2022-09-01;0;0;0;0;0;0;0;0;0;0
FR;8;2022-09-02;0;0;0;0;0;0;0;0;0;0
FR;8;2022-09-03;0;0;0;0;0;0;0;0;0;0
FR;8;2022-09-04;0;0;0;0;0;0;0;0;0;0
FR;8;2022-09-05;0;0;0;0;0;0;0;0;0;0
FR;8;2022-09-06;0;0;0;0;0;0;0;0;0;0
FR;8;2022-09-07;0;0;0;0;0;0;0;0;0;0
FR;8;2022-09-08;0;0;0;0;0;0;0;0;0;0
FR;8;2022-09-09;0;0;0;0;0;0;0;0;0;0
FR;8;2022-09-10;0;0;0;0;0;0;0;0;0;0
FR;8;2022-09-11;0;0;0;0;0;0;0;0;0;0
FR;8;2022-09-12;0;0;0;0;0;0;0;0;0;0
FR;8;2022-09-13;0;0;0;0;0;0;0;0;0;0
FR;8;2022-09-14;0;0;0;0;0;0;0;0;0;0
FR;8;2022-09-15;0;0;0;0;0;0;0;0;0;0
FR;8;2022-09-16;0;0;0;0;0;0;0;0;0;0
FR;8;2022-09-17;0;0;0;0;0;0;0;0;0;0
FR;8;2022-09-18;0;0;0;0;0;0;0;0;0;0
FR;8;2022-09-19;0;0;0;0;0;0;0;0;0;0
FR;8;2022-09-20;0;0;0;0;0;0;0;0;0;0
FR;8;2022-09-21;0;0;0;0;0;0;0;0;0;0
FR;8;2022-09-22;0;0;0;0;0;0;0;0;0;0
FR;8;2022-09-23;0;0;0;0;0;0;0;0;0;0
FR;8;2022-09-24;0;0;0;0;0;0;0;0;0;0
FR;8;2022-09-25;0;0;0;0;0;0;0;0;0;0
FR;8;2022-09-26;0;0;0;0;0;0;0;0;0;0
FR;8;2022-09-27;0;0;0;0;0;0;0;0;0;0
FR;8;2022-09-28;0;0;0;0;0;0;0;0;0;0
FR;8;2022-09-29;0;0;0;0;0;0;0;0;0;0
FR;8;2022-09-30;0;0;0;0;0;0;0;0;0;0
FR;8;2022-10-01;0;0;0;0;0;0;0;0;0;0
FR;8;2022-10-02;0;0;0;0;0;0;0;0;0;0
FR;8;2022-10-03;0;0;0;0;0;0;0;0;0;0
FR;8;2022-10-04;0;0;0;0;0;0;0;0;0;0
FR;8;2022-10-05;0;0;0;0;0;0;0;0;0;0
FR;8;2022-10-06;7;17;110;840;80;7;17;110;840;80
FR;8;2022-10-07;69;101;841;8004;698;76;118;951;8844;778
FR;8;2022-10-08;35;115;610;4050;515;111;233;1561;12894;1293
FR;8;2022-10-09;17;22;145;883;132;128;255;1706;13777;1425
FR;8;2022-10-10;114;191;1336;12650;1022;242;446;3042;26427;2447
FR;8;2022-10-11;173;261;2473;26814;2008;415;707;5515;53241;4455
FR;8;2022-10-12;149;254;1827;18189;1438;564;961;7342;71430;5893
FR;8;2022-10-13;203;274;2501;28000;1896;767;1235;9843;99430;7789
FR;8;2022-10-14;254;418;3270;36189;2552;1021;1653;13113;135619;10341
FR;8;2022-10-15;102;180;1197;8793;997;1123;1833;14310;144412;11338
FR;8;2022-10-16;34;54;247;1518;214;1157;1887;14557;145930;11552
FR;8;2022-10-17;156;305;2088;21714;1617;1313;2192;16645;167644;13169
FR;8;2022-10-18;265;346;3343;37719;2644;1578;2538;19988;205363;15813
FR;8;2022-10-19;189;308;2613;28133;2163;1767;2846;22601;233496;17976
FR;8;2022-10-20;245;362;3565;40996;2622;2012;3208;26166;274492;20598
FR;8;2022-10-21;323;488;4432;49292;3451;2335;3696;30598;323784;24049
FR;8;2022-10-22;121;167;1226;10633;920;2456;3863;31824;334417;24969
FR;8;2022-10-23;48;52;266;1750;197;2504;3915;32090;336167;25166
FR;8;2022-10-24;228;308;2461;23884;2028;2732;4223;34551;360051;27194
FR;8;2022-10-25;307;409;4054;43115;3039;3039;4632;38605;403166;30233
FR;8;2022-10-26;214;338;2851;28435;2342;3253;4970;41456;431601;32575
FR;8;2022-10-27;271;408;3299;35942;2597;3524;5378;44755;467543;35172
FR;8;2022-10-28;321;460;3805;39176;2835;3845;5838;48560;506719;38007
FR;8;2022-10-29;107;164;1067;8201;797;3952;6002;49627;514920;38804
FR;8;2022-10-30;40;51;204;1300;177;3992;6053;49831;516220;38981
FR;8;2022-10-31;195;249;1644;14396;1261;4187;6302;51475;530616;40242
FR;8;2022-11-01;20;34;117;885;147;4207;6336;51592;531501;40389
FR;8;2022-11-02;185;365;2347;23030;1952;4392;6701;53939;554531;42341
FR;8;2022-11-03;299;407;3429;36389;2553;4691;7108;57368;590920;44894
FR;8;2022-11-04;343;487;3752;39895;2950;5034;7595;61120;630815;47844
FR;8;2022-11-05;111;180;1094;8697;839;5145;7775;62214;639512;48683
FR;8;2022-11-06;40;55;220;1372;204;5185;7830;62434;640884;48887
FR;8;2022-11-07;214;273;2268;24267;1745;5399;8103;64702;665151;50632
FR;8;2022-11-08;323;485;4219;47590;3157;5722;8588;68921;712741;53789
FR;8;2022-11-09;246;356;2793;28688;2191;5968;8944;71714;741429;55980
FR;8;2022-11-10;343;519;3855;39485;2918;6311;9463;75569;780914;58898
FR;8;2022-11-11;36;60;220;1411;186;6347;9523;75789;782325;59084
FR;8;2022-11-12;83;163;868;6330;677;6430;9686;76657;788655;59761
FR;8;2022-11-13;35;54;209;1089;170;6465;9740;76866;789744;59931
FR;8;2022-11-14;215;290;2160;21765;1656;6680;10030;79026;811509;61587
FR;8;2022-11-15;318;393;3625;41168;2704;6998;10423;82651;852677;64291
FR;8;2022-11-16;274;327;2498;25336;1963;7272;10750;85149;878013;66254
FR;8;2022-11-17;333;396;3193;35396;2421;7605;11146;88342;913409;68675
FR;8;2022-11-18;312;439;3838;40541;2797;7917;11585;92180;953950;71472
FR;8;2022-11-19;109;165;1152;8579;781;8026;11750;93332;962529;72253
FR;8;2022-11-20;30;39;234;1435;192;8056;11789;93566;963964;72445
FR;9;2020-12-27;0;0;0;0;0;0;0;0;0;0
FR;9;2020-12-28;0;0;0;0;0;0;0;0;0;0
FR;9;2020-12-29;0;0;0;0;0;0;0;0;0;0
FR;9;2020-12-30;0;0;0;0;0;0;0;0;0;0
FR;9;2020-12-31;0;0;0;0;0;0;0;0;0;0
FR;9;2021-01-01;0;0;0;0;0;0;0;0;0;0
FR;9;2021-01-02;0;0;0;0;0;0;0;0;0;0
FR;9;2021-01-03;0;0;0;0;0;0;0;0;0;0
FR;9;2021-01-04;0;0;0;0;0;0;0;0;0;0
FR;9;2021-01-05;0;0;0;0;0;0;0;0;0;0
FR;9;2021-01-06;0;0;0;0;0;0;0;0;0;0
FR;9;2021-01-07;0;0;0;0;0;0;0;0;0;0
FR;9;2021-01-08;0;0;0;0;0;0;0;0;0;0
FR;9;2021-01-09;0;0;0;0;0;0;0;0;0;0
FR;9;2021-01-10;0;0;0;0;0;0;0;0;0;0
FR;9;2021-01-11;0;0;0;0;0;0;0;0;0;0
FR;9;2021-01-12;0;0;0;0;0;0;0;0;0;0
FR;9;2021-01-13;0;0;0;0;0;0;0;0;0;0
FR;9;2021-01-14;0;0;0;0;0;0;0;0;0;0
FR;9;2021-01-15;0;0;0;0;0;0;0;0;0;0
FR;9;2021-01-16;0;0;0;0;0;0;0;0;0;0
FR;9;2021-01-17;0;0;0;0;0;0;0;0;0;0
FR;9;2021-01-18;0;0;0;0;0;0;0;0;0;0
FR;9;2021-01-19;0;0;0;0;0;0;0;0;0;0
FR;9;2021-01-20;0;0;0;0;0;0;0;0;0;0
FR;9;2021-01-21;0;0;0;0;0;0;0;0;0;0
FR;9;2021-01-22;0;0;0;0;0;0;0;0;0;0
FR;9;2021-01-23;0;0;0;0;0;0;0;0;0;0
FR;9;2021-01-24;0;0;0;0;0;0;0;0;0;0
FR;9;2021-01-25;0;0;0;0;0;0;0;0;0;0
FR;9;2021-01-26;0;0;0;0;0;0;0;0;0;0
FR;9;2021-01-27;0;0;0;0;0;0;0;0;0;0
FR;9;2021-01-28;0;0;0;0;0;0;0;0;0;0
FR;9;2021-01-29;0;0;0;0;0;0;0;0;0;0
FR;9;2021-01-30;0;0;0;0;0;0;0;0;0;0
FR;9;2021-01-31;0;0;0;0;0;0;0;0;0;0
FR;9;2021-02-01;0;0;0;0;0;0;0;0;0;0
FR;9;2021-02-02;0;0;0;0;0;0;0;0;0;0
FR;9;2021-02-03;0;0;0;0;0;0;0;0;0;0
FR;9;2021-02-04;0;0;0;0;0;0;0;0;0;0
FR;9;2021-02-05;0;0;0;0;0;0;0;0;0;0
FR;9;2021-02-06;0;0;0;0;0;0;0;0;0;0
FR;9;2021-02-07;0;0;0;0;0;0;0;0;0;0
FR;9;2021-02-08;0;0;0;0;0;0;0;0;0;0
FR;9;2021-02-09;0;0;0;0;0;0;0;0;0;0
FR;9;2021-02-10;0;0;0;0;0;0;0;0;0;0
FR;9;2021-02-11;0;0;0;0;0;0;0;0;0;0
FR;9;2021-02-12;0;0;0;0;0;0;0;0;0;0
FR;9;2021-02-13;0;0;0;0;0;0;0;0;0;0
FR;9;2021-02-14;0;0;0;0;0;0;0;0;0;0
FR;9;2021-02-15;0;0;0;0;0;0;0;0;0;0
FR;9;2021-02-16;0;0;0;0;0;0;0;0;0;0
FR;9;2021-02-17;0;0;0;0;0;0;0;0;0;0
FR;9;2021-02-18;0;0;0;0;0;0;0;0;0;0
FR;9;2021-02-19;0;0;0;0;0;0;0;0;0;0
FR;9;2021-02-20;0;0;0;0;0;0;0;0;0;0
FR;9;2021-02-21;0;0;0;0;0;0;0;0;0;0
FR;9;2021-02-22;0;0;0;0;0;0;0;0;0;0
FR;9;2021-02-23;0;0;0;0;0;0;0;0;0;0
FR;9;2021-02-24;0;0;0;0;0;0;0;0;0;0
FR;9;2021-02-25;0;0;0;0;0;0;0;0;0;0
FR;9;2021-02-26;0;0;0;0;0;0;0;0;0;0
FR;9;2021-02-27;0;0;0;0;0;0;0;0;0;0
FR;9;2021-02-28;0;0;0;0;0;0;0;0;0;0
FR;9;2021-03-01;0;0;0;0;0;0;0;0;0;0
FR;9;2021-03-02;0;0;0;0;0;0;0;0;0;0
FR;9;2021-03-03;0;0;0;0;0;0;0;0;0;0
FR;9;2021-03-04;0;0;0;0;0;0;0;0;0;0
FR;9;2021-03-05;0;0;0;0;0;0;0;0;0;0
FR;9;2021-03-06;0;0;0;0;0;0;0;0;0;0
FR;9;2021-03-07;0;0;0;0;0;0;0;0;0;0
FR;9;2021-03-08;0;0;0;0;0;0;0;0;0;0
FR;9;2021-03-09;0;0;0;0;0;0;0;0;0;0
FR;9;2021-03-10;0;0;0;0;0;0;0;0;0;0
FR;9;2021-03-11;0;0;0;0;0;0;0;0;0;0
FR;9;2021-03-12;0;0;0;0;0;0;0;0;0;0
FR;9;2021-03-13;0;0;0;0;0;0;0;0;0;0
FR;9;2021-03-14;0;0;0;0;0;0;0;0;0;0
FR;9;2021-03-15;0;0;0;0;0;0;0;0;0;0
FR;9;2021-03-16;0;0;0;0;0;0;0;0;0;0
FR;9;2021-03-17;0;0;0;0;0;0;0;0;0;0
FR;9;2021-03-18;0;0;0;0;0;0;0;0;0;0
FR;9;2021-03-19;0;0;0;0;0;0;0;0;0;0
FR;9;2021-03-20;0;0;0;0;0;0;0;0;0;0
FR;9;2021-03-21;0;0;0;0;0;0;0;0;0;0
FR;9;2021-03-22;0;0;0;0;0;0;0;0;0;0
FR;9;2021-03-23;0;0;0;0;0;0;0;0;0;0
FR;9;2021-03-24;0;0;0;0;0;0;0;0;0;0
FR;9;2021-03-25;0;0;0;0;0;0;0;0;0;0
FR;9;2021-03-26;0;0;0;0;0;0;0;0;0;0
FR;9;2021-03-27;0;0;0;0;0;0;0;0;0;0
FR;9;2021-03-28;0;0;0;0;0;0;0;0;0;0
FR;9;2021-03-29;0;0;0;0;0;0;0;0;0;0
FR;9;2021-03-30;0;0;0;0;0;0;0;0;0;0
FR;9;2021-03-31;0;0;0;0;0;0;0;0;0;0
FR;9;2021-04-01;0;0;0;0;0;0;0;0;0;0
FR;9;2021-04-02;0;0;0;0;0;0;0;0;0;0
FR;9;2021-04-03;0;0;0;0;0;0;0;0;0;0
FR;9;2021-04-04;0;0;0;0;0;0;0;0;0;0
FR;9;2021-04-05;0;0;0;0;0;0;0;0;0;0
FR;9;2021-04-06;0;0;0;0;0;0;0;0;0;0
FR;9;2021-04-07;0;0;0;0;0;0;0;0;0;0
FR;9;2021-04-08;0;0;0;0;0;0;0;0;0;0
FR;9;2021-04-09;0;0;0;0;0;0;0;0;0;0
FR;9;2021-04-10;0;0;0;0;0;0;0;0;0;0
FR;9;2021-04-11;0;0;0;0;0;0;0;0;0;0
FR;9;2021-04-12;0;0;0;0;0;0;0;0;0;0
FR;9;2021-04-13;0;0;0;0;0;0;0;0;0;0
FR;9;2021-04-14;0;0;0;0;0;0;0;0;0;0
FR;9;2021-04-15;0;0;0;0;0;0;0;0;0;0
FR;9;2021-04-16;0;0;0;0;0;0;0;0;0;0
FR;9;2021-04-17;0;0;0;0;0;0;0;0;0;0
FR;9;2021-04-18;0;0;0;0;0;0;0;0;0;0
FR;9;2021-04-19;0;0;0;0;0;0;0;0;0;0
FR;9;2021-04-20;0;0;0;0;0;0;0;0;0;0
FR;9;2021-04-21;0;0;0;0;0;0;0;0;0;0
FR;9;2021-04-22;0;0;0;0;0;0;0;0;0;0
FR;9;2021-04-23;0;0;0;0;0;0;0;0;0;0
FR;9;2021-04-24;0;0;0;0;0;0;0;0;0;0
FR;9;2021-04-25;0;0;0;0;0;0;0;0;0;0
FR;9;2021-04-26;0;0;0;0;0;0;0;0;0;0
FR;9;2021-04-27;0;0;0;0;0;0;0;0;0;0
FR;9;2021-04-28;0;0;0;0;0;0;0;0;0;0
FR;9;2021-04-29;0;0;0;0;0;0;0;0;0;0
FR;9;2021-04-30;0;0;0;0;0;0;0;0;0;0
FR;9;2021-05-01;0;0;0;0;0;0;0;0;0;0
FR;9;2021-05-02;0;0;0;0;0;0;0;0;0;0
FR;9;2021-05-03;0;0;0;0;0;0;0;0;0;0
FR;9;2021-05-04;0;0;0;0;0;0;0;0;0;0
FR;9;2021-05-05;0;0;0;0;0;0;0;0;0;0
FR;9;2021-05-06;0;0;0;0;0;0;0;0;0;0
FR;9;2021-05-07;0;0;0;0;0;0;0;0;0;0
FR;9;2021-05-08;0;0;0;0;0;0;0;0;0;0
FR;9;2021-05-09;0;0;0;0;0;0;0;0;0;0
FR;9;2021-05-10;0;0;0;0;0;0;0;0;0;0
FR;9;2021-05-11;0;0;0;0;0;0;0;0;0;0
FR;9;2021-05-12;0;0;0;0;0;0;0;0;0;0
FR;9;2021-05-13;0;0;0;0;0;0;0;0;0;0
FR;9;2021-05-14;0;0;0;0;0;0;0;0;0;0
FR;9;2021-05-15;0;0;0;0;0;0;0;0;0;0
FR;9;2021-05-16;0;0;0;0;0;0;0;0;0;0
FR;9;2021-05-17;0;0;0;0;0;0;0;0;0;0
FR;9;2021-05-18;0;0;0;0;0;0;0;0;0;0
FR;9;2021-05-19;0;0;0;0;0;0;0;0;0;0
FR;9;2021-05-20;0;0;0;0;0;0;0;0;0;0
FR;9;2021-05-21;0;0;0;0;0;0;0;0;0;0
FR;9;2021-05-22;0;0;0;0;0;0;0;0;0;0
FR;9;2021-05-23;0;0;0;0;0;0;0;0;0;0
FR;9;2021-05-24;0;0;0;0;0;0;0;0;0;0
FR;9;2021-05-25;0;0;0;0;0;0;0;0;0;0
FR;9;2021-05-26;0;0;0;0;0;0;0;0;0;0
FR;9;2021-05-27;0;0;0;0;0;0;0;0;0;0
FR;9;2021-05-28;0;0;0;0;0;0;0;0;0;0
FR;9;2021-05-29;0;0;0;0;0;0;0;0;0;0
FR;9;2021-05-30;0;0;0;0;0;0;0;0;0;0
FR;9;2021-05-31;0;0;0;0;0;0;0;0;0;0
FR;9;2021-06-01;0;0;0;0;0;0;0;0;0;0
FR;9;2021-06-02;0;0;0;0;0;0;0;0;0;0
FR;9;2021-06-03;0;0;0;0;0;0;0;0;0;0
FR;9;2021-06-04;0;0;0;0;0;0;0;0;0;0
FR;9;2021-06-05;0;0;0;0;0;0;0;0;0;0
FR;9;2021-06-06;0;0;0;0;0;0;0;0;0;0
FR;9;2021-06-07;0;0;0;0;0;0;0;0;0;0
FR;9;2021-06-08;0;0;0;0;0;0;0;0;0;0
FR;9;2021-06-09;0;0;0;0;0;0;0;0;0;0
FR;9;2021-06-10;0;0;0;0;0;0;0;0;0;0
FR;9;2021-06-11;0;0;0;0;0;0;0;0;0;0
FR;9;2021-06-12;0;0;0;0;0;0;0;0;0;0
FR;9;2021-06-13;0;0;0;0;0;0;0;0;0;0
FR;9;2021-06-14;0;0;0;0;0;0;0;0;0;0
FR;9;2021-06-15;0;0;0;0;0;0;0;0;0;0
FR;9;2021-06-16;0;0;0;0;0;0;0;0;0;0
FR;9;2021-06-17;0;0;0;0;0;0;0;0;0;0
FR;9;2021-06-18;0;0;0;0;0;0;0;0;0;0
FR;9;2021-06-19;0;0;0;0;0;0;0;0;0;0
FR;9;2021-06-20;0;0;0;0;0;0;0;0;0;0
FR;9;2021-06-21;0;0;0;0;0;0;0;0;0;0
FR;9;2021-06-22;0;0;0;0;0;0;0;0;0;0
FR;9;2021-06-23;0;0;0;0;0;0;0;0;0;0
FR;9;2021-06-24;0;0;0;0;0;0;0;0;0;0
FR;9;2021-06-25;0;0;0;0;0;0;0;0;0;0
FR;9;2021-06-26;0;0;0;0;0;0;0;0;0;0
FR;9;2021-06-27;0;0;0;0;0;0;0;0;0;0
FR;9;2021-06-28;0;0;0;0;0;0;0;0;0;0
FR;9;2021-06-29;0;0;0;0;0;0;0;0;0;0
FR;9;2021-06-30;0;0;0;0;0;0;0;0;0;0
FR;9;2021-07-01;0;0;0;0;0;0;0;0;0;0
FR;9;2021-07-02;0;0;0;0;0;0;0;0;0;0
FR;9;2021-07-03;0;0;0;0;0;0;0;0;0;0
FR;9;2021-07-04;0;0;0;0;0;0;0;0;0;0
FR;9;2021-07-05;0;0;0;0;0;0;0;0;0;0
FR;9;2021-07-06;0;0;0;0;0;0;0;0;0;0
FR;9;2021-07-07;0;0;0;0;0;0;0;0;0;0
FR;9;2021-07-08;0;0;0;0;0;0;0;0;0;0
FR;9;2021-07-09;0;0;0;0;0;0;0;0;0;0
FR;9;2021-07-10;0;0;0;0;0;0;0;0;0;0
FR;9;2021-07-11;0;0;0;0;0;0;0;0;0;0
FR;9;2021-07-12;0;0;0;0;0;0;0;0;0;0
FR;9;2021-07-13;0;0;0;0;0;0;0;0;0;0
FR;9;2021-07-14;0;0;0;0;0;0;0;0;0;0
FR;9;2021-07-15;0;0;0;0;0;0;0;0;0;0
FR;9;2021-07-16;0;0;0;0;0;0;0;0;0;0
FR;9;2021-07-17;0;0;0;0;0;0;0;0;0;0
FR;9;2021-07-18;0;0;0;0;0;0;0;0;0;0
FR;9;2021-07-19;0;0;0;0;0;0;0;0;0;0
FR;9;2021-07-20;0;0;0;0;0;0;0;0;0;0
FR;9;2021-07-21;0;0;0;0;0;0;0;0;0;0
FR;9;2021-07-22;0;0;0;0;0;0;0;0;0;0
FR;9;2021-07-23;0;0;0;0;0;0;0;0;0;0
FR;9;2021-07-24;0;0;0;0;0;0;0;0;0;0
FR;9;2021-07-25;0;0;0;0;0;0;0;0;0;0
FR;9;2021-07-26;0;0;0;0;0;0;0;0;0;0
FR;9;2021-07-27;0;0;0;0;0;0;0;0;0;0
FR;9;2021-07-28;0;0;0;0;0;0;0;0;0;0
FR;9;2021-07-29;0;0;0;0;0;0;0;0;0;0
FR;9;2021-07-30;0;0;0;0;0;0;0;0;0;0
FR;9;2021-07-31;0;0;0;0;0;0;0;0;0;0
FR;9;2021-08-01;0;0;0;0;0;0;0;0;0;0
FR;9;2021-08-02;0;0;0;0;0;0;0;0;0;0
FR;9;2021-08-03;0;0;0;0;0;0;0;0;0;0
FR;9;2021-08-04;0;0;0;0;0;0;0;0;0;0
FR;9;2021-08-05;0;0;0;0;0;0;0;0;0;0
FR;9;2021-08-06;0;0;0;0;0;0;0;0;0;0
FR;9;2021-08-07;0;0;0;0;0;0;0;0;0;0
FR;9;2021-08-08;0;0;0;0;0;0;0;0;0;0
FR;9;2021-08-09;0;0;0;0;0;0;0;0;0;0
FR;9;2021-08-10;0;0;0;0;0;0;0;0;0;0
FR;9;2021-08-11;0;0;0;0;0;0;0;0;0;0
FR;9;2021-08-12;0;0;0;0;0;0;0;0;0;0
FR;9;2021-08-13;0;0;0;0;0;0;0;0;0;0
FR;9;2021-08-14;0;0;0;0;0;0;0;0;0;0
FR;9;2021-08-15;0;0;0;0;0;0;0;0;0;0
FR;9;2021-08-16;0;0;0;0;0;0;0;0;0;0
FR;9;2021-08-17;0;0;0;0;0;0;0;0;0;0
FR;9;2021-08-18;0;0;0;0;0;0;0;0;0;0
FR;9;2021-08-19;0;0;0;0;0;0;0;0;0;0
FR;9;2021-08-20;0;0;0;0;0;0;0;0;0;0
FR;9;2021-08-21;0;0;0;0;0;0;0;0;0;0
FR;9;2021-08-22;0;0;0;0;0;0;0;0;0;0
FR;9;2021-08-23;0;0;0;0;0;0;0;0;0;0
FR;9;2021-08-24;0;0;0;0;0;0;0;0;0;0
FR;9;2021-08-25;0;0;0;0;0;0;0;0;0;0
FR;9;2021-08-26;0;0;0;0;0;0;0;0;0;0
FR;9;2021-08-27;0;0;0;0;0;0;0;0;0;0
FR;9;2021-08-28;0;0;0;0;0;0;0;0;0;0
FR;9;2021-08-29;0;0;0;0;0;0;0;0;0;0
FR;9;2021-08-30;0;0;0;0;0;0;0;0;0;0
FR;9;2021-08-31;0;0;0;0;0;0;0;0;0;0
FR;9;2021-09-01;0;0;0;0;0;0;0;0;0;0
FR;9;2021-09-02;0;0;0;0;0;0;0;0;0;0
FR;9;2021-09-03;0;0;0;0;0;0;0;0;0;0
FR;9;2021-09-04;0;0;0;0;0;0;0;0;0;0
FR;9;2021-09-05;0;0;0;0;0;0;0;0;0;0
FR;9;2021-09-06;0;0;0;0;0;0;0;0;0;0
FR;9;2021-09-07;0;0;0;0;0;0;0;0;0;0
FR;9;2021-09-08;0;0;0;0;0;0;0;0;0;0
FR;9;2021-09-09;0;0;0;0;0;0;0;0;0;0
FR;9;2021-09-10;0;0;0;0;0;0;0;0;0;0
FR;9;2021-09-11;0;0;0;0;0;0;0;0;0;0
FR;9;2021-09-12;0;0;0;0;0;0;0;0;0;0
FR;9;2021-09-13;0;0;0;0;0;0;0;0;0;0
FR;9;2021-09-14;0;0;0;0;0;0;0;0;0;0
FR;9;2021-09-15;0;0;0;0;0;0;0;0;0;0
FR;9;2021-09-16;0;0;0;0;0;0;0;0;0;0
FR;9;2021-09-17;0;0;0;0;0;0;0;0;0;0
FR;9;2021-09-18;0;0;0;0;0;0;0;0;0;0
FR;9;2021-09-19;0;0;0;0;0;0;0;0;0;0
FR;9;2021-09-20;0;0;0;0;0;0;0;0;0;0
FR;9;2021-09-21;0;0;0;0;0;0;0;0;0;0
FR;9;2021-09-22;0;0;0;0;0;0;0;0;0;0
FR;9;2021-09-23;0;0;0;0;0;0;0;0;0;0
FR;9;2021-09-24;0;0;0;0;0;0;0;0;0;0
FR;9;2021-09-25;0;0;0;0;0;0;0;0;0;0
FR;9;2021-09-26;0;0;0;0;0;0;0;0;0;0
FR;9;2021-09-27;0;0;0;0;0;0;0;0;0;0
FR;9;2021-09-28;0;0;0;0;0;0;0;0;0;0
FR;9;2021-09-29;0;0;0;0;0;0;0;0;0;0
FR;9;2021-09-30;0;0;0;0;0;0;0;0;0;0
FR;9;2021-10-01;0;0;0;0;0;0;0;0;0;0
FR;9;2021-10-02;0;0;0;0;0;0;0;0;0;0
FR;9;2021-10-03;0;0;0;0;0;0;0;0;0;0
FR;9;2021-10-04;0;0;0;0;0;0;0;0;0;0
FR;9;2021-10-05;0;0;0;0;0;0;0;0;0;0
FR;9;2021-10-06;0;0;0;0;0;0;0;0;0;0
FR;9;2021-10-07;0;0;0;0;0;0;0;0;0;0
FR;9;2021-10-08;0;0;0;0;0;0;0;0;0;0
FR;9;2021-10-09;0;0;0;0;0;0;0;0;0;0
FR;9;2021-10-10;0;0;0;0;0;0;0;0;0;0
FR;9;2021-10-11;0;0;0;0;0;0;0;0;0;0
FR;9;2021-10-12;0;0;0;0;0;0;0;0;0;0
FR;9;2021-10-13;0;0;0;0;0;0;0;0;0;0
FR;9;2021-10-14;0;0;0;0;0;0;0;0;0;0
FR;9;2021-10-15;0;0;0;0;0;0;0;0;0;0
FR;9;2021-10-16;0;0;0;0;0;0;0;0;0;0
FR;9;2021-10-17;0;0;0;0;0;0;0;0;0;0
FR;9;2021-10-18;0;0;0;0;0;0;0;0;0;0
FR;9;2021-10-19;0;0;0;0;0;0;0;0;0;0
FR;9;2021-10-20;0;0;0;0;0;0;0;0;0;0
FR;9;2021-10-21;0;0;0;0;0;0;0;0;0;0
FR;9;2021-10-22;0;0;0;0;0;0;0;0;0;0
FR;9;2021-10-23;0;0;0;0;0;0;0;0;0;0
FR;9;2021-10-24;0;0;0;0;0;0;0;0;0;0
FR;9;2021-10-25;0;0;0;0;0;0;0;0;0;0
FR;9;2021-10-26;0;0;0;0;0;0;0;0;0;0
FR;9;2021-10-27;0;0;0;0;0;0;0;0;0;0
FR;9;2021-10-28;0;0;0;0;0;0;0;0;0;0
FR;9;2021-10-29;0;0;0;0;0;0;0;0;0;0
FR;9;2021-10-30;0;0;0;0;0;0;0;0;0;0
FR;9;2021-10-31;0;0;0;0;0;0;0;0;0;0
FR;9;2021-11-01;0;0;0;0;0;0;0;0;0;0
FR;9;2021-11-02;0;0;0;0;0;0;0;0;0;0
FR;9;2021-11-03;0;0;0;0;0;0;0;0;0;0
FR;9;2021-11-04;0;0;0;0;0;0;0;0;0;0
FR;9;2021-11-05;0;0;0;0;0;0;0;0;0;0
FR;9;2021-11-06;0;0;0;0;0;0;0;0;0;0
FR;9;2021-11-07;0;0;0;0;0;0;0;0;0;0
FR;9;2021-11-08;0;0;0;0;0;0;0;0;0;0
FR;9;2021-11-09;0;0;0;0;0;0;0;0;0;0
FR;9;2021-11-10;0;0;0;0;0;0;0;0;0;0
FR;9;2021-11-11;0;0;0;0;0;0;0;0;0;0
FR;9;2021-11-12;0;0;0;0;0;0;0;0;0;0
FR;9;2021-11-13;0;0;0;0;0;0;0;0;0;0
FR;9;2021-11-14;0;0;0;0;0;0;0;0;0;0
FR;9;2021-11-15;0;0;0;0;0;0;0;0;0;0
FR;9;2021-11-16;0;0;0;0;0;0;0;0;0;0
FR;9;2021-11-17;0;0;0;0;0;0;0;0;0;0
FR;9;2021-11-18;0;0;0;0;0;0;0;0;0;0
FR;9;2021-11-19;0;0;0;0;0;0;0;0;0;0
FR;9;2021-11-20;0;0;0;0;0;0;0;0;0;0
FR;9;2021-11-21;0;0;0;0;0;0;0;0;0;0
FR;9;2021-11-22;0;0;0;0;0;0;0;0;0;0
FR;9;2021-11-23;0;0;0;0;0;0;0;0;0;0
FR;9;2021-11-24;0;0;0;0;0;0;0;0;0;0
FR;9;2021-11-25;0;0;0;0;0;0;0;0;0;0
FR;9;2021-11-26;0;0;0;0;0;0;0;0;0;0
FR;9;2021-11-27;0;0;0;0;0;0;0;0;0;0
FR;9;2021-11-28;0;0;0;0;0;0;0;0;0;0
FR;9;2021-11-29;0;0;0;0;0;0;0;0;0;0
FR;9;2021-11-30;0;0;0;0;0;0;0;0;0;0
FR;9;2021-12-01;0;0;0;0;0;0;0;0;0;0
FR;9;2021-12-02;0;0;0;0;0;0;0;0;0;0
FR;9;2021-12-03;0;0;0;0;0;0;0;0;0;0
FR;9;2021-12-04;0;0;0;0;0;0;0;0;0;0
FR;9;2021-12-05;0;0;0;0;0;0;0;0;0;0
FR;9;2021-12-06;0;0;0;0;0;0;0;0;0;0
FR;9;2021-12-07;0;0;0;0;0;0;0;0;0;0
FR;9;2021-12-08;0;0;0;0;0;0;0;0;0;0
FR;9;2021-12-09;0;0;0;0;0;0;0;0;0;0
FR;9;2021-12-10;0;0;0;0;0;0;0;0;0;0
FR;9;2021-12-11;0;0;0;0;0;0;0;0;0;0
FR;9;2021-12-12;0;0;0;0;0;0;0;0;0;0
FR;9;2021-12-13;0;0;0;0;0;0;0;0;0;0
FR;9;2021-12-14;0;0;0;0;0;0;0;0;0;0
FR;9;2021-12-15;0;0;0;0;0;0;0;0;0;0
FR;9;2021-12-16;0;0;0;0;0;0;0;0;0;0
FR;9;2021-12-17;0;0;0;0;0;0;0;0;0;0
FR;9;2021-12-18;0;0;0;0;0;0;0;0;0;0
FR;9;2021-12-19;0;0;0;0;0;0;0;0;0;0
FR;9;2021-12-20;0;0;0;0;0;0;0;0;0;0
FR;9;2021-12-21;0;0;0;0;0;0;0;0;0;0
FR;9;2021-12-22;0;0;0;0;0;0;0;0;0;0
FR;9;2021-12-23;0;0;0;0;0;0;0;0;0;0
FR;9;2021-12-24;0;0;0;0;0;0;0;0;0;0
FR;9;2021-12-25;0;0;0;0;0;0;0;0;0;0
FR;9;2021-12-26;0;0;0;0;0;0;0;0;0;0
FR;9;2021-12-27;0;0;0;0;0;0;0;0;0;0
FR;9;2021-12-28;0;0;0;0;0;0;0;0;0;0
FR;9;2021-12-29;0;0;0;0;0;0;0;0;0;0
FR;9;2021-12-30;0;0;0;0;0;0;0;0;0;0
FR;9;2021-12-31;0;0;0;0;0;0;0;0;0;0
FR;9;2022-01-01;0;0;0;0;0;0;0;0;0;0
FR;9;2022-01-02;0;0;0;0;0;0;0;0;0;0
FR;9;2022-01-03;0;0;0;0;0;0;0;0;0;0
FR;9;2022-01-04;0;0;0;0;0;0;0;0;0;0
FR;9;2022-01-05;0;0;0;0;0;0;0;0;0;0
FR;9;2022-01-06;0;0;0;0;0;0;0;0;0;0
FR;9;2022-01-07;0;0;0;0;0;0;0;0;0;0
FR;9;2022-01-08;0;0;0;0;0;0;0;0;0;0
FR;9;2022-01-09;0;0;0;0;0;0;0;0;0;0
FR;9;2022-01-10;0;0;0;0;0;0;0;0;0;0
FR;9;2022-01-11;0;0;0;0;0;0;0;0;0;0
FR;9;2022-01-12;0;0;0;0;0;0;0;0;0;0
FR;9;2022-01-13;0;0;0;0;0;0;0;0;0;0
FR;9;2022-01-14;0;0;0;0;0;0;0;0;0;0
FR;9;2022-01-15;0;0;0;0;0;0;0;0;0;0
FR;9;2022-01-16;0;0;0;0;0;0;0;0;0;0
FR;9;2022-01-17;0;0;0;0;0;0;0;0;0;0
FR;9;2022-01-18;0;0;0;0;0;0;0;0;0;0
FR;9;2022-01-19;0;0;0;0;0;0;0;0;0;0
FR;9;2022-01-20;0;0;0;0;0;0;0;0;0;0
FR;9;2022-01-21;0;0;0;0;0;0;0;0;0;0
FR;9;2022-01-22;0;0;0;0;0;0;0;0;0;0
FR;9;2022-01-23;0;0;0;0;0;0;0;0;0;0
FR;9;2022-01-24;0;0;0;0;0;0;0;0;0;0
FR;9;2022-01-25;0;0;0;0;0;0;0;0;0;0
FR;9;2022-01-26;0;0;0;0;0;0;0;0;0;0
FR;9;2022-01-27;0;0;0;0;0;0;0;0;0;0
FR;9;2022-01-28;0;0;0;0;0;0;0;0;0;0
FR;9;2022-01-29;0;0;0;0;0;0;0;0;0;0
FR;9;2022-01-30;0;0;0;0;0;0;0;0;0;0
FR;9;2022-01-31;0;0;0;0;0;0;0;0;0;0
FR;9;2022-02-01;0;0;0;0;0;0;0;0;0;0
FR;9;2022-02-02;0;0;0;0;0;0;0;0;0;0
FR;9;2022-02-03;0;0;0;0;0;0;0;0;0;0
FR;9;2022-02-04;0;0;0;0;0;0;0;0;0;0
FR;9;2022-02-05;0;0;0;0;0;0;0;0;0;0
FR;9;2022-02-06;0;0;0;0;0;0;0;0;0;0
FR;9;2022-02-07;0;0;0;0;0;0;0;0;0;0
FR;9;2022-02-08;0;0;0;0;0;0;0;0;0;0
FR;9;2022-02-09;0;0;0;0;0;0;0;0;0;0
FR;9;2022-02-10;0;0;0;0;0;0;0;0;0;0
FR;9;2022-02-11;0;0;0;0;0;0;0;0;0;0
FR;9;2022-02-12;0;0;0;0;0;0;0;0;0;0
FR;9;2022-02-13;0;0;0;0;0;0;0;0;0;0
FR;9;2022-02-14;0;0;0;0;0;0;0;0;0;0
FR;9;2022-02-15;0;0;0;0;0;0;0;0;0;0
FR;9;2022-02-16;0;0;0;0;0;0;0;0;0;0
FR;9;2022-02-17;0;0;0;0;0;0;0;0;0;0
FR;9;2022-02-18;0;0;0;0;0;0;0;0;0;0
FR;9;2022-02-19;0;0;0;0;0;0;0;0;0;0
FR;9;2022-02-20;0;0;0;0;0;0;0;0;0;0
FR;9;2022-02-21;0;0;0;0;0;0;0;0;0;0
FR;9;2022-02-22;0;0;0;0;0;0;0;0;0;0
FR;9;2022-02-23;0;0;0;0;0;0;0;0;0;0
FR;9;2022-02-24;0;0;0;0;0;0;0;0;0;0
FR;9;2022-02-25;0;0;0;0;0;0;0;0;0;0
FR;9;2022-02-26;0;0;0;0;0;0;0;0;0;0
FR;9;2022-02-27;0;0;0;0;0;0;0;0;0;0
FR;9;2022-02-28;0;0;0;0;0;0;0;0;0;0
FR;9;2022-03-01;0;0;0;0;0;0;0;0;0;0
FR;9;2022-03-02;0;0;0;0;0;0;0;0;0;0
FR;9;2022-03-03;0;0;0;0;0;0;0;0;0;0
FR;9;2022-03-04;0;0;0;0;0;0;0;0;0;0
FR;9;2022-03-05;0;0;0;0;0;0;0;0;0;0
FR;9;2022-03-06;0;0;0;0;0;0;0;0;0;0
FR;9;2022-03-07;0;0;0;0;0;0;0;0;0;0
FR;9;2022-03-08;0;0;0;0;0;0;0;0;0;0
FR;9;2022-03-09;0;0;0;0;0;0;0;0;0;0
FR;9;2022-03-10;0;0;0;0;0;0;0;0;0;0
FR;9;2022-03-11;0;0;0;0;0;0;0;0;0;0
FR;9;2022-03-12;0;0;0;0;0;0;0;0;0;0
FR;9;2022-03-13;0;0;0;0;0;0;0;0;0;0
FR;9;2022-03-14;0;0;0;0;0;0;0;0;0;0
FR;9;2022-03-15;0;0;0;0;0;0;0;0;0;0
FR;9;2022-03-16;0;0;0;0;0;0;0;0;0;0
FR;9;2022-03-17;0;0;0;0;0;0;0;0;0;0
FR;9;2022-03-18;0;0;0;0;0;0;0;0;0;0
FR;9;2022-03-19;0;0;0;0;0;0;0;0;0;0
FR;9;2022-03-20;0;0;0;0;0;0;0;0;0;0
FR;9;2022-03-21;0;0;0;0;0;0;0;0;0;0
FR;9;2022-03-22;0;0;0;0;0;0;0;0;0;0
FR;9;2022-03-23;0;0;0;0;0;0;0;0;0;0
FR;9;2022-03-24;0;0;0;0;0;0;0;0;0;0
FR;9;2022-03-25;0;0;0;0;0;0;0;0;0;0
FR;9;2022-03-26;0;0;0;0;0;0;0;0;0;0
FR;9;2022-03-27;0;0;0;0;0;0;0;0;0;0
FR;9;2022-03-28;0;0;0;0;0;0;0;0;0;0
FR;9;2022-03-29;0;0;0;0;0;0;0;0;0;0
FR;9;2022-03-30;0;0;0;0;0;0;0;0;0;0
FR;9;2022-03-31;0;0;0;0;0;0;0;0;0;0
FR;9;2022-04-01;0;0;0;0;0;0;0;0;0;0
FR;9;2022-04-02;0;0;0;0;0;0;0;0;0;0
FR;9;2022-04-03;0;0;0;0;0;0;0;0;0;0
FR;9;2022-04-04;0;0;0;0;0;0;0;0;0;0
FR;9;2022-04-05;0;0;0;0;0;0;0;0;0;0
FR;9;2022-04-06;0;0;0;0;0;0;0;0;0;0
FR;9;2022-04-07;0;0;0;0;0;0;0;0;0;0
FR;9;2022-04-08;0;0;0;0;0;0;0;0;0;0
FR;9;2022-04-09;0;0;0;0;0;0;0;0;0;0
FR;9;2022-04-10;0;0;0;0;0;0;0;0;0;0
FR;9;2022-04-11;0;0;0;0;0;0;0;0;0;0
FR;9;2022-04-12;0;0;0;0;0;0;0;0;0;0
FR;9;2022-04-13;0;0;0;0;0;0;0;0;0;0
FR;9;2022-04-14;0;0;0;0;0;0;0;0;0;0
FR;9;2022-04-15;0;0;0;0;0;0;0;0;0;0
FR;9;2022-04-16;0;0;0;0;0;0;0;0;0;0
FR;9;2022-04-17;0;0;0;0;0;0;0;0;0;0
FR;9;2022-04-18;0;0;0;0;0;0;0;0;0;0
FR;9;2022-04-19;0;0;0;0;0;0;0;0;0;0
FR;9;2022-04-20;0;0;0;0;0;0;0;0;0;0
FR;9;2022-04-21;0;0;0;0;0;0;0;0;0;0
FR;9;2022-04-22;0;0;0;0;0;0;0;0;0;0
FR;9;2022-04-23;0;0;0;0;0;0;0;0;0;0
FR;9;2022-04-24;0;0;0;0;0;0;0;0;0;0
FR;9;2022-04-25;0;0;0;0;0;0;0;0;0;0
FR;9;2022-04-26;0;0;0;0;0;0;0;0;0;0
FR;9;2022-04-27;0;0;0;0;0;0;0;0;0;0
FR;9;2022-04-28;0;0;0;0;0;0;0;0;0;0
FR;9;2022-04-29;0;0;0;0;0;0;0;0;0;0
FR;9;2022-04-30;0;0;0;0;0;0;0;0;0;0
FR;9;2022-05-01;0;0;0;0;0;0;0;0;0;0
FR;9;2022-05-02;0;0;0;0;0;0;0;0;0;0
FR;9;2022-05-03;0;0;0;0;0;0;0;0;0;0
FR;9;2022-05-04;0;0;0;0;0;0;0;0;0;0
FR;9;2022-05-05;0;0;0;0;0;0;0;0;0;0
FR;9;2022-05-06;0;0;0;0;0;0;0;0;0;0
FR;9;2022-05-07;0;0;0;0;0;0;0;0;0;0
FR;9;2022-05-08;0;0;0;0;0;0;0;0;0;0
FR;9;2022-05-09;0;0;0;0;0;0;0;0;0;0
FR;9;2022-05-10;0;0;0;0;0;0;0;0;0;0
FR;9;2022-05-11;0;0;0;0;0;0;0;0;0;0
FR;9;2022-05-12;0;0;0;0;0;0;0;0;0;0
FR;9;2022-05-13;0;0;0;0;0;0;0;0;0;0
FR;9;2022-05-14;0;0;0;0;0;0;0;0;0;0
FR;9;2022-05-15;0;0;0;0;0;0;0;0;0;0
FR;9;2022-05-16;0;0;0;0;0;0;0;0;0;0
FR;9;2022-05-17;0;0;0;0;0;0;0;0;0;0
FR;9;2022-05-18;0;0;0;0;0;0;0;0;0;0
FR;9;2022-05-19;0;0;0;0;0;0;0;0;0;0
FR;9;2022-05-20;0;0;0;0;0;0;0;0;0;0
FR;9;2022-05-21;0;0;0;0;0;0;0;0;0;0
FR;9;2022-05-22;0;0;0;0;0;0;0;0;0;0
FR;9;2022-05-23;0;0;0;0;0;0;0;0;0;0
FR;9;2022-05-24;0;0;0;0;0;0;0;0;0;0
FR;9;2022-05-25;0;0;0;0;0;0;0;0;0;0
FR;9;2022-05-26;0;0;0;0;0;0;0;0;0;0
FR;9;2022-05-27;0;0;0;0;0;0;0;0;0;0
FR;9;2022-05-28;0;0;0;0;0;0;0;0;0;0
FR;9;2022-05-29;0;0;0;0;0;0;0;0;0;0
FR;9;2022-05-30;0;0;0;0;0;0;0;0;0;0
FR;9;2022-05-31;0;0;0;0;0;0;0;0;0;0
FR;9;2022-06-01;0;0;0;0;0;0;0;0;0;0
FR;9;2022-06-02;0;0;0;0;0;0;0;0;0;0
FR;9;2022-06-03;0;0;0;0;0;0;0;0;0;0
FR;9;2022-06-04;0;0;0;0;0;0;0;0;0;0
FR;9;2022-06-05;0;0;0;0;0;0;0;0;0;0
FR;9;2022-06-06;0;0;0;0;0;0;0;0;0;0
FR;9;2022-06-07;0;0;0;0;0;0;0;0;0;0
FR;9;2022-06-08;0;0;0;0;0;0;0;0;0;0
FR;9;2022-06-09;0;0;0;0;0;0;0;0;0;0
FR;9;2022-06-10;0;0;0;0;0;0;0;0;0;0
FR;9;2022-06-11;0;0;0;0;0;0;0;0;0;0
FR;9;2022-06-12;0;0;0;0;0;0;0;0;0;0
FR;9;2022-06-13;0;0;0;0;0;0;0;0;0;0
FR;9;2022-06-14;0;0;0;0;0;0;0;0;0;0
FR;9;2022-06-15;0;0;0;0;0;0;0;0;0;0
FR;9;2022-06-16;0;0;0;0;0;0;0;0;0;0
FR;9;2022-06-17;0;0;0;0;0;0;0;0;0;0
FR;9;2022-06-18;0;0;0;0;0;0;0;0;0;0
FR;9;2022-06-19;0;0;0;0;0;0;0;0;0;0
FR;9;2022-06-20;0;0;0;0;0;0;0;0;0;0
FR;9;2022-06-21;0;0;0;0;0;0;0;0;0;0
FR;9;2022-06-22;0;0;0;0;0;0;0;0;0;0
FR;9;2022-06-23;0;0;0;0;0;0;0;0;0;0
FR;9;2022-06-24;0;0;0;0;0;0;0;0;0;0
FR;9;2022-06-25;0;0;0;0;0;0;0;0;0;0
FR;9;2022-06-26;0;0;0;0;0;0;0;0;0;0
FR;9;2022-06-27;0;0;0;0;0;0;0;0;0;0
FR;9;2022-06-28;0;0;0;0;0;0;0;0;0;0
FR;9;2022-06-29;0;0;0;0;0;0;0;0;0;0
FR;9;2022-06-30;0;0;0;0;0;0;0;0;0;0
FR;9;2022-07-01;0;0;0;0;0;0;0;0;0;0
FR;9;2022-07-02;0;0;0;0;0;0;0;0;0;0
FR;9;2022-07-03;0;0;0;0;0;0;0;0;0;0
FR;9;2022-07-04;0;0;0;0;0;0;0;0;0;0
FR;9;2022-07-05;0;0;0;0;0;0;0;0;0;0
FR;9;2022-07-06;0;0;0;0;0;0;0;0;0;0
FR;9;2022-07-07;0;0;0;0;0;0;0;0;0;0
FR;9;2022-07-08;0;0;0;0;0;0;0;0;0;0
FR;9;2022-07-09;0;0;0;0;0;0;0;0;0;0
FR;9;2022-07-10;0;0;0;0;0;0;0;0;0;0
FR;9;2022-07-11;0;0;0;0;0;0;0;0;0;0
FR;9;2022-07-12;0;0;0;0;0;0;0;0;0;0
FR;9;2022-07-13;0;0;0;0;0;0;0;0;0;0
FR;9;2022-07-14;0;0;0;0;0;0;0;0;0;0
FR;9;2022-07-15;0;0;0;0;0;0;0;0;0;0
FR;9;2022-07-16;0;0;0;0;0;0;0;0;0;0
FR;9;2022-07-17;0;0;0;0;0;0;0;0;0;0
FR;9;2022-07-18;0;0;0;0;0;0;0;0;0;0
FR;9;2022-07-19;0;0;0;0;0;0;0;0;0;0
FR;9;2022-07-20;0;0;0;0;0;0;0;0;0;0
FR;9;2022-07-21;0;0;0;0;0;0;0;0;0;0
FR;9;2022-07-22;0;0;0;0;0;0;0;0;0;0
FR;9;2022-07-23;0;0;0;0;0;0;0;0;0;0
FR;9;2022-07-24;0;0;0;0;0;0;0;0;0;0
FR;9;2022-07-25;0;0;0;0;0;0;0;0;0;0
FR;9;2022-07-26;0;0;0;0;0;0;0;0;0;0
FR;9;2022-07-27;0;0;0;0;0;0;0;0;0;0
FR;9;2022-07-28;0;0;0;0;0;0;0;0;0;0
FR;9;2022-07-29;0;0;0;0;0;0;0;0;0;0
FR;9;2022-07-30;0;0;0;0;0;0;0;0;0;0
FR;9;2022-07-31;0;0;0;0;0;0;0;0;0;0
FR;9;2022-08-01;0;0;0;0;0;0;0;0;0;0
FR;9;2022-08-02;0;0;0;0;0;0;0;0;0;0
FR;9;2022-08-03;0;0;0;0;0;0;0;0;0;0
FR;9;2022-08-04;0;0;0;0;0;0;0;0;0;0
FR;9;2022-08-05;0;0;0;0;0;0;0;0;0;0
FR;9;2022-08-06;0;0;0;0;0;0;0;0;0;0
FR;9;2022-08-07;0;0;0;0;0;0;0;0;0;0
FR;9;2022-08-08;0;0;0;0;0;0;0;0;0;0
FR;9;2022-08-09;0;0;0;0;0;0;0;0;0;0
FR;9;2022-08-10;0;0;0;0;0;0;0;0;0;0
FR;9;2022-08-11;0;0;0;0;0;0;0;0;0;0
FR;9;2022-08-12;0;0;0;0;0;0;0;0;0;0
FR;9;2022-08-13;0;0;0;0;0;0;0;0;0;0
FR;9;2022-08-14;0;0;0;0;0;0;0;0;0;0
FR;9;2022-08-15;0;0;0;0;0;0;0;0;0;0
FR;9;2022-08-16;0;0;0;0;0;0;0;0;0;0
FR;9;2022-08-17;0;0;0;0;0;0;0;0;0;0
FR;9;2022-08-18;0;0;0;0;0;0;0;0;0;0
FR;9;2022-08-19;0;0;0;0;0;0;0;0;0;0
FR;9;2022-08-20;0;0;0;0;0;0;0;0;0;0
FR;9;2022-08-21;0;0;0;0;0;0;0;0;0;0
FR;9;2022-08-22;0;0;0;0;0;0;0;0;0;0
FR;9;2022-08-23;0;0;0;0;0;0;0;0;0;0
FR;9;2022-08-24;0;0;0;0;0;0;0;0;0;0
FR;9;2022-08-25;0;0;0;0;0;0;0;0;0;0
FR;9;2022-08-26;0;0;0;0;0;0;0;0;0;0
FR;9;2022-08-27;0;0;0;0;0;0;0;0;0;0
FR;9;2022-08-28;0;0;0;0;0;0;0;0;0;0
FR;9;2022-08-29;0;0;0;0;0;0;0;0;0;0
FR;9;2022-08-30;0;0;0;0;0;0;0;0;0;0
FR;9;2022-08-31;0;0;0;0;0;0;0;0;0;0
FR;9;2022-09-01;0;0;0;0;0;0;0;0;0;0
FR;9;2022-09-02;0;0;0;0;0;0;0;0;0;0
FR;9;2022-09-03;0;0;0;0;0;0;0;0;0;0
FR;9;2022-09-04;0;0;0;0;0;0;0;0;0;0
FR;9;2022-09-05;0;0;0;0;0;0;0;0;0;0
FR;9;2022-09-06;0;0;0;0;0;0;0;0;0;0
FR;9;2022-09-07;0;0;0;0;0;0;0;0;0;0
FR;9;2022-09-08;0;0;0;0;0;0;0;0;0;0
FR;9;2022-09-09;0;0;0;0;0;0;0;0;0;0
FR;9;2022-09-10;0;0;0;0;0;0;0;0;0;0
FR;9;2022-09-11;0;0;0;0;0;0;0;0;0;0
FR;9;2022-09-12;0;0;0;0;0;0;0;0;0;0
FR;9;2022-09-13;0;0;0;0;0;0;0;0;0;0
FR;9;2022-09-14;0;0;0;0;0;0;0;0;0;0
FR;9;2022-09-15;0;0;0;0;0;0;0;0;0;0
FR;9;2022-09-16;0;0;0;0;0;0;0;0;0;0
FR;9;2022-09-17;0;0;0;0;0;0;0;0;0;0
FR;9;2022-09-18;0;0;0;0;0;0;0;0;0;0
FR;9;2022-09-19;0;0;0;0;0;0;0;0;0;0
FR;9;2022-09-20;0;0;0;0;0;0;0;0;0;0
FR;9;2022-09-21;0;0;0;0;0;0;0;0;0;0
FR;9;2022-09-22;0;0;0;0;0;0;0;0;0;0
FR;9;2022-09-23;0;0;0;0;0;0;0;0;0;0
FR;9;2022-09-24;0;0;0;0;0;0;0;0;0;0
FR;9;2022-09-25;0;0;0;0;0;0;0;0;0;0
FR;9;2022-09-26;0;0;0;0;0;0;0;0;0;0
FR;9;2022-09-27;0;0;0;0;0;0;0;0;0;0
FR;9;2022-09-28;0;0;0;0;0;0;0;0;0;0
FR;9;2022-09-29;1;1;8;31;6;1;1;8;31;6
FR;9;2022-09-30;4;12;60;604;47;5;13;68;635;53
FR;9;2022-10-01;9;1;43;327;26;14;14;111;962;79
FR;9;2022-10-02;1;1;5;50;4;15;15;116;1012;83
FR;9;2022-10-03;10;16;149;1713;128;25;31;265;2725;211
FR;9;2022-10-04;20;48;353;3951;228;45;79;618;6676;439
FR;9;2022-10-05;27;19;269;2996;203;72;98;887;9672;642
FR;9;2022-10-06;23;34;399;4598;300;95;132;1286;14270;942
FR;9;2022-10-07;29;50;499;5701;384;124;182;1785;19971;1326
FR;9;2022-10-08;10;18;127;1088;86;134;200;1912;21059;1412
FR;9;2022-10-09;1;7;22;197;29;135;207;1934;21256;1441
FR;9;2022-10-10;11;26;207;2572;181;146;233;2141;23828;1622
FR;9;2022-10-11;32;40;426;5041;314;178;273;2567;28869;1936
FR;9;2022-10-12;22;26;297;2984;212;200;299;2864;31853;2148
FR;9;2022-10-13;24;42;374;3978;244;224;341;3238;35831;2392
FR;9;2022-10-14;27;26;381;4424;293;251;367;3619;40255;2685
FR;9;2022-10-15;13;8;101;1049;79;264;375;3720;41304;2764
FR;9;2022-10-16;4;1;9;131;12;268;376;3729;41435;2776
FR;9;2022-10-17;4;22;165;1870;127;272;398;3894;43305;2903
FR;9;2022-10-18;35;28;308;3408;219;307;426;4202;46713;3122
FR;9;2022-10-19;20;19;259;2676;171;327;445;4461;49389;3293
FR;9;2022-10-20;20;22;308;3622;232;347;467;4769;53011;3525
FR;9;2022-10-21;14;31;324;3518;225;361;498;5093;56529;3750
FR;9;2022-10-22;10;11;89;913;62;371;509;5182;57442;3812
FR;9;2022-10-23;2;2;17;99;10;373;511;5199;57541;3822
FR;9;2022-10-24;7;17;158;1359;104;380;528;5357;58900;3926
FR;9;2022-10-25;18;22;227;2837;188;398;550;5584;61737;4114
FR;9;2022-10-26;14;15;159;1786;119;412;565;5743;63523;4233
FR;9;2022-10-27;9;26;229;2278;170;421;591;5972;65801;4403
FR;9;2022-10-28;18;27;223;2258;148;439;618;6195;68059;4551
FR;9;2022-10-29;11;8;54;503;46;450;626;6249;68562;4597
FR;9;2022-10-30;2;1;8;58;8;452;627;6257;68620;4605
FR;9;2022-10-31;13;5;104;653;57;465;632;6361;69273;4662
FR;9;2022-11-01;1;1;15;43;11;466;633;6376;69316;4673
FR;9;2022-11-02;7;11;102;1014;76;473;644;6478;70330;4749
FR;9;2022-11-03;17;17;156;1573;90;490;661;6634;71903;4839
FR;9;2022-11-04;19;18;190;1713;112;509;679;6824;73616;4951
FR;9;2022-11-05;8;9;57;402;37;517;688;6881;74018;4988
FR;9;2022-11-06;5;4;5;59;2;522;692;6886;74077;4990
FR;9;2022-11-07;16;19;81;889;80;538;711;6967;74966;5070
FR;9;2022-11-08;10;18;160;1774;132;548;729;7127;76740;5202
FR;9;2022-11-09;16;16;112;1235;94;564;745;7239;77975;5296
FR;9;2022-11-10;12;21;149;1562;130;576;766;7388;79537;5426
FR;9;2022-11-11;1;0;13;81;6;577;766;7401;79618;5432
FR;9;2022-11-12;4;8;42;253;19;581;774;7443;79871;5451
FR;9;2022-11-13;2;0;4;30;4;583;774;7447;79901;5455
FR;9;2022-11-14;9;12;56;699;43;592;786;7503;80600;5498
FR;9;2022-11-15;14;16;139;1275;91;606;802;7642;81875;5589
FR;9;2022-11-16;9;4;93;942;54;615;806;7735;82817;5643
FR;9;2022-11-17;7;13;116;1025;73;622;819;7851;83842;5716
FR;9;2022-11-18;6;15;113;1393;70;628;834;7964;85235;5786
FR;9;2022-11-19;3;4;48;339;25;631;838;8012;85574;5811
FR;9;2022-11-20;1;0;5;35;3;632;838;8017;85609;5814
FR;0;2020-12-27;611;0;0;0;0;611;0;0;0;0
FR;0;2020-12-28;693;1;0;0;0;1304;1;0;0;0
FR;0;2020-12-29;387;0;0;0;0;1691;1;0;0;0
FR;0;2020-12-30;445;0;0;0;0;2136;1;0;0;0
FR;0;2020-12-31;444;1;0;0;0;2580;2;0;0;0
FR;0;2021-01-01;1171;2;0;0;0;3751;4;0;0;0
FR;0;2021-01-02;366;3;0;0;0;4117;7;0;0;0
FR;0;2021-01-03;407;0;0;0;0;4524;7;0;0;0
FR;0;2021-01-04;2122;4;0;0;0;6646;11;0;0;0
FR;0;2021-01-05;7757;5;0;0;0;14403;16;0;0;0
FR;0;2021-01-06;12463;22;0;0;0;26866;38;0;0;0
FR;0;2021-01-07;29472;20;0;0;0;56338;58;0;0;0
FR;0;2021-01-08;37156;23;0;0;0;93494;81;0;0;0
FR;0;2021-01-09;11216;9;0;0;0;104710;90;0;0;0
FR;0;2021-01-10;6009;7;0;0;0;110719;97;0;0;0
FR;0;2021-01-11;39949;30;0;0;0;150668;127;0;0;0
FR;0;2021-01-12;62149;23;0;0;0;212817;150;0;0;0
FR;0;2021-01-13;65132;51;0;0;0;277949;201;0;0;0
FR;0;2021-01-14;83115;193;0;0;0;361064;394;0;0;0
FR;0;2021-01-15;69017;78;0;0;0;430081;472;0;0;0
FR;0;2021-01-16;20217;72;0;0;0;450298;544;0;0;0
FR;0;2021-01-17;10988;50;0;0;0;461286;594;0;0;0
FR;0;2021-01-18;85913;174;0;0;0;547199;768;0;0;0
FR;0;2021-01-19;130608;199;0;0;0;677807;967;0;0;0
FR;0;2021-01-20;137560;190;0;0;0;815367;1157;0;0;0
FR;0;2021-01-21;158416;190;0;0;0;973783;1347;0;0;0
FR;0;2021-01-22;121075;241;0;0;0;1094858;1588;0;0;0
FR;0;2021-01-23;38486;73;0;0;0;1133344;1661;0;0;0
FR;0;2021-01-24;9747;113;0;0;0;1143091;1774;0;0;0
FR;0;2021-01-25;78244;1393;0;0;0;1221335;3167;0;0;0
FR;0;2021-01-26;100384;3600;1;0;0;1321719;6767;1;0;0
FR;0;2021-01-27;107258;6298;0;0;0;1428977;13065;1;0;0
FR;0;2021-01-28;124367;16028;0;0;0;1553344;29093;1;0;0
FR;0;2021-01-29;92191;18510;0;0;0;1645535;47603;1;0;0
FR;0;2021-01-30;29128;4484;0;0;0;1674663;52087;1;0;0
FR;0;2021-01-31;5239;1858;0;0;0;1679902;53945;1;0;0
FR;0;2021-02-01;53139;22534;0;0;0;1733041;76479;1;0;0
FR;0;2021-02-02;72323;37442;0;0;0;1805364;113921;1;0;0
FR;0;2021-02-03;72316;39592;0;0;0;1877680;153513;1;0;0
FR;0;2021-02-04;82084;54079;0;0;0;1959764;207592;1;0;0
FR;0;2021-02-05;68242;47467;0;0;0;2028006;255059;1;0;0
FR;0;2021-02-06;22993;11225;0;0;0;2050999;266284;1;0;0
FR;0;2021-02-07;5192;5859;0;0;0;2056191;272143;1;0;0
FR;0;2021-02-08;46848;48317;0;0;0;2103039;320460;1;0;0
FR;0;2021-02-09;66027;77303;0;0;0;2169066;397763;1;0;0
FR;0;2021-02-10;71031;82064;0;0;0;2240097;479827;1;0;0
FR;0;2021-02-11;87294;104549;0;0;0;2327391;584376;1;0;0
FR;0;2021-02-12;79342;75541;0;0;0;2406733;659917;1;0;0
FR;0;2021-02-13;22385;19524;0;0;0;2429118;679441;1;0;0
FR;0;2021-02-14;5079;7348;0;0;0;2434197;686789;1;0;0
FR;0;2021-02-15;38115;76615;0;0;0;2472312;763404;1;0;0
FR;0;2021-02-16;50407;100058;0;0;0;2522719;863462;1;0;0
FR;0;2021-02-17;50546;106398;20;0;0;2573265;969860;21;0;0
FR;0;2021-02-18;69801;122833;0;0;0;2643066;1092693;21;0;0
FR;0;2021-02-19;65079;91852;1;0;0;2708145;1184545;22;0;0
FR;0;2021-02-20;18595;28635;0;0;0;2726740;1213180;22;0;0
FR;0;2021-02-21;3327;6138;0;0;0;2730067;1219318;22;0;0
FR;0;2021-02-22;37505;73182;2;0;0;2767572;1292500;24;0;0
FR;0;2021-02-23;53788;85139;1;0;0;2821360;1377639;25;0;0
FR;0;2021-02-24;60023;82664;1;0;0;2881383;1460303;26;0;0
FR;0;2021-02-25;100593;91395;1;0;0;2981976;1551698;27;0;0
FR;0;2021-02-26;113484;70812;1;0;0;3095460;1622510;28;0;0
FR;0;2021-02-27;52121;22359;1;0;0;3147581;1644869;29;0;0
FR;0;2021-02-28;6206;4190;2;0;0;3153787;1649059;31;0;0
FR;0;2021-03-01;65920;53927;1;0;0;3219707;1702986;32;0;0
FR;0;2021-03-02;101403;67120;3;0;0;3321110;1770106;35;0;0
FR;0;2021-03-03;116540;65580;0;0;0;3437650;1835686;35;0;0
FR;0;2021-03-04;163646;72061;3;0;0;3601296;1907747;38;0;0
FR;0;2021-03-05;200944;62791;3;0;0;3802240;1970538;41;0;0
FR;0;2021-03-06;207975;17520;3;0;0;4010215;1988058;44;0;0
FR;0;2021-03-07;121284;4288;1;0;0;4131499;1992346;45;0;0
FR;0;2021-03-08;107163;49811;2;0;0;4238662;2042157;47;0;0
FR;0;2021-03-09;172468;56263;2;0;0;4411130;2098420;49;0;0
FR;0;2021-03-10;179024;57081;5;0;0;4590154;2155501;54;0;0
FR;0;2021-03-11;242917;63967;2;0;0;4833071;2219468;56;0;0
FR;0;2021-03-12;294846;53419;1;0;0;5127917;2272887;57;0;0
FR;0;2021-03-13;231426;15277;1;0;0;5359343;2288164;58;0;0
FR;0;2021-03-14;63357;3147;1;0;0;5422700;2291311;59;0;0
FR;0;2021-03-15;158677;31687;3;0;0;5581377;2322998;62;0;0
FR;0;2021-03-16;141582;38944;6;0;0;5722959;2361942;68;0;0
FR;0;2021-03-17;150507;37735;4;0;0;5873466;2399677;72;0;0
FR;0;2021-03-18;167854;44450;5;0;0;6041320;2444127;77;0;0
FR;0;2021-03-19;230030;36868;2;0;0;6271350;2480995;79;0;0
FR;0;2021-03-20;166707;11418;1;0;0;6438057;2492413;80;0;0
FR;0;2021-03-21;49948;2226;1;0;0;6488005;2494639;81;0;0
FR;0;2021-03-22;170066;33670;2;0;0;6658071;2528309;83;0;0
FR;0;2021-03-23;250413;42394;1;0;0;6908484;2570703;84;0;0
FR;0;2021-03-24;256926;43550;0;0;0;7165410;2614253;84;0;0
FR;0;2021-03-25;341840;45221;5;0;0;7507250;2659474;89;0;0
FR;0;2021-03-26;358825;41867;5;1;0;7866075;2701341;94;1;0
FR;0;2021-03-27;195274;16907;1;0;0;8061349;2718248;95;1;0
FR;0;2021-03-28;59345;4418;3;0;0;8120694;2722666;98;1;0
FR;0;2021-03-29;202996;53544;4;0;0;8323690;2776210;102;1;0
FR;0;2021-03-30;285500;69912;5;0;0;8609190;2846122;107;1;0
FR;0;2021-03-31;263060;73829;4;0;0;8872250;2919951;111;1;0
FR;0;2021-04-01;315534;92041;11;0;0;9187784;3011992;122;1;0
FR;0;2021-04-02;281363;94314;7;0;0;9469147;3106306;129;1;0
FR;0;2021-04-03;141083;62456;6;0;0;9610230;3168762;135;1;0
FR;0;2021-04-04;46539;18970;2;0;0;9656769;3187732;137;1;0
FR;0;2021-04-05;63352;10518;11;0;0;9720121;3198250;148;1;0
FR;0;2021-04-06;217247;112146;17;0;0;9937368;3310396;165;1;0
FR;0;2021-04-07;260287;115291;17;0;0;10197655;3425687;182;1;0
FR;0;2021-04-08;337875;122739;14;0;0;10535530;3548426;196;1;0
FR;0;2021-04-09;410187;116713;49;0;0;10945717;3665139;245;1;0
FR;0;2021-04-10;212638;82840;15;0;0;11158355;3747979;260;1;0
FR;0;2021-04-11;56152;34188;7;0;0;11214507;3782167;267;1;0
FR;0;2021-04-12;237093;115724;46;0;0;11451600;3897891;313;1;0
FR;0;2021-04-13;309514;144264;98;1;0;11761114;4042155;411;2;0
FR;0;2021-04-14;294560;139658;215;0;0;12055674;4181813;626;2;0
FR;0;2021-04-15;337138;149933;339;0;0;12392812;4331746;965;2;0
FR;0;2021-04-16;339322;146747;354;0;0;12732134;4478493;1319;2;0
FR;0;2021-04-17;188676;89983;109;0;0;12920810;4568476;1428;2;0
FR;0;2021-04-18;51626;35436;47;0;0;12972436;4603912;1475;2;0
FR;0;2021-04-19;205723;138220;456;0;0;13178159;4742132;1931;2;0
FR;0;2021-04-20;254446;171624;569;0;0;13432605;4913756;2500;2;0
FR;0;2021-04-21;253294;169767;836;0;0;13685899;5083523;3336;2;0
FR;0;2021-04-22;287584;190023;818;0;0;13973483;5273546;4154;2;0
FR;0;2021-04-23;297758;184298;747;0;0;14271241;5457844;4901;2;0
FR;0;2021-04-24;190463;111880;252;0;0;14461704;5569724;5153;2;0
FR;0;2021-04-25;69566;38813;51;0;0;14531270;5608537;5204;2;0
FR;0;2021-04-26;220981;157918;563;0;0;14752251;5766455;5767;2;0
FR;0;2021-04-27;284629;187800;941;0;0;15036880;5954255;6708;2;0
FR;0;2021-04-28;299534;184254;1426;1;1;15336414;6138509;8134;3;1
FR;0;2021-04-29;357167;197672;1280;0;0;15693581;6336181;9414;3;1
FR;0;2021-04-30;372238;185676;1123;1;0;16065819;6521857;10537;4;1
FR;0;2021-05-01;167654;52498;179;0;0;16233473;6574355;10716;4;1
FR;0;2021-05-02;91756;37832;83;0;0;16325229;6612187;10799;4;1
FR;0;2021-05-03;288945;166355;843;0;0;16614174;6778542;11642;4;1
FR;0;2021-05-04;315704;225202;1235;0;0;16929878;7003744;12877;4;1
FR;0;2021-05-05;327225;225958;1315;0;0;17257103;7229702;14192;4;1
FR;0;2021-05-06;379545;240598;1634;0;0;17636648;7470300;15826;4;1
FR;0;2021-05-07;372782;258256;1223;0;0;18009430;7728556;17049;4;1
FR;0;2021-05-08;222171;70356;299;0;0;18231601;7798912;17348;4;1
FR;0;2021-05-09;129710;45122;243;0;0;18361311;7844034;17591;4;1
FR;0;2021-05-10;313405;229383;1237;0;0;18674716;8073417;18828;4;1
FR;0;2021-05-11;403927;258114;1566;0;0;19078643;8331531;20394;4;1
FR;0;2021-05-12;434137;233635;1543;0;0;19512780;8565166;21937;4;1
FR;0;2021-05-13;338618;56620;432;0;0;19851398;8621786;22369;4;1
FR;0;2021-05-14;454153;167421;1126;0;0;20305551;8789207;23495;4;1
FR;0;2021-05-15;374988;94294;444;0;0;20680539;8883501;23939;4;1
FR;0;2021-05-16;202763;20687;168;0;0;20883302;8904188;24107;4;1
FR;0;2021-05-17;376132;148774;1555;0;0;21259434;9052962;25662;4;1
FR;0;2021-05-18;460176;153844;1990;0;0;21719610;9206806;27652;4;1
FR;0;2021-05-19;467423;143194;2464;0;0;22187033;9350000;30116;4;1
FR;0;2021-05-20;507559;160262;2339;0;0;22694592;9510262;32455;4;1
FR;0;2021-05-21;489689;175015;1996;0;0;23184281;9685277;34451;4;1
FR;0;2021-05-22;347205;80137;670;0;0;23531486;9765414;35121;4;1
FR;0;2021-05-23;161698;14252;246;0;0;23693184;9779666;35367;4;1
FR;0;2021-05-24;263203;33138;604;0;0;23956387;9812804;35971;4;1
FR;0;2021-05-25;400289;190164;2355;1;0;24356676;10002968;38326;5;1
FR;0;2021-05-26;413465;190303;2225;0;0;24770141;10193271;40551;5;1
FR;0;2021-05-27;449826;219677;2163;0;0;25219967;10412948;42714;5;1
FR;0;2021-05-28;429566;260681;1894;0;0;25649533;10673629;44608;5;1
FR;0;2021-05-29;298994;150193;585;0;0;25948527;10823822;45193;5;1
FR;0;2021-05-30;107146;32518;164;0;0;26055673;10856340;45357;5;1
FR;0;2021-05-31;358046;203373;1471;1;1;26413719;11059713;46828;6;2
FR;0;2021-06-01;431057;251287;1965;1;1;26844776;11311000;48793;7;3
FR;0;2021-06-02;420126;232069;1984;0;0;27264902;11543069;50777;7;3
FR;0;2021-06-03;465634;257800;1825;0;0;27730536;11800869;52602;7;3
FR;0;2021-06-04;456265;305549;1734;1;1;28186801;12106418;54336;8;4
FR;0;2021-06-05;304811;189345;653;0;0;28491612;12295763;54989;8;4
FR;0;2021-06-06;133320;49049;226;0;0;28624932;12344812;55215;8;4
FR;0;2021-06-07;339997;261560;1526;0;0;28964929;12606372;56741;8;4
FR;0;2021-06-08;393902;291257;1804;0;0;29358831;12897629;58545;8;4
FR;0;2021-06-09;384888;274310;1733;0;0;29743719;13171939;60278;8;4
FR;0;2021-06-10;404201;287608;1726;1;0;30147920;13459547;62004;9;4
FR;0;2021-06-11;386677;356633;1467;1;0;30534597;13816180;63471;10;4
FR;0;2021-06-12;283277;211057;496;0;0;30817874;14027237;63967;10;4
FR;0;2021-06-13;104891;73843;204;0;0;30922765;14101080;64171;10;4
FR;0;2021-06-14;240847;354431;1427;1;0;31163612;14455511;65598;11;4
FR;0;2021-06-15;308180;384774;1574;1;0;31471792;14840285;67172;12;4
FR;0;2021-06-16;313989;357496;1418;1;0;31785781;15197781;68590;13;4
FR;0;2021-06-17;317701;372896;1430;1;0;32103482;15570677;70020;14;4
FR;0;2021-06-18;321761;442612;1340;1;0;32425243;16013289;71360;15;4
FR;0;2021-06-19;224349;273908;449;0;0;32649592;16287197;71809;15;4
FR;0;2021-06-20;74443;102363;129;0;0;32724035;16389560;71938;15;4
FR;0;2021-06-21;195782;401665;1038;1;1;32919817;16791225;72976;16;5
FR;0;2021-06-22;223212;467574;1266;10;1;33143029;17258799;74242;26;6
FR;0;2021-06-23;234046;439991;1197;1;1;33377075;17698790;75439;27;7
FR;0;2021-06-24;241874;409612;1358;0;0;33618949;18108402;76797;27;7
FR;0;2021-06-25;227650;522863;1401;0;0;33846599;18631265;78198;27;7
FR;0;2021-06-26;153270;370886;587;1;0;33999869;19002151;78785;28;7
FR;0;2021-06-27;55907;156024;169;1;0;34055776;19158175;78954;29;7
FR;0;2021-06-28;154793;452614;1176;0;0;34210569;19610789;80130;29;7
FR;0;2021-06-29;182726;507443;2123;0;0;34393295;20118232;82253;29;7
FR;0;2021-06-30;204020;485044;2014;21;2;34597315;20603276;84267;50;9
FR;0;2021-07-01;231412;458274;2223;5;1;34828727;21061550;86490;55;10
FR;0;2021-07-02;228696;520081;2120;5;2;35057423;21581631;88610;60;12
FR;0;2021-07-03;142046;368734;908;3;1;35199469;21950365;89518;63;13
FR;0;2021-07-04;56758;141054;265;0;0;35256227;22091419;89783;63;13
FR;0;2021-07-05;168524;418823;1668;8;2;35424751;22510242;91451;71;15
FR;0;2021-07-06;196782;474558;1830;45;8;35621533;22984800;93281;116;23
FR;0;2021-07-07;213214;439092;1879;25;4;35834747;23423892;95160;141;27
FR;0;2021-07-08;231655;424146;2089;20;5;36066402;23848038;97249;161;32
FR;0;2021-07-09;228624;511046;2185;4;2;36295026;24359084;99434;165;34
FR;0;2021-07-10;148625;339895;986;1;1;36443651;24698979;100420;166;35
FR;0;2021-07-11;60206;110083;283;0;0;36503857;24809062;100703;166;35
FR;0;2021-07-12;169428;477907;1763;4;0;36673285;25286969;102466;170;35
FR;0;2021-07-13;287270;526920;2049;8;1;36960555;25813889;104515;178;36
FR;0;2021-07-14;181109;157469;435;0;0;37141664;25971358;104950;178;36
FR;0;2021-07-15;347107;501871;2099;1;0;37488771;26473229;107049;179;36
FR;0;2021-07-16;380113;495323;2023;3;1;37868884;26968552;109072;182;37
FR;0;2021-07-17;259738;319695;877;1;0;38128622;27288247;109949;183;37
FR;0;2021-07-18;109726;114607;310;0;0;38238348;27402854;110259;183;37
FR;0;2021-07-19;285499;424226;1630;3;0;38523847;27827080;111889;186;37
FR;0;2021-07-20;376928;451605;1723;0;0;38900775;28278685;113612;186;37
FR;0;2021-07-21;395814;407182;1549;4;1;39296589;28685867;115161;190;38
FR;0;2021-07-22;441061;387514;1715;4;2;39737650;29073381;116876;194;40
FR;0;2021-07-23;440334;422319;1883;4;1;40177984;29495700;118759;198;41
FR;0;2021-07-24;285253;269367;804;1;0;40463237;29765067;119563;199;41
FR;0;2021-07-25;121116;79937;234;0;0;40584353;29845004;119797;199;41
FR;0;2021-07-26;347434;322429;1614;3;1;40931787;30167433;121411;202;42
FR;0;2021-07-27;464074;319524;1698;4;1;41395861;30486957;123109;206;43
FR;0;2021-07-28;459444;289501;1636;4;1;41855305;30776458;124745;210;44
FR;0;2021-07-29;489840;276334;1796;2;0;42345145;31052792;126541;212;44
FR;0;2021-07-30;461835;302503;1941;5;1;42806980;31355295;128482;217;45
FR;0;2021-07-31;285404;185042;915;1;0;43092384;31540337;129397;218;45
FR;0;2021-08-01;112033;49926;253;0;0;43204417;31590263;129650;218;45
FR;0;2021-08-02;341629;234156;1603;2;0;43546046;31824419;131253;220;45
FR;0;2021-08-03;398620;244599;1728;2;1;43944666;32069018;132981;222;46
FR;0;2021-08-04;384861;209655;1593;6;3;44329527;32278673;134574;228;49
FR;0;2021-08-05;366178;228462;1711;0;0;44695705;32507135;136285;228;49
FR;0;2021-08-06;359736;271349;1835;4;0;45055441;32778484;138120;232;49
FR;0;2021-08-07;213126;178336;756;5;1;45268567;32956820;138876;237;50
FR;0;2021-08-08;74194;63188;276;0;0;45342761;33020008;139152;237;50
FR;0;2021-08-09;258764;258808;1547;4;2;45601525;33278816;140699;241;52
FR;0;2021-08-10;306873;277288;1663;2;1;45908398;33556104;142362;243;53
FR;0;2021-08-11;279749;259687;1441;5;0;46188147;33815791;143803;248;53
FR;0;2021-08-12;271553;278170;1664;3;0;46459700;34093961;145467;251;53
FR;0;2021-08-13;252162;278112;1594;3;2;46711862;34372073;147061;254;55
FR;0;2021-08-14;145351;197117;741;0;0;46857213;34569190;147802;254;55
FR;0;2021-08-15;39390;50108;218;1;0;46896603;34619298;148020;255;55
FR;0;2021-08-16;186186;317638;1542;0;0;47082789;34936936;149562;255;55
FR;0;2021-08-17;215692;335975;1636;7;0;47298481;35272911;151198;262;55
FR;0;2021-08-18;199057;324472;1598;7;4;47497538;35597383;152796;269;59
FR;0;2021-08-19;192036;325505;1640;1;0;47689574;35922888;154436;270;59
FR;0;2021-08-20;186467;366280;1820;3;2;47876041;36289168;156256;273;61
FR;0;2021-08-21;104804;238119;708;0;0;47980845;36527287;156964;273;61
FR;0;2021-08-22;31943;87215;256;1;1;48012788;36614502;157220;274;62
FR;0;2021-08-23;140983;357077;1561;3;1;48153771;36971579;158781;277;63
FR;0;2021-08-24;162501;376701;1850;5;1;48316272;37348280;160631;282;64
FR;0;2021-08-25;151147;350784;2033;8;2;48467419;37699064;162664;290;66
FR;0;2021-08-26;142881;342771;2561;10;0;48610300;38041835;165225;300;66
FR;0;2021-08-27;148454;388278;2790;11;2;48758754;38430113;168015;311;68
FR;0;2021-08-28;90666;249604;1407;0;0;48849420;38679717;169422;311;68
FR;0;2021-08-29;27321;83349;518;1;0;48876741;38763066;169940;312;68
FR;0;2021-08-30;117421;324647;4713;6;5877;48994162;39087713;174653;318;5945
FR;0;2021-08-31;128819;334495;10188;19;11800;49122981;39422208;184841;337;17745
FR;0;2021-09-01;136143;285687;22432;8;24389;49259124;39707895;207273;345;42134
FR;0;2021-09-02;114656;247221;26518;20;28983;49373780;39955116;233791;365;71117
FR;0;2021-09-03;118314;292666;29965;24;33054;49492094;40247782;263756;389;104171
FR;0;2021-09-04;89889;217785;12585;12;14144;49581983;40465567;276341;401;118315
FR;0;2021-09-05;21359;44820;4395;2;4715;49603342;40510387;280736;403;123030
FR;0;2021-09-06;75687;180587;31956;16;34301;49679029;40690974;312692;419;157331
FR;0;2021-09-07;80310;181213;33246;43;36271;49759339;40872187;345938;462;193602
FR;0;2021-09-08;90996;206076;29666;28;32548;49850335;41078263;375604;490;226150
FR;0;2021-09-09;76950;165338;33077;27;36670;49927285;41243601;408681;517;262820
FR;0;2021-09-10;96040;203791;35740;28;40715;50023325;41447392;444421;545;303535
FR;0;2021-09-11;67165;169312;12139;19;14392;50090490;41616704;456560;564;317927
FR;0;2021-09-12;12826;32102;2780;1;3182;50103316;41648806;459340;565;321109
FR;0;2021-09-13;64565;126223;41242;35;44222;50167881;41775029;500582;600;365331
FR;0;2021-09-14;73494;129042;56375;80;62335;50241375;41904071;556957;680;427666
FR;0;2021-09-15;76645;167787;55665;58;54839;50318020;42071858;612622;738;482505
FR;0;2021-09-16;63882;114521;60096;82;60156;50381902;42186379;672718;820;542661
FR;0;2021-09-17;75085;156840;53856;71;57323;50456987;42343219;726574;891;599984
FR;0;2021-09-18;48234;139639;15601;25;17317;50505221;42482858;742175;916;617301
FR;0;2021-09-19;7908;23672;2438;1;2617;50513129;42506530;744613;917;619918
FR;0;2021-09-20;44569;93796;50083;72;50338;50557698;42600326;794696;989;670256
FR;0;2021-09-21;45893;98403;62762;76;63486;50603591;42698729;857458;1065;733742
FR;0;2021-09-22;48676;142392;55371;82;55447;50652267;42841121;912829;1147;789189
FR;0;2021-09-23;43275;92083;62396;95;63574;50695542;42933204;975225;1242;852763
FR;0;2021-09-24;52298;133306;54561;107;59207;50747840;43066510;1029786;1349;911970
FR;0;2021-09-25;35219;115635;16275;36;18300;50783059;43182145;1046061;1385;930270
FR;0;2021-09-26;5555;17803;2270;5;2327;50788614;43199948;1048331;1390;932597
FR;0;2021-09-27;33978;76928;47201;97;48179;50822592;43276876;1095532;1487;980776
FR;0;2021-09-28;36519;75250;54972;90;56572;50859111;43352126;1150504;1577;1037348
FR;0;2021-09-29;44420;100743;53365;112;54887;50903531;43452869;1203869;1689;1092235
FR;0;2021-09-30;36343;72968;57040;96;59591;50939874;43525837;1260909;1785;1151826
FR;0;2021-10-01;61707;102874;57821;108;63975;51001581;43628711;1318730;1893;1215801
FR;0;2021-10-02;39469;78439;20964;39;23369;51041050;43707150;1339694;1932;1239170
FR;0;2021-10-03;5286;10495;2533;4;2539;51046336;43717645;1342227;1936;1241709
FR;0;2021-10-04;35196;58505;52624;84;54838;51081532;43776150;1394851;2020;1296547
FR;0;2021-10-05;33926;64380;61024;135;65084;51115458;43840530;1455875;2155;1361631
FR;0;2021-10-06;42719;79295;65757;113;68353;51158177;43919825;1521632;2268;1429984
FR;0;2021-10-07;30569;62265;65433;89;68849;51188746;43982090;1587065;2357;1498833
FR;0;2021-10-08;49475;91916;77762;110;84763;51238221;44074006;1664827;2467;1583596
FR;0;2021-10-09;33676;60927;31546;35;33922;51271897;44134933;1696373;2502;1617518
FR;0;2021-10-10;4719;7432;3194;9;3476;51276616;44142365;1699567;2511;1620994
FR;0;2021-10-11;30727;49922;61045;105;64107;51307343;44192287;1760612;2616;1685101
FR;0;2021-10-12;31637;54501;70623;141;76010;51338980;44246788;1831235;2757;1761111
FR;0;2021-10-13;40158;62832;74436;136;79361;51379138;44309620;1905671;2893;1840472
FR;0;2021-10-14;30359;52885;68770;116;73842;51409497;44362505;1974441;3009;1914314
FR;0;2021-10-15;44948;75251;93244;191;103015;51454445;44437756;2067685;3200;2017329
FR;0;2021-10-16;31328;44104;36697;44;39649;51485773;44481860;2104382;3244;2056978
FR;0;2021-10-17;3889;5236;3600;2;3680;51489662;44487096;2107982;3246;2060658
FR;0;2021-10-18;29186;42378;67506;134;71363;51518848;44529474;2175488;3380;2132021
FR;0;2021-10-19;27191;45579;76412;140;81652;51546039;44575053;2251900;3520;2213673
FR;0;2021-10-20;35338;52430;96942;181;101550;51581377;44627483;2348842;3701;2315223
FR;0;2021-10-21;26159;45176;83976;112;89156;51607536;44672659;2432818;3813;2404379
FR;0;2021-10-22;38446;62504;104909;200;112617;51645982;44735163;2537727;4013;2516996
FR;0;2021-10-23;27028;41199;45461;57;48631;51673010;44776362;2583188;4070;2565627
FR;0;2021-10-24;2943;4762;3684;6;3926;51675953;44781124;2586872;4076;2569553
FR;0;2021-10-25;26095;36251;82342;144;86664;51702048;44817375;2669214;4220;2656217
FR;0;2021-10-26;23766;35031;87266;166;92389;51725814;44852406;2756480;4386;2748606
FR;0;2021-10-27;30104;46338;109011;257;114715;51755918;44898744;2865491;4643;2863321
FR;0;2021-10-28;23605;34947;88729;153;94506;51779523;44933691;2954220;4796;2957827
FR;0;2021-10-29;31578;51485;117333;206;125395;51811101;44985176;3071553;5002;3083222
FR;0;2021-10-30;20571;33228;50357;76;53404;51831672;45018404;3121910;5078;3136626
FR;0;2021-10-31;2517;3736;3593;3;3880;51834189;45022140;3125503;5081;3140506
FR;0;2021-11-01;8524;4863;3218;3;3582;51842713;45027003;3128721;5084;3144088
FR;0;2021-11-02;26371;40117;93594;156;99631;51869084;45067120;3222315;5240;3243719
FR;0;2021-11-03;30121;47941;118912;220;125866;51899205;45115061;3341227;5460;3369585
FR;0;2021-11-04;23817;37506;107585;217;114467;51923022;45152567;3448812;5677;3484052
FR;0;2021-11-05;32403;52968;141655;236;151414;51955425;45205535;3590467;5913;3635466
FR;0;2021-11-06;21547;34567;64889;123;68317;51976972;45240102;3655356;6036;3703783
FR;0;2021-11-07;2425;4173;5201;6;5596;51979397;45244275;3660557;6042;3709379
FR;0;2021-11-08;20625;37764;127214;227;134330;52000022;45282039;3787771;6269;3843709
FR;0;2021-11-09;22437;44698;161717;339;172296;52022459;45326737;3949488;6608;4016005
FR;0;2021-11-10;31609;54970;187041;446;198859;52054068;45381707;4136529;7054;4214864
FR;0;2021-11-11;4740;6762;12985;28;13975;52058808;45388469;4149514;7082;4228839
FR;0;2021-11-12;29095;55091;183800;252;197420;52087903;45443560;4333314;7334;4426259
FR;0;2021-11-13;20353;32621;80720;118;86344;52108256;45476181;4414034;7452;4512603
FR;0;2021-11-14;2362;3874;7178;6;7846;52110618;45480055;4421212;7458;4520449
FR;0;2021-11-15;20510;38639;160887;313;171612;52131128;45518694;4582099;7771;4692061
FR;0;2021-11-16;23660;43946;200445;394;215118;52154788;45562640;4782544;8165;4907179
FR;0;2021-11-17;30534;50303;199881;406;212936;52185322;45612943;4982425;8571;5120115
FR;0;2021-11-18;23449;45680;191710;468;205636;52208771;45658623;5174135;9039;5325751
FR;0;2021-11-19;33688;61351;243253;551;262249;52242459;45719974;5417388;9590;5588000
FR;0;2021-11-20;25413;36684;102174;206;109731;52267872;45756658;5519562;9796;5697731
FR;0;2021-11-21;2648;4459;9663;19;10609;52270520;45761117;5529225;9815;5708340
FR;0;2021-11-22;22807;33191;180407;470;194888;52293327;45794308;5709632;10285;5903228
FR;0;2021-11-23;25721;45538;229439;549;247906;52319048;45839846;5939071;10834;6151134
FR;0;2021-11-24;31802;53701;224847;715;243293;52350850;45893547;6163918;11549;6394427
FR;0;2021-11-25;25643;49201;255976;739;277852;52376493;45942748;6419894;12288;6672279
FR;0;2021-11-26;33260;74796;379528;867;414727;52409753;46017544;6799422;13155;7087006
FR;0;2021-11-27;23494;49660;214944;390;236731;52433247;46067204;7014366;13545;7323737
FR;0;2021-11-28;3514;10499;56770;66;63327;52436761;46077703;7071136;13611;7387064
FR;0;2021-11-29;19421;54144;341517;864;371792;52456182;46131847;7412653;14475;7758856
FR;0;2021-11-30;24778;71941;457432;988;500836;52480960;46203788;7870085;15463;8259692
FR;0;2021-12-01;27373;75719;469160;1162;511396;52508333;46279507;8339245;16625;8771088
FR;0;2021-12-02;22102;71728;527171;1280;574960;52530435;46351235;8866416;17905;9346048
FR;0;2021-12-03;25560;93021;596456;1420;651225;52555995;46444256;9462872;19325;9997273
FR;0;2021-12-04;18321;60476;336262;692;369846;52574316;46504732;9799134;20017;10367119
FR;0;2021-12-05;4154;16159;95797;157;107054;52578470;46520891;9894931;20174;10474173
FR;0;2021-12-06;28422;72903;493196;1175;540008;52606892;46593794;10388127;21349;11014181
FR;0;2021-12-07;23540;91407;645462;1773;706421;52630432;46685201;11033589;23122;11720602
FR;0;2021-12-08;25501;92149;591671;1874;647581;52655933;46777350;11625260;24996;12368183
FR;0;2021-12-09;24061;94203;663188;2181;726569;52679994;46871553;12288448;27177;13094752
FR;0;2021-12-10;28058;111062;736124;2075;806278;52708052;46982615;13024572;29252;13901030
FR;0;2021-12-11;20251;76177;435212;989;480427;52728303;47058792;13459784;30241;14381457
FR;0;2021-12-12;5661;23187;142328;262;159221;52733964;47081979;13602112;30503;14540678
FR;0;2021-12-13;21357;90942;587717;1699;649335;52755321;47172921;14189829;32202;15190013
FR;0;2021-12-14;27980;118456;765676;2654;847628;52783301;47291377;14955505;34856;16037641
FR;0;2021-12-15;28443;114420;694400;2266;769190;52811744;47405797;15649905;37122;16806831
FR;0;2021-12-16;28034;115870;764105;2557;844540;52839778;47521667;16414010;39679;17651371
FR;0;2021-12-17;31651;128509;807933;2712;892086;52871429;47650176;17221943;42391;18543457
FR;0;2021-12-18;24937;81653;470002;1178;522253;52896366;47731829;17691945;43569;19065710
FR;0;2021-12-19;8759;28642;169416;376;191081;52905125;47760471;17861361;43945;19256791
FR;0;2021-12-20;31754;97355;591543;1786;658800;52936879;47857826;18452904;45731;19915591
FR;0;2021-12-21;39460;112147;682463;2392;759627;52976339;47969973;19135367;48123;20675218
FR;0;2021-12-22;39555;99392;575806;2168;642161;53015894;48069365;19711173;50291;21317379
FR;0;2021-12-23;33783;79571;441035;1657;494413;53049677;48148936;20152208;51948;21811792
FR;0;2021-12-24;10695;26106;111038;398;126677;53060372;48175042;20263246;52346;21938469
FR;0;2021-12-25;776;3593;7594;25;9028;53061148;48178635;20270840;52371;21947497
FR;0;2021-12-26;4696;11892;52100;142;60146;53065844;48190527;20322940;52513;22007643
FR;0;2021-12-27;30508;84043;453581;1364;509210;53096352;48274570;20776521;53877;22516853
FR;0;2021-12-28;38370;99001;564189;1769;632291;53134722;48373571;21340710;55646;23149144
FR;0;2021-12-29;39878;88352;501228;1687;561029;53174600;48461923;21841938;57333;23710173
FR;0;2021-12-30;35924;75196;421048;1521;471156;53210524;48537119;22262986;58854;24181329
FR;0;2021-12-31;12048;25131;116886;405;131676;53222572;48562250;22379872;59259;24313005
FR;0;2022-01-01;1576;3223;8523;37;9945;53224148;48565473;22388395;59296;24322950
FR;0;2022-01-02;6117;13017;58425;125;66956;53230265;48578490;22446820;59421;24389906
FR;0;2022-01-03;37712;90277;494846;1596;551737;53267977;48668767;22941666;61017;24941643
FR;0;2022-01-04;42051;111122;641408;2306;714389;53310028;48779889;23583074;63323;25656032
FR;0;2022-01-05;61134;103718;569200;1984;634236;53371162;48883607;24152274;65307;26290268
FR;0;2022-01-06;44283;110397;638990;2697;711479;53415445;48994004;24791264;68004;27001747
FR;0;2022-01-07;50827;123446;711011;2810;790531;53466272;49117450;25502275;70814;27792278
FR;0;2022-01-08;45008;80331;423817;1213;472889;53511280;49197781;25926092;72027;28265167
FR;0;2022-01-09;15612;26652;128567;300;145670;53526892;49224433;26054659;72327;28410837
FR;0;2022-01-10;35390;93397;469342;1813;522749;53562282;49317830;26524001;74140;28933586
FR;0;2022-01-11;41932;100549;548265;2306;608527;53604214;49418379;27072266;76446;29542113
FR;0;2022-01-12;60405;95796;452700;1968;504362;53664619;49514175;27524966;78414;30046475
FR;0;2022-01-13;38258;92607;487364;2085;541049;53702877;49606782;28012330;80499;30587524
FR;0;2022-01-14;42578;103427;568620;2286;629028;53745455;49710209;28580950;82785;31216552
FR;0;2022-01-15;39420;65934;340136;985;377561;53784875;49776143;28921086;83770;31594113
FR;0;2022-01-16;11410;19251;87432;216;99417;53796285;49795394;29008518;83986;31693530
FR;0;2022-01-17;24738;60114;320289;1382;354159;53821023;49855508;29328807;85368;32047689
FR;0;2022-01-18;28324;68765;361094;1801;397569;53849347;49924273;29689901;87169;32445258
FR;0;2022-01-19;43216;67110;281303;1450;311077;53892563;49991383;29971204;88619;32756335
FR;0;2022-01-20;23664;59672;299019;1741;328513;53916227;50051055;30270223;90360;33084848
FR;0;2022-01-21;28202;68871;366374;2086;401201;53944429;50119926;30636597;92446;33486049
FR;0;2022-01-22;27624;48008;218792;839;241769;53972053;50167934;30855389;93285;33727818
FR;0;2022-01-23;6738;12987;48680;173;55171;53978791;50180921;30904069;93458;33782989
FR;0;2022-01-24;16271;47504;217319;1141;239345;53995062;50228425;31121388;94599;34022334
FR;0;2022-01-25;19028;54393;243062;1547;267092;54014090;50282818;31364450;96146;34289426
FR;0;2022-01-26;28146;60537;209285;1298;229494;54042236;50343355;31573735;97444;34518920
FR;0;2022-01-27;16333;46433;207646;1277;225984;54058569;50389788;31781381;98721;34744904
FR;0;2022-01-28;21585;78754;290058;1572;321369;54080154;50468542;32071439;100293;35066273
FR;0;2022-01-29;18419;52888;184131;689;204584;54098573;50521430;32255570;100982;35270857
FR;0;2022-01-30;4475;14512;39142;124;45085;54103048;50535942;32294712;101106;35315942
FR;0;2022-01-31;11257;43964;148205;742;164758;54114305;50579906;32442917;101848;35480700
FR;0;2022-02-01;13631;48363;174123;1144;191380;54127936;50628269;32617040;102992;35672080
FR;0;2022-02-02;20624;66365;171538;1034;190111;54148560;50694634;32788578;104026;35862191
FR;0;2022-02-03;11490;44805;157560;989;173315;54160050;50739439;32946138;105015;36035506
FR;0;2022-02-04;14625;66668;239254;1266;264139;54174675;50806107;33185392;106281;36299645
FR;0;2022-02-05;12897;51480;153554;523;172322;54187572;50857587;33338946;106804;36471967
FR;0;2022-02-06;2725;12179;28893;101;33832;54190297;50869766;33367839;106905;36505799
FR;0;2022-02-07;9576;46680;156886;593;176312;54199873;50916446;33524725;107498;36682111
FR;0;2022-02-08;9801;43089;166637;867;184430;54209674;50959535;33691362;108365;36866541
FR;0;2022-02-09;14374;58245;172344;873;193051;54224048;51017780;33863706;109238;37059592
FR;0;2022-02-10;8718;39156;150232;878;166708;54232766;51056936;34013938;110116;37226300
FR;0;2022-02-11;10858;55673;218505;1101;243099;54243624;51112609;34232443;111217;37469399
FR;0;2022-02-12;8404;40956;134724;465;151752;54252028;51153565;34367167;111682;37621151
FR;0;2022-02-13;1930;8601;26564;86;30924;54253958;51162166;34393731;111768;37652075
FR;0;2022-02-14;6989;35247;148378;485;166373;54260947;51197413;34542109;112253;37818448
FR;0;2022-02-15;7061;36218;146981;751;162567;54268008;51233631;34689090;113004;37981015
FR;0;2022-02-16;9407;42971;132535;720;146753;54277415;51276602;34821625;113724;38127768
FR;0;2022-02-17;5578;24328;87303;585;94877;54282993;51300930;34908928;114309;38222645
FR;0;2022-02-18;6993;33578;119665;805;129329;54289986;51334508;35028593;115114;38351974
FR;0;2022-02-19;5368;24551;70027;370;77337;54295354;51359059;35098620;115484;38429311
FR;0;2022-02-20;1148;4656;12172;39;13951;54296502;51363715;35110792;115523;38443262
FR;0;2022-02-21;4092;17884;61954;351;67182;54300594;51381599;35172746;115874;38510444
FR;0;2022-02-22;4457;18655;60833;576;64474;54305051;51400254;35233579;116450;38574918
FR;0;2022-02-23;6590;27356;66494;591;71891;54311641;51427610;35300073;117041;38646809
FR;0;2022-02-24;3849;15518;50424;519;53244;54315490;51443128;35350497;117560;38700053
FR;0;2022-02-25;5280;24062;76361;803;80094;54320770;51467190;35426858;118363;38780147
FR;0;2022-02-26;3990;17767;47416;359;51483;54324760;51484957;35474274;118722;38831630
FR;0;2022-02-27;880;3008;8035;47;8946;54325640;51487965;35482309;118769;38840576
FR;0;2022-02-28;3123;12542;40484;359;42918;54328763;51500507;35522793;119128;38883494
FR;0;2022-03-01;3994;12603;44193;437;44865;54332757;51513110;35566986;119565;38928359
FR;0;2022-03-02;5320;17792;47137;445;49068;54338077;51530902;35614123;120010;38977427
FR;0;2022-03-03;2816;9341;29892;368;30015;54340893;51540243;35644015;120378;39007442
FR;0;2022-03-04;3223;12437;40303;667;39452;54344116;51552680;35684318;121045;39046894
FR;0;2022-03-05;3071;9281;24955;314;25118;54347187;51561961;35709273;121359;39072012
FR;0;2022-03-06;520;1399;3198;43;3441;54347707;51563360;35712471;121402;39075453
FR;0;2022-03-07;2321;5626;18430;315;17698;54350028;51568986;35730901;121717;39093151
FR;0;2022-03-08;2134;6074;19447;363;17918;54352162;51575060;35750348;122080;39111069
FR;0;2022-03-09;3577;10500;22182;407;21280;54355739;51585560;35772530;122487;39132349
FR;0;2022-03-10;1821;5818;16991;344;15819;54357560;51591378;35789521;122831;39148168
FR;0;2022-03-11;2414;7555;24499;542;22267;54359974;51598933;35814020;123373;39170435
FR;0;2022-03-12;2680;6774;17161;308;16515;54362654;51605707;35831181;123681;39186950
FR;0;2022-03-13;402;790;2324;149;2273;54363056;51606497;35833505;123830;39189223
FR;0;2022-03-14;1544;4273;14981;4409;13836;54364600;51610770;35848486;128239;39203059
FR;0;2022-03-15;1739;6293;16377;7552;14608;54366339;51617063;35864863;135791;39217667
FR;0;2022-03-16;3034;7401;19424;13137;18101;54369373;51624464;35884287;148928;39235768
FR;0;2022-03-17;1453;3985;13144;10847;11987;54370826;51628449;35897431;159775;39247755
FR;0;2022-03-18;2270;5755;20003;18302;18099;54373096;51634204;35917434;178077;39265854
FR;0;2022-03-19;2292;4803;13115;9401;12417;54375388;51639007;35930549;187478;39278271
FR;0;2022-03-20;300;734;1918;1073;1929;54375688;51639741;35932467;188551;39280200
FR;0;2022-03-21;1392;3216;12718;14938;11942;54377080;51642957;35945185;203489;39292142
FR;0;2022-03-22;1509;3735;13797;20542;12552;54378589;51646692;35958982;224031;39304694
FR;0;2022-03-23;2682;6281;17721;23152;17237;54381271;51652973;35976703;247183;39321931
FR;0;2022-03-24;1405;3156;11590;17609;10677;54382676;51656129;35988293;264792;39332608
FR;0;2022-03-25;2082;5153;18568;27759;16906;54384758;51661282;36006861;292551;39349514
FR;0;2022-03-26;2230;4412;12077;12678;11517;54386988;51665694;36018938;305229;39361031
FR;0;2022-03-27;360;693;1908;1481;1942;54387348;51666387;36020846;306710;39362973
FR;0;2022-03-28;1464;3073;11125;17488;10616;54388812;51669460;36031971;324198;39373589
FR;0;2022-03-29;1452;3269;12904;27575;12050;54390264;51672729;36044875;351773;39385639
FR;0;2022-03-30;2852;5501;15680;27412;15072;54393116;51678230;36060555;379185;39400711
FR;0;2022-03-31;1611;3563;12979;25002;12311;54394727;51681793;36073534;404187;39413022
FR;0;2022-04-01;2676;4581;20056;30880;18698;54397403;51686374;36093590;435067;39431720
FR;0;2022-04-02;1530;2639;9047;10121;8707;54398933;51689013;36102637;445188;39440427
FR;0;2022-04-03;290;513;1561;1170;1578;54399223;51689526;36104198;446358;39442005
FR;0;2022-04-04;2397;2881;12369;19120;11575;54401620;51692407;36116567;465478;39453580
FR;0;2022-04-05;2317;3154;14338;34100;13188;54403937;51695561;36130905;499578;39466768
FR;0;2022-04-06;2495;3938;13534;26485;12802;54406432;51699499;36144439;526063;39479570
FR;0;2022-04-07;1681;3122;13672;33765;12882;54408113;51702621;36158111;559828;39492452
FR;0;2022-04-08;2082;4246;19218;43966;17826;54410195;51706867;36177329;603794;39510278
FR;0;2022-04-09;1365;2676;9312;13563;8864;54411560;51709543;36186641;617357;39519142
FR;0;2022-04-10;292;719;1982;2015;2002;54411852;51710262;36188623;619372;39521144
FR;0;2022-04-11;1311;2604;11865;23891;11473;54413163;51712866;36200488;643263;39532617
FR;0;2022-04-12;1698;3024;14011;40893;13382;54414861;51715890;36214499;684156;39545999
FR;0;2022-04-13;1964;3689;13405;33095;13026;54416825;51719579;36227904;717251;39559025
FR;0;2022-04-14;1489;2927;13210;36309;13059;54418314;51722506;36241114;753560;39572084
FR;0;2022-04-15;1852;3622;15626;35562;14894;54420166;51726128;36256740;789122;39586978
FR;0;2022-04-16;1041;1827;6398;8537;6254;54421207;51727955;36263138;797659;39593232
FR;0;2022-04-17;193;337;992;1173;1035;54421400;51728292;36264130;798832;39594267
FR;0;2022-04-18;195;528;2765;1070;2784;54421595;51728820;36266895;799902;39597051
FR;0;2022-04-19;1533;3010;12914;29663;12473;54423128;51731830;36279809;829565;39609524
FR;0;2022-04-20;1990;3454;13301;29034;12977;54425118;51735284;36293110;858599;39622501
FR;0;2022-04-21;1510;2849;12538;35170;12609;54426628;51738133;36305648;893769;39635110
FR;0;2022-04-22;1862;3609;16473;37596;15833;54428490;51741742;36322121;931365;39650943
FR;0;2022-04-23;1144;2061;7384;10656;7234;54429634;51743803;36329505;942021;39658177
FR;0;2022-04-24;250;461;1475;1588;1413;54429884;51744264;36330980;943609;39659590
FR;0;2022-04-25;1302;2531;10679;21016;10486;54431186;51746795;36341659;964625;39670076
FR;0;2022-04-26;1622;3002;13662;38582;13107;54432808;51749797;36355321;1003207;39683183
FR;0;2022-04-27;1959;3059;11535;30989;11591;54434767;51752856;36366856;1034196;39694774
FR;0;2022-04-28;1566;2759;12525;36199;12266;54436333;51755615;36379381;1070395;39707040
FR;0;2022-04-29;2006;4796;15547;37239;14922;54438339;51760411;36394928;1107634;39721962
FR;0;2022-04-30;1212;2171;6926;9710;6753;54439551;51762582;36401854;1117344;39728715
FR;0;2022-05-01;218;323;913;997;907;54439769;51762905;36402767;1118341;39729622
FR;0;2022-05-02;1953;2937;11148;18136;10967;54441722;51765842;36413915;1136477;39740589
FR;0;2022-05-03;1944;3253;13715;34669;13556;54443666;51769095;36427630;1171146;39754145
FR;0;2022-05-04;1903;3288;12179;25623;12294;54445569;51772383;36439809;1196769;39766439
FR;0;2022-05-05;1763;2931;13040;33565;12888;54447332;51775314;36452849;1230334;39779327
FR;0;2022-05-06;2207;3653;15345;36777;14853;54449539;51778967;36468194;1267111;39794180
FR;0;2022-05-07;1204;1779;6461;9608;6452;54450743;51780746;36474655;1276719;39800632
FR;0;2022-05-08;267;399;1172;1546;1233;54451010;51781145;36475827;1278265;39801865
FR;0;2022-05-09;1364;2295;9922;20253;9792;54452374;51783440;36485749;1298518;39811657
FR;0;2022-05-10;1769;3290;13567;38946;13123;54454143;51786730;36499316;1337464;39824780
FR;0;2022-05-11;1992;3003;10745;27909;10689;54456135;51789733;36510061;1365373;39835469
FR;0;2022-05-12;1584;2708;11370;35685;11040;54457719;51792441;36521431;1401058;39846509
FR;0;2022-05-13;1972;3212;13750;37854;13337;54459691;51795653;36535181;1438912;39859846
FR;0;2022-05-14;1147;1635;5936;10775;5800;54460838;51797288;36541117;1449687;39865646
FR;0;2022-05-15;280;471;1278;1437;1360;54461118;51797759;36542395;1451124;39867006
FR;0;2022-05-16;1192;2031;8682;21035;8677;54462310;51799790;36551077;1472159;39875683
FR;0;2022-05-17;1587;2594;11817;37860;11395;54463897;51802384;36562894;1510019;39887078
FR;0;2022-05-18;1809;2644;9685;27146;9659;54465706;51805028;36572579;1537165;39896737
FR;0;2022-05-19;1437;2647;10571;35829;10711;54467143;51807675;36583150;1572994;39907448
FR;0;2022-05-20;1873;3111;13418;39352;12908;54469016;51810786;36596568;1612346;39920356
FR;0;2022-05-21;1158;1704;5660;9896;5532;54470174;51812490;36602228;1622242;39925888
FR;0;2022-05-22;238;340;1026;1437;1014;54470412;51812830;36603254;1623679;39926902
FR;0;2022-05-23;1172;2117;8876;20341;8826;54471584;51814947;36612130;1644020;39935728
FR;0;2022-05-24;1537;2754;11356;38865;11225;54473121;51817701;36623486;1682885;39946953
FR;0;2022-05-25;1812;2826;9340;24821;9472;54474933;51820527;36632826;1707706;39956425
FR;0;2022-05-26;208;419;1661;1198;1672;54475141;51820946;36634487;1708904;39958097
FR;0;2022-05-27;1382;2463;9257;21283;8999;54476523;51823409;36643744;1730187;39967096
FR;0;2022-05-28;664;1261;3913;6788;3964;54477187;51824670;36647657;1736975;39971060
FR;0;2022-05-29;156;315;751;918;772;54477343;51824985;36648408;1737893;39971832
FR;0;2022-05-30;1023;1951;6993;19291;7008;54478366;51826936;36655401;1757184;39978840
FR;0;2022-05-31;1489;2497;9816;35652;9637;54479855;51829433;36665217;1792836;39988477
FR;0;2022-06-01;1722;3089;11016;24524;10882;54481577;51832522;36676233;1817360;39999359
FR;0;2022-06-02;1472;2605;11302;35543;10856;54483049;51835127;36687535;1852903;40010215
FR;0;2022-06-03;1723;3064;13383;38710;12746;54484772;51838191;36700918;1891613;40022961
FR;0;2022-06-04;969;1515;5042;9109;5113;54485741;51839706;36705960;1900722;40028074
FR;0;2022-06-05;176;333;875;1106;884;54485917;51840039;36706835;1901828;40028958
FR;0;2022-06-06;464;1166;2114;1268;2127;54486381;51841205;36708949;1903096;40031085
FR;0;2022-06-07;1388;2685;9849;35579;9428;54487769;51843890;36718798;1938675;40040513
FR;0;2022-06-08;1556;2689;9162;28713;9003;54489325;51846579;36727960;1967388;40049516
FR;0;2022-06-09;1286;2434;10613;39479;10258;54490611;51849013;36738573;2006867;40059774
FR;0;2022-06-10;1624;2970;13073;44792;12619;54492235;51851983;36751646;2051659;40072393
FR;0;2022-06-11;957;1734;5433;11621;5465;54493192;51853717;36757079;2063280;40077858
FR;0;2022-06-12;197;440;1072;1761;1133;54493389;51854157;36758151;2065041;40078991
FR;0;2022-06-13;1085;2054;7429;23174;7260;54494474;51856211;36765580;2088215;40086251
FR;0;2022-06-14;1315;2512;10445;44929;9800;54495789;51858723;36776025;2133144;40096051
FR;0;2022-06-15;1507;2442;9317;30877;8947;54497296;51861165;36785342;2164021;40104998
FR;0;2022-06-16;1176;2030;9905;39885;9314;54498472;51863195;36795247;2203906;40114312
FR;0;2022-06-17;1482;2839;12468;46623;11894;54499954;51866034;36807715;2250529;40126206
FR;0;2022-06-18;852;1518;4563;11123;4497;54500806;51867552;36812278;2261652;40130703
FR;0;2022-06-19;183;363;1058;1615;1130;54500989;51867915;36813336;2263267;40131833
FR;0;2022-06-20;1021;1916;8905;26065;8565;54502010;51869831;36822241;2289332;40140398
FR;0;2022-06-21;1322;2396;10301;49880;9329;54503332;51872227;36832542;2339212;40149727
FR;0;2022-06-22;1386;2496;8910;39035;8416;54504718;51874723;36841452;2378247;40158143
FR;0;2022-06-23;1225;2355;10674;55078;9882;54505943;51877078;36852126;2433325;40168025
FR;0;2022-06-24;1485;2980;13639;69154;12299;54507428;51880058;36865765;2502479;40180324
FR;0;2022-06-25;936;1777;6228;19914;5982;54508364;51881835;36871993;2522393;40186306
FR;0;2022-06-26;228;460;1953;3688;1817;54508592;51882295;36873946;2526081;40188123
FR;0;2022-06-27;1126;2014;10491;48471;9633;54509718;51884309;36884437;2574552;40197756
FR;0;2022-06-28;1453;2808;14661;91345;13081;54511171;51887117;36899098;2665897;40210837
FR;0;2022-06-29;1708;2823;12291;71867;11238;54512879;51889940;36911389;2737764;40222075
FR;0;2022-06-30;1525;2696;14386;95149;12467;54514404;51892636;36925775;2832913;40234542
FR;0;2022-07-01;1989;3791;21491;115919;18844;54516393;51896427;36947266;2948832;40253386
FR;0;2022-07-02;1081;1853;8522;35748;7700;54517474;51898280;36955788;2984580;40261086
FR;0;2022-07-03;290;538;2091;6452;1893;54517764;51898818;36957879;2991032;40262979
FR;0;2022-07-04;1645;3210;14693;79199;12967;54519409;51902028;36972572;3070231;40275946
FR;0;2022-07-05;1710;3114;18825;133229;16002;54521119;51905142;36991397;3203460;40291948
FR;0;2022-07-06;1815;2765;15847;99555;13634;54522934;51907907;37007244;3303015;40305582
FR;0;2022-07-07;1706;2862;17991;126001;14769;54524640;51910769;37025235;3429016;40320351
FR;0;2022-07-08;1884;3141;20748;137066;16759;54526524;51913910;37045983;3566082;40337110
FR;0;2022-07-09;865;1454;7738;37920;6684;54527389;51915364;37053721;3604002;40343794
FR;0;2022-07-10;262;524;2344;7002;2125;54527651;51915888;37056065;3611004;40345919
FR;0;2022-07-11;1424;2452;15013;88253;12499;54529075;51918340;37071078;3699257;40358418
FR;0;2022-07-12;1793;3088;20523;143935;16715;54530868;51921428;37091601;3843192;40375133
FR;0;2022-07-13;1728;2719;15685;94520;13257;54532596;51924147;37107286;3937712;40388390
FR;0;2022-07-14;181;364;1952;5533;1831;54532777;51924511;37109238;3943245;40390221
FR;0;2022-07-15;1475;2551;15112;84435;12595;54534252;51927062;37124350;4027680;40402816
FR;0;2022-07-16;617;1176;5946;24974;5153;54534869;51928238;37130296;4052654;40407969
FR;0;2022-07-17;176;389;1736;4661;1566;54535045;51928627;37132032;4057315;40409535
FR;0;2022-07-18;1130;2239;11818;61794;9966;54536175;51930866;37143850;4119109;40419501
FR;0;2022-07-19;1414;2341;15465;103658;12287;54537589;51933207;37159315;4222767;40431788
FR;0;2022-07-20;1416;2284;12949;77550;10726;54539005;51935491;37172264;4300317;40442514
FR;0;2022-07-21;1277;2157;13082;88203;10486;54540282;51937648;37185346;4388520;40453000
FR;0;2022-07-22;1396;2445;14798;89450;11942;54541678;51940093;37200144;4477970;40464942
FR;0;2022-07-23;670;1301;5527;22475;4852;54542348;51941394;37205671;4500445;40469794
FR;0;2022-07-24;183;349;1397;3900;1238;54542531;51941743;37207068;4504345;40471032
FR;0;2022-07-25;1052;1785;9483;48058;7831;54543583;51943528;37216551;4552403;40478863
FR;0;2022-07-26;1287;2204;13296;85406;10821;54544870;51945732;37229847;4637809;40489684
FR;0;2022-07-27;1217;1996;10219;61224;8509;54546087;51947728;37240066;4699033;40498193
FR;0;2022-07-28;1088;1858;10304;64371;8212;54547175;51949586;37250370;4763404;40506405
FR;0;2022-07-29;1281;2038;10981;65809;8739;54548456;51951624;37261351;4829213;40515144
FR;0;2022-07-30;497;852;3516;15274;2970;54548953;51952476;37264867;4844487;40518114
FR;0;2022-07-31;151;288;929;2437;788;54549104;51952764;37265796;4846924;40518902
FR;0;2022-08-01;835;1506;7577;30228;6374;54549939;51954270;37273373;4877152;40525276
FR;0;2022-08-02;1018;1630;8563;56076;6872;54550957;51955900;37281936;4933228;40532148
FR;0;2022-08-03;831;1249;6403;38664;5124;54551788;51957149;37288339;4971892;40537272
FR;0;2022-08-04;728;1179;6562;43107;5289;54552516;51958328;37294901;5014999;40542561
FR;0;2022-08-05;849;1354;7086;44917;5657;54553365;51959682;37301987;5059916;40548218
FR;0;2022-08-06;337;553;2098;9366;1756;54553702;51960235;37304085;5069282;40549974
FR;0;2022-08-07;102;155;535;1621;453;54553804;51960390;37304620;5070903;40550427
FR;0;2022-08-08;558;961;4011;22091;3269;54554362;51961351;37308631;5092994;40553696
FR;0;2022-08-09;685;1133;5962;39933;4792;54555047;51962484;37314593;5132927;40558488
FR;0;2022-08-10;629;1109;4652;28033;3788;54555676;51963593;37319245;5160960;40562276
FR;0;2022-08-11;612;1019;4479;29226;3698;54556288;51964612;37323724;5190186;40565974
FR;0;2022-08-12;705;1139;4739;28202;3911;54556993;51965751;37328463;5218388;40569885
FR;0;2022-08-13;210;405;1294;5253;1116;54557203;51966156;37329757;5223641;40571001
FR;0;2022-08-14;70;120;287;923;245;54557273;51966276;37330044;5224564;40571246
FR;0;2022-08-15;79;174;602;562;549;54557352;51966450;37330646;5225126;40571795
FR;0;2022-08-16;617;1051;3950;22165;3341;54557969;51967501;37334596;5247291;40575136
FR;0;2022-08-17;629;1010;3883;22854;3287;54558598;51968511;37338479;5270145;40578423
FR;0;2022-08-18;610;976;4084;26276;3226;54559208;51969487;37342563;5296421;40581649
FR;0;2022-08-19;601;1148;4480;27219;3682;54559809;51970635;37347043;5323640;40585331
FR;0;2022-08-20;289;490;1351;5561;1165;54560098;51971125;37348394;5329201;40586496
FR;0;2022-08-21;94;133;299;1007;263;54560192;51971258;37348693;5330208;40586759
FR;0;2022-08-22;544;974;3269;15344;2791;54560736;51972232;37351962;5345552;40589550
FR;0;2022-08-23;710;1168;4292;28988;3607;54561446;51973400;37356254;5374540;40593157
FR;0;2022-08-24;655;927;3488;19527;2850;54562101;51974327;37359742;5394067;40596007
FR;0;2022-08-25;621;1008;3929;23391;3276;54562722;51975335;37363671;5417458;40599283
FR;0;2022-08-26;848;1248;4471;25871;3660;54563570;51976583;37368142;5443329;40602943
FR;0;2022-08-27;292;494;1377;5462;1243;54563862;51977077;37369519;5448791;40604186
FR;0;2022-08-28;123;158;303;915;287;54563985;51977235;37369822;5449706;40604473
FR;0;2022-08-29;616;961;3068;14630;2604;54564601;51978196;37372890;5464336;40607077
FR;0;2022-08-30;840;1205;4784;28523;3906;54565441;51979401;37377674;5492859;40610983
FR;0;2022-08-31;684;943;3192;17606;2703;54566125;51980344;37380866;5510465;40613686
FR;0;2022-09-01;715;973;4463;22456;3809;54566840;51981317;37385329;5532921;40617495
FR;0;2022-09-02;862;1129;5033;28604;4245;54567702;51982446;37390362;5561525;40621740
FR;0;2022-09-03;416;555;1915;6077;1656;54568118;51983001;37392277;5567602;40623396
FR;0;2022-09-04;130;149;351;873;347;54568248;51983150;37392628;5568475;40623743
FR;0;2022-09-05;611;686;3125;16049;2603;54568859;51983836;37395753;5584524;40626346
FR;0;2022-09-06;791;1006;4716;31807;3850;54569650;51984842;37400469;5616331;40630196
FR;0;2022-09-07;640;763;2991;16812;2470;54570290;51985605;37403460;5633143;40632666
FR;0;2022-09-08;615;845;3798;24837;3132;54570905;51986450;37407258;5657980;40635798
FR;0;2022-09-09;829;1005;4424;27584;3661;54571734;51987455;37411682;5685564;40639459
FR;0;2022-09-10;383;532;1728;5698;1528;54572117;51987987;37413410;5691262;40640987
FR;0;2022-09-11;123;128;319;655;303;54572240;51988115;37413729;5691917;40641290
FR;0;2022-09-12;485;607;2678;13270;2283;54572725;51988722;37416407;5705187;40643573
FR;0;2022-09-13;607;827;3981;26413;3433;54573332;51989549;37420388;5731600;40647006
FR;0;2022-09-14;649;765;2947;16171;2459;54573981;51990314;37423335;5747771;40649465
FR;0;2022-09-15;551;767;3452;23514;2914;54574532;51991081;37426787;5771285;40652379
FR;0;2022-09-16;784;1023;4127;25832;3466;54575316;51992104;37430914;5797117;40655845
FR;0;2022-09-17;382;487;1446;6140;1275;54575698;51992591;37432360;5803257;40657120
FR;0;2022-09-18;115;137;323;960;290;54575813;51992728;37432683;5804217;40657410
FR;0;2022-09-19;444;627;2251;13188;1926;54576257;51993355;37434934;5817405;40659336
FR;0;2022-09-20;630;859;3768;26339;3139;54576887;51994214;37438702;5843744;40662475
FR;0;2022-09-21;575;762;2734;16255;2348;54577462;51994976;37441436;5859999;40664823
FR;0;2022-09-22;580;816;3392;23550;2766;54578042;51995792;37444828;5883549;40667589
FR;0;2022-09-23;819;1028;4485;28680;3753;54578861;51996820;37449313;5912229;40671342
FR;0;2022-09-24;423;607;1637;6890;1410;54579284;51997427;37450950;5919119;40672752
FR;0;2022-09-25;97;186;335;1101;306;54579381;51997613;37451285;5920220;40673058
FR;0;2022-09-26;431;689;2270;13475;2005;54579812;51998302;37453555;5933695;40675063
FR;0;2022-09-27;605;828;3618;25921;2904;54580417;51999130;37457173;5959616;40677967
FR;0;2022-09-28;623;812;2548;15384;2294;54581040;51999942;37459721;5975000;40680261
FR;0;2022-09-29;561;754;3106;20985;2619;54581601;52000696;37462827;5995985;40682880
FR;0;2022-09-30;764;1083;3942;25524;3285;54582365;52001779;37466769;6021509;40686165
FR;0;2022-10-01;405;606;1969;5961;1701;54582770;52002385;37468738;6027470;40687866
FR;0;2022-10-02;53;130;218;638;213;54582823;52002515;37468956;6028108;40688079
FR;0;2022-10-03;447;627;2401;12009;2109;54583270;52003142;37471357;6040117;40690188
FR;0;2022-10-04;608;764;3376;23490;2762;54583878;52003906;37474733;6063607;40692950
FR;0;2022-10-05;538;800;2423;14580;2139;54584416;52004706;37477156;6078187;40695089
FR;0;2022-10-06;529;694;3071;21649;2504;54584945;52005400;37480227;6099836;40697593
FR;0;2022-10-07;714;971;4117;30278;3462;54585659;52006371;37484344;6130114;40701055
FR;0;2022-10-08;341;509;1645;8417;1406;54586000;52006880;37485989;6138531;40702461
FR;0;2022-10-09;106;135;335;1585;310;54586106;52007015;37486324;6140116;40702771
FR;0;2022-10-10;468;686;2894;20443;2481;54586574;52007701;37489218;6160559;40705252
FR;0;2022-10-11;564;778;4246;40139;3542;54587138;52008479;37493464;6200698;40708794
FR;0;2022-10-12;556;784;3228;26658;2736;54587694;52009263;37496692;6227356;40711530
FR;0;2022-10-13;597;736;3983;38326;3101;54588291;52009999;37500675;6265682;40714631
FR;0;2022-10-14;742;1031;4857;47589;3937;54589033;52011030;37505532;6313271;40718568
FR;0;2022-10-15;343;489;1841;11828;1600;54589376;52011519;37507373;6325099;40720168
FR;0;2022-10-16;91;123;366;1955;348;54589467;52011642;37507739;6327054;40720516
FR;0;2022-10-17;425;679;3020;26364;2460;54589892;52012321;37510759;6353418;40722976
FR;0;2022-10-18;594;719;4672;45909;3723;54590486;52013040;37515431;6399327;40726699
FR;0;2022-10-19;536;760;3607;34172;3032;54591022;52013800;37519038;6433499;40729731
FR;0;2022-10-20;576;748;4796;49197;3660;54591598;52014548;37523834;6482696;40733391
FR;0;2022-10-21;677;967;5662;56859;4473;54592275;52015515;37529496;6539555;40737864
FR;0;2022-10-22;327;392;1645;12899;1310;54592602;52015907;37531141;6552454;40739174
FR;0;2022-10-23;91;94;349;2050;265;54592693;52016001;37531490;6554504;40739439
FR;0;2022-10-24;539;579;3111;26947;2639;54593232;52016580;37534601;6581451;40742078
FR;0;2022-10-25;582;707;4827;48734;3692;54593814;52017287;37539428;6630185;40745770
FR;0;2022-10-26;516;625;3418;32246;2847;54594330;52017912;37542846;6662431;40748617
FR;0;2022-10-27;579;670;4034;40493;3286;54594909;52018582;37546880;6702924;40751903
FR;0;2022-10-28;686;831;4555;43845;3452;54595595;52019413;37551435;6746769;40755355
FR;0;2022-10-29;247;352;1310;9451;1067;54595842;52019765;37552745;6756220;40756422
FR;0;2022-10-30;85;108;276;1547;241;54595927;52019873;37553021;6757767;40756663
FR;0;2022-10-31;372;462;2048;15901;1601;54596299;52020335;37555069;6773668;40758264
FR;0;2022-11-01;43;81;517;1005;542;54596342;52020416;37555586;6774673;40758806
FR;0;2022-11-02;472;635;2896;25068;2447;54596814;52021051;37558482;6799741;40761253
FR;0;2022-11-03;616;667;3999;39441;3008;54597430;52021718;37562481;6839182;40764261
FR;0;2022-11-04;628;798;4312;43277;3415;54598058;52022516;37566793;6882459;40767676
FR;0;2022-11-05;241;340;1325;9626;1042;54598299;52022856;37568118;6892085;40768718
FR;0;2022-11-06;85;106;258;1559;243;54598384;52022962;37568376;6893644;40768961
FR;0;2022-11-07;429;497;2597;26087;2064;54598813;52023459;37570973;6919731;40771025
FR;0;2022-11-08;561;738;4750;51075;3611;54599374;52024197;37575723;6970806;40774636
FR;0;2022-11-09;482;624;3226;31057;2573;54599856;52024821;37578949;7001863;40777209
FR;0;2022-11-10;569;824;4343;42774;3396;54600425;52025645;37583292;7044637;40780605
FR;0;2022-11-11;61;94;296;1592;245;54600486;52025739;37583588;7046229;40780850
FR;0;2022-11-12;189;291;1041;6978;823;54600675;52026030;37584629;7053207;40781673
FR;0;2022-11-13;58;79;229;1184;195;54600733;52026109;37584858;7054391;40781868
FR;0;2022-11-14;403;490;2437;23245;1922;54601136;52026599;37587295;7077636;40783790
FR;0;2022-11-15;546;630;4029;43705;3055;54601682;52027229;37591324;7121341;40786845
FR;0;2022-11-16;495;570;2813;27235;2248;54602177;52027799;37594137;7148576;40789093
FR;0;2022-11-17;507;596;3518;37596;2680;54602684;52028395;37597655;7186172;40791773
FR;0;2022-11-18;567;717;4236;43169;3141;54603251;52029112;37601891;7229341;40794914
FR;0;2022-11-19;242;297;1345;9343;928;54603493;52029409;37603236;7238684;40795842
FR;0;2022-11-20;56;64;259;1525;216;54603549;52029473;37603495;7240209;40796058
