fra;vaccin;jour;n_dose1;n_dose2;n_dose3;n_dose4;n_rappel;n_cum_dose1;n_cum_dose2;n_cum_dose3;n_cum_dose4;n_cum_rappel
FR;1;2020-12-27;609;0;0;0;0;609;0;0;0;0
FR;1;2020-12-28;681;1;0;0;0;1290;1;0;0;0
FR;1;2020-12-29;384;0;0;0;0;1674;1;0;0;0
FR;1;2020-12-30;442;0;0;0;0;2116;1;0;0;0
FR;1;2020-12-31;439;1;0;0;0;2555;2;0;0;0
FR;1;2021-01-01;1153;2;0;0;0;3708;4;0;0;0
FR;1;2021-01-02;362;3;0;0;0;4070;7;0;0;0
FR;1;2021-01-03;403;0;0;0;0;4473;7;0;0;0
FR;1;2021-01-04;2103;3;0;0;0;6576;10;0;0;0
FR;1;2021-01-05;7746;3;0;0;0;14322;13;0;0;0
FR;1;2021-01-06;12454;16;0;0;0;26776;29;0;0;0
FR;1;2021-01-07;29461;16;0;0;0;56237;45;0;0;0
FR;1;2021-01-08;37141;17;0;0;0;93378;62;0;0;0
FR;1;2021-01-09;11212;7;0;0;0;104590;69;0;0;0
FR;1;2021-01-10;6003;5;0;0;0;110593;74;0;0;0
FR;1;2021-01-11;39933;20;0;0;0;150526;94;0;0;0
FR;1;2021-01-12;62136;19;0;0;0;212662;113;0;0;0
FR;1;2021-01-13;65116;40;0;0;0;277778;153;0;0;0
FR;1;2021-01-14;81447;140;0;0;0;359225;293;0;0;0
FR;1;2021-01-15;68607;53;0;0;0;427832;346;0;0;0
FR;1;2021-01-16;19898;72;0;0;0;447730;418;0;0;0
FR;1;2021-01-17;10902;50;0;0;0;458632;468;0;0;0
FR;1;2021-01-18;82825;167;0;0;0;541457;635;0;0;0
FR;1;2021-01-19;125915;186;0;0;0;667372;821;0;0;0
FR;1;2021-01-20;132407;182;0;0;0;799779;1003;0;0;0
FR;1;2021-01-21;153055;171;0;0;0;952834;1174;0;0;0
FR;1;2021-01-22;115941;218;0;0;0;1068775;1392;0;0;0
FR;1;2021-01-23;36606;68;0;0;0;1105381;1460;0;0;0
FR;1;2021-01-24;9583;97;0;0;0;1114964;1557;0;0;0
FR;1;2021-01-25;74422;1326;0;0;0;1189386;2883;0;0;0
FR;1;2021-01-26;96454;3452;1;0;0;1285840;6335;1;0;0
FR;1;2021-01-27;103638;6069;0;0;0;1389478;12404;1;0;0
FR;1;2021-01-28;120597;15486;0;0;0;1510075;27890;1;0;0
FR;1;2021-01-29;88891;18060;0;0;0;1598966;45950;1;0;0
FR;1;2021-01-30;27991;4395;0;0;0;1626957;50345;1;0;0
FR;1;2021-01-31;5188;1804;0;0;0;1632145;52149;1;0;0
FR;1;2021-02-01;49717;21919;0;0;0;1681862;74068;1;0;0
FR;1;2021-02-02;67811;36556;0;0;0;1749673;110624;1;0;0
FR;1;2021-02-03;67083;38805;0;0;0;1816756;149429;1;0;0
FR;1;2021-02-04;77134;52797;0;0;0;1893890;202226;1;0;0
FR;1;2021-02-05;63415;46759;0;0;0;1957305;248985;1;0;0
FR;1;2021-02-06;19419;11012;0;0;0;1976724;259997;1;0;0
FR;1;2021-02-07;3662;5553;0;0;0;1980386;265550;1;0;0
FR;1;2021-02-08;36493;47505;0;0;0;2016879;313055;1;0;0
FR;1;2021-02-09;50797;75848;0;0;0;2067676;388903;1;0;0
FR;1;2021-02-10;52063;80570;0;0;0;2119739;469473;1;0;0
FR;1;2021-02-11;63371;102724;0;0;0;2183110;572197;1;0;0
FR;1;2021-02-12;55856;75178;0;0;0;2238966;647375;1;0;0
FR;1;2021-02-13;15463;19373;0;0;0;2254429;666748;1;0;0
FR;1;2021-02-14;3746;7345;0;0;0;2258175;674093;1;0;0
FR;1;2021-02-15;24140;73713;0;0;0;2282315;747806;1;0;0
FR;1;2021-02-16;32773;96495;0;0;0;2315088;844301;1;0;0
FR;1;2021-02-17;35118;101068;20;0;0;2350206;945369;21;0;0
FR;1;2021-02-18;49441;116629;0;0;0;2399647;1061998;21;0;0
FR;1;2021-02-19;45377;87141;1;0;0;2445024;1149139;22;0;0
FR;1;2021-02-20;13386;27172;0;0;0;2458410;1176311;22;0;0
FR;1;2021-02-21;2456;6105;0;0;0;2460866;1182416;22;0;0
FR;1;2021-02-22;24717;69595;2;0;0;2485583;1252011;24;0;0
FR;1;2021-02-23;37427;81228;1;0;0;2523010;1333239;25;0;0
FR;1;2021-02-24;40696;78761;1;0;0;2563706;1412000;26;0;0
FR;1;2021-02-25;50157;87988;1;0;0;2613863;1499988;27;0;0
FR;1;2021-02-26;47213;67588;1;0;0;2661076;1567576;28;0;0
FR;1;2021-02-27;15674;21241;1;0;0;2676750;1588817;29;0;0
FR;1;2021-02-28;3556;4193;2;0;0;2680306;1593010;31;0;0
FR;1;2021-03-01;40179;49968;1;0;0;2720485;1642978;32;0;0
FR;1;2021-03-02;55973;62201;3;0;0;2776458;1705179;35;0;0
FR;1;2021-03-03;61238;60496;0;0;0;2837696;1765675;35;0;0
FR;1;2021-03-04;72991;67163;3;0;0;2910687;1832838;38;0;0
FR;1;2021-03-05;74760;58796;3;0;0;2985447;1891634;41;0;0
FR;1;2021-03-06;82456;15890;2;0;0;3067903;1907524;43;0;0
FR;1;2021-03-07;63724;4568;1;0;0;3131627;1912092;44;0;0
FR;1;2021-03-08;60165;41683;2;0;0;3191792;1953775;46;0;0
FR;1;2021-03-09;85985;47770;1;0;0;3277777;2001545;47;0;0
FR;1;2021-03-10;90905;47940;5;0;0;3368682;2049485;52;0;0
FR;1;2021-03-11;105070;54490;1;0;0;3473752;2103975;53;0;0
FR;1;2021-03-12;104114;45035;1;0;0;3577866;2149010;54;0;0
FR;1;2021-03-13;89196;12630;1;0;0;3667062;2161640;55;0;0
FR;1;2021-03-14;44451;2814;1;0;0;3711513;2164454;56;0;0
FR;1;2021-03-15;95506;28419;3;0;0;3807019;2192873;59;0;0
FR;1;2021-03-16;123587;34307;5;0;0;3930606;2227180;64;0;0
FR;1;2021-03-17;129300;33903;4;0;0;4059906;2261083;68;0;0
FR;1;2021-03-18;142887;39393;5;0;0;4202793;2300476;73;0;0
FR;1;2021-03-19;136233;32362;2;0;0;4339026;2332838;75;0;0
FR;1;2021-03-20;75992;9877;1;0;0;4415018;2342715;76;0;0
FR;1;2021-03-21;26511;2162;1;0;0;4441529;2344877;77;0;0
FR;1;2021-03-22;114751;30667;2;0;0;4556280;2375544;79;0;0
FR;1;2021-03-23;143029;38059;1;0;0;4699309;2413603;80;0;0
FR;1;2021-03-24;141996;38501;0;0;0;4841305;2452104;80;0;0
FR;1;2021-03-25;164996;39670;4;0;0;5006301;2491774;84;0;0
FR;1;2021-03-26;166391;37537;5;1;0;5172692;2529311;89;1;0
FR;1;2021-03-27;110878;15412;1;0;0;5283570;2544723;90;1;0
FR;1;2021-03-28;42302;4174;3;0;0;5325872;2548897;93;1;0
FR;1;2021-03-29;129811;49312;4;0;0;5455683;2598209;97;1;0
FR;1;2021-03-30;167714;63728;5;0;0;5623397;2661937;102;1;0
FR;1;2021-03-31;170928;67569;4;0;0;5794325;2729506;106;1;0
FR;1;2021-04-01;194782;82348;10;0;0;5989107;2811854;116;1;0
FR;1;2021-04-02;164440;85901;7;0;0;6153547;2897755;123;1;0
FR;1;2021-04-03;88241;58112;6;0;0;6241788;2955867;129;1;0
FR;1;2021-04-04;33652;17711;0;0;0;6275440;2973578;129;1;0
FR;1;2021-04-05;46397;9815;11;0;0;6321837;2983393;140;1;0
FR;1;2021-04-06;160301;103716;17;0;0;6482138;3087109;157;1;0
FR;1;2021-04-07;196973;108071;16;0;0;6679111;3195180;173;1;0
FR;1;2021-04-08;222115;113388;13;0;0;6901226;3308568;186;1;0
FR;1;2021-04-09;214546;107793;21;0;0;7115772;3416361;207;1;0
FR;1;2021-04-10;117174;73227;14;0;0;7232946;3489588;221;1;0
FR;1;2021-04-11;40887;30017;6;0;0;7273833;3519605;227;1;0
FR;1;2021-04-12;168462;104277;46;0;0;7442295;3623882;273;1;0
FR;1;2021-04-13;203793;127932;97;1;0;7646088;3751814;370;2;0
FR;1;2021-04-14;208606;122741;207;0;0;7854694;3874555;577;2;0
FR;1;2021-04-15;221665;127622;311;0;0;8076359;4002177;888;2;0
FR;1;2021-04-16;206047;125361;308;0;0;8282406;4127538;1196;2;0
FR;1;2021-04-17;122080;67149;103;0;0;8404486;4194687;1299;2;0
FR;1;2021-04-18;35961;20947;41;0;0;8440447;4215634;1340;2;0
FR;1;2021-04-19;163736;121614;432;0;0;8604183;4337248;1772;2;0
FR;1;2021-04-20;189408;149209;531;0;0;8793591;4486457;2303;2;0
FR;1;2021-04-21;193986;147175;759;0;0;8987577;4633632;3062;2;0
FR;1;2021-04-22;209020;163655;777;0;0;9196597;4797287;3839;2;0
FR;1;2021-04-23;198943;157397;671;0;0;9395540;4954684;4510;2;0
FR;1;2021-04-24;126325;95608;148;0;0;9521865;5050292;4658;2;0
FR;1;2021-04-25;53626;30039;46;0;0;9575491;5080331;4704;2;0
FR;1;2021-04-26;181131;139166;541;0;0;9756622;5219497;5245;2;0
FR;1;2021-04-27;221356;162167;900;0;0;9977978;5381664;6145;2;0
FR;1;2021-04-28;238288;155495;1314;1;1;10216266;5537159;7459;3;1
FR;1;2021-04-29;270272;160876;1208;0;0;10486538;5698035;8667;3;1
FR;1;2021-04-30;271972;148435;1071;0;0;10758510;5846470;9738;3;1
FR;1;2021-05-01;141140;40608;172;0;0;10899650;5887078;9910;3;1
FR;1;2021-05-02;81540;28128;81;0;0;10981190;5915206;9991;3;1
FR;1;2021-05-03;250766;144161;802;0;0;11231956;6059367;10793;3;1
FR;1;2021-05-04;265857;187300;1199;0;0;11497813;6246667;11992;3;1
FR;1;2021-05-05;283861;185377;1266;0;0;11781674;6432044;13258;3;1
FR;1;2021-05-06;309949;183754;1501;0;0;12091623;6615798;14759;3;1
FR;1;2021-05-07;284086;196014;1125;0;0;12375709;6811812;15884;3;1
FR;1;2021-05-08;191652;49881;285;0;0;12567361;6861693;16169;3;1
FR;1;2021-05-09;114050;35231;236;0;0;12681411;6896924;16405;3;1
FR;1;2021-05-10;258199;194382;1185;0;0;12939610;7091306;17590;3;1
FR;1;2021-05-11;318873;210969;1463;0;0;13258483;7302275;19053;3;1
FR;1;2021-05-12;356609;185830;1399;0;0;13615092;7488105;20452;3;1
FR;1;2021-05-13;283434;47547;400;0;0;13898526;7535652;20852;3;1
FR;1;2021-05-14;370481;128516;994;0;0;14269007;7664168;21846;3;1
FR;1;2021-05-15;298079;66132;403;0;0;14567086;7730300;22249;3;1
FR;1;2021-05-16;157768;15488;158;0;0;14724854;7745788;22407;3;1
FR;1;2021-05-17;318918;116197;1439;0;0;15043772;7861985;23846;3;1
FR;1;2021-05-18;383310;111347;1797;0;0;15427082;7973332;25643;3;1
FR;1;2021-05-19;395249;102140;2178;0;0;15822331;8075472;27821;3;1
FR;1;2021-05-20;421787;95916;2045;0;0;16244118;8171388;29866;3;1
FR;1;2021-05-21;399795;97230;1762;0;0;16643913;8268618;31628;3;1
FR;1;2021-05-22;275679;41923;602;0;0;16919592;8310541;32230;3;1
FR;1;2021-05-23;123009;11053;224;0;0;17042601;8321594;32454;3;1
FR;1;2021-05-24;244002;26256;569;0;0;17286603;8347850;33023;3;1
FR;1;2021-05-25;366218;131569;2110;1;0;17652821;8479419;35133;4;1
FR;1;2021-05-26;380808;126414;1991;0;0;18033629;8605833;37124;4;1
FR;1;2021-05-27;406131;128075;1976;0;0;18439760;8733908;39100;4;1
FR;1;2021-05-28;366011;145395;1699;0;0;18805771;8879303;40799;4;1
FR;1;2021-05-29;253821;80923;526;0;0;19059592;8960226;41325;4;1
FR;1;2021-05-30;100974;22573;157;0;0;19160566;8982799;41482;4;1
FR;1;2021-05-31;314305;148918;1281;1;1;19474871;9131717;42763;5;2
FR;1;2021-06-01;361602;166542;1726;1;1;19836473;9298259;44489;6;3
FR;1;2021-06-02;365356;153612;1796;0;0;20201829;9451871;46285;6;3
FR;1;2021-06-03;391390;147546;1651;0;0;20593219;9599417;47936;6;3
FR;1;2021-06-04;364061;175605;1495;1;1;20957280;9775022;49431;7;4
FR;1;2021-06-05;258500;112677;596;0;0;21215780;9887699;50027;7;4
FR;1;2021-06-06;126795;37531;215;0;0;21342575;9925230;50242;7;4
FR;1;2021-06-07;300895;207812;1365;0;0;21643470;10133042;51607;7;4
FR;1;2021-06-08;330766;220734;1642;0;0;21974236;10353776;53249;7;4
FR;1;2021-06-09;336547;211800;1609;0;0;22310783;10565576;54858;7;4
FR;1;2021-06-10;343857;201391;1612;0;0;22654640;10766967;56470;7;4
FR;1;2021-06-11;311866;234963;1299;0;0;22966506;11001930;57769;7;4
FR;1;2021-06-12;244065;150616;435;0;0;23210571;11152546;58204;7;4
FR;1;2021-06-13;100363;60994;188;0;0;23310934;11213540;58392;7;4
FR;1;2021-06-14;207826;288166;1317;1;0;23518760;11501706;59709;8;4
FR;1;2021-06-15;256824;281738;1394;1;0;23775584;11783444;61103;9;4
FR;1;2021-06-16;273635;270564;1263;1;0;24049219;12054008;62366;10;4
FR;1;2021-06-17;268192;244830;1235;1;0;24317411;12298838;63601;11;4
FR;1;2021-06-18;260583;295465;1152;1;0;24577994;12594303;64753;12;4
FR;1;2021-06-19;193443;209499;388;0;0;24771437;12803802;65141;12;4
FR;1;2021-06-20;69701;89121;120;0;0;24841138;12892923;65261;12;4
FR;1;2021-06-21;172345;319764;933;1;1;25013483;13212687;66194;13;5
FR;1;2021-06-22;185847;347853;1100;10;2;25199330;13560540;67294;23;7
FR;1;2021-06-23;204182;339540;1049;0;0;25403512;13900080;68343;23;7
FR;1;2021-06-24;203513;282041;1172;0;0;25607025;14182121;69515;23;7
FR;1;2021-06-25;182647;371782;1197;0;0;25789672;14553903;70712;23;7
FR;1;2021-06-26;131377;278381;504;0;0;25921049;14832284;71216;23;7
FR;1;2021-06-27;52398;122901;145;0;0;25973447;14955185;71361;23;7
FR;1;2021-06-28;136638;368181;1063;0;0;26110085;15323366;72424;23;7
FR;1;2021-06-29;154869;390872;1849;0;0;26264954;15714238;74273;23;7
FR;1;2021-06-30;180036;381632;1666;4;2;26444990;16095870;75939;27;9
FR;1;2021-07-01;201465;332275;1887;5;1;26646455;16428145;77826;32;10
FR;1;2021-07-02;193771;367520;1765;5;2;26840226;16795665;79591;37;12
FR;1;2021-07-03;124474;280430;704;3;1;26964700;17076095;80295;40;13
FR;1;2021-07-04;53946;113689;244;0;0;27018646;17189784;80539;40;13
FR;1;2021-07-05;153922;355951;1500;8;2;27172568;17545735;82039;48;15
FR;1;2021-07-06;173481;382411;1602;45;8;27346049;17928146;83641;93;23
FR;1;2021-07-07;190783;362466;1657;25;4;27536832;18290612;85298;118;27
FR;1;2021-07-08;201548;323085;1826;20;6;27738380;18613697;87124;138;33
FR;1;2021-07-09;189931;387816;1853;3;2;27928311;19001513;88977;141;35
FR;1;2021-07-10;129931;281168;814;1;1;28058242;19282681;89791;142;36
FR;1;2021-07-11;57671;102527;262;0;0;28115913;19385208;90053;142;36
FR;1;2021-07-12;149754;416967;1582;4;0;28265667;19802175;91635;146;36
FR;1;2021-07-13;234241;439296;1806;8;1;28499908;20241471;93441;154;37
FR;1;2021-07-14;171884;151448;418;0;0;28671792;20392919;93859;154;37
FR;1;2021-07-15;279652;424566;1858;1;0;28951444;20817485;95717;155;37
FR;1;2021-07-16;290401;400952;1711;3;1;29241845;21218437;97428;158;38
FR;1;2021-07-17;217331;282048;754;1;0;29459176;21500485;98182;159;38
FR;1;2021-07-18;101996;107249;288;0;0;29561172;21607734;98470;159;38
FR;1;2021-07-19;238180;378824;1497;3;0;29799352;21986558;99967;162;38
FR;1;2021-07-20;305718;380365;1469;0;0;30105070;22366923;101436;162;38
FR;1;2021-07-21;333244;353121;1412;4;2;30438314;22720044;102848;166;40
FR;1;2021-07-22;364642;318969;1502;3;2;30802956;23039013;104350;169;42
FR;1;2021-07-23;349388;343309;1588;4;1;31152344;23382322;105938;173;43
FR;1;2021-07-24;238952;240856;697;1;0;31391296;23623178;106635;174;43
FR;1;2021-07-25;112792;76031;223;0;0;31504088;23699209;106858;174;43
FR;1;2021-07-26;299138;289718;1495;2;2;31803226;23988927;108353;176;45
FR;1;2021-07-27;385814;268348;1458;4;2;32189040;24257275;109811;180;47
FR;1;2021-07-28;390187;251181;1461;4;2;32579227;24508456;111272;184;49
FR;1;2021-07-29;406117;227983;1540;2;0;32985344;24736439;112812;186;49
FR;1;2021-07-30;370724;246794;1637;4;1;33356068;24983233;114449;190;50
FR;1;2021-07-31;243374;165123;793;1;0;33599442;25148356;115242;191;50
FR;1;2021-08-01;105560;47223;232;0;0;33705002;25195579;115474;191;50
FR;1;2021-08-02;297151;213077;1479;2;0;34002153;25408656;116953;193;50
FR;1;2021-08-03;331280;208926;1550;2;1;34333433;25617582;118503;195;51
FR;1;2021-08-04;327955;184152;1438;5;3;34661388;25801734;119941;200;54
FR;1;2021-08-05;301212;193367;1482;0;0;34962600;25995101;121423;200;54
FR;1;2021-08-06;290922;224364;1560;3;1;35253522;26219465;122983;203;55
FR;1;2021-08-07;182627;158810;654;4;3;35436149;26378275;123637;207;58
FR;1;2021-08-08;68861;59117;251;0;0;35505010;26437392;123888;207;58
FR;1;2021-08-09;222710;235594;1443;4;3;35727720;26672986;125331;211;61
FR;1;2021-08-10;252668;240265;1489;2;1;35980388;26913251;126820;213;62
FR;1;2021-08-11;236157;232038;1271;5;1;36216545;27145289;128091;218;63
FR;1;2021-08-12;220727;240033;1487;3;1;36437272;27385322;129578;221;64
FR;1;2021-08-13;201670;238602;1357;2;2;36638942;27623924;130935;223;66
FR;1;2021-08-14;122836;174075;645;0;0;36761778;27797999;131580;223;66
FR;1;2021-08-15;34674;46133;199;1;0;36796452;27844132;131779;224;66
FR;1;2021-08-16;156905;289645;1422;0;0;36953357;28133777;133201;224;66
FR;1;2021-08-17;171558;291299;1422;5;1;37124915;28425076;134623;229;67
FR;1;2021-08-18;161378;286876;1392;6;3;37286293;28711952;136015;235;70
FR;1;2021-08-19;148889;277624;1401;1;0;37435182;28989576;137416;236;70
FR;1;2021-08-20;140467;309129;1531;2;2;37575649;29298705;138947;238;72
FR;1;2021-08-21;84259;213210;586;0;0;37659908;29511915;139533;238;72
FR;1;2021-08-22;28552;82699;232;0;0;37688460;29594614;139765;238;72
FR;1;2021-08-23;118616;321067;1422;2;1;37807076;29915681;141187;240;73
FR;1;2021-08-24;126621;319811;1602;5;1;37933697;30235492;142789;245;74
FR;1;2021-08-25;121493;306522;1779;8;2;38055190;30542014;144568;253;76
FR;1;2021-08-26;106578;286130;2161;10;0;38161768;30828144;146729;263;76
FR;1;2021-08-27;107618;321682;2301;9;3;38269386;31149826;149030;272;79
FR;1;2021-08-28;71002;220701;1099;0;0;38340388;31370527;150129;272;79
FR;1;2021-08-29;24142;78186;469;1;0;38364530;31448713;150598;273;79
FR;1;2021-08-30;96852;286454;4311;6;5083;38461382;31735167;154909;279;5162
FR;1;2021-08-31;98050;276327;9291;15;10124;38559432;32011494;164200;294;15286
FR;1;2021-09-01;112191;245345;21113;7;22130;38671623;32256839;185313;301;37416
FR;1;2021-09-02;86311;197981;24525;18;25482;38757934;32454820;209838;319;62898
FR;1;2021-09-03;82380;227591;26952;21;28018;38840314;32682411;236790;340;90916
FR;1;2021-09-04;71613;189735;11140;11;11685;38911927;32872146;247930;351;102601
FR;1;2021-09-05;18607;41157;4124;2;4280;38930534;32913303;252054;353;106881
FR;1;2021-09-06;59525;151522;30177;15;31187;38990059;33064825;282231;368;138068
FR;1;2021-09-07;57359;139706;30206;30;31206;39047418;33204531;312437;398;169274
FR;1;2021-09-08;72308;173838;26922;22;27919;39119726;33378369;339359;420;197193
FR;1;2021-09-09;54425;124509;28615;24;29682;39174151;33502878;367974;444;226875
FR;1;2021-09-10;66152;152106;30443;24;31623;39240303;33654984;398417;468;258498
FR;1;2021-09-11;52657;146624;9730;14;10337;39292960;33801608;408147;482;268835
FR;1;2021-09-12;10792;29271;2484;1;2644;39303752;33830879;410631;483;271479
FR;1;2021-09-13;51463;104495;38743;30;40001;39355215;33935374;449374;513;311480
FR;1;2021-09-14;53276;96036;51265;66;53043;39408491;34031410;500639;579;364523
FR;1;2021-09-15;60489;139295;50480;55;47017;39468980;34170705;551119;634;411540
FR;1;2021-09-16;46579;81434;53321;71;49529;39515559;34252139;604440;705;461069
FR;1;2021-09-17;53169;109361;45062;61;42664;39568728;34361500;649502;766;503733
FR;1;2021-09-18;37854;118502;11796;19;11269;39606582;34480002;661298;785;515002
FR;1;2021-09-19;6503;21033;2038;1;1977;39613085;34501035;663336;786;516979
FR;1;2021-09-20;36484;74892;46219;65;44158;39649569;34575927;709555;851;561137
FR;1;2021-09-21;34164;68145;56250;71;52670;39683733;34644072;765805;922;613807
FR;1;2021-09-22;38808;118608;49865;76;46864;39722541;34762680;815670;998;660671
FR;1;2021-09-23;31991;62887;54488;85;50875;39754532;34825567;870158;1083;711546
FR;1;2021-09-24;36761;90102;43653;89;41917;39791293;34915669;913811;1172;753463
FR;1;2021-09-25;27640;96683;12303;27;12176;39818933;35012352;926114;1199;765639
FR;1;2021-09-26;4373;15190;1772;5;1695;39823306;35027542;927886;1204;767334
FR;1;2021-09-27;27333;60230;42899;89;41604;39850639;35087772;970785;1293;808938
FR;1;2021-09-28;26880;49468;47184;75;44435;39877519;35137240;1017969;1368;853373
FR;1;2021-09-29;35886;80375;47260;87;45561;39913405;35217615;1065229;1455;898934
FR;1;2021-09-30;26038;46874;47516;80;45426;39939443;35264489;1112745;1535;944360
FR;1;2021-10-01;47269;66459;44880;83;44562;39986712;35330948;1157625;1618;988922
FR;1;2021-10-02;32366;62404;16112;32;16314;40019078;35393352;1173737;1650;1005236
FR;1;2021-10-03;4337;8563;2035;3;2030;40023415;35401915;1175772;1653;1007266
FR;1;2021-10-04;28915;44458;47093;79;46938;40052330;35446373;1222865;1732;1054204
FR;1;2021-10-05;24496;41637;49866;116;49240;40076826;35488010;1272731;1848;1103444
FR;1;2021-10-06;34620;61400;57484;102;57198;40111446;35549410;1330215;1950;1160642
FR;1;2021-10-07;21030;39910;53027;75;51940;40132476;35589320;1383242;2025;1212582
FR;1;2021-10-08;35622;59656;60383;83;61112;40168098;35648976;1443625;2108;1273694
FR;1;2021-10-09;27440;48013;25487;29;26002;40195538;35696989;1469112;2137;1299696
FR;1;2021-10-10;3708;5806;2752;7;2858;40199246;35702795;1471864;2144;1302554
FR;1;2021-10-11;24815;38230;54577;88;55236;40224061;35741025;1526441;2232;1357790
FR;1;2021-10-12;23323;36578;58052;127;59158;40247384;35777603;1584493;2359;1416948
FR;1;2021-10-13;32903;47844;64162;124;65664;40280287;35825447;1648655;2483;1482612
FR;1;2021-10-14;21661;34782;53749;103;54325;40301948;35860229;1702404;2586;1536937
FR;1;2021-10-15;32686;48808;72316;165;74969;40334634;35909037;1774720;2751;1611906
FR;1;2021-10-16;25981;35292;34863;44;36402;40360615;35944329;1809583;2795;1648308
FR;1;2021-10-17;3106;4053;3409;2;3313;40363721;35948382;1812992;2797;1651621
FR;1;2021-10-18;24034;34909;66823;131;69693;40387755;35983291;1879815;2928;1721314
FR;1;2021-10-19;20680;35620;75647;135;79541;40408435;36018911;1955462;3063;1800855
FR;1;2021-10-20;29864;44235;96169;178;99818;40438299;36063146;2051631;3241;1900673
FR;1;2021-10-21;19747;35084;83155;107;87006;40458046;36098230;2134786;3348;1987679
FR;1;2021-10-22;29718;47758;103720;196;109651;40487764;36145988;2238506;3544;2097330
FR;1;2021-10-23;23025;35155;44867;57;47376;40510789;36181143;2283373;3601;2144706
FR;1;2021-10-24;2377;3853;3580;6;3722;40513166;36184996;2286953;3607;2148428
FR;1;2021-10-25;22410;30767;82009;143;85786;40535576;36215763;2368962;3750;2234214
FR;1;2021-10-26;19323;27678;86089;162;90307;40554899;36243441;2455051;3912;2324521
FR;1;2021-10-27;26181;39658;107792;252;112665;40581080;36283099;2562843;4164;2437186
FR;1;2021-10-28;18774;27129;86929;150;91658;40599854;36310228;2649772;4314;2528844
FR;1;2021-10-29;25919;40278;114811;200;121596;40625773;36350506;2764583;4514;2650440
FR;1;2021-10-30;17688;28720;49358;74;51937;40643461;36379226;2813941;4588;2702377
FR;1;2021-10-31;2059;3181;3446;2;3684;40645520;36382407;2817387;4590;2706061
FR;1;2021-11-01;7889;4263;3027;3;3283;40653409;36386670;2820414;4593;2709344
FR;1;2021-11-02;22389;33224;92378;156;97757;40675798;36419894;2912792;4749;2807101
FR;1;2021-11-03;26570;41622;117473;215;123856;40702368;36461516;3030265;4964;2930957
FR;1;2021-11-04;19581;30335;105788;213;111903;40721949;36491851;3136053;5177;3042860
FR;1;2021-11-05;26980;42344;138755;229;147382;40748929;36534195;3274808;5406;3190242
FR;1;2021-11-06;18830;29838;63471;123;66472;40767759;36564033;3338279;5529;3256714
FR;1;2021-11-07;1804;3303;4966;6;5296;40769563;36567336;3343245;5535;3262010
FR;1;2021-11-08;17831;32300;125976;224;132590;40787394;36599636;3469221;5759;3394600
FR;1;2021-11-09;19468;37687;159271;334;169034;40806862;36637323;3628492;6093;3563634
FR;1;2021-11-10;28840;49182;181868;440;192459;40835702;36686505;3810360;6533;3756093
FR;1;2021-11-11;4082;5954;12217;26;13020;40839784;36692459;3822577;6559;3769113
FR;1;2021-11-12;25994;46906;174789;244;186433;40865778;36739365;3997366;6803;3955546
FR;1;2021-11-13;18724;29219;76814;111;81756;40884502;36768584;4074180;6914;4037302
FR;1;2021-11-14;2037;3267;6816;5;7360;40886539;36771851;4080996;6919;4044662
FR;1;2021-11-15;18739;34838;156386;304;166199;40905278;36806689;4237382;7223;4210861
FR;1;2021-11-16;21322;37926;192085;378;204913;40926600;36844615;4429467;7601;4415774
FR;1;2021-11-17;28621;45667;193197;398;204995;40955221;36890282;4622664;7999;4620769
FR;1;2021-11-18;21116;39369;182459;458;194486;40976337;36929651;4805123;8457;4815255
FR;1;2021-11-19;30867;53439;230207;530;246653;41007204;36983090;5035330;8987;5061908
FR;1;2021-11-20;23751;33279;96971;201;103625;41030955;37016369;5132301;9188;5165533
FR;1;2021-11-21;2326;3966;9104;19;9955;41033281;37020335;5141405;9207;5175488
FR;1;2021-11-22;21397;30458;175868;465;189402;41054678;37050793;5317273;9672;5364890
FR;1;2021-11-23;24004;41100;221150;540;237869;41078682;37091893;5538423;10212;5602759
FR;1;2021-11-24;30282;49778;217299;701;234445;41108964;37141671;5755722;10913;5837204
FR;1;2021-11-25;23699;44045;244435;719;264042;41132663;37185716;6000157;11632;6101246
FR;1;2021-11-26;30614;66788;356761;833;388464;41163277;37252504;6356918;12465;6489710
FR;1;2021-11-27;21914;45391;202593;371;222597;41185191;37297895;6559511;12836;6712307
FR;1;2021-11-28;3159;9627;54777;63;61022;41188350;37307522;6614288;12899;6773329
FR;1;2021-11-29;17873;49539;326331;839;354378;41206223;37357061;6940619;13738;7127707
FR;1;2021-11-30;22779;64973;431096;952;470703;41229002;37422034;7371715;14690;7598410
FR;1;2021-12-01;25287;69359;442830;1129;481712;41254289;37491393;7814545;15819;8080122
FR;1;2021-12-02;20052;64593;489331;1228;532801;41274341;37555986;8303876;17047;8612923
FR;1;2021-12-03;22879;82257;542701;1308;591731;41297220;37638243;8846577;18355;9204654
FR;1;2021-12-04;16386;53967;299061;652;328910;41313606;37692210;9145638;19007;9533564
FR;1;2021-12-05;3631;13890;81515;143;91060;41317237;37706100;9227153;19150;9624624
FR;1;2021-12-06;25140;62677;415392;1064;455105;41342377;37768777;9642545;20214;10079729
FR;1;2021-12-07;19974;75716;522899;1534;572500;41362351;37844493;10165444;21748;10652229
FR;1;2021-12-08;21678;75810;458323;1544;502031;41384029;37920303;10623767;23292;11154260
FR;1;2021-12-09;19432;74087;492860;1626;540750;41403461;37994390;11116627;24918;11695010
FR;1;2021-12-10;23298;87783;547350;1585;599963;41426759;38082173;11663977;26503;12294973
FR;1;2021-12-11;16530;59183;302716;748;335463;41443289;38141356;11966693;27251;12630436
FR;1;2021-12-12;4347;15998;83201;179;94066;41447636;38157354;12049894;27430;12724502
FR;1;2021-12-13;15742;63762;366903;1093;406219;41463378;38221116;12416797;28523;13130721
FR;1;2021-12-14;20800;80409;464650;1745;515106;41484178;38301525;12881447;30268;13645827
FR;1;2021-12-15;21580;77553;409020;1309;453093;41505758;38379078;13290467;31577;14098920
FR;1;2021-12-16;20027;77400;451789;1578;500560;41525785;38456478;13742256;33155;14599480
FR;1;2021-12-17;22599;86758;479882;1733;530965;41548384;38543236;14222138;34888;15130445
FR;1;2021-12-18;17599;54716;257591;730;288492;41565983;38597952;14479729;35618;15418937
FR;1;2021-12-19;5549;17071;79156;194;90719;41571532;38615023;14558885;35812;15509656
FR;1;2021-12-20;20900;63214;316187;1080;355265;41592432;38678237;14875072;36892;15864921
FR;1;2021-12-21;26319;73174;372695;1421;418037;41618751;38751411;15247767;38313;16282958
FR;1;2021-12-22;24943;65994;310583;1216;349567;41643694;38817405;15558350;39529;16632525
FR;1;2021-12-23;21260;52388;241449;954;273028;41664954;38869793;15799799;40483;16905553
FR;1;2021-12-24;7117;18362;67140;258;77059;41672071;38888155;15866939;40741;16982612
FR;1;2021-12-25;506;2856;5579;15;6536;41672577;38891011;15872518;40756;16989148
FR;1;2021-12-26;2749;7587;26934;71;31453;41675326;38898598;15899452;40827;17020601
FR;1;2021-12-27;18252;53610;235080;706;265736;41693578;38952208;16134532;41533;17286337
FR;1;2021-12-28;23290;62065;292007;1026;330195;41716868;39014273;16426539;42559;17616532
FR;1;2021-12-29;22205;55587;254965;919;288182;41739073;39069860;16681504;43478;17904714
FR;1;2021-12-30;21234;46591;212137;858;239612;41760307;39116451;16893641;44336;18144326
FR;1;2021-12-31;7463;16606;61854;229;70393;41767770;39133057;16955495;44565;18214719
FR;1;2022-01-01;1056;2491;5655;30;6585;41768826;39135548;16961150;44595;18221304
FR;1;2022-01-02;3058;8056;28886;50;33524;41771884;39143604;16990036;44645;18254828
FR;1;2022-01-03;23037;54253;228208;786;257669;41794921;39197857;17218244;45431;18512497
FR;1;2022-01-04;25815;65054;299213;1238;337264;41820736;39262911;17517457;46669;18849761
FR;1;2022-01-05;30185;64230;274829;1096;310182;41850921;39327141;17792286;47765;19159943
FR;1;2022-01-06;26762;66243;306856;1398;346503;41877683;39393384;18099142;49163;19506446
FR;1;2022-01-07;31543;74998;349806;1535;393949;41909226;39468382;18448948;50698;19900395
FR;1;2022-01-08;23380;51402;222478;698;251099;41932606;39519784;18671426;51396;20151494
FR;1;2022-01-09;7077;17148;66019;163;76141;41939683;39536932;18737445;51559;20227635
FR;1;2022-01-10;21719;60705;236754;954;267604;41961402;39597637;18974199;52513;20495239
FR;1;2022-01-11;26656;63523;282251;1277;317796;41988058;39661160;19256450;53790;20813035
FR;1;2022-01-12;28876;62491;246215;1104;277999;42016934;39723651;19502665;54894;21091034
FR;1;2022-01-13;24716;60185;262765;1253;296111;42041650;39783836;19765430;56147;21387145
FR;1;2022-01-14;27935;66683;313958;1366;351213;42069585;39850519;20079388;57513;21738358
FR;1;2022-01-15;19327;44385;199295;619;223862;42088912;39894904;20278683;58132;21962220
FR;1;2022-01-16;5142;12953;51516;135;59567;42094054;39907857;20330199;58267;22021787
FR;1;2022-01-17;16838;39768;184807;780;206850;42110892;39947625;20515006;59047;22228637
FR;1;2022-01-18;19413;45941;212389;1153;237009;42130305;39993566;20727395;60200;22465646
FR;1;2022-01-19;20280;44009;176077;897;197187;42150585;40037575;20903472;61097;22662833
FR;1;2022-01-20;16769;40584;183643;1136;204711;42167354;40078159;21087115;62233;22867544
FR;1;2022-01-21;19892;47104;228933;1406;253333;42187246;40125263;21316048;63639;23120877
FR;1;2022-01-22;13835;33350;144485;578;161381;42201081;40158613;21460533;64217;23282258
FR;1;2022-01-23;3350;8776;33421;131;38326;42204431;40167389;21493954;64348;23320584
FR;1;2022-01-24;11792;32981;142183;708;158238;42216223;40200370;21636137;65056;23478822
FR;1;2022-01-25;14197;38259;163365;1048;181549;42230420;40238629;21799502;66104;23660371
FR;1;2022-01-26;14858;37652;150233;932;166324;42245278;40276281;21949735;67036;23826695
FR;1;2022-01-27;12324;33202;143436;886;157950;42257602;40309483;22093171;67922;23984645
FR;1;2022-01-28;16305;55854;198294;1145;222436;42273907;40365337;22291465;69067;24207081
FR;1;2022-01-29;10264;35437;135192;524;151536;42284171;40400774;22426657;69591;24358617
FR;1;2022-01-30;2479;9274;29679;86;34470;42286650;40410048;22456336;69677;24393087
FR;1;2022-01-31;8751;32411;104333;531;117398;42295401;40442459;22560669;70208;24510485
FR;1;2022-02-01;10767;36474;127049;863;141252;42306168;40478933;22687718;71071;24651737
FR;1;2022-02-02;11819;41547;130337;782;145858;42317987;40520480;22818055;71853;24797595
FR;1;2022-02-03;9187;33952;116992;784;130359;42327174;40554432;22935047;72637;24927954
FR;1;2022-02-04;11503;48189;172562;966;192784;42338677;40602621;23107609;73603;25120738
FR;1;2022-02-05;7984;33955;117569;391;133052;42346661;40636576;23225178;73994;25253790
FR;1;2022-02-06;1696;8015;22746;85;26911;42348357;40644591;23247924;74079;25280701
FR;1;2022-02-07;7277;35451;119073;453;134978;42355634;40680042;23366997;74532;25415679
FR;1;2022-02-08;7665;31879;125625;693;140610;42363299;40711921;23492622;75225;25556289
FR;1;2022-02-09;8590;36457;135237;696;152476;42371889;40748378;23627859;75921;25708765
FR;1;2022-02-10;6942;29813;116350;674;130132;42378831;40778191;23744209;76595;25838897
FR;1;2022-02-11;8650;41492;165106;877;185327;42387481;40819683;23909315;77472;26024224
FR;1;2022-02-12;5316;27577;106690;378;120869;42392797;40847260;24016005;77850;26145093
FR;1;2022-02-13;1227;5711;21714;65;25329;42394024;40852971;24037719;77915;26170422
FR;1;2022-02-14;5442;27179;118065;392;133091;42399466;40880150;24155784;78307;26303513
FR;1;2022-02-15;5706;28767;118898;610;132523;42405172;40908917;24274682;78917;26436036
FR;1;2022-02-16;5723;28419;110406;596;123037;42410895;40937336;24385088;79513;26559073
FR;1;2022-02-17;4574;19675;73119;487;80218;42415469;40957011;24458207;80000;26639291
FR;1;2022-02-18;5595;26742;99176;670;108135;42421064;40983753;24557383;80670;26747426
FR;1;2022-02-19;3547;17162;59472;304;66050;42424611;41000915;24616855;80974;26813476
FR;1;2022-02-20;786;3249;10699;36;12326;42425397;41004164;24627554;81010;26825802
FR;1;2022-02-21;3417;14580;52813;286;57662;42428814;41018744;24680367;81296;26883464
FR;1;2022-02-22;3778;15507;51888;499;55621;42432592;41034251;24732255;81795;26939085
FR;1;2022-02-23;4211;17782;57462;508;62564;42436803;41052033;24789717;82303;27001649
FR;1;2022-02-24;3322;13032;43606;435;46396;42440125;41065065;24833323;82738;27048045
FR;1;2022-02-25;4465;19773;64890;695;68759;42444590;41084838;24898213;83433;27116804
FR;1;2022-02-26;2689;12793;41357;310;45110;42447279;41097631;24939570;83743;27161914
FR;1;2022-02-27;644;2182;7124;42;7989;42447923;41099813;24946694;83785;27169903
FR;1;2022-02-28;2608;10448;34942;304;37368;42450531;41110261;24981636;84089;27207271
FR;1;2022-03-01;3316;10669;38683;390;39631;42453847;41120930;25020319;84479;27246902
FR;1;2022-03-02;3606;12116;41837;395;43906;42457453;41133046;25062156;84874;27290808
FR;1;2022-03-03;2393;7916;26163;325;26494;42459846;41140962;25088319;85199;27317302
FR;1;2022-03-04;2675;10384;35417;589;34910;42462521;41151346;25123736;85788;27352212
FR;1;2022-03-05;1814;6335;21959;278;22352;42464335;41157681;25145695;86066;27374564
FR;1;2022-03-06;353;950;2914;38;3117;42464688;41158631;25148609;86104;27377681
FR;1;2022-03-07;1682;4686;16426;245;15892;42466370;41163317;25165035;86349;27393573
FR;1;2022-03-08;1633;5218;17152;307;15978;42468003;41168535;25182187;86656;27409551
FR;1;2022-03-09;1921;6642;19801;368;19158;42469924;41175177;25201988;87024;27428709
FR;1;2022-03-10;1336;4739;15264;306;14301;42471260;41179916;25217252;87330;27443010
FR;1;2022-03-11;1743;6376;21697;481;19847;42473003;41186292;25238949;87811;27462857
FR;1;2022-03-12;1227;4644;15359;278;14908;42474230;41190936;25254308;88089;27477765
FR;1;2022-03-13;242;607;2116;118;2063;42474472;41191543;25256424;88207;27479828
FR;1;2022-03-14;1125;3651;13392;3878;12514;42475597;41195194;25269816;92085;27492342
FR;1;2022-03-15;1321;4998;14636;6862;13226;42476918;41200192;25284452;98947;27505568
FR;1;2022-03-16;1646;4956;17380;11515;16437;42478564;41205148;25301832;110462;27522005
FR;1;2022-03-17;1130;3380;11707;9643;10807;42479694;41208528;25313539;120105;27532812
FR;1;2022-03-18;1713;4909;17948;16489;16384;42481407;41213437;25331487;136594;27549196
FR;1;2022-03-19;1120;3296;11886;8452;11354;42482527;41216733;25343373;145046;27560550
FR;1;2022-03-20;221;555;1722;1013;1757;42482748;41217288;25345095;146059;27562307
FR;1;2022-03-21;1057;2749;11486;13445;10833;42483805;41220037;25356581;159504;27573140
FR;1;2022-03-22;1200;3194;12246;18687;11236;42485005;41223231;25368827;178191;27584376
FR;1;2022-03-23;1482;4287;16006;20105;15688;42486487;41227518;25384833;198296;27600064
FR;1;2022-03-24;1092;2703;10384;16032;9637;42487579;41230221;25395217;214328;27609701
FR;1;2022-03-25;1508;4294;16715;25293;15362;42489087;41234515;25411932;239621;27625063
FR;1;2022-03-26;1101;3008;10850;11448;10511;42490188;41237523;25422782;251069;27635574
FR;1;2022-03-27;231;541;1747;1380;1799;42490419;41238064;25424529;252449;27637373
FR;1;2022-03-28;1051;2474;9962;15878;9586;42491470;41240538;25434491;268327;27646959
FR;1;2022-03-29;1121;2732;11545;25083;10908;42492591;41243270;25446036;293410;27657867
FR;1;2022-03-30;1613;3528;14152;24167;13688;42494204;41246798;25460188;317577;27671555
FR;1;2022-03-31;1275;2864;11681;22625;11189;42495479;41249662;25471869;340202;27682744
FR;1;2022-04-01;2184;4000;18447;28494;17310;42497663;41253662;25490316;368696;27700054
FR;1;2022-04-02;903;1868;8187;9214;7934;42498566;41255530;25498503;377910;27707988
FR;1;2022-04-03;197;370;1432;1054;1433;42498763;41255900;25499935;378964;27709421
FR;1;2022-04-04;1397;2376;11350;17641;10731;42500160;41258276;25511285;396605;27720152
FR;1;2022-04-05;1349;2614;12979;31146;12001;42501509;41260890;25524264;427751;27732153
FR;1;2022-04-06;1365;2872;12178;23862;11607;42502874;41263762;25536442;451613;27743760
FR;1;2022-04-07;1166;2654;12320;31016;11784;42504040;41266416;25548762;482629;27755544
FR;1;2022-04-08;1575;3574;17538;40562;16448;42505615;41269990;25566300;523191;27771992
FR;1;2022-04-09;815;1981;8396;12487;8093;42506430;41271971;25574696;535678;27780085
FR;1;2022-04-10;193;490;1830;1848;1873;42506623;41272461;25576526;537526;27781958
FR;1;2022-04-11;985;2213;10950;22272;10660;42507608;41274674;25587476;559798;27792618
FR;1;2022-04-12;1251;2469;12790;38007;12274;42508859;41277143;25600266;597805;27804892
FR;1;2022-04-13;1214;2731;12243;30585;11973;42510073;41279874;25612509;628390;27816865
FR;1;2022-04-14;1198;2453;12065;33545;12069;42511271;41282327;25624574;661935;27828934
FR;1;2022-04-15;1463;2899;14378;33185;13751;42512734;41285226;25638952;695120;27842685
FR;1;2022-04-16;656;1389;5835;7976;5755;42513390;41286615;25644787;703096;27848440
FR;1;2022-04-17;153;273;929;1118;971;42513543;41286888;25645716;704214;27849411
FR;1;2022-04-18;135;456;2634;998;2658;42513678;41287344;25648350;705212;27852069
FR;1;2022-04-19;1212;2560;11762;27783;11461;42514890;41289904;25660112;732995;27863530
FR;1;2022-04-20;1313;2596;12155;26810;11990;42516203;41292500;25672267;759805;27875520
FR;1;2022-04-21;1217;2408;11510;33112;11676;42517420;41294908;25683777;792917;27887196
FR;1;2022-04-22;1495;3035;15186;35413;14772;42518915;41297943;25698963;828330;27901968
FR;1;2022-04-23;754;1564;6728;9886;6634;42519669;41299507;25705691;838216;27908602
FR;1;2022-04-24;195;359;1371;1520;1324;42519864;41299866;25707062;839736;27909926
FR;1;2022-04-25;1005;2089;9848;19622;9747;42520869;41301955;25716910;859358;27919673
FR;1;2022-04-26;1309;2595;12582;36529;12188;42522178;41304550;25729492;895887;27931861
FR;1;2022-04-27;1296;2386;10632;29145;10771;42523474;41306936;25740124;925032;27942632
FR;1;2022-04-28;1261;2330;11544;34113;11368;42524735;41309266;25751668;959145;27954000
FR;1;2022-04-29;1585;3353;14385;35465;13823;42526320;41312619;25766053;994610;27967823
FR;1;2022-04-30;818;1445;6436;9150;6279;42527138;41314064;25772489;1003760;27974102
FR;1;2022-05-01;175;278;820;947;815;42527313;41314342;25773309;1004707;27974917
FR;1;2022-05-02;1073;2330;10331;16850;10221;42528386;41316672;25783640;1021557;27985138
FR;1;2022-05-03;1444;2776;12679;32761;12574;42529830;41319448;25796319;1054318;27997712
FR;1;2022-05-04;1319;2602;11191;23748;11346;42531149;41322050;25807510;1078066;28009058
FR;1;2022-05-05;1370;2470;12146;31647;12051;42532519;41324520;25819656;1109713;28021109
FR;1;2022-05-06;1701;3185;14193;34815;13754;42534220;41327705;25833849;1144528;28034863
FR;1;2022-05-07;840;1456;5966;9085;5999;42535060;41329161;25839815;1153613;28040862
FR;1;2022-05-08;186;323;1057;1457;1118;42535246;41329484;25840872;1155070;28041980
FR;1;2022-05-09;1049;1962;9226;19226;9137;42536295;41331446;25850098;1174296;28051117
FR;1;2022-05-10;1405;2615;12544;36940;12133;42537700;41334061;25862642;1211236;28063250
FR;1;2022-05-11;1395;2302;9869;25910;9777;42539095;41336363;25872511;1237146;28073027
FR;1;2022-05-12;1277;2320;10468;33475;10155;42540372;41338683;25882979;1270621;28083182
FR;1;2022-05-13;1590;2752;12742;35605;12385;42541962;41341435;25895721;1306226;28095567
FR;1;2022-05-14;772;1297;5476;10205;5357;42542734;41342732;25901197;1316431;28100924
FR;1;2022-05-15;219;391;1177;1344;1240;42542953;41343123;25902374;1317775;28102164
FR;1;2022-05-16;947;1709;8047;20024;8099;42543900;41344832;25910421;1337799;28110263
FR;1;2022-05-17;1267;2227;11098;36035;10694;42545167;41347059;25921519;1373834;28120957
FR;1;2022-05-18;1277;2055;9003;25609;8955;42546444;41349114;25930522;1399443;28129912
FR;1;2022-05-19;1168;2328;9817;33852;9904;42547612;41351442;25940339;1433295;28139816
FR;1;2022-05-20;1548;2701;12494;37608;12074;42549160;41354143;25952833;1470903;28151890
FR;1;2022-05-21;772;1357;5240;9373;5158;42549932;41355500;25958073;1480276;28157048
FR;1;2022-05-22;190;282;946;1388;945;42550122;41355782;25959019;1481664;28157993
FR;1;2022-05-23;945;1793;8359;19368;8316;42551067;41357575;25967378;1501032;28166309
FR;1;2022-05-24;1272;2405;10693;37092;10542;42552339;41359980;25978071;1538124;28176851
FR;1;2022-05-25;1256;2233;8779;23627;8935;42553595;41362213;25986850;1561751;28185786
FR;1;2022-05-26;157;307;1569;1145;1563;42553752;41362520;25988419;1562896;28187349
FR;1;2022-05-27;1092;2125;8766;20422;8518;42554844;41364645;25997185;1583318;28195867
FR;1;2022-05-28;481;1030;3683;6530;3720;42555325;41365675;26000868;1589848;28199587
FR;1;2022-05-29;117;256;702;890;712;42555442;41365931;26001570;1590738;28200299
FR;1;2022-05-30;806;1700;6543;18504;6568;42556248;41367631;26008113;1609242;28206867
FR;1;2022-05-31;1256;2142;9226;34279;9101;42557504;41369773;26017339;1643521;28215968
FR;1;2022-06-01;1229;2326;10405;23289;10236;42558733;41372099;26027744;1666810;28226204
FR;1;2022-06-02;1195;2227;10650;34020;10210;42559928;41374326;26038394;1700830;28236414
FR;1;2022-06-03;1356;2668;12682;37052;12103;42561284;41376994;26051076;1737882;28248517
FR;1;2022-06-04;668;1253;4739;8666;4814;42561952;41378247;26055815;1746548;28253331
FR;1;2022-06-05;126;280;806;1045;828;42562078;41378527;26056621;1747593;28254159
FR;1;2022-06-06;163;482;1987;1170;1966;42562241;41379009;26058608;1748763;28256125
FR;1;2022-06-07;1117;2236;9150;34001;8812;42563358;41381245;26067758;1782764;28264937
FR;1;2022-06-08;1075;2164;8654;27512;8533;42564433;41383409;26076412;1810276;28273470
FR;1;2022-06-09;1042;2095;9950;37452;9620;42565475;41385504;26086362;1847728;28283090
FR;1;2022-06-10;1306;2521;12359;43005;11931;42566781;41388025;26098721;1890733;28295021
FR;1;2022-06-11;648;1433;5126;11069;5170;42567429;41389458;26103847;1901802;28300191
FR;1;2022-06-12;146;359;1006;1678;1064;42567575;41389817;26104853;1903480;28301255
FR;1;2022-06-13;882;1747;6990;22184;6844;42568457;41391564;26111843;1925664;28308099
FR;1;2022-06-14;1067;2115;9797;42703;9198;42569524;41393679;26121640;1968367;28317297
FR;1;2022-06-15;1031;1879;8729;29320;8408;42570555;41395558;26130369;1997687;28325705
FR;1;2022-06-16;921;1773;9348;38374;8826;42571476;41397331;26139717;2036061;28334531
FR;1;2022-06-17;1192;2508;11846;44726;11329;42572668;41399839;26151563;2080787;28345860
FR;1;2022-06-18;554;1252;4309;10535;4246;42573222;41401091;26155872;2091322;28350106
FR;1;2022-06-19;133;315;998;1539;1076;42573355;41401406;26156870;2092861;28351182
FR;1;2022-06-20;836;1656;8455;24984;8115;42574191;41403062;26165325;2117845;28359297
FR;1;2022-06-21;1085;2096;9735;47683;8824;42575276;41405158;26175060;2165528;28368121
FR;1;2022-06-22;1007;1980;8403;37032;7898;42576283;41407138;26183463;2202560;28376019
FR;1;2022-06-23;1033;2106;10095;52724;9366;42577316;41409244;26193558;2255284;28385385
FR;1;2022-06-24;1231;2665;12841;65791;11634;42578547;41411909;26206399;2321075;28397019
FR;1;2022-06-25;667;1488;5907;18896;5690;42579214;41413397;26212306;2339971;28402709
FR;1;2022-06-26;163;397;1810;3491;1701;42579377;41413794;26214116;2343462;28404410
FR;1;2022-06-27;923;1746;9867;45901;9089;42580300;41415540;26223983;2389363;28413499
FR;1;2022-06-28;1190;2540;13812;86354;12371;42581490;41418080;26237795;2475717;28425870
FR;1;2022-06-29;1216;2268;11440;67259;10504;42582706;41420348;26249235;2542976;28436374
FR;1;2022-06-30;1252;2327;13457;89805;11772;42583958;41422675;26262692;2632781;28448146
FR;1;2022-07-01;1545;3103;19853;109039;17481;42585503;41425778;26282545;2741820;28465627
FR;1;2022-07-02;737;1510;7752;33731;6997;42586240;41427288;26290297;2775551;28472624
FR;1;2022-07-03;225;470;1924;6058;1734;42586465;41427758;26292221;2781609;28474358
FR;1;2022-07-04;1185;2280;13717;75315;12094;42587650;41430038;26305938;2856924;28486452
FR;1;2022-07-05;1378;2702;17539;126000;14987;42589028;41432740;26323477;2982924;28501439
FR;1;2022-07-06;1314;2281;14777;93416;12775;42590342;41435021;26338254;3076340;28514214
FR;1;2022-07-07;1397;2463;16792;119123;13856;42591739;41437484;26355046;3195463;28528070
FR;1;2022-07-08;1498;2773;19443;129658;15822;42593237;41440257;26374489;3325121;28543892
FR;1;2022-07-09;650;1257;7250;35913;6294;42593887;41441514;26381739;3361034;28550186
FR;1;2022-07-10;225;469;2233;6663;2027;42594112;41441983;26383972;3367697;28552213
FR;1;2022-07-11;1157;2143;14193;84133;11795;42595269;41444126;26398165;3451830;28564008
FR;1;2022-07-12;1502;2720;19301;137013;15745;42596771;41446846;26417466;3588843;28579753
FR;1;2022-07-13;1357;2298;14614;89445;12461;42598128;41449144;26432080;3678288;28592214
FR;1;2022-07-14;146;288;1794;5227;1696;42598274;41449432;26433874;3683515;28593910
FR;1;2022-07-15;1220;2229;13974;80345;11636;42599494;41451661;26447848;3763860;28605546
FR;1;2022-07-16;499;1018;5596;23854;4845;42599993;41452679;26453444;3787714;28610391
FR;1;2022-07-17;152;354;1591;4417;1439;42600145;41453033;26455035;3792131;28611830
FR;1;2022-07-18;909;1886;10704;59061;8966;42601054;41454919;26465739;3851192;28620796
FR;1;2022-07-19;1201;2080;14498;99181;11536;42602255;41456999;26480237;3950373;28632332
FR;1;2022-07-20;1131;1911;11956;74044;9879;42603386;41458910;26492193;4024417;28642211
FR;1;2022-07-21;1090;1868;12151;83993;9742;42604476;41460778;26504344;4108410;28651953
FR;1;2022-07-22;1197;2122;13674;85411;11021;42605673;41462900;26518018;4193821;28662974
FR;1;2022-07-23;512;1036;4985;21160;4360;42606185;41463936;26523003;4214981;28667334
FR;1;2022-07-24;136;296;1291;3656;1128;42606321;41464232;26524294;4218637;28668462
FR;1;2022-07-25;837;1556;8705;45852;7169;42607158;41465788;26532999;4264489;28675631
FR;1;2022-07-26;1101;1890;12383;81326;9976;42608259;41467678;26545382;4345815;28685607
FR;1;2022-07-27;985;1653;9434;57841;7820;42609244;41469331;26554816;4403656;28693427
FR;1;2022-07-28;936;1577;9498;61070;7471;42610180;41470908;26564314;4464726;28700898
FR;1;2022-07-29;1073;1677;10054;61993;7990;42611253;41472585;26574368;4526719;28708888
FR;1;2022-07-30;379;683;3263;14216;2779;42611632;41473268;26577631;4540935;28711667
FR;1;2022-07-31;117;243;843;2246;721;42611749;41473511;26578474;4543181;28712388
FR;1;2022-08-01;616;1026;5475;28199;4459;42612365;41474537;26583949;4571380;28716847
FR;1;2022-08-02;778;1292;7488;51934;5909;42613143;41475829;26591437;4623314;28722756
FR;2;2020-12-27;0;0;0;0;0;0;0;0;0;0
FR;2;2020-12-28;0;0;0;0;0;0;0;0;0;0
FR;2;2020-12-29;0;0;0;0;0;0;0;0;0;0
FR;2;2020-12-30;0;0;0;0;0;0;0;0;0;0
FR;2;2020-12-31;0;0;0;0;0;0;0;0;0;0
FR;2;2021-01-01;0;0;0;0;0;0;0;0;0;0
FR;2;2021-01-02;0;0;0;0;0;0;0;0;0;0
FR;2;2021-01-03;0;0;0;0;0;0;0;0;0;0
FR;2;2021-01-04;0;0;0;0;0;0;0;0;0;0
FR;2;2021-01-05;0;0;0;0;0;0;0;0;0;0
FR;2;2021-01-06;0;0;0;0;0;0;0;0;0;0
FR;2;2021-01-07;0;0;0;0;0;0;0;0;0;0
FR;2;2021-01-08;0;0;0;0;0;0;0;0;0;0
FR;2;2021-01-09;0;0;0;0;0;0;0;0;0;0
FR;2;2021-01-10;0;0;0;0;0;0;0;0;0;0
FR;2;2021-01-11;0;0;0;0;0;0;0;0;0;0
FR;2;2021-01-12;0;0;0;0;0;0;0;0;0;0
FR;2;2021-01-13;0;0;0;0;0;0;0;0;0;0
FR;2;2021-01-14;1667;0;0;0;0;1667;0;0;0;0
FR;2;2021-01-15;398;0;0;0;0;2065;0;0;0;0
FR;2;2021-01-16;316;0;0;0;0;2381;0;0;0;0
FR;2;2021-01-17;83;0;0;0;0;2464;0;0;0;0
FR;2;2021-01-18;3074;2;0;0;0;5538;2;0;0;0
FR;2;2021-01-19;4680;0;0;0;0;10218;2;0;0;0
FR;2;2021-01-20;5135;6;0;0;0;15353;8;0;0;0
FR;2;2021-01-21;5344;9;0;0;0;20697;17;0;0;0
FR;2;2021-01-22;5119;13;0;0;0;25816;30;0;0;0
FR;2;2021-01-23;1871;1;0;0;0;27687;31;0;0;0
FR;2;2021-01-24;162;2;0;0;0;27849;33;0;0;0
FR;2;2021-01-25;3814;3;0;0;0;31663;36;0;0;0
FR;2;2021-01-26;3921;5;0;0;0;35584;41;0;0;0
FR;2;2021-01-27;3600;2;0;0;0;39184;43;0;0;0
FR;2;2021-01-28;3752;8;0;0;0;42936;51;0;0;0
FR;2;2021-01-29;3294;3;0;0;0;46230;54;0;0;0
FR;2;2021-01-30;1130;2;0;0;0;47360;56;0;0;0
FR;2;2021-01-31;45;2;0;0;0;47405;58;0;0;0
FR;2;2021-02-01;3404;9;0;0;0;50809;67;0;0;0
FR;2;2021-02-02;4491;14;0;0;0;55300;81;0;0;0
FR;2;2021-02-03;5220;7;0;0;0;60520;88;0;0;0
FR;2;2021-02-04;4936;11;0;0;0;65456;99;0;0;0
FR;2;2021-02-05;4812;14;0;0;0;70268;113;0;0;0
FR;2;2021-02-06;2040;14;0;0;0;72308;127;0;0;0
FR;2;2021-02-07;101;4;0;0;0;72409;131;0;0;0
FR;2;2021-02-08;7554;23;0;0;0;79963;154;0;0;0
FR;2;2021-02-09;8424;27;0;0;0;88387;181;0;0;0
FR;2;2021-02-10;9341;58;0;0;0;97728;239;0;0;0
FR;2;2021-02-11;10285;114;0;0;0;108013;353;0;0;0
FR;2;2021-02-12;10055;268;0;0;0;118068;621;0;0;0
FR;2;2021-02-13;3120;224;0;0;0;121188;845;0;0;0
FR;2;2021-02-14;355;9;0;0;0;121543;854;0;0;0
FR;2;2021-02-15;3458;3109;0;0;0;125001;3963;0;0;0
FR;2;2021-02-16;5071;4097;0;0;0;130072;8060;0;0;0
FR;2;2021-02-17;4256;4513;0;0;0;134328;12573;0;0;0
FR;2;2021-02-18;5402;5145;0;0;0;139730;17718;0;0;0
FR;2;2021-02-19;5327;4437;0;0;0;145057;22155;0;0;0
FR;2;2021-02-20;1869;1516;0;0;0;146926;23671;0;0;0
FR;2;2021-02-21;244;95;0;0;0;147170;23766;0;0;0
FR;2;2021-02-22;3613;3766;0;0;0;150783;27532;0;0;0
FR;2;2021-02-23;4954;3723;0;0;0;155737;31255;0;0;0
FR;2;2021-02-24;5014;3516;0;0;0;160751;34771;0;0;0
FR;2;2021-02-25;5489;3468;0;0;0;166240;38239;0;0;0
FR;2;2021-02-26;4364;3165;0;0;0;170604;41404;0;0;0
FR;2;2021-02-27;1624;1060;0;0;0;172228;42464;0;0;0
FR;2;2021-02-28;177;23;0;0;0;172405;42487;0;0;0
FR;2;2021-03-01;5184;3722;0;0;0;177589;46209;0;0;0
FR;2;2021-03-02;6532;4733;0;0;0;184121;50942;0;0;0
FR;2;2021-03-03;6538;4942;0;0;0;190659;55884;0;0;0
FR;2;2021-03-04;8403;4123;0;0;0;199062;60007;0;0;0
FR;2;2021-03-05;8031;4064;0;0;0;207093;64071;0;0;0
FR;2;2021-03-06;4785;1679;0;0;0;211878;65750;0;0;0
FR;2;2021-03-07;2372;30;0;0;0;214250;65780;0;0;0
FR;2;2021-03-08;4166;8370;0;0;0;218416;74150;0;0;0
FR;2;2021-03-09;7491;8549;1;0;0;225907;82699;1;0;0
FR;2;2021-03-10;7102;9171;0;0;0;233009;91870;1;0;0
FR;2;2021-03-11;9377;9283;1;0;0;242386;101153;2;0;0
FR;2;2021-03-12;7975;8294;0;0;0;250361;109447;2;0;0
FR;2;2021-03-13;10051;2574;0;0;0;260412;112021;2;0;0
FR;2;2021-03-14;4840;389;0;0;0;265252;112410;2;0;0
FR;2;2021-03-15;10910;3492;0;0;0;276162;115902;2;0;0
FR;2;2021-03-16;16764;4668;1;0;0;292926;120570;3;0;0
FR;2;2021-03-17;20234;3986;0;0;0;313160;124556;3;0;0
FR;2;2021-03-18;23371;5042;0;0;0;336531;129598;3;0;0
FR;2;2021-03-19;23304;4633;0;0;0;359835;134231;3;0;0
FR;2;2021-03-20;25448;1579;0;0;0;385283;135810;3;0;0
FR;2;2021-03-21;17670;153;0;0;0;402953;135963;3;0;0
FR;2;2021-03-22;17786;3195;0;0;0;420739;139158;3;0;0
FR;2;2021-03-23;22690;4224;0;0;0;443429;143382;3;0;0
FR;2;2021-03-24;23958;5046;0;0;0;467387;148428;3;0;0
FR;2;2021-03-25;26750;5169;1;0;0;494137;153597;4;0;0
FR;2;2021-03-26;26982;4223;0;0;0;521119;157820;4;0;0
FR;2;2021-03-27;15920;1351;0;0;0;537039;159171;4;0;0
FR;2;2021-03-28;10561;138;0;0;0;547600;159309;4;0;0
FR;2;2021-03-29;18991;4310;0;0;0;566591;163619;4;0;0
FR;2;2021-03-30;24583;6070;0;0;0;591174;169689;4;0;0
FR;2;2021-03-31;28560;5925;0;0;0;619734;175614;4;0;0
FR;2;2021-04-01;34547;8544;1;0;0;654281;184158;5;0;0
FR;2;2021-04-02;29981;7695;0;0;0;684262;191853;5;0;0
FR;2;2021-04-03;16955;4003;0;0;0;701217;195856;5;0;0
FR;2;2021-04-04;9306;1142;2;0;0;710523;196998;7;0;0
FR;2;2021-04-05;12444;802;0;0;0;722967;197800;7;0;0
FR;2;2021-04-06;27148;7156;0;0;0;750115;204956;7;0;0
FR;2;2021-04-07;30929;7126;1;0;0;781044;212082;8;0;0
FR;2;2021-04-08;36890;8656;1;0;0;817934;220738;9;0;0
FR;2;2021-04-09;33841;8464;28;0;0;851775;229202;37;0;0
FR;2;2021-04-10;19681;9165;1;0;0;871456;238367;38;0;0
FR;2;2021-04-11;7942;4250;1;0;0;879398;242617;39;0;0
FR;2;2021-04-12;17124;11060;0;0;0;896522;253677;39;0;0
FR;2;2021-04-13;19453;16066;1;0;0;915975;269743;40;0;0
FR;2;2021-04-14;18064;16370;7;0;0;934039;286113;47;0;0
FR;2;2021-04-15;22196;21400;27;0;0;956235;307513;74;0;0
FR;2;2021-04-16;20707;20379;45;0;0;976942;327892;119;0;0
FR;2;2021-04-17;13255;22470;5;0;0;990197;350362;124;0;0
FR;2;2021-04-18;5908;14396;6;0;0;996105;364758;130;0;0
FR;2;2021-04-19;16836;16315;24;0;0;1012941;381073;154;0;0
FR;2;2021-04-20;19323;21643;38;0;0;1032264;402716;192;0;0
FR;2;2021-04-21;20287;21751;76;0;0;1052551;424467;268;0;0
FR;2;2021-04-22;23818;24895;41;0;0;1076369;449362;309;0;0
FR;2;2021-04-23;24524;25391;76;0;0;1100893;474753;385;0;0
FR;2;2021-04-24;25304;15065;104;0;0;1126197;489818;489;0;0
FR;2;2021-04-25;9595;8605;5;0;0;1135792;498423;494;0;0
FR;2;2021-04-26;17159;17412;21;0;0;1152951;515835;515;0;0
FR;2;2021-04-27;19242;24124;40;0;0;1172193;539959;555;0;0
FR;2;2021-04-28;22335;26322;112;0;0;1194528;566281;667;0;0
FR;2;2021-04-29;25471;30278;69;0;0;1219999;596559;736;0;0
FR;2;2021-04-30;25531;27855;49;1;0;1245530;624414;785;1;0
FR;2;2021-05-01;14986;9861;6;0;0;1260516;634275;791;1;0
FR;2;2021-05-02;6637;9172;2;0;0;1267153;643447;793;1;0
FR;2;2021-05-03;20016;19196;40;0;0;1287169;662643;833;1;0
FR;2;2021-05-04;18282;29090;33;0;0;1305451;691733;866;1;0
FR;2;2021-05-05;18370;29427;48;0;0;1323821;721160;914;1;0
FR;2;2021-05-06;23543;35303;131;0;0;1347364;756463;1045;1;0
FR;2;2021-05-07;25330;33215;97;0;0;1372694;789678;1142;1;0
FR;2;2021-05-08;21339;10186;14;0;0;1394033;799864;1156;1;0
FR;2;2021-05-09;13165;7764;7;0;0;1407198;807628;1163;1;0
FR;2;2021-05-10;32939;21953;49;0;0;1440137;829581;1212;1;0
FR;2;2021-05-11;43601;20975;101;0;0;1483738;850556;1313;1;0
FR;2;2021-05-12;50047;19737;143;0;0;1533785;870293;1456;1;0
FR;2;2021-05-13;51293;5680;31;0;0;1585078;875973;1487;1;0
FR;2;2021-05-14;61348;12891;132;0;0;1646426;888864;1619;1;0
FR;2;2021-05-15;65932;7123;39;0;0;1712358;895987;1658;1;0
FR;2;2021-05-16;43584;2572;10;0;0;1755942;898559;1668;1;0
FR;2;2021-05-17;44745;12517;114;0;0;1800687;911076;1782;1;0
FR;2;2021-05-18;54641;12255;191;0;0;1855328;923331;1973;1;0
FR;2;2021-05-19;57174;10563;281;0;0;1912502;933894;2254;1;0
FR;2;2021-05-20;63434;10823;288;0;0;1975936;944717;2542;1;0
FR;2;2021-05-21;64295;11630;230;0;0;2040231;956347;2772;1;0
FR;2;2021-05-22;61481;4513;65;0;0;2101712;960860;2837;1;0
FR;2;2021-05-23;37533;571;22;0;0;2139245;961431;2859;1;0
FR;2;2021-05-24;17239;2040;35;0;0;2156484;963471;2894;1;0
FR;2;2021-05-25;21110;12210;240;0;0;2177594;975681;3134;1;0
FR;2;2021-05-26;19937;11472;229;0;0;2197531;987153;3363;1;0
FR;2;2021-05-27;22997;12651;182;0;0;2220528;999804;3545;1;0
FR;2;2021-05-28;29391;14987;190;0;0;2249919;1014791;3735;1;0
FR;2;2021-05-29;30420;8187;57;0;0;2280339;1022978;3792;1;0
FR;2;2021-05-30;4647;1815;6;0;0;2284986;1024793;3798;1;0
FR;2;2021-05-31;28590;18730;184;0;0;2313576;1043523;3982;1;0
FR;2;2021-06-01;45721;19951;224;0;0;2359297;1063474;4206;1;0
FR;2;2021-06-02;37472;19248;182;0;0;2396769;1082722;4388;1;0
FR;2;2021-06-03;51277;23232;161;0;0;2448046;1105954;4549;1;0
FR;2;2021-06-04;65512;24055;215;0;0;2513558;1130009;4764;1;0
FR;2;2021-06-05;34598;24060;52;0;0;2548156;1154069;4816;1;0
FR;2;2021-06-06;4954;6191;10;0;0;2553110;1160260;4826;1;0
FR;2;2021-06-07;28173;23031;149;0;0;2581283;1183291;4975;1;0
FR;2;2021-06-08;46375;22907;143;0;0;2627658;1206198;5118;1;0
FR;2;2021-06-09;34288;20941;107;0;0;2661946;1227139;5225;1;0
FR;2;2021-06-10;42639;19115;95;1;0;2704585;1246254;5320;2;0
FR;2;2021-06-11;55297;25181;134;0;0;2759882;1271435;5454;2;0
FR;2;2021-06-12;30559;19777;53;0;0;2790441;1291212;5507;2;0
FR;2;2021-06-13;3330;9188;13;0;0;2793771;1300400;5520;2;0
FR;2;2021-06-14;25300;24139;92;0;0;2819071;1324539;5612;2;0
FR;2;2021-06-15;39043;22834;154;0;0;2858114;1347373;5766;2;0
FR;2;2021-06-16;30161;21401;135;0;0;2888275;1368774;5901;2;0
FR;2;2021-06-17;36909;25824;150;0;0;2925184;1394598;6051;2;0
FR;2;2021-06-18;46853;28849;122;0;0;2972037;1423447;6173;2;0
FR;2;2021-06-19;24525;24898;39;0;0;2996562;1448345;6212;2;0
FR;2;2021-06-20;3741;10063;9;0;0;3000303;1458408;6221;2;0
FR;2;2021-06-21;17528;42839;88;0;0;3017831;1501247;6309;2;0
FR;2;2021-06-22;28359;49567;110;0;0;3046190;1550814;6419;2;0
FR;2;2021-06-23;21787;49582;107;1;1;3067977;1600396;6526;3;1
FR;2;2021-06-24;28376;50277;134;0;0;3096353;1650673;6660;3;1
FR;2;2021-06-25;33400;60414;128;0;0;3129753;1711087;6788;3;1
FR;2;2021-06-26;16385;59290;54;1;0;3146138;1770377;6842;4;1
FR;2;2021-06-27;2566;29311;22;1;0;3148704;1799688;6864;5;1
FR;2;2021-06-28;12640;54328;83;0;0;3161344;1854016;6947;5;1
FR;2;2021-06-29;19848;59926;178;0;0;3181192;1913942;7125;5;1
FR;2;2021-06-30;16326;57961;253;17;0;3197518;1971903;7378;22;1
FR;2;2021-07-01;20490;59880;228;0;0;3218008;2031783;7606;22;1
FR;2;2021-07-02;24073;62140;184;0;0;3242081;2093923;7790;22;1
FR;2;2021-07-03;12115;57101;153;0;0;3254196;2151024;7943;22;1
FR;2;2021-07-04;1958;23302;18;0;0;3256154;2174326;7961;22;1
FR;2;2021-07-05;9174;29355;106;0;0;3265328;2203681;8067;22;1
FR;2;2021-07-06;14580;36223;135;0;0;3279908;2239904;8202;22;1
FR;2;2021-07-07;14411;33668;139;0;0;3294319;2273572;8341;22;1
FR;2;2021-07-08;19716;40305;162;0;0;3314035;2313877;8503;22;1
FR;2;2021-07-09;27099;54296;202;1;0;3341134;2368173;8705;23;1
FR;2;2021-07-10;13386;33686;107;0;0;3354520;2401859;8812;23;1
FR;2;2021-07-11;1808;4362;16;0;0;3356328;2406221;8828;23;1
FR;2;2021-07-12;12965;37292;119;0;0;3369293;2443513;8947;23;1
FR;2;2021-07-13;37113;53183;150;0;0;3406406;2496696;9097;23;1
FR;2;2021-07-14;6620;3553;15;0;0;3413026;2500249;9112;23;1
FR;2;2021-07-15;47240;47028;156;0;0;3460266;2547277;9268;23;1
FR;2;2021-07-16;64307;55789;187;0;0;3524573;2603066;9455;23;1
FR;2;2021-07-17;31597;23928;96;0;0;3556170;2626994;9551;23;1
FR;2;2021-07-18;6087;4846;19;0;0;3562257;2631840;9570;23;1
FR;2;2021-07-19;32999;28652;94;0;0;3595256;2660492;9664;23;1
FR;2;2021-07-20;51994;44531;155;0;0;3647250;2705023;9819;23;1
FR;2;2021-07-21;45249;34711;93;0;0;3692499;2739734;9912;23;1
FR;2;2021-07-22;56278;41091;128;1;0;3748777;2780825;10040;24;1
FR;2;2021-07-23;68289;49015;170;0;0;3817066;2829840;10210;24;1
FR;2;2021-07-24;36172;21593;82;0;0;3853238;2851433;10292;24;1
FR;2;2021-07-25;6745;2633;10;0;0;3859983;2854066;10302;24;1
FR;2;2021-07-26;36311;22420;91;1;0;3896294;2876486;10393;25;1
FR;2;2021-07-27;62379;34594;180;0;0;3958673;2911080;10573;25;1
FR;2;2021-07-28;55313;26427;132;0;0;4013986;2937507;10705;25;1
FR;2;2021-07-29;68469;32798;189;0;0;4082455;2970305;10894;25;1
FR;2;2021-07-30;74452;37785;222;1;0;4156907;3008090;11116;26;1
FR;2;2021-07-31;34765;16203;104;0;0;4191672;3024293;11220;26;1
FR;2;2021-08-01;5411;2268;19;0;0;4197083;3026561;11239;26;1
FR;2;2021-08-02;35876;16194;101;0;0;4232959;3042755;11340;26;1
FR;2;2021-08-03;55974;28282;142;0;0;4288933;3071037;11482;26;1
FR;2;2021-08-04;46626;20848;128;1;0;4335559;3091885;11610;27;1
FR;2;2021-08-05;54629;31584;215;0;0;4390188;3123469;11825;27;1
FR;2;2021-08-06;58094;42396;242;1;0;4448282;3165865;12067;28;1
FR;2;2021-08-07;25145;17614;89;0;0;4473427;3183479;12156;28;1
FR;2;2021-08-08;3836;3655;21;0;0;4477263;3187134;12177;28;1
FR;2;2021-08-09;29306;21092;92;0;0;4506569;3208226;12269;28;1
FR;2;2021-08-10;44997;33484;155;0;0;4551566;3241710;12424;28;1
FR;2;2021-08-11;35270;25170;151;0;0;4586836;3266880;12575;28;1
FR;2;2021-08-12;41900;35714;162;0;0;4628736;3302594;12737;28;1
FR;2;2021-08-13;42594;37187;218;0;0;4671330;3339781;12955;28;1
FR;2;2021-08-14;18513;22198;93;0;0;4689843;3361979;13048;28;1
FR;2;2021-08-15;3843;3805;17;0;0;4693686;3365784;13065;28;1
FR;2;2021-08-16;25084;27166;110;0;0;4718770;3392950;13175;28;1
FR;2;2021-08-17;38256;43444;205;2;0;4757026;3436394;13380;30;1
FR;2;2021-08-18;32250;36372;195;1;1;4789276;3472766;13575;31;2
FR;2;2021-08-19;37433;46572;224;0;0;4826709;3519338;13799;31;2
FR;2;2021-08-20;40562;55619;269;1;0;4867271;3574957;14068;32;2
FR;2;2021-08-21;18120;24309;116;0;0;4885391;3599266;14184;32;2
FR;2;2021-08-22;2906;4322;22;1;1;4888297;3603588;14206;33;3
FR;2;2021-08-23;19246;35154;131;1;0;4907543;3638742;14337;34;3
FR;2;2021-08-24;31946;56047;236;0;0;4939489;3694789;14573;34;3
FR;2;2021-08-25;25932;43457;250;0;0;4965421;3738246;14823;34;3
FR;2;2021-08-26;32357;55816;387;0;0;4997778;3794062;15210;34;3
FR;2;2021-08-27;36999;65640;478;2;0;5034777;3859702;15688;36;3
FR;2;2021-08-28;17819;28504;300;0;0;5052596;3888206;15988;36;3
FR;2;2021-08-29;2654;5032;47;0;0;5055250;3893238;16035;36;3
FR;2;2021-08-30;18414;37732;400;0;757;5073664;3930970;16435;36;760
FR;2;2021-08-31;28075;57496;887;4;1542;5101739;3988466;17322;40;2302
FR;2;2021-09-01;21592;39856;1309;0;2111;5123331;4028322;18631;40;4413
FR;2;2021-09-02;25482;48646;1962;2;3323;5148813;4076968;20593;42;7736
FR;2;2021-09-03;33409;64512;2988;3;4849;5182222;4141480;23581;45;12585
FR;2;2021-09-04;16832;27718;1442;1;2368;5199054;4169198;25023;46;14953
FR;2;2021-09-05;2262;3605;266;0;412;5201316;4172803;25289;46;15365
FR;2;2021-09-06;14040;28713;1769;1;2943;5215356;4201516;27058;47;18308
FR;2;2021-09-07;21106;41078;3020;13;4887;5236462;4242594;30078;60;23195
FR;2;2021-09-08;17245;31931;2733;6;4486;5253707;4274525;32811;66;27681
FR;2;2021-09-09;20977;40468;4433;3;6794;5274684;4314993;37244;69;34475
FR;2;2021-09-10;28203;51212;5285;4;8878;5302887;4366205;42529;73;43353
FR;2;2021-09-11;13655;22414;2404;5;3964;5316542;4388619;44933;78;47317
FR;2;2021-09-12;1822;2776;289;0;510;5318364;4391395;45222;78;47827
FR;2;2021-09-13;11658;21434;2471;4;4018;5330022;4412829;47693;82;51845
FR;2;2021-09-14;18572;32766;5085;13;9062;5348594;4445595;52778;95;60907
FR;2;2021-09-15;14911;28259;5169;3;7772;5363505;4473854;57947;98;68679
FR;2;2021-09-16;16076;32781;6736;12;10530;5379581;4506635;64683;110;79209
FR;2;2021-09-17;20910;47122;8779;10;14597;5400491;4553757;73462;120;93806
FR;2;2021-09-18;9857;20946;3803;6;6035;5410348;4574703;77265;126;99841
FR;2;2021-09-19;1166;2615;396;0;633;5411514;4577318;77661;126;100474
FR;2;2021-09-20;7495;18752;3854;7;6144;5419009;4596070;81515;133;106618
FR;2;2021-09-21;11212;30003;6495;5;10743;5430221;4626073;88010;138;117361
FR;2;2021-09-22;9407;23531;5491;6;8513;5439628;4649604;93501;144;125874
FR;2;2021-09-23;10726;28901;7880;9;12643;5450354;4678505;101381;153;138517
FR;2;2021-09-24;15070;42915;10875;18;17222;5465424;4721420;112256;171;155739
FR;2;2021-09-25;7259;18771;3965;9;6110;5472683;4740191;116221;180;161849
FR;2;2021-09-26;1079;2552;495;0;630;5473762;4742743;116716;180;162479
FR;2;2021-09-27;6313;16426;4285;8;6534;5480075;4759169;121001;188;169013
FR;2;2021-09-28;9238;25543;7768;14;12066;5489313;4784712;128769;202;181079
FR;2;2021-09-29;8081;20202;6068;25;9260;5497394;4804914;134837;227;190339
FR;2;2021-09-30;9864;25820;9506;16;14093;5507258;4830734;144343;243;204432
FR;2;2021-10-01;13972;35703;12916;25;19287;5521230;4866437;157259;268;223719
FR;2;2021-10-02;6874;15907;4847;7;7021;5528104;4882344;162106;275;230740
FR;2;2021-10-03;841;1918;492;1;505;5528945;4884262;162598;276;231245
FR;2;2021-10-04;5821;13903;5518;5;7860;5534766;4898165;168116;281;239105
FR;2;2021-10-05;9053;22539;11121;19;15722;5543819;4920704;179237;300;254827
FR;2;2021-10-06;7782;17747;8241;11;11078;5551601;4938451;187478;311;265905
FR;2;2021-10-07;9198;22192;12381;15;16853;5560799;4960643;199859;326;282758
FR;2;2021-10-08;13429;32075;17348;27;23556;5574228;4992718;217207;353;306314
FR;2;2021-10-09;5999;12848;6042;6;7897;5580227;5005566;223249;359;314211
FR;2;2021-10-10;884;1615;436;2;618;5581111;5007181;223685;361;314829
FR;2;2021-10-11;5604;11572;6455;17;8829;5586715;5018753;230140;378;323658
FR;2;2021-10-12;8032;17783;12543;13;16760;5594747;5036536;242683;391;340418
FR;2;2021-10-13;6942;14845;10252;12;13626;5601689;5051381;252935;403;354044
FR;2;2021-10-14;8310;17931;14993;13;19455;5609999;5069312;267928;416;373499
FR;2;2021-10-15;11852;26314;20903;26;27972;5621851;5095626;288831;442;401471
FR;2;2021-10-16;5140;8735;1819;0;3211;5626991;5104361;290650;442;404682
FR;2;2021-10-17;651;1166;184;0;367;5627642;5105527;290834;442;405049
FR;2;2021-10-18;4561;7378;662;2;1648;5632203;5112905;291496;444;406697
FR;2;2021-10-19;6236;9874;730;5;2045;5638439;5122779;292226;449;408742
FR;2;2021-10-20;5165;8065;758;3;1677;5643604;5130844;292984;452;410419
FR;2;2021-10-21;6089;9967;778;5;2102;5649693;5140811;293762;457;412521
FR;2;2021-10-22;8450;14594;1148;4;2882;5658143;5155405;294910;461;415403
FR;2;2021-10-23;3844;5998;586;0;1232;5661987;5161403;295496;461;416635
FR;2;2021-10-24;494;887;100;0;203;5662481;5162290;295596;461;416838
FR;2;2021-10-25;3357;5360;306;1;829;5665838;5167650;295902;462;417667
FR;2;2021-10-26;4176;7257;1130;4;2013;5670014;5174907;297032;466;419680
FR;2;2021-10-27;3676;6613;1193;5;1996;5673690;5181520;298225;471;421676
FR;2;2021-10-28;4597;7700;1729;3;2747;5678287;5189220;299954;474;424423
FR;2;2021-10-29;5408;11082;2435;4;3674;5683695;5200302;302389;478;428097
FR;2;2021-10-30;2749;4444;975;1;1436;5686444;5204746;303364;479;429533
FR;2;2021-10-31;364;535;139;1;190;5686808;5205281;303503;480;429723
FR;2;2021-11-01;427;551;177;0;266;5687235;5205832;303680;480;429989
FR;2;2021-11-02;3291;6756;1183;0;1761;5690526;5212588;304863;480;431750
FR;2;2021-11-03;3340;6233;1386;2;1965;5693866;5218821;306249;482;433715
FR;2;2021-11-04;3986;7081;1764;4;2491;5697852;5225902;308013;486;436206
FR;2;2021-11-05;5230;10509;2867;5;3952;5703082;5236411;310880;491;440158
FR;2;2021-11-06;2594;4678;1401;0;1813;5705676;5241089;312281;491;441971
FR;2;2021-11-07;506;863;220;0;286;5706182;5241952;312501;491;442257
FR;2;2021-11-08;2578;5357;1201;3;1675;5708760;5247309;313702;494;443932
FR;2;2021-11-09;2750;6934;2398;5;3181;5711510;5254243;316100;499;447113
FR;2;2021-11-10;2588;5698;5107;6;6288;5714098;5259941;321207;505;453401
FR;2;2021-11-11;443;749;742;2;922;5714541;5260690;321949;507;454323
FR;2;2021-11-12;2953;8104;8970;8;10911;5717494;5268794;330919;515;465234
FR;2;2021-11-13;1538;3379;3867;7;4533;5719032;5272173;334786;522;469767
FR;2;2021-11-14;257;592;351;1;486;5719289;5272765;335137;523;470253
FR;2;2021-11-15;1622;3672;4442;9;5329;5720911;5276437;339579;532;475582
FR;2;2021-11-16;2184;5914;8304;14;10075;5723095;5282351;347883;546;485657
FR;2;2021-11-17;1741;4540;6626;8;7843;5724836;5286891;354509;554;493500
FR;2;2021-11-18;2192;5937;9178;11;11009;5727028;5292828;363687;565;504509
FR;2;2021-11-19;2698;7795;12970;19;15476;5729726;5300623;376657;584;519985
FR;2;2021-11-20;1565;3336;5173;5;6081;5731291;5303959;381830;589;526066
FR;2;2021-11-21;246;519;540;0;662;5731537;5304478;382370;589;526728
FR;2;2021-11-22;1277;2601;4479;5;5405;5732814;5307079;386849;594;532133
FR;2;2021-11-23;1616;4305;8196;9;9911;5734430;5311384;395045;603;542044
FR;2;2021-11-24;1418;3769;7473;14;8730;5735848;5315153;402518;617;550774
FR;2;2021-11-25;1812;4887;11461;21;13658;5737660;5320040;413979;638;564432
FR;2;2021-11-26;2540;7764;22662;31;26074;5740200;5327804;436641;669;590506
FR;2;2021-11-27;1497;4165;12268;18;14029;5741697;5331969;448909;687;604535
FR;2;2021-11-28;292;843;1970;3;2295;5741989;5332812;450879;690;606830
FR;2;2021-11-29;1445;4365;15082;23;17251;5743434;5337177;465961;713;624081
FR;2;2021-11-30;1911;6713;26234;36;29985;5745345;5343890;492195;749;654066
FR;2;2021-12-01;1911;6067;26196;30;29521;5747256;5349957;518391;779;683587
FR;2;2021-12-02;1909;6818;37704;52;41949;5749165;5356775;556095;831;725536
FR;2;2021-12-03;2552;10090;53610;111;59347;5751717;5366865;609705;942;784883
FR;2;2021-12-04;1848;6303;37109;38;40797;5753565;5373168;646814;980;825680
FR;2;2021-12-05;458;2253;14255;14;15986;5754023;5375421;661069;994;841666
FR;2;2021-12-06;2484;9889;77704;109;84759;5756507;5385310;738773;1103;926425
FR;2;2021-12-07;3456;15333;122425;238;133735;5759963;5400643;861198;1341;1060160
FR;2;2021-12-08;3724;16026;133191;330;145375;5763687;5416669;994389;1671;1205535
FR;2;2021-12-09;4548;19634;170186;553;185562;5768235;5436303;1164575;2224;1391097
FR;2;2021-12-10;4672;22840;188638;490;206108;5772907;5459143;1353213;2714;1597205
FR;2;2021-12-11;3683;16634;132436;239;144877;5776590;5475777;1485649;2953;1742082
FR;2;2021-12-12;1257;7122;59087;83;65131;5777847;5482899;1544736;3036;1807213
FR;2;2021-12-13;5527;26850;220679;605;242971;5783374;5509749;1765415;3641;2050184
FR;2;2021-12-14;7016;37499;300754;909;332212;5790390;5547248;2066169;4550;2382396
FR;2;2021-12-15;6558;36237;285212;956;315819;5796948;5583485;2351381;5506;2698215
FR;2;2021-12-16;7762;37924;312128;980;343730;5804710;5621409;2663509;6486;3041945
FR;2;2021-12-17;8680;41248;327868;976;360960;5813390;5662657;2991377;7462;3402905
FR;2;2021-12-18;6516;26558;212335;448;233645;5819906;5689215;3203712;7910;3636550
FR;2;2021-12-19;2603;11465;90208;182;100363;5822509;5700680;3293920;8092;3736913
FR;2;2021-12-20;9546;33583;275206;706;303361;5832055;5734263;3569126;8798;4040274
FR;2;2021-12-21;11563;38329;309618;968;341416;5843618;5772592;3878744;9766;4381690
FR;2;2021-12-22;10457;32827;265101;952;292470;5854075;5805419;4143845;10718;4674160
FR;2;2021-12-23;9426;26692;199489;700;221281;5863501;5832111;4343334;11418;4895441
FR;2;2021-12-24;2783;7494;43855;140;49561;5866284;5839605;4387189;11558;4945002
FR;2;2021-12-25;201;688;2002;10;2492;5866485;5840293;4389191;11568;4947494
FR;2;2021-12-26;1320;4208;25155;71;28680;5867805;5844501;4414346;11639;4976174
FR;2;2021-12-27;8077;29928;218405;659;243334;5875882;5874429;4632751;12298;5219508
FR;2;2021-12-28;9839;36325;272082;742;301971;5885721;5910754;4904833;13040;5521479
FR;2;2021-12-29;9497;32265;246124;766;272686;5895218;5943019;5150957;13806;5794165
FR;2;2021-12-30;9462;28110;208824;662;231460;5904680;5971129;5359781;14468;6025625
FR;2;2021-12-31;3009;8359;54987;176;61237;5907689;5979488;5414768;14644;6086862
FR;2;2022-01-01;227;690;2851;7;3346;5907916;5980178;5417619;14651;6090208
FR;2;2022-01-02;1504;4855;29511;75;33399;5909420;5985033;5447130;14726;6123607
FR;2;2022-01-03;9589;35401;266518;806;293884;5919009;6020434;5713648;15532;6417491
FR;2;2022-01-04;12847;45426;342080;1068;377009;5931856;6065860;6055728;16600;6794500
FR;2;2022-01-05;11271;38655;294174;884;323818;5943127;6104515;6349902;17484;7118318
FR;2;2022-01-06;13652;43511;331939;1298;364727;5956779;6148026;6681841;18782;7483045
FR;2;2022-01-07;14223;47629;361090;1270;396427;5971002;6195655;7042931;20052;7879472
FR;2;2022-01-08;7948;28158;201259;515;221707;5978950;6223813;7244190;20567;8101179
FR;2;2022-01-09;2749;8986;62523;137;69516;5981699;6232799;7306713;20704;8170695
FR;2;2022-01-10;10094;31921;232462;857;255038;5991793;6264720;7539175;21561;8425733
FR;2;2022-01-11;11469;36248;265901;1029;290588;6003262;6300968;7805076;22590;8716321
FR;2;2022-01-12;8762;29820;206316;863;226177;6012024;6330788;8011392;23453;8942498
FR;2;2022-01-13;9387;31345;224482;832;244828;6021411;6362133;8235874;24285;9187326
FR;2;2022-01-14;9742;35630;254534;920;277658;6031153;6397763;8490408;25205;9464984
FR;2;2022-01-15;5357;19449;140778;363;153635;6036510;6417212;8631186;25568;9618619
FR;2;2022-01-16;1511;5494;35880;81;39833;6038021;6422706;8667066;25649;9658452
FR;2;2022-01-17;5546;19283;135409;601;147251;6043567;6441989;8802475;26250;9805703
FR;2;2022-01-18;6420;21519;148623;648;160472;6049987;6463508;8951098;26898;9966175
FR;2;2022-01-19;4391;16333;105091;551;113696;6054378;6479841;9056189;27449;10079871
FR;2;2022-01-20;4870;17596;115288;603;123687;6059248;6497437;9171477;28052;10203558
FR;2;2022-01-21;5197;20071;137333;679;147757;6064445;6517508;9308810;28731;10351315
FR;2;2022-01-22;3030;10955;74260;260;80326;6067475;6528463;9383070;28991;10431641
FR;2;2022-01-23;724;2725;15241;41;16834;6068199;6531188;9398311;29032;10448475
FR;2;2022-01-24;3291;12824;75067;430;81028;6071490;6544012;9473378;29462;10529503
FR;2;2022-01-25;3573;14428;79621;496;85452;6075063;6558440;9552999;29958;10614955
FR;2;2022-01-26;2514;10688;58968;363;63007;6077577;6569128;9611967;30321;10677962
FR;2;2022-01-27;2680;11324;64177;388;67920;6080257;6580452;9676144;30709;10745882
FR;2;2022-01-28;3550;18331;91714;429;98939;6083807;6598783;9767858;31138;10844821
FR;2;2022-01-29;1895;9239;48848;164;52929;6085702;6608022;9816706;31302;10897750
FR;2;2022-01-30;464;2234;9453;38;10603;6086166;6610256;9826159;31340;10908353
FR;2;2022-01-31;1888;9578;43826;208;47337;6088054;6619834;9869985;31548;10955690
FR;2;2022-02-01;1916;10051;47026;279;50109;6089970;6629885;9917011;31827;11005799
FR;2;2022-02-02;1612;9015;41110;250;44170;6091582;6638900;9958121;32077;11049969
FR;2;2022-02-03;1724;8950;40516;205;42920;6093306;6647850;9998637;32282;11092889
FR;2;2022-02-04;2152;15208;66641;299;71347;6095458;6663058;10065278;32581;11164236
FR;2;2022-02-05;1360;8523;35943;132;39227;6096818;6671581;10101221;32713;11203463
FR;2;2022-02-06;275;1771;6125;16;6899;6097093;6673352;10107346;32729;11210362
FR;2;2022-02-07;1350;9577;37750;134;41299;6098443;6682929;10145096;32863;11251661
FR;2;2022-02-08;1300;9825;40948;173;43740;6099743;6692754;10186044;33036;11295401
FR;2;2022-02-09;1160;8830;37039;174;40459;6100903;6701584;10223083;33210;11335860
FR;2;2022-02-10;1026;7992;33834;204;36505;6101929;6709576;10256917;33414;11372365
FR;2;2022-02-11;1390;12083;53341;223;57693;6103319;6721659;10310258;33637;11430058
FR;2;2022-02-12;752;6533;27985;83;30804;6104071;6728192;10338243;33720;11460862
FR;2;2022-02-13;200;1339;4833;20;5574;6104271;6729531;10343076;33740;11466436
FR;2;2022-02-14;834;6728;30270;90;33229;6105105;6736259;10373346;33830;11499665
FR;2;2022-02-15;773;6465;28046;141;29990;6105878;6742724;10401392;33971;11529655
FR;2;2022-02-16;655;5359;22059;123;23624;6106533;6748083;10423451;34094;11553279
FR;2;2022-02-17;518;3778;14146;98;14612;6107051;6751861;10437597;34192;11567891
FR;2;2022-02-18;722;5365;20435;134;21126;6107773;6757226;10458032;34326;11589017
FR;2;2022-02-19;429;3054;10529;66;11244;6108202;6760280;10468561;34392;11600261
FR;2;2022-02-20;102;515;1458;3;1605;6108304;6760795;10470019;34395;11601866
FR;2;2022-02-21;422;2684;9122;65;9499;6108726;6763479;10479141;34460;11611365
FR;2;2022-02-22;390;2564;8892;76;8794;6109116;6766043;10488033;34536;11620159
FR;2;2022-02-23;431;2602;8990;82;9268;6109547;6768645;10497023;34618;11629427
FR;2;2022-02-24;314;2032;6800;81;6828;6109861;6770677;10503823;34699;11636255
FR;2;2022-02-25;457;3204;11417;108;11282;6110318;6773881;10515240;34807;11647537
FR;2;2022-02-26;296;1892;6034;49;6339;6110614;6775773;10521274;34856;11653876
FR;2;2022-02-27;76;313;905;5;948;6110690;6776086;10522179;34861;11654824
FR;2;2022-02-28;330;1687;5523;53;5531;6111020;6777773;10527702;34914;11660355
FR;2;2022-03-01;277;1562;5477;45;5194;6111297;6779335;10533179;34959;11665549
FR;2;2022-03-02;298;1439;5245;45;5089;6111595;6780774;10538424;35004;11670638
FR;2;2022-03-03;225;1111;3707;42;3484;6111820;6781885;10542131;35046;11674122
FR;2;2022-03-04;243;1468;4857;73;4504;6112063;6783353;10546988;35119;11678626
FR;2;2022-03-05;174;904;2979;32;2723;6112237;6784257;10549967;35151;11681349
FR;2;2022-03-06;42;182;279;5;319;6112279;6784439;10550246;35156;11681668
FR;2;2022-03-07;156;656;1986;70;1775;6112435;6785095;10552232;35226;11683443
FR;2;2022-03-08;144;661;2272;51;1905;6112579;6785756;10554504;35277;11685348
FR;2;2022-03-09;154;706;2346;37;2046;6112733;6786462;10556850;35314;11687394
FR;2;2022-03-10;122;602;1691;35;1466;6112855;6787064;10558541;35349;11688860
FR;2;2022-03-11;171;756;2767;57;2366;6113026;6787820;10561308;35406;11691226
FR;2;2022-03-12;147;484;1785;27;1554;6113173;6788304;10563093;35433;11692780
FR;2;2022-03-13;25;75;202;29;203;6113198;6788379;10563295;35462;11692983
FR;2;2022-03-14;128;468;1566;529;1295;6113326;6788847;10564861;35991;11694278
FR;2;2022-03-15;138;435;1710;689;1329;6113464;6789282;10566571;36680;11695607
FR;2;2022-03-16;141;475;2013;1611;1593;6113605;6789757;10568584;38291;11697200
FR;2;2022-03-17;93;413;1408;1193;1144;6113698;6790170;10569992;39484;11698344
FR;2;2022-03-18;145;493;2019;1792;1661;6113843;6790663;10572011;41276;11700005
FR;2;2022-03-19;108;319;1210;941;1015;6113951;6790982;10573221;42217;11701020
FR;2;2022-03-20;13;77;191;59;168;6113964;6791059;10573412;42276;11701188
FR;2;2022-03-21;96;305;1213;1483;1076;6114060;6791364;10574625;43759;11702264
FR;2;2022-03-22;117;388;1530;1829;1291;6114177;6791752;10576155;45588;11703555
FR;2;2022-03-23;139;361;1669;3032;1465;6114316;6792113;10577824;48620;11705020
FR;2;2022-03-24;116;293;1183;1547;1000;6114432;6792406;10579007;50167;11706020
FR;2;2022-03-25;119;361;1803;2449;1473;6114551;6792767;10580810;52616;11707493
FR;2;2022-03-26;77;247;1203;1222;952;6114628;6793014;10582013;53838;11708445
FR;2;2022-03-27;19;36;153;100;132;6114647;6793050;10582166;53938;11708577
FR;2;2022-03-28;94;287;1136;1601;995;6114741;6793337;10583302;55539;11709572
FR;2;2022-03-29;108;258;1324;2464;1104;6114849;6793595;10584626;58003;11710676
FR;2;2022-03-30;91;312;1487;3183;1319;6114940;6793907;10586113;61186;11711995
FR;2;2022-03-31;104;283;1274;2329;1088;6115044;6794190;10587387;63515;11713083
FR;2;2022-04-01;122;323;1567;2343;1322;6115166;6794513;10588954;65858;11714405
FR;2;2022-04-02;72;161;845;891;737;6115238;6794674;10589799;66749;11715142
FR;2;2022-04-03;16;53;128;112;142;6115254;6794727;10589927;66861;11715284
FR;2;2022-04-04;110;236;986;1438;795;6115364;6794963;10590913;68299;11716079
FR;2;2022-04-05;143;290;1314;2886;1141;6115507;6795253;10592227;71185;11717220
FR;2;2022-04-06;88;250;1304;2520;1127;6115595;6795503;10593531;73705;11718347
FR;2;2022-04-07;120;217;1299;2681;1039;6115715;6795720;10594830;76386;11719386
FR;2;2022-04-08;125;335;1625;3231;1323;6115840;6796055;10596455;79617;11720709
FR;2;2022-04-09;90;219;899;1045;731;6115930;6796274;10597354;80662;11721440
FR;2;2022-04-10;37;47;143;162;119;6115967;6796321;10597497;80824;11721559
FR;2;2022-04-11;86;192;885;1531;775;6116053;6796513;10598382;82355;11722334
FR;2;2022-04-12;176;267;1179;2737;1058;6116229;6796780;10599561;85092;11723392
FR;2;2022-04-13;145;229;1125;2452;985;6116374;6797009;10600686;87544;11724377
FR;2;2022-04-14;114;220;1084;2673;916;6116488;6797229;10601770;90217;11725293
FR;2;2022-04-15;113;245;1197;2275;1066;6116601;6797474;10602967;92492;11726359
FR;2;2022-04-16;65;108;541;545;452;6116666;6797582;10603508;93037;11726811
FR;2;2022-04-17;15;26;57;53;53;6116681;6797608;10603565;93090;11726864
FR;2;2022-04-18;12;35;120;70;115;6116693;6797643;10603685;93160;11726979
FR;2;2022-04-19;112;237;1116;1707;948;6116805;6797880;10604801;94867;11727927
FR;2;2022-04-20;95;240;1099;2145;930;6116900;6798120;10605900;97012;11728857
FR;2;2022-04-21;111;231;981;1909;837;6117011;6798351;10606881;98921;11729694
FR;2;2022-04-22;97;270;1241;2086;1023;6117108;6798621;10608122;101007;11730717
FR;2;2022-04-23;66;155;644;762;573;6117174;6798776;10608766;101769;11731290
FR;2;2022-04-24;12;29;101;68;79;6117186;6798805;10608867;101837;11731369
FR;2;2022-04-25;103;203;820;1314;709;6117289;6799008;10609687;103151;11732078
FR;2;2022-04-26;109;183;1039;1998;877;6117398;6799191;10610726;105149;11732955
FR;2;2022-04-27;96;177;857;1759;760;6117494;6799368;10611583;106908;11733715
FR;2;2022-04-28;91;215;948;1903;842;6117585;6799583;10612531;108811;11734557
FR;2;2022-04-29;81;279;1129;1691;1038;6117666;6799862;10613660;110502;11735595
FR;2;2022-04-30;65;126;470;538;429;6117731;6799988;10614130;111040;11736024
FR;2;2022-05-01;20;24;84;48;85;6117751;6800012;10614214;111088;11736109
FR;2;2022-05-02;115;225;762;1206;659;6117866;6800237;10614976;112294;11736768
FR;2;2022-05-03;148;228;996;1767;935;6118014;6800465;10615972;114061;11737703
FR;2;2022-05-04;88;222;923;1809;866;6118102;6800687;10616895;115870;11738569
FR;2;2022-05-05;126;195;851;1697;768;6118228;6800882;10617746;117567;11739337
FR;2;2022-05-06;133;243;1098;1848;1012;6118361;6801125;10618844;119415;11740349
FR;2;2022-05-07;40;97;470;504;406;6118401;6801222;10619314;119919;11740755
FR;2;2022-05-08;45;53;106;70;100;6118446;6801275;10619420;119989;11740855
FR;2;2022-05-09;101;174;652;984;604;6118547;6801449;10620072;120973;11741459
FR;2;2022-05-10;120;243;938;1830;893;6118667;6801692;10621010;122803;11742352
FR;2;2022-05-11;100;170;810;1871;789;6118767;6801862;10621820;124674;11743141
FR;2;2022-05-12;110;166;839;2093;800;6118877;6802028;10622659;126767;11743941
FR;2;2022-05-13;100;232;968;2089;897;6118977;6802260;10623627;128856;11744838
FR;2;2022-05-14;76;117;451;554;409;6119053;6802377;10624078;129410;11745247
FR;2;2022-05-15;24;37;93;87;107;6119077;6802414;10624171;129497;11745354
FR;2;2022-05-16;103;170;599;921;537;6119180;6802584;10624770;130418;11745891
FR;2;2022-05-17;95;183;688;1685;656;6119275;6802767;10625458;132103;11746547
FR;2;2022-05-18;80;180;640;1421;645;6119355;6802947;10626098;133524;11747192
FR;2;2022-05-19;69;159;707;1822;750;6119424;6803106;10626805;135346;11747942
FR;2;2022-05-20;107;177;872;1699;777;6119531;6803283;10627677;137045;11748719
FR;2;2022-05-21;47;96;396;517;338;6119578;6803379;10628073;137562;11749057
FR;2;2022-05-22;8;23;69;37;57;6119586;6803402;10628142;137599;11749114
FR;2;2022-05-23;85;131;498;930;469;6119671;6803533;10628640;138529;11749583
FR;2;2022-05-24;87;161;625;1610;613;6119758;6803694;10629265;140139;11750196
FR;2;2022-05-25;71;141;538;1143;491;6119829;6803835;10629803;141282;11750687
FR;2;2022-05-26;8;30;77;41;85;6119837;6803865;10629880;141323;11750772
FR;2;2022-05-27;44;121;456;817;438;6119881;6803986;10630336;142140;11751210
FR;2;2022-05-28;28;60;220;243;220;6119909;6804046;10630556;142383;11751430
FR;2;2022-05-29;13;34;43;25;51;6119922;6804080;10630599;142408;11751481
FR;2;2022-05-30;65;108;418;720;404;6119987;6804188;10631017;143128;11751885
FR;2;2022-05-31;76;133;561;1276;509;6120063;6804321;10631578;144404;11752394
FR;2;2022-06-01;59;153;556;1074;536;6120122;6804474;10632134;145478;11752930
FR;2;2022-06-02;92;171;624;1400;589;6120214;6804645;10632758;146878;11753519
FR;2;2022-06-03;70;155;666;1603;593;6120284;6804800;10633424;148481;11754112
FR;2;2022-06-04;68;92;281;433;267;6120352;6804892;10633705;148914;11754379
FR;2;2022-06-05;12;17;62;57;47;6120364;6804909;10633767;148971;11754426
FR;2;2022-06-06;11;27;92;75;92;6120375;6804936;10633859;149046;11754518
FR;2;2022-06-07;98;218;662;1531;575;6120473;6805154;10634521;150577;11755093
FR;2;2022-06-08;70;116;475;1165;409;6120543;6805270;10634996;151742;11755502
FR;2;2022-06-09;91;164;609;1919;567;6120634;6805434;10635605;153661;11756069
FR;2;2022-06-10;86;166;647;1682;619;6120720;6805600;10636252;155343;11756688
FR;2;2022-06-11;42;83;286;528;258;6120762;6805683;10636538;155871;11756946
FR;2;2022-06-12;18;38;58;78;60;6120780;6805721;10636596;155949;11757006
FR;2;2022-06-13;37;118;388;948;373;6120817;6805839;10636984;156897;11757379
FR;2;2022-06-14;65;154;597;2086;534;6120882;6805993;10637581;158983;11757913
FR;2;2022-06-15;76;103;517;1495;441;6120958;6806096;10638098;160478;11758354
FR;2;2022-06-16;127;126;493;1410;420;6121085;6806222;10638591;161888;11758774
FR;2;2022-06-17;72;131;584;1815;510;6121157;6806353;10639175;163703;11759284
FR;2;2022-06-18;75;92;224;578;196;6121232;6806445;10639399;164281;11759480
FR;2;2022-06-19;11;14;53;71;41;6121243;6806459;10639452;164352;11759521
FR;2;2022-06-20;61;124;398;1027;389;6121304;6806583;10639850;165379;11759910
FR;2;2022-06-21;106;115;524;2120;453;6121410;6806698;10640374;167499;11760363
FR;2;2022-06-22;39;106;461;1888;414;6121449;6806804;10640835;169387;11760777
FR;2;2022-06-23;56;108;535;2281;450;6121505;6806912;10641370;171668;11761227
FR;2;2022-06-24;66;121;705;3193;568;6121571;6807033;10642075;174861;11761795
FR;2;2022-06-25;29;89;294;986;250;6121600;6807122;10642369;175847;11762045
FR;2;2022-06-26;30;27;131;194;97;6121630;6807149;10642500;176041;11762142
FR;2;2022-06-27;79;136;579;2472;481;6121709;6807285;10643079;178513;11762623
FR;2;2022-06-28;110;138;812;4813;650;6121819;6807423;10643891;183326;11763273
FR;2;2022-06-29;72;149;774;4382;635;6121891;6807572;10644665;187708;11763908
FR;2;2022-06-30;72;133;830;5176;617;6121963;6807705;10645495;192884;11764525
FR;2;2022-07-01;110;153;1133;6677;828;6122073;6807858;10646628;199561;11765353
FR;2;2022-07-02;65;131;465;1973;385;6122138;6807989;10647093;201534;11765738
FR;2;2022-07-03;23;30;144;333;128;6122161;6808019;10647237;201867;11765866
FR;2;2022-07-04;117;175;771;3773;606;6122278;6808194;10648008;205640;11766472
FR;2;2022-07-05;116;184;1115;6808;821;6122394;6808378;10649123;212448;11767293
FR;2;2022-07-06;92;147;943;5797;689;6122486;6808525;10650066;218245;11767982
FR;2;2022-07-07;80;183;1018;6494;745;6122566;6808708;10651084;224739;11768727
FR;2;2022-07-08;62;122;1087;7026;749;6122628;6808830;10652171;231765;11769476
FR;2;2022-07-09;33;61;417;1869;298;6122661;6808891;10652588;233634;11769774
FR;2;2022-07-10;6;17;96;311;82;6122667;6808908;10652684;233945;11769856
FR;2;2022-07-11;68;118;672;3810;529;6122735;6809026;10653356;237755;11770385
FR;2;2022-07-12;98;177;1044;6500;799;6122833;6809203;10654400;244255;11771184
FR;2;2022-07-13;60;125;872;4646;577;6122893;6809328;10655272;248901;11771761
FR;2;2022-07-14;6;12;82;247;52;6122899;6809340;10655354;249148;11771813
FR;2;2022-07-15;58;126;730;3784;551;6122957;6809466;10656084;252932;11772364
FR;2;2022-07-16;27;53;287;1028;240;6122984;6809519;10656371;253960;11772604
FR;2;2022-07-17;5;12;77;200;66;6122989;6809531;10656448;254160;11772670
FR;2;2022-07-18;55;103;500;2507;372;6123044;6809634;10656948;256667;11773042
FR;2;2022-07-19;66;132;766;4243;553;6123110;6809766;10657714;260910;11773595
FR;2;2022-07-20;54;117;574;3177;424;6123164;6809883;10658288;264087;11774019
FR;2;2022-07-21;59;105;661;3675;476;6123223;6809988;10658949;267762;11774495
FR;2;2022-07-22;48;96;681;3486;488;6123271;6810084;10659630;271248;11774983
FR;2;2022-07-23;39;92;285;1158;222;6123310;6810176;10659915;272406;11775205
FR;2;2022-07-24;13;23;66;201;65;6123323;6810199;10659981;272607;11775270
FR;2;2022-07-25;48;69;382;1912;279;6123371;6810268;10660363;274519;11775549
FR;2;2022-07-26;58;130;596;3417;467;6123429;6810398;10660959;277936;11776016
FR;2;2022-07-27;42;81;444;2777;349;6123471;6810479;10661403;280713;11776365
FR;2;2022-07-28;29;74;435;2391;345;6123500;6810553;10661838;283104;11776710
FR;2;2022-07-29;62;87;510;2830;320;6123562;6810640;10662348;285934;11777030
FR;2;2022-07-30;21;28;156;771;105;6123583;6810668;10662504;286705;11777135
FR;2;2022-07-31;5;12;27;104;21;6123588;6810680;10662531;286809;11777156
FR;2;2022-08-01;35;91;264;1203;201;6123623;6810771;10662795;288012;11777357
FR;2;2022-08-02;46;71;308;1961;222;6123669;6810842;10663103;289973;11777579
FR;3;2020-12-27;0;0;0;0;0;0;0;0;0;0
FR;3;2020-12-28;0;0;0;0;0;0;0;0;0;0
FR;3;2020-12-29;0;0;0;0;0;0;0;0;0;0
FR;3;2020-12-30;0;0;0;0;0;0;0;0;0;0
FR;3;2020-12-31;0;0;0;0;0;0;0;0;0;0
FR;3;2021-01-01;0;0;0;0;0;0;0;0;0;0
FR;3;2021-01-02;0;0;0;0;0;0;0;0;0;0
FR;3;2021-01-03;0;0;0;0;0;0;0;0;0;0
FR;3;2021-01-04;0;0;0;0;0;0;0;0;0;0
FR;3;2021-01-05;0;0;0;0;0;0;0;0;0;0
FR;3;2021-01-06;0;0;0;0;0;0;0;0;0;0
FR;3;2021-01-07;0;0;0;0;0;0;0;0;0;0
FR;3;2021-01-08;0;0;0;0;0;0;0;0;0;0
FR;3;2021-01-09;0;0;0;0;0;0;0;0;0;0
FR;3;2021-01-10;0;0;0;0;0;0;0;0;0;0
FR;3;2021-01-11;0;0;0;0;0;0;0;0;0;0
FR;3;2021-01-12;0;0;0;0;0;0;0;0;0;0
FR;3;2021-01-13;0;0;0;0;0;0;0;0;0;0
FR;3;2021-01-14;0;0;0;0;0;0;0;0;0;0
FR;3;2021-01-15;0;0;0;0;0;0;0;0;0;0
FR;3;2021-01-16;0;0;0;0;0;0;0;0;0;0
FR;3;2021-01-17;0;0;0;0;0;0;0;0;0;0
FR;3;2021-01-18;0;0;0;0;0;0;0;0;0;0
FR;3;2021-01-19;0;0;0;0;0;0;0;0;0;0
FR;3;2021-01-20;0;0;0;0;0;0;0;0;0;0
FR;3;2021-01-21;0;0;0;0;0;0;0;0;0;0
FR;3;2021-01-22;0;0;0;0;0;0;0;0;0;0
FR;3;2021-01-23;0;0;0;0;0;0;0;0;0;0
FR;3;2021-01-24;0;0;0;0;0;0;0;0;0;0
FR;3;2021-01-25;0;0;0;0;0;0;0;0;0;0
FR;3;2021-01-26;0;0;0;0;0;0;0;0;0;0
FR;3;2021-01-27;0;0;0;0;0;0;0;0;0;0
FR;3;2021-01-28;0;0;0;0;0;0;0;0;0;0
FR;3;2021-01-29;0;0;0;0;0;0;0;0;0;0
FR;3;2021-01-30;0;0;0;0;0;0;0;0;0;0
FR;3;2021-01-31;0;0;0;0;0;0;0;0;0;0
FR;3;2021-02-01;0;0;0;0;0;0;0;0;0;0
FR;3;2021-02-02;0;0;0;0;0;0;0;0;0;0
FR;3;2021-02-03;0;0;0;0;0;0;0;0;0;0
FR;3;2021-02-04;0;0;0;0;0;0;0;0;0;0
FR;3;2021-02-05;0;0;0;0;0;0;0;0;0;0
FR;3;2021-02-06;1594;0;0;0;0;1594;0;0;0;0
FR;3;2021-02-07;1423;1;0;0;0;3017;1;0;0;0
FR;3;2021-02-08;2786;1;0;0;0;5803;2;0;0;0
FR;3;2021-02-09;6782;0;0;0;0;12585;2;0;0;0
FR;3;2021-02-10;9607;0;0;0;0;22192;2;0;0;0
FR;3;2021-02-11;13618;1;0;0;0;35810;3;0;0;0
FR;3;2021-02-12;13404;0;0;0;0;49214;3;0;0;0
FR;3;2021-02-13;3794;1;0;0;0;53008;4;0;0;0
FR;3;2021-02-14;974;0;0;0;0;53982;4;0;0;0
FR;3;2021-02-15;10491;1;0;0;0;64473;5;0;0;0
FR;3;2021-02-16;12550;4;0;0;0;77023;9;0;0;0
FR;3;2021-02-17;11154;0;0;0;0;88177;9;0;0;0
FR;3;2021-02-18;14942;2;0;0;0;103119;11;0;0;0
FR;3;2021-02-19;14359;1;0;0;0;117478;12;0;0;0
FR;3;2021-02-20;3330;0;0;0;0;120808;12;0;0;0
FR;3;2021-02-21;618;0;0;0;0;121426;12;0;0;0
FR;3;2021-02-22;9166;0;0;0;0;130592;12;0;0;0
FR;3;2021-02-23;11395;3;0;0;0;141987;15;0;0;0
FR;3;2021-02-24;14304;1;0;0;0;156291;16;0;0;0
FR;3;2021-02-25;44931;2;0;0;0;201222;18;0;0;0
FR;3;2021-02-26;61886;5;0;0;0;263108;23;0;0;0
FR;3;2021-02-27;34803;10;0;0;0;297911;33;0;0;0
FR;3;2021-02-28;2463;0;0;0;0;300374;33;0;0;0
FR;3;2021-03-01;20516;14;0;0;0;320890;47;0;0;0
FR;3;2021-03-02;38867;21;0;0;0;359757;68;0;0;0
FR;3;2021-03-03;48740;15;0;0;0;408497;83;0;0;0
FR;3;2021-03-04;82221;20;0;0;0;490718;103;0;0;0
FR;3;2021-03-05;118129;40;0;0;0;608847;143;0;0;0
FR;3;2021-03-06;120713;62;1;0;0;729560;205;1;0;0
FR;3;2021-03-07;55180;25;0;0;0;784740;230;1;0;0
FR;3;2021-03-08;42811;25;0;0;0;827551;255;1;0;0
FR;3;2021-03-09;78972;49;0;0;0;906523;304;1;0;0
FR;3;2021-03-10;80978;51;0;0;0;987501;355;1;0;0
FR;3;2021-03-11;128438;59;0;0;0;1115939;414;1;0;0
FR;3;2021-03-12;182721;101;0;0;0;1298660;515;1;0;0
FR;3;2021-03-13;132149;73;0;0;0;1430809;588;1;0;0
FR;3;2021-03-14;14056;5;0;0;0;1444865;593;1;0;0
FR;3;2021-03-15;52234;62;0;0;0;1497099;655;1;0;0
FR;3;2021-03-16;1215;43;0;0;0;1498314;698;1;0;0
FR;3;2021-03-17;944;43;0;0;0;1499258;741;1;0;0
FR;3;2021-03-18;1568;29;0;0;0;1500826;770;1;0;0
FR;3;2021-03-19;70454;49;0;0;0;1571280;819;1;0;0
FR;3;2021-03-20;65232;45;0;0;0;1636512;864;1;0;0
FR;3;2021-03-21;5759;8;0;0;0;1642271;872;1;0;0
FR;3;2021-03-22;37504;44;0;0;0;1679775;916;1;0;0
FR;3;2021-03-23;84658;74;0;0;0;1764433;990;1;0;0
FR;3;2021-03-24;90942;98;0;0;0;1855375;1088;1;0;0
FR;3;2021-03-25;150056;133;0;0;0;2005431;1221;1;0;0
FR;3;2021-03-26;165424;153;0;0;0;2170855;1374;1;0;0
FR;3;2021-03-27;68457;102;0;0;0;2239312;1476;1;0;0
FR;3;2021-03-28;6475;21;0;0;0;2245787;1497;1;0;0
FR;3;2021-03-29;54164;73;0;0;0;2299951;1570;1;0;0
FR;3;2021-03-30;93173;101;0;0;0;2393124;1671;1;0;0
FR;3;2021-03-31;63537;102;0;0;0;2456661;1773;1;0;0
FR;3;2021-04-01;86130;108;0;0;0;2542791;1881;1;0;0
FR;3;2021-04-02;86903;171;0;0;0;2629694;2052;1;0;0
FR;3;2021-04-03;35875;125;0;0;0;2665569;2177;1;0;0
FR;3;2021-04-04;3573;18;0;0;0;2669142;2195;1;0;0
FR;3;2021-04-05;4489;32;0;0;0;2673631;2227;1;0;0
FR;3;2021-04-06;29751;94;0;0;0;2703382;2321;1;0;0
FR;3;2021-04-07;32340;91;0;0;0;2735722;2412;1;0;0
FR;3;2021-04-08;78817;248;0;0;0;2814539;2660;1;0;0
FR;3;2021-04-09;161751;425;0;0;0;2976290;3085;1;0;0
FR;3;2021-04-10;75760;349;0;0;0;3052050;3434;1;0;0
FR;3;2021-04-11;7311;46;0;0;0;3059361;3480;1;0;0
FR;3;2021-04-12;51478;215;0;0;0;3110839;3695;1;0;0
FR;3;2021-04-13;86230;339;0;0;0;3197069;4034;1;0;0
FR;3;2021-04-14;67839;359;0;0;0;3264908;4393;1;0;0
FR;3;2021-04-15;93234;384;0;0;0;3358142;4777;1;0;0
FR;3;2021-04-16;112520;598;0;0;0;3470662;5375;1;0;0
FR;3;2021-04-17;53316;338;1;0;0;3523978;5713;2;0;0
FR;3;2021-04-18;9745;42;0;0;0;3533723;5755;2;0;0
FR;3;2021-04-19;25106;260;0;0;0;3558829;6015;2;0;0
FR;3;2021-04-20;45672;413;0;0;0;3604501;6428;2;0;0
FR;3;2021-04-21;38977;493;0;0;0;3643478;6921;2;0;0
FR;3;2021-04-22;54708;818;0;0;0;3698186;7739;2;0;0
FR;3;2021-04-23;70489;1038;0;0;0;3768675;8777;2;0;0
FR;3;2021-04-24;37244;1047;0;0;0;3805919;9824;2;0;0
FR;3;2021-04-25;6209;151;0;0;0;3812128;9975;2;0;0
FR;3;2021-04-26;19786;675;0;0;0;3831914;10650;2;0;0
FR;3;2021-04-27;34479;1279;0;0;0;3866393;11929;2;0;0
FR;3;2021-04-28;28967;1978;0;0;0;3895360;13907;2;0;0
FR;3;2021-04-29;45382;6023;0;0;0;3940742;19930;2;0;0
FR;3;2021-04-30;55463;8994;1;0;0;3996205;28924;3;0;0
FR;3;2021-05-01;9513;2020;0;0;0;4005718;30944;3;0;0
FR;3;2021-05-02;3074;478;0;0;0;4008792;31422;3;0;0
FR;3;2021-05-03;13062;3891;0;0;0;4021854;35313;3;0;0
FR;3;2021-05-04;23114;8456;0;0;0;4044968;43769;3;0;0
FR;3;2021-05-05;18758;10699;0;0;0;4063726;54468;3;0;0
FR;3;2021-05-06;34627;21046;0;0;0;4098353;75514;3;0;0
FR;3;2021-05-07;44201;28639;0;0;0;4142554;104153;3;0;0
FR;3;2021-05-08;6786;9151;0;0;0;4149340;113304;3;0;0
FR;3;2021-05-09;1795;2661;0;0;0;4151135;115965;3;0;0
FR;3;2021-05-10;14994;12776;0;0;0;4166129;128741;3;0;0
FR;3;2021-05-11;27093;26022;0;0;0;4193222;154763;3;0;0
FR;3;2021-05-12;17267;27811;0;0;0;4210489;182574;3;0;0
FR;3;2021-05-13;2281;3493;0;0;0;4212770;186067;3;0;0
FR;3;2021-05-14;14517;25953;0;0;0;4227287;212020;3;0;0
FR;3;2021-05-15;7233;20913;0;0;0;4234520;232933;3;0;0
FR;3;2021-05-16;976;2648;0;0;0;4235496;235581;3;0;0
FR;3;2021-05-17;7962;20047;0;0;0;4243458;255628;3;0;0
FR;3;2021-05-18;13412;29910;0;0;0;4256870;285538;3;0;0
FR;3;2021-05-19;9271;31054;0;0;0;4266141;316592;3;0;0
FR;3;2021-05-20;12803;53551;3;0;0;4278944;370143;6;0;0
FR;3;2021-05-21;12762;65853;2;0;0;4291706;435996;8;0;0
FR;3;2021-05-22;4963;33536;1;0;0;4296669;469532;9;0;0
FR;3;2021-05-23;651;2663;0;0;0;4297320;472195;9;0;0
FR;3;2021-05-24;883;4867;0;0;0;4298203;477062;9;0;0
FR;3;2021-05-25;5308;46042;1;0;0;4303511;523104;10;0;0
FR;3;2021-05-26;4974;51631;1;0;0;4308485;574735;11;0;0
FR;3;2021-05-27;6328;78515;3;0;0;4314813;653250;14;0;0
FR;3;2021-05-28;7542;99680;2;0;0;4322355;752930;16;0;0
FR;3;2021-05-29;3348;60730;1;0;0;4325703;813660;17;0;0
FR;3;2021-05-30;548;8171;0;0;0;4326251;821831;17;0;0
FR;3;2021-05-31;2441;35670;3;0;0;4328692;857501;20;0;0
FR;3;2021-06-01;3405;64832;10;0;0;4332097;922333;30;0;0
FR;3;2021-06-02;2732;58530;6;0;0;4334829;980863;36;0;0
FR;3;2021-06-03;3495;87391;10;0;0;4338324;1068254;46;0;0
FR;3;2021-06-04;4114;105507;22;0;0;4342438;1173761;68;0;0
FR;3;2021-06-05;1981;52434;4;0;0;4344419;1226195;72;0;0
FR;3;2021-06-06;506;5317;1;0;0;4344925;1231512;73;0;0
FR;3;2021-06-07;1476;30880;11;0;0;4346401;1262392;84;0;0
FR;3;2021-06-08;2059;47311;18;0;0;4348460;1309703;102;0;0
FR;3;2021-06-09;1794;42020;13;0;0;4350254;1351723;115;0;0
FR;3;2021-06-10;2248;67747;17;0;0;4352502;1419470;132;0;0
FR;3;2021-06-11;2479;96637;34;0;0;4354981;1516107;166;0;0
FR;3;2021-06-12;1176;40675;6;0;0;4356157;1556782;172;0;0
FR;3;2021-06-13;281;3701;3;0;0;4356438;1560483;175;0;0
FR;3;2021-06-14;1043;42466;17;0;0;4357481;1602949;192;0;0
FR;3;2021-06-15;1369;80491;20;0;0;4358850;1683440;212;0;0
FR;3;2021-06-16;1257;65541;20;0;0;4360107;1748981;232;0;0
FR;3;2021-06-17;1663;102043;41;0;0;4361770;1851024;273;0;0
FR;3;2021-06-18;1870;118190;62;0;0;4363640;1969214;335;0;0
FR;3;2021-06-19;802;39421;22;0;0;4364442;2008635;357;0;0
FR;3;2021-06-20;159;3268;0;0;0;4364601;2011903;357;0;0
FR;3;2021-06-21;771;39142;16;0;0;4365372;2051045;373;0;0
FR;3;2021-06-22;1064;69986;52;0;0;4366436;2121031;425;0;0
FR;3;2021-06-23;941;50818;39;0;0;4367377;2171849;464;0;0
FR;3;2021-06-24;1310;77180;48;0;0;4368687;2249029;512;0;0
FR;3;2021-06-25;1403;90380;73;0;0;4370090;2339409;585;0;0
FR;3;2021-06-26;629;33120;29;0;0;4370719;2372529;614;0;0
FR;3;2021-06-27;166;3894;1;0;0;4370885;2376423;615;0;0
FR;3;2021-06-28;649;30211;27;0;0;4371534;2406634;642;0;0
FR;3;2021-06-29;854;56342;95;0;0;4372388;2462976;737;0;0
FR;3;2021-06-30;905;45109;93;0;0;4373293;2508085;830;0;0
FR;3;2021-07-01;1162;65882;108;0;0;4374455;2573967;938;0;0
FR;3;2021-07-02;1304;90434;170;0;0;4375759;2664401;1108;0;0
FR;3;2021-07-03;602;31186;51;0;0;4376361;2695587;1159;0;0
FR;3;2021-07-04;143;4126;3;0;0;4376504;2699713;1162;0;0
FR;3;2021-07-05;610;33728;60;0;0;4377114;2733441;1222;0;0
FR;3;2021-07-06;959;55992;88;0;0;4378073;2789433;1310;0;0
FR;3;2021-07-07;870;42984;80;0;0;4378943;2832417;1390;0;0
FR;3;2021-07-08;1123;60734;99;0;0;4380066;2893151;1489;0;0
FR;3;2021-07-09;1260;68848;128;0;0;4381326;2961999;1617;0;0
FR;3;2021-07-10;643;25048;59;0;0;4381969;2987047;1676;0;0
FR;3;2021-07-11;129;3234;4;0;0;4382098;2990281;1680;0;0
FR;3;2021-07-12;661;23775;59;0;0;4382759;3014056;1739;0;0
FR;3;2021-07-13;1647;34609;90;0;0;4384406;3048665;1829;0;0
FR;3;2021-07-14;267;2541;2;0;0;4384673;3051206;1831;0;0
FR;3;2021-07-15;1938;30547;85;0;0;4386611;3081753;1916;0;0
FR;3;2021-07-16;2520;38752;122;0;0;4389131;3120505;2038;0;0
FR;3;2021-07-17;1048;13725;26;0;0;4390179;3134230;2064;0;0
FR;3;2021-07-18;264;2564;3;0;0;4390443;3136794;2067;0;0
FR;3;2021-07-19;1276;17039;37;0;0;4391719;3153833;2104;0;0
FR;3;2021-07-20;1823;27022;98;0;0;4393542;3180855;2202;0;0
FR;3;2021-07-21;1650;19615;44;0;0;4395192;3200470;2246;0;0
FR;3;2021-07-22;1854;27682;83;0;0;4397046;3228152;2329;0;0
FR;3;2021-07-23;2215;30358;117;0;0;4399261;3258510;2446;0;0
FR;3;2021-07-24;825;6963;25;0;0;4400086;3265473;2471;0;0
FR;3;2021-07-25;210;1309;1;0;0;4400296;3266782;2472;0;0
FR;3;2021-07-26;928;10594;28;0;0;4401224;3277376;2500;0;0
FR;3;2021-07-27;1168;16881;56;0;0;4402392;3294257;2556;0;0
FR;3;2021-07-28;988;12031;40;0;0;4403380;3306288;2596;0;0
FR;3;2021-07-29;1127;15761;63;0;0;4404507;3322049;2659;0;0
FR;3;2021-07-30;1128;18018;79;0;0;4405635;3340067;2738;0;0
FR;3;2021-07-31;406;3739;15;0;0;4406041;3343806;2753;0;0
FR;3;2021-08-01;114;467;1;0;0;4406155;3344273;2754;0;0
FR;3;2021-08-02;421;5092;22;0;0;4406576;3349365;2776;0;0
FR;3;2021-08-03;493;7534;27;0;0;4407069;3356899;2803;0;0
FR;3;2021-08-04;435;4860;26;0;0;4407504;3361759;2829;0;0
FR;3;2021-08-05;430;3685;13;0;0;4407934;3365444;2842;0;0
FR;3;2021-08-06;456;4751;30;0;0;4408390;3370195;2872;0;0
FR;3;2021-08-07;214;1909;11;0;0;4408604;3372104;2883;0;0
FR;3;2021-08-08;249;430;2;0;0;4408853;3372534;2885;0;0
FR;3;2021-08-09;316;2436;11;0;0;4409169;3374970;2896;0;0
FR;3;2021-08-10;368;3813;15;0;0;4409537;3378783;2911;0;0
FR;3;2021-08-11;289;2691;15;0;0;4409826;3381474;2926;0;0
FR;3;2021-08-12;277;2607;12;0;0;4410103;3384081;2938;0;0
FR;3;2021-08-13;277;2265;16;0;0;4410380;3386346;2954;0;0
FR;3;2021-08-14;172;906;1;0;0;4410552;3387252;2955;0;0
FR;3;2021-08-15;55;175;0;0;0;4410607;3387427;2955;0;0
FR;3;2021-08-16;123;1051;8;0;0;4410730;3388478;2963;0;0
FR;3;2021-08-17;186;1463;8;0;0;4410916;3389941;2971;0;0
FR;3;2021-08-18;202;1328;10;0;0;4411118;3391269;2981;0;0
FR;3;2021-08-19;165;1392;10;0;0;4411283;3392661;2991;0;0
FR;3;2021-08-20;167;1617;16;0;0;4411450;3394278;3007;0;0
FR;3;2021-08-21;93;584;2;0;0;4411543;3394862;3009;0;0
FR;3;2021-08-22;42;186;1;0;0;4411585;3395048;3010;0;0
FR;3;2021-08-23;141;914;7;0;0;4411726;3395962;3017;0;0
FR;3;2021-08-24;124;948;10;0;0;4411850;3396910;3027;0;0
FR;3;2021-08-25;137;835;3;0;0;4411987;3397745;3030;0;0
FR;3;2021-08-26;172;852;9;0;0;4412159;3398597;3039;0;0
FR;3;2021-08-27;177;947;9;0;0;4412336;3399544;3048;0;0
FR;3;2021-08-28;99;370;4;0;0;4412435;3399914;3052;0;0
FR;3;2021-08-29;128;134;1;0;0;4412563;3400048;3053;0;0
FR;3;2021-08-30;99;585;0;0;125;4412662;3400633;3053;0;125
FR;3;2021-08-31;131;696;7;0;144;4412793;3401329;3060;0;269
FR;3;2021-09-01;120;466;5;0;114;4412913;3401795;3065;0;383
FR;3;2021-09-02;100;622;22;0;114;4413013;3402417;3087;0;497
FR;3;2021-09-03;115;576;17;0;123;4413128;3402993;3104;0;620
FR;3;2021-09-04;54;299;3;0;55;4413182;3403292;3107;0;675
FR;3;2021-09-05;51;67;5;0;28;4413233;3403359;3112;0;703
FR;3;2021-09-06;116;381;4;0;140;4413349;3403740;3116;0;843
FR;3;2021-09-07;123;455;14;0;124;4413472;3404195;3130;0;967
FR;3;2021-09-08;120;353;2;0;94;4413592;3404548;3132;0;1061
FR;3;2021-09-09;93;388;8;0;109;4413685;3404936;3140;0;1170
FR;3;2021-09-10;100;411;3;0;98;4413785;3405347;3143;0;1268
FR;3;2021-09-11;76;231;4;0;65;4413861;3405578;3147;0;1333
FR;3;2021-09-12;37;46;1;0;17;4413898;3405624;3148;0;1350
FR;3;2021-09-13;72;309;7;0;104;4413970;3405933;3155;0;1454
FR;3;2021-09-14;72;282;6;0;100;4414042;3406215;3161;0;1554
FR;3;2021-09-15;61;258;3;0;6;4414103;3406473;3164;0;1560
FR;3;2021-09-16;61;326;5;0;5;4414164;3406799;3169;0;1565
FR;3;2021-09-17;52;335;3;0;7;4414216;3407134;3172;0;1572
FR;3;2021-09-18;36;177;1;0;1;4414252;3407311;3173;0;1573
FR;3;2021-09-19;27;30;2;0;1;4414279;3407341;3175;0;1574
FR;3;2021-09-20;81;198;0;0;1;4414360;3407539;3175;0;1575
FR;3;2021-09-21;59;286;6;0;7;4414419;3407825;3181;0;1582
FR;3;2021-09-22;64;229;6;0;7;4414483;3408054;3187;0;1589
FR;3;2021-09-23;37;266;11;0;7;4414520;3408320;3198;0;1596
FR;3;2021-09-24;27;322;12;0;19;4414547;3408642;3210;0;1615
FR;3;2021-09-25;31;145;3;0;3;4414578;3408787;3213;0;1618
FR;3;2021-09-26;16;58;1;0;1;4414594;3408845;3214;0;1619
FR;3;2021-09-27;42;293;3;0;5;4414636;3409138;3217;0;1624
FR;3;2021-09-28;49;248;6;0;8;4414685;3409386;3223;0;1632
FR;3;2021-09-29;35;224;10;0;14;4414720;3409610;3233;0;1646
FR;3;2021-09-30;39;199;8;0;10;4414759;3409809;3241;0;1656
FR;3;2021-10-01;20;164;6;0;7;4414779;3409973;3247;0;1663
FR;3;2021-10-02;16;87;0;0;0;4414795;3410060;3247;0;1663
FR;3;2021-10-03;19;17;1;0;2;4414814;3410077;3248;0;1665
FR;3;2021-10-04;31;158;4;0;4;4414845;3410235;3252;0;1669
FR;3;2021-10-05;16;150;10;0;13;4414861;3410385;3262;0;1682
FR;3;2021-10-06;31;149;8;0;9;4414892;3410534;3270;0;1691
FR;3;2021-10-07;19;135;6;0;6;4414911;3410669;3276;0;1697
FR;3;2021-10-08;22;141;10;0;9;4414933;3410810;3286;0;1706
FR;3;2021-10-09;14;72;1;0;1;4414947;3410882;3287;0;1707
FR;3;2021-10-10;13;17;2;0;2;4414960;3410899;3289;0;1709
FR;3;2021-10-11;15;120;4;0;5;4414975;3411019;3293;0;1714
FR;3;2021-10-12;18;105;5;0;5;4414993;3411124;3298;0;1719
FR;3;2021-10-13;25;115;8;0;6;4415018;3411239;3306;0;1725
FR;3;2021-10-14;18;154;3;0;4;4415036;3411393;3309;0;1729
FR;3;2021-10-15;23;152;8;0;11;4415059;3411545;3317;0;1740
FR;3;2021-10-16;11;77;6;0;8;4415070;3411622;3323;0;1748
FR;3;2021-10-17;12;25;0;0;0;4415082;3411647;3323;0;1748
FR;3;2021-10-18;18;120;2;0;2;4415100;3411767;3325;0;1750
FR;3;2021-10-19;16;117;19;0;21;4415116;3411884;3344;0;1771
FR;3;2021-10-20;23;129;6;0;7;4415139;3412013;3350;0;1778
FR;3;2021-10-21;27;129;17;0;13;4415166;3412142;3367;0;1791
FR;3;2021-10-22;22;117;16;0;20;4415188;3412259;3383;0;1811
FR;3;2021-10-23;12;58;2;0;1;4415200;3412317;3385;0;1812
FR;3;2021-10-24;7;35;0;0;0;4415207;3412352;3385;0;1812
FR;3;2021-10-25;23;149;7;0;7;4415230;3412501;3392;0;1819
FR;3;2021-10-26;23;105;22;0;19;4415253;3412606;3414;0;1838
FR;3;2021-10-27;17;105;9;0;9;4415270;3412711;3423;0;1847
FR;3;2021-10-28;22;119;33;0;36;4415292;3412830;3456;0;1883
FR;3;2021-10-29;12;111;64;0;54;4415304;3412941;3520;0;1937
FR;3;2021-10-30;10;65;11;1;10;4415314;3413006;3531;1;1947
FR;3;2021-10-31;8;23;1;0;1;4415322;3413029;3532;1;1948
FR;3;2021-11-01;8;21;2;0;1;4415330;3413050;3534;1;1949
FR;3;2021-11-02;9;102;10;0;12;4415339;3413152;3544;1;1961
FR;3;2021-11-03;19;110;10;0;10;4415358;3413262;3554;1;1971
FR;3;2021-11-04;18;89;4;0;3;4415376;3413351;3558;1;1974
FR;3;2021-11-05;19;130;8;1;5;4415395;3413481;3566;2;1979
FR;3;2021-11-06;9;62;3;0;3;4415404;3413543;3569;2;1982
FR;3;2021-11-07;6;21;1;0;1;4415410;3413564;3570;2;1983
FR;3;2021-11-08;11;133;7;0;5;4415421;3413697;3577;2;1988
FR;3;2021-11-09;13;139;5;0;5;4415434;3413836;3582;2;1993
FR;3;2021-11-10;13;165;14;0;15;4415447;3414001;3596;2;2008
FR;3;2021-11-11;11;49;3;0;3;4415458;3414050;3599;2;2011
FR;3;2021-11-12;13;145;6;0;4;4415471;3414195;3605;2;2015
FR;3;2021-11-13;7;71;9;0;10;4415478;3414266;3614;2;2025
FR;3;2021-11-14;3;24;0;0;0;4415481;3414290;3614;2;2025
FR;3;2021-11-15;5;182;10;0;11;4415486;3414472;3624;2;2036
FR;3;2021-11-16;5;146;11;0;10;4415491;3414618;3635;2;2046
FR;3;2021-11-17;7;163;10;0;7;4415498;3414781;3645;2;2053
FR;3;2021-11-18;13;157;10;0;11;4415511;3414938;3655;2;2064
FR;3;2021-11-19;10;207;22;0;27;4415521;3415145;3677;2;2091
FR;3;2021-11-20;6;105;6;0;6;4415527;3415250;3683;2;2097
FR;3;2021-11-21;3;25;3;0;3;4415530;3415275;3686;2;2100
FR;3;2021-11-22;11;208;11;0;11;4415541;3415483;3697;2;2111
FR;3;2021-11-23;8;205;15;0;14;4415549;3415688;3712;2;2125
FR;3;2021-11-24;6;214;9;0;17;4415555;3415902;3721;2;2142
FR;3;2021-11-25;10;245;11;0;11;4415565;3416147;3732;2;2153
FR;3;2021-11-26;8;312;35;0;33;4415573;3416459;3767;2;2186
FR;3;2021-11-27;8;147;20;0;21;4415581;3416606;3787;2;2207
FR;3;2021-11-28;3;63;7;0;7;4415584;3416669;3794;2;2214
FR;3;2021-11-29;5;272;20;0;21;4415589;3416941;3814;2;2235
FR;3;2021-11-30;5;358;27;0;30;4415594;3417299;3841;2;2265
FR;3;2021-12-01;27;395;35;0;37;4415621;3417694;3876;2;2302
FR;3;2021-12-02;9;414;33;0;36;4415630;3418108;3909;2;2338
FR;3;2021-12-03;4;473;37;0;38;4415634;3418581;3946;2;2376
FR;3;2021-12-04;3;249;26;0;28;4415637;3418830;3972;2;2404
FR;3;2021-12-05;1;68;5;0;5;4415638;3418898;3977;2;2409
FR;3;2021-12-06;5;437;14;0;15;4415643;3419335;3991;2;2424
FR;3;2021-12-07;4;511;20;0;24;4415647;3419846;4011;2;2448
FR;3;2021-12-08;6;466;29;0;30;4415653;3420312;4040;2;2478
FR;3;2021-12-09;3;534;17;0;22;4415656;3420846;4057;2;2500
FR;3;2021-12-10;10;542;29;0;25;4415666;3421388;4086;2;2525
FR;3;2021-12-11;4;344;10;0;9;4415670;3421732;4096;2;2534
FR;3;2021-12-12;1;113;3;0;3;4415671;3421845;4099;2;2537
FR;3;2021-12-13;2;519;19;0;21;4415673;3422364;4118;2;2558
FR;3;2021-12-14;7;663;18;0;21;4415680;3423027;4136;2;2579
FR;3;2021-12-15;9;630;17;0;21;4415689;3423657;4153;2;2600
FR;3;2021-12-16;10;646;19;0;18;4415699;3424303;4172;2;2618
FR;3;2021-12-17;5;723;18;0;19;4415704;3425026;4190;2;2637
FR;3;2021-12-18;4;385;4;0;5;4415708;3425411;4194;2;2642
FR;3;2021-12-19;3;194;2;0;2;4415711;3425605;4196;2;2644
FR;3;2021-12-20;8;661;23;0;28;4415719;3426266;4219;2;2672
FR;3;2021-12-21;3;751;10;0;13;4415722;3427017;4229;2;2685
FR;3;2021-12-22;10;696;9;0;10;4415732;3427713;4238;2;2695
FR;3;2021-12-23;2;608;8;0;8;4415734;3428321;4246;2;2703
FR;3;2021-12-24;2;253;3;0;6;4415736;3428574;4249;2;2709
FR;3;2021-12-25;0;25;0;0;0;4415736;3428599;4249;2;2709
FR;3;2021-12-26;0;92;1;0;1;4415736;3428691;4250;2;2710
FR;3;2021-12-27;7;507;17;0;20;4415743;3429198;4267;2;2730
FR;3;2021-12-28;1;655;6;0;5;4415744;3429853;4273;2;2735
FR;3;2021-12-29;4;543;14;0;16;4415748;3430396;4287;2;2751
FR;3;2021-12-30;3;569;7;0;10;4415751;3430965;4294;2;2761
FR;3;2021-12-31;0;198;5;0;7;4415751;3431163;4299;2;2768
FR;3;2022-01-01;0;26;0;0;2;4415751;3431189;4299;2;2770
FR;3;2022-01-02;0;80;0;0;0;4415751;3431269;4299;2;2770
FR;3;2022-01-03;4;542;17;0;21;4415755;3431811;4316;2;2791
FR;3;2022-01-04;6;592;9;0;8;4415761;3432403;4325;2;2799
FR;3;2022-01-05;4;534;10;0;14;4415765;3432937;4335;2;2813
FR;3;2022-01-06;5;515;9;0;10;4415770;3433452;4344;2;2823
FR;3;2022-01-07;2;543;11;0;13;4415772;3433995;4355;2;2836
FR;3;2022-01-08;4;267;4;0;5;4415776;3434262;4359;2;2841
FR;3;2022-01-09;0;117;0;0;0;4415776;3434379;4359;2;2841
FR;3;2022-01-10;2;461;12;0;12;4415778;3434840;4371;2;2853
FR;3;2022-01-11;2;506;1;0;1;4415780;3435346;4372;2;2854
FR;3;2022-01-12;2;429;9;0;10;4415782;3435775;4381;2;2864
FR;3;2022-01-13;3;407;11;0;12;4415785;3436182;4392;2;2876
FR;3;2022-01-14;3;455;10;0;13;4415788;3436637;4402;2;2889
FR;3;2022-01-15;0;291;2;0;3;4415788;3436928;4404;2;2892
FR;3;2022-01-16;1;113;1;0;1;4415789;3437041;4405;2;2893
FR;3;2022-01-17;2;337;8;0;9;4415791;3437378;4413;2;2902
FR;3;2022-01-18;2;393;1;0;2;4415793;3437771;4414;2;2904
FR;3;2022-01-19;2;339;5;0;10;4415795;3438110;4419;2;2914
FR;3;2022-01-20;1;370;5;0;3;4415796;3438480;4424;2;2917
FR;3;2022-01-21;4;359;5;0;7;4415800;3438839;4429;2;2924
FR;3;2022-01-22;2;230;1;0;2;4415802;3439069;4430;2;2926
FR;3;2022-01-23;0;81;0;0;1;4415802;3439150;4430;2;2927
FR;3;2022-01-24;2;338;1;0;6;4415804;3439488;4431;2;2933
FR;3;2022-01-25;0;185;0;0;0;4415804;3439673;4431;2;2933
FR;3;2022-01-26;0;83;0;0;0;4415804;3439756;4431;2;2933
FR;3;2022-01-27;0;54;0;0;0;4415804;3439810;4431;2;2933
FR;3;2022-01-28;0;125;0;0;0;4415804;3439935;4431;2;2933
FR;3;2022-01-29;0;105;0;0;0;4415804;3440040;4431;2;2933
FR;3;2022-01-30;0;51;0;0;0;4415804;3440091;4431;2;2933
FR;3;2022-01-31;0;96;0;0;0;4415804;3440187;4431;2;2933
FR;3;2022-02-01;0;103;0;0;1;4415804;3440290;4431;2;2934
FR;3;2022-02-02;0;91;0;0;0;4415804;3440381;4431;2;2934
FR;3;2022-02-03;0;100;0;0;0;4415804;3440481;4431;2;2934
FR;3;2022-02-04;0;122;0;0;0;4415804;3440603;4431;2;2934
FR;3;2022-02-05;0;72;0;0;0;4415804;3440675;4431;2;2934
FR;3;2022-02-06;0;11;0;0;0;4415804;3440686;4431;2;2934
FR;3;2022-02-07;0;88;0;0;1;4415804;3440774;4431;2;2935
FR;3;2022-02-08;0;0;0;0;0;4415804;3440774;4431;2;2935
FR;3;2022-02-09;0;0;0;0;0;4415804;3440774;4431;2;2935
FR;3;2022-02-10;0;0;0;0;0;4415804;3440774;4431;2;2935
FR;3;2022-02-11;0;0;0;0;0;4415804;3440774;4431;2;2935
FR;3;2022-02-12;0;0;0;0;0;4415804;3440774;4431;2;2935
FR;3;2022-02-13;0;0;0;0;0;4415804;3440774;4431;2;2935
FR;3;2022-02-14;0;0;0;0;0;4415804;3440774;4431;2;2935
FR;3;2022-02-15;0;0;0;0;0;4415804;3440774;4431;2;2935
FR;3;2022-02-16;0;0;0;0;0;4415804;3440774;4431;2;2935
FR;3;2022-02-17;0;0;0;0;0;4415804;3440774;4431;2;2935
FR;3;2022-02-18;0;0;0;0;0;4415804;3440774;4431;2;2935
FR;3;2022-02-19;0;0;0;0;0;4415804;3440774;4431;2;2935
FR;3;2022-02-20;0;0;0;0;0;4415804;3440774;4431;2;2935
FR;3;2022-02-21;2;0;0;0;0;4415806;3440774;4431;2;2935
FR;3;2022-02-22;0;0;0;0;0;4415806;3440774;4431;2;2935
FR;3;2022-02-23;0;0;0;0;0;4415806;3440774;4431;2;2935
FR;3;2022-02-24;0;0;0;0;0;4415806;3440774;4431;2;2935
FR;3;2022-02-25;0;0;0;0;0;4415806;3440774;4431;2;2935
FR;3;2022-02-26;0;0;0;0;0;4415806;3440774;4431;2;2935
FR;3;2022-02-27;0;0;0;0;0;4415806;3440774;4431;2;2935
FR;3;2022-02-28;1;0;0;0;0;4415807;3440774;4431;2;2935
FR;3;2022-03-01;1;0;0;0;0;4415808;3440774;4431;2;2935
FR;3;2022-03-02;0;0;0;0;0;4415808;3440774;4431;2;2935
FR;3;2022-03-03;0;0;0;0;0;4415808;3440774;4431;2;2935
FR;3;2022-03-04;0;0;0;0;0;4415808;3440774;4431;2;2935
FR;3;2022-03-05;0;0;0;0;0;4415808;3440774;4431;2;2935
FR;3;2022-03-06;1;0;0;0;0;4415809;3440774;4431;2;2935
FR;3;2022-03-07;0;0;0;0;0;4415809;3440774;4431;2;2935
FR;3;2022-03-08;1;0;0;0;0;4415810;3440774;4431;2;2935
FR;3;2022-03-09;0;0;0;0;0;4415810;3440774;4431;2;2935
FR;3;2022-03-10;0;0;0;0;0;4415810;3440774;4431;2;2935
FR;3;2022-03-11;0;0;0;0;0;4415810;3440774;4431;2;2935
FR;3;2022-03-12;0;0;0;0;0;4415810;3440774;4431;2;2935
FR;3;2022-03-13;0;0;0;0;0;4415810;3440774;4431;2;2935
FR;3;2022-03-14;0;0;0;0;0;4415810;3440774;4431;2;2935
FR;3;2022-03-15;0;0;0;0;0;4415810;3440774;4431;2;2935
FR;3;2022-03-16;0;0;0;0;0;4415810;3440774;4431;2;2935
FR;3;2022-03-17;0;0;0;0;0;4415810;3440774;4431;2;2935
FR;3;2022-03-18;0;0;0;0;0;4415810;3440774;4431;2;2935
FR;3;2022-03-19;0;0;0;0;0;4415810;3440774;4431;2;2935
FR;3;2022-03-20;1;0;0;0;0;4415811;3440774;4431;2;2935
FR;3;2022-03-21;0;0;0;0;0;4415811;3440774;4431;2;2935
FR;3;2022-03-22;0;0;0;0;0;4415811;3440774;4431;2;2935
FR;3;2022-03-23;1;0;0;0;0;4415812;3440774;4431;2;2935
FR;3;2022-03-24;0;0;0;0;0;4415812;3440774;4431;2;2935
FR;3;2022-03-25;1;0;0;0;0;4415813;3440774;4431;2;2935
FR;3;2022-03-26;0;0;0;0;0;4415813;3440774;4431;2;2935
FR;3;2022-03-27;0;0;0;0;0;4415813;3440774;4431;2;2935
FR;3;2022-03-28;0;0;0;0;0;4415813;3440774;4431;2;2935
FR;3;2022-03-29;0;0;0;0;0;4415813;3440774;4431;2;2935
FR;3;2022-03-30;0;0;0;0;0;4415813;3440774;4431;2;2935
FR;3;2022-03-31;0;0;0;0;0;4415813;3440774;4431;2;2935
FR;3;2022-04-01;0;0;0;0;0;4415813;3440774;4431;2;2935
FR;3;2022-04-02;0;0;0;0;0;4415813;3440774;4431;2;2935
FR;3;2022-04-03;0;0;0;0;0;4415813;3440774;4431;2;2935
FR;3;2022-04-04;0;0;0;0;0;4415813;3440774;4431;2;2935
FR;3;2022-04-05;0;0;0;0;0;4415813;3440774;4431;2;2935
FR;3;2022-04-06;0;0;0;0;0;4415813;3440774;4431;2;2935
FR;3;2022-04-07;0;0;0;0;0;4415813;3440774;4431;2;2935
FR;3;2022-04-08;0;0;0;0;0;4415813;3440774;4431;2;2935
FR;3;2022-04-09;0;0;0;0;0;4415813;3440774;4431;2;2935
FR;3;2022-04-10;0;0;0;0;0;4415813;3440774;4431;2;2935
FR;3;2022-04-11;0;0;0;0;0;4415813;3440774;4431;2;2935
FR;3;2022-04-12;0;0;0;0;0;4415813;3440774;4431;2;2935
FR;3;2022-04-13;0;0;0;0;0;4415813;3440774;4431;2;2935
FR;3;2022-04-14;0;0;0;0;0;4415813;3440774;4431;2;2935
FR;3;2022-04-15;1;0;0;0;0;4415814;3440774;4431;2;2935
FR;3;2022-04-16;0;0;0;0;0;4415814;3440774;4431;2;2935
FR;3;2022-04-17;0;0;0;0;0;4415814;3440774;4431;2;2935
FR;3;2022-04-18;0;0;0;0;0;4415814;3440774;4431;2;2935
FR;3;2022-04-19;0;0;0;0;0;4415814;3440774;4431;2;2935
FR;3;2022-04-20;0;0;0;0;0;4415814;3440774;4431;2;2935
FR;3;2022-04-21;0;0;0;0;0;4415814;3440774;4431;2;2935
FR;3;2022-04-22;0;0;0;0;0;4415814;3440774;4431;2;2935
FR;3;2022-04-23;0;0;0;0;0;4415814;3440774;4431;2;2935
FR;3;2022-04-24;0;0;0;0;0;4415814;3440774;4431;2;2935
FR;3;2022-04-25;0;0;0;0;0;4415814;3440774;4431;2;2935
FR;3;2022-04-26;0;0;0;0;0;4415814;3440774;4431;2;2935
FR;3;2022-04-27;0;0;0;0;0;4415814;3440774;4431;2;2935
FR;3;2022-04-28;0;0;0;0;0;4415814;3440774;4431;2;2935
FR;3;2022-04-29;0;0;0;0;0;4415814;3440774;4431;2;2935
FR;3;2022-04-30;0;0;0;0;0;4415814;3440774;4431;2;2935
FR;3;2022-05-01;0;0;0;0;0;4415814;3440774;4431;2;2935
FR;3;2022-05-02;0;0;0;0;0;4415814;3440774;4431;2;2935
FR;3;2022-05-03;0;0;0;0;0;4415814;3440774;4431;2;2935
FR;3;2022-05-04;0;0;0;0;0;4415814;3440774;4431;2;2935
FR;3;2022-05-05;0;0;0;0;0;4415814;3440774;4431;2;2935
FR;3;2022-05-06;0;0;0;0;0;4415814;3440774;4431;2;2935
FR;3;2022-05-07;0;0;0;0;0;4415814;3440774;4431;2;2935
FR;3;2022-05-08;0;0;0;0;0;4415814;3440774;4431;2;2935
FR;3;2022-05-09;0;0;0;0;0;4415814;3440774;4431;2;2935
FR;3;2022-05-10;0;0;0;0;0;4415814;3440774;4431;2;2935
FR;3;2022-05-11;0;0;0;0;0;4415814;3440774;4431;2;2935
FR;3;2022-05-12;0;0;0;0;0;4415814;3440774;4431;2;2935
FR;3;2022-05-13;0;0;0;0;0;4415814;3440774;4431;2;2935
FR;3;2022-05-14;1;0;0;0;0;4415815;3440774;4431;2;2935
FR;3;2022-05-15;0;0;0;0;0;4415815;3440774;4431;2;2935
FR;3;2022-05-16;0;0;0;0;0;4415815;3440774;4431;2;2935
FR;3;2022-05-17;0;0;0;0;0;4415815;3440774;4431;2;2935
FR;3;2022-05-18;0;0;0;0;0;4415815;3440774;4431;2;2935
FR;3;2022-05-19;0;0;0;0;0;4415815;3440774;4431;2;2935
FR;3;2022-05-20;0;0;0;0;0;4415815;3440774;4431;2;2935
FR;3;2022-05-21;0;0;0;0;0;4415815;3440774;4431;2;2935
FR;3;2022-05-22;0;0;0;0;0;4415815;3440774;4431;2;2935
FR;3;2022-05-23;0;0;0;0;0;4415815;3440774;4431;2;2935
FR;3;2022-05-24;0;0;0;0;0;4415815;3440774;4431;2;2935
FR;3;2022-05-25;0;0;0;0;0;4415815;3440774;4431;2;2935
FR;3;2022-05-26;0;0;0;0;0;4415815;3440774;4431;2;2935
FR;3;2022-05-27;0;0;0;0;0;4415815;3440774;4431;2;2935
FR;3;2022-05-28;0;0;0;0;0;4415815;3440774;4431;2;2935
FR;3;2022-05-29;0;0;0;0;0;4415815;3440774;4431;2;2935
FR;3;2022-05-30;0;0;0;0;0;4415815;3440774;4431;2;2935
FR;3;2022-05-31;0;0;0;0;0;4415815;3440774;4431;2;2935
FR;3;2022-06-01;0;0;0;0;0;4415815;3440774;4431;2;2935
FR;3;2022-06-02;0;0;0;0;0;4415815;3440774;4431;2;2935
FR;3;2022-06-03;0;0;0;0;0;4415815;3440774;4431;2;2935
FR;3;2022-06-04;0;0;0;0;0;4415815;3440774;4431;2;2935
FR;3;2022-06-05;0;0;0;0;0;4415815;3440774;4431;2;2935
FR;3;2022-06-06;0;0;0;0;0;4415815;3440774;4431;2;2935
FR;3;2022-06-07;0;0;0;0;0;4415815;3440774;4431;2;2935
FR;3;2022-06-08;0;0;0;0;0;4415815;3440774;4431;2;2935
FR;3;2022-06-09;0;0;0;0;0;4415815;3440774;4431;2;2935
FR;3;2022-06-10;0;0;0;0;0;4415815;3440774;4431;2;2935
FR;3;2022-06-11;0;0;0;0;0;4415815;3440774;4431;2;2935
FR;3;2022-06-12;0;0;0;0;0;4415815;3440774;4431;2;2935
FR;3;2022-06-13;1;0;0;0;0;4415816;3440774;4431;2;2935
FR;3;2022-06-14;0;0;0;0;0;4415816;3440774;4431;2;2935
FR;3;2022-06-15;0;0;0;0;0;4415816;3440774;4431;2;2935
FR;3;2022-06-16;0;0;0;0;0;4415816;3440774;4431;2;2935
FR;3;2022-06-17;0;0;0;0;0;4415816;3440774;4431;2;2935
FR;3;2022-06-18;0;0;0;0;0;4415816;3440774;4431;2;2935
FR;3;2022-06-19;0;0;0;0;0;4415816;3440774;4431;2;2935
FR;3;2022-06-20;0;0;0;0;0;4415816;3440774;4431;2;2935
FR;3;2022-06-21;0;0;0;0;0;4415816;3440774;4431;2;2935
FR;3;2022-06-22;0;0;0;0;0;4415816;3440774;4431;2;2935
FR;3;2022-06-23;0;0;0;0;0;4415816;3440774;4431;2;2935
FR;3;2022-06-24;0;0;0;0;0;4415816;3440774;4431;2;2935
FR;3;2022-06-25;0;0;0;0;0;4415816;3440774;4431;2;2935
FR;3;2022-06-26;0;0;0;0;0;4415816;3440774;4431;2;2935
FR;3;2022-06-27;0;0;0;0;0;4415816;3440774;4431;2;2935
FR;3;2022-06-28;0;0;0;0;0;4415816;3440774;4431;2;2935
FR;3;2022-06-29;1;0;0;0;0;4415817;3440774;4431;2;2935
FR;3;2022-06-30;0;0;0;0;0;4415817;3440774;4431;2;2935
FR;3;2022-07-01;0;0;0;0;0;4415817;3440774;4431;2;2935
FR;3;2022-07-02;0;0;0;0;0;4415817;3440774;4431;2;2935
FR;3;2022-07-03;0;0;0;0;0;4415817;3440774;4431;2;2935
FR;3;2022-07-04;0;0;0;0;0;4415817;3440774;4431;2;2935
FR;3;2022-07-05;0;0;0;0;0;4415817;3440774;4431;2;2935
FR;3;2022-07-06;0;0;0;0;0;4415817;3440774;4431;2;2935
FR;3;2022-07-07;0;0;0;0;0;4415817;3440774;4431;2;2935
FR;3;2022-07-08;0;0;0;0;0;4415817;3440774;4431;2;2935
FR;3;2022-07-09;0;0;0;0;0;4415817;3440774;4431;2;2935
FR;3;2022-07-10;0;0;0;0;0;4415817;3440774;4431;2;2935
FR;3;2022-07-11;0;0;0;0;0;4415817;3440774;4431;2;2935
FR;3;2022-07-12;0;0;0;0;0;4415817;3440774;4431;2;2935
FR;3;2022-07-13;0;0;0;0;0;4415817;3440774;4431;2;2935
FR;3;2022-07-14;0;0;0;0;0;4415817;3440774;4431;2;2935
FR;3;2022-07-15;0;0;0;0;0;4415817;3440774;4431;2;2935
FR;3;2022-07-16;0;0;0;0;0;4415817;3440774;4431;2;2935
FR;3;2022-07-17;0;0;0;0;0;4415817;3440774;4431;2;2935
FR;3;2022-07-18;0;0;0;0;0;4415817;3440774;4431;2;2935
FR;3;2022-07-19;0;0;0;0;0;4415817;3440774;4431;2;2935
FR;3;2022-07-20;0;0;0;0;0;4415817;3440774;4431;2;2935
FR;3;2022-07-21;0;0;0;0;0;4415817;3440774;4431;2;2935
FR;3;2022-07-22;0;0;0;0;0;4415817;3440774;4431;2;2935
FR;3;2022-07-23;0;0;0;0;0;4415817;3440774;4431;2;2935
FR;3;2022-07-24;0;0;0;0;0;4415817;3440774;4431;2;2935
FR;3;2022-07-25;0;0;0;0;0;4415817;3440774;4431;2;2935
FR;3;2022-07-26;0;0;0;0;0;4415817;3440774;4431;2;2935
FR;3;2022-07-27;0;0;0;0;0;4415817;3440774;4431;2;2935
FR;3;2022-07-28;0;0;0;0;0;4415817;3440774;4431;2;2935
FR;3;2022-07-29;0;0;0;0;0;4415817;3440774;4431;2;2935
FR;3;2022-07-30;0;0;0;0;0;4415817;3440774;4431;2;2935
FR;3;2022-07-31;0;0;0;0;0;4415817;3440774;4431;2;2935
FR;3;2022-08-01;0;0;0;0;0;4415817;3440774;4431;2;2935
FR;3;2022-08-02;0;0;0;0;0;4415817;3440774;4431;2;2935
FR;4;2020-12-27;0;0;0;0;0;0;0;0;0;0
FR;4;2020-12-28;0;0;0;0;0;0;0;0;0;0
FR;4;2020-12-29;0;0;0;0;0;0;0;0;0;0
FR;4;2020-12-30;0;0;0;0;0;0;0;0;0;0
FR;4;2020-12-31;0;0;0;0;0;0;0;0;0;0
FR;4;2021-01-01;0;0;0;0;0;0;0;0;0;0
FR;4;2021-01-02;0;0;0;0;0;0;0;0;0;0
FR;4;2021-01-03;0;0;0;0;0;0;0;0;0;0
FR;4;2021-01-04;0;0;0;0;0;0;0;0;0;0
FR;4;2021-01-05;0;0;0;0;0;0;0;0;0;0
FR;4;2021-01-06;0;0;0;0;0;0;0;0;0;0
FR;4;2021-01-07;0;0;0;0;0;0;0;0;0;0
FR;4;2021-01-08;0;0;0;0;0;0;0;0;0;0
FR;4;2021-01-09;0;0;0;0;0;0;0;0;0;0
FR;4;2021-01-10;0;0;0;0;0;0;0;0;0;0
FR;4;2021-01-11;0;0;0;0;0;0;0;0;0;0
FR;4;2021-01-12;0;0;0;0;0;0;0;0;0;0
FR;4;2021-01-13;0;0;0;0;0;0;0;0;0;0
FR;4;2021-01-14;0;0;0;0;0;0;0;0;0;0
FR;4;2021-01-15;0;0;0;0;0;0;0;0;0;0
FR;4;2021-01-16;0;0;0;0;0;0;0;0;0;0
FR;4;2021-01-17;0;0;0;0;0;0;0;0;0;0
FR;4;2021-01-18;0;0;0;0;0;0;0;0;0;0
FR;4;2021-01-19;0;0;0;0;0;0;0;0;0;0
FR;4;2021-01-20;0;0;0;0;0;0;0;0;0;0
FR;4;2021-01-21;0;0;0;0;0;0;0;0;0;0
FR;4;2021-01-22;0;0;0;0;0;0;0;0;0;0
FR;4;2021-01-23;0;0;0;0;0;0;0;0;0;0
FR;4;2021-01-24;0;0;0;0;0;0;0;0;0;0
FR;4;2021-01-25;0;0;0;0;0;0;0;0;0;0
FR;4;2021-01-26;0;0;0;0;0;0;0;0;0;0
FR;4;2021-01-27;0;0;0;0;0;0;0;0;0;0
FR;4;2021-01-28;0;0;0;0;0;0;0;0;0;0
FR;4;2021-01-29;0;0;0;0;0;0;0;0;0;0
FR;4;2021-01-30;0;0;0;0;0;0;0;0;0;0
FR;4;2021-01-31;0;0;0;0;0;0;0;0;0;0
FR;4;2021-02-01;0;0;0;0;0;0;0;0;0;0
FR;4;2021-02-02;0;0;0;0;0;0;0;0;0;0
FR;4;2021-02-03;0;0;0;0;0;0;0;0;0;0
FR;4;2021-02-04;0;0;0;0;0;0;0;0;0;0
FR;4;2021-02-05;0;0;0;0;0;0;0;0;0;0
FR;4;2021-02-06;0;0;0;0;0;0;0;0;0;0
FR;4;2021-02-07;0;0;0;0;0;0;0;0;0;0
FR;4;2021-02-08;0;0;0;0;0;0;0;0;0;0
FR;4;2021-02-09;0;0;0;0;0;0;0;0;0;0
FR;4;2021-02-10;0;0;0;0;0;0;0;0;0;0
FR;4;2021-02-11;0;0;0;0;0;0;0;0;0;0
FR;4;2021-02-12;0;0;0;0;0;0;0;0;0;0
FR;4;2021-02-13;0;0;0;0;0;0;0;0;0;0
FR;4;2021-02-14;0;0;0;0;0;0;0;0;0;0
FR;4;2021-02-15;0;0;0;0;0;0;0;0;0;0
FR;4;2021-02-16;0;0;0;0;0;0;0;0;0;0
FR;4;2021-02-17;0;0;0;0;0;0;0;0;0;0
FR;4;2021-02-18;0;0;0;0;0;0;0;0;0;0
FR;4;2021-02-19;0;0;0;0;0;0;0;0;0;0
FR;4;2021-02-20;0;0;0;0;0;0;0;0;0;0
FR;4;2021-02-21;0;0;0;0;0;0;0;0;0;0
FR;4;2021-02-22;0;0;0;0;0;0;0;0;0;0
FR;4;2021-02-23;0;0;0;0;0;0;0;0;0;0
FR;4;2021-02-24;0;0;0;0;0;0;0;0;0;0
FR;4;2021-02-25;0;0;0;0;0;0;0;0;0;0
FR;4;2021-02-26;0;0;0;0;0;0;0;0;0;0
FR;4;2021-02-27;0;0;0;0;0;0;0;0;0;0
FR;4;2021-02-28;0;0;0;0;0;0;0;0;0;0
FR;4;2021-03-01;0;0;0;0;0;0;0;0;0;0
FR;4;2021-03-02;0;0;0;0;0;0;0;0;0;0
FR;4;2021-03-03;0;0;0;0;0;0;0;0;0;0
FR;4;2021-03-04;0;0;0;0;0;0;0;0;0;0
FR;4;2021-03-05;0;0;0;0;0;0;0;0;0;0
FR;4;2021-03-06;0;0;0;0;0;0;0;0;0;0
FR;4;2021-03-07;0;0;0;0;0;0;0;0;0;0
FR;4;2021-03-08;0;0;0;0;0;0;0;0;0;0
FR;4;2021-03-09;0;0;0;0;0;0;0;0;0;0
FR;4;2021-03-10;0;0;0;0;0;0;0;0;0;0
FR;4;2021-03-11;0;0;0;0;0;0;0;0;0;0
FR;4;2021-03-12;0;0;0;0;0;0;0;0;0;0
FR;4;2021-03-13;0;0;0;0;0;0;0;0;0;0
FR;4;2021-03-14;0;0;0;0;0;0;0;0;0;0
FR;4;2021-03-15;0;0;0;0;0;0;0;0;0;0
FR;4;2021-03-16;0;0;0;0;0;0;0;0;0;0
FR;4;2021-03-17;0;0;0;0;0;0;0;0;0;0
FR;4;2021-03-18;0;0;0;0;0;0;0;0;0;0
FR;4;2021-03-19;0;0;0;0;0;0;0;0;0;0
FR;4;2021-03-20;0;0;0;0;0;0;0;0;0;0
FR;4;2021-03-21;0;0;0;0;0;0;0;0;0;0
FR;4;2021-03-22;0;0;0;0;0;0;0;0;0;0
FR;4;2021-03-23;0;0;0;0;0;0;0;0;0;0
FR;4;2021-03-24;0;0;0;0;0;0;0;0;0;0
FR;4;2021-03-25;0;0;0;0;0;0;0;0;0;0
FR;4;2021-03-26;0;0;0;0;0;0;0;0;0;0
FR;4;2021-03-27;0;0;0;0;0;0;0;0;0;0
FR;4;2021-03-28;0;0;0;0;0;0;0;0;0;0
FR;4;2021-03-29;0;0;0;0;0;0;0;0;0;0
FR;4;2021-03-30;0;0;0;0;0;0;0;0;0;0
FR;4;2021-03-31;0;0;0;0;0;0;0;0;0;0
FR;4;2021-04-01;0;0;0;0;0;0;0;0;0;0
FR;4;2021-04-02;0;0;0;0;0;0;0;0;0;0
FR;4;2021-04-03;0;0;0;0;0;0;0;0;0;0
FR;4;2021-04-04;0;0;0;0;0;0;0;0;0;0
FR;4;2021-04-05;0;0;0;0;0;0;0;0;0;0
FR;4;2021-04-06;0;0;0;0;0;0;0;0;0;0
FR;4;2021-04-07;0;0;0;0;0;0;0;0;0;0
FR;4;2021-04-08;0;0;0;0;0;0;0;0;0;0
FR;4;2021-04-09;0;0;0;0;0;0;0;0;0;0
FR;4;2021-04-10;0;0;0;0;0;0;0;0;0;0
FR;4;2021-04-11;0;0;0;0;0;0;0;0;0;0
FR;4;2021-04-12;0;0;0;0;0;0;0;0;0;0
FR;4;2021-04-13;0;0;0;0;0;0;0;0;0;0
FR;4;2021-04-14;0;0;0;0;0;0;0;0;0;0
FR;4;2021-04-15;0;0;0;0;0;0;0;0;0;0
FR;4;2021-04-16;0;0;0;0;0;0;0;0;0;0
FR;4;2021-04-17;0;0;0;0;0;0;0;0;0;0
FR;4;2021-04-18;0;0;0;0;0;0;0;0;0;0
FR;4;2021-04-19;0;0;0;0;0;0;0;0;0;0
FR;4;2021-04-20;0;0;0;0;0;0;0;0;0;0
FR;4;2021-04-21;0;0;0;0;0;0;0;0;0;0
FR;4;2021-04-22;0;0;0;0;0;0;0;0;0;0
FR;4;2021-04-23;3881;0;0;0;0;3881;0;0;0;0
FR;4;2021-04-24;1569;0;0;0;0;5450;0;0;0;0
FR;4;2021-04-25;125;0;0;0;0;5575;0;0;0;0
FR;4;2021-04-26;2869;1;0;0;0;8444;1;0;0;0
FR;4;2021-04-27;9520;3;0;0;0;17964;4;0;0;0
FR;4;2021-04-28;9906;6;0;0;0;27870;10;0;0;0
FR;4;2021-04-29;15992;8;0;0;0;43862;18;0;0;0
FR;4;2021-04-30;19232;10;0;0;0;63094;28;0;0;0
FR;4;2021-05-01;1994;6;0;0;0;65088;34;0;0;0
FR;4;2021-05-02;482;0;0;0;0;65570;34;0;0;0
FR;4;2021-05-03;5064;2;0;0;0;70634;36;0;0;0
FR;4;2021-05-04;8400;11;0;0;0;79034;47;0;0;0
FR;4;2021-05-05;6185;7;0;0;0;85219;54;0;0;0
FR;4;2021-05-06;11381;11;0;0;0;96600;65;0;0;0
FR;4;2021-05-07;19123;9;0;0;0;115723;74;0;0;0
FR;4;2021-05-08;2378;6;0;0;0;118101;80;0;0;0
FR;4;2021-05-09;686;3;0;0;0;118787;83;0;0;0
FR;4;2021-05-10;7241;5;1;0;0;126028;88;1;0;0
FR;4;2021-05-11;14318;12;0;0;0;140346;100;1;0;0
FR;4;2021-05-12;10170;15;0;0;0;150516;115;1;0;0
FR;4;2021-05-13;1581;3;0;0;0;152097;118;1;0;0
FR;4;2021-05-14;7765;7;0;0;0;159862;125;1;0;0
FR;4;2021-05-15;3718;8;1;0;0;163580;133;2;0;0
FR;4;2021-05-16;417;1;0;0;0;163997;134;2;0;0
FR;4;2021-05-17;4477;6;0;0;0;168474;140;2;0;0
FR;4;2021-05-18;8759;10;0;0;0;177233;150;2;0;0
FR;4;2021-05-19;5693;7;0;0;0;182926;157;2;0;0
FR;4;2021-05-20;9482;7;0;0;0;192408;164;2;0;0
FR;4;2021-05-21;12798;30;0;0;0;205206;194;2;0;0
FR;4;2021-05-22;5056;15;0;0;0;210262;209;2;0;0
FR;4;2021-05-23;494;4;0;0;0;210756;213;2;0;0
FR;4;2021-05-24;1058;7;0;0;0;211814;220;2;0;0
FR;4;2021-05-25;7625;16;0;0;0;219439;236;2;0;0
FR;4;2021-05-26;7727;16;0;0;0;227166;252;2;0;0
FR;4;2021-05-27;14330;35;0;0;0;241496;287;2;0;0
FR;4;2021-05-28;26588;82;1;0;0;268084;369;3;0;0
FR;4;2021-05-29;11385;18;0;0;0;279469;387;3;0;0
FR;4;2021-05-30;972;6;0;0;0;280441;393;3;0;0
FR;4;2021-05-31;12690;21;0;0;0;293131;414;3;0;0
FR;4;2021-06-01;20259;47;1;0;0;313390;461;4;0;0
FR;4;2021-06-02;14520;33;0;0;0;327910;494;4;0;0
FR;4;2021-06-03;19423;24;1;0;0;347333;518;5;0;0
FR;4;2021-06-04;22515;47;0;0;0;369848;565;5;0;0
FR;4;2021-06-05;9713;32;0;0;0;379561;597;5;0;0
FR;4;2021-06-06;1039;1;0;0;0;380600;598;5;0;0
FR;4;2021-06-07;9226;19;0;0;0;389826;617;5;0;0
FR;4;2021-06-08;14612;31;0;0;0;404438;648;5;0;0
FR;4;2021-06-09;12205;25;0;0;0;416643;673;5;0;0
FR;4;2021-06-10;15402;30;0;0;0;432045;703;5;0;0
FR;4;2021-06-11;16982;56;0;0;0;449027;759;5;0;0
FR;4;2021-06-12;7448;27;0;0;0;456475;786;5;0;0
FR;4;2021-06-13;907;3;0;0;0;457382;789;5;0;0
FR;4;2021-06-14;6649;26;0;0;0;464031;815;5;0;0
FR;4;2021-06-15;10887;37;0;0;0;474918;852;5;0;0
FR;4;2021-06-16;8908;16;0;0;0;483826;868;5;0;0
FR;4;2021-06-17;10896;37;0;0;0;494722;905;5;0;0
FR;4;2021-06-18;12420;45;0;0;0;507142;950;5;0;0
FR;4;2021-06-19;5567;25;0;0;0;512709;975;5;0;0
FR;4;2021-06-20;821;5;0;0;0;513530;980;5;0;0
FR;4;2021-06-21;5096;20;0;0;0;518626;1000;5;0;0
FR;4;2021-06-22;7907;28;2;0;0;526533;1028;7;0;0
FR;4;2021-06-23;7099;40;2;0;0;533632;1068;9;0;0
FR;4;2021-06-24;8648;46;1;0;0;542280;1114;10;0;0
FR;4;2021-06-25;10171;39;2;0;0;552451;1153;12;0;0
FR;4;2021-06-26;4844;21;0;0;0;557295;1174;12;0;0
FR;4;2021-06-27;764;4;0;0;0;558059;1178;12;0;0
FR;4;2021-06-28;4827;16;1;0;0;562886;1194;13;0;0
FR;4;2021-06-29;7103;28;2;0;0;569989;1222;15;0;0
FR;4;2021-06-30;6719;39;2;0;0;576708;1261;17;0;0
FR;4;2021-07-01;8201;41;0;0;0;584909;1302;17;0;0
FR;4;2021-07-02;9420;52;1;0;0;594329;1354;18;0;0
FR;4;2021-07-03;4846;19;0;0;0;599175;1373;18;0;0
FR;4;2021-07-04;687;5;0;0;0;599862;1378;18;0;0
FR;4;2021-07-05;4770;19;2;0;0;604632;1397;20;0;0
FR;4;2021-07-06;7724;28;4;0;0;612356;1425;24;0;0
FR;4;2021-07-07;7074;34;2;0;0;619430;1459;26;0;0
FR;4;2021-07-08;9228;40;2;0;0;628658;1499;28;0;0
FR;4;2021-07-09;10278;34;1;0;0;638936;1533;29;0;0
FR;4;2021-07-10;4636;14;2;0;0;643572;1547;31;0;0
FR;4;2021-07-11;583;4;1;0;0;644155;1551;32;0;0
FR;4;2021-07-12;5872;29;0;0;0;650027;1580;32;0;0
FR;4;2021-07-13;14232;29;0;0;0;664259;1609;32;0;0
FR;4;2021-07-14;2288;15;0;0;0;666547;1624;32;0;0
FR;4;2021-07-15;18235;36;0;0;0;684782;1660;32;0;0
FR;4;2021-07-16;22832;71;2;0;0;707614;1731;34;0;0
FR;4;2021-07-17;9736;20;0;0;0;717350;1751;34;0;0
FR;4;2021-07-18;1356;4;0;0;0;718706;1755;34;0;0
FR;4;2021-07-19;12989;30;1;0;0;731695;1785;35;0;0
FR;4;2021-07-20;17340;26;1;0;0;749035;1811;36;0;0
FR;4;2021-07-21;15614;33;0;0;0;764649;1844;36;0;0
FR;4;2021-07-22;18242;44;2;0;0;782891;1888;38;0;0
FR;4;2021-07-23;20413;57;7;0;0;803304;1945;45;0;0
FR;4;2021-07-24;9289;32;0;0;0;812593;1977;45;0;0
FR;4;2021-07-25;1353;8;0;0;0;813946;1985;45;0;0
FR;4;2021-07-26;11038;22;0;0;0;824984;2007;45;0;0
FR;4;2021-07-27;14674;35;3;0;0;839658;2042;48;0;0
FR;4;2021-07-28;12929;26;2;0;0;852587;2068;50;0;0
FR;4;2021-07-29;14086;54;4;0;0;866673;2122;54;0;0
FR;4;2021-07-30;15493;46;2;0;0;882166;2168;56;0;0
FR;4;2021-07-31;6838;14;2;0;0;889004;2182;58;0;0
FR;4;2021-08-01;904;1;0;0;0;889908;2183;58;0;0
FR;4;2021-08-02;7913;30;0;0;0;897821;2213;58;0;0
FR;4;2021-08-03;10794;31;2;0;0;908615;2244;60;0;0
FR;4;2021-08-04;9740;29;0;0;0;918355;2273;60;0;0
FR;4;2021-08-05;9820;41;0;0;0;928175;2314;60;0;0
FR;4;2021-08-06;10195;31;3;0;0;938370;2345;63;0;0
FR;4;2021-08-07;5096;30;1;0;0;943466;2375;64;0;0
FR;4;2021-08-08;1219;13;0;0;0;944685;2388;64;0;0
FR;4;2021-08-09;6337;31;0;0;0;951022;2419;64;0;0
FR;4;2021-08-10;8746;18;0;0;0;959768;2437;64;0;0
FR;4;2021-08-11;7940;34;4;0;0;967708;2471;68;0;0
FR;4;2021-08-12;8585;30;1;0;0;976293;2501;69;0;0
FR;4;2021-08-13;7555;25;0;1;0;983848;2526;69;1;0
FR;4;2021-08-14;3791;20;0;0;0;987639;2546;69;1;0
FR;4;2021-08-15;770;5;0;0;0;988409;2551;69;1;0
FR;4;2021-08-16;4005;17;0;0;0;992414;2568;69;1;0
FR;4;2021-08-17;5625;17;1;0;0;998039;2585;70;1;0
FR;4;2021-08-18;5166;37;0;0;0;1003205;2622;70;1;0
FR;4;2021-08-19;5482;33;3;0;0;1008687;2655;73;1;0
FR;4;2021-08-20;5217;25;1;0;0;1013904;2680;74;1;0
FR;4;2021-08-21;2309;21;1;0;0;1016213;2701;75;1;0
FR;4;2021-08-22;405;2;0;0;0;1016618;2703;75;1;0
FR;4;2021-08-23;2929;19;1;0;0;1019547;2722;76;1;0
FR;4;2021-08-24;3753;15;0;0;0;1023300;2737;76;1;0
FR;4;2021-08-25;3540;25;1;0;0;1026840;2762;77;1;0
FR;4;2021-08-26;3711;20;2;0;0;1030551;2782;79;1;0
FR;4;2021-08-27;3613;31;2;0;0;1034164;2813;81;1;0
FR;4;2021-08-28;1725;10;1;0;0;1035889;2823;82;1;0
FR;4;2021-08-29;387;7;1;0;0;1036276;2830;83;1;0
FR;4;2021-08-30;2009;25;0;0;15;1038285;2855;83;1;15
FR;4;2021-08-31;2484;21;0;0;14;1040769;2876;83;1;29
FR;4;2021-09-01;2081;38;1;0;21;1042850;2914;84;1;50
FR;4;2021-09-02;2303;31;4;0;18;1045153;2945;88;1;68
FR;4;2021-09-03;2361;44;5;0;35;1047514;2989;93;1;103
FR;4;2021-09-04;1374;17;0;0;8;1048888;3006;93;1;111
FR;4;2021-09-05;432;2;0;0;2;1049320;3008;93;1;113
FR;4;2021-09-06;1711;61;0;0;22;1051031;3069;93;1;135
FR;4;2021-09-07;1676;18;1;0;9;1052707;3087;94;1;144
FR;4;2021-09-08;1283;26;3;0;19;1053990;3113;97;1;163
FR;4;2021-09-09;1387;23;2;0;9;1055377;3136;99;1;172
FR;4;2021-09-10;1521;31;2;0;23;1056898;3167;101;1;195
FR;4;2021-09-11;743;11;0;0;3;1057641;3178;101;1;198
FR;4;2021-09-12;169;4;0;0;3;1057810;3182;101;1;201
FR;4;2021-09-13;1320;22;1;0;16;1059130;3204;102;1;217
FR;4;2021-09-14;1501;9;2;0;6;1060631;3213;104;1;223
FR;4;2021-09-15;1095;27;1;0;24;1061726;3240;105;1;247
FR;4;2021-09-16;1102;22;2;0;15;1062828;3262;107;1;262
FR;4;2021-09-17;894;21;1;0;12;1063722;3283;108;1;274
FR;4;2021-09-18;464;6;1;0;5;1064186;3289;109;1;279
FR;4;2021-09-19;182;3;0;0;2;1064368;3292;109;1;281
FR;4;2021-09-20;453;19;0;0;13;1064821;3311;109;1;294
FR;4;2021-09-21;426;11;0;0;7;1065247;3322;109;1;301
FR;4;2021-09-22;374;19;2;0;13;1065621;3341;111;1;314
FR;4;2021-09-23;481;16;1;0;15;1066102;3357;112;1;329
FR;4;2021-09-24;411;13;2;0;9;1066513;3370;114;1;338
FR;4;2021-09-25;280;10;1;0;5;1066793;3380;115;1;343
FR;4;2021-09-26;74;2;0;0;1;1066867;3382;115;1;344
FR;4;2021-09-27;262;10;1;0;8;1067129;3392;116;1;352
FR;4;2021-09-28;317;8;0;0;8;1067446;3400;116;1;360
FR;4;2021-09-29;374;18;1;0;12;1067820;3418;117;1;372
FR;4;2021-09-30;363;40;0;0;21;1068183;3458;117;1;393
FR;4;2021-10-01;411;54;0;0;48;1068594;3512;117;1;441
FR;4;2021-10-02;196;22;1;0;13;1068790;3534;118;1;454
FR;4;2021-10-03;85;1;0;0;0;1068875;3535;118;1;454
FR;4;2021-10-04;361;20;1;0;16;1069236;3555;119;1;470
FR;4;2021-10-05;280;19;2;0;15;1069516;3574;121;1;485
FR;4;2021-10-06;246;22;1;0;18;1069762;3596;122;1;503
FR;4;2021-10-07;260;25;2;0;13;1070022;3621;124;1;516
FR;4;2021-10-08;354;24;2;0;20;1070376;3645;126;1;536
FR;4;2021-10-09;193;6;6;0;7;1070569;3651;132;1;543
FR;4;2021-10-10;95;3;2;0;3;1070664;3654;134;1;546
FR;4;2021-10-11;247;15;1;0;14;1070911;3669;135;1;560
FR;4;2021-10-12;207;14;0;0;13;1071118;3683;135;1;573
FR;4;2021-10-13;219;28;1;0;25;1071337;3711;136;1;598
FR;4;2021-10-14;310;21;4;0;15;1071647;3732;140;1;613
FR;4;2021-10-15;322;24;5;0;25;1071969;3756;145;1;638
FR;4;2021-10-16;166;6;2;0;6;1072135;3762;147;1;644
FR;4;2021-10-17;70;2;0;0;1;1072205;3764;147;1;645
FR;4;2021-10-18;279;15;1;0;12;1072484;3779;148;1;657
FR;4;2021-10-19;213;14;2;0;15;1072697;3793;150;1;672
FR;4;2021-10-20;227;27;4;0;15;1072924;3820;154;1;687
FR;4;2021-10-21;242;17;0;0;13;1073166;3837;154;1;700
FR;4;2021-10-22;214;25;2;0;20;1073380;3862;156;1;720
FR;4;2021-10-23;116;16;1;0;15;1073496;3878;157;1;735
FR;4;2021-10-24;38;4;0;0;1;1073534;3882;157;1;736
FR;4;2021-10-25;213;7;2;0;9;1073747;3889;159;1;745
FR;4;2021-10-26;196;14;0;0;12;1073943;3903;159;1;757
FR;4;2021-10-27;194;11;4;0;11;1074137;3914;163;1;768
FR;4;2021-10-28;183;18;4;0;21;1074320;3932;167;1;789
FR;4;2021-10-29;222;15;2;0;13;1074542;3947;169;1;802
FR;4;2021-10-30;102;2;1;0;2;1074644;3949;170;1;804
FR;4;2021-10-31;56;3;2;0;3;1074700;3952;172;1;807
FR;4;2021-11-01;75;27;4;0;24;1074775;3979;176;1;831
FR;4;2021-11-02;157;20;2;0;21;1074932;3999;178;1;852
FR;4;2021-11-03;129;20;8;1;18;1075061;4019;186;2;870
FR;4;2021-11-04;182;15;1;0;12;1075243;4034;187;2;882
FR;4;2021-11-05;130;17;1;0;16;1075373;4051;188;2;898
FR;4;2021-11-06;79;6;1;0;6;1075452;4057;189;2;904
FR;4;2021-11-07;79;2;2;0;4;1075531;4059;191;2;908
FR;4;2021-11-08;159;20;1;0;20;1075690;4079;192;2;928
FR;4;2021-11-09;156;14;3;0;16;1075846;4093;195;2;944
FR;4;2021-11-10;117;29;6;0;31;1075963;4122;201;2;975
FR;4;2021-11-11;94;10;0;0;10;1076057;4132;201;2;985
FR;4;2021-11-12;103;19;2;0;18;1076160;4151;203;2;1003
FR;4;2021-11-13;74;15;2;0;14;1076234;4166;205;2;1017
FR;4;2021-11-14;54;5;4;0;8;1076288;4171;209;2;1025
FR;4;2021-11-15;98;26;2;0;24;1076386;4197;211;2;1049
FR;4;2021-11-16;104;13;2;0;15;1076490;4210;213;2;1064
FR;4;2021-11-17;119;30;4;0;30;1076609;4240;217;2;1094
FR;4;2021-11-18;100;34;13;0;42;1076709;4274;230;2;1136
FR;4;2021-11-19;85;19;3;0;20;1076794;4293;233;2;1156
FR;4;2021-11-20;75;8;1;0;8;1076869;4301;234;2;1164
FR;4;2021-11-21;63;7;2;0;9;1076932;4308;236;2;1173
FR;4;2021-11-22;106;28;9;0;33;1077038;4336;245;2;1206
FR;4;2021-11-23;76;31;5;0;28;1077114;4367;250;2;1234
FR;4;2021-11-24;87;23;11;0;24;1077201;4390;261;2;1258
FR;4;2021-11-25;90;28;14;0;30;1077291;4418;275;2;1288
FR;4;2021-11-26;83;43;12;0;45;1077374;4461;287;2;1333
FR;4;2021-11-27;39;22;15;0;25;1077413;4483;302;2;1358
FR;4;2021-11-28;49;8;0;0;7;1077462;4491;302;2;1365
FR;4;2021-11-29;87;31;16;0;40;1077549;4522;318;2;1405
FR;4;2021-11-30;73;36;12;0;40;1077622;4558;330;2;1445
FR;4;2021-12-01;87;60;19;0;67;1077709;4618;349;2;1512
FR;4;2021-12-02;103;48;19;0;53;1077812;4666;368;2;1565
FR;4;2021-12-03;100;36;15;0;44;1077912;4702;383;2;1609
FR;4;2021-12-04;71;31;18;0;44;1077983;4733;401;2;1653
FR;4;2021-12-05;62;6;1;0;7;1078045;4739;402;2;1660
FR;4;2021-12-06;103;46;19;0;59;1078148;4785;421;2;1719
FR;4;2021-12-07;81;35;9;0;34;1078229;4820;430;2;1753
FR;4;2021-12-08;69;29;16;0;35;1078298;4849;446;2;1788
FR;4;2021-12-09;61;32;10;0;38;1078359;4881;456;2;1826
FR;4;2021-12-10;63;64;20;0;68;1078422;4945;476;2;1894
FR;4;2021-12-11;28;34;7;0;34;1078450;4979;483;2;1928
FR;4;2021-12-12;24;10;3;0;13;1078474;4989;486;2;1941
FR;4;2021-12-13;71;40;13;0;48;1078545;5029;499;2;1989
FR;4;2021-12-14;59;43;17;0;54;1078604;5072;516;2;2043
FR;4;2021-12-15;64;64;28;0;84;1078668;5136;544;2;2127
FR;4;2021-12-16;32;44;19;0;57;1078700;5180;563;2;2184
FR;4;2021-12-17;40;55;12;0;60;1078740;5235;575;2;2244
FR;4;2021-12-18;48;29;2;0;30;1078788;5264;577;2;2274
FR;4;2021-12-19;15;4;1;0;4;1078803;5268;578;2;2278
FR;4;2021-12-20;39;38;10;0;41;1078842;5306;588;2;2319
FR;4;2021-12-21;27;30;15;0;36;1078869;5336;603;2;2355
FR;4;2021-12-22;36;37;10;0;38;1078905;5373;613;2;2393
FR;4;2021-12-23;39;45;8;0;49;1078944;5418;621;2;2442
FR;4;2021-12-24;23;26;10;0;30;1078967;5444;631;2;2472
FR;4;2021-12-25;6;3;3;0;4;1078973;5447;634;2;2476
FR;4;2021-12-26;4;3;1;0;2;1078977;5450;635;2;2478
FR;4;2021-12-27;28;41;9;0;43;1079005;5491;644;2;2521
FR;4;2021-12-28;24;28;7;0;29;1079029;5519;651;2;2550
FR;4;2021-12-29;49;25;10;0;29;1079078;5544;661;2;2579
FR;4;2021-12-30;42;18;12;0;21;1079120;5562;673;2;2600
FR;4;2021-12-31;18;6;8;0;11;1079138;5568;681;2;2611
FR;4;2022-01-01;5;4;4;0;6;1079143;5572;685;2;2617
FR;4;2022-01-02;40;5;16;0;20;1079183;5577;701;2;2637
FR;4;2022-01-03;40;54;21;1;60;1079223;5631;722;3;2697
FR;4;2022-01-04;33;27;13;0;30;1079256;5658;735;3;2727
FR;4;2022-01-05;48;22;18;0;24;1079304;5680;753;3;2751
FR;4;2022-01-06;48;21;23;0;36;1079352;5701;776;3;2787
FR;4;2022-01-07;28;20;15;0;20;1079380;5721;791;3;2807
FR;4;2022-01-08;9;6;10;0;12;1079389;5727;801;3;2819
FR;4;2022-01-09;18;2;3;0;4;1079407;5729;804;3;2823
FR;4;2022-01-10;41;22;19;0;36;1079448;5751;823;3;2859
FR;4;2022-01-11;26;30;12;0;34;1079474;5781;835;3;2893
FR;4;2022-01-12;32;21;13;0;23;1079506;5802;848;3;2916
FR;4;2022-01-13;51;19;27;0;37;1079557;5821;875;3;2953
FR;4;2022-01-14;23;28;13;0;31;1079580;5849;888;3;2984
FR;4;2022-01-15;12;6;8;0;12;1079592;5855;896;3;2996
FR;4;2022-01-16;11;9;12;0;20;1079603;5864;908;3;3016
FR;4;2022-01-17;24;18;12;0;24;1079627;5882;920;3;3040
FR;4;2022-01-18;16;13;8;0;18;1079643;5895;928;3;3058
FR;4;2022-01-19;30;23;11;0;32;1079673;5918;939;3;3090
FR;4;2022-01-20;31;34;11;0;37;1079704;5952;950;3;3127
FR;4;2022-01-21;9;12;19;1;16;1079713;5964;969;4;3143
FR;4;2022-01-22;30;10;2;0;10;1079743;5974;971;4;3153
FR;4;2022-01-23;7;2;4;0;6;1079750;5976;975;4;3159
FR;4;2022-01-24;14;21;8;0;27;1079764;5997;983;4;3186
FR;4;2022-01-25;20;32;8;1;36;1079784;6029;991;5;3222
FR;4;2022-01-26;19;14;7;1;16;1079803;6043;998;6;3238
FR;4;2022-01-27;20;18;6;0;22;1079823;6061;1004;6;3260
FR;4;2022-01-28;13;23;8;0;26;1079836;6084;1012;6;3286
FR;4;2022-01-29;17;6;5;0;10;1079853;6090;1017;6;3296
FR;4;2022-01-30;18;3;1;0;4;1079871;6093;1018;6;3300
FR;4;2022-01-31;20;27;8;0;31;1079891;6120;1026;6;3331
FR;4;2022-02-01;9;20;11;0;20;1079900;6140;1037;6;3351
FR;4;2022-02-02;17;11;11;2;17;1079917;6151;1048;8;3368
FR;4;2022-02-03;13;23;10;0;27;1079930;6174;1058;8;3395
FR;4;2022-02-04;7;5;7;0;9;1079937;6179;1065;8;3404
FR;4;2022-02-05;7;14;1;0;13;1079944;6193;1066;8;3417
FR;4;2022-02-06;6;3;2;0;4;1079950;6196;1068;8;3421
FR;4;2022-02-07;15;19;7;0;19;1079965;6215;1075;8;3440
FR;4;2022-02-08;16;20;13;1;21;1079981;6235;1088;9;3461
FR;4;2022-02-09;16;11;8;0;15;1079997;6246;1096;9;3476
FR;4;2022-02-10;18;23;9;0;24;1080015;6269;1105;9;3500
FR;4;2022-02-11;18;14;8;0;19;1080033;6283;1113;9;3519
FR;4;2022-02-12;23;6;2;0;6;1080056;6289;1115;9;3525
FR;4;2022-02-13;7;3;3;0;6;1080063;6292;1118;9;3531
FR;4;2022-02-14;19;10;9;0;15;1080082;6302;1127;9;3546
FR;4;2022-02-15;17;7;1;0;7;1080099;6309;1128;9;3553
FR;4;2022-02-16;15;9;10;0;15;1080114;6318;1138;9;3568
FR;4;2022-02-17;11;4;4;0;6;1080125;6322;1142;9;3574
FR;4;2022-02-18;17;15;7;0;20;1080142;6337;1149;9;3594
FR;4;2022-02-19;16;4;2;0;5;1080158;6341;1151;9;3599
FR;4;2022-02-20;7;3;0;0;2;1080165;6344;1151;9;3601
FR;4;2022-02-21;23;3;4;0;5;1080188;6347;1155;9;3606
FR;4;2022-02-22;8;5;10;0;10;1080196;6352;1165;9;3616
FR;4;2022-02-23;16;6;9;0;9;1080212;6358;1174;9;3625
FR;4;2022-02-24;10;5;3;0;6;1080222;6363;1177;9;3631
FR;4;2022-02-25;15;5;7;0;6;1080237;6368;1184;9;3637
FR;4;2022-02-26;26;3;0;0;3;1080263;6371;1184;9;3640
FR;4;2022-02-27;9;0;1;0;1;1080272;6371;1185;9;3641
FR;4;2022-02-28;17;3;2;0;3;1080289;6374;1187;9;3644
FR;4;2022-03-01;7;2;7;0;3;1080296;6376;1194;9;3647
FR;4;2022-03-02;12;2;4;0;5;1080308;6378;1198;9;3652
FR;4;2022-03-03;16;5;1;0;4;1080324;6383;1199;9;3656
FR;4;2022-03-04;7;7;2;1;5;1080331;6390;1201;10;3661
FR;4;2022-03-05;9;2;0;0;2;1080340;6392;1201;10;3663
FR;4;2022-03-06;4;0;1;0;1;1080344;6392;1202;10;3664
FR;4;2022-03-07;10;4;1;0;3;1080354;6396;1203;10;3667
FR;4;2022-03-08;13;3;0;0;3;1080367;6399;1203;10;3670
FR;4;2022-03-09;8;6;2;0;7;1080375;6405;1205;10;3677
FR;4;2022-03-10;5;1;5;0;2;1080380;6406;1210;10;3679
FR;4;2022-03-11;8;4;5;0;2;1080388;6410;1215;10;3681
FR;4;2022-03-12;9;2;0;0;0;1080397;6412;1215;10;3681
FR;4;2022-03-13;5;1;1;0;2;1080402;6413;1216;10;3683
FR;4;2022-03-14;4;1;1;0;2;1080406;6414;1217;10;3685
FR;4;2022-03-15;6;3;2;0;2;1080412;6417;1219;10;3687
FR;4;2022-03-16;7;3;3;0;3;1080419;6420;1222;10;3690
FR;4;2022-03-17;3;4;1;0;5;1080422;6424;1223;10;3695
FR;4;2022-03-18;9;3;0;0;3;1080431;6427;1223;10;3698
FR;4;2022-03-19;1;1;0;0;1;1080432;6428;1223;10;3699
FR;4;2022-03-20;2;0;2;0;1;1080434;6428;1225;10;3700
FR;4;2022-03-21;5;3;1;0;4;1080439;6431;1226;10;3704
FR;4;2022-03-22;3;2;2;0;3;1080442;6433;1228;10;3707
FR;4;2022-03-23;6;4;4;0;7;1080448;6437;1232;10;3714
FR;4;2022-03-24;2;4;3;1;5;1080450;6441;1235;11;3719
FR;4;2022-03-25;3;1;2;0;1;1080453;6442;1237;11;3720
FR;4;2022-03-26;5;5;0;0;5;1080458;6447;1237;11;3725
FR;4;2022-03-27;1;0;2;0;1;1080459;6447;1239;11;3726
FR;4;2022-03-28;5;1;3;0;3;1080464;6448;1242;11;3729
FR;4;2022-03-29;8;0;4;1;0;1080472;6448;1246;12;3729
FR;4;2022-03-30;3;4;0;0;4;1080475;6452;1246;12;3733
FR;4;2022-03-31;2;3;1;1;3;1080477;6455;1247;13;3736
FR;4;2022-04-01;14;2;5;0;5;1080491;6457;1252;13;3741
FR;4;2022-04-02;4;4;0;0;3;1080495;6461;1252;13;3744
FR;4;2022-04-03;0;0;0;0;0;1080495;6461;1252;13;3744
FR;4;2022-04-04;4;4;4;0;5;1080499;6465;1256;13;3749
FR;4;2022-04-05;3;3;1;1;2;1080502;6468;1257;14;3751
FR;4;2022-04-06;4;0;0;0;0;1080506;6468;1257;14;3751
FR;4;2022-04-07;3;2;3;2;5;1080509;6470;1260;16;3756
FR;4;2022-04-08;4;1;1;0;1;1080513;6471;1261;16;3757
FR;4;2022-04-09;0;0;1;1;1;1080513;6471;1262;17;3758
FR;4;2022-04-10;1;2;0;0;2;1080514;6473;1262;17;3760
FR;4;2022-04-11;3;3;4;0;5;1080517;6476;1266;17;3765
FR;4;2022-04-12;3;1;4;0;2;1080520;6477;1270;17;3767
FR;4;2022-04-13;4;7;2;0;9;1080524;6484;1272;17;3776
FR;4;2022-04-14;6;4;2;1;5;1080530;6488;1274;18;3781
FR;4;2022-04-15;5;8;1;0;9;1080535;6496;1275;18;3790
FR;4;2022-04-16;1;0;0;0;0;1080536;6496;1275;18;3790
FR;4;2022-04-17;2;1;0;0;1;1080538;6497;1275;18;3791
FR;4;2022-04-18;2;2;5;0;3;1080540;6499;1280;18;3794
FR;4;2022-04-19;2;0;1;0;0;1080542;6499;1281;18;3794
FR;4;2022-04-20;14;4;1;0;3;1080556;6503;1282;18;3797
FR;4;2022-04-21;5;1;0;0;1;1080561;6504;1282;18;3798
FR;4;2022-04-22;1;1;2;0;2;1080562;6505;1284;18;3800
FR;4;2022-04-23;2;3;3;0;6;1080564;6508;1287;18;3806
FR;4;2022-04-24;0;2;0;0;2;1080564;6510;1287;18;3808
FR;4;2022-04-25;3;4;3;0;7;1080567;6514;1290;18;3815
FR;4;2022-04-26;5;6;1;0;6;1080572;6520;1291;18;3821
FR;4;2022-04-27;4;1;1;1;1;1080576;6521;1292;19;3822
FR;4;2022-04-28;3;5;5;0;6;1080579;6526;1297;19;3828
FR;4;2022-04-29;4;3;0;0;2;1080583;6529;1297;19;3830
FR;4;2022-04-30;0;1;1;0;2;1080583;6530;1298;19;3832
FR;4;2022-05-01;0;0;0;0;0;1080583;6530;1298;19;3832
FR;4;2022-05-02;4;16;6;0;19;1080587;6546;1304;19;3851
FR;4;2022-05-03;2;5;2;0;6;1080589;6551;1306;19;3857
FR;4;2022-05-04;7;4;1;0;4;1080596;6555;1307;19;3861
FR;4;2022-05-05;2;2;1;1;1;1080598;6557;1308;20;3862
FR;4;2022-05-06;2;1;1;0;1;1080600;6558;1309;20;3863
FR;4;2022-05-07;0;0;0;0;0;1080600;6558;1309;20;3863
FR;4;2022-05-08;1;1;0;0;1;1080601;6559;1309;20;3864
FR;4;2022-05-09;5;0;0;0;0;1080606;6559;1309;20;3864
FR;4;2022-05-10;1;1;0;2;3;1080607;6560;1309;22;3867
FR;4;2022-05-11;3;2;3;0;5;1080610;6562;1312;22;3872
FR;4;2022-05-12;6;3;1;1;4;1080616;6565;1313;23;3876
FR;4;2022-05-13;0;0;2;0;2;1080616;6565;1315;23;3878
FR;4;2022-05-14;0;2;0;0;2;1080616;6567;1315;23;3880
FR;4;2022-05-15;2;2;0;0;0;1080618;6569;1315;23;3880
FR;4;2022-05-16;5;2;2;0;2;1080623;6571;1317;23;3882
FR;4;2022-05-17;5;1;2;0;3;1080628;6572;1319;23;3885
FR;4;2022-05-18;2;5;0;0;5;1080630;6577;1319;23;3890
FR;4;2022-05-19;2;2;3;0;4;1080632;6579;1322;23;3894
FR;4;2022-05-20;3;1;3;0;1;1080635;6580;1325;23;3895
FR;4;2022-05-21;2;0;1;0;1;1080637;6580;1326;23;3896
FR;4;2022-05-22;0;0;1;0;1;1080637;6580;1327;23;3897
FR;4;2022-05-23;0;0;2;0;0;1080637;6580;1329;23;3897
FR;4;2022-05-24;1;4;0;0;4;1080638;6584;1329;23;3901
FR;4;2022-05-25;1;3;0;0;1;1080639;6587;1329;23;3902
FR;4;2022-05-26;2;0;0;0;0;1080641;6587;1329;23;3902
FR;4;2022-05-27;0;1;0;1;1;1080641;6588;1329;24;3903
FR;4;2022-05-28;1;0;0;0;0;1080642;6588;1329;24;3903
FR;4;2022-05-29;1;0;0;0;0;1080643;6588;1329;24;3903
FR;4;2022-05-30;2;4;2;0;5;1080645;6592;1331;24;3908
FR;4;2022-05-31;2;1;0;0;1;1080647;6593;1331;24;3909
FR;4;2022-06-01;1;11;7;0;15;1080648;6604;1338;24;3924
FR;4;2022-06-02;3;5;2;0;5;1080651;6609;1340;24;3929
FR;4;2022-06-03;1;5;4;1;6;1080652;6614;1344;25;3935
FR;4;2022-06-04;0;1;1;0;1;1080652;6615;1345;25;3936
FR;4;2022-06-05;0;0;0;0;0;1080652;6615;1345;25;3936
FR;4;2022-06-06;5;0;2;0;1;1080657;6615;1347;25;3937
FR;4;2022-06-07;5;1;0;1;1;1080662;6616;1347;26;3938
FR;4;2022-06-08;0;3;3;0;6;1080662;6619;1350;26;3944
FR;4;2022-06-09;1;2;0;0;1;1080663;6621;1350;26;3945
FR;4;2022-06-10;3;0;3;0;1;1080666;6621;1353;26;3946
FR;4;2022-06-11;1;0;0;0;0;1080667;6621;1353;26;3946
FR;4;2022-06-12;4;0;0;0;0;1080671;6621;1353;26;3946
FR;4;2022-06-13;3;2;2;0;1;1080674;6623;1355;26;3947
FR;4;2022-06-14;3;2;0;0;2;1080677;6625;1355;26;3949
FR;4;2022-06-15;6;0;4;0;0;1080683;6625;1359;26;3949
FR;4;2022-06-16;1;2;1;1;1;1080684;6627;1360;27;3950
FR;4;2022-06-17;2;1;0;0;1;1080686;6628;1360;27;3951
FR;4;2022-06-18;0;0;0;0;0;1080686;6628;1360;27;3951
FR;4;2022-06-19;0;0;0;0;0;1080686;6628;1360;27;3951
FR;4;2022-06-20;4;2;2;0;3;1080690;6630;1362;27;3954
FR;4;2022-06-21;3;2;3;1;3;1080693;6632;1365;28;3957
FR;4;2022-06-22;2;1;0;0;1;1080695;6633;1365;28;3958
FR;4;2022-06-23;3;3;3;0;5;1080698;6636;1368;28;3963
FR;4;2022-06-24;2;0;2;0;0;1080700;6636;1370;28;3963
FR;4;2022-06-25;1;0;0;1;0;1080701;6636;1370;29;3963
FR;4;2022-06-26;0;0;1;0;1;1080701;6636;1371;29;3964
FR;4;2022-06-27;1;2;0;3;2;1080702;6638;1371;32;3966
FR;4;2022-06-28;0;4;2;1;5;1080702;6642;1373;33;3971
FR;4;2022-06-29;1;1;0;0;1;1080703;6643;1373;33;3972
FR;4;2022-06-30;1;0;0;0;0;1080704;6643;1373;33;3972
FR;4;2022-07-01;2;3;8;0;3;1080706;6646;1381;33;3975
FR;4;2022-07-02;0;1;0;0;0;1080706;6647;1381;33;3975
FR;4;2022-07-03;0;0;0;0;0;1080706;6647;1381;33;3975
FR;4;2022-07-04;2;0;0;0;0;1080708;6647;1381;33;3975
FR;4;2022-07-05;1;0;0;0;0;1080709;6647;1381;33;3975
FR;4;2022-07-06;5;0;0;0;0;1080714;6647;1381;33;3975
FR;4;2022-07-07;1;0;2;1;0;1080715;6647;1383;34;3975
FR;4;2022-07-08;2;1;0;0;1;1080717;6648;1383;34;3976
FR;4;2022-07-09;2;2;1;0;3;1080719;6650;1384;34;3979
FR;4;2022-07-10;2;0;0;0;0;1080721;6650;1384;34;3979
FR;4;2022-07-11;2;0;2;0;0;1080723;6650;1386;34;3979
FR;4;2022-07-12;0;0;1;0;1;1080723;6650;1387;34;3980
FR;4;2022-07-13;2;2;3;0;2;1080725;6652;1390;34;3982
FR;4;2022-07-14;0;0;1;0;0;1080725;6652;1391;34;3982
FR;4;2022-07-15;5;1;0;0;1;1080730;6653;1391;34;3983
FR;4;2022-07-16;2;0;0;2;0;1080732;6653;1391;36;3983
FR;4;2022-07-17;0;0;0;0;0;1080732;6653;1391;36;3983
FR;4;2022-07-18;0;1;0;0;1;1080732;6654;1391;36;3984
FR;4;2022-07-19;3;0;0;0;0;1080735;6654;1391;36;3984
FR;4;2022-07-20;9;0;0;0;0;1080744;6654;1391;36;3984
FR;4;2022-07-21;2;1;1;0;1;1080746;6655;1392;36;3985
FR;4;2022-07-22;3;0;0;0;0;1080749;6655;1392;36;3985
FR;4;2022-07-23;1;2;0;0;1;1080750;6657;1392;36;3986
FR;4;2022-07-24;0;0;0;0;0;1080750;6657;1392;36;3986
FR;4;2022-07-25;2;0;0;0;0;1080752;6657;1392;36;3986
FR;4;2022-07-26;1;0;0;0;0;1080753;6657;1392;36;3986
FR;4;2022-07-27;2;1;0;0;0;1080755;6658;1392;36;3986
FR;4;2022-07-28;3;0;0;0;0;1080758;6658;1392;36;3986
FR;4;2022-07-29;0;0;0;0;0;1080758;6658;1392;36;3986
FR;4;2022-07-30;1;0;0;0;0;1080759;6658;1392;36;3986
FR;4;2022-07-31;0;0;0;0;0;1080759;6658;1392;36;3986
FR;4;2022-08-01;0;0;0;0;0;1080759;6658;1392;36;3986
FR;4;2022-08-02;4;0;0;0;0;1080763;6658;1392;36;3986
FR;5;2020-12-27;0;0;0;0;0;0;0;0;0;0
FR;5;2020-12-28;0;0;0;0;0;0;0;0;0;0
FR;5;2020-12-29;0;0;0;0;0;0;0;0;0;0
FR;5;2020-12-30;0;0;0;0;0;0;0;0;0;0
FR;5;2020-12-31;0;0;0;0;0;0;0;0;0;0
FR;5;2021-01-01;0;0;0;0;0;0;0;0;0;0
FR;5;2021-01-02;0;0;0;0;0;0;0;0;0;0
FR;5;2021-01-03;0;0;0;0;0;0;0;0;0;0
FR;5;2021-01-04;0;0;0;0;0;0;0;0;0;0
FR;5;2021-01-05;0;0;0;0;0;0;0;0;0;0
FR;5;2021-01-06;0;0;0;0;0;0;0;0;0;0
FR;5;2021-01-07;0;0;0;0;0;0;0;0;0;0
FR;5;2021-01-08;0;0;0;0;0;0;0;0;0;0
FR;5;2021-01-09;0;0;0;0;0;0;0;0;0;0
FR;5;2021-01-10;0;0;0;0;0;0;0;0;0;0
FR;5;2021-01-11;0;0;0;0;0;0;0;0;0;0
FR;5;2021-01-12;0;0;0;0;0;0;0;0;0;0
FR;5;2021-01-13;0;0;0;0;0;0;0;0;0;0
FR;5;2021-01-14;0;0;0;0;0;0;0;0;0;0
FR;5;2021-01-15;0;0;0;0;0;0;0;0;0;0
FR;5;2021-01-16;0;0;0;0;0;0;0;0;0;0
FR;5;2021-01-17;0;0;0;0;0;0;0;0;0;0
FR;5;2021-01-18;0;0;0;0;0;0;0;0;0;0
FR;5;2021-01-19;0;0;0;0;0;0;0;0;0;0
FR;5;2021-01-20;0;0;0;0;0;0;0;0;0;0
FR;5;2021-01-21;0;0;0;0;0;0;0;0;0;0
FR;5;2021-01-22;0;0;0;0;0;0;0;0;0;0
FR;5;2021-01-23;0;0;0;0;0;0;0;0;0;0
FR;5;2021-01-24;0;0;0;0;0;0;0;0;0;0
FR;5;2021-01-25;0;0;0;0;0;0;0;0;0;0
FR;5;2021-01-26;0;0;0;0;0;0;0;0;0;0
FR;5;2021-01-27;0;0;0;0;0;0;0;0;0;0
FR;5;2021-01-28;0;0;0;0;0;0;0;0;0;0
FR;5;2021-01-29;0;0;0;0;0;0;0;0;0;0
FR;5;2021-01-30;0;0;0;0;0;0;0;0;0;0
FR;5;2021-01-31;0;0;0;0;0;0;0;0;0;0
FR;5;2021-02-01;0;0;0;0;0;0;0;0;0;0
FR;5;2021-02-02;0;0;0;0;0;0;0;0;0;0
FR;5;2021-02-03;0;0;0;0;0;0;0;0;0;0
FR;5;2021-02-04;0;0;0;0;0;0;0;0;0;0
FR;5;2021-02-05;0;0;0;0;0;0;0;0;0;0
FR;5;2021-02-06;0;0;0;0;0;0;0;0;0;0
FR;5;2021-02-07;0;0;0;0;0;0;0;0;0;0
FR;5;2021-02-08;0;0;0;0;0;0;0;0;0;0
FR;5;2021-02-09;0;0;0;0;0;0;0;0;0;0
FR;5;2021-02-10;0;0;0;0;0;0;0;0;0;0
FR;5;2021-02-11;0;0;0;0;0;0;0;0;0;0
FR;5;2021-02-12;0;0;0;0;0;0;0;0;0;0
FR;5;2021-02-13;0;0;0;0;0;0;0;0;0;0
FR;5;2021-02-14;0;0;0;0;0;0;0;0;0;0
FR;5;2021-02-15;0;0;0;0;0;0;0;0;0;0
FR;5;2021-02-16;0;0;0;0;0;0;0;0;0;0
FR;5;2021-02-17;0;0;0;0;0;0;0;0;0;0
FR;5;2021-02-18;0;0;0;0;0;0;0;0;0;0
FR;5;2021-02-19;0;0;0;0;0;0;0;0;0;0
FR;5;2021-02-20;0;0;0;0;0;0;0;0;0;0
FR;5;2021-02-21;0;0;0;0;0;0;0;0;0;0
FR;5;2021-02-22;0;0;0;0;0;0;0;0;0;0
FR;5;2021-02-23;0;0;0;0;0;0;0;0;0;0
FR;5;2021-02-24;0;0;0;0;0;0;0;0;0;0
FR;5;2021-02-25;0;0;0;0;0;0;0;0;0;0
FR;5;2021-02-26;0;0;0;0;0;0;0;0;0;0
FR;5;2021-02-27;0;0;0;0;0;0;0;0;0;0
FR;5;2021-02-28;0;0;0;0;0;0;0;0;0;0
FR;5;2021-03-01;0;0;0;0;0;0;0;0;0;0
FR;5;2021-03-02;0;0;0;0;0;0;0;0;0;0
FR;5;2021-03-03;0;0;0;0;0;0;0;0;0;0
FR;5;2021-03-04;0;0;0;0;0;0;0;0;0;0
FR;5;2021-03-05;0;0;0;0;0;0;0;0;0;0
FR;5;2021-03-06;0;0;0;0;0;0;0;0;0;0
FR;5;2021-03-07;0;0;0;0;0;0;0;0;0;0
FR;5;2021-03-08;0;0;0;0;0;0;0;0;0;0
FR;5;2021-03-09;0;0;0;0;0;0;0;0;0;0
FR;5;2021-03-10;0;0;0;0;0;0;0;0;0;0
FR;5;2021-03-11;0;0;0;0;0;0;0;0;0;0
FR;5;2021-03-12;0;0;0;0;0;0;0;0;0;0
FR;5;2021-03-13;0;0;0;0;0;0;0;0;0;0
FR;5;2021-03-14;0;0;0;0;0;0;0;0;0;0
FR;5;2021-03-15;0;0;0;0;0;0;0;0;0;0
FR;5;2021-03-16;0;0;0;0;0;0;0;0;0;0
FR;5;2021-03-17;0;0;0;0;0;0;0;0;0;0
FR;5;2021-03-18;0;0;0;0;0;0;0;0;0;0
FR;5;2021-03-19;0;0;0;0;0;0;0;0;0;0
FR;5;2021-03-20;0;0;0;0;0;0;0;0;0;0
FR;5;2021-03-21;0;0;0;0;0;0;0;0;0;0
FR;5;2021-03-22;0;0;0;0;0;0;0;0;0;0
FR;5;2021-03-23;0;0;0;0;0;0;0;0;0;0
FR;5;2021-03-24;0;0;0;0;0;0;0;0;0;0
FR;5;2021-03-25;0;0;0;0;0;0;0;0;0;0
FR;5;2021-03-26;0;0;0;0;0;0;0;0;0;0
FR;5;2021-03-27;0;0;0;0;0;0;0;0;0;0
FR;5;2021-03-28;0;0;0;0;0;0;0;0;0;0
FR;5;2021-03-29;0;0;0;0;0;0;0;0;0;0
FR;5;2021-03-30;0;0;0;0;0;0;0;0;0;0
FR;5;2021-03-31;0;0;0;0;0;0;0;0;0;0
FR;5;2021-04-01;0;0;0;0;0;0;0;0;0;0
FR;5;2021-04-02;0;0;0;0;0;0;0;0;0;0
FR;5;2021-04-03;0;0;0;0;0;0;0;0;0;0
FR;5;2021-04-04;0;0;0;0;0;0;0;0;0;0
FR;5;2021-04-05;0;0;0;0;0;0;0;0;0;0
FR;5;2021-04-06;0;0;0;0;0;0;0;0;0;0
FR;5;2021-04-07;0;0;0;0;0;0;0;0;0;0
FR;5;2021-04-08;0;0;0;0;0;0;0;0;0;0
FR;5;2021-04-09;0;0;0;0;0;0;0;0;0;0
FR;5;2021-04-10;0;0;0;0;0;0;0;0;0;0
FR;5;2021-04-11;0;0;0;0;0;0;0;0;0;0
FR;5;2021-04-12;0;0;0;0;0;0;0;0;0;0
FR;5;2021-04-13;0;0;0;0;0;0;0;0;0;0
FR;5;2021-04-14;0;0;0;0;0;0;0;0;0;0
FR;5;2021-04-15;0;0;0;0;0;0;0;0;0;0
FR;5;2021-04-16;0;0;0;0;0;0;0;0;0;0
FR;5;2021-04-17;0;0;0;0;0;0;0;0;0;0
FR;5;2021-04-18;0;0;0;0;0;0;0;0;0;0
FR;5;2021-04-19;0;0;0;0;0;0;0;0;0;0
FR;5;2021-04-20;0;0;0;0;0;0;0;0;0;0
FR;5;2021-04-21;0;0;0;0;0;0;0;0;0;0
FR;5;2021-04-22;0;0;0;0;0;0;0;0;0;0
FR;5;2021-04-23;0;0;0;0;0;0;0;0;0;0
FR;5;2021-04-24;0;0;0;0;0;0;0;0;0;0
FR;5;2021-04-25;0;0;0;0;0;0;0;0;0;0
FR;5;2021-04-26;0;0;0;0;0;0;0;0;0;0
FR;5;2021-04-27;0;0;0;0;0;0;0;0;0;0
FR;5;2021-04-28;0;0;0;0;0;0;0;0;0;0
FR;5;2021-04-29;0;0;0;0;0;0;0;0;0;0
FR;5;2021-04-30;0;0;0;0;0;0;0;0;0;0
FR;5;2021-05-01;0;0;0;0;0;0;0;0;0;0
FR;5;2021-05-02;0;0;0;0;0;0;0;0;0;0
FR;5;2021-05-03;0;0;0;0;0;0;0;0;0;0
FR;5;2021-05-04;0;0;0;0;0;0;0;0;0;0
FR;5;2021-05-05;0;0;0;0;0;0;0;0;0;0
FR;5;2021-05-06;0;0;0;0;0;0;0;0;0;0
FR;5;2021-05-07;0;0;0;0;0;0;0;0;0;0
FR;5;2021-05-08;0;0;0;0;0;0;0;0;0;0
FR;5;2021-05-09;0;0;0;0;0;0;0;0;0;0
FR;5;2021-05-10;0;0;0;0;0;0;0;0;0;0
FR;5;2021-05-11;0;0;0;0;0;0;0;0;0;0
FR;5;2021-05-12;0;0;0;0;0;0;0;0;0;0
FR;5;2021-05-13;0;0;0;0;0;0;0;0;0;0
FR;5;2021-05-14;0;0;0;0;0;0;0;0;0;0
FR;5;2021-05-15;0;0;0;0;0;0;0;0;0;0
FR;5;2021-05-16;0;0;0;0;0;0;0;0;0;0
FR;5;2021-05-17;0;0;0;0;0;0;0;0;0;0
FR;5;2021-05-18;0;0;0;0;0;0;0;0;0;0
FR;5;2021-05-19;0;0;0;0;0;0;0;0;0;0
FR;5;2021-05-20;0;0;0;0;0;0;0;0;0;0
FR;5;2021-05-21;0;0;0;0;0;0;0;0;0;0
FR;5;2021-05-22;0;0;0;0;0;0;0;0;0;0
FR;5;2021-05-23;0;0;0;0;0;0;0;0;0;0
FR;5;2021-05-24;0;0;0;0;0;0;0;0;0;0
FR;5;2021-05-25;0;0;0;0;0;0;0;0;0;0
FR;5;2021-05-26;0;0;0;0;0;0;0;0;0;0
FR;5;2021-05-27;0;0;0;0;0;0;0;0;0;0
FR;5;2021-05-28;0;0;0;0;0;0;0;0;0;0
FR;5;2021-05-29;0;0;0;0;0;0;0;0;0;0
FR;5;2021-05-30;0;0;0;0;0;0;0;0;0;0
FR;5;2021-05-31;0;0;0;0;0;0;0;0;0;0
FR;5;2021-06-01;0;0;0;0;0;0;0;0;0;0
FR;5;2021-06-02;0;0;0;0;0;0;0;0;0;0
FR;5;2021-06-03;0;0;0;0;0;0;0;0;0;0
FR;5;2021-06-04;0;0;0;0;0;0;0;0;0;0
FR;5;2021-06-05;0;0;0;0;0;0;0;0;0;0
FR;5;2021-06-06;0;0;0;0;0;0;0;0;0;0
FR;5;2021-06-07;0;0;0;0;0;0;0;0;0;0
FR;5;2021-06-08;0;0;0;0;0;0;0;0;0;0
FR;5;2021-06-09;0;0;0;0;0;0;0;0;0;0
FR;5;2021-06-10;0;0;0;0;0;0;0;0;0;0
FR;5;2021-06-11;0;0;0;0;0;0;0;0;0;0
FR;5;2021-06-12;0;0;0;0;0;0;0;0;0;0
FR;5;2021-06-13;0;0;0;0;0;0;0;0;0;0
FR;5;2021-06-14;0;0;0;0;0;0;0;0;0;0
FR;5;2021-06-15;0;0;0;0;0;0;0;0;0;0
FR;5;2021-06-16;0;0;0;0;0;0;0;0;0;0
FR;5;2021-06-17;0;0;0;0;0;0;0;0;0;0
FR;5;2021-06-18;0;0;0;0;0;0;0;0;0;0
FR;5;2021-06-19;0;0;0;0;0;0;0;0;0;0
FR;5;2021-06-20;0;0;0;0;0;0;0;0;0;0
FR;5;2021-06-21;0;0;0;0;0;0;0;0;0;0
FR;5;2021-06-22;0;0;0;0;0;0;0;0;0;0
FR;5;2021-06-23;0;0;0;0;0;0;0;0;0;0
FR;5;2021-06-24;0;0;0;0;0;0;0;0;0;0
FR;5;2021-06-25;0;0;0;0;0;0;0;0;0;0
FR;5;2021-06-26;0;0;0;0;0;0;0;0;0;0
FR;5;2021-06-27;0;0;0;0;0;0;0;0;0;0
FR;5;2021-06-28;0;0;0;0;0;0;0;0;0;0
FR;5;2021-06-29;0;0;0;0;0;0;0;0;0;0
FR;5;2021-06-30;0;0;0;0;0;0;0;0;0;0
FR;5;2021-07-01;0;0;0;0;0;0;0;0;0;0
FR;5;2021-07-02;0;0;0;0;0;0;0;0;0;0
FR;5;2021-07-03;0;0;0;0;0;0;0;0;0;0
FR;5;2021-07-04;0;0;0;0;0;0;0;0;0;0
FR;5;2021-07-05;0;0;0;0;0;0;0;0;0;0
FR;5;2021-07-06;0;0;0;0;0;0;0;0;0;0
FR;5;2021-07-07;0;0;0;0;0;0;0;0;0;0
FR;5;2021-07-08;0;0;0;0;0;0;0;0;0;0
FR;5;2021-07-09;0;0;0;0;0;0;0;0;0;0
FR;5;2021-07-10;0;0;0;0;0;0;0;0;0;0
FR;5;2021-07-11;0;0;0;0;0;0;0;0;0;0
FR;5;2021-07-12;0;0;0;0;0;0;0;0;0;0
FR;5;2021-07-13;0;0;0;0;0;0;0;0;0;0
FR;5;2021-07-14;0;0;0;0;0;0;0;0;0;0
FR;5;2021-07-15;0;0;0;0;0;0;0;0;0;0
FR;5;2021-07-16;0;0;0;0;0;0;0;0;0;0
FR;5;2021-07-17;0;0;0;0;0;0;0;0;0;0
FR;5;2021-07-18;0;0;0;0;0;0;0;0;0;0
FR;5;2021-07-19;0;0;0;0;0;0;0;0;0;0
FR;5;2021-07-20;0;0;0;0;0;0;0;0;0;0
FR;5;2021-07-21;0;0;0;0;0;0;0;0;0;0
FR;5;2021-07-22;0;0;0;0;0;0;0;0;0;0
FR;5;2021-07-23;0;0;0;0;0;0;0;0;0;0
FR;5;2021-07-24;0;0;0;0;0;0;0;0;0;0
FR;5;2021-07-25;0;0;0;0;0;0;0;0;0;0
FR;5;2021-07-26;0;0;0;0;0;0;0;0;0;0
FR;5;2021-07-27;0;0;0;0;0;0;0;0;0;0
FR;5;2021-07-28;0;0;0;0;0;0;0;0;0;0
FR;5;2021-07-29;0;0;0;0;0;0;0;0;0;0
FR;5;2021-07-30;0;0;0;0;0;0;0;0;0;0
FR;5;2021-07-31;0;0;0;0;0;0;0;0;0;0
FR;5;2021-08-01;0;0;0;0;0;0;0;0;0;0
FR;5;2021-08-02;0;0;0;0;0;0;0;0;0;0
FR;5;2021-08-03;0;0;0;0;0;0;0;0;0;0
FR;5;2021-08-04;0;0;0;0;0;0;0;0;0;0
FR;5;2021-08-05;0;0;0;0;0;0;0;0;0;0
FR;5;2021-08-06;0;0;0;0;0;0;0;0;0;0
FR;5;2021-08-07;0;0;0;0;0;0;0;0;0;0
FR;5;2021-08-08;0;0;0;0;0;0;0;0;0;0
FR;5;2021-08-09;0;0;0;0;0;0;0;0;0;0
FR;5;2021-08-10;0;0;0;0;0;0;0;0;0;0
FR;5;2021-08-11;0;0;0;0;0;0;0;0;0;0
FR;5;2021-08-12;0;0;0;0;0;0;0;0;0;0
FR;5;2021-08-13;0;0;0;0;0;0;0;0;0;0
FR;5;2021-08-14;0;0;0;0;0;0;0;0;0;0
FR;5;2021-08-15;0;0;0;0;0;0;0;0;0;0
FR;5;2021-08-16;0;0;0;0;0;0;0;0;0;0
FR;5;2021-08-17;0;0;0;0;0;0;0;0;0;0
FR;5;2021-08-18;0;0;0;0;0;0;0;0;0;0
FR;5;2021-08-19;0;0;0;0;0;0;0;0;0;0
FR;5;2021-08-20;0;0;0;0;0;0;0;0;0;0
FR;5;2021-08-21;0;0;0;0;0;0;0;0;0;0
FR;5;2021-08-22;0;0;0;0;0;0;0;0;0;0
FR;5;2021-08-23;0;0;0;0;0;0;0;0;0;0
FR;5;2021-08-24;0;0;0;0;0;0;0;0;0;0
FR;5;2021-08-25;0;0;0;0;0;0;0;0;0;0
FR;5;2021-08-26;0;0;0;0;0;0;0;0;0;0
FR;5;2021-08-27;0;0;0;0;0;0;0;0;0;0
FR;5;2021-08-28;0;0;0;0;0;0;0;0;0;0
FR;5;2021-08-29;0;0;0;0;0;0;0;0;0;0
FR;5;2021-08-30;0;0;0;0;0;0;0;0;0;0
FR;5;2021-08-31;0;0;0;0;0;0;0;0;0;0
FR;5;2021-09-01;0;0;0;0;0;0;0;0;0;0
FR;5;2021-09-02;0;0;0;0;0;0;0;0;0;0
FR;5;2021-09-03;0;0;0;0;0;0;0;0;0;0
FR;5;2021-09-04;0;0;0;0;0;0;0;0;0;0
FR;5;2021-09-05;0;0;0;0;0;0;0;0;0;0
FR;5;2021-09-06;0;0;0;0;0;0;0;0;0;0
FR;5;2021-09-07;0;0;0;0;0;0;0;0;0;0
FR;5;2021-09-08;0;0;0;0;0;0;0;0;0;0
FR;5;2021-09-09;0;0;0;0;0;0;0;0;0;0
FR;5;2021-09-10;0;0;0;0;0;0;0;0;0;0
FR;5;2021-09-11;0;0;0;0;0;0;0;0;0;0
FR;5;2021-09-12;0;0;0;0;0;0;0;0;0;0
FR;5;2021-09-13;0;0;0;0;0;0;0;0;0;0
FR;5;2021-09-14;0;0;0;0;0;0;0;0;0;0
FR;5;2021-09-15;0;0;0;0;0;0;0;0;0;0
FR;5;2021-09-16;0;0;0;0;0;0;0;0;0;0
FR;5;2021-09-17;0;0;0;0;0;0;0;0;0;0
FR;5;2021-09-18;0;0;0;0;0;0;0;0;0;0
FR;5;2021-09-19;0;0;0;0;0;0;0;0;0;0
FR;5;2021-09-20;0;0;0;0;0;0;0;0;0;0
FR;5;2021-09-21;0;0;0;0;0;0;0;0;0;0
FR;5;2021-09-22;0;0;0;0;0;0;0;0;0;0
FR;5;2021-09-23;0;0;0;0;0;0;0;0;0;0
FR;5;2021-09-24;0;0;0;0;0;0;0;0;0;0
FR;5;2021-09-25;0;0;0;0;0;0;0;0;0;0
FR;5;2021-09-26;0;0;0;0;0;0;0;0;0;0
FR;5;2021-09-27;0;0;0;0;0;0;0;0;0;0
FR;5;2021-09-28;0;0;0;0;0;0;0;0;0;0
FR;5;2021-09-29;0;0;0;0;0;0;0;0;0;0
FR;5;2021-09-30;0;0;0;0;0;0;0;0;0;0
FR;5;2021-10-01;0;0;0;0;0;0;0;0;0;0
FR;5;2021-10-02;0;0;0;0;0;0;0;0;0;0
FR;5;2021-10-03;0;0;0;0;0;0;0;0;0;0
FR;5;2021-10-04;0;0;0;0;0;0;0;0;0;0
FR;5;2021-10-05;0;0;0;0;0;0;0;0;0;0
FR;5;2021-10-06;0;0;0;0;0;0;0;0;0;0
FR;5;2021-10-07;0;0;0;0;0;0;0;0;0;0
FR;5;2021-10-08;0;0;0;0;0;0;0;0;0;0
FR;5;2021-10-09;0;0;0;0;0;0;0;0;0;0
FR;5;2021-10-10;0;0;0;0;0;0;0;0;0;0
FR;5;2021-10-11;0;0;0;0;0;0;0;0;0;0
FR;5;2021-10-12;0;0;0;0;0;0;0;0;0;0
FR;5;2021-10-13;0;0;0;0;0;0;0;0;0;0
FR;5;2021-10-14;0;0;0;0;0;0;0;0;0;0
FR;5;2021-10-15;0;0;0;0;0;0;0;0;0;0
FR;5;2021-10-16;0;0;0;0;0;0;0;0;0;0
FR;5;2021-10-17;0;0;0;0;0;0;0;0;0;0
FR;5;2021-10-18;0;0;0;0;0;0;0;0;0;0
FR;5;2021-10-19;0;0;0;0;0;0;0;0;0;0
FR;5;2021-10-20;0;0;0;0;0;0;0;0;0;0
FR;5;2021-10-21;0;0;0;0;0;0;0;0;0;0
FR;5;2021-10-22;0;0;0;0;0;0;0;0;0;0
FR;5;2021-10-23;0;0;0;0;0;0;0;0;0;0
FR;5;2021-10-24;0;0;0;0;0;0;0;0;0;0
FR;5;2021-10-25;0;0;0;0;0;0;0;0;0;0
FR;5;2021-10-26;0;0;0;0;0;0;0;0;0;0
FR;5;2021-10-27;0;0;0;0;0;0;0;0;0;0
FR;5;2021-10-28;0;0;0;0;0;0;0;0;0;0
FR;5;2021-10-29;0;0;0;0;0;0;0;0;0;0
FR;5;2021-10-30;0;0;0;0;0;0;0;0;0;0
FR;5;2021-10-31;0;0;0;0;0;0;0;0;0;0
FR;5;2021-11-01;0;0;0;0;0;0;0;0;0;0
FR;5;2021-11-02;0;0;0;0;0;0;0;0;0;0
FR;5;2021-11-03;0;0;0;0;0;0;0;0;0;0
FR;5;2021-11-04;0;0;0;0;0;0;0;0;0;0
FR;5;2021-11-05;0;0;0;0;0;0;0;0;0;0
FR;5;2021-11-06;0;0;0;0;0;0;0;0;0;0
FR;5;2021-11-07;0;0;0;0;0;0;0;0;0;0
FR;5;2021-11-08;0;0;0;0;0;0;0;0;0;0
FR;5;2021-11-09;0;0;0;0;0;0;0;0;0;0
FR;5;2021-11-10;0;0;0;0;0;0;0;0;0;0
FR;5;2021-11-11;0;0;0;0;0;0;0;0;0;0
FR;5;2021-11-12;0;0;0;0;0;0;0;0;0;0
FR;5;2021-11-13;0;0;0;0;0;0;0;0;0;0
FR;5;2021-11-14;0;0;0;0;0;0;0;0;0;0
FR;5;2021-11-15;0;0;0;0;0;0;0;0;0;0
FR;5;2021-11-16;0;0;0;0;0;0;0;0;0;0
FR;5;2021-11-17;0;0;0;0;0;0;0;0;0;0
FR;5;2021-11-18;0;0;0;0;0;0;0;0;0;0
FR;5;2021-11-19;0;0;0;0;0;0;0;0;0;0
FR;5;2021-11-20;0;0;0;0;0;0;0;0;0;0
FR;5;2021-11-21;0;0;0;0;0;0;0;0;0;0
FR;5;2021-11-22;0;0;0;0;0;0;0;0;0;0
FR;5;2021-11-23;0;0;0;0;0;0;0;0;0;0
FR;5;2021-11-24;0;0;0;0;0;0;0;0;0;0
FR;5;2021-11-25;0;0;0;0;0;0;0;0;0;0
FR;5;2021-11-26;0;0;0;0;0;0;0;0;0;0
FR;5;2021-11-27;0;0;0;0;0;0;0;0;0;0
FR;5;2021-11-28;0;0;0;0;0;0;0;0;0;0
FR;5;2021-11-29;0;0;0;0;0;0;0;0;0;0
FR;5;2021-11-30;0;0;0;0;0;0;0;0;0;0
FR;5;2021-12-01;0;0;0;0;0;0;0;0;0;0
FR;5;2021-12-02;0;0;0;0;0;0;0;0;0;0
FR;5;2021-12-03;0;0;0;0;0;0;0;0;0;0
FR;5;2021-12-04;0;0;0;0;0;0;0;0;0;0
FR;5;2021-12-05;0;0;0;0;0;0;0;0;0;0
FR;5;2021-12-06;0;0;0;0;0;0;0;0;0;0
FR;5;2021-12-07;0;0;0;0;0;0;0;0;0;0
FR;5;2021-12-08;0;0;0;0;0;0;0;0;0;0
FR;5;2021-12-09;0;0;0;0;0;0;0;0;0;0
FR;5;2021-12-10;0;0;0;0;0;0;0;0;0;0
FR;5;2021-12-11;0;0;0;0;0;0;0;0;0;0
FR;5;2021-12-12;0;0;0;0;0;0;0;0;0;0
FR;5;2021-12-13;0;0;0;0;0;0;0;0;0;0
FR;5;2021-12-14;33;45;77;0;88;33;45;77;0;88
FR;5;2021-12-15;196;44;37;0;49;229;89;114;0;137
FR;5;2021-12-16;181;21;44;0;48;410;110;158;0;185
FR;5;2021-12-17;311;16;72;0;74;721;126;230;0;259
FR;5;2021-12-18;765;24;22;0;29;1486;150;252;0;288
FR;5;2021-12-19;586;15;15;0;17;2072;165;267;0;305
FR;5;2021-12-20;1223;31;35;0;38;3295;196;302;0;343
FR;5;2021-12-21;1537;22;54;1;60;4832;218;356;1;403
FR;5;2021-12-22;4069;40;37;0;46;8901;258;393;1;449
FR;5;2021-12-23;3042;16;21;0;25;11943;274;414;1;474
FR;5;2021-12-24;761;19;9;0;15;12704;293;423;1;489
FR;5;2021-12-25;61;5;2;0;3;12765;298;425;1;492
FR;5;2021-12-26;623;6;3;0;4;13388;304;428;1;496
FR;5;2021-12-27;4081;25;21;0;23;17469;329;449;1;519
FR;5;2021-12-28;5204;23;41;1;43;22673;352;490;2;562
FR;5;2021-12-29;8107;34;66;2;69;30780;386;556;4;631
FR;5;2021-12-30;5173;18;33;0;39;35953;404;589;4;670
FR;5;2021-12-31;1553;8;10;0;11;37506;412;599;4;681
FR;5;2022-01-01;185;2;2;0;3;37691;414;601;4;684
FR;5;2022-01-02;1489;1;1;0;1;39180;415;602;4;685
FR;5;2022-01-03;3062;36;33;0;32;42242;451;635;4;717
FR;5;2022-01-04;3033;39;33;0;42;45275;490;668;4;759
FR;5;2022-01-05;19323;203;97;1;108;64598;693;765;5;867
FR;5;2022-01-06;3746;133;122;0;142;68344;826;887;5;1009
FR;5;2022-01-07;5007;202;48;2;56;73351;1028;935;7;1065
FR;5;2022-01-08;13659;514;45;0;52;87010;1542;980;7;1117
FR;5;2022-01-09;5754;399;15;0;20;92764;1941;995;7;1137
FR;5;2022-01-10;3455;326;25;0;29;96219;2267;1020;7;1166
FR;5;2022-01-11;3672;284;38;0;41;99891;2551;1058;7;1207
FR;5;2022-01-12;22652;3005;90;0;113;122543;5556;1148;7;1320
FR;5;2022-01-13;4037;622;30;0;32;126580;6178;1178;7;1352
FR;5;2022-01-14;4843;582;44;0;51;131423;6760;1222;7;1403
FR;5;2022-01-15;14685;1746;38;3;49;146108;8506;1260;10;1452
FR;5;2022-01-16;4727;666;3;0;5;150835;9172;1263;10;1457
FR;5;2022-01-17;2297;716;26;0;29;153132;9888;1289;10;1486
FR;5;2022-01-18;2430;870;30;0;40;155562;10758;1319;10;1526
FR;5;2022-01-19;18482;6423;74;2;142;174044;17181;1393;12;1668
FR;5;2022-01-20;1920;1068;25;0;34;175964;18249;1418;12;1702
FR;5;2022-01-21;3077;1372;47;1;59;179041;19621;1465;13;1761
FR;5;2022-01-22;10721;3454;33;1;43;189762;23075;1498;14;1804
FR;5;2022-01-23;2629;1415;6;0;10;192391;24490;1504;14;1814
FR;5;2022-01-24;1160;1340;19;0;23;193551;25830;1523;14;1837
FR;5;2022-01-25;1220;1549;19;2;30;194771;27379;1542;16;1867
FR;5;2022-01-26;10752;12027;50;1;89;205523;39406;1592;17;1956
FR;5;2022-01-27;1292;1693;10;0;17;206815;41099;1602;17;1973
FR;5;2022-01-28;1699;3347;16;0;19;208514;44446;1618;17;1992
FR;5;2022-01-29;6238;8041;68;0;96;214752;52487;1686;17;2088
FR;5;2022-01-30;1509;2950;5;0;18;216261;55437;1691;17;2106
FR;5;2022-01-31;589;1773;23;0;24;216850;57210;1714;17;2130
FR;5;2022-02-01;712;1706;10;0;15;217562;58916;1724;17;2145
FR;5;2022-02-02;6957;15656;52;0;94;224519;74572;1776;17;2239
FR;5;2022-02-03;491;1690;14;0;13;225010;76262;1790;17;2252
FR;5;2022-02-04;945;3002;19;0;31;225955;79264;1809;17;2283
FR;5;2022-02-05;3535;8917;23;0;37;229490;88181;1832;17;2320
FR;5;2022-02-06;737;2397;10;0;19;230227;90578;1842;17;2339
FR;5;2022-02-07;884;1596;22;0;24;231111;92174;1864;17;2363
FR;5;2022-02-08;722;1287;18;0;20;231833;93461;1882;17;2383
FR;5;2022-02-09;4544;12877;44;0;76;236377;106338;1926;17;2459
FR;5;2022-02-10;646;1059;14;0;15;237023;107397;1940;17;2474
FR;5;2022-02-11;793;2032;16;0;21;237816;109429;1956;17;2495
FR;5;2022-02-12;2286;6811;33;0;53;240102;116240;1989;17;2548
FR;5;2022-02-13;464;1540;8;0;8;240566;117780;1997;17;2556
FR;5;2022-02-14;678;1288;10;0;13;241244;119068;2007;17;2569
FR;5;2022-02-15;482;886;9;0;14;241726;119954;2016;17;2583
FR;5;2022-02-16;2980;9123;41;1;58;244706;129077;2057;18;2641
FR;5;2022-02-17;436;809;6;0;7;245142;129886;2063;18;2648
FR;5;2022-02-18;649;1408;13;0;17;245791;131294;2076;18;2665
FR;5;2022-02-19;1373;4315;16;0;28;247164;135609;2092;18;2693
FR;5;2022-02-20;247;879;6;0;8;247411;136488;2098;18;2701
FR;5;2022-02-21;221;607;2;0;4;247632;137095;2100;18;2705
FR;5;2022-02-22;262;545;17;0;17;247894;137640;2117;18;2722
FR;5;2022-02-23;1909;6926;23;1;43;249803;144566;2140;19;2765
FR;5;2022-02-24;182;374;6;1;7;249985;144940;2146;20;2772
FR;5;2022-02-25;336;950;13;0;12;250321;145890;2159;20;2784
FR;5;2022-02-26;972;3070;10;0;14;251293;148960;2169;20;2798
FR;5;2022-02-27;149;506;0;0;3;251442;149466;2169;20;2801
FR;5;2022-02-28;162;369;1;0;1;251604;149835;2170;20;2802
FR;5;2022-03-01;130;280;6;0;7;251734;150115;2176;20;2809
FR;5;2022-03-02;1240;4156;28;3;40;252974;154271;2204;23;2849
FR;5;2022-03-03;121;251;5;0;10;253095;154522;2209;23;2859
FR;5;2022-03-04;194;488;13;0;14;253289;155010;2222;23;2873
FR;5;2022-03-05;677;1990;8;0;16;253966;157000;2230;23;2889
FR;5;2022-03-06;108;260;0;0;0;254074;157260;2230;23;2889
FR;5;2022-03-07;71;228;5;0;3;254145;157488;2235;23;2892
FR;5;2022-03-08;46;133;7;1;7;254191;157621;2242;24;2899
FR;5;2022-03-09;910;3078;24;0;36;255101;160699;2266;24;2935
FR;5;2022-03-10;82;202;8;0;12;255183;160901;2274;24;2947
FR;5;2022-03-11;148;369;13;1;15;255331;161270;2287;25;2962
FR;5;2022-03-12;758;1613;13;1;30;256089;162883;2300;26;2992
FR;5;2022-03-13;78;100;0;0;0;256167;162983;2300;26;2992
FR;5;2022-03-14;67;119;7;1;7;256234;163102;2307;27;2999
FR;5;2022-03-15;83;99;4;0;7;256317;163201;2311;27;3006
FR;5;2022-03-16;883;1827;15;3;36;257200;165028;2326;30;3042
FR;5;2022-03-17;68;123;8;4;10;257268;165151;2334;34;3052
FR;5;2022-03-18;172;318;13;4;18;257440;165469;2347;38;3070
FR;5;2022-03-19;751;1163;12;5;33;258191;166632;2359;43;3103
FR;5;2022-03-20;45;93;1;0;1;258236;166725;2360;43;3104
FR;5;2022-03-21;71;120;10;6;15;258307;166845;2370;49;3119
FR;5;2022-03-22;56;119;8;8;9;258363;166964;2378;57;3128
FR;5;2022-03-23;805;1461;14;8;36;259168;168425;2392;65;3164
FR;5;2022-03-24;70;93;8;7;7;259238;168518;2400;72;3171
FR;5;2022-03-25;222;291;14;8;18;259460;168809;2414;80;3189
FR;5;2022-03-26;707;853;12;5;26;260167;169662;2426;85;3215
FR;5;2022-03-27;75;80;0;0;3;260242;169742;2426;85;3218
FR;5;2022-03-28;81;91;1;2;3;260323;169833;2427;87;3221
FR;5;2022-03-29;71;82;10;4;12;260394;169915;2437;91;3233
FR;5;2022-03-30;823;1116;16;13;29;261217;171031;2453;104;3262
FR;5;2022-03-31;102;125;1;4;6;261319;171156;2454;108;3268
FR;5;2022-04-01;112;86;7;12;11;261431;171242;2461;120;3279
FR;5;2022-04-02;330;349;3;3;15;261761;171591;2464;123;3294
FR;5;2022-04-03;54;59;1;0;1;261815;171650;2465;123;3295
FR;5;2022-04-04;40;57;4;1;8;261855;171707;2469;124;3303
FR;5;2022-04-05;52;60;6;7;9;261907;171767;2475;131;3312
FR;5;2022-04-06;421;439;7;15;16;262328;172206;2482;146;3328
FR;5;2022-04-07;45;68;5;7;7;262373;172274;2487;153;3335
FR;5;2022-04-08;133;112;12;13;14;262506;172386;2499;166;3349
FR;5;2022-04-09;311;324;2;5;17;262817;172710;2501;171;3366
FR;5;2022-04-10;43;31;2;0;2;262860;172741;2503;171;3368
FR;5;2022-04-11;50;60;3;2;4;262910;172801;2506;173;3372
FR;5;2022-04-12;59;54;3;3;5;262969;172855;2509;176;3377
FR;5;2022-04-13;382;413;3;8;16;263351;173268;2512;184;3393
FR;5;2022-04-14;48;48;5;5;9;263399;173316;2517;189;3402
FR;5;2022-04-15;91;109;4;4;5;263490;173425;2521;193;3407
FR;5;2022-04-16;188;184;2;1;13;263678;173609;2523;194;3420
FR;5;2022-04-17;12;11;1;0;1;263690;173620;2524;194;3421
FR;5;2022-04-18;8;10;2;0;3;263698;173630;2526;194;3424
FR;5;2022-04-19;75;71;6;1;6;263773;173701;2532;195;3430
FR;5;2022-04-20;361;349;9;6;12;264134;174050;2541;201;3442
FR;5;2022-04-21;42;64;9;10;12;264176;174114;2550;211;3454
FR;5;2022-04-22;113;96;5;4;5;264289;174210;2555;215;3459
FR;5;2022-04-23;209;193;3;2;10;264498;174403;2558;217;3469
FR;5;2022-04-24;37;35;0;0;3;264535;174438;2558;217;3472
FR;5;2022-04-25;69;65;1;1;4;264604;174503;2559;218;3476
FR;5;2022-04-26;60;63;2;1;5;264664;174566;2561;219;3481
FR;5;2022-04-27;335;316;2;7;14;264999;174882;2563;226;3495
FR;5;2022-04-28;80;54;4;5;8;265079;174936;2567;231;3503
FR;5;2022-04-29;117;84;5;18;12;265196;175020;2572;249;3515
FR;5;2022-04-30;183;114;2;3;10;265379;175134;2574;252;3525
FR;5;2022-05-01;11;7;0;0;0;265390;175141;2574;252;3525
FR;5;2022-05-02;51;29;4;5;2;265441;175170;2578;257;3527
FR;5;2022-05-03;84;57;2;5;11;265525;175227;2580;262;3538
FR;5;2022-05-04;278;205;1;2;7;265803;175432;2581;264;3545
FR;5;2022-05-05;62;32;3;4;5;265865;175464;2584;268;3550
FR;5;2022-05-06;105;65;2;3;5;265970;175529;2586;271;3555
FR;5;2022-05-07;171;117;3;10;13;266141;175646;2589;281;3568
FR;5;2022-05-08;8;8;0;0;2;266149;175654;2589;281;3570
FR;5;2022-05-09;44;34;15;3;16;266193;175688;2604;284;3586
FR;5;2022-05-10;54;49;3;4;5;266247;175737;2607;288;3591
FR;5;2022-05-11;327;237;12;7;21;266574;175974;2619;295;3612
FR;5;2022-05-12;46;34;2;3;2;266620;176008;2621;298;3614
FR;5;2022-05-13;109;83;3;8;8;266729;176091;2624;306;3622
FR;5;2022-05-14;209;131;0;1;8;266938;176222;2624;307;3630
FR;5;2022-05-15;22;9;2;0;1;266960;176231;2626;307;3631
FR;5;2022-05-16;52;34;4;5;4;267012;176265;2630;312;3635
FR;5;2022-05-17;72;40;5;0;2;267084;176305;2635;312;3637
FR;5;2022-05-18;289;214;4;4;8;267373;176519;2639;316;3645
FR;5;2022-05-19;44;35;5;3;3;267417;176554;2644;319;3648
FR;5;2022-05-20;76;63;3;10;1;267493;176617;2647;329;3649
FR;5;2022-05-21;242;166;2;3;17;267735;176783;2649;332;3666
FR;5;2022-05-22;20;14;2;5;2;267755;176797;2651;337;3668
FR;5;2022-05-23;42;30;4;3;6;267797;176827;2655;340;3674
FR;5;2022-05-24;47;45;3;2;5;267844;176872;2658;342;3679
FR;5;2022-05-25;329;256;4;1;16;268173;177128;2662;343;3695
FR;5;2022-05-26;17;5;0;1;2;268190;177133;2662;344;3697
FR;5;2022-05-27;99;54;4;4;9;268289;177187;2666;348;3706
FR;5;2022-05-28;99;78;5;3;10;268388;177265;2671;351;3716
FR;5;2022-05-29;14;14;1;0;2;268402;177279;2672;351;3718
FR;5;2022-05-30;56;41;2;1;2;268458;177320;2674;352;3720
FR;5;2022-05-31;57;43;1;8;1;268515;177363;2675;360;3721
FR;5;2022-06-01;257;241;9;2;25;268772;177604;2684;362;3746
FR;5;2022-06-02;63;61;5;0;9;268835;177665;2689;362;3755
FR;5;2022-06-03;81;71;4;5;10;268916;177736;2693;367;3765
FR;5;2022-06-04;156;109;2;1;9;269072;177845;2695;368;3774
FR;5;2022-06-05;17;11;0;0;1;269089;177856;2695;368;3775
FR;5;2022-06-06;15;9;0;0;0;269104;177865;2695;368;3775
FR;5;2022-06-07;49;56;1;1;2;269153;177921;2696;369;3777
FR;5;2022-06-08;283;225;3;4;17;269436;178146;2699;373;3794
FR;5;2022-06-09;52;41;6;3;7;269488;178187;2705;376;3801
FR;5;2022-06-10;80;72;1;1;6;269568;178259;2706;377;3807
FR;5;2022-06-11;172;141;3;3;10;269740;178400;2709;380;3817
FR;5;2022-06-12;17;16;0;0;2;269757;178416;2709;380;3819
FR;5;2022-06-13;56;47;9;3;10;269813;178463;2718;383;3829
FR;5;2022-06-14;59;56;1;3;6;269872;178519;2719;386;3835
FR;5;2022-06-15;266;260;5;2;27;270138;178779;2724;388;3862
FR;5;2022-06-16;47;29;5;2;5;270185;178808;2729;390;3867
FR;5;2022-06-17;98;67;5;5;10;270283;178875;2734;395;3877
FR;5;2022-06-18;144;95;10;2;26;270427;178970;2744;397;3903
FR;5;2022-06-19;26;15;0;1;4;270453;178985;2744;398;3907
FR;5;2022-06-20;56;49;8;0;11;270509;179034;2752;398;3918
FR;5;2022-06-21;51;73;5;3;7;270560;179107;2757;401;3925
FR;5;2022-06-22;222;246;7;8;33;270782;179353;2764;409;3958
FR;5;2022-06-23;50;36;2;5;6;270832;179389;2766;414;3964
FR;5;2022-06-24;91;70;14;5;16;270923;179459;2780;419;3980
FR;5;2022-06-25;154;124;3;7;14;271077;179583;2783;426;3994
FR;5;2022-06-26;26;19;2;0;5;271103;179602;2785;426;3999
FR;5;2022-06-27;57;60;5;7;11;271160;179662;2790;433;4010
FR;5;2022-06-28;70;49;8;2;14;271230;179711;2798;435;4024
FR;5;2022-06-29;297;268;9;20;34;271527;179979;2807;455;4058
FR;5;2022-06-30;85;57;10;12;17;271612;180036;2817;467;4075
FR;5;2022-07-01;124;65;7;11;12;271736;180101;2824;478;4087
FR;5;2022-07-02;191;131;4;0;22;271927;180232;2828;478;4109
FR;5;2022-07-03;30;25;1;0;4;271957;180257;2829;478;4113
FR;5;2022-07-04;101;63;2;5;6;272058;180320;2831;483;4119
FR;5;2022-07-05;104;72;3;8;13;272162;180392;2834;491;4132
FR;5;2022-07-06;279;168;9;36;27;272441;180560;2843;527;4159
FR;5;2022-07-07;86;68;6;9;13;272527;180628;2849;536;4172
FR;5;2022-07-08;152;120;7;14;25;272679;180748;2856;550;4197
FR;5;2022-07-09;116;68;1;8;10;272795;180816;2857;558;4207
FR;5;2022-07-10;15;6;0;0;1;272810;180822;2857;558;4208
FR;5;2022-07-11;92;72;10;2;19;272902;180894;2867;560;4227
FR;5;2022-07-12;66;61;5;9;7;272968;180955;2872;569;4234
FR;5;2022-07-13;166;117;10;19;16;273134;181072;2882;588;4250
FR;5;2022-07-14;8;4;0;0;0;273142;181076;2882;588;4250
FR;5;2022-07-15;74;66;5;14;15;273216;181142;2887;602;4265
FR;5;2022-07-16;54;44;3;0;3;273270;181186;2890;602;4268
FR;5;2022-07-17;10;7;0;0;1;273280;181193;2890;602;4269
FR;5;2022-07-18;60;46;0;5;3;273340;181239;2890;607;4272
FR;5;2022-07-19;62;42;5;3;7;273402;181281;2895;610;4279
FR;5;2022-07-20;118;106;4;11;14;273520;181387;2899;621;4293
FR;5;2022-07-21;37;42;2;10;5;273557;181429;2901;631;4298
FR;5;2022-07-22;44;67;11;14;23;273601;181496;2912;645;4321
FR;5;2022-07-23;58;78;2;1;11;273659;181574;2914;646;4332
FR;5;2022-07-24;11;9;3;1;3;273670;181583;2917;647;4335
FR;5;2022-07-25;53;48;2;7;8;273723;181631;2919;654;4343
FR;5;2022-07-26;57;52;5;41;6;273780;181683;2924;695;4349
FR;5;2022-07-27;105;117;4;3;13;273885;181800;2928;698;4362
FR;5;2022-07-28;39;35;2;2;6;273924;181835;2930;700;4368
FR;5;2022-07-29;52;71;3;13;8;273976;181906;2933;713;4376
FR;5;2022-07-30;52;53;5;1;7;274028;181959;2938;714;4383
FR;5;2022-07-31;6;11;1;0;1;274034;181970;2939;714;4384
FR;5;2022-08-01;36;46;1;2;6;274070;182016;2940;716;4390
FR;5;2022-08-02;30;43;7;7;7;274100;182059;2947;723;4397
FR;6;2020-12-27;0;0;0;0;0;0;0;0;0;0
FR;6;2020-12-28;0;0;0;0;0;0;0;0;0;0
FR;6;2020-12-29;0;0;0;0;0;0;0;0;0;0
FR;6;2020-12-30;0;0;0;0;0;0;0;0;0;0
FR;6;2020-12-31;0;0;0;0;0;0;0;0;0;0
FR;6;2021-01-01;0;0;0;0;0;0;0;0;0;0
FR;6;2021-01-02;0;0;0;0;0;0;0;0;0;0
FR;6;2021-01-03;0;0;0;0;0;0;0;0;0;0
FR;6;2021-01-04;0;0;0;0;0;0;0;0;0;0
FR;6;2021-01-05;0;0;0;0;0;0;0;0;0;0
FR;6;2021-01-06;0;0;0;0;0;0;0;0;0;0
FR;6;2021-01-07;0;0;0;0;0;0;0;0;0;0
FR;6;2021-01-08;0;0;0;0;0;0;0;0;0;0
FR;6;2021-01-09;0;0;0;0;0;0;0;0;0;0
FR;6;2021-01-10;0;0;0;0;0;0;0;0;0;0
FR;6;2021-01-11;0;0;0;0;0;0;0;0;0;0
FR;6;2021-01-12;0;0;0;0;0;0;0;0;0;0
FR;6;2021-01-13;0;0;0;0;0;0;0;0;0;0
FR;6;2021-01-14;0;0;0;0;0;0;0;0;0;0
FR;6;2021-01-15;0;0;0;0;0;0;0;0;0;0
FR;6;2021-01-16;0;0;0;0;0;0;0;0;0;0
FR;6;2021-01-17;0;0;0;0;0;0;0;0;0;0
FR;6;2021-01-18;0;0;0;0;0;0;0;0;0;0
FR;6;2021-01-19;0;0;0;0;0;0;0;0;0;0
FR;6;2021-01-20;0;0;0;0;0;0;0;0;0;0
FR;6;2021-01-21;0;0;0;0;0;0;0;0;0;0
FR;6;2021-01-22;0;0;0;0;0;0;0;0;0;0
FR;6;2021-01-23;0;0;0;0;0;0;0;0;0;0
FR;6;2021-01-24;0;0;0;0;0;0;0;0;0;0
FR;6;2021-01-25;0;0;0;0;0;0;0;0;0;0
FR;6;2021-01-26;0;0;0;0;0;0;0;0;0;0
FR;6;2021-01-27;0;0;0;0;0;0;0;0;0;0
FR;6;2021-01-28;0;0;0;0;0;0;0;0;0;0
FR;6;2021-01-29;0;0;0;0;0;0;0;0;0;0
FR;6;2021-01-30;0;0;0;0;0;0;0;0;0;0
FR;6;2021-01-31;0;0;0;0;0;0;0;0;0;0
FR;6;2021-02-01;0;0;0;0;0;0;0;0;0;0
FR;6;2021-02-02;0;0;0;0;0;0;0;0;0;0
FR;6;2021-02-03;0;0;0;0;0;0;0;0;0;0
FR;6;2021-02-04;0;0;0;0;0;0;0;0;0;0
FR;6;2021-02-05;0;0;0;0;0;0;0;0;0;0
FR;6;2021-02-06;0;0;0;0;0;0;0;0;0;0
FR;6;2021-02-07;0;0;0;0;0;0;0;0;0;0
FR;6;2021-02-08;0;0;0;0;0;0;0;0;0;0
FR;6;2021-02-09;0;0;0;0;0;0;0;0;0;0
FR;6;2021-02-10;0;0;0;0;0;0;0;0;0;0
FR;6;2021-02-11;0;0;0;0;0;0;0;0;0;0
FR;6;2021-02-12;0;0;0;0;0;0;0;0;0;0
FR;6;2021-02-13;0;0;0;0;0;0;0;0;0;0
FR;6;2021-02-14;0;0;0;0;0;0;0;0;0;0
FR;6;2021-02-15;0;0;0;0;0;0;0;0;0;0
FR;6;2021-02-16;0;0;0;0;0;0;0;0;0;0
FR;6;2021-02-17;0;0;0;0;0;0;0;0;0;0
FR;6;2021-02-18;0;0;0;0;0;0;0;0;0;0
FR;6;2021-02-19;0;0;0;0;0;0;0;0;0;0
FR;6;2021-02-20;0;0;0;0;0;0;0;0;0;0
FR;6;2021-02-21;0;0;0;0;0;0;0;0;0;0
FR;6;2021-02-22;0;0;0;0;0;0;0;0;0;0
FR;6;2021-02-23;0;0;0;0;0;0;0;0;0;0
FR;6;2021-02-24;0;0;0;0;0;0;0;0;0;0
FR;6;2021-02-25;0;0;0;0;0;0;0;0;0;0
FR;6;2021-02-26;0;0;0;0;0;0;0;0;0;0
FR;6;2021-02-27;0;0;0;0;0;0;0;0;0;0
FR;6;2021-02-28;0;0;0;0;0;0;0;0;0;0
FR;6;2021-03-01;0;0;0;0;0;0;0;0;0;0
FR;6;2021-03-02;0;0;0;0;0;0;0;0;0;0
FR;6;2021-03-03;0;0;0;0;0;0;0;0;0;0
FR;6;2021-03-04;0;0;0;0;0;0;0;0;0;0
FR;6;2021-03-05;0;0;0;0;0;0;0;0;0;0
FR;6;2021-03-06;0;0;0;0;0;0;0;0;0;0
FR;6;2021-03-07;0;0;0;0;0;0;0;0;0;0
FR;6;2021-03-08;0;0;0;0;0;0;0;0;0;0
FR;6;2021-03-09;0;0;0;0;0;0;0;0;0;0
FR;6;2021-03-10;0;0;0;0;0;0;0;0;0;0
FR;6;2021-03-11;0;0;0;0;0;0;0;0;0;0
FR;6;2021-03-12;0;0;0;0;0;0;0;0;0;0
FR;6;2021-03-13;0;0;0;0;0;0;0;0;0;0
FR;6;2021-03-14;0;0;0;0;0;0;0;0;0;0
FR;6;2021-03-15;0;0;0;0;0;0;0;0;0;0
FR;6;2021-03-16;0;0;0;0;0;0;0;0;0;0
FR;6;2021-03-17;0;0;0;0;0;0;0;0;0;0
FR;6;2021-03-18;0;0;0;0;0;0;0;0;0;0
FR;6;2021-03-19;0;0;0;0;0;0;0;0;0;0
FR;6;2021-03-20;0;0;0;0;0;0;0;0;0;0
FR;6;2021-03-21;0;0;0;0;0;0;0;0;0;0
FR;6;2021-03-22;0;0;0;0;0;0;0;0;0;0
FR;6;2021-03-23;0;0;0;0;0;0;0;0;0;0
FR;6;2021-03-24;0;0;0;0;0;0;0;0;0;0
FR;6;2021-03-25;0;0;0;0;0;0;0;0;0;0
FR;6;2021-03-26;0;0;0;0;0;0;0;0;0;0
FR;6;2021-03-27;0;0;0;0;0;0;0;0;0;0
FR;6;2021-03-28;0;0;0;0;0;0;0;0;0;0
FR;6;2021-03-29;0;0;0;0;0;0;0;0;0;0
FR;6;2021-03-30;0;0;0;0;0;0;0;0;0;0
FR;6;2021-03-31;0;0;0;0;0;0;0;0;0;0
FR;6;2021-04-01;0;0;0;0;0;0;0;0;0;0
FR;6;2021-04-02;0;0;0;0;0;0;0;0;0;0
FR;6;2021-04-03;0;0;0;0;0;0;0;0;0;0
FR;6;2021-04-04;0;0;0;0;0;0;0;0;0;0
FR;6;2021-04-05;0;0;0;0;0;0;0;0;0;0
FR;6;2021-04-06;0;0;0;0;0;0;0;0;0;0
FR;6;2021-04-07;0;0;0;0;0;0;0;0;0;0
FR;6;2021-04-08;0;0;0;0;0;0;0;0;0;0
FR;6;2021-04-09;0;0;0;0;0;0;0;0;0;0
FR;6;2021-04-10;0;0;0;0;0;0;0;0;0;0
FR;6;2021-04-11;0;0;0;0;0;0;0;0;0;0
FR;6;2021-04-12;0;0;0;0;0;0;0;0;0;0
FR;6;2021-04-13;0;0;0;0;0;0;0;0;0;0
FR;6;2021-04-14;0;0;0;0;0;0;0;0;0;0
FR;6;2021-04-15;0;0;0;0;0;0;0;0;0;0
FR;6;2021-04-16;0;0;0;0;0;0;0;0;0;0
FR;6;2021-04-17;0;0;0;0;0;0;0;0;0;0
FR;6;2021-04-18;0;0;0;0;0;0;0;0;0;0
FR;6;2021-04-19;0;0;0;0;0;0;0;0;0;0
FR;6;2021-04-20;0;0;0;0;0;0;0;0;0;0
FR;6;2021-04-21;0;0;0;0;0;0;0;0;0;0
FR;6;2021-04-22;0;0;0;0;0;0;0;0;0;0
FR;6;2021-04-23;0;0;0;0;0;0;0;0;0;0
FR;6;2021-04-24;0;0;0;0;0;0;0;0;0;0
FR;6;2021-04-25;0;0;0;0;0;0;0;0;0;0
FR;6;2021-04-26;0;0;0;0;0;0;0;0;0;0
FR;6;2021-04-27;0;0;0;0;0;0;0;0;0;0
FR;6;2021-04-28;0;0;0;0;0;0;0;0;0;0
FR;6;2021-04-29;0;0;0;0;0;0;0;0;0;0
FR;6;2021-04-30;0;0;0;0;0;0;0;0;0;0
FR;6;2021-05-01;0;0;0;0;0;0;0;0;0;0
FR;6;2021-05-02;0;0;0;0;0;0;0;0;0;0
FR;6;2021-05-03;0;0;0;0;0;0;0;0;0;0
FR;6;2021-05-04;0;0;0;0;0;0;0;0;0;0
FR;6;2021-05-05;0;0;0;0;0;0;0;0;0;0
FR;6;2021-05-06;0;0;0;0;0;0;0;0;0;0
FR;6;2021-05-07;0;0;0;0;0;0;0;0;0;0
FR;6;2021-05-08;0;0;0;0;0;0;0;0;0;0
FR;6;2021-05-09;0;0;0;0;0;0;0;0;0;0
FR;6;2021-05-10;0;0;0;0;0;0;0;0;0;0
FR;6;2021-05-11;0;0;0;0;0;0;0;0;0;0
FR;6;2021-05-12;0;0;0;0;0;0;0;0;0;0
FR;6;2021-05-13;0;0;0;0;0;0;0;0;0;0
FR;6;2021-05-14;0;0;0;0;0;0;0;0;0;0
FR;6;2021-05-15;0;0;0;0;0;0;0;0;0;0
FR;6;2021-05-16;0;0;0;0;0;0;0;0;0;0
FR;6;2021-05-17;0;0;0;0;0;0;0;0;0;0
FR;6;2021-05-18;0;0;0;0;0;0;0;0;0;0
FR;6;2021-05-19;0;0;0;0;0;0;0;0;0;0
FR;6;2021-05-20;0;0;0;0;0;0;0;0;0;0
FR;6;2021-05-21;0;0;0;0;0;0;0;0;0;0
FR;6;2021-05-22;0;0;0;0;0;0;0;0;0;0
FR;6;2021-05-23;0;0;0;0;0;0;0;0;0;0
FR;6;2021-05-24;0;0;0;0;0;0;0;0;0;0
FR;6;2021-05-25;0;0;0;0;0;0;0;0;0;0
FR;6;2021-05-26;0;0;0;0;0;0;0;0;0;0
FR;6;2021-05-27;0;0;0;0;0;0;0;0;0;0
FR;6;2021-05-28;0;0;0;0;0;0;0;0;0;0
FR;6;2021-05-29;0;0;0;0;0;0;0;0;0;0
FR;6;2021-05-30;0;0;0;0;0;0;0;0;0;0
FR;6;2021-05-31;0;0;0;0;0;0;0;0;0;0
FR;6;2021-06-01;0;0;0;0;0;0;0;0;0;0
FR;6;2021-06-02;0;0;0;0;0;0;0;0;0;0
FR;6;2021-06-03;0;0;0;0;0;0;0;0;0;0
FR;6;2021-06-04;0;0;0;0;0;0;0;0;0;0
FR;6;2021-06-05;0;0;0;0;0;0;0;0;0;0
FR;6;2021-06-06;0;0;0;0;0;0;0;0;0;0
FR;6;2021-06-07;0;0;0;0;0;0;0;0;0;0
FR;6;2021-06-08;0;0;0;0;0;0;0;0;0;0
FR;6;2021-06-09;0;0;0;0;0;0;0;0;0;0
FR;6;2021-06-10;0;0;0;0;0;0;0;0;0;0
FR;6;2021-06-11;0;0;0;0;0;0;0;0;0;0
FR;6;2021-06-12;0;0;0;0;0;0;0;0;0;0
FR;6;2021-06-13;0;0;0;0;0;0;0;0;0;0
FR;6;2021-06-14;0;0;0;0;0;0;0;0;0;0
FR;6;2021-06-15;0;0;0;0;0;0;0;0;0;0
FR;6;2021-06-16;0;0;0;0;0;0;0;0;0;0
FR;6;2021-06-17;0;0;0;0;0;0;0;0;0;0
FR;6;2021-06-18;0;0;0;0;0;0;0;0;0;0
FR;6;2021-06-19;0;0;0;0;0;0;0;0;0;0
FR;6;2021-06-20;0;0;0;0;0;0;0;0;0;0
FR;6;2021-06-21;0;0;0;0;0;0;0;0;0;0
FR;6;2021-06-22;0;0;0;0;0;0;0;0;0;0
FR;6;2021-06-23;0;0;0;0;0;0;0;0;0;0
FR;6;2021-06-24;0;0;0;0;0;0;0;0;0;0
FR;6;2021-06-25;0;0;0;0;0;0;0;0;0;0
FR;6;2021-06-26;0;0;0;0;0;0;0;0;0;0
FR;6;2021-06-27;0;0;0;0;0;0;0;0;0;0
FR;6;2021-06-28;0;0;0;0;0;0;0;0;0;0
FR;6;2021-06-29;0;0;0;0;0;0;0;0;0;0
FR;6;2021-06-30;0;0;0;0;0;0;0;0;0;0
FR;6;2021-07-01;0;0;0;0;0;0;0;0;0;0
FR;6;2021-07-02;0;0;0;0;0;0;0;0;0;0
FR;6;2021-07-03;0;0;0;0;0;0;0;0;0;0
FR;6;2021-07-04;0;0;0;0;0;0;0;0;0;0
FR;6;2021-07-05;0;0;0;0;0;0;0;0;0;0
FR;6;2021-07-06;0;0;0;0;0;0;0;0;0;0
FR;6;2021-07-07;0;0;0;0;0;0;0;0;0;0
FR;6;2021-07-08;0;0;0;0;0;0;0;0;0;0
FR;6;2021-07-09;0;0;0;0;0;0;0;0;0;0
FR;6;2021-07-10;0;0;0;0;0;0;0;0;0;0
FR;6;2021-07-11;0;0;0;0;0;0;0;0;0;0
FR;6;2021-07-12;0;0;0;0;0;0;0;0;0;0
FR;6;2021-07-13;0;0;0;0;0;0;0;0;0;0
FR;6;2021-07-14;0;0;0;0;0;0;0;0;0;0
FR;6;2021-07-15;0;0;0;0;0;0;0;0;0;0
FR;6;2021-07-16;0;0;0;0;0;0;0;0;0;0
FR;6;2021-07-17;0;0;0;0;0;0;0;0;0;0
FR;6;2021-07-18;0;0;0;0;0;0;0;0;0;0
FR;6;2021-07-19;0;0;0;0;0;0;0;0;0;0
FR;6;2021-07-20;0;0;0;0;0;0;0;0;0;0
FR;6;2021-07-21;0;0;0;0;0;0;0;0;0;0
FR;6;2021-07-22;0;0;0;0;0;0;0;0;0;0
FR;6;2021-07-23;0;0;0;0;0;0;0;0;0;0
FR;6;2021-07-24;0;0;0;0;0;0;0;0;0;0
FR;6;2021-07-25;0;0;0;0;0;0;0;0;0;0
FR;6;2021-07-26;0;0;0;0;0;0;0;0;0;0
FR;6;2021-07-27;0;0;0;0;0;0;0;0;0;0
FR;6;2021-07-28;0;0;0;0;0;0;0;0;0;0
FR;6;2021-07-29;0;0;0;0;0;0;0;0;0;0
FR;6;2021-07-30;0;0;0;0;0;0;0;0;0;0
FR;6;2021-07-31;0;0;0;0;0;0;0;0;0;0
FR;6;2021-08-01;0;0;0;0;0;0;0;0;0;0
FR;6;2021-08-02;0;0;0;0;0;0;0;0;0;0
FR;6;2021-08-03;0;0;0;0;0;0;0;0;0;0
FR;6;2021-08-04;0;0;0;0;0;0;0;0;0;0
FR;6;2021-08-05;0;0;0;0;0;0;0;0;0;0
FR;6;2021-08-06;0;0;0;0;0;0;0;0;0;0
FR;6;2021-08-07;0;0;0;0;0;0;0;0;0;0
FR;6;2021-08-08;0;0;0;0;0;0;0;0;0;0
FR;6;2021-08-09;0;0;0;0;0;0;0;0;0;0
FR;6;2021-08-10;0;0;0;0;0;0;0;0;0;0
FR;6;2021-08-11;0;0;0;0;0;0;0;0;0;0
FR;6;2021-08-12;0;0;0;0;0;0;0;0;0;0
FR;6;2021-08-13;0;0;0;0;0;0;0;0;0;0
FR;6;2021-08-14;0;0;0;0;0;0;0;0;0;0
FR;6;2021-08-15;0;0;0;0;0;0;0;0;0;0
FR;6;2021-08-16;0;0;0;0;0;0;0;0;0;0
FR;6;2021-08-17;0;0;0;0;0;0;0;0;0;0
FR;6;2021-08-18;0;0;0;0;0;0;0;0;0;0
FR;6;2021-08-19;0;0;0;0;0;0;0;0;0;0
FR;6;2021-08-20;0;0;0;0;0;0;0;0;0;0
FR;6;2021-08-21;0;0;0;0;0;0;0;0;0;0
FR;6;2021-08-22;0;0;0;0;0;0;0;0;0;0
FR;6;2021-08-23;0;0;0;0;0;0;0;0;0;0
FR;6;2021-08-24;0;0;0;0;0;0;0;0;0;0
FR;6;2021-08-25;0;0;0;0;0;0;0;0;0;0
FR;6;2021-08-26;0;0;0;0;0;0;0;0;0;0
FR;6;2021-08-27;0;0;0;0;0;0;0;0;0;0
FR;6;2021-08-28;0;0;0;0;0;0;0;0;0;0
FR;6;2021-08-29;0;0;0;0;0;0;0;0;0;0
FR;6;2021-08-30;0;0;0;0;0;0;0;0;0;0
FR;6;2021-08-31;0;0;0;0;0;0;0;0;0;0
FR;6;2021-09-01;0;0;0;0;0;0;0;0;0;0
FR;6;2021-09-02;0;0;0;0;0;0;0;0;0;0
FR;6;2021-09-03;0;0;0;0;0;0;0;0;0;0
FR;6;2021-09-04;0;0;0;0;0;0;0;0;0;0
FR;6;2021-09-05;0;0;0;0;0;0;0;0;0;0
FR;6;2021-09-06;0;0;0;0;0;0;0;0;0;0
FR;6;2021-09-07;0;0;0;0;0;0;0;0;0;0
FR;6;2021-09-08;0;0;0;0;0;0;0;0;0;0
FR;6;2021-09-09;0;0;0;0;0;0;0;0;0;0
FR;6;2021-09-10;0;0;0;0;0;0;0;0;0;0
FR;6;2021-09-11;0;0;0;0;0;0;0;0;0;0
FR;6;2021-09-12;0;0;0;0;0;0;0;0;0;0
FR;6;2021-09-13;0;0;0;0;0;0;0;0;0;0
FR;6;2021-09-14;0;0;0;0;0;0;0;0;0;0
FR;6;2021-09-15;0;0;0;0;0;0;0;0;0;0
FR;6;2021-09-16;0;0;0;0;0;0;0;0;0;0
FR;6;2021-09-17;0;0;0;0;0;0;0;0;0;0
FR;6;2021-09-18;0;0;0;0;0;0;0;0;0;0
FR;6;2021-09-19;0;0;0;0;0;0;0;0;0;0
FR;6;2021-09-20;0;0;0;0;0;0;0;0;0;0
FR;6;2021-09-21;0;0;0;0;0;0;0;0;0;0
FR;6;2021-09-22;0;0;0;0;0;0;0;0;0;0
FR;6;2021-09-23;0;0;0;0;0;0;0;0;0;0
FR;6;2021-09-24;0;0;0;0;0;0;0;0;0;0
FR;6;2021-09-25;0;0;0;0;0;0;0;0;0;0
FR;6;2021-09-26;0;0;0;0;0;0;0;0;0;0
FR;6;2021-09-27;0;0;0;0;0;0;0;0;0;0
FR;6;2021-09-28;0;0;0;0;0;0;0;0;0;0
FR;6;2021-09-29;0;0;0;0;0;0;0;0;0;0
FR;6;2021-09-30;0;0;0;0;0;0;0;0;0;0
FR;6;2021-10-01;0;0;0;0;0;0;0;0;0;0
FR;6;2021-10-02;0;0;0;0;0;0;0;0;0;0
FR;6;2021-10-03;0;0;0;0;0;0;0;0;0;0
FR;6;2021-10-04;0;0;0;0;0;0;0;0;0;0
FR;6;2021-10-05;0;0;0;0;0;0;0;0;0;0
FR;6;2021-10-06;0;0;0;0;0;0;0;0;0;0
FR;6;2021-10-07;0;0;0;0;0;0;0;0;0;0
FR;6;2021-10-08;0;0;0;0;0;0;0;0;0;0
FR;6;2021-10-09;0;0;0;0;0;0;0;0;0;0
FR;6;2021-10-10;0;0;0;0;0;0;0;0;0;0
FR;6;2021-10-11;0;0;0;0;0;0;0;0;0;0
FR;6;2021-10-12;0;0;0;0;0;0;0;0;0;0
FR;6;2021-10-13;0;0;0;0;0;0;0;0;0;0
FR;6;2021-10-14;0;0;0;0;0;0;0;0;0;0
FR;6;2021-10-15;0;0;0;0;0;0;0;0;0;0
FR;6;2021-10-16;0;0;0;0;0;0;0;0;0;0
FR;6;2021-10-17;0;0;0;0;0;0;0;0;0;0
FR;6;2021-10-18;0;0;0;0;0;0;0;0;0;0
FR;6;2021-10-19;0;0;0;0;0;0;0;0;0;0
FR;6;2021-10-20;0;0;0;0;0;0;0;0;0;0
FR;6;2021-10-21;0;0;0;0;0;0;0;0;0;0
FR;6;2021-10-22;0;0;0;0;0;0;0;0;0;0
FR;6;2021-10-23;0;0;0;0;0;0;0;0;0;0
FR;6;2021-10-24;0;0;0;0;0;0;0;0;0;0
FR;6;2021-10-25;0;0;0;0;0;0;0;0;0;0
FR;6;2021-10-26;0;0;0;0;0;0;0;0;0;0
FR;6;2021-10-27;0;0;0;0;0;0;0;0;0;0
FR;6;2021-10-28;0;0;0;0;0;0;0;0;0;0
FR;6;2021-10-29;0;0;0;0;0;0;0;0;0;0
FR;6;2021-10-30;0;0;0;0;0;0;0;0;0;0
FR;6;2021-10-31;0;0;0;0;0;0;0;0;0;0
FR;6;2021-11-01;0;0;0;0;0;0;0;0;0;0
FR;6;2021-11-02;0;0;0;0;0;0;0;0;0;0
FR;6;2021-11-03;0;0;0;0;0;0;0;0;0;0
FR;6;2021-11-04;0;0;0;0;0;0;0;0;0;0
FR;6;2021-11-05;0;0;0;0;0;0;0;0;0;0
FR;6;2021-11-06;0;0;0;0;0;0;0;0;0;0
FR;6;2021-11-07;0;0;0;0;0;0;0;0;0;0
FR;6;2021-11-08;0;0;0;0;0;0;0;0;0;0
FR;6;2021-11-09;0;0;0;0;0;0;0;0;0;0
FR;6;2021-11-10;0;0;0;0;0;0;0;0;0;0
FR;6;2021-11-11;0;0;0;0;0;0;0;0;0;0
FR;6;2021-11-12;0;0;0;0;0;0;0;0;0;0
FR;6;2021-11-13;0;0;0;0;0;0;0;0;0;0
FR;6;2021-11-14;0;0;0;0;0;0;0;0;0;0
FR;6;2021-11-15;0;0;0;0;0;0;0;0;0;0
FR;6;2021-11-16;0;0;0;0;0;0;0;0;0;0
FR;6;2021-11-17;0;0;0;0;0;0;0;0;0;0
FR;6;2021-11-18;0;0;0;0;0;0;0;0;0;0
FR;6;2021-11-19;0;0;0;0;0;0;0;0;0;0
FR;6;2021-11-20;0;0;0;0;0;0;0;0;0;0
FR;6;2021-11-21;0;0;0;0;0;0;0;0;0;0
FR;6;2021-11-22;0;0;0;0;0;0;0;0;0;0
FR;6;2021-11-23;0;0;0;0;0;0;0;0;0;0
FR;6;2021-11-24;0;0;0;0;0;0;0;0;0;0
FR;6;2021-11-25;0;0;0;0;0;0;0;0;0;0
FR;6;2021-11-26;0;0;0;0;0;0;0;0;0;0
FR;6;2021-11-27;0;0;0;0;0;0;0;0;0;0
FR;6;2021-11-28;0;0;0;0;0;0;0;0;0;0
FR;6;2021-11-29;0;0;0;0;0;0;0;0;0;0
FR;6;2021-11-30;0;0;0;0;0;0;0;0;0;0
FR;6;2021-12-01;0;0;0;0;0;0;0;0;0;0
FR;6;2021-12-02;0;0;0;0;0;0;0;0;0;0
FR;6;2021-12-03;0;0;0;0;0;0;0;0;0;0
FR;6;2021-12-04;0;0;0;0;0;0;0;0;0;0
FR;6;2021-12-05;0;0;0;0;0;0;0;0;0;0
FR;6;2021-12-06;0;0;0;0;0;0;0;0;0;0
FR;6;2021-12-07;0;0;0;0;0;0;0;0;0;0
FR;6;2021-12-08;0;0;0;0;0;0;0;0;0;0
FR;6;2021-12-09;0;0;0;0;0;0;0;0;0;0
FR;6;2021-12-10;0;0;0;0;0;0;0;0;0;0
FR;6;2021-12-11;0;0;0;0;0;0;0;0;0;0
FR;6;2021-12-12;0;0;0;0;0;0;0;0;0;0
FR;6;2021-12-13;0;0;0;0;0;0;0;0;0;0
FR;6;2021-12-14;0;0;0;0;0;0;0;0;0;0
FR;6;2021-12-15;0;0;0;0;0;0;0;0;0;0
FR;6;2021-12-16;0;0;0;0;0;0;0;0;0;0
FR;6;2021-12-17;0;0;0;0;0;0;0;0;0;0
FR;6;2021-12-18;0;0;0;0;0;0;0;0;0;0
FR;6;2021-12-19;0;0;0;0;0;0;0;0;0;0
FR;6;2021-12-20;0;0;0;0;0;0;0;0;0;0
FR;6;2021-12-21;0;0;0;0;0;0;0;0;0;0
FR;6;2021-12-22;0;0;0;0;0;0;0;0;0;0
FR;6;2021-12-23;0;0;0;0;0;0;0;0;0;0
FR;6;2021-12-24;0;0;0;0;0;0;0;0;0;0
FR;6;2021-12-25;0;0;0;0;0;0;0;0;0;0
FR;6;2021-12-26;0;0;0;0;0;0;0;0;0;0
FR;6;2021-12-27;0;0;0;0;0;0;0;0;0;0
FR;6;2021-12-28;0;0;0;0;0;0;0;0;0;0
FR;6;2021-12-29;0;0;0;0;0;0;0;0;0;0
FR;6;2021-12-30;0;0;0;0;0;0;0;0;0;0
FR;6;2021-12-31;0;0;0;0;0;0;0;0;0;0
FR;6;2022-01-01;0;0;0;0;0;0;0;0;0;0
FR;6;2022-01-02;0;0;0;0;0;0;0;0;0;0
FR;6;2022-01-03;0;0;0;0;0;0;0;0;0;0
FR;6;2022-01-04;0;0;0;0;0;0;0;0;0;0
FR;6;2022-01-05;0;0;0;0;0;0;0;0;0;0
FR;6;2022-01-06;0;0;0;0;0;0;0;0;0;0
FR;6;2022-01-07;0;0;0;0;0;0;0;0;0;0
FR;6;2022-01-08;0;0;0;0;0;0;0;0;0;0
FR;6;2022-01-09;0;0;0;0;0;0;0;0;0;0
FR;6;2022-01-10;0;0;0;0;0;0;0;0;0;0
FR;6;2022-01-11;0;0;0;0;0;0;0;0;0;0
FR;6;2022-01-12;0;0;0;0;0;0;0;0;0;0
FR;6;2022-01-13;0;0;0;0;0;0;0;0;0;0
FR;6;2022-01-14;0;0;0;0;0;0;0;0;0;0
FR;6;2022-01-15;0;0;0;0;0;0;0;0;0;0
FR;6;2022-01-16;0;0;0;0;0;0;0;0;0;0
FR;6;2022-01-17;0;0;0;0;0;0;0;0;0;0
FR;6;2022-01-18;0;0;0;0;0;0;0;0;0;0
FR;6;2022-01-19;0;0;0;0;0;0;0;0;0;0
FR;6;2022-01-20;0;0;0;0;0;0;0;0;0;0
FR;6;2022-01-21;0;0;0;0;0;0;0;0;0;0
FR;6;2022-01-22;0;0;0;0;0;0;0;0;0;0
FR;6;2022-01-23;0;0;0;0;0;0;0;0;0;0
FR;6;2022-01-24;0;0;0;0;0;0;0;0;0;0
FR;6;2022-01-25;0;0;0;0;0;0;0;0;0;0
FR;6;2022-01-26;0;0;0;0;0;0;0;0;0;0
FR;6;2022-01-27;0;0;0;0;0;0;0;0;0;0
FR;6;2022-01-28;0;0;0;0;0;0;0;0;0;0
FR;6;2022-01-29;0;0;0;0;0;0;0;0;0;0
FR;6;2022-01-30;0;0;0;0;0;0;0;0;0;0
FR;6;2022-01-31;0;0;0;0;0;0;0;0;0;0
FR;6;2022-02-01;0;0;0;0;0;0;0;0;0;0
FR;6;2022-02-02;0;0;0;0;0;0;0;0;0;0
FR;6;2022-02-03;0;0;0;0;0;0;0;0;0;0
FR;6;2022-02-04;0;0;0;0;0;0;0;0;0;0
FR;6;2022-02-05;0;0;0;0;0;0;0;0;0;0
FR;6;2022-02-06;0;0;0;0;0;0;0;0;0;0
FR;6;2022-02-07;0;0;0;0;0;0;0;0;0;0
FR;6;2022-02-08;0;0;0;0;0;0;0;0;0;0
FR;6;2022-02-09;0;0;0;0;0;0;0;0;0;0
FR;6;2022-02-10;0;0;0;0;0;0;0;0;0;0
FR;6;2022-02-11;0;0;0;0;0;0;0;0;0;0
FR;6;2022-02-12;0;0;0;0;0;0;0;0;0;0
FR;6;2022-02-13;0;0;0;0;0;0;0;0;0;0
FR;6;2022-02-14;0;0;0;0;0;0;0;0;0;0
FR;6;2022-02-15;0;0;0;0;0;0;0;0;0;0
FR;6;2022-02-16;0;0;0;0;0;0;0;0;0;0
FR;6;2022-02-17;0;0;0;0;0;0;0;0;0;0
FR;6;2022-02-18;0;0;0;0;0;0;0;0;0;0
FR;6;2022-02-19;0;0;0;0;0;0;0;0;0;0
FR;6;2022-02-20;0;0;0;0;0;0;0;0;0;0
FR;6;2022-02-21;0;0;0;0;0;0;0;0;0;0
FR;6;2022-02-22;0;0;0;0;0;0;0;0;0;0
FR;6;2022-02-23;0;0;0;0;0;0;0;0;0;0
FR;6;2022-02-24;0;0;0;0;0;0;0;0;0;0
FR;6;2022-02-25;0;0;0;0;0;0;0;0;0;0
FR;6;2022-02-26;1;0;0;0;0;1;0;0;0;0
FR;6;2022-02-27;0;0;0;0;0;1;0;0;0;0
FR;6;2022-02-28;0;0;0;0;0;1;0;0;0;0
FR;6;2022-03-01;3;0;0;0;0;4;0;0;0;0
FR;6;2022-03-02;97;9;2;0;7;101;9;2;0;7
FR;6;2022-03-03;0;0;0;0;0;101;9;2;0;7
FR;6;2022-03-04;91;4;0;0;4;192;13;2;0;11
FR;6;2022-03-05;391;23;2;0;14;583;36;4;0;25
FR;6;2022-03-06;7;1;0;0;0;590;37;4;0;25
FR;6;2022-03-07;337;19;0;0;13;927;56;4;0;38
FR;6;2022-03-08;230;14;0;0;5;1157;70;4;0;43
FR;6;2022-03-09;519;29;2;0;21;1676;99;6;0;64
FR;6;2022-03-10;206;19;0;1;12;1882;118;6;1;76
FR;6;2022-03-11;328;21;6;0;21;2210;139;12;1;97
FR;6;2022-03-12;518;25;1;0;20;2728;164;13;1;117
FR;6;2022-03-13;40;2;0;0;1;2768;166;13;1;118
FR;6;2022-03-14;201;4;2;0;3;2969;170;15;1;121
FR;6;2022-03-15;112;11;2;0;9;3081;181;17;1;130
FR;6;2022-03-16;310;17;1;1;14;3391;198;18;2;144
FR;6;2022-03-17;117;6;1;2;4;3508;204;19;4;148
FR;6;2022-03-18;215;10;0;0;6;3723;214;19;4;154
FR;6;2022-03-19;307;19;2;0;9;4030;233;21;4;163
FR;6;2022-03-20;15;5;0;0;1;4045;238;21;4;164
FR;6;2022-03-21;132;23;1;0;4;4177;261;22;4;168
FR;6;2022-03-22;97;15;0;0;4;4274;276;22;4;172
FR;6;2022-03-23;226;108;3;0;14;4500;384;25;4;186
FR;6;2022-03-24;100;15;1;3;4;4600;399;26;7;190
FR;6;2022-03-25;203;141;2;1;15;4803;540;28;8;205
FR;6;2022-03-26;331;295;7;1;19;5134;835;35;9;224
FR;6;2022-03-27;32;30;1;0;1;5166;865;36;9;225
FR;6;2022-03-28;200;208;8;1;17;5366;1073;44;10;242
FR;6;2022-03-29;124;189;12;2;12;5490;1262;56;12;254
FR;6;2022-03-30;305;476;10;2;22;5795;1738;66;14;276
FR;6;2022-03-31;123;140;10;0;14;5918;1878;76;14;290
FR;6;2022-04-01;195;150;11;2;23;6113;2028;87;16;313
FR;6;2022-04-02;205;241;9;1;13;6318;2269;96;17;326
FR;6;2022-04-03;17;21;0;0;1;6335;2290;96;17;327
FR;6;2022-04-04;137;114;6;1;9;6472;2404;102;18;336
FR;6;2022-04-05;145;88;15;1;11;6617;2492;117;19;347
FR;6;2022-04-06;204;245;22;26;27;6821;2737;139;45;374
FR;6;2022-04-07;127;96;15;9;17;6948;2833;154;54;391
FR;6;2022-04-08;199;170;16;3;17;7147;3003;170;57;408
FR;6;2022-04-09;145;139;6;12;13;7292;3142;176;69;421
FR;6;2022-04-10;10;20;3;0;1;7302;3162;179;69;422
FR;6;2022-04-11;101;106;4;0;5;7403;3268;183;69;427
FR;6;2022-04-12;136;75;5;8;10;7539;3343;188;77;437
FR;6;2022-04-13;162;175;7;5;13;7701;3518;195;82;450
FR;6;2022-04-14;100;103;5;10;8;7801;3621;200;92;458
FR;6;2022-04-15;158;148;11;7;19;7959;3769;211;99;477
FR;6;2022-04-16;127;132;5;0;14;8086;3901;216;99;491
FR;6;2022-04-17;8;9;4;0;4;8094;3910;220;99;495
FR;6;2022-04-18;8;15;3;0;4;8102;3925;223;99;499
FR;6;2022-04-19;97;112;4;3;3;8199;4037;227;102;502
FR;6;2022-04-20;177;227;8;7;15;8376;4264;235;109;517
FR;6;2022-04-21;111;93;8;4;11;8487;4357;243;113;528
FR;6;2022-04-22;138;160;13;12;13;8625;4517;256;125;541
FR;6;2022-04-23;106;129;1;1;7;8731;4646;257;126;548
FR;6;2022-04-24;5;21;1;0;0;8736;4667;258;126;548
FR;6;2022-04-25;91;128;3;8;11;8827;4795;261;134;559
FR;6;2022-04-26;101;128;18;2;16;8928;4923;279;136;575
FR;6;2022-04-27;197;159;21;1;27;9125;5082;300;137;602
FR;6;2022-04-28;109;87;7;1;8;9234;5169;307;138;610
FR;6;2022-04-29;191;168;16;2;20;9425;5337;323;140;630
FR;6;2022-04-30;133;125;7;1;24;9558;5462;330;141;654
FR;6;2022-05-01;7;6;0;0;0;9565;5468;330;141;654
FR;6;2022-05-02;94;65;3;4;3;9659;5533;333;145;657
FR;6;2022-05-03;136;92;11;2;7;9795;5625;344;147;664
FR;6;2022-05-04;167;118;25;12;29;9962;5743;369;159;693
FR;6;2022-05-05;101;70;8;3;12;10063;5813;377;162;705
FR;6;2022-05-06;152;110;10;9;16;10215;5923;387;171;721
FR;6;2022-05-07;139;93;13;3;23;10354;6016;400;174;744
FR;6;2022-05-08;20;8;6;5;7;10374;6024;406;179;751
FR;6;2022-05-09;86;78;9;7;13;10460;6102;415;186;764
FR;6;2022-05-10;111;80;15;7;12;10571;6182;430;193;776
FR;6;2022-05-11;130;124;11;14;20;10701;6306;441;207;796
FR;6;2022-05-12;105;76;7;5;15;10806;6382;448;212;811
FR;6;2022-05-13;154;97;17;21;22;10960;6479;465;233;833
FR;6;2022-05-14;81;60;6;7;15;11041;6539;471;240;848
FR;6;2022-05-15;12;7;0;0;0;11053;6546;471;240;848
FR;6;2022-05-16;64;54;6;2;12;11117;6600;477;242;860
FR;6;2022-05-17;123;77;5;7;11;11240;6677;482;249;871
FR;6;2022-05-18;131;116;5;1;13;11371;6793;487;250;884
FR;6;2022-05-19;124;57;6;8;9;11495;6850;493;258;893
FR;6;2022-05-20;126;115;13;3;18;11621;6965;506;261;911
FR;6;2022-05-21;92;69;14;3;12;11713;7034;520;264;923
FR;6;2022-05-22;19;12;5;0;4;11732;7046;525;264;927
FR;6;2022-05-23;77;72;4;2;7;11809;7118;529;266;934
FR;6;2022-05-24;116;98;8;2;16;11925;7216;537;268;950
FR;6;2022-05-25;139;129;6;3;11;12064;7345;543;271;961
FR;6;2022-05-26;7;9;3;0;9;12071;7354;546;271;970
FR;6;2022-05-27;127;105;15;11;18;12198;7459;561;282;988
FR;6;2022-05-28;53;75;1;5;8;12251;7534;562;287;996
FR;6;2022-05-29;8;10;0;0;1;12259;7544;562;287;997
FR;6;2022-05-30;70;70;7;4;4;12329;7614;569;291;1001
FR;6;2022-05-31;87;102;10;2;14;12416;7716;579;293;1015
FR;6;2022-06-01;97;89;10;1;11;12513;7805;589;294;1026
FR;6;2022-06-02;91;60;6;3;9;12604;7865;595;297;1035
FR;6;2022-06-03;126;102;13;7;21;12730;7967;608;304;1056
FR;6;2022-06-04;63;51;10;0;12;12793;8018;618;304;1068
FR;6;2022-06-05;16;15;2;1;4;12809;8033;620;305;1072
FR;6;2022-06-06;9;6;0;0;0;12818;8039;620;305;1072
FR;6;2022-06-07;79;90;3;4;8;12897;8129;623;309;1080
FR;6;2022-06-08;92;110;13;5;20;12989;8239;636;314;1100
FR;6;2022-06-09;75;81;15;3;15;13064;8320;651;317;1115
FR;6;2022-06-10;116;93;26;10;22;13180;8413;677;327;1137
FR;6;2022-06-11;83;62;6;10;12;13263;8475;683;337;1149
FR;6;2022-06-12;6;14;1;0;2;13269;8489;684;337;1151
FR;6;2022-06-13;74;59;18;1;7;13343;8548;702;338;1158
FR;6;2022-06-14;98;100;8;5;16;13441;8648;710;343;1174
FR;6;2022-06-15;80;85;7;8;15;13521;8733;717;351;1189
FR;6;2022-06-16;53;40;11;7;14;13574;8773;728;358;1203
FR;6;2022-06-17;85;85;3;13;11;13659;8858;731;371;1214
FR;6;2022-06-18;71;61;13;0;21;13730;8919;744;371;1235
FR;6;2022-06-19;6;6;3;0;4;13736;8925;747;371;1239
FR;6;2022-06-20;42;41;4;1;6;13778;8966;751;372;1245
FR;6;2022-06-21;59;73;10;7;17;13837;9039;761;379;1262
FR;6;2022-06-22;86;85;8;2;17;13923;9124;769;381;1279
FR;6;2022-06-23;64;39;13;7;15;13987;9163;782;388;1294
FR;6;2022-06-24;77;85;7;14;20;14064;9248;789;402;1314
FR;6;2022-06-25;67;61;4;3;8;14131;9309;793;405;1322
FR;6;2022-06-26;6;7;1;0;1;14137;9316;794;405;1323
FR;6;2022-06-27;53;50;4;9;12;14190;9366;798;414;1335
FR;6;2022-06-28;68;47;5;3;15;14258;9413;803;417;1350
FR;6;2022-06-29;97;117;26;37;19;14355;9530;829;454;1369
FR;6;2022-06-30;84;59;33;10;12;14439;9589;862;464;1381
FR;6;2022-07-01;113;94;25;33;18;14552;9683;887;497;1399
FR;6;2022-07-02;57;67;26;2;37;14609;9750;913;499;1436
FR;6;2022-07-03;11;4;4;3;4;14620;9754;917;502;1440
FR;6;2022-07-04;61;43;3;23;13;14681;9797;920;525;1453
FR;6;2022-07-05;65;53;19;67;27;14746;9850;939;592;1480
FR;6;2022-07-06;94;64;7;11;12;14840;9914;946;603;1492
FR;6;2022-07-07;93;79;42;37;14;14933;9993;988;640;1506
FR;6;2022-07-08;138;87;42;27;10;15071;10080;1030;667;1516
FR;6;2022-07-09;53;50;16;29;26;15124;10130;1046;696;1542
FR;6;2022-07-10;3;7;8;0;9;15127;10137;1054;696;1551
FR;6;2022-07-11;54;44;5;4;12;15181;10181;1059;700;1563
FR;6;2022-07-12;70;72;12;22;12;15251;10253;1071;722;1575
FR;6;2022-07-13;84;65;14;21;25;15335;10318;1085;743;1600
FR;6;2022-07-14;4;3;1;0;1;15339;10321;1086;743;1601
FR;6;2022-07-15;74;59;9;57;16;15413;10380;1095;800;1617
FR;6;2022-07-16;26;31;17;0;17;15439;10411;1112;800;1634
FR;6;2022-07-17;3;7;0;0;0;15442;10418;1112;800;1634
FR;6;2022-07-18;37;62;11;14;15;15479;10480;1123;814;1649
FR;6;2022-07-19;54;48;4;19;6;15533;10528;1127;833;1655
FR;6;2022-07-20;53;70;7;22;11;15586;10598;1134;855;1666
FR;6;2022-07-21;49;59;4;5;11;15635;10657;1138;860;1677
FR;6;2022-07-22;54;72;6;24;7;15689;10729;1144;884;1684
FR;6;2022-07-23;38;40;6;10;6;15727;10769;1150;894;1690
FR;6;2022-07-24;11;14;1;3;3;15738;10783;1151;897;1693
FR;6;2022-07-25;60;44;8;12;9;15798;10827;1159;909;1702
FR;6;2022-07-26;47;64;14;6;10;15845;10891;1173;915;1712
FR;6;2022-07-27;53;78;15;10;17;15898;10969;1188;925;1729
FR;6;2022-07-28;30;48;4;5;8;15928;11017;1192;930;1737
FR;6;2022-07-29;43;70;10;38;23;15971;11087;1202;968;1760
FR;6;2022-07-30;24;44;4;15;7;15995;11131;1206;983;1767
FR;6;2022-07-31;0;1;1;0;0;15995;11132;1207;983;1767
FR;6;2022-08-01;37;34;14;8;9;16032;11166;1221;991;1776
FR;6;2022-08-02;37;44;10;14;7;16069;11210;1231;1005;1783
FR;0;2020-12-27;609;0;0;0;0;609;0;0;0;0
FR;0;2020-12-28;681;1;0;0;0;1290;1;0;0;0
FR;0;2020-12-29;384;0;0;0;0;1674;1;0;0;0
FR;0;2020-12-30;442;0;0;0;0;2116;1;0;0;0
FR;0;2020-12-31;439;1;0;0;0;2555;2;0;0;0
FR;0;2021-01-01;1153;2;0;0;0;3708;4;0;0;0
FR;0;2021-01-02;362;3;0;0;0;4070;7;0;0;0
FR;0;2021-01-03;403;0;0;0;0;4473;7;0;0;0
FR;0;2021-01-04;2103;3;0;0;0;6576;10;0;0;0
FR;0;2021-01-05;7746;3;0;0;0;14322;13;0;0;0
FR;0;2021-01-06;12454;16;0;0;0;26776;29;0;0;0
FR;0;2021-01-07;29461;16;0;0;0;56237;45;0;0;0
FR;0;2021-01-08;37141;17;0;0;0;93378;62;0;0;0
FR;0;2021-01-09;11212;7;0;0;0;104590;69;0;0;0
FR;0;2021-01-10;6003;5;0;0;0;110593;74;0;0;0
FR;0;2021-01-11;39933;20;0;0;0;150526;94;0;0;0
FR;0;2021-01-12;62136;19;0;0;0;212662;113;0;0;0
FR;0;2021-01-13;65116;40;0;0;0;277778;153;0;0;0
FR;0;2021-01-14;83114;140;0;0;0;360892;293;0;0;0
FR;0;2021-01-15;69005;53;0;0;0;429897;346;0;0;0
FR;0;2021-01-16;20214;72;0;0;0;450111;418;0;0;0
FR;0;2021-01-17;10985;50;0;0;0;461096;468;0;0;0
FR;0;2021-01-18;85899;169;0;0;0;546995;637;0;0;0
FR;0;2021-01-19;130595;186;0;0;0;677590;823;0;0;0
FR;0;2021-01-20;137542;188;0;0;0;815132;1011;0;0;0
FR;0;2021-01-21;158399;180;0;0;0;973531;1191;0;0;0
FR;0;2021-01-22;121060;231;0;0;0;1094591;1422;0;0;0
FR;0;2021-01-23;38477;69;0;0;0;1133068;1491;0;0;0
FR;0;2021-01-24;9745;99;0;0;0;1142813;1590;0;0;0
FR;0;2021-01-25;78236;1329;0;0;0;1221049;2919;0;0;0
FR;0;2021-01-26;100375;3457;1;0;0;1321424;6376;1;0;0
FR;0;2021-01-27;107238;6071;0;0;0;1428662;12447;1;0;0
FR;0;2021-01-28;124349;15494;0;0;0;1553011;27941;1;0;0
FR;0;2021-01-29;92185;18063;0;0;0;1645196;46004;1;0;0
FR;0;2021-01-30;29121;4397;0;0;0;1674317;50401;1;0;0
FR;0;2021-01-31;5233;1806;0;0;0;1679550;52207;1;0;0
FR;0;2021-02-01;53121;21928;0;0;0;1732671;74135;1;0;0
FR;0;2021-02-02;72302;36570;0;0;0;1804973;110705;1;0;0
FR;0;2021-02-03;72303;38812;0;0;0;1877276;149517;1;0;0
FR;0;2021-02-04;82070;52808;0;0;0;1959346;202325;1;0;0
FR;0;2021-02-05;68227;46773;0;0;0;2027573;249098;1;0;0
FR;0;2021-02-06;23053;11026;0;0;0;2050626;260124;1;0;0
FR;0;2021-02-07;5186;5558;0;0;0;2055812;265682;1;0;0
FR;0;2021-02-08;46833;47529;0;0;0;2102645;313211;1;0;0
FR;0;2021-02-09;66003;75875;0;0;0;2168648;389086;1;0;0
FR;0;2021-02-10;71011;80628;0;0;0;2239659;469714;1;0;0
FR;0;2021-02-11;87274;102839;0;0;0;2326933;572553;1;0;0
FR;0;2021-02-12;79315;75446;0;0;0;2406248;647999;1;0;0
FR;0;2021-02-13;22377;19598;0;0;0;2428625;667597;1;0;0
FR;0;2021-02-14;5075;7354;0;0;0;2433700;674951;1;0;0
FR;0;2021-02-15;38089;76823;0;0;0;2471789;751774;1;0;0
FR;0;2021-02-16;50394;100596;0;0;0;2522183;852370;1;0;0
FR;0;2021-02-17;50528;105581;20;0;0;2572711;957951;21;0;0
FR;0;2021-02-18;69785;121776;0;0;0;2642496;1079727;21;0;0
FR;0;2021-02-19;65063;91579;1;0;0;2707559;1171306;22;0;0
FR;0;2021-02-20;18585;28688;0;0;0;2726144;1199994;22;0;0
FR;0;2021-02-21;3318;6200;0;0;0;2729462;1206194;22;0;0
FR;0;2021-02-22;37496;73361;2;0;0;2766958;1279555;24;0;0
FR;0;2021-02-23;53776;84954;1;0;0;2820734;1364509;25;0;0
FR;0;2021-02-24;60014;82278;1;0;0;2880748;1446787;26;0;0
FR;0;2021-02-25;100577;91458;1;0;0;2981325;1538245;27;0;0
FR;0;2021-02-26;113463;70758;1;0;0;3094788;1609003;28;0;0
FR;0;2021-02-27;52101;22311;1;0;0;3146889;1631314;29;0;0
FR;0;2021-02-28;6196;4216;2;0;0;3153085;1635530;31;0;0
FR;0;2021-03-01;65879;53704;1;0;0;3218964;1689234;32;0;0
FR;0;2021-03-02;101372;66955;3;0;0;3320336;1756189;35;0;0
FR;0;2021-03-03;116516;65453;0;0;0;3436852;1821642;35;0;0
FR;0;2021-03-04;163615;71306;3;0;0;3600467;1892948;38;0;0
FR;0;2021-03-05;200920;62900;3;0;0;3801387;1955848;41;0;0
FR;0;2021-03-06;207954;17631;3;0;0;4009341;1973479;44;0;0
FR;0;2021-03-07;121276;4623;1;0;0;4130617;1978102;45;0;0
FR;0;2021-03-08;107142;50078;2;0;0;4237759;2028180;47;0;0
FR;0;2021-03-09;172448;56368;2;0;0;4410207;2084548;49;0;0
FR;0;2021-03-10;178985;57162;5;0;0;4589192;2141710;54;0;0
FR;0;2021-03-11;242885;63832;2;0;0;4832077;2205542;56;0;0
FR;0;2021-03-12;294810;53430;1;0;0;5126887;2258972;57;0;0
FR;0;2021-03-13;231397;15277;1;0;0;5358284;2274249;58;0;0
FR;0;2021-03-14;63347;3208;1;0;0;5421631;2277457;59;0;0
FR;0;2021-03-15;158650;31973;3;0;0;5580281;2309430;62;0;0
FR;0;2021-03-16;141566;39018;6;0;0;5721847;2348448;68;0;0
FR;0;2021-03-17;150478;37932;4;0;0;5872325;2386380;72;0;0
FR;0;2021-03-18;167826;44464;5;0;0;6040151;2430844;77;0;0
FR;0;2021-03-19;229991;37044;2;0;0;6270142;2467888;79;0;0
FR;0;2021-03-20;166672;11501;1;0;0;6436814;2479389;80;0;0
FR;0;2021-03-21;49940;2323;1;0;0;6486754;2481712;81;0;0
FR;0;2021-03-22;170041;33906;2;0;0;6656795;2515618;83;0;0
FR;0;2021-03-23;250377;42357;1;0;0;6907172;2557975;84;0;0
FR;0;2021-03-24;256896;43645;0;0;0;7164068;2601620;84;0;0
FR;0;2021-03-25;341802;44972;5;0;0;7505870;2646592;89;0;0
FR;0;2021-03-26;358797;41913;5;1;0;7864667;2688505;94;1;0
FR;0;2021-03-27;195255;16865;1;0;0;8059922;2705370;95;1;0
FR;0;2021-03-28;59338;4333;3;0;0;8119260;2709703;98;1;0
FR;0;2021-03-29;202966;53695;4;0;0;8322226;2763398;102;1;0
FR;0;2021-03-30;285470;69899;5;0;0;8607696;2833297;107;1;0
FR;0;2021-03-31;263025;73596;4;0;0;8870721;2906893;111;1;0
FR;0;2021-04-01;315460;91000;11;0;0;9186181;2997893;122;1;0
FR;0;2021-04-02;281324;93767;7;0;0;9467505;3091660;129;1;0
FR;0;2021-04-03;141071;62240;6;0;0;9608576;3153900;135;1;0
FR;0;2021-04-04;46531;18871;2;0;0;9655107;3172771;137;1;0
FR;0;2021-04-05;63330;10649;11;0;0;9718437;3183420;148;1;0
FR;0;2021-04-06;217200;110966;17;0;0;9935637;3294386;165;1;0
FR;0;2021-04-07;260242;115288;17;0;0;10195879;3409674;182;1;0
FR;0;2021-04-08;337822;122292;14;0;0;10533701;3531966;196;1;0
FR;0;2021-04-09;410138;116683;49;0;0;10943839;3648649;245;1;0
FR;0;2021-04-10;212615;82741;15;0;0;11156454;3731390;260;1;0
FR;0;2021-04-11;56140;34313;7;0;0;11212594;3765703;267;1;0
FR;0;2021-04-12;237064;115552;46;0;0;11449658;3881255;313;1;0
FR;0;2021-04-13;309476;144337;98;1;0;11759134;4025592;411;2;0
FR;0;2021-04-14;294509;139470;214;0;0;12053643;4165062;625;2;0
FR;0;2021-04-15;337095;149406;338;0;0;12390738;4314468;963;2;0
FR;0;2021-04-16;339274;146338;353;0;0;12730012;4460806;1316;2;0
FR;0;2021-04-17;188651;89957;109;0;0;12918663;4550763;1425;2;0
FR;0;2021-04-18;51614;35385;47;0;0;12970277;4586148;1472;2;0
FR;0;2021-04-19;205678;138189;456;0;0;13175955;4724337;1928;2;0
FR;0;2021-04-20;254403;171265;569;0;0;13430358;4895602;2497;2;0
FR;0;2021-04-21;253250;169419;835;0;0;13683608;5065021;3332;2;0
FR;0;2021-04-22;287546;189368;818;0;0;13971154;5254389;4150;2;0
FR;0;2021-04-23;297837;183826;747;0;0;14268991;5438215;4897;2;0
FR;0;2021-04-24;190442;111720;252;0;0;14459433;5549935;5149;2;0
FR;0;2021-04-25;69555;38795;51;0;0;14528988;5588730;5200;2;0
FR;0;2021-04-26;220945;157254;562;0;0;14749933;5745984;5762;2;0
FR;0;2021-04-27;284597;187573;940;0;0;15034530;5933557;6702;2;0
FR;0;2021-04-28;299496;183801;1426;1;1;15334026;6117358;8128;3;1
FR;0;2021-04-29;357117;197185;1277;0;0;15691143;6314543;9405;3;1
FR;0;2021-04-30;372198;185294;1121;1;0;16063341;6499837;10526;4;1
FR;0;2021-05-01;167633;52495;178;0;0;16230974;6552332;10704;4;1
FR;0;2021-05-02;91733;37778;83;0;0;16322707;6590110;10787;4;1
FR;0;2021-05-03;288908;167250;842;0;0;16611615;6757360;11629;4;1
FR;0;2021-05-04;315653;224857;1232;0;0;16927268;6982217;12861;4;1
FR;0;2021-05-05;327174;225510;1314;0;0;17254442;7207727;14175;4;1
FR;0;2021-05-06;379500;240114;1632;0;0;17633942;7447841;15807;4;1
FR;0;2021-05-07;372740;257878;1222;0;0;18006682;7705719;17029;4;1
FR;0;2021-05-08;222155;69224;299;0;0;18228837;7774943;17328;4;1
FR;0;2021-05-09;129696;45659;243;0;0;18358533;7820602;17571;4;1
FR;0;2021-05-10;313373;229116;1235;0;0;18671906;8049718;18806;4;1
FR;0;2021-05-11;403885;257978;1564;0;0;19075791;8307696;20370;4;1
FR;0;2021-05-12;434093;233393;1542;0;0;19509884;8541089;21912;4;1
FR;0;2021-05-13;338589;56723;431;0;0;19848473;8597812;22343;4;1
FR;0;2021-05-14;454111;167367;1126;0;0;20302584;8765179;23469;4;1
FR;0;2021-05-15;374962;94176;443;0;0;20677546;8859355;23912;4;1
FR;0;2021-05-16;202745;20709;168;0;0;20880291;8880064;24080;4;1
FR;0;2021-05-17;376102;148767;1553;0;0;21256393;9028831;25633;4;1
FR;0;2021-05-18;460122;153522;1988;0;0;21716515;9182353;27621;4;1
FR;0;2021-05-19;467387;143764;2459;0;0;22183902;9326117;30080;4;1
FR;0;2021-05-20;507506;160297;2336;0;0;22691408;9486414;32416;4;1
FR;0;2021-05-21;489650;174743;1994;0;0;23181058;9661157;34410;4;1
FR;0;2021-05-22;347179;79987;668;0;0;23528237;9741144;35078;4;1
FR;0;2021-05-23;161687;14291;246;0;0;23689924;9755435;35324;4;1
FR;0;2021-05-24;263182;33170;604;0;0;23953106;9788605;35928;4;1
FR;0;2021-05-25;400261;189837;2351;1;0;24353367;9978442;38279;5;1
FR;0;2021-05-26;413446;189533;2221;0;0;24766813;10167975;40500;5;1
FR;0;2021-05-27;449786;219277;2161;0;0;25216599;10387252;42661;5;1
FR;0;2021-05-28;429532;260144;1892;0;0;25646131;10647396;44553;5;1
FR;0;2021-05-29;298974;149858;584;0;0;25945105;10797254;45137;5;1
FR;0;2021-05-30;107141;32565;163;0;0;26052246;10829819;45300;5;1
FR;0;2021-05-31;358026;203339;1468;1;1;26410272;11033158;46768;6;2
FR;0;2021-06-01;430987;251372;1961;1;1;26841259;11284530;48729;7;3
FR;0;2021-06-02;420080;231423;1984;0;0;27261339;11515953;50713;7;3
FR;0;2021-06-03;465585;258193;1823;0;0;27726924;11774146;52536;7;3
FR;0;2021-06-04;456202;305214;1732;1;1;28183126;12079360;54268;8;4
FR;0;2021-06-05;304792;189203;652;0;0;28487918;12268563;54920;8;4
FR;0;2021-06-06;133294;49040;226;0;0;28621212;12317603;55146;8;4
FR;0;2021-06-07;339770;261742;1525;0;0;28960982;12579345;56671;8;4
FR;0;2021-06-08;393812;290983;1803;0;0;29354794;12870328;58474;8;4
FR;0;2021-06-09;384834;274786;1729;0;0;29739628;13145114;60203;8;4
FR;0;2021-06-10;404146;288283;1724;1;0;30143774;13433397;61927;9;4
FR;0;2021-06-11;386624;356837;1467;0;0;30530398;13790234;63394;9;4
FR;0;2021-06-12;283248;211095;494;0;0;30813646;14001329;63888;9;4
FR;0;2021-06-13;104881;73886;204;0;0;30918527;14075215;64092;9;4
FR;0;2021-06-14;240818;354797;1426;1;0;31159345;14430012;65518;10;4
FR;0;2021-06-15;308123;385100;1568;1;0;31467468;14815112;67086;11;4
FR;0;2021-06-16;313961;357522;1418;1;0;31781429;15172634;68504;12;4
FR;0;2021-06-17;317660;372734;1426;1;0;32099089;15545368;69930;13;4
FR;0;2021-06-18;321726;442549;1336;1;0;32420815;15987917;71266;14;4
FR;0;2021-06-19;224337;273843;449;0;0;32645152;16261760;71715;14;4
FR;0;2021-06-20;74422;102457;129;0;0;32719574;16364217;71844;14;4
FR;0;2021-06-21;195740;401765;1037;1;1;32915314;16765982;72881;15;5
FR;0;2021-06-22;223177;467434;1264;10;2;33138491;17233416;74145;25;7
FR;0;2021-06-23;234009;439980;1197;1;1;33372500;17673396;75342;26;8
FR;0;2021-06-24;241847;409544;1355;0;0;33614347;18082940;76697;26;8
FR;0;2021-06-25;227621;522615;1400;0;0;33841968;18605555;78097;26;8
FR;0;2021-06-26;153235;370812;587;1;0;33995203;18976367;78684;27;8
FR;0;2021-06-27;55894;156110;168;1;0;34051097;19132477;78852;28;8
FR;0;2021-06-28;154754;452736;1174;0;0;34205851;19585213;80026;28;8
FR;0;2021-06-29;182674;507168;2124;0;0;34388525;20092381;82150;28;8
FR;0;2021-06-30;203986;484741;2014;21;2;34592511;20577122;84164;49;10
FR;0;2021-07-01;231318;458078;2223;5;1;34823829;21035200;86387;54;11
FR;0;2021-07-02;228568;520146;2120;5;2;35052397;21555346;88507;59;13
FR;0;2021-07-03;142037;368736;908;3;1;35194434;21924082;89415;62;14
FR;0;2021-07-04;56734;141122;265;0;0;35251168;22065204;89680;62;14
FR;0;2021-07-05;168476;419053;1668;8;2;35419644;22484257;91348;70;16
FR;0;2021-07-06;196744;474654;1829;45;8;35616388;22958911;93177;115;24
FR;0;2021-07-07;213138;439152;1878;25;4;35829526;23398063;95055;140;28
FR;0;2021-07-08;231615;424164;2089;20;6;36061141;23822227;97144;160;34
FR;0;2021-07-09;228568;510994;2184;4;2;36289709;24333221;99328;164;36
FR;0;2021-07-10;148596;339916;982;1;1;36438305;24673137;100310;165;37
FR;0;2021-07-11;60191;110127;283;0;0;36498496;24783264;100593;165;37
FR;0;2021-07-12;169252;478063;1760;4;0;36667748;25261327;102353;169;37
FR;0;2021-07-13;287233;527117;2046;8;1;36954981;25788444;104399;177;38
FR;0;2021-07-14;181059;157557;435;0;0;37136040;25946001;104834;177;38
FR;0;2021-07-15;347065;502177;2099;1;0;37483105;26448178;106933;178;38
FR;0;2021-07-16;380060;495564;2022;3;1;37863165;26943742;108955;181;39
FR;0;2021-07-17;259712;319721;876;1;0;38122877;27263463;109831;182;39
FR;0;2021-07-18;109703;114663;310;0;0;38232580;27378126;110141;182;39
FR;0;2021-07-19;285444;424545;1629;3;0;38518024;27802671;111770;185;39
FR;0;2021-07-20;376875;451944;1723;0;0;38894899;28254615;113493;185;39
FR;0;2021-07-21;395757;407480;1549;4;2;39290656;28662095;115042;189;41
FR;0;2021-07-22;441016;387786;1715;4;2;39731672;29049881;116757;193;43
FR;0;2021-07-23;440305;422739;1882;4;1;40171977;29472620;118639;197;44
FR;0;2021-07-24;285238;269444;804;1;0;40457215;29742064;119443;198;44
FR;0;2021-07-25;121100;79981;234;0;0;40578315;29822045;119677;198;44
FR;0;2021-07-26;347415;322754;1614;3;2;40925730;30144799;121291;201;46
FR;0;2021-07-27;464035;319858;1697;4;2;41389765;30464657;122988;205;48
FR;0;2021-07-28;459417;289665;1635;4;2;41849182;30754322;124623;209;50
FR;0;2021-07-29;489799;276596;1796;2;0;42338981;31030918;126419;211;50
FR;0;2021-07-30;461797;302643;1940;5;1;42800778;31333561;128359;216;51
FR;0;2021-07-31;285383;185079;914;1;0;43086161;31518640;129273;217;51
FR;0;2021-08-01;111989;49959;252;0;0;43198150;31568599;129525;217;51
FR;0;2021-08-02;341361;234393;1602;2;0;43539511;31802992;131127;219;51
FR;0;2021-08-03;398541;244773;1721;2;1;43938052;32047765;132848;221;52
FR;0;2021-08-04;384756;209889;1592;6;3;44322808;32257654;134440;227;55
FR;0;2021-08-05;366091;228677;1710;0;0;44688899;32486331;136150;227;55
FR;0;2021-08-06;359667;271542;1835;4;1;45048566;32757873;137985;231;56
FR;0;2021-08-07;213082;178363;755;4;3;45261648;32936236;138740;235;59
FR;0;2021-08-08;74165;63215;274;0;0;45335813;32999451;139014;235;59
FR;0;2021-08-09;258669;259153;1546;4;3;45594482;33258604;140560;239;62
FR;0;2021-08-10;306779;277580;1659;2;1;45901261;33536184;142219;241;63
FR;0;2021-08-11;279656;259933;1441;5;1;46180917;33796117;143660;246;64
FR;0;2021-08-12;271489;278384;1662;3;1;46452406;34074501;145322;249;65
FR;0;2021-08-13;252096;278079;1591;3;2;46704502;34352580;146913;252;67
FR;0;2021-08-14;145312;197199;739;0;0;46849814;34549779;147652;252;67
FR;0;2021-08-15;39342;50118;216;1;0;46889156;34599897;147868;253;67
FR;0;2021-08-16;186117;317879;1540;0;0;47075273;34917776;149408;253;67
FR;0;2021-08-17;215625;336223;1636;7;1;47290898;35253999;151044;260;68
FR;0;2021-08-18;198996;324613;1597;7;4;47489894;35578612;152641;267;72
FR;0;2021-08-19;191969;325621;1638;1;0;47681863;35904233;154279;268;72
FR;0;2021-08-20;186413;366390;1817;3;2;47868276;36270623;156096;271;74
FR;0;2021-08-21;104781;238124;705;0;0;47973057;36508747;156801;271;74
FR;0;2021-08-22;31905;87209;255;1;1;48004962;36595956;157056;272;75
FR;0;2021-08-23;140932;357154;1561;3;1;48145894;36953110;158617;275;76
FR;0;2021-08-24;162444;376821;1848;5;1;48308338;37329931;160465;280;77
FR;0;2021-08-25;151102;350839;2033;8;2;48459440;37680770;162498;288;79
FR;0;2021-08-26;142818;342818;2559;10;0;48602258;38023588;165057;298;79
FR;0;2021-08-27;148407;388300;2790;11;3;48750665;38411888;167847;309;82
FR;0;2021-08-28;90645;249585;1404;0;0;48841310;38661473;169251;309;82
FR;0;2021-08-29;27311;83359;518;1;0;48868621;38744832;169769;310;82
FR;0;2021-08-30;117374;324796;4711;6;5980;48985995;39069628;174480;316;6062
FR;0;2021-08-31;128740;334540;10185;19;11824;49114735;39404168;184665;335;17886
FR;0;2021-09-01;135984;285705;22428;7;24376;49250719;39689873;207093;342;42262
FR;0;2021-09-02;114196;247280;26513;20;28937;49364915;39937153;233606;362;71199
FR;0;2021-09-03;118265;292723;29962;24;33025;49483180;40229876;263568;386;104224
FR;0;2021-09-04;89873;217769;12585;12;14116;49573053;40447645;276153;398;118340
FR;0;2021-09-05;21352;44831;4395;2;4722;49594405;40492476;280548;400;123062
FR;0;2021-09-06;75392;180677;31950;16;34292;49669797;40673153;312498;416;157354
FR;0;2021-09-07;80264;181257;33241;43;36226;49750061;40854410;345739;459;193580
FR;0;2021-09-08;90956;206148;29660;28;32518;49841017;41060558;375399;487;226098
FR;0;2021-09-09;76882;165388;33058;27;36594;49917899;41225946;408457;514;262692
FR;0;2021-09-10;95976;203760;35733;28;40622;50013875;41429706;444190;542;303314
FR;0;2021-09-11;67131;169280;12138;19;14369;50081006;41598986;456328;561;317683
FR;0;2021-09-12;12820;32097;2774;1;3174;50093826;41631083;459102;562;320857
FR;0;2021-09-13;64513;126260;41222;34;44139;50158339;41757343;500324;596;364996
FR;0;2021-09-14;73421;129093;56358;79;62211;50231760;41886436;556682;675;427207
FR;0;2021-09-15;76556;167839;55653;58;54819;50308316;42054275;612335;733;482026
FR;0;2021-09-16;63818;114563;60064;83;60079;50372134;42168838;672399;816;542105
FR;0;2021-09-17;75025;156839;53845;71;57280;50447159;42325677;726244;887;599385
FR;0;2021-09-18;48211;139631;15601;25;17310;50495370;42465308;741845;912;616695
FR;0;2021-09-19;7878;23681;2436;1;2613;50503248;42488989;744281;913;619308
FR;0;2021-09-20;44513;93861;50073;72;50316;50547761;42582850;794354;985;669624
FR;0;2021-09-21;45861;98445;62751;76;63427;50593622;42681295;857105;1061;733051
FR;0;2021-09-22;48653;142387;55364;82;55397;50642275;42823682;912469;1143;788448
FR;0;2021-09-23;43235;92070;62380;94;63540;50685510;42915752;974849;1237;851988
FR;0;2021-09-24;52269;133352;54542;107;59167;50737779;43049104;1029391;1344;911155
FR;0;2021-09-25;35210;115609;16272;36;18294;50772989;43164713;1045663;1380;929449
FR;0;2021-09-26;5542;17802;2268;5;2327;50778531;43182515;1047931;1385;931776
FR;0;2021-09-27;33950;76959;47188;97;48151;50812481;43259474;1095119;1482;979927
FR;0;2021-09-28;36484;75267;54958;89;56517;50848965;43334741;1150077;1571;1036444
FR;0;2021-09-29;44376;100819;53339;112;54847;50893341;43435560;1203416;1683;1091291
FR;0;2021-09-30;36304;72933;57030;96;59550;50929645;43508493;1260446;1779;1150841
FR;0;2021-10-01;61672;102380;57802;108;63904;50991317;43610873;1318248;1887;1214745
FR;0;2021-10-02;39452;78420;20960;39;23348;51030769;43689293;1339208;1926;1238093
FR;0;2021-10-03;5282;10499;2528;4;2537;51036051;43699792;1341736;1930;1240630
FR;0;2021-10-04;35128;58539;52616;84;54818;51071179;43758331;1394352;2014;1295448
FR;0;2021-10-05;33845;64345;60999;135;64990;51105024;43822676;1455351;2149;1360438
FR;0;2021-10-06;42679;79318;65734;113;68303;51147703;43901994;1521085;2262;1428741
FR;0;2021-10-07;30507;62262;65416;90;68812;51178210;43964256;1586501;2352;1497553
FR;0;2021-10-08;49427;91896;77743;110;84697;51227637;44056152;1664244;2462;1582250
FR;0;2021-10-09;33646;60939;31536;35;33907;51261283;44117091;1695780;2497;1616157
FR;0;2021-10-10;4700;7441;3192;9;3481;51265983;44124532;1698972;2506;1619638
FR;0;2021-10-11;30681;49937;61037;105;64084;51296664;44174469;1760009;2611;1683722
FR;0;2021-10-12;31580;54480;70600;140;75936;51328244;44228949;1830609;2751;1759658
FR;0;2021-10-13;40089;62832;74423;136;79321;51368333;44291781;1905032;2887;1838979
FR;0;2021-10-14;30299;52888;68749;116;73799;51398632;44344669;1973781;3003;1912778
FR;0;2021-10-15;44883;75298;93232;191;102977;51443515;44419967;2067013;3194;2015755
FR;0;2021-10-16;31298;44110;36690;44;39627;51474813;44464077;2103703;3238;2055382
FR;0;2021-10-17;3839;5246;3593;2;3681;51478652;44469323;2107296;3240;2059063
FR;0;2021-10-18;28892;42422;67488;133;71355;51507544;44511745;2174784;3373;2130418
FR;0;2021-10-19;27145;45625;76398;140;81622;51534689;44557370;2251182;3513;2212040
FR;0;2021-10-20;35279;52456;96937;181;101517;51569968;44609826;2348119;3694;2313557
FR;0;2021-10-21;26105;45197;83950;112;89134;51596073;44655023;2432069;3806;2402691
FR;0;2021-10-22;38404;62494;104886;200;112573;51634477;44717517;2536955;4006;2515264
FR;0;2021-10-23;26997;41227;45456;57;48624;51661474;44758744;2582411;4063;2563888
FR;0;2021-10-24;2916;4779;3680;6;3926;51664390;44763523;2586091;4069;2567814
FR;0;2021-10-25;26003;36283;82324;144;86631;51690393;44799806;2668415;4213;2654445
FR;0;2021-10-26;23718;35054;87241;166;92351;51714111;44834860;2755656;4379;2746796
FR;0;2021-10-27;30068;46387;108998;257;114681;51744179;44881247;2864654;4636;2861477
FR;0;2021-10-28;23576;34966;88695;153;94462;51767755;44916213;2953349;4789;2955939
FR;0;2021-10-29;31561;51486;117312;204;125337;51799316;44967699;3070661;4993;3081276
FR;0;2021-10-30;20549;33231;50345;76;53385;51819865;45000930;3121006;5069;3134661
FR;0;2021-10-31;2487;3742;3588;3;3878;51822352;45004672;3124594;5072;3138539
FR;0;2021-11-01;8399;4862;3210;3;3574;51830751;45009534;3127804;5075;3142113
FR;0;2021-11-02;25846;40102;93573;156;99551;51856597;45049636;3221377;5231;3241664
FR;0;2021-11-03;30058;47985;118877;218;125849;51886655;45097621;3340254;5449;3367513
FR;0;2021-11-04;23767;37520;107557;217;114409;51910422;45135141;3447811;5666;3481922
FR;0;2021-11-05;32359;53000;141631;235;151355;51942781;45188141;3589442;5901;3633277
FR;0;2021-11-06;21512;34584;64876;123;68294;51964293;45222725;3654318;6024;3701571
FR;0;2021-11-07;2395;4189;5189;6;5587;51966688;45226914;3659507;6030;3707158
FR;0;2021-11-08;20579;37810;127185;227;134290;51987267;45264724;3786692;6257;3841448
FR;0;2021-11-09;22387;44774;161677;339;172236;52009654;45309498;3948369;6596;4013684
FR;0;2021-11-10;31558;55074;186995;446;198793;52041212;45364572;4135364;7042;4212477
FR;0;2021-11-11;4630;6762;12962;28;13955;52045842;45371334;4148326;7070;4226432
FR;0;2021-11-12;29063;55174;183767;252;197366;52074905;45426508;4332093;7322;4423798
FR;0;2021-11-13;20343;32684;80692;118;86313;52095248;45459192;4412785;7440;4510111
FR;0;2021-11-14;2351;3888;7171;6;7854;52097599;45463080;4419956;7446;4517965
FR;0;2021-11-15;20464;38718;160840;313;171563;52118063;45501798;4580796;7759;4689528
FR;0;2021-11-16;23615;43999;200402;392;215013;52141678;45545797;4781198;8151;4904541
FR;0;2021-11-17;30488;50400;199837;406;212875;52172166;45596197;4981035;8557;5117416
FR;0;2021-11-18;23421;45497;191660;469;205548;52195587;45641694;5172695;9026;5322964
FR;0;2021-11-19;33660;61460;243202;549;262176;52229247;45703154;5415897;9575;5585140
FR;0;2021-11-20;25397;36728;102151;206;109720;52254644;45739882;5518048;9781;5694860
FR;0;2021-11-21;2638;4517;9649;19;10629;52257282;45744399;5527697;9800;5705489
FR;0;2021-11-22;22791;33295;180367;470;194851;52280073;45777694;5708064;10270;5900340
FR;0;2021-11-23;25704;45641;229366;549;247822;52305777;45823335;5937430;10819;6148162
FR;0;2021-11-24;31793;53784;224792;715;243216;52337570;45877119;6162222;11534;6391378
FR;0;2021-11-25;25611;49205;255921;740;277741;52363181;45926324;6418143;12274;6669119
FR;0;2021-11-26;33245;74907;379470;864;414616;52396426;46001231;6797613;13138;7083735
FR;0;2021-11-27;23458;49725;214896;389;236672;52419884;46050956;7012509;13527;7320407
FR;0;2021-11-28;3503;10541;56754;66;63331;52423387;46061497;7069263;13593;7383738
FR;0;2021-11-29;19410;54207;341449;862;371690;52442797;46115704;7410712;14455;7755428
FR;0;2021-11-30;24768;72080;457369;988;500758;52467565;46187784;7868081;15443;8256186
FR;0;2021-12-01;27312;75881;469080;1159;511337;52494877;46263665;8337161;16602;8767523
FR;0;2021-12-02;22073;71873;527087;1280;574839;52516950;46335538;8864248;17882;9342362
FR;0;2021-12-03;25535;92856;596363;1419;651160;52542485;46428394;9460611;19301;9993522
FR;0;2021-12-04;18308;60550;336214;690;369779;52560793;46488944;9796825;19991;10363301
FR;0;2021-12-05;4152;16217;95776;157;107058;52564945;46505161;9892601;20148;10470359
FR;0;2021-12-06;27732;73049;493129;1173;539938;52592677;46578210;10385730;21321;11010297
FR;0;2021-12-07;23515;91595;645353;1772;706293;52616192;46669805;11031083;23093;11716590
FR;0;2021-12-08;25477;92331;591559;1874;647471;52641669;46762136;11622642;24967;12364061
FR;0;2021-12-09;24044;94287;663073;2179;726372;52665713;46856423;12285715;27146;13090433
FR;0;2021-12-10;28043;111229;736037;2075;806164;52693756;46967652;13021752;29221;13896597
FR;0;2021-12-11;20245;76195;435169;987;480383;52714001;47043847;13456921;30208;14376980
FR;0;2021-12-12;5629;23243;142294;262;159213;52719630;47067090;13599215;30470;14536193
FR;0;2021-12-13;21342;91171;587614;1698;649259;52740972;47158261;14186829;32168;15185452
FR;0;2021-12-14;27915;118659;765516;2654;847481;52768887;47276920;14952345;34822;16032933
FR;0;2021-12-15;28407;114528;694314;2265;769066;52797294;47391448;15646659;37087;16801999
FR;0;2021-12-16;28012;116035;763999;2558;844413;52825306;47507483;16410658;39645;17646412
FR;0;2021-12-17;31635;128800;807852;2709;892078;52856941;47636283;17218510;42354;18538490
FR;0;2021-12-18;24932;81712;469954;1178;522201;52881873;47717995;17688464;43532;19060691
FR;0;2021-12-19;8756;28749;169382;376;191105;52890629;47746744;17857846;43908;19251796
FR;0;2021-12-20;31716;97527;591461;1786;658733;52922345;47844271;18449307;45694;19910529
FR;0;2021-12-21;39449;112306;682392;2390;759562;52961794;47956577;19131699;48084;20670091
FR;0;2021-12-22;39515;99594;575740;2168;642131;53001309;48056171;19707439;50252;21312222
FR;0;2021-12-23;33769;79749;440975;1654;494391;53035078;48135920;20148414;51906;21806613
FR;0;2021-12-24;10686;26154;111017;398;126671;53045764;48162074;20259431;52304;21933284
FR;0;2021-12-25;774;3577;7586;25;9035;53046538;48165651;20267017;52329;21942319
FR;0;2021-12-26;4696;11896;52094;142;60140;53051234;48177547;20319111;52471;22002459
FR;0;2021-12-27;30445;84111;453532;1365;509156;53081679;48261658;20772643;53836;22511615
FR;0;2021-12-28;38358;99096;564143;1769;632243;53120037;48360754;21336786;55605;23143858
FR;0;2021-12-29;39862;88454;501179;1687;560982;53159899;48449208;21837965;57292;23704840
FR;0;2021-12-30;35914;75306;421013;1520;471142;53195813;48524514;22258978;58812;24175982
FR;0;2021-12-31;12043;25177;116864;405;131659;53207856;48549691;22375842;59217;24307641
FR;0;2022-01-01;1473;3213;8512;37;9942;53209329;48552904;22384354;59254;24317583
FR;0;2022-01-02;6091;12997;58414;125;66944;53215420;48565901;22442768;59379;24384527
FR;0;2022-01-03;35732;90286;494797;1593;551666;53251152;48656187;22937565;60972;24936193
FR;0;2022-01-04;41734;111138;641348;2306;714353;53292886;48767325;23578913;63278;25650546
FR;0;2022-01-05;60831;103644;569128;1981;634146;53353717;48870969;24148041;65259;26284692
FR;0;2022-01-06;44213;110423;638949;2696;711418;53397930;48981392;24786990;67955;26996110
FR;0;2022-01-07;50803;123392;710970;2807;790465;53448733;49104784;25497960;70762;27786575
FR;0;2022-01-08;45000;80347;423796;1213;472875;53493733;49185131;25921756;71975;28259450
FR;0;2022-01-09;15598;26652;128560;300;145681;53509331;49211783;26050316;72275;28405131
FR;0;2022-01-10;35311;93435;469272;1811;522719;53544642;49305218;26519588;74086;28927850
FR;0;2022-01-11;41825;100591;548203;2306;608460;53586467;49405809;27067791;76392;29536310
FR;0;2022-01-12;60324;95766;452643;1967;504322;53646791;49501575;27520434;78359;30040632
FR;0;2022-01-13;38194;92578;487315;2085;541020;53684985;49594153;28007749;80444;30581652
FR;0;2022-01-14;42546;103378;568559;2286;628966;53727531;49697531;28576308;82730;31210618
FR;0;2022-01-15;39381;65877;340121;985;377561;53766912;49763408;28916429;83715;31588179
FR;0;2022-01-16;11392;19235;87412;216;99426;53778304;49782643;29003841;83931;31687605
FR;0;2022-01-17;24707;60122;320262;1381;354163;53803011;49842765;29324103;85312;32041768
FR;0;2022-01-18;28281;68736;361051;1801;397541;53831292;49911501;29685154;87113;32439309
FR;0;2022-01-19;43185;67127;281258;1450;311067;53874477;49978628;29966412;88563;32750376
FR;0;2022-01-20;23591;59652;298972;1739;328472;53898068;50038280;30265384;90302;33078848
FR;0;2022-01-21;28179;68918;366337;2087;401172;53926247;50107198;30631721;92389;33480020
FR;0;2022-01-22;27618;47999;218781;839;241762;53953865;50155197;30850502;93228;33721782
FR;0;2022-01-23;6710;12999;48672;172;55177;53960575;50168196;30899174;93400;33776959
FR;0;2022-01-24;16259;47504;217278;1138;239322;53976834;50215700;31116452;94538;34016281
FR;0;2022-01-25;19010;54453;243013;1547;267067;53995844;50270153;31359465;96085;34283348
FR;0;2022-01-26;28143;60464;209258;1297;229436;54023987;50330617;31568723;97382;34512784
FR;0;2022-01-27;16316;46291;207629;1274;225909;54040303;50376908;31776352;98656;34738693
FR;0;2022-01-28;21567;77680;290032;1574;321420;54061870;50454588;32066384;100230;35060113
FR;0;2022-01-29;18414;52828;184113;688;204571;54080284;50507416;32250497;100918;35264684
FR;0;2022-01-30;4470;14512;39138;124;45095;54084754;50521928;32289635;101042;35309779
FR;0;2022-01-31;11248;43885;148190;739;164790;54096002;50565813;32437825;101781;35474569
FR;0;2022-02-01;13404;48354;174096;1142;191397;54109406;50614167;32611921;102923;35665966
FR;0;2022-02-02;20405;66320;171510;1034;190139;54129811;50680487;32783431;103957;35856105
FR;0;2022-02-03;11415;44715;157532;989;173319;54141226;50725202;32940963;104946;36029424
FR;0;2022-02-04;14607;66526;239229;1265;264171;54155833;50791728;33180192;106211;36293595
FR;0;2022-02-05;12886;51481;153536;523;172329;54168719;50843209;33333728;106734;36465924
FR;0;2022-02-06;2714;12197;28883;101;33833;54171433;50855406;33362611;106835;36499757
FR;0;2022-02-07;9526;46731;156852;587;176321;54180959;50902137;33519463;107422;36676078
FR;0;2022-02-08;9703;43011;166604;867;184391;54190662;50945148;33686067;108289;36860469
FR;0;2022-02-09;14310;58175;172328;870;193026;54204972;51003323;33858395;109159;37053495
FR;0;2022-02-10;8632;38887;150207;878;166676;54213604;51042210;34008602;110037;37220171
FR;0;2022-02-11;10851;55621;218471;1100;243060;54224455;51097831;34227073;111137;37463231
FR;0;2022-02-12;8377;40927;134710;461;151732;54232832;51138758;34361783;111598;37614963
FR;0;2022-02-13;1898;8593;26558;85;30917;54234730;51147351;34388341;111683;37645880
FR;0;2022-02-14;6973;35205;148354;482;166348;54241703;51182556;34536695;112165;37812228
FR;0;2022-02-15;6978;36125;146954;751;162534;54248681;51218681;34683649;112916;37974762
FR;0;2022-02-16;9373;42910;132516;720;146734;54258054;51261591;34816165;113636;38121496
FR;0;2022-02-17;5539;24266;87275;585;94843;54263593;51285857;34903440;114221;38216339
FR;0;2022-02-18;6983;33530;119631;804;129298;54270576;51319387;35023071;115025;38345637
FR;0;2022-02-19;5365;24535;70019;370;77327;54275941;51343922;35093090;115395;38422964
FR;0;2022-02-20;1142;4646;12163;39;13941;54277083;51348568;35105253;115434;38436905
FR;0;2022-02-21;4085;17874;61941;351;67170;54281168;51366442;35167194;115785;38504075
FR;0;2022-02-22;4438;18621;60807;575;64442;54285606;51385063;35228001;116360;38568517
FR;0;2022-02-23;6567;27316;66484;591;71884;54292173;51412379;35294485;116951;38640401
FR;0;2022-02-24;3828;15443;50415;517;53237;54296001;51427822;35344900;117468;38693638
FR;0;2022-02-25;5273;23932;76327;803;80059;54301274;51451754;35421227;118271;38773697
FR;0;2022-02-26;3984;17758;47401;359;51466;54305258;51469512;35468628;118630;38825163
FR;0;2022-02-27;878;3001;8030;47;8941;54306136;51472513;35476658;118677;38834104
FR;0;2022-02-28;3118;12507;40468;357;42903;54309254;51485020;35517126;119034;38877007
FR;0;2022-03-01;3734;12513;44173;435;44835;54312988;51497533;35561299;119469;38921842
FR;0;2022-03-02;5253;17722;47116;443;49047;54318241;51515255;35608415;119912;38970889
FR;0;2022-03-03;2755;9283;29876;367;29992;54320996;51524538;35638291;120279;39000881
FR;0;2022-03-04;3210;12351;40289;663;39437;54324206;51536889;35678580;120942;39040318
FR;0;2022-03-05;3065;9254;24948;310;25107;54327271;51546143;35703528;121252;39065425
FR;0;2022-03-06;515;1393;3194;43;3437;54327786;51547536;35706722;121295;39068862
FR;0;2022-03-07;2256;5593;18418;315;17686;54330042;51553129;35725140;121610;39086548
FR;0;2022-03-08;2067;6029;19431;359;17898;54332109;51559158;35744571;121969;39104446
FR;0;2022-03-09;3512;10461;22175;405;21268;54335621;51569619;35766746;122374;39125714
FR;0;2022-03-10;1751;5563;16968;342;15793;54337372;51575182;35783714;122716;39141507
FR;0;2022-03-11;2398;7526;24488;539;22251;54339770;51582708;35808202;123255;39163758
FR;0;2022-03-12;2659;6768;17158;306;16512;54342429;51589476;35825360;123561;39180270
FR;0;2022-03-13;390;785;2319;147;2269;54342819;51590261;35827679;123708;39182539
FR;0;2022-03-14;1525;4243;14968;4408;13821;54344344;51594504;35842647;128116;39196360
FR;0;2022-03-15;1660;5546;16354;7551;14573;54346004;51600050;35859001;135667;39210933
FR;0;2022-03-16;2987;7278;19412;13130;18083;54348991;51607328;35878413;148797;39229016
FR;0;2022-03-17;1411;3926;13125;10842;11970;54350402;51611254;35891538;159639;39240986
FR;0;2022-03-18;2254;5733;19980;18285;18072;54352656;51616987;35911518;177924;39259058
FR;0;2022-03-19;2287;4798;13110;9398;12412;54354943;51621785;35924628;187322;39271470
FR;0;2022-03-20;297;730;1916;1072;1928;54355240;51622515;35926544;188394;39273398
FR;0;2022-03-21;1361;3200;12711;14934;11932;54356601;51625715;35939255;203328;39285330
FR;0;2022-03-22;1473;3718;13786;20524;12543;54358074;51629433;35953041;223852;39297873
FR;0;2022-03-23;2659;6221;17696;23145;17210;54360733;51635654;35970737;246997;39315083
FR;0;2022-03-24;1380;3108;11579;17590;10653;54362113;51638762;35982316;264587;39325736
FR;0;2022-03-25;2056;5088;18536;27751;16869;54364169;51643850;36000852;292338;39342605
FR;0;2022-03-26;2221;4408;12072;12676;11513;54366390;51648258;36012924;305014;39354118
FR;0;2022-03-27;358;687;1903;1480;1936;54366748;51648945;36014827;306494;39356054
FR;0;2022-03-28;1431;3061;11110;17482;10604;54368179;51652006;36025937;323976;39366658
FR;0;2022-03-29;1432;3261;12895;27554;12036;54369611;51655267;36038832;351530;39378694
FR;0;2022-03-30;2835;5436;15665;27365;15062;54372446;51660703;36054497;378895;39393756
FR;0;2022-03-31;1606;3415;12967;24959;12300;54374052;51664118;36067464;403854;39406056
FR;0;2022-04-01;2627;4561;20037;30851;18671;54376679;51668679;36087501;434705;39424727
FR;0;2022-04-02;1514;2623;9044;10109;8702;54378193;51671302;36096545;444814;39433429
FR;0;2022-04-03;284;503;1561;1166;1577;54378477;51671805;36098106;445980;39435006
FR;0;2022-04-04;1688;2787;12350;19081;11548;54380165;51674592;36110456;465061;39446554
FR;0;2022-04-05;1692;3055;14315;34041;13164;54381857;51677647;36124771;499102;39459718
FR;0;2022-04-06;2082;3806;13511;26423;12777;54383939;51681453;36138282;525525;39472495
FR;0;2022-04-07;1461;3037;13642;33715;12852;54385400;51684490;36151924;559240;39485347
FR;0;2022-04-08;2036;4192;19192;43809;17803;54387436;51688682;36171116;603049;39503150
FR;0;2022-04-09;1361;2663;9304;13550;8855;54388797;51691345;36180420;616599;39512005
FR;0;2022-04-10;284;590;1978;2010;1997;54389081;51691935;36182398;618609;39514002
FR;0;2022-04-11;1225;2574;11846;23805;11449;54390306;51694509;36194244;642414;39525451
FR;0;2022-04-12;1625;2866;13981;40755;13349;54391931;51697375;36208225;683169;39538800
FR;0;2022-04-13;1907;3555;13380;33050;12996;54393838;51700930;36221605;716219;39551796
FR;0;2022-04-14;1466;2828;13161;36234;13007;54395304;51703758;36234766;752453;39564803
FR;0;2022-04-15;1831;3409;15591;35471;14850;54397135;51707167;36250357;787924;39579653
FR;0;2022-04-16;1037;1813;6383;8522;6234;54398172;51708980;36256740;796446;39585887
FR;0;2022-04-17;190;320;991;1171;1030;54398362;51709300;36257731;797617;39586917
FR;0;2022-04-18;165;518;2764;1068;2783;54398527;51709818;36260495;798685;39589700
FR;0;2022-04-19;1498;2980;12889;29494;12418;54400025;51712798;36273384;828179;39602118
FR;0;2022-04-20;1960;3416;13272;28968;12950;54401985;51716214;36286656;857147;39615068
FR;0;2022-04-21;1486;2797;12508;35035;12537;54403471;51719011;36299164;892182;39627605
FR;0;2022-04-22;1844;3562;16447;37515;15815;54405315;51722573;36315611;929697;39643420
FR;0;2022-04-23;1137;2044;7379;10651;7230;54406452;51724617;36322990;940348;39650650
FR;0;2022-04-24;249;446;1473;1588;1408;54406701;51725063;36324463;941936;39652058
FR;0;2022-04-25;1271;2489;10675;20945;10478;54407972;51727552;36335138;962881;39662536
FR;0;2022-04-26;1584;2975;13642;38530;13092;54409556;51730527;36348780;1001411;39675628
FR;0;2022-04-27;1928;3039;11513;30913;11573;54411484;51733566;36360293;1032324;39687201
FR;0;2022-04-28;1544;2691;12508;36022;12232;54413028;51736257;36372801;1068346;39699433
FR;0;2022-04-29;1978;3887;15535;37176;14895;54415006;51740144;36388336;1105522;39714328
FR;0;2022-04-30;1199;1811;6916;9692;6744;54416205;51741955;36395252;1115214;39721072
FR;0;2022-05-01;213;315;904;995;900;54416418;51742270;36396156;1116209;39721972
FR;0;2022-05-02;1337;2665;11106;18065;10904;54417755;51744935;36407262;1134274;39732876
FR;0;2022-05-03;1814;3158;13690;34535;13533;54419569;51748093;36420952;1168809;39746409
FR;0;2022-05-04;1859;3151;12141;25571;12252;54421428;51751244;36433093;1194380;39758661
FR;0;2022-05-05;1661;2769;13009;33352;12837;54423089;51754013;36446102;1227732;39771498
FR;0;2022-05-06;2093;3604;15304;36675;14788;54425182;51757617;36461406;1264407;39786286
FR;0;2022-05-07;1190;1763;6452;9602;6441;54426372;51759380;36467858;1274009;39792727
FR;0;2022-05-08;260;393;1169;1532;1228;54426632;51759773;36469027;1275541;39793955
FR;0;2022-05-09;1285;2248;9902;20220;9770;54427917;51762021;36478929;1295761;39803725
FR;0;2022-05-10;1691;2988;13500;38783;13046;54429608;51765009;36492429;1334544;39816771
FR;0;2022-05-11;1955;2835;10705;27802;10612;54431563;51767844;36503134;1362346;39827383
FR;0;2022-05-12;1544;2599;11317;35577;10976;54433107;51770443;36514451;1397923;39838359
FR;0;2022-05-13;1953;3164;13732;37723;13314;54435060;51773607;36528183;1435646;39851673
FR;0;2022-05-14;1139;1607;5933;10767;5791;54436199;51775214;36534116;1446413;39857464
FR;0;2022-05-15;279;446;1272;1431;1348;54436478;51775660;36535388;1447844;39858812
FR;0;2022-05-16;1171;1969;8658;20952;8654;54437649;51777629;36544046;1468796;39867466
FR;0;2022-05-17;1562;2528;11798;37727;11366;54439211;51780157;36555844;1506523;39878832
FR;0;2022-05-18;1779;2570;9652;27035;9626;54440990;51782727;36565496;1533558;39888458
FR;0;2022-05-19;1407;2581;10538;35685;10670;54442397;51785308;36576034;1569243;39899128
FR;0;2022-05-20;1860;3057;13385;39320;12871;54444257;51788365;36589419;1608563;39911999
FR;0;2022-05-21;1155;1688;5653;9896;5526;54445412;51790053;36595072;1618459;39917525
FR;0;2022-05-22;237;331;1023;1430;1009;54445649;51790384;36596095;1619889;39918534
FR;0;2022-05-23;1149;2026;8867;20303;8798;54446798;51792410;36604962;1640192;39927332
FR;0;2022-05-24;1523;2713;11329;38706;11180;54448321;51795123;36616291;1678898;39938512
FR;0;2022-05-25;1796;2762;9327;24774;9454;54450117;51797885;36625618;1703672;39947966
FR;0;2022-05-26;191;351;1649;1187;1659;54450308;51798236;36627267;1704859;39949625
FR;0;2022-05-27;1362;2406;9241;21255;8984;54451670;51800642;36636508;1726114;39958609
FR;0;2022-05-28;662;1243;3909;6781;3958;54452332;51801885;36640417;1732895;39962567
FR;0;2022-05-29;153;314;746;915;766;54452485;51802199;36641163;1733810;39963333
FR;0;2022-05-30;999;1923;6972;19229;6983;54453484;51804122;36648135;1753039;39970316
FR;0;2022-05-31;1478;2421;9798;35565;9626;54454962;51806543;36657933;1788604;39979942
FR;0;2022-06-01;1643;2820;10987;24366;10823;54456605;51809363;36668920;1812970;39990765
FR;0;2022-06-02;1444;2524;11287;35423;10822;54458049;51811887;36680207;1848393;40001587
FR;0;2022-06-03;1634;3001;13369;38668;12733;54459683;51814888;36693576;1887061;40014320
FR;0;2022-06-04;955;1506;5033;9100;5103;54460638;51816394;36698609;1896161;40019423
FR;0;2022-06-05;171;323;870;1103;880;54460809;51816717;36699479;1897264;40020303
FR;0;2022-06-06;203;524;2081;1245;2059;54461012;51817241;36701560;1898509;40022362
FR;0;2022-06-07;1348;2601;9816;35538;9398;54462360;51819842;36711376;1934047;40031760
FR;0;2022-06-08;1520;2618;9148;28686;8985;54463880;51822460;36720524;1962733;40040745
FR;0;2022-06-09;1261;2383;10580;39377;10210;54465141;51824843;36731104;2002110;40050955
FR;0;2022-06-10;1591;2852;13036;44698;12579;54466732;51827695;36744140;2046808;40063534
FR;0;2022-06-11;946;1719;5421;11610;5450;54467678;51829414;36749561;2058418;40068984
FR;0;2022-06-12;191;427;1065;1756;1128;54467869;51829841;36750626;2060174;40070112
FR;0;2022-06-13;1053;1973;7407;23136;7235;54468922;51831814;36758033;2083310;40077347
FR;0;2022-06-14;1292;2427;10403;44797;9756;54470214;51834241;36768436;2128107;40087103
FR;0;2022-06-15;1459;2327;9262;30825;8891;54471673;51836568;36777698;2158932;40095994
FR;0;2022-06-16;1149;1970;9858;39794;9266;54472822;51838538;36787556;2198726;40105260
FR;0;2022-06-17;1449;2792;12438;46559;11861;54474271;51841330;36799994;2245285;40117121
FR;0;2022-06-18;844;1500;4556;11115;4489;54475115;51842830;36804550;2256400;40121610
FR;0;2022-06-19;176;350;1054;1611;1125;54475291;51843180;36805604;2258011;40122735
FR;0;2022-06-20;999;1872;8867;26012;8524;54476290;51845052;36814471;2284023;40131259
FR;0;2022-06-21;1304;2359;10277;49814;9304;54477594;51847411;36824748;2333837;40140563
FR;0;2022-06-22;1356;2418;8879;38930;8363;54478950;51849829;36833627;2372767;40148926
FR;0;2022-06-23;1206;2292;10648;55017;9842;54480156;51852121;36844275;2427784;40158768
FR;0;2022-06-24;1467;2941;13569;69003;12238;54481623;51855062;36857844;2496787;40171006
FR;0;2022-06-25;918;1762;6208;19893;5962;54482541;51856824;36864052;2516680;40176968
FR;0;2022-06-26;225;450;1945;3685;1805;54482766;51857274;36865997;2520365;40178773
FR;0;2022-06-27;1113;1994;10455;48392;9595;54483879;51859268;36876452;2568757;40188368
FR;0;2022-06-28;1438;2778;14639;91173;13055;54485317;51862046;36891091;2659930;40201423
FR;0;2022-06-29;1684;2803;12249;71698;11193;54487001;51864849;36903340;2731628;40212616
FR;0;2022-06-30;1494;2576;14330;95003;12418;54488495;51867425;36917670;2826631;40225034
FR;0;2022-07-01;1894;3418;21026;115760;18342;54490389;51870843;36938696;2942391;40243376
FR;0;2022-07-02;1050;1840;8247;35706;7441;54491439;51872683;36946943;2978097;40250817
FR;0;2022-07-03;289;529;2073;6394;1870;54491728;51873212;36949016;2984491;40252687
FR;0;2022-07-04;1466;2561;14493;79116;12719;54493194;51875773;36963509;3063607;40265406
FR;0;2022-07-05;1664;3011;18676;132883;15848;54494858;51878784;36982185;3196490;40281254
FR;0;2022-07-06;1784;2660;15736;99260;13503;54496642;51881444;36997921;3295750;40294757
FR;0;2022-07-07;1657;2793;17860;125664;14628;54498299;51884237;37015781;3421414;40309385
FR;0;2022-07-08;1852;3103;20579;136725;16607;54500151;51887340;37036360;3558139;40325992
FR;0;2022-07-09;854;1438;7685;37819;6631;54501005;51888778;37044045;3595958;40332623
FR;0;2022-07-10;251;499;2337;6974;2119;54501256;51889277;37046382;3602932;40334742
FR;0;2022-07-11;1373;2377;14882;87949;12355;54502629;51891654;37061264;3690881;40347097
FR;0;2022-07-12;1736;3030;20363;143544;16564;54504365;51894684;37081627;3834425;40363661
FR;0;2022-07-13;1669;2607;15513;94131;13081;54506034;51897291;37097140;3928556;40376742
FR;0;2022-07-14;164;307;1878;5474;1749;54506198;51897598;37099018;3934030;40378491
FR;0;2022-07-15;1431;2481;14718;84200;12219;54507629;51900079;37113736;4018230;40390710
FR;0;2022-07-16;608;1146;5903;24884;5105;54508237;51901225;37119639;4043114;40395815
FR;0;2022-07-17;170;380;1668;4617;1506;54508407;51901605;37121307;4047731;40397321
FR;0;2022-07-18;1061;2098;11215;61587;9357;54509468;51903703;37132522;4109318;40406678
FR;0;2022-07-19;1386;2302;15273;103446;12102;54510854;51906005;37147795;4212764;40418780
FR;0;2022-07-20;1365;2204;12541;77254;10328;54512219;51908209;37160336;4290018;40429108
FR;0;2022-07-21;1237;2075;12819;87683;10235;54513456;51910284;37173155;4377701;40439343
FR;0;2022-07-22;1346;2357;14372;88935;11539;54514802;51912641;37187527;4466636;40450882
FR;0;2022-07-23;648;1248;5278;22329;4600;54515450;51913889;37192805;4488965;40455482
FR;0;2022-07-24;171;342;1361;3861;1199;54515621;51914231;37194166;4492826;40456681
FR;0;2022-07-25;1000;1717;9097;47783;7465;54516621;51915948;37203263;4540609;40464146
FR;0;2022-07-26;1264;2136;12998;84790;10459;54517885;51918084;37216261;4625399;40474605
FR;0;2022-07-27;1187;1930;9897;60631;8199;54519072;51920014;37226158;4686030;40482804
FR;0;2022-07-28;1037;1734;9939;63468;7830;54520109;51921748;37236097;4749498;40490634
FR;0;2022-07-29;1230;1905;10577;64874;8341;54521339;51923653;37246674;4814372;40498975
FR;0;2022-07-30;477;808;3428;15003;2898;54521816;51924461;37250102;4829375;40501873
FR;0;2022-07-31;128;267;872;2350;743;54521944;51924728;37250974;4831725;40502616
FR;0;2022-08-01;724;1197;5754;29412;4675;54522668;51925925;37256728;4861137;40507291
FR;0;2022-08-02;895;1450;7813;53916;6145;54523563;51927375;37264541;4915053;40513436
