fra;vaccin;jour;n_dose1;n_dose2;n_dose3;n_cum_dose1;n_cum_dose2;n_cum_dose3
FR;1;2020-12-27;413;0;0;413;0;0
FR;1;2020-12-28;428;0;0;841;0;0
FR;1;2020-12-29;273;0;0;1114;0;0
FR;1;2020-12-30;328;0;0;1442;0;0
FR;1;2020-12-31;256;0;0;1698;0;0
FR;1;2021-01-01;305;0;0;2003;0;0
FR;1;2021-01-02;249;0;0;2252;0;0
FR;1;2021-01-03;279;0;0;2531;0;0
FR;1;2021-01-04;1781;0;0;4312;0;0
FR;1;2021-01-05;5718;0;0;10030;0;0
FR;1;2021-01-06;11630;0;0;21660;0;0
FR;1;2021-01-07;29085;0;0;50745;0;0
FR;1;2021-01-08;36744;0;0;87489;0;0
FR;1;2021-01-09;11084;0;0;98573;0;0
FR;1;2021-01-10;5771;0;0;104344;0;0
FR;1;2021-01-11;39642;0;0;143986;0;0
FR;1;2021-01-12;61681;0;0;205667;0;0
FR;1;2021-01-13;64642;0;0;270309;0;0
FR;1;2021-01-14;80894;0;0;351203;0;0
FR;1;2021-01-15;68205;0;0;419408;0;0
FR;1;2021-01-16;19780;86;0;439188;86;0
FR;1;2021-01-17;10777;41;0;449965;127;0
FR;1;2021-01-18;82415;160;0;532380;287;0
FR;1;2021-01-19;125477;125;0;657857;412;0
FR;1;2021-01-20;131981;154;0;789838;566;0
FR;1;2021-01-21;152369;130;0;942207;696;0
FR;1;2021-01-22;115455;160;0;1057662;856;0
FR;1;2021-01-23;36446;50;0;1094108;906;0
FR;1;2021-01-24;9467;27;0;1103575;933;0
FR;1;2021-01-25;74049;1213;0;1177624;2146;0
FR;1;2021-01-26;96139;3104;0;1273763;5250;0
FR;1;2021-01-27;103354;5587;0;1377117;10837;0
FR;1;2021-01-28;120251;14338;0;1497368;25175;0
FR;1;2021-01-29;88576;17265;0;1585944;42440;0
FR;1;2021-01-30;27846;4218;0;1613790;46658;0
FR;1;2021-01-31;5067;1677;0;1618857;48335;0
FR;1;2021-02-01;48970;21109;0;1667827;69444;0
FR;1;2021-02-02;67302;34531;0;1735129;103975;0
FR;1;2021-02-03;66691;36934;0;1801820;140909;0
FR;1;2021-02-04;76673;50003;0;1878493;190912;0
FR;1;2021-02-05;63106;45281;0;1941599;236193;0
FR;1;2021-02-06;19276;10383;0;1960875;246576;0
FR;1;2021-02-07;3581;5035;0;1964456;251611;0
FR;1;2021-02-08;36208;45929;0;2000664;297540;0
FR;1;2021-02-09;50516;72329;0;2051180;369869;0
FR;1;2021-02-10;51549;76615;0;2102729;446484;0
FR;1;2021-02-11;62993;98978;0;2165722;545462;0
FR;1;2021-02-12;55472;73925;0;2221194;619387;0
FR;1;2021-02-13;15336;19252;0;2236530;638639;0
FR;1;2021-02-14;3599;7185;0;2240129;645824;0
FR;1;2021-02-15;23881;73370;0;2264010;719194;0
FR;1;2021-02-16;32435;96746;0;2296445;815940;0
FR;1;2021-02-17;34780;98505;1;2331225;914445;1
FR;1;2021-02-18;48973;113329;0;2380198;1027774;1
FR;1;2021-02-19;45063;86358;0;2425261;1114132;1
FR;1;2021-02-20;13246;26886;0;2438507;1141018;1
FR;1;2021-02-21;2321;6282;0;2440828;1147300;1
FR;1;2021-02-22;24419;69358;1;2465247;1216658;2
FR;1;2021-02-23;37128;80300;1;2502375;1296958;3
FR;1;2021-02-24;40245;77588;1;2542620;1374546;4
FR;1;2021-02-25;49747;87907;1;2592367;1462453;5
FR;1;2021-02-26;46763;67823;0;2639130;1530276;5
FR;1;2021-02-27;15492;20915;0;2654622;1551191;5
FR;1;2021-02-28;3417;4382;1;2658039;1555573;6
FR;1;2021-03-01;39397;48968;0;2697436;1604541;6
FR;1;2021-03-02;55444;61458;1;2752880;1665999;7
FR;1;2021-03-03;60455;60604;0;2813335;1726603;7
FR;1;2021-03-04;72344;64854;2;2885679;1791457;9
FR;1;2021-03-05;74052;59219;2;2959731;1850676;11
FR;1;2021-03-06;82069;16078;2;3041800;1866754;13
FR;1;2021-03-07;63426;5410;0;3105226;1872164;13
FR;1;2021-03-08;59583;42444;0;3164809;1914608;13
FR;1;2021-03-09;85384;48288;0;3250193;1962896;13
FR;1;2021-03-10;90036;48023;2;3340229;2010919;15
FR;1;2021-03-11;104231;53821;0;3444460;2064740;15
FR;1;2021-03-12;103335;45265;0;3547795;2110005;15
FR;1;2021-03-13;88535;12733;0;3636330;2122738;15
FR;1;2021-03-14;44140;3025;0;3680470;2125763;15
FR;1;2021-03-15;94747;29096;0;3775217;2154859;15
FR;1;2021-03-16;122919;34868;1;3898136;2189727;16
FR;1;2021-03-17;128676;34802;2;4026812;2224529;18
FR;1;2021-03-18;142155;39678;1;4168967;2264207;19
FR;1;2021-03-19;135537;32872;0;4304504;2297079;19
FR;1;2021-03-20;75584;10198;0;4380088;2307277;19
FR;1;2021-03-21;26190;2475;1;4406278;2309752;20
FR;1;2021-03-22;114007;31159;2;4520285;2340911;22
FR;1;2021-03-23;142207;38147;1;4662492;2379058;23
FR;1;2021-03-24;141163;38745;0;4803655;2417803;23
FR;1;2021-03-25;164225;39596;2;4967880;2457399;25
FR;1;2021-03-26;165687;37455;1;5133567;2494854;26
FR;1;2021-03-27;110463;15242;0;5244030;2510096;26
FR;1;2021-03-28;42039;3619;2;5286069;2513715;28
FR;1;2021-03-29;129264;49932;1;5415333;2563647;29
FR;1;2021-03-30;166852;63543;3;5582185;2627190;32
FR;1;2021-03-31;170077;66865;3;5752262;2694055;35
FR;1;2021-04-01;193059;79194;6;5945321;2773249;41
FR;1;2021-04-02;163530;84283;4;6108851;2857532;45
FR;1;2021-04-03;87647;58144;3;6196498;2915676;48
FR;1;2021-04-04;32682;17723;0;6229180;2933399;48
FR;1;2021-04-05;43065;10168;4;6272245;2943567;52
FR;1;2021-04-06;159147;100831;7;6431392;3044398;59
FR;1;2021-04-07;195570;108212;5;6626962;3152610;64
FR;1;2021-04-08;220484;112347;6;6847446;3264957;70
FR;1;2021-04-09;213133;107460;6;7060579;3372417;76
FR;1;2021-04-10;116479;73435;8;7177058;3445852;84
FR;1;2021-04-11;40433;30273;3;7217491;3476125;87
FR;1;2021-04-12;167371;103757;29;7384862;3579882;116
FR;1;2021-04-13;202483;128207;56;7587345;3708089;172
FR;1;2021-04-14;206837;122777;113;7794182;3830866;285
FR;1;2021-04-15;219658;126727;145;8013840;3957593;430
FR;1;2021-04-16;204950;125115;172;8218790;4082708;602
FR;1;2021-04-17;121429;67461;43;8340219;4150169;645
FR;1;2021-04-18;35550;20990;20;8375769;4171159;665
FR;1;2021-04-19;162690;121877;321;8538459;4293036;986
FR;1;2021-04-20;187979;148735;325;8726438;4441771;1311
FR;1;2021-04-21;192590;146674;482;8919028;4588445;1793
FR;1;2021-04-22;207625;162579;502;9126653;4751024;2295
FR;1;2021-04-23;197775;156894;429;9324428;4907918;2724
FR;1;2021-04-24;125545;95489;70;9449973;5003407;2794
FR;1;2021-04-25;53183;30124;23;9503156;5033531;2817
FR;1;2021-04-26;180155;138241;327;9683311;5171772;3144
FR;1;2021-04-27;220014;161923;573;9903325;5333695;3717
FR;1;2021-04-28;237013;155064;956;10140338;5488759;4673
FR;1;2021-04-29;268715;160014;834;10409053;5648773;5507
FR;1;2021-04-30;270418;148110;694;10679471;5796883;6201
FR;1;2021-05-01;138944;40703;103;10818415;5837586;6304
FR;1;2021-05-02;80815;28149;49;10899230;5865735;6353
FR;1;2021-05-03;248260;146420;515;11147490;6012155;6868
FR;1;2021-05-04;263410;186796;742;11410900;6198951;7610
FR;1;2021-05-05;280473;184523;736;11691373;6383474;8346
FR;1;2021-05-06;307008;182973;996;11998381;6566447;9342
FR;1;2021-05-07;281997;195675;690;12280378;6762122;10032
FR;1;2021-05-08;190591;48324;140;12470969;6810446;10172
FR;1;2021-05-09;113453;36199;87;12584422;6846645;10259
FR;1;2021-05-10;254402;194209;698;12838824;7040854;10957
FR;1;2021-05-11;316388;211340;934;13155212;7252194;11891
FR;1;2021-05-12;353506;185859;787;13508718;7438053;12678
FR;1;2021-05-13;281018;47629;225;13789736;7485682;12903
FR;1;2021-05-14;367583;128814;583;14157319;7614496;13486
FR;1;2021-05-15;295270;66130;201;14452589;7680626;13687
FR;1;2021-05-16;156818;15576;76;14609407;7696202;13763
FR;1;2021-05-17;316653;116658;854;14926060;7812860;14617
FR;1;2021-05-18;379842;111291;1096;15305902;7924151;15713
FR;1;2021-05-19;392728;102879;1392;15698630;8027030;17105
FR;1;2021-05-20;418737;96285;1216;16117367;8123315;18321
FR;1;2021-05-21;397165;97340;1033;16514532;8220655;19354
FR;1;2021-05-22;274110;42069;337;16788642;8262724;19691
FR;1;2021-05-23;122346;11202;134;16910988;8273926;19825
FR;1;2021-05-24;242672;26294;328;17153660;8300220;20153
FR;1;2021-05-25;363659;131905;1252;17517319;8432125;21405
FR;1;2021-05-26;378421;125652;1224;17895740;8557777;22629
FR;1;2021-05-27;403679;128179;1247;18299419;8685956;23876
FR;1;2021-05-28;363842;145512;995;18663261;8831468;24871
FR;1;2021-05-29;252749;80960;307;18916010;8912428;25178
FR;1;2021-05-30;100271;22562;91;19016281;8934990;25269
FR;1;2021-05-31;312458;148786;785;19328739;9083776;26054
FR;1;2021-06-01;353743;166744;1063;19682482;9250520;27117
FR;1;2021-06-02;358157;153217;1095;20040639;9403737;28212
FR;1;2021-06-03;384537;147724;948;20425176;9551461;29160
FR;1;2021-06-04;359856;175636;881;20785032;9727097;30041
FR;1;2021-06-05;256354;112773;358;21041386;9839870;30399
FR;1;2021-06-06;125203;37522;131;21166589;9877392;30530
FR;1;2021-06-07;296109;208151;805;21462698;10085543;31335
FR;1;2021-06-08;327187;221038;923;21789885;10306581;32258
FR;1;2021-06-09;332583;212643;1004;22122468;10519224;33262
FR;1;2021-06-10;338403;202231;1034;22460871;10721455;34296
FR;1;2021-06-11;309289;235498;738;22770160;10956953;35034
FR;1;2021-06-12;242251;150823;243;23012411;11107776;35277
FR;1;2021-06-13;99493;61063;106;23111904;11168839;35383
FR;1;2021-06-14;205375;289107;798;23317279;11457946;36181
FR;1;2021-06-15;253615;282486;834;23570894;11740432;37015
FR;1;2021-06-16;270601;270525;788;23841495;12010957;37803
FR;1;2021-06-17;265352;244473;714;24106847;12255430;38517
FR;1;2021-06-18;258169;296061;646;24365016;12551491;39163
FR;1;2021-06-19;192282;209637;221;24557298;12761128;39384
FR;1;2021-06-20;68872;89167;63;24626170;12850295;39447
FR;1;2021-06-21;170182;320061;554;24796352;13170356;40001
FR;1;2021-06-22;183725;347748;646;24980077;13518104;40647
FR;1;2021-06-23;201728;339453;644;25181805;13857557;41291
FR;1;2021-06-24;201303;281819;682;25383108;14139376;41973
FR;1;2021-06-25;179870;371967;705;25562978;14511343;42678
FR;1;2021-06-26;130224;278425;270;25693202;14789768;42948
FR;1;2021-06-27;51832;123028;80;25745034;14912796;43028
FR;1;2021-06-28;134999;368444;654;25880033;15281240;43682
FR;1;2021-06-29;153348;389610;1707;26033381;15670850;45389
FR;1;2021-06-30;178082;378381;1559;26211463;16049231;46948
FR;1;2021-07-01;195608;332188;1812;26407071;16381419;48760
FR;1;2021-07-02;188818;367824;1692;26595889;16749243;50452
FR;1;2021-07-03;122838;280582;684;26718727;17029825;51136
FR;1;2021-07-04;53214;113757;239;26771941;17143582;51375
FR;1;2021-07-05;150291;356243;1430;26922232;17499825;52805
FR;1;2021-07-06;170809;382764;1519;27093041;17882589;54324
FR;1;2021-07-07;187126;362776;1534;27280167;18245365;55858
FR;1;2021-07-08;198843;323144;1755;27479010;18568509;57613
FR;1;2021-07-09;187816;386748;1777;27666826;18955257;59390
FR;1;2021-07-10;128434;281030;779;27795260;19236287;60169
FR;1;2021-07-11;57029;102477;247;27852289;19338764;60416
FR;1;2021-07-12;147442;417043;1542;27999731;19755807;61958
FR;1;2021-07-13;232173;439694;1742;28231904;20195501;63700
FR;1;2021-07-14;170160;151627;404;28402064;20347128;64104
FR;1;2021-07-15;277062;424742;1781;28679126;20771870;65885
FR;1;2021-07-16;288373;401375;1644;28967499;21173245;67529
FR;1;2021-07-17;216224;282303;717;29183723;21455548;68246
FR;1;2021-07-18;101403;107459;283;29285126;21563007;68529
FR;1;2021-07-19;236529;379449;1452;29521655;21942456;69981
FR;1;2021-07-20;303710;381289;1409;29825365;22323745;71390
FR;1;2021-07-21;331293;353807;1362;30156658;22677552;72752
FR;1;2021-07-22;362428;319468;1455;30519086;22997020;74207
FR;1;2021-07-23;346048;343175;1507;30865134;23340195;75714
FR;1;2021-07-24;238340;241352;664;31103474;23581547;76378
FR;1;2021-07-25;112191;76153;211;31215665;23657700;76589
FR;1;2021-07-26;297891;290442;1453;31513556;23948142;78042
FR;1;2021-07-27;383814;268915;1411;31897370;24217057;79453
FR;1;2021-07-28;388225;251547;1426;32285595;24468604;80879
FR;1;2021-07-29;403980;227899;1501;32689575;24696503;82380
FR;1;2021-07-30;368713;246696;1593;33058288;24943199;83973
FR;1;2021-07-31;242766;164966;769;33301054;25108165;84742
FR;1;2021-08-01;103535;47211;207;33404589;25155376;84949
FR;1;2021-08-02;291869;212784;1429;33696458;25368160;86378
FR;1;2021-08-03;327205;209273;1469;34023663;25577433;87847
FR;1;2021-08-04;325561;184333;1377;34349224;25761766;89224
FR;1;2021-08-05;298848;193181;1426;34648072;25954947;90650
FR;1;2021-08-06;288730;224562;1510;34936802;26179509;92160
FR;1;2021-08-07;181382;158805;632;35118184;26338314;92792
FR;1;2021-08-08;67764;59152;218;35185948;26397466;93010
FR;1;2021-08-09;220869;235986;1385;35406817;26633452;94395
FR;1;2021-08-10;249417;240855;1421;35656234;26874307;95816
FR;1;2021-08-11;233650;232498;1199;35889884;27106805;97015
FR;1;2021-08-12;218611;239814;1417;36108495;27346619;98432
FR;1;2021-08-13;200044;236773;1318;36308539;27583392;99750
FR;1;2021-08-14;122044;174418;619;36430583;27757810;100369
FR;1;2021-08-15;34015;46201;167;36464598;27804011;100536
FR;1;2021-08-16;155196;289909;1348;36619794;28093920;101884
FR;1;2021-08-17;169467;291806;1358;36789261;28385726;103242
FR;1;2021-08-18;159505;286930;1337;36948766;28672656;104579
FR;1;2021-08-19;147343;277290;1327;37096109;28949946;105906
FR;1;2021-08-20;138285;307758;1425;37234394;29257704;107331
FR;1;2021-08-21;83558;213130;546;37317952;29470834;107877
FR;1;2021-08-22;28230;82706;197;37346182;29553540;108074
FR;1;2021-08-23;117481;320873;1364;37463663;29874413;109438
FR;1;2021-08-24;125416;319773;1528;37589079;30194186;110966
FR;1;2021-08-25;119832;306217;1694;37708911;30500403;112660
FR;1;2021-08-26;105184;285430;2090;37814095;30785833;114750
FR;1;2021-08-27;105974;320647;2250;37920069;31106480;117000
FR;1;2021-08-28;70304;220711;1059;37990373;31327191;118059
FR;1;2021-08-29;23867;77949;434;38014240;31405140;118493
FR;1;2021-08-30;95581;286162;4229;38109821;31691302;122722
FR;1;2021-08-31;97095;276307;9092;38206916;31967609;131814
FR;1;2021-09-01;98611;244659;20554;38305527;32212268;152368
FR;1;2021-09-02;76194;197708;23872;38381721;32409976;176240
FR;1;2021-09-03;78023;227287;26455;38459744;32637263;202695
FR;1;2021-09-04;69966;189581;10961;38529710;32826844;213656
FR;1;2021-09-05;18193;41203;4023;38547903;32868047;217679
FR;1;2021-09-06;53997;151504;29719;38601900;33019551;247398
FR;1;2021-09-07;51119;139499;29515;38653019;33159050;276913
FR;1;2021-09-08;65856;173598;26447;38718875;33332648;303360
FR;1;2021-09-09;49173;123958;27464;38768048;33456606;330824
FR;1;2021-09-10;60216;151567;29049;38828264;33608173;359873
FR;1;2021-09-11;50175;146458;9483;38878439;33754631;369356
FR;1;2021-09-12;10332;29192;2370;38888771;33783823;371726
FR;1;2021-09-13;45568;104422;37380;38934339;33888245;409106
FR;1;2021-09-14;49974;95761;49302;38984313;33984006;458408
FR;1;2021-09-15;55983;138769;48890;39040296;34122775;507298
FR;1;2021-09-16;43489;80934;51044;39083785;34203709;558342
FR;1;2021-09-17;50031;108977;43687;39133816;34312686;602029
FR;1;2021-09-18;35936;118141;11539;39169752;34430827;613568
FR;1;2021-09-19;6081;21028;1927;39175833;34451855;615495
FR;1;2021-09-20;32306;74511;44509;39208139;34526366;660004
FR;1;2021-09-21;31990;68049;53779;39240129;34594415;713783
FR;1;2021-09-22;36171;117221;47647;39276300;34711636;761430
FR;1;2021-09-23;29938;61422;51556;39306238;34773058;812986
FR;1;2021-09-24;34583;88532;41578;39340821;34861590;854564
FR;1;2021-09-25;25394;96045;12076;39366215;34957635;866640
FR;1;2021-09-26;3979;15194;1698;39370194;34972829;868338
FR;1;2021-09-27;25538;59799;41339;39395732;35032628;909677
FR;1;2021-09-28;25157;48524;44683;39420889;35081152;954360
FR;1;2021-09-29;33965;79752;44662;39454854;35160904;999022
FR;1;2021-09-30;23974;44346;44688;39478828;35205250;1043710
FR;1;2021-10-01;31236;62778;43148;39510064;35268028;1086858
FR;1;2021-10-02;28374;61785;15872;39538438;35329813;1102730
FR;1;2021-10-03;3941;8578;1954;39542379;35338391;1104684
FR;1;2021-10-04;21661;43514;45546;39564040;35381905;1150230
FR;1;2021-10-05;19712;41124;47023;39583752;35423029;1197253
FR;1;2021-10-06;30564;60621;55207;39614316;35483650;1252460
FR;1;2021-10-07;18577;39058;49947;39632893;35522708;1302407
FR;1;2021-10-08;29700;58955;57752;39662593;35581663;1360159
FR;1;2021-10-09;25885;47574;24959;39688478;35629237;1385118
FR;1;2021-10-10;2913;5378;2625;39691391;35634615;1387743
FR;1;2021-10-11;21101;37760;51937;39712492;35672375;1439680
FR;2;2020-12-27;0;0;0;0;0;0
FR;2;2020-12-28;0;0;0;0;0;0
FR;2;2020-12-29;0;0;0;0;0;0
FR;2;2020-12-30;0;0;0;0;0;0
FR;2;2020-12-31;0;0;0;0;0;0
FR;2;2021-01-01;0;0;0;0;0;0
FR;2;2021-01-02;0;0;0;0;0;0
FR;2;2021-01-03;0;0;0;0;0;0
FR;2;2021-01-04;0;0;0;0;0;0
FR;2;2021-01-05;0;0;0;0;0;0
FR;2;2021-01-06;0;0;0;0;0;0
FR;2;2021-01-07;0;0;0;0;0;0
FR;2;2021-01-08;0;0;0;0;0;0
FR;2;2021-01-09;0;0;0;0;0;0
FR;2;2021-01-10;0;0;0;0;0;0
FR;2;2021-01-11;0;0;0;0;0;0
FR;2;2021-01-12;0;0;0;0;0;0
FR;2;2021-01-13;0;0;0;0;0;0
FR;2;2021-01-14;1190;0;0;1190;0;0
FR;2;2021-01-15;328;0;0;1518;0;0
FR;2;2021-01-16;262;0;0;1780;0;0
FR;2;2021-01-17;49;0;0;1829;0;0
FR;2;2021-01-18;3024;0;0;4853;0;0
FR;2;2021-01-19;4628;0;0;9481;0;0
FR;2;2021-01-20;5068;0;0;14549;0;0
FR;2;2021-01-21;5263;0;0;19812;0;0
FR;2;2021-01-22;5041;0;0;24853;0;0
FR;2;2021-01-23;1831;0;0;26684;0;0
FR;2;2021-01-24;149;0;0;26833;0;0
FR;2;2021-01-25;3742;0;0;30575;0;0
FR;2;2021-01-26;3841;0;0;34416;0;0
FR;2;2021-01-27;3530;0;0;37946;0;0
FR;2;2021-01-28;3649;0;0;41595;0;0
FR;2;2021-01-29;3209;0;0;44804;0;0
FR;2;2021-01-30;1109;0;0;45913;0;0
FR;2;2021-01-31;27;0;0;45940;0;0
FR;2;2021-02-01;3331;0;0;49271;0;0
FR;2;2021-02-02;4411;0;0;53682;0;0
FR;2;2021-02-03;5153;0;0;58835;0;0
FR;2;2021-02-04;4845;4;0;63680;4;0
FR;2;2021-02-05;4734;6;0;68414;10;0
FR;2;2021-02-06;1992;3;0;70406;13;0
FR;2;2021-02-07;80;0;0;70486;13;0
FR;2;2021-02-08;7483;8;0;77969;21;0
FR;2;2021-02-09;8348;15;0;86317;36;0
FR;2;2021-02-10;9249;50;0;95566;86;0
FR;2;2021-02-11;10172;66;0;105738;152;0
FR;2;2021-02-12;9940;237;0;115678;389;0
FR;2;2021-02-13;3082;221;0;118760;610;0
FR;2;2021-02-14;329;0;0;119089;610;0
FR;2;2021-02-15;3404;3064;0;122493;3674;0
FR;2;2021-02-16;5011;3876;0;127504;7550;0
FR;2;2021-02-17;4190;4398;0;131694;11948;0
FR;2;2021-02-18;5333;5087;0;137027;17035;0
FR;2;2021-02-19;5273;4323;0;142300;21358;0
FR;2;2021-02-20;1815;1508;0;144115;22866;0
FR;2;2021-02-21;216;86;0;144331;22952;0
FR;2;2021-02-22;3574;3721;0;147905;26673;0
FR;2;2021-02-23;4896;3688;0;152801;30361;0
FR;2;2021-02-24;4923;3463;0;157724;33824;0
FR;2;2021-02-25;5397;3423;0;163121;37247;0
FR;2;2021-02-26;4301;3121;0;167422;40368;0
FR;2;2021-02-27;1580;1042;0;169002;41410;0
FR;2;2021-02-28;144;28;0;169146;41438;0
FR;2;2021-03-01;5060;3764;0;174206;45202;0
FR;2;2021-03-02;6423;4723;0;180629;49925;0
FR;2;2021-03-03;6430;4881;0;187059;54806;0
FR;2;2021-03-04;8266;3961;0;195325;58767;0
FR;2;2021-03-05;7914;4053;0;203239;62820;0
FR;2;2021-03-06;4711;1681;0;207950;64501;0
FR;2;2021-03-07;2343;29;0;210293;64530;0
FR;2;2021-03-08;4088;8307;0;214381;72837;0
FR;2;2021-03-09;7395;8421;1;221776;81258;1
FR;2;2021-03-10;6980;9103;0;228756;90361;1
FR;2;2021-03-11;9271;9197;0;238027;99558;1
FR;2;2021-03-12;7865;8157;0;245892;107715;1
FR;2;2021-03-13;9975;2510;0;255867;110225;1
FR;2;2021-03-14;4809;400;0;260676;110625;1
FR;2;2021-03-15;10796;3481;0;271472;114106;1
FR;2;2021-03-16;16640;4619;0;288112;118725;1
FR;2;2021-03-17;20083;3952;0;308195;122677;1
FR;2;2021-03-18;23205;4902;0;331400;127579;1
FR;2;2021-03-19;23140;4534;0;354540;132113;1
FR;2;2021-03-20;25323;1538;0;379863;133651;1
FR;2;2021-03-21;17595;147;0;397458;133798;1
FR;2;2021-03-22;17623;3077;0;415081;136875;1
FR;2;2021-03-23;22500;4180;0;437581;141055;1
FR;2;2021-03-24;23774;4985;0;461355;146040;1
FR;2;2021-03-25;26553;5018;0;487908;151058;1
FR;2;2021-03-26;26803;4262;0;514711;155320;1
FR;2;2021-03-27;15817;1308;0;530528;156628;1
FR;2;2021-03-28;10511;92;0;541039;156720;1
FR;2;2021-03-29;18846;4277;0;559885;160997;1
FR;2;2021-03-30;24376;6015;0;584261;167012;1
FR;2;2021-03-31;28389;5952;0;612650;172964;1
FR;2;2021-04-01;34315;8476;0;646965;181440;1
FR;2;2021-04-02;29790;7679;0;676755;189119;1
FR;2;2021-04-03;16853;3578;0;693608;192697;1
FR;2;2021-04-04;9237;918;1;702845;193615;2
FR;2;2021-04-05;12283;807;0;715128;194422;2
FR;2;2021-04-06;26944;6924;0;742072;201346;2
FR;2;2021-04-07;30754;7152;0;772826;208498;2
FR;2;2021-04-08;36694;8815;0;809520;217313;2
FR;2;2021-04-09;33652;8590;27;843172;225903;29
FR;2;2021-04-10;19571;8969;0;862743;234872;29
FR;2;2021-04-11;7869;4270;0;870612;239142;29
FR;2;2021-04-12;16966;11248;0;887578;250390;29
FR;2;2021-04-13;19299;16416;1;906877;266806;30
FR;2;2021-04-14;17855;16276;2;924732;283082;32
FR;2;2021-04-15;22021;20751;25;946753;303833;57
FR;2;2021-04-16;20552;20068;39;967305;323901;96
FR;2;2021-04-17;13149;22455;3;980454;346356;99
FR;2;2021-04-18;5844;14403;3;986298;360759;102
FR;2;2021-04-19;16618;16250;17;1002916;377009;119
FR;2;2021-04-20;19100;21569;24;1022016;398578;143
FR;2;2021-04-21;20041;21659;45;1042057;420237;188
FR;2;2021-04-22;23576;24850;18;1065633;445087;206
FR;2;2021-04-23;24336;25346;64;1089969;470433;270
FR;2;2021-04-24;25161;15102;17;1115130;485535;287
FR;2;2021-04-25;9539;8587;5;1124669;494122;292
FR;2;2021-04-26;17002;17196;14;1141671;511318;306
FR;2;2021-04-27;19107;24296;32;1160778;535614;338
FR;2;2021-04-28;22176;26176;97;1182954;561790;435
FR;2;2021-04-29;25292;30124;54;1208246;591914;489
FR;2;2021-04-30;25406;27766;32;1233652;619680;521
FR;2;2021-05-01;14873;9856;3;1248525;629536;524
FR;2;2021-05-02;6571;9181;2;1255096;638717;526
FR;2;2021-05-03;19831;19315;15;1274927;658032;541
FR;2;2021-05-04;18123;29047;14;1293050;687079;555
FR;2;2021-05-05;18093;29402;25;1311143;716481;580
FR;2;2021-05-06;23316;35280;91;1334459;751761;671
FR;2;2021-05-07;25046;33218;69;1359505;784979;740
FR;2;2021-05-08;21154;9700;7;1380659;794679;747
FR;2;2021-05-09;13078;7891;2;1393737;802570;749
FR;2;2021-05-10;32639;22209;21;1426376;824779;770
FR;2;2021-05-11;43271;21065;43;1469647;845844;813
FR;2;2021-05-12;49679;19894;72;1519326;865738;885
FR;2;2021-05-13;50986;5765;13;1570312;871503;898
FR;2;2021-05-14;60989;12947;80;1631301;884450;978
FR;2;2021-05-15;65589;7147;12;1696890;891597;990
FR;2;2021-05-16;43321;2575;4;1740211;894172;994
FR;2;2021-05-17;44446;12581;53;1784657;906753;1047
FR;2;2021-05-18;54299;12242;70;1838956;918995;1117
FR;2;2021-05-19;56810;10609;125;1895766;929604;1242
FR;2;2021-05-20;63033;10872;138;1958799;940476;1380
FR;2;2021-05-21;63915;11659;118;2022714;952135;1498
FR;2;2021-05-22;61206;4513;30;2083920;956648;1528
FR;2;2021-05-23;37318;570;9;2121238;957218;1537
FR;2;2021-05-24;17008;2030;19;2138246;959248;1556
FR;2;2021-05-25;20813;12235;144;2159059;971483;1700
FR;2;2021-05-26;19592;11453;148;2178651;982936;1848
FR;2;2021-05-27;22679;12659;123;2201330;995595;1971
FR;2;2021-05-28;29117;14974;124;2230447;1010569;2095
FR;2;2021-05-29;30223;8181;33;2260670;1018750;2128
FR;2;2021-05-30;4559;1809;2;2265229;1020559;2130
FR;2;2021-05-31;28367;18746;115;2293596;1039305;2245
FR;2;2021-06-01;45286;20064;146;2338882;1059369;2391
FR;2;2021-06-02;37190;19303;98;2376072;1078672;2489
FR;2;2021-06-03;50944;23376;93;2427016;1102048;2582
FR;2;2021-06-04;65212;24091;131;2492228;1126139;2713
FR;2;2021-06-05;34304;24035;22;2526532;1150174;2735
FR;2;2021-06-06;4839;6201;4;2531371;1156375;2739
FR;2;2021-06-07;27901;23092;88;2559272;1179467;2827
FR;2;2021-06-08;46097;22954;89;2605369;1202421;2916
FR;2;2021-06-09;34046;20911;53;2639415;1223332;2969
FR;2;2021-06-10;42378;19151;34;2681793;1242483;3003
FR;2;2021-06-11;55056;25244;70;2736849;1267727;3073
FR;2;2021-06-12;30402;19810;28;2767251;1287537;3101
FR;2;2021-06-13;3240;9187;4;2770491;1296724;3105
FR;2;2021-06-14;25107;24185;50;2795598;1320909;3155
FR;2;2021-06-15;38787;22883;71;2834385;1343792;3226
FR;2;2021-06-16;29970;21479;88;2864355;1365271;3314
FR;2;2021-06-17;36675;25897;77;2901030;1391168;3391
FR;2;2021-06-18;46673;28796;64;2947703;1419964;3455
FR;2;2021-06-19;24421;24915;21;2972124;1444879;3476
FR;2;2021-06-20;3602;10069;5;2975726;1454948;3481
FR;2;2021-06-21;17333;42764;51;2993059;1497712;3532
FR;2;2021-06-22;28186;49606;70;3021245;1547318;3602
FR;2;2021-06-23;21641;49612;65;3042886;1596930;3667
FR;2;2021-06-24;28244;50299;87;3071130;1647229;3754
FR;2;2021-06-25;33246;60416;83;3104376;1707645;3837
FR;2;2021-06-26;16262;59279;28;3120638;1766924;3865
FR;2;2021-06-27;2513;29350;12;3123151;1796274;3877
FR;2;2021-06-28;12490;54368;40;3135641;1850642;3917
FR;2;2021-06-29;19732;59893;174;3155373;1910535;4091
FR;2;2021-06-30;16204;57762;214;3171577;1968297;4305
FR;2;2021-07-01;20274;59909;212;3191851;2028206;4517
FR;2;2021-07-02;23887;62213;181;3215738;2090419;4698
FR;2;2021-07-03;11995;57099;155;3227733;2147518;4853
FR;2;2021-07-04;1902;23331;20;3229635;2170849;4873
FR;2;2021-07-05;8993;29362;101;3238628;2200211;4974
FR;2;2021-07-06;14398;36203;129;3253026;2236414;5103
FR;2;2021-07-07;14134;33679;135;3267160;2270093;5238
FR;2;2021-07-08;19507;40294;159;3286667;2310387;5397
FR;2;2021-07-09;26919;54278;194;3313586;2364665;5591
FR;2;2021-07-10;13259;33673;108;3326845;2398338;5699
FR;2;2021-07-11;1641;4329;12;3328486;2402667;5711
FR;2;2021-07-12;12812;37278;110;3341298;2439945;5821
FR;2;2021-07-13;36942;53277;151;3378240;2493222;5972
FR;2;2021-07-14;6418;3576;14;3384658;2496798;5986
FR;2;2021-07-15;47003;47046;150;3431661;2543844;6136
FR;2;2021-07-16;64093;55868;183;3495754;2599712;6319
FR;2;2021-07-17;31427;23952;95;3527181;2623664;6414
FR;2;2021-07-18;5988;4946;18;3533169;2628610;6432
FR;2;2021-07-19;32821;28728;89;3565990;2657338;6521
FR;2;2021-07-20;51787;44597;145;3617777;2701935;6666
FR;2;2021-07-21;45029;34832;90;3662806;2736767;6756
FR;2;2021-07-22;56047;41104;123;3718853;2777871;6879
FR;2;2021-07-23;68096;49135;168;3786949;2827006;7047
FR;2;2021-07-24;36009;21554;79;3822958;2848560;7126
FR;2;2021-07-25;6646;2678;10;3829604;2851238;7136
FR;2;2021-07-26;36109;22502;88;3865713;2873740;7224
FR;2;2021-07-27;62147;34652;178;3927860;2908392;7402
FR;2;2021-07-28;55074;26488;129;3982934;2934880;7531
FR;2;2021-07-29;68170;32791;182;4051104;2967671;7713
FR;2;2021-07-30;74142;37786;214;4125246;3005457;7927
FR;2;2021-07-31;34563;16164;94;4159809;3021621;8021
FR;2;2021-08-01;5233;2300;13;4165042;3023921;8034
FR;2;2021-08-02;35560;16165;94;4200602;3040086;8128
FR;2;2021-08-03;55698;28249;135;4256300;3068335;8263
FR;2;2021-08-04;46386;20838;127;4302686;3089173;8390
FR;2;2021-08-05;54379;31592;209;4357065;3120765;8599
FR;2;2021-08-06;57894;42360;231;4414959;3163125;8830
FR;2;2021-08-07;24999;17593;90;4439958;3180718;8920
FR;2;2021-08-08;3751;3666;19;4443709;3184384;8939
FR;2;2021-08-09;29156;21149;83;4472865;3205533;9022
FR;2;2021-08-10;44806;33527;149;4517671;3239060;9171
FR;2;2021-08-11;35111;25146;142;4552782;3264206;9313
FR;2;2021-08-12;41754;35737;154;4594536;3299943;9467
FR;2;2021-08-13;42474;36228;204;4637010;3336171;9671
FR;2;2021-08-14;18400;22627;90;4655410;3358798;9761
FR;2;2021-08-15;2977;3845;13;4658387;3362643;9774
FR;2;2021-08-16;24976;27376;96;4683363;3390019;9870
FR;2;2021-08-17;38140;43528;189;4721503;3433547;10059
FR;2;2021-08-18;32146;36399;180;4753649;3469946;10239
FR;2;2021-08-19;37307;46580;211;4790956;3516526;10450
FR;2;2021-08-20;40423;55487;247;4831379;3572013;10697
FR;2;2021-08-21;18023;24258;101;4849402;3596271;10798
FR;2;2021-08-22;2871;4315;19;4852273;3600586;10817
FR;2;2021-08-23;19163;35127;118;4871436;3635713;10935
FR;2;2021-08-24;31813;56041;218;4903249;3691754;11153
FR;2;2021-08-25;25837;43414;231;4929086;3735168;11384
FR;2;2021-08-26;32232;55653;372;4961318;3790821;11756
FR;2;2021-08-27;36873;65412;453;4998191;3856233;12209
FR;2;2021-08-28;17726;28347;283;5015917;3884580;12492
FR;2;2021-08-29;2620;5094;45;5018537;3889674;12537
FR;2;2021-08-30;18271;37788;354;5036808;3927462;12891
FR;2;2021-08-31;27949;57471;846;5064757;3984933;13737
FR;2;2021-09-01;21363;39770;1264;5086120;4024703;15001
FR;2;2021-09-02;25215;48562;1902;5111335;4073265;16903
FR;2;2021-09-03;33115;64347;2860;5144450;4137612;19763
FR;2;2021-09-04;16634;27543;1399;5161084;4165155;21162
FR;2;2021-09-05;2207;3731;244;5163291;4168886;21406
FR;2;2021-09-06;13882;28744;1735;5177173;4197630;23141
FR;2;2021-09-07;20945;41015;2921;5198118;4238645;26062
FR;2;2021-09-08;17041;31930;2686;5215159;4270575;28748
FR;2;2021-09-09;20764;40400;4286;5235923;4310975;33034
FR;2;2021-09-10;27969;51000;5149;5263892;4361975;38183
FR;2;2021-09-11;13467;21987;2282;5277359;4383962;40465
FR;2;2021-09-12;1751;2850;265;5279110;4386812;40730
FR;2;2021-09-13;11452;21498;2392;5290562;4408310;43122
FR;2;2021-09-14;18296;32758;4903;5308858;4441068;48025
FR;2;2021-09-15;14521;28385;5070;5323379;4469453;53095
FR;2;2021-09-16;15873;32710;6618;5339252;4502163;59713
FR;2;2021-09-17;20622;47004;8643;5359874;4549167;68356
FR;2;2021-09-18;9698;20844;3723;5369572;4570011;72079
FR;2;2021-09-19;1130;2728;378;5370702;4572739;72457
FR;2;2021-09-20;7280;18867;3734;5377982;4591606;76191
FR;2;2021-09-21;10979;30028;6413;5388961;4621634;82604
FR;2;2021-09-22;9145;23543;5414;5398106;4645177;88018
FR;2;2021-09-23;10470;28859;7759;5408576;4674036;95777
FR;2;2021-09-24;14756;42744;10708;5423332;4716780;106485
FR;2;2021-09-25;7010;18593;3879;5430342;4735373;110364
FR;2;2021-09-26;1036;2590;482;5431378;4737963;110846
FR;2;2021-09-27;6134;16463;4201;5437512;4754426;115047
FR;2;2021-09-28;9061;25523;7612;5446573;4779949;122659
FR;2;2021-09-29;7888;20233;5934;5454461;4800182;128593
FR;2;2021-09-30;9655;25716;9306;5464116;4825898;137899
FR;2;2021-10-01;13480;35456;12654;5477596;4861354;150553
FR;2;2021-10-02;6578;15802;4740;5484174;4877156;155293
FR;2;2021-10-03;749;2035;467;5484923;4879191;155760
FR;2;2021-10-04;5598;13983;5450;5490521;4893174;161210
FR;2;2021-10-05;8739;22498;10981;5499260;4915672;172191
FR;2;2021-10-06;7515;17755;8083;5506775;4933427;180274
FR;2;2021-10-07;8872;22127;12118;5515647;4955554;192392
FR;2;2021-10-08;12945;31963;16797;5528592;4987517;209189
FR;2;2021-10-09;5692;12716;5865;5534284;5000233;215054
FR;2;2021-10-10;759;1686;403;5535043;5001919;215457
FR;2;2021-10-11;4989;11692;6215;5540032;5013611;221672
FR;3;2020-12-27;0;0;0;0;0;0
FR;3;2020-12-28;0;0;0;0;0;0
FR;3;2020-12-29;0;0;0;0;0;0
FR;3;2020-12-30;0;0;0;0;0;0
FR;3;2020-12-31;0;0;0;0;0;0
FR;3;2021-01-01;0;0;0;0;0;0
FR;3;2021-01-02;0;0;0;0;0;0
FR;3;2021-01-03;0;0;0;0;0;0
FR;3;2021-01-04;0;0;0;0;0;0
FR;3;2021-01-05;0;0;0;0;0;0
FR;3;2021-01-06;0;0;0;0;0;0
FR;3;2021-01-07;0;0;0;0;0;0
FR;3;2021-01-08;0;0;0;0;0;0
FR;3;2021-01-09;0;0;0;0;0;0
FR;3;2021-01-10;0;0;0;0;0;0
FR;3;2021-01-11;0;0;0;0;0;0
FR;3;2021-01-12;0;0;0;0;0;0
FR;3;2021-01-13;0;0;0;0;0;0
FR;3;2021-01-14;0;0;0;0;0;0
FR;3;2021-01-15;0;0;0;0;0;0
FR;3;2021-01-16;0;0;0;0;0;0
FR;3;2021-01-17;0;0;0;0;0;0
FR;3;2021-01-18;0;0;0;0;0;0
FR;3;2021-01-19;0;0;0;0;0;0
FR;3;2021-01-20;0;0;0;0;0;0
FR;3;2021-01-21;0;0;0;0;0;0
FR;3;2021-01-22;0;0;0;0;0;0
FR;3;2021-01-23;0;0;0;0;0;0
FR;3;2021-01-24;0;0;0;0;0;0
FR;3;2021-01-25;0;0;0;0;0;0
FR;3;2021-01-26;0;0;0;0;0;0
FR;3;2021-01-27;0;0;0;0;0;0
FR;3;2021-01-28;0;0;0;0;0;0
FR;3;2021-01-29;0;0;0;0;0;0
FR;3;2021-01-30;0;0;0;0;0;0
FR;3;2021-01-31;0;0;0;0;0;0
FR;3;2021-02-01;0;0;0;0;0;0
FR;3;2021-02-02;0;0;0;0;0;0
FR;3;2021-02-03;0;0;0;0;0;0
FR;3;2021-02-04;0;0;0;0;0;0
FR;3;2021-02-05;0;0;0;0;0;0
FR;3;2021-02-06;941;0;0;941;0;0
FR;3;2021-02-07;1377;0;0;2318;0;0
FR;3;2021-02-08;2711;0;0;5029;0;0
FR;3;2021-02-09;6711;0;0;11740;0;0
FR;3;2021-02-10;9469;0;0;21209;0;0
FR;3;2021-02-11;13491;0;0;34700;0;0
FR;3;2021-02-12;13202;0;0;47902;0;0
FR;3;2021-02-13;3617;0;0;51519;0;0
FR;3;2021-02-14;916;0;0;52435;0;0
FR;3;2021-02-15;10289;0;0;62724;0;0
FR;3;2021-02-16;12363;0;0;75087;0;0
FR;3;2021-02-17;10979;0;0;86066;0;0
FR;3;2021-02-18;14767;0;0;100833;0;0
FR;3;2021-02-19;14217;0;0;115050;0;0
FR;3;2021-02-20;3237;0;0;118287;0;0
FR;3;2021-02-21;581;0;0;118868;0;0
FR;3;2021-02-22;9042;0;0;127910;0;0
FR;3;2021-02-23;11233;0;0;139143;0;0
FR;3;2021-02-24;14108;0;0;153251;0;0
FR;3;2021-02-25;44738;0;0;197989;0;0
FR;3;2021-02-26;61697;0;0;259686;0;0
FR;3;2021-02-27;34661;6;0;294347;6;0
FR;3;2021-02-28;2397;0;0;296744;6;0
FR;3;2021-03-01;20214;9;0;316958;15;0
FR;3;2021-03-02;38631;11;0;355589;26;0
FR;3;2021-03-03;48424;14;0;404013;40;0
FR;3;2021-03-04;81936;18;0;485949;58;0
FR;3;2021-03-05;117785;41;0;603734;99;0
FR;3;2021-03-06;120325;47;1;724059;146;1
FR;3;2021-03-07;54976;26;0;779035;172;1
FR;3;2021-03-08;42571;20;0;821606;192;1
FR;3;2021-03-09;78709;30;0;900315;222;1
FR;3;2021-03-10;80581;36;0;980896;258;1
FR;3;2021-03-11;128076;45;0;1108972;303;1
FR;3;2021-03-12;182348;67;0;1291320;370;1
FR;3;2021-03-13;131865;49;0;1423185;419;1
FR;3;2021-03-14;13943;4;0;1437128;423;1
FR;3;2021-03-15;51934;34;0;1489062;457;1
FR;3;2021-03-16;1051;13;0;1490113;470;1
FR;3;2021-03-17;792;6;0;1490905;476;1
FR;3;2021-03-18;1389;4;0;1492294;480;1
FR;3;2021-03-19;70192;36;0;1562486;516;1
FR;3;2021-03-20;65026;35;0;1627512;551;1
FR;3;2021-03-21;5634;4;0;1633146;555;1
FR;3;2021-03-22;37240;30;0;1670386;585;1
FR;3;2021-03-23;84331;49;0;1754717;634;1
FR;3;2021-03-24;90665;88;0;1845382;722;1
FR;3;2021-03-25;149722;114;0;1995104;836;1
FR;3;2021-03-26;165074;152;0;2160178;988;1
FR;3;2021-03-27;68236;88;0;2228414;1076;1
FR;3;2021-03-28;6364;19;0;2234778;1095;1
FR;3;2021-03-29;53919;59;0;2288697;1154;1
FR;3;2021-03-30;92890;87;0;2381587;1241;1
FR;3;2021-03-31;63266;81;0;2444853;1322;1
FR;3;2021-04-01;85815;97;0;2530668;1419;1
FR;3;2021-04-02;86678;143;0;2617346;1562;1
FR;3;2021-04-03;35708;107;0;2653054;1669;1
FR;3;2021-04-04;3481;14;0;2656535;1683;1
FR;3;2021-04-05;4364;21;0;2660899;1704;1
FR;3;2021-04-06;29488;72;0;2690387;1776;1
FR;3;2021-04-07;32071;59;0;2722458;1835;1
FR;3;2021-04-08;78558;231;0;2801016;2066;1
FR;3;2021-04-09;161448;405;0;2962464;2471;1
FR;3;2021-04-10;75528;327;0;3037992;2798;1
FR;3;2021-04-11;7211;42;0;3045203;2840;1
FR;3;2021-04-12;51225;195;0;3096428;3035;1
FR;3;2021-04-13;85952;309;0;3182380;3344;1
FR;3;2021-04-14;67518;337;0;3249898;3681;1
FR;3;2021-04-15;92829;363;0;3342727;4044;1
FR;3;2021-04-16;112219;566;0;3454946;4610;1
FR;3;2021-04-17;53124;319;1;3508070;4929;2
FR;3;2021-04-18;9616;32;0;3517686;4961;2
FR;3;2021-04-19;24867;228;0;3542553;5189;2
FR;3;2021-04-20;45380;388;0;3587933;5577;2
FR;3;2021-04-21;38694;441;0;3626627;6018;2
FR;3;2021-04-22;54474;778;0;3681101;6796;2
FR;3;2021-04-23;70268;1009;0;3751369;7805;2
FR;3;2021-04-24;37065;969;0;3788434;8774;2
FR;3;2021-04-25;6079;152;0;3794513;8926;2
FR;3;2021-04-26;19533;648;0;3814046;9574;2
FR;3;2021-04-27;34204;1240;0;3848250;10814;2
FR;3;2021-04-28;28745;1925;0;3876995;12739;2
FR;3;2021-04-29;45153;5946;0;3922148;18685;2
FR;3;2021-04-30;55267;8920;0;3977415;27605;2
FR;3;2021-05-01;9373;1963;0;3986788;29568;2
FR;3;2021-05-02;2937;498;0;3989725;30066;2
FR;3;2021-05-03;12846;3880;0;4002571;33946;2
FR;3;2021-05-04;22843;8421;0;4025414;42367;2
FR;3;2021-05-05;18480;10567;0;4043894;52934;2
FR;3;2021-05-06;34353;20889;0;4078247;73823;2
FR;3;2021-05-07;43987;28383;0;4122234;102206;2
FR;3;2021-05-08;6630;8875;0;4128864;111081;2
FR;3;2021-05-09;1692;2650;0;4130556;113731;2
FR;3;2021-05-10;14756;12553;0;4145312;126284;2
FR;3;2021-05-11;26841;25717;0;4172153;152001;2
FR;3;2021-05-12;17067;27443;1;4189220;179444;3
FR;3;2021-05-13;2146;3481;0;4191366;182925;3
FR;3;2021-05-14;14353;25731;0;4205719;208656;3
FR;3;2021-05-15;7082;20728;0;4212801;229384;3
FR;3;2021-05-16;888;2677;0;4213689;232061;3
FR;3;2021-05-17;7743;19904;0;4221432;251965;3
FR;3;2021-05-18;13186;29624;0;4234618;281589;3
FR;3;2021-05-19;9036;31853;0;4243654;313442;3
FR;3;2021-05-20;12565;53203;2;4256219;366645;5
FR;3;2021-05-21;12546;65522;0;4268765;432167;5
FR;3;2021-05-22;4823;33293;1;4273588;465460;6
FR;3;2021-05-23;554;2664;0;4274142;468124;6
FR;3;2021-05-24;680;4914;0;4274822;473038;6
FR;3;2021-05-25;5074;45168;0;4279896;518206;6
FR;3;2021-05-26;4763;51046;1;4284659;569252;7
FR;3;2021-05-27;6105;77824;1;4290764;647076;8
FR;3;2021-05-28;7365;99093;0;4298129;746169;8
FR;3;2021-05-29;3186;60276;1;4301315;806445;9
FR;3;2021-05-30;416;8243;0;4301731;814688;9
FR;3;2021-05-31;2198;35985;0;4303929;850673;9
FR;3;2021-06-01;3120;64807;5;4307049;915480;14
FR;3;2021-06-02;2523;58341;0;4309572;973821;14
FR;3;2021-06-03;3312;87572;3;4312884;1061393;17
FR;3;2021-06-04;3963;105109;12;4316847;1166502;29
FR;3;2021-06-05;1864;52236;0;4318711;1218738;29
FR;3;2021-06-06;339;5399;0;4319050;1224137;29
FR;3;2021-06-07;1221;31179;3;4320271;1255316;32
FR;3;2021-06-08;1829;47274;10;4322100;1302590;42
FR;3;2021-06-09;1551;42392;8;4323651;1344982;50
FR;3;2021-06-10;2017;67986;9;4325668;1412968;59
FR;3;2021-06-11;2338;96788;17;4328006;1509756;76
FR;3;2021-06-12;1051;40835;4;4329057;1550591;80
FR;3;2021-06-13;174;3823;1;4329231;1554414;81
FR;3;2021-06-14;863;42658;11;4330094;1597072;92
FR;3;2021-06-15;1213;80685;5;4331307;1677757;97
FR;3;2021-06-16;1093;65775;7;4332400;1743532;104
FR;3;2021-06-17;1498;101845;20;4333898;1845377;124
FR;3;2021-06-18;1782;117914;24;4335680;1963291;148
FR;3;2021-06-19;747;39401;11;4336427;2002692;159
FR;3;2021-06-20;98;3383;0;4336525;2006075;159
FR;3;2021-06-21;628;39287;9;4337153;2045362;168
FR;3;2021-06-22;938;70010;33;4338091;2115372;201
FR;3;2021-06-23;827;50844;15;4338918;2166216;216
FR;3;2021-06-24;1208;77203;24;4340126;2243419;240
FR;3;2021-06-25;1311;89960;40;4341437;2333379;280
FR;3;2021-06-26;559;33134;13;4341996;2366513;293
FR;3;2021-06-27;110;4026;1;4342106;2370539;294
FR;3;2021-06-28;532;30454;13;4342638;2400993;307
FR;3;2021-06-29;772;56143;93;4343410;2457136;400
FR;3;2021-06-30;802;45054;89;4344212;2502190;489
FR;3;2021-07-01;1048;65655;108;4345260;2567845;597
FR;3;2021-07-02;1211;90442;171;4346471;2658287;768
FR;3;2021-07-03;562;31190;54;4347033;2689477;822
FR;3;2021-07-04;92;4275;3;4347125;2693752;825
FR;3;2021-07-05;538;33930;60;4347663;2727682;885
FR;3;2021-07-06;842;56127;87;4348505;2783809;972
FR;3;2021-07-07;779;43080;77;4349284;2826889;1049
FR;3;2021-07-08;1040;60750;99;4350324;2887639;1148
FR;3;2021-07-09;1179;68835;125;4351503;2956474;1273
FR;3;2021-07-10;564;25052;58;4352067;2981526;1331
FR;3;2021-07-11;78;3309;4;4352145;2984835;1335
FR;3;2021-07-12;553;23930;58;4352698;3008765;1393
FR;3;2021-07-13;1540;34756;88;4354238;3043521;1481
FR;3;2021-07-14;161;2650;2;4354399;3046171;1483
FR;3;2021-07-15;1849;30693;82;4356248;3076864;1565
FR;3;2021-07-16;2423;38901;123;4358671;3115765;1688
FR;3;2021-07-17;983;13753;26;4359654;3129518;1714
FR;3;2021-07-18;206;2610;3;4359860;3132128;1717
FR;3;2021-07-19;1199;17238;34;4361059;3149366;1751
FR;3;2021-07-20;1748;27170;93;4362807;3176536;1844
FR;3;2021-07-21;1574;19745;43;4364381;3196281;1887
FR;3;2021-07-22;1756;27797;79;4366137;3224078;1966
FR;3;2021-07-23;2127;30477;113;4368264;3254555;2079
FR;3;2021-07-24;767;7019;23;4369031;3261574;2102
FR;3;2021-07-25;176;1350;1;4369207;3262924;2103
FR;3;2021-07-26;823;10717;28;4370030;3273641;2131
FR;3;2021-07-27;1083;16977;55;4371113;3290618;2186
FR;3;2021-07-28;899;12125;37;4372012;3302743;2223
FR;3;2021-07-29;1056;15869;63;4373068;3318612;2286
FR;3;2021-07-30;1050;18109;75;4374118;3336721;2361
FR;3;2021-07-31;346;3750;13;4374464;3340471;2374
FR;3;2021-08-01;62;482;1;4374526;3340953;2375
FR;3;2021-08-02;339;5160;23;4374865;3346113;2398
FR;3;2021-08-03;429;7587;25;4375294;3353700;2423
FR;3;2021-08-04;381;4893;25;4375675;3358593;2448
FR;3;2021-08-05;373;3749;12;4376048;3362342;2460
FR;3;2021-08-06;404;4785;28;4376452;3367127;2488
FR;3;2021-08-07;169;1925;11;4376621;3369052;2499
FR;3;2021-08-08;90;423;2;4376711;3369475;2501
FR;3;2021-08-09;234;2521;10;4376945;3371996;2511
FR;3;2021-08-10;288;3898;15;4377233;3375894;2526
FR;3;2021-08-11;203;2719;14;4377436;3378613;2540
FR;3;2021-08-12;217;2624;12;4377653;3381237;2552
FR;3;2021-08-13;229;2251;15;4377882;3383488;2567
FR;3;2021-08-14;133;934;1;4378015;3384422;2568
FR;3;2021-08-15;25;161;0;4378040;3384583;2568
FR;3;2021-08-16;90;1090;8;4378130;3385673;2576
FR;3;2021-08-17;129;1494;7;4378259;3387167;2583
FR;3;2021-08-18;138;1343;8;4378397;3388510;2591
FR;3;2021-08-19;131;1426;9;4378528;3389936;2600
FR;3;2021-08-20;124;1626;15;4378652;3391562;2615
FR;3;2021-08-21;62;583;0;4378714;3392145;2615
FR;3;2021-08-22;19;168;1;4378733;3392313;2616
FR;3;2021-08-23;95;921;7;4378828;3393234;2623
FR;3;2021-08-24;92;958;9;4378920;3394192;2632
FR;3;2021-08-25;94;835;2;4379014;3395027;2634
FR;3;2021-08-26;133;876;9;4379147;3395903;2643
FR;3;2021-08-27;141;953;9;4379288;3396856;2652
FR;3;2021-08-28;75;354;3;4379363;3397210;2655
FR;3;2021-08-29;28;123;1;4379391;3397333;2656
FR;3;2021-08-30;60;590;0;4379451;3397923;2656
FR;3;2021-08-31;79;710;7;4379530;3398633;2663
FR;3;2021-09-01;70;467;4;4379600;3399100;2667
FR;3;2021-09-02;66;623;21;4379666;3399723;2688
FR;3;2021-09-03;78;586;17;4379744;3400309;2705
FR;3;2021-09-04;28;279;3;4379772;3400588;2708
FR;3;2021-09-05;16;58;4;4379788;3400646;2712
FR;3;2021-09-06;52;401;3;4379840;3401047;2715
FR;3;2021-09-07;77;482;13;4379917;3401529;2728
FR;3;2021-09-08;65;354;0;4379982;3401883;2728
FR;3;2021-09-09;41;386;4;4380023;3402269;2732
FR;3;2021-09-10;66;421;2;4380089;3402690;2734
FR;3;2021-09-11;31;229;4;4380120;3402919;2738
FR;3;2021-09-12;8;46;1;4380128;3402965;2739
FR;3;2021-09-13;30;332;4;4380158;3403297;2743
FR;3;2021-09-14;25;287;4;4380183;3403584;2747
FR;3;2021-09-15;16;258;3;4380199;3403842;2750
FR;3;2021-09-16;22;332;5;4380221;3404174;2755
FR;3;2021-09-17;29;345;4;4380250;3404519;2759
FR;3;2021-09-18;13;169;0;4380263;3404688;2759
FR;3;2021-09-19;6;29;1;4380269;3404717;2760
FR;3;2021-09-20;40;212;0;4380309;3404929;2760
FR;3;2021-09-21;19;274;4;4380328;3405203;2764
FR;3;2021-09-22;14;219;6;4380342;3405422;2770
FR;3;2021-09-23;11;267;9;4380353;3405689;2779
FR;3;2021-09-24;9;311;9;4380362;3406000;2788
FR;3;2021-09-25;15;154;3;4380377;3406154;2791
FR;3;2021-09-26;1;40;1;4380378;3406194;2792
FR;3;2021-09-27;13;275;2;4380391;3406469;2794
FR;3;2021-09-28;10;257;5;4380401;3406726;2799
FR;3;2021-09-29;14;209;5;4380415;3406935;2804
FR;3;2021-09-30;14;186;6;4380429;3407121;2810
FR;3;2021-10-01;6;166;4;4380435;3407287;2814
FR;3;2021-10-02;3;85;0;4380438;3407372;2814
FR;3;2021-10-03;1;16;1;4380439;3407388;2815
FR;3;2021-10-04;5;151;4;4380444;3407539;2819
FR;3;2021-10-05;3;146;10;4380447;3407685;2829
FR;3;2021-10-06;11;152;7;4380458;3407837;2836
FR;3;2021-10-07;5;134;6;4380463;3407971;2842
FR;3;2021-10-08;9;138;8;4380472;3408109;2850
FR;3;2021-10-09;3;70;1;4380475;3408179;2851
FR;3;2021-10-10;0;12;0;4380475;3408191;2851
FR;3;2021-10-11;4;120;5;4380479;3408311;2856
FR;4;2020-12-27;0;0;0;0;0;0
FR;4;2020-12-28;0;0;0;0;0;0
FR;4;2020-12-29;0;0;0;0;0;0
FR;4;2020-12-30;0;0;0;0;0;0
FR;4;2020-12-31;0;0;0;0;0;0
FR;4;2021-01-01;0;0;0;0;0;0
FR;4;2021-01-02;0;0;0;0;0;0
FR;4;2021-01-03;0;0;0;0;0;0
FR;4;2021-01-04;0;0;0;0;0;0
FR;4;2021-01-05;0;0;0;0;0;0
FR;4;2021-01-06;0;0;0;0;0;0
FR;4;2021-01-07;0;0;0;0;0;0
FR;4;2021-01-08;0;0;0;0;0;0
FR;4;2021-01-09;0;0;0;0;0;0
FR;4;2021-01-10;0;0;0;0;0;0
FR;4;2021-01-11;0;0;0;0;0;0
FR;4;2021-01-12;0;0;0;0;0;0
FR;4;2021-01-13;0;0;0;0;0;0
FR;4;2021-01-14;0;0;0;0;0;0
FR;4;2021-01-15;0;0;0;0;0;0
FR;4;2021-01-16;0;0;0;0;0;0
FR;4;2021-01-17;0;0;0;0;0;0
FR;4;2021-01-18;0;0;0;0;0;0
FR;4;2021-01-19;0;0;0;0;0;0
FR;4;2021-01-20;0;0;0;0;0;0
FR;4;2021-01-21;0;0;0;0;0;0
FR;4;2021-01-22;0;0;0;0;0;0
FR;4;2021-01-23;0;0;0;0;0;0
FR;4;2021-01-24;0;0;0;0;0;0
FR;4;2021-01-25;0;0;0;0;0;0
FR;4;2021-01-26;0;0;0;0;0;0
FR;4;2021-01-27;0;0;0;0;0;0
FR;4;2021-01-28;0;0;0;0;0;0
FR;4;2021-01-29;0;0;0;0;0;0
FR;4;2021-01-30;0;0;0;0;0;0
FR;4;2021-01-31;0;0;0;0;0;0
FR;4;2021-02-01;0;0;0;0;0;0
FR;4;2021-02-02;0;0;0;0;0;0
FR;4;2021-02-03;0;0;0;0;0;0
FR;4;2021-02-04;0;0;0;0;0;0
FR;4;2021-02-05;0;0;0;0;0;0
FR;4;2021-02-06;0;0;0;0;0;0
FR;4;2021-02-07;0;0;0;0;0;0
FR;4;2021-02-08;0;0;0;0;0;0
FR;4;2021-02-09;0;0;0;0;0;0
FR;4;2021-02-10;0;0;0;0;0;0
FR;4;2021-02-11;0;0;0;0;0;0
FR;4;2021-02-12;0;0;0;0;0;0
FR;4;2021-02-13;0;0;0;0;0;0
FR;4;2021-02-14;0;0;0;0;0;0
FR;4;2021-02-15;0;0;0;0;0;0
FR;4;2021-02-16;0;0;0;0;0;0
FR;4;2021-02-17;0;0;0;0;0;0
FR;4;2021-02-18;0;0;0;0;0;0
FR;4;2021-02-19;0;0;0;0;0;0
FR;4;2021-02-20;0;0;0;0;0;0
FR;4;2021-02-21;0;0;0;0;0;0
FR;4;2021-02-22;0;0;0;0;0;0
FR;4;2021-02-23;0;0;0;0;0;0
FR;4;2021-02-24;0;0;0;0;0;0
FR;4;2021-02-25;0;0;0;0;0;0
FR;4;2021-02-26;0;0;0;0;0;0
FR;4;2021-02-27;0;0;0;0;0;0
FR;4;2021-02-28;0;0;0;0;0;0
FR;4;2021-03-01;0;0;0;0;0;0
FR;4;2021-03-02;0;0;0;0;0;0
FR;4;2021-03-03;0;0;0;0;0;0
FR;4;2021-03-04;0;0;0;0;0;0
FR;4;2021-03-05;0;1;0;0;1;0
FR;4;2021-03-06;0;0;0;0;1;0
FR;4;2021-03-07;0;0;0;0;1;0
FR;4;2021-03-08;0;0;0;0;1;0
FR;4;2021-03-09;0;0;0;0;1;0
FR;4;2021-03-10;0;0;0;0;1;0
FR;4;2021-03-11;0;0;0;0;1;0
FR;4;2021-03-12;0;0;0;0;1;0
FR;4;2021-03-13;0;0;0;0;1;0
FR;4;2021-03-14;0;0;0;0;1;0
FR;4;2021-03-15;0;0;0;0;1;0
FR;4;2021-03-16;0;0;0;0;1;0
FR;4;2021-03-17;0;0;0;0;1;0
FR;4;2021-03-18;0;0;0;0;1;0
FR;4;2021-03-19;0;0;0;0;1;0
FR;4;2021-03-20;0;0;0;0;1;0
FR;4;2021-03-21;0;0;0;0;1;0
FR;4;2021-03-22;0;0;0;0;1;0
FR;4;2021-03-23;0;0;0;0;1;0
FR;4;2021-03-24;0;0;0;0;1;0
FR;4;2021-03-25;0;0;0;0;1;0
FR;4;2021-03-26;0;0;0;0;1;0
FR;4;2021-03-27;0;0;0;0;1;0
FR;4;2021-03-28;0;0;0;0;1;0
FR;4;2021-03-29;0;2;0;0;3;0
FR;4;2021-03-30;0;0;0;0;3;0
FR;4;2021-03-31;0;1;0;0;4;0
FR;4;2021-04-01;0;0;0;0;4;0
FR;4;2021-04-02;0;1;0;0;5;0
FR;4;2021-04-03;0;0;0;0;5;0
FR;4;2021-04-04;0;0;0;0;5;0
FR;4;2021-04-05;0;0;0;0;5;0
FR;4;2021-04-06;0;8;0;0;13;0
FR;4;2021-04-07;0;2;0;0;15;0
FR;4;2021-04-08;0;3;0;0;18;0
FR;4;2021-04-09;0;7;0;0;25;0
FR;4;2021-04-10;0;0;0;0;25;0
FR;4;2021-04-11;0;0;0;0;25;0
FR;4;2021-04-12;0;6;0;0;31;0
FR;4;2021-04-13;0;4;0;0;35;0
FR;4;2021-04-14;0;0;0;0;35;0
FR;4;2021-04-15;0;0;0;0;35;0
FR;4;2021-04-16;0;0;0;0;35;0
FR;4;2021-04-17;0;0;0;0;35;0
FR;4;2021-04-18;0;0;0;0;35;0
FR;4;2021-04-19;0;0;0;0;35;0
FR;4;2021-04-20;0;0;0;0;35;0
FR;4;2021-04-21;0;0;0;0;35;0
FR;4;2021-04-22;0;0;0;0;35;0
FR;4;2021-04-23;2990;0;0;2990;35;0
FR;4;2021-04-24;1559;0;0;4549;35;0
FR;4;2021-04-25;123;0;0;4672;35;0
FR;4;2021-04-26;2854;0;0;7526;35;0
FR;4;2021-04-27;9461;3;0;16987;38;0
FR;4;2021-04-28;9850;3;0;26837;41;0
FR;4;2021-04-29;15954;8;0;42791;49;0
FR;4;2021-04-30;19181;7;0;61972;56;0
FR;4;2021-05-01;1951;5;0;63923;61;0
FR;4;2021-05-02;462;0;0;64385;61;0
FR;4;2021-05-03;4997;1;0;69382;62;0
FR;4;2021-05-04;8317;8;0;77699;70;0
FR;4;2021-05-05;6086;5;0;83785;75;0
FR;4;2021-05-06;11319;10;0;95104;85;0
FR;4;2021-05-07;19016;9;0;114120;94;0
FR;4;2021-05-08;2315;6;0;116435;100;0
FR;4;2021-05-09;653;2;0;117088;102;0
FR;4;2021-05-10;7166;8;1;124254;110;1
FR;4;2021-05-11;14229;11;0;138483;121;1
FR;4;2021-05-12;10087;16;0;148570;137;1
FR;4;2021-05-13;1513;3;0;150083;140;1
FR;4;2021-05-14;7664;6;0;157747;146;1
FR;4;2021-05-15;3656;8;1;161403;154;2
FR;4;2021-05-16;390;1;0;161793;155;2
FR;4;2021-05-17;4391;3;0;166184;158;2
FR;4;2021-05-18;8673;10;0;174857;168;2
FR;4;2021-05-19;5600;5;0;180457;173;2
FR;4;2021-05-20;9339;6;0;189796;179;2
FR;4;2021-05-21;12666;29;0;202462;208;2
FR;4;2021-05-22;4976;13;0;207438;221;2
FR;4;2021-05-23;457;2;0;207895;223;2
FR;4;2021-05-24;990;3;0;208885;226;2
FR;4;2021-05-25;7492;16;0;216377;242;2
FR;4;2021-05-26;7636;13;0;224013;255;2
FR;4;2021-05-27;14213;34;0;238226;289;2
FR;4;2021-05-28;26391;81;1;264617;370;3
FR;4;2021-05-29;11245;20;0;275862;390;3
FR;4;2021-05-30;879;2;0;276741;392;3
FR;4;2021-05-31;12509;19;0;289250;411;3
FR;4;2021-06-01;20005;41;0;309255;452;3
FR;4;2021-06-02;14343;33;0;323598;485;3
FR;4;2021-06-03;19267;24;0;342865;509;3
FR;4;2021-06-04;22306;45;0;365171;554;3
FR;4;2021-06-05;9612;31;0;374783;585;3
FR;4;2021-06-06;955;0;0;375738;585;3
FR;4;2021-06-07;9026;16;0;384764;601;3
FR;4;2021-06-08;14447;28;0;399211;629;3
FR;4;2021-06-09;12039;24;0;411250;653;3
FR;4;2021-06-10;15228;24;0;426478;677;3
FR;4;2021-06-11;16798;55;0;443276;732;3
FR;4;2021-06-12;7325;27;0;450601;759;3
FR;4;2021-06-13;855;2;0;451456;761;3
FR;4;2021-06-14;6517;22;0;457973;783;3
FR;4;2021-06-15;10759;33;0;468732;816;3
FR;4;2021-06-16;8758;14;0;477490;830;3
FR;4;2021-06-17;10743;27;0;488233;857;3
FR;4;2021-06-18;12264;42;0;500497;899;3
FR;4;2021-06-19;5478;24;0;505975;923;3
FR;4;2021-06-20;634;2;0;506609;925;3
FR;4;2021-06-21;4931;17;0;511540;942;3
FR;4;2021-06-22;7730;20;2;519270;962;5
FR;4;2021-06-23;6961;36;1;526231;998;6
FR;4;2021-06-24;8482;39;0;534713;1037;6
FR;4;2021-06-25;9945;37;1;544658;1074;7
FR;4;2021-06-26;4649;20;0;549307;1094;7
FR;4;2021-06-27;618;2;0;549925;1096;7
FR;4;2021-06-28;4605;15;1;554530;1111;8
FR;4;2021-06-29;6832;16;2;561362;1127;10
FR;4;2021-06-30;6456;36;0;567818;1163;10
FR;4;2021-07-01;7932;28;0;575750;1191;10
FR;4;2021-07-02;9220;50;1;584970;1241;11
FR;4;2021-07-03;4713;18;0;589683;1259;11
FR;4;2021-07-04;582;5;0;590265;1264;11
FR;4;2021-07-05;4615;18;2;594880;1282;13
FR;4;2021-07-06;7499;20;4;602379;1302;17
FR;4;2021-07-07;6789;27;2;609168;1329;19
FR;4;2021-07-08;9005;37;3;618173;1366;22
FR;4;2021-07-09;10099;30;1;628272;1396;23
FR;4;2021-07-10;4484;10;2;632756;1406;25
FR;4;2021-07-11;511;0;1;633267;1406;26
FR;4;2021-07-12;5678;27;0;638945;1433;26
FR;4;2021-07-13;14039;26;0;652984;1459;26
FR;4;2021-07-14;2082;6;0;655066;1465;26
FR;4;2021-07-15;18009;32;0;673075;1497;26
FR;4;2021-07-16;22561;65;2;695636;1562;28
FR;4;2021-07-17;9561;16;0;705197;1578;28
FR;4;2021-07-18;1275;3;0;706472;1581;28
FR;4;2021-07-19;12739;26;1;719211;1607;29
FR;4;2021-07-20;17103;27;1;736314;1634;30
FR;4;2021-07-21;15335;29;1;751649;1663;31
FR;4;2021-07-22;18003;40;2;769652;1703;33
FR;4;2021-07-23;20104;48;5;789756;1751;38
FR;4;2021-07-24;9062;29;0;798818;1780;38
FR;4;2021-07-25;1211;6;0;800029;1786;38
FR;4;2021-07-26;10708;18;0;810737;1804;38
FR;4;2021-07-27;14218;30;1;824955;1834;39
FR;4;2021-07-28;12427;18;2;837382;1852;41
FR;4;2021-07-29;13741;46;3;851123;1898;44
FR;4;2021-07-30;15189;39;3;866312;1937;47
FR;4;2021-07-31;6598;11;1;872910;1948;48
FR;4;2021-08-01;802;1;0;873712;1949;48
FR;4;2021-08-02;7574;17;0;881286;1966;48
FR;4;2021-08-03;10302;21;2;891588;1987;50
FR;4;2021-08-04;9101;21;0;900689;2008;50
FR;4;2021-08-05;9206;31;0;909895;2039;50
FR;4;2021-08-06;9697;19;4;919592;2058;54
FR;4;2021-08-07;4673;24;1;924265;2082;55
FR;4;2021-08-08;991;8;0;925256;2090;55
FR;4;2021-08-09;5812;17;0;931068;2107;55
FR;4;2021-08-10;8371;13;0;939439;2120;55
FR;4;2021-08-11;7631;21;3;947070;2141;58
FR;4;2021-08-12;8170;13;1;955240;2154;59
FR;4;2021-08-13;7100;22;0;962340;2176;59
FR;4;2021-08-14;3514;16;0;965854;2192;59
FR;4;2021-08-15;615;2;0;966469;2194;59
FR;4;2021-08-16;3741;8;0;970210;2202;59
FR;4;2021-08-17;5323;8;1;975533;2210;60
FR;4;2021-08-18;4889;24;0;980422;2234;60
FR;4;2021-08-19;5200;13;2;985622;2247;62
FR;4;2021-08-20;4934;11;1;990556;2258;63
FR;4;2021-08-21;2134;16;1;992690;2274;64
FR;4;2021-08-22;340;1;0;993030;2275;64
FR;4;2021-08-23;2641;4;0;995671;2279;64
FR;4;2021-08-24;3518;10;0;999189;2289;64
FR;4;2021-08-25;3353;18;0;1002542;2307;64
FR;4;2021-08-26;3525;15;0;1006067;2322;64
FR;4;2021-08-27;3434;16;2;1009501;2338;66
FR;4;2021-08-28;1610;9;1;1011111;2347;67
FR;4;2021-08-29;352;3;1;1011463;2350;68
FR;4;2021-08-30;1842;13;0;1013305;2363;68
FR;4;2021-08-31;2337;12;0;1015642;2375;68
FR;4;2021-09-01;1903;23;1;1017545;2398;69
FR;4;2021-09-02;2162;20;6;1019707;2418;75
FR;4;2021-09-03;2234;35;3;1021941;2453;78
FR;4;2021-09-04;1304;13;0;1023245;2466;78
FR;4;2021-09-05;372;0;0;1023617;2466;78
FR;4;2021-09-06;1571;20;0;1025188;2486;78
FR;4;2021-09-07;1553;9;0;1026741;2495;78
FR;4;2021-09-08;1159;16;4;1027900;2511;82
FR;4;2021-09-09;1270;18;2;1029170;2529;84
FR;4;2021-09-10;1408;14;2;1030578;2543;86
FR;4;2021-09-11;687;11;0;1031265;2554;86
FR;4;2021-09-12;128;2;0;1031393;2556;86
FR;4;2021-09-13;932;11;2;1032325;2567;88
FR;4;2021-09-14;1011;4;2;1033336;2571;90
FR;4;2021-09-15;910;10;0;1034246;2581;90
FR;4;2021-09-16;723;9;1;1034969;2590;91
FR;4;2021-09-17;694;16;1;1035663;2606;92
FR;4;2021-09-18;410;0;3;1036073;2606;95
FR;4;2021-09-19;145;1;4;1036218;2607;99
FR;4;2021-09-20;318;10;0;1036536;2617;99
FR;4;2021-09-21;350;4;0;1036886;2621;99
FR;4;2021-09-22;298;10;2;1037184;2631;101
FR;4;2021-09-23;373;5;1;1037557;2636;102
FR;4;2021-09-24;337;9;4;1037894;2645;106
FR;4;2021-09-25;228;9;0;1038122;2654;106
FR;4;2021-09-26;48;1;0;1038170;2655;106
FR;4;2021-09-27;203;7;0;1038373;2662;106
FR;4;2021-09-28;250;1;0;1038623;2663;106
FR;4;2021-09-29;300;9;1;1038923;2672;107
FR;4;2021-09-30;278;28;0;1039201;2700;107
FR;4;2021-10-01;292;7;1;1039493;2707;108
FR;4;2021-10-02;134;18;0;1039627;2725;108
FR;4;2021-10-03;57;1;0;1039684;2726;108
FR;4;2021-10-04;190;10;1;1039874;2736;109
FR;4;2021-10-05;169;9;1;1040043;2745;110
FR;4;2021-10-06;168;8;1;1040211;2753;111
FR;4;2021-10-07;178;14;2;1040389;2767;113
FR;4;2021-10-08;226;10;2;1040615;2777;115
FR;4;2021-10-09;132;6;2;1040747;2783;117
FR;4;2021-10-10;42;2;0;1040789;2785;117
FR;4;2021-10-11;125;8;0;1040914;2793;117
FR;0;2020-12-27;413;0;0;413;0;0
FR;0;2020-12-28;428;0;0;841;0;0
FR;0;2020-12-29;273;0;0;1114;0;0
FR;0;2020-12-30;328;0;0;1442;0;0
FR;0;2020-12-31;256;0;0;1698;0;0
FR;0;2021-01-01;305;0;0;2003;0;0
FR;0;2021-01-02;249;0;0;2252;0;0
FR;0;2021-01-03;279;0;0;2531;0;0
FR;0;2021-01-04;1781;0;0;4312;0;0
FR;0;2021-01-05;5718;0;0;10030;0;0
FR;0;2021-01-06;11630;0;0;21660;0;0
FR;0;2021-01-07;29085;0;0;50745;0;0
FR;0;2021-01-08;36744;0;0;87489;0;0
FR;0;2021-01-09;11084;0;0;98573;0;0
FR;0;2021-01-10;5771;0;0;104344;0;0
FR;0;2021-01-11;39642;0;0;143986;0;0
FR;0;2021-01-12;61681;0;0;205667;0;0
FR;0;2021-01-13;64642;0;0;270309;0;0
FR;0;2021-01-14;82084;0;0;352393;0;0
FR;0;2021-01-15;68533;0;0;420926;0;0
FR;0;2021-01-16;20042;86;0;440968;86;0
FR;0;2021-01-17;10826;41;0;451794;127;0
FR;0;2021-01-18;85439;160;0;537233;287;0
FR;0;2021-01-19;130105;125;0;667338;412;0
FR;0;2021-01-20;137049;154;0;804387;566;0
FR;0;2021-01-21;157632;130;0;962019;696;0
FR;0;2021-01-22;120496;160;0;1082515;856;0
FR;0;2021-01-23;38277;50;0;1120792;906;0
FR;0;2021-01-24;9616;27;0;1130408;933;0
FR;0;2021-01-25;77791;1213;0;1208199;2146;0
FR;0;2021-01-26;99980;3104;0;1308179;5250;0
FR;0;2021-01-27;106884;5587;0;1415063;10837;0
FR;0;2021-01-28;123900;14338;0;1538963;25175;0
FR;0;2021-01-29;91785;17265;0;1630748;42440;0
FR;0;2021-01-30;28955;4218;0;1659703;46658;0
FR;0;2021-01-31;5094;1677;0;1664797;48335;0
FR;0;2021-02-01;52301;21109;0;1717098;69444;0
FR;0;2021-02-02;71713;34531;0;1788811;103975;0
FR;0;2021-02-03;71844;36934;0;1860655;140909;0
FR;0;2021-02-04;81518;50007;0;1942173;190916;0
FR;0;2021-02-05;67840;45287;0;2010013;236203;0
FR;0;2021-02-06;22209;10386;0;2032222;246589;0
FR;0;2021-02-07;5038;5035;0;2037260;251624;0
FR;0;2021-02-08;46402;45937;0;2083662;297561;0
FR;0;2021-02-09;65575;72344;0;2149237;369905;0
FR;0;2021-02-10;70267;76665;0;2219504;446570;0
FR;0;2021-02-11;86656;99044;0;2306160;545614;0
FR;0;2021-02-12;78614;74162;0;2384774;619776;0
FR;0;2021-02-13;22035;19473;0;2406809;639249;0
FR;0;2021-02-14;4844;7185;0;2411653;646434;0
FR;0;2021-02-15;37574;76434;0;2449227;722868;0
FR;0;2021-02-16;49809;100622;0;2499036;823490;0
FR;0;2021-02-17;49949;102903;1;2548985;926393;1
FR;0;2021-02-18;69073;118416;0;2618058;1044809;1
FR;0;2021-02-19;64553;90681;0;2682611;1135490;1
FR;0;2021-02-20;18298;28394;0;2700909;1163884;1
FR;0;2021-02-21;3118;6368;0;2704027;1170252;1
FR;0;2021-02-22;37035;73079;1;2741062;1243331;2
FR;0;2021-02-23;53257;83988;1;2794319;1327319;3
FR;0;2021-02-24;59276;81051;1;2853595;1408370;4
FR;0;2021-02-25;99882;91330;1;2953477;1499700;5
FR;0;2021-02-26;112761;70944;0;3066238;1570644;5
FR;0;2021-02-27;51733;21963;0;3117971;1592607;5
FR;0;2021-02-28;5958;4410;1;3123929;1597017;6
FR;0;2021-03-01;64671;52741;0;3188600;1649758;6
FR;0;2021-03-02;100498;66192;1;3289098;1715950;7
FR;0;2021-03-03;115309;65499;0;3404407;1781449;7
FR;0;2021-03-04;162546;68833;2;3566953;1850282;9
FR;0;2021-03-05;199751;63314;2;3766704;1913596;11
FR;0;2021-03-06;207105;17806;3;3973809;1931402;14
FR;0;2021-03-07;120745;5465;0;4094554;1936867;14
FR;0;2021-03-08;106242;50771;0;4200796;1987638;14
FR;0;2021-03-09;171488;56739;1;4372284;2044377;15
FR;0;2021-03-10;177597;57162;2;4549881;2101539;17
FR;0;2021-03-11;241578;63063;0;4791459;2164602;17
FR;0;2021-03-12;293548;53489;0;5085007;2218091;17
FR;0;2021-03-13;230375;15292;0;5315382;2233383;17
FR;0;2021-03-14;62892;3429;0;5378274;2236812;17
FR;0;2021-03-15;157477;32611;0;5535751;2269423;17
FR;0;2021-03-16;140610;39500;1;5676361;2308923;18
FR;0;2021-03-17;149551;38760;2;5825912;2347683;20
FR;0;2021-03-18;166749;44584;1;5992661;2392267;21
FR;0;2021-03-19;228869;37442;0;6221530;2429709;21
FR;0;2021-03-20;165933;11771;0;6387463;2441480;21
FR;0;2021-03-21;49419;2626;1;6436882;2444106;22
FR;0;2021-03-22;168870;34266;2;6605752;2478372;24
FR;0;2021-03-23;249038;42376;1;6854790;2520748;25
FR;0;2021-03-24;255602;43818;0;7110392;2564566;25
FR;0;2021-03-25;340500;44728;2;7450892;2609294;27
FR;0;2021-03-26;357564;41869;1;7808456;2651163;28
FR;0;2021-03-27;194516;16638;0;8002972;2667801;28
FR;0;2021-03-28;58914;3730;2;8061886;2671531;30
FR;0;2021-03-29;202029;54270;1;8263915;2725801;31
FR;0;2021-03-30;284118;69645;3;8548033;2795446;34
FR;0;2021-03-31;261732;72899;3;8809765;2868345;37
FR;0;2021-04-01;313189;87767;6;9122954;2956112;43
FR;0;2021-04-02;279998;92106;4;9402952;3048218;47
FR;0;2021-04-03;140208;61829;3;9543160;3110047;50
FR;0;2021-04-04;45400;18655;1;9588560;3128702;51
FR;0;2021-04-05;59712;10996;4;9648272;3139698;55
FR;0;2021-04-06;215579;107835;7;9863851;3247533;62
FR;0;2021-04-07;258395;115425;5;10122246;3362958;67
FR;0;2021-04-08;335736;121396;6;10457982;3484354;73
FR;0;2021-04-09;408233;116462;33;10866215;3600816;106
FR;0;2021-04-10;211578;82731;8;11077793;3683547;114
FR;0;2021-04-11;55513;34585;3;11133306;3718132;117
FR;0;2021-04-12;235562;115206;29;11368868;3833338;146
FR;0;2021-04-13;307734;144936;57;11676602;3978274;203
FR;0;2021-04-14;292210;139390;115;11968812;4117664;318
FR;0;2021-04-15;334508;147841;170;12303320;4265505;488
FR;0;2021-04-16;337721;145749;211;12641041;4411254;699
FR;0;2021-04-17;187702;90235;47;12828743;4501489;746
FR;0;2021-04-18;51010;35425;23;12879753;4536914;769
FR;0;2021-04-19;204175;138355;338;13083928;4675269;1107
FR;0;2021-04-20;252459;170692;349;13336387;4845961;1456
FR;0;2021-04-21;251325;168774;527;13587712;5014735;1983
FR;0;2021-04-22;285675;188207;520;13873387;5202942;2503
FR;0;2021-04-23;295369;183249;493;14168756;5386191;2996
FR;0;2021-04-24;189330;111560;87;14358086;5497751;3083
FR;0;2021-04-25;68924;38863;28;14427010;5536614;3111
FR;0;2021-04-26;219544;156085;341;14646554;5692699;3452
FR;0;2021-04-27;282786;187462;605;14929340;5880161;4057
FR;0;2021-04-28;297784;183168;1053;15227124;6063329;5110
FR;0;2021-04-29;355114;196092;888;15582238;6259421;5998
FR;0;2021-04-30;370272;184803;726;15952510;6444224;6724
FR;0;2021-05-01;165141;52527;106;16117651;6496751;6830
FR;0;2021-05-02;90785;37828;51;16208436;6534579;6881
FR;0;2021-05-03;285934;169616;530;16494370;6704195;7411
FR;0;2021-05-04;312693;224272;756;16807063;6928467;8167
FR;0;2021-05-05;323132;224497;761;17130195;7152964;8928
FR;0;2021-05-06;375996;239152;1087;17506191;7392116;10015
FR;0;2021-05-07;370046;257285;759;17876237;7649401;10774
FR;0;2021-05-08;220690;66905;147;18096927;7716306;10921
FR;0;2021-05-09;128876;46742;89;18225803;7763048;11010
FR;0;2021-05-10;308963;228979;720;18534766;7992027;11730
FR;0;2021-05-11;400729;258133;977;18935495;8250160;12707
FR;0;2021-05-12;430339;233212;860;19365834;8483372;13567
FR;0;2021-05-13;335663;56878;238;19701497;8540250;13805
FR;0;2021-05-14;450589;167498;663;20152086;8707748;14468
FR;0;2021-05-15;371597;94013;214;20523683;8801761;14682
FR;0;2021-05-16;201417;20829;80;20725100;8822590;14762
FR;0;2021-05-17;373233;149146;907;21098333;8971736;15669
FR;0;2021-05-18;456000;153167;1166;21554333;9124903;16835
FR;0;2021-05-19;464174;145346;1517;22018507;9270249;18352
FR;0;2021-05-20;503674;160366;1356;22522181;9430615;19708
FR;0;2021-05-21;486292;174550;1151;23008473;9605165;20859
FR;0;2021-05-22;345115;79888;368;23353588;9685053;21227
FR;0;2021-05-23;160675;14438;143;23514263;9699491;21370
FR;0;2021-05-24;261350;33241;347;23775613;9732732;21717
FR;0;2021-05-25;397038;189324;1396;24172651;9922056;23113
FR;0;2021-05-26;410412;188164;1373;24583063;10110220;24486
FR;0;2021-05-27;446676;218696;1371;25029739;10328916;25857
FR;0;2021-05-28;426715;259660;1120;25456454;10588576;26977
FR;0;2021-05-29;297403;149437;341;25753857;10738013;27318
FR;0;2021-05-30;106125;32616;93;25859982;10770629;27411
FR;0;2021-05-31;355532;203536;900;26215514;10974165;28311
FR;0;2021-06-01;422154;251656;1214;26637668;11225821;29525
FR;0;2021-06-02;412213;230894;1193;27049881;11456715;30718
FR;0;2021-06-03;458060;258696;1044;27507941;11715411;31762
FR;0;2021-06-04;451337;304881;1024;27959278;12020292;32786
FR;0;2021-06-05;302134;189075;380;28261412;12209367;33166
FR;0;2021-06-06;131336;49122;135;28392748;12258489;33301
FR;0;2021-06-07;334257;262438;896;28727005;12520927;34197
FR;0;2021-06-08;389560;291294;1022;29116565;12812221;35219
FR;0;2021-06-09;380219;275970;1065;29496784;13088191;36284
FR;0;2021-06-10;398026;289392;1077;29894810;13377583;37361
FR;0;2021-06-11;383481;357585;825;30278291;13735168;38186
FR;0;2021-06-12;281029;211495;275;30559320;13946663;38461
FR;0;2021-06-13;103762;74075;111;30663082;14020738;38572
FR;0;2021-06-14;237862;355972;859;30900944;14376710;39431
FR;0;2021-06-15;304374;386087;910;31205318;14762797;40341
FR;0;2021-06-16;310422;357793;883;31515740;15120590;41224
FR;0;2021-06-17;314268;372242;811;31830008;15492832;42035
FR;0;2021-06-18;318888;442813;734;32148896;15935645;42769
FR;0;2021-06-19;222928;273977;253;32371824;16209622;43022
FR;0;2021-06-20;73206;102621;68;32445030;16312243;43090
FR;0;2021-06-21;193074;402129;614;32638104;16714372;43704
FR;0;2021-06-22;220579;467384;751;32858683;17181756;44455
FR;0;2021-06-23;231157;439945;725;33089840;17621701;45180
FR;0;2021-06-24;239237;409360;793;33329077;18031061;45973
FR;0;2021-06-25;224372;522380;829;33553449;18553441;46802
FR;0;2021-06-26;151694;370858;311;33705143;18924299;47113
FR;0;2021-06-27;55073;156406;93;33760216;19080705;47206
FR;0;2021-06-28;152626;453281;708;33912842;19533986;47914
FR;0;2021-06-29;180684;505662;1976;34093526;20039648;49890
FR;0;2021-06-30;201544;481233;1862;34295070;20520881;51752
FR;0;2021-07-01;224862;457780;2132;34519932;20978661;53884
FR;0;2021-07-02;223136;520529;2045;34743068;21499190;55929
FR;0;2021-07-03;140108;368889;893;34883176;21868079;56822
FR;0;2021-07-04;55790;141368;262;34938966;22009447;57084
FR;0;2021-07-05;164437;419553;1593;35103403;22429000;58677
FR;0;2021-07-06;193548;475114;1739;35296951;22904114;60416
FR;0;2021-07-07;208828;439562;1748;35505779;23343676;62164
FR;0;2021-07-08;228395;424225;2016;35734174;23767901;64180
FR;0;2021-07-09;226013;509891;2097;35960187;24277792;66277
FR;0;2021-07-10;146741;339765;947;36106928;24617557;67224
FR;0;2021-07-11;59259;110115;264;36166187;24727672;67488
FR;0;2021-07-12;166485;478278;1710;36332672;25205950;69198
FR;0;2021-07-13;284694;527753;1981;36617366;25733703;71179
FR;0;2021-07-14;178821;157859;420;36796187;25891562;71599
FR;0;2021-07-15;343923;502513;2013;37140110;26394075;73612
FR;0;2021-07-16;377450;496209;1952;37517560;26890284;75564
FR;0;2021-07-17;258195;320024;838;37775755;27210308;76402
FR;0;2021-07-18;108872;115018;304;37884627;27325326;76706
FR;0;2021-07-19;283288;425441;1576;38167915;27750767;78282
FR;0;2021-07-20;374348;453083;1648;38542263;28203850;79930
FR;0;2021-07-21;393231;408413;1496;38935494;28612263;81426
FR;0;2021-07-22;438234;388409;1659;39373728;29000672;83085
FR;0;2021-07-23;436375;422835;1793;39810103;29423507;84878
FR;0;2021-07-24;284178;269954;766;40094281;29693461;85644
FR;0;2021-07-25;120224;80187;222;40214505;29773648;85866
FR;0;2021-07-26;345531;323679;1569;40560036;30097327;87435
FR;0;2021-07-27;461262;320574;1645;41021298;30417901;89080
FR;0;2021-07-28;456625;290178;1594;41477923;30708079;90674
FR;0;2021-07-29;486947;276605;1749;41964870;30984684;92423
FR;0;2021-07-30;459094;302630;1885;42423964;31287314;94308
FR;0;2021-07-31;284273;184891;877;42708237;31472205;95185
FR;0;2021-08-01;109632;49994;221;42817869;31522199;95406
FR;0;2021-08-02;335342;234126;1546;43153211;31756325;96952
FR;0;2021-08-03;393634;245130;1631;43546845;32001455;98583
FR;0;2021-08-04;381429;210085;1529;43928274;32211540;100112
FR;0;2021-08-05;362806;228553;1647;44291080;32440093;101759
FR;0;2021-08-06;356725;271726;1773;44647805;32711819;103532
FR;0;2021-08-07;211223;178347;734;44859028;32890166;104266
FR;0;2021-08-08;72596;63249;239;44931624;32953415;104505
FR;0;2021-08-09;256071;259673;1478;45187695;33213088;105983
FR;0;2021-08-10;302882;278293;1585;45490577;33491381;107568
FR;0;2021-08-11;276595;260384;1358;45767172;33751765;108926
FR;0;2021-08-12;268752;278188;1584;46035924;34029953;110510
FR;0;2021-08-13;249847;275274;1537;46285771;34305227;112047
FR;0;2021-08-14;144091;197995;710;46429862;34503222;112757
FR;0;2021-08-15;37632;50209;180;46467494;34553431;112937
FR;0;2021-08-16;184003;318383;1452;46651497;34871814;114389
FR;0;2021-08-17;213059;336836;1555;46864556;35208650;115944
FR;0;2021-08-18;196678;324696;1525;47061234;35533346;117469
FR;0;2021-08-19;189981;325309;1549;47251215;35858655;119018
FR;0;2021-08-20;183766;364882;1688;47434981;36223537;120706
FR;0;2021-08-21;103777;237987;648;47538758;36461524;121354
FR;0;2021-08-22;31460;87190;217;47570218;36548714;121571
FR;0;2021-08-23;139380;356925;1489;47709598;36905639;123060
FR;0;2021-08-24;160839;376782;1755;47870437;37282421;124815
FR;0;2021-08-25;149116;350484;1927;48019553;37632905;126742
FR;0;2021-08-26;141074;341974;2471;48160627;37974879;129213
FR;0;2021-08-27;146422;387028;2714;48307049;38361907;131927
FR;0;2021-08-28;89715;249421;1346;48396764;38611328;133273
FR;0;2021-08-29;26867;83169;481;48423631;38694497;133754
FR;0;2021-08-30;115754;324553;4583;48539385;39019050;138337
FR;0;2021-08-31;127460;334500;9945;48666845;39353550;148282
FR;0;2021-09-01;121947;284919;21823;48788792;39638469;170105
FR;0;2021-09-02;103637;246913;25801;48892429;39885382;195906
FR;0;2021-09-03;113450;292255;29335;49005879;40177637;225241
FR;0;2021-09-04;87932;217416;12363;49093811;40395053;237604
FR;0;2021-09-05;20788;44992;4271;49114599;40440045;241875
FR;0;2021-09-06;69502;180669;31457;49184101;40620714;273332
FR;0;2021-09-07;73694;181005;32449;49257795;40801719;305781
FR;0;2021-09-08;84121;205898;29137;49341916;41007617;334918
FR;0;2021-09-09;71248;164762;31756;49413164;41172379;366674
FR;0;2021-09-10;89659;203002;34202;49502823;41375381;400876
FR;0;2021-09-11;64360;168685;11769;49567183;41544066;412645
FR;0;2021-09-12;12219;32090;2636;49579402;41576156;415281
FR;0;2021-09-13;57982;126263;39778;49637384;41702419;455059
FR;0;2021-09-14;69306;128810;54211;49706690;41831229;509270
FR;0;2021-09-15;71430;167422;53963;49778120;41998651;563233
FR;0;2021-09-16;60107;113985;57668;49838227;42112636;620901
FR;0;2021-09-17;71376;156342;52335;49909603;42268978;673236
FR;0;2021-09-18;46057;139154;15265;49955660;42408132;688501
FR;0;2021-09-19;7362;23786;2310;49963022;42431918;690811
FR;0;2021-09-20;39944;93600;48243;50002966;42525518;739054
FR;0;2021-09-21;43338;98355;60196;50046304;42623873;799250
FR;0;2021-09-22;45628;140993;53069;50091932;42764866;852319
FR;0;2021-09-23;40792;90553;59325;50132724;42855419;911644
FR;0;2021-09-24;49685;131596;52299;50182409;42987015;963943
FR;0;2021-09-25;32647;114801;15958;50215056;43101816;979901
FR;0;2021-09-26;5064;17825;2181;50220120;43119641;982082
FR;0;2021-09-27;31888;76544;45542;50252008;43196185;1027624
FR;0;2021-09-28;34478;74305;52300;50286486;43270490;1079924
FR;0;2021-09-29;42167;100203;50602;50328653;43370693;1130526
FR;0;2021-09-30;33921;70276;54000;50362574;43440969;1184526
FR;0;2021-10-01;45014;98407;55807;50407588;43539376;1240333
FR;0;2021-10-02;35089;77690;20612;50442677;43617066;1260945
FR;0;2021-10-03;4748;10630;2422;50447425;43627696;1263367
FR;0;2021-10-04;27454;57658;51001;50474879;43685354;1314368
FR;0;2021-10-05;28623;63777;58015;50503502;43749131;1372383
FR;0;2021-10-06;38258;78536;63298;50541760;43827667;1435681
FR;0;2021-10-07;27632;61333;62073;50569392;43889000;1497754
FR;0;2021-10-08;42880;91066;74559;50612272;43980066;1572313
FR;0;2021-10-09;31712;60366;30827;50643984;44040432;1603140
FR;0;2021-10-10;3714;7078;3028;50647698;44047510;1606168
FR;0;2021-10-11;26219;49580;58157;50673917;44097090;1664325
