fra;vaccin;jour;n_dose1;n_dose2;n_dose3;n_dose4;n_complet;n_rappel;n_2_rappel;n_rappel_biv;n_3_rappel;n_cum_dose1;n_cum_dose2;n_cum_dose3;n_cum_dose4;n_cum_complet;n_cum_rappel;n_cum_2_rappel;n_cum_rappel_biv;n_cum_3_rappel
FR;1;2020-12-27;616;0;0;0;55;0;0;0;0;616;0;0;0;55;0;0;0;0
FR;1;2020-12-28;704;1;0;0;43;0;0;0;0;1320;1;0;0;98;0;0;0;0
FR;1;2020-12-29;387;0;0;0;19;0;0;0;0;1707;1;0;0;117;0;0;0;0
FR;1;2020-12-30;453;0;0;0;18;0;0;0;0;2160;1;0;0;135;0;0;0;0
FR;1;2020-12-31;447;1;0;0;21;0;0;0;0;2607;2;0;0;156;0;0;0;0
FR;1;2021-01-01;1192;2;0;0;66;0;0;0;0;3799;4;0;0;222;0;0;0;0
FR;1;2021-01-02;367;4;0;0;29;0;0;0;0;4166;8;0;0;251;0;0;0;0
FR;1;2021-01-03;417;0;0;0;23;0;0;0;0;4583;8;0;0;274;0;0;0;0
FR;1;2021-01-04;2135;5;0;0;51;0;0;0;0;6718;13;0;0;325;0;0;0;0
FR;1;2021-01-05;7770;6;0;0;128;0;0;0;0;14488;19;0;0;453;0;0;0;0
FR;1;2021-01-06;12476;23;0;0;127;0;0;0;0;26964;42;0;0;580;0;0;0;0
FR;1;2021-01-07;29477;23;0;0;159;0;0;0;0;56441;65;0;0;739;0;0;0;0
FR;1;2021-01-08;37169;35;0;0;203;0;0;0;0;93610;100;0;0;942;0;0;0;0
FR;1;2021-01-09;11220;9;0;0;77;0;0;0;0;104830;109;0;0;1019;0;0;0;0
FR;1;2021-01-10;6015;8;0;0;28;0;0;0;0;110845;117;0;0;1047;0;0;0;0
FR;1;2021-01-11;39954;39;0;0;231;0;0;0;0;150799;156;0;0;1278;0;0;0;0
FR;1;2021-01-12;62159;30;0;0;298;0;0;0;0;212958;186;0;0;1576;0;0;0;0
FR;1;2021-01-13;65146;62;0;0;433;0;0;0;0;278104;248;0;0;2009;0;0;0;0
FR;1;2021-01-14;81469;256;0;0;959;0;0;0;0;359573;504;0;0;2968;0;0;0;0
FR;1;2021-01-15;68634;100;0;0;528;0;0;0;0;428207;604;0;0;3496;0;0;0;0
FR;1;2021-01-16;19903;73;0;0;172;0;0;0;0;448110;677;0;0;3668;0;0;0;0
FR;1;2021-01-17;10909;54;0;0;130;0;0;0;0;459019;731;0;0;3798;0;0;0;0
FR;1;2021-01-18;82848;176;0;0;589;0;0;0;0;541867;907;0;0;4387;0;0;0;0
FR;1;2021-01-19;125935;208;0;0;837;0;0;0;0;667802;1115;0;0;5224;0;0;0;0
FR;1;2021-01-20;132429;190;0;0;779;0;0;0;0;800231;1305;0;0;6003;0;0;0;0
FR;1;2021-01-21;153082;196;0;0;896;0;0;0;0;953313;1501;0;0;6899;0;0;0;0
FR;1;2021-01-22;115968;239;0;0;775;0;0;0;0;1069281;1740;0;0;7674;0;0;0;0
FR;1;2021-01-23;36616;81;0;0;204;0;0;0;0;1105897;1821;0;0;7878;0;0;0;0
FR;1;2021-01-24;9589;127;0;0;186;0;0;0;0;1115486;1948;0;0;8064;0;0;0;0
FR;1;2021-01-25;74440;1449;0;0;1767;0;0;0;0;1189926;3397;0;0;9831;0;0;0;0
FR;1;2021-01-26;96468;3700;1;0;4142;0;0;0;0;1286394;7097;1;0;13973;0;0;0;0
FR;1;2021-01-27;103658;6432;0;0;7116;0;0;0;0;1390052;13529;1;0;21089;0;0;0;0
FR;1;2021-01-28;120622;16389;0;0;17177;0;0;0;0;1510674;29918;1;0;38266;0;0;0;0
FR;1;2021-01-29;88902;18755;0;0;19295;0;0;0;0;1599576;48673;1;0;57561;0;0;0;0
FR;1;2021-01-30;27995;4526;0;0;4650;0;0;0;0;1627571;53199;1;0;62211;0;0;0;0
FR;1;2021-01-31;5194;1903;0;0;1941;0;0;0;0;1632765;55102;1;0;64152;0;0;0;0
FR;1;2021-02-01;49750;22991;0;0;23231;0;0;0;0;1682515;78093;1;0;87383;0;0;0;0
FR;1;2021-02-02;67838;38112;0;0;38570;0;0;0;0;1750353;116205;1;0;125953;0;0;0;0
FR;1;2021-02-03;67104;40162;0;0;40595;0;0;0;0;1817457;156367;1;0;166548;0;0;0;0
FR;1;2021-02-04;77149;54991;0;0;55561;0;0;0;0;1894606;211358;1;0;222109;0;0;0;0
FR;1;2021-02-05;63435;48155;0;0;48559;0;0;0;0;1958041;259513;1;0;270668;0;0;0;0
FR;1;2021-02-06;19428;11421;0;0;11528;0;0;0;0;1977469;270934;1;0;282196;0;0;0;0
FR;1;2021-02-07;3669;6057;0;0;6084;0;0;0;0;1981138;276991;1;0;288280;0;0;0;0
FR;1;2021-02-08;36508;48733;0;0;48981;0;0;0;0;2017646;325724;1;0;337261;0;0;0;0
FR;1;2021-02-09;50825;78325;0;0;78851;0;0;0;0;2068471;404049;1;0;416112;0;0;0;0
FR;1;2021-02-10;52080;83299;0;0;83780;0;0;0;0;2120551;487348;1;0;499892;0;0;0;0
FR;1;2021-02-11;63393;105356;0;0;106248;0;0;0;0;2183944;592704;1;0;606140;0;0;0;0
FR;1;2021-02-12;55886;75774;0;0;76456;0;0;0;0;2239830;668478;1;0;682596;0;0;0;0
FR;1;2021-02-13;15469;19294;0;0;19406;0;0;0;0;2255299;687772;1;0;702002;0;0;0;0
FR;1;2021-02-14;3747;7333;0;0;7399;0;0;0;0;2259046;695105;1;0;709401;0;0;0;0
FR;1;2021-02-15;24172;73641;0;0;73891;0;0;0;0;2283218;768746;1;0;783292;0;0;0;0
FR;1;2021-02-16;32787;95539;0;0;95938;0;0;0;0;2316005;864285;1;0;879230;0;0;0;0
FR;1;2021-02-17;35135;102276;20;0;102927;0;0;0;0;2351140;966561;21;0;982157;0;0;0;0
FR;1;2021-02-18;49463;118425;0;0;119414;0;0;0;0;2400603;1084986;21;0;1101571;0;0;0;0
FR;1;2021-02-19;45398;87746;1;0;88685;0;0;0;0;2446001;1172732;22;0;1190256;0;0;0;0
FR;1;2021-02-20;13398;27032;0;0;27208;0;0;0;0;2459399;1199764;22;0;1217464;0;0;0;0
FR;1;2021-02-21;2470;5945;0;0;6013;0;0;0;0;2461869;1205709;22;0;1223477;0;0;0;0
FR;1;2021-02-22;24725;69417;2;0;69710;0;0;0;0;2486594;1275126;24;0;1293187;0;0;0;0
FR;1;2021-02-23;37441;81520;1;0;82216;0;0;0;0;2524035;1356646;25;0;1375403;0;0;0;0
FR;1;2021-02-24;40714;79347;1;0;80046;0;0;0;0;2564749;1435993;26;0;1455449;0;0;0;0
FR;1;2021-02-25;50173;87773;1;0;88863;0;0;0;0;2614922;1523766;27;0;1544312;0;0;0;0
FR;1;2021-02-26;47233;67555;1;0;68432;0;0;0;0;2662155;1591321;28;0;1612744;0;0;0;0
FR;1;2021-02-27;15688;21352;1;0;21561;0;0;0;0;2677843;1612673;29;0;1634305;0;0;0;0
FR;1;2021-02-28;3566;4113;2;0;4186;0;0;0;0;2681409;1616786;31;0;1638491;0;0;0;0
FR;1;2021-03-01;40226;50329;1;0;51059;0;0;0;0;2721635;1667115;32;0;1689550;0;0;0;0
FR;1;2021-03-02;55993;62464;3;0;63643;0;0;0;0;2777628;1729579;35;0;1753193;0;0;0;0
FR;1;2021-03-03;61265;60500;0;0;61936;0;0;0;0;2838893;1790079;35;0;1815129;0;0;0;0
FR;1;2021-03-04;73021;68352;3;0;70563;0;0;0;0;2911914;1858431;38;0;1885692;0;0;0;0
FR;1;2021-03-05;74786;58594;3;0;60493;0;0;0;0;2986700;1917025;41;0;1946185;0;0;0;0
FR;1;2021-03-06;82472;15755;2;0;17461;0;0;0;0;3069172;1932780;43;0;1963646;0;0;0;0
FR;1;2021-03-07;63733;3942;1;0;5486;0;0;0;0;3132905;1936722;44;0;1969132;0;0;0;0
FR;1;2021-03-08;60195;41155;2;0;42438;0;0;0;0;3193100;1977877;46;0;2011570;0;0;0;0
FR;1;2021-03-09;86015;47391;1;0;49384;0;0;0;0;3279115;2025268;47;0;2060954;0;0;0;0
FR;1;2021-03-10;90947;47751;5;0;50017;0;0;0;0;3370062;2073019;52;0;2110971;0;0;0;0
FR;1;2021-03-11;105104;54579;1;0;57649;0;0;0;0;3475166;2127598;53;0;2168620;0;0;0;0
FR;1;2021-03-12;104165;44875;1;0;47873;0;0;0;0;3579331;2172473;54;0;2216493;0;0;0;0
FR;1;2021-03-13;89223;12595;1;0;14812;0;0;0;0;3668554;2185068;55;0;2231305;0;0;0;0
FR;1;2021-03-14;44462;2675;1;0;4008;0;0;0;0;3713016;2187743;56;0;2235313;0;0;0;0
FR;1;2021-03-15;95537;27963;3;0;30311;0;0;0;0;3808553;2215706;59;0;2265624;0;0;0;0
FR;1;2021-03-16;123607;34042;5;0;37587;0;0;0;0;3932160;2249748;64;0;2303211;0;0;0;0
FR;1;2021-03-17;129324;33533;4;0;37585;0;0;0;0;4061484;2283281;68;0;2340796;0;0;0;0
FR;1;2021-03-18;142918;39174;5;0;43848;0;0;0;0;4204402;2322455;73;0;2384644;0;0;0;0
FR;1;2021-03-19;136281;31999;2;0;36590;0;0;0;0;4340683;2354454;75;0;2421234;0;0;0;0
FR;1;2021-03-20;76024;9752;1;0;11969;0;0;0;0;4416707;2364206;76;0;2433203;0;0;0;0
FR;1;2021-03-21;26520;1975;1;0;2964;0;0;0;0;4443227;2366181;77;0;2436167;0;0;0;0
FR;1;2021-03-22;114782;30220;2;0;34049;0;0;0;0;4558009;2396401;79;0;2470216;0;0;0;0
FR;1;2021-03-23;143060;38012;1;0;42801;0;0;0;0;4701069;2434413;80;0;2513017;0;0;0;0
FR;1;2021-03-24;142027;38389;0;0;43255;0;0;0;0;4843096;2472802;80;0;2556272;0;0;0;0
FR;1;2021-03-25;165039;39860;4;0;46022;0;0;0;0;5008135;2512662;84;0;2602294;0;0;0;0
FR;1;2021-03-26;166423;37384;5;1;44002;0;0;0;0;5174558;2550046;89;1;2646296;0;0;0;0
FR;1;2021-03-27;110907;15475;1;0;19486;0;0;0;0;5285465;2565521;90;1;2665782;0;0;0;0
FR;1;2021-03-28;42312;4420;3;0;5975;0;0;0;0;5327777;2569941;93;1;2671757;0;0;0;0
FR;1;2021-03-29;129848;48987;4;0;53645;0;0;0;0;5457625;2618928;97;1;2725402;0;0;0;0
FR;1;2021-03-30;167758;63810;5;0;70817;0;0;0;0;5625383;2682738;102;1;2796219;0;0;0;0
FR;1;2021-03-31;170969;67978;4;0;75509;0;0;0;0;5796352;2750716;106;1;2871728;0;0;0;0
FR;1;2021-04-01;194876;84083;10;0;93580;0;0;0;0;5991228;2834799;116;1;2965308;0;0;0;0
FR;1;2021-04-02;164474;86860;7;0;94681;0;0;0;0;6155702;2921659;123;1;3059989;0;0;0;0
FR;1;2021-04-03;88261;58206;6;0;61752;0;0;0;0;6243963;2979865;129;1;3121741;0;0;0;0
FR;1;2021-04-04;33664;17727;0;0;19226;0;0;0;0;6277627;2997592;129;1;3140967;0;0;0;0
FR;1;2021-04-05;46429;9568;11;0;11445;0;0;0;0;6324056;3007160;140;1;3152412;0;0;0;0
FR;1;2021-04-06;160350;105595;17;0;112072;0;0;0;0;6484406;3112755;157;1;3264484;0;0;0;0
FR;1;2021-04-07;197038;108102;16;0;116934;0;0;0;0;6681444;3220857;173;1;3381418;0;0;0;0
FR;1;2021-04-08;222189;114329;14;0;125683;0;0;0;0;6903633;3335186;187;1;3507101;0;0;0;0
FR;1;2021-04-09;214614;108039;21;0;118932;0;0;0;0;7118247;3443225;208;1;3626033;0;0;0;0
FR;1;2021-04-10;117206;73237;14;0;78384;0;0;0;0;7235453;3516462;222;1;3704417;0;0;0;0
FR;1;2021-04-11;40903;29890;6;0;31793;0;0;0;0;7276356;3546352;228;1;3736210;0;0;0;0
FR;1;2021-04-12;168504;104579;46;0;111820;0;0;0;0;7444860;3650931;274;1;3848030;0;0;0;0
FR;1;2021-04-13;203844;127769;97;1;137111;0;0;0;0;7648704;3778700;371;2;3985141;0;0;0;0
FR;1;2021-04-14;208677;122997;208;0;133226;0;0;0;0;7857381;3901697;579;2;4118367;0;0;0;0
FR;1;2021-04-15;221738;128201;313;0;139245;0;0;0;0;8079119;4029898;892;2;4257612;0;0;0;0
FR;1;2021-04-16;206108;125764;309;0;135434;0;0;0;0;8285227;4155662;1201;2;4393046;0;0;0;0
FR;1;2021-04-17;122111;67121;103;0;72182;0;0;0;0;8407338;4222783;1304;2;4465228;0;0;0;0
FR;1;2021-04-18;35979;21007;42;0;22714;0;0;0;0;8443317;4243790;1346;2;4487942;0;0;0;0
FR;1;2021-04-19;163779;121605;432;0;129150;0;0;0;0;8607096;4365395;1778;2;4617092;0;0;0;0
FR;1;2021-04-20;189484;149762;531;0;158888;0;0;0;0;8796580;4515157;2309;2;4775980;0;0;0;0
FR;1;2021-04-21;194049;147733;760;0;157258;0;0;0;0;8990629;4662890;3069;2;4933238;0;0;0;0
FR;1;2021-04-22;209078;164572;778;0;175803;0;0;0;0;9199707;4827462;3847;2;5109041;0;0;0;0
FR;1;2021-04-23;198994;158094;671;0;169109;0;0;0;0;9398701;4985556;4518;2;5278150;0;0;0;0
FR;1;2021-04-24;126354;95876;148;0;101946;0;0;0;0;9525055;5081432;4666;2;5380096;0;0;0;0
FR;1;2021-04-25;53640;30081;46;0;32837;0;0;0;0;9578695;5111513;4712;2;5412933;0;0;0;0
FR;1;2021-04-26;181174;140293;542;0;149008;0;0;0;0;9759869;5251806;5254;2;5561941;0;0;0;0
FR;1;2021-04-27;221401;162595;901;0;173967;0;0;0;0;9981270;5414401;6155;2;5735908;0;0;0;0
FR;1;2021-04-28;238350;156187;1314;1;168873;1;0;0;0;10219620;5570588;7469;3;5904781;1;0;0;0
FR;1;2021-04-29;270344;161628;1211;0;177234;0;0;0;0;10489964;5732216;8680;3;6082015;1;0;0;0
FR;1;2021-04-30;272024;149014;1074;0;165116;0;0;0;0;10761988;5881230;9754;3;6247131;1;0;0;0
FR;1;2021-05-01;141178;40611;173;0;48639;0;0;0;0;10903166;5921841;9927;3;6295770;1;0;0;0
FR;1;2021-05-02;81561;28234;81;0;32988;0;0;0;0;10984727;5950075;10008;3;6328758;1;0;0;0
FR;1;2021-05-03;250818;142210;803;0;155906;0;0;0;0;11235545;6092285;10811;3;6484664;1;0;0;0
FR;1;2021-05-04;265932;187956;1204;0;203536;0;0;0;0;11501477;6280241;12015;3;6688200;1;0;0;0
FR;1;2021-05-05;283946;186247;1268;0;202907;0;0;0;0;11785423;6466488;13283;3;6891107;1;0;0;0
FR;1;2021-05-06;310027;184495;1502;0;204253;0;0;0;0;12095450;6650983;14785;3;7095360;1;0;0;0
FR;1;2021-05-07;284145;196738;1127;0;214563;0;0;0;0;12379595;6847721;15912;3;7309923;1;0;0;0
FR;1;2021-05-08;191683;51536;285;0;62920;0;0;0;0;12571278;6899257;16197;3;7372843;1;0;0;0
FR;1;2021-05-09;114074;34250;236;0;41422;0;0;0;0;12685352;6933507;16433;3;7414265;1;0;0;0
FR;1;2021-05-10;258235;195062;1188;0;211056;0;0;0;0;12943587;7128569;17621;3;7625321;1;0;0;0
FR;1;2021-05-11;318937;211210;1465;0;231449;0;0;0;0;13262524;7339779;19086;3;7856770;1;0;0;0
FR;1;2021-05-12;356687;186101;1401;0;208409;0;0;0;0;13619211;7525880;20487;3;8065179;1;0;0;0
FR;1;2021-05-13;283469;47334;401;0;64260;0;0;0;0;13902680;7573214;20888;3;8129439;1;0;0;0
FR;1;2021-05-14;370536;128531;995;0;151952;0;0;0;0;14273216;7701745;21883;3;8281391;1;0;0;0
FR;1;2021-05-15;298123;66202;404;0;84909;0;0;0;0;14571339;7767947;22287;3;8366300;1;0;0;0
FR;1;2021-05-16;157795;15471;158;0;26039;0;0;0;0;14729134;7783418;22445;3;8392339;1;0;0;0
FR;1;2021-05-17;318954;116198;1441;0;138163;0;0;0;0;15048088;7899616;23886;3;8530502;1;0;0;0
FR;1;2021-05-18;383372;111676;1801;0;137625;0;0;0;0;15431460;8011292;25687;3;8668127;1;0;0;0
FR;1;2021-05-19;395314;101563;2184;0;128506;0;0;0;0;15826774;8112855;27871;3;8796633;1;0;0;0
FR;1;2021-05-20;421850;95633;2049;0;125106;0;0;0;0;16248624;8208488;29920;3;8921739;1;0;0;0
FR;1;2021-05-21;399839;97406;1764;0;125813;0;0;0;0;16648463;8305894;31684;3;9047552;1;0;0;0
FR;1;2021-05-22;275711;41921;604;0;60945;0;0;0;0;16924174;8347815;32288;3;9108497;1;0;0;0
FR;1;2021-05-23;123029;10970;224;0;20574;0;0;0;0;17047203;8358785;32512;3;9129071;1;0;0;0
FR;1;2021-05-24;244026;26261;569;0;43790;0;0;0;0;17291229;8385046;33081;3;9172861;1;0;0;0
FR;1;2021-05-25;366243;131494;2115;1;158431;0;0;0;0;17657472;8516540;35196;4;9331292;1;0;0;0
FR;1;2021-05-26;380843;127435;1996;0;155772;0;0;0;0;18038315;8643975;37192;4;9487064;1;0;0;0
FR;1;2021-05-27;406187;128304;1978;0;158790;0;0;0;0;18444502;8772279;39170;4;9645854;1;0;0;0
FR;1;2021-05-28;366066;145682;1702;0;174246;0;0;0;0;18810568;8917961;40872;4;9820100;1;0;0;0
FR;1;2021-05-29;253848;81130;527;0;100329;0;0;0;0;19064416;8999091;41399;4;9920429;1;0;0;0
FR;1;2021-05-30;100983;22600;158;0;30834;0;0;0;0;19165399;9021691;41557;4;9951263;1;0;0;0
FR;1;2021-05-31;314347;149232;1286;1;172495;1;0;0;0;19479746;9170923;42843;5;10123758;2;0;0;0
FR;1;2021-06-01;361689;166414;1733;1;194120;1;0;0;0;19841435;9337337;44576;6;10317878;3;0;0;0
FR;1;2021-06-02;365419;154408;1797;0;183950;0;0;0;0;20206854;9491745;46373;6;10501828;3;0;0;0
FR;1;2021-06-03;391470;147429;1654;0;178408;0;0;0;0;20598324;9639174;48027;6;10680236;3;0;0;0
FR;1;2021-06-04;364134;175858;1496;1;205150;1;0;0;0;20962458;9815032;49523;7;10885386;4;0;0;0
FR;1;2021-06-05;258530;112822;597;0;133187;0;0;0;0;21220988;9927854;50120;7;11018573;4;0;0;0
FR;1;2021-06-06;126828;37561;216;0;48200;0;0;0;0;21347816;9965415;50336;7;11066773;4;0;0;0
FR;1;2021-06-07;301122;207770;1368;0;233049;0;0;0;0;21648938;10173185;51704;7;11299822;4;0;0;0
FR;1;2021-06-08;330891;220980;1645;0;248943;0;0;0;0;21979829;10394165;53349;7;11548765;4;0;0;0
FR;1;2021-06-09;336633;210977;1614;0;239749;0;0;0;0;22316462;10605142;54963;7;11788514;4;0;0;0
FR;1;2021-06-10;343930;199630;1614;0;229372;0;0;0;0;22660392;10804772;56577;7;12017886;4;0;0;0
FR;1;2021-06-11;311931;234688;1299;1;262598;0;0;0;0;22972323;11039460;57876;8;12280484;4;0;0;0
FR;1;2021-06-12;244098;150601;438;0;172213;0;0;0;0;23216421;11190061;58314;8;12452697;4;0;0;0
FR;1;2021-06-13;100379;61037;188;0;70699;0;0;0;0;23316800;11251098;58502;8;12523396;4;0;0;0
FR;1;2021-06-14;207867;287620;1320;1;307428;0;0;0;0;23524667;11538718;59822;9;12830824;4;0;0;0
FR;1;2021-06-15;256896;281137;1400;1;304986;0;0;0;0;23781563;11819855;61222;10;13135810;4;0;0;0
FR;1;2021-06-16;273678;270692;1263;1;296128;0;0;0;0;24055241;12090547;62485;11;13431938;4;0;0;0
FR;1;2021-06-17;268244;245035;1241;1;271103;0;0;0;0;24323485;12335582;63726;12;13703041;4;0;0;0
FR;1;2021-06-18;260622;295206;1156;1;321030;0;0;0;0;24584107;12630788;64882;13;14024071;4;0;0;0
FR;1;2021-06-19;193463;209595;388;0;228255;0;0;0;0;24777570;12840383;65270;13;14252326;4;0;0;0
FR;1;2021-06-20;69723;89036;121;0;96878;0;0;0;0;24847293;12929419;65391;13;14349204;4;0;0;0
FR;1;2021-06-21;172392;319764;934;1;338475;1;0;0;0;25019685;13249183;66325;14;14687679;5;0;0;0
FR;1;2021-06-22;185890;348030;1102;10;369090;1;0;0;0;25205575;13597213;67427;24;15056769;6;0;0;0
FR;1;2021-06-23;204232;339602;1050;0;363503;0;0;0;0;25409807;13936815;68477;24;15420272;6;0;0;0
FR;1;2021-06-24;203548;282035;1176;0;306778;0;0;0;0;25613355;14218850;69653;24;15727050;6;0;0;0
FR;1;2021-06-25;182675;371689;1200;0;395698;0;0;0;0;25796030;14590539;70853;24;16122748;6;0;0;0
FR;1;2021-06-26;131408;278581;504;0;295956;0;0;0;0;25927438;14869120;71357;24;16418704;6;0;0;0
FR;1;2021-06-27;52418;122851;146;0;130392;0;0;0;0;25979856;14991971;71503;24;16549096;6;0;0;0
FR;1;2021-06-28;136675;368223;1065;0;386826;0;0;0;0;26116531;15360194;72568;24;16935922;6;0;0;0
FR;1;2021-06-29;154911;391112;1848;0;412214;0;0;0;0;26271442;15751306;74416;24;17348136;6;0;0;0
FR;1;2021-06-30;180073;381905;1667;4;406515;2;0;0;0;26451515;16133211;76083;28;17754651;8;0;0;0
FR;1;2021-07-01;201573;332498;1890;5;360577;0;0;0;0;26653088;16465709;77973;33;18115228;8;0;0;0
FR;1;2021-07-02;193887;367259;1765;5;395467;2;0;0;0;26846975;16832968;79738;38;18510695;10;0;0;0
FR;1;2021-07-03;124484;280418;704;3;299526;1;0;0;0;26971459;17113386;80442;41;18810221;11;0;0;0
FR;1;2021-07-04;53966;113724;244;0;122132;0;0;0;0;27025425;17227110;80686;41;18932353;11;0;0;0
FR;1;2021-07-05;153973;355757;1500;8;379097;0;0;0;0;27179398;17582867;82186;49;19311450;11;0;0;0
FR;1;2021-07-06;173529;382286;1603;45;408183;8;0;0;0;27352927;17965153;83789;94;19719633;19;0;0;0
FR;1;2021-07-07;190863;362310;1659;25;390660;2;0;0;0;27543790;18327463;85448;119;20110293;21;0;0;0
FR;1;2021-07-08;201586;322945;1826;20;353602;2;0;0;0;27745376;18650408;87274;139;20463895;23;0;0;0
FR;1;2021-07-09;189992;387777;1854;3;418197;2;0;0;0;27935368;19038185;89128;142;20882092;25;0;0;0
FR;1;2021-07-10;129962;281174;818;1;302603;1;0;0;0;28065330;19319359;89946;143;21184695;26;0;0;0
FR;1;2021-07-11;57686;102527;263;0;112414;0;0;0;0;28123016;19421886;90209;143;21297109;26;0;0;0
FR;1;2021-07-12;149928;416807;1587;4;442807;0;0;0;0;28272944;19838693;91796;147;21739916;26;0;0;0
FR;1;2021-07-13;234303;438989;1808;8;476187;0;0;0;0;28507247;20277682;93604;155;22216103;26;0;0;0
FR;1;2021-07-14;171929;151316;418;0;176953;0;0;0;0;28679176;20428998;94022;155;22393056;26;0;0;0
FR;1;2021-07-15;279701;424123;1859;1;467108;0;0;0;0;28958877;20853121;95881;156;22860164;26;0;0;0
FR;1;2021-07-16;290446;400549;1711;3;445208;1;0;0;0;29249323;21253670;97592;159;23305372;27;0;0;0
FR;1;2021-07-17;217354;281978;755;1;315454;0;0;0;0;29466677;21535648;98347;160;23620826;27;0;0;0
FR;1;2021-07-18;102026;107206;288;0;123097;0;0;0;0;29568703;21642854;98635;160;23743923;27;0;0;0
FR;1;2021-07-19;238244;378374;1498;3;414432;0;0;0;0;29806947;22021228;100133;163;24158355;27;0;0;0
FR;1;2021-07-20;305773;379736;1471;0;425571;0;0;0;0;30112720;22400964;101604;163;24583926;27;0;0;0
FR;1;2021-07-21;333305;352716;1413;4;404109;1;0;0;0;30446025;22753680;103017;167;24988035;28;0;0;0
FR;1;2021-07-22;364695;318522;1502;3;374950;2;0;0;0;30810720;23072202;104519;170;25362985;30;0;0;0
FR;1;2021-07-23;349408;342752;1589;4;398306;1;0;0;0;31160128;23414954;106108;174;25761291;31;0;0;0
FR;1;2021-07-24;238968;240730;697;1;278066;0;0;0;0;31399096;23655684;106805;175;26039357;31;0;0;0
FR;1;2021-07-25;112809;76010;223;0;93710;0;0;0;0;31511905;23731694;107028;175;26133067;31;0;0;0
FR;1;2021-07-26;299147;289281;1495;2;335001;1;0;0;0;31811052;24020975;108523;177;26468068;32;0;0;0
FR;1;2021-07-27;385852;267870;1459;4;324844;1;0;0;0;32196904;24288845;109982;181;26792912;33;0;0;0
FR;1;2021-07-28;390217;250890;1463;4;307188;1;0;0;0;32587121;24539735;111445;185;27100100;34;0;0;0
FR;1;2021-07-29;406151;227579;1541;2;284292;0;0;0;0;32993272;24767314;112986;187;27384392;34;0;0;0
FR;1;2021-07-30;370758;246509;1639;4;298357;1;0;0;0;33364030;25013823;114625;191;27682749;35;0;0;0
FR;1;2021-07-31;243386;165080;794;1;199415;0;0;0;0;33607416;25178903;115419;192;27882164;35;0;0;0
FR;1;2021-08-01;105602;47205;237;0;61200;0;0;0;0;33713018;25226108;115656;192;27943364;35;0;0;0
FR;1;2021-08-02;297431;212821;1480;2;250616;0;0;0;0;34010449;25438929;117136;194;28193980;35;0;0;0
FR;1;2021-08-03;331351;208687;1557;2;250665;1;0;0;0;34341800;25647616;118693;196;28444645;36;0;0;0
FR;1;2021-08-04;328056;183817;1440;5;223977;3;0;0;0;34669856;25831433;120133;201;28668622;39;0;0;0
FR;1;2021-08-05;301292;193085;1483;0;229384;0;0;0;0;34971148;26024518;121616;201;28898006;39;0;0;0
FR;1;2021-08-06;290995;224088;1560;3;261386;0;0;0;0;35262143;26248606;123176;204;29159392;39;0;0;0
FR;1;2021-08-07;182676;158759;655;5;181676;1;0;0;0;35444819;26407365;123831;209;29341068;40;0;0;0
FR;1;2021-08-08;68893;59099;253;0;67628;0;0;0;0;35513712;26466464;124084;209;29408696;40;0;0;0
FR;1;2021-08-09;222794;235153;1445;4;263869;2;0;0;0;35736506;26701617;125529;213;29672565;42;0;0;0
FR;1;2021-08-10;252756;239842;1493;2;271691;0;0;0;0;35989262;26941459;127022;215;29944256;42;0;0;0
FR;1;2021-08-11;236251;231731;1271;5;261249;0;0;0;0;36225513;27173190;128293;220;30205505;42;0;0;0
FR;1;2021-08-12;220795;239731;1491;3;267837;0;0;0;0;36446308;27412921;129784;223;30473342;42;0;0;0
FR;1;2021-08-13;201726;238493;1360;2;264046;2;0;0;0;36648034;27651414;131144;225;30737388;44;0;0;0
FR;1;2021-08-14;122871;174035;645;0;189549;0;0;0;0;36770905;27825449;131789;225;30926937;44;0;0;0
FR;1;2021-08-15;34709;46117;201;1;50337;0;0;0;0;36805614;27871566;131990;226;30977274;44;0;0;0
FR;1;2021-08-16;156968;289332;1424;0;309914;0;0;0;0;36962582;28160898;133414;226;31287188;44;0;0;0
FR;1;2021-08-17;171620;290957;1422;5;313362;0;0;0;0;37134202;28451855;134836;231;31600550;44;0;0;0
FR;1;2021-08-18;161442;286666;1394;6;307306;3;0;0;0;37295644;28738521;136230;237;31907856;47;0;0;0
FR;1;2021-08-19;148959;277411;1405;1;297266;0;0;0;0;37444603;29015932;137635;238;32205122;47;0;0;0
FR;1;2021-08-20;140527;308920;1533;2;328164;2;0;0;0;37585130;29324852;139168;240;32533286;49;0;0;0
FR;1;2021-08-21;84281;213204;589;0;224529;0;0;0;0;37669411;29538056;139757;240;32757815;49;0;0;0
FR;1;2021-08-22;28582;82693;233;0;86698;0;0;0;0;37697993;29620749;139990;240;32844513;49;0;0;0
FR;1;2021-08-23;118670;320944;1422;2;337693;0;0;0;0;37816663;29941693;141412;242;33182206;49;0;0;0
FR;1;2021-08-24;126682;319622;1604;5;337448;0;0;0;0;37943345;30261315;143016;247;33519654;49;0;0;0
FR;1;2021-08-25;121544;306410;1782;8;323599;2;0;0;0;38064889;30567725;144798;255;33843253;51;0;0;0
FR;1;2021-08-26;106641;286059;2163;10;302365;0;0;0;0;38171530;30853784;146961;265;34145618;51;0;0;0
FR;1;2021-08-27;107660;321594;2303;9;338874;1;0;0;0;38279190;31175378;149264;274;34484492;52;0;0;0
FR;1;2021-08-28;71027;220692;1102;0;231223;0;0;0;0;38350217;31396070;150366;274;34715715;52;0;0;0
FR;1;2021-08-29;24155;78198;469;1;82089;0;0;0;0;38374372;31474268;150835;275;34797804;52;0;0;0
FR;1;2021-08-30;96901;286265;4315;6;299759;4968;0;0;0;38471273;31760533;155150;281;35097563;5020;0;0;0
FR;1;2021-08-31;98130;276226;9295;15;289893;10069;2;0;0;38569403;32036759;164445;296;35387456;15089;2;0;0
FR;1;2021-09-01;112367;245290;21121;8;257682;22153;1;0;0;38681770;32282049;185566;304;35645138;37242;3;0;0
FR;1;2021-09-02;86765;197904;24535;18;208306;25518;0;0;0;38768535;32479953;210101;322;35853444;62760;3;0;0
FR;1;2021-09-03;82429;227492;26956;21;238934;28038;0;0;0;38850964;32707445;237057;343;36092378;90798;3;0;0
FR;1;2021-09-04;71630;189712;11141;11;199302;11709;7;0;0;38922594;32897157;248198;354;36291680;102507;10;0;0
FR;1;2021-09-05;18614;41146;4126;2;43851;4278;0;0;0;38941208;32938303;252324;356;36335531;106785;10;0;0
FR;1;2021-09-06;59825;151378;30181;15;158918;31202;2;0;0;39001033;33089681;282505;371;36494449;137987;12;0;0
FR;1;2021-09-07;57401;139610;30213;30;146742;31249;2;0;0;39058434;33229291;312718;401;36641191;169236;14;0;0
FR;1;2021-09-08;72353;173794;26926;22;182276;27966;4;0;0;39130787;33403085;339644;423;36823467;197202;18;0;0
FR;1;2021-09-09;54493;124411;28637;24;131180;29740;5;0;0;39185280;33527496;368281;447;36954647;226942;23;0;0
FR;1;2021-09-10;66220;152070;30452;24;161163;31697;5;0;0;39251500;33679566;398733;471;37115810;258639;28;0;0
FR;1;2021-09-11;52690;146631;9732;14;154131;10354;0;0;0;39304190;33826197;408465;485;37269941;268993;28;0;0
FR;1;2021-09-12;10798;29273;2490;1;30972;2659;2;0;0;39314988;33855470;410955;486;37300913;271652;30;0;0
FR;1;2021-09-13;51517;104410;38765;31;110953;40091;16;0;0;39366505;33959880;449720;517;37411866;311743;46;0;0
FR;1;2021-09-14;53342;95996;51286;67;102378;53273;41;0;0;39419847;34055876;501006;584;37514244;365016;87;0;0
FR;1;2021-09-15;60582;139227;50497;55;146403;47068;68;0;0;39480429;34195103;551503;639;37660647;412084;155;0;0
FR;1;2021-09-16;46644;81365;53354;70;86261;49609;61;0;0;39527073;34276468;604857;709;37746908;461693;216;0;0
FR;1;2021-09-17;53225;109334;45078;61;115672;42709;62;0;0;39580298;34385802;649935;770;37862580;504402;278;0;0
FR;1;2021-09-18;37885;118493;11796;19;124081;11278;19;0;0;39618183;34504295;661731;789;37986661;515680;297;0;0
FR;1;2021-09-19;6531;21025;2044;1;22129;1984;1;0;0;39624714;34525320;663775;790;38008790;517664;298;0;0
FR;1;2021-09-20;36544;74832;46231;65;78555;44194;32;0;0;39661258;34600152;710006;855;38087345;561858;330;0;0
FR;1;2021-09-21;34204;68103;56270;72;71136;52748;76;0;0;39695462;34668255;766276;927;38158481;614606;406;0;0
FR;1;2021-09-22;38844;118597;49883;76;123018;46933;39;0;0;39734306;34786852;816159;1003;38281499;661539;445;0;0
FR;1;2021-09-23;32039;62891;54513;85;65796;50923;76;0;0;39766345;34849743;870672;1088;38347295;712462;521;0;0
FR;1;2021-09-24;36799;90030;43675;89;94393;41955;57;0;0;39803144;34939773;914347;1177;38441688;754417;578;0;0
FR;1;2021-09-25;27652;96704;12307;27;101061;12186;19;0;0;39830796;35036477;926654;1204;38542749;766603;597;0;0
FR;1;2021-09-26;4388;15201;1777;5;16064;1700;4;0;0;39835184;35051678;928431;1209;38558813;768303;601;0;0
FR;1;2021-09-27;27355;60210;42913;89;63441;41640;81;0;1;39862539;35111888;971344;1298;38622254;809943;682;0;1
FR;1;2021-09-28;26915;49424;47203;76;52045;44491;40;0;0;39889454;35161312;1018547;1374;38674299;854434;722;0;1
FR;1;2021-09-29;35925;80261;47294;87;84649;45618;34;0;0;39925379;35241573;1065841;1461;38758948;900052;756;0;1
FR;1;2021-09-30;26077;46901;47528;80;49261;45476;52;0;0;39951456;35288474;1113369;1541;38808209;945528;808;0;1
FR;1;2021-10-01;47306;66907;44906;83;70797;44624;15;0;0;39998762;35355381;1158275;1624;38879006;990152;823;0;1
FR;1;2021-10-02;32384;62407;16113;32;67219;16324;6;0;0;40031146;35417788;1174388;1656;38946225;1006476;829;0;1
FR;1;2021-10-03;4343;8566;2043;3;9315;2040;4;0;0;40035489;35426354;1176431;1659;38955540;1008516;833;0;1
FR;1;2021-10-04;28978;44421;47114;79;46836;46982;31;0;0;40064467;35470775;1223545;1738;39002376;1055498;864;0;1
FR;1;2021-10-05;24569;41632;49893;116;43134;49345;49;0;0;40089036;35512407;1273438;1854;39045510;1104843;913;0;1
FR;1;2021-10-06;34660;61380;57508;101;64495;57259;25;0;0;40123696;35573787;1330946;1955;39110005;1162102;938;0;1
FR;1;2021-10-07;21082;39917;53053;74;41092;52002;32;0;0;40144778;35613704;1383999;2029;39151097;1214104;970;0;1
FR;1;2021-10-08;35671;59642;60411;83;62873;61169;28;0;0;40180449;35673346;1444410;2112;39213970;1275273;998;0;1
FR;1;2021-10-09;27466;48018;25497;29;52490;26025;10;0;0;40207915;35721364;1469907;2141;39266460;1301298;1008;0;1
FR;1;2021-10-10;3727;5809;2758;7;6288;2864;1;0;0;40211642;35727173;1472665;2148;39272748;1304162;1009;0;1
FR;1;2021-10-11;24856;38207;54589;88;40295;55263;48;0;0;40236498;35765380;1527254;2236;39313043;1359425;1057;0;1
FR;1;2021-10-12;23382;36581;58076;128;37089;59235;18;0;0;40259880;35801961;1585330;2364;39350132;1418660;1075;0;1
FR;1;2021-10-13;32974;47840;64177;125;50645;65704;23;0;1;40292854;35849801;1649507;2489;39400777;1484364;1098;0;2
FR;1;2021-10-14;21714;34764;53772;103;35677;54364;24;0;0;40314568;35884565;1703279;2592;39436454;1538728;1122;0;2
FR;1;2021-10-15;32751;48760;72335;165;50457;75030;22;0;0;40347319;35933325;1775614;2757;39486911;1613758;1144;0;2
FR;1;2021-10-16;26013;35282;34872;44;38300;36426;13;0;0;40373332;35968607;1810486;2801;39525211;1650184;1157;0;2
FR;1;2021-10-17;3160;4050;3418;2;4495;3317;3;0;0;40376492;35972657;1813904;2803;39529706;1653501;1160;0;2
FR;1;2021-10-18;24352;34879;66849;132;34921;69730;27;0;0;40400844;36007536;1880753;2935;39564627;1723231;1187;0;2
FR;1;2021-10-19;20723;35571;75677;135;33225;79609;40;0;0;40421567;36043107;1956430;3070;39597852;1802840;1227;0;2
FR;1;2021-10-20;29917;44196;96187;178;43271;99878;45;0;0;40451484;36087303;2052617;3248;39641123;1902718;1272;0;2
FR;1;2021-10-21;19803;35057;83198;107;31764;87062;31;0;0;40471287;36122360;2135815;3355;39672887;1989780;1303;0;2
FR;1;2021-10-22;29756;47761;103755;196;44563;109717;58;0;0;40501043;36170121;2239570;3551;39717450;2099497;1361;0;2
FR;1;2021-10-23;23056;35135;44874;57;36132;47382;11;0;0;40524099;36205256;2284444;3608;39753582;2146879;1372;0;2
FR;1;2021-10-24;2407;3842;3584;6;4042;3717;1;0;0;40526506;36209098;2288028;3614;39757624;2150596;1373;0;2
FR;1;2021-10-25;22501;30714;82029;143;29601;85835;36;0;0;40549007;36239812;2370057;3757;39787225;2236431;1409;0;2
FR;1;2021-10-26;19366;27640;86123;162;24739;90352;29;0;0;40568373;36267452;2456180;3919;39811964;2326783;1438;0;2
FR;1;2021-10-27;26224;39615;107825;252;37309;112743;45;0;0;40594597;36307067;2564005;4171;39849273;2439526;1483;0;2
FR;1;2021-10-28;18802;27104;86967;150;23482;91733;34;0;0;40613399;36334171;2650972;4321;39872755;2531259;1517;0;2
FR;1;2021-10-29;25934;40253;114842;202;35490;121676;52;0;0;40639333;36374424;2765814;4523;39908245;2652935;1569;0;2
FR;1;2021-10-30;17714;28712;49372;74;28304;51965;18;0;0;40657047;36403136;2815186;4597;39936549;2704900;1587;0;2
FR;1;2021-10-31;2087;3170;3451;2;3216;3685;2;0;0;40659134;36406306;2818637;4599;39939765;2708585;1589;0;2
FR;1;2021-11-01;8021;4272;3036;3;4359;3293;6;0;0;40667155;36410578;2821673;4602;39944124;2711878;1595;0;2
FR;1;2021-11-02;22911;33226;92415;156;29181;97870;39;0;1;40690066;36443804;2914088;4758;39973305;2809748;1634;0;3
FR;1;2021-11-03;26635;41547;117520;219;37001;123904;56;0;0;40716701;36485351;3031608;4977;40010306;2933652;1690;0;3
FR;1;2021-11-04;19626;30296;105825;213;24190;111969;42;0;0;40736327;36515647;3137433;5190;40034496;3045621;1732;0;3
FR;1;2021-11-05;27025;42293;138796;230;34177;147482;46;0;0;40763352;36557940;3276229;5420;40068673;3193103;1778;0;3
FR;1;2021-11-06;18864;29810;63497;123;27613;66515;24;0;0;40782216;36587750;3339726;5543;40096286;3259618;1802;0;3
FR;1;2021-11-07;1834;3270;4984;6;3027;5301;5;0;0;40784050;36591020;3344710;5549;40099313;3264919;1807;0;3
FR;1;2021-11-08;17879;32246;126015;224;25387;132653;47;0;0;40801929;36623266;3470725;5773;40124700;3397572;1854;0;3
FR;1;2021-11-09;19519;37596;159325;334;26128;169141;63;0;0;40821448;36660862;3630050;6107;40150828;3566713;1917;0;3
FR;1;2021-11-10;28890;49057;181926;441;39015;192547;85;0;0;40850338;36709919;3811976;6548;40189843;3759260;2002;0;3
FR;1;2021-11-11;4192;5931;12237;26;5107;13027;14;0;0;40854530;36715850;3824213;6574;40194950;3772287;2016;0;3
FR;1;2021-11-12;26025;46822;174849;244;35297;186541;78;0;0;40880555;36762672;3999062;6818;40230247;3958828;2094;0;3
FR;1;2021-11-13;18735;29143;76848;111;25371;81794;40;0;0;40899290;36791815;4075910;6929;40255618;4040622;2134;0;3
FR;1;2021-11-14;2050;3242;6827;5;2797;7358;6;0;0;40901340;36795057;4082737;6934;40258415;4047980;2140;0;3
FR;1;2021-11-15;18792;34711;156446;306;24621;166281;59;0;0;40920132;36829768;4239183;7240;40283036;4214261;2199;0;3
FR;1;2021-11-16;21367;37820;192159;380;23330;205074;99;0;1;40941499;36867588;4431342;7620;40306366;4419335;2298;0;4
FR;1;2021-11-17;28671;45551;193255;398;33024;205078;93;0;0;40970170;36913139;4624597;8018;40339390;4624413;2391;0;4
FR;1;2021-11-18;21143;39597;182534;459;25139;194658;86;0;0;40991313;36952736;4807131;8477;40364529;4819071;2477;0;4
FR;1;2021-11-19;30892;53324;230280;532;34821;246775;135;0;0;41022205;37006060;5037411;9009;40399350;5065846;2612;0;4
FR;1;2021-11-20;23773;33211;97000;202;26732;103649;42;0;0;41045978;37039271;5134411;9211;40426082;5169495;2654;0;4
FR;1;2021-11-21;2340;3908;9130;19;2956;9937;16;0;0;41048318;37043179;5143541;9230;40429038;5179432;2670;0;4
FR;1;2021-11-22;21422;30320;175932;467;16942;189474;79;0;0;41069740;37073499;5319473;9697;40445980;5368906;2749;0;4
FR;1;2021-11-23;24030;40979;221260;540;21325;238014;77;0;0;41093770;37114478;5540733;10237;40467305;5606920;2826;0;4
FR;1;2021-11-24;30297;49646;217397;701;31968;234577;67;0;0;41124067;37164124;5758130;10938;40499273;5841497;2893;0;4
FR;1;2021-11-25;23733;44051;244517;718;22080;264217;101;0;0;41147800;37208175;6002647;11656;40521353;6105714;2994;0;4
FR;1;2021-11-26;30618;66641;356840;836;33250;388620;154;0;0;41178418;37274816;6359487;12492;40554603;6494334;3148;0;4
FR;1;2021-11-27;21961;45265;202662;372;26160;222688;112;0;0;41200379;37320081;6562149;12864;40580763;6717022;3260;0;4
FR;1;2021-11-28;3179;9550;54802;63;3471;61017;37;0;0;41203558;37329631;6616951;12927;40584234;6778039;3297;0;4
FR;1;2021-11-29;17901;49477;326427;841;20783;354574;150;0;0;41221459;37379108;6943378;13768;40605017;7132613;3447;0;4
FR;1;2021-11-30;22790;64833;431190;952;23815;470841;262;0;0;41244249;37443941;7374568;14720;40628832;7603454;3709;0;4
FR;1;2021-12-01;25359;69053;442945;1131;28447;481808;271;0;0;41269608;37512994;7817513;15851;40657279;8085262;3980;0;4
FR;1;2021-12-02;20089;64323;489452;1230;18458;532954;274;0;0;41289697;37577317;8306965;17081;40675737;8618216;4254;0;4
FR;1;2021-12-03;22909;82306;542828;1310;30303;591818;308;0;0;41312606;37659623;8849793;18391;40706040;9210034;4562;0;4
FR;1;2021-12-04;16416;53803;299133;654;23218;329000;181;0;0;41329022;37713426;9148926;19045;40729258;9539034;4743;0;4
FR;1;2021-12-05;3635;13781;81547;143;4201;91046;85;0;0;41332657;37727207;9230473;19188;40733459;9630080;4828;0;4
FR;1;2021-12-06;25846;62438;415504;1066;22076;455237;356;0;0;41358503;37789645;9645977;20254;40755535;10085317;5184;0;4
FR;1;2021-12-07;20014;75457;523056;1536;24290;572700;372;0;0;41378517;37865102;10169033;21790;40779825;10658017;5556;0;4
FR;1;2021-12-08;21718;75510;458531;1545;30662;502189;378;0;0;41400235;37940612;10627564;23335;40810487;11160206;5934;0;4
FR;1;2021-12-09;19472;73983;493044;1625;24353;541077;397;0;0;41419707;38014595;11120608;24960;40834840;11701283;6331;0;4
FR;1;2021-12-10;23329;87540;547449;1585;32448;600084;391;0;1;41443036;38102135;11668057;26545;40867288;12301367;6722;0;5
FR;1;2021-12-11;16533;59100;302763;751;25964;335495;279;0;0;41459569;38161235;11970820;27296;40893252;12636862;7001;0;5
FR;1;2021-12-12;4396;15886;83236;179;5250;94046;96;0;0;41463965;38177121;12054056;27475;40898502;12730908;7097;0;5
FR;1;2021-12-13;15757;63447;367068;1094;23949;406353;236;0;0;41479722;38240568;12421124;28569;40922451;13137261;7333;0;5
FR;1;2021-12-14;20867;80134;464863;1748;28672;515312;506;0;1;41500589;38320702;12885987;30317;40951123;13652573;7839;0;6
FR;1;2021-12-15;21624;77312;409167;1309;33031;453239;311;0;1;41522213;38398014;13295154;31626;40984154;14105812;8150;0;7
FR;1;2021-12-16;20065;77072;451973;1577;27950;500704;324;0;0;41542278;38475086;13747127;33203;41012104;14606516;8474;0;7
FR;1;2021-12-17;22628;86414;480010;1737;34678;531040;371;0;0;41564906;38561500;14227137;34940;41046782;15137556;8845;0;7
FR;1;2021-12-18;17610;54561;257653;731;24690;288529;232;0;0;41582516;38616061;14484790;35671;41071472;15426085;9077;0;7
FR;1;2021-12-19;5563;16928;79203;194;5925;90689;116;0;0;41588079;38632989;14563993;35865;41077397;15516774;9193;0;7
FR;1;2021-12-20;20952;62913;316292;1082;26516;355335;284;0;0;41609031;38695902;14880285;36947;41103913;15872109;9477;0;7
FR;1;2021-12-21;26339;72877;372805;1422;30572;418133;338;0;0;41635370;38768779;15253090;38369;41134485;16290242;9815;0;7
FR;1;2021-12-22;24989;65681;310687;1217;29614;349607;361;0;1;41660359;38834460;15563777;39586;41164099;16639849;10176;0;8
FR;1;2021-12-23;21273;52142;241525;958;23367;273071;361;0;0;41681632;38886602;15805302;40544;41187466;16912920;10537;0;8
FR;1;2021-12-24;7129;18263;67167;258;9245;77054;154;0;1;41688761;38904865;15872469;40802;41196711;16989974;10691;0;9
FR;1;2021-12-25;508;2868;5592;15;1798;6538;55;0;0;41689269;38907733;15878061;40817;41198509;16996512;10746;0;9
FR;1;2021-12-26;2750;7575;26952;71;3495;31465;100;0;0;41692019;38915308;15905013;40888;41202004;17027977;10846;0;9
FR;1;2021-12-27;18313;53474;235140;705;25476;265788;365;0;0;41710332;38968782;16140153;41593;41227480;17293765;11211;0;9
FR;1;2021-12-28;23301;61890;292061;1026;27000;330232;595;0;1;41733633;39030672;16432214;42619;41254480;17623997;11806;0;10
FR;1;2021-12-29;22218;55401;255036;921;25277;288238;645;0;1;41755851;39086073;16687250;43540;41279757;17912235;12451;0;11
FR;1;2021-12-30;21239;46421;212179;857;22449;239630;718;0;0;41777090;39132494;16899429;44397;41302206;18151865;13169;0;11
FR;1;2021-12-31;7467;16534;61879;229;8717;70412;346;0;0;41784557;39149028;16961308;44626;41310923;18222277;13515;0;11
FR;1;2022-01-01;1163;2495;5667;30;1543;6582;73;0;0;41785720;39151523;16966975;44656;41312466;18228859;13588;0;11
FR;1;2022-01-02;3088;8078;28893;50;3670;33537;190;0;0;41788808;39159601;16995868;44706;41316136;18262396;13778;0;11
FR;1;2022-01-03;26271;54182;228273;790;27543;257741;959;0;1;41815079;39213783;17224141;45496;41343679;18520137;14737;0;12
FR;1;2022-01-04;26252;65009;299306;1240;29806;337350;1367;0;2;41841331;39278792;17523447;46736;41373485;18857487;16104;0;14
FR;1;2022-01-05;30559;64251;274917;1099;32522;310294;1264;0;0;41871890;39343043;17798364;47835;41406007;19167781;17368;0;14
FR;1;2022-01-06;26850;66194;306933;1404;29280;346592;1568;0;1;41898740;39409237;18105297;49239;41435287;19514373;18936;0;15
FR;1;2022-01-07;31579;75002;349867;1538;34407;394014;1822;0;1;41930319;39484239;18455164;50777;41469694;19908387;20758;0;16
FR;1;2022-01-08;23389;51360;222506;698;25581;251130;913;0;1;41953708;39535599;18677670;51475;41495275;20159517;21671;0;17
FR;1;2022-01-09;7092;17139;66030;163;8174;76136;335;0;0;41960800;39552738;18743700;51638;41503449;20235653;22006;0;17
FR;1;2022-01-10;21803;60598;236824;957;32928;267622;1257;0;1;41982603;39613336;18980524;52595;41536377;20503275;23263;0;18
FR;1;2022-01-11;26774;63448;282325;1280;31208;317846;1837;0;1;42009377;39676784;19262849;53875;41567585;20821121;25100;0;19
FR;1;2022-01-12;28964;62490;246294;1106;35057;278079;1686;0;3;42038341;39739274;19509143;54981;41602642;21099200;26786;0;22
FR;1;2022-01-13;24788;60166;262822;1253;30040;296143;1993;0;4;42063129;39799440;19771965;56234;41632682;21395343;28779;0;26
FR;1;2022-01-14;27967;66702;314040;1366;32129;351288;2475;0;1;42091096;39866142;20086005;57600;41664811;21746631;31254;0;27
FR;1;2022-01-15;19371;44418;199326;618;22472;223863;1362;0;1;42110467;39910560;20285331;58218;41687283;21970494;32616;0;28
FR;1;2022-01-16;5162;12964;51533;135;6022;59561;337;0;0;42115629;39923524;20336864;58353;41693305;22030055;32953;0;28
FR;1;2022-01-17;16880;39682;184845;783;20125;206831;1691;0;2;42132509;39963206;20521709;59136;41713430;22236886;34644;0;30
FR;1;2022-01-18;19455;45966;212443;1154;22990;237046;2457;0;1;42151964;40009172;20734152;60290;41736420;22473932;37101;0;31
FR;1;2022-01-19;20312;43962;176129;898;25483;197194;1977;0;4;42172276;40053134;20910281;61188;41761903;22671126;39078;0;35
FR;1;2022-01-20;16847;40571;183715;1147;20807;204763;2516;0;2;42189123;40093705;21093996;62335;41782710;22875889;41594;0;37
FR;1;2022-01-21;19920;47032;228978;1405;23905;253361;3106;0;1;42209043;40140737;21322974;63740;41806615;23129250;44700;0;38
FR;1;2022-01-22;13844;33336;144499;579;18438;161387;1403;0;2;42222887;40174073;21467473;64319;41825053;23290637;46103;0;40
FR;1;2022-01-23;3380;8770;33432;132;4578;38321;352;0;1;42226267;40182843;21500905;64451;41829631;23328958;46455;0;41
FR;1;2022-01-24;11815;32982;142236;718;17797;158277;2104;0;1;42238082;40215825;21643141;65169;41847428;23487235;48559;0;42
FR;1;2022-01-25;14214;38169;163424;1049;20287;181565;3181;0;1;42252296;40253994;21806565;66218;41867715;23668800;51740;0;43
FR;1;2022-01-26;14863;37719;150263;933;22638;166384;2516;0;1;42267159;40291713;21956828;67151;41890353;23835184;54256;0;44
FR;1;2022-01-27;12340;33324;143468;896;18499;158035;3230;0;3;42279499;40325037;22100296;68047;41908852;23993219;57486;0;47
FR;1;2022-01-28;16328;56910;198327;1144;32662;222393;4006;0;3;42295827;40381947;22298623;69191;41941514;24215612;61492;0;50
FR;1;2022-01-29;10269;35470;135211;525;19611;151539;1880;0;1;42306096;40417417;22433834;69716;41961125;24367151;63372;0;51
FR;1;2022-01-30;2485;9262;29684;86;4833;34449;434;0;1;42308581;40426679;22463518;69802;41965958;24401600;63806;0;52
FR;1;2022-01-31;8758;32472;104352;533;19473;117354;2339;0;3;42317339;40459151;22567870;70335;41985431;24518954;66145;0;55
FR;1;2022-02-01;10999;36459;127086;865;20639;141223;4326;0;1;42328338;40495610;22694956;71200;42006070;24660177;70471;0;56
FR;1;2022-02-02;12057;41576;130364;782;25265;145822;3774;0;9;42340395;40537186;22825320;71982;42031335;24805999;74245;0;65
FR;1;2022-02-03;9411;34046;117028;785;19111;130334;4287;0;4;42349806;40571232;22942348;72767;42050446;24936333;78532;0;69
FR;1;2022-02-04;11537;49223;172586;967;26514;192729;5482;0;5;42361343;40620455;23114934;73734;42076960;25129062;84014;0;74
FR;1;2022-02-05;7999;33925;117591;391;18173;133030;2414;0;3;42369342;40654380;23232525;74125;42095133;25262092;86428;0;77
FR;1;2022-02-06;1706;7995;22754;86;3872;26906;444;0;0;42371048;40662375;23255279;74211;42099005;25288998;86872;0;77
FR;1;2022-02-07;7356;35393;119113;459;18172;134977;3397;0;4;42378404;40697768;23374392;74670;42117177;25423975;90269;0;81
FR;1;2022-02-08;7770;31958;125667;695;14891;140657;4300;0;5;42386174;40729726;23500059;75365;42132068;25564632;94569;0;86
FR;1;2022-02-09;8653;36520;135263;702;17918;152508;3884;0;7;42394827;40766246;23635322;76067;42149986;25717140;98453;0;93
FR;1;2022-02-10;7022;30134;116381;676;13897;130170;4444;0;1;42401849;40796380;23751703;76743;42163883;25847310;102897;0;94
FR;1;2022-02-11;8658;41557;165146;878;18367;185370;5430;0;3;42410507;40837937;23916849;77621;42182250;26032680;108327;0;97
FR;1;2022-02-12;5345;27616;106714;379;12538;120899;2396;0;2;42415852;40865553;24023563;78000;42194788;26153579;110723;0;99
FR;1;2022-02-13;1269;5720;21719;66;2187;25337;402;0;3;42417121;40871273;24045282;78066;42196975;26178916;111125;0;102
FR;1;2022-02-14;5459;27228;118093;394;10644;133121;3384;0;4;42422580;40898501;24163375;78460;42207619;26312037;114509;0;106
FR;1;2022-02-15;5793;28868;118940;611;12215;132573;4882;0;1;42428373;40927369;24282315;79071;42219834;26444610;119391;0;107
FR;1;2022-02-16;5761;28492;110424;596;13758;123054;4152;0;3;42434134;40955861;24392739;79667;42233592;26567664;123543;0;110
FR;1;2022-02-17;4613;19742;73148;489;10126;80253;3998;0;3;42438747;40975603;24465887;80156;42243718;26647917;127541;0;113
FR;1;2022-02-18;5611;26792;99207;673;14165;108167;5519;0;2;42444358;41002395;24565094;80829;42257883;26756084;133060;0;115
FR;1;2022-02-19;3551;17178;59477;304;9570;66058;2266;0;0;42447909;41019573;24624571;81133;42267453;26822142;135326;0;115
FR;1;2022-02-20;791;3257;10706;36;1650;12333;360;0;1;42448700;41022830;24635277;81169;42269103;26834475;135686;0;116
FR;1;2022-02-21;3430;14596;52829;286;7918;57676;3126;0;2;42452130;41037426;24688106;81455;42277021;26892151;138812;0;118
FR;1;2022-02-22;3799;15545;51918;500;9042;55656;4070;0;1;42455929;41052971;24740024;81955;42286063;26947807;142882;0;119
FR;1;2022-02-23;4233;17825;57482;510;10744;62583;3569;0;3;42460162;41070796;24797506;82465;42296807;27010390;146451;0;122
FR;1;2022-02-24;3344;13142;43619;436;7836;46410;3657;0;2;42463506;41083938;24841125;82901;42304643;27056800;150108;0;124
FR;1;2022-02-25;4475;20030;64924;697;12148;68796;5767;0;4;42467981;41103968;24906049;83598;42316791;27125596;155875;0;128
FR;1;2022-02-26;2698;12804;41371;310;7651;45124;2494;0;2;42470679;41116772;24947420;83908;42324442;27170720;158369;0;130
FR;1;2022-02-27;644;2191;7130;42;1206;7995;431;0;0;42471323;41118963;24954550;83950;42325648;27178715;158800;0;130
FR;1;2022-02-28;2612;10496;34965;306;6077;37391;3124;0;0;42473935;41129459;24989515;84256;42331725;27216106;161924;0;130
FR;1;2022-03-01;3585;10756;38705;391;6360;39660;4549;0;4;42477520;41140215;25028220;84647;42338085;27255766;166473;0;134
FR;1;2022-03-02;3680;12187;41867;398;7454;43937;4110;0;1;42481200;41152402;25070087;85045;42345539;27299703;170583;0;135
FR;1;2022-03-03;2462;7988;26184;329;5244;26522;3380;0;1;42483662;41160390;25096271;85374;42350783;27326225;173963;0;136
FR;1;2022-03-04;2689;10524;35456;594;6955;34952;5278;0;3;42486351;41170914;25131727;85968;42357738;27361177;179241;0;139
FR;1;2022-03-05;1823;6364;21970;280;4202;22369;2571;0;1;42488174;41177278;25153697;86248;42361940;27383546;181812;0;140
FR;1;2022-03-06;359;957;2917;38;603;3120;327;0;0;42488533;41178235;25156614;86286;42362543;27386666;182139;0;140
FR;1;2022-03-07;1815;4723;16440;245;3045;15908;2831;0;4;42490348;41182958;25173054;86531;42365588;27402574;184970;0;144
FR;1;2022-03-08;1716;5258;17170;309;3669;15998;3472;0;3;42492064;41188216;25190224;86840;42369257;27418572;188442;0;147
FR;1;2022-03-09;1988;6677;19816;370;4753;19174;3422;0;4;42494052;41194893;25210040;87210;42374010;27437746;191864;0;151
FR;1;2022-03-10;1415;5014;15297;308;3666;14335;2943;0;2;42495467;41199907;25225337;87518;42377676;27452081;194807;0;153
FR;1;2022-03-11;1761;6407;21717;487;4442;19870;4739;0;1;42497228;41206314;25247054;88005;42382118;27471951;199546;0;154
FR;1;2022-03-12;1262;4653;15366;281;3095;14915;2686;0;2;42498490;41210967;25262420;88286;42385213;27486866;202232;0;156
FR;1;2022-03-13;257;612;2120;119;412;2066;468;0;0;42498747;41211579;25264540;88405;42385625;27488932;202700;0;156
FR;1;2022-03-14;1156;3678;13406;3882;2293;12528;6342;0;8;42499903;41215257;25277946;92287;42387918;27501460;209042;0;164
FR;1;2022-03-15;1409;5733;14663;6865;4317;13260;9846;0;8;42501312;41220990;25292609;99152;42392235;27514720;218888;0;172
FR;1;2022-03-16;1695;5085;17395;11520;3596;16460;14125;0;6;42503007;41226075;25310004;110672;42395831;27531180;233013;0;178
FR;1;2022-03-17;1177;3439;11733;9648;2365;10827;11732;0;8;42504184;41229514;25321737;120320;42398196;27542007;244745;0;186
FR;1;2022-03-18;1726;4930;17977;16507;3324;16416;19721;0;14;42505910;41234444;25339714;136827;42401520;27558423;264466;0;200
FR;1;2022-03-19;1126;3300;11891;8460;2276;11360;10142;0;6;42507036;41237744;25351605;145287;42403796;27569783;274608;0;206
FR;1;2022-03-20;224;560;1725;1014;362;1759;1224;0;2;42507260;41238304;25353330;146301;42404158;27571542;275832;0;208
FR;1;2022-03-21;1087;2766;11503;13462;1787;10852;15142;0;10;42508347;41241070;25364833;159763;42405945;27582394;290974;0;218
FR;1;2022-03-22;1282;3212;12260;18716;2153;11248;20619;0;5;42509629;41244282;25377093;178479;42408098;27593642;311593;0;223
FR;1;2022-03-23;1512;4357;16033;20111;2953;15714;21882;0;34;42511141;41248639;25393126;198590;42411051;27609356;333475;0;257
FR;1;2022-03-24;1117;2754;10401;16057;1910;9663;17561;0;15;42512258;41251393;25403527;214647;42412961;27619019;351036;0;272
FR;1;2022-03-25;1536;4361;16753;25315;2879;15405;27959;0;23;42513794;41255754;25420280;239962;42415840;27634424;378995;0;295
FR;1;2022-03-26;1110;3015;10856;11450;2064;10517;12862;0;20;42514904;41258769;25431136;251412;42417904;27644941;391857;0;315
FR;1;2022-03-27;236;546;1751;1383;335;1804;1594;0;1;42515140;41259315;25432887;252795;42418239;27646745;393451;0;316
FR;1;2022-03-28;1082;2489;9980;15885;1556;9602;17229;0;10;42516222;41261804;25442867;268680;42419795;27656347;410680;0;326
FR;1;2022-03-29;1142;2748;11560;25111;1599;10924;26508;0;30;42517364;41264552;25454427;293791;42421394;27667271;437188;0;356
FR;1;2022-03-30;1631;3613;14171;24229;2386;13711;25893;0;19;42518995;41268165;25468598;318020;42423780;27680982;463081;0;375
FR;1;2022-03-31;1280;3016;11699;22686;2042;11214;24006;0;40;42520275;41271181;25480297;340706;42425822;27692196;487087;0;415
FR;1;2022-04-01;2235;4022;18488;28532;2477;17358;30804;0;53;42522510;41275203;25498785;369238;42428299;27709554;517891;0;468
FR;1;2022-04-02;910;1892;8195;9238;1106;7956;10232;0;28;42523420;41277095;25506980;378476;42429405;27717510;528123;0;496
FR;1;2022-04-03;207;381;1433;1058;219;1434;1249;0;1;42523627;41277476;25508413;379534;42429624;27718944;529372;0;497
FR;1;2022-04-04;3343;2528;11375;17680;1614;10768;18898;0;30;42526970;41280004;25519788;397214;42431238;27729712;548270;0;527
FR;1;2022-04-05;2223;2712;13002;31220;1697;12028;32600;0;68;42529193;41282716;25532790;428434;42432935;27741740;580870;0;595
FR;1;2022-04-06;1871;3011;12205;23943;1918;11641;25241;0;62;42531064;41285727;25544995;452377;42434853;27753381;606111;0;657
FR;1;2022-04-07;1676;2744;12356;31093;1644;11822;32168;0;68;42532740;41288471;25557351;483470;42436497;27765203;638279;0;725
FR;1;2022-04-08;1835;3698;17565;40643;2087;16491;42697;0;76;42534575;41292169;25574916;524113;42438584;27781694;680976;0;801
FR;1;2022-04-09;827;1998;8405;12503;1075;8105;13502;0;26;42535402;41294167;25583321;536616;42439659;27789799;694478;0;827
FR;1;2022-04-10;201;653;1836;1855;418;1882;2075;0;6;42535603;41294820;25585157;538471;42440077;27791681;696553;0;833
FR;1;2022-04-11;1093;2255;10970;22351;1304;10687;23458;0;68;42536696;41297075;25596127;560822;42441381;27802368;720011;0;901
FR;1;2022-04-12;1350;2672;12826;38143;1586;12315;38894;0;119;42538046;41299747;25608953;598965;42442967;27814683;758905;0;1020
FR;1;2022-04-13;1283;2893;12278;30626;1788;12009;31398;0;85;42539329;41302640;25621231;629591;42444755;27826692;790303;0;1105
FR;1;2022-04-14;1232;2593;12118;33633;1596;12132;34070;0;87;42540561;41305233;25633349;663224;42446351;27838824;824373;0;1192
FR;1;2022-04-15;1500;3265;14407;33265;2082;13811;34668;0;107;42542061;41308498;25647756;696489;42448433;27852635;859041;0;1299
FR;1;2022-04-16;660;1409;5845;8003;767;5776;8757;0;31;42542721;41309907;25653601;704492;42449200;27858411;867798;0;1330
FR;1;2022-04-17;157;290;930;1121;177;975;1171;0;7;42542878;41310197;25654531;705613;42449377;27859386;868969;0;1337
FR;1;2022-04-18;168;481;2636;1002;297;2660;1187;0;5;42543046;41310678;25657167;706615;42449674;27862046;870156;0;1342
FR;1;2022-04-19;1258;2609;11788;27934;1498;11518;28790;0;69;42544304;41313287;25668955;734549;42451172;27873564;898946;0;1411
FR;1;2022-04-20;1355;2670;12177;26880;1672;12028;27706;0;82;42545659;41315957;25681132;761429;42452844;27885592;926652;0;1493
FR;1;2022-04-21;1244;2461;11550;33261;1510;11766;33613;0;107;42546903;41318418;25692682;794690;42454354;27897358;960265;0;1600
FR;1;2022-04-22;1527;3088;15218;35503;1923;14795;36701;0;120;42548430;41321506;25707900;830193;42456277;27912153;996966;0;1720
FR;1;2022-04-23;765;1583;6736;9894;919;6642;10578;0;30;42549195;41323089;25714636;840087;42457196;27918795;1007544;0;1750
FR;1;2022-04-24;196;377;1374;1523;241;1328;1747;0;7;42549391;41323466;25716010;841610;42457437;27920123;1009291;0;1757
FR;1;2022-04-25;1042;2131;9856;19733;1255;9756;20555;0;64;42550433;41325597;25725866;861343;42458692;27929879;1029846;0;1821
FR;1;2022-04-26;1351;2623;12604;36627;1604;12204;37214;0;163;42551784;41328220;25738470;897970;42460296;27942083;1067060;0;1984
FR;1;2022-04-27;1330;2406;10654;29267;1464;10790;29653;0;122;42553114;41330626;25749124;927237;42461760;27952873;1096713;0;2106
FR;1;2022-04-28;1284;2411;11561;34309;1518;11403;34458;0;127;42554398;41333037;25760685;961546;42463278;27964276;1131171;0;2233
FR;1;2022-04-29;1612;4285;14405;35563;3158;13857;36853;0;153;42556010;41337322;25775090;997109;42466436;27978133;1168024;0;2386
FR;1;2022-04-30;838;3476;6446;9173;2904;6290;9974;0;35;42556848;41340798;25781536;1006282;42469340;27984423;1177998;0;2421
FR;1;2022-05-01;177;288;832;951;190;826;1080;0;5;42557025;41341086;25782368;1007233;42469530;27985249;1179078;0;2426
FR;1;2022-05-02;2002;2609;10378;16949;1765;10301;17631;0;64;42559027;41343695;25792746;1024182;42471295;27995550;1196709;0;2490
FR;1;2022-05-03;1681;2875;12710;32896;1759;12602;33695;0;149;42560708;41346570;25805456;1057078;42473054;28008152;1230404;0;2639
FR;1;2022-05-04;1377;2745;11232;23822;1690;11393;24361;0;96;42562085;41349315;25816688;1080900;42474744;28019545;1254765;0;2735
FR;1;2022-05-05;1492;2726;12201;31856;1711;12123;32404;0;170;42563577;41352041;25828889;1112756;42476455;28031668;1287169;0;2905
FR;1;2022-05-06;1821;3234;14237;34939;1911;13821;36201;0;166;42565398;41355275;25843126;1147695;42478366;28045489;1323370;0;3071
FR;1;2022-05-07;859;1473;5979;9097;878;6013;9731;0;44;42566257;41356748;25849105;1156792;42479244;28051502;1333101;0;3115
FR;1;2022-05-08;190;329;1060;1472;221;1122;1548;0;8;42566447;41357077;25850165;1158264;42479465;28052624;1334649;0;3123
FR;1;2022-05-09;1158;2016;9248;19262;1156;9162;20035;0;93;42567605;41359093;25859413;1177526;42480621;28061786;1354684;0;3216
FR;1;2022-05-10;1505;3045;12620;37145;1955;12219;38043;0;177;42569110;41362138;25872033;1214671;42482576;28074005;1392727;0;3393
FR;1;2022-05-11;1440;2474;9911;26037;1692;9859;26559;0;138;42570550;41364612;25881944;1240708;42484268;28083864;1419286;0;3531
FR;1;2022-05-12;1325;2448;10525;33631;1540;10226;34274;0;188;42571875;41367060;25892469;1274339;42485808;28094090;1453560;0;3719
FR;1;2022-05-13;1616;2806;12770;35854;1684;12418;36949;0;149;42573491;41369866;25905239;1310193;42487492;28106508;1490509;0;3868
FR;1;2022-05-14;782;1324;5481;10216;809;5365;10731;0;51;42574273;41371190;25910720;1320409;42488301;28111873;1501240;0;3919
FR;1;2022-05-15;223;420;1182;1352;244;1252;1497;0;5;42574496;41371610;25911902;1321761;42488545;28113125;1502737;0;3924
FR;1;2022-05-16;971;1785;8079;20137;1004;8143;20550;0;117;42575467;41373395;25919981;1341898;42489549;28121268;1523287;0;4041
FR;1;2022-05-17;1294;2301;11122;36187;1384;10727;36972;0;172;42576761;41375696;25931103;1378085;42490933;28131995;1560259;0;4213
FR;1;2022-05-18;1313;2134;9039;25727;1367;8990;26285;0;99;42578074;41377830;25940142;1403812;42492300;28140985;1586544;0;4312
FR;1;2022-05-19;1203;2403;9853;33999;1411;9949;34200;0;150;42579277;41380233;25949995;1437811;42493711;28150934;1620744;0;4462
FR;1;2022-05-20;1561;2755;12530;37656;1718;12112;38515;0;151;42580838;41382988;25962525;1475467;42495429;28163046;1659259;0;4613
FR;1;2022-05-21;774;1383;5247;9374;874;5165;9943;0;37;42581612;41384371;25967772;1484841;42496303;28168211;1669202;0;4650
FR;1;2022-05-22;193;292;951;1397;204;951;1519;0;10;42581805;41384663;25968723;1486238;42496507;28169162;1670721;0;4660
FR;1;2022-05-23;972;1887;8370;19414;1174;8345;20031;0;79;42582777;41386550;25977093;1505652;42497681;28177507;1690752;0;4739
FR;1;2022-05-24;1288;2449;10727;37250;1441;10597;37823;0;173;42584065;41388999;25987820;1542902;42499122;28188104;1728575;0;4912
FR;1;2022-05-25;1273;2299;8792;23693;1426;8956;24055;0;111;42585338;41391298;25996612;1566595;42500548;28197060;1752630;0;5023
FR;1;2022-05-26;175;385;1585;1155;261;1579;1289;0;24;42585513;41391683;25998197;1567750;42500809;28198639;1753919;0;5047
FR;1;2022-05-27;1117;2189;8789;20457;1374;8537;21410;0;84;42586630;41393872;26006986;1588207;42502183;28207176;1775329;0;5131
FR;1;2022-05-28;486;1058;3689;6540;626;3727;6928;0;37;42587116;41394930;26010675;1594747;42502809;28210903;1782257;0;5168
FR;1;2022-05-29;121;257;707;896;149;718;1005;0;4;42587237;41395187;26011382;1595643;42502958;28211621;1783262;0;5172
FR;1;2022-05-30;831;1741;6558;18535;1043;6590;18989;0;85;42588068;41396928;26017940;1614178;42504001;28218211;1802251;0;5257
FR;1;2022-05-31;1266;2237;9247;34372;1371;9116;34974;0;159;42589334;41399165;26027187;1648550;42505372;28227327;1837225;0;5416
FR;1;2022-06-01;1329;2602;10437;23459;1748;10300;24306;0;115;42590663;41401767;26037624;1672009;42507120;28237627;1861531;0;5531
FR;1;2022-06-02;1226;2306;10664;34153;1445;10242;34986;0;162;42591889;41404073;26048288;1706162;42508565;28247869;1896517;0;5693
FR;1;2022-06-03;1446;2741;12725;37108;1732;12145;38285;0;157;42593335;41406814;26061013;1743270;42510297;28260014;1934802;0;5850
FR;1;2022-06-04;683;1262;4750;8677;759;4826;9167;0;62;42594018;41408076;26065763;1751947;42511056;28264840;1943969;0;5912
FR;1;2022-06-05;134;292;810;1048;150;834;1153;0;3;42594152;41408368;26066573;1752995;42511206;28265674;1945122;0;5915
FR;1;2022-06-06;698;1172;2025;1252;997;2041;1427;0;9;42594850;41409540;26068598;1754247;42512203;28267715;1946549;0;5924
FR;1;2022-06-07;1248;2341;9181;34046;1436;8842;35144;0;143;42596098;41411881;26077779;1788293;42513639;28276557;1981693;0;6067
FR;1;2022-06-08;1134;2236;8671;27577;1401;8554;28447;0;107;42597232;41414117;26086450;1815870;42515040;28285111;2010140;0;6174
FR;1;2022-06-09;1073;2148;9987;37569;1280;9671;38336;0;148;42598305;41416265;26096437;1853439;42516320;28294782;2048476;0;6322
FR;1;2022-06-10;1337;2847;12410;43133;1812;12001;44362;0;200;42599642;41419112;26108847;1896572;42518132;28306783;2092838;0;6522
FR;1;2022-06-11;660;1451;5139;11084;798;5188;11613;0;50;42600302;41420563;26113986;1907656;42518930;28311971;2104451;0;6572
FR;1;2022-06-12;153;377;1018;1687;189;1076;1788;0;11;42600455;41420940;26115004;1909343;42519119;28313047;2106239;0;6583
FR;1;2022-06-13;938;1839;7015;22225;1133;6872;23066;0;84;42601393;41422779;26122019;1931568;42520252;28319919;2129305;0;6667
FR;1;2022-06-14;1110;2230;9840;42847;1309;9243;43939;0;186;42602503;41425009;26131859;1974415;42521561;28329162;2173244;0;6853
FR;1;2022-06-15;1086;2000;8787;29381;1353;8465;29938;0;168;42603589;41427009;26140646;2003796;42522914;28337627;2203182;0;7021
FR;1;2022-06-16;956;1839;9399;38508;1061;8878;39415;0;188;42604545;41428848;26150045;2042304;42523975;28346505;2242597;0;7209
FR;1;2022-06-17;1225;2567;11908;44857;1479;11369;46002;0;224;42605770;41431415;26161953;2087161;42525454;28357874;2288599;0;7433
FR;1;2022-06-18;563;1277;4318;10544;717;4257;11086;0;62;42606333;41432692;26166271;2097705;42526171;28362131;2299685;0;7495
FR;1;2022-06-19;137;325;1003;1543;173;1082;1609;0;12;42606470;41433017;26167274;2099248;42526344;28363213;2301294;0;7507
FR;1;2022-06-20;860;1704;8493;25049;1002;8157;25910;0;144;42607330;41434721;26175767;2124297;42527346;28371370;2327204;0;7651
FR;1;2022-06-21;1101;2137;9764;47759;1252;8855;49103;0;241;42608431;41436858;26185531;2172056;42528598;28380225;2376307;0;7892
FR;1;2022-06-22;1044;2068;8434;37155;1296;7953;38017;0;231;42609475;41438926;26193965;2209211;42529894;28388178;2414324;0;8123
FR;1;2022-06-23;1054;2179;10124;52811;1210;9407;53820;0;290;42610529;41441105;26204089;2262022;42531104;28397585;2468144;0;8413
FR;1;2022-06-24;1253;2718;12913;65968;1486;11698;67639;0;367;42611782;41443823;26217002;2327990;42532590;28409283;2535783;0;8780
FR;1;2022-06-25;684;1506;5929;18923;792;5711;19722;0;163;42612466;41445329;26222931;2346913;42533382;28414994;2555505;0;8943
FR;1;2022-06-26;167;405;1817;3494;190;1713;3730;0;34;42612633;41445734;26224748;2350407;42533572;28416707;2559235;0;8977
FR;1;2022-06-27;943;1774;9901;45978;939;9127;47113;0;300;42613576;41447508;26234649;2396385;42534511;28425834;2606348;0;9277
FR;1;2022-06-28;1215;2575;13839;86562;1380;12404;88248;0;569;42614791;41450083;26248488;2482947;42535891;28438238;2694596;0;9846
FR;1;2022-06-29;1242;2293;11480;67397;1256;10547;68443;0;487;42616033;41452376;26259968;2550344;42537147;28448785;2763039;0;10333
FR;1;2022-06-30;1287;2476;13518;89970;1424;11827;91768;0;645;42617320;41454852;26273486;2640314;42538571;28460612;2854807;0;10978
FR;1;2022-07-01;1651;3476;20305;109192;1988;17964;111584;0;859;42618971;41458328;26293791;2749506;42540559;28478576;2966391;0;11837
FR;1;2022-07-02;769;1524;8021;33774;748;7251;34800;0;315;42619740;41459852;26301812;2783280;42541307;28485827;3001191;0;12152
FR;1;2022-07-03;228;480;1942;6118;256;1758;6444;0;71;42619968;41460332;26303754;2789398;42541563;28487585;3007635;0;12223
FR;1;2022-07-04;1497;3117;13929;75409;1996;12358;77296;0;589;42621465;41463449;26317683;2864807;42543559;28499943;3084931;0;12812
FR;1;2022-07-05;1461;2852;17688;126361;1506;15145;128475;0;1059;42622926;41466301;26335371;2991168;42545065;28515088;3213406;0;13871
FR;1;2022-07-06;1360;2399;14882;93726;1378;12905;95161;0;815;42624286;41468700;26350253;3084894;42546443;28527993;3308567;0;14686
FR;1;2022-07-07;1439;2538;16931;119491;1408;14002;121585;0;1074;42625725;41471238;26367184;3204385;42547851;28541995;3430152;0;15760
FR;1;2022-07-08;1533;2821;19608;129997;1538;15970;132804;0;1220;42627258;41474059;26386792;3334382;42549389;28557965;3562956;0;16980
FR;1;2022-07-09;662;1278;7306;36018;698;6347;36808;0;392;42627920;41475337;26394098;3370400;42550087;28564312;3599764;0;17372
FR;1;2022-07-10;240;646;2240;6689;401;2032;7068;0;89;42628160;41475983;26396338;3377089;42550488;28566344;3606832;0;17461
FR;1;2022-07-11;1224;2233;14318;84449;1170;11939;86560;0;734;42629384;41478216;26410656;3461538;42551658;28578283;3693392;0;18195
FR;1;2022-07-12;1586;2800;19462;137418;1438;15901;139907;0;1485;42630970;41481016;26430118;3598956;42553096;28594184;3833299;0;19680
FR;1;2022-07-13;1445;2438;14789;89836;1315;12643;91521;0;1002;42632415;41483454;26444907;3688792;42554411;28606827;3924820;0;20682
FR;1;2022-07-14;161;350;1864;5288;195;1773;5435;0;74;42632576;41483804;26446771;3694080;42554606;28608600;3930255;0;20756
FR;1;2022-07-15;1266;2311;14361;80593;1194;12004;82597;0;960;42633842;41486115;26461132;3774673;42555800;28620604;4012852;0;21716
FR;1;2022-07-16;509;1061;5639;23948;553;4893;24588;0;302;42634351;41487176;26466771;3798621;42556353;28625497;4037440;0;22018
FR;1;2022-07-17;163;368;1655;4463;193;1499;4726;0;60;42634514;41487544;26468426;3803084;42556546;28626996;4042166;0;22078
FR;1;2022-07-18;973;2034;11300;59276;1144;9569;61001;0;715;42635487;41489578;26479726;3862360;42557690;28636565;4103167;0;22793
FR;1;2022-07-19;1229;2127;14691;99422;1190;11724;101417;0;1386;42636716;41491705;26494417;3961782;42558880;28648289;4204584;0;24179
FR;1;2022-07-20;1183;2003;12372;74367;1172;10282;75854;0;964;42637899;41493708;26506789;4036149;42560052;28658571;4280438;0;25143
FR;1;2022-07-21;1135;1951;12415;84539;1185;9991;85904;0;1211;42639034;41495659;26519204;4120688;42561237;28668562;4366342;0;26354
FR;1;2022-07-22;1265;2234;14101;85940;1248;11431;87679;0;1263;42640299;41497893;26533305;4206628;42562485;28679993;4454021;0;27617
FR;1;2022-07-23;546;1092;5236;21294;633;4610;21839;0;373;42640845;41498985;26538541;4227922;42563118;28684603;4475860;0;27990
FR;1;2022-07-24;148;305;1324;3699;152;1166;3923;0;65;42640993;41499290;26539865;4231621;42563270;28685769;4479783;0;28055
FR;1;2022-07-25;890;1629;9074;46114;979;7522;47490;0;680;42641883;41500919;26548939;4277735;42564249;28693291;4527273;0;28735
FR;1;2022-07-26;1130;1961;12680;81962;1118;10336;83575;0;1198;42643013;41502880;26561619;4359697;42565367;28703627;4610848;0;29933
FR;1;2022-07-27;1017;1729;9759;58519;1043;8139;59700;0;874;42644030;41504609;26571378;4418216;42566410;28711766;4670548;0;30807
FR;1;2022-07-28;980;1704;9853;61902;1111;7847;63130;0;967;42645010;41506313;26581231;4480118;42567521;28719613;4733678;0;31774
FR;1;2022-07-29;1112;1839;10457;62985;1164;8382;64299;0;1066;42646122;41508152;26591688;4543103;42568685;28727995;4797977;0;32840
FR;1;2022-07-30;392;722;3349;14491;438;2849;14851;0;279;42646514;41508874;26595037;4557594;42569123;28730844;4812828;0;33119
FR;1;2022-07-31;141;263;900;2335;158;766;2477;0;47;42646655;41509137;26595937;4559929;42569281;28731610;4815305;0;33166
FR;1;2022-08-01;766;1414;7254;28963;1030;6117;29954;0;519;42647421;41510551;26603191;4588892;42570311;28737727;4845259;0;33685
FR;1;2022-08-02;906;1481;8232;54030;996;6626;54681;0;1090;42648327;41512032;26611423;4642922;42571307;28744353;4899940;0;34775
FR;1;2022-08-03;727;1105;6152;37042;750;4935;37772;0;644;42649054;41513137;26617575;4679964;42572057;28749288;4937712;0;35419
FR;1;2022-08-04;647;1076;6256;41447;693;5050;42001;0;850;42649701;41514213;26623831;4721411;42572750;28754338;4979713;0;36269
FR;1;2022-08-05;742;1196;6765;43072;806;5433;43703;0;933;42650443;41515409;26630596;4764483;42573556;28759771;5023416;0;37202
FR;1;2022-08-06;275;461;1991;8999;301;1672;9191;0;218;42650718;41515870;26632587;4773482;42573857;28761443;5032607;0;37420
FR;1;2022-08-07;89;145;520;1552;101;436;1629;0;35;42650807;41516015;26633107;4775034;42573958;28761879;5034236;0;37455
FR;1;2022-08-08;510;1008;3803;21217;762;3137;21624;0;457;42651317;41517023;26636910;4796251;42574720;28765016;5055860;0;37912
FR;1;2022-08-09;618;1048;5682;38471;738;4557;38965;0;794;42651935;41518071;26642592;4834722;42575458;28769573;5094825;0;38706
FR;1;2022-08-10;546;1106;4435;26913;807;3636;27226;0;601;42652481;41519177;26647027;4861635;42576265;28773209;5122051;0;39307
FR;1;2022-08-11;545;917;4310;28206;629;3584;28534;0;634;42653026;41520094;26651337;4889841;42576894;28776793;5150585;0;39941
FR;1;2022-08-12;611;1035;4552;27164;709;3760;27575;0;668;42653637;41521129;26655889;4917005;42577603;28780553;5178160;0;40609
FR;1;2022-08-13;193;366;1248;5108;259;1065;5279;0;116;42653830;41521495;26657137;4922113;42577862;28781618;5183439;0;40725
FR;1;2022-08-14;66;115;276;871;96;235;941;0;24;42653896;41521610;26657413;4922984;42577958;28781853;5184380;0;40749
FR;1;2022-08-15;84;182;572;542;151;533;593;0;16;42653980;41521792;26657985;4923526;42578109;28782386;5184973;0;40765
FR;1;2022-08-16;530;943;3787;21487;701;3217;21687;0;582;42654510;41522735;26661772;4945013;42578810;28785603;5206660;0;41347
FR;1;2022-08-17;535;902;3767;22149;670;3193;22391;0;579;42655045;41523637;26665539;4967162;42579480;28788796;5229051;0;41926
FR;1;2022-08-18;545;885;3935;25439;685;3133;25661;0;630;42655590;41524522;26669474;4992601;42580165;28791929;5254712;0;42556
FR;1;2022-08-19;535;1047;4369;26543;747;3601;26851;0;732;42656125;41525569;26673843;5019144;42580912;28795530;5281563;0;43288
FR;1;2022-08-20;234;416;1289;5371;316;1106;5524;0;138;42656359;41525985;26675132;5024515;42581228;28796636;5287087;0;43426
FR;1;2022-08-21;84;111;287;989;76;253;1012;0;27;42656443;41526096;26675419;5025504;42581304;28796889;5288099;0;43453
FR;1;2022-08-22;489;892;3141;14953;663;2713;15229;0;411;42656932;41526988;26678560;5040457;42581967;28799602;5303328;0;43864
FR;1;2022-08-23;643;1062;4153;28320;746;3487;28399;0;830;42657575;41528050;26682713;5068777;42582713;28803089;5331727;0;44694
FR;1;2022-08-24;557;830;3401;19060;651;2770;19245;0;587;42658132;41528880;26686114;5087837;42583364;28805859;5350972;0;45281
FR;1;2022-08-25;563;924;3827;22919;644;3210;23148;0;655;42658695;41529804;26689941;5110756;42584008;28809069;5374120;0;45936
FR;1;2022-08-26;748;1132;4346;25156;807;3563;25531;0;745;42659443;41530936;26694287;5135912;42584815;28812632;5399651;0;46681
FR;1;2022-08-27;219;431;1323;5302;275;1191;5356;0;192;42659662;41531367;26695610;5141214;42585090;28813823;5405007;0;46873
FR;1;2022-08-28;111;146;298;898;105;280;947;0;33;42659773;41531513;26695908;5142112;42585195;28814103;5405954;0;46906
FR;1;2022-08-29;502;856;2976;14248;632;2515;14558;0;409;42660275;41532369;26698884;5156360;42585827;28816618;5420512;0;47315
FR;1;2022-08-30;740;1100;4624;27711;777;3774;28032;0;793;42661015;41533469;26703508;5184071;42586604;28820392;5448544;0;48108
FR;1;2022-08-31;586;831;3112;17235;609;2622;17497;0;483;42661601;41534300;26706620;5201306;42587213;28823014;5466041;0;48591
FR;1;2022-09-01;680;920;4327;21874;647;3686;22135;0;587;42662281;41535220;26710947;5223180;42587860;28826700;5488176;0;49178
FR;1;2022-09-02;777;1052;4880;27864;748;4077;28151;0;882;42663058;41536272;26715827;5251044;42588608;28830777;5516327;0;50060
FR;1;2022-09-03;318;506;1832;5875;345;1593;6104;0;174;42663376;41536778;26717659;5256919;42588953;28832370;5522431;0;50234
FR;1;2022-09-04;108;137;341;842;74;334;912;0;21;42663484;41536915;26718000;5257761;42589027;28832704;5523343;0;50255
FR;1;2022-09-05;596;722;3036;15690;545;2542;15973;0;499;42664080;41537637;26721036;5273451;42589572;28835246;5539316;0;50754
FR;1;2022-09-06;728;945;4569;31061;594;3707;31283;0;1002;42664808;41538582;26725605;5304512;42590166;28838953;5570599;0;51756
FR;1;2022-09-07;545;690;2919;16443;450;2422;16580;0;550;42665353;41539272;26728524;5320955;42590616;28841375;5587179;0;52306
FR;1;2022-09-08;573;789;3698;24206;536;3038;24286;0;796;42665926;41540061;26732222;5345161;42591152;28844413;5611465;0;53102
FR;1;2022-09-09;772;971;4304;26884;612;3592;27067;0;902;42666698;41541032;26736526;5372045;42591764;28848005;5638532;0;54004
FR;1;2022-09-10;335;480;1674;5588;310;1476;5778;0;204;42667033;41541512;26738200;5377633;42592074;28849481;5644310;0;54208
FR;1;2022-09-11;105;120;312;645;82;292;702;0;17;42667138;41541632;26738512;5378278;42592156;28849773;5645012;0;54225
FR;1;2022-09-12;450;593;2612;12948;414;2229;13228;0;462;42667588;41542225;26741124;5391226;42592570;28852002;5658240;0;54687
FR;1;2022-09-13;585;812;3867;25834;522;3380;25709;0;835;42668173;41543037;26744991;5417060;42593092;28855382;5683949;0;55522
FR;1;2022-09-14;571;700;2871;15694;484;2401;15930;0;537;42668744;41543737;26747862;5432754;42593576;28857783;5699879;0;56059
FR;1;2022-09-15;512;723;3337;23087;494;2844;23150;0;677;42669256;41544460;26751199;5455841;42594070;28860627;5723029;0;56736
FR;1;2022-09-16;720;936;4014;25333;621;3385;25534;0;891;42669976;41545396;26755213;5481174;42594691;28864012;5748563;0;57627
FR;1;2022-09-17;294;418;1395;5978;289;1220;6086;0;227;42670270;41545814;26756608;5487152;42594980;28865232;5754649;0;57854
FR;1;2022-09-18;99;124;310;923;101;278;979;0;33;42670369;41545938;26756918;5488075;42595081;28865510;5755628;0;57887
FR;1;2022-09-19;367;572;2134;12846;373;1830;12999;0;414;42670736;41546510;26759052;5500921;42595454;28867340;5768627;0;58301
FR;1;2022-09-20;559;807;3661;25829;554;3059;25869;0;853;42671295;41547317;26762713;5526750;42596008;28870399;5794496;0;59154
FR;1;2022-09-21;471;681;2625;15861;481;2253;15826;0;561;42671766;41547998;26765338;5542611;42596489;28872652;5810322;0;59715
FR;1;2022-09-22;538;763;3291;22951;503;2689;23141;0;742;42672304;41548761;26768629;5565562;42596992;28875341;5833463;0;60457
FR;1;2022-09-23;762;942;4351;28140;672;3632;28307;0;980;42673066;41549703;26772980;5593702;42597664;28878973;5861770;0;61437
FR;1;2022-09-24;352;534;1585;6694;375;1369;6866;0;300;42673418;41550237;26774565;5600396;42598039;28880342;5868636;0;61737
FR;1;2022-09-25;81;152;321;1071;105;293;1109;0;32;42673499;41550389;26774886;5601467;42598144;28880635;5869745;0;61769
FR;1;2022-09-26;382;645;2181;13072;422;1934;13166;0;412;42673881;41551034;26777067;5614539;42598566;28882569;5882911;0;62181
FR;1;2022-09-27;540;765;3458;25023;539;2794;25221;0;906;42674421;41551799;26780525;5639562;42599105;28885363;5908132;0;63087
FR;1;2022-09-28;519;714;2445;14964;501;2214;15053;0;597;42674940;41552513;26782970;5654526;42599606;28887577;5923185;0;63684
FR;1;2022-09-29;504;691;2982;20349;482;2507;20362;0;767;42675444;41553204;26785952;5674875;42600088;28890084;5943547;0;64451
FR;1;2022-09-30;683;975;3774;24423;678;3158;24671;0;970;42676127;41554179;26789726;5699298;42600766;28893242;5968218;0;65421
FR;1;2022-10-01;348;546;1903;5501;381;1658;5730;0;273;42676475;41554725;26791629;5704799;42601147;28894900;5973948;0;65694
FR;1;2022-10-02;53;120;204;567;82;204;588;0;29;42676528;41554845;26791833;5705366;42601229;28895104;5974536;0;65723
FR;1;2022-10-03;420;702;2209;10039;546;1969;10207;0;489;42676948;41555547;26794042;5715405;42601775;28897073;5984743;0;66212
FR;1;2022-10-04;549;701;2923;18922;469;2473;19010;0;1084;42677497;41556248;26796965;5734327;42602244;28899546;6003753;0;67296
FR;1;2022-10-05;430;688;2089;11107;460;1862;11240;0;723;42677927;41556936;26799054;5745434;42602704;28901408;6014993;0;68019
FR;1;2022-10-06;442;615;2493;15774;438;2058;15957;0;1060;42678369;41557551;26801547;5761208;42603142;28903466;6030950;0;69079
FR;1;2022-10-07;551;741;2693;16062;540;2310;16086;0;1160;42678920;41558292;26804240;5777270;42603682;28905776;6047036;0;70239
FR;1;2022-10-08;235;309;887;3170;240;775;3275;0;291;42679155;41558601;26805127;5780440;42603922;28906551;6050311;0;70530
FR;1;2022-10-09;76;87;150;461;77;134;487;0;50;42679231;41558688;26805277;5780901;42603999;28906685;6050798;0;70580
FR;1;2022-10-10;299;463;1317;4996;370;1235;5091;0;463;42679530;41559151;26806594;5785897;42604369;28907920;6055889;0;71043
FR;1;2022-10-11;317;441;1310;8084;328;1191;8185;0;757;42679847;41559592;26807904;5793981;42604697;28909111;6064074;0;71800
FR;1;2022-10-12;326;447;1065;5186;337;1061;5201;0;520;42680173;41560039;26808969;5799167;42605034;28910172;6069275;0;72320
FR;1;2022-10-13;325;409;1068;6085;318;929;6130;0;628;42680498;41560448;26810037;5805252;42605352;28911101;6075405;0;72948
FR;1;2022-10-14;408;532;1173;6710;448;1047;6778;0;675;42680906;41560980;26811210;5811962;42605800;28912148;6082183;0;73623
FR;1;2022-10-15;204;271;523;1860;224;505;1868;0;226;42681110;41561251;26811733;5813822;42606024;28912653;6084051;0;73849
FR;1;2022-10-16;47;62;111;296;43;118;315;0;48;42681157;41561313;26811844;5814118;42606067;28912771;6084366;0;73897
FR;1;2022-10-17;235;324;734;2652;258;689;2696;0;366;42681392;41561637;26812578;5816770;42606325;28913460;6087062;0;74263
FR;1;2022-10-18;262;315;952;4591;251;831;4692;0;865;42681654;41561952;26813530;5821361;42606576;28914291;6091754;0;75128
FR;1;2022-10-19;277;363;693;3183;296;662;3164;0;502;42681931;41562315;26814223;5824544;42606872;28914953;6094918;0;75630
FR;1;2022-10-20;278;327;892;4364;274;780;4402;0;771;42682209;41562642;26815115;5828908;42607146;28915733;6099320;0;76401
FR;1;2022-10-21;302;408;846;3804;360;741;3876;0;675;42682511;41563050;26815961;5832712;42607506;28916474;6103196;0;77076
FR;1;2022-10-22;135;176;306;1251;154;300;1216;0;210;42682646;41563226;26816267;5833963;42607660;28916774;6104412;0;77286
FR;1;2022-10-23;31;43;64;197;41;58;213;0;25;42682677;41563269;26816331;5834160;42607701;28916832;6104625;0;77311
FR;1;2022-10-24;273;232;477;1603;201;474;1659;0;306;42682950;41563501;26816808;5835763;42607902;28917306;6106284;0;77617
FR;1;2022-10-25;219;256;524;2650;223;446;2705;0;487;42683169;41563757;26817332;5838413;42608125;28917752;6108989;0;78104
FR;1;2022-10-26;234;244;390;1956;230;366;1963;0;435;42683403;41564001;26817722;5840369;42608355;28918118;6110952;0;78539
FR;1;2022-10-27;258;227;489;2167;198;508;2151;0;518;42683661;41564228;26818211;5842536;42608553;28918626;6113103;0;79057
FR;1;2022-10-28;309;316;532;2333;297;470;2399;0;478;42683970;41564544;26818743;5844869;42608850;28919096;6115502;0;79535
FR;1;2022-10-29;99;149;177;712;118;211;703;0;202;42684069;41564693;26818920;5845581;42608968;28919307;6116205;0;79737
FR;1;2022-10-30;38;41;62;183;33;56;189;0;38;42684107;41564734;26818982;5845764;42609001;28919363;6116394;0;79775
FR;1;2022-10-31;136;181;294;796;160;271;863;0;143;42684243;41564915;26819276;5846560;42609161;28919634;6117257;0;79918
FR;1;2022-11-01;44;122;763;115;106;761;135;0;18;42684287;41565037;26820039;5846675;42609267;28920395;6117392;0;79936
FR;1;2022-11-02;259;227;524;981;222;492;1044;0;356;42684546;41565264;26820563;5847656;42609489;28920887;6118436;0;80292
FR;1;2022-11-03;267;228;440;1377;213;400;1416;0;374;42684813;41565492;26821003;5849033;42609702;28921287;6119852;0;80666
FR;1;2022-11-04;231;258;424;1597;237;401;1637;0;438;42685044;41565750;26821427;5850630;42609939;28921688;6121489;0;81104
FR;1;2022-11-05;97;118;272;501;107;254;523;0;111;42685141;41565868;26821699;5851131;42610046;28921942;6122012;0;81215
FR;1;2022-11-06;36;42;32;131;41;35;129;0;33;42685177;41565910;26821731;5851262;42610087;28921977;6122141;0;81248
FR;1;2022-11-07;183;205;291;892;192;282;938;0;211;42685360;41566115;26822022;5852154;42610279;28922259;6123079;0;81459
FR;1;2022-11-08;198;236;458;1678;224;404;1706;0;519;42685558;41566351;26822480;5853832;42610503;28922663;6124785;0;81978
FR;1;2022-11-09;183;209;334;1102;196;300;1139;0;458;42685741;41566560;26822814;5854934;42610699;28922963;6125924;0;82436
FR;1;2022-11-10;208;269;429;1678;258;438;1665;0;580;42685949;41566829;26823243;5856612;42610957;28923401;6127589;0;83016
FR;1;2022-11-11;27;33;103;100;32;89;114;0;44;42685976;41566862;26823346;5856712;42610989;28923490;6127703;0;83060
FR;1;2022-11-12;88;119;256;375;106;255;390;0;101;42686064;41566981;26823602;5857087;42611095;28923745;6128093;0;83161
FR;1;2022-11-13;19;33;28;64;30;31;66;0;26;42686083;41567014;26823630;5857151;42611125;28923776;6128159;0;83187
FR;1;2022-11-14;170;176;257;767;164;261;837;0;234;42686253;41567190;26823887;5857918;42611289;28924037;6128996;0;83421
FR;1;2022-11-15;212;233;382;1295;232;358;1335;0;434;42686465;41567423;26824269;5859213;42611521;28924395;6130331;0;83855
FR;1;2022-11-16;184;222;328;981;217;341;1016;0;359;42686649;41567645;26824597;5860194;42611738;28924736;6131347;0;84214
FR;1;2022-11-17;164;181;291;1205;175;267;1209;0;386;42686813;41567826;26824888;5861399;42611913;28925003;6132556;0;84600
FR;1;2022-11-18;225;251;391;1314;244;380;1347;0;411;42687038;41568077;26825279;5862713;42612157;28925383;6133903;0;85011
FR;1;2022-11-19;120;101;245;441;99;210;474;0;102;42687158;41568178;26825524;5863154;42612256;28925593;6134377;0;85113
FR;1;2022-11-20;28;37;29;66;32;31;74;0;28;42687186;41568215;26825553;5863220;42612288;28925624;6134451;0;85141
FR;1;2022-11-21;174;168;268;638;142;283;675;0;211;42687360;41568383;26825821;5863858;42612430;28925907;6135126;0;85352
FR;1;2022-11-22;154;147;409;1153;130;392;1176;0;405;42687514;41568530;26826230;5865011;42612560;28926299;6136302;0;85757
FR;1;2022-11-23;177;172;241;758;155;242;781;0;241;42687691;41568702;26826471;5865769;42612715;28926541;6137083;0;85998
FR;1;2022-11-24;132;161;283;1195;142;296;1197;0;425;42687823;41568863;26826754;5866964;42612857;28926837;6138280;0;86423
FR;1;2022-11-25;201;232;423;1153;217;412;1185;0;392;42688024;41569095;26827177;5868117;42613074;28927249;6139465;0;86815
FR;1;2022-11-26;90;106;112;322;98;123;310;0;117;42688114;41569201;26827289;5868439;42613172;28927372;6139775;0;86932
FR;1;2022-11-27;15;33;19;72;20;31;78;0;49;42688129;41569234;26827308;5868511;42613192;28927403;6139853;0;86981
FR;1;2022-11-28;209;135;206;665;143;203;707;0;332;42688338;41569369;26827514;5869176;42613335;28927606;6140560;0;87313
FR;1;2022-11-29;169;140;269;1104;124;251;1117;0;457;42688507;41569509;26827783;5870280;42613459;28927857;6141677;0;87770
FR;1;2022-11-30;159;191;229;929;178;230;955;0;319;42688666;41569700;26828012;5871209;42613637;28928087;6142632;0;88089
FR;1;2022-12-01;155;146;697;1083;133;663;1125;0;362;42688821;41569846;26828709;5872292;42613770;28928750;6143757;0;88451
FR;1;2022-12-02;198;190;510;1182;186;507;1229;0;470;42689019;41570036;26829219;5873474;42613956;28929257;6144986;0;88921
FR;1;2022-12-03;101;107;260;530;95;238;527;0;177;42689120;41570143;26829479;5874004;42614051;28929495;6145513;0;89098
FR;1;2022-12-04;26;26;19;138;23;20;129;0;58;42689146;41570169;26829498;5874142;42614074;28929515;6145642;0;89156
FR;1;2022-12-05;136;120;279;865;116;274;896;0;314;42689282;41570289;26829777;5875007;42614190;28929789;6146538;0;89470
FR;1;2022-12-06;145;136;262;1444;124;265;1450;0;739;42689427;41570425;26830039;5876451;42614314;28930054;6147988;0;90209
FR;1;2022-12-07;147;142;241;1185;153;219;1202;0;572;42689574;41570567;26830280;5877636;42614467;28930273;6149190;0;90781
FR;1;2022-12-08;127;134;294;1751;126;250;1793;0;765;42689701;41570701;26830574;5879387;42614593;28930523;6150983;0;91546
FR;1;2022-12-09;200;193;346;1811;164;355;1831;0;720;42689901;41570894;26830920;5881198;42614757;28930878;6152814;0;92266
FR;1;2022-12-10;110;102;336;852;88;319;873;0;292;42690011;41570996;26831256;5882050;42614845;28931197;6153687;0;92558
FR;1;2022-12-11;31;30;31;218;27;29;200;0;62;42690042;41571026;26831287;5882268;42614872;28931226;6153887;0;92620
FR;1;2022-12-12;121;89;274;1099;88;260;1110;0;457;42690163;41571115;26831561;5883367;42614960;28931486;6154997;0;93077
FR;1;2022-12-13;114;117;283;1295;91;260;1307;0;616;42690277;41571232;26831844;5884662;42615051;28931746;6156304;0;93693
FR;1;2022-12-14;102;134;244;861;129;224;883;0;368;42690379;41571366;26832088;5885523;42615180;28931970;6157187;0;94061
FR;1;2022-12-15;131;140;433;1486;127;405;1510;0;688;42690510;41571506;26832521;5887009;42615307;28932375;6158697;0;94749
FR;1;2022-12-16;204;205;554;1328;208;538;1354;0;619;42690714;41571711;26833075;5888337;42615515;28932913;6160051;0;95368
FR;1;2022-12-17;88;83;220;467;73;214;475;0;203;42690802;41571794;26833295;5888804;42615588;28933127;6160526;0;95571
FR;1;2022-12-18;17;20;24;109;17;26;106;0;37;42690819;41571814;26833319;5888913;42615605;28933153;6160632;0;95608
FR;1;2022-12-19;148;125;240;788;133;213;829;0;361;42690967;41571939;26833559;5889701;42615738;28933366;6161461;0;95969
FR;1;2022-12-20;138;151;327;889;139;320;895;0;419;42691105;41572090;26833886;5890590;42615877;28933686;6162356;0;96388
FR;1;2022-12-21;133;102;189;621;111;156;630;0;360;42691238;41572192;26834075;5891211;42615988;28933842;6162986;0;96748
FR;1;2022-12-22;144;98;160;537;107;144;530;0;304;42691382;41572290;26834235;5891748;42616095;28933986;6163516;0;97052
FR;1;2022-12-23;125;143;442;412;126;433;417;0;177;42691507;41572433;26834677;5892160;42616221;28934419;6163933;0;97229
FR;1;2022-12-24;30;23;31;53;26;30;59;0;20;42691537;41572456;26834708;5892213;42616247;28934449;6163992;0;97249
FR;1;2022-12-25;3;7;17;11;7;12;13;0;11;42691540;41572463;26834725;5892224;42616254;28934461;6164005;0;97260
FR;1;2022-12-26;91;88;247;248;88;251;254;0;93;42691631;41572551;26834972;5892472;42616342;28934712;6164259;0;97353
FR;1;2022-12-27;107;155;297;385;147;302;400;0;179;42691738;41572706;26835269;5892857;42616489;28935014;6164659;0;97532
FR;1;2022-12-28;99;136;194;268;123;196;278;0;124;42691837;41572842;26835463;5893125;42616612;28935210;6164937;0;97656
FR;1;2022-12-29;104;98;146;276;95;145;297;0;114;42691941;41572940;26835609;5893401;42616707;28935355;6165234;0;97770
FR;1;2022-12-30;121;120;80;255;109;87;262;0;141;42692062;41573060;26835689;5893656;42616816;28935442;6165496;0;97911
FR;1;2022-12-31;36;33;28;74;38;25;74;0;24;42692098;41573093;26835717;5893730;42616854;28935467;6165570;0;97935
FR;1;2023-01-01;4;11;54;20;11;50;25;0;10;42692102;41573104;26835771;5893750;42616865;28935517;6165595;0;97945
FR;1;2023-01-02;74;78;383;135;85;370;149;0;58;42692176;41573182;26836154;5893885;42616950;28935887;6165744;0;98003
FR;1;2023-01-03;143;83;281;186;82;278;196;0;127;42692319;41573265;26836435;5894071;42617032;28936165;6165940;0;98130
FR;1;2023-01-04;80;75;195;188;79;194;196;0;190;42692399;41573340;26836630;5894259;42617111;28936359;6166136;0;98320
FR;1;2023-01-05;138;92;130;323;104;128;322;0;201;42692537;41573432;26836760;5894582;42617215;28936487;6166458;0;98521
FR;1;2023-01-06;189;134;152;310;136;141;332;0;229;42692726;41573566;26836912;5894892;42617351;28936628;6166790;0;98750
FR;1;2023-01-07;100;81;66;138;84;51;152;0;92;42692826;41573647;26836978;5895030;42617435;28936679;6166942;0;98842
FR;1;2023-01-08;25;15;22;59;12;18;63;0;24;42692851;41573662;26837000;5895089;42617447;28936697;6167005;0;98866
FR;1;2023-01-09;135;115;94;132;112;100;146;0;113;42692986;41573777;26837094;5895221;42617559;28936797;6167151;0;98979
FR;1;2023-01-10;104;97;101;229;95;110;226;0;187;42693090;41573874;26837195;5895450;42617654;28936907;6167377;0;99166
FR;1;2023-01-11;96;88;66;175;94;69;188;0;93;42693186;41573962;26837261;5895625;42617748;28936976;6167565;0;99259
FR;1;2023-01-12;119;86;71;214;82;79;231;0;158;42693305;41574048;26837332;5895839;42617830;28937055;6167796;0;99417
FR;1;2023-01-13;189;136;84;262;133;85;281;0;183;42693494;41574184;26837416;5896101;42617963;28937140;6168077;0;99600
FR;1;2023-01-14;86;54;38;97;54;49;95;0;60;42693580;41574238;26837454;5896198;42618017;28937189;6168172;0;99660
FR;1;2023-01-15;18;16;10;38;16;8;41;0;28;42693598;41574254;26837464;5896236;42618033;28937197;6168213;0;99688
FR;1;2023-01-16;107;83;51;146;76;57;120;0;98;42693705;41574337;26837515;5896382;42618109;28937254;6168333;0;99786
FR;1;2023-01-17;103;82;66;197;81;62;225;0;122;42693808;41574419;26837581;5896579;42618190;28937316;6168558;0;99908
FR;1;2023-01-18;93;77;41;131;76;41;148;0;112;42693901;41574496;26837622;5896710;42618266;28937357;6168706;0;100020
FR;1;2023-01-19;110;62;37;106;62;44;113;0;125;42694011;41574558;26837659;5896816;42618328;28937401;6168819;0;100145
FR;1;2023-01-20;158;126;91;236;128;122;223;0;162;42694169;41574684;26837750;5897052;42618456;28937523;6169042;0;100307
FR;1;2023-01-21;56;62;36;75;60;47;66;0;30;42694225;41574746;26837786;5897127;42618516;28937570;6169108;0;100337
FR;1;2023-01-22;8;8;11;19;6;8;22;0;14;42694233;41574754;26837797;5897146;42618522;28937578;6169130;0;100351
FR;1;2023-01-23;83;64;42;74;67;34;94;0;58;42694316;41574818;26837839;5897220;42618589;28937612;6169224;0;100409
FR;1;2023-01-24;110;66;33;106;76;32;114;0;147;42694426;41574884;26837872;5897326;42618665;28937644;6169338;0;100556
FR;1;2023-01-25;88;71;47;83;72;52;93;0;83;42694514;41574955;26837919;5897409;42618737;28937696;6169431;0;100639
FR;2;2020-12-27;0;0;0;0;0;0;0;0;0;0;0;0;0;0;0;0;0;0
FR;2;2020-12-28;0;0;0;0;0;0;0;0;0;0;0;0;0;0;0;0;0;0
FR;2;2020-12-29;0;0;0;0;0;0;0;0;0;0;0;0;0;0;0;0;0;0
FR;2;2020-12-30;0;0;0;0;0;0;0;0;0;0;0;0;0;0;0;0;0;0
FR;2;2020-12-31;0;0;0;0;0;0;0;0;0;0;0;0;0;0;0;0;0;0
FR;2;2021-01-01;0;0;0;0;0;0;0;0;0;0;0;0;0;0;0;0;0;0
FR;2;2021-01-02;0;0;0;0;0;0;0;0;0;0;0;0;0;0;0;0;0;0
FR;2;2021-01-03;0;0;0;0;0;0;0;0;0;0;0;0;0;0;0;0;0;0
FR;2;2021-01-04;0;0;0;0;0;0;0;0;0;0;0;0;0;0;0;0;0;0
FR;2;2021-01-05;0;0;0;0;0;0;0;0;0;0;0;0;0;0;0;0;0;0
FR;2;2021-01-06;0;0;0;0;0;0;0;0;0;0;0;0;0;0;0;0;0;0
FR;2;2021-01-07;0;0;0;0;0;0;0;0;0;0;0;0;0;0;0;0;0;0
FR;2;2021-01-08;0;0;0;0;0;0;0;0;0;0;0;0;0;0;0;0;0;0
FR;2;2021-01-09;0;0;0;0;0;0;0;0;0;0;0;0;0;0;0;0;0;0
FR;2;2021-01-10;0;0;0;0;0;0;0;0;0;0;0;0;0;0;0;0;0;0
FR;2;2021-01-11;0;0;0;0;0;0;0;0;0;0;0;0;0;0;0;0;0;0
FR;2;2021-01-12;0;0;0;0;0;0;0;0;0;0;0;0;0;0;0;0;0;0
FR;2;2021-01-13;0;0;0;0;0;0;0;0;0;0;0;0;0;0;0;0;0;0
FR;2;2021-01-14;1639;0;0;0;213;0;0;0;0;1639;0;0;0;213;0;0;0;0
FR;2;2021-01-15;398;0;0;0;28;0;0;0;0;2037;0;0;0;241;0;0;0;0
FR;2;2021-01-16;316;0;0;0;12;0;0;0;0;2353;0;0;0;253;0;0;0;0
FR;2;2021-01-17;84;0;0;0;7;0;0;0;0;2437;0;0;0;260;0;0;0;0
FR;2;2021-01-18;3075;3;0;0;27;0;0;0;0;5512;3;0;0;287;0;0;0;0
FR;2;2021-01-19;4681;2;0;0;31;0;0;0;0;10193;5;0;0;318;0;0;0;0
FR;2;2021-01-20;5137;6;0;0;58;0;0;0;0;15330;11;0;0;376;0;0;0;0
FR;2;2021-01-21;5345;9;0;0;56;0;0;0;0;20675;20;0;0;432;0;0;0;0
FR;2;2021-01-22;5118;19;0;0;70;0;0;0;0;25793;39;0;0;502;0;0;0;0
FR;2;2021-01-23;1875;2;0;0;16;0;0;0;0;27668;41;0;0;518;0;0;0;0
FR;2;2021-01-24;163;2;0;0;8;0;0;0;0;27831;43;0;0;526;0;0;0;0
FR;2;2021-01-25;3814;4;0;0;37;0;0;0;0;31645;47;0;0;563;0;0;0;0
FR;2;2021-01-26;3927;6;0;0;42;0;0;0;0;35572;53;0;0;605;0;0;0;0
FR;2;2021-01-27;3605;4;0;0;36;0;0;0;0;39177;57;0;0;641;0;0;0;0
FR;2;2021-01-28;3756;9;0;0;44;0;0;0;0;42933;66;0;0;685;0;0;0;0
FR;2;2021-01-29;3300;5;0;0;41;0;0;0;0;46233;71;0;0;726;0;0;0;0
FR;2;2021-01-30;1133;3;0;0;16;0;0;0;0;47366;74;0;0;742;0;0;0;0
FR;2;2021-01-31;46;2;0;0;9;0;0;0;0;47412;76;0;0;751;0;0;0;0
FR;2;2021-02-01;3407;13;0;0;44;0;0;0;0;50819;89;0;0;795;0;0;0;0
FR;2;2021-02-02;4496;19;0;0;53;0;0;0;0;55315;108;0;0;848;0;0;0;0
FR;2;2021-02-03;5222;11;0;0;82;0;0;0;0;60537;119;0;0;930;0;0;0;0
FR;2;2021-02-04;4941;11;0;0;36;0;0;0;0;65478;130;0;0;966;0;0;0;0
FR;2;2021-02-05;4817;17;0;0;50;0;0;0;0;70295;147;0;0;1016;0;0;0;0
FR;2;2021-02-06;2045;15;0;0;41;0;0;0;0;72340;162;0;0;1057;0;0;0;0
FR;2;2021-02-07;103;6;0;0;20;0;0;0;0;72443;168;0;0;1077;0;0;0;0
FR;2;2021-02-08;7559;26;0;0;85;0;0;0;0;80002;194;0;0;1162;0;0;0;0
FR;2;2021-02-09;8434;31;0;0;99;0;0;0;0;88436;225;0;0;1261;0;0;0;0
FR;2;2021-02-10;9349;63;0;0;183;0;0;0;0;97785;288;0;0;1444;0;0;0;0
FR;2;2021-02-11;10292;131;0;0;255;0;0;0;0;108077;419;0;0;1699;0;0;0;0
FR;2;2021-02-12;10059;275;0;0;429;0;0;0;0;118136;694;0;0;2128;0;0;0;0
FR;2;2021-02-13;3121;224;0;0;262;0;0;0;0;121257;918;0;0;2390;0;0;0;0
FR;2;2021-02-14;358;11;0;0;21;0;0;0;0;121615;929;0;0;2411;0;0;0;0
FR;2;2021-02-15;3460;3129;0;0;3175;0;0;0;0;125075;4058;0;0;5586;0;0;0;0
FR;2;2021-02-16;5076;4161;0;0;4234;0;0;0;0;130151;8219;0;0;9820;0;0;0;0
FR;2;2021-02-17;4259;4555;0;0;4631;0;0;0;0;134410;12774;0;0;14451;0;0;0;0
FR;2;2021-02-18;5406;5176;0;0;5245;0;0;0;0;139816;17950;0;0;19696;0;0;0;0
FR;2;2021-02-19;5328;4489;0;0;4590;0;0;0;0;145144;22439;0;0;24286;0;0;0;0
FR;2;2021-02-20;1872;1520;0;0;1536;0;0;0;0;147016;23959;0;0;25822;0;0;0;0
FR;2;2021-02-21;244;96;0;0;98;0;0;0;0;147260;24055;0;0;25920;0;0;0;0
FR;2;2021-02-22;3614;3782;0;0;3844;0;0;0;0;150874;27837;0;0;29764;0;0;0;0
FR;2;2021-02-23;4956;3737;0;0;3800;0;0;0;0;155830;31574;0;0;33564;0;0;0;0
FR;2;2021-02-24;5017;3554;0;0;3606;0;0;0;0;160847;35128;0;0;37170;0;0;0;0
FR;2;2021-02-25;5500;3493;0;0;3582;0;0;0;0;166347;38621;0;0;40752;0;0;0;0
FR;2;2021-02-26;4368;3180;0;0;3253;0;0;0;0;170715;41801;0;0;44005;0;0;0;0
FR;2;2021-02-27;1629;1067;0;0;1086;0;0;0;0;172344;42868;0;0;45091;0;0;0;0
FR;2;2021-02-28;179;17;0;0;28;0;0;0;0;172523;42885;0;0;45119;0;0;0;0
FR;2;2021-03-01;5193;3758;0;0;3847;0;0;0;0;177716;46643;0;0;48966;0;0;0;0
FR;2;2021-03-02;6541;4725;0;0;4826;0;0;0;0;184257;51368;0;0;53792;0;0;0;0
FR;2;2021-03-03;6544;4955;0;0;5096;0;0;0;0;190801;56323;0;0;58888;0;0;0;0
FR;2;2021-03-04;8412;4208;0;0;4393;0;0;0;0;199213;60531;0;0;63281;0;0;0;0
FR;2;2021-03-05;8036;4053;0;0;4235;0;0;0;0;207249;64584;0;0;67516;0;0;0;0
FR;2;2021-03-06;4790;1683;0;0;1783;0;0;0;0;212039;66267;0;0;69299;0;0;0;0
FR;2;2021-03-07;2373;32;0;0;76;0;0;0;0;214412;66299;0;0;69375;0;0;0;0
FR;2;2021-03-08;4166;8392;0;0;8548;0;0;0;0;218578;74691;0;0;77923;0;0;0;0
FR;2;2021-03-09;7494;8607;1;0;8865;0;0;0;0;226072;83298;1;0;86788;0;0;0;0
FR;2;2021-03-10;7108;9243;0;0;9469;0;0;0;0;233180;92541;1;0;96257;0;0;0;0
FR;2;2021-03-11;9379;9364;1;0;9683;0;0;0;0;242559;101905;2;0;105940;0;0;0;0
FR;2;2021-03-12;7987;8360;0;0;8662;0;0;0;0;250546;110265;2;0;114602;0;0;0;0
FR;2;2021-03-13;10057;2592;0;0;2913;0;0;0;0;260603;112857;2;0;117515;0;0;0;0
FR;2;2021-03-14;4841;382;0;0;541;0;0;0;0;265444;113239;2;0;118056;0;0;0;0
FR;2;2021-03-15;10919;3475;0;0;3764;0;0;0;0;276363;116714;2;0;121820;0;0;0;0
FR;2;2021-03-16;16769;4732;1;0;5281;0;0;0;0;293132;121446;3;0;127101;0;0;0;0
FR;2;2021-03-17;20242;3994;0;0;4668;0;0;0;0;313374;125440;3;0;131769;0;0;0;0
FR;2;2021-03-18;23372;5127;0;0;5954;0;0;0;0;336746;130567;3;0;137723;0;0;0;0
FR;2;2021-03-19;23316;4676;0;0;5438;0;0;0;0;360062;135243;3;0;143161;0;0;0;0
FR;2;2021-03-20;25452;1586;0;0;2343;0;0;0;0;385514;136829;3;0;145504;0;0;0;0
FR;2;2021-03-21;17673;153;0;0;731;0;0;0;0;403187;136982;3;0;146235;0;0;0;0
FR;2;2021-03-22;17790;3254;0;0;3923;0;0;0;0;420977;140236;3;0;150158;0;0;0;0
FR;2;2021-03-23;22705;4286;0;0;5140;0;0;0;0;443682;144522;3;0;155298;0;0;0;0
FR;2;2021-03-24;23964;5080;0;0;5917;0;0;0;0;467646;149602;3;0;161215;0;0;0;0
FR;2;2021-03-25;26760;5250;1;0;6447;0;0;0;0;494406;154852;4;0;167662;0;0;0;0
FR;2;2021-03-26;26992;4229;0;0;5375;0;0;0;0;521398;159081;4;0;173037;0;0;0;0
FR;2;2021-03-27;15923;1368;0;0;1898;0;0;0;0;537321;160449;4;0;174935;0;0;0;0
FR;2;2021-03-28;10562;137;0;0;429;0;0;0;0;547883;160586;4;0;175364;0;0;0;0
FR;2;2021-03-29;19002;4348;0;0;5048;0;0;0;0;566885;164934;4;0;180412;0;0;0;0
FR;2;2021-03-30;24597;6105;0;0;7045;0;0;0;0;591482;171039;4;0;187457;0;0;0;0
FR;2;2021-03-31;28562;5931;0;0;7222;0;0;0;0;620044;176970;4;0;194679;0;0;0;0
FR;2;2021-04-01;34559;8576;1;0;10269;0;0;0;0;654603;185546;5;0;204948;0;0;0;0
FR;2;2021-04-02;29992;7735;0;0;9162;0;0;0;0;684595;193281;5;0;214110;0;0;0;0
FR;2;2021-04-03;16958;4246;0;0;4928;0;0;0;0;701553;197527;5;0;219038;0;0;0;0
FR;2;2021-04-04;9309;1274;2;0;1682;0;0;0;0;710862;198801;7;0;220720;0;0;0;0
FR;2;2021-04-05;12447;797;0;0;1381;0;0;0;0;723309;199598;7;0;222101;0;0;0;0
FR;2;2021-04-06;27158;7350;0;0;8741;0;0;0;0;750467;206948;7;0;230842;0;0;0;0
FR;2;2021-04-07;30930;7070;1;0;8646;0;0;0;0;781397;214018;8;0;239488;0;0;0;0
FR;2;2021-04-08;36896;8594;1;0;10519;0;0;0;0;818293;222612;9;0;250007;0;0;0;0
FR;2;2021-04-09;33855;8393;28;0;10179;0;0;0;0;852148;231005;37;0;260186;0;0;0;0
FR;2;2021-04-10;19689;9266;1;0;10179;0;0;0;0;871837;240271;38;0;270365;0;0;0;0
FR;2;2021-04-11;7942;4240;1;0;4603;0;0;0;0;879779;244511;39;0;274968;0;0;0;0
FR;2;2021-04-12;17132;11033;0;0;11872;0;0;0;0;896911;255544;39;0;286840;0;0;0;0
FR;2;2021-04-13;19464;16037;1;0;17104;0;0;0;0;916375;271581;40;0;303944;0;0;0;0
FR;2;2021-04-14;18071;16443;7;0;17539;0;0;0;0;934446;288024;47;0;321483;0;0;0;0
FR;2;2021-04-15;22206;21880;27;0;23331;0;0;0;0;956652;309904;74;0;344814;0;0;0;0
FR;2;2021-04-16;20720;20628;45;0;21900;0;0;0;0;977372;330532;119;0;366714;0;0;0;0
FR;2;2021-04-17;13258;22496;5;0;23226;0;0;0;0;990630;353028;124;0;389940;0;0;0;0
FR;2;2021-04-18;5911;14398;6;0;14738;0;0;0;0;996541;367426;130;0;404678;0;0;0;0
FR;2;2021-04-19;16850;16393;24;0;17196;0;0;0;0;1013391;383819;154;0;421874;0;0;0;0
FR;2;2021-04-20;19327;21806;38;0;22868;0;0;0;0;1032718;405625;192;0;444742;0;0;0;0
FR;2;2021-04-21;20292;21892;76;0;23043;0;0;0;0;1053010;427517;268;0;467785;0;0;0;0
FR;2;2021-04-22;23824;24950;41;0;26361;0;0;0;0;1076834;452467;309;0;494146;0;0;0;0
FR;2;2021-04-23;24534;25495;76;0;27004;0;0;0;0;1101368;477962;385;0;521150;0;0;0;0
FR;2;2021-04-24;25305;15068;104;0;16505;0;0;0;0;1126673;493030;489;0;537655;0;0;0;0
FR;2;2021-04-25;9597;8621;5;0;9182;0;0;0;0;1136270;501651;494;0;546837;0;0;0;0
FR;2;2021-04-26;17167;17662;21;0;18547;0;0;0;0;1153437;519313;515;0;565384;0;0;0;0
FR;2;2021-04-27;19246;24102;40;0;25286;0;0;0;0;1172683;543415;555;0;590670;0;0;0;0
FR;2;2021-04-28;22341;26458;113;0;27858;0;0;0;0;1195024;569873;668;0;618528;0;0;0;0
FR;2;2021-04-29;25475;30482;70;0;32171;0;0;0;0;1220499;600355;738;0;650699;0;0;0;0
FR;2;2021-04-30;25540;27973;49;1;29621;0;0;0;0;1246039;628328;787;1;680320;0;0;0;0
FR;2;2021-05-01;14988;9850;6;0;10652;0;0;0;0;1261027;638178;793;1;690972;0;0;0;0
FR;2;2021-05-02;6640;9160;2;0;9506;0;0;0;0;1267667;647338;795;1;700478;0;0;0;0
FR;2;2021-05-03;20023;19128;40;0;20335;0;0;0;0;1287690;666466;835;1;720813;0;0;0;0
FR;2;2021-05-04;18288;29200;33;0;30344;0;0;0;0;1305978;695666;868;1;751157;0;0;0;0
FR;2;2021-05-05;18385;29516;48;0;30813;0;0;0;0;1324363;725182;916;1;781970;0;0;0;0
FR;2;2021-05-06;23552;35415;132;0;36986;0;0;0;0;1347915;760597;1048;1;818956;0;0;0;0
FR;2;2021-05-07;25344;33238;97;0;35096;0;0;0;0;1373259;793835;1145;1;854052;0;0;0;0
FR;2;2021-05-08;21343;10648;15;0;11735;0;0;0;0;1394602;804483;1160;1;865787;0;0;0;0
FR;2;2021-05-09;13170;7642;7;0;8317;0;0;0;0;1407772;812125;1167;1;874104;0;0;0;0
FR;2;2021-05-10;32946;21728;50;0;23586;0;0;0;0;1440718;833853;1217;1;897690;0;0;0;0
FR;2;2021-05-11;43615;20903;101;0;23528;0;0;0;0;1484333;854756;1318;1;921218;0;0;0;0
FR;2;2021-05-12;50067;19636;143;0;22516;0;0;0;0;1534400;874392;1461;1;943734;0;0;0;0
FR;2;2021-05-13;51301;5600;31;0;8468;0;0;0;0;1585701;879992;1492;1;952202;0;0;0;0
FR;2;2021-05-14;61360;12886;132;0;16539;0;0;0;0;1647061;892878;1624;1;968741;0;0;0;0
FR;2;2021-05-15;65936;7100;39;0;10650;0;0;0;0;1712997;899978;1663;1;979391;0;0;0;0
FR;2;2021-05-16;43588;2573;10;0;4943;0;0;0;0;1756585;902551;1673;1;984334;0;0;0;0
FR;2;2021-05-17;44756;12454;114;0;15361;0;0;0;0;1801341;915005;1787;1;999695;0;0;0;0
FR;2;2021-05-18;54649;12279;190;0;15961;0;0;0;0;1855990;927284;1977;1;1015656;0;0;0;0
FR;2;2021-05-19;57179;10461;281;0;14502;0;0;0;0;1913169;937745;2258;1;1030158;0;0;0;0
FR;2;2021-05-20;63450;10802;288;0;14899;0;0;0;0;1976619;948547;2546;1;1045057;0;0;0;0
FR;2;2021-05-21;64306;11606;230;0;16031;0;0;0;0;2040925;960153;2776;1;1061088;0;0;0;0
FR;2;2021-05-22;61488;4531;65;0;8501;0;0;0;0;2102413;964684;2841;1;1069589;0;0;0;0
FR;2;2021-05-23;37536;575;22;0;2912;0;0;0;0;2139949;965259;2863;1;1072501;0;0;0;0
FR;2;2021-05-24;17248;2052;35;0;3259;0;0;0;0;2157197;967311;2898;1;1075760;0;0;0;0
FR;2;2021-05-25;21119;12253;241;0;13855;0;0;0;0;2178316;979564;3139;1;1089615;0;0;0;0
FR;2;2021-05-26;19944;11536;230;0;13064;0;0;0;0;2198260;991100;3369;1;1102679;0;0;0;0
FR;2;2021-05-27;23001;12661;182;0;14399;0;0;0;0;2221261;1003761;3551;1;1117078;0;0;0;0
FR;2;2021-05-28;29396;15048;190;0;17229;0;0;0;0;2250657;1018809;3741;1;1134307;0;0;0;0
FR;2;2021-05-29;30423;8193;58;0;10102;0;0;0;0;2281080;1027002;3799;1;1144409;0;0;0;0
FR;2;2021-05-30;4648;1819;6;0;2154;0;0;0;0;2285728;1028821;3805;1;1146563;0;0;0;0
FR;2;2021-05-31;28590;18745;184;0;20824;0;0;0;0;2314318;1047566;3989;1;1167387;0;0;0;0
FR;2;2021-06-01;45744;19906;225;0;23143;0;0;0;0;2360062;1067472;4214;1;1190530;0;0;0;0
FR;2;2021-06-02;37480;19310;182;0;22315;0;0;0;0;2397542;1086782;4396;1;1212845;0;0;0;0
FR;2;2021-06-03;51281;23120;161;0;26974;0;0;0;0;2448823;1109902;4557;1;1239819;0;0;0;0
FR;2;2021-06-04;65517;24087;217;0;29056;0;0;0;0;2514340;1133989;4774;1;1268875;0;0;0;0
FR;2;2021-06-05;34607;24106;52;0;26961;0;0;0;0;2548947;1158095;4826;1;1295836;0;0;0;0
FR;2;2021-06-06;4957;6194;10;0;6613;0;0;0;0;2553904;1164289;4836;1;1302449;0;0;0;0
FR;2;2021-06-07;28177;23009;150;0;25423;0;0;0;0;2582081;1187298;4986;1;1327872;0;0;0;0
FR;2;2021-06-08;46378;22938;143;0;26904;0;0;0;0;2628459;1210236;5129;1;1354776;0;0;0;0
FR;2;2021-06-09;34297;20989;107;0;24123;0;0;0;0;2662756;1231225;5236;1;1378899;0;0;0;0
FR;2;2021-06-10;42644;19080;96;1;23002;0;0;0;0;2705400;1250305;5332;2;1401901;0;0;0;0
FR;2;2021-06-11;55303;25132;134;0;30232;0;0;0;0;2760703;1275437;5466;2;1432133;0;0;0;0
FR;2;2021-06-12;30564;19799;53;0;22654;0;0;0;0;2791267;1295236;5519;2;1454787;0;0;0;0
FR;2;2021-06-13;3334;9197;13;0;9585;0;0;0;0;2794601;1304433;5532;2;1464372;0;0;0;0
FR;2;2021-06-14;25304;24113;92;0;26693;0;0;0;0;2819905;1328546;5624;2;1491065;0;0;0;0
FR;2;2021-06-15;39048;22823;154;0;26573;0;0;0;0;2858953;1351369;5778;2;1517638;0;0;0;0
FR;2;2021-06-16;30167;21365;135;0;24519;0;0;0;0;2889120;1372734;5913;2;1542157;0;0;0;0
FR;2;2021-06-17;36912;25743;150;0;29606;0;0;0;0;2926032;1398477;6063;2;1571763;0;0;0;0
FR;2;2021-06-18;46860;28883;123;0;33584;0;0;0;0;2972892;1427360;6186;2;1605347;0;0;0;0
FR;2;2021-06-19;24527;24936;39;0;27709;0;0;0;0;2997419;1452296;6225;2;1633056;0;0;0;0
FR;2;2021-06-20;3745;10059;9;0;10558;0;0;0;0;3001164;1462355;6234;2;1643614;0;0;0;0
FR;2;2021-06-21;17537;42856;88;0;44868;0;0;0;0;3018701;1505211;6322;2;1688482;0;0;0;0
FR;2;2021-06-22;28366;49615;110;0;53042;0;0;0;0;3047067;1554826;6432;2;1741524;0;0;0;0
FR;2;2021-06-23;21790;49611;107;1;52456;1;0;0;0;3068857;1604437;6539;3;1793980;1;0;0;0
FR;2;2021-06-24;28380;50308;134;0;54043;0;0;0;0;3097237;1654745;6673;3;1848023;1;0;0;0
FR;2;2021-06-25;33402;60472;128;0;64858;0;0;0;0;3130639;1715217;6801;3;1912881;1;0;0;0
FR;2;2021-06-26;16395;59355;54;1;61745;0;0;0;0;3147034;1774572;6855;4;1974626;1;0;0;0
FR;2;2021-06-27;2566;29316;22;1;29898;0;0;0;0;3149600;1803888;6877;5;2004524;1;0;0;0
FR;2;2021-06-28;12641;54336;84;0;56312;0;0;0;0;3162241;1858224;6961;5;2060836;1;0;0;0
FR;2;2021-06-29;19856;59988;178;0;62933;0;0;0;0;3182097;1918212;7139;5;2123769;1;0;0;0
FR;2;2021-06-30;16335;58034;253;17;60719;0;0;0;0;3198432;1976246;7392;22;2184488;1;0;0;0
FR;2;2021-07-01;20495;59873;228;0;63201;0;0;0;0;3218927;2036119;7620;22;2247689;1;0;0;0
FR;2;2021-07-02;24081;62158;184;0;66373;0;0;0;0;3243008;2098277;7804;22;2314062;1;0;0;0
FR;2;2021-07-03;12123;57142;153;0;59481;0;0;0;0;3255131;2155419;7957;22;2373543;1;0;0;0
FR;2;2021-07-04;1960;23306;18;0;23873;0;0;0;0;3257091;2178725;7975;22;2397416;1;0;0;0
FR;2;2021-07-05;9179;29264;106;0;30900;0;0;0;0;3266270;2207989;8081;22;2428316;1;0;0;0
FR;2;2021-07-06;14583;36276;135;0;38956;0;0;0;0;3280853;2244265;8216;22;2467272;1;0;0;0
FR;2;2021-07-07;14419;33658;140;0;36412;0;0;0;0;3295272;2277923;8356;22;2503684;1;0;0;0
FR;2;2021-07-08;19723;40321;162;0;43981;0;0;0;0;3314995;2318244;8518;22;2547665;1;0;0;0
FR;2;2021-07-09;27105;54329;202;1;59481;0;0;0;0;3342100;2372573;8720;23;2607146;1;0;0;0
FR;2;2021-07-10;13388;33711;107;0;36396;0;0;0;0;3355488;2406284;8827;23;2643542;1;0;0;0
FR;2;2021-07-11;1812;4346;16;0;4775;0;0;0;0;3357300;2410630;8843;23;2648317;1;0;0;0
FR;2;2021-07-12;12971;37274;119;0;39930;0;0;0;0;3370271;2447904;8962;23;2688247;1;0;0;0
FR;2;2021-07-13;37120;53144;152;0;60281;0;0;0;0;3407391;2501048;9114;23;2748528;1;0;0;0
FR;2;2021-07-14;6628;3540;15;0;4888;0;0;0;0;3414019;2504588;9129;23;2753416;1;0;0;0
FR;2;2021-07-15;47244;47008;156;0;55207;0;0;0;0;3461263;2551596;9285;23;2808623;1;0;0;0
FR;2;2021-07-16;64319;55749;188;0;66731;0;0;0;0;3525582;2607345;9473;23;2875354;1;0;0;0
FR;2;2021-07-17;31601;23915;96;0;29371;0;0;0;0;3557183;2631260;9569;23;2904725;1;0;0;0
FR;2;2021-07-18;6091;4807;19;0;5954;0;0;0;0;3563274;2636067;9588;23;2910679;1;0;0;0
FR;2;2021-07-19;33007;28610;94;0;34225;0;0;0;0;3596281;2664677;9682;23;2944904;1;0;0;0
FR;2;2021-07-20;51998;44521;155;0;53157;0;0;0;0;3648279;2709198;9837;23;2998061;1;0;0;0
FR;2;2021-07-21;45257;34637;93;0;42144;0;0;0;0;3693536;2743835;9930;23;3040205;1;0;0;0
FR;2;2021-07-22;56280;41084;128;1;50361;0;0;0;0;3749816;2784919;10058;24;3090566;1;0;0;0
FR;2;2021-07-23;68304;48963;170;0;60256;0;0;0;0;3818120;2833882;10228;24;3150822;1;0;0;0
FR;2;2021-07-24;36180;21611;82;0;27471;0;0;0;0;3854300;2855493;10310;24;3178293;1;0;0;0
FR;2;2021-07-25;6751;2608;10;0;3867;0;0;0;0;3861051;2858101;10320;24;3182160;1;0;0;0
FR;2;2021-07-26;36320;22342;91;1;27846;0;0;0;0;3897371;2880443;10411;25;3210006;1;0;0;0
FR;2;2021-07-27;62392;34565;180;0;43711;0;0;0;0;3959763;2915008;10591;25;3253717;1;0;0;0
FR;2;2021-07-28;55326;26423;132;0;34516;0;0;0;0;4015089;2941431;10723;25;3288233;1;0;0;0
FR;2;2021-07-29;68480;32791;189;0;42473;0;0;0;0;4083569;2974222;10912;25;3330706;1;0;0;0
FR;2;2021-07-30;74469;37811;222;1;48606;0;0;0;0;4158038;3012033;11134;26;3379312;1;0;0;0
FR;2;2021-07-31;34776;16207;105;0;21405;0;0;0;0;4192814;3028240;11239;26;3400717;1;0;0;0
FR;2;2021-08-01;5415;2258;19;0;3121;0;0;0;0;4198229;3030498;11258;26;3403838;1;0;0;0
FR;2;2021-08-02;35893;16158;101;0;21060;0;0;0;0;4234122;3046656;11359;26;3424898;1;0;0;0
FR;2;2021-08-03;55985;28263;143;0;35466;0;0;0;0;4290107;3074919;11502;26;3460364;1;0;0;0
FR;2;2021-08-04;46637;20833;128;1;26943;0;0;0;0;4336744;3095752;11630;27;3487307;1;0;0;0
FR;2;2021-08-05;54640;31559;215;0;38739;0;0;0;0;4391384;3127311;11845;27;3526046;1;0;0;0
FR;2;2021-08-06;58099;42392;242;1;50223;0;0;0;0;4449483;3169703;12087;28;3576269;1;0;0;0
FR;2;2021-08-07;25151;17625;89;0;21316;0;0;0;0;4474634;3187328;12176;28;3597585;1;0;0;0
FR;2;2021-08-08;3840;3650;21;0;4308;0;0;0;0;4478474;3190978;12197;28;3601893;1;0;0;0
FR;2;2021-08-09;29308;21031;92;0;24859;0;0;0;0;4507782;3212009;12289;28;3626752;1;0;0;0
FR;2;2021-08-10;45012;33464;155;0;39229;0;0;0;0;4552794;3245473;12444;28;3665981;1;0;0;0
FR;2;2021-08-11;35275;25148;151;0;29751;0;0;0;0;4588069;3270621;12595;28;3695732;1;0;0;0
FR;2;2021-08-12;41905;35695;163;0;41234;0;0;0;0;4629974;3306316;12758;28;3736966;1;0;0;0
FR;2;2021-08-13;42607;37334;218;0;43022;0;0;0;0;4672581;3343650;12976;28;3779988;1;0;0;0
FR;2;2021-08-14;18524;22140;94;0;24773;0;0;0;0;4691105;3365790;13070;28;3804761;1;0;0;0
FR;2;2021-08-15;3864;3795;17;0;4382;0;0;0;0;4694969;3369585;13087;28;3809143;1;0;0;0
FR;2;2021-08-16;25093;27125;111;0;30448;0;0;0;0;4720062;3396710;13198;28;3839591;1;0;0;0
FR;2;2021-08-17;38267;43405;207;2;48392;0;0;0;0;4758329;3440115;13405;30;3887983;1;0;0;0
FR;2;2021-08-18;32253;36346;195;1;40693;1;0;0;0;4790582;3476461;13600;31;3928676;2;0;0;0
FR;2;2021-08-19;37435;46583;224;0;51787;0;0;0;0;4828017;3523044;13824;31;3980463;2;0;0;0
FR;2;2021-08-20;40569;55647;271;1;61580;0;0;0;0;4868586;3578691;14095;32;4042043;2;0;0;0
FR;2;2021-08-21;18121;24320;117;0;27112;0;0;0;0;4886707;3603011;14212;32;4069155;2;0;0;0
FR;2;2021-08-22;2908;4321;22;1;4853;1;0;0;0;4889615;3607332;14234;33;4074008;3;0;0;0
FR;2;2021-08-23;19249;35146;131;1;38036;0;0;0;0;4908864;3642478;14365;34;4112044;3;0;0;0
FR;2;2021-08-24;31952;56038;236;0;60697;0;0;0;0;4940816;3698516;14601;34;4172741;3;0;0;0
FR;2;2021-08-25;25934;43452;251;0;47403;0;0;0;0;4966750;3741968;14852;34;4220144;3;0;0;0
FR;2;2021-08-26;32362;55836;388;0;60595;0;0;0;0;4999112;3797804;15240;34;4280739;3;0;0;0
FR;2;2021-08-27;37005;65681;477;2;71411;0;0;0;0;5036117;3863485;15717;36;4352150;3;0;0;0
FR;2;2021-08-28;17819;28556;300;0;31616;0;0;0;0;5053936;3892041;16017;36;4383766;3;0;0;0
FR;2;2021-08-29;2656;5009;47;0;5621;0;0;0;0;5056592;3897050;16064;36;4389387;3;0;0;0
FR;2;2021-08-30;18418;37726;400;0;40147;757;0;0;0;5075010;3934776;16464;36;4429534;760;0;0;0
FR;2;2021-08-31;28077;57514;887;4;60949;1556;0;0;0;5103087;3992290;17351;40;4490483;2316;0;0;0
FR;2;2021-09-01;21594;39871;1309;0;42260;2125;0;0;0;5124681;4032161;18660;40;4532743;4441;0;0;0
FR;2;2021-09-02;25486;48672;1963;2;50949;3368;0;0;0;5150167;4080833;20623;42;4583692;7809;0;0;0
FR;2;2021-09-03;33414;64567;2988;3;67540;4882;1;0;0;5183581;4145400;23611;45;4651232;12691;1;0;0
FR;2;2021-09-04;16832;27764;1443;1;29559;2384;0;0;0;5200413;4173164;25054;46;4680791;15075;1;0;0
FR;2;2021-09-05;2264;3585;266;0;3943;412;0;0;0;5202677;4176749;25320;46;4684734;15487;1;0;0
FR;2;2021-09-06;14044;28696;1771;1;29763;2945;0;0;0;5216721;4205445;27091;47;4714497;18432;1;0;0
FR;2;2021-09-07;21111;41114;3022;13;42273;4941;0;0;0;5237832;4246559;30113;60;4756770;23373;1;0;0
FR;2;2021-09-08;17248;31919;2736;6;32737;4499;0;0;0;5255080;4278478;32849;66;4789507;27872;1;0;0
FR;2;2021-09-09;20981;40485;4437;3;41232;6842;0;0;0;5276061;4318963;37286;69;4830739;34714;1;0;0
FR;2;2021-09-10;28202;51310;5286;4;51888;8977;1;0;0;5304263;4370273;42572;73;4882627;43691;2;0;0
FR;2;2021-09-11;13654;22456;2405;5;23134;3986;0;0;0;5317917;4392729;44977;78;4905761;47677;2;0;0
FR;2;2021-09-12;1824;2770;292;0;2965;510;0;0;0;5319741;4395499;45269;78;4908726;48187;2;0;0
FR;2;2021-09-13;11659;21441;2474;4;21704;4049;0;0;0;5331400;4416940;47743;82;4930430;52236;2;0;0
FR;2;2021-09-14;18577;32725;5092;13;31688;9054;2;0;0;5349977;4449665;52835;95;4962118;61290;4;0;0
FR;2;2021-09-15;14916;28227;5169;3;26928;7750;9;0;0;5364893;4477892;58004;98;4989046;69040;13;0;0
FR;2;2021-09-16;16078;32798;6737;12;30184;10540;4;0;0;5380971;4510690;64741;110;5019230;79580;17;0;0
FR;2;2021-09-17;20916;47168;8782;10;42819;14627;6;0;0;5401887;4557858;73523;120;5062049;94207;23;0;0
FR;2;2021-09-18;9857;20958;3804;6;19593;6034;1;0;0;5411744;4578816;77327;126;5081642;100241;24;0;0
FR;2;2021-09-19;1166;2595;396;0;2537;632;0;0;0;5412910;4581411;77723;126;5084179;100873;24;0;0
FR;2;2021-09-20;7501;18706;3856;7;17027;6137;4;0;0;5420411;4600117;81579;133;5101206;107010;28;0;0
FR;2;2021-09-21;11215;29982;6495;5;26534;10746;3;0;0;5431626;4630099;88074;138;5127740;117756;31;0;0
FR;2;2021-09-22;9413;23546;5490;6;21194;8526;8;0;0;5441039;4653645;93564;144;5148934;126282;39;0;0
FR;2;2021-09-23;10731;28905;7881;10;24733;12647;10;0;0;5451770;4682550;101445;154;5173667;138929;49;0;0
FR;2;2021-09-24;15075;42938;10876;18;37276;17242;21;0;0;5466845;4725488;112321;172;5210943;156171;70;0;0
FR;2;2021-09-25;7258;18801;3965;9;17154;6119;3;0;0;5474103;4744289;116286;181;5228097;162290;73;0;0
FR;2;2021-09-26;1080;2544;495;0;2490;630;1;0;0;5475183;4746833;116781;181;5230587;162920;74;0;0
FR;2;2021-09-27;6311;16401;4287;8;14793;6533;2;0;0;5481494;4763234;121068;189;5245380;169453;76;0;0
FR;2;2021-09-28;9241;25571;7769;14;21721;12084;7;0;0;5490735;4788805;128837;203;5267101;181537;83;0;0
FR;2;2021-09-29;8081;20200;6067;25;17607;9261;8;0;0;5498816;4809005;134904;228;5284708;190798;91;0;0
FR;2;2021-09-30;9865;25835;9509;16;21638;14097;6;0;0;5508681;4834840;144413;244;5306346;204895;97;0;0
FR;2;2021-10-01;13978;35732;12921;25;30045;19328;9;0;0;5522659;4870572;157334;269;5336391;224223;106;0;0
FR;2;2021-10-02;6874;15929;4850;7;14226;7045;6;0;0;5529533;4886501;162184;276;5350617;231268;112;0;0
FR;2;2021-10-03;841;1910;492;1;1841;502;0;0;0;5530374;4888411;162676;277;5352458;231770;112;0;0
FR;2;2021-10-04;5826;13904;5516;5;12140;7854;6;0;0;5536200;4902315;168192;282;5364598;239624;118;0;0
FR;2;2021-10-05;9058;22567;11125;19;18527;15742;1;0;0;5545258;4924882;179317;301;5383125;255366;119;0;0
FR;2;2021-10-06;7784;17749;8243;11;15274;11092;4;0;0;5553042;4942631;187560;312;5398399;266458;123;0;0
FR;2;2021-10-07;9204;22211;12386;14;18007;16877;6;0;0;5562246;4964842;199946;326;5416406;283335;129;0;0
FR;2;2021-10-08;13431;32145;17349;28;26516;23613;11;0;0;5575677;4996987;217295;354;5442922;306948;140;0;0
FR;2;2021-10-09;6000;12846;6044;6;11380;7897;7;0;0;5581677;5009833;223339;360;5454302;314845;147;0;0
FR;2;2021-10-10;885;1595;436;2;1539;605;1;0;0;5582562;5011428;223775;362;5455841;315450;148;0;0
FR;2;2021-10-11;5607;11549;6455;17;9937;8828;3;0;0;5588169;5022977;230230;379;5465778;324278;151;0;0
FR;2;2021-10-12;8030;17787;12551;13;13920;16789;9;0;0;5596199;5040764;242781;392;5479698;341067;160;0;0
FR;2;2021-10-13;6945;14864;10256;12;11809;13658;7;0;0;5603144;5055628;253037;404;5491507;354725;167;0;0
FR;2;2021-10-14;8314;17939;14996;13;13558;19477;10;0;0;5611458;5073567;268033;417;5505065;374202;177;0;0
FR;2;2021-10-15;11856;26312;20902;26;19415;27981;4;0;0;5623314;5099879;288935;443;5524480;402183;181;0;0
FR;2;2021-10-16;5141;8732;1819;0;8173;3210;2;0;0;5628455;5108611;290754;443;5532653;405393;183;0;0
FR;2;2021-10-17;652;1150;185;0;1082;355;1;0;0;5629107;5109761;290939;443;5533735;405748;184;0;0
FR;2;2021-10-18;4563;7335;665;2;7242;1629;0;0;0;5633670;5117096;291604;445;5540977;407377;184;0;0
FR;2;2021-10-19;6239;9850;732;5;9657;2030;5;0;0;5639909;5126946;292336;450;5550634;409407;189;0;0
FR;2;2021-10-20;5170;8051;759;3;8174;1675;0;0;0;5645079;5134997;293095;453;5558808;411082;189;0;0
FR;2;2021-10-21;6090;9975;780;5;9835;2102;1;0;0;5651169;5144972;293875;458;5568643;413184;190;0;0
FR;2;2021-10-22;8452;14601;1149;4;14476;2890;2;0;0;5659621;5159573;295024;462;5583119;416074;192;0;0
FR;2;2021-10-23;3845;5996;587;0;6128;1237;3;0;0;5663466;5165569;295611;462;5589247;417311;195;0;0
FR;2;2021-10-24;494;884;101;0;901;205;0;0;0;5663960;5166453;295712;462;5590148;417516;195;0;0
FR;2;2021-10-25;3359;5345;307;1;5520;825;2;0;0;5667319;5171798;296019;463;5595668;418341;197;0;0
FR;2;2021-10-26;4177;7237;1133;4;7126;2022;5;0;0;5671496;5179035;297152;467;5602794;420363;202;0;0
FR;2;2021-10-27;3677;6591;1193;5;6451;1990;1;0;0;5675173;5185626;298345;472;5609245;422353;203;0;0
FR;2;2021-10-28;4597;7688;1736;3;7415;2746;1;0;0;5679770;5193314;300081;475;5616660;425099;204;0;0
FR;2;2021-10-29;5415;11082;2438;4;10694;3683;3;0;0;5685185;5204396;302519;479;5627354;428782;207;0;0
FR;2;2021-10-30;2749;4457;976;1;4454;1447;2;0;0;5687934;5208853;303495;480;5631808;430229;209;0;0
FR;2;2021-10-31;364;535;140;1;544;191;1;0;0;5688298;5209388;303635;481;5632352;430420;210;0;0
FR;2;2021-11-01;429;548;181;0;564;268;1;0;0;5688727;5209936;303816;481;5632916;430688;211;0;0
FR;2;2021-11-02;3293;6757;1183;0;6803;1766;5;0;0;5692020;5216693;304999;481;5639719;432454;216;0;0
FR;2;2021-11-03;3340;6223;1388;2;6314;1964;2;0;0;5695360;5222916;306387;483;5646033;434418;218;0;0
FR;2;2021-11-04;3986;7070;1769;4;7109;2496;3;0;0;5699346;5229986;308156;487;5653142;436914;221;0;0
FR;2;2021-11-05;5235;10503;2867;5;10211;3960;5;0;0;5704581;5240489;311023;492;5663353;440874;226;0;0
FR;2;2021-11-06;2597;4678;1406;0;4636;1823;2;0;0;5707178;5245167;312429;492;5667989;442697;228;0;0
FR;2;2021-11-07;506;865;221;0;872;291;2;0;0;5707684;5246032;312650;492;5668861;442988;230;0;0
FR;2;2021-11-08;2578;5348;1205;3;5268;1676;3;0;0;5710262;5251380;313855;495;5674129;444664;233;0;0
FR;2;2021-11-09;2749;6908;2402;5;6442;3182;2;0;0;5713011;5258288;316257;500;5680571;447846;235;0;0
FR;2;2021-11-10;2590;5669;5117;6;4764;6293;7;0;0;5715601;5263957;321374;506;5685335;454139;242;0;0
FR;2;2021-11-11;446;755;755;2;648;938;3;0;0;5716047;5264712;322129;508;5685983;455077;245;0;0
FR;2;2021-11-12;2953;8083;8982;8;6195;10930;9;0;0;5719000;5272795;331111;516;5692178;466007;254;0;0
FR;2;2021-11-13;1539;3372;3872;7;2721;4538;4;0;0;5720539;5276167;334983;523;5694899;470545;258;0;0
FR;2;2021-11-14;257;587;351;1;487;480;3;0;0;5720796;5276754;335334;524;5695386;471025;261;0;0
FR;2;2021-11-15;1621;3650;4449;8;2906;5328;16;0;0;5722417;5280404;339783;532;5698292;476353;277;0;0
FR;2;2021-11-16;2184;5882;8312;14;4158;10082;16;0;0;5724601;5286286;348095;546;5702450;486435;293;0;0
FR;2;2021-11-17;1741;4523;6633;8;3169;7851;5;0;0;5726342;5290809;354728;554;5705619;494286;298;0;0
FR;2;2021-11-18;2192;5923;9188;10;4019;11019;8;0;0;5728534;5296732;363916;564;5709638;505305;306;0;0
FR;2;2021-11-19;2701;7757;12980;19;4836;15480;12;0;0;5731235;5304489;376896;583;5714474;520785;318;0;0
FR;2;2021-11-20;1566;3334;5182;5;2351;6095;3;0;0;5732801;5307823;382078;588;5716825;526880;321;0;0
FR;2;2021-11-21;250;502;542;0;392;654;3;0;0;5733051;5308325;382620;588;5717217;527534;324;0;0
FR;2;2021-11-22;1278;2574;4484;5;1673;5400;9;0;0;5734329;5310899;387104;593;5718890;532934;333;0;0
FR;2;2021-11-23;1617;4274;8206;9;2535;9920;6;0;0;5735946;5315173;395310;602;5721425;542854;339;0;0
FR;2;2021-11-24;1421;3750;7485;14;2248;8736;9;0;0;5737367;5318923;402795;616;5723673;551590;348;0;0
FR;2;2021-11-25;1813;4863;11473;21;2683;13666;6;0;0;5739180;5323786;414268;637;5726356;565256;354;0;0
FR;2;2021-11-26;2541;7736;22675;31;3813;26090;14;0;0;5741721;5331522;436943;668;5730169;591346;368;0;0
FR;2;2021-11-27;1498;4144;12276;19;2129;14039;13;0;0;5743219;5335666;449219;687;5732298;605385;381;0;0
FR;2;2021-11-28;292;836;1976;3;478;2303;5;0;0;5743511;5336502;451195;690;5732776;607688;386;0;0
FR;2;2021-11-29;1448;4349;15099;23;2010;17269;25;0;0;5744959;5340851;466294;713;5734786;624957;411;0;0
FR;2;2021-11-30;1912;6655;26251;36;2641;30010;22;0;0;5746871;5347506;492545;749;5737427;654967;433;0;0
FR;2;2021-12-01;1916;6011;26210;31;2480;29520;20;0;0;5748787;5353517;518755;780;5739907;684487;453;0;0
FR;2;2021-12-02;1915;6782;37733;52;2116;41990;32;0;0;5750702;5360299;556488;832;5742023;726477;485;0;0
FR;2;2021-12-03;2558;10071;53640;111;3596;59386;30;0;0;5753260;5370370;610128;943;5745619;785863;515;0;0
FR;2;2021-12-04;1850;6276;37128;38;2186;40816;16;0;0;5755110;5376646;647256;981;5747805;826679;531;0;0
FR;2;2021-12-05;458;2247;14263;14;536;15990;7;0;0;5755568;5378893;661519;995;5748341;842669;538;0;0
FR;2;2021-12-06;2487;9855;77732;109;2704;84786;25;0;0;5758055;5388748;739251;1104;5751045;927455;563;0;0
FR;2;2021-12-07;3458;15283;122470;238;3740;133789;40;0;0;5761513;5404031;861721;1342;5754785;1061244;603;0;0
FR;2;2021-12-08;3725;15975;133222;330;3850;145412;54;0;0;5765238;5420006;994943;1672;5758635;1206656;657;0;0
FR;2;2021-12-09;4546;19628;170238;554;4170;185635;60;0;0;5769784;5439634;1165181;2226;5762805;1392291;717;0;0
FR;2;2021-12-10;4676;22810;188698;490;5014;206190;69;0;0;5774460;5462444;1353879;2716;5767819;1598481;786;0;0
FR;2;2021-12-11;3688;16619;132466;239;3664;144931;60;0;0;5778148;5479063;1486345;2955;5771483;1743412;846;0;0
FR;2;2021-12-12;1256;7121;59115;83;1016;65170;12;0;0;5779404;5486184;1545460;3038;5772499;1808582;858;0;0
FR;2;2021-12-13;5530;26819;220729;605;5230;243029;159;0;0;5784934;5513003;1766189;3643;5777729;2051611;1017;0;0
FR;2;2021-12-14;7019;37455;300802;909;6139;332268;190;0;0;5791953;5550458;2066991;4552;5783868;2383879;1207;0;0
FR;2;2021-12-15;6556;36221;285259;957;5870;315898;185;0;0;5798509;5586679;2352250;5509;5789738;2699777;1392;0;0
FR;2;2021-12-16;7765;37911;312176;982;6566;343806;184;0;0;5806274;5624590;2664426;6491;5796304;3043583;1576;0;0
FR;2;2021-12-17;8681;41188;327909;976;8021;360986;231;0;0;5814955;5665778;2992335;7467;5804325;3404569;1807;0;0
FR;2;2021-12-18;6514;26532;212372;448;4905;233676;120;0;0;5821469;5692310;3204707;7915;5809230;3638245;1927;0;0
FR;2;2021-12-19;2603;11406;90227;182;1656;100359;26;0;0;5824072;5703716;3294934;8097;5810886;3738604;1953;0;0
FR;2;2021-12-20;9548;33519;275255;707;6593;303399;209;0;0;5833620;5737235;3570189;8804;5817479;4042003;2162;0;0
FR;2;2021-12-21;11565;38281;309657;968;7374;341439;260;0;0;5845185;5775516;3879846;9772;5824853;4383442;2422;0;0
FR;2;2021-12-22;10459;32776;265139;952;6442;292495;316;0;1;5855644;5808292;4144985;10724;5831295;4675937;2738;0;1
FR;2;2021-12-23;9426;26618;199533;701;5875;221288;226;0;0;5865070;5834910;4344518;11425;5837170;4897225;2964;0;1
FR;2;2021-12-24;2783;7475;43865;140;2037;49568;78;0;0;5867853;5842385;4388383;11565;5839207;4946793;3042;0;1
FR;2;2021-12-25;201;672;2003;10;209;2479;15;0;0;5868054;5843057;4390386;11575;5839416;4949272;3057;0;1
FR;2;2021-12-26;1320;4216;25161;71;1052;28694;70;0;0;5869374;5847273;4415547;11646;5840468;4977966;3127;0;1
FR;2;2021-12-27;8076;29926;218432;659;6622;243381;294;0;0;5877450;5877199;4633979;12305;5847090;5221347;3421;0;1
FR;2;2021-12-28;9833;36287;272113;742;6983;302011;957;0;1;5887283;5913486;4906092;13047;5854073;5523358;4378;0;2
FR;2;2021-12-29;9498;32223;246146;765;6404;272694;1088;0;0;5896781;5945709;5152238;13812;5860477;5796052;5466;0;2
FR;2;2021-12-30;9462;28079;208838;663;5976;231459;1155;0;0;5906243;5973788;5361076;14475;5866453;6027511;6621;0;2
FR;2;2021-12-31;3011;8343;54990;176;2171;61233;392;0;0;5909254;5982131;5416066;14651;5868624;6088744;7013;0;2
FR;2;2022-01-01;231;692;2858;7;207;3352;29;0;0;5909485;5982823;5418924;14658;5868831;6092096;7042;0;2
FR;2;2022-01-02;1503;4854;29524;76;1166;33414;217;0;0;5910988;5987677;5448448;14734;5869997;6125510;7259;0;2
FR;2;2022-01-03;9605;35399;266541;806;8500;293918;1673;0;0;5920593;6023076;5714989;15540;5878497;6419428;8932;0;2
FR;2;2022-01-04;12855;45415;342100;1068;9968;377057;2458;0;1;5933448;6068491;6057089;16608;5888465;6796485;11390;0;3
FR;2;2022-01-05;11273;38625;294217;884;8634;323852;2154;0;2;5944721;6107116;6351306;17492;5897099;7120337;13544;0;5
FR;2;2022-01-06;13655;43491;331957;1298;9938;364768;2978;0;1;5958376;6150607;6683263;18790;5907037;7485105;16522;0;6
FR;2;2022-01-07;14225;47610;361120;1271;11233;396463;3159;0;0;5972601;6198217;7044383;20061;5918270;7881568;19681;0;6
FR;2;2022-01-08;7946;28136;201272;515;7209;221702;1528;0;2;5980547;6226353;7245655;20576;5925479;8103270;21209;0;8
FR;2;2022-01-09;2749;8949;62529;137;2071;69495;493;0;0;5983296;6235302;7308184;20713;5927550;8172765;21702;0;8
FR;2;2022-01-10;10099;31908;232507;859;8905;255081;2460;0;0;5993395;6267210;7540691;21572;5936455;8427846;24162;0;8
FR;2;2022-01-11;11468;36237;265940;1029;10057;290647;3379;0;1;6004863;6303447;7806631;22601;5946512;8718493;27541;0;9
FR;2;2022-01-12;8766;29784;206335;863;8717;226172;2799;0;5;6013629;6333231;8012966;23464;5955229;8944665;30340;0;14
FR;2;2022-01-13;9387;31339;224508;831;9038;244859;3462;0;4;6023016;6364570;8237474;24295;5964267;9189524;33802;0;18
FR;2;2022-01-14;9744;35580;254550;920;9845;277651;3983;0;1;6032760;6400150;8492024;25215;5974112;9467175;37785;0;19
FR;2;2022-01-15;5361;19449;140785;363;5324;153647;1928;0;0;6038121;6419599;8632809;25578;5979436;9620822;39713;0;19
FR;2;2022-01-16;1512;5457;35892;81;1618;39819;424;0;0;6039633;6425056;8668701;25659;5981054;9660641;40137;0;19
FR;2;2022-01-17;5546;19266;135420;601;6602;147263;2264;0;2;6045179;6444322;8804121;26260;5987656;9807904;42401;0;21
FR;2;2022-01-18;6422;21479;148644;647;7519;160466;3311;0;0;6051601;6465801;8952765;26907;5995175;9968370;45712;0;21
FR;2;2022-01-19;4398;16306;105109;552;6207;113700;2411;0;1;6055999;6482107;9057874;27459;6001382;10082070;48123;0;22
FR;2;2022-01-20;4873;17575;115304;603;7069;123696;3111;0;2;6060872;6499682;9173178;28062;6008451;10205766;51234;0;24
FR;2;2022-01-21;5198;20040;137356;679;7169;147775;3454;0;1;6066070;6519722;9310534;28741;6015620;10353541;54688;0;25
FR;2;2022-01-22;3034;10957;74264;260;3956;80339;1428;0;0;6069104;6530679;9384798;29001;6019576;10433880;56116;0;25
FR;2;2022-01-23;724;2708;15243;41;1055;16827;238;0;0;6069828;6533387;9400041;29042;6020631;10450707;56354;0;25
FR;2;2022-01-24;3291;12795;75083;431;5844;81020;1994;0;2;6073119;6546182;9475124;29473;6026475;10531727;58348;0;27
FR;2;2022-01-25;3575;14404;79633;496;6650;85458;2879;0;4;6076694;6560586;9554757;29969;6033125;10617185;61227;0;31
FR;2;2022-01-26;2515;10704;58985;363;5331;63037;1958;0;1;6079209;6571290;9613742;30332;6038456;10680222;63185;0;32
FR;2;2022-01-27;2684;11385;64182;389;5739;67966;2461;0;1;6081893;6582675;9677924;30721;6044195;10748188;65646;0;33
FR;2;2022-01-28;3551;18262;91728;430;8613;98908;3400;0;1;6085444;6600937;9769652;31151;6052808;10847096;69046;0;34
FR;2;2022-01-29;1896;9235;48854;164;4169;52929;1374;0;1;6087340;6610172;9818506;31315;6056977;10900025;70420;0;35
FR;2;2022-01-30;464;2209;9457;38;1052;10586;203;0;0;6087804;6612381;9827963;31353;6058029;10910611;70623;0;35
FR;2;2022-01-31;1890;9556;43834;209;4714;47323;1885;0;2;6089694;6621937;9871797;31562;6062743;10957934;72508;0;37
FR;2;2022-02-01;1916;10019;47031;279;4797;50080;2708;0;0;6091610;6631956;9918828;31841;6067540;11008014;75216;0;37
FR;2;2022-02-02;1614;8976;41124;250;4192;44151;2188;0;1;6093224;6640932;9959952;32091;6071732;11052165;77404;0;38
FR;2;2022-02-03;1730;8933;40526;205;4373;42912;2640;0;2;6094954;6649865;10000478;32296;6076105;11095077;80044;0;40
FR;2;2022-02-04;2151;15168;66649;299;7381;71318;3671;0;1;6097105;6665033;10067127;32595;6083486;11166395;83715;0;41
FR;2;2022-02-05;1360;8518;35948;132;4213;39222;1369;0;0;6098465;6673551;10103075;32727;6087699;11205617;85084;0;41
FR;2;2022-02-06;275;1763;6129;16;841;6900;217;0;0;6098740;6675314;10109204;32743;6088540;11212517;85301;0;41
FR;2;2022-02-07;1352;9546;37759;134;4535;41291;1888;0;2;6100092;6684860;10146963;32877;6093075;11253808;87189;0;43
FR;2;2022-02-08;1299;9832;40956;173;4644;43750;2741;0;1;6101391;6694692;10187919;33050;6097719;11297558;89930;0;44
FR;2;2022-02-09;1160;8841;37040;174;3804;40465;1901;0;2;6102551;6703533;10224959;33224;6101523;11338023;91831;0;46
FR;2;2022-02-10;1029;8001;33837;204;3605;36511;2051;0;1;6103580;6711534;10258796;33428;6105128;11374534;93882;0;47
FR;2;2022-02-11;1391;12086;53347;223;5282;57700;2888;0;0;6104971;6723620;10312143;33651;6110410;11432234;96770;0;47
FR;2;2022-02-12;754;6535;27988;86;2793;30807;1113;0;2;6105725;6730155;10340131;33737;6113203;11463041;97883;0;49
FR;2;2022-02-13;200;1340;4836;20;562;5577;141;0;0;6105925;6731495;10344967;33757;6113765;11468618;98024;0;49
FR;2;2022-02-14;835;6732;30274;91;2599;33233;1398;0;1;6106760;6738227;10375241;33848;6116364;11501851;99422;0;50
FR;2;2022-02-15;774;6473;28051;140;2801;29993;1966;0;2;6107534;6744700;10403292;33988;6119165;11531844;101388;0;52
FR;2;2022-02-16;657;5361;22067;124;2528;23632;1569;0;3;6108191;6750061;10425359;34112;6121693;11555476;102957;0;55
FR;2;2022-02-17;518;3786;14152;98;2131;14617;1406;0;2;6108709;6753847;10439511;34210;6123824;11570093;104363;0;57
FR;2;2022-02-18;723;5368;20443;134;3040;21130;1895;0;0;6109432;6759215;10459954;34344;6126864;11591223;106258;0;57
FR;2;2022-02-19;430;3061;10532;66;1699;11246;753;0;2;6109862;6762276;10470486;34410;6128563;11602469;107011;0;59
FR;2;2022-02-20;102;518;1463;3;314;1611;100;0;0;6109964;6762794;10471949;34413;6128877;11604080;107111;0;59
FR;2;2022-02-21;423;2685;9122;65;1569;9499;930;0;0;6110387;6765479;10481071;34478;6130446;11613579;108041;0;59
FR;2;2022-02-22;393;2567;8894;77;1621;8797;1180;0;0;6110780;6768046;10489965;34555;6132067;11622376;109221;0;59
FR;2;2022-02-23;432;2605;8992;82;1522;9269;1022;0;0;6111212;6770651;10498957;34637;6133589;11631645;110243;0;59
FR;2;2022-02-24;314;2039;6803;82;1251;6833;870;0;0;6111526;6772690;10505760;34719;6134840;11638478;111113;0;59
FR;2;2022-02-25;456;3209;11423;107;1979;11286;1560;0;3;6111982;6775899;10517183;34826;6136819;11649764;112673;0;62
FR;2;2022-02-26;297;1892;6038;49;1161;6345;587;0;1;6112279;6777791;10523221;34875;6137980;11656109;113260;0;63
FR;2;2022-02-27;76;313;907;5;214;950;98;0;0;6112355;6778104;10524128;34880;6138194;11657059;113358;0;63
FR;2;2022-02-28;332;1688;5525;53;1087;5531;733;0;0;6112687;6779792;10529653;34933;6139281;11662590;114091;0;63
FR;2;2022-03-01;279;1569;5484;46;952;5201;964;0;2;6112966;6781361;10535137;34979;6140233;11667791;115055;0;65
FR;2;2022-03-02;298;1446;5248;45;878;5092;815;0;1;6113264;6782807;10540385;35024;6141111;11672883;115870;0;66
FR;2;2022-03-03;226;1112;3709;42;721;3486;668;0;1;6113490;6783919;10544094;35066;6141832;11676369;116538;0;67
FR;2;2022-03-04;243;1469;4860;74;983;4506;950;0;1;6113733;6785388;10548954;35140;6142815;11680875;117488;0;68
FR;2;2022-03-05;174;906;2981;34;612;2725;561;0;0;6113907;6786294;10551935;35174;6143427;11683600;118049;0;68
FR;2;2022-03-06;42;188;280;5;110;320;52;0;0;6113949;6786482;10552215;35179;6143537;11683920;118101;0;68
FR;2;2022-03-07;157;659;1988;70;491;1778;472;0;0;6114106;6787141;10554203;35249;6144028;11685698;118573;0;68
FR;2;2022-03-08;144;670;2272;53;461;1907;619;0;0;6114250;6787811;10556475;35302;6144489;11687605;119192;0;68
FR;2;2022-03-09;156;709;2349;37;473;2051;616;0;0;6114406;6788520;10558824;35339;6144962;11689656;119808;0;68
FR;2;2022-03-10;123;603;1695;35;446;1470;456;0;1;6114529;6789123;10560519;35374;6145408;11691126;120264;0;69
FR;2;2022-03-11;172;757;2770;57;505;2369;737;0;1;6114701;6789880;10563289;35431;6145913;11693495;121001;0;70
FR;2;2022-03-12;149;485;1787;27;331;1557;450;0;0;6114850;6790365;10565076;35458;6146244;11695052;121451;0;70
FR;2;2022-03-13;25;75;203;30;45;204;69;0;0;6114875;6790440;10565279;35488;6146289;11695256;121520;0;70
FR;2;2022-03-14;129;470;1572;529;333;1301;951;0;0;6115004;6790910;10566851;36017;6146622;11696557;122471;0;70
FR;2;2022-03-15;138;441;1713;691;333;1333;1186;0;1;6115142;6791351;10568564;36708;6146955;11697890;123657;0;71
FR;2;2022-03-16;142;476;2013;1616;331;1593;2160;0;2;6115284;6791827;10570577;38324;6147286;11699483;125817;0;73
FR;2;2022-03-17;95;413;1412;1192;273;1148;1576;0;1;6115379;6792240;10571989;39516;6147559;11700631;127393;0;74
FR;2;2022-03-18;147;496;2025;1795;335;1668;2313;0;1;6115526;6792736;10574014;41311;6147894;11702299;129706;0;75
FR;2;2022-03-19;108;321;1210;941;219;1015;1259;0;0;6115634;6793057;10575224;42252;6148113;11703314;130965;0;75
FR;2;2022-03-20;13;77;191;59;39;168;115;0;0;6115647;6793134;10575415;42311;6148152;11703482;131080;0;75
FR;2;2022-03-21;98;307;1218;1483;180;1081;1760;0;1;6115745;6793441;10576633;43794;6148332;11704563;132840;0;76
FR;2;2022-03-22;118;391;1532;1830;244;1293;2219;0;0;6115863;6793832;10578165;45624;6148576;11705856;135059;0;76
FR;2;2022-03-23;137;361;1678;3032;232;1473;3374;0;6;6116000;6794193;10579843;48656;6148808;11707329;138433;0;82
FR;2;2022-03-24;117;293;1183;1548;186;1001;1814;0;8;6116117;6794486;10581026;50204;6148994;11708330;140247;0;90
FR;2;2022-03-25;119;361;1806;2451;238;1476;2837;0;8;6116236;6794847;10582832;52655;6149232;11709806;143084;0;98
FR;2;2022-03-26;79;247;1205;1222;138;953;1531;0;5;6116315;6795094;10584037;53877;6149370;11710759;144615;0;103
FR;2;2022-03-27;19;36;154;100;19;133;144;0;0;6116334;6795130;10584191;53977;6149389;11710892;144759;0;103
FR;2;2022-03-28;94;290;1139;1602;189;995;1835;0;6;6116428;6795420;10585330;55579;6149578;11711887;146594;0;109
FR;2;2022-03-29;108;258;1325;2467;167;1105;2760;0;4;6116536;6795678;10586655;58046;6149745;11712992;149354;0;113
FR;2;2022-03-30;91;312;1489;3185;163;1320;3422;0;2;6116627;6795990;10588144;61231;6149908;11714312;152776;0;115
FR;2;2022-03-31;104;284;1277;2332;172;1092;2616;0;3;6116731;6796274;10589421;63563;6150080;11715404;155392;0;118
FR;2;2022-04-01;123;324;1568;2349;164;1323;2667;0;7;6116854;6796598;10590989;65912;6150244;11716727;158059;0;125
FR;2;2022-04-02;81;161;845;891;83;737;1052;0;1;6116935;6796759;10591834;66803;6150327;11717464;159111;0;126
FR;2;2022-04-03;16;53;128;113;27;142;133;0;1;6116951;6796812;10591962;66916;6150354;11717606;159244;0;127
FR;2;2022-04-04;113;243;990;1447;145;799;1693;0;5;6117064;6797055;10592952;68363;6150499;11718405;160937;0;132
FR;2;2022-04-05;143;301;1317;2914;161;1145;3143;0;17;6117207;6797356;10594269;71277;6150660;11719550;164080;0;149
FR;2;2022-04-06;89;260;1308;2523;128;1131;2688;0;10;6117296;6797616;10595577;73800;6150788;11720681;166768;0;159
FR;2;2022-04-07;120;230;1303;2682;141;1042;2958;0;8;6117416;6797846;10596880;76482;6150929;11721723;169726;0;167
FR;2;2022-04-08;126;346;1635;3352;182;1328;3642;0;12;6117542;6798192;10598515;79834;6151111;11723051;173368;0;179
FR;2;2022-04-09;90;219;900;1046;144;732;1288;0;4;6117632;6798411;10599415;80880;6151255;11723783;174656;0;183
FR;2;2022-04-10;37;48;143;162;45;119;200;0;1;6117669;6798459;10599558;81042;6151300;11723902;174856;0;184
FR;2;2022-04-11;88;195;892;1560;121;782;1718;0;6;6117757;6798654;10600450;82602;6151421;11724684;176574;0;190
FR;2;2022-04-12;176;273;1183;2770;175;1062;2903;0;8;6117933;6798927;10601633;85372;6151596;11725746;179477;0;198
FR;2;2022-04-13;147;231;1125;2477;110;989;2671;0;11;6118080;6799158;10602758;87849;6151706;11726735;182148;0;209
FR;2;2022-04-14;115;227;1085;2677;114;919;2911;0;18;6118195;6799385;10603843;90526;6151820;11727654;185059;0;227
FR;2;2022-04-15;114;261;1221;2304;131;1078;2544;0;7;6118309;6799646;10605064;92830;6151951;11728732;187603;0;234
FR;2;2022-04-16;67;108;548;549;68;459;675;0;9;6118376;6799754;10605612;93379;6152019;11729191;188278;0;243
FR;2;2022-04-17;15;27;57;53;16;53;71;0;0;6118391;6799781;10605669;93432;6152035;11729244;188349;0;243
FR;2;2022-04-18;12;35;121;70;18;116;95;0;0;6118403;6799816;10605790;93502;6152053;11729360;188444;0;243
FR;2;2022-04-19;112;237;1120;1750;149;951;1934;0;9;6118515;6800053;10606910;95252;6152202;11730311;190378;0;252
FR;2;2022-04-20;95;241;1110;2172;125;934;2366;0;14;6118610;6800294;10608020;97424;6152327;11731245;192744;0;266
FR;2;2022-04-21;111;233;983;1912;125;838;2141;0;10;6118721;6800527;10609003;99336;6152452;11732083;194885;0;276
FR;2;2022-04-22;100;276;1242;2102;141;1023;2440;0;11;6118821;6800803;10610245;101438;6152593;11733106;197325;0;287
FR;2;2022-04-23;67;156;645;762;107;574;862;0;8;6118888;6800959;10610890;102200;6152700;11733680;198187;0;295
FR;2;2022-04-24;12;30;101;68;12;79;100;0;0;6118900;6800989;10610991;102268;6152712;11733759;198287;0;295
FR;2;2022-04-25;104;204;821;1329;103;711;1527;0;15;6119004;6801193;10611812;103597;6152815;11734470;199814;0;310
FR;2;2022-04-26;110;184;1041;2022;118;879;2219;0;18;6119114;6801377;10612853;105619;6152933;11735349;202033;0;328
FR;2;2022-04-27;98;181;860;1784;122;764;1806;0;7;6119212;6801558;10613713;107403;6153055;11736113;203839;0;335
FR;2;2022-04-28;93;214;950;1931;128;843;2087;0;12;6119305;6801772;10614663;109334;6153183;11736956;205926;0;347
FR;2;2022-04-29;81;282;1131;1697;131;1042;1876;0;11;6119386;6802054;10615794;111031;6153314;11737998;207802;0;358
FR;2;2022-04-30;66;126;471;540;79;430;628;0;9;6119452;6802180;10616265;111571;6153393;11738428;208430;0;367
FR;2;2022-05-01;23;24;84;49;20;85;61;0;1;6119475;6802204;10616349;111620;6153413;11738513;208491;0;368
FR;2;2022-05-02;115;232;762;1217;141;660;1375;0;5;6119590;6802436;10617111;112837;6153554;11739173;209866;0;373
FR;2;2022-05-03;152;233;999;1781;156;938;1895;0;14;6119742;6802669;10618110;114618;6153710;11740111;211761;0;387
FR;2;2022-05-04;90;226;925;1810;116;868;1821;0;13;6119832;6802895;10619035;116428;6153826;11740979;213582;0;400
FR;2;2022-05-05;127;197;856;1732;146;773;1848;0;10;6119959;6803092;10619891;118160;6153972;11741752;215430;0;410
FR;2;2022-05-06;133;246;1100;1855;139;1016;2052;0;16;6120092;6803338;10620991;120015;6154111;11742768;217482;0;426
FR;2;2022-05-07;40;99;470;504;61;406;593;0;4;6120132;6803437;10621461;120519;6154172;11743174;218075;0;430
FR;2;2022-05-08;48;54;107;71;41;102;101;0;0;6120180;6803491;10621568;120590;6154213;11743276;218176;0;430
FR;2;2022-05-09;101;174;654;986;103;604;1130;0;9;6120281;6803665;10622222;121576;6154316;11743880;219306;0;439
FR;2;2022-05-10;121;252;938;1841;155;893;1965;0;23;6120402;6803917;10623160;123417;6154471;11744773;221271;0;462
FR;2;2022-05-11;103;179;813;1879;117;792;1868;0;8;6120505;6804096;10623973;125296;6154588;11745565;223139;0;470
FR;2;2022-05-12;111;174;845;2096;116;803;2213;0;21;6120616;6804270;10624818;127392;6154704;11746368;225352;0;491
FR;2;2022-05-13;100;236;969;2097;122;900;2273;0;13;6120716;6804506;10625787;129489;6154826;11747268;227625;0;504
FR;2;2022-05-14;76;124;451;553;93;411;632;0;6;6120792;6804630;10626238;130042;6154919;11747679;228257;0;510
FR;2;2022-05-15;24;39;94;88;20;108;95;0;1;6120816;6804669;10626332;130130;6154939;11747787;228352;0;511
FR;2;2022-05-16;102;170;601;925;115;537;1037;0;11;6120918;6804839;10626933;131055;6155054;11748324;229389;0;522
FR;2;2022-05-17;95;184;690;1685;119;658;1737;0;8;6121013;6805023;10627623;132740;6155173;11748982;231126;0;530
FR;2;2022-05-18;80;181;643;1431;97;648;1486;0;10;6121093;6805204;10628266;134171;6155270;11749630;232612;0;540
FR;2;2022-05-19;73;161;709;1830;81;751;1816;0;12;6121166;6805365;10628975;136001;6155351;11750381;234428;0;552
FR;2;2022-05-20;107;181;874;1701;111;779;1849;0;17;6121273;6805546;10629849;137702;6155462;11751160;236277;0;569
FR;2;2022-05-21;48;96;398;517;71;339;581;0;8;6121321;6805642;10630247;138219;6155533;11751499;236858;0;577
FR;2;2022-05-22;8;23;69;37;18;57;56;0;0;6121329;6805665;10630316;138256;6155551;11751556;236914;0;577
FR;2;2022-05-23;86;133;498;931;100;469;967;0;7;6121415;6805798;10630814;139187;6155651;11752025;237881;0;584
FR;2;2022-05-24;87;164;627;1626;103;615;1680;0;17;6121502;6805962;10631441;140813;6155754;11752640;239561;0;601
FR;2;2022-05-25;72;146;539;1148;90;494;1259;0;5;6121574;6806108;10631980;141961;6155844;11753134;240820;0;606
FR;2;2022-05-26;12;31;77;45;13;85;56;0;1;6121586;6806139;10632057;142006;6155857;11753219;240876;0;607
FR;2;2022-05-27;44;124;456;818;68;438;893;0;9;6121630;6806263;10632513;142824;6155925;11753657;241769;0;616
FR;2;2022-05-28;28;60;221;244;29;221;266;0;1;6121658;6806323;10632734;143068;6155954;11753878;242035;0;617
FR;2;2022-05-29;13;34;43;25;22;51;28;0;0;6121671;6806357;10632777;143093;6155976;11753929;242063;0;617
FR;2;2022-05-30;65;109;425;755;60;410;806;0;6;6121736;6806466;10633202;143848;6156036;11754339;242869;0;623
FR;2;2022-05-31;76;135;564;1278;92;511;1304;0;12;6121812;6806601;10633766;145126;6156128;11754850;244173;0;635
FR;2;2022-06-01;59;158;564;1075;84;543;1170;0;6;6121871;6806759;10634330;146201;6156212;11755393;245343;0;641
FR;2;2022-06-02;92;178;625;1414;109;592;1520;0;12;6121963;6806937;10634955;147615;6156321;11755985;246863;0;653
FR;2;2022-06-03;71;156;668;1605;95;595;1694;0;19;6122034;6807093;10635623;149220;6156416;11756580;248557;0;672
FR;2;2022-06-04;69;93;283;433;66;269;475;0;11;6122103;6807186;10635906;149653;6156482;11756849;249032;0;683
FR;2;2022-06-05;12;17;63;57;16;47;74;0;1;6122115;6807203;10635969;149710;6156498;11756896;249106;0;684
FR;2;2022-06-06;12;40;92;76;29;92;80;0;4;6122127;6807243;10636061;149786;6156527;11756988;249186;0;688
FR;2;2022-06-07;99;222;667;1535;154;577;1661;0;10;6122226;6807465;10636728;151321;6156681;11757565;250847;0;698
FR;2;2022-06-08;70;119;476;1166;76;411;1262;0;5;6122296;6807584;10637204;152487;6156757;11757976;252109;0;703
FR;2;2022-06-09;93;166;613;1923;107;571;1927;0;18;6122389;6807750;10637817;154410;6156864;11758547;254036;0;721
FR;2;2022-06-10;93;168;650;1683;107;622;1774;0;23;6122482;6807918;10638467;156093;6156971;11759169;255810;0;744
FR;2;2022-06-11;44;85;287;529;42;258;583;0;5;6122526;6808003;10638754;156622;6157013;11759427;256393;0;749
FR;2;2022-06-12;18;38;58;78;27;60;78;0;0;6122544;6808041;10638812;156700;6157040;11759487;256471;0;749
FR;2;2022-06-13;39;121;395;953;63;379;1021;0;6;6122583;6808162;10639207;157653;6157103;11759866;257492;0;755
FR;2;2022-06-14;68;157;599;2088;101;537;2189;0;14;6122651;6808319;10639806;159741;6157204;11760403;259681;0;769
FR;2;2022-06-15;78;104;520;1504;84;444;1639;0;10;6122729;6808423;10640326;161245;6157288;11760847;261320;0;779
FR;2;2022-06-16;127;128;496;1411;123;423;1526;0;12;6122856;6808551;10640822;162656;6157411;11761270;262846;0;791
FR;2;2022-06-17;73;138;589;1817;88;516;1921;0;16;6122929;6808689;10641411;164473;6157499;11761786;264767;0;807
FR;2;2022-06-18;76;93;224;579;81;196;630;0;4;6123005;6808782;10641635;165052;6157580;11761982;265397;0;811
FR;2;2022-06-19;11;17;53;71;7;41;90;0;2;6123016;6808799;10641688;165123;6157587;11762023;265487;0;813
FR;2;2022-06-20;62;125;401;1028;72;392;1105;0;10;6123078;6808924;10642089;166151;6157659;11762415;266592;0;823
FR;2;2022-06-21;108;115;526;2126;104;455;2163;0;22;6123186;6809039;10642615;168277;6157763;11762870;268755;0;845
FR;2;2022-06-22;39;110;462;1889;57;415;1971;0;25;6123225;6809149;10643077;170166;6157820;11763285;270726;0;870
FR;2;2022-06-23;58;109;537;2282;68;452;2400;0;30;6123283;6809258;10643614;172448;6157888;11763737;273126;0;900
FR;2;2022-06-24;66;122;709;3199;65;571;3339;0;38;6123349;6809380;10644323;175647;6157953;11764308;276465;0;938
FR;2;2022-06-25;30;90;298;987;55;254;1040;0;13;6123379;6809470;10644621;176634;6158008;11764562;277505;0;951
FR;2;2022-06-26;30;27;131;194;29;97;236;0;5;6123409;6809497;10644752;176828;6158037;11764659;277741;0;956
FR;2;2022-06-27;79;137;582;2489;94;483;2622;0;39;6123488;6809634;10645334;179317;6158131;11765142;280363;0;995
FR;2;2022-06-28;110;140;812;4817;81;650;4894;0;54;6123598;6809774;10646146;184134;6158212;11765792;285257;0;1049
FR;2;2022-06-29;73;150;776;4436;80;637;4532;0;56;6123671;6809924;10646922;188570;6158292;11766429;289789;0;1105
FR;2;2022-06-30;72;133;833;5177;71;619;5397;0;79;6123743;6810057;10647755;193747;6158363;11767048;295186;0;1184
FR;2;2022-07-01;113;161;1152;6692;94;853;6944;0;92;6123856;6810218;10648907;200439;6158457;11767901;302130;0;1276
FR;2;2022-07-02;69;132;474;1976;82;392;2067;0;27;6123925;6810350;10649381;202415;6158539;11768293;304197;0;1303
FR;2;2022-07-03;23;30;147;334;21;131;357;0;8;6123948;6810380;10649528;202749;6158560;11768424;304554;0;1311
FR;2;2022-07-04;120;184;774;3785;112;612;3971;0;49;6124068;6810564;10650302;206534;6158672;11769036;308525;0;1360
FR;2;2022-07-05;119;187;1121;6818;120;828;6999;0;85;6124187;6810751;10651423;213352;6158792;11769864;315524;0;1445
FR;2;2022-07-06;92;151;951;5807;94;697;5933;0;84;6124279;6810902;10652374;219159;6158886;11770561;321457;0;1529
FR;2;2022-07-07;81;185;1021;6501;115;752;6732;0;101;6124360;6811087;10653395;225660;6159001;11771313;328189;0;1630
FR;2;2022-07-08;65;122;1095;7044;51;758;7235;0;123;6124425;6811209;10654490;232704;6159052;11772071;335424;0;1753
FR;2;2022-07-09;34;62;418;1869;31;299;1920;0;33;6124459;6811271;10654908;234573;6159083;11772370;337344;0;1786
FR;2;2022-07-10;6;17;97;315;8;83;327;0;5;6124465;6811288;10655005;234888;6159091;11772453;337671;0;1791
FR;2;2022-07-11;68;121;683;3826;76;541;3901;0;67;6124533;6811409;10655688;238714;6159167;11772994;341572;0;1858
FR;2;2022-07-12;102;180;1054;6517;107;809;6725;0;119;6124635;6811589;10656742;245231;6159274;11773803;348297;0;1977
FR;2;2022-07-13;65;127;879;4664;75;591;4830;0;78;6124700;6811716;10657621;249895;6159349;11774394;353127;0;2055
FR;2;2022-07-14;6;13;89;250;8;60;269;0;8;6124706;6811729;10657710;250145;6159357;11774454;353396;0;2063
FR;2;2022-07-15;61;129;739;3794;53;560;3960;0;75;6124767;6811858;10658449;253939;6159410;11775014;357356;0;2138
FR;2;2022-07-16;27;54;289;1030;30;242;1076;0;25;6124794;6811912;10658738;254969;6159440;11775256;358432;0;2163
FR;2;2022-07-17;5;12;78;201;6;67;207;0;6;6124799;6811924;10658816;255170;6159446;11775323;358639;0;2169
FR;2;2022-07-18;57;103;514;2509;61;384;2648;0;59;6124856;6812027;10659330;257679;6159507;11775707;361287;0;2228
FR;2;2022-07-19;66;133;770;4258;72;555;4447;0;72;6124922;6812160;10660100;261937;6159579;11776262;365734;0;2300
FR;2;2022-07-20;59;117;582;3179;68;430;3278;0;87;6124981;6812277;10660682;265116;6159647;11776692;369012;0;2387
FR;2;2022-07-21;60;110;671;3680;73;485;3797;0;105;6125041;6812387;10661353;268796;6159720;11777177;372809;0;2492
FR;2;2022-07-22;51;99;699;3550;48;506;3700;0;80;6125092;6812486;10662052;272346;6159768;11777683;376509;0;2572
FR;2;2022-07-23;39;97;290;1173;52;229;1226;0;37;6125131;6812583;10662342;273519;6159820;11777912;377735;0;2609
FR;2;2022-07-24;14;24;69;201;19;68;203;0;7;6125145;6812607;10662411;273720;6159839;11777980;377938;0;2616
FR;2;2022-07-25;50;71;405;1938;60;300;2000;0;56;6125195;6812678;10662816;275658;6159899;11778280;379938;0;2672
FR;2;2022-07-26;57;133;606;3423;66;477;3496;0;113;6125252;6812811;10663422;279081;6159965;11778757;383434;0;2785
FR;2;2022-07-27;42;81;457;2782;50;361;2801;0;89;6125294;6812892;10663879;281863;6160015;11779118;386235;0;2874
FR;2;2022-07-28;29;75;450;2486;36;357;2490;0;78;6125323;6812967;10664329;284349;6160051;11779475;388725;0;2952
FR;2;2022-07-29;68;88;535;2857;63;347;2978;0;73;6125391;6813055;10664864;287206;6160114;11779822;391703;0;3025
FR;2;2022-07-30;22;39;163;775;32;110;795;0;24;6125413;6813094;10665027;287981;6160146;11779932;392498;0;3049
FR;2;2022-07-31;6;13;27;104;12;21;110;0;2;6125419;6813107;10665054;288085;6160158;11779953;392608;0;3051
FR;2;2022-08-01;38;106;323;1261;74;260;1343;0;29;6125457;6813213;10665377;289346;6160232;11780213;393951;0;3080
FR;2;2022-08-02;49;75;325;2061;50;247;2097;0;78;6125506;6813288;10665702;291407;6160282;11780460;396048;0;3158
FR;2;2022-08-03;29;53;259;1611;25;187;1617;0;57;6125535;6813341;10665961;293018;6160307;11780647;397665;0;3215
FR;2;2022-08-04;40;65;306;1692;39;240;1701;0;66;6125575;6813406;10666267;294710;6160346;11780887;399366;0;3281
FR;2;2022-08-05;33;94;328;1881;67;236;1912;0;60;6125608;6813500;10666595;296591;6160413;11781123;401278;0;3341
FR;2;2022-08-06;22;41;106;365;29;82;372;0;10;6125630;6813541;10666701;296956;6160442;11781205;401650;0;3351
FR;2;2022-08-07;7;8;15;69;5;16;71;0;3;6125637;6813549;10666716;297025;6160447;11781221;401721;0;3354
FR;2;2022-08-08;19;35;220;877;22;148;915;0;33;6125656;6813584;10666936;297902;6160469;11781369;402636;0;3387
FR;2;2022-08-09;29;52;279;1475;41;238;1471;0;50;6125685;6813636;10667215;299377;6160510;11781607;404107;0;3437
FR;2;2022-08-10;16;22;213;1134;19;150;1155;0;46;6125701;6813658;10667428;300511;6160529;11781757;405262;0;3483
FR;2;2022-08-11;21;41;174;1039;26;117;1048;0;40;6125722;6813699;10667602;301550;6160555;11781874;406310;0;3523
FR;2;2022-08-12;36;49;184;1046;37;140;1069;0;35;6125758;6813748;10667786;302596;6160592;11782014;407379;0;3558
FR;2;2022-08-13;9;19;47;149;15;53;137;0;5;6125767;6813767;10667833;302745;6160607;11782067;407516;0;3563
FR;2;2022-08-14;1;2;12;52;1;11;54;0;1;6125768;6813769;10667845;302797;6160608;11782078;407570;0;3564
FR;2;2022-08-15;0;5;32;22;2;21;21;0;3;6125768;6813774;10667877;302819;6160610;11782099;407591;0;3567
FR;2;2022-08-16;27;33;144;681;34;120;678;0;33;6125795;6813807;10668021;303500;6160644;11782219;408269;0;3600
FR;2;2022-08-17;18;26;109;738;18;88;744;0;34;6125813;6813833;10668130;304238;6160662;11782307;409013;0;3634
FR;2;2022-08-18;14;28;160;836;12;107;852;0;42;6125827;6813861;10668290;305074;6160674;11782414;409865;0;3676
FR;2;2022-08-19;8;38;118;706;31;88;706;0;33;6125835;6813899;10668408;305780;6160705;11782502;410571;0;3709
FR;2;2022-08-20;6;26;61;197;16;52;201;0;8;6125841;6813925;10668469;305977;6160721;11782554;410772;0;3717
FR;2;2022-08-21;4;14;15;19;6;13;31;0;0;6125845;6813939;10668484;305996;6160727;11782567;410803;0;3717
FR;2;2022-08-22;11;25;116;395;17;73;451;0;13;6125856;6813964;10668600;306391;6160744;11782640;411254;0;3730
FR;2;2022-08-23;11;42;134;671;23;112;679;0;38;6125867;6814006;10668734;307062;6160767;11782752;411933;0;3768
FR;2;2022-08-24;11;28;87;466;21;80;472;0;18;6125878;6814034;10668821;307528;6160788;11782832;412405;0;3786
FR;2;2022-08-25;8;32;109;481;16;69;516;0;17;6125886;6814066;10668930;308009;6160804;11782901;412921;0;3803
FR;2;2022-08-26;16;46;117;720;36;91;713;0;32;6125902;6814112;10669047;308729;6160840;11782992;413634;0;3835
FR;2;2022-08-27;10;19;47;156;16;42;164;0;2;6125912;6814131;10669094;308885;6160856;11783034;413798;0;3837
FR;2;2022-08-28;1;5;5;15;1;7;16;0;1;6125913;6814136;10669099;308900;6160857;11783041;413814;0;3838
FR;2;2022-08-29;24;43;94;400;29;88;396;0;24;6125937;6814179;10669193;309300;6160886;11783129;414210;0;3862
FR;2;2022-08-30;31;54;154;791;34;119;798;0;29;6125968;6814233;10669347;310091;6160920;11783248;415008;0;3891
FR;2;2022-08-31;19;36;85;392;23;79;393;0;25;6125987;6814269;10669432;310483;6160943;11783327;415401;0;3916
FR;2;2022-09-01;19;43;139;600;25;122;609;0;36;6126006;6814312;10669571;311083;6160968;11783449;416010;0;3952
FR;2;2022-09-02;34;56;146;744;34;158;748;0;32;6126040;6814368;10669717;311827;6161002;11783607;416758;0;3984
FR;2;2022-09-03;17;20;83;205;11;67;213;0;7;6126057;6814388;10669800;312032;6161013;11783674;416971;0;3991
FR;2;2022-09-04;8;5;9;31;2;10;30;0;3;6126065;6814393;10669809;312063;6161015;11783684;417001;0;3994
FR;2;2022-09-05;29;32;126;367;24;98;397;0;24;6126094;6814425;10669935;312430;6161039;11783782;417398;0;4018
FR;2;2022-09-06;43;62;158;761;42;153;767;0;36;6126137;6814487;10670093;313191;6161081;11783935;418165;0;4054
FR;2;2022-09-07;21;21;74;375;17;49;387;0;22;6126158;6814508;10670167;313566;6161098;11783984;418552;0;4076
FR;2;2022-09-08;31;57;109;636;40;100;646;0;22;6126189;6814565;10670276;314202;6161138;11784084;419198;0;4098
FR;2;2022-09-09;18;24;126;753;21;74;746;0;46;6126207;6814589;10670402;314955;6161159;11784158;419944;0;4144
FR;2;2022-09-10;14;24;57;117;16;48;131;0;4;6126221;6814613;10670459;315072;6161175;11784206;420075;0;4148
FR;2;2022-09-11;12;5;11;11;3;13;13;0;0;6126233;6814618;10670470;315083;6161178;11784219;420088;0;4148
FR;2;2022-09-12;20;31;70;340;26;56;352;0;16;6126253;6814649;10670540;315423;6161204;11784275;420440;0;4164
FR;2;2022-09-13;15;34;125;670;13;99;674;0;40;6126268;6814683;10670665;316093;6161217;11784374;421114;0;4204
FR;2;2022-09-14;19;22;81;480;20;59;478;0;36;6126287;6814705;10670746;316573;6161237;11784433;421592;0;4240
FR;2;2022-09-15;22;44;126;486;26;102;493;0;47;6126309;6814749;10670872;317059;6161263;11784535;422085;0;4287
FR;2;2022-09-16;21;31;124;563;17;89;585;0;39;6126330;6814780;10670996;317622;6161280;11784624;422670;0;4326
FR;2;2022-09-17;6;20;56;160;15;52;147;0;13;6126336;6814800;10671052;317782;6161295;11784676;422817;0;4339
FR;2;2022-09-18;4;7;13;37;6;10;37;0;3;6126340;6814807;10671065;317819;6161301;11784686;422854;0;4342
FR;2;2022-09-19;26;24;114;353;16;87;381;0;22;6126366;6814831;10671179;318172;6161317;11784773;423235;0;4364
FR;2;2022-09-20;28;27;117;624;21;84;639;0;38;6126394;6814858;10671296;318796;6161338;11784857;423874;0;4402
FR;2;2022-09-21;15;30;100;393;15;78;418;0;22;6126409;6814888;10671396;319189;6161353;11784935;424292;0;4424
FR;2;2022-09-22;16;39;124;581;18;95;619;0;28;6126425;6814927;10671520;319770;6161371;11785030;424911;0;4452
FR;2;2022-09-23;21;38;135;555;22;111;570;0;39;6126446;6814965;10671655;320325;6161393;11785141;425481;0;4491
FR;2;2022-09-24;10;8;52;190;6;37;201;0;6;6126456;6814973;10671707;320515;6161399;11785178;425682;0;4497
FR;2;2022-09-25;9;11;14;29;11;11;33;0;5;6126465;6814984;10671721;320544;6161410;11785189;425715;0;4502
FR;2;2022-09-26;22;41;116;447;27;79;458;0;20;6126487;6815025;10671837;320991;6161437;11785268;426173;0;4522
FR;2;2022-09-27;30;46;162;906;35;108;861;0;52;6126517;6815071;10671999;321897;6161472;11785376;427034;0;4574
FR;2;2022-09-28;15;31;93;421;18;74;439;0;23;6126532;6815102;10672092;322318;6161490;11785450;427473;0;4597
FR;2;2022-09-29;26;48;115;618;23;110;630;0;33;6126558;6815150;10672207;322936;6161513;11785560;428103;0;4630
FR;2;2022-09-30;25;44;111;520;44;84;533;0;31;6126583;6815194;10672318;323456;6161557;11785644;428636;0;4661
FR;2;2022-10-01;11;20;51;128;20;36;129;0;8;6126594;6815214;10672369;323584;6161577;11785680;428765;0;4669
FR;2;2022-10-02;0;5;8;21;4;5;25;0;2;6126594;6815219;10672377;323605;6161581;11785685;428790;0;4671
FR;2;2022-10-03;22;34;84;291;29;68;306;0;22;6126616;6815253;10672461;323896;6161610;11785753;429096;0;4693
FR;2;2022-10-04;17;21;106;602;19;71;621;0;46;6126633;6815274;10672567;324498;6161629;11785824;429717;0;4739
FR;2;2022-10-05;20;29;75;491;24;67;488;0;54;6126653;6815303;10672642;324989;6161653;11785891;430205;0;4793
FR;2;2022-10-06;30;23;74;442;17;71;428;0;65;6126683;6815326;10672716;325431;6161670;11785962;430633;0;4858
FR;2;2022-10-07;21;30;86;499;27;66;503;0;42;6126704;6815356;10672802;325930;6161697;11786028;431136;0;4900
FR;2;2022-10-08;12;8;23;114;3;24;108;0;12;6126716;6815364;10672825;326044;6161700;11786052;431244;0;4912
FR;2;2022-10-09;1;8;15;17;6;11;22;0;5;6126717;6815372;10672840;326061;6161706;11786063;431266;0;4917
FR;2;2022-10-10;18;25;47;223;22;50;218;0;21;6126735;6815397;10672887;326284;6161728;11786113;431484;0;4938
FR;2;2022-10-11;16;15;47;253;11;39;240;0;52;6126751;6815412;10672934;326537;6161739;11786152;431724;0;4990
FR;2;2022-10-12;8;18;52;290;14;36;305;0;56;6126759;6815430;10672986;326827;6161753;11786188;432029;0;5046
FR;2;2022-10-13;11;14;48;271;9;48;261;0;26;6126770;6815444;10673034;327098;6161762;11786236;432290;0;5072
FR;2;2022-10-14;12;29;36;230;17;40;231;0;29;6126782;6815473;10673070;327328;6161779;11786276;432521;0;5101
FR;2;2022-10-15;4;10;22;111;4;17;113;0;15;6126786;6815483;10673092;327439;6161783;11786293;432634;0;5116
FR;2;2022-10-16;0;6;4;11;5;7;8;0;1;6126786;6815489;10673096;327450;6161788;11786300;432642;0;5117
FR;2;2022-10-17;15;18;31;121;17;26;131;0;29;6126801;6815507;10673127;327571;6161805;11786326;432773;0;5146
FR;2;2022-10-18;13;11;68;184;5;34;231;0;43;6126814;6815518;10673195;327755;6161810;11786360;433004;0;5189
FR;2;2022-10-19;8;17;36;182;12;30;185;0;42;6126822;6815535;10673231;327937;6161822;11786390;433189;0;5231
FR;2;2022-10-20;11;29;41;200;15;40;196;0;52;6126833;6815564;10673272;328137;6161837;11786430;433385;0;5283
FR;2;2022-10-21;6;15;60;232;6;53;222;0;30;6126839;6815579;10673332;328369;6161843;11786483;433607;0;5313
FR;2;2022-10-22;8;7;25;101;2;23;102;0;20;6126847;6815586;10673357;328470;6161845;11786506;433709;0;5333
FR;2;2022-10-23;0;3;1;5;3;0;6;0;2;6126847;6815589;10673358;328475;6161848;11786506;433715;0;5335
FR;2;2022-10-24;12;12;16;109;12;16;112;0;20;6126859;6815601;10673374;328584;6161860;11786522;433827;0;5355
FR;2;2022-10-25;12;7;23;138;6;15;145;0;51;6126871;6815608;10673397;328722;6161866;11786537;433972;0;5406
FR;2;2022-10-26;4;3;17;90;2;11;96;0;27;6126875;6815611;10673414;328812;6161868;11786548;434068;0;5433
FR;2;2022-10-27;7;9;18;88;9;20;71;0;27;6126882;6815620;10673432;328900;6161877;11786568;434139;0;5460
FR;2;2022-10-28;5;3;15;91;3;7;92;0;27;6126887;6815623;10673447;328991;6161880;11786575;434231;0;5487
FR;2;2022-10-29;7;8;18;33;6;14;37;0;8;6126894;6815631;10673465;329024;6161886;11786589;434268;0;5495
FR;2;2022-10-30;3;7;5;8;5;2;5;0;1;6126897;6815638;10673470;329032;6161891;11786591;434273;0;5496
FR;2;2022-10-31;2;8;6;49;6;10;48;0;11;6126899;6815646;10673476;329081;6161897;11786601;434321;0;5507
FR;2;2022-11-01;0;4;8;1;4;5;4;0;0;6126899;6815650;10673484;329082;6161901;11786606;434325;0;5507
FR;2;2022-11-02;6;5;12;44;5;12;45;0;11;6126905;6815655;10673496;329126;6161906;11786618;434370;0;5518
FR;2;2022-11-03;6;7;16;77;6;10;75;0;18;6126911;6815662;10673512;329203;6161912;11786628;434445;0;5536
FR;2;2022-11-04;7;12;15;85;10;14;93;0;10;6126918;6815674;10673527;329288;6161922;11786642;434538;0;5546
FR;2;2022-11-05;0;11;13;38;6;17;35;0;6;6126918;6815685;10673540;329326;6161928;11786659;434573;0;5552
FR;2;2022-11-06;0;2;2;1;0;4;0;0;2;6126918;6815687;10673542;329327;6161928;11786663;434573;0;5554
FR;2;2022-11-07;11;7;15;66;5;14;65;0;20;6126929;6815694;10673557;329393;6161933;11786677;434638;0;5574
FR;2;2022-11-08;11;6;18;58;4;14;65;0;27;6126940;6815700;10673575;329451;6161937;11786691;434703;0;5601
FR;2;2022-11-09;4;5;17;56;2;17;50;0;28;6126944;6815705;10673592;329507;6161939;11786708;434753;0;5629
FR;2;2022-11-10;7;10;17;74;7;14;76;0;14;6126951;6815715;10673609;329581;6161946;11786722;434829;0;5643
FR;2;2022-11-11;0;3;7;3;0;8;4;0;0;6126951;6815718;10673616;329584;6161946;11786730;434833;0;5643
FR;2;2022-11-12;2;5;7;19;4;7;19;0;4;6126953;6815723;10673623;329603;6161950;11786737;434852;0;5647
FR;2;2022-11-13;3;2;3;2;1;4;1;0;0;6126956;6815725;10673626;329605;6161951;11786741;434853;0;5647
FR;2;2022-11-14;7;6;13;29;3;10;33;0;7;6126963;6815731;10673639;329634;6161954;11786751;434886;0;5654
FR;2;2022-11-15;8;12;15;35;13;18;32;0;7;6126971;6815743;10673654;329669;6161967;11786769;434918;0;5661
FR;2;2022-11-16;4;3;4;45;3;4;46;0;18;6126975;6815746;10673658;329714;6161970;11786773;434964;0;5679
FR;2;2022-11-17;2;6;12;56;5;9;55;0;22;6126977;6815752;10673670;329770;6161975;11786782;435019;0;5701
FR;2;2022-11-18;3;4;7;41;4;6;44;0;10;6126980;6815756;10673677;329811;6161979;11786788;435063;0;5711
FR;2;2022-11-19;3;2;2;25;2;3;18;0;5;6126983;6815758;10673679;329836;6161981;11786791;435081;0;5716
FR;2;2022-11-20;0;2;6;9;2;6;10;0;26;6126983;6815760;10673685;329845;6161983;11786797;435091;0;5742
FR;2;2022-11-21;6;10;9;31;7;8;34;0;22;6126989;6815770;10673694;329876;6161990;11786805;435125;0;5764
FR;2;2022-11-22;8;8;20;65;6;21;70;0;71;6126997;6815778;10673714;329941;6161996;11786826;435195;0;5835
FR;2;2022-11-23;7;6;8;68;3;5;73;0;8;6127004;6815784;10673722;330009;6161999;11786831;435268;0;5843
FR;2;2022-11-24;2;2;11;50;2;7;57;0;10;6127006;6815786;10673733;330059;6162001;11786838;435325;0;5853
FR;2;2022-11-25;11;8;12;25;11;14;26;0;8;6127017;6815794;10673745;330084;6162012;11786852;435351;0;5861
FR;2;2022-11-26;1;5;4;8;4;7;6;0;0;6127018;6815799;10673749;330092;6162016;11786859;435357;0;5861
FR;2;2022-11-27;2;2;12;2;0;11;4;0;1;6127020;6815801;10673761;330094;6162016;11786870;435361;0;5862
FR;2;2022-11-28;0;2;7;35;1;5;37;0;5;6127020;6815803;10673768;330129;6162017;11786875;435398;0;5867
FR;2;2022-11-29;1;1;9;24;0;3;30;0;8;6127021;6815804;10673777;330153;6162017;11786878;435428;0;5875
FR;2;2022-11-30;2;1;9;47;0;10;44;0;21;6127023;6815805;10673786;330200;6162017;11786888;435472;0;5896
FR;2;2022-12-01;2;10;6;63;7;13;55;0;24;6127025;6815815;10673792;330263;6162024;11786901;435527;0;5920
FR;2;2022-12-02;1;2;12;51;2;10;51;0;27;6127026;6815817;10673804;330314;6162026;11786911;435578;0;5947
FR;2;2022-12-03;1;3;8;19;1;8;18;0;10;6127027;6815820;10673812;330333;6162027;11786919;435596;0;5957
FR;2;2022-12-04;0;0;0;4;0;0;4;0;2;6127027;6815820;10673812;330337;6162027;11786919;435600;0;5959
FR;2;2022-12-05;3;3;7;51;6;4;44;0;16;6127030;6815823;10673819;330388;6162033;11786923;435644;0;5975
FR;2;2022-12-06;3;4;13;45;3;6;47;0;17;6127033;6815827;10673832;330433;6162036;11786929;435691;0;5992
FR;2;2022-12-07;1;3;9;42;2;7;44;0;11;6127034;6815830;10673841;330475;6162038;11786936;435735;0;6003
FR;2;2022-12-08;0;2;11;44;0;6;49;0;16;6127034;6815832;10673852;330519;6162038;11786942;435784;0;6019
FR;2;2022-12-09;0;1;13;52;0;9;57;0;16;6127034;6815833;10673865;330571;6162038;11786951;435841;0;6035
FR;2;2022-12-10;0;2;15;49;0;6;51;0;9;6127034;6815835;10673880;330620;6162038;11786957;435892;0;6044
FR;2;2022-12-11;0;0;2;2;0;2;1;0;3;6127034;6815835;10673882;330622;6162038;11786959;435893;0;6047
FR;2;2022-12-12;1;0;6;36;0;6;35;0;11;6127035;6815835;10673888;330658;6162038;11786965;435928;0;6058
FR;2;2022-12-13;0;2;1;37;1;1;36;0;14;6127035;6815837;10673889;330695;6162039;11786966;435964;0;6072
FR;2;2022-12-14;0;5;8;26;5;3;31;0;14;6127035;6815842;10673897;330721;6162044;11786969;435995;0;6086
FR;2;2022-12-15;0;4;12;43;4;9;44;0;17;6127035;6815846;10673909;330764;6162048;11786978;436039;0;6103
FR;2;2022-12-16;2;4;27;56;3;20;62;0;16;6127037;6815850;10673936;330820;6162051;11786998;436101;0;6119
FR;2;2022-12-17;1;4;10;44;3;6;39;0;5;6127038;6815854;10673946;330864;6162054;11787004;436140;0;6124
FR;2;2022-12-18;1;0;0;0;0;0;0;0;1;6127039;6815854;10673946;330864;6162054;11787004;436140;0;6125
FR;2;2022-12-19;6;1;4;31;2;5;24;0;24;6127045;6815855;10673950;330895;6162056;11787009;436164;0;6149
FR;2;2022-12-20;0;2;6;37;0;7;38;0;24;6127045;6815857;10673956;330932;6162056;11787016;436202;0;6173
FR;2;2022-12-21;0;1;3;13;1;3;13;0;8;6127045;6815858;10673959;330945;6162057;11787019;436215;0;6181
FR;2;2022-12-22;0;5;17;32;2;6;45;0;10;6127045;6815863;10673976;330977;6162059;11787025;436260;0;6191
FR;2;2022-12-23;1;5;12;14;3;9;18;0;4;6127046;6815868;10673988;330991;6162062;11787034;436278;0;6195
FR;2;2022-12-24;0;0;1;1;0;1;1;0;0;6127046;6815868;10673989;330992;6162062;11787035;436279;0;6195
FR;2;2022-12-25;0;1;1;3;0;1;4;0;0;6127046;6815869;10673990;330995;6162062;11787036;436283;0;6195
FR;2;2022-12-26;0;0;7;11;0;5;11;0;3;6127046;6815869;10673997;331006;6162062;11787041;436294;0;6198
FR;2;2022-12-27;0;1;6;5;1;4;7;0;4;6127046;6815870;10674003;331011;6162063;11787045;436301;0;6202
FR;2;2022-12-28;0;2;4;13;2;3;14;0;5;6127046;6815872;10674007;331024;6162065;11787048;436315;0;6207
FR;2;2022-12-29;1;1;4;18;1;4;18;0;7;6127047;6815873;10674011;331042;6162066;11787052;436333;0;6214
FR;2;2022-12-30;0;0;2;7;0;2;6;0;1;6127047;6815873;10674013;331049;6162066;11787054;436339;0;6215
FR;2;2022-12-31;0;0;1;2;0;1;2;0;1;6127047;6815873;10674014;331051;6162066;11787055;436341;0;6216
FR;2;2023-01-01;0;0;0;0;0;0;0;0;0;6127047;6815873;10674014;331051;6162066;11787055;436341;0;6216
FR;2;2023-01-02;5;2;8;21;1;6;23;0;2;6127052;6815875;10674022;331072;6162067;11787061;436364;0;6218
FR;2;2023-01-03;0;0;6;13;0;7;11;0;6;6127052;6815875;10674028;331085;6162067;11787068;436375;0;6224
FR;2;2023-01-04;1;1;8;13;2;6;13;0;6;6127053;6815876;10674036;331098;6162069;11787074;436388;0;6230
FR;2;2023-01-05;0;1;4;6;1;2;6;0;3;6127053;6815877;10674040;331104;6162070;11787076;436394;0;6233
FR;2;2023-01-06;1;0;5;9;0;2;11;0;8;6127054;6815877;10674045;331113;6162070;11787078;436405;0;6241
FR;2;2023-01-07;0;0;1;10;0;2;7;0;5;6127054;6815877;10674046;331123;6162070;11787080;436412;0;6246
FR;2;2023-01-08;0;0;1;3;0;1;3;0;2;6127054;6815877;10674047;331126;6162070;11787081;436415;0;6248
FR;2;2023-01-09;0;0;7;9;0;2;13;0;5;6127054;6815877;10674054;331135;6162070;11787083;436428;0;6253
FR;2;2023-01-10;0;3;1;6;3;0;8;0;5;6127054;6815880;10674055;331141;6162073;11787083;436436;0;6258
FR;2;2023-01-11;3;0;4;7;0;3;9;0;3;6127057;6815880;10674059;331148;6162073;11787086;436445;0;6261
FR;2;2023-01-12;1;0;4;12;0;2;9;0;11;6127058;6815880;10674063;331160;6162073;11787088;436454;0;6272
FR;2;2023-01-13;0;1;4;6;1;2;8;0;3;6127058;6815881;10674067;331166;6162074;11787090;436462;0;6275
FR;2;2023-01-14;0;1;0;6;0;1;6;0;1;6127058;6815882;10674067;331172;6162074;11787091;436468;0;6276
FR;2;2023-01-15;0;0;0;0;0;0;0;0;0;6127058;6815882;10674067;331172;6162074;11787091;436468;0;6276
FR;2;2023-01-16;1;0;3;6;1;0;7;0;1;6127059;6815882;10674070;331178;6162075;11787091;436475;0;6277
FR;2;2023-01-17;1;0;0;4;0;0;3;0;0;6127060;6815882;10674070;331182;6162075;11787091;436478;0;6277
FR;2;2023-01-18;0;0;1;2;0;1;2;0;0;6127060;6815882;10674071;331184;6162075;11787092;436480;0;6277
FR;2;2023-01-19;0;0;0;6;0;0;6;0;6;6127060;6815882;10674071;331190;6162075;11787092;436486;0;6283
FR;2;2023-01-20;0;0;0;7;0;0;7;0;4;6127060;6815882;10674071;331197;6162075;11787092;436493;0;6287
FR;2;2023-01-21;0;0;0;3;0;0;0;0;0;6127060;6815882;10674071;331200;6162075;11787092;436493;0;6287
FR;2;2023-01-22;0;0;0;0;0;0;0;0;0;6127060;6815882;10674071;331200;6162075;11787092;436493;0;6287
FR;2;2023-01-23;0;0;3;3;0;2;3;0;1;6127060;6815882;10674074;331203;6162075;11787094;436496;0;6288
FR;2;2023-01-24;1;3;1;6;3;0;7;0;4;6127061;6815885;10674075;331209;6162078;11787094;436503;0;6292
FR;2;2023-01-25;1;0;0;6;1;0;6;0;0;6127062;6815885;10674075;331215;6162079;11787094;436509;0;6292
FR;3;2020-12-27;0;0;0;0;0;0;0;0;0;0;0;0;0;0;0;0;0;0
FR;3;2020-12-28;0;0;0;0;0;0;0;0;0;0;0;0;0;0;0;0;0;0
FR;3;2020-12-29;0;0;0;0;0;0;0;0;0;0;0;0;0;0;0;0;0;0
FR;3;2020-12-30;0;0;0;0;0;0;0;0;0;0;0;0;0;0;0;0;0;0
FR;3;2020-12-31;0;0;0;0;0;0;0;0;0;0;0;0;0;0;0;0;0;0
FR;3;2021-01-01;0;0;0;0;0;0;0;0;0;0;0;0;0;0;0;0;0;0
FR;3;2021-01-02;0;0;0;0;0;0;0;0;0;0;0;0;0;0;0;0;0;0
FR;3;2021-01-03;0;0;0;0;0;0;0;0;0;0;0;0;0;0;0;0;0;0
FR;3;2021-01-04;0;0;0;0;0;0;0;0;0;0;0;0;0;0;0;0;0;0
FR;3;2021-01-05;0;0;0;0;0;0;0;0;0;0;0;0;0;0;0;0;0;0
FR;3;2021-01-06;0;0;0;0;0;0;0;0;0;0;0;0;0;0;0;0;0;0
FR;3;2021-01-07;0;0;0;0;0;0;0;0;0;0;0;0;0;0;0;0;0;0
FR;3;2021-01-08;0;0;0;0;0;0;0;0;0;0;0;0;0;0;0;0;0;0
FR;3;2021-01-09;0;0;0;0;0;0;0;0;0;0;0;0;0;0;0;0;0;0
FR;3;2021-01-10;0;0;0;0;0;0;0;0;0;0;0;0;0;0;0;0;0;0
FR;3;2021-01-11;0;0;0;0;0;0;0;0;0;0;0;0;0;0;0;0;0;0
FR;3;2021-01-12;0;0;0;0;0;0;0;0;0;0;0;0;0;0;0;0;0;0
FR;3;2021-01-13;0;0;0;0;0;0;0;0;0;0;0;0;0;0;0;0;0;0
FR;3;2021-01-14;0;0;0;0;0;0;0;0;0;0;0;0;0;0;0;0;0;0
FR;3;2021-01-15;0;0;0;0;0;0;0;0;0;0;0;0;0;0;0;0;0;0
FR;3;2021-01-16;0;0;0;0;0;0;0;0;0;0;0;0;0;0;0;0;0;0
FR;3;2021-01-17;0;0;0;0;0;0;0;0;0;0;0;0;0;0;0;0;0;0
FR;3;2021-01-18;0;0;0;0;0;0;0;0;0;0;0;0;0;0;0;0;0;0
FR;3;2021-01-19;0;0;0;0;0;0;0;0;0;0;0;0;0;0;0;0;0;0
FR;3;2021-01-20;0;0;0;0;0;0;0;0;0;0;0;0;0;0;0;0;0;0
FR;3;2021-01-21;0;0;0;0;0;0;0;0;0;0;0;0;0;0;0;0;0;0
FR;3;2021-01-22;0;0;0;0;0;0;0;0;0;0;0;0;0;0;0;0;0;0
FR;3;2021-01-23;0;0;0;0;0;0;0;0;0;0;0;0;0;0;0;0;0;0
FR;3;2021-01-24;0;0;0;0;0;0;0;0;0;0;0;0;0;0;0;0;0;0
FR;3;2021-01-25;0;0;0;0;0;0;0;0;0;0;0;0;0;0;0;0;0;0
FR;3;2021-01-26;0;0;0;0;0;0;0;0;0;0;0;0;0;0;0;0;0;0
FR;3;2021-01-27;0;0;0;0;0;0;0;0;0;0;0;0;0;0;0;0;0;0
FR;3;2021-01-28;0;0;0;0;0;0;0;0;0;0;0;0;0;0;0;0;0;0
FR;3;2021-01-29;0;0;0;0;0;0;0;0;0;0;0;0;0;0;0;0;0;0
FR;3;2021-01-30;0;0;0;0;0;0;0;0;0;0;0;0;0;0;0;0;0;0
FR;3;2021-01-31;0;0;0;0;0;0;0;0;0;0;0;0;0;0;0;0;0;0
FR;3;2021-02-01;0;0;0;0;0;0;0;0;0;0;0;0;0;0;0;0;0;0
FR;3;2021-02-02;0;0;0;0;0;0;0;0;0;0;0;0;0;0;0;0;0;0
FR;3;2021-02-03;0;0;0;0;0;0;0;0;0;0;0;0;0;0;0;0;0;0
FR;3;2021-02-04;0;0;0;0;0;0;0;0;0;0;0;0;0;0;0;0;0;0
FR;3;2021-02-05;0;0;0;0;0;0;0;0;0;0;0;0;0;0;0;0;0;0
FR;3;2021-02-06;1480;0;0;0;106;0;0;0;0;1480;0;0;0;106;0;0;0;0
FR;3;2021-02-07;1423;2;0;0;87;0;0;0;0;2903;2;0;0;193;0;0;0;0
FR;3;2021-02-08;2789;1;0;0;177;0;0;0;0;5692;3;0;0;370;0;0;0;0
FR;3;2021-02-09;6786;0;0;0;502;0;0;0;0;12478;3;0;0;872;0;0;0;0
FR;3;2021-02-10;9611;0;0;0;695;0;0;0;0;22089;3;0;0;1567;0;0;0;0
FR;3;2021-02-11;13620;4;0;0;920;0;0;0;0;35709;7;0;0;2487;0;0;0;0
FR;3;2021-02-12;13410;0;0;0;907;0;0;0;0;49119;7;0;0;3394;0;0;0;0
FR;3;2021-02-13;3799;1;0;0;218;0;0;0;0;52918;8;0;0;3612;0;0;0;0
FR;3;2021-02-14;975;1;0;0;53;0;0;0;0;53893;9;0;0;3665;0;0;0;0
FR;3;2021-02-15;10497;2;0;0;719;0;0;0;0;64390;11;0;0;4384;0;0;0;0
FR;3;2021-02-16;12556;5;0;0;871;0;0;0;0;76946;16;0;0;5255;0;0;0;0
FR;3;2021-02-17;11159;1;0;0;716;0;0;0;0;88105;17;0;0;5971;0;0;0;0
FR;3;2021-02-18;14943;2;0;0;985;0;0;0;0;103048;19;0;0;6956;0;0;0;0
FR;3;2021-02-19;14364;1;0;0;846;0;0;0;0;117412;20;0;0;7802;0;0;0;0
FR;3;2021-02-20;3331;0;0;0;178;0;0;0;0;120743;20;0;0;7980;0;0;0;0
FR;3;2021-02-21;620;0;0;0;35;0;0;0;0;121363;20;0;0;8015;0;0;0;0
FR;3;2021-02-22;9171;1;0;0;654;0;0;0;0;130534;21;0;0;8669;0;0;0;0
FR;3;2021-02-23;11406;6;0;0;760;0;0;0;0;141940;27;0;0;9429;0;0;0;0
FR;3;2021-02-24;14305;1;0;0;829;0;0;0;0;156245;28;0;0;10258;0;0;0;0
FR;3;2021-02-25;44935;3;0;0;1814;0;0;0;0;201180;31;0;0;12072;0;0;0;0
FR;3;2021-02-26;61889;12;0;0;2201;0;0;0;0;263069;43;0;0;14273;0;0;0;0
FR;3;2021-02-27;34811;14;0;0;1028;0;0;0;0;297880;57;0;0;15301;0;0;0;0
FR;3;2021-02-28;2464;0;0;0;114;0;0;0;0;300344;57;0;0;15415;0;0;0;0
FR;3;2021-03-01;20520;21;0;0;1067;0;0;0;0;320864;78;0;0;16482;0;0;0;0
FR;3;2021-03-02;38878;25;0;0;1789;0;0;0;0;359742;103;0;0;18271;0;0;0;0
FR;3;2021-03-03;48749;19;0;0;2132;0;0;0;0;408491;122;0;0;20403;0;0;0;0
FR;3;2021-03-04;82228;25;0;0;3194;0;0;0;0;490719;147;0;0;23597;0;0;0;0
FR;3;2021-03-05;118137;41;0;0;4691;0;0;0;0;608856;188;0;0;28288;0;0;0;0
FR;3;2021-03-06;120726;65;1;0;3558;0;0;0;0;729582;253;1;0;31846;0;0;0;0
FR;3;2021-03-07;55186;23;0;0;1729;0;0;0;0;784768;276;1;0;33575;0;0;0;0
FR;3;2021-03-08;42814;29;0;0;2074;0;0;0;0;827582;305;1;0;35649;0;0;0;0
FR;3;2021-03-09;78978;51;0;0;3288;0;0;0;0;906560;356;1;0;38937;0;0;0;0
FR;3;2021-03-10;80984;65;0;0;3241;0;0;0;0;987544;421;1;0;42178;0;0;0;0
FR;3;2021-03-11;128447;64;0;0;4765;0;0;0;0;1115991;485;1;0;46943;0;0;0;0
FR;3;2021-03-12;182719;121;0;0;6278;0;0;0;0;1298710;606;1;0;53221;0;0;0;0
FR;3;2021-03-13;132162;89;0;0;3528;0;0;0;0;1430872;695;1;0;56749;0;0;0;0
FR;3;2021-03-14;14060;6;0;0;550;0;0;0;0;1444932;701;1;0;57299;0;0;0;0
FR;3;2021-03-15;52239;82;0;0;2097;0;0;0;0;1497171;783;1;0;59396;0;0;0;0
FR;3;2021-03-16;1221;50;0;0;104;0;0;0;0;1498392;833;1;0;59500;0;0;0;0
FR;3;2021-03-17;950;56;0;0;95;0;0;0;0;1499342;889;1;0;59595;0;0;0;0
FR;3;2021-03-18;1576;41;0;0;101;0;0;0;0;1500918;930;1;0;59696;0;0;0;0
FR;3;2021-03-19;70458;56;0;0;2060;0;0;0;0;1571376;986;1;0;61756;0;0;0;0
FR;3;2021-03-20;65241;51;0;0;1702;0;0;0;0;1636617;1037;1;0;63458;0;0;0;0
FR;3;2021-03-21;5761;8;0;0;199;0;0;0;0;1642378;1045;1;0;63657;0;0;0;0
FR;3;2021-03-22;37509;49;0;0;1052;0;0;0;0;1679887;1094;1;0;64709;0;0;0;0
FR;3;2021-03-23;84670;87;0;0;2288;0;0;0;0;1764557;1181;1;0;66997;0;0;0;0
FR;3;2021-03-24;90955;99;0;0;2491;0;0;0;0;1855512;1280;1;0;69488;0;0;0;0
FR;3;2021-03-25;150069;146;0;0;3789;0;0;0;0;2005581;1426;1;0;73277;0;0;0;0
FR;3;2021-03-26;165430;158;0;0;4149;0;0;0;0;2171011;1584;1;0;77426;0;0;0;0
FR;3;2021-03-27;68465;101;0;0;2004;0;0;0;0;2239476;1685;1;0;79430;0;0;0;0
FR;3;2021-03-28;6479;20;0;0;237;0;0;0;0;2245955;1705;1;0;79667;0;0;0;0
FR;3;2021-03-29;54169;82;0;0;1480;0;0;0;0;2300124;1787;1;0;81147;0;0;0;0
FR;3;2021-03-30;93184;103;0;0;2564;0;0;0;0;2393308;1890;1;0;83711;0;0;0;0
FR;3;2021-03-31;63545;110;0;0;1964;0;0;0;0;2456853;2000;1;0;85675;0;0;0;0
FR;3;2021-04-01;86134;115;0;0;2495;0;0;0;0;2542987;2115;1;0;88170;0;0;0;0
FR;3;2021-04-02;86914;187;0;0;2766;0;0;0;0;2629901;2302;1;0;90936;0;0;0;0
FR;3;2021-04-03;35875;132;0;0;1163;0;0;0;0;2665776;2434;1;0;92099;0;0;0;0
FR;3;2021-04-04;3577;19;0;0;164;0;0;0;0;2669353;2453;1;0;92263;0;0;0;0
FR;3;2021-04-05;4492;40;0;0;236;0;0;0;0;2673845;2493;1;0;92499;0;0;0;0
FR;3;2021-04-06;29761;104;0;0;1091;0;0;0;0;2703606;2597;1;0;93590;0;0;0;0
FR;3;2021-04-07;32349;113;0;0;1052;0;0;0;0;2735955;2710;1;0;94642;0;0;0;0
FR;3;2021-04-08;78827;272;0;0;2619;0;0;0;0;2814782;2982;1;0;97261;0;0;0;0
FR;3;2021-04-09;161761;452;0;0;5179;0;0;0;0;2976543;3434;1;0;102440;0;0;0;0
FR;3;2021-04-10;75764;363;0;0;2695;0;0;0;0;3052307;3797;1;0;105135;0;0;0;0
FR;3;2021-04-11;7315;47;0;0;306;0;0;0;0;3059622;3844;1;0;105441;0;0;0;0
FR;3;2021-04-12;51485;217;0;0;1737;0;0;0;0;3111107;4061;1;0;107178;0;0;0;0
FR;3;2021-04-13;86236;363;0;0;2910;0;0;0;0;3197343;4424;1;0;110088;0;0;0;0
FR;3;2021-04-14;67845;377;0;0;2429;0;0;0;0;3265188;4801;1;0;112517;0;0;0;0
FR;3;2021-04-15;93246;404;0;0;3442;0;0;0;0;3358434;5205;1;0;115959;0;0;0;0
FR;3;2021-04-16;112532;626;0;0;4341;0;0;0;0;3470966;5831;1;0;120300;0;0;0;0
FR;3;2021-04-17;53319;369;1;0;2276;0;0;0;0;3524285;6200;2;0;122576;0;0;0;0
FR;3;2021-04-18;9751;49;0;0;423;0;0;0;0;3534036;6249;2;0;122999;0;0;0;0
FR;3;2021-04-19;25117;286;0;0;1092;0;0;0;0;3559153;6535;2;0;124091;0;0;0;0
FR;3;2021-04-20;45676;435;0;0;1906;0;0;0;0;3604829;6970;2;0;125997;0;0;0;0
FR;3;2021-04-21;38986;550;0;0;1894;0;0;0;0;3643815;7520;2;0;127891;0;0;0;0
FR;3;2021-04-22;54722;872;0;0;2824;0;0;0;0;3698537;8392;2;0;130715;0;0;0;0
FR;3;2021-04-23;70494;1094;0;0;3695;0;0;0;0;3769031;9486;2;0;134410;0;0;0;0
FR;3;2021-04-24;37253;1097;0;0;2486;0;0;0;0;3806284;10583;2;0;136896;0;0;0;0
FR;3;2021-04-25;6213;158;0;0;446;0;0;0;0;3812497;10741;2;0;137342;0;0;0;0
FR;3;2021-04-26;19791;698;0;0;1433;0;0;0;0;3832288;11439;2;0;138775;0;0;0;0
FR;3;2021-04-27;34485;1332;0;0;2590;0;0;0;0;3866773;12771;2;0;141365;0;0;0;0
FR;3;2021-04-28;28972;2041;0;0;3158;0;0;0;0;3895745;14812;2;0;144523;0;0;0;0
FR;3;2021-04-29;45393;6123;0;0;7942;0;0;0;0;3941138;20935;2;0;152465;0;0;0;0
FR;3;2021-04-30;55465;9112;1;0;11507;0;0;0;0;3996603;30047;3;0;163972;0;0;0;0
FR;3;2021-05-01;9518;2061;0;0;2492;0;0;0;0;4006121;32108;3;0;166464;0;0;0;0
FR;3;2021-05-02;3081;467;0;0;612;0;0;0;0;4009202;32575;3;0;167076;0;0;0;0
FR;3;2021-05-03;13067;3936;0;0;4503;0;0;0;0;4022269;36511;3;0;171579;0;0;0;0
FR;3;2021-05-04;23122;8371;0;0;9437;0;0;0;0;4045391;44882;3;0;181016;0;0;0;0
FR;3;2021-05-05;18767;10826;0;0;11764;0;0;0;0;4064158;55708;3;0;192780;0;0;0;0
FR;3;2021-05-06;34632;21246;0;0;22796;0;0;0;0;4098790;76954;3;0;215576;0;0;0;0
FR;3;2021-05-07;44210;28894;0;0;31198;0;0;0;0;4143000;105848;3;0;246774;0;0;0;0
FR;3;2021-05-08;6785;9191;0;0;9557;0;0;0;0;4149785;115039;3;0;256331;0;0;0;0
FR;3;2021-05-09;1797;2665;0;0;2765;0;0;0;0;4151582;117704;3;0;259096;0;0;0;0
FR;3;2021-05-10;15001;12909;0;0;13602;0;0;0;0;4166583;130613;3;0;272698;0;0;0;0
FR;3;2021-05-11;27099;26266;0;0;27538;0;0;0;0;4193682;156879;3;0;300236;0;0;0;0
FR;3;2021-05-12;17273;28124;0;0;29061;0;0;0;0;4210955;185003;3;0;329297;0;0;0;0
FR;3;2021-05-13;2285;3516;0;0;3636;0;0;0;0;4213240;188519;3;0;332933;0;0;0;0
FR;3;2021-05-14;14521;26076;0;0;26857;0;0;0;0;4227761;214595;3;0;359790;0;0;0;0
FR;3;2021-05-15;7233;21078;0;0;21505;0;0;0;0;4234994;235673;3;0;381295;0;0;0;0
FR;3;2021-05-16;977;2645;0;0;2691;0;0;0;0;4235971;238318;3;0;383986;0;0;0;0
FR;3;2021-05-17;7966;20212;0;0;20656;0;0;0;0;4243937;258530;3;0;404642;0;0;0;0
FR;3;2021-05-18;13417;30152;0;0;30913;0;0;0;0;4257354;288682;3;0;435555;0;0;0;0
FR;3;2021-05-19;9277;30548;0;0;31140;0;0;0;0;4266631;319230;3;0;466695;0;0;0;0
FR;3;2021-05-20;12806;53821;3;0;54748;0;0;0;0;4279437;373051;6;0;521443;0;0;0;0
FR;3;2021-05-21;12770;66177;2;0;67108;0;0;0;0;4292207;439228;8;0;588551;0;0;0;0
FR;3;2021-05-22;4967;33768;1;0;34151;0;0;0;0;4297174;472996;9;0;622702;0;0;0;0
FR;3;2021-05-23;651;2665;0;0;2697;0;0;0;0;4297825;475661;9;0;625399;0;0;0;0
FR;3;2021-05-24;885;4784;0;0;4828;0;0;0;0;4298710;480445;9;0;630227;0;0;0;0
FR;3;2021-05-25;5312;46706;1;0;47108;0;0;0;0;4304022;527151;10;0;677335;0;0;0;0
FR;3;2021-05-26;4982;52174;1;0;52648;0;0;0;0;4309004;579325;11;0;729983;0;0;0;0
FR;3;2021-05-27;6336;79044;3;0;79653;0;0;0;0;4315340;658369;14;0;809636;0;0;0;0
FR;3;2021-05-28;7545;100312;2;0;101114;0;0;0;0;4322885;758681;16;0;910750;0;0;0;0
FR;3;2021-05-29;3349;61165;1;0;61546;0;0;0;0;4326234;819846;17;0;972296;0;0;0;0
FR;3;2021-05-30;551;8080;0;0;8129;0;0;0;0;4326785;827926;17;0;980425;0;0;0;0
FR;3;2021-05-31;2442;35483;3;0;35748;0;0;0;0;4329227;863409;20;0;1016173;0;0;0;0
FR;3;2021-06-01;3414;64879;10;0;65330;0;0;0;0;4332641;928288;30;0;1081503;0;0;0;0
FR;3;2021-06-02;2735;58929;6;0;59264;0;0;0;0;4335376;987217;36;0;1140767;0;0;0;0
FR;3;2021-06-03;3496;87211;10;0;87747;0;0;0;0;4338872;1074428;46;0;1228514;0;0;0;0
FR;3;2021-06-04;4125;105851;22;0;106513;0;0;0;0;4342997;1180279;68;0;1335027;0;0;0;0
FR;3;2021-06-05;1983;52601;4;0;52918;0;0;0;0;4344980;1232880;72;0;1387945;0;0;0;0
FR;3;2021-06-06;511;5272;1;0;5319;0;0;0;0;4345491;1238152;73;0;1393264;0;0;0;0
FR;3;2021-06-07;1486;30710;11;0;30891;0;0;0;0;4346977;1268862;84;0;1424155;0;0;0;0
FR;3;2021-06-08;2065;47427;18;0;47773;0;0;0;0;4349042;1316289;102;0;1471928;0;0;0;0
FR;3;2021-06-09;1795;41815;13;0;42120;0;0;0;0;4350837;1358104;115;0;1514048;0;0;0;0
FR;3;2021-06-10;2258;67665;17;0;68061;0;0;0;0;4353095;1425769;132;0;1582109;0;0;0;0
FR;3;2021-06-11;2491;96634;34;0;97106;0;0;0;0;4355586;1522403;166;0;1679215;0;0;0;0
FR;3;2021-06-12;1178;40561;6;0;40793;0;0;0;0;4356764;1562964;172;0;1720008;0;0;0;0
FR;3;2021-06-13;283;3609;3;0;3644;0;0;0;0;4357047;1566573;175;0;1723652;0;0;0;0
FR;3;2021-06-14;1051;42327;17;0;42496;0;0;0;0;4358098;1608900;192;0;1766148;0;0;0;0
FR;3;2021-06-15;1379;80358;20;0;80663;0;0;0;0;4359477;1689258;212;0;1846811;0;0;0;0
FR;3;2021-06-16;1263;65491;20;0;65764;0;0;0;0;4360740;1754749;232;0;1912575;0;0;0;0
FR;3;2021-06-17;1667;102291;41;0;102676;0;0;0;0;4362407;1857040;273;0;2015251;0;0;0;0
FR;3;2021-06-18;1872;118459;63;0;118927;0;0;0;0;4364279;1975499;336;0;2134178;0;0;0;0
FR;3;2021-06-19;804;39462;22;0;39657;0;0;0;0;4365083;2014961;358;0;2173835;0;0;0;0
FR;3;2021-06-20;162;3197;0;0;3226;0;0;0;0;4365245;2018158;358;0;2177061;0;0;0;0
FR;3;2021-06-21;774;39091;16;0;39249;0;0;0;0;4366019;2057249;374;0;2216310;0;0;0;0
FR;3;2021-06-22;1065;70080;52;0;70350;0;0;0;0;4367084;2127329;426;0;2286660;0;0;0;0
FR;3;2021-06-23;946;50831;39;0;51103;0;0;0;0;4368030;2178160;465;0;2337763;0;0;0;0
FR;3;2021-06-24;1313;77289;48;0;77662;0;0;0;0;4369343;2255449;513;0;2415425;0;0;0;0
FR;3;2021-06-25;1410;90831;73;0;91265;0;0;0;0;4370753;2346280;586;0;2506690;0;0;0;0
FR;3;2021-06-26;631;33114;29;0;33306;0;0;0;0;4371384;2379394;615;0;2539996;0;0;0;0
FR;3;2021-06-27;167;3781;1;0;3805;0;0;0;0;4371551;2383175;616;0;2543801;0;0;0;0
FR;3;2021-06-28;655;29950;27;0;30144;0;0;0;0;4372206;2413125;643;0;2573945;0;0;0;0
FR;3;2021-06-29;856;56658;95;0;56902;0;0;0;0;4373062;2469783;738;0;2630847;0;0;0;0
FR;3;2021-06-30;905;45202;93;0;45470;0;0;0;0;4373967;2514985;831;0;2676317;0;0;0;0
FR;3;2021-07-01;1164;66123;108;0;66472;0;0;0;0;4375131;2581108;939;0;2742789;0;0;0;0
FR;3;2021-07-02;1305;90524;170;0;91005;0;0;0;0;4376436;2671632;1109;0;2833794;0;0;0;0
FR;3;2021-07-03;602;31183;51;0;31384;0;0;0;0;4377038;2702815;1160;0;2865178;0;0;0;0
FR;3;2021-07-04;144;3975;3;0;4005;0;0;0;0;4377182;2706790;1163;0;2869183;0;0;0;0
FR;3;2021-07-05;613;33606;60;0;33805;0;0;0;0;4377795;2740396;1223;0;2902988;0;0;0;0
FR;3;2021-07-06;965;55926;88;0;56238;0;0;0;0;4378760;2796322;1311;0;2959226;0;0;0;0
FR;3;2021-07-07;873;42965;80;0;43262;0;0;0;0;4379633;2839287;1391;0;3002488;0;0;0;0
FR;3;2021-07-08;1127;60819;99;0;61228;0;0;0;0;4380760;2900106;1490;0;3063716;0;0;0;0
FR;3;2021-07-09;1261;68935;128;0;69400;0;0;0;0;4382021;2969041;1618;0;3133116;0;0;0;0
FR;3;2021-07-10;644;25022;59;0;25219;0;0;0;0;4382665;2994063;1677;0;3158335;0;0;0;0
FR;3;2021-07-11;132;3172;4;0;3197;0;0;0;0;4382797;2997235;1681;0;3161532;0;0;0;0
FR;3;2021-07-12;662;23612;59;0;23825;0;0;0;0;4383459;3020847;1740;0;3185357;0;0;0;0
FR;3;2021-07-13;1648;34434;90;0;34924;0;0;0;0;4385107;3055281;1830;0;3220281;0;0;0;0
FR;3;2021-07-14;272;2472;2;0;2529;0;0;0;0;4385379;3057753;1832;0;3222810;0;0;0;0
FR;3;2021-07-15;1941;30421;85;0;30996;0;0;0;0;4387320;3088174;1917;0;3253806;0;0;0;0
FR;3;2021-07-16;2520;38621;122;0;39354;0;0;0;0;4389840;3126795;2039;0;3293160;0;0;0;0
FR;3;2021-07-17;1051;13724;26;0;14032;0;0;0;0;4390891;3140519;2065;0;3307192;0;0;0;0
FR;3;2021-07-18;266;2553;3;0;2601;0;0;0;0;4391157;3143072;2068;0;3309793;0;0;0;0
FR;3;2021-07-19;1280;16895;38;0;17263;0;0;0;0;4392437;3159967;2106;0;3327056;0;0;0;0
FR;3;2021-07-20;1823;26928;98;0;27470;0;0;0;0;4394260;3186895;2204;0;3354526;0;0;0;0
FR;3;2021-07-21;1652;19485;44;0;19990;0;0;0;0;4395912;3206380;2248;0;3374516;0;0;0;0
FR;3;2021-07-22;1856;27648;83;0;28213;0;0;0;0;4397768;3234028;2331;0;3402729;0;0;0;0
FR;3;2021-07-23;2217;30216;117;0;30953;0;0;0;0;4399985;3264244;2448;0;3433682;0;0;0;0
FR;3;2021-07-24;828;6931;25;0;7155;0;0;0;0;4400813;3271175;2473;0;3440837;0;0;0;0
FR;3;2021-07-25;210;1288;1;0;1343;0;0;0;0;4401023;3272463;2474;0;3442180;0;0;0;0
FR;3;2021-07-26;933;10509;28;0;10816;0;0;0;0;4401956;3282972;2502;0;3452996;0;0;0;0
FR;3;2021-07-27;1171;16798;56;0;17162;0;0;0;0;4403127;3299770;2558;0;3470158;0;0;0;0
FR;3;2021-07-28;989;12000;40;0;12312;0;0;0;0;4404116;3311770;2598;0;3482470;0;0;0;0
FR;3;2021-07-29;1127;15691;63;0;16104;0;0;0;0;4405243;3327461;2661;0;3498574;0;0;0;0
FR;3;2021-07-30;1129;17991;79;0;18365;0;0;0;0;4406372;3345452;2740;0;3516939;0;0;0;0
FR;3;2021-07-31;407;3708;15;0;3834;0;0;0;0;4406779;3349160;2755;0;3520773;0;0;0;0
FR;3;2021-08-01;117;446;1;0;468;0;0;0;0;4406896;3349606;2756;0;3521241;0;0;0;0
FR;3;2021-08-02;424;5021;22;0;5142;0;0;0;0;4407320;3354627;2778;0;3526383;0;0;0;0
FR;3;2021-08-03;498;7469;27;0;7603;0;0;0;0;4407818;3362096;2805;0;3533986;0;0;0;0
FR;3;2021-08-04;440;4833;26;0;4978;0;0;0;0;4408258;3366929;2831;0;3538964;0;0;0;0
FR;3;2021-08-05;433;3652;13;0;3762;0;0;0;0;4408691;3370581;2844;0;3542726;0;0;0;0
FR;3;2021-08-06;456;4698;30;0;4799;0;0;0;0;4409147;3375279;2874;0;3547525;0;0;0;0
FR;3;2021-08-07;214;1900;11;0;1946;0;0;0;0;4409361;3377179;2885;0;3549471;0;0;0;0
FR;3;2021-08-08;250;423;2;0;456;0;0;0;0;4409611;3377602;2887;0;3549927;0;0;0;0
FR;3;2021-08-09;320;2374;11;0;2444;0;0;0;0;4409931;3379976;2898;0;3552371;0;0;0;0
FR;3;2021-08-10;369;3741;15;0;3830;0;0;0;0;4410300;3383717;2913;0;3556201;0;0;0;0
FR;3;2021-08-11;291;2639;15;0;2699;0;0;0;0;4410591;3386356;2928;0;3558900;0;0;0;0
FR;3;2021-08-12;279;2565;13;0;2653;0;0;0;0;4410870;3388921;2941;0;3561553;0;0;0;0
FR;3;2021-08-13;278;2254;16;0;2339;0;0;0;0;4411148;3391175;2957;0;3563892;0;0;0;0
FR;3;2021-08-14;172;875;1;0;906;0;0;0;0;4411320;3392050;2958;0;3564798;0;0;0;0
FR;3;2021-08-15;56;173;0;0;182;0;0;0;0;4411376;3392223;2958;0;3564980;0;0;0;0
FR;3;2021-08-16;126;1008;8;0;1047;0;0;0;0;4411502;3393231;2966;0;3566027;0;0;0;0
FR;3;2021-08-17;191;1430;8;0;1471;0;0;0;0;4411693;3394661;2974;0;3567498;0;0;0;0
FR;3;2021-08-18;204;1310;10;0;1352;0;0;0;0;4411897;3395971;2984;0;3568850;0;0;0;0
FR;3;2021-08-19;165;1373;10;0;1420;0;0;0;0;4412062;3397344;2994;0;3570270;0;0;0;0
FR;3;2021-08-20;167;1594;16;0;1656;0;0;0;0;4412229;3398938;3010;0;3571926;0;0;0;0
FR;3;2021-08-21;93;579;2;0;594;0;0;0;0;4412322;3399517;3012;0;3572520;0;0;0;0
FR;3;2021-08-22;42;192;1;0;195;0;0;0;0;4412364;3399709;3013;0;3572715;0;0;0;0
FR;3;2021-08-23;141;880;7;0;925;0;0;0;0;4412505;3400589;3020;0;3573640;0;0;0;0
FR;3;2021-08-24;125;925;10;0;957;0;0;0;0;4412630;3401514;3030;0;3574597;0;0;0;0
FR;3;2021-08-25;137;820;3;0;849;0;0;0;0;4412767;3402334;3033;0;3575446;0;0;0;0
FR;3;2021-08-26;172;827;9;0;875;0;0;0;0;4412939;3403161;3042;0;3576321;0;0;0;0
FR;3;2021-08-27;178;937;9;0;989;0;0;0;0;4413117;3404098;3051;0;3577310;0;0;0;0
FR;3;2021-08-28;101;373;4;0;390;0;0;0;0;4413218;3404471;3055;0;3577700;0;0;0;0
FR;3;2021-08-29;128;129;1;0;162;0;0;0;0;4413346;3404600;3056;0;3577862;0;0;0;0
FR;3;2021-08-30;100;562;0;0;470;109;0;0;0;4413446;3405162;3056;0;3578332;109;0;0;0
FR;3;2021-08-31;134;685;7;0;589;135;0;0;0;4413580;3405847;3063;0;3578921;244;0;0;0
FR;3;2021-09-01;122;457;5;0;379;106;0;0;0;4413702;3406304;3068;0;3579300;350;0;0;0
FR;3;2021-09-02;100;595;22;0;531;105;0;0;0;4413802;3406899;3090;0;3579831;455;0;0;0
FR;3;2021-09-03;116;555;17;0;478;118;0;0;0;4413918;3407454;3107;0;3580309;573;0;0;0
FR;3;2021-09-04;55;293;3;0;254;50;0;0;0;4413973;3407747;3110;0;3580563;623;0;0;0
FR;3;2021-09-05;52;68;5;0;56;27;0;0;0;4414025;3407815;3115;0;3580619;650;0;0;0
FR;3;2021-09-06;118;366;4;0;260;130;0;0;0;4414143;3408181;3119;0;3580879;780;0;0;0
FR;3;2021-09-07;124;431;14;0;347;116;0;0;0;4414267;3408612;3133;0;3581226;896;0;0;0
FR;3;2021-09-08;122;342;2;0;272;87;0;0;0;4414389;3408954;3135;0;3581498;983;0;0;0
FR;3;2021-09-09;94;378;8;0;297;104;0;0;0;4414483;3409332;3143;0;3581795;1087;0;0;0
FR;3;2021-09-10;101;401;3;0;331;93;0;0;0;4414584;3409733;3146;0;3582126;1180;0;0;0
FR;3;2021-09-11;78;232;4;0;177;65;0;0;0;4414662;3409965;3150;0;3582303;1245;0;0;0
FR;3;2021-09-12;37;48;1;0;37;16;0;0;0;4414699;3410013;3151;0;3582340;1261;0;0;0
FR;3;2021-09-13;78;298;7;0;215;102;1;0;0;4414777;3410311;3158;0;3582555;1363;1;0;0
FR;3;2021-09-14;75;274;6;0;194;94;0;0;0;4414852;3410585;3164;0;3582749;1457;1;0;0
FR;3;2021-09-15;63;252;3;0;257;6;0;0;0;4414915;3410837;3167;0;3583006;1463;1;0;0
FR;3;2021-09-16;65;320;6;0;331;6;0;0;0;4414980;3411157;3173;0;3583337;1469;1;0;0
FR;3;2021-09-17;52;327;3;0;339;6;0;0;0;4415032;3411484;3176;0;3583676;1475;1;0;0
FR;3;2021-09-18;37;171;1;0;175;1;0;0;0;4415069;3411655;3177;0;3583851;1476;1;0;0
FR;3;2021-09-19;29;31;2;0;34;1;0;0;0;4415098;3411686;3179;0;3583885;1477;1;0;0
FR;3;2021-09-20;82;190;0;0;198;1;0;0;0;4415180;3411876;3179;0;3584083;1478;1;0;0
FR;3;2021-09-21;60;272;7;0;276;8;0;0;0;4415240;3412148;3186;0;3584359;1486;1;0;0
FR;3;2021-09-22;67;229;6;0;242;7;0;0;0;4415307;3412377;3192;0;3584601;1493;1;0;0
FR;3;2021-09-23;37;257;11;0;261;7;0;0;0;4415344;3412634;3203;0;3584862;1500;1;0;0
FR;3;2021-09-24;29;317;12;0;315;18;0;0;0;4415373;3412951;3215;0;3585177;1518;1;0;0
FR;3;2021-09-25;31;144;3;0;150;3;0;0;0;4415404;3413095;3218;0;3585327;1521;1;0;0
FR;3;2021-09-26;16;57;1;0;59;1;0;0;0;4415420;3413152;3219;0;3585386;1522;1;0;0
FR;3;2021-09-27;48;281;3;0;284;5;0;0;0;4415468;3413433;3222;0;3585670;1527;1;0;0
FR;3;2021-09-28;49;246;6;0;254;8;0;0;0;4415517;3413679;3228;0;3585924;1535;1;0;0
FR;3;2021-09-29;40;218;10;0;222;15;0;0;0;4415557;3413897;3238;0;3586146;1550;1;0;0
FR;3;2021-09-30;40;200;8;0;204;11;0;0;0;4415597;3414097;3246;0;3586350;1561;1;0;0
FR;3;2021-10-01;23;159;6;0;161;8;0;0;0;4415620;3414256;3252;0;3586511;1569;1;0;0
FR;3;2021-10-02;17;88;0;0;89;0;0;0;0;4415637;3414344;3252;0;3586600;1569;1;0;0
FR;3;2021-10-03;19;19;1;0;19;2;0;0;0;4415656;3414363;3253;0;3586619;1571;1;0;0
FR;3;2021-10-04;33;156;4;0;161;4;0;0;0;4415689;3414519;3257;0;3586780;1575;1;0;0
FR;3;2021-10-05;17;148;10;0;153;12;0;0;0;4415706;3414667;3267;0;3586933;1587;1;0;0
FR;3;2021-10-06;33;144;9;0;152;10;0;0;0;4415739;3414811;3276;0;3587085;1597;1;0;0
FR;3;2021-10-07;20;133;6;0;131;6;0;0;0;4415759;3414944;3282;0;3587216;1603;1;0;0
FR;3;2021-10-08;25;136;10;0;141;9;0;0;0;4415784;3415080;3292;0;3587357;1612;1;0;0
FR;3;2021-10-09;17;72;1;0;73;1;0;0;0;4415801;3415152;3293;0;3587430;1613;1;0;0
FR;3;2021-10-10;13;17;2;0;16;3;0;0;0;4415814;3415169;3295;0;3587446;1616;1;0;0
FR;3;2021-10-11;17;116;4;0;121;5;0;0;0;4415831;3415285;3299;0;3587567;1621;1;0;0
FR;3;2021-10-12;22;99;6;0;99;6;0;0;0;4415853;3415384;3305;0;3587666;1627;1;0;0
FR;3;2021-10-13;25;114;9;0;121;7;0;0;0;4415878;3415498;3314;0;3587787;1634;1;0;0
FR;3;2021-10-14;19;138;3;0;139;4;0;0;0;4415897;3415636;3317;0;3587926;1638;1;0;0
FR;3;2021-10-15;23;141;8;0;140;13;0;0;0;4415920;3415777;3325;0;3588066;1651;1;0;0
FR;3;2021-10-16;13;66;6;0;65;8;0;0;0;4415933;3415843;3331;0;3588131;1659;1;0;0
FR;3;2021-10-17;12;24;0;0;26;0;0;0;0;4415945;3415867;3331;0;3588157;1659;1;0;0
FR;3;2021-10-18;18;112;2;0;117;2;0;0;0;4415963;3415979;3333;0;3588274;1661;1;0;0
FR;3;2021-10-19;18;111;19;0;112;21;0;0;0;4415981;3416090;3352;0;3588386;1682;1;0;0
FR;3;2021-10-20;26;126;6;0;128;7;0;0;0;4416007;3416216;3358;0;3588514;1689;1;0;0
FR;3;2021-10-21;28;120;17;0;120;13;0;0;0;4416035;3416336;3375;0;3588634;1702;1;0;0
FR;3;2021-10-22;24;103;18;0;102;21;0;0;0;4416059;3416439;3393;0;3588736;1723;1;0;0
FR;3;2021-10-23;17;53;3;0;53;2;0;0;0;4416076;3416492;3396;0;3588789;1725;1;0;0
FR;3;2021-10-24;7;36;0;0;34;0;0;0;0;4416083;3416528;3396;0;3588823;1725;1;0;0
FR;3;2021-10-25;26;141;7;0;145;7;0;0;0;4416109;3416669;3403;0;3588968;1732;1;0;0
FR;3;2021-10-26;25;96;22;0;93;19;0;0;0;4416134;3416765;3425;0;3589061;1751;1;0;0
FR;3;2021-10-27;19;91;9;0;93;9;0;0;0;4416153;3416856;3434;0;3589154;1760;1;0;0
FR;3;2021-10-28;23;114;33;0;111;36;0;0;0;4416176;3416970;3467;0;3589265;1796;1;0;0
FR;3;2021-10-29;12;98;64;0;92;54;0;0;0;4416188;3417068;3531;0;3589357;1850;1;0;0
FR;3;2021-10-30;11;62;11;1;62;10;0;0;0;4416199;3417130;3542;1;3589419;1860;1;0;0
FR;3;2021-10-31;8;25;1;0;25;1;0;0;0;4416207;3417155;3543;1;3589444;1861;1;0;0
FR;3;2021-11-01;11;22;2;0;23;1;0;0;0;4416218;3417177;3545;1;3589467;1862;1;0;0
FR;3;2021-11-02;11;100;10;0;100;12;0;0;0;4416229;3417277;3555;1;3589567;1874;1;0;0
FR;3;2021-11-03;21;105;10;0;113;10;0;0;0;4416250;3417382;3565;1;3589680;1884;1;0;0
FR;3;2021-11-04;20;88;6;0;93;5;0;0;0;4416270;3417470;3571;1;3589773;1889;1;0;0
FR;3;2021-11-05;19;119;9;1;125;6;1;0;0;4416289;3417589;3580;2;3589898;1895;2;0;0
FR;3;2021-11-06;11;54;3;0;56;3;0;0;0;4416300;3417643;3583;2;3589954;1898;2;0;0
FR;3;2021-11-07;6;23;1;0;24;1;0;0;0;4416306;3417666;3584;2;3589978;1899;2;0;0
FR;3;2021-11-08;11;125;7;0;130;5;0;0;0;4416317;3417791;3591;2;3590108;1904;2;0;0
FR;3;2021-11-09;15;123;6;0;125;6;0;0;0;4416332;3417914;3597;2;3590233;1910;2;0;0
FR;3;2021-11-10;14;132;15;0;130;16;0;0;0;4416346;3418046;3612;2;3590363;1926;2;0;0
FR;3;2021-11-11;12;49;3;0;51;3;0;0;0;4416358;3418095;3615;2;3590414;1929;2;0;0
FR;3;2021-11-12;15;126;6;0;129;4;0;0;0;4416373;3418221;3621;2;3590543;1933;2;0;0
FR;3;2021-11-13;7;66;9;0;61;10;0;0;0;4416380;3418287;3630;2;3590604;1943;2;0;0
FR;3;2021-11-14;3;24;1;0;24;1;0;0;0;4416383;3418311;3631;2;3590628;1944;2;0;0
FR;3;2021-11-15;6;162;11;0;159;12;0;0;0;4416389;3418473;3642;2;3590787;1956;2;0;0
FR;3;2021-11-16;9;124;11;0;119;10;0;0;0;4416398;3418597;3653;2;3590906;1966;2;0;0
FR;3;2021-11-17;8;133;11;0;134;8;0;0;0;4416406;3418730;3664;2;3591040;1974;2;0;0
FR;3;2021-11-18;16;133;10;0;134;11;0;0;0;4416422;3418863;3674;2;3591174;1985;2;0;0
FR;3;2021-11-19;12;179;23;0;174;28;0;0;0;4416434;3419042;3697;2;3591348;2013;2;0;0
FR;3;2021-11-20;6;100;6;0;101;6;0;0;0;4416440;3419142;3703;2;3591449;2019;2;0;0
FR;3;2021-11-21;3;25;4;0;24;4;0;0;0;4416443;3419167;3707;2;3591473;2023;2;0;0
FR;3;2021-11-22;11;184;11;0;184;11;0;0;0;4416454;3419351;3718;2;3591657;2034;2;0;0
FR;3;2021-11-23;9;181;16;0;179;15;0;0;0;4416463;3419532;3734;2;3591836;2049;2;0;0
FR;3;2021-11-24;11;181;9;0;173;17;0;0;0;4416474;3419713;3743;2;3592009;2066;2;0;0
FR;3;2021-11-25;12;199;11;0;197;11;0;0;0;4416486;3419912;3754;2;3592206;2077;2;0;0
FR;3;2021-11-26;10;252;35;0;251;33;1;0;0;4416496;3420164;3789;2;3592457;2110;3;0;0
FR;3;2021-11-27;8;125;20;0;124;21;0;0;0;4416504;3420289;3809;2;3592581;2131;3;0;0
FR;3;2021-11-28;3;56;7;0;57;7;0;0;0;4416507;3420345;3816;2;3592638;2138;3;0;0
FR;3;2021-11-29;5;216;22;0;211;23;1;0;0;4416512;3420561;3838;2;3592849;2161;4;0;0
FR;3;2021-11-30;9;285;30;0;284;33;0;0;0;4416521;3420846;3868;2;3593133;2194;4;0;0
FR;3;2021-12-01;30;318;38;0;316;40;2;0;0;4416551;3421164;3906;2;3593449;2234;6;0;0
FR;3;2021-12-02;9;342;33;0;338;36;0;0;0;4416560;3421506;3939;2;3593787;2270;6;0;0
FR;3;2021-12-03;6;368;37;0;364;38;0;0;0;4416566;3421874;3976;2;3594151;2308;6;0;0
FR;3;2021-12-04;3;205;26;0;201;28;0;0;0;4416569;3422079;4002;2;3594352;2336;6;0;0
FR;3;2021-12-05;1;61;5;0;61;5;0;0;0;4416570;3422140;4007;2;3594413;2341;6;0;0
FR;3;2021-12-06;7;359;14;0;358;15;0;0;0;4416577;3422499;4021;2;3594771;2356;6;0;0
FR;3;2021-12-07;6;414;20;0;408;24;1;0;0;4416583;3422913;4041;2;3595179;2380;7;0;0
FR;3;2021-12-08;8;382;29;0;374;30;1;0;0;4416591;3423295;4070;2;3595553;2410;8;0;0
FR;3;2021-12-09;3;427;17;0;414;22;1;0;0;4416594;3423722;4087;2;3595967;2432;9;0;0
FR;3;2021-12-10;10;444;29;0;441;25;0;0;0;4416604;3424166;4116;2;3596408;2457;9;0;0
FR;3;2021-12-11;4;300;10;0;297;9;2;0;0;4416608;3424466;4126;2;3596705;2466;11;0;0
FR;3;2021-12-12;1;96;3;0;96;3;0;0;0;4416609;3424562;4129;2;3596801;2469;11;0;0
FR;3;2021-12-13;2;438;19;0;432;21;0;0;0;4416611;3425000;4148;2;3597233;2490;11;0;0
FR;3;2021-12-14;8;552;18;0;540;21;1;0;0;4416619;3425552;4166;2;3597773;2511;12;0;0
FR;3;2021-12-15;10;525;17;0;512;21;0;0;0;4416629;3426077;4183;2;3598285;2532;12;0;0
FR;3;2021-12-16;10;534;19;0;528;18;3;0;0;4416639;3426611;4202;2;3598813;2550;15;0;0
FR;3;2021-12-17;5;597;18;0;593;19;0;0;0;4416644;3427208;4220;2;3599406;2569;15;0;0
FR;3;2021-12-18;5;348;4;0;342;5;1;0;0;4416649;3427556;4224;2;3599748;2574;16;0;0
FR;3;2021-12-19;3;176;2;0;174;2;0;0;0;4416652;3427732;4226;2;3599922;2576;16;0;0
FR;3;2021-12-20;10;568;23;0;562;28;0;0;0;4416662;3428300;4249;2;3600484;2604;16;0;0
FR;3;2021-12-21;5;665;10;0;657;13;2;0;0;4416667;3428965;4259;2;3601141;2617;18;0;0
FR;3;2021-12-22;10;618;9;0;612;10;1;0;0;4416677;3429583;4268;2;3601753;2627;19;0;0
FR;3;2021-12-23;4;543;8;0;541;8;0;0;0;4416681;3430126;4276;2;3602294;2635;19;0;0
FR;3;2021-12-24;2;233;3;0;228;6;0;0;0;4416683;3430359;4279;2;3602522;2641;19;0;0
FR;3;2021-12-25;0;24;0;0;24;0;0;0;0;4416683;3430383;4279;2;3602546;2641;19;0;0
FR;3;2021-12-26;0;87;1;0;87;1;0;0;0;4416683;3430470;4280;2;3602633;2642;19;0;0
FR;3;2021-12-27;7;460;17;0;457;20;1;0;0;4416690;3430930;4297;2;3603090;2662;20;0;0
FR;3;2021-12-28;3;578;6;0;577;5;0;0;0;4416693;3431508;4303;2;3603667;2667;20;0;0
FR;3;2021-12-29;5;493;14;0;488;16;0;0;0;4416698;3432001;4317;2;3604155;2683;20;0;0
FR;3;2021-12-30;3;520;7;0;513;10;2;0;0;4416701;3432521;4324;2;3604668;2693;22;0;0
FR;3;2021-12-31;0;182;5;0;178;7;0;0;0;4416701;3432703;4329;2;3604846;2700;22;0;0
FR;3;2022-01-01;0;26;0;0;24;2;0;0;0;4416701;3432729;4329;2;3604870;2702;22;0;0
FR;3;2022-01-02;0;77;0;0;77;0;0;0;0;4416701;3432806;4329;2;3604947;2702;22;0;0
FR;3;2022-01-03;5;490;17;0;480;21;3;0;0;4416706;3433296;4346;2;3605427;2723;25;0;0
FR;3;2022-01-04;7;543;9;0;542;8;0;0;0;4416713;3433839;4355;2;3605969;2731;25;0;0
FR;3;2022-01-05;5;493;10;0;485;14;1;0;0;4416718;3434332;4365;2;3606454;2745;26;0;0
FR;3;2022-01-06;6;466;9;0;461;10;1;0;0;4416724;3434798;4374;2;3606915;2755;27;0;0
FR;3;2022-01-07;2;490;11;0;484;13;1;0;1;4416726;3435288;4385;2;3607399;2768;28;0;1
FR;3;2022-01-08;6;252;4;0;249;5;0;0;0;4416732;3435540;4389;2;3607648;2773;28;0;1
FR;3;2022-01-09;0;116;0;0;116;0;0;0;0;4416732;3435656;4389;2;3607764;2773;28;0;1
FR;3;2022-01-10;2;423;12;0;421;12;0;0;0;4416734;3436079;4401;2;3608185;2785;28;0;1
FR;3;2022-01-11;3;459;1;0;458;1;0;0;0;4416737;3436538;4402;2;3608643;2786;28;0;1
FR;3;2022-01-12;4;395;9;0;392;10;2;0;0;4416741;3436933;4411;2;3609035;2796;30;0;1
FR;3;2022-01-13;3;386;11;0;384;12;1;0;0;4416744;3437319;4422;2;3609419;2808;31;0;1
FR;3;2022-01-14;4;422;10;0;416;13;1;0;0;4416748;3437741;4432;2;3609835;2821;32;0;1
FR;3;2022-01-15;0;278;2;0;274;3;0;0;0;4416748;3438019;4434;2;3610109;2824;32;0;1
FR;3;2022-01-16;1;108;1;0;106;1;1;0;0;4416749;3438127;4435;2;3610215;2825;33;0;1
FR;3;2022-01-17;2;321;8;0;318;9;1;0;0;4416751;3438448;4443;2;3610533;2834;34;0;1
FR;3;2022-01-18;2;362;1;0;358;2;1;0;0;4416753;3438810;4444;2;3610891;2836;35;0;1
FR;3;2022-01-19;2;322;5;0;316;10;0;0;0;4416755;3439132;4449;2;3611207;2846;35;0;1
FR;3;2022-01-20;1;351;5;0;350;3;2;0;0;4416756;3439483;4454;2;3611557;2849;37;0;1
FR;3;2022-01-21;4;340;5;0;334;7;2;0;0;4416760;3439823;4459;2;3611891;2856;39;0;1
FR;3;2022-01-22;2;220;1;0;216;2;3;0;0;4416762;3440043;4460;2;3612107;2858;42;0;1
FR;3;2022-01-23;0;78;0;0;76;1;1;0;0;4416762;3440121;4460;2;3612183;2859;43;0;1
FR;3;2022-01-24;2;318;1;0;310;6;2;0;0;4416764;3440439;4461;2;3612493;2865;45;0;1
FR;3;2022-01-25;0;173;0;0;170;0;1;0;0;4416764;3440612;4461;2;3612663;2865;46;0;1
FR;3;2022-01-26;0;77;0;0;77;0;0;0;0;4416764;3440689;4461;2;3612740;2865;46;0;1
FR;3;2022-01-27;0;52;0;0;52;0;0;0;0;4416764;3440741;4461;2;3612792;2865;46;0;1
FR;3;2022-01-28;0;116;0;0;115;0;0;0;0;4416764;3440857;4461;2;3612907;2865;46;0;1
FR;3;2022-01-29;0;97;0;0;97;0;0;0;0;4416764;3440954;4461;2;3613004;2865;46;0;1
FR;3;2022-01-30;0;50;0;0;50;0;0;0;0;4416764;3441004;4461;2;3613054;2865;46;0;1
FR;3;2022-01-31;0;91;0;0;91;0;0;0;0;4416764;3441095;4461;2;3613145;2865;46;0;1
FR;3;2022-02-01;0;98;0;0;96;1;0;0;0;4416764;3441193;4461;2;3613241;2866;46;0;1
FR;3;2022-02-02;0;85;0;0;83;0;0;0;0;4416764;3441278;4461;2;3613324;2866;46;0;1
FR;3;2022-02-03;0;91;0;0;89;0;0;0;0;4416764;3441369;4461;2;3613413;2866;46;0;1
FR;3;2022-02-04;0;113;0;0;110;0;1;0;0;4416764;3441482;4461;2;3613523;2866;47;0;1
FR;3;2022-02-05;0;70;0;0;70;0;0;0;0;4416764;3441552;4461;2;3613593;2866;47;0;1
FR;3;2022-02-06;0;10;0;0;10;0;0;0;0;4416764;3441562;4461;2;3613603;2866;47;0;1
FR;3;2022-02-07;0;76;0;0;76;0;0;0;0;4416764;3441638;4461;2;3613679;2866;47;0;1
FR;3;2022-02-08;0;0;0;0;0;0;0;0;0;4416764;3441638;4461;2;3613679;2866;47;0;1
FR;3;2022-02-09;0;0;0;0;0;0;0;0;0;4416764;3441638;4461;2;3613679;2866;47;0;1
FR;3;2022-02-10;0;0;0;0;0;0;0;0;0;4416764;3441638;4461;2;3613679;2866;47;0;1
FR;3;2022-02-11;0;0;0;0;0;0;0;0;0;4416764;3441638;4461;2;3613679;2866;47;0;1
FR;3;2022-02-12;0;0;0;0;0;0;0;0;0;4416764;3441638;4461;2;3613679;2866;47;0;1
FR;3;2022-02-13;0;0;0;0;0;0;0;0;0;4416764;3441638;4461;2;3613679;2866;47;0;1
FR;3;2022-02-14;0;0;0;0;0;0;0;0;0;4416764;3441638;4461;2;3613679;2866;47;0;1
FR;3;2022-02-15;0;0;0;0;0;0;0;0;0;4416764;3441638;4461;2;3613679;2866;47;0;1
FR;3;2022-02-16;0;0;0;0;0;0;0;0;0;4416764;3441638;4461;2;3613679;2866;47;0;1
FR;3;2022-02-17;0;0;0;0;0;0;0;0;0;4416764;3441638;4461;2;3613679;2866;47;0;1
FR;3;2022-02-18;0;0;0;0;0;0;0;0;0;4416764;3441638;4461;2;3613679;2866;47;0;1
FR;3;2022-02-19;0;0;0;0;0;0;0;0;0;4416764;3441638;4461;2;3613679;2866;47;0;1
FR;3;2022-02-20;0;0;0;0;0;0;0;0;0;4416764;3441638;4461;2;3613679;2866;47;0;1
FR;3;2022-02-21;2;0;0;0;0;0;0;0;0;4416766;3441638;4461;2;3613679;2866;47;0;1
FR;3;2022-02-22;0;0;0;0;0;0;0;0;0;4416766;3441638;4461;2;3613679;2866;47;0;1
FR;3;2022-02-23;0;0;0;0;0;0;0;0;0;4416766;3441638;4461;2;3613679;2866;47;0;1
FR;3;2022-02-24;0;0;0;0;0;0;0;0;0;4416766;3441638;4461;2;3613679;2866;47;0;1
FR;3;2022-02-25;0;0;0;0;0;0;0;0;0;4416766;3441638;4461;2;3613679;2866;47;0;1
FR;3;2022-02-26;0;0;0;0;0;0;0;0;0;4416766;3441638;4461;2;3613679;2866;47;0;1
FR;3;2022-02-27;0;0;0;0;0;0;0;0;0;4416766;3441638;4461;2;3613679;2866;47;0;1
FR;3;2022-02-28;1;0;0;0;0;0;0;0;0;4416767;3441638;4461;2;3613679;2866;47;0;1
FR;3;2022-03-01;1;0;0;0;0;0;0;0;0;4416768;3441638;4461;2;3613679;2866;47;0;1
FR;3;2022-03-02;0;0;0;0;0;0;0;0;0;4416768;3441638;4461;2;3613679;2866;47;0;1
FR;3;2022-03-03;0;0;0;0;0;0;0;0;0;4416768;3441638;4461;2;3613679;2866;47;0;1
FR;3;2022-03-04;0;0;0;0;0;0;0;0;0;4416768;3441638;4461;2;3613679;2866;47;0;1
FR;3;2022-03-05;0;0;0;0;0;0;0;0;0;4416768;3441638;4461;2;3613679;2866;47;0;1
FR;3;2022-03-06;1;0;0;0;0;0;0;0;0;4416769;3441638;4461;2;3613679;2866;47;0;1
FR;3;2022-03-07;0;0;0;0;0;0;0;0;0;4416769;3441638;4461;2;3613679;2866;47;0;1
FR;3;2022-03-08;1;0;0;0;0;0;0;0;0;4416770;3441638;4461;2;3613679;2866;47;0;1
FR;3;2022-03-09;0;0;0;0;0;0;0;0;0;4416770;3441638;4461;2;3613679;2866;47;0;1
FR;3;2022-03-10;0;0;0;0;0;0;0;0;0;4416770;3441638;4461;2;3613679;2866;47;0;1
FR;3;2022-03-11;0;0;0;0;0;0;0;0;0;4416770;3441638;4461;2;3613679;2866;47;0;1
FR;3;2022-03-12;0;0;0;0;0;0;0;0;0;4416770;3441638;4461;2;3613679;2866;47;0;1
FR;3;2022-03-13;0;0;0;0;0;0;0;0;0;4416770;3441638;4461;2;3613679;2866;47;0;1
FR;3;2022-03-14;0;0;0;0;0;0;0;0;0;4416770;3441638;4461;2;3613679;2866;47;0;1
FR;3;2022-03-15;0;0;0;0;0;0;0;0;0;4416770;3441638;4461;2;3613679;2866;47;0;1
FR;3;2022-03-16;0;0;0;0;0;0;0;0;0;4416770;3441638;4461;2;3613679;2866;47;0;1
FR;3;2022-03-17;0;0;0;0;0;0;0;0;0;4416770;3441638;4461;2;3613679;2866;47;0;1
FR;3;2022-03-18;0;0;0;0;0;0;0;0;0;4416770;3441638;4461;2;3613679;2866;47;0;1
FR;3;2022-03-19;0;0;0;0;0;0;0;0;0;4416770;3441638;4461;2;3613679;2866;47;0;1
FR;3;2022-03-20;1;0;0;0;0;0;0;0;0;4416771;3441638;4461;2;3613679;2866;47;0;1
FR;3;2022-03-21;0;0;0;0;0;0;0;0;0;4416771;3441638;4461;2;3613679;2866;47;0;1
FR;3;2022-03-22;0;0;0;0;0;0;0;0;0;4416771;3441638;4461;2;3613679;2866;47;0;1
FR;3;2022-03-23;1;0;0;0;0;0;0;0;0;4416772;3441638;4461;2;3613679;2866;47;0;1
FR;3;2022-03-24;0;0;0;0;0;0;0;0;0;4416772;3441638;4461;2;3613679;2866;47;0;1
FR;3;2022-03-25;1;0;0;0;0;0;0;0;0;4416773;3441638;4461;2;3613679;2866;47;0;1
FR;3;2022-03-26;0;0;0;0;0;0;0;0;0;4416773;3441638;4461;2;3613679;2866;47;0;1
FR;3;2022-03-27;0;0;0;0;0;0;0;0;0;4416773;3441638;4461;2;3613679;2866;47;0;1
FR;3;2022-03-28;0;0;0;0;0;0;0;0;0;4416773;3441638;4461;2;3613679;2866;47;0;1
FR;3;2022-03-29;0;0;0;0;0;0;0;0;0;4416773;3441638;4461;2;3613679;2866;47;0;1
FR;3;2022-03-30;0;0;0;0;0;0;0;0;0;4416773;3441638;4461;2;3613679;2866;47;0;1
FR;3;2022-03-31;0;0;0;0;0;0;0;0;0;4416773;3441638;4461;2;3613679;2866;47;0;1
FR;3;2022-04-01;0;0;0;0;0;0;0;0;0;4416773;3441638;4461;2;3613679;2866;47;0;1
FR;3;2022-04-02;0;0;0;0;0;0;0;0;0;4416773;3441638;4461;2;3613679;2866;47;0;1
FR;3;2022-04-03;0;0;0;0;0;0;0;0;0;4416773;3441638;4461;2;3613679;2866;47;0;1
FR;3;2022-04-04;0;0;0;0;0;0;0;0;0;4416773;3441638;4461;2;3613679;2866;47;0;1
FR;3;2022-04-05;0;0;0;0;0;0;0;0;0;4416773;3441638;4461;2;3613679;2866;47;0;1
FR;3;2022-04-06;0;0;0;0;0;0;0;0;0;4416773;3441638;4461;2;3613679;2866;47;0;1
FR;3;2022-04-07;0;0;0;0;0;0;0;0;0;4416773;3441638;4461;2;3613679;2866;47;0;1
FR;3;2022-04-08;0;0;0;0;0;0;0;0;0;4416773;3441638;4461;2;3613679;2866;47;0;1
FR;3;2022-04-09;0;0;0;0;0;0;0;0;0;4416773;3441638;4461;2;3613679;2866;47;0;1
FR;3;2022-04-10;0;0;0;0;0;0;0;0;0;4416773;3441638;4461;2;3613679;2866;47;0;1
FR;3;2022-04-11;0;0;0;0;0;0;0;0;0;4416773;3441638;4461;2;3613679;2866;47;0;1
FR;3;2022-04-12;0;0;0;0;0;0;0;0;0;4416773;3441638;4461;2;3613679;2866;47;0;1
FR;3;2022-04-13;0;0;0;0;0;0;0;0;0;4416773;3441638;4461;2;3613679;2866;47;0;1
FR;3;2022-04-14;0;0;0;0;0;0;0;0;0;4416773;3441638;4461;2;3613679;2866;47;0;1
FR;3;2022-04-15;1;0;0;0;0;0;0;0;0;4416774;3441638;4461;2;3613679;2866;47;0;1
FR;3;2022-04-16;0;0;0;0;0;0;0;0;0;4416774;3441638;4461;2;3613679;2866;47;0;1
FR;3;2022-04-17;0;0;0;0;0;0;0;0;0;4416774;3441638;4461;2;3613679;2866;47;0;1
FR;3;2022-04-18;0;0;0;0;0;0;0;0;0;4416774;3441638;4461;2;3613679;2866;47;0;1
FR;3;2022-04-19;0;0;0;0;0;0;0;0;0;4416774;3441638;4461;2;3613679;2866;47;0;1
FR;3;2022-04-20;0;0;0;0;0;0;0;0;0;4416774;3441638;4461;2;3613679;2866;47;0;1
FR;3;2022-04-21;0;0;0;0;0;0;0;0;0;4416774;3441638;4461;2;3613679;2866;47;0;1
FR;3;2022-04-22;0;0;0;0;0;0;0;0;0;4416774;3441638;4461;2;3613679;2866;47;0;1
FR;3;2022-04-23;0;0;0;0;0;0;0;0;0;4416774;3441638;4461;2;3613679;2866;47;0;1
FR;3;2022-04-24;0;0;0;0;0;0;0;0;0;4416774;3441638;4461;2;3613679;2866;47;0;1
FR;3;2022-04-25;0;0;0;0;0;0;0;0;0;4416774;3441638;4461;2;3613679;2866;47;0;1
FR;3;2022-04-26;0;0;0;0;0;0;0;0;0;4416774;3441638;4461;2;3613679;2866;47;0;1
FR;3;2022-04-27;0;0;0;0;0;0;0;0;0;4416774;3441638;4461;2;3613679;2866;47;0;1
FR;3;2022-04-28;0;0;0;0;0;0;0;0;0;4416774;3441638;4461;2;3613679;2866;47;0;1
FR;3;2022-04-29;0;0;0;0;0;0;0;0;0;4416774;3441638;4461;2;3613679;2866;47;0;1
FR;3;2022-04-30;0;0;0;0;0;0;0;0;0;4416774;3441638;4461;2;3613679;2866;47;0;1
FR;3;2022-05-01;0;0;0;0;0;0;0;0;0;4416774;3441638;4461;2;3613679;2866;47;0;1
FR;3;2022-05-02;0;0;0;0;0;0;0;0;0;4416774;3441638;4461;2;3613679;2866;47;0;1
FR;3;2022-05-03;0;0;0;0;0;0;0;0;0;4416774;3441638;4461;2;3613679;2866;47;0;1
FR;3;2022-05-04;0;0;0;0;0;0;0;0;0;4416774;3441638;4461;2;3613679;2866;47;0;1
FR;3;2022-05-05;0;0;0;0;0;0;0;0;0;4416774;3441638;4461;2;3613679;2866;47;0;1
FR;3;2022-05-06;0;0;0;0;0;0;0;0;0;4416774;3441638;4461;2;3613679;2866;47;0;1
FR;3;2022-05-07;0;0;0;0;0;0;0;0;0;4416774;3441638;4461;2;3613679;2866;47;0;1
FR;3;2022-05-08;0;0;0;0;0;0;0;0;0;4416774;3441638;4461;2;3613679;2866;47;0;1
FR;3;2022-05-09;0;0;0;0;0;0;0;0;0;4416774;3441638;4461;2;3613679;2866;47;0;1
FR;3;2022-05-10;0;0;0;0;0;0;0;0;0;4416774;3441638;4461;2;3613679;2866;47;0;1
FR;3;2022-05-11;0;0;0;0;0;0;0;0;0;4416774;3441638;4461;2;3613679;2866;47;0;1
FR;3;2022-05-12;0;0;0;0;0;0;0;0;0;4416774;3441638;4461;2;3613679;2866;47;0;1
FR;3;2022-05-13;0;0;0;0;0;0;0;0;0;4416774;3441638;4461;2;3613679;2866;47;0;1
FR;3;2022-05-14;1;0;0;0;0;0;0;0;0;4416775;3441638;4461;2;3613679;2866;47;0;1
FR;3;2022-05-15;0;0;0;0;0;0;0;0;0;4416775;3441638;4461;2;3613679;2866;47;0;1
FR;3;2022-05-16;0;0;0;0;0;0;0;0;0;4416775;3441638;4461;2;3613679;2866;47;0;1
FR;3;2022-05-17;0;0;0;0;0;0;0;0;0;4416775;3441638;4461;2;3613679;2866;47;0;1
FR;3;2022-05-18;0;0;0;0;0;0;0;0;0;4416775;3441638;4461;2;3613679;2866;47;0;1
FR;3;2022-05-19;0;0;0;0;0;0;0;0;0;4416775;3441638;4461;2;3613679;2866;47;0;1
FR;3;2022-05-20;0;0;0;0;0;0;0;0;0;4416775;3441638;4461;2;3613679;2866;47;0;1
FR;3;2022-05-21;0;0;0;0;0;0;0;0;0;4416775;3441638;4461;2;3613679;2866;47;0;1
FR;3;2022-05-22;0;0;0;0;0;0;0;0;0;4416775;3441638;4461;2;3613679;2866;47;0;1
FR;3;2022-05-23;0;0;0;0;0;0;0;0;0;4416775;3441638;4461;2;3613679;2866;47;0;1
FR;3;2022-05-24;0;0;0;0;0;0;0;0;0;4416775;3441638;4461;2;3613679;2866;47;0;1
FR;3;2022-05-25;0;0;0;0;0;0;0;0;0;4416775;3441638;4461;2;3613679;2866;47;0;1
FR;3;2022-05-26;0;0;0;0;0;0;0;0;0;4416775;3441638;4461;2;3613679;2866;47;0;1
FR;3;2022-05-27;0;0;0;0;0;0;0;0;0;4416775;3441638;4461;2;3613679;2866;47;0;1
FR;3;2022-05-28;0;0;0;0;0;0;0;0;0;4416775;3441638;4461;2;3613679;2866;47;0;1
FR;3;2022-05-29;0;0;0;0;0;0;0;0;0;4416775;3441638;4461;2;3613679;2866;47;0;1
FR;3;2022-05-30;0;0;0;0;0;0;0;0;0;4416775;3441638;4461;2;3613679;2866;47;0;1
FR;3;2022-05-31;0;0;0;0;0;0;0;0;0;4416775;3441638;4461;2;3613679;2866;47;0;1
FR;3;2022-06-01;0;0;0;0;0;0;0;0;0;4416775;3441638;4461;2;3613679;2866;47;0;1
FR;3;2022-06-02;0;0;0;0;0;0;0;0;0;4416775;3441638;4461;2;3613679;2866;47;0;1
FR;3;2022-06-03;0;0;0;0;0;0;0;0;0;4416775;3441638;4461;2;3613679;2866;47;0;1
FR;3;2022-06-04;0;0;0;0;0;0;0;0;0;4416775;3441638;4461;2;3613679;2866;47;0;1
FR;3;2022-06-05;0;0;0;0;0;0;0;0;0;4416775;3441638;4461;2;3613679;2866;47;0;1
FR;3;2022-06-06;0;0;0;0;0;0;0;0;0;4416775;3441638;4461;2;3613679;2866;47;0;1
FR;3;2022-06-07;0;0;0;0;0;0;0;0;0;4416775;3441638;4461;2;3613679;2866;47;0;1
FR;3;2022-06-08;0;0;0;0;0;0;0;0;0;4416775;3441638;4461;2;3613679;2866;47;0;1
FR;3;2022-06-09;0;0;0;0;0;0;0;0;0;4416775;3441638;4461;2;3613679;2866;47;0;1
FR;3;2022-06-10;0;0;0;0;0;0;0;0;0;4416775;3441638;4461;2;3613679;2866;47;0;1
FR;3;2022-06-11;0;0;0;0;0;0;0;0;0;4416775;3441638;4461;2;3613679;2866;47;0;1
FR;3;2022-06-12;0;0;0;0;0;0;0;0;0;4416775;3441638;4461;2;3613679;2866;47;0;1
FR;3;2022-06-13;1;0;0;0;0;0;0;0;0;4416776;3441638;4461;2;3613679;2866;47;0;1
FR;3;2022-06-14;0;0;0;0;0;0;0;0;0;4416776;3441638;4461;2;3613679;2866;47;0;1
FR;3;2022-06-15;0;0;0;0;0;0;0;0;0;4416776;3441638;4461;2;3613679;2866;47;0;1
FR;3;2022-06-16;0;0;0;0;0;0;0;0;0;4416776;3441638;4461;2;3613679;2866;47;0;1
FR;3;2022-06-17;0;0;0;0;0;0;0;0;0;4416776;3441638;4461;2;3613679;2866;47;0;1
FR;3;2022-06-18;0;0;0;0;0;0;0;0;0;4416776;3441638;4461;2;3613679;2866;47;0;1
FR;3;2022-06-19;0;0;0;0;0;0;0;0;0;4416776;3441638;4461;2;3613679;2866;47;0;1
FR;3;2022-06-20;0;0;0;0;0;0;0;0;0;4416776;3441638;4461;2;3613679;2866;47;0;1
FR;3;2022-06-21;0;0;0;0;0;0;0;0;0;4416776;3441638;4461;2;3613679;2866;47;0;1
FR;3;2022-06-22;0;0;0;0;0;0;0;0;0;4416776;3441638;4461;2;3613679;2866;47;0;1
FR;3;2022-06-23;0;0;0;0;0;0;0;0;0;4416776;3441638;4461;2;3613679;2866;47;0;1
FR;3;2022-06-24;0;0;0;0;0;0;0;0;0;4416776;3441638;4461;2;3613679;2866;47;0;1
FR;3;2022-06-25;0;0;0;0;0;0;0;0;0;4416776;3441638;4461;2;3613679;2866;47;0;1
FR;3;2022-06-26;0;0;0;0;0;0;0;0;0;4416776;3441638;4461;2;3613679;2866;47;0;1
FR;3;2022-06-27;0;0;0;0;0;0;0;0;0;4416776;3441638;4461;2;3613679;2866;47;0;1
FR;3;2022-06-28;0;0;0;0;0;0;0;0;0;4416776;3441638;4461;2;3613679;2866;47;0;1
FR;3;2022-06-29;1;0;0;0;0;0;0;0;0;4416777;3441638;4461;2;3613679;2866;47;0;1
FR;3;2022-06-30;0;0;0;0;0;0;0;0;0;4416777;3441638;4461;2;3613679;2866;47;0;1
FR;3;2022-07-01;0;0;0;0;0;0;0;0;0;4416777;3441638;4461;2;3613679;2866;47;0;1
FR;3;2022-07-02;0;0;0;0;0;0;0;0;0;4416777;3441638;4461;2;3613679;2866;47;0;1
FR;3;2022-07-03;0;0;0;0;0;0;0;0;0;4416777;3441638;4461;2;3613679;2866;47;0;1
FR;3;2022-07-04;0;0;0;0;0;0;0;0;0;4416777;3441638;4461;2;3613679;2866;47;0;1
FR;3;2022-07-05;0;0;0;0;0;0;0;0;0;4416777;3441638;4461;2;3613679;2866;47;0;1
FR;3;2022-07-06;0;0;0;0;0;0;0;0;0;4416777;3441638;4461;2;3613679;2866;47;0;1
FR;3;2022-07-07;0;0;0;0;0;0;0;0;0;4416777;3441638;4461;2;3613679;2866;47;0;1
FR;3;2022-07-08;0;0;0;0;0;0;0;0;0;4416777;3441638;4461;2;3613679;2866;47;0;1
FR;3;2022-07-09;0;0;0;0;0;0;0;0;0;4416777;3441638;4461;2;3613679;2866;47;0;1
FR;3;2022-07-10;0;0;0;0;0;0;0;0;0;4416777;3441638;4461;2;3613679;2866;47;0;1
FR;3;2022-07-11;0;0;0;0;0;0;0;0;0;4416777;3441638;4461;2;3613679;2866;47;0;1
FR;3;2022-07-12;0;0;0;0;0;0;0;0;0;4416777;3441638;4461;2;3613679;2866;47;0;1
FR;3;2022-07-13;0;0;0;0;0;0;0;0;0;4416777;3441638;4461;2;3613679;2866;47;0;1
FR;3;2022-07-14;0;0;0;0;0;0;0;0;0;4416777;3441638;4461;2;3613679;2866;47;0;1
FR;3;2022-07-15;0;0;0;0;0;0;0;0;0;4416777;3441638;4461;2;3613679;2866;47;0;1
FR;3;2022-07-16;0;0;0;0;0;0;0;0;0;4416777;3441638;4461;2;3613679;2866;47;0;1
FR;3;2022-07-17;0;0;0;0;0;0;0;0;0;4416777;3441638;4461;2;3613679;2866;47;0;1
FR;3;2022-07-18;0;0;0;0;0;0;0;0;0;4416777;3441638;4461;2;3613679;2866;47;0;1
FR;3;2022-07-19;0;0;0;0;0;0;0;0;0;4416777;3441638;4461;2;3613679;2866;47;0;1
FR;3;2022-07-20;0;0;0;0;0;0;0;0;0;4416777;3441638;4461;2;3613679;2866;47;0;1
FR;3;2022-07-21;0;0;0;0;0;0;0;0;0;4416777;3441638;4461;2;3613679;2866;47;0;1
FR;3;2022-07-22;0;0;0;0;0;0;0;0;0;4416777;3441638;4461;2;3613679;2866;47;0;1
FR;3;2022-07-23;0;0;0;0;0;0;0;0;0;4416777;3441638;4461;2;3613679;2866;47;0;1
FR;3;2022-07-24;0;0;0;0;0;0;0;0;0;4416777;3441638;4461;2;3613679;2866;47;0;1
FR;3;2022-07-25;0;0;0;0;0;0;0;0;0;4416777;3441638;4461;2;3613679;2866;47;0;1
FR;3;2022-07-26;0;0;0;0;0;0;0;0;0;4416777;3441638;4461;2;3613679;2866;47;0;1
FR;3;2022-07-27;0;0;0;0;0;0;0;0;0;4416777;3441638;4461;2;3613679;2866;47;0;1
FR;3;2022-07-28;0;0;0;0;0;0;0;0;0;4416777;3441638;4461;2;3613679;2866;47;0;1
FR;3;2022-07-29;0;0;0;0;0;0;0;0;0;4416777;3441638;4461;2;3613679;2866;47;0;1
FR;3;2022-07-30;0;0;0;0;0;0;0;0;0;4416777;3441638;4461;2;3613679;2866;47;0;1
FR;3;2022-07-31;0;0;0;0;0;0;0;0;0;4416777;3441638;4461;2;3613679;2866;47;0;1
FR;3;2022-08-01;0;0;0;0;0;0;0;0;0;4416777;3441638;4461;2;3613679;2866;47;0;1
FR;3;2022-08-02;0;0;0;0;0;0;0;0;0;4416777;3441638;4461;2;3613679;2866;47;0;1
FR;3;2022-08-03;0;0;0;0;0;0;0;0;0;4416777;3441638;4461;2;3613679;2866;47;0;1
FR;3;2022-08-04;0;0;0;0;0;0;0;0;0;4416777;3441638;4461;2;3613679;2866;47;0;1
FR;3;2022-08-05;0;0;0;0;0;0;0;0;0;4416777;3441638;4461;2;3613679;2866;47;0;1
FR;3;2022-08-06;0;0;0;0;0;0;0;0;0;4416777;3441638;4461;2;3613679;2866;47;0;1
FR;3;2022-08-07;0;0;0;0;0;0;0;0;0;4416777;3441638;4461;2;3613679;2866;47;0;1
FR;3;2022-08-08;0;0;0;0;0;0;0;0;0;4416777;3441638;4461;2;3613679;2866;47;0;1
FR;3;2022-08-09;0;0;0;0;0;0;0;0;0;4416777;3441638;4461;2;3613679;2866;47;0;1
FR;3;2022-08-10;0;0;0;0;0;0;0;0;0;4416777;3441638;4461;2;3613679;2866;47;0;1
FR;3;2022-08-11;0;0;0;0;0;0;0;0;0;4416777;3441638;4461;2;3613679;2866;47;0;1
FR;3;2022-08-12;0;0;0;0;0;0;0;0;0;4416777;3441638;4461;2;3613679;2866;47;0;1
FR;3;2022-08-13;0;0;0;0;0;0;0;0;0;4416777;3441638;4461;2;3613679;2866;47;0;1
FR;3;2022-08-14;0;0;0;0;0;0;0;0;0;4416777;3441638;4461;2;3613679;2866;47;0;1
FR;3;2022-08-15;0;0;0;0;0;0;0;0;0;4416777;3441638;4461;2;3613679;2866;47;0;1
FR;3;2022-08-16;0;0;0;0;0;0;0;0;0;4416777;3441638;4461;2;3613679;2866;47;0;1
FR;3;2022-08-17;0;0;0;0;0;0;0;0;0;4416777;3441638;4461;2;3613679;2866;47;0;1
FR;3;2022-08-18;0;0;0;0;0;0;0;0;0;4416777;3441638;4461;2;3613679;2866;47;0;1
FR;3;2022-08-19;0;0;0;0;0;0;0;0;0;4416777;3441638;4461;2;3613679;2866;47;0;1
FR;3;2022-08-20;0;0;0;0;0;0;0;0;0;4416777;3441638;4461;2;3613679;2866;47;0;1
FR;3;2022-08-21;0;0;0;0;0;0;0;0;0;4416777;3441638;4461;2;3613679;2866;47;0;1
FR;3;2022-08-22;0;0;0;0;0;0;0;0;0;4416777;3441638;4461;2;3613679;2866;47;0;1
FR;3;2022-08-23;0;0;0;0;0;0;0;0;0;4416777;3441638;4461;2;3613679;2866;47;0;1
FR;3;2022-08-24;0;0;0;0;0;0;0;0;0;4416777;3441638;4461;2;3613679;2866;47;0;1
FR;3;2022-08-25;0;0;0;0;0;0;0;0;0;4416777;3441638;4461;2;3613679;2866;47;0;1
FR;3;2022-08-26;0;0;0;0;0;0;0;0;0;4416777;3441638;4461;2;3613679;2866;47;0;1
FR;3;2022-08-27;0;0;0;0;0;0;0;0;0;4416777;3441638;4461;2;3613679;2866;47;0;1
FR;3;2022-08-28;0;0;0;0;0;0;0;0;0;4416777;3441638;4461;2;3613679;2866;47;0;1
FR;3;2022-08-29;0;0;0;0;0;0;0;0;0;4416777;3441638;4461;2;3613679;2866;47;0;1
FR;3;2022-08-30;0;0;0;0;0;0;0;0;0;4416777;3441638;4461;2;3613679;2866;47;0;1
FR;3;2022-08-31;0;0;0;0;0;0;0;0;0;4416777;3441638;4461;2;3613679;2866;47;0;1
FR;3;2022-09-01;0;0;0;0;0;0;0;0;0;4416777;3441638;4461;2;3613679;2866;47;0;1
FR;3;2022-09-02;0;0;0;0;0;0;0;0;0;4416777;3441638;4461;2;3613679;2866;47;0;1
FR;3;2022-09-03;0;0;0;0;0;0;0;0;0;4416777;3441638;4461;2;3613679;2866;47;0;1
FR;3;2022-09-04;0;0;0;0;0;0;0;0;0;4416777;3441638;4461;2;3613679;2866;47;0;1
FR;3;2022-09-05;0;0;0;0;0;0;0;0;0;4416777;3441638;4461;2;3613679;2866;47;0;1
FR;3;2022-09-06;0;0;0;0;0;0;0;0;0;4416777;3441638;4461;2;3613679;2866;47;0;1
FR;3;2022-09-07;0;0;0;0;0;0;0;0;0;4416777;3441638;4461;2;3613679;2866;47;0;1
FR;3;2022-09-08;0;0;0;0;0;0;0;0;0;4416777;3441638;4461;2;3613679;2866;47;0;1
FR;3;2022-09-09;0;0;0;0;0;0;0;0;0;4416777;3441638;4461;2;3613679;2866;47;0;1
FR;3;2022-09-10;0;0;0;0;0;0;0;0;0;4416777;3441638;4461;2;3613679;2866;47;0;1
FR;3;2022-09-11;0;0;0;0;0;0;0;0;0;4416777;3441638;4461;2;3613679;2866;47;0;1
FR;3;2022-09-12;0;0;0;0;0;0;0;0;0;4416777;3441638;4461;2;3613679;2866;47;0;1
FR;3;2022-09-13;0;0;0;0;0;0;0;0;0;4416777;3441638;4461;2;3613679;2866;47;0;1
FR;3;2022-09-14;0;0;0;0;0;0;0;0;0;4416777;3441638;4461;2;3613679;2866;47;0;1
FR;3;2022-09-15;0;0;0;0;0;0;0;0;0;4416777;3441638;4461;2;3613679;2866;47;0;1
FR;3;2022-09-16;0;0;0;0;0;0;0;0;0;4416777;3441638;4461;2;3613679;2866;47;0;1
FR;3;2022-09-17;0;0;0;0;0;0;0;0;0;4416777;3441638;4461;2;3613679;2866;47;0;1
FR;3;2022-09-18;0;0;0;0;0;0;0;0;0;4416777;3441638;4461;2;3613679;2866;47;0;1
FR;3;2022-09-19;0;0;0;0;0;0;0;0;0;4416777;3441638;4461;2;3613679;2866;47;0;1
FR;3;2022-09-20;0;0;0;0;0;0;0;0;0;4416777;3441638;4461;2;3613679;2866;47;0;1
FR;3;2022-09-21;0;0;0;0;0;0;0;0;0;4416777;3441638;4461;2;3613679;2866;47;0;1
FR;3;2022-09-22;0;0;0;0;0;0;0;0;0;4416777;3441638;4461;2;3613679;2866;47;0;1
FR;3;2022-09-23;0;0;0;0;0;0;0;0;0;4416777;3441638;4461;2;3613679;2866;47;0;1
FR;3;2022-09-24;0;0;0;0;0;0;0;0;0;4416777;3441638;4461;2;3613679;2866;47;0;1
FR;3;2022-09-25;0;0;0;0;0;0;0;0;0;4416777;3441638;4461;2;3613679;2866;47;0;1
FR;3;2022-09-26;0;0;0;0;0;0;0;0;0;4416777;3441638;4461;2;3613679;2866;47;0;1
FR;3;2022-09-27;0;0;0;0;0;0;0;0;0;4416777;3441638;4461;2;3613679;2866;47;0;1
FR;3;2022-09-28;0;0;0;0;0;0;0;0;0;4416777;3441638;4461;2;3613679;2866;47;0;1
FR;3;2022-09-29;0;0;0;0;0;0;0;0;0;4416777;3441638;4461;2;3613679;2866;47;0;1
FR;3;2022-09-30;0;0;0;0;0;0;0;0;0;4416777;3441638;4461;2;3613679;2866;47;0;1
FR;3;2022-10-01;0;0;0;0;0;0;0;0;0;4416777;3441638;4461;2;3613679;2866;47;0;1
FR;3;2022-10-02;0;0;0;0;0;0;0;0;0;4416777;3441638;4461;2;3613679;2866;47;0;1
FR;3;2022-10-03;0;0;0;0;0;0;0;0;0;4416777;3441638;4461;2;3613679;2866;47;0;1
FR;3;2022-10-04;0;0;0;0;0;0;0;0;0;4416777;3441638;4461;2;3613679;2866;47;0;1
FR;3;2022-10-05;0;0;0;0;0;0;0;0;0;4416777;3441638;4461;2;3613679;2866;47;0;1
FR;3;2022-10-06;0;0;0;0;0;0;0;0;0;4416777;3441638;4461;2;3613679;2866;47;0;1
FR;3;2022-10-07;0;0;0;0;0;0;0;0;0;4416777;3441638;4461;2;3613679;2866;47;0;1
FR;3;2022-10-08;0;0;0;0;0;0;0;0;0;4416777;3441638;4461;2;3613679;2866;47;0;1
FR;3;2022-10-09;0;0;0;0;0;0;0;0;0;4416777;3441638;4461;2;3613679;2866;47;0;1
FR;3;2022-10-10;0;0;0;0;0;0;0;0;0;4416777;3441638;4461;2;3613679;2866;47;0;1
FR;3;2022-10-11;0;0;0;0;0;0;0;0;0;4416777;3441638;4461;2;3613679;2866;47;0;1
FR;3;2022-10-12;0;0;0;0;0;0;0;0;0;4416777;3441638;4461;2;3613679;2866;47;0;1
FR;3;2022-10-13;0;0;0;0;0;0;0;0;0;4416777;3441638;4461;2;3613679;2866;47;0;1
FR;3;2022-10-14;0;0;0;0;0;0;0;0;0;4416777;3441638;4461;2;3613679;2866;47;0;1
FR;3;2022-10-15;0;0;0;0;0;0;0;0;0;4416777;3441638;4461;2;3613679;2866;47;0;1
FR;3;2022-10-16;0;0;0;0;0;0;0;0;0;4416777;3441638;4461;2;3613679;2866;47;0;1
FR;3;2022-10-17;0;0;0;0;0;0;0;0;0;4416777;3441638;4461;2;3613679;2866;47;0;1
FR;3;2022-10-18;0;0;0;0;0;0;0;0;0;4416777;3441638;4461;2;3613679;2866;47;0;1
FR;3;2022-10-19;0;0;0;0;0;0;0;0;0;4416777;3441638;4461;2;3613679;2866;47;0;1
FR;3;2022-10-20;0;0;0;0;0;0;0;0;0;4416777;3441638;4461;2;3613679;2866;47;0;1
FR;3;2022-10-21;0;0;0;0;0;0;0;0;0;4416777;3441638;4461;2;3613679;2866;47;0;1
FR;3;2022-10-22;0;0;0;0;0;0;0;0;0;4416777;3441638;4461;2;3613679;2866;47;0;1
FR;3;2022-10-23;0;0;0;0;0;0;0;0;0;4416777;3441638;4461;2;3613679;2866;47;0;1
FR;3;2022-10-24;0;0;0;0;0;0;0;0;0;4416777;3441638;4461;2;3613679;2866;47;0;1
FR;3;2022-10-25;0;0;0;0;0;0;0;0;0;4416777;3441638;4461;2;3613679;2866;47;0;1
FR;3;2022-10-26;0;0;0;0;0;0;0;0;0;4416777;3441638;4461;2;3613679;2866;47;0;1
FR;3;2022-10-27;0;0;0;0;0;0;0;0;0;4416777;3441638;4461;2;3613679;2866;47;0;1
FR;3;2022-10-28;0;0;0;0;0;0;0;0;0;4416777;3441638;4461;2;3613679;2866;47;0;1
FR;3;2022-10-29;0;0;0;0;0;0;0;0;0;4416777;3441638;4461;2;3613679;2866;47;0;1
FR;3;2022-10-30;0;0;0;0;0;0;0;0;0;4416777;3441638;4461;2;3613679;2866;47;0;1
FR;3;2022-10-31;0;0;0;0;0;0;0;0;0;4416777;3441638;4461;2;3613679;2866;47;0;1
FR;3;2022-11-01;0;0;0;0;0;0;0;0;0;4416777;3441638;4461;2;3613679;2866;47;0;1
FR;3;2022-11-02;0;0;0;0;0;0;0;0;0;4416777;3441638;4461;2;3613679;2866;47;0;1
FR;3;2022-11-03;0;0;0;0;0;0;0;0;0;4416777;3441638;4461;2;3613679;2866;47;0;1
FR;3;2022-11-04;0;0;0;0;0;0;0;0;0;4416777;3441638;4461;2;3613679;2866;47;0;1
FR;3;2022-11-05;0;0;0;0;0;0;0;0;0;4416777;3441638;4461;2;3613679;2866;47;0;1
FR;3;2022-11-06;0;0;0;0;0;0;0;0;0;4416777;3441638;4461;2;3613679;2866;47;0;1
FR;3;2022-11-07;0;0;0;0;0;0;0;0;0;4416777;3441638;4461;2;3613679;2866;47;0;1
FR;3;2022-11-08;1;0;0;0;0;0;0;0;0;4416778;3441638;4461;2;3613679;2866;47;0;1
FR;3;2022-11-09;0;0;0;0;0;0;0;0;0;4416778;3441638;4461;2;3613679;2866;47;0;1
FR;3;2022-11-10;0;0;0;0;0;0;0;0;0;4416778;3441638;4461;2;3613679;2866;47;0;1
FR;3;2022-11-11;0;0;0;0;0;0;0;0;0;4416778;3441638;4461;2;3613679;2866;47;0;1
FR;3;2022-11-12;0;0;0;0;0;0;0;0;0;4416778;3441638;4461;2;3613679;2866;47;0;1
FR;3;2022-11-13;0;0;0;0;0;0;0;0;0;4416778;3441638;4461;2;3613679;2866;47;0;1
FR;3;2022-11-14;0;0;0;0;0;0;0;0;0;4416778;3441638;4461;2;3613679;2866;47;0;1
FR;3;2022-11-15;0;0;0;0;0;0;0;0;0;4416778;3441638;4461;2;3613679;2866;47;0;1
FR;3;2022-11-16;0;0;0;0;0;0;0;0;0;4416778;3441638;4461;2;3613679;2866;47;0;1
FR;3;2022-11-17;0;0;0;0;0;0;0;0;0;4416778;3441638;4461;2;3613679;2866;47;0;1
FR;3;2022-11-18;0;0;0;0;0;0;0;0;0;4416778;3441638;4461;2;3613679;2866;47;0;1
FR;3;2022-11-19;0;0;0;0;0;0;0;0;0;4416778;3441638;4461;2;3613679;2866;47;0;1
FR;3;2022-11-20;0;0;0;0;0;0;0;0;0;4416778;3441638;4461;2;3613679;2866;47;0;1
FR;3;2022-11-21;0;0;0;0;0;0;0;0;0;4416778;3441638;4461;2;3613679;2866;47;0;1
FR;3;2022-11-22;0;0;0;0;0;0;0;0;0;4416778;3441638;4461;2;3613679;2866;47;0;1
FR;3;2022-11-23;0;0;0;0;0;0;0;0;0;4416778;3441638;4461;2;3613679;2866;47;0;1
FR;3;2022-11-24;0;0;0;0;0;0;0;0;0;4416778;3441638;4461;2;3613679;2866;47;0;1
FR;3;2022-11-25;0;0;0;0;0;0;0;0;0;4416778;3441638;4461;2;3613679;2866;47;0;1
FR;3;2022-11-26;0;0;0;0;0;0;0;0;0;4416778;3441638;4461;2;3613679;2866;47;0;1
FR;3;2022-11-27;0;0;0;0;0;0;0;0;0;4416778;3441638;4461;2;3613679;2866;47;0;1
FR;3;2022-11-28;0;0;0;0;0;0;0;0;0;4416778;3441638;4461;2;3613679;2866;47;0;1
FR;3;2022-11-29;0;0;0;0;0;0;0;0;0;4416778;3441638;4461;2;3613679;2866;47;0;1
FR;3;2022-11-30;0;0;0;0;0;0;0;0;0;4416778;3441638;4461;2;3613679;2866;47;0;1
FR;3;2022-12-01;0;0;0;0;0;0;0;0;0;4416778;3441638;4461;2;3613679;2866;47;0;1
FR;3;2022-12-02;0;0;0;0;0;0;0;0;0;4416778;3441638;4461;2;3613679;2866;47;0;1
FR;3;2022-12-03;0;0;0;0;0;0;0;0;0;4416778;3441638;4461;2;3613679;2866;47;0;1
FR;3;2022-12-04;0;0;0;0;0;0;0;0;0;4416778;3441638;4461;2;3613679;2866;47;0;1
FR;3;2022-12-05;0;0;0;0;0;0;0;0;0;4416778;3441638;4461;2;3613679;2866;47;0;1
FR;3;2022-12-06;0;0;0;0;0;0;0;0;0;4416778;3441638;4461;2;3613679;2866;47;0;1
FR;3;2022-12-07;0;0;0;0;0;0;0;0;0;4416778;3441638;4461;2;3613679;2866;47;0;1
FR;3;2022-12-08;0;0;0;0;0;0;0;0;0;4416778;3441638;4461;2;3613679;2866;47;0;1
FR;3;2022-12-09;0;0;0;0;0;0;0;0;0;4416778;3441638;4461;2;3613679;2866;47;0;1
FR;3;2022-12-10;0;0;0;0;0;0;0;0;0;4416778;3441638;4461;2;3613679;2866;47;0;1
FR;3;2022-12-11;0;0;0;0;0;0;0;0;0;4416778;3441638;4461;2;3613679;2866;47;0;1
FR;3;2022-12-12;0;0;0;0;0;0;0;0;0;4416778;3441638;4461;2;3613679;2866;47;0;1
FR;3;2022-12-13;0;0;0;0;0;0;0;0;0;4416778;3441638;4461;2;3613679;2866;47;0;1
FR;3;2022-12-14;0;0;0;0;0;0;0;0;0;4416778;3441638;4461;2;3613679;2866;47;0;1
FR;3;2022-12-15;0;0;0;0;0;0;0;0;0;4416778;3441638;4461;2;3613679;2866;47;0;1
FR;3;2022-12-16;0;0;0;0;0;0;0;0;0;4416778;3441638;4461;2;3613679;2866;47;0;1
FR;3;2022-12-17;0;0;0;0;0;0;0;0;0;4416778;3441638;4461;2;3613679;2866;47;0;1
FR;3;2022-12-18;0;0;0;0;0;0;0;0;0;4416778;3441638;4461;2;3613679;2866;47;0;1
FR;3;2022-12-19;0;0;0;0;0;0;0;0;0;4416778;3441638;4461;2;3613679;2866;47;0;1
FR;3;2022-12-20;0;0;0;0;0;0;0;0;0;4416778;3441638;4461;2;3613679;2866;47;0;1
FR;3;2022-12-21;0;0;0;0;0;0;0;0;0;4416778;3441638;4461;2;3613679;2866;47;0;1
FR;3;2022-12-22;0;0;0;0;0;0;0;0;0;4416778;3441638;4461;2;3613679;2866;47;0;1
FR;3;2022-12-23;0;0;0;0;0;0;0;0;0;4416778;3441638;4461;2;3613679;2866;47;0;1
FR;3;2022-12-24;0;0;0;0;0;0;0;0;0;4416778;3441638;4461;2;3613679;2866;47;0;1
FR;3;2022-12-25;0;0;0;0;0;0;0;0;0;4416778;3441638;4461;2;3613679;2866;47;0;1
FR;3;2022-12-26;0;0;0;0;0;0;0;0;0;4416778;3441638;4461;2;3613679;2866;47;0;1
FR;3;2022-12-27;0;0;0;0;0;0;0;0;0;4416778;3441638;4461;2;3613679;2866;47;0;1
FR;3;2022-12-28;0;0;0;0;0;0;0;0;0;4416778;3441638;4461;2;3613679;2866;47;0;1
FR;3;2022-12-29;0;0;0;0;0;0;0;0;0;4416778;3441638;4461;2;3613679;2866;47;0;1
FR;3;2022-12-30;0;0;0;0;0;0;0;0;0;4416778;3441638;4461;2;3613679;2866;47;0;1
FR;3;2022-12-31;0;0;0;0;0;0;0;0;0;4416778;3441638;4461;2;3613679;2866;47;0;1
FR;3;2023-01-01;0;0;0;0;0;0;0;0;0;4416778;3441638;4461;2;3613679;2866;47;0;1
FR;3;2023-01-02;0;0;0;0;0;0;0;0;0;4416778;3441638;4461;2;3613679;2866;47;0;1
FR;3;2023-01-03;0;0;0;0;0;0;0;0;0;4416778;3441638;4461;2;3613679;2866;47;0;1
FR;3;2023-01-04;0;0;0;0;0;0;0;0;0;4416778;3441638;4461;2;3613679;2866;47;0;1
FR;3;2023-01-05;0;0;0;0;0;0;0;0;0;4416778;3441638;4461;2;3613679;2866;47;0;1
FR;3;2023-01-06;0;0;0;0;0;0;0;0;0;4416778;3441638;4461;2;3613679;2866;47;0;1
FR;3;2023-01-07;0;0;0;0;0;0;0;0;0;4416778;3441638;4461;2;3613679;2866;47;0;1
FR;3;2023-01-08;0;0;0;0;0;0;0;0;0;4416778;3441638;4461;2;3613679;2866;47;0;1
FR;3;2023-01-09;0;0;0;0;0;0;0;0;0;4416778;3441638;4461;2;3613679;2866;47;0;1
FR;3;2023-01-10;0;0;0;0;0;0;0;0;0;4416778;3441638;4461;2;3613679;2866;47;0;1
FR;3;2023-01-11;0;0;0;0;0;0;0;0;0;4416778;3441638;4461;2;3613679;2866;47;0;1
FR;3;2023-01-12;0;0;0;0;0;0;0;0;0;4416778;3441638;4461;2;3613679;2866;47;0;1
FR;3;2023-01-13;0;0;0;0;0;0;0;0;0;4416778;3441638;4461;2;3613679;2866;47;0;1
FR;3;2023-01-14;0;0;0;0;0;0;0;0;0;4416778;3441638;4461;2;3613679;2866;47;0;1
FR;3;2023-01-15;0;0;0;0;0;0;0;0;0;4416778;3441638;4461;2;3613679;2866;47;0;1
FR;3;2023-01-16;0;0;0;0;0;0;0;0;0;4416778;3441638;4461;2;3613679;2866;47;0;1
FR;3;2023-01-17;0;0;0;0;0;0;0;0;0;4416778;3441638;4461;2;3613679;2866;47;0;1
FR;3;2023-01-18;0;0;0;0;0;0;0;0;0;4416778;3441638;4461;2;3613679;2866;47;0;1
FR;3;2023-01-19;0;0;0;0;0;0;0;0;0;4416778;3441638;4461;2;3613679;2866;47;0;1
FR;3;2023-01-20;0;0;0;0;0;0;0;0;0;4416778;3441638;4461;2;3613679;2866;47;0;1
FR;3;2023-01-21;0;0;0;0;0;0;0;0;0;4416778;3441638;4461;2;3613679;2866;47;0;1
FR;3;2023-01-22;0;0;0;0;0;0;0;0;0;4416778;3441638;4461;2;3613679;2866;47;0;1
FR;3;2023-01-23;0;0;0;0;0;0;0;0;0;4416778;3441638;4461;2;3613679;2866;47;0;1
FR;3;2023-01-24;0;0;0;0;0;0;0;0;0;4416778;3441638;4461;2;3613679;2866;47;0;1
FR;3;2023-01-25;1;0;0;0;0;0;0;0;0;4416779;3441638;4461;2;3613679;2866;47;0;1
FR;4;2020-12-27;0;0;0;0;0;0;0;0;0;0;0;0;0;0;0;0;0;0
FR;4;2020-12-28;0;0;0;0;0;0;0;0;0;0;0;0;0;0;0;0;0;0
FR;4;2020-12-29;0;0;0;0;0;0;0;0;0;0;0;0;0;0;0;0;0;0
FR;4;2020-12-30;0;0;0;0;0;0;0;0;0;0;0;0;0;0;0;0;0;0
FR;4;2020-12-31;0;0;0;0;0;0;0;0;0;0;0;0;0;0;0;0;0;0
FR;4;2021-01-01;0;0;0;0;0;0;0;0;0;0;0;0;0;0;0;0;0;0
FR;4;2021-01-02;0;0;0;0;0;0;0;0;0;0;0;0;0;0;0;0;0;0
FR;4;2021-01-03;0;0;0;0;0;0;0;0;0;0;0;0;0;0;0;0;0;0
FR;4;2021-01-04;0;0;0;0;0;0;0;0;0;0;0;0;0;0;0;0;0;0
FR;4;2021-01-05;0;0;0;0;0;0;0;0;0;0;0;0;0;0;0;0;0;0
FR;4;2021-01-06;0;0;0;0;0;0;0;0;0;0;0;0;0;0;0;0;0;0
FR;4;2021-01-07;0;0;0;0;0;0;0;0;0;0;0;0;0;0;0;0;0;0
FR;4;2021-01-08;0;0;0;0;0;0;0;0;0;0;0;0;0;0;0;0;0;0
FR;4;2021-01-09;0;0;0;0;0;0;0;0;0;0;0;0;0;0;0;0;0;0
FR;4;2021-01-10;0;0;0;0;0;0;0;0;0;0;0;0;0;0;0;0;0;0
FR;4;2021-01-11;0;0;0;0;0;0;0;0;0;0;0;0;0;0;0;0;0;0
FR;4;2021-01-12;0;0;0;0;0;0;0;0;0;0;0;0;0;0;0;0;0;0
FR;4;2021-01-13;0;0;0;0;0;0;0;0;0;0;0;0;0;0;0;0;0;0
FR;4;2021-01-14;0;0;0;0;0;0;0;0;0;0;0;0;0;0;0;0;0;0
FR;4;2021-01-15;0;0;0;0;0;0;0;0;0;0;0;0;0;0;0;0;0;0
FR;4;2021-01-16;0;0;0;0;0;0;0;0;0;0;0;0;0;0;0;0;0;0
FR;4;2021-01-17;0;0;0;0;0;0;0;0;0;0;0;0;0;0;0;0;0;0
FR;4;2021-01-18;0;0;0;0;0;0;0;0;0;0;0;0;0;0;0;0;0;0
FR;4;2021-01-19;0;0;0;0;0;0;0;0;0;0;0;0;0;0;0;0;0;0
FR;4;2021-01-20;0;0;0;0;0;0;0;0;0;0;0;0;0;0;0;0;0;0
FR;4;2021-01-21;0;0;0;0;0;0;0;0;0;0;0;0;0;0;0;0;0;0
FR;4;2021-01-22;0;0;0;0;0;0;0;0;0;0;0;0;0;0;0;0;0;0
FR;4;2021-01-23;0;0;0;0;0;0;0;0;0;0;0;0;0;0;0;0;0;0
FR;4;2021-01-24;0;0;0;0;0;0;0;0;0;0;0;0;0;0;0;0;0;0
FR;4;2021-01-25;0;0;0;0;0;0;0;0;0;0;0;0;0;0;0;0;0;0
FR;4;2021-01-26;0;0;0;0;0;0;0;0;0;0;0;0;0;0;0;0;0;0
FR;4;2021-01-27;0;0;0;0;0;0;0;0;0;0;0;0;0;0;0;0;0;0
FR;4;2021-01-28;0;0;0;0;0;0;0;0;0;0;0;0;0;0;0;0;0;0
FR;4;2021-01-29;0;0;0;0;0;0;0;0;0;0;0;0;0;0;0;0;0;0
FR;4;2021-01-30;0;0;0;0;0;0;0;0;0;0;0;0;0;0;0;0;0;0
FR;4;2021-01-31;0;0;0;0;0;0;0;0;0;0;0;0;0;0;0;0;0;0
FR;4;2021-02-01;0;0;0;0;0;0;0;0;0;0;0;0;0;0;0;0;0;0
FR;4;2021-02-02;0;0;0;0;0;0;0;0;0;0;0;0;0;0;0;0;0;0
FR;4;2021-02-03;0;0;0;0;0;0;0;0;0;0;0;0;0;0;0;0;0;0
FR;4;2021-02-04;0;0;0;0;0;0;0;0;0;0;0;0;0;0;0;0;0;0
FR;4;2021-02-05;0;0;0;0;0;0;0;0;0;0;0;0;0;0;0;0;0;0
FR;4;2021-02-06;0;0;0;0;0;0;0;0;0;0;0;0;0;0;0;0;0;0
FR;4;2021-02-07;0;0;0;0;0;0;0;0;0;0;0;0;0;0;0;0;0;0
FR;4;2021-02-08;0;0;0;0;0;0;0;0;0;0;0;0;0;0;0;0;0;0
FR;4;2021-02-09;0;0;0;0;0;0;0;0;0;0;0;0;0;0;0;0;0;0
FR;4;2021-02-10;0;0;0;0;0;0;0;0;0;0;0;0;0;0;0;0;0;0
FR;4;2021-02-11;0;0;0;0;0;0;0;0;0;0;0;0;0;0;0;0;0;0
FR;4;2021-02-12;0;0;0;0;0;0;0;0;0;0;0;0;0;0;0;0;0;0
FR;4;2021-02-13;0;0;0;0;0;0;0;0;0;0;0;0;0;0;0;0;0;0
FR;4;2021-02-14;0;0;0;0;0;0;0;0;0;0;0;0;0;0;0;0;0;0
FR;4;2021-02-15;0;0;0;0;0;0;0;0;0;0;0;0;0;0;0;0;0;0
FR;4;2021-02-16;0;0;0;0;0;0;0;0;0;0;0;0;0;0;0;0;0;0
FR;4;2021-02-17;0;0;0;0;0;0;0;0;0;0;0;0;0;0;0;0;0;0
FR;4;2021-02-18;0;0;0;0;0;0;0;0;0;0;0;0;0;0;0;0;0;0
FR;4;2021-02-19;0;0;0;0;0;0;0;0;0;0;0;0;0;0;0;0;0;0
FR;4;2021-02-20;0;0;0;0;0;0;0;0;0;0;0;0;0;0;0;0;0;0
FR;4;2021-02-21;0;0;0;0;0;0;0;0;0;0;0;0;0;0;0;0;0;0
FR;4;2021-02-22;0;0;0;0;0;0;0;0;0;0;0;0;0;0;0;0;0;0
FR;4;2021-02-23;0;0;0;0;0;0;0;0;0;0;0;0;0;0;0;0;0;0
FR;4;2021-02-24;0;0;0;0;0;0;0;0;0;0;0;0;0;0;0;0;0;0
FR;4;2021-02-25;0;0;0;0;0;0;0;0;0;0;0;0;0;0;0;0;0;0
FR;4;2021-02-26;0;0;0;0;0;0;0;0;0;0;0;0;0;0;0;0;0;0
FR;4;2021-02-27;0;0;0;0;0;0;0;0;0;0;0;0;0;0;0;0;0;0
FR;4;2021-02-28;0;0;0;0;0;0;0;0;0;0;0;0;0;0;0;0;0;0
FR;4;2021-03-01;0;0;0;0;0;0;0;0;0;0;0;0;0;0;0;0;0;0
FR;4;2021-03-02;0;0;0;0;0;0;0;0;0;0;0;0;0;0;0;0;0;0
FR;4;2021-03-03;0;0;0;0;0;0;0;0;0;0;0;0;0;0;0;0;0;0
FR;4;2021-03-04;0;0;0;0;0;0;0;0;0;0;0;0;0;0;0;0;0;0
FR;4;2021-03-05;0;0;0;0;0;0;0;0;0;0;0;0;0;0;0;0;0;0
FR;4;2021-03-06;0;0;0;0;0;0;0;0;0;0;0;0;0;0;0;0;0;0
FR;4;2021-03-07;0;0;0;0;0;0;0;0;0;0;0;0;0;0;0;0;0;0
FR;4;2021-03-08;0;0;0;0;0;0;0;0;0;0;0;0;0;0;0;0;0;0
FR;4;2021-03-09;0;0;0;0;0;0;0;0;0;0;0;0;0;0;0;0;0;0
FR;4;2021-03-10;0;0;0;0;0;0;0;0;0;0;0;0;0;0;0;0;0;0
FR;4;2021-03-11;0;0;0;0;0;0;0;0;0;0;0;0;0;0;0;0;0;0
FR;4;2021-03-12;0;0;0;0;0;0;0;0;0;0;0;0;0;0;0;0;0;0
FR;4;2021-03-13;0;0;0;0;0;0;0;0;0;0;0;0;0;0;0;0;0;0
FR;4;2021-03-14;0;0;0;0;0;0;0;0;0;0;0;0;0;0;0;0;0;0
FR;4;2021-03-15;0;0;0;0;0;0;0;0;0;0;0;0;0;0;0;0;0;0
FR;4;2021-03-16;0;0;0;0;0;0;0;0;0;0;0;0;0;0;0;0;0;0
FR;4;2021-03-17;0;0;0;0;0;0;0;0;0;0;0;0;0;0;0;0;0;0
FR;4;2021-03-18;0;0;0;0;0;0;0;0;0;0;0;0;0;0;0;0;0;0
FR;4;2021-03-19;0;0;0;0;0;0;0;0;0;0;0;0;0;0;0;0;0;0
FR;4;2021-03-20;0;0;0;0;0;0;0;0;0;0;0;0;0;0;0;0;0;0
FR;4;2021-03-21;0;0;0;0;0;0;0;0;0;0;0;0;0;0;0;0;0;0
FR;4;2021-03-22;0;0;0;0;0;0;0;0;0;0;0;0;0;0;0;0;0;0
FR;4;2021-03-23;0;0;0;0;0;0;0;0;0;0;0;0;0;0;0;0;0;0
FR;4;2021-03-24;0;0;0;0;0;0;0;0;0;0;0;0;0;0;0;0;0;0
FR;4;2021-03-25;0;0;0;0;0;0;0;0;0;0;0;0;0;0;0;0;0;0
FR;4;2021-03-26;0;0;0;0;0;0;0;0;0;0;0;0;0;0;0;0;0;0
FR;4;2021-03-27;0;0;0;0;0;0;0;0;0;0;0;0;0;0;0;0;0;0
FR;4;2021-03-28;0;0;0;0;0;0;0;0;0;0;0;0;0;0;0;0;0;0
FR;4;2021-03-29;0;0;0;0;0;0;0;0;0;0;0;0;0;0;0;0;0;0
FR;4;2021-03-30;0;0;0;0;0;0;0;0;0;0;0;0;0;0;0;0;0;0
FR;4;2021-03-31;0;0;0;0;0;0;0;0;0;0;0;0;0;0;0;0;0;0
FR;4;2021-04-01;0;0;0;0;0;0;0;0;0;0;0;0;0;0;0;0;0;0
FR;4;2021-04-02;0;0;0;0;0;0;0;0;0;0;0;0;0;0;0;0;0;0
FR;4;2021-04-03;0;0;0;0;0;0;0;0;0;0;0;0;0;0;0;0;0;0
FR;4;2021-04-04;0;0;0;0;0;0;0;0;0;0;0;0;0;0;0;0;0;0
FR;4;2021-04-05;0;0;0;0;0;0;0;0;0;0;0;0;0;0;0;0;0;0
FR;4;2021-04-06;0;0;0;0;0;0;0;0;0;0;0;0;0;0;0;0;0;0
FR;4;2021-04-07;0;0;0;0;0;0;0;0;0;0;0;0;0;0;0;0;0;0
FR;4;2021-04-08;0;0;0;0;0;0;0;0;0;0;0;0;0;0;0;0;0;0
FR;4;2021-04-09;0;0;0;0;0;0;0;0;0;0;0;0;0;0;0;0;0;0
FR;4;2021-04-10;0;0;0;0;0;0;0;0;0;0;0;0;0;0;0;0;0;0
FR;4;2021-04-11;0;0;0;0;0;0;0;0;0;0;0;0;0;0;0;0;0;0
FR;4;2021-04-12;0;0;0;0;0;0;0;0;0;0;0;0;0;0;0;0;0;0
FR;4;2021-04-13;0;0;0;0;0;0;0;0;0;0;0;0;0;0;0;0;0;0
FR;4;2021-04-14;0;0;0;0;0;0;0;0;0;0;0;0;0;0;0;0;0;0
FR;4;2021-04-15;0;0;0;0;0;0;0;0;0;0;0;0;0;0;0;0;0;0
FR;4;2021-04-16;0;0;0;0;0;0;0;0;0;0;0;0;0;0;0;0;0;0
FR;4;2021-04-17;0;0;0;0;0;0;0;0;0;0;0;0;0;0;0;0;0;0
FR;4;2021-04-18;0;0;0;0;0;0;0;0;0;0;0;0;0;0;0;0;0;0
FR;4;2021-04-19;0;0;0;0;0;0;0;0;0;0;0;0;0;0;0;0;0;0
FR;4;2021-04-20;0;0;0;0;0;0;0;0;0;0;0;0;0;0;0;0;0;0
FR;4;2021-04-21;0;0;0;0;0;0;0;0;0;0;0;0;0;0;0;0;0;0
FR;4;2021-04-22;0;0;0;0;0;0;0;0;0;0;0;0;0;0;0;0;0;0
FR;4;2021-04-23;3666;0;0;0;3628;0;0;0;0;3666;0;0;0;3628;0;0;0;0
FR;4;2021-04-24;1569;1;0;0;1558;0;0;0;0;5235;1;0;0;5186;0;0;0;0
FR;4;2021-04-25;125;0;0;0;125;0;0;0;0;5360;1;0;0;5311;0;0;0;0
FR;4;2021-04-26;2871;1;0;0;2860;0;0;0;0;8231;2;0;0;8171;0;0;0;0
FR;4;2021-04-27;9520;3;0;0;9501;0;0;0;0;17751;5;0;0;17672;0;0;0;0
FR;4;2021-04-28;9910;6;0;0;9885;0;0;0;0;27661;11;0;0;27557;0;0;0;0
FR;4;2021-04-29;15996;8;0;0;15980;0;0;0;0;43657;19;0;0;43537;0;0;0;0
FR;4;2021-04-30;19233;10;0;0;19204;0;0;0;0;62890;29;0;0;62741;0;0;0;0
FR;4;2021-05-01;1994;6;0;0;1992;0;0;0;0;64884;35;0;0;64733;0;0;0;0
FR;4;2021-05-02;484;0;0;0;482;0;0;0;0;65368;35;0;0;65215;0;0;0;0
FR;4;2021-05-03;5067;2;0;0;5060;0;0;0;0;70435;37;0;0;70275;0;0;0;0
FR;4;2021-05-04;8411;11;0;0;8400;0;0;0;0;78846;48;0;0;78675;0;0;0;0
FR;4;2021-05-05;6193;7;0;0;6188;0;0;0;0;85039;55;0;0;84863;0;0;0;0
FR;4;2021-05-06;11388;11;0;0;11385;0;0;0;0;96427;66;0;0;96248;0;0;0;0
FR;4;2021-05-07;19126;9;0;0;19087;0;0;0;0;115553;75;0;0;115335;0;0;0;0
FR;4;2021-05-08;2377;6;0;0;2381;0;0;0;0;117930;81;0;0;117716;0;0;0;0
FR;4;2021-05-09;691;3;0;0;692;0;0;0;0;118621;84;0;0;118408;0;0;0;0
FR;4;2021-05-10;7245;5;1;0;7242;0;0;0;0;125866;89;1;0;125650;0;0;0;0
FR;4;2021-05-11;14325;13;0;0;14305;0;0;0;0;140191;102;1;0;139955;0;0;0;0
FR;4;2021-05-12;10176;15;0;0;10179;0;0;0;0;150367;117;1;0;150134;0;0;0;0
FR;4;2021-05-13;1584;4;0;0;1585;0;0;0;0;151951;121;1;0;151719;0;0;0;0
FR;4;2021-05-14;7768;7;0;0;7762;0;0;0;0;159719;128;1;0;159481;0;0;0;0
FR;4;2021-05-15;3721;8;1;0;3720;0;0;0;0;163440;136;2;0;163201;0;0;0;0
FR;4;2021-05-16;417;1;0;0;417;0;0;0;0;163857;137;2;0;163618;0;0;0;0
FR;4;2021-05-17;4484;7;0;0;4483;0;0;0;0;168341;144;2;0;168101;0;0;0;0
FR;4;2021-05-18;8769;10;0;0;8769;0;0;0;0;177110;154;2;0;176870;0;0;0;0
FR;4;2021-05-19;5699;7;0;0;5701;0;0;0;0;182809;161;2;0;182571;0;0;0;0
FR;4;2021-05-20;9487;8;0;0;9479;0;0;0;0;192296;169;2;0;192050;0;0;0;0
FR;4;2021-05-21;12816;30;0;0;12823;0;0;0;0;205112;199;2;0;204873;0;0;0;0
FR;4;2021-05-22;5061;15;0;0;5068;0;0;0;0;210173;214;2;0;209941;0;0;0;0
FR;4;2021-05-23;498;4;0;0;501;0;0;0;0;210671;218;2;0;210442;0;0;0;0
FR;4;2021-05-24;1061;7;0;0;1065;0;0;0;0;211732;225;2;0;211507;0;0;0;0
FR;4;2021-05-25;7636;16;0;0;7642;0;0;0;0;219368;241;2;0;219149;0;0;0;0
FR;4;2021-05-26;7731;16;0;0;7739;0;0;0;0;227099;257;2;0;226888;0;0;0;0
FR;4;2021-05-27;14338;35;0;0;14347;0;0;0;0;241437;292;2;0;241235;0;0;0;0
FR;4;2021-05-28;26593;82;1;0;26634;0;0;0;0;268030;374;3;0;267869;0;0;0;0
FR;4;2021-05-29;11385;19;0;0;11385;0;0;0;0;279415;393;3;0;279254;0;0;0;0
FR;4;2021-05-30;974;7;0;0;973;0;0;0;0;280389;400;3;0;280227;0;0;0;0
FR;4;2021-05-31;12700;21;0;0;12700;0;0;0;0;293089;421;3;0;292927;0;0;0;0
FR;4;2021-06-01;20283;48;1;0;20301;0;0;0;0;313372;469;4;0;313228;0;0;0;0
FR;4;2021-06-02;14525;33;0;0;14537;0;0;0;0;327897;502;4;0;327765;0;0;0;0
FR;4;2021-06-03;19436;24;1;0;19434;0;0;0;0;347333;526;5;0;347199;0;0;0;0
FR;4;2021-06-04;22520;48;0;0;22538;0;0;0;0;369853;574;5;0;369737;0;0;0;0
FR;4;2021-06-05;9717;32;0;0;9721;0;0;0;0;379570;606;5;0;379458;0;0;0;0
FR;4;2021-06-06;1041;2;0;0;1037;0;0;0;0;380611;608;5;0;380495;0;0;0;0
FR;4;2021-06-07;9230;19;0;0;9238;0;0;0;0;389841;627;5;0;389733;0;0;0;0
FR;4;2021-06-08;14614;32;0;0;14626;0;0;0;0;404455;659;5;0;404359;0;0;0;0
FR;4;2021-06-09;12217;25;0;0;12225;0;0;0;0;416672;684;5;0;416584;0;0;0;0
FR;4;2021-06-10;15407;30;0;0;15415;0;0;0;0;432079;714;5;0;431999;0;0;0;0
FR;4;2021-06-11;16989;57;0;0;17016;0;0;0;0;449068;771;5;0;449015;0;0;0;0
FR;4;2021-06-12;7453;27;0;0;7478;0;0;0;0;456521;798;5;0;456493;0;0;0;0
FR;4;2021-06-13;908;3;0;0;910;0;0;0;0;457429;801;5;0;457403;0;0;0;0
FR;4;2021-06-14;6652;27;0;0;6662;0;0;0;0;464081;828;5;0;464065;0;0;0;0
FR;4;2021-06-15;10895;39;0;0;10912;0;0;0;0;474976;867;5;0;474977;0;0;0;0
FR;4;2021-06-16;8909;17;0;0;8917;0;0;0;0;483885;884;5;0;483894;0;0;0;0
FR;4;2021-06-17;10903;37;0;0;10915;0;0;0;0;494788;921;5;0;494809;0;0;0;0
FR;4;2021-06-18;12427;45;0;0;12454;0;0;0;0;507215;966;5;0;507263;0;0;0;0
FR;4;2021-06-19;5567;25;0;0;5587;0;0;0;0;512782;991;5;0;512850;0;0;0;0
FR;4;2021-06-20;828;5;0;0;832;0;0;0;0;513610;996;5;0;513682;0;0;0;0
FR;4;2021-06-21;5103;21;0;0;5103;0;0;0;0;518713;1017;5;0;518785;0;0;0;0
FR;4;2021-06-22;7914;29;2;0;7932;0;0;0;0;526627;1046;7;0;526717;0;0;0;0
FR;4;2021-06-23;7105;43;2;0;7132;0;0;0;0;533732;1089;9;0;533849;0;0;0;0
FR;4;2021-06-24;8656;46;1;0;8688;0;0;0;0;542388;1135;10;0;542537;0;0;0;0
FR;4;2021-06-25;10177;41;2;0;10209;0;0;0;0;552565;1176;12;0;552746;0;0;0;0
FR;4;2021-06-26;4853;21;0;0;4870;0;0;0;0;557418;1197;12;0;557616;0;0;0;0
FR;4;2021-06-27;769;4;0;0;771;0;0;0;0;558187;1201;12;0;558387;0;0;0;0
FR;4;2021-06-28;4834;16;1;0;4842;0;0;0;0;563021;1217;13;0;563229;0;0;0;0
FR;4;2021-06-29;7111;28;2;0;7120;0;0;0;0;570132;1245;15;0;570349;0;0;0;0
FR;4;2021-06-30;6727;40;2;0;6755;0;0;0;0;576859;1285;17;0;577104;0;0;0;0
FR;4;2021-07-01;8212;42;0;0;8234;0;0;0;0;585071;1327;17;0;585338;0;0;0;0
FR;4;2021-07-02;9430;53;1;0;9470;0;0;0;0;594501;1380;18;0;594808;0;0;0;0
FR;4;2021-07-03;4847;20;0;0;4862;0;0;0;0;599348;1400;18;0;599670;0;0;0;0
FR;4;2021-07-04;690;5;0;0;692;0;0;0;0;600038;1405;18;0;600362;0;0;0;0
FR;4;2021-07-05;4771;19;2;0;4782;0;0;0;0;604809;1424;20;0;605144;0;0;0;0
FR;4;2021-07-06;7729;29;4;0;7742;0;0;0;0;612538;1453;24;0;612886;0;0;0;0
FR;4;2021-07-07;7088;34;2;0;7100;0;0;0;0;619626;1487;26;0;619986;0;0;0;0
FR;4;2021-07-08;9233;40;2;0;9256;0;0;0;0;628859;1527;28;0;629242;0;0;0;0
FR;4;2021-07-09;10282;34;1;0;10305;0;0;0;0;639141;1561;29;0;639547;0;0;0;0
FR;4;2021-07-10;4639;14;2;0;4646;0;0;0;0;643780;1575;31;0;644193;0;0;0;0
FR;4;2021-07-11;583;4;1;0;581;0;0;0;0;644363;1579;32;0;644774;0;0;0;0
FR;4;2021-07-12;5877;29;0;0;5899;0;0;0;0;650240;1608;32;0;650673;0;0;0;0
FR;4;2021-07-13;14231;29;0;0;14249;0;0;0;0;664471;1637;32;0;664922;0;0;0;0
FR;4;2021-07-14;2291;15;0;0;2291;0;0;0;0;666762;1652;32;0;667213;0;0;0;0
FR;4;2021-07-15;18238;37;0;0;18255;0;0;0;0;685000;1689;32;0;685468;0;0;0;0
FR;4;2021-07-16;22838;71;2;0;22888;0;0;0;0;707838;1760;34;0;708356;0;0;0;0
FR;4;2021-07-17;9741;20;0;0;9749;0;0;0;0;717579;1780;34;0;718105;0;0;0;0
FR;4;2021-07-18;1358;5;0;0;1361;0;0;0;0;718937;1785;34;0;719466;0;0;0;0
FR;4;2021-07-19;12991;30;1;0;13016;0;0;0;0;731928;1815;35;0;732482;0;0;0;0
FR;4;2021-07-20;17344;26;1;0;17360;0;0;0;0;749272;1841;36;0;749842;0;0;0;0
FR;4;2021-07-21;15622;33;0;0;15642;0;0;0;0;764894;1874;36;0;765484;0;0;0;0
FR;4;2021-07-22;18247;44;2;0;18271;0;0;0;0;783141;1918;38;0;783755;0;0;0;0
FR;4;2021-07-23;20419;57;7;0;20452;0;0;0;0;803560;1975;45;0;804207;0;0;0;0
FR;4;2021-07-24;9289;34;0;0;9304;0;0;0;0;812849;2009;45;0;813511;0;0;0;0
FR;4;2021-07-25;1356;11;0;0;1358;0;0;0;0;814205;2020;45;0;814869;0;0;0;0
FR;4;2021-07-26;11048;23;0;0;11055;0;0;0;0;825253;2043;45;0;825924;0;0;0;0
FR;4;2021-07-27;14687;35;3;0;14707;0;0;0;0;839940;2078;48;0;840631;0;0;0;0
FR;4;2021-07-28;12936;26;2;0;12953;0;0;0;0;852876;2104;50;0;853584;0;0;0;0
FR;4;2021-07-29;14096;54;4;0;14137;0;0;0;0;866972;2158;54;0;867721;0;0;0;0
FR;4;2021-07-30;15502;46;2;0;15533;0;0;0;0;882474;2204;56;0;883254;0;0;0;0
FR;4;2021-07-31;6845;14;2;0;6855;0;0;0;0;889319;2218;58;0;890109;0;0;0;0
FR;4;2021-08-01;906;1;0;0;901;0;0;0;0;890225;2219;58;0;891010;0;0;0;0
FR;4;2021-08-02;7917;31;0;0;7918;0;0;0;0;898142;2250;58;0;898928;0;0;0;0
FR;4;2021-08-03;10805;31;2;0;10801;0;0;0;0;908947;2281;60;0;909729;0;0;0;0
FR;4;2021-08-04;9749;29;0;0;9748;0;0;0;0;918696;2310;60;0;919477;0;0;0;0
FR;4;2021-08-05;9831;42;0;0;9837;0;0;0;0;928527;2352;60;0;929314;0;0;0;0
FR;4;2021-08-06;10201;30;3;0;10198;0;0;0;0;938728;2382;63;0;939512;0;0;0;0
FR;4;2021-08-07;5100;30;1;0;5116;0;0;0;0;943828;2412;64;0;944628;0;0;0;0
FR;4;2021-08-08;1224;13;0;0;1227;0;0;0;0;945052;2425;64;0;945855;0;0;0;0
FR;4;2021-08-09;6350;31;0;0;6343;0;0;0;0;951402;2456;64;0;952198;0;0;0;0
FR;4;2021-08-10;8753;18;0;0;8724;0;0;0;0;960155;2474;64;0;960922;0;0;0;0
FR;4;2021-08-11;7944;34;4;0;7933;0;0;0;0;968099;2508;68;0;968855;0;0;0;0
FR;4;2021-08-12;8585;31;1;0;8573;0;0;0;0;976684;2539;69;0;977428;0;0;0;0
FR;4;2021-08-13;7559;25;0;1;7546;0;0;0;0;984243;2564;69;1;984974;0;0;0;0
FR;4;2021-08-14;3793;20;0;0;3777;0;0;0;0;988036;2584;69;1;988751;0;0;0;0
FR;4;2021-08-15;771;5;0;0;773;0;0;0;0;988807;2589;69;1;989524;0;0;0;0
FR;4;2021-08-16;4009;17;0;0;4004;0;0;0;0;992816;2606;69;1;993528;0;0;0;0
FR;4;2021-08-17;5631;17;1;0;5621;0;0;0;0;998447;2623;70;1;999149;0;0;0;0
FR;4;2021-08-18;5171;37;0;0;5188;0;0;0;0;1003618;2660;70;1;1004337;0;0;0;0
FR;4;2021-08-19;5488;34;3;0;5502;0;0;0;0;1009106;2694;73;1;1009839;0;0;0;0
FR;4;2021-08-20;5225;25;1;0;5235;0;0;0;0;1014331;2719;74;1;1015074;0;0;0;0
FR;4;2021-08-21;2311;22;1;0;2327;0;0;0;0;1016642;2741;75;1;1017401;0;0;0;0
FR;4;2021-08-22;414;2;0;0;415;0;0;0;0;1017056;2743;75;1;1017816;0;0;0;0
FR;4;2021-08-23;2935;21;1;0;2943;0;0;0;0;1019991;2764;76;1;1020759;0;0;0;0
FR;4;2021-08-24;3758;16;0;0;3761;0;0;0;0;1023749;2780;76;1;1024520;0;0;0;0
FR;4;2021-08-25;3545;25;1;0;3561;0;0;0;0;1027294;2805;77;1;1028081;0;0;0;0
FR;4;2021-08-26;3716;21;2;0;3728;0;0;0;0;1031010;2826;79;1;1031809;0;0;0;0
FR;4;2021-08-27;3617;31;2;0;3635;0;0;0;0;1034627;2857;81;1;1035444;0;0;0;0
FR;4;2021-08-28;1732;10;1;0;1737;0;0;0;0;1036359;2867;82;1;1037181;0;0;0;0
FR;4;2021-08-29;385;7;1;0;389;0;0;0;0;1036744;2874;83;1;1037570;0;0;0;0
FR;4;2021-08-30;2010;25;0;0;2018;16;0;0;0;1038754;2899;83;1;1039588;16;0;0;0
FR;4;2021-08-31;2486;21;0;0;2493;14;0;0;0;1041240;2920;83;1;1042081;30;0;0;0
FR;4;2021-09-01;2085;38;1;0;2096;22;0;0;0;1043325;2958;84;1;1044177;52;0;0;0
FR;4;2021-09-02;2307;31;4;0;2320;18;0;0;0;1045632;2989;88;1;1046497;70;0;0;0
FR;4;2021-09-03;2365;44;5;0;2374;36;0;0;0;1047997;3033;93;1;1048871;106;0;0;0
FR;4;2021-09-04;1374;18;0;0;1381;9;0;0;0;1049371;3051;93;1;1050252;115;0;0;0
FR;4;2021-09-05;433;2;0;0;433;2;0;0;0;1049804;3053;93;1;1050685;117;0;0;0
FR;4;2021-09-06;1713;63;0;0;1750;25;0;0;0;1051517;3116;93;1;1052435;142;0;0;0
FR;4;2021-09-07;1681;18;0;0;1690;8;0;0;0;1053198;3134;93;1;1054125;150;0;0;0
FR;4;2021-09-08;1286;26;3;0;1291;19;0;0;0;1054484;3160;96;1;1055416;169;0;0;0
FR;4;2021-09-09;1393;23;2;0;1403;9;0;0;0;1055877;3183;98;1;1056819;178;0;0;0
FR;4;2021-09-10;1521;31;2;0;1525;23;1;0;0;1057398;3214;100;1;1058344;201;1;0;0
FR;4;2021-09-11;746;11;0;0;749;3;0;0;0;1058144;3225;100;1;1059093;204;1;0;0
FR;4;2021-09-12;169;5;0;0;170;4;0;0;0;1058313;3230;100;1;1059263;208;1;0;0
FR;4;2021-09-13;1325;22;1;0;1328;16;0;0;0;1059638;3252;101;1;1060591;224;1;0;0
FR;4;2021-09-14;1503;9;2;0;1505;7;0;0;0;1061141;3261;103;1;1062096;231;1;0;0
FR;4;2021-09-15;1095;28;1;0;1098;25;0;0;0;1062236;3289;104;1;1063194;256;1;0;0
FR;4;2021-09-16;1106;22;2;0;1110;15;0;0;0;1063342;3311;106;1;1064304;271;1;0;0
FR;4;2021-09-17;897;21;1;0;904;12;0;0;0;1064239;3332;107;1;1065208;283;1;0;0
FR;4;2021-09-18;464;7;1;0;465;6;0;0;0;1064703;3339;108;1;1065673;289;1;0;0
FR;4;2021-09-19;182;3;0;0;183;2;0;0;0;1064885;3342;108;1;1065856;291;1;0;0
FR;4;2021-09-20;452;19;0;0;458;13;0;0;0;1065337;3361;108;1;1066314;304;1;0;0
FR;4;2021-09-21;433;11;0;0;435;7;0;0;0;1065770;3372;108;1;1066749;311;1;0;0
FR;4;2021-09-22;376;19;2;0;383;13;0;0;0;1066146;3391;110;1;1067132;324;1;0;0
FR;4;2021-09-23;487;15;1;0;488;14;0;0;0;1066633;3406;111;1;1067620;338;1;0;0
FR;4;2021-09-24;414;13;2;0;418;9;0;0;0;1067047;3419;113;1;1068038;347;1;0;0
FR;4;2021-09-25;280;10;1;0;281;5;0;0;0;1067327;3429;114;1;1068319;352;1;0;0
FR;4;2021-09-26;74;2;0;0;75;1;0;0;0;1067401;3431;114;1;1068394;353;1;0;0
FR;4;2021-09-27;269;10;1;0;270;8;0;0;0;1067670;3441;115;1;1068664;361;1;0;0
FR;4;2021-09-28;319;8;0;0;319;8;0;0;0;1067989;3449;115;1;1068983;369;1;0;0
FR;4;2021-09-29;378;19;1;0;380;13;0;0;0;1068367;3468;116;1;1069363;382;1;0;0
FR;4;2021-09-30;365;41;0;0;379;22;0;0;0;1068732;3509;116;1;1069742;404;1;0;0
FR;4;2021-10-01;411;56;0;0;413;50;0;0;0;1069143;3565;116;1;1070155;454;1;0;0
FR;4;2021-10-02;196;23;1;0;198;14;0;0;0;1069339;3588;117;1;1070353;468;1;0;0
FR;4;2021-10-03;86;1;0;0;87;0;0;0;0;1069425;3589;117;1;1070440;468;1;0;0
FR;4;2021-10-04;363;20;1;0;367;16;0;0;0;1069788;3609;118;1;1070807;484;1;0;0
FR;4;2021-10-05;286;19;2;0;288;15;0;0;0;1070074;3628;120;1;1071095;499;1;0;0
FR;4;2021-10-06;249;23;1;0;254;18;0;0;0;1070323;3651;121;1;1071349;517;1;0;0
FR;4;2021-10-07;267;25;2;0;272;13;0;0;0;1070590;3676;123;1;1071621;530;1;0;0
FR;4;2021-10-08;357;24;2;0;360;20;0;0;0;1070947;3700;125;1;1071981;550;1;0;0
FR;4;2021-10-09;194;6;6;0;195;7;0;0;0;1071141;3706;131;1;1072176;557;1;0;0
FR;4;2021-10-10;97;3;2;0;99;3;0;0;0;1071238;3709;133;1;1072275;560;1;0;0
FR;4;2021-10-11;251;15;1;0;252;14;0;0;0;1071489;3724;134;1;1072527;574;1;0;0
FR;4;2021-10-12;211;14;0;0;211;13;0;0;0;1071700;3738;134;1;1072738;587;1;0;0
FR;4;2021-10-13;221;28;1;0;224;25;0;0;0;1071921;3766;135;1;1072962;612;1;0;0
FR;4;2021-10-14;316;21;4;0;320;15;0;0;0;1072237;3787;139;1;1073282;627;1;0;0
FR;4;2021-10-15;323;24;5;0;324;25;0;0;0;1072560;3811;144;1;1073606;652;1;0;0
FR;4;2021-10-16;167;6;2;0;167;6;0;0;0;1072727;3817;146;1;1073773;658;1;0;0
FR;4;2021-10-17;70;2;0;0;71;1;0;0;0;1072797;3819;146;1;1073844;659;1;0;0
FR;4;2021-10-18;281;16;1;0;283;13;0;0;0;1073078;3835;147;1;1074127;672;1;0;0
FR;4;2021-10-19;216;14;2;0;216;15;0;0;0;1073294;3849;149;1;1074343;687;1;0;0
FR;4;2021-10-20;231;27;4;0;234;15;0;0;0;1073525;3876;153;1;1074577;702;1;0;0
FR;4;2021-10-21;243;18;0;0;245;14;0;0;0;1073768;3894;153;1;1074822;716;1;0;0
FR;4;2021-10-22;217;25;2;0;219;20;1;0;0;1073985;3919;155;1;1075041;736;2;0;0
FR;4;2021-10-23;117;16;1;0;118;15;0;0;0;1074102;3935;156;1;1075159;751;2;0;0
FR;4;2021-10-24;39;4;0;0;39;1;0;0;0;1074141;3939;156;1;1075198;752;2;0;0
FR;4;2021-10-25;218;7;2;0;218;9;0;0;0;1074359;3946;158;1;1075416;761;2;0;0
FR;4;2021-10-26;200;14;0;0;202;12;0;0;0;1074559;3960;158;1;1075618;773;2;0;0
FR;4;2021-10-27;196;12;4;0;196;12;2;0;0;1074755;3972;162;1;1075814;785;4;0;0
FR;4;2021-10-28;186;18;5;0;186;22;0;0;0;1074941;3990;167;1;1076000;807;4;0;0
FR;4;2021-10-29;225;17;2;0;226;15;0;0;0;1075166;4007;169;1;1076226;822;4;0;0
FR;4;2021-10-30;104;2;1;0;105;2;0;0;0;1075270;4009;170;1;1076331;824;4;0;0
FR;4;2021-10-31;59;3;2;0;60;3;0;0;0;1075329;4012;172;1;1076391;827;4;0;0
FR;4;2021-11-01;76;27;4;0;77;24;3;0;0;1075405;4039;176;1;1076468;851;7;0;0
FR;4;2021-11-02;164;21;2;0;165;21;0;0;0;1075569;4060;178;1;1076633;872;7;0;0
FR;4;2021-11-03;132;21;8;1;133;19;6;0;0;1075701;4081;186;2;1076766;891;13;0;0
FR;4;2021-11-04;187;15;1;0;188;12;1;0;0;1075888;4096;187;2;1076954;903;14;0;0
FR;4;2021-11-05;130;17;1;0;131;16;0;0;0;1076018;4113;188;2;1077085;919;14;0;0
FR;4;2021-11-06;81;6;1;0;81;6;0;0;0;1076099;4119;189;2;1077166;925;14;0;0
FR;4;2021-11-07;82;2;2;0;82;4;0;0;0;1076181;4121;191;2;1077248;929;14;0;0
FR;4;2021-11-08;162;20;1;0;163;20;0;0;0;1076343;4141;192;2;1077411;949;14;0;0
FR;4;2021-11-09;159;14;3;0;159;16;0;0;0;1076502;4155;195;2;1077570;965;14;0;0
FR;4;2021-11-10;121;30;7;0;121;33;2;0;0;1076623;4185;202;2;1077691;998;16;0;0
FR;4;2021-11-11;100;10;1;0;100;11;0;0;0;1076723;4195;203;2;1077791;1009;16;0;0
FR;4;2021-11-12;106;19;2;0;107;18;1;0;0;1076829;4214;205;2;1077898;1027;17;0;0
FR;4;2021-11-13;74;15;2;0;75;14;0;0;0;1076903;4229;207;2;1077973;1041;17;0;0
FR;4;2021-11-14;55;5;4;0;56;8;0;0;0;1076958;4234;211;2;1078029;1049;17;0;0
FR;4;2021-11-15;99;26;2;0;101;24;2;0;0;1077057;4260;213;2;1078130;1073;19;0;0
FR;4;2021-11-16;108;14;3;0;108;17;0;0;0;1077165;4274;216;2;1078238;1090;19;0;0
FR;4;2021-11-17;121;30;4;0;121;30;1;0;0;1077286;4304;220;2;1078359;1120;20;0;0
FR;4;2021-11-18;103;34;14;0;105;43;1;0;0;1077389;4338;234;2;1078464;1163;21;0;0
FR;4;2021-11-19;89;21;3;0;89;22;1;0;0;1077478;4359;237;2;1078553;1185;22;0;0
FR;4;2021-11-20;78;8;1;0;78;8;0;0;0;1077556;4367;238;2;1078631;1193;22;0;0
FR;4;2021-11-21;69;7;2;0;69;9;0;0;0;1077625;4374;240;2;1078700;1202;22;0;0
FR;4;2021-11-22;109;28;9;0;110;33;2;0;0;1077734;4402;249;2;1078810;1235;24;0;0
FR;4;2021-11-23;78;31;6;0;79;29;2;0;0;1077812;4433;255;2;1078889;1264;26;0;0
FR;4;2021-11-24;90;23;12;0;92;25;4;0;0;1077902;4456;267;2;1078981;1289;30;0;0
FR;4;2021-11-25;96;28;19;0;97;35;5;0;0;1077998;4484;286;2;1079078;1324;35;0;0
FR;4;2021-11-26;85;43;12;0;89;45;3;0;0;1078083;4527;298;2;1079167;1369;38;0;0
FR;4;2021-11-27;42;22;15;0;42;25;10;0;0;1078125;4549;313;2;1079209;1394;48;0;0
FR;4;2021-11-28;52;8;0;0;53;7;0;0;0;1078177;4557;313;2;1079262;1401;48;0;0
FR;4;2021-11-29;90;31;16;0;90;40;2;0;0;1078267;4588;329;2;1079352;1441;50;0;0
FR;4;2021-11-30;77;37;13;0;77;42;2;0;0;1078344;4625;342;2;1079429;1483;52;0;0
FR;4;2021-12-01;88;60;19;0;88;67;11;0;0;1078432;4685;361;2;1079517;1550;63;0;0
FR;4;2021-12-02;112;48;21;0;116;56;3;0;0;1078544;4733;382;2;1079633;1606;66;0;0
FR;4;2021-12-03;104;36;15;0;104;44;4;0;0;1078648;4769;397;2;1079737;1650;70;0;0
FR;4;2021-12-04;72;31;18;0;74;44;1;0;0;1078720;4800;415;2;1079811;1694;71;0;0
FR;4;2021-12-05;64;7;1;0;65;7;0;0;0;1078784;4807;416;2;1079876;1701;71;0;0
FR;4;2021-12-06;111;46;19;0;111;59;3;0;0;1078895;4853;435;2;1079987;1760;74;0;0
FR;4;2021-12-07;85;37;9;0;88;36;3;0;0;1078980;4890;444;2;1080075;1796;77;0;0
FR;4;2021-12-08;72;31;17;0;74;38;7;0;0;1079052;4921;461;2;1080149;1834;84;0;0
FR;4;2021-12-09;65;32;10;1;65;39;3;0;0;1079117;4953;471;3;1080214;1873;87;0;0
FR;4;2021-12-10;63;64;20;0;64;68;10;0;0;1079180;5017;491;3;1080278;1941;97;0;0
FR;4;2021-12-11;29;34;7;0;29;34;3;0;0;1079209;5051;498;3;1080307;1975;100;0;0
FR;4;2021-12-12;29;12;3;0;29;15;0;0;0;1079238;5063;501;3;1080336;1990;100;0;0
FR;4;2021-12-13;76;40;14;0;78;49;2;0;0;1079314;5103;515;3;1080414;2039;102;0;0
FR;4;2021-12-14;61;43;17;0;62;54;2;0;0;1079375;5146;532;3;1080476;2093;104;0;0
FR;4;2021-12-15;68;64;29;0;68;85;6;0;0;1079443;5210;561;3;1080544;2178;110;0;0
FR;4;2021-12-16;34;45;19;0;35;58;4;0;0;1079477;5255;580;3;1080579;2236;114;0;0
FR;4;2021-12-17;39;55;11;0;39;59;6;0;0;1079516;5310;591;3;1080618;2295;120;0;0
FR;4;2021-12-18;49;30;2;0;50;31;0;0;0;1079565;5340;593;3;1080668;2326;120;0;0
FR;4;2021-12-19;16;4;1;0;17;4;0;0;0;1079581;5344;594;3;1080685;2330;120;0;0
FR;4;2021-12-20;45;38;10;0;46;41;6;0;0;1079626;5382;604;3;1080731;2371;126;0;0
FR;4;2021-12-21;31;32;17;0;33;39;5;0;0;1079657;5414;621;3;1080764;2410;131;0;0
FR;4;2021-12-22;37;38;10;0;38;38;7;0;0;1079694;5452;631;3;1080802;2448;138;0;0
FR;4;2021-12-23;40;45;8;0;40;49;2;0;0;1079734;5497;639;3;1080842;2497;140;0;0
FR;4;2021-12-24;24;28;10;0;26;31;4;0;0;1079758;5525;649;3;1080868;2528;144;0;0
FR;4;2021-12-25;7;3;3;0;7;4;2;0;0;1079765;5528;652;3;1080875;2532;146;0;0
FR;4;2021-12-26;5;3;1;0;6;2;0;0;0;1079770;5531;653;3;1080881;2534;146;0;0
FR;4;2021-12-27;31;41;9;0;32;43;4;0;0;1079801;5572;662;3;1080913;2577;150;0;0
FR;4;2021-12-28;27;28;7;0;29;29;4;0;0;1079828;5600;669;3;1080942;2606;154;0;0
FR;4;2021-12-29;56;25;11;0;57;30;5;0;0;1079884;5625;680;3;1080999;2636;159;0;0
FR;4;2021-12-30;48;19;12;0;51;22;5;0;0;1079932;5644;692;3;1081050;2658;164;0;0
FR;4;2021-12-31;20;6;8;0;21;11;2;0;0;1079952;5650;700;3;1081071;2669;166;0;0
FR;4;2022-01-01;6;4;5;0;6;7;1;0;0;1079958;5654;705;3;1081077;2676;167;0;0
FR;4;2022-01-02;42;5;16;0;42;20;1;0;0;1080000;5659;721;3;1081119;2696;168;0;0
FR;4;2022-01-03;44;55;23;1;46;63;10;0;0;1080044;5714;744;4;1081165;2759;178;0;0
FR;4;2022-01-04;38;28;16;0;39;33;8;0;0;1080082;5742;760;4;1081204;2792;186;0;0
FR;4;2022-01-05;51;24;19;0;57;27;9;0;0;1080133;5766;779;4;1081261;2819;195;0;0
FR;4;2022-01-06;52;23;24;0;52;39;8;0;0;1080185;5789;803;4;1081313;2858;203;0;0
FR;4;2022-01-07;31;20;16;0;33;21;12;0;0;1080216;5809;819;4;1081346;2879;215;0;0
FR;4;2022-01-08;13;6;10;0;14;12;3;0;0;1080229;5815;829;4;1081360;2891;218;0;0
FR;4;2022-01-09;20;2;3;0;21;4;0;0;0;1080249;5817;832;4;1081381;2895;218;0;0
FR;4;2022-01-10;51;22;19;0;51;36;4;0;0;1080300;5839;851;4;1081432;2931;222;0;0
FR;4;2022-01-11;30;31;12;0;34;35;1;0;0;1080330;5870;863;4;1081466;2966;223;0;0
FR;4;2022-01-12;35;21;13;0;37;23;9;0;0;1080365;5891;876;4;1081503;2989;232;0;0
FR;4;2022-01-13;55;20;27;0;56;38;8;0;0;1080420;5911;903;4;1081559;3027;240;0;0
FR;4;2022-01-14;25;32;13;0;26;35;7;0;0;1080445;5943;916;4;1081585;3062;247;0;0
FR;4;2022-01-15;15;6;8;0;16;12;1;0;0;1080460;5949;924;4;1081601;3074;248;0;0
FR;4;2022-01-16;12;9;14;0;12;22;1;0;0;1080472;5958;938;4;1081613;3096;249;0;0
FR;4;2022-01-17;27;19;14;0;27;27;5;0;0;1080499;5977;952;4;1081640;3123;254;0;0
FR;4;2022-01-18;17;14;10;0;17;21;3;0;0;1080516;5991;962;4;1081657;3144;257;0;0
FR;4;2022-01-19;32;23;13;0;32;34;1;0;0;1080548;6014;975;4;1081689;3178;258;0;0
FR;4;2022-01-20;34;34;13;0;36;39;5;0;0;1080582;6048;988;4;1081725;3217;263;0;0
FR;4;2022-01-21;11;12;20;1;11;17;15;0;1;1080593;6060;1008;5;1081736;3234;278;0;1
FR;4;2022-01-22;30;13;3;0;30;14;2;0;0;1080623;6073;1011;5;1081766;3248;280;0;1
FR;4;2022-01-23;8;2;6;0;8;8;0;0;0;1080631;6075;1017;5;1081774;3256;280;0;1
FR;4;2022-01-24;14;21;9;0;15;28;1;0;0;1080645;6096;1026;5;1081789;3284;281;0;1
FR;4;2022-01-25;22;32;10;1;23;38;3;0;0;1080667;6128;1036;6;1081812;3322;284;0;1
FR;4;2022-01-26;20;17;9;1;21;21;4;0;0;1080687;6145;1045;7;1081833;3343;288;0;1
FR;4;2022-01-27;21;19;8;0;22;25;1;0;0;1080708;6164;1053;7;1081855;3368;289;0;1
FR;4;2022-01-28;13;23;8;0;14;26;4;0;0;1080721;6187;1061;7;1081869;3394;293;0;1
FR;4;2022-01-29;17;6;5;0;17;10;0;0;0;1080738;6193;1066;7;1081886;3404;293;0;1
FR;4;2022-01-30;19;3;2;0;19;5;0;0;0;1080757;6196;1068;7;1081905;3409;293;0;1
FR;4;2022-01-31;22;28;8;0;22;32;2;0;0;1080779;6224;1076;7;1081927;3441;295;0;1
FR;4;2022-02-01;13;24;12;0;15;24;9;0;0;1080792;6248;1088;7;1081942;3465;304;0;1
FR;4;2022-02-02;18;11;14;2;18;20;7;0;0;1080810;6259;1102;9;1081960;3485;311;0;1
FR;4;2022-02-03;16;24;11;0;18;29;4;0;0;1080826;6283;1113;9;1081978;3514;315;0;1
FR;4;2022-02-04;7;5;7;0;7;9;3;0;0;1080833;6288;1120;9;1081985;3523;318;0;1
FR;4;2022-02-05;7;14;1;0;8;13;1;0;0;1080840;6302;1121;9;1081993;3536;319;0;1
FR;4;2022-02-06;7;4;4;0;7;7;1;0;0;1080847;6306;1125;9;1082000;3543;320;0;1
FR;4;2022-02-07;15;19;8;0;17;19;6;0;0;1080862;6325;1133;9;1082017;3562;326;0;1
FR;4;2022-02-08;19;21;13;1;21;22;10;0;0;1080881;6346;1146;10;1082038;3584;336;0;1
FR;4;2022-02-09;17;12;9;0;18;17;2;0;0;1080898;6358;1155;10;1082056;3601;338;0;1
FR;4;2022-02-10;23;23;10;0;24;25;7;0;0;1080921;6381;1165;10;1082080;3626;345;0;1
FR;4;2022-02-11;18;15;8;0;18;20;3;0;0;1080939;6396;1173;10;1082098;3646;348;0;1
FR;4;2022-02-12;24;6;3;0;26;7;0;0;0;1080963;6402;1176;10;1082124;3653;348;0;1
FR;4;2022-02-13;7;3;3;0;7;6;0;0;0;1080970;6405;1179;10;1082131;3659;348;0;1
FR;4;2022-02-14;20;10;10;0;20;16;4;0;0;1080990;6415;1189;10;1082151;3675;352;0;1
FR;4;2022-02-15;18;7;2;0;18;8;0;0;0;1081008;6422;1191;10;1082169;3683;352;0;1
FR;4;2022-02-16;17;10;11;0;17;17;3;0;0;1081025;6432;1202;10;1082186;3700;355;0;1
FR;4;2022-02-17;11;4;5;0;11;7;2;0;0;1081036;6436;1207;10;1082197;3707;357;0;1
FR;4;2022-02-18;16;15;8;0;16;21;2;0;0;1081052;6451;1215;10;1082213;3728;359;0;1
FR;4;2022-02-19;16;4;2;0;17;5;0;0;0;1081068;6455;1217;10;1082230;3733;359;0;1
FR;4;2022-02-20;8;3;0;0;9;2;0;0;0;1081076;6458;1217;10;1082239;3735;359;0;1
FR;4;2022-02-21;24;4;4;0;24;6;2;0;0;1081100;6462;1221;10;1082263;3741;361;0;1
FR;4;2022-02-22;8;5;10;0;9;10;4;0;0;1081108;6467;1231;10;1082272;3751;365;0;1
FR;4;2022-02-23;17;6;10;0;17;10;5;0;0;1081125;6473;1241;10;1082289;3761;370;0;1
FR;4;2022-02-24;11;5;4;0;11;7;2;0;0;1081136;6478;1245;10;1082300;3768;372;0;1
FR;4;2022-02-25;16;5;7;0;16;6;6;0;0;1081152;6483;1252;10;1082316;3774;378;0;1
FR;4;2022-02-26;27;3;0;0;27;3;0;0;0;1081179;6486;1252;10;1082343;3777;378;0;1
FR;4;2022-02-27;9;0;1;0;9;1;0;0;0;1081188;6486;1253;10;1082352;3778;378;0;1
FR;4;2022-02-28;18;3;2;0;19;3;1;0;0;1081206;6489;1255;10;1082371;3781;379;0;1
FR;4;2022-03-01;8;4;7;0;8;5;5;0;0;1081214;6493;1262;10;1082379;3786;384;0;1
FR;4;2022-03-02;16;2;5;0;16;6;1;0;0;1081230;6495;1267;10;1082395;3792;385;0;1
FR;4;2022-03-03;19;5;3;0;19;6;1;0;0;1081249;6500;1270;10;1082414;3798;386;0;1
FR;4;2022-03-04;7;8;2;1;7;6;3;0;0;1081256;6508;1272;11;1082421;3804;389;0;1
FR;4;2022-03-05;9;2;0;0;9;2;0;0;0;1081265;6510;1272;11;1082430;3806;389;0;1
FR;4;2022-03-06;4;0;1;0;4;1;0;0;0;1081269;6510;1273;11;1082434;3807;389;0;1
FR;4;2022-03-07;10;6;2;0;10;5;2;0;0;1081279;6516;1275;11;1082444;3812;391;0;1
FR;4;2022-03-08;15;3;0;0;15;3;0;0;0;1081294;6519;1275;11;1082459;3815;391;0;1
FR;4;2022-03-09;9;7;2;0;11;7;0;0;0;1081303;6526;1277;11;1082470;3822;391;0;1
FR;4;2022-03-10;5;1;6;0;5;3;4;0;0;1081308;6527;1283;11;1082475;3825;395;0;1
FR;4;2022-03-11;10;4;5;0;12;2;5;0;0;1081318;6531;1288;11;1082487;3827;400;0;1
FR;4;2022-03-12;10;2;0;0;11;0;0;0;0;1081328;6533;1288;11;1082498;3827;400;0;1
FR;4;2022-03-13;6;2;1;0;7;2;0;0;0;1081334;6535;1289;11;1082505;3829;400;0;1
FR;4;2022-03-14;4;3;1;0;5;3;0;0;0;1081338;6538;1290;11;1082510;3832;400;0;1
FR;4;2022-03-15;8;6;3;0;10;5;2;0;0;1081346;6544;1293;11;1082520;3837;402;0;1
FR;4;2022-03-16;7;3;3;0;7;3;3;0;0;1081353;6547;1296;11;1082527;3840;405;0;1
FR;4;2022-03-17;3;4;1;0;3;5;0;0;0;1081356;6551;1297;11;1082530;3845;405;0;1
FR;4;2022-03-18;9;3;0;0;9;3;0;0;0;1081365;6554;1297;11;1082539;3848;405;0;1
FR;4;2022-03-19;1;1;1;0;1;2;0;0;0;1081366;6555;1298;11;1082540;3850;405;0;1
FR;4;2022-03-20;3;1;2;0;3;2;1;0;0;1081369;6556;1300;11;1082543;3852;406;0;1
FR;4;2022-03-21;6;4;1;0;6;5;0;0;0;1081375;6560;1301;11;1082549;3857;406;0;1
FR;4;2022-03-22;4;2;2;0;4;3;1;0;0;1081379;6562;1303;11;1082553;3860;407;0;1
FR;4;2022-03-23;6;4;5;0;6;8;1;0;0;1081385;6566;1308;11;1082559;3868;408;0;1
FR;4;2022-03-24;2;5;3;1;2;7;2;0;0;1081387;6571;1311;12;1082561;3875;410;0;1
FR;4;2022-03-25;3;1;2;0;3;1;2;0;0;1081390;6572;1313;12;1082564;3876;412;0;1
FR;4;2022-03-26;5;5;0;0;5;5;0;0;0;1081395;6577;1313;12;1082569;3881;412;0;1
FR;4;2022-03-27;1;0;3;0;1;2;1;0;0;1081396;6577;1316;12;1082570;3883;413;0;1
FR;4;2022-03-28;6;1;3;0;7;3;0;0;0;1081402;6578;1319;12;1082577;3886;413;0;1
FR;4;2022-03-29;9;0;4;1;9;0;2;0;0;1081411;6578;1323;13;1082586;3886;415;0;1
FR;4;2022-03-30;3;4;0;0;3;4;0;0;0;1081414;6582;1323;13;1082589;3890;415;0;1
FR;4;2022-03-31;3;3;2;1;3;4;1;0;0;1081417;6585;1325;14;1082592;3894;416;0;1
FR;4;2022-04-01;15;3;5;0;15;6;2;0;0;1081432;6588;1330;14;1082607;3900;418;0;1
FR;4;2022-04-02;4;4;0;0;5;3;0;0;0;1081436;6592;1330;14;1082612;3903;418;0;1
FR;4;2022-04-03;0;1;0;0;0;1;0;0;0;1081436;6593;1330;14;1082612;3904;418;0;1
FR;4;2022-04-04;4;4;4;0;5;5;2;0;0;1081440;6597;1334;14;1082617;3909;420;0;1
FR;4;2022-04-05;4;3;3;1;5;3;3;0;0;1081444;6600;1337;15;1082622;3912;423;0;1
FR;4;2022-04-06;6;1;0;0;6;1;0;0;0;1081450;6601;1337;15;1082628;3913;423;0;1
FR;4;2022-04-07;3;2;3;2;3;5;0;0;0;1081453;6603;1340;17;1082631;3918;423;0;1
FR;4;2022-04-08;4;2;1;0;4;2;1;0;0;1081457;6605;1341;17;1082635;3920;424;0;1
FR;4;2022-04-09;0;0;1;1;0;1;1;0;0;1081457;6605;1342;18;1082635;3921;425;0;1
FR;4;2022-04-10;2;2;0;0;2;2;0;0;0;1081459;6607;1342;18;1082637;3923;425;0;1
FR;4;2022-04-11;4;3;4;0;4;5;2;0;0;1081463;6610;1346;18;1082641;3928;427;0;1
FR;4;2022-04-12;5;1;4;0;5;2;3;0;0;1081468;6611;1350;18;1082646;3930;430;0;1
FR;4;2022-04-13;5;8;2;0;5;10;0;0;0;1081473;6619;1352;18;1082651;3940;430;0;1
FR;4;2022-04-14;6;4;2;1;7;5;1;0;0;1081479;6623;1354;19;1082658;3945;431;0;1
FR;4;2022-04-15;7;9;1;0;7;10;0;0;0;1081486;6632;1355;19;1082665;3955;431;0;1
FR;4;2022-04-16;1;0;0;0;1;0;0;0;0;1081487;6632;1355;19;1082666;3955;431;0;1
FR;4;2022-04-17;3;2;1;0;3;3;0;0;0;1081490;6634;1356;19;1082669;3958;431;0;1
FR;4;2022-04-18;2;2;6;0;2;4;4;0;0;1081492;6636;1362;19;1082671;3962;435;0;1
FR;4;2022-04-19;3;0;1;0;3;0;1;0;0;1081495;6636;1363;19;1082674;3962;436;0;1
FR;4;2022-04-20;15;4;1;1;16;3;1;0;0;1081510;6640;1364;20;1082690;3965;437;0;1
FR;4;2022-04-21;7;1;0;0;7;1;0;0;0;1081517;6641;1364;20;1082697;3966;437;0;1
FR;4;2022-04-22;1;1;2;0;1;2;1;0;0;1081518;6642;1366;20;1082698;3968;438;0;1
FR;4;2022-04-23;2;3;3;0;2;6;0;0;0;1081520;6645;1369;20;1082700;3974;438;0;1
FR;4;2022-04-24;0;3;0;0;0;3;0;0;0;1081520;6648;1369;20;1082700;3977;438;0;1
FR;4;2022-04-25;3;5;3;0;3;8;0;0;0;1081523;6653;1372;20;1082703;3985;438;0;1
FR;4;2022-04-26;5;6;1;0;5;6;1;0;0;1081528;6659;1373;20;1082708;3991;439;0;1
FR;4;2022-04-27;4;1;1;2;5;1;2;0;0;1081532;6660;1374;22;1082713;3992;441;0;1
FR;4;2022-04-28;3;5;5;1;3;7;4;0;0;1081535;6665;1379;23;1082716;3999;445;0;1
FR;4;2022-04-29;6;3;0;0;6;2;0;0;0;1081541;6668;1379;23;1082722;4001;445;0;1
FR;4;2022-04-30;2;1;1;0;2;2;0;0;0;1081543;6669;1380;23;1082724;4003;445;0;1
FR;4;2022-05-01;0;0;0;0;0;0;0;0;0;1081543;6669;1380;23;1082724;4003;445;0;1
FR;4;2022-05-02;5;16;6;0;5;19;3;0;0;1081548;6685;1386;23;1082729;4022;448;0;1
FR;4;2022-05-03;2;6;2;0;2;7;1;0;0;1081550;6691;1388;23;1082731;4029;449;0;1
FR;4;2022-05-04;7;4;1;0;7;4;1;0;0;1081557;6695;1389;23;1082738;4033;450;0;1
FR;4;2022-05-05;4;2;1;1;5;1;2;0;0;1081561;6697;1390;24;1082743;4034;452;0;1
FR;4;2022-05-06;5;3;1;0;6;2;1;0;0;1081566;6700;1391;24;1082749;4036;453;0;1
FR;4;2022-05-07;0;0;0;0;0;0;0;0;0;1081566;6700;1391;24;1082749;4036;453;0;1
FR;4;2022-05-08;1;1;0;0;1;1;0;0;0;1081567;6701;1391;24;1082750;4037;453;0;1
FR;4;2022-05-09;5;1;0;1;5;1;1;0;0;1081572;6702;1391;25;1082755;4038;454;0;1
FR;4;2022-05-10;3;1;0;2;3;3;0;0;0;1081575;6703;1391;27;1082758;4041;454;0;1
FR;4;2022-05-11;4;2;4;0;4;5;1;0;0;1081579;6705;1395;27;1082762;4046;455;0;1
FR;4;2022-05-12;7;4;2;1;7;5;1;0;1;1081586;6709;1397;28;1082769;4051;456;0;2
FR;4;2022-05-13;1;0;2;0;1;2;0;0;0;1081587;6709;1399;28;1082770;4053;456;0;2
FR;4;2022-05-14;0;2;0;0;0;2;0;0;0;1081587;6711;1399;28;1082770;4055;456;0;2
FR;4;2022-05-15;2;2;0;0;4;0;0;0;0;1081589;6713;1399;28;1082774;4055;456;0;2
FR;4;2022-05-16;5;2;2;0;5;2;2;0;0;1081594;6715;1401;28;1082779;4057;458;0;2
FR;4;2022-05-17;5;1;2;0;5;3;0;0;0;1081599;6716;1403;28;1082784;4060;458;0;2
FR;4;2022-05-18;3;6;0;0;3;6;0;0;0;1081602;6722;1403;28;1082787;4066;458;0;2
FR;4;2022-05-19;2;3;3;0;2;5;1;0;0;1081604;6725;1406;28;1082789;4071;459;0;2
FR;4;2022-05-20;4;2;3;0;4;2;3;0;0;1081608;6727;1409;28;1082793;4073;462;0;2
FR;4;2022-05-21;2;0;1;0;2;1;0;0;0;1081610;6727;1410;28;1082795;4074;462;0;2
FR;4;2022-05-22;0;0;1;0;0;1;0;0;0;1081610;6727;1411;28;1082795;4075;462;0;2
FR;4;2022-05-23;0;0;2;0;0;0;2;0;0;1081610;6727;1413;28;1082795;4075;464;0;2
FR;4;2022-05-24;2;4;1;0;2;5;0;0;0;1081612;6731;1414;28;1082797;4080;464;0;2
FR;4;2022-05-25;1;4;1;0;3;3;0;0;0;1081613;6735;1415;28;1082800;4083;464;0;2
FR;4;2022-05-26;5;0;1;0;5;1;0;0;0;1081618;6735;1416;28;1082805;4084;464;0;2
FR;4;2022-05-27;0;2;1;1;0;3;1;0;0;1081618;6737;1417;29;1082805;4087;465;0;2
FR;4;2022-05-28;1;0;0;0;1;0;0;0;0;1081619;6737;1417;29;1082806;4087;465;0;2
FR;4;2022-05-29;1;0;1;0;1;1;0;0;0;1081620;6737;1418;29;1082807;4088;465;0;2
FR;4;2022-05-30;3;4;2;0;3;5;1;0;0;1081623;6741;1420;29;1082810;4093;466;0;2
FR;4;2022-05-31;2;1;0;0;2;1;0;0;0;1081625;6742;1420;29;1082812;4094;466;0;2
FR;4;2022-06-01;3;11;7;0;3;15;3;0;0;1081628;6753;1427;29;1082815;4109;469;0;2
FR;4;2022-06-02;6;7;3;0;6;7;2;0;0;1081634;6760;1430;29;1082821;4116;471;0;2
FR;4;2022-06-03;2;6;4;1;2;7;4;0;0;1081636;6766;1434;30;1082823;4123;475;0;2
FR;4;2022-06-04;0;1;1;1;0;1;2;0;0;1081636;6767;1435;31;1082823;4124;477;0;2
FR;4;2022-06-05;0;0;0;0;0;0;0;0;0;1081636;6767;1435;31;1082823;4124;477;0;2
FR;4;2022-06-06;7;0;3;0;7;2;1;0;0;1081643;6767;1438;31;1082830;4126;478;0;2
FR;4;2022-06-07;6;2;0;1;6;2;1;0;0;1081649;6769;1438;32;1082836;4128;479;0;2
FR;4;2022-06-08;0;5;3;0;1;7;0;0;0;1081649;6774;1441;32;1082837;4135;479;0;2
FR;4;2022-06-09;1;2;0;0;2;1;0;0;0;1081650;6776;1441;32;1082839;4136;479;0;2
FR;4;2022-06-10;4;0;3;0;4;1;2;0;0;1081654;6776;1444;32;1082843;4137;481;0;2
FR;4;2022-06-11;1;0;0;0;1;0;0;0;0;1081655;6776;1444;32;1082844;4137;481;0;2
FR;4;2022-06-12;4;0;0;0;4;0;0;0;0;1081659;6776;1444;32;1082848;4137;481;0;2
FR;4;2022-06-13;6;2;3;0;7;2;1;0;0;1081665;6778;1447;32;1082855;4139;482;0;2
FR;4;2022-06-14;4;3;0;0;5;2;0;0;0;1081669;6781;1447;32;1082860;4141;482;0;2
FR;4;2022-06-15;8;3;4;0;8;3;4;0;0;1081677;6784;1451;32;1082868;4144;486;0;2
FR;4;2022-06-16;2;3;1;1;3;2;1;0;1;1081679;6787;1452;33;1082871;4146;487;0;3
FR;4;2022-06-17;6;1;0;0;6;1;0;0;0;1081685;6788;1452;33;1082877;4147;487;0;3
FR;4;2022-06-18;0;0;0;0;0;0;0;0;0;1081685;6788;1452;33;1082877;4147;487;0;3
FR;4;2022-06-19;3;0;0;0;3;0;0;0;0;1081688;6788;1452;33;1082880;4147;487;0;3
FR;4;2022-06-20;5;2;2;1;5;3;2;0;0;1081693;6790;1454;34;1082885;4150;489;0;3
FR;4;2022-06-21;5;2;4;1;6;4;2;0;0;1081698;6792;1458;35;1082891;4154;491;0;3
FR;4;2022-06-22;3;2;1;3;4;2;1;0;0;1081701;6794;1459;38;1082895;4156;492;0;3
FR;4;2022-06-23;3;3;3;0;3;5;1;0;0;1081704;6797;1462;38;1082898;4161;493;0;3
FR;4;2022-06-24;3;0;2;0;3;0;2;0;0;1081707;6797;1464;38;1082901;4161;495;0;3
FR;4;2022-06-25;3;0;1;1;3;1;1;0;0;1081710;6797;1465;39;1082904;4162;496;0;3
FR;4;2022-06-26;0;0;1;0;0;1;0;0;0;1081710;6797;1466;39;1082904;4163;496;0;3
FR;4;2022-06-27;2;2;0;3;2;2;3;0;0;1081712;6799;1466;42;1082906;4165;499;0;3
FR;4;2022-06-28;0;4;2;1;0;5;2;0;0;1081712;6803;1468;43;1082906;4170;501;0;3
FR;4;2022-06-29;1;2;0;0;1;2;0;0;0;1081713;6805;1468;43;1082907;4172;501;0;3
FR;4;2022-06-30;2;0;0;0;2;0;0;0;0;1081715;6805;1468;43;1082909;4172;501;0;3
FR;4;2022-07-01;2;4;8;0;2;4;8;0;0;1081717;6809;1476;43;1082911;4176;509;0;3
FR;4;2022-07-02;0;1;0;0;1;0;0;0;0;1081717;6810;1476;43;1082912;4176;509;0;3
FR;4;2022-07-03;0;0;0;0;0;0;0;0;0;1081717;6810;1476;43;1082912;4176;509;0;3
FR;4;2022-07-04;4;1;0;0;4;1;0;0;0;1081721;6811;1476;43;1082916;4177;509;0;3
FR;4;2022-07-05;2;1;3;0;2;3;1;0;0;1081723;6812;1479;43;1082918;4180;510;0;3
FR;4;2022-07-06;5;0;1;1;5;0;1;0;1;1081728;6812;1480;44;1082923;4180;511;0;4
FR;4;2022-07-07;2;0;2;1;2;0;3;0;0;1081730;6812;1482;45;1082925;4180;514;0;4
FR;4;2022-07-08;3;1;0;0;3;1;0;0;0;1081733;6813;1482;45;1082928;4181;514;0;4
FR;4;2022-07-09;2;2;1;0;2;3;0;0;0;1081735;6815;1483;45;1082930;4184;514;0;4
FR;4;2022-07-10;2;0;1;0;2;0;0;0;0;1081737;6815;1484;45;1082932;4184;514;0;4
FR;4;2022-07-11;3;0;2;0;3;0;1;0;0;1081740;6815;1486;45;1082935;4184;515;0;4
FR;4;2022-07-12;0;0;2;0;0;2;0;0;0;1081740;6815;1488;45;1082935;4186;515;0;4
FR;4;2022-07-13;2;2;3;1;2;2;4;0;0;1081742;6817;1491;46;1082937;4188;519;0;4
FR;4;2022-07-14;6;0;1;0;6;0;1;0;0;1081748;6817;1492;46;1082943;4188;520;0;4
FR;4;2022-07-15;11;2;0;0;11;2;0;0;0;1081759;6819;1492;46;1082954;4190;520;0;4
FR;4;2022-07-16;5;0;0;2;5;0;2;0;0;1081764;6819;1492;48;1082959;4190;522;0;4
FR;4;2022-07-17;1;0;1;1;1;0;2;0;0;1081765;6819;1493;49;1082960;4190;524;0;4
FR;4;2022-07-18;3;3;2;0;3;3;2;0;0;1081768;6822;1495;49;1082963;4193;526;0;4
FR;4;2022-07-19;4;0;1;0;4;1;0;0;0;1081772;6822;1496;49;1082967;4194;526;0;4
FR;4;2022-07-20;11;1;1;0;12;1;0;0;0;1081783;6823;1497;49;1082979;4195;526;0;4
FR;4;2022-07-21;2;3;1;0;2;3;1;0;0;1081785;6826;1498;49;1082981;4198;527;0;4
FR;4;2022-07-22;4;0;3;0;4;1;2;0;0;1081789;6826;1501;49;1082985;4199;529;0;4
FR;4;2022-07-23;1;2;0;0;1;1;0;0;0;1081790;6828;1501;49;1082986;4200;529;0;4
FR;4;2022-07-24;0;0;0;0;0;0;0;0;0;1081790;6828;1501;49;1082986;4200;529;0;4
FR;4;2022-07-25;7;0;2;0;7;2;0;0;0;1081797;6828;1503;49;1082993;4202;529;0;4
FR;4;2022-07-26;2;0;0;0;2;0;0;0;0;1081799;6828;1503;49;1082995;4202;529;0;4
FR;4;2022-07-27;3;1;0;0;3;0;0;0;0;1081802;6829;1503;49;1082998;4202;529;0;4
FR;4;2022-07-28;11;0;0;0;11;0;0;0;0;1081813;6829;1503;49;1083009;4202;529;0;4
FR;4;2022-07-29;3;0;2;0;3;1;1;0;0;1081816;6829;1505;49;1083012;4203;530;0;4
FR;4;2022-07-30;4;0;2;0;4;0;2;0;0;1081820;6829;1507;49;1083016;4203;532;0;4
FR;4;2022-07-31;0;0;0;0;0;0;0;0;0;1081820;6829;1507;49;1083016;4203;532;0;4
FR;4;2022-08-01;4;0;3;0;4;2;1;0;0;1081824;6829;1510;49;1083020;4205;533;0;4
FR;4;2022-08-02;6;0;0;0;6;0;0;0;0;1081830;6829;1510;49;1083026;4205;533;0;4
FR;4;2022-08-03;2;2;1;0;2;2;1;0;0;1081832;6831;1511;49;1083028;4207;534;0;4
FR;4;2022-08-04;5;2;0;1;5;2;1;0;0;1081837;6833;1511;50;1083033;4209;535;0;4
FR;4;2022-08-05;2;0;1;0;2;0;1;0;0;1081839;6833;1512;50;1083035;4209;536;0;4
FR;4;2022-08-06;2;0;0;0;2;0;0;0;0;1081841;6833;1512;50;1083037;4209;536;0;4
FR;4;2022-08-07;5;0;0;0;5;0;0;0;0;1081846;6833;1512;50;1083042;4209;536;0;4
FR;4;2022-08-08;2;0;1;1;2;1;1;0;0;1081848;6833;1513;51;1083044;4210;537;0;4
FR;4;2022-08-09;1;1;2;2;1;2;3;0;0;1081849;6834;1515;53;1083045;4212;540;0;4
FR;4;2022-08-10;6;1;1;0;7;1;0;0;0;1081855;6835;1516;53;1083052;4213;540;0;4
FR;4;2022-08-11;2;0;1;0;2;1;0;0;0;1081857;6835;1517;53;1083054;4214;540;0;4
FR;4;2022-08-12;4;0;1;0;4;0;1;0;0;1081861;6835;1518;53;1083058;4214;541;0;4
FR;4;2022-08-13;1;0;0;0;1;0;0;0;0;1081862;6835;1518;53;1083059;4214;541;0;4
FR;4;2022-08-14;0;0;0;0;0;0;0;0;0;1081862;6835;1518;53;1083059;4214;541;0;4
FR;4;2022-08-15;1;2;3;0;1;2;3;0;0;1081863;6837;1521;53;1083060;4216;544;0;4
FR;4;2022-08-16;0;0;1;0;0;1;0;0;0;1081863;6837;1522;53;1083060;4217;544;0;4
FR;4;2022-08-17;3;0;0;0;3;0;0;0;0;1081866;6837;1522;53;1083063;4217;544;0;4
FR;4;2022-08-18;3;0;0;0;3;0;0;0;0;1081869;6837;1522;53;1083066;4217;544;0;4
FR;4;2022-08-19;5;0;0;0;5;0;0;0;0;1081874;6837;1522;53;1083071;4217;544;0;4
FR;4;2022-08-20;1;1;0;0;2;0;0;0;0;1081875;6838;1522;53;1083073;4217;544;0;4
FR;4;2022-08-21;1;0;0;0;1;0;0;0;0;1081876;6838;1522;53;1083074;4217;544;0;4
FR;4;2022-08-22;3;9;0;0;3;9;0;0;0;1081879;6847;1522;53;1083077;4226;544;0;4
FR;4;2022-08-23;3;3;3;0;3;4;2;0;0;1081882;6850;1525;53;1083080;4230;546;0;4
FR;4;2022-08-24;6;0;0;1;6;0;1;0;0;1081888;6850;1525;54;1083086;4230;547;0;4
FR;4;2022-08-25;1;3;2;0;1;4;1;0;0;1081889;6853;1527;54;1083087;4234;548;0;4
FR;4;2022-08-26;2;0;0;1;2;0;1;0;0;1081891;6853;1527;55;1083089;4234;549;0;4
FR;4;2022-08-27;1;0;0;0;1;0;0;0;0;1081892;6853;1527;55;1083090;4234;549;0;4
FR;4;2022-08-28;0;1;0;0;0;0;0;0;0;1081892;6854;1527;55;1083090;4234;549;0;4
FR;4;2022-08-29;8;0;0;0;8;0;0;0;0;1081900;6854;1527;55;1083098;4234;549;0;4
FR;4;2022-08-30;5;0;0;0;5;0;0;0;0;1081905;6854;1527;55;1083103;4234;549;0;4
FR;4;2022-08-31;2;1;0;0;2;1;0;0;0;1081907;6855;1527;55;1083105;4235;549;0;4
FR;4;2022-09-01;4;8;2;0;5;7;2;0;0;1081911;6863;1529;55;1083110;4242;551;0;4
FR;4;2022-09-02;2;1;1;0;2;2;0;0;0;1081913;6864;1530;55;1083112;4244;551;0;4
FR;4;2022-09-03;3;0;0;0;3;0;0;0;0;1081916;6864;1530;55;1083115;4244;551;0;4
FR;4;2022-09-04;1;0;0;0;1;0;0;0;0;1081917;6864;1530;55;1083116;4244;551;0;4
FR;4;2022-09-05;4;2;0;0;4;2;0;0;0;1081921;6866;1530;55;1083120;4246;551;0;4
FR;4;2022-09-06;1;0;0;0;1;0;0;0;0;1081922;6866;1530;55;1083121;4246;551;0;4
FR;4;2022-09-07;1;0;1;1;1;1;1;0;0;1081923;6866;1531;56;1083122;4247;552;0;4
FR;4;2022-09-08;3;0;0;0;3;0;0;0;0;1081926;6866;1531;56;1083125;4247;552;0;4
FR;4;2022-09-09;2;0;0;0;2;0;0;0;0;1081928;6866;1531;56;1083127;4247;552;0;4
FR;4;2022-09-10;0;1;0;3;0;2;2;0;0;1081928;6867;1531;59;1083127;4249;554;0;4
FR;4;2022-09-11;2;0;0;0;2;0;0;0;0;1081930;6867;1531;59;1083129;4249;554;0;4
FR;4;2022-09-12;1;1;1;0;1;1;1;0;0;1081931;6868;1532;59;1083130;4250;555;0;4
FR;4;2022-09-13;1;0;0;0;1;0;0;0;0;1081932;6868;1532;59;1083131;4250;555;0;4
FR;4;2022-09-14;3;0;0;0;3;0;0;0;0;1081935;6868;1532;59;1083134;4250;555;0;4
FR;4;2022-09-15;4;0;0;0;4;0;0;0;0;1081939;6868;1532;59;1083138;4250;555;0;4
FR;4;2022-09-16;1;0;0;0;1;0;0;0;0;1081940;6868;1532;59;1083139;4250;555;0;4
FR;4;2022-09-17;2;0;0;0;2;0;0;0;0;1081942;6868;1532;59;1083141;4250;555;0;4
FR;4;2022-09-18;0;1;0;0;0;1;0;0;0;1081942;6869;1532;59;1083141;4251;555;0;4
FR;4;2022-09-19;3;0;2;0;3;2;0;0;0;1081945;6869;1534;59;1083144;4253;555;0;4
FR;4;2022-09-20;4;0;0;0;4;0;0;0;0;1081949;6869;1534;59;1083148;4253;555;0;4
FR;4;2022-09-21;2;1;0;0;2;1;0;0;0;1081951;6870;1534;59;1083150;4254;555;0;4
FR;4;2022-09-22;2;1;0;0;2;1;0;0;0;1081953;6871;1534;59;1083152;4255;555;0;4
FR;4;2022-09-23;2;3;0;0;3;2;0;0;0;1081955;6874;1534;59;1083155;4257;555;0;4
FR;4;2022-09-24;1;0;0;0;1;0;0;0;0;1081956;6874;1534;59;1083156;4257;555;0;4
FR;4;2022-09-25;0;0;0;0;0;0;0;0;0;1081956;6874;1534;59;1083156;4257;555;0;4
FR;4;2022-09-26;2;0;1;0;2;0;1;0;0;1081958;6874;1535;59;1083158;4257;556;0;4
FR;4;2022-09-27;1;0;1;1;1;0;2;0;0;1081959;6874;1536;60;1083159;4257;558;0;4
FR;4;2022-09-28;3;0;2;0;3;2;0;0;0;1081962;6874;1538;60;1083162;4259;558;0;4
FR;4;2022-09-29;3;0;1;1;3;1;1;0;0;1081965;6874;1539;61;1083165;4260;559;0;4
FR;4;2022-09-30;1;0;0;0;1;0;0;0;0;1081966;6874;1539;61;1083166;4260;559;0;4
FR;4;2022-10-01;1;1;0;0;2;0;0;0;0;1081967;6875;1539;61;1083168;4260;559;0;4
FR;4;2022-10-02;0;1;0;0;0;1;0;0;0;1081967;6876;1539;61;1083168;4261;559;0;4
FR;4;2022-10-03;2;2;1;1;3;2;1;0;0;1081969;6878;1540;62;1083171;4263;560;0;4
FR;4;2022-10-04;2;0;0;0;2;0;0;0;0;1081971;6878;1540;62;1083173;4263;560;0;4
FR;4;2022-10-05;0;1;0;0;0;1;0;0;0;1081971;6879;1540;62;1083173;4264;560;0;4
FR;4;2022-10-06;2;0;0;0;2;0;0;0;0;1081973;6879;1540;62;1083175;4264;560;0;4
FR;4;2022-10-07;3;0;1;0;3;0;1;0;0;1081976;6879;1541;62;1083178;4264;561;0;4
FR;4;2022-10-08;3;1;0;0;3;0;0;0;0;1081979;6880;1541;62;1083181;4264;561;0;4
FR;4;2022-10-09;0;0;0;0;0;0;0;0;0;1081979;6880;1541;62;1083181;4264;561;0;4
FR;4;2022-10-10;4;0;2;3;4;2;1;0;2;1081983;6880;1543;65;1083185;4266;562;0;6
FR;4;2022-10-11;1;2;0;0;1;1;0;0;0;1081984;6882;1543;65;1083186;4267;562;0;6
FR;4;2022-10-12;1;0;0;0;1;0;0;0;0;1081985;6882;1543;65;1083187;4267;562;0;6
FR;4;2022-10-13;5;0;0;0;5;0;0;0;0;1081990;6882;1543;65;1083192;4267;562;0;6
FR;4;2022-10-14;1;0;0;0;1;0;0;0;0;1081991;6882;1543;65;1083193;4267;562;0;6
FR;4;2022-10-15;1;2;0;0;1;2;0;0;0;1081992;6884;1543;65;1083194;4269;562;0;6
FR;4;2022-10-16;0;0;0;0;0;0;0;0;0;1081992;6884;1543;65;1083194;4269;562;0;6
FR;4;2022-10-17;2;0;1;0;2;1;0;0;0;1081994;6884;1544;65;1083196;4270;562;0;6
FR;4;2022-10-18;1;0;0;1;1;0;1;0;0;1081995;6884;1544;66;1083197;4270;563;0;6
FR;4;2022-10-19;1;0;0;2;1;0;2;0;3;1081996;6884;1544;68;1083198;4270;565;0;9
FR;4;2022-10-20;4;1;0;0;4;1;0;0;0;1082000;6885;1544;68;1083202;4271;565;0;9
FR;4;2022-10-21;1;0;0;0;1;0;0;0;0;1082001;6885;1544;68;1083203;4271;565;0;9
FR;4;2022-10-22;1;0;0;0;1;0;0;0;0;1082002;6885;1544;68;1083204;4271;565;0;9
FR;4;2022-10-23;0;0;0;0;0;0;0;0;0;1082002;6885;1544;68;1083204;4271;565;0;9
FR;4;2022-10-24;3;0;0;0;3;0;0;0;0;1082005;6885;1544;68;1083207;4271;565;0;9
FR;4;2022-10-25;2;0;0;0;2;0;0;0;0;1082007;6885;1544;68;1083209;4271;565;0;9
FR;4;2022-10-26;2;1;0;0;2;1;0;0;0;1082009;6886;1544;68;1083211;4272;565;0;9
FR;4;2022-10-27;3;1;1;0;3;0;1;0;0;1082012;6887;1545;68;1083214;4272;566;0;9
FR;4;2022-10-28;0;0;0;0;0;0;0;0;0;1082012;6887;1545;68;1083214;4272;566;0;9
FR;4;2022-10-29;1;0;0;3;1;0;3;0;3;1082013;6887;1545;71;1083215;4272;569;0;12
FR;4;2022-10-30;1;0;0;0;1;0;0;0;0;1082014;6887;1545;71;1083216;4272;569;0;12
FR;4;2022-10-31;1;0;0;0;1;0;0;0;0;1082015;6887;1545;71;1083217;4272;569;0;12
FR;4;2022-11-01;1;6;0;0;1;6;0;0;0;1082016;6893;1545;71;1083218;4278;569;0;12
FR;4;2022-11-02;0;0;2;2;0;1;3;0;0;1082016;6893;1547;73;1083218;4279;572;0;12
FR;4;2022-11-03;1;0;0;0;1;0;0;0;0;1082017;6893;1547;73;1083219;4279;572;0;12
FR;4;2022-11-04;4;1;0;0;4;0;0;0;0;1082021;6894;1547;73;1083223;4279;572;0;12
FR;4;2022-11-05;0;0;0;0;0;0;0;0;0;1082021;6894;1547;73;1083223;4279;572;0;12
FR;4;2022-11-06;2;0;0;0;2;0;0;0;0;1082023;6894;1547;73;1083225;4279;572;0;12
FR;4;2022-11-07;2;0;0;0;2;0;0;0;0;1082025;6894;1547;73;1083227;4279;572;0;12
FR;4;2022-11-08;7;0;0;0;7;0;0;0;0;1082032;6894;1547;73;1083234;4279;572;0;12
FR;4;2022-11-09;0;0;0;0;0;0;0;0;0;1082032;6894;1547;73;1083234;4279;572;0;12
FR;4;2022-11-10;0;0;0;0;0;0;0;0;0;1082032;6894;1547;73;1083234;4279;572;0;12
FR;4;2022-11-11;1;0;0;0;1;0;0;0;0;1082033;6894;1547;73;1083235;4279;572;0;12
FR;4;2022-11-12;3;1;0;0;3;1;0;0;0;1082036;6895;1547;73;1083238;4280;572;0;12
FR;4;2022-11-13;0;0;0;0;0;0;0;0;0;1082036;6895;1547;73;1083238;4280;572;0;12
FR;4;2022-11-14;0;0;0;0;0;0;0;0;0;1082036;6895;1547;73;1083238;4280;572;0;12
FR;4;2022-11-15;3;0;0;0;3;0;0;0;0;1082039;6895;1547;73;1083241;4280;572;0;12
FR;4;2022-11-16;1;1;0;0;1;1;0;0;0;1082040;6896;1547;73;1083242;4281;572;0;12
FR;4;2022-11-17;0;0;0;0;0;0;0;0;0;1082040;6896;1547;73;1083242;4281;572;0;12
FR;4;2022-11-18;5;0;1;0;5;0;1;0;0;1082045;6896;1548;73;1083247;4281;573;0;12
FR;4;2022-11-19;0;0;0;0;0;0;0;0;0;1082045;6896;1548;73;1083247;4281;573;0;12
FR;4;2022-11-20;0;0;0;1;0;0;0;0;1;1082045;6896;1548;74;1083247;4281;573;0;13
FR;4;2022-11-21;0;0;0;0;0;0;0;0;0;1082045;6896;1548;74;1083247;4281;573;0;13
FR;4;2022-11-22;0;1;1;0;0;2;0;0;0;1082045;6897;1549;74;1083247;4283;573;0;13
FR;4;2022-11-23;1;0;0;0;1;0;0;0;1;1082046;6897;1549;74;1083248;4283;573;0;14
FR;4;2022-11-24;0;2;0;0;0;2;0;0;0;1082046;6899;1549;74;1083248;4285;573;0;14
FR;4;2022-11-25;3;4;0;0;3;4;0;0;0;1082049;6903;1549;74;1083251;4289;573;0;14
FR;4;2022-11-26;1;0;0;0;1;0;0;0;0;1082050;6903;1549;74;1083252;4289;573;0;14
FR;4;2022-11-27;0;0;0;0;0;0;0;0;0;1082050;6903;1549;74;1083252;4289;573;0;14
FR;4;2022-11-28;3;0;0;0;3;0;0;0;0;1082053;6903;1549;74;1083255;4289;573;0;14
FR;4;2022-11-29;3;0;0;0;3;0;0;0;0;1082056;6903;1549;74;1083258;4289;573;0;14
FR;4;2022-11-30;0;0;0;0;0;0;0;0;0;1082056;6903;1549;74;1083258;4289;573;0;14
FR;4;2022-12-01;1;2;2;0;2;2;1;0;0;1082057;6905;1551;74;1083260;4291;574;0;14
FR;4;2022-12-02;2;1;0;1;2;1;0;0;1;1082059;6906;1551;75;1083262;4292;574;0;15
FR;4;2022-12-03;1;0;0;0;1;0;0;0;0;1082060;6906;1551;75;1083263;4292;574;0;15
FR;4;2022-12-04;0;0;0;0;0;0;0;0;0;1082060;6906;1551;75;1083263;4292;574;0;15
FR;4;2022-12-05;1;1;0;0;1;1;0;0;0;1082061;6907;1551;75;1083264;4293;574;0;15
FR;4;2022-12-06;2;0;0;0;2;0;0;0;0;1082063;6907;1551;75;1083266;4293;574;0;15
FR;4;2022-12-07;2;3;1;0;2;4;0;0;0;1082065;6910;1552;75;1083268;4297;574;0;15
FR;4;2022-12-08;1;0;0;0;1;0;0;0;0;1082066;6910;1552;75;1083269;4297;574;0;15
FR;4;2022-12-09;1;0;1;0;1;0;1;0;0;1082067;6910;1553;75;1083270;4297;575;0;15
FR;4;2022-12-10;1;0;0;0;1;0;0;0;0;1082068;6910;1553;75;1083271;4297;575;0;15
FR;4;2022-12-11;0;0;0;0;0;0;0;0;0;1082068;6910;1553;75;1083271;4297;575;0;15
FR;4;2022-12-12;1;1;0;5;1;1;5;0;0;1082069;6911;1553;80;1083272;4298;580;0;15
FR;4;2022-12-13;1;0;0;0;1;0;0;0;0;1082070;6911;1553;80;1083273;4298;580;0;15
FR;4;2022-12-14;0;0;0;0;0;0;0;0;0;1082070;6911;1553;80;1083273;4298;580;0;15
FR;4;2022-12-15;1;1;0;0;1;1;0;0;0;1082071;6912;1553;80;1083274;4299;580;0;15
FR;4;2022-12-16;2;0;0;0;2;0;0;0;0;1082073;6912;1553;80;1083276;4299;580;0;15
FR;4;2022-12-17;0;0;1;0;0;0;1;0;0;1082073;6912;1554;80;1083276;4299;581;0;15
FR;4;2022-12-18;1;0;0;0;1;0;0;0;0;1082074;6912;1554;80;1083277;4299;581;0;15
FR;4;2022-12-19;1;0;0;0;1;0;0;0;0;1082075;6912;1554;80;1083278;4299;581;0;15
FR;4;2022-12-20;4;2;0;0;5;1;0;0;0;1082079;6914;1554;80;1083283;4300;581;0;15
FR;4;2022-12-21;2;0;0;0;2;0;0;0;0;1082081;6914;1554;80;1083285;4300;581;0;15
FR;4;2022-12-22;0;1;0;0;0;1;0;0;0;1082081;6915;1554;80;1083285;4301;581;0;15
FR;4;2022-12-23;3;0;0;0;3;0;0;0;0;1082084;6915;1554;80;1083288;4301;581;0;15
FR;4;2022-12-24;0;0;0;0;0;0;0;0;0;1082084;6915;1554;80;1083288;4301;581;0;15
FR;4;2022-12-25;0;0;0;0;0;0;0;0;0;1082084;6915;1554;80;1083288;4301;581;0;15
FR;4;2022-12-26;1;2;0;0;1;1;0;0;0;1082085;6917;1554;80;1083289;4302;581;0;15
FR;4;2022-12-27;1;0;0;0;1;0;0;0;0;1082086;6917;1554;80;1083290;4302;581;0;15
FR;4;2022-12-28;0;0;0;0;0;0;0;0;0;1082086;6917;1554;80;1083290;4302;581;0;15
FR;4;2022-12-29;0;1;0;0;1;0;0;0;0;1082086;6918;1554;80;1083291;4302;581;0;15
FR;4;2022-12-30;1;0;0;0;1;0;0;0;0;1082087;6918;1554;80;1083292;4302;581;0;15
FR;4;2022-12-31;0;0;0;0;0;0;0;0;0;1082087;6918;1554;80;1083292;4302;581;0;15
FR;4;2023-01-01;0;0;0;0;0;0;0;0;0;1082087;6918;1554;80;1083292;4302;581;0;15
FR;4;2023-01-02;1;0;0;0;1;0;0;0;0;1082088;6918;1554;80;1083293;4302;581;0;15
FR;4;2023-01-03;0;0;0;0;0;0;0;0;0;1082088;6918;1554;80;1083293;4302;581;0;15
FR;4;2023-01-04;0;0;0;0;0;0;0;0;0;1082088;6918;1554;80;1083293;4302;581;0;15
FR;4;2023-01-05;0;0;0;0;0;0;0;0;0;1082088;6918;1554;80;1083293;4302;581;0;15
FR;4;2023-01-06;0;1;3;0;0;4;0;0;0;1082088;6919;1557;80;1083293;4306;581;0;15
FR;4;2023-01-07;1;0;0;0;1;0;0;0;0;1082089;6919;1557;80;1083294;4306;581;0;15
FR;4;2023-01-08;1;0;0;0;1;0;0;0;0;1082090;6919;1557;80;1083295;4306;581;0;15
FR;4;2023-01-09;1;0;0;0;1;0;0;0;0;1082091;6919;1557;80;1083296;4306;581;0;15
FR;4;2023-01-10;1;0;0;0;1;0;0;0;0;1082092;6919;1557;80;1083297;4306;581;0;15
FR;4;2023-01-11;0;0;0;0;0;0;0;0;0;1082092;6919;1557;80;1083297;4306;581;0;15
FR;4;2023-01-12;1;0;0;0;1;0;0;0;0;1082093;6919;1557;80;1083298;4306;581;0;15
FR;4;2023-01-13;1;0;2;0;1;0;2;0;0;1082094;6919;1559;80;1083299;4306;583;0;15
FR;4;2023-01-14;0;0;0;0;0;0;0;0;0;1082094;6919;1559;80;1083299;4306;583;0;15
FR;4;2023-01-15;0;0;0;0;0;0;0;0;0;1082094;6919;1559;80;1083299;4306;583;0;15
FR;4;2023-01-16;0;0;0;0;0;0;0;0;0;1082094;6919;1559;80;1083299;4306;583;0;15
FR;4;2023-01-17;2;0;0;0;2;0;0;0;0;1082096;6919;1559;80;1083301;4306;583;0;15
FR;4;2023-01-18;1;0;0;0;1;0;0;0;0;1082097;6919;1559;80;1083302;4306;583;0;15
FR;4;2023-01-19;1;0;0;2;1;0;0;0;0;1082098;6919;1559;82;1083303;4306;583;0;15
FR;4;2023-01-20;0;0;0;0;0;0;0;0;0;1082098;6919;1559;82;1083303;4306;583;0;15
FR;4;2023-01-21;0;0;0;0;0;0;0;0;0;1082098;6919;1559;82;1083303;4306;583;0;15
FR;4;2023-01-22;0;0;0;0;0;0;0;0;0;1082098;6919;1559;82;1083303;4306;583;0;15
FR;4;2023-01-23;0;0;0;0;0;0;0;0;0;1082098;6919;1559;82;1083303;4306;583;0;15
FR;4;2023-01-24;2;0;0;0;2;0;0;0;0;1082100;6919;1559;82;1083305;4306;583;0;15
FR;4;2023-01-25;0;0;0;0;0;0;0;0;0;1082100;6919;1559;82;1083305;4306;583;0;15
FR;5;2020-12-27;0;0;0;0;0;0;0;0;0;0;0;0;0;0;0;0;0;0
FR;5;2020-12-28;0;0;0;0;0;0;0;0;0;0;0;0;0;0;0;0;0;0
FR;5;2020-12-29;0;0;0;0;0;0;0;0;0;0;0;0;0;0;0;0;0;0
FR;5;2020-12-30;0;0;0;0;0;0;0;0;0;0;0;0;0;0;0;0;0;0
FR;5;2020-12-31;0;0;0;0;0;0;0;0;0;0;0;0;0;0;0;0;0;0
FR;5;2021-01-01;0;0;0;0;0;0;0;0;0;0;0;0;0;0;0;0;0;0
FR;5;2021-01-02;0;0;0;0;0;0;0;0;0;0;0;0;0;0;0;0;0;0
FR;5;2021-01-03;0;0;0;0;0;0;0;0;0;0;0;0;0;0;0;0;0;0
FR;5;2021-01-04;0;0;0;0;0;0;0;0;0;0;0;0;0;0;0;0;0;0
FR;5;2021-01-05;0;0;0;0;0;0;0;0;0;0;0;0;0;0;0;0;0;0
FR;5;2021-01-06;0;0;0;0;0;0;0;0;0;0;0;0;0;0;0;0;0;0
FR;5;2021-01-07;0;0;0;0;0;0;0;0;0;0;0;0;0;0;0;0;0;0
FR;5;2021-01-08;0;0;0;0;0;0;0;0;0;0;0;0;0;0;0;0;0;0
FR;5;2021-01-09;0;0;0;0;0;0;0;0;0;0;0;0;0;0;0;0;0;0
FR;5;2021-01-10;0;0;0;0;0;0;0;0;0;0;0;0;0;0;0;0;0;0
FR;5;2021-01-11;0;0;0;0;0;0;0;0;0;0;0;0;0;0;0;0;0;0
FR;5;2021-01-12;0;0;0;0;0;0;0;0;0;0;0;0;0;0;0;0;0;0
FR;5;2021-01-13;0;0;0;0;0;0;0;0;0;0;0;0;0;0;0;0;0;0
FR;5;2021-01-14;0;0;0;0;0;0;0;0;0;0;0;0;0;0;0;0;0;0
FR;5;2021-01-15;0;0;0;0;0;0;0;0;0;0;0;0;0;0;0;0;0;0
FR;5;2021-01-16;0;0;0;0;0;0;0;0;0;0;0;0;0;0;0;0;0;0
FR;5;2021-01-17;0;0;0;0;0;0;0;0;0;0;0;0;0;0;0;0;0;0
FR;5;2021-01-18;0;0;0;0;0;0;0;0;0;0;0;0;0;0;0;0;0;0
FR;5;2021-01-19;0;0;0;0;0;0;0;0;0;0;0;0;0;0;0;0;0;0
FR;5;2021-01-20;0;0;0;0;0;0;0;0;0;0;0;0;0;0;0;0;0;0
FR;5;2021-01-21;0;0;0;0;0;0;0;0;0;0;0;0;0;0;0;0;0;0
FR;5;2021-01-22;0;0;0;0;0;0;0;0;0;0;0;0;0;0;0;0;0;0
FR;5;2021-01-23;0;0;0;0;0;0;0;0;0;0;0;0;0;0;0;0;0;0
FR;5;2021-01-24;0;0;0;0;0;0;0;0;0;0;0;0;0;0;0;0;0;0
FR;5;2021-01-25;0;0;0;0;0;0;0;0;0;0;0;0;0;0;0;0;0;0
FR;5;2021-01-26;0;0;0;0;0;0;0;0;0;0;0;0;0;0;0;0;0;0
FR;5;2021-01-27;0;0;0;0;0;0;0;0;0;0;0;0;0;0;0;0;0;0
FR;5;2021-01-28;0;0;0;0;0;0;0;0;0;0;0;0;0;0;0;0;0;0
FR;5;2021-01-29;0;0;0;0;0;0;0;0;0;0;0;0;0;0;0;0;0;0
FR;5;2021-01-30;0;0;0;0;0;0;0;0;0;0;0;0;0;0;0;0;0;0
FR;5;2021-01-31;0;0;0;0;0;0;0;0;0;0;0;0;0;0;0;0;0;0
FR;5;2021-02-01;0;0;0;0;0;0;0;0;0;0;0;0;0;0;0;0;0;0
FR;5;2021-02-02;0;0;0;0;0;0;0;0;0;0;0;0;0;0;0;0;0;0
FR;5;2021-02-03;0;0;0;0;0;0;0;0;0;0;0;0;0;0;0;0;0;0
FR;5;2021-02-04;0;0;0;0;0;0;0;0;0;0;0;0;0;0;0;0;0;0
FR;5;2021-02-05;0;0;0;0;0;0;0;0;0;0;0;0;0;0;0;0;0;0
FR;5;2021-02-06;0;0;0;0;0;0;0;0;0;0;0;0;0;0;0;0;0;0
FR;5;2021-02-07;0;0;0;0;0;0;0;0;0;0;0;0;0;0;0;0;0;0
FR;5;2021-02-08;0;0;0;0;0;0;0;0;0;0;0;0;0;0;0;0;0;0
FR;5;2021-02-09;0;0;0;0;0;0;0;0;0;0;0;0;0;0;0;0;0;0
FR;5;2021-02-10;0;0;0;0;0;0;0;0;0;0;0;0;0;0;0;0;0;0
FR;5;2021-02-11;0;0;0;0;0;0;0;0;0;0;0;0;0;0;0;0;0;0
FR;5;2021-02-12;0;0;0;0;0;0;0;0;0;0;0;0;0;0;0;0;0;0
FR;5;2021-02-13;0;0;0;0;0;0;0;0;0;0;0;0;0;0;0;0;0;0
FR;5;2021-02-14;0;0;0;0;0;0;0;0;0;0;0;0;0;0;0;0;0;0
FR;5;2021-02-15;0;0;0;0;0;0;0;0;0;0;0;0;0;0;0;0;0;0
FR;5;2021-02-16;0;0;0;0;0;0;0;0;0;0;0;0;0;0;0;0;0;0
FR;5;2021-02-17;0;0;0;0;0;0;0;0;0;0;0;0;0;0;0;0;0;0
FR;5;2021-02-18;0;0;0;0;0;0;0;0;0;0;0;0;0;0;0;0;0;0
FR;5;2021-02-19;0;0;0;0;0;0;0;0;0;0;0;0;0;0;0;0;0;0
FR;5;2021-02-20;0;0;0;0;0;0;0;0;0;0;0;0;0;0;0;0;0;0
FR;5;2021-02-21;0;0;0;0;0;0;0;0;0;0;0;0;0;0;0;0;0;0
FR;5;2021-02-22;0;0;0;0;0;0;0;0;0;0;0;0;0;0;0;0;0;0
FR;5;2021-02-23;0;0;0;0;0;0;0;0;0;0;0;0;0;0;0;0;0;0
FR;5;2021-02-24;0;0;0;0;0;0;0;0;0;0;0;0;0;0;0;0;0;0
FR;5;2021-02-25;0;0;0;0;0;0;0;0;0;0;0;0;0;0;0;0;0;0
FR;5;2021-02-26;0;0;0;0;0;0;0;0;0;0;0;0;0;0;0;0;0;0
FR;5;2021-02-27;0;0;0;0;0;0;0;0;0;0;0;0;0;0;0;0;0;0
FR;5;2021-02-28;0;0;0;0;0;0;0;0;0;0;0;0;0;0;0;0;0;0
FR;5;2021-03-01;0;0;0;0;0;0;0;0;0;0;0;0;0;0;0;0;0;0
FR;5;2021-03-02;0;0;0;0;0;0;0;0;0;0;0;0;0;0;0;0;0;0
FR;5;2021-03-03;0;0;0;0;0;0;0;0;0;0;0;0;0;0;0;0;0;0
FR;5;2021-03-04;0;0;0;0;0;0;0;0;0;0;0;0;0;0;0;0;0;0
FR;5;2021-03-05;0;0;0;0;0;0;0;0;0;0;0;0;0;0;0;0;0;0
FR;5;2021-03-06;0;0;0;0;0;0;0;0;0;0;0;0;0;0;0;0;0;0
FR;5;2021-03-07;0;0;0;0;0;0;0;0;0;0;0;0;0;0;0;0;0;0
FR;5;2021-03-08;0;0;0;0;0;0;0;0;0;0;0;0;0;0;0;0;0;0
FR;5;2021-03-09;0;0;0;0;0;0;0;0;0;0;0;0;0;0;0;0;0;0
FR;5;2021-03-10;0;0;0;0;0;0;0;0;0;0;0;0;0;0;0;0;0;0
FR;5;2021-03-11;0;0;0;0;0;0;0;0;0;0;0;0;0;0;0;0;0;0
FR;5;2021-03-12;0;0;0;0;0;0;0;0;0;0;0;0;0;0;0;0;0;0
FR;5;2021-03-13;0;0;0;0;0;0;0;0;0;0;0;0;0;0;0;0;0;0
FR;5;2021-03-14;0;0;0;0;0;0;0;0;0;0;0;0;0;0;0;0;0;0
FR;5;2021-03-15;0;0;0;0;0;0;0;0;0;0;0;0;0;0;0;0;0;0
FR;5;2021-03-16;0;0;0;0;0;0;0;0;0;0;0;0;0;0;0;0;0;0
FR;5;2021-03-17;0;0;0;0;0;0;0;0;0;0;0;0;0;0;0;0;0;0
FR;5;2021-03-18;0;0;0;0;0;0;0;0;0;0;0;0;0;0;0;0;0;0
FR;5;2021-03-19;0;0;0;0;0;0;0;0;0;0;0;0;0;0;0;0;0;0
FR;5;2021-03-20;0;0;0;0;0;0;0;0;0;0;0;0;0;0;0;0;0;0
FR;5;2021-03-21;0;0;0;0;0;0;0;0;0;0;0;0;0;0;0;0;0;0
FR;5;2021-03-22;0;0;0;0;0;0;0;0;0;0;0;0;0;0;0;0;0;0
FR;5;2021-03-23;0;0;0;0;0;0;0;0;0;0;0;0;0;0;0;0;0;0
FR;5;2021-03-24;0;0;0;0;0;0;0;0;0;0;0;0;0;0;0;0;0;0
FR;5;2021-03-25;0;0;0;0;0;0;0;0;0;0;0;0;0;0;0;0;0;0
FR;5;2021-03-26;0;0;0;0;0;0;0;0;0;0;0;0;0;0;0;0;0;0
FR;5;2021-03-27;0;0;0;0;0;0;0;0;0;0;0;0;0;0;0;0;0;0
FR;5;2021-03-28;0;0;0;0;0;0;0;0;0;0;0;0;0;0;0;0;0;0
FR;5;2021-03-29;0;0;0;0;0;0;0;0;0;0;0;0;0;0;0;0;0;0
FR;5;2021-03-30;0;0;0;0;0;0;0;0;0;0;0;0;0;0;0;0;0;0
FR;5;2021-03-31;0;0;0;0;0;0;0;0;0;0;0;0;0;0;0;0;0;0
FR;5;2021-04-01;0;0;0;0;0;0;0;0;0;0;0;0;0;0;0;0;0;0
FR;5;2021-04-02;0;0;0;0;0;0;0;0;0;0;0;0;0;0;0;0;0;0
FR;5;2021-04-03;0;0;0;0;0;0;0;0;0;0;0;0;0;0;0;0;0;0
FR;5;2021-04-04;0;0;0;0;0;0;0;0;0;0;0;0;0;0;0;0;0;0
FR;5;2021-04-05;0;0;0;0;0;0;0;0;0;0;0;0;0;0;0;0;0;0
FR;5;2021-04-06;0;0;0;0;0;0;0;0;0;0;0;0;0;0;0;0;0;0
FR;5;2021-04-07;0;0;0;0;0;0;0;0;0;0;0;0;0;0;0;0;0;0
FR;5;2021-04-08;0;0;0;0;0;0;0;0;0;0;0;0;0;0;0;0;0;0
FR;5;2021-04-09;0;0;0;0;0;0;0;0;0;0;0;0;0;0;0;0;0;0
FR;5;2021-04-10;0;0;0;0;0;0;0;0;0;0;0;0;0;0;0;0;0;0
FR;5;2021-04-11;0;0;0;0;0;0;0;0;0;0;0;0;0;0;0;0;0;0
FR;5;2021-04-12;0;0;0;0;0;0;0;0;0;0;0;0;0;0;0;0;0;0
FR;5;2021-04-13;0;0;0;0;0;0;0;0;0;0;0;0;0;0;0;0;0;0
FR;5;2021-04-14;0;0;0;0;0;0;0;0;0;0;0;0;0;0;0;0;0;0
FR;5;2021-04-15;0;0;0;0;0;0;0;0;0;0;0;0;0;0;0;0;0;0
FR;5;2021-04-16;0;0;0;0;0;0;0;0;0;0;0;0;0;0;0;0;0;0
FR;5;2021-04-17;0;0;0;0;0;0;0;0;0;0;0;0;0;0;0;0;0;0
FR;5;2021-04-18;0;0;0;0;0;0;0;0;0;0;0;0;0;0;0;0;0;0
FR;5;2021-04-19;0;0;0;0;0;0;0;0;0;0;0;0;0;0;0;0;0;0
FR;5;2021-04-20;0;0;0;0;0;0;0;0;0;0;0;0;0;0;0;0;0;0
FR;5;2021-04-21;0;0;0;0;0;0;0;0;0;0;0;0;0;0;0;0;0;0
FR;5;2021-04-22;0;0;0;0;0;0;0;0;0;0;0;0;0;0;0;0;0;0
FR;5;2021-04-23;0;0;0;0;0;0;0;0;0;0;0;0;0;0;0;0;0;0
FR;5;2021-04-24;0;0;0;0;0;0;0;0;0;0;0;0;0;0;0;0;0;0
FR;5;2021-04-25;0;0;0;0;0;0;0;0;0;0;0;0;0;0;0;0;0;0
FR;5;2021-04-26;0;0;0;0;0;0;0;0;0;0;0;0;0;0;0;0;0;0
FR;5;2021-04-27;0;0;0;0;0;0;0;0;0;0;0;0;0;0;0;0;0;0
FR;5;2021-04-28;0;0;0;0;0;0;0;0;0;0;0;0;0;0;0;0;0;0
FR;5;2021-04-29;0;0;0;0;0;0;0;0;0;0;0;0;0;0;0;0;0;0
FR;5;2021-04-30;0;0;0;0;0;0;0;0;0;0;0;0;0;0;0;0;0;0
FR;5;2021-05-01;0;0;0;0;0;0;0;0;0;0;0;0;0;0;0;0;0;0
FR;5;2021-05-02;0;0;0;0;0;0;0;0;0;0;0;0;0;0;0;0;0;0
FR;5;2021-05-03;0;0;0;0;0;0;0;0;0;0;0;0;0;0;0;0;0;0
FR;5;2021-05-04;0;0;0;0;0;0;0;0;0;0;0;0;0;0;0;0;0;0
FR;5;2021-05-05;0;0;0;0;0;0;0;0;0;0;0;0;0;0;0;0;0;0
FR;5;2021-05-06;0;0;0;0;0;0;0;0;0;0;0;0;0;0;0;0;0;0
FR;5;2021-05-07;0;0;0;0;0;0;0;0;0;0;0;0;0;0;0;0;0;0
FR;5;2021-05-08;0;0;0;0;0;0;0;0;0;0;0;0;0;0;0;0;0;0
FR;5;2021-05-09;0;0;0;0;0;0;0;0;0;0;0;0;0;0;0;0;0;0
FR;5;2021-05-10;0;0;0;0;0;0;0;0;0;0;0;0;0;0;0;0;0;0
FR;5;2021-05-11;0;0;0;0;0;0;0;0;0;0;0;0;0;0;0;0;0;0
FR;5;2021-05-12;0;0;0;0;0;0;0;0;0;0;0;0;0;0;0;0;0;0
FR;5;2021-05-13;0;0;0;0;0;0;0;0;0;0;0;0;0;0;0;0;0;0
FR;5;2021-05-14;0;0;0;0;0;0;0;0;0;0;0;0;0;0;0;0;0;0
FR;5;2021-05-15;0;0;0;0;0;0;0;0;0;0;0;0;0;0;0;0;0;0
FR;5;2021-05-16;0;0;0;0;0;0;0;0;0;0;0;0;0;0;0;0;0;0
FR;5;2021-05-17;0;0;0;0;0;0;0;0;0;0;0;0;0;0;0;0;0;0
FR;5;2021-05-18;0;0;0;0;0;0;0;0;0;0;0;0;0;0;0;0;0;0
FR;5;2021-05-19;0;0;0;0;0;0;0;0;0;0;0;0;0;0;0;0;0;0
FR;5;2021-05-20;0;0;0;0;0;0;0;0;0;0;0;0;0;0;0;0;0;0
FR;5;2021-05-21;0;0;0;0;0;0;0;0;0;0;0;0;0;0;0;0;0;0
FR;5;2021-05-22;0;0;0;0;0;0;0;0;0;0;0;0;0;0;0;0;0;0
FR;5;2021-05-23;0;0;0;0;0;0;0;0;0;0;0;0;0;0;0;0;0;0
FR;5;2021-05-24;0;0;0;0;0;0;0;0;0;0;0;0;0;0;0;0;0;0
FR;5;2021-05-25;0;0;0;0;0;0;0;0;0;0;0;0;0;0;0;0;0;0
FR;5;2021-05-26;0;0;0;0;0;0;0;0;0;0;0;0;0;0;0;0;0;0
FR;5;2021-05-27;0;0;0;0;0;0;0;0;0;0;0;0;0;0;0;0;0;0
FR;5;2021-05-28;0;0;0;0;0;0;0;0;0;0;0;0;0;0;0;0;0;0
FR;5;2021-05-29;0;0;0;0;0;0;0;0;0;0;0;0;0;0;0;0;0;0
FR;5;2021-05-30;0;0;0;0;0;0;0;0;0;0;0;0;0;0;0;0;0;0
FR;5;2021-05-31;0;0;0;0;0;0;0;0;0;0;0;0;0;0;0;0;0;0
FR;5;2021-06-01;0;0;0;0;0;0;0;0;0;0;0;0;0;0;0;0;0;0
FR;5;2021-06-02;0;0;0;0;0;0;0;0;0;0;0;0;0;0;0;0;0;0
FR;5;2021-06-03;0;0;0;0;0;0;0;0;0;0;0;0;0;0;0;0;0;0
FR;5;2021-06-04;0;0;0;0;0;0;0;0;0;0;0;0;0;0;0;0;0;0
FR;5;2021-06-05;0;0;0;0;0;0;0;0;0;0;0;0;0;0;0;0;0;0
FR;5;2021-06-06;0;0;0;0;0;0;0;0;0;0;0;0;0;0;0;0;0;0
FR;5;2021-06-07;0;0;0;0;0;0;0;0;0;0;0;0;0;0;0;0;0;0
FR;5;2021-06-08;0;0;0;0;0;0;0;0;0;0;0;0;0;0;0;0;0;0
FR;5;2021-06-09;0;0;0;0;0;0;0;0;0;0;0;0;0;0;0;0;0;0
FR;5;2021-06-10;0;0;0;0;0;0;0;0;0;0;0;0;0;0;0;0;0;0
FR;5;2021-06-11;0;0;0;0;0;0;0;0;0;0;0;0;0;0;0;0;0;0
FR;5;2021-06-12;0;0;0;0;0;0;0;0;0;0;0;0;0;0;0;0;0;0
FR;5;2021-06-13;0;0;0;0;0;0;0;0;0;0;0;0;0;0;0;0;0;0
FR;5;2021-06-14;0;0;0;0;0;0;0;0;0;0;0;0;0;0;0;0;0;0
FR;5;2021-06-15;0;0;0;0;0;0;0;0;0;0;0;0;0;0;0;0;0;0
FR;5;2021-06-16;0;0;0;0;0;0;0;0;0;0;0;0;0;0;0;0;0;0
FR;5;2021-06-17;0;0;0;0;0;0;0;0;0;0;0;0;0;0;0;0;0;0
FR;5;2021-06-18;0;0;0;0;0;0;0;0;0;0;0;0;0;0;0;0;0;0
FR;5;2021-06-19;0;0;0;0;0;0;0;0;0;0;0;0;0;0;0;0;0;0
FR;5;2021-06-20;0;0;0;0;0;0;0;0;0;0;0;0;0;0;0;0;0;0
FR;5;2021-06-21;0;0;0;0;0;0;0;0;0;0;0;0;0;0;0;0;0;0
FR;5;2021-06-22;0;0;0;0;0;0;0;0;0;0;0;0;0;0;0;0;0;0
FR;5;2021-06-23;0;0;0;0;0;0;0;0;0;0;0;0;0;0;0;0;0;0
FR;5;2021-06-24;0;0;0;0;0;0;0;0;0;0;0;0;0;0;0;0;0;0
FR;5;2021-06-25;0;0;0;0;0;0;0;0;0;0;0;0;0;0;0;0;0;0
FR;5;2021-06-26;0;0;0;0;0;0;0;0;0;0;0;0;0;0;0;0;0;0
FR;5;2021-06-27;0;0;0;0;0;0;0;0;0;0;0;0;0;0;0;0;0;0
FR;5;2021-06-28;0;0;0;0;0;0;0;0;0;0;0;0;0;0;0;0;0;0
FR;5;2021-06-29;0;0;0;0;0;0;0;0;0;0;0;0;0;0;0;0;0;0
FR;5;2021-06-30;0;0;0;0;0;0;0;0;0;0;0;0;0;0;0;0;0;0
FR;5;2021-07-01;0;0;0;0;0;0;0;0;0;0;0;0;0;0;0;0;0;0
FR;5;2021-07-02;0;0;0;0;0;0;0;0;0;0;0;0;0;0;0;0;0;0
FR;5;2021-07-03;0;0;0;0;0;0;0;0;0;0;0;0;0;0;0;0;0;0
FR;5;2021-07-04;0;0;0;0;0;0;0;0;0;0;0;0;0;0;0;0;0;0
FR;5;2021-07-05;0;0;0;0;0;0;0;0;0;0;0;0;0;0;0;0;0;0
FR;5;2021-07-06;0;0;0;0;0;0;0;0;0;0;0;0;0;0;0;0;0;0
FR;5;2021-07-07;0;0;0;0;0;0;0;0;0;0;0;0;0;0;0;0;0;0
FR;5;2021-07-08;0;0;0;0;0;0;0;0;0;0;0;0;0;0;0;0;0;0
FR;5;2021-07-09;0;0;0;0;0;0;0;0;0;0;0;0;0;0;0;0;0;0
FR;5;2021-07-10;0;0;0;0;0;0;0;0;0;0;0;0;0;0;0;0;0;0
FR;5;2021-07-11;0;0;0;0;0;0;0;0;0;0;0;0;0;0;0;0;0;0
FR;5;2021-07-12;0;0;0;0;0;0;0;0;0;0;0;0;0;0;0;0;0;0
FR;5;2021-07-13;0;0;0;0;0;0;0;0;0;0;0;0;0;0;0;0;0;0
FR;5;2021-07-14;0;0;0;0;0;0;0;0;0;0;0;0;0;0;0;0;0;0
FR;5;2021-07-15;0;0;0;0;0;0;0;0;0;0;0;0;0;0;0;0;0;0
FR;5;2021-07-16;0;0;0;0;0;0;0;0;0;0;0;0;0;0;0;0;0;0
FR;5;2021-07-17;0;0;0;0;0;0;0;0;0;0;0;0;0;0;0;0;0;0
FR;5;2021-07-18;0;0;0;0;0;0;0;0;0;0;0;0;0;0;0;0;0;0
FR;5;2021-07-19;0;0;0;0;0;0;0;0;0;0;0;0;0;0;0;0;0;0
FR;5;2021-07-20;0;0;0;0;0;0;0;0;0;0;0;0;0;0;0;0;0;0
FR;5;2021-07-21;0;0;0;0;0;0;0;0;0;0;0;0;0;0;0;0;0;0
FR;5;2021-07-22;0;0;0;0;0;0;0;0;0;0;0;0;0;0;0;0;0;0
FR;5;2021-07-23;0;0;0;0;0;0;0;0;0;0;0;0;0;0;0;0;0;0
FR;5;2021-07-24;0;0;0;0;0;0;0;0;0;0;0;0;0;0;0;0;0;0
FR;5;2021-07-25;0;0;0;0;0;0;0;0;0;0;0;0;0;0;0;0;0;0
FR;5;2021-07-26;0;0;0;0;0;0;0;0;0;0;0;0;0;0;0;0;0;0
FR;5;2021-07-27;0;0;0;0;0;0;0;0;0;0;0;0;0;0;0;0;0;0
FR;5;2021-07-28;0;0;0;0;0;0;0;0;0;0;0;0;0;0;0;0;0;0
FR;5;2021-07-29;0;0;0;0;0;0;0;0;0;0;0;0;0;0;0;0;0;0
FR;5;2021-07-30;0;0;0;0;0;0;0;0;0;0;0;0;0;0;0;0;0;0
FR;5;2021-07-31;0;0;0;0;0;0;0;0;0;0;0;0;0;0;0;0;0;0
FR;5;2021-08-01;0;0;0;0;0;0;0;0;0;0;0;0;0;0;0;0;0;0
FR;5;2021-08-02;0;0;0;0;0;0;0;0;0;0;0;0;0;0;0;0;0;0
FR;5;2021-08-03;0;0;0;0;0;0;0;0;0;0;0;0;0;0;0;0;0;0
FR;5;2021-08-04;0;0;0;0;0;0;0;0;0;0;0;0;0;0;0;0;0;0
FR;5;2021-08-05;0;0;0;0;0;0;0;0;0;0;0;0;0;0;0;0;0;0
FR;5;2021-08-06;0;0;0;0;0;0;0;0;0;0;0;0;0;0;0;0;0;0
FR;5;2021-08-07;0;0;0;0;0;0;0;0;0;0;0;0;0;0;0;0;0;0
FR;5;2021-08-08;0;0;0;0;0;0;0;0;0;0;0;0;0;0;0;0;0;0
FR;5;2021-08-09;0;0;0;0;0;0;0;0;0;0;0;0;0;0;0;0;0;0
FR;5;2021-08-10;0;0;0;0;0;0;0;0;0;0;0;0;0;0;0;0;0;0
FR;5;2021-08-11;0;0;0;0;0;0;0;0;0;0;0;0;0;0;0;0;0;0
FR;5;2021-08-12;0;0;0;0;0;0;0;0;0;0;0;0;0;0;0;0;0;0
FR;5;2021-08-13;0;0;0;0;0;0;0;0;0;0;0;0;0;0;0;0;0;0
FR;5;2021-08-14;0;0;0;0;0;0;0;0;0;0;0;0;0;0;0;0;0;0
FR;5;2021-08-15;0;0;0;0;0;0;0;0;0;0;0;0;0;0;0;0;0;0
FR;5;2021-08-16;0;0;0;0;0;0;0;0;0;0;0;0;0;0;0;0;0;0
FR;5;2021-08-17;0;0;0;0;0;0;0;0;0;0;0;0;0;0;0;0;0;0
FR;5;2021-08-18;0;0;0;0;0;0;0;0;0;0;0;0;0;0;0;0;0;0
FR;5;2021-08-19;0;0;0;0;0;0;0;0;0;0;0;0;0;0;0;0;0;0
FR;5;2021-08-20;0;0;0;0;0;0;0;0;0;0;0;0;0;0;0;0;0;0
FR;5;2021-08-21;0;0;0;0;0;0;0;0;0;0;0;0;0;0;0;0;0;0
FR;5;2021-08-22;0;0;0;0;0;0;0;0;0;0;0;0;0;0;0;0;0;0
FR;5;2021-08-23;0;0;0;0;0;0;0;0;0;0;0;0;0;0;0;0;0;0
FR;5;2021-08-24;0;0;0;0;0;0;0;0;0;0;0;0;0;0;0;0;0;0
FR;5;2021-08-25;0;0;0;0;0;0;0;0;0;0;0;0;0;0;0;0;0;0
FR;5;2021-08-26;0;0;0;0;0;0;0;0;0;0;0;0;0;0;0;0;0;0
FR;5;2021-08-27;0;0;0;0;0;0;0;0;0;0;0;0;0;0;0;0;0;0
FR;5;2021-08-28;0;0;0;0;0;0;0;0;0;0;0;0;0;0;0;0;0;0
FR;5;2021-08-29;0;0;0;0;0;0;0;0;0;0;0;0;0;0;0;0;0;0
FR;5;2021-08-30;0;0;0;0;0;0;0;0;0;0;0;0;0;0;0;0;0;0
FR;5;2021-08-31;0;0;0;0;0;0;0;0;0;0;0;0;0;0;0;0;0;0
FR;5;2021-09-01;0;0;0;0;0;0;0;0;0;0;0;0;0;0;0;0;0;0
FR;5;2021-09-02;0;0;0;0;0;0;0;0;0;0;0;0;0;0;0;0;0;0
FR;5;2021-09-03;0;0;0;0;0;0;0;0;0;0;0;0;0;0;0;0;0;0
FR;5;2021-09-04;0;0;0;0;0;0;0;0;0;0;0;0;0;0;0;0;0;0
FR;5;2021-09-05;0;0;0;0;0;0;0;0;0;0;0;0;0;0;0;0;0;0
FR;5;2021-09-06;0;0;0;0;0;0;0;0;0;0;0;0;0;0;0;0;0;0
FR;5;2021-09-07;0;0;0;0;0;0;0;0;0;0;0;0;0;0;0;0;0;0
FR;5;2021-09-08;0;0;0;0;0;0;0;0;0;0;0;0;0;0;0;0;0;0
FR;5;2021-09-09;0;0;0;0;0;0;0;0;0;0;0;0;0;0;0;0;0;0
FR;5;2021-09-10;0;0;0;0;0;0;0;0;0;0;0;0;0;0;0;0;0;0
FR;5;2021-09-11;0;0;0;0;0;0;0;0;0;0;0;0;0;0;0;0;0;0
FR;5;2021-09-12;0;0;0;0;0;0;0;0;0;0;0;0;0;0;0;0;0;0
FR;5;2021-09-13;0;0;0;0;0;0;0;0;0;0;0;0;0;0;0;0;0;0
FR;5;2021-09-14;0;0;0;0;0;0;0;0;0;0;0;0;0;0;0;0;0;0
FR;5;2021-09-15;0;0;0;0;0;0;0;0;0;0;0;0;0;0;0;0;0;0
FR;5;2021-09-16;0;0;0;0;0;0;0;0;0;0;0;0;0;0;0;0;0;0
FR;5;2021-09-17;0;0;0;0;0;0;0;0;0;0;0;0;0;0;0;0;0;0
FR;5;2021-09-18;0;0;0;0;0;0;0;0;0;0;0;0;0;0;0;0;0;0
FR;5;2021-09-19;0;0;0;0;0;0;0;0;0;0;0;0;0;0;0;0;0;0
FR;5;2021-09-20;0;0;0;0;0;0;0;0;0;0;0;0;0;0;0;0;0;0
FR;5;2021-09-21;0;0;0;0;0;0;0;0;0;0;0;0;0;0;0;0;0;0
FR;5;2021-09-22;0;0;0;0;0;0;0;0;0;0;0;0;0;0;0;0;0;0
FR;5;2021-09-23;0;0;0;0;0;0;0;0;0;0;0;0;0;0;0;0;0;0
FR;5;2021-09-24;0;0;0;0;0;0;0;0;0;0;0;0;0;0;0;0;0;0
FR;5;2021-09-25;0;0;0;0;0;0;0;0;0;0;0;0;0;0;0;0;0;0
FR;5;2021-09-26;0;0;0;0;0;0;0;0;0;0;0;0;0;0;0;0;0;0
FR;5;2021-09-27;0;0;0;0;0;0;0;0;0;0;0;0;0;0;0;0;0;0
FR;5;2021-09-28;0;0;0;0;0;0;0;0;0;0;0;0;0;0;0;0;0;0
FR;5;2021-09-29;0;0;0;0;0;0;0;0;0;0;0;0;0;0;0;0;0;0
FR;5;2021-09-30;0;0;0;0;0;0;0;0;0;0;0;0;0;0;0;0;0;0
FR;5;2021-10-01;0;0;0;0;0;0;0;0;0;0;0;0;0;0;0;0;0;0
FR;5;2021-10-02;0;0;0;0;0;0;0;0;0;0;0;0;0;0;0;0;0;0
FR;5;2021-10-03;0;0;0;0;0;0;0;0;0;0;0;0;0;0;0;0;0;0
FR;5;2021-10-04;0;0;0;0;0;0;0;0;0;0;0;0;0;0;0;0;0;0
FR;5;2021-10-05;0;0;0;0;0;0;0;0;0;0;0;0;0;0;0;0;0;0
FR;5;2021-10-06;0;0;0;0;0;0;0;0;0;0;0;0;0;0;0;0;0;0
FR;5;2021-10-07;0;0;0;0;0;0;0;0;0;0;0;0;0;0;0;0;0;0
FR;5;2021-10-08;0;0;0;0;0;0;0;0;0;0;0;0;0;0;0;0;0;0
FR;5;2021-10-09;0;0;0;0;0;0;0;0;0;0;0;0;0;0;0;0;0;0
FR;5;2021-10-10;0;0;0;0;0;0;0;0;0;0;0;0;0;0;0;0;0;0
FR;5;2021-10-11;0;0;0;0;0;0;0;0;0;0;0;0;0;0;0;0;0;0
FR;5;2021-10-12;0;0;0;0;0;0;0;0;0;0;0;0;0;0;0;0;0;0
FR;5;2021-10-13;0;0;0;0;0;0;0;0;0;0;0;0;0;0;0;0;0;0
FR;5;2021-10-14;0;0;0;0;0;0;0;0;0;0;0;0;0;0;0;0;0;0
FR;5;2021-10-15;0;0;0;0;0;0;0;0;0;0;0;0;0;0;0;0;0;0
FR;5;2021-10-16;0;0;0;0;0;0;0;0;0;0;0;0;0;0;0;0;0;0
FR;5;2021-10-17;0;0;0;0;0;0;0;0;0;0;0;0;0;0;0;0;0;0
FR;5;2021-10-18;0;0;0;0;0;0;0;0;0;0;0;0;0;0;0;0;0;0
FR;5;2021-10-19;0;0;0;0;0;0;0;0;0;0;0;0;0;0;0;0;0;0
FR;5;2021-10-20;0;0;0;0;0;0;0;0;0;0;0;0;0;0;0;0;0;0
FR;5;2021-10-21;0;0;0;0;0;0;0;0;0;0;0;0;0;0;0;0;0;0
FR;5;2021-10-22;0;0;0;0;0;0;0;0;0;0;0;0;0;0;0;0;0;0
FR;5;2021-10-23;0;0;0;0;0;0;0;0;0;0;0;0;0;0;0;0;0;0
FR;5;2021-10-24;0;0;0;0;0;0;0;0;0;0;0;0;0;0;0;0;0;0
FR;5;2021-10-25;0;0;0;0;0;0;0;0;0;0;0;0;0;0;0;0;0;0
FR;5;2021-10-26;0;0;0;0;0;0;0;0;0;0;0;0;0;0;0;0;0;0
FR;5;2021-10-27;0;0;0;0;0;0;0;0;0;0;0;0;0;0;0;0;0;0
FR;5;2021-10-28;0;0;0;0;0;0;0;0;0;0;0;0;0;0;0;0;0;0
FR;5;2021-10-29;0;0;0;0;0;0;0;0;0;0;0;0;0;0;0;0;0;0
FR;5;2021-10-30;0;0;0;0;0;0;0;0;0;0;0;0;0;0;0;0;0;0
FR;5;2021-10-31;0;0;0;0;0;0;0;0;0;0;0;0;0;0;0;0;0;0
FR;5;2021-11-01;0;0;0;0;0;0;0;0;0;0;0;0;0;0;0;0;0;0
FR;5;2021-11-02;0;0;0;0;0;0;0;0;0;0;0;0;0;0;0;0;0;0
FR;5;2021-11-03;0;0;0;0;0;0;0;0;0;0;0;0;0;0;0;0;0;0
FR;5;2021-11-04;0;0;0;0;0;0;0;0;0;0;0;0;0;0;0;0;0;0
FR;5;2021-11-05;0;0;0;0;0;0;0;0;0;0;0;0;0;0;0;0;0;0
FR;5;2021-11-06;0;0;0;0;0;0;0;0;0;0;0;0;0;0;0;0;0;0
FR;5;2021-11-07;0;0;0;0;0;0;0;0;0;0;0;0;0;0;0;0;0;0
FR;5;2021-11-08;0;0;0;0;0;0;0;0;0;0;0;0;0;0;0;0;0;0
FR;5;2021-11-09;0;0;0;0;0;0;0;0;0;0;0;0;0;0;0;0;0;0
FR;5;2021-11-10;0;0;0;0;0;0;0;0;0;0;0;0;0;0;0;0;0;0
FR;5;2021-11-11;0;0;0;0;0;0;0;0;0;0;0;0;0;0;0;0;0;0
FR;5;2021-11-12;0;0;0;0;0;0;0;0;0;0;0;0;0;0;0;0;0;0
FR;5;2021-11-13;0;0;0;0;0;0;0;0;0;0;0;0;0;0;0;0;0;0
FR;5;2021-11-14;0;0;0;0;0;0;0;0;0;0;0;0;0;0;0;0;0;0
FR;5;2021-11-15;0;0;0;0;0;0;0;0;0;0;0;0;0;0;0;0;0;0
FR;5;2021-11-16;0;0;0;0;0;0;0;0;0;0;0;0;0;0;0;0;0;0
FR;5;2021-11-17;0;0;0;0;0;0;0;0;0;0;0;0;0;0;0;0;0;0
FR;5;2021-11-18;0;0;0;0;0;0;0;0;0;0;0;0;0;0;0;0;0;0
FR;5;2021-11-19;0;0;0;0;0;0;0;0;0;0;0;0;0;0;0;0;0;0
FR;5;2021-11-20;0;0;0;0;0;0;0;0;0;0;0;0;0;0;0;0;0;0
FR;5;2021-11-21;0;0;0;0;0;0;0;0;0;0;0;0;0;0;0;0;0;0
FR;5;2021-11-22;0;0;0;0;0;0;0;0;0;0;0;0;0;0;0;0;0;0
FR;5;2021-11-23;0;0;0;0;0;0;0;0;0;0;0;0;0;0;0;0;0;0
FR;5;2021-11-24;0;0;0;0;0;0;0;0;0;0;0;0;0;0;0;0;0;0
FR;5;2021-11-25;0;0;0;0;0;0;0;0;0;0;0;0;0;0;0;0;0;0
FR;5;2021-11-26;0;0;0;0;0;0;0;0;0;0;0;0;0;0;0;0;0;0
FR;5;2021-11-27;0;0;0;0;0;0;0;0;0;0;0;0;0;0;0;0;0;0
FR;5;2021-11-28;0;0;0;0;0;0;0;0;0;0;0;0;0;0;0;0;0;0
FR;5;2021-11-29;0;0;0;0;0;0;0;0;0;0;0;0;0;0;0;0;0;0
FR;5;2021-11-30;0;0;0;0;0;0;0;0;0;0;0;0;0;0;0;0;0;0
FR;5;2021-12-01;0;0;0;0;0;0;0;0;0;0;0;0;0;0;0;0;0;0
FR;5;2021-12-02;0;0;0;0;0;0;0;0;0;0;0;0;0;0;0;0;0;0
FR;5;2021-12-03;0;0;0;0;0;0;0;0;0;0;0;0;0;0;0;0;0;0
FR;5;2021-12-04;0;0;0;0;0;0;0;0;0;0;0;0;0;0;0;0;0;0
FR;5;2021-12-05;0;0;0;0;0;0;0;0;0;0;0;0;0;0;0;0;0;0
FR;5;2021-12-06;0;0;0;0;0;0;0;0;0;0;0;0;0;0;0;0;0;0
FR;5;2021-12-07;0;0;0;0;0;0;0;0;0;0;0;0;0;0;0;0;0;0
FR;5;2021-12-08;0;0;0;0;0;0;0;0;0;0;0;0;0;0;0;0;0;0
FR;5;2021-12-09;0;0;0;0;0;0;0;0;0;0;0;0;0;0;0;0;0;0
FR;5;2021-12-10;0;0;0;0;0;0;0;0;0;0;0;0;0;0;0;0;0;0
FR;5;2021-12-11;0;0;0;0;0;0;0;0;0;0;0;0;0;0;0;0;0;0
FR;5;2021-12-12;0;0;0;0;0;0;0;0;0;0;0;0;0;0;0;0;0;0
FR;5;2021-12-13;0;0;0;0;0;0;0;0;0;0;0;0;0;0;0;0;0;0
FR;5;2021-12-14;33;45;77;0;27;88;1;0;0;33;45;77;0;27;88;1;0;0
FR;5;2021-12-15;196;44;37;0;42;49;0;0;0;229;89;114;0;69;137;1;0;0
FR;5;2021-12-16;181;21;44;0;38;48;0;0;0;410;110;158;0;107;185;1;0;0
FR;5;2021-12-17;313;16;72;0;34;74;2;0;0;723;126;230;0;141;259;3;0;0
FR;5;2021-12-18;766;24;22;0;67;29;0;0;0;1489;150;252;0;208;288;3;0;0
FR;5;2021-12-19;585;15;15;0;67;17;0;0;0;2074;165;267;0;275;305;3;0;0
FR;5;2021-12-20;1225;31;34;0;134;37;2;0;0;3299;196;301;0;409;342;5;0;0
FR;5;2021-12-21;1535;22;54;1;141;60;0;0;0;4834;218;355;1;550;402;5;0;0
FR;5;2021-12-22;4069;40;37;0;420;46;2;0;0;8903;258;392;1;970;448;7;0;0
FR;5;2021-12-23;3043;16;21;0;305;25;0;0;0;11946;274;413;1;1275;473;7;0;0
FR;5;2021-12-24;761;18;9;0;103;14;0;0;0;12707;292;422;1;1378;487;7;0;0
FR;5;2021-12-25;61;5;2;0;9;3;0;0;0;12768;297;424;1;1387;490;7;0;0
FR;5;2021-12-26;623;6;3;0;101;4;0;0;0;13391;303;427;1;1488;494;7;0;0
FR;5;2021-12-27;4085;25;21;0;458;23;1;0;0;17476;328;448;1;1946;517;8;0;0
FR;5;2021-12-28;5204;23;41;1;512;43;2;0;0;22680;351;489;2;2458;560;10;0;0
FR;5;2021-12-29;8105;34;66;1;886;69;0;0;0;30785;385;555;3;3344;629;10;0;0
FR;5;2021-12-30;5173;18;33;0;525;39;0;0;0;35958;403;588;3;3869;668;10;0;0
FR;5;2021-12-31;1553;8;10;0;182;11;0;0;0;37511;411;598;3;4051;679;10;0;0
FR;5;2022-01-01;186;2;2;0;24;3;0;0;0;37697;413;600;3;4075;682;10;0;0
FR;5;2022-01-02;1490;1;1;0;152;1;0;0;0;39187;414;601;3;4227;683;10;0;0
FR;5;2022-01-03;3068;36;34;0;322;33;1;0;0;42255;450;635;3;4549;716;11;0;0
FR;5;2022-01-04;3034;39;33;0;320;42;3;0;0;45289;489;668;3;4869;758;14;0;0
FR;5;2022-01-05;19324;203;97;1;2114;108;0;0;0;64613;692;765;4;6983;866;14;0;0
FR;5;2022-01-06;3748;134;122;0;507;142;2;0;0;68361;826;887;4;7490;1008;16;0;0
FR;5;2022-01-07;5006;202;48;2;703;56;1;0;0;73367;1028;935;6;8193;1064;17;0;0
FR;5;2022-01-08;13659;514;45;0;2001;52;0;0;0;87026;1542;980;6;10194;1116;17;0;0
FR;5;2022-01-09;5754;399;15;0;1113;20;1;0;0;92780;1941;995;6;11307;1136;18;0;0
FR;5;2022-01-10;3455;326;25;0;733;29;0;0;0;96235;2267;1020;6;12040;1165;18;0;0
FR;5;2022-01-11;3671;284;38;0;662;41;1;0;0;99906;2551;1058;6;12702;1206;19;0;0
FR;5;2022-01-12;22650;3005;89;0;5297;112;2;0;0;122556;5556;1147;6;17999;1318;21;0;0
FR;5;2022-01-13;4039;623;29;0;1051;31;2;0;0;126595;6179;1176;6;19050;1349;23;0;0
FR;5;2022-01-14;4843;583;45;0;1115;52;1;0;0;131438;6762;1221;6;20165;1401;24;0;0
FR;5;2022-01-15;14686;1747;38;3;3375;49;3;0;0;146124;8509;1259;9;23540;1450;27;0;0
FR;5;2022-01-16;4728;666;3;0;1260;5;0;0;0;150852;9175;1262;9;24800;1455;27;0;0
FR;5;2022-01-17;2297;718;26;0;986;29;0;0;0;153149;9893;1288;9;25786;1484;27;0;0
FR;5;2022-01-18;2431;870;30;0;1141;40;0;0;0;155580;10763;1318;9;26927;1524;27;0;0
FR;5;2022-01-19;18484;6423;74;2;8364;142;3;0;0;174064;17186;1392;11;35291;1666;30;0;0
FR;5;2022-01-20;1920;1067;25;0;1295;34;2;0;0;175984;18253;1417;11;36586;1700;32;0;0
FR;5;2022-01-21;3077;1372;47;1;1676;59;2;0;0;179061;19625;1464;12;38262;1759;34;0;0
FR;5;2022-01-22;10720;3454;33;1;4671;43;1;0;0;189781;23079;1497;13;42933;1802;35;0;0
FR;5;2022-01-23;2629;1415;6;0;1789;10;0;0;0;192410;24494;1503;13;44722;1812;35;0;0
FR;5;2022-01-24;1161;1340;19;0;1446;23;1;0;0;193571;25834;1522;13;46168;1835;36;0;0
FR;5;2022-01-25;1220;1549;20;2;1682;31;3;0;0;194791;27383;1542;15;47850;1866;39;0;0
FR;5;2022-01-26;10748;12032;50;1;13299;89;1;0;1;205539;39415;1592;16;61149;1955;40;0;1
FR;5;2022-01-27;1291;1693;10;0;1838;17;0;0;0;206830;41108;1602;16;62987;1972;40;0;1
FR;5;2022-01-28;1699;3346;16;0;3566;19;1;0;0;208529;44454;1618;16;66553;1991;41;0;1
FR;5;2022-01-29;6241;8041;68;0;8855;96;2;0;0;214770;52495;1686;16;75408;2087;43;0;1
FR;5;2022-01-30;1509;2950;5;0;3185;18;0;0;0;216279;55445;1691;16;78593;2105;43;0;1
FR;5;2022-01-31;589;1773;23;0;1837;24;3;0;0;216868;57218;1714;16;80430;2129;46;0;1
FR;5;2022-02-01;712;1706;10;0;1791;15;0;0;0;217580;58924;1724;16;82221;2144;46;0;1
FR;5;2022-02-02;6958;15655;52;0;16603;94;0;0;0;224538;74579;1776;16;98824;2238;46;0;1
FR;5;2022-02-03;492;1691;14;0;1748;13;5;0;0;225030;76270;1790;16;100572;2251;51;0;1
FR;5;2022-02-04;945;3002;19;0;3123;31;0;0;0;225975;79272;1809;16;103695;2282;51;0;1
FR;5;2022-02-05;3535;8919;23;0;9517;37;0;0;0;229510;88191;1832;16;113212;2319;51;0;1
FR;5;2022-02-06;737;2397;10;0;2556;19;0;0;0;230247;90588;1842;16;115768;2338;51;0;1
FR;5;2022-02-07;884;1596;23;0;1715;25;2;0;0;231131;92184;1865;16;117483;2363;53;0;1
FR;5;2022-02-08;725;1287;18;0;1407;20;2;0;0;231856;93471;1883;16;118890;2383;55;0;1
FR;5;2022-02-09;4544;12880;44;0;13608;76;1;0;0;236400;106351;1927;16;132498;2459;56;0;1
FR;5;2022-02-10;646;1059;14;0;1166;15;0;0;0;237046;107410;1941;16;133664;2474;56;0;1
FR;5;2022-02-11;793;2032;16;0;2163;21;1;0;0;237839;109442;1957;16;135827;2495;57;0;1
FR;5;2022-02-12;2286;6812;33;0;7279;53;0;0;0;240125;116254;1990;16;143106;2548;57;0;1
FR;5;2022-02-13;464;1541;8;0;1654;8;1;0;0;240589;117795;1998;16;144760;2556;58;0;1
FR;5;2022-02-14;678;1288;10;0;1407;13;1;0;0;241267;119083;2008;16;146167;2569;59;0;1
FR;5;2022-02-15;482;886;9;0;968;14;1;0;0;241749;119969;2017;16;147135;2583;60;0;1
FR;5;2022-02-16;2980;9124;41;1;9676;58;2;0;0;244729;129093;2058;17;156811;2641;62;0;1
FR;5;2022-02-17;436;809;6;0;876;7;1;0;0;245165;129902;2064;17;157687;2648;63;0;1
FR;5;2022-02-18;649;1408;13;0;1535;17;0;0;0;245814;131310;2077;17;159222;2665;63;0;1
FR;5;2022-02-19;1373;4315;16;0;4623;28;0;0;0;247187;135625;2093;17;163845;2693;63;0;1
FR;5;2022-02-20;247;879;6;0;941;8;0;0;0;247434;136504;2099;17;164786;2701;63;0;1
FR;5;2022-02-21;221;607;2;0;661;4;1;0;0;247655;137111;2101;17;165447;2705;64;0;1
FR;5;2022-02-22;262;545;17;0;591;17;1;0;0;247917;137656;2118;17;166038;2722;65;0;1
FR;5;2022-02-23;1909;6926;23;1;7346;43;0;0;0;249826;144582;2141;18;173384;2765;65;0;1
FR;5;2022-02-24;182;374;6;1;421;7;1;0;0;250008;144956;2147;19;173805;2772;66;0;1
FR;5;2022-02-25;336;950;13;0;1027;12;2;0;0;250344;145906;2160;19;174832;2784;68;0;1
FR;5;2022-02-26;972;3071;11;0;3333;15;2;0;0;251316;148977;2171;19;178165;2799;70;0;1
FR;5;2022-02-27;151;506;0;0;549;3;0;0;0;251467;149483;2171;19;178714;2802;70;0;1
FR;5;2022-02-28;162;369;1;0;408;1;0;0;0;251629;149852;2172;19;179122;2803;70;0;1
FR;5;2022-03-01;130;280;6;0;315;7;1;0;0;251759;150132;2178;19;179437;2810;71;0;1
FR;5;2022-03-02;1242;4156;28;3;4497;40;3;0;0;253001;154288;2206;22;183934;2850;74;0;1
FR;5;2022-03-03;121;251;5;0;271;10;1;0;0;253122;154539;2211;22;184205;2860;75;0;1
FR;5;2022-03-04;197;488;13;0;538;14;2;0;0;253319;155027;2224;22;184743;2874;77;0;1
FR;5;2022-03-05;677;1990;8;0;2244;16;2;0;0;253996;157017;2232;22;186987;2890;79;0;1
FR;5;2022-03-06;108;260;0;0;310;0;0;0;0;254104;157277;2232;22;187297;2890;79;0;1
FR;5;2022-03-07;71;228;5;0;254;3;2;0;0;254175;157505;2237;22;187551;2893;81;0;1
FR;5;2022-03-08;46;134;7;1;141;8;3;0;0;254221;157639;2244;23;187692;2901;84;0;1
FR;5;2022-03-09;910;3078;24;0;3408;36;0;0;0;255131;160717;2268;23;191100;2937;84;0;1
FR;5;2022-03-10;82;202;9;0;215;13;3;0;0;255213;160919;2277;23;191315;2950;87;0;1
FR;5;2022-03-11;148;369;13;1;427;15;0;0;0;255361;161288;2290;24;191742;2965;87;0;1
FR;5;2022-03-12;758;1613;13;1;1976;30;0;0;0;256119;162901;2303;25;193718;2995;87;0;1
FR;5;2022-03-13;78;100;0;0;133;0;0;0;0;256197;163001;2303;25;193851;2995;87;0;1
FR;5;2022-03-14;67;119;7;1;139;7;1;0;0;256264;163120;2310;26;193990;3002;88;0;1
FR;5;2022-03-15;83;99;4;0;119;7;1;0;0;256347;163219;2314;26;194109;3009;89;0;1
FR;5;2022-03-16;882;1827;15;3;2227;36;7;0;0;257229;165046;2329;29;196336;3045;96;0;1
FR;5;2022-03-17;68;123;8;4;151;10;4;0;0;257297;165169;2337;33;196487;3055;100;0;1
FR;5;2022-03-18;172;318;13;4;391;18;4;0;0;257469;165487;2350;37;196878;3073;104;0;1
FR;5;2022-03-19;752;1163;12;5;1555;33;8;0;0;258221;166650;2362;42;198433;3106;112;0;1
FR;5;2022-03-20;45;93;1;0;119;1;0;0;0;258266;166743;2363;42;198552;3107;112;0;1
FR;5;2022-03-21;71;120;10;6;136;15;8;0;0;258337;166863;2373;48;198688;3122;120;0;1
FR;5;2022-03-22;56;119;8;7;143;9;6;0;0;258393;166982;2381;55;198831;3131;126;0;1
FR;5;2022-03-23;805;1461;14;8;1878;36;9;0;0;259198;168443;2395;63;200709;3167;135;0;1
FR;5;2022-03-24;71;93;8;7;118;7;10;0;0;259269;168536;2403;70;200827;3174;145;0;1
FR;5;2022-03-25;222;293;14;8;388;18;9;0;0;259491;168829;2417;78;201215;3192;154;0;1
FR;5;2022-03-26;707;853;12;5;1273;26;6;0;1;260198;169682;2429;83;202488;3218;160;0;2
FR;5;2022-03-27;75;81;0;0;124;3;0;0;0;260273;169763;2429;83;202612;3221;160;0;2
FR;5;2022-03-28;81;93;1;2;132;3;2;0;0;260354;169856;2430;85;202744;3224;162;0;2
FR;5;2022-03-29;71;82;10;4;113;12;5;0;0;260425;169938;2440;89;202857;3236;167;0;2
FR;5;2022-03-30;823;1116;16;13;1604;29;14;0;0;261248;171054;2456;102;204461;3265;181;0;2
FR;5;2022-03-31;102;125;1;4;173;6;4;0;0;261350;171179;2457;106;204634;3271;185;0;2
FR;5;2022-04-01;114;86;7;12;135;11;12;0;1;261464;171265;2464;118;204769;3282;197;0;3
FR;5;2022-04-02;330;349;3;3;535;15;4;0;0;261794;171614;2467;121;205304;3297;201;0;3
FR;5;2022-04-03;54;59;1;0;88;1;0;0;0;261848;171673;2468;121;205392;3298;201;0;3
FR;5;2022-04-04;40;57;4;1;70;8;2;0;0;261888;171730;2472;122;205462;3306;203;0;3
FR;5;2022-04-05;53;60;6;6;75;9;5;0;0;261941;171790;2478;128;205537;3315;208;0;3
FR;5;2022-04-06;421;439;7;14;678;16;14;0;0;262362;172229;2485;142;206215;3331;222;0;3
FR;5;2022-04-07;45;69;5;7;89;7;10;0;0;262407;172298;2490;149;206304;3338;232;0;3
FR;5;2022-04-08;134;112;12;13;175;14;15;0;0;262541;172410;2502;162;206479;3352;247;0;3
FR;5;2022-04-09;311;324;2;5;511;17;5;0;0;262852;172734;2504;167;206990;3369;252;0;3
FR;5;2022-04-10;44;31;2;0;61;2;1;0;0;262896;172765;2506;167;207051;3371;253;0;3
FR;5;2022-04-11;50;60;3;2;78;4;3;0;0;262946;172825;2509;169;207129;3375;256;0;3
FR;5;2022-04-12;59;54;3;3;78;5;3;0;0;263005;172879;2512;172;207207;3380;259;0;3
FR;5;2022-04-13;382;413;3;8;606;16;8;0;0;263387;173292;2515;180;207813;3396;267;0;3
FR;5;2022-04-14;48;53;5;5;70;9;3;0;0;263435;173345;2520;185;207883;3405;270;0;3
FR;5;2022-04-15;91;109;4;4;150;5;6;0;0;263526;173454;2524;189;208033;3410;276;0;3
FR;5;2022-04-16;188;184;2;1;265;13;1;0;0;263714;173638;2526;190;208298;3423;277;0;3
FR;5;2022-04-17;12;11;1;0;17;1;0;0;0;263726;173649;2527;190;208315;3424;277;0;3
FR;5;2022-04-18;9;10;2;0;11;3;1;0;0;263735;173659;2529;190;208326;3427;278;0;3
FR;5;2022-04-19;75;71;6;1;96;6;4;0;0;263810;173730;2535;191;208422;3433;282;0;3
FR;5;2022-04-20;361;349;9;6;522;12;7;0;0;264171;174079;2544;197;208944;3445;289;0;3
FR;5;2022-04-21;42;64;9;10;71;12;14;0;0;264213;174143;2553;207;209015;3457;303;0;3
FR;5;2022-04-22;113;96;5;4;144;5;5;0;0;264326;174239;2558;211;209159;3462;308;0;3
FR;5;2022-04-23;209;193;4;2;284;11;3;0;0;264535;174432;2562;213;209443;3473;311;0;3
FR;5;2022-04-24;37;35;0;0;50;3;0;0;0;264572;174467;2562;213;209493;3476;311;0;3
FR;5;2022-04-25;69;65;1;1;102;4;1;0;0;264641;174532;2563;214;209595;3480;312;0;3
FR;5;2022-04-26;60;63;2;1;85;5;1;0;0;264701;174595;2565;215;209680;3485;313;0;3
FR;5;2022-04-27;335;316;3;7;463;14;8;0;0;265036;174911;2568;222;210143;3499;321;0;3
FR;5;2022-04-28;81;54;4;5;81;8;7;0;0;265117;174965;2572;227;210224;3507;328;0;3
FR;5;2022-04-29;117;84;5;19;117;12;17;0;0;265234;175049;2577;246;210341;3519;345;0;3
FR;5;2022-04-30;183;114;2;3;184;10;4;0;0;265417;175163;2579;249;210525;3529;349;0;3
FR;5;2022-05-01;11;7;0;0;11;0;0;0;0;265428;175170;2579;249;210536;3529;349;0;3
FR;5;2022-05-02;52;28;4;5;48;2;7;0;0;265480;175198;2583;254;210584;3531;356;0;3
FR;5;2022-05-03;87;57;2;4;84;11;4;0;0;265567;175255;2585;258;210668;3542;360;0;3
FR;5;2022-05-04;278;205;1;2;324;7;2;0;0;265845;175460;2586;260;210992;3549;362;0;3
FR;5;2022-05-05;62;32;3;4;46;5;4;0;0;265907;175492;2589;264;211038;3554;366;0;3
FR;5;2022-05-06;105;65;2;3;106;5;3;0;0;266012;175557;2591;267;211144;3559;369;0;3
FR;5;2022-05-07;171;117;2;10;180;13;7;0;0;266183;175674;2593;277;211324;3572;376;0;3
FR;5;2022-05-08;8;8;0;0;9;2;0;0;0;266191;175682;2593;277;211333;3574;376;0;3
FR;5;2022-05-09;44;34;15;3;51;16;4;0;0;266235;175716;2608;280;211384;3590;380;0;3
FR;5;2022-05-10;54;49;3;4;67;5;5;0;0;266289;175765;2611;284;211451;3595;385;0;3
FR;5;2022-05-11;327;237;12;7;344;21;11;0;0;266616;176002;2623;291;211795;3616;396;0;3
FR;5;2022-05-12;46;34;2;2;47;2;3;0;0;266662;176036;2625;293;211842;3618;399;0;3
FR;5;2022-05-13;109;83;3;8;119;8;7;0;0;266771;176119;2628;301;211961;3626;406;0;3
FR;5;2022-05-14;209;131;0;1;212;8;0;0;0;266980;176250;2628;302;212173;3634;406;0;3
FR;5;2022-05-15;22;9;2;0;18;1;1;0;0;267002;176259;2630;302;212191;3635;407;0;3
FR;5;2022-05-16;52;34;4;5;53;4;5;0;0;267054;176293;2634;307;212244;3639;412;0;3
FR;5;2022-05-17;72;40;5;0;68;2;3;0;0;267126;176333;2639;307;212312;3641;415;0;3
FR;5;2022-05-18;289;215;4;4;330;8;6;0;0;267415;176548;2643;311;212642;3649;421;0;3
FR;5;2022-05-19;45;35;5;3;42;3;4;0;0;267460;176583;2648;314;212684;3652;425;0;3
FR;5;2022-05-20;76;63;3;10;92;1;11;0;0;267536;176646;2651;324;212776;3653;436;0;3
FR;5;2022-05-21;242;166;2;3;268;17;1;0;0;267778;176812;2653;327;213044;3670;437;0;3
FR;5;2022-05-22;20;14;2;5;20;2;6;0;0;267798;176826;2655;332;213064;3672;443;0;3
FR;5;2022-05-23;42;31;4;3;42;6;3;0;0;267840;176857;2659;335;213106;3678;446;0;3
FR;5;2022-05-24;47;45;3;2;60;5;2;0;0;267887;176902;2662;337;213166;3683;448;0;3
FR;5;2022-05-25;329;257;4;1;385;16;1;0;0;268216;177159;2666;338;213551;3699;449;0;3
FR;5;2022-05-26;17;5;0;1;9;2;0;0;1;268233;177164;2666;339;213560;3701;449;0;4
FR;5;2022-05-27;99;54;4;4;89;9;3;0;0;268332;177218;2670;343;213649;3710;452;0;4
FR;5;2022-05-28;100;78;5;3;106;10;3;0;0;268432;177296;2675;346;213755;3720;455;0;4
FR;5;2022-05-29;14;14;1;0;18;2;0;0;0;268446;177310;2676;346;213773;3722;455;0;4
FR;5;2022-05-30;56;41;2;1;54;2;2;0;0;268502;177351;2678;347;213827;3724;457;0;4
FR;5;2022-05-31;57;43;1;8;62;1;8;0;0;268559;177394;2679;355;213889;3725;465;0;4
FR;5;2022-06-01;257;241;9;2;301;25;5;0;0;268816;177635;2688;357;214190;3750;470;0;4
FR;5;2022-06-02;63;61;5;0;73;9;1;0;0;268879;177696;2693;357;214263;3759;471;0;4
FR;5;2022-06-03;82;71;4;5;88;10;6;0;0;268961;177767;2697;362;214351;3769;477;0;4
FR;5;2022-06-04;157;109;2;1;187;9;1;0;0;269118;177876;2699;363;214538;3778;478;0;4
FR;5;2022-06-05;18;11;0;0;21;1;0;0;0;269136;177887;2699;363;214559;3779;478;0;4
FR;5;2022-06-06;16;12;0;1;15;0;1;0;0;269152;177899;2699;364;214574;3779;479;0;4
FR;5;2022-06-07;50;56;1;1;76;2;1;0;0;269202;177955;2700;365;214650;3781;480;0;4
FR;5;2022-06-08;283;225;3;4;332;17;2;0;0;269485;178180;2703;369;214982;3798;482;0;4
FR;5;2022-06-09;52;41;6;3;57;7;2;0;1;269537;178221;2709;372;215039;3805;484;0;5
FR;5;2022-06-10;81;72;1;1;105;6;1;0;0;269618;178293;2710;373;215144;3811;485;0;5
FR;5;2022-06-11;173;141;3;3;202;10;4;0;0;269791;178434;2713;376;215346;3821;489;0;5
FR;5;2022-06-12;17;16;0;0;19;2;0;0;0;269808;178450;2713;376;215365;3823;489;0;5
FR;5;2022-06-13;56;47;9;3;70;10;6;0;0;269864;178497;2722;379;215435;3833;495;0;5
FR;5;2022-06-14;59;56;1;4;64;6;4;0;0;269923;178553;2723;383;215499;3839;499;0;5
FR;5;2022-06-15;266;260;5;2;363;27;1;0;0;270189;178813;2728;385;215862;3866;500;0;5
FR;5;2022-06-16;47;30;5;2;44;5;2;0;0;270236;178843;2733;387;215906;3871;502;0;5
FR;5;2022-06-17;100;67;5;5;102;10;5;0;0;270336;178910;2738;392;216008;3881;507;0;5
FR;5;2022-06-18;146;95;10;2;152;26;2;0;1;270482;179005;2748;394;216160;3907;509;0;6
FR;5;2022-06-19;26;15;0;1;18;4;1;0;0;270508;179020;2748;395;216178;3911;510;0;6
FR;5;2022-06-20;56;50;8;0;62;11;2;0;0;270564;179070;2756;395;216240;3922;512;0;6
FR;5;2022-06-21;52;73;5;3;90;7;5;0;1;270616;179143;2761;398;216330;3929;517;0;7
FR;5;2022-06-22;224;247;7;9;347;33;10;0;0;270840;179390;2768;407;216677;3962;527;0;7
FR;5;2022-06-23;50;38;2;5;43;6;6;0;0;270890;179428;2770;412;216720;3968;533;0;7
FR;5;2022-06-24;91;70;12;5;101;16;8;0;0;270981;179498;2782;417;216821;3984;541;0;7
FR;5;2022-06-25;154;124;3;7;185;14;8;0;1;271135;179622;2785;424;217006;3998;549;0;8
FR;5;2022-06-26;26;19;2;0;29;5;0;0;0;271161;179641;2787;424;217035;4003;549;0;8
FR;5;2022-06-27;57;60;5;7;78;11;9;0;0;271218;179701;2792;431;217113;4014;558;0;8
FR;5;2022-06-28;70;49;8;2;69;14;5;0;0;271288;179750;2800;433;217182;4028;563;0;8
FR;5;2022-06-29;297;268;9;21;391;34;23;0;0;271585;180018;2809;454;217573;4062;586;0;8
FR;5;2022-06-30;89;57;10;12;89;17;11;0;0;271674;180075;2819;466;217662;4079;597;0;8
FR;5;2022-07-01;127;65;7;11;118;12;11;0;2;271801;180140;2826;477;217780;4091;608;0;10
FR;5;2022-07-02;191;132;4;0;210;22;0;0;0;271992;180272;2830;477;217990;4113;608;0;10
FR;5;2022-07-03;30;25;1;0;36;4;0;0;0;272022;180297;2831;477;218026;4117;608;0;10
FR;5;2022-07-04;103;65;2;5;102;7;5;0;1;272125;180362;2833;482;218128;4124;613;0;11
FR;5;2022-07-05;104;72;3;8;107;13;8;0;1;272229;180434;2836;490;218235;4137;621;0;12
FR;5;2022-07-06;277;168;9;36;289;27;36;0;0;272506;180602;2845;526;218524;4164;657;0;12
FR;5;2022-07-07;88;69;6;9;89;13;11;0;0;272594;180671;2851;535;218613;4177;668;0;12
FR;5;2022-07-08;152;120;7;14;146;25;13;0;1;272746;180791;2858;549;218759;4202;681;0;13
FR;5;2022-07-09;116;68;1;8;100;10;8;0;0;272862;180859;2859;557;218859;4212;689;0;13
FR;5;2022-07-10;15;6;0;0;10;1;0;0;0;272877;180865;2859;557;218869;4213;689;0;13
FR;5;2022-07-11;92;72;10;2;98;19;3;0;0;272969;180937;2869;559;218967;4232;692;0;13
FR;5;2022-07-12;67;63;5;10;81;7;12;0;0;273036;181000;2874;569;219048;4239;704;0;13
FR;5;2022-07-13;169;118;10;19;196;16;23;0;0;273205;181118;2884;588;219244;4255;727;0;13
FR;5;2022-07-14;8;4;0;0;7;0;0;0;0;273213;181122;2884;588;219251;4255;727;0;13
FR;5;2022-07-15;74;66;5;14;86;15;15;0;0;273287;181188;2889;602;219337;4270;742;0;13
FR;5;2022-07-16;54;44;3;0;71;3;2;0;0;273341;181232;2892;602;219408;4273;744;0;13
FR;5;2022-07-17;10;7;3;0;10;2;2;0;0;273351;181239;2895;602;219418;4275;746;0;13
FR;5;2022-07-18;60;47;0;4;70;4;3;0;0;273411;181286;2895;606;219488;4279;749;0;13
FR;5;2022-07-19;63;42;5;3;63;7;4;0;0;273474;181328;2900;609;219551;4286;753;0;13
FR;5;2022-07-20;119;106;4;11;141;14;9;0;0;273593;181434;2904;620;219692;4300;762;0;13
FR;5;2022-07-21;38;43;2;10;52;5;10;0;0;273631;181477;2906;630;219744;4305;772;0;13
FR;5;2022-07-22;48;69;11;13;75;23;11;0;1;273679;181546;2917;643;219819;4328;783;0;14
FR;5;2022-07-23;59;78;2;1;95;11;2;0;0;273738;181624;2919;644;219914;4339;785;0;14
FR;5;2022-07-24;11;9;3;1;12;3;1;0;0;273749;181633;2922;645;219926;4342;786;0;14
FR;5;2022-07-25;53;48;2;7;57;8;8;0;0;273802;181681;2924;652;219983;4350;794;0;14
FR;5;2022-07-26;58;52;5;41;70;6;44;0;0;273860;181733;2929;693;220053;4356;838;0;14
FR;5;2022-07-27;106;118;4;4;161;13;4;0;0;273966;181851;2933;697;220214;4369;842;0;14
FR;5;2022-07-28;39;35;2;2;47;6;1;0;0;274005;181886;2935;699;220261;4375;843;0;14
FR;5;2022-07-29;56;74;3;14;90;8;10;0;0;274061;181960;2938;713;220351;4383;853;0;14
FR;5;2022-07-30;55;53;5;1;75;7;2;0;0;274116;182013;2943;714;220426;4390;855;0;14
FR;5;2022-07-31;7;11;1;0;13;1;0;0;0;274123;182024;2944;714;220439;4391;855;0;14
FR;5;2022-08-01;39;53;1;2;64;6;2;0;0;274162;182077;2945;716;220503;4397;857;0;14
FR;5;2022-08-02;32;43;8;7;47;8;7;0;1;274194;182120;2953;723;220550;4405;864;0;15
FR;5;2022-08-03;54;51;4;10;70;9;8;0;0;274248;182171;2957;733;220620;4414;872;0;15
FR;5;2022-08-04;20;18;1;6;22;1;6;0;0;274268;182189;2958;739;220642;4415;878;0;15
FR;5;2022-08-05;35;26;3;3;39;3;3;0;0;274303;182215;2961;742;220681;4418;881;0;15
FR;5;2022-08-06;23;26;1;0;31;1;0;0;0;274326;182241;2962;742;220712;4419;881;0;15
FR;5;2022-08-07;2;2;1;0;1;1;1;0;0;274328;182243;2963;742;220713;4420;882;0;15
FR;5;2022-08-08;26;19;1;2;24;2;1;0;0;274354;182262;2964;744;220737;4422;883;0;15
FR;5;2022-08-09;26;28;3;3;35;3;3;0;0;274380;182290;2967;747;220772;4425;886;0;15
FR;5;2022-08-10;47;47;2;0;56;5;0;0;0;274427;182337;2969;747;220828;4430;886;0;15
FR;5;2022-08-11;19;36;2;2;42;5;2;0;0;274446;182373;2971;749;220870;4435;888;0;15
FR;5;2022-08-12;27;28;2;0;39;2;0;0;0;274473;182401;2973;749;220909;4437;888;0;15
FR;5;2022-08-13;16;18;0;0;24;0;0;0;0;274489;182419;2973;749;220933;4437;888;0;15
FR;5;2022-08-14;2;3;0;0;4;0;0;0;0;274491;182422;2973;749;220937;4437;888;0;15
FR;5;2022-08-15;2;5;0;0;5;0;0;0;0;274493;182427;2973;749;220942;4437;888;0;15
FR;5;2022-08-16;33;26;3;0;28;6;0;0;0;274526;182453;2976;749;220970;4443;888;0;15
FR;5;2022-08-17;52;55;2;1;72;1;1;0;0;274578;182508;2978;750;221042;4444;889;0;15
FR;5;2022-08-18;26;18;8;17;25;10;16;0;0;274604;182526;2986;767;221067;4454;905;0;15
FR;5;2022-08-19;25;33;1;2;41;2;2;0;0;274629;182559;2987;769;221108;4456;907;0;15
FR;5;2022-08-20;25;27;2;1;33;4;2;0;0;274654;182586;2989;770;221141;4460;909;0;15
FR;5;2022-08-21;7;4;1;0;7;1;0;0;0;274661;182590;2990;770;221148;4461;909;0;15
FR;5;2022-08-22;39;26;1;6;42;2;5;0;1;274700;182616;2991;776;221190;4463;914;0;16
FR;5;2022-08-23;27;26;1;1;32;2;1;0;0;274727;182642;2992;777;221222;4465;915;0;16
FR;5;2022-08-24;50;43;0;0;62;0;0;0;0;274777;182685;2992;777;221284;4465;915;0;16
FR;5;2022-08-25;27;26;3;1;31;2;0;0;1;274804;182711;2995;778;221315;4467;915;0;17
FR;5;2022-08-26;48;39;7;2;58;5;4;0;0;274852;182750;3002;780;221373;4472;919;0;17
FR;5;2022-08-27;46;28;1;0;46;3;1;0;0;274898;182778;3003;780;221419;4475;920;0;17
FR;5;2022-08-28;5;6;0;0;6;0;0;0;0;274903;182784;3003;780;221425;4475;920;0;17
FR;5;2022-08-29;58;44;1;1;66;4;1;0;0;274961;182828;3004;781;221491;4479;921;0;17
FR;5;2022-08-30;45;23;12;29;40;10;30;0;1;275006;182851;3016;810;221531;4489;951;0;18
FR;5;2022-08-31;53;47;6;1;58;11;1;0;0;275059;182898;3022;811;221589;4500;952;0;18
FR;5;2022-09-01;16;8;1;4;13;1;4;0;0;275075;182906;3023;815;221602;4501;956;0;18
FR;5;2022-09-02;42;23;8;2;35;9;3;0;0;275117;182929;3031;817;221637;4510;959;0;18
FR;5;2022-09-03;69;37;2;0;58;2;0;0;0;275186;182966;3033;817;221695;4512;959;0;18
FR;5;2022-09-04;12;7;1;0;8;3;0;0;0;275198;182973;3034;817;221703;4515;959;0;18
FR;5;2022-09-05;7;4;1;0;4;1;0;0;0;275205;182977;3035;817;221707;4516;959;0;18
FR;5;2022-09-06;21;14;3;15;17;2;14;0;2;275226;182991;3038;832;221724;4518;973;0;20
FR;5;2022-09-07;79;53;1;1;76;3;1;0;0;275305;183044;3039;833;221800;4521;974;0;20
FR;5;2022-09-08;9;4;0;4;7;0;4;0;0;275314;183048;3039;837;221807;4521;978;0;20
FR;5;2022-09-09;40;11;9;2;14;10;3;0;0;275354;183059;3048;839;221821;4531;981;0;20
FR;5;2022-09-10;40;45;1;1;50;8;1;0;0;275394;183104;3049;840;221871;4539;982;0;20
FR;5;2022-09-11;3;3;0;0;3;1;0;0;0;275397;183107;3049;840;221874;4540;982;0;20
FR;5;2022-09-12;7;5;2;2;7;2;2;0;0;275404;183112;3051;842;221881;4542;984;0;20
FR;5;2022-09-13;9;6;0;1;4;3;1;0;0;275413;183118;3051;843;221885;4545;985;0;20
FR;5;2022-09-14;52;47;4;6;55;9;5;0;0;275465;183165;3055;849;221940;4554;990;0;20
FR;5;2022-09-15;11;13;2;3;11;5;3;0;0;275476;183178;3057;852;221951;4559;993;0;20
FR;5;2022-09-16;25;33;1;4;38;3;3;0;0;275501;183211;3058;856;221989;4562;996;0;20
FR;5;2022-09-17;60;43;1;1;51;5;1;0;0;275561;183254;3059;857;222040;4567;997;0;20
FR;5;2022-09-18;9;6;0;1;10;1;0;0;0;275570;183260;3059;858;222050;4568;997;0;20
FR;5;2022-09-19;22;17;2;1;20;5;2;0;0;275592;183277;3061;859;222070;4573;999;0;20
FR;5;2022-09-20;15;11;3;3;15;1;4;0;0;275607;183288;3064;862;222085;4574;1003;0;20
FR;5;2022-09-21;68;45;9;0;65;13;0;0;0;275675;183333;3073;862;222150;4587;1003;0;20
FR;5;2022-09-22;12;6;4;24;6;4;23;0;1;275687;183339;3077;886;222156;4591;1026;0;21
FR;5;2022-09-23;20;25;2;3;23;8;3;0;0;275707;183364;3079;889;222179;4599;1029;0;21
FR;5;2022-09-24;44;51;1;8;65;5;8;0;0;275751;183415;3080;897;222244;4604;1037;0;21
FR;5;2022-09-25;6;12;0;0;13;1;0;0;0;275757;183427;3080;897;222257;4605;1037;0;21
FR;5;2022-09-26;15;7;0;2;12;0;1;0;1;275772;183434;3080;899;222269;4605;1038;0;22
FR;5;2022-09-27;7;12;4;9;14;4;9;0;1;275779;183446;3084;908;222283;4609;1047;0;23
FR;5;2022-09-28;65;64;5;0;88;7;0;0;0;275844;183510;3089;908;222371;4616;1047;0;23
FR;5;2022-09-29;17;9;1;0;15;1;1;0;1;275861;183519;3090;908;222386;4617;1048;0;24
FR;5;2022-09-30;28;46;2;2;53;4;3;0;0;275889;183565;3092;910;222439;4621;1051;0;24
FR;5;2022-10-01;40;35;5;5;48;8;7;0;0;275929;183600;3097;915;222487;4629;1058;0;24
FR;5;2022-10-02;1;9;1;0;10;1;0;0;0;275930;183609;3098;915;222497;4630;1058;0;24
FR;5;2022-10-03;7;6;3;0;5;4;0;0;0;275937;183615;3101;915;222502;4634;1058;0;24
FR;5;2022-10-04;11;8;1;3;11;2;3;0;0;275948;183623;3102;918;222513;4636;1061;0;24
FR;5;2022-10-05;57;62;2;2;79;13;2;0;0;276005;183685;3104;920;222592;4649;1063;0;24
FR;5;2022-10-06;12;10;1;4;15;2;4;0;0;276017;183695;3105;924;222607;4651;1067;0;24
FR;5;2022-10-07;21;31;1;0;34;5;0;0;0;276038;183726;3106;924;222641;4656;1067;0;24
FR;5;2022-10-08;33;51;1;0;54;7;0;0;0;276071;183777;3107;924;222695;4663;1067;0;24
FR;5;2022-10-09;7;10;0;0;11;1;0;0;0;276078;183787;3107;924;222706;4664;1067;0;24
FR;5;2022-10-10;14;6;0;1;8;1;1;0;0;276092;183793;3107;925;222714;4665;1068;0;24
FR;5;2022-10-11;6;13;2;1;14;2;2;0;0;276098;183806;3109;926;222728;4667;1070;0;24
FR;5;2022-10-12;39;57;3;2;69;8;2;0;0;276137;183863;3112;928;222797;4675;1072;0;24
FR;5;2022-10-13;11;16;2;0;18;4;0;0;0;276148;183879;3114;928;222815;4679;1072;0;24
FR;5;2022-10-14;21;21;1;0;20;5;0;0;0;276169;183900;3115;928;222835;4684;1072;0;24
FR;5;2022-10-15;19;26;10;0;25;11;2;0;0;276188;183926;3125;928;222860;4695;1074;0;24
FR;5;2022-10-16;3;1;0;0;1;1;0;0;0;276191;183927;3125;928;222861;4696;1074;0;24
FR;5;2022-10-17;8;8;2;1;8;3;1;0;2;276199;183935;3127;929;222869;4699;1075;0;26
FR;5;2022-10-18;6;7;0;2;8;0;2;0;0;276205;183942;3127;931;222877;4699;1077;0;26
FR;5;2022-10-19;38;43;8;0;52;11;0;0;1;276243;183985;3135;931;222929;4710;1077;0;27
FR;5;2022-10-20;18;15;2;1;16;3;1;0;0;276261;184000;3137;932;222945;4713;1078;0;27
FR;5;2022-10-21;22;15;6;0;19;8;1;0;2;276283;184015;3143;932;222964;4721;1079;0;29
FR;5;2022-10-22;34;29;2;12;32;5;12;0;0;276317;184044;3145;944;222996;4726;1091;0;29
FR;5;2022-10-23;9;3;0;0;4;0;0;0;0;276326;184047;3145;944;223000;4726;1091;0;29
FR;5;2022-10-24;14;7;6;7;9;9;8;0;0;276340;184054;3151;951;223009;4735;1099;0;29
FR;5;2022-10-25;12;9;6;3;9;8;3;0;2;276352;184063;3157;954;223018;4743;1102;0;31
FR;5;2022-10-26;34;22;6;0;29;10;0;0;0;276386;184085;3163;954;223047;4753;1102;0;31
FR;5;2022-10-27;16;4;4;0;11;4;0;0;0;276402;184089;3167;954;223058;4757;1102;0;31
FR;5;2022-10-28;19;13;5;3;14;6;4;0;0;276421;184102;3172;957;223072;4763;1106;0;31
FR;5;2022-10-29;21;13;0;0;17;3;0;0;0;276442;184115;3172;957;223089;4766;1106;0;31
FR;5;2022-10-30;1;4;2;0;4;3;0;0;0;276443;184119;3174;957;223093;4769;1106;0;31
FR;5;2022-10-31;14;11;2;1;12;3;1;0;0;276457;184130;3176;958;223105;4772;1107;0;31
FR;5;2022-11-01;3;3;0;1;3;0;1;0;0;276460;184133;3176;959;223108;4772;1108;0;31
FR;5;2022-11-02;23;17;5;4;23;5;5;0;0;276483;184150;3181;963;223131;4777;1113;0;31
FR;5;2022-11-03;22;4;1;1;11;1;1;0;0;276505;184154;3182;964;223142;4778;1114;0;31
FR;5;2022-11-04;19;18;1;0;18;2;0;0;0;276524;184172;3183;964;223160;4780;1114;0;31
FR;5;2022-11-05;25;16;1;0;21;1;0;0;0;276549;184188;3184;964;223181;4781;1114;0;31
FR;5;2022-11-06;1;7;0;0;7;0;0;0;0;276550;184195;3184;964;223188;4781;1114;0;31
FR;5;2022-11-07;5;3;3;0;3;3;0;0;0;276555;184198;3187;964;223191;4784;1114;0;31
FR;5;2022-11-08;12;7;1;2;8;1;1;0;0;276567;184205;3188;966;223199;4785;1115;0;31
FR;5;2022-11-09;30;29;6;1;32;6;1;0;0;276597;184234;3194;967;223231;4791;1116;0;31
FR;5;2022-11-10;11;16;1;0;17;1;0;0;0;276608;184250;3195;967;223248;4792;1116;0;31
FR;5;2022-11-11;2;4;0;1;6;0;1;0;0;276610;184254;3195;968;223254;4792;1117;0;31
FR;5;2022-11-12;19;10;5;9;18;6;9;0;2;276629;184264;3200;977;223272;4798;1126;0;33
FR;5;2022-11-13;2;2;0;1;2;0;1;0;0;276631;184266;3200;978;223274;4798;1127;0;33
FR;5;2022-11-14;8;10;0;1;9;3;0;0;0;276639;184276;3200;979;223283;4801;1127;0;33
FR;5;2022-11-15;8;6;4;3;6;4;3;0;0;276647;184282;3204;982;223289;4805;1130;0;33
FR;5;2022-11-16;29;28;2;1;32;5;0;0;0;276676;184310;3206;983;223321;4810;1130;0;33
FR;5;2022-11-17;6;15;4;0;15;5;0;0;0;276682;184325;3210;983;223336;4815;1130;0;33
FR;5;2022-11-18;16;17;7;0;19;9;0;0;0;276698;184342;3217;983;223355;4824;1130;0;33
FR;5;2022-11-19;18;27;2;0;28;6;0;0;0;276716;184369;3219;983;223383;4830;1130;0;33
FR;5;2022-11-20;6;3;0;0;5;0;0;0;0;276722;184372;3219;983;223388;4830;1130;0;33
FR;5;2022-11-21;8;5;0;2;4;2;1;0;0;276730;184377;3219;985;223392;4832;1131;0;33
FR;5;2022-11-22;9;3;0;1;4;0;1;0;0;276739;184380;3219;986;223396;4832;1132;0;33
FR;5;2022-11-23;34;25;6;1;27;13;0;0;0;276773;184405;3225;987;223423;4845;1132;0;33
FR;5;2022-11-24;3;7;2;1;8;1;2;0;0;276776;184412;3227;988;223431;4846;1134;0;33
FR;5;2022-11-25;15;20;2;0;25;3;0;0;1;276791;184432;3229;988;223456;4849;1134;0;34
FR;5;2022-11-26;22;19;4;0;20;8;0;0;0;276813;184451;3233;988;223476;4857;1134;0;34
FR;5;2022-11-27;7;0;1;0;3;1;0;0;0;276820;184451;3234;988;223479;4858;1134;0;34
FR;5;2022-11-28;7;12;3;0;12;5;0;0;0;276827;184463;3237;988;223491;4863;1134;0;34
FR;5;2022-11-29;10;9;1;0;11;3;0;0;1;276837;184472;3238;988;223502;4866;1134;0;35
FR;5;2022-11-30;35;48;12;0;56;17;1;0;0;276872;184520;3250;988;223558;4883;1135;0;35
FR;5;2022-12-01;4;10;2;0;10;3;0;0;0;276876;184530;3252;988;223568;4886;1135;0;35
FR;5;2022-12-02;1;5;2;1;4;3;1;0;0;276877;184535;3254;989;223572;4889;1136;0;35
FR;5;2022-12-03;3;3;8;1;5;8;1;0;0;276880;184538;3262;990;223577;4897;1137;0;35
FR;5;2022-12-04;3;2;1;0;2;2;0;0;0;276883;184540;3263;990;223579;4899;1137;0;35
FR;5;2022-12-05;0;1;0;0;0;1;0;0;0;276883;184541;3263;990;223579;4900;1137;0;35
FR;5;2022-12-06;4;1;0;0;1;0;0;0;1;276887;184542;3263;990;223580;4900;1137;0;36
FR;5;2022-12-07;5;8;1;0;8;1;0;0;0;276892;184550;3264;990;223588;4901;1137;0;36
FR;5;2022-12-08;2;2;0;0;2;0;0;0;0;276894;184552;3264;990;223590;4901;1137;0;36
FR;5;2022-12-09;3;8;0;0;6;2;0;0;0;276897;184560;3264;990;223596;4903;1137;0;36
FR;5;2022-12-10;4;7;2;1;8;2;1;0;0;276901;184567;3266;991;223604;4905;1138;0;36
FR;5;2022-12-11;2;0;0;0;0;0;0;0;0;276903;184567;3266;991;223604;4905;1138;0;36
FR;5;2022-12-12;0;0;0;0;0;0;0;0;0;276903;184567;3266;991;223604;4905;1138;0;36
FR;5;2022-12-13;2;3;0;0;4;1;0;0;0;276905;184570;3266;991;223608;4906;1138;0;36
FR;5;2022-12-14;2;2;0;9;2;1;8;0;3;276907;184572;3266;1000;223610;4907;1146;0;39
FR;5;2022-12-15;0;2;0;0;2;0;0;0;0;276907;184574;3266;1000;223612;4907;1146;0;39
FR;5;2022-12-16;3;2;2;0;3;3;0;0;0;276910;184576;3268;1000;223615;4910;1146;0;39
FR;5;2022-12-17;3;3;3;0;3;2;1;0;0;276913;184579;3271;1000;223618;4912;1147;0;39
FR;5;2022-12-18;3;0;0;1;0;0;1;0;1;276916;184579;3271;1001;223618;4912;1148;0;40
FR;5;2022-12-19;1;0;0;2;0;0;2;0;0;276917;184579;3271;1003;223618;4912;1150;0;40
FR;5;2022-12-20;0;1;3;0;1;3;0;0;0;276917;184580;3274;1003;223619;4915;1150;0;40
FR;5;2022-12-21;2;4;0;0;4;0;0;0;0;276919;184584;3274;1003;223623;4915;1150;0;40
FR;5;2022-12-22;2;1;0;0;1;0;0;0;0;276921;184585;3274;1003;223624;4915;1150;0;40
FR;5;2022-12-23;3;1;1;0;1;1;0;0;0;276924;184586;3275;1003;223625;4916;1150;0;40
FR;5;2022-12-24;0;1;0;0;1;0;0;0;0;276924;184587;3275;1003;223626;4916;1150;0;40
FR;5;2022-12-25;0;1;2;0;0;3;0;0;0;276924;184588;3277;1003;223626;4919;1150;0;40
FR;5;2022-12-26;2;2;0;0;2;0;0;0;0;276926;184590;3277;1003;223628;4919;1150;0;40
FR;5;2022-12-27;0;3;0;0;3;0;0;0;0;276926;184593;3277;1003;223631;4919;1150;0;40
FR;5;2022-12-28;5;2;3;0;2;3;2;0;0;276931;184595;3280;1003;223633;4922;1152;0;40
FR;5;2022-12-29;3;2;2;0;3;2;0;0;0;276934;184597;3282;1003;223636;4924;1152;0;40
FR;5;2022-12-30;0;2;1;0;2;1;0;0;0;276934;184599;3283;1003;223638;4925;1152;0;40
FR;5;2022-12-31;0;0;0;0;0;0;0;0;0;276934;184599;3283;1003;223638;4925;1152;0;40
FR;5;2023-01-01;0;0;0;0;0;0;0;0;0;276934;184599;3283;1003;223638;4925;1152;0;40
FR;5;2023-01-02;1;1;1;0;1;1;0;0;0;276935;184600;3284;1003;223639;4926;1152;0;40
FR;5;2023-01-03;0;1;0;0;1;0;0;0;0;276935;184601;3284;1003;223640;4926;1152;0;40
FR;5;2023-01-04;6;1;1;0;2;1;0;0;0;276941;184602;3285;1003;223642;4927;1152;0;40
FR;5;2023-01-05;0;1;0;0;1;0;0;0;0;276941;184603;3285;1003;223643;4927;1152;0;40
FR;5;2023-01-06;2;1;1;0;1;1;0;0;0;276943;184604;3286;1003;223644;4928;1152;0;40
FR;5;2023-01-07;4;1;1;0;1;2;0;0;0;276947;184605;3287;1003;223645;4930;1152;0;40
FR;5;2023-01-08;2;2;0;0;2;0;0;0;0;276949;184607;3287;1003;223647;4930;1152;0;40
FR;5;2023-01-09;4;0;1;0;1;1;0;0;0;276953;184607;3288;1003;223648;4931;1152;0;40
FR;5;2023-01-10;3;1;0;0;2;0;0;0;0;276956;184608;3288;1003;223650;4931;1152;0;40
FR;5;2023-01-11;8;5;2;0;4;3;0;0;0;276964;184613;3290;1003;223654;4934;1152;0;40
FR;5;2023-01-12;11;6;4;0;6;6;0;0;0;276975;184619;3294;1003;223660;4940;1152;0;40
FR;5;2023-01-13;53;16;15;0;31;17;0;0;0;277028;184635;3309;1003;223691;4957;1152;0;40
FR;5;2023-01-14;56;34;13;1;33;20;2;0;0;277084;184669;3322;1004;223724;4977;1154;0;40
FR;5;2023-01-15;13;9;0;0;5;4;0;0;0;277097;184678;3322;1004;223729;4981;1154;0;40
FR;5;2023-01-16;13;8;2;0;8;2;0;0;0;277110;184686;3324;1004;223737;4983;1154;0;40
FR;5;2023-01-17;12;8;3;0;4;7;0;0;0;277122;184694;3327;1004;223741;4990;1154;0;40
FR;5;2023-01-18;71;35;21;2;46;25;2;0;0;277193;184729;3348;1006;223787;5015;1156;0;40
FR;5;2023-01-19;13;6;8;0;5;10;1;0;0;277206;184735;3356;1006;223792;5025;1157;0;40
FR;5;2023-01-20;27;14;11;0;14;16;0;0;2;277233;184749;3367;1006;223806;5041;1157;0;42
FR;5;2023-01-21;34;23;18;1;30;21;1;0;0;277267;184772;3385;1007;223836;5062;1158;0;42
FR;5;2023-01-22;6;4;2;0;4;3;0;0;0;277273;184776;3387;1007;223840;5065;1158;0;42
FR;5;2023-01-23;4;5;3;0;3;5;0;0;0;277277;184781;3390;1007;223843;5070;1158;0;42
FR;5;2023-01-24;16;3;3;0;6;4;0;0;0;277293;184784;3393;1007;223849;5074;1158;0;42
FR;5;2023-01-25;32;28;12;2;24;23;2;0;0;277325;184812;3405;1009;223873;5097;1160;0;42
FR;6;2020-12-27;0;0;0;0;0;0;0;0;0;0;0;0;0;0;0;0;0;0
FR;6;2020-12-28;0;0;0;0;0;0;0;0;0;0;0;0;0;0;0;0;0;0
FR;6;2020-12-29;0;0;0;0;0;0;0;0;0;0;0;0;0;0;0;0;0;0
FR;6;2020-12-30;0;0;0;0;0;0;0;0;0;0;0;0;0;0;0;0;0;0
FR;6;2020-12-31;0;0;0;0;0;0;0;0;0;0;0;0;0;0;0;0;0;0
FR;6;2021-01-01;0;0;0;0;0;0;0;0;0;0;0;0;0;0;0;0;0;0
FR;6;2021-01-02;0;0;0;0;0;0;0;0;0;0;0;0;0;0;0;0;0;0
FR;6;2021-01-03;0;0;0;0;0;0;0;0;0;0;0;0;0;0;0;0;0;0
FR;6;2021-01-04;0;0;0;0;0;0;0;0;0;0;0;0;0;0;0;0;0;0
FR;6;2021-01-05;0;0;0;0;0;0;0;0;0;0;0;0;0;0;0;0;0;0
FR;6;2021-01-06;0;0;0;0;0;0;0;0;0;0;0;0;0;0;0;0;0;0
FR;6;2021-01-07;0;0;0;0;0;0;0;0;0;0;0;0;0;0;0;0;0;0
FR;6;2021-01-08;0;0;0;0;0;0;0;0;0;0;0;0;0;0;0;0;0;0
FR;6;2021-01-09;0;0;0;0;0;0;0;0;0;0;0;0;0;0;0;0;0;0
FR;6;2021-01-10;0;0;0;0;0;0;0;0;0;0;0;0;0;0;0;0;0;0
FR;6;2021-01-11;0;0;0;0;0;0;0;0;0;0;0;0;0;0;0;0;0;0
FR;6;2021-01-12;0;0;0;0;0;0;0;0;0;0;0;0;0;0;0;0;0;0
FR;6;2021-01-13;0;0;0;0;0;0;0;0;0;0;0;0;0;0;0;0;0;0
FR;6;2021-01-14;0;0;0;0;0;0;0;0;0;0;0;0;0;0;0;0;0;0
FR;6;2021-01-15;0;0;0;0;0;0;0;0;0;0;0;0;0;0;0;0;0;0
FR;6;2021-01-16;0;0;0;0;0;0;0;0;0;0;0;0;0;0;0;0;0;0
FR;6;2021-01-17;0;0;0;0;0;0;0;0;0;0;0;0;0;0;0;0;0;0
FR;6;2021-01-18;0;0;0;0;0;0;0;0;0;0;0;0;0;0;0;0;0;0
FR;6;2021-01-19;0;0;0;0;0;0;0;0;0;0;0;0;0;0;0;0;0;0
FR;6;2021-01-20;0;0;0;0;0;0;0;0;0;0;0;0;0;0;0;0;0;0
FR;6;2021-01-21;0;0;0;0;0;0;0;0;0;0;0;0;0;0;0;0;0;0
FR;6;2021-01-22;0;0;0;0;0;0;0;0;0;0;0;0;0;0;0;0;0;0
FR;6;2021-01-23;0;0;0;0;0;0;0;0;0;0;0;0;0;0;0;0;0;0
FR;6;2021-01-24;0;0;0;0;0;0;0;0;0;0;0;0;0;0;0;0;0;0
FR;6;2021-01-25;0;0;0;0;0;0;0;0;0;0;0;0;0;0;0;0;0;0
FR;6;2021-01-26;0;0;0;0;0;0;0;0;0;0;0;0;0;0;0;0;0;0
FR;6;2021-01-27;0;0;0;0;0;0;0;0;0;0;0;0;0;0;0;0;0;0
FR;6;2021-01-28;0;0;0;0;0;0;0;0;0;0;0;0;0;0;0;0;0;0
FR;6;2021-01-29;0;0;0;0;0;0;0;0;0;0;0;0;0;0;0;0;0;0
FR;6;2021-01-30;0;0;0;0;0;0;0;0;0;0;0;0;0;0;0;0;0;0
FR;6;2021-01-31;0;0;0;0;0;0;0;0;0;0;0;0;0;0;0;0;0;0
FR;6;2021-02-01;0;0;0;0;0;0;0;0;0;0;0;0;0;0;0;0;0;0
FR;6;2021-02-02;0;0;0;0;0;0;0;0;0;0;0;0;0;0;0;0;0;0
FR;6;2021-02-03;0;0;0;0;0;0;0;0;0;0;0;0;0;0;0;0;0;0
FR;6;2021-02-04;0;0;0;0;0;0;0;0;0;0;0;0;0;0;0;0;0;0
FR;6;2021-02-05;0;0;0;0;0;0;0;0;0;0;0;0;0;0;0;0;0;0
FR;6;2021-02-06;0;0;0;0;0;0;0;0;0;0;0;0;0;0;0;0;0;0
FR;6;2021-02-07;0;0;0;0;0;0;0;0;0;0;0;0;0;0;0;0;0;0
FR;6;2021-02-08;0;0;0;0;0;0;0;0;0;0;0;0;0;0;0;0;0;0
FR;6;2021-02-09;0;0;0;0;0;0;0;0;0;0;0;0;0;0;0;0;0;0
FR;6;2021-02-10;0;0;0;0;0;0;0;0;0;0;0;0;0;0;0;0;0;0
FR;6;2021-02-11;0;0;0;0;0;0;0;0;0;0;0;0;0;0;0;0;0;0
FR;6;2021-02-12;0;0;0;0;0;0;0;0;0;0;0;0;0;0;0;0;0;0
FR;6;2021-02-13;0;0;0;0;0;0;0;0;0;0;0;0;0;0;0;0;0;0
FR;6;2021-02-14;0;0;0;0;0;0;0;0;0;0;0;0;0;0;0;0;0;0
FR;6;2021-02-15;0;0;0;0;0;0;0;0;0;0;0;0;0;0;0;0;0;0
FR;6;2021-02-16;0;0;0;0;0;0;0;0;0;0;0;0;0;0;0;0;0;0
FR;6;2021-02-17;0;0;0;0;0;0;0;0;0;0;0;0;0;0;0;0;0;0
FR;6;2021-02-18;0;0;0;0;0;0;0;0;0;0;0;0;0;0;0;0;0;0
FR;6;2021-02-19;0;0;0;0;0;0;0;0;0;0;0;0;0;0;0;0;0;0
FR;6;2021-02-20;0;0;0;0;0;0;0;0;0;0;0;0;0;0;0;0;0;0
FR;6;2021-02-21;0;0;0;0;0;0;0;0;0;0;0;0;0;0;0;0;0;0
FR;6;2021-02-22;0;0;0;0;0;0;0;0;0;0;0;0;0;0;0;0;0;0
FR;6;2021-02-23;0;0;0;0;0;0;0;0;0;0;0;0;0;0;0;0;0;0
FR;6;2021-02-24;0;0;0;0;0;0;0;0;0;0;0;0;0;0;0;0;0;0
FR;6;2021-02-25;0;0;0;0;0;0;0;0;0;0;0;0;0;0;0;0;0;0
FR;6;2021-02-26;0;0;0;0;0;0;0;0;0;0;0;0;0;0;0;0;0;0
FR;6;2021-02-27;0;0;0;0;0;0;0;0;0;0;0;0;0;0;0;0;0;0
FR;6;2021-02-28;0;0;0;0;0;0;0;0;0;0;0;0;0;0;0;0;0;0
FR;6;2021-03-01;0;0;0;0;0;0;0;0;0;0;0;0;0;0;0;0;0;0
FR;6;2021-03-02;0;0;0;0;0;0;0;0;0;0;0;0;0;0;0;0;0;0
FR;6;2021-03-03;0;0;0;0;0;0;0;0;0;0;0;0;0;0;0;0;0;0
FR;6;2021-03-04;0;0;0;0;0;0;0;0;0;0;0;0;0;0;0;0;0;0
FR;6;2021-03-05;0;0;0;0;0;0;0;0;0;0;0;0;0;0;0;0;0;0
FR;6;2021-03-06;0;0;0;0;0;0;0;0;0;0;0;0;0;0;0;0;0;0
FR;6;2021-03-07;0;0;0;0;0;0;0;0;0;0;0;0;0;0;0;0;0;0
FR;6;2021-03-08;0;0;0;0;0;0;0;0;0;0;0;0;0;0;0;0;0;0
FR;6;2021-03-09;0;0;0;0;0;0;0;0;0;0;0;0;0;0;0;0;0;0
FR;6;2021-03-10;0;0;0;0;0;0;0;0;0;0;0;0;0;0;0;0;0;0
FR;6;2021-03-11;0;0;0;0;0;0;0;0;0;0;0;0;0;0;0;0;0;0
FR;6;2021-03-12;0;0;0;0;0;0;0;0;0;0;0;0;0;0;0;0;0;0
FR;6;2021-03-13;0;0;0;0;0;0;0;0;0;0;0;0;0;0;0;0;0;0
FR;6;2021-03-14;0;0;0;0;0;0;0;0;0;0;0;0;0;0;0;0;0;0
FR;6;2021-03-15;0;0;0;0;0;0;0;0;0;0;0;0;0;0;0;0;0;0
FR;6;2021-03-16;0;0;0;0;0;0;0;0;0;0;0;0;0;0;0;0;0;0
FR;6;2021-03-17;0;0;0;0;0;0;0;0;0;0;0;0;0;0;0;0;0;0
FR;6;2021-03-18;0;0;0;0;0;0;0;0;0;0;0;0;0;0;0;0;0;0
FR;6;2021-03-19;0;0;0;0;0;0;0;0;0;0;0;0;0;0;0;0;0;0
FR;6;2021-03-20;0;0;0;0;0;0;0;0;0;0;0;0;0;0;0;0;0;0
FR;6;2021-03-21;0;0;0;0;0;0;0;0;0;0;0;0;0;0;0;0;0;0
FR;6;2021-03-22;0;0;0;0;0;0;0;0;0;0;0;0;0;0;0;0;0;0
FR;6;2021-03-23;0;0;0;0;0;0;0;0;0;0;0;0;0;0;0;0;0;0
FR;6;2021-03-24;0;0;0;0;0;0;0;0;0;0;0;0;0;0;0;0;0;0
FR;6;2021-03-25;0;0;0;0;0;0;0;0;0;0;0;0;0;0;0;0;0;0
FR;6;2021-03-26;0;0;0;0;0;0;0;0;0;0;0;0;0;0;0;0;0;0
FR;6;2021-03-27;0;0;0;0;0;0;0;0;0;0;0;0;0;0;0;0;0;0
FR;6;2021-03-28;0;0;0;0;0;0;0;0;0;0;0;0;0;0;0;0;0;0
FR;6;2021-03-29;0;0;0;0;0;0;0;0;0;0;0;0;0;0;0;0;0;0
FR;6;2021-03-30;0;0;0;0;0;0;0;0;0;0;0;0;0;0;0;0;0;0
FR;6;2021-03-31;0;0;0;0;0;0;0;0;0;0;0;0;0;0;0;0;0;0
FR;6;2021-04-01;0;0;0;0;0;0;0;0;0;0;0;0;0;0;0;0;0;0
FR;6;2021-04-02;0;0;0;0;0;0;0;0;0;0;0;0;0;0;0;0;0;0
FR;6;2021-04-03;0;0;0;0;0;0;0;0;0;0;0;0;0;0;0;0;0;0
FR;6;2021-04-04;0;0;0;0;0;0;0;0;0;0;0;0;0;0;0;0;0;0
FR;6;2021-04-05;0;0;0;0;0;0;0;0;0;0;0;0;0;0;0;0;0;0
FR;6;2021-04-06;0;0;0;0;0;0;0;0;0;0;0;0;0;0;0;0;0;0
FR;6;2021-04-07;0;0;0;0;0;0;0;0;0;0;0;0;0;0;0;0;0;0
FR;6;2021-04-08;0;0;0;0;0;0;0;0;0;0;0;0;0;0;0;0;0;0
FR;6;2021-04-09;0;0;0;0;0;0;0;0;0;0;0;0;0;0;0;0;0;0
FR;6;2021-04-10;0;0;0;0;0;0;0;0;0;0;0;0;0;0;0;0;0;0
FR;6;2021-04-11;0;0;0;0;0;0;0;0;0;0;0;0;0;0;0;0;0;0
FR;6;2021-04-12;0;0;0;0;0;0;0;0;0;0;0;0;0;0;0;0;0;0
FR;6;2021-04-13;0;0;0;0;0;0;0;0;0;0;0;0;0;0;0;0;0;0
FR;6;2021-04-14;0;0;0;0;0;0;0;0;0;0;0;0;0;0;0;0;0;0
FR;6;2021-04-15;0;0;0;0;0;0;0;0;0;0;0;0;0;0;0;0;0;0
FR;6;2021-04-16;0;0;0;0;0;0;0;0;0;0;0;0;0;0;0;0;0;0
FR;6;2021-04-17;0;0;0;0;0;0;0;0;0;0;0;0;0;0;0;0;0;0
FR;6;2021-04-18;0;0;0;0;0;0;0;0;0;0;0;0;0;0;0;0;0;0
FR;6;2021-04-19;0;0;0;0;0;0;0;0;0;0;0;0;0;0;0;0;0;0
FR;6;2021-04-20;0;0;0;0;0;0;0;0;0;0;0;0;0;0;0;0;0;0
FR;6;2021-04-21;0;0;0;0;0;0;0;0;0;0;0;0;0;0;0;0;0;0
FR;6;2021-04-22;0;0;0;0;0;0;0;0;0;0;0;0;0;0;0;0;0;0
FR;6;2021-04-23;0;0;0;0;0;0;0;0;0;0;0;0;0;0;0;0;0;0
FR;6;2021-04-24;0;0;0;0;0;0;0;0;0;0;0;0;0;0;0;0;0;0
FR;6;2021-04-25;0;0;0;0;0;0;0;0;0;0;0;0;0;0;0;0;0;0
FR;6;2021-04-26;0;0;0;0;0;0;0;0;0;0;0;0;0;0;0;0;0;0
FR;6;2021-04-27;0;0;0;0;0;0;0;0;0;0;0;0;0;0;0;0;0;0
FR;6;2021-04-28;0;0;0;0;0;0;0;0;0;0;0;0;0;0;0;0;0;0
FR;6;2021-04-29;0;0;0;0;0;0;0;0;0;0;0;0;0;0;0;0;0;0
FR;6;2021-04-30;0;0;0;0;0;0;0;0;0;0;0;0;0;0;0;0;0;0
FR;6;2021-05-01;0;0;0;0;0;0;0;0;0;0;0;0;0;0;0;0;0;0
FR;6;2021-05-02;0;0;0;0;0;0;0;0;0;0;0;0;0;0;0;0;0;0
FR;6;2021-05-03;0;0;0;0;0;0;0;0;0;0;0;0;0;0;0;0;0;0
FR;6;2021-05-04;0;0;0;0;0;0;0;0;0;0;0;0;0;0;0;0;0;0
FR;6;2021-05-05;0;0;0;0;0;0;0;0;0;0;0;0;0;0;0;0;0;0
FR;6;2021-05-06;0;0;0;0;0;0;0;0;0;0;0;0;0;0;0;0;0;0
FR;6;2021-05-07;0;0;0;0;0;0;0;0;0;0;0;0;0;0;0;0;0;0
FR;6;2021-05-08;0;0;0;0;0;0;0;0;0;0;0;0;0;0;0;0;0;0
FR;6;2021-05-09;0;0;0;0;0;0;0;0;0;0;0;0;0;0;0;0;0;0
FR;6;2021-05-10;0;0;0;0;0;0;0;0;0;0;0;0;0;0;0;0;0;0
FR;6;2021-05-11;0;0;0;0;0;0;0;0;0;0;0;0;0;0;0;0;0;0
FR;6;2021-05-12;0;0;0;0;0;0;0;0;0;0;0;0;0;0;0;0;0;0
FR;6;2021-05-13;0;0;0;0;0;0;0;0;0;0;0;0;0;0;0;0;0;0
FR;6;2021-05-14;0;0;0;0;0;0;0;0;0;0;0;0;0;0;0;0;0;0
FR;6;2021-05-15;0;0;0;0;0;0;0;0;0;0;0;0;0;0;0;0;0;0
FR;6;2021-05-16;0;0;0;0;0;0;0;0;0;0;0;0;0;0;0;0;0;0
FR;6;2021-05-17;0;0;0;0;0;0;0;0;0;0;0;0;0;0;0;0;0;0
FR;6;2021-05-18;0;0;0;0;0;0;0;0;0;0;0;0;0;0;0;0;0;0
FR;6;2021-05-19;0;0;0;0;0;0;0;0;0;0;0;0;0;0;0;0;0;0
FR;6;2021-05-20;0;0;0;0;0;0;0;0;0;0;0;0;0;0;0;0;0;0
FR;6;2021-05-21;0;0;0;0;0;0;0;0;0;0;0;0;0;0;0;0;0;0
FR;6;2021-05-22;0;0;0;0;0;0;0;0;0;0;0;0;0;0;0;0;0;0
FR;6;2021-05-23;0;0;0;0;0;0;0;0;0;0;0;0;0;0;0;0;0;0
FR;6;2021-05-24;0;0;0;0;0;0;0;0;0;0;0;0;0;0;0;0;0;0
FR;6;2021-05-25;0;0;0;0;0;0;0;0;0;0;0;0;0;0;0;0;0;0
FR;6;2021-05-26;0;0;0;0;0;0;0;0;0;0;0;0;0;0;0;0;0;0
FR;6;2021-05-27;0;0;0;0;0;0;0;0;0;0;0;0;0;0;0;0;0;0
FR;6;2021-05-28;0;0;0;0;0;0;0;0;0;0;0;0;0;0;0;0;0;0
FR;6;2021-05-29;0;0;0;0;0;0;0;0;0;0;0;0;0;0;0;0;0;0
FR;6;2021-05-30;0;0;0;0;0;0;0;0;0;0;0;0;0;0;0;0;0;0
FR;6;2021-05-31;0;0;0;0;0;0;0;0;0;0;0;0;0;0;0;0;0;0
FR;6;2021-06-01;0;0;0;0;0;0;0;0;0;0;0;0;0;0;0;0;0;0
FR;6;2021-06-02;0;0;0;0;0;0;0;0;0;0;0;0;0;0;0;0;0;0
FR;6;2021-06-03;0;0;0;0;0;0;0;0;0;0;0;0;0;0;0;0;0;0
FR;6;2021-06-04;0;0;0;0;0;0;0;0;0;0;0;0;0;0;0;0;0;0
FR;6;2021-06-05;0;0;0;0;0;0;0;0;0;0;0;0;0;0;0;0;0;0
FR;6;2021-06-06;0;0;0;0;0;0;0;0;0;0;0;0;0;0;0;0;0;0
FR;6;2021-06-07;0;0;0;0;0;0;0;0;0;0;0;0;0;0;0;0;0;0
FR;6;2021-06-08;0;0;0;0;0;0;0;0;0;0;0;0;0;0;0;0;0;0
FR;6;2021-06-09;0;0;0;0;0;0;0;0;0;0;0;0;0;0;0;0;0;0
FR;6;2021-06-10;0;0;0;0;0;0;0;0;0;0;0;0;0;0;0;0;0;0
FR;6;2021-06-11;0;0;0;0;0;0;0;0;0;0;0;0;0;0;0;0;0;0
FR;6;2021-06-12;0;0;0;0;0;0;0;0;0;0;0;0;0;0;0;0;0;0
FR;6;2021-06-13;0;0;0;0;0;0;0;0;0;0;0;0;0;0;0;0;0;0
FR;6;2021-06-14;0;0;0;0;0;0;0;0;0;0;0;0;0;0;0;0;0;0
FR;6;2021-06-15;0;0;0;0;0;0;0;0;0;0;0;0;0;0;0;0;0;0
FR;6;2021-06-16;0;0;0;0;0;0;0;0;0;0;0;0;0;0;0;0;0;0
FR;6;2021-06-17;0;0;0;0;0;0;0;0;0;0;0;0;0;0;0;0;0;0
FR;6;2021-06-18;0;0;0;0;0;0;0;0;0;0;0;0;0;0;0;0;0;0
FR;6;2021-06-19;0;0;0;0;0;0;0;0;0;0;0;0;0;0;0;0;0;0
FR;6;2021-06-20;0;0;0;0;0;0;0;0;0;0;0;0;0;0;0;0;0;0
FR;6;2021-06-21;0;0;0;0;0;0;0;0;0;0;0;0;0;0;0;0;0;0
FR;6;2021-06-22;0;0;0;0;0;0;0;0;0;0;0;0;0;0;0;0;0;0
FR;6;2021-06-23;0;0;0;0;0;0;0;0;0;0;0;0;0;0;0;0;0;0
FR;6;2021-06-24;0;0;0;0;0;0;0;0;0;0;0;0;0;0;0;0;0;0
FR;6;2021-06-25;0;0;0;0;0;0;0;0;0;0;0;0;0;0;0;0;0;0
FR;6;2021-06-26;0;0;0;0;0;0;0;0;0;0;0;0;0;0;0;0;0;0
FR;6;2021-06-27;0;0;0;0;0;0;0;0;0;0;0;0;0;0;0;0;0;0
FR;6;2021-06-28;0;0;0;0;0;0;0;0;0;0;0;0;0;0;0;0;0;0
FR;6;2021-06-29;0;0;0;0;0;0;0;0;0;0;0;0;0;0;0;0;0;0
FR;6;2021-06-30;0;0;0;0;0;0;0;0;0;0;0;0;0;0;0;0;0;0
FR;6;2021-07-01;0;0;0;0;0;0;0;0;0;0;0;0;0;0;0;0;0;0
FR;6;2021-07-02;0;0;0;0;0;0;0;0;0;0;0;0;0;0;0;0;0;0
FR;6;2021-07-03;0;0;0;0;0;0;0;0;0;0;0;0;0;0;0;0;0;0
FR;6;2021-07-04;0;0;0;0;0;0;0;0;0;0;0;0;0;0;0;0;0;0
FR;6;2021-07-05;0;0;0;0;0;0;0;0;0;0;0;0;0;0;0;0;0;0
FR;6;2021-07-06;0;0;0;0;0;0;0;0;0;0;0;0;0;0;0;0;0;0
FR;6;2021-07-07;0;0;0;0;0;0;0;0;0;0;0;0;0;0;0;0;0;0
FR;6;2021-07-08;0;0;0;0;0;0;0;0;0;0;0;0;0;0;0;0;0;0
FR;6;2021-07-09;0;0;0;0;0;0;0;0;0;0;0;0;0;0;0;0;0;0
FR;6;2021-07-10;0;0;0;0;0;0;0;0;0;0;0;0;0;0;0;0;0;0
FR;6;2021-07-11;0;0;0;0;0;0;0;0;0;0;0;0;0;0;0;0;0;0
FR;6;2021-07-12;0;0;0;0;0;0;0;0;0;0;0;0;0;0;0;0;0;0
FR;6;2021-07-13;0;0;0;0;0;0;0;0;0;0;0;0;0;0;0;0;0;0
FR;6;2021-07-14;0;0;0;0;0;0;0;0;0;0;0;0;0;0;0;0;0;0
FR;6;2021-07-15;0;0;0;0;0;0;0;0;0;0;0;0;0;0;0;0;0;0
FR;6;2021-07-16;0;0;0;0;0;0;0;0;0;0;0;0;0;0;0;0;0;0
FR;6;2021-07-17;0;0;0;0;0;0;0;0;0;0;0;0;0;0;0;0;0;0
FR;6;2021-07-18;0;0;0;0;0;0;0;0;0;0;0;0;0;0;0;0;0;0
FR;6;2021-07-19;0;0;0;0;0;0;0;0;0;0;0;0;0;0;0;0;0;0
FR;6;2021-07-20;0;0;0;0;0;0;0;0;0;0;0;0;0;0;0;0;0;0
FR;6;2021-07-21;0;0;0;0;0;0;0;0;0;0;0;0;0;0;0;0;0;0
FR;6;2021-07-22;0;0;0;0;0;0;0;0;0;0;0;0;0;0;0;0;0;0
FR;6;2021-07-23;0;0;0;0;0;0;0;0;0;0;0;0;0;0;0;0;0;0
FR;6;2021-07-24;0;0;0;0;0;0;0;0;0;0;0;0;0;0;0;0;0;0
FR;6;2021-07-25;0;0;0;0;0;0;0;0;0;0;0;0;0;0;0;0;0;0
FR;6;2021-07-26;0;0;0;0;0;0;0;0;0;0;0;0;0;0;0;0;0;0
FR;6;2021-07-27;0;0;0;0;0;0;0;0;0;0;0;0;0;0;0;0;0;0
FR;6;2021-07-28;0;0;0;0;0;0;0;0;0;0;0;0;0;0;0;0;0;0
FR;6;2021-07-29;0;0;0;0;0;0;0;0;0;0;0;0;0;0;0;0;0;0
FR;6;2021-07-30;0;0;0;0;0;0;0;0;0;0;0;0;0;0;0;0;0;0
FR;6;2021-07-31;0;0;0;0;0;0;0;0;0;0;0;0;0;0;0;0;0;0
FR;6;2021-08-01;0;0;0;0;0;0;0;0;0;0;0;0;0;0;0;0;0;0
FR;6;2021-08-02;0;0;0;0;0;0;0;0;0;0;0;0;0;0;0;0;0;0
FR;6;2021-08-03;0;0;0;0;0;0;0;0;0;0;0;0;0;0;0;0;0;0
FR;6;2021-08-04;0;0;0;0;0;0;0;0;0;0;0;0;0;0;0;0;0;0
FR;6;2021-08-05;0;0;0;0;0;0;0;0;0;0;0;0;0;0;0;0;0;0
FR;6;2021-08-06;0;0;0;0;0;0;0;0;0;0;0;0;0;0;0;0;0;0
FR;6;2021-08-07;0;0;0;0;0;0;0;0;0;0;0;0;0;0;0;0;0;0
FR;6;2021-08-08;0;0;0;0;0;0;0;0;0;0;0;0;0;0;0;0;0;0
FR;6;2021-08-09;0;0;0;0;0;0;0;0;0;0;0;0;0;0;0;0;0;0
FR;6;2021-08-10;0;0;0;0;0;0;0;0;0;0;0;0;0;0;0;0;0;0
FR;6;2021-08-11;0;0;0;0;0;0;0;0;0;0;0;0;0;0;0;0;0;0
FR;6;2021-08-12;0;0;0;0;0;0;0;0;0;0;0;0;0;0;0;0;0;0
FR;6;2021-08-13;0;0;0;0;0;0;0;0;0;0;0;0;0;0;0;0;0;0
FR;6;2021-08-14;0;0;0;0;0;0;0;0;0;0;0;0;0;0;0;0;0;0
FR;6;2021-08-15;0;0;0;0;0;0;0;0;0;0;0;0;0;0;0;0;0;0
FR;6;2021-08-16;0;0;0;0;0;0;0;0;0;0;0;0;0;0;0;0;0;0
FR;6;2021-08-17;0;0;0;0;0;0;0;0;0;0;0;0;0;0;0;0;0;0
FR;6;2021-08-18;0;0;0;0;0;0;0;0;0;0;0;0;0;0;0;0;0;0
FR;6;2021-08-19;0;0;0;0;0;0;0;0;0;0;0;0;0;0;0;0;0;0
FR;6;2021-08-20;0;0;0;0;0;0;0;0;0;0;0;0;0;0;0;0;0;0
FR;6;2021-08-21;0;0;0;0;0;0;0;0;0;0;0;0;0;0;0;0;0;0
FR;6;2021-08-22;0;0;0;0;0;0;0;0;0;0;0;0;0;0;0;0;0;0
FR;6;2021-08-23;0;0;0;0;0;0;0;0;0;0;0;0;0;0;0;0;0;0
FR;6;2021-08-24;0;0;0;0;0;0;0;0;0;0;0;0;0;0;0;0;0;0
FR;6;2021-08-25;0;0;0;0;0;0;0;0;0;0;0;0;0;0;0;0;0;0
FR;6;2021-08-26;0;0;0;0;0;0;0;0;0;0;0;0;0;0;0;0;0;0
FR;6;2021-08-27;0;0;0;0;0;0;0;0;0;0;0;0;0;0;0;0;0;0
FR;6;2021-08-28;0;0;0;0;0;0;0;0;0;0;0;0;0;0;0;0;0;0
FR;6;2021-08-29;0;0;0;0;0;0;0;0;0;0;0;0;0;0;0;0;0;0
FR;6;2021-08-30;0;0;0;0;0;0;0;0;0;0;0;0;0;0;0;0;0;0
FR;6;2021-08-31;0;0;0;0;0;0;0;0;0;0;0;0;0;0;0;0;0;0
FR;6;2021-09-01;0;0;0;0;0;0;0;0;0;0;0;0;0;0;0;0;0;0
FR;6;2021-09-02;0;0;0;0;0;0;0;0;0;0;0;0;0;0;0;0;0;0
FR;6;2021-09-03;0;0;0;0;0;0;0;0;0;0;0;0;0;0;0;0;0;0
FR;6;2021-09-04;0;0;0;0;0;0;0;0;0;0;0;0;0;0;0;0;0;0
FR;6;2021-09-05;0;0;0;0;0;0;0;0;0;0;0;0;0;0;0;0;0;0
FR;6;2021-09-06;0;0;0;0;0;0;0;0;0;0;0;0;0;0;0;0;0;0
FR;6;2021-09-07;0;0;0;0;0;0;0;0;0;0;0;0;0;0;0;0;0;0
FR;6;2021-09-08;0;0;0;0;0;0;0;0;0;0;0;0;0;0;0;0;0;0
FR;6;2021-09-09;0;0;0;0;0;0;0;0;0;0;0;0;0;0;0;0;0;0
FR;6;2021-09-10;0;0;0;0;0;0;0;0;0;0;0;0;0;0;0;0;0;0
FR;6;2021-09-11;0;0;0;0;0;0;0;0;0;0;0;0;0;0;0;0;0;0
FR;6;2021-09-12;0;0;0;0;0;0;0;0;0;0;0;0;0;0;0;0;0;0
FR;6;2021-09-13;0;0;0;0;0;0;0;0;0;0;0;0;0;0;0;0;0;0
FR;6;2021-09-14;0;0;0;0;0;0;0;0;0;0;0;0;0;0;0;0;0;0
FR;6;2021-09-15;0;0;0;0;0;0;0;0;0;0;0;0;0;0;0;0;0;0
FR;6;2021-09-16;0;0;0;0;0;0;0;0;0;0;0;0;0;0;0;0;0;0
FR;6;2021-09-17;0;0;0;0;0;0;0;0;0;0;0;0;0;0;0;0;0;0
FR;6;2021-09-18;0;0;0;0;0;0;0;0;0;0;0;0;0;0;0;0;0;0
FR;6;2021-09-19;0;0;0;0;0;0;0;0;0;0;0;0;0;0;0;0;0;0
FR;6;2021-09-20;0;0;0;0;0;0;0;0;0;0;0;0;0;0;0;0;0;0
FR;6;2021-09-21;0;0;0;0;0;0;0;0;0;0;0;0;0;0;0;0;0;0
FR;6;2021-09-22;0;0;0;0;0;0;0;0;0;0;0;0;0;0;0;0;0;0
FR;6;2021-09-23;0;0;0;0;0;0;0;0;0;0;0;0;0;0;0;0;0;0
FR;6;2021-09-24;0;0;0;0;0;0;0;0;0;0;0;0;0;0;0;0;0;0
FR;6;2021-09-25;0;0;0;0;0;0;0;0;0;0;0;0;0;0;0;0;0;0
FR;6;2021-09-26;0;0;0;0;0;0;0;0;0;0;0;0;0;0;0;0;0;0
FR;6;2021-09-27;0;0;0;0;0;0;0;0;0;0;0;0;0;0;0;0;0;0
FR;6;2021-09-28;0;0;0;0;0;0;0;0;0;0;0;0;0;0;0;0;0;0
FR;6;2021-09-29;0;0;0;0;0;0;0;0;0;0;0;0;0;0;0;0;0;0
FR;6;2021-09-30;0;0;0;0;0;0;0;0;0;0;0;0;0;0;0;0;0;0
FR;6;2021-10-01;0;0;0;0;0;0;0;0;0;0;0;0;0;0;0;0;0;0
FR;6;2021-10-02;0;0;0;0;0;0;0;0;0;0;0;0;0;0;0;0;0;0
FR;6;2021-10-03;0;0;0;0;0;0;0;0;0;0;0;0;0;0;0;0;0;0
FR;6;2021-10-04;0;0;0;0;0;0;0;0;0;0;0;0;0;0;0;0;0;0
FR;6;2021-10-05;0;0;0;0;0;0;0;0;0;0;0;0;0;0;0;0;0;0
FR;6;2021-10-06;0;0;0;0;0;0;0;0;0;0;0;0;0;0;0;0;0;0
FR;6;2021-10-07;0;0;0;0;0;0;0;0;0;0;0;0;0;0;0;0;0;0
FR;6;2021-10-08;0;0;0;0;0;0;0;0;0;0;0;0;0;0;0;0;0;0
FR;6;2021-10-09;0;0;0;0;0;0;0;0;0;0;0;0;0;0;0;0;0;0
FR;6;2021-10-10;0;0;0;0;0;0;0;0;0;0;0;0;0;0;0;0;0;0
FR;6;2021-10-11;0;0;0;0;0;0;0;0;0;0;0;0;0;0;0;0;0;0
FR;6;2021-10-12;0;0;0;0;0;0;0;0;0;0;0;0;0;0;0;0;0;0
FR;6;2021-10-13;0;0;0;0;0;0;0;0;0;0;0;0;0;0;0;0;0;0
FR;6;2021-10-14;0;0;0;0;0;0;0;0;0;0;0;0;0;0;0;0;0;0
FR;6;2021-10-15;0;0;0;0;0;0;0;0;0;0;0;0;0;0;0;0;0;0
FR;6;2021-10-16;0;0;0;0;0;0;0;0;0;0;0;0;0;0;0;0;0;0
FR;6;2021-10-17;0;0;0;0;0;0;0;0;0;0;0;0;0;0;0;0;0;0
FR;6;2021-10-18;0;0;0;0;0;0;0;0;0;0;0;0;0;0;0;0;0;0
FR;6;2021-10-19;0;0;0;0;0;0;0;0;0;0;0;0;0;0;0;0;0;0
FR;6;2021-10-20;0;0;0;0;0;0;0;0;0;0;0;0;0;0;0;0;0;0
FR;6;2021-10-21;0;0;0;0;0;0;0;0;0;0;0;0;0;0;0;0;0;0
FR;6;2021-10-22;0;0;0;0;0;0;0;0;0;0;0;0;0;0;0;0;0;0
FR;6;2021-10-23;0;0;0;0;0;0;0;0;0;0;0;0;0;0;0;0;0;0
FR;6;2021-10-24;0;0;0;0;0;0;0;0;0;0;0;0;0;0;0;0;0;0
FR;6;2021-10-25;0;0;0;0;0;0;0;0;0;0;0;0;0;0;0;0;0;0
FR;6;2021-10-26;0;0;0;0;0;0;0;0;0;0;0;0;0;0;0;0;0;0
FR;6;2021-10-27;0;0;0;0;0;0;0;0;0;0;0;0;0;0;0;0;0;0
FR;6;2021-10-28;0;0;0;0;0;0;0;0;0;0;0;0;0;0;0;0;0;0
FR;6;2021-10-29;0;0;0;0;0;0;0;0;0;0;0;0;0;0;0;0;0;0
FR;6;2021-10-30;0;0;0;0;0;0;0;0;0;0;0;0;0;0;0;0;0;0
FR;6;2021-10-31;0;0;0;0;0;0;0;0;0;0;0;0;0;0;0;0;0;0
FR;6;2021-11-01;0;0;0;0;0;0;0;0;0;0;0;0;0;0;0;0;0;0
FR;6;2021-11-02;0;0;0;0;0;0;0;0;0;0;0;0;0;0;0;0;0;0
FR;6;2021-11-03;0;0;0;0;0;0;0;0;0;0;0;0;0;0;0;0;0;0
FR;6;2021-11-04;0;0;0;0;0;0;0;0;0;0;0;0;0;0;0;0;0;0
FR;6;2021-11-05;0;0;0;0;0;0;0;0;0;0;0;0;0;0;0;0;0;0
FR;6;2021-11-06;0;0;0;0;0;0;0;0;0;0;0;0;0;0;0;0;0;0
FR;6;2021-11-07;0;0;0;0;0;0;0;0;0;0;0;0;0;0;0;0;0;0
FR;6;2021-11-08;0;0;0;0;0;0;0;0;0;0;0;0;0;0;0;0;0;0
FR;6;2021-11-09;0;0;0;0;0;0;0;0;0;0;0;0;0;0;0;0;0;0
FR;6;2021-11-10;0;0;0;0;0;0;0;0;0;0;0;0;0;0;0;0;0;0
FR;6;2021-11-11;0;0;0;0;0;0;0;0;0;0;0;0;0;0;0;0;0;0
FR;6;2021-11-12;0;0;0;0;0;0;0;0;0;0;0;0;0;0;0;0;0;0
FR;6;2021-11-13;0;0;0;0;0;0;0;0;0;0;0;0;0;0;0;0;0;0
FR;6;2021-11-14;0;0;0;0;0;0;0;0;0;0;0;0;0;0;0;0;0;0
FR;6;2021-11-15;0;0;0;0;0;0;0;0;0;0;0;0;0;0;0;0;0;0
FR;6;2021-11-16;0;0;0;0;0;0;0;0;0;0;0;0;0;0;0;0;0;0
FR;6;2021-11-17;0;0;0;0;0;0;0;0;0;0;0;0;0;0;0;0;0;0
FR;6;2021-11-18;0;0;0;0;0;0;0;0;0;0;0;0;0;0;0;0;0;0
FR;6;2021-11-19;0;0;0;0;0;0;0;0;0;0;0;0;0;0;0;0;0;0
FR;6;2021-11-20;0;0;0;0;0;0;0;0;0;0;0;0;0;0;0;0;0;0
FR;6;2021-11-21;0;0;0;0;0;0;0;0;0;0;0;0;0;0;0;0;0;0
FR;6;2021-11-22;0;0;0;0;0;0;0;0;0;0;0;0;0;0;0;0;0;0
FR;6;2021-11-23;0;0;0;0;0;0;0;0;0;0;0;0;0;0;0;0;0;0
FR;6;2021-11-24;0;0;0;0;0;0;0;0;0;0;0;0;0;0;0;0;0;0
FR;6;2021-11-25;0;0;0;0;0;0;0;0;0;0;0;0;0;0;0;0;0;0
FR;6;2021-11-26;0;0;0;0;0;0;0;0;0;0;0;0;0;0;0;0;0;0
FR;6;2021-11-27;0;0;0;0;0;0;0;0;0;0;0;0;0;0;0;0;0;0
FR;6;2021-11-28;0;0;0;0;0;0;0;0;0;0;0;0;0;0;0;0;0;0
FR;6;2021-11-29;0;0;0;0;0;0;0;0;0;0;0;0;0;0;0;0;0;0
FR;6;2021-11-30;0;0;0;0;0;0;0;0;0;0;0;0;0;0;0;0;0;0
FR;6;2021-12-01;0;0;0;0;0;0;0;0;0;0;0;0;0;0;0;0;0;0
FR;6;2021-12-02;0;0;0;0;0;0;0;0;0;0;0;0;0;0;0;0;0;0
FR;6;2021-12-03;0;0;0;0;0;0;0;0;0;0;0;0;0;0;0;0;0;0
FR;6;2021-12-04;0;0;0;0;0;0;0;0;0;0;0;0;0;0;0;0;0;0
FR;6;2021-12-05;0;0;0;0;0;0;0;0;0;0;0;0;0;0;0;0;0;0
FR;6;2021-12-06;0;0;0;0;0;0;0;0;0;0;0;0;0;0;0;0;0;0
FR;6;2021-12-07;0;0;0;0;0;0;0;0;0;0;0;0;0;0;0;0;0;0
FR;6;2021-12-08;0;0;0;0;0;0;0;0;0;0;0;0;0;0;0;0;0;0
FR;6;2021-12-09;0;0;0;0;0;0;0;0;0;0;0;0;0;0;0;0;0;0
FR;6;2021-12-10;0;0;0;0;0;0;0;0;0;0;0;0;0;0;0;0;0;0
FR;6;2021-12-11;0;0;0;0;0;0;0;0;0;0;0;0;0;0;0;0;0;0
FR;6;2021-12-12;0;0;0;0;0;0;0;0;0;0;0;0;0;0;0;0;0;0
FR;6;2021-12-13;0;0;0;0;0;0;0;0;0;0;0;0;0;0;0;0;0;0
FR;6;2021-12-14;0;0;0;0;0;0;0;0;0;0;0;0;0;0;0;0;0;0
FR;6;2021-12-15;0;0;0;0;0;0;0;0;0;0;0;0;0;0;0;0;0;0
FR;6;2021-12-16;0;0;0;0;0;0;0;0;0;0;0;0;0;0;0;0;0;0
FR;6;2021-12-17;0;0;0;0;0;0;0;0;0;0;0;0;0;0;0;0;0;0
FR;6;2021-12-18;0;0;0;0;0;0;0;0;0;0;0;0;0;0;0;0;0;0
FR;6;2021-12-19;0;0;0;0;0;0;0;0;0;0;0;0;0;0;0;0;0;0
FR;6;2021-12-20;0;0;0;0;0;0;0;0;0;0;0;0;0;0;0;0;0;0
FR;6;2021-12-21;0;0;0;0;0;0;0;0;0;0;0;0;0;0;0;0;0;0
FR;6;2021-12-22;0;0;0;0;0;0;0;0;0;0;0;0;0;0;0;0;0;0
FR;6;2021-12-23;0;0;0;0;0;0;0;0;0;0;0;0;0;0;0;0;0;0
FR;6;2021-12-24;0;0;0;0;0;0;0;0;0;0;0;0;0;0;0;0;0;0
FR;6;2021-12-25;0;0;0;0;0;0;0;0;0;0;0;0;0;0;0;0;0;0
FR;6;2021-12-26;0;0;0;0;0;0;0;0;0;0;0;0;0;0;0;0;0;0
FR;6;2021-12-27;0;0;0;0;0;0;0;0;0;0;0;0;0;0;0;0;0;0
FR;6;2021-12-28;0;0;0;0;0;0;0;0;0;0;0;0;0;0;0;0;0;0
FR;6;2021-12-29;0;0;0;0;0;0;0;0;0;0;0;0;0;0;0;0;0;0
FR;6;2021-12-30;0;0;0;0;0;0;0;0;0;0;0;0;0;0;0;0;0;0
FR;6;2021-12-31;0;0;0;0;0;0;0;0;0;0;0;0;0;0;0;0;0;0
FR;6;2022-01-01;0;0;0;0;0;0;0;0;0;0;0;0;0;0;0;0;0;0
FR;6;2022-01-02;0;0;0;0;0;0;0;0;0;0;0;0;0;0;0;0;0;0
FR;6;2022-01-03;0;0;0;0;0;0;0;0;0;0;0;0;0;0;0;0;0;0
FR;6;2022-01-04;0;0;0;0;0;0;0;0;0;0;0;0;0;0;0;0;0;0
FR;6;2022-01-05;0;0;0;0;0;0;0;0;0;0;0;0;0;0;0;0;0;0
FR;6;2022-01-06;0;0;0;0;0;0;0;0;0;0;0;0;0;0;0;0;0;0
FR;6;2022-01-07;0;0;0;0;0;0;0;0;0;0;0;0;0;0;0;0;0;0
FR;6;2022-01-08;0;0;0;0;0;0;0;0;0;0;0;0;0;0;0;0;0;0
FR;6;2022-01-09;0;0;0;0;0;0;0;0;0;0;0;0;0;0;0;0;0;0
FR;6;2022-01-10;0;0;0;0;0;0;0;0;0;0;0;0;0;0;0;0;0;0
FR;6;2022-01-11;0;0;0;0;0;0;0;0;0;0;0;0;0;0;0;0;0;0
FR;6;2022-01-12;0;0;0;0;0;0;0;0;0;0;0;0;0;0;0;0;0;0
FR;6;2022-01-13;0;0;0;0;0;0;0;0;0;0;0;0;0;0;0;0;0;0
FR;6;2022-01-14;0;0;0;0;0;0;0;0;0;0;0;0;0;0;0;0;0;0
FR;6;2022-01-15;0;0;0;0;0;0;0;0;0;0;0;0;0;0;0;0;0;0
FR;6;2022-01-16;0;0;0;0;0;0;0;0;0;0;0;0;0;0;0;0;0;0
FR;6;2022-01-17;0;0;0;0;0;0;0;0;0;0;0;0;0;0;0;0;0;0
FR;6;2022-01-18;0;0;0;0;0;0;0;0;0;0;0;0;0;0;0;0;0;0
FR;6;2022-01-19;0;0;0;0;0;0;0;0;0;0;0;0;0;0;0;0;0;0
FR;6;2022-01-20;0;0;0;0;0;0;0;0;0;0;0;0;0;0;0;0;0;0
FR;6;2022-01-21;0;0;0;0;0;0;0;0;0;0;0;0;0;0;0;0;0;0
FR;6;2022-01-22;0;0;0;0;0;0;0;0;0;0;0;0;0;0;0;0;0;0
FR;6;2022-01-23;0;0;0;0;0;0;0;0;0;0;0;0;0;0;0;0;0;0
FR;6;2022-01-24;0;0;0;0;0;0;0;0;0;0;0;0;0;0;0;0;0;0
FR;6;2022-01-25;0;0;0;0;0;0;0;0;0;0;0;0;0;0;0;0;0;0
FR;6;2022-01-26;0;0;0;0;0;0;0;0;0;0;0;0;0;0;0;0;0;0
FR;6;2022-01-27;0;0;0;0;0;0;0;0;0;0;0;0;0;0;0;0;0;0
FR;6;2022-01-28;0;0;0;0;0;0;0;0;0;0;0;0;0;0;0;0;0;0
FR;6;2022-01-29;0;0;0;0;0;0;0;0;0;0;0;0;0;0;0;0;0;0
FR;6;2022-01-30;0;0;0;0;0;0;0;0;0;0;0;0;0;0;0;0;0;0
FR;6;2022-01-31;0;0;0;0;0;0;0;0;0;0;0;0;0;0;0;0;0;0
FR;6;2022-02-01;0;0;0;0;0;0;0;0;0;0;0;0;0;0;0;0;0;0
FR;6;2022-02-02;0;0;0;0;0;0;0;0;0;0;0;0;0;0;0;0;0;0
FR;6;2022-02-03;0;0;0;0;0;0;0;0;0;0;0;0;0;0;0;0;0;0
FR;6;2022-02-04;0;0;0;0;0;0;0;0;0;0;0;0;0;0;0;0;0;0
FR;6;2022-02-05;0;0;0;0;0;0;0;0;0;0;0;0;0;0;0;0;0;0
FR;6;2022-02-06;0;0;0;0;0;0;0;0;0;0;0;0;0;0;0;0;0;0
FR;6;2022-02-07;0;0;0;0;0;0;0;0;0;0;0;0;0;0;0;0;0;0
FR;6;2022-02-08;0;0;0;0;0;0;0;0;0;0;0;0;0;0;0;0;0;0
FR;6;2022-02-09;0;0;0;0;0;0;0;0;0;0;0;0;0;0;0;0;0;0
FR;6;2022-02-10;0;0;0;0;0;0;0;0;0;0;0;0;0;0;0;0;0;0
FR;6;2022-02-11;0;0;0;0;0;0;0;0;0;0;0;0;0;0;0;0;0;0
FR;6;2022-02-12;0;0;0;0;0;0;0;0;0;0;0;0;0;0;0;0;0;0
FR;6;2022-02-13;0;0;0;0;0;0;0;0;0;0;0;0;0;0;0;0;0;0
FR;6;2022-02-14;0;0;0;0;0;0;0;0;0;0;0;0;0;0;0;0;0;0
FR;6;2022-02-15;0;0;0;0;0;0;0;0;0;0;0;0;0;0;0;0;0;0
FR;6;2022-02-16;0;0;0;0;0;0;0;0;0;0;0;0;0;0;0;0;0;0
FR;6;2022-02-17;0;0;0;0;0;0;0;0;0;0;0;0;0;0;0;0;0;0
FR;6;2022-02-18;0;0;0;0;0;0;0;0;0;0;0;0;0;0;0;0;0;0
FR;6;2022-02-19;0;0;0;0;0;0;0;0;0;0;0;0;0;0;0;0;0;0
FR;6;2022-02-20;0;0;0;0;0;0;0;0;0;0;0;0;0;0;0;0;0;0
FR;6;2022-02-21;0;0;0;0;0;0;0;0;0;0;0;0;0;0;0;0;0;0
FR;6;2022-02-22;0;0;0;0;0;0;0;0;0;0;0;0;0;0;0;0;0;0
FR;6;2022-02-23;0;0;0;0;0;0;0;0;0;0;0;0;0;0;0;0;0;0
FR;6;2022-02-24;0;0;0;0;0;0;0;0;0;0;0;0;0;0;0;0;0;0
FR;6;2022-02-25;0;0;0;0;0;0;0;0;0;0;0;0;0;0;0;0;0;0
FR;6;2022-02-26;1;0;0;0;0;0;0;0;0;1;0;0;0;0;0;0;0;0
FR;6;2022-02-27;0;0;0;0;0;0;0;0;0;1;0;0;0;0;0;0;0;0
FR;6;2022-02-28;0;0;0;0;0;0;0;0;0;1;0;0;0;0;0;0;0;0
FR;6;2022-03-01;3;0;0;0;0;0;0;0;0;4;0;0;0;0;0;0;0;0
FR;6;2022-03-02;97;9;2;0;15;7;0;0;0;101;9;2;0;15;7;0;0;0
FR;6;2022-03-03;0;0;0;0;0;0;0;0;0;101;9;2;0;15;7;0;0;0
FR;6;2022-03-04;92;4;0;0;8;4;0;0;0;193;13;2;0;23;11;0;0;0
FR;6;2022-03-05;391;23;2;0;60;14;0;0;0;584;36;4;0;83;25;0;0;0
FR;6;2022-03-06;7;1;0;0;2;0;0;0;0;591;37;4;0;85;25;0;0;0
FR;6;2022-03-07;337;19;0;0;51;13;0;0;0;928;56;4;0;136;38;0;0;0
FR;6;2022-03-08;230;14;0;0;47;5;0;0;0;1158;70;4;0;183;43;0;0;0
FR;6;2022-03-09;519;29;2;0;84;21;1;0;0;1677;99;6;0;267;64;1;0;0
FR;6;2022-03-10;206;19;0;1;54;12;1;0;0;1883;118;6;1;321;76;2;0;0
FR;6;2022-03-11;331;22;6;0;53;21;0;0;0;2214;140;12;1;374;97;2;0;0
FR;6;2022-03-12;518;25;1;0;83;20;0;0;0;2732;165;13;1;457;117;2;0;0
FR;6;2022-03-13;40;2;0;0;2;1;0;0;0;2772;167;13;1;459;118;2;0;0
FR;6;2022-03-14;201;4;2;0;39;3;1;0;0;2973;171;15;1;498;121;3;0;0
FR;6;2022-03-15;112;11;2;0;28;9;0;0;0;3085;182;17;1;526;130;3;0;0
FR;6;2022-03-16;310;17;2;1;49;15;1;0;0;3395;199;19;2;575;145;4;0;0
FR;6;2022-03-17;117;6;1;2;14;4;2;0;0;3512;205;20;4;589;149;6;0;0
FR;6;2022-03-18;215;10;0;0;40;6;0;0;0;3727;215;20;4;629;155;6;0;0
FR;6;2022-03-19;307;19;2;0;89;9;0;0;0;4034;234;22;4;718;164;6;0;0
FR;6;2022-03-20;15;5;0;0;5;1;0;0;0;4049;239;22;4;723;165;6;0;0
FR;6;2022-03-21;132;23;1;0;47;4;0;0;0;4181;262;23;4;770;169;6;0;0
FR;6;2022-03-22;97;15;0;0;34;4;0;0;0;4278;277;23;4;804;173;6;0;0
FR;6;2022-03-23;226;108;3;0;154;14;1;0;0;4504;385;26;4;958;187;7;0;0
FR;6;2022-03-24;100;15;1;3;32;4;3;0;0;4604;400;27;7;990;191;10;0;0
FR;6;2022-03-25;203;141;2;1;179;15;2;0;0;4807;541;29;8;1169;206;12;0;0
FR;6;2022-03-26;331;295;7;1;385;19;1;0;0;5138;836;36;9;1554;225;13;0;0
FR;6;2022-03-27;32;30;1;0;37;1;1;0;0;5170;866;37;9;1591;226;14;0;0
FR;6;2022-03-28;201;208;8;1;234;17;3;0;0;5371;1074;45;10;1825;243;17;0;0
FR;6;2022-03-29;124;189;12;2;206;12;9;0;0;5495;1263;57;12;2031;255;26;0;0
FR;6;2022-03-30;305;476;10;2;548;22;6;0;0;5800;1739;67;14;2579;277;32;0;0
FR;6;2022-03-31;123;140;10;0;160;14;5;0;0;5923;1879;77;14;2739;291;37;0;0
FR;6;2022-04-01;195;150;11;2;178;23;3;0;0;6118;2029;88;16;2917;314;40;0;0
FR;6;2022-04-02;206;241;9;1;280;13;8;0;0;6324;2270;97;17;3197;327;48;0;0
FR;6;2022-04-03;17;21;0;0;26;1;0;0;0;6341;2291;97;17;3223;328;48;0;0
FR;6;2022-04-04;137;114;6;1;131;9;5;0;0;6478;2405;103;18;3354;337;53;0;0
FR;6;2022-04-05;146;88;15;1;105;11;8;0;0;6624;2493;118;19;3459;348;61;0;0
FR;6;2022-04-06;204;245;22;26;291;27;33;0;0;6828;2738;140;45;3750;375;94;0;0
FR;6;2022-04-07;127;96;15;9;115;17;14;0;0;6955;2834;155;54;3865;392;108;0;0
FR;6;2022-04-08;199;171;16;3;214;17;9;0;1;7154;3005;171;57;4079;409;117;0;1
FR;6;2022-04-09;145;139;6;12;171;13;4;0;0;7299;3144;177;69;4250;422;121;0;1
FR;6;2022-04-10;11;20;3;0;26;1;3;0;0;7310;3164;180;69;4276;423;124;0;1
FR;6;2022-04-11;101;106;4;0;128;5;3;0;0;7411;3270;184;69;4404;428;127;0;1
FR;6;2022-04-12;136;75;5;8;114;10;10;0;0;7547;3345;189;77;4518;438;137;0;1
FR;6;2022-04-13;162;175;7;5;208;13;8;0;0;7709;3520;196;82;4726;451;145;0;1
FR;6;2022-04-14;100;103;5;10;121;8;10;0;0;7809;3623;201;92;4847;459;155;0;1
FR;6;2022-04-15;158;149;11;7;167;19;14;0;1;7967;3772;212;99;5014;478;169;0;2
FR;6;2022-04-16;127;132;5;0;162;14;2;0;0;8094;3904;217;99;5176;492;171;0;2
FR;6;2022-04-17;8;9;4;0;10;4;0;0;0;8102;3913;221;99;5186;496;171;0;2
FR;6;2022-04-18;8;15;3;0;14;4;0;0;0;8110;3928;224;99;5200;500;171;0;2
FR;6;2022-04-19;97;112;4;3;130;3;7;0;0;8207;4040;228;102;5330;503;178;0;2
FR;6;2022-04-20;177;227;8;7;269;15;3;0;0;8384;4267;236;109;5599;518;181;0;2
FR;6;2022-04-21;111;93;8;4;110;11;7;0;0;8495;4360;244;113;5709;529;188;0;2
FR;6;2022-04-22;138;160;13;12;189;13;13;0;0;8633;4520;257;125;5898;542;201;0;2
FR;6;2022-04-23;106;129;1;1;161;7;1;0;0;8739;4649;258;126;6059;549;202;0;2
FR;6;2022-04-24;5;21;1;0;22;0;1;0;0;8744;4670;259;126;6081;549;203;0;2
FR;6;2022-04-25;90;128;3;8;150;11;9;0;0;8834;4798;262;134;6231;560;212;0;2
FR;6;2022-04-26;101;128;19;2;151;17;13;0;0;8935;4926;281;136;6382;577;225;0;2
FR;6;2022-04-27;197;159;21;1;222;27;11;0;1;9132;5085;302;137;6604;604;236;0;3
FR;6;2022-04-28;109;87;7;1;123;8;7;0;0;9241;5172;309;138;6727;612;243;0;3
FR;6;2022-04-29;191;169;16;2;215;20;6;0;0;9432;5341;325;140;6942;632;249;0;3
FR;6;2022-04-30;133;125;7;1;168;24;2;0;0;9565;5466;332;141;7110;656;251;0;3
FR;6;2022-05-01;7;6;0;0;8;0;0;0;0;9572;5472;332;141;7118;656;251;0;3
FR;6;2022-05-02;94;65;3;4;88;3;4;0;0;9666;5537;335;145;7206;659;255;0;3
FR;6;2022-05-03;136;93;11;2;125;7;9;0;0;9802;5630;346;147;7331;666;264;0;3
FR;6;2022-05-04;167;118;25;12;161;29;12;0;1;9969;5748;371;159;7492;695;276;0;4
FR;6;2022-05-05;101;70;8;3;97;12;6;0;0;10070;5818;379;162;7589;707;282;0;4
FR;6;2022-05-06;152;110;10;9;155;16;11;0;0;10222;5928;389;171;7744;723;293;0;4
FR;6;2022-05-07;139;93;13;3;136;23;8;0;0;10361;6021;402;174;7880;746;301;0;4
FR;6;2022-05-08;20;8;6;5;16;7;5;0;0;10381;6029;408;179;7896;753;306;0;4
FR;6;2022-05-09;86;78;9;7;95;13;6;0;0;10467;6107;417;186;7991;766;312;0;4
FR;6;2022-05-10;112;80;15;7;110;12;13;0;0;10579;6187;432;193;8101;778;325;0;4
FR;6;2022-05-11;130;124;11;14;163;20;6;0;0;10709;6311;443;207;8264;798;331;0;4
FR;6;2022-05-12;105;76;7;5;96;15;6;0;1;10814;6387;450;212;8360;813;337;0;5
FR;6;2022-05-13;155;97;17;21;137;22;16;0;0;10969;6484;467;233;8497;835;353;0;5
FR;6;2022-05-14;81;60;6;7;84;15;2;0;0;11050;6544;473;240;8581;850;355;0;5
FR;6;2022-05-15;12;7;0;0;14;0;0;0;0;11062;6551;473;240;8595;850;355;0;5
FR;6;2022-05-16;65;54;6;2;69;12;3;0;0;11127;6605;479;242;8664;862;358;0;5
FR;6;2022-05-17;123;77;5;7;92;11;8;0;0;11250;6682;484;249;8756;873;366;0;5
FR;6;2022-05-18;131;116;5;1;158;14;3;0;0;11381;6798;489;250;8914;887;369;0;5
FR;6;2022-05-19;124;57;6;8;96;9;8;0;0;11505;6855;495;258;9010;896;377;0;5
FR;6;2022-05-20;125;115;13;3;151;18;10;0;0;11630;6970;508;261;9161;914;387;0;5
FR;6;2022-05-21;92;69;14;3;93;12;8;0;0;11722;7039;522;264;9254;926;395;0;5
FR;6;2022-05-22;19;12;5;0;21;4;1;0;0;11741;7051;527;264;9275;930;396;0;5
FR;6;2022-05-23;77;72;4;2;90;7;2;0;0;11818;7123;531;266;9365;937;398;0;5
FR;6;2022-05-24;117;98;8;2;132;16;4;0;0;11935;7221;539;268;9497;953;402;0;5
FR;6;2022-05-25;139;129;6;3;170;11;6;0;0;12074;7350;545;271;9667;964;408;0;5
FR;6;2022-05-26;7;9;3;0;5;9;0;0;0;12081;7359;548;271;9672;973;408;0;5
FR;6;2022-05-27;127;105;15;11;136;18;18;0;1;12208;7464;563;282;9808;991;426;0;6
FR;6;2022-05-28;54;75;1;5;89;8;5;0;0;12262;7539;564;287;9897;999;431;0;6
FR;6;2022-05-29;8;10;0;0;10;1;0;0;0;12270;7549;564;287;9907;1000;431;0;6
FR;6;2022-05-30;70;70;7;4;86;4;9;0;0;12340;7619;571;291;9993;1004;440;0;6
FR;6;2022-05-31;87;102;10;2;122;14;7;0;0;12427;7721;581;293;10115;1018;447;0;6
FR;6;2022-06-01;97;89;10;1;111;11;6;0;0;12524;7810;591;294;10226;1029;453;0;6
FR;6;2022-06-02;91;60;6;3;80;9;6;0;0;12615;7870;597;297;10306;1038;459;0;6
FR;6;2022-06-03;126;102;13;7;129;21;8;0;0;12741;7972;610;304;10435;1059;467;0;6
FR;6;2022-06-04;63;51;10;0;64;12;3;0;0;12804;8023;620;304;10499;1071;470;0;6
FR;6;2022-06-05;16;15;2;1;18;4;1;0;0;12820;8038;622;305;10517;1075;471;0;6
FR;6;2022-06-06;9;6;0;0;8;0;0;0;0;12829;8044;622;305;10525;1075;471;0;6
FR;6;2022-06-07;79;90;3;4;117;8;6;0;0;12908;8134;625;309;10642;1083;477;0;6
FR;6;2022-06-08;92;110;13;5;130;20;6;0;0;13000;8244;638;314;10772;1103;483;0;6
FR;6;2022-06-09;75;81;15;3;106;15;8;0;0;13075;8325;653;317;10878;1118;491;0;6
FR;6;2022-06-10;116;93;26;10;121;22;13;0;0;13191;8418;679;327;10999;1140;504;0;6
FR;6;2022-06-11;83;62;6;10;82;12;11;0;0;13274;8480;685;337;11081;1152;515;0;6
FR;6;2022-06-12;6;14;1;0;16;2;0;0;0;13280;8494;686;337;11097;1154;515;0;6
FR;6;2022-06-13;74;59;18;1;68;7;4;0;0;13354;8553;704;338;11165;1161;519;0;6
FR;6;2022-06-14;98;100;8;5;116;16;8;0;0;13452;8653;712;343;11281;1177;527;0;6
FR;6;2022-06-15;80;86;7;8;114;15;10;0;0;13532;8739;719;351;11395;1192;537;0;6
FR;6;2022-06-16;53;40;11;7;45;14;6;0;0;13585;8779;730;358;11440;1206;543;0;6
FR;6;2022-06-17;86;85;3;13;109;11;5;0;0;13671;8864;733;371;11549;1217;548;0;6
FR;6;2022-06-18;71;62;13;0;88;21;1;0;0;13742;8926;746;371;11637;1238;549;0;6
FR;6;2022-06-19;6;6;3;0;7;4;1;0;0;13748;8932;749;371;11644;1242;550;0;6
FR;6;2022-06-20;42;41;4;1;55;6;1;0;0;13790;8973;753;372;11699;1248;551;0;6
FR;6;2022-06-21;59;73;10;7;82;17;7;0;0;13849;9046;763;379;11781;1265;558;0;6
FR;6;2022-06-22;86;85;8;2;98;17;3;0;0;13935;9131;771;381;11879;1282;561;0;6
FR;6;2022-06-23;64;39;13;7;41;15;10;0;0;13999;9170;784;388;11920;1297;571;0;6
FR;6;2022-06-24;77;85;7;14;95;20;16;0;0;14076;9255;791;402;12015;1317;587;0;6
FR;6;2022-06-25;67;61;4;3;77;8;5;0;0;14143;9316;795;405;12092;1325;592;0;6
FR;6;2022-06-26;6;7;1;0;10;1;0;0;0;14149;9323;796;405;12102;1326;592;0;6
FR;6;2022-06-27;51;50;4;9;62;12;7;0;0;14200;9373;800;414;12164;1338;599;0;6
FR;6;2022-06-28;68;47;6;3;53;15;5;0;0;14268;9420;806;417;12217;1353;604;0;6
FR;6;2022-06-29;98;117;26;37;115;19;35;0;5;14366;9537;832;454;12332;1372;639;0;11
FR;6;2022-06-30;84;60;33;10;61;12;7;0;0;14450;9597;865;464;12393;1384;646;0;11
FR;6;2022-07-01;115;94;25;33;102;18;27;0;1;14565;9691;890;497;12495;1402;673;0;12
FR;6;2022-07-02;58;67;26;2;64;37;6;0;0;14623;9758;916;499;12559;1439;679;0;12
FR;6;2022-07-03;11;4;4;3;5;4;3;0;0;14634;9762;920;502;12564;1443;682;0;12
FR;6;2022-07-04;61;43;3;23;55;13;20;0;0;14695;9805;923;525;12619;1456;702;0;12
FR;6;2022-07-05;65;53;19;67;60;27;63;0;0;14760;9858;942;592;12679;1483;765;0;12
FR;6;2022-07-06;94;64;7;11;78;12;17;0;0;14854;9922;949;603;12757;1495;782;0;12
FR;6;2022-07-07;99;79;42;37;99;14;34;0;4;14953;10001;991;640;12856;1509;816;0;16
FR;6;2022-07-08;139;87;42;27;115;10;25;0;3;15092;10088;1033;667;12971;1519;841;0;19
FR;6;2022-07-09;53;51;16;29;51;27;33;0;1;15145;10139;1049;696;13022;1546;874;0;20
FR;6;2022-07-10;3;7;8;0;9;9;0;0;0;15148;10146;1057;696;13031;1555;874;0;20
FR;6;2022-07-11;54;44;5;4;47;12;4;0;0;15202;10190;1062;700;13078;1567;878;0;20
FR;6;2022-07-12;70;72;12;23;87;12;27;0;0;15272;10262;1074;723;13165;1579;905;0;20
FR;6;2022-07-13;84;65;14;21;71;25;22;0;0;15356;10327;1088;744;13236;1604;927;0;20
FR;6;2022-07-14;4;3;1;0;4;1;0;0;0;15360;10330;1089;744;13240;1605;927;0;20
FR;6;2022-07-15;74;59;9;57;85;16;45;0;0;15434;10389;1098;801;13325;1621;972;0;20
FR;6;2022-07-16;27;31;17;0;37;17;3;0;0;15461;10420;1115;801;13362;1638;975;0;20
FR;6;2022-07-17;3;7;0;0;8;0;0;0;0;15464;10427;1115;801;13370;1638;975;0;20
FR;6;2022-07-18;37;62;11;14;60;15;14;0;6;15501;10489;1126;815;13430;1653;989;0;26
FR;6;2022-07-19;54;48;4;19;60;6;21;0;1;15555;10537;1130;834;13490;1659;1010;0;27
FR;6;2022-07-20;53;70;7;22;75;11;27;0;0;15608;10607;1137;856;13565;1670;1037;0;27
FR;6;2022-07-21;51;61;4;7;56;11;9;0;0;15659;10668;1141;863;13621;1681;1046;0;27
FR;6;2022-07-22;55;74;7;26;82;8;16;0;2;15714;10742;1148;889;13703;1689;1062;0;29
FR;6;2022-07-23;38;40;6;10;40;6;9;0;1;15752;10782;1154;899;13743;1695;1071;0;30
FR;6;2022-07-24;11;14;1;3;19;3;3;0;0;15763;10796;1155;902;13762;1698;1074;0;30
FR;6;2022-07-25;60;44;8;12;41;9;13;0;1;15823;10840;1163;914;13803;1707;1087;0;31
FR;6;2022-07-26;47;64;14;6;62;10;13;0;0;15870;10904;1177;920;13865;1717;1100;0;31
FR;6;2022-07-27;54;78;15;11;80;18;15;0;8;15924;10982;1192;931;13945;1735;1115;0;39
FR;6;2022-07-28;30;48;4;6;50;8;7;0;1;15954;11030;1196;937;13995;1743;1122;0;40
FR;6;2022-07-29;43;71;10;38;60;24;36;0;1;15997;11101;1206;975;14055;1767;1158;0;41
FR;6;2022-07-30;26;48;4;15;49;7;15;0;0;16023;11149;1210;990;14104;1774;1173;0;41
FR;6;2022-07-31;0;1;1;0;1;0;1;0;0;16023;11150;1211;990;14105;1774;1174;0;41
FR;6;2022-08-01;39;36;14;8;32;10;6;0;1;16062;11186;1225;998;14137;1784;1180;0;42
FR;6;2022-08-02;37;46;10;14;52;6;16;0;0;16099;11232;1235;1012;14189;1790;1196;0;42
FR;6;2022-08-03;29;52;7;16;53;11;19;0;0;16128;11284;1242;1028;14242;1801;1215;0;42
FR;6;2022-08-04;25;21;4;9;20;6;10;0;1;16153;11305;1246;1037;14262;1807;1225;0;43
FR;6;2022-08-05;43;45;1;7;53;5;7;0;0;16196;11350;1247;1044;14315;1812;1232;0;43
FR;6;2022-08-06;17;27;1;3;33;2;4;0;0;16213;11377;1248;1047;14348;1814;1236;0;43
FR;6;2022-08-07;1;2;0;0;2;0;0;0;0;16214;11379;1248;1047;14350;1814;1236;0;43
FR;6;2022-08-08;24;33;1;0;40;1;0;0;0;16238;11412;1249;1047;14390;1815;1236;0;43
FR;6;2022-08-09;22;30;6;3;29;3;3;0;0;16260;11442;1255;1050;14419;1818;1239;0;43
FR;6;2022-08-10;32;36;5;9;38;5;9;0;5;16292;11478;1260;1059;14457;1823;1248;0;48
FR;6;2022-08-11;33;33;1;1;40;1;0;0;1;16325;11511;1261;1060;14497;1824;1248;0;49
FR;6;2022-08-12;50;44;6;2;50;15;3;0;1;16375;11555;1267;1062;14547;1839;1251;0;50
FR;6;2022-08-13;9;20;0;0;22;1;0;0;0;16384;11575;1267;1062;14569;1840;1251;0;50
FR;6;2022-08-14;3;1;0;0;2;0;0;0;0;16387;11576;1267;1062;14571;1840;1251;0;50
FR;6;2022-08-15;2;3;1;0;4;0;1;0;0;16389;11579;1268;1062;14575;1840;1252;0;50
FR;6;2022-08-16;35;66;21;7;66;7;2;0;0;16424;11645;1289;1069;14641;1847;1254;0;50
FR;6;2022-08-17;32;44;10;9;41;10;6;0;7;16456;11689;1299;1078;14682;1857;1260;0;57
FR;6;2022-08-18;29;55;14;4;61;4;0;0;1;16485;11744;1313;1082;14743;1861;1260;0;58
FR;6;2022-08-19;30;45;5;4;47;3;2;0;1;16515;11789;1318;1086;14790;1864;1262;0;59
FR;6;2022-08-20;26;29;3;0;28;8;1;0;0;16541;11818;1321;1086;14818;1872;1263;0;59
FR;6;2022-08-21;1;5;2;0;5;0;0;0;0;16542;11823;1323;1086;14823;1872;1263;0;59
FR;6;2022-08-22;20;42;15;1;45;0;0;0;0;16562;11865;1338;1087;14868;1872;1263;0;59
FR;6;2022-08-23;34;45;6;7;47;6;4;0;2;16596;11910;1344;1094;14915;1878;1267;0;61
FR;6;2022-08-24;34;30;6;3;36;6;2;0;3;16630;11940;1350;1097;14951;1884;1269;0;64
FR;6;2022-08-25;25;27;1;1;29;5;1;0;0;16655;11967;1351;1098;14980;1889;1270;0;64
FR;6;2022-08-26;38;44;4;4;51;7;7;0;0;16693;12011;1355;1102;15031;1896;1277;0;64
FR;6;2022-08-27;19;21;7;3;22;8;4;0;0;16712;12032;1362;1105;15053;1904;1281;0;64
FR;6;2022-08-28;6;3;0;6;3;1;1;0;4;16718;12035;1362;1111;15056;1905;1282;0;68
FR;6;2022-08-29;26;22;2;6;29;3;6;0;0;16744;12057;1364;1117;15085;1908;1288;0;68
FR;6;2022-08-30;28;35;4;12;33;8;13;0;0;16772;12092;1368;1129;15118;1916;1301;0;68
FR;6;2022-08-31;35;38;2;11;46;3;12;0;0;16807;12130;1370;1140;15164;1919;1313;0;68
FR;6;2022-09-01;17;11;5;1;13;4;3;0;0;16824;12141;1375;1141;15177;1923;1316;0;68
FR;6;2022-09-02;19;14;2;1;13;3;2;0;0;16843;12155;1377;1142;15190;1926;1318;0;68
FR;6;2022-09-03;10;3;1;5;4;2;5;0;0;16853;12158;1378;1147;15194;1928;1323;0;68
FR;6;2022-09-04;4;1;0;0;1;0;0;0;0;16857;12159;1378;1147;15195;1928;1323;0;68
FR;6;2022-09-05;8;7;0;0;10;0;0;0;0;16865;12166;1378;1147;15205;1928;1323;0;68
FR;6;2022-09-06;7;9;7;12;8;6;15;0;0;16872;12175;1385;1159;15213;1934;1338;0;68
FR;6;2022-09-07;3;8;1;0;8;1;0;0;0;16875;12183;1386;1159;15221;1935;1338;0;68
FR;6;2022-09-08;6;4;0;2;3;1;2;0;0;16881;12187;1386;1161;15224;1936;1340;0;68
FR;6;2022-09-09;7;9;2;7;9;3;8;0;0;16888;12196;1388;1168;15233;1939;1348;0;68
FR;6;2022-09-10;3;4;1;0;3;1;1;0;0;16891;12200;1389;1168;15236;1940;1349;0;68
FR;6;2022-09-11;1;3;0;0;3;0;0;0;0;16892;12203;1389;1168;15239;1940;1349;0;68
FR;6;2022-09-12;10;4;1;0;3;3;0;0;0;16902;12207;1390;1168;15242;1943;1349;0;68
FR;6;2022-09-13;7;2;3;0;2;2;2;0;0;16909;12209;1393;1168;15244;1945;1351;0;68
FR;6;2022-09-14;9;8;2;0;7;4;0;0;0;16918;12217;1395;1168;15251;1949;1351;0;68
FR;6;2022-09-15;8;13;5;5;9;9;3;0;2;16926;12230;1400;1173;15260;1958;1354;0;70
FR;6;2022-09-16;25;39;1;1;47;4;1;0;2;16951;12269;1401;1174;15307;1962;1355;0;72
FR;6;2022-09-17;24;22;0;6;24;5;3;0;2;16975;12291;1401;1180;15331;1967;1358;0;74
FR;6;2022-09-18;5;4;0;0;4;1;0;0;0;16980;12295;1401;1180;15335;1968;1358;0;74
FR;6;2022-09-19;30;30;2;1;32;5;1;0;0;17010;12325;1403;1181;15367;1973;1359;0;74
FR;6;2022-09-20;34;25;1;4;29;6;2;0;1;17044;12350;1404;1185;15396;1979;1361;0;75
FR;6;2022-09-21;21;9;3;3;7;7;5;0;3;17065;12359;1407;1188;15403;1986;1366;0;78
FR;6;2022-09-22;19;28;1;22;32;3;21;0;1;17084;12387;1408;1210;15435;1989;1387;0;79
FR;6;2022-09-23;28;41;5;9;47;9;2;0;0;17112;12428;1413;1219;15482;1998;1389;0;79
FR;6;2022-09-24;16;16;4;2;21;6;2;0;0;17128;12444;1417;1221;15503;2004;1391;0;79
FR;6;2022-09-25;3;14;0;0;14;1;0;0;0;17131;12458;1417;1221;15517;2005;1391;0;79
FR;6;2022-09-26;16;13;0;18;12;5;18;0;2;17147;12471;1417;1239;15529;2010;1409;0;81
FR;6;2022-09-27;32;19;2;3;23;4;4;0;0;17179;12490;1419;1242;15552;2014;1413;0;81
FR;6;2022-09-28;27;10;9;11;16;5;17;0;2;17206;12500;1428;1253;15568;2019;1430;0;83
FR;6;2022-09-29;13;13;10;34;16;6;33;0;7;17219;12513;1438;1287;15584;2025;1463;0;90
FR;6;2022-09-30;34;24;5;6;33;5;3;0;0;17253;12537;1443;1293;15617;2030;1466;0;90
FR;6;2022-10-01;17;12;5;8;9;8;8;0;2;17270;12549;1448;1301;15626;2038;1474;0;92
FR;6;2022-10-02;4;0;0;0;1;0;0;0;0;17274;12549;1448;1301;15627;2038;1474;0;92
FR;6;2022-10-03;11;10;3;5;11;4;6;0;0;17285;12559;1451;1306;15638;2042;1480;0;92
FR;6;2022-10-04;19;17;4;28;21;3;30;0;3;17304;12576;1455;1334;15659;2045;1510;0;95
FR;6;2022-10-05;11;12;3;2;9;7;4;0;0;17315;12588;1458;1336;15668;2052;1514;0;95
FR;6;2022-10-06;19;13;4;6;17;2;10;0;0;17334;12601;1462;1342;15685;2054;1524;0;95
FR;6;2022-10-07;27;26;5;24;24;11;16;0;5;17361;12627;1467;1366;15709;2065;1540;0;100
FR;6;2022-10-08;18;13;0;0;16;0;0;0;0;17379;12640;1467;1366;15725;2065;1540;0;100
FR;6;2022-10-09;7;3;4;27;3;4;30;0;6;17386;12643;1471;1393;15728;2069;1570;0;106
FR;6;2022-10-10;15;14;1;16;16;6;13;0;0;17401;12657;1472;1409;15744;2075;1583;0;106
FR;6;2022-10-11;21;23;3;11;22;8;13;0;3;17422;12680;1475;1420;15766;2083;1596;0;109
FR;6;2022-10-12;20;16;7;19;18;3;24;0;7;17442;12696;1482;1439;15784;2086;1620;0;116
FR;6;2022-10-13;28;15;2;36;23;0;38;0;6;17470;12711;1484;1475;15807;2086;1658;0;122
FR;6;2022-10-14;29;23;5;49;23;11;45;0;13;17499;12734;1489;1524;15830;2097;1703;0;135
FR;6;2022-10-15;13;9;0;22;8;4;21;0;6;17512;12743;1489;1546;15838;2101;1724;0;141
FR;6;2022-10-16;4;5;0;6;2;3;6;0;0;17516;12748;1489;1552;15840;2104;1730;0;141
FR;6;2022-10-17;14;14;2;10;14;1;12;0;2;17530;12762;1491;1562;15854;2105;1742;0;143
FR;6;2022-10-18;12;19;9;26;19;4;18;0;11;17542;12781;1500;1588;15873;2109;1760;0;154
FR;6;2022-10-19;10;20;6;16;20;5;19;0;5;17552;12801;1506;1604;15893;2114;1779;0;159
FR;6;2022-10-20;16;15;12;57;18;5;67;0;13;17568;12816;1518;1661;15911;2119;1846;0;172
FR;6;2022-10-21;16;21;9;34;22;11;37;0;10;17584;12837;1527;1695;15933;2130;1883;0;182
FR;6;2022-10-22;19;14;1;4;17;3;4;0;0;17603;12851;1528;1699;15950;2133;1887;0;182
FR;6;2022-10-23;3;3;1;0;4;0;1;0;0;17606;12854;1529;1699;15954;2133;1888;0;182
FR;6;2022-10-24;12;14;2;7;14;6;5;0;2;17618;12868;1531;1706;15968;2139;1893;0;184
FR;6;2022-10-25;20;13;6;17;16;7;19;0;4;17638;12881;1537;1723;15984;2146;1912;0;188
FR;6;2022-10-26;17;9;4;13;12;4;15;0;5;17655;12890;1541;1736;15996;2150;1927;0;193
FR;6;2022-10-27;20;7;8;37;10;6;36;0;14;17675;12897;1549;1773;16006;2156;1963;0;207
FR;6;2022-10-28;21;27;3;4;28;6;5;0;1;17696;12924;1552;1777;16034;2162;1968;0;208
FR;6;2022-10-29;7;11;5;11;10;6;14;0;12;17703;12935;1557;1788;16044;2168;1982;0;220
FR;6;2022-10-30;2;5;0;0;5;0;0;0;0;17705;12940;1557;1788;16049;2168;1982;0;220
FR;6;2022-10-31;20;14;2;13;17;4;12;0;3;17725;12954;1559;1801;16066;2172;1994;0;223
FR;6;2022-11-01;2;1;1;0;1;1;0;0;0;17727;12955;1560;1801;16067;2173;1994;0;223
FR;6;2022-11-02;15;25;9;21;26;11;19;0;12;17742;12980;1569;1822;16093;2184;2013;0;235
FR;6;2022-11-03;17;17;11;39;20;8;43;0;9;17759;12997;1580;1861;16113;2192;2056;0;244
FR;6;2022-11-04;19;22;9;16;27;5;16;0;10;17778;13019;1589;1877;16140;2197;2072;0;254
FR;6;2022-11-05;9;16;2;4;17;4;6;0;0;17787;13035;1591;1881;16157;2201;2078;0;254
FR;6;2022-11-06;5;1;0;0;1;0;0;0;0;17792;13036;1591;1881;16158;2201;2078;0;254
FR;6;2022-11-07;18;10;6;17;12;4;18;0;11;17810;13046;1597;1898;16170;2205;2096;0;265
FR;6;2022-11-08;18;10;2;3;8;5;5;0;4;17828;13056;1599;1901;16178;2210;2101;0;269
FR;6;2022-11-09;16;22;1;6;21;4;5;0;4;17844;13078;1600;1907;16199;2214;2106;0;273
FR;6;2022-11-10;10;10;4;12;8;5;11;0;10;17854;13088;1604;1919;16207;2219;2117;0;283
FR;6;2022-11-11;4;1;0;0;1;1;0;0;0;17858;13089;1604;1919;16208;2220;2117;0;283
FR;6;2022-11-12;4;11;1;7;11;2;5;0;9;17862;13100;1605;1926;16219;2222;2122;0;292
FR;6;2022-11-13;1;1;0;1;1;0;1;0;0;17863;13101;1605;1927;16220;2222;2123;0;292
FR;6;2022-11-14;13;10;7;32;13;8;33;0;14;17876;13111;1612;1959;16233;2230;2156;0;306
FR;6;2022-11-15;7;18;1;11;16;4;7;0;2;17883;13129;1613;1970;16249;2234;2163;0;308
FR;6;2022-11-16;16;15;9;32;17;3;42;0;9;17899;13144;1622;2002;16266;2237;2205;0;317
FR;6;2022-11-17;10;8;1;29;8;2;28;0;5;17909;13152;1623;2031;16274;2239;2233;0;322
FR;6;2022-11-18;20;12;5;23;16;4;25;0;7;17929;13164;1628;2054;16290;2243;2258;0;329
FR;6;2022-11-19;5;13;0;2;11;3;2;0;1;17934;13177;1628;2056;16301;2246;2260;0;330
FR;6;2022-11-20;2;1;2;0;1;2;0;0;0;17936;13178;1630;2056;16302;2248;2260;0;330
FR;6;2022-11-21;22;13;1;14;14;6;11;0;3;17958;13191;1631;2070;16316;2254;2271;0;333
FR;6;2022-11-22;14;9;0;4;11;1;3;0;1;17972;13200;1631;2074;16327;2255;2274;0;334
FR;6;2022-11-23;14;15;15;23;17;9;31;0;8;17986;13215;1646;2097;16344;2264;2305;0;342
FR;6;2022-11-24;14;17;1;11;19;5;10;0;7;18000;13232;1647;2108;16363;2269;2315;0;349
FR;6;2022-11-25;23;15;5;50;15;5;47;0;5;18023;13247;1652;2158;16378;2274;2362;0;354
FR;6;2022-11-26;9;5;2;4;3;2;5;0;1;18032;13252;1654;2162;16381;2276;2367;0;355
FR;6;2022-11-27;1;4;0;0;4;0;0;0;0;18033;13256;1654;2162;16385;2276;2367;0;355
FR;6;2022-11-28;9;11;6;22;11;3;24;0;11;18042;13267;1660;2184;16396;2279;2391;0;366
FR;6;2022-11-29;15;10;1;12;14;1;8;0;7;18057;13277;1661;2196;16410;2280;2399;0;373
FR;6;2022-11-30;18;20;8;23;19;12;22;0;8;18075;13297;1669;2219;16429;2292;2421;0;381
FR;6;2022-12-01;12;9;7;20;11;4;24;0;9;18087;13306;1676;2239;16440;2296;2445;0;390
FR;6;2022-12-02;16;9;12;36;12;8;42;0;1;18103;13315;1688;2275;16452;2304;2487;0;391
FR;6;2022-12-03;13;3;13;20;6;5;28;0;13;18116;13318;1701;2295;16458;2309;2515;0;404
FR;6;2022-12-04;3;1;0;2;1;0;2;0;0;18119;13319;1701;2297;16459;2309;2517;0;404
FR;6;2022-12-05;11;10;7;16;11;4;19;0;8;18130;13329;1708;2313;16470;2313;2536;0;412
FR;6;2022-12-06;10;19;3;30;12;11;28;0;3;18140;13348;1711;2343;16482;2324;2564;0;415
FR;6;2022-12-07;17;8;10;56;10;8;57;0;30;18157;13356;1721;2399;16492;2332;2621;0;445
FR;6;2022-12-08;9;13;8;19;11;7;21;0;13;18166;13369;1729;2418;16503;2339;2642;0;458
FR;6;2022-12-09;15;9;5;29;12;4;30;0;6;18181;13378;1734;2447;16515;2343;2672;0;464
FR;6;2022-12-10;12;9;6;9;7;4;14;0;7;18193;13387;1740;2456;16522;2347;2686;0;471
FR;6;2022-12-11;4;2;1;0;2;1;0;0;0;18197;13389;1741;2456;16524;2348;2686;0;471
FR;6;2022-12-12;17;10;8;36;14;9;33;0;17;18214;13399;1749;2492;16538;2357;2719;0;488
FR;6;2022-12-13;17;21;12;66;16;18;65;0;14;18231;13420;1761;2558;16554;2375;2784;0;502
FR;6;2022-12-14;14;13;8;53;11;12;53;0;14;18245;13433;1769;2611;16565;2387;2837;0;516
FR;6;2022-12-15;12;15;14;38;13;9;44;0;9;18257;13448;1783;2649;16578;2396;2881;0;525
FR;6;2022-12-16;18;14;15;39;15;14;39;0;13;18275;13462;1798;2688;16593;2410;2920;0;538
FR;6;2022-12-17;11;10;15;28;9;15;29;0;8;18286;13472;1813;2716;16602;2425;2949;0;546
FR;6;2022-12-18;7;4;0;2;5;0;2;0;0;18293;13476;1813;2718;16607;2425;2951;0;546
FR;6;2022-12-19;12;8;9;29;8;12;29;0;15;18305;13484;1822;2747;16615;2437;2980;0;561
FR;6;2022-12-20;17;23;11;23;17;19;22;0;21;18322;13507;1833;2770;16632;2456;3002;0;582
FR;6;2022-12-21;23;16;9;19;13;13;17;0;5;18345;13523;1842;2789;16645;2469;3019;0;587
FR;6;2022-12-22;13;14;9;21;15;13;18;0;11;18358;13537;1851;2810;16660;2482;3037;0;598
FR;6;2022-12-23;10;19;12;7;14;18;7;0;3;18368;13556;1863;2817;16674;2500;3044;0;601
FR;6;2022-12-24;4;5;3;1;5;2;2;0;1;18372;13561;1866;2818;16679;2502;3046;0;602
FR;6;2022-12-25;0;0;0;0;0;0;0;0;0;18372;13561;1866;2818;16679;2502;3046;0;602
FR;6;2022-12-26;8;12;12;11;10;18;11;0;3;18380;13573;1878;2829;16689;2520;3057;0;605
FR;6;2022-12-27;17;13;15;8;12;19;8;0;0;18397;13586;1893;2837;16701;2539;3065;0;605
FR;6;2022-12-28;15;19;6;8;19;9;9;0;4;18412;13605;1899;2845;16720;2548;3074;0;609
FR;6;2022-12-29;15;12;7;8;10;9;9;0;7;18427;13617;1906;2853;16730;2557;3083;0;616
FR;6;2022-12-30;20;19;13;8;20;13;11;0;4;18447;13636;1919;2861;16750;2570;3094;0;620
FR;6;2022-12-31;5;2;6;1;4;7;1;0;1;18452;13638;1925;2862;16754;2577;3095;0;621
FR;6;2023-01-01;2;1;0;3;0;3;0;0;1;18454;13639;1925;2865;16754;2580;3095;0;622
FR;6;2023-01-02;9;14;2;3;10;7;3;0;0;18463;13653;1927;2868;16764;2587;3098;0;622
FR;6;2023-01-03;7;17;9;21;17;9;21;0;7;18470;13670;1936;2889;16781;2596;3119;0;629
FR;6;2023-01-04;9;9;4;10;8;8;6;0;14;18479;13679;1940;2899;16789;2604;3125;0;643
FR;6;2023-01-05;9;11;6;23;10;3;26;0;8;18488;13690;1946;2922;16799;2607;3151;0;651
FR;6;2023-01-06;16;24;15;30;21;17;29;0;15;18504;13714;1961;2952;16820;2624;3180;0;666
FR;6;2023-01-07;9;19;4;1;10;13;3;0;1;18513;13733;1965;2953;16830;2637;3183;0;667
FR;6;2023-01-08;2;7;4;11;6;4;11;0;3;18515;13740;1969;2964;16836;2641;3194;0;670
FR;6;2023-01-09;16;10;5;35;8;8;34;0;17;18531;13750;1974;2999;16844;2649;3228;0;687
FR;6;2023-01-10;11;15;13;23;13;10;26;0;9;18542;13765;1987;3022;16857;2659;3254;0;696
FR;6;2023-01-11;15;14;5;16;18;6;14;0;12;18557;13779;1992;3038;16875;2665;3268;0;708
FR;6;2023-01-12;7;13;2;5;10;3;5;0;12;18564;13792;1994;3043;16885;2668;3273;0;720
FR;6;2023-01-13;19;14;18;42;14;19;43;0;31;18583;13806;2012;3085;16899;2687;3316;0;751
FR;6;2023-01-14;20;8;6;2;9;9;2;0;0;18603;13814;2018;3087;16908;2696;3318;0;751
FR;6;2023-01-15;0;0;1;3;0;1;3;0;0;18603;13814;2019;3090;16908;2697;3321;0;751
FR;6;2023-01-16;22;12;2;1;10;6;3;0;2;18625;13826;2021;3091;16918;2703;3324;0;753
FR;6;2023-01-17;8;17;12;8;17;11;14;0;5;18633;13843;2033;3099;16935;2714;3338;0;758
FR;6;2023-01-18;18;15;9;7;17;10;8;0;1;18651;13858;2042;3106;16952;2724;3346;0;759
FR;6;2023-01-19;9;9;13;6;11;11;9;0;3;18660;13867;2055;3112;16963;2735;3355;0;762
FR;6;2023-01-20;17;13;9;32;16;6;34;0;27;18677;13880;2064;3144;16979;2741;3389;0;789
FR;6;2023-01-21;11;7;5;2;6;8;3;0;1;18688;13887;2069;3146;16985;2749;3392;0;790
FR;6;2023-01-22;0;0;0;0;0;0;0;0;0;18688;13887;2069;3146;16985;2749;3392;0;790
FR;6;2023-01-23;9;9;5;11;8;5;11;0;3;18697;13896;2074;3157;16993;2754;3403;0;793
FR;6;2023-01-24;12;14;15;13;11;14;18;0;6;18709;13910;2089;3170;17004;2768;3421;0;799
FR;6;2023-01-25;15;7;5;3;6;6;4;0;4;18724;13917;2094;3173;17010;2774;3425;0;803
FR;8;2020-12-27;0;0;0;0;0;0;0;0;0;0;0;0;0;0;0;0;0;0
FR;8;2020-12-28;0;0;0;0;0;0;0;0;0;0;0;0;0;0;0;0;0;0
FR;8;2020-12-29;0;0;0;0;0;0;0;0;0;0;0;0;0;0;0;0;0;0
FR;8;2020-12-30;0;0;0;0;0;0;0;0;0;0;0;0;0;0;0;0;0;0
FR;8;2020-12-31;0;0;0;0;0;0;0;0;0;0;0;0;0;0;0;0;0;0
FR;8;2021-01-01;0;0;0;0;0;0;0;0;0;0;0;0;0;0;0;0;0;0
FR;8;2021-01-02;0;0;0;0;0;0;0;0;0;0;0;0;0;0;0;0;0;0
FR;8;2021-01-03;0;0;0;0;0;0;0;0;0;0;0;0;0;0;0;0;0;0
FR;8;2021-01-04;0;0;0;0;0;0;0;0;0;0;0;0;0;0;0;0;0;0
FR;8;2021-01-05;0;0;0;0;0;0;0;0;0;0;0;0;0;0;0;0;0;0
FR;8;2021-01-06;0;0;0;0;0;0;0;0;0;0;0;0;0;0;0;0;0;0
FR;8;2021-01-07;0;0;0;0;0;0;0;0;0;0;0;0;0;0;0;0;0;0
FR;8;2021-01-08;0;0;0;0;0;0;0;0;0;0;0;0;0;0;0;0;0;0
FR;8;2021-01-09;0;0;0;0;0;0;0;0;0;0;0;0;0;0;0;0;0;0
FR;8;2021-01-10;0;0;0;0;0;0;0;0;0;0;0;0;0;0;0;0;0;0
FR;8;2021-01-11;0;0;0;0;0;0;0;0;0;0;0;0;0;0;0;0;0;0
FR;8;2021-01-12;0;0;0;0;0;0;0;0;0;0;0;0;0;0;0;0;0;0
FR;8;2021-01-13;0;0;0;0;0;0;0;0;0;0;0;0;0;0;0;0;0;0
FR;8;2021-01-14;0;0;0;0;0;0;0;0;0;0;0;0;0;0;0;0;0;0
FR;8;2021-01-15;0;0;0;0;0;0;0;0;0;0;0;0;0;0;0;0;0;0
FR;8;2021-01-16;0;0;0;0;0;0;0;0;0;0;0;0;0;0;0;0;0;0
FR;8;2021-01-17;0;0;0;0;0;0;0;0;0;0;0;0;0;0;0;0;0;0
FR;8;2021-01-18;0;0;0;0;0;0;0;0;0;0;0;0;0;0;0;0;0;0
FR;8;2021-01-19;0;0;0;0;0;0;0;0;0;0;0;0;0;0;0;0;0;0
FR;8;2021-01-20;0;0;0;0;0;0;0;0;0;0;0;0;0;0;0;0;0;0
FR;8;2021-01-21;0;0;0;0;0;0;0;0;0;0;0;0;0;0;0;0;0;0
FR;8;2021-01-22;0;0;0;0;0;0;0;0;0;0;0;0;0;0;0;0;0;0
FR;8;2021-01-23;0;0;0;0;0;0;0;0;0;0;0;0;0;0;0;0;0;0
FR;8;2021-01-24;0;0;0;0;0;0;0;0;0;0;0;0;0;0;0;0;0;0
FR;8;2021-01-25;0;0;0;0;0;0;0;0;0;0;0;0;0;0;0;0;0;0
FR;8;2021-01-26;0;0;0;0;0;0;0;0;0;0;0;0;0;0;0;0;0;0
FR;8;2021-01-27;0;0;0;0;0;0;0;0;0;0;0;0;0;0;0;0;0;0
FR;8;2021-01-28;0;0;0;0;0;0;0;0;0;0;0;0;0;0;0;0;0;0
FR;8;2021-01-29;0;0;0;0;0;0;0;0;0;0;0;0;0;0;0;0;0;0
FR;8;2021-01-30;0;0;0;0;0;0;0;0;0;0;0;0;0;0;0;0;0;0
FR;8;2021-01-31;0;0;0;0;0;0;0;0;0;0;0;0;0;0;0;0;0;0
FR;8;2021-02-01;0;0;0;0;0;0;0;0;0;0;0;0;0;0;0;0;0;0
FR;8;2021-02-02;0;0;0;0;0;0;0;0;0;0;0;0;0;0;0;0;0;0
FR;8;2021-02-03;0;0;0;0;0;0;0;0;0;0;0;0;0;0;0;0;0;0
FR;8;2021-02-04;0;0;0;0;0;0;0;0;0;0;0;0;0;0;0;0;0;0
FR;8;2021-02-05;0;0;0;0;0;0;0;0;0;0;0;0;0;0;0;0;0;0
FR;8;2021-02-06;0;0;0;0;0;0;0;0;0;0;0;0;0;0;0;0;0;0
FR;8;2021-02-07;0;0;0;0;0;0;0;0;0;0;0;0;0;0;0;0;0;0
FR;8;2021-02-08;0;0;0;0;0;0;0;0;0;0;0;0;0;0;0;0;0;0
FR;8;2021-02-09;0;0;0;0;0;0;0;0;0;0;0;0;0;0;0;0;0;0
FR;8;2021-02-10;0;0;0;0;0;0;0;0;0;0;0;0;0;0;0;0;0;0
FR;8;2021-02-11;0;0;0;0;0;0;0;0;0;0;0;0;0;0;0;0;0;0
FR;8;2021-02-12;0;0;0;0;0;0;0;0;0;0;0;0;0;0;0;0;0;0
FR;8;2021-02-13;0;0;0;0;0;0;0;0;0;0;0;0;0;0;0;0;0;0
FR;8;2021-02-14;0;0;0;0;0;0;0;0;0;0;0;0;0;0;0;0;0;0
FR;8;2021-02-15;0;0;0;0;0;0;0;0;0;0;0;0;0;0;0;0;0;0
FR;8;2021-02-16;0;0;0;0;0;0;0;0;0;0;0;0;0;0;0;0;0;0
FR;8;2021-02-17;0;0;0;0;0;0;0;0;0;0;0;0;0;0;0;0;0;0
FR;8;2021-02-18;0;0;0;0;0;0;0;0;0;0;0;0;0;0;0;0;0;0
FR;8;2021-02-19;0;0;0;0;0;0;0;0;0;0;0;0;0;0;0;0;0;0
FR;8;2021-02-20;0;0;0;0;0;0;0;0;0;0;0;0;0;0;0;0;0;0
FR;8;2021-02-21;0;0;0;0;0;0;0;0;0;0;0;0;0;0;0;0;0;0
FR;8;2021-02-22;0;0;0;0;0;0;0;0;0;0;0;0;0;0;0;0;0;0
FR;8;2021-02-23;0;0;0;0;0;0;0;0;0;0;0;0;0;0;0;0;0;0
FR;8;2021-02-24;0;0;0;0;0;0;0;0;0;0;0;0;0;0;0;0;0;0
FR;8;2021-02-25;0;0;0;0;0;0;0;0;0;0;0;0;0;0;0;0;0;0
FR;8;2021-02-26;0;0;0;0;0;0;0;0;0;0;0;0;0;0;0;0;0;0
FR;8;2021-02-27;0;0;0;0;0;0;0;0;0;0;0;0;0;0;0;0;0;0
FR;8;2021-02-28;0;0;0;0;0;0;0;0;0;0;0;0;0;0;0;0;0;0
FR;8;2021-03-01;0;0;0;0;0;0;0;0;0;0;0;0;0;0;0;0;0;0
FR;8;2021-03-02;0;0;0;0;0;0;0;0;0;0;0;0;0;0;0;0;0;0
FR;8;2021-03-03;0;0;0;0;0;0;0;0;0;0;0;0;0;0;0;0;0;0
FR;8;2021-03-04;0;0;0;0;0;0;0;0;0;0;0;0;0;0;0;0;0;0
FR;8;2021-03-05;0;0;0;0;0;0;0;0;0;0;0;0;0;0;0;0;0;0
FR;8;2021-03-06;0;0;0;0;0;0;0;0;0;0;0;0;0;0;0;0;0;0
FR;8;2021-03-07;0;0;0;0;0;0;0;0;0;0;0;0;0;0;0;0;0;0
FR;8;2021-03-08;0;0;0;0;0;0;0;0;0;0;0;0;0;0;0;0;0;0
FR;8;2021-03-09;0;0;0;0;0;0;0;0;0;0;0;0;0;0;0;0;0;0
FR;8;2021-03-10;0;0;0;0;0;0;0;0;0;0;0;0;0;0;0;0;0;0
FR;8;2021-03-11;0;0;0;0;0;0;0;0;0;0;0;0;0;0;0;0;0;0
FR;8;2021-03-12;0;0;0;0;0;0;0;0;0;0;0;0;0;0;0;0;0;0
FR;8;2021-03-13;0;0;0;0;0;0;0;0;0;0;0;0;0;0;0;0;0;0
FR;8;2021-03-14;0;0;0;0;0;0;0;0;0;0;0;0;0;0;0;0;0;0
FR;8;2021-03-15;0;0;0;0;0;0;0;0;0;0;0;0;0;0;0;0;0;0
FR;8;2021-03-16;0;0;0;0;0;0;0;0;0;0;0;0;0;0;0;0;0;0
FR;8;2021-03-17;0;0;0;0;0;0;0;0;0;0;0;0;0;0;0;0;0;0
FR;8;2021-03-18;0;0;0;0;0;0;0;0;0;0;0;0;0;0;0;0;0;0
FR;8;2021-03-19;0;0;0;0;0;0;0;0;0;0;0;0;0;0;0;0;0;0
FR;8;2021-03-20;0;0;0;0;0;0;0;0;0;0;0;0;0;0;0;0;0;0
FR;8;2021-03-21;0;0;0;0;0;0;0;0;0;0;0;0;0;0;0;0;0;0
FR;8;2021-03-22;0;0;0;0;0;0;0;0;0;0;0;0;0;0;0;0;0;0
FR;8;2021-03-23;0;0;0;0;0;0;0;0;0;0;0;0;0;0;0;0;0;0
FR;8;2021-03-24;0;0;0;0;0;0;0;0;0;0;0;0;0;0;0;0;0;0
FR;8;2021-03-25;0;0;0;0;0;0;0;0;0;0;0;0;0;0;0;0;0;0
FR;8;2021-03-26;0;0;0;0;0;0;0;0;0;0;0;0;0;0;0;0;0;0
FR;8;2021-03-27;0;0;0;0;0;0;0;0;0;0;0;0;0;0;0;0;0;0
FR;8;2021-03-28;0;0;0;0;0;0;0;0;0;0;0;0;0;0;0;0;0;0
FR;8;2021-03-29;0;0;0;0;0;0;0;0;0;0;0;0;0;0;0;0;0;0
FR;8;2021-03-30;0;0;0;0;0;0;0;0;0;0;0;0;0;0;0;0;0;0
FR;8;2021-03-31;0;0;0;0;0;0;0;0;0;0;0;0;0;0;0;0;0;0
FR;8;2021-04-01;0;0;0;0;0;0;0;0;0;0;0;0;0;0;0;0;0;0
FR;8;2021-04-02;0;0;0;0;0;0;0;0;0;0;0;0;0;0;0;0;0;0
FR;8;2021-04-03;0;0;0;0;0;0;0;0;0;0;0;0;0;0;0;0;0;0
FR;8;2021-04-04;0;0;0;0;0;0;0;0;0;0;0;0;0;0;0;0;0;0
FR;8;2021-04-05;0;0;0;0;0;0;0;0;0;0;0;0;0;0;0;0;0;0
FR;8;2021-04-06;0;0;0;0;0;0;0;0;0;0;0;0;0;0;0;0;0;0
FR;8;2021-04-07;0;0;0;0;0;0;0;0;0;0;0;0;0;0;0;0;0;0
FR;8;2021-04-08;0;0;0;0;0;0;0;0;0;0;0;0;0;0;0;0;0;0
FR;8;2021-04-09;0;0;0;0;0;0;0;0;0;0;0;0;0;0;0;0;0;0
FR;8;2021-04-10;0;0;0;0;0;0;0;0;0;0;0;0;0;0;0;0;0;0
FR;8;2021-04-11;0;0;0;0;0;0;0;0;0;0;0;0;0;0;0;0;0;0
FR;8;2021-04-12;0;0;0;0;0;0;0;0;0;0;0;0;0;0;0;0;0;0
FR;8;2021-04-13;0;0;0;0;0;0;0;0;0;0;0;0;0;0;0;0;0;0
FR;8;2021-04-14;0;0;0;0;0;0;0;0;0;0;0;0;0;0;0;0;0;0
FR;8;2021-04-15;0;0;0;0;0;0;0;0;0;0;0;0;0;0;0;0;0;0
FR;8;2021-04-16;0;0;0;0;0;0;0;0;0;0;0;0;0;0;0;0;0;0
FR;8;2021-04-17;0;0;0;0;0;0;0;0;0;0;0;0;0;0;0;0;0;0
FR;8;2021-04-18;0;0;0;0;0;0;0;0;0;0;0;0;0;0;0;0;0;0
FR;8;2021-04-19;0;0;0;0;0;0;0;0;0;0;0;0;0;0;0;0;0;0
FR;8;2021-04-20;0;0;0;0;0;0;0;0;0;0;0;0;0;0;0;0;0;0
FR;8;2021-04-21;0;0;0;0;0;0;0;0;0;0;0;0;0;0;0;0;0;0
FR;8;2021-04-22;0;0;0;0;0;0;0;0;0;0;0;0;0;0;0;0;0;0
FR;8;2021-04-23;0;0;0;0;0;0;0;0;0;0;0;0;0;0;0;0;0;0
FR;8;2021-04-24;0;0;0;0;0;0;0;0;0;0;0;0;0;0;0;0;0;0
FR;8;2021-04-25;0;0;0;0;0;0;0;0;0;0;0;0;0;0;0;0;0;0
FR;8;2021-04-26;0;0;0;0;0;0;0;0;0;0;0;0;0;0;0;0;0;0
FR;8;2021-04-27;0;0;0;0;0;0;0;0;0;0;0;0;0;0;0;0;0;0
FR;8;2021-04-28;0;0;0;0;0;0;0;0;0;0;0;0;0;0;0;0;0;0
FR;8;2021-04-29;0;0;0;0;0;0;0;0;0;0;0;0;0;0;0;0;0;0
FR;8;2021-04-30;0;0;0;0;0;0;0;0;0;0;0;0;0;0;0;0;0;0
FR;8;2021-05-01;0;0;0;0;0;0;0;0;0;0;0;0;0;0;0;0;0;0
FR;8;2021-05-02;0;0;0;0;0;0;0;0;0;0;0;0;0;0;0;0;0;0
FR;8;2021-05-03;0;0;0;0;0;0;0;0;0;0;0;0;0;0;0;0;0;0
FR;8;2021-05-04;0;0;0;0;0;0;0;0;0;0;0;0;0;0;0;0;0;0
FR;8;2021-05-05;0;0;0;0;0;0;0;0;0;0;0;0;0;0;0;0;0;0
FR;8;2021-05-06;0;0;0;0;0;0;0;0;0;0;0;0;0;0;0;0;0;0
FR;8;2021-05-07;0;0;0;0;0;0;0;0;0;0;0;0;0;0;0;0;0;0
FR;8;2021-05-08;0;0;0;0;0;0;0;0;0;0;0;0;0;0;0;0;0;0
FR;8;2021-05-09;0;0;0;0;0;0;0;0;0;0;0;0;0;0;0;0;0;0
FR;8;2021-05-10;0;0;0;0;0;0;0;0;0;0;0;0;0;0;0;0;0;0
FR;8;2021-05-11;0;0;0;0;0;0;0;0;0;0;0;0;0;0;0;0;0;0
FR;8;2021-05-12;0;0;0;0;0;0;0;0;0;0;0;0;0;0;0;0;0;0
FR;8;2021-05-13;0;0;0;0;0;0;0;0;0;0;0;0;0;0;0;0;0;0
FR;8;2021-05-14;0;0;0;0;0;0;0;0;0;0;0;0;0;0;0;0;0;0
FR;8;2021-05-15;0;0;0;0;0;0;0;0;0;0;0;0;0;0;0;0;0;0
FR;8;2021-05-16;0;0;0;0;0;0;0;0;0;0;0;0;0;0;0;0;0;0
FR;8;2021-05-17;0;0;0;0;0;0;0;0;0;0;0;0;0;0;0;0;0;0
FR;8;2021-05-18;0;0;0;0;0;0;0;0;0;0;0;0;0;0;0;0;0;0
FR;8;2021-05-19;0;0;0;0;0;0;0;0;0;0;0;0;0;0;0;0;0;0
FR;8;2021-05-20;0;0;0;0;0;0;0;0;0;0;0;0;0;0;0;0;0;0
FR;8;2021-05-21;0;0;0;0;0;0;0;0;0;0;0;0;0;0;0;0;0;0
FR;8;2021-05-22;0;0;0;0;0;0;0;0;0;0;0;0;0;0;0;0;0;0
FR;8;2021-05-23;0;0;0;0;0;0;0;0;0;0;0;0;0;0;0;0;0;0
FR;8;2021-05-24;0;0;0;0;0;0;0;0;0;0;0;0;0;0;0;0;0;0
FR;8;2021-05-25;0;0;0;0;0;0;0;0;0;0;0;0;0;0;0;0;0;0
FR;8;2021-05-26;0;0;0;0;0;0;0;0;0;0;0;0;0;0;0;0;0;0
FR;8;2021-05-27;0;0;0;0;0;0;0;0;0;0;0;0;0;0;0;0;0;0
FR;8;2021-05-28;0;0;0;0;0;0;0;0;0;0;0;0;0;0;0;0;0;0
FR;8;2021-05-29;0;0;0;0;0;0;0;0;0;0;0;0;0;0;0;0;0;0
FR;8;2021-05-30;0;0;0;0;0;0;0;0;0;0;0;0;0;0;0;0;0;0
FR;8;2021-05-31;0;0;0;0;0;0;0;0;0;0;0;0;0;0;0;0;0;0
FR;8;2021-06-01;0;0;0;0;0;0;0;0;0;0;0;0;0;0;0;0;0;0
FR;8;2021-06-02;0;0;0;0;0;0;0;0;0;0;0;0;0;0;0;0;0;0
FR;8;2021-06-03;0;0;0;0;0;0;0;0;0;0;0;0;0;0;0;0;0;0
FR;8;2021-06-04;0;0;0;0;0;0;0;0;0;0;0;0;0;0;0;0;0;0
FR;8;2021-06-05;0;0;0;0;0;0;0;0;0;0;0;0;0;0;0;0;0;0
FR;8;2021-06-06;0;0;0;0;0;0;0;0;0;0;0;0;0;0;0;0;0;0
FR;8;2021-06-07;0;0;0;0;0;0;0;0;0;0;0;0;0;0;0;0;0;0
FR;8;2021-06-08;0;0;0;0;0;0;0;0;0;0;0;0;0;0;0;0;0;0
FR;8;2021-06-09;0;0;0;0;0;0;0;0;0;0;0;0;0;0;0;0;0;0
FR;8;2021-06-10;0;0;0;0;0;0;0;0;0;0;0;0;0;0;0;0;0;0
FR;8;2021-06-11;0;0;0;0;0;0;0;0;0;0;0;0;0;0;0;0;0;0
FR;8;2021-06-12;0;0;0;0;0;0;0;0;0;0;0;0;0;0;0;0;0;0
FR;8;2021-06-13;0;0;0;0;0;0;0;0;0;0;0;0;0;0;0;0;0;0
FR;8;2021-06-14;0;0;0;0;0;0;0;0;0;0;0;0;0;0;0;0;0;0
FR;8;2021-06-15;0;0;0;0;0;0;0;0;0;0;0;0;0;0;0;0;0;0
FR;8;2021-06-16;0;0;0;0;0;0;0;0;0;0;0;0;0;0;0;0;0;0
FR;8;2021-06-17;0;0;0;0;0;0;0;0;0;0;0;0;0;0;0;0;0;0
FR;8;2021-06-18;0;0;0;0;0;0;0;0;0;0;0;0;0;0;0;0;0;0
FR;8;2021-06-19;0;0;0;0;0;0;0;0;0;0;0;0;0;0;0;0;0;0
FR;8;2021-06-20;0;0;0;0;0;0;0;0;0;0;0;0;0;0;0;0;0;0
FR;8;2021-06-21;0;0;0;0;0;0;0;0;0;0;0;0;0;0;0;0;0;0
FR;8;2021-06-22;0;0;0;0;0;0;0;0;0;0;0;0;0;0;0;0;0;0
FR;8;2021-06-23;0;0;0;0;0;0;0;0;0;0;0;0;0;0;0;0;0;0
FR;8;2021-06-24;0;0;0;0;0;0;0;0;0;0;0;0;0;0;0;0;0;0
FR;8;2021-06-25;0;0;0;0;0;0;0;0;0;0;0;0;0;0;0;0;0;0
FR;8;2021-06-26;0;0;0;0;0;0;0;0;0;0;0;0;0;0;0;0;0;0
FR;8;2021-06-27;0;0;0;0;0;0;0;0;0;0;0;0;0;0;0;0;0;0
FR;8;2021-06-28;0;0;0;0;0;0;0;0;0;0;0;0;0;0;0;0;0;0
FR;8;2021-06-29;0;0;0;0;0;0;0;0;0;0;0;0;0;0;0;0;0;0
FR;8;2021-06-30;0;0;0;0;0;0;0;0;0;0;0;0;0;0;0;0;0;0
FR;8;2021-07-01;0;0;0;0;0;0;0;0;0;0;0;0;0;0;0;0;0;0
FR;8;2021-07-02;0;0;0;0;0;0;0;0;0;0;0;0;0;0;0;0;0;0
FR;8;2021-07-03;0;0;0;0;0;0;0;0;0;0;0;0;0;0;0;0;0;0
FR;8;2021-07-04;0;0;0;0;0;0;0;0;0;0;0;0;0;0;0;0;0;0
FR;8;2021-07-05;0;0;0;0;0;0;0;0;0;0;0;0;0;0;0;0;0;0
FR;8;2021-07-06;0;0;0;0;0;0;0;0;0;0;0;0;0;0;0;0;0;0
FR;8;2021-07-07;0;0;0;0;0;0;0;0;0;0;0;0;0;0;0;0;0;0
FR;8;2021-07-08;0;0;0;0;0;0;0;0;0;0;0;0;0;0;0;0;0;0
FR;8;2021-07-09;0;0;0;0;0;0;0;0;0;0;0;0;0;0;0;0;0;0
FR;8;2021-07-10;0;0;0;0;0;0;0;0;0;0;0;0;0;0;0;0;0;0
FR;8;2021-07-11;0;0;0;0;0;0;0;0;0;0;0;0;0;0;0;0;0;0
FR;8;2021-07-12;0;0;0;0;0;0;0;0;0;0;0;0;0;0;0;0;0;0
FR;8;2021-07-13;0;0;0;0;0;0;0;0;0;0;0;0;0;0;0;0;0;0
FR;8;2021-07-14;0;0;0;0;0;0;0;0;0;0;0;0;0;0;0;0;0;0
FR;8;2021-07-15;0;0;0;0;0;0;0;0;0;0;0;0;0;0;0;0;0;0
FR;8;2021-07-16;0;0;0;0;0;0;0;0;0;0;0;0;0;0;0;0;0;0
FR;8;2021-07-17;0;0;0;0;0;0;0;0;0;0;0;0;0;0;0;0;0;0
FR;8;2021-07-18;0;0;0;0;0;0;0;0;0;0;0;0;0;0;0;0;0;0
FR;8;2021-07-19;0;0;0;0;0;0;0;0;0;0;0;0;0;0;0;0;0;0
FR;8;2021-07-20;0;0;0;0;0;0;0;0;0;0;0;0;0;0;0;0;0;0
FR;8;2021-07-21;0;0;0;0;0;0;0;0;0;0;0;0;0;0;0;0;0;0
FR;8;2021-07-22;0;0;0;0;0;0;0;0;0;0;0;0;0;0;0;0;0;0
FR;8;2021-07-23;0;0;0;0;0;0;0;0;0;0;0;0;0;0;0;0;0;0
FR;8;2021-07-24;0;0;0;0;0;0;0;0;0;0;0;0;0;0;0;0;0;0
FR;8;2021-07-25;0;0;0;0;0;0;0;0;0;0;0;0;0;0;0;0;0;0
FR;8;2021-07-26;0;0;0;0;0;0;0;0;0;0;0;0;0;0;0;0;0;0
FR;8;2021-07-27;0;0;0;0;0;0;0;0;0;0;0;0;0;0;0;0;0;0
FR;8;2021-07-28;0;0;0;0;0;0;0;0;0;0;0;0;0;0;0;0;0;0
FR;8;2021-07-29;0;0;0;0;0;0;0;0;0;0;0;0;0;0;0;0;0;0
FR;8;2021-07-30;0;0;0;0;0;0;0;0;0;0;0;0;0;0;0;0;0;0
FR;8;2021-07-31;0;0;0;0;0;0;0;0;0;0;0;0;0;0;0;0;0;0
FR;8;2021-08-01;0;0;0;0;0;0;0;0;0;0;0;0;0;0;0;0;0;0
FR;8;2021-08-02;0;0;0;0;0;0;0;0;0;0;0;0;0;0;0;0;0;0
FR;8;2021-08-03;0;0;0;0;0;0;0;0;0;0;0;0;0;0;0;0;0;0
FR;8;2021-08-04;0;0;0;0;0;0;0;0;0;0;0;0;0;0;0;0;0;0
FR;8;2021-08-05;0;0;0;0;0;0;0;0;0;0;0;0;0;0;0;0;0;0
FR;8;2021-08-06;0;0;0;0;0;0;0;0;0;0;0;0;0;0;0;0;0;0
FR;8;2021-08-07;0;0;0;0;0;0;0;0;0;0;0;0;0;0;0;0;0;0
FR;8;2021-08-08;0;0;0;0;0;0;0;0;0;0;0;0;0;0;0;0;0;0
FR;8;2021-08-09;0;0;0;0;0;0;0;0;0;0;0;0;0;0;0;0;0;0
FR;8;2021-08-10;0;0;0;0;0;0;0;0;0;0;0;0;0;0;0;0;0;0
FR;8;2021-08-11;0;0;0;0;0;0;0;0;0;0;0;0;0;0;0;0;0;0
FR;8;2021-08-12;0;0;0;0;0;0;0;0;0;0;0;0;0;0;0;0;0;0
FR;8;2021-08-13;0;0;0;0;0;0;0;0;0;0;0;0;0;0;0;0;0;0
FR;8;2021-08-14;0;0;0;0;0;0;0;0;0;0;0;0;0;0;0;0;0;0
FR;8;2021-08-15;0;0;0;0;0;0;0;0;0;0;0;0;0;0;0;0;0;0
FR;8;2021-08-16;0;0;0;0;0;0;0;0;0;0;0;0;0;0;0;0;0;0
FR;8;2021-08-17;0;0;0;0;0;0;0;0;0;0;0;0;0;0;0;0;0;0
FR;8;2021-08-18;0;0;0;0;0;0;0;0;0;0;0;0;0;0;0;0;0;0
FR;8;2021-08-19;0;0;0;0;0;0;0;0;0;0;0;0;0;0;0;0;0;0
FR;8;2021-08-20;0;0;0;0;0;0;0;0;0;0;0;0;0;0;0;0;0;0
FR;8;2021-08-21;0;0;0;0;0;0;0;0;0;0;0;0;0;0;0;0;0;0
FR;8;2021-08-22;0;0;0;0;0;0;0;0;0;0;0;0;0;0;0;0;0;0
FR;8;2021-08-23;0;0;0;0;0;0;0;0;0;0;0;0;0;0;0;0;0;0
FR;8;2021-08-24;0;0;0;0;0;0;0;0;0;0;0;0;0;0;0;0;0;0
FR;8;2021-08-25;0;0;0;0;0;0;0;0;0;0;0;0;0;0;0;0;0;0
FR;8;2021-08-26;0;0;0;0;0;0;0;0;0;0;0;0;0;0;0;0;0;0
FR;8;2021-08-27;0;0;0;0;0;0;0;0;0;0;0;0;0;0;0;0;0;0
FR;8;2021-08-28;0;0;0;0;0;0;0;0;0;0;0;0;0;0;0;0;0;0
FR;8;2021-08-29;0;0;0;0;0;0;0;0;0;0;0;0;0;0;0;0;0;0
FR;8;2021-08-30;0;0;0;0;0;0;0;0;0;0;0;0;0;0;0;0;0;0
FR;8;2021-08-31;0;0;0;0;0;0;0;0;0;0;0;0;0;0;0;0;0;0
FR;8;2021-09-01;0;0;0;0;0;0;0;0;0;0;0;0;0;0;0;0;0;0
FR;8;2021-09-02;0;0;0;0;0;0;0;0;0;0;0;0;0;0;0;0;0;0
FR;8;2021-09-03;0;0;0;0;0;0;0;0;0;0;0;0;0;0;0;0;0;0
FR;8;2021-09-04;0;0;0;0;0;0;0;0;0;0;0;0;0;0;0;0;0;0
FR;8;2021-09-05;0;0;0;0;0;0;0;0;0;0;0;0;0;0;0;0;0;0
FR;8;2021-09-06;0;0;0;0;0;0;0;0;0;0;0;0;0;0;0;0;0;0
FR;8;2021-09-07;0;0;0;0;0;0;0;0;0;0;0;0;0;0;0;0;0;0
FR;8;2021-09-08;0;0;0;0;0;0;0;0;0;0;0;0;0;0;0;0;0;0
FR;8;2021-09-09;0;0;0;0;0;0;0;0;0;0;0;0;0;0;0;0;0;0
FR;8;2021-09-10;0;0;0;0;0;0;0;0;0;0;0;0;0;0;0;0;0;0
FR;8;2021-09-11;0;0;0;0;0;0;0;0;0;0;0;0;0;0;0;0;0;0
FR;8;2021-09-12;0;0;0;0;0;0;0;0;0;0;0;0;0;0;0;0;0;0
FR;8;2021-09-13;0;0;0;0;0;0;0;0;0;0;0;0;0;0;0;0;0;0
FR;8;2021-09-14;0;0;0;0;0;0;0;0;0;0;0;0;0;0;0;0;0;0
FR;8;2021-09-15;0;0;0;0;0;0;0;0;0;0;0;0;0;0;0;0;0;0
FR;8;2021-09-16;0;0;0;0;0;0;0;0;0;0;0;0;0;0;0;0;0;0
FR;8;2021-09-17;0;0;0;0;0;0;0;0;0;0;0;0;0;0;0;0;0;0
FR;8;2021-09-18;0;0;0;0;0;0;0;0;0;0;0;0;0;0;0;0;0;0
FR;8;2021-09-19;0;0;0;0;0;0;0;0;0;0;0;0;0;0;0;0;0;0
FR;8;2021-09-20;0;0;0;0;0;0;0;0;0;0;0;0;0;0;0;0;0;0
FR;8;2021-09-21;0;0;0;0;0;0;0;0;0;0;0;0;0;0;0;0;0;0
FR;8;2021-09-22;0;0;0;0;0;0;0;0;0;0;0;0;0;0;0;0;0;0
FR;8;2021-09-23;0;0;0;0;0;0;0;0;0;0;0;0;0;0;0;0;0;0
FR;8;2021-09-24;0;0;0;0;0;0;0;0;0;0;0;0;0;0;0;0;0;0
FR;8;2021-09-25;0;0;0;0;0;0;0;0;0;0;0;0;0;0;0;0;0;0
FR;8;2021-09-26;0;0;0;0;0;0;0;0;0;0;0;0;0;0;0;0;0;0
FR;8;2021-09-27;0;0;0;0;0;0;0;0;0;0;0;0;0;0;0;0;0;0
FR;8;2021-09-28;0;0;0;0;0;0;0;0;0;0;0;0;0;0;0;0;0;0
FR;8;2021-09-29;0;0;0;0;0;0;0;0;0;0;0;0;0;0;0;0;0;0
FR;8;2021-09-30;0;0;0;0;0;0;0;0;0;0;0;0;0;0;0;0;0;0
FR;8;2021-10-01;0;0;0;0;0;0;0;0;0;0;0;0;0;0;0;0;0;0
FR;8;2021-10-02;0;0;0;0;0;0;0;0;0;0;0;0;0;0;0;0;0;0
FR;8;2021-10-03;0;0;0;0;0;0;0;0;0;0;0;0;0;0;0;0;0;0
FR;8;2021-10-04;0;0;0;0;0;0;0;0;0;0;0;0;0;0;0;0;0;0
FR;8;2021-10-05;0;0;0;0;0;0;0;0;0;0;0;0;0;0;0;0;0;0
FR;8;2021-10-06;0;0;0;0;0;0;0;0;0;0;0;0;0;0;0;0;0;0
FR;8;2021-10-07;0;0;0;0;0;0;0;0;0;0;0;0;0;0;0;0;0;0
FR;8;2021-10-08;0;0;0;0;0;0;0;0;0;0;0;0;0;0;0;0;0;0
FR;8;2021-10-09;0;0;0;0;0;0;0;0;0;0;0;0;0;0;0;0;0;0
FR;8;2021-10-10;0;0;0;0;0;0;0;0;0;0;0;0;0;0;0;0;0;0
FR;8;2021-10-11;0;0;0;0;0;0;0;0;0;0;0;0;0;0;0;0;0;0
FR;8;2021-10-12;0;0;0;0;0;0;0;0;0;0;0;0;0;0;0;0;0;0
FR;8;2021-10-13;0;0;0;0;0;0;0;0;0;0;0;0;0;0;0;0;0;0
FR;8;2021-10-14;0;0;0;0;0;0;0;0;0;0;0;0;0;0;0;0;0;0
FR;8;2021-10-15;0;0;0;0;0;0;0;0;0;0;0;0;0;0;0;0;0;0
FR;8;2021-10-16;0;0;0;0;0;0;0;0;0;0;0;0;0;0;0;0;0;0
FR;8;2021-10-17;0;0;0;0;0;0;0;0;0;0;0;0;0;0;0;0;0;0
FR;8;2021-10-18;0;0;0;0;0;0;0;0;0;0;0;0;0;0;0;0;0;0
FR;8;2021-10-19;0;0;0;0;0;0;0;0;0;0;0;0;0;0;0;0;0;0
FR;8;2021-10-20;0;0;0;0;0;0;0;0;0;0;0;0;0;0;0;0;0;0
FR;8;2021-10-21;0;0;0;0;0;0;0;0;0;0;0;0;0;0;0;0;0;0
FR;8;2021-10-22;0;0;0;0;0;0;0;0;0;0;0;0;0;0;0;0;0;0
FR;8;2021-10-23;0;0;0;0;0;0;0;0;0;0;0;0;0;0;0;0;0;0
FR;8;2021-10-24;0;0;0;0;0;0;0;0;0;0;0;0;0;0;0;0;0;0
FR;8;2021-10-25;0;0;0;0;0;0;0;0;0;0;0;0;0;0;0;0;0;0
FR;8;2021-10-26;0;0;0;0;0;0;0;0;0;0;0;0;0;0;0;0;0;0
FR;8;2021-10-27;0;0;0;0;0;0;0;0;0;0;0;0;0;0;0;0;0;0
FR;8;2021-10-28;0;0;0;0;0;0;0;0;0;0;0;0;0;0;0;0;0;0
FR;8;2021-10-29;0;0;0;0;0;0;0;0;0;0;0;0;0;0;0;0;0;0
FR;8;2021-10-30;0;0;0;0;0;0;0;0;0;0;0;0;0;0;0;0;0;0
FR;8;2021-10-31;0;0;0;0;0;0;0;0;0;0;0;0;0;0;0;0;0;0
FR;8;2021-11-01;0;0;0;0;0;0;0;0;0;0;0;0;0;0;0;0;0;0
FR;8;2021-11-02;0;0;0;0;0;0;0;0;0;0;0;0;0;0;0;0;0;0
FR;8;2021-11-03;0;0;0;0;0;0;0;0;0;0;0;0;0;0;0;0;0;0
FR;8;2021-11-04;0;0;0;0;0;0;0;0;0;0;0;0;0;0;0;0;0;0
FR;8;2021-11-05;0;0;0;0;0;0;0;0;0;0;0;0;0;0;0;0;0;0
FR;8;2021-11-06;0;0;0;0;0;0;0;0;0;0;0;0;0;0;0;0;0;0
FR;8;2021-11-07;0;0;0;0;0;0;0;0;0;0;0;0;0;0;0;0;0;0
FR;8;2021-11-08;0;0;0;0;0;0;0;0;0;0;0;0;0;0;0;0;0;0
FR;8;2021-11-09;0;0;0;0;0;0;0;0;0;0;0;0;0;0;0;0;0;0
FR;8;2021-11-10;0;0;0;0;0;0;0;0;0;0;0;0;0;0;0;0;0;0
FR;8;2021-11-11;0;0;0;0;0;0;0;0;0;0;0;0;0;0;0;0;0;0
FR;8;2021-11-12;0;0;0;0;0;0;0;0;0;0;0;0;0;0;0;0;0;0
FR;8;2021-11-13;0;0;0;0;0;0;0;0;0;0;0;0;0;0;0;0;0;0
FR;8;2021-11-14;0;0;0;0;0;0;0;0;0;0;0;0;0;0;0;0;0;0
FR;8;2021-11-15;0;0;0;0;0;0;0;0;0;0;0;0;0;0;0;0;0;0
FR;8;2021-11-16;0;0;0;0;0;0;0;0;0;0;0;0;0;0;0;0;0;0
FR;8;2021-11-17;0;0;0;0;0;0;0;0;0;0;0;0;0;0;0;0;0;0
FR;8;2021-11-18;0;0;0;0;0;0;0;0;0;0;0;0;0;0;0;0;0;0
FR;8;2021-11-19;0;0;0;0;0;0;0;0;0;0;0;0;0;0;0;0;0;0
FR;8;2021-11-20;0;0;0;0;0;0;0;0;0;0;0;0;0;0;0;0;0;0
FR;8;2021-11-21;0;0;0;0;0;0;0;0;0;0;0;0;0;0;0;0;0;0
FR;8;2021-11-22;0;0;0;0;0;0;0;0;0;0;0;0;0;0;0;0;0;0
FR;8;2021-11-23;0;0;0;0;0;0;0;0;0;0;0;0;0;0;0;0;0;0
FR;8;2021-11-24;0;0;0;0;0;0;0;0;0;0;0;0;0;0;0;0;0;0
FR;8;2021-11-25;0;0;0;0;0;0;0;0;0;0;0;0;0;0;0;0;0;0
FR;8;2021-11-26;0;0;0;0;0;0;0;0;0;0;0;0;0;0;0;0;0;0
FR;8;2021-11-27;0;0;0;0;0;0;0;0;0;0;0;0;0;0;0;0;0;0
FR;8;2021-11-28;0;0;0;0;0;0;0;0;0;0;0;0;0;0;0;0;0;0
FR;8;2021-11-29;0;0;0;0;0;0;0;0;0;0;0;0;0;0;0;0;0;0
FR;8;2021-11-30;0;0;0;0;0;0;0;0;0;0;0;0;0;0;0;0;0;0
FR;8;2021-12-01;0;0;0;0;0;0;0;0;0;0;0;0;0;0;0;0;0;0
FR;8;2021-12-02;0;0;0;0;0;0;0;0;0;0;0;0;0;0;0;0;0;0
FR;8;2021-12-03;0;0;0;0;0;0;0;0;0;0;0;0;0;0;0;0;0;0
FR;8;2021-12-04;0;0;0;0;0;0;0;0;0;0;0;0;0;0;0;0;0;0
FR;8;2021-12-05;0;0;0;0;0;0;0;0;0;0;0;0;0;0;0;0;0;0
FR;8;2021-12-06;0;0;0;0;0;0;0;0;0;0;0;0;0;0;0;0;0;0
FR;8;2021-12-07;0;0;0;0;0;0;0;0;0;0;0;0;0;0;0;0;0;0
FR;8;2021-12-08;0;0;0;0;0;0;0;0;0;0;0;0;0;0;0;0;0;0
FR;8;2021-12-09;0;0;0;0;0;0;0;0;0;0;0;0;0;0;0;0;0;0
FR;8;2021-12-10;0;0;0;0;0;0;0;0;0;0;0;0;0;0;0;0;0;0
FR;8;2021-12-11;0;0;0;0;0;0;0;0;0;0;0;0;0;0;0;0;0;0
FR;8;2021-12-12;0;0;0;0;0;0;0;0;0;0;0;0;0;0;0;0;0;0
FR;8;2021-12-13;0;0;0;0;0;0;0;0;0;0;0;0;0;0;0;0;0;0
FR;8;2021-12-14;0;0;0;0;0;0;0;0;0;0;0;0;0;0;0;0;0;0
FR;8;2021-12-15;0;0;0;0;0;0;0;0;0;0;0;0;0;0;0;0;0;0
FR;8;2021-12-16;0;0;0;0;0;0;0;0;0;0;0;0;0;0;0;0;0;0
FR;8;2021-12-17;0;0;0;0;0;0;0;0;0;0;0;0;0;0;0;0;0;0
FR;8;2021-12-18;0;0;0;0;0;0;0;0;0;0;0;0;0;0;0;0;0;0
FR;8;2021-12-19;0;0;0;0;0;0;0;0;0;0;0;0;0;0;0;0;0;0
FR;8;2021-12-20;0;0;0;0;0;0;0;0;0;0;0;0;0;0;0;0;0;0
FR;8;2021-12-21;0;0;0;0;0;0;0;0;0;0;0;0;0;0;0;0;0;0
FR;8;2021-12-22;0;0;0;0;0;0;0;0;0;0;0;0;0;0;0;0;0;0
FR;8;2021-12-23;0;0;0;0;0;0;0;0;0;0;0;0;0;0;0;0;0;0
FR;8;2021-12-24;0;0;0;0;0;0;0;0;0;0;0;0;0;0;0;0;0;0
FR;8;2021-12-25;0;0;0;0;0;0;0;0;0;0;0;0;0;0;0;0;0;0
FR;8;2021-12-26;0;0;0;0;0;0;0;0;0;0;0;0;0;0;0;0;0;0
FR;8;2021-12-27;0;0;0;0;0;0;0;0;0;0;0;0;0;0;0;0;0;0
FR;8;2021-12-28;0;0;0;0;0;0;0;0;0;0;0;0;0;0;0;0;0;0
FR;8;2021-12-29;0;0;0;0;0;0;0;0;0;0;0;0;0;0;0;0;0;0
FR;8;2021-12-30;0;0;0;0;0;0;0;0;0;0;0;0;0;0;0;0;0;0
FR;8;2021-12-31;0;0;0;0;0;0;0;0;0;0;0;0;0;0;0;0;0;0
FR;8;2022-01-01;0;0;0;0;0;0;0;0;0;0;0;0;0;0;0;0;0;0
FR;8;2022-01-02;0;0;0;0;0;0;0;0;0;0;0;0;0;0;0;0;0;0
FR;8;2022-01-03;0;0;0;0;0;0;0;0;0;0;0;0;0;0;0;0;0;0
FR;8;2022-01-04;0;0;0;0;0;0;0;0;0;0;0;0;0;0;0;0;0;0
FR;8;2022-01-05;0;0;0;0;0;0;0;0;0;0;0;0;0;0;0;0;0;0
FR;8;2022-01-06;0;0;0;0;0;0;0;0;0;0;0;0;0;0;0;0;0;0
FR;8;2022-01-07;0;0;0;0;0;0;0;0;0;0;0;0;0;0;0;0;0;0
FR;8;2022-01-08;0;0;0;0;0;0;0;0;0;0;0;0;0;0;0;0;0;0
FR;8;2022-01-09;0;0;0;0;0;0;0;0;0;0;0;0;0;0;0;0;0;0
FR;8;2022-01-10;0;0;0;0;0;0;0;0;0;0;0;0;0;0;0;0;0;0
FR;8;2022-01-11;0;0;0;0;0;0;0;0;0;0;0;0;0;0;0;0;0;0
FR;8;2022-01-12;0;0;0;0;0;0;0;0;0;0;0;0;0;0;0;0;0;0
FR;8;2022-01-13;0;0;0;0;0;0;0;0;0;0;0;0;0;0;0;0;0;0
FR;8;2022-01-14;0;0;0;0;0;0;0;0;0;0;0;0;0;0;0;0;0;0
FR;8;2022-01-15;0;0;0;0;0;0;0;0;0;0;0;0;0;0;0;0;0;0
FR;8;2022-01-16;0;0;0;0;0;0;0;0;0;0;0;0;0;0;0;0;0;0
FR;8;2022-01-17;0;0;0;0;0;0;0;0;0;0;0;0;0;0;0;0;0;0
FR;8;2022-01-18;0;0;0;0;0;0;0;0;0;0;0;0;0;0;0;0;0;0
FR;8;2022-01-19;0;0;0;0;0;0;0;0;0;0;0;0;0;0;0;0;0;0
FR;8;2022-01-20;0;0;0;0;0;0;0;0;0;0;0;0;0;0;0;0;0;0
FR;8;2022-01-21;0;0;0;0;0;0;0;0;0;0;0;0;0;0;0;0;0;0
FR;8;2022-01-22;0;0;0;0;0;0;0;0;0;0;0;0;0;0;0;0;0;0
FR;8;2022-01-23;0;0;0;0;0;0;0;0;0;0;0;0;0;0;0;0;0;0
FR;8;2022-01-24;0;0;0;0;0;0;0;0;0;0;0;0;0;0;0;0;0;0
FR;8;2022-01-25;0;0;0;0;0;0;0;0;0;0;0;0;0;0;0;0;0;0
FR;8;2022-01-26;0;0;0;0;0;0;0;0;0;0;0;0;0;0;0;0;0;0
FR;8;2022-01-27;0;0;0;0;0;0;0;0;0;0;0;0;0;0;0;0;0;0
FR;8;2022-01-28;0;0;0;0;0;0;0;0;0;0;0;0;0;0;0;0;0;0
FR;8;2022-01-29;0;0;0;0;0;0;0;0;0;0;0;0;0;0;0;0;0;0
FR;8;2022-01-30;0;0;0;0;0;0;0;0;0;0;0;0;0;0;0;0;0;0
FR;8;2022-01-31;0;0;0;0;0;0;0;0;0;0;0;0;0;0;0;0;0;0
FR;8;2022-02-01;0;0;0;0;0;0;0;0;0;0;0;0;0;0;0;0;0;0
FR;8;2022-02-02;0;0;0;0;0;0;0;0;0;0;0;0;0;0;0;0;0;0
FR;8;2022-02-03;0;0;0;0;0;0;0;0;0;0;0;0;0;0;0;0;0;0
FR;8;2022-02-04;0;0;0;0;0;0;0;0;0;0;0;0;0;0;0;0;0;0
FR;8;2022-02-05;0;0;0;0;0;0;0;0;0;0;0;0;0;0;0;0;0;0
FR;8;2022-02-06;0;0;0;0;0;0;0;0;0;0;0;0;0;0;0;0;0;0
FR;8;2022-02-07;0;0;0;0;0;0;0;0;0;0;0;0;0;0;0;0;0;0
FR;8;2022-02-08;0;0;0;0;0;0;0;0;0;0;0;0;0;0;0;0;0;0
FR;8;2022-02-09;0;0;0;0;0;0;0;0;0;0;0;0;0;0;0;0;0;0
FR;8;2022-02-10;0;0;0;0;0;0;0;0;0;0;0;0;0;0;0;0;0;0
FR;8;2022-02-11;0;0;0;0;0;0;0;0;0;0;0;0;0;0;0;0;0;0
FR;8;2022-02-12;0;0;0;0;0;0;0;0;0;0;0;0;0;0;0;0;0;0
FR;8;2022-02-13;0;0;0;0;0;0;0;0;0;0;0;0;0;0;0;0;0;0
FR;8;2022-02-14;0;0;0;0;0;0;0;0;0;0;0;0;0;0;0;0;0;0
FR;8;2022-02-15;0;0;0;0;0;0;0;0;0;0;0;0;0;0;0;0;0;0
FR;8;2022-02-16;0;0;0;0;0;0;0;0;0;0;0;0;0;0;0;0;0;0
FR;8;2022-02-17;0;0;0;0;0;0;0;0;0;0;0;0;0;0;0;0;0;0
FR;8;2022-02-18;0;0;0;0;0;0;0;0;0;0;0;0;0;0;0;0;0;0
FR;8;2022-02-19;0;0;0;0;0;0;0;0;0;0;0;0;0;0;0;0;0;0
FR;8;2022-02-20;0;0;0;0;0;0;0;0;0;0;0;0;0;0;0;0;0;0
FR;8;2022-02-21;0;0;0;0;0;0;0;0;0;0;0;0;0;0;0;0;0;0
FR;8;2022-02-22;0;0;0;0;0;0;0;0;0;0;0;0;0;0;0;0;0;0
FR;8;2022-02-23;0;0;0;0;0;0;0;0;0;0;0;0;0;0;0;0;0;0
FR;8;2022-02-24;0;0;0;0;0;0;0;0;0;0;0;0;0;0;0;0;0;0
FR;8;2022-02-25;0;0;0;0;0;0;0;0;0;0;0;0;0;0;0;0;0;0
FR;8;2022-02-26;0;0;0;0;0;0;0;0;0;0;0;0;0;0;0;0;0;0
FR;8;2022-02-27;0;0;0;0;0;0;0;0;0;0;0;0;0;0;0;0;0;0
FR;8;2022-02-28;0;0;0;0;0;0;0;0;0;0;0;0;0;0;0;0;0;0
FR;8;2022-03-01;0;0;0;0;0;0;0;0;0;0;0;0;0;0;0;0;0;0
FR;8;2022-03-02;0;0;0;0;0;0;0;0;0;0;0;0;0;0;0;0;0;0
FR;8;2022-03-03;0;0;0;0;0;0;0;0;0;0;0;0;0;0;0;0;0;0
FR;8;2022-03-04;0;0;0;0;0;0;0;0;0;0;0;0;0;0;0;0;0;0
FR;8;2022-03-05;0;0;0;0;0;0;0;0;0;0;0;0;0;0;0;0;0;0
FR;8;2022-03-06;0;0;0;0;0;0;0;0;0;0;0;0;0;0;0;0;0;0
FR;8;2022-03-07;0;0;0;0;0;0;0;0;0;0;0;0;0;0;0;0;0;0
FR;8;2022-03-08;0;0;0;0;0;0;0;0;0;0;0;0;0;0;0;0;0;0
FR;8;2022-03-09;0;0;0;0;0;0;0;0;0;0;0;0;0;0;0;0;0;0
FR;8;2022-03-10;0;0;0;0;0;0;0;0;0;0;0;0;0;0;0;0;0;0
FR;8;2022-03-11;0;0;0;0;0;0;0;0;0;0;0;0;0;0;0;0;0;0
FR;8;2022-03-12;0;0;0;0;0;0;0;0;0;0;0;0;0;0;0;0;0;0
FR;8;2022-03-13;0;0;0;0;0;0;0;0;0;0;0;0;0;0;0;0;0;0
FR;8;2022-03-14;0;0;0;0;0;0;0;0;0;0;0;0;0;0;0;0;0;0
FR;8;2022-03-15;0;0;0;0;0;0;0;0;0;0;0;0;0;0;0;0;0;0
FR;8;2022-03-16;0;0;0;0;0;0;0;0;0;0;0;0;0;0;0;0;0;0
FR;8;2022-03-17;0;0;0;0;0;0;0;0;0;0;0;0;0;0;0;0;0;0
FR;8;2022-03-18;0;0;0;0;0;0;0;0;0;0;0;0;0;0;0;0;0;0
FR;8;2022-03-19;0;0;0;0;0;0;0;0;0;0;0;0;0;0;0;0;0;0
FR;8;2022-03-20;0;0;0;0;0;0;0;0;0;0;0;0;0;0;0;0;0;0
FR;8;2022-03-21;0;0;0;0;0;0;0;0;0;0;0;0;0;0;0;0;0;0
FR;8;2022-03-22;0;0;0;0;0;0;0;0;0;0;0;0;0;0;0;0;0;0
FR;8;2022-03-23;0;0;0;0;0;0;0;0;0;0;0;0;0;0;0;0;0;0
FR;8;2022-03-24;0;0;0;0;0;0;0;0;0;0;0;0;0;0;0;0;0;0
FR;8;2022-03-25;0;0;0;0;0;0;0;0;0;0;0;0;0;0;0;0;0;0
FR;8;2022-03-26;0;0;0;0;0;0;0;0;0;0;0;0;0;0;0;0;0;0
FR;8;2022-03-27;0;0;0;0;0;0;0;0;0;0;0;0;0;0;0;0;0;0
FR;8;2022-03-28;0;0;0;0;0;0;0;0;0;0;0;0;0;0;0;0;0;0
FR;8;2022-03-29;0;0;0;0;0;0;0;0;0;0;0;0;0;0;0;0;0;0
FR;8;2022-03-30;0;0;0;0;0;0;0;0;0;0;0;0;0;0;0;0;0;0
FR;8;2022-03-31;0;0;0;0;0;0;0;0;0;0;0;0;0;0;0;0;0;0
FR;8;2022-04-01;0;0;0;0;0;0;0;0;0;0;0;0;0;0;0;0;0;0
FR;8;2022-04-02;0;0;0;0;0;0;0;0;0;0;0;0;0;0;0;0;0;0
FR;8;2022-04-03;0;0;0;0;0;0;0;0;0;0;0;0;0;0;0;0;0;0
FR;8;2022-04-04;0;0;0;0;0;0;0;0;0;0;0;0;0;0;0;0;0;0
FR;8;2022-04-05;0;0;0;0;0;0;0;0;0;0;0;0;0;0;0;0;0;0
FR;8;2022-04-06;0;0;0;0;0;0;0;0;0;0;0;0;0;0;0;0;0;0
FR;8;2022-04-07;0;0;0;0;0;0;0;0;0;0;0;0;0;0;0;0;0;0
FR;8;2022-04-08;0;0;0;0;0;0;0;0;0;0;0;0;0;0;0;0;0;0
FR;8;2022-04-09;0;0;0;0;0;0;0;0;0;0;0;0;0;0;0;0;0;0
FR;8;2022-04-10;0;0;0;0;0;0;0;0;0;0;0;0;0;0;0;0;0;0
FR;8;2022-04-11;0;0;0;0;0;0;0;0;0;0;0;0;0;0;0;0;0;0
FR;8;2022-04-12;0;0;0;0;0;0;0;0;0;0;0;0;0;0;0;0;0;0
FR;8;2022-04-13;0;0;0;0;0;0;0;0;0;0;0;0;0;0;0;0;0;0
FR;8;2022-04-14;0;0;0;0;0;0;0;0;0;0;0;0;0;0;0;0;0;0
FR;8;2022-04-15;0;0;0;0;0;0;0;0;0;0;0;0;0;0;0;0;0;0
FR;8;2022-04-16;0;0;0;0;0;0;0;0;0;0;0;0;0;0;0;0;0;0
FR;8;2022-04-17;0;0;0;0;0;0;0;0;0;0;0;0;0;0;0;0;0;0
FR;8;2022-04-18;0;0;0;0;0;0;0;0;0;0;0;0;0;0;0;0;0;0
FR;8;2022-04-19;0;0;0;0;0;0;0;0;0;0;0;0;0;0;0;0;0;0
FR;8;2022-04-20;0;0;0;0;0;0;0;0;0;0;0;0;0;0;0;0;0;0
FR;8;2022-04-21;0;0;0;0;0;0;0;0;0;0;0;0;0;0;0;0;0;0
FR;8;2022-04-22;0;0;0;0;0;0;0;0;0;0;0;0;0;0;0;0;0;0
FR;8;2022-04-23;0;0;0;0;0;0;0;0;0;0;0;0;0;0;0;0;0;0
FR;8;2022-04-24;0;0;0;0;0;0;0;0;0;0;0;0;0;0;0;0;0;0
FR;8;2022-04-25;0;0;0;0;0;0;0;0;0;0;0;0;0;0;0;0;0;0
FR;8;2022-04-26;0;0;0;0;0;0;0;0;0;0;0;0;0;0;0;0;0;0
FR;8;2022-04-27;0;0;0;0;0;0;0;0;0;0;0;0;0;0;0;0;0;0
FR;8;2022-04-28;0;0;0;0;0;0;0;0;0;0;0;0;0;0;0;0;0;0
FR;8;2022-04-29;0;0;0;0;0;0;0;0;0;0;0;0;0;0;0;0;0;0
FR;8;2022-04-30;0;0;0;0;0;0;0;0;0;0;0;0;0;0;0;0;0;0
FR;8;2022-05-01;0;0;0;0;0;0;0;0;0;0;0;0;0;0;0;0;0;0
FR;8;2022-05-02;0;0;0;0;0;0;0;0;0;0;0;0;0;0;0;0;0;0
FR;8;2022-05-03;0;0;0;0;0;0;0;0;0;0;0;0;0;0;0;0;0;0
FR;8;2022-05-04;0;0;0;0;0;0;0;0;0;0;0;0;0;0;0;0;0;0
FR;8;2022-05-05;0;0;0;0;0;0;0;0;0;0;0;0;0;0;0;0;0;0
FR;8;2022-05-06;0;0;0;0;0;0;0;0;0;0;0;0;0;0;0;0;0;0
FR;8;2022-05-07;0;0;0;0;0;0;0;0;0;0;0;0;0;0;0;0;0;0
FR;8;2022-05-08;0;0;0;0;0;0;0;0;0;0;0;0;0;0;0;0;0;0
FR;8;2022-05-09;0;0;0;0;0;0;0;0;0;0;0;0;0;0;0;0;0;0
FR;8;2022-05-10;0;0;0;0;0;0;0;0;0;0;0;0;0;0;0;0;0;0
FR;8;2022-05-11;0;0;0;0;0;0;0;0;0;0;0;0;0;0;0;0;0;0
FR;8;2022-05-12;0;0;0;0;0;0;0;0;0;0;0;0;0;0;0;0;0;0
FR;8;2022-05-13;0;0;0;0;0;0;0;0;0;0;0;0;0;0;0;0;0;0
FR;8;2022-05-14;0;0;0;0;0;0;0;0;0;0;0;0;0;0;0;0;0;0
FR;8;2022-05-15;0;0;0;0;0;0;0;0;0;0;0;0;0;0;0;0;0;0
FR;8;2022-05-16;0;0;0;0;0;0;0;0;0;0;0;0;0;0;0;0;0;0
FR;8;2022-05-17;0;0;0;0;0;0;0;0;0;0;0;0;0;0;0;0;0;0
FR;8;2022-05-18;0;0;0;0;0;0;0;0;0;0;0;0;0;0;0;0;0;0
FR;8;2022-05-19;0;0;0;0;0;0;0;0;0;0;0;0;0;0;0;0;0;0
FR;8;2022-05-20;0;0;0;0;0;0;0;0;0;0;0;0;0;0;0;0;0;0
FR;8;2022-05-21;0;0;0;0;0;0;0;0;0;0;0;0;0;0;0;0;0;0
FR;8;2022-05-22;0;0;0;0;0;0;0;0;0;0;0;0;0;0;0;0;0;0
FR;8;2022-05-23;0;0;0;0;0;0;0;0;0;0;0;0;0;0;0;0;0;0
FR;8;2022-05-24;0;0;0;0;0;0;0;0;0;0;0;0;0;0;0;0;0;0
FR;8;2022-05-25;0;0;0;0;0;0;0;0;0;0;0;0;0;0;0;0;0;0
FR;8;2022-05-26;0;0;0;0;0;0;0;0;0;0;0;0;0;0;0;0;0;0
FR;8;2022-05-27;0;0;0;0;0;0;0;0;0;0;0;0;0;0;0;0;0;0
FR;8;2022-05-28;0;0;0;0;0;0;0;0;0;0;0;0;0;0;0;0;0;0
FR;8;2022-05-29;0;0;0;0;0;0;0;0;0;0;0;0;0;0;0;0;0;0
FR;8;2022-05-30;0;0;0;0;0;0;0;0;0;0;0;0;0;0;0;0;0;0
FR;8;2022-05-31;0;0;0;0;0;0;0;0;0;0;0;0;0;0;0;0;0;0
FR;8;2022-06-01;0;0;0;0;0;0;0;0;0;0;0;0;0;0;0;0;0;0
FR;8;2022-06-02;0;0;0;0;0;0;0;0;0;0;0;0;0;0;0;0;0;0
FR;8;2022-06-03;0;0;0;0;0;0;0;0;0;0;0;0;0;0;0;0;0;0
FR;8;2022-06-04;0;0;0;0;0;0;0;0;0;0;0;0;0;0;0;0;0;0
FR;8;2022-06-05;0;0;0;0;0;0;0;0;0;0;0;0;0;0;0;0;0;0
FR;8;2022-06-06;0;0;0;0;0;0;0;0;0;0;0;0;0;0;0;0;0;0
FR;8;2022-06-07;0;0;0;0;0;0;0;0;0;0;0;0;0;0;0;0;0;0
FR;8;2022-06-08;0;0;0;0;0;0;0;0;0;0;0;0;0;0;0;0;0;0
FR;8;2022-06-09;0;0;0;0;0;0;0;0;0;0;0;0;0;0;0;0;0;0
FR;8;2022-06-10;0;0;0;0;0;0;0;0;0;0;0;0;0;0;0;0;0;0
FR;8;2022-06-11;0;0;0;0;0;0;0;0;0;0;0;0;0;0;0;0;0;0
FR;8;2022-06-12;0;0;0;0;0;0;0;0;0;0;0;0;0;0;0;0;0;0
FR;8;2022-06-13;0;0;0;0;0;0;0;0;0;0;0;0;0;0;0;0;0;0
FR;8;2022-06-14;0;0;0;0;0;0;0;0;0;0;0;0;0;0;0;0;0;0
FR;8;2022-06-15;0;0;0;0;0;0;0;0;0;0;0;0;0;0;0;0;0;0
FR;8;2022-06-16;0;0;0;0;0;0;0;0;0;0;0;0;0;0;0;0;0;0
FR;8;2022-06-17;0;0;0;0;0;0;0;0;0;0;0;0;0;0;0;0;0;0
FR;8;2022-06-18;0;0;0;0;0;0;0;0;0;0;0;0;0;0;0;0;0;0
FR;8;2022-06-19;0;0;0;0;0;0;0;0;0;0;0;0;0;0;0;0;0;0
FR;8;2022-06-20;0;0;0;0;0;0;0;0;0;0;0;0;0;0;0;0;0;0
FR;8;2022-06-21;0;0;0;0;0;0;0;0;0;0;0;0;0;0;0;0;0;0
FR;8;2022-06-22;0;0;0;0;0;0;0;0;0;0;0;0;0;0;0;0;0;0
FR;8;2022-06-23;0;0;0;0;0;0;0;0;0;0;0;0;0;0;0;0;0;0
FR;8;2022-06-24;0;0;0;0;0;0;0;0;0;0;0;0;0;0;0;0;0;0
FR;8;2022-06-25;0;0;0;0;0;0;0;0;0;0;0;0;0;0;0;0;0;0
FR;8;2022-06-26;0;0;0;0;0;0;0;0;0;0;0;0;0;0;0;0;0;0
FR;8;2022-06-27;0;0;0;0;0;0;0;0;0;0;0;0;0;0;0;0;0;0
FR;8;2022-06-28;0;0;0;0;0;0;0;0;0;0;0;0;0;0;0;0;0;0
FR;8;2022-06-29;0;0;0;0;0;0;0;0;0;0;0;0;0;0;0;0;0;0
FR;8;2022-06-30;0;0;0;0;0;0;0;0;0;0;0;0;0;0;0;0;0;0
FR;8;2022-07-01;0;0;0;0;0;0;0;0;0;0;0;0;0;0;0;0;0;0
FR;8;2022-07-02;0;0;0;0;0;0;0;0;0;0;0;0;0;0;0;0;0;0
FR;8;2022-07-03;0;0;0;0;0;0;0;0;0;0;0;0;0;0;0;0;0;0
FR;8;2022-07-04;0;0;0;0;0;0;0;0;0;0;0;0;0;0;0;0;0;0
FR;8;2022-07-05;0;0;0;0;0;0;0;0;0;0;0;0;0;0;0;0;0;0
FR;8;2022-07-06;0;0;0;0;0;0;0;0;0;0;0;0;0;0;0;0;0;0
FR;8;2022-07-07;0;0;0;0;0;0;0;0;0;0;0;0;0;0;0;0;0;0
FR;8;2022-07-08;0;0;0;0;0;0;0;0;0;0;0;0;0;0;0;0;0;0
FR;8;2022-07-09;0;0;0;0;0;0;0;0;0;0;0;0;0;0;0;0;0;0
FR;8;2022-07-10;0;0;0;0;0;0;0;0;0;0;0;0;0;0;0;0;0;0
FR;8;2022-07-11;0;0;0;0;0;0;0;0;0;0;0;0;0;0;0;0;0;0
FR;8;2022-07-12;0;0;0;0;0;0;0;0;0;0;0;0;0;0;0;0;0;0
FR;8;2022-07-13;0;0;0;0;0;0;0;0;0;0;0;0;0;0;0;0;0;0
FR;8;2022-07-14;0;0;0;0;0;0;0;0;0;0;0;0;0;0;0;0;0;0
FR;8;2022-07-15;0;0;0;0;0;0;0;0;0;0;0;0;0;0;0;0;0;0
FR;8;2022-07-16;0;0;0;0;0;0;0;0;0;0;0;0;0;0;0;0;0;0
FR;8;2022-07-17;0;0;0;0;0;0;0;0;0;0;0;0;0;0;0;0;0;0
FR;8;2022-07-18;0;0;0;0;0;0;0;0;0;0;0;0;0;0;0;0;0;0
FR;8;2022-07-19;0;0;0;0;0;0;0;0;0;0;0;0;0;0;0;0;0;0
FR;8;2022-07-20;0;0;0;0;0;0;0;0;0;0;0;0;0;0;0;0;0;0
FR;8;2022-07-21;0;0;0;0;0;0;0;0;0;0;0;0;0;0;0;0;0;0
FR;8;2022-07-22;0;0;0;0;0;0;0;0;0;0;0;0;0;0;0;0;0;0
FR;8;2022-07-23;0;0;0;0;0;0;0;0;0;0;0;0;0;0;0;0;0;0
FR;8;2022-07-24;0;0;0;0;0;0;0;0;0;0;0;0;0;0;0;0;0;0
FR;8;2022-07-25;0;0;0;0;0;0;0;0;0;0;0;0;0;0;0;0;0;0
FR;8;2022-07-26;0;0;0;0;0;0;0;0;0;0;0;0;0;0;0;0;0;0
FR;8;2022-07-27;0;0;0;0;0;0;0;0;0;0;0;0;0;0;0;0;0;0
FR;8;2022-07-28;0;0;0;0;0;0;0;0;0;0;0;0;0;0;0;0;0;0
FR;8;2022-07-29;0;0;0;0;0;0;0;0;0;0;0;0;0;0;0;0;0;0
FR;8;2022-07-30;0;0;0;0;0;0;0;0;0;0;0;0;0;0;0;0;0;0
FR;8;2022-07-31;0;0;0;0;0;0;0;0;0;0;0;0;0;0;0;0;0;0
FR;8;2022-08-01;0;0;0;0;0;0;0;0;0;0;0;0;0;0;0;0;0;0
FR;8;2022-08-02;0;0;0;0;0;0;0;0;0;0;0;0;0;0;0;0;0;0
FR;8;2022-08-03;0;0;0;0;0;0;0;0;0;0;0;0;0;0;0;0;0;0
FR;8;2022-08-04;0;0;0;0;0;0;0;0;0;0;0;0;0;0;0;0;0;0
FR;8;2022-08-05;0;0;0;0;0;0;0;0;0;0;0;0;0;0;0;0;0;0
FR;8;2022-08-06;0;0;0;0;0;0;0;0;0;0;0;0;0;0;0;0;0;0
FR;8;2022-08-07;0;0;0;0;0;0;0;0;0;0;0;0;0;0;0;0;0;0
FR;8;2022-08-08;0;0;0;0;0;0;0;0;0;0;0;0;0;0;0;0;0;0
FR;8;2022-08-09;0;0;0;0;0;0;0;0;0;0;0;0;0;0;0;0;0;0
FR;8;2022-08-10;0;0;0;0;0;0;0;0;0;0;0;0;0;0;0;0;0;0
FR;8;2022-08-11;0;0;0;0;0;0;0;0;0;0;0;0;0;0;0;0;0;0
FR;8;2022-08-12;0;0;0;0;0;0;0;0;0;0;0;0;0;0;0;0;0;0
FR;8;2022-08-13;0;0;0;0;0;0;0;0;0;0;0;0;0;0;0;0;0;0
FR;8;2022-08-14;0;0;0;0;0;0;0;0;0;0;0;0;0;0;0;0;0;0
FR;8;2022-08-15;0;0;0;0;0;0;0;0;0;0;0;0;0;0;0;0;0;0
FR;8;2022-08-16;0;0;0;0;0;0;0;0;0;0;0;0;0;0;0;0;0;0
FR;8;2022-08-17;0;0;0;0;0;0;0;0;0;0;0;0;0;0;0;0;0;0
FR;8;2022-08-18;0;0;0;0;0;0;0;0;0;0;0;0;0;0;0;0;0;0
FR;8;2022-08-19;0;0;0;0;0;0;0;0;0;0;0;0;0;0;0;0;0;0
FR;8;2022-08-20;0;0;0;0;0;0;0;0;0;0;0;0;0;0;0;0;0;0
FR;8;2022-08-21;0;0;0;0;0;0;0;0;0;0;0;0;0;0;0;0;0;0
FR;8;2022-08-22;0;0;0;0;0;0;0;0;0;0;0;0;0;0;0;0;0;0
FR;8;2022-08-23;0;0;0;0;0;0;0;0;0;0;0;0;0;0;0;0;0;0
FR;8;2022-08-24;0;0;0;0;0;0;0;0;0;0;0;0;0;0;0;0;0;0
FR;8;2022-08-25;0;0;0;0;0;0;0;0;0;0;0;0;0;0;0;0;0;0
FR;8;2022-08-26;0;0;0;0;0;0;0;0;0;0;0;0;0;0;0;0;0;0
FR;8;2022-08-27;0;0;0;0;0;0;0;0;0;0;0;0;0;0;0;0;0;0
FR;8;2022-08-28;0;0;0;0;0;0;0;0;0;0;0;0;0;0;0;0;0;0
FR;8;2022-08-29;0;0;0;0;0;0;0;0;0;0;0;0;0;0;0;0;0;0
FR;8;2022-08-30;0;0;0;0;0;0;0;0;0;0;0;0;0;0;0;0;0;0
FR;8;2022-08-31;0;0;0;0;0;0;0;0;0;0;0;0;0;0;0;0;0;0
FR;8;2022-09-01;0;0;0;0;0;0;0;0;0;0;0;0;0;0;0;0;0;0
FR;8;2022-09-02;0;0;0;0;0;0;0;0;0;0;0;0;0;0;0;0;0;0
FR;8;2022-09-03;0;0;0;0;0;0;0;0;0;0;0;0;0;0;0;0;0;0
FR;8;2022-09-04;0;0;0;0;0;0;0;0;0;0;0;0;0;0;0;0;0;0
FR;8;2022-09-05;0;0;0;0;0;0;0;0;0;0;0;0;0;0;0;0;0;0
FR;8;2022-09-06;0;0;0;0;0;0;0;0;0;0;0;0;0;0;0;0;0;0
FR;8;2022-09-07;0;0;0;0;0;0;0;0;0;0;0;0;0;0;0;0;0;0
FR;8;2022-09-08;0;0;0;0;0;0;0;0;0;0;0;0;0;0;0;0;0;0
FR;8;2022-09-09;0;0;0;0;0;0;0;0;0;0;0;0;0;0;0;0;0;0
FR;8;2022-09-10;0;0;0;0;0;0;0;0;0;0;0;0;0;0;0;0;0;0
FR;8;2022-09-11;0;0;0;0;0;0;0;0;0;0;0;0;0;0;0;0;0;0
FR;8;2022-09-12;0;0;0;0;0;0;0;0;0;0;0;0;0;0;0;0;0;0
FR;8;2022-09-13;0;0;0;0;0;0;0;0;0;0;0;0;0;0;0;0;0;0
FR;8;2022-09-14;0;0;0;0;0;0;0;0;0;0;0;0;0;0;0;0;0;0
FR;8;2022-09-15;0;0;0;0;0;0;0;0;0;0;0;0;0;0;0;0;0;0
FR;8;2022-09-16;0;0;0;0;0;0;0;0;0;0;0;0;0;0;0;0;0;0
FR;8;2022-09-17;0;0;0;0;0;0;0;0;0;0;0;0;0;0;0;0;0;0
FR;8;2022-09-18;0;0;0;0;0;0;0;0;0;0;0;0;0;0;0;0;0;0
FR;8;2022-09-19;0;0;0;0;0;0;0;0;0;0;0;0;0;0;0;0;0;0
FR;8;2022-09-20;0;0;0;0;0;0;0;0;0;0;0;0;0;0;0;0;0;0
FR;8;2022-09-21;0;0;0;0;0;0;0;0;0;0;0;0;0;0;0;0;0;0
FR;8;2022-09-22;0;0;0;0;0;0;0;0;0;0;0;0;0;0;0;0;0;0
FR;8;2022-09-23;0;0;0;0;0;0;0;0;0;0;0;0;0;0;0;0;0;0
FR;8;2022-09-24;0;0;0;0;0;0;0;0;0;0;0;0;0;0;0;0;0;0
FR;8;2022-09-25;0;0;0;0;0;0;0;0;0;0;0;0;0;0;0;0;0;0
FR;8;2022-09-26;0;0;0;0;0;0;0;0;0;0;0;0;0;0;0;0;0;0
FR;8;2022-09-27;0;0;0;0;0;0;0;0;0;0;0;0;0;0;0;0;0;0
FR;8;2022-09-28;0;0;0;0;0;0;0;0;0;0;0;0;0;0;0;0;0;0
FR;8;2022-09-29;0;0;0;0;0;0;0;0;0;0;0;0;0;0;0;0;0;0
FR;8;2022-09-30;0;0;0;0;0;0;0;0;0;0;0;0;0;0;0;0;0;0
FR;8;2022-10-01;0;0;0;0;0;0;0;0;0;0;0;0;0;0;0;0;0;0
FR;8;2022-10-02;0;0;0;0;0;0;0;0;0;0;0;0;0;0;0;0;0;0
FR;8;2022-10-03;0;0;0;0;0;0;0;0;0;0;0;0;0;0;0;0;0;0
FR;8;2022-10-04;0;0;0;0;0;0;0;0;0;0;0;0;0;0;0;0;0;0
FR;8;2022-10-05;0;0;0;0;0;0;0;0;0;0;0;0;0;0;0;0;0;0
FR;8;2022-10-06;10;17;113;860;8;83;865;1058;110;10;17;113;860;8;83;865;1058;110
FR;8;2022-10-07;72;101;842;8012;62;699;8066;9845;1073;82;118;955;8872;70;782;8931;10903;1183
FR;8;2022-10-08;34;115;610;4057;50;516;4109;5310;676;116;233;1565;12929;120;1298;13040;16213;1859
FR;8;2022-10-09;17;22;145;885;13;132;913;1234;185;133;255;1710;13814;133;1430;13953;17447;2044
FR;8;2022-10-10;119;192;1344;12682;106;1028;12921;16221;2251;252;447;3054;26496;239;2458;26874;33668;4295
FR;8;2022-10-11;182;262;2476;26922;135;2011;27193;33958;4717;434;709;5530;53418;374;4469;54067;67626;9012
FR;8;2022-10-12;155;256;1831;18235;150;1441;18471;23470;3534;589;965;7361;71653;524;5910;72538;91096;12546
FR;8;2022-10-13;206;280;2510;28067;177;1903;28431;35568;5206;795;1245;9871;99720;701;7813;100969;126664;17752
FR;8;2022-10-14;256;419;3271;36243;241;2556;36668;45570;6304;1051;1664;13142;135963;942;10369;137637;172234;24056
FR;8;2022-10-15;102;182;1203;8804;79;1001;8931;11782;1830;1153;1846;14345;144767;1021;11370;146568;184016;25886
FR;8;2022-10-16;34;54;248;1522;26;215;1557;2179;402;1187;1900;14593;146289;1047;11585;148125;186195;26288
FR;8;2022-10-17;157;310;2097;21774;174;1624;22082;28262;4534;1344;2210;16690;168063;1221;13209;170207;214457;30822
FR;8;2022-10-18;269;348;3355;37853;225;2653;38236;50777;9815;1613;2558;20045;205916;1446;15862;208443;265234;40637
FR;8;2022-10-19;197;313;2627;28293;182;2185;28610;38698;7842;1810;2871;22672;234209;1628;18047;237053;303932;48479
FR;8;2022-10-20;251;364;3576;41177;224;2651;41786;55673;11151;2061;3235;26248;275386;1852;20698;278839;359605;59630
FR;8;2022-10-21;325;489;4454;49397;276;3470;49994;66271;12710;2386;3724;30702;324783;2128;24168;328833;425876;72340
FR;8;2022-10-22;124;168;1230;10661;111;927;10849;14742;2948;2510;3892;31932;335444;2239;25095;339682;440618;75288
FR;8;2022-10-23;49;53;266;1761;48;197;1840;2609;571;2559;3945;32198;337205;2287;25292;341522;443227;75859
FR;8;2022-10-24;230;311;2475;24039;173;2074;24337;33543;7081;2789;4256;34673;361244;2460;27366;365859;476770;82940
FR;8;2022-10-25;306;413;4080;43435;256;3133;44035;61263;13992;3095;4669;38753;404679;2716;30499;409894;538033;96932
FR;8;2022-10-26;225;342;2873;28712;184;2371;28989;41355;9907;3320;5011;41626;433391;2900;32870;438883;579388;106839
FR;8;2022-10-27;275;415;3323;36168;242;2631;36642;51204;11866;3595;5426;44949;469559;3142;35501;475525;630592;118705
FR;8;2022-10-28;326;465;3829;39469;257;2863;40195;55114;11987;3921;5891;48778;509028;3399;38364;515720;685706;130692
FR;8;2022-10-29;111;165;1074;8227;94;803;8371;11858;2667;4032;6056;49852;517255;3493;39167;524091;697564;133359
FR;8;2022-10-30;40;53;209;1343;38;180;1388;2057;485;4072;6109;50061;518598;3531;39347;525479;699621;133844
FR;8;2022-10-31;196;256;1660;14535;140;1274;14799;21148;5057;4268;6365;51721;533133;3671;40621;540278;720769;138901
FR;8;2022-11-01;26;41;133;954;23;167;970;1594;455;4294;6406;51854;534087;3694;40788;541248;722363;139356
FR;8;2022-11-02;194;368;2372;23295;204;1971;23693;35015;9284;4488;6774;54226;557382;3898;42759;564941;757378;148640
FR;8;2022-11-03;308;416;3484;36931;255;2604;37570;54611;14338;4796;7190;57710;594313;4153;45363;602511;811989;162978
FR;8;2022-11-04;355;494;3781;40195;258;2972;40714;57964;14167;5151;7684;61491;634508;4411;48335;643225;869953;177145
FR;8;2022-11-05;113;182;1102;8760;117;849;8927;12877;3066;5264;7866;62593;643268;4528;49184;652152;882830;180211
FR;8;2022-11-06;45;56;224;1405;38;205;1439;2244;590;5309;7922;62817;644673;4566;49389;653591;885074;180801
FR;8;2022-11-07;230;277;2321;24812;202;1793;25398;37578;10319;5539;8199;65138;669485;4768;51182;678989;922652;191120
FR;8;2022-11-08;342;503;4337;48368;303;3264;49346;71542;18770;5881;8702;69475;717853;5071;54446;728335;994194;209890
FR;8;2022-11-09;262;367;2877;29167;209;2260;29851;44444;12249;6143;9069;72352;747020;5280;56706;758186;1038638;222139
FR;8;2022-11-10;366;530;3948;40222;302;3016;41136;60446;16154;6509;9599;76300;787242;5582;59722;799322;1099084;238293
FR;8;2022-11-11;39;62;243;1479;31;204;1525;2666;924;6548;9661;76543;788721;5613;59926;800847;1101750;239217
FR;8;2022-11-12;85;165;881;6431;79;686;6635;9891;2551;6633;9826;77424;795152;5692;60612;807482;1111641;241768
FR;8;2022-11-13;36;54;212;1109;35;172;1161;1922;583;6669;9880;77636;796261;5727;60784;808643;1113563;242351
FR;8;2022-11-14;229;305;2239;22427;166;1719;22974;35031;10264;6898;10185;79875;818688;5893;62503;831617;1148594;252615
FR;8;2022-11-15;338;421;3759;42313;254;2861;43220;64725;18513;7236;10606;83634;861001;6147;65364;874837;1213319;271128
FR;8;2022-11-16;300;349;2621;26518;217;2156;26992;41721;12488;7536;10955;86255;887519;6364;67520;901829;1255040;283616
FR;8;2022-11-17;366;428;3380;36830;289;2609;37413;56599;16478;7902;11383;89635;924349;6653;70129;939242;1311639;300094
FR;8;2022-11-18;342;462;4065;42270;283;2971;43120;63597;17402;8244;11845;93700;966619;6936;73100;982362;1375236;317496
FR;8;2022-11-19;121;179;1198;8969;116;844;9148;13821;3791;8365;12024;94898;975588;7052;73944;991510;1389057;321287
FR;8;2022-11-20;33;49;260;1584;33;217;1651;2649;777;8398;12073;95158;977172;7085;74161;993161;1391706;322064
FR;8;2022-11-21;215;302;2073;20057;177;1588;20577;32015;9783;8613;12375;97231;997229;7262;75749;1013738;1423721;331847
FR;8;2022-11-22;335;406;3464;37516;248;2663;38035;58046;17237;8948;12781;100695;1034745;7510;78412;1051773;1481767;349084
FR;8;2022-11-23;227;320;2410;24417;184;2013;24847;39161;12219;9175;13101;103105;1059162;7694;80425;1076620;1520928;361303
FR;8;2022-11-24;346;383;3367;34847;231;2576;35538;55238;17025;9521;13484;106472;1094009;7925;83001;1112158;1576166;378328
FR;8;2022-11-25;309;421;3630;37726;282;2620;38522;57815;16549;9830;13905;110102;1131735;8207;85621;1150680;1633981;394877
FR;8;2022-11-26;169;194;1176;8799;126;897;8956;13664;3780;9999;14099;111278;1140534;8333;86518;1159636;1647645;398657
FR;8;2022-11-27;45;43;227;1545;36;180;1561;2472;721;10044;14142;111505;1142079;8369;86698;1161197;1650117;399378
FR;8;2022-11-28;180;298;2303;23316;169;1693;23969;37215;11479;10224;14440;113808;1165395;8538;88391;1185166;1687332;410857
FR;8;2022-11-29;292;428;3967;44018;216;2942;44693;69036;21278;10516;14868;117775;1209413;8754;91333;1229859;1756368;432135
FR;8;2022-11-30;279;409;3367;34846;225;2541;35591;54647;16397;10795;15277;121142;1244259;8979;93874;1265450;1811015;448532
FR;8;2022-12-01;330;472;4466;49254;269;3116;50031;77454;24144;11125;15749;125608;1293513;9248;96990;1315481;1888469;472676
FR;8;2022-12-02;406;515;5428;58369;301;3734;59543;89674;26208;11531;16264;131036;1351882;9549;100724;1375024;1978143;498884
FR;8;2022-12-03;175;215;1912;16833;107;1322;17246;25795;7191;11706;16479;132948;1368715;9656;102046;1392270;2003938;506075
FR;8;2022-12-04;53;90;488;4047;59;403;4108;6274;1751;11759;16569;133436;1372762;9715;102449;1396378;2010212;507826
FR;8;2022-12-05;276;398;3832;42294;242;2497;43218;66741;20877;12035;16967;137268;1415056;9957;104946;1439596;2076953;528703
FR;8;2022-12-06;420;541;6294;74254;300;4209;75662;117727;37611;12455;17508;143562;1489310;10257;109155;1515258;2194680;566314
FR;8;2022-12-07;359;428;4903;54987;259;3232;56077;87626;28122;12814;17936;148465;1544297;10516;112387;1571335;2282306;594436
FR;8;2022-12-08;453;530;6438;75377;289;4183;76960;120311;38907;13267;18466;154903;1619674;10805;116570;1648295;2402617;633343
FR;8;2022-12-09;543;601;8007;90846;353;5201;92605;142860;44787;13810;19067;162910;1710520;11158;121771;1740900;2545477;678130
FR;8;2022-12-10;261;299;3336;31694;165;2087;32539;48709;13992;14071;19366;166246;1742214;11323;123858;1773439;2594186;692122
FR;8;2022-12-11;89;104;932;7864;66;640;8081;11885;3144;14160;19470;167178;1750078;11389;124498;1781520;2606071;695266
FR;8;2022-12-12;351;455;5842;64254;248;3710;65777;103193;33509;14511;19925;173020;1814332;11637;128208;1847297;2709264;728775
FR;8;2022-12-13;528;603;8417;99007;349;5187;101431;159957;53006;15039;20528;181437;1913339;11986;133395;1948728;2869221;781781
FR;8;2022-12-14;448;529;6345;69958;304;4194;71508;113213;37242;15487;21057;187782;1983297;12290;137589;2020236;2982434;819023
FR;8;2022-12-15;488;640;8132;91579;357;5111;93800;148876;49627;15975;21697;195914;2074876;12647;142700;2114036;3131310;868650
FR;8;2022-12-16;575;706;8848;100157;381;5689;102280;161647;53303;16550;22403;204762;2175033;13028;148389;2216316;3292957;921953
FR;8;2022-12-17;231;308;3143;30016;187;2002;30789;46715;13819;16781;22711;207905;2205049;13215;150391;2247105;3339672;935772
FR;8;2022-12-18;63;91;730;5969;46;498;6116;9284;2641;16844;22802;208635;2211018;13261;150889;2253221;3348956;938413
FR;8;2022-12-19;399;453;5337;53709;265;3361;55273;87645;28829;17243;23255;213972;2264727;13526;154250;2308494;3436601;967242
FR;8;2022-12-20;554;573;7340;76432;341;4745;78532;126867;43263;17797;23828;221312;2341159;13867;158995;2387026;3563468;1010505
FR;8;2022-12-21;415;478;4951;48685;285;3305;49974;81521;28046;18212;24306;226263;2389844;14152;162300;2437000;3644989;1038551
FR;8;2022-12-22;458;519;4563;44126;311;3144;45341;74443;25804;18670;24825;230826;2433970;14463;165444;2482341;3719432;1064355
FR;8;2022-12-23;308;386;2882;24977;249;2071;25643;42174;14344;18978;25211;233708;2458947;14712;167515;2507984;3761606;1078699
FR;8;2022-12-24;68;69;395;2549;40;295;2663;4147;1172;19046;25280;234103;2461496;14752;167810;2510647;3765753;1079871
FR;8;2022-12-25;29;27;104;536;21;81;556;897;257;19075;25307;234207;2462032;14773;167891;2511203;3766650;1080128
FR;8;2022-12-26;241;272;2154;16043;173;1496;16672;26730;8467;19316;25579;236361;2478075;14946;169387;2527875;3793380;1088595
FR;8;2022-12-27;384;448;3759;32365;258;2522;33459;55202;19074;19700;26027;240120;2510440;15204;171909;2561334;3848582;1107669
FR;8;2022-12-28;342;339;2926;24607;189;2040;25195;41638;14284;20042;26366;243046;2535047;15393;173949;2586529;3890220;1121953
FR;8;2022-12-29;295;402;3151;25475;222;2174;26426;43872;15144;20337;26768;246197;2560522;15615;176123;2612955;3934092;1137097
FR;8;2022-12-30;292;338;2437;18625;209;1694;19264;31614;10549;20629;27106;248634;2579147;15824;177817;2632219;3965706;1147646
FR;8;2022-12-31;92;117;450;2950;75;363;3094;4739;1262;20721;27223;249084;2582097;15899;178180;2635313;3970445;1148908
FR;8;2023-01-01;15;30;112;658;14;84;682;991;224;20736;27253;249196;2582755;15913;178264;2635995;3971436;1149132
FR;8;2023-01-02;259;394;2255;18186;229;1599;18648;31979;11647;20995;27647;251451;2600941;16142;179863;2654643;4003415;1160779
FR;8;2023-01-03;457;532;4229;42730;310;2885;43642;80651;33805;21452;28179;255680;2643671;16452;182748;2698285;4084066;1194584
FR;8;2023-01-04;407;463;3479;29888;284;2402;30628;58034;24818;21859;28642;259159;2673559;16736;185150;2728913;4142100;1219402
FR;8;2023-01-05;491;583;4346;41645;387;2895;42513;81595;35867;22350;29225;263505;2715204;17123;188045;2771426;4223695;1255269
FR;8;2023-01-06;502;663;5083;46594;398;3323;47602;89370;38119;22852;29888;268588;2761798;17521;191368;2819028;4313065;1293388
FR;8;2023-01-07;216;287;1678;12265;176;1180;12573;22259;8406;23068;30175;270266;2774063;17697;192548;2831601;4335324;1301794
FR;8;2023-01-08;68;104;439;2725;63;309;2819;5038;1893;23136;30279;270705;2776788;17760;192857;2834420;4340362;1303687
FR;8;2023-01-09;388;473;2595;21352;303;1818;21925;44232;20270;23524;30752;273300;2798140;18063;194675;2856345;4384594;1323957
FR;8;2023-01-10;446;602;4319;39916;364;3040;40719;84465;40328;23970;31354;277619;2838056;18427;197715;2897064;4469059;1364285
FR;8;2023-01-11;339;448;2910;23970;276;2085;24472;51059;24216;24309;31802;280529;2862026;18703;199800;2921536;4520118;1388501
FR;8;2023-01-12;398;531;3608;32948;320;2530;33546;70283;33839;24707;32333;284137;2894974;19023;202330;2955082;4590401;1422340
FR;8;2023-01-13;435;575;4016;34704;335;2831;35290;72490;33991;25142;32908;288153;2929678;19358;205161;2990372;4662891;1456331
FR;8;2023-01-14;174;221;1330;8812;117;945;8994;17097;7078;25316;33129;289483;2938490;19475;206106;2999366;4679988;1463409
FR;8;2023-01-15;55;83;326;1463;51;240;1560;3121;1309;25371;33212;289809;2939953;19526;206346;3000926;4683109;1464718
FR;8;2023-01-16;254;330;1969;15595;196;1400;15866;34830;17363;25625;33542;291778;2955548;19722;207746;3016792;4717939;1482081
FR;8;2023-01-17;345;439;3208;27880;271;2277;28361;63879;32837;25970;33981;294986;2983428;19993;210023;3045153;4781818;1514918
FR;8;2023-01-18;249;389;2151;16578;227;1633;16824;37759;19051;26219;34370;297137;3000006;20220;211656;3061977;4819577;1533969
FR;8;2023-01-19;337;403;2614;21972;237;1900;22311;50434;25865;26556;34773;299751;3021978;20457;213556;3084288;4870011;1559834
FR;8;2023-01-20;388;485;3097;24369;291;2274;24869;55591;28072;26944;35258;302848;3046347;20748;215830;3109157;4925602;1587906
FR;8;2023-01-21;135;181;981;6034;97;713;6154;12678;5717;27079;35439;303829;3052381;20845;216543;3115311;4938280;1593623
FR;8;2023-01-22;30;46;147;790;20;129;835;1767;789;27109;35485;303976;3053171;20865;216672;3116146;4940047;1594412
FR;8;2023-01-23;202;281;1551;10401;153;1113;10633;26097;14110;27311;35766;305527;3063572;21018;217785;3126779;4966144;1608522
FR;8;2023-01-24;299;380;2264;19319;212;1710;19500;48099;26483;27610;36146;307791;3082891;21230;219495;3146279;5014243;1635005
FR;8;2023-01-25;224;336;1657;11480;200;1223;11837;28335;15049;27834;36482;309448;3094371;21430;220718;3158116;5042578;1650054
FR;9;2020-12-27;0;0;0;0;0;0;0;0;0;0;0;0;0;0;0;0;0;0
FR;9;2020-12-28;0;0;0;0;0;0;0;0;0;0;0;0;0;0;0;0;0;0
FR;9;2020-12-29;0;0;0;0;0;0;0;0;0;0;0;0;0;0;0;0;0;0
FR;9;2020-12-30;0;0;0;0;0;0;0;0;0;0;0;0;0;0;0;0;0;0
FR;9;2020-12-31;0;0;0;0;0;0;0;0;0;0;0;0;0;0;0;0;0;0
FR;9;2021-01-01;0;0;0;0;0;0;0;0;0;0;0;0;0;0;0;0;0;0
FR;9;2021-01-02;0;0;0;0;0;0;0;0;0;0;0;0;0;0;0;0;0;0
FR;9;2021-01-03;0;0;0;0;0;0;0;0;0;0;0;0;0;0;0;0;0;0
FR;9;2021-01-04;0;0;0;0;0;0;0;0;0;0;0;0;0;0;0;0;0;0
FR;9;2021-01-05;0;0;0;0;0;0;0;0;0;0;0;0;0;0;0;0;0;0
FR;9;2021-01-06;0;0;0;0;0;0;0;0;0;0;0;0;0;0;0;0;0;0
FR;9;2021-01-07;0;0;0;0;0;0;0;0;0;0;0;0;0;0;0;0;0;0
FR;9;2021-01-08;0;0;0;0;0;0;0;0;0;0;0;0;0;0;0;0;0;0
FR;9;2021-01-09;0;0;0;0;0;0;0;0;0;0;0;0;0;0;0;0;0;0
FR;9;2021-01-10;0;0;0;0;0;0;0;0;0;0;0;0;0;0;0;0;0;0
FR;9;2021-01-11;0;0;0;0;0;0;0;0;0;0;0;0;0;0;0;0;0;0
FR;9;2021-01-12;0;0;0;0;0;0;0;0;0;0;0;0;0;0;0;0;0;0
FR;9;2021-01-13;0;0;0;0;0;0;0;0;0;0;0;0;0;0;0;0;0;0
FR;9;2021-01-14;0;0;0;0;0;0;0;0;0;0;0;0;0;0;0;0;0;0
FR;9;2021-01-15;0;0;0;0;0;0;0;0;0;0;0;0;0;0;0;0;0;0
FR;9;2021-01-16;0;0;0;0;0;0;0;0;0;0;0;0;0;0;0;0;0;0
FR;9;2021-01-17;0;0;0;0;0;0;0;0;0;0;0;0;0;0;0;0;0;0
FR;9;2021-01-18;0;0;0;0;0;0;0;0;0;0;0;0;0;0;0;0;0;0
FR;9;2021-01-19;0;0;0;0;0;0;0;0;0;0;0;0;0;0;0;0;0;0
FR;9;2021-01-20;0;0;0;0;0;0;0;0;0;0;0;0;0;0;0;0;0;0
FR;9;2021-01-21;0;0;0;0;0;0;0;0;0;0;0;0;0;0;0;0;0;0
FR;9;2021-01-22;0;0;0;0;0;0;0;0;0;0;0;0;0;0;0;0;0;0
FR;9;2021-01-23;0;0;0;0;0;0;0;0;0;0;0;0;0;0;0;0;0;0
FR;9;2021-01-24;0;0;0;0;0;0;0;0;0;0;0;0;0;0;0;0;0;0
FR;9;2021-01-25;0;0;0;0;0;0;0;0;0;0;0;0;0;0;0;0;0;0
FR;9;2021-01-26;0;0;0;0;0;0;0;0;0;0;0;0;0;0;0;0;0;0
FR;9;2021-01-27;0;0;0;0;0;0;0;0;0;0;0;0;0;0;0;0;0;0
FR;9;2021-01-28;0;0;0;0;0;0;0;0;0;0;0;0;0;0;0;0;0;0
FR;9;2021-01-29;0;0;0;0;0;0;0;0;0;0;0;0;0;0;0;0;0;0
FR;9;2021-01-30;0;0;0;0;0;0;0;0;0;0;0;0;0;0;0;0;0;0
FR;9;2021-01-31;0;0;0;0;0;0;0;0;0;0;0;0;0;0;0;0;0;0
FR;9;2021-02-01;0;0;0;0;0;0;0;0;0;0;0;0;0;0;0;0;0;0
FR;9;2021-02-02;0;0;0;0;0;0;0;0;0;0;0;0;0;0;0;0;0;0
FR;9;2021-02-03;0;0;0;0;0;0;0;0;0;0;0;0;0;0;0;0;0;0
FR;9;2021-02-04;0;0;0;0;0;0;0;0;0;0;0;0;0;0;0;0;0;0
FR;9;2021-02-05;0;0;0;0;0;0;0;0;0;0;0;0;0;0;0;0;0;0
FR;9;2021-02-06;0;0;0;0;0;0;0;0;0;0;0;0;0;0;0;0;0;0
FR;9;2021-02-07;0;0;0;0;0;0;0;0;0;0;0;0;0;0;0;0;0;0
FR;9;2021-02-08;0;0;0;0;0;0;0;0;0;0;0;0;0;0;0;0;0;0
FR;9;2021-02-09;0;0;0;0;0;0;0;0;0;0;0;0;0;0;0;0;0;0
FR;9;2021-02-10;0;0;0;0;0;0;0;0;0;0;0;0;0;0;0;0;0;0
FR;9;2021-02-11;0;0;0;0;0;0;0;0;0;0;0;0;0;0;0;0;0;0
FR;9;2021-02-12;0;0;0;0;0;0;0;0;0;0;0;0;0;0;0;0;0;0
FR;9;2021-02-13;0;0;0;0;0;0;0;0;0;0;0;0;0;0;0;0;0;0
FR;9;2021-02-14;0;0;0;0;0;0;0;0;0;0;0;0;0;0;0;0;0;0
FR;9;2021-02-15;0;0;0;0;0;0;0;0;0;0;0;0;0;0;0;0;0;0
FR;9;2021-02-16;0;0;0;0;0;0;0;0;0;0;0;0;0;0;0;0;0;0
FR;9;2021-02-17;0;0;0;0;0;0;0;0;0;0;0;0;0;0;0;0;0;0
FR;9;2021-02-18;0;0;0;0;0;0;0;0;0;0;0;0;0;0;0;0;0;0
FR;9;2021-02-19;0;0;0;0;0;0;0;0;0;0;0;0;0;0;0;0;0;0
FR;9;2021-02-20;0;0;0;0;0;0;0;0;0;0;0;0;0;0;0;0;0;0
FR;9;2021-02-21;0;0;0;0;0;0;0;0;0;0;0;0;0;0;0;0;0;0
FR;9;2021-02-22;0;0;0;0;0;0;0;0;0;0;0;0;0;0;0;0;0;0
FR;9;2021-02-23;0;0;0;0;0;0;0;0;0;0;0;0;0;0;0;0;0;0
FR;9;2021-02-24;0;0;0;0;0;0;0;0;0;0;0;0;0;0;0;0;0;0
FR;9;2021-02-25;0;0;0;0;0;0;0;0;0;0;0;0;0;0;0;0;0;0
FR;9;2021-02-26;0;0;0;0;0;0;0;0;0;0;0;0;0;0;0;0;0;0
FR;9;2021-02-27;0;0;0;0;0;0;0;0;0;0;0;0;0;0;0;0;0;0
FR;9;2021-02-28;0;0;0;0;0;0;0;0;0;0;0;0;0;0;0;0;0;0
FR;9;2021-03-01;0;0;0;0;0;0;0;0;0;0;0;0;0;0;0;0;0;0
FR;9;2021-03-02;0;0;0;0;0;0;0;0;0;0;0;0;0;0;0;0;0;0
FR;9;2021-03-03;0;0;0;0;0;0;0;0;0;0;0;0;0;0;0;0;0;0
FR;9;2021-03-04;0;0;0;0;0;0;0;0;0;0;0;0;0;0;0;0;0;0
FR;9;2021-03-05;0;0;0;0;0;0;0;0;0;0;0;0;0;0;0;0;0;0
FR;9;2021-03-06;0;0;0;0;0;0;0;0;0;0;0;0;0;0;0;0;0;0
FR;9;2021-03-07;0;0;0;0;0;0;0;0;0;0;0;0;0;0;0;0;0;0
FR;9;2021-03-08;0;0;0;0;0;0;0;0;0;0;0;0;0;0;0;0;0;0
FR;9;2021-03-09;0;0;0;0;0;0;0;0;0;0;0;0;0;0;0;0;0;0
FR;9;2021-03-10;0;0;0;0;0;0;0;0;0;0;0;0;0;0;0;0;0;0
FR;9;2021-03-11;0;0;0;0;0;0;0;0;0;0;0;0;0;0;0;0;0;0
FR;9;2021-03-12;0;0;0;0;0;0;0;0;0;0;0;0;0;0;0;0;0;0
FR;9;2021-03-13;0;0;0;0;0;0;0;0;0;0;0;0;0;0;0;0;0;0
FR;9;2021-03-14;0;0;0;0;0;0;0;0;0;0;0;0;0;0;0;0;0;0
FR;9;2021-03-15;0;0;0;0;0;0;0;0;0;0;0;0;0;0;0;0;0;0
FR;9;2021-03-16;0;0;0;0;0;0;0;0;0;0;0;0;0;0;0;0;0;0
FR;9;2021-03-17;0;0;0;0;0;0;0;0;0;0;0;0;0;0;0;0;0;0
FR;9;2021-03-18;0;0;0;0;0;0;0;0;0;0;0;0;0;0;0;0;0;0
FR;9;2021-03-19;0;0;0;0;0;0;0;0;0;0;0;0;0;0;0;0;0;0
FR;9;2021-03-20;0;0;0;0;0;0;0;0;0;0;0;0;0;0;0;0;0;0
FR;9;2021-03-21;0;0;0;0;0;0;0;0;0;0;0;0;0;0;0;0;0;0
FR;9;2021-03-22;0;0;0;0;0;0;0;0;0;0;0;0;0;0;0;0;0;0
FR;9;2021-03-23;0;0;0;0;0;0;0;0;0;0;0;0;0;0;0;0;0;0
FR;9;2021-03-24;0;0;0;0;0;0;0;0;0;0;0;0;0;0;0;0;0;0
FR;9;2021-03-25;0;0;0;0;0;0;0;0;0;0;0;0;0;0;0;0;0;0
FR;9;2021-03-26;0;0;0;0;0;0;0;0;0;0;0;0;0;0;0;0;0;0
FR;9;2021-03-27;0;0;0;0;0;0;0;0;0;0;0;0;0;0;0;0;0;0
FR;9;2021-03-28;0;0;0;0;0;0;0;0;0;0;0;0;0;0;0;0;0;0
FR;9;2021-03-29;0;0;0;0;0;0;0;0;0;0;0;0;0;0;0;0;0;0
FR;9;2021-03-30;0;0;0;0;0;0;0;0;0;0;0;0;0;0;0;0;0;0
FR;9;2021-03-31;0;0;0;0;0;0;0;0;0;0;0;0;0;0;0;0;0;0
FR;9;2021-04-01;0;0;0;0;0;0;0;0;0;0;0;0;0;0;0;0;0;0
FR;9;2021-04-02;0;0;0;0;0;0;0;0;0;0;0;0;0;0;0;0;0;0
FR;9;2021-04-03;0;0;0;0;0;0;0;0;0;0;0;0;0;0;0;0;0;0
FR;9;2021-04-04;0;0;0;0;0;0;0;0;0;0;0;0;0;0;0;0;0;0
FR;9;2021-04-05;0;0;0;0;0;0;0;0;0;0;0;0;0;0;0;0;0;0
FR;9;2021-04-06;0;0;0;0;0;0;0;0;0;0;0;0;0;0;0;0;0;0
FR;9;2021-04-07;0;0;0;0;0;0;0;0;0;0;0;0;0;0;0;0;0;0
FR;9;2021-04-08;0;0;0;0;0;0;0;0;0;0;0;0;0;0;0;0;0;0
FR;9;2021-04-09;0;0;0;0;0;0;0;0;0;0;0;0;0;0;0;0;0;0
FR;9;2021-04-10;0;0;0;0;0;0;0;0;0;0;0;0;0;0;0;0;0;0
FR;9;2021-04-11;0;0;0;0;0;0;0;0;0;0;0;0;0;0;0;0;0;0
FR;9;2021-04-12;0;0;0;0;0;0;0;0;0;0;0;0;0;0;0;0;0;0
FR;9;2021-04-13;0;0;0;0;0;0;0;0;0;0;0;0;0;0;0;0;0;0
FR;9;2021-04-14;0;0;0;0;0;0;0;0;0;0;0;0;0;0;0;0;0;0
FR;9;2021-04-15;0;0;0;0;0;0;0;0;0;0;0;0;0;0;0;0;0;0
FR;9;2021-04-16;0;0;0;0;0;0;0;0;0;0;0;0;0;0;0;0;0;0
FR;9;2021-04-17;0;0;0;0;0;0;0;0;0;0;0;0;0;0;0;0;0;0
FR;9;2021-04-18;0;0;0;0;0;0;0;0;0;0;0;0;0;0;0;0;0;0
FR;9;2021-04-19;0;0;0;0;0;0;0;0;0;0;0;0;0;0;0;0;0;0
FR;9;2021-04-20;0;0;0;0;0;0;0;0;0;0;0;0;0;0;0;0;0;0
FR;9;2021-04-21;0;0;0;0;0;0;0;0;0;0;0;0;0;0;0;0;0;0
FR;9;2021-04-22;0;0;0;0;0;0;0;0;0;0;0;0;0;0;0;0;0;0
FR;9;2021-04-23;0;0;0;0;0;0;0;0;0;0;0;0;0;0;0;0;0;0
FR;9;2021-04-24;0;0;0;0;0;0;0;0;0;0;0;0;0;0;0;0;0;0
FR;9;2021-04-25;0;0;0;0;0;0;0;0;0;0;0;0;0;0;0;0;0;0
FR;9;2021-04-26;0;0;0;0;0;0;0;0;0;0;0;0;0;0;0;0;0;0
FR;9;2021-04-27;0;0;0;0;0;0;0;0;0;0;0;0;0;0;0;0;0;0
FR;9;2021-04-28;0;0;0;0;0;0;0;0;0;0;0;0;0;0;0;0;0;0
FR;9;2021-04-29;0;0;0;0;0;0;0;0;0;0;0;0;0;0;0;0;0;0
FR;9;2021-04-30;0;0;0;0;0;0;0;0;0;0;0;0;0;0;0;0;0;0
FR;9;2021-05-01;0;0;0;0;0;0;0;0;0;0;0;0;0;0;0;0;0;0
FR;9;2021-05-02;0;0;0;0;0;0;0;0;0;0;0;0;0;0;0;0;0;0
FR;9;2021-05-03;0;0;0;0;0;0;0;0;0;0;0;0;0;0;0;0;0;0
FR;9;2021-05-04;0;0;0;0;0;0;0;0;0;0;0;0;0;0;0;0;0;0
FR;9;2021-05-05;0;0;0;0;0;0;0;0;0;0;0;0;0;0;0;0;0;0
FR;9;2021-05-06;0;0;0;0;0;0;0;0;0;0;0;0;0;0;0;0;0;0
FR;9;2021-05-07;0;0;0;0;0;0;0;0;0;0;0;0;0;0;0;0;0;0
FR;9;2021-05-08;0;0;0;0;0;0;0;0;0;0;0;0;0;0;0;0;0;0
FR;9;2021-05-09;0;0;0;0;0;0;0;0;0;0;0;0;0;0;0;0;0;0
FR;9;2021-05-10;0;0;0;0;0;0;0;0;0;0;0;0;0;0;0;0;0;0
FR;9;2021-05-11;0;0;0;0;0;0;0;0;0;0;0;0;0;0;0;0;0;0
FR;9;2021-05-12;0;0;0;0;0;0;0;0;0;0;0;0;0;0;0;0;0;0
FR;9;2021-05-13;0;0;0;0;0;0;0;0;0;0;0;0;0;0;0;0;0;0
FR;9;2021-05-14;0;0;0;0;0;0;0;0;0;0;0;0;0;0;0;0;0;0
FR;9;2021-05-15;0;0;0;0;0;0;0;0;0;0;0;0;0;0;0;0;0;0
FR;9;2021-05-16;0;0;0;0;0;0;0;0;0;0;0;0;0;0;0;0;0;0
FR;9;2021-05-17;0;0;0;0;0;0;0;0;0;0;0;0;0;0;0;0;0;0
FR;9;2021-05-18;0;0;0;0;0;0;0;0;0;0;0;0;0;0;0;0;0;0
FR;9;2021-05-19;0;0;0;0;0;0;0;0;0;0;0;0;0;0;0;0;0;0
FR;9;2021-05-20;0;0;0;0;0;0;0;0;0;0;0;0;0;0;0;0;0;0
FR;9;2021-05-21;0;0;0;0;0;0;0;0;0;0;0;0;0;0;0;0;0;0
FR;9;2021-05-22;0;0;0;0;0;0;0;0;0;0;0;0;0;0;0;0;0;0
FR;9;2021-05-23;0;0;0;0;0;0;0;0;0;0;0;0;0;0;0;0;0;0
FR;9;2021-05-24;0;0;0;0;0;0;0;0;0;0;0;0;0;0;0;0;0;0
FR;9;2021-05-25;0;0;0;0;0;0;0;0;0;0;0;0;0;0;0;0;0;0
FR;9;2021-05-26;0;0;0;0;0;0;0;0;0;0;0;0;0;0;0;0;0;0
FR;9;2021-05-27;0;0;0;0;0;0;0;0;0;0;0;0;0;0;0;0;0;0
FR;9;2021-05-28;0;0;0;0;0;0;0;0;0;0;0;0;0;0;0;0;0;0
FR;9;2021-05-29;0;0;0;0;0;0;0;0;0;0;0;0;0;0;0;0;0;0
FR;9;2021-05-30;0;0;0;0;0;0;0;0;0;0;0;0;0;0;0;0;0;0
FR;9;2021-05-31;0;0;0;0;0;0;0;0;0;0;0;0;0;0;0;0;0;0
FR;9;2021-06-01;0;0;0;0;0;0;0;0;0;0;0;0;0;0;0;0;0;0
FR;9;2021-06-02;0;0;0;0;0;0;0;0;0;0;0;0;0;0;0;0;0;0
FR;9;2021-06-03;0;0;0;0;0;0;0;0;0;0;0;0;0;0;0;0;0;0
FR;9;2021-06-04;0;0;0;0;0;0;0;0;0;0;0;0;0;0;0;0;0;0
FR;9;2021-06-05;0;0;0;0;0;0;0;0;0;0;0;0;0;0;0;0;0;0
FR;9;2021-06-06;0;0;0;0;0;0;0;0;0;0;0;0;0;0;0;0;0;0
FR;9;2021-06-07;0;0;0;0;0;0;0;0;0;0;0;0;0;0;0;0;0;0
FR;9;2021-06-08;0;0;0;0;0;0;0;0;0;0;0;0;0;0;0;0;0;0
FR;9;2021-06-09;0;0;0;0;0;0;0;0;0;0;0;0;0;0;0;0;0;0
FR;9;2021-06-10;0;0;0;0;0;0;0;0;0;0;0;0;0;0;0;0;0;0
FR;9;2021-06-11;0;0;0;0;0;0;0;0;0;0;0;0;0;0;0;0;0;0
FR;9;2021-06-12;0;0;0;0;0;0;0;0;0;0;0;0;0;0;0;0;0;0
FR;9;2021-06-13;0;0;0;0;0;0;0;0;0;0;0;0;0;0;0;0;0;0
FR;9;2021-06-14;0;0;0;0;0;0;0;0;0;0;0;0;0;0;0;0;0;0
FR;9;2021-06-15;0;0;0;0;0;0;0;0;0;0;0;0;0;0;0;0;0;0
FR;9;2021-06-16;0;0;0;0;0;0;0;0;0;0;0;0;0;0;0;0;0;0
FR;9;2021-06-17;0;0;0;0;0;0;0;0;0;0;0;0;0;0;0;0;0;0
FR;9;2021-06-18;0;0;0;0;0;0;0;0;0;0;0;0;0;0;0;0;0;0
FR;9;2021-06-19;0;0;0;0;0;0;0;0;0;0;0;0;0;0;0;0;0;0
FR;9;2021-06-20;0;0;0;0;0;0;0;0;0;0;0;0;0;0;0;0;0;0
FR;9;2021-06-21;0;0;0;0;0;0;0;0;0;0;0;0;0;0;0;0;0;0
FR;9;2021-06-22;0;0;0;0;0;0;0;0;0;0;0;0;0;0;0;0;0;0
FR;9;2021-06-23;0;0;0;0;0;0;0;0;0;0;0;0;0;0;0;0;0;0
FR;9;2021-06-24;0;0;0;0;0;0;0;0;0;0;0;0;0;0;0;0;0;0
FR;9;2021-06-25;0;0;0;0;0;0;0;0;0;0;0;0;0;0;0;0;0;0
FR;9;2021-06-26;0;0;0;0;0;0;0;0;0;0;0;0;0;0;0;0;0;0
FR;9;2021-06-27;0;0;0;0;0;0;0;0;0;0;0;0;0;0;0;0;0;0
FR;9;2021-06-28;0;0;0;0;0;0;0;0;0;0;0;0;0;0;0;0;0;0
FR;9;2021-06-29;0;0;0;0;0;0;0;0;0;0;0;0;0;0;0;0;0;0
FR;9;2021-06-30;0;0;0;0;0;0;0;0;0;0;0;0;0;0;0;0;0;0
FR;9;2021-07-01;0;0;0;0;0;0;0;0;0;0;0;0;0;0;0;0;0;0
FR;9;2021-07-02;0;0;0;0;0;0;0;0;0;0;0;0;0;0;0;0;0;0
FR;9;2021-07-03;0;0;0;0;0;0;0;0;0;0;0;0;0;0;0;0;0;0
FR;9;2021-07-04;0;0;0;0;0;0;0;0;0;0;0;0;0;0;0;0;0;0
FR;9;2021-07-05;0;0;0;0;0;0;0;0;0;0;0;0;0;0;0;0;0;0
FR;9;2021-07-06;0;0;0;0;0;0;0;0;0;0;0;0;0;0;0;0;0;0
FR;9;2021-07-07;0;0;0;0;0;0;0;0;0;0;0;0;0;0;0;0;0;0
FR;9;2021-07-08;0;0;0;0;0;0;0;0;0;0;0;0;0;0;0;0;0;0
FR;9;2021-07-09;0;0;0;0;0;0;0;0;0;0;0;0;0;0;0;0;0;0
FR;9;2021-07-10;0;0;0;0;0;0;0;0;0;0;0;0;0;0;0;0;0;0
FR;9;2021-07-11;0;0;0;0;0;0;0;0;0;0;0;0;0;0;0;0;0;0
FR;9;2021-07-12;0;0;0;0;0;0;0;0;0;0;0;0;0;0;0;0;0;0
FR;9;2021-07-13;0;0;0;0;0;0;0;0;0;0;0;0;0;0;0;0;0;0
FR;9;2021-07-14;0;0;0;0;0;0;0;0;0;0;0;0;0;0;0;0;0;0
FR;9;2021-07-15;0;0;0;0;0;0;0;0;0;0;0;0;0;0;0;0;0;0
FR;9;2021-07-16;0;0;0;0;0;0;0;0;0;0;0;0;0;0;0;0;0;0
FR;9;2021-07-17;0;0;0;0;0;0;0;0;0;0;0;0;0;0;0;0;0;0
FR;9;2021-07-18;0;0;0;0;0;0;0;0;0;0;0;0;0;0;0;0;0;0
FR;9;2021-07-19;0;0;0;0;0;0;0;0;0;0;0;0;0;0;0;0;0;0
FR;9;2021-07-20;0;0;0;0;0;0;0;0;0;0;0;0;0;0;0;0;0;0
FR;9;2021-07-21;0;0;0;0;0;0;0;0;0;0;0;0;0;0;0;0;0;0
FR;9;2021-07-22;0;0;0;0;0;0;0;0;0;0;0;0;0;0;0;0;0;0
FR;9;2021-07-23;0;0;0;0;0;0;0;0;0;0;0;0;0;0;0;0;0;0
FR;9;2021-07-24;0;0;0;0;0;0;0;0;0;0;0;0;0;0;0;0;0;0
FR;9;2021-07-25;0;0;0;0;0;0;0;0;0;0;0;0;0;0;0;0;0;0
FR;9;2021-07-26;0;0;0;0;0;0;0;0;0;0;0;0;0;0;0;0;0;0
FR;9;2021-07-27;0;0;0;0;0;0;0;0;0;0;0;0;0;0;0;0;0;0
FR;9;2021-07-28;0;0;0;0;0;0;0;0;0;0;0;0;0;0;0;0;0;0
FR;9;2021-07-29;0;0;0;0;0;0;0;0;0;0;0;0;0;0;0;0;0;0
FR;9;2021-07-30;0;0;0;0;0;0;0;0;0;0;0;0;0;0;0;0;0;0
FR;9;2021-07-31;0;0;0;0;0;0;0;0;0;0;0;0;0;0;0;0;0;0
FR;9;2021-08-01;0;0;0;0;0;0;0;0;0;0;0;0;0;0;0;0;0;0
FR;9;2021-08-02;0;0;0;0;0;0;0;0;0;0;0;0;0;0;0;0;0;0
FR;9;2021-08-03;0;0;0;0;0;0;0;0;0;0;0;0;0;0;0;0;0;0
FR;9;2021-08-04;0;0;0;0;0;0;0;0;0;0;0;0;0;0;0;0;0;0
FR;9;2021-08-05;0;0;0;0;0;0;0;0;0;0;0;0;0;0;0;0;0;0
FR;9;2021-08-06;0;0;0;0;0;0;0;0;0;0;0;0;0;0;0;0;0;0
FR;9;2021-08-07;0;0;0;0;0;0;0;0;0;0;0;0;0;0;0;0;0;0
FR;9;2021-08-08;0;0;0;0;0;0;0;0;0;0;0;0;0;0;0;0;0;0
FR;9;2021-08-09;0;0;0;0;0;0;0;0;0;0;0;0;0;0;0;0;0;0
FR;9;2021-08-10;0;0;0;0;0;0;0;0;0;0;0;0;0;0;0;0;0;0
FR;9;2021-08-11;0;0;0;0;0;0;0;0;0;0;0;0;0;0;0;0;0;0
FR;9;2021-08-12;0;0;0;0;0;0;0;0;0;0;0;0;0;0;0;0;0;0
FR;9;2021-08-13;0;0;0;0;0;0;0;0;0;0;0;0;0;0;0;0;0;0
FR;9;2021-08-14;0;0;0;0;0;0;0;0;0;0;0;0;0;0;0;0;0;0
FR;9;2021-08-15;0;0;0;0;0;0;0;0;0;0;0;0;0;0;0;0;0;0
FR;9;2021-08-16;0;0;0;0;0;0;0;0;0;0;0;0;0;0;0;0;0;0
FR;9;2021-08-17;0;0;0;0;0;0;0;0;0;0;0;0;0;0;0;0;0;0
FR;9;2021-08-18;0;0;0;0;0;0;0;0;0;0;0;0;0;0;0;0;0;0
FR;9;2021-08-19;0;0;0;0;0;0;0;0;0;0;0;0;0;0;0;0;0;0
FR;9;2021-08-20;0;0;0;0;0;0;0;0;0;0;0;0;0;0;0;0;0;0
FR;9;2021-08-21;0;0;0;0;0;0;0;0;0;0;0;0;0;0;0;0;0;0
FR;9;2021-08-22;0;0;0;0;0;0;0;0;0;0;0;0;0;0;0;0;0;0
FR;9;2021-08-23;0;0;0;0;0;0;0;0;0;0;0;0;0;0;0;0;0;0
FR;9;2021-08-24;0;0;0;0;0;0;0;0;0;0;0;0;0;0;0;0;0;0
FR;9;2021-08-25;0;0;0;0;0;0;0;0;0;0;0;0;0;0;0;0;0;0
FR;9;2021-08-26;0;0;0;0;0;0;0;0;0;0;0;0;0;0;0;0;0;0
FR;9;2021-08-27;0;0;0;0;0;0;0;0;0;0;0;0;0;0;0;0;0;0
FR;9;2021-08-28;0;0;0;0;0;0;0;0;0;0;0;0;0;0;0;0;0;0
FR;9;2021-08-29;0;0;0;0;0;0;0;0;0;0;0;0;0;0;0;0;0;0
FR;9;2021-08-30;0;0;0;0;0;0;0;0;0;0;0;0;0;0;0;0;0;0
FR;9;2021-08-31;0;0;0;0;0;0;0;0;0;0;0;0;0;0;0;0;0;0
FR;9;2021-09-01;0;0;0;0;0;0;0;0;0;0;0;0;0;0;0;0;0;0
FR;9;2021-09-02;0;0;0;0;0;0;0;0;0;0;0;0;0;0;0;0;0;0
FR;9;2021-09-03;0;0;0;0;0;0;0;0;0;0;0;0;0;0;0;0;0;0
FR;9;2021-09-04;0;0;0;0;0;0;0;0;0;0;0;0;0;0;0;0;0;0
FR;9;2021-09-05;0;0;0;0;0;0;0;0;0;0;0;0;0;0;0;0;0;0
FR;9;2021-09-06;0;0;0;0;0;0;0;0;0;0;0;0;0;0;0;0;0;0
FR;9;2021-09-07;0;0;0;0;0;0;0;0;0;0;0;0;0;0;0;0;0;0
FR;9;2021-09-08;0;0;0;0;0;0;0;0;0;0;0;0;0;0;0;0;0;0
FR;9;2021-09-09;0;0;0;0;0;0;0;0;0;0;0;0;0;0;0;0;0;0
FR;9;2021-09-10;0;0;0;0;0;0;0;0;0;0;0;0;0;0;0;0;0;0
FR;9;2021-09-11;0;0;0;0;0;0;0;0;0;0;0;0;0;0;0;0;0;0
FR;9;2021-09-12;0;0;0;0;0;0;0;0;0;0;0;0;0;0;0;0;0;0
FR;9;2021-09-13;0;0;0;0;0;0;0;0;0;0;0;0;0;0;0;0;0;0
FR;9;2021-09-14;0;0;0;0;0;0;0;0;0;0;0;0;0;0;0;0;0;0
FR;9;2021-09-15;0;0;0;0;0;0;0;0;0;0;0;0;0;0;0;0;0;0
FR;9;2021-09-16;0;0;0;0;0;0;0;0;0;0;0;0;0;0;0;0;0;0
FR;9;2021-09-17;0;0;0;0;0;0;0;0;0;0;0;0;0;0;0;0;0;0
FR;9;2021-09-18;0;0;0;0;0;0;0;0;0;0;0;0;0;0;0;0;0;0
FR;9;2021-09-19;0;0;0;0;0;0;0;0;0;0;0;0;0;0;0;0;0;0
FR;9;2021-09-20;0;0;0;0;0;0;0;0;0;0;0;0;0;0;0;0;0;0
FR;9;2021-09-21;0;0;0;0;0;0;0;0;0;0;0;0;0;0;0;0;0;0
FR;9;2021-09-22;0;0;0;0;0;0;0;0;0;0;0;0;0;0;0;0;0;0
FR;9;2021-09-23;0;0;0;0;0;0;0;0;0;0;0;0;0;0;0;0;0;0
FR;9;2021-09-24;0;0;0;0;0;0;0;0;0;0;0;0;0;0;0;0;0;0
FR;9;2021-09-25;0;0;0;0;0;0;0;0;0;0;0;0;0;0;0;0;0;0
FR;9;2021-09-26;0;0;0;0;0;0;0;0;0;0;0;0;0;0;0;0;0;0
FR;9;2021-09-27;0;0;0;0;0;0;0;0;0;0;0;0;0;0;0;0;0;0
FR;9;2021-09-28;0;0;0;0;0;0;0;0;0;0;0;0;0;0;0;0;0;0
FR;9;2021-09-29;0;0;0;0;0;0;0;0;0;0;0;0;0;0;0;0;0;0
FR;9;2021-09-30;0;0;0;0;0;0;0;0;0;0;0;0;0;0;0;0;0;0
FR;9;2021-10-01;0;0;0;0;0;0;0;0;0;0;0;0;0;0;0;0;0;0
FR;9;2021-10-02;0;0;0;0;0;0;0;0;0;0;0;0;0;0;0;0;0;0
FR;9;2021-10-03;0;0;0;0;0;0;0;0;0;0;0;0;0;0;0;0;0;0
FR;9;2021-10-04;0;0;0;0;0;0;0;0;0;0;0;0;0;0;0;0;0;0
FR;9;2021-10-05;0;0;0;0;0;0;0;0;0;0;0;0;0;0;0;0;0;0
FR;9;2021-10-06;0;0;0;0;0;0;0;0;0;0;0;0;0;0;0;0;0;0
FR;9;2021-10-07;0;0;0;0;0;0;0;0;0;0;0;0;0;0;0;0;0;0
FR;9;2021-10-08;0;0;0;0;0;0;0;0;0;0;0;0;0;0;0;0;0;0
FR;9;2021-10-09;0;0;0;0;0;0;0;0;0;0;0;0;0;0;0;0;0;0
FR;9;2021-10-10;0;0;0;0;0;0;0;0;0;0;0;0;0;0;0;0;0;0
FR;9;2021-10-11;0;0;0;0;0;0;0;0;0;0;0;0;0;0;0;0;0;0
FR;9;2021-10-12;0;0;0;0;0;0;0;0;0;0;0;0;0;0;0;0;0;0
FR;9;2021-10-13;0;0;0;0;0;0;0;0;0;0;0;0;0;0;0;0;0;0
FR;9;2021-10-14;0;0;0;0;0;0;0;0;0;0;0;0;0;0;0;0;0;0
FR;9;2021-10-15;0;0;0;0;0;0;0;0;0;0;0;0;0;0;0;0;0;0
FR;9;2021-10-16;0;0;0;0;0;0;0;0;0;0;0;0;0;0;0;0;0;0
FR;9;2021-10-17;0;0;0;0;0;0;0;0;0;0;0;0;0;0;0;0;0;0
FR;9;2021-10-18;0;0;0;0;0;0;0;0;0;0;0;0;0;0;0;0;0;0
FR;9;2021-10-19;0;0;0;0;0;0;0;0;0;0;0;0;0;0;0;0;0;0
FR;9;2021-10-20;0;0;0;0;0;0;0;0;0;0;0;0;0;0;0;0;0;0
FR;9;2021-10-21;0;0;0;0;0;0;0;0;0;0;0;0;0;0;0;0;0;0
FR;9;2021-10-22;0;0;0;0;0;0;0;0;0;0;0;0;0;0;0;0;0;0
FR;9;2021-10-23;0;0;0;0;0;0;0;0;0;0;0;0;0;0;0;0;0;0
FR;9;2021-10-24;0;0;0;0;0;0;0;0;0;0;0;0;0;0;0;0;0;0
FR;9;2021-10-25;0;0;0;0;0;0;0;0;0;0;0;0;0;0;0;0;0;0
FR;9;2021-10-26;0;0;0;0;0;0;0;0;0;0;0;0;0;0;0;0;0;0
FR;9;2021-10-27;0;0;0;0;0;0;0;0;0;0;0;0;0;0;0;0;0;0
FR;9;2021-10-28;0;0;0;0;0;0;0;0;0;0;0;0;0;0;0;0;0;0
FR;9;2021-10-29;0;0;0;0;0;0;0;0;0;0;0;0;0;0;0;0;0;0
FR;9;2021-10-30;0;0;0;0;0;0;0;0;0;0;0;0;0;0;0;0;0;0
FR;9;2021-10-31;0;0;0;0;0;0;0;0;0;0;0;0;0;0;0;0;0;0
FR;9;2021-11-01;0;0;0;0;0;0;0;0;0;0;0;0;0;0;0;0;0;0
FR;9;2021-11-02;0;0;0;0;0;0;0;0;0;0;0;0;0;0;0;0;0;0
FR;9;2021-11-03;0;0;0;0;0;0;0;0;0;0;0;0;0;0;0;0;0;0
FR;9;2021-11-04;0;0;0;0;0;0;0;0;0;0;0;0;0;0;0;0;0;0
FR;9;2021-11-05;0;0;0;0;0;0;0;0;0;0;0;0;0;0;0;0;0;0
FR;9;2021-11-06;0;0;0;0;0;0;0;0;0;0;0;0;0;0;0;0;0;0
FR;9;2021-11-07;0;0;0;0;0;0;0;0;0;0;0;0;0;0;0;0;0;0
FR;9;2021-11-08;0;0;0;0;0;0;0;0;0;0;0;0;0;0;0;0;0;0
FR;9;2021-11-09;0;0;0;0;0;0;0;0;0;0;0;0;0;0;0;0;0;0
FR;9;2021-11-10;0;0;0;0;0;0;0;0;0;0;0;0;0;0;0;0;0;0
FR;9;2021-11-11;0;0;0;0;0;0;0;0;0;0;0;0;0;0;0;0;0;0
FR;9;2021-11-12;0;0;0;0;0;0;0;0;0;0;0;0;0;0;0;0;0;0
FR;9;2021-11-13;0;0;0;0;0;0;0;0;0;0;0;0;0;0;0;0;0;0
FR;9;2021-11-14;0;0;0;0;0;0;0;0;0;0;0;0;0;0;0;0;0;0
FR;9;2021-11-15;0;0;0;0;0;0;0;0;0;0;0;0;0;0;0;0;0;0
FR;9;2021-11-16;0;0;0;0;0;0;0;0;0;0;0;0;0;0;0;0;0;0
FR;9;2021-11-17;0;0;0;0;0;0;0;0;0;0;0;0;0;0;0;0;0;0
FR;9;2021-11-18;0;0;0;0;0;0;0;0;0;0;0;0;0;0;0;0;0;0
FR;9;2021-11-19;0;0;0;0;0;0;0;0;0;0;0;0;0;0;0;0;0;0
FR;9;2021-11-20;0;0;0;0;0;0;0;0;0;0;0;0;0;0;0;0;0;0
FR;9;2021-11-21;0;0;0;0;0;0;0;0;0;0;0;0;0;0;0;0;0;0
FR;9;2021-11-22;0;0;0;0;0;0;0;0;0;0;0;0;0;0;0;0;0;0
FR;9;2021-11-23;0;0;0;0;0;0;0;0;0;0;0;0;0;0;0;0;0;0
FR;9;2021-11-24;0;0;0;0;0;0;0;0;0;0;0;0;0;0;0;0;0;0
FR;9;2021-11-25;0;0;0;0;0;0;0;0;0;0;0;0;0;0;0;0;0;0
FR;9;2021-11-26;0;0;0;0;0;0;0;0;0;0;0;0;0;0;0;0;0;0
FR;9;2021-11-27;0;0;0;0;0;0;0;0;0;0;0;0;0;0;0;0;0;0
FR;9;2021-11-28;0;0;0;0;0;0;0;0;0;0;0;0;0;0;0;0;0;0
FR;9;2021-11-29;0;0;0;0;0;0;0;0;0;0;0;0;0;0;0;0;0;0
FR;9;2021-11-30;0;0;0;0;0;0;0;0;0;0;0;0;0;0;0;0;0;0
FR;9;2021-12-01;0;0;0;0;0;0;0;0;0;0;0;0;0;0;0;0;0;0
FR;9;2021-12-02;0;0;0;0;0;0;0;0;0;0;0;0;0;0;0;0;0;0
FR;9;2021-12-03;0;0;0;0;0;0;0;0;0;0;0;0;0;0;0;0;0;0
FR;9;2021-12-04;0;0;0;0;0;0;0;0;0;0;0;0;0;0;0;0;0;0
FR;9;2021-12-05;0;0;0;0;0;0;0;0;0;0;0;0;0;0;0;0;0;0
FR;9;2021-12-06;0;0;0;0;0;0;0;0;0;0;0;0;0;0;0;0;0;0
FR;9;2021-12-07;0;0;0;0;0;0;0;0;0;0;0;0;0;0;0;0;0;0
FR;9;2021-12-08;0;0;0;0;0;0;0;0;0;0;0;0;0;0;0;0;0;0
FR;9;2021-12-09;0;0;0;0;0;0;0;0;0;0;0;0;0;0;0;0;0;0
FR;9;2021-12-10;0;0;0;0;0;0;0;0;0;0;0;0;0;0;0;0;0;0
FR;9;2021-12-11;0;0;0;0;0;0;0;0;0;0;0;0;0;0;0;0;0;0
FR;9;2021-12-12;0;0;0;0;0;0;0;0;0;0;0;0;0;0;0;0;0;0
FR;9;2021-12-13;0;0;0;0;0;0;0;0;0;0;0;0;0;0;0;0;0;0
FR;9;2021-12-14;0;0;0;0;0;0;0;0;0;0;0;0;0;0;0;0;0;0
FR;9;2021-12-15;0;0;0;0;0;0;0;0;0;0;0;0;0;0;0;0;0;0
FR;9;2021-12-16;0;0;0;0;0;0;0;0;0;0;0;0;0;0;0;0;0;0
FR;9;2021-12-17;0;0;0;0;0;0;0;0;0;0;0;0;0;0;0;0;0;0
FR;9;2021-12-18;0;0;0;0;0;0;0;0;0;0;0;0;0;0;0;0;0;0
FR;9;2021-12-19;0;0;0;0;0;0;0;0;0;0;0;0;0;0;0;0;0;0
FR;9;2021-12-20;0;0;0;0;0;0;0;0;0;0;0;0;0;0;0;0;0;0
FR;9;2021-12-21;0;0;0;0;0;0;0;0;0;0;0;0;0;0;0;0;0;0
FR;9;2021-12-22;0;0;0;0;0;0;0;0;0;0;0;0;0;0;0;0;0;0
FR;9;2021-12-23;0;0;0;0;0;0;0;0;0;0;0;0;0;0;0;0;0;0
FR;9;2021-12-24;0;0;0;0;0;0;0;0;0;0;0;0;0;0;0;0;0;0
FR;9;2021-12-25;0;0;0;0;0;0;0;0;0;0;0;0;0;0;0;0;0;0
FR;9;2021-12-26;0;0;0;0;0;0;0;0;0;0;0;0;0;0;0;0;0;0
FR;9;2021-12-27;0;0;0;0;0;0;0;0;0;0;0;0;0;0;0;0;0;0
FR;9;2021-12-28;0;0;0;0;0;0;0;0;0;0;0;0;0;0;0;0;0;0
FR;9;2021-12-29;0;0;0;0;0;0;0;0;0;0;0;0;0;0;0;0;0;0
FR;9;2021-12-30;0;0;0;0;0;0;0;0;0;0;0;0;0;0;0;0;0;0
FR;9;2021-12-31;0;0;0;0;0;0;0;0;0;0;0;0;0;0;0;0;0;0
FR;9;2022-01-01;0;0;0;0;0;0;0;0;0;0;0;0;0;0;0;0;0;0
FR;9;2022-01-02;0;0;0;0;0;0;0;0;0;0;0;0;0;0;0;0;0;0
FR;9;2022-01-03;0;0;0;0;0;0;0;0;0;0;0;0;0;0;0;0;0;0
FR;9;2022-01-04;0;0;0;0;0;0;0;0;0;0;0;0;0;0;0;0;0;0
FR;9;2022-01-05;0;0;0;0;0;0;0;0;0;0;0;0;0;0;0;0;0;0
FR;9;2022-01-06;0;0;0;0;0;0;0;0;0;0;0;0;0;0;0;0;0;0
FR;9;2022-01-07;0;0;0;0;0;0;0;0;0;0;0;0;0;0;0;0;0;0
FR;9;2022-01-08;0;0;0;0;0;0;0;0;0;0;0;0;0;0;0;0;0;0
FR;9;2022-01-09;0;0;0;0;0;0;0;0;0;0;0;0;0;0;0;0;0;0
FR;9;2022-01-10;0;0;0;0;0;0;0;0;0;0;0;0;0;0;0;0;0;0
FR;9;2022-01-11;0;0;0;0;0;0;0;0;0;0;0;0;0;0;0;0;0;0
FR;9;2022-01-12;0;0;0;0;0;0;0;0;0;0;0;0;0;0;0;0;0;0
FR;9;2022-01-13;0;0;0;0;0;0;0;0;0;0;0;0;0;0;0;0;0;0
FR;9;2022-01-14;0;0;0;0;0;0;0;0;0;0;0;0;0;0;0;0;0;0
FR;9;2022-01-15;0;0;0;0;0;0;0;0;0;0;0;0;0;0;0;0;0;0
FR;9;2022-01-16;0;0;0;0;0;0;0;0;0;0;0;0;0;0;0;0;0;0
FR;9;2022-01-17;0;0;0;0;0;0;0;0;0;0;0;0;0;0;0;0;0;0
FR;9;2022-01-18;0;0;0;0;0;0;0;0;0;0;0;0;0;0;0;0;0;0
FR;9;2022-01-19;0;0;0;0;0;0;0;0;0;0;0;0;0;0;0;0;0;0
FR;9;2022-01-20;0;0;0;0;0;0;0;0;0;0;0;0;0;0;0;0;0;0
FR;9;2022-01-21;0;0;0;0;0;0;0;0;0;0;0;0;0;0;0;0;0;0
FR;9;2022-01-22;0;0;0;0;0;0;0;0;0;0;0;0;0;0;0;0;0;0
FR;9;2022-01-23;0;0;0;0;0;0;0;0;0;0;0;0;0;0;0;0;0;0
FR;9;2022-01-24;0;0;0;0;0;0;0;0;0;0;0;0;0;0;0;0;0;0
FR;9;2022-01-25;0;0;0;0;0;0;0;0;0;0;0;0;0;0;0;0;0;0
FR;9;2022-01-26;0;0;0;0;0;0;0;0;0;0;0;0;0;0;0;0;0;0
FR;9;2022-01-27;0;0;0;0;0;0;0;0;0;0;0;0;0;0;0;0;0;0
FR;9;2022-01-28;0;0;0;0;0;0;0;0;0;0;0;0;0;0;0;0;0;0
FR;9;2022-01-29;0;0;0;0;0;0;0;0;0;0;0;0;0;0;0;0;0;0
FR;9;2022-01-30;0;0;0;0;0;0;0;0;0;0;0;0;0;0;0;0;0;0
FR;9;2022-01-31;0;0;0;0;0;0;0;0;0;0;0;0;0;0;0;0;0;0
FR;9;2022-02-01;0;0;0;0;0;0;0;0;0;0;0;0;0;0;0;0;0;0
FR;9;2022-02-02;0;0;0;0;0;0;0;0;0;0;0;0;0;0;0;0;0;0
FR;9;2022-02-03;0;0;0;0;0;0;0;0;0;0;0;0;0;0;0;0;0;0
FR;9;2022-02-04;0;0;0;0;0;0;0;0;0;0;0;0;0;0;0;0;0;0
FR;9;2022-02-05;0;0;0;0;0;0;0;0;0;0;0;0;0;0;0;0;0;0
FR;9;2022-02-06;0;0;0;0;0;0;0;0;0;0;0;0;0;0;0;0;0;0
FR;9;2022-02-07;0;0;0;0;0;0;0;0;0;0;0;0;0;0;0;0;0;0
FR;9;2022-02-08;0;0;0;0;0;0;0;0;0;0;0;0;0;0;0;0;0;0
FR;9;2022-02-09;0;0;0;0;0;0;0;0;0;0;0;0;0;0;0;0;0;0
FR;9;2022-02-10;0;0;0;0;0;0;0;0;0;0;0;0;0;0;0;0;0;0
FR;9;2022-02-11;0;0;0;0;0;0;0;0;0;0;0;0;0;0;0;0;0;0
FR;9;2022-02-12;0;0;0;0;0;0;0;0;0;0;0;0;0;0;0;0;0;0
FR;9;2022-02-13;0;0;0;0;0;0;0;0;0;0;0;0;0;0;0;0;0;0
FR;9;2022-02-14;0;0;0;0;0;0;0;0;0;0;0;0;0;0;0;0;0;0
FR;9;2022-02-15;0;0;0;0;0;0;0;0;0;0;0;0;0;0;0;0;0;0
FR;9;2022-02-16;0;0;0;0;0;0;0;0;0;0;0;0;0;0;0;0;0;0
FR;9;2022-02-17;0;0;0;0;0;0;0;0;0;0;0;0;0;0;0;0;0;0
FR;9;2022-02-18;0;0;0;0;0;0;0;0;0;0;0;0;0;0;0;0;0;0
FR;9;2022-02-19;0;0;0;0;0;0;0;0;0;0;0;0;0;0;0;0;0;0
FR;9;2022-02-20;0;0;0;0;0;0;0;0;0;0;0;0;0;0;0;0;0;0
FR;9;2022-02-21;0;0;0;0;0;0;0;0;0;0;0;0;0;0;0;0;0;0
FR;9;2022-02-22;0;0;0;0;0;0;0;0;0;0;0;0;0;0;0;0;0;0
FR;9;2022-02-23;0;0;0;0;0;0;0;0;0;0;0;0;0;0;0;0;0;0
FR;9;2022-02-24;0;0;0;0;0;0;0;0;0;0;0;0;0;0;0;0;0;0
FR;9;2022-02-25;0;0;0;0;0;0;0;0;0;0;0;0;0;0;0;0;0;0
FR;9;2022-02-26;0;0;0;0;0;0;0;0;0;0;0;0;0;0;0;0;0;0
FR;9;2022-02-27;0;0;0;0;0;0;0;0;0;0;0;0;0;0;0;0;0;0
FR;9;2022-02-28;0;0;0;0;0;0;0;0;0;0;0;0;0;0;0;0;0;0
FR;9;2022-03-01;0;0;0;0;0;0;0;0;0;0;0;0;0;0;0;0;0;0
FR;9;2022-03-02;0;0;0;0;0;0;0;0;0;0;0;0;0;0;0;0;0;0
FR;9;2022-03-03;0;0;0;0;0;0;0;0;0;0;0;0;0;0;0;0;0;0
FR;9;2022-03-04;0;0;0;0;0;0;0;0;0;0;0;0;0;0;0;0;0;0
FR;9;2022-03-05;0;0;0;0;0;0;0;0;0;0;0;0;0;0;0;0;0;0
FR;9;2022-03-06;0;0;0;0;0;0;0;0;0;0;0;0;0;0;0;0;0;0
FR;9;2022-03-07;0;0;0;0;0;0;0;0;0;0;0;0;0;0;0;0;0;0
FR;9;2022-03-08;0;0;0;0;0;0;0;0;0;0;0;0;0;0;0;0;0;0
FR;9;2022-03-09;0;0;0;0;0;0;0;0;0;0;0;0;0;0;0;0;0;0
FR;9;2022-03-10;0;0;0;0;0;0;0;0;0;0;0;0;0;0;0;0;0;0
FR;9;2022-03-11;0;0;0;0;0;0;0;0;0;0;0;0;0;0;0;0;0;0
FR;9;2022-03-12;0;0;0;0;0;0;0;0;0;0;0;0;0;0;0;0;0;0
FR;9;2022-03-13;0;0;0;0;0;0;0;0;0;0;0;0;0;0;0;0;0;0
FR;9;2022-03-14;0;0;0;0;0;0;0;0;0;0;0;0;0;0;0;0;0;0
FR;9;2022-03-15;0;0;0;0;0;0;0;0;0;0;0;0;0;0;0;0;0;0
FR;9;2022-03-16;0;0;0;0;0;0;0;0;0;0;0;0;0;0;0;0;0;0
FR;9;2022-03-17;0;0;0;0;0;0;0;0;0;0;0;0;0;0;0;0;0;0
FR;9;2022-03-18;0;0;0;0;0;0;0;0;0;0;0;0;0;0;0;0;0;0
FR;9;2022-03-19;0;0;0;0;0;0;0;0;0;0;0;0;0;0;0;0;0;0
FR;9;2022-03-20;0;0;0;0;0;0;0;0;0;0;0;0;0;0;0;0;0;0
FR;9;2022-03-21;0;0;0;0;0;0;0;0;0;0;0;0;0;0;0;0;0;0
FR;9;2022-03-22;0;0;0;0;0;0;0;0;0;0;0;0;0;0;0;0;0;0
FR;9;2022-03-23;0;0;0;0;0;0;0;0;0;0;0;0;0;0;0;0;0;0
FR;9;2022-03-24;0;0;0;0;0;0;0;0;0;0;0;0;0;0;0;0;0;0
FR;9;2022-03-25;0;0;0;0;0;0;0;0;0;0;0;0;0;0;0;0;0;0
FR;9;2022-03-26;0;0;0;0;0;0;0;0;0;0;0;0;0;0;0;0;0;0
FR;9;2022-03-27;0;0;0;0;0;0;0;0;0;0;0;0;0;0;0;0;0;0
FR;9;2022-03-28;0;0;0;0;0;0;0;0;0;0;0;0;0;0;0;0;0;0
FR;9;2022-03-29;0;0;0;0;0;0;0;0;0;0;0;0;0;0;0;0;0;0
FR;9;2022-03-30;0;0;0;0;0;0;0;0;0;0;0;0;0;0;0;0;0;0
FR;9;2022-03-31;0;0;0;0;0;0;0;0;0;0;0;0;0;0;0;0;0;0
FR;9;2022-04-01;0;0;0;0;0;0;0;0;0;0;0;0;0;0;0;0;0;0
FR;9;2022-04-02;0;0;0;0;0;0;0;0;0;0;0;0;0;0;0;0;0;0
FR;9;2022-04-03;0;0;0;0;0;0;0;0;0;0;0;0;0;0;0;0;0;0
FR;9;2022-04-04;0;0;0;0;0;0;0;0;0;0;0;0;0;0;0;0;0;0
FR;9;2022-04-05;0;0;0;0;0;0;0;0;0;0;0;0;0;0;0;0;0;0
FR;9;2022-04-06;0;0;0;0;0;0;0;0;0;0;0;0;0;0;0;0;0;0
FR;9;2022-04-07;0;0;0;0;0;0;0;0;0;0;0;0;0;0;0;0;0;0
FR;9;2022-04-08;0;0;0;0;0;0;0;0;0;0;0;0;0;0;0;0;0;0
FR;9;2022-04-09;0;0;0;0;0;0;0;0;0;0;0;0;0;0;0;0;0;0
FR;9;2022-04-10;0;0;0;0;0;0;0;0;0;0;0;0;0;0;0;0;0;0
FR;9;2022-04-11;0;0;0;0;0;0;0;0;0;0;0;0;0;0;0;0;0;0
FR;9;2022-04-12;0;0;0;0;0;0;0;0;0;0;0;0;0;0;0;0;0;0
FR;9;2022-04-13;0;0;0;0;0;0;0;0;0;0;0;0;0;0;0;0;0;0
FR;9;2022-04-14;0;0;0;0;0;0;0;0;0;0;0;0;0;0;0;0;0;0
FR;9;2022-04-15;0;0;0;0;0;0;0;0;0;0;0;0;0;0;0;0;0;0
FR;9;2022-04-16;0;0;0;0;0;0;0;0;0;0;0;0;0;0;0;0;0;0
FR;9;2022-04-17;0;0;0;0;0;0;0;0;0;0;0;0;0;0;0;0;0;0
FR;9;2022-04-18;0;0;0;0;0;0;0;0;0;0;0;0;0;0;0;0;0;0
FR;9;2022-04-19;0;0;0;0;0;0;0;0;0;0;0;0;0;0;0;0;0;0
FR;9;2022-04-20;0;0;0;0;0;0;0;0;0;0;0;0;0;0;0;0;0;0
FR;9;2022-04-21;0;0;0;0;0;0;0;0;0;0;0;0;0;0;0;0;0;0
FR;9;2022-04-22;0;0;0;0;0;0;0;0;0;0;0;0;0;0;0;0;0;0
FR;9;2022-04-23;0;0;0;0;0;0;0;0;0;0;0;0;0;0;0;0;0;0
FR;9;2022-04-24;0;0;0;0;0;0;0;0;0;0;0;0;0;0;0;0;0;0
FR;9;2022-04-25;0;0;0;0;0;0;0;0;0;0;0;0;0;0;0;0;0;0
FR;9;2022-04-26;0;0;0;0;0;0;0;0;0;0;0;0;0;0;0;0;0;0
FR;9;2022-04-27;0;0;0;0;0;0;0;0;0;0;0;0;0;0;0;0;0;0
FR;9;2022-04-28;0;0;0;0;0;0;0;0;0;0;0;0;0;0;0;0;0;0
FR;9;2022-04-29;0;0;0;0;0;0;0;0;0;0;0;0;0;0;0;0;0;0
FR;9;2022-04-30;0;0;0;0;0;0;0;0;0;0;0;0;0;0;0;0;0;0
FR;9;2022-05-01;0;0;0;0;0;0;0;0;0;0;0;0;0;0;0;0;0;0
FR;9;2022-05-02;0;0;0;0;0;0;0;0;0;0;0;0;0;0;0;0;0;0
FR;9;2022-05-03;0;0;0;0;0;0;0;0;0;0;0;0;0;0;0;0;0;0
FR;9;2022-05-04;0;0;0;0;0;0;0;0;0;0;0;0;0;0;0;0;0;0
FR;9;2022-05-05;0;0;0;0;0;0;0;0;0;0;0;0;0;0;0;0;0;0
FR;9;2022-05-06;0;0;0;0;0;0;0;0;0;0;0;0;0;0;0;0;0;0
FR;9;2022-05-07;0;0;0;0;0;0;0;0;0;0;0;0;0;0;0;0;0;0
FR;9;2022-05-08;0;0;0;0;0;0;0;0;0;0;0;0;0;0;0;0;0;0
FR;9;2022-05-09;0;0;0;0;0;0;0;0;0;0;0;0;0;0;0;0;0;0
FR;9;2022-05-10;0;0;0;0;0;0;0;0;0;0;0;0;0;0;0;0;0;0
FR;9;2022-05-11;0;0;0;0;0;0;0;0;0;0;0;0;0;0;0;0;0;0
FR;9;2022-05-12;0;0;0;0;0;0;0;0;0;0;0;0;0;0;0;0;0;0
FR;9;2022-05-13;0;0;0;0;0;0;0;0;0;0;0;0;0;0;0;0;0;0
FR;9;2022-05-14;0;0;0;0;0;0;0;0;0;0;0;0;0;0;0;0;0;0
FR;9;2022-05-15;0;0;0;0;0;0;0;0;0;0;0;0;0;0;0;0;0;0
FR;9;2022-05-16;0;0;0;0;0;0;0;0;0;0;0;0;0;0;0;0;0;0
FR;9;2022-05-17;0;0;0;0;0;0;0;0;0;0;0;0;0;0;0;0;0;0
FR;9;2022-05-18;0;0;0;0;0;0;0;0;0;0;0;0;0;0;0;0;0;0
FR;9;2022-05-19;0;0;0;0;0;0;0;0;0;0;0;0;0;0;0;0;0;0
FR;9;2022-05-20;0;0;0;0;0;0;0;0;0;0;0;0;0;0;0;0;0;0
FR;9;2022-05-21;0;0;0;0;0;0;0;0;0;0;0;0;0;0;0;0;0;0
FR;9;2022-05-22;0;0;0;0;0;0;0;0;0;0;0;0;0;0;0;0;0;0
FR;9;2022-05-23;0;0;0;0;0;0;0;0;0;0;0;0;0;0;0;0;0;0
FR;9;2022-05-24;0;0;0;0;0;0;0;0;0;0;0;0;0;0;0;0;0;0
FR;9;2022-05-25;0;0;0;0;0;0;0;0;0;0;0;0;0;0;0;0;0;0
FR;9;2022-05-26;0;0;0;0;0;0;0;0;0;0;0;0;0;0;0;0;0;0
FR;9;2022-05-27;0;0;0;0;0;0;0;0;0;0;0;0;0;0;0;0;0;0
FR;9;2022-05-28;0;0;0;0;0;0;0;0;0;0;0;0;0;0;0;0;0;0
FR;9;2022-05-29;0;0;0;0;0;0;0;0;0;0;0;0;0;0;0;0;0;0
FR;9;2022-05-30;0;0;0;0;0;0;0;0;0;0;0;0;0;0;0;0;0;0
FR;9;2022-05-31;0;0;0;0;0;0;0;0;0;0;0;0;0;0;0;0;0;0
FR;9;2022-06-01;0;0;0;0;0;0;0;0;0;0;0;0;0;0;0;0;0;0
FR;9;2022-06-02;0;0;0;0;0;0;0;0;0;0;0;0;0;0;0;0;0;0
FR;9;2022-06-03;0;0;0;0;0;0;0;0;0;0;0;0;0;0;0;0;0;0
FR;9;2022-06-04;0;0;0;0;0;0;0;0;0;0;0;0;0;0;0;0;0;0
FR;9;2022-06-05;0;0;0;0;0;0;0;0;0;0;0;0;0;0;0;0;0;0
FR;9;2022-06-06;0;0;0;0;0;0;0;0;0;0;0;0;0;0;0;0;0;0
FR;9;2022-06-07;0;0;0;0;0;0;0;0;0;0;0;0;0;0;0;0;0;0
FR;9;2022-06-08;0;0;0;0;0;0;0;0;0;0;0;0;0;0;0;0;0;0
FR;9;2022-06-09;0;0;0;0;0;0;0;0;0;0;0;0;0;0;0;0;0;0
FR;9;2022-06-10;0;0;0;0;0;0;0;0;0;0;0;0;0;0;0;0;0;0
FR;9;2022-06-11;0;0;0;0;0;0;0;0;0;0;0;0;0;0;0;0;0;0
FR;9;2022-06-12;0;0;0;0;0;0;0;0;0;0;0;0;0;0;0;0;0;0
FR;9;2022-06-13;0;0;0;0;0;0;0;0;0;0;0;0;0;0;0;0;0;0
FR;9;2022-06-14;0;0;0;0;0;0;0;0;0;0;0;0;0;0;0;0;0;0
FR;9;2022-06-15;0;0;0;0;0;0;0;0;0;0;0;0;0;0;0;0;0;0
FR;9;2022-06-16;0;0;0;0;0;0;0;0;0;0;0;0;0;0;0;0;0;0
FR;9;2022-06-17;0;0;0;0;0;0;0;0;0;0;0;0;0;0;0;0;0;0
FR;9;2022-06-18;0;0;0;0;0;0;0;0;0;0;0;0;0;0;0;0;0;0
FR;9;2022-06-19;0;0;0;0;0;0;0;0;0;0;0;0;0;0;0;0;0;0
FR;9;2022-06-20;0;0;0;0;0;0;0;0;0;0;0;0;0;0;0;0;0;0
FR;9;2022-06-21;0;0;0;0;0;0;0;0;0;0;0;0;0;0;0;0;0;0
FR;9;2022-06-22;0;0;0;0;0;0;0;0;0;0;0;0;0;0;0;0;0;0
FR;9;2022-06-23;0;0;0;0;0;0;0;0;0;0;0;0;0;0;0;0;0;0
FR;9;2022-06-24;0;0;0;0;0;0;0;0;0;0;0;0;0;0;0;0;0;0
FR;9;2022-06-25;0;0;0;0;0;0;0;0;0;0;0;0;0;0;0;0;0;0
FR;9;2022-06-26;0;0;0;0;0;0;0;0;0;0;0;0;0;0;0;0;0;0
FR;9;2022-06-27;0;0;0;0;0;0;0;0;0;0;0;0;0;0;0;0;0;0
FR;9;2022-06-28;0;0;0;0;0;0;0;0;0;0;0;0;0;0;0;0;0;0
FR;9;2022-06-29;0;0;0;0;0;0;0;0;0;0;0;0;0;0;0;0;0;0
FR;9;2022-06-30;0;0;0;0;0;0;0;0;0;0;0;0;0;0;0;0;0;0
FR;9;2022-07-01;0;0;0;0;0;0;0;0;0;0;0;0;0;0;0;0;0;0
FR;9;2022-07-02;0;0;0;0;0;0;0;0;0;0;0;0;0;0;0;0;0;0
FR;9;2022-07-03;0;0;0;0;0;0;0;0;0;0;0;0;0;0;0;0;0;0
FR;9;2022-07-04;0;0;0;0;0;0;0;0;0;0;0;0;0;0;0;0;0;0
FR;9;2022-07-05;0;0;0;0;0;0;0;0;0;0;0;0;0;0;0;0;0;0
FR;9;2022-07-06;0;0;0;0;0;0;0;0;0;0;0;0;0;0;0;0;0;0
FR;9;2022-07-07;0;0;0;0;0;0;0;0;0;0;0;0;0;0;0;0;0;0
FR;9;2022-07-08;0;0;0;0;0;0;0;0;0;0;0;0;0;0;0;0;0;0
FR;9;2022-07-09;0;0;0;0;0;0;0;0;0;0;0;0;0;0;0;0;0;0
FR;9;2022-07-10;0;0;0;0;0;0;0;0;0;0;0;0;0;0;0;0;0;0
FR;9;2022-07-11;0;0;0;0;0;0;0;0;0;0;0;0;0;0;0;0;0;0
FR;9;2022-07-12;0;0;0;0;0;0;0;0;0;0;0;0;0;0;0;0;0;0
FR;9;2022-07-13;0;0;0;0;0;0;0;0;0;0;0;0;0;0;0;0;0;0
FR;9;2022-07-14;0;0;0;0;0;0;0;0;0;0;0;0;0;0;0;0;0;0
FR;9;2022-07-15;0;0;0;0;0;0;0;0;0;0;0;0;0;0;0;0;0;0
FR;9;2022-07-16;0;0;0;0;0;0;0;0;0;0;0;0;0;0;0;0;0;0
FR;9;2022-07-17;0;0;0;0;0;0;0;0;0;0;0;0;0;0;0;0;0;0
FR;9;2022-07-18;0;0;0;0;0;0;0;0;0;0;0;0;0;0;0;0;0;0
FR;9;2022-07-19;0;0;0;0;0;0;0;0;0;0;0;0;0;0;0;0;0;0
FR;9;2022-07-20;0;0;0;0;0;0;0;0;0;0;0;0;0;0;0;0;0;0
FR;9;2022-07-21;0;0;0;0;0;0;0;0;0;0;0;0;0;0;0;0;0;0
FR;9;2022-07-22;0;0;0;0;0;0;0;0;0;0;0;0;0;0;0;0;0;0
FR;9;2022-07-23;0;0;0;0;0;0;0;0;0;0;0;0;0;0;0;0;0;0
FR;9;2022-07-24;0;0;0;0;0;0;0;0;0;0;0;0;0;0;0;0;0;0
FR;9;2022-07-25;0;0;0;0;0;0;0;0;0;0;0;0;0;0;0;0;0;0
FR;9;2022-07-26;0;0;0;0;0;0;0;0;0;0;0;0;0;0;0;0;0;0
FR;9;2022-07-27;0;0;0;0;0;0;0;0;0;0;0;0;0;0;0;0;0;0
FR;9;2022-07-28;0;0;0;0;0;0;0;0;0;0;0;0;0;0;0;0;0;0
FR;9;2022-07-29;0;0;0;0;0;0;0;0;0;0;0;0;0;0;0;0;0;0
FR;9;2022-07-30;0;0;0;0;0;0;0;0;0;0;0;0;0;0;0;0;0;0
FR;9;2022-07-31;0;0;0;0;0;0;0;0;0;0;0;0;0;0;0;0;0;0
FR;9;2022-08-01;0;0;0;0;0;0;0;0;0;0;0;0;0;0;0;0;0;0
FR;9;2022-08-02;0;0;0;0;0;0;0;0;0;0;0;0;0;0;0;0;0;0
FR;9;2022-08-03;0;0;0;0;0;0;0;0;0;0;0;0;0;0;0;0;0;0
FR;9;2022-08-04;0;0;0;0;0;0;0;0;0;0;0;0;0;0;0;0;0;0
FR;9;2022-08-05;0;0;0;0;0;0;0;0;0;0;0;0;0;0;0;0;0;0
FR;9;2022-08-06;0;0;0;0;0;0;0;0;0;0;0;0;0;0;0;0;0;0
FR;9;2022-08-07;0;0;0;0;0;0;0;0;0;0;0;0;0;0;0;0;0;0
FR;9;2022-08-08;0;0;0;0;0;0;0;0;0;0;0;0;0;0;0;0;0;0
FR;9;2022-08-09;0;0;0;0;0;0;0;0;0;0;0;0;0;0;0;0;0;0
FR;9;2022-08-10;0;0;0;0;0;0;0;0;0;0;0;0;0;0;0;0;0;0
FR;9;2022-08-11;0;0;0;0;0;0;0;0;0;0;0;0;0;0;0;0;0;0
FR;9;2022-08-12;0;0;0;0;0;0;0;0;0;0;0;0;0;0;0;0;0;0
FR;9;2022-08-13;0;0;0;0;0;0;0;0;0;0;0;0;0;0;0;0;0;0
FR;9;2022-08-14;0;0;0;0;0;0;0;0;0;0;0;0;0;0;0;0;0;0
FR;9;2022-08-15;0;0;0;0;0;0;0;0;0;0;0;0;0;0;0;0;0;0
FR;9;2022-08-16;0;0;0;0;0;0;0;0;0;0;0;0;0;0;0;0;0;0
FR;9;2022-08-17;0;0;0;0;0;0;0;0;0;0;0;0;0;0;0;0;0;0
FR;9;2022-08-18;0;0;0;0;0;0;0;0;0;0;0;0;0;0;0;0;0;0
FR;9;2022-08-19;0;0;0;0;0;0;0;0;0;0;0;0;0;0;0;0;0;0
FR;9;2022-08-20;0;0;0;0;0;0;0;0;0;0;0;0;0;0;0;0;0;0
FR;9;2022-08-21;0;0;0;0;0;0;0;0;0;0;0;0;0;0;0;0;0;0
FR;9;2022-08-22;0;0;0;0;0;0;0;0;0;0;0;0;0;0;0;0;0;0
FR;9;2022-08-23;0;0;0;0;0;0;0;0;0;0;0;0;0;0;0;0;0;0
FR;9;2022-08-24;0;0;0;0;0;0;0;0;0;0;0;0;0;0;0;0;0;0
FR;9;2022-08-25;0;0;0;0;0;0;0;0;0;0;0;0;0;0;0;0;0;0
FR;9;2022-08-26;0;0;0;0;0;0;0;0;0;0;0;0;0;0;0;0;0;0
FR;9;2022-08-27;0;0;0;0;0;0;0;0;0;0;0;0;0;0;0;0;0;0
FR;9;2022-08-28;0;0;0;0;0;0;0;0;0;0;0;0;0;0;0;0;0;0
FR;9;2022-08-29;0;0;0;0;0;0;0;0;0;0;0;0;0;0;0;0;0;0
FR;9;2022-08-30;0;0;0;0;0;0;0;0;0;0;0;0;0;0;0;0;0;0
FR;9;2022-08-31;0;0;0;0;0;0;0;0;0;0;0;0;0;0;0;0;0;0
FR;9;2022-09-01;0;0;0;0;0;0;0;0;0;0;0;0;0;0;0;0;0;0
FR;9;2022-09-02;0;0;0;0;0;0;0;0;0;0;0;0;0;0;0;0;0;0
FR;9;2022-09-03;0;0;0;0;0;0;0;0;0;0;0;0;0;0;0;0;0;0
FR;9;2022-09-04;0;0;0;0;0;0;0;0;0;0;0;0;0;0;0;0;0;0
FR;9;2022-09-05;0;0;0;0;0;0;0;0;0;0;0;0;0;0;0;0;0;0
FR;9;2022-09-06;0;0;0;0;0;0;0;0;0;0;0;0;0;0;0;0;0;0
FR;9;2022-09-07;0;0;0;0;0;0;0;0;0;0;0;0;0;0;0;0;0;0
FR;9;2022-09-08;0;0;0;0;0;0;0;0;0;0;0;0;0;0;0;0;0;0
FR;9;2022-09-09;0;0;0;0;0;0;0;0;0;0;0;0;0;0;0;0;0;0
FR;9;2022-09-10;0;0;0;0;0;0;0;0;0;0;0;0;0;0;0;0;0;0
FR;9;2022-09-11;0;0;0;0;0;0;0;0;0;0;0;0;0;0;0;0;0;0
FR;9;2022-09-12;0;0;0;0;0;0;0;0;0;0;0;0;0;0;0;0;0;0
FR;9;2022-09-13;0;0;0;0;0;0;0;0;0;0;0;0;0;0;0;0;0;0
FR;9;2022-09-14;0;0;0;0;0;0;0;0;0;0;0;0;0;0;0;0;0;0
FR;9;2022-09-15;0;0;0;0;0;0;0;0;0;0;0;0;0;0;0;0;0;0
FR;9;2022-09-16;0;0;0;0;0;0;0;0;0;0;0;0;0;0;0;0;0;0
FR;9;2022-09-17;0;0;0;0;0;0;0;0;0;0;0;0;0;0;0;0;0;0
FR;9;2022-09-18;0;0;0;0;0;0;0;0;0;0;0;0;0;0;0;0;0;0
FR;9;2022-09-19;0;0;0;0;0;0;0;0;0;0;0;0;0;0;0;0;0;0
FR;9;2022-09-20;0;0;0;0;0;0;0;0;0;0;0;0;0;0;0;0;0;0
FR;9;2022-09-21;0;0;0;0;0;0;0;0;0;0;0;0;0;0;0;0;0;0
FR;9;2022-09-22;0;0;0;0;0;0;0;0;0;0;0;0;0;0;0;0;0;0
FR;9;2022-09-23;0;0;0;0;0;0;0;0;0;0;0;0;0;0;0;0;0;0
FR;9;2022-09-24;0;0;0;0;0;0;0;0;0;0;0;0;0;0;0;0;0;0
FR;9;2022-09-25;0;0;0;0;0;0;0;0;0;0;0;0;0;0;0;0;0;0
FR;9;2022-09-26;0;0;0;0;0;0;0;0;0;0;0;0;0;0;0;0;0;0
FR;9;2022-09-27;0;0;0;0;0;0;0;0;0;0;0;0;0;0;0;0;0;0
FR;9;2022-09-28;0;0;0;0;0;0;0;0;0;0;0;0;0;0;0;0;0;0
FR;9;2022-09-29;1;1;8;33;0;6;35;43;2;1;1;8;33;0;6;35;43;2
FR;9;2022-09-30;5;12;60;606;6;47;613;713;51;6;13;68;639;6;53;648;756;53
FR;9;2022-10-01;10;1;43;327;2;26;335;396;35;16;14;111;966;8;79;983;1152;88
FR;9;2022-10-02;1;1;5;50;0;4;51;66;11;17;15;116;1016;8;83;1034;1218;99
FR;9;2022-10-03;10;17;151;1714;11;129;1708;2074;234;27;32;267;2730;19;212;2742;3292;333
FR;9;2022-10-04;21;48;353;3952;18;228;4020;4702;450;48;80;620;6682;37;440;6762;7994;783
FR;9;2022-10-05;28;20;269;2997;17;203;3010;3655;433;76;100;889;9679;54;643;9772;11649;1216
FR;9;2022-10-06;23;34;399;4598;17;300;4631;5608;672;99;134;1288;14277;71;943;14403;17257;1888
FR;9;2022-10-07;29;50;499;5705;19;384;5719;7028;923;128;184;1787;19982;90;1327;20122;24285;2811
FR;9;2022-10-08;10;18;128;1090;8;86;1108;1389;191;138;202;1915;21072;98;1413;21230;25674;3002
FR;9;2022-10-09;1;7;22;197;1;29;198;277;50;139;209;1937;21269;99;1442;21428;25951;3052
FR;9;2022-10-10;11;26;207;2572;14;181;2576;3296;533;150;235;2144;23841;113;1623;24004;29247;3585
FR;9;2022-10-11;31;40;424;5043;27;312;5024;6197;851;181;275;2568;28884;140;1935;29028;35444;4436
FR;9;2022-10-12;22;26;297;2987;16;212;3044;3830;572;203;301;2865;31871;156;2147;32072;39274;5008
FR;9;2022-10-13;25;42;374;3980;16;245;4036;5027;740;228;343;3239;35851;172;2392;36108;44301;5748
FR;9;2022-10-14;27;26;381;4430;12;293;4414;5556;838;255;369;3620;40281;184;2685;40522;49857;6586
FR;9;2022-10-15;14;8;101;1052;7;79;1029;1308;198;269;377;3721;41333;191;2764;41551;51165;6784
FR;9;2022-10-16;4;1;9;132;2;12;126;168;28;273;378;3730;41465;193;2776;41677;51333;6812
FR;9;2022-10-17;4;22;165;1875;11;127;1883;2492;475;277;400;3895;43340;204;2903;43560;53825;7287
FR;9;2022-10-18;36;28;316;3430;17;235;3454;4661;963;313;428;4211;46770;221;3138;47014;58486;8250
FR;9;2022-10-19;22;19;262;2687;16;174;2717;3725;819;335;447;4473;49457;237;3312;49731;62211;9069
FR;9;2022-10-20;22;22;308;3628;8;233;3639;4813;933;357;469;4781;53085;245;3545;53370;67024;10002
FR;9;2022-10-21;14;31;325;3531;10;228;3553;4654;865;371;500;5106;56616;255;3773;56923;71678;10867
FR;9;2022-10-22;10;11;90;914;8;62;919;1193;207;381;511;5196;57530;263;3835;57842;72871;11074
FR;9;2022-10-23;2;2;17;99;2;10;104;147;33;383;513;5213;57629;265;3845;57946;73018;11107
FR;9;2022-10-24;7;17;159;1363;6;106;1434;1942;397;390;530;5372;58992;271;3951;59380;74960;11504
FR;9;2022-10-25;18;22;228;2837;16;188;2847;3919;881;408;552;5600;61829;287;4139;62227;78879;12385
FR;9;2022-10-26;14;16;169;1799;13;123;1812;2525;588;422;568;5769;63628;300;4262;64039;81404;12973
FR;9;2022-10-27;9;26;230;2291;15;173;2324;3170;662;431;594;5999;65919;315;4435;66363;84574;13635
FR;9;2022-10-28;18;27;224;2277;17;151;2303;3142;681;449;621;6223;68196;332;4586;68666;87716;14316
FR;9;2022-10-29;12;8;55;505;5;46;496;662;119;461;629;6278;68701;337;4632;69162;88378;14435
FR;9;2022-10-30;2;1;8;58;1;8;58;82;16;463;630;6286;68759;338;4640;69220;88460;14451
FR;9;2022-10-31;13;7;105;660;9;59;695;996;240;476;637;6391;69419;347;4699;69915;89456;14691
FR;9;2022-11-01;1;1;15;43;0;11;49;71;11;477;638;6406;69462;347;4710;69964;89527;14702
FR;9;2022-11-02;7;12;102;1027;4;76;1045;1577;452;484;650;6508;70489;351;4786;71009;91104;15154
FR;9;2022-11-03;17;18;157;1599;16;92;1647;2348;599;501;668;6665;72088;367;4878;72656;93452;15753
FR;9;2022-11-04;21;19;193;1748;15;120;1797;2533;611;522;687;6858;73836;382;4998;74453;95985;16364
FR;9;2022-11-05;8;10;58;403;9;39;424;573;107;530;697;6916;74239;391;5037;74877;96558;16471
FR;9;2022-11-06;5;4;5;62;6;2;61;88;25;535;701;6921;74301;397;5039;74938;96646;16496
FR;9;2022-11-07;16;19;88;925;16;109;934;1473;424;551;720;7009;75226;413;5148;75872;98119;16920
FR;9;2022-11-08;10;19;170;1815;13;137;1808;2652;702;561;739;7179;77041;426;5285;77680;100771;17622
FR;9;2022-11-09;16;16;123;1261;9;98;1322;1878;453;577;755;7302;78302;435;5383;79002;102649;18075
FR;9;2022-11-10;13;21;162;1622;13;137;1620;2279;518;590;776;7464;79924;448;5520;80622;104928;18593
FR;9;2022-11-11;1;1;13;81;1;6;83;123;34;591;777;7477;80005;449;5526;80705;105051;18627
FR;9;2022-11-12;5;8;44;259;7;19;278;395;97;596;785;7521;80264;456;5545;80983;105446;18724
FR;9;2022-11-13;2;0;4;30;0;4;31;51;16;598;785;7525;80294;456;5549;81014;105497;18740
FR;9;2022-11-14;11;12;56;707;11;44;722;1107;338;609;797;7581;81001;467;5593;81736;106604;19078
FR;9;2022-11-15;18;16;146;1324;7;103;1331;2078;638;627;813;7727;82325;474;5696;83067;108682;19716
FR;9;2022-11-16;10;5;99;979;8;58;997;1490;431;637;818;7826;83304;482;5754;84064;110172;20147
FR;9;2022-11-17;9;17;126;1083;11;78;1108;1692;501;646;835;7952;84387;493;5832;85172;111864;20648
FR;9;2022-11-18;7;16;119;1440;5;77;1455;2026;492;653;851;8071;85827;498;5909;86627;113890;21140
FR;9;2022-11-19;3;5;50;364;1;27;351;489;106;656;856;8121;86191;499;5936;86978;114379;21246
FR;9;2022-11-20;1;0;5;37;0;3;35;54;16;657;856;8126;86228;499;5939;87013;114433;21262
FR;9;2022-11-21;9;12;66;636;5;51;639;960;263;666;868;8192;86864;504;5990;87652;115393;21525
FR;9;2022-11-22;15;12;121;1037;13;74;1067;1592;449;681;880;8313;87901;517;6064;88719;116985;21974
FR;9;2022-11-23;7;10;69;731;5;33;758;1160;364;688;890;8382;88632;522;6097;89477;118145;22338
FR;9;2022-11-24;8;19;93;979;14;68;992;1472;406;696;909;8475;89611;536;6165;90469;119617;22744
FR;9;2022-11-25;8;10;106;1174;8;81;1190;1747;475;704;919;8581;90785;544;6246;91659;121364;23219
FR;9;2022-11-26;6;6;35;217;7;24;214;310;68;710;925;8616;91002;551;6270;91873;121674;23287
FR;9;2022-11-27;1;1;6;42;0;2;46;82;34;711;926;8622;91044;551;6272;91919;121756;23321
FR;9;2022-11-28;5;7;102;694;7;59;723;1116;329;716;933;8724;91738;558;6331;92642;122872;23650
FR;9;2022-11-29;6;18;140;1296;6;89;1322;1934;518;722;951;8864;93034;564;6420;93964;124806;24168
FR;9;2022-11-30;9;12;99;1026;5;76;1049;1600;470;731;963;8963;94060;569;6496;95013;126406;24638
FR;9;2022-12-01;16;14;111;1330;8;80;1315;1939;540;747;977;9074;95390;577;6576;96328;128345;25178
FR;9;2022-12-02;10;13;192;1816;10;107;1816;2629;700;757;990;9266;97206;587;6683;98144;130974;25878
FR;9;2022-12-03;7;9;79;619;5;41;632;887;208;764;999;9345;97825;592;6724;98776;131861;26086
FR;9;2022-12-04;9;4;15;105;5;8;105;153;40;773;1003;9360;97930;597;6732;98881;132014;26126
FR;9;2022-12-05;19;24;144;1405;17;98;1420;2107;582;792;1027;9504;99335;614;6830;100301;134121;26708
FR;9;2022-12-06;30;21;262;2441;21;147;2535;3798;1097;822;1048;9766;101776;635;6977;102836;137919;27805
FR;9;2022-12-07;15;22;181;1848;20;112;1890;2824;814;837;1070;9947;103624;655;7089;104726;140743;28619
FR;9;2022-12-08;13;22;222;2392;15;125;2455;3682;1085;850;1092;10169;106016;670;7214;107181;144425;29704
FR;9;2022-12-09;14;25;287;2885;10;143;2983;4334;1200;864;1117;10456;108901;680;7357;110164;148759;30904
FR;9;2022-12-10;12;12;122;1319;4;56;1342;1813;409;876;1129;10578;110220;684;7413;111506;150572;31313
FR;9;2022-12-11;5;4;21;277;5;10;283;363;66;881;1133;10599;110497;689;7423;111789;150935;31379
FR;9;2022-12-12;17;13;215;1957;12;108;2031;2889;745;898;1146;10814;112454;701;7531;113820;153824;32124
FR;9;2022-12-13;27;22;317;3081;14;151;3217;4714;1335;925;1168;11131;115535;715;7682;117037;158538;33459
FR;9;2022-12-14;15;10;189;2330;8;94;2398;3498;989;940;1178;11320;117865;723;7776;119435;162036;34448
FR;9;2022-12-15;17;24;256;2609;13;137;2680;4064;1236;957;1202;11576;120474;736;7913;122115;166100;35684
FR;9;2022-12-16;15;29;294;3071;21;165;3154;4602;1274;972;1231;11870;123545;757;8078;125269;170702;36958
FR;9;2022-12-17;8;11;106;1189;6;50;1204;1660;402;980;1242;11976;124734;763;8128;126473;172362;37360
FR;9;2022-12-18;1;7;30;245;6;14;251;333;67;981;1249;12006;124979;769;8142;126724;172695;37427
FR;9;2022-12-19;20;21;149;1599;15;78;1631;2507;789;1001;1270;12155;126578;784;8220;128355;175202;38216
FR;9;2022-12-20;21;19;232;2306;6;115;2349;3708;1233;1022;1289;12387;128884;790;8335;130704;178910;39449
FR;9;2022-12-21;6;14;139;1501;7;66;1554;2402;775;1028;1303;12526;130385;797;8401;132258;181312;40224
FR;9;2022-12-22;18;8;133;1382;8;76;1399;2097;614;1046;1311;12659;131767;805;8477;133657;183409;40838
FR;9;2022-12-23;11;14;76;727;8;50;729;1090;305;1057;1325;12735;132494;813;8527;134386;184499;41143
FR;9;2022-12-24;1;5;12;95;4;5;97;136;34;1058;1330;12747;132589;817;8532;134483;184635;41177
FR;9;2022-12-25;1;0;5;5;0;4;6;12;2;1059;1330;12752;132594;817;8536;134489;184647;41179
FR;9;2022-12-26;16;8;64;547;11;37;554;829;235;1075;1338;12816;133141;828;8573;135043;185476;41414
FR;9;2022-12-27;12;30;97;882;14;69;917;1422;430;1087;1368;12913;134023;842;8642;135960;186898;41844
FR;9;2022-12-28;7;9;82;747;8;40;766;1182;371;1094;1377;12995;134770;850;8682;136726;188080;42215
FR;9;2022-12-29;9;14;92;720;10;51;753;1134;323;1103;1391;13087;135490;860;8733;137479;189214;42538
FR;9;2022-12-30;12;17;75;584;9;46;603;880;228;1115;1408;13162;136074;869;8779;138082;190094;42766
FR;9;2022-12-31;2;3;17;136;2;12;139;190;38;1117;1411;13179;136210;871;8791;138221;190284;42804
FR;9;2023-01-01;0;2;3;19;1;4;19;31;8;1117;1413;13182;136229;872;8795;138240;190315;42812
FR;9;2023-01-02;10;11;56;591;4;40;584;948;320;1127;1424;13238;136820;876;8835;138824;191263;43132
FR;9;2023-01-03;17;18;119;1075;18;74;1098;1936;749;1144;1442;13357;137895;894;8909;139922;193199;43881
FR;9;2023-01-04;21;18;113;846;8;73;898;1609;633;1165;1460;13470;138741;902;8982;140820;194808;44514
FR;9;2023-01-05;5;19;115;1053;11;64;1084;2039;881;1170;1479;13585;139794;913;9046;141904;196847;45395
FR;9;2023-01-06;11;17;151;1367;3;73;1383;2403;936;1181;1496;13736;141161;916;9119;143287;199250;46331
FR;9;2023-01-07;6;13;58;436;14;36;427;687;220;1187;1509;13794;141597;930;9155;143714;199937;46551
FR;9;2023-01-08;3;8;15;92;7;11;91;136;32;1190;1517;13809;141689;937;9166;143805;200073;46583
FR;9;2023-01-09;15;14;87;622;9;61;614;1273;585;1205;1531;13896;142311;946;9227;144419;201346;47168
FR;9;2023-01-10;13;12;154;978;11;74;1032;1989;871;1218;1543;14050;143289;957;9301;145451;203335;48039
FR;9;2023-01-11;19;9;71;677;10;47;686;1380;641;1237;1552;14121;143966;967;9348;146137;204715;48680
FR;9;2023-01-12;20;9;92;842;3;77;822;1685;773;1257;1561;14213;144808;970;9425;146959;206400;49453
FR;9;2023-01-13;15;18;104;874;11;73;893;1705;724;1272;1579;14317;145682;981;9498;147852;208105;50177
FR;9;2023-01-14;6;6;50;294;2;28;299;580;247;1278;1585;14367;145976;983;9526;148151;208685;50424
FR;9;2023-01-15;1;3;15;37;0;9;41;82;32;1279;1588;14382;146013;983;9535;148192;208767;50456
FR;9;2023-01-16;4;15;53;366;13;24;382;783;370;1283;1603;14435;146379;996;9559;148574;209550;50826
FR;9;2023-01-17;7;9;83;561;4;49;575;1238;605;1290;1612;14518;146940;1000;9608;149149;210788;51431
FR;9;2023-01-18;7;14;35;376;6;30;393;827;397;1297;1626;14553;147316;1006;9638;149542;211615;51828
FR;9;2023-01-19;10;9;56;466;8;30;474;1076;562;1307;1635;14609;147782;1014;9668;150016;212691;52390
FR;9;2023-01-20;15;18;95;573;16;56;590;1182;532;1322;1653;14704;148355;1030;9724;150606;213873;52922
FR;9;2023-01-21;7;15;20;189;11;13;187;342;138;1329;1668;14724;148544;1041;9737;150793;214215;53060
FR;9;2023-01-22;0;0;8;19;0;5;21;42;16;1329;1668;14732;148563;1041;9742;150814;214257;53076
FR;9;2023-01-23;4;14;27;252;8;25;241;561;286;1333;1682;14759;148815;1049;9767;151055;214818;53362
FR;9;2023-01-24;8;10;66;458;7;40;480;1154;631;1341;1692;14825;149273;1056;9807;151535;215972;53993
FR;9;2023-01-25;11;19;49;320;8;46;332;785;402;1352;1711;14874;149593;1064;9853;151867;216757;54395
FR;10;2020-12-27;0;0;0;0;0;0;0;0;0;0;0;0;0;0;0;0;0;0
FR;10;2020-12-28;0;0;0;0;0;0;0;0;0;0;0;0;0;0;0;0;0;0
FR;10;2020-12-29;0;0;0;0;0;0;0;0;0;0;0;0;0;0;0;0;0;0
FR;10;2020-12-30;0;0;0;0;0;0;0;0;0;0;0;0;0;0;0;0;0;0
FR;10;2020-12-31;0;0;0;0;0;0;0;0;0;0;0;0;0;0;0;0;0;0
FR;10;2021-01-01;0;0;0;0;0;0;0;0;0;0;0;0;0;0;0;0;0;0
FR;10;2021-01-02;0;0;0;0;0;0;0;0;0;0;0;0;0;0;0;0;0;0
FR;10;2021-01-03;0;0;0;0;0;0;0;0;0;0;0;0;0;0;0;0;0;0
FR;10;2021-01-04;0;0;0;0;0;0;0;0;0;0;0;0;0;0;0;0;0;0
FR;10;2021-01-05;0;0;0;0;0;0;0;0;0;0;0;0;0;0;0;0;0;0
FR;10;2021-01-06;0;0;0;0;0;0;0;0;0;0;0;0;0;0;0;0;0;0
FR;10;2021-01-07;0;0;0;0;0;0;0;0;0;0;0;0;0;0;0;0;0;0
FR;10;2021-01-08;0;0;0;0;0;0;0;0;0;0;0;0;0;0;0;0;0;0
FR;10;2021-01-09;0;0;0;0;0;0;0;0;0;0;0;0;0;0;0;0;0;0
FR;10;2021-01-10;0;0;0;0;0;0;0;0;0;0;0;0;0;0;0;0;0;0
FR;10;2021-01-11;0;0;0;0;0;0;0;0;0;0;0;0;0;0;0;0;0;0
FR;10;2021-01-12;0;0;0;0;0;0;0;0;0;0;0;0;0;0;0;0;0;0
FR;10;2021-01-13;0;0;0;0;0;0;0;0;0;0;0;0;0;0;0;0;0;0
FR;10;2021-01-14;0;0;0;0;0;0;0;0;0;0;0;0;0;0;0;0;0;0
FR;10;2021-01-15;0;0;0;0;0;0;0;0;0;0;0;0;0;0;0;0;0;0
FR;10;2021-01-16;0;0;0;0;0;0;0;0;0;0;0;0;0;0;0;0;0;0
FR;10;2021-01-17;0;0;0;0;0;0;0;0;0;0;0;0;0;0;0;0;0;0
FR;10;2021-01-18;0;0;0;0;0;0;0;0;0;0;0;0;0;0;0;0;0;0
FR;10;2021-01-19;0;0;0;0;0;0;0;0;0;0;0;0;0;0;0;0;0;0
FR;10;2021-01-20;0;0;0;0;0;0;0;0;0;0;0;0;0;0;0;0;0;0
FR;10;2021-01-21;0;0;0;0;0;0;0;0;0;0;0;0;0;0;0;0;0;0
FR;10;2021-01-22;0;0;0;0;0;0;0;0;0;0;0;0;0;0;0;0;0;0
FR;10;2021-01-23;0;0;0;0;0;0;0;0;0;0;0;0;0;0;0;0;0;0
FR;10;2021-01-24;0;0;0;0;0;0;0;0;0;0;0;0;0;0;0;0;0;0
FR;10;2021-01-25;0;0;0;0;0;0;0;0;0;0;0;0;0;0;0;0;0;0
FR;10;2021-01-26;0;0;0;0;0;0;0;0;0;0;0;0;0;0;0;0;0;0
FR;10;2021-01-27;0;0;0;0;0;0;0;0;0;0;0;0;0;0;0;0;0;0
FR;10;2021-01-28;0;0;0;0;0;0;0;0;0;0;0;0;0;0;0;0;0;0
FR;10;2021-01-29;0;0;0;0;0;0;0;0;0;0;0;0;0;0;0;0;0;0
FR;10;2021-01-30;0;0;0;0;0;0;0;0;0;0;0;0;0;0;0;0;0;0
FR;10;2021-01-31;0;0;0;0;0;0;0;0;0;0;0;0;0;0;0;0;0;0
FR;10;2021-02-01;0;0;0;0;0;0;0;0;0;0;0;0;0;0;0;0;0;0
FR;10;2021-02-02;0;0;0;0;0;0;0;0;0;0;0;0;0;0;0;0;0;0
FR;10;2021-02-03;0;0;0;0;0;0;0;0;0;0;0;0;0;0;0;0;0;0
FR;10;2021-02-04;0;0;0;0;0;0;0;0;0;0;0;0;0;0;0;0;0;0
FR;10;2021-02-05;0;0;0;0;0;0;0;0;0;0;0;0;0;0;0;0;0;0
FR;10;2021-02-06;0;0;0;0;0;0;0;0;0;0;0;0;0;0;0;0;0;0
FR;10;2021-02-07;0;0;0;0;0;0;0;0;0;0;0;0;0;0;0;0;0;0
FR;10;2021-02-08;0;0;0;0;0;0;0;0;0;0;0;0;0;0;0;0;0;0
FR;10;2021-02-09;0;0;0;0;0;0;0;0;0;0;0;0;0;0;0;0;0;0
FR;10;2021-02-10;0;0;0;0;0;0;0;0;0;0;0;0;0;0;0;0;0;0
FR;10;2021-02-11;0;0;0;0;0;0;0;0;0;0;0;0;0;0;0;0;0;0
FR;10;2021-02-12;0;0;0;0;0;0;0;0;0;0;0;0;0;0;0;0;0;0
FR;10;2021-02-13;0;0;0;0;0;0;0;0;0;0;0;0;0;0;0;0;0;0
FR;10;2021-02-14;0;0;0;0;0;0;0;0;0;0;0;0;0;0;0;0;0;0
FR;10;2021-02-15;0;0;0;0;0;0;0;0;0;0;0;0;0;0;0;0;0;0
FR;10;2021-02-16;0;0;0;0;0;0;0;0;0;0;0;0;0;0;0;0;0;0
FR;10;2021-02-17;0;0;0;0;0;0;0;0;0;0;0;0;0;0;0;0;0;0
FR;10;2021-02-18;0;0;0;0;0;0;0;0;0;0;0;0;0;0;0;0;0;0
FR;10;2021-02-19;0;0;0;0;0;0;0;0;0;0;0;0;0;0;0;0;0;0
FR;10;2021-02-20;0;0;0;0;0;0;0;0;0;0;0;0;0;0;0;0;0;0
FR;10;2021-02-21;0;0;0;0;0;0;0;0;0;0;0;0;0;0;0;0;0;0
FR;10;2021-02-22;0;0;0;0;0;0;0;0;0;0;0;0;0;0;0;0;0;0
FR;10;2021-02-23;0;0;0;0;0;0;0;0;0;0;0;0;0;0;0;0;0;0
FR;10;2021-02-24;0;0;0;0;0;0;0;0;0;0;0;0;0;0;0;0;0;0
FR;10;2021-02-25;0;0;0;0;0;0;0;0;0;0;0;0;0;0;0;0;0;0
FR;10;2021-02-26;0;0;0;0;0;0;0;0;0;0;0;0;0;0;0;0;0;0
FR;10;2021-02-27;0;0;0;0;0;0;0;0;0;0;0;0;0;0;0;0;0;0
FR;10;2021-02-28;0;0;0;0;0;0;0;0;0;0;0;0;0;0;0;0;0;0
FR;10;2021-03-01;0;0;0;0;0;0;0;0;0;0;0;0;0;0;0;0;0;0
FR;10;2021-03-02;0;0;0;0;0;0;0;0;0;0;0;0;0;0;0;0;0;0
FR;10;2021-03-03;0;0;0;0;0;0;0;0;0;0;0;0;0;0;0;0;0;0
FR;10;2021-03-04;0;0;0;0;0;0;0;0;0;0;0;0;0;0;0;0;0;0
FR;10;2021-03-05;0;0;0;0;0;0;0;0;0;0;0;0;0;0;0;0;0;0
FR;10;2021-03-06;0;0;0;0;0;0;0;0;0;0;0;0;0;0;0;0;0;0
FR;10;2021-03-07;0;0;0;0;0;0;0;0;0;0;0;0;0;0;0;0;0;0
FR;10;2021-03-08;0;0;0;0;0;0;0;0;0;0;0;0;0;0;0;0;0;0
FR;10;2021-03-09;0;0;0;0;0;0;0;0;0;0;0;0;0;0;0;0;0;0
FR;10;2021-03-10;0;0;0;0;0;0;0;0;0;0;0;0;0;0;0;0;0;0
FR;10;2021-03-11;0;0;0;0;0;0;0;0;0;0;0;0;0;0;0;0;0;0
FR;10;2021-03-12;0;0;0;0;0;0;0;0;0;0;0;0;0;0;0;0;0;0
FR;10;2021-03-13;0;0;0;0;0;0;0;0;0;0;0;0;0;0;0;0;0;0
FR;10;2021-03-14;0;0;0;0;0;0;0;0;0;0;0;0;0;0;0;0;0;0
FR;10;2021-03-15;0;0;0;0;0;0;0;0;0;0;0;0;0;0;0;0;0;0
FR;10;2021-03-16;0;0;0;0;0;0;0;0;0;0;0;0;0;0;0;0;0;0
FR;10;2021-03-17;0;0;0;0;0;0;0;0;0;0;0;0;0;0;0;0;0;0
FR;10;2021-03-18;0;0;0;0;0;0;0;0;0;0;0;0;0;0;0;0;0;0
FR;10;2021-03-19;0;0;0;0;0;0;0;0;0;0;0;0;0;0;0;0;0;0
FR;10;2021-03-20;0;0;0;0;0;0;0;0;0;0;0;0;0;0;0;0;0;0
FR;10;2021-03-21;0;0;0;0;0;0;0;0;0;0;0;0;0;0;0;0;0;0
FR;10;2021-03-22;0;0;0;0;0;0;0;0;0;0;0;0;0;0;0;0;0;0
FR;10;2021-03-23;0;0;0;0;0;0;0;0;0;0;0;0;0;0;0;0;0;0
FR;10;2021-03-24;0;0;0;0;0;0;0;0;0;0;0;0;0;0;0;0;0;0
FR;10;2021-03-25;0;0;0;0;0;0;0;0;0;0;0;0;0;0;0;0;0;0
FR;10;2021-03-26;0;0;0;0;0;0;0;0;0;0;0;0;0;0;0;0;0;0
FR;10;2021-03-27;0;0;0;0;0;0;0;0;0;0;0;0;0;0;0;0;0;0
FR;10;2021-03-28;0;0;0;0;0;0;0;0;0;0;0;0;0;0;0;0;0;0
FR;10;2021-03-29;0;0;0;0;0;0;0;0;0;0;0;0;0;0;0;0;0;0
FR;10;2021-03-30;0;0;0;0;0;0;0;0;0;0;0;0;0;0;0;0;0;0
FR;10;2021-03-31;0;0;0;0;0;0;0;0;0;0;0;0;0;0;0;0;0;0
FR;10;2021-04-01;0;0;0;0;0;0;0;0;0;0;0;0;0;0;0;0;0;0
FR;10;2021-04-02;0;0;0;0;0;0;0;0;0;0;0;0;0;0;0;0;0;0
FR;10;2021-04-03;0;0;0;0;0;0;0;0;0;0;0;0;0;0;0;0;0;0
FR;10;2021-04-04;0;0;0;0;0;0;0;0;0;0;0;0;0;0;0;0;0;0
FR;10;2021-04-05;0;0;0;0;0;0;0;0;0;0;0;0;0;0;0;0;0;0
FR;10;2021-04-06;0;0;0;0;0;0;0;0;0;0;0;0;0;0;0;0;0;0
FR;10;2021-04-07;0;0;0;0;0;0;0;0;0;0;0;0;0;0;0;0;0;0
FR;10;2021-04-08;0;0;0;0;0;0;0;0;0;0;0;0;0;0;0;0;0;0
FR;10;2021-04-09;0;0;0;0;0;0;0;0;0;0;0;0;0;0;0;0;0;0
FR;10;2021-04-10;0;0;0;0;0;0;0;0;0;0;0;0;0;0;0;0;0;0
FR;10;2021-04-11;0;0;0;0;0;0;0;0;0;0;0;0;0;0;0;0;0;0
FR;10;2021-04-12;0;0;0;0;0;0;0;0;0;0;0;0;0;0;0;0;0;0
FR;10;2021-04-13;0;0;0;0;0;0;0;0;0;0;0;0;0;0;0;0;0;0
FR;10;2021-04-14;0;0;0;0;0;0;0;0;0;0;0;0;0;0;0;0;0;0
FR;10;2021-04-15;0;0;0;0;0;0;0;0;0;0;0;0;0;0;0;0;0;0
FR;10;2021-04-16;0;0;0;0;0;0;0;0;0;0;0;0;0;0;0;0;0;0
FR;10;2021-04-17;0;0;0;0;0;0;0;0;0;0;0;0;0;0;0;0;0;0
FR;10;2021-04-18;0;0;0;0;0;0;0;0;0;0;0;0;0;0;0;0;0;0
FR;10;2021-04-19;0;0;0;0;0;0;0;0;0;0;0;0;0;0;0;0;0;0
FR;10;2021-04-20;0;0;0;0;0;0;0;0;0;0;0;0;0;0;0;0;0;0
FR;10;2021-04-21;0;0;0;0;0;0;0;0;0;0;0;0;0;0;0;0;0;0
FR;10;2021-04-22;0;0;0;0;0;0;0;0;0;0;0;0;0;0;0;0;0;0
FR;10;2021-04-23;0;0;0;0;0;0;0;0;0;0;0;0;0;0;0;0;0;0
FR;10;2021-04-24;0;0;0;0;0;0;0;0;0;0;0;0;0;0;0;0;0;0
FR;10;2021-04-25;0;0;0;0;0;0;0;0;0;0;0;0;0;0;0;0;0;0
FR;10;2021-04-26;0;0;0;0;0;0;0;0;0;0;0;0;0;0;0;0;0;0
FR;10;2021-04-27;0;0;0;0;0;0;0;0;0;0;0;0;0;0;0;0;0;0
FR;10;2021-04-28;0;0;0;0;0;0;0;0;0;0;0;0;0;0;0;0;0;0
FR;10;2021-04-29;0;0;0;0;0;0;0;0;0;0;0;0;0;0;0;0;0;0
FR;10;2021-04-30;0;0;0;0;0;0;0;0;0;0;0;0;0;0;0;0;0;0
FR;10;2021-05-01;0;0;0;0;0;0;0;0;0;0;0;0;0;0;0;0;0;0
FR;10;2021-05-02;0;0;0;0;0;0;0;0;0;0;0;0;0;0;0;0;0;0
FR;10;2021-05-03;0;0;0;0;0;0;0;0;0;0;0;0;0;0;0;0;0;0
FR;10;2021-05-04;0;0;0;0;0;0;0;0;0;0;0;0;0;0;0;0;0;0
FR;10;2021-05-05;0;0;0;0;0;0;0;0;0;0;0;0;0;0;0;0;0;0
FR;10;2021-05-06;0;0;0;0;0;0;0;0;0;0;0;0;0;0;0;0;0;0
FR;10;2021-05-07;0;0;0;0;0;0;0;0;0;0;0;0;0;0;0;0;0;0
FR;10;2021-05-08;0;0;0;0;0;0;0;0;0;0;0;0;0;0;0;0;0;0
FR;10;2021-05-09;0;0;0;0;0;0;0;0;0;0;0;0;0;0;0;0;0;0
FR;10;2021-05-10;0;0;0;0;0;0;0;0;0;0;0;0;0;0;0;0;0;0
FR;10;2021-05-11;0;0;0;0;0;0;0;0;0;0;0;0;0;0;0;0;0;0
FR;10;2021-05-12;0;0;0;0;0;0;0;0;0;0;0;0;0;0;0;0;0;0
FR;10;2021-05-13;0;0;0;0;0;0;0;0;0;0;0;0;0;0;0;0;0;0
FR;10;2021-05-14;0;0;0;0;0;0;0;0;0;0;0;0;0;0;0;0;0;0
FR;10;2021-05-15;0;0;0;0;0;0;0;0;0;0;0;0;0;0;0;0;0;0
FR;10;2021-05-16;0;0;0;0;0;0;0;0;0;0;0;0;0;0;0;0;0;0
FR;10;2021-05-17;0;0;0;0;0;0;0;0;0;0;0;0;0;0;0;0;0;0
FR;10;2021-05-18;0;0;0;0;0;0;0;0;0;0;0;0;0;0;0;0;0;0
FR;10;2021-05-19;0;0;0;0;0;0;0;0;0;0;0;0;0;0;0;0;0;0
FR;10;2021-05-20;0;0;0;0;0;0;0;0;0;0;0;0;0;0;0;0;0;0
FR;10;2021-05-21;0;0;0;0;0;0;0;0;0;0;0;0;0;0;0;0;0;0
FR;10;2021-05-22;0;0;0;0;0;0;0;0;0;0;0;0;0;0;0;0;0;0
FR;10;2021-05-23;0;0;0;0;0;0;0;0;0;0;0;0;0;0;0;0;0;0
FR;10;2021-05-24;0;0;0;0;0;0;0;0;0;0;0;0;0;0;0;0;0;0
FR;10;2021-05-25;0;0;0;0;0;0;0;0;0;0;0;0;0;0;0;0;0;0
FR;10;2021-05-26;0;0;0;0;0;0;0;0;0;0;0;0;0;0;0;0;0;0
FR;10;2021-05-27;0;0;0;0;0;0;0;0;0;0;0;0;0;0;0;0;0;0
FR;10;2021-05-28;0;0;0;0;0;0;0;0;0;0;0;0;0;0;0;0;0;0
FR;10;2021-05-29;0;0;0;0;0;0;0;0;0;0;0;0;0;0;0;0;0;0
FR;10;2021-05-30;0;0;0;0;0;0;0;0;0;0;0;0;0;0;0;0;0;0
FR;10;2021-05-31;0;0;0;0;0;0;0;0;0;0;0;0;0;0;0;0;0;0
FR;10;2021-06-01;0;0;0;0;0;0;0;0;0;0;0;0;0;0;0;0;0;0
FR;10;2021-06-02;0;0;0;0;0;0;0;0;0;0;0;0;0;0;0;0;0;0
FR;10;2021-06-03;0;0;0;0;0;0;0;0;0;0;0;0;0;0;0;0;0;0
FR;10;2021-06-04;0;0;0;0;0;0;0;0;0;0;0;0;0;0;0;0;0;0
FR;10;2021-06-05;0;0;0;0;0;0;0;0;0;0;0;0;0;0;0;0;0;0
FR;10;2021-06-06;0;0;0;0;0;0;0;0;0;0;0;0;0;0;0;0;0;0
FR;10;2021-06-07;0;0;0;0;0;0;0;0;0;0;0;0;0;0;0;0;0;0
FR;10;2021-06-08;0;0;0;0;0;0;0;0;0;0;0;0;0;0;0;0;0;0
FR;10;2021-06-09;0;0;0;0;0;0;0;0;0;0;0;0;0;0;0;0;0;0
FR;10;2021-06-10;0;0;0;0;0;0;0;0;0;0;0;0;0;0;0;0;0;0
FR;10;2021-06-11;0;0;0;0;0;0;0;0;0;0;0;0;0;0;0;0;0;0
FR;10;2021-06-12;0;0;0;0;0;0;0;0;0;0;0;0;0;0;0;0;0;0
FR;10;2021-06-13;0;0;0;0;0;0;0;0;0;0;0;0;0;0;0;0;0;0
FR;10;2021-06-14;0;0;0;0;0;0;0;0;0;0;0;0;0;0;0;0;0;0
FR;10;2021-06-15;0;0;0;0;0;0;0;0;0;0;0;0;0;0;0;0;0;0
FR;10;2021-06-16;0;0;0;0;0;0;0;0;0;0;0;0;0;0;0;0;0;0
FR;10;2021-06-17;0;0;0;0;0;0;0;0;0;0;0;0;0;0;0;0;0;0
FR;10;2021-06-18;0;0;0;0;0;0;0;0;0;0;0;0;0;0;0;0;0;0
FR;10;2021-06-19;0;0;0;0;0;0;0;0;0;0;0;0;0;0;0;0;0;0
FR;10;2021-06-20;0;0;0;0;0;0;0;0;0;0;0;0;0;0;0;0;0;0
FR;10;2021-06-21;0;0;0;0;0;0;0;0;0;0;0;0;0;0;0;0;0;0
FR;10;2021-06-22;0;0;0;0;0;0;0;0;0;0;0;0;0;0;0;0;0;0
FR;10;2021-06-23;0;0;0;0;0;0;0;0;0;0;0;0;0;0;0;0;0;0
FR;10;2021-06-24;0;0;0;0;0;0;0;0;0;0;0;0;0;0;0;0;0;0
FR;10;2021-06-25;0;0;0;0;0;0;0;0;0;0;0;0;0;0;0;0;0;0
FR;10;2021-06-26;0;0;0;0;0;0;0;0;0;0;0;0;0;0;0;0;0;0
FR;10;2021-06-27;0;0;0;0;0;0;0;0;0;0;0;0;0;0;0;0;0;0
FR;10;2021-06-28;0;0;0;0;0;0;0;0;0;0;0;0;0;0;0;0;0;0
FR;10;2021-06-29;0;0;0;0;0;0;0;0;0;0;0;0;0;0;0;0;0;0
FR;10;2021-06-30;0;0;0;0;0;0;0;0;0;0;0;0;0;0;0;0;0;0
FR;10;2021-07-01;0;0;0;0;0;0;0;0;0;0;0;0;0;0;0;0;0;0
FR;10;2021-07-02;0;0;0;0;0;0;0;0;0;0;0;0;0;0;0;0;0;0
FR;10;2021-07-03;0;0;0;0;0;0;0;0;0;0;0;0;0;0;0;0;0;0
FR;10;2021-07-04;0;0;0;0;0;0;0;0;0;0;0;0;0;0;0;0;0;0
FR;10;2021-07-05;0;0;0;0;0;0;0;0;0;0;0;0;0;0;0;0;0;0
FR;10;2021-07-06;0;0;0;0;0;0;0;0;0;0;0;0;0;0;0;0;0;0
FR;10;2021-07-07;0;0;0;0;0;0;0;0;0;0;0;0;0;0;0;0;0;0
FR;10;2021-07-08;0;0;0;0;0;0;0;0;0;0;0;0;0;0;0;0;0;0
FR;10;2021-07-09;0;0;0;0;0;0;0;0;0;0;0;0;0;0;0;0;0;0
FR;10;2021-07-10;0;0;0;0;0;0;0;0;0;0;0;0;0;0;0;0;0;0
FR;10;2021-07-11;0;0;0;0;0;0;0;0;0;0;0;0;0;0;0;0;0;0
FR;10;2021-07-12;0;0;0;0;0;0;0;0;0;0;0;0;0;0;0;0;0;0
FR;10;2021-07-13;0;0;0;0;0;0;0;0;0;0;0;0;0;0;0;0;0;0
FR;10;2021-07-14;0;0;0;0;0;0;0;0;0;0;0;0;0;0;0;0;0;0
FR;10;2021-07-15;0;0;0;0;0;0;0;0;0;0;0;0;0;0;0;0;0;0
FR;10;2021-07-16;0;0;0;0;0;0;0;0;0;0;0;0;0;0;0;0;0;0
FR;10;2021-07-17;0;0;0;0;0;0;0;0;0;0;0;0;0;0;0;0;0;0
FR;10;2021-07-18;0;0;0;0;0;0;0;0;0;0;0;0;0;0;0;0;0;0
FR;10;2021-07-19;0;0;0;0;0;0;0;0;0;0;0;0;0;0;0;0;0;0
FR;10;2021-07-20;0;0;0;0;0;0;0;0;0;0;0;0;0;0;0;0;0;0
FR;10;2021-07-21;0;0;0;0;0;0;0;0;0;0;0;0;0;0;0;0;0;0
FR;10;2021-07-22;0;0;0;0;0;0;0;0;0;0;0;0;0;0;0;0;0;0
FR;10;2021-07-23;0;0;0;0;0;0;0;0;0;0;0;0;0;0;0;0;0;0
FR;10;2021-07-24;0;0;0;0;0;0;0;0;0;0;0;0;0;0;0;0;0;0
FR;10;2021-07-25;0;0;0;0;0;0;0;0;0;0;0;0;0;0;0;0;0;0
FR;10;2021-07-26;0;0;0;0;0;0;0;0;0;0;0;0;0;0;0;0;0;0
FR;10;2021-07-27;0;0;0;0;0;0;0;0;0;0;0;0;0;0;0;0;0;0
FR;10;2021-07-28;0;0;0;0;0;0;0;0;0;0;0;0;0;0;0;0;0;0
FR;10;2021-07-29;0;0;0;0;0;0;0;0;0;0;0;0;0;0;0;0;0;0
FR;10;2021-07-30;0;0;0;0;0;0;0;0;0;0;0;0;0;0;0;0;0;0
FR;10;2021-07-31;0;0;0;0;0;0;0;0;0;0;0;0;0;0;0;0;0;0
FR;10;2021-08-01;0;0;0;0;0;0;0;0;0;0;0;0;0;0;0;0;0;0
FR;10;2021-08-02;0;0;0;0;0;0;0;0;0;0;0;0;0;0;0;0;0;0
FR;10;2021-08-03;0;0;0;0;0;0;0;0;0;0;0;0;0;0;0;0;0;0
FR;10;2021-08-04;0;0;0;0;0;0;0;0;0;0;0;0;0;0;0;0;0;0
FR;10;2021-08-05;0;0;0;0;0;0;0;0;0;0;0;0;0;0;0;0;0;0
FR;10;2021-08-06;0;0;0;0;0;0;0;0;0;0;0;0;0;0;0;0;0;0
FR;10;2021-08-07;0;0;0;0;0;0;0;0;0;0;0;0;0;0;0;0;0;0
FR;10;2021-08-08;0;0;0;0;0;0;0;0;0;0;0;0;0;0;0;0;0;0
FR;10;2021-08-09;0;0;0;0;0;0;0;0;0;0;0;0;0;0;0;0;0;0
FR;10;2021-08-10;0;0;0;0;0;0;0;0;0;0;0;0;0;0;0;0;0;0
FR;10;2021-08-11;0;0;0;0;0;0;0;0;0;0;0;0;0;0;0;0;0;0
FR;10;2021-08-12;0;0;0;0;0;0;0;0;0;0;0;0;0;0;0;0;0;0
FR;10;2021-08-13;0;0;0;0;0;0;0;0;0;0;0;0;0;0;0;0;0;0
FR;10;2021-08-14;0;0;0;0;0;0;0;0;0;0;0;0;0;0;0;0;0;0
FR;10;2021-08-15;0;0;0;0;0;0;0;0;0;0;0;0;0;0;0;0;0;0
FR;10;2021-08-16;0;0;0;0;0;0;0;0;0;0;0;0;0;0;0;0;0;0
FR;10;2021-08-17;0;0;0;0;0;0;0;0;0;0;0;0;0;0;0;0;0;0
FR;10;2021-08-18;0;0;0;0;0;0;0;0;0;0;0;0;0;0;0;0;0;0
FR;10;2021-08-19;0;0;0;0;0;0;0;0;0;0;0;0;0;0;0;0;0;0
FR;10;2021-08-20;0;0;0;0;0;0;0;0;0;0;0;0;0;0;0;0;0;0
FR;10;2021-08-21;0;0;0;0;0;0;0;0;0;0;0;0;0;0;0;0;0;0
FR;10;2021-08-22;0;0;0;0;0;0;0;0;0;0;0;0;0;0;0;0;0;0
FR;10;2021-08-23;0;0;0;0;0;0;0;0;0;0;0;0;0;0;0;0;0;0
FR;10;2021-08-24;0;0;0;0;0;0;0;0;0;0;0;0;0;0;0;0;0;0
FR;10;2021-08-25;0;0;0;0;0;0;0;0;0;0;0;0;0;0;0;0;0;0
FR;10;2021-08-26;0;0;0;0;0;0;0;0;0;0;0;0;0;0;0;0;0;0
FR;10;2021-08-27;0;0;0;0;0;0;0;0;0;0;0;0;0;0;0;0;0;0
FR;10;2021-08-28;0;0;0;0;0;0;0;0;0;0;0;0;0;0;0;0;0;0
FR;10;2021-08-29;0;0;0;0;0;0;0;0;0;0;0;0;0;0;0;0;0;0
FR;10;2021-08-30;0;0;0;0;0;0;0;0;0;0;0;0;0;0;0;0;0;0
FR;10;2021-08-31;0;0;0;0;0;0;0;0;0;0;0;0;0;0;0;0;0;0
FR;10;2021-09-01;0;0;0;0;0;0;0;0;0;0;0;0;0;0;0;0;0;0
FR;10;2021-09-02;0;0;0;0;0;0;0;0;0;0;0;0;0;0;0;0;0;0
FR;10;2021-09-03;0;0;0;0;0;0;0;0;0;0;0;0;0;0;0;0;0;0
FR;10;2021-09-04;0;0;0;0;0;0;0;0;0;0;0;0;0;0;0;0;0;0
FR;10;2021-09-05;0;0;0;0;0;0;0;0;0;0;0;0;0;0;0;0;0;0
FR;10;2021-09-06;0;0;0;0;0;0;0;0;0;0;0;0;0;0;0;0;0;0
FR;10;2021-09-07;0;0;0;0;0;0;0;0;0;0;0;0;0;0;0;0;0;0
FR;10;2021-09-08;0;0;0;0;0;0;0;0;0;0;0;0;0;0;0;0;0;0
FR;10;2021-09-09;0;0;0;0;0;0;0;0;0;0;0;0;0;0;0;0;0;0
FR;10;2021-09-10;0;0;0;0;0;0;0;0;0;0;0;0;0;0;0;0;0;0
FR;10;2021-09-11;0;0;0;0;0;0;0;0;0;0;0;0;0;0;0;0;0;0
FR;10;2021-09-12;0;0;0;0;0;0;0;0;0;0;0;0;0;0;0;0;0;0
FR;10;2021-09-13;0;0;0;0;0;0;0;0;0;0;0;0;0;0;0;0;0;0
FR;10;2021-09-14;0;0;0;0;0;0;0;0;0;0;0;0;0;0;0;0;0;0
FR;10;2021-09-15;0;0;0;0;0;0;0;0;0;0;0;0;0;0;0;0;0;0
FR;10;2021-09-16;0;0;0;0;0;0;0;0;0;0;0;0;0;0;0;0;0;0
FR;10;2021-09-17;0;0;0;0;0;0;0;0;0;0;0;0;0;0;0;0;0;0
FR;10;2021-09-18;0;0;0;0;0;0;0;0;0;0;0;0;0;0;0;0;0;0
FR;10;2021-09-19;0;0;0;0;0;0;0;0;0;0;0;0;0;0;0;0;0;0
FR;10;2021-09-20;0;0;0;0;0;0;0;0;0;0;0;0;0;0;0;0;0;0
FR;10;2021-09-21;0;0;0;0;0;0;0;0;0;0;0;0;0;0;0;0;0;0
FR;10;2021-09-22;0;0;0;0;0;0;0;0;0;0;0;0;0;0;0;0;0;0
FR;10;2021-09-23;0;0;0;0;0;0;0;0;0;0;0;0;0;0;0;0;0;0
FR;10;2021-09-24;0;0;0;0;0;0;0;0;0;0;0;0;0;0;0;0;0;0
FR;10;2021-09-25;0;0;0;0;0;0;0;0;0;0;0;0;0;0;0;0;0;0
FR;10;2021-09-26;0;0;0;0;0;0;0;0;0;0;0;0;0;0;0;0;0;0
FR;10;2021-09-27;0;0;0;0;0;0;0;0;0;0;0;0;0;0;0;0;0;0
FR;10;2021-09-28;0;0;0;0;0;0;0;0;0;0;0;0;0;0;0;0;0;0
FR;10;2021-09-29;0;0;0;0;0;0;0;0;0;0;0;0;0;0;0;0;0;0
FR;10;2021-09-30;0;0;0;0;0;0;0;0;0;0;0;0;0;0;0;0;0;0
FR;10;2021-10-01;0;0;0;0;0;0;0;0;0;0;0;0;0;0;0;0;0;0
FR;10;2021-10-02;0;0;0;0;0;0;0;0;0;0;0;0;0;0;0;0;0;0
FR;10;2021-10-03;0;0;0;0;0;0;0;0;0;0;0;0;0;0;0;0;0;0
FR;10;2021-10-04;0;0;0;0;0;0;0;0;0;0;0;0;0;0;0;0;0;0
FR;10;2021-10-05;0;0;0;0;0;0;0;0;0;0;0;0;0;0;0;0;0;0
FR;10;2021-10-06;0;0;0;0;0;0;0;0;0;0;0;0;0;0;0;0;0;0
FR;10;2021-10-07;0;0;0;0;0;0;0;0;0;0;0;0;0;0;0;0;0;0
FR;10;2021-10-08;0;0;0;0;0;0;0;0;0;0;0;0;0;0;0;0;0;0
FR;10;2021-10-09;0;0;0;0;0;0;0;0;0;0;0;0;0;0;0;0;0;0
FR;10;2021-10-10;0;0;0;0;0;0;0;0;0;0;0;0;0;0;0;0;0;0
FR;10;2021-10-11;0;0;0;0;0;0;0;0;0;0;0;0;0;0;0;0;0;0
FR;10;2021-10-12;0;0;0;0;0;0;0;0;0;0;0;0;0;0;0;0;0;0
FR;10;2021-10-13;0;0;0;0;0;0;0;0;0;0;0;0;0;0;0;0;0;0
FR;10;2021-10-14;0;0;0;0;0;0;0;0;0;0;0;0;0;0;0;0;0;0
FR;10;2021-10-15;0;0;0;0;0;0;0;0;0;0;0;0;0;0;0;0;0;0
FR;10;2021-10-16;0;0;0;0;0;0;0;0;0;0;0;0;0;0;0;0;0;0
FR;10;2021-10-17;0;0;0;0;0;0;0;0;0;0;0;0;0;0;0;0;0;0
FR;10;2021-10-18;0;0;0;0;0;0;0;0;0;0;0;0;0;0;0;0;0;0
FR;10;2021-10-19;0;0;0;0;0;0;0;0;0;0;0;0;0;0;0;0;0;0
FR;10;2021-10-20;0;0;0;0;0;0;0;0;0;0;0;0;0;0;0;0;0;0
FR;10;2021-10-21;0;0;0;0;0;0;0;0;0;0;0;0;0;0;0;0;0;0
FR;10;2021-10-22;0;0;0;0;0;0;0;0;0;0;0;0;0;0;0;0;0;0
FR;10;2021-10-23;0;0;0;0;0;0;0;0;0;0;0;0;0;0;0;0;0;0
FR;10;2021-10-24;0;0;0;0;0;0;0;0;0;0;0;0;0;0;0;0;0;0
FR;10;2021-10-25;0;0;0;0;0;0;0;0;0;0;0;0;0;0;0;0;0;0
FR;10;2021-10-26;0;0;0;0;0;0;0;0;0;0;0;0;0;0;0;0;0;0
FR;10;2021-10-27;0;0;0;0;0;0;0;0;0;0;0;0;0;0;0;0;0;0
FR;10;2021-10-28;0;0;0;0;0;0;0;0;0;0;0;0;0;0;0;0;0;0
FR;10;2021-10-29;0;0;0;0;0;0;0;0;0;0;0;0;0;0;0;0;0;0
FR;10;2021-10-30;0;0;0;0;0;0;0;0;0;0;0;0;0;0;0;0;0;0
FR;10;2021-10-31;0;0;0;0;0;0;0;0;0;0;0;0;0;0;0;0;0;0
FR;10;2021-11-01;0;0;0;0;0;0;0;0;0;0;0;0;0;0;0;0;0;0
FR;10;2021-11-02;0;0;0;0;0;0;0;0;0;0;0;0;0;0;0;0;0;0
FR;10;2021-11-03;0;0;0;0;0;0;0;0;0;0;0;0;0;0;0;0;0;0
FR;10;2021-11-04;0;0;0;0;0;0;0;0;0;0;0;0;0;0;0;0;0;0
FR;10;2021-11-05;0;0;0;0;0;0;0;0;0;0;0;0;0;0;0;0;0;0
FR;10;2021-11-06;0;0;0;0;0;0;0;0;0;0;0;0;0;0;0;0;0;0
FR;10;2021-11-07;0;0;0;0;0;0;0;0;0;0;0;0;0;0;0;0;0;0
FR;10;2021-11-08;0;0;0;0;0;0;0;0;0;0;0;0;0;0;0;0;0;0
FR;10;2021-11-09;0;0;0;0;0;0;0;0;0;0;0;0;0;0;0;0;0;0
FR;10;2021-11-10;0;0;0;0;0;0;0;0;0;0;0;0;0;0;0;0;0;0
FR;10;2021-11-11;0;0;0;0;0;0;0;0;0;0;0;0;0;0;0;0;0;0
FR;10;2021-11-12;0;0;0;0;0;0;0;0;0;0;0;0;0;0;0;0;0;0
FR;10;2021-11-13;0;0;0;0;0;0;0;0;0;0;0;0;0;0;0;0;0;0
FR;10;2021-11-14;0;0;0;0;0;0;0;0;0;0;0;0;0;0;0;0;0;0
FR;10;2021-11-15;0;0;0;0;0;0;0;0;0;0;0;0;0;0;0;0;0;0
FR;10;2021-11-16;0;0;0;0;0;0;0;0;0;0;0;0;0;0;0;0;0;0
FR;10;2021-11-17;0;0;0;0;0;0;0;0;0;0;0;0;0;0;0;0;0;0
FR;10;2021-11-18;0;0;0;0;0;0;0;0;0;0;0;0;0;0;0;0;0;0
FR;10;2021-11-19;0;0;0;0;0;0;0;0;0;0;0;0;0;0;0;0;0;0
FR;10;2021-11-20;0;0;0;0;0;0;0;0;0;0;0;0;0;0;0;0;0;0
FR;10;2021-11-21;0;0;0;0;0;0;0;0;0;0;0;0;0;0;0;0;0;0
FR;10;2021-11-22;0;0;0;0;0;0;0;0;0;0;0;0;0;0;0;0;0;0
FR;10;2021-11-23;0;0;0;0;0;0;0;0;0;0;0;0;0;0;0;0;0;0
FR;10;2021-11-24;0;0;0;0;0;0;0;0;0;0;0;0;0;0;0;0;0;0
FR;10;2021-11-25;0;0;0;0;0;0;0;0;0;0;0;0;0;0;0;0;0;0
FR;10;2021-11-26;0;0;0;0;0;0;0;0;0;0;0;0;0;0;0;0;0;0
FR;10;2021-11-27;0;0;0;0;0;0;0;0;0;0;0;0;0;0;0;0;0;0
FR;10;2021-11-28;0;0;0;0;0;0;0;0;0;0;0;0;0;0;0;0;0;0
FR;10;2021-11-29;0;0;0;0;0;0;0;0;0;0;0;0;0;0;0;0;0;0
FR;10;2021-11-30;0;0;0;0;0;0;0;0;0;0;0;0;0;0;0;0;0;0
FR;10;2021-12-01;0;0;0;0;0;0;0;0;0;0;0;0;0;0;0;0;0;0
FR;10;2021-12-02;0;0;0;0;0;0;0;0;0;0;0;0;0;0;0;0;0;0
FR;10;2021-12-03;0;0;0;0;0;0;0;0;0;0;0;0;0;0;0;0;0;0
FR;10;2021-12-04;0;0;0;0;0;0;0;0;0;0;0;0;0;0;0;0;0;0
FR;10;2021-12-05;0;0;0;0;0;0;0;0;0;0;0;0;0;0;0;0;0;0
FR;10;2021-12-06;0;0;0;0;0;0;0;0;0;0;0;0;0;0;0;0;0;0
FR;10;2021-12-07;0;0;0;0;0;0;0;0;0;0;0;0;0;0;0;0;0;0
FR;10;2021-12-08;0;0;0;0;0;0;0;0;0;0;0;0;0;0;0;0;0;0
FR;10;2021-12-09;0;0;0;0;0;0;0;0;0;0;0;0;0;0;0;0;0;0
FR;10;2021-12-10;0;0;0;0;0;0;0;0;0;0;0;0;0;0;0;0;0;0
FR;10;2021-12-11;0;0;0;0;0;0;0;0;0;0;0;0;0;0;0;0;0;0
FR;10;2021-12-12;0;0;0;0;0;0;0;0;0;0;0;0;0;0;0;0;0;0
FR;10;2021-12-13;0;0;0;0;0;0;0;0;0;0;0;0;0;0;0;0;0;0
FR;10;2021-12-14;0;0;0;0;0;0;0;0;0;0;0;0;0;0;0;0;0;0
FR;10;2021-12-15;0;0;0;0;0;0;0;0;0;0;0;0;0;0;0;0;0;0
FR;10;2021-12-16;0;0;0;0;0;0;0;0;0;0;0;0;0;0;0;0;0;0
FR;10;2021-12-17;0;0;0;0;0;0;0;0;0;0;0;0;0;0;0;0;0;0
FR;10;2021-12-18;0;0;0;0;0;0;0;0;0;0;0;0;0;0;0;0;0;0
FR;10;2021-12-19;0;0;0;0;0;0;0;0;0;0;0;0;0;0;0;0;0;0
FR;10;2021-12-20;0;0;0;0;0;0;0;0;0;0;0;0;0;0;0;0;0;0
FR;10;2021-12-21;0;0;0;0;0;0;0;0;0;0;0;0;0;0;0;0;0;0
FR;10;2021-12-22;0;0;0;0;0;0;0;0;0;0;0;0;0;0;0;0;0;0
FR;10;2021-12-23;0;0;0;0;0;0;0;0;0;0;0;0;0;0;0;0;0;0
FR;10;2021-12-24;0;0;0;0;0;0;0;0;0;0;0;0;0;0;0;0;0;0
FR;10;2021-12-25;0;0;0;0;0;0;0;0;0;0;0;0;0;0;0;0;0;0
FR;10;2021-12-26;0;0;0;0;0;0;0;0;0;0;0;0;0;0;0;0;0;0
FR;10;2021-12-27;0;0;0;0;0;0;0;0;0;0;0;0;0;0;0;0;0;0
FR;10;2021-12-28;0;0;0;0;0;0;0;0;0;0;0;0;0;0;0;0;0;0
FR;10;2021-12-29;0;0;0;0;0;0;0;0;0;0;0;0;0;0;0;0;0;0
FR;10;2021-12-30;0;0;0;0;0;0;0;0;0;0;0;0;0;0;0;0;0;0
FR;10;2021-12-31;0;0;0;0;0;0;0;0;0;0;0;0;0;0;0;0;0;0
FR;10;2022-01-01;0;0;0;0;0;0;0;0;0;0;0;0;0;0;0;0;0;0
FR;10;2022-01-02;0;0;0;0;0;0;0;0;0;0;0;0;0;0;0;0;0;0
FR;10;2022-01-03;0;0;0;0;0;0;0;0;0;0;0;0;0;0;0;0;0;0
FR;10;2022-01-04;0;0;0;0;0;0;0;0;0;0;0;0;0;0;0;0;0;0
FR;10;2022-01-05;0;0;0;0;0;0;0;0;0;0;0;0;0;0;0;0;0;0
FR;10;2022-01-06;0;0;0;0;0;0;0;0;0;0;0;0;0;0;0;0;0;0
FR;10;2022-01-07;0;0;0;0;0;0;0;0;0;0;0;0;0;0;0;0;0;0
FR;10;2022-01-08;0;0;0;0;0;0;0;0;0;0;0;0;0;0;0;0;0;0
FR;10;2022-01-09;0;0;0;0;0;0;0;0;0;0;0;0;0;0;0;0;0;0
FR;10;2022-01-10;0;0;0;0;0;0;0;0;0;0;0;0;0;0;0;0;0;0
FR;10;2022-01-11;0;0;0;0;0;0;0;0;0;0;0;0;0;0;0;0;0;0
FR;10;2022-01-12;0;0;0;0;0;0;0;0;0;0;0;0;0;0;0;0;0;0
FR;10;2022-01-13;0;0;0;0;0;0;0;0;0;0;0;0;0;0;0;0;0;0
FR;10;2022-01-14;0;0;0;0;0;0;0;0;0;0;0;0;0;0;0;0;0;0
FR;10;2022-01-15;0;0;0;0;0;0;0;0;0;0;0;0;0;0;0;0;0;0
FR;10;2022-01-16;0;0;0;0;0;0;0;0;0;0;0;0;0;0;0;0;0;0
FR;10;2022-01-17;0;0;0;0;0;0;0;0;0;0;0;0;0;0;0;0;0;0
FR;10;2022-01-18;0;0;0;0;0;0;0;0;0;0;0;0;0;0;0;0;0;0
FR;10;2022-01-19;0;0;0;0;0;0;0;0;0;0;0;0;0;0;0;0;0;0
FR;10;2022-01-20;0;0;0;0;0;0;0;0;0;0;0;0;0;0;0;0;0;0
FR;10;2022-01-21;0;0;0;0;0;0;0;0;0;0;0;0;0;0;0;0;0;0
FR;10;2022-01-22;0;0;0;0;0;0;0;0;0;0;0;0;0;0;0;0;0;0
FR;10;2022-01-23;0;0;0;0;0;0;0;0;0;0;0;0;0;0;0;0;0;0
FR;10;2022-01-24;0;0;0;0;0;0;0;0;0;0;0;0;0;0;0;0;0;0
FR;10;2022-01-25;0;0;0;0;0;0;0;0;0;0;0;0;0;0;0;0;0;0
FR;10;2022-01-26;0;0;0;0;0;0;0;0;0;0;0;0;0;0;0;0;0;0
FR;10;2022-01-27;0;0;0;0;0;0;0;0;0;0;0;0;0;0;0;0;0;0
FR;10;2022-01-28;0;0;0;0;0;0;0;0;0;0;0;0;0;0;0;0;0;0
FR;10;2022-01-29;0;0;0;0;0;0;0;0;0;0;0;0;0;0;0;0;0;0
FR;10;2022-01-30;0;0;0;0;0;0;0;0;0;0;0;0;0;0;0;0;0;0
FR;10;2022-01-31;0;0;0;0;0;0;0;0;0;0;0;0;0;0;0;0;0;0
FR;10;2022-02-01;0;0;0;0;0;0;0;0;0;0;0;0;0;0;0;0;0;0
FR;10;2022-02-02;0;0;0;0;0;0;0;0;0;0;0;0;0;0;0;0;0;0
FR;10;2022-02-03;0;0;0;0;0;0;0;0;0;0;0;0;0;0;0;0;0;0
FR;10;2022-02-04;0;0;0;0;0;0;0;0;0;0;0;0;0;0;0;0;0;0
FR;10;2022-02-05;0;0;0;0;0;0;0;0;0;0;0;0;0;0;0;0;0;0
FR;10;2022-02-06;0;0;0;0;0;0;0;0;0;0;0;0;0;0;0;0;0;0
FR;10;2022-02-07;0;0;0;0;0;0;0;0;0;0;0;0;0;0;0;0;0;0
FR;10;2022-02-08;0;0;0;0;0;0;0;0;0;0;0;0;0;0;0;0;0;0
FR;10;2022-02-09;0;0;0;0;0;0;0;0;0;0;0;0;0;0;0;0;0;0
FR;10;2022-02-10;0;0;0;0;0;0;0;0;0;0;0;0;0;0;0;0;0;0
FR;10;2022-02-11;0;0;0;0;0;0;0;0;0;0;0;0;0;0;0;0;0;0
FR;10;2022-02-12;0;0;0;0;0;0;0;0;0;0;0;0;0;0;0;0;0;0
FR;10;2022-02-13;0;0;0;0;0;0;0;0;0;0;0;0;0;0;0;0;0;0
FR;10;2022-02-14;0;0;0;0;0;0;0;0;0;0;0;0;0;0;0;0;0;0
FR;10;2022-02-15;0;0;0;0;0;0;0;0;0;0;0;0;0;0;0;0;0;0
FR;10;2022-02-16;0;0;0;0;0;0;0;0;0;0;0;0;0;0;0;0;0;0
FR;10;2022-02-17;0;0;0;0;0;0;0;0;0;0;0;0;0;0;0;0;0;0
FR;10;2022-02-18;0;0;0;0;0;0;0;0;0;0;0;0;0;0;0;0;0;0
FR;10;2022-02-19;0;0;0;0;0;0;0;0;0;0;0;0;0;0;0;0;0;0
FR;10;2022-02-20;0;0;0;0;0;0;0;0;0;0;0;0;0;0;0;0;0;0
FR;10;2022-02-21;0;0;0;0;0;0;0;0;0;0;0;0;0;0;0;0;0;0
FR;10;2022-02-22;0;0;0;0;0;0;0;0;0;0;0;0;0;0;0;0;0;0
FR;10;2022-02-23;0;0;0;0;0;0;0;0;0;0;0;0;0;0;0;0;0;0
FR;10;2022-02-24;0;0;0;0;0;0;0;0;0;0;0;0;0;0;0;0;0;0
FR;10;2022-02-25;0;0;0;0;0;0;0;0;0;0;0;0;0;0;0;0;0;0
FR;10;2022-02-26;0;0;0;0;0;0;0;0;0;0;0;0;0;0;0;0;0;0
FR;10;2022-02-27;0;0;0;0;0;0;0;0;0;0;0;0;0;0;0;0;0;0
FR;10;2022-02-28;0;0;0;0;0;0;0;0;0;0;0;0;0;0;0;0;0;0
FR;10;2022-03-01;0;0;0;0;0;0;0;0;0;0;0;0;0;0;0;0;0;0
FR;10;2022-03-02;0;0;0;0;0;0;0;0;0;0;0;0;0;0;0;0;0;0
FR;10;2022-03-03;0;0;0;0;0;0;0;0;0;0;0;0;0;0;0;0;0;0
FR;10;2022-03-04;0;0;0;0;0;0;0;0;0;0;0;0;0;0;0;0;0;0
FR;10;2022-03-05;0;0;0;0;0;0;0;0;0;0;0;0;0;0;0;0;0;0
FR;10;2022-03-06;0;0;0;0;0;0;0;0;0;0;0;0;0;0;0;0;0;0
FR;10;2022-03-07;0;0;0;0;0;0;0;0;0;0;0;0;0;0;0;0;0;0
FR;10;2022-03-08;0;0;0;0;0;0;0;0;0;0;0;0;0;0;0;0;0;0
FR;10;2022-03-09;0;0;0;0;0;0;0;0;0;0;0;0;0;0;0;0;0;0
FR;10;2022-03-10;0;0;0;0;0;0;0;0;0;0;0;0;0;0;0;0;0;0
FR;10;2022-03-11;0;0;0;0;0;0;0;0;0;0;0;0;0;0;0;0;0;0
FR;10;2022-03-12;0;0;0;0;0;0;0;0;0;0;0;0;0;0;0;0;0;0
FR;10;2022-03-13;0;0;0;0;0;0;0;0;0;0;0;0;0;0;0;0;0;0
FR;10;2022-03-14;0;0;0;0;0;0;0;0;0;0;0;0;0;0;0;0;0;0
FR;10;2022-03-15;0;0;0;0;0;0;0;0;0;0;0;0;0;0;0;0;0;0
FR;10;2022-03-16;0;0;0;0;0;0;0;0;0;0;0;0;0;0;0;0;0;0
FR;10;2022-03-17;0;0;0;0;0;0;0;0;0;0;0;0;0;0;0;0;0;0
FR;10;2022-03-18;0;0;0;0;0;0;0;0;0;0;0;0;0;0;0;0;0;0
FR;10;2022-03-19;0;0;0;0;0;0;0;0;0;0;0;0;0;0;0;0;0;0
FR;10;2022-03-20;0;0;0;0;0;0;0;0;0;0;0;0;0;0;0;0;0;0
FR;10;2022-03-21;0;0;0;0;0;0;0;0;0;0;0;0;0;0;0;0;0;0
FR;10;2022-03-22;0;0;0;0;0;0;0;0;0;0;0;0;0;0;0;0;0;0
FR;10;2022-03-23;0;0;0;0;0;0;0;0;0;0;0;0;0;0;0;0;0;0
FR;10;2022-03-24;0;0;0;0;0;0;0;0;0;0;0;0;0;0;0;0;0;0
FR;10;2022-03-25;0;0;0;0;0;0;0;0;0;0;0;0;0;0;0;0;0;0
FR;10;2022-03-26;0;0;0;0;0;0;0;0;0;0;0;0;0;0;0;0;0;0
FR;10;2022-03-27;0;0;0;0;0;0;0;0;0;0;0;0;0;0;0;0;0;0
FR;10;2022-03-28;0;0;0;0;0;0;0;0;0;0;0;0;0;0;0;0;0;0
FR;10;2022-03-29;0;0;0;0;0;0;0;0;0;0;0;0;0;0;0;0;0;0
FR;10;2022-03-30;0;0;0;0;0;0;0;0;0;0;0;0;0;0;0;0;0;0
FR;10;2022-03-31;0;0;0;0;0;0;0;0;0;0;0;0;0;0;0;0;0;0
FR;10;2022-04-01;0;0;0;0;0;0;0;0;0;0;0;0;0;0;0;0;0;0
FR;10;2022-04-02;0;0;0;0;0;0;0;0;0;0;0;0;0;0;0;0;0;0
FR;10;2022-04-03;0;0;0;0;0;0;0;0;0;0;0;0;0;0;0;0;0;0
FR;10;2022-04-04;0;0;0;0;0;0;0;0;0;0;0;0;0;0;0;0;0;0
FR;10;2022-04-05;0;0;0;0;0;0;0;0;0;0;0;0;0;0;0;0;0;0
FR;10;2022-04-06;0;0;0;0;0;0;0;0;0;0;0;0;0;0;0;0;0;0
FR;10;2022-04-07;0;0;0;0;0;0;0;0;0;0;0;0;0;0;0;0;0;0
FR;10;2022-04-08;0;0;0;0;0;0;0;0;0;0;0;0;0;0;0;0;0;0
FR;10;2022-04-09;0;0;0;0;0;0;0;0;0;0;0;0;0;0;0;0;0;0
FR;10;2022-04-10;0;0;0;0;0;0;0;0;0;0;0;0;0;0;0;0;0;0
FR;10;2022-04-11;0;0;0;0;0;0;0;0;0;0;0;0;0;0;0;0;0;0
FR;10;2022-04-12;0;0;0;0;0;0;0;0;0;0;0;0;0;0;0;0;0;0
FR;10;2022-04-13;0;0;0;0;0;0;0;0;0;0;0;0;0;0;0;0;0;0
FR;10;2022-04-14;0;0;0;0;0;0;0;0;0;0;0;0;0;0;0;0;0;0
FR;10;2022-04-15;0;0;0;0;0;0;0;0;0;0;0;0;0;0;0;0;0;0
FR;10;2022-04-16;0;0;0;0;0;0;0;0;0;0;0;0;0;0;0;0;0;0
FR;10;2022-04-17;0;0;0;0;0;0;0;0;0;0;0;0;0;0;0;0;0;0
FR;10;2022-04-18;0;0;0;0;0;0;0;0;0;0;0;0;0;0;0;0;0;0
FR;10;2022-04-19;0;0;0;0;0;0;0;0;0;0;0;0;0;0;0;0;0;0
FR;10;2022-04-20;0;0;0;0;0;0;0;0;0;0;0;0;0;0;0;0;0;0
FR;10;2022-04-21;0;0;0;0;0;0;0;0;0;0;0;0;0;0;0;0;0;0
FR;10;2022-04-22;0;0;0;0;0;0;0;0;0;0;0;0;0;0;0;0;0;0
FR;10;2022-04-23;0;0;0;0;0;0;0;0;0;0;0;0;0;0;0;0;0;0
FR;10;2022-04-24;0;0;0;0;0;0;0;0;0;0;0;0;0;0;0;0;0;0
FR;10;2022-04-25;0;0;0;0;0;0;0;0;0;0;0;0;0;0;0;0;0;0
FR;10;2022-04-26;0;0;0;0;0;0;0;0;0;0;0;0;0;0;0;0;0;0
FR;10;2022-04-27;0;0;0;0;0;0;0;0;0;0;0;0;0;0;0;0;0;0
FR;10;2022-04-28;0;0;0;0;0;0;0;0;0;0;0;0;0;0;0;0;0;0
FR;10;2022-04-29;0;0;0;0;0;0;0;0;0;0;0;0;0;0;0;0;0;0
FR;10;2022-04-30;0;0;0;0;0;0;0;0;0;0;0;0;0;0;0;0;0;0
FR;10;2022-05-01;0;0;0;0;0;0;0;0;0;0;0;0;0;0;0;0;0;0
FR;10;2022-05-02;0;0;0;0;0;0;0;0;0;0;0;0;0;0;0;0;0;0
FR;10;2022-05-03;0;0;0;0;0;0;0;0;0;0;0;0;0;0;0;0;0;0
FR;10;2022-05-04;0;0;0;0;0;0;0;0;0;0;0;0;0;0;0;0;0;0
FR;10;2022-05-05;0;0;0;0;0;0;0;0;0;0;0;0;0;0;0;0;0;0
FR;10;2022-05-06;0;0;0;0;0;0;0;0;0;0;0;0;0;0;0;0;0;0
FR;10;2022-05-07;0;0;0;0;0;0;0;0;0;0;0;0;0;0;0;0;0;0
FR;10;2022-05-08;0;0;0;0;0;0;0;0;0;0;0;0;0;0;0;0;0;0
FR;10;2022-05-09;0;0;0;0;0;0;0;0;0;0;0;0;0;0;0;0;0;0
FR;10;2022-05-10;0;0;0;0;0;0;0;0;0;0;0;0;0;0;0;0;0;0
FR;10;2022-05-11;0;0;0;0;0;0;0;0;0;0;0;0;0;0;0;0;0;0
FR;10;2022-05-12;0;0;0;0;0;0;0;0;0;0;0;0;0;0;0;0;0;0
FR;10;2022-05-13;0;0;0;0;0;0;0;0;0;0;0;0;0;0;0;0;0;0
FR;10;2022-05-14;0;0;0;0;0;0;0;0;0;0;0;0;0;0;0;0;0;0
FR;10;2022-05-15;0;0;0;0;0;0;0;0;0;0;0;0;0;0;0;0;0;0
FR;10;2022-05-16;0;0;0;0;0;0;0;0;0;0;0;0;0;0;0;0;0;0
FR;10;2022-05-17;0;0;0;0;0;0;0;0;0;0;0;0;0;0;0;0;0;0
FR;10;2022-05-18;0;0;0;0;0;0;0;0;0;0;0;0;0;0;0;0;0;0
FR;10;2022-05-19;0;0;0;0;0;0;0;0;0;0;0;0;0;0;0;0;0;0
FR;10;2022-05-20;0;0;0;0;0;0;0;0;0;0;0;0;0;0;0;0;0;0
FR;10;2022-05-21;0;0;0;0;0;0;0;0;0;0;0;0;0;0;0;0;0;0
FR;10;2022-05-22;0;0;0;0;0;0;0;0;0;0;0;0;0;0;0;0;0;0
FR;10;2022-05-23;0;0;0;0;0;0;0;0;0;0;0;0;0;0;0;0;0;0
FR;10;2022-05-24;0;0;0;0;0;0;0;0;0;0;0;0;0;0;0;0;0;0
FR;10;2022-05-25;0;0;0;0;0;0;0;0;0;0;0;0;0;0;0;0;0;0
FR;10;2022-05-26;0;0;0;0;0;0;0;0;0;0;0;0;0;0;0;0;0;0
FR;10;2022-05-27;0;0;0;0;0;0;0;0;0;0;0;0;0;0;0;0;0;0
FR;10;2022-05-28;0;0;0;0;0;0;0;0;0;0;0;0;0;0;0;0;0;0
FR;10;2022-05-29;0;0;0;0;0;0;0;0;0;0;0;0;0;0;0;0;0;0
FR;10;2022-05-30;0;0;0;0;0;0;0;0;0;0;0;0;0;0;0;0;0;0
FR;10;2022-05-31;0;0;0;0;0;0;0;0;0;0;0;0;0;0;0;0;0;0
FR;10;2022-06-01;0;0;0;0;0;0;0;0;0;0;0;0;0;0;0;0;0;0
FR;10;2022-06-02;0;0;0;0;0;0;0;0;0;0;0;0;0;0;0;0;0;0
FR;10;2022-06-03;0;0;0;0;0;0;0;0;0;0;0;0;0;0;0;0;0;0
FR;10;2022-06-04;0;0;0;0;0;0;0;0;0;0;0;0;0;0;0;0;0;0
FR;10;2022-06-05;0;0;0;0;0;0;0;0;0;0;0;0;0;0;0;0;0;0
FR;10;2022-06-06;0;0;0;0;0;0;0;0;0;0;0;0;0;0;0;0;0;0
FR;10;2022-06-07;0;0;0;0;0;0;0;0;0;0;0;0;0;0;0;0;0;0
FR;10;2022-06-08;0;0;0;0;0;0;0;0;0;0;0;0;0;0;0;0;0;0
FR;10;2022-06-09;0;0;0;0;0;0;0;0;0;0;0;0;0;0;0;0;0;0
FR;10;2022-06-10;0;0;0;0;0;0;0;0;0;0;0;0;0;0;0;0;0;0
FR;10;2022-06-11;0;0;0;0;0;0;0;0;0;0;0;0;0;0;0;0;0;0
FR;10;2022-06-12;0;0;0;0;0;0;0;0;0;0;0;0;0;0;0;0;0;0
FR;10;2022-06-13;0;0;0;0;0;0;0;0;0;0;0;0;0;0;0;0;0;0
FR;10;2022-06-14;0;0;0;0;0;0;0;0;0;0;0;0;0;0;0;0;0;0
FR;10;2022-06-15;0;0;0;0;0;0;0;0;0;0;0;0;0;0;0;0;0;0
FR;10;2022-06-16;0;0;0;0;0;0;0;0;0;0;0;0;0;0;0;0;0;0
FR;10;2022-06-17;0;0;0;0;0;0;0;0;0;0;0;0;0;0;0;0;0;0
FR;10;2022-06-18;0;0;0;0;0;0;0;0;0;0;0;0;0;0;0;0;0;0
FR;10;2022-06-19;0;0;0;0;0;0;0;0;0;0;0;0;0;0;0;0;0;0
FR;10;2022-06-20;0;0;0;0;0;0;0;0;0;0;0;0;0;0;0;0;0;0
FR;10;2022-06-21;0;0;0;0;0;0;0;0;0;0;0;0;0;0;0;0;0;0
FR;10;2022-06-22;0;0;0;0;0;0;0;0;0;0;0;0;0;0;0;0;0;0
FR;10;2022-06-23;0;0;0;0;0;0;0;0;0;0;0;0;0;0;0;0;0;0
FR;10;2022-06-24;0;0;0;0;0;0;0;0;0;0;0;0;0;0;0;0;0;0
FR;10;2022-06-25;0;0;0;0;0;0;0;0;0;0;0;0;0;0;0;0;0;0
FR;10;2022-06-26;0;0;0;0;0;0;0;0;0;0;0;0;0;0;0;0;0;0
FR;10;2022-06-27;0;0;0;0;0;0;0;0;0;0;0;0;0;0;0;0;0;0
FR;10;2022-06-28;0;0;0;0;0;0;0;0;0;0;0;0;0;0;0;0;0;0
FR;10;2022-06-29;0;0;0;0;0;0;0;0;0;0;0;0;0;0;0;0;0;0
FR;10;2022-06-30;0;0;0;0;0;0;0;0;0;0;0;0;0;0;0;0;0;0
FR;10;2022-07-01;0;0;0;0;0;0;0;0;0;0;0;0;0;0;0;0;0;0
FR;10;2022-07-02;0;0;0;0;0;0;0;0;0;0;0;0;0;0;0;0;0;0
FR;10;2022-07-03;0;0;0;0;0;0;0;0;0;0;0;0;0;0;0;0;0;0
FR;10;2022-07-04;0;0;0;0;0;0;0;0;0;0;0;0;0;0;0;0;0;0
FR;10;2022-07-05;0;0;0;0;0;0;0;0;0;0;0;0;0;0;0;0;0;0
FR;10;2022-07-06;0;0;0;0;0;0;0;0;0;0;0;0;0;0;0;0;0;0
FR;10;2022-07-07;0;0;0;0;0;0;0;0;0;0;0;0;0;0;0;0;0;0
FR;10;2022-07-08;0;0;0;0;0;0;0;0;0;0;0;0;0;0;0;0;0;0
FR;10;2022-07-09;0;0;0;0;0;0;0;0;0;0;0;0;0;0;0;0;0;0
FR;10;2022-07-10;0;0;0;0;0;0;0;0;0;0;0;0;0;0;0;0;0;0
FR;10;2022-07-11;0;0;0;0;0;0;0;0;0;0;0;0;0;0;0;0;0;0
FR;10;2022-07-12;0;0;0;0;0;0;0;0;0;0;0;0;0;0;0;0;0;0
FR;10;2022-07-13;0;0;0;0;0;0;0;0;0;0;0;0;0;0;0;0;0;0
FR;10;2022-07-14;0;0;0;0;0;0;0;0;0;0;0;0;0;0;0;0;0;0
FR;10;2022-07-15;0;0;0;0;0;0;0;0;0;0;0;0;0;0;0;0;0;0
FR;10;2022-07-16;0;0;0;0;0;0;0;0;0;0;0;0;0;0;0;0;0;0
FR;10;2022-07-17;0;0;0;0;0;0;0;0;0;0;0;0;0;0;0;0;0;0
FR;10;2022-07-18;0;0;0;0;0;0;0;0;0;0;0;0;0;0;0;0;0;0
FR;10;2022-07-19;0;0;0;0;0;0;0;0;0;0;0;0;0;0;0;0;0;0
FR;10;2022-07-20;0;0;0;0;0;0;0;0;0;0;0;0;0;0;0;0;0;0
FR;10;2022-07-21;0;0;0;0;0;0;0;0;0;0;0;0;0;0;0;0;0;0
FR;10;2022-07-22;0;0;0;0;0;0;0;0;0;0;0;0;0;0;0;0;0;0
FR;10;2022-07-23;0;0;0;0;0;0;0;0;0;0;0;0;0;0;0;0;0;0
FR;10;2022-07-24;0;0;0;0;0;0;0;0;0;0;0;0;0;0;0;0;0;0
FR;10;2022-07-25;0;0;0;0;0;0;0;0;0;0;0;0;0;0;0;0;0;0
FR;10;2022-07-26;0;0;0;0;0;0;0;0;0;0;0;0;0;0;0;0;0;0
FR;10;2022-07-27;0;0;0;0;0;0;0;0;0;0;0;0;0;0;0;0;0;0
FR;10;2022-07-28;0;0;0;0;0;0;0;0;0;0;0;0;0;0;0;0;0;0
FR;10;2022-07-29;0;0;0;0;0;0;0;0;0;0;0;0;0;0;0;0;0;0
FR;10;2022-07-30;0;0;0;0;0;0;0;0;0;0;0;0;0;0;0;0;0;0
FR;10;2022-07-31;0;0;0;0;0;0;0;0;0;0;0;0;0;0;0;0;0;0
FR;10;2022-08-01;0;0;0;0;0;0;0;0;0;0;0;0;0;0;0;0;0;0
FR;10;2022-08-02;0;0;0;0;0;0;0;0;0;0;0;0;0;0;0;0;0;0
FR;10;2022-08-03;0;0;0;0;0;0;0;0;0;0;0;0;0;0;0;0;0;0
FR;10;2022-08-04;0;0;0;0;0;0;0;0;0;0;0;0;0;0;0;0;0;0
FR;10;2022-08-05;0;0;0;0;0;0;0;0;0;0;0;0;0;0;0;0;0;0
FR;10;2022-08-06;0;0;0;0;0;0;0;0;0;0;0;0;0;0;0;0;0;0
FR;10;2022-08-07;0;0;0;0;0;0;0;0;0;0;0;0;0;0;0;0;0;0
FR;10;2022-08-08;0;0;0;0;0;0;0;0;0;0;0;0;0;0;0;0;0;0
FR;10;2022-08-09;0;0;0;0;0;0;0;0;0;0;0;0;0;0;0;0;0;0
FR;10;2022-08-10;0;0;0;0;0;0;0;0;0;0;0;0;0;0;0;0;0;0
FR;10;2022-08-11;0;0;0;0;0;0;0;0;0;0;0;0;0;0;0;0;0;0
FR;10;2022-08-12;0;0;0;0;0;0;0;0;0;0;0;0;0;0;0;0;0;0
FR;10;2022-08-13;0;0;0;0;0;0;0;0;0;0;0;0;0;0;0;0;0;0
FR;10;2022-08-14;0;0;0;0;0;0;0;0;0;0;0;0;0;0;0;0;0;0
FR;10;2022-08-15;0;0;0;0;0;0;0;0;0;0;0;0;0;0;0;0;0;0
FR;10;2022-08-16;0;0;0;0;0;0;0;0;0;0;0;0;0;0;0;0;0;0
FR;10;2022-08-17;0;0;0;0;0;0;0;0;0;0;0;0;0;0;0;0;0;0
FR;10;2022-08-18;0;0;0;0;0;0;0;0;0;0;0;0;0;0;0;0;0;0
FR;10;2022-08-19;0;0;0;0;0;0;0;0;0;0;0;0;0;0;0;0;0;0
FR;10;2022-08-20;0;0;0;0;0;0;0;0;0;0;0;0;0;0;0;0;0;0
FR;10;2022-08-21;0;0;0;0;0;0;0;0;0;0;0;0;0;0;0;0;0;0
FR;10;2022-08-22;0;0;0;0;0;0;0;0;0;0;0;0;0;0;0;0;0;0
FR;10;2022-08-23;0;0;0;0;0;0;0;0;0;0;0;0;0;0;0;0;0;0
FR;10;2022-08-24;0;0;0;0;0;0;0;0;0;0;0;0;0;0;0;0;0;0
FR;10;2022-08-25;0;0;0;0;0;0;0;0;0;0;0;0;0;0;0;0;0;0
FR;10;2022-08-26;0;0;0;0;0;0;0;0;0;0;0;0;0;0;0;0;0;0
FR;10;2022-08-27;0;0;0;0;0;0;0;0;0;0;0;0;0;0;0;0;0;0
FR;10;2022-08-28;0;0;0;0;0;0;0;0;0;0;0;0;0;0;0;0;0;0
FR;10;2022-08-29;0;0;0;0;0;0;0;0;0;0;0;0;0;0;0;0;0;0
FR;10;2022-08-30;0;0;0;0;0;0;0;0;0;0;0;0;0;0;0;0;0;0
FR;10;2022-08-31;0;0;0;0;0;0;0;0;0;0;0;0;0;0;0;0;0;0
FR;10;2022-09-01;0;0;0;0;0;0;0;0;0;0;0;0;0;0;0;0;0;0
FR;10;2022-09-02;0;0;0;0;0;0;0;0;0;0;0;0;0;0;0;0;0;0
FR;10;2022-09-03;0;0;0;0;0;0;0;0;0;0;0;0;0;0;0;0;0;0
FR;10;2022-09-04;0;0;0;0;0;0;0;0;0;0;0;0;0;0;0;0;0;0
FR;10;2022-09-05;0;0;0;0;0;0;0;0;0;0;0;0;0;0;0;0;0;0
FR;10;2022-09-06;0;0;0;0;0;0;0;0;0;0;0;0;0;0;0;0;0;0
FR;10;2022-09-07;0;0;0;0;0;0;0;0;0;0;0;0;0;0;0;0;0;0
FR;10;2022-09-08;0;0;0;0;0;0;0;0;0;0;0;0;0;0;0;0;0;0
FR;10;2022-09-09;0;0;0;0;0;0;0;0;0;0;0;0;0;0;0;0;0;0
FR;10;2022-09-10;0;0;0;0;0;0;0;0;0;0;0;0;0;0;0;0;0;0
FR;10;2022-09-11;0;0;0;0;0;0;0;0;0;0;0;0;0;0;0;0;0;0
FR;10;2022-09-12;0;0;0;0;0;0;0;0;0;0;0;0;0;0;0;0;0;0
FR;10;2022-09-13;0;0;0;0;0;0;0;0;0;0;0;0;0;0;0;0;0;0
FR;10;2022-09-14;0;0;0;0;0;0;0;0;0;0;0;0;0;0;0;0;0;0
FR;10;2022-09-15;0;0;0;0;0;0;0;0;0;0;0;0;0;0;0;0;0;0
FR;10;2022-09-16;0;0;0;0;0;0;0;0;0;0;0;0;0;0;0;0;0;0
FR;10;2022-09-17;0;0;0;0;0;0;0;0;0;0;0;0;0;0;0;0;0;0
FR;10;2022-09-18;0;0;0;0;0;0;0;0;0;0;0;0;0;0;0;0;0;0
FR;10;2022-09-19;0;0;0;0;0;0;0;0;0;0;0;0;0;0;0;0;0;0
FR;10;2022-09-20;0;0;0;0;0;0;0;0;0;0;0;0;0;0;0;0;0;0
FR;10;2022-09-21;0;0;0;0;0;0;0;0;0;0;0;0;0;0;0;0;0;0
FR;10;2022-09-22;0;0;0;0;0;0;0;0;0;0;0;0;0;0;0;0;0;0
FR;10;2022-09-23;0;0;0;0;0;0;0;0;0;0;0;0;0;0;0;0;0;0
FR;10;2022-09-24;0;0;0;0;0;0;0;0;0;0;0;0;0;0;0;0;0;0
FR;10;2022-09-25;0;0;0;0;0;0;0;0;0;0;0;0;0;0;0;0;0;0
FR;10;2022-09-26;0;0;0;0;0;0;0;0;0;0;0;0;0;0;0;0;0;0
FR;10;2022-09-27;0;0;0;0;0;0;0;0;0;0;0;0;0;0;0;0;0;0
FR;10;2022-09-28;0;0;0;0;0;0;0;0;0;0;0;0;0;0;0;0;0;0
FR;10;2022-09-29;0;0;0;0;0;0;0;0;0;0;0;0;0;0;0;0;0;0
FR;10;2022-09-30;0;0;0;0;0;0;0;0;0;0;0;0;0;0;0;0;0;0
FR;10;2022-10-01;0;0;0;0;0;0;0;0;0;0;0;0;0;0;0;0;0;0
FR;10;2022-10-02;0;0;0;0;0;0;0;0;0;0;0;0;0;0;0;0;0;0
FR;10;2022-10-03;0;0;0;0;0;0;0;0;0;0;0;0;0;0;0;0;0;0
FR;10;2022-10-04;0;0;0;0;0;0;0;0;0;0;0;0;0;0;0;0;0;0
FR;10;2022-10-05;0;0;0;0;0;0;0;0;0;0;0;0;0;0;0;0;0;0
FR;10;2022-10-06;0;0;0;0;0;0;0;0;0;0;0;0;0;0;0;0;0;0
FR;10;2022-10-07;0;0;0;0;0;0;0;0;0;0;0;0;0;0;0;0;0;0
FR;10;2022-10-08;0;0;0;0;0;0;0;0;0;0;0;0;0;0;0;0;0;0
FR;10;2022-10-09;0;0;0;0;0;0;0;0;0;0;0;0;0;0;0;0;0;0
FR;10;2022-10-10;0;0;0;0;0;0;0;0;0;0;0;0;0;0;0;0;0;0
FR;10;2022-10-11;0;0;0;0;0;0;0;0;0;0;0;0;0;0;0;0;0;0
FR;10;2022-10-12;0;0;0;0;0;0;0;0;0;0;0;0;0;0;0;0;0;0
FR;10;2022-10-13;0;0;0;0;0;0;0;0;0;0;0;0;0;0;0;0;0;0
FR;10;2022-10-14;0;0;0;0;0;0;0;0;0;0;0;0;0;0;0;0;0;0
FR;10;2022-10-15;0;0;0;0;0;0;0;0;0;0;0;0;0;0;0;0;0;0
FR;10;2022-10-16;0;0;0;0;0;0;0;0;0;0;0;0;0;0;0;0;0;0
FR;10;2022-10-17;0;0;0;0;0;0;0;0;0;0;0;0;0;0;0;0;0;0
FR;10;2022-10-18;0;0;0;0;0;0;0;0;0;0;0;0;0;0;0;0;0;0
FR;10;2022-10-19;0;0;0;0;0;0;0;0;0;0;0;0;0;0;0;0;0;0
FR;10;2022-10-20;0;0;0;0;0;0;0;0;0;0;0;0;0;0;0;0;0;0
FR;10;2022-10-21;0;0;0;0;0;0;0;0;0;0;0;0;0;0;0;0;0;0
FR;10;2022-10-22;0;0;0;0;0;0;0;0;0;0;0;0;0;0;0;0;0;0
FR;10;2022-10-23;0;0;0;0;0;0;0;0;0;0;0;0;0;0;0;0;0;0
FR;10;2022-10-24;0;0;0;0;0;0;0;0;0;0;0;0;0;0;0;0;0;0
FR;10;2022-10-25;0;0;0;0;0;0;0;0;0;0;0;0;0;0;0;0;0;0
FR;10;2022-10-26;0;0;0;0;0;0;0;0;0;0;0;0;0;0;0;0;0;0
FR;10;2022-10-27;0;0;0;0;0;0;0;0;0;0;0;0;0;0;0;0;0;0
FR;10;2022-10-28;0;0;0;0;0;0;0;0;0;0;0;0;0;0;0;0;0;0
FR;10;2022-10-29;0;0;0;0;0;0;0;0;0;0;0;0;0;0;0;0;0;0
FR;10;2022-10-30;0;0;0;0;0;0;0;0;0;0;0;0;0;0;0;0;0;0
FR;10;2022-10-31;0;0;0;0;0;0;0;0;0;0;0;0;0;0;0;0;0;0
FR;10;2022-11-01;0;0;0;0;0;0;0;0;0;0;0;0;0;0;0;0;0;0
FR;10;2022-11-02;0;0;0;0;0;0;0;0;0;0;0;0;0;0;0;0;0;0
FR;10;2022-11-03;0;0;0;0;0;0;0;0;0;0;0;0;0;0;0;0;0;0
FR;10;2022-11-04;0;0;0;0;0;0;0;0;0;0;0;0;0;0;0;0;0;0
FR;10;2022-11-05;0;0;0;0;0;0;0;0;0;0;0;0;0;0;0;0;0;0
FR;10;2022-11-06;0;0;0;0;0;0;0;0;0;0;0;0;0;0;0;0;0;0
FR;10;2022-11-07;0;0;0;0;0;0;0;0;0;0;0;0;0;0;0;0;0;0
FR;10;2022-11-08;0;0;0;0;0;0;0;0;0;0;0;0;0;0;0;0;0;0
FR;10;2022-11-09;0;0;0;0;0;0;0;0;0;0;0;0;0;0;0;0;0;0
FR;10;2022-11-10;0;0;0;0;0;0;0;0;0;0;0;0;0;0;0;0;0;0
FR;10;2022-11-11;0;0;0;0;0;0;0;0;0;0;0;0;0;0;0;0;0;0
FR;10;2022-11-12;0;0;0;0;0;0;0;0;0;0;0;0;0;0;0;0;0;0
FR;10;2022-11-13;0;0;0;0;0;0;0;0;0;0;0;0;0;0;0;0;0;0
FR;10;2022-11-14;0;0;0;0;0;0;0;0;0;0;0;0;0;0;0;0;0;0
FR;10;2022-11-15;0;0;0;0;0;0;0;0;0;0;0;0;0;0;0;0;0;0
FR;10;2022-11-16;0;0;0;0;0;0;0;0;0;0;0;0;0;0;0;0;0;0
FR;10;2022-11-17;0;0;0;0;0;0;0;0;0;0;0;0;0;0;0;0;0;0
FR;10;2022-11-18;0;0;0;0;0;0;0;0;0;0;0;0;0;0;0;0;0;0
FR;10;2022-11-19;0;0;0;0;0;0;0;0;0;0;0;0;0;0;0;0;0;0
FR;10;2022-11-20;0;0;0;0;0;0;0;0;0;0;0;0;0;0;0;0;0;0
FR;10;2022-11-21;0;0;0;0;0;0;0;0;0;0;0;0;0;0;0;0;0;0
FR;10;2022-11-22;0;0;0;0;0;0;0;0;0;0;0;0;0;0;0;0;0;0
FR;10;2022-11-23;0;0;0;0;0;0;0;0;0;0;0;0;0;0;0;0;0;0
FR;10;2022-11-24;0;0;0;0;0;0;0;0;0;0;0;0;0;0;0;0;0;0
FR;10;2022-11-25;0;0;0;0;0;0;0;0;0;0;0;0;0;0;0;0;0;0
FR;10;2022-11-26;0;0;0;0;0;0;0;0;0;0;0;0;0;0;0;0;0;0
FR;10;2022-11-27;0;0;0;0;0;0;0;0;0;0;0;0;0;0;0;0;0;0
FR;10;2022-11-28;0;0;0;0;0;0;0;0;0;0;0;0;0;0;0;0;0;0
FR;10;2022-11-29;0;0;0;0;0;0;0;0;0;0;0;0;0;0;0;0;0;0
FR;10;2022-11-30;0;0;0;0;0;0;0;0;0;0;0;0;0;0;0;0;0;0
FR;10;2022-12-01;0;0;0;0;0;0;0;0;0;0;0;0;0;0;0;0;0;0
FR;10;2022-12-02;0;0;0;0;0;0;0;0;0;0;0;0;0;0;0;0;0;0
FR;10;2022-12-03;0;0;0;0;0;0;0;0;0;0;0;0;0;0;0;0;0;0
FR;10;2022-12-04;0;0;0;0;0;0;0;0;0;0;0;0;0;0;0;0;0;0
FR;10;2022-12-05;0;0;0;0;0;0;0;0;0;0;0;0;0;0;0;0;0;0
FR;10;2022-12-06;0;0;0;0;0;0;0;0;0;0;0;0;0;0;0;0;0;0
FR;10;2022-12-07;0;0;0;0;0;0;0;0;0;0;0;0;0;0;0;0;0;0
FR;10;2022-12-08;0;0;0;0;0;0;0;0;0;0;0;0;0;0;0;0;0;0
FR;10;2022-12-09;0;0;0;0;0;0;0;0;0;0;0;0;0;0;0;0;0;0
FR;10;2022-12-10;0;0;0;0;0;0;0;0;0;0;0;0;0;0;0;0;0;0
FR;10;2022-12-11;0;0;0;0;0;0;0;0;0;0;0;0;0;0;0;0;0;0
FR;10;2022-12-12;0;0;0;0;0;0;0;0;0;0;0;0;0;0;0;0;0;0
FR;10;2022-12-13;0;0;0;0;0;0;0;0;0;0;0;0;0;0;0;0;0;0
FR;10;2022-12-14;0;0;0;0;0;0;0;0;0;0;0;0;0;0;0;0;0;0
FR;10;2022-12-15;0;0;0;0;0;0;0;0;0;0;0;0;0;0;0;0;0;0
FR;10;2022-12-16;0;0;0;0;0;0;0;0;0;0;0;0;0;0;0;0;0;0
FR;10;2022-12-17;0;0;0;0;0;0;0;0;0;0;0;0;0;0;0;0;0;0
FR;10;2022-12-18;0;0;0;0;0;0;0;0;0;0;0;0;0;0;0;0;0;0
FR;10;2022-12-19;0;0;0;0;0;0;0;0;0;0;0;0;0;0;0;0;0;0
FR;10;2022-12-20;0;0;0;0;0;0;0;0;0;0;0;0;0;0;0;0;0;0
FR;10;2022-12-21;0;0;0;0;0;0;0;0;0;0;0;0;0;0;0;0;0;0
FR;10;2022-12-22;0;0;0;1;0;0;1;0;0;0;0;0;1;0;0;1;0;0
FR;10;2022-12-23;0;0;1;14;0;2;14;0;7;0;0;1;15;0;2;15;0;7
FR;10;2022-12-24;0;0;0;3;0;0;3;0;1;0;0;1;18;0;2;18;0;8
FR;10;2022-12-25;0;0;0;0;0;0;0;0;0;0;0;1;18;0;2;18;0;8
FR;10;2022-12-26;3;1;11;35;0;8;39;0;5;3;1;12;53;0;10;57;0;13
FR;10;2022-12-27;1;1;14;35;1;11;38;0;10;4;2;26;88;1;21;95;0;23
FR;10;2022-12-28;0;0;2;15;0;1;14;0;3;4;2;28;103;1;22;109;0;26
FR;10;2022-12-29;0;0;6;48;0;1;48;0;17;4;2;34;151;1;23;157;0;43
FR;10;2022-12-30;0;1;4;33;0;7;31;0;6;4;3;38;184;1;30;188;0;49
FR;10;2022-12-31;0;0;3;12;0;4;10;0;4;4;3;41;196;1;34;198;0;53
FR;10;2023-01-01;0;0;1;6;0;0;7;0;2;4;3;42;202;1;34;205;0;55
FR;10;2023-01-02;0;4;4;37;1;6;36;0;21;4;7;46;239;2;40;241;0;76
FR;10;2023-01-03;1;1;6;63;1;5;64;0;25;5;8;52;302;3;45;305;0;101
FR;10;2023-01-04;0;1;7;52;0;6;53;0;53;5;9;59;354;3;51;358;0;154
FR;10;2023-01-05;1;1;15;74;0;10;76;0;37;6;10;74;428;3;61;434;0;191
FR;10;2023-01-06;2;3;16;107;2;13;107;0;52;8;13;90;535;5;74;541;0;243
FR;10;2023-01-07;3;1;3;40;1;3;39;0;13;11;14;93;575;6;77;580;0;256
FR;10;2023-01-08;1;0;0;9;0;0;7;0;5;12;14;93;584;6;77;587;0;261
FR;10;2023-01-09;3;2;7;66;1;6;66;0;26;15;16;100;650;7;83;653;0;287
FR;10;2023-01-10;6;1;21;118;0;13;124;0;57;21;17;121;768;7;96;777;0;344
FR;10;2023-01-11;5;4;19;77;1;16;79;0;38;26;21;140;845;8;112;856;0;382
FR;10;2023-01-12;13;1;7;77;2;3;80;0;51;39;22;147;922;10;115;936;0;433
FR;10;2023-01-13;0;6;15;122;1;8;129;0;77;39;28;162;1044;11;123;1065;0;510
FR;10;2023-01-14;2;1;8;43;0;5;47;0;3;41;29;170;1087;11;128;1112;0;513
FR;10;2023-01-15;0;0;1;10;0;0;7;0;8;41;29;171;1097;11;128;1119;0;521
FR;10;2023-01-16;0;1;11;70;1;7;73;0;68;41;30;182;1167;12;135;1192;0;589
FR;10;2023-01-17;0;7;22;109;2;11;118;0;61;41;37;204;1276;14;146;1310;0;650
FR;10;2023-01-18;2;1;13;92;1;9;104;0;15;43;38;217;1368;15;155;1414;0;665
FR;10;2023-01-19;6;6;23;140;3;21;133;0;56;49;44;240;1508;18;176;1547;0;721
FR;10;2023-01-20;2;1;11;111;0;9;106;0;73;51;45;251;1619;18;185;1653;0;794
FR;10;2023-01-21;2;1;5;26;0;5;23;0;15;53;46;256;1645;18;190;1676;0;809
FR;10;2023-01-22;0;0;0;5;0;0;5;0;0;53;46;256;1650;18;190;1681;0;809
FR;10;2023-01-23;1;2;5;61;1;5;58;0;23;54;48;261;1711;19;195;1739;0;832
FR;10;2023-01-24;5;6;27;147;2;19;151;0;75;59;54;288;1858;21;214;1890;0;907
FR;10;2023-01-25;2;1;9;81;1;5;82;0;54;61;55;297;1939;22;219;1972;0;961
FR;0;2020-12-27;616;0;0;0;55;0;0;0;0;616;0;0;0;55;0;0;0;0
FR;0;2020-12-28;704;1;0;0;43;0;0;0;0;1320;1;0;0;98;0;0;0;0
FR;0;2020-12-29;387;0;0;0;19;0;0;0;0;1707;1;0;0;117;0;0;0;0
FR;0;2020-12-30;453;0;0;0;18;0;0;0;0;2160;1;0;0;135;0;0;0;0
FR;0;2020-12-31;447;1;0;0;21;0;0;0;0;2607;2;0;0;156;0;0;0;0
FR;0;2021-01-01;1192;2;0;0;66;0;0;0;0;3799;4;0;0;222;0;0;0;0
FR;0;2021-01-02;367;4;0;0;29;0;0;0;0;4166;8;0;0;251;0;0;0;0
FR;0;2021-01-03;417;0;0;0;23;0;0;0;0;4583;8;0;0;274;0;0;0;0
FR;0;2021-01-04;2135;5;0;0;51;0;0;0;0;6718;13;0;0;325;0;0;0;0
FR;0;2021-01-05;7770;6;0;0;128;0;0;0;0;14488;19;0;0;453;0;0;0;0
FR;0;2021-01-06;12476;23;0;0;127;0;0;0;0;26964;42;0;0;580;0;0;0;0
FR;0;2021-01-07;29477;23;0;0;159;0;0;0;0;56441;65;0;0;739;0;0;0;0
FR;0;2021-01-08;37169;35;0;0;203;0;0;0;0;93610;100;0;0;942;0;0;0;0
FR;0;2021-01-09;11220;9;0;0;77;0;0;0;0;104830;109;0;0;1019;0;0;0;0
FR;0;2021-01-10;6015;8;0;0;28;0;0;0;0;110845;117;0;0;1047;0;0;0;0
FR;0;2021-01-11;39954;39;0;0;231;0;0;0;0;150799;156;0;0;1278;0;0;0;0
FR;0;2021-01-12;62159;30;0;0;298;0;0;0;0;212958;186;0;0;1576;0;0;0;0
FR;0;2021-01-13;65146;62;0;0;433;0;0;0;0;278104;248;0;0;2009;0;0;0;0
FR;0;2021-01-14;83108;256;0;0;1172;0;0;0;0;361212;504;0;0;3181;0;0;0;0
FR;0;2021-01-15;69032;100;0;0;556;0;0;0;0;430244;604;0;0;3737;0;0;0;0
FR;0;2021-01-16;20219;73;0;0;184;0;0;0;0;450463;677;0;0;3921;0;0;0;0
FR;0;2021-01-17;10993;54;0;0;137;0;0;0;0;461456;731;0;0;4058;0;0;0;0
FR;0;2021-01-18;85923;179;0;0;616;0;0;0;0;547379;910;0;0;4674;0;0;0;0
FR;0;2021-01-19;130616;210;0;0;868;0;0;0;0;677995;1120;0;0;5542;0;0;0;0
FR;0;2021-01-20;137566;196;0;0;837;0;0;0;0;815561;1316;0;0;6379;0;0;0;0
FR;0;2021-01-21;158427;205;0;0;952;0;0;0;0;973988;1521;0;0;7331;0;0;0;0
FR;0;2021-01-22;121086;258;0;0;845;0;0;0;0;1095074;1779;0;0;8176;0;0;0;0
FR;0;2021-01-23;38491;83;0;0;220;0;0;0;0;1133565;1862;0;0;8396;0;0;0;0
FR;0;2021-01-24;9752;129;0;0;194;0;0;0;0;1143317;1991;0;0;8590;0;0;0;0
FR;0;2021-01-25;78254;1453;0;0;1804;0;0;0;0;1221571;3444;0;0;10394;0;0;0;0
FR;0;2021-01-26;100395;3706;1;0;4184;0;0;0;0;1321966;7150;1;0;14578;0;0;0;0
FR;0;2021-01-27;107263;6436;0;0;7152;0;0;0;0;1429229;13586;1;0;21730;0;0;0;0
FR;0;2021-01-28;124378;16398;0;0;17221;0;0;0;0;1553607;29984;1;0;38951;0;0;0;0
FR;0;2021-01-29;92202;18760;0;0;19336;0;0;0;0;1645809;48744;1;0;58287;0;0;0;0
FR;0;2021-01-30;29128;4529;0;0;4666;0;0;0;0;1674937;53273;1;0;62953;0;0;0;0
FR;0;2021-01-31;5240;1905;0;0;1950;0;0;0;0;1680177;55178;1;0;64903;0;0;0;0
FR;0;2021-02-01;53157;23004;0;0;23275;0;0;0;0;1733334;78182;1;0;88178;0;0;0;0
FR;0;2021-02-02;72334;38131;0;0;38623;0;0;0;0;1805668;116313;1;0;126801;0;0;0;0
FR;0;2021-02-03;72326;40173;0;0;40677;0;0;0;0;1877994;156486;1;0;167478;0;0;0;0
FR;0;2021-02-04;82090;55002;0;0;55597;0;0;0;0;1960084;211488;1;0;223075;0;0;0;0
FR;0;2021-02-05;68252;48172;0;0;48609;0;0;0;0;2028336;259660;1;0;271684;0;0;0;0
FR;0;2021-02-06;22953;11436;0;0;11675;0;0;0;0;2051289;271096;1;0;283359;0;0;0;0
FR;0;2021-02-07;5195;6065;0;0;6191;0;0;0;0;2056484;277161;1;0;289550;0;0;0;0
FR;0;2021-02-08;46856;48760;0;0;49243;0;0;0;0;2103340;325921;1;0;338793;0;0;0;0
FR;0;2021-02-09;66045;78356;0;0;79452;0;0;0;0;2169385;404277;1;0;418245;0;0;0;0
FR;0;2021-02-10;71040;83362;0;0;84658;0;0;0;0;2240425;487639;1;0;502903;0;0;0;0
FR;0;2021-02-11;87305;105491;0;0;107423;0;0;0;0;2327730;593130;1;0;610326;0;0;0;0
FR;0;2021-02-12;79355;76049;0;0;77792;0;0;0;0;2407085;669179;1;0;688118;0;0;0;0
FR;0;2021-02-13;22389;19519;0;0;19886;0;0;0;0;2429474;688698;1;0;708004;0;0;0;0
FR;0;2021-02-14;5080;7345;0;0;7473;0;0;0;0;2434554;696043;1;0;715477;0;0;0;0
FR;0;2021-02-15;38129;76772;0;0;77785;0;0;0;0;2472683;772815;1;0;793262;0;0;0;0
FR;0;2021-02-16;50419;99705;0;0;101043;0;0;0;0;2523102;872520;1;0;894305;0;0;0;0
FR;0;2021-02-17;50553;106832;20;0;108274;0;0;0;0;2573655;979352;21;0;1002579;0;0;0;0
FR;0;2021-02-18;69812;123603;0;0;125644;0;0;0;0;2643467;1102955;21;0;1128223;0;0;0;0
FR;0;2021-02-19;65090;92236;1;0;94121;0;0;0;0;2708557;1195191;22;0;1222344;0;0;0;0
FR;0;2021-02-20;18601;28552;0;0;28922;0;0;0;0;2727158;1223743;22;0;1251266;0;0;0;0
FR;0;2021-02-21;3334;6041;0;0;6146;0;0;0;0;2730492;1229784;22;0;1257412;0;0;0;0
FR;0;2021-02-22;37510;73200;2;0;74208;0;0;0;0;2768002;1302984;24;0;1331620;0;0;0;0
FR;0;2021-02-23;53803;85263;1;0;86776;0;0;0;0;2821805;1388247;25;0;1418396;0;0;0;0
FR;0;2021-02-24;60036;82902;1;0;84481;0;0;0;0;2881841;1471149;26;0;1502877;0;0;0;0
FR;0;2021-02-25;100608;91269;1;0;94259;0;0;0;0;2982449;1562418;27;0;1597136;0;0;0;0
FR;0;2021-02-26;113490;70747;1;0;73886;0;0;0;0;3095939;1633165;28;0;1671022;0;0;0;0
FR;0;2021-02-27;52128;22433;1;0;23675;0;0;0;0;3148067;1655598;29;0;1694697;0;0;0;0
FR;0;2021-02-28;6209;4130;2;0;4328;0;0;0;0;3154276;1659728;31;0;1699025;0;0;0;0
FR;0;2021-03-01;65939;54108;1;0;55973;0;0;0;0;3220215;1713836;32;0;1754998;0;0;0;0
FR;0;2021-03-02;101412;67214;3;0;70258;0;0;0;0;3321627;1781050;35;0;1825256;0;0;0;0
FR;0;2021-03-03;116558;65474;0;0;69164;0;0;0;0;3438185;1846524;35;0;1894420;0;0;0;0
FR;0;2021-03-04;163661;72585;3;0;78150;0;0;0;0;3601846;1919109;38;0;1972570;0;0;0;0
FR;0;2021-03-05;200959;62688;3;0;69419;0;0;0;0;3802805;1981797;41;0;2041989;0;0;0;0
FR;0;2021-03-06;207988;17503;3;0;22802;0;0;0;0;4010793;1999300;44;0;2064791;0;0;0;0
FR;0;2021-03-07;121292;3997;1;0;7291;0;0;0;0;4132085;2003297;45;0;2072082;0;0;0;0
FR;0;2021-03-08;107175;49576;2;0;53060;0;0;0;0;4239260;2052873;47;0;2125142;0;0;0;0
FR;0;2021-03-09;172487;56049;2;0;61537;0;0;0;0;4411747;2108922;49;0;2186679;0;0;0;0
FR;0;2021-03-10;179039;57059;5;0;62727;0;0;0;0;4590786;2165981;54;0;2249406;0;0;0;0
FR;0;2021-03-11;242930;64007;2;0;72097;0;0;0;0;4833716;2229988;56;0;2321503;0;0;0;0
FR;0;2021-03-12;294871;53356;1;0;62813;0;0;0;0;5128587;2283344;57;0;2384316;0;0;0;0
FR;0;2021-03-13;231443;15276;1;0;21254;0;0;0;0;5360030;2298620;58;0;2405570;0;0;0;0
FR;0;2021-03-14;63363;3063;1;0;5099;0;0;0;0;5423393;2301683;59;0;2410669;0;0;0;0
FR;0;2021-03-15;158695;31520;3;0;36172;0;0;0;0;5582088;2333203;62;0;2446841;0;0;0;0
FR;0;2021-03-16;141597;38824;6;0;42972;0;0;0;0;5723685;2372027;68;0;2489813;0;0;0;0
FR;0;2021-03-17;150516;37583;4;0;42348;0;0;0;0;5874201;2409610;72;0;2532161;0;0;0;0
FR;0;2021-03-18;167866;44342;5;0;49903;0;0;0;0;6042067;2453952;77;0;2582064;0;0;0;0
FR;0;2021-03-19;230055;36731;2;0;44088;0;0;0;0;6272122;2490683;79;0;2626152;0;0;0;0
FR;0;2021-03-20;166717;11389;1;0;16014;0;0;0;0;6438839;2502072;80;0;2642166;0;0;0;0
FR;0;2021-03-21;49954;2136;1;0;3894;0;0;0;0;6488793;2504208;81;0;2646060;0;0;0;0
FR;0;2021-03-22;170081;33523;2;0;39024;0;0;0;0;6658874;2537731;83;0;2685084;0;0;0;0
FR;0;2021-03-23;250435;42385;1;0;50229;0;0;0;0;6909309;2580116;84;0;2735313;0;0;0;0
FR;0;2021-03-24;256946;43568;0;0;51663;0;0;0;0;7166255;2623684;84;0;2786976;0;0;0;0
FR;0;2021-03-25;341868;45256;5;0;56258;0;0;0;0;7508123;2668940;89;0;2843234;0;0;0;0
FR;0;2021-03-26;358845;41771;5;1;53526;0;0;0;0;7866968;2710711;94;1;2896760;0;0;0;0
FR;0;2021-03-27;195295;16944;1;0;23388;0;0;0;0;8062263;2727655;95;1;2920148;0;0;0;0
FR;0;2021-03-28;59353;4577;3;0;6641;0;0;0;0;8121616;2732232;98;1;2926789;0;0;0;0
FR;0;2021-03-29;203019;53417;4;0;60173;0;0;0;0;8324635;2785649;102;1;2986962;0;0;0;0
FR;0;2021-03-30;285539;70018;5;0;80426;0;0;0;0;8610174;2855667;107;1;3067388;0;0;0;0
FR;0;2021-03-31;263076;74019;4;0;84695;0;0;0;0;8873250;2929686;111;1;3152083;0;0;0;0
FR;0;2021-04-01;315570;92774;11;0;106345;0;0;0;0;9188820;3022460;122;1;3258428;0;0;0;0
FR;0;2021-04-02;281380;94782;7;0;106609;0;0;0;0;9470200;3117242;129;1;3365037;0;0;0;0
FR;0;2021-04-03;141094;62584;6;0;67843;0;0;0;0;9611294;3179826;135;1;3432880;0;0;0;0
FR;0;2021-04-04;46550;19020;2;0;21072;0;0;0;0;9657844;3198846;137;1;3453952;0;0;0;0
FR;0;2021-04-05;63368;10405;11;0;13062;0;0;0;0;9721212;3209251;148;1;3467014;0;0;0;0
FR;0;2021-04-06;217269;113049;17;0;121904;0;0;0;0;9938481;3322300;165;1;3588918;0;0;0;0
FR;0;2021-04-07;260317;115285;17;0;126632;0;0;0;0;10198798;3437585;182;1;3715550;0;0;0;0
FR;0;2021-04-08;337912;123195;15;0;138821;0;0;0;0;10536710;3560780;197;1;3854371;0;0;0;0
FR;0;2021-04-09;410230;116885;49;0;134291;0;0;0;0;10946940;3677665;246;1;3988662;0;0;0;0
FR;0;2021-04-10;212659;82866;15;0;91258;0;0;0;0;11159599;3760531;261;1;4079920;0;0;0;0
FR;0;2021-04-11;56160;34177;7;0;36702;0;0;0;0;11215759;3794708;268;1;4116622;0;0;0;0
FR;0;2021-04-12;237121;115829;46;0;125429;0;0;0;0;11452880;3910537;314;1;4242051;0;0;0;0
FR;0;2021-04-13;309544;144169;98;1;157125;0;0;0;0;11762424;4054706;412;2;4399176;0;0;0;0
FR;0;2021-04-14;294593;139817;215;0;153194;0;0;0;0;12057017;4194523;627;2;4552370;0;0;0;0
FR;0;2021-04-15;337191;150485;340;0;166019;0;0;0;0;12394208;4345008;967;2;4718389;0;0;0;0
FR;0;2021-04-16;339360;147018;354;0;161675;0;0;0;0;12733568;4492026;1321;2;4880064;0;0;0;0
FR;0;2021-04-17;188688;89986;109;0;97684;0;0;0;0;12922256;4582012;1430;2;4977748;0;0;0;0
FR;0;2021-04-18;51641;35454;48;0;37875;0;0;0;0;12973897;4617466;1478;2;5015623;0;0;0;0
FR;0;2021-04-19;205746;138284;456;0;147438;0;0;0;0;13179643;4755750;1934;2;5163061;0;0;0;0
FR;0;2021-04-20;254487;172003;569;0;183662;0;0;0;0;13434130;4927753;2503;2;5346723;0;0;0;0
FR;0;2021-04-21;253327;170175;836;0;182195;0;0;0;0;13687457;5097928;3339;2;5528918;0;0;0;0
FR;0;2021-04-22;287624;190394;819;0;204988;0;0;0;0;13975081;5288322;4158;2;5733906;0;0;0;0
FR;0;2021-04-23;297688;184683;747;0;203436;0;0;0;0;14272769;5473005;4905;2;5937342;0;0;0;0
FR;0;2021-04-24;190481;112042;252;0;122495;0;0;0;0;14463250;5585047;5157;2;6059837;0;0;0;0
FR;0;2021-04-25;69575;38860;51;0;42590;0;0;0;0;14532825;5623907;5208;2;6102427;0;0;0;0
FR;0;2021-04-26;221003;158654;563;0;171848;0;0;0;0;14753828;5782561;5771;2;6274275;0;0;0;0
FR;0;2021-04-27;284652;188032;941;0;211344;0;0;0;0;15038480;5970593;6712;2;6485619;0;0;0;0
FR;0;2021-04-28;299573;184692;1427;1;209774;1;0;0;0;15338053;6155285;8139;3;6695393;1;0;0;0
FR;0;2021-04-29;357208;198241;1281;0;233327;0;0;0;0;15695261;6353526;9420;3;6928720;1;0;0;0
FR;0;2021-04-30;372262;186109;1124;1;225448;0;0;0;0;16067523;6539635;10544;4;7154168;1;0;0;0
FR;0;2021-05-01;167678;52528;179;0;63775;0;0;0;0;16235201;6592163;10723;4;7217943;1;0;0;0
FR;0;2021-05-02;91766;37861;83;0;43588;0;0;0;0;16326967;6630024;10806;4;7261531;1;0;0;0
FR;0;2021-05-03;288975;165276;843;0;185804;0;0;0;0;16615942;6795300;11649;4;7447335;1;0;0;0
FR;0;2021-05-04;315753;225538;1237;0;251717;0;0;0;0;16931695;7020838;12886;4;7699052;1;0;0;0
FR;0;2021-05-05;327291;226596;1316;0;251672;0;0;0;0;17258986;7247434;14202;4;7950724;1;0;0;0
FR;0;2021-05-06;379599;241167;1634;0;275420;0;0;0;0;17638585;7488601;15836;4;8226144;1;0;0;0
FR;0;2021-05-07;372825;258880;1224;0;299945;0;0;0;0;18011410;7747481;17060;4;8526089;1;0;0;0
FR;0;2021-05-08;222188;71381;300;0;86593;0;0;0;0;18233598;7818862;17360;4;8612682;1;0;0;0
FR;0;2021-05-09;129732;44560;243;0;53196;0;0;0;0;18363330;7863422;17603;4;8665878;1;0;0;0
FR;0;2021-05-10;313427;229704;1239;0;255486;0;0;0;0;18676757;8093126;18842;4;8921364;1;0;0;0
FR;0;2021-05-11;403976;258392;1566;0;296820;0;0;0;0;19080733;8351518;20408;4;9218184;1;0;0;0
FR;0;2021-05-12;434203;233876;1544;0;270165;0;0;0;0;19514936;8585394;21952;4;9488349;1;0;0;0
FR;0;2021-05-13;338639;56454;432;0;77949;0;0;0;0;19853575;8641848;22384;4;9566298;1;0;0;0
FR;0;2021-05-14;454185;167500;1127;0;203110;0;0;0;0;20307760;8809348;23511;4;9769408;1;0;0;0
FR;0;2021-05-15;375013;94388;444;0;120784;0;0;0;0;20682773;8903736;23955;4;9890192;1;0;0;0
FR;0;2021-05-16;202777;20690;168;0;34090;0;0;0;0;20885550;8924426;24123;4;9924282;1;0;0;0
FR;0;2021-05-17;376160;148871;1555;0;178663;0;0;0;0;21261710;9073297;25678;4;10102945;1;0;0;0
FR;0;2021-05-18;460207;154117;1991;0;193268;0;0;0;0;21721917;9227414;27669;4;10296213;1;0;0;0
FR;0;2021-05-19;467469;142579;2465;0;179849;0;0;0;0;22189386;9369993;30134;4;10476062;1;0;0;0
FR;0;2021-05-20;507593;160264;2340;0;204232;0;0;0;0;22696979;9530257;32474;4;10680294;1;0;0;0
FR;0;2021-05-21;489731;175219;1996;0;221775;0;0;0;0;23186710;9705476;34470;4;10902069;1;0;0;0
FR;0;2021-05-22;347227;80235;670;0;108665;0;0;0;0;23533937;9785711;35140;4;11010734;1;0;0;0
FR;0;2021-05-23;161714;14214;246;0;26684;0;0;0;0;23695651;9799925;35386;4;11037418;1;0;0;0
FR;0;2021-05-24;263220;33104;604;0;52942;0;0;0;0;23958871;9833029;35990;4;11090360;1;0;0;0
FR;0;2021-05-25;400310;190469;2357;1;227036;0;0;0;0;24359181;10023498;38347;5;11317396;1;0;0;0
FR;0;2021-05-26;413500;191161;2227;0;229223;0;0;0;0;24772681;10214659;40574;5;11546619;1;0;0;0
FR;0;2021-05-27;449862;220045;2163;0;267190;0;0;0;0;25222543;10434704;42737;5;11813809;1;0;0;0
FR;0;2021-05-28;429600;261124;1895;0;319223;0;0;0;0;25652143;10695828;44632;5;12133032;1;0;0;0
FR;0;2021-05-29;299005;150507;586;0;183362;0;0;0;0;25951148;10846335;45218;5;12316394;1;0;0;0
FR;0;2021-05-30;107156;32506;164;0;42090;0;0;0;0;26058304;10878841;45382;5;12358484;1;0;0;0
FR;0;2021-05-31;358079;203481;1473;1;241767;1;0;0;0;26416383;11082322;46855;6;12600251;2;0;0;0
FR;0;2021-06-01;431130;251247;1969;1;302894;1;0;0;0;26847513;11333569;48824;7;12903145;3;0;0;0
FR;0;2021-06-02;420159;232680;1985;0;280066;0;0;0;0;27267672;11566249;50809;7;13183211;3;0;0;0
FR;0;2021-06-03;465683;257784;1826;0;312563;0;0;0;0;27733355;11824033;52635;7;13495774;3;0;0;0
FR;0;2021-06-04;456296;305844;1735;1;363257;1;0;0;0;28189651;12129877;54370;8;13859031;4;0;0;0
FR;0;2021-06-05;304837;189561;653;0;222787;0;0;0;0;28494488;12319438;55023;8;14081818;4;0;0;0
FR;0;2021-06-06;133337;49029;227;0;61169;0;0;0;0;28627825;12368467;55250;8;14142987;4;0;0;0
FR;0;2021-06-07;340015;261508;1529;0;298601;0;0;0;0;28967840;12629975;56779;8;14441588;4;0;0;0
FR;0;2021-06-08;393948;291377;1806;0;338246;0;0;0;0;29361788;12921352;58585;8;14779834;4;0;0;0
FR;0;2021-06-09;384942;273806;1734;0;318217;0;0;0;0;29746730;13195158;60319;8;15098051;4;0;0;0
FR;0;2021-06-10;404239;286405;1727;1;335850;0;0;0;0;30150969;13481563;62046;9;15433901;4;0;0;0
FR;0;2021-06-11;386714;356511;1467;1;406952;0;0;0;0;30537683;13838074;63513;10;15840853;4;0;0;0
FR;0;2021-06-12;283293;210988;497;0;243138;0;0;0;0;30820976;14049062;64010;10;16083991;4;0;0;0
FR;0;2021-06-13;104904;73846;204;0;84838;0;0;0;0;30925880;14122908;64214;10;16168829;4;0;0;0
FR;0;2021-06-14;240874;354087;1429;1;383279;0;0;0;0;31166754;14476995;65643;11;16552108;4;0;0;0
FR;0;2021-06-15;308218;384357;1574;1;423134;0;0;0;0;31474972;14861352;67217;12;16975242;4;0;0;0
FR;0;2021-06-16;314017;357565;1418;1;395328;0;0;0;0;31788989;15218917;68635;13;17370570;4;0;0;0
FR;0;2021-06-17;317726;373106;1432;1;414300;0;0;0;0;32106715;15592023;70067;14;17784870;4;0;0;0
FR;0;2021-06-18;321781;442593;1342;1;485995;0;0;0;0;32428496;16034616;71409;15;18270865;4;0;0;0
FR;0;2021-06-19;224361;274018;449;0;301208;0;0;0;0;32652857;16308634;71858;15;18572073;4;0;0;0
FR;0;2021-06-20;74458;102297;130;0;111494;0;0;0;0;32727315;16410931;71988;15;18683567;4;0;0;0
FR;0;2021-06-21;195806;401732;1038;1;427695;1;0;0;0;32923121;16812663;73026;16;19111262;5;0;0;0
FR;0;2021-06-22;223235;467754;1266;10;500414;1;0;0;0;33146356;17280417;74292;26;19611676;6;0;0;0
FR;0;2021-06-23;234073;440087;1198;1;474194;1;0;0;0;33380429;17720504;75490;27;20085870;7;0;0;0
FR;0;2021-06-24;241897;409678;1359;0;447171;0;0;0;0;33622326;18130182;76849;27;20533041;7;0;0;0
FR;0;2021-06-25;227664;523033;1403;0;562030;0;0;0;0;33849990;18653215;78252;27;21095071;7;0;0;0
FR;0;2021-06-26;153287;371071;587;1;395877;0;0;0;0;34003277;19024286;78839;28;21490948;7;0;0;0
FR;0;2021-06-27;55920;155952;169;1;164866;0;0;0;0;34059197;19180238;79008;29;21655814;7;0;0;0
FR;0;2021-06-28;154805;452525;1177;0;478124;0;0;0;0;34214002;19632763;80185;29;22133938;7;0;0;0
FR;0;2021-06-29;182734;507786;2123;0;539169;0;0;0;0;34396736;20140549;82308;29;22673107;7;0;0;0
FR;0;2021-06-30;204040;485181;2015;21;519459;2;0;0;0;34600776;20625730;84323;50;23192566;9;0;0;0
FR;0;2021-07-01;231444;458536;2226;5;498484;0;0;0;0;34832220;21084266;86549;55;23691050;9;0;0;0
FR;0;2021-07-02;228703;519994;2120;5;562315;2;0;0;0;35060923;21604260;88669;60;24253365;11;0;0;0
FR;0;2021-07-03;142056;368763;908;3;395253;1;0;0;0;35202979;21973023;89577;63;24648618;12;0;0;0
FR;0;2021-07-04;56760;141010;265;0;150702;0;0;0;0;35259739;22114033;89842;63;24799320;12;0;0;0
FR;0;2021-07-05;168536;418646;1668;8;448584;0;0;0;0;35428275;22532679;91510;71;25247904;12;0;0;0
FR;0;2021-07-06;196806;474517;1830;45;511119;8;0;0;0;35625081;23007196;93340;116;25759023;20;0;0;0
FR;0;2021-07-07;213243;438967;1881;25;477434;2;0;0;0;35838324;23446163;95221;141;26236457;22;0;0;0
FR;0;2021-07-08;231669;424125;2089;20;468067;2;0;0;0;36069993;23870288;97310;161;26704524;24;0;0;0
FR;0;2021-07-09;228640;511075;2185;4;557383;2;0;0;0;36298633;24381363;99495;165;27261907;26;0;0;0
FR;0;2021-07-10;148633;339921;986;1;368864;1;0;0;0;36447266;24721284;100481;166;27630771;27;0;0;0
FR;0;2021-07-11;60213;110049;284;0;120967;0;0;0;0;36507479;24831333;100765;166;27751738;27;0;0;0
FR;0;2021-07-12;169438;477722;1765;4;512461;0;0;0;0;36676917;25309055;102530;170;28264199;27;0;0;0
FR;0;2021-07-13;287302;526596;2050;8;585641;0;0;0;0;36964219;25835651;104580;178;28849840;27;0;0;0
FR;0;2021-07-14;181120;157343;435;0;186661;0;0;0;0;37145339;25992994;105015;178;29036501;27;0;0;0
FR;0;2021-07-15;347124;501589;2100;1;571566;0;0;0;0;37492463;26494583;107115;179;29608067;27;0;0;0
FR;0;2021-07-16;380123;494990;2023;3;574181;1;0;0;0;37872586;26989573;109138;182;30182248;28;0;0;0
FR;0;2021-07-17;259747;319637;877;1;368606;0;0;0;0;38132333;27309210;110015;183;30550854;28;0;0;0
FR;0;2021-07-18;109741;114571;310;0;133013;0;0;0;0;38242074;27423781;110325;183;30683867;28;0;0;0
FR;0;2021-07-19;285522;423909;1631;3;478936;0;0;0;0;38527596;27847690;111956;186;31162803;28;0;0;0
FR;0;2021-07-20;376938;451211;1725;0;523558;0;0;0;0;38904534;28298901;113681;186;31686361;28;0;0;0
FR;0;2021-07-21;395836;406871;1550;4;481885;1;0;0;0;39300370;28705772;115231;190;32168246;29;0;0;0
FR;0;2021-07-22;441078;387298;1715;4;471795;2;0;0;0;39741448;29093070;116946;194;32640041;31;0;0;0
FR;0;2021-07-23;440348;421988;1883;4;509967;1;0;0;0;40181796;29515058;118829;198;33150008;32;0;0;0
FR;0;2021-07-24;285265;269306;804;1;321996;0;0;0;0;40467061;29784364;119633;199;33472004;32;0;0;0
FR;0;2021-07-25;121126;79917;234;0;100278;0;0;0;0;40588187;29864281;119867;199;33572282;32;0;0;0
FR;0;2021-07-26;347448;322155;1614;3;384718;1;0;0;0;40935635;30186436;121481;202;33957000;33;0;0;0
FR;0;2021-07-27;464102;319268;1698;4;400424;1;0;0;0;41399737;30505704;123179;206;34357424;34;0;0;0
FR;0;2021-07-28;459468;289339;1637;4;366969;1;0;0;0;41859205;30795043;124816;210;34724393;35;0;0;0
FR;0;2021-07-29;489854;276115;1797;2;357006;0;0;0;0;42349059;31071158;126613;212;35081399;35;0;0;0
FR;0;2021-07-30;461858;302357;1942;5;380861;1;0;0;0;42810917;31373515;128555;217;35462260;36;0;0;0
FR;0;2021-07-31;285414;185009;916;1;231509;0;0;0;0;43096331;31558524;129471;218;35693769;36;0;0;0
FR;0;2021-08-01;112040;49910;257;0;65690;0;0;0;0;43208371;31608434;129728;218;35759459;36;0;0;0
FR;0;2021-08-02;341665;234031;1603;2;284736;0;0;0;0;43550036;31842465;131331;220;36044195;36;0;0;0
FR;0;2021-08-03;398639;244450;1729;2;304535;1;0;0;0;43948675;32086915;133060;222;36348730;37;0;0;0
FR;0;2021-08-04;384882;209512;1594;6;265646;3;0;0;0;44333557;32296427;134654;228;36614376;40;0;0;0
FR;0;2021-08-05;366196;228338;1711;0;281722;0;0;0;0;44699753;32524765;136365;228;36896098;40;0;0;0
FR;0;2021-08-06;359751;271208;1835;4;326606;0;0;0;0;45059504;32795973;138200;232;37222704;40;0;0;0
FR;0;2021-08-07;213141;178314;756;5;210054;1;0;0;0;45272645;32974287;138956;237;37432758;41;0;0;0
FR;0;2021-08-08;74207;63185;276;0;73619;0;0;0;0;45346852;33037472;139232;237;37506377;41;0;0;0
FR;0;2021-08-09;258772;258589;1548;4;297515;2;0;0;0;45605624;33296061;140780;241;37803892;43;0;0;0
FR;0;2021-08-10;306890;277065;1663;2;323474;0;0;0;0;45912514;33573126;142443;243;38127366;43;0;0;0
FR;0;2021-08-11;279761;259552;1441;5;301632;0;0;0;0;46192275;33832678;143884;248;38428998;43;0;0;0
FR;0;2021-08-12;271564;278022;1668;3;320297;0;0;0;0;46463839;34110700;145552;251;38749295;43;0;0;0
FR;0;2021-08-13;252170;278106;1594;3;316953;2;0;0;0;46716009;34388806;147146;254;39066248;45;0;0;0
FR;0;2021-08-14;145360;197070;740;0;219005;0;0;0;0;46861369;34585876;147886;254;39285253;45;0;0;0
FR;0;2021-08-15;39400;50090;218;1;55674;0;0;0;0;46900769;34635966;148104;255;39340927;45;0;0;0
FR;0;2021-08-16;186196;317482;1543;0;345413;0;0;0;0;47086965;34953448;149647;255;39686340;45;0;0;0
FR;0;2021-08-17;215709;335809;1638;7;368846;0;0;0;0;47302674;35289257;151285;262;40055186;45;0;0;0
FR;0;2021-08-18;199070;324359;1599;7;354539;4;0;0;0;47501744;35613616;152884;269;40409725;49;0;0;0
FR;0;2021-08-19;192047;325401;1642;1;355975;0;0;0;0;47693791;35939017;154526;270;40765700;49;0;0;0
FR;0;2021-08-20;186488;366186;1821;3;396635;2;0;0;0;47880279;36305203;156347;273;41162335;51;0;0;0
FR;0;2021-08-21;104806;238125;709;0;254562;0;0;0;0;47985085;36543328;157056;273;41416897;51;0;0;0
FR;0;2021-08-22;31946;87208;256;1;92161;1;0;0;0;48017031;36630536;157312;274;41509058;52;0;0;0
FR;0;2021-08-23;140995;356991;1561;3;379597;0;0;0;0;48158026;36987527;158873;277;41888655;52;0;0;0
FR;0;2021-08-24;162517;376601;1850;5;402863;0;0;0;0;48320543;37364128;160723;282;42291518;52;0;0;0
FR;0;2021-08-25;151160;350707;2037;8;375412;2;0;0;0;48471703;37714835;162760;290;42666930;54;0;0;0
FR;0;2021-08-26;142891;342743;2562;10;367563;0;0;0;0;48614594;38057578;165322;300;43034493;54;0;0;0
FR;0;2021-08-27;148460;388243;2791;11;414909;1;0;0;0;48763054;38445821;168113;311;43449402;55;0;0;0
FR;0;2021-08-28;90679;249631;1407;0;264966;0;0;0;0;48853733;38695452;169520;311;43714368;55;0;0;0
FR;0;2021-08-29;27324;83343;518;1;88261;0;0;0;0;48881057;38778795;170038;312;43802629;55;0;0;0
FR;0;2021-08-30;117429;324578;4715;6;342394;5850;0;0;0;48998486;39103373;174753;318;44145023;5905;0;0;0
FR;0;2021-08-31;128827;334446;10189;19;353924;11774;2;0;0;49127313;39437819;184942;337;44498947;17679;2;0;0
FR;0;2021-09-01;136168;285656;22436;8;302417;24406;1;0;0;49263481;39723475;207378;345;44801364;42085;3;0;0
FR;0;2021-09-02;114658;247202;26524;20;262106;29009;0;0;0;49378139;39970677;233902;365;45063470;71094;3;0;0
FR;0;2021-09-03;118324;292658;29966;24;309326;33074;1;0;0;49496463;40263335;263868;389;45372796;104168;4;0;0
FR;0;2021-09-04;89891;217787;12587;12;230496;14152;7;0;0;49586354;40481122;276455;401;45603292;118320;11;0;0
FR;0;2021-09-05;21363;44801;4397;2;48283;4719;0;0;0;49607717;40525923;280852;403;45651575;123039;11;0;0
FR;0;2021-09-06;75700;180503;31956;16;190691;34302;2;0;0;49683417;40706426;312808;419;45842266;157341;13;0;0
FR;0;2021-09-07;80317;181173;33249;43;191052;36314;2;0;0;49763734;40887599;346057;462;46033318;193655;15;0;0
FR;0;2021-09-08;91009;206081;29667;28;216576;32571;4;0;0;49854743;41093680;375724;490;46249894;226226;19;0;0
FR;0;2021-09-09;76961;165297;33084;27;174112;36695;5;0;0;49931704;41258977;408808;517;46424006;262921;24;0;0
FR;0;2021-09-10;96044;203812;35743;28;214907;40790;7;0;0;50027748;41462789;444551;545;46638913;303711;31;0;0
FR;0;2021-09-11;67168;169330;12141;19;178191;14408;0;0;0;50094916;41632119;456692;564;46817104;318119;31;0;0
FR;0;2021-09-12;12828;32096;2783;1;34144;3189;2;0;0;50107744;41664215;459475;565;46851248;321308;33;0;0
FR;0;2021-09-13;64579;126171;41247;35;134200;44258;17;0;0;50172323;41790386;500722;600;46985448;365566;50;0;0
FR;0;2021-09-14;73497;129004;56386;80;135765;62428;43;0;0;50245820;41919390;557108;680;47121213;427994;93;0;0
FR;0;2021-09-15;76656;167734;55670;58;174686;54849;77;0;0;50322476;42087124;612778;738;47295899;482843;170;0;0
FR;0;2021-09-16;63893;114505;60099;82;117886;60170;65;0;0;50386369;42201629;672877;820;47413785;543013;235;0;0
FR;0;2021-09-17;75090;156850;53864;71;159734;57354;68;0;0;50461459;42358479;726741;891;47573519;600367;303;0;0
FR;0;2021-09-18;48243;139629;15602;25;144314;17319;20;0;0;50509702;42498108;742343;916;47717833;617686;323;0;0
FR;0;2021-09-19;7908;23654;2442;1;24883;2619;1;0;0;50517610;42521762;744785;917;47742716;620305;324;0;0
FR;0;2021-09-20;44579;93747;50087;72;96238;50345;36;0;0;50562189;42615509;794872;989;47838954;670650;360;0;0
FR;0;2021-09-21;45912;98368;62772;77;98381;63509;79;0;0;50608101;42713877;857644;1066;47937335;734159;439;0;0
FR;0;2021-09-22;48700;142391;55381;82;144837;55479;47;0;0;50656801;42856268;913025;1148;48082172;789638;486;0;0
FR;0;2021-09-23;43294;92068;62406;95;91278;63591;86;0;0;50700095;42948336;975431;1243;48173450;853229;572;0;0
FR;0;2021-09-24;52317;133298;54565;107;132402;59224;78;0;0;50752412;43081634;1029996;1350;48305852;912453;650;0;0
FR;0;2021-09-25;35221;115659;16276;36;118646;18313;22;0;0;50787633;43197293;1046272;1386;48424498;930766;672;0;0
FR;0;2021-09-26;5558;17804;2273;5;18688;2332;5;0;0;50793191;43215097;1048545;1391;48443186;933098;677;0;0
FR;0;2021-09-27;33983;76902;47204;97;78788;48186;83;0;1;50827174;43291999;1095749;1488;48521974;981284;760;0;1
FR;0;2021-09-28;36524;75249;54978;90;74339;56591;47;0;0;50863698;43367248;1150727;1578;48596313;1037875;807;0;1
FR;0;2021-09-29;44424;100698;53372;112;102858;54907;42;0;0;50908122;43467946;1204099;1690;48699171;1092782;849;0;1
FR;0;2021-09-30;36347;72977;57045;96;71482;59606;58;0;0;50944469;43540923;1261144;1786;48770653;1152388;907;0;1
FR;0;2021-10-01;61718;102854;57833;108;101416;64010;24;0;0;51006187;43643777;1318977;1894;48872069;1216398;931;0;1
FR;0;2021-10-02;39471;78447;20964;39;81732;23383;12;0;0;51045658;43722224;1339941;1933;48953801;1239781;943;0;1
FR;0;2021-10-03;5289;10496;2536;4;11262;2544;4;0;0;51050947;43732720;1342477;1937;48965063;1242325;947;0;1
FR;0;2021-10-04;35200;58501;52635;84;59504;54856;37;0;0;51086147;43791221;1395112;2021;49024567;1297181;984;0;1
FR;0;2021-10-05;33930;64366;61030;135;62102;65114;50;0;0;51120077;43855587;1456142;2156;49086669;1362295;1034;0;1
FR;0;2021-10-06;42726;79296;65761;112;80175;68379;29;0;0;51162803;43934883;1521903;2268;49166844;1430674;1063;0;1
FR;0;2021-10-07;30573;62286;65447;88;59502;68898;38;0;0;51193376;43997169;1587350;2356;49226346;1499572;1101;0;1
FR;0;2021-10-08;49484;91947;77772;111;89890;84811;39;0;0;51242860;44089116;1665122;2467;49316236;1584383;1140;0;1
FR;0;2021-10-09;33677;60942;31548;35;64138;33930;17;0;0;51276537;44150058;1696670;2502;49380374;1618313;1157;0;1
FR;0;2021-10-10;4722;7424;3198;9;7942;3475;2;0;0;51281259;44157482;1699868;2511;49388316;1621788;1159;0;1
FR;0;2021-10-11;30731;49887;61049;105;50605;64110;51;0;0;51311990;44207369;1760917;2616;49438921;1685898;1210;0;1
FR;0;2021-10-12;31645;54481;70633;141;51319;76043;27;0;0;51343635;44261850;1831550;2757;49490240;1761941;1237;0;1
FR;0;2021-10-13;40165;62846;74443;137;62799;79394;30;0;1;51383800;44324696;1905993;2894;49553039;1841335;1267;0;2
FR;0;2021-10-14;30363;52862;68775;116;49694;73860;34;0;0;51414163;44377558;1974768;3010;49602733;1915195;1301;0;2
FR;0;2021-10-15;44953;75237;93250;191;70336;103049;26;0;0;51459116;44452795;2068018;3201;49673069;2018244;1327;0;2
FR;0;2021-10-16;31334;44086;36699;44;46705;39650;15;0;0;51490450;44496881;2104717;3245;49719774;2057894;1342;0;2
FR;0;2021-10-17;3894;5226;3603;2;5674;3673;4;0;0;51494344;44502107;2108320;3247;49725448;2061567;1346;0;2
FR;0;2021-10-18;29214;42342;67517;134;42563;71374;27;0;0;51523558;44544449;2175837;3381;49768011;2132941;1373;0;2
FR;0;2021-10-19;27196;45546;76430;140;43210;81675;45;0;0;51550754;44589995;2252267;3521;49811221;2214616;1418;0;2
FR;0;2021-10-20;35344;52400;96956;181;51807;101575;45;0;0;51586098;44642395;2349223;3702;49863028;2316191;1463;0;2
FR;0;2021-10-21;26164;45170;83995;112;41964;89191;32;0;0;51612262;44687565;2433218;3814;49904992;2405382;1495;0;2
FR;0;2021-10-22;38449;62490;104924;200;59360;112648;61;0;0;51650711;44750055;2538142;4014;49964352;2518030;1556;0;2
FR;0;2021-10-23;27035;41200;45465;57;42431;48636;14;0;0;51677746;44791255;2583607;4071;50006783;2566666;1570;0;2
FR;0;2021-10-24;2947;4766;3685;6;5016;3923;1;0;0;51680693;44796021;2587292;4077;50011799;2570589;1571;0;2
FR;0;2021-10-25;26104;36207;82345;144;35484;86676;38;0;0;51706797;44832228;2669637;4221;50047283;2657265;1609;0;2
FR;0;2021-10-26;23768;34987;87278;166;32160;92405;34;0;0;51730565;44867215;2756915;4387;50079443;2749670;1643;0;2
FR;0;2021-10-27;30116;46309;109031;257;44049;114754;48;0;0;51760681;44913524;2865946;4644;50123492;2864424;1691;0;2
FR;0;2021-10-28;23608;34924;88741;153;31194;94537;35;0;0;51784289;44948448;2954687;4797;50154686;2958961;1726;0;2
FR;0;2021-10-29;31586;51450;117346;206;46502;125428;55;0;0;51815875;44999898;3072033;5003;50201188;3084389;1781;0;2
FR;0;2021-10-30;20578;33233;50360;76;32925;53424;20;0;0;51836453;45033131;3122393;5079;50234113;3137813;1801;0;2
FR;0;2021-10-31;2518;3733;3594;3;3845;3880;3;0;0;51838971;45036864;3125987;5082;50237958;3141693;1804;0;2
FR;0;2021-11-01;8537;4869;3223;3;5023;3586;10;0;0;51847508;45041733;3129210;5085;50242981;3145279;1814;0;2
FR;0;2021-11-02;26379;40104;93610;156;36249;99669;44;0;1;51873887;45081837;3222820;5241;50279230;3244948;1858;0;3
FR;0;2021-11-03;30128;47896;118926;222;43561;125897;64;0;0;51904015;45129733;3341746;5463;50322791;3370845;1922;0;3
FR;0;2021-11-04;23819;37469;107601;217;31580;114482;46;0;0;51927834;45167202;3449347;5680;50354371;3485327;1968;0;3
FR;0;2021-11-05;32409;52932;141673;236;44644;151464;52;0;0;51960243;45220134;3591020;5916;50399015;3636791;2020;0;3
FR;0;2021-11-06;21553;34548;64907;123;32386;68347;26;0;0;51981796;45254682;3655927;6039;50431401;3705138;2046;0;3
FR;0;2021-11-07;2428;4160;5208;6;4005;5597;7;0;0;51984224;45258842;3661135;6045;50435406;3710735;2053;0;3
FR;0;2021-11-08;20630;37739;127228;227;30948;134354;50;0;0;52004854;45296581;3788363;6272;50466354;3845089;2103;0;3
FR;0;2021-11-09;22442;44641;161736;339;32854;172345;65;0;0;52027296;45341222;3950099;6611;50499208;4017434;2168;0;3
FR;0;2021-11-10;31615;54888;187065;447;44030;198889;94;0;0;52058911;45396110;4137164;7058;50543238;4216323;2262;0;3
FR;0;2021-11-11;4750;6745;12996;28;5906;13979;17;0;0;52063661;45402855;4150160;7086;50549144;4230302;2279;0;3
FR;0;2021-11-12;29099;55050;183839;252;41728;197493;88;0;0;52092760;45457905;4333999;7338;50590872;4427795;2367;0;3
FR;0;2021-11-13;20355;32596;80731;118;28228;86356;44;0;0;52113115;45490501;4414730;7456;50619100;4514151;2411;0;3
FR;0;2021-11-14;2365;3858;7183;6;3364;7847;9;0;0;52115480;45494359;4421913;7462;50622464;4521998;2420;0;3
FR;0;2021-11-15;20518;38549;160908;314;27787;171645;77;0;0;52135998;45532908;4582821;7776;50650251;4693643;2497;0;3
FR;0;2021-11-16;23668;43840;200485;394;27715;215183;115;0;1;52159666;45576748;4783306;8170;50677966;4908826;2612;0;4
FR;0;2021-11-17;30541;50237;199903;406;36448;212967;99;0;0;52190207;45626985;4983209;8576;50714414;5121793;2711;0;4
FR;0;2021-11-18;23454;45687;191746;469;29397;205731;95;0;0;52213661;45672672;5174955;9045;50743811;5327524;2806;0;4
FR;0;2021-11-19;33694;61281;243286;551;39920;262305;148;0;0;52247355;45733953;5418241;9596;50783731;5589829;2954;0;4
FR;0;2021-11-20;25423;36653;102189;207;29262;109758;45;0;0;52272778;45770606;5520430;9803;50812993;5699587;2999;0;4
FR;0;2021-11-21;2662;4442;9678;19;3441;10604;19;0;0;52275440;45775048;5530108;9822;50816434;5710191;3018;0;4
FR;0;2021-11-22;22820;33106;180436;472;18909;194918;90;0;0;52298260;45808154;5710544;10294;50835343;5905109;3108;0;4
FR;0;2021-11-23;25734;45465;229488;549;24118;247978;85;0;0;52323994;45853619;5940032;10843;50859461;6153087;3193;0;4
FR;0;2021-11-24;31819;53600;224903;715;34481;243355;80;0;0;52355813;45907219;6164935;11558;50893942;6396442;3273;0;4
FR;0;2021-11-25;25654;49141;256020;739;25057;277929;112;0;0;52381467;45956360;6420955;12297;50918999;6674371;3385;0;4
FR;0;2021-11-26;33254;74672;379562;867;37403;414788;172;0;0;52414721;46031032;6800517;13164;50956402;7089159;3557;0;4
FR;0;2021-11-27;23509;49556;214973;391;28455;236773;135;0;0;52438230;46080588;7015490;13555;50984857;7325932;3692;0;4
FR;0;2021-11-28;3526;10450;56785;66;4059;63334;42;0;0;52441756;46091038;7072275;13621;50988916;7389266;3734;0;4
FR;0;2021-11-29;19444;54073;341564;864;23094;371906;178;0;0;52461200;46145111;7413839;14485;51012010;7761172;3912;0;4
FR;0;2021-11-30;24788;71810;457484;988;26817;500926;286;0;0;52485988;46216921;7871323;15473;51038827;8262098;4198;0;4
FR;0;2021-12-01;27393;75442;469212;1162;31331;511435;304;0;0;52513381;46292363;8340535;16635;51070158;8773533;4502;0;4
FR;0;2021-12-02;22125;71495;527239;1282;21028;575036;309;0;0;52535506;46363858;8867774;17917;51091186;9348569;4811;0;4
FR;0;2021-12-03;25577;92781;596520;1421;34367;651286;342;0;0;52561083;46456639;9464294;19338;51125553;9999855;5153;0;4
FR;0;2021-12-04;18341;60315;336305;692;25679;369888;198;0;0;52579424;46516954;9800599;20030;51151232;10369743;5351;0;4
FR;0;2021-12-05;4158;16096;95816;157;4863;107048;92;0;0;52583582;46533050;9896415;20187;51156095;10476791;5443;0;4
FR;0;2021-12-06;28451;72698;493269;1175;25249;540097;384;0;0;52612033;46605748;10389684;21362;51181344;11016888;5827;0;4
FR;0;2021-12-07;23563;91191;645555;1774;28526;706549;416;0;0;52635596;46696939;11035239;23136;51209870;11723437;6243;0;4
FR;0;2021-12-08;25523;91898;591799;1875;34960;647669;440;0;0;52661119;46788837;11627038;25011;51244830;12371106;6683;0;4
FR;0;2021-12-09;24086;94070;663309;2180;29002;726773;461;0;0;52685205;46882907;12290347;27191;51273832;13097879;7144;0;4
FR;0;2021-12-10;28078;110858;736196;2075;37967;806367;470;0;1;52713283;46993765;13026543;29266;51311799;13904246;7614;0;5
FR;0;2021-12-11;20254;76053;435246;990;29954;480469;344;0;0;52733537;47069818;13461789;30256;51341753;14384715;7958;0;5
FR;0;2021-12-12;5682;23115;142357;262;6391;159234;108;0;0;52739219;47092933;13604146;30518;51348144;14543949;8066;0;5
FR;0;2021-12-13;21365;90744;587830;1699;29689;649452;397;0;0;52760584;47183677;14191976;32217;51377833;15193401;8463;0;5
FR;0;2021-12-14;27988;118229;765777;2657;35440;847743;700;0;1;52788572;47301906;14957753;34874;51413273;16041144;9163;0;6
FR;0;2021-12-15;28454;114166;694509;2266;39523;769292;502;0;1;52817026;47416072;15652262;37140;51452796;16810436;9665;0;7
FR;0;2021-12-16;28055;115583;764231;2559;35117;844634;515;0;0;52845081;47531655;16416493;39699;51487913;17655070;10180;0;7
FR;0;2021-12-17;31666;128270;808020;2713;43365;892178;610;0;0;52876747;47659925;17224513;42412;51531278;18547248;10790;0;7
FR;0;2021-12-18;24944;81495;470053;1179;30054;522270;353;0;0;52901691;47741420;17694566;43591;51561332;19069518;11143;0;7
FR;0;2021-12-19;8770;28529;169448;376;7839;191071;142;0;0;52910461;47769949;17864014;43967;51569171;19260589;11285;0;7
FR;0;2021-12-20;31780;97069;591614;1789;33851;658840;501;0;0;52942241;47867018;18455628;45756;51603022;19919429;11786;0;7
FR;0;2021-12-21;39475;111877;682543;2391;38777;759684;605;0;0;52981716;47978895;19138171;48147;51641799;20679113;12391;0;7
FR;0;2021-12-22;39564;99153;575882;2169;37126;642196;687;0;2;53021280;48078048;19714053;50316;51678925;21321309;13078;0;9
FR;0;2021-12-23;33786;79364;441095;1659;30128;494441;589;0;0;53055066;48157412;20155148;51975;51709053;21815750;13667;0;9
FR;0;2021-12-24;10699;26017;111054;398;11639;126673;236;0;1;53065765;48183429;20266202;52373;51720692;21942423;13903;0;10
FR;0;2021-12-25;777;3572;7600;25;2047;9024;72;0;0;53066542;48187001;20273802;52398;51722739;21951447;13975;0;10
FR;0;2021-12-26;4698;11887;52118;142;4741;60166;170;0;0;53071240;48198888;20325920;52540;51727480;22011613;14145;0;10
FR;0;2021-12-27;30512;83926;453619;1364;33045;509255;665;0;0;53101752;48282814;20779539;53904;51760525;22520868;14810;0;10
FR;0;2021-12-28;38368;98806;564228;1769;35101;632320;1558;0;2;53140120;48381620;21343767;55673;51795626;23153188;16368;0;12
FR;0;2021-12-29;39882;88176;501273;1687;33112;561047;1738;0;1;53180002;48469796;21845040;57360;51828738;23714235;18106;0;13
FR;0;2021-12-30;35925;75057;421069;1520;29514;471160;1880;0;0;53215927;48544853;22266109;58880;51858252;24185395;19986;0;13
FR;0;2021-12-31;12051;25073;116892;405;11269;131674;740;0;0;53227978;48569926;22383001;59285;51869521;24317069;20726;0;13
FR;0;2022-01-01;1586;3219;8532;37;1804;9946;103;0;0;53229564;48573145;22391533;59322;51871325;24327015;20829;0;13
FR;0;2022-01-02;6123;13015;58434;126;5107;66972;408;0;0;53235687;48586160;22449967;59448;51876432;24393987;21237;0;13
FR;0;2022-01-03;38993;90162;494888;1597;36891;551776;2646;0;1;53274680;48676322;22944855;61045;51913323;24945763;23883;0;14
FR;0;2022-01-04;42186;111034;641464;2308;40675;714490;3836;0;3;53316866;48787356;23586319;63353;51953998;25660253;27719;0;17
FR;0;2022-01-05;61212;103596;569260;1984;43812;634295;3428;0;2;53378078;48890952;24155579;65337;51997810;26294548;31147;0;19
FR;0;2022-01-06;44311;110308;639045;2702;40238;711551;4557;0;2;53422389;49001260;24794624;68039;52038048;27006099;35704;0;21
FR;0;2022-01-07;50843;123324;711062;2811;46860;790567;4995;0;2;53473232;49124584;25505686;70850;52084908;27796666;40699;0;23
FR;0;2022-01-08;45013;80268;423837;1213;35054;472901;2444;0;3;53518245;49204852;25929523;72063;52119962;28269567;43143;0;26
FR;0;2022-01-09;15615;26605;128577;300;11495;145655;829;0;0;53533860;49231457;26058100;72363;52131457;28415222;43972;0;26
FR;0;2022-01-10;35410;93277;469387;1816;43038;522780;3721;0;1;53569270;49324734;26527487;74179;52174495;28938002;47693;0;27
FR;0;2022-01-11;41946;100459;548316;2309;42419;608570;5218;0;2;53611216;49425193;27075803;76488;52216914;29546572;52911;0;29
FR;0;2022-01-12;60419;95695;452740;1969;49500;504396;4498;0;8;53671635;49520888;27528543;78457;52266414;30050968;57409;0;37
FR;0;2022-01-13;38272;92534;487397;2084;40569;541083;5466;0;8;53709907;49613422;28015940;80541;52306983;30592051;62875;0;45
FR;0;2022-01-14;42583;103319;568658;2286;43531;629039;6467;0;2;53752490;49716741;28584598;82827;52350514;31221090;69342;0;47
FR;0;2022-01-15;39433;65898;340159;984;31461;377574;3294;0;1;53791923;49782639;28924757;83811;52381975;31598664;72636;0;48
FR;0;2022-01-16;11415;19204;87443;216;9018;99408;763;0;0;53803338;49801843;29012200;84027;52390993;31698072;73399;0;48
FR;0;2022-01-17;24752;60006;320313;1384;28058;354159;3961;0;4;53828090;49861849;29332513;85411;52419051;32052231;77360;0;52
FR;0;2022-01-18;28327;68691;361128;1801;32025;397575;5772;0;1;53856417;49930540;29693641;87212;52451076;32449806;83132;0;53
FR;0;2022-01-19;43228;67036;281330;1452;40402;311080;4392;0;5;53899645;49997576;29974971;88664;52491478;32760886;87524;0;58
FR;0;2022-01-20;23675;59598;299062;1750;29557;328535;5636;0;4;53923320;50057174;30274033;90414;52521035;33089421;93160;0;62
FR;0;2022-01-21;28210;68796;366406;2086;33095;401219;6579;0;3;53951530;50125970;30640439;92500;52554130;33490640;99739;0;65
FR;0;2022-01-22;27630;47980;218800;840;27311;241785;2837;0;2;53979160;50173950;30859239;93340;52581441;33732425;102576;0;67
FR;0;2022-01-23;6741;12973;48687;173;7506;55167;591;0;1;53985901;50186923;30907926;93513;52588947;33787592;103167;0;68
FR;0;2022-01-24;16283;47456;217348;1149;25412;239354;4102;0;3;54002184;50234379;31125274;94662;52614359;34026946;107269;0;71
FR;0;2022-01-25;19031;54327;243087;1548;28812;267092;6067;0;5;54021215;50288706;31368361;96210;52643171;34294038;113336;0;76
FR;0;2022-01-26;28146;60549;209307;1298;41366;229531;4479;0;3;54049361;50349255;31577668;97508;52684537;34523569;117815;0;79
FR;0;2022-01-27;16336;46473;207668;1285;26150;226043;5692;0;4;54065697;50395728;31785336;98793;52710687;34749612;123507;0;83
FR;0;2022-01-28;21591;78657;290079;1574;44970;321346;7411;0;4;54087288;50474385;32075415;100367;52755657;35070958;130918;0;87
FR;0;2022-01-29;18423;52849;184138;689;32749;204574;3256;0;2;54105711;50527234;32259553;101056;52788406;35275532;134174;0;89
FR;0;2022-01-30;4477;14474;39148;124;9139;45058;637;0;1;54110188;50541708;32298701;101180;52797545;35320590;134811;0;90
FR;0;2022-01-31;11259;43920;148217;742;26137;164733;4229;0;5;54121447;50585628;32446918;101922;52823682;35485323;139040;0;95
FR;0;2022-02-01;13640;48306;174139;1144;27338;191343;7043;0;1;54135087;50633934;32621057;103066;52851020;35676666;146083;0;96
FR;0;2022-02-02;20647;66303;171554;1034;46161;190087;5969;0;10;54155734;50700237;32792611;104100;52897181;35866753;152052;0;106
FR;0;2022-02-03;11649;44785;157579;990;25339;173288;6936;0;6;54167383;50745022;32950190;105090;52922520;36040041;158988;0;112
FR;0;2022-02-04;14640;67511;239261;1266;37135;264087;9157;0;6;54182023;50812533;33189451;106356;52959655;36304128;168145;0;118
FR;0;2022-02-05;12901;51446;153563;523;31981;172302;3784;0;3;54194924;50863979;33343014;106879;52991636;36476430;171929;0;121
FR;0;2022-02-06;2725;12169;28897;102;7286;33832;662;0;0;54197649;50876148;33371911;106981;52998922;36510262;172591;0;121
FR;0;2022-02-07;9607;46630;156903;593;24515;176312;5293;0;6;54207256;50922778;33528814;107574;53023437;36686574;177884;0;127
FR;0;2022-02-08;9813;43098;166654;869;20963;184449;7053;0;6;54217069;50965876;33695468;108443;53044400;36871023;184937;0;133
FR;0;2022-02-09;14374;58253;172356;876;35348;193066;5788;0;9;54231443;51024129;33867824;109319;53079748;37064089;190725;0;142
FR;0;2022-02-10;8720;39217;150242;880;18692;166721;6502;0;2;54240163;51063346;34018066;110199;53098440;37230810;197227;0;144
FR;0;2022-02-11;10860;55690;218517;1101;25830;243111;8322;0;3;54251023;51119036;34236583;111300;53124270;37473921;205549;0;147
FR;0;2022-02-12;8409;40969;134738;465;22636;151766;3509;0;4;54259432;51160005;34371321;111765;53146906;37625687;209058;0;151
FR;0;2022-02-13;1940;8604;26566;86;4410;30928;544;0;3;54261372;51168609;34397887;111851;53151316;37656615;209602;0;154
FR;0;2022-02-14;6992;35258;148387;485;14670;166383;4787;0;5;54268364;51203867;34546274;112336;53165986;37822998;214389;0;159
FR;0;2022-02-15;7067;36234;147002;751;16002;162588;6849;0;3;54275431;51240101;34693276;113087;53181988;37985586;221238;0;162
FR;0;2022-02-16;9415;42987;132543;721;25979;146761;5726;0;6;54284846;51283088;34825819;113808;53207967;38132347;226964;0;168
FR;0;2022-02-17;5578;24341;87311;587;13144;94884;5407;0;5;54290424;51307429;34913130;114395;53221111;38227231;232371;0;173
FR;0;2022-02-18;6999;33583;119671;807;18756;129335;7416;0;2;54297423;51341012;35032801;115202;53239867;38356566;239787;0;175
FR;0;2022-02-19;5370;24558;70027;370;15909;77337;3019;0;2;54302793;51365570;35102828;115572;53255776;38433903;242806;0;177
FR;0;2022-02-20;1148;4657;12175;39;2914;13954;460;0;1;54303941;51370227;35115003;115611;53258690;38447857;243266;0;178
FR;0;2022-02-21;4100;17892;61957;351;10172;67185;4059;0;2;54308041;51388119;35176960;115962;53268862;38515042;247325;0;180
FR;0;2022-02-22;4462;18662;60839;577;11263;64480;5255;0;1;54312503;51406781;35237799;116539;53280125;38579522;252580;0;181
FR;0;2022-02-23;6591;27362;66507;593;19629;71905;4596;0;3;54319094;51434143;35304306;117132;53299754;38651427;257176;0;184
FR;0;2022-02-24;3851;15560;50432;519;9519;53257;4530;0;2;54322945;51449703;35354738;117651;53309273;38704684;261706;0;186
FR;0;2022-02-25;5283;24194;76367;804;15170;80100;7335;0;7;54328228;51473897;35431105;118455;53324443;38784784;269041;0;193
FR;0;2022-02-26;3995;17770;47420;359;12172;51487;3083;0;3;54332223;51491667;35478525;118814;53336615;38836271;272124;0;196
FR;0;2022-02-27;880;3010;8038;47;1978;8949;529;0;0;54333103;51494677;35486563;118861;53338593;38845220;272653;0;196
FR;0;2022-02-28;3125;12556;40493;359;7591;42926;3858;0;0;54336228;51507233;35527056;119220;53346184;38888146;276511;0;196
FR;0;2022-03-01;4006;12609;44202;437;7635;44873;5519;0;6;54340234;51519842;35571258;119657;53353819;38933019;282030;0;202
FR;0;2022-03-02;5333;17800;47150;446;12860;49082;4929;0;2;54345567;51537642;35618408;120103;53366679;38982101;286959;0;204
FR;0;2022-03-03;2828;9356;29901;371;6255;30024;4050;0;2;54348395;51546998;35648309;120474;53372934;39012125;291009;0;206
FR;0;2022-03-04;3228;12493;40331;669;8491;39482;6233;0;4;54351623;51559491;35688640;121143;53381425;39051607;297242;0;210
FR;0;2022-03-05;3074;9285;24961;314;7127;25126;3134;0;1;54354697;51568776;35713601;121457;53388552;39076733;300376;0;211
FR;0;2022-03-06;521;1406;3198;43;1029;3441;379;0;0;54355218;51570182;35716799;121500;53389581;39080174;300755;0;211
FR;0;2022-03-07;2390;5635;18435;315;3851;17707;3307;0;4;54357608;51575817;35735234;121815;53393432;39097881;304062;0;215
FR;0;2022-03-08;2152;6079;19449;363;4333;17921;4094;0;3;54359760;51581896;35754683;122178;53397765;39115802;308156;0;218
FR;0;2022-03-09;3582;10500;22193;407;8729;21289;4039;0;4;54363342;51592396;35776876;122585;53406494;39137091;312195;0;222
FR;0;2022-03-10;1831;5839;17007;344;4386;15833;3407;0;3;54365173;51598235;35793883;122929;53410880;39152924;315602;0;225
FR;0;2022-03-11;2422;7559;24511;545;5439;22277;5481;0;2;54367595;51605794;35818394;123474;53416319;39175201;321083;0;227
FR;0;2022-03-12;2697;6778;17167;309;5496;16522;3136;0;2;54370292;51612572;35835561;123783;53421815;39191723;324219;0;229
FR;0;2022-03-13;406;791;2324;149;599;2273;537;0;0;54370698;51613363;35837885;123932;53422414;39193996;324756;0;229
FR;0;2022-03-14;1557;4274;14988;4412;2809;13842;7295;0;8;54372255;51617637;35852873;128344;53425223;39207838;332051;0;237
FR;0;2022-03-15;1750;6290;16385;7556;4807;14614;11035;0;9;54374005;51623927;35869258;135900;53430030;39222452;343086;0;246
FR;0;2022-03-16;3036;7408;19428;13140;6210;18107;16296;0;8;54377041;51631335;35888686;149040;53436240;39240559;359382;0;254
FR;0;2022-03-17;1460;3985;13155;10846;2806;11994;13314;0;9;54378501;51635320;35901841;159886;53439046;39252553;372696;0;263
FR;0;2022-03-18;2269;5757;20015;18306;4099;18111;22038;0;15;54380770;51641077;35921856;178192;53443145;39270664;394734;0;278
FR;0;2022-03-19;2294;4804;13116;9406;4140;12419;11409;0;6;54383064;51645881;35934972;187598;53447285;39283083;406143;0;284
FR;0;2022-03-20;301;736;1919;1073;528;1931;1340;0;2;54383365;51646617;35936891;188671;53447813;39285014;407483;0;286
FR;0;2022-03-21;1394;3220;12733;14951;2156;11957;16910;0;11;54384759;51649837;35949624;203622;53449969;39296971;424393;0;297
FR;0;2022-03-22;1557;3739;13802;20553;2578;12557;22845;0;5;54386316;51653576;35963426;224175;53452547;39309528;447238;0;302
FR;0;2022-03-23;2687;6291;17733;23151;5223;17245;25267;0;40;54389003;51659867;35981159;247326;53457770;39326773;472505;0;342
FR;0;2022-03-24;1407;3160;11596;17616;2248;10682;19390;0;23;54390410;51663027;35992755;264942;53460018;39337455;491895;0;365
FR;0;2022-03-25;2084;5157;18577;27775;3687;16915;30809;0;31;54392494;51668184;36011332;292717;53463705;39354370;522704;0;396
FR;0;2022-03-26;2232;4415;12080;12678;3865;11520;14400;0;26;54394726;51672599;36023412;305395;53467570;39365890;537104;0;422
FR;0;2022-03-27;363;693;1909;1483;516;1943;1740;0;1;54395089;51673292;36025321;306878;53468086;39367833;538844;0;423
FR;0;2022-03-28;1464;3081;11131;17490;2118;10620;19069;0;16;54396553;51676373;36036452;324368;53470204;39378453;557913;0;439
FR;0;2022-03-29;1454;3277;12911;27585;2094;12053;29284;0;34;54398007;51679650;36049363;351953;53472298;39390506;587197;0;473
FR;0;2022-03-30;2853;5521;15686;27429;4704;15086;29335;0;21;54400860;51685171;36065049;379382;53477002;39405592;616532;0;494
FR;0;2022-03-31;1612;3568;12989;25023;2550;12330;26632;0;43;54402472;51688739;36078038;404405;53479552;39417922;643164;0;537
FR;0;2022-04-01;2682;4585;20079;30895;2969;18721;33488;0;61;54405154;51693324;36098117;435300;53482521;39436643;676652;0;598
FR;0;2022-04-02;1531;2647;9052;10133;2009;8724;11296;0;29;54406685;51695971;36107169;445433;53484530;39445367;687948;0;627
FR;0;2022-04-03;294;515;1562;1171;360;1579;1382;0;2;54406979;51696486;36108731;446604;53484890;39446946;689330;0;629
FR;0;2022-04-04;3637;2946;12379;19129;1965;11589;20600;0;35;54410616;51699432;36121110;465733;53486855;39458535;709930;0;664
FR;0;2022-04-05;2569;3164;14343;34142;2043;13196;35759;0;85;54413185;51702596;36135453;499875;53488898;39471731;745689;0;749
FR;0;2022-04-06;2591;3956;13542;26506;3021;12816;27976;0;72;54415776;51706552;36148995;526381;53491919;39484547;773665;0;821
FR;0;2022-04-07;1971;3141;13682;33793;1992;12893;35150;0;76;54417747;51709693;36162677;560174;53493911;39497440;808815;0;897
FR;0;2022-04-08;2298;4329;19229;44011;2662;17852;46364;0;89;54420045;51714022;36181906;604185;53496573;39515292;855179;0;986
FR;0;2022-04-09;1373;2680;9314;13567;1901;8868;14800;0;30;54421418;51716702;36191220;617752;53498474;39524160;869979;0;1016
FR;0;2022-04-10;295;754;1984;2017;552;2006;2279;0;7;54421713;51717456;36193204;619769;53499026;39526166;872258;0;1023
FR;0;2022-04-11;1336;2619;11873;23913;1635;11483;25184;0;74;54423049;51720075;36205077;643682;53500661;39537649;897442;0;1097
FR;0;2022-04-12;1726;3075;14021;40924;1958;13394;41813;0;127;54424775;51723150;36219098;684606;53502619;39551043;939255;0;1224
FR;0;2022-04-13;1979;3720;13415;33116;2717;13037;34085;0;96;54426754;51726870;36232513;717722;53505336;39564080;973340;0;1320
FR;0;2022-04-14;1501;2980;13215;36326;1908;13073;36995;0;105;54428255;51729850;36245728;754048;53507244;39577153;1010335;0;1425
FR;0;2022-04-15;1871;3793;15644;35580;2537;14923;37232;0;115;54430126;51733643;36261372;789628;53509781;39592076;1047567;0;1540
FR;0;2022-04-16;1043;1833;6400;8553;1263;6262;9435;0;40;54431169;51735476;36267772;798181;53511044;39598338;1057002;0;1580
FR;0;2022-04-17;195;339;993;1174;223;1036;1242;0;7;54431364;51735815;36268765;799355;53511267;39599374;1058244;0;1587
FR;0;2022-04-18;199;543;2768;1072;342;2787;1287;0;5;54431563;51736358;36271533;800427;53511609;39602161;1059531;0;1592
FR;0;2022-04-19;1545;3029;12919;29688;1876;12478;30736;0;78;54433108;51739387;36284452;830115;53513485;39614639;1090267;0;1670
FR;0;2022-04-20;2003;3491;13305;29066;2604;12992;30083;0;96;54435111;51742878;36297757;859181;53516089;39627631;1120350;0;1766
FR;0;2022-04-21;1515;2852;12550;35187;1823;12628;35775;0;117;54436626;51745730;36310307;894368;53517912;39640259;1156125;0;1883
FR;0;2022-04-22;1879;3621;16480;37621;2398;15838;39160;0;131;54438505;51749351;36326787;931989;53520310;39656097;1195285;0;2014
FR;0;2022-04-23;1149;2064;7389;10659;1473;7240;11444;0;38;54439654;51751415;36334176;942648;53521783;39663337;1206729;0;2052
FR;0;2022-04-24;250;466;1476;1591;325;1413;1848;0;7;54439904;51751881;36335652;944239;53522108;39664750;1208577;0;2059
FR;0;2022-04-25;1308;2533;10684;21071;1613;10490;22092;0;79;54441212;51754414;36346336;965310;53523721;39675240;1230669;0;2138
FR;0;2022-04-26;1627;3004;13667;38652;1963;13111;39448;0;181;54442839;51757418;36360003;1003962;53525684;39688351;1270117;0;2319
FR;0;2022-04-27;1964;3063;11539;31061;2276;11596;31480;0;130;54444803;51760481;36371542;1035023;53527960;39699947;1301597;0;2449
FR;0;2022-04-28;1570;2771;12527;36247;1853;12269;36563;0;139;54446373;51763252;36384069;1071270;53529813;39712216;1338160;0;2588
FR;0;2022-04-29;2007;4823;15557;37281;3627;14933;38752;0;164;54448380;51768075;36399626;1108551;53533440;39727149;1376912;0;2752
FR;0;2022-04-30;1222;3842;6927;9717;3337;6756;10608;0;44;54449602;51771917;36406553;1118268;53536777;39733905;1387520;0;2796
FR;0;2022-05-01;218;325;916;1000;229;911;1141;0;6;54449820;51772242;36407469;1119268;53537006;39734816;1388661;0;2802
FR;0;2022-05-02;2268;2950;11153;18175;2047;10985;19020;0;69;54452088;51775192;36418622;1137443;53539053;39745801;1407681;0;2871
FR;0;2022-05-03;2058;3264;13724;34683;2126;13565;35604;0;163;54454146;51778456;36432346;1172126;53541179;39759366;1443285;0;3034
FR;0;2022-05-04;1919;3298;12184;25646;2298;12301;26197;0;110;54456065;51781754;36444530;1197772;53543477;39771667;1469482;0;3144
FR;0;2022-05-05;1786;3027;13069;33596;2005;12914;34264;0;180;54457851;51784781;36457599;1231368;53545482;39784581;1503746;0;3324
FR;0;2022-05-06;2216;3658;15350;36806;2317;14860;38268;0;182;54460067;51788439;36472949;1268174;53547799;39799441;1542014;0;3506
FR;0;2022-05-07;1209;1782;6464;9614;1255;6455;10339;0;48;54461276;51790221;36479413;1277788;53549054;39805896;1552353;0;3554
FR;0;2022-05-08;267;400;1173;1548;288;1234;1654;0;8;54461543;51790621;36480586;1279336;53549342;39807130;1554007;0;3562
FR;0;2022-05-09;1394;2303;9926;20259;1410;9796;21176;0;102;54462937;51792924;36490512;1299595;53550752;39816926;1575183;0;3664
FR;0;2022-05-10;1795;3427;13576;38999;2290;13132;40026;0;200;54464732;51796351;36504088;1338594;53553042;39830058;1615209;0;3864
FR;0;2022-05-11;2004;3016;10751;27937;2320;10697;28445;0;146;54466736;51799367;36514839;1366531;53555362;39840755;1643654;0;4010
FR;0;2022-05-12;1594;2736;11381;35735;1806;11051;36497;0;211;54468330;51802103;36526220;1402266;53557168;39851806;1680151;0;4221
FR;0;2022-05-13;1981;3222;13761;37980;2063;13350;39245;0;162;54470311;51805325;36539981;1440246;53559231;39865156;1719396;0;4383
FR;0;2022-05-14;1149;1641;5938;10777;1198;5801;11365;0;57;54471460;51806966;36545919;1451023;53560429;39870957;1730761;0;4440
FR;0;2022-05-15;283;477;1278;1440;300;1361;1593;0;6;54471743;51807443;36547197;1452463;53560729;39872318;1732354;0;4446
FR;0;2022-05-16;1195;2045;8692;21069;1246;8698;21597;0;128;54472938;51809488;36555889;1473532;53561975;39881016;1753951;0;4574
FR;0;2022-05-17;1589;2603;11824;37879;1668;11401;38720;0;180;54474527;51812091;36567713;1511411;53563643;39892417;1792671;0;4754
FR;0;2022-05-18;1816;2652;9691;27163;1955;9666;27780;0;109;54476343;51814743;36577404;1538574;53565598;39902083;1820451;0;4863
FR;0;2022-05-19;1447;2659;10576;35840;1632;10717;36029;0;162;54477790;51817402;36587980;1574414;53567230;39912800;1856480;0;5025
FR;0;2022-05-20;1873;3116;13423;39370;2076;12912;40388;0;168;54479663;51820518;36601403;1613784;53569306;39925712;1896868;0;5193
FR;0;2022-05-21;1158;1714;5662;9897;1308;5534;10533;0;45;54480821;51822232;36607065;1623681;53570614;39931246;1907401;0;5238
FR;0;2022-05-22;240;341;1028;1439;263;1015;1582;0;10;54481061;51822573;36608093;1625120;53570877;39932261;1908983;0;5248
FR;0;2022-05-23;1177;2123;8878;20350;1406;8827;21005;0;86;54482238;51824696;36616971;1645470;53572283;39941088;1929988;0;5334
FR;0;2022-05-24;1541;2760;11366;38880;1738;11238;39509;0;190;54483779;51827456;36628337;1684350;53574021;39952326;1969497;0;5524
FR;0;2022-05-25;1814;2835;9342;24845;2074;9480;25321;0;116;54485593;51830291;36637679;1709195;53576095;39961806;1994818;0;5640
FR;0;2022-05-26;216;430;1666;1201;293;1676;1345;0;26;54485809;51830721;36639345;1710396;53576388;39963482;1996163;0;5666
FR;0;2022-05-27;1387;2474;9265;21291;1667;9005;22325;0;94;54487196;51833195;36648610;1731687;53578055;39972487;2018488;0;5760
FR;0;2022-05-28;669;1271;3916;6792;851;3966;7202;0;38;54487865;51834466;36652526;1738479;53578906;39976453;2025690;0;5798
FR;0;2022-05-29;157;315;752;921;200;773;1033;0;4;54488022;51834781;36653278;1739400;53579106;39977226;2026723;0;5802
FR;0;2022-05-30;1025;1965;6994;19295;1246;7011;19807;0;91;54489047;51836746;36660272;1758695;53580352;39984237;2046530;0;5893
FR;0;2022-05-31;1488;2518;9822;35660;1649;9643;36293;0;171;54490535;51839264;36670094;1794355;53582001;39993880;2082823;0;6064
FR;0;2022-06-01;1745;3101;11027;24537;2247;10894;25490;0;121;54492280;51842365;36681121;1818892;53584248;40004774;2108313;0;6185
FR;0;2022-06-02;1478;2612;11303;35570;1713;10859;36515;0;174;54493758;51844977;36692424;1854462;53585961;40015633;2144828;0;6359
FR;0;2022-06-03;1727;3076;13414;38726;2046;12778;39997;0;176;54495485;51848053;36705838;1893188;53588007;40028411;2184825;0;6535
FR;0;2022-06-04;972;1516;5046;9112;1076;5117;9648;0;73;54496457;51849569;36710884;1902300;53589083;40033528;2194473;0;6608
FR;0;2022-06-05;180;335;875;1106;205;886;1228;0;4;54496637;51849904;36711759;1903406;53589288;40034414;2195701;0;6612
FR;0;2022-06-06;742;1230;2120;1329;1056;2135;1509;0;13;54497379;51851134;36713879;1904735;53590344;40036549;2197210;0;6625
FR;0;2022-06-07;1482;2711;9852;35587;1789;9431;36813;0;153;54498861;51853845;36723731;1940322;53592133;40045980;2234023;0;6778
FR;0;2022-06-08;1579;2695;9166;28752;1940;9009;29717;0;112;54500440;51856540;36732897;1969074;53594073;40054989;2263740;0;6890
FR;0;2022-06-09;1294;2438;10621;39498;1552;10265;40273;0;167;54501734;51858978;36743518;2008572;53595625;40065254;2304013;0;7057
FR;0;2022-06-10;1631;3180;13090;44827;2149;12652;46152;0;223;54503365;51862158;36756608;2053399;53597774;40077906;2350165;0;7280
FR;0;2022-06-11;961;1739;5435;11626;1125;5468;12211;0;55;54504326;51863897;36762043;2065025;53598899;40083374;2362376;0;7335
FR;0;2022-06-12;198;445;1077;1765;255;1140;1866;0;11;54504524;51864342;36763120;2066790;53599154;40084514;2364242;0;7346
FR;0;2022-06-13;1114;2068;7440;23182;1341;7270;24098;0;90;54505638;51866410;36770560;2089972;53600495;40091784;2388340;0;7436
FR;0;2022-06-14;1339;2546;10448;44944;1595;9804;46140;0;200;54506977;51868956;36781008;2134916;53602090;40101588;2434480;0;7636
FR;0;2022-06-15;1518;2453;9323;30895;1922;8954;31592;0;178;54508495;51871409;36790331;2165811;53604012;40110542;2466072;0;7814
FR;0;2022-06-16;1185;2040;9912;39930;1276;9322;40951;0;201;54509680;51873449;36800243;2205741;53605288;40119864;2507023;0;8015
FR;0;2022-06-17;1490;2858;12505;46692;1784;11907;47933;0;240;54511170;51876307;36812748;2252433;53607072;40131771;2554956;0;8255
FR;0;2022-06-18;856;1527;4565;11125;1038;4500;11719;0;67;54512026;51877834;36817313;2263558;53608110;40136271;2566675;0;8322
FR;0;2022-06-19;183;363;1059;1615;208;1131;1701;0;14;54512209;51878197;36818372;2265173;53608318;40137402;2568376;0;8336
FR;0;2022-06-20;1025;1922;8908;26079;1196;8569;27020;0;154;54513234;51880119;36827280;2291252;53609514;40145971;2595396;0;8490
FR;0;2022-06-21;1325;2400;10309;49896;1534;9338;51280;0;264;54514559;51882519;36837589;2341148;53611048;40155309;2646676;0;8754
FR;0;2022-06-22;1396;2512;8912;39058;1802;8420;40002;0;256;54515955;51885031;36846501;2380206;53612850;40163729;2686678;0;9010
FR;0;2022-06-23;1229;2368;10679;55105;1365;9885;56237;0;320;54517184;51887399;36857180;2435311;53614215;40173614;2742915;0;9330
FR;0;2022-06-24;1490;2995;13643;69186;1750;12305;71004;0;405;54518674;51890394;36870823;2504497;53615965;40185919;2813919;0;9735
FR;0;2022-06-25;938;1781;6235;19921;1112;5988;20776;0;177;54519612;51892175;36877058;2524418;53617077;40191907;2834695;0;9912
FR;0;2022-06-26;229;458;1952;3688;258;1817;3966;0;39;54519841;51892633;36879010;2528106;53617335;40193724;2838661;0;9951
FR;0;2022-06-27;1132;2023;10492;48486;1175;9635;49754;0;339;54520973;51894656;36889502;2576592;53618510;40203359;2888415;0;10290
FR;0;2022-06-28;1463;2815;14667;91385;1583;13088;93154;0;623;54522436;51897471;36904169;2667977;53620093;40216447;2981569;0;10913
FR;0;2022-06-29;1712;2830;12291;71891;1843;11239;73033;0;548;54524148;51900301;36916460;2739868;53621936;40227686;3054602;0;11461
FR;0;2022-06-30;1534;2726;14394;95169;1647;12475;97183;0;724;54525682;51903027;36930854;2835037;53623583;40240161;3151785;0;12185
FR;0;2022-07-01;2008;3800;21497;115928;2304;18851;118574;0;954;54527690;51906827;36952351;2950965;53625887;40259012;3270359;0;13139
FR;0;2022-07-02;1087;1856;8525;35752;1105;7702;36873;0;342;54528777;51908683;36960876;2986717;53626992;40266714;3307232;0;13481
FR;0;2022-07-03;292;539;2094;6455;318;1897;6804;0;79;54529069;51909222;36962970;2993172;53627310;40268611;3314036;0;13560
FR;0;2022-07-04;1785;3410;14708;79222;2269;12991;81292;0;639;54530854;51912632;36977678;3072394;53629579;40281602;3395328;0;14199
FR;0;2022-07-05;1751;3165;18834;133254;1795;16016;135546;0;1145;54532605;51915797;36996512;3205648;53631374;40297618;3530874;0;15344
FR;0;2022-07-06;1828;2782;15850;99581;1844;13641;101148;0;900;54534433;51918579;37012362;3305229;53633218;40311259;3632022;0;16244
FR;0;2022-07-07;1709;2871;18002;126039;1713;14781;128365;0;1179;54536142;51921450;37030364;3431268;53634931;40326040;3760387;0;17423
FR;0;2022-07-08;1892;3151;20752;137082;1853;16764;140077;0;1347;54538034;51924601;37051116;3568350;53636784;40342804;3900464;0;18770
FR;0;2022-07-09;867;1461;7742;37924;882;6686;38769;0;426;54538901;51926062;37058858;3606274;53637666;40349490;3939233;0;19196
FR;0;2022-07-10;266;676;2346;7004;430;2125;7395;0;94;54539167;51926738;37061204;3613278;53638096;40351615;3946628;0;19290
FR;0;2022-07-11;1441;2470;15018;88281;1394;12511;90469;0;801;54540608;51929208;37076222;3701559;53639490;40364126;4037097;0;20091
FR;0;2022-07-12;1825;3115;20535;143968;1713;16731;146671;0;1604;54542433;51932323;37096757;3845527;53641203;40380857;4183768;0;21695
FR;0;2022-07-13;1765;2750;15695;94541;1659;13277;96400;0;1080;54544198;51935073;37112452;3940068;53642862;40394134;4280168;0;22775
FR;0;2022-07-14;185;370;1955;5538;220;1834;5705;0;82;54544383;51935443;37114407;3945606;53643082;40395968;4285873;0;22857
FR;0;2022-07-15;1486;2567;15114;84458;1429;12597;86617;0;1035;54545869;51938010;37129521;4030064;53644511;40408565;4372490;0;23892
FR;0;2022-07-16;622;1190;5948;24980;696;5155;25671;0;327;54546491;51939200;37135469;4055044;53645207;40413720;4398161;0;24219
FR;0;2022-07-17;182;394;1737;4665;218;1568;4937;0;66;54546673;51939594;37137206;4059709;53645425;40415288;4403098;0;24285
FR;0;2022-07-18;1130;2249;11827;61803;1338;9975;63668;0;780;54547803;51941843;37149033;4121512;53646763;40425263;4466766;0;25065
FR;0;2022-07-19;1416;2350;15471;103702;1389;12293;105889;0;1459;54549219;51944193;37164504;4225214;53648152;40437556;4572655;0;26524
FR;0;2022-07-20;1425;2297;12966;77579;1468;10738;79168;0;1051;54550644;51946490;37177470;4302793;53649620;40448294;4651823;0;27575
FR;0;2022-07-21;1286;2168;13093;88236;1368;10495;89721;0;1316;54551930;51948658;37190563;4391029;53650988;40458789;4741544;0;28891
FR;0;2022-07-22;1423;2476;14821;89529;1457;11969;91408;0;1346;54553353;51951134;37205384;4480558;53652445;40470758;4832952;0;30237
FR;0;2022-07-23;683;1309;5534;22478;821;4857;23076;0;411;54554036;51952443;37210918;4503036;53653266;40475615;4856028;0;30648
FR;0;2022-07-24;184;352;1397;3904;202;1240;4130;0;72;54554220;51952795;37212315;4506940;53653468;40476855;4860158;0;30720
FR;0;2022-07-25;1060;1792;9491;48071;1144;7841;49511;0;737;54555280;51954587;37221806;4555011;53654612;40484696;4909669;0;31457
FR;0;2022-07-26;1294;2210;13305;85432;1318;10829;87128;0;1311;54556574;51956797;37235111;4640443;53655930;40495525;4996797;0;32768
FR;0;2022-07-27;1222;2007;10235;61316;1337;8531;62520;0;971;54557796;51958804;37245346;4701759;53657267;40504056;5059317;0;33739
FR;0;2022-07-28;1089;1862;10309;64396;1255;8218;65628;0;1046;54558885;51960666;37255655;4766155;53658522;40512274;5124945;0;34785
FR;0;2022-07-29;1282;2072;11007;65894;1380;8762;67324;0;1140;54560167;51962738;37266662;4832049;53659902;40521036;5192269;0;35925
FR;0;2022-07-30;499;862;3523;15282;598;2973;15665;0;303;54560666;51963600;37270185;4847331;53660500;40524009;5207934;0;36228
FR;0;2022-07-31;154;288;929;2439;184;788;2588;0;49;54560820;51963888;37271114;4849770;53660684;40524797;5210522;0;36277
FR;0;2022-08-01;886;1609;7595;30234;1204;6395;31306;0;549;54561706;51965497;37278709;4880004;53661888;40531192;5241828;0;36826
FR;0;2022-08-02;1030;1645;8575;56112;1151;6887;56801;0;1169;54562736;51967142;37287284;4936116;53663039;40538079;5298629;0;37995
FR;0;2022-08-03;841;1263;6424;38679;900;5145;39417;0;701;54563577;51968405;37293708;4974795;53663939;40543224;5338046;0;38696
FR;0;2022-08-04;737;1182;6567;43155;779;5299;43719;0;917;54564314;51969587;37300275;5017950;53664718;40548523;5381765;0;39613
FR;0;2022-08-05;855;1361;7098;44963;967;5677;45626;0;993;54565169;51970948;37307373;5062913;53665685;40554200;5427391;0;40606
FR;0;2022-08-06;339;555;2099;9367;396;1757;9567;0;228;54565508;51971503;37309472;5072280;53666081;40555957;5436958;0;40834
FR;0;2022-08-07;104;157;536;1621;114;453;1701;0;38;54565612;51971660;37310008;5073901;53666195;40556410;5438659;0;40872
FR;0;2022-08-08;581;1095;4026;22097;850;3289;22541;0;490;54566193;51972755;37314034;5095998;53667045;40559699;5461200;0;41362
FR;0;2022-08-09;696;1159;5972;39954;844;4803;40445;0;844;54566889;51973914;37320006;5135952;53667889;40564502;5501645;0;42206
FR;0;2022-08-10;647;1212;4656;28056;927;3797;28390;0;652;54567536;51975126;37324662;5164008;53668816;40568299;5530035;0;42858
FR;0;2022-08-11;620;1027;4488;29248;739;3708;29584;0;676;54568156;51976153;37329150;5193256;53669555;40572007;5559619;0;43534
FR;0;2022-08-12;728;1156;4745;28212;839;3917;28648;0;704;54568884;51977309;37333895;5221468;53670394;40575924;5588267;0;44238
FR;0;2022-08-13;228;423;1295;5257;321;1119;5416;0;121;54569112;51977732;37335190;5226725;53670715;40577043;5593683;0;44359
FR;0;2022-08-14;72;121;288;923;103;246;995;0;25;54569184;51977853;37335478;5227648;53670818;40577289;5594678;0;44384
FR;0;2022-08-15;89;197;608;564;163;556;618;0;19;54569273;51978050;37336086;5228212;53670981;40577845;5595296;0;44403
FR;0;2022-08-16;625;1068;3956;22175;829;3351;22367;0;615;54569898;51979118;37340042;5250387;53671810;40581196;5617663;0;45018
FR;0;2022-08-17;640;1027;3888;22897;804;3292;23142;0;620;54570538;51980145;37343930;5273284;53672614;40584488;5640805;0;45638
FR;0;2022-08-18;617;986;4117;26296;786;3254;26529;0;673;54571155;51981131;37348047;5299580;53673400;40587742;5667334;0;46311
FR;0;2022-08-19;603;1163;4493;27255;871;3694;27561;0;766;54571758;51982294;37352540;5326835;53674271;40591436;5694895;0;47077
FR;0;2022-08-20;292;499;1355;5569;395;1170;5728;0;146;54572050;51982793;37353895;5332404;53674666;40592606;5700623;0;47223
FR;0;2022-08-21;97;134;305;1008;95;267;1043;0;27;54572147;51982927;37354200;5333412;53674761;40592873;5701666;0;47250
FR;0;2022-08-22;562;994;3273;15355;770;2797;15685;0;425;54572709;51983921;37357473;5348767;53675531;40595670;5717351;0;47675
FR;0;2022-08-23;718;1178;4297;28999;851;3611;29085;0;870;54573427;51985099;37361770;5377766;53676382;40599281;5746436;0;48545
FR;0;2022-08-24;658;931;3494;19530;776;2856;19720;0;608;54574085;51986030;37365264;5397296;53677158;40602137;5766156;0;49153
FR;0;2022-08-25;624;1012;3942;23402;721;3290;23666;0;673;54574709;51987042;37369206;5420698;53677879;40605427;5789822;0;49826
FR;0;2022-08-26;852;1261;4474;25883;954;3666;26256;0;777;54575561;51988303;37373680;5446581;53678833;40609093;5816078;0;50603
FR;0;2022-08-27;295;499;1378;5461;360;1244;5525;0;194;54575856;51988802;37375058;5452042;53679193;40610337;5821603;0;50797
FR;0;2022-08-28;123;161;303;919;115;288;964;0;38;54575979;51988963;37375361;5452961;53679308;40610625;5822567;0;50835
FR;0;2022-08-29;618;965;3073;14655;764;2610;14961;0;433;54576597;51989928;37378434;5467616;53680072;40613235;5837528;0;51268
FR;0;2022-08-30;849;1212;4794;28543;889;3911;28873;0;823;54577446;51991140;37383228;5496159;53680961;40617146;5866401;0;52091
FR;0;2022-08-31;695;953;3205;17639;738;2716;17903;0;508;54578141;51992093;37386433;5513798;53681699;40619862;5884304;0;52599
FR;0;2022-09-01;736;990;4474;22479;703;3820;22753;0;623;54578877;51993083;37390907;5536277;53682402;40623682;5907057;0;53222
FR;0;2022-09-02;874;1146;5037;28611;832;4249;28904;0;914;54579751;51994229;37395944;5564888;53683234;40627931;5935961;0;54136
FR;0;2022-09-03;417;566;1918;6085;421;1664;6322;0;181;54580168;51994795;37397862;5570973;53683655;40629595;5942283;0;54317
FR;0;2022-09-04;133;150;351;873;86;347;942;0;24;54580301;51994945;37398213;5571846;53683741;40629942;5943225;0;54341
FR;0;2022-09-05;644;767;3163;16057;587;2643;16370;0;523;54580945;51995712;37401376;5587903;53684328;40632585;5959595;0;54864
FR;0;2022-09-06;800;1030;4737;31849;662;3868;32079;0;1040;54581745;51996742;37406113;5619752;53684990;40636453;5991674;0;55904
FR;0;2022-09-07;649;772;2996;16821;552;2476;16970;0;572;54582394;51997514;37409109;5636573;53685542;40638929;6008644;0;56476
FR;0;2022-09-08;622;854;3807;24848;589;3139;24938;0;818;54583016;51998368;37412916;5661421;53686131;40642068;6033582;0;57294
FR;0;2022-09-09;839;1015;4441;27646;658;3679;27824;0;948;54583855;51999383;37417357;5689067;53686789;40645747;6061406;0;58242
FR;0;2022-09-10;392;554;1733;5709;379;1535;5913;0;208;54584247;51999937;37419090;5694776;53687168;40647282;6067319;0;58450
FR;0;2022-09-11;123;131;323;656;93;306;715;0;17;54584370;52000068;37419413;5695432;53687261;40647588;6068034;0;58467
FR;0;2022-09-12;488;634;2686;13290;451;2291;13583;0;478;54584858;52000702;37422099;5708722;53687712;40649879;6081617;0;58945
FR;0;2022-09-13;617;854;3995;26505;542;3484;26386;0;875;54585475;52001556;37426094;5735227;53688254;40653363;6108003;0;59820
FR;0;2022-09-14;654;777;2958;16180;569;2473;16413;0;573;54586129;52002333;37429052;5751407;53688823;40655836;6124416;0;60393
FR;0;2022-09-15;557;793;3470;23581;544;2960;23649;0;726;54586686;52003126;37432522;5774988;53689367;40658796;6148065;0;61119
FR;0;2022-09-16;792;1039;4140;25901;724;3481;26123;0;932;54587478;52004165;37436662;5800889;53690091;40662277;6174188;0;62051
FR;0;2022-09-17;386;503;1452;6145;381;1282;6237;0;242;54587864;52004668;37438114;5807034;53690472;40663559;6180425;0;62293
FR;0;2022-09-18;117;142;323;961;121;291;1016;0;36;54587981;52004810;37438437;5807995;53690593;40663850;6181441;0;62329
FR;0;2022-09-19;448;643;2254;13201;444;1929;13383;0;436;54588429;52005453;37440691;5821196;53691037;40665779;6194824;0;62765
FR;0;2022-09-20;640;870;3782;26461;623;3150;26515;0;892;54589069;52006323;37444473;5847657;53691660;40668929;6221339;0;63657
FR;0;2022-09-21;577;766;2737;16257;570;2352;16249;0;586;54589646;52007089;37447210;5863914;53692230;40671281;6237588;0;64243
FR;0;2022-09-22;587;837;3420;23578;561;2792;23804;0;772;54590233;52007926;37450630;5887492;53692791;40674073;6261392;0;65015
FR;0;2022-09-23;833;1049;4493;28707;767;3762;28882;0;1019;54591066;52008975;37455123;5916199;53693558;40677835;6290274;0;66034
FR;0;2022-09-24;423;609;1642;6894;468;1417;7077;0;306;54591489;52009584;37456765;5923093;53694026;40679252;6297351;0;66340
FR;0;2022-09-25;99;189;335;1100;143;306;1142;0;37;54591588;52009773;37457100;5924193;53694169;40679558;6298493;0;66377
FR;0;2022-09-26;437;706;2298;13539;475;2018;13644;0;435;54592025;52010479;37459398;5937732;53694644;40681576;6312137;0;66812
FR;0;2022-09-27;610;842;3627;25942;612;2910;26097;0;959;54592635;52011321;37463025;5963674;53695256;40684486;6338234;0;67771
FR;0;2022-09-28;629;819;2554;15396;626;2302;15509;0;622;54593264;52012140;37465579;5979070;53695882;40686788;6353743;0;68393
FR;0;2022-09-29;564;762;3117;21035;539;2631;21062;43;810;54593828;52012902;37468696;6000105;53696421;40689419;6374805;43;69203
FR;0;2022-09-30;776;1101;3952;25557;815;3298;25823;713;1052;54594604;52014003;37472648;6025662;53697236;40692717;6400628;756;70255
FR;0;2022-10-01;427;615;2007;5969;462;1736;6209;396;318;54595031;52014618;37474655;6031631;53697698;40694453;6406837;1152;70573
FR;0;2022-10-02;59;136;218;638;97;215;664;66;42;54595090;52014754;37474873;6032269;53697795;40694668;6407501;1218;70615
FR;0;2022-10-03;472;771;2451;12050;605;2176;12228;2074;745;54595562;52015525;37477324;6044319;53698400;40696844;6419729;3292;71360
FR;0;2022-10-04;619;795;3387;23507;540;2777;23684;4702;1583;54596181;52016320;37480711;6067826;53698940;40699621;6443413;7994;72943
FR;0;2022-10-05;546;812;2438;14599;589;2153;14744;3655;1210;54596727;52017132;37483149;6082425;53699529;40701774;6458157;11649;74153
FR;0;2022-10-06;538;712;3084;21684;514;2516;21895;6666;1907;54597265;52017844;37486233;6104109;53700043;40704290;6480052;18315;76060
FR;0;2022-10-07;724;979;4127;30302;709;3475;30391;16873;3203;54597989;52018823;37490360;6134411;53700752;40707765;6510443;35188;79263
FR;0;2022-10-08;345;515;1649;8431;374;1408;8600;6699;1170;54598334;52019338;37492009;6142842;53701126;40709173;6519043;41887;80433
FR;0;2022-10-09;109;137;336;1587;111;311;1650;1511;296;54598443;52019475;37492345;6144429;53701237;40709484;6520693;43398;80729
FR;0;2022-10-10;480;726;2918;20493;540;2503;20821;19517;3270;54598923;52020201;37495263;6164922;53701777;40711987;6541514;62915;83999
FR;0;2022-10-11;574;796;4262;40314;538;3564;40657;40155;6380;54599497;52020997;37499525;6205236;53702315;40715551;6582171;103070;90379
FR;0;2022-10-12;571;820;3255;26719;605;2761;27047;27300;4689;54600068;52021817;37502780;6231955;53702920;40718312;6609218;130370;95068
FR;0;2022-10-13;611;776;4004;38439;566;3129;38896;40595;6606;54600679;52022593;37506784;6270394;53703486;40721441;6648114;170965;101674
FR;0;2022-10-14;754;1050;4867;47662;762;3952;48136;51126;7859;54601433;52023643;37511651;6318056;53704248;40725393;6696250;222091;109533
FR;0;2022-10-15;357;508;1859;11849;348;1619;11964;13090;2275;54601790;52024151;37513510;6329905;53704596;40727012;6708214;235181;111808
FR;0;2022-10-16;92;129;372;1967;79;356;2012;2347;479;54601882;52024280;37513882;6331872;53704675;40727368;6710226;237528;112287
FR;0;2022-10-17;435;696;3032;26433;484;2471;26805;30754;5408;54602317;52024976;37516914;6358305;53705159;40729839;6737031;268282;117695
FR;0;2022-10-18;599;728;4700;46087;526;3757;46634;55438;11697;54602916;52025704;37521614;6404392;53705685;40733596;6783665;323720;129392
FR;0;2022-10-19;553;775;3632;34363;579;3067;34697;42423;9214;54603469;52026479;37525246;6438755;53706264;40736663;6818362;366143;138606
FR;0;2022-10-20;600;773;4831;49427;559;3713;50091;60486;12920;54604069;52027252;37530077;6488182;53706823;40740376;6868453;426629;151526
FR;0;2022-10-21;686;979;5700;56998;694;4511;57683;70925;14292;54604755;52028231;37535777;6545180;53707517;40744887;6926136;497554;165818
FR;0;2022-10-22;331;405;1654;12943;325;1320;13102;15935;3385;54605086;52028636;37537431;6558123;53707842;40746207;6939238;513489;169203
FR;0;2022-10-23;94;107;349;2062;102;265;2164;2756;631;54605180;52028743;37537780;6560185;53707944;40746472;6941402;516245;169834
FR;0;2022-10-24;551;593;3135;27128;418;2685;27555;35485;7806;54605731;52029336;37540915;6587313;53708362;40749157;6968957;551730;177640
FR;0;2022-10-25;589;720;4867;49080;528;3797;49754;65182;15417;54606320;52030056;37545782;6636393;53708890;40752954;7018711;616912;193057
FR;0;2022-10-26;530;637;3459;32570;472;2886;32875;43880;10962;54606850;52030693;37549241;6668963;53709362;40755840;7051586;660792;204019
FR;0;2022-10-27;588;689;4073;40751;488;3342;41225;54374;13087;54607438;52031382;37553314;6709714;53709850;40759182;7092811;715166;217106
FR;0;2022-10-28;698;851;4608;44177;616;3503;44998;58256;13174;54608136;52032233;37557922;6753891;53710466;40762685;7137809;773422;230280
FR;0;2022-10-29;258;354;1329;9491;251;1083;9624;12520;3011;54608394;52032587;37559251;6763382;53710717;40763768;7147433;785942;233291
FR;0;2022-10-30;87;111;286;1592;87;249;1640;2139;540;54608481;52032698;37559537;6764974;53710804;40764017;7149073;788081;233831
FR;0;2022-10-31;382;477;2069;16054;345;1621;16418;22144;5454;54608863;52033175;37561606;6781028;53711149;40765638;7165491;810225;239285
FR;0;2022-11-01;77;178;920;1114;138;951;1159;1665;484;54608940;52033353;37562526;6782142;53711287;40766589;7166650;811890;239769
FR;0;2022-11-02;504;654;3026;25374;484;2568;25854;36592;10115;54609444;52034007;37565552;6807516;53711771;40769157;7192504;848482;249884
FR;0;2022-11-03;638;690;4109;40024;522;3115;40752;56959;15338;54610082;52034697;37569661;6847540;53712293;40772272;7233256;905441;265222
FR;0;2022-11-04;656;824;4423;43641;569;3514;44257;60497;15236;54610738;52035521;37574084;6891181;53712862;40775786;7277513;965938;280458
FR;0;2022-11-05;252;353;1448;9706;277;1164;9915;13450;3290;54610990;52035874;37575532;6900887;53713139;40776950;7287428;979388;283748
FR;0;2022-11-06;94;112;263;1599;95;246;1629;2332;650;54611084;52035986;37575795;6902486;53713234;40777196;7289057;981720;284398
FR;0;2022-11-07;465;521;2724;26712;432;2205;27353;39051;10985;54611549;52036507;37578519;6929198;53713666;40779401;7316410;1020771;295383
FR;0;2022-11-08;599;781;4986;51924;567;3825;52931;74194;20022;54612148;52037288;37583505;6981122;53714233;40783226;7369341;1094965;315405
FR;0;2022-11-09;511;648;3358;31593;469;2685;32368;46322;13192;54612659;52037936;37586863;7012715;53714702;40785911;7401709;1141287;328597
FR;0;2022-11-10;615;856;4561;43608;605;3611;44508;62725;17276;54613274;52038792;37591424;7056323;53715307;40789522;7446217;1204012;345873
FR;0;2022-11-11;74;104;366;1664;72;308;1727;2789;1002;54613348;52038896;37591790;7057987;53715379;40789830;7447944;1206801;346875
FR;0;2022-11-12;206;319;1194;7100;228;976;7336;10286;2764;54613554;52039215;37592984;7065087;53715607;40790806;7455280;1217087;349639
FR;0;2022-11-13;63;92;247;1207;69;211;1261;1973;625;54613617;52039307;37593231;7066294;53715676;40791017;7456541;1219060;350264
FR;0;2022-11-14;438;519;2572;23963;366;2045;24599;36138;10857;54614055;52039826;37595803;7090257;53716042;40793062;7481140;1255198;361121
FR;0;2022-11-15;594;706;4307;44981;531;3348;45928;66803;19594;54614649;52040532;37600110;7135238;53716573;40796410;7527068;1322001;380715
FR;0;2022-11-16;544;623;3063;28556;495;2568;29093;43211;13305;54615193;52041155;37603173;7163794;53717068;40798978;7556161;1365212;394020
FR;0;2022-11-17;557;655;3814;39203;503;2970;39813;58291;17392;54615750;52041810;37606987;7202997;53717571;40801948;7595974;1423503;411412
FR;0;2022-11-18;618;762;4595;45088;576;3447;45992;65623;18322;54616368;52042572;37611582;7248085;53718147;40805395;7641966;1489126;429734
FR;0;2022-11-19;270;327;1497;9801;257;1093;9993;14310;4005;54616638;52042899;37613079;7257886;53718404;40806488;7651959;1503436;433739
FR;0;2022-11-20;70;92;302;1697;73;259;1770;2703;848;54616708;52042991;37613381;7259583;53718477;40806747;7653729;1506139;434587
FR;0;2022-11-21;434;510;2417;21378;349;1938;21937;32975;10282;54617142;52043501;37615798;7280961;53718826;40808685;7675666;1539114;444869
FR;0;2022-11-22;535;586;4015;39776;412;3153;40352;59638;18163;54617677;52044087;37619813;7320737;53719238;40811838;7716018;1598752;463032
FR;0;2022-11-23;467;548;2749;25998;392;2315;26490;40321;12841;54618144;52044635;37622562;7346735;53719630;40814153;7742508;1639073;475873
FR;0;2022-11-24;505;591;3757;37083;416;2955;37796;56710;17873;54618649;52045226;37626319;7383818;53720046;40817108;7780304;1695783;493746
FR;0;2022-11-25;570;710;4178;40128;561;3139;40970;59562;17430;54619219;52045936;37630497;7423946;53720607;40820247;7821274;1755345;511176
FR;0;2022-11-26;298;335;1333;9350;259;1061;9491;13974;3966;54619517;52046271;37631830;7433296;53720866;40821308;7830765;1769319;515142
FR;0;2022-11-27;71;83;265;1661;63;225;1689;2554;805;54619588;52046354;37632095;7434957;53720929;40821533;7832454;1771873;515947
FR;0;2022-11-28;413;465;2627;24732;346;1968;25460;38331;12156;54620001;52046819;37634722;7459689;53721275;40823501;7857914;1810204;528103
FR;0;2022-11-29;496;606;4387;46454;374;3289;47170;70970;22269;54620497;52047425;37639109;7506143;53721649;40826790;7905084;1881174;550372
FR;0;2022-11-30;502;681;3724;36871;483;2886;37662;56247;17215;54620999;52048106;37642833;7543014;53722132;40829676;7942746;1937421;567587
FR;0;2022-12-01;520;663;5291;51750;440;3881;52551;79393;25079;54621519;52048769;37648124;7594764;53722572;40833557;7995297;2016814;592666
FR;0;2022-12-02;634;735;6156;61456;517;4370;62682;92303;27407;54622153;52049504;37654280;7656220;53723089;40837927;8057979;2109117;620073
FR;0;2022-12-03;301;340;2280;18022;220;1622;18452;26682;7599;54622454;52049844;37656560;7674242;53723309;40839549;8076431;2135799;627672
FR;0;2022-12-04;94;123;523;4296;90;433;4348;6427;1851;54622548;52049967;37657083;7678538;53723399;40839982;8080779;2142226;629523
FR;0;2022-12-05;446;557;4269;44631;393;2879;45597;68848;21797;54622994;52050524;37661352;7723169;53723792;40842861;8126376;2211074;651320
FR;0;2022-12-06;614;722;6834;78214;463;4638;79722;121525;39468;54623608;52051246;37668186;7801383;53724255;40847499;8206098;2332599;690788
FR;0;2022-12-07;546;614;5346;58118;454;3583;59270;90450;29549;54624154;52051860;37673532;7859501;53724709;40851082;8265368;2423049;720337
FR;0;2022-12-08;605;703;6973;79583;444;4571;81278;123993;40786;54624759;52052563;37680505;7939084;53725153;40855653;8346646;2547042;761123
FR;0;2022-12-09;776;837;8659;95623;546;5714;97507;147194;46729;54625535;52053400;37689164;8034707;53725699;40861367;8444153;2694236;807852
FR;0;2022-12-10;400;431;3817;33924;273;2474;34820;50522;14709;54625935;52053831;37692981;8068631;53725972;40863841;8478973;2744758;822561
FR;0;2022-12-11;131;140;987;8361;100;682;8565;12248;3275;54626066;52053971;37693968;8076992;53726072;40864523;8487538;2757006;825836
FR;0;2022-12-12;508;568;6345;67387;363;4094;68991;106082;34739;54626574;52054539;37700313;8144379;53726435;40868617;8556529;2863088;860575
FR;0;2022-12-13;689;768;9030;103486;476;5618;106056;164671;54985;54627263;52055307;37709343;8247865;53726911;40874235;8662585;3027759;915560
FR;0;2022-12-14;581;693;6794;73237;459;4528;74881;116711;38630;54627844;52056000;37716137;8321102;53727370;40878763;8737466;3144470;954190
FR;0;2022-12-15;649;826;8848;95755;517;5673;98078;152940;51577;54628493;52056826;37724985;8416857;53727887;40884436;8835544;3297410;1005767
FR;0;2022-12-16;819;960;9740;104651;633;6429;106889;166249;55225;54629312;52057786;37734725;8521508;53728520;40890865;8942433;3463659;1060992
FR;0;2022-12-17;342;419;3498;31744;281;2289;32538;48375;14437;54629654;52058205;37738223;8553252;53728801;40893154;8974971;3512034;1075429
FR;0;2022-12-18;93;122;784;6326;75;538;6476;9617;2747;54629747;52058327;37739007;8559578;53728876;40893692;8981447;3521651;1078176
FR;0;2022-12-19;587;608;5739;56158;424;3669;57788;90152;30018;54630334;52058935;37744746;8615736;53729300;40897361;9039235;3611803;1108194
FR;0;2022-12-20;734;771;7919;79687;509;5210;81836;130575;44960;54631068;52059706;37752665;8695423;53729809;40902571;9121071;3742378;1153154
FR;0;2022-12-21;581;615;5291;50839;423;3543;52188;83923;29194;54631649;52060321;37757956;8746262;53730232;40906114;9173259;3826301;1182348
FR;0;2022-12-22;635;646;4882;46099;444;3384;47334;76540;26743;54632284;52060967;37762838;8792361;53730676;40909498;9220593;3902841;1209091
FR;0;2022-12-23;461;568;3426;26151;404;2584;26828;43264;14840;54632745;52061535;37766264;8818512;53731080;40912082;9247421;3946105;1223931
FR;0;2022-12-24;103;103;442;2702;76;333;2825;4283;1228;54632848;52061638;37766706;8821214;53731156;40912415;9250246;3950388;1225159
FR;0;2022-12-25;33;36;129;555;28;101;579;909;270;54632881;52061674;37766835;8821769;53731184;40912516;9250825;3951297;1225429
FR;0;2022-12-26;362;385;2495;16895;285;1816;17541;27559;8806;54633243;52062059;37769330;8838664;53731469;40914332;9268366;3978856;1234235
FR;0;2022-12-27;522;651;4188;33680;437;2927;34829;56624;19697;54633765;52062710;37773518;8872344;53731906;40917259;9303195;4035480;1253932
FR;0;2022-12-28;468;507;3217;25658;343;2292;26278;42820;14791;54634233;52063217;37776735;8898002;53732249;40919551;9329473;4078300;1268723
FR;0;2022-12-29;427;530;3408;26545;342;2386;27551;45006;15612;54634660;52063747;37780143;8924547;53732591;40921937;9357024;4123306;1284335
FR;0;2022-12-30;446;497;2612;19512;350;1850;20177;32494;10929;54635106;52064244;37782755;8944059;53732941;40923787;9377201;4155800;1295264
FR;0;2022-12-31;135;155;505;3175;119;412;3320;4929;1330;54635241;52064399;37783260;8947234;53733060;40924199;9380521;4160729;1296594
FR;0;2023-01-01;21;44;170;706;26;141;733;1022;245;54635262;52064443;37783430;8947940;53733086;40924340;9381254;4161751;1296839
FR;0;2023-01-02;359;504;2709;18973;332;2029;19443;32927;12048;54635621;52064947;37786139;8966913;53733418;40926369;9400697;4194678;1308887
FR;0;2023-01-03;625;652;4650;44088;429;3258;45032;82587;34719;54636246;52065599;37790789;9011001;53733847;40929627;9445729;4277265;1343606
FR;0;2023-01-04;524;568;3807;30997;383;2690;31794;59643;25714;54636770;52066167;37794596;9041998;53734230;40932317;9477523;4336908;1369320
FR;0;2023-01-05;644;708;4616;43124;514;3102;44027;83634;36997;54637414;52066875;37799212;9085122;53734744;40935419;9521550;4420542;1406317
FR;0;2023-01-06;723;843;5426;48417;561;3574;49464;91773;39359;54638137;52067718;37804638;9133539;53735305;40938993;9571014;4512315;1445676
FR;0;2023-01-07;339;402;1811;12890;287;1287;13201;22946;8737;54638476;52068120;37806449;9146429;53735592;40940280;9584215;4535261;1454413
FR;0;2023-01-08;102;136;481;2899;91;343;2994;5174;1959;54638578;52068256;37806930;9149328;53735683;40940623;9587209;4540435;1456372
FR;0;2023-01-09;562;614;2796;22216;435;1996;22798;45505;21016;54639140;52068870;37809726;9171544;53736118;40942619;9610007;4585940;1477388
FR;0;2023-01-10;584;731;4609;41270;489;3247;42135;86454;41457;54639724;52069601;37814335;9212814;53736607;40945866;9652142;4672394;1518845
FR;0;2023-01-11;485;568;3077;24922;403;2229;25448;52439;25003;54640209;52070169;37817412;9237736;53737010;40948095;9677590;4724833;1543848
FR;0;2023-01-12;570;646;3788;34098;424;2700;34693;71968;34844;54640779;52070815;37821200;9271834;53737434;40950795;9712283;4796801;1578692
FR;0;2023-01-13;712;766;4258;36010;527;3035;36646;74195;35009;54641491;52071581;37825458;9307844;53737961;40953830;9748929;4870996;1613701
FR;0;2023-01-14;344;325;1445;9255;215;1057;9445;17677;7389;54641835;52071906;37826903;9317099;53738176;40954887;9758374;4888673;1621090
FR;0;2023-01-15;87;111;353;1551;72;262;1652;3203;1377;54641922;52072017;37827256;9318650;53738248;40955149;9760026;4891876;1622467
FR;0;2023-01-16;401;449;2091;16184;305;1496;16451;35613;17902;54642323;52072466;37829347;9334834;53738553;40956645;9776477;4927489;1640369
FR;0;2023-01-17;478;562;3394;28759;381;2417;29296;65117;33630;54642801;52073028;37832741;9363593;53738934;40959062;9805773;4992606;1673999
FR;0;2023-01-18;441;531;2271;17188;374;1749;17481;38586;19576;54643242;52073559;37835012;9380781;53739308;40960811;9823254;5031192;1693575
FR;0;2023-01-19;486;495;2751;22698;327;2016;23047;51510;26617;54643728;52074054;37837763;9403479;53739635;40962827;9846301;5082702;1720192
FR;0;2023-01-20;607;657;3314;25328;465;2483;25829;56773;28872;54644335;52074711;37841077;9428807;53740100;40965310;9872130;5139475;1749064
FR;0;2023-01-21;245;289;1065;6330;204;807;6434;13020;5901;54644580;52075000;37842142;9435137;53740304;40966117;9878564;5152495;1754965
FR;0;2023-01-22;44;58;168;833;30;145;883;1809;819;54644624;52075058;37842310;9435970;53740334;40966262;9879447;5154304;1755784
FR;0;2023-01-23;303;375;1636;10802;240;1189;11040;26658;14481;54644927;52075433;37843946;9446772;53740574;40967451;9890487;5180962;1770265
FR;0;2023-01-24;453;482;2409;20049;319;1819;20270;49253;27346;54645380;52075915;37846355;9466821;53740893;40969270;9910757;5230215;1797611
FR;0;2023-01-25;374;462;1779;11975;312;1355;12356;29120;15592;54645754;52076377;37848134;9478796;53741205;40970625;9923113;5259335;1813203
