fra;vaccin;jour;n_dose1;n_dose2;n_dose3;n_dose4;n_rappel;n_cum_dose1;n_cum_dose2;n_cum_dose3;n_cum_dose4;n_cum_rappel
FR;1;2020-12-27;578;0;0;0;0;578;0;0;0;0
FR;1;2020-12-28;630;0;0;0;0;1208;0;0;0;0
FR;1;2020-12-29;361;0;0;0;0;1569;0;0;0;0
FR;1;2020-12-30;423;0;0;0;0;1992;0;0;0;0
FR;1;2020-12-31;340;0;0;0;0;2332;0;0;0;0
FR;1;2021-01-01;1116;0;0;0;0;3448;0;0;0;0
FR;1;2021-01-02;340;0;0;0;0;3788;0;0;0;0
FR;1;2021-01-03;407;0;0;0;0;4195;0;0;0;0
FR;1;2021-01-04;2063;0;0;0;0;6258;0;0;0;0
FR;1;2021-01-05;6303;2;0;0;0;12561;2;0;0;0
FR;1;2021-01-06;12098;0;0;0;0;24659;2;0;0;0
FR;1;2021-01-07;29386;2;0;0;0;54045;4;0;0;0
FR;1;2021-01-08;37173;1;0;0;0;91218;5;0;0;0
FR;1;2021-01-09;11209;1;0;0;0;102427;6;0;0;0
FR;1;2021-01-10;6020;0;0;0;0;108447;6;0;0;0
FR;1;2021-01-11;39909;3;0;0;0;148356;9;0;0;0
FR;1;2021-01-12;62091;3;0;0;0;210447;12;0;0;0
FR;1;2021-01-13;65022;9;0;0;0;275469;21;0;0;0
FR;1;2021-01-14;81384;13;0;0;0;356853;34;0;0;0
FR;1;2021-01-15;68569;3;0;0;0;425422;37;0;0;0
FR;1;2021-01-16;19890;75;0;0;0;445312;112;0;0;0
FR;1;2021-01-17;10925;44;0;0;0;456237;156;0;0;0
FR;1;2021-01-18;82730;159;0;0;0;538967;315;0;0;0
FR;1;2021-01-19;125900;131;0;0;0;664867;446;0;0;0
FR;1;2021-01-20;132391;161;0;0;0;797258;607;0;0;0
FR;1;2021-01-21;153011;137;0;0;0;950269;744;0;0;0
FR;1;2021-01-22;115879;168;0;0;0;1066148;912;0;0;0
FR;1;2021-01-23;36588;55;0;0;0;1102736;967;0;0;0
FR;1;2021-01-24;9592;40;0;0;0;1112328;1007;0;0;0
FR;1;2021-01-25;74398;1213;0;0;0;1186726;2220;0;0;0
FR;1;2021-01-26;96414;3121;0;0;0;1283140;5341;0;0;0
FR;1;2021-01-27;103618;5592;0;0;0;1386758;10933;0;0;0
FR;1;2021-01-28;120570;14329;0;0;0;1507328;25262;0;0;0
FR;1;2021-01-29;88851;17271;0;0;0;1596179;42533;0;0;0
FR;1;2021-01-30;27959;4214;0;0;0;1624138;46747;0;0;0
FR;1;2021-01-31;5168;1680;0;0;0;1629306;48427;0;0;0
FR;1;2021-02-01;49789;21099;0;0;0;1679095;69526;0;0;0
FR;1;2021-02-02;67721;34559;0;0;0;1746816;104085;0;0;0
FR;1;2021-02-03;67020;36936;0;0;0;1813836;141021;0;0;0
FR;1;2021-02-04;77031;49987;0;0;0;1890867;191008;0;0;0
FR;1;2021-02-05;63376;45251;0;0;0;1954243;236259;0;0;0
FR;1;2021-02-06;19398;10380;0;0;0;1973641;246639;0;0;0
FR;1;2021-02-07;3665;5040;0;0;0;1977306;251679;0;0;0
FR;1;2021-02-08;36424;45923;0;0;0;2013730;297602;0;0;0
FR;1;2021-02-09;50769;72336;0;0;0;2064499;369938;0;0;0
FR;1;2021-02-10;51883;76506;0;0;0;2116382;446444;0;0;0
FR;1;2021-02-11;63289;98914;0;0;0;2179671;545358;0;0;0
FR;1;2021-02-12;55810;73920;0;0;0;2235481;619278;0;0;0
FR;1;2021-02-13;15441;19243;0;0;0;2250922;638521;0;0;0
FR;1;2021-02-14;3727;7191;0;0;0;2254649;645712;0;0;0
FR;1;2021-02-15;24084;73324;0;0;0;2278733;719036;0;0;0
FR;1;2021-02-16;32692;96690;0;0;0;2311425;815726;0;0;0
FR;1;2021-02-17;35061;98435;1;0;0;2346486;914161;1;0;0
FR;1;2021-02-18;49318;113323;0;0;0;2395804;1027484;1;0;0
FR;1;2021-02-19;45347;86251;1;0;0;2441151;1113735;2;0;0
FR;1;2021-02-20;13374;26861;0;0;0;2454525;1140596;2;0;0
FR;1;2021-02-21;2431;6287;0;0;0;2456956;1146883;2;0;0
FR;1;2021-02-22;24672;69295;2;0;0;2481628;1216178;4;0;0
FR;1;2021-02-23;37390;80259;1;0;0;2519018;1296437;5;0;0
FR;1;2021-02-24;40633;77541;1;0;0;2559651;1373978;6;0;0
FR;1;2021-02-25;50105;87849;1;0;0;2609756;1461827;7;0;0
FR;1;2021-02-26;47153;67779;0;0;0;2656909;1529606;7;0;0
FR;1;2021-02-27;15654;20899;0;0;0;2672563;1550505;7;0;0
FR;1;2021-02-28;3532;4381;1;0;0;2676095;1554886;8;0;0
FR;1;2021-03-01;40154;48930;1;0;0;2716249;1603816;9;0;0
FR;1;2021-03-02;55915;61415;2;0;0;2772164;1665231;11;0;0
FR;1;2021-03-03;61077;60544;0;0;0;2833241;1725775;11;0;0
FR;1;2021-03-04;72856;64830;3;0;0;2906097;1790605;14;0;0
FR;1;2021-03-05;74669;59173;3;0;0;2980766;1849778;17;0;0
FR;1;2021-03-06;82417;16058;2;0;0;3063183;1865836;19;0;0
FR;1;2021-03-07;63684;5397;0;0;0;3126867;1871233;19;0;0
FR;1;2021-03-08;60094;42410;2;0;0;3186961;1913643;21;0;0
FR;1;2021-03-09;85874;48238;1;0;0;3272835;1961881;22;0;0
FR;1;2021-03-10;90763;47979;5;0;0;3363598;2009860;27;0;0
FR;1;2021-03-11;104931;53768;1;0;0;3468529;2063628;28;0;0
FR;1;2021-03-12;104001;45231;0;0;0;3572530;2108859;28;0;0
FR;1;2021-03-13;89136;12704;1;0;0;3661666;2121563;29;0;0
FR;1;2021-03-14;44419;3013;1;0;0;3706085;2124576;30;0;0
FR;1;2021-03-15;95318;29056;3;0;0;3801403;2153632;33;0;0
FR;1;2021-03-16;123562;34850;3;0;0;3924965;2188482;36;0;0
FR;1;2021-03-17;129241;34794;5;0;0;4054206;2223276;41;0;0
FR;1;2021-03-18;142835;39674;4;0;0;4197041;2262950;45;0;0
FR;1;2021-03-19;136209;32855;2;0;0;4333250;2295805;47;0;0
FR;1;2021-03-20;75963;10195;0;0;0;4409213;2306000;47;0;0
FR;1;2021-03-21;26449;2469;1;0;0;4435662;2308469;48;0;0
FR;1;2021-03-22;114605;31134;1;0;0;4550267;2339603;49;0;0
FR;1;2021-03-23;142950;38119;1;0;0;4693217;2377722;50;0;0
FR;1;2021-03-24;141943;38750;0;0;0;4835160;2416472;50;0;0
FR;1;2021-03-25;164937;39543;4;0;0;5000097;2456015;54;0;0
FR;1;2021-03-26;166323;37406;4;0;0;5166420;2493421;58;0;0
FR;1;2021-03-27;110833;15239;1;0;0;5277253;2508660;59;0;0
FR;1;2021-03-28;42257;3628;3;0;0;5319510;2512288;62;0;0
FR;1;2021-03-29;129751;49885;4;0;0;5449261;2562173;66;0;0
FR;1;2021-03-30;167584;63465;4;0;0;5616845;2625638;70;0;0
FR;1;2021-03-31;170822;66791;4;0;0;5787667;2692429;74;0;0
FR;1;2021-04-01;194714;79139;11;0;0;5982381;2771568;85;0;0
FR;1;2021-04-02;164375;84212;7;0;0;6146756;2855780;92;0;0
FR;1;2021-04-03;88136;58061;5;0;0;6234892;2913841;97;0;0
FR;1;2021-04-04;33455;17714;0;0;0;6268347;2931555;97;0;0
FR;1;2021-04-05;46408;10157;11;0;0;6314755;2941712;108;0;0
FR;1;2021-04-06;160160;100715;16;0;0;6474915;3042427;124;0;0
FR;1;2021-04-07;196848;108094;16;0;0;6671763;3150521;140;0;0
FR;1;2021-04-08;221928;112241;13;0;0;6893691;3262762;153;0;0
FR;1;2021-04-09;214441;107356;20;0;0;7108132;3370118;173;0;0
FR;1;2021-04-10;117108;73363;13;0;0;7225240;3443481;186;0;0
FR;1;2021-04-11;40790;30239;6;0;0;7266030;3473720;192;0;0
FR;1;2021-04-12;168303;103615;45;0;0;7434333;3577335;237;0;0
FR;1;2021-04-13;203658;128026;95;0;0;7637991;3705361;332;0;0
FR;1;2021-04-14;208470;122631;203;0;0;7846461;3827992;535;0;0
FR;1;2021-04-15;221641;126565;306;0;0;8068102;3954557;841;0;0
FR;1;2021-04-16;205948;124970;307;0;0;8274050;4079527;1148;0;0
FR;1;2021-04-17;122030;67395;101;0;0;8396080;4146922;1249;0;0
FR;1;2021-04-18;35907;20986;39;0;0;8431987;4167908;1288;0;0
FR;1;2021-04-19;163565;121715;429;0;0;8595552;4289623;1717;0;0
FR;1;2021-04-20;189264;148571;524;0;0;8784816;4438194;2241;0;0
FR;1;2021-04-21;193852;146563;752;0;0;8978668;4584757;2993;0;0
FR;1;2021-04-22;208835;162446;776;0;0;9187503;4747203;3769;0;0
FR;1;2021-04-23;198865;156730;664;0;0;9386368;4903933;4433;0;0
FR;1;2021-04-24;126272;95396;143;0;0;9512640;4999329;4576;0;0
FR;1;2021-04-25;53534;30075;46;0;0;9566174;5029404;4622;0;0
FR;1;2021-04-26;181011;138050;534;0;0;9747185;5167454;5156;0;0
FR;1;2021-04-27;221256;161717;894;0;0;9968441;5329171;6050;0;0
FR;1;2021-04-28;238176;154871;1302;1;1;10206617;5484042;7352;1;1
FR;1;2021-04-29;270150;159855;1203;0;0;10476767;5643897;8555;1;1
FR;1;2021-04-30;271878;147916;1065;0;0;10748645;5791813;9620;1;1
FR;1;2021-05-01;140880;40661;172;0;0;10889525;5832474;9792;1;1
FR;1;2021-05-02;81568;28113;80;0;0;10971093;5860587;9872;1;1
FR;1;2021-05-03;250913;146319;793;0;0;11222006;6006906;10665;1;1
FR;1;2021-05-04;265714;186664;1193;0;0;11487720;6193570;11858;1;1
FR;1;2021-05-05;283855;184300;1260;0;0;11771575;6377870;13118;1;1
FR;1;2021-05-06;309749;182808;1486;0;0;12081324;6560678;14604;1;1
FR;1;2021-05-07;284075;195429;1120;0;0;12365399;6756107;15724;1;1
FR;1;2021-05-08;191598;48259;280;0;0;12556997;6804366;16004;1;1
FR;1;2021-05-09;113993;36137;234;0;0;12670990;6840503;16238;1;1
FR;1;2021-05-10;258114;193972;1173;0;0;12929104;7034475;17411;1;1
FR;1;2021-05-11;318761;211031;1454;0;0;13247865;7245506;18865;1;1
FR;1;2021-05-12;356443;185635;1381;0;0;13604308;7431141;20246;1;1
FR;1;2021-05-13;283291;47580;395;0;0;13887599;7478721;20641;1;1
FR;1;2021-05-14;370525;128596;976;0;0;14258124;7607317;21617;1;1
FR;1;2021-05-15;297849;66024;397;0;0;14555973;7673341;22014;1;1
FR;1;2021-05-16;157700;15536;155;0;0;14713673;7688877;22169;1;1
FR;1;2021-05-17;318839;116471;1426;0;0;15032512;7805348;23595;1;1
FR;1;2021-05-18;382647;111090;1785;0;0;15415159;7916438;25380;1;1
FR;1;2021-05-19;395109;102663;2161;0;0;15810268;8019101;27541;1;1
FR;1;2021-05-20;421620;96117;2033;0;0;16231888;8115218;29574;1;1
FR;1;2021-05-21;399608;97178;1740;0;0;16631496;8212396;31314;1;1
FR;1;2021-05-22;275576;41981;601;0;0;16907072;8254377;31915;1;1
FR;1;2021-05-23;122927;11175;224;0;0;17029999;8265552;32139;1;1
FR;1;2021-05-24;243922;26233;561;0;0;17273921;8291785;32700;1;1
FR;1;2021-05-25;366009;131677;2089;1;0;17639930;8423462;34789;2;1
FR;1;2021-05-26;380677;125534;1974;0;0;18020607;8548996;36763;2;1
FR;1;2021-05-27;405988;127971;1953;0;0;18426595;8676967;38716;2;1
FR;1;2021-05-28;365923;145279;1687;0;0;18792518;8822246;40403;2;1
FR;1;2021-05-29;253758;80843;524;0;0;19046276;8903089;40927;2;1
FR;1;2021-05-30;100872;22523;156;0;0;19147148;8925612;41083;2;1
FR;1;2021-05-31;314133;148616;1274;1;1;19461281;9074228;42357;3;2
FR;1;2021-06-01;361394;166548;1713;1;1;19822675;9240776;44070;4;3
FR;1;2021-06-02;364643;153026;1779;0;0;20187318;9393802;45849;4;3
FR;1;2021-06-03;389876;147578;1637;0;0;20577194;9541380;47486;4;3
FR;1;2021-06-04;363262;175501;1478;1;1;20940456;9716881;48964;5;4
FR;1;2021-06-05;258409;112633;591;0;0;21198865;9829514;49555;5;4
FR;1;2021-06-06;126688;37490;215;0;0;21325553;9867004;49770;5;4
FR;1;2021-06-07;299879;207867;1358;0;0;21625432;10074871;51128;5;4
FR;1;2021-06-08;330453;220737;1623;0;0;21955885;10295608;52751;5;4
FR;1;2021-06-09;336236;212338;1595;0;0;22292121;10507946;54346;5;4
FR;1;2021-06-10;344182;202114;1598;0;0;22636303;10710060;55944;5;4
FR;1;2021-06-11;311725;235250;1282;0;0;22948028;10945310;57226;5;4
FR;1;2021-06-12;243972;150633;426;0;0;23192000;11095943;57652;5;4
FR;1;2021-06-13;100261;60991;184;0;0;23292261;11156934;57836;5;4
FR;1;2021-06-14;207692;288920;1307;1;1;23499953;11445854;59143;6;5
FR;1;2021-06-15;256476;282157;1378;1;1;23756429;11728011;60521;7;6
FR;1;2021-06-16;273445;270361;1253;1;1;24029874;11998372;61774;8;7
FR;1;2021-06-17;268144;244326;1224;1;0;24298018;12242698;62998;9;7
FR;1;2021-06-18;260541;295689;1138;1;1;24558559;12538387;64136;10;8
FR;1;2021-06-19;193370;209429;382;0;0;24751929;12747816;64518;10;8
FR;1;2021-06-20;69621;89101;115;0;0;24821550;12836917;64633;10;8
FR;1;2021-06-21;172124;319783;911;1;1;24993674;13156700;65544;11;9
FR;1;2021-06-22;185585;347540;1090;10;9;25179259;13504240;66634;21;18
FR;1;2021-06-23;203922;339238;1043;0;0;25383181;13843478;67677;21;18
FR;1;2021-06-24;203293;281705;1151;0;0;25586474;14125183;68828;21;18
FR;1;2021-06-25;183141;371740;1192;0;0;25769615;14496923;70020;21;18
FR;1;2021-06-26;131250;278234;495;0;0;25900865;14775157;70515;21;18
FR;1;2021-06-27;52329;122947;141;0;0;25953194;14898104;70656;21;18
FR;1;2021-06-28;136406;368202;1048;0;0;26089600;15266306;71704;21;18
FR;1;2021-06-29;154659;389925;1843;0;0;26244259;15656231;73547;21;18
FR;1;2021-06-30;179723;378427;1659;4;3;26423982;16034658;75206;25;21
FR;1;2021-07-01;201674;332038;1885;5;5;26625656;16366696;77091;30;26
FR;1;2021-07-02;192833;367610;1760;4;4;26818489;16734306;78851;34;30
FR;1;2021-07-03;124287;280378;703;3;3;26942776;17014684;79554;37;33
FR;1;2021-07-04;53857;113655;244;0;0;26996633;17128339;79798;37;33
FR;1;2021-07-05;153686;355982;1496;7;4;27150319;17484321;81294;44;37
FR;1;2021-07-06;173391;382459;1596;43;41;27323710;17866780;82890;87;78
FR;1;2021-07-07;190861;362456;1653;22;20;27514571;18229236;84543;109;98
FR;1;2021-07-08;201310;323005;1825;20;20;27715881;18552241;86368;129;118
FR;1;2021-07-09;189612;386964;1851;3;3;27905493;18939205;88219;132;121
FR;1;2021-07-10;129697;281039;813;1;1;28035190;19220244;89032;133;122
FR;1;2021-07-11;57565;102438;260;0;0;28092755;19322682;89292;133;122
FR;1;2021-07-12;149411;416901;1572;4;4;28242166;19739583;90864;137;126
FR;1;2021-07-13;234072;439403;1803;6;6;28476238;20178986;92667;143;132
FR;1;2021-07-14;171615;151518;415;0;0;28647853;20330504;93082;143;132
FR;1;2021-07-15;279347;424692;1851;1;1;28927200;20755196;94933;144;133
FR;1;2021-07-16;290057;401234;1706;3;3;29217257;21156430;96639;147;136
FR;1;2021-07-17;217266;282088;752;1;1;29434523;21438518;97391;148;137
FR;1;2021-07-18;101954;107323;288;0;0;29536477;21545841;97679;148;137
FR;1;2021-07-19;238024;379262;1493;3;3;29774501;21925103;99172;151;140
FR;1;2021-07-20;305592;380888;1463;0;0;30080093;22305991;100635;151;140
FR;1;2021-07-21;332980;353560;1408;4;3;30413073;22659551;102043;155;143
FR;1;2021-07-22;364244;319436;1495;3;3;30777317;22978987;103538;158;146
FR;1;2021-07-23;347401;343214;1578;4;4;31124718;23322201;105116;162;150
FR;1;2021-07-24;238885;241095;694;1;1;31363603;23563296;105810;163;151
FR;1;2021-07-25;112719;76039;214;0;0;31476322;23639335;106024;163;151
FR;1;2021-07-26;298926;290216;1494;2;2;31775248;23929551;107518;165;153
FR;1;2021-07-27;385549;268802;1458;4;4;32160797;24198353;108976;169;157
FR;1;2021-07-28;389973;251555;1457;4;4;32550770;24449908;110433;173;161
FR;1;2021-07-29;405895;228343;1535;2;2;32956665;24678251;111968;175;163
FR;1;2021-07-30;370427;246876;1632;4;4;33327092;24925127;113600;179;167
FR;1;2021-07-31;243286;165028;789;1;1;33570378;25090155;114389;180;168
FR;1;2021-08-01;105491;47198;227;0;0;33675869;25137353;114616;180;168
FR;1;2021-08-02;297047;212965;1471;1;1;33972916;25350318;116087;181;169
FR;1;2021-08-03;330071;209229;1538;2;2;34302987;25559547;117625;183;171
FR;1;2021-08-04;327658;184329;1434;5;5;34630645;25743876;119059;188;176
FR;1;2021-08-05;300885;193378;1478;0;0;34931530;25937254;120537;188;176
FR;1;2021-08-06;290469;224482;1556;3;3;35221999;26161736;122093;191;179
FR;1;2021-08-07;182267;158758;653;4;3;35404266;26320494;122746;195;182
FR;1;2021-08-08;68690;59101;245;0;0;35472956;26379595;122991;195;182
FR;1;2021-08-09;222397;236083;1434;4;4;35695353;26615678;124425;199;186
FR;1;2021-08-10;252150;240930;1483;2;2;35947503;26856608;125908;201;188
FR;1;2021-08-11;235870;232479;1265;5;4;36183373;27089087;127173;206;192
FR;1;2021-08-12;220324;240013;1479;3;3;36403697;27329100;128652;209;195
FR;1;2021-08-13;201487;238080;1350;2;2;36605184;27567180;130002;211;197
FR;1;2021-08-14;122624;174108;643;0;0;36727808;27741288;130645;211;197
FR;1;2021-08-15;34594;46139;193;1;1;36762402;27787427;130838;212;198
FR;1;2021-08-16;156306;289853;1415;0;0;36918708;28077280;132253;212;198
FR;1;2021-08-17;171249;291641;1413;3;3;37089957;28368921;133666;215;201
FR;1;2021-08-18;161063;287001;1381;6;6;37251020;28655922;135047;221;207
FR;1;2021-08-19;148576;277266;1388;1;1;37399596;28933188;136435;222;208
FR;1;2021-08-20;140069;308079;1511;2;2;37539665;29241267;137946;224;210
FR;1;2021-08-21;84077;213186;582;0;0;37623742;29454453;138528;224;210
FR;1;2021-08-22;28499;82660;229;0;0;37652241;29537113;138757;224;210
FR;1;2021-08-23;118456;320998;1413;2;1;37770697;29858111;140170;226;211
FR;1;2021-08-24;126412;319794;1587;5;3;37897109;30177905;141757;231;214
FR;1;2021-08-25;121037;306375;1767;6;4;38018146;30484280;143524;237;218
FR;1;2021-08-26;106326;285822;2151;10;7;38124472;30770102;145675;247;225
FR;1;2021-08-27;107383;320870;2293;8;6;38231855;31090972;147968;255;231
FR;1;2021-08-28;70798;220584;1097;0;0;38302653;31311556;149065;255;231
FR;1;2021-08-29;24104;78052;458;1;1;38326757;31389608;149523;256;232
FR;1;2021-08-30;96357;286253;4300;6;5143;38423114;31675861;153823;262;5375
FR;1;2021-08-31;97888;276337;9261;13;10163;38521002;31952198;163084;275;15538
FR;1;2021-09-01;111062;245044;21073;7;21868;38632064;32197242;184157;282;37406
FR;1;2021-09-02;84002;197877;24479;12;25305;38716066;32395119;208636;294;62711
FR;1;2021-09-03;82218;227453;26912;21;27835;38798284;32622572;235548;315;90546
FR;1;2021-09-04;71182;189553;11124;11;11575;38869466;32812125;246672;326;102121
FR;1;2021-09-05;18559;41182;4112;2;4270;38888025;32853307;250784;328;106391
FR;1;2021-09-06;58959;151608;30146;15;30972;38946984;33004915;280930;343;137363
FR;1;2021-09-07;55204;139553;30184;26;30985;39002188;33144468;311114;369;168348
FR;1;2021-09-08;70056;173662;26882;20;27641;39072244;33318130;337996;389;195989
FR;1;2021-09-09;53211;124294;28548;22;29438;39125455;33442424;366544;411;225427
FR;1;2021-09-10;65255;151779;30389;20;31372;39190710;33594203;396933;431;256799
FR;1;2021-09-11;51552;146454;9705;12;10177;39242262;33740657;406638;443;266976
FR;1;2021-09-12;10649;29217;2478;2;2619;39252911;33769874;409116;445;269595
FR;1;2021-09-13;51188;104500;38669;28;39591;39304099;33874374;447785;473;309186
FR;1;2021-09-14;53023;96036;51156;67;52482;39357122;33970410;498941;540;361668
FR;1;2021-09-15;60229;139010;50385;55;46830;39417351;34109420;549326;595;408498
FR;1;2021-09-16;46462;81181;53196;72;49340;39463813;34190601;602522;667;457838
FR;1;2021-09-17;53044;109156;44977;60;42559;39516857;34299757;647499;727;500397
FR;1;2021-09-18;37725;118232;11777;19;11241;39554582;34417989;659276;746;511638
FR;1;2021-09-19;6462;21015;2028;2;1968;39561044;34439004;661304;748;513606
FR;1;2021-09-20;37160;74709;46110;68;43959;39598204;34513713;707414;816;557565
FR;1;2021-09-21;33977;68019;56136;73;52476;39632181;34581732;763550;889;610041
FR;1;2021-09-22;38547;117909;49741;78;46655;39670728;34699641;813291;967;656696
FR;1;2021-09-23;31787;62141;54391;85;50631;39702515;34761782;867682;1052;707327
FR;1;2021-09-24;36597;89185;43578;92;41821;39739112;34850967;911260;1144;749148
FR;1;2021-09-25;27475;96215;12287;27;12151;39766587;34947182;923547;1171;761299
FR;1;2021-09-26;4336;15194;1761;4;1700;39770923;34962376;925308;1175;762999
FR;1;2021-09-27;27275;59936;42814;89;41498;39798198;35022312;968122;1264;804497
FR;1;2021-09-28;26734;49119;47059;75;44266;39824932;35071431;1015181;1339;848763
FR;1;2021-09-29;35657;80044;47151;86;45419;39860589;35151475;1062332;1425;894182
FR;1;2021-09-30;25822;45009;47401;80;45229;39886411;35196484;1109733;1505;939411
FR;1;2021-10-01;47044;63803;44802;83;44339;39933455;35260287;1154535;1588;983750
FR;1;2021-10-02;31435;62068;16087;32;16267;39964890;35322355;1170622;1620;1000017
FR;1;2021-10-03;4282;8571;2023;3;2031;39969172;35330926;1172645;1623;1002048
FR;1;2021-10-04;27898;43944;47034;78;46862;39997070;35374870;1219679;1701;1048910
FR;1;2021-10-05;23717;41333;49741;115;49078;40020787;35416203;1269420;1816;1097988
FR;1;2021-10-06;33920;60885;57362;102;57048;40054707;35477088;1326782;1918;1155036
FR;1;2021-10-07;20741;39353;52932;75;51757;40075448;35516441;1379714;1993;1206793
FR;1;2021-10-08;34456;59247;60287;83;60975;40109904;35575688;1440001;2076;1267768
FR;1;2021-10-09;27183;47691;25445;29;25937;40137087;35623379;1465446;2105;1293705
FR;1;2021-10-10;3486;5613;2736;7;2827;40140573;35628992;1468182;2112;1296532
FR;1;2021-10-11;24378;37940;54508;88;55135;40164951;35666932;1522690;2200;1351667
FR;1;2021-10-12;22849;36339;57944;125;58989;40187800;35703271;1580634;2325;1410656
FR;1;2021-10-13;32654;47454;64103;124;65581;40220454;35750725;1644737;2449;1476237
FR;1;2021-10-14;21595;34416;53664;100;54188;40242049;35785141;1698401;2549;1530425
FR;1;2021-10-15;32364;48170;72263;162;74959;40274413;35833311;1770664;2711;1605384
FR;1;2021-10-16;25798;35100;34835;44;36359;40300211;35868411;1805499;2755;1641743
FR;1;2021-10-17;3081;4002;3400;2;3303;40303292;35872413;1808899;2757;1645046
FR;1;2021-10-18;22336;32990;66765;129;69631;40325628;35905403;1875664;2886;1714677
FR;1;2021-10-19;20421;32917;75584;134;79489;40346049;35938320;1951248;3020;1794166
FR;1;2021-10-20;29725;43599;96078;176;99686;40375774;35981919;2047326;3196;1893852
FR;1;2021-10-21;19453;34797;83045;108;86916;40395227;36016716;2130371;3304;1980768
FR;1;2021-10-22;29454;47134;103642;194;109540;40424681;36063850;2234013;3498;2090308
FR;1;2021-10-23;22841;33982;44823;57;47287;40447522;36097832;2278836;3555;2137595
FR;1;2021-10-24;2364;3844;3571;6;3737;40449886;36101676;2282407;3561;2141332
FR;1;2021-10-25;22302;30345;81943;143;85729;40472188;36132021;2364350;3704;2227061
FR;1;2021-10-26;19208;27437;86002;161;90216;40491396;36159458;2450352;3865;2317277
FR;1;2021-10-27;26002;39128;107684;253;112532;40517398;36198586;2558036;4118;2429809
FR;1;2021-10-28;18453;26549;86849;150;91528;40535851;36225135;2644885;4268;2521337
FR;1;2021-10-29;25757;39295;114721;201;121462;40561608;36264430;2759606;4469;2642799
FR;1;2021-10-30;17466;28401;49304;76;51896;40579074;36292831;2808910;4545;2694695
FR;1;2021-10-31;2060;3249;3430;2;3689;40581134;36296080;2812340;4547;2698384
FR;1;2021-11-01;6850;3525;3000;3;3213;40587984;36299605;2815340;4550;2701597
FR;1;2021-11-02;21451;32702;92278;155;97569;40609435;36332307;2907618;4705;2799166
FR;1;2021-11-03;25946;40994;117380;215;123746;40635381;36373301;3024998;4920;2922912
FR;1;2021-11-04;19341;29977;105665;213;111781;40654722;36403278;3130663;5133;3034693
FR;1;2021-11-05;26796;41885;138634;227;147236;40681518;36445163;3269297;5360;3181929
FR;1;2021-11-06;18644;29694;63400;122;66372;40700162;36474857;3332697;5482;3248301
FR;1;2021-11-07;1768;3424;4939;6;5305;40701930;36478281;3337636;5488;3253606
FR;1;2021-11-08;17392;32046;125850;222;132407;40719322;36510327;3463486;5710;3386013
FR;1;2021-11-09;18987;37403;159133;336;168843;40738309;36547730;3622619;6046;3554856
FR;1;2021-11-10;28372;48482;181737;437;192352;40766681;36596212;3804356;6483;3747208
FR;1;2021-11-11;3423;5243;12142;26;12900;40770104;36601455;3816498;6509;3760108
FR;1;2021-11-12;25813;46496;174665;239;186239;40795917;36647951;3991163;6748;3946347
FR;1;2021-11-13;18532;29147;76765;110;81706;40814449;36677098;4067928;6858;4028053
FR;1;2021-11-14;1991;3364;6800;5;7381;40816440;36680462;4074728;6863;4035434
FR;1;2021-11-15;18424;34660;156226;304;166097;40834864;36715122;4230954;7167;4201531
FR;1;2021-11-16;20854;37559;191902;375;204706;40855718;36752681;4422856;7542;4406237
FR;1;2021-11-17;28326;45379;193071;398;204963;40884044;36798060;4615927;7940;4611200
FR;1;2021-11-18;20872;37472;182307;456;194373;40904916;36835532;4798234;8396;4805573
FR;1;2021-11-19;30768;53112;230047;528;246540;40935684;36888644;5028281;8924;5052113
FR;1;2021-11-20;23569;33135;96894;200;103563;40959253;36921779;5125175;9124;5155676
FR;1;2021-11-21;2294;4068;9079;18;9984;40961547;36925847;5134254;9142;5165660
FR;1;2021-11-22;21285;30210;175695;464;189297;40982832;36956057;5309949;9606;5354957
FR;1;2021-11-23;23733;40807;220988;537;237747;41006565;36996864;5530937;10143;5592704
FR;1;2021-11-24;30168;49256;217197;701;234487;41036733;37046120;5748134;10844;5827191
FR;1;2021-11-25;23352;43338;244268;718;263919;41060085;37089458;5992402;11562;6091110
FR;1;2021-11-26;30479;66241;356566;834;388447;41090564;37155699;6348968;12396;6479557
FR;1;2021-11-27;21615;44994;202485;370;222540;41112179;37200693;6551453;12766;6702097
FR;1;2021-11-28;3135;9705;54727;62;61051;41115314;37210398;6606180;12828;6763148
FR;1;2021-11-29;17776;49201;326150;840;354256;41133090;37259599;6932330;13668;7117404
FR;1;2021-11-30;22316;64402;430855;948;470626;41155406;37324001;7363185;14616;7588030
FR;1;2021-12-01;24009;68895;442555;1129;481611;41179415;37392896;7805740;15745;8069641
FR;1;2021-12-02;19698;64192;489122;1222;532801;41199113;37457088;8294862;16967;8602442
FR;1;2021-12-03;22651;81487;542442;1303;591664;41221764;37538575;8837304;18270;9194106
FR;1;2021-12-04;16279;53797;298943;652;328956;41238043;37592372;9136247;18922;9523062
FR;1;2021-12-05;3622;13956;81470;143;91104;41241665;37606328;9217717;19065;9614166
FR;1;2021-12-06;16582;62252;415198;1062;455064;41258247;37668580;9632915;20127;10069230
FR;1;2021-12-07;19713;75586;522611;1526;572462;41277960;37744166;10155526;21653;10641692
FR;1;2021-12-08;21344;75276;458121;1540;502207;41299304;37819442;10613647;23193;11143899
FR;1;2021-12-09;19281;73772;492622;1623;540849;41318585;37893214;11106269;24816;11684748
FR;1;2021-12-10;22327;87379;547082;1582;600022;41340912;37980593;11653351;26398;12284770
FR;1;2021-12-11;16501;58841;302605;745;335499;41357413;38039434;11955956;27143;12620269
FR;1;2021-12-12;4324;15878;83141;178;94104;41361737;38055312;12039097;27321;12714373
FR;1;2021-12-13;15414;63547;366729;1093;406314;41377151;38118859;12405826;28414;13120687
FR;1;2021-12-14;19852;80037;464402;1735;515291;41397003;38198896;12870228;30149;13635978
FR;1;2021-12-15;21152;76951;408773;1307;453118;41418155;38275847;13279001;31456;14089096
FR;1;2021-12-16;19875;77122;451599;1574;500726;41438030;38352969;13730600;33030;14589822
FR;1;2021-12-17;22418;86561;479687;1733;531210;41460448;38439530;14210287;34763;15121032
FR;1;2021-12-18;17577;54576;257526;730;288595;41478025;38494106;14467813;35493;15409627
FR;1;2021-12-19;5531;17207;79143;194;90856;41483556;38511313;14546956;35687;15500483
FR;1;2021-12-20;20833;62950;316202;1081;355533;41504389;38574263;14863158;36768;15856016
FR;1;2021-12-21;26046;72991;372575;1417;418238;41530435;38647254;15235733;38185;16274254
FR;1;2021-12-22;24839;65627;310410;1213;349632;41555274;38712881;15546143;39398;16623886
FR;1;2021-12-23;21160;52098;241587;946;273360;41576434;38764979;15787730;40344;16897246
FR;1;2021-12-24;7059;18210;67143;254;77144;41583493;38783189;15854873;40598;16974390
FR;1;2021-12-25;485;2734;5585;15;6563;41583978;38785923;15860458;40613;16980953
FR;1;2021-12-26;2741;7592;26922;61;31457;41586719;38793515;15887380;40674;17012410
FR;1;2021-12-27;18057;53182;235116;707;265907;41604776;38846697;16122496;41381;17278317
FR;1;2021-12-28;23183;61736;292014;1019;330388;41627959;38908433;16414510;42400;17608705
FR;1;2021-12-29;22178;55279;254943;919;288308;41650137;38963712;16669453;43319;17897013
FR;1;2021-12-30;21170;45790;212133;857;239742;41671307;39009502;16881586;44176;18136755
FR;1;2021-12-31;7236;16395;61920;229;70450;41678543;39025897;16943506;44405;18207205
FR;1;2022-01-01;789;2331;5668;30;6582;41679332;39028228;16949174;44435;18213787
FR;1;2022-01-02;3027;8066;28929;50;33600;41682359;39036294;16978103;44485;18247387
FR;1;2022-01-03;18705;51081;229305;783;258647;41701064;39087375;17207408;45268;18506034
FR;1;2022-01-04;24573;64240;299628;1234;337828;41725637;39151615;17507036;46502;18843862
FR;1;2022-01-05;28920;63190;275599;1090;311089;41754557;39214805;17782635;47592;19154951
FR;1;2022-01-06;26307;65651;307388;1389;347283;41780864;39280456;18090023;48981;19502234
FR;1;2022-01-07;31117;74072;350710;1535;395020;41811981;39354528;18440733;50516;19897254
FR;1;2022-01-08;23235;51331;222545;694;251301;41835216;39405859;18663278;51210;20148555
FR;1;2022-01-09;7072;17265;66034;161;76212;41842288;39423124;18729312;51371;20224767
FR;1;2022-01-10;21210;53412;239020;951;269431;41863498;39476536;18968332;52322;20494198
FR;1;2022-01-11;26322;62521;283086;1272;318835;41889820;39539057;19251418;53594;20813033
FR;1;2022-01-12;28508;61576;247014;1099;278933;41918328;39600633;19498432;54693;21091966
FR;1;2022-01-13;24278;59549;263456;1246;296958;41942606;39660182;19761888;55939;21388924
FR;1;2022-01-14;27602;66329;315150;1362;352645;41970208;39726511;20077038;57301;21741569
FR;1;2022-01-15;19213;44400;199493;615;224204;41989421;39770911;20276531;57916;21965773
FR;1;2022-01-16;5124;14380;51524;134;59647;41994545;39785291;20328055;58050;22025420
FR;1;2022-01-17;16655;41702;186634;774;208815;42011200;39826993;20514689;58824;22234235
FR;1;2022-01-18;19186;47357;213382;1147;238152;42030386;39874350;20728071;59971;22472387
FR;1;2022-01-19;20040;45509;177020;894;198294;42050426;39919859;20905091;60865;22670681
FR;1;2022-01-20;16500;42103;184767;1134;206007;42066926;39961962;21089858;61999;22876688
FR;1;2022-01-21;19620;48502;230551;1396;255151;42086546;40010464;21320409;63395;23131839
FR;1;2022-01-22;13778;33098;144784;578;161732;42100324;40043562;21465193;63973;23293571
FR;1;2022-01-23;3335;9617;33429;130;38389;42103659;40053179;21498622;64103;23331960
FR;1;2022-01-24;11685;34859;143268;704;159470;42115344;40088038;21641890;64807;23491430
FR;1;2022-01-25;14049;39956;164083;1045;182402;42129393;40127994;21805973;65852;23673832
FR;1;2022-01-26;14756;38444;150679;925;166838;42144149;40166438;21956652;66777;23840670
FR;1;2022-01-27;12223;34592;143810;875;158376;42156372;40201030;22100462;67652;23999046
FR;1;2022-01-28;16150;55370;198801;1142;223168;42172522;40256400;22299263;68794;24222214
FR;1;2022-01-29;10232;37241;135387;520;151852;42182754;40293641;22434650;69314;24374066
FR;1;2022-01-30;2459;10420;29647;85;34461;42185213;40304061;22464297;69399;24408527
FR;1;2022-01-31;8680;32523;104433;527;117518;42193893;40336584;22568730;69926;24526045
FR;1;2022-02-01;9820;36794;127331;852;141466;42203713;40373378;22696061;70778;24667511
FR;1;2022-02-02;10982;41731;130235;758;145755;42214695;40415109;22826296;71536;24813266
FR;1;2022-02-03;8624;34596;116434;767;129769;42223319;40449705;22942730;72303;24943035
FR;1;2022-02-04;11249;49707;171979;958;192230;42234568;40499412;23114709;73261;25135265
FR;1;2022-02-05;7653;35348;117390;389;132868;42242221;40534760;23232099;73650;25268133
FR;1;2022-02-06;1680;9039;22690;82;26877;42243901;40543799;23254789;73732;25295010
FR;1;2022-02-07;6916;35811;118391;447;134310;42250817;40579610;23373180;74179;25429320
FR;1;2022-02-08;7415;31265;125036;683;139979;42258232;40610875;23498216;74862;25569299
FR;1;2022-02-09;8334;35656;134364;686;151565;42266566;40646531;23632580;75548;25720864
FR;1;2022-02-10;6461;28631;114674;665;128391;42273027;40675162;23747254;76213;25849255
FR;1;2022-02-11;8479;40956;163876;868;184026;42281506;40716118;23911130;77081;26033281
FR;1;2022-02-12;5200;27320;105892;377;119991;42286706;40743438;24017022;77458;26153272
FR;1;2022-02-13;1201;5652;21563;61;25175;42287907;40749090;24038585;77519;26178447
FR;1;2022-02-14;5276;26617;115440;388;130444;42293183;40775707;24154025;77907;26308891
FR;1;2022-02-15;5510;27648;116759;603;130292;42298693;40803355;24270784;78510;26439183
FR;1;2022-02-16;5562;27561;107969;589;120562;42304255;40830916;24378753;79099;26559745
FR;1;2022-02-17;4282;18418;70640;476;77544;42308537;40849334;24449393;79575;26637289
FR;1;2022-02-18;5371;25747;95226;665;104044;42313908;40875081;24544619;80240;26741333
FR;1;2022-02-19;3435;16773;58297;297;64771;42317343;40891854;24602916;80537;26806104
FR;1;2022-02-20;751;3125;10433;35;12028;42318094;40894979;24613349;80572;26818132
FR;1;2022-02-21;3230;13895;48038;281;52835;42321324;40908874;24661387;80853;26870967
FR;1;2022-02-22;3572;14850;49293;479;52930;42324896;40923724;24710680;81332;26923897
FR;1;2022-02-23;4048;17080;55461;503;60495;42328944;40940804;24766141;81835;26984392
FR;1;2022-02-24;3020;11908;41021;389;43727;42331964;40952712;24807162;82224;27028119
FR;2;2020-12-27;0;0;0;0;0;0;0;0;0;0
FR;2;2020-12-28;0;0;0;0;0;0;0;0;0;0
FR;2;2020-12-29;0;0;0;0;0;0;0;0;0;0
FR;2;2020-12-30;0;0;0;0;0;0;0;0;0;0
FR;2;2020-12-31;0;0;0;0;0;0;0;0;0;0
FR;2;2021-01-01;0;0;0;0;0;0;0;0;0;0
FR;2;2021-01-02;0;0;0;0;0;0;0;0;0;0
FR;2;2021-01-03;0;0;0;0;0;0;0;0;0;0
FR;2;2021-01-04;0;0;0;0;0;0;0;0;0;0
FR;2;2021-01-05;0;0;0;0;0;0;0;0;0;0
FR;2;2021-01-06;0;0;0;0;0;0;0;0;0;0
FR;2;2021-01-07;0;0;0;0;0;0;0;0;0;0
FR;2;2021-01-08;0;0;0;0;0;0;0;0;0;0
FR;2;2021-01-09;0;0;0;0;0;0;0;0;0;0
FR;2;2021-01-10;0;0;0;0;0;0;0;0;0;0
FR;2;2021-01-11;0;0;0;0;0;0;0;0;0;0
FR;2;2021-01-12;0;0;0;0;0;0;0;0;0;0
FR;2;2021-01-13;0;0;0;0;0;0;0;0;0;0
FR;2;2021-01-14;1706;0;0;0;0;1706;0;0;0;0
FR;2;2021-01-15;384;0;0;0;0;2090;0;0;0;0
FR;2;2021-01-16;308;0;0;0;0;2398;0;0;0;0
FR;2;2021-01-17;78;0;0;0;0;2476;0;0;0;0
FR;2;2021-01-18;3068;0;0;0;0;5544;0;0;0;0
FR;2;2021-01-19;4672;0;0;0;0;10216;0;0;0;0
FR;2;2021-01-20;5130;0;0;0;0;15346;0;0;0;0
FR;2;2021-01-21;5332;2;0;0;0;20678;2;0;0;0
FR;2;2021-01-22;5112;0;0;0;0;25790;2;0;0;0
FR;2;2021-01-23;1860;0;0;0;0;27650;2;0;0;0
FR;2;2021-01-24;160;1;0;0;0;27810;3;0;0;0
FR;2;2021-01-25;3809;1;0;0;0;31619;4;0;0;0
FR;2;2021-01-26;3913;0;0;0;0;35532;4;0;0;0
FR;2;2021-01-27;3589;0;0;0;0;39121;4;0;0;0
FR;2;2021-01-28;3732;0;0;0;0;42853;4;0;0;0
FR;2;2021-01-29;3285;1;0;0;0;46138;5;0;0;0
FR;2;2021-01-30;1127;1;0;0;0;47265;6;0;0;0
FR;2;2021-01-31;45;0;0;0;0;47310;6;0;0;0
FR;2;2021-02-01;3396;1;0;0;0;50706;7;0;0;0
FR;2;2021-02-02;4485;4;0;0;0;55191;11;0;0;0
FR;2;2021-02-03;5210;1;0;0;0;60401;12;0;0;0
FR;2;2021-02-04;4921;3;0;0;0;65322;15;0;0;0
FR;2;2021-02-05;4805;7;0;0;0;70127;22;0;0;0
FR;2;2021-02-06;2033;6;0;0;0;72160;28;0;0;0
FR;2;2021-02-07;97;4;0;0;0;72257;32;0;0;0
FR;2;2021-02-08;7543;15;0;0;0;79800;47;0;0;0
FR;2;2021-02-09;8414;21;0;0;0;88214;68;0;0;0
FR;2;2021-02-10;9334;52;0;0;0;97548;120;0;0;0
FR;2;2021-02-11;10266;66;0;0;0;107814;186;0;0;0
FR;2;2021-02-12;10039;240;0;0;0;117853;426;0;0;0
FR;2;2021-02-13;3114;226;0;0;0;120967;652;0;0;0
FR;2;2021-02-14;349;2;0;0;0;121316;654;0;0;0
FR;2;2021-02-15;3450;3063;0;0;0;124766;3717;0;0;0
FR;2;2021-02-16;5058;3883;0;0;0;129824;7600;0;0;0
FR;2;2021-02-17;4238;4398;0;0;0;134062;11998;0;0;0
FR;2;2021-02-18;5392;5086;0;0;0;139454;17084;0;0;0
FR;2;2021-02-19;5316;4324;0;0;0;144770;21408;0;0;0
FR;2;2021-02-20;1860;1506;0;0;0;146630;22914;0;0;0
FR;2;2021-02-21;236;86;0;0;0;146866;23000;0;0;0
FR;2;2021-02-22;3606;3718;0;0;0;150472;26718;0;0;0
FR;2;2021-02-23;4946;3690;0;0;0;155418;30408;0;0;0
FR;2;2021-02-24;5001;3457;0;0;0;160419;33865;0;0;0
FR;2;2021-02-25;5471;3428;0;0;0;165890;37293;0;0;0
FR;2;2021-02-26;4350;3128;0;0;0;170240;40421;0;0;0
FR;2;2021-02-27;1621;1043;0;0;0;171861;41464;0;0;0
FR;2;2021-02-28;173;30;0;0;0;172034;41494;0;0;0
FR;2;2021-03-01;5161;3763;0;0;0;177195;45257;0;0;0
FR;2;2021-03-02;6518;4720;0;0;0;183713;49977;0;0;0
FR;2;2021-03-03;6526;4881;0;0;0;190239;54858;0;0;0
FR;2;2021-03-04;8387;3955;0;0;0;198626;58813;0;0;0
FR;2;2021-03-05;8017;4058;0;0;0;206643;62871;0;0;0
FR;2;2021-03-06;4779;1680;0;0;0;211422;64551;0;0;0
FR;2;2021-03-07;2369;30;0;0;0;213791;64581;0;0;0
FR;2;2021-03-08;4162;8303;0;0;0;217953;72884;0;0;0
FR;2;2021-03-09;7477;8426;1;0;0;225430;81310;1;0;0
FR;2;2021-03-10;7079;9092;0;0;0;232509;90402;1;0;0
FR;2;2021-03-11;9364;9178;1;0;0;241873;99580;2;0;0
FR;2;2021-03-12;7961;8163;0;0;0;249834;107743;2;0;0
FR;2;2021-03-13;10034;2511;0;0;0;259868;110254;2;0;0
FR;2;2021-03-14;4836;401;0;0;0;264704;110655;2;0;0
FR;2;2021-03-15;10903;3479;0;0;0;275607;114134;2;0;0
FR;2;2021-03-16;16749;4626;1;0;0;292356;118760;3;0;0
FR;2;2021-03-17;20209;3956;0;0;0;312565;122716;3;0;0
FR;2;2021-03-18;23348;4896;0;0;0;335913;127612;3;0;0
FR;2;2021-03-19;23295;4527;0;0;0;359208;132139;3;0;0
FR;2;2021-03-20;25427;1534;0;0;0;384635;133673;3;0;0
FR;2;2021-03-21;17663;147;0;0;0;402298;133820;3;0;0
FR;2;2021-03-22;17774;3069;0;0;0;420072;136889;3;0;0
FR;2;2021-03-23;22677;4185;0;0;0;442749;141074;3;0;0
FR;2;2021-03-24;23943;4982;0;0;0;466692;146056;3;0;0
FR;2;2021-03-25;26721;5023;1;0;0;493413;151079;4;0;0
FR;2;2021-03-26;26957;4260;0;0;0;520370;155339;4;0;0
FR;2;2021-03-27;15906;1307;0;0;0;536276;156646;4;0;0
FR;2;2021-03-28;10559;96;0;0;0;546835;156742;4;0;0
FR;2;2021-03-29;18969;4278;0;0;0;565804;161020;4;0;0
FR;2;2021-03-30;24564;6003;0;0;0;590368;167023;4;0;0
FR;2;2021-03-31;28536;5942;0;0;0;618904;172965;4;0;0
FR;2;2021-04-01;34529;8484;1;0;0;653433;181449;5;0;0
FR;2;2021-04-02;29965;7659;0;0;0;683398;189108;5;0;0
FR;2;2021-04-03;16943;3580;0;0;0;700341;192688;5;0;0
FR;2;2021-04-04;9298;920;2;0;0;709639;193608;7;0;0
FR;2;2021-04-05;12427;811;0;0;0;722066;194419;7;0;0
FR;2;2021-04-06;27130;6919;0;0;0;749196;201338;7;0;0
FR;2;2021-04-07;30920;7154;1;0;0;780116;208492;8;0;0
FR;2;2021-04-08;36866;8800;1;0;0;816982;217292;9;0;0
FR;2;2021-04-09;33814;8588;28;0;0;850796;225880;37;0;0
FR;2;2021-04-10;19670;8963;1;0;0;870466;234843;38;0;0
FR;2;2021-04-11;7937;4263;1;0;0;878403;239106;39;0;0
FR;2;2021-04-12;17111;11234;0;0;0;895514;250340;39;0;0
FR;2;2021-04-13;19438;16407;1;0;0;914952;266747;40;0;0
FR;2;2021-04-14;18048;16261;7;0;0;933000;283008;47;0;0
FR;2;2021-04-15;22170;20742;26;0;0;955170;303750;73;0;0
FR;2;2021-04-16;20700;20038;45;0;0;975870;323788;118;0;0
FR;2;2021-04-17;13245;22433;5;0;0;989115;346221;123;0;0
FR;2;2021-04-18;5904;14387;5;0;0;995019;360608;128;0;0
FR;2;2021-04-19;16821;16229;24;0;0;1011840;376837;152;0;0
FR;2;2021-04-20;19308;21542;38;0;0;1031148;398379;190;0;0
FR;2;2021-04-21;20274;21640;76;0;0;1051422;420019;266;0;0
FR;2;2021-04-22;23796;24827;41;0;0;1075218;444846;307;0;0
FR;2;2021-04-23;24501;25319;76;0;0;1099719;470165;383;0;0
FR;2;2021-04-24;25294;15077;102;0;0;1125013;485242;485;0;0
FR;2;2021-04-25;9592;8586;5;0;0;1134605;493828;490;0;0
FR;2;2021-04-26;17141;17180;20;0;0;1151746;511008;510;0;0
FR;2;2021-04-27;19234;24273;40;0;0;1170980;535281;550;0;0
FR;2;2021-04-28;22325;26157;111;0;0;1193305;561438;661;0;0
FR;2;2021-04-29;25457;30099;69;0;0;1218762;591537;730;0;0
FR;2;2021-04-30;25525;27746;49;1;1;1244287;619283;779;1;1
FR;2;2021-05-01;14977;9855;6;0;0;1259264;629138;785;1;1
FR;2;2021-05-02;6634;9173;2;0;0;1265898;638311;787;1;1
FR;2;2021-05-03;20008;19297;40;0;0;1285906;657608;827;1;1
FR;2;2021-05-04;18276;29012;32;0;0;1304182;686620;859;1;1
FR;2;2021-05-05;18353;29363;46;0;0;1322535;715983;905;1;1
FR;2;2021-05-06;23525;35231;131;0;0;1346060;751214;1036;1;1
FR;2;2021-05-07;25315;33195;97;0;0;1371375;784409;1133;1;1
FR;2;2021-05-08;21330;9687;14;0;0;1392705;794096;1147;1;1
FR;2;2021-05-09;13156;7882;7;0;0;1405861;801978;1154;1;1
FR;2;2021-05-10;32928;22183;47;0;0;1438789;824161;1201;1;1
FR;2;2021-05-11;43582;21049;102;0;0;1482371;845210;1303;1;1
FR;2;2021-05-12;50028;19874;140;0;0;1532399;865084;1443;1;1
FR;2;2021-05-13;51278;5759;31;0;0;1583677;870843;1474;1;1
FR;2;2021-05-14;61330;12920;131;0;0;1645007;883763;1605;1;1
FR;2;2021-05-15;65913;7140;38;0;0;1710920;890903;1643;1;1
FR;2;2021-05-16;43576;2568;10;0;0;1754496;893471;1653;1;1
FR;2;2021-05-17;44733;12562;112;0;0;1799229;906033;1765;1;1
FR;2;2021-05-18;54628;12227;191;0;0;1853857;918260;1956;1;1
FR;2;2021-05-19;57154;10598;280;0;0;1911011;928858;2236;1;1
FR;2;2021-05-20;63420;10840;286;0;0;1974431;939698;2522;1;1
FR;2;2021-05-21;64273;11643;229;0;0;2038704;951341;2751;1;1
FR;2;2021-05-22;61470;4497;65;0;0;2100174;955838;2816;1;1
FR;2;2021-05-23;37524;568;22;0;0;2137698;956406;2838;1;1
FR;2;2021-05-24;17223;2021;33;0;0;2154921;958427;2871;1;1
FR;2;2021-05-25;21094;12228;238;0;0;2176015;970655;3109;1;1
FR;2;2021-05-26;19918;11439;227;0;0;2195933;982094;3336;1;1
FR;2;2021-05-27;22980;12645;181;0;0;2218913;994739;3517;1;1
FR;2;2021-05-28;29374;14948;190;0;0;2248287;1009687;3707;1;1
FR;2;2021-05-29;30407;8174;56;0;0;2278694;1017861;3763;1;1
FR;2;2021-05-30;4644;1809;6;0;0;2283338;1019670;3769;1;1
FR;2;2021-05-31;28576;18712;182;0;0;2311914;1038382;3951;1;1
FR;2;2021-06-01;45687;20029;220;0;0;2357601;1058411;4171;1;1
FR;2;2021-06-02;37461;19290;179;0;0;2395062;1077701;4350;1;1
FR;2;2021-06-03;51249;23350;159;0;0;2446311;1101051;4509;1;1
FR;2;2021-06-04;65494;24047;215;0;0;2511805;1125098;4724;1;1
FR;2;2021-06-05;34590;24019;51;0;0;2546395;1149117;4775;1;1
FR;2;2021-06-06;4943;6194;10;0;0;2551338;1155311;4785;1;1
FR;2;2021-06-07;28159;23054;145;0;0;2579497;1178365;4930;1;1
FR;2;2021-06-08;46358;22918;143;0;0;2625855;1201283;5073;1;1
FR;2;2021-06-09;34269;20905;107;0;0;2660124;1222188;5180;1;1
FR;2;2021-06-10;42623;19130;94;1;1;2702747;1241318;5274;2;2
FR;2;2021-06-11;55270;25213;133;0;0;2758017;1266531;5407;2;2
FR;2;2021-06-12;30554;19780;53;0;0;2788571;1286311;5460;2;2
FR;2;2021-06-13;3325;9179;13;0;0;2791896;1295490;5473;2;2
FR;2;2021-06-14;25291;24158;92;0;0;2817187;1319648;5565;2;2
FR;2;2021-06-15;39011;22852;154;0;0;2856198;1342500;5719;2;2
FR;2;2021-06-16;30151;21454;134;0;0;2886349;1363954;5853;2;2
FR;2;2021-06-17;36892;25864;149;0;0;2923241;1389818;6002;2;2
FR;2;2021-06-18;46834;28778;120;0;0;2970075;1418596;6122;2;2
FR;2;2021-06-19;24523;24883;39;0;0;2994598;1443479;6161;2;2
FR;2;2021-06-20;3735;10059;10;0;0;2998333;1453538;6171;2;2
FR;2;2021-06-21;17511;42824;87;0;0;3015844;1496362;6258;2;2
FR;2;2021-06-22;28353;49531;109;0;0;3044197;1545893;6367;2;2
FR;2;2021-06-23;21771;49565;105;1;1;3065968;1595458;6472;3;3
FR;2;2021-06-24;28361;50269;132;0;0;3094329;1645727;6604;3;3
FR;2;2021-06-25;33388;60364;125;0;0;3127717;1706091;6729;3;3
FR;2;2021-06-26;16364;59230;54;1;1;3144081;1765321;6783;4;4
FR;2;2021-06-27;2562;29321;22;0;0;3146643;1794642;6805;4;4
FR;2;2021-06-28;12621;54331;80;0;0;3159264;1848973;6885;4;4
FR;2;2021-06-29;19830;59863;178;0;0;3179094;1908836;7063;4;4
FR;2;2021-06-30;16310;57805;250;17;16;3195404;1966641;7313;21;20
FR;2;2021-07-01;20474;59866;226;0;0;3215878;2026507;7539;21;20
FR;2;2021-07-02;24062;62129;183;0;0;3239940;2088636;7722;21;20
FR;2;2021-07-03;12100;57072;153;0;0;3252040;2145708;7875;21;20
FR;2;2021-07-04;1953;23309;18;0;0;3253993;2169017;7893;21;20
FR;2;2021-07-05;9151;29350;106;0;0;3263144;2198367;7999;21;20
FR;2;2021-07-06;14561;36186;134;0;0;3277705;2234553;8133;21;20
FR;2;2021-07-07;14389;33655;138;0;0;3292094;2268208;8271;21;20
FR;2;2021-07-08;19701;40268;162;0;0;3311795;2308476;8433;21;20
FR;2;2021-07-09;27073;54244;201;1;1;3338868;2362720;8634;22;21
FR;2;2021-07-10;13371;33654;107;0;0;3352239;2396374;8741;22;21
FR;2;2021-07-11;1798;4336;16;0;0;3354037;2400710;8757;22;21
FR;2;2021-07-12;12953;37255;118;0;0;3366990;2437965;8875;22;21
FR;2;2021-07-13;37093;53232;150;0;0;3404083;2491197;9025;22;21
FR;2;2021-07-14;6585;3573;15;0;0;3410668;2494770;9040;22;21
FR;2;2021-07-15;47199;47016;156;0;0;3457867;2541786;9196;22;21
FR;2;2021-07-16;64293;55807;187;0;0;3522160;2597593;9383;22;21
FR;2;2021-07-17;31577;23936;96;0;0;3553737;2621529;9479;22;21
FR;2;2021-07-18;6080;4907;19;0;0;3559817;2626436;9498;22;21
FR;2;2021-07-19;32968;28690;92;0;0;3592785;2655126;9590;22;21
FR;2;2021-07-20;51969;44555;155;0;0;3644754;2699681;9745;22;21
FR;2;2021-07-21;45230;34773;93;0;0;3689984;2734454;9838;22;21
FR;2;2021-07-22;56253;41097;128;1;1;3746237;2775551;9966;23;22
FR;2;2021-07-23;68259;49089;170;0;0;3814496;2824640;10136;23;22
FR;2;2021-07-24;36146;21573;82;0;0;3850642;2846213;10218;23;22
FR;2;2021-07-25;6726;2675;10;0;0;3857368;2848888;10228;23;22
FR;2;2021-07-26;36272;22468;91;1;1;3893640;2871356;10319;24;23
FR;2;2021-07-27;62328;34617;180;0;0;3955968;2905973;10499;24;23
FR;2;2021-07-28;55261;26463;133;0;0;4011229;2932436;10632;24;23
FR;2;2021-07-29;68402;32761;189;0;0;4079631;2965197;10821;24;23
FR;2;2021-07-30;74377;37765;222;1;1;4154008;3002962;11043;25;24
FR;2;2021-07-31;34724;16173;104;0;0;4188732;3019135;11147;25;24
FR;2;2021-08-01;5372;2289;19;0;0;4194104;3021424;11166;25;24
FR;2;2021-08-02;35825;16183;101;0;0;4229929;3037607;11267;25;24
FR;2;2021-08-03;55926;28264;141;0;0;4285855;3065871;11408;25;24
FR;2;2021-08-04;46645;20852;129;0;0;4332500;3086723;11537;25;24
FR;2;2021-08-05;54610;31568;214;0;0;4387110;3118291;11751;25;24
FR;2;2021-08-06;58043;42358;242;1;0;4445153;3160649;11993;26;24
FR;2;2021-08-07;25114;17592;89;0;0;4470267;3178241;12082;26;24
FR;2;2021-08-08;3823;3659;21;0;0;4474090;3181900;12103;26;24
FR;2;2021-08-09;29271;21134;91;0;0;4503361;3203034;12194;26;24
FR;2;2021-08-10;44962;33503;152;0;0;4548323;3236537;12346;26;24
FR;2;2021-08-11;35236;25150;150;0;0;4583559;3261687;12496;26;24
FR;2;2021-08-12;41860;35712;162;0;0;4625419;3297399;12658;26;24
FR;2;2021-08-13;42571;36866;218;0;0;4667990;3334265;12876;26;24
FR;2;2021-08-14;18493;22312;92;0;0;4686483;3356577;12968;26;24
FR;2;2021-08-15;3678;3820;17;0;0;4690161;3360397;12985;26;24
FR;2;2021-08-16;25061;27244;110;0;0;4715222;3387641;13095;26;24
FR;2;2021-08-17;38234;43475;203;1;1;4753456;3431116;13298;27;25
FR;2;2021-08-18;32224;36372;191;1;1;4785680;3467488;13489;28;26
FR;2;2021-08-19;37405;46580;223;0;0;4823085;3514068;13712;28;26
FR;2;2021-08-20;40541;55533;266;1;1;4863626;3569601;13978;29;27
FR;2;2021-08-21;18109;24280;113;0;0;4881735;3593881;14091;29;27
FR;2;2021-08-22;2899;4310;22;1;1;4884634;3598191;14113;30;28
FR;2;2021-08-23;19227;35120;131;1;1;4903861;3633311;14244;31;29
FR;2;2021-08-24;31913;56008;234;0;0;4935774;3689319;14478;31;29
FR;2;2021-08-25;25907;43411;247;0;0;4961681;3732730;14725;31;29
FR;2;2021-08-26;32332;55739;386;0;0;4994013;3788469;15111;31;29
FR;2;2021-08-27;36983;65497;478;3;3;5030996;3853966;15589;34;32
FR;2;2021-08-28;17799;28416;300;0;0;5048795;3882382;15889;34;32
FR;2;2021-08-29;2649;5052;47;0;0;5051444;3887434;15936;34;32
FR;2;2021-08-30;18397;37733;397;0;760;5069841;3925167;16333;34;792
FR;2;2021-08-31;28058;57495;881;4;1528;5097899;3982662;17214;38;2320
FR;2;2021-09-01;21577;39799;1302;0;2077;5119476;4022461;18516;38;4397
FR;2;2021-09-02;25459;48557;1955;1;3261;5144935;4071018;20471;39;7658
FR;2;2021-09-03;33393;64394;2983;3;4791;5178328;4135412;23454;42;12449
FR;2;2021-09-04;16813;27638;1439;1;2339;5195141;4163050;24893;43;14788
FR;2;2021-09-05;2254;3646;261;0;412;5197395;4166696;25154;43;15200
FR;2;2021-09-06;14018;28707;1767;1;2919;5211413;4195403;26921;44;18119
FR;2;2021-09-07;21082;41007;3019;13;4834;5232495;4236410;29940;57;22953
FR;2;2021-09-08;17224;31905;2729;6;4424;5249719;4268315;32669;63;27377
FR;2;2021-09-09;20959;40400;4424;3;6703;5270678;4308715;37093;66;34080
FR;2;2021-09-10;28178;51040;5274;4;8750;5298856;4359755;42367;70;42830
FR;2;2021-09-11;13642;22213;2401;5;3906;5312498;4381968;44768;75;46736
FR;2;2021-09-12;1818;2804;281;0;493;5314316;4384772;45049;75;47229
FR;2;2021-09-13;11643;21450;2459;4;3981;5325959;4406222;47508;79;51210
FR;2;2021-09-14;18550;32758;5078;13;8997;5344509;4438980;52586;92;60207
FR;2;2021-09-15;14894;28291;5164;3;7791;5359403;4467271;57750;95;67998
FR;2;2021-09-16;16059;32737;6730;14;10509;5375462;4500008;64480;109;78507
FR;2;2021-09-17;20902;47017;8770;10;14556;5396364;4547025;73250;119;93063
FR;2;2021-09-18;9850;20911;3800;6;6023;5406214;4567936;77050;125;99086
FR;2;2021-09-19;1165;2663;395;0;649;5407379;4570599;77445;125;99735
FR;2;2021-09-20;7479;18810;3843;7;6148;5414858;4589409;81288;132;105883
FR;2;2021-09-21;11200;30016;6489;5;10739;5426058;4619425;87777;137;116622
FR;2;2021-09-22;9400;23532;5487;7;8512;5435458;4642957;93264;144;125134
FR;2;2021-09-23;10707;28850;7873;9;12610;5446165;4671807;101137;153;137744
FR;2;2021-09-24;15053;42782;10860;18;17148;5461218;4714589;111997;171;154892
FR;2;2021-09-25;7252;18670;3958;10;6066;5468470;4733259;115955;181;160958
FR;2;2021-09-26;1077;2554;494;0;624;5469547;4735813;116449;181;161582
FR;2;2021-09-27;6307;16430;4280;6;6550;5475854;4752243;120729;187;168132
FR;2;2021-09-28;9236;25518;7754;13;12049;5485090;4777761;128483;200;180181
FR;2;2021-09-29;8064;20187;6061;24;9259;5493154;4797948;134544;224;189440
FR;2;2021-09-30;9859;25745;9492;15;14076;5503013;4823693;144036;239;203516
FR;2;2021-10-01;13956;35552;12900;25;19199;5516969;4859245;156936;264;222715
FR;2;2021-10-02;6865;15845;4845;6;6998;5523834;4875090;161781;270;229713
FR;2;2021-10-03;838;1984;491;1;521;5524672;4877074;162272;271;230234
FR;2;2021-10-04;5808;13919;5511;5;7857;5530480;4890993;167783;276;238091
FR;2;2021-10-05;9045;22517;11117;19;15702;5539525;4913510;178900;295;253793
FR;2;2021-10-06;7762;17744;8231;11;11057;5547287;4931254;187131;306;264850
FR;2;2021-10-07;9191;22167;12366;15;16819;5556478;4953421;199497;321;281669
FR;2;2021-10-08;13418;31972;17332;27;23488;5569896;4985393;216829;348;305157
FR;2;2021-10-09;5989;12770;6036;6;7850;5575885;4998163;222865;354;313007
FR;2;2021-10-10;883;1648;434;2;630;5576768;4999811;223299;356;313637
FR;2;2021-10-11;5596;11617;6452;17;8844;5582364;5011428;229751;373;322481
FR;2;2021-10-12;8031;17740;12524;13;16711;5590395;5029168;242275;386;339192
FR;2;2021-10-13;6933;14856;10242;11;13602;5597328;5044024;252517;397;352794
FR;2;2021-10-14;8310;17916;14980;13;19437;5605638;5061940;267497;410;372231
FR;2;2021-10-15;11838;26210;20892;26;27904;5617476;5088150;288389;436;400135
FR;2;2021-10-16;5139;8713;1814;0;3210;5622615;5096863;290203;436;403345
FR;2;2021-10-17;649;1203;183;0;380;5623264;5098066;290386;436;403725
FR;2;2021-10-18;4554;7468;658;2;1682;5627818;5105534;291044;438;405407
FR;2;2021-10-19;6232;9924;725;5;2072;5634050;5115458;291769;443;407479
FR;2;2021-10-20;5160;8105;754;3;1675;5639210;5123563;292523;446;409154
FR;2;2021-10-21;6083;9950;772;5;2081;5645293;5133513;293295;451;411235
FR;2;2021-10-22;8441;14499;1132;4;2841;5653734;5148012;294427;455;414076
FR;2;2021-10-23;3837;5982;577;0;1233;5657571;5153994;295004;455;415309
FR;2;2021-10-24;492;889;98;0;201;5658063;5154883;295102;455;415510
FR;2;2021-10-25;3356;5395;289;1;818;5661419;5160278;295391;456;416328
FR;2;2021-10-26;4168;7236;1107;4;1977;5665587;5167514;296498;460;418305
FR;2;2021-10-27;3667;6627;1186;5;1996;5669254;5174141;297684;465;420301
FR;2;2021-10-28;4591;7670;1718;3;2725;5673845;5181811;299402;468;423026
FR;2;2021-10-29;5401;11031;2425;4;3640;5679246;5192842;301827;472;426666
FR;2;2021-10-30;2743;4406;970;1;1426;5681989;5197248;302797;473;428092
FR;2;2021-10-31;364;555;137;1;186;5682353;5197803;302934;474;428278
FR;2;2021-11-01;410;556;165;0;255;5682763;5198359;303099;474;428533
FR;2;2021-11-02;3286;6767;1173;0;1750;5686049;5205126;304272;474;430283
FR;2;2021-11-03;3331;6237;1373;2;1950;5689380;5211363;305645;476;432233
FR;2;2021-11-04;3979;7117;1752;4;2481;5693359;5218480;307397;480;434714
FR;2;2021-11-05;5217;10455;2856;5;3925;5698576;5228935;310253;485;438639
FR;2;2021-11-06;2588;4614;1392;0;1794;5701164;5233549;311645;485;440433
FR;2;2021-11-07;505;889;213;0;280;5701669;5234438;311858;485;440713
FR;2;2021-11-08;2568;5362;1194;3;1668;5704237;5239800;313052;488;442381
FR;2;2021-11-09;2746;6962;2382;6;3170;5706983;5246762;315434;494;445551
FR;2;2021-11-10;2579;5702;5074;6;6240;5709562;5252464;320508;500;451791
FR;2;2021-11-11;431;740;727;0;898;5709993;5253204;321235;500;452689
FR;2;2021-11-12;2948;8058;8950;8;10856;5712941;5261262;330185;508;463545
FR;2;2021-11-13;1526;3326;3859;7;4510;5714467;5264588;334044;515;468055
FR;2;2021-11-14;253;630;344;1;494;5714720;5265218;334388;516;468549
FR;2;2021-11-15;1618;3746;4422;9;5318;5716338;5268964;338810;525;473867
FR;2;2021-11-16;2179;5976;8278;14;10056;5718517;5274940;347088;539;483923
FR;2;2021-11-17;1729;4581;6604;8;7831;5720246;5279521;353692;547;491754
FR;2;2021-11-18;2186;5923;9161;11;10965;5722432;5285444;362853;558;502719
FR;2;2021-11-19;2700;7788;12944;19;15440;5725132;5293232;375797;577;518159
FR;2;2021-11-20;1563;3299;5159;5;6052;5726695;5296531;380956;582;524211
FR;2;2021-11-21;244;537;533;0;667;5726939;5297068;381489;582;524878
FR;2;2021-11-22;1273;2650;4462;5;5394;5728212;5299718;385951;587;530272
FR;2;2021-11-23;1608;4329;8179;9;9884;5729820;5304047;394130;596;540156
FR;2;2021-11-24;1422;3815;7448;15;8706;5731242;5307862;401578;611;548862
FR;2;2021-11-25;1813;4881;11436;21;13629;5733055;5312743;413014;632;562491
FR;2;2021-11-26;2531;7768;22630;31;26053;5735586;5320511;435644;663;588544
FR;2;2021-11-27;1496;4118;12250;18;13983;5737082;5324629;447894;681;602527
FR;2;2021-11-28;293;848;1961;3;2293;5737375;5325477;449855;684;604820
FR;2;2021-11-29;1444;4380;15060;23;17225;5738819;5329857;464915;707;622045
FR;2;2021-11-30;1907;6768;26210;36;29962;5740726;5336625;491125;743;652007
FR;2;2021-12-01;1906;6095;26157;29;29469;5742632;5342720;517282;772;681476
FR;2;2021-12-02;1911;6822;37664;52;41904;5744543;5349542;554946;824;723380
FR;2;2021-12-03;2546;10083;53567;112;59310;5747089;5359625;608513;936;782690
FR;2;2021-12-04;1844;6249;37071;38;40730;5748933;5365874;645584;974;823420
FR;2;2021-12-05;457;2303;14245;13;15993;5749390;5368177;659829;987;839413
FR;2;2021-12-06;2453;9880;77659;109;84733;5751843;5378057;737488;1096;924146
FR;2;2021-12-07;3440;15323;122380;238;133686;5755283;5393380;859868;1334;1057832
FR;2;2021-12-08;3718;16062;133139;329;145389;5759001;5409442;993007;1663;1203221
FR;2;2021-12-09;4544;19587;170086;554;185551;5763545;5429029;1163093;2217;1388772
FR;2;2021-12-10;4661;22794;188569;489;206063;5768206;5451823;1351662;2706;1594835
FR;2;2021-12-11;3683;16589;132407;237;144842;5771889;5468412;1484069;2943;1739677
FR;2;2021-12-12;1259;7152;59065;83;65156;5773148;5475564;1543134;3026;1804833
FR;2;2021-12-13;5520;26889;220608;604;243030;5778668;5502453;1763742;3630;2047863
FR;2;2021-12-14;7016;37490;300662;906;332244;5785684;5539943;2064404;4536;2380107
FR;2;2021-12-15;6563;36248;285118;955;315929;5792247;5576191;2349522;5491;2696036
FR;2;2021-12-16;7771;37923;312049;981;343795;5800018;5614114;2661571;6472;3039831
FR;2;2021-12-17;8691;41195;327774;975;360982;5808709;5655309;2989345;7447;3400813
FR;2;2021-12-18;6519;26552;212288;448;233655;5815228;5681861;3201633;7895;3634468
FR;2;2021-12-19;2602;11531;90193;180;100433;5817830;5693392;3291826;8075;3734901
FR;2;2021-12-20;9558;33614;275096;705;303397;5827388;5727006;3566922;8780;4038298
FR;2;2021-12-21;11550;38286;309530;969;341453;5838938;5765292;3876452;9749;4379751
FR;2;2021-12-22;10456;32886;265032;951;292608;5849394;5798178;4141484;10700;4672359
FR;2;2021-12-23;9426;26700;199421;700;221324;5858820;5824878;4340905;11400;4893683
FR;2;2021-12-24;2782;7507;43828;140;49593;5861602;5832385;4384733;11540;4943276
FR;2;2021-12-25;201;712;1999;10;2503;5861803;5833097;4386732;11550;4945779
FR;2;2021-12-26;1322;4206;25137;71;28680;5863125;5837303;4411869;11621;4974459
FR;2;2021-12-27;8076;29924;218347;657;243375;5871201;5867227;4630216;12278;5217834
FR;2;2021-12-28;9846;36355;272017;741;302029;5881047;5903582;4902233;13019;5519863
FR;2;2021-12-29;9495;32287;246054;766;272743;5890542;5935869;5148287;13785;5792606
FR;2;2021-12-30;9451;28116;208770;662;231507;5899993;5963985;5357057;14447;6024113
FR;2;2021-12-31;3007;8400;54962;177;61265;5903000;5972385;5412019;14624;6085378
FR;2;2022-01-01;226;687;2847;7;3338;5903226;5973072;5414866;14631;6088716
FR;2;2022-01-02;1507;4853;29498;74;33394;5904733;5977925;5444364;14705;6122110
FR;2;2022-01-03;9579;35330;266472;807;293905;5914312;6013255;5710836;15512;6416015
FR;2;2022-01-04;12841;45349;342014;1066;377052;5927153;6058604;6052850;16578;6793067
FR;2;2022-01-05;11273;38663;294103;884;323914;5938426;6097267;6346953;17462;7116981
FR;2;2022-01-06;13651;43445;331862;1296;364783;5952077;6140712;6678815;18758;7481764
FR;2;2022-01-07;14229;47614;361009;1269;396505;5966306;6188326;7039824;20027;7878269
FR;2;2022-01-08;7939;28141;201196;514;221692;5974245;6216467;7241020;20541;8099961
FR;2;2022-01-09;2751;9029;62501;137;69537;5976996;6225496;7303521;20678;8169498
FR;2;2022-01-10;10081;31916;232419;857;255108;5987077;6257412;7535940;21535;8424606
FR;2;2022-01-11;11459;36242;265839;1027;290690;5998536;6293654;7801779;22562;8715296
FR;2;2022-01-12;8755;29839;206259;861;226342;6007291;6323493;8008038;23423;8941638
FR;2;2022-01-13;9378;31319;224420;829;244898;6016669;6354812;8232458;24252;9186536
FR;2;2022-01-14;9740;35687;254474;918;277814;6026409;6390499;8486932;25170;9464350
FR;2;2022-01-15;5354;19440;140740;358;153640;6031763;6409939;8627672;25528;9617990
FR;2;2022-01-16;1512;5554;35858;79;39856;6033275;6415493;8663530;25607;9657846
FR;2;2022-01-17;5545;19324;135390;601;147350;6038820;6434817;8798920;26208;9805196
FR;2;2022-01-18;6413;21553;148581;647;160540;6045233;6456370;8947501;26855;9965736
FR;2;2022-01-19;4382;16417;105061;551;113744;6049615;6472787;9052562;27406;10079480
FR;2;2022-01-20;4861;17593;115259;598;123734;6054476;6490380;9167821;28004;10203214
FR;2;2022-01-21;5187;20068;137309;677;147817;6059663;6510448;9305130;28681;10351031
FR;2;2022-01-22;3025;10968;74213;259;80321;6062688;6521416;9379343;28940;10431352
FR;2;2022-01-23;719;2754;15225;41;16836;6063407;6524170;9394568;28981;10448188
FR;2;2022-01-24;3290;12832;75066;427;81060;6066697;6537002;9469634;29408;10529248
FR;2;2022-01-25;3568;14465;79603;495;85517;6070265;6551467;9549237;29903;10614765
FR;2;2022-01-26;2509;10663;58956;363;63062;6072774;6562130;9608193;30266;10677827
FR;2;2022-01-27;2672;11215;64131;385;67923;6075446;6573345;9672324;30651;10745750
FR;2;2022-01-28;3535;18439;91741;430;99066;6078981;6591784;9764065;31081;10844816
FR;2;2022-01-29;1892;9274;48818;162;52920;6080873;6601058;9812883;31243;10897736
FR;2;2022-01-30;464;2256;9445;37;10605;6081337;6603314;9822328;31280;10908341
FR;2;2022-01-31;1878;9612;43795;208;47328;6083215;6612926;9866123;31488;10955669
FR;2;2022-02-01;1891;10049;46984;277;50068;6085106;6622975;9913107;31765;11005737
FR;2;2022-02-02;1604;9033;41056;249;44122;6086710;6632008;9954163;32014;11049859
FR;2;2022-02-03;1711;8936;40456;203;42852;6088421;6640944;9994619;32217;11092711
FR;2;2022-02-04;2139;15216;66551;295;71271;6090560;6656160;10061170;32512;11163982
FR;2;2022-02-05;1352;8550;35895;131;39201;6091912;6664710;10097065;32643;11203183
FR;2;2022-02-06;271;1792;6116;16;6890;6092183;6666502;10103181;32659;11210073
FR;2;2022-02-07;1331;9613;37688;133;41251;6093514;6676115;10140869;32792;11251324
FR;2;2022-02-08;1281;9786;40883;172;43657;6094795;6685901;10181752;32964;11294981
FR;2;2022-02-09;1157;8784;36977;173;40374;6095952;6694685;10218729;33137;11335355
FR;2;2022-02-10;1005;7947;33756;202;36418;6096957;6702632;10252485;33339;11371773
FR;2;2022-02-11;1374;12063;53247;222;57595;6098331;6714695;10305732;33561;11429368
FR;2;2022-02-12;747;6504;27923;83;30737;6099078;6721199;10333655;33644;11460105
FR;2;2022-02-13;200;1329;4815;20;5553;6099278;6722528;10338470;33664;11465658
FR;2;2022-02-14;821;6692;30144;89;33102;6100099;6729220;10368614;33753;11498760
FR;2;2022-02-15;759;6421;27940;140;29883;6100858;6735641;10396554;33893;11528643
FR;2;2022-02-16;644;5312;21887;122;23434;6101502;6740953;10418441;34015;11552077
FR;2;2022-02-17;504;3726;14009;97;14470;6102006;6744679;10432450;34112;11566547
FR;2;2022-02-18;715;5290;20188;133;20859;6102721;6749969;10452638;34245;11587406
FR;2;2022-02-19;425;2997;10433;65;11134;6103146;6752966;10463071;34310;11598540
FR;2;2022-02-20;101;493;1433;3;1573;6103247;6753459;10464504;34313;11600113
FR;2;2022-02-21;412;2621;8896;65;9261;6103659;6756080;10473400;34378;11609374
FR;2;2022-02-22;383;2537;8737;74;8640;6104042;6758617;10482137;34452;11618014
FR;2;2022-02-23;424;2563;8833;76;9127;6104466;6761180;10490970;34528;11627141
FR;2;2022-02-24;290;1935;6554;70;6572;6104756;6763115;10497524;34598;11633713
FR;3;2020-12-27;0;0;0;0;0;0;0;0;0;0
FR;3;2020-12-28;0;0;0;0;0;0;0;0;0;0
FR;3;2020-12-29;0;0;0;0;0;0;0;0;0;0
FR;3;2020-12-30;0;0;0;0;0;0;0;0;0;0
FR;3;2020-12-31;0;0;0;0;0;0;0;0;0;0
FR;3;2021-01-01;0;0;0;0;0;0;0;0;0;0
FR;3;2021-01-02;0;0;0;0;0;0;0;0;0;0
FR;3;2021-01-03;0;0;0;0;0;0;0;0;0;0
FR;3;2021-01-04;0;0;0;0;0;0;0;0;0;0
FR;3;2021-01-05;0;0;0;0;0;0;0;0;0;0
FR;3;2021-01-06;0;0;0;0;0;0;0;0;0;0
FR;3;2021-01-07;0;0;0;0;0;0;0;0;0;0
FR;3;2021-01-08;0;0;0;0;0;0;0;0;0;0
FR;3;2021-01-09;0;0;0;0;0;0;0;0;0;0
FR;3;2021-01-10;0;0;0;0;0;0;0;0;0;0
FR;3;2021-01-11;0;0;0;0;0;0;0;0;0;0
FR;3;2021-01-12;0;0;0;0;0;0;0;0;0;0
FR;3;2021-01-13;0;0;0;0;0;0;0;0;0;0
FR;3;2021-01-14;0;0;0;0;0;0;0;0;0;0
FR;3;2021-01-15;0;0;0;0;0;0;0;0;0;0
FR;3;2021-01-16;0;0;0;0;0;0;0;0;0;0
FR;3;2021-01-17;0;0;0;0;0;0;0;0;0;0
FR;3;2021-01-18;0;0;0;0;0;0;0;0;0;0
FR;3;2021-01-19;0;0;0;0;0;0;0;0;0;0
FR;3;2021-01-20;0;0;0;0;0;0;0;0;0;0
FR;3;2021-01-21;0;0;0;0;0;0;0;0;0;0
FR;3;2021-01-22;0;0;0;0;0;0;0;0;0;0
FR;3;2021-01-23;0;0;0;0;0;0;0;0;0;0
FR;3;2021-01-24;0;0;0;0;0;0;0;0;0;0
FR;3;2021-01-25;0;0;0;0;0;0;0;0;0;0
FR;3;2021-01-26;0;0;0;0;0;0;0;0;0;0
FR;3;2021-01-27;0;0;0;0;0;0;0;0;0;0
FR;3;2021-01-28;0;0;0;0;0;0;0;0;0;0
FR;3;2021-01-29;0;0;0;0;0;0;0;0;0;0
FR;3;2021-01-30;0;0;0;0;0;0;0;0;0;0
FR;3;2021-01-31;0;0;0;0;0;0;0;0;0;0
FR;3;2021-02-01;0;0;0;0;0;0;0;0;0;0
FR;3;2021-02-02;0;0;0;0;0;0;0;0;0;0
FR;3;2021-02-03;0;0;0;0;0;0;0;0;0;0
FR;3;2021-02-04;0;0;0;0;0;0;0;0;0;0
FR;3;2021-02-05;0;0;0;0;0;0;0;0;0;0
FR;3;2021-02-06;1707;0;0;0;0;1707;0;0;0;0
FR;3;2021-02-07;1420;0;0;0;0;3127;0;0;0;0
FR;3;2021-02-08;2775;0;0;0;0;5902;0;0;0;0
FR;3;2021-02-09;6777;0;0;0;0;12679;0;0;0;0
FR;3;2021-02-10;9597;0;0;0;0;22276;0;0;0;0
FR;3;2021-02-11;13603;0;0;0;0;35879;0;0;0;0
FR;3;2021-02-12;13388;0;0;0;0;49267;0;0;0;0
FR;3;2021-02-13;3770;0;0;0;0;53037;0;0;0;0
FR;3;2021-02-14;972;0;0;0;0;54009;0;0;0;0
FR;3;2021-02-15;10469;0;0;0;0;64478;0;0;0;0
FR;3;2021-02-16;12538;0;0;0;0;77016;0;0;0;0
FR;3;2021-02-17;11140;0;0;0;0;88156;0;0;0;0
FR;3;2021-02-18;14930;0;0;0;0;103086;0;0;0;0
FR;3;2021-02-19;14352;0;0;0;0;117438;0;0;0;0
FR;3;2021-02-20;3330;0;0;0;0;120768;0;0;0;0
FR;3;2021-02-21;616;0;0;0;0;121384;0;0;0;0
FR;3;2021-02-22;9155;0;0;0;0;130539;0;0;0;0
FR;3;2021-02-23;11388;1;0;0;0;141927;1;0;0;0
FR;3;2021-02-24;14296;0;0;0;0;156223;1;0;0;0
FR;3;2021-02-25;44923;0;0;0;0;201146;1;0;0;0
FR;3;2021-02-26;61878;0;0;0;0;263024;1;0;0;0
FR;3;2021-02-27;34799;5;0;0;0;297823;6;0;0;0
FR;3;2021-02-28;2462;0;0;0;0;300285;6;0;0;0
FR;3;2021-03-01;20492;9;0;0;0;320777;15;0;0;0
FR;3;2021-03-02;38855;15;0;0;0;359632;30;0;0;0
FR;3;2021-03-03;48720;14;0;0;0;408352;44;0;0;0
FR;3;2021-03-04;82209;18;0;0;0;490561;62;0;0;0
FR;3;2021-03-05;118111;35;0;0;0;608672;97;0;0;0
FR;3;2021-03-06;120705;47;1;0;0;729377;144;1;0;0
FR;3;2021-03-07;55174;26;0;0;0;784551;170;1;0;0
FR;3;2021-03-08;42800;20;0;0;0;827351;190;1;0;0
FR;3;2021-03-09;78964;33;0;0;0;906315;223;1;0;0
FR;3;2021-03-10;80954;40;0;0;0;987269;263;1;0;0
FR;3;2021-03-11;128402;44;0;0;0;1115671;307;1;0;0
FR;3;2021-03-12;182712;72;0;0;0;1298383;379;1;0;0
FR;3;2021-03-13;132140;49;0;0;0;1430523;428;1;0;0
FR;3;2021-03-14;14054;4;0;0;0;1444577;432;1;0;0
FR;3;2021-03-15;52205;36;0;0;0;1496782;468;1;0;0
FR;3;2021-03-16;1204;15;0;0;0;1497986;483;1;0;0
FR;3;2021-03-17;938;11;0;0;0;1498924;494;1;0;0
FR;3;2021-03-18;1556;6;0;0;0;1500480;500;1;0;0
FR;3;2021-03-19;70439;38;0;0;0;1570919;538;1;0;0
FR;3;2021-03-20;65218;38;0;0;0;1636137;576;1;0;0
FR;3;2021-03-21;5752;4;0;0;0;1641889;580;1;0;0
FR;3;2021-03-22;37488;33;0;0;0;1679377;613;1;0;0
FR;3;2021-03-23;84638;52;0;0;0;1764015;665;1;0;0
FR;3;2021-03-24;90919;86;0;0;0;1854934;751;1;0;0
FR;3;2021-03-25;150034;116;0;0;0;2004968;867;1;0;0
FR;3;2021-03-26;165401;149;0;0;0;2170369;1016;1;0;0
FR;3;2021-03-27;68452;92;0;0;0;2238821;1108;1;0;0
FR;3;2021-03-28;6468;19;0;0;0;2245289;1127;1;0;0
FR;3;2021-03-29;54145;62;0;0;0;2299434;1189;1;0;0
FR;3;2021-03-30;93151;91;0;0;0;2392585;1280;1;0;0
FR;3;2021-03-31;63513;84;0;0;0;2456098;1364;1;0;0
FR;3;2021-04-01;86113;95;0;0;0;2542211;1459;1;0;0
FR;3;2021-04-02;86882;144;0;0;0;2629093;1603;1;0;0
FR;3;2021-04-03;35862;110;0;0;0;2664955;1713;1;0;0
FR;3;2021-04-04;3569;14;0;0;0;2668524;1727;1;0;0
FR;3;2021-04-05;4479;22;0;0;0;2673003;1749;1;0;0
FR;3;2021-04-06;29731;76;0;0;0;2702734;1825;1;0;0
FR;3;2021-04-07;32328;68;0;0;0;2735062;1893;1;0;0
FR;3;2021-04-08;78802;231;0;0;0;2813864;2124;1;0;0
FR;3;2021-04-09;161730;409;0;0;0;2975594;2533;1;0;0
FR;3;2021-04-10;75745;327;0;0;0;3051339;2860;1;0;0
FR;3;2021-04-11;7302;43;0;0;0;3058641;2903;1;0;0
FR;3;2021-04-12;51464;199;0;0;0;3110105;3102;1;0;0
FR;3;2021-04-13;86215;309;0;0;0;3196320;3411;1;0;0
FR;3;2021-04-14;67828;336;0;0;0;3264148;3747;1;0;0
FR;3;2021-04-15;93220;364;0;0;0;3357368;4111;1;0;0
FR;3;2021-04-16;112509;561;0;0;0;3469877;4672;1;0;0
FR;3;2021-04-17;53308;315;1;0;0;3523185;4987;2;0;0
FR;3;2021-04-18;9739;32;0;0;0;3532924;5019;2;0;0
FR;3;2021-04-19;25100;228;0;0;0;3558024;5247;2;0;0
FR;3;2021-04-20;45660;387;0;0;0;3603684;5634;2;0;0
FR;3;2021-04-21;38956;444;0;0;0;3642640;6078;2;0;0
FR;3;2021-04-22;54694;774;0;0;0;3697334;6852;2;0;0
FR;3;2021-04-23;70471;1007;0;0;0;3767805;7859;2;0;0
FR;3;2021-04-24;37235;968;0;0;0;3805040;8827;2;0;0
FR;3;2021-04-25;6198;155;0;0;0;3811238;8982;2;0;0
FR;3;2021-04-26;19778;644;0;0;0;3831016;9626;2;0;0
FR;3;2021-04-27;34464;1243;0;0;0;3865480;10869;2;0;0
FR;3;2021-04-28;28949;1921;0;0;0;3894429;12790;2;0;0
FR;3;2021-04-29;45367;5941;0;0;0;3939796;18731;2;0;0
FR;3;2021-04-30;55454;8906;1;0;0;3995250;27637;3;0;0
FR;3;2021-05-01;9505;1962;0;0;0;4004755;29599;3;0;0
FR;3;2021-05-02;3066;494;0;0;0;4007821;30093;3;0;0
FR;3;2021-05-03;13049;3880;0;0;0;4020870;33973;3;0;0
FR;3;2021-05-04;23100;8392;0;0;0;4043970;42365;3;0;0
FR;3;2021-05-05;18739;10561;0;0;0;4062709;52926;3;0;0
FR;3;2021-05-06;34607;20861;0;0;0;4097316;73787;3;0;0
FR;3;2021-05-07;44196;28354;0;0;0;4141512;102141;3;0;0
FR;3;2021-05-08;6774;8837;0;0;0;4148286;110978;3;0;0
FR;3;2021-05-09;1786;2648;0;0;0;4150072;113626;3;0;0
FR;3;2021-05-10;14976;12537;0;0;0;4165048;126163;3;0;0
FR;3;2021-05-11;27079;25687;0;0;0;4192127;151850;3;0;0
FR;3;2021-05-12;17258;27415;0;0;0;4209385;179265;3;0;0
FR;3;2021-05-13;2271;3480;0;0;0;4211656;182745;3;0;0
FR;3;2021-05-14;14507;25697;0;0;0;4226163;208442;3;0;0
FR;3;2021-05-15;7223;20714;0;0;0;4233386;229156;3;0;0
FR;3;2021-05-16;969;2672;0;0;0;4234355;231828;3;0;0
FR;3;2021-05-17;7946;19879;0;0;0;4242301;251707;3;0;0
FR;3;2021-05-18;13393;29605;0;0;0;4255694;281312;3;0;0
FR;3;2021-05-19;9247;31811;0;0;0;4264941;313123;3;0;0
FR;3;2021-05-20;12791;53150;3;0;0;4277732;366273;6;0;0
FR;3;2021-05-21;12749;65444;2;0;0;4290481;431717;8;0;0
FR;3;2021-05-22;4956;33256;1;0;0;4295437;464973;9;0;0
FR;3;2021-05-23;645;2663;0;0;0;4296082;467636;9;0;0
FR;3;2021-05-24;867;4913;0;0;0;4296949;472549;9;0;0
FR;3;2021-05-25;5284;45126;1;0;0;4302233;517675;10;0;0
FR;3;2021-05-26;4956;50989;1;0;0;4307189;568664;11;0;0
FR;3;2021-05-27;6311;77732;3;0;0;4313500;646396;14;0;0
FR;3;2021-05-28;7535;98997;2;0;0;4321035;745393;16;0;0
FR;3;2021-05-29;3339;60218;1;0;0;4324374;805611;17;0;0
FR;3;2021-05-30;540;8233;0;0;0;4324914;813844;17;0;0
FR;3;2021-05-31;2420;35939;3;0;0;4327334;849783;20;0;0
FR;3;2021-06-01;3377;64741;10;0;0;4330711;914524;30;0;0
FR;3;2021-06-02;2711;58271;6;0;0;4333422;972795;36;0;0
FR;3;2021-06-03;3485;87479;10;0;0;4336907;1060274;46;0;0
FR;3;2021-06-04;4092;105011;22;0;0;4340999;1165285;68;0;0
FR;3;2021-06-05;1953;52200;4;0;0;4342952;1217485;72;0;0
FR;3;2021-06-06;498;5399;1;0;0;4343450;1222884;73;0;0
FR;3;2021-06-07;1448;31140;11;0;0;4344898;1254024;84;0;0
FR;3;2021-06-08;2030;47219;18;0;0;4346928;1301243;102;0;0
FR;3;2021-06-09;1776;42357;13;0;0;4348704;1343600;115;0;0
FR;3;2021-06-10;2233;67914;17;0;0;4350937;1411514;132;0;0
FR;3;2021-06-11;2462;96696;34;0;0;4353399;1508210;166;0;0
FR;3;2021-06-12;1163;40803;6;0;0;4354562;1549013;172;0;0
FR;3;2021-06-13;269;3822;3;0;0;4354831;1552835;175;0;0
FR;3;2021-06-14;1032;42617;17;0;0;4355863;1595452;192;0;0
FR;3;2021-06-15;1360;80608;20;0;0;4357223;1676060;212;0;0
FR;3;2021-06-16;1240;65716;19;0;0;4358463;1741776;231;0;0
FR;3;2021-06-17;1646;101742;41;0;0;4360109;1843518;272;0;0
FR;3;2021-06-18;1866;117811;61;0;0;4361975;1961329;333;0;0
FR;3;2021-06-19;794;39361;22;0;0;4362769;2000690;355;0;0
FR;3;2021-06-20;154;3382;0;0;0;4362923;2004072;355;0;0
FR;3;2021-06-21;755;39247;16;0;0;4363678;2043319;371;0;0
FR;3;2021-06-22;1055;69954;52;0;0;4364733;2113273;423;0;0
FR;3;2021-06-23;933;50790;38;0;0;4365666;2164063;461;0;0
FR;3;2021-06-24;1295;77122;48;0;0;4366961;2241185;509;0;0
FR;3;2021-06-25;1392;89880;72;0;0;4368353;2331065;581;0;0
FR;3;2021-06-26;620;33111;29;0;0;4368973;2364176;610;0;0
FR;3;2021-06-27;160;4020;1;0;0;4369133;2368196;611;0;0
FR;3;2021-06-28;636;30424;27;0;0;4369769;2398620;638;0;0
FR;3;2021-06-29;846;56119;95;0;0;4370615;2454739;733;0;0
FR;3;2021-06-30;889;45056;93;0;0;4371504;2499795;826;0;0
FR;3;2021-07-01;1153;65621;108;0;0;4372657;2565416;934;0;0
FR;3;2021-07-02;1286;90348;170;0;0;4373943;2655764;1104;0;0
FR;3;2021-07-03;600;31160;52;0;0;4374543;2686924;1156;0;0
FR;3;2021-07-04;138;4276;3;0;0;4374681;2691200;1159;0;0
FR;3;2021-07-05;598;33909;60;0;0;4375279;2725109;1219;0;0
FR;3;2021-07-06;947;56072;88;0;0;4376226;2781181;1307;0;0
FR;3;2021-07-07;862;43037;79;0;0;4377088;2824218;1386;0;0
FR;3;2021-07-08;1119;60708;99;0;0;4378207;2884926;1485;0;0
FR;3;2021-07-09;1254;68784;128;0;0;4379461;2953710;1613;0;0
FR;3;2021-07-10;632;25037;59;0;0;4380093;2978747;1672;0;0
FR;3;2021-07-11;124;3306;4;0;0;4380217;2982053;1676;0;0
FR;3;2021-07-12;654;23896;59;0;0;4380871;3005949;1735;0;0
FR;3;2021-07-13;1641;34730;90;0;0;4382512;3040679;1825;0;0
FR;3;2021-07-14;253;2640;2;0;0;4382765;3043319;1827;0;0
FR;3;2021-07-15;1925;30668;85;0;0;4384690;3073987;1912;0;0
FR;3;2021-07-16;2517;38878;122;0;0;4387207;3112865;2034;0;0
FR;3;2021-07-17;1039;13750;26;0;0;4388246;3126615;2060;0;0
FR;3;2021-07-18;259;2612;3;0;0;4388505;3129227;2063;0;0
FR;3;2021-07-19;1264;17218;37;0;0;4389769;3146445;2100;0;0
FR;3;2021-07-20;1813;27163;98;0;0;4391582;3173608;2198;0;0
FR;3;2021-07-21;1637;19734;44;0;0;4393219;3193342;2242;0;0
FR;3;2021-07-22;1836;27776;82;0;0;4395055;3221118;2324;0;0
FR;3;2021-07-23;2200;30456;117;0;0;4397255;3251574;2441;0;0
FR;3;2021-07-24;817;7010;25;0;0;4398072;3258584;2466;0;0
FR;3;2021-07-25;205;1351;1;0;0;4398277;3259935;2467;0;0
FR;3;2021-07-26;907;10716;28;0;0;4399184;3270651;2495;0;0
FR;3;2021-07-27;1159;16952;56;0;0;4400343;3287603;2551;0;0
FR;3;2021-07-28;976;12119;40;0;0;4401319;3299722;2591;0;0
FR;3;2021-07-29;1121;15857;63;0;0;4402440;3315579;2654;0;0
FR;3;2021-07-30;1117;18111;79;0;0;4403557;3333690;2733;0;0
FR;3;2021-07-31;401;3740;15;0;0;4403958;3337430;2748;0;0
FR;3;2021-08-01;104;480;1;0;0;4404062;3337910;2749;0;0
FR;3;2021-08-02;408;5161;22;0;0;4404470;3343071;2771;0;0
FR;3;2021-08-03;480;7591;27;0;0;4404950;3350662;2798;0;0
FR;3;2021-08-04;428;4894;26;0;0;4405378;3355556;2824;0;0
FR;3;2021-08-05;424;3743;12;0;0;4405802;3359299;2836;0;0
FR;3;2021-08-06;447;4792;30;0;0;4406249;3364091;2866;0;0
FR;3;2021-08-07;209;1922;11;0;0;4406458;3366013;2877;0;0
FR;3;2021-08-08;240;425;2;0;0;4406698;3366438;2879;0;0
FR;3;2021-08-09;303;2524;11;0;0;4407001;3368962;2890;0;0
FR;3;2021-08-10;353;3891;15;0;0;4407354;3372853;2905;0;0
FR;3;2021-08-11;270;2721;15;0;0;4407624;3375574;2920;0;0
FR;3;2021-08-12;263;2637;12;0;0;4407887;3378211;2932;0;0
FR;3;2021-08-13;268;2263;16;0;0;4408155;3380474;2948;0;0
FR;3;2021-08-14;164;921;1;0;0;4408319;3381395;2949;0;0
FR;3;2021-08-15;55;164;0;0;0;4408374;3381559;2949;0;0
FR;3;2021-08-16;118;1094;8;0;0;4408492;3382653;2957;0;0
FR;3;2021-08-17;184;1509;8;0;0;4408676;3384162;2965;0;0
FR;3;2021-08-18;189;1356;8;0;0;4408865;3385518;2973;0;0
FR;3;2021-08-19;156;1432;10;0;0;4409021;3386950;2983;0;0
FR;3;2021-08-20;159;1630;16;0;0;4409180;3388580;2999;0;0
FR;3;2021-08-21;91;584;2;0;0;4409271;3389164;3001;0;0
FR;3;2021-08-22;37;177;1;0;0;4409308;3389341;3002;0;0
FR;3;2021-08-23;139;932;7;0;0;4409447;3390273;3009;0;0
FR;3;2021-08-24;122;966;10;0;0;4409569;3391239;3019;0;0
FR;3;2021-08-25;128;852;2;0;0;4409697;3392091;3021;0;0
FR;3;2021-08-26;166;870;9;0;0;4409863;3392961;3030;0;0
FR;3;2021-08-27;168;962;9;0;0;4410031;3393923;3039;0;0
FR;3;2021-08-28;95;366;4;0;0;4410126;3394289;3043;0;0
FR;3;2021-08-29;112;130;1;0;0;4410238;3394419;3044;0;0
FR;3;2021-08-30;93;595;0;0;140;4410331;3395014;3044;0;140
FR;3;2021-08-31;120;715;7;0;161;4410451;3395729;3051;0;301
FR;3;2021-09-01;107;470;5;0;122;4410558;3396199;3056;0;423
FR;3;2021-09-02;95;627;21;0;124;4410653;3396826;3077;0;547
FR;3;2021-09-03;104;591;17;0;135;4410757;3397417;3094;0;682
FR;3;2021-09-04;48;293;3;0;59;4410805;3397710;3097;0;741
FR;3;2021-09-05;47;67;5;0;30;4410852;3397777;3102;0;771
FR;3;2021-09-06;108;405;4;0;155;4410960;3398182;3106;0;926
FR;3;2021-09-07;111;483;14;0;137;4411071;3398665;3120;0;1063
FR;3;2021-09-08;110;367;2;0;108;4411181;3399032;3122;0;1171
FR;3;2021-09-09;82;398;8;0;118;4411263;3399430;3130;0;1289
FR;3;2021-09-10;88;422;3;0;105;4411351;3399852;3133;0;1394
FR;3;2021-09-11;63;235;4;0;66;4411414;3400087;3137;0;1460
FR;3;2021-09-12;34;46;1;0;16;4411448;3400133;3138;0;1476
FR;3;2021-09-13;62;331;7;0;114;4411510;3400464;3145;0;1590
FR;3;2021-09-14;63;290;6;0;108;4411573;3400754;3151;0;1698
FR;3;2021-09-15;51;262;3;0;6;4411624;3401016;3154;0;1704
FR;3;2021-09-16;55;341;5;0;5;4411679;3401357;3159;0;1709
FR;3;2021-09-17;45;348;3;0;7;4411724;3401705;3162;0;1716
FR;3;2021-09-18;33;174;1;0;1;4411757;3401879;3163;0;1717
FR;3;2021-09-19;24;31;2;0;1;4411781;3401910;3165;0;1718
FR;3;2021-09-20;76;213;0;0;1;4411857;3402123;3165;0;1719
FR;3;2021-09-21;52;285;6;0;7;4411909;3402408;3171;0;1726
FR;3;2021-09-22;59;226;6;0;7;4411968;3402634;3177;0;1733
FR;3;2021-09-23;31;267;10;0;6;4411999;3402901;3187;0;1739
FR;3;2021-09-24;20;310;12;0;19;4412019;3403211;3199;0;1758
FR;3;2021-09-25;26;158;3;0;3;4412045;3403369;3202;0;1761
FR;3;2021-09-26;14;50;1;0;1;4412059;3403419;3203;0;1762
FR;3;2021-09-27;34;283;2;0;4;4412093;3403702;3205;0;1766
FR;3;2021-09-28;45;258;5;0;8;4412138;3403960;3210;0;1774
FR;3;2021-09-29;30;221;10;0;13;4412168;3404181;3220;0;1787
FR;3;2021-09-30;33;193;7;0;9;4412201;3404374;3227;0;1796
FR;3;2021-10-01;15;166;5;0;6;4412216;3404540;3232;0;1802
FR;3;2021-10-02;13;88;0;0;0;4412229;3404628;3232;0;1802
FR;3;2021-10-03;16;18;1;0;2;4412245;3404646;3233;0;1804
FR;3;2021-10-04;27;161;4;0;4;4412272;3404807;3237;0;1808
FR;3;2021-10-05;14;156;10;0;13;4412286;3404963;3247;0;1821
FR;3;2021-10-06;26;157;7;0;8;4412312;3405120;3254;0;1829
FR;3;2021-10-07;14;140;6;0;6;4412326;3405260;3260;0;1835
FR;3;2021-10-08;19;138;10;0;9;4412345;3405398;3270;0;1844
FR;3;2021-10-09;11;74;1;0;1;4412356;3405472;3271;0;1845
FR;3;2021-10-10;5;12;2;0;2;4412361;3405484;3273;0;1847
FR;3;2021-10-11;12;124;4;0;5;4412373;3405608;3277;0;1852
FR;3;2021-10-12;14;112;4;0;4;4412387;3405720;3281;0;1856
FR;3;2021-10-13;21;108;7;0;5;4412408;3405828;3288;0;1861
FR;3;2021-10-14;13;158;3;0;4;4412421;3405986;3291;0;1865
FR;3;2021-10-15;17;149;7;0;10;4412438;3406135;3298;0;1875
FR;3;2021-10-16;9;76;6;0;8;4412447;3406211;3304;0;1883
FR;3;2021-10-17;6;23;0;0;0;4412453;3406234;3304;0;1883
FR;3;2021-10-18;17;128;2;0;1;4412470;3406362;3306;0;1884
FR;3;2021-10-19;12;128;17;0;19;4412482;3406490;3323;0;1903
FR;3;2021-10-20;16;127;5;0;4;4412498;3406617;3328;0;1907
FR;3;2021-10-21;21;128;17;0;13;4412519;3406745;3345;0;1920
FR;3;2021-10-22;13;126;16;0;20;4412532;3406871;3361;0;1940
FR;3;2021-10-23;11;57;2;0;1;4412543;3406928;3363;0;1941
FR;3;2021-10-24;6;18;0;0;0;4412549;3406946;3363;0;1941
FR;3;2021-10-25;19;151;6;0;6;4412568;3407097;3369;0;1947
FR;3;2021-10-26;14;114;22;0;19;4412582;3407211;3391;0;1966
FR;3;2021-10-27;15;114;9;0;9;4412597;3407325;3400;0;1975
FR;3;2021-10-28;14;129;33;0;36;4412611;3407454;3433;0;2011
FR;3;2021-10-29;8;123;64;0;54;4412619;3407577;3497;0;2065
FR;3;2021-10-30;7;74;11;1;11;4412626;3407651;3508;1;2076
FR;3;2021-10-31;5;19;1;0;1;4412631;3407670;3509;1;2077
FR;3;2021-11-01;5;17;2;0;1;4412636;3407687;3511;1;2078
FR;3;2021-11-02;7;105;8;0;10;4412643;3407792;3519;1;2088
FR;3;2021-11-03;17;119;9;0;9;4412660;3407911;3528;1;2097
FR;3;2021-11-04;14;94;3;0;2;4412674;3408005;3531;1;2099
FR;3;2021-11-05;13;146;8;1;5;4412687;3408151;3539;2;2104
FR;3;2021-11-06;6;66;3;0;3;4412693;3408217;3542;2;2107
FR;3;2021-11-07;6;17;1;0;1;4412699;3408234;3543;2;2108
FR;3;2021-11-08;7;138;7;0;5;4412706;3408372;3550;2;2113
FR;3;2021-11-09;8;156;5;0;6;4412714;3408528;3555;2;2119
FR;3;2021-11-10;10;189;13;0;13;4412724;3408717;3568;2;2132
FR;3;2021-11-11;5;51;3;0;3;4412729;3408768;3571;2;2135
FR;3;2021-11-12;8;161;6;0;4;4412737;3408929;3577;2;2139
FR;3;2021-11-13;4;82;8;0;10;4412741;3409011;3585;2;2149
FR;3;2021-11-14;2;17;0;0;0;4412743;3409028;3585;2;2149
FR;3;2021-11-15;3;194;9;0;7;4412746;3409222;3594;2;2156
FR;3;2021-11-16;2;165;8;0;7;4412748;3409387;3602;2;2163
FR;3;2021-11-17;5;183;10;0;7;4412753;3409570;3612;2;2170
FR;3;2021-11-18;10;179;10;0;11;4412763;3409749;3622;2;2181
FR;3;2021-11-19;5;240;21;0;26;4412768;3409989;3643;2;2207
FR;3;2021-11-20;5;114;4;0;4;4412773;3410103;3647;2;2211
FR;3;2021-11-21;2;28;2;0;2;4412775;3410131;3649;2;2213
FR;3;2021-11-22;8;236;10;0;10;4412783;3410367;3659;2;2223
FR;3;2021-11-23;5;228;15;0;14;4412788;3410595;3674;2;2237
FR;3;2021-11-24;4;254;8;0;16;4412792;3410849;3682;2;2253
FR;3;2021-11-25;9;288;11;0;10;4412801;3411137;3693;2;2263
FR;3;2021-11-26;5;379;33;0;30;4412806;3411516;3726;2;2293
FR;3;2021-11-27;5;179;19;0;21;4412811;3411695;3745;2;2314
FR;3;2021-11-28;2;56;7;0;7;4412813;3411751;3752;2;2321
FR;3;2021-11-29;4;332;19;0;21;4412817;3412083;3771;2;2342
FR;3;2021-11-30;3;426;25;0;28;4412820;3412509;3796;2;2370
FR;3;2021-12-01;17;464;33;0;34;4412837;3412973;3829;2;2404
FR;3;2021-12-02;9;503;33;0;36;4412846;3413476;3862;2;2440
FR;3;2021-12-03;3;580;37;0;38;4412849;3414056;3899;2;2478
FR;3;2021-12-04;3;286;26;0;28;4412852;3414342;3925;2;2506
FR;3;2021-12-05;1;84;5;0;6;4412853;3414426;3930;2;2512
FR;3;2021-12-06;5;522;14;0;16;4412858;3414948;3944;2;2528
FR;3;2021-12-07;4;620;20;0;23;4412862;3415568;3964;2;2551
FR;3;2021-12-08;3;547;29;0;29;4412865;3416115;3993;2;2580
FR;3;2021-12-09;3;609;17;0;22;4412868;3416724;4010;2;2602
FR;3;2021-12-10;8;646;29;0;25;4412876;3417370;4039;2;2627
FR;3;2021-12-11;4;397;10;0;9;4412880;3417767;4049;2;2636
FR;3;2021-12-12;1;121;3;0;3;4412881;3417888;4052;2;2639
FR;3;2021-12-13;2;611;19;0;20;4412883;3418499;4071;2;2659
FR;3;2021-12-14;7;774;18;0;21;4412890;3419273;4089;2;2680
FR;3;2021-12-15;7;737;17;0;21;4412897;3420010;4106;2;2701
FR;3;2021-12-16;8;745;19;0;18;4412905;3420755;4125;2;2719
FR;3;2021-12-17;4;812;18;0;19;4412909;3421567;4143;2;2738
FR;3;2021-12-18;4;419;4;0;5;4412913;3421986;4147;2;2743
FR;3;2021-12-19;3;208;2;0;2;4412916;3422194;4149;2;2745
FR;3;2021-12-20;8;732;23;0;28;4412924;3422926;4172;2;2773
FR;3;2021-12-21;3;818;10;0;14;4412927;3423744;4182;2;2787
FR;3;2021-12-22;6;766;9;0;11;4412933;3424510;4191;2;2798
FR;3;2021-12-23;1;658;9;0;8;4412934;3425168;4200;2;2806
FR;3;2021-12-24;2;276;3;0;6;4412936;3425444;4203;2;2812
FR;3;2021-12-25;0;28;0;0;0;4412936;3425472;4203;2;2812
FR;3;2021-12-26;0;95;1;0;1;4412936;3425567;4204;2;2813
FR;3;2021-12-27;7;548;17;0;19;4412943;3426115;4221;2;2832
FR;3;2021-12-28;1;695;6;0;5;4412944;3426810;4227;2;2837
FR;3;2021-12-29;4;577;14;0;16;4412948;3427387;4241;2;2853
FR;3;2021-12-30;1;607;7;0;10;4412949;3427994;4248;2;2863
FR;3;2021-12-31;0;210;5;0;6;4412949;3428204;4253;2;2869
FR;3;2022-01-01;0;27;0;0;2;4412949;3428231;4253;2;2871
FR;3;2022-01-02;0;83;0;0;0;4412949;3428314;4253;2;2871
FR;3;2022-01-03;3;568;17;0;21;4412952;3428882;4270;2;2892
FR;3;2022-01-04;6;628;9;0;8;4412958;3429510;4279;2;2900
FR;3;2022-01-05;3;558;10;0;14;4412961;3430068;4289;2;2914
FR;3;2022-01-06;4;557;9;0;13;4412965;3430625;4298;2;2927
FR;3;2022-01-07;2;579;11;0;14;4412967;3431204;4309;2;2941
FR;3;2022-01-08;2;287;4;0;5;4412969;3431491;4313;2;2946
FR;3;2022-01-09;0;119;0;0;0;4412969;3431610;4313;2;2946
FR;3;2022-01-10;2;483;12;0;12;4412971;3432093;4325;2;2958
FR;3;2022-01-11;2;537;1;0;1;4412973;3432630;4326;2;2959
FR;3;2022-01-12;3;451;9;0;11;4412976;3433081;4335;2;2970
FR;3;2022-01-13;3;429;11;0;12;4412979;3433510;4346;2;2982
FR;3;2022-01-14;3;484;10;0;12;4412982;3433994;4356;2;2994
FR;3;2022-01-15;0;300;2;0;4;4412982;3434294;4358;2;2998
FR;3;2022-01-16;0;116;1;0;1;4412982;3434410;4359;2;2999
FR;3;2022-01-17;2;357;8;0;10;4412984;3434767;4367;2;3009
FR;3;2022-01-18;2;424;1;0;2;4412986;3435191;4368;2;3011
FR;3;2022-01-19;1;351;5;0;10;4412987;3435542;4373;2;3021
FR;3;2022-01-20;1;380;5;0;3;4412988;3435922;4378;2;3024
FR;3;2022-01-21;2;379;5;0;8;4412990;3436301;4383;2;3032
FR;3;2022-01-22;2;235;1;0;3;4412992;3436536;4384;2;3035
FR;3;2022-01-23;0;82;0;0;1;4412992;3436618;4384;2;3036
FR;3;2022-01-24;2;353;1;0;6;4412994;3436971;4385;2;3042
FR;3;2022-01-25;0;197;0;0;0;4412994;3437168;4385;2;3042
FR;3;2022-01-26;0;89;0;0;0;4412994;3437257;4385;2;3042
FR;3;2022-01-27;0;60;0;0;0;4412994;3437317;4385;2;3042
FR;3;2022-01-28;0;134;0;0;0;4412994;3437451;4385;2;3042
FR;3;2022-01-29;0;111;0;0;0;4412994;3437562;4385;2;3042
FR;3;2022-01-30;0;51;0;0;0;4412994;3437613;4385;2;3042
FR;3;2022-01-31;0;98;0;0;0;4412994;3437711;4385;2;3042
FR;3;2022-02-01;0;111;0;0;1;4412994;3437822;4385;2;3043
FR;3;2022-02-02;0;99;0;0;0;4412994;3437921;4385;2;3043
FR;3;2022-02-03;0;102;0;0;0;4412994;3438023;4385;2;3043
FR;3;2022-02-04;0;124;0;0;0;4412994;3438147;4385;2;3043
FR;3;2022-02-05;0;73;0;0;0;4412994;3438220;4385;2;3043
FR;3;2022-02-06;0;11;0;0;0;4412994;3438231;4385;2;3043
FR;3;2022-02-07;0;92;0;0;1;4412994;3438323;4385;2;3044
FR;3;2022-02-08;0;0;0;0;0;4412994;3438323;4385;2;3044
FR;3;2022-02-09;0;0;0;0;0;4412994;3438323;4385;2;3044
FR;3;2022-02-10;0;0;0;0;0;4412994;3438323;4385;2;3044
FR;3;2022-02-11;0;0;0;0;0;4412994;3438323;4385;2;3044
FR;3;2022-02-12;0;0;0;0;0;4412994;3438323;4385;2;3044
FR;3;2022-02-13;0;0;0;0;0;4412994;3438323;4385;2;3044
FR;3;2022-02-14;0;0;0;0;0;4412994;3438323;4385;2;3044
FR;3;2022-02-15;0;0;0;0;0;4412994;3438323;4385;2;3044
FR;3;2022-02-16;0;0;0;0;0;4412994;3438323;4385;2;3044
FR;3;2022-02-17;0;0;0;0;0;4412994;3438323;4385;2;3044
FR;3;2022-02-18;0;0;0;0;0;4412994;3438323;4385;2;3044
FR;3;2022-02-19;0;0;0;0;0;4412994;3438323;4385;2;3044
FR;3;2022-02-20;0;0;0;0;0;4412994;3438323;4385;2;3044
FR;3;2022-02-21;2;0;0;0;0;4412996;3438323;4385;2;3044
FR;3;2022-02-22;0;0;0;0;0;4412996;3438323;4385;2;3044
FR;3;2022-02-23;0;0;0;0;0;4412996;3438323;4385;2;3044
FR;3;2022-02-24;0;0;0;0;0;4412996;3438323;4385;2;3044
FR;4;2020-12-27;0;0;0;0;0;0;0;0;0;0
FR;4;2020-12-28;0;0;0;0;0;0;0;0;0;0
FR;4;2020-12-29;0;0;0;0;0;0;0;0;0;0
FR;4;2020-12-30;0;0;0;0;0;0;0;0;0;0
FR;4;2020-12-31;0;0;0;0;0;0;0;0;0;0
FR;4;2021-01-01;0;0;0;0;0;0;0;0;0;0
FR;4;2021-01-02;0;0;0;0;0;0;0;0;0;0
FR;4;2021-01-03;0;0;0;0;0;0;0;0;0;0
FR;4;2021-01-04;0;0;0;0;0;0;0;0;0;0
FR;4;2021-01-05;0;0;0;0;0;0;0;0;0;0
FR;4;2021-01-06;0;0;0;0;0;0;0;0;0;0
FR;4;2021-01-07;0;0;0;0;0;0;0;0;0;0
FR;4;2021-01-08;0;0;0;0;0;0;0;0;0;0
FR;4;2021-01-09;0;0;0;0;0;0;0;0;0;0
FR;4;2021-01-10;0;0;0;0;0;0;0;0;0;0
FR;4;2021-01-11;0;0;0;0;0;0;0;0;0;0
FR;4;2021-01-12;0;0;0;0;0;0;0;0;0;0
FR;4;2021-01-13;0;0;0;0;0;0;0;0;0;0
FR;4;2021-01-14;0;0;0;0;0;0;0;0;0;0
FR;4;2021-01-15;0;0;0;0;0;0;0;0;0;0
FR;4;2021-01-16;0;0;0;0;0;0;0;0;0;0
FR;4;2021-01-17;0;0;0;0;0;0;0;0;0;0
FR;4;2021-01-18;0;0;0;0;0;0;0;0;0;0
FR;4;2021-01-19;0;0;0;0;0;0;0;0;0;0
FR;4;2021-01-20;0;0;0;0;0;0;0;0;0;0
FR;4;2021-01-21;0;0;0;0;0;0;0;0;0;0
FR;4;2021-01-22;0;0;0;0;0;0;0;0;0;0
FR;4;2021-01-23;0;0;0;0;0;0;0;0;0;0
FR;4;2021-01-24;0;0;0;0;0;0;0;0;0;0
FR;4;2021-01-25;0;0;0;0;0;0;0;0;0;0
FR;4;2021-01-26;0;0;0;0;0;0;0;0;0;0
FR;4;2021-01-27;0;0;0;0;0;0;0;0;0;0
FR;4;2021-01-28;0;0;0;0;0;0;0;0;0;0
FR;4;2021-01-29;0;0;0;0;0;0;0;0;0;0
FR;4;2021-01-30;0;0;0;0;0;0;0;0;0;0
FR;4;2021-01-31;0;0;0;0;0;0;0;0;0;0
FR;4;2021-02-01;0;0;0;0;0;0;0;0;0;0
FR;4;2021-02-02;0;0;0;0;0;0;0;0;0;0
FR;4;2021-02-03;0;0;0;0;0;0;0;0;0;0
FR;4;2021-02-04;0;0;0;0;0;0;0;0;0;0
FR;4;2021-02-05;0;0;0;0;0;0;0;0;0;0
FR;4;2021-02-06;0;0;0;0;0;0;0;0;0;0
FR;4;2021-02-07;0;0;0;0;0;0;0;0;0;0
FR;4;2021-02-08;0;0;0;0;0;0;0;0;0;0
FR;4;2021-02-09;0;0;0;0;0;0;0;0;0;0
FR;4;2021-02-10;0;0;0;0;0;0;0;0;0;0
FR;4;2021-02-11;0;0;0;0;0;0;0;0;0;0
FR;4;2021-02-12;0;0;0;0;0;0;0;0;0;0
FR;4;2021-02-13;0;0;0;0;0;0;0;0;0;0
FR;4;2021-02-14;0;0;0;0;0;0;0;0;0;0
FR;4;2021-02-15;0;0;0;0;0;0;0;0;0;0
FR;4;2021-02-16;0;0;0;0;0;0;0;0;0;0
FR;4;2021-02-17;0;0;0;0;0;0;0;0;0;0
FR;4;2021-02-18;0;0;0;0;0;0;0;0;0;0
FR;4;2021-02-19;0;0;0;0;0;0;0;0;0;0
FR;4;2021-02-20;0;0;0;0;0;0;0;0;0;0
FR;4;2021-02-21;0;0;0;0;0;0;0;0;0;0
FR;4;2021-02-22;0;0;0;0;0;0;0;0;0;0
FR;4;2021-02-23;0;0;0;0;0;0;0;0;0;0
FR;4;2021-02-24;0;0;0;0;0;0;0;0;0;0
FR;4;2021-02-25;0;0;0;0;0;0;0;0;0;0
FR;4;2021-02-26;0;0;0;0;0;0;0;0;0;0
FR;4;2021-02-27;0;0;0;0;0;0;0;0;0;0
FR;4;2021-02-28;0;0;0;0;0;0;0;0;0;0
FR;4;2021-03-01;0;0;0;0;0;0;0;0;0;0
FR;4;2021-03-02;0;0;0;0;0;0;0;0;0;0
FR;4;2021-03-03;0;0;0;0;0;0;0;0;0;0
FR;4;2021-03-04;0;0;0;0;0;0;0;0;0;0
FR;4;2021-03-05;0;0;0;0;0;0;0;0;0;0
FR;4;2021-03-06;0;0;0;0;0;0;0;0;0;0
FR;4;2021-03-07;0;0;0;0;0;0;0;0;0;0
FR;4;2021-03-08;0;0;0;0;0;0;0;0;0;0
FR;4;2021-03-09;0;0;0;0;0;0;0;0;0;0
FR;4;2021-03-10;0;0;0;0;0;0;0;0;0;0
FR;4;2021-03-11;0;0;0;0;0;0;0;0;0;0
FR;4;2021-03-12;0;0;0;0;0;0;0;0;0;0
FR;4;2021-03-13;0;0;0;0;0;0;0;0;0;0
FR;4;2021-03-14;0;0;0;0;0;0;0;0;0;0
FR;4;2021-03-15;0;0;0;0;0;0;0;0;0;0
FR;4;2021-03-16;0;0;0;0;0;0;0;0;0;0
FR;4;2021-03-17;0;0;0;0;0;0;0;0;0;0
FR;4;2021-03-18;0;0;0;0;0;0;0;0;0;0
FR;4;2021-03-19;0;0;0;0;0;0;0;0;0;0
FR;4;2021-03-20;0;0;0;0;0;0;0;0;0;0
FR;4;2021-03-21;0;0;0;0;0;0;0;0;0;0
FR;4;2021-03-22;0;0;0;0;0;0;0;0;0;0
FR;4;2021-03-23;0;0;0;0;0;0;0;0;0;0
FR;4;2021-03-24;0;0;0;0;0;0;0;0;0;0
FR;4;2021-03-25;0;0;0;0;0;0;0;0;0;0
FR;4;2021-03-26;0;0;0;0;0;0;0;0;0;0
FR;4;2021-03-27;0;0;0;0;0;0;0;0;0;0
FR;4;2021-03-28;0;0;0;0;0;0;0;0;0;0
FR;4;2021-03-29;0;0;0;0;0;0;0;0;0;0
FR;4;2021-03-30;0;0;0;0;0;0;0;0;0;0
FR;4;2021-03-31;0;0;0;0;0;0;0;0;0;0
FR;4;2021-04-01;0;0;0;0;0;0;0;0;0;0
FR;4;2021-04-02;0;0;0;0;0;0;0;0;0;0
FR;4;2021-04-03;0;0;0;0;0;0;0;0;0;0
FR;4;2021-04-04;0;0;0;0;0;0;0;0;0;0
FR;4;2021-04-05;0;0;0;0;0;0;0;0;0;0
FR;4;2021-04-06;0;0;0;0;0;0;0;0;0;0
FR;4;2021-04-07;0;0;0;0;0;0;0;0;0;0
FR;4;2021-04-08;0;0;0;0;0;0;0;0;0;0
FR;4;2021-04-09;0;0;0;0;0;0;0;0;0;0
FR;4;2021-04-10;0;0;0;0;0;0;0;0;0;0
FR;4;2021-04-11;0;0;0;0;0;0;0;0;0;0
FR;4;2021-04-12;0;0;0;0;0;0;0;0;0;0
FR;4;2021-04-13;0;0;0;0;0;0;0;0;0;0
FR;4;2021-04-14;0;0;0;0;0;0;0;0;0;0
FR;4;2021-04-15;0;0;0;0;0;0;0;0;0;0
FR;4;2021-04-16;0;0;0;0;0;0;0;0;0;0
FR;4;2021-04-17;0;0;0;0;0;0;0;0;0;0
FR;4;2021-04-18;0;0;0;0;0;0;0;0;0;0
FR;4;2021-04-19;0;0;0;0;0;0;0;0;0;0
FR;4;2021-04-20;0;0;0;0;0;0;0;0;0;0
FR;4;2021-04-21;0;0;0;0;0;0;0;0;0;0
FR;4;2021-04-22;0;0;0;0;0;0;0;0;0;0
FR;4;2021-04-23;4167;0;0;0;0;4167;0;0;0;0
FR;4;2021-04-24;1569;0;0;0;0;5736;0;0;0;0
FR;4;2021-04-25;124;0;0;0;0;5860;0;0;0;0
FR;4;2021-04-26;2868;0;0;0;0;8728;0;0;0;0
FR;4;2021-04-27;9513;3;0;0;0;18241;3;0;0;0
FR;4;2021-04-28;9902;6;0;0;0;28143;9;0;0;0
FR;4;2021-04-29;15984;8;0;0;0;44127;17;0;0;0
FR;4;2021-04-30;19220;10;0;0;0;63347;27;0;0;0
FR;4;2021-05-01;1987;6;0;0;0;65334;33;0;0;0
FR;4;2021-05-02;479;0;0;0;0;65813;33;0;0;0
FR;4;2021-05-03;5050;2;0;0;0;70863;35;0;0;0
FR;4;2021-05-04;8392;10;0;0;0;79255;45;0;0;0
FR;4;2021-05-05;6179;7;0;0;0;85434;52;0;0;0
FR;4;2021-05-06;11374;11;0;0;0;96808;63;0;0;0
FR;4;2021-05-07;19109;9;0;0;0;115917;72;0;0;0
FR;4;2021-05-08;2372;6;0;0;0;118289;78;0;0;0
FR;4;2021-05-09;681;3;0;0;0;118970;81;0;0;0
FR;4;2021-05-10;7232;5;1;0;0;126202;86;1;0;0
FR;4;2021-05-11;14305;11;0;0;0;140507;97;1;0;0
FR;4;2021-05-12;10153;16;0;0;0;150660;113;1;0;0
FR;4;2021-05-13;1575;3;0;0;0;152235;116;1;0;0
FR;4;2021-05-14;7744;6;0;0;0;159979;122;1;0;0
FR;4;2021-05-15;3709;8;1;0;0;163688;130;2;0;0
FR;4;2021-05-16;418;1;0;0;0;164106;131;2;0;0
FR;4;2021-05-17;4471;6;0;0;0;168577;137;2;0;0
FR;4;2021-05-18;8739;10;0;0;0;177316;147;2;0;0
FR;4;2021-05-19;5680;7;0;0;0;182996;154;2;0;0
FR;4;2021-05-20;9471;7;0;0;0;192467;161;2;0;0
FR;4;2021-05-21;12782;29;0;0;0;205249;190;2;0;0
FR;4;2021-05-22;5047;15;0;0;0;210296;205;2;0;0
FR;4;2021-05-23;494;4;0;0;0;210790;209;2;0;0
FR;4;2021-05-24;1046;7;0;0;0;211836;216;2;0;0
FR;4;2021-05-25;7612;15;0;0;0;219448;231;2;0;0
FR;4;2021-05-26;7717;15;0;0;0;227165;246;2;0;0
FR;4;2021-05-27;14323;35;0;0;0;241488;281;2;0;0
FR;4;2021-05-28;26579;82;1;0;0;268067;363;3;0;0
FR;4;2021-05-29;11377;19;0;0;0;279444;382;3;0;0
FR;4;2021-05-30;969;6;0;0;0;280413;388;3;0;0
FR;4;2021-05-31;12682;21;0;0;0;293095;409;3;0;0
FR;4;2021-06-01;20229;46;1;0;0;313324;455;4;0;0
FR;4;2021-06-02;14509;33;0;0;0;327833;488;4;0;0
FR;4;2021-06-03;19399;24;1;0;0;347232;512;5;0;0
FR;4;2021-06-04;22502;47;0;0;0;369734;559;5;0;0
FR;4;2021-06-05;9707;32;0;0;0;379441;591;5;0;0
FR;4;2021-06-06;1037;0;0;0;0;380478;591;5;0;0
FR;4;2021-06-07;9218;19;0;0;0;389696;610;5;0;0
FR;4;2021-06-08;14603;31;0;0;0;404299;641;5;0;0
FR;4;2021-06-09;12200;25;0;0;0;416499;666;5;0;0
FR;4;2021-06-10;15391;30;0;0;0;431890;696;5;0;0
FR;4;2021-06-11;16968;56;0;0;0;448858;752;5;0;0
FR;4;2021-06-12;7434;27;0;0;0;456292;779;5;0;0
FR;4;2021-06-13;903;2;0;0;0;457195;781;5;0;0
FR;4;2021-06-14;6643;24;0;0;0;463838;805;5;0;0
FR;4;2021-06-15;10868;37;0;0;0;474706;842;5;0;0
FR;4;2021-06-16;8892;14;0;0;0;483598;856;5;0;0
FR;4;2021-06-17;10891;36;0;0;0;494489;892;5;0;0
FR;4;2021-06-18;12412;44;0;0;0;506901;936;5;0;0
FR;4;2021-06-19;5561;25;0;0;0;512462;961;5;0;0
FR;4;2021-06-20;807;5;0;0;0;513269;966;5;0;0
FR;4;2021-06-21;5074;19;0;0;0;518343;985;5;0;0
FR;4;2021-06-22;7899;26;2;0;0;526242;1011;7;0;0
FR;4;2021-06-23;7085;39;2;0;0;533327;1050;9;0;0
FR;4;2021-06-24;8641;44;1;0;0;541968;1094;10;0;0
FR;4;2021-06-25;10156;39;2;0;0;552124;1133;12;0;0
FR;4;2021-06-26;4836;21;0;0;0;556960;1154;12;0;0
FR;4;2021-06-27;754;3;0;0;0;557714;1157;12;0;0
FR;4;2021-06-28;4804;16;1;0;0;562518;1173;13;0;0
FR;4;2021-06-29;7084;27;2;0;0;569602;1200;15;0;0
FR;4;2021-06-30;6695;42;2;0;0;576297;1242;17;0;0
FR;4;2021-07-01;8172;39;0;0;0;584469;1281;17;0;0
FR;4;2021-07-02;9407;53;1;0;0;593876;1334;18;0;0
FR;4;2021-07-03;4835;19;0;0;0;598711;1353;18;0;0
FR;4;2021-07-04;681;5;0;0;0;599392;1358;18;0;0
FR;4;2021-07-05;4757;19;2;0;0;604149;1377;20;0;0
FR;4;2021-07-06;7701;28;4;0;0;611850;1405;24;0;0
FR;4;2021-07-07;7055;35;2;0;0;618905;1440;26;0;0
FR;4;2021-07-08;9207;38;2;0;0;628112;1478;28;0;0
FR;4;2021-07-09;10257;34;1;0;0;638369;1512;29;0;0
FR;4;2021-07-10;4631;13;2;0;0;643000;1525;31;0;0
FR;4;2021-07-11;578;5;1;0;0;643578;1530;32;0;0
FR;4;2021-07-12;5854;28;0;0;0;649432;1558;32;0;0
FR;4;2021-07-13;14224;29;0;0;0;663656;1587;32;0;0
FR;4;2021-07-14;2276;15;0;0;0;665932;1602;32;0;0
FR;4;2021-07-15;18217;36;0;0;0;684149;1638;32;0;0
FR;4;2021-07-16;22801;71;2;0;0;706950;1709;34;0;0
FR;4;2021-07-17;9724;20;0;0;0;716674;1729;34;0;0
FR;4;2021-07-18;1347;4;0;0;0;718021;1733;34;0;0
FR;4;2021-07-19;12957;28;1;0;0;730978;1761;35;0;0
FR;4;2021-07-20;17311;26;1;0;0;748289;1787;36;0;0
FR;4;2021-07-21;15585;32;0;0;0;763874;1819;36;0;0
FR;4;2021-07-22;18225;43;2;0;0;782099;1862;38;0;0
FR;4;2021-07-23;20383;57;7;0;0;802482;1919;45;0;0
FR;4;2021-07-24;9264;32;0;0;0;811746;1951;45;0;0
FR;4;2021-07-25;1338;8;0;0;0;813084;1959;45;0;0
FR;4;2021-07-26;11006;20;0;0;0;824090;1979;45;0;0
FR;4;2021-07-27;14632;34;3;0;0;838722;2013;48;0;0
FR;4;2021-07-28;12888;25;2;0;0;851610;2038;50;0;0
FR;4;2021-07-29;14046;53;4;0;0;865656;2091;54;0;0
FR;4;2021-07-30;15457;45;2;0;0;881113;2136;56;0;0
FR;4;2021-07-31;6798;14;2;0;0;887911;2150;58;0;0
FR;4;2021-08-01;900;1;0;0;0;888811;2151;58;0;0
FR;4;2021-08-02;7869;28;0;0;0;896680;2179;58;0;0
FR;4;2021-08-03;10768;32;2;0;0;907448;2211;60;0;0
FR;4;2021-08-04;9694;29;0;0;0;917142;2240;60;0;0
FR;4;2021-08-05;9785;41;0;0;0;926927;2281;60;0;0
FR;4;2021-08-06;10146;31;3;0;0;937073;2312;63;0;0
FR;4;2021-08-07;5068;30;1;0;0;942141;2342;64;0;0
FR;4;2021-08-08;1206;13;0;0;0;943347;2355;64;0;0
FR;4;2021-08-09;6301;30;0;0;0;949648;2385;64;0;0
FR;4;2021-08-10;8729;20;0;0;0;958377;2405;64;0;0
FR;4;2021-08-11;7908;34;3;0;0;966285;2439;67;0;0
FR;4;2021-08-12;8556;27;1;0;0;974841;2466;68;0;0
FR;4;2021-08-13;7515;25;0;1;1;982356;2491;68;1;1
FR;4;2021-08-14;3772;20;0;0;0;986128;2511;68;1;1
FR;4;2021-08-15;763;5;0;0;0;986891;2516;68;1;1
FR;4;2021-08-16;3984;16;0;0;0;990875;2532;68;1;1
FR;4;2021-08-17;5598;13;1;0;0;996473;2545;69;1;1
FR;4;2021-08-18;5137;35;0;0;0;1001610;2580;69;1;1
FR;4;2021-08-19;5457;34;3;0;0;1007067;2614;72;1;1
FR;4;2021-08-20;5186;22;1;0;0;1012253;2636;73;1;1
FR;4;2021-08-21;2300;21;1;0;0;1014553;2657;74;1;1
FR;4;2021-08-22;400;2;0;0;0;1014953;2659;74;1;1
FR;4;2021-08-23;2904;18;1;0;0;1017857;2677;75;1;1
FR;4;2021-08-24;3725;14;0;0;0;1021582;2691;75;1;1
FR;4;2021-08-25;3516;25;0;0;0;1025098;2716;75;1;1
FR;4;2021-08-26;3691;20;1;0;0;1028789;2736;76;1;1
FR;4;2021-08-27;3588;32;2;0;0;1032377;2768;78;1;1
FR;4;2021-08-28;1712;11;1;0;0;1034089;2779;79;1;1
FR;4;2021-08-29;384;7;1;0;0;1034473;2786;80;1;1
FR;4;2021-08-30;1989;23;0;0;14;1036462;2809;80;1;15
FR;4;2021-08-31;2462;20;0;0;13;1038924;2829;80;1;28
FR;4;2021-09-01;2064;38;1;0;21;1040988;2867;81;1;49
FR;4;2021-09-02;2291;28;4;0;15;1043279;2895;85;1;64
FR;4;2021-09-03;2345;45;5;0;32;1045624;2940;90;1;96
FR;4;2021-09-04;1362;16;0;0;4;1046986;2956;90;1;100
FR;4;2021-09-05;428;2;0;0;2;1047414;2958;90;1;102
FR;4;2021-09-06;1695;61;0;0;23;1049109;3019;90;1;125
FR;4;2021-09-07;1659;19;0;0;9;1050768;3038;90;1;134
FR;4;2021-09-08;1272;25;3;0;18;1052040;3063;93;1;152
FR;4;2021-09-09;1382;23;2;0;9;1053422;3086;95;1;161
FR;4;2021-09-10;1506;29;2;0;22;1054928;3115;97;1;183
FR;4;2021-09-11;731;11;0;0;3;1055659;3126;97;1;186
FR;4;2021-09-12;167;4;0;0;2;1055826;3130;97;1;188
FR;4;2021-09-13;1300;20;1;0;14;1057126;3150;98;1;202
FR;4;2021-09-14;1483;11;2;0;8;1058609;3161;100;1;210
FR;4;2021-09-15;1082;26;1;0;24;1059691;3187;101;1;234
FR;4;2021-09-16;1087;22;2;0;15;1060778;3209;103;1;249
FR;4;2021-09-17;881;22;1;0;13;1061659;3231;104;1;262
FR;4;2021-09-18;457;5;1;0;4;1062116;3236;105;1;266
FR;4;2021-09-19;181;2;0;0;1;1062297;3238;105;1;267
FR;4;2021-09-20;432;19;0;0;13;1062729;3257;105;1;280
FR;4;2021-09-21;415;10;0;0;6;1063144;3267;105;1;286
FR;4;2021-09-22;369;20;2;0;14;1063513;3287;107;1;300
FR;4;2021-09-23;464;11;1;0;10;1063977;3298;108;1;310
FR;4;2021-09-24;405;13;2;0;9;1064382;3311;110;1;319
FR;4;2021-09-25;279;9;1;0;4;1064661;3320;111;1;323
FR;4;2021-09-26;70;2;0;0;1;1064731;3322;111;1;324
FR;4;2021-09-27;258;10;1;0;8;1064989;3332;112;1;332
FR;4;2021-09-28;307;8;0;0;8;1065296;3340;112;1;340
FR;4;2021-09-29;367;19;1;0;13;1065663;3359;113;1;353
FR;4;2021-09-30;352;40;0;0;21;1066015;3399;113;1;374
FR;4;2021-10-01;394;47;0;0;41;1066409;3446;113;1;415
FR;4;2021-10-02;190;22;1;0;13;1066599;3468;114;1;428
FR;4;2021-10-03;81;1;0;0;0;1066680;3469;114;1;428
FR;4;2021-10-04;348;19;1;0;15;1067028;3488;115;1;443
FR;4;2021-10-05;266;18;1;0;14;1067294;3506;116;1;457
FR;4;2021-10-06;238;21;1;0;18;1067532;3527;117;1;475
FR;4;2021-10-07;244;26;2;0;14;1067776;3553;119;1;489
FR;4;2021-10-08;346;22;2;0;18;1068122;3575;121;1;507
FR;4;2021-10-09;187;6;3;0;4;1068309;3581;124;1;511
FR;4;2021-10-10;89;3;2;0;3;1068398;3584;126;1;514
FR;4;2021-10-11;240;14;1;0;13;1068638;3598;127;1;527
FR;4;2021-10-12;197;13;0;0;12;1068835;3611;127;1;539
FR;4;2021-10-13;215;28;1;0;25;1069050;3639;128;1;564
FR;4;2021-10-14;302;20;4;0;14;1069352;3659;132;1;578
FR;4;2021-10-15;309;22;5;0;23;1069661;3681;137;1;601
FR;4;2021-10-16;161;6;2;0;6;1069822;3687;139;1;607
FR;4;2021-10-17;68;3;0;0;1;1069890;3690;139;1;608
FR;4;2021-10-18;268;15;1;0;12;1070158;3705;140;1;620
FR;4;2021-10-19;199;13;2;0;14;1070357;3718;142;1;634
FR;4;2021-10-20;222;26;3;0;13;1070579;3744;145;1;647
FR;4;2021-10-21;229;17;0;0;13;1070808;3761;145;1;660
FR;4;2021-10-22;203;26;2;0;21;1071011;3787;147;1;681
FR;4;2021-10-23;110;16;1;0;15;1071121;3803;148;1;696
FR;4;2021-10-24;37;4;0;0;1;1071158;3807;148;1;697
FR;4;2021-10-25;200;7;2;0;9;1071358;3814;150;1;706
FR;4;2021-10-26;190;14;1;0;13;1071548;3828;151;1;719
FR;4;2021-10-27;186;9;4;0;9;1071734;3837;155;1;728
FR;4;2021-10-28;175;18;3;0;20;1071909;3855;158;1;748
FR;4;2021-10-29;216;16;2;0;14;1072125;3871;160;1;762
FR;4;2021-10-30;98;2;0;0;1;1072223;3873;160;1;763
FR;4;2021-10-31;52;3;2;0;3;1072275;3876;162;1;766
FR;4;2021-11-01;69;27;4;0;24;1072344;3903;166;1;790
FR;4;2021-11-02;141;20;2;0;21;1072485;3923;168;1;811
FR;4;2021-11-03;120;18;8;1;16;1072605;3941;176;2;827
FR;4;2021-11-04;167;13;1;0;10;1072772;3954;177;2;837
FR;4;2021-11-05;122;16;1;0;15;1072894;3970;178;2;852
FR;4;2021-11-06;74;6;1;0;6;1072968;3976;179;2;858
FR;4;2021-11-07;68;2;2;0;4;1073036;3978;181;2;862
FR;4;2021-11-08;152;16;1;0;16;1073188;3994;182;2;878
FR;4;2021-11-09;142;13;3;0;15;1073330;4007;185;2;893
FR;4;2021-11-10;100;24;7;0;26;1073430;4031;192;2;919
FR;4;2021-11-11;75;7;0;0;7;1073505;4038;192;2;926
FR;4;2021-11-12;88;18;3;0;19;1073593;4056;195;2;945
FR;4;2021-11-13;68;15;2;0;14;1073661;4071;197;2;959
FR;4;2021-11-14;48;5;3;0;7;1073709;4076;200;2;966
FR;4;2021-11-15;85;26;2;0;24;1073794;4102;202;2;990
FR;4;2021-11-16;96;10;1;0;11;1073890;4112;203;2;1001
FR;4;2021-11-17;109;28;4;0;28;1073999;4140;207;2;1029
FR;4;2021-11-18;92;33;10;0;37;1074091;4173;217;2;1066
FR;4;2021-11-19;75;19;3;0;20;1074166;4192;220;2;1086
FR;4;2021-11-20;57;6;1;0;6;1074223;4198;221;2;1092
FR;4;2021-11-21;60;4;2;0;6;1074283;4202;223;2;1098
FR;4;2021-11-22;94;26;6;0;28;1074377;4228;229;2;1126
FR;4;2021-11-23;69;30;5;0;27;1074446;4258;234;2;1153
FR;4;2021-11-24;80;23;11;0;24;1074526;4281;245;2;1177
FR;4;2021-11-25;77;30;15;0;32;1074603;4311;260;2;1209
FR;4;2021-11-26;75;41;12;0;43;1074678;4352;272;2;1252
FR;4;2021-11-27;28;23;18;0;25;1074706;4375;290;2;1277
FR;4;2021-11-28;45;9;0;0;8;1074751;4384;290;2;1285
FR;4;2021-11-29;75;31;14;0;38;1074826;4415;304;2;1323
FR;4;2021-11-30;54;33;14;0;38;1074880;4448;318;2;1361
FR;4;2021-12-01;66;57;21;0;65;1074946;4505;339;2;1426
FR;4;2021-12-02;86;45;20;0;51;1075032;4550;359;2;1477
FR;4;2021-12-03;88;34;16;0;42;1075120;4584;375;2;1519
FR;4;2021-12-04;61;29;19;0;44;1075181;4613;394;2;1563
FR;4;2021-12-05;52;5;0;0;5;1075233;4618;394;2;1568
FR;4;2021-12-06;83;44;21;0;59;1075316;4662;415;2;1627
FR;4;2021-12-07;66;31;10;0;31;1075382;4693;425;2;1658
FR;4;2021-12-08;57;27;21;0;33;1075439;4720;446;2;1691
FR;4;2021-12-09;52;31;12;0;38;1075491;4751;458;2;1729
FR;4;2021-12-10;54;62;22;0;67;1075545;4813;480;2;1796
FR;4;2021-12-11;22;33;9;0;34;1075567;4846;489;2;1830
FR;4;2021-12-12;21;8;4;0;12;1075588;4854;493;2;1842
FR;4;2021-12-13;54;39;13;0;49;1075642;4893;506;2;1891
FR;4;2021-12-14;47;43;14;0;51;1075689;4936;520;2;1942
FR;4;2021-12-15;48;56;28;0;75;1075737;4992;548;2;2017
FR;4;2021-12-16;29;40;19;0;52;1075766;5032;567;2;2069
FR;4;2021-12-17;36;49;12;0;54;1075802;5081;579;2;2123
FR;4;2021-12-18;43;30;2;0;31;1075845;5111;581;2;2154
FR;4;2021-12-19;14;3;1;0;3;1075859;5114;582;2;2157
FR;4;2021-12-20;32;38;12;0;43;1075891;5152;594;2;2200
FR;4;2021-12-21;21;29;13;0;33;1075912;5181;607;2;2233
FR;4;2021-12-22;34;35;11;0;36;1075946;5216;618;2;2269
FR;4;2021-12-23;32;43;11;0;49;1075978;5259;629;2;2318
FR;4;2021-12-24;22;25;10;0;29;1076000;5284;639;2;2347
FR;4;2021-12-25;5;3;3;0;4;1076005;5287;642;2;2351
FR;4;2021-12-26;4;2;1;0;1;1076009;5289;643;2;2352
FR;4;2021-12-27;23;41;10;0;43;1076032;5330;653;2;2395
FR;4;2021-12-28;20;27;10;0;30;1076052;5357;663;2;2425
FR;4;2021-12-29;37;23;10;0;27;1076089;5380;673;2;2452
FR;4;2021-12-30;34;14;13;0;19;1076123;5394;686;2;2471
FR;4;2021-12-31;17;4;8;0;10;1076140;5398;694;2;2481
FR;4;2022-01-01;3;3;4;0;5;1076143;5401;698;2;2486
FR;4;2022-01-02;36;4;14;0;16;1076179;5405;712;2;2502
FR;4;2022-01-03;31;47;20;1;52;1076210;5452;732;3;2554
FR;4;2022-01-04;23;20;10;1;20;1076233;5472;742;4;2574
FR;4;2022-01-05;32;19;14;0;19;1076265;5491;756;4;2593
FR;4;2022-01-06;38;17;19;0;28;1076303;5508;775;4;2621
FR;4;2022-01-07;14;15;15;0;15;1076317;5523;790;4;2636
FR;4;2022-01-08;5;5;9;0;11;1076322;5528;799;4;2647
FR;4;2022-01-09;10;1;1;0;2;1076332;5529;800;4;2649
FR;4;2022-01-10;25;19;14;0;28;1076357;5548;814;4;2677
FR;4;2022-01-11;16;28;12;0;31;1076373;5576;826;4;2708
FR;4;2022-01-12;23;17;12;0;19;1076396;5593;838;4;2727
FR;4;2022-01-13;41;16;24;0;30;1076437;5609;862;4;2757
FR;4;2022-01-14;18;24;12;0;26;1076455;5633;874;4;2783
FR;4;2022-01-15;7;5;1;0;4;1076462;5638;875;4;2787
FR;4;2022-01-16;6;7;7;0;14;1076468;5645;882;4;2801
FR;4;2022-01-17;21;18;9;0;21;1076489;5663;891;4;2822
FR;4;2022-01-18;12;14;6;0;17;1076501;5677;897;4;2839
FR;4;2022-01-19;27;20;8;0;26;1076528;5697;905;4;2865
FR;4;2022-01-20;20;32;13;0;35;1076548;5729;918;4;2900
FR;4;2022-01-21;7;12;16;1;13;1076555;5741;934;5;2913
FR;4;2022-01-22;24;8;2;0;8;1076579;5749;936;5;2921
FR;4;2022-01-23;3;2;4;0;6;1076582;5751;940;5;2927
FR;4;2022-01-24;14;22;8;0;29;1076596;5773;948;5;2956
FR;4;2022-01-25;12;31;8;1;35;1076608;5804;956;6;2991
FR;4;2022-01-26;12;14;5;1;14;1076620;5818;961;7;3005
FR;4;2022-01-27;13;17;3;0;19;1076633;5835;964;7;3024
FR;4;2022-01-28;11;20;7;0;22;1076644;5855;971;7;3046
FR;4;2022-01-29;13;4;3;0;6;1076657;5859;974;7;3052
FR;4;2022-01-30;15;1;0;0;1;1076672;5860;974;7;3053
FR;4;2022-01-31;13;18;5;0;20;1076685;5878;979;7;3073
FR;4;2022-02-01;3;15;10;0;15;1076688;5893;989;7;3088
FR;4;2022-02-02;10;10;10;2;15;1076698;5903;999;9;3103
FR;4;2022-02-03;10;18;9;0;19;1076708;5921;1008;9;3122
FR;4;2022-02-04;4;3;7;0;7;1076712;5924;1015;9;3129
FR;4;2022-02-05;6;12;1;0;12;1076718;5936;1016;9;3141
FR;4;2022-02-06;5;2;1;0;2;1076723;5938;1017;9;3143
FR;4;2022-02-07;7;13;7;0;13;1076730;5951;1024;9;3156
FR;4;2022-02-08;12;17;11;1;18;1076742;5968;1035;10;3174
FR;4;2022-02-09;10;9;6;0;11;1076752;5977;1041;10;3185
FR;4;2022-02-10;14;18;10;0;19;1076766;5995;1051;10;3204
FR;4;2022-02-11;16;13;5;0;15;1076782;6008;1056;10;3219
FR;4;2022-02-12;19;2;0;0;1;1076801;6010;1056;10;3220
FR;4;2022-02-13;7;2;0;0;2;1076808;6012;1056;10;3222
FR;4;2022-02-14;12;7;5;0;9;1076820;6019;1061;10;3231
FR;4;2022-02-15;10;7;0;0;6;1076830;6026;1061;10;3237
FR;4;2022-02-16;8;8;4;0;11;1076838;6034;1065;10;3248
FR;4;2022-02-17;7;0;0;0;0;1076845;6034;1065;10;3248
FR;4;2022-02-18;16;12;2;0;14;1076861;6046;1067;10;3262
FR;4;2022-02-19;15;0;0;0;0;1076876;6046;1067;10;3262
FR;4;2022-02-20;6;0;0;0;0;1076882;6046;1067;10;3262
FR;4;2022-02-21;22;0;1;0;0;1076904;6046;1068;10;3262
FR;4;2022-02-22;5;1;1;0;1;1076909;6047;1069;10;3263
FR;4;2022-02-23;15;5;2;0;5;1076924;6052;1071;10;3268
FR;4;2022-02-24;5;2;0;0;2;1076929;6054;1071;10;3270
FR;5;2020-12-27;0;0;0;0;0;0;0;0;0;0
FR;5;2020-12-28;0;0;0;0;0;0;0;0;0;0
FR;5;2020-12-29;0;0;0;0;0;0;0;0;0;0
FR;5;2020-12-30;0;0;0;0;0;0;0;0;0;0
FR;5;2020-12-31;0;0;0;0;0;0;0;0;0;0
FR;5;2021-01-01;0;0;0;0;0;0;0;0;0;0
FR;5;2021-01-02;0;0;0;0;0;0;0;0;0;0
FR;5;2021-01-03;0;0;0;0;0;0;0;0;0;0
FR;5;2021-01-04;0;0;0;0;0;0;0;0;0;0
FR;5;2021-01-05;0;0;0;0;0;0;0;0;0;0
FR;5;2021-01-06;0;0;0;0;0;0;0;0;0;0
FR;5;2021-01-07;0;0;0;0;0;0;0;0;0;0
FR;5;2021-01-08;0;0;0;0;0;0;0;0;0;0
FR;5;2021-01-09;0;0;0;0;0;0;0;0;0;0
FR;5;2021-01-10;0;0;0;0;0;0;0;0;0;0
FR;5;2021-01-11;0;0;0;0;0;0;0;0;0;0
FR;5;2021-01-12;0;0;0;0;0;0;0;0;0;0
FR;5;2021-01-13;0;0;0;0;0;0;0;0;0;0
FR;5;2021-01-14;0;0;0;0;0;0;0;0;0;0
FR;5;2021-01-15;0;0;0;0;0;0;0;0;0;0
FR;5;2021-01-16;0;0;0;0;0;0;0;0;0;0
FR;5;2021-01-17;0;0;0;0;0;0;0;0;0;0
FR;5;2021-01-18;0;0;0;0;0;0;0;0;0;0
FR;5;2021-01-19;0;0;0;0;0;0;0;0;0;0
FR;5;2021-01-20;0;0;0;0;0;0;0;0;0;0
FR;5;2021-01-21;0;0;0;0;0;0;0;0;0;0
FR;5;2021-01-22;0;0;0;0;0;0;0;0;0;0
FR;5;2021-01-23;0;0;0;0;0;0;0;0;0;0
FR;5;2021-01-24;0;0;0;0;0;0;0;0;0;0
FR;5;2021-01-25;0;0;0;0;0;0;0;0;0;0
FR;5;2021-01-26;0;0;0;0;0;0;0;0;0;0
FR;5;2021-01-27;0;0;0;0;0;0;0;0;0;0
FR;5;2021-01-28;0;0;0;0;0;0;0;0;0;0
FR;5;2021-01-29;0;0;0;0;0;0;0;0;0;0
FR;5;2021-01-30;0;0;0;0;0;0;0;0;0;0
FR;5;2021-01-31;0;0;0;0;0;0;0;0;0;0
FR;5;2021-02-01;0;0;0;0;0;0;0;0;0;0
FR;5;2021-02-02;0;0;0;0;0;0;0;0;0;0
FR;5;2021-02-03;0;0;0;0;0;0;0;0;0;0
FR;5;2021-02-04;0;0;0;0;0;0;0;0;0;0
FR;5;2021-02-05;0;0;0;0;0;0;0;0;0;0
FR;5;2021-02-06;0;0;0;0;0;0;0;0;0;0
FR;5;2021-02-07;0;0;0;0;0;0;0;0;0;0
FR;5;2021-02-08;0;0;0;0;0;0;0;0;0;0
FR;5;2021-02-09;0;0;0;0;0;0;0;0;0;0
FR;5;2021-02-10;0;0;0;0;0;0;0;0;0;0
FR;5;2021-02-11;0;0;0;0;0;0;0;0;0;0
FR;5;2021-02-12;0;0;0;0;0;0;0;0;0;0
FR;5;2021-02-13;0;0;0;0;0;0;0;0;0;0
FR;5;2021-02-14;0;0;0;0;0;0;0;0;0;0
FR;5;2021-02-15;0;0;0;0;0;0;0;0;0;0
FR;5;2021-02-16;0;0;0;0;0;0;0;0;0;0
FR;5;2021-02-17;0;0;0;0;0;0;0;0;0;0
FR;5;2021-02-18;0;0;0;0;0;0;0;0;0;0
FR;5;2021-02-19;0;0;0;0;0;0;0;0;0;0
FR;5;2021-02-20;0;0;0;0;0;0;0;0;0;0
FR;5;2021-02-21;0;0;0;0;0;0;0;0;0;0
FR;5;2021-02-22;0;0;0;0;0;0;0;0;0;0
FR;5;2021-02-23;0;0;0;0;0;0;0;0;0;0
FR;5;2021-02-24;0;0;0;0;0;0;0;0;0;0
FR;5;2021-02-25;0;0;0;0;0;0;0;0;0;0
FR;5;2021-02-26;0;0;0;0;0;0;0;0;0;0
FR;5;2021-02-27;0;0;0;0;0;0;0;0;0;0
FR;5;2021-02-28;0;0;0;0;0;0;0;0;0;0
FR;5;2021-03-01;0;0;0;0;0;0;0;0;0;0
FR;5;2021-03-02;0;0;0;0;0;0;0;0;0;0
FR;5;2021-03-03;0;0;0;0;0;0;0;0;0;0
FR;5;2021-03-04;0;0;0;0;0;0;0;0;0;0
FR;5;2021-03-05;0;0;0;0;0;0;0;0;0;0
FR;5;2021-03-06;0;0;0;0;0;0;0;0;0;0
FR;5;2021-03-07;0;0;0;0;0;0;0;0;0;0
FR;5;2021-03-08;0;0;0;0;0;0;0;0;0;0
FR;5;2021-03-09;0;0;0;0;0;0;0;0;0;0
FR;5;2021-03-10;0;0;0;0;0;0;0;0;0;0
FR;5;2021-03-11;0;0;0;0;0;0;0;0;0;0
FR;5;2021-03-12;0;0;0;0;0;0;0;0;0;0
FR;5;2021-03-13;0;0;0;0;0;0;0;0;0;0
FR;5;2021-03-14;0;0;0;0;0;0;0;0;0;0
FR;5;2021-03-15;0;0;0;0;0;0;0;0;0;0
FR;5;2021-03-16;0;0;0;0;0;0;0;0;0;0
FR;5;2021-03-17;0;0;0;0;0;0;0;0;0;0
FR;5;2021-03-18;0;0;0;0;0;0;0;0;0;0
FR;5;2021-03-19;0;0;0;0;0;0;0;0;0;0
FR;5;2021-03-20;0;0;0;0;0;0;0;0;0;0
FR;5;2021-03-21;0;0;0;0;0;0;0;0;0;0
FR;5;2021-03-22;0;0;0;0;0;0;0;0;0;0
FR;5;2021-03-23;0;0;0;0;0;0;0;0;0;0
FR;5;2021-03-24;0;0;0;0;0;0;0;0;0;0
FR;5;2021-03-25;0;0;0;0;0;0;0;0;0;0
FR;5;2021-03-26;0;0;0;0;0;0;0;0;0;0
FR;5;2021-03-27;0;0;0;0;0;0;0;0;0;0
FR;5;2021-03-28;0;0;0;0;0;0;0;0;0;0
FR;5;2021-03-29;0;0;0;0;0;0;0;0;0;0
FR;5;2021-03-30;0;0;0;0;0;0;0;0;0;0
FR;5;2021-03-31;0;0;0;0;0;0;0;0;0;0
FR;5;2021-04-01;0;0;0;0;0;0;0;0;0;0
FR;5;2021-04-02;0;0;0;0;0;0;0;0;0;0
FR;5;2021-04-03;0;0;0;0;0;0;0;0;0;0
FR;5;2021-04-04;0;0;0;0;0;0;0;0;0;0
FR;5;2021-04-05;0;0;0;0;0;0;0;0;0;0
FR;5;2021-04-06;0;0;0;0;0;0;0;0;0;0
FR;5;2021-04-07;0;0;0;0;0;0;0;0;0;0
FR;5;2021-04-08;0;0;0;0;0;0;0;0;0;0
FR;5;2021-04-09;0;0;0;0;0;0;0;0;0;0
FR;5;2021-04-10;0;0;0;0;0;0;0;0;0;0
FR;5;2021-04-11;0;0;0;0;0;0;0;0;0;0
FR;5;2021-04-12;0;0;0;0;0;0;0;0;0;0
FR;5;2021-04-13;0;0;0;0;0;0;0;0;0;0
FR;5;2021-04-14;0;0;0;0;0;0;0;0;0;0
FR;5;2021-04-15;0;0;0;0;0;0;0;0;0;0
FR;5;2021-04-16;0;0;0;0;0;0;0;0;0;0
FR;5;2021-04-17;0;0;0;0;0;0;0;0;0;0
FR;5;2021-04-18;0;0;0;0;0;0;0;0;0;0
FR;5;2021-04-19;0;0;0;0;0;0;0;0;0;0
FR;5;2021-04-20;0;0;0;0;0;0;0;0;0;0
FR;5;2021-04-21;0;0;0;0;0;0;0;0;0;0
FR;5;2021-04-22;0;0;0;0;0;0;0;0;0;0
FR;5;2021-04-23;0;0;0;0;0;0;0;0;0;0
FR;5;2021-04-24;0;0;0;0;0;0;0;0;0;0
FR;5;2021-04-25;0;0;0;0;0;0;0;0;0;0
FR;5;2021-04-26;0;0;0;0;0;0;0;0;0;0
FR;5;2021-04-27;0;0;0;0;0;0;0;0;0;0
FR;5;2021-04-28;0;0;0;0;0;0;0;0;0;0
FR;5;2021-04-29;0;0;0;0;0;0;0;0;0;0
FR;5;2021-04-30;0;0;0;0;0;0;0;0;0;0
FR;5;2021-05-01;0;0;0;0;0;0;0;0;0;0
FR;5;2021-05-02;0;0;0;0;0;0;0;0;0;0
FR;5;2021-05-03;0;0;0;0;0;0;0;0;0;0
FR;5;2021-05-04;0;0;0;0;0;0;0;0;0;0
FR;5;2021-05-05;0;0;0;0;0;0;0;0;0;0
FR;5;2021-05-06;0;0;0;0;0;0;0;0;0;0
FR;5;2021-05-07;0;0;0;0;0;0;0;0;0;0
FR;5;2021-05-08;0;0;0;0;0;0;0;0;0;0
FR;5;2021-05-09;0;0;0;0;0;0;0;0;0;0
FR;5;2021-05-10;0;0;0;0;0;0;0;0;0;0
FR;5;2021-05-11;0;0;0;0;0;0;0;0;0;0
FR;5;2021-05-12;0;0;0;0;0;0;0;0;0;0
FR;5;2021-05-13;0;0;0;0;0;0;0;0;0;0
FR;5;2021-05-14;0;0;0;0;0;0;0;0;0;0
FR;5;2021-05-15;0;0;0;0;0;0;0;0;0;0
FR;5;2021-05-16;0;0;0;0;0;0;0;0;0;0
FR;5;2021-05-17;0;0;0;0;0;0;0;0;0;0
FR;5;2021-05-18;0;0;0;0;0;0;0;0;0;0
FR;5;2021-05-19;0;0;0;0;0;0;0;0;0;0
FR;5;2021-05-20;0;0;0;0;0;0;0;0;0;0
FR;5;2021-05-21;0;0;0;0;0;0;0;0;0;0
FR;5;2021-05-22;0;0;0;0;0;0;0;0;0;0
FR;5;2021-05-23;0;0;0;0;0;0;0;0;0;0
FR;5;2021-05-24;0;0;0;0;0;0;0;0;0;0
FR;5;2021-05-25;0;0;0;0;0;0;0;0;0;0
FR;5;2021-05-26;0;0;0;0;0;0;0;0;0;0
FR;5;2021-05-27;0;0;0;0;0;0;0;0;0;0
FR;5;2021-05-28;0;0;0;0;0;0;0;0;0;0
FR;5;2021-05-29;0;0;0;0;0;0;0;0;0;0
FR;5;2021-05-30;0;0;0;0;0;0;0;0;0;0
FR;5;2021-05-31;0;0;0;0;0;0;0;0;0;0
FR;5;2021-06-01;0;0;0;0;0;0;0;0;0;0
FR;5;2021-06-02;0;0;0;0;0;0;0;0;0;0
FR;5;2021-06-03;0;0;0;0;0;0;0;0;0;0
FR;5;2021-06-04;0;0;0;0;0;0;0;0;0;0
FR;5;2021-06-05;0;0;0;0;0;0;0;0;0;0
FR;5;2021-06-06;0;0;0;0;0;0;0;0;0;0
FR;5;2021-06-07;0;0;0;0;0;0;0;0;0;0
FR;5;2021-06-08;0;0;0;0;0;0;0;0;0;0
FR;5;2021-06-09;0;0;0;0;0;0;0;0;0;0
FR;5;2021-06-10;0;0;0;0;0;0;0;0;0;0
FR;5;2021-06-11;0;0;0;0;0;0;0;0;0;0
FR;5;2021-06-12;0;0;0;0;0;0;0;0;0;0
FR;5;2021-06-13;0;0;0;0;0;0;0;0;0;0
FR;5;2021-06-14;0;0;0;0;0;0;0;0;0;0
FR;5;2021-06-15;0;0;0;0;0;0;0;0;0;0
FR;5;2021-06-16;0;0;0;0;0;0;0;0;0;0
FR;5;2021-06-17;0;0;0;0;0;0;0;0;0;0
FR;5;2021-06-18;0;0;0;0;0;0;0;0;0;0
FR;5;2021-06-19;0;0;0;0;0;0;0;0;0;0
FR;5;2021-06-20;0;0;0;0;0;0;0;0;0;0
FR;5;2021-06-21;0;0;0;0;0;0;0;0;0;0
FR;5;2021-06-22;0;0;0;0;0;0;0;0;0;0
FR;5;2021-06-23;0;0;0;0;0;0;0;0;0;0
FR;5;2021-06-24;0;0;0;0;0;0;0;0;0;0
FR;5;2021-06-25;0;0;0;0;0;0;0;0;0;0
FR;5;2021-06-26;0;0;0;0;0;0;0;0;0;0
FR;5;2021-06-27;0;0;0;0;0;0;0;0;0;0
FR;5;2021-06-28;0;0;0;0;0;0;0;0;0;0
FR;5;2021-06-29;0;0;0;0;0;0;0;0;0;0
FR;5;2021-06-30;0;0;0;0;0;0;0;0;0;0
FR;5;2021-07-01;0;0;0;0;0;0;0;0;0;0
FR;5;2021-07-02;0;0;0;0;0;0;0;0;0;0
FR;5;2021-07-03;0;0;0;0;0;0;0;0;0;0
FR;5;2021-07-04;0;0;0;0;0;0;0;0;0;0
FR;5;2021-07-05;0;0;0;0;0;0;0;0;0;0
FR;5;2021-07-06;0;0;0;0;0;0;0;0;0;0
FR;5;2021-07-07;0;0;0;0;0;0;0;0;0;0
FR;5;2021-07-08;0;0;0;0;0;0;0;0;0;0
FR;5;2021-07-09;0;0;0;0;0;0;0;0;0;0
FR;5;2021-07-10;0;0;0;0;0;0;0;0;0;0
FR;5;2021-07-11;0;0;0;0;0;0;0;0;0;0
FR;5;2021-07-12;0;0;0;0;0;0;0;0;0;0
FR;5;2021-07-13;0;0;0;0;0;0;0;0;0;0
FR;5;2021-07-14;0;0;0;0;0;0;0;0;0;0
FR;5;2021-07-15;0;0;0;0;0;0;0;0;0;0
FR;5;2021-07-16;0;0;0;0;0;0;0;0;0;0
FR;5;2021-07-17;0;0;0;0;0;0;0;0;0;0
FR;5;2021-07-18;0;0;0;0;0;0;0;0;0;0
FR;5;2021-07-19;0;0;0;0;0;0;0;0;0;0
FR;5;2021-07-20;0;0;0;0;0;0;0;0;0;0
FR;5;2021-07-21;0;0;0;0;0;0;0;0;0;0
FR;5;2021-07-22;0;0;0;0;0;0;0;0;0;0
FR;5;2021-07-23;0;0;0;0;0;0;0;0;0;0
FR;5;2021-07-24;0;0;0;0;0;0;0;0;0;0
FR;5;2021-07-25;0;0;0;0;0;0;0;0;0;0
FR;5;2021-07-26;0;0;0;0;0;0;0;0;0;0
FR;5;2021-07-27;0;0;0;0;0;0;0;0;0;0
FR;5;2021-07-28;0;0;0;0;0;0;0;0;0;0
FR;5;2021-07-29;0;0;0;0;0;0;0;0;0;0
FR;5;2021-07-30;0;0;0;0;0;0;0;0;0;0
FR;5;2021-07-31;0;0;0;0;0;0;0;0;0;0
FR;5;2021-08-01;0;0;0;0;0;0;0;0;0;0
FR;5;2021-08-02;0;0;0;0;0;0;0;0;0;0
FR;5;2021-08-03;0;0;0;0;0;0;0;0;0;0
FR;5;2021-08-04;0;0;0;0;0;0;0;0;0;0
FR;5;2021-08-05;0;0;0;0;0;0;0;0;0;0
FR;5;2021-08-06;0;0;0;0;0;0;0;0;0;0
FR;5;2021-08-07;0;0;0;0;0;0;0;0;0;0
FR;5;2021-08-08;0;0;0;0;0;0;0;0;0;0
FR;5;2021-08-09;0;0;0;0;0;0;0;0;0;0
FR;5;2021-08-10;0;0;0;0;0;0;0;0;0;0
FR;5;2021-08-11;0;0;0;0;0;0;0;0;0;0
FR;5;2021-08-12;0;0;0;0;0;0;0;0;0;0
FR;5;2021-08-13;0;0;0;0;0;0;0;0;0;0
FR;5;2021-08-14;0;0;0;0;0;0;0;0;0;0
FR;5;2021-08-15;0;0;0;0;0;0;0;0;0;0
FR;5;2021-08-16;0;0;0;0;0;0;0;0;0;0
FR;5;2021-08-17;0;0;0;0;0;0;0;0;0;0
FR;5;2021-08-18;0;0;0;0;0;0;0;0;0;0
FR;5;2021-08-19;0;0;0;0;0;0;0;0;0;0
FR;5;2021-08-20;0;0;0;0;0;0;0;0;0;0
FR;5;2021-08-21;0;0;0;0;0;0;0;0;0;0
FR;5;2021-08-22;0;0;0;0;0;0;0;0;0;0
FR;5;2021-08-23;0;0;0;0;0;0;0;0;0;0
FR;5;2021-08-24;0;0;0;0;0;0;0;0;0;0
FR;5;2021-08-25;0;0;0;0;0;0;0;0;0;0
FR;5;2021-08-26;0;0;0;0;0;0;0;0;0;0
FR;5;2021-08-27;0;0;0;0;0;0;0;0;0;0
FR;5;2021-08-28;0;0;0;0;0;0;0;0;0;0
FR;5;2021-08-29;0;0;0;0;0;0;0;0;0;0
FR;5;2021-08-30;0;0;0;0;0;0;0;0;0;0
FR;5;2021-08-31;0;0;0;0;0;0;0;0;0;0
FR;5;2021-09-01;0;0;0;0;0;0;0;0;0;0
FR;5;2021-09-02;0;0;0;0;0;0;0;0;0;0
FR;5;2021-09-03;0;0;0;0;0;0;0;0;0;0
FR;5;2021-09-04;0;0;0;0;0;0;0;0;0;0
FR;5;2021-09-05;0;0;0;0;0;0;0;0;0;0
FR;5;2021-09-06;0;0;0;0;0;0;0;0;0;0
FR;5;2021-09-07;0;0;0;0;0;0;0;0;0;0
FR;5;2021-09-08;0;0;0;0;0;0;0;0;0;0
FR;5;2021-09-09;0;0;0;0;0;0;0;0;0;0
FR;5;2021-09-10;0;0;0;0;0;0;0;0;0;0
FR;5;2021-09-11;0;0;0;0;0;0;0;0;0;0
FR;5;2021-09-12;0;0;0;0;0;0;0;0;0;0
FR;5;2021-09-13;0;0;0;0;0;0;0;0;0;0
FR;5;2021-09-14;0;0;0;0;0;0;0;0;0;0
FR;5;2021-09-15;0;0;0;0;0;0;0;0;0;0
FR;5;2021-09-16;0;0;0;0;0;0;0;0;0;0
FR;5;2021-09-17;0;0;0;0;0;0;0;0;0;0
FR;5;2021-09-18;0;0;0;0;0;0;0;0;0;0
FR;5;2021-09-19;0;0;0;0;0;0;0;0;0;0
FR;5;2021-09-20;0;0;0;0;0;0;0;0;0;0
FR;5;2021-09-21;0;0;0;0;0;0;0;0;0;0
FR;5;2021-09-22;0;0;0;0;0;0;0;0;0;0
FR;5;2021-09-23;0;0;0;0;0;0;0;0;0;0
FR;5;2021-09-24;0;0;0;0;0;0;0;0;0;0
FR;5;2021-09-25;0;0;0;0;0;0;0;0;0;0
FR;5;2021-09-26;0;0;0;0;0;0;0;0;0;0
FR;5;2021-09-27;0;0;0;0;0;0;0;0;0;0
FR;5;2021-09-28;0;0;0;0;0;0;0;0;0;0
FR;5;2021-09-29;0;0;0;0;0;0;0;0;0;0
FR;5;2021-09-30;0;0;0;0;0;0;0;0;0;0
FR;5;2021-10-01;0;0;0;0;0;0;0;0;0;0
FR;5;2021-10-02;0;0;0;0;0;0;0;0;0;0
FR;5;2021-10-03;0;0;0;0;0;0;0;0;0;0
FR;5;2021-10-04;0;0;0;0;0;0;0;0;0;0
FR;5;2021-10-05;0;0;0;0;0;0;0;0;0;0
FR;5;2021-10-06;0;0;0;0;0;0;0;0;0;0
FR;5;2021-10-07;0;0;0;0;0;0;0;0;0;0
FR;5;2021-10-08;0;0;0;0;0;0;0;0;0;0
FR;5;2021-10-09;0;0;0;0;0;0;0;0;0;0
FR;5;2021-10-10;0;0;0;0;0;0;0;0;0;0
FR;5;2021-10-11;0;0;0;0;0;0;0;0;0;0
FR;5;2021-10-12;0;0;0;0;0;0;0;0;0;0
FR;5;2021-10-13;0;0;0;0;0;0;0;0;0;0
FR;5;2021-10-14;0;0;0;0;0;0;0;0;0;0
FR;5;2021-10-15;0;0;0;0;0;0;0;0;0;0
FR;5;2021-10-16;0;0;0;0;0;0;0;0;0;0
FR;5;2021-10-17;0;0;0;0;0;0;0;0;0;0
FR;5;2021-10-18;0;0;0;0;0;0;0;0;0;0
FR;5;2021-10-19;0;0;0;0;0;0;0;0;0;0
FR;5;2021-10-20;0;0;0;0;0;0;0;0;0;0
FR;5;2021-10-21;0;0;0;0;0;0;0;0;0;0
FR;5;2021-10-22;0;0;0;0;0;0;0;0;0;0
FR;5;2021-10-23;0;0;0;0;0;0;0;0;0;0
FR;5;2021-10-24;0;0;0;0;0;0;0;0;0;0
FR;5;2021-10-25;0;0;0;0;0;0;0;0;0;0
FR;5;2021-10-26;0;0;0;0;0;0;0;0;0;0
FR;5;2021-10-27;0;0;0;0;0;0;0;0;0;0
FR;5;2021-10-28;0;0;0;0;0;0;0;0;0;0
FR;5;2021-10-29;0;0;0;0;0;0;0;0;0;0
FR;5;2021-10-30;0;0;0;0;0;0;0;0;0;0
FR;5;2021-10-31;0;0;0;0;0;0;0;0;0;0
FR;5;2021-11-01;0;0;0;0;0;0;0;0;0;0
FR;5;2021-11-02;0;0;0;0;0;0;0;0;0;0
FR;5;2021-11-03;0;0;0;0;0;0;0;0;0;0
FR;5;2021-11-04;0;0;0;0;0;0;0;0;0;0
FR;5;2021-11-05;0;0;0;0;0;0;0;0;0;0
FR;5;2021-11-06;0;0;0;0;0;0;0;0;0;0
FR;5;2021-11-07;0;0;0;0;0;0;0;0;0;0
FR;5;2021-11-08;0;0;0;0;0;0;0;0;0;0
FR;5;2021-11-09;0;0;0;0;0;0;0;0;0;0
FR;5;2021-11-10;0;0;0;0;0;0;0;0;0;0
FR;5;2021-11-11;0;0;0;0;0;0;0;0;0;0
FR;5;2021-11-12;0;0;0;0;0;0;0;0;0;0
FR;5;2021-11-13;0;0;0;0;0;0;0;0;0;0
FR;5;2021-11-14;0;0;0;0;0;0;0;0;0;0
FR;5;2021-11-15;0;0;0;0;0;0;0;0;0;0
FR;5;2021-11-16;0;0;0;0;0;0;0;0;0;0
FR;5;2021-11-17;0;0;0;0;0;0;0;0;0;0
FR;5;2021-11-18;0;0;0;0;0;0;0;0;0;0
FR;5;2021-11-19;0;0;0;0;0;0;0;0;0;0
FR;5;2021-11-20;0;0;0;0;0;0;0;0;0;0
FR;5;2021-11-21;0;0;0;0;0;0;0;0;0;0
FR;5;2021-11-22;0;0;0;0;0;0;0;0;0;0
FR;5;2021-11-23;0;0;0;0;0;0;0;0;0;0
FR;5;2021-11-24;0;0;0;0;0;0;0;0;0;0
FR;5;2021-11-25;0;0;0;0;0;0;0;0;0;0
FR;5;2021-11-26;0;0;0;0;0;0;0;0;0;0
FR;5;2021-11-27;0;0;0;0;0;0;0;0;0;0
FR;5;2021-11-28;0;0;0;0;0;0;0;0;0;0
FR;5;2021-11-29;0;0;0;0;0;0;0;0;0;0
FR;5;2021-11-30;0;0;0;0;0;0;0;0;0;0
FR;5;2021-12-01;0;0;0;0;0;0;0;0;0;0
FR;5;2021-12-02;0;0;0;0;0;0;0;0;0;0
FR;5;2021-12-03;0;0;0;0;0;0;0;0;0;0
FR;5;2021-12-04;0;0;0;0;0;0;0;0;0;0
FR;5;2021-12-05;0;0;0;0;0;0;0;0;0;0
FR;5;2021-12-06;0;0;0;0;0;0;0;0;0;0
FR;5;2021-12-07;0;0;0;0;0;0;0;0;0;0
FR;5;2021-12-08;0;0;0;0;0;0;0;0;0;0
FR;5;2021-12-09;0;0;0;0;0;0;0;0;0;0
FR;5;2021-12-10;0;0;0;0;0;0;0;0;0;0
FR;5;2021-12-11;0;0;0;0;0;0;0;0;0;0
FR;5;2021-12-12;0;0;0;0;0;0;0;0;0;0
FR;5;2021-12-13;0;0;0;0;0;0;0;0;0;0
FR;5;2021-12-14;25;45;77;0;88;25;45;77;0;88
FR;5;2021-12-15;196;44;37;0;49;221;89;114;0;137
FR;5;2021-12-16;180;21;44;0;48;401;110;158;0;185
FR;5;2021-12-17;308;16;72;0;74;709;126;230;0;259
FR;5;2021-12-18;761;24;22;0;29;1470;150;252;0;288
FR;5;2021-12-19;585;15;15;0;17;2055;165;267;0;305
FR;5;2021-12-20;1215;31;35;0;38;3270;196;302;0;343
FR;5;2021-12-21;1534;22;53;1;59;4804;218;355;1;402
FR;5;2021-12-22;4067;39;37;0;45;8871;257;392;1;447
FR;5;2021-12-23;3039;16;21;0;25;11910;273;413;1;472
FR;5;2021-12-24;760;18;9;0;15;12670;291;422;1;487
FR;5;2021-12-25;61;5;1;0;2;12731;296;423;1;489
FR;5;2021-12-26;623;6;3;0;4;13354;302;426;1;493
FR;5;2021-12-27;4079;25;21;0;23;17433;327;447;1;516
FR;5;2021-12-28;5198;22;41;1;42;22631;349;488;2;558
FR;5;2021-12-29;8098;34;65;2;69;30729;383;553;4;627
FR;5;2021-12-30;5171;19;33;0;39;35900;402;586;4;666
FR;5;2021-12-31;1550;8;10;0;11;37450;410;596;4;677
FR;5;2022-01-01;182;1;2;0;2;37632;411;598;4;679
FR;5;2022-01-02;1487;1;1;0;1;39119;412;599;4;680
FR;5;2022-01-03;3047;33;33;0;32;42166;445;632;4;712
FR;5;2022-01-04;3028;39;33;0;42;45194;484;665;4;754
FR;5;2022-01-05;19304;202;97;1;108;64498;686;762;5;862
FR;5;2022-01-06;3739;132;122;0;142;68237;818;884;5;1004
FR;5;2022-01-07;4994;198;47;2;55;73231;1016;931;7;1059
FR;5;2022-01-08;13646;514;45;0;52;86877;1530;976;7;1111
FR;5;2022-01-09;5755;398;15;0;20;92632;1928;991;7;1131
FR;5;2022-01-10;3446;328;25;0;29;96078;2256;1016;7;1160
FR;5;2022-01-11;3666;284;37;0;40;99744;2540;1053;7;1200
FR;5;2022-01-12;22644;3004;90;0;113;122388;5544;1143;7;1313
FR;5;2022-01-13;4029;623;30;0;31;126417;6167;1173;7;1344
FR;5;2022-01-14;4836;580;43;0;50;131253;6747;1216;7;1394
FR;5;2022-01-15;14671;1747;39;3;50;145924;8494;1255;10;1444
FR;5;2022-01-16;4728;666;3;0;5;150652;9160;1258;10;1449
FR;5;2022-01-17;2296;716;26;0;29;152948;9876;1284;10;1478
FR;5;2022-01-18;2423;868;30;0;40;155371;10744;1314;10;1518
FR;5;2022-01-19;18475;6419;74;2;142;173846;17163;1388;12;1660
FR;5;2022-01-20;1917;1068;24;0;32;175763;18231;1412;12;1692
FR;5;2022-01-21;3075;1370;47;1;59;178838;19601;1459;13;1751
FR;5;2022-01-22;10716;3452;32;1;41;189554;23053;1491;14;1792
FR;5;2022-01-23;2627;1413;5;0;8;192181;24466;1496;14;1800
FR;5;2022-01-24;1157;1340;19;0;23;193338;25806;1515;14;1823
FR;5;2022-01-25;1216;1548;19;2;29;194554;27354;1534;16;1852
FR;5;2022-01-26;10742;12007;50;1;89;205296;39361;1584;17;1941
FR;5;2022-01-27;1287;1687;10;0;17;206583;41048;1594;17;1958
FR;5;2022-01-28;1694;3336;16;0;19;208277;44384;1610;17;1977
FR;5;2022-01-29;6228;8038;67;0;95;214505;52422;1677;17;2072
FR;5;2022-01-30;1507;2950;5;0;18;216012;55372;1682;17;2090
FR;5;2022-01-31;584;1772;23;0;24;216596;57144;1705;17;2114
FR;5;2022-02-01;704;1697;10;0;14;217300;58841;1715;17;2128
FR;5;2022-02-02;6935;15644;51;0;94;224235;74485;1766;17;2222
FR;5;2022-02-03;481;1688;13;0;11;224716;76173;1779;17;2233
FR;5;2022-02-04;932;3001;18;0;30;225648;79174;1797;17;2263
FR;5;2022-02-05;3517;8914;23;0;37;229165;88088;1820;17;2300
FR;5;2022-02-06;733;2397;9;0;18;229898;90485;1829;17;2318
FR;5;2022-02-07;870;1594;21;0;23;230768;92079;1850;17;2341
FR;5;2022-02-08;712;1278;18;0;19;231480;93357;1868;17;2360
FR;5;2022-02-09;4521;12875;44;1;76;236001;106232;1912;18;2436
FR;5;2022-02-10;640;1055;13;0;14;236641;107287;1925;18;2450
FR;5;2022-02-11;775;2023;16;0;20;237416;109310;1941;18;2470
FR;5;2022-02-12;2277;6808;32;0;52;239693;116118;1973;18;2522
FR;5;2022-02-13;460;1539;7;0;7;240153;117657;1980;18;2529
FR;5;2022-02-14;672;1284;11;0;14;240825;118941;1991;18;2543
FR;5;2022-02-15;478;879;7;0;12;241303;119820;1998;18;2555
FR;5;2022-02-16;2954;9112;41;1;58;244257;128932;2039;19;2613
FR;5;2022-02-17;432;803;6;0;7;244689;129735;2045;19;2620
FR;5;2022-02-18;645;1402;12;0;16;245334;131137;2057;19;2636
FR;5;2022-02-19;1365;4309;16;0;28;246699;135446;2073;19;2664
FR;5;2022-02-20;244;879;6;0;8;246943;136325;2079;19;2672
FR;5;2022-02-21;219;603;2;0;4;247162;136928;2081;19;2676
FR;5;2022-02-22;251;528;17;0;16;247413;137456;2098;19;2692
FR;5;2022-02-23;1890;6890;22;1;41;249303;144346;2120;20;2733
FR;5;2022-02-24;180;359;5;1;4;249483;144705;2125;21;2737
FR;0;2020-12-27;578;0;0;0;0;578;0;0;0;0
FR;0;2020-12-28;630;0;0;0;0;1208;0;0;0;0
FR;0;2020-12-29;361;0;0;0;0;1569;0;0;0;0
FR;0;2020-12-30;423;0;0;0;0;1992;0;0;0;0
FR;0;2020-12-31;340;0;0;0;0;2332;0;0;0;0
FR;0;2021-01-01;1116;0;0;0;0;3448;0;0;0;0
FR;0;2021-01-02;340;0;0;0;0;3788;0;0;0;0
FR;0;2021-01-03;407;0;0;0;0;4195;0;0;0;0
FR;0;2021-01-04;2063;0;0;0;0;6258;0;0;0;0
FR;0;2021-01-05;6303;2;0;0;0;12561;2;0;0;0
FR;0;2021-01-06;12098;0;0;0;0;24659;2;0;0;0
FR;0;2021-01-07;29386;2;0;0;0;54045;4;0;0;0
FR;0;2021-01-08;37173;1;0;0;0;91218;5;0;0;0
FR;0;2021-01-09;11209;1;0;0;0;102427;6;0;0;0
FR;0;2021-01-10;6020;0;0;0;0;108447;6;0;0;0
FR;0;2021-01-11;39909;3;0;0;0;148356;9;0;0;0
FR;0;2021-01-12;62091;3;0;0;0;210447;12;0;0;0
FR;0;2021-01-13;65022;9;0;0;0;275469;21;0;0;0
FR;0;2021-01-14;83090;13;0;0;0;358559;34;0;0;0
FR;0;2021-01-15;68953;3;0;0;0;427512;37;0;0;0
FR;0;2021-01-16;20198;75;0;0;0;447710;112;0;0;0
FR;0;2021-01-17;11003;44;0;0;0;458713;156;0;0;0
FR;0;2021-01-18;85798;159;0;0;0;544511;315;0;0;0
FR;0;2021-01-19;130572;131;0;0;0;675083;446;0;0;0
FR;0;2021-01-20;137521;161;0;0;0;812604;607;0;0;0
FR;0;2021-01-21;158343;139;0;0;0;970947;746;0;0;0
FR;0;2021-01-22;120991;168;0;0;0;1091938;914;0;0;0
FR;0;2021-01-23;38448;55;0;0;0;1130386;969;0;0;0
FR;0;2021-01-24;9752;41;0;0;0;1140138;1010;0;0;0
FR;0;2021-01-25;78207;1214;0;0;0;1218345;2224;0;0;0
FR;0;2021-01-26;100327;3121;0;0;0;1318672;5345;0;0;0
FR;0;2021-01-27;107207;5592;0;0;0;1425879;10937;0;0;0
FR;0;2021-01-28;124302;14329;0;0;0;1550181;25266;0;0;0
FR;0;2021-01-29;92136;17272;0;0;0;1642317;42538;0;0;0
FR;0;2021-01-30;29086;4215;0;0;0;1671403;46753;0;0;0
FR;0;2021-01-31;5213;1680;0;0;0;1676616;48433;0;0;0
FR;0;2021-02-01;53185;21100;0;0;0;1729801;69533;0;0;0
FR;0;2021-02-02;72206;34563;0;0;0;1802007;104096;0;0;0
FR;0;2021-02-03;72230;36937;0;0;0;1874237;141033;0;0;0
FR;0;2021-02-04;81952;49990;0;0;0;1956189;191023;0;0;0
FR;0;2021-02-05;68181;45258;0;0;0;2024370;236281;0;0;0
FR;0;2021-02-06;23138;10386;0;0;0;2047508;246667;0;0;0
FR;0;2021-02-07;5182;5044;0;0;0;2052690;251711;0;0;0
FR;0;2021-02-08;46742;45938;0;0;0;2099432;297649;0;0;0
FR;0;2021-02-09;65960;72357;0;0;0;2165392;370006;0;0;0
FR;0;2021-02-10;70814;76558;0;0;0;2236206;446564;0;0;0
FR;0;2021-02-11;87158;98980;0;0;0;2323364;545544;0;0;0
FR;0;2021-02-12;79237;74160;0;0;0;2402601;619704;0;0;0
FR;0;2021-02-13;22325;19469;0;0;0;2424926;639173;0;0;0
FR;0;2021-02-14;5048;7193;0;0;0;2429974;646366;0;0;0
FR;0;2021-02-15;38003;76387;0;0;0;2467977;722753;0;0;0
FR;0;2021-02-16;50288;100573;0;0;0;2518265;823326;0;0;0
FR;0;2021-02-17;50439;102833;1;0;0;2568704;926159;1;0;0
FR;0;2021-02-18;69640;118409;0;0;0;2638344;1044568;1;0;0
FR;0;2021-02-19;65015;90575;1;0;0;2703359;1135143;2;0;0
FR;0;2021-02-20;18564;28367;0;0;0;2721923;1163510;2;0;0
FR;0;2021-02-21;3283;6373;0;0;0;2725206;1169883;2;0;0
FR;0;2021-02-22;37433;73013;2;0;0;2762639;1242896;4;0;0
FR;0;2021-02-23;53724;83950;1;0;0;2816363;1326846;5;0;0
FR;0;2021-02-24;59930;80998;1;0;0;2876293;1407844;6;0;0
FR;0;2021-02-25;100499;91277;1;0;0;2976792;1499121;7;0;0
FR;0;2021-02-26;113381;70907;0;0;0;3090173;1570028;7;0;0
FR;0;2021-02-27;52074;21947;0;0;0;3142247;1591975;7;0;0
FR;0;2021-02-28;6167;4411;1;0;0;3148414;1596386;8;0;0
FR;0;2021-03-01;65807;52702;1;0;0;3214221;1649088;9;0;0
FR;0;2021-03-02;101288;66150;2;0;0;3315509;1715238;11;0;0
FR;0;2021-03-03;116323;65439;0;0;0;3431832;1780677;11;0;0
FR;0;2021-03-04;163452;68803;3;0;0;3595284;1849480;14;0;0
FR;0;2021-03-05;200797;63266;3;0;0;3796081;1912746;17;0;0
FR;0;2021-03-06;207901;17785;3;0;0;4003982;1930531;20;0;0
FR;0;2021-03-07;121227;5453;0;0;0;4125209;1935984;20;0;0
FR;0;2021-03-08;107056;50733;2;0;0;4232265;1986717;22;0;0
FR;0;2021-03-09;172315;56697;2;0;0;4404580;2043414;24;0;0
FR;0;2021-03-10;178796;57111;5;0;0;4583376;2100525;29;0;0
FR;0;2021-03-11;242697;62990;2;0;0;4826073;2163515;31;0;0
FR;0;2021-03-12;294674;53466;0;0;0;5120747;2216981;31;0;0
FR;0;2021-03-13;231311;15264;1;0;0;5352058;2232245;32;0;0
FR;0;2021-03-14;63309;3418;1;0;0;5415367;2235663;33;0;0
FR;0;2021-03-15;158426;32571;3;0;0;5573793;2268234;36;0;0
FR;0;2021-03-16;141515;39491;4;0;0;5715308;2307725;40;0;0
FR;0;2021-03-17;150388;38761;5;0;0;5865696;2346486;45;0;0
FR;0;2021-03-18;167739;44576;4;0;0;6033435;2391062;49;0;0
FR;0;2021-03-19;229943;37420;2;0;0;6263378;2428482;51;0;0
FR;0;2021-03-20;166608;11767;0;0;0;6429986;2440249;51;0;0
FR;0;2021-03-21;49864;2620;1;0;0;6479850;2442869;52;0;0
FR;0;2021-03-22;169867;34236;1;0;0;6649717;2477105;53;0;0
FR;0;2021-03-23;250265;42356;1;0;0;6899982;2519461;54;0;0
FR;0;2021-03-24;256805;43818;0;0;0;7156787;2563279;54;0;0
FR;0;2021-03-25;341692;44682;5;0;0;7498479;2607961;59;0;0
FR;0;2021-03-26;358681;41815;4;0;0;7857160;2649776;63;0;0
FR;0;2021-03-27;195191;16638;1;0;0;8052351;2666414;64;0;0
FR;0;2021-03-28;59284;3743;3;0;0;8111635;2670157;67;0;0
FR;0;2021-03-29;202865;54225;4;0;0;8314500;2724382;71;0;0
FR;0;2021-03-30;285299;69559;4;0;0;8599799;2793941;75;0;0
FR;0;2021-03-31;262871;72817;4;0;0;8862670;2866758;79;0;0
FR;0;2021-04-01;315356;87718;12;0;0;9178026;2954476;91;0;0
FR;0;2021-04-02;281222;92015;7;0;0;9459248;3046491;98;0;0
FR;0;2021-04-03;140941;61751;5;0;0;9600189;3108242;103;0;0
FR;0;2021-04-04;46322;18648;2;0;0;9646511;3126890;105;0;0
FR;0;2021-04-05;63314;10990;11;0;0;9709825;3137880;116;0;0
FR;0;2021-04-06;217021;107710;16;0;0;9926846;3245590;132;0;0
FR;0;2021-04-07;260096;115316;17;0;0;10186942;3360906;149;0;0
FR;0;2021-04-08;337596;121272;14;0;0;10524538;3482178;163;0;0
FR;0;2021-04-09;409985;116354;48;0;0;10934523;3598532;211;0;0
FR;0;2021-04-10;212523;82653;14;0;0;11147046;3681185;225;0;0
FR;0;2021-04-11;56029;34545;7;0;0;11203075;3715730;232;0;0
FR;0;2021-04-12;236878;115048;45;0;0;11439953;3830778;277;0;0
FR;0;2021-04-13;309311;144742;96;0;0;11749264;3975520;373;0;0
FR;0;2021-04-14;294346;139228;210;0;0;12043610;4114748;583;0;0
FR;0;2021-04-15;337031;147671;332;0;0;12380641;4262419;915;0;0
FR;0;2021-04-16;339157;145569;352;0;0;12719798;4407988;1267;0;0
FR;0;2021-04-17;188583;90143;107;0;0;12908381;4498131;1374;0;0
FR;0;2021-04-18;51550;35405;44;0;0;12959931;4533536;1418;0;0
FR;0;2021-04-19;205486;138172;453;0;0;13165417;4671708;1871;0;0
FR;0;2021-04-20;254232;170500;562;0;0;13419649;4842208;2433;0;0
FR;0;2021-04-21;253082;168647;828;0;0;13672731;5010855;3261;0;0
FR;0;2021-04-22;287325;188047;817;0;0;13960056;5198902;4078;0;0
FR;0;2021-04-23;298004;183056;740;0;0;14258060;5381958;4818;0;0
FR;0;2021-04-24;190370;111441;245;0;0;14448430;5493399;5063;0;0
FR;0;2021-04-25;69448;38816;51;0;0;14517878;5532215;5114;0;0
FR;0;2021-04-26;220798;155874;554;0;0;14738676;5688089;5668;0;0
FR;0;2021-04-27;284467;187236;934;0;0;15023143;5875325;6602;0;0
FR;0;2021-04-28;299352;182955;1413;1;1;15322495;6058280;8015;1;1
FR;0;2021-04-29;356958;195903;1272;0;0;15679453;6254183;9287;1;1
FR;0;2021-04-30;372077;184578;1115;1;1;16051530;6438761;10402;2;2
FR;0;2021-05-01;167349;52484;178;0;0;16218879;6491245;10580;2;2
FR;0;2021-05-02;91747;37780;82;0;0;16310626;6529025;10662;2;2
FR;0;2021-05-03;289020;169498;833;0;0;16599646;6698523;11495;2;2
FR;0;2021-05-04;315482;224078;1225;0;0;16915128;6922601;12720;2;2
FR;0;2021-05-05;327126;224231;1306;0;0;17242254;7146832;14026;2;2
FR;0;2021-05-06;379255;238911;1617;0;0;17621509;7385743;15643;2;2
FR;0;2021-05-07;372695;256988;1217;0;0;17994204;7642731;16860;2;2
FR;0;2021-05-08;222074;66789;294;0;0;18216278;7709520;17154;2;2
FR;0;2021-05-09;129616;46670;241;0;0;18345894;7756190;17395;2;2
FR;0;2021-05-10;313250;228697;1221;0;0;18659144;7984887;18616;2;2
FR;0;2021-05-11;403727;257778;1556;0;0;19062871;8242665;20172;2;2
FR;0;2021-05-12;433882;232940;1521;0;0;19496753;8475605;21693;2;2
FR;0;2021-05-13;338415;56822;426;0;0;19835168;8532427;22119;2;2
FR;0;2021-05-14;454106;167219;1107;0;0;20289274;8699646;23226;2;2
FR;0;2021-05-15;374694;93886;436;0;0;20663968;8793532;23662;2;2
FR;0;2021-05-16;202663;20777;165;0;0;20866631;8814309;23827;2;2
FR;0;2021-05-17;375989;148918;1538;0;0;21242620;8963227;25365;2;2
FR;0;2021-05-18;459407;152932;1976;0;0;21702027;9116159;27341;2;2
FR;0;2021-05-19;467190;145079;2441;0;0;22169217;9261238;29782;2;2
FR;0;2021-05-20;507302;160114;2322;0;0;22676519;9421352;32104;2;2
FR;0;2021-05-21;489412;174294;1971;0;0;23165931;9595646;34075;2;2
FR;0;2021-05-22;347049;79749;667;0;0;23512980;9675395;34742;2;2
FR;0;2021-05-23;161590;14410;246;0;0;23674570;9689805;34988;2;2
FR;0;2021-05-24;263058;33174;594;0;0;23937628;9722979;35582;2;2
FR;0;2021-05-25;399999;189046;2328;1;0;24337627;9912025;37910;3;2
FR;0;2021-05-26;413268;187977;2202;0;0;24750895;10100002;40112;3;2
FR;0;2021-05-27;449602;218384;2137;0;0;25200497;10318386;42249;3;2
FR;0;2021-05-28;429411;259306;1880;0;0;25629908;10577692;44129;3;2
FR;0;2021-05-29;298881;149254;581;0;0;25928789;10726946;44710;3;2
FR;0;2021-05-30;107025;32571;162;0;0;26035814;10759517;44872;3;2
FR;0;2021-05-31;357811;203288;1459;1;1;26393625;10962805;46331;4;3
FR;0;2021-06-01;430687;251364;1944;1;1;26824312;11214169;48275;5;4
FR;0;2021-06-02;419324;230620;1964;0;0;27243636;11444789;50239;5;4
FR;0;2021-06-03;464009;258431;1807;0;0;27707645;11703220;52046;5;4
FR;0;2021-06-04;455350;304606;1715;1;1;28162995;12007826;53761;6;5
FR;0;2021-06-05;304659;188884;646;0;0;28467654;12196710;54407;6;5
FR;0;2021-06-06;133166;49083;226;0;0;28600820;12245793;54633;6;5
FR;0;2021-06-07;338704;262080;1514;0;0;28939524;12507873;56147;6;5
FR;0;2021-06-08;393444;290905;1784;0;0;29332968;12798778;57931;6;5
FR;0;2021-06-09;384481;275625;1715;0;0;29717449;13074403;59646;6;5
FR;0;2021-06-10;404429;289188;1709;1;1;30121878;13363591;61355;7;6
FR;0;2021-06-11;386425;357215;1449;0;0;30508303;13720806;62804;7;6
FR;0;2021-06-12;283123;211243;485;0;0;30791426;13932049;63289;7;6
FR;0;2021-06-13;104758;73994;200;0;0;30896184;14006043;63489;7;6
FR;0;2021-06-14;240658;355719;1416;1;1;31136842;14361762;64905;8;7
FR;0;2021-06-15;307715;385654;1552;1;1;31444557;14747416;66457;9;8
FR;0;2021-06-16;313728;357545;1406;1;1;31758285;15104961;67863;10;9
FR;0;2021-06-17;317573;371968;1414;1;0;32075858;15476929;69277;11;9
FR;0;2021-06-18;321653;442322;1319;1;1;32397511;15919251;70596;12;10
FR;0;2021-06-19;224248;273698;443;0;0;32621759;16192949;71039;12;10
FR;0;2021-06-20;74317;102547;125;0;0;32696076;16295496;71164;12;10
FR;0;2021-06-21;195464;401873;1014;1;1;32891540;16697369;72178;13;11
FR;0;2021-06-22;222892;467051;1253;10;9;33114432;17164420;73431;23;20
FR;0;2021-06-23;233711;439632;1188;1;1;33348143;17604052;74619;24;21
FR;0;2021-06-24;241590;409140;1332;0;0;33589733;18013192;75951;24;21
FR;0;2021-06-25;228077;522023;1391;0;0;33817810;18535215;77342;24;21
FR;0;2021-06-26;153070;370596;578;1;1;33970880;18905811;77920;25;22
FR;0;2021-06-27;55805;156291;164;0;0;34026685;19062102;78084;25;22
FR;0;2021-06-28;154467;452973;1156;0;0;34181152;19515075;79240;25;22
FR;0;2021-06-29;182419;505934;2118;0;0;34363571;20021009;81358;25;22
FR;0;2021-06-30;203617;481330;2004;21;19;34567188;20502339;83362;46;41
FR;0;2021-07-01;231473;457564;2219;5;5;34798661;20959903;85581;51;46
FR;0;2021-07-02;227588;520140;2114;4;4;35026249;21480043;87695;55;50
FR;0;2021-07-03;141822;368629;908;3;3;35168071;21848672;88603;58;53
FR;0;2021-07-04;56629;141245;265;0;0;35224700;21989917;88868;58;53
FR;0;2021-07-05;168192;419260;1664;7;4;35392892;22409177;90532;65;57
FR;0;2021-07-06;196600;474745;1822;43;41;35589492;22883922;92354;108;98
FR;0;2021-07-07;213167;439183;1872;22;20;35802659;23323105;94226;130;118
FR;0;2021-07-08;231337;424019;2088;20;20;36033996;23747124;96314;150;138
FR;0;2021-07-09;228196;510026;2181;4;4;36262192;24257150;98495;154;142
FR;0;2021-07-10;148331;339743;981;1;1;36410523;24596893;99476;155;143
FR;0;2021-07-11;60065;110085;281;0;0;36470588;24706978;99757;155;143
FR;0;2021-07-12;168872;478080;1749;4;4;36639460;25185058;101506;159;147
FR;0;2021-07-13;287030;527394;2043;6;6;36926490;25712452;103549;165;153
FR;0;2021-07-14;180729;157746;432;0;0;37107219;25870198;103981;165;153
FR;0;2021-07-15;346688;502412;2092;1;1;37453907;26372610;106073;166;154
FR;0;2021-07-16;379668;495990;2017;3;3;37833575;26868600;108090;169;157
FR;0;2021-07-17;259606;319794;874;1;1;38093181;27188394;108964;170;158
FR;0;2021-07-18;109640;114846;310;0;0;38202821;27303240;109274;170;158
FR;0;2021-07-19;285213;425198;1623;3;3;38488034;27728438;110897;173;161
FR;0;2021-07-20;376685;452632;1717;0;0;38864719;28181070;112614;173;161
FR;0;2021-07-21;395432;408099;1545;4;3;39260151;28589169;114159;177;164
FR;0;2021-07-22;440558;388352;1707;4;4;39700709;28977521;115866;181;168
FR;0;2021-07-23;438243;422816;1872;4;4;40138952;29400337;117738;185;172
FR;0;2021-07-24;285112;269710;801;1;1;40424064;29670047;118539;186;173
FR;0;2021-07-25;120988;80073;225;0;0;40545052;29750120;118764;186;173
FR;0;2021-07-26;347111;323420;1613;3;3;40892163;30073540;120377;189;176
FR;0;2021-07-27;463668;320405;1697;4;4;41355831;30393945;122074;193;180
FR;0;2021-07-28;459098;290162;1632;4;4;41814929;30684107;123706;197;184
FR;0;2021-07-29;489464;277014;1791;2;2;42304393;30961121;125497;199;186
FR;0;2021-07-30;461378;302797;1935;5;5;42765771;31263918;127432;204;191
FR;0;2021-07-31;285209;184955;910;1;1;43050980;31448873;128342;205;192
FR;0;2021-08-01;111867;49968;247;0;0;43162847;31498841;128589;205;192
FR;0;2021-08-02;341149;234337;1594;1;1;43503996;31733178;130183;206;193
FR;0;2021-08-03;397245;245116;1708;2;2;43901241;31978294;131891;208;195
FR;0;2021-08-04;384425;210104;1589;5;5;44285666;32188398;133480;213;200
FR;0;2021-08-05;365704;228730;1704;0;0;44651370;32417128;135184;213;200
FR;0;2021-08-06;359105;271663;1831;4;3;45010475;32688791;137015;217;203
FR;0;2021-08-07;212658;178302;754;4;3;45223133;32867093;137769;221;206
FR;0;2021-08-08;73959;63198;268;0;0;45297092;32930291;138037;221;206
FR;0;2021-08-09;258272;259771;1536;4;4;45555364;33190062;139573;225;210
FR;0;2021-08-10;306194;278344;1650;2;2;45861558;33468406;141223;227;212
FR;0;2021-08-11;279284;260384;1433;5;4;46140842;33728790;142656;232;216
FR;0;2021-08-12;271003;278389;1654;3;3;46411845;34007179;144310;235;219
FR;0;2021-08-13;251841;277234;1584;3;3;46663686;34284413;145894;238;222
FR;0;2021-08-14;145053;197361;736;0;0;46808739;34481774;146630;238;222
FR;0;2021-08-15;39090;50128;210;1;1;46847829;34531902;146840;239;223
FR;0;2021-08-16;185469;318207;1533;0;0;47033298;34850109;148373;239;223
FR;0;2021-08-17;215265;336638;1625;4;4;47248563;35186747;149998;243;227
FR;0;2021-08-18;198613;324764;1580;7;7;47447176;35511511;151578;250;234
FR;0;2021-08-19;191594;325312;1624;1;1;47638770;35836823;153202;251;235
FR;0;2021-08-20;185955;365264;1794;3;3;47824725;36202087;154996;254;238
FR;0;2021-08-21;104577;238071;698;0;0;47929302;36440158;155694;254;238
FR;0;2021-08-22;31835;87149;252;1;1;47961137;36527307;155946;255;239
FR;0;2021-08-23;140726;357068;1552;3;2;48101863;36884375;157498;258;241
FR;0;2021-08-24;162172;376782;1831;5;3;48264035;37261157;159329;263;244
FR;0;2021-08-25;150588;350663;2016;6;4;48414623;37611820;161345;269;248
FR;0;2021-08-26;142515;342451;2547;10;7;48557138;37954271;163892;279;255
FR;0;2021-08-27;148122;387361;2782;11;9;48705260;38341632;166674;290;264
FR;0;2021-08-28;90404;249377;1402;0;0;48795664;38591009;168076;290;264
FR;0;2021-08-29;27249;83241;507;1;1;48822913;38674250;168583;291;265
FR;0;2021-08-30;116836;324604;4697;6;6057;48939749;38998854;173280;297;6322
FR;0;2021-08-31;128528;334567;10149;17;11865;49068277;39333421;183429;314;18187
FR;0;2021-09-01;134810;285351;22381;7;24088;49203087;39618772;205810;321;42275
FR;0;2021-09-02;111847;247089;26459;13;28705;49314934;39865861;232269;334;70980
FR;0;2021-09-03;118060;292483;29917;24;32793;49432994;40158344;262186;358;103773
FR;0;2021-09-04;89405;217500;12566;12;13977;49522399;40375844;274752;370;117750
FR;0;2021-09-05;21288;44897;4378;2;4714;49543687;40420741;279130;372;122464
FR;0;2021-09-06;74780;180781;31917;16;34069;49618467;40601522;311047;388;156533
FR;0;2021-09-07;78056;181062;33217;39;35965;49696523;40782584;344264;427;192498
FR;0;2021-09-08;88662;205959;29616;26;32191;49785185;40988543;373880;453;224689
FR;0;2021-09-09;75634;165115;32982;25;36268;49860819;41153658;406862;478;260957
FR;0;2021-09-10;95027;203270;35668;24;40249;49955846;41356928;442530;502;301206
FR;0;2021-09-11;65988;168913;12110;17;14152;50021834;41525841;454640;519;315358
FR;0;2021-09-12;12668;32071;2760;2;3130;50034502;41557912;457400;521;318488
FR;0;2021-09-13;64193;126301;41136;32;43700;50098695;41684213;498536;553;362188
FR;0;2021-09-14;73119;129095;56242;80;61595;50171814;41813308;554778;633;423783
FR;0;2021-09-15;76256;167589;55553;58;54651;50248070;41980897;610331;691;478434
FR;0;2021-09-16;63663;114281;59933;86;59869;50311733;42095178;670264;777;538303
FR;0;2021-09-17;74872;156543;53751;70;57135;50386605;42251721;724015;847;595438
FR;0;2021-09-18;48065;139322;15579;25;17269;50434670;42391043;739594;872;612707
FR;0;2021-09-19;7832;23711;2425;2;2619;50442502;42414754;742019;874;615326
FR;0;2021-09-20;45147;93751;49953;75;50121;50487649;42508505;791972;949;665447
FR;0;2021-09-21;45644;98330;62631;78;63228;50533293;42606835;854603;1027;728675
FR;0;2021-09-22;48375;141687;55236;85;55188;50581668;42748522;909839;1112;783863
FR;0;2021-09-23;42989;91269;62275;94;63257;50624657;42839791;972114;1206;847120
FR;0;2021-09-24;52075;132290;54452;110;58997;50676732;42972081;1026566;1316;906117
FR;0;2021-09-25;35032;115052;16249;37;18224;50711764;43087133;1042815;1353;924341
FR;0;2021-09-26;5497;17800;2256;4;2326;50717261;43104933;1045071;1357;926667
FR;0;2021-09-27;33874;76659;47097;95;48060;50751135;43181592;1092168;1452;974727
FR;0;2021-09-28;36322;74903;54818;88;56331;50787457;43256495;1146986;1540;1031058
FR;0;2021-09-29;44118;100471;53223;110;54704;50831575;43356966;1200209;1650;1085762
FR;0;2021-09-30;36066;70987;56900;95;59335;50867641;43427953;1257109;1745;1145097
FR;0;2021-10-01;61409;99568;57707;108;63585;50929050;43527521;1314816;1853;1208682
FR;0;2021-10-02;38503;78023;20933;38;23278;50967553;43605544;1335749;1891;1231960
FR;0;2021-10-03;5217;10574;2515;4;2554;50972770;43616118;1338264;1895;1234514
FR;0;2021-10-04;34081;58043;52550;83;54738;51006851;43674161;1390814;1978;1289252
FR;0;2021-10-05;33042;64024;60869;134;64807;51039893;43738185;1451683;2112;1354059
FR;0;2021-10-06;41946;78807;65601;113;68131;51081839;43816992;1517284;2225;1422190
FR;0;2021-10-07;30190;61686;65306;90;68596;51112029;43878678;1582590;2315;1490786
FR;0;2021-10-08;48239;91379;77631;110;84490;51160268;43970057;1660221;2425;1575276
FR;0;2021-10-09;33370;60541;31485;35;33792;51193638;44030598;1691706;2460;1609068
FR;0;2021-10-10;4463;7276;3174;9;3462;51198101;44037874;1694880;2469;1612530
FR;0;2021-10-11;30226;49695;60965;105;63997;51228327;44087569;1755845;2574;1676527
FR;0;2021-10-12;31091;54204;70472;138;75716;51259418;44141773;1826317;2712;1752243
FR;0;2021-10-13;39823;62446;74353;135;79213;51299241;44204219;1900670;2847;1831456
FR;0;2021-10-14;30220;52510;68651;113;73643;51329461;44256729;1969321;2960;1905099
FR;0;2021-10-15;44528;74551;93167;188;102896;51373989;44331280;2062488;3148;2007995
FR;0;2021-10-16;31107;43895;36657;44;39583;51405096;44375175;2099145;3192;2047578
FR;0;2021-10-17;3804;5231;3583;2;3684;51408900;44380406;2102728;3194;2051262
FR;0;2021-10-18;27175;40601;67426;131;71326;51436075;44421007;2170154;3325;2122588
FR;0;2021-10-19;26864;42982;76328;139;81594;51462939;44463989;2246482;3464;2204182
FR;0;2021-10-20;35123;51857;96840;179;101378;51498062;44515846;2343322;3643;2305560
FR;0;2021-10-21;25786;44892;83834;113;89023;51523848;44560738;2427156;3756;2394583
FR;0;2021-10-22;38111;61785;104792;198;112422;51561959;44622523;2531948;3954;2507005
FR;0;2021-10-23;26799;40037;45403;57;48536;51588758;44662560;2577351;4011;2555541
FR;0;2021-10-24;2899;4755;3669;6;3939;51591657;44667315;2581020;4017;2559480
FR;0;2021-10-25;25877;35898;82240;144;86562;51617534;44703213;2663260;4161;2646042
FR;0;2021-10-26;23580;34801;87132;165;92225;51641114;44738014;2750392;4326;2738267
FR;0;2021-10-27;29870;45878;108883;258;114546;51670984;44783892;2859275;4584;2852813
FR;0;2021-10-28;23233;34366;88603;153;94309;51694217;44818258;2947878;4737;2947122
FR;0;2021-10-29;31382;50465;117212;205;125170;51725599;44868723;3065090;4942;3072292
FR;0;2021-10-30;20314;32883;50285;78;53334;51745913;44901606;3115375;5020;3125626
FR;0;2021-10-31;2481;3826;3570;3;3879;51748394;44905432;3118945;5023;3129505
FR;0;2021-11-01;7334;4125;3171;3;3493;51755728;44909557;3122116;5026;3132998
FR;0;2021-11-02;24885;39594;93461;155;99350;51780613;44949151;3215577;5181;3232348
FR;0;2021-11-03;29414;47368;118770;218;125721;51810027;44996519;3334347;5399;3358069
FR;0;2021-11-04;23501;37201;107421;217;114274;51833528;45033720;3441768;5616;3472343
FR;0;2021-11-05;32148;52502;141499;233;151181;51865676;45086222;3583267;5849;3623524
FR;0;2021-11-06;21312;34380;64796;122;68175;51886988;45120602;3648063;5971;3691699
FR;0;2021-11-07;2347;4332;5155;6;5590;51889335;45124934;3653218;5977;3697289
FR;0;2021-11-08;20119;37562;127052;225;134096;51909454;45162496;3780270;6202;3831385
FR;0;2021-11-09;21883;44534;161523;342;172034;51931337;45207030;3941793;6544;4003419
FR;0;2021-11-10;31061;54397;186831;443;198631;51962398;45261427;4128624;6987;4202050
FR;0;2021-11-11;3934;6041;12872;26;13808;51966332;45267468;4141496;7013;4215858
FR;0;2021-11-12;28857;54733;183624;247;197118;51995189;45322201;4325120;7260;4412976
FR;0;2021-11-13;20130;32570;80634;117;86240;52015319;45354771;4405754;7377;4499216
FR;0;2021-11-14;2294;4016;7147;6;7882;52017613;45358787;4412901;7383;4507098
FR;0;2021-11-15;20130;38626;160659;313;171446;52037743;45397413;4573560;7696;4678544
FR;0;2021-11-16;23131;43710;200189;389;214780;52060874;45441123;4773749;8085;4893324
FR;0;2021-11-17;30169;50171;199689;406;212829;52091043;45491294;4973438;8491;5106153
FR;0;2021-11-18;23160;43607;191488;467;205386;52114203;45534901;5164926;8958;5311539
FR;0;2021-11-19;33548;61159;243015;547;262026;52147751;45596060;5407941;9505;5573565
FR;0;2021-11-20;25194;36554;102058;205;109625;52172945;45632614;5509999;9710;5683190
FR;0;2021-11-21;2600;4637;9616;18;10659;52175545;45637251;5519615;9728;5693849
FR;0;2021-11-22;22660;33122;180173;469;194729;52198205;45670373;5699788;10197;5888578
FR;0;2021-11-23;25415;45394;229187;546;247672;52223620;45715767;5928975;10743;6136250
FR;0;2021-11-24;31674;53348;224664;716;243233;52255294;45769115;6153639;11459;6379483
FR;0;2021-11-25;25251;48537;255730;739;277590;52280545;45817652;6409369;12198;6657073
FR;0;2021-11-26;33090;74429;379241;865;414573;52313635;45892081;6788610;13063;7071646
FR;0;2021-11-27;23144;49314;214772;388;236569;52336779;45941395;7003382;13451;7308215
FR;0;2021-11-28;3475;10618;56695;65;63359;52340254;45952013;7060077;13516;7371574
FR;0;2021-11-29;19299;53944;341243;863;371540;52359553;46005957;7401320;14379;7743114
FR;0;2021-11-30;24280;71629;457104;984;500654;52383833;46077586;7858424;15363;8243768
FR;0;2021-12-01;25998;75511;468766;1158;511179;52409831;46153097;8327190;16521;8754947
FR;0;2021-12-02;21704;71562;526839;1274;574792;52431535;46224659;8854029;17795;9329739
FR;0;2021-12-03;25288;92184;596062;1415;651054;52456823;46316843;9450091;19210;9980793
FR;0;2021-12-04;18187;60361;336059;690;369758;52475010;46377204;9786150;19900;10350551
FR;0;2021-12-05;4132;16348;95720;156;107108;52479142;46393552;9881870;20056;10457659
FR;0;2021-12-06;19123;72698;492892;1171;539872;52498265;46466250;10374762;21227;10997531
FR;0;2021-12-07;23223;91560;645021;1764;706202;52521488;46557810;11019783;22991;11703733
FR;0;2021-12-08;25122;91912;591310;1869;647658;52546610;46649722;11611093;24860;12351391
FR;0;2021-12-09;23880;93999;662737;2177;726460;52570490;46743721;12273830;27037;13077851
FR;0;2021-12-10;27050;110881;735702;2071;806177;52597540;46854602;13009532;29108;13884028
FR;0;2021-12-11;20210;75860;435031;982;480384;52617750;46930462;13444563;30090;14364412
FR;0;2021-12-12;5605;23159;142213;261;159275;52623355;46953621;13586776;30351;14523687
FR;0;2021-12-13;20990;91086;587369;1697;649413;52644345;47044707;14174145;32048;15173100
FR;0;2021-12-14;26947;118389;765173;2641;847695;52671292;47163096;14939318;34689;16020795
FR;0;2021-12-15;27966;114036;693973;2262;769192;52699258;47277132;15633291;36951;16789987
FR;0;2021-12-16;27863;115851;763730;2555;844639;52727121;47392983;16397021;39506;17634626
FR;0;2021-12-17;31457;128633;807563;2708;892339;52758578;47521616;17204584;42214;18526965
FR;0;2021-12-18;24904;81601;469842;1178;522315;52783482;47603217;17674426;43392;19049280
FR;0;2021-12-19;8735;28964;169354;374;191311;52792217;47632181;17843780;43766;19240591
FR;0;2021-12-20;31646;97365;591368;1786;659039;52823863;47729546;18435148;45552;19899630
FR;0;2021-12-21;39154;112146;682181;2387;759797;52863017;47841692;19117329;47939;20659427
FR;0;2021-12-22;39402;99353;575499;2164;642332;52902419;47941045;19692828;50103;21301759
FR;0;2021-12-23;33658;79515;441049;1646;494766;52936077;48020560;20133877;51749;21796525
FR;0;2021-12-24;10625;26036;110993;394;126787;52946702;48046596;20244870;52143;21923312
FR;0;2021-12-25;752;3482;7588;25;9072;52947454;48050078;20252458;52168;21932384
FR;0;2021-12-26;4690;11901;52064;132;60143;52952144;48061979;20304522;52300;21992527
FR;0;2021-12-27;30242;83720;453511;1364;509367;52982386;48145699;20758033;53664;22501894
FR;0;2021-12-28;38248;98835;564088;1761;632494;53020634;48244534;21322121;55425;23134388
FR;0;2021-12-29;39812;88200;501086;1687;561163;53060446;48332734;21823207;57112;23695551
FR;0;2021-12-30;35827;74546;420956;1519;471317;53096273;48407280;22244163;58631;24166868
FR;0;2021-12-31;11810;25017;116905;406;131742;53108083;48432297;22361068;59037;24298610
FR;0;2022-01-01;1200;3049;8521;37;9929;53109283;48435346;22369589;59074;24308539
FR;0;2022-01-02;6057;13007;58442;124;67011;53115340;48448353;22428031;59198;24375550
FR;0;2022-01-03;31365;87059;495847;1591;552657;53146705;48535412;22923878;60789;24928207
FR;0;2022-01-04;40471;110276;641694;2301;714950;53187176;48645688;23565572;63090;25643157
FR;0;2022-01-05;59532;102632;569823;1975;635144;53246708;48748320;24135395;65065;26278301
FR;0;2022-01-06;43739;109802;639400;2685;712249;53290447;48858122;24774795;67750;26990550
FR;0;2022-01-07;50356;122478;711792;2806;791609;53340803;48980600;25486587;70556;27782159
FR;0;2022-01-08;44827;80278;423799;1208;473061;53385630;49060878;25910386;71764;28255220
FR;0;2022-01-09;15588;26812;128551;298;145771;53401218;49087690;26038937;72062;28400991
FR;0;2022-01-10;34764;86158;471490;1808;524608;53435982;49173848;26510427;73870;28925599
FR;0;2022-01-11;41465;99612;548975;2299;609597;53477447;49273460;27059402;76169;29535196
FR;0;2022-01-12;59933;94887;453384;1960;505418;53537380;49368347;27512786;78129;30040614
FR;0;2022-01-13;37729;91936;487941;2075;541929;53575109;49460283;28000727;80204;30582543
FR;0;2022-01-14;42199;103104;569689;2280;630547;53617308;49563387;28570416;82484;31213090
FR;0;2022-01-15;39245;65892;340275;976;377902;53656553;49629279;28910691;83460;31590992
FR;0;2022-01-16;11370;20723;87393;213;99523;53667923;49650002;28998084;83673;31690515
FR;0;2022-01-17;24519;62117;322067;1375;356225;53692442;49712119;29320151;85048;32046740
FR;0;2022-01-18;28036;70216;362000;1794;398751;53720478;49782335;29682151;86842;32445491
FR;0;2022-01-19;42925;68716;282168;1447;312216;53763403;49851051;29964319;88289;32757707
FR;0;2022-01-20;23299;61176;300068;1732;329811;53786702;49912227;30264387;90021;33087518
FR;0;2022-01-21;27891;70331;367928;2075;403048;53814593;49982558;30632315;92096;33490566
FR;0;2022-01-22;27545;47761;219032;838;242105;53842138;50030319;30851347;92934;33732671
FR;0;2022-01-23;6684;13868;48663;171;55240;53848822;50044187;30900010;93105;33787911
FR;0;2022-01-24;16148;49406;218362;1131;240588;53864970;50093593;31118372;94236;34028499
FR;0;2022-01-25;18845;56197;243713;1543;267983;53883815;50149790;31362085;95779;34296482
FR;0;2022-01-26;28019;61217;209690;1290;230003;53911834;50211007;31571775;97069;34526485
FR;0;2022-01-27;16195;47571;207954;1260;226335;53928029;50258578;31779729;98329;34752820
FR;0;2022-01-28;21390;77299;290565;1572;322275;53949419;50335877;32070294;99901;35075095
FR;0;2022-01-29;18365;54668;184275;682;204873;53967784;50390545;32254569;100583;35279968
FR;0;2022-01-30;4445;15678;39097;122;45085;53972229;50406223;32293666;100705;35325053
FR;0;2022-01-31;11155;44023;148256;735;164890;53983384;50450246;32441922;101440;35489943
FR;0;2022-02-01;12418;48666;174335;1129;191564;53995802;50498912;32616257;102569;35681507
FR;0;2022-02-02;19531;66517;171352;1009;189986;54015333;50565429;32787609;103578;35871493
FR;0;2022-02-03;10826;45340;156912;970;172651;54026159;50610769;32944521;104548;36044144
FR;0;2022-02-04;14324;68051;238555;1253;263538;54040483;50678820;33183076;105801;36307682
FR;0;2022-02-05;12528;52897;153309;520;172118;54053011;50731717;33336385;106321;36479800
FR;0;2022-02-06;2689;13241;28816;98;33787;54055700;50744958;33365201;106419;36513587
FR;0;2022-02-07;9124;47123;156107;580;175598;54064824;50792081;33521308;106999;36689185
FR;0;2022-02-08;9420;42346;165948;856;183673;54074244;50834427;33687256;107855;36872858
FR;0;2022-02-09;14022;57324;171391;860;192026;54088266;50891751;33858647;108715;37064884
FR;0;2022-02-10;8120;37651;148453;867;164842;54096386;50929402;34007100;109582;37229726
FR;0;2022-02-11;10644;55055;217144;1090;241656;54107030;50984457;34224244;110672;37471382
FR;0;2022-02-12;8243;40634;133847;460;150781;54115273;51025091;34358091;111132;37622163
FR;0;2022-02-13;1868;8522;26385;81;30737;54117141;51033613;34384476;111213;37652900
FR;0;2022-02-14;6781;34600;145600;477;163569;54123922;51068213;34530076;111690;37816469
FR;0;2022-02-15;6757;34955;144706;743;160193;54130679;51103168;34674782;112433;37976662
FR;0;2022-02-16;9168;41993;129901;712;144065;54139847;51145161;34804683;113145;38120727
FR;0;2022-02-17;5225;22947;84655;573;92021;54145072;51168108;34889338;113718;38212748
FR;0;2022-02-18;6747;32451;115428;798;124933;54151819;51200559;35004766;114516;38337681
FR;0;2022-02-19;5240;24079;68746;362;75933;54157059;51224638;35073512;114878;38413614
FR;0;2022-02-20;1102;4497;11872;38;13609;54158161;51229135;35085384;114916;38427223
FR;0;2022-02-21;3885;17119;56937;346;62100;54162046;51246254;35142321;115262;38489323
FR;0;2022-02-22;4211;17916;58048;553;61587;54166257;51264170;35200369;115815;38550910
FR;0;2022-02-23;6377;26538;64318;580;69668;54172634;51290708;35264687;116395;38620578
FR;0;2022-02-24;3495;14204;47580;460;50305;54176129;51304912;35312267;116855;38670883
