fra;vaccin;jour;n_dose1;n_dose2;n_dose3;n_dose4;n_complet;n_rappel;n_2_rappel;n_rappel_biv;n_3_rappel;n_cum_dose1;n_cum_dose2;n_cum_dose3;n_cum_dose4;n_cum_complet;n_cum_rappel;n_cum_2_rappel;n_cum_rappel_biv;n_cum_3_rappel
FR;1;2020-12-27;614;0;0;0;55;0;0;0;0;614;0;0;0;55;0;0;0;0
FR;1;2020-12-28;699;1;0;0;43;0;0;0;0;1313;1;0;0;98;0;0;0;0
FR;1;2020-12-29;387;0;0;0;19;0;0;0;0;1700;1;0;0;117;0;0;0;0
FR;1;2020-12-30;449;0;0;0;18;0;0;0;0;2149;1;0;0;135;0;0;0;0
FR;1;2020-12-31;446;1;0;0;23;0;0;0;0;2595;2;0;0;158;0;0;0;0
FR;1;2021-01-01;1184;2;0;0;65;0;0;0;0;3779;4;0;0;223;0;0;0;0
FR;1;2021-01-02;366;3;0;0;28;0;0;0;0;4145;7;0;0;251;0;0;0;0
FR;1;2021-01-03;412;0;0;0;23;0;0;0;0;4557;7;0;0;274;0;0;0;0
FR;1;2021-01-04;2126;4;0;0;50;0;0;0;0;6683;11;0;0;324;0;0;0;0
FR;1;2021-01-05;7762;6;0;0;128;0;0;0;0;14445;17;0;0;452;0;0;0;0
FR;1;2021-01-06;12468;23;0;0;127;0;0;0;0;26913;40;0;0;579;0;0;0;0
FR;1;2021-01-07;29474;22;0;0;159;0;0;0;0;56387;62;0;0;738;0;0;0;0
FR;1;2021-01-08;37163;33;0;0;203;0;0;0;0;93550;95;0;0;941;0;0;0;0
FR;1;2021-01-09;11219;9;0;0;77;0;0;0;0;104769;104;0;0;1018;0;0;0;0
FR;1;2021-01-10;6012;8;0;0;28;0;0;0;0;110781;112;0;0;1046;0;0;0;0
FR;1;2021-01-11;39952;35;0;0;228;0;0;0;0;150733;147;0;0;1274;0;0;0;0
FR;1;2021-01-12;62156;26;0;0;299;0;0;0;0;212889;173;0;0;1573;0;0;0;0
FR;1;2021-01-13;65144;56;0;0;430;0;0;0;0;278033;229;0;0;2003;0;0;0;0
FR;1;2021-01-14;81465;227;0;0;957;0;0;0;0;359498;456;0;0;2960;0;0;0;0
FR;1;2021-01-15;68626;90;0;0;524;0;0;0;0;428124;546;0;0;3484;0;0;0;0
FR;1;2021-01-16;19902;73;0;0;172;0;0;0;0;448026;619;0;0;3656;0;0;0;0
FR;1;2021-01-17;10905;52;0;0;129;0;0;0;0;458931;671;0;0;3785;0;0;0;0
FR;1;2021-01-18;82841;174;0;0;587;0;0;0;0;541772;845;0;0;4372;0;0;0;0
FR;1;2021-01-19;125931;205;0;0;836;0;0;0;0;667703;1050;0;0;5208;0;0;0;0
FR;1;2021-01-20;132426;184;0;0;781;0;0;0;0;800129;1234;0;0;5989;0;0;0;0
FR;1;2021-01-21;153078;190;0;0;892;0;0;0;0;953207;1424;0;0;6881;0;0;0;0
FR;1;2021-01-22;115962;232;0;0;771;0;0;0;0;1069169;1656;0;0;7652;0;0;0;0
FR;1;2021-01-23;36615;78;0;0;201;0;0;0;0;1105784;1734;0;0;7853;0;0;0;0
FR;1;2021-01-24;9585;124;0;0;183;0;0;0;0;1115369;1858;0;0;8036;0;0;0;0
FR;1;2021-01-25;74435;1432;0;0;1752;0;0;0;0;1189804;3290;0;0;9788;0;0;0;0
FR;1;2021-01-26;96464;3673;1;0;4116;0;0;0;0;1286268;6963;1;0;13904;0;0;0;0
FR;1;2021-01-27;103655;6384;0;0;7069;0;0;0;0;1389923;13347;1;0;20973;0;0;0;0
FR;1;2021-01-28;120619;16313;0;0;17101;0;0;0;0;1510542;29660;1;0;38074;0;0;0;0
FR;1;2021-01-29;88900;18654;0;0;19191;0;0;0;0;1599442;48314;1;0;57265;0;0;0;0
FR;1;2021-01-30;27995;4502;0;0;4625;0;0;0;0;1627437;52816;1;0;61890;0;0;0;0
FR;1;2021-01-31;5194;1896;0;0;1933;0;0;0;0;1632631;54712;1;0;63823;0;0;0;0
FR;1;2021-02-01;49742;22826;0;0;23055;0;0;0;0;1682373;77538;1;0;86878;0;0;0;0
FR;1;2021-02-02;67834;37908;0;0;38363;0;0;0;0;1750207;115446;1;0;125241;0;0;0;0
FR;1;2021-02-03;67101;39974;0;0;40399;0;0;0;0;1817308;155420;1;0;165640;0;0;0;0
FR;1;2021-02-04;77148;54658;0;0;55225;0;0;0;0;1894456;210078;1;0;220865;0;0;0;0
FR;1;2021-02-05;63430;47915;0;0;48309;0;0;0;0;1957886;257993;1;0;269174;0;0;0;0
FR;1;2021-02-06;19427;11359;0;0;11464;0;0;0;0;1977313;269352;1;0;280638;0;0;0;0
FR;1;2021-02-07;3669;5992;0;0;6019;0;0;0;0;1980982;275344;1;0;286657;0;0;0;0
FR;1;2021-02-08;36507;48589;0;0;48823;0;0;0;0;2017489;323933;1;0;335480;0;0;0;0
FR;1;2021-02-09;50818;77932;0;0;78449;0;0;0;0;2068307;401865;1;0;413929;0;0;0;0
FR;1;2021-02-10;52078;82886;0;0;83361;0;0;0;0;2120385;484751;1;0;497290;0;0;0;0
FR;1;2021-02-11;63391;104839;0;0;105712;0;0;0;0;2183776;589590;1;0;603002;0;0;0;0
FR;1;2021-02-12;55880;75684;0;0;76353;0;0;0;0;2239656;665274;1;0;679355;0;0;0;0
FR;1;2021-02-13;15468;19304;0;0;19415;0;0;0;0;2255124;684578;1;0;698770;0;0;0;0
FR;1;2021-02-14;3747;7358;0;0;7422;0;0;0;0;2258871;691936;1;0;706192;0;0;0;0
FR;1;2021-02-15;24170;73578;0;0;73814;0;0;0;0;2283041;765514;1;0;780006;0;0;0;0
FR;1;2021-02-16;32780;95658;0;0;96044;0;0;0;0;2315821;861172;1;0;876050;0;0;0;0
FR;1;2021-02-17;35132;102123;20;0;102763;0;0;0;0;2350953;963295;21;0;978813;0;0;0;0
FR;1;2021-02-18;49460;118150;0;0;119122;0;0;0;0;2400413;1081445;21;0;1097935;0;0;0;0
FR;1;2021-02-19;45395;87599;1;0;88534;0;0;0;0;2445808;1169044;22;0;1186469;0;0;0;0
FR;1;2021-02-20;13396;27047;0;0;27218;0;0;0;0;2459204;1196091;22;0;1213687;0;0;0;0
FR;1;2021-02-21;2465;5991;0;0;6059;0;0;0;0;2461669;1202082;22;0;1219746;0;0;0;0
FR;1;2021-02-22;24723;69411;2;0;69699;0;0;0;0;2486392;1271493;24;0;1289445;0;0;0;0
FR;1;2021-02-23;37436;81522;1;0;82207;0;0;0;0;2523828;1353015;25;0;1371652;0;0;0;0
FR;1;2021-02-24;40707;79194;1;0;79884;0;0;0;0;2564535;1432209;26;0;1451536;0;0;0;0
FR;1;2021-02-25;50169;87846;1;0;88924;0;0;0;0;2614704;1520055;27;0;1540460;0;0;0;0
FR;1;2021-02-26;47230;67578;1;0;68444;0;0;0;0;2661934;1587633;28;0;1608904;0;0;0;0
FR;1;2021-02-27;15687;21321;1;0;21529;0;0;0;0;2677621;1608954;29;0;1630433;0;0;0;0
FR;1;2021-02-28;3564;4112;2;0;4184;0;0;0;0;2681185;1613066;31;0;1634617;0;0;0;0
FR;1;2021-03-01;40215;50289;1;0;51011;0;0;0;0;2721400;1663355;32;0;1685628;0;0;0;0
FR;1;2021-03-02;55990;62395;3;0;63567;0;0;0;0;2777390;1725750;35;0;1749195;0;0;0;0
FR;1;2021-03-03;61259;60491;0;0;61914;0;0;0;0;2838649;1786241;35;0;1811109;0;0;0;0
FR;1;2021-03-04;73017;68188;3;0;70396;0;0;0;0;2911666;1854429;38;0;1881505;0;0;0;0
FR;1;2021-03-05;74779;58615;3;0;60505;0;0;0;0;2986445;1913044;41;0;1942010;0;0;0;0
FR;1;2021-03-06;82466;15765;2;0;17471;0;0;0;0;3068911;1928809;43;0;1959481;0;0;0;0
FR;1;2021-03-07;63732;4030;1;0;5574;0;0;0;0;3132643;1932839;44;0;1965055;0;0;0;0
FR;1;2021-03-08;60192;41238;2;0;42515;0;0;0;0;3192835;1974077;46;0;2007570;0;0;0;0
FR;1;2021-03-09;86004;47469;1;0;49458;0;0;0;0;3278839;2021546;47;0;2057028;0;0;0;0
FR;1;2021-03-10;90941;47810;5;0;50072;0;0;0;0;3369780;2069356;52;0;2107100;0;0;0;0
FR;1;2021-03-11;105100;54577;1;0;57637;0;0;0;0;3474880;2123933;53;0;2164737;0;0;0;0
FR;1;2021-03-12;104156;44929;1;0;47924;0;0;0;0;3579036;2168862;54;0;2212661;0;0;0;0
FR;1;2021-03-13;89215;12589;1;0;14805;0;0;0;0;3668251;2181451;55;0;2227466;0;0;0;0
FR;1;2021-03-14;44460;2710;1;0;4042;0;0;0;0;3712711;2184161;56;0;2231508;0;0;0;0
FR;1;2021-03-15;95534;28033;3;0;30377;0;0;0;0;3808245;2212194;59;0;2261885;0;0;0;0
FR;1;2021-03-16;123601;34116;5;0;37656;0;0;0;0;3931846;2246310;64;0;2299541;0;0;0;0
FR;1;2021-03-17;129322;33575;4;0;37626;0;0;0;0;4061168;2279885;68;0;2337167;0;0;0;0
FR;1;2021-03-18;142915;39243;5;0;43912;0;0;0;0;4204083;2319128;73;0;2381079;0;0;0;0
FR;1;2021-03-19;136269;32056;2;0;36644;0;0;0;0;4340352;2351184;75;0;2417723;0;0;0;0
FR;1;2021-03-20;76022;9770;1;0;11986;0;0;0;0;4416374;2360954;76;0;2429709;0;0;0;0
FR;1;2021-03-21;26518;2000;1;0;2989;0;0;0;0;4442892;2362954;77;0;2432698;0;0;0;0
FR;1;2021-03-22;114776;30288;2;0;34110;0;0;0;0;4557668;2393242;79;0;2466808;0;0;0;0
FR;1;2021-03-23;143054;38054;1;0;42838;0;0;0;0;4700722;2431296;80;0;2509646;0;0;0;0
FR;1;2021-03-24;142020;38364;0;0;43218;0;0;0;0;4842742;2469660;80;0;2552864;0;0;0;0
FR;1;2021-03-25;165028;39864;4;0;46013;0;0;0;0;5007770;2509524;84;0;2598877;0;0;0;0
FR;1;2021-03-26;166417;37432;5;1;44039;0;0;0;0;5174187;2546956;89;1;2642916;0;0;0;0
FR;1;2021-03-27;110902;15469;1;0;19479;0;0;0;0;5285089;2562425;90;1;2662395;0;0;0;0
FR;1;2021-03-28;42307;4367;3;0;5922;0;0;0;0;5327396;2566792;93;1;2668317;0;0;0;0
FR;1;2021-03-29;129840;49025;4;0;53678;0;0;0;0;5457236;2615817;97;1;2721995;0;0;0;0
FR;1;2021-03-30;167741;63772;5;0;70774;0;0;0;0;5624977;2679589;102;1;2792769;0;0;0;0
FR;1;2021-03-31;170963;67876;4;0;75401;0;0;0;0;5795940;2747465;106;1;2868170;0;0;0;0
FR;1;2021-04-01;194863;83853;10;0;93343;0;0;0;0;5990803;2831318;116;1;2961513;0;0;0;0
FR;1;2021-04-02;164468;86706;7;0;94514;0;0;0;0;6155271;2918024;123;1;3056027;0;0;0;0
FR;1;2021-04-03;88257;58185;6;0;61728;0;0;0;0;6243528;2976209;129;1;3117755;0;0;0;0
FR;1;2021-04-04;33660;17716;0;0;19212;0;0;0;0;6277188;2993925;129;1;3136967;0;0;0;0
FR;1;2021-04-05;46420;9600;11;0;11475;0;0;0;0;6323608;3003525;140;1;3148442;0;0;0;0
FR;1;2021-04-06;160338;105330;17;0;111788;0;0;0;0;6483946;3108855;157;1;3260230;0;0;0;0
FR;1;2021-04-07;197026;108098;16;0;116916;0;0;0;0;6680972;3216953;173;1;3377146;0;0;0;0
FR;1;2021-04-08;222174;114169;14;0;125506;0;0;0;0;6903146;3331122;187;1;3502652;0;0;0;0
FR;1;2021-04-09;214597;107983;21;0;118862;0;0;0;0;7117743;3439105;208;1;3621514;0;0;0;0
FR;1;2021-04-10;117203;73246;14;0;78383;0;0;0;0;7234946;3512351;222;1;3699897;0;0;0;0
FR;1;2021-04-11;40897;29892;6;0;31795;0;0;0;0;7275843;3542243;228;1;3731692;0;0;0;0
FR;1;2021-04-12;168493;104552;46;0;111780;0;0;0;0;7444336;3646795;274;1;3843472;0;0;0;0
FR;1;2021-04-13;203836;127787;97;1;137121;0;0;0;0;7648172;3774582;371;2;3980593;0;0;0;0
FR;1;2021-04-14;208663;122905;208;0;133125;0;0;0;0;7856835;3897487;579;2;4113718;0;0;0;0
FR;1;2021-04-15;221715;128081;313;0;139103;0;0;0;0;8078550;4025568;892;2;4252821;0;0;0;0
FR;1;2021-04-16;206101;125739;309;0;135403;0;0;0;0;8284651;4151307;1201;2;4388224;0;0;0;0
FR;1;2021-04-17;122106;67124;103;0;72179;0;0;0;0;8406757;4218431;1304;2;4460403;0;0;0;0
FR;1;2021-04-18;35974;21010;41;0;22716;0;0;0;0;8442731;4239441;1345;2;4483119;0;0;0;0
FR;1;2021-04-19;163770;121569;432;0;129103;0;0;0;0;8606501;4361010;1777;2;4612222;0;0;0;0
FR;1;2021-04-20;189467;149633;531;0;158742;0;0;0;0;8795968;4510643;2308;2;4770964;0;0;0;0
FR;1;2021-04-21;194037;147597;760;0;157112;0;0;0;0;8990005;4658240;3068;2;4928076;0;0;0;0
FR;1;2021-04-22;209064;164460;778;0;175681;0;0;0;0;9199069;4822700;3846;2;5103757;0;0;0;0
FR;1;2021-04-23;198981;157984;671;0;168992;0;0;0;0;9398050;4980684;4517;2;5272749;0;0;0;0
FR;1;2021-04-24;126349;95828;148;0;101893;0;0;0;0;9524399;5076512;4665;2;5374642;0;0;0;0
FR;1;2021-04-25;53635;30063;46;0;32820;0;0;0;0;9578034;5106575;4711;2;5407462;0;0;0;0
FR;1;2021-04-26;181166;140110;542;0;148820;0;0;0;0;9759200;5246685;5253;2;5556282;0;0;0;0
FR;1;2021-04-27;221390;162503;901;0;173872;0;0;0;0;9980590;5409188;6154;2;5730154;0;0;0;0
FR;1;2021-04-28;238333;156065;1314;1;168746;1;0;0;0;10218923;5565253;7468;3;5898900;1;0;0;0
FR;1;2021-04-29;270329;161503;1211;0;177104;0;0;0;0;10489252;5726756;8679;3;6076004;1;0;0;0
FR;1;2021-04-30;272013;148885;1073;0;164989;0;0;0;0;10761265;5875641;9752;3;6240993;1;0;0;0
FR;1;2021-05-01;141170;40604;173;0;48633;0;0;0;0;10902435;5916245;9925;3;6289626;1;0;0;0
FR;1;2021-05-02;81560;28200;81;0;32954;0;0;0;0;10983995;5944445;10006;3;6322580;1;0;0;0
FR;1;2021-05-03;250805;142564;803;0;156252;0;0;0;0;11234800;6087009;10809;3;6478832;1;0;0;0
FR;1;2021-05-04;265914;187854;1202;0;203425;0;0;0;0;11500714;6274863;12011;3;6682257;1;0;0;0
FR;1;2021-05-05;283924;186049;1267;0;202701;0;0;0;0;11784638;6460912;13278;3;6884958;1;0;0;0
FR;1;2021-05-06;310001;184326;1502;0;204087;0;0;0;0;12094639;6645238;14780;3;7089045;1;0;0;0
FR;1;2021-05-07;284131;196582;1127;0;214402;0;0;0;0;12378770;6841820;15907;3;7303447;1;0;0;0
FR;1;2021-05-08;191673;51240;285;0;62625;0;0;0;0;12570443;6893060;16192;3;7366072;1;0;0;0
FR;1;2021-05-09;114065;34440;236;0;41612;0;0;0;0;12684508;6927500;16428;3;7407684;1;0;0;0
FR;1;2021-05-10;258225;194929;1187;0;210923;0;0;0;0;12942733;7122429;17615;3;7618607;1;0;0;0
FR;1;2021-05-11;318918;211130;1465;0;231360;0;0;0;0;13261651;7333559;19080;3;7849967;1;0;0;0
FR;1;2021-05-12;356665;186018;1401;0;208322;0;0;0;0;13618316;7519577;20481;3;8058289;1;0;0;0
FR;1;2021-05-13;283465;47365;401;0;64292;0;0;0;0;13901781;7566942;20882;3;8122581;1;0;0;0
FR;1;2021-05-14;370524;128523;994;0;151937;0;0;0;0;14272305;7695465;21876;3;8274518;1;0;0;0
FR;1;2021-05-15;298113;66183;404;0;84890;0;0;0;0;14570418;7761648;22280;3;8359408;1;0;0;0
FR;1;2021-05-16;157786;15476;158;0;26044;0;0;0;0;14728204;7777124;22438;3;8385452;1;0;0;0
FR;1;2021-05-17;318940;116169;1441;0;138138;0;0;0;0;15047144;7893293;23879;3;8523590;1;0;0;0
FR;1;2021-05-18;383356;111590;1800;0;137537;0;0;0;0;15430500;8004883;25679;3;8661127;1;0;0;0
FR;1;2021-05-19;395289;101663;2184;0;128609;0;0;0;0;15825789;8106546;27863;3;8789736;1;0;0;0
FR;1;2021-05-20;421836;95703;2048;0;125190;0;0;0;0;16247625;8202249;29911;3;8914926;1;0;0;0
FR;1;2021-05-21;399822;97366;1764;0;125781;0;0;0;0;16647447;8299615;31675;3;9040707;1;0;0;0
FR;1;2021-05-22;275703;41909;604;0;60933;0;0;0;0;16923150;8341524;32279;3;9101640;1;0;0;0
FR;1;2021-05-23;123022;10979;224;0;20581;0;0;0;0;17046172;8352503;32503;3;9122221;1;0;0;0
FR;1;2021-05-24;244021;26251;569;0;43782;0;0;0;0;17290193;8378754;33072;3;9166003;1;0;0;0
FR;1;2021-05-25;366233;131524;2115;1;158462;0;0;0;0;17656426;8510278;35187;4;9324465;1;0;0;0
FR;1;2021-05-26;380829;127167;1995;0;155516;0;0;0;0;18037255;8637445;37182;4;9479981;1;0;0;0
FR;1;2021-05-27;406172;128231;1978;0;158722;0;0;0;0;18443427;8765676;39160;4;9638703;1;0;0;0
FR;1;2021-05-28;366046;145594;1701;0;174163;0;0;0;0;18809473;8911270;40861;4;9812866;1;0;0;0
FR;1;2021-05-29;253844;81073;527;0;100269;0;0;0;0;19063317;8992343;41388;4;9913135;1;0;0;0
FR;1;2021-05-30;100978;22599;158;0;30832;0;0;0;0;19164295;9014942;41546;4;9943967;1;0;0;0
FR;1;2021-05-31;314334;149141;1284;1;172404;1;0;0;0;19478629;9164083;42830;5;10116371;2;0;0;0
FR;1;2021-06-01;361667;166378;1734;1;194092;1;0;0;0;19840296;9330461;44564;6;10310463;3;0;0;0
FR;1;2021-06-02;365409;154227;1797;0;183765;0;0;0;0;20205705;9484688;46361;6;10494228;3;0;0;0
FR;1;2021-06-03;391444;147354;1654;0;178325;0;0;0;0;20597149;9632042;48015;6;10672553;3;0;0;0
FR;1;2021-06-04;364124;175800;1495;1;205081;1;0;0;0;20961273;9807842;49510;7;10877634;4;0;0;0
FR;1;2021-06-05;258518;112775;597;0;133134;0;0;0;0;21219791;9920617;50107;7;11010768;4;0;0;0
FR;1;2021-06-06;126822;37564;215;0;48204;0;0;0;0;21346613;9958181;50322;7;11058972;4;0;0;0
FR;1;2021-06-07;301115;207757;1367;0;233037;0;0;0;0;21647728;10165938;51689;7;11292009;4;0;0;0
FR;1;2021-06-08;330867;220962;1645;0;248925;0;0;0;0;21978595;10386900;53334;7;11540934;4;0;0;0
FR;1;2021-06-09;336600;211094;1614;0;239878;0;0;0;0;22315195;10597994;54948;7;11780812;4;0;0;0
FR;1;2021-06-10;343910;199977;1614;0;229715;0;0;0;0;22659105;10797971;56562;7;12010527;4;0;0;0
FR;1;2021-06-11;311909;234691;1299;1;262591;0;0;0;0;22971014;11032662;57861;8;12273118;4;0;0;0
FR;1;2021-06-12;244093;150592;438;0;172202;0;0;0;0;23215107;11183254;58299;8;12445320;4;0;0;0
FR;1;2021-06-13;100372;61026;188;0;70686;0;0;0;0;23315479;11244280;58487;8;12516006;4;0;0;0
FR;1;2021-06-14;207862;287734;1320;1;307530;0;0;0;0;23523341;11532014;59807;9;12823536;4;0;0;0
FR;1;2021-06-15;256880;281228;1400;1;305070;0;0;0;0;23780221;11813242;61207;10;13128606;4;0;0;0
FR;1;2021-06-16;273665;270610;1263;1;296041;0;0;0;0;24053886;12083852;62470;11;13424647;4;0;0;0
FR;1;2021-06-17;268235;244957;1240;1;271015;0;0;0;0;24322121;12328809;63710;12;13695662;4;0;0;0
FR;1;2021-06-18;260613;295247;1155;1;321066;0;0;0;0;24582734;12624056;64865;13;14016728;4;0;0;0
FR;1;2021-06-19;193460;209559;388;0;228217;0;0;0;0;24776194;12833615;65253;13;14244945;4;0;0;0
FR;1;2021-06-20;69717;89044;120;0;96888;0;0;0;0;24845911;12922659;65373;13;14341833;4;0;0;0
FR;1;2021-06-21;172388;319715;934;1;338421;1;0;0;0;25018299;13242374;66307;14;14680254;5;0;0;0
FR;1;2021-06-22;185877;347952;1102;10;369003;1;0;0;0;25204176;13590326;67409;24;15049257;6;0;0;0
FR;1;2021-06-23;204222;339544;1049;0;363444;0;0;0;0;25408398;13929870;68458;24;15412701;6;0;0;0
FR;1;2021-06-24;203540;282006;1176;0;306757;0;0;0;0;25611938;14211876;69634;24;15719458;6;0;0;0
FR;1;2021-06-25;182667;371689;1200;0;395693;0;0;0;0;25794605;14583565;70834;24;16115151;6;0;0;0
FR;1;2021-06-26;131401;278513;504;0;295878;0;0;0;0;25926006;14862078;71338;24;16411029;6;0;0;0
FR;1;2021-06-27;52411;122852;146;0;130392;0;0;0;0;25978417;14984930;71484;24;16541421;6;0;0;0
FR;1;2021-06-28;136670;368191;1065;0;386794;0;0;0;0;26115087;15353121;72549;24;16928215;6;0;0;0
FR;1;2021-06-29;154906;391010;1848;0;412118;0;0;0;0;26269993;15744131;74397;24;17340333;6;0;0;0
FR;1;2021-06-30;180064;381849;1667;4;406466;2;0;0;0;26450057;16125980;76064;28;17746799;8;0;0;0
FR;1;2021-07-01;201561;332417;1888;5;360513;1;0;0;0;26651618;16458397;77952;33;18107312;9;0;0;0
FR;1;2021-07-02;193882;367312;1765;5;395531;2;0;0;0;26845500;16825709;79717;38;18502843;11;0;0;0
FR;1;2021-07-03;124482;280411;704;3;299523;1;0;0;0;26969982;17106120;80421;41;18802366;12;0;0;0
FR;1;2021-07-04;53966;113716;244;0;122130;0;0;0;0;27023948;17219836;80665;41;18924496;12;0;0;0
FR;1;2021-07-05;153968;355770;1500;8;379124;0;0;0;0;27177916;17575606;82165;49;19303620;12;0;0;0
FR;1;2021-07-06;173514;382264;1603;45;408172;8;0;0;0;27351430;17957870;83768;94;19711792;20;0;0;0
FR;1;2021-07-07;190850;362344;1659;25;390693;3;0;0;0;27542280;18320214;85427;119;20102485;23;0;0;0
FR;1;2021-07-08;201578;322952;1826;20;353629;3;0;0;0;27743858;18643166;87253;139;20456114;26;0;0;0
FR;1;2021-07-09;189987;387769;1854;3;418202;2;0;0;0;27933845;19030935;89107;142;20874316;28;0;0;0
FR;1;2021-07-10;129957;281150;818;1;302581;1;0;0;0;28063802;19312085;89925;143;21176897;29;0;0;0
FR;1;2021-07-11;57683;102515;262;0;112403;0;0;0;0;28121485;19414600;90187;143;21289300;29;0;0;0
FR;1;2021-07-12;149923;416846;1587;4;442868;0;0;0;0;28271408;19831446;91774;147;21732168;29;0;0;0
FR;1;2021-07-13;234286;439056;1808;8;476260;1;0;0;0;28505694;20270502;93582;155;22208428;30;0;0;0
FR;1;2021-07-14;171928;151351;418;0;176993;0;0;0;0;28677622;20421853;94000;155;22385421;30;0;0;0
FR;1;2021-07-15;279693;424164;1859;1;467171;0;0;0;0;28957315;20846017;95859;156;22852592;30;0;0;0
FR;1;2021-07-16;290445;400596;1711;3;445279;1;0;0;0;29247760;21246613;97570;159;23297871;31;0;0;0
FR;1;2021-07-17;217354;281971;755;1;315450;0;0;0;0;29465114;21528584;98325;160;23613321;31;0;0;0
FR;1;2021-07-18;102019;107199;288;0;123098;0;0;0;0;29567133;21635783;98613;160;23736419;31;0;0;0
FR;1;2021-07-19;238232;378459;1498;3;414530;0;0;0;0;29805365;22014242;100111;163;24150949;31;0;0;0
FR;1;2021-07-20;305767;379857;1470;0;425703;0;0;0;0;30111132;22394099;101581;163;24576652;31;0;0;0
FR;1;2021-07-21;333298;352776;1412;4;404182;1;0;0;0;30444430;22746875;102993;167;24980834;32;0;0;0
FR;1;2021-07-22;364689;318600;1502;3;375039;2;0;0;0;30809119;23065475;104495;170;25355873;34;0;0;0
FR;1;2021-07-23;349403;342869;1589;4;398436;1;0;0;0;31158522;23408344;106084;174;25754309;35;0;0;0
FR;1;2021-07-24;238963;240727;697;1;278070;0;0;0;0;31397485;23649071;106781;175;26032379;35;0;0;0
FR;1;2021-07-25;112803;76009;223;0;93712;0;0;0;0;31510288;23725080;107004;175;26126091;35;0;0;0
FR;1;2021-07-26;299144;289353;1495;2;335092;1;0;0;0;31809432;24014433;108499;177;26461183;36;0;0;0
FR;1;2021-07-27;385841;267952;1459;4;324941;1;0;0;0;32195273;24282385;109958;181;26786124;37;0;0;0
FR;1;2021-07-28;390211;250927;1463;4;307237;1;0;0;0;32585484;24533312;111421;185;27093361;38;0;0;0
FR;1;2021-07-29;406145;227626;1541;2;284364;0;0;0;0;32991629;24760938;112962;187;27377725;38;0;0;0
FR;1;2021-07-30;370751;246554;1638;4;298422;1;0;0;0;33362380;25007492;114600;191;27676147;39;0;0;0
FR;1;2021-07-31;243387;165082;793;1;199438;0;0;0;0;33605767;25172574;115393;192;27875585;39;0;0;0
FR;1;2021-08-01;105599;47209;235;0;61206;0;0;0;0;33711366;25219783;115628;192;27936791;39;0;0;0
FR;1;2021-08-02;297417;212858;1479;2;250679;0;0;0;0;34008783;25432641;117107;194;28187470;39;0;0;0
FR;1;2021-08-03;331343;208729;1557;2;250730;1;0;0;0;34340126;25641370;118664;196;28438200;40;0;0;0
FR;1;2021-08-04;328047;183862;1439;5;224042;3;0;0;0;34668173;25825232;120103;201;28662242;43;0;0;0
FR;1;2021-08-05;301289;193121;1483;0;229436;0;0;0;0;34969462;26018353;121586;201;28891678;43;0;0;0
FR;1;2021-08-06;290986;224121;1560;3;261445;0;0;0;0;35260448;26242474;123146;204;29153123;43;0;0;0
FR;1;2021-08-07;182673;158763;655;5;181690;1;0;0;0;35443121;26401237;123801;209;29334813;44;0;0;0
FR;1;2021-08-08;68888;59098;253;0;67629;0;0;0;0;35512009;26460335;124054;209;29402442;44;0;0;0
FR;1;2021-08-09;222792;235201;1445;4;263949;2;0;0;0;35734801;26695536;125499;213;29666391;46;0;0;0
FR;1;2021-08-10;252750;239896;1493;2;271761;0;0;0;0;35987551;26935432;126992;215;29938152;46;0;0;0
FR;1;2021-08-11;236245;231778;1271;5;261312;0;0;0;0;36223796;27167210;128263;220;30199464;46;0;0;0
FR;1;2021-08-12;220789;239785;1490;3;267921;0;0;0;0;36444585;27406995;129753;223;30467385;46;0;0;0
FR;1;2021-08-13;201723;238494;1360;2;264075;2;0;0;0;36646308;27645489;131113;225;30731460;48;0;0;0
FR;1;2021-08-14;122866;174042;645;0;189568;0;0;0;0;36769174;27819531;131758;225;30921028;48;0;0;0
FR;1;2021-08-15;34708;46119;201;1;50341;0;0;0;0;36803882;27865650;131959;226;30971369;48;0;0;0
FR;1;2021-08-16;156966;289375;1423;0;309982;0;0;0;0;36960848;28155025;133382;226;31281351;48;0;0;0
FR;1;2021-08-17;171619;291005;1422;5;313447;0;0;0;0;37132467;28446030;134804;231;31594798;48;0;0;0
FR;1;2021-08-18;161434;286697;1394;6;307356;3;0;0;0;37293901;28732727;136198;237;31902154;51;0;0;0
FR;1;2021-08-19;148956;277438;1404;1;297313;0;0;0;0;37442857;29010165;137602;238;32199467;51;0;0;0
FR;1;2021-08-20;140518;308961;1532;2;328233;2;0;0;0;37583375;29319126;139134;240;32527700;53;0;0;0
FR;1;2021-08-21;84281;213207;589;0;224543;0;0;0;0;37667656;29532333;139723;240;32752243;53;0;0;0
FR;1;2021-08-22;28581;82696;233;0;86704;0;0;0;0;37696237;29615029;139956;240;32838947;53;0;0;0
FR;1;2021-08-23;118665;320947;1422;2;337713;1;0;0;0;37814902;29935976;141378;242;33176660;54;0;0;0
FR;1;2021-08-24;126673;319653;1604;5;337501;0;0;0;0;37941575;30255629;142982;247;33514161;54;0;0;0
FR;1;2021-08-25;121540;306436;1781;8;323655;2;0;0;0;38063115;30562065;144763;255;33837816;56;0;0;0
FR;1;2021-08-26;106633;286063;2162;10;302393;0;0;0;0;38169748;30848128;146925;265;34140209;56;0;0;0
FR;1;2021-08-27;107656;321604;2302;9;338931;1;0;0;0;38277404;31169732;149227;274;34479140;57;0;0;0
FR;1;2021-08-28;71025;220689;1102;0;231244;0;0;0;0;38348429;31390421;150329;274;34710384;57;0;0;0
FR;1;2021-08-29;24152;78195;469;1;82091;0;0;0;0;38372581;31468616;150798;275;34792475;57;0;0;0
FR;1;2021-08-30;96899;286276;4313;6;299773;4975;0;0;0;38469480;31754892;155111;281;35092248;5032;0;0;0
FR;1;2021-08-31;98126;276255;9295;15;289922;10081;2;0;0;38567606;32031147;164406;296;35382170;15113;2;0;0
FR;1;2021-09-01;112353;245300;21120;8;257705;22151;1;0;0;38679959;32276447;185526;304;35639875;37264;3;0;0
FR;1;2021-09-02;86766;197911;24533;18;208324;25512;0;0;0;38766725;32474358;210059;322;35848199;62776;3;0;0
FR;1;2021-09-03;82425;227498;26957;21;238951;28041;0;0;0;38849150;32701856;237016;343;36087150;90817;3;0;0
FR;1;2021-09-04;71630;189712;11141;11;199319;11705;7;0;0;38920780;32891568;248157;354;36286469;102522;10;0;0
FR;1;2021-09-05;18613;41147;4124;2;43859;4275;0;0;0;38939393;32932715;252281;356;36330328;106797;10;0;0
FR;1;2021-09-06;59821;151409;30181;15;158952;31214;2;0;0;38999214;33084124;282462;371;36489280;138011;12;0;0
FR;1;2021-09-07;57400;139638;30213;30;146787;31243;2;0;0;39056614;33223762;312675;401;36636067;169254;14;0;0
FR;1;2021-09-08;72349;173792;26927;22;182293;27957;4;0;0;39128963;33397554;339602;423;36818360;197211;18;0;0
FR;1;2021-09-09;54490;124423;28633;24;131198;29738;5;0;0;39183453;33521977;368235;447;36949558;226949;23;0;0
FR;1;2021-09-10;66216;152070;30452;24;161177;31689;5;0;0;39249669;33674047;398687;471;37110735;258638;28;0;0
FR;1;2021-09-11;52689;146629;9731;14;154134;10352;0;0;0;39302358;33820676;408418;485;37264869;268990;28;0;0
FR;1;2021-09-12;10796;29273;2489;1;30972;2658;2;0;0;39313154;33849949;410907;486;37295841;271648;30;0;0
FR;1;2021-09-13;51514;104426;38762;31;110981;40085;16;0;0;39364668;33954375;449669;517;37406822;311733;46;0;0
FR;1;2021-09-14;53342;95996;51280;67;102418;53239;38;0;0;39418010;34050371;500949;584;37509240;364972;84;0;0
FR;1;2021-09-15;60577;139238;50497;55;146428;47058;68;0;0;39478587;34189609;551446;639;37655668;412030;152;0;0
FR;1;2021-09-16;46637;81365;53353;70;86268;49597;70;0;0;39525224;34270974;604799;709;37741936;461627;222;0;0
FR;1;2021-09-17;53224;109330;45072;61;115670;42700;63;0;0;39578448;34380304;649871;770;37857606;504327;285;0;0
FR;1;2021-09-18;37882;118488;11795;19;124081;11274;19;0;0;39616330;34498792;661666;789;37981687;515601;304;0;0
FR;1;2021-09-19;6531;21032;2041;1;22135;1982;1;0;0;39622861;34519824;663707;790;38003822;517583;305;0;0
FR;1;2021-09-20;36542;74840;46229;65;78564;44190;32;0;0;39659403;34594664;709936;855;38082386;561773;337;0;0
FR;1;2021-09-21;34199;68113;56266;72;71146;52739;79;0;0;39693602;34662777;766202;927;38153532;614512;416;0;0
FR;1;2021-09-22;38840;118597;49878;76;123022;46920;41;0;0;39732442;34781374;816080;1003;38276554;661432;457;0;0
FR;1;2021-09-23;32039;62895;54507;85;65797;50915;84;0;0;39764481;34844269;870587;1088;38342351;712347;541;0;0
FR;1;2021-09-24;36797;90030;43673;89;94396;41950;58;0;0;39801278;34934299;914260;1177;38436747;754297;599;0;0
FR;1;2021-09-25;27652;96704;12307;27;101067;12185;19;0;0;39828930;35031003;926567;1204;38537814;766482;618;0;0
FR;1;2021-09-26;4385;15194;1776;5;16057;1698;4;0;0;39833315;35046197;928343;1209;38553871;768180;622;0;0
FR;1;2021-09-27;27353;60211;42912;89;63446;41638;81;0;1;39860668;35106408;971255;1298;38617317;809818;703;0;1
FR;1;2021-09-28;26912;49421;47199;76;52049;44479;42;0;0;39887580;35155829;1018454;1374;38669366;854297;745;0;1
FR;1;2021-09-29;35925;80271;47289;87;84660;45612;37;0;0;39923505;35236100;1065743;1461;38754026;899909;782;0;1
FR;1;2021-09-30;26076;46890;47524;80;49263;45463;52;0;0;39949581;35282990;1113267;1541;38803289;945372;834;0;1
FR;1;2021-10-01;47301;66922;44903;83;70818;44618;15;0;0;39996882;35349912;1158170;1624;38874107;989990;849;0;1
FR;1;2021-10-02;32383;62403;16112;32;67218;16321;6;0;0;40029265;35412315;1174282;1656;38941325;1006311;855;0;1
FR;1;2021-10-03;4343;8564;2040;3;9313;2037;4;0;0;40033608;35420879;1176322;1659;38950638;1008348;859;0;1
FR;1;2021-10-04;28976;44413;47110;79;46833;46976;31;0;0;40062584;35465292;1223432;1738;38997471;1055324;890;0;1
FR;1;2021-10-05;24566;41636;49890;116;43142;49332;51;0;0;40087150;35506928;1273322;1854;39040613;1104656;941;0;1
FR;1;2021-10-06;34656;61380;57505;102;64497;57254;27;0;0;40121806;35568308;1330827;1956;39105110;1161910;968;0;1
FR;1;2021-10-07;21078;39912;53047;75;41097;51988;34;0;0;40142884;35608220;1383874;2031;39146207;1213898;1002;0;1
FR;1;2021-10-08;35669;59644;60408;83;62879;61163;29;0;0;40178553;35667864;1444282;2114;39209086;1275061;1031;0;1
FR;1;2021-10-09;27467;48012;25496;29;52488;26024;10;0;0;40206020;35715876;1469778;2143;39261574;1301085;1041;0;1
FR;1;2021-10-10;3726;5811;2758;7;6289;2865;1;0;0;40209746;35721687;1472536;2150;39267863;1303950;1042;0;1
FR;1;2021-10-11;24857;38224;54587;88;40312;55262;48;0;0;40234603;35759911;1527123;2238;39308175;1359212;1090;0;1
FR;1;2021-10-12;23380;36583;58074;128;37103;59225;18;0;0;40257983;35796494;1585197;2366;39345278;1418437;1108;0;1
FR;1;2021-10-13;32973;47835;64174;125;50646;65697;23;0;1;40290956;35844329;1649371;2491;39395924;1484134;1131;0;2
FR;1;2021-10-14;21712;34771;53772;103;35683;54362;24;0;0;40312668;35879100;1703143;2594;39431607;1538496;1155;0;2
FR;1;2021-10-15;32750;48764;72329;165;50464;75021;23;0;0;40345418;35927864;1775472;2759;39482071;1613517;1178;0;2
FR;1;2021-10-16;26012;35286;34871;44;38304;36423;15;0;0;40371430;35963150;1810343;2803;39520375;1649940;1193;0;2
FR;1;2021-10-17;3158;4048;3417;2;4492;3317;3;0;0;40374588;35967198;1813760;2805;39524867;1653257;1196;0;2
FR;1;2021-10-18;24346;34887;66844;132;34935;69719;29;0;0;40398934;36002085;1880604;2937;39559802;1722976;1225;0;2
FR;1;2021-10-19;20721;35572;75668;135;33232;79596;41;0;0;40419655;36037657;1956272;3072;39593034;1802572;1266;0;2
FR;1;2021-10-20;29914;44203;96183;178;43284;99869;45;0;0;40449569;36081860;2052455;3250;39636318;1902441;1311;0;2
FR;1;2021-10-21;19802;35049;83190;107;31765;87047;31;0;0;40469371;36116909;2135645;3357;39668083;1989488;1342;0;2
FR;1;2021-10-22;29756;47755;103752;196;44572;109700;62;0;0;40499127;36164664;2239397;3553;39712655;2099188;1404;0;2
FR;1;2021-10-23;23054;35143;44874;57;36140;47383;12;0;0;40522181;36199807;2284271;3610;39748795;2146571;1416;0;2
FR;1;2021-10-24;2406;3845;3583;6;4042;3717;1;0;0;40524587;36203652;2287854;3616;39752837;2150288;1417;0;2
FR;1;2021-10-25;22496;30741;82028;143;29629;85834;37;0;0;40547083;36234393;2369882;3759;39782466;2236122;1454;0;2
FR;1;2021-10-26;19366;27649;86119;162;24754;90341;31;0;0;40566449;36262042;2456001;3921;39807220;2326463;1485;0;2
FR;1;2021-10-27;26218;39619;107815;252;37317;112724;51;0;0;40592667;36301661;2563816;4173;39844537;2439187;1536;0;2
FR;1;2021-10-28;18802;27116;86965;150;23504;91722;37;0;0;40611469;36328777;2650781;4323;39868041;2530909;1573;0;2
FR;1;2021-10-29;25931;40263;114838;202;35506;121664;54;0;0;40637400;36369040;2765619;4525;39903547;2652573;1627;0;2
FR;1;2021-10-30;17710;28712;49371;74;28307;51963;18;0;0;40655110;36397752;2814990;4599;39931854;2704536;1645;0;2
FR;1;2021-10-31;2086;3173;3451;2;3218;3686;2;0;0;40657196;36400925;2818441;4601;39935072;2708222;1647;0;2
FR;1;2021-11-01;8014;4269;3035;3;4354;3294;6;0;0;40665210;36405194;2821476;4604;39939426;2711516;1653;0;2
FR;1;2021-11-02;22908;33231;92407;156;29193;97855;39;0;1;40688118;36438425;2913883;4760;39968619;2809371;1692;0;3
FR;1;2021-11-03;26635;41563;117511;219;37022;123886;59;0;0;40714753;36479988;3031394;4979;40005641;2933257;1751;0;3
FR;1;2021-11-04;19626;30307;105818;213;24194;111971;43;0;0;40734379;36510295;3137212;5192;40029835;3045228;1794;0;3
FR;1;2021-11-05;27023;42309;138787;230;34203;147462;49;0;0;40761402;36552604;3275999;5422;40064038;3192690;1843;0;3
FR;1;2021-11-06;18861;29817;63487;123;27622;66500;25;0;0;40780263;36582421;3339486;5545;40091660;3259190;1868;0;3
FR;1;2021-11-07;1834;3279;4982;6;3034;5301;5;0;0;40782097;36585700;3344468;5551;40094694;3264491;1873;0;3
FR;1;2021-11-08;17877;32241;126007;224;25389;132641;48;0;0;40799974;36617941;3470475;5775;40120083;3397132;1921;0;3
FR;1;2021-11-09;19518;37615;159320;334;26154;169127;68;0;0;40819492;36655556;3629795;6109;40146237;3566259;1989;0;3
FR;1;2021-11-10;28889;49073;181921;441;39038;192536;87;0;0;40848381;36704629;3811716;6550;40185275;3758795;2076;0;3
FR;1;2021-11-11;4191;5942;12236;26;5112;13029;14;0;0;40852572;36710571;3823952;6576;40190387;3771824;2090;0;3
FR;1;2021-11-12;26023;46831;174839;244;35311;186521;82;0;0;40878595;36757402;3998791;6820;40225698;3958345;2172;0;3
FR;1;2021-11-13;18734;29152;76843;111;25382;81790;41;0;0;40897329;36786554;4075634;6931;40251080;4040135;2213;0;3
FR;1;2021-11-14;2050;3242;6827;5;2798;7357;6;0;0;40899379;36789796;4082461;6936;40253878;4047492;2219;0;3
FR;1;2021-11-15;18787;34724;156437;306;24637;166259;63;0;0;40918166;36824520;4238898;7242;40278515;4213751;2282;0;3
FR;1;2021-11-16;21363;37860;192143;380;23367;205053;103;0;1;40939529;36862380;4431041;7622;40301882;4418804;2385;0;4
FR;1;2021-11-17;28669;45557;193247;398;33035;205061;95;0;0;40968198;36907937;4624288;8020;40334917;4623865;2480;0;4
FR;1;2021-11-18;21142;39591;182525;458;25155;194627;87;0;0;40989340;36947528;4806813;8478;40360072;4818492;2567;0;4
FR;1;2021-11-19;30890;53325;230273;532;34840;246748;138;0;0;41020230;37000853;5037086;9010;40394912;5065240;2705;0;4
FR;1;2021-11-20;23766;33224;96997;202;26742;103645;45;0;0;41043996;37034077;5134083;9212;40421654;5168885;2750;0;4
FR;1;2021-11-21;2339;3910;9124;19;2956;9934;16;0;0;41046335;37037987;5143207;9231;40424610;5178819;2766;0;4
FR;1;2021-11-22;21422;30360;175923;467;16969;189476;78;0;0;41067757;37068347;5319130;9698;40441579;5368295;2844;0;4
FR;1;2021-11-23;24027;40989;221243;540;21346;237987;77;0;0;41091784;37109336;5540373;10238;40462925;5606282;2921;0;4
FR;1;2021-11-24;30298;49662;217382;702;32004;234548;68;0;0;41122082;37158998;5757755;10940;40494929;5840830;2989;0;4
FR;1;2021-11-25;23732;44031;244500;718;22100;264161;101;0;0;41145814;37203029;6002255;11658;40517029;6104991;3090;0;4
FR;1;2021-11-26;30622;66672;356829;836;33299;388602;154;0;0;41176436;37269701;6359084;12494;40550328;6493593;3244;0;4
FR;1;2021-11-27;21961;45302;202652;372;26196;222681;114;0;0;41198397;37315003;6561736;12866;40576524;6716274;3358;0;4
FR;1;2021-11-28;3178;9570;54797;63;3481;61018;37;0;0;41201575;37324573;6616533;12929;40580005;6777292;3395;0;4
FR;1;2021-11-29;17902;49485;326410;841;20816;354531;150;0;0;41219477;37374058;6942943;13770;40600821;7131823;3545;0;4
FR;1;2021-11-30;22789;64850;431172;952;23872;470800;262;0;0;41242266;37438908;7374115;14722;40624693;7602623;3807;0;4
FR;1;2021-12-01;25350;69145;442928;1131;28527;481799;271;0;0;41267616;37508053;7817043;15853;40653220;8084422;4078;0;4
FR;1;2021-12-02;20089;64426;489434;1228;18547;532948;271;0;0;41287705;37572479;8306477;17081;40671767;8617370;4349;0;4
FR;1;2021-12-03;22912;82379;542806;1309;30380;591795;307;0;0;41310617;37654858;8849283;18390;40702147;9209165;4656;0;4
FR;1;2021-12-04;16415;53866;299114;654;23276;328984;183;0;0;41327032;37708724;9148397;19044;40725423;9538149;4839;0;4
FR;1;2021-12-05;3635;13803;81539;143;4217;91045;85;0;0;41330667;37722527;9229936;19187;40729640;9629194;4924;0;4
FR;1;2021-12-06;25853;62479;415474;1066;22130;455192;356;0;0;41356520;37785006;9645410;20253;40751770;10084386;5280;0;4
FR;1;2021-12-07;20014;75512;523023;1536;24353;572662;371;0;0;41376534;37860518;10168433;21789;40776123;10657048;5651;0;4
FR;1;2021-12-08;21712;75581;458470;1545;30716;502140;378;0;0;41398246;37936099;10626903;23334;40806839;11159188;6029;0;4
FR;1;2021-12-09;19468;74015;492977;1626;24433;540963;397;0;0;41417714;38010114;11119880;24960;40831272;11700151;6426;0;4
FR;1;2021-12-10;23324;87617;547416;1585;32519;600053;390;0;1;41441038;38097731;11667296;26545;40863791;12300204;6816;0;5
FR;1;2021-12-11;16531;59133;302755;751;26002;335482;278;0;0;41457569;38156864;11970051;27296;40889793;12635686;7094;0;5
FR;1;2021-12-12;4392;15908;83226;179;5266;94042;96;0;0;41461961;38172772;12053277;27475;40895059;12729728;7190;0;5
FR;1;2021-12-13;15754;63505;367022;1094;24019;406300;234;0;0;41477715;38236277;12420299;28569;40919078;13136028;7424;0;5
FR;1;2021-12-14;20864;80208;464826;1748;28745;515275;506;0;1;41498579;38316485;12885125;30317;40947823;13651303;7930;0;6
FR;1;2021-12-15;21618;77378;409114;1309;33102;453180;311;0;1;41520197;38393863;13294239;31626;40980925;14104483;8241;0;7
FR;1;2021-12-16;20064;77184;451908;1577;28036;500655;325;0;0;41540261;38471047;13746147;33203;41008961;14605138;8566;0;7
FR;1;2021-12-17;22625;86510;479966;1737;34760;531008;372;0;0;41562886;38557557;14226113;34940;41043721;15136146;8938;0;7
FR;1;2021-12-18;17609;54638;257639;731;24742;288542;230;0;0;41580495;38612195;14483752;35671;41068463;15424688;9168;0;7
FR;1;2021-12-19;5563;16979;79193;194;5944;90701;116;0;0;41586058;38629174;14562945;35865;41074407;15515389;9284;0;7
FR;1;2021-12-20;20935;63025;316264;1081;26616;355311;283;0;0;41606993;38692199;14879209;36946;41101023;15870700;9567;0;7
FR;1;2021-12-21;26328;72977;372776;1423;30681;418096;338;0;0;41633321;38765176;15251985;38369;41131704;16288796;9905;0;7
FR;1;2021-12-22;24980;65772;310653;1217;29691;349586;361;0;1;41658301;38830948;15562638;39586;41161395;16638382;10266;0;8
FR;1;2021-12-23;21272;52208;241498;957;23432;273048;361;0;0;41679573;38883156;15804136;40543;41184827;16911430;10627;0;8
FR;1;2021-12-24;7127;18315;67159;258;9280;77061;154;0;1;41686700;38901471;15871295;40801;41194107;16988491;10781;0;9
FR;1;2021-12-25;508;2875;5588;15;1805;6534;55;0;0;41687208;38904346;15876883;40816;41195912;16995025;10836;0;9
FR;1;2021-12-26;2749;7580;26948;71;3498;31460;100;0;0;41689957;38911926;15903831;40887;41199410;17026485;10936;0;9
FR;1;2021-12-27;18312;53527;235121;705;25529;265768;365;0;0;41708269;38965453;16138952;41592;41224939;17292253;11301;0;9
FR;1;2021-12-28;23302;61973;292043;1026;27081;330214;595;0;1;41731571;39027426;16430995;42618;41252020;17622467;11896;0;10
FR;1;2021-12-29;22217;55468;255018;920;25335;288229;645;0;1;41753788;39082894;16686013;43538;41277355;17910696;12541;0;11
FR;1;2021-12-30;21241;46490;212167;858;22513;239623;718;0;0;41775029;39129384;16898180;44396;41299868;18150319;13259;0;11
FR;1;2021-12-31;7467;16563;61875;229;8747;70407;346;0;0;41782496;39145947;16960055;44625;41308615;18220726;13605;0;11
FR;1;2022-01-01;1158;2497;5664;30;1542;6582;72;0;0;41783654;39148444;16965719;44655;41310157;18227308;13677;0;11
FR;1;2022-01-02;3087;8077;28892;50;3674;33531;190;0;0;41786741;39156521;16994611;44705;41313831;18260839;13867;0;11
FR;1;2022-01-03;25612;54228;228258;789;27579;257729;958;0;1;41812353;39210749;17222869;45494;41341410;18518568;14825;0;12
FR;1;2022-01-04;26204;65062;299277;1239;29869;337310;1368;0;2;41838557;39275811;17522146;46733;41371279;18855878;16193;0;14
FR;1;2022-01-05;30545;64300;274897;1099;32558;310276;1263;0;0;41869102;39340111;17797043;47832;41403837;19166154;17456;0;14
FR;1;2022-01-06;26837;66240;306900;1400;29311;346570;1566;0;1;41895939;39406351;18103943;49232;41433148;19512724;19022;0;15
FR;1;2022-01-07;31570;75040;349844;1538;34452;393984;1823;0;1;41927509;39481391;18453787;50770;41467600;19906708;20845;0;16
FR;1;2022-01-08;23388;51383;222499;698;25599;251123;913;0;1;41950897;39532774;18676286;51468;41493199;20157831;21758;0;17
FR;1;2022-01-09;7092;17158;66025;163;8189;76137;335;0;0;41957989;39549932;18742311;51631;41501388;20233968;22093;0;17
FR;1;2022-01-10;21790;60651;236808;955;32972;267607;1257;0;1;41979779;39610583;18979119;52586;41534360;20501575;23350;0;18
FR;1;2022-01-11;26764;63472;282302;1280;31234;317827;1835;0;1;42006543;39674055;19261421;53866;41565594;20819402;25185;0;19
FR;1;2022-01-12;28958;62537;246271;1105;35095;278061;1685;0;3;42035501;39736592;19507692;54971;41600689;21097463;26870;0;22
FR;1;2022-01-13;24782;60203;262801;1253;30071;296124;1994;0;4;42060283;39796795;19770493;56224;41630760;21393587;28864;0;26
FR;1;2022-01-14;27967;66743;314022;1366;32168;351269;2475;0;1;42088250;39863538;20084515;57590;41662928;21744856;31339;0;27
FR;1;2022-01-15;19366;44434;199319;618;22479;223865;1362;0;1;42107616;39907972;20283834;58208;41685407;21968721;32701;0;28
FR;1;2022-01-16;5160;12978;51529;135;6031;59562;337;0;0;42112776;39920950;20335363;58343;41691438;22028283;33038;0;28
FR;1;2022-01-17;16867;39727;184836;781;20155;206831;1690;0;2;42129643;39960677;20520199;59124;41711593;22235114;34728;0;30
FR;1;2022-01-18;19453;45987;212434;1154;22997;237047;2456;0;1;42149096;40006664;20732633;60278;41734590;22472161;37184;0;31
FR;1;2022-01-19;20308;43992;176119;897;25497;197200;1974;0;4;42169404;40050656;20908752;61175;41760087;22669361;39158;0;35
FR;1;2022-01-20;16841;40600;183695;1139;20828;204743;2513;0;2;42186245;40091256;21092447;62314;41780915;22874104;41671;0;37
FR;1;2022-01-21;19916;47053;228962;1405;23923;253348;3107;0;1;42206161;40138309;21321409;63719;41804838;23127452;44778;0;38
FR;1;2022-01-22;13844;33352;144495;578;18445;161389;1404;0;2;42220005;40171661;21465904;64297;41823283;23288841;46182;0;40
FR;1;2022-01-23;3377;8767;33429;132;4575;38319;352;0;1;42223382;40180428;21499333;64429;41827858;23327160;46534;0;41
FR;1;2022-01-24;11809;32993;142221;711;17809;158257;2102;0;1;42235191;40213421;21641554;65140;41845667;23485417;48636;0;42
FR;1;2022-01-25;14213;38195;163411;1049;20293;181571;3179;0;1;42249404;40251616;21804965;66189;41865960;23666988;51815;0;43
FR;1;2022-01-26;14863;37712;150254;933;22640;166364;2517;0;1;42264267;40289328;21955219;67122;41888600;23833352;54332;0;44
FR;1;2022-01-27;12340;33324;143455;888;18501;158015;3226;0;3;42276607;40322652;22098674;68010;41907101;23991367;57558;0;47
FR;1;2022-01-28;16326;56935;198319;1143;32680;222394;4005;0;3;42292933;40379587;22296993;69153;41939781;24213761;61563;0;50
FR;1;2022-01-29;10268;35489;135204;525;19618;151542;1879;0;1;42303201;40415076;22432197;69678;41959399;24365303;63442;0;51
FR;1;2022-01-30;2485;9269;29682;86;4832;34453;435;0;1;42305686;40424345;22461879;69764;41964231;24399756;63877;0;52
FR;1;2022-01-31;8758;32497;104346;533;19491;117363;2342;0;3;42314444;40456842;22566225;70297;41983722;24517119;66219;0;55
FR;1;2022-02-01;10995;36475;127083;865;20645;141239;4326;0;1;42325439;40493317;22693308;71162;42004367;24658358;70545;0;56
FR;1;2022-02-02;12049;41597;130358;782;25272;145830;3780;0;9;42337488;40534914;22823666;71944;42029639;24804188;74325;0;65
FR;1;2022-02-03;9307;34061;117016;785;19117;130339;4294;0;4;42346795;40568975;22940682;72729;42048756;24934527;78619;0;69
FR;1;2022-02-04;11532;48644;172583;967;25931;192740;5489;0;5;42358327;40617619;23113265;73696;42074687;25127267;84108;0;74
FR;1;2022-02-05;7998;33935;117589;391;18178;133035;2421;0;3;42366325;40651554;23230854;74087;42092865;25260302;86529;0;77
FR;1;2022-02-06;1706;8002;22752;85;3875;26907;443;0;0;42368031;40659556;23253606;74172;42096740;25287209;86972;0;77
FR;1;2022-02-07;7339;35421;119105;459;18193;134977;3397;0;4;42375370;40694977;23372711;74631;42114933;25422186;90369;0;81
FR;1;2022-02-08;7763;31956;125659;695;14888;140648;4301;0;5;42383133;40726933;23498370;75326;42129821;25562834;94670;0;86
FR;1;2022-02-09;8651;36520;135256;701;17921;152501;3883;0;7;42391784;40763453;23633626;76027;42147742;25715335;98553;0;93
FR;1;2022-02-10;7022;30124;116376;675;13887;130164;4444;0;1;42398806;40793577;23750002;76702;42161629;25845499;102997;0;94
FR;1;2022-02-11;8658;41551;165144;878;18361;185369;5430;0;3;42407464;40835128;23915146;77580;42179990;26030868;108427;0;97
FR;1;2022-02-12;5340;27609;106713;379;12531;120898;2396;0;2;42412804;40862737;24021859;77959;42192521;26151766;110823;0;99
FR;1;2022-02-13;1265;5718;21717;66;2187;25333;402;0;3;42414069;40868455;24043576;78025;42194708;26177099;111225;0;102
FR;1;2022-02-14;5458;27224;118092;394;10640;133120;3384;0;4;42419527;40895679;24161668;78419;42205348;26310219;114609;0;106
FR;1;2022-02-15;5790;28859;118928;611;12207;132560;4882;0;1;42425317;40924538;24280596;79030;42217555;26442779;119491;0;107
FR;1;2022-02-16;5758;28487;110420;596;13752;123051;4152;0;3;42431075;40953025;24391016;79626;42231307;26565830;123643;0;110
FR;1;2022-02-17;4614;19739;73146;488;10125;80251;3997;0;3;42435689;40972764;24464162;80114;42241432;26646081;127640;0;113
FR;1;2022-02-18;5608;26790;99202;673;14162;108162;5519;0;2;42441297;40999554;24563364;80787;42255594;26754243;133159;0;115
FR;1;2022-02-19;3550;17177;59479;304;9569;66060;2266;0;0;42444847;41016731;24622843;81091;42265163;26820303;135425;0;115
FR;1;2022-02-20;791;3256;10706;36;1649;12333;360;0;1;42445638;41019987;24633549;81127;42266812;26832636;135785;0;116
FR;1;2022-02-21;3429;14592;52830;286;7915;57676;3126;0;2;42449067;41034579;24686379;81413;42274727;26890312;138911;0;118
FR;1;2022-02-22;3799;15539;51916;500;9036;55655;4069;0;1;42452866;41050118;24738295;81913;42283763;26945967;142980;0;119
FR;1;2022-02-23;4233;17821;57475;508;10742;62575;3568;0;3;42457099;41067939;24795770;82421;42294505;27008542;146548;0;122
FR;1;2022-02-24;3343;13131;43616;436;7827;46405;3657;0;2;42460442;41081070;24839386;82857;42302332;27054947;150205;0;124
FR;1;2022-02-25;4474;19937;64923;696;12055;68794;5767;0;4;42464916;41101007;24904309;83553;42314387;27123741;155972;0;128
FR;1;2022-02-26;2693;12802;41369;310;7648;45122;2494;0;2;42467609;41113809;24945678;83863;42322035;27168863;158466;0;130
FR;1;2022-02-27;644;2190;7128;42;1206;7993;431;0;0;42468253;41115999;24952806;83905;42323241;27176856;158897;0;130
FR;1;2022-02-28;2611;10490;34962;306;6072;37388;3124;0;0;42470864;41126489;24987768;84211;42329313;27214244;162021;0;130
FR;1;2022-03-01;3581;10752;38704;391;6357;39658;4549;0;4;42474445;41137241;25026472;84602;42335670;27253902;166570;0;134
FR;1;2022-03-02;3676;12185;41861;398;7451;43931;4110;0;1;42478121;41149426;25068333;85000;42343121;27297833;170680;0;135
FR;1;2022-03-03;2461;7985;26180;328;5241;26519;3378;0;1;42480582;41157411;25094513;85328;42348362;27324352;174058;0;136
FR;1;2022-03-04;2683;10494;35441;592;6924;34935;5277;0;3;42483265;41167905;25129954;85920;42355286;27359287;179335;0;139
FR;1;2022-03-05;1822;6362;21967;280;4201;22365;2571;0;1;42485087;41174267;25151921;86200;42359487;27381652;181906;0;140
FR;1;2022-03-06;358;956;2917;38;602;3120;327;0;0;42485445;41175223;25154838;86238;42360089;27384772;182233;0;140
FR;1;2022-03-07;1785;4719;16438;245;3043;15904;2831;0;4;42487230;41179942;25171276;86483;42363132;27400676;185064;0;144
FR;1;2022-03-08;1710;5256;17168;309;3667;15996;3472;0;3;42488940;41185198;25188444;86792;42366799;27416672;188536;0;147
FR;1;2022-03-09;1988;6676;19813;370;4752;19171;3422;0;4;42490928;41191874;25208257;87162;42371551;27435843;191958;0;151
FR;1;2022-03-10;1407;5008;15292;308;3659;14331;2943;0;2;42492335;41196882;25223549;87470;42375210;27450174;194901;0;153
FR;1;2022-03-11;1757;6407;21709;487;4440;19864;4737;0;1;42494092;41203289;25245258;87957;42379650;27470038;199638;0;154
FR;1;2022-03-12;1254;4653;15364;281;3096;14914;2685;0;2;42495346;41207942;25260622;88238;42382746;27484952;202323;0;156
FR;1;2022-03-13;255;612;2120;119;412;2066;468;0;0;42495601;41208554;25262742;88357;42383158;27487018;202791;0;156
FR;1;2022-03-14;1150;3678;13405;3882;2293;12527;6342;0;8;42496751;41212232;25276147;92239;42385451;27499545;209133;0;164
FR;1;2022-03-15;1408;5738;14660;6863;4321;13258;9843;0;8;42498159;41217970;25290807;99102;42389772;27512803;218976;0;172
FR;1;2022-03-16;1693;5083;17393;11520;3593;16458;14125;0;6;42499852;41223053;25308200;110622;42393365;27529261;233101;0;178
FR;1;2022-03-17;1171;3440;11731;9648;2364;10828;11730;0;8;42501023;41226493;25319931;120270;42395729;27540089;244831;0;186
FR;1;2022-03-18;1727;4928;17972;16507;3323;16411;19721;0;14;42502750;41231421;25337903;136777;42399052;27556500;264552;0;200
FR;1;2022-03-19;1126;3299;11890;8458;2275;11359;10140;0;6;42503876;41234720;25349793;145235;42401327;27567859;274692;0;206
FR;1;2022-03-20;224;559;1724;1014;361;1758;1224;0;2;42504100;41235279;25351517;146249;42401688;27569617;275916;0;208
FR;1;2022-03-21;1086;2766;11500;13461;1786;10849;15142;0;10;42505186;41238045;25363017;159710;42403474;27580466;291058;0;218
FR;1;2022-03-22;1247;3210;12258;18713;2151;11246;20616;0;5;42506433;41241255;25375275;178423;42405625;27591712;311674;0;223
FR;1;2022-03-23;1506;4357;16029;20111;2952;15712;21881;0;34;42507939;41245612;25391304;198534;42408577;27607424;333555;0;257
FR;1;2022-03-24;1116;2753;10400;16057;1910;9662;17561;0;15;42509055;41248365;25401704;214591;42410487;27617086;351116;0;272
FR;1;2022-03-25;1535;4361;16747;25315;2878;15399;27959;0;23;42510590;41252726;25418451;239906;42413365;27632485;379075;0;295
FR;1;2022-03-26;1108;3014;10856;11450;2063;10517;12862;0;20;42511698;41255740;25429307;251356;42415428;27643002;391937;0;315
FR;1;2022-03-27;233;546;1751;1382;333;1804;1593;0;1;42511931;41256286;25431058;252738;42415761;27644806;393530;0;316
FR;1;2022-03-28;1082;2487;9978;15885;1554;9601;17228;0;10;42513013;41258773;25441036;268623;42417315;27654407;410758;0;326
FR;1;2022-03-29;1142;2740;11556;25109;1590;10922;26505;0;30;42514155;41261513;25452592;293732;42418905;27665329;437263;0;356
FR;1;2022-03-30;1630;3600;14170;24223;2372;13710;25890;0;19;42515785;41265113;25466762;317955;42421277;27679039;463153;0;375
FR;1;2022-03-31;1278;3016;11698;22685;2041;11212;24005;0;40;42517063;41268129;25478460;340640;42423318;27690251;487158;0;415
FR;1;2022-04-01;2232;4021;18485;28531;2476;17355;30803;0;53;42519295;41272150;25496945;369171;42425794;27707606;517961;0;468
FR;1;2022-04-02;910;1889;8195;9238;1106;7954;10231;0;28;42520205;41274039;25505140;378409;42426900;27715560;528192;0;496
FR;1;2022-04-03;203;380;1433;1057;218;1434;1248;0;1;42520408;41274419;25506573;379466;42427118;27716994;529440;0;497
FR;1;2022-04-04;2354;2472;11371;17678;1552;10761;18899;0;30;42522762;41276891;25517944;397144;42428670;27727755;548339;0;527
FR;1;2022-04-05;2083;2708;13001;31218;1693;12025;32599;0;68;42524845;41279599;25530945;428362;42430363;27739780;580938;0;595
FR;1;2022-04-06;1814;3001;12204;23938;1908;11635;25240;0;62;42526659;41282600;25543149;452300;42432271;27751415;606178;0;657
FR;1;2022-04-07;1535;2738;12351;31080;1638;11816;32156;0;68;42528194;41285338;25555500;483380;42433909;27763231;638334;0;725
FR;1;2022-04-08;1752;3651;17559;40619;2043;16468;42688;0;76;42529946;41288989;25573059;523999;42435952;27779699;681022;0;801
FR;1;2022-04-09;820;1997;8404;12501;1074;8103;13501;0;26;42530766;41290986;25581463;536500;42437026;27787802;694523;0;827
FR;1;2022-04-10;200;646;1836;1855;410;1882;2075;0;6;42530966;41291632;25583299;538355;42437436;27789684;696598;0;833
FR;1;2022-04-11;1082;2257;10969;22346;1305;10687;23452;0;68;42532048;41293889;25594268;560701;42438741;27800371;720050;0;901
FR;1;2022-04-12;1331;2670;12821;38130;1583;12311;38881;0;119;42533379;41296559;25607089;598831;42440324;27812682;758931;0;1020
FR;1;2022-04-13;1275;2892;12270;30617;1787;12003;31387;0;85;42534654;41299451;25619359;629448;42442111;27824685;790318;0;1105
FR;1;2022-04-14;1228;2584;12116;33621;1587;12130;34058;0;88;42535882;41302035;25631475;663069;42443698;27836815;824376;0;1193
FR;1;2022-04-15;1497;3228;14401;33262;2049;13804;34662;0;107;42537379;41305263;25645876;696331;42445747;27850619;859038;0;1300
FR;1;2022-04-16;660;1405;5844;8003;763;5775;8757;0;31;42538039;41306668;25651720;704334;42446510;27856394;867795;0;1331
FR;1;2022-04-17;155;288;930;1121;175;975;1171;0;7;42538194;41306956;25652650;705455;42446685;27857369;868966;0;1338
FR;1;2022-04-18;166;479;2635;1002;296;2659;1186;0;5;42538360;41307435;25655285;706457;42446981;27860028;870152;0;1343
FR;1;2022-04-19;1253;2608;11785;27931;1496;11516;28786;0;69;42539613;41310043;25667070;734388;42448477;27871544;898938;0;1412
FR;1;2022-04-20;1349;2665;12177;26875;1665;12027;27704;0;82;42540962;41312708;25679247;761263;42450142;27883571;926642;0;1494
FR;1;2022-04-21;1242;2459;11547;33247;1508;11759;33603;0;107;42542204;41315167;25690794;794510;42451650;27895330;960245;0;1601
FR;1;2022-04-22;1515;3081;15213;35498;1913;14792;36695;0;120;42543719;41318248;25706007;830008;42453563;27910122;996940;0;1721
FR;1;2022-04-23;761;1581;6734;9893;917;6640;10577;0;30;42544480;41319829;25712741;839901;42454480;27916762;1007517;0;1751
FR;1;2022-04-24;196;373;1373;1521;237;1328;1744;0;7;42544676;41320202;25714114;841422;42454717;27918090;1009261;0;1758
FR;1;2022-04-25;1040;2130;9854;19731;1251;9756;20553;0;64;42545716;41322332;25723968;861153;42455968;27927846;1029814;0;1822
FR;1;2022-04-26;1348;2622;12602;36575;1603;12202;37162;0;163;42547064;41324954;25736570;897728;42457571;27940048;1066976;0;1985
FR;1;2022-04-27;1330;2405;10653;29239;1461;10789;29625;0;122;42548394;41327359;25747223;926967;42459032;27950837;1096601;0;2107
FR;1;2022-04-28;1283;2410;11562;34280;1517;11404;34429;0;127;42549677;41329769;25758785;961247;42460549;27962241;1131030;0;2234
FR;1;2022-04-29;1612;4271;14401;35554;3145;13855;36842;0;153;42551289;41334040;25773186;996801;42463694;27976096;1167872;0;2387
FR;1;2022-04-30;831;2312;6445;9174;1741;6288;9975;0;35;42552120;41336352;25779631;1005975;42465435;27982384;1177847;0;2422
FR;1;2022-05-01;177;288;831;948;190;825;1077;0;5;42552297;41336640;25780462;1006923;42465625;27983209;1178924;0;2427
FR;1;2022-05-02;1816;2603;10377;16946;1759;10300;17629;0;64;42554113;41339243;25790839;1023869;42467384;27993509;1196553;0;2491
FR;1;2022-05-03;1621;2871;12707;32893;1757;12599;33693;0;149;42555734;41342114;25803546;1056762;42469141;28006108;1230246;0;2640
FR;1;2022-05-04;1370;2741;11231;23810;1687;11392;24348;0;96;42557104;41344855;25814777;1080572;42470828;28017500;1254594;0;2736
FR;1;2022-05-05;1475;2694;12192;31845;1680;12116;32392;0;169;42558579;41347549;25826969;1112417;42472508;28029616;1286986;0;2905
FR;1;2022-05-06;1819;3231;14234;34918;1908;13817;36181;0;166;42560398;41350780;25841203;1147335;42474416;28043433;1323167;0;3071
FR;1;2022-05-07;857;1472;5977;9094;878;6011;9728;0;44;42561255;41352252;25847180;1156429;42475294;28049444;1332895;0;3115
FR;1;2022-05-08;190;329;1060;1472;222;1122;1548;0;8;42561445;41352581;25848240;1157901;42475516;28050566;1334443;0;3123
FR;1;2022-05-09;1145;2012;9247;19262;1153;9161;20035;0;93;42562590;41354593;25857487;1177163;42476669;28059727;1354478;0;3216
FR;1;2022-05-10;1489;2994;12620;37135;1903;12218;38034;0;177;42564079;41357587;25870107;1214298;42478572;28071945;1392512;0;3393
FR;1;2022-05-11;1435;2469;9909;26027;1688;9856;26549;0;138;42565514;41360056;25880016;1240325;42480260;28081801;1419061;0;3531
FR;1;2022-05-12;1319;2431;10519;33595;1523;10221;34237;0;188;42566833;41362487;25890535;1273920;42481783;28092022;1453298;0;3719
FR;1;2022-05-13;1610;2803;12766;35845;1680;12413;36941;0;149;42568443;41365290;25903301;1309765;42483463;28104435;1490239;0;3868
FR;1;2022-05-14;781;1320;5480;10215;806;5364;10730;0;51;42569224;41366610;25908781;1319980;42484269;28109799;1500969;0;3919
FR;1;2022-05-15;221;417;1182;1350;242;1252;1495;0;5;42569445;41367027;25909963;1321330;42484511;28111051;1502464;0;3924
FR;1;2022-05-16;970;1780;8074;20121;1000;8127;20545;0;117;42570415;41368807;25918037;1341451;42485511;28119178;1523009;0;4041
FR;1;2022-05-17;1292;2295;11122;36182;1378;10728;36966;0;172;42571707;41371102;25929159;1377633;42486889;28129906;1559975;0;4213
FR;1;2022-05-18;1311;2132;9035;25721;1364;8986;26279;0;99;42573018;41373234;25938194;1403354;42488253;28138892;1586254;0;4312
FR;1;2022-05-19;1201;2396;9850;33990;1405;9945;34191;0;150;42574219;41375630;25948044;1437344;42489658;28148837;1620445;0;4462
FR;1;2022-05-20;1560;2751;12526;37652;1713;12110;38511;0;151;42575779;41378381;25960570;1474996;42491371;28160947;1658956;0;4613
FR;1;2022-05-21;774;1375;5246;9374;866;5164;9943;0;37;42576553;41379756;25965816;1484370;42492237;28166111;1668899;0;4650
FR;1;2022-05-22;191;292;951;1395;203;952;1517;0;10;42576744;41380048;25966767;1485765;42492440;28167063;1670416;0;4660
FR;1;2022-05-23;968;1883;8371;19410;1169;8346;20027;0;79;42577712;41381931;25975138;1505175;42493609;28175409;1690443;0;4739
FR;1;2022-05-24;1286;2447;10720;37243;1436;10588;37818;0;173;42578998;41384378;25985858;1542418;42495045;28185997;1728261;0;4912
FR;1;2022-05-25;1273;2297;8791;23689;1423;8955;24051;0;111;42580271;41386675;25994649;1566107;42496468;28194952;1752312;0;5023
FR;1;2022-05-26;169;377;1581;1155;254;1576;1287;0;24;42580440;41387052;25996230;1567262;42496722;28196528;1753599;0;5047
FR;1;2022-05-27;1114;2184;8784;20456;1368;8533;21408;0;84;42581554;41389236;26005014;1587718;42498090;28205061;1775007;0;5131
FR;1;2022-05-28;486;1051;3689;6539;619;3727;6927;0;37;42582040;41390287;26008703;1594257;42498709;28208788;1781934;0;5168
FR;1;2022-05-29;121;257;707;893;149;718;1002;0;4;42582161;41390544;26009410;1595150;42498858;28209506;1782936;0;5172
FR;1;2022-05-30;831;1733;6558;18535;1036;6590;18989;0;85;42582992;41392277;26015968;1613685;42499894;28216096;1801925;0;5257
FR;1;2022-05-31;1267;2222;9244;34367;1356;9114;34968;0;159;42584259;41394499;26025212;1648052;42501250;28225210;1836893;0;5416
FR;1;2022-06-01;1319;2598;10430;23453;1745;10291;24301;0;115;42585578;41397097;26035642;1671505;42502995;28235501;1861194;0;5531
FR;1;2022-06-02;1223;2305;10666;34150;1444;10246;34983;0;161;42586801;41399402;26046308;1705655;42504439;28245747;1896177;0;5692
FR;1;2022-06-03;1444;2734;12705;37105;1724;12126;38281;0;157;42588245;41402136;26059013;1742760;42506163;28257873;1934458;0;5849
FR;1;2022-06-04;682;1261;4748;8677;758;4824;9167;0;62;42588927;41403397;26063761;1751437;42506921;28262697;1943625;0;5911
FR;1;2022-06-05;131;292;810;1048;150;834;1153;0;3;42589058;41403689;26064571;1752485;42507071;28263531;1944778;0;5914
FR;1;2022-06-06;527;1146;2024;1250;971;2039;1425;0;9;42589585;41404835;26066595;1753735;42508042;28265570;1946203;0;5923
FR;1;2022-06-07;1174;2331;9179;34042;1425;8840;35140;0;143;42590759;41407166;26075774;1787777;42509467;28274410;1981343;0;6066
FR;1;2022-06-08;1116;2235;8671;27573;1400;8554;28443;0;107;42591875;41409401;26084445;1815350;42510867;28282964;2009786;0;6173
FR;1;2022-06-09;1067;2146;9987;37563;1279;9671;38330;0;148;42592942;41411547;26094432;1852913;42512146;28292635;2048116;0;6321
FR;1;2022-06-10;1336;2751;12402;43110;1715;11978;44353;0;201;42594278;41414298;26106834;1896023;42513861;28304613;2092469;0;6522
FR;1;2022-06-11;657;1450;5140;11083;796;5188;11613;0;50;42594935;41415748;26111974;1907106;42514657;28309801;2104082;0;6572
FR;1;2022-06-12;152;375;1015;1686;187;1073;1787;0;11;42595087;41416123;26112989;1908792;42514844;28310874;2105869;0;6583
FR;1;2022-06-13;916;1831;7014;22225;1125;6871;23066;0;84;42596003;41417954;26120003;1931017;42515969;28317745;2128935;0;6667
FR;1;2022-06-14;1089;2216;9840;42845;1295;9243;43937;0;186;42597092;41420170;26129843;1973862;42517264;28326988;2172872;0;6853
FR;1;2022-06-15;1077;1999;8786;29372;1352;8464;29929;0;168;42598169;41422169;26138629;2003234;42518616;28335452;2202801;0;7021
FR;1;2022-06-16;951;1834;9398;38502;1053;8879;39408;0;188;42599120;41424003;26148027;2041736;42519669;28344331;2242209;0;7209
FR;1;2022-06-17;1221;2556;11875;44795;1466;11357;45924;0;223;42600341;41426559;26159902;2086531;42521135;28355688;2288133;0;7432
FR;1;2022-06-18;561;1275;4316;10543;715;4255;11085;0;62;42600902;41427834;26164218;2097074;42521850;28359943;2299218;0;7494
FR;1;2022-06-19;137;325;1002;1543;173;1081;1609;0;12;42601039;41428159;26165220;2098617;42522023;28361024;2300827;0;7506
FR;1;2022-06-20;860;1699;8491;25041;997;8153;25905;0;143;42601899;41429858;26173711;2123658;42523020;28369177;2326732;0;7649
FR;1;2022-06-21;1102;2135;9763;47754;1251;8853;49101;0;241;42603001;41431993;26183474;2171412;42524271;28378030;2375833;0;7890
FR;1;2022-06-22;1037;2057;8434;37151;1287;7951;38013;0;231;42604038;41434050;26191908;2208563;42525558;28385981;2413846;0;8121
FR;1;2022-06-23;1051;2173;10122;52800;1203;9405;53809;0;290;42605089;41436223;26202030;2261363;42526761;28395386;2467655;0;8411
FR;1;2022-06-24;1249;2709;12913;65959;1475;11697;67630;0;367;42606338;41438932;26214943;2327322;42528236;28407083;2535285;0;8778
FR;1;2022-06-25;686;1504;5927;18917;792;5708;19716;0;162;42607024;41440436;26220870;2346239;42529028;28412791;2555001;0;8940
FR;1;2022-06-26;167;406;1818;3494;191;1713;3731;0;34;42607191;41440842;26222688;2349733;42529219;28414504;2558732;0;8974
FR;1;2022-06-27;940;1767;9905;45975;936;9129;47110;0;300;42608131;41442609;26232593;2395708;42530155;28423633;2605842;0;9274
FR;1;2022-06-28;1209;2570;13834;86553;1374;12398;88238;0;570;42609340;41445179;26246427;2482261;42531529;28436031;2694080;0;9844
FR;1;2022-06-29;1238;2288;11480;67390;1252;10546;68437;0;487;42610578;41447467;26257907;2549651;42532781;28446577;2762517;0;10331
FR;1;2022-06-30;1285;2465;13515;89961;1411;11823;91760;0;645;42611863;41449932;26271422;2639612;42534192;28458400;2854277;0;10976
FR;1;2022-07-01;1636;3472;20304;109187;1984;17964;111577;0;859;42613499;41453404;26291726;2748799;42536176;28476364;2965854;0;11835
FR;1;2022-07-02;767;1523;8020;33770;745;7250;34796;0;315;42614266;41454927;26299746;2782569;42536921;28483614;3000650;0;12150
FR;1;2022-07-03;228;480;1940;6118;255;1756;6444;0;71;42614494;41455407;26301686;2788687;42537176;28485370;3007094;0;12221
FR;1;2022-07-04;1400;3001;13925;75399;1880;12347;77291;0;589;42615894;41458408;26315611;2864086;42539056;28497717;3084385;0;12810
FR;1;2022-07-05;1427;2825;17684;126355;1477;15141;128468;0;1059;42617321;41461233;26333295;2990441;42540533;28512858;3212853;0;13869
FR;1;2022-07-06;1348;2388;14881;93713;1369;12901;95149;0;815;42618669;41463621;26348176;3084154;42541902;28525759;3308002;0;14684
FR;1;2022-07-07;1436;2533;16928;119483;1400;13998;121578;0;1075;42620105;41466154;26365104;3203637;42543302;28539757;3429580;0;15759
FR;1;2022-07-08;1529;2818;19603;129994;1532;15967;132800;0;1219;42621634;41468972;26384707;3333631;42544834;28555724;3562380;0;16978
FR;1;2022-07-09;661;1273;7305;36014;690;6347;36803;0;392;42622295;41470245;26392012;3369645;42545524;28562071;3599183;0;17370
FR;1;2022-07-10;237;531;2240;6688;285;2032;7067;0;89;42622532;41470776;26394252;3376333;42545809;28564103;3606250;0;17459
FR;1;2022-07-11;1213;2220;14313;84439;1157;11929;86553;0;734;42623745;41472996;26408565;3460772;42546966;28576032;3692803;0;18193
FR;1;2022-07-12;1557;2784;19453;137400;1421;15891;139889;0;1485;42625302;41475780;26428018;3598172;42548387;28591923;3832692;0;19678
FR;1;2022-07-13;1417;2426;14783;89824;1305;12633;91510;0;1002;42626719;41478206;26442801;3687996;42549692;28604556;3924202;0;20680
FR;1;2022-07-14;161;348;1862;5285;193;1771;5432;0;74;42626880;41478554;26444663;3693281;42549885;28606327;3929634;0;20754
FR;1;2022-07-15;1257;2298;14359;80588;1180;12001;82592;0;959;42628137;41480852;26459022;3773869;42551065;28618328;4012226;0;21713
FR;1;2022-07-16;505;1049;5639;23945;541;4893;24585;0;302;42628642;41481901;26464661;3797814;42551606;28623221;4036811;0;22015
FR;1;2022-07-17;158;363;1656;4461;188;1499;4724;0;60;42628800;41482264;26466317;3802275;42551794;28624720;4041535;0;22075
FR;1;2022-07-18;973;2030;11297;59269;1139;9567;60993;0;715;42629773;41484294;26477614;3861544;42552933;28634287;4102528;0;22790
FR;1;2022-07-19;1228;2121;14689;99403;1184;11722;101398;0;1386;42631001;41486415;26492303;3960947;42554117;28646009;4203926;0;24176
FR;1;2022-07-20;1176;1994;12360;74349;1162;10271;75835;0;964;42632177;41488409;26504663;4035296;42555279;28656280;4279761;0;25140
FR;1;2022-07-21;1133;1948;12407;84532;1181;9986;85894;0;1210;42633310;41490357;26517070;4119828;42556460;28666266;4365655;0;26350
FR;1;2022-07-22;1241;2211;14086;85929;1231;11417;87660;0;1264;42634551;41492568;26531156;4205757;42557691;28677683;4453315;0;27614
FR;1;2022-07-23;533;1086;5231;21293;628;4605;21836;0;374;42635084;41493654;26536387;4227050;42558319;28682288;4475151;0;27988
FR;1;2022-07-24;147;304;1325;3695;149;1165;3921;0;65;42635231;41493958;26537712;4230745;42558468;28683453;4479072;0;28053
FR;1;2022-07-25;888;1627;9070;46109;978;7517;47485;0;680;42636119;41495585;26546782;4276854;42559446;28690970;4526557;0;28733
FR;1;2022-07-26;1125;1957;12678;81946;1112;10334;83561;0;1197;42637244;41497542;26559460;4358800;42560558;28701304;4610118;0;29930
FR;1;2022-07-27;1016;1725;9759;58513;1038;8138;59695;0;874;42638260;41499267;26569219;4417313;42561596;28709442;4669813;0;30804
FR;1;2022-07-28;979;1701;9851;61897;1105;7843;63128;0;967;42639239;41500968;26579070;4479210;42562701;28717285;4732941;0;31771
FR;1;2022-07-29;1111;1821;10452;62956;1145;8378;64269;0;1066;42640350;41502789;26589522;4542166;42563846;28725663;4797210;0;32837
FR;1;2022-07-30;392;714;3346;14490;429;2847;14849;0;279;42640742;41503503;26592868;4556656;42564275;28728510;4812059;0;33116
FR;1;2022-07-31;139;263;900;2335;158;766;2477;0;47;42640881;41503766;26593768;4558991;42564433;28729276;4814536;0;33163
FR;1;2022-08-01;722;1356;7249;28963;974;6108;29955;0;518;42641603;41505122;26601017;4587954;42565407;28735384;4844491;0;33681
FR;1;2022-08-02;897;1470;8228;54021;983;6623;54671;0;1090;42642500;41506592;26609245;4641975;42566390;28742007;4899162;0;34771
FR;1;2022-08-03;722;1099;6147;37035;742;4931;37762;0;645;42643222;41507691;26615392;4679010;42567132;28746938;4936924;0;35416
FR;1;2022-08-04;642;1073;6255;41445;690;5047;42001;0;849;42643864;41508764;26621647;4720455;42567822;28751985;4978925;0;36265
FR;1;2022-08-05;738;1189;6759;43061;798;5428;43691;0;933;42644602;41509953;26628406;4763516;42568620;28757413;5022616;0;37198
FR;1;2022-08-06;274;461;1990;8998;301;1671;9190;0;218;42644876;41510414;26630396;4772514;42568921;28759084;5031806;0;37416
FR;1;2022-08-07;89;144;520;1552;100;436;1629;0;35;42644965;41510558;26630916;4774066;42569021;28759520;5033435;0;37451
FR;1;2022-08-08;492;921;3796;21216;676;3129;21622;0;457;42645457;41511479;26634712;4795282;42569697;28762649;5055057;0;37908
FR;1;2022-08-09;607;1027;5677;38453;718;4551;38947;0;793;42646064;41512506;26640389;4833735;42570415;28767200;5094004;0;38701
FR;1;2022-08-10;533;1015;4432;26912;715;3632;27226;0;601;42646597;41513521;26644821;4860647;42571130;28770832;5121230;0;39302
FR;1;2022-08-11;538;911;4304;28202;624;3578;28530;0;635;42647135;41514432;26649125;4888849;42571754;28774410;5149760;0;39937
FR;1;2022-08-12;592;1022;4548;27160;696;3756;27571;0;666;42647727;41515454;26653673;4916009;42572450;28778166;5177331;0;40603
FR;1;2022-08-13;177;353;1247;5106;245;1064;5277;0;116;42647904;41515807;26654920;4921115;42572695;28779230;5182608;0;40719
FR;1;2022-08-14;65;115;276;871;97;235;941;0;24;42647969;41515922;26655196;4921986;42572792;28779465;5183549;0;40743
FR;1;2022-08-15;77;167;571;541;136;532;592;0;16;42648046;41516089;26655767;4922527;42572928;28779997;5184141;0;40759
FR;1;2022-08-16;522;929;3784;21485;687;3214;21685;0;582;42648568;41517018;26659551;4944012;42573615;28783211;5205826;0;41341
FR;1;2022-08-17;526;888;3765;22147;657;3192;22388;0;579;42649094;41517906;26663316;4966159;42574272;28786403;5228214;0;41920
FR;1;2022-08-18;543;879;3925;25434;679;3127;25653;0;630;42649637;41518785;26667241;4991593;42574951;28789530;5253867;0;42550
FR;1;2022-08-19;533;1037;4364;26530;736;3597;26837;0;732;42650170;41519822;26671605;5018123;42575687;28793127;5280704;0;43282
FR;1;2022-08-20;232;411;1287;5369;311;1104;5523;0;137;42650402;41520233;26672892;5023492;42575998;28794231;5286227;0;43419
FR;1;2022-08-21;81;110;283;989;75;249;1012;0;27;42650483;41520343;26673175;5024481;42576073;28794480;5287239;0;43446
FR;1;2022-08-22;472;880;3140;14944;651;2710;15221;0;411;42650955;41521223;26676315;5039425;42576724;28797190;5302460;0;43857
FR;1;2022-08-23;636;1057;4150;28310;742;3484;28388;0;830;42651591;41522280;26680465;5067735;42577466;28800674;5330848;0;44687
FR;1;2022-08-24;556;829;3401;19059;649;2770;19244;0;587;42652147;41523109;26683866;5086794;42578115;28803444;5350092;0;45274
FR;1;2022-08-25;561;922;3822;22918;642;3205;23147;0;655;42652708;41524031;26687688;5109712;42578757;28806649;5373239;0;45929
FR;1;2022-08-26;745;1122;4345;25152;796;3561;25528;0;745;42653453;41525153;26692033;5134864;42579553;28810210;5398767;0;46674
FR;1;2022-08-27;217;429;1322;5303;273;1190;5357;0;192;42653670;41525582;26693355;5140167;42579826;28811400;5404124;0;46866
FR;1;2022-08-28;111;145;298;898;104;280;947;0;33;42653781;41525727;26693653;5141065;42579930;28811680;5405071;0;46899
FR;1;2022-08-29;502;854;2975;14247;630;2515;14556;0;409;42654283;41526581;26696628;5155312;42580560;28814195;5419627;0;47308
FR;1;2022-08-30;739;1093;4621;27709;771;3771;28030;0;793;42655022;41527674;26701249;5183021;42581331;28817966;5447657;0;48101
FR;1;2022-08-31;579;824;3107;17229;602;2615;17493;0;483;42655601;41528498;26704356;5200250;42581933;28820581;5465150;0;48584
FR;1;2022-09-01;673;910;4325;21864;638;3682;22128;0;586;42656274;41529408;26708681;5222114;42582571;28824263;5487278;0;49170
FR;1;2022-09-02;769;1043;4878;27861;736;4074;28148;0;882;42657043;41530451;26713559;5249975;42583307;28828337;5515426;0;50052
FR;1;2022-09-03;316;500;1831;5873;339;1592;6102;0;174;42657359;41530951;26715390;5255848;42583646;28829929;5521528;0;50226
FR;1;2022-09-04;106;137;341;842;73;334;912;0;21;42657465;41531088;26715731;5256690;42583719;28830263;5522440;0;50247
FR;1;2022-09-05;571;654;3015;15687;478;2520;15970;0;499;42658036;41531742;26718746;5272377;42584197;28832783;5538410;0;50746
FR;1;2022-09-06;720;927;4562;31053;575;3700;31276;0;1002;42658756;41532669;26723308;5303430;42584772;28836483;5569686;0;51748
FR;1;2022-09-07;538;683;2917;16443;443;2420;16580;0;550;42659294;41533352;26726225;5319873;42585215;28838903;5586266;0;52298
FR;1;2022-09-08;567;783;3693;24200;527;3035;24278;0;796;42659861;41534135;26729918;5344073;42585742;28841938;5610544;0;53094
FR;1;2022-09-09;768;964;4298;26882;603;3584;27065;0;902;42660629;41535099;26734216;5370955;42586345;28845522;5637609;0;53996
FR;1;2022-09-10;327;460;1671;5588;290;1472;5778;0;203;42660956;41535559;26735887;5376543;42586635;28846994;5643387;0;54199
FR;1;2022-09-11;105;118;310;645;80;291;701;0;17;42661061;41535677;26736197;5377188;42586715;28847285;5644088;0;54216
FR;1;2022-09-12;448;577;2607;12940;401;2226;13218;0;462;42661509;41536254;26738804;5390128;42587116;28849511;5657306;0;54678
FR;1;2022-09-13;577;791;3865;25830;499;3376;25707;0;835;42662086;41537045;26742669;5415958;42587615;28852887;5683013;0;55513
FR;1;2022-09-14;569;691;2864;15692;476;2394;15928;0;537;42662655;41537736;26745533;5431650;42588091;28855281;5698941;0;56050
FR;1;2022-09-15;508;705;3330;23071;476;2832;23139;0;676;42663163;41538441;26748863;5454721;42588567;28858113;5722080;0;56726
FR;1;2022-09-16;714;926;4011;25330;610;3379;25532;0;891;42663877;41539367;26752874;5480051;42589177;28861492;5747612;0;57617
FR;1;2022-09-17;294;403;1392;5977;273;1217;6085;0;227;42664171;41539770;26754266;5486028;42589450;28862709;5753697;0;57844
FR;1;2022-09-18;97;121;310;922;97;278;978;0;33;42664268;41539891;26754576;5486950;42589547;28862987;5754675;0;57877
FR;1;2022-09-19;365;563;2131;12845;364;1827;12998;0;414;42664633;41540454;26756707;5499795;42589911;28864814;5767673;0;58291
FR;1;2022-09-20;553;799;3658;25800;545;3057;25841;0;852;42665186;41541253;26760365;5525595;42590456;28867871;5793514;0;59143
FR;1;2022-09-21;469;678;2624;15861;478;2252;15826;0;561;42665655;41541931;26762989;5541456;42590934;28870123;5809340;0;59704
FR;1;2022-09-22;532;744;3284;22945;486;2679;23135;0;742;42666187;41542675;26766273;5564401;42591420;28872802;5832475;0;60446
FR;1;2022-09-23;756;926;4348;28131;657;3628;28299;0;978;42666943;41543601;26770621;5592532;42592077;28876430;5860774;0;61424
FR;1;2022-09-24;352;533;1583;6693;375;1367;6864;0;300;42667295;41544134;26772204;5599225;42592452;28877797;5867638;0;61724
FR;1;2022-09-25;80;149;321;1071;102;293;1109;0;32;42667375;41544283;26772525;5600296;42592554;28878090;5868747;0;61756
FR;1;2022-09-26;382;633;2179;13044;412;1931;13141;0;409;42667757;41544916;26774704;5613340;42592966;28880021;5881888;0;62165
FR;1;2022-09-27;540;755;3457;25016;530;2793;25213;0;906;42668297;41545671;26778161;5638356;42593496;28882814;5907101;0;63071
FR;1;2022-09-28;516;709;2439;14954;496;2206;15045;0;597;42668813;41546380;26780600;5653310;42593992;28885020;5922146;0;63668
FR;1;2022-09-29;502;687;2978;20345;478;2502;20358;0;767;42669315;41547067;26783578;5673655;42594470;28887522;5942504;0;64435
FR;1;2022-09-30;676;964;3772;24415;661;3157;24662;0;966;42669991;41548031;26787350;5698070;42595131;28890679;5967166;0;65401
FR;1;2022-10-01;341;540;1899;5501;375;1655;5729;0;272;42670332;41548571;26789249;5703571;42595506;28892334;5972895;0;65673
FR;1;2022-10-02;52;115;204;567;78;203;588;0;29;42670384;41548686;26789453;5704138;42595584;28892537;5973483;0;65702
FR;1;2022-10-03;413;663;2188;10010;505;1933;10193;0;488;42670797;41549349;26791641;5714148;42596089;28894470;5983676;0;66190
FR;1;2022-10-04;543;693;2918;18916;459;2469;19006;0;1082;42671340;41550042;26794559;5733064;42596548;28896939;6002682;0;67272
FR;1;2022-10-05;428;679;2079;11091;450;1852;11225;0;722;42671768;41550721;26796638;5744155;42596998;28898791;6013907;0;67994
FR;1;2022-10-06;440;604;2491;15772;427;2057;15954;0;1060;42672208;41551325;26799129;5759927;42597425;28900848;6029861;0;69054
FR;1;2022-10-07;545;735;2690;16054;534;2306;16079;0;1160;42672753;41552060;26801819;5775981;42597959;28903154;6045940;0;70214
FR;1;2022-10-08;234;304;886;3166;235;775;3270;0;291;42672987;41552364;26802705;5779147;42598194;28903929;6049210;0;70505
FR;1;2022-10-09;75;87;149;461;77;133;487;0;50;42673062;41552451;26802854;5779608;42598271;28904062;6049697;0;70555
FR;1;2022-10-10;295;436;1312;4986;343;1230;5081;0;462;42673357;41552887;26804166;5784594;42598614;28905292;6054778;0;71017
FR;1;2022-10-11;317;430;1307;8082;318;1188;8182;0;757;42673674;41553317;26805473;5792676;42598932;28906480;6062960;0;71774
FR;1;2022-10-12;321;416;1056;5174;309;1051;5187;0;520;42673995;41553733;26806529;5797850;42599241;28907531;6068147;0;72294
FR;1;2022-10-13;323;380;1064;6064;289;919;6114;0;625;42674318;41554113;26807593;5803914;42599530;28908450;6074261;0;72919
FR;1;2022-10-14;408;527;1169;6706;439;1041;6775;0;674;42674726;41554640;26808762;5810620;42599969;28909491;6081036;0;73593
FR;1;2022-10-15;201;257;516;1857;210;497;1865;0;226;42674927;41554897;26809278;5812477;42600179;28909988;6082901;0;73819
FR;1;2022-10-16;47;58;110;292;40;117;311;0;48;42674974;41554955;26809388;5812769;42600219;28910105;6083212;0;73867
FR;1;2022-10-17;235;318;733;2652;252;688;2696;0;366;42675209;41555273;26810121;5815421;42600471;28910793;6085908;0;74233
FR;1;2022-10-18;262;311;951;4586;246;828;4685;0;865;42675471;41555584;26811072;5820007;42600717;28911621;6090593;0;75098
FR;1;2022-10-19;275;358;687;3176;291;656;3157;0;502;42675746;41555942;26811759;5823183;42601008;28912277;6093750;0;75600
FR;1;2022-10-20;276;311;884;4358;257;772;4396;0;769;42676022;41556253;26812643;5827541;42601265;28913049;6098146;0;76369
FR;1;2022-10-21;300;398;843;3799;353;736;3872;0;674;42676322;41556651;26813486;5831340;42601618;28913785;6102018;0;77043
FR;1;2022-10-22;135;166;306;1243;143;299;1209;0;209;42676457;41556817;26813792;5832583;42601761;28914084;6103227;0;77252
FR;1;2022-10-23;30;37;64;197;35;58;213;0;25;42676487;41556854;26813856;5832780;42601796;28914142;6103440;0;77277
FR;1;2022-10-24;272;229;476;1593;201;472;1649;0;305;42676759;41557083;26814332;5834373;42601997;28914614;6105089;0;77582
FR;1;2022-10-25;213;252;521;2648;220;443;2702;0;488;42676972;41557335;26814853;5837021;42602217;28915057;6107791;0;78070
FR;1;2022-10-26;232;242;389;1953;228;366;1959;0;435;42677204;41557577;26815242;5838974;42602445;28915423;6109750;0;78505
FR;1;2022-10-27;258;219;486;2163;191;495;2145;0;509;42677462;41557796;26815728;5841137;42602636;28915918;6111895;0;79014
FR;1;2022-10-28;306;309;526;2325;291;464;2391;0;473;42677768;41558105;26816254;5843462;42602927;28916382;6114286;0;79487
FR;1;2022-10-29;95;148;175;712;116;209;703;0;201;42677863;41558253;26816429;5844174;42603043;28916591;6114989;0;79688
FR;1;2022-10-30;37;40;60;181;33;53;187;0;38;42677900;41558293;26816489;5844355;42603076;28916644;6115176;0;79726
FR;1;2022-10-31;135;180;293;796;158;270;863;0;144;42678035;41558473;26816782;5845151;42603234;28916914;6116039;0;79870
FR;1;2022-11-01;35;83;744;115;71;738;135;0;18;42678070;41558556;26817526;5845266;42603305;28917652;6116174;0;79888
FR;1;2022-11-02;250;222;517;977;218;486;1038;0;354;42678320;41558778;26818043;5846243;42603523;28918138;6117212;0;80242
FR;1;2022-11-03;264;221;424;1376;208;384;1415;0;369;42678584;41558999;26818467;5847619;42603731;28918522;6118627;0;80611
FR;1;2022-11-04;226;250;418;1597;229;397;1635;0;437;42678810;41559249;26818885;5849216;42603960;28918919;6120262;0;81048
FR;1;2022-11-05;94;118;271;500;107;253;522;0;111;42678904;41559367;26819156;5849716;42604067;28919172;6120784;0;81159
FR;1;2022-11-06;34;41;32;131;40;35;129;0;33;42678938;41559408;26819188;5849847;42604107;28919207;6120913;0;81192
FR;1;2022-11-07;179;200;288;890;189;278;936;0;211;42679117;41559608;26819476;5850737;42604296;28919485;6121849;0;81403
FR;1;2022-11-08;194;229;451;1677;217;398;1702;0;504;42679311;41559837;26819927;5852414;42604513;28919883;6123551;0;81907
FR;1;2022-11-09;180;204;329;1101;192;294;1140;0;456;42679491;41560041;26820256;5853515;42604705;28920177;6124691;0;82363
FR;1;2022-11-10;197;261;425;1677;249;434;1664;0;577;42679688;41560302;26820681;5855192;42604954;28920611;6126355;0;82940
FR;1;2022-11-11;22;32;98;98;31;84;114;0;42;42679710;41560334;26820779;5855290;42604985;28920695;6126469;0;82982
FR;1;2022-11-12;80;110;253;373;97;251;390;0;99;42679790;41560444;26821032;5855663;42605082;28920946;6126859;0;83081
FR;1;2022-11-13;19;23;22;64;20;25;66;0;26;42679809;41560467;26821054;5855727;42605102;28920971;6126925;0;83107
FR;1;2022-11-14;164;170;253;763;158;257;833;0;234;42679973;41560637;26821307;5856490;42605260;28921228;6127758;0;83341
FR;1;2022-11-15;196;222;371;1288;220;347;1328;0;431;42680169;41560859;26821678;5857778;42605480;28921575;6129086;0;83772
FR;1;2022-11-16;180;212;323;976;207;336;1011;0;356;42680349;41561071;26822001;5858754;42605687;28921911;6130097;0;84128
FR;1;2022-11-17;162;177;280;1200;171;256;1205;0;387;42680511;41561248;26822281;5859954;42605858;28922167;6131302;0;84515
FR;1;2022-11-18;223;246;385;1310;239;374;1343;0;411;42680734;41561494;26822666;5861264;42606097;28922541;6132645;0;84926
FR;1;2022-11-19;117;99;240;426;98;204;459;0;99;42680851;41561593;26822906;5861690;42606195;28922745;6133104;0;85025
FR;1;2022-11-20;19;31;25;66;26;27;74;0;28;42680870;41561624;26822931;5861756;42606221;28922772;6133178;0;85053
FR;1;2022-11-21;173;163;261;636;138;278;670;0;209;42681043;41561787;26823192;5862392;42606359;28923050;6133848;0;85262
FR;1;2022-11-22;150;141;396;1110;124;379;1136;0;369;42681193;41561928;26823588;5863502;42606483;28923429;6134984;0;85631
FR;1;2022-11-23;171;162;233;757;143;234;779;0;241;42681364;41562090;26823821;5864259;42606626;28923663;6135763;0;85872
FR;1;2022-11-24;129;158;276;1174;140;275;1177;0;423;42681493;41562248;26824097;5865433;42606766;28923938;6136940;0;86295
FR;1;2022-11-25;192;221;412;1152;208;400;1182;0;391;42681685;41562469;26824509;5866585;42606974;28924338;6138122;0;86686
FR;1;2022-11-26;87;103;107;312;92;118;299;0;114;42681772;41562572;26824616;5866897;42607066;28924456;6138421;0;86800
FR;1;2022-11-27;14;27;15;71;14;27;77;0;49;42681786;41562599;26824631;5866968;42607080;28924483;6138498;0;86849
FR;1;2022-11-28;196;132;196;602;141;186;640;0;273;42681982;41562731;26824827;5867570;42607221;28924669;6139138;0;87122
FR;1;2022-11-29;165;131;253;1070;115;238;1080;0;454;42682147;41562862;26825080;5868640;42607336;28924907;6140218;0;87576
FR;1;2022-11-30;152;182;221;925;168;224;946;0;316;42682299;41563044;26825301;5869565;42607504;28925131;6141164;0;87892
FR;1;2022-12-01;126;113;457;1051;106;417;1093;0;358;42682425;41563157;26825758;5870616;42607610;28925548;6142257;0;88250
FR;1;2022-12-02;188;174;374;1163;171;374;1203;0;451;42682613;41563331;26826132;5871779;42607781;28925922;6143460;0;88701
FR;1;2022-12-03;99;100;158;515;89;141;510;0;174;42682712;41563431;26826290;5872294;42607870;28926063;6143970;0;88875
FR;1;2022-12-04;23;23;18;136;20;19;127;0;58;42682735;41563454;26826308;5872430;42607890;28926082;6144097;0;88933
FR;1;2022-12-05;127;108;223;850;103;222;876;0;297;42682862;41563562;26826531;5873280;42607993;28926304;6144973;0;89230
FR;1;2022-12-06;139;132;226;1424;118;231;1432;0;706;42683001;41563694;26826757;5874704;42608111;28926535;6146405;0;89936
FR;1;2022-12-07;143;136;199;1163;145;180;1178;0;555;42683144;41563830;26826956;5875867;42608256;28926715;6147583;0;90491
FR;1;2022-12-08;121;127;257;1693;116;217;1734;0;752;42683265;41563957;26827213;5877560;42608372;28926932;6149317;0;91243
FR;1;2022-12-09;192;181;272;1777;157;279;1796;0;709;42683457;41564138;26827485;5879337;42608529;28927211;6151113;0;91952
FR;1;2022-12-10;108;86;116;833;77;100;847;0;288;42683565;41564224;26827601;5880170;42608606;28927311;6151960;0;92240
FR;1;2022-12-11;31;24;28;212;21;25;198;0;59;42683596;41564248;26827629;5880382;42608627;28927336;6152158;0;92299
FR;1;2022-12-12;114;78;180;1069;78;170;1074;0;441;42683710;41564326;26827809;5881451;42608705;28927506;6153232;0;92740
FR;1;2022-12-13;111;106;202;1254;84;183;1258;0;604;42683821;41564432;26828011;5882705;42608789;28927689;6154490;0;93344
FR;1;2022-12-14;97;118;167;825;116;145;845;0;362;42683918;41564550;26828178;5883530;42608905;28927834;6155335;0;93706
FR;1;2022-12-15;122;110;196;1330;100;172;1354;0;651;42684040;41564660;26828374;5884860;42609005;28928006;6156689;0;94357
FR;1;2022-12-16;187;169;188;1232;172;181;1244;0;585;42684227;41564829;26828562;5886092;42609177;28928187;6157933;0;94942
FR;1;2022-12-17;85;73;84;432;66;80;434;0;199;42684312;41564902;26828646;5886524;42609243;28928267;6158367;0;95141
FR;1;2022-12-18;15;17;11;93;13;14;89;0;37;42684327;41564919;26828657;5886617;42609256;28928281;6158456;0;95178
FR;1;2022-12-19;139;110;161;716;118;138;746;0;319;42684466;41565029;26828818;5887333;42609374;28928419;6159202;0;95497
FR;2;2020-12-27;0;0;0;0;0;0;0;0;0;0;0;0;0;0;0;0;0;0
FR;2;2020-12-28;0;0;0;0;0;0;0;0;0;0;0;0;0;0;0;0;0;0
FR;2;2020-12-29;0;0;0;0;0;0;0;0;0;0;0;0;0;0;0;0;0;0
FR;2;2020-12-30;0;0;0;0;0;0;0;0;0;0;0;0;0;0;0;0;0;0
FR;2;2020-12-31;0;0;0;0;0;0;0;0;0;0;0;0;0;0;0;0;0;0
FR;2;2021-01-01;0;0;0;0;0;0;0;0;0;0;0;0;0;0;0;0;0;0
FR;2;2021-01-02;0;0;0;0;0;0;0;0;0;0;0;0;0;0;0;0;0;0
FR;2;2021-01-03;0;0;0;0;0;0;0;0;0;0;0;0;0;0;0;0;0;0
FR;2;2021-01-04;0;0;0;0;0;0;0;0;0;0;0;0;0;0;0;0;0;0
FR;2;2021-01-05;0;0;0;0;0;0;0;0;0;0;0;0;0;0;0;0;0;0
FR;2;2021-01-06;0;0;0;0;0;0;0;0;0;0;0;0;0;0;0;0;0;0
FR;2;2021-01-07;0;0;0;0;0;0;0;0;0;0;0;0;0;0;0;0;0;0
FR;2;2021-01-08;0;0;0;0;0;0;0;0;0;0;0;0;0;0;0;0;0;0
FR;2;2021-01-09;0;0;0;0;0;0;0;0;0;0;0;0;0;0;0;0;0;0
FR;2;2021-01-10;0;0;0;0;0;0;0;0;0;0;0;0;0;0;0;0;0;0
FR;2;2021-01-11;0;0;0;0;0;0;0;0;0;0;0;0;0;0;0;0;0;0
FR;2;2021-01-12;0;0;0;0;0;0;0;0;0;0;0;0;0;0;0;0;0;0
FR;2;2021-01-13;0;0;0;0;0;0;0;0;0;0;0;0;0;0;0;0;0;0
FR;2;2021-01-14;1646;0;0;0;213;0;0;0;0;1646;0;0;0;213;0;0;0;0
FR;2;2021-01-15;398;0;0;0;28;0;0;0;0;2044;0;0;0;241;0;0;0;0
FR;2;2021-01-16;316;0;0;0;12;0;0;0;0;2360;0;0;0;253;0;0;0;0
FR;2;2021-01-17;84;0;0;0;7;0;0;0;0;2444;0;0;0;260;0;0;0;0
FR;2;2021-01-18;3075;2;0;0;27;0;0;0;0;5519;2;0;0;287;0;0;0;0
FR;2;2021-01-19;4681;2;0;0;31;0;0;0;0;10200;4;0;0;318;0;0;0;0
FR;2;2021-01-20;5137;6;0;0;58;0;0;0;0;15337;10;0;0;376;0;0;0;0
FR;2;2021-01-21;5345;9;0;0;56;0;0;0;0;20682;19;0;0;432;0;0;0;0
FR;2;2021-01-22;5118;17;0;0;69;0;0;0;0;25800;36;0;0;501;0;0;0;0
FR;2;2021-01-23;1874;2;0;0;16;0;0;0;0;27674;38;0;0;517;0;0;0;0
FR;2;2021-01-24;163;2;0;0;8;0;0;0;0;27837;40;0;0;525;0;0;0;0
FR;2;2021-01-25;3814;3;0;0;36;0;0;0;0;31651;43;0;0;561;0;0;0;0
FR;2;2021-01-26;3926;6;0;0;42;0;0;0;0;35577;49;0;0;603;0;0;0;0
FR;2;2021-01-27;3605;4;0;0;36;0;0;0;0;39182;53;0;0;639;0;0;0;0
FR;2;2021-01-28;3755;9;0;0;44;0;0;0;0;42937;62;0;0;683;0;0;0;0
FR;2;2021-01-29;3298;5;0;0;41;0;0;0;0;46235;67;0;0;724;0;0;0;0
FR;2;2021-01-30;1133;3;0;0;16;0;0;0;0;47368;70;0;0;740;0;0;0;0
FR;2;2021-01-31;46;2;0;0;9;0;0;0;0;47414;72;0;0;749;0;0;0;0
FR;2;2021-02-01;3406;13;0;0;44;0;0;0;0;50820;85;0;0;793;0;0;0;0
FR;2;2021-02-02;4495;19;0;0;53;0;0;0;0;55315;104;0;0;846;0;0;0;0
FR;2;2021-02-03;5222;11;0;0;82;0;0;0;0;60537;115;0;0;928;0;0;0;0
FR;2;2021-02-04;4941;11;0;0;36;0;0;0;0;65478;126;0;0;964;0;0;0;0
FR;2;2021-02-05;4817;16;0;0;49;0;0;0;0;70295;142;0;0;1013;0;0;0;0
FR;2;2021-02-06;2044;15;0;0;41;0;0;0;0;72339;157;0;0;1054;0;0;0;0
FR;2;2021-02-07;103;4;0;0;18;0;0;0;0;72442;161;0;0;1072;0;0;0;0
FR;2;2021-02-08;7558;26;0;0;85;0;0;0;0;80000;187;0;0;1157;0;0;0;0
FR;2;2021-02-09;8433;30;0;0;98;0;0;0;0;88433;217;0;0;1255;0;0;0;0
FR;2;2021-02-10;9348;62;0;0;182;0;0;0;0;97781;279;0;0;1437;0;0;0;0
FR;2;2021-02-11;10291;128;0;0;252;0;0;0;0;108072;407;0;0;1689;0;0;0;0
FR;2;2021-02-12;10060;273;0;0;427;0;0;0;0;118132;680;0;0;2116;0;0;0;0
FR;2;2021-02-13;3120;226;0;0;264;0;0;0;0;121252;906;0;0;2380;0;0;0;0
FR;2;2021-02-14;358;11;0;0;21;0;0;0;0;121610;917;0;0;2401;0;0;0;0
FR;2;2021-02-15;3460;3122;0;0;3168;0;0;0;0;125070;4039;0;0;5569;0;0;0;0
FR;2;2021-02-16;5075;4151;0;0;4224;0;0;0;0;130145;8190;0;0;9793;0;0;0;0
FR;2;2021-02-17;4259;4549;0;0;4625;0;0;0;0;134404;12739;0;0;14418;0;0;0;0
FR;2;2021-02-18;5406;5177;0;0;5246;0;0;0;0;139810;17916;0;0;19664;0;0;0;0
FR;2;2021-02-19;5328;4483;0;0;4585;0;0;0;0;145138;22399;0;0;24249;0;0;0;0
FR;2;2021-02-20;1872;1520;0;0;1535;0;0;0;0;147010;23919;0;0;25784;0;0;0;0
FR;2;2021-02-21;244;96;0;0;98;0;0;0;0;147254;24015;0;0;25882;0;0;0;0
FR;2;2021-02-22;3613;3778;0;0;3838;0;0;0;0;150867;27793;0;0;29720;0;0;0;0
FR;2;2021-02-23;4956;3728;0;0;3789;0;0;0;0;155823;31521;0;0;33509;0;0;0;0
FR;2;2021-02-24;5017;3550;0;0;3602;0;0;0;0;160840;35071;0;0;37111;0;0;0;0
FR;2;2021-02-25;5499;3486;0;0;3574;0;0;0;0;166339;38557;0;0;40685;0;0;0;0
FR;2;2021-02-26;4367;3176;0;0;3245;0;0;0;0;170706;41733;0;0;43930;0;0;0;0
FR;2;2021-02-27;1629;1067;0;0;1086;0;0;0;0;172335;42800;0;0;45016;0;0;0;0
FR;2;2021-02-28;179;17;0;0;28;0;0;0;0;172514;42817;0;0;45044;0;0;0;0
FR;2;2021-03-01;5192;3758;0;0;3846;0;0;0;0;177706;46575;0;0;48890;0;0;0;0
FR;2;2021-03-02;6540;4725;0;0;4824;0;0;0;0;184246;51300;0;0;53714;0;0;0;0
FR;2;2021-03-03;6544;4953;0;0;5092;0;0;0;0;190790;56253;0;0;58806;0;0;0;0
FR;2;2021-03-04;8409;4200;0;0;4384;0;0;0;0;199199;60453;0;0;63190;0;0;0;0
FR;2;2021-03-05;8037;4052;0;0;4232;0;0;0;0;207236;64505;0;0;67422;0;0;0;0
FR;2;2021-03-06;4790;1684;0;0;1784;0;0;0;0;212026;66189;0;0;69206;0;0;0;0
FR;2;2021-03-07;2373;32;0;0;76;0;0;0;0;214399;66221;0;0;69282;0;0;0;0
FR;2;2021-03-08;4166;8389;0;0;8545;0;0;0;0;218565;74610;0;0;77827;0;0;0;0
FR;2;2021-03-09;7493;8596;1;0;8852;0;0;0;0;226058;83206;1;0;86679;0;0;0;0
FR;2;2021-03-10;7107;9231;0;0;9456;0;0;0;0;233165;92437;1;0;96135;0;0;0;0
FR;2;2021-03-11;9378;9350;1;0;9668;0;0;0;0;242543;101787;2;0;105803;0;0;0;0
FR;2;2021-03-12;7984;8356;0;0;8657;0;0;0;0;250527;110143;2;0;114460;0;0;0;0
FR;2;2021-03-13;10056;2588;0;0;2909;0;0;0;0;260583;112731;2;0;117369;0;0;0;0
FR;2;2021-03-14;4841;383;0;0;542;0;0;0;0;265424;113114;2;0;117911;0;0;0;0
FR;2;2021-03-15;10916;3478;0;0;3767;0;0;0;0;276340;116592;2;0;121678;0;0;0;0
FR;2;2021-03-16;16769;4702;1;0;5249;0;0;0;0;293109;121294;3;0;126927;0;0;0;0
FR;2;2021-03-17;20241;4002;0;0;4676;0;0;0;0;313350;125296;3;0;131603;0;0;0;0
FR;2;2021-03-18;23370;5120;0;0;5946;0;0;0;0;336720;130416;3;0;137549;0;0;0;0
FR;2;2021-03-19;23315;4671;0;0;5430;0;0;0;0;360035;135087;3;0;142979;0;0;0;0
FR;2;2021-03-20;25451;1580;0;0;2336;0;0;0;0;385486;136667;3;0;145315;0;0;0;0
FR;2;2021-03-21;17672;152;0;0;730;0;0;0;0;403158;136819;3;0;146045;0;0;0;0
FR;2;2021-03-22;17789;3256;0;0;3925;0;0;0;0;420947;140075;3;0;149970;0;0;0;0
FR;2;2021-03-23;22702;4275;0;0;5126;0;0;0;0;443649;144350;3;0;155096;0;0;0;0
FR;2;2021-03-24;23961;5073;0;0;5909;0;0;0;0;467610;149423;3;0;161005;0;0;0;0
FR;2;2021-03-25;26758;5245;1;0;6441;0;0;0;0;494368;154668;4;0;167446;0;0;0;0
FR;2;2021-03-26;26990;4225;0;0;5371;0;0;0;0;521358;158893;4;0;172817;0;0;0;0
FR;2;2021-03-27;15923;1360;0;0;1889;0;0;0;0;537281;160253;4;0;174706;0;0;0;0
FR;2;2021-03-28;10562;130;0;0;422;0;0;0;0;547843;160383;4;0;175128;0;0;0;0
FR;2;2021-03-29;18997;4347;0;0;5048;0;0;0;0;566840;164730;4;0;180176;0;0;0;0
FR;2;2021-03-30;24594;6099;0;0;7037;0;0;0;0;591434;170829;4;0;187213;0;0;0;0
FR;2;2021-03-31;28561;5930;0;0;7221;0;0;0;0;619995;176759;4;0;194434;0;0;0;0
FR;2;2021-04-01;34558;8575;1;0;10268;0;0;0;0;654553;185334;5;0;204702;0;0;0;0
FR;2;2021-04-02;29990;7722;0;0;9149;0;0;0;0;684543;193056;5;0;213851;0;0;0;0
FR;2;2021-04-03;16957;4227;0;0;4909;0;0;0;0;701500;197283;5;0;218760;0;0;0;0
FR;2;2021-04-04;9309;1263;2;0;1671;0;0;0;0;710809;198546;7;0;220431;0;0;0;0
FR;2;2021-04-05;12445;797;0;0;1381;0;0;0;0;723254;199343;7;0;221812;0;0;0;0
FR;2;2021-04-06;27158;7326;0;0;8715;0;0;0;0;750412;206669;7;0;230527;0;0;0;0
FR;2;2021-04-07;30930;7078;1;0;8655;0;0;0;0;781342;213747;8;0;239182;0;0;0;0
FR;2;2021-04-08;36893;8590;1;0;10514;0;0;0;0;818235;222337;9;0;249696;0;0;0;0
FR;2;2021-04-09;33850;8393;28;0;10176;0;0;0;0;852085;230730;37;0;259872;0;0;0;0
FR;2;2021-04-10;19689;9256;1;0;10169;0;0;0;0;871774;239986;38;0;270041;0;0;0;0
FR;2;2021-04-11;7942;4238;1;0;4601;0;0;0;0;879716;244224;39;0;274642;0;0;0;0
FR;2;2021-04-12;17128;11026;0;0;11865;0;0;0;0;896844;255250;39;0;286507;0;0;0;0
FR;2;2021-04-13;19460;16042;1;0;17107;0;0;0;0;916304;271292;40;0;303614;0;0;0;0
FR;2;2021-04-14;18070;16436;7;0;17530;0;0;0;0;934374;287728;47;0;321144;0;0;0;0
FR;2;2021-04-15;22204;21790;27;0;23241;0;0;0;0;956578;309518;74;0;344385;0;0;0;0
FR;2;2021-04-16;20719;20584;45;0;21853;0;0;0;0;977297;330102;119;0;366238;0;0;0;0
FR;2;2021-04-17;13258;22489;5;0;23220;0;0;0;0;990555;352591;124;0;389458;0;0;0;0
FR;2;2021-04-18;5911;14397;6;0;14736;0;0;0;0;996466;366988;130;0;404194;0;0;0;0
FR;2;2021-04-19;16849;16383;24;0;17187;0;0;0;0;1013315;383371;154;0;421381;0;0;0;0
FR;2;2021-04-20;19324;21770;38;0;22830;0;0;0;0;1032639;405141;192;0;444211;0;0;0;0
FR;2;2021-04-21;20292;21844;76;0;22996;0;0;0;0;1052931;426985;268;0;467207;0;0;0;0
FR;2;2021-04-22;23821;24942;41;0;26350;0;0;0;0;1076752;451927;309;0;493557;0;0;0;0
FR;2;2021-04-23;24531;25479;76;0;26989;0;0;0;0;1101283;477406;385;0;520546;0;0;0;0
FR;2;2021-04-24;25305;15067;104;0;16505;0;0;0;0;1126588;492473;489;0;537051;0;0;0;0
FR;2;2021-04-25;9596;8618;5;0;9179;0;0;0;0;1136184;501091;494;0;546230;0;0;0;0
FR;2;2021-04-26;17165;17600;21;0;18485;0;0;0;0;1153349;518691;515;0;564715;0;0;0;0
FR;2;2021-04-27;19245;24118;40;0;25301;0;0;0;0;1172594;542809;555;0;590016;0;0;0;0
FR;2;2021-04-28;22341;26430;112;0;27830;0;0;0;0;1194935;569239;667;0;617846;0;0;0;0
FR;2;2021-04-29;25472;30445;70;0;32134;0;0;0;0;1220407;599684;737;0;649980;0;0;0;0
FR;2;2021-04-30;25538;27948;49;1;29593;0;0;0;0;1245945;627632;786;1;679573;0;0;0;0
FR;2;2021-05-01;14988;9846;6;0;10648;0;0;0;0;1260933;637478;792;1;690221;0;0;0;0
FR;2;2021-05-02;6640;9164;2;0;9508;0;0;0;0;1267573;646642;794;1;699729;0;0;0;0
FR;2;2021-05-03;20023;19145;40;0;20348;0;0;0;0;1287596;665787;834;1;720077;0;0;0;0
FR;2;2021-05-04;18286;29179;33;0;30322;0;0;0;0;1305882;694966;867;1;750399;0;0;0;0
FR;2;2021-05-05;18384;29489;48;0;30785;0;0;0;0;1324266;724455;915;1;781184;0;0;0;0
FR;2;2021-05-06;23548;35398;132;0;36971;0;0;0;0;1347814;759853;1047;1;818155;0;0;0;0
FR;2;2021-05-07;25337;33242;97;0;35098;0;0;0;0;1373151;793095;1144;1;853253;0;0;0;0
FR;2;2021-05-08;21342;10568;15;0;11657;0;0;0;0;1394493;803663;1159;1;864910;0;0;0;0
FR;2;2021-05-09;13168;7658;7;0;8333;0;0;0;0;1407661;811321;1166;1;873243;0;0;0;0
FR;2;2021-05-10;32944;21750;50;0;23608;0;0;0;0;1440605;833071;1216;1;896851;0;0;0;0
FR;2;2021-05-11;43612;20922;101;0;23548;0;0;0;0;1484217;853993;1317;1;920399;0;0;0;0
FR;2;2021-05-12;50061;19647;143;0;22525;0;0;0;0;1534278;873640;1460;1;942924;0;0;0;0
FR;2;2021-05-13;51298;5616;31;0;8485;0;0;0;0;1585576;879256;1491;1;951409;0;0;0;0
FR;2;2021-05-14;61356;12889;132;0;16541;0;0;0;0;1646932;892145;1623;1;967950;0;0;0;0
FR;2;2021-05-15;65936;7101;39;0;10651;0;0;0;0;1712868;899246;1662;1;978601;0;0;0;0
FR;2;2021-05-16;43588;2572;10;0;4942;0;0;0;0;1756456;901818;1672;1;983543;0;0;0;0
FR;2;2021-05-17;44753;12461;114;0;15366;0;0;0;0;1801209;914279;1786;1;998909;0;0;0;0
FR;2;2021-05-18;54646;12273;190;0;15954;0;0;0;0;1855855;926552;1976;1;1014863;0;0;0;0
FR;2;2021-05-19;57177;10472;281;0;14514;0;0;0;0;1913032;937024;2257;1;1029377;0;0;0;0
FR;2;2021-05-20;63444;10803;288;0;14902;0;0;0;0;1976476;947827;2545;1;1044279;0;0;0;0
FR;2;2021-05-21;64301;11611;230;0;16033;0;0;0;0;2040777;959438;2775;1;1060312;0;0;0;0
FR;2;2021-05-22;61488;4528;65;0;8499;0;0;0;0;2102265;963966;2840;1;1068811;0;0;0;0
FR;2;2021-05-23;37534;577;22;0;2914;0;0;0;0;2139799;964543;2862;1;1071725;0;0;0;0
FR;2;2021-05-24;17245;2048;35;0;3255;0;0;0;0;2157044;966591;2897;1;1074980;0;0;0;0
FR;2;2021-05-25;21118;12247;240;0;13849;0;0;0;0;2178162;978838;3137;1;1088829;0;0;0;0
FR;2;2021-05-26;19942;11529;230;0;13053;0;0;0;0;2198104;990367;3367;1;1101882;0;0;0;0
FR;2;2021-05-27;23000;12645;182;0;14382;0;0;0;0;2221104;1003012;3549;1;1116264;0;0;0;0
FR;2;2021-05-28;29394;15032;190;0;17214;0;0;0;0;2250498;1018044;3739;1;1133478;0;0;0;0
FR;2;2021-05-29;30422;8195;58;0;10103;0;0;0;0;2280920;1026239;3797;1;1143581;0;0;0;0
FR;2;2021-05-30;4647;1820;6;0;2155;0;0;0;0;2285567;1028059;3803;1;1145736;0;0;0;0
FR;2;2021-05-31;28590;18750;184;0;20830;0;0;0;0;2314157;1046809;3987;1;1166566;0;0;0;0
FR;2;2021-06-01;45734;19903;225;0;23142;0;0;0;0;2359891;1066712;4212;1;1189708;0;0;0;0
FR;2;2021-06-02;37475;19300;182;0;22305;0;0;0;0;2397366;1086012;4394;1;1212013;0;0;0;0
FR;2;2021-06-03;51282;23118;161;0;26971;0;0;0;0;2448648;1109130;4555;1;1238984;0;0;0;0
FR;2;2021-06-04;65515;24092;217;0;29061;0;0;0;0;2514163;1133222;4772;1;1268045;0;0;0;0
FR;2;2021-06-05;34603;24095;52;0;26950;0;0;0;0;2548766;1157317;4824;1;1294995;0;0;0;0
FR;2;2021-06-06;4956;6195;10;0;6613;0;0;0;0;2553722;1163512;4834;1;1301608;0;0;0;0
FR;2;2021-06-07;28177;23009;150;0;25423;0;0;0;0;2581899;1186521;4984;1;1327031;0;0;0;0
FR;2;2021-06-08;46377;22927;143;0;26888;0;0;0;0;2628276;1209448;5127;1;1353919;0;0;0;0
FR;2;2021-06-09;34295;20970;107;0;24103;0;0;0;0;2662571;1230418;5234;1;1378022;0;0;0;0
FR;2;2021-06-10;42643;19082;96;1;23004;0;0;0;0;2705214;1249500;5330;2;1401026;0;0;0;0
FR;2;2021-06-11;55301;25146;134;0;30245;0;0;0;0;2760515;1274646;5464;2;1431271;0;0;0;0
FR;2;2021-06-12;30563;19793;53;0;22647;0;0;0;0;2791078;1294439;5517;2;1453918;0;0;0;0
FR;2;2021-06-13;3331;9193;13;0;9581;0;0;0;0;2794409;1303632;5530;2;1463499;0;0;0;0
FR;2;2021-06-14;25304;24109;92;0;26691;0;0;0;0;2819713;1327741;5622;2;1490190;0;0;0;0
FR;2;2021-06-15;39047;22825;154;0;26575;0;0;0;0;2858760;1350566;5776;2;1516765;0;0;0;0
FR;2;2021-06-16;30165;21369;135;0;24524;0;0;0;0;2888925;1371935;5911;2;1541289;0;0;0;0
FR;2;2021-06-17;36912;25766;150;0;29629;0;0;0;0;2925837;1397701;6061;2;1570918;0;0;0;0
FR;2;2021-06-18;46859;28884;123;0;33585;0;0;0;0;2972696;1426585;6184;2;1604503;0;0;0;0
FR;2;2021-06-19;24526;24923;39;0;27695;0;0;0;0;2997222;1451508;6223;2;1632198;0;0;0;0
FR;2;2021-06-20;3745;10059;9;0;10557;0;0;0;0;3000967;1461567;6232;2;1642755;0;0;0;0
FR;2;2021-06-21;17536;42848;88;0;44857;0;0;0;0;3018503;1504415;6320;2;1687612;0;0;0;0
FR;2;2021-06-22;28361;49602;110;0;53029;0;0;0;0;3046864;1554017;6430;2;1740641;0;0;0;0
FR;2;2021-06-23;21791;49604;107;1;52451;1;0;0;0;3068655;1603621;6537;3;1793092;1;0;0;0
FR;2;2021-06-24;28378;50297;134;0;54033;0;0;0;0;3097033;1653918;6671;3;1847125;1;0;0;0
FR;2;2021-06-25;33401;60448;128;0;64835;0;0;0;0;3130434;1714366;6799;3;1911960;1;0;0;0
FR;2;2021-06-26;16395;59325;54;1;61715;0;0;0;0;3146829;1773691;6853;4;1973675;1;0;0;0
FR;2;2021-06-27;2566;29316;22;1;29896;0;0;0;0;3149395;1803007;6875;5;2003571;1;0;0;0
FR;2;2021-06-28;12640;54329;84;0;56303;0;0;0;0;3162035;1857336;6959;5;2059874;1;0;0;0
FR;2;2021-06-29;19857;59974;178;0;62919;0;0;0;0;3181892;1917310;7137;5;2122793;1;0;0;0
FR;2;2021-06-30;16332;58015;253;17;60704;0;0;0;0;3198224;1975325;7390;22;2183497;1;0;0;0
FR;2;2021-07-01;20493;59866;228;0;63195;0;0;0;0;3218717;2035191;7618;22;2246692;1;0;0;0
FR;2;2021-07-02;24080;62156;184;0;66372;0;0;0;0;3242797;2097347;7802;22;2313064;1;0;0;0
FR;2;2021-07-03;12120;57133;153;0;59469;0;0;0;0;3254917;2154480;7955;22;2372533;1;0;0;0
FR;2;2021-07-04;1960;23304;18;0;23871;0;0;0;0;3256877;2177784;7973;22;2396404;1;0;0;0
FR;2;2021-07-05;9178;29288;106;0;30924;0;0;0;0;3266055;2207072;8079;22;2427328;1;0;0;0
FR;2;2021-07-06;14583;36257;135;0;38939;0;0;0;0;3280638;2243329;8214;22;2466267;1;0;0;0
FR;2;2021-07-07;14416;33662;139;0;36419;0;0;0;0;3295054;2276991;8353;22;2502686;1;0;0;0
FR;2;2021-07-08;19722;40312;162;0;43974;0;0;0;0;3314776;2317303;8515;22;2546660;1;0;0;0
FR;2;2021-07-09;27103;54320;202;1;59473;0;0;0;0;3341879;2371623;8717;23;2606133;1;0;0;0
FR;2;2021-07-10;13387;33702;107;0;36392;0;0;0;0;3355266;2405325;8824;23;2642525;1;0;0;0
FR;2;2021-07-11;1810;4346;16;0;4775;0;0;0;0;3357076;2409671;8840;23;2647300;1;0;0;0
FR;2;2021-07-12;12971;37279;119;0;39936;0;0;0;0;3370047;2446950;8959;23;2687236;1;0;0;0
FR;2;2021-07-13;37115;53165;152;0;60304;0;0;0;0;3407162;2500115;9111;23;2747540;1;0;0;0
FR;2;2021-07-14;6627;3539;15;0;4887;0;0;0;0;3413789;2503654;9126;23;2752427;1;0;0;0
FR;2;2021-07-15;47244;47011;156;0;55212;0;0;0;0;3461033;2550665;9282;23;2807639;1;0;0;0
FR;2;2021-07-16;64317;55769;188;0;66750;0;0;0;0;3525350;2606434;9470;23;2874389;1;0;0;0
FR;2;2021-07-17;31600;23915;96;0;29370;0;0;0;0;3556950;2630349;9566;23;2903759;1;0;0;0
FR;2;2021-07-18;6090;4812;19;0;5960;0;0;0;0;3563040;2635161;9585;23;2909719;1;0;0;0
FR;2;2021-07-19;33004;28619;94;0;34235;0;0;0;0;3596044;2663780;9679;23;2943954;1;0;0;0
FR;2;2021-07-20;51997;44515;155;0;53155;0;0;0;0;3648041;2708295;9834;23;2997109;1;0;0;0
FR;2;2021-07-21;45256;34656;93;0;42165;0;0;0;0;3693297;2742951;9927;23;3039274;1;0;0;0
FR;2;2021-07-22;56279;41083;128;1;50371;0;0;0;0;3749576;2784034;10055;24;3089645;1;0;0;0
FR;2;2021-07-23;68301;48982;170;0;60273;0;0;0;0;3817877;2833016;10225;24;3149918;1;0;0;0
FR;2;2021-07-24;36179;21610;82;0;27471;0;0;0;0;3854056;2854626;10307;24;3177389;1;0;0;0
FR;2;2021-07-25;6751;2612;10;0;3871;0;0;0;0;3860807;2857238;10317;24;3181260;1;0;0;0
FR;2;2021-07-26;36319;22354;91;1;27861;0;0;0;0;3897126;2879592;10408;25;3209121;1;0;0;0
FR;2;2021-07-27;62390;34566;180;0;43714;0;0;0;0;3959516;2914158;10588;25;3252835;1;0;0;0
FR;2;2021-07-28;55321;26428;132;0;34526;0;0;0;0;4014837;2940586;10720;25;3287361;1;0;0;0
FR;2;2021-07-29;68478;32788;189;0;42476;0;0;0;0;4083315;2973374;10909;25;3329837;1;0;0;0
FR;2;2021-07-30;74465;37810;222;1;48607;0;0;0;0;4157780;3011184;11131;26;3378444;1;0;0;0
FR;2;2021-07-31;34773;16205;105;0;21406;0;0;0;0;4192553;3027389;11236;26;3399850;1;0;0;0
FR;2;2021-08-01;5414;2258;19;0;3121;0;0;0;0;4197967;3029647;11255;26;3402971;1;0;0;0
FR;2;2021-08-02;35888;16164;101;0;21064;0;0;0;0;4233855;3045811;11356;26;3424035;1;0;0;0
FR;2;2021-08-03;55986;28268;142;0;35476;0;0;0;0;4289841;3074079;11498;26;3459511;1;0;0;0
FR;2;2021-08-04;46637;20830;128;1;26945;0;0;0;0;4336478;3094909;11626;27;3486456;1;0;0;0
FR;2;2021-08-05;54637;31554;215;0;38744;0;0;0;0;4391115;3126463;11841;27;3525200;1;0;0;0
FR;2;2021-08-06;58097;42391;242;1;50231;0;0;0;0;4449212;3168854;12083;28;3575431;1;0;0;0
FR;2;2021-08-07;25149;17626;89;0;21321;0;0;0;0;4474361;3186480;12172;28;3596752;1;0;0;0
FR;2;2021-08-08;3838;3648;21;0;4306;0;0;0;0;4478199;3190128;12193;28;3601058;1;0;0;0
FR;2;2021-08-09;29308;21045;92;0;24873;0;0;0;0;4507507;3211173;12285;28;3625931;1;0;0;0
FR;2;2021-08-10;45010;33470;155;0;39239;0;0;0;0;4552517;3244643;12440;28;3665170;1;0;0;0
FR;2;2021-08-11;35274;25145;151;0;29751;0;0;0;0;4587791;3269788;12591;28;3694921;1;0;0;0
FR;2;2021-08-12;41904;35689;163;0;41232;0;0;0;0;4629695;3305477;12754;28;3736153;1;0;0;0
FR;2;2021-08-13;42606;37297;218;0;42991;0;0;0;0;4672301;3342774;12972;28;3779144;1;0;0;0
FR;2;2021-08-14;18524;22153;94;0;24790;0;0;0;0;4690825;3364927;13066;28;3803934;1;0;0;0
FR;2;2021-08-15;3860;3799;17;0;4387;0;0;0;0;4694685;3368726;13083;28;3808321;1;0;0;0
FR;2;2021-08-16;25093;27124;111;0;30451;0;0;0;0;4719778;3395850;13194;28;3838772;1;0;0;0
FR;2;2021-08-17;38262;43413;207;2;48405;0;0;0;0;4758040;3439263;13401;30;3887177;1;0;0;0
FR;2;2021-08-18;32254;36353;195;1;40705;1;0;0;0;4790294;3475616;13596;31;3927882;2;0;0;0
FR;2;2021-08-19;37434;46580;224;0;51789;0;0;0;0;4827728;3522196;13820;31;3979671;2;0;0;0
FR;2;2021-08-20;40568;55640;271;1;61579;0;0;0;0;4868296;3577836;14091;32;4041250;2;0;0;0
FR;2;2021-08-21;18121;24310;116;0;27102;0;0;0;0;4886417;3602146;14207;32;4068352;2;0;0;0
FR;2;2021-08-22;2907;4326;22;1;4859;1;0;0;0;4889324;3606472;14229;33;4073211;3;0;0;0
FR;2;2021-08-23;19248;35151;131;1;38048;0;0;0;0;4908572;3641623;14360;34;4111259;3;0;0;0
FR;2;2021-08-24;31952;56041;236;0;60702;0;0;0;0;4940524;3697664;14596;34;4171961;3;0;0;0
FR;2;2021-08-25;25934;43454;251;0;47411;0;0;0;0;4966458;3741118;14847;34;4219372;3;0;0;0
FR;2;2021-08-26;32362;55829;388;0;60595;0;0;0;0;4998820;3796947;15235;34;4279967;3;0;0;0
FR;2;2021-08-27;37003;65678;477;2;71421;0;0;0;0;5035823;3862625;15712;36;4351388;3;0;0;0
FR;2;2021-08-28;17819;28543;300;0;31610;0;0;0;0;5053642;3891168;16012;36;4382998;3;0;0;0
FR;2;2021-08-29;2656;5014;47;0;5628;0;0;0;0;5056298;3896182;16059;36;4388626;3;0;0;0
FR;2;2021-08-30;18417;37727;400;0;40148;757;0;0;0;5074715;3933909;16459;36;4428774;760;0;0;0
FR;2;2021-08-31;28076;57510;887;4;60948;1558;0;0;0;5102791;3991419;17346;40;4489722;2318;0;0;0
FR;2;2021-09-01;21594;39871;1309;0;42268;2123;0;0;0;5124385;4031290;18655;40;4531990;4441;0;0;0
FR;2;2021-09-02;25485;48664;1962;2;50952;3364;0;0;0;5149870;4079954;20617;42;4582942;7805;0;0;0
FR;2;2021-09-03;33412;64563;2988;3;67542;4880;1;0;0;5183282;4144517;23605;45;4650484;12685;1;0;0
FR;2;2021-09-04;16832;27760;1443;1;29562;2381;0;0;0;5200114;4172277;25048;46;4680046;15066;1;0;0
FR;2;2021-09-05;2264;3595;266;0;3953;412;0;0;0;5202378;4175872;25314;46;4683999;15478;1;0;0
FR;2;2021-09-06;14043;28698;1771;1;29765;2945;0;0;0;5216421;4204570;27085;47;4713764;18423;1;0;0
FR;2;2021-09-07;21108;41104;3021;13;42274;4930;0;0;0;5237529;4245674;30106;60;4756038;23353;1;0;0
FR;2;2021-09-08;17248;31920;2736;6;32743;4499;0;0;0;5254777;4277594;32842;66;4788781;27852;1;0;0
FR;2;2021-09-09;20981;40483;4437;3;41243;6836;0;0;0;5275758;4318077;37279;69;4830024;34688;1;0;0
FR;2;2021-09-10;28201;51292;5287;4;51890;8962;1;0;0;5303959;4369369;42566;73;4881914;43650;2;0;0
FR;2;2021-09-11;13654;22448;2405;5;23138;3978;0;0;0;5317613;4391817;44971;78;4905052;47628;2;0;0
FR;2;2021-09-12;1824;2773;292;0;2968;510;0;0;0;5319437;4394590;45263;78;4908020;48138;2;0;0
FR;2;2021-09-13;11659;21446;2474;4;21710;4048;0;0;0;5331096;4416036;47737;82;4929730;52186;2;0;0
FR;2;2021-09-14;18576;32732;5092;13;31703;9053;2;0;0;5349672;4448768;52829;95;4961433;61239;4;0;0
FR;2;2021-09-15;14914;28245;5169;3;26936;7759;9;0;0;5364586;4477013;57998;98;4988369;68998;13;0;0
FR;2;2021-09-16;16078;32789;6737;12;30182;10535;4;0;0;5380664;4509802;64735;110;5018551;79533;17;0;0
FR;2;2021-09-17;20915;47154;8781;10;42818;14616;6;0;0;5401579;4556956;73516;120;5061369;94149;23;0;0
FR;2;2021-09-18;9857;20964;3804;6;19597;6037;1;0;0;5411436;4577920;77320;126;5080966;100186;24;0;0
FR;2;2021-09-19;1166;2596;396;0;2538;632;0;0;0;5412602;4580516;77716;126;5083504;100818;24;0;0
FR;2;2021-09-20;7500;18707;3856;7;17027;6139;4;0;0;5420102;4599223;81572;133;5100531;106957;28;0;0
FR;2;2021-09-21;11215;29992;6495;5;26543;10748;3;0;0;5431317;4629215;88067;138;5127074;117705;31;0;0
FR;2;2021-09-22;9413;23543;5490;6;21197;8520;8;0;0;5440730;4652758;93557;144;5148271;126225;39;0;0
FR;2;2021-09-23;10730;28899;7881;10;24726;12648;11;0;0;5451460;4681657;101438;154;5172997;138873;50;0;0
FR;2;2021-09-24;15075;42932;10876;18;37277;17238;21;0;0;5466535;4724589;112314;172;5210274;156111;71;0;0
FR;2;2021-09-25;7258;18793;3965;9;17150;6117;3;0;0;5473793;4743382;116279;181;5227424;162228;74;0;0
FR;2;2021-09-26;1080;2550;495;0;2494;632;1;0;0;5474873;4745932;116774;181;5229918;162860;75;0;0
FR;2;2021-09-27;6313;16406;4287;8;14796;6536;2;0;0;5481186;4762338;121061;189;5244714;169396;77;0;0
FR;2;2021-09-28;9241;25565;7769;14;21717;12080;7;0;0;5490427;4787903;128830;203;5266431;181476;84;0;0
FR;2;2021-09-29;8081;20202;6067;25;17609;9261;8;0;0;5498508;4808105;134897;228;5284040;190737;92;0;0
FR;2;2021-09-30;9864;25835;9509;16;21634;14100;6;0;0;5508372;4833940;144406;244;5305674;204837;98;0;0
FR;2;2021-10-01;13978;35727;12919;25;30048;19316;10;0;0;5522350;4869667;157325;269;5335722;224153;108;0;0
FR;2;2021-10-02;6874;15932;4850;7;14230;7045;6;0;0;5529224;4885599;162175;276;5349952;231198;114;0;0
FR;2;2021-10-03;841;1912;492;1;1840;503;0;0;0;5530065;4887511;162667;277;5351792;231701;114;0;0
FR;2;2021-10-04;5825;13896;5516;5;12134;7852;6;0;0;5535890;4901407;168183;282;5363926;239553;120;0;0
FR;2;2021-10-05;9058;22562;11125;19;18527;15739;1;0;0;5544948;4923969;179308;301;5382453;255292;121;0;0
FR;2;2021-10-06;7783;17746;8243;11;15275;11090;4;0;0;5552731;4941715;187551;312;5397728;266382;125;0;0
FR;2;2021-10-07;9203;22206;12386;14;18007;16872;6;0;0;5561934;4963921;199937;326;5415735;283254;131;0;0
FR;2;2021-10-08;13431;32131;17349;28;26510;23606;13;0;0;5575365;4996052;217286;354;5442245;306860;144;0;0
FR;2;2021-10-09;6000;12841;6044;6;11378;7894;7;0;0;5581365;5008893;223330;360;5453623;314754;151;0;0
FR;2;2021-10-10;885;1599;436;2;1541;607;1;0;0;5582250;5010492;223766;362;5455164;315361;152;0;0
FR;2;2021-10-11;5607;11554;6455;17;9941;8830;3;0;0;5587857;5022046;230221;379;5465105;324191;155;0;0
FR;2;2021-10-12;8029;17788;12550;13;13927;16782;9;0;0;5595886;5039834;242771;392;5479032;340973;164;0;0
FR;2;2021-10-13;6944;14853;10256;12;11810;13646;7;0;0;5602830;5054687;253027;404;5490842;354619;171;0;0
FR;2;2021-10-14;8314;17937;14996;13;13559;19472;11;0;0;5611144;5072624;268023;417;5504401;374091;182;0;0
FR;2;2021-10-15;11856;26308;20903;26;19416;27977;4;0;0;5623000;5098932;288926;443;5523817;402068;186;0;0
FR;2;2021-10-16;5140;8739;1819;0;8173;3217;2;0;0;5628140;5107671;290745;443;5531990;405285;188;0;0
FR;2;2021-10-17;651;1153;185;0;1081;359;1;0;0;5628791;5108824;290930;443;5533071;405644;189;0;0
FR;2;2021-10-18;4562;7343;665;2;7247;1633;0;0;0;5633353;5116167;291595;445;5540318;407277;189;0;0
FR;2;2021-10-19;6238;9854;732;5;9657;2035;5;0;0;5639591;5126021;292327;450;5549975;409312;194;0;0
FR;2;2021-10-20;5170;8059;759;3;8178;1679;0;0;0;5644761;5134080;293086;453;5558153;410991;194;0;0
FR;2;2021-10-21;6090;9978;780;5;9837;2103;1;0;0;5650851;5144058;293866;458;5567990;413094;195;0;0
FR;2;2021-10-22;8452;14597;1149;4;14471;2891;2;0;0;5659303;5158655;295015;462;5582461;415985;197;0;0
FR;2;2021-10-23;3845;5995;587;0;6128;1236;3;0;0;5663148;5164650;295602;462;5588589;417221;200;0;0
FR;2;2021-10-24;494;884;101;0;901;205;0;0;0;5663642;5165534;295703;462;5589490;417426;200;0;0
FR;2;2021-10-25;3359;5348;307;1;5523;825;2;0;0;5667001;5170882;296010;463;5595013;418251;202;0;0
FR;2;2021-10-26;4177;7241;1133;4;7131;2022;5;0;0;5671178;5178123;297143;467;5602144;420273;207;0;0
FR;2;2021-10-27;3676;6596;1193;5;6454;1991;1;0;0;5674854;5184719;298336;472;5608598;422264;208;0;0
FR;2;2021-10-28;4597;7690;1735;3;7418;2747;1;0;0;5679451;5192409;300071;475;5616016;425011;209;0;0
FR;2;2021-10-29;5413;11082;2437;4;10696;3682;3;0;0;5684864;5203491;302508;479;5626712;428693;212;0;0
FR;2;2021-10-30;2749;4450;976;1;4454;1440;2;0;0;5687613;5207941;303484;480;5631166;430133;214;0;0
FR;2;2021-10-31;364;535;140;1;544;191;1;0;0;5687977;5208476;303624;481;5631710;430324;215;0;0
FR;2;2021-11-01;429;547;181;0;563;267;1;0;0;5688406;5209023;303805;481;5632273;430591;216;0;0
FR;2;2021-11-02;3293;6758;1183;0;6804;1763;5;0;0;5691699;5215781;304988;481;5639077;432354;221;0;0
FR;2;2021-11-03;3340;6228;1388;2;6314;1969;2;0;0;5695039;5222009;306376;483;5645391;434323;223;0;0
FR;2;2021-11-04;3986;7075;1768;4;7113;2495;3;0;0;5699025;5229084;308144;487;5652504;436818;226;0;0
FR;2;2021-11-05;5234;10503;2867;5;10212;3958;6;0;0;5704259;5239587;311011;492;5662716;440776;232;0;0
FR;2;2021-11-06;2596;4677;1403;0;4638;1817;2;0;0;5706855;5244264;312414;492;5667354;442593;234;0;0
FR;2;2021-11-07;506;866;221;0;873;291;2;0;0;5707361;5245130;312635;492;5668227;442884;236;0;0
FR;2;2021-11-08;2578;5346;1205;3;5266;1676;3;0;0;5709939;5250476;313840;495;5673493;444560;239;0;0
FR;2;2021-11-09;2749;6912;2402;5;6448;3180;2;0;0;5712688;5257388;316242;500;5679941;447740;241;0;0
FR;2;2021-11-10;2590;5670;5114;6;4768;6286;8;0;0;5715278;5263058;321356;506;5684709;454026;249;0;0
FR;2;2021-11-11;446;754;752;2;646;936;3;0;0;5715724;5263812;322108;508;5685355;454962;252;0;0
FR;2;2021-11-12;2953;8086;8982;8;6202;10926;9;0;0;5718677;5271898;331090;516;5691557;465888;261;0;0
FR;2;2021-11-13;1539;3375;3871;7;2723;4538;4;0;0;5720216;5275273;334961;523;5694280;470426;265;0;0
FR;2;2021-11-14;257;587;351;1;487;480;3;0;0;5720473;5275860;335312;524;5694767;470906;268;0;0
FR;2;2021-11-15;1622;3661;4447;8;2916;5328;16;0;0;5722095;5279521;339759;532;5697683;476234;284;0;0
FR;2;2021-11-16;2183;5887;8311;14;4163;10082;16;0;0;5724278;5285408;348070;546;5701846;486316;300;0;0
FR;2;2021-11-17;1741;4521;6632;8;3171;7848;5;0;0;5726019;5289929;354702;554;5705017;494164;305;0;0
FR;2;2021-11-18;2192;5932;9187;10;4028;11020;8;0;0;5728211;5295861;363889;564;5709045;505184;313;0;0
FR;2;2021-11-19;2700;7760;12980;19;4840;15479;12;0;0;5730911;5303621;376869;583;5713885;520663;325;0;0
FR;2;2021-11-20;1566;3336;5180;5;2354;6092;3;0;0;5732477;5306957;382049;588;5716239;526755;328;0;0
FR;2;2021-11-21;249;510;541;0;394;659;3;0;0;5732726;5307467;382590;588;5716633;527414;331;0;0
FR;2;2021-11-22;1278;2575;4481;5;1674;5397;9;0;0;5734004;5310042;387071;593;5718307;532811;340;0;0
FR;2;2021-11-23;1617;4277;8202;9;2539;9915;6;0;0;5735621;5314319;395273;602;5720846;542726;346;0;0
FR;2;2021-11-24;1421;3755;7481;14;2251;8734;9;0;0;5737042;5318074;402754;616;5723097;551460;355;0;0
FR;2;2021-11-25;1813;4869;11472;21;2686;13667;6;0;0;5738855;5322943;414226;637;5725783;565127;361;0;0
FR;2;2021-11-26;2541;7739;22672;31;3819;26085;14;0;0;5741396;5330682;436898;668;5729602;591212;375;0;0
FR;2;2021-11-27;1497;4140;12273;18;2129;14030;12;0;0;5742893;5334822;449171;686;5731731;605242;387;0;0
FR;2;2021-11-28;292;838;1974;3;480;2301;5;0;0;5743185;5335660;451145;689;5732211;607543;392;0;0
FR;2;2021-11-29;1447;4352;15098;23;2015;17265;25;0;0;5744632;5340012;466243;712;5734226;624808;417;0;0
FR;2;2021-11-30;1912;6661;26246;36;2647;30005;22;0;0;5746544;5346673;492489;748;5736873;654813;439;0;0
FR;2;2021-12-01;1916;6024;26204;31;2494;29513;20;0;0;5748460;5352697;518693;779;5739367;684326;459;0;0
FR;2;2021-12-02;1914;6788;37727;52;2126;41977;32;0;0;5750374;5359485;556420;831;5741493;726303;491;0;0
FR;2;2021-12-03;2557;10084;53631;111;3606;59380;30;0;0;5752931;5369569;610051;942;5745099;785683;521;0;0
FR;2;2021-12-04;1850;6284;37126;38;2192;40817;15;0;0;5754781;5375853;647177;980;5747291;826500;536;0;0
FR;2;2021-12-05;458;2249;14263;14;538;15990;7;0;0;5755239;5378102;661440;994;5747829;842490;543;0;0
FR;2;2021-12-06;2487;9861;77722;109;2711;84775;25;0;0;5757726;5387963;739162;1103;5750540;927265;568;0;0
FR;2;2021-12-07;3454;15297;122459;238;3753;133779;40;0;0;5761180;5403260;861621;1341;5754293;1061044;608;0;0
FR;2;2021-12-08;3725;15986;133215;330;3861;145403;54;0;0;5764905;5419246;994836;1671;5758154;1206447;662;0;0
FR;2;2021-12-09;4546;19637;170229;555;4181;185625;61;0;0;5769451;5438883;1165065;2226;5762335;1392072;723;0;0
FR;2;2021-12-10;4675;22813;188691;490;5021;206179;68;0;0;5774126;5461696;1353756;2716;5767356;1598251;791;0;0
FR;2;2021-12-11;3687;16621;132462;239;3677;144915;63;0;0;5777813;5478317;1486218;2955;5771033;1743166;854;0;0
FR;2;2021-12-12;1256;7125;59109;83;1021;65166;12;0;0;5779069;5485442;1545327;3038;5772054;1808332;866;0;0
FR;2;2021-12-13;5530;26816;220716;605;5234;243008;159;0;0;5784599;5512258;1766043;3643;5777288;2051340;1025;0;0
FR;2;2021-12-14;7018;37457;300793;908;6153;332246;189;0;0;5791617;5549715;2066836;4551;5783441;2383586;1214;0;0
FR;2;2021-12-15;6555;36238;285248;957;5879;315889;186;0;0;5798172;5585953;2352084;5508;5789320;2699475;1400;0;0
FR;2;2021-12-16;7764;37921;312163;980;6570;343797;182;0;0;5805936;5623874;2664247;6488;5795890;3043272;1582;0;0
FR;2;2021-12-17;8681;41192;327900;976;8035;360970;231;0;0;5814617;5665066;2992147;7464;5803925;3404242;1813;0;0
FR;2;2021-12-18;6515;26551;212359;448;4914;233672;119;0;0;5821132;5691617;3204506;7912;5808839;3637914;1932;0;0
FR;2;2021-12-19;2603;11412;90220;182;1663;100351;25;0;0;5823735;5703029;3294726;8094;5810502;3738265;1957;0;0
FR;2;2021-12-20;9547;33540;275241;706;6608;303392;208;0;0;5833282;5736569;3569967;8800;5817110;4041657;2165;0;0
FR;2;2021-12-21;11565;38306;309644;968;7391;341437;258;0;0;5844847;5774875;3879611;9768;5824501;4383094;2423;0;0
FR;2;2021-12-22;10459;32782;265129;952;6452;292481;316;0;1;5855306;5807657;4144740;10720;5830953;4675575;2739;0;1
FR;2;2021-12-23;9425;26652;199521;701;5895;221290;227;0;0;5864731;5834309;4344261;11421;5836848;4896865;2966;0;1
FR;2;2021-12-24;2783;7476;43860;140;2039;49560;78;0;0;5867514;5841785;4388121;11561;5838887;4946425;3044;0;1
FR;2;2021-12-25;201;680;2003;10;211;2484;15;0;0;5867715;5842465;4390124;11571;5839098;4948909;3059;0;1
FR;2;2021-12-26;1320;4214;25157;71;1052;28688;70;0;0;5869035;5846679;4415281;11642;5840150;4977597;3129;0;1
FR;2;2021-12-27;8077;29921;218428;659;6636;243363;294;0;0;5877112;5876600;4633709;12301;5846786;5220960;3423;0;1
FR;2;2021-12-28;9834;36305;272107;742;6995;302008;956;0;1;5886946;5912905;4905816;13043;5853781;5522968;4379;0;2
FR;2;2021-12-29;9498;32235;246141;765;6416;272689;1088;0;0;5896444;5945140;5151957;13808;5860197;5795657;5467;0;2
FR;2;2021-12-30;9462;28083;208834;663;5979;231455;1156;0;0;5905906;5973223;5360791;14471;5866176;6027112;6623;0;2
FR;2;2021-12-31;3011;8349;54990;176;2173;61236;393;0;0;5908917;5981572;5415781;14647;5868349;6088348;7016;0;2
FR;2;2022-01-01;231;688;2857;7;204;3351;29;0;0;5909148;5982260;5418638;14654;5868553;6091699;7045;0;2
FR;2;2022-01-02;1503;4852;29521;75;1166;33408;217;0;0;5910651;5987112;5448159;14729;5869719;6125107;7262;0;2
FR;2;2022-01-03;9602;35404;266538;806;8501;293916;1674;0;0;5920253;6022516;5714697;15535;5878220;6419023;8936;0;2
FR;2;2022-01-04;12854;45418;342100;1068;9977;377049;2458;0;1;5933107;6067934;6056797;16603;5888197;6796072;11394;0;3
FR;2;2022-01-05;11273;38631;294208;884;8633;323849;2155;0;2;5944380;6106565;6351005;17487;5896830;7119921;13549;0;5
FR;2;2022-01-06;13655;43494;331951;1298;9939;364758;2979;0;1;5958035;6150059;6682956;18785;5906769;7484679;16528;0;6
FR;2;2022-01-07;14224;47626;361113;1271;11247;396457;3159;0;0;5972259;6197685;7044069;20056;5918016;7881136;19687;0;6
FR;2;2022-01-08;7946;28142;201267;515;7208;221703;1528;0;2;5980205;6225827;7245336;20571;5925224;8102839;21215;0;8
FR;2;2022-01-09;2749;8959;62527;137;2075;69498;493;0;0;5982954;6234786;7307863;20708;5927299;8172337;21708;0;8
FR;2;2022-01-10;10099;31909;232494;858;8908;255068;2458;0;0;5993053;6266695;7540357;21566;5936207;8427405;24166;0;8
FR;2;2022-01-11;11468;36252;265931;1029;10069;290639;3380;0;1;6004521;6302947;7806288;22595;5946276;8718044;27546;0;9
FR;2;2022-01-12;8765;29797;206333;863;8723;226175;2799;0;5;6013286;6332744;8012621;23458;5954999;8944219;30345;0;14
FR;2;2022-01-13;9387;31335;224503;831;9042;244846;3462;0;4;6022673;6364079;8237124;24289;5964041;9189065;33807;0;18
FR;2;2022-01-14;9740;35593;254548;920;9851;277657;3982;0;1;6032413;6399672;8491672;25209;5973892;9466722;37789;0;19
FR;2;2022-01-15;5361;19452;140783;363;5327;153645;1928;0;0;6037774;6419124;8632455;25572;5979219;9620367;39717;0;19
FR;2;2022-01-16;1512;5464;35891;81;1620;39822;424;0;0;6039286;6424588;8668346;25653;5980839;9660189;40141;0;19
FR;2;2022-01-17;5546;19268;135417;601;6604;147259;2264;0;2;6044832;6443856;8803763;26254;5987443;9807448;42405;0;21
FR;2;2022-01-18;6423;21485;148639;647;7524;160462;3312;0;0;6051255;6465341;8952402;26901;5994967;9967910;45717;0;21
FR;2;2022-01-19;4397;16320;105108;551;6214;113706;2409;0;1;6055652;6481661;9057510;27452;6001181;10081616;48126;0;22
FR;2;2022-01-20;4872;17578;115299;603;7072;123691;3111;0;2;6060524;6499239;9172809;28055;6008253;10205307;51237;0;24
FR;2;2022-01-21;5198;20040;137353;679;7171;147770;3453;0;1;6065722;6519279;9310162;28734;6015424;10353077;54690;0;25
FR;2;2022-01-22;3034;10948;74261;260;3956;80327;1428;0;0;6068756;6530227;9384423;28994;6019380;10433404;56118;0;25
FR;2;2022-01-23;724;2711;15242;41;1057;16827;238;0;0;6069480;6532938;9399665;29035;6020437;10450231;56356;0;25
FR;2;2022-01-24;3290;12805;75081;431;5845;81026;1994;0;2;6072770;6545743;9474746;29466;6026282;10531257;58350;0;27
FR;2;2022-01-25;3574;14409;79629;496;6651;85458;2879;0;4;6076344;6560152;9554375;29962;6032933;10616715;61229;0;31
FR;2;2022-01-26;2515;10704;58981;363;5330;63034;1957;0;1;6078859;6570856;9613356;30325;6038263;10679749;63186;0;32
FR;2;2022-01-27;2683;11380;64179;388;5738;67959;2460;0;1;6081542;6582236;9677535;30713;6044001;10747708;65646;0;33
FR;2;2022-01-28;3551;18272;91723;429;8614;98911;3401;0;1;6085093;6600508;9769258;31142;6052615;10846619;69047;0;34
FR;2;2022-01-29;1893;9240;48852;164;4170;52929;1374;0;1;6086986;6609748;9818110;31306;6056785;10899548;70421;0;35
FR;2;2022-01-30;464;2209;9455;38;1051;10585;203;0;0;6087450;6611957;9827565;31344;6057836;10910133;70624;0;35
FR;2;2022-01-31;1890;9560;43833;209;4716;47328;1886;0;2;6089340;6621517;9871398;31553;6062552;10957461;72510;0;37
FR;2;2022-02-01;1915;10027;47031;279;4802;50084;2709;0;0;6091255;6631544;9918429;31832;6067354;11007545;75219;0;37
FR;2;2022-02-02;1614;8982;41121;250;4195;44152;2190;0;1;6092869;6640526;9959550;32082;6071549;11051697;77409;0;38
FR;2;2022-02-03;1727;8937;40526;205;4373;42916;2643;0;2;6094596;6649463;10000076;32287;6075922;11094613;80052;0;40
FR;2;2022-02-04;2151;15180;66647;299;7386;71329;3671;0;1;6096747;6664643;10066723;32586;6083308;11165942;83723;0;41
FR;2;2022-02-05;1360;8522;35946;132;4215;39225;1370;0;0;6098107;6673165;10102669;32718;6087523;11205167;85093;0;41
FR;2;2022-02-06;275;1762;6127;16;840;6898;217;0;0;6098382;6674927;10108796;32734;6088363;11212065;85310;0;41
FR;2;2022-02-07;1352;9553;37758;134;4538;41292;1889;0;2;6099734;6684480;10146554;32868;6092901;11253357;87199;0;43
FR;2;2022-02-08;1299;9832;40954;173;4644;43748;2741;0;1;6101033;6694312;10187508;33041;6097545;11297105;89940;0;44
FR;2;2022-02-09;1160;8841;37040;174;3804;40465;1901;0;2;6102193;6703153;10224548;33215;6101349;11337570;91841;0;46
FR;2;2022-02-10;1029;7999;33837;204;3604;36510;2051;0;1;6103222;6711152;10258385;33419;6104953;11374080;93892;0;47
FR;2;2022-02-11;1391;12085;53347;223;5281;57700;2888;0;0;6104613;6723237;10311732;33642;6110234;11431780;96780;0;47
FR;2;2022-02-12;754;6535;27987;86;2793;30807;1112;0;2;6105367;6729772;10339719;33728;6113027;11462587;97892;0;49
FR;2;2022-02-13;200;1340;4836;20;562;5577;141;0;0;6105567;6731112;10344555;33748;6113589;11468164;98033;0;49
FR;2;2022-02-14;835;6731;30273;91;2598;33232;1398;0;1;6106402;6737843;10374828;33839;6116187;11501396;99431;0;50
FR;2;2022-02-15;774;6472;28050;140;2800;29991;1967;0;2;6107176;6744315;10402878;33979;6118987;11531387;101398;0;52
FR;2;2022-02-16;657;5361;22067;123;2526;23632;1568;0;3;6107833;6749676;10424945;34102;6121513;11555019;102966;0;55
FR;2;2022-02-17;518;3784;14152;98;2129;14617;1406;0;2;6108351;6753460;10439097;34200;6123642;11569636;104372;0;57
FR;2;2022-02-18;723;5368;20442;134;3039;21129;1895;0;0;6109074;6758828;10459539;34334;6126681;11590765;106267;0;57
FR;2;2022-02-19;430;3061;10532;66;1699;11246;753;0;2;6109504;6761889;10470071;34400;6128380;11602011;107020;0;59
FR;2;2022-02-20;102;518;1463;3;314;1611;100;0;0;6109606;6762407;10471534;34403;6128694;11603622;107120;0;59
FR;2;2022-02-21;422;2685;9122;65;1569;9499;930;0;0;6110028;6765092;10480656;34468;6130263;11613121;108050;0;59
FR;2;2022-02-22;392;2567;8894;77;1621;8797;1180;0;0;6110420;6767659;10489550;34545;6131884;11621918;109230;0;59
FR;2;2022-02-23;432;2604;8992;82;1522;9268;1022;0;0;6110852;6770263;10498542;34627;6133406;11631186;110252;0;59
FR;2;2022-02-24;314;2036;6802;82;1250;6830;870;0;0;6111166;6772299;10505344;34709;6134656;11638016;111122;0;59
FR;2;2022-02-25;457;3207;11419;107;1977;11283;1559;0;3;6111623;6775506;10516763;34816;6136633;11649299;112681;0;62
FR;2;2022-02-26;297;1892;6036;49;1161;6343;587;0;1;6111920;6777398;10522799;34865;6137794;11655642;113268;0;63
FR;2;2022-02-27;76;313;907;5;214;950;98;0;0;6111996;6777711;10523706;34870;6138008;11656592;113366;0;63
FR;2;2022-02-28;330;1688;5524;53;1087;5531;732;0;0;6112326;6779399;10529230;34923;6139095;11662123;114098;0;63
FR;2;2022-03-01;279;1569;5483;46;952;5200;964;0;2;6112605;6780968;10534713;34969;6140047;11667323;115062;0;65
FR;2;2022-03-02;298;1445;5247;45;877;5091;815;0;1;6112903;6782413;10539960;35014;6140924;11672414;115877;0;66
FR;2;2022-03-03;226;1112;3708;42;721;3485;668;0;1;6113129;6783525;10543668;35056;6141645;11675899;116545;0;67
FR;2;2022-03-04;243;1468;4859;74;982;4506;949;0;1;6113372;6784993;10548527;35130;6142627;11680405;117494;0;68
FR;2;2022-03-05;174;906;2979;34;612;2723;561;0;0;6113546;6785899;10551506;35164;6143239;11683128;118055;0;68
FR;2;2022-03-06;42;183;280;5;105;320;52;0;0;6113588;6786082;10551786;35169;6143344;11683448;118107;0;68
FR;2;2022-03-07;156;659;1987;70;491;1777;472;0;0;6113744;6786741;10553773;35239;6143835;11685225;118579;0;68
FR;2;2022-03-08;144;670;2273;53;461;1907;620;0;0;6113888;6787411;10556046;35292;6144296;11687132;119199;0;68
FR;2;2022-03-09;154;708;2348;37;473;2050;615;0;0;6114042;6788119;10558394;35329;6144769;11689182;119814;0;68
FR;2;2022-03-10;123;603;1695;35;445;1470;456;0;1;6114165;6788722;10560089;35364;6145214;11690652;120270;0;69
FR;2;2022-03-11;172;756;2769;57;504;2368;737;0;1;6114337;6789478;10562858;35421;6145718;11693020;121007;0;70
FR;2;2022-03-12;149;484;1787;27;331;1556;450;0;0;6114486;6789962;10564645;35448;6146049;11694576;121457;0;70
FR;2;2022-03-13;25;75;203;30;45;204;69;0;0;6114511;6790037;10564848;35478;6146094;11694780;121526;0;70
FR;2;2022-03-14;128;470;1570;529;333;1300;950;0;0;6114639;6790507;10566418;36007;6146427;11696080;122476;0;70
FR;2;2022-03-15;138;441;1713;691;333;1333;1186;0;1;6114777;6790948;10568131;36698;6146760;11697413;123662;0;71
FR;2;2022-03-16;142;476;2013;1615;331;1593;2159;0;2;6114919;6791424;10570144;38313;6147091;11699006;125821;0;73
FR;2;2022-03-17;94;413;1408;1192;273;1144;1576;0;0;6115013;6791837;10571552;39505;6147364;11700150;127397;0;73
FR;2;2022-03-18;147;496;2025;1795;335;1668;2313;0;1;6115160;6792333;10573577;41300;6147699;11701818;129710;0;74
FR;2;2022-03-19;108;321;1210;941;219;1015;1259;0;0;6115268;6792654;10574787;42241;6147918;11702833;130969;0;74
FR;2;2022-03-20;13;77;191;59;39;168;115;0;0;6115281;6792731;10574978;42300;6147957;11703001;131084;0;74
FR;2;2022-03-21;97;307;1215;1483;180;1078;1760;0;1;6115378;6793038;10576193;43783;6148137;11704079;132844;0;75
FR;2;2022-03-22;118;390;1530;1830;244;1291;2218;0;0;6115496;6793428;10577723;45613;6148381;11705370;135062;0;75
FR;2;2022-03-23;138;361;1675;3032;232;1470;3374;0;6;6115634;6793789;10579398;48645;6148613;11706840;138436;0;81
FR;2;2022-03-24;117;293;1183;1548;186;1001;1814;0;8;6115751;6794082;10580581;50193;6148799;11707841;140250;0;89
FR;2;2022-03-25;119;361;1805;2451;238;1475;2837;0;8;6115870;6794443;10582386;52644;6149037;11709316;143087;0;97
FR;2;2022-03-26;79;247;1204;1222;138;952;1531;0;5;6115949;6794690;10583590;53866;6149175;11710268;144618;0;102
FR;2;2022-03-27;19;36;154;100;19;133;144;0;0;6115968;6794726;10583744;53966;6149194;11710401;144762;0;102
FR;2;2022-03-28;94;288;1138;1602;187;995;1834;0;6;6116062;6795014;10584882;55568;6149381;11711396;146596;0;108
FR;2;2022-03-29;108;258;1325;2467;167;1105;2760;0;4;6116170;6795272;10586207;58035;6149548;11712501;149356;0;112
FR;2;2022-03-30;91;312;1489;3185;163;1320;3422;0;2;6116261;6795584;10587696;61220;6149711;11713821;152778;0;114
FR;2;2022-03-31;104;284;1276;2332;172;1091;2616;0;3;6116365;6795868;10588972;63552;6149883;11714912;155394;0;117
FR;2;2022-04-01;123;324;1567;2349;164;1322;2667;0;7;6116488;6796192;10590539;65901;6150047;11716234;158061;0;124
FR;2;2022-04-02;81;161;845;891;83;737;1052;0;1;6116569;6796353;10591384;66792;6150130;11716971;159113;0;125
FR;2;2022-04-03;16;53;128;113;27;142;133;0;1;6116585;6796406;10591512;66905;6150157;11717113;159246;0;126
FR;2;2022-04-04;113;239;989;1447;141;798;1693;0;5;6116698;6796645;10592501;68352;6150298;11717911;160939;0;131
FR;2;2022-04-05;143;298;1317;2914;158;1145;3143;0;17;6116841;6796943;10593818;71266;6150456;11719056;164082;0;148
FR;2;2022-04-06;89;260;1306;2522;128;1130;2686;0;10;6116930;6797203;10595124;73788;6150584;11720186;166768;0;158
FR;2;2022-04-07;120;229;1302;2682;140;1042;2957;0;8;6117050;6797432;10596426;76470;6150724;11721228;169725;0;166
FR;2;2022-04-08;126;343;1634;3351;179;1327;3641;0;12;6117176;6797775;10598060;79821;6150903;11722555;173366;0;178
FR;2;2022-04-09;90;219;900;1046;144;732;1288;0;4;6117266;6797994;10598960;80867;6151047;11723287;174654;0;182
FR;2;2022-04-10;37;48;143;162;45;119;200;0;1;6117303;6798042;10599103;81029;6151092;11723406;174854;0;183
FR;2;2022-04-11;88;195;891;1560;121;781;1718;0;6;6117391;6798237;10599994;82589;6151213;11724187;176572;0;189
FR;2;2022-04-12;176;273;1183;2770;175;1062;2903;0;8;6117567;6798510;10601177;85359;6151388;11725249;179475;0;197
FR;2;2022-04-13;147;230;1125;2477;110;988;2671;0;11;6117714;6798740;10602302;87836;6151498;11726237;182146;0;208
FR;2;2022-04-14;115;226;1085;2677;113;919;2911;0;18;6117829;6798966;10603387;90513;6151611;11727156;185057;0;226
FR;2;2022-04-15;114;258;1217;2293;128;1074;2533;0;7;6117943;6799224;10604604;92806;6151739;11728230;187590;0;233
FR;2;2022-04-16;67;108;548;549;68;459;675;0;9;6118010;6799332;10605152;93355;6151807;11728689;188265;0;242
FR;2;2022-04-17;15;27;57;53;16;53;71;0;0;6118025;6799359;10605209;93408;6151823;11728742;188336;0;242
FR;2;2022-04-18;12;35;121;70;18;116;95;0;0;6118037;6799394;10605330;93478;6151841;11728858;188431;0;242
FR;2;2022-04-19;112;237;1120;1731;149;951;1915;0;9;6118149;6799631;10606450;95209;6151990;11729809;190346;0;251
FR;2;2022-04-20;95;241;1110;2172;125;934;2366;0;14;6118244;6799872;10607560;97381;6152115;11730743;192712;0;265
FR;2;2022-04-21;111;233;983;1912;125;838;2141;0;10;6118355;6800105;10608543;99293;6152240;11731581;194853;0;275
FR;2;2022-04-22;100;276;1242;2092;141;1023;2430;0;11;6118455;6800381;10609785;101385;6152381;11732604;197283;0;286
FR;2;2022-04-23;67;156;645;762;107;574;862;0;8;6118522;6800537;10610430;102147;6152488;11733178;198145;0;294
FR;2;2022-04-24;12;29;101;68;11;79;100;0;0;6118534;6800566;10610531;102215;6152499;11733257;198245;0;294
FR;2;2022-04-25;103;204;821;1315;104;711;1513;0;15;6118637;6800770;10611352;103530;6152603;11733968;199758;0;309
FR;2;2022-04-26;108;184;1041;2018;118;878;2216;0;18;6118745;6800954;10612393;105548;6152721;11734846;201974;0;327
FR;2;2022-04-27;98;179;860;1783;120;764;1805;0;7;6118843;6801133;10613253;107331;6152841;11735610;203779;0;334
FR;2;2022-04-28;93;214;950;1931;128;843;2087;0;12;6118936;6801347;10614203;109262;6152969;11736453;205866;0;346
FR;2;2022-04-29;81;280;1130;1696;131;1040;1874;0;11;6119017;6801627;10615333;110958;6153100;11737493;207740;0;357
FR;2;2022-04-30;66;126;471;539;79;430;627;0;9;6119083;6801753;10615804;111497;6153179;11737923;208367;0;366
FR;2;2022-05-01;23;24;84;49;20;85;61;0;1;6119106;6801777;10615888;111546;6153199;11738008;208428;0;367
FR;2;2022-05-02;115;232;762;1216;141;660;1374;0;5;6119221;6802009;10616650;112762;6153340;11738668;209802;0;372
FR;2;2022-05-03;152;233;999;1780;156;938;1894;0;14;6119373;6802242;10617649;114542;6153496;11739606;211696;0;386
FR;2;2022-05-04;90;226;924;1810;116;867;1821;0;13;6119463;6802468;10618573;116352;6153612;11740473;213517;0;399
FR;2;2022-05-05;127;197;853;1720;146;770;1836;0;10;6119590;6802665;10619426;118072;6153758;11741243;215353;0;409
FR;2;2022-05-06;133;246;1100;1855;139;1016;2052;0;16;6119723;6802911;10620526;119927;6153897;11742259;217405;0;425
FR;2;2022-05-07;40;99;470;504;61;406;593;0;4;6119763;6803010;10620996;120431;6153958;11742665;217998;0;429
FR;2;2022-05-08;48;54;107;70;41;102;100;0;0;6119811;6803064;10621103;120501;6153999;11742767;218098;0;429
FR;2;2022-05-09;101;174;654;986;103;604;1130;0;9;6119912;6803238;10621757;121487;6154102;11743371;219228;0;438
FR;2;2022-05-10;121;252;938;1840;155;893;1964;0;23;6120033;6803490;10622695;123327;6154257;11744264;221192;0;461
FR;2;2022-05-11;101;178;813;1873;116;792;1862;0;8;6120134;6803668;10623508;125200;6154373;11745056;223054;0;469
FR;2;2022-05-12;111;173;845;2095;115;803;2212;0;21;6120245;6803841;10624353;127295;6154488;11745859;225266;0;490
FR;2;2022-05-13;100;235;969;2096;121;900;2272;0;13;6120345;6804076;10625322;129391;6154609;11746759;227538;0;503
FR;2;2022-05-14;76;124;451;553;93;411;632;0;6;6120421;6804200;10625773;129944;6154702;11747170;228170;0;509
FR;2;2022-05-15;24;39;94;88;20;108;95;0;1;6120445;6804239;10625867;130032;6154722;11747278;228265;0;510
FR;2;2022-05-16;102;170;601;925;115;537;1037;0;11;6120547;6804409;10626468;130957;6154837;11747815;229302;0;521
FR;2;2022-05-17;95;184;690;1685;119;658;1737;0;8;6120642;6804593;10627158;132642;6154956;11748473;231039;0;529
FR;2;2022-05-18;80;181;642;1431;97;647;1486;0;10;6120722;6804774;10627800;134073;6155053;11749120;232525;0;539
FR;2;2022-05-19;73;161;708;1831;81;751;1816;0;12;6120795;6804935;10628508;135904;6155134;11749871;234341;0;551
FR;2;2022-05-20;107;180;874;1701;110;779;1849;0;17;6120902;6805115;10629382;137605;6155244;11750650;236190;0;568
FR;2;2022-05-21;48;96;397;517;71;338;581;0;8;6120950;6805211;10629779;138122;6155315;11750988;236771;0;576
FR;2;2022-05-22;8;23;69;37;18;57;56;0;0;6120958;6805234;10629848;138159;6155333;11751045;236827;0;576
FR;2;2022-05-23;86;133;498;932;100;469;968;0;7;6121044;6805367;10630346;139091;6155433;11751514;237795;0;583
FR;2;2022-05-24;87;164;627;1626;103;615;1680;0;17;6121131;6805531;10630973;140717;6155536;11752129;239475;0;600
FR;2;2022-05-25;72;145;539;1148;90;493;1259;0;5;6121203;6805676;10631512;141865;6155626;11752622;240734;0;605
FR;2;2022-05-26;11;31;77;45;13;85;56;0;1;6121214;6805707;10631589;141910;6155639;11752707;240790;0;606
FR;2;2022-05-27;44;124;456;818;68;438;893;0;9;6121258;6805831;10632045;142728;6155707;11753145;241683;0;615
FR;2;2022-05-28;28;60;221;244;29;221;266;0;1;6121286;6805891;10632266;142972;6155736;11753366;241949;0;616
FR;2;2022-05-29;13;34;43;25;22;51;28;0;0;6121299;6805925;10632309;142997;6155758;11753417;241977;0;616
FR;2;2022-05-30;65;109;424;755;60;409;806;0;6;6121364;6806034;10632733;143752;6155818;11753826;242783;0;622
FR;2;2022-05-31;76;135;564;1276;92;511;1302;0;12;6121440;6806169;10633297;145028;6155910;11754337;244085;0;634
FR;2;2022-06-01;59;158;562;1075;84;541;1170;0;6;6121499;6806327;10633859;146103;6155994;11754878;245255;0;640
FR;2;2022-06-02;92;178;625;1413;109;592;1519;0;12;6121591;6806505;10634484;147516;6156103;11755470;246774;0;652
FR;2;2022-06-03;71;155;668;1604;94;594;1693;0;19;6121662;6806660;10635152;149120;6156197;11756064;248467;0;671
FR;2;2022-06-04;69;93;283;433;66;269;475;0;11;6121731;6806753;10635435;149553;6156263;11756333;248942;0;682
FR;2;2022-06-05;12;17;63;57;16;47;74;0;1;6121743;6806770;10635498;149610;6156279;11756380;249016;0;683
FR;2;2022-06-06;11;39;92;75;28;92;80;0;3;6121754;6806809;10635590;149685;6156307;11756472;249096;0;686
FR;2;2022-06-07;99;222;667;1535;155;577;1661;0;10;6121853;6807031;10636257;151220;6156462;11757049;250757;0;696
FR;2;2022-06-08;70;118;475;1166;76;411;1261;0;5;6121923;6807149;10636732;152386;6156538;11757460;252018;0;701
FR;2;2022-06-09;93;166;613;1922;107;571;1927;0;18;6122016;6807315;10637345;154308;6156645;11758031;253945;0;719
FR;2;2022-06-10;91;167;650;1683;107;621;1774;0;23;6122107;6807482;10637995;155991;6156752;11758652;255719;0;742
FR;2;2022-06-11;43;84;287;529;41;258;583;0;5;6122150;6807566;10638282;156520;6156793;11758910;256302;0;747
FR;2;2022-06-12;18;38;58;78;27;60;78;0;0;6122168;6807604;10638340;156598;6156820;11758970;256380;0;747
FR;2;2022-06-13;39;119;393;953;63;378;1019;0;6;6122207;6807723;10638733;157551;6156883;11759348;257399;0;753
FR;2;2022-06-14;68;157;599;2087;101;537;2188;0;14;6122275;6807880;10639332;159638;6156984;11759885;259587;0;767
FR;2;2022-06-15;78;104;520;1503;84;444;1638;0;10;6122353;6807984;10639852;161141;6157068;11760329;261225;0;777
FR;2;2022-06-16;127;127;496;1411;122;423;1526;0;12;6122480;6808111;10640348;162552;6157190;11760752;262751;0;789
FR;2;2022-06-17;73;137;588;1817;87;515;1921;0;16;6122553;6808248;10640936;164369;6157277;11761267;264672;0;805
FR;2;2022-06-18;76;93;224;578;81;196;629;0;4;6122629;6808341;10641160;164947;6157358;11761463;265301;0;809
FR;2;2022-06-19;11;17;53;71;7;41;90;0;2;6122640;6808358;10641213;165018;6157365;11761504;265391;0;811
FR;2;2022-06-20;62;125;401;1027;71;392;1104;0;10;6122702;6808483;10641614;166045;6157436;11761896;266495;0;821
FR;2;2022-06-21;107;115;525;2124;104;454;2161;0;22;6122809;6808598;10642139;168169;6157540;11762350;268656;0;843
FR;2;2022-06-22;39;110;462;1889;57;415;1971;0;25;6122848;6808708;10642601;170058;6157597;11762765;270627;0;868
FR;2;2022-06-23;58;108;537;2282;67;452;2400;0;30;6122906;6808816;10643138;172340;6157664;11763217;273027;0;898
FR;2;2022-06-24;66;122;709;3198;67;571;3338;0;38;6122972;6808938;10643847;175538;6157731;11763788;276365;0;936
FR;2;2022-06-25;30;90;298;987;55;254;1040;0;13;6123002;6809028;10644145;176525;6157786;11764042;277405;0;949
FR;2;2022-06-26;30;27;131;194;29;97;236;0;5;6123032;6809055;10644276;176719;6157815;11764139;277641;0;954
FR;2;2022-06-27;79;137;582;2488;94;483;2621;0;39;6123111;6809192;10644858;179207;6157909;11764622;280262;0;993
FR;2;2022-06-28;108;140;812;4817;80;650;4894;0;54;6123219;6809332;10645670;184024;6157989;11765272;285156;0;1047
FR;2;2022-06-29;73;150;776;4433;80;637;4529;0;56;6123292;6809482;10646446;188457;6158069;11765909;289685;0;1103
FR;2;2022-06-30;72;133;832;5177;71;618;5397;0;79;6123364;6809615;10647278;193634;6158140;11766527;295082;0;1182
FR;2;2022-07-01;113;161;1150;6691;95;851;6943;0;92;6123477;6809776;10648428;200325;6158235;11767378;302025;0;1274
FR;2;2022-07-02;69;132;474;1976;82;392;2067;0;27;6123546;6809908;10648902;202301;6158317;11767770;304092;0;1301
FR;2;2022-07-03;23;30;146;334;21;130;357;0;8;6123569;6809938;10649048;202635;6158338;11767900;304449;0;1309
FR;2;2022-07-04;120;182;775;3785;110;612;3972;0;49;6123689;6810120;10649823;206420;6158448;11768512;308421;0;1358
FR;2;2022-07-05;119;187;1121;6818;120;828;6999;0;85;6123808;6810307;10650944;213238;6158568;11769340;315420;0;1443
FR;2;2022-07-06;92;150;951;5807;92;697;5933;0;84;6123900;6810457;10651895;219045;6158660;11770037;321353;0;1527
FR;2;2022-07-07;81;185;1020;6501;115;751;6732;0;101;6123981;6810642;10652915;225546;6158775;11770788;328085;0;1628
FR;2;2022-07-08;65;122;1095;7044;51;758;7235;0;123;6124046;6810764;10654010;232590;6158826;11771546;335320;0;1751
FR;2;2022-07-09;34;62;418;1869;31;299;1920;0;33;6124080;6810826;10654428;234459;6158857;11771845;337240;0;1784
FR;2;2022-07-10;6;17;96;315;8;82;327;0;5;6124086;6810843;10654524;234774;6158865;11771927;337567;0;1789
FR;2;2022-07-11;68;120;683;3825;75;540;3901;0;67;6124154;6810963;10655207;238599;6158940;11772467;341468;0;1856
FR;2;2022-07-12;102;180;1054;6517;107;809;6725;0;119;6124256;6811143;10656261;245116;6159047;11773276;348193;0;1975
FR;2;2022-07-13;64;126;879;4664;74;591;4830;0;78;6124320;6811269;10657140;249780;6159121;11773867;353023;0;2053
FR;2;2022-07-14;6;13;88;248;8;59;267;0;8;6124326;6811282;10657228;250028;6159129;11773926;353290;0;2061
FR;2;2022-07-15;61;129;739;3793;53;560;3959;0;75;6124387;6811411;10657967;253821;6159182;11774486;357249;0;2136
FR;2;2022-07-16;27;54;289;1029;30;242;1075;0;25;6124414;6811465;10658256;254850;6159212;11774728;358324;0;2161
FR;2;2022-07-17;5;12;77;201;6;66;207;0;6;6124419;6811477;10658333;255051;6159218;11774794;358531;0;2167
FR;2;2022-07-18;57;103;514;2509;61;384;2648;0;59;6124476;6811580;10658847;257560;6159279;11775178;361179;0;2226
FR;2;2022-07-19;66;133;770;4254;72;555;4443;0;72;6124542;6811713;10659617;261814;6159351;11775733;365622;0;2298
FR;2;2022-07-20;59;117;582;3179;68;430;3278;0;87;6124601;6811830;10660199;264993;6159419;11776163;368900;0;2385
FR;2;2022-07-21;60;110;671;3680;73;485;3797;0;105;6124661;6811940;10660870;268673;6159492;11776648;372697;0;2490
FR;2;2022-07-22;51;99;698;3548;48;506;3697;0;80;6124712;6812039;10661568;272221;6159540;11777154;376394;0;2570
FR;2;2022-07-23;39;97;290;1173;52;229;1226;0;37;6124751;6812136;10661858;273394;6159592;11777383;377620;0;2607
FR;2;2022-07-24;14;24;68;201;19;67;203;0;7;6124765;6812160;10661926;273595;6159611;11777450;377823;0;2614
FR;2;2022-07-25;50;71;405;1938;60;300;2000;0;56;6124815;6812231;10662331;275533;6159671;11777750;379823;0;2670
FR;2;2022-07-26;57;133;606;3423;66;477;3496;0;113;6124872;6812364;10662937;278956;6159737;11778227;383319;0;2783
FR;2;2022-07-27;42;81;457;2782;50;361;2801;0;89;6124914;6812445;10663394;281738;6159787;11778588;386120;0;2872
FR;2;2022-07-28;29;75;450;2485;36;357;2489;0;78;6124943;6812520;10663844;284223;6159823;11778945;388609;0;2950
FR;2;2022-07-29;68;88;535;2857;63;347;2978;0;72;6125011;6812608;10664379;287080;6159886;11779292;391587;0;3022
FR;2;2022-07-30;22;39;162;775;32;110;794;0;24;6125033;6812647;10664541;287855;6159918;11779402;392381;0;3046
FR;2;2022-07-31;6;13;27;104;12;21;110;0;2;6125039;6812660;10664568;287959;6159930;11779423;392491;0;3048
FR;2;2022-08-01;38;105;323;1261;73;260;1343;0;29;6125077;6812765;10664891;289220;6160003;11779683;393834;0;3077
FR;2;2022-08-02;49;75;325;2060;50;247;2096;0;78;6125126;6812840;10665216;291280;6160053;11779930;395930;0;3155
FR;2;2022-08-03;29;53;259;1611;25;187;1617;0;57;6125155;6812893;10665475;292891;6160078;11780117;397547;0;3212
FR;2;2022-08-04;40;65;306;1692;39;240;1701;0;66;6125195;6812958;10665781;294583;6160117;11780357;399248;0;3278
FR;2;2022-08-05;33;94;328;1880;67;236;1911;0;60;6125228;6813052;10666109;296463;6160184;11780593;401159;0;3338
FR;2;2022-08-06;22;41;106;365;29;82;372;0;10;6125250;6813093;10666215;296828;6160213;11780675;401531;0;3348
FR;2;2022-08-07;7;8;15;69;5;16;71;0;3;6125257;6813101;10666230;296897;6160218;11780691;401602;0;3351
FR;2;2022-08-08;19;35;218;877;22;146;915;0;33;6125276;6813136;10666448;297774;6160240;11780837;402517;0;3384
FR;2;2022-08-09;29;51;279;1475;40;238;1471;0;50;6125305;6813187;10666727;299249;6160280;11781075;403988;0;3434
FR;2;2022-08-10;15;21;213;1133;18;150;1154;0;46;6125320;6813208;10666940;300382;6160298;11781225;405142;0;3480
FR;2;2022-08-11;21;41;174;1038;26;117;1047;0;40;6125341;6813249;10667114;301420;6160324;11781342;406189;0;3520
FR;2;2022-08-12;36;49;184;1046;37;140;1069;0;35;6125377;6813298;10667298;302466;6160361;11781482;407258;0;3555
FR;2;2022-08-13;9;19;47;149;15;53;137;0;5;6125386;6813317;10667345;302615;6160376;11781535;407395;0;3560
FR;2;2022-08-14;1;2;12;52;1;11;54;0;1;6125387;6813319;10667357;302667;6160377;11781546;407449;0;3561
FR;2;2022-08-15;0;5;32;22;2;21;21;0;3;6125387;6813324;10667389;302689;6160379;11781567;407470;0;3564
FR;2;2022-08-16;27;32;144;681;33;120;678;0;33;6125414;6813356;10667533;303370;6160412;11781687;408148;0;3597
FR;2;2022-08-17;17;26;109;738;18;88;744;0;34;6125431;6813382;10667642;304108;6160430;11781775;408892;0;3631
FR;2;2022-08-18;14;28;160;836;12;107;852;0;42;6125445;6813410;10667802;304944;6160442;11781882;409744;0;3673
FR;2;2022-08-19;8;38;118;706;31;88;706;0;33;6125453;6813448;10667920;305650;6160473;11781970;410450;0;3706
FR;2;2022-08-20;6;26;61;197;16;52;201;0;8;6125459;6813474;10667981;305847;6160489;11782022;410651;0;3714
FR;2;2022-08-21;4;14;15;19;6;13;31;0;0;6125463;6813488;10667996;305866;6160495;11782035;410682;0;3714
FR;2;2022-08-22;11;25;116;395;17;73;451;0;13;6125474;6813513;10668112;306261;6160512;11782108;411133;0;3727
FR;2;2022-08-23;11;41;134;671;22;112;679;0;38;6125485;6813554;10668246;306932;6160534;11782220;411812;0;3765
FR;2;2022-08-24;11;28;87;466;21;80;472;0;18;6125496;6813582;10668333;307398;6160555;11782300;412284;0;3783
FR;2;2022-08-25;8;32;109;481;16;69;516;0;17;6125504;6813614;10668442;307879;6160571;11782369;412800;0;3800
FR;2;2022-08-26;15;46;117;720;36;91;713;0;32;6125519;6813660;10668559;308599;6160607;11782460;413513;0;3832
FR;2;2022-08-27;10;19;47;156;16;42;164;0;2;6125529;6813679;10668606;308755;6160623;11782502;413677;0;3834
FR;2;2022-08-28;1;5;5;15;1;7;16;0;1;6125530;6813684;10668611;308770;6160624;11782509;413693;0;3835
FR;2;2022-08-29;24;43;93;400;29;87;396;0;24;6125554;6813727;10668704;309170;6160653;11782596;414089;0;3859
FR;2;2022-08-30;31;54;154;791;34;119;798;0;29;6125585;6813781;10668858;309961;6160687;11782715;414887;0;3888
FR;2;2022-08-31;19;35;85;392;22;79;393;0;25;6125604;6813816;10668943;310353;6160709;11782794;415280;0;3913
FR;2;2022-09-01;19;42;139;600;24;122;609;0;36;6125623;6813858;10669082;310953;6160733;11782916;415889;0;3949
FR;2;2022-09-02;34;56;146;744;34;158;748;0;32;6125657;6813914;10669228;311697;6160767;11783074;416637;0;3981
FR;2;2022-09-03;17;20;83;205;11;67;213;0;7;6125674;6813934;10669311;311902;6160778;11783141;416850;0;3988
FR;2;2022-09-04;8;5;9;31;2;10;30;0;3;6125682;6813939;10669320;311933;6160780;11783151;416880;0;3991
FR;2;2022-09-05;29;29;125;367;23;96;396;0;24;6125711;6813968;10669445;312300;6160803;11783247;417276;0;4015
FR;2;2022-09-06;43;62;158;761;42;153;767;0;36;6125754;6814030;10669603;313061;6160845;11783400;418043;0;4051
FR;2;2022-09-07;21;20;74;375;16;49;387;0;22;6125775;6814050;10669677;313436;6160861;11783449;418430;0;4073
FR;2;2022-09-08;31;57;109;636;40;100;646;0;22;6125806;6814107;10669786;314072;6160901;11783549;419076;0;4095
FR;2;2022-09-09;18;24;126;752;21;74;745;0;46;6125824;6814131;10669912;314824;6160922;11783623;419821;0;4141
FR;2;2022-09-10;14;24;57;117;16;48;131;0;4;6125838;6814155;10669969;314941;6160938;11783671;419952;0;4145
FR;2;2022-09-11;11;5;11;11;2;13;13;0;0;6125849;6814160;10669980;314952;6160940;11783684;419965;0;4145
FR;2;2022-09-12;20;30;69;340;25;55;352;0;16;6125869;6814190;10670049;315292;6160965;11783739;420317;0;4161
FR;2;2022-09-13;15;34;125;670;13;99;674;0;40;6125884;6814224;10670174;315962;6160978;11783838;420991;0;4201
FR;2;2022-09-14;19;21;81;480;19;59;478;0;36;6125903;6814245;10670255;316442;6160997;11783897;421469;0;4237
FR;2;2022-09-15;22;43;126;486;25;102;493;0;47;6125925;6814288;10670381;316928;6161022;11783999;421962;0;4284
FR;2;2022-09-16;21;31;124;563;17;89;585;0;39;6125946;6814319;10670505;317491;6161039;11784088;422547;0;4323
FR;2;2022-09-17;6;20;56;160;15;52;147;0;13;6125952;6814339;10670561;317651;6161054;11784140;422694;0;4336
FR;2;2022-09-18;4;7;13;37;6;10;37;0;3;6125956;6814346;10670574;317688;6161060;11784150;422731;0;4339
FR;2;2022-09-19;26;24;114;353;16;87;381;0;22;6125982;6814370;10670688;318041;6161076;11784237;423112;0;4361
FR;2;2022-09-20;27;27;117;624;21;84;639;0;38;6126009;6814397;10670805;318665;6161097;11784321;423751;0;4399
FR;2;2022-09-21;15;30;100;393;15;78;418;0;22;6126024;6814427;10670905;319058;6161112;11784399;424169;0;4421
FR;2;2022-09-22;16;39;124;581;18;95;619;0;28;6126040;6814466;10671029;319639;6161130;11784494;424788;0;4449
FR;2;2022-09-23;21;38;135;555;22;111;570;0;39;6126061;6814504;10671164;320194;6161152;11784605;425358;0;4488
FR;2;2022-09-24;10;8;51;190;6;36;201;0;6;6126071;6814512;10671215;320384;6161158;11784641;425559;0;4494
FR;2;2022-09-25;9;11;14;29;11;11;33;0;5;6126080;6814523;10671229;320413;6161169;11784652;425592;0;4499
FR;2;2022-09-26;22;41;106;447;27;79;458;0;20;6126102;6814564;10671335;320860;6161196;11784731;426050;0;4519
FR;2;2022-09-27;30;46;161;906;35;108;861;0;52;6126132;6814610;10671496;321766;6161231;11784839;426911;0;4571
FR;2;2022-09-28;15;31;93;421;18;74;439;0;23;6126147;6814641;10671589;322187;6161249;11784913;427350;0;4594
FR;2;2022-09-29;26;48;114;618;23;110;630;0;33;6126173;6814689;10671703;322805;6161272;11785023;427980;0;4627
FR;2;2022-09-30;25;44;111;520;44;84;533;0;31;6126198;6814733;10671814;323325;6161316;11785107;428513;0;4658
FR;2;2022-10-01;11;20;51;128;20;36;129;0;8;6126209;6814753;10671865;323453;6161336;11785143;428642;0;4666
FR;2;2022-10-02;0;5;8;21;4;5;25;0;2;6126209;6814758;10671873;323474;6161340;11785148;428667;0;4668
FR;2;2022-10-03;22;30;83;291;26;66;306;0;22;6126231;6814788;10671956;323765;6161366;11785214;428973;0;4690
FR;2;2022-10-04;17;21;106;602;19;71;621;0;46;6126248;6814809;10672062;324367;6161385;11785285;429594;0;4736
FR;2;2022-10-05;20;29;75;491;24;67;488;0;54;6126268;6814838;10672137;324858;6161409;11785352;430082;0;4790
FR;2;2022-10-06;30;23;74;442;17;71;428;0;65;6126298;6814861;10672211;325300;6161426;11785423;430510;0;4855
FR;2;2022-10-07;21;30;86;499;26;66;503;0;42;6126319;6814891;10672297;325799;6161452;11785489;431013;0;4897
FR;2;2022-10-08;12;8;23;114;3;24;108;0;12;6126331;6814899;10672320;325913;6161455;11785513;431121;0;4909
FR;2;2022-10-09;1;8;15;17;6;11;22;0;5;6126332;6814907;10672335;325930;6161461;11785524;431143;0;4914
FR;2;2022-10-10;18;24;47;223;22;49;218;0;21;6126350;6814931;10672382;326153;6161483;11785573;431361;0;4935
FR;2;2022-10-11;16;15;47;253;11;39;240;0;52;6126366;6814946;10672429;326406;6161494;11785612;431601;0;4987
FR;2;2022-10-12;8;17;52;290;13;36;305;0;56;6126374;6814963;10672481;326696;6161507;11785648;431906;0;5043
FR;2;2022-10-13;11;14;48;271;9;48;262;0;25;6126385;6814977;10672529;326967;6161516;11785696;432168;0;5068
FR;2;2022-10-14;12;28;36;229;17;39;230;0;29;6126397;6815005;10672565;327196;6161533;11785735;432398;0;5097
FR;2;2022-10-15;4;10;22;111;4;17;113;0;15;6126401;6815015;10672587;327307;6161537;11785752;432511;0;5112
FR;2;2022-10-16;0;5;4;10;5;6;8;0;0;6126401;6815020;10672591;327317;6161542;11785758;432519;0;5112
FR;2;2022-10-17;15;17;31;122;16;26;132;0;29;6126416;6815037;10672622;327439;6161558;11785784;432651;0;5141
FR;2;2022-10-18;13;11;68;181;5;34;217;0;41;6126429;6815048;10672690;327620;6161563;11785818;432868;0;5182
FR;2;2022-10-19;8;17;36;182;12;30;184;0;42;6126437;6815065;10672726;327802;6161575;11785848;433052;0;5224
FR;2;2022-10-20;11;29;41;200;15;40;196;0;52;6126448;6815094;10672767;328002;6161590;11785888;433248;0;5276
FR;2;2022-10-21;5;15;60;232;6;53;222;0;30;6126453;6815109;10672827;328234;6161596;11785941;433470;0;5306
FR;2;2022-10-22;8;7;25;101;2;23;102;0;20;6126461;6815116;10672852;328335;6161598;11785964;433572;0;5326
FR;2;2022-10-23;0;3;1;5;3;0;6;0;2;6126461;6815119;10672853;328340;6161601;11785964;433578;0;5328
FR;2;2022-10-24;12;12;16;109;12;16;112;0;20;6126473;6815131;10672869;328449;6161613;11785980;433690;0;5348
FR;2;2022-10-25;12;7;23;138;6;15;145;0;51;6126485;6815138;10672892;328587;6161619;11785995;433835;0;5399
FR;2;2022-10-26;4;3;16;90;2;11;95;0;27;6126489;6815141;10672908;328677;6161621;11786006;433930;0;5426
FR;2;2022-10-27;7;9;18;86;9;20;69;0;26;6126496;6815150;10672926;328763;6161630;11786026;433999;0;5452
FR;2;2022-10-28;5;3;15;91;3;7;92;0;27;6126501;6815153;10672941;328854;6161633;11786033;434091;0;5479
FR;2;2022-10-29;7;8;18;33;6;14;37;0;8;6126508;6815161;10672959;328887;6161639;11786047;434128;0;5487
FR;2;2022-10-30;3;7;5;8;5;2;5;0;1;6126511;6815168;10672964;328895;6161644;11786049;434133;0;5488
FR;2;2022-10-31;2;8;6;49;6;10;48;0;11;6126513;6815176;10672970;328944;6161650;11786059;434181;0;5499
FR;2;2022-11-01;0;0;7;1;0;5;3;0;0;6126513;6815176;10672977;328945;6161650;11786064;434184;0;5499
FR;2;2022-11-02;6;5;12;44;5;12;45;0;11;6126519;6815181;10672989;328989;6161655;11786076;434229;0;5510
FR;2;2022-11-03;6;7;15;77;6;10;74;0;18;6126525;6815188;10673004;329066;6161661;11786086;434303;0;5528
FR;2;2022-11-04;7;12;14;85;10;14;92;0;10;6126532;6815200;10673018;329151;6161671;11786100;434395;0;5538
FR;2;2022-11-05;0;11;12;38;6;16;35;0;6;6126532;6815211;10673030;329189;6161677;11786116;434430;0;5544
FR;2;2022-11-06;0;1;2;1;0;3;0;0;2;6126532;6815212;10673032;329190;6161677;11786119;434430;0;5546
FR;2;2022-11-07;11;7;14;66;5;13;65;0;20;6126543;6815219;10673046;329256;6161682;11786132;434495;0;5566
FR;2;2022-11-08;10;6;18;58;4;14;65;0;27;6126553;6815225;10673064;329314;6161686;11786146;434560;0;5593
FR;2;2022-11-09;4;5;17;56;2;17;50;0;28;6126557;6815230;10673081;329370;6161688;11786163;434610;0;5621
FR;2;2022-11-10;7;10;17;74;7;14;76;0;14;6126564;6815240;10673098;329444;6161695;11786177;434686;0;5635
FR;2;2022-11-11;0;3;7;3;0;8;4;0;0;6126564;6815243;10673105;329447;6161695;11786185;434690;0;5635
FR;2;2022-11-12;2;5;7;19;4;7;19;0;4;6126566;6815248;10673112;329466;6161699;11786192;434709;0;5639
FR;2;2022-11-13;2;2;3;2;1;4;1;0;0;6126568;6815250;10673115;329468;6161700;11786196;434710;0;5639
FR;2;2022-11-14;4;6;11;29;3;8;33;0;7;6126572;6815256;10673126;329497;6161703;11786204;434743;0;5646
FR;2;2022-11-15;6;12;14;35;13;17;32;0;7;6126578;6815268;10673140;329532;6161716;11786221;434775;0;5653
FR;2;2022-11-16;4;3;4;45;3;4;46;0;18;6126582;6815271;10673144;329577;6161719;11786225;434821;0;5671
FR;2;2022-11-17;2;6;11;53;5;8;52;0;22;6126584;6815277;10673155;329630;6161724;11786233;434873;0;5693
FR;2;2022-11-18;3;4;7;41;4;6;44;0;10;6126587;6815281;10673162;329671;6161728;11786239;434917;0;5703
FR;2;2022-11-19;3;2;2;25;2;3;18;0;5;6126590;6815283;10673164;329696;6161730;11786242;434935;0;5708
FR;2;2022-11-20;0;2;6;8;2;6;10;0;25;6126590;6815285;10673170;329704;6161732;11786248;434945;0;5733
FR;2;2022-11-21;6;8;9;31;5;8;34;0;22;6126596;6815293;10673179;329735;6161737;11786256;434979;0;5755
FR;2;2022-11-22;8;8;20;65;6;21;70;0;71;6126604;6815301;10673199;329800;6161743;11786277;435049;0;5826
FR;2;2022-11-23;7;6;8;67;3;5;72;0;8;6126611;6815307;10673207;329867;6161746;11786282;435121;0;5834
FR;2;2022-11-24;2;2;11;50;2;7;57;0;10;6126613;6815309;10673218;329917;6161748;11786289;435178;0;5844
FR;2;2022-11-25;11;8;11;25;11;13;26;0;8;6126624;6815317;10673229;329942;6161759;11786302;435204;0;5852
FR;2;2022-11-26;1;5;3;8;4;6;6;0;0;6126625;6815322;10673232;329950;6161763;11786308;435210;0;5852
FR;2;2022-11-27;2;2;12;2;0;11;4;0;1;6126627;6815324;10673244;329952;6161763;11786319;435214;0;5853
FR;2;2022-11-28;0;2;7;35;1;5;37;0;5;6126627;6815326;10673251;329987;6161764;11786324;435251;0;5858
FR;2;2022-11-29;1;1;9;24;0;3;30;0;8;6126628;6815327;10673260;330011;6161764;11786327;435281;0;5866
FR;2;2022-11-30;2;1;9;47;0;10;44;0;21;6126630;6815328;10673269;330058;6161764;11786337;435325;0;5887
FR;2;2022-12-01;2;7;4;57;4;12;49;0;23;6126632;6815335;10673273;330115;6161768;11786349;435374;0;5910
FR;2;2022-12-02;1;1;10;52;1;8;52;0;27;6126633;6815336;10673283;330167;6161769;11786357;435426;0;5937
FR;2;2022-12-03;1;3;3;19;1;3;18;0;10;6126634;6815339;10673286;330186;6161770;11786360;435444;0;5947
FR;2;2022-12-04;0;0;0;4;0;0;4;0;0;6126634;6815339;10673286;330190;6161770;11786360;435448;0;5947
FR;2;2022-12-05;3;1;4;49;4;1;42;0;16;6126637;6815340;10673290;330239;6161774;11786361;435490;0;5963
FR;2;2022-12-06;3;4;11;41;3;6;41;0;17;6126640;6815344;10673301;330280;6161777;11786367;435531;0;5980
FR;2;2022-12-07;1;3;8;42;2;6;44;0;11;6126641;6815347;10673309;330322;6161779;11786373;435575;0;5991
FR;2;2022-12-08;0;2;10;44;0;5;49;0;16;6126641;6815349;10673319;330366;6161779;11786378;435624;0;6007
FR;2;2022-12-09;0;1;10;53;0;7;57;0;16;6126641;6815350;10673329;330419;6161779;11786385;435681;0;6023
FR;2;2022-12-10;0;0;8;48;0;0;48;0;8;6126641;6815350;10673337;330467;6161779;11786385;435729;0;6031
FR;2;2022-12-11;0;0;2;2;0;2;1;0;3;6126641;6815350;10673339;330469;6161779;11786387;435730;0;6034
FR;2;2022-12-12;0;0;4;36;0;4;35;0;9;6126641;6815350;10673343;330505;6161779;11786391;435765;0;6043
FR;2;2022-12-13;0;2;1;37;1;1;36;0;14;6126641;6815352;10673344;330542;6161780;11786392;435801;0;6057
FR;2;2022-12-14;0;2;6;25;2;2;30;0;13;6126641;6815354;10673350;330567;6161782;11786394;435831;0;6070
FR;2;2022-12-15;0;2;6;42;2;3;43;0;17;6126641;6815356;10673356;330609;6161784;11786397;435874;0;6087
FR;2;2022-12-16;2;4;13;55;3;9;59;0;15;6126643;6815360;10673369;330664;6161787;11786406;435933;0;6102
FR;2;2022-12-17;1;2;6;44;2;1;39;0;4;6126644;6815362;10673375;330708;6161789;11786407;435972;0;6106
FR;2;2022-12-18;1;0;0;0;0;0;0;0;1;6126645;6815362;10673375;330708;6161789;11786407;435972;0;6107
FR;2;2022-12-19;5;1;1;23;0;2;21;0;23;6126650;6815363;10673376;330731;6161789;11786409;435993;0;6130
FR;3;2020-12-27;0;0;0;0;0;0;0;0;0;0;0;0;0;0;0;0;0;0
FR;3;2020-12-28;0;0;0;0;0;0;0;0;0;0;0;0;0;0;0;0;0;0
FR;3;2020-12-29;0;0;0;0;0;0;0;0;0;0;0;0;0;0;0;0;0;0
FR;3;2020-12-30;0;0;0;0;0;0;0;0;0;0;0;0;0;0;0;0;0;0
FR;3;2020-12-31;0;0;0;0;0;0;0;0;0;0;0;0;0;0;0;0;0;0
FR;3;2021-01-01;0;0;0;0;0;0;0;0;0;0;0;0;0;0;0;0;0;0
FR;3;2021-01-02;0;0;0;0;0;0;0;0;0;0;0;0;0;0;0;0;0;0
FR;3;2021-01-03;0;0;0;0;0;0;0;0;0;0;0;0;0;0;0;0;0;0
FR;3;2021-01-04;0;0;0;0;0;0;0;0;0;0;0;0;0;0;0;0;0;0
FR;3;2021-01-05;0;0;0;0;0;0;0;0;0;0;0;0;0;0;0;0;0;0
FR;3;2021-01-06;0;0;0;0;0;0;0;0;0;0;0;0;0;0;0;0;0;0
FR;3;2021-01-07;0;0;0;0;0;0;0;0;0;0;0;0;0;0;0;0;0;0
FR;3;2021-01-08;0;0;0;0;0;0;0;0;0;0;0;0;0;0;0;0;0;0
FR;3;2021-01-09;0;0;0;0;0;0;0;0;0;0;0;0;0;0;0;0;0;0
FR;3;2021-01-10;0;0;0;0;0;0;0;0;0;0;0;0;0;0;0;0;0;0
FR;3;2021-01-11;0;0;0;0;0;0;0;0;0;0;0;0;0;0;0;0;0;0
FR;3;2021-01-12;0;0;0;0;0;0;0;0;0;0;0;0;0;0;0;0;0;0
FR;3;2021-01-13;0;0;0;0;0;0;0;0;0;0;0;0;0;0;0;0;0;0
FR;3;2021-01-14;0;0;0;0;0;0;0;0;0;0;0;0;0;0;0;0;0;0
FR;3;2021-01-15;0;0;0;0;0;0;0;0;0;0;0;0;0;0;0;0;0;0
FR;3;2021-01-16;0;0;0;0;0;0;0;0;0;0;0;0;0;0;0;0;0;0
FR;3;2021-01-17;0;0;0;0;0;0;0;0;0;0;0;0;0;0;0;0;0;0
FR;3;2021-01-18;0;0;0;0;0;0;0;0;0;0;0;0;0;0;0;0;0;0
FR;3;2021-01-19;0;0;0;0;0;0;0;0;0;0;0;0;0;0;0;0;0;0
FR;3;2021-01-20;0;0;0;0;0;0;0;0;0;0;0;0;0;0;0;0;0;0
FR;3;2021-01-21;0;0;0;0;0;0;0;0;0;0;0;0;0;0;0;0;0;0
FR;3;2021-01-22;0;0;0;0;0;0;0;0;0;0;0;0;0;0;0;0;0;0
FR;3;2021-01-23;0;0;0;0;0;0;0;0;0;0;0;0;0;0;0;0;0;0
FR;3;2021-01-24;0;0;0;0;0;0;0;0;0;0;0;0;0;0;0;0;0;0
FR;3;2021-01-25;0;0;0;0;0;0;0;0;0;0;0;0;0;0;0;0;0;0
FR;3;2021-01-26;0;0;0;0;0;0;0;0;0;0;0;0;0;0;0;0;0;0
FR;3;2021-01-27;0;0;0;0;0;0;0;0;0;0;0;0;0;0;0;0;0;0
FR;3;2021-01-28;0;0;0;0;0;0;0;0;0;0;0;0;0;0;0;0;0;0
FR;3;2021-01-29;0;0;0;0;0;0;0;0;0;0;0;0;0;0;0;0;0;0
FR;3;2021-01-30;0;0;0;0;0;0;0;0;0;0;0;0;0;0;0;0;0;0
FR;3;2021-01-31;0;0;0;0;0;0;0;0;0;0;0;0;0;0;0;0;0;0
FR;3;2021-02-01;0;0;0;0;0;0;0;0;0;0;0;0;0;0;0;0;0;0
FR;3;2021-02-02;0;0;0;0;0;0;0;0;0;0;0;0;0;0;0;0;0;0
FR;3;2021-02-03;0;0;0;0;0;0;0;0;0;0;0;0;0;0;0;0;0;0
FR;3;2021-02-04;0;0;0;0;0;0;0;0;0;0;0;0;0;0;0;0;0;0
FR;3;2021-02-05;0;0;0;0;0;0;0;0;0;0;0;0;0;0;0;0;0;0
FR;3;2021-02-06;1495;0;0;0;107;0;0;0;0;1495;0;0;0;107;0;0;0;0
FR;3;2021-02-07;1423;2;0;0;87;0;0;0;0;2918;2;0;0;194;0;0;0;0
FR;3;2021-02-08;2789;1;0;0;177;0;0;0;0;5707;3;0;0;371;0;0;0;0
FR;3;2021-02-09;6786;0;0;0;502;0;0;0;0;12493;3;0;0;873;0;0;0;0
FR;3;2021-02-10;9611;0;0;0;695;0;0;0;0;22104;3;0;0;1568;0;0;0;0
FR;3;2021-02-11;13620;4;0;0;920;0;0;0;0;35724;7;0;0;2488;0;0;0;0
FR;3;2021-02-12;13409;0;0;0;907;0;0;0;0;49133;7;0;0;3395;0;0;0;0
FR;3;2021-02-13;3799;1;0;0;218;0;0;0;0;52932;8;0;0;3613;0;0;0;0
FR;3;2021-02-14;975;1;0;0;53;0;0;0;0;53907;9;0;0;3666;0;0;0;0
FR;3;2021-02-15;10495;2;0;0;719;0;0;0;0;64402;11;0;0;4385;0;0;0;0
FR;3;2021-02-16;12555;5;0;0;871;0;0;0;0;76957;16;0;0;5256;0;0;0;0
FR;3;2021-02-17;11158;1;0;0;716;0;0;0;0;88115;17;0;0;5972;0;0;0;0
FR;3;2021-02-18;14943;2;0;0;985;0;0;0;0;103058;19;0;0;6957;0;0;0;0
FR;3;2021-02-19;14365;1;0;0;846;0;0;0;0;117423;20;0;0;7803;0;0;0;0
FR;3;2021-02-20;3330;0;0;0;178;0;0;0;0;120753;20;0;0;7981;0;0;0;0
FR;3;2021-02-21;619;0;0;0;35;0;0;0;0;121372;20;0;0;8016;0;0;0;0
FR;3;2021-02-22;9170;1;0;0;654;0;0;0;0;130542;21;0;0;8670;0;0;0;0
FR;3;2021-02-23;11403;5;0;0;759;0;0;0;0;141945;26;0;0;9429;0;0;0;0
FR;3;2021-02-24;14306;1;0;0;829;0;0;0;0;156251;27;0;0;10258;0;0;0;0
FR;3;2021-02-25;44935;3;0;0;1814;0;0;0;0;201186;30;0;0;12072;0;0;0;0
FR;3;2021-02-26;61890;9;0;0;2200;0;0;0;0;263076;39;0;0;14272;0;0;0;0
FR;3;2021-02-27;34810;14;0;0;1028;0;0;0;0;297886;53;0;0;15300;0;0;0;0
FR;3;2021-02-28;2464;0;0;0;114;0;0;0;0;300350;53;0;0;15414;0;0;0;0
FR;3;2021-03-01;20520;21;0;0;1067;0;0;0;0;320870;74;0;0;16481;0;0;0;0
FR;3;2021-03-02;38877;25;0;0;1789;0;0;0;0;359747;99;0;0;18270;0;0;0;0
FR;3;2021-03-03;48747;19;0;0;2132;0;0;0;0;408494;118;0;0;20402;0;0;0;0
FR;3;2021-03-04;82229;25;0;0;3194;0;0;0;0;490723;143;0;0;23596;0;0;0;0
FR;3;2021-03-05;118136;40;0;0;4690;0;0;0;0;608859;183;0;0;28286;0;0;0;0
FR;3;2021-03-06;120725;65;1;0;3560;0;0;0;0;729584;248;1;0;31846;0;0;0;0
FR;3;2021-03-07;55184;23;0;0;1729;0;0;0;0;784768;271;1;0;33575;0;0;0;0
FR;3;2021-03-08;42813;30;0;0;2074;0;0;0;0;827581;301;1;0;35649;0;0;0;0
FR;3;2021-03-09;78978;49;0;0;3285;0;0;0;0;906559;350;1;0;38934;0;0;0;0
FR;3;2021-03-10;80983;64;0;0;3241;0;0;0;0;987542;414;1;0;42175;0;0;0;0
FR;3;2021-03-11;128448;64;0;0;4765;0;0;0;0;1115990;478;1;0;46940;0;0;0;0
FR;3;2021-03-12;182724;120;0;0;6278;0;0;0;0;1298714;598;1;0;53218;0;0;0;0
FR;3;2021-03-13;132163;84;0;0;3523;0;0;0;0;1430877;682;1;0;56741;0;0;0;0
FR;3;2021-03-14;14057;5;0;0;549;0;0;0;0;1444934;687;1;0;57290;0;0;0;0
FR;3;2021-03-15;52235;79;0;0;2094;0;0;0;0;1497169;766;1;0;59384;0;0;0;0
FR;3;2021-03-16;1218;48;0;0;102;0;0;0;0;1498387;814;1;0;59486;0;0;0;0
FR;3;2021-03-17;950;53;0;0;92;0;0;0;0;1499337;867;1;0;59578;0;0;0;0
FR;3;2021-03-18;1575;40;0;0;100;0;0;0;0;1500912;907;1;0;59678;0;0;0;0
FR;3;2021-03-19;70459;55;0;0;2059;0;0;0;0;1571371;962;1;0;61737;0;0;0;0
FR;3;2021-03-20;65241;49;0;0;1701;0;0;0;0;1636612;1011;1;0;63438;0;0;0;0
FR;3;2021-03-21;5761;8;0;0;199;0;0;0;0;1642373;1019;1;0;63637;0;0;0;0
FR;3;2021-03-22;37510;47;0;0;1051;0;0;0;0;1679883;1066;1;0;64688;0;0;0;0
FR;3;2021-03-23;84667;86;0;0;2285;0;0;0;0;1764550;1152;1;0;66973;0;0;0;0
FR;3;2021-03-24;90954;96;0;0;2488;0;0;0;0;1855504;1248;1;0;69461;0;0;0;0
FR;3;2021-03-25;150070;144;0;0;3788;0;0;0;0;2005574;1392;1;0;73249;0;0;0;0
FR;3;2021-03-26;165430;158;0;0;4152;0;0;0;0;2171004;1550;1;0;77401;0;0;0;0
FR;3;2021-03-27;68465;102;0;0;2005;0;0;0;0;2239469;1652;1;0;79406;0;0;0;0
FR;3;2021-03-28;6479;20;0;0;237;0;0;0;0;2245948;1672;1;0;79643;0;0;0;0
FR;3;2021-03-29;54169;80;0;0;1479;0;0;0;0;2300117;1752;1;0;81122;0;0;0;0
FR;3;2021-03-30;93183;104;0;0;2565;0;0;0;0;2393300;1856;1;0;83687;0;0;0;0
FR;3;2021-03-31;63544;111;0;0;1965;0;0;0;0;2456844;1967;1;0;85652;0;0;0;0
FR;3;2021-04-01;86135;111;0;0;2491;0;0;0;0;2542979;2078;1;0;88143;0;0;0;0
FR;3;2021-04-02;86913;185;0;0;2764;0;0;0;0;2629892;2263;1;0;90907;0;0;0;0
FR;3;2021-04-03;35874;130;0;0;1160;0;0;0;0;2665766;2393;1;0;92067;0;0;0;0
FR;3;2021-04-04;3577;19;0;0;164;0;0;0;0;2669343;2412;1;0;92231;0;0;0;0
FR;3;2021-04-05;4492;38;0;0;236;0;0;0;0;2673835;2450;1;0;92467;0;0;0;0
FR;3;2021-04-06;29758;104;0;0;1091;0;0;0;0;2703593;2554;1;0;93558;0;0;0;0
FR;3;2021-04-07;32348;107;0;0;1046;0;0;0;0;2735941;2661;1;0;94604;0;0;0;0
FR;3;2021-04-08;78825;266;0;0;2612;0;0;0;0;2814766;2927;1;0;97216;0;0;0;0
FR;3;2021-04-09;161759;447;0;0;5175;0;0;0;0;2976525;3374;1;0;102391;0;0;0;0
FR;3;2021-04-10;75764;361;0;0;2694;0;0;0;0;3052289;3735;1;0;105085;0;0;0;0
FR;3;2021-04-11;7313;46;0;0;304;0;0;0;0;3059602;3781;1;0;105389;0;0;0;0
FR;3;2021-04-12;51485;213;0;0;1734;0;0;0;0;3111087;3994;1;0;107123;0;0;0;0
FR;3;2021-04-13;86234;358;0;0;2905;0;0;0;0;3197321;4352;1;0;110028;0;0;0;0
FR;3;2021-04-14;67843;374;0;0;2425;0;0;0;0;3265164;4726;1;0;112453;0;0;0;0
FR;3;2021-04-15;93242;399;0;0;3437;0;0;0;0;3358406;5125;1;0;115890;0;0;0;0
FR;3;2021-04-16;112529;621;0;0;4337;0;0;0;0;3470935;5746;1;0;120227;0;0;0;0
FR;3;2021-04-17;53319;364;1;0;2270;0;0;0;0;3524254;6110;2;0;122497;0;0;0;0
FR;3;2021-04-18;9749;49;0;0;423;0;0;0;0;3534003;6159;2;0;122920;0;0;0;0
FR;3;2021-04-19;25115;280;0;0;1086;0;0;0;0;3559118;6439;2;0;124006;0;0;0;0
FR;3;2021-04-20;45675;433;0;0;1904;0;0;0;0;3604793;6872;2;0;125910;0;0;0;0
FR;3;2021-04-21;38984;542;0;0;1886;0;0;0;0;3643777;7414;2;0;127796;0;0;0;0
FR;3;2021-04-22;54721;866;0;0;2818;0;0;0;0;3698498;8280;2;0;130614;0;0;0;0
FR;3;2021-04-23;70491;1083;0;0;3684;0;0;0;0;3768989;9363;2;0;134298;0;0;0;0
FR;3;2021-04-24;37252;1087;0;0;2475;0;0;0;0;3806241;10450;2;0;136773;0;0;0;0
FR;3;2021-04-25;6213;160;0;0;448;0;0;0;0;3812454;10610;2;0;137221;0;0;0;0
FR;3;2021-04-26;19788;692;0;0;1426;0;0;0;0;3832242;11302;2;0;138647;0;0;0;0
FR;3;2021-04-27;34485;1320;0;0;2578;0;0;0;0;3866727;12622;2;0;141225;0;0;0;0
FR;3;2021-04-28;28971;2027;0;0;3144;0;0;0;0;3895698;14649;2;0;144369;0;0;0;0
FR;3;2021-04-29;45391;6107;0;0;7925;0;0;0;0;3941089;20756;2;0;152294;0;0;0;0
FR;3;2021-04-30;55466;9086;1;0;11482;0;0;0;0;3996555;29842;3;0;163776;0;0;0;0
FR;3;2021-05-01;9517;2050;0;0;2481;0;0;0;0;4006072;31892;3;0;166257;0;0;0;0
FR;3;2021-05-02;3079;473;0;0;617;0;0;0;0;4009151;32365;3;0;166874;0;0;0;0
FR;3;2021-05-03;13063;3935;0;0;4502;0;0;0;0;4022214;36300;3;0;171376;0;0;0;0
FR;3;2021-05-04;23118;8389;0;0;9455;0;0;0;0;4045332;44689;3;0;180831;0;0;0;0
FR;3;2021-05-05;18762;10798;0;0;11735;0;0;0;0;4064094;55487;3;0;192566;0;0;0;0
FR;3;2021-05-06;34630;21214;0;0;22760;0;0;0;0;4098724;76701;3;0;215326;0;0;0;0
FR;3;2021-05-07;44209;28845;0;0;31149;0;0;0;0;4142933;105546;3;0;246475;0;0;0;0
FR;3;2021-05-08;6785;9188;0;0;9551;0;0;0;0;4149718;114734;3;0;256026;0;0;0;0
FR;3;2021-05-09;1797;2668;0;0;2768;0;0;0;0;4151515;117402;3;0;258794;0;0;0;0
FR;3;2021-05-10;15001;12885;0;0;13574;0;0;0;0;4166516;130287;3;0;272368;0;0;0;0
FR;3;2021-05-11;27100;26224;0;0;27495;0;0;0;0;4193616;156511;3;0;299863;0;0;0;0
FR;3;2021-05-12;17271;28077;0;0;29011;0;0;0;0;4210887;184588;3;0;328874;0;0;0;0
FR;3;2021-05-13;2285;3513;0;0;3633;0;0;0;0;4213172;188101;3;0;332507;0;0;0;0
FR;3;2021-05-14;14520;26050;0;0;26829;0;0;0;0;4227692;214151;3;0;359336;0;0;0;0
FR;3;2021-05-15;7233;21056;0;0;21481;0;0;0;0;4234925;235207;3;0;380817;0;0;0;0
FR;3;2021-05-16;977;2641;0;0;2686;0;0;0;0;4235902;237848;3;0;383503;0;0;0;0
FR;3;2021-05-17;7966;20184;0;0;20629;0;0;0;0;4243868;258032;3;0;404132;0;0;0;0
FR;3;2021-05-18;13416;30100;0;0;30859;0;0;0;0;4257284;288132;3;0;434991;0;0;0;0
FR;3;2021-05-19;9275;30623;0;0;31209;0;0;0;0;4266559;318755;3;0;466200;0;0;0;0
FR;3;2021-05-20;12806;53785;3;0;54706;0;0;0;0;4279365;372540;6;0;520906;0;0;0;0
FR;3;2021-05-21;12768;66124;2;0;67047;0;0;0;0;4292133;438664;8;0;587953;0;0;0;0
FR;3;2021-05-22;4965;33727;1;0;34108;0;0;0;0;4297098;472391;9;0;622061;0;0;0;0
FR;3;2021-05-23;651;2672;0;0;2704;0;0;0;0;4297749;475063;9;0;624765;0;0;0;0
FR;3;2021-05-24;884;4790;0;0;4834;0;0;0;0;4298633;479853;9;0;629599;0;0;0;0
FR;3;2021-05-25;5312;46634;1;0;47031;0;0;0;0;4303945;526487;10;0;676630;0;0;0;0
FR;3;2021-05-26;4980;52099;1;0;52569;0;0;0;0;4308925;578586;11;0;729199;0;0;0;0
FR;3;2021-05-27;6336;78956;3;0;79560;0;0;0;0;4315261;657542;14;0;808759;0;0;0;0
FR;3;2021-05-28;7544;100218;2;0;101015;0;0;0;0;4322805;757760;16;0;909774;0;0;0;0
FR;3;2021-05-29;3349;61099;1;0;61478;0;0;0;0;4326154;818859;17;0;971252;0;0;0;0
FR;3;2021-05-30;551;8103;0;0;8152;0;0;0;0;4326705;826962;17;0;979404;0;0;0;0
FR;3;2021-05-31;2441;35524;3;0;35788;0;0;0;0;4329146;862486;20;0;1015192;0;0;0;0
FR;3;2021-06-01;3414;64859;10;0;65305;0;0;0;0;4332560;927345;30;0;1080497;0;0;0;0
FR;3;2021-06-02;2735;58885;6;0;59218;0;0;0;0;4335295;986230;36;0;1139715;0;0;0;0
FR;3;2021-06-03;3495;87214;10;0;87744;0;0;0;0;4338790;1073444;46;0;1227459;0;0;0;0
FR;3;2021-06-04;4119;105797;22;0;106453;0;0;0;0;4342909;1179241;68;0;1333912;0;0;0;0
FR;3;2021-06-05;1983;52569;4;0;52882;0;0;0;0;4344892;1231810;72;0;1386794;0;0;0;0
FR;3;2021-06-06;511;5285;1;0;5332;0;0;0;0;4345403;1237095;73;0;1392126;0;0;0;0
FR;3;2021-06-07;1485;30742;11;0;30922;0;0;0;0;4346888;1267837;84;0;1423048;0;0;0;0
FR;3;2021-06-08;2062;47396;18;0;47740;0;0;0;0;4348950;1315233;102;0;1470788;0;0;0;0
FR;3;2021-06-09;1794;41853;13;0;42157;0;0;0;0;4350744;1357086;115;0;1512945;0;0;0;0
FR;3;2021-06-10;2257;67668;17;0;68064;0;0;0;0;4353001;1424754;132;0;1581009;0;0;0;0
FR;3;2021-06-11;2488;96629;34;0;97101;0;0;0;0;4355489;1521383;166;0;1678110;0;0;0;0
FR;3;2021-06-12;1178;40564;6;0;40795;0;0;0;0;4356667;1561947;172;0;1718905;0;0;0;0
FR;3;2021-06-13;283;3631;3;0;3666;0;0;0;0;4356950;1565578;175;0;1722571;0;0;0;0
FR;3;2021-06-14;1048;42325;17;0;42491;0;0;0;0;4357998;1607903;192;0;1765062;0;0;0;0
FR;3;2021-06-15;1378;80365;20;0;80664;0;0;0;0;4359376;1688268;212;0;1845726;0;0;0;0
FR;3;2021-06-16;1262;65499;20;0;65771;0;0;0;0;4360638;1753767;232;0;1911497;0;0;0;0
FR;3;2021-06-17;1667;102238;41;0;102621;0;0;0;0;4362305;1856005;273;0;2014118;0;0;0;0
FR;3;2021-06-18;1872;118429;63;0;118891;0;0;0;0;4364177;1974434;336;0;2133009;0;0;0;0
FR;3;2021-06-19;803;39458;22;0;39649;0;0;0;0;4364980;2013892;358;0;2172658;0;0;0;0
FR;3;2021-06-20;161;3213;0;0;3241;0;0;0;0;4365141;2017105;358;0;2175899;0;0;0;0
FR;3;2021-06-21;773;39069;16;0;39227;0;0;0;0;4365914;2056174;374;0;2215126;0;0;0;0
FR;3;2021-06-22;1065;70050;52;0;70320;0;0;0;0;4366979;2126224;426;0;2285446;0;0;0;0
FR;3;2021-06-23;945;50829;39;0;51101;0;0;0;0;4367924;2177053;465;0;2336547;0;0;0;0
FR;3;2021-06-24;1310;77286;48;0;77658;0;0;0;0;4369234;2254339;513;0;2414205;0;0;0;0
FR;3;2021-06-25;1410;90760;73;0;91193;0;0;0;0;4370644;2345099;586;0;2505398;0;0;0;0
FR;3;2021-06-26;632;33112;29;0;33302;0;0;0;0;4371276;2378211;615;0;2538700;0;0;0;0
FR;3;2021-06-27;167;3787;1;0;3811;0;0;0;0;4371443;2381998;616;0;2542511;0;0;0;0
FR;3;2021-06-28;655;29985;27;0;30179;0;0;0;0;4372098;2411983;643;0;2572690;0;0;0;0
FR;3;2021-06-29;856;56600;95;0;56842;0;0;0;0;4372954;2468583;738;0;2629532;0;0;0;0
FR;3;2021-06-30;905;45179;93;0;45448;0;0;0;0;4373859;2513762;831;0;2674980;0;0;0;0
FR;3;2021-07-01;1164;66072;108;0;66424;0;0;0;0;4375023;2579834;939;0;2741404;0;0;0;0
FR;3;2021-07-02;1305;90502;170;0;90978;0;0;0;0;4376328;2670336;1109;0;2832382;0;0;0;0
FR;3;2021-07-03;602;31177;51;0;31377;0;0;0;0;4376930;2701513;1160;0;2863759;0;0;0;0
FR;3;2021-07-04;144;3994;3;0;4024;0;0;0;0;4377074;2705507;1163;0;2867783;0;0;0;0
FR;3;2021-07-05;612;33630;60;0;33829;0;0;0;0;4377686;2739137;1223;0;2901612;0;0;0;0
FR;3;2021-07-06;964;55931;88;0;56243;0;0;0;0;4378650;2795068;1311;0;2957855;0;0;0;0
FR;3;2021-07-07;873;42957;80;0;43254;0;0;0;0;4379523;2838025;1391;0;3001109;0;0;0;0
FR;3;2021-07-08;1127;60793;99;0;61202;0;0;0;0;4380650;2898818;1490;0;3062311;0;0;0;0
FR;3;2021-07-09;1261;68934;128;0;69401;0;0;0;0;4381911;2967752;1618;0;3131712;0;0;0;0
FR;3;2021-07-10;643;25024;59;0;25221;0;0;0;0;4382554;2992776;1677;0;3156933;0;0;0;0
FR;3;2021-07-11;132;3183;4;0;3209;0;0;0;0;4382686;2995959;1681;0;3160142;0;0;0;0
FR;3;2021-07-12;662;23641;59;0;23854;0;0;0;0;4383348;3019600;1740;0;3183996;0;0;0;0
FR;3;2021-07-13;1648;34485;90;0;34973;0;0;0;0;4384996;3054085;1830;0;3218969;0;0;0;0
FR;3;2021-07-14;271;2477;2;0;2534;0;0;0;0;4385267;3056562;1832;0;3221503;0;0;0;0
FR;3;2021-07-15;1940;30430;85;0;31006;0;0;0;0;4387207;3086992;1917;0;3252509;0;0;0;0
FR;3;2021-07-16;2520;38666;122;0;39402;0;0;0;0;4389727;3125658;2039;0;3291911;0;0;0;0
FR;3;2021-07-17;1051;13722;26;0;14030;0;0;0;0;4390778;3139380;2065;0;3305941;0;0;0;0
FR;3;2021-07-18;266;2560;3;0;2608;0;0;0;0;4391044;3141940;2068;0;3308549;0;0;0;0
FR;3;2021-07-19;1280;16914;38;0;17282;0;0;0;0;4392324;3158854;2106;0;3325831;0;0;0;0
FR;3;2021-07-20;1823;26944;98;0;27486;0;0;0;0;4394147;3185798;2204;0;3353317;0;0;0;0
FR;3;2021-07-21;1651;19524;44;0;20029;0;0;0;0;4395798;3205322;2248;0;3373346;0;0;0;0
FR;3;2021-07-22;1856;27648;83;0;28213;0;0;0;0;4397654;3232970;2331;0;3401559;0;0;0;0
FR;3;2021-07-23;2216;30236;117;0;30975;0;0;0;0;4399870;3263206;2448;0;3432534;0;0;0;0
FR;3;2021-07-24;826;6936;25;0;7159;0;0;0;0;4400696;3270142;2473;0;3439693;0;0;0;0
FR;3;2021-07-25;210;1297;1;0;1352;0;0;0;0;4400906;3271439;2474;0;3441045;0;0;0;0
FR;3;2021-07-26;932;10527;28;0;10834;0;0;0;0;4401838;3281966;2502;0;3451879;0;0;0;0
FR;3;2021-07-27;1169;16815;56;0;17180;0;0;0;0;4403007;3298781;2558;0;3469059;0;0;0;0
FR;3;2021-07-28;989;12005;40;0;12317;0;0;0;0;4403996;3310786;2598;0;3481376;0;0;0;0
FR;3;2021-07-29;1127;15699;63;0;16112;0;0;0;0;4405123;3326485;2661;0;3497488;0;0;0;0
FR;3;2021-07-30;1128;18008;79;0;18384;0;0;0;0;4406251;3344493;2740;0;3515872;0;0;0;0
FR;3;2021-07-31;406;3714;15;0;3838;0;0;0;0;4406657;3348207;2755;0;3519710;0;0;0;0
FR;3;2021-08-01;117;452;1;0;474;0;0;0;0;4406774;3348659;2756;0;3520184;0;0;0;0
FR;3;2021-08-02;423;5035;22;0;5156;0;0;0;0;4407197;3353694;2778;0;3525340;0;0;0;0
FR;3;2021-08-03;498;7484;27;0;7619;0;0;0;0;4407695;3361178;2805;0;3532959;0;0;0;0
FR;3;2021-08-04;439;4834;26;0;4979;0;0;0;0;4408134;3366012;2831;0;3537938;0;0;0;0
FR;3;2021-08-05;433;3657;13;0;3768;0;0;0;0;4408567;3369669;2844;0;3541706;0;0;0;0
FR;3;2021-08-06;456;4706;30;0;4808;0;0;0;0;4409023;3374375;2874;0;3546514;0;0;0;0
FR;3;2021-08-07;214;1901;11;0;1947;0;0;0;0;4409237;3376276;2885;0;3548461;0;0;0;0
FR;3;2021-08-08;250;423;2;0;456;0;0;0;0;4409487;3376699;2887;0;3548917;0;0;0;0
FR;3;2021-08-09;318;2384;11;0;2455;0;0;0;0;4409805;3379083;2898;0;3551372;0;0;0;0
FR;3;2021-08-10;368;3755;15;0;3844;0;0;0;0;4410173;3382838;2913;0;3555216;0;0;0;0
FR;3;2021-08-11;291;2651;15;0;2711;0;0;0;0;4410464;3385489;2928;0;3557927;0;0;0;0
FR;3;2021-08-12;279;2572;13;0;2660;0;0;0;0;4410743;3388061;2941;0;3560587;0;0;0;0
FR;3;2021-08-13;278;2258;16;0;2343;0;0;0;0;4411021;3390319;2957;0;3562930;0;0;0;0
FR;3;2021-08-14;172;882;1;0;913;0;0;0;0;4411193;3391201;2958;0;3563843;0;0;0;0
FR;3;2021-08-15;56;174;0;0;183;0;0;0;0;4411249;3391375;2958;0;3564026;0;0;0;0
FR;3;2021-08-16;125;1018;8;0;1057;0;0;0;0;4411374;3392393;2966;0;3565083;0;0;0;0
FR;3;2021-08-17;191;1433;8;0;1474;0;0;0;0;4411565;3393826;2974;0;3566557;0;0;0;0
FR;3;2021-08-18;204;1311;10;0;1353;0;0;0;0;4411769;3395137;2984;0;3567910;0;0;0;0
FR;3;2021-08-19;165;1375;10;0;1423;0;0;0;0;4411934;3396512;2994;0;3569333;0;0;0;0
FR;3;2021-08-20;167;1598;16;0;1660;0;0;0;0;4412101;3398110;3010;0;3570993;0;0;0;0
FR;3;2021-08-21;93;581;2;0;596;0;0;0;0;4412194;3398691;3012;0;3571589;0;0;0;0
FR;3;2021-08-22;42;191;1;0;194;0;0;0;0;4412236;3398882;3013;0;3571783;0;0;0;0
FR;3;2021-08-23;141;883;7;0;928;0;0;0;0;4412377;3399765;3020;0;3572711;0;0;0;0
FR;3;2021-08-24;125;927;10;0;959;0;0;0;0;4412502;3400692;3030;0;3573670;0;0;0;0
FR;3;2021-08-25;137;820;3;0;849;0;0;0;0;4412639;3401512;3033;0;3574519;0;0;0;0
FR;3;2021-08-26;172;831;9;0;879;0;0;0;0;4412811;3402343;3042;0;3575398;0;0;0;0
FR;3;2021-08-27;178;937;9;0;990;0;0;0;0;4412989;3403280;3051;0;3576388;0;0;0;0
FR;3;2021-08-28;101;373;4;0;390;0;0;0;0;4413090;3403653;3055;0;3576778;0;0;0;0
FR;3;2021-08-29;128;128;1;0;161;0;0;0;0;4413218;3403781;3056;0;3576939;0;0;0;0
FR;3;2021-08-30;100;565;0;0;472;110;0;0;0;4413318;3404346;3056;0;3577411;110;0;0;0
FR;3;2021-08-31;134;687;7;0;591;135;0;0;0;4413452;3405033;3063;0;3578002;245;0;0;0
FR;3;2021-09-01;122;461;5;0;381;109;0;0;0;4413574;3405494;3068;0;3578383;354;0;0;0
FR;3;2021-09-02;100;597;22;0;534;104;0;0;0;4413674;3406091;3090;0;3578917;458;0;0;0
FR;3;2021-09-03;116;558;17;0;481;118;0;0;0;4413790;3406649;3107;0;3579398;576;0;0;0
FR;3;2021-09-04;55;292;3;0;253;50;0;0;0;4413845;3406941;3110;0;3579651;626;0;0;0
FR;3;2021-09-05;52;67;5;0;56;26;0;0;0;4413897;3407008;3115;0;3579707;652;0;0;0
FR;3;2021-09-06;118;370;4;0;262;132;0;0;0;4414015;3407378;3119;0;3579969;784;0;0;0
FR;3;2021-09-07;124;436;14;0;351;117;0;0;0;4414139;3407814;3133;0;3580320;901;0;0;0
FR;3;2021-09-08;121;342;2;0;271;88;0;0;0;4414260;3408156;3135;0;3580591;989;0;0;0
FR;3;2021-09-09;94;380;8;0;300;103;0;0;0;4414354;3408536;3143;0;3580891;1092;0;0;0
FR;3;2021-09-10;101;399;3;0;329;93;0;0;0;4414455;3408935;3146;0;3581220;1185;0;0;0
FR;3;2021-09-11;78;232;4;0;177;65;0;0;0;4414533;3409167;3150;0;3581397;1250;0;0;0
FR;3;2021-09-12;37;48;1;0;37;16;0;0;0;4414570;3409215;3151;0;3581434;1266;0;0;0
FR;3;2021-09-13;77;301;7;0;217;103;1;0;0;4414647;3409516;3158;0;3581651;1369;1;0;0
FR;3;2021-09-14;75;273;6;0;193;94;0;0;0;4414722;3409789;3164;0;3581844;1463;1;0;0
FR;3;2021-09-15;63;254;3;0;259;6;0;0;0;4414785;3410043;3167;0;3582103;1469;1;0;0
FR;3;2021-09-16;65;321;6;0;332;6;0;0;0;4414850;3410364;3173;0;3582435;1475;1;0;0
FR;3;2021-09-17;52;327;3;0;339;6;0;0;0;4414902;3410691;3176;0;3582774;1481;1;0;0
FR;3;2021-09-18;37;172;1;0;176;1;0;0;0;4414939;3410863;3177;0;3582950;1482;1;0;0
FR;3;2021-09-19;29;31;2;0;34;1;0;0;0;4414968;3410894;3179;0;3582984;1483;1;0;0
FR;3;2021-09-20;81;192;0;0;200;1;0;0;0;4415049;3411086;3179;0;3583184;1484;1;0;0
FR;3;2021-09-21;60;271;7;0;275;8;0;0;0;4415109;3411357;3186;0;3583459;1492;1;0;0
FR;3;2021-09-22;66;230;6;0;243;7;0;0;0;4415175;3411587;3192;0;3583702;1499;1;0;0
FR;3;2021-09-23;37;258;11;0;262;7;0;0;0;4415212;3411845;3203;0;3583964;1506;1;0;0
FR;3;2021-09-24;28;320;12;0;318;18;0;0;0;4415240;3412165;3215;0;3584282;1524;1;0;0
FR;3;2021-09-25;31;144;3;0;150;3;0;0;0;4415271;3412309;3218;0;3584432;1527;1;0;0
FR;3;2021-09-26;16;57;1;0;59;1;0;0;0;4415287;3412366;3219;0;3584491;1528;1;0;0
FR;3;2021-09-27;48;285;3;0;288;5;0;0;0;4415335;3412651;3222;0;3584779;1533;1;0;0
FR;3;2021-09-28;49;244;6;0;252;8;0;0;0;4415384;3412895;3228;0;3585031;1541;1;0;0
FR;3;2021-09-29;39;219;10;0;223;15;0;0;0;4415423;3413114;3238;0;3585254;1556;1;0;0
FR;3;2021-09-30;40;202;8;0;206;11;0;0;0;4415463;3413316;3246;0;3585460;1567;1;0;0
FR;3;2021-10-01;23;159;6;0;161;8;0;0;0;4415486;3413475;3252;0;3585621;1575;1;0;0
FR;3;2021-10-02;17;84;0;0;85;0;0;0;0;4415503;3413559;3252;0;3585706;1575;1;0;0
FR;3;2021-10-03;19;19;1;0;19;2;0;0;0;4415522;3413578;3253;0;3585725;1577;1;0;0
FR;3;2021-10-04;33;158;4;0;163;4;0;0;0;4415555;3413736;3257;0;3585888;1581;1;0;0
FR;3;2021-10-05;17;148;10;0;153;12;0;0;0;4415572;3413884;3267;0;3586041;1593;1;0;0
FR;3;2021-10-06;33;143;9;0;151;10;0;0;0;4415605;3414027;3276;0;3586192;1603;1;0;0
FR;3;2021-10-07;20;133;6;0;131;6;0;0;0;4415625;3414160;3282;0;3586323;1609;1;0;0
FR;3;2021-10-08;25;137;10;0;142;9;0;0;0;4415650;3414297;3292;0;3586465;1618;1;0;0
FR;3;2021-10-09;17;71;1;0;72;1;0;0;0;4415667;3414368;3293;0;3586537;1619;1;0;0
FR;3;2021-10-10;13;17;2;0;16;3;0;0;0;4415680;3414385;3295;0;3586553;1622;1;0;0
FR;3;2021-10-11;17;115;4;0;120;5;0;0;0;4415697;3414500;3299;0;3586673;1627;1;0;0
FR;3;2021-10-12;22;100;5;0;100;5;0;0;0;4415719;3414600;3304;0;3586773;1632;1;0;0
FR;3;2021-10-13;25;114;9;0;121;7;0;0;0;4415744;3414714;3313;0;3586894;1639;1;0;0
FR;3;2021-10-14;19;140;3;0;141;4;0;0;0;4415763;3414854;3316;0;3587035;1643;1;0;0
FR;3;2021-10-15;23;140;8;0;139;13;0;0;0;4415786;3414994;3324;0;3587174;1656;1;0;0
FR;3;2021-10-16;13;67;6;0;66;8;0;0;0;4415799;3415061;3330;0;3587240;1664;1;0;0
FR;3;2021-10-17;12;24;0;0;26;0;0;0;0;4415811;3415085;3330;0;3587266;1664;1;0;0
FR;3;2021-10-18;18;113;2;0;118;2;0;0;0;4415829;3415198;3332;0;3587384;1666;1;0;0
FR;3;2021-10-19;18;113;19;0;114;21;0;0;0;4415847;3415311;3351;0;3587498;1687;1;0;0
FR;3;2021-10-20;26;127;6;0;129;7;0;0;0;4415873;3415438;3357;0;3587627;1694;1;0;0
FR;3;2021-10-21;28;122;17;0;122;13;0;0;0;4415901;3415560;3374;0;3587749;1707;1;0;0
FR;3;2021-10-22;24;107;18;0;106;21;0;0;0;4415925;3415667;3392;0;3587855;1728;1;0;0
FR;3;2021-10-23;17;53;3;0;53;2;0;0;0;4415942;3415720;3395;0;3587908;1730;1;0;0
FR;3;2021-10-24;7;36;0;0;34;0;0;0;0;4415949;3415756;3395;0;3587942;1730;1;0;0
FR;3;2021-10-25;26;141;7;0;145;7;0;0;0;4415975;3415897;3402;0;3588087;1737;1;0;0
FR;3;2021-10-26;25;96;22;0;93;19;0;0;0;4416000;3415993;3424;0;3588180;1756;1;0;0
FR;3;2021-10-27;19;94;9;0;96;9;0;0;0;4416019;3416087;3433;0;3588276;1765;1;0;0
FR;3;2021-10-28;23;114;33;0;111;36;0;0;0;4416042;3416201;3466;0;3588387;1801;1;0;0
FR;3;2021-10-29;12;100;64;0;94;54;0;0;0;4416054;3416301;3530;0;3588481;1855;1;0;0
FR;3;2021-10-30;11;62;11;1;62;10;0;0;0;4416065;3416363;3541;1;3588543;1865;1;0;0
FR;3;2021-10-31;8;25;1;0;25;1;0;0;0;4416073;3416388;3542;1;3588568;1866;1;0;0
FR;3;2021-11-01;11;22;2;0;23;1;0;0;0;4416084;3416410;3544;1;3588591;1867;1;0;0
FR;3;2021-11-02;11;101;10;0;101;12;0;0;0;4416095;3416511;3554;1;3588692;1879;1;0;0
FR;3;2021-11-03;20;107;10;0;115;10;0;0;0;4416115;3416618;3564;1;3588807;1889;1;0;0
FR;3;2021-11-04;20;89;5;0;94;4;0;0;0;4416135;3416707;3569;1;3588901;1893;1;0;0
FR;3;2021-11-05;19;120;9;1;126;6;1;0;0;4416154;3416827;3578;2;3589027;1899;2;0;0
FR;3;2021-11-06;11;55;3;0;57;3;0;0;0;4416165;3416882;3581;2;3589084;1902;2;0;0
FR;3;2021-11-07;6;23;1;0;24;1;0;0;0;4416171;3416905;3582;2;3589108;1903;2;0;0
FR;3;2021-11-08;11;128;7;0;133;5;0;0;0;4416182;3417033;3589;2;3589241;1908;2;0;0
FR;3;2021-11-09;15;123;6;0;125;6;0;0;0;4416197;3417156;3595;2;3589366;1914;2;0;0
FR;3;2021-11-10;14;138;14;0;136;15;0;0;0;4416211;3417294;3609;2;3589502;1929;2;0;0
FR;3;2021-11-11;11;50;3;0;52;3;0;0;0;4416222;3417344;3612;2;3589554;1932;2;0;0
FR;3;2021-11-12;15;127;6;0;130;4;0;0;0;4416237;3417471;3618;2;3589684;1936;2;0;0
FR;3;2021-11-13;7;67;9;0;62;10;0;0;0;4416244;3417538;3627;2;3589746;1946;2;0;0
FR;3;2021-11-14;3;24;1;0;24;1;0;0;0;4416247;3417562;3628;2;3589770;1947;2;0;0
FR;3;2021-11-15;5;162;11;0;159;12;0;0;0;4416252;3417724;3639;2;3589929;1959;2;0;0
FR;3;2021-11-16;9;126;11;0;121;10;0;0;0;4416261;3417850;3650;2;3590050;1969;2;0;0
FR;3;2021-11-17;8;134;11;0;135;8;0;0;0;4416269;3417984;3661;2;3590185;1977;2;0;0
FR;3;2021-11-18;16;135;10;0;136;11;0;0;0;4416285;3418119;3671;2;3590321;1988;2;0;0
FR;3;2021-11-19;12;183;23;0;177;28;0;0;0;4416297;3418302;3694;2;3590498;2016;2;0;0
FR;3;2021-11-20;6;100;6;0;101;6;0;0;0;4416303;3418402;3700;2;3590599;2022;2;0;0
FR;3;2021-11-21;3;25;4;0;24;4;0;0;0;4416306;3418427;3704;2;3590623;2026;2;0;0
FR;3;2021-11-22;11;190;11;0;189;11;0;0;0;4416317;3418617;3715;2;3590812;2037;2;0;0
FR;3;2021-11-23;9;185;15;0;183;14;0;0;0;4416326;3418802;3730;2;3590995;2051;2;0;0
FR;3;2021-11-24;10;191;9;0;183;17;0;0;0;4416336;3418993;3739;2;3591178;2068;2;0;0
FR;3;2021-11-25;12;207;11;0;203;11;0;0;0;4416348;3419200;3750;2;3591381;2079;2;0;0
FR;3;2021-11-26;10;259;35;0;258;33;1;0;0;4416358;3419459;3785;2;3591639;2112;3;0;0
FR;3;2021-11-27;8;128;20;0;127;21;0;0;0;4416366;3419587;3805;2;3591766;2133;3;0;0
FR;3;2021-11-28;3;59;7;0;60;7;0;0;0;4416369;3419646;3812;2;3591826;2140;3;0;0
FR;3;2021-11-29;5;223;22;0;218;23;1;0;0;4416374;3419869;3834;2;3592044;2163;4;0;0
FR;3;2021-11-30;7;304;29;0;303;32;0;0;0;4416381;3420173;3863;2;3592347;2195;4;0;0
FR;3;2021-12-01;30;328;38;0;325;40;2;0;0;4416411;3420501;3901;2;3592672;2235;6;0;0
FR;3;2021-12-02;9;354;33;0;350;36;0;0;0;4416420;3420855;3934;2;3593022;2271;6;0;0
FR;3;2021-12-03;6;381;37;0;375;38;0;0;0;4416426;3421236;3971;2;3593397;2309;6;0;0
FR;3;2021-12-04;3;213;26;0;209;28;0;0;0;4416429;3421449;3997;2;3593606;2337;6;0;0
FR;3;2021-12-05;1;61;5;0;61;5;0;0;0;4416430;3421510;4002;2;3593667;2342;6;0;0
FR;3;2021-12-06;7;375;14;0;374;15;0;0;0;4416437;3421885;4016;2;3594041;2357;6;0;0
FR;3;2021-12-07;6;427;20;0;421;24;1;0;0;4416443;3422312;4036;2;3594462;2381;7;0;0
FR;3;2021-12-08;8;389;29;0;381;30;1;0;0;4416451;3422701;4065;2;3594843;2411;8;0;0
FR;3;2021-12-09;3;445;17;0;431;22;1;0;0;4416454;3423146;4082;2;3595274;2433;9;0;0
FR;3;2021-12-10;11;465;29;0;462;25;0;0;0;4416465;3423611;4111;2;3595736;2458;9;0;0
FR;3;2021-12-11;4;306;10;0;303;9;2;0;0;4416469;3423917;4121;2;3596039;2467;11;0;0
FR;3;2021-12-12;1;99;3;0;99;3;0;0;0;4416470;3424016;4124;2;3596138;2470;11;0;0
FR;3;2021-12-13;2;449;19;0;443;21;0;0;0;4416472;3424465;4143;2;3596581;2491;11;0;0
FR;3;2021-12-14;8;567;18;0;555;21;1;0;0;4416480;3425032;4161;2;3597136;2512;12;0;0
FR;3;2021-12-15;9;544;17;0;531;21;0;0;0;4416489;3425576;4178;2;3597667;2533;12;0;0
FR;3;2021-12-16;10;558;19;0;552;18;3;0;0;4416499;3426134;4197;2;3598219;2551;15;0;0
FR;3;2021-12-17;5;624;18;0;620;19;0;0;0;4416504;3426758;4215;2;3598839;2570;15;0;0
FR;3;2021-12-18;5;356;4;0;350;5;1;0;0;4416509;3427114;4219;2;3599189;2575;16;0;0
FR;3;2021-12-19;3;187;2;0;184;2;0;0;0;4416512;3427301;4221;2;3599373;2577;16;0;0
FR;3;2021-12-20;9;594;23;0;588;28;0;0;0;4416521;3427895;4244;2;3599961;2605;16;0;0
FR;3;2021-12-21;5;681;10;0;673;13;2;0;0;4416526;3428576;4254;2;3600634;2618;18;0;0
FR;3;2021-12-22;10;635;9;0;629;10;1;0;0;4416536;3429211;4263;2;3601263;2628;19;0;0
FR;3;2021-12-23;3;564;8;0;562;8;0;0;0;4416539;3429775;4271;2;3601825;2636;19;0;0
FR;3;2021-12-24;2;239;3;0;234;6;0;0;0;4416541;3430014;4274;2;3602059;2642;19;0;0
FR;3;2021-12-25;0;24;0;0;24;0;0;0;0;4416541;3430038;4274;2;3602083;2642;19;0;0
FR;3;2021-12-26;0;90;1;0;90;1;0;0;0;4416541;3430128;4275;2;3602173;2643;19;0;0
FR;3;2021-12-27;7;474;17;0;471;20;1;0;0;4416548;3430602;4292;2;3602644;2663;20;0;0
FR;3;2021-12-28;3;594;6;0;593;5;0;0;0;4416551;3431196;4298;2;3603237;2668;20;0;0
FR;3;2021-12-29;5;509;14;0;503;16;0;0;0;4416556;3431705;4312;2;3603740;2684;20;0;0
FR;3;2021-12-30;3;529;7;0;522;10;2;0;0;4416559;3432234;4319;2;3604262;2694;22;0;0
FR;3;2021-12-31;0;185;5;0;181;7;0;0;0;4416559;3432419;4324;2;3604443;2701;22;0;0
FR;3;2022-01-01;0;26;0;0;24;2;0;0;0;4416559;3432445;4324;2;3604467;2703;22;0;0
FR;3;2022-01-02;0;78;0;0;78;0;0;0;0;4416559;3432523;4324;2;3604545;2703;22;0;0
FR;3;2022-01-03;4;509;17;0;498;21;3;0;0;4416563;3433032;4341;2;3605043;2724;25;0;0
FR;3;2022-01-04;6;549;9;0;548;8;0;0;0;4416569;3433581;4350;2;3605591;2732;25;0;0
FR;3;2022-01-05;5;504;10;0;496;14;1;0;0;4416574;3434085;4360;2;3606087;2746;26;0;0
FR;3;2022-01-06;6;475;9;0;470;10;1;0;0;4416580;3434560;4369;2;3606557;2756;27;0;0
FR;3;2022-01-07;2;501;11;0;495;13;1;0;1;4416582;3435061;4380;2;3607052;2769;28;0;1
FR;3;2022-01-08;5;255;4;0;252;5;0;0;0;4416587;3435316;4384;2;3607304;2774;28;0;1
FR;3;2022-01-09;0;117;0;0;117;0;0;0;0;4416587;3435433;4384;2;3607421;2774;28;0;1
FR;3;2022-01-10;2;436;12;0;434;12;0;0;0;4416589;3435869;4396;2;3607855;2786;28;0;1
FR;3;2022-01-11;3;466;1;0;465;1;0;0;0;4416592;3436335;4397;2;3608320;2787;28;0;1
FR;3;2022-01-12;4;401;9;0;398;10;2;0;0;4416596;3436736;4406;2;3608718;2797;30;0;1
FR;3;2022-01-13;3;393;11;0;391;12;1;0;0;4416599;3437129;4417;2;3609109;2809;31;0;1
FR;3;2022-01-14;4;427;10;0;421;13;1;0;0;4416603;3437556;4427;2;3609530;2822;32;0;1
FR;3;2022-01-15;0;283;2;0;279;3;0;0;0;4416603;3437839;4429;2;3609809;2825;32;0;1
FR;3;2022-01-16;1;108;1;0;106;1;1;0;0;4416604;3437947;4430;2;3609915;2826;33;0;1
FR;3;2022-01-17;2;327;8;0;324;9;1;0;0;4416606;3438274;4438;2;3610239;2835;34;0;1
FR;3;2022-01-18;2;367;1;0;363;2;1;0;0;4416608;3438641;4439;2;3610602;2837;35;0;1
FR;3;2022-01-19;2;326;5;0;320;10;0;0;0;4416610;3438967;4444;2;3610922;2847;35;0;1
FR;3;2022-01-20;1;353;5;0;352;3;2;0;0;4416611;3439320;4449;2;3611274;2850;37;0;1
FR;3;2022-01-21;4;347;5;0;341;7;2;0;0;4416615;3439667;4454;2;3611615;2857;39;0;1
FR;3;2022-01-22;2;224;1;0;220;2;3;0;0;4416617;3439891;4455;2;3611835;2859;42;0;1
FR;3;2022-01-23;0;78;0;0;76;1;1;0;0;4416617;3439969;4455;2;3611911;2860;43;0;1
FR;3;2022-01-24;2;323;1;0;315;6;2;0;0;4416619;3440292;4456;2;3612226;2866;45;0;1
FR;3;2022-01-25;0;176;0;0;173;0;1;0;0;4416619;3440468;4456;2;3612399;2866;46;0;1
FR;3;2022-01-26;0;77;0;0;77;0;0;0;0;4416619;3440545;4456;2;3612476;2866;46;0;1
FR;3;2022-01-27;0;53;0;0;53;0;0;0;0;4416619;3440598;4456;2;3612529;2866;46;0;1
FR;3;2022-01-28;0;116;0;0;115;0;0;0;0;4416619;3440714;4456;2;3612644;2866;46;0;1
FR;3;2022-01-29;0;98;0;0;98;0;0;0;0;4416619;3440812;4456;2;3612742;2866;46;0;1
FR;3;2022-01-30;0;50;0;0;50;0;0;0;0;4416619;3440862;4456;2;3612792;2866;46;0;1
FR;3;2022-01-31;0;91;0;0;91;0;0;0;0;4416619;3440953;4456;2;3612883;2866;46;0;1
FR;3;2022-02-01;0;98;0;0;96;1;0;0;0;4416619;3441051;4456;2;3612979;2867;46;0;1
FR;3;2022-02-02;0;85;0;0;83;0;0;0;0;4416619;3441136;4456;2;3613062;2867;46;0;1
FR;3;2022-02-03;0;94;0;0;92;0;0;0;0;4416619;3441230;4456;2;3613154;2867;46;0;1
FR;3;2022-02-04;0;114;0;0;111;0;1;0;0;4416619;3441344;4456;2;3613265;2867;47;0;1
FR;3;2022-02-05;0;71;0;0;71;0;0;0;0;4416619;3441415;4456;2;3613336;2867;47;0;1
FR;3;2022-02-06;0;10;0;0;10;0;0;0;0;4416619;3441425;4456;2;3613346;2867;47;0;1
FR;3;2022-02-07;0;76;0;0;76;0;0;0;0;4416619;3441501;4456;2;3613422;2867;47;0;1
FR;3;2022-02-08;0;0;0;0;0;0;0;0;0;4416619;3441501;4456;2;3613422;2867;47;0;1
FR;3;2022-02-09;0;0;0;0;0;0;0;0;0;4416619;3441501;4456;2;3613422;2867;47;0;1
FR;3;2022-02-10;0;0;0;0;0;0;0;0;0;4416619;3441501;4456;2;3613422;2867;47;0;1
FR;3;2022-02-11;0;0;0;0;0;0;0;0;0;4416619;3441501;4456;2;3613422;2867;47;0;1
FR;3;2022-02-12;0;0;0;0;0;0;0;0;0;4416619;3441501;4456;2;3613422;2867;47;0;1
FR;3;2022-02-13;0;0;0;0;0;0;0;0;0;4416619;3441501;4456;2;3613422;2867;47;0;1
FR;3;2022-02-14;0;0;0;0;0;0;0;0;0;4416619;3441501;4456;2;3613422;2867;47;0;1
FR;3;2022-02-15;0;0;0;0;0;0;0;0;0;4416619;3441501;4456;2;3613422;2867;47;0;1
FR;3;2022-02-16;0;0;0;0;0;0;0;0;0;4416619;3441501;4456;2;3613422;2867;47;0;1
FR;3;2022-02-17;0;0;0;0;0;0;0;0;0;4416619;3441501;4456;2;3613422;2867;47;0;1
FR;3;2022-02-18;0;0;0;0;0;0;0;0;0;4416619;3441501;4456;2;3613422;2867;47;0;1
FR;3;2022-02-19;0;0;0;0;0;0;0;0;0;4416619;3441501;4456;2;3613422;2867;47;0;1
FR;3;2022-02-20;0;0;0;0;0;0;0;0;0;4416619;3441501;4456;2;3613422;2867;47;0;1
FR;3;2022-02-21;2;0;0;0;0;0;0;0;0;4416621;3441501;4456;2;3613422;2867;47;0;1
FR;3;2022-02-22;0;0;0;0;0;0;0;0;0;4416621;3441501;4456;2;3613422;2867;47;0;1
FR;3;2022-02-23;0;0;0;0;0;0;0;0;0;4416621;3441501;4456;2;3613422;2867;47;0;1
FR;3;2022-02-24;0;0;0;0;0;0;0;0;0;4416621;3441501;4456;2;3613422;2867;47;0;1
FR;3;2022-02-25;0;0;0;0;0;0;0;0;0;4416621;3441501;4456;2;3613422;2867;47;0;1
FR;3;2022-02-26;0;0;0;0;0;0;0;0;0;4416621;3441501;4456;2;3613422;2867;47;0;1
FR;3;2022-02-27;0;0;0;0;0;0;0;0;0;4416621;3441501;4456;2;3613422;2867;47;0;1
FR;3;2022-02-28;1;0;0;0;0;0;0;0;0;4416622;3441501;4456;2;3613422;2867;47;0;1
FR;3;2022-03-01;1;0;0;0;0;0;0;0;0;4416623;3441501;4456;2;3613422;2867;47;0;1
FR;3;2022-03-02;0;0;0;0;0;0;0;0;0;4416623;3441501;4456;2;3613422;2867;47;0;1
FR;3;2022-03-03;0;0;0;0;0;0;0;0;0;4416623;3441501;4456;2;3613422;2867;47;0;1
FR;3;2022-03-04;0;0;0;0;0;0;0;0;0;4416623;3441501;4456;2;3613422;2867;47;0;1
FR;3;2022-03-05;0;0;0;0;0;0;0;0;0;4416623;3441501;4456;2;3613422;2867;47;0;1
FR;3;2022-03-06;1;0;0;0;0;0;0;0;0;4416624;3441501;4456;2;3613422;2867;47;0;1
FR;3;2022-03-07;0;0;0;0;0;0;0;0;0;4416624;3441501;4456;2;3613422;2867;47;0;1
FR;3;2022-03-08;1;0;0;0;0;0;0;0;0;4416625;3441501;4456;2;3613422;2867;47;0;1
FR;3;2022-03-09;0;0;0;0;0;0;0;0;0;4416625;3441501;4456;2;3613422;2867;47;0;1
FR;3;2022-03-10;0;0;0;0;0;0;0;0;0;4416625;3441501;4456;2;3613422;2867;47;0;1
FR;3;2022-03-11;0;0;0;0;0;0;0;0;0;4416625;3441501;4456;2;3613422;2867;47;0;1
FR;3;2022-03-12;0;0;0;0;0;0;0;0;0;4416625;3441501;4456;2;3613422;2867;47;0;1
FR;3;2022-03-13;0;0;0;0;0;0;0;0;0;4416625;3441501;4456;2;3613422;2867;47;0;1
FR;3;2022-03-14;0;0;0;0;0;0;0;0;0;4416625;3441501;4456;2;3613422;2867;47;0;1
FR;3;2022-03-15;0;0;0;0;0;0;0;0;0;4416625;3441501;4456;2;3613422;2867;47;0;1
FR;3;2022-03-16;0;0;0;0;0;0;0;0;0;4416625;3441501;4456;2;3613422;2867;47;0;1
FR;3;2022-03-17;0;0;0;0;0;0;0;0;0;4416625;3441501;4456;2;3613422;2867;47;0;1
FR;3;2022-03-18;0;0;0;0;0;0;0;0;0;4416625;3441501;4456;2;3613422;2867;47;0;1
FR;3;2022-03-19;0;0;0;0;0;0;0;0;0;4416625;3441501;4456;2;3613422;2867;47;0;1
FR;3;2022-03-20;1;0;0;0;0;0;0;0;0;4416626;3441501;4456;2;3613422;2867;47;0;1
FR;3;2022-03-21;0;0;0;0;0;0;0;0;0;4416626;3441501;4456;2;3613422;2867;47;0;1
FR;3;2022-03-22;0;0;0;0;0;0;0;0;0;4416626;3441501;4456;2;3613422;2867;47;0;1
FR;3;2022-03-23;1;0;0;0;0;0;0;0;0;4416627;3441501;4456;2;3613422;2867;47;0;1
FR;3;2022-03-24;0;0;0;0;0;0;0;0;0;4416627;3441501;4456;2;3613422;2867;47;0;1
FR;3;2022-03-25;1;0;0;0;0;0;0;0;0;4416628;3441501;4456;2;3613422;2867;47;0;1
FR;3;2022-03-26;0;0;0;0;0;0;0;0;0;4416628;3441501;4456;2;3613422;2867;47;0;1
FR;3;2022-03-27;0;0;0;0;0;0;0;0;0;4416628;3441501;4456;2;3613422;2867;47;0;1
FR;3;2022-03-28;0;0;0;0;0;0;0;0;0;4416628;3441501;4456;2;3613422;2867;47;0;1
FR;3;2022-03-29;0;0;0;0;0;0;0;0;0;4416628;3441501;4456;2;3613422;2867;47;0;1
FR;3;2022-03-30;0;0;0;0;0;0;0;0;0;4416628;3441501;4456;2;3613422;2867;47;0;1
FR;3;2022-03-31;0;0;0;0;0;0;0;0;0;4416628;3441501;4456;2;3613422;2867;47;0;1
FR;3;2022-04-01;0;0;0;0;0;0;0;0;0;4416628;3441501;4456;2;3613422;2867;47;0;1
FR;3;2022-04-02;0;0;0;0;0;0;0;0;0;4416628;3441501;4456;2;3613422;2867;47;0;1
FR;3;2022-04-03;0;0;0;0;0;0;0;0;0;4416628;3441501;4456;2;3613422;2867;47;0;1
FR;3;2022-04-04;0;0;0;0;0;0;0;0;0;4416628;3441501;4456;2;3613422;2867;47;0;1
FR;3;2022-04-05;0;0;0;0;0;0;0;0;0;4416628;3441501;4456;2;3613422;2867;47;0;1
FR;3;2022-04-06;0;0;0;0;0;0;0;0;0;4416628;3441501;4456;2;3613422;2867;47;0;1
FR;3;2022-04-07;0;0;0;0;0;0;0;0;0;4416628;3441501;4456;2;3613422;2867;47;0;1
FR;3;2022-04-08;0;0;0;0;0;0;0;0;0;4416628;3441501;4456;2;3613422;2867;47;0;1
FR;3;2022-04-09;0;0;0;0;0;0;0;0;0;4416628;3441501;4456;2;3613422;2867;47;0;1
FR;3;2022-04-10;0;0;0;0;0;0;0;0;0;4416628;3441501;4456;2;3613422;2867;47;0;1
FR;3;2022-04-11;0;0;0;0;0;0;0;0;0;4416628;3441501;4456;2;3613422;2867;47;0;1
FR;3;2022-04-12;0;0;0;0;0;0;0;0;0;4416628;3441501;4456;2;3613422;2867;47;0;1
FR;3;2022-04-13;0;0;0;0;0;0;0;0;0;4416628;3441501;4456;2;3613422;2867;47;0;1
FR;3;2022-04-14;0;0;0;0;0;0;0;0;0;4416628;3441501;4456;2;3613422;2867;47;0;1
FR;3;2022-04-15;1;0;0;0;0;0;0;0;0;4416629;3441501;4456;2;3613422;2867;47;0;1
FR;3;2022-04-16;0;0;0;0;0;0;0;0;0;4416629;3441501;4456;2;3613422;2867;47;0;1
FR;3;2022-04-17;0;0;0;0;0;0;0;0;0;4416629;3441501;4456;2;3613422;2867;47;0;1
FR;3;2022-04-18;0;0;0;0;0;0;0;0;0;4416629;3441501;4456;2;3613422;2867;47;0;1
FR;3;2022-04-19;0;0;0;0;0;0;0;0;0;4416629;3441501;4456;2;3613422;2867;47;0;1
FR;3;2022-04-20;0;0;0;0;0;0;0;0;0;4416629;3441501;4456;2;3613422;2867;47;0;1
FR;3;2022-04-21;0;0;0;0;0;0;0;0;0;4416629;3441501;4456;2;3613422;2867;47;0;1
FR;3;2022-04-22;0;0;0;0;0;0;0;0;0;4416629;3441501;4456;2;3613422;2867;47;0;1
FR;3;2022-04-23;0;0;0;0;0;0;0;0;0;4416629;3441501;4456;2;3613422;2867;47;0;1
FR;3;2022-04-24;0;0;0;0;0;0;0;0;0;4416629;3441501;4456;2;3613422;2867;47;0;1
FR;3;2022-04-25;0;0;0;0;0;0;0;0;0;4416629;3441501;4456;2;3613422;2867;47;0;1
FR;3;2022-04-26;0;0;0;0;0;0;0;0;0;4416629;3441501;4456;2;3613422;2867;47;0;1
FR;3;2022-04-27;0;0;0;0;0;0;0;0;0;4416629;3441501;4456;2;3613422;2867;47;0;1
FR;3;2022-04-28;0;0;0;0;0;0;0;0;0;4416629;3441501;4456;2;3613422;2867;47;0;1
FR;3;2022-04-29;0;0;0;0;0;0;0;0;0;4416629;3441501;4456;2;3613422;2867;47;0;1
FR;3;2022-04-30;0;0;0;0;0;0;0;0;0;4416629;3441501;4456;2;3613422;2867;47;0;1
FR;3;2022-05-01;0;0;0;0;0;0;0;0;0;4416629;3441501;4456;2;3613422;2867;47;0;1
FR;3;2022-05-02;0;0;0;0;0;0;0;0;0;4416629;3441501;4456;2;3613422;2867;47;0;1
FR;3;2022-05-03;0;0;0;0;0;0;0;0;0;4416629;3441501;4456;2;3613422;2867;47;0;1
FR;3;2022-05-04;0;0;0;0;0;0;0;0;0;4416629;3441501;4456;2;3613422;2867;47;0;1
FR;3;2022-05-05;0;0;0;0;0;0;0;0;0;4416629;3441501;4456;2;3613422;2867;47;0;1
FR;3;2022-05-06;0;0;0;0;0;0;0;0;0;4416629;3441501;4456;2;3613422;2867;47;0;1
FR;3;2022-05-07;0;0;0;0;0;0;0;0;0;4416629;3441501;4456;2;3613422;2867;47;0;1
FR;3;2022-05-08;0;0;0;0;0;0;0;0;0;4416629;3441501;4456;2;3613422;2867;47;0;1
FR;3;2022-05-09;0;0;0;0;0;0;0;0;0;4416629;3441501;4456;2;3613422;2867;47;0;1
FR;3;2022-05-10;0;0;0;0;0;0;0;0;0;4416629;3441501;4456;2;3613422;2867;47;0;1
FR;3;2022-05-11;0;0;0;0;0;0;0;0;0;4416629;3441501;4456;2;3613422;2867;47;0;1
FR;3;2022-05-12;0;0;0;0;0;0;0;0;0;4416629;3441501;4456;2;3613422;2867;47;0;1
FR;3;2022-05-13;0;0;0;0;0;0;0;0;0;4416629;3441501;4456;2;3613422;2867;47;0;1
FR;3;2022-05-14;1;0;0;0;0;0;0;0;0;4416630;3441501;4456;2;3613422;2867;47;0;1
FR;3;2022-05-15;0;0;0;0;0;0;0;0;0;4416630;3441501;4456;2;3613422;2867;47;0;1
FR;3;2022-05-16;0;0;0;0;0;0;0;0;0;4416630;3441501;4456;2;3613422;2867;47;0;1
FR;3;2022-05-17;0;0;0;0;0;0;0;0;0;4416630;3441501;4456;2;3613422;2867;47;0;1
FR;3;2022-05-18;0;0;0;0;0;0;0;0;0;4416630;3441501;4456;2;3613422;2867;47;0;1
FR;3;2022-05-19;0;0;0;0;0;0;0;0;0;4416630;3441501;4456;2;3613422;2867;47;0;1
FR;3;2022-05-20;0;0;0;0;0;0;0;0;0;4416630;3441501;4456;2;3613422;2867;47;0;1
FR;3;2022-05-21;0;0;0;0;0;0;0;0;0;4416630;3441501;4456;2;3613422;2867;47;0;1
FR;3;2022-05-22;0;0;0;0;0;0;0;0;0;4416630;3441501;4456;2;3613422;2867;47;0;1
FR;3;2022-05-23;0;0;0;0;0;0;0;0;0;4416630;3441501;4456;2;3613422;2867;47;0;1
FR;3;2022-05-24;0;0;0;0;0;0;0;0;0;4416630;3441501;4456;2;3613422;2867;47;0;1
FR;3;2022-05-25;0;0;0;0;0;0;0;0;0;4416630;3441501;4456;2;3613422;2867;47;0;1
FR;3;2022-05-26;0;0;0;0;0;0;0;0;0;4416630;3441501;4456;2;3613422;2867;47;0;1
FR;3;2022-05-27;0;0;0;0;0;0;0;0;0;4416630;3441501;4456;2;3613422;2867;47;0;1
FR;3;2022-05-28;0;0;0;0;0;0;0;0;0;4416630;3441501;4456;2;3613422;2867;47;0;1
FR;3;2022-05-29;0;0;0;0;0;0;0;0;0;4416630;3441501;4456;2;3613422;2867;47;0;1
FR;3;2022-05-30;0;0;0;0;0;0;0;0;0;4416630;3441501;4456;2;3613422;2867;47;0;1
FR;3;2022-05-31;0;0;0;0;0;0;0;0;0;4416630;3441501;4456;2;3613422;2867;47;0;1
FR;3;2022-06-01;0;0;0;0;0;0;0;0;0;4416630;3441501;4456;2;3613422;2867;47;0;1
FR;3;2022-06-02;0;0;0;0;0;0;0;0;0;4416630;3441501;4456;2;3613422;2867;47;0;1
FR;3;2022-06-03;0;0;0;0;0;0;0;0;0;4416630;3441501;4456;2;3613422;2867;47;0;1
FR;3;2022-06-04;0;0;0;0;0;0;0;0;0;4416630;3441501;4456;2;3613422;2867;47;0;1
FR;3;2022-06-05;0;0;0;0;0;0;0;0;0;4416630;3441501;4456;2;3613422;2867;47;0;1
FR;3;2022-06-06;0;0;0;0;0;0;0;0;0;4416630;3441501;4456;2;3613422;2867;47;0;1
FR;3;2022-06-07;0;0;0;0;0;0;0;0;0;4416630;3441501;4456;2;3613422;2867;47;0;1
FR;3;2022-06-08;0;0;0;0;0;0;0;0;0;4416630;3441501;4456;2;3613422;2867;47;0;1
FR;3;2022-06-09;0;0;0;0;0;0;0;0;0;4416630;3441501;4456;2;3613422;2867;47;0;1
FR;3;2022-06-10;0;0;0;0;0;0;0;0;0;4416630;3441501;4456;2;3613422;2867;47;0;1
FR;3;2022-06-11;0;0;0;0;0;0;0;0;0;4416630;3441501;4456;2;3613422;2867;47;0;1
FR;3;2022-06-12;0;0;0;0;0;0;0;0;0;4416630;3441501;4456;2;3613422;2867;47;0;1
FR;3;2022-06-13;1;0;0;0;0;0;0;0;0;4416631;3441501;4456;2;3613422;2867;47;0;1
FR;3;2022-06-14;0;0;0;0;0;0;0;0;0;4416631;3441501;4456;2;3613422;2867;47;0;1
FR;3;2022-06-15;0;0;0;0;0;0;0;0;0;4416631;3441501;4456;2;3613422;2867;47;0;1
FR;3;2022-06-16;0;0;0;0;0;0;0;0;0;4416631;3441501;4456;2;3613422;2867;47;0;1
FR;3;2022-06-17;0;0;0;0;0;0;0;0;0;4416631;3441501;4456;2;3613422;2867;47;0;1
FR;3;2022-06-18;0;0;0;0;0;0;0;0;0;4416631;3441501;4456;2;3613422;2867;47;0;1
FR;3;2022-06-19;0;0;0;0;0;0;0;0;0;4416631;3441501;4456;2;3613422;2867;47;0;1
FR;3;2022-06-20;0;0;0;0;0;0;0;0;0;4416631;3441501;4456;2;3613422;2867;47;0;1
FR;3;2022-06-21;0;0;0;0;0;0;0;0;0;4416631;3441501;4456;2;3613422;2867;47;0;1
FR;3;2022-06-22;0;0;0;0;0;0;0;0;0;4416631;3441501;4456;2;3613422;2867;47;0;1
FR;3;2022-06-23;0;0;0;0;0;0;0;0;0;4416631;3441501;4456;2;3613422;2867;47;0;1
FR;3;2022-06-24;0;0;0;0;0;0;0;0;0;4416631;3441501;4456;2;3613422;2867;47;0;1
FR;3;2022-06-25;0;0;0;0;0;0;0;0;0;4416631;3441501;4456;2;3613422;2867;47;0;1
FR;3;2022-06-26;0;0;0;0;0;0;0;0;0;4416631;3441501;4456;2;3613422;2867;47;0;1
FR;3;2022-06-27;0;0;0;0;0;0;0;0;0;4416631;3441501;4456;2;3613422;2867;47;0;1
FR;3;2022-06-28;0;0;0;0;0;0;0;0;0;4416631;3441501;4456;2;3613422;2867;47;0;1
FR;3;2022-06-29;1;0;0;0;0;0;0;0;0;4416632;3441501;4456;2;3613422;2867;47;0;1
FR;3;2022-06-30;0;0;0;0;0;0;0;0;0;4416632;3441501;4456;2;3613422;2867;47;0;1
FR;3;2022-07-01;0;0;0;0;0;0;0;0;0;4416632;3441501;4456;2;3613422;2867;47;0;1
FR;3;2022-07-02;0;0;0;0;0;0;0;0;0;4416632;3441501;4456;2;3613422;2867;47;0;1
FR;3;2022-07-03;0;0;0;0;0;0;0;0;0;4416632;3441501;4456;2;3613422;2867;47;0;1
FR;3;2022-07-04;0;0;0;0;0;0;0;0;0;4416632;3441501;4456;2;3613422;2867;47;0;1
FR;3;2022-07-05;0;0;0;0;0;0;0;0;0;4416632;3441501;4456;2;3613422;2867;47;0;1
FR;3;2022-07-06;0;0;0;0;0;0;0;0;0;4416632;3441501;4456;2;3613422;2867;47;0;1
FR;3;2022-07-07;0;0;0;0;0;0;0;0;0;4416632;3441501;4456;2;3613422;2867;47;0;1
FR;3;2022-07-08;0;0;0;0;0;0;0;0;0;4416632;3441501;4456;2;3613422;2867;47;0;1
FR;3;2022-07-09;0;0;0;0;0;0;0;0;0;4416632;3441501;4456;2;3613422;2867;47;0;1
FR;3;2022-07-10;0;0;0;0;0;0;0;0;0;4416632;3441501;4456;2;3613422;2867;47;0;1
FR;3;2022-07-11;0;0;0;0;0;0;0;0;0;4416632;3441501;4456;2;3613422;2867;47;0;1
FR;3;2022-07-12;0;0;0;0;0;0;0;0;0;4416632;3441501;4456;2;3613422;2867;47;0;1
FR;3;2022-07-13;0;0;0;0;0;0;0;0;0;4416632;3441501;4456;2;3613422;2867;47;0;1
FR;3;2022-07-14;0;0;0;0;0;0;0;0;0;4416632;3441501;4456;2;3613422;2867;47;0;1
FR;3;2022-07-15;0;0;0;0;0;0;0;0;0;4416632;3441501;4456;2;3613422;2867;47;0;1
FR;3;2022-07-16;0;0;0;0;0;0;0;0;0;4416632;3441501;4456;2;3613422;2867;47;0;1
FR;3;2022-07-17;0;0;0;0;0;0;0;0;0;4416632;3441501;4456;2;3613422;2867;47;0;1
FR;3;2022-07-18;0;0;0;0;0;0;0;0;0;4416632;3441501;4456;2;3613422;2867;47;0;1
FR;3;2022-07-19;0;0;0;0;0;0;0;0;0;4416632;3441501;4456;2;3613422;2867;47;0;1
FR;3;2022-07-20;0;0;0;0;0;0;0;0;0;4416632;3441501;4456;2;3613422;2867;47;0;1
FR;3;2022-07-21;0;0;0;0;0;0;0;0;0;4416632;3441501;4456;2;3613422;2867;47;0;1
FR;3;2022-07-22;0;0;0;0;0;0;0;0;0;4416632;3441501;4456;2;3613422;2867;47;0;1
FR;3;2022-07-23;0;0;0;0;0;0;0;0;0;4416632;3441501;4456;2;3613422;2867;47;0;1
FR;3;2022-07-24;0;0;0;0;0;0;0;0;0;4416632;3441501;4456;2;3613422;2867;47;0;1
FR;3;2022-07-25;0;0;0;0;0;0;0;0;0;4416632;3441501;4456;2;3613422;2867;47;0;1
FR;3;2022-07-26;0;0;0;0;0;0;0;0;0;4416632;3441501;4456;2;3613422;2867;47;0;1
FR;3;2022-07-27;0;0;0;0;0;0;0;0;0;4416632;3441501;4456;2;3613422;2867;47;0;1
FR;3;2022-07-28;0;0;0;0;0;0;0;0;0;4416632;3441501;4456;2;3613422;2867;47;0;1
FR;3;2022-07-29;0;0;0;0;0;0;0;0;0;4416632;3441501;4456;2;3613422;2867;47;0;1
FR;3;2022-07-30;0;0;0;0;0;0;0;0;0;4416632;3441501;4456;2;3613422;2867;47;0;1
FR;3;2022-07-31;0;0;0;0;0;0;0;0;0;4416632;3441501;4456;2;3613422;2867;47;0;1
FR;3;2022-08-01;0;0;0;0;0;0;0;0;0;4416632;3441501;4456;2;3613422;2867;47;0;1
FR;3;2022-08-02;0;0;0;0;0;0;0;0;0;4416632;3441501;4456;2;3613422;2867;47;0;1
FR;3;2022-08-03;0;0;0;0;0;0;0;0;0;4416632;3441501;4456;2;3613422;2867;47;0;1
FR;3;2022-08-04;0;0;0;0;0;0;0;0;0;4416632;3441501;4456;2;3613422;2867;47;0;1
FR;3;2022-08-05;0;0;0;0;0;0;0;0;0;4416632;3441501;4456;2;3613422;2867;47;0;1
FR;3;2022-08-06;0;0;0;0;0;0;0;0;0;4416632;3441501;4456;2;3613422;2867;47;0;1
FR;3;2022-08-07;0;0;0;0;0;0;0;0;0;4416632;3441501;4456;2;3613422;2867;47;0;1
FR;3;2022-08-08;0;0;0;0;0;0;0;0;0;4416632;3441501;4456;2;3613422;2867;47;0;1
FR;3;2022-08-09;0;0;0;0;0;0;0;0;0;4416632;3441501;4456;2;3613422;2867;47;0;1
FR;3;2022-08-10;0;0;0;0;0;0;0;0;0;4416632;3441501;4456;2;3613422;2867;47;0;1
FR;3;2022-08-11;0;0;0;0;0;0;0;0;0;4416632;3441501;4456;2;3613422;2867;47;0;1
FR;3;2022-08-12;0;0;0;0;0;0;0;0;0;4416632;3441501;4456;2;3613422;2867;47;0;1
FR;3;2022-08-13;0;0;0;0;0;0;0;0;0;4416632;3441501;4456;2;3613422;2867;47;0;1
FR;3;2022-08-14;0;0;0;0;0;0;0;0;0;4416632;3441501;4456;2;3613422;2867;47;0;1
FR;3;2022-08-15;0;0;0;0;0;0;0;0;0;4416632;3441501;4456;2;3613422;2867;47;0;1
FR;3;2022-08-16;0;0;0;0;0;0;0;0;0;4416632;3441501;4456;2;3613422;2867;47;0;1
FR;3;2022-08-17;0;0;0;0;0;0;0;0;0;4416632;3441501;4456;2;3613422;2867;47;0;1
FR;3;2022-08-18;0;0;0;0;0;0;0;0;0;4416632;3441501;4456;2;3613422;2867;47;0;1
FR;3;2022-08-19;0;0;0;0;0;0;0;0;0;4416632;3441501;4456;2;3613422;2867;47;0;1
FR;3;2022-08-20;0;0;0;0;0;0;0;0;0;4416632;3441501;4456;2;3613422;2867;47;0;1
FR;3;2022-08-21;0;0;0;0;0;0;0;0;0;4416632;3441501;4456;2;3613422;2867;47;0;1
FR;3;2022-08-22;0;0;0;0;0;0;0;0;0;4416632;3441501;4456;2;3613422;2867;47;0;1
FR;3;2022-08-23;0;0;0;0;0;0;0;0;0;4416632;3441501;4456;2;3613422;2867;47;0;1
FR;3;2022-08-24;0;0;0;0;0;0;0;0;0;4416632;3441501;4456;2;3613422;2867;47;0;1
FR;3;2022-08-25;0;0;0;0;0;0;0;0;0;4416632;3441501;4456;2;3613422;2867;47;0;1
FR;3;2022-08-26;0;0;0;0;0;0;0;0;0;4416632;3441501;4456;2;3613422;2867;47;0;1
FR;3;2022-08-27;0;0;0;0;0;0;0;0;0;4416632;3441501;4456;2;3613422;2867;47;0;1
FR;3;2022-08-28;0;0;0;0;0;0;0;0;0;4416632;3441501;4456;2;3613422;2867;47;0;1
FR;3;2022-08-29;0;0;0;0;0;0;0;0;0;4416632;3441501;4456;2;3613422;2867;47;0;1
FR;3;2022-08-30;0;0;0;0;0;0;0;0;0;4416632;3441501;4456;2;3613422;2867;47;0;1
FR;3;2022-08-31;0;0;0;0;0;0;0;0;0;4416632;3441501;4456;2;3613422;2867;47;0;1
FR;3;2022-09-01;0;0;0;0;0;0;0;0;0;4416632;3441501;4456;2;3613422;2867;47;0;1
FR;3;2022-09-02;0;0;0;0;0;0;0;0;0;4416632;3441501;4456;2;3613422;2867;47;0;1
FR;3;2022-09-03;0;0;0;0;0;0;0;0;0;4416632;3441501;4456;2;3613422;2867;47;0;1
FR;3;2022-09-04;0;0;0;0;0;0;0;0;0;4416632;3441501;4456;2;3613422;2867;47;0;1
FR;3;2022-09-05;0;0;0;0;0;0;0;0;0;4416632;3441501;4456;2;3613422;2867;47;0;1
FR;3;2022-09-06;0;0;0;0;0;0;0;0;0;4416632;3441501;4456;2;3613422;2867;47;0;1
FR;3;2022-09-07;0;0;0;0;0;0;0;0;0;4416632;3441501;4456;2;3613422;2867;47;0;1
FR;3;2022-09-08;0;0;0;0;0;0;0;0;0;4416632;3441501;4456;2;3613422;2867;47;0;1
FR;3;2022-09-09;0;0;0;0;0;0;0;0;0;4416632;3441501;4456;2;3613422;2867;47;0;1
FR;3;2022-09-10;0;0;0;0;0;0;0;0;0;4416632;3441501;4456;2;3613422;2867;47;0;1
FR;3;2022-09-11;0;0;0;0;0;0;0;0;0;4416632;3441501;4456;2;3613422;2867;47;0;1
FR;3;2022-09-12;0;0;0;0;0;0;0;0;0;4416632;3441501;4456;2;3613422;2867;47;0;1
FR;3;2022-09-13;0;0;0;0;0;0;0;0;0;4416632;3441501;4456;2;3613422;2867;47;0;1
FR;3;2022-09-14;0;0;0;0;0;0;0;0;0;4416632;3441501;4456;2;3613422;2867;47;0;1
FR;3;2022-09-15;0;0;0;0;0;0;0;0;0;4416632;3441501;4456;2;3613422;2867;47;0;1
FR;3;2022-09-16;0;0;0;0;0;0;0;0;0;4416632;3441501;4456;2;3613422;2867;47;0;1
FR;3;2022-09-17;0;0;0;0;0;0;0;0;0;4416632;3441501;4456;2;3613422;2867;47;0;1
FR;3;2022-09-18;0;0;0;0;0;0;0;0;0;4416632;3441501;4456;2;3613422;2867;47;0;1
FR;3;2022-09-19;0;0;0;0;0;0;0;0;0;4416632;3441501;4456;2;3613422;2867;47;0;1
FR;3;2022-09-20;0;0;0;0;0;0;0;0;0;4416632;3441501;4456;2;3613422;2867;47;0;1
FR;3;2022-09-21;0;0;0;0;0;0;0;0;0;4416632;3441501;4456;2;3613422;2867;47;0;1
FR;3;2022-09-22;0;0;0;0;0;0;0;0;0;4416632;3441501;4456;2;3613422;2867;47;0;1
FR;3;2022-09-23;0;0;0;0;0;0;0;0;0;4416632;3441501;4456;2;3613422;2867;47;0;1
FR;3;2022-09-24;0;0;0;0;0;0;0;0;0;4416632;3441501;4456;2;3613422;2867;47;0;1
FR;3;2022-09-25;0;0;0;0;0;0;0;0;0;4416632;3441501;4456;2;3613422;2867;47;0;1
FR;3;2022-09-26;0;0;0;0;0;0;0;0;0;4416632;3441501;4456;2;3613422;2867;47;0;1
FR;3;2022-09-27;0;0;0;0;0;0;0;0;0;4416632;3441501;4456;2;3613422;2867;47;0;1
FR;3;2022-09-28;0;0;0;0;0;0;0;0;0;4416632;3441501;4456;2;3613422;2867;47;0;1
FR;3;2022-09-29;0;0;0;0;0;0;0;0;0;4416632;3441501;4456;2;3613422;2867;47;0;1
FR;3;2022-09-30;0;0;0;0;0;0;0;0;0;4416632;3441501;4456;2;3613422;2867;47;0;1
FR;3;2022-10-01;0;0;0;0;0;0;0;0;0;4416632;3441501;4456;2;3613422;2867;47;0;1
FR;3;2022-10-02;0;0;0;0;0;0;0;0;0;4416632;3441501;4456;2;3613422;2867;47;0;1
FR;3;2022-10-03;0;0;0;0;0;0;0;0;0;4416632;3441501;4456;2;3613422;2867;47;0;1
FR;3;2022-10-04;0;0;0;0;0;0;0;0;0;4416632;3441501;4456;2;3613422;2867;47;0;1
FR;3;2022-10-05;0;0;0;0;0;0;0;0;0;4416632;3441501;4456;2;3613422;2867;47;0;1
FR;3;2022-10-06;0;0;0;0;0;0;0;0;0;4416632;3441501;4456;2;3613422;2867;47;0;1
FR;3;2022-10-07;0;0;0;0;0;0;0;0;0;4416632;3441501;4456;2;3613422;2867;47;0;1
FR;3;2022-10-08;0;0;0;0;0;0;0;0;0;4416632;3441501;4456;2;3613422;2867;47;0;1
FR;3;2022-10-09;0;0;0;0;0;0;0;0;0;4416632;3441501;4456;2;3613422;2867;47;0;1
FR;3;2022-10-10;0;0;0;0;0;0;0;0;0;4416632;3441501;4456;2;3613422;2867;47;0;1
FR;3;2022-10-11;0;0;0;0;0;0;0;0;0;4416632;3441501;4456;2;3613422;2867;47;0;1
FR;3;2022-10-12;0;0;0;0;0;0;0;0;0;4416632;3441501;4456;2;3613422;2867;47;0;1
FR;3;2022-10-13;0;0;0;0;0;0;0;0;0;4416632;3441501;4456;2;3613422;2867;47;0;1
FR;3;2022-10-14;0;0;0;0;0;0;0;0;0;4416632;3441501;4456;2;3613422;2867;47;0;1
FR;3;2022-10-15;0;0;0;0;0;0;0;0;0;4416632;3441501;4456;2;3613422;2867;47;0;1
FR;3;2022-10-16;0;0;0;0;0;0;0;0;0;4416632;3441501;4456;2;3613422;2867;47;0;1
FR;3;2022-10-17;0;0;0;0;0;0;0;0;0;4416632;3441501;4456;2;3613422;2867;47;0;1
FR;3;2022-10-18;0;0;0;0;0;0;0;0;0;4416632;3441501;4456;2;3613422;2867;47;0;1
FR;3;2022-10-19;0;0;0;0;0;0;0;0;0;4416632;3441501;4456;2;3613422;2867;47;0;1
FR;3;2022-10-20;0;0;0;0;0;0;0;0;0;4416632;3441501;4456;2;3613422;2867;47;0;1
FR;3;2022-10-21;0;0;0;0;0;0;0;0;0;4416632;3441501;4456;2;3613422;2867;47;0;1
FR;3;2022-10-22;0;0;0;0;0;0;0;0;0;4416632;3441501;4456;2;3613422;2867;47;0;1
FR;3;2022-10-23;0;0;0;0;0;0;0;0;0;4416632;3441501;4456;2;3613422;2867;47;0;1
FR;3;2022-10-24;0;0;0;0;0;0;0;0;0;4416632;3441501;4456;2;3613422;2867;47;0;1
FR;3;2022-10-25;0;0;0;0;0;0;0;0;0;4416632;3441501;4456;2;3613422;2867;47;0;1
FR;3;2022-10-26;0;0;0;0;0;0;0;0;0;4416632;3441501;4456;2;3613422;2867;47;0;1
FR;3;2022-10-27;0;0;0;0;0;0;0;0;0;4416632;3441501;4456;2;3613422;2867;47;0;1
FR;3;2022-10-28;0;0;0;0;0;0;0;0;0;4416632;3441501;4456;2;3613422;2867;47;0;1
FR;3;2022-10-29;0;0;0;0;0;0;0;0;0;4416632;3441501;4456;2;3613422;2867;47;0;1
FR;3;2022-10-30;0;0;0;0;0;0;0;0;0;4416632;3441501;4456;2;3613422;2867;47;0;1
FR;3;2022-10-31;0;0;0;0;0;0;0;0;0;4416632;3441501;4456;2;3613422;2867;47;0;1
FR;3;2022-11-01;0;0;0;0;0;0;0;0;0;4416632;3441501;4456;2;3613422;2867;47;0;1
FR;3;2022-11-02;0;0;0;0;0;0;0;0;0;4416632;3441501;4456;2;3613422;2867;47;0;1
FR;3;2022-11-03;0;0;0;0;0;0;0;0;0;4416632;3441501;4456;2;3613422;2867;47;0;1
FR;3;2022-11-04;0;0;0;0;0;0;0;0;0;4416632;3441501;4456;2;3613422;2867;47;0;1
FR;3;2022-11-05;0;0;0;0;0;0;0;0;0;4416632;3441501;4456;2;3613422;2867;47;0;1
FR;3;2022-11-06;0;0;0;0;0;0;0;0;0;4416632;3441501;4456;2;3613422;2867;47;0;1
FR;3;2022-11-07;0;0;0;0;0;0;0;0;0;4416632;3441501;4456;2;3613422;2867;47;0;1
FR;3;2022-11-08;1;0;0;0;0;0;0;0;0;4416633;3441501;4456;2;3613422;2867;47;0;1
FR;3;2022-11-09;0;0;0;0;0;0;0;0;0;4416633;3441501;4456;2;3613422;2867;47;0;1
FR;3;2022-11-10;0;0;0;0;0;0;0;0;0;4416633;3441501;4456;2;3613422;2867;47;0;1
FR;3;2022-11-11;0;0;0;0;0;0;0;0;0;4416633;3441501;4456;2;3613422;2867;47;0;1
FR;3;2022-11-12;0;0;0;0;0;0;0;0;0;4416633;3441501;4456;2;3613422;2867;47;0;1
FR;3;2022-11-13;0;0;0;0;0;0;0;0;0;4416633;3441501;4456;2;3613422;2867;47;0;1
FR;3;2022-11-14;0;0;0;0;0;0;0;0;0;4416633;3441501;4456;2;3613422;2867;47;0;1
FR;3;2022-11-15;0;0;0;0;0;0;0;0;0;4416633;3441501;4456;2;3613422;2867;47;0;1
FR;3;2022-11-16;0;0;0;0;0;0;0;0;0;4416633;3441501;4456;2;3613422;2867;47;0;1
FR;3;2022-11-17;0;0;0;0;0;0;0;0;0;4416633;3441501;4456;2;3613422;2867;47;0;1
FR;3;2022-11-18;0;0;0;0;0;0;0;0;0;4416633;3441501;4456;2;3613422;2867;47;0;1
FR;3;2022-11-19;0;0;0;0;0;0;0;0;0;4416633;3441501;4456;2;3613422;2867;47;0;1
FR;3;2022-11-20;0;0;0;0;0;0;0;0;0;4416633;3441501;4456;2;3613422;2867;47;0;1
FR;3;2022-11-21;0;0;0;0;0;0;0;0;0;4416633;3441501;4456;2;3613422;2867;47;0;1
FR;3;2022-11-22;0;0;0;0;0;0;0;0;0;4416633;3441501;4456;2;3613422;2867;47;0;1
FR;3;2022-11-23;0;0;0;0;0;0;0;0;0;4416633;3441501;4456;2;3613422;2867;47;0;1
FR;3;2022-11-24;0;0;0;0;0;0;0;0;0;4416633;3441501;4456;2;3613422;2867;47;0;1
FR;3;2022-11-25;0;0;0;0;0;0;0;0;0;4416633;3441501;4456;2;3613422;2867;47;0;1
FR;3;2022-11-26;0;0;0;0;0;0;0;0;0;4416633;3441501;4456;2;3613422;2867;47;0;1
FR;3;2022-11-27;0;0;0;0;0;0;0;0;0;4416633;3441501;4456;2;3613422;2867;47;0;1
FR;3;2022-11-28;0;0;0;0;0;0;0;0;0;4416633;3441501;4456;2;3613422;2867;47;0;1
FR;3;2022-11-29;0;0;0;0;0;0;0;0;0;4416633;3441501;4456;2;3613422;2867;47;0;1
FR;3;2022-11-30;0;0;0;0;0;0;0;0;0;4416633;3441501;4456;2;3613422;2867;47;0;1
FR;3;2022-12-01;0;0;0;0;0;0;0;0;0;4416633;3441501;4456;2;3613422;2867;47;0;1
FR;3;2022-12-02;0;0;0;0;0;0;0;0;0;4416633;3441501;4456;2;3613422;2867;47;0;1
FR;3;2022-12-03;0;0;0;0;0;0;0;0;0;4416633;3441501;4456;2;3613422;2867;47;0;1
FR;3;2022-12-04;0;0;0;0;0;0;0;0;0;4416633;3441501;4456;2;3613422;2867;47;0;1
FR;3;2022-12-05;0;0;0;0;0;0;0;0;0;4416633;3441501;4456;2;3613422;2867;47;0;1
FR;3;2022-12-06;0;0;0;0;0;0;0;0;0;4416633;3441501;4456;2;3613422;2867;47;0;1
FR;3;2022-12-07;0;0;0;0;0;0;0;0;0;4416633;3441501;4456;2;3613422;2867;47;0;1
FR;3;2022-12-08;0;0;0;0;0;0;0;0;0;4416633;3441501;4456;2;3613422;2867;47;0;1
FR;3;2022-12-09;0;0;0;0;0;0;0;0;0;4416633;3441501;4456;2;3613422;2867;47;0;1
FR;3;2022-12-10;0;0;0;0;0;0;0;0;0;4416633;3441501;4456;2;3613422;2867;47;0;1
FR;3;2022-12-11;0;0;0;0;0;0;0;0;0;4416633;3441501;4456;2;3613422;2867;47;0;1
FR;3;2022-12-12;0;0;0;0;0;0;0;0;0;4416633;3441501;4456;2;3613422;2867;47;0;1
FR;3;2022-12-13;0;0;0;0;0;0;0;0;0;4416633;3441501;4456;2;3613422;2867;47;0;1
FR;3;2022-12-14;0;0;0;0;0;0;0;0;0;4416633;3441501;4456;2;3613422;2867;47;0;1
FR;3;2022-12-15;0;0;0;0;0;0;0;0;0;4416633;3441501;4456;2;3613422;2867;47;0;1
FR;3;2022-12-16;0;0;0;0;0;0;0;0;0;4416633;3441501;4456;2;3613422;2867;47;0;1
FR;3;2022-12-17;0;0;0;0;0;0;0;0;0;4416633;3441501;4456;2;3613422;2867;47;0;1
FR;3;2022-12-18;0;0;0;0;0;0;0;0;0;4416633;3441501;4456;2;3613422;2867;47;0;1
FR;3;2022-12-19;0;0;0;0;0;0;0;0;0;4416633;3441501;4456;2;3613422;2867;47;0;1
FR;4;2020-12-27;0;0;0;0;0;0;0;0;0;0;0;0;0;0;0;0;0;0
FR;4;2020-12-28;0;0;0;0;0;0;0;0;0;0;0;0;0;0;0;0;0;0
FR;4;2020-12-29;0;0;0;0;0;0;0;0;0;0;0;0;0;0;0;0;0;0
FR;4;2020-12-30;0;0;0;0;0;0;0;0;0;0;0;0;0;0;0;0;0;0
FR;4;2020-12-31;0;0;0;0;0;0;0;0;0;0;0;0;0;0;0;0;0;0
FR;4;2021-01-01;0;0;0;0;0;0;0;0;0;0;0;0;0;0;0;0;0;0
FR;4;2021-01-02;0;0;0;0;0;0;0;0;0;0;0;0;0;0;0;0;0;0
FR;4;2021-01-03;0;0;0;0;0;0;0;0;0;0;0;0;0;0;0;0;0;0
FR;4;2021-01-04;0;0;0;0;0;0;0;0;0;0;0;0;0;0;0;0;0;0
FR;4;2021-01-05;0;0;0;0;0;0;0;0;0;0;0;0;0;0;0;0;0;0
FR;4;2021-01-06;0;0;0;0;0;0;0;0;0;0;0;0;0;0;0;0;0;0
FR;4;2021-01-07;0;0;0;0;0;0;0;0;0;0;0;0;0;0;0;0;0;0
FR;4;2021-01-08;0;0;0;0;0;0;0;0;0;0;0;0;0;0;0;0;0;0
FR;4;2021-01-09;0;0;0;0;0;0;0;0;0;0;0;0;0;0;0;0;0;0
FR;4;2021-01-10;0;0;0;0;0;0;0;0;0;0;0;0;0;0;0;0;0;0
FR;4;2021-01-11;0;0;0;0;0;0;0;0;0;0;0;0;0;0;0;0;0;0
FR;4;2021-01-12;0;0;0;0;0;0;0;0;0;0;0;0;0;0;0;0;0;0
FR;4;2021-01-13;0;0;0;0;0;0;0;0;0;0;0;0;0;0;0;0;0;0
FR;4;2021-01-14;0;0;0;0;0;0;0;0;0;0;0;0;0;0;0;0;0;0
FR;4;2021-01-15;0;0;0;0;0;0;0;0;0;0;0;0;0;0;0;0;0;0
FR;4;2021-01-16;0;0;0;0;0;0;0;0;0;0;0;0;0;0;0;0;0;0
FR;4;2021-01-17;0;0;0;0;0;0;0;0;0;0;0;0;0;0;0;0;0;0
FR;4;2021-01-18;0;0;0;0;0;0;0;0;0;0;0;0;0;0;0;0;0;0
FR;4;2021-01-19;0;0;0;0;0;0;0;0;0;0;0;0;0;0;0;0;0;0
FR;4;2021-01-20;0;0;0;0;0;0;0;0;0;0;0;0;0;0;0;0;0;0
FR;4;2021-01-21;0;0;0;0;0;0;0;0;0;0;0;0;0;0;0;0;0;0
FR;4;2021-01-22;0;0;0;0;0;0;0;0;0;0;0;0;0;0;0;0;0;0
FR;4;2021-01-23;0;0;0;0;0;0;0;0;0;0;0;0;0;0;0;0;0;0
FR;4;2021-01-24;0;0;0;0;0;0;0;0;0;0;0;0;0;0;0;0;0;0
FR;4;2021-01-25;0;0;0;0;0;0;0;0;0;0;0;0;0;0;0;0;0;0
FR;4;2021-01-26;0;0;0;0;0;0;0;0;0;0;0;0;0;0;0;0;0;0
FR;4;2021-01-27;0;0;0;0;0;0;0;0;0;0;0;0;0;0;0;0;0;0
FR;4;2021-01-28;0;0;0;0;0;0;0;0;0;0;0;0;0;0;0;0;0;0
FR;4;2021-01-29;0;0;0;0;0;0;0;0;0;0;0;0;0;0;0;0;0;0
FR;4;2021-01-30;0;0;0;0;0;0;0;0;0;0;0;0;0;0;0;0;0;0
FR;4;2021-01-31;0;0;0;0;0;0;0;0;0;0;0;0;0;0;0;0;0;0
FR;4;2021-02-01;0;0;0;0;0;0;0;0;0;0;0;0;0;0;0;0;0;0
FR;4;2021-02-02;0;0;0;0;0;0;0;0;0;0;0;0;0;0;0;0;0;0
FR;4;2021-02-03;0;0;0;0;0;0;0;0;0;0;0;0;0;0;0;0;0;0
FR;4;2021-02-04;0;0;0;0;0;0;0;0;0;0;0;0;0;0;0;0;0;0
FR;4;2021-02-05;0;0;0;0;0;0;0;0;0;0;0;0;0;0;0;0;0;0
FR;4;2021-02-06;0;0;0;0;0;0;0;0;0;0;0;0;0;0;0;0;0;0
FR;4;2021-02-07;0;0;0;0;0;0;0;0;0;0;0;0;0;0;0;0;0;0
FR;4;2021-02-08;0;0;0;0;0;0;0;0;0;0;0;0;0;0;0;0;0;0
FR;4;2021-02-09;0;0;0;0;0;0;0;0;0;0;0;0;0;0;0;0;0;0
FR;4;2021-02-10;0;0;0;0;0;0;0;0;0;0;0;0;0;0;0;0;0;0
FR;4;2021-02-11;0;0;0;0;0;0;0;0;0;0;0;0;0;0;0;0;0;0
FR;4;2021-02-12;0;0;0;0;0;0;0;0;0;0;0;0;0;0;0;0;0;0
FR;4;2021-02-13;0;0;0;0;0;0;0;0;0;0;0;0;0;0;0;0;0;0
FR;4;2021-02-14;0;0;0;0;0;0;0;0;0;0;0;0;0;0;0;0;0;0
FR;4;2021-02-15;0;0;0;0;0;0;0;0;0;0;0;0;0;0;0;0;0;0
FR;4;2021-02-16;0;0;0;0;0;0;0;0;0;0;0;0;0;0;0;0;0;0
FR;4;2021-02-17;0;0;0;0;0;0;0;0;0;0;0;0;0;0;0;0;0;0
FR;4;2021-02-18;0;0;0;0;0;0;0;0;0;0;0;0;0;0;0;0;0;0
FR;4;2021-02-19;0;0;0;0;0;0;0;0;0;0;0;0;0;0;0;0;0;0
FR;4;2021-02-20;0;0;0;0;0;0;0;0;0;0;0;0;0;0;0;0;0;0
FR;4;2021-02-21;0;0;0;0;0;0;0;0;0;0;0;0;0;0;0;0;0;0
FR;4;2021-02-22;0;0;0;0;0;0;0;0;0;0;0;0;0;0;0;0;0;0
FR;4;2021-02-23;0;0;0;0;0;0;0;0;0;0;0;0;0;0;0;0;0;0
FR;4;2021-02-24;0;0;0;0;0;0;0;0;0;0;0;0;0;0;0;0;0;0
FR;4;2021-02-25;0;0;0;0;0;0;0;0;0;0;0;0;0;0;0;0;0;0
FR;4;2021-02-26;0;0;0;0;0;0;0;0;0;0;0;0;0;0;0;0;0;0
FR;4;2021-02-27;0;0;0;0;0;0;0;0;0;0;0;0;0;0;0;0;0;0
FR;4;2021-02-28;0;0;0;0;0;0;0;0;0;0;0;0;0;0;0;0;0;0
FR;4;2021-03-01;0;0;0;0;0;0;0;0;0;0;0;0;0;0;0;0;0;0
FR;4;2021-03-02;0;0;0;0;0;0;0;0;0;0;0;0;0;0;0;0;0;0
FR;4;2021-03-03;0;0;0;0;0;0;0;0;0;0;0;0;0;0;0;0;0;0
FR;4;2021-03-04;0;0;0;0;0;0;0;0;0;0;0;0;0;0;0;0;0;0
FR;4;2021-03-05;0;0;0;0;0;0;0;0;0;0;0;0;0;0;0;0;0;0
FR;4;2021-03-06;0;0;0;0;0;0;0;0;0;0;0;0;0;0;0;0;0;0
FR;4;2021-03-07;0;0;0;0;0;0;0;0;0;0;0;0;0;0;0;0;0;0
FR;4;2021-03-08;0;0;0;0;0;0;0;0;0;0;0;0;0;0;0;0;0;0
FR;4;2021-03-09;0;0;0;0;0;0;0;0;0;0;0;0;0;0;0;0;0;0
FR;4;2021-03-10;0;0;0;0;0;0;0;0;0;0;0;0;0;0;0;0;0;0
FR;4;2021-03-11;0;0;0;0;0;0;0;0;0;0;0;0;0;0;0;0;0;0
FR;4;2021-03-12;0;0;0;0;0;0;0;0;0;0;0;0;0;0;0;0;0;0
FR;4;2021-03-13;0;0;0;0;0;0;0;0;0;0;0;0;0;0;0;0;0;0
FR;4;2021-03-14;0;0;0;0;0;0;0;0;0;0;0;0;0;0;0;0;0;0
FR;4;2021-03-15;0;0;0;0;0;0;0;0;0;0;0;0;0;0;0;0;0;0
FR;4;2021-03-16;0;0;0;0;0;0;0;0;0;0;0;0;0;0;0;0;0;0
FR;4;2021-03-17;0;0;0;0;0;0;0;0;0;0;0;0;0;0;0;0;0;0
FR;4;2021-03-18;0;0;0;0;0;0;0;0;0;0;0;0;0;0;0;0;0;0
FR;4;2021-03-19;0;0;0;0;0;0;0;0;0;0;0;0;0;0;0;0;0;0
FR;4;2021-03-20;0;0;0;0;0;0;0;0;0;0;0;0;0;0;0;0;0;0
FR;4;2021-03-21;0;0;0;0;0;0;0;0;0;0;0;0;0;0;0;0;0;0
FR;4;2021-03-22;0;0;0;0;0;0;0;0;0;0;0;0;0;0;0;0;0;0
FR;4;2021-03-23;0;0;0;0;0;0;0;0;0;0;0;0;0;0;0;0;0;0
FR;4;2021-03-24;0;0;0;0;0;0;0;0;0;0;0;0;0;0;0;0;0;0
FR;4;2021-03-25;0;0;0;0;0;0;0;0;0;0;0;0;0;0;0;0;0;0
FR;4;2021-03-26;0;0;0;0;0;0;0;0;0;0;0;0;0;0;0;0;0;0
FR;4;2021-03-27;0;0;0;0;0;0;0;0;0;0;0;0;0;0;0;0;0;0
FR;4;2021-03-28;0;0;0;0;0;0;0;0;0;0;0;0;0;0;0;0;0;0
FR;4;2021-03-29;0;0;0;0;0;0;0;0;0;0;0;0;0;0;0;0;0;0
FR;4;2021-03-30;0;0;0;0;0;0;0;0;0;0;0;0;0;0;0;0;0;0
FR;4;2021-03-31;0;0;0;0;0;0;0;0;0;0;0;0;0;0;0;0;0;0
FR;4;2021-04-01;0;0;0;0;0;0;0;0;0;0;0;0;0;0;0;0;0;0
FR;4;2021-04-02;0;0;0;0;0;0;0;0;0;0;0;0;0;0;0;0;0;0
FR;4;2021-04-03;0;0;0;0;0;0;0;0;0;0;0;0;0;0;0;0;0;0
FR;4;2021-04-04;0;0;0;0;0;0;0;0;0;0;0;0;0;0;0;0;0;0
FR;4;2021-04-05;0;0;0;0;0;0;0;0;0;0;0;0;0;0;0;0;0;0
FR;4;2021-04-06;0;0;0;0;0;0;0;0;0;0;0;0;0;0;0;0;0;0
FR;4;2021-04-07;0;0;0;0;0;0;0;0;0;0;0;0;0;0;0;0;0;0
FR;4;2021-04-08;0;0;0;0;0;0;0;0;0;0;0;0;0;0;0;0;0;0
FR;4;2021-04-09;0;0;0;0;0;0;0;0;0;0;0;0;0;0;0;0;0;0
FR;4;2021-04-10;0;0;0;0;0;0;0;0;0;0;0;0;0;0;0;0;0;0
FR;4;2021-04-11;0;0;0;0;0;0;0;0;0;0;0;0;0;0;0;0;0;0
FR;4;2021-04-12;0;0;0;0;0;0;0;0;0;0;0;0;0;0;0;0;0;0
FR;4;2021-04-13;0;0;0;0;0;0;0;0;0;0;0;0;0;0;0;0;0;0
FR;4;2021-04-14;0;0;0;0;0;0;0;0;0;0;0;0;0;0;0;0;0;0
FR;4;2021-04-15;0;0;0;0;0;0;0;0;0;0;0;0;0;0;0;0;0;0
FR;4;2021-04-16;0;0;0;0;0;0;0;0;0;0;0;0;0;0;0;0;0;0
FR;4;2021-04-17;0;0;0;0;0;0;0;0;0;0;0;0;0;0;0;0;0;0
FR;4;2021-04-18;0;0;0;0;0;0;0;0;0;0;0;0;0;0;0;0;0;0
FR;4;2021-04-19;0;0;0;0;0;0;0;0;0;0;0;0;0;0;0;0;0;0
FR;4;2021-04-20;0;0;0;0;0;0;0;0;0;0;0;0;0;0;0;0;0;0
FR;4;2021-04-21;0;0;0;0;0;0;0;0;0;0;0;0;0;0;0;0;0;0
FR;4;2021-04-22;0;0;0;0;0;0;0;0;0;0;0;0;0;0;0;0;0;0
FR;4;2021-04-23;3715;0;0;0;3672;0;0;0;0;3715;0;0;0;3672;0;0;0;0
FR;4;2021-04-24;1569;1;0;0;1558;0;0;0;0;5284;1;0;0;5230;0;0;0;0
FR;4;2021-04-25;125;0;0;0;125;0;0;0;0;5409;1;0;0;5355;0;0;0;0
FR;4;2021-04-26;2871;1;0;0;2860;0;0;0;0;8280;2;0;0;8215;0;0;0;0
FR;4;2021-04-27;9520;3;0;0;9501;0;0;0;0;17800;5;0;0;17716;0;0;0;0
FR;4;2021-04-28;9909;6;0;0;9884;0;0;0;0;27709;11;0;0;27600;0;0;0;0
FR;4;2021-04-29;15996;8;0;0;15980;0;0;0;0;43705;19;0;0;43580;0;0;0;0
FR;4;2021-04-30;19234;10;0;0;19204;0;0;0;0;62939;29;0;0;62784;0;0;0;0
FR;4;2021-05-01;1994;6;0;0;1992;0;0;0;0;64933;35;0;0;64776;0;0;0;0
FR;4;2021-05-02;484;0;0;0;481;0;0;0;0;65417;35;0;0;65257;0;0;0;0
FR;4;2021-05-03;5066;2;0;0;5060;0;0;0;0;70483;37;0;0;70317;0;0;0;0
FR;4;2021-05-04;8410;11;0;0;8399;0;0;0;0;78893;48;0;0;78716;0;0;0;0
FR;4;2021-05-05;6190;7;0;0;6185;0;0;0;0;85083;55;0;0;84901;0;0;0;0
FR;4;2021-05-06;11387;11;0;0;11384;0;0;0;0;96470;66;0;0;96285;0;0;0;0
FR;4;2021-05-07;19127;9;0;0;19088;0;0;0;0;115597;75;0;0;115373;0;0;0;0
FR;4;2021-05-08;2378;6;0;0;2382;0;0;0;0;117975;81;0;0;117755;0;0;0;0
FR;4;2021-05-09;690;3;0;0;691;0;0;0;0;118665;84;0;0;118446;0;0;0;0
FR;4;2021-05-10;7244;5;1;0;7241;0;0;0;0;125909;89;1;0;125687;0;0;0;0
FR;4;2021-05-11;14325;12;0;0;14305;0;0;0;0;140234;101;1;0;139992;0;0;0;0
FR;4;2021-05-12;10176;15;0;0;10179;0;0;0;0;150410;116;1;0;150171;0;0;0;0
FR;4;2021-05-13;1583;4;0;0;1584;0;0;0;0;151993;120;1;0;151755;0;0;0;0
FR;4;2021-05-14;7768;7;0;0;7762;0;0;0;0;159761;127;1;0;159517;0;0;0;0
FR;4;2021-05-15;3721;8;1;0;3720;0;0;0;0;163482;135;2;0;163237;0;0;0;0
FR;4;2021-05-16;417;1;0;0;417;0;0;0;0;163899;136;2;0;163654;0;0;0;0
FR;4;2021-05-17;4480;6;0;0;4479;0;0;0;0;168379;142;2;0;168133;0;0;0;0
FR;4;2021-05-18;8769;10;0;0;8769;0;0;0;0;177148;152;2;0;176902;0;0;0;0
FR;4;2021-05-19;5698;7;0;0;5700;0;0;0;0;182846;159;2;0;182602;0;0;0;0
FR;4;2021-05-20;9486;8;0;0;9478;0;0;0;0;192332;167;2;0;192080;0;0;0;0
FR;4;2021-05-21;12814;30;0;0;12821;0;0;0;0;205146;197;2;0;204901;0;0;0;0
FR;4;2021-05-22;5061;15;0;0;5068;0;0;0;0;210207;212;2;0;209969;0;0;0;0
FR;4;2021-05-23;497;4;0;0;500;0;0;0;0;210704;216;2;0;210469;0;0;0;0
FR;4;2021-05-24;1059;7;0;0;1063;0;0;0;0;211763;223;2;0;211532;0;0;0;0
FR;4;2021-05-25;7633;16;0;0;7639;0;0;0;0;219396;239;2;0;219171;0;0;0;0
FR;4;2021-05-26;7730;16;0;0;7739;0;0;0;0;227126;255;2;0;226910;0;0;0;0
FR;4;2021-05-27;14336;35;0;0;14345;0;0;0;0;241462;290;2;0;241255;0;0;0;0
FR;4;2021-05-28;26593;82;1;0;26634;0;0;0;0;268055;372;3;0;267889;0;0;0;0
FR;4;2021-05-29;11385;18;0;0;11385;0;0;0;0;279440;390;3;0;279274;0;0;0;0
FR;4;2021-05-30;974;7;0;0;973;0;0;0;0;280414;397;3;0;280247;0;0;0;0
FR;4;2021-05-31;12698;21;0;0;12698;0;0;0;0;293112;418;3;0;292945;0;0;0;0
FR;4;2021-06-01;20276;48;1;0;20294;0;0;0;0;313388;466;4;0;313239;0;0;0;0
FR;4;2021-06-02;14522;33;0;0;14535;0;0;0;0;327910;499;4;0;327774;0;0;0;0
FR;4;2021-06-03;19435;24;1;0;19433;0;0;0;0;347345;523;5;0;347207;0;0;0;0
FR;4;2021-06-04;22518;48;0;0;22536;0;0;0;0;369863;571;5;0;369743;0;0;0;0
FR;4;2021-06-05;9715;32;0;0;9718;0;0;0;0;379578;603;5;0;379461;0;0;0;0
FR;4;2021-06-06;1040;1;0;0;1036;0;0;0;0;380618;604;5;0;380497;0;0;0;0
FR;4;2021-06-07;9230;19;0;0;9237;0;0;0;0;389848;623;5;0;389734;0;0;0;0
FR;4;2021-06-08;14613;32;0;0;14625;0;0;0;0;404461;655;5;0;404359;0;0;0;0
FR;4;2021-06-09;12212;25;0;0;12220;0;0;0;0;416673;680;5;0;416579;0;0;0;0
FR;4;2021-06-10;15406;30;0;0;15414;0;0;0;0;432079;710;5;0;431993;0;0;0;0
FR;4;2021-06-11;16986;57;0;0;17013;0;0;0;0;449065;767;5;0;449006;0;0;0;0
FR;4;2021-06-12;7452;27;0;0;7477;0;0;0;0;456517;794;5;0;456483;0;0;0;0
FR;4;2021-06-13;908;3;0;0;910;0;0;0;0;457425;797;5;0;457393;0;0;0;0
FR;4;2021-06-14;6650;27;0;0;6660;0;0;0;0;464075;824;5;0;464053;0;0;0;0
FR;4;2021-06-15;10893;39;0;0;10910;0;0;0;0;474968;863;5;0;474963;0;0;0;0
FR;4;2021-06-16;8909;16;0;0;8917;0;0;0;0;483877;879;5;0;483880;0;0;0;0
FR;4;2021-06-17;10900;37;0;0;10912;0;0;0;0;494777;916;5;0;494792;0;0;0;0
FR;4;2021-06-18;12424;45;0;0;12451;0;0;0;0;507201;961;5;0;507243;0;0;0;0
FR;4;2021-06-19;5567;25;0;0;5587;0;0;0;0;512768;986;5;0;512830;0;0;0;0
FR;4;2021-06-20;826;5;0;0;830;0;0;0;0;513594;991;5;0;513660;0;0;0;0
FR;4;2021-06-21;5103;21;0;0;5103;0;0;0;0;518697;1012;5;0;518763;0;0;0;0
FR;4;2021-06-22;7914;29;2;0;7931;0;0;0;0;526611;1041;7;0;526694;0;0;0;0
FR;4;2021-06-23;7104;42;2;0;7131;0;0;0;0;533715;1083;9;0;533825;0;0;0;0
FR;4;2021-06-24;8654;46;1;0;8686;0;0;0;0;542369;1129;10;0;542511;0;0;0;0
FR;4;2021-06-25;10175;41;2;0;10207;0;0;0;0;552544;1170;12;0;552718;0;0;0;0
FR;4;2021-06-26;4853;21;0;0;4870;0;0;0;0;557397;1191;12;0;557588;0;0;0;0
FR;4;2021-06-27;766;4;0;0;768;0;0;0;0;558163;1195;12;0;558356;0;0;0;0
FR;4;2021-06-28;4834;16;1;0;4842;0;0;0;0;562997;1211;13;0;563198;0;0;0;0
FR;4;2021-06-29;7110;28;2;0;7119;0;0;0;0;570107;1239;15;0;570317;0;0;0;0
FR;4;2021-06-30;6725;40;2;0;6753;0;0;0;0;576832;1279;17;0;577070;0;0;0;0
FR;4;2021-07-01;8211;42;0;0;8233;0;0;0;0;585043;1321;17;0;585303;0;0;0;0
FR;4;2021-07-02;9429;53;1;0;9469;0;0;0;0;594472;1374;18;0;594772;0;0;0;0
FR;4;2021-07-03;4846;20;0;0;4861;0;0;0;0;599318;1394;18;0;599633;0;0;0;0
FR;4;2021-07-04;689;5;0;0;691;0;0;0;0;600007;1399;18;0;600324;0;0;0;0
FR;4;2021-07-05;4771;19;2;0;4782;0;0;0;0;604778;1418;20;0;605106;0;0;0;0
FR;4;2021-07-06;7728;29;4;0;7741;0;0;0;0;612506;1447;24;0;612847;0;0;0;0
FR;4;2021-07-07;7084;34;2;0;7097;0;0;0;0;619590;1481;26;0;619944;0;0;0;0
FR;4;2021-07-08;9232;40;2;0;9255;0;0;0;0;628822;1521;28;0;629199;0;0;0;0
FR;4;2021-07-09;10281;34;1;0;10304;0;0;0;0;639103;1555;29;0;639503;0;0;0;0
FR;4;2021-07-10;4639;14;2;0;4646;0;0;0;0;643742;1569;31;0;644149;0;0;0;0
FR;4;2021-07-11;582;4;1;0;580;0;0;0;0;644324;1573;32;0;644729;0;0;0;0
FR;4;2021-07-12;5876;29;0;0;5898;0;0;0;0;650200;1602;32;0;650627;0;0;0;0
FR;4;2021-07-13;14230;29;0;0;14248;0;0;0;0;664430;1631;32;0;664875;0;0;0;0
FR;4;2021-07-14;2289;15;0;0;2289;0;0;0;0;666719;1646;32;0;667164;0;0;0;0
FR;4;2021-07-15;18237;37;0;0;18254;0;0;0;0;684956;1683;32;0;685418;0;0;0;0
FR;4;2021-07-16;22836;71;2;0;22886;0;0;0;0;707792;1754;34;0;708304;0;0;0;0
FR;4;2021-07-17;9740;20;0;0;9749;0;0;0;0;717532;1774;34;0;718053;0;0;0;0
FR;4;2021-07-18;1358;5;0;0;1361;0;0;0;0;718890;1779;34;0;719414;0;0;0;0
FR;4;2021-07-19;12991;30;1;0;13016;0;0;0;0;731881;1809;35;0;732430;0;0;0;0
FR;4;2021-07-20;17343;26;1;0;17359;0;0;0;0;749224;1835;36;0;749789;0;0;0;0
FR;4;2021-07-21;15620;33;0;0;15640;0;0;0;0;764844;1868;36;0;765429;0;0;0;0
FR;4;2021-07-22;18246;44;2;0;18270;0;0;0;0;783090;1912;38;0;783699;0;0;0;0
FR;4;2021-07-23;20417;57;7;0;20450;0;0;0;0;803507;1969;45;0;804149;0;0;0;0
FR;4;2021-07-24;9289;32;0;0;9303;0;0;0;0;812796;2001;45;0;813452;0;0;0;0
FR;4;2021-07-25;1354;10;0;0;1356;0;0;0;0;814150;2011;45;0;814808;0;0;0;0
FR;4;2021-07-26;11042;23;0;0;11049;0;0;0;0;825192;2034;45;0;825857;0;0;0;0
FR;4;2021-07-27;14686;35;3;0;14706;0;0;0;0;839878;2069;48;0;840563;0;0;0;0
FR;4;2021-07-28;12933;26;2;0;12950;0;0;0;0;852811;2095;50;0;853513;0;0;0;0
FR;4;2021-07-29;14093;54;4;0;14134;0;0;0;0;866904;2149;54;0;867647;0;0;0;0
FR;4;2021-07-30;15501;46;2;0;15532;0;0;0;0;882405;2195;56;0;883179;0;0;0;0
FR;4;2021-07-31;6845;14;2;0;6855;0;0;0;0;889250;2209;58;0;890034;0;0;0;0
FR;4;2021-08-01;906;1;0;0;901;0;0;0;0;890156;2210;58;0;890935;0;0;0;0
FR;4;2021-08-02;7918;31;0;0;7919;0;0;0;0;898074;2241;58;0;898854;0;0;0;0
FR;4;2021-08-03;10802;31;2;0;10798;0;0;0;0;908876;2272;60;0;909652;0;0;0;0
FR;4;2021-08-04;9748;29;0;0;9747;0;0;0;0;918624;2301;60;0;919399;0;0;0;0
FR;4;2021-08-05;9825;42;0;0;9831;0;0;0;0;928449;2343;60;0;929230;0;0;0;0
FR;4;2021-08-06;10201;30;3;0;10198;0;0;0;0;938650;2373;63;0;939428;0;0;0;0
FR;4;2021-08-07;5100;30;1;0;5116;0;0;0;0;943750;2403;64;0;944544;0;0;0;0
FR;4;2021-08-08;1220;13;0;0;1223;0;0;0;0;944970;2416;64;0;945767;0;0;0;0
FR;4;2021-08-09;6350;31;0;0;6343;0;0;0;0;951320;2447;64;0;952110;0;0;0;0
FR;4;2021-08-10;8753;18;0;0;8724;0;0;0;0;960073;2465;64;0;960834;0;0;0;0
FR;4;2021-08-11;7944;34;4;0;7933;0;0;0;0;968017;2499;68;0;968767;0;0;0;0
FR;4;2021-08-12;8585;31;1;0;8573;0;0;0;0;976602;2530;69;0;977340;0;0;0;0
FR;4;2021-08-13;7558;25;0;1;7545;0;0;0;0;984160;2555;69;1;984885;0;0;0;0
FR;4;2021-08-14;3791;20;0;0;3775;0;0;0;0;987951;2575;69;1;988660;0;0;0;0
FR;4;2021-08-15;771;5;0;0;773;0;0;0;0;988722;2580;69;1;989433;0;0;0;0
FR;4;2021-08-16;4008;17;0;0;4002;0;0;0;0;992730;2597;69;1;993435;0;0;0;0
FR;4;2021-08-17;5630;17;1;0;5620;0;0;0;0;998360;2614;70;1;999055;0;0;0;0
FR;4;2021-08-18;5169;37;0;0;5186;0;0;0;0;1003529;2651;70;1;1004241;0;0;0;0
FR;4;2021-08-19;5487;34;3;0;5501;0;0;0;0;1009016;2685;73;1;1009742;0;0;0;0
FR;4;2021-08-20;5225;25;1;0;5235;0;0;0;0;1014241;2710;74;1;1014977;0;0;0;0
FR;4;2021-08-21;2311;22;1;0;2327;0;0;0;0;1016552;2732;75;1;1017304;0;0;0;0
FR;4;2021-08-22;414;2;0;0;415;0;0;0;0;1016966;2734;75;1;1017719;0;0;0;0
FR;4;2021-08-23;2931;20;1;0;2938;0;0;0;0;1019897;2754;76;1;1020657;0;0;0;0
FR;4;2021-08-24;3758;15;0;0;3761;0;0;0;0;1023655;2769;76;1;1024418;0;0;0;0
FR;4;2021-08-25;3543;25;1;0;3559;0;0;0;0;1027198;2794;77;1;1027977;0;0;0;0
FR;4;2021-08-26;3715;21;2;0;3727;0;0;0;0;1030913;2815;79;1;1031704;0;0;0;0
FR;4;2021-08-27;3617;31;2;0;3635;0;0;0;0;1034530;2846;81;1;1035339;0;0;0;0
FR;4;2021-08-28;1729;10;1;0;1734;0;0;0;0;1036259;2856;82;1;1037073;0;0;0;0
FR;4;2021-08-29;385;7;1;0;389;0;0;0;0;1036644;2863;83;1;1037462;0;0;0;0
FR;4;2021-08-30;2010;25;0;0;2018;16;0;0;0;1038654;2888;83;1;1039480;16;0;0;0
FR;4;2021-08-31;2486;21;0;0;2493;14;0;0;0;1041140;2909;83;1;1041973;30;0;0;0
FR;4;2021-09-01;2085;38;1;0;2097;21;0;0;0;1043225;2947;84;1;1044070;51;0;0;0
FR;4;2021-09-02;2307;31;4;0;2320;18;0;0;0;1045532;2978;88;1;1046390;69;0;0;0
FR;4;2021-09-03;2363;44;5;0;2373;36;0;0;0;1047895;3022;93;1;1048763;105;0;0;0
FR;4;2021-09-04;1374;18;0;0;1381;9;0;0;0;1049269;3040;93;1;1050144;114;0;0;0
FR;4;2021-09-05;433;2;0;0;433;2;0;0;0;1049702;3042;93;1;1050577;116;0;0;0
FR;4;2021-09-06;1713;62;0;0;1751;23;0;0;0;1051415;3104;93;1;1052328;139;0;0;0
FR;4;2021-09-07;1680;18;0;0;1689;8;0;0;0;1053095;3122;93;1;1054017;147;0;0;0
FR;4;2021-09-08;1286;26;3;0;1291;19;0;0;0;1054381;3148;96;1;1055308;166;0;0;0
FR;4;2021-09-09;1392;23;2;0;1402;9;0;0;0;1055773;3171;98;1;1056710;175;0;0;0
FR;4;2021-09-10;1521;31;2;0;1525;23;1;0;0;1057294;3202;100;1;1058235;198;1;0;0
FR;4;2021-09-11;745;11;0;0;748;3;0;0;0;1058039;3213;100;1;1058983;201;1;0;0
FR;4;2021-09-12;169;4;0;0;170;3;0;0;0;1058208;3217;100;1;1059153;204;1;0;0
FR;4;2021-09-13;1322;22;1;0;1325;16;0;0;0;1059530;3239;101;1;1060478;220;1;0;0
FR;4;2021-09-14;1503;9;2;0;1505;7;0;0;0;1061033;3248;103;1;1061983;227;1;0;0
FR;4;2021-09-15;1095;28;1;0;1098;25;0;0;0;1062128;3276;104;1;1063081;252;1;0;0
FR;4;2021-09-16;1105;22;2;0;1109;15;0;0;0;1063233;3298;106;1;1064190;267;1;0;0
FR;4;2021-09-17;897;21;1;0;904;12;0;0;0;1064130;3319;107;1;1065094;279;1;0;0
FR;4;2021-09-18;464;6;1;0;465;5;0;0;0;1064594;3325;108;1;1065559;284;1;0;0
FR;4;2021-09-19;182;3;0;0;183;2;0;0;0;1064776;3328;108;1;1065742;286;1;0;0
FR;4;2021-09-20;452;19;0;0;458;13;0;0;0;1065228;3347;108;1;1066200;299;1;0;0
FR;4;2021-09-21;432;11;0;0;434;7;0;0;0;1065660;3358;108;1;1066634;306;1;0;0
FR;4;2021-09-22;376;19;2;0;383;13;0;0;0;1066036;3377;110;1;1067017;319;1;0;0
FR;4;2021-09-23;485;15;1;0;486;14;0;0;0;1066521;3392;111;1;1067503;333;1;0;0
FR;4;2021-09-24;413;13;2;0;417;9;0;0;0;1066934;3405;113;1;1067920;342;1;0;0
FR;4;2021-09-25;280;10;1;0;281;5;0;0;0;1067214;3415;114;1;1068201;347;1;0;0
FR;4;2021-09-26;74;2;0;0;75;1;0;0;0;1067288;3417;114;1;1068276;348;1;0;0
FR;4;2021-09-27;268;10;1;0;269;8;0;0;0;1067556;3427;115;1;1068545;356;1;0;0
FR;4;2021-09-28;319;8;0;0;319;8;0;0;0;1067875;3435;115;1;1068864;364;1;0;0
FR;4;2021-09-29;377;19;1;0;379;13;0;0;0;1068252;3454;116;1;1069243;377;1;0;0
FR;4;2021-09-30;365;41;0;0;379;22;0;0;0;1068617;3495;116;1;1069622;399;1;0;0
FR;4;2021-10-01;411;56;0;0;413;50;0;0;0;1069028;3551;116;1;1070035;449;1;0;0
FR;4;2021-10-02;196;22;1;0;198;13;0;0;0;1069224;3573;117;1;1070233;462;1;0;0
FR;4;2021-10-03;86;1;0;0;87;0;0;0;0;1069310;3574;117;1;1070320;462;1;0;0
FR;4;2021-10-04;363;20;1;0;367;16;0;0;0;1069673;3594;118;1;1070687;478;1;0;0
FR;4;2021-10-05;286;19;2;0;288;15;0;0;0;1069959;3613;120;1;1070975;493;1;0;0
FR;4;2021-10-06;249;23;1;0;254;18;0;0;0;1070208;3636;121;1;1071229;511;1;0;0
FR;4;2021-10-07;267;25;2;0;272;13;0;0;0;1070475;3661;123;1;1071501;524;1;0;0
FR;4;2021-10-08;357;24;2;0;360;20;0;0;0;1070832;3685;125;1;1071861;544;1;0;0
FR;4;2021-10-09;194;6;6;0;195;7;0;0;0;1071026;3691;131;1;1072056;551;1;0;0
FR;4;2021-10-10;97;3;2;0;99;3;0;0;0;1071123;3694;133;1;1072155;554;1;0;0
FR;4;2021-10-11;251;15;1;0;252;14;0;0;0;1071374;3709;134;1;1072407;568;1;0;0
FR;4;2021-10-12;211;14;0;0;211;13;0;0;0;1071585;3723;134;1;1072618;581;1;0;0
FR;4;2021-10-13;221;28;1;0;224;25;0;0;0;1071806;3751;135;1;1072842;606;1;0;0
FR;4;2021-10-14;315;21;4;0;319;15;0;0;0;1072121;3772;139;1;1073161;621;1;0;0
FR;4;2021-10-15;322;24;5;0;323;25;0;0;0;1072443;3796;144;1;1073484;646;1;0;0
FR;4;2021-10-16;166;6;2;0;166;6;0;0;0;1072609;3802;146;1;1073650;652;1;0;0
FR;4;2021-10-17;70;2;0;0;71;1;0;0;0;1072679;3804;146;1;1073721;653;1;0;0
FR;4;2021-10-18;281;16;1;0;283;13;0;0;0;1072960;3820;147;1;1074004;666;1;0;0
FR;4;2021-10-19;216;14;2;0;216;15;0;0;0;1073176;3834;149;1;1074220;681;1;0;0
FR;4;2021-10-20;231;27;4;0;234;15;0;0;0;1073407;3861;153;1;1074454;696;1;0;0
FR;4;2021-10-21;243;18;0;0;245;14;0;0;0;1073650;3879;153;1;1074699;710;1;0;0
FR;4;2021-10-22;217;25;2;0;219;20;1;0;0;1073867;3904;155;1;1074918;730;2;0;0
FR;4;2021-10-23;116;16;1;0;117;15;0;0;0;1073983;3920;156;1;1075035;745;2;0;0
FR;4;2021-10-24;39;4;0;0;39;1;0;0;0;1074022;3924;156;1;1075074;746;2;0;0
FR;4;2021-10-25;218;7;2;0;218;9;0;0;0;1074240;3931;158;1;1075292;755;2;0;0
FR;4;2021-10-26;200;14;0;0;202;12;0;0;0;1074440;3945;158;1;1075494;767;2;0;0
FR;4;2021-10-27;196;12;4;0;196;12;2;0;0;1074636;3957;162;1;1075690;779;4;0;0
FR;4;2021-10-28;185;18;5;0;185;22;0;0;0;1074821;3975;167;1;1075875;801;4;0;0
FR;4;2021-10-29;225;17;2;0;226;15;0;0;0;1075046;3992;169;1;1076101;816;4;0;0
FR;4;2021-10-30;103;2;1;0;104;2;0;0;0;1075149;3994;170;1;1076205;818;4;0;0
FR;4;2021-10-31;59;3;2;0;60;3;0;0;0;1075208;3997;172;1;1076265;821;4;0;0
FR;4;2021-11-01;75;27;4;0;76;24;3;0;0;1075283;4024;176;1;1076341;845;7;0;0
FR;4;2021-11-02;162;21;2;0;163;21;0;0;0;1075445;4045;178;1;1076504;866;7;0;0
FR;4;2021-11-03;130;21;8;1;131;19;6;0;0;1075575;4066;186;2;1076635;885;13;0;0
FR;4;2021-11-04;186;15;1;0;187;12;1;0;0;1075761;4081;187;2;1076822;897;14;0;0
FR;4;2021-11-05;130;17;1;0;131;16;0;0;0;1075891;4098;188;2;1076953;913;14;0;0
FR;4;2021-11-06;81;6;1;0;81;6;0;0;0;1075972;4104;189;2;1077034;919;14;0;0
FR;4;2021-11-07;81;2;2;0;81;4;0;0;0;1076053;4106;191;2;1077115;923;14;0;0
FR;4;2021-11-08;161;20;1;0;162;20;0;0;0;1076214;4126;192;2;1077277;943;14;0;0
FR;4;2021-11-09;158;14;3;0;158;16;0;0;0;1076372;4140;195;2;1077435;959;14;0;0
FR;4;2021-11-10;121;30;6;0;121;32;2;0;0;1076493;4170;201;2;1077556;991;16;0;0
FR;4;2021-11-11;99;10;1;0;99;11;0;0;0;1076592;4180;202;2;1077655;1002;16;0;0
FR;4;2021-11-12;106;19;2;0;107;18;1;0;0;1076698;4199;204;2;1077762;1020;17;0;0
FR;4;2021-11-13;74;15;2;0;75;14;0;0;0;1076772;4214;206;2;1077837;1034;17;0;0
FR;4;2021-11-14;55;5;4;0;56;8;0;0;0;1076827;4219;210;2;1077893;1042;17;0;0
FR;4;2021-11-15;99;26;2;0;101;24;2;0;0;1076926;4245;212;2;1077994;1066;19;0;0
FR;4;2021-11-16;107;13;3;0;107;16;0;0;0;1077033;4258;215;2;1078101;1082;19;0;0
FR;4;2021-11-17;120;30;4;0;120;30;1;0;0;1077153;4288;219;2;1078221;1112;20;0;0
FR;4;2021-11-18;103;34;14;0;105;43;1;0;0;1077256;4322;233;2;1078326;1155;21;0;0
FR;4;2021-11-19;87;21;3;0;87;22;1;0;0;1077343;4343;236;2;1078413;1177;22;0;0
FR;4;2021-11-20;77;8;1;0;77;8;0;0;0;1077420;4351;237;2;1078490;1185;22;0;0
FR;4;2021-11-21;68;7;2;0;68;9;0;0;0;1077488;4358;239;2;1078558;1194;22;0;0
FR;4;2021-11-22;107;28;9;0;108;33;2;0;0;1077595;4386;248;2;1078666;1227;24;0;0
FR;4;2021-11-23;77;31;6;0;78;29;2;0;0;1077672;4417;254;2;1078744;1256;26;0;0
FR;4;2021-11-24;90;23;11;0;92;24;4;0;0;1077762;4440;265;2;1078836;1280;30;0;0
FR;4;2021-11-25;93;28;17;0;94;33;5;0;0;1077855;4468;282;2;1078930;1313;35;0;0
FR;4;2021-11-26;85;43;12;0;89;45;3;0;0;1077940;4511;294;2;1079019;1358;38;0;0
FR;4;2021-11-27;41;22;15;0;41;25;10;0;0;1077981;4533;309;2;1079060;1383;48;0;0
FR;4;2021-11-28;50;8;0;0;51;7;0;0;0;1078031;4541;309;2;1079111;1390;48;0;0
FR;4;2021-11-29;90;31;16;0;90;40;2;0;0;1078121;4572;325;2;1079201;1430;50;0;0
FR;4;2021-11-30;75;37;12;0;75;41;2;0;0;1078196;4609;337;2;1079276;1471;52;0;0
FR;4;2021-12-01;88;60;19;0;88;67;11;0;0;1078284;4669;356;2;1079364;1538;63;0;0
FR;4;2021-12-02;110;48;21;0;114;56;3;0;0;1078394;4717;377;2;1079478;1594;66;0;0
FR;4;2021-12-03;102;36;15;0;102;44;4;0;0;1078496;4753;392;2;1079580;1638;70;0;0
FR;4;2021-12-04;72;31;18;0;74;44;1;0;0;1078568;4784;410;2;1079654;1682;71;0;0
FR;4;2021-12-05;63;7;1;0;64;7;0;0;0;1078631;4791;411;2;1079718;1689;71;0;0
FR;4;2021-12-06;110;46;19;0;110;59;3;0;0;1078741;4837;430;2;1079828;1748;74;0;0
FR;4;2021-12-07;82;37;9;0;85;36;3;0;0;1078823;4874;439;2;1079913;1784;77;0;0
FR;4;2021-12-08;70;31;17;0;72;38;7;0;0;1078893;4905;456;2;1079985;1822;84;0;0
FR;4;2021-12-09;64;32;10;1;64;39;3;0;0;1078957;4937;466;3;1080049;1861;87;0;0
FR;4;2021-12-10;63;64;20;0;64;68;10;0;0;1079020;5001;486;3;1080113;1929;97;0;0
FR;4;2021-12-11;29;34;7;0;29;34;3;0;0;1079049;5035;493;3;1080142;1963;100;0;0
FR;4;2021-12-12;29;11;3;0;29;14;0;0;0;1079078;5046;496;3;1080171;1977;100;0;0
FR;4;2021-12-13;75;41;14;0;77;50;2;0;0;1079153;5087;510;3;1080248;2027;102;0;0
FR;4;2021-12-14;61;43;17;0;62;54;2;0;0;1079214;5130;527;3;1080310;2081;104;0;0
FR;4;2021-12-15;68;64;29;0;68;85;6;0;0;1079282;5194;556;3;1080378;2166;110;0;0
FR;4;2021-12-16;34;45;19;0;35;58;4;0;0;1079316;5239;575;3;1080413;2224;114;0;0
FR;4;2021-12-17;39;55;11;0;39;59;6;0;0;1079355;5294;586;3;1080452;2283;120;0;0
FR;4;2021-12-18;49;30;2;0;50;31;0;0;0;1079404;5324;588;3;1080502;2314;120;0;0
FR;4;2021-12-19;16;4;1;0;17;4;0;0;0;1079420;5328;589;3;1080519;2318;120;0;0
FR;4;2021-12-20;44;38;10;0;45;41;6;0;0;1079464;5366;599;3;1080564;2359;126;0;0
FR;4;2021-12-21;31;32;16;0;33;38;5;0;0;1079495;5398;615;3;1080597;2397;131;0;0
FR;4;2021-12-22;37;38;10;0;38;38;7;0;0;1079532;5436;625;3;1080635;2435;138;0;0
FR;4;2021-12-23;40;45;8;0;40;49;2;0;0;1079572;5481;633;3;1080675;2484;140;0;0
FR;4;2021-12-24;23;28;10;0;25;31;4;0;0;1079595;5509;643;3;1080700;2515;144;0;0
FR;4;2021-12-25;7;3;3;0;7;4;2;0;0;1079602;5512;646;3;1080707;2519;146;0;0
FR;4;2021-12-26;5;3;1;0;6;2;0;0;0;1079607;5515;647;3;1080713;2521;146;0;0
FR;4;2021-12-27;31;41;9;0;32;43;4;0;0;1079638;5556;656;3;1080745;2564;150;0;0
FR;4;2021-12-28;26;28;7;0;28;29;4;0;0;1079664;5584;663;3;1080773;2593;154;0;0
FR;4;2021-12-29;56;25;11;0;57;30;5;0;0;1079720;5609;674;3;1080830;2623;159;0;0
FR;4;2021-12-30;48;19;12;0;51;22;5;0;0;1079768;5628;686;3;1080881;2645;164;0;0
FR;4;2021-12-31;19;6;8;0;20;11;2;0;0;1079787;5634;694;3;1080901;2656;166;0;0
FR;4;2022-01-01;6;4;4;0;6;6;1;0;0;1079793;5638;698;3;1080907;2662;167;0;0
FR;4;2022-01-02;41;5;16;0;41;20;1;0;0;1079834;5643;714;3;1080948;2682;168;0;0
FR;4;2022-01-03;44;55;23;1;46;63;10;0;0;1079878;5698;737;4;1080994;2745;178;0;0
FR;4;2022-01-04;37;28;15;0;38;33;7;0;0;1079915;5726;752;4;1081032;2778;185;0;0
FR;4;2022-01-05;51;24;19;0;57;27;9;0;0;1079966;5750;771;4;1081089;2805;194;0;0
FR;4;2022-01-06;49;22;24;0;49;38;8;0;0;1080015;5772;795;4;1081138;2843;202;0;0
FR;4;2022-01-07;30;20;16;0;32;21;12;0;0;1080045;5792;811;4;1081170;2864;214;0;0
FR;4;2022-01-08;12;6;10;0;13;12;3;0;0;1080057;5798;821;4;1081183;2876;217;0;0
FR;4;2022-01-09;19;2;3;0;20;4;0;0;0;1080076;5800;824;4;1081203;2880;217;0;0
FR;4;2022-01-10;51;22;19;0;51;36;4;0;0;1080127;5822;843;4;1081254;2916;221;0;0
FR;4;2022-01-11;29;31;12;0;33;35;1;0;0;1080156;5853;855;4;1081287;2951;222;0;0
FR;4;2022-01-12;33;21;13;0;35;23;9;0;0;1080189;5874;868;4;1081322;2974;231;0;0
FR;4;2022-01-13;54;20;27;0;55;38;8;0;0;1080243;5894;895;4;1081377;3012;239;0;0
FR;4;2022-01-14;24;30;13;0;25;33;7;0;0;1080267;5924;908;4;1081402;3045;246;0;0
FR;4;2022-01-15;13;6;8;0;14;12;1;0;0;1080280;5930;916;4;1081416;3057;247;0;0
FR;4;2022-01-16;12;9;14;0;12;22;1;0;0;1080292;5939;930;4;1081428;3079;248;0;0
FR;4;2022-01-17;27;19;13;0;27;26;5;0;0;1080319;5958;943;4;1081455;3105;253;0;0
FR;4;2022-01-18;17;13;10;0;17;20;3;0;0;1080336;5971;953;4;1081472;3125;256;0;0
FR;4;2022-01-19;31;23;13;0;31;34;1;0;0;1080367;5994;966;4;1081503;3159;257;0;0
FR;4;2022-01-20;33;34;13;0;35;39;5;0;0;1080400;6028;979;4;1081538;3198;262;0;0
FR;4;2022-01-21;11;12;20;1;11;17;15;0;1;1080411;6040;999;5;1081549;3215;277;0;1
FR;4;2022-01-22;30;13;3;0;30;14;2;0;0;1080441;6053;1002;5;1081579;3229;279;0;1
FR;4;2022-01-23;8;2;5;0;8;7;0;0;0;1080449;6055;1007;5;1081587;3236;279;0;1
FR;4;2022-01-24;14;21;8;0;15;27;1;0;0;1080463;6076;1015;5;1081602;3263;280;0;1
FR;4;2022-01-25;22;32;10;1;23;38;3;0;0;1080485;6108;1025;6;1081625;3301;283;0;1
FR;4;2022-01-26;19;17;9;1;20;21;4;0;0;1080504;6125;1034;7;1081645;3322;287;0;1
FR;4;2022-01-27;21;18;8;0;22;24;1;0;0;1080525;6143;1042;7;1081667;3346;288;0;1
FR;4;2022-01-28;13;23;8;0;14;26;4;0;0;1080538;6166;1050;7;1081681;3372;292;0;1
FR;4;2022-01-29;17;6;5;0;17;10;0;0;0;1080555;6172;1055;7;1081698;3382;292;0;1
FR;4;2022-01-30;18;3;1;0;18;4;0;0;0;1080573;6175;1056;7;1081716;3386;292;0;1
FR;4;2022-01-31;22;28;8;0;22;32;2;0;0;1080595;6203;1064;7;1081738;3418;294;0;1
FR;4;2022-02-01;13;24;12;0;15;24;9;0;0;1080608;6227;1076;7;1081753;3442;303;0;1
FR;4;2022-02-02;18;11;14;2;18;20;7;0;0;1080626;6238;1090;9;1081771;3462;310;0;1
FR;4;2022-02-03;15;24;10;0;17;28;4;0;0;1080641;6262;1100;9;1081788;3490;314;0;1
FR;4;2022-02-04;7;5;7;0;7;9;3;0;0;1080648;6267;1107;9;1081795;3499;317;0;1
FR;4;2022-02-05;7;14;1;0;8;13;1;0;0;1080655;6281;1108;9;1081803;3512;318;0;1
FR;4;2022-02-06;7;4;4;0;7;7;1;0;0;1080662;6285;1112;9;1081810;3519;319;0;1
FR;4;2022-02-07;15;19;8;0;17;19;6;0;0;1080677;6304;1120;9;1081827;3538;325;0;1
FR;4;2022-02-08;19;21;13;1;21;22;10;0;0;1080696;6325;1133;10;1081848;3560;335;0;1
FR;4;2022-02-09;17;11;9;0;18;16;2;0;0;1080713;6336;1142;10;1081866;3576;337;0;1
FR;4;2022-02-10;22;23;10;0;23;25;7;0;0;1080735;6359;1152;10;1081889;3601;344;0;1
FR;4;2022-02-11;18;15;8;0;18;20;3;0;0;1080753;6374;1160;10;1081907;3621;347;0;1
FR;4;2022-02-12;24;6;3;0;26;7;0;0;0;1080777;6380;1163;10;1081933;3628;347;0;1
FR;4;2022-02-13;7;3;3;0;7;6;0;0;0;1080784;6383;1166;10;1081940;3634;347;0;1
FR;4;2022-02-14;20;10;10;0;20;16;4;0;0;1080804;6393;1176;10;1081960;3650;351;0;1
FR;4;2022-02-15;18;7;2;0;18;8;0;0;0;1080822;6400;1178;10;1081978;3658;351;0;1
FR;4;2022-02-16;16;10;11;0;16;17;3;0;0;1080838;6410;1189;10;1081994;3675;354;0;1
FR;4;2022-02-17;11;4;5;0;11;7;2;0;0;1080849;6414;1194;10;1082005;3682;356;0;1
FR;4;2022-02-18;16;15;8;0;16;21;2;0;0;1080865;6429;1202;10;1082021;3703;358;0;1
FR;4;2022-02-19;16;4;2;0;17;5;0;0;0;1080881;6433;1204;10;1082038;3708;358;0;1
FR;4;2022-02-20;8;3;0;0;9;2;0;0;0;1080889;6436;1204;10;1082047;3710;358;0;1
FR;4;2022-02-21;23;4;4;0;23;6;2;0;0;1080912;6440;1208;10;1082070;3716;360;0;1
FR;4;2022-02-22;8;5;10;0;9;10;4;0;0;1080920;6445;1218;10;1082079;3726;364;0;1
FR;4;2022-02-23;17;6;10;0;17;10;5;0;0;1080937;6451;1228;10;1082096;3736;369;0;1
FR;4;2022-02-24;11;5;4;0;11;7;2;0;0;1080948;6456;1232;10;1082107;3743;371;0;1
FR;4;2022-02-25;16;5;7;0;16;6;6;0;0;1080964;6461;1239;10;1082123;3749;377;0;1
FR;4;2022-02-26;27;3;0;0;27;3;0;0;0;1080991;6464;1239;10;1082150;3752;377;0;1
FR;4;2022-02-27;9;0;1;0;9;1;0;0;0;1081000;6464;1240;10;1082159;3753;377;0;1
FR;4;2022-02-28;18;3;2;0;19;3;1;0;0;1081018;6467;1242;10;1082178;3756;378;0;1
FR;4;2022-03-01;8;4;7;0;8;5;5;0;0;1081026;6471;1249;10;1082186;3761;383;0;1
FR;4;2022-03-02;16;2;5;0;16;6;1;0;0;1081042;6473;1254;10;1082202;3767;384;0;1
FR;4;2022-03-03;17;5;3;0;17;6;1;0;0;1081059;6478;1257;10;1082219;3773;385;0;1
FR;4;2022-03-04;7;7;2;1;7;5;3;0;0;1081066;6485;1259;11;1082226;3778;388;0;1
FR;4;2022-03-05;9;2;0;0;9;2;0;0;0;1081075;6487;1259;11;1082235;3780;388;0;1
FR;4;2022-03-06;4;0;1;0;4;1;0;0;0;1081079;6487;1260;11;1082239;3781;388;0;1
FR;4;2022-03-07;10;6;2;0;10;5;2;0;0;1081089;6493;1262;11;1082249;3786;390;0;1
FR;4;2022-03-08;15;3;0;0;15;3;0;0;0;1081104;6496;1262;11;1082264;3789;390;0;1
FR;4;2022-03-09;8;7;2;0;10;7;0;0;0;1081112;6503;1264;11;1082274;3796;390;0;1
FR;4;2022-03-10;5;1;6;0;5;3;4;0;0;1081117;6504;1270;11;1082279;3799;394;0;1
FR;4;2022-03-11;10;4;5;0;12;2;5;0;0;1081127;6508;1275;11;1082291;3801;399;0;1
FR;4;2022-03-12;10;2;0;0;11;0;0;0;0;1081137;6510;1275;11;1082302;3801;399;0;1
FR;4;2022-03-13;6;2;1;0;7;2;0;0;0;1081143;6512;1276;11;1082309;3803;399;0;1
FR;4;2022-03-14;4;3;1;0;5;3;0;0;0;1081147;6515;1277;11;1082314;3806;399;0;1
FR;4;2022-03-15;8;6;3;0;10;5;2;0;0;1081155;6521;1280;11;1082324;3811;401;0;1
FR;4;2022-03-16;7;3;3;0;7;3;3;0;0;1081162;6524;1283;11;1082331;3814;404;0;1
FR;4;2022-03-17;3;4;1;0;3;5;0;0;0;1081165;6528;1284;11;1082334;3819;404;0;1
FR;4;2022-03-18;9;3;0;0;9;3;0;0;0;1081174;6531;1284;11;1082343;3822;404;0;1
FR;4;2022-03-19;1;1;1;0;1;2;0;0;0;1081175;6532;1285;11;1082344;3824;404;0;1
FR;4;2022-03-20;2;0;2;0;2;1;1;0;0;1081177;6532;1287;11;1082346;3825;405;0;1
FR;4;2022-03-21;6;4;1;0;6;5;0;0;0;1081183;6536;1288;11;1082352;3830;405;0;1
FR;4;2022-03-22;4;2;2;0;4;3;1;0;0;1081187;6538;1290;11;1082356;3833;406;0;1
FR;4;2022-03-23;6;4;5;0;6;8;1;0;0;1081193;6542;1295;11;1082362;3841;407;0;1
FR;4;2022-03-24;2;5;3;1;2;7;2;0;0;1081195;6547;1298;12;1082364;3848;409;0;1
FR;4;2022-03-25;3;1;2;0;3;1;2;0;0;1081198;6548;1300;12;1082367;3849;411;0;1
FR;4;2022-03-26;5;5;0;0;5;5;0;0;0;1081203;6553;1300;12;1082372;3854;411;0;1
FR;4;2022-03-27;1;0;3;0;1;2;1;0;0;1081204;6553;1303;12;1082373;3856;412;0;1
FR;4;2022-03-28;6;1;3;0;7;3;0;0;0;1081210;6554;1306;12;1082380;3859;412;0;1
FR;4;2022-03-29;9;0;4;1;9;0;2;0;0;1081219;6554;1310;13;1082389;3859;414;0;1
FR;4;2022-03-30;3;4;0;0;3;4;0;0;0;1081222;6558;1310;13;1082392;3863;414;0;1
FR;4;2022-03-31;3;3;2;1;3;4;1;0;0;1081225;6561;1312;14;1082395;3867;415;0;1
FR;4;2022-04-01;15;3;5;0;15;6;2;0;0;1081240;6564;1317;14;1082410;3873;417;0;1
FR;4;2022-04-02;4;4;0;0;5;3;0;0;0;1081244;6568;1317;14;1082415;3876;417;0;1
FR;4;2022-04-03;0;1;0;0;0;1;0;0;0;1081244;6569;1317;14;1082415;3877;417;0;1
FR;4;2022-04-04;4;4;4;0;5;5;2;0;0;1081248;6573;1321;14;1082420;3882;419;0;1
FR;4;2022-04-05;4;3;2;1;5;3;2;0;0;1081252;6576;1323;15;1082425;3885;421;0;1
FR;4;2022-04-06;6;0;0;0;6;0;0;0;0;1081258;6576;1323;15;1082431;3885;421;0;1
FR;4;2022-04-07;3;2;3;2;3;5;0;0;0;1081261;6578;1326;17;1082434;3890;421;0;1
FR;4;2022-04-08;4;2;1;0;4;2;1;0;0;1081265;6580;1327;17;1082438;3892;422;0;1
FR;4;2022-04-09;0;0;1;1;0;1;1;0;0;1081265;6580;1328;18;1082438;3893;423;0;1
FR;4;2022-04-10;2;2;0;0;2;2;0;0;0;1081267;6582;1328;18;1082440;3895;423;0;1
FR;4;2022-04-11;4;3;4;0;4;5;2;0;0;1081271;6585;1332;18;1082444;3900;425;0;1
FR;4;2022-04-12;5;1;4;0;5;2;3;0;0;1081276;6586;1336;18;1082449;3902;428;0;1
FR;4;2022-04-13;5;8;2;0;5;10;0;0;0;1081281;6594;1338;18;1082454;3912;428;0;1
FR;4;2022-04-14;6;4;2;1;7;5;1;0;0;1081287;6598;1340;19;1082461;3917;429;0;1
FR;4;2022-04-15;6;9;1;0;6;10;0;0;0;1081293;6607;1341;19;1082467;3927;429;0;1
FR;4;2022-04-16;1;0;0;0;1;0;0;0;0;1081294;6607;1341;19;1082468;3927;429;0;1
FR;4;2022-04-17;3;2;1;0;3;3;0;0;0;1081297;6609;1342;19;1082471;3930;429;0;1
FR;4;2022-04-18;2;2;6;0;2;4;4;0;0;1081299;6611;1348;19;1082473;3934;433;0;1
FR;4;2022-04-19;2;0;1;0;2;0;1;0;0;1081301;6611;1349;19;1082475;3934;434;0;1
FR;4;2022-04-20;14;4;1;1;15;3;1;0;0;1081315;6615;1350;20;1082490;3937;435;0;1
FR;4;2022-04-21;7;1;0;0;7;1;0;0;0;1081322;6616;1350;20;1082497;3938;435;0;1
FR;4;2022-04-22;1;1;2;0;1;2;1;0;0;1081323;6617;1352;20;1082498;3940;436;0;1
FR;4;2022-04-23;2;3;3;0;2;6;0;0;0;1081325;6620;1355;20;1082500;3946;436;0;1
FR;4;2022-04-24;0;3;0;0;0;3;0;0;0;1081325;6623;1355;20;1082500;3949;436;0;1
FR;4;2022-04-25;3;5;3;0;3;8;0;0;0;1081328;6628;1358;20;1082503;3957;436;0;1
FR;4;2022-04-26;5;6;1;0;5;6;1;0;0;1081333;6634;1359;20;1082508;3963;437;0;1
FR;4;2022-04-27;4;1;1;1;5;1;1;0;0;1081337;6635;1360;21;1082513;3964;438;0;1
FR;4;2022-04-28;3;5;5;1;3;7;4;0;0;1081340;6640;1365;22;1082516;3971;442;0;1
FR;4;2022-04-29;6;3;0;0;6;2;0;0;0;1081346;6643;1365;22;1082522;3973;442;0;1
FR;4;2022-04-30;2;1;1;0;2;2;0;0;0;1081348;6644;1366;22;1082524;3975;442;0;1
FR;4;2022-05-01;0;0;0;0;0;0;0;0;0;1081348;6644;1366;22;1082524;3975;442;0;1
FR;4;2022-05-02;5;16;6;0;5;19;3;0;0;1081353;6660;1372;22;1082529;3994;445;0;1
FR;4;2022-05-03;2;6;2;0;2;7;1;0;0;1081355;6666;1374;22;1082531;4001;446;0;1
FR;4;2022-05-04;7;4;1;0;7;4;1;0;0;1081362;6670;1375;22;1082538;4005;447;0;1
FR;4;2022-05-05;3;2;1;1;4;1;2;0;0;1081365;6672;1376;23;1082542;4006;449;0;1
FR;4;2022-05-06;5;3;1;0;6;2;1;0;0;1081370;6675;1377;23;1082548;4008;450;0;1
FR;4;2022-05-07;0;0;0;0;0;0;0;0;0;1081370;6675;1377;23;1082548;4008;450;0;1
FR;4;2022-05-08;1;1;0;0;1;1;0;0;0;1081371;6676;1377;23;1082549;4009;450;0;1
FR;4;2022-05-09;5;1;0;1;5;1;1;0;0;1081376;6677;1377;24;1082554;4010;451;0;1
FR;4;2022-05-10;3;1;0;2;3;3;0;0;0;1081379;6678;1377;26;1082557;4013;451;0;1
FR;4;2022-05-11;3;2;4;0;3;5;1;0;0;1081382;6680;1381;26;1082560;4018;452;0;1
FR;4;2022-05-12;7;4;2;1;7;5;1;0;1;1081389;6684;1383;27;1082567;4023;453;0;2
FR;4;2022-05-13;1;0;2;0;1;2;0;0;0;1081390;6684;1385;27;1082568;4025;453;0;2
FR;4;2022-05-14;0;2;0;0;0;2;0;0;0;1081390;6686;1385;27;1082568;4027;453;0;2
FR;4;2022-05-15;2;2;0;0;4;0;0;0;0;1081392;6688;1385;27;1082572;4027;453;0;2
FR;4;2022-05-16;5;2;2;0;5;2;2;0;0;1081397;6690;1387;27;1082577;4029;455;0;2
FR;4;2022-05-17;5;1;2;0;5;3;0;0;0;1081402;6691;1389;27;1082582;4032;455;0;2
FR;4;2022-05-18;3;6;0;0;3;6;0;0;0;1081405;6697;1389;27;1082585;4038;455;0;2
FR;4;2022-05-19;2;3;3;0;2;5;1;0;0;1081407;6700;1392;27;1082587;4043;456;0;2
FR;4;2022-05-20;4;2;3;0;4;2;3;0;0;1081411;6702;1395;27;1082591;4045;459;0;2
FR;4;2022-05-21;2;0;1;0;2;1;0;0;0;1081413;6702;1396;27;1082593;4046;459;0;2
FR;4;2022-05-22;0;0;1;0;0;1;0;0;0;1081413;6702;1397;27;1082593;4047;459;0;2
FR;4;2022-05-23;0;0;2;0;0;0;2;0;0;1081413;6702;1399;27;1082593;4047;461;0;2
FR;4;2022-05-24;2;4;1;0;2;5;0;0;0;1081415;6706;1400;27;1082595;4052;461;0;2
FR;4;2022-05-25;1;4;1;0;3;3;0;0;0;1081416;6710;1401;27;1082598;4055;461;0;2
FR;4;2022-05-26;5;0;1;0;5;1;0;0;0;1081421;6710;1402;27;1082603;4056;461;0;2
FR;4;2022-05-27;0;2;1;1;0;3;1;0;0;1081421;6712;1403;28;1082603;4059;462;0;2
FR;4;2022-05-28;1;0;0;0;1;0;0;0;0;1081422;6712;1403;28;1082604;4059;462;0;2
FR;4;2022-05-29;1;0;1;0;1;1;0;0;0;1081423;6712;1404;28;1082605;4060;462;0;2
FR;4;2022-05-30;3;4;2;0;3;5;1;0;0;1081426;6716;1406;28;1082608;4065;463;0;2
FR;4;2022-05-31;2;1;0;0;2;1;0;0;0;1081428;6717;1406;28;1082610;4066;463;0;2
FR;4;2022-06-01;3;11;7;0;3;15;3;0;0;1081431;6728;1413;28;1082613;4081;466;0;2
FR;4;2022-06-02;6;7;3;0;6;7;2;0;0;1081437;6735;1416;28;1082619;4088;468;0;2
FR;4;2022-06-03;2;6;4;1;2;7;4;0;0;1081439;6741;1420;29;1082621;4095;472;0;2
FR;4;2022-06-04;0;1;1;1;0;1;2;0;0;1081439;6742;1421;30;1082621;4096;474;0;2
FR;4;2022-06-05;0;0;0;0;0;0;0;0;0;1081439;6742;1421;30;1082621;4096;474;0;2
FR;4;2022-06-06;7;0;3;0;7;2;1;0;0;1081446;6742;1424;30;1082628;4098;475;0;2
FR;4;2022-06-07;6;2;0;1;6;2;1;0;0;1081452;6744;1424;31;1082634;4100;476;0;2
FR;4;2022-06-08;0;4;3;0;0;7;0;0;0;1081452;6748;1427;31;1082634;4107;476;0;2
FR;4;2022-06-09;1;2;0;0;2;1;0;0;0;1081453;6750;1427;31;1082636;4108;476;0;2
FR;4;2022-06-10;3;0;3;0;3;1;2;0;0;1081456;6750;1430;31;1082639;4109;478;0;2
FR;4;2022-06-11;1;0;0;0;1;0;0;0;0;1081457;6750;1430;31;1082640;4109;478;0;2
FR;4;2022-06-12;4;0;0;0;4;0;0;0;0;1081461;6750;1430;31;1082644;4109;478;0;2
FR;4;2022-06-13;5;2;3;0;6;2;1;0;0;1081466;6752;1433;31;1082650;4111;479;0;2
FR;4;2022-06-14;4;3;0;0;5;2;0;0;0;1081470;6755;1433;31;1082655;4113;479;0;2
FR;4;2022-06-15;8;3;4;0;8;3;4;0;0;1081478;6758;1437;31;1082663;4116;483;0;2
FR;4;2022-06-16;2;3;1;1;3;2;1;0;1;1081480;6761;1438;32;1082666;4118;484;0;3
FR;4;2022-06-17;6;1;0;0;6;1;0;0;0;1081486;6762;1438;32;1082672;4119;484;0;3
FR;4;2022-06-18;0;0;0;0;0;0;0;0;0;1081486;6762;1438;32;1082672;4119;484;0;3
FR;4;2022-06-19;3;0;0;0;3;0;0;0;0;1081489;6762;1438;32;1082675;4119;484;0;3
FR;4;2022-06-20;4;2;2;1;4;3;2;0;0;1081493;6764;1440;33;1082679;4122;486;0;3
FR;4;2022-06-21;5;2;3;1;6;3;2;0;0;1081498;6766;1443;34;1082685;4125;488;0;3
FR;4;2022-06-22;3;2;1;3;4;2;1;0;0;1081501;6768;1444;37;1082689;4127;489;0;3
FR;4;2022-06-23;3;3;3;0;3;5;1;0;0;1081504;6771;1447;37;1082692;4132;490;0;3
FR;4;2022-06-24;3;0;2;0;3;0;2;0;0;1081507;6771;1449;37;1082695;4132;492;0;3
FR;4;2022-06-25;2;0;1;1;2;1;1;0;0;1081509;6771;1450;38;1082697;4133;493;0;3
FR;4;2022-06-26;0;0;1;0;0;1;0;0;0;1081509;6771;1451;38;1082697;4134;493;0;3
FR;4;2022-06-27;2;2;0;3;2;2;3;0;0;1081511;6773;1451;41;1082699;4136;496;0;3
FR;4;2022-06-28;0;4;2;1;0;5;2;0;0;1081511;6777;1453;42;1082699;4141;498;0;3
FR;4;2022-06-29;1;2;0;0;1;2;0;0;0;1081512;6779;1453;42;1082700;4143;498;0;3
FR;4;2022-06-30;2;0;0;0;2;0;0;0;0;1081514;6779;1453;42;1082702;4143;498;0;3
FR;4;2022-07-01;2;4;8;0;2;4;8;0;0;1081516;6783;1461;42;1082704;4147;506;0;3
FR;4;2022-07-02;0;1;0;0;1;0;0;0;0;1081516;6784;1461;42;1082705;4147;506;0;3
FR;4;2022-07-03;0;0;0;0;0;0;0;0;0;1081516;6784;1461;42;1082705;4147;506;0;3
FR;4;2022-07-04;3;1;0;0;3;1;0;0;0;1081519;6785;1461;42;1082708;4148;506;0;3
FR;4;2022-07-05;2;0;2;0;2;2;0;0;0;1081521;6785;1463;42;1082710;4150;506;0;3
FR;4;2022-07-06;5;0;1;1;5;0;1;0;1;1081526;6785;1464;43;1082715;4150;507;0;4
FR;4;2022-07-07;1;0;2;1;1;0;3;0;0;1081527;6785;1466;44;1082716;4150;510;0;4
FR;4;2022-07-08;3;1;0;0;3;1;0;0;0;1081530;6786;1466;44;1082719;4151;510;0;4
FR;4;2022-07-09;2;2;1;0;2;3;0;0;0;1081532;6788;1467;44;1082721;4154;510;0;4
FR;4;2022-07-10;2;0;1;0;2;0;0;0;0;1081534;6788;1468;44;1082723;4154;510;0;4
FR;4;2022-07-11;2;0;2;0;2;0;1;0;0;1081536;6788;1470;44;1082725;4154;511;0;4
FR;4;2022-07-12;0;0;2;0;0;2;0;0;0;1081536;6788;1472;44;1082725;4156;511;0;4
FR;4;2022-07-13;2;2;3;0;2;2;3;0;0;1081538;6790;1475;44;1082727;4158;514;0;4
FR;4;2022-07-14;4;0;1;0;4;0;1;0;0;1081542;6790;1476;44;1082731;4158;515;0;4
FR;4;2022-07-15;10;2;0;0;10;2;0;0;0;1081552;6792;1476;44;1082741;4160;515;0;4
FR;4;2022-07-16;4;0;0;2;4;0;2;0;0;1081556;6792;1476;46;1082745;4160;517;0;4
FR;4;2022-07-17;1;0;1;1;1;0;2;0;0;1081557;6792;1477;47;1082746;4160;519;0;4
FR;4;2022-07-18;3;3;2;0;3;3;2;0;0;1081560;6795;1479;47;1082749;4163;521;0;4
FR;4;2022-07-19;4;0;1;0;4;1;0;0;0;1081564;6795;1480;47;1082753;4164;521;0;4
FR;4;2022-07-20;10;0;1;0;10;1;0;0;0;1081574;6795;1481;47;1082763;4165;521;0;4
FR;4;2022-07-21;2;1;1;0;2;1;1;0;0;1081576;6796;1482;47;1082765;4166;522;0;4
FR;4;2022-07-22;4;0;3;0;4;1;2;0;0;1081580;6796;1485;47;1082769;4167;524;0;4
FR;4;2022-07-23;1;2;0;0;1;1;0;0;0;1081581;6798;1485;47;1082770;4168;524;0;4
FR;4;2022-07-24;0;0;0;0;0;0;0;0;0;1081581;6798;1485;47;1082770;4168;524;0;4
FR;4;2022-07-25;5;0;2;0;5;2;0;0;0;1081586;6798;1487;47;1082775;4170;524;0;4
FR;4;2022-07-26;2;0;0;0;2;0;0;0;0;1081588;6798;1487;47;1082777;4170;524;0;4
FR;4;2022-07-27;2;1;0;0;2;0;0;0;0;1081590;6799;1487;47;1082779;4170;524;0;4
FR;4;2022-07-28;11;0;0;0;11;0;0;0;0;1081601;6799;1487;47;1082790;4170;524;0;4
FR;4;2022-07-29;3;0;2;0;3;1;1;0;0;1081604;6799;1489;47;1082793;4171;525;0;4
FR;4;2022-07-30;4;0;2;0;4;0;2;0;0;1081608;6799;1491;47;1082797;4171;527;0;4
FR;4;2022-07-31;0;0;0;0;0;0;0;0;0;1081608;6799;1491;47;1082797;4171;527;0;4
FR;4;2022-08-01;2;0;3;0;2;2;1;0;0;1081610;6799;1494;47;1082799;4173;528;0;4
FR;4;2022-08-02;6;0;0;0;6;0;0;0;0;1081616;6799;1494;47;1082805;4173;528;0;4
FR;4;2022-08-03;1;2;1;0;1;2;1;0;0;1081617;6801;1495;47;1082806;4175;529;0;4
FR;4;2022-08-04;4;2;0;1;4;2;1;0;0;1081621;6803;1495;48;1082810;4177;530;0;4
FR;4;2022-08-05;2;0;1;0;2;0;1;0;0;1081623;6803;1496;48;1082812;4177;531;0;4
FR;4;2022-08-06;2;0;0;0;2;0;0;0;0;1081625;6803;1496;48;1082814;4177;531;0;4
FR;4;2022-08-07;5;0;0;0;5;0;0;0;0;1081630;6803;1496;48;1082819;4177;531;0;4
FR;4;2022-08-08;1;0;1;1;1;1;1;0;0;1081631;6803;1497;49;1082820;4178;532;0;4
FR;4;2022-08-09;1;1;1;2;1;2;2;0;0;1081632;6804;1498;51;1082821;4180;534;0;4
FR;4;2022-08-10;5;1;1;0;6;1;0;0;0;1081637;6805;1499;51;1082827;4181;534;0;4
FR;4;2022-08-11;2;0;1;0;2;1;0;0;0;1081639;6805;1500;51;1082829;4182;534;0;4
FR;4;2022-08-12;4;0;1;0;4;0;1;0;0;1081643;6805;1501;51;1082833;4182;535;0;4
FR;4;2022-08-13;1;0;0;0;1;0;0;0;0;1081644;6805;1501;51;1082834;4182;535;0;4
FR;4;2022-08-14;0;0;0;0;0;0;0;0;0;1081644;6805;1501;51;1082834;4182;535;0;4
FR;4;2022-08-15;1;2;3;0;1;2;3;0;0;1081645;6807;1504;51;1082835;4184;538;0;4
FR;4;2022-08-16;0;0;1;0;0;1;0;0;0;1081645;6807;1505;51;1082835;4185;538;0;4
FR;4;2022-08-17;2;0;0;0;2;0;0;0;0;1081647;6807;1505;51;1082837;4185;538;0;4
FR;4;2022-08-18;3;0;0;0;3;0;0;0;0;1081650;6807;1505;51;1082840;4185;538;0;4
FR;4;2022-08-19;5;0;0;0;5;0;0;0;0;1081655;6807;1505;51;1082845;4185;538;0;4
FR;4;2022-08-20;1;1;0;0;2;0;0;0;0;1081656;6808;1505;51;1082847;4185;538;0;4
FR;4;2022-08-21;1;0;0;0;1;0;0;0;0;1081657;6808;1505;51;1082848;4185;538;0;4
FR;4;2022-08-22;4;9;0;0;4;9;0;0;0;1081661;6817;1505;51;1082852;4194;538;0;4
FR;4;2022-08-23;3;3;3;0;3;4;2;0;0;1081664;6820;1508;51;1082855;4198;540;0;4
FR;4;2022-08-24;5;0;0;1;5;0;1;0;0;1081669;6820;1508;52;1082860;4198;541;0;4
FR;4;2022-08-25;1;3;1;0;1;3;1;0;0;1081670;6823;1509;52;1082861;4201;542;0;4
FR;4;2022-08-26;2;0;0;1;2;0;1;0;0;1081672;6823;1509;53;1082863;4201;543;0;4
FR;4;2022-08-27;1;0;0;0;1;0;0;0;0;1081673;6823;1509;53;1082864;4201;543;0;4
FR;4;2022-08-28;0;1;0;0;0;0;0;0;0;1081673;6824;1509;53;1082864;4201;543;0;4
FR;4;2022-08-29;7;0;0;0;7;0;0;0;0;1081680;6824;1509;53;1082871;4201;543;0;4
FR;4;2022-08-30;5;0;0;0;5;0;0;0;0;1081685;6824;1509;53;1082876;4201;543;0;4
FR;4;2022-08-31;2;1;0;0;2;1;0;0;0;1081687;6825;1509;53;1082878;4202;543;0;4
FR;4;2022-09-01;3;8;2;0;4;7;2;0;0;1081690;6833;1511;53;1082882;4209;545;0;4
FR;4;2022-09-02;2;1;1;0;2;2;0;0;0;1081692;6834;1512;53;1082884;4211;545;0;4
FR;4;2022-09-03;3;0;0;0;3;0;0;0;0;1081695;6834;1512;53;1082887;4211;545;0;4
FR;4;2022-09-04;1;0;0;0;1;0;0;0;0;1081696;6834;1512;53;1082888;4211;545;0;4
FR;4;2022-09-05;2;2;0;0;2;2;0;0;0;1081698;6836;1512;53;1082890;4213;545;0;4
FR;4;2022-09-06;1;0;0;0;1;0;0;0;0;1081699;6836;1512;53;1082891;4213;545;0;4
FR;4;2022-09-07;1;0;1;1;1;1;1;0;0;1081700;6836;1513;54;1082892;4214;546;0;4
FR;4;2022-09-08;3;0;0;0;3;0;0;0;0;1081703;6836;1513;54;1082895;4214;546;0;4
FR;4;2022-09-09;2;0;0;0;2;0;0;0;0;1081705;6836;1513;54;1082897;4214;546;0;4
FR;4;2022-09-10;0;0;0;3;0;1;2;0;0;1081705;6836;1513;57;1082897;4215;548;0;4
FR;4;2022-09-11;2;0;0;0;2;0;0;0;0;1081707;6836;1513;57;1082899;4215;548;0;4
FR;4;2022-09-12;1;1;1;0;1;1;1;0;0;1081708;6837;1514;57;1082900;4216;549;0;4
FR;4;2022-09-13;1;0;0;0;1;0;0;0;0;1081709;6837;1514;57;1082901;4216;549;0;4
FR;4;2022-09-14;2;0;0;0;2;0;0;0;0;1081711;6837;1514;57;1082903;4216;549;0;4
FR;4;2022-09-15;4;0;0;0;4;0;0;0;0;1081715;6837;1514;57;1082907;4216;549;0;4
FR;4;2022-09-16;0;0;0;0;0;0;0;0;0;1081715;6837;1514;57;1082907;4216;549;0;4
FR;4;2022-09-17;2;0;0;0;2;0;0;0;0;1081717;6837;1514;57;1082909;4216;549;0;4
FR;4;2022-09-18;0;1;0;0;0;1;0;0;0;1081717;6838;1514;57;1082909;4217;549;0;4
FR;4;2022-09-19;2;0;2;0;2;2;0;0;0;1081719;6838;1516;57;1082911;4219;549;0;4
FR;4;2022-09-20;4;0;0;0;4;0;0;0;0;1081723;6838;1516;57;1082915;4219;549;0;4
FR;4;2022-09-21;2;1;0;0;2;1;0;0;0;1081725;6839;1516;57;1082917;4220;549;0;4
FR;4;2022-09-22;1;1;0;0;1;1;0;0;0;1081726;6840;1516;57;1082918;4221;549;0;4
FR;4;2022-09-23;2;3;0;0;3;2;0;0;0;1081728;6843;1516;57;1082921;4223;549;0;4
FR;4;2022-09-24;1;0;0;0;1;0;0;0;0;1081729;6843;1516;57;1082922;4223;549;0;4
FR;4;2022-09-25;0;0;0;0;0;0;0;0;0;1081729;6843;1516;57;1082922;4223;549;0;4
FR;4;2022-09-26;2;0;1;0;2;0;1;0;0;1081731;6843;1517;57;1082924;4223;550;0;4
FR;4;2022-09-27;0;0;1;1;0;0;2;0;0;1081731;6843;1518;58;1082924;4223;552;0;4
FR;4;2022-09-28;3;0;2;0;3;2;0;0;0;1081734;6843;1520;58;1082927;4225;552;0;4
FR;4;2022-09-29;3;0;1;1;3;1;1;0;0;1081737;6843;1521;59;1082930;4226;553;0;4
FR;4;2022-09-30;1;0;0;0;1;0;0;0;0;1081738;6843;1521;59;1082931;4226;553;0;4
FR;4;2022-10-01;1;1;0;0;2;0;0;0;0;1081739;6844;1521;59;1082933;4226;553;0;4
FR;4;2022-10-02;0;1;0;0;0;1;0;0;0;1081739;6845;1521;59;1082933;4227;553;0;4
FR;4;2022-10-03;3;2;1;0;4;2;0;0;0;1081742;6847;1522;59;1082937;4229;553;0;4
FR;4;2022-10-04;2;0;0;0;2;0;0;0;0;1081744;6847;1522;59;1082939;4229;553;0;4
FR;4;2022-10-05;0;1;0;0;0;1;0;0;0;1081744;6848;1522;59;1082939;4230;553;0;4
FR;4;2022-10-06;1;0;0;0;1;0;0;0;0;1081745;6848;1522;59;1082940;4230;553;0;4
FR;4;2022-10-07;3;0;1;0;3;0;1;0;0;1081748;6848;1523;59;1082943;4230;554;0;4
FR;4;2022-10-08;3;1;0;0;3;0;0;0;0;1081751;6849;1523;59;1082946;4230;554;0;4
FR;4;2022-10-09;0;0;0;0;0;0;0;0;0;1081751;6849;1523;59;1082946;4230;554;0;4
FR;4;2022-10-10;4;0;2;3;4;2;1;0;2;1081755;6849;1525;62;1082950;4232;555;0;6
FR;4;2022-10-11;1;2;0;0;1;1;0;0;0;1081756;6851;1525;62;1082951;4233;555;0;6
FR;4;2022-10-12;0;0;0;0;0;0;0;0;0;1081756;6851;1525;62;1082951;4233;555;0;6
FR;4;2022-10-13;5;0;0;0;5;0;0;0;0;1081761;6851;1525;62;1082956;4233;555;0;6
FR;4;2022-10-14;1;0;0;0;1;0;0;0;0;1081762;6851;1525;62;1082957;4233;555;0;6
FR;4;2022-10-15;0;1;0;0;0;1;0;0;0;1081762;6852;1525;62;1082957;4234;555;0;6
FR;4;2022-10-16;0;0;0;0;0;0;0;0;0;1081762;6852;1525;62;1082957;4234;555;0;6
FR;4;2022-10-17;2;0;1;0;2;1;0;0;0;1081764;6852;1526;62;1082959;4235;555;0;6
FR;4;2022-10-18;1;0;0;1;1;0;1;0;0;1081765;6852;1526;63;1082960;4235;556;0;6
FR;4;2022-10-19;1;0;0;2;1;0;2;0;3;1081766;6852;1526;65;1082961;4235;558;0;9
FR;4;2022-10-20;4;1;0;0;4;1;0;0;0;1081770;6853;1526;65;1082965;4236;558;0;9
FR;4;2022-10-21;1;0;0;0;1;0;0;0;0;1081771;6853;1526;65;1082966;4236;558;0;9
FR;4;2022-10-22;1;0;0;0;1;0;0;0;0;1081772;6853;1526;65;1082967;4236;558;0;9
FR;4;2022-10-23;0;0;0;0;0;0;0;0;0;1081772;6853;1526;65;1082967;4236;558;0;9
FR;4;2022-10-24;1;0;0;0;1;0;0;0;0;1081773;6853;1526;65;1082968;4236;558;0;9
FR;4;2022-10-25;1;0;0;0;1;0;0;0;0;1081774;6853;1526;65;1082969;4236;558;0;9
FR;4;2022-10-26;2;1;0;0;2;1;0;0;0;1081776;6854;1526;65;1082971;4237;558;0;9
FR;4;2022-10-27;3;1;1;0;3;0;1;0;0;1081779;6855;1527;65;1082974;4237;559;0;9
FR;4;2022-10-28;0;0;0;0;0;0;0;0;0;1081779;6855;1527;65;1082974;4237;559;0;9
FR;4;2022-10-29;1;0;0;3;1;0;3;0;3;1081780;6855;1527;68;1082975;4237;562;0;12
FR;4;2022-10-30;1;0;0;0;1;0;0;0;0;1081781;6855;1527;68;1082976;4237;562;0;12
FR;4;2022-10-31;0;0;0;0;0;0;0;0;0;1081781;6855;1527;68;1082976;4237;562;0;12
FR;4;2022-11-01;1;5;0;0;1;5;0;0;0;1081782;6860;1527;68;1082977;4242;562;0;12
FR;4;2022-11-02;0;0;2;2;0;1;3;0;0;1081782;6860;1529;70;1082977;4243;565;0;12
FR;4;2022-11-03;1;0;0;0;1;0;0;0;0;1081783;6860;1529;70;1082978;4243;565;0;12
FR;4;2022-11-04;4;1;0;0;4;0;0;0;0;1081787;6861;1529;70;1082982;4243;565;0;12
FR;4;2022-11-05;0;0;0;0;0;0;0;0;0;1081787;6861;1529;70;1082982;4243;565;0;12
FR;4;2022-11-06;1;0;0;0;1;0;0;0;0;1081788;6861;1529;70;1082983;4243;565;0;12
FR;4;2022-11-07;2;0;0;0;2;0;0;0;0;1081790;6861;1529;70;1082985;4243;565;0;12
FR;4;2022-11-08;7;0;0;0;7;0;0;0;0;1081797;6861;1529;70;1082992;4243;565;0;12
FR;4;2022-11-09;0;0;0;0;0;0;0;0;0;1081797;6861;1529;70;1082992;4243;565;0;12
FR;4;2022-11-10;0;0;0;0;0;0;0;0;0;1081797;6861;1529;70;1082992;4243;565;0;12
FR;4;2022-11-11;1;0;0;0;1;0;0;0;0;1081798;6861;1529;70;1082993;4243;565;0;12
FR;4;2022-11-12;3;1;0;0;3;1;0;0;0;1081801;6862;1529;70;1082996;4244;565;0;12
FR;4;2022-11-13;0;0;0;0;0;0;0;0;0;1081801;6862;1529;70;1082996;4244;565;0;12
FR;4;2022-11-14;0;0;0;0;0;0;0;0;0;1081801;6862;1529;70;1082996;4244;565;0;12
FR;4;2022-11-15;3;0;0;0;3;0;0;0;0;1081804;6862;1529;70;1082999;4244;565;0;12
FR;4;2022-11-16;1;1;0;0;1;1;0;0;0;1081805;6863;1529;70;1083000;4245;565;0;12
FR;4;2022-11-17;0;0;0;0;0;0;0;0;0;1081805;6863;1529;70;1083000;4245;565;0;12
FR;4;2022-11-18;2;0;1;0;2;0;1;0;0;1081807;6863;1530;70;1083002;4245;566;0;12
FR;4;2022-11-19;0;0;0;0;0;0;0;0;0;1081807;6863;1530;70;1083002;4245;566;0;12
FR;4;2022-11-20;0;0;0;0;0;0;0;0;0;1081807;6863;1530;70;1083002;4245;566;0;12
FR;4;2022-11-21;0;0;0;0;0;0;0;0;0;1081807;6863;1530;70;1083002;4245;566;0;12
FR;4;2022-11-22;0;0;0;0;0;0;0;0;0;1081807;6863;1530;70;1083002;4245;566;0;12
FR;4;2022-11-23;1;0;0;0;1;0;0;0;1;1081808;6863;1530;70;1083003;4245;566;0;13
FR;4;2022-11-24;0;0;0;0;0;0;0;0;0;1081808;6863;1530;70;1083003;4245;566;0;13
FR;4;2022-11-25;3;1;0;0;3;1;0;0;0;1081811;6864;1530;70;1083006;4246;566;0;13
FR;4;2022-11-26;0;0;0;0;0;0;0;0;0;1081811;6864;1530;70;1083006;4246;566;0;13
FR;4;2022-11-27;0;0;0;0;0;0;0;0;0;1081811;6864;1530;70;1083006;4246;566;0;13
FR;4;2022-11-28;3;0;0;0;3;0;0;0;0;1081814;6864;1530;70;1083009;4246;566;0;13
FR;4;2022-11-29;2;0;0;0;2;0;0;0;0;1081816;6864;1530;70;1083011;4246;566;0;13
FR;4;2022-11-30;0;0;0;0;0;0;0;0;0;1081816;6864;1530;70;1083011;4246;566;0;13
FR;4;2022-12-01;1;1;2;0;1;2;1;0;0;1081817;6865;1532;70;1083012;4248;567;0;13
FR;4;2022-12-02;2;0;0;1;2;0;0;0;1;1081819;6865;1532;71;1083014;4248;567;0;14
FR;4;2022-12-03;1;0;0;0;1;0;0;0;0;1081820;6865;1532;71;1083015;4248;567;0;14
FR;4;2022-12-04;0;0;0;0;0;0;0;0;0;1081820;6865;1532;71;1083015;4248;567;0;14
FR;4;2022-12-05;1;0;0;0;1;0;0;0;0;1081821;6865;1532;71;1083016;4248;567;0;14
FR;4;2022-12-06;1;0;0;0;1;0;0;0;0;1081822;6865;1532;71;1083017;4248;567;0;14
FR;4;2022-12-07;2;0;0;0;2;0;0;0;0;1081824;6865;1532;71;1083019;4248;567;0;14
FR;4;2022-12-08;1;0;0;0;1;0;0;0;0;1081825;6865;1532;71;1083020;4248;567;0;14
FR;4;2022-12-09;1;0;0;0;1;0;0;0;0;1081826;6865;1532;71;1083021;4248;567;0;14
FR;4;2022-12-10;1;0;0;0;1;0;0;0;0;1081827;6865;1532;71;1083022;4248;567;0;14
FR;4;2022-12-11;0;0;0;0;0;0;0;0;0;1081827;6865;1532;71;1083022;4248;567;0;14
FR;4;2022-12-12;0;1;0;5;0;1;5;0;0;1081827;6866;1532;76;1083022;4249;572;0;14
FR;4;2022-12-13;1;0;0;0;1;0;0;0;0;1081828;6866;1532;76;1083023;4249;572;0;14
FR;4;2022-12-14;0;0;0;0;0;0;0;0;0;1081828;6866;1532;76;1083023;4249;572;0;14
FR;4;2022-12-15;1;0;0;0;1;0;0;0;0;1081829;6866;1532;76;1083024;4249;572;0;14
FR;4;2022-12-16;1;0;0;0;1;0;0;0;0;1081830;6866;1532;76;1083025;4249;572;0;14
FR;4;2022-12-17;0;0;0;0;0;0;0;0;0;1081830;6866;1532;76;1083025;4249;572;0;14
FR;4;2022-12-18;0;0;0;0;0;0;0;0;0;1081830;6866;1532;76;1083025;4249;572;0;14
FR;4;2022-12-19;1;0;0;0;1;0;0;0;0;1081831;6866;1532;76;1083026;4249;572;0;14
FR;5;2020-12-27;0;0;0;0;0;0;0;0;0;0;0;0;0;0;0;0;0;0
FR;5;2020-12-28;0;0;0;0;0;0;0;0;0;0;0;0;0;0;0;0;0;0
FR;5;2020-12-29;0;0;0;0;0;0;0;0;0;0;0;0;0;0;0;0;0;0
FR;5;2020-12-30;0;0;0;0;0;0;0;0;0;0;0;0;0;0;0;0;0;0
FR;5;2020-12-31;0;0;0;0;0;0;0;0;0;0;0;0;0;0;0;0;0;0
FR;5;2021-01-01;0;0;0;0;0;0;0;0;0;0;0;0;0;0;0;0;0;0
FR;5;2021-01-02;0;0;0;0;0;0;0;0;0;0;0;0;0;0;0;0;0;0
FR;5;2021-01-03;0;0;0;0;0;0;0;0;0;0;0;0;0;0;0;0;0;0
FR;5;2021-01-04;0;0;0;0;0;0;0;0;0;0;0;0;0;0;0;0;0;0
FR;5;2021-01-05;0;0;0;0;0;0;0;0;0;0;0;0;0;0;0;0;0;0
FR;5;2021-01-06;0;0;0;0;0;0;0;0;0;0;0;0;0;0;0;0;0;0
FR;5;2021-01-07;0;0;0;0;0;0;0;0;0;0;0;0;0;0;0;0;0;0
FR;5;2021-01-08;0;0;0;0;0;0;0;0;0;0;0;0;0;0;0;0;0;0
FR;5;2021-01-09;0;0;0;0;0;0;0;0;0;0;0;0;0;0;0;0;0;0
FR;5;2021-01-10;0;0;0;0;0;0;0;0;0;0;0;0;0;0;0;0;0;0
FR;5;2021-01-11;0;0;0;0;0;0;0;0;0;0;0;0;0;0;0;0;0;0
FR;5;2021-01-12;0;0;0;0;0;0;0;0;0;0;0;0;0;0;0;0;0;0
FR;5;2021-01-13;0;0;0;0;0;0;0;0;0;0;0;0;0;0;0;0;0;0
FR;5;2021-01-14;0;0;0;0;0;0;0;0;0;0;0;0;0;0;0;0;0;0
FR;5;2021-01-15;0;0;0;0;0;0;0;0;0;0;0;0;0;0;0;0;0;0
FR;5;2021-01-16;0;0;0;0;0;0;0;0;0;0;0;0;0;0;0;0;0;0
FR;5;2021-01-17;0;0;0;0;0;0;0;0;0;0;0;0;0;0;0;0;0;0
FR;5;2021-01-18;0;0;0;0;0;0;0;0;0;0;0;0;0;0;0;0;0;0
FR;5;2021-01-19;0;0;0;0;0;0;0;0;0;0;0;0;0;0;0;0;0;0
FR;5;2021-01-20;0;0;0;0;0;0;0;0;0;0;0;0;0;0;0;0;0;0
FR;5;2021-01-21;0;0;0;0;0;0;0;0;0;0;0;0;0;0;0;0;0;0
FR;5;2021-01-22;0;0;0;0;0;0;0;0;0;0;0;0;0;0;0;0;0;0
FR;5;2021-01-23;0;0;0;0;0;0;0;0;0;0;0;0;0;0;0;0;0;0
FR;5;2021-01-24;0;0;0;0;0;0;0;0;0;0;0;0;0;0;0;0;0;0
FR;5;2021-01-25;0;0;0;0;0;0;0;0;0;0;0;0;0;0;0;0;0;0
FR;5;2021-01-26;0;0;0;0;0;0;0;0;0;0;0;0;0;0;0;0;0;0
FR;5;2021-01-27;0;0;0;0;0;0;0;0;0;0;0;0;0;0;0;0;0;0
FR;5;2021-01-28;0;0;0;0;0;0;0;0;0;0;0;0;0;0;0;0;0;0
FR;5;2021-01-29;0;0;0;0;0;0;0;0;0;0;0;0;0;0;0;0;0;0
FR;5;2021-01-30;0;0;0;0;0;0;0;0;0;0;0;0;0;0;0;0;0;0
FR;5;2021-01-31;0;0;0;0;0;0;0;0;0;0;0;0;0;0;0;0;0;0
FR;5;2021-02-01;0;0;0;0;0;0;0;0;0;0;0;0;0;0;0;0;0;0
FR;5;2021-02-02;0;0;0;0;0;0;0;0;0;0;0;0;0;0;0;0;0;0
FR;5;2021-02-03;0;0;0;0;0;0;0;0;0;0;0;0;0;0;0;0;0;0
FR;5;2021-02-04;0;0;0;0;0;0;0;0;0;0;0;0;0;0;0;0;0;0
FR;5;2021-02-05;0;0;0;0;0;0;0;0;0;0;0;0;0;0;0;0;0;0
FR;5;2021-02-06;0;0;0;0;0;0;0;0;0;0;0;0;0;0;0;0;0;0
FR;5;2021-02-07;0;0;0;0;0;0;0;0;0;0;0;0;0;0;0;0;0;0
FR;5;2021-02-08;0;0;0;0;0;0;0;0;0;0;0;0;0;0;0;0;0;0
FR;5;2021-02-09;0;0;0;0;0;0;0;0;0;0;0;0;0;0;0;0;0;0
FR;5;2021-02-10;0;0;0;0;0;0;0;0;0;0;0;0;0;0;0;0;0;0
FR;5;2021-02-11;0;0;0;0;0;0;0;0;0;0;0;0;0;0;0;0;0;0
FR;5;2021-02-12;0;0;0;0;0;0;0;0;0;0;0;0;0;0;0;0;0;0
FR;5;2021-02-13;0;0;0;0;0;0;0;0;0;0;0;0;0;0;0;0;0;0
FR;5;2021-02-14;0;0;0;0;0;0;0;0;0;0;0;0;0;0;0;0;0;0
FR;5;2021-02-15;0;0;0;0;0;0;0;0;0;0;0;0;0;0;0;0;0;0
FR;5;2021-02-16;0;0;0;0;0;0;0;0;0;0;0;0;0;0;0;0;0;0
FR;5;2021-02-17;0;0;0;0;0;0;0;0;0;0;0;0;0;0;0;0;0;0
FR;5;2021-02-18;0;0;0;0;0;0;0;0;0;0;0;0;0;0;0;0;0;0
FR;5;2021-02-19;0;0;0;0;0;0;0;0;0;0;0;0;0;0;0;0;0;0
FR;5;2021-02-20;0;0;0;0;0;0;0;0;0;0;0;0;0;0;0;0;0;0
FR;5;2021-02-21;0;0;0;0;0;0;0;0;0;0;0;0;0;0;0;0;0;0
FR;5;2021-02-22;0;0;0;0;0;0;0;0;0;0;0;0;0;0;0;0;0;0
FR;5;2021-02-23;0;0;0;0;0;0;0;0;0;0;0;0;0;0;0;0;0;0
FR;5;2021-02-24;0;0;0;0;0;0;0;0;0;0;0;0;0;0;0;0;0;0
FR;5;2021-02-25;0;0;0;0;0;0;0;0;0;0;0;0;0;0;0;0;0;0
FR;5;2021-02-26;0;0;0;0;0;0;0;0;0;0;0;0;0;0;0;0;0;0
FR;5;2021-02-27;0;0;0;0;0;0;0;0;0;0;0;0;0;0;0;0;0;0
FR;5;2021-02-28;0;0;0;0;0;0;0;0;0;0;0;0;0;0;0;0;0;0
FR;5;2021-03-01;0;0;0;0;0;0;0;0;0;0;0;0;0;0;0;0;0;0
FR;5;2021-03-02;0;0;0;0;0;0;0;0;0;0;0;0;0;0;0;0;0;0
FR;5;2021-03-03;0;0;0;0;0;0;0;0;0;0;0;0;0;0;0;0;0;0
FR;5;2021-03-04;0;0;0;0;0;0;0;0;0;0;0;0;0;0;0;0;0;0
FR;5;2021-03-05;0;0;0;0;0;0;0;0;0;0;0;0;0;0;0;0;0;0
FR;5;2021-03-06;0;0;0;0;0;0;0;0;0;0;0;0;0;0;0;0;0;0
FR;5;2021-03-07;0;0;0;0;0;0;0;0;0;0;0;0;0;0;0;0;0;0
FR;5;2021-03-08;0;0;0;0;0;0;0;0;0;0;0;0;0;0;0;0;0;0
FR;5;2021-03-09;0;0;0;0;0;0;0;0;0;0;0;0;0;0;0;0;0;0
FR;5;2021-03-10;0;0;0;0;0;0;0;0;0;0;0;0;0;0;0;0;0;0
FR;5;2021-03-11;0;0;0;0;0;0;0;0;0;0;0;0;0;0;0;0;0;0
FR;5;2021-03-12;0;0;0;0;0;0;0;0;0;0;0;0;0;0;0;0;0;0
FR;5;2021-03-13;0;0;0;0;0;0;0;0;0;0;0;0;0;0;0;0;0;0
FR;5;2021-03-14;0;0;0;0;0;0;0;0;0;0;0;0;0;0;0;0;0;0
FR;5;2021-03-15;0;0;0;0;0;0;0;0;0;0;0;0;0;0;0;0;0;0
FR;5;2021-03-16;0;0;0;0;0;0;0;0;0;0;0;0;0;0;0;0;0;0
FR;5;2021-03-17;0;0;0;0;0;0;0;0;0;0;0;0;0;0;0;0;0;0
FR;5;2021-03-18;0;0;0;0;0;0;0;0;0;0;0;0;0;0;0;0;0;0
FR;5;2021-03-19;0;0;0;0;0;0;0;0;0;0;0;0;0;0;0;0;0;0
FR;5;2021-03-20;0;0;0;0;0;0;0;0;0;0;0;0;0;0;0;0;0;0
FR;5;2021-03-21;0;0;0;0;0;0;0;0;0;0;0;0;0;0;0;0;0;0
FR;5;2021-03-22;0;0;0;0;0;0;0;0;0;0;0;0;0;0;0;0;0;0
FR;5;2021-03-23;0;0;0;0;0;0;0;0;0;0;0;0;0;0;0;0;0;0
FR;5;2021-03-24;0;0;0;0;0;0;0;0;0;0;0;0;0;0;0;0;0;0
FR;5;2021-03-25;0;0;0;0;0;0;0;0;0;0;0;0;0;0;0;0;0;0
FR;5;2021-03-26;0;0;0;0;0;0;0;0;0;0;0;0;0;0;0;0;0;0
FR;5;2021-03-27;0;0;0;0;0;0;0;0;0;0;0;0;0;0;0;0;0;0
FR;5;2021-03-28;0;0;0;0;0;0;0;0;0;0;0;0;0;0;0;0;0;0
FR;5;2021-03-29;0;0;0;0;0;0;0;0;0;0;0;0;0;0;0;0;0;0
FR;5;2021-03-30;0;0;0;0;0;0;0;0;0;0;0;0;0;0;0;0;0;0
FR;5;2021-03-31;0;0;0;0;0;0;0;0;0;0;0;0;0;0;0;0;0;0
FR;5;2021-04-01;0;0;0;0;0;0;0;0;0;0;0;0;0;0;0;0;0;0
FR;5;2021-04-02;0;0;0;0;0;0;0;0;0;0;0;0;0;0;0;0;0;0
FR;5;2021-04-03;0;0;0;0;0;0;0;0;0;0;0;0;0;0;0;0;0;0
FR;5;2021-04-04;0;0;0;0;0;0;0;0;0;0;0;0;0;0;0;0;0;0
FR;5;2021-04-05;0;0;0;0;0;0;0;0;0;0;0;0;0;0;0;0;0;0
FR;5;2021-04-06;0;0;0;0;0;0;0;0;0;0;0;0;0;0;0;0;0;0
FR;5;2021-04-07;0;0;0;0;0;0;0;0;0;0;0;0;0;0;0;0;0;0
FR;5;2021-04-08;0;0;0;0;0;0;0;0;0;0;0;0;0;0;0;0;0;0
FR;5;2021-04-09;0;0;0;0;0;0;0;0;0;0;0;0;0;0;0;0;0;0
FR;5;2021-04-10;0;0;0;0;0;0;0;0;0;0;0;0;0;0;0;0;0;0
FR;5;2021-04-11;0;0;0;0;0;0;0;0;0;0;0;0;0;0;0;0;0;0
FR;5;2021-04-12;0;0;0;0;0;0;0;0;0;0;0;0;0;0;0;0;0;0
FR;5;2021-04-13;0;0;0;0;0;0;0;0;0;0;0;0;0;0;0;0;0;0
FR;5;2021-04-14;0;0;0;0;0;0;0;0;0;0;0;0;0;0;0;0;0;0
FR;5;2021-04-15;0;0;0;0;0;0;0;0;0;0;0;0;0;0;0;0;0;0
FR;5;2021-04-16;0;0;0;0;0;0;0;0;0;0;0;0;0;0;0;0;0;0
FR;5;2021-04-17;0;0;0;0;0;0;0;0;0;0;0;0;0;0;0;0;0;0
FR;5;2021-04-18;0;0;0;0;0;0;0;0;0;0;0;0;0;0;0;0;0;0
FR;5;2021-04-19;0;0;0;0;0;0;0;0;0;0;0;0;0;0;0;0;0;0
FR;5;2021-04-20;0;0;0;0;0;0;0;0;0;0;0;0;0;0;0;0;0;0
FR;5;2021-04-21;0;0;0;0;0;0;0;0;0;0;0;0;0;0;0;0;0;0
FR;5;2021-04-22;0;0;0;0;0;0;0;0;0;0;0;0;0;0;0;0;0;0
FR;5;2021-04-23;0;0;0;0;0;0;0;0;0;0;0;0;0;0;0;0;0;0
FR;5;2021-04-24;0;0;0;0;0;0;0;0;0;0;0;0;0;0;0;0;0;0
FR;5;2021-04-25;0;0;0;0;0;0;0;0;0;0;0;0;0;0;0;0;0;0
FR;5;2021-04-26;0;0;0;0;0;0;0;0;0;0;0;0;0;0;0;0;0;0
FR;5;2021-04-27;0;0;0;0;0;0;0;0;0;0;0;0;0;0;0;0;0;0
FR;5;2021-04-28;0;0;0;0;0;0;0;0;0;0;0;0;0;0;0;0;0;0
FR;5;2021-04-29;0;0;0;0;0;0;0;0;0;0;0;0;0;0;0;0;0;0
FR;5;2021-04-30;0;0;0;0;0;0;0;0;0;0;0;0;0;0;0;0;0;0
FR;5;2021-05-01;0;0;0;0;0;0;0;0;0;0;0;0;0;0;0;0;0;0
FR;5;2021-05-02;0;0;0;0;0;0;0;0;0;0;0;0;0;0;0;0;0;0
FR;5;2021-05-03;0;0;0;0;0;0;0;0;0;0;0;0;0;0;0;0;0;0
FR;5;2021-05-04;0;0;0;0;0;0;0;0;0;0;0;0;0;0;0;0;0;0
FR;5;2021-05-05;0;0;0;0;0;0;0;0;0;0;0;0;0;0;0;0;0;0
FR;5;2021-05-06;0;0;0;0;0;0;0;0;0;0;0;0;0;0;0;0;0;0
FR;5;2021-05-07;0;0;0;0;0;0;0;0;0;0;0;0;0;0;0;0;0;0
FR;5;2021-05-08;0;0;0;0;0;0;0;0;0;0;0;0;0;0;0;0;0;0
FR;5;2021-05-09;0;0;0;0;0;0;0;0;0;0;0;0;0;0;0;0;0;0
FR;5;2021-05-10;0;0;0;0;0;0;0;0;0;0;0;0;0;0;0;0;0;0
FR;5;2021-05-11;0;0;0;0;0;0;0;0;0;0;0;0;0;0;0;0;0;0
FR;5;2021-05-12;0;0;0;0;0;0;0;0;0;0;0;0;0;0;0;0;0;0
FR;5;2021-05-13;0;0;0;0;0;0;0;0;0;0;0;0;0;0;0;0;0;0
FR;5;2021-05-14;0;0;0;0;0;0;0;0;0;0;0;0;0;0;0;0;0;0
FR;5;2021-05-15;0;0;0;0;0;0;0;0;0;0;0;0;0;0;0;0;0;0
FR;5;2021-05-16;0;0;0;0;0;0;0;0;0;0;0;0;0;0;0;0;0;0
FR;5;2021-05-17;0;0;0;0;0;0;0;0;0;0;0;0;0;0;0;0;0;0
FR;5;2021-05-18;0;0;0;0;0;0;0;0;0;0;0;0;0;0;0;0;0;0
FR;5;2021-05-19;0;0;0;0;0;0;0;0;0;0;0;0;0;0;0;0;0;0
FR;5;2021-05-20;0;0;0;0;0;0;0;0;0;0;0;0;0;0;0;0;0;0
FR;5;2021-05-21;0;0;0;0;0;0;0;0;0;0;0;0;0;0;0;0;0;0
FR;5;2021-05-22;0;0;0;0;0;0;0;0;0;0;0;0;0;0;0;0;0;0
FR;5;2021-05-23;0;0;0;0;0;0;0;0;0;0;0;0;0;0;0;0;0;0
FR;5;2021-05-24;0;0;0;0;0;0;0;0;0;0;0;0;0;0;0;0;0;0
FR;5;2021-05-25;0;0;0;0;0;0;0;0;0;0;0;0;0;0;0;0;0;0
FR;5;2021-05-26;0;0;0;0;0;0;0;0;0;0;0;0;0;0;0;0;0;0
FR;5;2021-05-27;0;0;0;0;0;0;0;0;0;0;0;0;0;0;0;0;0;0
FR;5;2021-05-28;0;0;0;0;0;0;0;0;0;0;0;0;0;0;0;0;0;0
FR;5;2021-05-29;0;0;0;0;0;0;0;0;0;0;0;0;0;0;0;0;0;0
FR;5;2021-05-30;0;0;0;0;0;0;0;0;0;0;0;0;0;0;0;0;0;0
FR;5;2021-05-31;0;0;0;0;0;0;0;0;0;0;0;0;0;0;0;0;0;0
FR;5;2021-06-01;0;0;0;0;0;0;0;0;0;0;0;0;0;0;0;0;0;0
FR;5;2021-06-02;0;0;0;0;0;0;0;0;0;0;0;0;0;0;0;0;0;0
FR;5;2021-06-03;0;0;0;0;0;0;0;0;0;0;0;0;0;0;0;0;0;0
FR;5;2021-06-04;0;0;0;0;0;0;0;0;0;0;0;0;0;0;0;0;0;0
FR;5;2021-06-05;0;0;0;0;0;0;0;0;0;0;0;0;0;0;0;0;0;0
FR;5;2021-06-06;0;0;0;0;0;0;0;0;0;0;0;0;0;0;0;0;0;0
FR;5;2021-06-07;0;0;0;0;0;0;0;0;0;0;0;0;0;0;0;0;0;0
FR;5;2021-06-08;0;0;0;0;0;0;0;0;0;0;0;0;0;0;0;0;0;0
FR;5;2021-06-09;0;0;0;0;0;0;0;0;0;0;0;0;0;0;0;0;0;0
FR;5;2021-06-10;0;0;0;0;0;0;0;0;0;0;0;0;0;0;0;0;0;0
FR;5;2021-06-11;0;0;0;0;0;0;0;0;0;0;0;0;0;0;0;0;0;0
FR;5;2021-06-12;0;0;0;0;0;0;0;0;0;0;0;0;0;0;0;0;0;0
FR;5;2021-06-13;0;0;0;0;0;0;0;0;0;0;0;0;0;0;0;0;0;0
FR;5;2021-06-14;0;0;0;0;0;0;0;0;0;0;0;0;0;0;0;0;0;0
FR;5;2021-06-15;0;0;0;0;0;0;0;0;0;0;0;0;0;0;0;0;0;0
FR;5;2021-06-16;0;0;0;0;0;0;0;0;0;0;0;0;0;0;0;0;0;0
FR;5;2021-06-17;0;0;0;0;0;0;0;0;0;0;0;0;0;0;0;0;0;0
FR;5;2021-06-18;0;0;0;0;0;0;0;0;0;0;0;0;0;0;0;0;0;0
FR;5;2021-06-19;0;0;0;0;0;0;0;0;0;0;0;0;0;0;0;0;0;0
FR;5;2021-06-20;0;0;0;0;0;0;0;0;0;0;0;0;0;0;0;0;0;0
FR;5;2021-06-21;0;0;0;0;0;0;0;0;0;0;0;0;0;0;0;0;0;0
FR;5;2021-06-22;0;0;0;0;0;0;0;0;0;0;0;0;0;0;0;0;0;0
FR;5;2021-06-23;0;0;0;0;0;0;0;0;0;0;0;0;0;0;0;0;0;0
FR;5;2021-06-24;0;0;0;0;0;0;0;0;0;0;0;0;0;0;0;0;0;0
FR;5;2021-06-25;0;0;0;0;0;0;0;0;0;0;0;0;0;0;0;0;0;0
FR;5;2021-06-26;0;0;0;0;0;0;0;0;0;0;0;0;0;0;0;0;0;0
FR;5;2021-06-27;0;0;0;0;0;0;0;0;0;0;0;0;0;0;0;0;0;0
FR;5;2021-06-28;0;0;0;0;0;0;0;0;0;0;0;0;0;0;0;0;0;0
FR;5;2021-06-29;0;0;0;0;0;0;0;0;0;0;0;0;0;0;0;0;0;0
FR;5;2021-06-30;0;0;0;0;0;0;0;0;0;0;0;0;0;0;0;0;0;0
FR;5;2021-07-01;0;0;0;0;0;0;0;0;0;0;0;0;0;0;0;0;0;0
FR;5;2021-07-02;0;0;0;0;0;0;0;0;0;0;0;0;0;0;0;0;0;0
FR;5;2021-07-03;0;0;0;0;0;0;0;0;0;0;0;0;0;0;0;0;0;0
FR;5;2021-07-04;0;0;0;0;0;0;0;0;0;0;0;0;0;0;0;0;0;0
FR;5;2021-07-05;0;0;0;0;0;0;0;0;0;0;0;0;0;0;0;0;0;0
FR;5;2021-07-06;0;0;0;0;0;0;0;0;0;0;0;0;0;0;0;0;0;0
FR;5;2021-07-07;0;0;0;0;0;0;0;0;0;0;0;0;0;0;0;0;0;0
FR;5;2021-07-08;0;0;0;0;0;0;0;0;0;0;0;0;0;0;0;0;0;0
FR;5;2021-07-09;0;0;0;0;0;0;0;0;0;0;0;0;0;0;0;0;0;0
FR;5;2021-07-10;0;0;0;0;0;0;0;0;0;0;0;0;0;0;0;0;0;0
FR;5;2021-07-11;0;0;0;0;0;0;0;0;0;0;0;0;0;0;0;0;0;0
FR;5;2021-07-12;0;0;0;0;0;0;0;0;0;0;0;0;0;0;0;0;0;0
FR;5;2021-07-13;0;0;0;0;0;0;0;0;0;0;0;0;0;0;0;0;0;0
FR;5;2021-07-14;0;0;0;0;0;0;0;0;0;0;0;0;0;0;0;0;0;0
FR;5;2021-07-15;0;0;0;0;0;0;0;0;0;0;0;0;0;0;0;0;0;0
FR;5;2021-07-16;0;0;0;0;0;0;0;0;0;0;0;0;0;0;0;0;0;0
FR;5;2021-07-17;0;0;0;0;0;0;0;0;0;0;0;0;0;0;0;0;0;0
FR;5;2021-07-18;0;0;0;0;0;0;0;0;0;0;0;0;0;0;0;0;0;0
FR;5;2021-07-19;0;0;0;0;0;0;0;0;0;0;0;0;0;0;0;0;0;0
FR;5;2021-07-20;0;0;0;0;0;0;0;0;0;0;0;0;0;0;0;0;0;0
FR;5;2021-07-21;0;0;0;0;0;0;0;0;0;0;0;0;0;0;0;0;0;0
FR;5;2021-07-22;0;0;0;0;0;0;0;0;0;0;0;0;0;0;0;0;0;0
FR;5;2021-07-23;0;0;0;0;0;0;0;0;0;0;0;0;0;0;0;0;0;0
FR;5;2021-07-24;0;0;0;0;0;0;0;0;0;0;0;0;0;0;0;0;0;0
FR;5;2021-07-25;0;0;0;0;0;0;0;0;0;0;0;0;0;0;0;0;0;0
FR;5;2021-07-26;0;0;0;0;0;0;0;0;0;0;0;0;0;0;0;0;0;0
FR;5;2021-07-27;0;0;0;0;0;0;0;0;0;0;0;0;0;0;0;0;0;0
FR;5;2021-07-28;0;0;0;0;0;0;0;0;0;0;0;0;0;0;0;0;0;0
FR;5;2021-07-29;0;0;0;0;0;0;0;0;0;0;0;0;0;0;0;0;0;0
FR;5;2021-07-30;0;0;0;0;0;0;0;0;0;0;0;0;0;0;0;0;0;0
FR;5;2021-07-31;0;0;0;0;0;0;0;0;0;0;0;0;0;0;0;0;0;0
FR;5;2021-08-01;0;0;0;0;0;0;0;0;0;0;0;0;0;0;0;0;0;0
FR;5;2021-08-02;0;0;0;0;0;0;0;0;0;0;0;0;0;0;0;0;0;0
FR;5;2021-08-03;0;0;0;0;0;0;0;0;0;0;0;0;0;0;0;0;0;0
FR;5;2021-08-04;0;0;0;0;0;0;0;0;0;0;0;0;0;0;0;0;0;0
FR;5;2021-08-05;0;0;0;0;0;0;0;0;0;0;0;0;0;0;0;0;0;0
FR;5;2021-08-06;0;0;0;0;0;0;0;0;0;0;0;0;0;0;0;0;0;0
FR;5;2021-08-07;0;0;0;0;0;0;0;0;0;0;0;0;0;0;0;0;0;0
FR;5;2021-08-08;0;0;0;0;0;0;0;0;0;0;0;0;0;0;0;0;0;0
FR;5;2021-08-09;0;0;0;0;0;0;0;0;0;0;0;0;0;0;0;0;0;0
FR;5;2021-08-10;0;0;0;0;0;0;0;0;0;0;0;0;0;0;0;0;0;0
FR;5;2021-08-11;0;0;0;0;0;0;0;0;0;0;0;0;0;0;0;0;0;0
FR;5;2021-08-12;0;0;0;0;0;0;0;0;0;0;0;0;0;0;0;0;0;0
FR;5;2021-08-13;0;0;0;0;0;0;0;0;0;0;0;0;0;0;0;0;0;0
FR;5;2021-08-14;0;0;0;0;0;0;0;0;0;0;0;0;0;0;0;0;0;0
FR;5;2021-08-15;0;0;0;0;0;0;0;0;0;0;0;0;0;0;0;0;0;0
FR;5;2021-08-16;0;0;0;0;0;0;0;0;0;0;0;0;0;0;0;0;0;0
FR;5;2021-08-17;0;0;0;0;0;0;0;0;0;0;0;0;0;0;0;0;0;0
FR;5;2021-08-18;0;0;0;0;0;0;0;0;0;0;0;0;0;0;0;0;0;0
FR;5;2021-08-19;0;0;0;0;0;0;0;0;0;0;0;0;0;0;0;0;0;0
FR;5;2021-08-20;0;0;0;0;0;0;0;0;0;0;0;0;0;0;0;0;0;0
FR;5;2021-08-21;0;0;0;0;0;0;0;0;0;0;0;0;0;0;0;0;0;0
FR;5;2021-08-22;0;0;0;0;0;0;0;0;0;0;0;0;0;0;0;0;0;0
FR;5;2021-08-23;0;0;0;0;0;0;0;0;0;0;0;0;0;0;0;0;0;0
FR;5;2021-08-24;0;0;0;0;0;0;0;0;0;0;0;0;0;0;0;0;0;0
FR;5;2021-08-25;0;0;0;0;0;0;0;0;0;0;0;0;0;0;0;0;0;0
FR;5;2021-08-26;0;0;0;0;0;0;0;0;0;0;0;0;0;0;0;0;0;0
FR;5;2021-08-27;0;0;0;0;0;0;0;0;0;0;0;0;0;0;0;0;0;0
FR;5;2021-08-28;0;0;0;0;0;0;0;0;0;0;0;0;0;0;0;0;0;0
FR;5;2021-08-29;0;0;0;0;0;0;0;0;0;0;0;0;0;0;0;0;0;0
FR;5;2021-08-30;0;0;0;0;0;0;0;0;0;0;0;0;0;0;0;0;0;0
FR;5;2021-08-31;0;0;0;0;0;0;0;0;0;0;0;0;0;0;0;0;0;0
FR;5;2021-09-01;0;0;0;0;0;0;0;0;0;0;0;0;0;0;0;0;0;0
FR;5;2021-09-02;0;0;0;0;0;0;0;0;0;0;0;0;0;0;0;0;0;0
FR;5;2021-09-03;0;0;0;0;0;0;0;0;0;0;0;0;0;0;0;0;0;0
FR;5;2021-09-04;0;0;0;0;0;0;0;0;0;0;0;0;0;0;0;0;0;0
FR;5;2021-09-05;0;0;0;0;0;0;0;0;0;0;0;0;0;0;0;0;0;0
FR;5;2021-09-06;0;0;0;0;0;0;0;0;0;0;0;0;0;0;0;0;0;0
FR;5;2021-09-07;0;0;0;0;0;0;0;0;0;0;0;0;0;0;0;0;0;0
FR;5;2021-09-08;0;0;0;0;0;0;0;0;0;0;0;0;0;0;0;0;0;0
FR;5;2021-09-09;0;0;0;0;0;0;0;0;0;0;0;0;0;0;0;0;0;0
FR;5;2021-09-10;0;0;0;0;0;0;0;0;0;0;0;0;0;0;0;0;0;0
FR;5;2021-09-11;0;0;0;0;0;0;0;0;0;0;0;0;0;0;0;0;0;0
FR;5;2021-09-12;0;0;0;0;0;0;0;0;0;0;0;0;0;0;0;0;0;0
FR;5;2021-09-13;0;0;0;0;0;0;0;0;0;0;0;0;0;0;0;0;0;0
FR;5;2021-09-14;0;0;0;0;0;0;0;0;0;0;0;0;0;0;0;0;0;0
FR;5;2021-09-15;0;0;0;0;0;0;0;0;0;0;0;0;0;0;0;0;0;0
FR;5;2021-09-16;0;0;0;0;0;0;0;0;0;0;0;0;0;0;0;0;0;0
FR;5;2021-09-17;0;0;0;0;0;0;0;0;0;0;0;0;0;0;0;0;0;0
FR;5;2021-09-18;0;0;0;0;0;0;0;0;0;0;0;0;0;0;0;0;0;0
FR;5;2021-09-19;0;0;0;0;0;0;0;0;0;0;0;0;0;0;0;0;0;0
FR;5;2021-09-20;0;0;0;0;0;0;0;0;0;0;0;0;0;0;0;0;0;0
FR;5;2021-09-21;0;0;0;0;0;0;0;0;0;0;0;0;0;0;0;0;0;0
FR;5;2021-09-22;0;0;0;0;0;0;0;0;0;0;0;0;0;0;0;0;0;0
FR;5;2021-09-23;0;0;0;0;0;0;0;0;0;0;0;0;0;0;0;0;0;0
FR;5;2021-09-24;0;0;0;0;0;0;0;0;0;0;0;0;0;0;0;0;0;0
FR;5;2021-09-25;0;0;0;0;0;0;0;0;0;0;0;0;0;0;0;0;0;0
FR;5;2021-09-26;0;0;0;0;0;0;0;0;0;0;0;0;0;0;0;0;0;0
FR;5;2021-09-27;0;0;0;0;0;0;0;0;0;0;0;0;0;0;0;0;0;0
FR;5;2021-09-28;0;0;0;0;0;0;0;0;0;0;0;0;0;0;0;0;0;0
FR;5;2021-09-29;0;0;0;0;0;0;0;0;0;0;0;0;0;0;0;0;0;0
FR;5;2021-09-30;0;0;0;0;0;0;0;0;0;0;0;0;0;0;0;0;0;0
FR;5;2021-10-01;0;0;0;0;0;0;0;0;0;0;0;0;0;0;0;0;0;0
FR;5;2021-10-02;0;0;0;0;0;0;0;0;0;0;0;0;0;0;0;0;0;0
FR;5;2021-10-03;0;0;0;0;0;0;0;0;0;0;0;0;0;0;0;0;0;0
FR;5;2021-10-04;0;0;0;0;0;0;0;0;0;0;0;0;0;0;0;0;0;0
FR;5;2021-10-05;0;0;0;0;0;0;0;0;0;0;0;0;0;0;0;0;0;0
FR;5;2021-10-06;0;0;0;0;0;0;0;0;0;0;0;0;0;0;0;0;0;0
FR;5;2021-10-07;0;0;0;0;0;0;0;0;0;0;0;0;0;0;0;0;0;0
FR;5;2021-10-08;0;0;0;0;0;0;0;0;0;0;0;0;0;0;0;0;0;0
FR;5;2021-10-09;0;0;0;0;0;0;0;0;0;0;0;0;0;0;0;0;0;0
FR;5;2021-10-10;0;0;0;0;0;0;0;0;0;0;0;0;0;0;0;0;0;0
FR;5;2021-10-11;0;0;0;0;0;0;0;0;0;0;0;0;0;0;0;0;0;0
FR;5;2021-10-12;0;0;0;0;0;0;0;0;0;0;0;0;0;0;0;0;0;0
FR;5;2021-10-13;0;0;0;0;0;0;0;0;0;0;0;0;0;0;0;0;0;0
FR;5;2021-10-14;0;0;0;0;0;0;0;0;0;0;0;0;0;0;0;0;0;0
FR;5;2021-10-15;0;0;0;0;0;0;0;0;0;0;0;0;0;0;0;0;0;0
FR;5;2021-10-16;0;0;0;0;0;0;0;0;0;0;0;0;0;0;0;0;0;0
FR;5;2021-10-17;0;0;0;0;0;0;0;0;0;0;0;0;0;0;0;0;0;0
FR;5;2021-10-18;0;0;0;0;0;0;0;0;0;0;0;0;0;0;0;0;0;0
FR;5;2021-10-19;0;0;0;0;0;0;0;0;0;0;0;0;0;0;0;0;0;0
FR;5;2021-10-20;0;0;0;0;0;0;0;0;0;0;0;0;0;0;0;0;0;0
FR;5;2021-10-21;0;0;0;0;0;0;0;0;0;0;0;0;0;0;0;0;0;0
FR;5;2021-10-22;0;0;0;0;0;0;0;0;0;0;0;0;0;0;0;0;0;0
FR;5;2021-10-23;0;0;0;0;0;0;0;0;0;0;0;0;0;0;0;0;0;0
FR;5;2021-10-24;0;0;0;0;0;0;0;0;0;0;0;0;0;0;0;0;0;0
FR;5;2021-10-25;0;0;0;0;0;0;0;0;0;0;0;0;0;0;0;0;0;0
FR;5;2021-10-26;0;0;0;0;0;0;0;0;0;0;0;0;0;0;0;0;0;0
FR;5;2021-10-27;0;0;0;0;0;0;0;0;0;0;0;0;0;0;0;0;0;0
FR;5;2021-10-28;0;0;0;0;0;0;0;0;0;0;0;0;0;0;0;0;0;0
FR;5;2021-10-29;0;0;0;0;0;0;0;0;0;0;0;0;0;0;0;0;0;0
FR;5;2021-10-30;0;0;0;0;0;0;0;0;0;0;0;0;0;0;0;0;0;0
FR;5;2021-10-31;0;0;0;0;0;0;0;0;0;0;0;0;0;0;0;0;0;0
FR;5;2021-11-01;0;0;0;0;0;0;0;0;0;0;0;0;0;0;0;0;0;0
FR;5;2021-11-02;0;0;0;0;0;0;0;0;0;0;0;0;0;0;0;0;0;0
FR;5;2021-11-03;0;0;0;0;0;0;0;0;0;0;0;0;0;0;0;0;0;0
FR;5;2021-11-04;0;0;0;0;0;0;0;0;0;0;0;0;0;0;0;0;0;0
FR;5;2021-11-05;0;0;0;0;0;0;0;0;0;0;0;0;0;0;0;0;0;0
FR;5;2021-11-06;0;0;0;0;0;0;0;0;0;0;0;0;0;0;0;0;0;0
FR;5;2021-11-07;0;0;0;0;0;0;0;0;0;0;0;0;0;0;0;0;0;0
FR;5;2021-11-08;0;0;0;0;0;0;0;0;0;0;0;0;0;0;0;0;0;0
FR;5;2021-11-09;0;0;0;0;0;0;0;0;0;0;0;0;0;0;0;0;0;0
FR;5;2021-11-10;0;0;0;0;0;0;0;0;0;0;0;0;0;0;0;0;0;0
FR;5;2021-11-11;0;0;0;0;0;0;0;0;0;0;0;0;0;0;0;0;0;0
FR;5;2021-11-12;0;0;0;0;0;0;0;0;0;0;0;0;0;0;0;0;0;0
FR;5;2021-11-13;0;0;0;0;0;0;0;0;0;0;0;0;0;0;0;0;0;0
FR;5;2021-11-14;0;0;0;0;0;0;0;0;0;0;0;0;0;0;0;0;0;0
FR;5;2021-11-15;0;0;0;0;0;0;0;0;0;0;0;0;0;0;0;0;0;0
FR;5;2021-11-16;0;0;0;0;0;0;0;0;0;0;0;0;0;0;0;0;0;0
FR;5;2021-11-17;0;0;0;0;0;0;0;0;0;0;0;0;0;0;0;0;0;0
FR;5;2021-11-18;0;0;0;0;0;0;0;0;0;0;0;0;0;0;0;0;0;0
FR;5;2021-11-19;0;0;0;0;0;0;0;0;0;0;0;0;0;0;0;0;0;0
FR;5;2021-11-20;0;0;0;0;0;0;0;0;0;0;0;0;0;0;0;0;0;0
FR;5;2021-11-21;0;0;0;0;0;0;0;0;0;0;0;0;0;0;0;0;0;0
FR;5;2021-11-22;0;0;0;0;0;0;0;0;0;0;0;0;0;0;0;0;0;0
FR;5;2021-11-23;0;0;0;0;0;0;0;0;0;0;0;0;0;0;0;0;0;0
FR;5;2021-11-24;0;0;0;0;0;0;0;0;0;0;0;0;0;0;0;0;0;0
FR;5;2021-11-25;0;0;0;0;0;0;0;0;0;0;0;0;0;0;0;0;0;0
FR;5;2021-11-26;0;0;0;0;0;0;0;0;0;0;0;0;0;0;0;0;0;0
FR;5;2021-11-27;0;0;0;0;0;0;0;0;0;0;0;0;0;0;0;0;0;0
FR;5;2021-11-28;0;0;0;0;0;0;0;0;0;0;0;0;0;0;0;0;0;0
FR;5;2021-11-29;0;0;0;0;0;0;0;0;0;0;0;0;0;0;0;0;0;0
FR;5;2021-11-30;0;0;0;0;0;0;0;0;0;0;0;0;0;0;0;0;0;0
FR;5;2021-12-01;0;0;0;0;0;0;0;0;0;0;0;0;0;0;0;0;0;0
FR;5;2021-12-02;0;0;0;0;0;0;0;0;0;0;0;0;0;0;0;0;0;0
FR;5;2021-12-03;0;0;0;0;0;0;0;0;0;0;0;0;0;0;0;0;0;0
FR;5;2021-12-04;0;0;0;0;0;0;0;0;0;0;0;0;0;0;0;0;0;0
FR;5;2021-12-05;0;0;0;0;0;0;0;0;0;0;0;0;0;0;0;0;0;0
FR;5;2021-12-06;0;0;0;0;0;0;0;0;0;0;0;0;0;0;0;0;0;0
FR;5;2021-12-07;0;0;0;0;0;0;0;0;0;0;0;0;0;0;0;0;0;0
FR;5;2021-12-08;0;0;0;0;0;0;0;0;0;0;0;0;0;0;0;0;0;0
FR;5;2021-12-09;0;0;0;0;0;0;0;0;0;0;0;0;0;0;0;0;0;0
FR;5;2021-12-10;0;0;0;0;0;0;0;0;0;0;0;0;0;0;0;0;0;0
FR;5;2021-12-11;0;0;0;0;0;0;0;0;0;0;0;0;0;0;0;0;0;0
FR;5;2021-12-12;0;0;0;0;0;0;0;0;0;0;0;0;0;0;0;0;0;0
FR;5;2021-12-13;0;0;0;0;0;0;0;0;0;0;0;0;0;0;0;0;0;0
FR;5;2021-12-14;33;45;77;0;27;88;1;0;0;33;45;77;0;27;88;1;0;0
FR;5;2021-12-15;196;44;37;0;42;49;0;0;0;229;89;114;0;69;137;1;0;0
FR;5;2021-12-16;181;21;44;0;38;48;0;0;0;410;110;158;0;107;185;1;0;0
FR;5;2021-12-17;313;16;72;0;34;74;2;0;0;723;126;230;0;141;259;3;0;0
FR;5;2021-12-18;766;24;22;0;67;29;0;0;0;1489;150;252;0;208;288;3;0;0
FR;5;2021-12-19;586;15;15;0;67;17;0;0;0;2075;165;267;0;275;305;3;0;0
FR;5;2021-12-20;1225;31;34;0;134;37;2;0;0;3300;196;301;0;409;342;5;0;0
FR;5;2021-12-21;1535;22;54;1;140;60;0;0;0;4835;218;355;1;549;402;5;0;0
FR;5;2021-12-22;4069;40;37;0;420;46;2;0;0;8904;258;392;1;969;448;7;0;0
FR;5;2021-12-23;3042;16;21;0;304;25;0;0;0;11946;274;413;1;1273;473;7;0;0
FR;5;2021-12-24;761;18;9;0;103;14;0;0;0;12707;292;422;1;1376;487;7;0;0
FR;5;2021-12-25;61;5;2;0;9;3;0;0;0;12768;297;424;1;1385;490;7;0;0
FR;5;2021-12-26;623;6;3;0;101;4;0;0;0;13391;303;427;1;1486;494;7;0;0
FR;5;2021-12-27;4085;25;21;0;458;23;1;0;0;17476;328;448;1;1944;517;8;0;0
FR;5;2021-12-28;5204;23;41;1;511;43;2;0;0;22680;351;489;2;2455;560;10;0;0
FR;5;2021-12-29;8105;34;66;2;886;69;1;0;0;30785;385;555;4;3341;629;11;0;0
FR;5;2021-12-30;5173;18;33;0;525;39;0;0;0;35958;403;588;4;3866;668;11;0;0
FR;5;2021-12-31;1553;8;10;0;181;11;0;0;0;37511;411;598;4;4047;679;11;0;0
FR;5;2022-01-01;185;2;2;0;24;3;0;0;0;37696;413;600;4;4071;682;11;0;0
FR;5;2022-01-02;1489;1;1;0;149;1;0;0;0;39185;414;601;4;4220;683;11;0;0
FR;5;2022-01-03;3067;36;34;0;321;33;1;0;0;42252;450;635;4;4541;716;12;0;0
FR;5;2022-01-04;3034;39;33;0;320;42;3;0;0;45286;489;668;4;4861;758;15;0;0
FR;5;2022-01-05;19324;203;97;1;2113;108;0;0;0;64610;692;765;5;6974;866;15;0;0
FR;5;2022-01-06;3748;134;122;0;507;142;2;0;0;68358;826;887;5;7481;1008;17;0;0
FR;5;2022-01-07;5005;202;48;2;702;56;1;0;0;73363;1028;935;7;8183;1064;18;0;0
FR;5;2022-01-08;13659;514;45;0;1998;52;0;0;0;87022;1542;980;7;10181;1116;18;0;0
FR;5;2022-01-09;5754;399;15;0;1113;20;1;0;0;92776;1941;995;7;11294;1136;19;0;0
FR;5;2022-01-10;3454;326;25;0;731;29;0;0;0;96230;2267;1020;7;12025;1165;19;0;0
FR;5;2022-01-11;3671;284;38;0;662;41;1;0;0;99901;2551;1058;7;12687;1206;20;0;0
FR;5;2022-01-12;22650;3005;89;0;5292;112;2;0;0;122551;5556;1147;7;17979;1318;22;0;0
FR;5;2022-01-13;4039;622;29;0;1051;31;2;0;0;126590;6178;1176;7;19030;1349;24;0;0
FR;5;2022-01-14;4843;583;45;0;1115;52;1;0;0;131433;6761;1221;7;20145;1401;25;0;0
FR;5;2022-01-15;14686;1746;38;3;3370;49;3;0;0;146119;8507;1259;10;23515;1450;28;0;0
FR;5;2022-01-16;4727;666;3;0;1260;5;0;0;0;150846;9173;1262;10;24775;1455;28;0;0
FR;5;2022-01-17;2297;718;26;0;986;29;0;0;0;153143;9891;1288;10;25761;1484;28;0;0
FR;5;2022-01-18;2431;870;30;0;1141;40;0;0;0;155574;10761;1318;10;26902;1524;28;0;0
FR;5;2022-01-19;18482;6423;74;2;8361;142;3;0;0;174056;17184;1392;12;35263;1666;31;0;0
FR;5;2022-01-20;1920;1067;25;0;1295;34;2;0;0;175976;18251;1417;12;36558;1700;33;0;0
FR;5;2022-01-21;3077;1372;47;1;1675;59;2;0;0;179053;19623;1464;13;38233;1759;35;0;0
FR;5;2022-01-22;10720;3454;33;1;4670;43;1;0;0;189773;23077;1497;14;42903;1802;36;0;0
FR;5;2022-01-23;2629;1415;6;0;1788;10;0;0;0;192402;24492;1503;14;44691;1812;36;0;0
FR;5;2022-01-24;1161;1340;19;0;1446;23;1;0;0;193563;25832;1522;14;46137;1835;37;0;0
FR;5;2022-01-25;1220;1549;20;2;1681;31;3;0;0;194783;27381;1542;16;47818;1866;40;0;0
FR;5;2022-01-26;10750;12032;50;1;13298;89;1;0;1;205533;39413;1592;17;61116;1955;41;0;1
FR;5;2022-01-27;1291;1692;10;0;1837;17;0;0;0;206824;41105;1602;17;62953;1972;41;0;1
FR;5;2022-01-28;1699;3345;16;0;3565;19;1;0;0;208523;44450;1618;17;66518;1991;42;0;1
FR;5;2022-01-29;6241;8041;68;0;8855;96;2;0;0;214764;52491;1686;17;75373;2087;44;0;1
FR;5;2022-01-30;1509;2950;5;0;3185;18;0;0;0;216273;55441;1691;17;78558;2105;44;0;1
FR;5;2022-01-31;589;1773;23;0;1837;24;3;0;0;216862;57214;1714;17;80395;2129;47;0;1
FR;5;2022-02-01;712;1706;10;0;1791;15;0;0;0;217574;58920;1724;17;82186;2144;47;0;1
FR;5;2022-02-02;6958;15655;52;0;16603;94;0;0;0;224532;74575;1776;17;98789;2238;47;0;1
FR;5;2022-02-03;491;1691;14;0;1748;13;5;0;0;225023;76266;1790;17;100537;2251;52;0;1
FR;5;2022-02-04;945;3002;19;0;3123;31;0;0;0;225968;79268;1809;17;103660;2282;52;0;1
FR;5;2022-02-05;3535;8919;23;0;9517;37;0;0;0;229503;88187;1832;17;113177;2319;52;0;1
FR;5;2022-02-06;737;2397;10;0;2556;19;0;0;0;230240;90584;1842;17;115733;2338;52;0;1
FR;5;2022-02-07;884;1596;23;0;1715;25;2;0;0;231124;92180;1865;17;117448;2363;54;0;1
FR;5;2022-02-08;725;1287;18;0;1407;20;2;0;0;231849;93467;1883;17;118855;2383;56;0;1
FR;5;2022-02-09;4544;12880;44;0;13608;76;1;0;0;236393;106347;1927;17;132463;2459;57;0;1
FR;5;2022-02-10;646;1059;14;0;1166;15;0;0;0;237039;107406;1941;17;133629;2474;57;0;1
FR;5;2022-02-11;793;2032;16;0;2163;21;1;0;0;237832;109438;1957;17;135792;2495;58;0;1
FR;5;2022-02-12;2286;6812;33;0;7279;53;0;0;0;240118;116250;1990;17;143071;2548;58;0;1
FR;5;2022-02-13;464;1540;8;0;1653;8;1;0;0;240582;117790;1998;17;144724;2556;59;0;1
FR;5;2022-02-14;678;1288;10;0;1407;13;1;0;0;241260;119078;2008;17;146131;2569;60;0;1
FR;5;2022-02-15;482;886;9;0;968;14;1;0;0;241742;119964;2017;17;147099;2583;61;0;1
FR;5;2022-02-16;2980;9123;41;1;9675;58;2;0;0;244722;129087;2058;18;156774;2641;63;0;1
FR;5;2022-02-17;436;809;6;0;876;7;1;0;0;245158;129896;2064;18;157650;2648;64;0;1
FR;5;2022-02-18;649;1408;13;0;1535;17;0;0;0;245807;131304;2077;18;159185;2665;64;0;1
FR;5;2022-02-19;1373;4315;16;0;4623;28;0;0;0;247180;135619;2093;18;163808;2693;64;0;1
FR;5;2022-02-20;247;879;6;0;941;8;0;0;0;247427;136498;2099;18;164749;2701;64;0;1
FR;5;2022-02-21;221;607;2;0;661;4;1;0;0;247648;137105;2101;18;165410;2705;65;0;1
FR;5;2022-02-22;262;545;17;0;592;17;1;0;0;247910;137650;2118;18;166002;2722;66;0;1
FR;5;2022-02-23;1909;6926;23;1;7346;43;0;0;0;249819;144576;2141;19;173348;2765;66;0;1
FR;5;2022-02-24;182;374;6;1;421;7;1;0;0;250001;144950;2147;20;173769;2772;67;0;1
FR;5;2022-02-25;336;950;13;0;1027;12;2;0;0;250337;145900;2160;20;174796;2784;69;0;1
FR;5;2022-02-26;972;3071;11;0;3333;15;2;0;0;251309;148971;2171;20;178129;2799;71;0;1
FR;5;2022-02-27;151;506;0;0;549;3;0;0;0;251460;149477;2171;20;178678;2802;71;0;1
FR;5;2022-02-28;162;369;1;0;408;1;0;0;0;251622;149846;2172;20;179086;2803;71;0;1
FR;5;2022-03-01;130;280;6;0;315;7;1;0;0;251752;150126;2178;20;179401;2810;72;0;1
FR;5;2022-03-02;1241;4156;28;3;4497;40;3;0;0;252993;154282;2206;23;183898;2850;75;0;1
FR;5;2022-03-03;121;251;5;0;271;10;1;0;0;253114;154533;2211;23;184169;2860;76;0;1
FR;5;2022-03-04;197;488;13;0;538;14;2;0;0;253311;155021;2224;23;184707;2874;78;0;1
FR;5;2022-03-05;677;1990;8;0;2244;16;2;0;0;253988;157011;2232;23;186951;2890;80;0;1
FR;5;2022-03-06;108;260;0;0;310;0;0;0;0;254096;157271;2232;23;187261;2890;80;0;1
FR;5;2022-03-07;71;228;5;0;254;3;2;0;0;254167;157499;2237;23;187515;2893;82;0;1
FR;5;2022-03-08;46;134;7;1;141;8;3;0;0;254213;157633;2244;24;187656;2901;85;0;1
FR;5;2022-03-09;910;3078;24;0;3407;36;0;0;0;255123;160711;2268;24;191063;2937;85;0;1
FR;5;2022-03-10;82;202;9;0;215;13;3;0;0;255205;160913;2277;24;191278;2950;88;0;1
FR;5;2022-03-11;148;369;13;1;427;15;0;0;0;255353;161282;2290;25;191705;2965;88;0;1
FR;5;2022-03-12;758;1613;13;1;1976;30;0;0;0;256111;162895;2303;26;193681;2995;88;0;1
FR;5;2022-03-13;78;100;0;0;133;0;0;0;0;256189;162995;2303;26;193814;2995;88;0;1
FR;5;2022-03-14;67;119;7;1;139;7;1;0;0;256256;163114;2310;27;193953;3002;89;0;1
FR;5;2022-03-15;83;99;4;0;119;7;1;0;0;256339;163213;2314;27;194072;3009;90;0;1
FR;5;2022-03-16;882;1827;15;3;2228;36;7;0;0;257221;165040;2329;30;196300;3045;97;0;1
FR;5;2022-03-17;68;123;8;4;151;10;4;0;0;257289;165163;2337;34;196451;3055;101;0;1
FR;5;2022-03-18;172;318;13;4;390;18;4;0;0;257461;165481;2350;38;196841;3073;105;0;1
FR;5;2022-03-19;752;1163;12;5;1555;33;8;0;0;258213;166644;2362;43;198396;3106;113;0;1
FR;5;2022-03-20;45;93;1;0;119;1;0;0;0;258258;166737;2363;43;198515;3107;113;0;1
FR;5;2022-03-21;71;120;10;6;136;15;8;0;0;258329;166857;2373;49;198651;3122;121;0;1
FR;5;2022-03-22;56;119;8;7;143;9;6;0;0;258385;166976;2381;56;198794;3131;127;0;1
FR;5;2022-03-23;805;1461;14;8;1878;36;9;0;0;259190;168437;2395;64;200672;3167;136;0;1
FR;5;2022-03-24;71;93;8;7;118;7;10;0;0;259261;168530;2403;71;200790;3174;146;0;1
FR;5;2022-03-25;222;293;14;8;388;18;9;0;0;259483;168823;2417;79;201178;3192;155;0;1
FR;5;2022-03-26;707;853;12;5;1273;26;6;0;1;260190;169676;2429;84;202451;3218;161;0;2
FR;5;2022-03-27;75;81;0;0;124;3;0;0;0;260265;169757;2429;84;202575;3221;161;0;2
FR;5;2022-03-28;81;93;1;2;132;3;2;0;0;260346;169850;2430;86;202707;3224;163;0;2
FR;5;2022-03-29;71;82;10;4;113;12;5;0;0;260417;169932;2440;90;202820;3236;168;0;2
FR;5;2022-03-30;823;1116;16;13;1606;29;14;0;0;261240;171048;2456;103;204426;3265;182;0;2
FR;5;2022-03-31;102;125;1;4;173;6;4;0;0;261342;171173;2457;107;204599;3271;186;0;2
FR;5;2022-04-01;114;86;7;12;135;11;12;0;1;261456;171259;2464;119;204734;3282;198;0;3
FR;5;2022-04-02;330;349;3;3;535;15;4;0;0;261786;171608;2467;122;205269;3297;202;0;3
FR;5;2022-04-03;54;59;1;0;88;1;0;0;0;261840;171667;2468;122;205357;3298;202;0;3
FR;5;2022-04-04;40;57;4;1;70;8;2;0;0;261880;171724;2472;123;205427;3306;204;0;3
FR;5;2022-04-05;53;60;6;6;75;9;5;0;0;261933;171784;2478;129;205502;3315;209;0;3
FR;5;2022-04-06;421;439;7;14;678;16;14;0;0;262354;172223;2485;143;206180;3331;223;0;3
FR;5;2022-04-07;45;69;5;7;89;7;10;0;0;262399;172292;2490;150;206269;3338;233;0;3
FR;5;2022-04-08;134;112;12;13;174;14;15;0;0;262533;172404;2502;163;206443;3352;248;0;3
FR;5;2022-04-09;311;324;2;5;511;17;5;0;0;262844;172728;2504;168;206954;3369;253;0;3
FR;5;2022-04-10;44;31;2;0;61;2;1;0;0;262888;172759;2506;168;207015;3371;254;0;3
FR;5;2022-04-11;50;60;3;2;78;4;3;0;0;262938;172819;2509;170;207093;3375;257;0;3
FR;5;2022-04-12;59;54;3;3;78;5;3;0;0;262997;172873;2512;173;207171;3380;260;0;3
FR;5;2022-04-13;382;413;3;8;606;16;8;0;0;263379;173286;2515;181;207777;3396;268;0;3
FR;5;2022-04-14;48;53;5;5;70;9;3;0;0;263427;173339;2520;186;207847;3405;271;0;3
FR;5;2022-04-15;91;109;4;4;150;5;6;0;0;263518;173448;2524;190;207997;3410;277;0;3
FR;5;2022-04-16;188;184;2;1;265;13;1;0;0;263706;173632;2526;191;208262;3423;278;0;3
FR;5;2022-04-17;12;11;1;0;17;1;0;0;0;263718;173643;2527;191;208279;3424;278;0;3
FR;5;2022-04-18;9;10;2;0;11;3;1;0;0;263727;173653;2529;191;208290;3427;279;0;3
FR;5;2022-04-19;75;71;6;1;96;6;4;0;0;263802;173724;2535;192;208386;3433;283;0;3
FR;5;2022-04-20;361;349;9;6;522;12;7;0;0;264163;174073;2544;198;208908;3445;290;0;3
FR;5;2022-04-21;42;64;9;10;71;12;14;0;0;264205;174137;2553;208;208979;3457;304;0;3
FR;5;2022-04-22;113;96;5;4;144;5;5;0;0;264318;174233;2558;212;209123;3462;309;0;3
FR;5;2022-04-23;209;193;4;2;284;11;3;0;0;264527;174426;2562;214;209407;3473;312;0;3
FR;5;2022-04-24;37;35;0;0;50;3;0;0;0;264564;174461;2562;214;209457;3476;312;0;3
FR;5;2022-04-25;69;65;1;1;102;4;1;0;0;264633;174526;2563;215;209559;3480;313;0;3
FR;5;2022-04-26;60;63;2;1;85;5;1;0;0;264693;174589;2565;216;209644;3485;314;0;3
FR;5;2022-04-27;335;316;3;7;463;14;8;0;0;265028;174905;2568;223;210107;3499;322;0;3
FR;5;2022-04-28;81;54;4;5;81;8;7;0;0;265109;174959;2572;228;210188;3507;329;0;3
FR;5;2022-04-29;117;84;5;19;117;12;17;0;0;265226;175043;2577;247;210305;3519;346;0;3
FR;5;2022-04-30;183;114;2;3;184;10;4;0;0;265409;175157;2579;250;210489;3529;350;0;3
FR;5;2022-05-01;11;7;0;0;11;0;0;0;0;265420;175164;2579;250;210500;3529;350;0;3
FR;5;2022-05-02;52;28;4;5;48;2;7;0;0;265472;175192;2583;255;210548;3531;357;0;3
FR;5;2022-05-03;87;57;2;4;84;11;4;0;0;265559;175249;2585;259;210632;3542;361;0;3
FR;5;2022-05-04;278;205;1;2;324;7;2;0;0;265837;175454;2586;261;210956;3549;363;0;3
FR;5;2022-05-05;62;32;3;4;46;5;4;0;0;265899;175486;2589;265;211002;3554;367;0;3
FR;5;2022-05-06;105;65;2;3;106;5;3;0;0;266004;175551;2591;268;211108;3559;370;0;3
FR;5;2022-05-07;171;117;2;10;180;13;7;0;0;266175;175668;2593;278;211288;3572;377;0;3
FR;5;2022-05-08;8;8;0;0;9;2;0;0;0;266183;175676;2593;278;211297;3574;377;0;3
FR;5;2022-05-09;44;34;15;3;51;16;4;0;0;266227;175710;2608;281;211348;3590;381;0;3
FR;5;2022-05-10;54;49;3;4;67;5;5;0;0;266281;175759;2611;285;211415;3595;386;0;3
FR;5;2022-05-11;327;237;12;7;344;21;11;0;0;266608;175996;2623;292;211759;3616;397;0;3
FR;5;2022-05-12;46;34;2;2;46;2;3;0;0;266654;176030;2625;294;211805;3618;400;0;3
FR;5;2022-05-13;109;83;3;8;119;8;7;0;0;266763;176113;2628;302;211924;3626;407;0;3
FR;5;2022-05-14;209;131;0;1;212;8;0;0;0;266972;176244;2628;303;212136;3634;407;0;3
FR;5;2022-05-15;22;9;2;0;18;1;1;0;0;266994;176253;2630;303;212154;3635;408;0;3
FR;5;2022-05-16;52;34;4;5;53;4;5;0;0;267046;176287;2634;308;212207;3639;413;0;3
FR;5;2022-05-17;72;40;5;0;68;2;3;0;0;267118;176327;2639;308;212275;3641;416;0;3
FR;5;2022-05-18;289;215;4;4;330;8;6;0;0;267407;176542;2643;312;212605;3649;422;0;3
FR;5;2022-05-19;45;35;5;3;42;3;4;0;0;267452;176577;2648;315;212647;3652;426;0;3
FR;5;2022-05-20;76;63;3;10;92;1;11;0;0;267528;176640;2651;325;212739;3653;437;0;3
FR;5;2022-05-21;242;166;2;3;268;17;1;0;0;267770;176806;2653;328;213007;3670;438;0;3
FR;5;2022-05-22;20;14;2;5;20;2;6;0;0;267790;176820;2655;333;213027;3672;444;0;3
FR;5;2022-05-23;42;31;4;3;42;6;3;0;0;267832;176851;2659;336;213069;3678;447;0;3
FR;5;2022-05-24;47;45;3;2;60;5;2;0;0;267879;176896;2662;338;213129;3683;449;0;3
FR;5;2022-05-25;329;257;4;1;385;16;1;0;0;268208;177153;2666;339;213514;3699;450;0;3
FR;5;2022-05-26;17;5;0;1;9;2;0;0;1;268225;177158;2666;340;213523;3701;450;0;4
FR;5;2022-05-27;99;54;4;4;89;9;3;0;0;268324;177212;2670;344;213612;3710;453;0;4
FR;5;2022-05-28;100;78;5;3;106;10;3;0;0;268424;177290;2675;347;213718;3720;456;0;4
FR;5;2022-05-29;14;14;1;0;18;2;0;0;0;268438;177304;2676;347;213736;3722;456;0;4
FR;5;2022-05-30;56;41;2;1;54;2;2;0;0;268494;177345;2678;348;213790;3724;458;0;4
FR;5;2022-05-31;57;43;1;8;62;1;8;0;0;268551;177388;2679;356;213852;3725;466;0;4
FR;5;2022-06-01;257;241;9;2;301;25;5;0;0;268808;177629;2688;358;214153;3750;471;0;4
FR;5;2022-06-02;63;61;5;0;73;9;1;0;0;268871;177690;2693;358;214226;3759;472;0;4
FR;5;2022-06-03;82;71;4;5;88;10;6;0;0;268953;177761;2697;363;214314;3769;478;0;4
FR;5;2022-06-04;157;109;2;1;187;9;1;0;0;269110;177870;2699;364;214501;3778;479;0;4
FR;5;2022-06-05;18;11;0;0;21;1;0;0;0;269128;177881;2699;364;214522;3779;479;0;4
FR;5;2022-06-06;16;12;0;1;15;0;1;0;0;269144;177893;2699;365;214537;3779;480;0;4
FR;5;2022-06-07;50;56;1;1;76;2;1;0;0;269194;177949;2700;366;214613;3781;481;0;4
FR;5;2022-06-08;283;225;3;4;332;17;2;0;0;269477;178174;2703;370;214945;3798;483;0;4
FR;5;2022-06-09;52;41;6;3;57;7;2;0;1;269529;178215;2709;373;215002;3805;485;0;5
FR;5;2022-06-10;81;72;1;1;105;6;1;0;0;269610;178287;2710;374;215107;3811;486;0;5
FR;5;2022-06-11;173;141;3;3;202;10;4;0;0;269783;178428;2713;377;215309;3821;490;0;5
FR;5;2022-06-12;17;16;0;0;19;2;0;0;0;269800;178444;2713;377;215328;3823;490;0;5
FR;5;2022-06-13;56;47;9;3;70;10;6;0;0;269856;178491;2722;380;215398;3833;496;0;5
FR;5;2022-06-14;59;56;1;4;64;6;4;0;0;269915;178547;2723;384;215462;3839;500;0;5
FR;5;2022-06-15;266;260;5;2;363;27;1;0;0;270181;178807;2728;386;215825;3866;501;0;5
FR;5;2022-06-16;47;30;5;2;44;5;2;0;0;270228;178837;2733;388;215869;3871;503;0;5
FR;5;2022-06-17;100;67;5;5;102;10;5;0;0;270328;178904;2738;393;215971;3881;508;0;5
FR;5;2022-06-18;146;95;10;2;152;26;2;0;1;270474;178999;2748;395;216123;3907;510;0;6
FR;5;2022-06-19;26;15;0;1;18;4;1;0;0;270500;179014;2748;396;216141;3911;511;0;6
FR;5;2022-06-20;56;50;8;0;62;11;2;0;0;270556;179064;2756;396;216203;3922;513;0;6
FR;5;2022-06-21;52;73;5;3;90;7;5;0;1;270608;179137;2761;399;216293;3929;518;0;7
FR;5;2022-06-22;224;247;7;9;347;33;10;0;0;270832;179384;2768;408;216640;3962;528;0;7
FR;5;2022-06-23;50;38;2;5;43;6;6;0;0;270882;179422;2770;413;216683;3968;534;0;7
FR;5;2022-06-24;91;70;12;5;101;16;8;0;0;270973;179492;2782;418;216784;3984;542;0;7
FR;5;2022-06-25;154;124;3;7;185;14;8;0;1;271127;179616;2785;425;216969;3998;550;0;8
FR;5;2022-06-26;26;19;2;0;29;5;0;0;0;271153;179635;2787;425;216998;4003;550;0;8
FR;5;2022-06-27;57;60;5;7;78;11;9;0;0;271210;179695;2792;432;217076;4014;559;0;8
FR;5;2022-06-28;70;49;8;2;69;14;5;0;0;271280;179744;2800;434;217145;4028;564;0;8
FR;5;2022-06-29;297;268;9;21;391;34;23;0;0;271577;180012;2809;455;217536;4062;587;0;8
FR;5;2022-06-30;89;57;10;12;89;17;11;0;0;271666;180069;2819;467;217625;4079;598;0;8
FR;5;2022-07-01;127;65;7;11;118;12;11;0;2;271793;180134;2826;478;217743;4091;609;0;10
FR;5;2022-07-02;191;132;4;0;209;22;0;0;0;271984;180266;2830;478;217952;4113;609;0;10
FR;5;2022-07-03;30;25;1;0;36;4;0;0;0;272014;180291;2831;478;217988;4117;609;0;10
FR;5;2022-07-04;103;64;2;5;102;6;5;0;1;272117;180355;2833;483;218090;4123;614;0;11
FR;5;2022-07-05;104;72;3;8;107;13;8;0;1;272221;180427;2836;491;218197;4136;622;0;12
FR;5;2022-07-06;277;168;9;36;289;27;36;0;0;272498;180595;2845;527;218486;4163;658;0;12
FR;5;2022-07-07;88;68;6;9;88;13;11;0;0;272586;180663;2851;536;218574;4176;669;0;12
FR;5;2022-07-08;152;120;7;14;146;25;13;0;1;272738;180783;2858;550;218720;4201;682;0;13
FR;5;2022-07-09;116;68;1;8;100;10;8;0;0;272854;180851;2859;558;218820;4211;690;0;13
FR;5;2022-07-10;15;6;0;0;10;1;0;0;0;272869;180857;2859;558;218830;4212;690;0;13
FR;5;2022-07-11;92;72;10;2;98;19;3;0;0;272961;180929;2869;560;218928;4231;693;0;13
FR;5;2022-07-12;67;63;5;10;81;7;12;0;0;273028;180992;2874;570;219009;4238;705;0;13
FR;5;2022-07-13;169;118;10;19;196;16;23;0;0;273197;181110;2884;589;219205;4254;728;0;13
FR;5;2022-07-14;8;4;0;0;7;0;0;0;0;273205;181114;2884;589;219212;4254;728;0;13
FR;5;2022-07-15;74;66;5;14;86;15;15;0;0;273279;181180;2889;603;219298;4269;743;0;13
FR;5;2022-07-16;54;44;3;0;71;3;2;0;0;273333;181224;2892;603;219369;4272;745;0;13
FR;5;2022-07-17;10;7;3;0;10;2;2;0;0;273343;181231;2895;603;219379;4274;747;0;13
FR;5;2022-07-18;60;47;0;4;70;4;3;0;0;273403;181278;2895;607;219449;4278;750;0;13
FR;5;2022-07-19;63;42;5;3;63;7;4;0;0;273466;181320;2900;610;219512;4285;754;0;13
FR;5;2022-07-20;119;106;4;11;141;14;9;0;0;273585;181426;2904;621;219653;4299;763;0;13
FR;5;2022-07-21;38;43;2;10;52;5;10;0;0;273623;181469;2906;631;219705;4304;773;0;13
FR;5;2022-07-22;48;69;11;13;75;23;11;0;1;273671;181538;2917;644;219780;4327;784;0;14
FR;5;2022-07-23;59;78;2;1;95;11;2;0;0;273730;181616;2919;645;219875;4338;786;0;14
FR;5;2022-07-24;11;9;3;1;12;3;1;0;0;273741;181625;2922;646;219887;4341;787;0;14
FR;5;2022-07-25;53;48;2;7;57;8;8;0;0;273794;181673;2924;653;219944;4349;795;0;14
FR;5;2022-07-26;58;52;5;41;70;6;44;0;0;273852;181725;2929;694;220014;4355;839;0;14
FR;5;2022-07-27;106;118;4;4;161;13;4;0;0;273958;181843;2933;698;220175;4368;843;0;14
FR;5;2022-07-28;39;35;2;2;47;6;1;0;0;273997;181878;2935;700;220222;4374;844;0;14
FR;5;2022-07-29;56;74;3;14;90;8;10;0;0;274053;181952;2938;714;220312;4382;854;0;14
FR;5;2022-07-30;55;53;5;1;75;7;2;0;0;274108;182005;2943;715;220387;4389;856;0;14
FR;5;2022-07-31;7;11;1;0;13;1;0;0;0;274115;182016;2944;715;220400;4390;856;0;14
FR;5;2022-08-01;39;53;1;2;62;6;2;0;0;274154;182069;2945;717;220462;4396;858;0;14
FR;5;2022-08-02;32;43;8;7;47;8;7;0;1;274186;182112;2953;724;220509;4404;865;0;15
FR;5;2022-08-03;54;51;4;10;70;9;8;0;0;274240;182163;2957;734;220579;4413;873;0;15
FR;5;2022-08-04;20;18;1;6;22;1;6;0;0;274260;182181;2958;740;220601;4414;879;0;15
FR;5;2022-08-05;35;26;3;3;39;3;3;0;0;274295;182207;2961;743;220640;4417;882;0;15
FR;5;2022-08-06;23;26;1;0;31;1;0;0;0;274318;182233;2962;743;220671;4418;882;0;15
FR;5;2022-08-07;2;2;1;0;1;1;1;0;0;274320;182235;2963;743;220672;4419;883;0;15
FR;5;2022-08-08;26;19;1;2;24;2;1;0;0;274346;182254;2964;745;220696;4421;884;0;15
FR;5;2022-08-09;26;28;3;3;35;3;3;0;0;274372;182282;2967;748;220731;4424;887;0;15
FR;5;2022-08-10;47;47;2;0;56;5;0;0;0;274419;182329;2969;748;220787;4429;887;0;15
FR;5;2022-08-11;19;36;2;2;42;5;2;0;0;274438;182365;2971;750;220829;4434;889;0;15
FR;5;2022-08-12;27;28;2;0;39;2;0;0;0;274465;182393;2973;750;220868;4436;889;0;15
FR;5;2022-08-13;16;18;0;0;24;0;0;0;0;274481;182411;2973;750;220892;4436;889;0;15
FR;5;2022-08-14;2;3;0;0;4;0;0;0;0;274483;182414;2973;750;220896;4436;889;0;15
FR;5;2022-08-15;2;5;0;0;5;0;0;0;0;274485;182419;2973;750;220901;4436;889;0;15
FR;5;2022-08-16;33;26;3;0;28;6;0;0;0;274518;182445;2976;750;220929;4442;889;0;15
FR;5;2022-08-17;52;55;2;1;72;1;1;0;0;274570;182500;2978;751;221001;4443;890;0;15
FR;5;2022-08-18;26;18;8;17;25;10;16;0;0;274596;182518;2986;768;221026;4453;906;0;15
FR;5;2022-08-19;25;33;1;2;41;2;2;0;0;274621;182551;2987;770;221067;4455;908;0;15
FR;5;2022-08-20;25;27;2;1;33;4;2;0;0;274646;182578;2989;771;221100;4459;910;0;15
FR;5;2022-08-21;7;4;1;0;7;1;0;0;0;274653;182582;2990;771;221107;4460;910;0;15
FR;5;2022-08-22;39;26;1;6;42;2;5;0;1;274692;182608;2991;777;221149;4462;915;0;16
FR;5;2022-08-23;27;26;1;1;32;2;1;0;0;274719;182634;2992;778;221181;4464;916;0;16
FR;5;2022-08-24;50;43;0;0;62;0;0;0;0;274769;182677;2992;778;221243;4464;916;0;16
FR;5;2022-08-25;27;26;3;1;31;2;0;0;1;274796;182703;2995;779;221274;4466;916;0;17
FR;5;2022-08-26;48;39;7;2;58;5;4;0;0;274844;182742;3002;781;221332;4471;920;0;17
FR;5;2022-08-27;46;28;1;0;46;3;1;0;0;274890;182770;3003;781;221378;4474;921;0;17
FR;5;2022-08-28;5;6;0;0;6;0;0;0;0;274895;182776;3003;781;221384;4474;921;0;17
FR;5;2022-08-29;58;44;1;1;66;4;1;0;0;274953;182820;3004;782;221450;4478;922;0;17
FR;5;2022-08-30;45;23;12;29;40;10;30;0;1;274998;182843;3016;811;221490;4488;952;0;18
FR;5;2022-08-31;53;47;6;1;58;11;1;0;0;275051;182890;3022;812;221548;4499;953;0;18
FR;5;2022-09-01;16;8;1;4;13;1;4;0;0;275067;182898;3023;816;221561;4500;957;0;18
FR;5;2022-09-02;42;22;8;2;34;9;3;0;0;275109;182920;3031;818;221595;4509;960;0;18
FR;5;2022-09-03;69;37;2;0;58;2;0;0;0;275178;182957;3033;818;221653;4511;960;0;18
FR;5;2022-09-04;12;7;1;0;8;3;0;0;0;275190;182964;3034;818;221661;4514;960;0;18
FR;5;2022-09-05;7;4;1;0;4;1;0;0;0;275197;182968;3035;818;221665;4515;960;0;18
FR;5;2022-09-06;21;14;3;15;17;2;14;0;2;275218;182982;3038;833;221682;4517;974;0;20
FR;5;2022-09-07;79;53;1;1;76;3;1;0;0;275297;183035;3039;834;221758;4520;975;0;20
FR;5;2022-09-08;9;4;0;4;7;0;4;0;0;275306;183039;3039;838;221765;4520;979;0;20
FR;5;2022-09-09;40;11;9;2;14;10;3;0;0;275346;183050;3048;840;221779;4530;982;0;20
FR;5;2022-09-10;40;45;1;1;50;8;1;0;0;275386;183095;3049;841;221829;4538;983;0;20
FR;5;2022-09-11;3;3;0;0;3;1;0;0;0;275389;183098;3049;841;221832;4539;983;0;20
FR;5;2022-09-12;7;5;2;2;7;2;2;0;0;275396;183103;3051;843;221839;4541;985;0;20
FR;5;2022-09-13;9;6;0;1;4;3;1;0;0;275405;183109;3051;844;221843;4544;986;0;20
FR;5;2022-09-14;52;47;4;6;55;9;5;0;0;275457;183156;3055;850;221898;4553;991;0;20
FR;5;2022-09-15;11;13;2;3;11;5;3;0;0;275468;183169;3057;853;221909;4558;994;0;20
FR;5;2022-09-16;25;33;1;4;38;3;3;0;0;275493;183202;3058;857;221947;4561;997;0;20
FR;5;2022-09-17;60;43;1;1;51;5;1;0;0;275553;183245;3059;858;221998;4566;998;0;20
FR;5;2022-09-18;9;6;0;1;10;1;0;0;0;275562;183251;3059;859;222008;4567;998;0;20
FR;5;2022-09-19;22;17;2;1;20;5;2;0;0;275584;183268;3061;860;222028;4572;1000;0;20
FR;5;2022-09-20;15;11;3;3;15;1;4;0;0;275599;183279;3064;863;222043;4573;1004;0;20
FR;5;2022-09-21;68;45;9;0;65;13;0;0;0;275667;183324;3073;863;222108;4586;1004;0;20
FR;5;2022-09-22;12;6;4;24;6;4;23;0;1;275679;183330;3077;887;222114;4590;1027;0;21
FR;5;2022-09-23;20;25;2;3;23;8;3;0;0;275699;183355;3079;890;222137;4598;1030;0;21
FR;5;2022-09-24;44;51;1;8;65;5;8;0;0;275743;183406;3080;898;222202;4603;1038;0;21
FR;5;2022-09-25;6;12;0;0;13;1;0;0;0;275749;183418;3080;898;222215;4604;1038;0;21
FR;5;2022-09-26;15;7;0;2;12;0;1;0;1;275764;183425;3080;900;222227;4604;1039;0;22
FR;5;2022-09-27;7;12;4;9;14;4;9;0;1;275771;183437;3084;909;222241;4608;1048;0;23
FR;5;2022-09-28;65;64;5;0;88;7;0;0;0;275836;183501;3089;909;222329;4615;1048;0;23
FR;5;2022-09-29;17;9;1;0;15;1;1;0;1;275853;183510;3090;909;222344;4616;1049;0;24
FR;5;2022-09-30;28;46;2;2;53;4;3;0;0;275881;183556;3092;911;222397;4620;1052;0;24
FR;5;2022-10-01;40;35;5;5;48;8;7;0;0;275921;183591;3097;916;222445;4628;1059;0;24
FR;5;2022-10-02;1;9;1;0;10;1;0;0;0;275922;183600;3098;916;222455;4629;1059;0;24
FR;5;2022-10-03;7;6;3;0;5;4;0;0;0;275929;183606;3101;916;222460;4633;1059;0;24
FR;5;2022-10-04;11;8;1;3;11;2;3;0;0;275940;183614;3102;919;222471;4635;1062;0;24
FR;5;2022-10-05;57;62;2;2;79;13;2;0;0;275997;183676;3104;921;222550;4648;1064;0;24
FR;5;2022-10-06;12;10;1;4;15;2;4;0;0;276009;183686;3105;925;222565;4650;1068;0;24
FR;5;2022-10-07;21;31;1;0;34;5;0;0;0;276030;183717;3106;925;222599;4655;1068;0;24
FR;5;2022-10-08;33;51;1;0;54;7;0;0;0;276063;183768;3107;925;222653;4662;1068;0;24
FR;5;2022-10-09;7;10;0;0;11;1;0;0;0;276070;183778;3107;925;222664;4663;1068;0;24
FR;5;2022-10-10;14;6;0;1;8;1;1;0;0;276084;183784;3107;926;222672;4664;1069;0;24
FR;5;2022-10-11;6;13;2;1;14;2;2;0;0;276090;183797;3109;927;222686;4666;1071;0;24
FR;5;2022-10-12;39;57;3;2;69;8;2;0;0;276129;183854;3112;929;222755;4674;1073;0;24
FR;5;2022-10-13;11;16;2;0;18;4;0;0;0;276140;183870;3114;929;222773;4678;1073;0;24
FR;5;2022-10-14;21;21;1;0;20;5;0;0;0;276161;183891;3115;929;222793;4683;1073;0;24
FR;5;2022-10-15;19;26;10;0;24;11;2;0;0;276180;183917;3125;929;222817;4694;1075;0;24
FR;5;2022-10-16;3;1;0;0;1;1;0;0;0;276183;183918;3125;929;222818;4695;1075;0;24
FR;5;2022-10-17;8;8;2;1;8;3;1;0;2;276191;183926;3127;930;222826;4698;1076;0;26
FR;5;2022-10-18;6;7;0;2;8;0;2;0;0;276197;183933;3127;932;222834;4698;1078;0;26
FR;5;2022-10-19;38;43;8;0;52;11;0;0;1;276235;183976;3135;932;222886;4709;1078;0;27
FR;5;2022-10-20;18;15;2;1;16;3;1;0;0;276253;183991;3137;933;222902;4712;1079;0;27
FR;5;2022-10-21;22;15;6;0;19;8;1;0;2;276275;184006;3143;933;222921;4720;1080;0;29
FR;5;2022-10-22;34;28;2;12;31;5;12;0;0;276309;184034;3145;945;222952;4725;1092;0;29
FR;5;2022-10-23;9;3;0;0;4;0;0;0;0;276318;184037;3145;945;222956;4725;1092;0;29
FR;5;2022-10-24;14;7;6;7;9;9;8;0;0;276332;184044;3151;952;222965;4734;1100;0;29
FR;5;2022-10-25;12;9;6;3;9;8;3;0;2;276344;184053;3157;955;222974;4742;1103;0;31
FR;5;2022-10-26;34;22;6;0;29;10;0;0;0;276378;184075;3163;955;223003;4752;1103;0;31
FR;5;2022-10-27;16;4;4;0;11;4;0;0;0;276394;184079;3167;955;223014;4756;1103;0;31
FR;5;2022-10-28;19;13;5;3;14;6;4;0;0;276413;184092;3172;958;223028;4762;1107;0;31
FR;5;2022-10-29;21;13;0;0;17;3;0;0;0;276434;184105;3172;958;223045;4765;1107;0;31
FR;5;2022-10-30;1;4;2;0;4;3;0;0;0;276435;184109;3174;958;223049;4768;1107;0;31
FR;5;2022-10-31;14;11;2;1;12;3;1;0;0;276449;184120;3176;959;223061;4771;1108;0;31
FR;5;2022-11-01;3;3;0;1;3;0;1;0;0;276452;184123;3176;960;223064;4771;1109;0;31
FR;5;2022-11-02;23;17;5;4;23;5;5;0;0;276475;184140;3181;964;223087;4776;1114;0;31
FR;5;2022-11-03;22;4;1;1;11;1;1;0;0;276497;184144;3182;965;223098;4777;1115;0;31
FR;5;2022-11-04;19;18;1;0;18;2;0;0;0;276516;184162;3183;965;223116;4779;1115;0;31
FR;5;2022-11-05;25;16;1;0;21;1;0;0;0;276541;184178;3184;965;223137;4780;1115;0;31
FR;5;2022-11-06;1;7;0;0;7;0;0;0;0;276542;184185;3184;965;223144;4780;1115;0;31
FR;5;2022-11-07;4;3;3;0;3;3;0;0;0;276546;184188;3187;965;223147;4783;1115;0;31
FR;5;2022-11-08;11;7;1;2;8;1;1;0;0;276557;184195;3188;967;223155;4784;1116;0;31
FR;5;2022-11-09;28;29;6;1;32;6;1;0;0;276585;184224;3194;968;223187;4790;1117;0;31
FR;5;2022-11-10;11;16;1;0;17;1;0;0;0;276596;184240;3195;968;223204;4791;1117;0;31
FR;5;2022-11-11;2;4;0;1;6;0;1;0;0;276598;184244;3195;969;223210;4791;1118;0;31
FR;5;2022-11-12;19;10;5;9;18;6;9;0;2;276617;184254;3200;978;223228;4797;1127;0;33
FR;5;2022-11-13;2;2;0;1;2;0;1;0;0;276619;184256;3200;979;223230;4797;1128;0;33
FR;5;2022-11-14;8;10;0;1;9;3;0;0;0;276627;184266;3200;980;223239;4800;1128;0;33
FR;5;2022-11-15;8;6;4;3;6;4;3;0;0;276635;184272;3204;983;223245;4804;1131;0;33
FR;5;2022-11-16;29;28;2;1;32;5;0;0;0;276664;184300;3206;984;223277;4809;1131;0;33
FR;5;2022-11-17;6;15;2;0;15;3;0;0;0;276670;184315;3208;984;223292;4812;1131;0;33
FR;5;2022-11-18;16;17;6;0;19;8;0;0;0;276686;184332;3214;984;223311;4820;1131;0;33
FR;5;2022-11-19;18;27;2;0;27;6;0;0;0;276704;184359;3216;984;223338;4826;1131;0;33
FR;5;2022-11-20;6;3;0;0;5;0;0;0;0;276710;184362;3216;984;223343;4826;1131;0;33
FR;5;2022-11-21;8;5;0;2;4;2;1;0;0;276718;184367;3216;986;223347;4828;1132;0;33
FR;5;2022-11-22;9;3;0;1;4;0;1;0;0;276727;184370;3216;987;223351;4828;1133;0;33
FR;5;2022-11-23;34;25;6;1;27;13;0;0;0;276761;184395;3222;988;223378;4841;1133;0;33
FR;5;2022-11-24;3;7;2;1;8;1;2;0;0;276764;184402;3224;989;223386;4842;1135;0;33
FR;5;2022-11-25;15;20;2;0;25;3;0;0;1;276779;184422;3226;989;223411;4845;1135;0;34
FR;5;2022-11-26;22;19;4;0;20;8;0;0;0;276801;184441;3230;989;223431;4853;1135;0;34
FR;5;2022-11-27;7;0;1;0;2;1;0;0;0;276808;184441;3231;989;223433;4854;1135;0;34
FR;5;2022-11-28;7;11;3;0;11;5;0;0;0;276815;184452;3234;989;223444;4859;1135;0;34
FR;5;2022-11-29;10;9;1;0;11;3;0;0;1;276825;184461;3235;989;223455;4862;1135;0;35
FR;5;2022-11-30;34;48;12;0;55;17;1;0;0;276859;184509;3247;989;223510;4879;1136;0;35
FR;5;2022-12-01;3;8;2;0;8;3;0;0;0;276862;184517;3249;989;223518;4882;1136;0;35
FR;5;2022-12-02;1;5;2;1;4;3;1;0;0;276863;184522;3251;990;223522;4885;1137;0;35
FR;5;2022-12-03;3;3;8;1;5;8;1;0;0;276866;184525;3259;991;223527;4893;1138;0;35
FR;5;2022-12-04;3;2;1;0;2;2;0;0;0;276869;184527;3260;991;223529;4895;1138;0;35
FR;5;2022-12-05;0;1;0;0;0;1;0;0;0;276869;184528;3260;991;223529;4896;1138;0;35
FR;5;2022-12-06;3;1;0;0;1;0;0;0;1;276872;184529;3260;991;223530;4896;1138;0;36
FR;5;2022-12-07;5;8;1;0;9;1;0;0;0;276877;184537;3261;991;223539;4897;1138;0;36
FR;5;2022-12-08;2;2;0;0;2;0;0;0;0;276879;184539;3261;991;223541;4897;1138;0;36
FR;5;2022-12-09;3;8;0;0;6;2;0;0;0;276882;184547;3261;991;223547;4899;1138;0;36
FR;5;2022-12-10;4;7;2;1;8;2;1;0;0;276886;184554;3263;992;223555;4901;1139;0;36
FR;5;2022-12-11;2;0;0;0;0;0;0;0;0;276888;184554;3263;992;223555;4901;1139;0;36
FR;5;2022-12-12;0;0;0;0;0;0;0;0;0;276888;184554;3263;992;223555;4901;1139;0;36
FR;5;2022-12-13;2;3;0;0;4;1;0;0;0;276890;184557;3263;992;223559;4902;1139;0;36
FR;5;2022-12-14;1;2;0;9;2;1;8;0;3;276891;184559;3263;1001;223561;4903;1147;0;39
FR;5;2022-12-15;0;2;0;0;2;0;0;0;0;276891;184561;3263;1001;223563;4903;1147;0;39
FR;5;2022-12-16;3;2;2;0;3;3;0;0;0;276894;184563;3265;1001;223566;4906;1147;0;39
FR;5;2022-12-17;3;3;3;0;3;2;1;0;0;276897;184566;3268;1001;223569;4908;1148;0;39
FR;5;2022-12-18;3;0;0;1;0;0;1;0;1;276900;184566;3268;1002;223569;4908;1149;0;40
FR;5;2022-12-19;1;0;0;2;0;0;2;0;0;276901;184566;3268;1004;223569;4908;1151;0;40
FR;6;2020-12-27;0;0;0;0;0;0;0;0;0;0;0;0;0;0;0;0;0;0
FR;6;2020-12-28;0;0;0;0;0;0;0;0;0;0;0;0;0;0;0;0;0;0
FR;6;2020-12-29;0;0;0;0;0;0;0;0;0;0;0;0;0;0;0;0;0;0
FR;6;2020-12-30;0;0;0;0;0;0;0;0;0;0;0;0;0;0;0;0;0;0
FR;6;2020-12-31;0;0;0;0;0;0;0;0;0;0;0;0;0;0;0;0;0;0
FR;6;2021-01-01;0;0;0;0;0;0;0;0;0;0;0;0;0;0;0;0;0;0
FR;6;2021-01-02;0;0;0;0;0;0;0;0;0;0;0;0;0;0;0;0;0;0
FR;6;2021-01-03;0;0;0;0;0;0;0;0;0;0;0;0;0;0;0;0;0;0
FR;6;2021-01-04;0;0;0;0;0;0;0;0;0;0;0;0;0;0;0;0;0;0
FR;6;2021-01-05;0;0;0;0;0;0;0;0;0;0;0;0;0;0;0;0;0;0
FR;6;2021-01-06;0;0;0;0;0;0;0;0;0;0;0;0;0;0;0;0;0;0
FR;6;2021-01-07;0;0;0;0;0;0;0;0;0;0;0;0;0;0;0;0;0;0
FR;6;2021-01-08;0;0;0;0;0;0;0;0;0;0;0;0;0;0;0;0;0;0
FR;6;2021-01-09;0;0;0;0;0;0;0;0;0;0;0;0;0;0;0;0;0;0
FR;6;2021-01-10;0;0;0;0;0;0;0;0;0;0;0;0;0;0;0;0;0;0
FR;6;2021-01-11;0;0;0;0;0;0;0;0;0;0;0;0;0;0;0;0;0;0
FR;6;2021-01-12;0;0;0;0;0;0;0;0;0;0;0;0;0;0;0;0;0;0
FR;6;2021-01-13;0;0;0;0;0;0;0;0;0;0;0;0;0;0;0;0;0;0
FR;6;2021-01-14;0;0;0;0;0;0;0;0;0;0;0;0;0;0;0;0;0;0
FR;6;2021-01-15;0;0;0;0;0;0;0;0;0;0;0;0;0;0;0;0;0;0
FR;6;2021-01-16;0;0;0;0;0;0;0;0;0;0;0;0;0;0;0;0;0;0
FR;6;2021-01-17;0;0;0;0;0;0;0;0;0;0;0;0;0;0;0;0;0;0
FR;6;2021-01-18;0;0;0;0;0;0;0;0;0;0;0;0;0;0;0;0;0;0
FR;6;2021-01-19;0;0;0;0;0;0;0;0;0;0;0;0;0;0;0;0;0;0
FR;6;2021-01-20;0;0;0;0;0;0;0;0;0;0;0;0;0;0;0;0;0;0
FR;6;2021-01-21;0;0;0;0;0;0;0;0;0;0;0;0;0;0;0;0;0;0
FR;6;2021-01-22;0;0;0;0;0;0;0;0;0;0;0;0;0;0;0;0;0;0
FR;6;2021-01-23;0;0;0;0;0;0;0;0;0;0;0;0;0;0;0;0;0;0
FR;6;2021-01-24;0;0;0;0;0;0;0;0;0;0;0;0;0;0;0;0;0;0
FR;6;2021-01-25;0;0;0;0;0;0;0;0;0;0;0;0;0;0;0;0;0;0
FR;6;2021-01-26;0;0;0;0;0;0;0;0;0;0;0;0;0;0;0;0;0;0
FR;6;2021-01-27;0;0;0;0;0;0;0;0;0;0;0;0;0;0;0;0;0;0
FR;6;2021-01-28;0;0;0;0;0;0;0;0;0;0;0;0;0;0;0;0;0;0
FR;6;2021-01-29;0;0;0;0;0;0;0;0;0;0;0;0;0;0;0;0;0;0
FR;6;2021-01-30;0;0;0;0;0;0;0;0;0;0;0;0;0;0;0;0;0;0
FR;6;2021-01-31;0;0;0;0;0;0;0;0;0;0;0;0;0;0;0;0;0;0
FR;6;2021-02-01;0;0;0;0;0;0;0;0;0;0;0;0;0;0;0;0;0;0
FR;6;2021-02-02;0;0;0;0;0;0;0;0;0;0;0;0;0;0;0;0;0;0
FR;6;2021-02-03;0;0;0;0;0;0;0;0;0;0;0;0;0;0;0;0;0;0
FR;6;2021-02-04;0;0;0;0;0;0;0;0;0;0;0;0;0;0;0;0;0;0
FR;6;2021-02-05;0;0;0;0;0;0;0;0;0;0;0;0;0;0;0;0;0;0
FR;6;2021-02-06;0;0;0;0;0;0;0;0;0;0;0;0;0;0;0;0;0;0
FR;6;2021-02-07;0;0;0;0;0;0;0;0;0;0;0;0;0;0;0;0;0;0
FR;6;2021-02-08;0;0;0;0;0;0;0;0;0;0;0;0;0;0;0;0;0;0
FR;6;2021-02-09;0;0;0;0;0;0;0;0;0;0;0;0;0;0;0;0;0;0
FR;6;2021-02-10;0;0;0;0;0;0;0;0;0;0;0;0;0;0;0;0;0;0
FR;6;2021-02-11;0;0;0;0;0;0;0;0;0;0;0;0;0;0;0;0;0;0
FR;6;2021-02-12;0;0;0;0;0;0;0;0;0;0;0;0;0;0;0;0;0;0
FR;6;2021-02-13;0;0;0;0;0;0;0;0;0;0;0;0;0;0;0;0;0;0
FR;6;2021-02-14;0;0;0;0;0;0;0;0;0;0;0;0;0;0;0;0;0;0
FR;6;2021-02-15;0;0;0;0;0;0;0;0;0;0;0;0;0;0;0;0;0;0
FR;6;2021-02-16;0;0;0;0;0;0;0;0;0;0;0;0;0;0;0;0;0;0
FR;6;2021-02-17;0;0;0;0;0;0;0;0;0;0;0;0;0;0;0;0;0;0
FR;6;2021-02-18;0;0;0;0;0;0;0;0;0;0;0;0;0;0;0;0;0;0
FR;6;2021-02-19;0;0;0;0;0;0;0;0;0;0;0;0;0;0;0;0;0;0
FR;6;2021-02-20;0;0;0;0;0;0;0;0;0;0;0;0;0;0;0;0;0;0
FR;6;2021-02-21;0;0;0;0;0;0;0;0;0;0;0;0;0;0;0;0;0;0
FR;6;2021-02-22;0;0;0;0;0;0;0;0;0;0;0;0;0;0;0;0;0;0
FR;6;2021-02-23;0;0;0;0;0;0;0;0;0;0;0;0;0;0;0;0;0;0
FR;6;2021-02-24;0;0;0;0;0;0;0;0;0;0;0;0;0;0;0;0;0;0
FR;6;2021-02-25;0;0;0;0;0;0;0;0;0;0;0;0;0;0;0;0;0;0
FR;6;2021-02-26;0;0;0;0;0;0;0;0;0;0;0;0;0;0;0;0;0;0
FR;6;2021-02-27;0;0;0;0;0;0;0;0;0;0;0;0;0;0;0;0;0;0
FR;6;2021-02-28;0;0;0;0;0;0;0;0;0;0;0;0;0;0;0;0;0;0
FR;6;2021-03-01;0;0;0;0;0;0;0;0;0;0;0;0;0;0;0;0;0;0
FR;6;2021-03-02;0;0;0;0;0;0;0;0;0;0;0;0;0;0;0;0;0;0
FR;6;2021-03-03;0;0;0;0;0;0;0;0;0;0;0;0;0;0;0;0;0;0
FR;6;2021-03-04;0;0;0;0;0;0;0;0;0;0;0;0;0;0;0;0;0;0
FR;6;2021-03-05;0;0;0;0;0;0;0;0;0;0;0;0;0;0;0;0;0;0
FR;6;2021-03-06;0;0;0;0;0;0;0;0;0;0;0;0;0;0;0;0;0;0
FR;6;2021-03-07;0;0;0;0;0;0;0;0;0;0;0;0;0;0;0;0;0;0
FR;6;2021-03-08;0;0;0;0;0;0;0;0;0;0;0;0;0;0;0;0;0;0
FR;6;2021-03-09;0;0;0;0;0;0;0;0;0;0;0;0;0;0;0;0;0;0
FR;6;2021-03-10;0;0;0;0;0;0;0;0;0;0;0;0;0;0;0;0;0;0
FR;6;2021-03-11;0;0;0;0;0;0;0;0;0;0;0;0;0;0;0;0;0;0
FR;6;2021-03-12;0;0;0;0;0;0;0;0;0;0;0;0;0;0;0;0;0;0
FR;6;2021-03-13;0;0;0;0;0;0;0;0;0;0;0;0;0;0;0;0;0;0
FR;6;2021-03-14;0;0;0;0;0;0;0;0;0;0;0;0;0;0;0;0;0;0
FR;6;2021-03-15;0;0;0;0;0;0;0;0;0;0;0;0;0;0;0;0;0;0
FR;6;2021-03-16;0;0;0;0;0;0;0;0;0;0;0;0;0;0;0;0;0;0
FR;6;2021-03-17;0;0;0;0;0;0;0;0;0;0;0;0;0;0;0;0;0;0
FR;6;2021-03-18;0;0;0;0;0;0;0;0;0;0;0;0;0;0;0;0;0;0
FR;6;2021-03-19;0;0;0;0;0;0;0;0;0;0;0;0;0;0;0;0;0;0
FR;6;2021-03-20;0;0;0;0;0;0;0;0;0;0;0;0;0;0;0;0;0;0
FR;6;2021-03-21;0;0;0;0;0;0;0;0;0;0;0;0;0;0;0;0;0;0
FR;6;2021-03-22;0;0;0;0;0;0;0;0;0;0;0;0;0;0;0;0;0;0
FR;6;2021-03-23;0;0;0;0;0;0;0;0;0;0;0;0;0;0;0;0;0;0
FR;6;2021-03-24;0;0;0;0;0;0;0;0;0;0;0;0;0;0;0;0;0;0
FR;6;2021-03-25;0;0;0;0;0;0;0;0;0;0;0;0;0;0;0;0;0;0
FR;6;2021-03-26;0;0;0;0;0;0;0;0;0;0;0;0;0;0;0;0;0;0
FR;6;2021-03-27;0;0;0;0;0;0;0;0;0;0;0;0;0;0;0;0;0;0
FR;6;2021-03-28;0;0;0;0;0;0;0;0;0;0;0;0;0;0;0;0;0;0
FR;6;2021-03-29;0;0;0;0;0;0;0;0;0;0;0;0;0;0;0;0;0;0
FR;6;2021-03-30;0;0;0;0;0;0;0;0;0;0;0;0;0;0;0;0;0;0
FR;6;2021-03-31;0;0;0;0;0;0;0;0;0;0;0;0;0;0;0;0;0;0
FR;6;2021-04-01;0;0;0;0;0;0;0;0;0;0;0;0;0;0;0;0;0;0
FR;6;2021-04-02;0;0;0;0;0;0;0;0;0;0;0;0;0;0;0;0;0;0
FR;6;2021-04-03;0;0;0;0;0;0;0;0;0;0;0;0;0;0;0;0;0;0
FR;6;2021-04-04;0;0;0;0;0;0;0;0;0;0;0;0;0;0;0;0;0;0
FR;6;2021-04-05;0;0;0;0;0;0;0;0;0;0;0;0;0;0;0;0;0;0
FR;6;2021-04-06;0;0;0;0;0;0;0;0;0;0;0;0;0;0;0;0;0;0
FR;6;2021-04-07;0;0;0;0;0;0;0;0;0;0;0;0;0;0;0;0;0;0
FR;6;2021-04-08;0;0;0;0;0;0;0;0;0;0;0;0;0;0;0;0;0;0
FR;6;2021-04-09;0;0;0;0;0;0;0;0;0;0;0;0;0;0;0;0;0;0
FR;6;2021-04-10;0;0;0;0;0;0;0;0;0;0;0;0;0;0;0;0;0;0
FR;6;2021-04-11;0;0;0;0;0;0;0;0;0;0;0;0;0;0;0;0;0;0
FR;6;2021-04-12;0;0;0;0;0;0;0;0;0;0;0;0;0;0;0;0;0;0
FR;6;2021-04-13;0;0;0;0;0;0;0;0;0;0;0;0;0;0;0;0;0;0
FR;6;2021-04-14;0;0;0;0;0;0;0;0;0;0;0;0;0;0;0;0;0;0
FR;6;2021-04-15;0;0;0;0;0;0;0;0;0;0;0;0;0;0;0;0;0;0
FR;6;2021-04-16;0;0;0;0;0;0;0;0;0;0;0;0;0;0;0;0;0;0
FR;6;2021-04-17;0;0;0;0;0;0;0;0;0;0;0;0;0;0;0;0;0;0
FR;6;2021-04-18;0;0;0;0;0;0;0;0;0;0;0;0;0;0;0;0;0;0
FR;6;2021-04-19;0;0;0;0;0;0;0;0;0;0;0;0;0;0;0;0;0;0
FR;6;2021-04-20;0;0;0;0;0;0;0;0;0;0;0;0;0;0;0;0;0;0
FR;6;2021-04-21;0;0;0;0;0;0;0;0;0;0;0;0;0;0;0;0;0;0
FR;6;2021-04-22;0;0;0;0;0;0;0;0;0;0;0;0;0;0;0;0;0;0
FR;6;2021-04-23;0;0;0;0;0;0;0;0;0;0;0;0;0;0;0;0;0;0
FR;6;2021-04-24;0;0;0;0;0;0;0;0;0;0;0;0;0;0;0;0;0;0
FR;6;2021-04-25;0;0;0;0;0;0;0;0;0;0;0;0;0;0;0;0;0;0
FR;6;2021-04-26;0;0;0;0;0;0;0;0;0;0;0;0;0;0;0;0;0;0
FR;6;2021-04-27;0;0;0;0;0;0;0;0;0;0;0;0;0;0;0;0;0;0
FR;6;2021-04-28;0;0;0;0;0;0;0;0;0;0;0;0;0;0;0;0;0;0
FR;6;2021-04-29;0;0;0;0;0;0;0;0;0;0;0;0;0;0;0;0;0;0
FR;6;2021-04-30;0;0;0;0;0;0;0;0;0;0;0;0;0;0;0;0;0;0
FR;6;2021-05-01;0;0;0;0;0;0;0;0;0;0;0;0;0;0;0;0;0;0
FR;6;2021-05-02;0;0;0;0;0;0;0;0;0;0;0;0;0;0;0;0;0;0
FR;6;2021-05-03;0;0;0;0;0;0;0;0;0;0;0;0;0;0;0;0;0;0
FR;6;2021-05-04;0;0;0;0;0;0;0;0;0;0;0;0;0;0;0;0;0;0
FR;6;2021-05-05;0;0;0;0;0;0;0;0;0;0;0;0;0;0;0;0;0;0
FR;6;2021-05-06;0;0;0;0;0;0;0;0;0;0;0;0;0;0;0;0;0;0
FR;6;2021-05-07;0;0;0;0;0;0;0;0;0;0;0;0;0;0;0;0;0;0
FR;6;2021-05-08;0;0;0;0;0;0;0;0;0;0;0;0;0;0;0;0;0;0
FR;6;2021-05-09;0;0;0;0;0;0;0;0;0;0;0;0;0;0;0;0;0;0
FR;6;2021-05-10;0;0;0;0;0;0;0;0;0;0;0;0;0;0;0;0;0;0
FR;6;2021-05-11;0;0;0;0;0;0;0;0;0;0;0;0;0;0;0;0;0;0
FR;6;2021-05-12;0;0;0;0;0;0;0;0;0;0;0;0;0;0;0;0;0;0
FR;6;2021-05-13;0;0;0;0;0;0;0;0;0;0;0;0;0;0;0;0;0;0
FR;6;2021-05-14;0;0;0;0;0;0;0;0;0;0;0;0;0;0;0;0;0;0
FR;6;2021-05-15;0;0;0;0;0;0;0;0;0;0;0;0;0;0;0;0;0;0
FR;6;2021-05-16;0;0;0;0;0;0;0;0;0;0;0;0;0;0;0;0;0;0
FR;6;2021-05-17;0;0;0;0;0;0;0;0;0;0;0;0;0;0;0;0;0;0
FR;6;2021-05-18;0;0;0;0;0;0;0;0;0;0;0;0;0;0;0;0;0;0
FR;6;2021-05-19;0;0;0;0;0;0;0;0;0;0;0;0;0;0;0;0;0;0
FR;6;2021-05-20;0;0;0;0;0;0;0;0;0;0;0;0;0;0;0;0;0;0
FR;6;2021-05-21;0;0;0;0;0;0;0;0;0;0;0;0;0;0;0;0;0;0
FR;6;2021-05-22;0;0;0;0;0;0;0;0;0;0;0;0;0;0;0;0;0;0
FR;6;2021-05-23;0;0;0;0;0;0;0;0;0;0;0;0;0;0;0;0;0;0
FR;6;2021-05-24;0;0;0;0;0;0;0;0;0;0;0;0;0;0;0;0;0;0
FR;6;2021-05-25;0;0;0;0;0;0;0;0;0;0;0;0;0;0;0;0;0;0
FR;6;2021-05-26;0;0;0;0;0;0;0;0;0;0;0;0;0;0;0;0;0;0
FR;6;2021-05-27;0;0;0;0;0;0;0;0;0;0;0;0;0;0;0;0;0;0
FR;6;2021-05-28;0;0;0;0;0;0;0;0;0;0;0;0;0;0;0;0;0;0
FR;6;2021-05-29;0;0;0;0;0;0;0;0;0;0;0;0;0;0;0;0;0;0
FR;6;2021-05-30;0;0;0;0;0;0;0;0;0;0;0;0;0;0;0;0;0;0
FR;6;2021-05-31;0;0;0;0;0;0;0;0;0;0;0;0;0;0;0;0;0;0
FR;6;2021-06-01;0;0;0;0;0;0;0;0;0;0;0;0;0;0;0;0;0;0
FR;6;2021-06-02;0;0;0;0;0;0;0;0;0;0;0;0;0;0;0;0;0;0
FR;6;2021-06-03;0;0;0;0;0;0;0;0;0;0;0;0;0;0;0;0;0;0
FR;6;2021-06-04;0;0;0;0;0;0;0;0;0;0;0;0;0;0;0;0;0;0
FR;6;2021-06-05;0;0;0;0;0;0;0;0;0;0;0;0;0;0;0;0;0;0
FR;6;2021-06-06;0;0;0;0;0;0;0;0;0;0;0;0;0;0;0;0;0;0
FR;6;2021-06-07;0;0;0;0;0;0;0;0;0;0;0;0;0;0;0;0;0;0
FR;6;2021-06-08;0;0;0;0;0;0;0;0;0;0;0;0;0;0;0;0;0;0
FR;6;2021-06-09;0;0;0;0;0;0;0;0;0;0;0;0;0;0;0;0;0;0
FR;6;2021-06-10;0;0;0;0;0;0;0;0;0;0;0;0;0;0;0;0;0;0
FR;6;2021-06-11;0;0;0;0;0;0;0;0;0;0;0;0;0;0;0;0;0;0
FR;6;2021-06-12;0;0;0;0;0;0;0;0;0;0;0;0;0;0;0;0;0;0
FR;6;2021-06-13;0;0;0;0;0;0;0;0;0;0;0;0;0;0;0;0;0;0
FR;6;2021-06-14;0;0;0;0;0;0;0;0;0;0;0;0;0;0;0;0;0;0
FR;6;2021-06-15;0;0;0;0;0;0;0;0;0;0;0;0;0;0;0;0;0;0
FR;6;2021-06-16;0;0;0;0;0;0;0;0;0;0;0;0;0;0;0;0;0;0
FR;6;2021-06-17;0;0;0;0;0;0;0;0;0;0;0;0;0;0;0;0;0;0
FR;6;2021-06-18;0;0;0;0;0;0;0;0;0;0;0;0;0;0;0;0;0;0
FR;6;2021-06-19;0;0;0;0;0;0;0;0;0;0;0;0;0;0;0;0;0;0
FR;6;2021-06-20;0;0;0;0;0;0;0;0;0;0;0;0;0;0;0;0;0;0
FR;6;2021-06-21;0;0;0;0;0;0;0;0;0;0;0;0;0;0;0;0;0;0
FR;6;2021-06-22;0;0;0;0;0;0;0;0;0;0;0;0;0;0;0;0;0;0
FR;6;2021-06-23;0;0;0;0;0;0;0;0;0;0;0;0;0;0;0;0;0;0
FR;6;2021-06-24;0;0;0;0;0;0;0;0;0;0;0;0;0;0;0;0;0;0
FR;6;2021-06-25;0;0;0;0;0;0;0;0;0;0;0;0;0;0;0;0;0;0
FR;6;2021-06-26;0;0;0;0;0;0;0;0;0;0;0;0;0;0;0;0;0;0
FR;6;2021-06-27;0;0;0;0;0;0;0;0;0;0;0;0;0;0;0;0;0;0
FR;6;2021-06-28;0;0;0;0;0;0;0;0;0;0;0;0;0;0;0;0;0;0
FR;6;2021-06-29;0;0;0;0;0;0;0;0;0;0;0;0;0;0;0;0;0;0
FR;6;2021-06-30;0;0;0;0;0;0;0;0;0;0;0;0;0;0;0;0;0;0
FR;6;2021-07-01;0;0;0;0;0;0;0;0;0;0;0;0;0;0;0;0;0;0
FR;6;2021-07-02;0;0;0;0;0;0;0;0;0;0;0;0;0;0;0;0;0;0
FR;6;2021-07-03;0;0;0;0;0;0;0;0;0;0;0;0;0;0;0;0;0;0
FR;6;2021-07-04;0;0;0;0;0;0;0;0;0;0;0;0;0;0;0;0;0;0
FR;6;2021-07-05;0;0;0;0;0;0;0;0;0;0;0;0;0;0;0;0;0;0
FR;6;2021-07-06;0;0;0;0;0;0;0;0;0;0;0;0;0;0;0;0;0;0
FR;6;2021-07-07;0;0;0;0;0;0;0;0;0;0;0;0;0;0;0;0;0;0
FR;6;2021-07-08;0;0;0;0;0;0;0;0;0;0;0;0;0;0;0;0;0;0
FR;6;2021-07-09;0;0;0;0;0;0;0;0;0;0;0;0;0;0;0;0;0;0
FR;6;2021-07-10;0;0;0;0;0;0;0;0;0;0;0;0;0;0;0;0;0;0
FR;6;2021-07-11;0;0;0;0;0;0;0;0;0;0;0;0;0;0;0;0;0;0
FR;6;2021-07-12;0;0;0;0;0;0;0;0;0;0;0;0;0;0;0;0;0;0
FR;6;2021-07-13;0;0;0;0;0;0;0;0;0;0;0;0;0;0;0;0;0;0
FR;6;2021-07-14;0;0;0;0;0;0;0;0;0;0;0;0;0;0;0;0;0;0
FR;6;2021-07-15;0;0;0;0;0;0;0;0;0;0;0;0;0;0;0;0;0;0
FR;6;2021-07-16;0;0;0;0;0;0;0;0;0;0;0;0;0;0;0;0;0;0
FR;6;2021-07-17;0;0;0;0;0;0;0;0;0;0;0;0;0;0;0;0;0;0
FR;6;2021-07-18;0;0;0;0;0;0;0;0;0;0;0;0;0;0;0;0;0;0
FR;6;2021-07-19;0;0;0;0;0;0;0;0;0;0;0;0;0;0;0;0;0;0
FR;6;2021-07-20;0;0;0;0;0;0;0;0;0;0;0;0;0;0;0;0;0;0
FR;6;2021-07-21;0;0;0;0;0;0;0;0;0;0;0;0;0;0;0;0;0;0
FR;6;2021-07-22;0;0;0;0;0;0;0;0;0;0;0;0;0;0;0;0;0;0
FR;6;2021-07-23;0;0;0;0;0;0;0;0;0;0;0;0;0;0;0;0;0;0
FR;6;2021-07-24;0;0;0;0;0;0;0;0;0;0;0;0;0;0;0;0;0;0
FR;6;2021-07-25;0;0;0;0;0;0;0;0;0;0;0;0;0;0;0;0;0;0
FR;6;2021-07-26;0;0;0;0;0;0;0;0;0;0;0;0;0;0;0;0;0;0
FR;6;2021-07-27;0;0;0;0;0;0;0;0;0;0;0;0;0;0;0;0;0;0
FR;6;2021-07-28;0;0;0;0;0;0;0;0;0;0;0;0;0;0;0;0;0;0
FR;6;2021-07-29;0;0;0;0;0;0;0;0;0;0;0;0;0;0;0;0;0;0
FR;6;2021-07-30;0;0;0;0;0;0;0;0;0;0;0;0;0;0;0;0;0;0
FR;6;2021-07-31;0;0;0;0;0;0;0;0;0;0;0;0;0;0;0;0;0;0
FR;6;2021-08-01;0;0;0;0;0;0;0;0;0;0;0;0;0;0;0;0;0;0
FR;6;2021-08-02;0;0;0;0;0;0;0;0;0;0;0;0;0;0;0;0;0;0
FR;6;2021-08-03;0;0;0;0;0;0;0;0;0;0;0;0;0;0;0;0;0;0
FR;6;2021-08-04;0;0;0;0;0;0;0;0;0;0;0;0;0;0;0;0;0;0
FR;6;2021-08-05;0;0;0;0;0;0;0;0;0;0;0;0;0;0;0;0;0;0
FR;6;2021-08-06;0;0;0;0;0;0;0;0;0;0;0;0;0;0;0;0;0;0
FR;6;2021-08-07;0;0;0;0;0;0;0;0;0;0;0;0;0;0;0;0;0;0
FR;6;2021-08-08;0;0;0;0;0;0;0;0;0;0;0;0;0;0;0;0;0;0
FR;6;2021-08-09;0;0;0;0;0;0;0;0;0;0;0;0;0;0;0;0;0;0
FR;6;2021-08-10;0;0;0;0;0;0;0;0;0;0;0;0;0;0;0;0;0;0
FR;6;2021-08-11;0;0;0;0;0;0;0;0;0;0;0;0;0;0;0;0;0;0
FR;6;2021-08-12;0;0;0;0;0;0;0;0;0;0;0;0;0;0;0;0;0;0
FR;6;2021-08-13;0;0;0;0;0;0;0;0;0;0;0;0;0;0;0;0;0;0
FR;6;2021-08-14;0;0;0;0;0;0;0;0;0;0;0;0;0;0;0;0;0;0
FR;6;2021-08-15;0;0;0;0;0;0;0;0;0;0;0;0;0;0;0;0;0;0
FR;6;2021-08-16;0;0;0;0;0;0;0;0;0;0;0;0;0;0;0;0;0;0
FR;6;2021-08-17;0;0;0;0;0;0;0;0;0;0;0;0;0;0;0;0;0;0
FR;6;2021-08-18;0;0;0;0;0;0;0;0;0;0;0;0;0;0;0;0;0;0
FR;6;2021-08-19;0;0;0;0;0;0;0;0;0;0;0;0;0;0;0;0;0;0
FR;6;2021-08-20;0;0;0;0;0;0;0;0;0;0;0;0;0;0;0;0;0;0
FR;6;2021-08-21;0;0;0;0;0;0;0;0;0;0;0;0;0;0;0;0;0;0
FR;6;2021-08-22;0;0;0;0;0;0;0;0;0;0;0;0;0;0;0;0;0;0
FR;6;2021-08-23;0;0;0;0;0;0;0;0;0;0;0;0;0;0;0;0;0;0
FR;6;2021-08-24;0;0;0;0;0;0;0;0;0;0;0;0;0;0;0;0;0;0
FR;6;2021-08-25;0;0;0;0;0;0;0;0;0;0;0;0;0;0;0;0;0;0
FR;6;2021-08-26;0;0;0;0;0;0;0;0;0;0;0;0;0;0;0;0;0;0
FR;6;2021-08-27;0;0;0;0;0;0;0;0;0;0;0;0;0;0;0;0;0;0
FR;6;2021-08-28;0;0;0;0;0;0;0;0;0;0;0;0;0;0;0;0;0;0
FR;6;2021-08-29;0;0;0;0;0;0;0;0;0;0;0;0;0;0;0;0;0;0
FR;6;2021-08-30;0;0;0;0;0;0;0;0;0;0;0;0;0;0;0;0;0;0
FR;6;2021-08-31;0;0;0;0;0;0;0;0;0;0;0;0;0;0;0;0;0;0
FR;6;2021-09-01;0;0;0;0;0;0;0;0;0;0;0;0;0;0;0;0;0;0
FR;6;2021-09-02;0;0;0;0;0;0;0;0;0;0;0;0;0;0;0;0;0;0
FR;6;2021-09-03;0;0;0;0;0;0;0;0;0;0;0;0;0;0;0;0;0;0
FR;6;2021-09-04;0;0;0;0;0;0;0;0;0;0;0;0;0;0;0;0;0;0
FR;6;2021-09-05;0;0;0;0;0;0;0;0;0;0;0;0;0;0;0;0;0;0
FR;6;2021-09-06;0;0;0;0;0;0;0;0;0;0;0;0;0;0;0;0;0;0
FR;6;2021-09-07;0;0;0;0;0;0;0;0;0;0;0;0;0;0;0;0;0;0
FR;6;2021-09-08;0;0;0;0;0;0;0;0;0;0;0;0;0;0;0;0;0;0
FR;6;2021-09-09;0;0;0;0;0;0;0;0;0;0;0;0;0;0;0;0;0;0
FR;6;2021-09-10;0;0;0;0;0;0;0;0;0;0;0;0;0;0;0;0;0;0
FR;6;2021-09-11;0;0;0;0;0;0;0;0;0;0;0;0;0;0;0;0;0;0
FR;6;2021-09-12;0;0;0;0;0;0;0;0;0;0;0;0;0;0;0;0;0;0
FR;6;2021-09-13;0;0;0;0;0;0;0;0;0;0;0;0;0;0;0;0;0;0
FR;6;2021-09-14;0;0;0;0;0;0;0;0;0;0;0;0;0;0;0;0;0;0
FR;6;2021-09-15;0;0;0;0;0;0;0;0;0;0;0;0;0;0;0;0;0;0
FR;6;2021-09-16;0;0;0;0;0;0;0;0;0;0;0;0;0;0;0;0;0;0
FR;6;2021-09-17;0;0;0;0;0;0;0;0;0;0;0;0;0;0;0;0;0;0
FR;6;2021-09-18;0;0;0;0;0;0;0;0;0;0;0;0;0;0;0;0;0;0
FR;6;2021-09-19;0;0;0;0;0;0;0;0;0;0;0;0;0;0;0;0;0;0
FR;6;2021-09-20;0;0;0;0;0;0;0;0;0;0;0;0;0;0;0;0;0;0
FR;6;2021-09-21;0;0;0;0;0;0;0;0;0;0;0;0;0;0;0;0;0;0
FR;6;2021-09-22;0;0;0;0;0;0;0;0;0;0;0;0;0;0;0;0;0;0
FR;6;2021-09-23;0;0;0;0;0;0;0;0;0;0;0;0;0;0;0;0;0;0
FR;6;2021-09-24;0;0;0;0;0;0;0;0;0;0;0;0;0;0;0;0;0;0
FR;6;2021-09-25;0;0;0;0;0;0;0;0;0;0;0;0;0;0;0;0;0;0
FR;6;2021-09-26;0;0;0;0;0;0;0;0;0;0;0;0;0;0;0;0;0;0
FR;6;2021-09-27;0;0;0;0;0;0;0;0;0;0;0;0;0;0;0;0;0;0
FR;6;2021-09-28;0;0;0;0;0;0;0;0;0;0;0;0;0;0;0;0;0;0
FR;6;2021-09-29;0;0;0;0;0;0;0;0;0;0;0;0;0;0;0;0;0;0
FR;6;2021-09-30;0;0;0;0;0;0;0;0;0;0;0;0;0;0;0;0;0;0
FR;6;2021-10-01;0;0;0;0;0;0;0;0;0;0;0;0;0;0;0;0;0;0
FR;6;2021-10-02;0;0;0;0;0;0;0;0;0;0;0;0;0;0;0;0;0;0
FR;6;2021-10-03;0;0;0;0;0;0;0;0;0;0;0;0;0;0;0;0;0;0
FR;6;2021-10-04;0;0;0;0;0;0;0;0;0;0;0;0;0;0;0;0;0;0
FR;6;2021-10-05;0;0;0;0;0;0;0;0;0;0;0;0;0;0;0;0;0;0
FR;6;2021-10-06;0;0;0;0;0;0;0;0;0;0;0;0;0;0;0;0;0;0
FR;6;2021-10-07;0;0;0;0;0;0;0;0;0;0;0;0;0;0;0;0;0;0
FR;6;2021-10-08;0;0;0;0;0;0;0;0;0;0;0;0;0;0;0;0;0;0
FR;6;2021-10-09;0;0;0;0;0;0;0;0;0;0;0;0;0;0;0;0;0;0
FR;6;2021-10-10;0;0;0;0;0;0;0;0;0;0;0;0;0;0;0;0;0;0
FR;6;2021-10-11;0;0;0;0;0;0;0;0;0;0;0;0;0;0;0;0;0;0
FR;6;2021-10-12;0;0;0;0;0;0;0;0;0;0;0;0;0;0;0;0;0;0
FR;6;2021-10-13;0;0;0;0;0;0;0;0;0;0;0;0;0;0;0;0;0;0
FR;6;2021-10-14;0;0;0;0;0;0;0;0;0;0;0;0;0;0;0;0;0;0
FR;6;2021-10-15;0;0;0;0;0;0;0;0;0;0;0;0;0;0;0;0;0;0
FR;6;2021-10-16;0;0;0;0;0;0;0;0;0;0;0;0;0;0;0;0;0;0
FR;6;2021-10-17;0;0;0;0;0;0;0;0;0;0;0;0;0;0;0;0;0;0
FR;6;2021-10-18;0;0;0;0;0;0;0;0;0;0;0;0;0;0;0;0;0;0
FR;6;2021-10-19;0;0;0;0;0;0;0;0;0;0;0;0;0;0;0;0;0;0
FR;6;2021-10-20;0;0;0;0;0;0;0;0;0;0;0;0;0;0;0;0;0;0
FR;6;2021-10-21;0;0;0;0;0;0;0;0;0;0;0;0;0;0;0;0;0;0
FR;6;2021-10-22;0;0;0;0;0;0;0;0;0;0;0;0;0;0;0;0;0;0
FR;6;2021-10-23;0;0;0;0;0;0;0;0;0;0;0;0;0;0;0;0;0;0
FR;6;2021-10-24;0;0;0;0;0;0;0;0;0;0;0;0;0;0;0;0;0;0
FR;6;2021-10-25;0;0;0;0;0;0;0;0;0;0;0;0;0;0;0;0;0;0
FR;6;2021-10-26;0;0;0;0;0;0;0;0;0;0;0;0;0;0;0;0;0;0
FR;6;2021-10-27;0;0;0;0;0;0;0;0;0;0;0;0;0;0;0;0;0;0
FR;6;2021-10-28;0;0;0;0;0;0;0;0;0;0;0;0;0;0;0;0;0;0
FR;6;2021-10-29;0;0;0;0;0;0;0;0;0;0;0;0;0;0;0;0;0;0
FR;6;2021-10-30;0;0;0;0;0;0;0;0;0;0;0;0;0;0;0;0;0;0
FR;6;2021-10-31;0;0;0;0;0;0;0;0;0;0;0;0;0;0;0;0;0;0
FR;6;2021-11-01;0;0;0;0;0;0;0;0;0;0;0;0;0;0;0;0;0;0
FR;6;2021-11-02;0;0;0;0;0;0;0;0;0;0;0;0;0;0;0;0;0;0
FR;6;2021-11-03;0;0;0;0;0;0;0;0;0;0;0;0;0;0;0;0;0;0
FR;6;2021-11-04;0;0;0;0;0;0;0;0;0;0;0;0;0;0;0;0;0;0
FR;6;2021-11-05;0;0;0;0;0;0;0;0;0;0;0;0;0;0;0;0;0;0
FR;6;2021-11-06;0;0;0;0;0;0;0;0;0;0;0;0;0;0;0;0;0;0
FR;6;2021-11-07;0;0;0;0;0;0;0;0;0;0;0;0;0;0;0;0;0;0
FR;6;2021-11-08;0;0;0;0;0;0;0;0;0;0;0;0;0;0;0;0;0;0
FR;6;2021-11-09;0;0;0;0;0;0;0;0;0;0;0;0;0;0;0;0;0;0
FR;6;2021-11-10;0;0;0;0;0;0;0;0;0;0;0;0;0;0;0;0;0;0
FR;6;2021-11-11;0;0;0;0;0;0;0;0;0;0;0;0;0;0;0;0;0;0
FR;6;2021-11-12;0;0;0;0;0;0;0;0;0;0;0;0;0;0;0;0;0;0
FR;6;2021-11-13;0;0;0;0;0;0;0;0;0;0;0;0;0;0;0;0;0;0
FR;6;2021-11-14;0;0;0;0;0;0;0;0;0;0;0;0;0;0;0;0;0;0
FR;6;2021-11-15;0;0;0;0;0;0;0;0;0;0;0;0;0;0;0;0;0;0
FR;6;2021-11-16;0;0;0;0;0;0;0;0;0;0;0;0;0;0;0;0;0;0
FR;6;2021-11-17;0;0;0;0;0;0;0;0;0;0;0;0;0;0;0;0;0;0
FR;6;2021-11-18;0;0;0;0;0;0;0;0;0;0;0;0;0;0;0;0;0;0
FR;6;2021-11-19;0;0;0;0;0;0;0;0;0;0;0;0;0;0;0;0;0;0
FR;6;2021-11-20;0;0;0;0;0;0;0;0;0;0;0;0;0;0;0;0;0;0
FR;6;2021-11-21;0;0;0;0;0;0;0;0;0;0;0;0;0;0;0;0;0;0
FR;6;2021-11-22;0;0;0;0;0;0;0;0;0;0;0;0;0;0;0;0;0;0
FR;6;2021-11-23;0;0;0;0;0;0;0;0;0;0;0;0;0;0;0;0;0;0
FR;6;2021-11-24;0;0;0;0;0;0;0;0;0;0;0;0;0;0;0;0;0;0
FR;6;2021-11-25;0;0;0;0;0;0;0;0;0;0;0;0;0;0;0;0;0;0
FR;6;2021-11-26;0;0;0;0;0;0;0;0;0;0;0;0;0;0;0;0;0;0
FR;6;2021-11-27;0;0;0;0;0;0;0;0;0;0;0;0;0;0;0;0;0;0
FR;6;2021-11-28;0;0;0;0;0;0;0;0;0;0;0;0;0;0;0;0;0;0
FR;6;2021-11-29;0;0;0;0;0;0;0;0;0;0;0;0;0;0;0;0;0;0
FR;6;2021-11-30;0;0;0;0;0;0;0;0;0;0;0;0;0;0;0;0;0;0
FR;6;2021-12-01;0;0;0;0;0;0;0;0;0;0;0;0;0;0;0;0;0;0
FR;6;2021-12-02;0;0;0;0;0;0;0;0;0;0;0;0;0;0;0;0;0;0
FR;6;2021-12-03;0;0;0;0;0;0;0;0;0;0;0;0;0;0;0;0;0;0
FR;6;2021-12-04;0;0;0;0;0;0;0;0;0;0;0;0;0;0;0;0;0;0
FR;6;2021-12-05;0;0;0;0;0;0;0;0;0;0;0;0;0;0;0;0;0;0
FR;6;2021-12-06;0;0;0;0;0;0;0;0;0;0;0;0;0;0;0;0;0;0
FR;6;2021-12-07;0;0;0;0;0;0;0;0;0;0;0;0;0;0;0;0;0;0
FR;6;2021-12-08;0;0;0;0;0;0;0;0;0;0;0;0;0;0;0;0;0;0
FR;6;2021-12-09;0;0;0;0;0;0;0;0;0;0;0;0;0;0;0;0;0;0
FR;6;2021-12-10;0;0;0;0;0;0;0;0;0;0;0;0;0;0;0;0;0;0
FR;6;2021-12-11;0;0;0;0;0;0;0;0;0;0;0;0;0;0;0;0;0;0
FR;6;2021-12-12;0;0;0;0;0;0;0;0;0;0;0;0;0;0;0;0;0;0
FR;6;2021-12-13;0;0;0;0;0;0;0;0;0;0;0;0;0;0;0;0;0;0
FR;6;2021-12-14;0;0;0;0;0;0;0;0;0;0;0;0;0;0;0;0;0;0
FR;6;2021-12-15;0;0;0;0;0;0;0;0;0;0;0;0;0;0;0;0;0;0
FR;6;2021-12-16;0;0;0;0;0;0;0;0;0;0;0;0;0;0;0;0;0;0
FR;6;2021-12-17;0;0;0;0;0;0;0;0;0;0;0;0;0;0;0;0;0;0
FR;6;2021-12-18;0;0;0;0;0;0;0;0;0;0;0;0;0;0;0;0;0;0
FR;6;2021-12-19;0;0;0;0;0;0;0;0;0;0;0;0;0;0;0;0;0;0
FR;6;2021-12-20;0;0;0;0;0;0;0;0;0;0;0;0;0;0;0;0;0;0
FR;6;2021-12-21;0;0;0;0;0;0;0;0;0;0;0;0;0;0;0;0;0;0
FR;6;2021-12-22;0;0;0;0;0;0;0;0;0;0;0;0;0;0;0;0;0;0
FR;6;2021-12-23;0;0;0;0;0;0;0;0;0;0;0;0;0;0;0;0;0;0
FR;6;2021-12-24;0;0;0;0;0;0;0;0;0;0;0;0;0;0;0;0;0;0
FR;6;2021-12-25;0;0;0;0;0;0;0;0;0;0;0;0;0;0;0;0;0;0
FR;6;2021-12-26;0;0;0;0;0;0;0;0;0;0;0;0;0;0;0;0;0;0
FR;6;2021-12-27;0;0;0;0;0;0;0;0;0;0;0;0;0;0;0;0;0;0
FR;6;2021-12-28;0;0;0;0;0;0;0;0;0;0;0;0;0;0;0;0;0;0
FR;6;2021-12-29;0;0;0;0;0;0;0;0;0;0;0;0;0;0;0;0;0;0
FR;6;2021-12-30;0;0;0;0;0;0;0;0;0;0;0;0;0;0;0;0;0;0
FR;6;2021-12-31;0;0;0;0;0;0;0;0;0;0;0;0;0;0;0;0;0;0
FR;6;2022-01-01;0;0;0;0;0;0;0;0;0;0;0;0;0;0;0;0;0;0
FR;6;2022-01-02;0;0;0;0;0;0;0;0;0;0;0;0;0;0;0;0;0;0
FR;6;2022-01-03;0;0;0;0;0;0;0;0;0;0;0;0;0;0;0;0;0;0
FR;6;2022-01-04;0;0;0;0;0;0;0;0;0;0;0;0;0;0;0;0;0;0
FR;6;2022-01-05;0;0;0;0;0;0;0;0;0;0;0;0;0;0;0;0;0;0
FR;6;2022-01-06;0;0;0;0;0;0;0;0;0;0;0;0;0;0;0;0;0;0
FR;6;2022-01-07;0;0;0;0;0;0;0;0;0;0;0;0;0;0;0;0;0;0
FR;6;2022-01-08;0;0;0;0;0;0;0;0;0;0;0;0;0;0;0;0;0;0
FR;6;2022-01-09;0;0;0;0;0;0;0;0;0;0;0;0;0;0;0;0;0;0
FR;6;2022-01-10;0;0;0;0;0;0;0;0;0;0;0;0;0;0;0;0;0;0
FR;6;2022-01-11;0;0;0;0;0;0;0;0;0;0;0;0;0;0;0;0;0;0
FR;6;2022-01-12;0;0;0;0;0;0;0;0;0;0;0;0;0;0;0;0;0;0
FR;6;2022-01-13;0;0;0;0;0;0;0;0;0;0;0;0;0;0;0;0;0;0
FR;6;2022-01-14;0;0;0;0;0;0;0;0;0;0;0;0;0;0;0;0;0;0
FR;6;2022-01-15;0;0;0;0;0;0;0;0;0;0;0;0;0;0;0;0;0;0
FR;6;2022-01-16;0;0;0;0;0;0;0;0;0;0;0;0;0;0;0;0;0;0
FR;6;2022-01-17;0;0;0;0;0;0;0;0;0;0;0;0;0;0;0;0;0;0
FR;6;2022-01-18;0;0;0;0;0;0;0;0;0;0;0;0;0;0;0;0;0;0
FR;6;2022-01-19;0;0;0;0;0;0;0;0;0;0;0;0;0;0;0;0;0;0
FR;6;2022-01-20;0;0;0;0;0;0;0;0;0;0;0;0;0;0;0;0;0;0
FR;6;2022-01-21;0;0;0;0;0;0;0;0;0;0;0;0;0;0;0;0;0;0
FR;6;2022-01-22;0;0;0;0;0;0;0;0;0;0;0;0;0;0;0;0;0;0
FR;6;2022-01-23;0;0;0;0;0;0;0;0;0;0;0;0;0;0;0;0;0;0
FR;6;2022-01-24;0;0;0;0;0;0;0;0;0;0;0;0;0;0;0;0;0;0
FR;6;2022-01-25;0;0;0;0;0;0;0;0;0;0;0;0;0;0;0;0;0;0
FR;6;2022-01-26;0;0;0;0;0;0;0;0;0;0;0;0;0;0;0;0;0;0
FR;6;2022-01-27;0;0;0;0;0;0;0;0;0;0;0;0;0;0;0;0;0;0
FR;6;2022-01-28;0;0;0;0;0;0;0;0;0;0;0;0;0;0;0;0;0;0
FR;6;2022-01-29;0;0;0;0;0;0;0;0;0;0;0;0;0;0;0;0;0;0
FR;6;2022-01-30;0;0;0;0;0;0;0;0;0;0;0;0;0;0;0;0;0;0
FR;6;2022-01-31;0;0;0;0;0;0;0;0;0;0;0;0;0;0;0;0;0;0
FR;6;2022-02-01;0;0;0;0;0;0;0;0;0;0;0;0;0;0;0;0;0;0
FR;6;2022-02-02;0;0;0;0;0;0;0;0;0;0;0;0;0;0;0;0;0;0
FR;6;2022-02-03;0;0;0;0;0;0;0;0;0;0;0;0;0;0;0;0;0;0
FR;6;2022-02-04;0;0;0;0;0;0;0;0;0;0;0;0;0;0;0;0;0;0
FR;6;2022-02-05;0;0;0;0;0;0;0;0;0;0;0;0;0;0;0;0;0;0
FR;6;2022-02-06;0;0;0;0;0;0;0;0;0;0;0;0;0;0;0;0;0;0
FR;6;2022-02-07;0;0;0;0;0;0;0;0;0;0;0;0;0;0;0;0;0;0
FR;6;2022-02-08;0;0;0;0;0;0;0;0;0;0;0;0;0;0;0;0;0;0
FR;6;2022-02-09;0;0;0;0;0;0;0;0;0;0;0;0;0;0;0;0;0;0
FR;6;2022-02-10;0;0;0;0;0;0;0;0;0;0;0;0;0;0;0;0;0;0
FR;6;2022-02-11;0;0;0;0;0;0;0;0;0;0;0;0;0;0;0;0;0;0
FR;6;2022-02-12;0;0;0;0;0;0;0;0;0;0;0;0;0;0;0;0;0;0
FR;6;2022-02-13;0;0;0;0;0;0;0;0;0;0;0;0;0;0;0;0;0;0
FR;6;2022-02-14;0;0;0;0;0;0;0;0;0;0;0;0;0;0;0;0;0;0
FR;6;2022-02-15;0;0;0;0;0;0;0;0;0;0;0;0;0;0;0;0;0;0
FR;6;2022-02-16;0;0;0;0;0;0;0;0;0;0;0;0;0;0;0;0;0;0
FR;6;2022-02-17;0;0;0;0;0;0;0;0;0;0;0;0;0;0;0;0;0;0
FR;6;2022-02-18;0;0;0;0;0;0;0;0;0;0;0;0;0;0;0;0;0;0
FR;6;2022-02-19;0;0;0;0;0;0;0;0;0;0;0;0;0;0;0;0;0;0
FR;6;2022-02-20;0;0;0;0;0;0;0;0;0;0;0;0;0;0;0;0;0;0
FR;6;2022-02-21;0;0;0;0;0;0;0;0;0;0;0;0;0;0;0;0;0;0
FR;6;2022-02-22;0;0;0;0;0;0;0;0;0;0;0;0;0;0;0;0;0;0
FR;6;2022-02-23;0;0;0;0;0;0;0;0;0;0;0;0;0;0;0;0;0;0
FR;6;2022-02-24;0;0;0;0;0;0;0;0;0;0;0;0;0;0;0;0;0;0
FR;6;2022-02-25;0;0;0;0;0;0;0;0;0;0;0;0;0;0;0;0;0;0
FR;6;2022-02-26;1;0;0;0;0;0;0;0;0;1;0;0;0;0;0;0;0;0
FR;6;2022-02-27;0;0;0;0;0;0;0;0;0;1;0;0;0;0;0;0;0;0
FR;6;2022-02-28;0;0;0;0;0;0;0;0;0;1;0;0;0;0;0;0;0;0
FR;6;2022-03-01;3;0;0;0;0;0;0;0;0;4;0;0;0;0;0;0;0;0
FR;6;2022-03-02;97;9;2;0;15;7;0;0;0;101;9;2;0;15;7;0;0;0
FR;6;2022-03-03;0;0;0;0;0;0;0;0;0;101;9;2;0;15;7;0;0;0
FR;6;2022-03-04;92;4;0;0;8;4;0;0;0;193;13;2;0;23;11;0;0;0
FR;6;2022-03-05;391;23;2;0;60;14;0;0;0;584;36;4;0;83;25;0;0;0
FR;6;2022-03-06;7;1;0;0;2;0;0;0;0;591;37;4;0;85;25;0;0;0
FR;6;2022-03-07;337;19;0;0;51;13;0;0;0;928;56;4;0;136;38;0;0;0
FR;6;2022-03-08;230;14;0;0;47;5;0;0;0;1158;70;4;0;183;43;0;0;0
FR;6;2022-03-09;519;29;2;0;84;21;1;0;0;1677;99;6;0;267;64;1;0;0
FR;6;2022-03-10;206;19;0;1;54;12;1;0;0;1883;118;6;1;321;76;2;0;0
FR;6;2022-03-11;331;22;6;0;53;21;0;0;0;2214;140;12;1;374;97;2;0;0
FR;6;2022-03-12;518;25;1;0;83;20;0;0;0;2732;165;13;1;457;117;2;0;0
FR;6;2022-03-13;40;2;0;0;2;1;0;0;0;2772;167;13;1;459;118;2;0;0
FR;6;2022-03-14;201;4;2;0;39;3;1;0;0;2973;171;15;1;498;121;3;0;0
FR;6;2022-03-15;112;11;2;0;29;9;0;0;0;3085;182;17;1;527;130;3;0;0
FR;6;2022-03-16;310;17;2;1;49;15;1;0;0;3395;199;19;2;576;145;4;0;0
FR;6;2022-03-17;117;6;1;2;14;4;2;0;0;3512;205;20;4;590;149;6;0;0
FR;6;2022-03-18;215;10;0;0;40;6;0;0;0;3727;215;20;4;630;155;6;0;0
FR;6;2022-03-19;307;19;2;0;89;9;0;0;0;4034;234;22;4;719;164;6;0;0
FR;6;2022-03-20;15;5;0;0;5;1;0;0;0;4049;239;22;4;724;165;6;0;0
FR;6;2022-03-21;132;23;1;0;47;4;0;0;0;4181;262;23;4;771;169;6;0;0
FR;6;2022-03-22;97;15;0;0;34;4;0;0;0;4278;277;23;4;805;173;6;0;0
FR;6;2022-03-23;226;108;3;0;154;14;1;0;0;4504;385;26;4;959;187;7;0;0
FR;6;2022-03-24;100;15;1;3;32;4;3;0;0;4604;400;27;7;991;191;10;0;0
FR;6;2022-03-25;203;141;2;1;177;15;2;0;0;4807;541;29;8;1168;206;12;0;0
FR;6;2022-03-26;331;295;7;1;382;19;1;0;0;5138;836;36;9;1550;225;13;0;0
FR;6;2022-03-27;32;30;1;0;37;1;1;0;0;5170;866;37;9;1587;226;14;0;0
FR;6;2022-03-28;201;208;8;1;234;17;3;0;0;5371;1074;45;10;1821;243;17;0;0
FR;6;2022-03-29;124;189;12;2;206;12;9;0;0;5495;1263;57;12;2027;255;26;0;0
FR;6;2022-03-30;305;476;10;2;548;22;6;0;0;5800;1739;67;14;2575;277;32;0;0
FR;6;2022-03-31;123;140;10;0;160;14;5;0;0;5923;1879;77;14;2735;291;37;0;0
FR;6;2022-04-01;195;150;11;2;178;23;3;0;0;6118;2029;88;16;2913;314;40;0;0
FR;6;2022-04-02;206;241;9;1;280;13;8;0;0;6324;2270;97;17;3193;327;48;0;0
FR;6;2022-04-03;17;21;0;0;26;1;0;0;0;6341;2291;97;17;3219;328;48;0;0
FR;6;2022-04-04;137;114;6;1;131;9;5;0;0;6478;2405;103;18;3350;337;53;0;0
FR;6;2022-04-05;146;88;15;1;105;11;8;0;0;6624;2493;118;19;3455;348;61;0;0
FR;6;2022-04-06;204;245;22;26;291;27;33;0;0;6828;2738;140;45;3746;375;94;0;0
FR;6;2022-04-07;127;96;15;9;115;17;14;0;0;6955;2834;155;54;3861;392;108;0;0
FR;6;2022-04-08;199;171;16;3;214;17;9;0;1;7154;3005;171;57;4075;409;117;0;1
FR;6;2022-04-09;145;139;6;12;171;13;4;0;0;7299;3144;177;69;4246;422;121;0;1
FR;6;2022-04-10;10;20;3;0;25;1;3;0;0;7309;3164;180;69;4271;423;124;0;1
FR;6;2022-04-11;101;106;4;0;128;5;3;0;0;7410;3270;184;69;4399;428;127;0;1
FR;6;2022-04-12;136;75;5;8;114;10;10;0;0;7546;3345;189;77;4513;438;137;0;1
FR;6;2022-04-13;162;175;7;5;208;13;8;0;0;7708;3520;196;82;4721;451;145;0;1
FR;6;2022-04-14;100;103;5;10;121;8;10;0;0;7808;3623;201;92;4842;459;155;0;1
FR;6;2022-04-15;158;149;11;7;167;19;14;0;1;7966;3772;212;99;5009;478;169;0;2
FR;6;2022-04-16;127;132;5;0;162;14;2;0;0;8093;3904;217;99;5171;492;171;0;2
FR;6;2022-04-17;8;9;4;0;10;4;0;0;0;8101;3913;221;99;5181;496;171;0;2
FR;6;2022-04-18;8;15;3;0;15;4;0;0;0;8109;3928;224;99;5196;500;171;0;2
FR;6;2022-04-19;97;112;4;3;130;3;7;0;0;8206;4040;228;102;5326;503;178;0;2
FR;6;2022-04-20;178;227;8;7;269;15;3;0;0;8384;4267;236;109;5595;518;181;0;2
FR;6;2022-04-21;111;93;8;4;110;11;7;0;0;8495;4360;244;113;5705;529;188;0;2
FR;6;2022-04-22;138;160;13;12;190;13;13;0;0;8633;4520;257;125;5895;542;201;0;2
FR;6;2022-04-23;106;129;1;1;161;7;1;0;0;8739;4649;258;126;6056;549;202;0;2
FR;6;2022-04-24;5;21;1;0;22;0;1;0;0;8744;4670;259;126;6078;549;203;0;2
FR;6;2022-04-25;91;128;3;8;151;11;9;0;0;8835;4798;262;134;6229;560;212;0;2
FR;6;2022-04-26;101;128;19;2;151;17;13;0;0;8936;4926;281;136;6380;577;225;0;2
FR;6;2022-04-27;197;159;21;1;222;27;11;0;1;9133;5085;302;137;6602;604;236;0;3
FR;6;2022-04-28;109;87;7;1;123;8;7;0;0;9242;5172;309;138;6725;612;243;0;3
FR;6;2022-04-29;191;169;16;2;215;20;6;0;0;9433;5341;325;140;6940;632;249;0;3
FR;6;2022-04-30;133;125;7;1;168;24;2;0;0;9566;5466;332;141;7108;656;251;0;3
FR;6;2022-05-01;7;6;0;0;8;0;0;0;0;9573;5472;332;141;7116;656;251;0;3
FR;6;2022-05-02;94;65;3;4;88;3;4;0;0;9667;5537;335;145;7204;659;255;0;3
FR;6;2022-05-03;136;93;11;2;125;7;9;0;0;9803;5630;346;147;7329;666;264;0;3
FR;6;2022-05-04;167;118;25;12;161;29;12;0;1;9970;5748;371;159;7490;695;276;0;4
FR;6;2022-05-05;101;70;8;3;96;12;6;0;0;10071;5818;379;162;7586;707;282;0;4
FR;6;2022-05-06;152;110;10;9;155;16;11;0;0;10223;5928;389;171;7741;723;293;0;4
FR;6;2022-05-07;139;93;13;3;136;23;8;0;0;10362;6021;402;174;7877;746;301;0;4
FR;6;2022-05-08;20;8;6;5;16;7;5;0;0;10382;6029;408;179;7893;753;306;0;4
FR;6;2022-05-09;86;78;9;7;95;13;6;0;0;10468;6107;417;186;7988;766;312;0;4
FR;6;2022-05-10;112;80;15;7;110;12;13;0;0;10580;6187;432;193;8098;778;325;0;4
FR;6;2022-05-11;130;124;11;14;163;20;6;0;0;10710;6311;443;207;8261;798;331;0;4
FR;6;2022-05-12;105;76;7;5;96;15;6;0;1;10815;6387;450;212;8357;813;337;0;5
FR;6;2022-05-13;155;97;17;21;137;22;16;0;0;10970;6484;467;233;8494;835;353;0;5
FR;6;2022-05-14;81;60;6;7;84;15;2;0;0;11051;6544;473;240;8578;850;355;0;5
FR;6;2022-05-15;12;7;0;0;14;0;0;0;0;11063;6551;473;240;8592;850;355;0;5
FR;6;2022-05-16;65;54;6;2;69;12;3;0;0;11128;6605;479;242;8661;862;358;0;5
FR;6;2022-05-17;123;77;5;7;92;11;8;0;0;11251;6682;484;249;8753;873;366;0;5
FR;6;2022-05-18;131;116;5;1;159;13;3;0;0;11382;6798;489;250;8912;886;369;0;5
FR;6;2022-05-19;124;57;6;8;96;9;8;0;0;11506;6855;495;258;9008;895;377;0;5
FR;6;2022-05-20;125;115;13;3;151;18;10;0;0;11631;6970;508;261;9159;913;387;0;5
FR;6;2022-05-21;92;69;14;3;93;12;8;0;0;11723;7039;522;264;9252;925;395;0;5
FR;6;2022-05-22;19;12;5;0;21;4;1;0;0;11742;7051;527;264;9273;929;396;0;5
FR;6;2022-05-23;77;72;4;2;90;7;2;0;0;11819;7123;531;266;9363;936;398;0;5
FR;6;2022-05-24;117;98;8;2;132;16;4;0;0;11936;7221;539;268;9495;952;402;0;5
FR;6;2022-05-25;139;129;6;3;170;11;6;0;0;12075;7350;545;271;9665;963;408;0;5
FR;6;2022-05-26;7;9;3;0;5;9;0;0;0;12082;7359;548;271;9670;972;408;0;5
FR;6;2022-05-27;127;105;15;11;136;18;18;0;1;12209;7464;563;282;9806;990;426;0;6
FR;6;2022-05-28;54;75;1;5;89;8;5;0;0;12263;7539;564;287;9895;998;431;0;6
FR;6;2022-05-29;8;10;0;0;10;1;0;0;0;12271;7549;564;287;9905;999;431;0;6
FR;6;2022-05-30;70;70;7;4;86;4;9;0;0;12341;7619;571;291;9991;1003;440;0;6
FR;6;2022-05-31;87;102;10;2;121;14;7;0;0;12428;7721;581;293;10112;1017;447;0;6
FR;6;2022-06-01;97;89;10;1;111;11;6;0;0;12525;7810;591;294;10223;1028;453;0;6
FR;6;2022-06-02;91;60;6;3;80;9;6;0;0;12616;7870;597;297;10303;1037;459;0;6
FR;6;2022-06-03;126;102;13;7;129;21;8;0;0;12742;7972;610;304;10432;1058;467;0;6
FR;6;2022-06-04;63;51;10;0;64;12;3;0;0;12805;8023;620;304;10496;1070;470;0;6
FR;6;2022-06-05;16;15;2;1;18;4;1;0;0;12821;8038;622;305;10514;1074;471;0;6
FR;6;2022-06-06;9;6;0;0;8;0;0;0;0;12830;8044;622;305;10522;1074;471;0;6
FR;6;2022-06-07;79;90;3;4;117;8;6;0;0;12909;8134;625;309;10639;1082;477;0;6
FR;6;2022-06-08;92;110;13;5;130;20;6;0;0;13001;8244;638;314;10769;1102;483;0;6
FR;6;2022-06-09;75;81;15;3;106;15;8;0;0;13076;8325;653;317;10875;1117;491;0;6
FR;6;2022-06-10;116;93;26;10;121;22;13;0;0;13192;8418;679;327;10996;1139;504;0;6
FR;6;2022-06-11;83;62;6;10;82;12;11;0;0;13275;8480;685;337;11078;1151;515;0;6
FR;6;2022-06-12;6;14;1;0;16;2;0;0;0;13281;8494;686;337;11094;1153;515;0;6
FR;6;2022-06-13;74;59;18;1;68;7;4;0;0;13355;8553;704;338;11162;1160;519;0;6
FR;6;2022-06-14;98;100;8;5;116;16;8;0;0;13453;8653;712;343;11278;1176;527;0;6
FR;6;2022-06-15;80;86;7;8;114;15;10;0;0;13533;8739;719;351;11392;1191;537;0;6
FR;6;2022-06-16;53;40;11;7;45;14;6;0;0;13586;8779;730;358;11437;1205;543;0;6
FR;6;2022-06-17;86;85;3;13;109;11;5;0;0;13672;8864;733;371;11546;1216;548;0;6
FR;6;2022-06-18;71;62;13;0;87;21;1;0;0;13743;8926;746;371;11633;1237;549;0;6
FR;6;2022-06-19;6;6;3;0;7;4;1;0;0;13749;8932;749;371;11640;1241;550;0;6
FR;6;2022-06-20;42;41;4;1;55;6;1;0;0;13791;8973;753;372;11695;1247;551;0;6
FR;6;2022-06-21;59;73;10;7;82;17;7;0;0;13850;9046;763;379;11777;1264;558;0;6
FR;6;2022-06-22;86;85;8;2;98;17;3;0;0;13936;9131;771;381;11875;1281;561;0;6
FR;6;2022-06-23;64;39;13;7;41;15;10;0;0;14000;9170;784;388;11916;1296;571;0;6
FR;6;2022-06-24;77;85;7;14;95;20;16;0;0;14077;9255;791;402;12011;1316;587;0;6
FR;6;2022-06-25;67;61;4;3;77;8;5;0;0;14144;9316;795;405;12088;1324;592;0;6
FR;6;2022-06-26;6;7;1;0;10;1;0;0;0;14150;9323;796;405;12098;1325;592;0;6
FR;6;2022-06-27;51;50;4;9;62;12;7;0;0;14201;9373;800;414;12160;1337;599;0;6
FR;6;2022-06-28;68;47;6;3;53;15;5;0;0;14269;9420;806;417;12213;1352;604;0;6
FR;6;2022-06-29;98;117;26;37;115;19;35;0;5;14367;9537;832;454;12328;1371;639;0;11
FR;6;2022-06-30;84;60;33;10;61;12;7;0;0;14451;9597;865;464;12389;1383;646;0;11
FR;6;2022-07-01;115;94;25;33;102;18;27;0;1;14566;9691;890;497;12491;1401;673;0;12
FR;6;2022-07-02;58;67;26;2;64;37;6;0;0;14624;9758;916;499;12555;1438;679;0;12
FR;6;2022-07-03;11;4;4;3;5;4;3;0;0;14635;9762;920;502;12560;1442;682;0;12
FR;6;2022-07-04;61;43;3;23;55;13;20;0;0;14696;9805;923;525;12615;1455;702;0;12
FR;6;2022-07-05;65;53;19;67;60;27;63;0;0;14761;9858;942;592;12675;1482;765;0;12
FR;6;2022-07-06;94;64;7;11;77;12;17;0;0;14855;9922;949;603;12752;1494;782;0;12
FR;6;2022-07-07;99;79;42;37;99;14;34;0;4;14954;10001;991;640;12851;1508;816;0;16
FR;6;2022-07-08;139;87;42;27;116;10;25;0;3;15093;10088;1033;667;12967;1518;841;0;19
FR;6;2022-07-09;53;51;16;29;51;27;33;0;1;15146;10139;1049;696;13018;1545;874;0;20
FR;6;2022-07-10;3;7;8;0;9;9;0;0;0;15149;10146;1057;696;13027;1554;874;0;20
FR;6;2022-07-11;54;44;5;4;47;12;4;0;0;15203;10190;1062;700;13074;1566;878;0;20
FR;6;2022-07-12;70;72;12;23;87;12;27;0;0;15273;10262;1074;723;13161;1578;905;0;20
FR;6;2022-07-13;84;65;14;21;71;25;22;0;0;15357;10327;1088;744;13232;1603;927;0;20
FR;6;2022-07-14;4;3;1;0;4;1;0;0;0;15361;10330;1089;744;13236;1604;927;0;20
FR;6;2022-07-15;74;59;9;57;85;16;45;0;0;15435;10389;1098;801;13321;1620;972;0;20
FR;6;2022-07-16;27;31;17;0;37;17;3;0;0;15462;10420;1115;801;13358;1637;975;0;20
FR;6;2022-07-17;3;7;0;0;8;0;0;0;0;15465;10427;1115;801;13366;1637;975;0;20
FR;6;2022-07-18;37;62;11;14;60;15;14;0;6;15502;10489;1126;815;13426;1652;989;0;26
FR;6;2022-07-19;54;48;4;19;60;6;21;0;1;15556;10537;1130;834;13486;1658;1010;0;27
FR;6;2022-07-20;53;70;7;22;75;11;27;0;0;15609;10607;1137;856;13561;1669;1037;0;27
FR;6;2022-07-21;51;61;4;7;56;11;9;0;0;15660;10668;1141;863;13617;1680;1046;0;27
FR;6;2022-07-22;55;74;7;26;82;8;16;0;2;15715;10742;1148;889;13699;1688;1062;0;29
FR;6;2022-07-23;38;40;6;10;40;6;9;0;1;15753;10782;1154;899;13739;1694;1071;0;30
FR;6;2022-07-24;11;14;1;3;19;3;3;0;0;15764;10796;1155;902;13758;1697;1074;0;30
FR;6;2022-07-25;60;44;8;12;41;9;13;0;1;15824;10840;1163;914;13799;1706;1087;0;31
FR;6;2022-07-26;47;64;14;6;62;10;13;0;0;15871;10904;1177;920;13861;1716;1100;0;31
FR;6;2022-07-27;54;78;15;11;81;17;15;0;8;15925;10982;1192;931;13942;1733;1115;0;39
FR;6;2022-07-28;30;48;4;6;50;8;7;0;1;15955;11030;1196;937;13992;1741;1122;0;40
FR;6;2022-07-29;43;71;10;38;60;24;36;0;1;15998;11101;1206;975;14052;1765;1158;0;41
FR;6;2022-07-30;26;48;4;15;49;7;15;0;0;16024;11149;1210;990;14101;1772;1173;0;41
FR;6;2022-07-31;0;1;1;0;1;0;1;0;0;16024;11150;1211;990;14102;1772;1174;0;41
FR;6;2022-08-01;39;36;14;8;32;10;6;0;1;16063;11186;1225;998;14134;1782;1180;0;42
FR;6;2022-08-02;37;46;10;14;52;6;16;0;0;16100;11232;1235;1012;14186;1788;1196;0;42
FR;6;2022-08-03;29;52;7;16;53;11;19;0;0;16129;11284;1242;1028;14239;1799;1215;0;42
FR;6;2022-08-04;25;21;4;9;20;6;10;0;1;16154;11305;1246;1037;14259;1805;1225;0;43
FR;6;2022-08-05;43;45;1;7;53;5;7;0;0;16197;11350;1247;1044;14312;1810;1232;0;43
FR;6;2022-08-06;17;27;1;3;33;2;4;0;0;16214;11377;1248;1047;14345;1812;1236;0;43
FR;6;2022-08-07;1;2;0;0;2;0;0;0;0;16215;11379;1248;1047;14347;1812;1236;0;43
FR;6;2022-08-08;24;33;1;0;40;1;0;0;0;16239;11412;1249;1047;14387;1813;1236;0;43
FR;6;2022-08-09;22;30;6;3;29;3;3;0;0;16261;11442;1255;1050;14416;1816;1239;0;43
FR;6;2022-08-10;32;36;5;9;38;5;9;0;5;16293;11478;1260;1059;14454;1821;1248;0;48
FR;6;2022-08-11;33;33;1;1;40;1;0;0;1;16326;11511;1261;1060;14494;1822;1248;0;49
FR;6;2022-08-12;50;44;6;2;50;15;3;0;1;16376;11555;1267;1062;14544;1837;1251;0;50
FR;6;2022-08-13;9;20;0;0;22;1;0;0;0;16385;11575;1267;1062;14566;1838;1251;0;50
FR;6;2022-08-14;3;1;0;0;2;0;0;0;0;16388;11576;1267;1062;14568;1838;1251;0;50
FR;6;2022-08-15;2;3;1;0;4;0;1;0;0;16390;11579;1268;1062;14572;1838;1252;0;50
FR;6;2022-08-16;35;66;21;7;66;7;2;0;0;16425;11645;1289;1069;14638;1845;1254;0;50
FR;6;2022-08-17;32;44;10;9;41;10;6;0;7;16457;11689;1299;1078;14679;1855;1260;0;57
FR;6;2022-08-18;29;55;14;4;61;4;0;0;1;16486;11744;1313;1082;14740;1859;1260;0;58
FR;6;2022-08-19;30;45;5;4;47;3;2;0;1;16516;11789;1318;1086;14787;1862;1262;0;59
FR;6;2022-08-20;26;29;3;0;29;8;1;0;0;16542;11818;1321;1086;14816;1870;1263;0;59
FR;6;2022-08-21;1;5;2;0;5;0;0;0;0;16543;11823;1323;1086;14821;1870;1263;0;59
FR;6;2022-08-22;20;42;15;1;45;0;0;0;0;16563;11865;1338;1087;14866;1870;1263;0;59
FR;6;2022-08-23;34;45;6;7;48;6;4;0;2;16597;11910;1344;1094;14914;1876;1267;0;61
FR;6;2022-08-24;34;30;6;3;36;6;2;0;3;16631;11940;1350;1097;14950;1882;1269;0;64
FR;6;2022-08-25;25;27;1;1;29;5;1;0;0;16656;11967;1351;1098;14979;1887;1270;0;64
FR;6;2022-08-26;38;44;4;4;51;7;7;0;0;16694;12011;1355;1102;15030;1894;1277;0;64
FR;6;2022-08-27;19;21;7;3;22;8;4;0;0;16713;12032;1362;1105;15052;1902;1281;0;64
FR;6;2022-08-28;6;3;0;6;3;1;1;0;4;16719;12035;1362;1111;15055;1903;1282;0;68
FR;6;2022-08-29;26;22;2;6;29;3;6;0;0;16745;12057;1364;1117;15084;1906;1288;0;68
FR;6;2022-08-30;28;35;4;12;33;8;13;0;0;16773;12092;1368;1129;15117;1914;1301;0;68
FR;6;2022-08-31;35;38;2;11;46;3;12;0;0;16808;12130;1370;1140;15163;1917;1313;0;68
FR;6;2022-09-01;16;11;5;1;12;4;3;0;0;16824;12141;1375;1141;15175;1921;1316;0;68
FR;6;2022-09-02;19;14;2;1;13;3;2;0;0;16843;12155;1377;1142;15188;1924;1318;0;68
FR;6;2022-09-03;10;3;1;5;4;2;5;0;0;16853;12158;1378;1147;15192;1926;1323;0;68
FR;6;2022-09-04;4;1;0;0;1;0;0;0;0;16857;12159;1378;1147;15193;1926;1323;0;68
FR;6;2022-09-05;8;7;0;0;10;0;0;0;0;16865;12166;1378;1147;15203;1926;1323;0;68
FR;6;2022-09-06;7;9;7;12;8;6;15;0;0;16872;12175;1385;1159;15211;1932;1338;0;68
FR;6;2022-09-07;3;8;1;0;8;1;0;0;0;16875;12183;1386;1159;15219;1933;1338;0;68
FR;6;2022-09-08;6;4;0;2;3;1;2;0;0;16881;12187;1386;1161;15222;1934;1340;0;68
FR;6;2022-09-09;7;9;2;7;9;3;8;0;0;16888;12196;1388;1168;15231;1937;1348;0;68
FR;6;2022-09-10;3;4;1;0;3;1;1;0;0;16891;12200;1389;1168;15234;1938;1349;0;68
FR;6;2022-09-11;1;3;0;0;3;0;0;0;0;16892;12203;1389;1168;15237;1938;1349;0;68
FR;6;2022-09-12;10;4;1;0;3;3;0;0;0;16902;12207;1390;1168;15240;1941;1349;0;68
FR;6;2022-09-13;7;2;3;0;2;2;2;0;0;16909;12209;1393;1168;15242;1943;1351;0;68
FR;6;2022-09-14;9;8;2;0;7;4;0;0;0;16918;12217;1395;1168;15249;1947;1351;0;68
FR;6;2022-09-15;8;13;5;5;9;9;3;0;2;16926;12230;1400;1173;15258;1956;1354;0;70
FR;6;2022-09-16;25;39;1;1;46;4;1;0;2;16951;12269;1401;1174;15304;1960;1355;0;72
FR;6;2022-09-17;24;22;0;6;24;5;3;0;2;16975;12291;1401;1180;15328;1965;1358;0;74
FR;6;2022-09-18;5;4;0;0;4;1;0;0;0;16980;12295;1401;1180;15332;1966;1358;0;74
FR;6;2022-09-19;30;30;2;1;31;5;1;0;0;17010;12325;1403;1181;15363;1971;1359;0;74
FR;6;2022-09-20;34;25;1;4;29;6;2;0;1;17044;12350;1404;1185;15392;1977;1361;0;75
FR;6;2022-09-21;21;9;3;3;7;7;5;0;3;17065;12359;1407;1188;15399;1984;1366;0;78
FR;6;2022-09-22;19;28;1;22;32;3;21;0;1;17084;12387;1408;1210;15431;1987;1387;0;79
FR;6;2022-09-23;28;41;5;9;47;9;2;0;0;17112;12428;1413;1219;15478;1996;1389;0;79
FR;6;2022-09-24;16;16;4;2;21;6;2;0;0;17128;12444;1417;1221;15499;2002;1391;0;79
FR;6;2022-09-25;3;14;0;0;14;1;0;0;0;17131;12458;1417;1221;15513;2003;1391;0;79
FR;6;2022-09-26;16;13;0;18;12;5;18;0;2;17147;12471;1417;1239;15525;2008;1409;0;81
FR;6;2022-09-27;32;19;2;3;23;4;4;0;0;17179;12490;1419;1242;15548;2012;1413;0;81
FR;6;2022-09-28;27;10;9;11;16;5;17;0;2;17206;12500;1428;1253;15564;2017;1430;0;83
FR;6;2022-09-29;13;13;10;34;16;6;33;0;7;17219;12513;1438;1287;15580;2023;1463;0;90
FR;6;2022-09-30;34;24;5;6;33;5;3;0;0;17253;12537;1443;1293;15613;2028;1466;0;90
FR;6;2022-10-01;17;12;5;8;9;8;8;0;2;17270;12549;1448;1301;15622;2036;1474;0;92
FR;6;2022-10-02;3;0;0;0;1;0;0;0;0;17273;12549;1448;1301;15623;2036;1474;0;92
FR;6;2022-10-03;11;10;3;5;11;4;6;0;0;17284;12559;1451;1306;15634;2040;1480;0;92
FR;6;2022-10-04;19;17;4;28;21;3;30;0;3;17303;12576;1455;1334;15655;2043;1510;0;95
FR;6;2022-10-05;11;12;3;2;9;7;4;0;0;17314;12588;1458;1336;15664;2050;1514;0;95
FR;6;2022-10-06;19;13;4;6;17;2;10;0;0;17333;12601;1462;1342;15681;2052;1524;0;95
FR;6;2022-10-07;27;26;5;24;25;10;16;0;5;17360;12627;1467;1366;15706;2062;1540;0;100
FR;6;2022-10-08;18;13;0;0;16;0;0;0;0;17378;12640;1467;1366;15722;2062;1540;0;100
FR;6;2022-10-09;7;3;4;27;3;4;30;0;6;17385;12643;1471;1393;15725;2066;1570;0;106
FR;6;2022-10-10;15;14;1;16;16;6;13;0;0;17400;12657;1472;1409;15741;2072;1583;0;106
FR;6;2022-10-11;21;23;3;11;21;8;13;0;3;17421;12680;1475;1420;15762;2080;1596;0;109
FR;6;2022-10-12;20;16;7;19;18;3;24;0;7;17441;12696;1482;1439;15780;2083;1620;0;116
FR;6;2022-10-13;28;15;2;36;23;0;38;0;6;17469;12711;1484;1475;15803;2083;1658;0;122
FR;6;2022-10-14;29;23;5;49;23;11;45;0;13;17498;12734;1489;1524;15826;2094;1703;0;135
FR;6;2022-10-15;13;9;0;22;8;4;21;0;6;17511;12743;1489;1546;15834;2098;1724;0;141
FR;6;2022-10-16;4;5;0;6;2;3;6;0;0;17515;12748;1489;1552;15836;2101;1730;0;141
FR;6;2022-10-17;14;14;2;10;14;1;12;0;2;17529;12762;1491;1562;15850;2102;1742;0;143
FR;6;2022-10-18;12;19;9;26;19;4;18;0;11;17541;12781;1500;1588;15869;2106;1760;0;154
FR;6;2022-10-19;10;20;6;16;20;5;19;0;5;17551;12801;1506;1604;15889;2111;1779;0;159
FR;6;2022-10-20;16;15;12;57;18;5;67;0;13;17567;12816;1518;1661;15907;2116;1846;0;172
FR;6;2022-10-21;16;21;9;34;22;11;37;0;10;17583;12837;1527;1695;15929;2127;1883;0;182
FR;6;2022-10-22;19;14;1;4;17;3;4;0;0;17602;12851;1528;1699;15946;2130;1887;0;182
FR;6;2022-10-23;3;2;1;0;3;0;1;0;0;17605;12853;1529;1699;15949;2130;1888;0;182
FR;6;2022-10-24;12;14;2;7;14;6;5;0;2;17617;12867;1531;1706;15963;2136;1893;0;184
FR;6;2022-10-25;20;13;6;17;16;7;19;0;4;17637;12880;1537;1723;15979;2143;1912;0;188
FR;6;2022-10-26;17;9;4;13;12;4;15;0;5;17654;12889;1541;1736;15991;2147;1927;0;193
FR;6;2022-10-27;20;7;8;37;10;6;36;0;14;17674;12896;1549;1773;16001;2153;1963;0;207
FR;6;2022-10-28;21;27;3;4;28;6;5;0;1;17695;12923;1552;1777;16029;2159;1968;0;208
FR;6;2022-10-29;7;11;5;11;10;6;14;0;12;17702;12934;1557;1788;16039;2165;1982;0;220
FR;6;2022-10-30;2;5;0;0;5;0;0;0;0;17704;12939;1557;1788;16044;2165;1982;0;220
FR;6;2022-10-31;20;14;2;13;17;4;12;0;3;17724;12953;1559;1801;16061;2169;1994;0;223
FR;6;2022-11-01;2;1;1;0;1;1;0;0;0;17726;12954;1560;1801;16062;2170;1994;0;223
FR;6;2022-11-02;15;25;9;21;26;11;19;0;12;17741;12979;1569;1822;16088;2181;2013;0;235
FR;6;2022-11-03;17;17;11;39;20;8;43;0;9;17758;12996;1580;1861;16108;2189;2056;0;244
FR;6;2022-11-04;19;22;9;16;27;5;16;0;10;17777;13018;1589;1877;16135;2194;2072;0;254
FR;6;2022-11-05;9;16;2;4;17;4;6;0;0;17786;13034;1591;1881;16152;2198;2078;0;254
FR;6;2022-11-06;5;1;0;0;1;0;0;0;0;17791;13035;1591;1881;16153;2198;2078;0;254
FR;6;2022-11-07;18;10;6;17;12;4;18;0;11;17809;13045;1597;1898;16165;2202;2096;0;265
FR;6;2022-11-08;18;10;2;3;8;5;5;0;4;17827;13055;1599;1901;16173;2207;2101;0;269
FR;6;2022-11-09;16;22;1;6;21;4;5;0;4;17843;13077;1600;1907;16194;2211;2106;0;273
FR;6;2022-11-10;10;10;4;12;8;5;11;0;10;17853;13087;1604;1919;16202;2216;2117;0;283
FR;6;2022-11-11;3;1;0;0;1;1;0;0;0;17856;13088;1604;1919;16203;2217;2117;0;283
FR;6;2022-11-12;4;11;1;7;11;2;5;0;9;17860;13099;1605;1926;16214;2219;2122;0;292
FR;6;2022-11-13;1;1;0;1;1;0;1;0;0;17861;13100;1605;1927;16215;2219;2123;0;292
FR;6;2022-11-14;13;10;7;32;14;8;33;0;14;17874;13110;1612;1959;16229;2227;2156;0;306
FR;6;2022-11-15;7;18;1;11;16;4;7;0;1;17881;13128;1613;1970;16245;2231;2163;0;307
FR;6;2022-11-16;16;15;9;32;17;3;42;0;9;17897;13143;1622;2002;16262;2234;2205;0;316
FR;6;2022-11-17;10;8;1;29;8;2;28;0;5;17907;13151;1623;2031;16270;2236;2233;0;321
FR;6;2022-11-18;20;12;5;23;16;4;25;0;7;17927;13163;1628;2054;16286;2240;2258;0;328
FR;6;2022-11-19;5;13;0;2;11;3;2;0;1;17932;13176;1628;2056;16297;2243;2260;0;329
FR;6;2022-11-20;2;1;2;0;1;2;0;0;0;17934;13177;1630;2056;16298;2245;2260;0;329
FR;6;2022-11-21;22;13;1;14;14;6;11;0;3;17956;13190;1631;2070;16312;2251;2271;0;332
FR;6;2022-11-22;14;9;0;4;11;1;3;0;1;17970;13199;1631;2074;16323;2252;2274;0;333
FR;6;2022-11-23;14;15;15;23;17;9;31;0;8;17984;13214;1646;2097;16340;2261;2305;0;341
FR;6;2022-11-24;14;17;1;11;19;5;10;0;7;17998;13231;1647;2108;16359;2266;2315;0;348
FR;6;2022-11-25;23;15;5;50;15;5;47;0;5;18021;13246;1652;2158;16374;2271;2362;0;353
FR;6;2022-11-26;9;5;2;4;3;2;5;0;1;18030;13251;1654;2162;16377;2273;2367;0;354
FR;6;2022-11-27;1;4;0;0;4;0;0;0;0;18031;13255;1654;2162;16381;2273;2367;0;354
FR;6;2022-11-28;9;11;6;22;11;3;24;0;11;18040;13266;1660;2184;16392;2276;2391;0;365
FR;6;2022-11-29;15;10;1;12;14;1;8;0;7;18055;13276;1661;2196;16406;2277;2399;0;372
FR;6;2022-11-30;18;20;8;23;19;12;22;0;8;18073;13296;1669;2219;16425;2289;2421;0;380
FR;6;2022-12-01;12;8;7;20;10;4;24;0;9;18085;13304;1676;2239;16435;2293;2445;0;389
FR;6;2022-12-02;16;9;12;36;12;8;42;0;1;18101;13313;1688;2275;16447;2301;2487;0;390
FR;6;2022-12-03;12;3;13;20;6;5;28;0;13;18113;13316;1701;2295;16453;2306;2515;0;403
FR;6;2022-12-04;3;1;0;2;1;0;2;0;0;18116;13317;1701;2297;16454;2306;2517;0;403
FR;6;2022-12-05;11;10;7;16;11;4;19;0;8;18127;13327;1708;2313;16465;2310;2536;0;411
FR;6;2022-12-06;10;19;3;30;12;11;28;0;3;18137;13346;1711;2343;16477;2321;2564;0;414
FR;6;2022-12-07;17;8;10;56;10;8;57;0;30;18154;13354;1721;2399;16487;2329;2621;0;444
FR;6;2022-12-08;9;13;8;18;11;7;21;0;12;18163;13367;1729;2417;16498;2336;2642;0;456
FR;6;2022-12-09;15;9;5;29;12;4;30;0;6;18178;13376;1734;2446;16510;2340;2672;0;462
FR;6;2022-12-10;12;9;6;9;7;4;14;0;7;18190;13385;1740;2455;16517;2344;2686;0;469
FR;6;2022-12-11;4;2;1;0;2;1;0;0;0;18194;13387;1741;2455;16519;2345;2686;0;469
FR;6;2022-12-12;16;10;8;36;14;9;33;0;17;18210;13397;1749;2491;16533;2354;2719;0;486
FR;6;2022-12-13;17;21;11;58;16;17;57;0;12;18227;13418;1760;2549;16549;2371;2776;0;498
FR;6;2022-12-14;14;13;8;53;10;12;53;0;14;18241;13431;1768;2602;16559;2383;2829;0;512
FR;6;2022-12-15;12;15;14;38;13;9;44;0;8;18253;13446;1782;2640;16572;2392;2873;0;520
FR;6;2022-12-16;18;14;15;35;15;14;37;0;9;18271;13460;1797;2675;16587;2406;2910;0;529
FR;6;2022-12-17;11;10;15;28;8;15;29;0;8;18282;13470;1812;2703;16595;2421;2939;0;537
FR;6;2022-12-18;7;4;0;2;5;0;2;0;0;18289;13474;1812;2705;16600;2421;2941;0;537
FR;6;2022-12-19;12;8;8;29;8;11;29;0;15;18301;13482;1820;2734;16608;2432;2970;0;552
FR;8;2020-12-27;0;0;0;0;0;0;0;0;0;0;0;0;0;0;0;0;0;0
FR;8;2020-12-28;0;0;0;0;0;0;0;0;0;0;0;0;0;0;0;0;0;0
FR;8;2020-12-29;0;0;0;0;0;0;0;0;0;0;0;0;0;0;0;0;0;0
FR;8;2020-12-30;0;0;0;0;0;0;0;0;0;0;0;0;0;0;0;0;0;0
FR;8;2020-12-31;0;0;0;0;0;0;0;0;0;0;0;0;0;0;0;0;0;0
FR;8;2021-01-01;0;0;0;0;0;0;0;0;0;0;0;0;0;0;0;0;0;0
FR;8;2021-01-02;0;0;0;0;0;0;0;0;0;0;0;0;0;0;0;0;0;0
FR;8;2021-01-03;0;0;0;0;0;0;0;0;0;0;0;0;0;0;0;0;0;0
FR;8;2021-01-04;0;0;0;0;0;0;0;0;0;0;0;0;0;0;0;0;0;0
FR;8;2021-01-05;0;0;0;0;0;0;0;0;0;0;0;0;0;0;0;0;0;0
FR;8;2021-01-06;0;0;0;0;0;0;0;0;0;0;0;0;0;0;0;0;0;0
FR;8;2021-01-07;0;0;0;0;0;0;0;0;0;0;0;0;0;0;0;0;0;0
FR;8;2021-01-08;0;0;0;0;0;0;0;0;0;0;0;0;0;0;0;0;0;0
FR;8;2021-01-09;0;0;0;0;0;0;0;0;0;0;0;0;0;0;0;0;0;0
FR;8;2021-01-10;0;0;0;0;0;0;0;0;0;0;0;0;0;0;0;0;0;0
FR;8;2021-01-11;0;0;0;0;0;0;0;0;0;0;0;0;0;0;0;0;0;0
FR;8;2021-01-12;0;0;0;0;0;0;0;0;0;0;0;0;0;0;0;0;0;0
FR;8;2021-01-13;0;0;0;0;0;0;0;0;0;0;0;0;0;0;0;0;0;0
FR;8;2021-01-14;0;0;0;0;0;0;0;0;0;0;0;0;0;0;0;0;0;0
FR;8;2021-01-15;0;0;0;0;0;0;0;0;0;0;0;0;0;0;0;0;0;0
FR;8;2021-01-16;0;0;0;0;0;0;0;0;0;0;0;0;0;0;0;0;0;0
FR;8;2021-01-17;0;0;0;0;0;0;0;0;0;0;0;0;0;0;0;0;0;0
FR;8;2021-01-18;0;0;0;0;0;0;0;0;0;0;0;0;0;0;0;0;0;0
FR;8;2021-01-19;0;0;0;0;0;0;0;0;0;0;0;0;0;0;0;0;0;0
FR;8;2021-01-20;0;0;0;0;0;0;0;0;0;0;0;0;0;0;0;0;0;0
FR;8;2021-01-21;0;0;0;0;0;0;0;0;0;0;0;0;0;0;0;0;0;0
FR;8;2021-01-22;0;0;0;0;0;0;0;0;0;0;0;0;0;0;0;0;0;0
FR;8;2021-01-23;0;0;0;0;0;0;0;0;0;0;0;0;0;0;0;0;0;0
FR;8;2021-01-24;0;0;0;0;0;0;0;0;0;0;0;0;0;0;0;0;0;0
FR;8;2021-01-25;0;0;0;0;0;0;0;0;0;0;0;0;0;0;0;0;0;0
FR;8;2021-01-26;0;0;0;0;0;0;0;0;0;0;0;0;0;0;0;0;0;0
FR;8;2021-01-27;0;0;0;0;0;0;0;0;0;0;0;0;0;0;0;0;0;0
FR;8;2021-01-28;0;0;0;0;0;0;0;0;0;0;0;0;0;0;0;0;0;0
FR;8;2021-01-29;0;0;0;0;0;0;0;0;0;0;0;0;0;0;0;0;0;0
FR;8;2021-01-30;0;0;0;0;0;0;0;0;0;0;0;0;0;0;0;0;0;0
FR;8;2021-01-31;0;0;0;0;0;0;0;0;0;0;0;0;0;0;0;0;0;0
FR;8;2021-02-01;0;0;0;0;0;0;0;0;0;0;0;0;0;0;0;0;0;0
FR;8;2021-02-02;0;0;0;0;0;0;0;0;0;0;0;0;0;0;0;0;0;0
FR;8;2021-02-03;0;0;0;0;0;0;0;0;0;0;0;0;0;0;0;0;0;0
FR;8;2021-02-04;0;0;0;0;0;0;0;0;0;0;0;0;0;0;0;0;0;0
FR;8;2021-02-05;0;0;0;0;0;0;0;0;0;0;0;0;0;0;0;0;0;0
FR;8;2021-02-06;0;0;0;0;0;0;0;0;0;0;0;0;0;0;0;0;0;0
FR;8;2021-02-07;0;0;0;0;0;0;0;0;0;0;0;0;0;0;0;0;0;0
FR;8;2021-02-08;0;0;0;0;0;0;0;0;0;0;0;0;0;0;0;0;0;0
FR;8;2021-02-09;0;0;0;0;0;0;0;0;0;0;0;0;0;0;0;0;0;0
FR;8;2021-02-10;0;0;0;0;0;0;0;0;0;0;0;0;0;0;0;0;0;0
FR;8;2021-02-11;0;0;0;0;0;0;0;0;0;0;0;0;0;0;0;0;0;0
FR;8;2021-02-12;0;0;0;0;0;0;0;0;0;0;0;0;0;0;0;0;0;0
FR;8;2021-02-13;0;0;0;0;0;0;0;0;0;0;0;0;0;0;0;0;0;0
FR;8;2021-02-14;0;0;0;0;0;0;0;0;0;0;0;0;0;0;0;0;0;0
FR;8;2021-02-15;0;0;0;0;0;0;0;0;0;0;0;0;0;0;0;0;0;0
FR;8;2021-02-16;0;0;0;0;0;0;0;0;0;0;0;0;0;0;0;0;0;0
FR;8;2021-02-17;0;0;0;0;0;0;0;0;0;0;0;0;0;0;0;0;0;0
FR;8;2021-02-18;0;0;0;0;0;0;0;0;0;0;0;0;0;0;0;0;0;0
FR;8;2021-02-19;0;0;0;0;0;0;0;0;0;0;0;0;0;0;0;0;0;0
FR;8;2021-02-20;0;0;0;0;0;0;0;0;0;0;0;0;0;0;0;0;0;0
FR;8;2021-02-21;0;0;0;0;0;0;0;0;0;0;0;0;0;0;0;0;0;0
FR;8;2021-02-22;0;0;0;0;0;0;0;0;0;0;0;0;0;0;0;0;0;0
FR;8;2021-02-23;0;0;0;0;0;0;0;0;0;0;0;0;0;0;0;0;0;0
FR;8;2021-02-24;0;0;0;0;0;0;0;0;0;0;0;0;0;0;0;0;0;0
FR;8;2021-02-25;0;0;0;0;0;0;0;0;0;0;0;0;0;0;0;0;0;0
FR;8;2021-02-26;0;0;0;0;0;0;0;0;0;0;0;0;0;0;0;0;0;0
FR;8;2021-02-27;0;0;0;0;0;0;0;0;0;0;0;0;0;0;0;0;0;0
FR;8;2021-02-28;0;0;0;0;0;0;0;0;0;0;0;0;0;0;0;0;0;0
FR;8;2021-03-01;0;0;0;0;0;0;0;0;0;0;0;0;0;0;0;0;0;0
FR;8;2021-03-02;0;0;0;0;0;0;0;0;0;0;0;0;0;0;0;0;0;0
FR;8;2021-03-03;0;0;0;0;0;0;0;0;0;0;0;0;0;0;0;0;0;0
FR;8;2021-03-04;0;0;0;0;0;0;0;0;0;0;0;0;0;0;0;0;0;0
FR;8;2021-03-05;0;0;0;0;0;0;0;0;0;0;0;0;0;0;0;0;0;0
FR;8;2021-03-06;0;0;0;0;0;0;0;0;0;0;0;0;0;0;0;0;0;0
FR;8;2021-03-07;0;0;0;0;0;0;0;0;0;0;0;0;0;0;0;0;0;0
FR;8;2021-03-08;0;0;0;0;0;0;0;0;0;0;0;0;0;0;0;0;0;0
FR;8;2021-03-09;0;0;0;0;0;0;0;0;0;0;0;0;0;0;0;0;0;0
FR;8;2021-03-10;0;0;0;0;0;0;0;0;0;0;0;0;0;0;0;0;0;0
FR;8;2021-03-11;0;0;0;0;0;0;0;0;0;0;0;0;0;0;0;0;0;0
FR;8;2021-03-12;0;0;0;0;0;0;0;0;0;0;0;0;0;0;0;0;0;0
FR;8;2021-03-13;0;0;0;0;0;0;0;0;0;0;0;0;0;0;0;0;0;0
FR;8;2021-03-14;0;0;0;0;0;0;0;0;0;0;0;0;0;0;0;0;0;0
FR;8;2021-03-15;0;0;0;0;0;0;0;0;0;0;0;0;0;0;0;0;0;0
FR;8;2021-03-16;0;0;0;0;0;0;0;0;0;0;0;0;0;0;0;0;0;0
FR;8;2021-03-17;0;0;0;0;0;0;0;0;0;0;0;0;0;0;0;0;0;0
FR;8;2021-03-18;0;0;0;0;0;0;0;0;0;0;0;0;0;0;0;0;0;0
FR;8;2021-03-19;0;0;0;0;0;0;0;0;0;0;0;0;0;0;0;0;0;0
FR;8;2021-03-20;0;0;0;0;0;0;0;0;0;0;0;0;0;0;0;0;0;0
FR;8;2021-03-21;0;0;0;0;0;0;0;0;0;0;0;0;0;0;0;0;0;0
FR;8;2021-03-22;0;0;0;0;0;0;0;0;0;0;0;0;0;0;0;0;0;0
FR;8;2021-03-23;0;0;0;0;0;0;0;0;0;0;0;0;0;0;0;0;0;0
FR;8;2021-03-24;0;0;0;0;0;0;0;0;0;0;0;0;0;0;0;0;0;0
FR;8;2021-03-25;0;0;0;0;0;0;0;0;0;0;0;0;0;0;0;0;0;0
FR;8;2021-03-26;0;0;0;0;0;0;0;0;0;0;0;0;0;0;0;0;0;0
FR;8;2021-03-27;0;0;0;0;0;0;0;0;0;0;0;0;0;0;0;0;0;0
FR;8;2021-03-28;0;0;0;0;0;0;0;0;0;0;0;0;0;0;0;0;0;0
FR;8;2021-03-29;0;0;0;0;0;0;0;0;0;0;0;0;0;0;0;0;0;0
FR;8;2021-03-30;0;0;0;0;0;0;0;0;0;0;0;0;0;0;0;0;0;0
FR;8;2021-03-31;0;0;0;0;0;0;0;0;0;0;0;0;0;0;0;0;0;0
FR;8;2021-04-01;0;0;0;0;0;0;0;0;0;0;0;0;0;0;0;0;0;0
FR;8;2021-04-02;0;0;0;0;0;0;0;0;0;0;0;0;0;0;0;0;0;0
FR;8;2021-04-03;0;0;0;0;0;0;0;0;0;0;0;0;0;0;0;0;0;0
FR;8;2021-04-04;0;0;0;0;0;0;0;0;0;0;0;0;0;0;0;0;0;0
FR;8;2021-04-05;0;0;0;0;0;0;0;0;0;0;0;0;0;0;0;0;0;0
FR;8;2021-04-06;0;0;0;0;0;0;0;0;0;0;0;0;0;0;0;0;0;0
FR;8;2021-04-07;0;0;0;0;0;0;0;0;0;0;0;0;0;0;0;0;0;0
FR;8;2021-04-08;0;0;0;0;0;0;0;0;0;0;0;0;0;0;0;0;0;0
FR;8;2021-04-09;0;0;0;0;0;0;0;0;0;0;0;0;0;0;0;0;0;0
FR;8;2021-04-10;0;0;0;0;0;0;0;0;0;0;0;0;0;0;0;0;0;0
FR;8;2021-04-11;0;0;0;0;0;0;0;0;0;0;0;0;0;0;0;0;0;0
FR;8;2021-04-12;0;0;0;0;0;0;0;0;0;0;0;0;0;0;0;0;0;0
FR;8;2021-04-13;0;0;0;0;0;0;0;0;0;0;0;0;0;0;0;0;0;0
FR;8;2021-04-14;0;0;0;0;0;0;0;0;0;0;0;0;0;0;0;0;0;0
FR;8;2021-04-15;0;0;0;0;0;0;0;0;0;0;0;0;0;0;0;0;0;0
FR;8;2021-04-16;0;0;0;0;0;0;0;0;0;0;0;0;0;0;0;0;0;0
FR;8;2021-04-17;0;0;0;0;0;0;0;0;0;0;0;0;0;0;0;0;0;0
FR;8;2021-04-18;0;0;0;0;0;0;0;0;0;0;0;0;0;0;0;0;0;0
FR;8;2021-04-19;0;0;0;0;0;0;0;0;0;0;0;0;0;0;0;0;0;0
FR;8;2021-04-20;0;0;0;0;0;0;0;0;0;0;0;0;0;0;0;0;0;0
FR;8;2021-04-21;0;0;0;0;0;0;0;0;0;0;0;0;0;0;0;0;0;0
FR;8;2021-04-22;0;0;0;0;0;0;0;0;0;0;0;0;0;0;0;0;0;0
FR;8;2021-04-23;0;0;0;0;0;0;0;0;0;0;0;0;0;0;0;0;0;0
FR;8;2021-04-24;0;0;0;0;0;0;0;0;0;0;0;0;0;0;0;0;0;0
FR;8;2021-04-25;0;0;0;0;0;0;0;0;0;0;0;0;0;0;0;0;0;0
FR;8;2021-04-26;0;0;0;0;0;0;0;0;0;0;0;0;0;0;0;0;0;0
FR;8;2021-04-27;0;0;0;0;0;0;0;0;0;0;0;0;0;0;0;0;0;0
FR;8;2021-04-28;0;0;0;0;0;0;0;0;0;0;0;0;0;0;0;0;0;0
FR;8;2021-04-29;0;0;0;0;0;0;0;0;0;0;0;0;0;0;0;0;0;0
FR;8;2021-04-30;0;0;0;0;0;0;0;0;0;0;0;0;0;0;0;0;0;0
FR;8;2021-05-01;0;0;0;0;0;0;0;0;0;0;0;0;0;0;0;0;0;0
FR;8;2021-05-02;0;0;0;0;0;0;0;0;0;0;0;0;0;0;0;0;0;0
FR;8;2021-05-03;0;0;0;0;0;0;0;0;0;0;0;0;0;0;0;0;0;0
FR;8;2021-05-04;0;0;0;0;0;0;0;0;0;0;0;0;0;0;0;0;0;0
FR;8;2021-05-05;0;0;0;0;0;0;0;0;0;0;0;0;0;0;0;0;0;0
FR;8;2021-05-06;0;0;0;0;0;0;0;0;0;0;0;0;0;0;0;0;0;0
FR;8;2021-05-07;0;0;0;0;0;0;0;0;0;0;0;0;0;0;0;0;0;0
FR;8;2021-05-08;0;0;0;0;0;0;0;0;0;0;0;0;0;0;0;0;0;0
FR;8;2021-05-09;0;0;0;0;0;0;0;0;0;0;0;0;0;0;0;0;0;0
FR;8;2021-05-10;0;0;0;0;0;0;0;0;0;0;0;0;0;0;0;0;0;0
FR;8;2021-05-11;0;0;0;0;0;0;0;0;0;0;0;0;0;0;0;0;0;0
FR;8;2021-05-12;0;0;0;0;0;0;0;0;0;0;0;0;0;0;0;0;0;0
FR;8;2021-05-13;0;0;0;0;0;0;0;0;0;0;0;0;0;0;0;0;0;0
FR;8;2021-05-14;0;0;0;0;0;0;0;0;0;0;0;0;0;0;0;0;0;0
FR;8;2021-05-15;0;0;0;0;0;0;0;0;0;0;0;0;0;0;0;0;0;0
FR;8;2021-05-16;0;0;0;0;0;0;0;0;0;0;0;0;0;0;0;0;0;0
FR;8;2021-05-17;0;0;0;0;0;0;0;0;0;0;0;0;0;0;0;0;0;0
FR;8;2021-05-18;0;0;0;0;0;0;0;0;0;0;0;0;0;0;0;0;0;0
FR;8;2021-05-19;0;0;0;0;0;0;0;0;0;0;0;0;0;0;0;0;0;0
FR;8;2021-05-20;0;0;0;0;0;0;0;0;0;0;0;0;0;0;0;0;0;0
FR;8;2021-05-21;0;0;0;0;0;0;0;0;0;0;0;0;0;0;0;0;0;0
FR;8;2021-05-22;0;0;0;0;0;0;0;0;0;0;0;0;0;0;0;0;0;0
FR;8;2021-05-23;0;0;0;0;0;0;0;0;0;0;0;0;0;0;0;0;0;0
FR;8;2021-05-24;0;0;0;0;0;0;0;0;0;0;0;0;0;0;0;0;0;0
FR;8;2021-05-25;0;0;0;0;0;0;0;0;0;0;0;0;0;0;0;0;0;0
FR;8;2021-05-26;0;0;0;0;0;0;0;0;0;0;0;0;0;0;0;0;0;0
FR;8;2021-05-27;0;0;0;0;0;0;0;0;0;0;0;0;0;0;0;0;0;0
FR;8;2021-05-28;0;0;0;0;0;0;0;0;0;0;0;0;0;0;0;0;0;0
FR;8;2021-05-29;0;0;0;0;0;0;0;0;0;0;0;0;0;0;0;0;0;0
FR;8;2021-05-30;0;0;0;0;0;0;0;0;0;0;0;0;0;0;0;0;0;0
FR;8;2021-05-31;0;0;0;0;0;0;0;0;0;0;0;0;0;0;0;0;0;0
FR;8;2021-06-01;0;0;0;0;0;0;0;0;0;0;0;0;0;0;0;0;0;0
FR;8;2021-06-02;0;0;0;0;0;0;0;0;0;0;0;0;0;0;0;0;0;0
FR;8;2021-06-03;0;0;0;0;0;0;0;0;0;0;0;0;0;0;0;0;0;0
FR;8;2021-06-04;0;0;0;0;0;0;0;0;0;0;0;0;0;0;0;0;0;0
FR;8;2021-06-05;0;0;0;0;0;0;0;0;0;0;0;0;0;0;0;0;0;0
FR;8;2021-06-06;0;0;0;0;0;0;0;0;0;0;0;0;0;0;0;0;0;0
FR;8;2021-06-07;0;0;0;0;0;0;0;0;0;0;0;0;0;0;0;0;0;0
FR;8;2021-06-08;0;0;0;0;0;0;0;0;0;0;0;0;0;0;0;0;0;0
FR;8;2021-06-09;0;0;0;0;0;0;0;0;0;0;0;0;0;0;0;0;0;0
FR;8;2021-06-10;0;0;0;0;0;0;0;0;0;0;0;0;0;0;0;0;0;0
FR;8;2021-06-11;0;0;0;0;0;0;0;0;0;0;0;0;0;0;0;0;0;0
FR;8;2021-06-12;0;0;0;0;0;0;0;0;0;0;0;0;0;0;0;0;0;0
FR;8;2021-06-13;0;0;0;0;0;0;0;0;0;0;0;0;0;0;0;0;0;0
FR;8;2021-06-14;0;0;0;0;0;0;0;0;0;0;0;0;0;0;0;0;0;0
FR;8;2021-06-15;0;0;0;0;0;0;0;0;0;0;0;0;0;0;0;0;0;0
FR;8;2021-06-16;0;0;0;0;0;0;0;0;0;0;0;0;0;0;0;0;0;0
FR;8;2021-06-17;0;0;0;0;0;0;0;0;0;0;0;0;0;0;0;0;0;0
FR;8;2021-06-18;0;0;0;0;0;0;0;0;0;0;0;0;0;0;0;0;0;0
FR;8;2021-06-19;0;0;0;0;0;0;0;0;0;0;0;0;0;0;0;0;0;0
FR;8;2021-06-20;0;0;0;0;0;0;0;0;0;0;0;0;0;0;0;0;0;0
FR;8;2021-06-21;0;0;0;0;0;0;0;0;0;0;0;0;0;0;0;0;0;0
FR;8;2021-06-22;0;0;0;0;0;0;0;0;0;0;0;0;0;0;0;0;0;0
FR;8;2021-06-23;0;0;0;0;0;0;0;0;0;0;0;0;0;0;0;0;0;0
FR;8;2021-06-24;0;0;0;0;0;0;0;0;0;0;0;0;0;0;0;0;0;0
FR;8;2021-06-25;0;0;0;0;0;0;0;0;0;0;0;0;0;0;0;0;0;0
FR;8;2021-06-26;0;0;0;0;0;0;0;0;0;0;0;0;0;0;0;0;0;0
FR;8;2021-06-27;0;0;0;0;0;0;0;0;0;0;0;0;0;0;0;0;0;0
FR;8;2021-06-28;0;0;0;0;0;0;0;0;0;0;0;0;0;0;0;0;0;0
FR;8;2021-06-29;0;0;0;0;0;0;0;0;0;0;0;0;0;0;0;0;0;0
FR;8;2021-06-30;0;0;0;0;0;0;0;0;0;0;0;0;0;0;0;0;0;0
FR;8;2021-07-01;0;0;0;0;0;0;0;0;0;0;0;0;0;0;0;0;0;0
FR;8;2021-07-02;0;0;0;0;0;0;0;0;0;0;0;0;0;0;0;0;0;0
FR;8;2021-07-03;0;0;0;0;0;0;0;0;0;0;0;0;0;0;0;0;0;0
FR;8;2021-07-04;0;0;0;0;0;0;0;0;0;0;0;0;0;0;0;0;0;0
FR;8;2021-07-05;0;0;0;0;0;0;0;0;0;0;0;0;0;0;0;0;0;0
FR;8;2021-07-06;0;0;0;0;0;0;0;0;0;0;0;0;0;0;0;0;0;0
FR;8;2021-07-07;0;0;0;0;0;0;0;0;0;0;0;0;0;0;0;0;0;0
FR;8;2021-07-08;0;0;0;0;0;0;0;0;0;0;0;0;0;0;0;0;0;0
FR;8;2021-07-09;0;0;0;0;0;0;0;0;0;0;0;0;0;0;0;0;0;0
FR;8;2021-07-10;0;0;0;0;0;0;0;0;0;0;0;0;0;0;0;0;0;0
FR;8;2021-07-11;0;0;0;0;0;0;0;0;0;0;0;0;0;0;0;0;0;0
FR;8;2021-07-12;0;0;0;0;0;0;0;0;0;0;0;0;0;0;0;0;0;0
FR;8;2021-07-13;0;0;0;0;0;0;0;0;0;0;0;0;0;0;0;0;0;0
FR;8;2021-07-14;0;0;0;0;0;0;0;0;0;0;0;0;0;0;0;0;0;0
FR;8;2021-07-15;0;0;0;0;0;0;0;0;0;0;0;0;0;0;0;0;0;0
FR;8;2021-07-16;0;0;0;0;0;0;0;0;0;0;0;0;0;0;0;0;0;0
FR;8;2021-07-17;0;0;0;0;0;0;0;0;0;0;0;0;0;0;0;0;0;0
FR;8;2021-07-18;0;0;0;0;0;0;0;0;0;0;0;0;0;0;0;0;0;0
FR;8;2021-07-19;0;0;0;0;0;0;0;0;0;0;0;0;0;0;0;0;0;0
FR;8;2021-07-20;0;0;0;0;0;0;0;0;0;0;0;0;0;0;0;0;0;0
FR;8;2021-07-21;0;0;0;0;0;0;0;0;0;0;0;0;0;0;0;0;0;0
FR;8;2021-07-22;0;0;0;0;0;0;0;0;0;0;0;0;0;0;0;0;0;0
FR;8;2021-07-23;0;0;0;0;0;0;0;0;0;0;0;0;0;0;0;0;0;0
FR;8;2021-07-24;0;0;0;0;0;0;0;0;0;0;0;0;0;0;0;0;0;0
FR;8;2021-07-25;0;0;0;0;0;0;0;0;0;0;0;0;0;0;0;0;0;0
FR;8;2021-07-26;0;0;0;0;0;0;0;0;0;0;0;0;0;0;0;0;0;0
FR;8;2021-07-27;0;0;0;0;0;0;0;0;0;0;0;0;0;0;0;0;0;0
FR;8;2021-07-28;0;0;0;0;0;0;0;0;0;0;0;0;0;0;0;0;0;0
FR;8;2021-07-29;0;0;0;0;0;0;0;0;0;0;0;0;0;0;0;0;0;0
FR;8;2021-07-30;0;0;0;0;0;0;0;0;0;0;0;0;0;0;0;0;0;0
FR;8;2021-07-31;0;0;0;0;0;0;0;0;0;0;0;0;0;0;0;0;0;0
FR;8;2021-08-01;0;0;0;0;0;0;0;0;0;0;0;0;0;0;0;0;0;0
FR;8;2021-08-02;0;0;0;0;0;0;0;0;0;0;0;0;0;0;0;0;0;0
FR;8;2021-08-03;0;0;0;0;0;0;0;0;0;0;0;0;0;0;0;0;0;0
FR;8;2021-08-04;0;0;0;0;0;0;0;0;0;0;0;0;0;0;0;0;0;0
FR;8;2021-08-05;0;0;0;0;0;0;0;0;0;0;0;0;0;0;0;0;0;0
FR;8;2021-08-06;0;0;0;0;0;0;0;0;0;0;0;0;0;0;0;0;0;0
FR;8;2021-08-07;0;0;0;0;0;0;0;0;0;0;0;0;0;0;0;0;0;0
FR;8;2021-08-08;0;0;0;0;0;0;0;0;0;0;0;0;0;0;0;0;0;0
FR;8;2021-08-09;0;0;0;0;0;0;0;0;0;0;0;0;0;0;0;0;0;0
FR;8;2021-08-10;0;0;0;0;0;0;0;0;0;0;0;0;0;0;0;0;0;0
FR;8;2021-08-11;0;0;0;0;0;0;0;0;0;0;0;0;0;0;0;0;0;0
FR;8;2021-08-12;0;0;0;0;0;0;0;0;0;0;0;0;0;0;0;0;0;0
FR;8;2021-08-13;0;0;0;0;0;0;0;0;0;0;0;0;0;0;0;0;0;0
FR;8;2021-08-14;0;0;0;0;0;0;0;0;0;0;0;0;0;0;0;0;0;0
FR;8;2021-08-15;0;0;0;0;0;0;0;0;0;0;0;0;0;0;0;0;0;0
FR;8;2021-08-16;0;0;0;0;0;0;0;0;0;0;0;0;0;0;0;0;0;0
FR;8;2021-08-17;0;0;0;0;0;0;0;0;0;0;0;0;0;0;0;0;0;0
FR;8;2021-08-18;0;0;0;0;0;0;0;0;0;0;0;0;0;0;0;0;0;0
FR;8;2021-08-19;0;0;0;0;0;0;0;0;0;0;0;0;0;0;0;0;0;0
FR;8;2021-08-20;0;0;0;0;0;0;0;0;0;0;0;0;0;0;0;0;0;0
FR;8;2021-08-21;0;0;0;0;0;0;0;0;0;0;0;0;0;0;0;0;0;0
FR;8;2021-08-22;0;0;0;0;0;0;0;0;0;0;0;0;0;0;0;0;0;0
FR;8;2021-08-23;0;0;0;0;0;0;0;0;0;0;0;0;0;0;0;0;0;0
FR;8;2021-08-24;0;0;0;0;0;0;0;0;0;0;0;0;0;0;0;0;0;0
FR;8;2021-08-25;0;0;0;0;0;0;0;0;0;0;0;0;0;0;0;0;0;0
FR;8;2021-08-26;0;0;0;0;0;0;0;0;0;0;0;0;0;0;0;0;0;0
FR;8;2021-08-27;0;0;0;0;0;0;0;0;0;0;0;0;0;0;0;0;0;0
FR;8;2021-08-28;0;0;0;0;0;0;0;0;0;0;0;0;0;0;0;0;0;0
FR;8;2021-08-29;0;0;0;0;0;0;0;0;0;0;0;0;0;0;0;0;0;0
FR;8;2021-08-30;0;0;0;0;0;0;0;0;0;0;0;0;0;0;0;0;0;0
FR;8;2021-08-31;0;0;0;0;0;0;0;0;0;0;0;0;0;0;0;0;0;0
FR;8;2021-09-01;0;0;0;0;0;0;0;0;0;0;0;0;0;0;0;0;0;0
FR;8;2021-09-02;0;0;0;0;0;0;0;0;0;0;0;0;0;0;0;0;0;0
FR;8;2021-09-03;0;0;0;0;0;0;0;0;0;0;0;0;0;0;0;0;0;0
FR;8;2021-09-04;0;0;0;0;0;0;0;0;0;0;0;0;0;0;0;0;0;0
FR;8;2021-09-05;0;0;0;0;0;0;0;0;0;0;0;0;0;0;0;0;0;0
FR;8;2021-09-06;0;0;0;0;0;0;0;0;0;0;0;0;0;0;0;0;0;0
FR;8;2021-09-07;0;0;0;0;0;0;0;0;0;0;0;0;0;0;0;0;0;0
FR;8;2021-09-08;0;0;0;0;0;0;0;0;0;0;0;0;0;0;0;0;0;0
FR;8;2021-09-09;0;0;0;0;0;0;0;0;0;0;0;0;0;0;0;0;0;0
FR;8;2021-09-10;0;0;0;0;0;0;0;0;0;0;0;0;0;0;0;0;0;0
FR;8;2021-09-11;0;0;0;0;0;0;0;0;0;0;0;0;0;0;0;0;0;0
FR;8;2021-09-12;0;0;0;0;0;0;0;0;0;0;0;0;0;0;0;0;0;0
FR;8;2021-09-13;0;0;0;0;0;0;0;0;0;0;0;0;0;0;0;0;0;0
FR;8;2021-09-14;0;0;0;0;0;0;0;0;0;0;0;0;0;0;0;0;0;0
FR;8;2021-09-15;0;0;0;0;0;0;0;0;0;0;0;0;0;0;0;0;0;0
FR;8;2021-09-16;0;0;0;0;0;0;0;0;0;0;0;0;0;0;0;0;0;0
FR;8;2021-09-17;0;0;0;0;0;0;0;0;0;0;0;0;0;0;0;0;0;0
FR;8;2021-09-18;0;0;0;0;0;0;0;0;0;0;0;0;0;0;0;0;0;0
FR;8;2021-09-19;0;0;0;0;0;0;0;0;0;0;0;0;0;0;0;0;0;0
FR;8;2021-09-20;0;0;0;0;0;0;0;0;0;0;0;0;0;0;0;0;0;0
FR;8;2021-09-21;0;0;0;0;0;0;0;0;0;0;0;0;0;0;0;0;0;0
FR;8;2021-09-22;0;0;0;0;0;0;0;0;0;0;0;0;0;0;0;0;0;0
FR;8;2021-09-23;0;0;0;0;0;0;0;0;0;0;0;0;0;0;0;0;0;0
FR;8;2021-09-24;0;0;0;0;0;0;0;0;0;0;0;0;0;0;0;0;0;0
FR;8;2021-09-25;0;0;0;0;0;0;0;0;0;0;0;0;0;0;0;0;0;0
FR;8;2021-09-26;0;0;0;0;0;0;0;0;0;0;0;0;0;0;0;0;0;0
FR;8;2021-09-27;0;0;0;0;0;0;0;0;0;0;0;0;0;0;0;0;0;0
FR;8;2021-09-28;0;0;0;0;0;0;0;0;0;0;0;0;0;0;0;0;0;0
FR;8;2021-09-29;0;0;0;0;0;0;0;0;0;0;0;0;0;0;0;0;0;0
FR;8;2021-09-30;0;0;0;0;0;0;0;0;0;0;0;0;0;0;0;0;0;0
FR;8;2021-10-01;0;0;0;0;0;0;0;0;0;0;0;0;0;0;0;0;0;0
FR;8;2021-10-02;0;0;0;0;0;0;0;0;0;0;0;0;0;0;0;0;0;0
FR;8;2021-10-03;0;0;0;0;0;0;0;0;0;0;0;0;0;0;0;0;0;0
FR;8;2021-10-04;0;0;0;0;0;0;0;0;0;0;0;0;0;0;0;0;0;0
FR;8;2021-10-05;0;0;0;0;0;0;0;0;0;0;0;0;0;0;0;0;0;0
FR;8;2021-10-06;0;0;0;0;0;0;0;0;0;0;0;0;0;0;0;0;0;0
FR;8;2021-10-07;0;0;0;0;0;0;0;0;0;0;0;0;0;0;0;0;0;0
FR;8;2021-10-08;0;0;0;0;0;0;0;0;0;0;0;0;0;0;0;0;0;0
FR;8;2021-10-09;0;0;0;0;0;0;0;0;0;0;0;0;0;0;0;0;0;0
FR;8;2021-10-10;0;0;0;0;0;0;0;0;0;0;0;0;0;0;0;0;0;0
FR;8;2021-10-11;0;0;0;0;0;0;0;0;0;0;0;0;0;0;0;0;0;0
FR;8;2021-10-12;0;0;0;0;0;0;0;0;0;0;0;0;0;0;0;0;0;0
FR;8;2021-10-13;0;0;0;0;0;0;0;0;0;0;0;0;0;0;0;0;0;0
FR;8;2021-10-14;0;0;0;0;0;0;0;0;0;0;0;0;0;0;0;0;0;0
FR;8;2021-10-15;0;0;0;0;0;0;0;0;0;0;0;0;0;0;0;0;0;0
FR;8;2021-10-16;0;0;0;0;0;0;0;0;0;0;0;0;0;0;0;0;0;0
FR;8;2021-10-17;0;0;0;0;0;0;0;0;0;0;0;0;0;0;0;0;0;0
FR;8;2021-10-18;0;0;0;0;0;0;0;0;0;0;0;0;0;0;0;0;0;0
FR;8;2021-10-19;0;0;0;0;0;0;0;0;0;0;0;0;0;0;0;0;0;0
FR;8;2021-10-20;0;0;0;0;0;0;0;0;0;0;0;0;0;0;0;0;0;0
FR;8;2021-10-21;0;0;0;0;0;0;0;0;0;0;0;0;0;0;0;0;0;0
FR;8;2021-10-22;0;0;0;0;0;0;0;0;0;0;0;0;0;0;0;0;0;0
FR;8;2021-10-23;0;0;0;0;0;0;0;0;0;0;0;0;0;0;0;0;0;0
FR;8;2021-10-24;0;0;0;0;0;0;0;0;0;0;0;0;0;0;0;0;0;0
FR;8;2021-10-25;0;0;0;0;0;0;0;0;0;0;0;0;0;0;0;0;0;0
FR;8;2021-10-26;0;0;0;0;0;0;0;0;0;0;0;0;0;0;0;0;0;0
FR;8;2021-10-27;0;0;0;0;0;0;0;0;0;0;0;0;0;0;0;0;0;0
FR;8;2021-10-28;0;0;0;0;0;0;0;0;0;0;0;0;0;0;0;0;0;0
FR;8;2021-10-29;0;0;0;0;0;0;0;0;0;0;0;0;0;0;0;0;0;0
FR;8;2021-10-30;0;0;0;0;0;0;0;0;0;0;0;0;0;0;0;0;0;0
FR;8;2021-10-31;0;0;0;0;0;0;0;0;0;0;0;0;0;0;0;0;0;0
FR;8;2021-11-01;0;0;0;0;0;0;0;0;0;0;0;0;0;0;0;0;0;0
FR;8;2021-11-02;0;0;0;0;0;0;0;0;0;0;0;0;0;0;0;0;0;0
FR;8;2021-11-03;0;0;0;0;0;0;0;0;0;0;0;0;0;0;0;0;0;0
FR;8;2021-11-04;0;0;0;0;0;0;0;0;0;0;0;0;0;0;0;0;0;0
FR;8;2021-11-05;0;0;0;0;0;0;0;0;0;0;0;0;0;0;0;0;0;0
FR;8;2021-11-06;0;0;0;0;0;0;0;0;0;0;0;0;0;0;0;0;0;0
FR;8;2021-11-07;0;0;0;0;0;0;0;0;0;0;0;0;0;0;0;0;0;0
FR;8;2021-11-08;0;0;0;0;0;0;0;0;0;0;0;0;0;0;0;0;0;0
FR;8;2021-11-09;0;0;0;0;0;0;0;0;0;0;0;0;0;0;0;0;0;0
FR;8;2021-11-10;0;0;0;0;0;0;0;0;0;0;0;0;0;0;0;0;0;0
FR;8;2021-11-11;0;0;0;0;0;0;0;0;0;0;0;0;0;0;0;0;0;0
FR;8;2021-11-12;0;0;0;0;0;0;0;0;0;0;0;0;0;0;0;0;0;0
FR;8;2021-11-13;0;0;0;0;0;0;0;0;0;0;0;0;0;0;0;0;0;0
FR;8;2021-11-14;0;0;0;0;0;0;0;0;0;0;0;0;0;0;0;0;0;0
FR;8;2021-11-15;0;0;0;0;0;0;0;0;0;0;0;0;0;0;0;0;0;0
FR;8;2021-11-16;0;0;0;0;0;0;0;0;0;0;0;0;0;0;0;0;0;0
FR;8;2021-11-17;0;0;0;0;0;0;0;0;0;0;0;0;0;0;0;0;0;0
FR;8;2021-11-18;0;0;0;0;0;0;0;0;0;0;0;0;0;0;0;0;0;0
FR;8;2021-11-19;0;0;0;0;0;0;0;0;0;0;0;0;0;0;0;0;0;0
FR;8;2021-11-20;0;0;0;0;0;0;0;0;0;0;0;0;0;0;0;0;0;0
FR;8;2021-11-21;0;0;0;0;0;0;0;0;0;0;0;0;0;0;0;0;0;0
FR;8;2021-11-22;0;0;0;0;0;0;0;0;0;0;0;0;0;0;0;0;0;0
FR;8;2021-11-23;0;0;0;0;0;0;0;0;0;0;0;0;0;0;0;0;0;0
FR;8;2021-11-24;0;0;0;0;0;0;0;0;0;0;0;0;0;0;0;0;0;0
FR;8;2021-11-25;0;0;0;0;0;0;0;0;0;0;0;0;0;0;0;0;0;0
FR;8;2021-11-26;0;0;0;0;0;0;0;0;0;0;0;0;0;0;0;0;0;0
FR;8;2021-11-27;0;0;0;0;0;0;0;0;0;0;0;0;0;0;0;0;0;0
FR;8;2021-11-28;0;0;0;0;0;0;0;0;0;0;0;0;0;0;0;0;0;0
FR;8;2021-11-29;0;0;0;0;0;0;0;0;0;0;0;0;0;0;0;0;0;0
FR;8;2021-11-30;0;0;0;0;0;0;0;0;0;0;0;0;0;0;0;0;0;0
FR;8;2021-12-01;0;0;0;0;0;0;0;0;0;0;0;0;0;0;0;0;0;0
FR;8;2021-12-02;0;0;0;0;0;0;0;0;0;0;0;0;0;0;0;0;0;0
FR;8;2021-12-03;0;0;0;0;0;0;0;0;0;0;0;0;0;0;0;0;0;0
FR;8;2021-12-04;0;0;0;0;0;0;0;0;0;0;0;0;0;0;0;0;0;0
FR;8;2021-12-05;0;0;0;0;0;0;0;0;0;0;0;0;0;0;0;0;0;0
FR;8;2021-12-06;0;0;0;0;0;0;0;0;0;0;0;0;0;0;0;0;0;0
FR;8;2021-12-07;0;0;0;0;0;0;0;0;0;0;0;0;0;0;0;0;0;0
FR;8;2021-12-08;0;0;0;0;0;0;0;0;0;0;0;0;0;0;0;0;0;0
FR;8;2021-12-09;0;0;0;0;0;0;0;0;0;0;0;0;0;0;0;0;0;0
FR;8;2021-12-10;0;0;0;0;0;0;0;0;0;0;0;0;0;0;0;0;0;0
FR;8;2021-12-11;0;0;0;0;0;0;0;0;0;0;0;0;0;0;0;0;0;0
FR;8;2021-12-12;0;0;0;0;0;0;0;0;0;0;0;0;0;0;0;0;0;0
FR;8;2021-12-13;0;0;0;0;0;0;0;0;0;0;0;0;0;0;0;0;0;0
FR;8;2021-12-14;0;0;0;0;0;0;0;0;0;0;0;0;0;0;0;0;0;0
FR;8;2021-12-15;0;0;0;0;0;0;0;0;0;0;0;0;0;0;0;0;0;0
FR;8;2021-12-16;0;0;0;0;0;0;0;0;0;0;0;0;0;0;0;0;0;0
FR;8;2021-12-17;0;0;0;0;0;0;0;0;0;0;0;0;0;0;0;0;0;0
FR;8;2021-12-18;0;0;0;0;0;0;0;0;0;0;0;0;0;0;0;0;0;0
FR;8;2021-12-19;0;0;0;0;0;0;0;0;0;0;0;0;0;0;0;0;0;0
FR;8;2021-12-20;0;0;0;0;0;0;0;0;0;0;0;0;0;0;0;0;0;0
FR;8;2021-12-21;0;0;0;0;0;0;0;0;0;0;0;0;0;0;0;0;0;0
FR;8;2021-12-22;0;0;0;0;0;0;0;0;0;0;0;0;0;0;0;0;0;0
FR;8;2021-12-23;0;0;0;0;0;0;0;0;0;0;0;0;0;0;0;0;0;0
FR;8;2021-12-24;0;0;0;0;0;0;0;0;0;0;0;0;0;0;0;0;0;0
FR;8;2021-12-25;0;0;0;0;0;0;0;0;0;0;0;0;0;0;0;0;0;0
FR;8;2021-12-26;0;0;0;0;0;0;0;0;0;0;0;0;0;0;0;0;0;0
FR;8;2021-12-27;0;0;0;0;0;0;0;0;0;0;0;0;0;0;0;0;0;0
FR;8;2021-12-28;0;0;0;0;0;0;0;0;0;0;0;0;0;0;0;0;0;0
FR;8;2021-12-29;0;0;0;0;0;0;0;0;0;0;0;0;0;0;0;0;0;0
FR;8;2021-12-30;0;0;0;0;0;0;0;0;0;0;0;0;0;0;0;0;0;0
FR;8;2021-12-31;0;0;0;0;0;0;0;0;0;0;0;0;0;0;0;0;0;0
FR;8;2022-01-01;0;0;0;0;0;0;0;0;0;0;0;0;0;0;0;0;0;0
FR;8;2022-01-02;0;0;0;0;0;0;0;0;0;0;0;0;0;0;0;0;0;0
FR;8;2022-01-03;0;0;0;0;0;0;0;0;0;0;0;0;0;0;0;0;0;0
FR;8;2022-01-04;0;0;0;0;0;0;0;0;0;0;0;0;0;0;0;0;0;0
FR;8;2022-01-05;0;0;0;0;0;0;0;0;0;0;0;0;0;0;0;0;0;0
FR;8;2022-01-06;0;0;0;0;0;0;0;0;0;0;0;0;0;0;0;0;0;0
FR;8;2022-01-07;0;0;0;0;0;0;0;0;0;0;0;0;0;0;0;0;0;0
FR;8;2022-01-08;0;0;0;0;0;0;0;0;0;0;0;0;0;0;0;0;0;0
FR;8;2022-01-09;0;0;0;0;0;0;0;0;0;0;0;0;0;0;0;0;0;0
FR;8;2022-01-10;0;0;0;0;0;0;0;0;0;0;0;0;0;0;0;0;0;0
FR;8;2022-01-11;0;0;0;0;0;0;0;0;0;0;0;0;0;0;0;0;0;0
FR;8;2022-01-12;0;0;0;0;0;0;0;0;0;0;0;0;0;0;0;0;0;0
FR;8;2022-01-13;0;0;0;0;0;0;0;0;0;0;0;0;0;0;0;0;0;0
FR;8;2022-01-14;0;0;0;0;0;0;0;0;0;0;0;0;0;0;0;0;0;0
FR;8;2022-01-15;0;0;0;0;0;0;0;0;0;0;0;0;0;0;0;0;0;0
FR;8;2022-01-16;0;0;0;0;0;0;0;0;0;0;0;0;0;0;0;0;0;0
FR;8;2022-01-17;0;0;0;0;0;0;0;0;0;0;0;0;0;0;0;0;0;0
FR;8;2022-01-18;0;0;0;0;0;0;0;0;0;0;0;0;0;0;0;0;0;0
FR;8;2022-01-19;0;0;0;0;0;0;0;0;0;0;0;0;0;0;0;0;0;0
FR;8;2022-01-20;0;0;0;0;0;0;0;0;0;0;0;0;0;0;0;0;0;0
FR;8;2022-01-21;0;0;0;0;0;0;0;0;0;0;0;0;0;0;0;0;0;0
FR;8;2022-01-22;0;0;0;0;0;0;0;0;0;0;0;0;0;0;0;0;0;0
FR;8;2022-01-23;0;0;0;0;0;0;0;0;0;0;0;0;0;0;0;0;0;0
FR;8;2022-01-24;0;0;0;0;0;0;0;0;0;0;0;0;0;0;0;0;0;0
FR;8;2022-01-25;0;0;0;0;0;0;0;0;0;0;0;0;0;0;0;0;0;0
FR;8;2022-01-26;0;0;0;0;0;0;0;0;0;0;0;0;0;0;0;0;0;0
FR;8;2022-01-27;0;0;0;0;0;0;0;0;0;0;0;0;0;0;0;0;0;0
FR;8;2022-01-28;0;0;0;0;0;0;0;0;0;0;0;0;0;0;0;0;0;0
FR;8;2022-01-29;0;0;0;0;0;0;0;0;0;0;0;0;0;0;0;0;0;0
FR;8;2022-01-30;0;0;0;0;0;0;0;0;0;0;0;0;0;0;0;0;0;0
FR;8;2022-01-31;0;0;0;0;0;0;0;0;0;0;0;0;0;0;0;0;0;0
FR;8;2022-02-01;0;0;0;0;0;0;0;0;0;0;0;0;0;0;0;0;0;0
FR;8;2022-02-02;0;0;0;0;0;0;0;0;0;0;0;0;0;0;0;0;0;0
FR;8;2022-02-03;0;0;0;0;0;0;0;0;0;0;0;0;0;0;0;0;0;0
FR;8;2022-02-04;0;0;0;0;0;0;0;0;0;0;0;0;0;0;0;0;0;0
FR;8;2022-02-05;0;0;0;0;0;0;0;0;0;0;0;0;0;0;0;0;0;0
FR;8;2022-02-06;0;0;0;0;0;0;0;0;0;0;0;0;0;0;0;0;0;0
FR;8;2022-02-07;0;0;0;0;0;0;0;0;0;0;0;0;0;0;0;0;0;0
FR;8;2022-02-08;0;0;0;0;0;0;0;0;0;0;0;0;0;0;0;0;0;0
FR;8;2022-02-09;0;0;0;0;0;0;0;0;0;0;0;0;0;0;0;0;0;0
FR;8;2022-02-10;0;0;0;0;0;0;0;0;0;0;0;0;0;0;0;0;0;0
FR;8;2022-02-11;0;0;0;0;0;0;0;0;0;0;0;0;0;0;0;0;0;0
FR;8;2022-02-12;0;0;0;0;0;0;0;0;0;0;0;0;0;0;0;0;0;0
FR;8;2022-02-13;0;0;0;0;0;0;0;0;0;0;0;0;0;0;0;0;0;0
FR;8;2022-02-14;0;0;0;0;0;0;0;0;0;0;0;0;0;0;0;0;0;0
FR;8;2022-02-15;0;0;0;0;0;0;0;0;0;0;0;0;0;0;0;0;0;0
FR;8;2022-02-16;0;0;0;0;0;0;0;0;0;0;0;0;0;0;0;0;0;0
FR;8;2022-02-17;0;0;0;0;0;0;0;0;0;0;0;0;0;0;0;0;0;0
FR;8;2022-02-18;0;0;0;0;0;0;0;0;0;0;0;0;0;0;0;0;0;0
FR;8;2022-02-19;0;0;0;0;0;0;0;0;0;0;0;0;0;0;0;0;0;0
FR;8;2022-02-20;0;0;0;0;0;0;0;0;0;0;0;0;0;0;0;0;0;0
FR;8;2022-02-21;0;0;0;0;0;0;0;0;0;0;0;0;0;0;0;0;0;0
FR;8;2022-02-22;0;0;0;0;0;0;0;0;0;0;0;0;0;0;0;0;0;0
FR;8;2022-02-23;0;0;0;0;0;0;0;0;0;0;0;0;0;0;0;0;0;0
FR;8;2022-02-24;0;0;0;0;0;0;0;0;0;0;0;0;0;0;0;0;0;0
FR;8;2022-02-25;0;0;0;0;0;0;0;0;0;0;0;0;0;0;0;0;0;0
FR;8;2022-02-26;0;0;0;0;0;0;0;0;0;0;0;0;0;0;0;0;0;0
FR;8;2022-02-27;0;0;0;0;0;0;0;0;0;0;0;0;0;0;0;0;0;0
FR;8;2022-02-28;0;0;0;0;0;0;0;0;0;0;0;0;0;0;0;0;0;0
FR;8;2022-03-01;0;0;0;0;0;0;0;0;0;0;0;0;0;0;0;0;0;0
FR;8;2022-03-02;0;0;0;0;0;0;0;0;0;0;0;0;0;0;0;0;0;0
FR;8;2022-03-03;0;0;0;0;0;0;0;0;0;0;0;0;0;0;0;0;0;0
FR;8;2022-03-04;0;0;0;0;0;0;0;0;0;0;0;0;0;0;0;0;0;0
FR;8;2022-03-05;0;0;0;0;0;0;0;0;0;0;0;0;0;0;0;0;0;0
FR;8;2022-03-06;0;0;0;0;0;0;0;0;0;0;0;0;0;0;0;0;0;0
FR;8;2022-03-07;0;0;0;0;0;0;0;0;0;0;0;0;0;0;0;0;0;0
FR;8;2022-03-08;0;0;0;0;0;0;0;0;0;0;0;0;0;0;0;0;0;0
FR;8;2022-03-09;0;0;0;0;0;0;0;0;0;0;0;0;0;0;0;0;0;0
FR;8;2022-03-10;0;0;0;0;0;0;0;0;0;0;0;0;0;0;0;0;0;0
FR;8;2022-03-11;0;0;0;0;0;0;0;0;0;0;0;0;0;0;0;0;0;0
FR;8;2022-03-12;0;0;0;0;0;0;0;0;0;0;0;0;0;0;0;0;0;0
FR;8;2022-03-13;0;0;0;0;0;0;0;0;0;0;0;0;0;0;0;0;0;0
FR;8;2022-03-14;0;0;0;0;0;0;0;0;0;0;0;0;0;0;0;0;0;0
FR;8;2022-03-15;0;0;0;0;0;0;0;0;0;0;0;0;0;0;0;0;0;0
FR;8;2022-03-16;0;0;0;0;0;0;0;0;0;0;0;0;0;0;0;0;0;0
FR;8;2022-03-17;0;0;0;0;0;0;0;0;0;0;0;0;0;0;0;0;0;0
FR;8;2022-03-18;0;0;0;0;0;0;0;0;0;0;0;0;0;0;0;0;0;0
FR;8;2022-03-19;0;0;0;0;0;0;0;0;0;0;0;0;0;0;0;0;0;0
FR;8;2022-03-20;0;0;0;0;0;0;0;0;0;0;0;0;0;0;0;0;0;0
FR;8;2022-03-21;0;0;0;0;0;0;0;0;0;0;0;0;0;0;0;0;0;0
FR;8;2022-03-22;0;0;0;0;0;0;0;0;0;0;0;0;0;0;0;0;0;0
FR;8;2022-03-23;0;0;0;0;0;0;0;0;0;0;0;0;0;0;0;0;0;0
FR;8;2022-03-24;0;0;0;0;0;0;0;0;0;0;0;0;0;0;0;0;0;0
FR;8;2022-03-25;0;0;0;0;0;0;0;0;0;0;0;0;0;0;0;0;0;0
FR;8;2022-03-26;0;0;0;0;0;0;0;0;0;0;0;0;0;0;0;0;0;0
FR;8;2022-03-27;0;0;0;0;0;0;0;0;0;0;0;0;0;0;0;0;0;0
FR;8;2022-03-28;0;0;0;0;0;0;0;0;0;0;0;0;0;0;0;0;0;0
FR;8;2022-03-29;0;0;0;0;0;0;0;0;0;0;0;0;0;0;0;0;0;0
FR;8;2022-03-30;0;0;0;0;0;0;0;0;0;0;0;0;0;0;0;0;0;0
FR;8;2022-03-31;0;0;0;0;0;0;0;0;0;0;0;0;0;0;0;0;0;0
FR;8;2022-04-01;0;0;0;0;0;0;0;0;0;0;0;0;0;0;0;0;0;0
FR;8;2022-04-02;0;0;0;0;0;0;0;0;0;0;0;0;0;0;0;0;0;0
FR;8;2022-04-03;0;0;0;0;0;0;0;0;0;0;0;0;0;0;0;0;0;0
FR;8;2022-04-04;0;0;0;0;0;0;0;0;0;0;0;0;0;0;0;0;0;0
FR;8;2022-04-05;0;0;0;0;0;0;0;0;0;0;0;0;0;0;0;0;0;0
FR;8;2022-04-06;0;0;0;0;0;0;0;0;0;0;0;0;0;0;0;0;0;0
FR;8;2022-04-07;0;0;0;0;0;0;0;0;0;0;0;0;0;0;0;0;0;0
FR;8;2022-04-08;0;0;0;0;0;0;0;0;0;0;0;0;0;0;0;0;0;0
FR;8;2022-04-09;0;0;0;0;0;0;0;0;0;0;0;0;0;0;0;0;0;0
FR;8;2022-04-10;0;0;0;0;0;0;0;0;0;0;0;0;0;0;0;0;0;0
FR;8;2022-04-11;0;0;0;0;0;0;0;0;0;0;0;0;0;0;0;0;0;0
FR;8;2022-04-12;0;0;0;0;0;0;0;0;0;0;0;0;0;0;0;0;0;0
FR;8;2022-04-13;0;0;0;0;0;0;0;0;0;0;0;0;0;0;0;0;0;0
FR;8;2022-04-14;0;0;0;0;0;0;0;0;0;0;0;0;0;0;0;0;0;0
FR;8;2022-04-15;0;0;0;0;0;0;0;0;0;0;0;0;0;0;0;0;0;0
FR;8;2022-04-16;0;0;0;0;0;0;0;0;0;0;0;0;0;0;0;0;0;0
FR;8;2022-04-17;0;0;0;0;0;0;0;0;0;0;0;0;0;0;0;0;0;0
FR;8;2022-04-18;0;0;0;0;0;0;0;0;0;0;0;0;0;0;0;0;0;0
FR;8;2022-04-19;0;0;0;0;0;0;0;0;0;0;0;0;0;0;0;0;0;0
FR;8;2022-04-20;0;0;0;0;0;0;0;0;0;0;0;0;0;0;0;0;0;0
FR;8;2022-04-21;0;0;0;0;0;0;0;0;0;0;0;0;0;0;0;0;0;0
FR;8;2022-04-22;0;0;0;0;0;0;0;0;0;0;0;0;0;0;0;0;0;0
FR;8;2022-04-23;0;0;0;0;0;0;0;0;0;0;0;0;0;0;0;0;0;0
FR;8;2022-04-24;0;0;0;0;0;0;0;0;0;0;0;0;0;0;0;0;0;0
FR;8;2022-04-25;0;0;0;0;0;0;0;0;0;0;0;0;0;0;0;0;0;0
FR;8;2022-04-26;0;0;0;0;0;0;0;0;0;0;0;0;0;0;0;0;0;0
FR;8;2022-04-27;0;0;0;0;0;0;0;0;0;0;0;0;0;0;0;0;0;0
FR;8;2022-04-28;0;0;0;0;0;0;0;0;0;0;0;0;0;0;0;0;0;0
FR;8;2022-04-29;0;0;0;0;0;0;0;0;0;0;0;0;0;0;0;0;0;0
FR;8;2022-04-30;0;0;0;0;0;0;0;0;0;0;0;0;0;0;0;0;0;0
FR;8;2022-05-01;0;0;0;0;0;0;0;0;0;0;0;0;0;0;0;0;0;0
FR;8;2022-05-02;0;0;0;0;0;0;0;0;0;0;0;0;0;0;0;0;0;0
FR;8;2022-05-03;0;0;0;0;0;0;0;0;0;0;0;0;0;0;0;0;0;0
FR;8;2022-05-04;0;0;0;0;0;0;0;0;0;0;0;0;0;0;0;0;0;0
FR;8;2022-05-05;0;0;0;0;0;0;0;0;0;0;0;0;0;0;0;0;0;0
FR;8;2022-05-06;0;0;0;0;0;0;0;0;0;0;0;0;0;0;0;0;0;0
FR;8;2022-05-07;0;0;0;0;0;0;0;0;0;0;0;0;0;0;0;0;0;0
FR;8;2022-05-08;0;0;0;0;0;0;0;0;0;0;0;0;0;0;0;0;0;0
FR;8;2022-05-09;0;0;0;0;0;0;0;0;0;0;0;0;0;0;0;0;0;0
FR;8;2022-05-10;0;0;0;0;0;0;0;0;0;0;0;0;0;0;0;0;0;0
FR;8;2022-05-11;0;0;0;0;0;0;0;0;0;0;0;0;0;0;0;0;0;0
FR;8;2022-05-12;0;0;0;0;0;0;0;0;0;0;0;0;0;0;0;0;0;0
FR;8;2022-05-13;0;0;0;0;0;0;0;0;0;0;0;0;0;0;0;0;0;0
FR;8;2022-05-14;0;0;0;0;0;0;0;0;0;0;0;0;0;0;0;0;0;0
FR;8;2022-05-15;0;0;0;0;0;0;0;0;0;0;0;0;0;0;0;0;0;0
FR;8;2022-05-16;0;0;0;0;0;0;0;0;0;0;0;0;0;0;0;0;0;0
FR;8;2022-05-17;0;0;0;0;0;0;0;0;0;0;0;0;0;0;0;0;0;0
FR;8;2022-05-18;0;0;0;0;0;0;0;0;0;0;0;0;0;0;0;0;0;0
FR;8;2022-05-19;0;0;0;0;0;0;0;0;0;0;0;0;0;0;0;0;0;0
FR;8;2022-05-20;0;0;0;0;0;0;0;0;0;0;0;0;0;0;0;0;0;0
FR;8;2022-05-21;0;0;0;0;0;0;0;0;0;0;0;0;0;0;0;0;0;0
FR;8;2022-05-22;0;0;0;0;0;0;0;0;0;0;0;0;0;0;0;0;0;0
FR;8;2022-05-23;0;0;0;0;0;0;0;0;0;0;0;0;0;0;0;0;0;0
FR;8;2022-05-24;0;0;0;0;0;0;0;0;0;0;0;0;0;0;0;0;0;0
FR;8;2022-05-25;0;0;0;0;0;0;0;0;0;0;0;0;0;0;0;0;0;0
FR;8;2022-05-26;0;0;0;0;0;0;0;0;0;0;0;0;0;0;0;0;0;0
FR;8;2022-05-27;0;0;0;0;0;0;0;0;0;0;0;0;0;0;0;0;0;0
FR;8;2022-05-28;0;0;0;0;0;0;0;0;0;0;0;0;0;0;0;0;0;0
FR;8;2022-05-29;0;0;0;0;0;0;0;0;0;0;0;0;0;0;0;0;0;0
FR;8;2022-05-30;0;0;0;0;0;0;0;0;0;0;0;0;0;0;0;0;0;0
FR;8;2022-05-31;0;0;0;0;0;0;0;0;0;0;0;0;0;0;0;0;0;0
FR;8;2022-06-01;0;0;0;0;0;0;0;0;0;0;0;0;0;0;0;0;0;0
FR;8;2022-06-02;0;0;0;0;0;0;0;0;0;0;0;0;0;0;0;0;0;0
FR;8;2022-06-03;0;0;0;0;0;0;0;0;0;0;0;0;0;0;0;0;0;0
FR;8;2022-06-04;0;0;0;0;0;0;0;0;0;0;0;0;0;0;0;0;0;0
FR;8;2022-06-05;0;0;0;0;0;0;0;0;0;0;0;0;0;0;0;0;0;0
FR;8;2022-06-06;0;0;0;0;0;0;0;0;0;0;0;0;0;0;0;0;0;0
FR;8;2022-06-07;0;0;0;0;0;0;0;0;0;0;0;0;0;0;0;0;0;0
FR;8;2022-06-08;0;0;0;0;0;0;0;0;0;0;0;0;0;0;0;0;0;0
FR;8;2022-06-09;0;0;0;0;0;0;0;0;0;0;0;0;0;0;0;0;0;0
FR;8;2022-06-10;0;0;0;0;0;0;0;0;0;0;0;0;0;0;0;0;0;0
FR;8;2022-06-11;0;0;0;0;0;0;0;0;0;0;0;0;0;0;0;0;0;0
FR;8;2022-06-12;0;0;0;0;0;0;0;0;0;0;0;0;0;0;0;0;0;0
FR;8;2022-06-13;0;0;0;0;0;0;0;0;0;0;0;0;0;0;0;0;0;0
FR;8;2022-06-14;0;0;0;0;0;0;0;0;0;0;0;0;0;0;0;0;0;0
FR;8;2022-06-15;0;0;0;0;0;0;0;0;0;0;0;0;0;0;0;0;0;0
FR;8;2022-06-16;0;0;0;0;0;0;0;0;0;0;0;0;0;0;0;0;0;0
FR;8;2022-06-17;0;0;0;0;0;0;0;0;0;0;0;0;0;0;0;0;0;0
FR;8;2022-06-18;0;0;0;0;0;0;0;0;0;0;0;0;0;0;0;0;0;0
FR;8;2022-06-19;0;0;0;0;0;0;0;0;0;0;0;0;0;0;0;0;0;0
FR;8;2022-06-20;0;0;0;0;0;0;0;0;0;0;0;0;0;0;0;0;0;0
FR;8;2022-06-21;0;0;0;0;0;0;0;0;0;0;0;0;0;0;0;0;0;0
FR;8;2022-06-22;0;0;0;0;0;0;0;0;0;0;0;0;0;0;0;0;0;0
FR;8;2022-06-23;0;0;0;0;0;0;0;0;0;0;0;0;0;0;0;0;0;0
FR;8;2022-06-24;0;0;0;0;0;0;0;0;0;0;0;0;0;0;0;0;0;0
FR;8;2022-06-25;0;0;0;0;0;0;0;0;0;0;0;0;0;0;0;0;0;0
FR;8;2022-06-26;0;0;0;0;0;0;0;0;0;0;0;0;0;0;0;0;0;0
FR;8;2022-06-27;0;0;0;0;0;0;0;0;0;0;0;0;0;0;0;0;0;0
FR;8;2022-06-28;0;0;0;0;0;0;0;0;0;0;0;0;0;0;0;0;0;0
FR;8;2022-06-29;0;0;0;0;0;0;0;0;0;0;0;0;0;0;0;0;0;0
FR;8;2022-06-30;0;0;0;0;0;0;0;0;0;0;0;0;0;0;0;0;0;0
FR;8;2022-07-01;0;0;0;0;0;0;0;0;0;0;0;0;0;0;0;0;0;0
FR;8;2022-07-02;0;0;0;0;0;0;0;0;0;0;0;0;0;0;0;0;0;0
FR;8;2022-07-03;0;0;0;0;0;0;0;0;0;0;0;0;0;0;0;0;0;0
FR;8;2022-07-04;0;0;0;0;0;0;0;0;0;0;0;0;0;0;0;0;0;0
FR;8;2022-07-05;0;0;0;0;0;0;0;0;0;0;0;0;0;0;0;0;0;0
FR;8;2022-07-06;0;0;0;0;0;0;0;0;0;0;0;0;0;0;0;0;0;0
FR;8;2022-07-07;0;0;0;0;0;0;0;0;0;0;0;0;0;0;0;0;0;0
FR;8;2022-07-08;0;0;0;0;0;0;0;0;0;0;0;0;0;0;0;0;0;0
FR;8;2022-07-09;0;0;0;0;0;0;0;0;0;0;0;0;0;0;0;0;0;0
FR;8;2022-07-10;0;0;0;0;0;0;0;0;0;0;0;0;0;0;0;0;0;0
FR;8;2022-07-11;0;0;0;0;0;0;0;0;0;0;0;0;0;0;0;0;0;0
FR;8;2022-07-12;0;0;0;0;0;0;0;0;0;0;0;0;0;0;0;0;0;0
FR;8;2022-07-13;0;0;0;0;0;0;0;0;0;0;0;0;0;0;0;0;0;0
FR;8;2022-07-14;0;0;0;0;0;0;0;0;0;0;0;0;0;0;0;0;0;0
FR;8;2022-07-15;0;0;0;0;0;0;0;0;0;0;0;0;0;0;0;0;0;0
FR;8;2022-07-16;0;0;0;0;0;0;0;0;0;0;0;0;0;0;0;0;0;0
FR;8;2022-07-17;0;0;0;0;0;0;0;0;0;0;0;0;0;0;0;0;0;0
FR;8;2022-07-18;0;0;0;0;0;0;0;0;0;0;0;0;0;0;0;0;0;0
FR;8;2022-07-19;0;0;0;0;0;0;0;0;0;0;0;0;0;0;0;0;0;0
FR;8;2022-07-20;0;0;0;0;0;0;0;0;0;0;0;0;0;0;0;0;0;0
FR;8;2022-07-21;0;0;0;0;0;0;0;0;0;0;0;0;0;0;0;0;0;0
FR;8;2022-07-22;0;0;0;0;0;0;0;0;0;0;0;0;0;0;0;0;0;0
FR;8;2022-07-23;0;0;0;0;0;0;0;0;0;0;0;0;0;0;0;0;0;0
FR;8;2022-07-24;0;0;0;0;0;0;0;0;0;0;0;0;0;0;0;0;0;0
FR;8;2022-07-25;0;0;0;0;0;0;0;0;0;0;0;0;0;0;0;0;0;0
FR;8;2022-07-26;0;0;0;0;0;0;0;0;0;0;0;0;0;0;0;0;0;0
FR;8;2022-07-27;0;0;0;0;0;0;0;0;0;0;0;0;0;0;0;0;0;0
FR;8;2022-07-28;0;0;0;0;0;0;0;0;0;0;0;0;0;0;0;0;0;0
FR;8;2022-07-29;0;0;0;0;0;0;0;0;0;0;0;0;0;0;0;0;0;0
FR;8;2022-07-30;0;0;0;0;0;0;0;0;0;0;0;0;0;0;0;0;0;0
FR;8;2022-07-31;0;0;0;0;0;0;0;0;0;0;0;0;0;0;0;0;0;0
FR;8;2022-08-01;0;0;0;0;0;0;0;0;0;0;0;0;0;0;0;0;0;0
FR;8;2022-08-02;0;0;0;0;0;0;0;0;0;0;0;0;0;0;0;0;0;0
FR;8;2022-08-03;0;0;0;0;0;0;0;0;0;0;0;0;0;0;0;0;0;0
FR;8;2022-08-04;0;0;0;0;0;0;0;0;0;0;0;0;0;0;0;0;0;0
FR;8;2022-08-05;0;0;0;0;0;0;0;0;0;0;0;0;0;0;0;0;0;0
FR;8;2022-08-06;0;0;0;0;0;0;0;0;0;0;0;0;0;0;0;0;0;0
FR;8;2022-08-07;0;0;0;0;0;0;0;0;0;0;0;0;0;0;0;0;0;0
FR;8;2022-08-08;0;0;0;0;0;0;0;0;0;0;0;0;0;0;0;0;0;0
FR;8;2022-08-09;0;0;0;0;0;0;0;0;0;0;0;0;0;0;0;0;0;0
FR;8;2022-08-10;0;0;0;0;0;0;0;0;0;0;0;0;0;0;0;0;0;0
FR;8;2022-08-11;0;0;0;0;0;0;0;0;0;0;0;0;0;0;0;0;0;0
FR;8;2022-08-12;0;0;0;0;0;0;0;0;0;0;0;0;0;0;0;0;0;0
FR;8;2022-08-13;0;0;0;0;0;0;0;0;0;0;0;0;0;0;0;0;0;0
FR;8;2022-08-14;0;0;0;0;0;0;0;0;0;0;0;0;0;0;0;0;0;0
FR;8;2022-08-15;0;0;0;0;0;0;0;0;0;0;0;0;0;0;0;0;0;0
FR;8;2022-08-16;0;0;0;0;0;0;0;0;0;0;0;0;0;0;0;0;0;0
FR;8;2022-08-17;0;0;0;0;0;0;0;0;0;0;0;0;0;0;0;0;0;0
FR;8;2022-08-18;0;0;0;0;0;0;0;0;0;0;0;0;0;0;0;0;0;0
FR;8;2022-08-19;0;0;0;0;0;0;0;0;0;0;0;0;0;0;0;0;0;0
FR;8;2022-08-20;0;0;0;0;0;0;0;0;0;0;0;0;0;0;0;0;0;0
FR;8;2022-08-21;0;0;0;0;0;0;0;0;0;0;0;0;0;0;0;0;0;0
FR;8;2022-08-22;0;0;0;0;0;0;0;0;0;0;0;0;0;0;0;0;0;0
FR;8;2022-08-23;0;0;0;0;0;0;0;0;0;0;0;0;0;0;0;0;0;0
FR;8;2022-08-24;0;0;0;0;0;0;0;0;0;0;0;0;0;0;0;0;0;0
FR;8;2022-08-25;0;0;0;0;0;0;0;0;0;0;0;0;0;0;0;0;0;0
FR;8;2022-08-26;0;0;0;0;0;0;0;0;0;0;0;0;0;0;0;0;0;0
FR;8;2022-08-27;0;0;0;0;0;0;0;0;0;0;0;0;0;0;0;0;0;0
FR;8;2022-08-28;0;0;0;0;0;0;0;0;0;0;0;0;0;0;0;0;0;0
FR;8;2022-08-29;0;0;0;0;0;0;0;0;0;0;0;0;0;0;0;0;0;0
FR;8;2022-08-30;0;0;0;0;0;0;0;0;0;0;0;0;0;0;0;0;0;0
FR;8;2022-08-31;0;0;0;0;0;0;0;0;0;0;0;0;0;0;0;0;0;0
FR;8;2022-09-01;0;0;0;0;0;0;0;0;0;0;0;0;0;0;0;0;0;0
FR;8;2022-09-02;0;0;0;0;0;0;0;0;0;0;0;0;0;0;0;0;0;0
FR;8;2022-09-03;0;0;0;0;0;0;0;0;0;0;0;0;0;0;0;0;0;0
FR;8;2022-09-04;0;0;0;0;0;0;0;0;0;0;0;0;0;0;0;0;0;0
FR;8;2022-09-05;0;0;0;0;0;0;0;0;0;0;0;0;0;0;0;0;0;0
FR;8;2022-09-06;0;0;0;0;0;0;0;0;0;0;0;0;0;0;0;0;0;0
FR;8;2022-09-07;0;0;0;0;0;0;0;0;0;0;0;0;0;0;0;0;0;0
FR;8;2022-09-08;0;0;0;0;0;0;0;0;0;0;0;0;0;0;0;0;0;0
FR;8;2022-09-09;0;0;0;0;0;0;0;0;0;0;0;0;0;0;0;0;0;0
FR;8;2022-09-10;0;0;0;0;0;0;0;0;0;0;0;0;0;0;0;0;0;0
FR;8;2022-09-11;0;0;0;0;0;0;0;0;0;0;0;0;0;0;0;0;0;0
FR;8;2022-09-12;0;0;0;0;0;0;0;0;0;0;0;0;0;0;0;0;0;0
FR;8;2022-09-13;0;0;0;0;0;0;0;0;0;0;0;0;0;0;0;0;0;0
FR;8;2022-09-14;0;0;0;0;0;0;0;0;0;0;0;0;0;0;0;0;0;0
FR;8;2022-09-15;0;0;0;0;0;0;0;0;0;0;0;0;0;0;0;0;0;0
FR;8;2022-09-16;0;0;0;0;0;0;0;0;0;0;0;0;0;0;0;0;0;0
FR;8;2022-09-17;0;0;0;0;0;0;0;0;0;0;0;0;0;0;0;0;0;0
FR;8;2022-09-18;0;0;0;0;0;0;0;0;0;0;0;0;0;0;0;0;0;0
FR;8;2022-09-19;0;0;0;0;0;0;0;0;0;0;0;0;0;0;0;0;0;0
FR;8;2022-09-20;0;0;0;0;0;0;0;0;0;0;0;0;0;0;0;0;0;0
FR;8;2022-09-21;0;0;0;0;0;0;0;0;0;0;0;0;0;0;0;0;0;0
FR;8;2022-09-22;0;0;0;0;0;0;0;0;0;0;0;0;0;0;0;0;0;0
FR;8;2022-09-23;0;0;0;0;0;0;0;0;0;0;0;0;0;0;0;0;0;0
FR;8;2022-09-24;0;0;0;0;0;0;0;0;0;0;0;0;0;0;0;0;0;0
FR;8;2022-09-25;0;0;0;0;0;0;0;0;0;0;0;0;0;0;0;0;0;0
FR;8;2022-09-26;0;0;0;0;0;0;0;0;0;0;0;0;0;0;0;0;0;0
FR;8;2022-09-27;0;0;0;0;0;0;0;0;0;0;0;0;0;0;0;0;0;0
FR;8;2022-09-28;0;0;0;0;0;0;0;0;0;0;0;0;0;0;0;0;0;0
FR;8;2022-09-29;0;0;0;0;0;0;0;0;0;0;0;0;0;0;0;0;0;0
FR;8;2022-09-30;0;0;0;0;0;0;0;0;0;0;0;0;0;0;0;0;0;0
FR;8;2022-10-01;0;0;0;0;0;0;0;0;0;0;0;0;0;0;0;0;0;0
FR;8;2022-10-02;0;0;0;0;0;0;0;0;0;0;0;0;0;0;0;0;0;0
FR;8;2022-10-03;0;0;0;0;0;0;0;0;0;0;0;0;0;0;0;0;0;0
FR;8;2022-10-04;0;0;0;0;0;0;0;0;0;0;0;0;0;0;0;0;0;0
FR;8;2022-10-05;0;0;0;0;0;0;0;0;0;0;0;0;0;0;0;0;0;0
FR;8;2022-10-06;7;17;111;859;8;80;865;1055;110;7;17;111;859;8;80;865;1055;110
FR;8;2022-10-07;68;101;842;8010;62;699;8064;9841;1071;75;118;953;8869;70;779;8929;10896;1181
FR;8;2022-10-08;35;115;610;4054;50;516;4106;5307;676;110;233;1563;12923;120;1295;13035;16203;1857
FR;8;2022-10-09;17;22;145;885;13;132;913;1233;184;127;255;1708;13808;133;1427;13948;17436;2041
FR;8;2022-10-10;116;192;1342;12681;106;1026;12920;16190;2224;243;447;3050;26489;239;2453;26868;33626;4265
FR;8;2022-10-11;176;261;2475;26910;135;2010;27182;33937;4708;419;708;5525;53399;374;4463;54050;67563;8973
FR;8;2022-10-12;151;255;1830;18230;148;1441;18465;23462;3532;570;963;7355;71629;522;5904;72515;91025;12505
FR;8;2022-10-13;205;276;2506;28034;173;1899;28397;35529;5205;775;1239;9861;99663;695;7803;100912;126554;17710
FR;8;2022-10-14;254;419;3271;36228;242;2555;36655;45547;6295;1029;1658;13132;135891;937;10358;137567;172101;24005
FR;8;2022-10-15;102;181;1201;8802;78;1000;8931;11781;1830;1131;1839;14333;144693;1015;11358;146498;183882;25835
FR;8;2022-10-16;34;54;248;1520;26;215;1555;2175;400;1165;1893;14581;146213;1041;11573;148053;186057;26235
FR;8;2022-10-17;157;308;2097;21754;171;1624;22063;28242;4533;1322;2201;16678;167967;1212;13197;170116;214299;30768
FR;8;2022-10-18;268;347;3352;37831;224;2652;38213;50746;9808;1590;2548;20030;205798;1436;15849;208329;265045;40576
FR;8;2022-10-19;192;313;2625;28275;182;2183;28604;38677;7829;1782;2861;22655;234073;1618;18032;236933;303722;48405
FR;8;2022-10-20;251;363;3574;41146;222;2639;41769;55613;11120;2033;3224;26229;275219;1840;20671;278702;359335;59525
FR;8;2022-10-21;324;489;4448;49367;276;3460;49969;66229;12703;2357;3713;30677;324586;2116;24131;328671;425564;72228
FR;8;2022-10-22;123;168;1230;10658;110;926;10847;14732;2941;2480;3881;31907;335244;2226;25057;339518;440296;75169
FR;8;2022-10-23;49;53;266;1760;48;197;1839;2605;568;2529;3934;32173;337004;2274;25254;341357;442901;75737
FR;8;2022-10-24;230;311;2469;23997;173;2061;24305;33459;7043;2759;4245;34642;361001;2447;27315;365662;476360;82780
FR;8;2022-10-25;307;411;4075;43387;255;3130;43986;61188;13969;3066;4656;38717;404388;2702;30445;409648;537548;96749
FR;8;2022-10-26;224;338;2858;28620;181;2355;28935;41211;9833;3290;4994;41575;433008;2883;32800;438583;578759;106582
FR;8;2022-10-27;273;414;3318;36090;241;2626;36583;51058;11784;3563;5408;44893;469098;3124;35426;475166;629817;118366
FR;8;2022-10-28;327;460;3819;39341;255;2855;40083;54866;11859;3890;5868;48712;508439;3379;38281;515249;684683;130225
FR;8;2022-10-29;109;165;1071;8219;94;800;8363;11844;2664;3999;6033;49783;516658;3473;39081;523612;696527;132889
FR;8;2022-10-30;40;53;209;1333;38;180;1377;2045;484;4039;6086;49992;517991;3511;39261;524989;698572;133373
FR;8;2022-10-31;195;254;1658;14513;138;1271;14777;21094;5028;4234;6340;51650;532504;3649;40532;539766;719666;138401
FR;8;2022-11-01;24;39;132;951;21;166;967;1587;452;4258;6379;51782;533455;3670;40698;540733;721253;138853
FR;8;2022-11-02;192;368;2368;23238;202;1966;23627;34886;9226;4450;6747;54150;556693;3872;42664;564360;756139;148079
FR;8;2022-11-03;307;412;3467;36815;251;2594;37453;54365;14221;4757;7159;57617;593508;4123;45258;601813;810504;162300
FR;8;2022-11-04;352;495;3777;40172;258;2972;40689;57910;14138;5109;7654;61394;633680;4381;48230;642502;868414;176438
FR;8;2022-11-05;112;182;1097;8742;117;847;8905;12845;3058;5221;7836;62491;642422;4498;49077;651407;881259;179496
FR;8;2022-11-06;41;56;223;1400;38;205;1433;2236;588;5262;7892;62714;643822;4536;49282;652840;883495;180084
FR;8;2022-11-07;223;274;2305;24608;200;1781;25188;37197;10162;5485;8166;65019;668430;4736;51063;678028;920692;190246
FR;8;2022-11-08;337;498;4314;48266;297;3235;49224;71268;18647;5822;8664;69333;716696;5033;54298;727252;991960;208893
FR;8;2022-11-09;254;364;2850;29107;205;2239;29780;44288;12187;6076;9028;72183;745803;5238;56537;757032;1036248;221080
FR;8;2022-11-10;362;529;3934;40122;301;3004;41040;60198;16016;6438;9557;76117;785925;5539;59541;798072;1096446;237096
FR;8;2022-11-11;39;63;242;1468;30;204;1515;2654;922;6477;9620;76359;787393;5569;59745;799587;1099100;238018
FR;8;2022-11-12;84;165;881;6425;79;686;6629;9884;2550;6561;9785;77240;793818;5648;60431;806216;1108984;240568
FR;8;2022-11-13;35;54;211;1107;34;171;1159;1915;579;6596;9839;77451;794925;5682;60602;807375;1110899;241147
FR;8;2022-11-14;225;302;2218;22336;161;1708;22864;34795;10151;6821;10141;79669;817261;5843;62310;830239;1145694;251298
FR;8;2022-11-15;334;416;3737;42123;251;2826;43042;64382;18384;7155;10557;83406;859384;6094;65136;873281;1210076;269682
FR;8;2022-11-16;295;344;2594;26263;210;2130;26722;41308;12372;7450;10901;86000;885647;6304;67266;900003;1251384;282054
FR;8;2022-11-17;359;423;3354;36658;283;2586;37237;56087;16167;7809;11324;89354;922305;6587;69852;937240;1307471;298221
FR;8;2022-11-18;338;459;4046;42143;278;2957;42982;63290;17247;8147;11783;93400;964448;6865;72809;980222;1370761;315468
FR;8;2022-11-19;118;177;1195;8929;115;835;9111;13710;3728;8265;11960;94595;973377;6980;73644;989333;1384471;319196
FR;8;2022-11-20;33;48;260;1581;33;216;1648;2637;769;8298;12008;94855;974958;7013;73860;990981;1387108;319965
FR;8;2022-11-21;206;298;2046;19910;171;1560;20435;31705;9647;8504;12306;96901;994868;7184;75420;1011416;1418813;329612
FR;8;2022-11-22;330;404;3427;37300;243;2630;37808;57590;17041;8834;12710;100328;1032168;7427;78050;1049224;1476403;346653
FR;8;2022-11-23;222;314;2385;24258;176;1987;24687;38886;12131;9056;13024;102713;1056426;7603;80037;1073911;1515289;358784
FR;8;2022-11-24;342;372;3341;34644;225;2537;35291;54647;16723;9398;13396;106054;1091070;7828;82574;1109202;1569936;375507
FR;8;2022-11-25;306;411;3610;37535;272;2600;38332;57430;16374;9704;13807;109664;1128605;8100;85174;1147534;1627366;391881
FR;8;2022-11-26;165;194;1174;8777;126;896;8936;13620;3757;9869;14001;110838;1137382;8226;86070;1156470;1640986;395638
FR;8;2022-11-27;43;40;224;1538;33;179;1552;2456;715;9912;14041;111062;1138920;8259;86249;1158022;1643442;396353
FR;8;2022-11-28;175;294;2284;23202;166;1679;23845;36958;11360;10087;14335;113346;1162122;8425;87928;1181867;1680400;407713
FR;8;2022-11-29;287;420;3925;43745;213;2894;44411;68541;21114;10374;14755;117271;1205867;8638;90822;1226278;1748941;428827
FR;8;2022-11-30;277;401;3332;34668;217;2512;35403;54279;16247;10651;15156;120603;1240535;8855;93334;1261681;1803220;445074
FR;8;2022-12-01;317;451;4390;48826;256;3019;49624;76698;23894;10968;15607;124993;1289361;9111;96353;1311305;1879918;468968
FR;8;2022-12-02;390;506;5386;58053;289;3695;59236;89128;26009;11358;16113;130379;1347414;9400;100048;1370541;1969046;494977
FR;8;2022-12-03;171;214;1900;16774;108;1310;17188;25691;7159;11529;16327;132279;1364188;9508;101358;1387729;1994737;502136
FR;8;2022-12-04;54;88;484;4024;58;399;4084;6232;1737;11583;16415;132763;1368212;9566;101757;1391813;2000969;503873
FR;8;2022-12-05;268;385;3788;42099;238;2457;43011;66349;20734;11851;16800;136551;1410311;9804;104214;1434824;2067318;524607
FR;8;2022-12-06;406;527;6244;73753;285;4158;75173;116858;37291;12257;17327;142795;1484064;10089;108372;1509997;2184176;561898
FR;8;2022-12-07;343;418;4850;54591;251;3180;55666;86808;27770;12600;17745;147645;1538655;10340;111552;1565663;2270984;589668
FR;8;2022-12-08;436;516;6344;74703;279;4096;76280;119140;38510;13036;18261;153989;1613358;10619;115648;1641943;2390124;628178
FR;8;2022-12-09;534;592;7900;90174;344;5103;91932;141434;44138;13570;18853;161889;1703532;10963;120751;1733875;2531558;672316
FR;8;2022-12-10;257;288;3316;31512;156;2067;32358;48385;13870;13827;19141;165205;1735044;11119;122818;1766233;2579943;686186
FR;8;2022-12-11;85;95;929;7755;62;629;8001;11757;3107;13912;19236;166134;1742799;11181;123447;1774234;2591700;689293
FR;8;2022-12-12;341;445;5734;63626;237;3630;65082;101933;33031;14253;19681;171868;1806425;11418;127077;1839316;2693633;722324
FR;8;2022-12-13;502;576;8276;98045;329;5056;100439;157959;52141;14755;20257;180144;1904470;11747;132133;1939755;2851592;774465
FR;8;2022-12-14;429;508;6229;69051;292;4064;70600;111326;36404;15184;20765;186373;1973521;12039;136197;2010355;2962918;810869
FR;8;2022-12-15;455;598;7902;89909;316;4974;92101;145825;48425;15639;21363;194275;2063430;12355;141171;2102456;3108743;859294
FR;8;2022-12-16;532;679;8627;98149;350;5498;100099;157908;51951;16171;22042;202902;2161579;12705;146669;2202555;3266651;911245
FR;8;2022-12-17;220;286;3051;29282;167;1925;30067;45474;13381;16391;22328;205953;2190861;12872;148594;2232622;3312125;924626
FR;8;2022-12-18;61;82;700;5736;40;464;5910;8875;2475;16452;22410;206653;2196597;12912;149058;2238532;3321000;927101
FR;8;2022-12-19;357;424;5070;51351;237;3147;52865;83319;27149;16809;22834;211723;2247948;13149;152205;2291397;3404319;954250
FR;9;2020-12-27;0;0;0;0;0;0;0;0;0;0;0;0;0;0;0;0;0;0
FR;9;2020-12-28;0;0;0;0;0;0;0;0;0;0;0;0;0;0;0;0;0;0
FR;9;2020-12-29;0;0;0;0;0;0;0;0;0;0;0;0;0;0;0;0;0;0
FR;9;2020-12-30;0;0;0;0;0;0;0;0;0;0;0;0;0;0;0;0;0;0
FR;9;2020-12-31;0;0;0;0;0;0;0;0;0;0;0;0;0;0;0;0;0;0
FR;9;2021-01-01;0;0;0;0;0;0;0;0;0;0;0;0;0;0;0;0;0;0
FR;9;2021-01-02;0;0;0;0;0;0;0;0;0;0;0;0;0;0;0;0;0;0
FR;9;2021-01-03;0;0;0;0;0;0;0;0;0;0;0;0;0;0;0;0;0;0
FR;9;2021-01-04;0;0;0;0;0;0;0;0;0;0;0;0;0;0;0;0;0;0
FR;9;2021-01-05;0;0;0;0;0;0;0;0;0;0;0;0;0;0;0;0;0;0
FR;9;2021-01-06;0;0;0;0;0;0;0;0;0;0;0;0;0;0;0;0;0;0
FR;9;2021-01-07;0;0;0;0;0;0;0;0;0;0;0;0;0;0;0;0;0;0
FR;9;2021-01-08;0;0;0;0;0;0;0;0;0;0;0;0;0;0;0;0;0;0
FR;9;2021-01-09;0;0;0;0;0;0;0;0;0;0;0;0;0;0;0;0;0;0
FR;9;2021-01-10;0;0;0;0;0;0;0;0;0;0;0;0;0;0;0;0;0;0
FR;9;2021-01-11;0;0;0;0;0;0;0;0;0;0;0;0;0;0;0;0;0;0
FR;9;2021-01-12;0;0;0;0;0;0;0;0;0;0;0;0;0;0;0;0;0;0
FR;9;2021-01-13;0;0;0;0;0;0;0;0;0;0;0;0;0;0;0;0;0;0
FR;9;2021-01-14;0;0;0;0;0;0;0;0;0;0;0;0;0;0;0;0;0;0
FR;9;2021-01-15;0;0;0;0;0;0;0;0;0;0;0;0;0;0;0;0;0;0
FR;9;2021-01-16;0;0;0;0;0;0;0;0;0;0;0;0;0;0;0;0;0;0
FR;9;2021-01-17;0;0;0;0;0;0;0;0;0;0;0;0;0;0;0;0;0;0
FR;9;2021-01-18;0;0;0;0;0;0;0;0;0;0;0;0;0;0;0;0;0;0
FR;9;2021-01-19;0;0;0;0;0;0;0;0;0;0;0;0;0;0;0;0;0;0
FR;9;2021-01-20;0;0;0;0;0;0;0;0;0;0;0;0;0;0;0;0;0;0
FR;9;2021-01-21;0;0;0;0;0;0;0;0;0;0;0;0;0;0;0;0;0;0
FR;9;2021-01-22;0;0;0;0;0;0;0;0;0;0;0;0;0;0;0;0;0;0
FR;9;2021-01-23;0;0;0;0;0;0;0;0;0;0;0;0;0;0;0;0;0;0
FR;9;2021-01-24;0;0;0;0;0;0;0;0;0;0;0;0;0;0;0;0;0;0
FR;9;2021-01-25;0;0;0;0;0;0;0;0;0;0;0;0;0;0;0;0;0;0
FR;9;2021-01-26;0;0;0;0;0;0;0;0;0;0;0;0;0;0;0;0;0;0
FR;9;2021-01-27;0;0;0;0;0;0;0;0;0;0;0;0;0;0;0;0;0;0
FR;9;2021-01-28;0;0;0;0;0;0;0;0;0;0;0;0;0;0;0;0;0;0
FR;9;2021-01-29;0;0;0;0;0;0;0;0;0;0;0;0;0;0;0;0;0;0
FR;9;2021-01-30;0;0;0;0;0;0;0;0;0;0;0;0;0;0;0;0;0;0
FR;9;2021-01-31;0;0;0;0;0;0;0;0;0;0;0;0;0;0;0;0;0;0
FR;9;2021-02-01;0;0;0;0;0;0;0;0;0;0;0;0;0;0;0;0;0;0
FR;9;2021-02-02;0;0;0;0;0;0;0;0;0;0;0;0;0;0;0;0;0;0
FR;9;2021-02-03;0;0;0;0;0;0;0;0;0;0;0;0;0;0;0;0;0;0
FR;9;2021-02-04;0;0;0;0;0;0;0;0;0;0;0;0;0;0;0;0;0;0
FR;9;2021-02-05;0;0;0;0;0;0;0;0;0;0;0;0;0;0;0;0;0;0
FR;9;2021-02-06;0;0;0;0;0;0;0;0;0;0;0;0;0;0;0;0;0;0
FR;9;2021-02-07;0;0;0;0;0;0;0;0;0;0;0;0;0;0;0;0;0;0
FR;9;2021-02-08;0;0;0;0;0;0;0;0;0;0;0;0;0;0;0;0;0;0
FR;9;2021-02-09;0;0;0;0;0;0;0;0;0;0;0;0;0;0;0;0;0;0
FR;9;2021-02-10;0;0;0;0;0;0;0;0;0;0;0;0;0;0;0;0;0;0
FR;9;2021-02-11;0;0;0;0;0;0;0;0;0;0;0;0;0;0;0;0;0;0
FR;9;2021-02-12;0;0;0;0;0;0;0;0;0;0;0;0;0;0;0;0;0;0
FR;9;2021-02-13;0;0;0;0;0;0;0;0;0;0;0;0;0;0;0;0;0;0
FR;9;2021-02-14;0;0;0;0;0;0;0;0;0;0;0;0;0;0;0;0;0;0
FR;9;2021-02-15;0;0;0;0;0;0;0;0;0;0;0;0;0;0;0;0;0;0
FR;9;2021-02-16;0;0;0;0;0;0;0;0;0;0;0;0;0;0;0;0;0;0
FR;9;2021-02-17;0;0;0;0;0;0;0;0;0;0;0;0;0;0;0;0;0;0
FR;9;2021-02-18;0;0;0;0;0;0;0;0;0;0;0;0;0;0;0;0;0;0
FR;9;2021-02-19;0;0;0;0;0;0;0;0;0;0;0;0;0;0;0;0;0;0
FR;9;2021-02-20;0;0;0;0;0;0;0;0;0;0;0;0;0;0;0;0;0;0
FR;9;2021-02-21;0;0;0;0;0;0;0;0;0;0;0;0;0;0;0;0;0;0
FR;9;2021-02-22;0;0;0;0;0;0;0;0;0;0;0;0;0;0;0;0;0;0
FR;9;2021-02-23;0;0;0;0;0;0;0;0;0;0;0;0;0;0;0;0;0;0
FR;9;2021-02-24;0;0;0;0;0;0;0;0;0;0;0;0;0;0;0;0;0;0
FR;9;2021-02-25;0;0;0;0;0;0;0;0;0;0;0;0;0;0;0;0;0;0
FR;9;2021-02-26;0;0;0;0;0;0;0;0;0;0;0;0;0;0;0;0;0;0
FR;9;2021-02-27;0;0;0;0;0;0;0;0;0;0;0;0;0;0;0;0;0;0
FR;9;2021-02-28;0;0;0;0;0;0;0;0;0;0;0;0;0;0;0;0;0;0
FR;9;2021-03-01;0;0;0;0;0;0;0;0;0;0;0;0;0;0;0;0;0;0
FR;9;2021-03-02;0;0;0;0;0;0;0;0;0;0;0;0;0;0;0;0;0;0
FR;9;2021-03-03;0;0;0;0;0;0;0;0;0;0;0;0;0;0;0;0;0;0
FR;9;2021-03-04;0;0;0;0;0;0;0;0;0;0;0;0;0;0;0;0;0;0
FR;9;2021-03-05;0;0;0;0;0;0;0;0;0;0;0;0;0;0;0;0;0;0
FR;9;2021-03-06;0;0;0;0;0;0;0;0;0;0;0;0;0;0;0;0;0;0
FR;9;2021-03-07;0;0;0;0;0;0;0;0;0;0;0;0;0;0;0;0;0;0
FR;9;2021-03-08;0;0;0;0;0;0;0;0;0;0;0;0;0;0;0;0;0;0
FR;9;2021-03-09;0;0;0;0;0;0;0;0;0;0;0;0;0;0;0;0;0;0
FR;9;2021-03-10;0;0;0;0;0;0;0;0;0;0;0;0;0;0;0;0;0;0
FR;9;2021-03-11;0;0;0;0;0;0;0;0;0;0;0;0;0;0;0;0;0;0
FR;9;2021-03-12;0;0;0;0;0;0;0;0;0;0;0;0;0;0;0;0;0;0
FR;9;2021-03-13;0;0;0;0;0;0;0;0;0;0;0;0;0;0;0;0;0;0
FR;9;2021-03-14;0;0;0;0;0;0;0;0;0;0;0;0;0;0;0;0;0;0
FR;9;2021-03-15;0;0;0;0;0;0;0;0;0;0;0;0;0;0;0;0;0;0
FR;9;2021-03-16;0;0;0;0;0;0;0;0;0;0;0;0;0;0;0;0;0;0
FR;9;2021-03-17;0;0;0;0;0;0;0;0;0;0;0;0;0;0;0;0;0;0
FR;9;2021-03-18;0;0;0;0;0;0;0;0;0;0;0;0;0;0;0;0;0;0
FR;9;2021-03-19;0;0;0;0;0;0;0;0;0;0;0;0;0;0;0;0;0;0
FR;9;2021-03-20;0;0;0;0;0;0;0;0;0;0;0;0;0;0;0;0;0;0
FR;9;2021-03-21;0;0;0;0;0;0;0;0;0;0;0;0;0;0;0;0;0;0
FR;9;2021-03-22;0;0;0;0;0;0;0;0;0;0;0;0;0;0;0;0;0;0
FR;9;2021-03-23;0;0;0;0;0;0;0;0;0;0;0;0;0;0;0;0;0;0
FR;9;2021-03-24;0;0;0;0;0;0;0;0;0;0;0;0;0;0;0;0;0;0
FR;9;2021-03-25;0;0;0;0;0;0;0;0;0;0;0;0;0;0;0;0;0;0
FR;9;2021-03-26;0;0;0;0;0;0;0;0;0;0;0;0;0;0;0;0;0;0
FR;9;2021-03-27;0;0;0;0;0;0;0;0;0;0;0;0;0;0;0;0;0;0
FR;9;2021-03-28;0;0;0;0;0;0;0;0;0;0;0;0;0;0;0;0;0;0
FR;9;2021-03-29;0;0;0;0;0;0;0;0;0;0;0;0;0;0;0;0;0;0
FR;9;2021-03-30;0;0;0;0;0;0;0;0;0;0;0;0;0;0;0;0;0;0
FR;9;2021-03-31;0;0;0;0;0;0;0;0;0;0;0;0;0;0;0;0;0;0
FR;9;2021-04-01;0;0;0;0;0;0;0;0;0;0;0;0;0;0;0;0;0;0
FR;9;2021-04-02;0;0;0;0;0;0;0;0;0;0;0;0;0;0;0;0;0;0
FR;9;2021-04-03;0;0;0;0;0;0;0;0;0;0;0;0;0;0;0;0;0;0
FR;9;2021-04-04;0;0;0;0;0;0;0;0;0;0;0;0;0;0;0;0;0;0
FR;9;2021-04-05;0;0;0;0;0;0;0;0;0;0;0;0;0;0;0;0;0;0
FR;9;2021-04-06;0;0;0;0;0;0;0;0;0;0;0;0;0;0;0;0;0;0
FR;9;2021-04-07;0;0;0;0;0;0;0;0;0;0;0;0;0;0;0;0;0;0
FR;9;2021-04-08;0;0;0;0;0;0;0;0;0;0;0;0;0;0;0;0;0;0
FR;9;2021-04-09;0;0;0;0;0;0;0;0;0;0;0;0;0;0;0;0;0;0
FR;9;2021-04-10;0;0;0;0;0;0;0;0;0;0;0;0;0;0;0;0;0;0
FR;9;2021-04-11;0;0;0;0;0;0;0;0;0;0;0;0;0;0;0;0;0;0
FR;9;2021-04-12;0;0;0;0;0;0;0;0;0;0;0;0;0;0;0;0;0;0
FR;9;2021-04-13;0;0;0;0;0;0;0;0;0;0;0;0;0;0;0;0;0;0
FR;9;2021-04-14;0;0;0;0;0;0;0;0;0;0;0;0;0;0;0;0;0;0
FR;9;2021-04-15;0;0;0;0;0;0;0;0;0;0;0;0;0;0;0;0;0;0
FR;9;2021-04-16;0;0;0;0;0;0;0;0;0;0;0;0;0;0;0;0;0;0
FR;9;2021-04-17;0;0;0;0;0;0;0;0;0;0;0;0;0;0;0;0;0;0
FR;9;2021-04-18;0;0;0;0;0;0;0;0;0;0;0;0;0;0;0;0;0;0
FR;9;2021-04-19;0;0;0;0;0;0;0;0;0;0;0;0;0;0;0;0;0;0
FR;9;2021-04-20;0;0;0;0;0;0;0;0;0;0;0;0;0;0;0;0;0;0
FR;9;2021-04-21;0;0;0;0;0;0;0;0;0;0;0;0;0;0;0;0;0;0
FR;9;2021-04-22;0;0;0;0;0;0;0;0;0;0;0;0;0;0;0;0;0;0
FR;9;2021-04-23;0;0;0;0;0;0;0;0;0;0;0;0;0;0;0;0;0;0
FR;9;2021-04-24;0;0;0;0;0;0;0;0;0;0;0;0;0;0;0;0;0;0
FR;9;2021-04-25;0;0;0;0;0;0;0;0;0;0;0;0;0;0;0;0;0;0
FR;9;2021-04-26;0;0;0;0;0;0;0;0;0;0;0;0;0;0;0;0;0;0
FR;9;2021-04-27;0;0;0;0;0;0;0;0;0;0;0;0;0;0;0;0;0;0
FR;9;2021-04-28;0;0;0;0;0;0;0;0;0;0;0;0;0;0;0;0;0;0
FR;9;2021-04-29;0;0;0;0;0;0;0;0;0;0;0;0;0;0;0;0;0;0
FR;9;2021-04-30;0;0;0;0;0;0;0;0;0;0;0;0;0;0;0;0;0;0
FR;9;2021-05-01;0;0;0;0;0;0;0;0;0;0;0;0;0;0;0;0;0;0
FR;9;2021-05-02;0;0;0;0;0;0;0;0;0;0;0;0;0;0;0;0;0;0
FR;9;2021-05-03;0;0;0;0;0;0;0;0;0;0;0;0;0;0;0;0;0;0
FR;9;2021-05-04;0;0;0;0;0;0;0;0;0;0;0;0;0;0;0;0;0;0
FR;9;2021-05-05;0;0;0;0;0;0;0;0;0;0;0;0;0;0;0;0;0;0
FR;9;2021-05-06;0;0;0;0;0;0;0;0;0;0;0;0;0;0;0;0;0;0
FR;9;2021-05-07;0;0;0;0;0;0;0;0;0;0;0;0;0;0;0;0;0;0
FR;9;2021-05-08;0;0;0;0;0;0;0;0;0;0;0;0;0;0;0;0;0;0
FR;9;2021-05-09;0;0;0;0;0;0;0;0;0;0;0;0;0;0;0;0;0;0
FR;9;2021-05-10;0;0;0;0;0;0;0;0;0;0;0;0;0;0;0;0;0;0
FR;9;2021-05-11;0;0;0;0;0;0;0;0;0;0;0;0;0;0;0;0;0;0
FR;9;2021-05-12;0;0;0;0;0;0;0;0;0;0;0;0;0;0;0;0;0;0
FR;9;2021-05-13;0;0;0;0;0;0;0;0;0;0;0;0;0;0;0;0;0;0
FR;9;2021-05-14;0;0;0;0;0;0;0;0;0;0;0;0;0;0;0;0;0;0
FR;9;2021-05-15;0;0;0;0;0;0;0;0;0;0;0;0;0;0;0;0;0;0
FR;9;2021-05-16;0;0;0;0;0;0;0;0;0;0;0;0;0;0;0;0;0;0
FR;9;2021-05-17;0;0;0;0;0;0;0;0;0;0;0;0;0;0;0;0;0;0
FR;9;2021-05-18;0;0;0;0;0;0;0;0;0;0;0;0;0;0;0;0;0;0
FR;9;2021-05-19;0;0;0;0;0;0;0;0;0;0;0;0;0;0;0;0;0;0
FR;9;2021-05-20;0;0;0;0;0;0;0;0;0;0;0;0;0;0;0;0;0;0
FR;9;2021-05-21;0;0;0;0;0;0;0;0;0;0;0;0;0;0;0;0;0;0
FR;9;2021-05-22;0;0;0;0;0;0;0;0;0;0;0;0;0;0;0;0;0;0
FR;9;2021-05-23;0;0;0;0;0;0;0;0;0;0;0;0;0;0;0;0;0;0
FR;9;2021-05-24;0;0;0;0;0;0;0;0;0;0;0;0;0;0;0;0;0;0
FR;9;2021-05-25;0;0;0;0;0;0;0;0;0;0;0;0;0;0;0;0;0;0
FR;9;2021-05-26;0;0;0;0;0;0;0;0;0;0;0;0;0;0;0;0;0;0
FR;9;2021-05-27;0;0;0;0;0;0;0;0;0;0;0;0;0;0;0;0;0;0
FR;9;2021-05-28;0;0;0;0;0;0;0;0;0;0;0;0;0;0;0;0;0;0
FR;9;2021-05-29;0;0;0;0;0;0;0;0;0;0;0;0;0;0;0;0;0;0
FR;9;2021-05-30;0;0;0;0;0;0;0;0;0;0;0;0;0;0;0;0;0;0
FR;9;2021-05-31;0;0;0;0;0;0;0;0;0;0;0;0;0;0;0;0;0;0
FR;9;2021-06-01;0;0;0;0;0;0;0;0;0;0;0;0;0;0;0;0;0;0
FR;9;2021-06-02;0;0;0;0;0;0;0;0;0;0;0;0;0;0;0;0;0;0
FR;9;2021-06-03;0;0;0;0;0;0;0;0;0;0;0;0;0;0;0;0;0;0
FR;9;2021-06-04;0;0;0;0;0;0;0;0;0;0;0;0;0;0;0;0;0;0
FR;9;2021-06-05;0;0;0;0;0;0;0;0;0;0;0;0;0;0;0;0;0;0
FR;9;2021-06-06;0;0;0;0;0;0;0;0;0;0;0;0;0;0;0;0;0;0
FR;9;2021-06-07;0;0;0;0;0;0;0;0;0;0;0;0;0;0;0;0;0;0
FR;9;2021-06-08;0;0;0;0;0;0;0;0;0;0;0;0;0;0;0;0;0;0
FR;9;2021-06-09;0;0;0;0;0;0;0;0;0;0;0;0;0;0;0;0;0;0
FR;9;2021-06-10;0;0;0;0;0;0;0;0;0;0;0;0;0;0;0;0;0;0
FR;9;2021-06-11;0;0;0;0;0;0;0;0;0;0;0;0;0;0;0;0;0;0
FR;9;2021-06-12;0;0;0;0;0;0;0;0;0;0;0;0;0;0;0;0;0;0
FR;9;2021-06-13;0;0;0;0;0;0;0;0;0;0;0;0;0;0;0;0;0;0
FR;9;2021-06-14;0;0;0;0;0;0;0;0;0;0;0;0;0;0;0;0;0;0
FR;9;2021-06-15;0;0;0;0;0;0;0;0;0;0;0;0;0;0;0;0;0;0
FR;9;2021-06-16;0;0;0;0;0;0;0;0;0;0;0;0;0;0;0;0;0;0
FR;9;2021-06-17;0;0;0;0;0;0;0;0;0;0;0;0;0;0;0;0;0;0
FR;9;2021-06-18;0;0;0;0;0;0;0;0;0;0;0;0;0;0;0;0;0;0
FR;9;2021-06-19;0;0;0;0;0;0;0;0;0;0;0;0;0;0;0;0;0;0
FR;9;2021-06-20;0;0;0;0;0;0;0;0;0;0;0;0;0;0;0;0;0;0
FR;9;2021-06-21;0;0;0;0;0;0;0;0;0;0;0;0;0;0;0;0;0;0
FR;9;2021-06-22;0;0;0;0;0;0;0;0;0;0;0;0;0;0;0;0;0;0
FR;9;2021-06-23;0;0;0;0;0;0;0;0;0;0;0;0;0;0;0;0;0;0
FR;9;2021-06-24;0;0;0;0;0;0;0;0;0;0;0;0;0;0;0;0;0;0
FR;9;2021-06-25;0;0;0;0;0;0;0;0;0;0;0;0;0;0;0;0;0;0
FR;9;2021-06-26;0;0;0;0;0;0;0;0;0;0;0;0;0;0;0;0;0;0
FR;9;2021-06-27;0;0;0;0;0;0;0;0;0;0;0;0;0;0;0;0;0;0
FR;9;2021-06-28;0;0;0;0;0;0;0;0;0;0;0;0;0;0;0;0;0;0
FR;9;2021-06-29;0;0;0;0;0;0;0;0;0;0;0;0;0;0;0;0;0;0
FR;9;2021-06-30;0;0;0;0;0;0;0;0;0;0;0;0;0;0;0;0;0;0
FR;9;2021-07-01;0;0;0;0;0;0;0;0;0;0;0;0;0;0;0;0;0;0
FR;9;2021-07-02;0;0;0;0;0;0;0;0;0;0;0;0;0;0;0;0;0;0
FR;9;2021-07-03;0;0;0;0;0;0;0;0;0;0;0;0;0;0;0;0;0;0
FR;9;2021-07-04;0;0;0;0;0;0;0;0;0;0;0;0;0;0;0;0;0;0
FR;9;2021-07-05;0;0;0;0;0;0;0;0;0;0;0;0;0;0;0;0;0;0
FR;9;2021-07-06;0;0;0;0;0;0;0;0;0;0;0;0;0;0;0;0;0;0
FR;9;2021-07-07;0;0;0;0;0;0;0;0;0;0;0;0;0;0;0;0;0;0
FR;9;2021-07-08;0;0;0;0;0;0;0;0;0;0;0;0;0;0;0;0;0;0
FR;9;2021-07-09;0;0;0;0;0;0;0;0;0;0;0;0;0;0;0;0;0;0
FR;9;2021-07-10;0;0;0;0;0;0;0;0;0;0;0;0;0;0;0;0;0;0
FR;9;2021-07-11;0;0;0;0;0;0;0;0;0;0;0;0;0;0;0;0;0;0
FR;9;2021-07-12;0;0;0;0;0;0;0;0;0;0;0;0;0;0;0;0;0;0
FR;9;2021-07-13;0;0;0;0;0;0;0;0;0;0;0;0;0;0;0;0;0;0
FR;9;2021-07-14;0;0;0;0;0;0;0;0;0;0;0;0;0;0;0;0;0;0
FR;9;2021-07-15;0;0;0;0;0;0;0;0;0;0;0;0;0;0;0;0;0;0
FR;9;2021-07-16;0;0;0;0;0;0;0;0;0;0;0;0;0;0;0;0;0;0
FR;9;2021-07-17;0;0;0;0;0;0;0;0;0;0;0;0;0;0;0;0;0;0
FR;9;2021-07-18;0;0;0;0;0;0;0;0;0;0;0;0;0;0;0;0;0;0
FR;9;2021-07-19;0;0;0;0;0;0;0;0;0;0;0;0;0;0;0;0;0;0
FR;9;2021-07-20;0;0;0;0;0;0;0;0;0;0;0;0;0;0;0;0;0;0
FR;9;2021-07-21;0;0;0;0;0;0;0;0;0;0;0;0;0;0;0;0;0;0
FR;9;2021-07-22;0;0;0;0;0;0;0;0;0;0;0;0;0;0;0;0;0;0
FR;9;2021-07-23;0;0;0;0;0;0;0;0;0;0;0;0;0;0;0;0;0;0
FR;9;2021-07-24;0;0;0;0;0;0;0;0;0;0;0;0;0;0;0;0;0;0
FR;9;2021-07-25;0;0;0;0;0;0;0;0;0;0;0;0;0;0;0;0;0;0
FR;9;2021-07-26;0;0;0;0;0;0;0;0;0;0;0;0;0;0;0;0;0;0
FR;9;2021-07-27;0;0;0;0;0;0;0;0;0;0;0;0;0;0;0;0;0;0
FR;9;2021-07-28;0;0;0;0;0;0;0;0;0;0;0;0;0;0;0;0;0;0
FR;9;2021-07-29;0;0;0;0;0;0;0;0;0;0;0;0;0;0;0;0;0;0
FR;9;2021-07-30;0;0;0;0;0;0;0;0;0;0;0;0;0;0;0;0;0;0
FR;9;2021-07-31;0;0;0;0;0;0;0;0;0;0;0;0;0;0;0;0;0;0
FR;9;2021-08-01;0;0;0;0;0;0;0;0;0;0;0;0;0;0;0;0;0;0
FR;9;2021-08-02;0;0;0;0;0;0;0;0;0;0;0;0;0;0;0;0;0;0
FR;9;2021-08-03;0;0;0;0;0;0;0;0;0;0;0;0;0;0;0;0;0;0
FR;9;2021-08-04;0;0;0;0;0;0;0;0;0;0;0;0;0;0;0;0;0;0
FR;9;2021-08-05;0;0;0;0;0;0;0;0;0;0;0;0;0;0;0;0;0;0
FR;9;2021-08-06;0;0;0;0;0;0;0;0;0;0;0;0;0;0;0;0;0;0
FR;9;2021-08-07;0;0;0;0;0;0;0;0;0;0;0;0;0;0;0;0;0;0
FR;9;2021-08-08;0;0;0;0;0;0;0;0;0;0;0;0;0;0;0;0;0;0
FR;9;2021-08-09;0;0;0;0;0;0;0;0;0;0;0;0;0;0;0;0;0;0
FR;9;2021-08-10;0;0;0;0;0;0;0;0;0;0;0;0;0;0;0;0;0;0
FR;9;2021-08-11;0;0;0;0;0;0;0;0;0;0;0;0;0;0;0;0;0;0
FR;9;2021-08-12;0;0;0;0;0;0;0;0;0;0;0;0;0;0;0;0;0;0
FR;9;2021-08-13;0;0;0;0;0;0;0;0;0;0;0;0;0;0;0;0;0;0
FR;9;2021-08-14;0;0;0;0;0;0;0;0;0;0;0;0;0;0;0;0;0;0
FR;9;2021-08-15;0;0;0;0;0;0;0;0;0;0;0;0;0;0;0;0;0;0
FR;9;2021-08-16;0;0;0;0;0;0;0;0;0;0;0;0;0;0;0;0;0;0
FR;9;2021-08-17;0;0;0;0;0;0;0;0;0;0;0;0;0;0;0;0;0;0
FR;9;2021-08-18;0;0;0;0;0;0;0;0;0;0;0;0;0;0;0;0;0;0
FR;9;2021-08-19;0;0;0;0;0;0;0;0;0;0;0;0;0;0;0;0;0;0
FR;9;2021-08-20;0;0;0;0;0;0;0;0;0;0;0;0;0;0;0;0;0;0
FR;9;2021-08-21;0;0;0;0;0;0;0;0;0;0;0;0;0;0;0;0;0;0
FR;9;2021-08-22;0;0;0;0;0;0;0;0;0;0;0;0;0;0;0;0;0;0
FR;9;2021-08-23;0;0;0;0;0;0;0;0;0;0;0;0;0;0;0;0;0;0
FR;9;2021-08-24;0;0;0;0;0;0;0;0;0;0;0;0;0;0;0;0;0;0
FR;9;2021-08-25;0;0;0;0;0;0;0;0;0;0;0;0;0;0;0;0;0;0
FR;9;2021-08-26;0;0;0;0;0;0;0;0;0;0;0;0;0;0;0;0;0;0
FR;9;2021-08-27;0;0;0;0;0;0;0;0;0;0;0;0;0;0;0;0;0;0
FR;9;2021-08-28;0;0;0;0;0;0;0;0;0;0;0;0;0;0;0;0;0;0
FR;9;2021-08-29;0;0;0;0;0;0;0;0;0;0;0;0;0;0;0;0;0;0
FR;9;2021-08-30;0;0;0;0;0;0;0;0;0;0;0;0;0;0;0;0;0;0
FR;9;2021-08-31;0;0;0;0;0;0;0;0;0;0;0;0;0;0;0;0;0;0
FR;9;2021-09-01;0;0;0;0;0;0;0;0;0;0;0;0;0;0;0;0;0;0
FR;9;2021-09-02;0;0;0;0;0;0;0;0;0;0;0;0;0;0;0;0;0;0
FR;9;2021-09-03;0;0;0;0;0;0;0;0;0;0;0;0;0;0;0;0;0;0
FR;9;2021-09-04;0;0;0;0;0;0;0;0;0;0;0;0;0;0;0;0;0;0
FR;9;2021-09-05;0;0;0;0;0;0;0;0;0;0;0;0;0;0;0;0;0;0
FR;9;2021-09-06;0;0;0;0;0;0;0;0;0;0;0;0;0;0;0;0;0;0
FR;9;2021-09-07;0;0;0;0;0;0;0;0;0;0;0;0;0;0;0;0;0;0
FR;9;2021-09-08;0;0;0;0;0;0;0;0;0;0;0;0;0;0;0;0;0;0
FR;9;2021-09-09;0;0;0;0;0;0;0;0;0;0;0;0;0;0;0;0;0;0
FR;9;2021-09-10;0;0;0;0;0;0;0;0;0;0;0;0;0;0;0;0;0;0
FR;9;2021-09-11;0;0;0;0;0;0;0;0;0;0;0;0;0;0;0;0;0;0
FR;9;2021-09-12;0;0;0;0;0;0;0;0;0;0;0;0;0;0;0;0;0;0
FR;9;2021-09-13;0;0;0;0;0;0;0;0;0;0;0;0;0;0;0;0;0;0
FR;9;2021-09-14;0;0;0;0;0;0;0;0;0;0;0;0;0;0;0;0;0;0
FR;9;2021-09-15;0;0;0;0;0;0;0;0;0;0;0;0;0;0;0;0;0;0
FR;9;2021-09-16;0;0;0;0;0;0;0;0;0;0;0;0;0;0;0;0;0;0
FR;9;2021-09-17;0;0;0;0;0;0;0;0;0;0;0;0;0;0;0;0;0;0
FR;9;2021-09-18;0;0;0;0;0;0;0;0;0;0;0;0;0;0;0;0;0;0
FR;9;2021-09-19;0;0;0;0;0;0;0;0;0;0;0;0;0;0;0;0;0;0
FR;9;2021-09-20;0;0;0;0;0;0;0;0;0;0;0;0;0;0;0;0;0;0
FR;9;2021-09-21;0;0;0;0;0;0;0;0;0;0;0;0;0;0;0;0;0;0
FR;9;2021-09-22;0;0;0;0;0;0;0;0;0;0;0;0;0;0;0;0;0;0
FR;9;2021-09-23;0;0;0;0;0;0;0;0;0;0;0;0;0;0;0;0;0;0
FR;9;2021-09-24;0;0;0;0;0;0;0;0;0;0;0;0;0;0;0;0;0;0
FR;9;2021-09-25;0;0;0;0;0;0;0;0;0;0;0;0;0;0;0;0;0;0
FR;9;2021-09-26;0;0;0;0;0;0;0;0;0;0;0;0;0;0;0;0;0;0
FR;9;2021-09-27;0;0;0;0;0;0;0;0;0;0;0;0;0;0;0;0;0;0
FR;9;2021-09-28;0;0;0;0;0;0;0;0;0;0;0;0;0;0;0;0;0;0
FR;9;2021-09-29;0;0;0;0;0;0;0;0;0;0;0;0;0;0;0;0;0;0
FR;9;2021-09-30;0;0;0;0;0;0;0;0;0;0;0;0;0;0;0;0;0;0
FR;9;2021-10-01;0;0;0;0;0;0;0;0;0;0;0;0;0;0;0;0;0;0
FR;9;2021-10-02;0;0;0;0;0;0;0;0;0;0;0;0;0;0;0;0;0;0
FR;9;2021-10-03;0;0;0;0;0;0;0;0;0;0;0;0;0;0;0;0;0;0
FR;9;2021-10-04;0;0;0;0;0;0;0;0;0;0;0;0;0;0;0;0;0;0
FR;9;2021-10-05;0;0;0;0;0;0;0;0;0;0;0;0;0;0;0;0;0;0
FR;9;2021-10-06;0;0;0;0;0;0;0;0;0;0;0;0;0;0;0;0;0;0
FR;9;2021-10-07;0;0;0;0;0;0;0;0;0;0;0;0;0;0;0;0;0;0
FR;9;2021-10-08;0;0;0;0;0;0;0;0;0;0;0;0;0;0;0;0;0;0
FR;9;2021-10-09;0;0;0;0;0;0;0;0;0;0;0;0;0;0;0;0;0;0
FR;9;2021-10-10;0;0;0;0;0;0;0;0;0;0;0;0;0;0;0;0;0;0
FR;9;2021-10-11;0;0;0;0;0;0;0;0;0;0;0;0;0;0;0;0;0;0
FR;9;2021-10-12;0;0;0;0;0;0;0;0;0;0;0;0;0;0;0;0;0;0
FR;9;2021-10-13;0;0;0;0;0;0;0;0;0;0;0;0;0;0;0;0;0;0
FR;9;2021-10-14;0;0;0;0;0;0;0;0;0;0;0;0;0;0;0;0;0;0
FR;9;2021-10-15;0;0;0;0;0;0;0;0;0;0;0;0;0;0;0;0;0;0
FR;9;2021-10-16;0;0;0;0;0;0;0;0;0;0;0;0;0;0;0;0;0;0
FR;9;2021-10-17;0;0;0;0;0;0;0;0;0;0;0;0;0;0;0;0;0;0
FR;9;2021-10-18;0;0;0;0;0;0;0;0;0;0;0;0;0;0;0;0;0;0
FR;9;2021-10-19;0;0;0;0;0;0;0;0;0;0;0;0;0;0;0;0;0;0
FR;9;2021-10-20;0;0;0;0;0;0;0;0;0;0;0;0;0;0;0;0;0;0
FR;9;2021-10-21;0;0;0;0;0;0;0;0;0;0;0;0;0;0;0;0;0;0
FR;9;2021-10-22;0;0;0;0;0;0;0;0;0;0;0;0;0;0;0;0;0;0
FR;9;2021-10-23;0;0;0;0;0;0;0;0;0;0;0;0;0;0;0;0;0;0
FR;9;2021-10-24;0;0;0;0;0;0;0;0;0;0;0;0;0;0;0;0;0;0
FR;9;2021-10-25;0;0;0;0;0;0;0;0;0;0;0;0;0;0;0;0;0;0
FR;9;2021-10-26;0;0;0;0;0;0;0;0;0;0;0;0;0;0;0;0;0;0
FR;9;2021-10-27;0;0;0;0;0;0;0;0;0;0;0;0;0;0;0;0;0;0
FR;9;2021-10-28;0;0;0;0;0;0;0;0;0;0;0;0;0;0;0;0;0;0
FR;9;2021-10-29;0;0;0;0;0;0;0;0;0;0;0;0;0;0;0;0;0;0
FR;9;2021-10-30;0;0;0;0;0;0;0;0;0;0;0;0;0;0;0;0;0;0
FR;9;2021-10-31;0;0;0;0;0;0;0;0;0;0;0;0;0;0;0;0;0;0
FR;9;2021-11-01;0;0;0;0;0;0;0;0;0;0;0;0;0;0;0;0;0;0
FR;9;2021-11-02;0;0;0;0;0;0;0;0;0;0;0;0;0;0;0;0;0;0
FR;9;2021-11-03;0;0;0;0;0;0;0;0;0;0;0;0;0;0;0;0;0;0
FR;9;2021-11-04;0;0;0;0;0;0;0;0;0;0;0;0;0;0;0;0;0;0
FR;9;2021-11-05;0;0;0;0;0;0;0;0;0;0;0;0;0;0;0;0;0;0
FR;9;2021-11-06;0;0;0;0;0;0;0;0;0;0;0;0;0;0;0;0;0;0
FR;9;2021-11-07;0;0;0;0;0;0;0;0;0;0;0;0;0;0;0;0;0;0
FR;9;2021-11-08;0;0;0;0;0;0;0;0;0;0;0;0;0;0;0;0;0;0
FR;9;2021-11-09;0;0;0;0;0;0;0;0;0;0;0;0;0;0;0;0;0;0
FR;9;2021-11-10;0;0;0;0;0;0;0;0;0;0;0;0;0;0;0;0;0;0
FR;9;2021-11-11;0;0;0;0;0;0;0;0;0;0;0;0;0;0;0;0;0;0
FR;9;2021-11-12;0;0;0;0;0;0;0;0;0;0;0;0;0;0;0;0;0;0
FR;9;2021-11-13;0;0;0;0;0;0;0;0;0;0;0;0;0;0;0;0;0;0
FR;9;2021-11-14;0;0;0;0;0;0;0;0;0;0;0;0;0;0;0;0;0;0
FR;9;2021-11-15;0;0;0;0;0;0;0;0;0;0;0;0;0;0;0;0;0;0
FR;9;2021-11-16;0;0;0;0;0;0;0;0;0;0;0;0;0;0;0;0;0;0
FR;9;2021-11-17;0;0;0;0;0;0;0;0;0;0;0;0;0;0;0;0;0;0
FR;9;2021-11-18;0;0;0;0;0;0;0;0;0;0;0;0;0;0;0;0;0;0
FR;9;2021-11-19;0;0;0;0;0;0;0;0;0;0;0;0;0;0;0;0;0;0
FR;9;2021-11-20;0;0;0;0;0;0;0;0;0;0;0;0;0;0;0;0;0;0
FR;9;2021-11-21;0;0;0;0;0;0;0;0;0;0;0;0;0;0;0;0;0;0
FR;9;2021-11-22;0;0;0;0;0;0;0;0;0;0;0;0;0;0;0;0;0;0
FR;9;2021-11-23;0;0;0;0;0;0;0;0;0;0;0;0;0;0;0;0;0;0
FR;9;2021-11-24;0;0;0;0;0;0;0;0;0;0;0;0;0;0;0;0;0;0
FR;9;2021-11-25;0;0;0;0;0;0;0;0;0;0;0;0;0;0;0;0;0;0
FR;9;2021-11-26;0;0;0;0;0;0;0;0;0;0;0;0;0;0;0;0;0;0
FR;9;2021-11-27;0;0;0;0;0;0;0;0;0;0;0;0;0;0;0;0;0;0
FR;9;2021-11-28;0;0;0;0;0;0;0;0;0;0;0;0;0;0;0;0;0;0
FR;9;2021-11-29;0;0;0;0;0;0;0;0;0;0;0;0;0;0;0;0;0;0
FR;9;2021-11-30;0;0;0;0;0;0;0;0;0;0;0;0;0;0;0;0;0;0
FR;9;2021-12-01;0;0;0;0;0;0;0;0;0;0;0;0;0;0;0;0;0;0
FR;9;2021-12-02;0;0;0;0;0;0;0;0;0;0;0;0;0;0;0;0;0;0
FR;9;2021-12-03;0;0;0;0;0;0;0;0;0;0;0;0;0;0;0;0;0;0
FR;9;2021-12-04;0;0;0;0;0;0;0;0;0;0;0;0;0;0;0;0;0;0
FR;9;2021-12-05;0;0;0;0;0;0;0;0;0;0;0;0;0;0;0;0;0;0
FR;9;2021-12-06;0;0;0;0;0;0;0;0;0;0;0;0;0;0;0;0;0;0
FR;9;2021-12-07;0;0;0;0;0;0;0;0;0;0;0;0;0;0;0;0;0;0
FR;9;2021-12-08;0;0;0;0;0;0;0;0;0;0;0;0;0;0;0;0;0;0
FR;9;2021-12-09;0;0;0;0;0;0;0;0;0;0;0;0;0;0;0;0;0;0
FR;9;2021-12-10;0;0;0;0;0;0;0;0;0;0;0;0;0;0;0;0;0;0
FR;9;2021-12-11;0;0;0;0;0;0;0;0;0;0;0;0;0;0;0;0;0;0
FR;9;2021-12-12;0;0;0;0;0;0;0;0;0;0;0;0;0;0;0;0;0;0
FR;9;2021-12-13;0;0;0;0;0;0;0;0;0;0;0;0;0;0;0;0;0;0
FR;9;2021-12-14;0;0;0;0;0;0;0;0;0;0;0;0;0;0;0;0;0;0
FR;9;2021-12-15;0;0;0;0;0;0;0;0;0;0;0;0;0;0;0;0;0;0
FR;9;2021-12-16;0;0;0;0;0;0;0;0;0;0;0;0;0;0;0;0;0;0
FR;9;2021-12-17;0;0;0;0;0;0;0;0;0;0;0;0;0;0;0;0;0;0
FR;9;2021-12-18;0;0;0;0;0;0;0;0;0;0;0;0;0;0;0;0;0;0
FR;9;2021-12-19;0;0;0;0;0;0;0;0;0;0;0;0;0;0;0;0;0;0
FR;9;2021-12-20;0;0;0;0;0;0;0;0;0;0;0;0;0;0;0;0;0;0
FR;9;2021-12-21;0;0;0;0;0;0;0;0;0;0;0;0;0;0;0;0;0;0
FR;9;2021-12-22;0;0;0;0;0;0;0;0;0;0;0;0;0;0;0;0;0;0
FR;9;2021-12-23;0;0;0;0;0;0;0;0;0;0;0;0;0;0;0;0;0;0
FR;9;2021-12-24;0;0;0;0;0;0;0;0;0;0;0;0;0;0;0;0;0;0
FR;9;2021-12-25;0;0;0;0;0;0;0;0;0;0;0;0;0;0;0;0;0;0
FR;9;2021-12-26;0;0;0;0;0;0;0;0;0;0;0;0;0;0;0;0;0;0
FR;9;2021-12-27;0;0;0;0;0;0;0;0;0;0;0;0;0;0;0;0;0;0
FR;9;2021-12-28;0;0;0;0;0;0;0;0;0;0;0;0;0;0;0;0;0;0
FR;9;2021-12-29;0;0;0;0;0;0;0;0;0;0;0;0;0;0;0;0;0;0
FR;9;2021-12-30;0;0;0;0;0;0;0;0;0;0;0;0;0;0;0;0;0;0
FR;9;2021-12-31;0;0;0;0;0;0;0;0;0;0;0;0;0;0;0;0;0;0
FR;9;2022-01-01;0;0;0;0;0;0;0;0;0;0;0;0;0;0;0;0;0;0
FR;9;2022-01-02;0;0;0;0;0;0;0;0;0;0;0;0;0;0;0;0;0;0
FR;9;2022-01-03;0;0;0;0;0;0;0;0;0;0;0;0;0;0;0;0;0;0
FR;9;2022-01-04;0;0;0;0;0;0;0;0;0;0;0;0;0;0;0;0;0;0
FR;9;2022-01-05;0;0;0;0;0;0;0;0;0;0;0;0;0;0;0;0;0;0
FR;9;2022-01-06;0;0;0;0;0;0;0;0;0;0;0;0;0;0;0;0;0;0
FR;9;2022-01-07;0;0;0;0;0;0;0;0;0;0;0;0;0;0;0;0;0;0
FR;9;2022-01-08;0;0;0;0;0;0;0;0;0;0;0;0;0;0;0;0;0;0
FR;9;2022-01-09;0;0;0;0;0;0;0;0;0;0;0;0;0;0;0;0;0;0
FR;9;2022-01-10;0;0;0;0;0;0;0;0;0;0;0;0;0;0;0;0;0;0
FR;9;2022-01-11;0;0;0;0;0;0;0;0;0;0;0;0;0;0;0;0;0;0
FR;9;2022-01-12;0;0;0;0;0;0;0;0;0;0;0;0;0;0;0;0;0;0
FR;9;2022-01-13;0;0;0;0;0;0;0;0;0;0;0;0;0;0;0;0;0;0
FR;9;2022-01-14;0;0;0;0;0;0;0;0;0;0;0;0;0;0;0;0;0;0
FR;9;2022-01-15;0;0;0;0;0;0;0;0;0;0;0;0;0;0;0;0;0;0
FR;9;2022-01-16;0;0;0;0;0;0;0;0;0;0;0;0;0;0;0;0;0;0
FR;9;2022-01-17;0;0;0;0;0;0;0;0;0;0;0;0;0;0;0;0;0;0
FR;9;2022-01-18;0;0;0;0;0;0;0;0;0;0;0;0;0;0;0;0;0;0
FR;9;2022-01-19;0;0;0;0;0;0;0;0;0;0;0;0;0;0;0;0;0;0
FR;9;2022-01-20;0;0;0;0;0;0;0;0;0;0;0;0;0;0;0;0;0;0
FR;9;2022-01-21;0;0;0;0;0;0;0;0;0;0;0;0;0;0;0;0;0;0
FR;9;2022-01-22;0;0;0;0;0;0;0;0;0;0;0;0;0;0;0;0;0;0
FR;9;2022-01-23;0;0;0;0;0;0;0;0;0;0;0;0;0;0;0;0;0;0
FR;9;2022-01-24;0;0;0;0;0;0;0;0;0;0;0;0;0;0;0;0;0;0
FR;9;2022-01-25;0;0;0;0;0;0;0;0;0;0;0;0;0;0;0;0;0;0
FR;9;2022-01-26;0;0;0;0;0;0;0;0;0;0;0;0;0;0;0;0;0;0
FR;9;2022-01-27;0;0;0;0;0;0;0;0;0;0;0;0;0;0;0;0;0;0
FR;9;2022-01-28;0;0;0;0;0;0;0;0;0;0;0;0;0;0;0;0;0;0
FR;9;2022-01-29;0;0;0;0;0;0;0;0;0;0;0;0;0;0;0;0;0;0
FR;9;2022-01-30;0;0;0;0;0;0;0;0;0;0;0;0;0;0;0;0;0;0
FR;9;2022-01-31;0;0;0;0;0;0;0;0;0;0;0;0;0;0;0;0;0;0
FR;9;2022-02-01;0;0;0;0;0;0;0;0;0;0;0;0;0;0;0;0;0;0
FR;9;2022-02-02;0;0;0;0;0;0;0;0;0;0;0;0;0;0;0;0;0;0
FR;9;2022-02-03;0;0;0;0;0;0;0;0;0;0;0;0;0;0;0;0;0;0
FR;9;2022-02-04;0;0;0;0;0;0;0;0;0;0;0;0;0;0;0;0;0;0
FR;9;2022-02-05;0;0;0;0;0;0;0;0;0;0;0;0;0;0;0;0;0;0
FR;9;2022-02-06;0;0;0;0;0;0;0;0;0;0;0;0;0;0;0;0;0;0
FR;9;2022-02-07;0;0;0;0;0;0;0;0;0;0;0;0;0;0;0;0;0;0
FR;9;2022-02-08;0;0;0;0;0;0;0;0;0;0;0;0;0;0;0;0;0;0
FR;9;2022-02-09;0;0;0;0;0;0;0;0;0;0;0;0;0;0;0;0;0;0
FR;9;2022-02-10;0;0;0;0;0;0;0;0;0;0;0;0;0;0;0;0;0;0
FR;9;2022-02-11;0;0;0;0;0;0;0;0;0;0;0;0;0;0;0;0;0;0
FR;9;2022-02-12;0;0;0;0;0;0;0;0;0;0;0;0;0;0;0;0;0;0
FR;9;2022-02-13;0;0;0;0;0;0;0;0;0;0;0;0;0;0;0;0;0;0
FR;9;2022-02-14;0;0;0;0;0;0;0;0;0;0;0;0;0;0;0;0;0;0
FR;9;2022-02-15;0;0;0;0;0;0;0;0;0;0;0;0;0;0;0;0;0;0
FR;9;2022-02-16;0;0;0;0;0;0;0;0;0;0;0;0;0;0;0;0;0;0
FR;9;2022-02-17;0;0;0;0;0;0;0;0;0;0;0;0;0;0;0;0;0;0
FR;9;2022-02-18;0;0;0;0;0;0;0;0;0;0;0;0;0;0;0;0;0;0
FR;9;2022-02-19;0;0;0;0;0;0;0;0;0;0;0;0;0;0;0;0;0;0
FR;9;2022-02-20;0;0;0;0;0;0;0;0;0;0;0;0;0;0;0;0;0;0
FR;9;2022-02-21;0;0;0;0;0;0;0;0;0;0;0;0;0;0;0;0;0;0
FR;9;2022-02-22;0;0;0;0;0;0;0;0;0;0;0;0;0;0;0;0;0;0
FR;9;2022-02-23;0;0;0;0;0;0;0;0;0;0;0;0;0;0;0;0;0;0
FR;9;2022-02-24;0;0;0;0;0;0;0;0;0;0;0;0;0;0;0;0;0;0
FR;9;2022-02-25;0;0;0;0;0;0;0;0;0;0;0;0;0;0;0;0;0;0
FR;9;2022-02-26;0;0;0;0;0;0;0;0;0;0;0;0;0;0;0;0;0;0
FR;9;2022-02-27;0;0;0;0;0;0;0;0;0;0;0;0;0;0;0;0;0;0
FR;9;2022-02-28;0;0;0;0;0;0;0;0;0;0;0;0;0;0;0;0;0;0
FR;9;2022-03-01;0;0;0;0;0;0;0;0;0;0;0;0;0;0;0;0;0;0
FR;9;2022-03-02;0;0;0;0;0;0;0;0;0;0;0;0;0;0;0;0;0;0
FR;9;2022-03-03;0;0;0;0;0;0;0;0;0;0;0;0;0;0;0;0;0;0
FR;9;2022-03-04;0;0;0;0;0;0;0;0;0;0;0;0;0;0;0;0;0;0
FR;9;2022-03-05;0;0;0;0;0;0;0;0;0;0;0;0;0;0;0;0;0;0
FR;9;2022-03-06;0;0;0;0;0;0;0;0;0;0;0;0;0;0;0;0;0;0
FR;9;2022-03-07;0;0;0;0;0;0;0;0;0;0;0;0;0;0;0;0;0;0
FR;9;2022-03-08;0;0;0;0;0;0;0;0;0;0;0;0;0;0;0;0;0;0
FR;9;2022-03-09;0;0;0;0;0;0;0;0;0;0;0;0;0;0;0;0;0;0
FR;9;2022-03-10;0;0;0;0;0;0;0;0;0;0;0;0;0;0;0;0;0;0
FR;9;2022-03-11;0;0;0;0;0;0;0;0;0;0;0;0;0;0;0;0;0;0
FR;9;2022-03-12;0;0;0;0;0;0;0;0;0;0;0;0;0;0;0;0;0;0
FR;9;2022-03-13;0;0;0;0;0;0;0;0;0;0;0;0;0;0;0;0;0;0
FR;9;2022-03-14;0;0;0;0;0;0;0;0;0;0;0;0;0;0;0;0;0;0
FR;9;2022-03-15;0;0;0;0;0;0;0;0;0;0;0;0;0;0;0;0;0;0
FR;9;2022-03-16;0;0;0;0;0;0;0;0;0;0;0;0;0;0;0;0;0;0
FR;9;2022-03-17;0;0;0;0;0;0;0;0;0;0;0;0;0;0;0;0;0;0
FR;9;2022-03-18;0;0;0;0;0;0;0;0;0;0;0;0;0;0;0;0;0;0
FR;9;2022-03-19;0;0;0;0;0;0;0;0;0;0;0;0;0;0;0;0;0;0
FR;9;2022-03-20;0;0;0;0;0;0;0;0;0;0;0;0;0;0;0;0;0;0
FR;9;2022-03-21;0;0;0;0;0;0;0;0;0;0;0;0;0;0;0;0;0;0
FR;9;2022-03-22;0;0;0;0;0;0;0;0;0;0;0;0;0;0;0;0;0;0
FR;9;2022-03-23;0;0;0;0;0;0;0;0;0;0;0;0;0;0;0;0;0;0
FR;9;2022-03-24;0;0;0;0;0;0;0;0;0;0;0;0;0;0;0;0;0;0
FR;9;2022-03-25;0;0;0;0;0;0;0;0;0;0;0;0;0;0;0;0;0;0
FR;9;2022-03-26;0;0;0;0;0;0;0;0;0;0;0;0;0;0;0;0;0;0
FR;9;2022-03-27;0;0;0;0;0;0;0;0;0;0;0;0;0;0;0;0;0;0
FR;9;2022-03-28;0;0;0;0;0;0;0;0;0;0;0;0;0;0;0;0;0;0
FR;9;2022-03-29;0;0;0;0;0;0;0;0;0;0;0;0;0;0;0;0;0;0
FR;9;2022-03-30;0;0;0;0;0;0;0;0;0;0;0;0;0;0;0;0;0;0
FR;9;2022-03-31;0;0;0;0;0;0;0;0;0;0;0;0;0;0;0;0;0;0
FR;9;2022-04-01;0;0;0;0;0;0;0;0;0;0;0;0;0;0;0;0;0;0
FR;9;2022-04-02;0;0;0;0;0;0;0;0;0;0;0;0;0;0;0;0;0;0
FR;9;2022-04-03;0;0;0;0;0;0;0;0;0;0;0;0;0;0;0;0;0;0
FR;9;2022-04-04;0;0;0;0;0;0;0;0;0;0;0;0;0;0;0;0;0;0
FR;9;2022-04-05;0;0;0;0;0;0;0;0;0;0;0;0;0;0;0;0;0;0
FR;9;2022-04-06;0;0;0;0;0;0;0;0;0;0;0;0;0;0;0;0;0;0
FR;9;2022-04-07;0;0;0;0;0;0;0;0;0;0;0;0;0;0;0;0;0;0
FR;9;2022-04-08;0;0;0;0;0;0;0;0;0;0;0;0;0;0;0;0;0;0
FR;9;2022-04-09;0;0;0;0;0;0;0;0;0;0;0;0;0;0;0;0;0;0
FR;9;2022-04-10;0;0;0;0;0;0;0;0;0;0;0;0;0;0;0;0;0;0
FR;9;2022-04-11;0;0;0;0;0;0;0;0;0;0;0;0;0;0;0;0;0;0
FR;9;2022-04-12;0;0;0;0;0;0;0;0;0;0;0;0;0;0;0;0;0;0
FR;9;2022-04-13;0;0;0;0;0;0;0;0;0;0;0;0;0;0;0;0;0;0
FR;9;2022-04-14;0;0;0;0;0;0;0;0;0;0;0;0;0;0;0;0;0;0
FR;9;2022-04-15;0;0;0;0;0;0;0;0;0;0;0;0;0;0;0;0;0;0
FR;9;2022-04-16;0;0;0;0;0;0;0;0;0;0;0;0;0;0;0;0;0;0
FR;9;2022-04-17;0;0;0;0;0;0;0;0;0;0;0;0;0;0;0;0;0;0
FR;9;2022-04-18;0;0;0;0;0;0;0;0;0;0;0;0;0;0;0;0;0;0
FR;9;2022-04-19;0;0;0;0;0;0;0;0;0;0;0;0;0;0;0;0;0;0
FR;9;2022-04-20;0;0;0;0;0;0;0;0;0;0;0;0;0;0;0;0;0;0
FR;9;2022-04-21;0;0;0;0;0;0;0;0;0;0;0;0;0;0;0;0;0;0
FR;9;2022-04-22;0;0;0;0;0;0;0;0;0;0;0;0;0;0;0;0;0;0
FR;9;2022-04-23;0;0;0;0;0;0;0;0;0;0;0;0;0;0;0;0;0;0
FR;9;2022-04-24;0;0;0;0;0;0;0;0;0;0;0;0;0;0;0;0;0;0
FR;9;2022-04-25;0;0;0;0;0;0;0;0;0;0;0;0;0;0;0;0;0;0
FR;9;2022-04-26;0;0;0;0;0;0;0;0;0;0;0;0;0;0;0;0;0;0
FR;9;2022-04-27;0;0;0;0;0;0;0;0;0;0;0;0;0;0;0;0;0;0
FR;9;2022-04-28;0;0;0;0;0;0;0;0;0;0;0;0;0;0;0;0;0;0
FR;9;2022-04-29;0;0;0;0;0;0;0;0;0;0;0;0;0;0;0;0;0;0
FR;9;2022-04-30;0;0;0;0;0;0;0;0;0;0;0;0;0;0;0;0;0;0
FR;9;2022-05-01;0;0;0;0;0;0;0;0;0;0;0;0;0;0;0;0;0;0
FR;9;2022-05-02;0;0;0;0;0;0;0;0;0;0;0;0;0;0;0;0;0;0
FR;9;2022-05-03;0;0;0;0;0;0;0;0;0;0;0;0;0;0;0;0;0;0
FR;9;2022-05-04;0;0;0;0;0;0;0;0;0;0;0;0;0;0;0;0;0;0
FR;9;2022-05-05;0;0;0;0;0;0;0;0;0;0;0;0;0;0;0;0;0;0
FR;9;2022-05-06;0;0;0;0;0;0;0;0;0;0;0;0;0;0;0;0;0;0
FR;9;2022-05-07;0;0;0;0;0;0;0;0;0;0;0;0;0;0;0;0;0;0
FR;9;2022-05-08;0;0;0;0;0;0;0;0;0;0;0;0;0;0;0;0;0;0
FR;9;2022-05-09;0;0;0;0;0;0;0;0;0;0;0;0;0;0;0;0;0;0
FR;9;2022-05-10;0;0;0;0;0;0;0;0;0;0;0;0;0;0;0;0;0;0
FR;9;2022-05-11;0;0;0;0;0;0;0;0;0;0;0;0;0;0;0;0;0;0
FR;9;2022-05-12;0;0;0;0;0;0;0;0;0;0;0;0;0;0;0;0;0;0
FR;9;2022-05-13;0;0;0;0;0;0;0;0;0;0;0;0;0;0;0;0;0;0
FR;9;2022-05-14;0;0;0;0;0;0;0;0;0;0;0;0;0;0;0;0;0;0
FR;9;2022-05-15;0;0;0;0;0;0;0;0;0;0;0;0;0;0;0;0;0;0
FR;9;2022-05-16;0;0;0;0;0;0;0;0;0;0;0;0;0;0;0;0;0;0
FR;9;2022-05-17;0;0;0;0;0;0;0;0;0;0;0;0;0;0;0;0;0;0
FR;9;2022-05-18;0;0;0;0;0;0;0;0;0;0;0;0;0;0;0;0;0;0
FR;9;2022-05-19;0;0;0;0;0;0;0;0;0;0;0;0;0;0;0;0;0;0
FR;9;2022-05-20;0;0;0;0;0;0;0;0;0;0;0;0;0;0;0;0;0;0
FR;9;2022-05-21;0;0;0;0;0;0;0;0;0;0;0;0;0;0;0;0;0;0
FR;9;2022-05-22;0;0;0;0;0;0;0;0;0;0;0;0;0;0;0;0;0;0
FR;9;2022-05-23;0;0;0;0;0;0;0;0;0;0;0;0;0;0;0;0;0;0
FR;9;2022-05-24;0;0;0;0;0;0;0;0;0;0;0;0;0;0;0;0;0;0
FR;9;2022-05-25;0;0;0;0;0;0;0;0;0;0;0;0;0;0;0;0;0;0
FR;9;2022-05-26;0;0;0;0;0;0;0;0;0;0;0;0;0;0;0;0;0;0
FR;9;2022-05-27;0;0;0;0;0;0;0;0;0;0;0;0;0;0;0;0;0;0
FR;9;2022-05-28;0;0;0;0;0;0;0;0;0;0;0;0;0;0;0;0;0;0
FR;9;2022-05-29;0;0;0;0;0;0;0;0;0;0;0;0;0;0;0;0;0;0
FR;9;2022-05-30;0;0;0;0;0;0;0;0;0;0;0;0;0;0;0;0;0;0
FR;9;2022-05-31;0;0;0;0;0;0;0;0;0;0;0;0;0;0;0;0;0;0
FR;9;2022-06-01;0;0;0;0;0;0;0;0;0;0;0;0;0;0;0;0;0;0
FR;9;2022-06-02;0;0;0;0;0;0;0;0;0;0;0;0;0;0;0;0;0;0
FR;9;2022-06-03;0;0;0;0;0;0;0;0;0;0;0;0;0;0;0;0;0;0
FR;9;2022-06-04;0;0;0;0;0;0;0;0;0;0;0;0;0;0;0;0;0;0
FR;9;2022-06-05;0;0;0;0;0;0;0;0;0;0;0;0;0;0;0;0;0;0
FR;9;2022-06-06;0;0;0;0;0;0;0;0;0;0;0;0;0;0;0;0;0;0
FR;9;2022-06-07;0;0;0;0;0;0;0;0;0;0;0;0;0;0;0;0;0;0
FR;9;2022-06-08;0;0;0;0;0;0;0;0;0;0;0;0;0;0;0;0;0;0
FR;9;2022-06-09;0;0;0;0;0;0;0;0;0;0;0;0;0;0;0;0;0;0
FR;9;2022-06-10;0;0;0;0;0;0;0;0;0;0;0;0;0;0;0;0;0;0
FR;9;2022-06-11;0;0;0;0;0;0;0;0;0;0;0;0;0;0;0;0;0;0
FR;9;2022-06-12;0;0;0;0;0;0;0;0;0;0;0;0;0;0;0;0;0;0
FR;9;2022-06-13;0;0;0;0;0;0;0;0;0;0;0;0;0;0;0;0;0;0
FR;9;2022-06-14;0;0;0;0;0;0;0;0;0;0;0;0;0;0;0;0;0;0
FR;9;2022-06-15;0;0;0;0;0;0;0;0;0;0;0;0;0;0;0;0;0;0
FR;9;2022-06-16;0;0;0;0;0;0;0;0;0;0;0;0;0;0;0;0;0;0
FR;9;2022-06-17;0;0;0;0;0;0;0;0;0;0;0;0;0;0;0;0;0;0
FR;9;2022-06-18;0;0;0;0;0;0;0;0;0;0;0;0;0;0;0;0;0;0
FR;9;2022-06-19;0;0;0;0;0;0;0;0;0;0;0;0;0;0;0;0;0;0
FR;9;2022-06-20;0;0;0;0;0;0;0;0;0;0;0;0;0;0;0;0;0;0
FR;9;2022-06-21;0;0;0;0;0;0;0;0;0;0;0;0;0;0;0;0;0;0
FR;9;2022-06-22;0;0;0;0;0;0;0;0;0;0;0;0;0;0;0;0;0;0
FR;9;2022-06-23;0;0;0;0;0;0;0;0;0;0;0;0;0;0;0;0;0;0
FR;9;2022-06-24;0;0;0;0;0;0;0;0;0;0;0;0;0;0;0;0;0;0
FR;9;2022-06-25;0;0;0;0;0;0;0;0;0;0;0;0;0;0;0;0;0;0
FR;9;2022-06-26;0;0;0;0;0;0;0;0;0;0;0;0;0;0;0;0;0;0
FR;9;2022-06-27;0;0;0;0;0;0;0;0;0;0;0;0;0;0;0;0;0;0
FR;9;2022-06-28;0;0;0;0;0;0;0;0;0;0;0;0;0;0;0;0;0;0
FR;9;2022-06-29;0;0;0;0;0;0;0;0;0;0;0;0;0;0;0;0;0;0
FR;9;2022-06-30;0;0;0;0;0;0;0;0;0;0;0;0;0;0;0;0;0;0
FR;9;2022-07-01;0;0;0;0;0;0;0;0;0;0;0;0;0;0;0;0;0;0
FR;9;2022-07-02;0;0;0;0;0;0;0;0;0;0;0;0;0;0;0;0;0;0
FR;9;2022-07-03;0;0;0;0;0;0;0;0;0;0;0;0;0;0;0;0;0;0
FR;9;2022-07-04;0;0;0;0;0;0;0;0;0;0;0;0;0;0;0;0;0;0
FR;9;2022-07-05;0;0;0;0;0;0;0;0;0;0;0;0;0;0;0;0;0;0
FR;9;2022-07-06;0;0;0;0;0;0;0;0;0;0;0;0;0;0;0;0;0;0
FR;9;2022-07-07;0;0;0;0;0;0;0;0;0;0;0;0;0;0;0;0;0;0
FR;9;2022-07-08;0;0;0;0;0;0;0;0;0;0;0;0;0;0;0;0;0;0
FR;9;2022-07-09;0;0;0;0;0;0;0;0;0;0;0;0;0;0;0;0;0;0
FR;9;2022-07-10;0;0;0;0;0;0;0;0;0;0;0;0;0;0;0;0;0;0
FR;9;2022-07-11;0;0;0;0;0;0;0;0;0;0;0;0;0;0;0;0;0;0
FR;9;2022-07-12;0;0;0;0;0;0;0;0;0;0;0;0;0;0;0;0;0;0
FR;9;2022-07-13;0;0;0;0;0;0;0;0;0;0;0;0;0;0;0;0;0;0
FR;9;2022-07-14;0;0;0;0;0;0;0;0;0;0;0;0;0;0;0;0;0;0
FR;9;2022-07-15;0;0;0;0;0;0;0;0;0;0;0;0;0;0;0;0;0;0
FR;9;2022-07-16;0;0;0;0;0;0;0;0;0;0;0;0;0;0;0;0;0;0
FR;9;2022-07-17;0;0;0;0;0;0;0;0;0;0;0;0;0;0;0;0;0;0
FR;9;2022-07-18;0;0;0;0;0;0;0;0;0;0;0;0;0;0;0;0;0;0
FR;9;2022-07-19;0;0;0;0;0;0;0;0;0;0;0;0;0;0;0;0;0;0
FR;9;2022-07-20;0;0;0;0;0;0;0;0;0;0;0;0;0;0;0;0;0;0
FR;9;2022-07-21;0;0;0;0;0;0;0;0;0;0;0;0;0;0;0;0;0;0
FR;9;2022-07-22;0;0;0;0;0;0;0;0;0;0;0;0;0;0;0;0;0;0
FR;9;2022-07-23;0;0;0;0;0;0;0;0;0;0;0;0;0;0;0;0;0;0
FR;9;2022-07-24;0;0;0;0;0;0;0;0;0;0;0;0;0;0;0;0;0;0
FR;9;2022-07-25;0;0;0;0;0;0;0;0;0;0;0;0;0;0;0;0;0;0
FR;9;2022-07-26;0;0;0;0;0;0;0;0;0;0;0;0;0;0;0;0;0;0
FR;9;2022-07-27;0;0;0;0;0;0;0;0;0;0;0;0;0;0;0;0;0;0
FR;9;2022-07-28;0;0;0;0;0;0;0;0;0;0;0;0;0;0;0;0;0;0
FR;9;2022-07-29;0;0;0;0;0;0;0;0;0;0;0;0;0;0;0;0;0;0
FR;9;2022-07-30;0;0;0;0;0;0;0;0;0;0;0;0;0;0;0;0;0;0
FR;9;2022-07-31;0;0;0;0;0;0;0;0;0;0;0;0;0;0;0;0;0;0
FR;9;2022-08-01;0;0;0;0;0;0;0;0;0;0;0;0;0;0;0;0;0;0
FR;9;2022-08-02;0;0;0;0;0;0;0;0;0;0;0;0;0;0;0;0;0;0
FR;9;2022-08-03;0;0;0;0;0;0;0;0;0;0;0;0;0;0;0;0;0;0
FR;9;2022-08-04;0;0;0;0;0;0;0;0;0;0;0;0;0;0;0;0;0;0
FR;9;2022-08-05;0;0;0;0;0;0;0;0;0;0;0;0;0;0;0;0;0;0
FR;9;2022-08-06;0;0;0;0;0;0;0;0;0;0;0;0;0;0;0;0;0;0
FR;9;2022-08-07;0;0;0;0;0;0;0;0;0;0;0;0;0;0;0;0;0;0
FR;9;2022-08-08;0;0;0;0;0;0;0;0;0;0;0;0;0;0;0;0;0;0
FR;9;2022-08-09;0;0;0;0;0;0;0;0;0;0;0;0;0;0;0;0;0;0
FR;9;2022-08-10;0;0;0;0;0;0;0;0;0;0;0;0;0;0;0;0;0;0
FR;9;2022-08-11;0;0;0;0;0;0;0;0;0;0;0;0;0;0;0;0;0;0
FR;9;2022-08-12;0;0;0;0;0;0;0;0;0;0;0;0;0;0;0;0;0;0
FR;9;2022-08-13;0;0;0;0;0;0;0;0;0;0;0;0;0;0;0;0;0;0
FR;9;2022-08-14;0;0;0;0;0;0;0;0;0;0;0;0;0;0;0;0;0;0
FR;9;2022-08-15;0;0;0;0;0;0;0;0;0;0;0;0;0;0;0;0;0;0
FR;9;2022-08-16;0;0;0;0;0;0;0;0;0;0;0;0;0;0;0;0;0;0
FR;9;2022-08-17;0;0;0;0;0;0;0;0;0;0;0;0;0;0;0;0;0;0
FR;9;2022-08-18;0;0;0;0;0;0;0;0;0;0;0;0;0;0;0;0;0;0
FR;9;2022-08-19;0;0;0;0;0;0;0;0;0;0;0;0;0;0;0;0;0;0
FR;9;2022-08-20;0;0;0;0;0;0;0;0;0;0;0;0;0;0;0;0;0;0
FR;9;2022-08-21;0;0;0;0;0;0;0;0;0;0;0;0;0;0;0;0;0;0
FR;9;2022-08-22;0;0;0;0;0;0;0;0;0;0;0;0;0;0;0;0;0;0
FR;9;2022-08-23;0;0;0;0;0;0;0;0;0;0;0;0;0;0;0;0;0;0
FR;9;2022-08-24;0;0;0;0;0;0;0;0;0;0;0;0;0;0;0;0;0;0
FR;9;2022-08-25;0;0;0;0;0;0;0;0;0;0;0;0;0;0;0;0;0;0
FR;9;2022-08-26;0;0;0;0;0;0;0;0;0;0;0;0;0;0;0;0;0;0
FR;9;2022-08-27;0;0;0;0;0;0;0;0;0;0;0;0;0;0;0;0;0;0
FR;9;2022-08-28;0;0;0;0;0;0;0;0;0;0;0;0;0;0;0;0;0;0
FR;9;2022-08-29;0;0;0;0;0;0;0;0;0;0;0;0;0;0;0;0;0;0
FR;9;2022-08-30;0;0;0;0;0;0;0;0;0;0;0;0;0;0;0;0;0;0
FR;9;2022-08-31;0;0;0;0;0;0;0;0;0;0;0;0;0;0;0;0;0;0
FR;9;2022-09-01;0;0;0;0;0;0;0;0;0;0;0;0;0;0;0;0;0;0
FR;9;2022-09-02;0;0;0;0;0;0;0;0;0;0;0;0;0;0;0;0;0;0
FR;9;2022-09-03;0;0;0;0;0;0;0;0;0;0;0;0;0;0;0;0;0;0
FR;9;2022-09-04;0;0;0;0;0;0;0;0;0;0;0;0;0;0;0;0;0;0
FR;9;2022-09-05;0;0;0;0;0;0;0;0;0;0;0;0;0;0;0;0;0;0
FR;9;2022-09-06;0;0;0;0;0;0;0;0;0;0;0;0;0;0;0;0;0;0
FR;9;2022-09-07;0;0;0;0;0;0;0;0;0;0;0;0;0;0;0;0;0;0
FR;9;2022-09-08;0;0;0;0;0;0;0;0;0;0;0;0;0;0;0;0;0;0
FR;9;2022-09-09;0;0;0;0;0;0;0;0;0;0;0;0;0;0;0;0;0;0
FR;9;2022-09-10;0;0;0;0;0;0;0;0;0;0;0;0;0;0;0;0;0;0
FR;9;2022-09-11;0;0;0;0;0;0;0;0;0;0;0;0;0;0;0;0;0;0
FR;9;2022-09-12;0;0;0;0;0;0;0;0;0;0;0;0;0;0;0;0;0;0
FR;9;2022-09-13;0;0;0;0;0;0;0;0;0;0;0;0;0;0;0;0;0;0
FR;9;2022-09-14;0;0;0;0;0;0;0;0;0;0;0;0;0;0;0;0;0;0
FR;9;2022-09-15;0;0;0;0;0;0;0;0;0;0;0;0;0;0;0;0;0;0
FR;9;2022-09-16;0;0;0;0;0;0;0;0;0;0;0;0;0;0;0;0;0;0
FR;9;2022-09-17;0;0;0;0;0;0;0;0;0;0;0;0;0;0;0;0;0;0
FR;9;2022-09-18;0;0;0;0;0;0;0;0;0;0;0;0;0;0;0;0;0;0
FR;9;2022-09-19;0;0;0;0;0;0;0;0;0;0;0;0;0;0;0;0;0;0
FR;9;2022-09-20;0;0;0;0;0;0;0;0;0;0;0;0;0;0;0;0;0;0
FR;9;2022-09-21;0;0;0;0;0;0;0;0;0;0;0;0;0;0;0;0;0;0
FR;9;2022-09-22;0;0;0;0;0;0;0;0;0;0;0;0;0;0;0;0;0;0
FR;9;2022-09-23;0;0;0;0;0;0;0;0;0;0;0;0;0;0;0;0;0;0
FR;9;2022-09-24;0;0;0;0;0;0;0;0;0;0;0;0;0;0;0;0;0;0
FR;9;2022-09-25;0;0;0;0;0;0;0;0;0;0;0;0;0;0;0;0;0;0
FR;9;2022-09-26;0;0;0;0;0;0;0;0;0;0;0;0;0;0;0;0;0;0
FR;9;2022-09-27;0;0;0;0;0;0;0;0;0;0;0;0;0;0;0;0;0;0
FR;9;2022-09-28;0;0;0;0;0;0;0;0;0;0;0;0;0;0;0;0;0;0
FR;9;2022-09-29;1;1;8;31;0;6;33;40;1;1;1;8;31;0;6;33;40;1
FR;9;2022-09-30;5;12;60;606;6;47;613;713;51;6;13;68;637;6;53;646;753;52
FR;9;2022-10-01;9;1;43;327;2;26;335;396;35;15;14;111;964;8;79;981;1149;87
FR;9;2022-10-02;1;1;5;50;0;4;51;66;11;16;15;116;1014;8;83;1032;1215;98
FR;9;2022-10-03;10;16;151;1713;10;129;1707;2073;234;26;31;267;2727;18;212;2739;3288;332
FR;9;2022-10-04;20;48;353;3952;18;228;4020;4702;450;46;79;620;6679;36;440;6759;7990;782
FR;9;2022-10-05;27;19;269;2997;16;203;3010;3655;433;73;98;889;9676;52;643;9769;11645;1215
FR;9;2022-10-06;23;34;399;4598;17;300;4631;5608;672;96;132;1288;14274;69;943;14400;17253;1887
FR;9;2022-10-07;29;50;499;5704;19;384;5718;7027;923;125;182;1787;19978;88;1327;20118;24280;2810
FR;9;2022-10-08;10;18;128;1088;8;86;1106;1386;190;135;200;1915;21066;96;1413;21224;25666;3000
FR;9;2022-10-09;1;7;22;197;1;29;198;277;50;136;207;1937;21263;97;1442;21422;25943;3050
FR;9;2022-10-10;11;26;207;2572;14;181;2576;3296;533;147;233;2144;23835;111;1623;23998;29239;3583
FR;9;2022-10-11;31;40;424;5043;27;312;5024;6197;851;178;273;2568;28878;138;1935;29022;35436;4434
FR;9;2022-10-12;22;26;297;2985;16;212;3043;3828;571;200;299;2865;31863;154;2147;32065;39264;5005
FR;9;2022-10-13;25;42;374;3980;16;245;4036;5026;739;225;341;3239;35843;170;2392;36101;44290;5744
FR;9;2022-10-14;27;26;381;4427;12;293;4411;5553;838;252;367;3620;40270;182;2685;40512;49843;6582
FR;9;2022-10-15;14;8;101;1051;7;79;1028;1307;198;266;375;3721;41321;189;2764;41540;51150;6780
FR;9;2022-10-16;4;1;9;131;2;12;125;167;28;270;376;3730;41452;191;2776;41665;51317;6808
FR;9;2022-10-17;4;22;165;1875;11;127;1883;2492;475;274;398;3895;43327;202;2903;43548;53809;7283
FR;9;2022-10-18;35;28;315;3427;17;226;3437;4624;952;309;426;4210;46754;219;3129;46985;58433;8235
FR;9;2022-10-19;22;19;262;2687;16;174;2717;3725;819;331;445;4472;49441;235;3303;49702;62158;9054
FR;9;2022-10-20;21;22;308;3625;8;232;3626;4798;932;352;467;4780;53066;243;3535;53328;66956;9986
FR;9;2022-10-21;14;31;324;3523;10;226;3542;4635;859;366;498;5104;56589;253;3761;56870;71591;10845
FR;9;2022-10-22;10;11;90;914;8;62;919;1193;207;376;509;5194;57503;261;3823;57789;72784;11052
FR;9;2022-10-23;2;2;17;99;2;10;104;147;33;378;511;5211;57602;263;3833;57893;72931;11085
FR;9;2022-10-24;7;17;158;1361;6;104;1430;1934;395;385;528;5369;58963;269;3937;59323;74865;11480
FR;9;2022-10-25;18;22;227;2837;16;188;2846;3908;871;403;550;5596;61800;285;4125;62169;78773;12351
FR;9;2022-10-26;14;16;169;1797;13;123;1810;2519;584;417;566;5765;63597;298;4248;63979;81292;12935
FR;9;2022-10-27;9;26;230;2291;15;173;2324;3170;662;426;592;5995;65888;313;4421;66303;84462;13597
FR;9;2022-10-28;18;27;224;2277;17;151;2301;3139;680;444;619;6219;68165;330;4572;68604;87601;14277
FR;9;2022-10-29;12;8;55;505;5;46;496;662;119;456;627;6274;68670;335;4618;69100;88263;14396
FR;9;2022-10-30;2;1;8;58;1;8;58;82;16;458;628;6282;68728;336;4626;69158;88345;14412
FR;9;2022-10-31;13;7;105;658;9;59;693;986;232;471;635;6387;69386;345;4685;69851;89331;14644
FR;9;2022-11-01;1;1;15;43;0;11;49;71;11;472;636;6402;69429;345;4696;69900;89402;14655
FR;9;2022-11-02;7;12;102;1023;4;76;1041;1571;450;479;648;6504;70452;349;4772;70941;90973;15105
FR;9;2022-11-03;17;17;155;1583;15;90;1631;2325;594;496;665;6659;72035;364;4862;72572;93298;15699
FR;9;2022-11-04;21;18;193;1746;14;120;1795;2521;601;517;683;6852;73781;378;4982;74367;95819;16300
FR;9;2022-11-05;8;10;58;403;9;39;424;573;107;525;693;6910;74184;387;5021;74791;96392;16407
FR;9;2022-11-06;5;4;5;61;6;2;60;87;25;530;697;6915;74245;393;5023;74851;96479;16432
FR;9;2022-11-07;16;19;88;923;16;109;929;1468;424;546;716;7003;75168;409;5132;75780;97947;16856
FR;9;2022-11-08;10;19;164;1799;13;132;1795;2634;702;556;735;7167;76967;422;5264;77575;100581;17558
FR;9;2022-11-09;16;16;123;1260;9;98;1321;1877;453;572;751;7290;78227;431;5362;78896;102458;18011
FR;9;2022-11-10;13;21;158;1620;13;137;1613;2272;518;585;772;7448;79847;444;5499;80509;104730;18529
FR;9;2022-11-11;1;1;13;81;1;6;83;123;34;586;773;7461;79928;445;5505;80592;104853;18563
FR;9;2022-11-12;5;8;44;259;7;19;278;395;97;591;781;7505;80187;452;5524;80870;105248;18660
FR;9;2022-11-13;2;0;4;30;0;4;31;51;16;593;781;7509;80217;452;5528;80901;105299;18676
FR;9;2022-11-14;11;12;56;707;11;44;722;1107;338;604;793;7565;80924;463;5572;81623;106406;19014
FR;9;2022-11-15;16;16;146;1314;7;103;1324;2040;608;620;809;7711;82238;470;5675;82947;108446;19622
FR;9;2022-11-16;10;4;99;977;7;58;996;1486;428;630;813;7810;83215;477;5733;83943;109932;20050
FR;9;2022-11-17;9;15;121;1069;10;74;1092;1639;468;639;828;7931;84284;487;5807;85035;111571;20518
FR;9;2022-11-18;7;16;119;1435;5;77;1450;2012;483;646;844;8050;85719;492;5884;86485;113583;21001
FR;9;2022-11-19;3;5;50;364;1;27;350;488;106;649;849;8100;86083;493;5911;86835;114071;21107
FR;9;2022-11-20;1;0;5;37;0;3;35;54;16;650;849;8105;86120;493;5914;86870;114125;21123
FR;9;2022-11-21;9;12;65;635;5;51;638;958;262;659;861;8170;86755;498;5965;87508;115083;21385
FR;9;2022-11-22;15;12;121;1037;13;74;1067;1591;448;674;873;8291;87792;511;6039;88575;116674;21833
FR;9;2022-11-23;6;10;67;710;5;33;736;1134;360;680;883;8358;88502;516;6072;89311;117808;22193
FR;9;2022-11-24;8;19;91;975;14;66;988;1466;406;688;902;8449;89477;530;6138;90299;119274;22599
FR;9;2022-11-25;8;10;106;1174;8;81;1190;1743;471;696;912;8555;90651;538;6219;91489;121017;23070
FR;9;2022-11-26;6;6;35;217;7;24;211;307;68;702;918;8590;90868;545;6243;91700;121324;23138
FR;9;2022-11-27;1;1;6;42;0;2;46;82;34;703;919;8596;90910;545;6245;91746;121406;23172
FR;9;2022-11-28;5;7;98;689;7;57;716;1107;329;708;926;8694;91599;552;6302;92462;122513;23501
FR;9;2022-11-29;4;17;139;1295;6;87;1322;1930;516;712;943;8833;92894;558;6389;93784;124443;24017
FR;9;2022-11-30;9;12;99;1025;5;76;1048;1598;469;721;955;8932;93919;563;6465;94832;126041;24486
FR;9;2022-12-01;16;14;111;1329;8;80;1314;1938;540;737;969;9043;95248;571;6545;96146;127979;25026
FR;9;2022-12-02;10;13;191;1813;10;107;1812;2621;696;747;982;9234;97061;581;6652;97958;130600;25722
FR;9;2022-12-03;7;9;78;617;5;40;631;884;207;754;991;9312;97678;586;6692;98589;131484;25929
FR;9;2022-12-04;9;4;15;105;5;8;105;153;40;763;995;9327;97783;591;6700;98694;131637;25969
FR;9;2022-12-05;19;24;144;1399;17;98;1415;2100;580;782;1019;9471;99182;608;6798;100109;133737;26549
FR;9;2022-12-06;30;21;261;2436;20;146;2530;3780;1086;812;1040;9732;101618;628;6944;102639;137517;27635
FR;9;2022-12-07;15;22;180;1843;20;111;1885;2815;811;827;1062;9912;103461;648;7055;104524;140332;28446
FR;9;2022-12-08;13;22;218;2373;15;119;2429;3605;1041;840;1084;10130;105834;663;7174;106953;143937;29487
FR;9;2022-12-09;14;25;285;2867;10;141;2948;4267;1170;854;1109;10415;108701;673;7315;109901;148204;30657
FR;9;2022-12-10;12;12;121;1319;4;56;1341;1811;408;866;1121;10536;110020;677;7371;111242;150015;31065
FR;9;2022-12-11;5;4;21;277;5;10;283;363;66;871;1125;10557;110297;682;7381;111525;150378;31131
FR;9;2022-12-12;17;13;216;1951;12;108;2026;2873;734;888;1138;10773;112248;694;7489;113551;153251;31865
FR;9;2022-12-13;27;19;314;3064;13;148;3198;4682;1325;915;1157;11087;115312;707;7637;116749;157933;33190
FR;9;2022-12-14;15;10;182;2273;8;85;2344;3381;936;930;1167;11269;117585;715;7722;119093;161314;34126
FR;9;2022-12-15;16;22;245;2550;12;136;2622;3977;1209;946;1189;11514;120135;727;7858;121715;165291;35335
FR;9;2022-12-16;14;29;290;3014;21;164;3107;4508;1228;960;1218;11804;123149;748;8022;124822;169799;36563
FR;9;2022-12-17;7;11;105;1181;6;49;1197;1639;389;967;1229;11909;124330;754;8071;126019;171438;36952
FR;9;2022-12-18;1;5;27;236;4;14;241;322;66;968;1234;11936;124566;758;8085;126260;171760;37018
FR;9;2022-12-19;20;20;145;1574;14;77;1608;2466;772;988;1254;12081;126140;772;8162;127868;174226;37790
FR;0;2020-12-27;614;0;0;0;55;0;0;0;0;614;0;0;0;55;0;0;0;0
FR;0;2020-12-28;699;1;0;0;43;0;0;0;0;1313;1;0;0;98;0;0;0;0
FR;0;2020-12-29;387;0;0;0;19;0;0;0;0;1700;1;0;0;117;0;0;0;0
FR;0;2020-12-30;449;0;0;0;18;0;0;0;0;2149;1;0;0;135;0;0;0;0
FR;0;2020-12-31;446;1;0;0;23;0;0;0;0;2595;2;0;0;158;0;0;0;0
FR;0;2021-01-01;1184;2;0;0;65;0;0;0;0;3779;4;0;0;223;0;0;0;0
FR;0;2021-01-02;366;3;0;0;28;0;0;0;0;4145;7;0;0;251;0;0;0;0
FR;0;2021-01-03;412;0;0;0;23;0;0;0;0;4557;7;0;0;274;0;0;0;0
FR;0;2021-01-04;2126;4;0;0;50;0;0;0;0;6683;11;0;0;324;0;0;0;0
FR;0;2021-01-05;7762;6;0;0;128;0;0;0;0;14445;17;0;0;452;0;0;0;0
FR;0;2021-01-06;12468;23;0;0;127;0;0;0;0;26913;40;0;0;579;0;0;0;0
FR;0;2021-01-07;29474;22;0;0;159;0;0;0;0;56387;62;0;0;738;0;0;0;0
FR;0;2021-01-08;37163;33;0;0;203;0;0;0;0;93550;95;0;0;941;0;0;0;0
FR;0;2021-01-09;11219;9;0;0;77;0;0;0;0;104769;104;0;0;1018;0;0;0;0
FR;0;2021-01-10;6012;8;0;0;28;0;0;0;0;110781;112;0;0;1046;0;0;0;0
FR;0;2021-01-11;39952;35;0;0;228;0;0;0;0;150733;147;0;0;1274;0;0;0;0
FR;0;2021-01-12;62156;26;0;0;299;0;0;0;0;212889;173;0;0;1573;0;0;0;0
FR;0;2021-01-13;65144;56;0;0;430;0;0;0;0;278033;229;0;0;2003;0;0;0;0
FR;0;2021-01-14;83111;227;0;0;1170;0;0;0;0;361144;456;0;0;3173;0;0;0;0
FR;0;2021-01-15;69024;90;0;0;552;0;0;0;0;430168;546;0;0;3725;0;0;0;0
FR;0;2021-01-16;20218;73;0;0;184;0;0;0;0;450386;619;0;0;3909;0;0;0;0
FR;0;2021-01-17;10989;52;0;0;136;0;0;0;0;461375;671;0;0;4045;0;0;0;0
FR;0;2021-01-18;85916;176;0;0;614;0;0;0;0;547291;847;0;0;4659;0;0;0;0
FR;0;2021-01-19;130612;207;0;0;867;0;0;0;0;677903;1054;0;0;5526;0;0;0;0
FR;0;2021-01-20;137563;190;0;0;839;0;0;0;0;815466;1244;0;0;6365;0;0;0;0
FR;0;2021-01-21;158423;199;0;0;948;0;0;0;0;973889;1443;0;0;7313;0;0;0;0
FR;0;2021-01-22;121080;249;0;0;840;0;0;0;0;1094969;1692;0;0;8153;0;0;0;0
FR;0;2021-01-23;38489;80;0;0;217;0;0;0;0;1133458;1772;0;0;8370;0;0;0;0
FR;0;2021-01-24;9748;126;0;0;191;0;0;0;0;1143206;1898;0;0;8561;0;0;0;0
FR;0;2021-01-25;78249;1435;0;0;1788;0;0;0;0;1221455;3333;0;0;10349;0;0;0;0
FR;0;2021-01-26;100390;3679;1;0;4158;0;0;0;0;1321845;7012;1;0;14507;0;0;0;0
FR;0;2021-01-27;107260;6388;0;0;7105;0;0;0;0;1429105;13400;1;0;21612;0;0;0;0
FR;0;2021-01-28;124374;16322;0;0;17145;0;0;0;0;1553479;29722;1;0;38757;0;0;0;0
FR;0;2021-01-29;92198;18659;0;0;19232;0;0;0;0;1645677;48381;1;0;57989;0;0;0;0
FR;0;2021-01-30;29128;4505;0;0;4641;0;0;0;0;1674805;52886;1;0;62630;0;0;0;0
FR;0;2021-01-31;5240;1898;0;0;1942;0;0;0;0;1680045;54784;1;0;64572;0;0;0;0
FR;0;2021-02-01;53148;22839;0;0;23099;0;0;0;0;1733193;77623;1;0;87671;0;0;0;0
FR;0;2021-02-02;72329;37927;0;0;38416;0;0;0;0;1805522;115550;1;0;126087;0;0;0;0
FR;0;2021-02-03;72323;39985;0;0;40481;0;0;0;0;1877845;155535;1;0;166568;0;0;0;0
FR;0;2021-02-04;82089;54669;0;0;55261;0;0;0;0;1959934;210204;1;0;221829;0;0;0;0
FR;0;2021-02-05;68247;47931;0;0;48358;0;0;0;0;2028181;258135;1;0;270187;0;0;0;0
FR;0;2021-02-06;22966;11374;0;0;11612;0;0;0;0;2051147;269509;1;0;281799;0;0;0;0
FR;0;2021-02-07;5195;5998;0;0;6124;0;0;0;0;2056342;275507;1;0;287923;0;0;0;0
FR;0;2021-02-08;46854;48616;0;0;49085;0;0;0;0;2103196;324123;1;0;337008;0;0;0;0
FR;0;2021-02-09;66037;77962;0;0;79049;0;0;0;0;2169233;402085;1;0;416057;0;0;0;0
FR;0;2021-02-10;71037;82948;0;0;84238;0;0;0;0;2240270;485033;1;0;500295;0;0;0;0
FR;0;2021-02-11;87302;104971;0;0;106884;0;0;0;0;2327572;590004;1;0;607179;0;0;0;0
FR;0;2021-02-12;79349;75957;0;0;77687;0;0;0;0;2406921;665961;1;0;684866;0;0;0;0
FR;0;2021-02-13;22387;19531;0;0;19897;0;0;0;0;2429308;685492;1;0;704763;0;0;0;0
FR;0;2021-02-14;5080;7370;0;0;7496;0;0;0;0;2434388;692862;1;0;712259;0;0;0;0
FR;0;2021-02-15;38125;76702;0;0;77701;0;0;0;0;2472513;769564;1;0;789960;0;0;0;0
FR;0;2021-02-16;50410;99814;0;0;101139;0;0;0;0;2522923;869378;1;0;891099;0;0;0;0
FR;0;2021-02-17;50549;106673;20;0;108104;0;0;0;0;2573472;976051;21;0;999203;0;0;0;0
FR;0;2021-02-18;69809;123329;0;0;125353;0;0;0;0;2643281;1099380;21;0;1124556;0;0;0;0
FR;0;2021-02-19;65088;92083;1;0;93965;0;0;0;0;2708369;1191463;22;0;1218521;0;0;0;0
FR;0;2021-02-20;18598;28567;0;0;28931;0;0;0;0;2726967;1220030;22;0;1247452;0;0;0;0
FR;0;2021-02-21;3328;6087;0;0;6192;0;0;0;0;2730295;1226117;22;0;1253644;0;0;0;0
FR;0;2021-02-22;37506;73190;2;0;74191;0;0;0;0;2767801;1299307;24;0;1327835;0;0;0;0
FR;0;2021-02-23;53795;85255;1;0;86755;0;0;0;0;2821596;1384562;25;0;1414590;0;0;0;0
FR;0;2021-02-24;60030;82745;1;0;84315;0;0;0;0;2881626;1467307;26;0;1498905;0;0;0;0
FR;0;2021-02-25;100603;91335;1;0;94312;0;0;0;0;2982229;1558642;27;0;1593217;0;0;0;0
FR;0;2021-02-26;113487;70763;1;0;73889;0;0;0;0;3095716;1629405;28;0;1667106;0;0;0;0
FR;0;2021-02-27;52126;22402;1;0;23643;0;0;0;0;3147842;1651807;29;0;1690749;0;0;0;0
FR;0;2021-02-28;6207;4129;2;0;4326;0;0;0;0;3154049;1655936;31;0;1695075;0;0;0;0
FR;0;2021-03-01;65927;54068;1;0;55924;0;0;0;0;3219976;1710004;32;0;1750999;0;0;0;0
FR;0;2021-03-02;101407;67145;3;0;70180;0;0;0;0;3321383;1777149;35;0;1821179;0;0;0;0
FR;0;2021-03-03;116550;65463;0;0;69138;0;0;0;0;3437933;1842612;35;0;1890317;0;0;0;0
FR;0;2021-03-04;163655;72413;3;0;77974;0;0;0;0;3601588;1915025;38;0;1968291;0;0;0;0
FR;0;2021-03-05;200952;62707;3;0;69427;0;0;0;0;3802540;1977732;41;0;2037718;0;0;0;0
FR;0;2021-03-06;207981;17514;3;0;22815;0;0;0;0;4010521;1995246;44;0;2060533;0;0;0;0
FR;0;2021-03-07;121289;4085;1;0;7379;0;0;0;0;4131810;1999331;45;0;2067912;0;0;0;0
FR;0;2021-03-08;107171;49657;2;0;53134;0;0;0;0;4238981;2048988;47;0;2121046;0;0;0;0
FR;0;2021-03-09;172475;56114;2;0;61595;0;0;0;0;4411456;2105102;49;0;2182641;0;0;0;0
FR;0;2021-03-10;179031;57105;5;0;62769;0;0;0;0;4590487;2162207;54;0;2245410;0;0;0;0
FR;0;2021-03-11;242926;63991;2;0;72070;0;0;0;0;4833413;2226198;56;0;2317480;0;0;0;0
FR;0;2021-03-12;294864;53405;1;0;62859;0;0;0;0;5128277;2279603;57;0;2380339;0;0;0;0
FR;0;2021-03-13;231435;15261;1;0;21238;0;0;0;0;5359712;2294864;58;0;2401577;0;0;0;0
FR;0;2021-03-14;63358;3098;1;0;5133;0;0;0;0;5423070;2297962;59;0;2406710;0;0;0;0
FR;0;2021-03-15;158685;31590;3;0;36238;0;0;0;0;5581755;2329552;62;0;2442948;0;0;0;0
FR;0;2021-03-16;141588;38866;6;0;43007;0;0;0;0;5723343;2368418;68;0;2485955;0;0;0;0
FR;0;2021-03-17;150513;37630;4;0;42394;0;0;0;0;5873856;2406048;72;0;2528349;0;0;0;0
FR;0;2021-03-18;167860;44403;5;0;49958;0;0;0;0;6041716;2450451;77;0;2578307;0;0;0;0
FR;0;2021-03-19;230043;36782;2;0;44133;0;0;0;0;6271759;2487233;79;0;2622440;0;0;0;0
FR;0;2021-03-20;166714;11399;1;0;16023;0;0;0;0;6438473;2498632;80;0;2638463;0;0;0;0
FR;0;2021-03-21;49951;2160;1;0;3918;0;0;0;0;6488424;2500792;81;0;2642381;0;0;0;0
FR;0;2021-03-22;170075;33591;2;0;39086;0;0;0;0;6658499;2534383;83;0;2681467;0;0;0;0
FR;0;2021-03-23;250423;42415;1;0;50249;0;0;0;0;6908922;2576798;84;0;2731716;0;0;0;0
FR;0;2021-03-24;256935;43533;0;0;51615;0;0;0;0;7165857;2620331;84;0;2783331;0;0;0;0
FR;0;2021-03-25;341856;45253;5;0;56242;0;0;0;0;7507713;2665584;89;0;2839573;0;0;0;0
FR;0;2021-03-26;358837;41815;5;1;53562;0;0;0;0;7866550;2707399;94;1;2893135;0;0;0;0
FR;0;2021-03-27;195290;16931;1;0;23373;0;0;0;0;8061840;2724330;95;1;2916508;0;0;0;0
FR;0;2021-03-28;59348;4517;3;0;6581;0;0;0;0;8121188;2728847;98;1;2923089;0;0;0;0
FR;0;2021-03-29;203006;53452;4;0;60205;0;0;0;0;8324194;2782299;102;1;2983294;0;0;0;0
FR;0;2021-03-30;285518;69975;5;0;80376;0;0;0;0;8609712;2852274;107;1;3063670;0;0;0;0
FR;0;2021-03-31;263068;73917;4;0;84587;0;0;0;0;8872780;2926191;111;1;3148257;0;0;0;0
FR;0;2021-04-01;315557;92539;11;0;106103;0;0;0;0;9188337;3018730;122;1;3254360;0;0;0;0
FR;0;2021-04-02;281371;94613;7;0;106427;0;0;0;0;9469708;3113343;129;1;3360787;0;0;0;0
FR;0;2021-04-03;141088;62542;6;0;67797;0;0;0;0;9610796;3175885;135;1;3428584;0;0;0;0
FR;0;2021-04-04;46546;18998;2;0;21047;0;0;0;0;9657342;3194883;137;1;3449631;0;0;0;0
FR;0;2021-04-05;63357;10435;11;0;13092;0;0;0;0;9720699;3205318;148;1;3462723;0;0;0;0
FR;0;2021-04-06;217254;112760;17;0;121594;0;0;0;0;9937953;3318078;165;1;3584317;0;0;0;0
FR;0;2021-04-07;260304;115283;17;0;126617;0;0;0;0;10198257;3433361;182;1;3710934;0;0;0;0
FR;0;2021-04-08;337892;123025;15;0;138632;0;0;0;0;10536149;3556386;197;1;3849566;0;0;0;0
FR;0;2021-04-09;410206;116824;49;0;134214;0;0;0;0;10946355;3673210;246;1;3983780;0;0;0;0
FR;0;2021-04-10;212656;82863;15;0;91246;0;0;0;0;11159011;3756073;261;1;4075026;0;0;0;0
FR;0;2021-04-11;56152;34176;7;0;36700;0;0;0;0;11215163;3790249;268;1;4111726;0;0;0;0
FR;0;2021-04-12;237106;115791;46;0;125379;0;0;0;0;11452269;3906040;314;1;4237105;0;0;0;0
FR;0;2021-04-13;309530;144187;98;1;157133;0;0;0;0;11761799;4050227;412;2;4394238;0;0;0;0
FR;0;2021-04-14;294576;139715;215;0;153080;0;0;0;0;12056375;4189942;627;2;4547318;0;0;0;0
FR;0;2021-04-15;337162;150270;340;0;165782;0;0;0;0;12393537;4340212;967;2;4713100;0;0;0;0
FR;0;2021-04-16;339349;146944;354;0;161593;0;0;0;0;12732886;4487156;1321;2;4874693;0;0;0;0
FR;0;2021-04-17;188683;89977;109;0;97669;0;0;0;0;12921569;4577133;1430;2;4972362;0;0;0;0
FR;0;2021-04-18;51634;35456;47;0;37875;0;0;0;0;12973203;4612589;1477;2;5010237;0;0;0;0
FR;0;2021-04-19;205734;138232;456;0;147376;0;0;0;0;13178937;4750821;1933;2;5157613;0;0;0;0
FR;0;2021-04-20;254466;171836;569;0;183476;0;0;0;0;13433403;4922657;2502;2;5341089;0;0;0;0
FR;0;2021-04-21;253313;169983;836;0;181994;0;0;0;0;13686716;5092640;3338;2;5523083;0;0;0;0
FR;0;2021-04-22;287606;190268;819;0;204849;0;0;0;0;13974322;5282908;4157;2;5727932;0;0;0;0
FR;0;2021-04-23;297718;184546;747;0;203337;0;0;0;0;14272040;5467454;4904;2;5931269;0;0;0;0
FR;0;2021-04-24;190475;111983;252;0;122431;0;0;0;0;14462515;5579437;5156;2;6053700;0;0;0;0
FR;0;2021-04-25;69569;38841;51;0;42572;0;0;0;0;14532084;5618278;5207;2;6096272;0;0;0;0
FR;0;2021-04-26;220990;158403;563;0;171591;0;0;0;0;14753074;5776681;5770;2;6267863;0;0;0;0
FR;0;2021-04-27;284640;187944;941;0;211252;0;0;0;0;15037714;5964625;6711;2;6479115;0;0;0;0
FR;0;2021-04-28;299554;184528;1426;1;209604;1;0;0;0;15337268;6149153;8137;3;6688719;1;0;0;0
FR;0;2021-04-29;357188;198063;1281;0;233143;0;0;0;0;15694456;6347216;9418;3;6921862;1;0;0;0
FR;0;2021-04-30;372251;185929;1123;1;225268;0;0;0;0;16066707;6533145;10541;4;7147130;1;0;0;0
FR;0;2021-05-01;167669;52506;179;0;63754;0;0;0;0;16234376;6585651;10720;4;7210884;1;0;0;0
FR;0;2021-05-02;91763;37837;83;0;43560;0;0;0;0;16326139;6623488;10803;4;7254444;1;0;0;0
FR;0;2021-05-03;288957;165646;843;0;186162;0;0;0;0;16615096;6789134;11646;4;7440606;1;0;0;0
FR;0;2021-05-04;315728;225433;1235;0;251601;0;0;0;0;16930824;7014567;12881;4;7692207;1;0;0;0
FR;0;2021-05-05;327260;226343;1315;0;251406;0;0;0;0;17258084;7240910;14196;4;7943613;1;0;0;0
FR;0;2021-05-06;379566;240949;1634;0;275202;0;0;0;0;17637650;7481859;15830;4;8218815;1;0;0;0
FR;0;2021-05-07;372804;258679;1224;0;299738;0;0;0;0;18010454;7740538;17054;4;8518553;1;0;0;0
FR;0;2021-05-08;222178;71002;300;0;86215;0;0;0;0;18232632;7811540;17354;4;8604768;1;0;0;0
FR;0;2021-05-09;129720;44769;243;0;53404;0;0;0;0;18362352;7856309;17597;4;8658172;1;0;0;0
FR;0;2021-05-10;313414;229569;1238;0;255346;0;0;0;0;18675766;8085878;18835;4;8913518;1;0;0;0
FR;0;2021-05-11;403955;258288;1566;0;296708;0;0;0;0;19079721;8344166;20401;4;9210226;1;0;0;0
FR;0;2021-05-12;434173;233757;1544;0;270037;0;0;0;0;19513894;8577923;21945;4;9480263;1;0;0;0
FR;0;2021-05-13;338631;56498;432;0;77994;0;0;0;0;19852525;8634421;22377;4;9558257;1;0;0;0
FR;0;2021-05-14;454168;167469;1126;0;203069;0;0;0;0;20306693;8801890;23503;4;9761326;1;0;0;0
FR;0;2021-05-15;375003;94348;444;0;120742;0;0;0;0;20681696;8896238;23947;4;9882068;1;0;0;0
FR;0;2021-05-16;202768;20690;168;0;34089;0;0;0;0;20884464;8916928;24115;4;9916157;1;0;0;0
FR;0;2021-05-17;376139;148820;1555;0;178612;0;0;0;0;21260603;9065748;25670;4;10094769;1;0;0;0
FR;0;2021-05-18;460187;153973;1990;0;193119;0;0;0;0;21720790;9219721;27660;4;10287888;1;0;0;0
FR;0;2021-05-19;467439;142765;2465;0;180032;0;0;0;0;22188229;9362486;30125;4;10467920;1;0;0;0
FR;0;2021-05-20;507572;160299;2339;0;204276;0;0;0;0;22695801;9522785;32464;4;10672196;1;0;0;0
FR;0;2021-05-21;489705;175131;1996;0;221682;0;0;0;0;23185506;9697916;34460;4;10893878;1;0;0;0
FR;0;2021-05-22;347217;80179;670;0;108608;0;0;0;0;23532723;9778095;35130;4;11002486;1;0;0;0
FR;0;2021-05-23;161704;14232;246;0;26699;0;0;0;0;23694427;9792327;35376;4;11029185;1;0;0;0
FR;0;2021-05-24;263209;33096;604;0;52934;0;0;0;0;23957636;9825423;35980;4;11082119;1;0;0;0
FR;0;2021-05-25;400296;190421;2356;1;226981;0;0;0;0;24357932;10015844;38336;5;11309100;1;0;0;0
FR;0;2021-05-26;413481;190811;2226;0;228877;0;0;0;0;24771413;10206655;40562;5;11537977;1;0;0;0
FR;0;2021-05-27;449844;219868;2163;0;267010;0;0;0;0;25221257;10426523;42725;5;11804987;1;0;0;0
FR;0;2021-05-28;429577;260926;1894;0;319026;0;0;0;0;25650834;10687449;44619;5;12124013;1;0;0;0
FR;0;2021-05-29;299000;150385;586;0;183235;0;0;0;0;25949834;10837834;45205;5;12307248;1;0;0;0
FR;0;2021-05-30;107150;32529;164;0;42112;0;0;0;0;26056984;10870363;45369;5;12349360;1;0;0;0
FR;0;2021-05-31;358063;203436;1471;1;241720;1;0;0;0;26415047;11073799;46840;6;12591080;2;0;0;0
FR;0;2021-06-01;431091;251188;1970;1;302833;1;0;0;0;26846138;11324987;48810;7;12893913;3;0;0;0
FR;0;2021-06-02;420141;232445;1985;0;279823;0;0;0;0;27266279;11557432;50795;7;13173736;3;0;0;0
FR;0;2021-06-03;465656;257710;1826;0;312473;0;0;0;0;27731935;11815142;52621;7;13486209;3;0;0;0
FR;0;2021-06-04;456276;305737;1734;1;363131;1;0;0;0;28188211;12120879;54355;8;13849340;4;0;0;0
FR;0;2021-06-05;304819;189471;653;0;222684;0;0;0;0;28493030;12310350;55008;8;14072024;4;0;0;0
FR;0;2021-06-06;133329;49045;226;0;61185;0;0;0;0;28626359;12359395;55234;8;14133209;4;0;0;0
FR;0;2021-06-07;340007;261527;1528;0;298619;0;0;0;0;28966366;12620922;56762;8;14431828;4;0;0;0
FR;0;2021-06-08;393919;291317;1806;0;338178;0;0;0;0;29360285;12912239;58568;8;14770006;4;0;0;0
FR;0;2021-06-09;384901;273942;1734;0;318358;0;0;0;0;29745186;13186181;60302;8;15088364;4;0;0;0
FR;0;2021-06-10;404216;286757;1727;1;336197;0;0;0;0;30149402;13472938;62029;9;15424561;4;0;0;0
FR;0;2021-06-11;386684;356523;1467;1;406950;0;0;0;0;30536086;13829461;63496;10;15831511;4;0;0;0
FR;0;2021-06-12;283286;210976;497;0;243121;0;0;0;0;30819372;14040437;63993;10;16074632;4;0;0;0
FR;0;2021-06-13;104894;73853;204;0;84843;0;0;0;0;30924266;14114290;64197;10;16159475;4;0;0;0
FR;0;2021-06-14;240864;354195;1429;1;383372;0;0;0;0;31165130;14468485;65626;11;16542847;4;0;0;0
FR;0;2021-06-15;308198;384457;1574;1;423219;0;0;0;0;31473328;14852942;67200;12;16966066;4;0;0;0
FR;0;2021-06-16;314001;357494;1418;1;395253;0;0;0;0;31787329;15210436;68618;13;17361319;4;0;0;0
FR;0;2021-06-17;317714;372998;1431;1;414177;0;0;0;0;32105043;15583434;70049;14;17775496;4;0;0;0
FR;0;2021-06-18;321768;442605;1341;1;485993;0;0;0;0;32426811;16026039;71390;15;18261489;4;0;0;0
FR;0;2021-06-19;224356;273965;449;0;301148;0;0;0;0;32651167;16300004;71839;15;18562637;4;0;0;0
FR;0;2021-06-20;74449;102321;129;0;111516;0;0;0;0;32725616;16402325;71968;15;18674153;4;0;0;0
FR;0;2021-06-21;195800;401653;1038;1;427608;1;0;0;0;32921416;16803978;73006;16;19101761;5;0;0;0
FR;0;2021-06-22;223217;467633;1266;10;500283;1;0;0;0;33144633;17271611;74272;26;19602044;6;0;0;0
FR;0;2021-06-23;234062;440019;1197;1;474127;1;0;0;0;33378695;17711630;75469;27;20076171;7;0;0;0
FR;0;2021-06-24;241882;409635;1359;0;447134;0;0;0;0;33620577;18121265;76828;27;20523305;7;0;0;0
FR;0;2021-06-25;227653;522938;1403;0;561928;0;0;0;0;33848230;18644203;78231;27;21085233;7;0;0;0
FR;0;2021-06-26;153281;370971;587;1;395765;0;0;0;0;34001511;19015174;78818;28;21480998;7;0;0;0
FR;0;2021-06-27;55910;155959;169;1;164867;0;0;0;0;34057421;19171133;78987;29;21645865;7;0;0;0
FR;0;2021-06-28;154799;452521;1177;0;478118;0;0;0;0;34212220;19623654;80164;29;22123983;7;0;0;0
FR;0;2021-06-29;182729;507612;2123;0;538998;0;0;0;0;34394949;20131266;82287;29;22662981;7;0;0;0
FR;0;2021-06-30;204026;485083;2015;21;519371;2;0;0;0;34598975;20616349;84302;50;23182352;9;0;0;0
FR;0;2021-07-01;231429;458397;2224;5;498365;1;0;0;0;34830404;21074746;86526;55;23680717;10;0;0;0
FR;0;2021-07-02;228696;520023;2120;5;562350;2;0;0;0;35059100;21594769;88646;60;24243067;12;0;0;0
FR;0;2021-07-03;142050;368741;908;3;395230;1;0;0;0;35201150;21963510;89554;63;24638297;13;0;0;0
FR;0;2021-07-04;56759;141019;265;0;150716;0;0;0;0;35257909;22104529;89819;63;24789013;13;0;0;0
FR;0;2021-07-05;168529;418707;1668;8;448659;0;0;0;0;35426438;22523236;91487;71;25237672;13;0;0;0
FR;0;2021-07-06;196789;474481;1830;45;511095;8;0;0;0;35623227;22997717;93317;116;25748767;21;0;0;0
FR;0;2021-07-07;213223;438997;1880;25;477463;3;0;0;0;35836450;23436714;95197;141;26226230;24;0;0;0
FR;0;2021-07-08;231659;424097;2089;20;468060;3;0;0;0;36068109;23860811;97286;161;26694290;27;0;0;0
FR;0;2021-07-09;228632;511057;2185;4;557380;2;0;0;0;36296741;24371868;99471;165;27251670;29;0;0;0
FR;0;2021-07-10;148626;339890;986;1;368840;1;0;0;0;36445367;24711758;100457;166;27620510;30;0;0;0
FR;0;2021-07-11;60207;110048;283;0;120967;0;0;0;0;36505574;24821806;100740;166;27741477;30;0;0;0
FR;0;2021-07-12;169432;477795;1765;4;512556;0;0;0;0;36675006;25299601;102505;170;28254033;30;0;0;0
FR;0;2021-07-13;287279;526735;2050;8;585785;1;0;0;0;36962285;25826336;104555;178;28839818;31;0;0;0
FR;0;2021-07-14;181115;157382;435;0;186703;0;0;0;0;37143400;25983718;104990;178;29026521;31;0;0;0
FR;0;2021-07-15;347114;501642;2100;1;571643;0;0;0;0;37490514;26485360;107090;179;29598164;31;0;0;0
FR;0;2021-07-16;380118;495102;2023;3;574317;1;0;0;0;37870632;26980462;109113;182;30172481;32;0;0;0
FR;0;2021-07-17;259745;319628;877;1;368599;0;0;0;0;38130377;27300090;109990;183;30541080;32;0;0;0
FR;0;2021-07-18;109733;114576;310;0;133027;0;0;0;0;38240110;27414666;110300;183;30674107;32;0;0;0
FR;0;2021-07-19;285507;424022;1631;3;479063;0;0;0;0;38525617;27838688;111931;186;31153170;32;0;0;0
FR;0;2021-07-20;376930;451342;1724;0;523703;0;0;0;0;38902547;28290030;113655;186;31676873;32;0;0;0
FR;0;2021-07-21;395825;406989;1549;4;482016;1;0;0;0;39298372;28697019;115204;190;32158889;33;0;0;0
FR;0;2021-07-22;441070;387375;1715;4;471893;2;0;0;0;39739442;29084394;116919;194;32630782;35;0;0;0
FR;0;2021-07-23;440337;422144;1883;4;510134;1;0;0;0;40179779;29506538;118802;198;33140916;36;0;0;0
FR;0;2021-07-24;285257;269305;804;1;322003;0;0;0;0;40465036;29775843;119606;199;33462919;36;0;0;0
FR;0;2021-07-25;121118;79928;234;0;100291;0;0;0;0;40586154;29855771;119840;199;33563210;36;0;0;0
FR;0;2021-07-26;347437;322257;1614;3;384836;1;0;0;0;40933591;30178028;121454;202;33948046;37;0;0;0
FR;0;2021-07-27;464086;319368;1698;4;400541;1;0;0;0;41397677;30497396;123152;206;34348587;38;0;0;0
FR;0;2021-07-28;459454;289386;1637;4;367030;1;0;0;0;41857131;30786782;124789;210;34715617;39;0;0;0
FR;0;2021-07-29;489843;276167;1797;2;357086;0;0;0;0;42346974;31062949;126586;212;35072703;39;0;0;0
FR;0;2021-07-30;461845;302418;1941;5;380945;1;0;0;0;42808819;31365367;128527;217;35453648;40;0;0;0
FR;0;2021-07-31;285411;185015;915;1;231537;0;0;0;0;43094230;31550382;129442;218;35685185;40;0;0;0
FR;0;2021-08-01;112036;49920;255;0;65702;0;0;0;0;43206266;31600302;129697;218;35750887;40;0;0;0
FR;0;2021-08-02;341646;234088;1602;2;284818;0;0;0;0;43547912;31834390;131299;220;36035705;40;0;0;0
FR;0;2021-08-03;398629;244512;1728;2;304623;1;0;0;0;43946541;32078902;133027;222;36340328;41;0;0;0
FR;0;2021-08-04;384871;209555;1593;6;265713;3;0;0;0;44331412;32288457;134620;228;36606041;44;0;0;0
FR;0;2021-08-05;366184;228374;1711;0;281779;0;0;0;0;44697596;32516831;136331;228;36887820;44;0;0;0
FR;0;2021-08-06;359740;271248;1835;4;326682;0;0;0;0;45057336;32788079;138166;232;37214502;44;0;0;0
FR;0;2021-08-07;213136;178320;756;5;210074;1;0;0;0;45270472;32966399;138922;237;37424576;45;0;0;0
FR;0;2021-08-08;74196;63182;276;0;73614;0;0;0;0;45344668;33029581;139198;237;37498190;45;0;0;0
FR;0;2021-08-09;258768;258661;1548;4;297620;2;0;0;0;45603436;33288242;140746;241;37795810;47;0;0;0
FR;0;2021-08-10;306881;277139;1663;2;323568;0;0;0;0;45910317;33565381;142409;243;38119378;47;0;0;0
FR;0;2021-08-11;279754;259608;1441;5;301707;0;0;0;0;46190071;33824989;143850;248;38421085;47;0;0;0
FR;0;2021-08-12;271557;278077;1667;3;320386;0;0;0;0;46461628;34103066;145517;251;38741471;47;0;0;0
FR;0;2021-08-13;252165;278074;1594;3;316954;2;0;0;0;46713793;34381140;147111;254;39058425;49;0;0;0
FR;0;2021-08-14;145353;197097;740;0;219046;0;0;0;0;46859146;34578237;147851;254;39277471;49;0;0;0
FR;0;2021-08-15;39395;50097;218;1;55684;0;0;0;0;46898541;34628334;148069;255;39333155;49;0;0;0
FR;0;2021-08-16;186192;317534;1542;0;345492;0;0;0;0;47084733;34945868;149611;255;39678647;49;0;0;0
FR;0;2021-08-17;215702;335868;1638;7;368946;0;0;0;0;47300435;35281736;151249;262;40047593;49;0;0;0
FR;0;2021-08-18;199061;324398;1599;7;354600;4;0;0;0;47499496;35606134;152848;269;40402193;53;0;0;0
FR;0;2021-08-19;192042;325427;1641;1;356026;0;0;0;0;47691538;35931561;154489;270;40758219;53;0;0;0
FR;0;2021-08-20;186478;366224;1820;3;396707;2;0;0;0;47878016;36297785;156309;273;41154926;55;0;0;0
FR;0;2021-08-21;104806;238120;708;0;254568;0;0;0;0;47982822;36535905;157017;273;41409494;55;0;0;0
FR;0;2021-08-22;31944;87215;256;1;92172;1;0;0;0;48014766;36623120;157273;274;41501666;56;0;0;0
FR;0;2021-08-23;140985;357001;1561;3;379627;1;0;0;0;48155751;36980121;158834;277;41881293;57;0;0;0
FR;0;2021-08-24;162508;376636;1850;5;402923;0;0;0;0;48318259;37356757;160684;282;42284216;57;0;0;0
FR;0;2021-08-25;151154;350735;2036;8;375474;2;0;0;0;48469413;37707492;162720;290;42659690;59;0;0;0
FR;0;2021-08-26;142882;342744;2561;10;367594;0;0;0;0;48612295;38050236;165281;300;43027284;59;0;0;0
FR;0;2021-08-27;148454;388250;2790;11;414977;1;0;0;0;48760749;38438486;168071;311;43442261;60;0;0;0
FR;0;2021-08-28;90674;249615;1407;0;264978;0;0;0;0;48851423;38688101;169478;311;43707239;60;0;0;0
FR;0;2021-08-29;27321;83344;518;1;88269;0;0;0;0;48878744;38771445;169996;312;43795508;60;0;0;0
FR;0;2021-08-30;117426;324593;4713;6;342411;5858;0;0;0;48996170;39096038;174709;318;44137919;5918;0;0;0
FR;0;2021-08-31;128822;334473;10189;19;353954;11788;2;0;0;49124992;39430511;184898;337;44491873;17706;2;0;0
FR;0;2021-09-01;136154;285670;22435;8;302451;24404;1;0;0;49261146;39716181;207333;345;44794324;42110;3;0;0
FR;0;2021-09-02;114658;247203;26521;20;262130;28998;0;0;0;49375804;39963384;233854;365;45056454;71108;3;0;0
FR;0;2021-09-03;118316;292663;29967;24;309347;33075;1;0;0;49494120;40256047;263821;389;45365801;104183;4;0;0
FR;0;2021-09-04;89891;217782;12587;12;230515;14145;7;0;0;49584011;40473829;276408;401;45596316;118328;11;0;0
FR;0;2021-09-05;21362;44811;4395;2;48301;4715;0;0;0;49605373;40518640;280803;403;45644617;123043;11;0;0
FR;0;2021-09-06;75695;180539;31956;16;190730;34314;2;0;0;49681068;40699179;312759;419;45835347;157357;13;0;0
FR;0;2021-09-07;80312;181196;33248;43;191101;36298;2;0;0;49761380;40880375;346007;462;46026448;193655;15;0;0
FR;0;2021-09-08;91004;206080;29668;28;216598;32563;4;0;0;49852384;41086455;375675;490;46243046;226218;19;0;0
FR;0;2021-09-09;76957;165309;33080;27;174143;36686;5;0;0;49929341;41251764;408755;517;46417189;262904;24;0;0
FR;0;2021-09-10;96039;203792;35744;28;214921;40767;7;0;0;50025380;41455556;444499;545;46632110;303671;31;0;0
FR;0;2021-09-11;67166;169320;12140;19;178197;14398;0;0;0;50092546;41624876;456639;564;46810307;318069;31;0;0
FR;0;2021-09-12;12826;32098;2782;1;34147;3187;2;0;0;50105372;41656974;459421;565;46844454;321256;33;0;0
FR;0;2021-09-13;64572;126195;41244;35;134233;44252;17;0;0;50169944;41783169;500665;600;46978687;365508;50;0;0
FR;0;2021-09-14;73496;129010;56380;80;135819;62393;40;0;0;50243440;41912179;557045;680;47114506;427901;90;0;0
FR;0;2021-09-15;76649;167765;55670;58;174721;54848;77;0;0;50320089;42079944;612715;738;47289227;482749;167;0;0
FR;0;2021-09-16;63885;114497;60098;82;117891;60153;74;0;0;50383974;42194441;672813;820;47407118;542902;241;0;0
FR;0;2021-09-17;75088;156832;53857;71;159731;57334;69;0;0;50459062;42351273;726670;891;47566849;600236;310;0;0
FR;0;2021-09-18;48240;139630;15601;25;144319;17317;20;0;0;50507302;42490903;742271;916;47711168;617553;330;0;0
FR;0;2021-09-19;7908;23662;2439;1;24890;2617;1;0;0;50515210;42514565;744710;917;47736058;620170;331;0;0
FR;0;2021-09-20;44575;93758;50085;72;96249;50343;36;0;0;50559785;42608323;794795;989;47832307;670513;367;0;0
FR;0;2021-09-21;45906;98387;62768;77;98398;63502;82;0;0;50605691;42706710;857563;1066;47930705;734015;449;0;0
FR;0;2021-09-22;48695;142389;55376;82;144845;55460;49;0;0;50654386;42849099;912939;1148;48075550;789475;498;0;0
FR;0;2021-09-23;43291;92067;62400;95;91271;63584;95;0;0;50697677;42941166;975339;1243;48166821;853059;593;0;0
FR;0;2021-09-24;52313;133295;54563;107;132408;59215;79;0;0;50749990;43074461;1029902;1350;48299229;912274;672;0;0
FR;0;2021-09-25;35221;115651;16276;36;118648;18310;22;0;0;50785211;43190112;1046178;1386;48417877;930584;694;0;0
FR;0;2021-09-26;5555;17803;2272;5;18685;2332;5;0;0;50790766;43207915;1048450;1391;48436562;932916;699;0;0
FR;0;2021-09-27;33982;76912;47203;97;78799;48187;83;0;1;50824748;43284827;1095653;1488;48515361;981103;782;0;1
FR;0;2021-09-28;36521;75238;54974;90;74337;56575;49;0;0;50861269;43360065;1150627;1578;48589698;1037678;831;0;1
FR;0;2021-09-29;44422;100711;53367;112;102871;54901;45;0;0;50905691;43460776;1203994;1690;48692569;1092579;876;0;1
FR;0;2021-09-30;36345;72968;57041;96;71482;59596;58;0;0;50942036;43533744;1261035;1786;48764051;1152175;934;0;1
FR;0;2021-10-01;61713;102864;57828;108;101440;63992;25;0;0;51003749;43636608;1318863;1894;48865491;1216167;959;0;1
FR;0;2021-10-02;39470;78441;20963;39;81731;23379;12;0;0;51043219;43715049;1339826;1933;48947222;1239546;971;0;1
FR;0;2021-10-03;5289;10496;2533;4;11259;2542;4;0;0;51048508;43725545;1342359;1937;48958481;1242088;975;0;1
FR;0;2021-10-04;35197;58487;52631;84;59497;54848;37;0;0;51083705;43784032;1394990;2021;49017978;1296936;1012;0;1
FR;0;2021-10-05;33927;64365;61027;135;62110;65098;52;0;0;51117632;43848397;1456017;2156;49080088;1362034;1064;0;1
FR;0;2021-10-06;42721;79292;65758;113;80177;68372;31;0;0;51160353;43927689;1521775;2269;49160265;1430406;1095;0;1
FR;0;2021-10-07;30568;62276;65441;89;59507;68879;40;0;0;51190921;43989965;1587216;2358;49219772;1499285;1135;0;1
FR;0;2021-10-08;49482;91936;77769;111;89891;84798;42;0;0;51240403;44081901;1664985;2469;49309663;1584083;1177;0;1
FR;0;2021-10-09;33678;60930;31547;35;64133;33926;17;0;0;51274081;44142831;1696532;2504;49373796;1618009;1194;0;1
FR;0;2021-10-10;4721;7430;3198;9;7945;3478;2;0;0;51278802;44150261;1699730;2513;49381741;1621487;1196;0;1
FR;0;2021-10-11;30732;49908;61047;105;50625;64111;51;0;0;51309534;44200169;1760777;2618;49432366;1685598;1247;0;1
FR;0;2021-10-12;31642;54485;70629;141;51341;76025;27;0;0;51341176;44254654;1831406;2759;49483707;1761623;1274;0;1
FR;0;2021-10-13;40163;62830;74440;137;62801;79375;30;0;1;51381339;44317484;1905846;2896;49546508;1840998;1304;0;2
FR;0;2021-10-14;30360;52869;68775;116;49702;73853;35;0;0;51411699;44370353;1974621;3012;49596210;1914851;1339;0;2
FR;0;2021-10-15;44951;75236;93245;191;70342;103036;27;0;0;51456650;44445589;2067866;3203;49666552;2017887;1366;0;2
FR;0;2021-10-16;31331;44098;36698;44;46709;39654;17;0;0;51487981;44489687;2104564;3247;49713261;2057541;1383;0;2
FR;0;2021-10-17;3891;5227;3602;2;5670;3677;4;0;0;51491872;44494914;2108166;3249;49718931;2061218;1387;0;2
FR;0;2021-10-18;29207;42359;67512;134;42583;71367;29;0;0;51521079;44537273;2175678;3383;49761514;2132585;1416;0;2
FR;0;2021-10-19;27193;45553;76421;140;43219;81667;46;0;0;51548272;44582826;2252099;3523;49804733;2214252;1462;0;2
FR;0;2021-10-20;35341;52416;96952;181;51825;101570;45;0;0;51583613;44635242;2349051;3704;49856558;2315822;1507;0;2
FR;0;2021-10-21;26163;45167;83987;112;41969;89177;32;0;0;51609776;44680409;2433038;3816;49898527;2404999;1539;0;2
FR;0;2021-10-22;38449;62484;104921;200;59368;112632;65;0;0;51648225;44742893;2537959;4016;49957895;2517631;1604;0;2
FR;0;2021-10-23;27032;41207;45465;57;42438;48636;15;0;0;51675257;44784100;2583424;4073;50000333;2566267;1619;0;2
FR;0;2021-10-24;2946;4769;3684;6;5016;3923;1;0;0;51678203;44788869;2587108;4079;50005349;2570190;1620;0;2
FR;0;2021-10-25;26099;36237;82344;144;35515;86675;39;0;0;51704302;44825106;2669452;4223;50040864;2656865;1659;0;2
FR;0;2021-10-26;23768;35000;87274;166;32180;92394;36;0;0;51728070;44860106;2756726;4389;50073044;2749259;1695;0;2
FR;0;2021-10-27;30109;46321;109021;257;44063;114736;54;0;0;51758179;44906427;2865747;4646;50117107;2863995;1749;0;2
FR;0;2021-10-28;23607;34938;88738;153;31218;94527;38;0;0;51781786;44941365;2954485;4799;50148325;2958522;1787;0;2
FR;0;2021-10-29;31581;51462;117341;206;46522;125415;57;0;0;51813367;44992827;3071826;5005;50194847;3083937;1844;0;2
FR;0;2021-10-30;20573;33226;50359;76;32927;53415;20;0;0;51833940;45026053;3122185;5081;50227774;3137352;1864;0;2
FR;0;2021-10-31;2517;3736;3594;3;3847;3881;3;0;0;51836457;45029789;3125779;5084;50231621;3141233;1867;0;2
FR;0;2021-11-01;8529;4865;3222;3;5016;3586;10;0;0;51844986;45034654;3129001;5087;50236637;3144819;1877;0;2
FR;0;2021-11-02;26374;40111;93602;156;36261;99651;44;0;1;51871360;45074765;3222603;5243;50272898;3244470;1921;0;3
FR;0;2021-11-03;30125;47919;118917;222;43582;125884;67;0;0;51901485;45122684;3341520;5465;50316480;3370354;1988;0;3
FR;0;2021-11-04;23818;37486;107592;217;31588;114482;47;0;0;51925303;45160170;3449112;5682;50348068;3484836;2035;0;3
FR;0;2021-11-05;32406;52949;141664;236;44672;151442;56;0;0;51957709;45213119;3590776;5918;50392740;3636278;2091;0;3
FR;0;2021-11-06;21549;34555;64894;123;32398;68326;27;0;0;51979258;45247674;3655670;6041;50425138;3704604;2118;0;3
FR;0;2021-11-07;2427;4170;5206;6;4012;5597;7;0;0;51981685;45251844;3660876;6047;50429150;3710201;2125;0;3
FR;0;2021-11-08;20627;37735;127220;227;30950;134342;51;0;0;52002312;45289579;3788096;6274;50460100;3844543;2176;0;3
FR;0;2021-11-09;22440;44664;161731;339;32885;172329;70;0;0;52024752;45334243;3949827;6613;50492985;4016872;2246;0;3
FR;0;2021-11-10;31614;54911;187055;447;44063;198869;97;0;0;52056366;45389154;4136882;7060;50537048;4215741;2343;0;3
FR;0;2021-11-11;4747;6756;12992;28;5909;13979;17;0;0;52061113;45395910;4149874;7088;50542957;4229720;2360;0;3
FR;0;2021-11-12;29097;55063;183829;252;41750;197469;92;0;0;52090210;45450973;4333703;7340;50584707;4427189;2452;0;3
FR;0;2021-11-13;20354;32609;80725;118;28242;86352;45;0;0;52110564;45483582;4414428;7458;50612949;4513541;2497;0;3
FR;0;2021-11-14;2365;3858;7183;6;3365;7846;9;0;0;52112929;45487440;4421611;7464;50616314;4521387;2506;0;3
FR;0;2021-11-15;20513;38573;160897;314;27813;171623;81;0;0;52133442;45526013;4582508;7778;50644127;4693010;2587;0;3
FR;0;2021-11-16;23662;43886;200468;394;27758;215161;119;0;1;52157104;45569899;4782976;8172;50671885;4908171;2706;0;4
FR;0;2021-11-17;30538;50242;199894;406;36461;212947;101;0;0;52187642;45620141;4982870;8578;50708346;5121118;2807;0;4
FR;0;2021-11-18;23453;45692;191736;468;29424;205701;96;0;0;52211095;45665833;5174606;9046;50737770;5326819;2903;0;4
FR;0;2021-11-19;33689;61289;243279;551;39944;262277;151;0;0;52244784;45727122;5417885;9597;50777714;5589096;3054;0;4
FR;0;2021-11-20;25415;36668;102184;207;29274;109751;48;0;0;52270199;45763790;5520069;9804;50806988;5698847;3102;0;4
FR;0;2021-11-21;2659;4452;9671;19;3442;10606;19;0;0;52272858;45768242;5529740;9823;50810430;5709453;3121;0;4
FR;0;2021-11-22;22818;33153;180424;472;18940;194917;89;0;0;52295676;45801395;5710164;10295;50829370;5904370;3210;0;4
FR;0;2021-11-23;25730;45482;229466;549;24146;247945;85;0;0;52321406;45846877;5939630;10844;50853516;6152315;3295;0;4
FR;0;2021-11-24;31819;53631;224883;716;34530;243323;81;0;0;52353225;45900508;6164513;11560;50888046;6395638;3376;0;4
FR;0;2021-11-25;25650;49135;256000;739;25083;277872;112;0;0;52378875;45949643;6420513;12299;50913129;6673510;3488;0;4
FR;0;2021-11-26;33258;74713;379548;867;37465;414765;172;0;0;52412133;46024356;6800061;13166;50950594;7088275;3660;0;4
FR;0;2021-11-27;23507;49592;214960;390;28493;236757;136;0;0;52435640;46073948;7015021;13556;50979087;7325032;3796;0;4
FR;0;2021-11-28;3523;10475;56778;66;4072;63333;42;0;0;52439163;46084423;7071799;13622;50983159;7388365;3838;0;4
FR;0;2021-11-29;19444;54091;341546;864;23139;371859;178;0;0;52458607;46138514;7413345;14486;51006298;7760224;4016;0;4
FR;0;2021-11-30;24783;71852;457459;988;26897;500878;286;0;0;52483390;46210366;7870804;15474;51033195;8261102;4302;0;4
FR;0;2021-12-01;27384;75557;469189;1162;31434;511419;304;0;0;52510774;46285923;8339993;16636;51064629;8772521;4606;0;4
FR;0;2021-12-02;22122;71616;527215;1280;21137;575017;306;0;0;52532896;46357539;8867208;17916;51085766;9347538;4912;0;4
FR;0;2021-12-03;25577;92880;596489;1420;34463;651257;341;0;0;52558473;46450419;9463697;19336;51120229;9998795;5253;0;4
FR;0;2021-12-04;18340;60394;336284;692;25751;369873;199;0;0;52576813;46510813;9799981;20028;51145980;10368668;5452;0;4
FR;0;2021-12-05;4157;16120;95808;157;4880;107047;92;0;0;52580970;46526933;9895789;20185;51150860;10475715;5544;0;4
FR;0;2021-12-06;28457;72761;493229;1175;25325;540041;384;0;0;52609427;46599694;10389018;21360;51176185;11015756;5928;0;4
FR;0;2021-12-07;23556;91273;645511;1774;28612;706501;415;0;0;52632983;46690967;11034529;23134;51204797;11722257;6343;0;4
FR;0;2021-12-08;25515;91987;591731;1875;35030;647611;440;0;0;52658498;46782954;11626260;25009;51239827;12369868;6783;0;4
FR;0;2021-12-09;24081;94129;663233;2182;29109;726649;462;0;0;52682579;46877083;12289493;27191;51268936;13096517;7245;0;4
FR;0;2021-12-10;28073;110959;736156;2075;38066;806325;468;0;1;52710652;46988042;13025649;29266;51307002;13902842;7713;0;5
FR;0;2021-12-11;20251;76094;435234;990;30011;480440;346;0;0;52730903;47064136;13460883;30256;51337013;14383282;8059;0;5
FR;0;2021-12-12;5678;23143;142341;262;6415;159225;108;0;0;52736581;47087279;13603224;30518;51343428;14542507;8167;0;5
FR;0;2021-12-13;21361;90811;587771;1699;29773;649379;395;0;0;52757942;47178090;14190995;32217;51373201;15191886;8562;0;5
FR;0;2021-12-14;27984;118320;765731;2656;35542;847684;699;0;1;52785926;47296410;14956726;34873;51408743;16039570;9261;0;6
FR;0;2021-12-15;28446;114268;694445;2266;39622;769224;503;0;1;52814372;47410678;15651171;37139;51448365;16808794;9764;0;7
FR;0;2021-12-16;28053;115729;764153;2557;35231;844576;514;0;0;52842425;47526407;16415324;39696;51483596;17653370;10278;0;7
FR;0;2021-12-17;31663;128397;807967;2713;43488;892130;611;0;0;52874088;47654804;17223291;42409;51527084;18545500;10889;0;7
FR;0;2021-12-18;24944;81599;470026;1179;30123;522279;350;0;0;52899032;47736403;17693317;43588;51557207;19067779;11239;0;7
FR;0;2021-12-19;8771;28597;169431;376;7875;191075;141;0;0;52907803;47765000;17862748;43964;51565082;19258854;11380;0;7
FR;0;2021-12-20;31760;97228;591572;1787;33991;658809;499;0;0;52939563;47862228;18454320;45751;51599073;19917663;11879;0;7
FR;0;2021-12-21;39464;112018;682500;2392;38918;759644;603;0;0;52979027;47974246;19136820;48143;51637991;20677307;12482;0;7
FR;0;2021-12-22;39555;99267;575838;2169;37230;642161;687;0;2;53018582;48073513;19712658;50312;51675221;21319468;13169;0;9
FR;0;2021-12-23;33782;79485;441056;1658;30233;494420;590;0;0;53052364;48152998;20153714;51970;51705454;21813888;13759;0;9
FR;0;2021-12-24;10696;26076;111041;398;11681;126672;236;0;1;53063060;48179074;20264755;52368;51717135;21940560;13995;0;10
FR;0;2021-12-25;777;3587;7596;25;2056;9025;72;0;0;53063837;48182661;20272351;52393;51719191;21949585;14067;0;10
FR;0;2021-12-26;4697;11893;52110;142;4747;60155;170;0;0;53068534;48194554;20324461;52535;51723938;22009740;14237;0;10
FR;0;2021-12-27;30512;83988;453596;1364;33126;509217;665;0;0;53099046;48278542;20778057;53899;51757064;22518957;14902;0;10
FR;0;2021-12-28;38369;98923;564204;1769;35208;632299;1557;0;2;53137415;48377465;21342261;55668;51792272;23151256;16459;0;12
FR;0;2021-12-29;39881;88271;501250;1687;33197;561033;1739;0;1;53177296;48465736;21843511;57355;51825469;23712289;18198;0;13
FR;0;2021-12-30;35927;75139;421053;1521;29590;471149;1881;0;0;53213223;48540875;22264564;58876;51855059;24183438;20079;0;13
FR;0;2021-12-31;12050;25111;116888;405;11302;131672;741;0;0;53225273;48565986;22381452;59281;51866361;24315110;20820;0;13
FR;0;2022-01-01;1580;3217;8527;37;1800;9944;102;0;0;53226853;48569203;22389979;59318;51868161;24325054;20922;0;13
FR;0;2022-01-02;6120;13013;58430;125;5108;66960;408;0;0;53232973;48582216;22448409;59443;51873269;24392014;21330;0;13
FR;0;2022-01-03;38329;90232;494870;1596;36945;551762;2646;0;1;53271302;48672448;22943279;61039;51910214;24943776;23976;0;14
FR;0;2022-01-04;42135;111096;641434;2307;40752;714442;3836;0;3;53313437;48783544;23584713;63346;51950966;25658218;27812;0;17
FR;0;2022-01-05;61198;103662;569231;1984;43857;634274;3428;0;2;53374635;48887206;24153944;65330;51994823;26292492;31240;0;19
FR;0;2022-01-06;44295;110365;639006;2698;40276;711518;4556;0;2;53418930;48997571;24792950;68028;52035099;27004010;35796;0;21
FR;0;2022-01-07;50831;123389;711032;2811;46928;790531;4996;0;2;53469761;49120960;25503982;70839;52082027;27794541;40792;0;23
FR;0;2022-01-08;45010;80300;423825;1213;35070;472895;2444;0;3;53514771;49201260;25927807;72052;52117097;28267436;43236;0;26
FR;0;2022-01-09;15614;26635;128570;300;11514;145659;829;0;0;53530385;49227895;26056377;72352;52128611;28413095;44065;0;26
FR;0;2022-01-10;35396;93344;469358;1813;43096;522752;3719;0;1;53565781;49321239;26525735;74165;52171707;28935847;47784;0;27
FR;0;2022-01-11;41935;100505;548284;2309;42463;608543;5217;0;2;53607716;49421744;27074019;76474;52214170;29544390;53001;0;29
FR;0;2022-01-12;60410;95761;452715;1968;49543;504381;4497;0;8;53668126;49517505;27526734;78442;52263713;30048771;57498;0;37
FR;0;2022-01-13;38265;92573;487371;2084;40610;541051;5467;0;8;53706391;49610078;28014105;80526;52304323;30589822;62965;0;45
FR;0;2022-01-14;42578;103376;568638;2286;43580;629024;6466;0;2;53748969;49713454;28582743;82812;52347903;31218846;69431;0;47
FR;0;2022-01-15;39426;65921;340150;984;31469;377574;3294;0;1;53788395;49779375;28922893;83796;52379372;31596420;72725;0;48
FR;0;2022-01-16;11412;19225;87438;216;9029;99412;763;0;0;53799807;49798600;29010331;84012;52388401;31695832;73488;0;48
FR;0;2022-01-17;24739;60059;320300;1382;28096;354154;3960;0;4;53824546;49858659;29330631;85394;52416497;32049986;77448;0;52
FR;0;2022-01-18;28326;68722;361114;1801;32042;397571;5772;0;1;53852872;49927381;29691745;87195;52448539;32447557;83220;0;53
FR;0;2022-01-19;43220;67084;281319;1450;40423;311092;4387;0;5;53896092;49994465;29973064;88645;52488962;32758649;87607;0;58
FR;0;2022-01-20;23667;59632;299037;1742;29582;328510;5633;0;4;53919759;50054097;30272101;90387;52518544;33087159;93240;0;62
FR;0;2022-01-21;28206;68824;366387;2086;33121;401201;6579;0;3;53947965;50122921;30638488;92473;52551665;33488360;99819;0;65
FR;0;2022-01-22;27630;47991;218793;839;27321;241775;2838;0;2;53975595;50170912;30857281;93312;52578986;33730135;102657;0;67
FR;0;2022-01-23;6738;12973;48682;173;7504;55164;591;0;1;53982333;50183885;30905963;93485;52586490;33785299;103248;0;68
FR;0;2022-01-24;16276;47482;217330;1142;25430;239339;4100;0;3;53998609;50231367;31123293;94627;52611920;34024638;107348;0;71
FR;0;2022-01-25;19029;54361;243070;1548;28821;267098;6065;0;5;54017638;50285728;31366363;96175;52640741;34291736;113413;0;76
FR;0;2022-01-26;28147;60542;209294;1298;41365;229508;4479;0;3;54045785;50346270;31575657;97473;52682106;34521244;117892;0;79
FR;0;2022-01-27;16335;46467;207652;1276;26151;226015;5687;0;4;54062120;50392737;31783309;98749;52708257;34747259;123579;0;83
FR;0;2022-01-28;21589;78691;290066;1572;44988;321350;7411;0;4;54083709;50471428;32073375;100321;52753245;35068609;130990;0;87
FR;0;2022-01-29;18419;52874;184129;689;32758;204577;3255;0;2;54102128;50524302;32257504;101010;52786003;35273186;134245;0;89
FR;0;2022-01-30;4476;14481;39143;124;9136;45060;638;0;1;54106604;50538783;32296647;101134;52795139;35318246;134883;0;90
FR;0;2022-01-31;11259;43949;148210;742;26157;164747;4233;0;5;54117863;50582732;32444857;101876;52821296;35482993;139116;0;95
FR;0;2022-02-01;13635;48330;174136;1144;27349;191363;7044;0;1;54131498;50631062;32618993;103020;52848645;35674356;146160;0;96
FR;0;2022-02-02;20639;66330;171545;1034;46171;190096;5977;0;10;54152137;50697392;32790538;104054;52894816;35864452;152137;0;106
FR;0;2022-02-03;11540;44807;157566;990;25347;173296;6946;0;6;54163677;50742199;32948104;105044;52920163;36037748;159083;0;112
FR;0;2022-02-04;14635;66945;239256;1266;36558;264109;9164;0;6;54178312;50809144;33187360;106310;52956721;36301857;168247;0;118
FR;0;2022-02-05;12900;51461;153559;523;31989;172310;3792;0;3;54191212;50860605;33340919;106833;52988710;36474167;172039;0;121
FR;0;2022-02-06;2725;12175;28893;101;7288;33831;661;0;0;54193937;50872780;33369812;106934;52995998;36507998;172700;0;121
FR;0;2022-02-07;9590;46665;156894;593;24539;176313;5294;0;6;54203527;50919445;33526706;107527;53020537;36684311;177994;0;127
FR;0;2022-02-08;9806;43096;166644;869;20960;184438;7054;0;6;54213333;50962541;33693350;108396;53041497;36868749;185048;0;133
FR;0;2022-02-09;14372;58252;172349;875;35351;193058;5787;0;9;54227705;51020793;33865699;109271;53076848;37061807;190835;0;142
FR;0;2022-02-10;8719;39205;150237;879;18680;166714;6502;0;2;54236424;51059998;34015936;110150;53095528;37228521;197337;0;144
FR;0;2022-02-11;10860;55683;218515;1101;25823;243110;8322;0;3;54247284;51115681;34234451;111251;53121351;37471631;205659;0;147
FR;0;2022-02-12;8404;40962;134736;465;22629;151765;3508;0;4;54255688;51156643;34369187;111716;53143980;37623396;209167;0;151
FR;0;2022-02-13;1936;8601;26564;86;4409;30924;544;0;3;54257624;51165244;34395751;111802;53148389;37654320;209711;0;154
FR;0;2022-02-14;6991;35253;148385;485;14665;166381;4787;0;5;54264615;51200497;34544136;112287;53163054;37820701;214498;0;159
FR;0;2022-02-15;7064;36224;146989;751;15993;162573;6850;0;3;54271679;51236721;34691125;113038;53179047;37983274;221348;0;162
FR;0;2022-02-16;9411;42981;132539;720;25969;146758;5725;0;6;54281090;51279702;34823664;113758;53205016;38130032;227073;0;168
FR;0;2022-02-17;5579;24336;87309;586;13141;94882;5406;0;5;54286669;51304038;34910973;114344;53218157;38224914;232479;0;173
FR;0;2022-02-18;6996;33581;119665;807;18752;129329;7416;0;2;54293665;51337619;35030638;115151;53236909;38354243;239895;0;175
FR;0;2022-02-19;5369;24557;70029;370;15908;77339;3019;0;2;54299034;51362176;35100667;115521;53252817;38431582;242914;0;177
FR;0;2022-02-20;1148;4656;12175;39;2913;13954;460;0;1;54300182;51366832;35112842;115560;53255730;38445536;243374;0;178
FR;0;2022-02-21;4097;17888;61958;351;10168;67185;4059;0;2;54304279;51384720;35174800;115911;53265898;38512721;247433;0;180
FR;0;2022-02-22;4461;18656;60837;577;11258;64479;5254;0;1;54308740;51403376;35235637;116488;53277156;38577200;252687;0;181
FR;0;2022-02-23;6591;27357;66500;591;19627;71896;4595;0;3;54315331;51430733;35302137;117079;53296783;38649096;257282;0;184
FR;0;2022-02-24;3850;15546;50428;519;9509;53249;4530;0;2;54319181;51446279;35352565;117598;53306292;38702345;261812;0;186
FR;0;2022-02-25;5283;24099;76362;803;15075;80095;7334;0;7;54324464;51470378;35428927;118401;53321367;38782440;269146;0;193
FR;0;2022-02-26;3990;17768;47416;359;12169;51483;3083;0;3;54328454;51488146;35476343;118760;53333536;38833923;272229;0;196
FR;0;2022-02-27;880;3009;8036;47;1978;8947;529;0;0;54329334;51491155;35484379;118807;53335514;38842870;272758;0;196
FR;0;2022-02-28;3122;12550;40489;359;7586;42923;3857;0;0;54332456;51503705;35524868;119166;53343100;38885793;276615;0;196
FR;0;2022-03-01;4002;12605;44200;437;7632;44870;5519;0;6;54336458;51516310;35569068;119603;53350732;38930663;282134;0;202
FR;0;2022-03-02;5328;17797;47143;446;12856;49075;4929;0;2;54341786;51534107;35616211;120049;53363588;38979738;287063;0;204
FR;0;2022-03-03;2825;9353;29896;370;6250;30020;4048;0;2;54344611;51543460;35646107;120419;53369838;39009758;291111;0;206
FR;0;2022-03-04;3222;12461;40315;667;8459;39464;6231;0;4;54347833;51555921;35686422;121086;53378297;39049222;297342;0;210
FR;0;2022-03-05;3073;9283;24956;314;7126;25120;3134;0;1;54350906;51565204;35711378;121400;53385423;39074342;300476;0;211
FR;0;2022-03-06;520;1400;3198;43;1023;3441;379;0;0;54351426;51566604;35714576;121443;53386446;39077783;300855;0;211
FR;0;2022-03-07;2359;5631;18432;315;3849;17702;3307;0;4;54353785;51572235;35733008;121758;53390295;39095485;304162;0;215
FR;0;2022-03-08;2146;6077;19448;363;4331;17919;4095;0;3;54355931;51578312;35752456;122121;53394626;39113404;308257;0;218
FR;0;2022-03-09;3579;10498;22189;407;8726;21285;4038;0;4;54359510;51588810;35774645;122528;53403352;39134689;312295;0;222
FR;0;2022-03-10;1823;5833;17002;344;4378;15829;3407;0;3;54361333;51594643;35791647;122872;53407730;39150518;315702;0;225
FR;0;2022-03-11;2418;7558;24502;545;5436;22270;5479;0;2;54363751;51602201;35816149;123417;53413166;39172788;321181;0;227
FR;0;2022-03-12;2689;6777;17165;309;5497;16520;3135;0;2;54366440;51608978;35833314;123726;53418663;39189308;324316;0;229
FR;0;2022-03-13;404;791;2324;149;599;2273;537;0;0;54366844;51609769;35835638;123875;53419262;39191581;324853;0;229
FR;0;2022-03-14;1550;4274;14985;4412;2809;13840;7294;0;8;54368394;51614043;35850623;128287;53422071;39205421;332147;0;237
FR;0;2022-03-15;1749;6295;16382;7554;4812;14612;11032;0;9;54370143;51620338;35867005;135841;53426883;39220033;343179;0;246
FR;0;2022-03-16;3034;7406;19426;13139;6208;18105;16295;0;8;54373177;51627744;35886431;148980;53433091;39238138;359474;0;254
FR;0;2022-03-17;1453;3986;13149;10846;2805;11991;13312;0;8;54374630;51631730;35899580;159826;53435896;39250129;372786;0;262
FR;0;2022-03-18;2270;5755;20010;18306;4097;18106;22038;0;15;54376900;51637485;35919590;178132;53439993;39268235;394824;0;277
FR;0;2022-03-19;2294;4803;13115;9404;4139;12418;11407;0;6;54379194;51642288;35932705;187536;53444132;39280653;406231;0;283
FR;0;2022-03-20;300;734;1918;1073;526;1929;1340;0;2;54379494;51643022;35934623;188609;53444658;39282582;407571;0;285
FR;0;2022-03-21;1392;3220;12727;14950;2155;11951;16910;0;11;54380886;51646242;35947350;203559;53446813;39294533;424481;0;296
FR;0;2022-03-22;1522;3736;13798;20550;2576;12553;22841;0;5;54382408;51649978;35961148;224109;53449389;39307086;447322;0;301
FR;0;2022-03-23;2682;6291;17726;23151;5222;17240;25266;0;40;54385090;51656269;35978874;247260;53454611;39324326;472588;0;341
FR;0;2022-03-24;1406;3159;11595;17616;2248;10681;19390;0;23;54386496;51659428;35990469;264876;53456859;39335007;491978;0;364
FR;0;2022-03-25;2083;5157;18570;27775;3684;16908;30809;0;31;54388579;51664585;36009039;292651;53460543;39351915;522787;0;395
FR;0;2022-03-26;2230;4414;12079;12678;3861;11519;14400;0;26;54390809;51668999;36021118;305329;53464404;39363434;537187;0;421
FR;0;2022-03-27;360;693;1909;1482;514;1943;1739;0;1;54391169;51669692;36023027;306811;53464918;39365377;538926;0;422
FR;0;2022-03-28;1464;3077;11128;17490;2114;10619;19067;0;16;54392633;51672769;36034155;324301;53467032;39375996;557993;0;438
FR;0;2022-03-29;1454;3269;12907;27583;2085;12051;29281;0;34;54394087;51676038;36047062;351884;53469117;39388047;587274;0;472
FR;0;2022-03-30;2852;5508;15685;27423;4692;15085;29332;0;21;54396939;51681546;36062747;379307;53473809;39403132;616606;0;493
FR;0;2022-03-31;1610;3568;12987;25022;2549;12327;26631;0;43;54398549;51685114;36075734;404329;53476358;39415459;643237;0;536
FR;0;2022-04-01;2679;4584;20075;30894;2968;18717;33487;0;61;54401228;51689698;36095809;435223;53479326;39434176;676724;0;597
FR;0;2022-04-02;1531;2644;9052;10133;2009;8722;11295;0;29;54402759;51692342;36104861;445356;53481335;39442898;688019;0;626
FR;0;2022-04-03;290;514;1562;1170;359;1579;1381;0;2;54403049;51692856;36106423;446526;53481694;39444477;689400;0;628
FR;0;2022-04-04;2648;2886;12374;19127;1899;11581;20601;0;35;54405697;51695742;36118797;465653;53483593;39456058;710001;0;663
FR;0;2022-04-05;2429;3157;14341;34140;2036;13193;35757;0;85;54408126;51698899;36133138;499793;53485629;39469251;745758;0;748
FR;0;2022-04-06;2534;3945;13539;26500;3011;12808;27973;0;72;54410660;51702844;36146677;526293;53488640;39482059;773731;0;820
FR;0;2022-04-07;1830;3134;13676;33780;1985;12887;35137;0;76;54412490;51705978;36160353;560073;53490625;39494946;808868;0;896
FR;0;2022-04-08;2215;4279;19222;43986;2614;17828;46354;0;89;54414705;51710257;36179575;604059;53493239;39512774;855222;0;985
FR;0;2022-04-09;1366;2679;9313;13565;1900;8866;14799;0;30;54416071;51712936;36188888;617624;53495139;39521640;870021;0;1015
FR;0;2022-04-10;293;747;1984;2017;543;2006;2279;0;7;54416364;51713683;36190872;619641;53495682;39523646;872300;0;1022
FR;0;2022-04-11;1325;2621;11871;23908;1636;11482;25178;0;74;54417689;51716304;36202743;643549;53497318;39535128;897478;0;1096
FR;0;2022-04-12;1707;3073;14016;40911;1955;13390;41800;0;127;54419396;51719377;36216759;684460;53499273;39548518;939278;0;1223
FR;0;2022-04-13;1971;3718;13407;33107;2716;13030;34074;0;96;54421367;51723095;36230166;717567;53501989;39561548;973352;0;1319
FR;0;2022-04-14;1497;2970;13213;36314;1898;13071;36983;0;106;54422864;51726065;36243379;753881;53503887;39574619;1010335;0;1425
FR;0;2022-04-15;1867;3753;15634;35566;2500;14912;37215;0;115;54424731;51729818;36259013;789447;53506387;39589531;1047550;0;1540
FR;0;2022-04-16;1043;1829;6399;8553;1259;6261;9435;0;40;54425774;51731647;36265412;798000;53507646;39595792;1056985;0;1580
FR;0;2022-04-17;193;337;993;1174;221;1036;1242;0;7;54425967;51731984;36266405;799174;53507867;39596828;1058227;0;1587
FR;0;2022-04-18;197;541;2767;1072;342;2786;1286;0;5;54426164;51732525;36269172;800246;53508209;39599614;1059513;0;1592
FR;0;2022-04-19;1539;3028;12916;29666;1873;12476;30713;0;78;54427703;51735553;36282088;829912;53510082;39612090;1090226;0;1670
FR;0;2022-04-20;1997;3486;13305;29061;2596;12991;30081;0;96;54429700;51739039;36295393;858973;53512678;39625081;1120307;0;1766
FR;0;2022-04-21;1513;2850;12547;35173;1821;12621;35765;0;117;54431213;51741889;36307940;894146;53514499;39637702;1156072;0;1883
FR;0;2022-04-22;1867;3614;16475;37606;2389;15835;39144;0;131;54433080;51745503;36324415;931752;53516888;39653537;1195216;0;2014
FR;0;2022-04-23;1145;2062;7387;10658;1471;7238;11443;0;38;54434225;51747565;36331802;942410;53518359;39660775;1206659;0;2052
FR;0;2022-04-24;250;461;1475;1589;320;1413;1845;0;7;54434475;51748026;36333277;943999;53518679;39662188;1208504;0;2059
FR;0;2022-04-25;1306;2532;10682;21055;1611;10490;22076;0;79;54435781;51750558;36343959;965054;53520290;39672678;1230580;0;2138
FR;0;2022-04-26;1622;3003;13665;38596;1962;13108;39393;0;181;54437403;51753561;36357624;1003650;53522252;39685786;1269973;0;2319
FR;0;2022-04-27;1964;3060;11538;31031;2271;11595;31450;0;130;54439367;51756621;36369162;1034681;53524523;39697381;1301423;0;2449
FR;0;2022-04-28;1569;2770;12528;36218;1852;12270;36534;0;139;54440936;51759391;36381690;1070899;53526375;39709651;1337957;0;2588
FR;0;2022-04-29;2007;4807;15552;37271;3614;14929;38739;0;164;54442943;51764198;36397242;1108170;53529989;39724580;1376696;0;2752
FR;0;2022-04-30;1215;2678;6926;9717;2174;6754;10608;0;44;54444158;51766876;36404168;1117887;53532163;39731334;1387304;0;2796
FR;0;2022-05-01;218;325;915;997;229;910;1138;0;6;54444376;51767201;36405083;1118884;53532392;39732244;1388442;0;2802
FR;0;2022-05-02;2082;2944;11152;18171;2041;10984;19017;0;69;54446458;51770145;36416235;1137055;53534433;39743228;1407459;0;2871
FR;0;2022-05-03;1998;3260;13721;34679;2124;13562;35601;0;163;54448456;51773405;36429956;1171734;53536557;39756790;1443060;0;3034
FR;0;2022-05-04;1912;3294;12182;25634;2295;12299;26184;0;110;54450368;51776699;36442138;1197368;53538852;39769089;1469244;0;3144
FR;0;2022-05-05;1768;2995;13057;33573;1972;12904;34240;0;179;54452136;51779694;36455195;1230941;53540824;39781993;1503484;0;3323
FR;0;2022-05-06;2214;3655;15347;36785;2314;14856;38248;0;182;54454350;51783349;36470542;1267726;53543138;39796849;1541732;0;3505
FR;0;2022-05-07;1207;1781;6462;9611;1255;6453;10336;0;48;54455557;51785130;36477004;1277337;53544393;39803302;1552068;0;3553
FR;0;2022-05-08;267;400;1173;1547;289;1234;1653;0;8;54455824;51785530;36478177;1278884;53544682;39804536;1553721;0;3561
FR;0;2022-05-09;1381;2299;9925;20259;1407;9795;21176;0;102;54457205;51787829;36488102;1299143;53546089;39814331;1574897;0;3663
FR;0;2022-05-10;1779;3376;13576;38988;2238;13131;40016;0;200;54458984;51791205;36501678;1338131;53548327;39827462;1614913;0;3863
FR;0;2022-05-11;1996;3010;10749;27921;2314;10694;28429;0;146;54460980;51794215;36512427;1366052;53550641;39838156;1643342;0;4009
FR;0;2022-05-12;1588;2718;11375;35698;1787;11046;36459;0;211;54462568;51796933;36523802;1401750;53552428;39849202;1679801;0;4220
FR;0;2022-05-13;1975;3218;13757;37970;2058;13345;39236;0;162;54464543;51800151;36537559;1439720;53554486;39862547;1719037;0;4382
FR;0;2022-05-14;1148;1637;5937;10776;1195;5800;11364;0;57;54465691;51801788;36543496;1450496;53555681;39868347;1730401;0;4439
FR;0;2022-05-15;281;474;1278;1438;298;1361;1591;0;6;54465972;51802262;36544774;1451934;53555979;39869708;1731992;0;4445
FR;0;2022-05-16;1194;2040;8687;21053;1242;8682;21592;0;128;54467166;51804302;36553461;1472987;53557221;39878390;1753584;0;4573
FR;0;2022-05-17;1587;2597;11824;37874;1662;11402;38714;0;180;54468753;51806899;36565285;1510861;53558883;39889792;1792298;0;4753
FR;0;2022-05-18;1814;2650;9686;27157;1953;9660;27774;0;109;54470567;51809549;36574971;1538018;53560836;39899452;1820072;0;4862
FR;0;2022-05-19;1445;2652;10572;35832;1626;10713;36020;0;162;54472012;51812201;36585543;1573850;53562462;39910165;1856092;0;5024
FR;0;2022-05-20;1872;3111;13419;39366;2070;12910;40384;0;168;54473884;51815312;36598962;1613216;53564532;39923075;1896476;0;5192
FR;0;2022-05-21;1158;1706;5660;9897;1300;5532;10533;0;45;54475042;51817018;36604622;1623113;53565832;39928607;1907009;0;5237
FR;0;2022-05-22;238;341;1028;1437;262;1016;1580;0;10;54475280;51817359;36605650;1624550;53566094;39929623;1908589;0;5247
FR;0;2022-05-23;1173;2119;8879;20347;1401;8828;21002;0;86;54476453;51819478;36614529;1644897;53567495;39938451;1929591;0;5333
FR;0;2022-05-24;1539;2758;11359;38873;1733;11229;39504;0;190;54477992;51822236;36625888;1683770;53569228;39949680;1969095;0;5523
FR;0;2022-05-25;1814;2832;9341;24841;2071;9478;25317;0;116;54479806;51825068;36635229;1708611;53571299;39959158;1994412;0;5639
FR;0;2022-05-26;209;422;1662;1201;286;1673;1343;0;26;54480015;51825490;36636891;1709812;53571585;39960831;1995755;0;5665
FR;0;2022-05-27;1384;2469;9260;21290;1661;9001;22323;0;94;54481399;51827959;36646151;1731102;53573246;39969832;2018078;0;5759
FR;0;2022-05-28;669;1264;3916;6791;844;3966;7201;0;38;54482068;51829223;36650067;1737893;53574090;39973798;2025279;0;5797
FR;0;2022-05-29;157;315;752;918;200;773;1030;0;4;54482225;51829538;36650819;1738811;53574290;39974571;2026309;0;5801
FR;0;2022-05-30;1025;1957;6993;19295;1239;7010;19807;0;91;54483250;51831495;36657812;1758106;53575529;39981581;2046116;0;5892
FR;0;2022-05-31;1489;2503;9819;35653;1633;9641;36285;0;171;54484739;51833998;36667631;1793759;53577162;39991222;2082401;0;6063
FR;0;2022-06-01;1735;3097;11018;24531;2244;10883;25485;0;121;54486474;51837095;36678649;1818290;53579406;40002105;2107886;0;6184
FR;0;2022-06-02;1475;2611;11305;35566;1712;10863;36511;0;173;54487949;51839706;36689954;1853856;53581118;40012968;2144397;0;6357
FR;0;2022-06-03;1725;3068;13394;38722;2037;12758;39992;0;176;54489674;51842774;36703348;1892578;53583155;40025726;2184389;0;6533
FR;0;2022-06-04;971;1515;5044;9112;1075;5115;9648;0;73;54490645;51844289;36708392;1901690;53584230;40030841;2194037;0;6606
FR;0;2022-06-05;177;335;875;1106;205;886;1228;0;4;54490822;51844624;36709267;1902796;53584435;40031727;2195265;0;6610
FR;0;2022-06-06;570;1203;2119;1326;1029;2133;1507;0;12;54491392;51845827;36711386;1904122;53585464;40033860;2196772;0;6622
FR;0;2022-06-07;1408;2701;9850;35583;1779;9429;36809;0;153;54492800;51848528;36721236;1939705;53587243;40043289;2233581;0;6775
FR;0;2022-06-08;1561;2692;9165;28748;1938;9009;29712;0;112;54494361;51851220;36730401;1968453;53589181;40052298;2263293;0;6887
FR;0;2022-06-09;1288;2436;10621;39491;1551;10265;40267;0;167;54495649;51853656;36741022;2007944;53590732;40062563;2303560;0;7054
FR;0;2022-06-10;1627;3083;13082;44804;2051;12628;46143;0;224;54497276;51856739;36754104;2052748;53592783;40075191;2349703;0;7278
FR;0;2022-06-11;957;1737;5436;11625;1122;5468;12211;0;55;54498233;51858476;36759540;2064373;53593905;40080659;2361914;0;7333
FR;0;2022-06-12;197;443;1074;1764;253;1137;1865;0;11;54498430;51858919;36760614;2066137;53594158;40081796;2363779;0;7344
FR;0;2022-06-13;1091;2058;7437;23182;1332;7268;24096;0;90;54499521;51860977;36768051;2089319;53595490;40089064;2387875;0;7434
FR;0;2022-06-14;1318;2532;10448;44941;1581;9804;46137;0;200;54500839;51863509;36778499;2134260;53597071;40098868;2434012;0;7634
FR;0;2022-06-15;1509;2452;9322;30885;1921;8953;31582;0;178;54502348;51865961;36787821;2165145;53598992;40107821;2465594;0;7812
FR;0;2022-06-16;1180;2034;9911;39923;1267;9323;40943;0;201;54503528;51867995;36797732;2205068;53600259;40117144;2506537;0;8013
FR;0;2022-06-17;1486;2846;12471;46630;1770;11894;47855;0;239;54505014;51870841;36810203;2251698;53602029;40129038;2554392;0;8252
FR;0;2022-06-18;854;1525;4563;11123;1035;4498;11717;0;67;54505868;51872366;36814766;2262821;53603064;40133536;2566109;0;8319
FR;0;2022-06-19;183;363;1058;1615;208;1130;1701;0;14;54506051;51872729;36815824;2264436;53603272;40134666;2567810;0;8333
FR;0;2022-06-20;1024;1917;8906;26070;1189;8565;27014;0;153;54507075;51874646;36824730;2290506;53604461;40143231;2594824;0;8486
FR;0;2022-06-21;1325;2398;10306;49889;1533;9334;51276;0;264;54508400;51877044;36835036;2340395;53605994;40152565;2646100;0;8750
FR;0;2022-06-22;1389;2501;8912;39054;1793;8418;39998;0;256;54509789;51879545;36843948;2379449;53607787;40160983;2686098;0;9006
FR;0;2022-06-23;1226;2361;10677;55094;1357;9883;56226;0;320;54511015;51881906;36854625;2434543;53609144;40170866;2742324;0;9326
FR;0;2022-06-24;1486;2986;13643;69176;1741;12304;70994;0;405;54512501;51884892;36868268;2503719;53610885;40183170;2813318;0;9731
FR;0;2022-06-25;939;1779;6233;19915;1111;5985;20770;0;176;54513440;51886671;36874501;2523634;53611996;40189155;2834088;0;9907
FR;0;2022-06-26;229;459;1953;3688;259;1817;3967;0;39;54513669;51887130;36876454;2527322;53612255;40190972;2838055;0;9946
FR;0;2022-06-27;1129;2016;10496;48482;1172;9637;49750;0;339;54514798;51889146;36886950;2575804;53613427;40200609;2887805;0;10285
FR;0;2022-06-28;1455;2810;14662;91376;1576;13082;93144;0;624;54516253;51891956;36901612;2667180;53615003;40213691;2980949;0;10909
FR;0;2022-06-29;1708;2825;12291;71881;1839;11238;73024;0;548;54517961;51894781;36913903;2739061;53616842;40224929;3053973;0;11457
FR;0;2022-06-30;1532;2715;14390;95160;1634;12470;97175;0;724;54519493;51897496;36928293;2834221;53618476;40237399;3151148;0;12181
FR;0;2022-07-01;1993;3796;21494;115922;2301;18849;118566;0;954;54521486;51901292;36949787;2950143;53620777;40256248;3269714;0;13135
FR;0;2022-07-02;1085;1855;8524;35748;1101;7701;36869;0;342;54522571;51903147;36958311;2985891;53621878;40263949;3306583;0;13477
FR;0;2022-07-03;292;539;2091;6455;317;1894;6804;0;79;54522863;51903686;36960402;2992346;53622195;40265843;3313387;0;13556
FR;0;2022-07-04;1687;3291;14705;79212;2150;12979;81288;0;639;54524550;51906977;36975107;3071558;53624345;40278822;3394675;0;14195
FR;0;2022-07-05;1717;3137;18829;133248;1766;16011;135538;0;1145;54526267;51910114;36993936;3204806;53626111;40294833;3530213;0;15340
FR;0;2022-07-06;1816;2770;15849;99568;1832;13637;101136;0;900;54528083;51912884;37009785;3304374;53627943;40308470;3631349;0;16240
FR;0;2022-07-07;1705;2865;17998;126031;1703;14776;128358;0;1180;54529788;51915749;37027783;3430405;53629646;40323246;3759707;0;17420
FR;0;2022-07-08;1888;3148;20747;137079;1848;16761;140073;0;1346;54531676;51918897;37048530;3567484;53631494;40340007;3899780;0;18766
FR;0;2022-07-09;866;1456;7741;37920;874;6686;38764;0;426;54532542;51920353;37056271;3605404;53632368;40346693;3938544;0;19192
FR;0;2022-07-10;263;561;2345;7003;314;2124;7394;0;94;54532805;51920914;37058616;3612407;53632682;40348817;3945938;0;19286
FR;0;2022-07-11;1429;2456;15013;88270;1379;12500;90462;0;801;54534234;51923370;37073629;3700677;53634061;40361317;4036400;0;20087
FR;0;2022-07-12;1796;3099;20526;143950;1696;16721;146653;0;1604;54536030;51926469;37094155;3844627;53635757;40378038;4183053;0;21691
FR;0;2022-07-13;1736;2737;15689;94528;1648;13267;96388;0;1080;54537766;51929206;37109844;3939155;53637405;40391305;4279441;0;22771
FR;0;2022-07-14;183;368;1952;5533;216;1831;5700;0;82;54537949;51929574;37111796;3944688;53637621;40393136;4285141;0;22853
FR;0;2022-07-15;1476;2554;15112;84452;1414;12594;86611;0;1034;54539425;51932128;37126908;4029140;53639035;40405730;4371752;0;23887
FR;0;2022-07-16;617;1178;5948;24976;683;5155;25667;0;327;54540042;51933306;37132856;4054116;53639718;40410885;4397419;0;24214
FR;0;2022-07-17;177;389;1737;4663;213;1567;4935;0;66;54540219;51933695;37134593;4058779;53639931;40412452;4402354;0;24280
FR;0;2022-07-18;1130;2245;11824;61796;1333;9973;63660;0;780;54541349;51935940;37146417;4120575;53641264;40422425;4466014;0;25060
FR;0;2022-07-19;1415;2344;15469;103679;1383;12291;105866;0;1459;54542764;51938284;37161886;4224254;53642647;40434716;4571880;0;26519
FR;0;2022-07-20;1417;2287;12954;77561;1456;10727;79149;0;1051;54544181;51940571;37174840;4301815;53644103;40445443;4651029;0;27570
FR;0;2022-07-21;1284;2163;13085;88229;1364;10488;89711;0;1315;54545465;51942734;37187925;4390044;53645467;40455931;4740740;0;28885
FR;0;2022-07-22;1399;2453;14805;89516;1440;11955;91386;0;1347;54546864;51945187;37202730;4479560;53646907;40467886;4832126;0;30232
FR;0;2022-07-23;670;1303;5529;22477;816;4852;23073;0;412;54547534;51946490;37208259;4502037;53647723;40472738;4855199;0;30644
FR;0;2022-07-24;183;351;1397;3900;199;1238;4128;0;72;54547717;51946841;37209656;4505937;53647922;40473976;4859327;0;30716
FR;0;2022-07-25;1056;1790;9487;48066;1141;7836;49506;0;737;54548773;51948631;37219143;4554003;53649063;40481812;4908833;0;31453
FR;0;2022-07-26;1289;2206;13303;85416;1312;10827;87114;0;1310;54550062;51950837;37232446;4639419;53650375;40492639;4995947;0;32763
FR;0;2022-07-27;1220;2003;10235;61310;1332;8529;62515;0;971;54551282;51952840;37242681;4700729;53651707;40501168;5058462;0;33734
FR;0;2022-07-28;1088;1859;10307;64390;1249;8214;65625;0;1046;54552370;51954699;37252988;4765119;53652956;40509382;5124087;0;34780
FR;0;2022-07-29;1281;2054;11002;65865;1361;8758;67294;0;1139;54553651;51956753;37263990;4830984;53654317;40518140;5191381;0;35919
FR;0;2022-07-30;499;854;3519;15281;589;2971;15662;0;303;54554150;51957607;37267509;4846265;53654906;40521111;5207043;0;36222
FR;0;2022-07-31;152;288;929;2439;184;788;2588;0;49;54554302;51957895;37268438;4848704;53655090;40521899;5209631;0;36271
FR;0;2022-08-01;840;1550;7590;30234;1143;6386;31307;0;548;54555142;51959445;37276028;4878938;53656233;40528285;5240938;0;36819
FR;0;2022-08-02;1021;1634;8571;56102;1138;6884;56790;0;1169;54556163;51961079;37284599;4935040;53657371;40535169;5297728;0;37988
FR;0;2022-08-03;835;1257;6418;38672;891;5140;39407;0;702;54556998;51962336;37291017;4973712;53658262;40540309;5337135;0;38690
FR;0;2022-08-04;731;1179;6566;43153;775;5296;43719;0;916;54557729;51963515;37297583;5016865;53659037;40545605;5380854;0;39606
FR;0;2022-08-05;851;1354;7092;44951;959;5672;45613;0;993;54558580;51964869;37304675;5061816;53659996;40551277;5426467;0;40599
FR;0;2022-08-06;338;555;2098;9366;396;1756;9566;0;228;54558918;51965424;37306773;5071182;53660392;40553033;5436033;0;40827
FR;0;2022-08-07;104;156;536;1621;113;453;1701;0;38;54559022;51965580;37307309;5072803;53660505;40553486;5437734;0;40865
FR;0;2022-08-08;562;1008;4017;22096;763;3279;22539;0;490;54559584;51966588;37311326;5094899;53661268;40556765;5460273;0;41355
FR;0;2022-08-09;685;1137;5966;39936;823;4797;40426;0;843;54560269;51967725;37317292;5134835;53662091;40561562;5500699;0;42198
FR;0;2022-08-10;632;1120;4653;28054;833;3793;28389;0;652;54560901;51968845;37321945;5162889;53662924;40565355;5529088;0;42850
FR;0;2022-08-11;613;1021;4482;29243;734;3702;29579;0;676;54561514;51969866;37326427;5192132;53663658;40569057;5558667;0;43526
FR;0;2022-08-12;709;1143;4741;28208;826;3913;28644;0;702;54562223;51971009;37331168;5220340;53664484;40572970;5587311;0;44228
FR;0;2022-08-13;212;410;1294;5255;307;1118;5414;0;121;54562435;51971419;37332462;5225595;53664791;40574088;5592725;0;44349
FR;0;2022-08-14;71;121;288;923;104;246;995;0;25;54562506;51971540;37332750;5226518;53664895;40574334;5593720;0;44374
FR;0;2022-08-15;82;182;607;563;148;555;617;0;19;54562588;51971722;37333357;5227081;53665043;40574889;5594337;0;44393
FR;0;2022-08-16;617;1053;3953;22173;814;3348;22365;0;615;54563205;51972775;37337310;5249254;53665857;40578237;5616702;0;45008
FR;0;2022-08-17;629;1013;3886;22895;790;3291;23139;0;620;54563834;51973788;37341196;5272149;53666647;40581528;5639841;0;45628
FR;0;2022-08-18;615;980;4107;26291;780;3248;26521;0;673;54564449;51974768;37345303;5298440;53667427;40584776;5666362;0;46301
FR;0;2022-08-19;601;1153;4488;27242;860;3690;27547;0;766;54565050;51975921;37349791;5325682;53668287;40588466;5693909;0;47067
FR;0;2022-08-20;290;494;1353;5567;391;1168;5727;0;145;54565340;51976415;37351144;5331249;53668678;40589634;5699636;0;47212
FR;0;2022-08-21;94;133;301;1008;94;263;1043;0;27;54565434;51976548;37351445;5332257;53668772;40589897;5700679;0;47239
FR;0;2022-08-22;546;982;3272;15346;759;2794;15677;0;425;54565980;51977530;37354717;5347603;53669531;40592691;5716356;0;47664
FR;0;2022-08-23;711;1172;4294;28989;847;3608;29074;0;870;54566691;51978702;37359011;5376592;53670378;40596299;5745430;0;48534
FR;0;2022-08-24;656;930;3494;19529;773;2856;19719;0;608;54567347;51979632;37362505;5396121;53671151;40599155;5765149;0;49142
FR;0;2022-08-25;622;1010;3936;23401;719;3284;23665;0;673;54567969;51980642;37366441;5419522;53671870;40602439;5788814;0;49815
FR;0;2022-08-26;848;1251;4473;25879;943;3664;26253;0;777;54568817;51981893;37370914;5445401;53672813;40606103;5815067;0;50592
FR;0;2022-08-27;293;497;1377;5462;358;1243;5526;0;194;54569110;51982390;37372291;5450863;53673171;40607346;5820593;0;50786
FR;0;2022-08-28;123;160;303;919;114;288;964;0;38;54569233;51982550;37372594;5451782;53673285;40607634;5821557;0;50824
FR;0;2022-08-29;617;963;3071;14654;761;2609;14959;0;433;54569850;51983513;37375665;5466436;53674046;40610243;5836516;0;51257
FR;0;2022-08-30;848;1205;4791;28541;883;3908;28871;0;823;54570698;51984718;37380456;5494977;53674929;40614151;5865387;0;52080
FR;0;2022-08-31;688;945;3200;17633;730;2709;17899;0;508;54571386;51985663;37383656;5512610;53675659;40616860;5883286;0;52588
FR;0;2022-09-01;727;979;4472;22469;691;3816;22746;0;622;54572113;51986642;37388128;5535079;53676350;40620676;5906032;0;53210
FR;0;2022-09-02;866;1136;5035;28608;819;4246;28901;0;914;54572979;51987778;37393163;5563687;53677169;40624922;5934933;0;54124
FR;0;2022-09-03;415;560;1917;6083;415;1663;6320;0;181;54573394;51988338;37395080;5569770;53677584;40626585;5941253;0;54305
FR;0;2022-09-04;131;150;351;873;85;347;942;0;24;54573525;51988488;37395431;5570643;53677669;40626932;5942195;0;54329
FR;0;2022-09-05;617;696;3141;16054;517;2619;16366;0;523;54574142;51989184;37398572;5586697;53678186;40629551;5958561;0;54852
FR;0;2022-09-06;792;1012;4730;31841;643;3861;32072;0;1040;54574934;51990196;37403302;5618538;53678829;40633412;5990633;0;55892
FR;0;2022-09-07;642;764;2994;16820;544;2474;16969;0;572;54575576;51990960;37406296;5635358;53679373;40635886;6007602;0;56464
FR;0;2022-09-08;616;848;3802;24842;580;3136;24930;0;818;54576192;51991808;37410098;5660200;53679953;40639022;6032532;0;57282
FR;0;2022-09-09;835;1008;4435;27643;649;3671;27821;0;948;54577027;51992816;37414533;5687843;53680602;40642693;6060353;0;58230
FR;0;2022-09-10;384;533;1730;5709;359;1530;5913;0;207;54577411;51993349;37416263;5693552;53680961;40644223;6066266;0;58437
FR;0;2022-09-11;122;129;321;656;90;305;714;0;17;54577533;51993478;37416584;5694208;53681051;40644528;6066980;0;58454
FR;0;2022-09-12;486;617;2680;13282;437;2287;13573;0;478;54578019;51994095;37419264;5707490;53681488;40646815;6080553;0;58932
FR;0;2022-09-13;609;833;3993;26501;519;3480;26384;0;875;54578628;51994928;37423257;5733991;53682007;40650295;6106937;0;59807
FR;0;2022-09-14;651;767;2951;16178;559;2466;16411;0;573;54579279;51995695;37426208;5750169;53682566;40652761;6123348;0;60380
FR;0;2022-09-15;553;774;3463;23565;525;2948;23638;0;725;54579832;51996469;37429671;5773734;53683091;40655709;6146986;0;61105
FR;0;2022-09-16;785;1029;4137;25898;711;3475;26121;0;932;54580617;51997498;37433808;5799632;53683802;40659184;6173107;0;62037
FR;0;2022-09-17;386;488;1449;6144;365;1279;6236;0;242;54581003;51997986;37435257;5805776;53684167;40660463;6179343;0;62279
FR;0;2022-09-18;115;139;323;960;117;291;1015;0;36;54581118;51998125;37435580;5806736;53684284;40660754;6180358;0;62315
FR;0;2022-09-19;445;634;2251;13200;433;1926;13382;0;436;54581563;51998759;37437831;5819936;53684717;40662680;6193740;0;62751
FR;0;2022-09-20;633;862;3779;26431;614;3148;26486;0;891;54582196;51999621;37441610;5846367;53685331;40665828;6220226;0;63642
FR;0;2022-09-21;575;763;2736;16257;567;2351;16249;0;586;54582771;52000384;37444346;5862624;53685898;40668179;6236475;0;64228
FR;0;2022-09-22;580;818;3413;23572;543;2782;23798;0;772;54583351;52001202;37447759;5886196;53686441;40670961;6260273;0;65000
FR;0;2022-09-23;827;1033;4490;28698;752;3758;28874;0;1017;54584178;52002235;37452249;5914894;53687193;40674719;6289147;0;66017
FR;0;2022-09-24;423;608;1639;6893;468;1414;7075;0;306;54584601;52002843;37453888;5921787;53687661;40676133;6296222;0;66323
FR;0;2022-09-25;98;186;335;1100;140;306;1142;0;37;54584699;52003029;37454223;5922887;53687801;40676439;6297364;0;66360
FR;0;2022-09-26;437;694;2286;13511;465;2015;13619;0;432;54585136;52003723;37456509;5936398;53688266;40678454;6310983;0;66792
FR;0;2022-09-27;609;832;3625;25935;602;2909;26089;0;959;54585745;52004555;37460134;5962333;53688868;40681363;6337072;0;67751
FR;0;2022-09-28;626;814;2548;15386;621;2294;15501;0;622;54586371;52005369;37462682;5977719;53689489;40683657;6352573;0;68373
FR;0;2022-09-29;562;758;3112;21029;535;2626;21056;40;809;54586933;52006127;37465794;5998748;53690024;40686283;6373629;40;69182
FR;0;2022-09-30;769;1090;3950;25549;798;3297;25814;713;1048;54587702;52007217;37469744;6024297;53690822;40689580;6399443;753;70230
FR;0;2022-10-01;419;609;2003;5969;456;1733;6208;396;317;54588121;52007826;37471747;6030266;53691278;40691313;6405651;1149;70547
FR;0;2022-10-02;57;131;218;638;93;214;664;66;42;54588178;52007957;37471965;6030904;53691371;40691527;6406315;1215;70589
FR;0;2022-10-03;466;727;2429;12019;561;2138;12212;2073;744;54588644;52008684;37474394;6042923;53691932;40693665;6418527;3288;71333
FR;0;2022-10-04;612;787;3382;23501;530;2773;23680;4702;1581;54589256;52009471;37477776;6066424;53692462;40696438;6442207;7990;72914
FR;0;2022-10-05;543;802;2428;14583;578;2143;14729;3655;1209;54589799;52010273;37480204;6081007;53693040;40698581;6456936;11645;74123
FR;0;2022-10-06;532;701;3080;21681;502;2512;21892;6663;1907;54590331;52010974;37483284;6102688;53693542;40701093;6478828;18308;76030
FR;0;2022-10-07;714;973;4124;30291;703;3470;30381;16868;3201;54591045;52011947;37487408;6132979;53694245;40704563;6509209;35176;79231
FR;0;2022-10-08;345;510;1648;8422;369;1408;8590;6693;1169;54591390;52012457;37489056;6141401;53694614;40705971;6517799;41869;80400
FR;0;2022-10-09;108;137;335;1587;111;310;1650;1510;295;54591498;52012594;37489391;6142988;53694725;40706281;6519449;43379;80695
FR;0;2022-10-10;473;698;2911;20482;513;2495;20810;19486;3242;54591971;52013292;37492302;6163470;53695238;40708776;6540259;62865;83937
FR;0;2022-10-11;568;784;4258;40300;527;3560;40643;40134;6371;54592539;52014076;37496560;6203770;53695765;40712336;6580902;102999;90308
FR;0;2022-10-12;561;787;3245;26700;573;2751;27026;27290;4686;54593100;52014863;37499805;6230470;53696338;40715087;6607928;130289;94994
FR;0;2022-10-13;608;743;3996;38385;533;3115;38847;40555;6600;54593708;52015606;37503801;6268855;53696871;40718202;6646775;170844;101594
FR;0;2022-10-14;752;1044;4863;47639;754;3944;48116;51100;7849;54594460;52016650;37508664;6316494;53697625;40722146;6694891;221944;109443
FR;0;2022-10-15;353;492;1850;11843;331;1609;11960;13088;2275;54594813;52017142;37510514;6328337;53697956;40723755;6706851;235032;111718
FR;0;2022-10-16;92;124;371;1959;76;354;2005;2342;476;54594905;52017266;37510885;6330296;53698032;40724109;6708856;237374;112194
FR;0;2022-10-17;435;687;3031;26414;474;2470;26787;30734;5407;54595340;52017953;37513916;6356710;53698506;40726579;6735643;268108;117601
FR;0;2022-10-18;597;723;4695;46054;520;3744;46573;55370;11677;54595937;52018676;37518611;6402764;53699026;40730323;6782216;323478;129278
FR;0;2022-10-19;546;770;3624;34338;574;3059;34683;42402;9201;54596483;52019446;37522235;6437102;53699600;40733382;6816899;365880;138479
FR;0;2022-10-20;597;756;4821;49387;540;3692;50055;60411;12886;54597080;52020202;37527056;6486489;53700140;40737074;6866954;426291;151365
FR;0;2022-10-21;682;969;5690;56955;687;4494;57643;70864;14278;54597762;52021171;37532746;6543444;53700827;40741568;6924597;497155;165643
FR;0;2022-10-22;330;394;1654;12932;312;1318;13093;15925;3377;54598092;52021565;37534400;6556376;53701139;40742886;6937690;513080;169020
FR;0;2022-10-23;93;100;349;2061;95;265;2163;2752;628;54598185;52021665;37534749;6558437;53701234;40743151;6939853;515832;169648
FR;0;2022-10-24;548;590;3127;27074;416;2668;27509;35393;7765;54598733;52022255;37537876;6585511;53701650;40745819;6967362;551225;177413
FR;0;2022-10-25;583;714;4858;49030;523;3791;49701;65096;15385;54599316;52022969;37542734;6634541;53702173;40749610;7017063;616321;192798
FR;0;2022-10-26;527;631;3442;32473;467;2870;32814;43730;10884;54599843;52023600;37546176;6667014;53702640;40752480;7049877;660051;203682
FR;0;2022-10-27;586;680;4065;40667;480;3324;41158;54228;12995;54600429;52024280;37550241;6707681;53703120;40755804;7091035;714279;216677
FR;0;2022-10-28;696;839;4592;44041;608;3489;44876;58005;13040;54601125;52025119;37554833;6751722;53703728;40759293;7135911;772284;229717
FR;0;2022-10-29;252;353;1324;9483;249;1078;9616;12506;3007;54601377;52025472;37556157;6761205;53703977;40760371;7145527;784790;232724
FR;0;2022-10-30;86;110;284;1580;87;246;1627;2127;539;54601463;52025582;37556441;6762785;53704064;40760617;7147154;786917;233263
FR;0;2022-10-31;379;474;2066;16030;340;1617;16394;22080;5418;54601842;52026056;37558507;6778815;53704404;40762234;7163548;808997;238681
FR;0;2022-11-01;66;132;899;1111;97;926;1155;1658;481;54601908;52026188;37559406;6779926;53704501;40763160;7164703;810655;239162
FR;0;2022-11-02;493;649;3015;25309;478;2557;25778;36457;10053;54602401;52026837;37562421;6805235;53704979;40765717;7190481;847112;249215
FR;0;2022-11-03;634;678;4073;39891;512;3087;40617;56690;15211;54603035;52027515;37566494;6845126;53705491;40768804;7231098;903802;264426
FR;0;2022-11-04;648;816;4412;43616;560;3510;44227;60431;15196;54603683;52028331;37570906;6888742;53706051;40772314;7275325;964233;279622
FR;0;2022-11-05;248;353;1441;9687;277;1160;9892;13418;3282;54603931;52028684;37572347;6898429;53706328;40773474;7285217;977651;282904
FR;0;2022-11-06;87;110;262;1593;93;245;1622;2323;648;54604018;52028794;37572609;6900022;53706421;40773719;7286839;979974;283552
FR;0;2022-11-07;453;513;2704;26504;427;2188;27136;38665;10828;54604471;52029307;37575313;6926526;53706848;40775907;7313975;1018639;294380
FR;0;2022-11-08;588;769;4950;51805;554;3785;52792;73902;19884;54605059;52030076;37580263;6978331;53707402;40779692;7366767;1092541;314264
FR;0;2022-11-09;498;640;3326;31531;461;2658;32297;46165;13128;54605557;52030716;37583589;7009862;53707863;40782350;7399064;1138706;327392
FR;0;2022-11-10;600;847;4539;43505;595;3595;44404;62470;17135;54606157;52031563;37588128;7053367;53708458;40785945;7443468;1201176;344527
FR;0;2022-11-11;68;104;360;1651;70;303;1717;2777;998;54606225;52031667;37588488;7055018;53708528;40786248;7445185;1203953;345525
FR;0;2022-11-12;197;310;1191;7092;219;972;7330;10279;2761;54606422;52031977;37589679;7062110;53708747;40787220;7452515;1214232;348286
FR;0;2022-11-13;61;82;240;1205;58;204;1259;1966;621;54606483;52032059;37589919;7063315;53708805;40787424;7453774;1216198;348907
FR;0;2022-11-14;425;510;2545;23868;356;2028;24485;35902;10744;54606908;52032569;37592464;7087183;53709161;40789452;7478259;1252100;359651
FR;0;2022-11-15;570;690;4273;44774;516;3301;45736;66422;19431;54607478;52033259;37596737;7131957;53709677;40792753;7523995;1318522;379082
FR;0;2022-11-16;535;607;3031;28294;477;2537;28817;42794;13183;54608013;52033866;37599768;7160251;53710154;40795290;7552812;1361316;392265
FR;0;2022-11-17;548;644;3769;39009;492;2929;39614;57726;17049;54608561;52034510;37603537;7199260;53710646;40798219;7592426;1419042;409314
FR;0;2022-11-18;609;754;4569;44952;563;3426;45845;65302;18158;54609170;52035264;37608106;7244212;53711209;40801645;7638271;1484344;427472
FR;0;2022-11-19;264;323;1489;9746;254;1078;9940;14198;3939;54609434;52035587;37609595;7253958;53711463;40802723;7648211;1498542;431411
FR;0;2022-11-20;61;85;298;1692;67;254;1767;2691;838;54609495;52035672;37609893;7255650;53711530;40802977;7649978;1501233;432249
FR;0;2022-11-21;424;499;2382;21228;337;1905;21789;32663;10143;54609919;52036171;37612275;7276878;53711867;40804882;7671767;1533896;442392
FR;0;2022-11-22;526;577;3964;39517;401;3105;40085;59181;17930;54610445;52036748;37616239;7316395;53712268;40807987;7711852;1593077;460322
FR;0;2022-11-23;455;532;2714;25816;372;2281;26305;40020;12749;54610900;52037280;37618953;7342211;53712640;40810268;7738157;1633097;473071
FR;0;2022-11-24;498;575;3722;36855;408;2891;37525;56113;17569;54611398;52037855;37622675;7379066;53713048;40813159;7775682;1689210;490640
FR;0;2022-11-25;558;686;4146;39936;542;3103;40777;59173;17250;54611956;52038541;37626821;7419002;53713590;40816262;7816459;1748383;507890
FR;0;2022-11-26;290;332;1325;9318;252;1054;9457;13927;3940;54612246;52038873;37628146;7428320;53713842;40817316;7825916;1762310;511830
FR;0;2022-11-27;68;74;258;1653;53;220;1679;2538;799;54612314;52038947;37628404;7429973;53713895;40817536;7827595;1764848;512629
FR;0;2022-11-28;395;457;2594;24550;340;1935;25262;38065;11978;54612709;52039404;37630998;7454523;53714235;40819471;7852857;1802913;524607
FR;0;2022-11-29;484;588;4328;46146;361;3226;46851;70471;22100;54613193;52039992;37635326;7500669;53714596;40822697;7899708;1873384;546707
FR;0;2022-11-30;492;664;3681;36688;464;2851;37464;55877;17061;54613685;52040656;37639007;7537357;53715060;40825548;7937172;1929261;563768
FR;0;2022-12-01;477;602;4973;51283;393;3537;52105;78636;24824;54614162;52041258;37643980;7588640;53715453;40829085;7989277;2007897;588592
FR;0;2022-12-02;608;708;5975;61119;489;4195;62346;91749;27185;54614770;52041966;37649955;7649759;53715942;40833280;8051623;2099646;615777
FR;0;2022-12-03;294;332;2160;17946;215;1507;18376;26575;7563;54615064;52042298;37652115;7667705;53716157;40834787;8069999;2126221;623340
FR;0;2022-12-04;92;118;518;4271;86;428;4322;6385;1835;54615156;52042416;37652633;7671976;53716243;40835215;8074321;2132606;625175
FR;0;2022-12-05;429;529;4166;44413;374;2783;45363;68449;21635;54615585;52042945;37656799;7716389;53716617;40837998;8119684;2201055;646810
FR;0;2022-12-06;592;704;6745;77684;440;4552;79204;120638;39104;54616177;52043649;37663544;7794073;53717057;40842550;8198888;2321693;685914
FR;0;2022-12-07;526;595;5248;57695;439;3486;58830;89623;29177;54616703;52044244;37668792;7851768;53717496;40846036;8257718;2411316;715091
FR;0;2022-12-08;582;682;6837;78831;424;4444;80513;122745;40331;54617285;52044926;37675629;7930599;53717920;40850480;8338231;2534061;755422
FR;0;2022-12-09;759;816;8472;94900;530;5536;96763;145701;46039;54618044;52045742;37684101;8025499;53718450;40856016;8434994;2679762;801461
FR;0;2022-12-10;394;402;3569;33722;253;2229;34609;50196;14581;54618438;52046144;37687670;8059221;53718703;40858245;8469603;2729958;816042
FR;0;2022-12-11;127;125;981;8246;90;667;8483;12120;3235;54618565;52046269;37688651;8067467;53718793;40858912;8478086;2742078;819277
FR;0;2022-12-12;488;547;6142;66723;341;3922;68255;104806;34232;54619053;52046816;37694793;8134190;53719134;40862834;8546341;2846884;853509
FR;0;2022-12-13;660;727;8804;102458;448;5406;104988;162641;54096;54619713;52047543;37703597;8236648;53719582;40868240;8651329;3009525;907605
FR;0;2022-12-14;556;653;6592;72236;430;4309;73880;114707;37732;54620269;52048196;37710189;8308884;53720012;40872549;8725209;3124232;945337
FR;0;2022-12-15;606;749;8363;93869;446;5294;96164;149802;50310;54620875;52048945;37718552;8402753;53720458;40877843;8821373;3274034;995647
FR;0;2022-12-16;757;897;9135;102485;565;5869;104546;162416;53788;54621632;52049842;37727687;8505238;53721023;40883712;8925919;3436450;1049435
FR;0;2022-12-17;327;385;3264;30967;252;2072;31767;47113;13981;54621959;52050227;37730951;8536205;53721275;40885784;8957686;3483563;1063416
FR;0;2022-12-18;88;108;738;6068;62;492;6243;9197;2580;54622047;52050335;37731689;8542273;53721337;40886276;8963929;3492760;1065996
FR;0;2022-12-19;535;563;5385;53695;378;3375;55271;85785;28278;54622582;52050898;37737074;8595968;53721715;40889651;9019200;3578545;1094274
