fra;vaccin;jour;n_dose1;n_dose2;n_dose3;n_dose4;n_rappel;n_cum_dose1;n_cum_dose2;n_cum_dose3;n_cum_dose4;n_cum_rappel
FR;1;2020-12-27;562;0;0;0;0;562;0;0;0;0
FR;1;2020-12-28;614;0;0;0;0;1176;0;0;0;0
FR;1;2020-12-29;357;0;0;0;0;1533;0;0;0;0
FR;1;2020-12-30;415;0;0;0;0;1948;0;0;0;0
FR;1;2020-12-31;334;0;0;0;0;2282;0;0;0;0
FR;1;2021-01-01;1066;0;0;0;0;3348;0;0;0;0
FR;1;2021-01-02;381;0;0;0;0;3729;0;0;0;0
FR;1;2021-01-03;480;0;0;0;0;4209;0;0;0;0
FR;1;2021-01-04;2114;0;0;0;0;6323;0;0;0;0
FR;1;2021-01-05;6188;0;0;0;0;12511;0;0;0;0
FR;1;2021-01-06;11985;0;0;0;0;24496;0;0;0;0
FR;1;2021-01-07;29385;1;0;0;0;53881;1;0;0;0
FR;1;2021-01-08;37151;0;0;0;0;91032;1;0;0;0
FR;1;2021-01-09;11207;0;0;0;0;102239;1;0;0;0
FR;1;2021-01-10;6007;0;0;0;0;108246;1;0;0;0
FR;1;2021-01-11;39900;1;0;0;0;148146;2;0;0;0
FR;1;2021-01-12;62069;1;0;0;0;210215;3;0;0;0
FR;1;2021-01-13;65024;0;0;0;0;275239;3;0;0;0
FR;1;2021-01-14;81358;7;0;0;0;356597;10;0;0;0
FR;1;2021-01-15;68561;1;0;0;0;425158;11;0;0;0
FR;1;2021-01-16;19884;74;0;0;0;445042;85;0;0;0
FR;1;2021-01-17;10917;42;0;0;0;455959;127;0;0;0
FR;1;2021-01-18;82721;158;0;0;0;538680;285;0;0;0
FR;1;2021-01-19;125883;125;0;0;0;664563;410;0;0;0
FR;1;2021-01-20;132380;155;0;0;0;796943;565;0;0;0
FR;1;2021-01-21;152984;129;0;0;0;949927;694;0;0;0
FR;1;2021-01-22;115865;160;0;0;0;1065792;854;0;0;0
FR;1;2021-01-23;36575;50;0;0;0;1102367;904;0;0;0
FR;1;2021-01-24;9588;28;0;0;0;1111955;932;0;0;0
FR;1;2021-01-25;74394;1208;0;0;0;1186349;2140;0;0;0
FR;1;2021-01-26;96413;3102;0;0;0;1282762;5242;0;0;0
FR;1;2021-01-27;103598;5580;0;0;0;1386360;10822;0;0;0
FR;1;2021-01-28;120563;14322;0;0;0;1506923;25144;0;0;0
FR;1;2021-01-29;88842;17253;0;0;0;1595765;42397;0;0;0
FR;1;2021-01-30;27955;4208;0;0;0;1623720;46605;0;0;0
FR;1;2021-01-31;5159;1676;0;0;0;1628879;48281;0;0;0
FR;1;2021-02-01;50006;21080;0;0;0;1678885;69361;0;0;0
FR;1;2021-02-02;67799;34499;0;0;0;1746684;103860;0;0;0
FR;1;2021-02-03;67030;36895;0;0;0;1813714;140755;0;0;0
FR;1;2021-02-04;77019;49947;0;0;0;1890733;190702;0;0;0
FR;1;2021-02-05;63399;45224;0;0;0;1954132;235926;0;0;0
FR;1;2021-02-06;19393;10361;0;0;0;1973525;246287;0;0;0
FR;1;2021-02-07;3663;5031;0;0;0;1977188;251318;0;0;0
FR;1;2021-02-08;36424;45890;0;0;0;2013612;297208;0;0;0
FR;1;2021-02-09;50773;72276;0;0;0;2064385;369484;0;0;0
FR;1;2021-02-10;51867;76476;0;0;0;2116252;445960;0;0;0
FR;1;2021-02-11;63271;98890;0;0;0;2179523;544850;0;0;0
FR;1;2021-02-12;55755;73874;0;0;0;2235278;618724;0;0;0
FR;1;2021-02-13;15429;19236;0;0;0;2250707;637960;0;0;0
FR;1;2021-02-14;3714;7179;0;0;0;2254421;645139;0;0;0
FR;1;2021-02-15;24080;73296;0;0;0;2278501;718435;0;0;0
FR;1;2021-02-16;32674;96611;0;0;0;2311175;815046;0;0;0
FR;1;2021-02-17;35036;98387;1;0;0;2346211;913433;1;0;0
FR;1;2021-02-18;49279;113253;0;0;0;2395490;1026686;1;0;0
FR;1;2021-02-19;45324;86241;1;0;0;2440814;1112927;2;0;0
FR;1;2021-02-20;13370;26860;0;0;0;2454184;1139787;2;0;0
FR;1;2021-02-21;2418;6282;0;0;0;2456602;1146069;2;0;0
FR;1;2021-02-22;24665;69282;1;0;0;2481267;1215351;3;0;0
FR;1;2021-02-23;37380;80221;1;0;0;2518647;1295572;4;0;0
FR;1;2021-02-24;40606;77526;1;0;0;2559253;1373098;5;0;0
FR;1;2021-02-25;50096;87822;1;0;0;2609349;1460920;6;0;0
FR;1;2021-02-26;47138;67765;0;0;0;2656487;1528685;6;0;0
FR;1;2021-02-27;15649;20894;0;0;0;2672136;1549579;6;0;0
FR;1;2021-02-28;3522;4378;1;0;0;2675658;1553957;7;0;0
FR;1;2021-03-01;40124;48917;2;0;0;2715782;1602874;9;0;0
FR;1;2021-03-02;55922;61395;2;0;0;2771704;1664269;11;0;0
FR;1;2021-03-03;61096;60533;0;0;0;2832800;1724802;11;0;0
FR;1;2021-03-04;72852;64788;3;0;0;2905652;1789590;14;0;0
FR;1;2021-03-05;74659;59165;3;0;0;2980311;1848755;17;0;0
FR;1;2021-03-06;82428;16057;2;0;0;3062739;1864812;19;0;0
FR;1;2021-03-07;63719;5403;0;0;0;3126458;1870215;19;0;0
FR;1;2021-03-08;60081;42404;2;0;0;3186539;1912619;21;0;0
FR;1;2021-03-09;85867;48228;1;0;0;3272406;1960847;22;0;0
FR;1;2021-03-10;90776;47953;4;0;0;3363182;2008800;26;0;0
FR;1;2021-03-11;104956;53751;0;0;0;3468138;2062551;26;0;0
FR;1;2021-03-12;104052;45194;0;0;0;3572190;2107745;26;0;0
FR;1;2021-03-13;89138;12697;1;0;0;3661328;2120442;27;0;0
FR;1;2021-03-14;44407;3015;1;0;0;3705735;2123457;28;0;0
FR;1;2021-03-15;95312;29065;3;0;0;3801047;2152522;31;0;0
FR;1;2021-03-16;123577;34825;3;0;0;3924624;2187347;34;0;0
FR;1;2021-03-17;129248;34769;5;0;0;4053872;2222116;39;0;0
FR;1;2021-03-18;142842;39657;4;0;0;4196714;2261773;43;0;0
FR;1;2021-03-19;136247;32825;2;0;0;4332961;2294598;45;0;0
FR;1;2021-03-20;75979;10186;0;0;0;4408940;2304784;45;0;0
FR;1;2021-03-21;26453;2472;1;0;0;4435393;2307256;46;0;0
FR;1;2021-03-22;114635;31133;1;0;0;4550028;2338389;47;0;0
FR;1;2021-03-23;142929;38089;1;0;0;4692957;2376478;48;0;0
FR;1;2021-03-24;141930;38703;0;0;0;4834887;2415181;48;0;0
FR;1;2021-03-25;165014;39526;4;0;0;4999901;2454707;52;0;0
FR;1;2021-03-26;166303;37379;4;0;0;5166204;2492086;56;0;0
FR;1;2021-03-27;110831;15228;1;0;0;5277035;2507314;57;0;0
FR;1;2021-03-28;42267;3614;3;0;0;5319302;2510928;60;0;0
FR;1;2021-03-29;129768;49875;4;0;0;5449070;2560803;64;0;0
FR;1;2021-03-30;167585;63438;4;0;0;5616655;2624241;68;0;0
FR;1;2021-03-31;170831;66773;3;0;0;5787486;2691014;71;0;0
FR;1;2021-04-01;194770;79088;11;0;0;5982256;2770102;82;0;0
FR;1;2021-04-02;164522;84150;7;0;0;6146778;2854252;89;0;0
FR;1;2021-04-03;88092;58053;5;0;0;6234870;2912305;94;0;0
FR;1;2021-04-04;33410;17701;0;0;0;6268280;2930006;94;0;0
FR;1;2021-04-05;47235;10152;11;0;0;6315515;2940158;105;0;0
FR;1;2021-04-06;160240;100673;17;0;0;6475755;3040831;122;0;0
FR;1;2021-04-07;196933;108074;16;0;0;6672688;3148905;138;0;0
FR;1;2021-04-08;222069;112198;13;0;0;6894757;3261103;151;0;0
FR;1;2021-04-09;214467;107313;20;0;0;7109224;3368416;171;0;0
FR;1;2021-04-10;117134;73346;13;0;0;7226358;3441762;184;0;0
FR;1;2021-04-11;40789;30233;6;0;0;7267147;3471995;190;0;0
FR;1;2021-04-12;168380;103602;44;0;0;7435527;3575597;234;0;0
FR;1;2021-04-13;203685;128015;96;0;0;7639212;3703612;330;0;0
FR;1;2021-04-14;208537;122581;203;0;0;7847749;3826193;533;0;0
FR;1;2021-04-15;222121;126537;303;0;0;8069870;3952730;836;0;0
FR;1;2021-04-16;206012;124936;305;0;0;8275882;4077666;1141;0;0
FR;1;2021-04-17;122016;67366;100;0;0;8397898;4145032;1241;0;0
FR;1;2021-04-18;35897;20978;39;0;0;8433795;4166010;1280;0;0
FR;1;2021-04-19;163596;121690;429;0;0;8597391;4287700;1709;0;0
FR;1;2021-04-20;189316;148521;521;0;0;8786707;4436221;2230;0;0
FR;1;2021-04-21;193857;146498;751;0;0;8980564;4582719;2981;0;0
FR;1;2021-04-22;208882;162350;773;0;0;9189446;4745069;3754;0;0
FR;1;2021-04-23;198877;156674;661;0;0;9388323;4901743;4415;0;0
FR;1;2021-04-24;126242;95374;143;0;0;9514565;4997117;4558;0;0
FR;1;2021-04-25;53530;30077;46;0;0;9568095;5027194;4604;0;0
FR;1;2021-04-26;181022;138013;531;0;0;9749117;5165207;5135;0;0
FR;1;2021-04-27;221258;161653;889;0;0;9970375;5326860;6024;0;0
FR;1;2021-04-28;238206;154827;1296;1;1;10208581;5481687;7320;1;1
FR;1;2021-04-29;270217;159808;1201;0;0;10478798;5641495;8521;1;1
FR;1;2021-04-30;271910;147863;1062;0;0;10750708;5789358;9583;1;1
FR;1;2021-05-01;141433;40641;172;0;0;10892141;5829999;9755;1;1
FR;1;2021-05-02;81615;28113;80;0;0;10973756;5858112;9835;1;1
FR;1;2021-05-03;251363;146208;787;0;0;11225119;6004320;10622;1;1
FR;1;2021-05-04;266340;186529;1187;0;0;11491459;6190849;11809;1;1
FR;1;2021-05-05;284432;184237;1254;0;0;11775891;6375086;13063;1;1
FR;1;2021-05-06;310057;182686;1480;0;0;12085948;6557772;14543;1;1
FR;1;2021-05-07;284499;195373;1113;0;0;12370447;6753145;15656;1;1
FR;1;2021-05-08;191603;48238;279;0;0;12562050;6801383;15935;1;1
FR;1;2021-05-09;113987;36140;233;0;0;12676037;6837523;16168;1;1
FR;1;2021-05-10;258571;193935;1165;0;0;12934608;7031458;17333;1;1
FR;1;2021-05-11;318844;210981;1447;0;0;13253452;7242439;18780;1;1
FR;1;2021-05-12;356787;185580;1372;0;0;13610239;7428019;20152;1;1
FR;1;2021-05-13;283472;47532;393;0;0;13893711;7475551;20545;1;1
FR;1;2021-05-14;370688;128574;972;0;0;14264399;7604125;21517;1;1
FR;1;2021-05-15;297661;65994;391;0;0;14562060;7670119;21908;1;1
FR;1;2021-05-16;157668;15529;154;0;0;14719728;7685648;22062;1;1
FR;1;2021-05-17;318910;116432;1421;0;0;15038638;7802080;23483;1;1
FR;1;2021-05-18;382722;111070;1769;0;0;15421360;7913150;25252;1;1
FR;1;2021-05-19;395198;102665;2155;0;0;15816558;8015815;27407;1;1
FR;1;2021-05-20;421930;96063;2022;0;0;16238488;8111878;29429;1;1
FR;1;2021-05-21;399664;97138;1725;0;0;16638152;8209016;31154;1;1
FR;1;2021-05-22;275557;41955;600;0;0;16913709;8250971;31754;1;1
FR;1;2021-05-23;122914;11173;222;0;0;17036623;8262144;31976;1;1
FR;1;2021-05-24;243915;26205;559;0;0;17280538;8288349;32535;1;1
FR;1;2021-05-25;366032;131647;2073;0;0;17646570;8419996;34608;1;1
FR;1;2021-05-26;380644;125456;1965;0;0;18027214;8545452;36573;1;1
FR;1;2021-05-27;405948;127929;1945;0;0;18433162;8673381;38518;1;1
FR;1;2021-05-28;365895;145259;1678;0;0;18799057;8818640;40196;1;1
FR;1;2021-05-29;253729;80820;520;0;0;19052786;8899460;40716;1;1
FR;1;2021-05-30;100850;22505;155;0;0;19153636;8921965;40871;1;1
FR;1;2021-05-31;314119;148554;1272;1;1;19467755;9070519;42143;2;2
FR;1;2021-06-01;363386;166485;1699;1;1;19831141;9237004;43842;3;3
FR;1;2021-06-02;367899;152977;1764;0;0;20199040;9389981;45606;3;3
FR;1;2021-06-03;391030;147503;1624;0;0;20590070;9537484;47230;3;3
FR;1;2021-06-04;364670;175378;1469;1;1;20954740;9712862;48699;4;4
FR;1;2021-06-05;258459;112611;587;0;0;21213199;9825473;49286;4;4
FR;1;2021-06-06;126864;37470;215;0;0;21340063;9862943;49501;4;4
FR;1;2021-06-07;300336;207819;1345;0;0;21640399;10070762;50846;4;4
FR;1;2021-06-08;331057;220688;1609;0;0;21971456;10291450;52455;4;4
FR;1;2021-06-09;336714;212308;1585;0;0;22308170;10503758;54040;4;4
FR;1;2021-06-10;344763;201973;1586;0;0;22652933;10705731;55626;4;4
FR;1;2021-06-11;311908;235166;1273;0;0;22964841;10940897;56899;4;4
FR;1;2021-06-12;243873;150608;423;0;0;23208714;11091505;57322;4;4
FR;1;2021-06-13;100201;60979;184;0;0;23308915;11152484;57506;4;4
FR;1;2021-06-14;207769;288788;1305;1;1;23516684;11441272;58811;5;5
FR;1;2021-06-15;256547;282091;1359;1;1;23773231;11723363;60170;6;6
FR;1;2021-06-16;273531;270178;1249;1;1;24046762;11993541;61419;7;7
FR;1;2021-06-17;268184;244169;1219;0;0;24314946;12237710;62638;7;7
FR;1;2021-06-18;260650;295655;1129;1;1;24575596;12533365;63767;8;8
FR;1;2021-06-19;193315;209382;381;0;0;24768911;12742747;64148;8;8
FR;1;2021-06-20;69585;89071;113;0;0;24838496;12831818;64261;8;8
FR;1;2021-06-21;172172;319681;902;1;1;25010668;13151499;65163;9;9
FR;1;2021-06-22;185608;347306;1082;10;10;25196276;13498805;66245;19;19
FR;1;2021-06-23;203873;339094;1035;0;0;25400149;13837899;67280;19;19
FR;1;2021-06-24;203310;281505;1141;0;0;25603459;14119404;68421;19;19
FR;1;2021-06-25;182734;371558;1181;0;0;25786193;14490962;69602;19;19
FR;1;2021-06-26;131172;278157;491;0;0;25917365;14769119;70093;19;19
FR;1;2021-06-27;52282;122904;140;0;0;25969647;14892023;70233;19;19
FR;1;2021-06-28;136346;368069;1041;0;0;26105993;15260092;71274;19;19
FR;1;2021-06-29;154580;389472;1836;0;0;26260573;15649564;73110;19;19
FR;1;2021-06-30;179660;378264;1653;4;4;26440233;16027828;74763;23;23
FR;1;2021-07-01;202816;331783;1881;5;5;26643049;16359611;76644;28;28
FR;1;2021-07-02;193147;367421;1760;4;4;26836196;16727032;78404;32;32
FR;1;2021-07-03;124255;280246;703;3;3;26960451;17007278;79107;35;35
FR;1;2021-07-04;53811;113631;244;0;0;27014262;17120909;79351;35;35
FR;1;2021-07-05;153892;355829;1494;6;5;27168154;17476738;80845;41;40
FR;1;2021-07-06;173396;382338;1592;42;42;27341550;17859076;82437;83;82
FR;1;2021-07-07;190907;362296;1650;20;20;27532457;18221372;84087;103;102
FR;1;2021-07-08;201448;322817;1823;20;20;27733905;18544189;85910;123;122
FR;1;2021-07-09;189515;386381;1853;3;3;27923420;18930570;87763;126;125
FR;1;2021-07-10;129613;280782;810;1;1;28053033;19211352;88573;127;126
FR;1;2021-07-11;57500;102363;259;0;0;28110533;19313715;88832;127;126
FR;1;2021-07-12;149364;416605;1572;4;4;28259897;19730320;90404;131;130
FR;1;2021-07-13;233918;439192;1800;6;6;28493815;20169512;92204;137;136
FR;1;2021-07-14;171456;151410;413;0;0;28665271;20320922;92617;137;136
FR;1;2021-07-15;279176;424258;1851;1;1;28944447;20745180;94468;138;137
FR;1;2021-07-16;289827;400951;1705;3;3;29234274;21146131;96173;141;140
FR;1;2021-07-17;217199;282023;749;1;1;29451473;21428154;96922;142;141
FR;1;2021-07-18;101894;107314;288;0;0;29553367;21535468;97210;142;141
FR;1;2021-07-19;237846;379000;1489;3;3;29791213;21914468;98699;145;144
FR;1;2021-07-20;305436;380808;1464;0;0;30096649;22295276;100163;145;144
FR;1;2021-07-21;332875;353401;1409;4;4;30429524;22648677;101572;149;148
FR;1;2021-07-22;364197;319098;1495;3;3;30793721;22967775;103067;152;151
FR;1;2021-07-23;347233;342811;1573;4;4;31140954;23310586;104640;156;155
FR;1;2021-07-24;238812;241036;689;1;1;31379766;23551622;105329;157;156
FR;1;2021-07-25;112684;76047;214;0;0;31492450;23627669;105543;157;156
FR;1;2021-07-26;298790;290078;1492;2;2;31791240;23917747;107035;159;158
FR;1;2021-07-27;385306;268595;1457;4;4;32176546;24186342;108492;163;162
FR;1;2021-07-28;389754;251290;1456;4;4;32566300;24437632;109948;167;166
FR;1;2021-07-29;405518;227722;1534;2;2;32971818;24665354;111482;169;168
FR;1;2021-07-30;370260;246435;1630;4;4;33342078;24911789;113112;173;172
FR;1;2021-07-31;243218;164798;787;1;1;33585296;25076587;113899;174;173
FR;1;2021-08-01;105818;47176;227;0;0;33691114;25123763;114126;174;173
FR;1;2021-08-02;297514;212565;1466;1;1;33988628;25336328;115592;175;174
FR;1;2021-08-03;329732;209062;1530;2;2;34318360;25545390;117122;177;176
FR;1;2021-08-04;327626;184154;1434;5;5;34645986;25729544;118556;182;181
FR;1;2021-08-05;300613;193076;1471;0;0;34946599;25922620;120027;182;181
FR;1;2021-08-06;290459;224247;1554;3;3;35237058;26146867;121581;185;184
FR;1;2021-08-07;182103;158673;657;4;4;35419161;26305540;122238;189;188
FR;1;2021-08-08;70194;59077;243;0;0;35489355;26364617;122481;189;188
FR;1;2021-08-09;222372;235788;1434;4;4;35711727;26600405;123915;193;192
FR;1;2021-08-10;251826;240586;1477;2;2;35963553;26840991;125392;195;194
FR;1;2021-08-11;235512;232271;1263;5;5;36199065;27073262;126655;200;199
FR;1;2021-08-12;220065;239624;1476;3;3;36419130;27312886;128131;203;202
FR;1;2021-08-13;201313;236753;1344;2;2;36620443;27549639;129475;205;204
FR;1;2021-08-14;122529;174233;643;0;0;36742972;27723872;130118;205;204
FR;1;2021-08-15;34522;46163;192;1;1;36777494;27770035;130310;206;205
FR;1;2021-08-16;156298;289666;1414;0;0;36933792;28059701;131724;206;205
FR;1;2021-08-17;171202;291439;1411;3;3;37104994;28351140;133135;209;208
FR;1;2021-08-18;160998;286704;1380;6;6;37265992;28637844;134515;215;214
FR;1;2021-08-19;148504;277046;1381;1;1;37414496;28914890;135896;216;215
FR;1;2021-08-20;139961;307542;1500;2;2;37554457;29222432;137396;218;217
FR;1;2021-08-21;84000;212986;581;0;0;37638457;29435418;137977;218;217
FR;1;2021-08-22;28459;82625;225;0;0;37666916;29518043;138202;218;217
FR;1;2021-08-23;118353;320619;1408;2;2;37785269;29838662;139610;220;219
FR;1;2021-08-24;126325;319555;1579;3;3;37911594;30158217;141189;223;222
FR;1;2021-08-25;120908;306020;1764;5;5;38032502;30464237;142953;228;227
FR;1;2021-08-26;106305;285270;2150;10;10;38138807;30749507;145103;238;237
FR;1;2021-08-27;107291;320455;2288;7;7;38246098;31069962;147391;245;244
FR;1;2021-08-28;70745;220533;1094;0;0;38316843;31290495;148485;245;244
FR;1;2021-08-29;24057;77916;455;1;1;38340900;31368411;148940;246;245
FR;1;2021-08-30;96340;285927;4295;6;5101;38437240;31654338;153235;252;5346
FR;1;2021-08-31;97827;276098;9253;13;10120;38535067;31930436;162488;265;15466
FR;1;2021-09-01;113311;244587;21065;7;21723;38648378;32175023;183553;272;37189
FR;1;2021-09-02;84140;197599;24470;11;25270;38732518;32372622;208023;283;62459
FR;1;2021-09-03;82239;227112;26911;21;27805;38814757;32599734;234934;304;90264
FR;1;2021-09-04;71211;189432;11120;11;11559;38885968;32789166;246054;315;101823
FR;1;2021-09-05;18535;41193;4108;2;4261;38904503;32830359;250162;317;106084
FR;1;2021-09-06;60109;151392;30142;15;30938;38964612;32981751;280304;332;137022
FR;1;2021-09-07;55244;139364;30173;26;30943;39019856;33121115;310477;358;167965
FR;1;2021-09-08;70646;173380;26873;20;27583;39090502;33294495;337350;378;195548
FR;1;2021-09-09;53237;123879;28538;22;29384;39143739;33418374;365888;400;224932
FR;1;2021-09-10;65568;151457;30379;20;31315;39209307;33569831;396267;420;256247
FR;1;2021-09-11;51555;146312;9700;12;10145;39260862;33716143;405967;432;266392
FR;1;2021-09-12;10692;29172;2469;2;2604;39271554;33745315;408436;434;268996
FR;1;2021-09-13;51500;104311;38655;28;39593;39323054;33849626;447091;462;308589
FR;1;2021-09-14;53225;95727;51121;66;52460;39376279;33945353;498212;528;361049
FR;1;2021-09-15;60929;138647;50352;54;46859;39437208;34084000;548564;582;407908
FR;1;2021-09-16;46881;80858;53177;72;49431;39484089;34164858;601741;654;457339
FR;1;2021-09-17;53654;108902;44945;60;42586;39537743;34273760;646686;714;499925
FR;1;2021-09-18;37749;118074;11772;19;11230;39575492;34391834;658458;733;511155
FR;1;2021-09-19;6442;20999;2026;2;1967;39581934;34412833;660484;735;513122
FR;1;2021-09-20;37909;74516;46095;68;43980;39619843;34487349;706579;803;557102
FR;1;2021-09-21;34084;67857;56107;73;52564;39653927;34555206;762686;876;609666
FR;1;2021-09-22;38643;117151;49717;77;46620;39692570;34672357;812403;953;656286
FR;1;2021-09-23;31922;61389;54364;84;50705;39724492;34733746;866767;1037;706991
FR;1;2021-09-24;36976;88501;43546;92;41845;39761468;34822247;910313;1129;748836
FR;1;2021-09-25;27458;95969;12285;27;12146;39788926;34918216;922598;1156;760982
FR;1;2021-09-26;4360;15172;1744;4;1681;39793286;34933388;924342;1160;762663
FR;1;2021-09-27;27376;59739;42784;89;41571;39820662;34993127;967126;1249;804234
FR;1;2021-09-28;26799;48499;46986;75;44259;39847461;35041626;1014112;1324;848493
FR;1;2021-09-29;35758;79739;47123;86;45460;39883219;35121365;1061235;1410;893953
FR;1;2021-09-30;26138;44381;47370;80;45244;39909357;35165746;1108605;1490;939197
FR;1;2021-10-01;55923;62899;44790;83;44286;39965280;35228645;1153395;1573;983483
FR;1;2021-10-02;32924;61790;16075;32;16262;39998204;35290435;1169470;1605;999745
FR;1;2021-10-03;4283;8563;2018;3;2027;40002487;35298998;1171488;1608;1001772
FR;1;2021-10-04;32100;43533;47026;78;46898;40034587;35342531;1218514;1686;1048670
FR;1;2021-10-05;25167;41077;49702;114;49089;40059754;35383608;1268216;1800;1097759
FR;1;2021-10-06;35460;60541;57334;102;57024;40095214;35444149;1325550;1902;1154783
FR;1;2021-10-07;21702;39027;52902;75;51787;40116916;35483176;1378452;1977;1206570
FR;1;2021-10-08;36656;58908;60331;83;60994;40153572;35542084;1438783;2060;1267564
FR;1;2021-10-09;27504;47534;25434;29;25921;40181076;35589618;1464217;2089;1293485
FR;1;2021-10-10;3554;5381;2726;7;2797;40184630;35594999;1466943;2096;1296282
FR;1;2021-10-11;26029;37653;54489;88;55191;40210659;35632652;1521432;2184;1351473
FR;1;2021-10-12;23405;36054;57908;125;58975;40234064;35668706;1579340;2309;1410448
FR;1;2021-10-13;33465;47105;64074;125;65550;40267529;35715811;1643414;2434;1475998
FR;1;2021-10-14;22452;34220;53650;100;54187;40289981;35750031;1697064;2534;1530185
FR;1;2021-10-15;34447;47732;72236;161;74939;40324428;35797763;1769300;2695;1605124
FR;1;2021-10-16;26056;35026;34822;44;36365;40350484;35832789;1804122;2739;1641489
FR;1;2021-10-17;3116;4050;3390;2;3281;40353600;35836839;1807512;2741;1644770
FR;1;2021-10-18;23200;32911;66757;129;69642;40376800;35869750;1874269;2870;1714412
FR;1;2021-10-19;20824;32856;75555;134;79497;40397624;35902606;1949824;3004;1793909
FR;1;2021-10-20;30508;43194;96065;175;99707;40428132;35945800;2045889;3179;1893616
FR;1;2021-10-21;19967;34138;83027;107;86823;40448099;35979938;2128916;3286;1980439
FR;1;2021-10-22;30184;46871;103660;192;109595;40478283;36026809;2232576;3478;2090034
FR;1;2021-10-23;22993;33809;44821;56;47279;40501276;36060618;2277397;3534;2137313
FR;1;2021-10-24;2383;3850;3566;6;3732;40503659;36064468;2280963;3540;2141045
FR;1;2021-10-25;22721;29902;81934;143;85758;40526380;36094370;2362897;3683;2226803
FR;1;2021-10-26;19441;27276;85978;161;90205;40545821;36121646;2448875;3844;2317008
FR;1;2021-10-27;26163;38875;107676;253;112534;40571984;36160521;2556551;4097;2429542
FR;1;2021-10-28;18693;26270;86798;148;91532;40590677;36186791;2643349;4245;2521074
FR;1;2021-10-29;26063;39138;114873;201;121477;40616740;36225929;2758222;4446;2642551
FR;1;2021-10-30;17588;28422;49305;76;51920;40634328;36254351;2807527;4522;2694471
FR;1;2021-10-31;2080;3273;3428;2;3689;40636408;36257624;2810955;4524;2698160
FR;1;2021-11-01;8921;3352;3150;3;3322;40645329;36260976;2814105;4527;2701482
FR;1;2021-11-02;22514;32635;92386;155;97703;40667843;36293611;2906491;4682;2799185
FR;1;2021-11-03;26358;40823;117508;213;123919;40694201;36334434;3023999;4895;2923104
FR;1;2021-11-04;19611;29978;105752;213;111926;40713812;36364412;3129751;5108;3035030
FR;1;2021-11-05;26967;42316;138720;226;147352;40740779;36406728;3268471;5334;3182382
FR;1;2021-11-06;18765;30067;63420;122;66428;40759544;36436795;3331891;5456;3248810
FR;1;2021-11-07;1775;3678;4937;6;5317;40761319;36440473;3336828;5462;3254127
FR;1;2021-11-08;17605;32567;126080;222;132604;40778924;36473040;3462908;5684;3386731
FR;1;2021-11-09;19160;37836;159315;336;169076;40798084;36510876;3622223;6020;3555807
FR;1;2021-11-10;28667;48933;182146;436;192782;40826751;36559809;3804369;6456;3748589
FR;1;2021-11-11;3597;5638;12428;26;13111;40830348;36565447;3816797;6482;3761700
FR;1;2021-11-12;25811;47349;174970;239;186597;40856159;36612796;3991767;6721;3948297
FR;1;2021-11-13;18631;29876;76910;110;81895;40874790;36642672;4068677;6831;4030192
FR;1;2021-11-14;1999;3721;6854;5;7457;40876789;36646393;4075531;6836;4037649
FR;1;2021-11-15;18653;36199;157142;303;167007;40895442;36682592;4232673;7139;4204656
FR;1;2021-11-16;20944;39181;192181;373;205096;40916386;36721773;4424854;7512;4409752
FR;1;2021-11-17;28422;46907;193443;398;205397;40944808;36768680;4618297;7910;4615149
FR;1;2021-11-18;20947;39078;183128;455;195224;40965755;36807758;4801425;8365;4810373
FR;1;2021-11-19;30817;54961;230583;527;247112;40996572;36862719;5032008;8892;5057485
FR;1;2021-11-20;23661;34489;97079;200;103773;41020233;36897208;5129087;9092;5161258
FR;1;2021-11-21;2292;4977;9088;18;10017;41022525;36902185;5138175;9110;5171275
FR;1;2021-11-22;21371;32605;176938;463;190410;41043896;36934790;5315113;9573;5361685
FR;1;2021-11-23;23748;43074;221970;538;238762;41067644;36977864;5537083;10111;5600447
FR;1;2021-11-24;30203;51428;218242;701;235499;41097847;37029292;5755325;10812;5835946
FR;1;2021-11-25;23385;45739;245827;719;265466;41121232;37075031;6001152;11531;6101412
FR;1;2021-11-26;30527;68530;358000;831;389847;41151759;37143561;6359152;12362;6491259
FR;1;2021-11-27;21628;46323;203847;370;224001;41173387;37189884;6562999;12732;6715260
FR;1;2021-11-28;3116;10838;54825;62;61179;41176503;37200722;6617824;12794;6776439
FR;1;2021-11-29;17864;51493;328071;841;356294;41194367;37252215;6945895;13635;7132733
FR;1;2021-11-30;22311;66587;432440;948;472395;41216678;37318802;7378335;14583;7605128
FR;1;2021-12-01;23741;71411;447084;1128;486244;41240419;37390213;7825419;15711;8091372
FR;1;2021-12-02;19714;66880;491231;1221;535064;41260133;37457093;8316650;16932;8626436
FR;1;2021-12-03;22678;84092;544941;1302;594371;41282811;37541185;8861591;18234;9220807
FR;1;2021-12-04;16271;55908;299589;652;329776;41299082;37597093;9161180;18886;9550583
FR;1;2021-12-05;3633;15384;81697;143;91417;41302715;37612477;9242877;19029;9642000
FR;1;2021-12-06;16520;65710;416796;1061;456983;41319235;37678187;9659673;20090;10098983
FR;1;2021-12-07;19706;78703;523626;1524;573816;41338941;37756890;10183299;21614;10672799
FR;1;2021-12-08;21370;78331;459427;1541;503829;41360311;37835221;10642726;23155;11176628
FR;1;2021-12-09;19276;76795;493718;1622;542329;41379587;37912016;11136444;24777;11718957
FR;1;2021-12-10;22300;89773;548575;1581;601834;41401887;38001789;11685019;26358;12320791
FR;1;2021-12-11;16497;60534;302967;745;336137;41418384;38062323;11987986;27103;12656928
FR;1;2021-12-12;4319;16926;83188;178;94225;41422703;38079249;12071174;27281;12751153
FR;1;2021-12-13;15428;65537;367628;1092;407431;41438131;38144786;12438802;28373;13158584
FR;1;2021-12-14;19853;81490;464883;1732;516245;41457984;38226276;12903685;30105;13674829
FR;1;2021-12-15;21144;78526;409552;1305;454152;41479128;38304802;13313237;31410;14128981
FR;1;2021-12-16;19848;78995;452225;1573;501617;41498976;38383797;13765462;32983;14630598
FR;1;2021-12-17;22410;88503;480480;1733;532352;41521386;38472300;14245942;34716;15162950
FR;1;2021-12-18;17578;55602;257705;730;288990;41538964;38527902;14503647;35446;15451940
FR;1;2021-12-19;5523;18406;79207;194;91026;41544487;38546308;14582854;35640;15542966
FR;1;2021-12-20;20822;64864;318036;1081;357604;41565309;38611172;14900890;36721;15900570
FR;1;2021-12-21;26037;74155;373159;1415;419125;41591346;38685327;15274049;38136;16319695
FR;1;2021-12-22;24801;66275;311013;1212;350587;41616147;38751602;15585062;39348;16670282
FR;1;2021-12-23;21142;52910;242370;946;274449;41637289;38804512;15827432;40294;16944731
FR;1;2021-12-24;7037;19376;67682;254;77810;41644326;38823888;15895114;40548;17022541
FR;1;2021-12-25;484;3164;5616;15;6651;41644810;38827052;15900730;40563;17029192
FR;1;2021-12-26;2739;8031;26947;61;31577;41647549;38835083;15927677;40624;17060769
FR;1;2021-12-27;18056;53971;236248;706;267402;41665605;38889054;16163925;41330;17328171
FR;1;2021-12-28;23170;62662;292620;1018;331589;41688775;38951716;16456545;42348;17659760
FR;1;2021-12-29;22161;56072;255542;918;289537;41710936;39007788;16712087;43266;17949297
FR;1;2021-12-30;21153;46524;212654;857;240953;41732089;39054312;16924741;44123;18190250
FR;1;2021-12-31;7241;16874;62269;229;71133;41739330;39071186;16987010;44352;18261383
FR;1;2022-01-01;745;2550;5689;30;6657;41740075;39073736;16992699;44382;18268040
FR;1;2022-01-02;3005;8596;28912;48;33760;41743080;39082332;17021611;44430;18301800
FR;1;2022-01-03;18444;52085;229311;780;259564;41761524;39134417;17250922;45210;18561364
FR;1;2022-01-04;24389;65357;299499;1236;339092;41785913;39199774;17550421;46446;18900456
FR;1;2022-01-05;28841;64551;275450;1088;312230;41814754;39264325;17825871;47534;19212686
FR;1;2022-01-06;26249;67333;307228;1383;348741;41841003;39331658;18133099;48917;19561427
FR;1;2022-01-07;31030;76527;350659;1536;396814;41872033;39408185;18483758;50453;19958241
FR;1;2022-01-08;23120;52903;222584;695;252262;41895153;39461088;18706342;51148;20210503
FR;1;2022-01-09;7066;17330;65990;161;76498;41902219;39478418;18772332;51309;20287001
FR;1;2022-01-10;21122;53242;238529;949;270161;41923341;39531660;19010861;52258;20557162
FR;1;2022-01-11;26263;62444;282682;1270;320265;41949604;39594104;19293543;53528;20877427
FR;1;2022-01-12;28430;61473;246557;1097;280176;41978034;39655577;19540100;54625;21157603
FR;1;2022-01-13;24215;59490;263208;1244;298723;42002249;39715067;19803308;55869;21456326
FR;1;2022-01-14;27513;66273;314802;1361;354799;42029762;39781340;20118110;57230;21811125
FR;1;2022-01-15;19141;44369;199369;612;225450;42048903;39825709;20317479;57842;22036575
FR;1;2022-01-16;5112;14377;51466;133;59919;42054015;39840086;20368945;57975;22096494
FR;1;2022-01-17;16584;41679;186277;773;210144;42070599;39881765;20555222;58748;22306638
FR;1;2022-01-18;19116;47616;213076;1145;240340;42089715;39929381;20768298;59893;22546978
FR;1;2022-01-19;19981;45534;176573;890;199830;42109696;39974915;20944871;60783;22746808
FR;1;2022-01-20;16356;41994;184218;1131;207941;42126052;40016909;21129089;61914;22954749
FR;1;2022-01-21;19486;48446;229820;1393;257529;42145538;40065355;21358909;63307;23212278
FR;1;2022-01-22;13738;33070;144549;577;162904;42159276;40098425;21503458;63884;23375182
FR;1;2022-01-23;3318;9611;33299;130;38606;42162594;40108036;21536757;64014;23413788
FR;1;2022-01-24;11632;34670;141678;701;159880;42174226;40142706;21678435;64715;23573668
FR;1;2022-01-25;14013;39868;163528;1042;185003;42188239;40182574;21841963;65757;23758671
FR;1;2022-01-26;14645;38316;149953;921;168611;42202884;40220890;21991916;66678;23927282
FR;1;2022-01-27;12089;34416;142768;861;160501;42214973;40255306;22134684;67539;24087783
FR;1;2022-01-28;16104;55248;197865;1138;226267;42231077;40310554;22332549;68677;24314050
FR;1;2022-01-29;10213;37059;134173;519;152445;42241290;40347613;22466722;69196;24466495
FR;1;2022-01-30;2439;10386;29528;85;34761;42243729;40357999;22496250;69281;24501256
FR;1;2022-01-31;8656;32391;103567;524;118951;42252385;40390390;22599817;69805;24620207
FR;1;2022-02-01;9752;36203;122430;825;140679;42262137;40426593;22722247;70630;24760886
FR;1;2022-02-02;10904;41005;124463;705;143374;42273041;40467598;22846710;71335;24904260
FR;1;2022-02-03;8512;33834;110851;756;128043;42281553;40501432;22957561;72091;25032303
FR;1;2022-02-04;11127;48886;167597;938;192881;42292680;40550318;23125158;73029;25225184
FR;1;2022-02-05;7590;34918;115626;384;133288;42300270;40585236;23240784;73413;25358472
FR;1;2022-02-06;1676;8943;22344;83;26918;42301946;40594179;23263128;73496;25385390
FR;1;2022-02-07;6838;34839;111764;442;130426;42308784;40629018;23374892;73938;25515816
FR;1;2022-02-08;7292;30236;119976;665;138576;42316076;40659254;23494868;74603;25654392
FR;1;2022-02-09;8106;34366;128440;636;148778;42324182;40693620;23623308;75239;25803170
FR;2;2020-12-27;0;0;0;0;0;0;0;0;0;0
FR;2;2020-12-28;0;0;0;0;0;0;0;0;0;0
FR;2;2020-12-29;0;0;0;0;0;0;0;0;0;0
FR;2;2020-12-30;0;0;0;0;0;0;0;0;0;0
FR;2;2020-12-31;0;0;0;0;0;0;0;0;0;0
FR;2;2021-01-01;0;0;0;0;0;0;0;0;0;0
FR;2;2021-01-02;0;0;0;0;0;0;0;0;0;0
FR;2;2021-01-03;0;0;0;0;0;0;0;0;0;0
FR;2;2021-01-04;0;0;0;0;0;0;0;0;0;0
FR;2;2021-01-05;0;0;0;0;0;0;0;0;0;0
FR;2;2021-01-06;0;0;0;0;0;0;0;0;0;0
FR;2;2021-01-07;0;0;0;0;0;0;0;0;0;0
FR;2;2021-01-08;0;0;0;0;0;0;0;0;0;0
FR;2;2021-01-09;0;0;0;0;0;0;0;0;0;0
FR;2;2021-01-10;0;0;0;0;0;0;0;0;0;0
FR;2;2021-01-11;0;0;0;0;0;0;0;0;0;0
FR;2;2021-01-12;0;0;0;0;0;0;0;0;0;0
FR;2;2021-01-13;0;0;0;0;0;0;0;0;0;0
FR;2;2021-01-14;1725;0;0;0;0;1725;0;0;0;0
FR;2;2021-01-15;381;0;0;0;0;2106;0;0;0;0
FR;2;2021-01-16;304;0;0;0;0;2410;0;0;0;0
FR;2;2021-01-17;75;0;0;0;0;2485;0;0;0;0
FR;2;2021-01-18;3066;0;0;0;0;5551;0;0;0;0
FR;2;2021-01-19;4667;0;0;0;0;10218;0;0;0;0
FR;2;2021-01-20;5128;0;0;0;0;15346;0;0;0;0
FR;2;2021-01-21;5329;0;0;0;0;20675;0;0;0;0
FR;2;2021-01-22;5109;0;0;0;0;25784;0;0;0;0
FR;2;2021-01-23;1859;0;0;0;0;27643;0;0;0;0
FR;2;2021-01-24;159;0;0;0;0;27802;0;0;0;0
FR;2;2021-01-25;3808;0;0;0;0;31610;0;0;0;0
FR;2;2021-01-26;3908;0;0;0;0;35518;0;0;0;0
FR;2;2021-01-27;3582;0;0;0;0;39100;0;0;0;0
FR;2;2021-01-28;3728;0;0;0;0;42828;0;0;0;0
FR;2;2021-01-29;3279;0;0;0;0;46107;0;0;0;0
FR;2;2021-01-30;1125;0;0;0;0;47232;0;0;0;0
FR;2;2021-01-31;44;0;0;0;0;47276;0;0;0;0
FR;2;2021-02-01;3390;0;0;0;0;50666;0;0;0;0
FR;2;2021-02-02;4482;1;0;0;0;55148;1;0;0;0
FR;2;2021-02-03;5207;1;0;0;0;60355;2;0;0;0
FR;2;2021-02-04;4917;3;0;0;0;65272;5;0;0;0
FR;2;2021-02-05;4800;6;0;0;0;70072;11;0;0;0
FR;2;2021-02-06;2033;4;0;0;0;72105;15;0;0;0
FR;2;2021-02-07;94;0;0;0;0;72199;15;0;0;0
FR;2;2021-02-08;7541;8;0;0;0;79740;23;0;0;0
FR;2;2021-02-09;8412;15;0;0;0;88152;38;0;0;0
FR;2;2021-02-10;9328;50;0;0;0;97480;88;0;0;0
FR;2;2021-02-11;10264;66;0;0;0;107744;154;0;0;0
FR;2;2021-02-12;10035;236;0;0;0;117779;390;0;0;0
FR;2;2021-02-13;3110;222;0;0;0;120889;612;0;0;0
FR;2;2021-02-14;347;0;0;0;0;121236;612;0;0;0
FR;2;2021-02-15;3444;3062;0;0;0;124680;3674;0;0;0
FR;2;2021-02-16;5054;3877;0;0;0;129734;7551;0;0;0
FR;2;2021-02-17;4237;4393;0;0;0;133971;11944;0;0;0
FR;2;2021-02-18;5385;5082;0;0;0;139356;17026;0;0;0
FR;2;2021-02-19;5310;4319;0;0;0;144666;21345;0;0;0
FR;2;2021-02-20;1858;1504;0;0;0;146524;22849;0;0;0
FR;2;2021-02-21;233;85;0;0;0;146757;22934;0;0;0
FR;2;2021-02-22;3606;3719;0;0;0;150363;26653;0;0;0
FR;2;2021-02-23;4943;3687;0;0;0;155306;30340;0;0;0
FR;2;2021-02-24;4998;3456;0;0;0;160304;33796;0;0;0
FR;2;2021-02-25;5466;3422;0;0;0;165770;37218;0;0;0
FR;2;2021-02-26;4345;3119;0;0;0;170115;40337;0;0;0
FR;2;2021-02-27;1620;1041;0;0;0;171735;41378;0;0;0
FR;2;2021-02-28;170;28;0;0;0;171905;41406;0;0;0
FR;2;2021-03-01;5155;3759;0;0;0;177060;45165;0;0;0
FR;2;2021-03-02;6513;4719;0;0;0;183573;49884;0;0;0
FR;2;2021-03-03;6521;4879;0;0;0;190094;54763;0;0;0
FR;2;2021-03-04;8380;3951;0;0;0;198474;58714;0;0;0
FR;2;2021-03-05;8012;4052;0;0;0;206486;62766;0;0;0
FR;2;2021-03-06;4774;1680;0;0;0;211260;64446;0;0;0
FR;2;2021-03-07;2367;28;0;0;0;213627;64474;0;0;0
FR;2;2021-03-08;4153;8298;0;0;0;217780;72772;0;0;0
FR;2;2021-03-09;7475;8418;1;0;0;225255;81190;1;0;0
FR;2;2021-03-10;7077;9089;0;0;0;232332;90279;1;0;0
FR;2;2021-03-11;9359;9177;1;0;0;241691;99456;2;0;0
FR;2;2021-03-12;7953;8154;0;0;0;249644;107610;2;0;0
FR;2;2021-03-13;10030;2506;0;0;0;259674;110116;2;0;0
FR;2;2021-03-14;4835;400;0;0;0;264509;110516;2;0;0
FR;2;2021-03-15;10898;3477;0;0;0;275407;113993;2;0;0
FR;2;2021-03-16;16743;4615;1;0;0;292150;118608;3;0;0
FR;2;2021-03-17;20201;3949;0;0;0;312351;122557;3;0;0
FR;2;2021-03-18;23343;4893;0;0;0;335694;127450;3;0;0
FR;2;2021-03-19;23289;4527;0;0;0;358983;131977;3;0;0
FR;2;2021-03-20;25413;1533;0;0;0;384396;133510;3;0;0
FR;2;2021-03-21;17655;145;0;0;0;402051;133655;3;0;0
FR;2;2021-03-22;17766;3071;0;0;0;419817;136726;3;0;0
FR;2;2021-03-23;22669;4176;0;0;0;442486;140902;3;0;0
FR;2;2021-03-24;23932;4979;0;0;0;466418;145881;3;0;0
FR;2;2021-03-25;26712;5015;1;0;0;493130;150896;4;0;0
FR;2;2021-03-26;26948;4257;0;0;0;520078;155153;4;0;0
FR;2;2021-03-27;15900;1306;0;0;0;535978;156459;4;0;0
FR;2;2021-03-28;10556;93;0;0;0;546534;156552;4;0;0
FR;2;2021-03-29;18964;4271;0;0;0;565498;160823;4;0;0
FR;2;2021-03-30;24552;5995;0;0;0;590050;166818;4;0;0
FR;2;2021-03-31;28532;5943;0;0;0;618582;172761;4;0;0
FR;2;2021-04-01;34510;8475;1;0;0;653092;181236;5;0;0
FR;2;2021-04-02;29958;7654;0;0;0;683050;188890;5;0;0
FR;2;2021-04-03;16933;3575;0;0;0;699983;192465;5;0;0
FR;2;2021-04-04;9298;918;2;0;0;709281;193383;7;0;0
FR;2;2021-04-05;12430;805;0;0;0;721711;194188;7;0;0
FR;2;2021-04-06;27122;6917;0;0;0;748833;201105;7;0;0
FR;2;2021-04-07;30914;7152;1;0;0;779747;208257;8;0;0
FR;2;2021-04-08;36858;8793;1;0;0;816605;217050;9;0;0
FR;2;2021-04-09;33807;8582;28;0;0;850412;225632;37;0;0
FR;2;2021-04-10;19668;8961;1;0;0;870080;234593;38;0;0
FR;2;2021-04-11;7935;4261;1;0;0;878015;238854;39;0;0
FR;2;2021-04-12;17104;11235;0;0;0;895119;250089;39;0;0
FR;2;2021-04-13;19432;16394;1;0;0;914551;266483;40;0;0
FR;2;2021-04-14;18040;16250;7;0;0;932591;282733;47;0;0
FR;2;2021-04-15;22165;20733;26;0;0;954756;303466;73;0;0
FR;2;2021-04-16;20697;20032;45;0;0;975453;323498;118;0;0
FR;2;2021-04-17;13238;22424;5;0;0;988691;345922;123;0;0
FR;2;2021-04-18;5902;14383;5;0;0;994593;360305;128;0;0
FR;2;2021-04-19;16813;16223;24;0;0;1011406;376528;152;0;0
FR;2;2021-04-20;19307;21535;38;0;0;1030713;398063;190;0;0
FR;2;2021-04-21;20266;21630;76;0;0;1050979;419693;266;0;0
FR;2;2021-04-22;23792;24818;41;0;0;1074771;444511;307;0;0
FR;2;2021-04-23;24494;25304;76;0;0;1099265;469815;383;0;0
FR;2;2021-04-24;25290;15073;102;0;0;1124555;484888;485;0;0
FR;2;2021-04-25;9591;8581;5;0;0;1134146;493469;490;0;0
FR;2;2021-04-26;17137;17167;20;0;0;1151283;510636;510;0;0
FR;2;2021-04-27;19225;24265;40;0;0;1170508;534901;550;0;0
FR;2;2021-04-28;22321;26146;110;0;0;1192829;561047;660;0;0
FR;2;2021-04-29;25453;30073;69;0;0;1218282;591120;729;0;0
FR;2;2021-04-30;25519;27740;49;1;1;1243801;618860;778;1;1
FR;2;2021-05-01;14975;9850;6;0;0;1258776;628710;784;1;1
FR;2;2021-05-02;6632;9172;2;0;0;1265408;637882;786;1;1
FR;2;2021-05-03;20001;19292;40;0;0;1285409;657174;826;1;1
FR;2;2021-05-04;18271;29006;32;0;0;1303680;686180;858;1;1
FR;2;2021-05-05;18344;29359;46;0;0;1322024;715539;904;1;1
FR;2;2021-05-06;23519;35223;131;0;0;1345543;750762;1035;1;1
FR;2;2021-05-07;25312;33180;96;0;0;1370855;783942;1131;1;1
FR;2;2021-05-08;21325;9685;14;0;0;1392180;793627;1145;1;1
FR;2;2021-05-09;13156;7881;7;0;0;1405336;801508;1152;1;1
FR;2;2021-05-10;32920;22179;47;0;0;1438256;823687;1199;1;1
FR;2;2021-05-11;43574;21036;102;0;0;1481830;844723;1301;1;1
FR;2;2021-05-12;50024;19869;139;0;0;1531854;864592;1440;1;1
FR;2;2021-05-13;51275;5756;31;0;0;1583129;870348;1471;1;1
FR;2;2021-05-14;61325;12916;131;0;0;1644454;883264;1602;1;1
FR;2;2021-05-15;65915;7133;38;0;0;1710369;890397;1640;1;1
FR;2;2021-05-16;43570;2564;10;0;0;1753939;892961;1650;1;1
FR;2;2021-05-17;44724;12557;112;0;0;1798663;905518;1762;1;1
FR;2;2021-05-18;54622;12219;190;0;0;1853285;917737;1952;1;1
FR;2;2021-05-19;57148;10593;278;0;0;1910433;928330;2230;1;1
FR;2;2021-05-20;63413;10847;284;0;0;1973846;939177;2514;1;1
FR;2;2021-05-21;64268;11636;229;0;0;2038114;950813;2743;1;1
FR;2;2021-05-22;61465;4497;65;0;0;2099579;955310;2808;1;1
FR;2;2021-05-23;37516;566;22;0;0;2137095;955876;2830;1;1
FR;2;2021-05-24;17215;2019;33;0;0;2154310;957895;2863;1;1
FR;2;2021-05-25;21084;12219;235;0;0;2175394;970114;3098;1;1
FR;2;2021-05-26;19912;11430;226;0;0;2195306;981544;3324;1;1
FR;2;2021-05-27;22971;12643;181;0;0;2218277;994187;3505;1;1
FR;2;2021-05-28;29371;14943;189;0;0;2247648;1009130;3694;1;1
FR;2;2021-05-29;30404;8174;55;0;0;2278052;1017304;3749;1;1
FR;2;2021-05-30;4641;1806;6;0;0;2282693;1019110;3755;1;1
FR;2;2021-05-31;28561;18708;180;0;0;2311254;1037818;3935;1;1
FR;2;2021-06-01;45667;20022;216;0;0;2356921;1057840;4151;1;1
FR;2;2021-06-02;37454;19287;179;0;0;2394375;1077127;4330;1;1
FR;2;2021-06-03;51240;23349;158;0;0;2445615;1100476;4488;1;1
FR;2;2021-06-04;65478;24047;214;0;0;2511093;1124523;4702;1;1
FR;2;2021-06-05;34582;24014;50;0;0;2545675;1148537;4752;1;1
FR;2;2021-06-06;4937;6192;10;0;0;2550612;1154729;4762;1;1
FR;2;2021-06-07;28150;23048;144;0;0;2578762;1177777;4906;1;1
FR;2;2021-06-08;46347;22910;143;0;0;2625109;1200687;5049;1;1
FR;2;2021-06-09;34258;20887;106;0;0;2659367;1221574;5155;1;1
FR;2;2021-06-10;42616;19124;93;1;1;2701983;1240698;5248;2;2
FR;2;2021-06-11;55254;25209;133;0;0;2757237;1265907;5381;2;2
FR;2;2021-06-12;30541;19778;52;0;0;2787778;1285685;5433;2;2
FR;2;2021-06-13;3321;9174;13;0;0;2791099;1294859;5446;2;2
FR;2;2021-06-14;25278;24154;92;0;0;2816377;1319013;5538;2;2
FR;2;2021-06-15;39005;22847;153;0;0;2855382;1341860;5691;2;2
FR;2;2021-06-16;30144;21452;133;0;0;2885526;1363312;5824;2;2
FR;2;2021-06-17;36898;25862;148;0;0;2922424;1389174;5972;2;2
FR;2;2021-06-18;46827;28763;120;0;0;2969251;1417937;6092;2;2
FR;2;2021-06-19;24513;24881;38;0;0;2993764;1442818;6130;2;2
FR;2;2021-06-20;3731;10059;10;0;0;2997495;1452877;6140;2;2
FR;2;2021-06-21;17499;42725;87;0;0;3014994;1495602;6227;2;2
FR;2;2021-06-22;28328;49549;108;0;0;3043322;1545151;6335;2;2
FR;2;2021-06-23;21751;49558;104;1;1;3065073;1594709;6439;3;3
FR;2;2021-06-24;28354;50246;131;0;0;3093427;1644955;6570;3;3
FR;2;2021-06-25;33380;60354;125;0;0;3126807;1705309;6695;3;3
FR;2;2021-06-26;16357;59222;54;1;1;3143164;1764531;6749;4;4
FR;2;2021-06-27;2558;29318;22;0;0;3145722;1793849;6771;4;4
FR;2;2021-06-28;12615;54322;79;0;0;3158337;1848171;6850;4;4
FR;2;2021-06-29;19810;59848;178;0;0;3178147;1908019;7028;4;4
FR;2;2021-06-30;16299;57737;248;17;17;3194446;1965756;7276;21;21
FR;2;2021-07-01;20469;59847;226;0;0;3214915;2025603;7502;21;21
FR;2;2021-07-02;24061;62151;183;0;0;3238976;2087754;7685;21;21
FR;2;2021-07-03;12093;57045;153;0;0;3251069;2144799;7838;21;21
FR;2;2021-07-04;1951;23308;18;0;0;3253020;2168107;7856;21;21
FR;2;2021-07-05;9138;29336;106;0;0;3262158;2197443;7962;21;21
FR;2;2021-07-06;14533;36170;133;0;0;3276691;2233613;8095;21;21
FR;2;2021-07-07;14369;33635;138;0;0;3291060;2267248;8233;21;21
FR;2;2021-07-08;19681;40252;162;0;0;3310741;2307500;8395;21;21
FR;2;2021-07-09;27065;54230;200;1;1;3337806;2361730;8595;22;22
FR;2;2021-07-10;13348;33636;106;0;0;3351154;2395366;8701;22;22
FR;2;2021-07-11;1792;4327;15;0;0;3352946;2399693;8716;22;22
FR;2;2021-07-12;12929;37240;117;0;0;3365875;2436933;8833;22;22
FR;2;2021-07-13;37072;53203;150;0;0;3402947;2490136;8983;22;22
FR;2;2021-07-14;6564;3571;15;0;0;3409511;2493707;8998;22;22
FR;2;2021-07-15;47177;46990;155;0;0;3456688;2540697;9153;22;22
FR;2;2021-07-16;64274;55796;187;0;0;3520962;2596493;9340;22;22
FR;2;2021-07-17;31556;23922;96;0;0;3552518;2620415;9436;22;22
FR;2;2021-07-18;6065;4926;19;0;0;3558583;2625341;9455;22;22
FR;2;2021-07-19;32945;28690;92;0;0;3591528;2654031;9547;22;22
FR;2;2021-07-20;51944;44539;155;0;0;3643472;2698570;9702;22;22
FR;2;2021-07-21;45199;34782;93;0;0;3688671;2733352;9795;22;22
FR;2;2021-07-22;56223;41069;129;1;1;3744894;2774421;9924;23;23
FR;2;2021-07-23;68234;49061;170;0;0;3813128;2823482;10094;23;23
FR;2;2021-07-24;36129;21540;82;0;0;3849257;2845022;10176;23;23
FR;2;2021-07-25;6712;2676;10;0;0;3855969;2847698;10186;23;23
FR;2;2021-07-26;36240;22479;91;1;1;3892209;2870177;10277;24;24
FR;2;2021-07-27;62302;34606;180;0;0;3954511;2904783;10457;24;24
FR;2;2021-07-28;55239;26456;133;0;0;4009750;2931239;10590;24;24
FR;2;2021-07-29;68366;32725;189;0;0;4078116;2963964;10779;24;24
FR;2;2021-07-30;74340;37741;220;1;1;4152456;3001705;10999;25;25
FR;2;2021-07-31;34700;16147;104;0;0;4187156;3017852;11103;25;25
FR;2;2021-08-01;5348;2297;19;0;0;4192504;3020149;11122;25;25
FR;2;2021-08-02;35789;16145;100;0;0;4228293;3036294;11222;25;25
FR;2;2021-08-03;55903;28230;141;0;0;4284196;3064524;11363;25;25
FR;2;2021-08-04;46623;20819;129;0;0;4330819;3085343;11492;25;25
FR;2;2021-08-05;54602;31527;215;0;0;4385421;3116870;11707;25;25
FR;2;2021-08-06;58022;42317;240;0;0;4443443;3159187;11947;25;25
FR;2;2021-08-07;25098;17578;89;0;0;4468541;3176765;12036;25;25
FR;2;2021-08-08;3816;3669;21;0;0;4472357;3180434;12057;25;25
FR;2;2021-08-09;29251;21119;91;0;0;4501608;3201553;12148;25;25
FR;2;2021-08-10;44933;33503;152;0;0;4546541;3235056;12300;25;25
FR;2;2021-08-11;35221;25124;150;0;0;4581762;3260180;12450;25;25
FR;2;2021-08-12;41840;35680;161;0;0;4623602;3295860;12611;25;25
FR;2;2021-08-13;42547;36346;218;0;0;4666149;3332206;12829;25;25
FR;2;2021-08-14;18490;22528;92;0;0;4684639;3354734;12921;25;25
FR;2;2021-08-15;3498;3838;17;0;0;4688137;3358572;12938;25;25
FR;2;2021-08-16;25046;27308;110;0;0;4713183;3385880;13048;25;25
FR;2;2021-08-17;38220;43475;202;1;1;4751403;3429355;13250;26;26
FR;2;2021-08-18;32212;36373;191;1;1;4783615;3465728;13441;27;27
FR;2;2021-08-19;37395;46536;224;0;0;4821010;3512264;13665;27;27
FR;2;2021-08-20;40530;55451;265;1;1;4861540;3567715;13930;28;28
FR;2;2021-08-21;18100;24235;112;0;0;4879640;3591950;14042;28;28
FR;2;2021-08-22;2895;4305;22;1;1;4882535;3596255;14064;29;29
FR;2;2021-08-23;19208;35103;130;1;1;4901743;3631358;14194;30;30
FR;2;2021-08-24;31896;56000;233;0;0;4933639;3687358;14427;30;30
FR;2;2021-08-25;25893;43383;247;0;0;4959532;3730741;14674;30;30
FR;2;2021-08-26;32325;55637;387;0;0;4991857;3786378;15061;30;30
FR;2;2021-08-27;36973;65369;477;3;3;5028830;3851747;15538;33;33
FR;2;2021-08-28;17795;28334;300;0;0;5046625;3880081;15838;33;33
FR;2;2021-08-29;2647;5071;47;0;0;5049272;3885152;15885;33;33
FR;2;2021-08-30;18384;37758;395;0;754;5067656;3922910;16280;33;787
FR;2;2021-08-31;28044;57440;882;4;1514;5095700;3980350;17162;37;2301
FR;2;2021-09-01;21560;39744;1300;0;2065;5117260;4020094;18462;37;4366
FR;2;2021-09-02;25443;48533;1952;1;3240;5142703;4068627;20414;38;7606
FR;2;2021-09-03;33373;64304;2980;3;4778;5176076;4132931;23394;41;12384
FR;2;2021-09-04;16804;27533;1437;1;2319;5192880;4160464;24831;42;14703
FR;2;2021-09-05;2242;3715;261;0;411;5195122;4164179;25092;42;15114
FR;2;2021-09-06;14014;28719;1767;1;2909;5209136;4192898;26859;43;18023
FR;2;2021-09-07;21076;40975;3019;13;4822;5230212;4233873;29878;56;22845
FR;2;2021-09-08;17208;31900;2727;6;4415;5247420;4265773;32605;62;27260
FR;2;2021-09-09;20951;40369;4421;3;6674;5268371;4306142;37026;65;33934
FR;2;2021-09-10;28179;50943;5272;4;8722;5296550;4357085;42298;69;42656
FR;2;2021-09-11;13632;22007;2400;5;3880;5310182;4379092;44698;74;46536
FR;2;2021-09-12;1816;2833;279;0;491;5311998;4381925;44977;74;47027
FR;2;2021-09-13;11632;21483;2458;4;3979;5323630;4403408;47435;78;51006
FR;2;2021-09-14;18541;32720;5075;13;8994;5342171;4436128;52510;91;60000
FR;2;2021-09-15;14886;28335;5161;3;7802;5357057;4464463;57671;94;67802
FR;2;2021-09-16;16047;32677;6728;14;10493;5373104;4497140;64399;108;78295
FR;2;2021-09-17;20897;46962;8764;10;14558;5394001;4544102;73163;118;92853
FR;2;2021-09-18;9840;20824;3797;6;6013;5403841;4564926;76960;124;98866
FR;2;2021-09-19;1165;2716;395;0;658;5405006;4567642;77355;124;99524
FR;2;2021-09-20;7468;18841;3842;7;6165;5412474;4586483;81197;131;105689
FR;2;2021-09-21;11198;29984;6488;5;10729;5423672;4616467;87685;136;116418
FR;2;2021-09-22;9389;23516;5484;7;8500;5433061;4639983;93169;143;124918
FR;2;2021-09-23;10698;28850;7869;9;12620;5443759;4668833;101038;152;137538
FR;2;2021-09-24;15044;42685;10859;18;17149;5458803;4711518;111897;170;154687
FR;2;2021-09-25;7251;18572;3958;9;6059;5466054;4730090;115855;179;160746
FR;2;2021-09-26;1076;2575;493;0;627;5467130;4732665;116348;179;161373
FR;2;2021-09-27;6303;16449;4277;6;6553;5473433;4749114;120625;185;167926
FR;2;2021-09-28;9230;25501;7753;13;12058;5482663;4774615;128378;198;179984
FR;2;2021-09-29;8067;20201;6058;24;9267;5490730;4794816;134436;222;189251
FR;2;2021-09-30;9859;25694;9487;15;14064;5500589;4820510;143923;237;203315
FR;2;2021-10-01;13962;35441;12898;24;19162;5514551;4855951;156821;261;222477
FR;2;2021-10-02;6861;15802;4845;6;7001;5521412;4871753;161666;267;229478
FR;2;2021-10-03;838;2011;490;1;520;5522250;4873764;162156;268;229998
FR;2;2021-10-04;5829;13965;5510;5;7876;5528079;4887729;167666;273;237874
FR;2;2021-10-05;9041;22481;11117;19;15684;5537120;4910210;178783;292;253558
FR;2;2021-10-06;7757;17718;8230;11;11045;5544877;4927928;187013;303;264603
FR;2;2021-10-07;9183;22093;12363;15;16806;5554060;4950021;199376;318;281409
FR;2;2021-10-08;13416;31915;17326;27;23468;5567476;4981936;216702;345;304877
FR;2;2021-10-09;5992;12709;6036;6;7842;5573468;4994645;222738;351;312719
FR;2;2021-10-10;884;1676;433;2;639;5574352;4996321;223171;353;313358
FR;2;2021-10-11;5595;11654;6449;17;8831;5579947;5007975;229620;370;322189
FR;2;2021-10-12;8035;17720;12517;13;16707;5587982;5025695;242137;383;338896
FR;2;2021-10-13;6930;14823;10236;11;13596;5594912;5040518;252373;394;352492
FR;2;2021-10-14;8311;17863;14976;13;19424;5603223;5058381;267349;407;371916
FR;2;2021-10-15;11832;26184;20885;26;27899;5615055;5084565;288234;433;399815
FR;2;2021-10-16;5137;8710;1813;0;3209;5620192;5093275;290047;433;403024
FR;2;2021-10-17;648;1215;183;0;376;5620840;5094490;290230;433;403400
FR;2;2021-10-18;4552;7498;656;2;1689;5625392;5101988;290886;435;405089
FR;2;2021-10-19;6231;9970;723;5;2107;5631623;5111958;291609;440;407196
FR;2;2021-10-20;5157;8117;753;3;1678;5636780;5120075;292362;443;408874
FR;2;2021-10-21;6087;9897;772;5;2054;5642867;5129972;293134;448;410928
FR;2;2021-10-22;8439;14466;1129;4;2831;5651306;5144438;294263;452;413759
FR;2;2021-10-23;3833;5947;574;0;1224;5655139;5150385;294837;452;414983
FR;2;2021-10-24;492;895;99;0;195;5655631;5151280;294936;452;415178
FR;2;2021-10-25;3353;5409;286;1;821;5658984;5156689;295222;453;415999
FR;2;2021-10-26;4168;7215;1104;4;1972;5663152;5163904;296326;457;417971
FR;2;2021-10-27;3663;6643;1180;5;1989;5666815;5170547;297506;462;419960
FR;2;2021-10-28;4587;7645;1710;3;2697;5671402;5178192;299216;465;422657
FR;2;2021-10-29;5400;11021;2427;4;3630;5676802;5189213;301643;469;426287
FR;2;2021-10-30;2744;4381;969;1;1414;5679546;5193594;302612;470;427701
FR;2;2021-10-31;364;569;136;1;184;5679910;5194163;302748;471;427885
FR;2;2021-11-01;414;574;163;0;258;5680324;5194737;302911;471;428143
FR;2;2021-11-02;3290;6736;1173;0;1745;5683614;5201473;304084;471;429888
FR;2;2021-11-03;3332;6243;1370;2;1942;5686946;5207716;305454;473;431830
FR;2;2021-11-04;3980;7110;1748;4;2479;5690926;5214826;307202;477;434309
FR;2;2021-11-05;5221;10446;2850;5;3922;5696147;5225272;310052;482;438231
FR;2;2021-11-06;2588;4599;1392;0;1796;5698735;5229871;311444;482;440027
FR;2;2021-11-07;508;907;211;0;282;5699243;5230778;311655;482;440309
FR;2;2021-11-08;2567;5362;1189;3;1658;5701810;5236140;312844;485;441967
FR;2;2021-11-09;2746;6978;2379;6;3168;5704556;5243118;315223;491;445135
FR;2;2021-11-10;2580;5701;5066;6;6231;5707136;5248819;320289;497;451366
FR;2;2021-11-11;431;745;716;0;884;5707567;5249564;321005;497;452250
FR;2;2021-11-12;2946;8039;8938;8;10859;5710513;5257603;329943;505;463109
FR;2;2021-11-13;1525;3324;3854;7;4505;5712038;5260927;333797;512;467614
FR;2;2021-11-14;251;628;345;1;494;5712289;5261555;334142;513;468108
FR;2;2021-11-15;1618;3776;4419;9;5337;5713907;5265331;338561;522;473445
FR;2;2021-11-16;2181;5991;8272;14;10068;5716088;5271322;346833;536;483513
FR;2;2021-11-17;1730;4582;6598;8;7837;5717818;5275904;353431;544;491350
FR;2;2021-11-18;2182;5919;9156;10;10973;5720000;5281823;362587;554;502323
FR;2;2021-11-19;2703;7811;12935;19;15445;5722703;5289634;375522;573;517768
FR;2;2021-11-20;1559;3302;5151;5;6035;5724262;5292936;380673;578;523803
FR;2;2021-11-21;244;546;529;0;673;5724506;5293482;381202;578;524476
FR;2;2021-11-22;1274;2675;4445;5;5390;5725780;5296157;385647;583;529866
FR;2;2021-11-23;1608;4348;8173;9;9885;5727388;5300505;393820;592;539751
FR;2;2021-11-24;1421;3830;7443;15;8710;5728809;5304335;401263;607;548461
FR;2;2021-11-25;1812;4881;11430;21;13624;5730621;5309216;412693;628;562085
FR;2;2021-11-26;2530;7782;22615;31;26059;5733151;5316998;435308;659;588144
FR;2;2021-11-27;1497;4126;12244;18;13996;5734648;5321124;447552;677;602140
FR;2;2021-11-28;293;833;1961;3;2295;5734941;5321957;449513;680;604435
FR;2;2021-11-29;1447;4412;15046;23;17238;5736388;5326369;464559;703;621673
FR;2;2021-11-30;1906;6788;26198;36;29976;5738294;5333157;490757;739;651649
FR;2;2021-12-01;1908;6093;26148;29;29477;5740202;5339250;516905;768;681126
FR;2;2021-12-02;1910;6828;37659;51;41930;5742112;5346078;554564;819;723056
FR;2;2021-12-03;2546;10093;53552;112;59322;5744658;5356171;608116;931;782378
FR;2;2021-12-04;1846;6245;37062;38;40733;5746504;5362416;645178;969;823111
FR;2;2021-12-05;459;2308;14241;13;15999;5746963;5364724;659419;982;839110
FR;2;2021-12-06;2453;9885;77649;109;84745;5749416;5374609;737068;1091;923855
FR;2;2021-12-07;3439;15323;122362;238;133708;5752855;5389932;859430;1329;1057563
FR;2;2021-12-08;3718;16084;133113;329;145422;5756573;5406016;992543;1658;1202985
FR;2;2021-12-09;4543;19605;170054;554;185582;5761116;5425621;1162597;2212;1388567
FR;2;2021-12-10;4660;22794;188539;489;206105;5765776;5448415;1351136;2701;1594672
FR;2;2021-12-11;3683;16586;132390;237;144883;5769459;5465001;1483526;2938;1739555
FR;2;2021-12-12;1259;7148;59051;83;65152;5770718;5472149;1542577;3021;1804707
FR;2;2021-12-13;5518;26920;220597;604;243204;5776236;5499069;1763174;3625;2047911
FR;2;2021-12-14;7017;37501;300611;905;332378;5783253;5536570;2063785;4530;2380289
FR;2;2021-12-15;6565;36252;285071;955;316061;5789818;5572822;2348856;5485;2696350
FR;2;2021-12-16;7771;37930;312009;981;343939;5797589;5610752;2660865;6466;3040289
FR;2;2021-12-17;8691;41200;327720;975;361158;5806280;5651952;2988585;7441;3401447
FR;2;2021-12-18;6518;26551;212267;448;233760;5812798;5678503;3200852;7889;3635207
FR;2;2021-12-19;2602;11538;90176;180;100443;5815400;5690041;3291028;8069;3735650
FR;2;2021-12-20;9555;33637;275061;705;303571;5824955;5723678;3566089;8774;4039221
FR;2;2021-12-21;11552;38302;309498;967;341672;5836507;5761980;3875587;9741;4380893
FR;2;2021-12-22;10462;32891;264980;951;292879;5846969;5794871;4140567;10692;4673772
FR;2;2021-12-23;9425;26700;199394;700;221531;5856394;5821571;4339961;11392;4895303
FR;2;2021-12-24;2779;7512;43831;140;49680;5859173;5829083;4383792;11532;4944983
FR;2;2021-12-25;201;713;1998;10;2518;5859374;5829796;4385790;11542;4947501
FR;2;2021-12-26;1321;4220;25131;71;28750;5860695;5834016;4410921;11613;4976251
FR;2;2021-12-27;8074;29931;218315;656;243654;5868769;5863947;4629236;12269;5219905
FR;2;2021-12-28;9847;36357;271991;739;302957;5878616;5900304;4901227;13008;5522862
FR;2;2021-12-29;9494;32283;246028;764;273813;5888110;5932587;5147255;13772;5796675
FR;2;2021-12-30;9458;28113;208743;661;232641;5897568;5960700;5355998;14433;6029316
FR;2;2021-12-31;3008;8397;54955;176;61650;5900576;5969097;5410953;14609;6090966
FR;2;2022-01-01;225;680;2843;7;3357;5900801;5969777;5413796;14616;6094323
FR;2;2022-01-02;1505;4856;29488;74;33601;5902306;5974633;5443284;14690;6127924
FR;2;2022-01-03;9572;35324;266416;806;295526;5911878;6009957;5709700;15496;6423450
FR;2;2022-01-04;12833;45345;341958;1065;379459;5924711;6055302;6051658;16561;6802909
FR;2;2022-01-05;11259;38670;294045;884;326033;5935970;6093972;6345703;17445;7128942
FR;2;2022-01-06;13651;43436;331782;1296;367709;5949621;6137408;6677485;18741;7496651
FR;2;2022-01-07;14224;47633;360925;1269;399604;5963845;6185041;7038410;20010;7896255
FR;2;2022-01-08;7930;28145;201156;511;223193;5971775;6213186;7239566;20521;8119448
FR;2;2022-01-09;2736;9031;62485;137;70017;5974511;6222217;7302051;20658;8189465
FR;2;2022-01-10;10071;31905;232360;857;257524;5984582;6254122;7534411;21515;8446989
FR;2;2022-01-11;11451;36230;265771;1026;294037;5996033;6290352;7800182;22541;8741026
FR;2;2022-01-12;8746;29824;206171;861;229079;6004779;6320176;8006353;23402;8970105
FR;2;2022-01-13;9375;31297;224333;828;248287;6014154;6351473;8230686;24230;9218392
FR;2;2022-01-14;9715;35674;254383;917;281725;6023869;6387147;8485069;25147;9500117
FR;2;2022-01-15;5355;19422;140687;357;155512;6029224;6406569;8625756;25504;9655629
FR;2;2022-01-16;1508;5555;35842;79;40268;6030732;6412124;8661598;25583;9695897
FR;2;2022-01-17;5534;19319;135328;601;149581;6036266;6431443;8796926;26184;9845478
FR;2;2022-01-18;6406;21552;148502;647;163787;6042672;6452995;8945428;26831;10009265
FR;2;2022-01-19;4374;16411;105001;550;116118;6047046;6469406;9050429;27381;10125383
FR;2;2022-01-20;4834;17582;115178;594;126780;6051880;6486988;9165607;27975;10252163
FR;2;2022-01-21;5185;20051;137221;677;151202;6057065;6507039;9302828;28652;10403365
FR;2;2022-01-22;3023;10954;74150;258;81691;6060088;6517993;9376978;28910;10485056
FR;2;2022-01-23;718;2750;15210;41;17056;6060806;6520743;9392188;28951;10502112
FR;2;2022-01-24;3291;12811;74970;427;82958;6064097;6533554;9467158;29378;10585070
FR;2;2022-01-25;3565;14467;79542;496;88364;6067662;6548021;9546700;29874;10673434
FR;2;2022-01-26;2501;10643;58845;361;64913;6070163;6558664;9605545;30235;10738347
FR;2;2022-01-27;2661;11156;63919;380;70159;6072824;6569820;9669464;30615;10808506
FR;2;2022-01-28;3529;18418;91597;428;102345;6076353;6588238;9761061;31043;10910851
FR;2;2022-01-29;1894;9240;48687;160;54147;6078247;6597478;9809748;31203;10964998
FR;2;2022-01-30;460;2249;9425;37;10784;6078707;6599727;9819173;31240;10975782
FR;2;2022-01-31;1879;9600;43750;208;49164;6080586;6609327;9862923;31448;11024946
FR;2;2022-02-01;1880;9990;46723;275;52493;6082466;6619317;9909646;31723;11077439
FR;2;2022-02-02;1598;8969;40720;241;45941;6084064;6628286;9950366;31964;11123380
FR;2;2022-02-03;1700;8872;40039;200;45035;6085764;6637158;9990405;32164;11168415
FR;2;2022-02-04;2122;15078;65843;292;74132;6087886;6652236;10056248;32456;11242547
FR;2;2022-02-05;1341;8471;35689;132;40316;6089227;6660707;10091937;32588;11282863
FR;2;2022-02-06;267;1764;6053;16;7025;6089494;6662471;10097990;32604;11289888
FR;2;2022-02-07;1314;9442;37094;131;42403;6090808;6671913;10135084;32735;11332291
FR;2;2022-02-08;1261;9620;40276;166;45681;6092069;6681533;10175360;32901;11377972
FR;2;2022-02-09;1126;8582;36201;160;41369;6093195;6690115;10211561;33061;11419341
FR;3;2020-12-27;0;0;0;0;0;0;0;0;0;0
FR;3;2020-12-28;0;0;0;0;0;0;0;0;0;0
FR;3;2020-12-29;0;0;0;0;0;0;0;0;0;0
FR;3;2020-12-30;0;0;0;0;0;0;0;0;0;0
FR;3;2020-12-31;0;0;0;0;0;0;0;0;0;0
FR;3;2021-01-01;0;0;0;0;0;0;0;0;0;0
FR;3;2021-01-02;0;0;0;0;0;0;0;0;0;0
FR;3;2021-01-03;0;0;0;0;0;0;0;0;0;0
FR;3;2021-01-04;0;0;0;0;0;0;0;0;0;0
FR;3;2021-01-05;0;0;0;0;0;0;0;0;0;0
FR;3;2021-01-06;0;0;0;0;0;0;0;0;0;0
FR;3;2021-01-07;0;0;0;0;0;0;0;0;0;0
FR;3;2021-01-08;0;0;0;0;0;0;0;0;0;0
FR;3;2021-01-09;0;0;0;0;0;0;0;0;0;0
FR;3;2021-01-10;0;0;0;0;0;0;0;0;0;0
FR;3;2021-01-11;0;0;0;0;0;0;0;0;0;0
FR;3;2021-01-12;0;0;0;0;0;0;0;0;0;0
FR;3;2021-01-13;0;0;0;0;0;0;0;0;0;0
FR;3;2021-01-14;0;0;0;0;0;0;0;0;0;0
FR;3;2021-01-15;0;0;0;0;0;0;0;0;0;0
FR;3;2021-01-16;0;0;0;0;0;0;0;0;0;0
FR;3;2021-01-17;0;0;0;0;0;0;0;0;0;0
FR;3;2021-01-18;0;0;0;0;0;0;0;0;0;0
FR;3;2021-01-19;0;0;0;0;0;0;0;0;0;0
FR;3;2021-01-20;0;0;0;0;0;0;0;0;0;0
FR;3;2021-01-21;0;0;0;0;0;0;0;0;0;0
FR;3;2021-01-22;0;0;0;0;0;0;0;0;0;0
FR;3;2021-01-23;0;0;0;0;0;0;0;0;0;0
FR;3;2021-01-24;0;0;0;0;0;0;0;0;0;0
FR;3;2021-01-25;0;0;0;0;0;0;0;0;0;0
FR;3;2021-01-26;0;0;0;0;0;0;0;0;0;0
FR;3;2021-01-27;0;0;0;0;0;0;0;0;0;0
FR;3;2021-01-28;0;0;0;0;0;0;0;0;0;0
FR;3;2021-01-29;0;0;0;0;0;0;0;0;0;0
FR;3;2021-01-30;0;0;0;0;0;0;0;0;0;0
FR;3;2021-01-31;0;0;0;0;0;0;0;0;0;0
FR;3;2021-02-01;0;0;0;0;0;0;0;0;0;0
FR;3;2021-02-02;0;0;0;0;0;0;0;0;0;0
FR;3;2021-02-03;0;0;0;0;0;0;0;0;0;0
FR;3;2021-02-04;0;0;0;0;0;0;0;0;0;0
FR;3;2021-02-05;0;0;0;0;0;0;0;0;0;0
FR;3;2021-02-06;1716;0;0;0;0;1716;0;0;0;0
FR;3;2021-02-07;1418;0;0;0;0;3134;0;0;0;0
FR;3;2021-02-08;2774;0;0;0;0;5908;0;0;0;0
FR;3;2021-02-09;6775;0;0;0;0;12683;0;0;0;0
FR;3;2021-02-10;9595;0;0;0;0;22278;0;0;0;0
FR;3;2021-02-11;13598;0;0;0;0;35876;0;0;0;0
FR;3;2021-02-12;13381;0;0;0;0;49257;0;0;0;0
FR;3;2021-02-13;3770;0;0;0;0;53027;0;0;0;0
FR;3;2021-02-14;972;0;0;0;0;53999;0;0;0;0
FR;3;2021-02-15;10465;0;0;0;0;64464;0;0;0;0
FR;3;2021-02-16;12536;0;0;0;0;77000;0;0;0;0
FR;3;2021-02-17;11134;0;0;0;0;88134;0;0;0;0
FR;3;2021-02-18;14930;0;0;0;0;103064;0;0;0;0
FR;3;2021-02-19;14344;0;0;0;0;117408;0;0;0;0
FR;3;2021-02-20;3327;0;0;0;0;120735;0;0;0;0
FR;3;2021-02-21;615;0;0;0;0;121350;0;0;0;0
FR;3;2021-02-22;9155;0;0;0;0;130505;0;0;0;0
FR;3;2021-02-23;11383;0;0;0;0;141888;0;0;0;0
FR;3;2021-02-24;14291;0;0;0;0;156179;0;0;0;0
FR;3;2021-02-25;44921;0;0;0;0;201100;0;0;0;0
FR;3;2021-02-26;61875;0;0;0;0;262975;0;0;0;0
FR;3;2021-02-27;34790;5;0;0;0;297765;5;0;0;0
FR;3;2021-02-28;2464;0;0;0;0;300229;5;0;0;0
FR;3;2021-03-01;20483;9;0;0;0;320712;14;0;0;0
FR;3;2021-03-02;38849;10;0;0;0;359561;24;0;0;0
FR;3;2021-03-03;48718;13;0;0;0;408279;37;0;0;0
FR;3;2021-03-04;82200;18;0;0;0;490479;55;0;0;0
FR;3;2021-03-05;118108;35;0;0;0;608587;90;0;0;0
FR;3;2021-03-06;120712;46;1;0;0;729299;136;1;0;0
FR;3;2021-03-07;55177;25;0;0;0;784476;161;1;0;0
FR;3;2021-03-08;42799;20;0;0;0;827275;181;1;0;0
FR;3;2021-03-09;78963;31;0;0;0;906238;212;1;0;0
FR;3;2021-03-10;80949;37;0;0;0;987187;249;1;0;0
FR;3;2021-03-11;128405;43;0;0;0;1115592;292;1;0;0
FR;3;2021-03-12;182720;65;0;0;0;1298312;357;1;0;0
FR;3;2021-03-13;132140;48;0;0;0;1430452;405;1;0;0
FR;3;2021-03-14;14051;4;0;0;0;1444503;409;1;0;0
FR;3;2021-03-15;52198;31;0;0;0;1496701;440;1;0;0
FR;3;2021-03-16;1202;14;0;0;0;1497903;454;1;0;0
FR;3;2021-03-17;938;7;0;0;0;1498841;461;1;0;0
FR;3;2021-03-18;1552;3;0;0;0;1500393;464;1;0;0
FR;3;2021-03-19;70435;34;0;0;0;1570828;498;1;0;0
FR;3;2021-03-20;65221;36;0;0;0;1636049;534;1;0;0
FR;3;2021-03-21;5750;4;0;0;0;1641799;538;1;0;0
FR;3;2021-03-22;37484;32;0;0;0;1679283;570;1;0;0
FR;3;2021-03-23;84634;48;0;0;0;1763917;618;1;0;0
FR;3;2021-03-24;90918;84;0;0;0;1854835;702;1;0;0
FR;3;2021-03-25;150031;113;0;0;0;2004866;815;1;0;0
FR;3;2021-03-26;165404;146;0;0;0;2170270;961;1;0;0
FR;3;2021-03-27;68455;87;0;0;0;2238725;1048;1;0;0
FR;3;2021-03-28;6467;19;0;0;0;2245192;1067;1;0;0
FR;3;2021-03-29;54142;56;0;0;0;2299334;1123;1;0;0
FR;3;2021-03-30;93154;87;0;0;0;2392488;1210;1;0;0
FR;3;2021-03-31;63507;80;0;0;0;2455995;1290;1;0;0
FR;3;2021-04-01;86115;92;0;0;0;2542110;1382;1;0;0
FR;3;2021-04-02;86882;142;0;0;0;2628992;1524;1;0;0
FR;3;2021-04-03;35862;109;0;0;0;2664854;1633;1;0;0
FR;3;2021-04-04;3566;14;0;0;0;2668420;1647;1;0;0
FR;3;2021-04-05;4474;20;0;0;0;2672894;1667;1;0;0
FR;3;2021-04-06;29727;72;0;0;0;2702621;1739;1;0;0
FR;3;2021-04-07;32324;58;0;0;0;2734945;1797;1;0;0
FR;3;2021-04-08;78797;228;0;0;0;2813742;2025;1;0;0
FR;3;2021-04-09;161723;403;0;0;0;2975465;2428;1;0;0
FR;3;2021-04-10;75740;327;0;0;0;3051205;2755;1;0;0
FR;3;2021-04-11;7298;43;0;0;0;3058503;2798;1;0;0
FR;3;2021-04-12;51461;195;0;0;0;3109964;2993;1;0;0
FR;3;2021-04-13;86207;307;0;0;0;3196171;3300;1;0;0
FR;3;2021-04-14;67819;336;0;0;0;3263990;3636;1;0;0
FR;3;2021-04-15;93218;361;0;0;0;3357208;3997;1;0;0
FR;3;2021-04-16;112512;560;0;0;0;3469720;4557;1;0;0
FR;3;2021-04-17;53305;315;1;0;0;3523025;4872;2;0;0
FR;3;2021-04-18;9735;32;0;0;0;3532760;4904;2;0;0
FR;3;2021-04-19;25091;227;0;0;0;3557851;5131;2;0;0
FR;3;2021-04-20;45655;386;0;0;0;3603506;5517;2;0;0
FR;3;2021-04-21;38952;441;0;0;0;3642458;5958;2;0;0
FR;3;2021-04-22;54688;773;0;0;0;3697146;6731;2;0;0
FR;3;2021-04-23;70467;1003;0;0;0;3767613;7734;2;0;0
FR;3;2021-04-24;37231;964;0;0;0;3804844;8698;2;0;0
FR;3;2021-04-25;6195;152;0;0;0;3811039;8850;2;0;0
FR;3;2021-04-26;19768;646;0;0;0;3830807;9496;2;0;0
FR;3;2021-04-27;34454;1238;0;0;0;3865261;10734;2;0;0
FR;3;2021-04-28;28940;1918;0;0;0;3894201;12652;2;0;0
FR;3;2021-04-29;45362;5935;0;0;0;3939563;18587;2;0;0
FR;3;2021-04-30;55449;8906;1;0;0;3995012;27493;3;0;0
FR;3;2021-05-01;9502;1959;0;0;0;4004514;29452;3;0;0
FR;3;2021-05-02;3065;496;0;0;0;4007579;29948;3;0;0
FR;3;2021-05-03;13046;3875;0;0;0;4020625;33823;3;0;0
FR;3;2021-05-04;23091;8391;0;0;0;4043716;42214;3;0;0
FR;3;2021-05-05;18730;10555;0;0;0;4062446;52769;3;0;0
FR;3;2021-05-06;34599;20859;0;0;0;4097045;73628;3;0;0
FR;3;2021-05-07;44195;28344;0;0;0;4141240;101972;3;0;0
FR;3;2021-05-08;6771;8841;0;0;0;4148011;110813;3;0;0
FR;3;2021-05-09;1781;2646;0;0;0;4149792;113459;3;0;0
FR;3;2021-05-10;14964;12533;0;0;0;4164756;125992;3;0;0
FR;3;2021-05-11;27072;25681;0;0;0;4191828;151673;3;0;0
FR;3;2021-05-12;17253;27405;0;0;0;4209081;179078;3;0;0
FR;3;2021-05-13;2266;3475;0;0;0;4211347;182553;3;0;0
FR;3;2021-05-14;14499;25693;0;0;0;4225846;208246;3;0;0
FR;3;2021-05-15;7219;20705;0;0;0;4233065;228951;3;0;0
FR;3;2021-05-16;963;2674;0;0;0;4234028;231625;3;0;0
FR;3;2021-05-17;7941;19877;0;0;0;4241969;251502;3;0;0
FR;3;2021-05-18;13388;29600;0;0;0;4255357;281102;3;0;0
FR;3;2021-05-19;9245;31802;0;0;0;4264602;312904;3;0;0
FR;3;2021-05-20;12786;53138;2;0;0;4277388;366042;5;0;0
FR;3;2021-05-21;12739;65440;2;0;0;4290127;431482;7;0;0
FR;3;2021-05-22;4950;33249;1;0;0;4295077;464731;8;0;0
FR;3;2021-05-23;643;2660;0;0;0;4295720;467391;8;0;0
FR;3;2021-05-24;854;4910;0;0;0;4296574;472301;8;0;0
FR;3;2021-05-25;5271;45111;1;0;0;4301845;517412;9;0;0
FR;3;2021-05-26;4947;50983;1;0;0;4306792;568395;10;0;0
FR;3;2021-05-27;6299;77723;3;0;0;4313091;646118;13;0;0
FR;3;2021-05-28;7526;98981;2;0;0;4320617;745099;15;0;0
FR;3;2021-05-29;3327;60213;1;0;0;4323944;805312;16;0;0
FR;3;2021-05-30;539;8233;0;0;0;4324483;813545;16;0;0
FR;3;2021-05-31;2402;35943;3;0;0;4326885;849488;19;0;0
FR;3;2021-06-01;3358;64731;10;0;0;4330243;914219;29;0;0
FR;3;2021-06-02;2704;58265;6;0;0;4332947;972484;35;0;0
FR;3;2021-06-03;3476;87472;10;0;0;4336423;1059956;45;0;0
FR;3;2021-06-04;4081;105000;22;0;0;4340504;1164956;67;0;0
FR;3;2021-06-05;1947;52193;4;0;0;4342451;1217149;71;0;0
FR;3;2021-06-06;488;5393;1;0;0;4342939;1222542;72;0;0
FR;3;2021-06-07;1436;31135;11;0;0;4344375;1253677;83;0;0
FR;3;2021-06-08;2018;47215;18;0;0;4346393;1300892;101;0;0
FR;3;2021-06-09;1761;42349;13;0;0;4348154;1343241;114;0;0
FR;3;2021-06-10;2221;67912;17;0;0;4350375;1411153;131;0;0
FR;3;2021-06-11;2453;96691;34;0;0;4352828;1507844;165;0;0
FR;3;2021-06-12;1150;40801;6;0;0;4353978;1548645;171;0;0
FR;3;2021-06-13;268;3818;2;0;0;4354246;1552463;173;0;0
FR;3;2021-06-14;1025;42609;17;0;0;4355271;1595072;190;0;0
FR;3;2021-06-15;1356;80597;20;0;0;4356627;1675669;210;0;0
FR;3;2021-06-16;1235;65704;19;0;0;4357862;1741373;229;0;0
FR;3;2021-06-17;1629;101730;41;0;0;4359491;1843103;270;0;0
FR;3;2021-06-18;1856;117795;59;0;0;4361347;1960898;329;0;0
FR;3;2021-06-19;785;39358;22;0;0;4362132;2000256;351;0;0
FR;3;2021-06-20;148;3376;0;0;0;4362280;2003632;351;0;0
FR;3;2021-06-21;748;39242;16;0;0;4363028;2042874;367;0;0
FR;3;2021-06-22;1048;69946;52;0;0;4364076;2112820;419;0;0
FR;3;2021-06-23;929;50782;38;0;0;4365005;2163602;457;0;0
FR;3;2021-06-24;1283;77113;48;0;0;4366288;2240715;505;0;0
FR;3;2021-06-25;1387;89870;71;0;0;4367675;2330585;576;0;0
FR;3;2021-06-26;615;33096;27;0;0;4368290;2363681;603;0;0
FR;3;2021-06-27;156;4020;1;0;0;4368446;2367701;604;0;0
FR;3;2021-06-28;632;30420;27;0;0;4369078;2398121;631;0;0
FR;3;2021-06-29;839;56109;95;0;0;4369917;2454230;726;0;0
FR;3;2021-06-30;884;45050;93;0;0;4370801;2499280;819;0;0
FR;3;2021-07-01;1141;65598;108;0;0;4371942;2564878;927;0;0
FR;3;2021-07-02;1282;90348;170;0;0;4373224;2655226;1097;0;0
FR;3;2021-07-03;597;31156;52;0;0;4373821;2686382;1149;0;0
FR;3;2021-07-04;132;4274;3;0;0;4373953;2690656;1152;0;0
FR;3;2021-07-05;590;33893;60;0;0;4374543;2724549;1212;0;0
FR;3;2021-07-06;937;56065;88;0;0;4375480;2780614;1300;0;0
FR;3;2021-07-07;851;43028;80;0;0;4376331;2823642;1380;0;0
FR;3;2021-07-08;1109;60701;99;0;0;4377440;2884343;1479;0;0
FR;3;2021-07-09;1250;68774;128;0;0;4378690;2953117;1607;0;0
FR;3;2021-07-10;625;25032;59;0;0;4379315;2978149;1666;0;0
FR;3;2021-07-11;120;3308;4;0;0;4379435;2981457;1670;0;0
FR;3;2021-07-12;643;23900;59;0;0;4380078;3005357;1729;0;0
FR;3;2021-07-13;1632;34726;90;0;0;4381710;3040083;1819;0;0
FR;3;2021-07-14;246;2643;2;0;0;4381956;3042726;1821;0;0
FR;3;2021-07-15;1917;30662;86;0;0;4383873;3073388;1907;0;0
FR;3;2021-07-16;2509;38871;122;0;0;4386382;3112259;2029;0;0
FR;3;2021-07-17;1033;13736;26;0;0;4387415;3125995;2055;0;0
FR;3;2021-07-18;256;2607;3;0;0;4387671;3128602;2058;0;0
FR;3;2021-07-19;1256;17216;37;0;0;4388927;3145818;2095;0;0
FR;3;2021-07-20;1803;27152;98;0;0;4390730;3172970;2193;0;0
FR;3;2021-07-21;1627;19728;45;0;0;4392357;3192698;2238;0;0
FR;3;2021-07-22;1826;27764;81;0;0;4394183;3220462;2319;0;0
FR;3;2021-07-23;2187;30451;117;0;0;4396370;3250913;2436;0;0
FR;3;2021-07-24;815;7008;24;0;0;4397185;3257921;2460;0;0
FR;3;2021-07-25;204;1349;1;0;0;4397389;3259270;2461;0;0
FR;3;2021-07-26;901;10708;29;0;0;4398290;3269978;2490;0;0
FR;3;2021-07-27;1151;16956;56;0;0;4399441;3286934;2546;0;0
FR;3;2021-07-28;968;12111;40;0;0;4400409;3299045;2586;0;0
FR;3;2021-07-29;1112;15851;63;0;0;4401521;3314896;2649;0;0
FR;3;2021-07-30;1114;18092;79;0;0;4402635;3332988;2728;0;0
FR;3;2021-07-31;396;3745;15;0;0;4403031;3336733;2743;0;0
FR;3;2021-08-01;99;481;1;0;0;4403130;3337214;2744;0;0
FR;3;2021-08-02;401;5156;22;0;0;4403531;3342370;2766;0;0
FR;3;2021-08-03;478;7587;26;0;0;4404009;3349957;2792;0;0
FR;3;2021-08-04;427;4887;26;0;0;4404436;3354844;2818;0;0
FR;3;2021-08-05;417;3745;12;0;0;4404853;3358589;2830;0;0
FR;3;2021-08-06;442;4780;30;0;0;4405295;3363369;2860;0;0
FR;3;2021-08-07;207;1918;11;0;0;4405502;3365287;2871;0;0
FR;3;2021-08-08;231;422;2;0;0;4405733;3365709;2873;0;0
FR;3;2021-08-09;291;2522;11;0;0;4406024;3368231;2884;0;0
FR;3;2021-08-10;345;3886;15;0;0;4406369;3372117;2899;0;0
FR;3;2021-08-11;256;2716;15;0;0;4406625;3374833;2914;0;0
FR;3;2021-08-12;259;2620;12;0;0;4406884;3377453;2926;0;0
FR;3;2021-08-13;265;2245;16;0;0;4407149;3379698;2942;0;0
FR;3;2021-08-14;164;930;1;0;0;4407313;3380628;2943;0;0
FR;3;2021-08-15;48;161;0;0;0;4407361;3380789;2943;0;0
FR;3;2021-08-16;116;1091;8;0;0;4407477;3381880;2951;0;0
FR;3;2021-08-17;175;1493;8;0;0;4407652;3383373;2959;0;0
FR;3;2021-08-18;182;1343;8;0;0;4407834;3384716;2967;0;0
FR;3;2021-08-19;154;1425;10;0;0;4407988;3386141;2977;0;0
FR;3;2021-08-20;157;1626;16;0;0;4408145;3387767;2993;0;0
FR;3;2021-08-21;86;580;2;0;0;4408231;3388347;2995;0;0
FR;3;2021-08-22;34;172;1;0;0;4408265;3388519;2996;0;0
FR;3;2021-08-23;136;920;7;0;0;4408401;3389439;3003;0;0
FR;3;2021-08-24;119;955;10;0;0;4408520;3390394;3013;0;0
FR;3;2021-08-25;125;833;2;0;0;4408645;3391227;3015;0;0
FR;3;2021-08-26;162;873;9;0;0;4408807;3392100;3024;0;0
FR;3;2021-08-27;166;955;9;0;0;4408973;3393055;3033;0;0
FR;3;2021-08-28;93;356;3;0;0;4409066;3393411;3036;0;0
FR;3;2021-08-29;106;124;1;0;0;4409172;3393535;3037;0;0
FR;3;2021-08-30;90;589;0;0;142;4409262;3394124;3037;0;142
FR;3;2021-08-31;118;711;7;0;163;4409380;3394835;3044;0;305
FR;3;2021-09-01;101;467;5;0;122;4409481;3395302;3049;0;427
FR;3;2021-09-02;92;620;21;0;126;4409573;3395922;3070;0;553
FR;3;2021-09-03;103;588;17;0;139;4409676;3396510;3087;0;692
FR;3;2021-09-04;47;283;3;0;60;4409723;3396793;3090;0;752
FR;3;2021-09-05;44;59;5;0;31;4409767;3396852;3095;0;783
FR;3;2021-09-06;99;399;4;0;156;4409866;3397251;3099;0;939
FR;3;2021-09-07;104;482;15;0;137;4409970;3397733;3114;0;1076
FR;3;2021-09-08;106;353;2;0;107;4410076;3398086;3116;0;1183
FR;3;2021-09-09;79;389;8;0;119;4410155;3398475;3124;0;1302
FR;3;2021-09-10;87;420;3;0;108;4410242;3398895;3127;0;1410
FR;3;2021-09-11;57;230;4;0;66;4410299;3399125;3131;0;1476
FR;3;2021-09-12;33;46;1;0;15;4410332;3399171;3132;0;1491
FR;3;2021-09-13;57;330;7;0;121;4410389;3399501;3139;0;1612
FR;3;2021-09-14;62;285;6;0;108;4410451;3399786;3145;0;1720
FR;3;2021-09-15;46;258;3;0;6;4410497;3400044;3148;0;1726
FR;3;2021-09-16;48;332;5;0;5;4410545;3400376;3153;0;1731
FR;3;2021-09-17;44;344;3;0;7;4410589;3400720;3156;0;1738
FR;3;2021-09-18;30;170;1;0;1;4410619;3400890;3157;0;1739
FR;3;2021-09-19;20;29;2;0;1;4410639;3400919;3159;0;1740
FR;3;2021-09-20;74;211;0;0;1;4410713;3401130;3159;0;1741
FR;3;2021-09-21;49;275;6;0;7;4410762;3401405;3165;0;1748
FR;3;2021-09-22;52;220;6;0;7;4410814;3401625;3171;0;1755
FR;3;2021-09-23;27;263;10;0;6;4410841;3401888;3181;0;1761
FR;3;2021-09-24;21;308;12;0;19;4410862;3402196;3193;0;1780
FR;3;2021-09-25;23;155;3;0;3;4410885;3402351;3196;0;1783
FR;3;2021-09-26;14;42;1;0;1;4410899;3402393;3197;0;1784
FR;3;2021-09-27;31;277;2;0;4;4410930;3402670;3199;0;1788
FR;3;2021-09-28;41;256;5;0;9;4410971;3402926;3204;0;1797
FR;3;2021-09-29;28;215;10;0;13;4410999;3403141;3214;0;1810
FR;3;2021-09-30;33;185;7;0;10;4411032;3403326;3221;0;1820
FR;3;2021-10-01;14;165;5;0;6;4411046;3403491;3226;0;1826
FR;3;2021-10-02;12;86;0;0;0;4411058;3403577;3226;0;1826
FR;3;2021-10-03;15;17;1;0;2;4411073;3403594;3227;0;1828
FR;3;2021-10-04;24;152;4;0;4;4411097;3403746;3231;0;1832
FR;3;2021-10-05;10;151;10;0;13;4411107;3403897;3241;0;1845
FR;3;2021-10-06;24;153;7;0;8;4411131;3404050;3248;0;1853
FR;3;2021-10-07;12;134;7;0;7;4411143;3404184;3255;0;1860
FR;3;2021-10-08;18;136;10;0;9;4411161;3404320;3265;0;1869
FR;3;2021-10-09;10;69;1;0;1;4411171;3404389;3266;0;1870
FR;3;2021-10-10;5;11;2;0;2;4411176;3404400;3268;0;1872
FR;3;2021-10-11;12;119;4;0;5;4411188;3404519;3272;0;1877
FR;3;2021-10-12;11;101;4;0;4;4411199;3404620;3276;0;1881
FR;3;2021-10-13;19;106;7;0;5;4411218;3404726;3283;0;1886
FR;3;2021-10-14;12;146;3;0;4;4411230;3404872;3286;0;1890
FR;3;2021-10-15;17;145;7;0;9;4411247;3405017;3293;0;1899
FR;3;2021-10-16;7;74;6;0;8;4411254;3405091;3299;0;1907
FR;3;2021-10-17;6;21;0;0;0;4411260;3405112;3299;0;1907
FR;3;2021-10-18;16;122;2;0;1;4411276;3405234;3301;0;1908
FR;3;2021-10-19;12;117;17;0;19;4411288;3405351;3318;0;1927
FR;3;2021-10-20;16;117;5;0;4;4411304;3405468;3323;0;1931
FR;3;2021-10-21;21;125;17;0;13;4411325;3405593;3340;0;1944
FR;3;2021-10-22;13;120;16;0;20;4411338;3405713;3356;0;1964
FR;3;2021-10-23;11;56;2;0;1;4411349;3405769;3358;0;1965
FR;3;2021-10-24;6;15;0;0;1;4411355;3405784;3358;0;1966
FR;3;2021-10-25;18;148;6;0;6;4411373;3405932;3364;0;1972
FR;3;2021-10-26;13;112;22;0;19;4411386;3406044;3386;0;1991
FR;3;2021-10-27;15;112;9;0;9;4411401;3406156;3395;0;2000
FR;3;2021-10-28;14;128;33;0;36;4411415;3406284;3428;0;2036
FR;3;2021-10-29;8;120;64;0;54;4411423;3406404;3492;0;2090
FR;3;2021-10-30;7;74;11;1;11;4411430;3406478;3503;1;2101
FR;3;2021-10-31;5;18;1;0;1;4411435;3406496;3504;1;2102
FR;3;2021-11-01;4;9;2;0;1;4411439;3406505;3506;1;2103
FR;3;2021-11-02;7;101;8;0;10;4411446;3406606;3514;1;2113
FR;3;2021-11-03;17;113;9;0;9;4411463;3406719;3523;1;2122
FR;3;2021-11-04;14;90;3;0;2;4411477;3406809;3526;1;2124
FR;3;2021-11-05;13;145;8;1;6;4411490;3406954;3534;2;2130
FR;3;2021-11-06;6;63;3;0;3;4411496;3407017;3537;2;2133
FR;3;2021-11-07;6;16;1;0;1;4411502;3407033;3538;2;2134
FR;3;2021-11-08;7;139;7;0;5;4411509;3407172;3545;2;2139
FR;3;2021-11-09;8;152;4;0;5;4411517;3407324;3549;2;2144
FR;3;2021-11-10;10;190;13;0;13;4411527;3407514;3562;2;2157
FR;3;2021-11-11;5;47;3;0;3;4411532;3407561;3565;2;2160
FR;3;2021-11-12;8;161;6;0;4;4411540;3407722;3571;2;2164
FR;3;2021-11-13;4;82;8;0;10;4411544;3407804;3579;2;2174
FR;3;2021-11-14;2;16;0;0;0;4411546;3407820;3579;2;2174
FR;3;2021-11-15;3;196;8;0;6;4411549;3408016;3587;2;2180
FR;3;2021-11-16;2;160;8;0;7;4411551;3408176;3595;2;2187
FR;3;2021-11-17;5;176;10;0;7;4411556;3408352;3605;2;2194
FR;3;2021-11-18;10;181;10;0;11;4411566;3408533;3615;2;2205
FR;3;2021-11-19;5;236;21;0;27;4411571;3408769;3636;2;2232
FR;3;2021-11-20;4;115;4;0;4;4411575;3408884;3640;2;2236
FR;3;2021-11-21;2;26;1;0;1;4411577;3408910;3641;2;2237
FR;3;2021-11-22;8;234;10;0;10;4411585;3409144;3651;2;2247
FR;3;2021-11-23;5;225;15;0;14;4411590;3409369;3666;2;2261
FR;3;2021-11-24;4;253;8;0;16;4411594;3409622;3674;2;2277
FR;3;2021-11-25;7;289;11;0;10;4411601;3409911;3685;2;2287
FR;3;2021-11-26;4;383;32;0;30;4411605;3410294;3717;2;2317
FR;3;2021-11-27;3;177;19;0;21;4411608;3410471;3736;2;2338
FR;3;2021-11-28;2;54;7;0;7;4411610;3410525;3743;2;2345
FR;3;2021-11-29;3;333;19;0;22;4411613;3410858;3762;2;2367
FR;3;2021-11-30;3;425;25;0;28;4411616;3411283;3787;2;2395
FR;3;2021-12-01;15;464;31;0;34;4411631;3411747;3818;2;2429
FR;3;2021-12-02;9;503;33;0;35;4411640;3412250;3851;2;2464
FR;3;2021-12-03;3;581;37;0;38;4411643;3412831;3888;2;2502
FR;3;2021-12-04;3;286;26;0;28;4411646;3413117;3914;2;2530
FR;3;2021-12-05;1;84;6;0;7;4411647;3413201;3920;2;2537
FR;3;2021-12-06;5;523;14;0;16;4411652;3413724;3934;2;2553
FR;3;2021-12-07;4;619;20;0;24;4411656;3414343;3954;2;2577
FR;3;2021-12-08;3;553;29;0;30;4411659;3414896;3983;2;2607
FR;3;2021-12-09;3;612;17;0;24;4411662;3415508;4000;2;2631
FR;3;2021-12-10;8;648;29;0;25;4411670;3416156;4029;2;2656
FR;3;2021-12-11;4;397;10;0;11;4411674;3416553;4039;2;2667
FR;3;2021-12-12;1;122;3;0;3;4411675;3416675;4042;2;2670
FR;3;2021-12-13;2;612;19;0;20;4411677;3417287;4061;2;2690
FR;3;2021-12-14;7;775;18;0;22;4411684;3418062;4079;2;2712
FR;3;2021-12-15;7;741;17;0;21;4411691;3418803;4096;2;2733
FR;3;2021-12-16;8;752;19;0;21;4411699;3419555;4115;2;2754
FR;3;2021-12-17;4;814;18;0;19;4411703;3420369;4133;2;2773
FR;3;2021-12-18;4;420;4;0;6;4411707;3420789;4137;2;2779
FR;3;2021-12-19;3;209;2;0;2;4411710;3420998;4139;2;2781
FR;3;2021-12-20;8;733;23;0;28;4411718;3421731;4162;2;2809
FR;3;2021-12-21;3;819;10;0;16;4411721;3422550;4172;2;2825
FR;3;2021-12-22;6;768;9;0;12;4411727;3423318;4181;2;2837
FR;3;2021-12-23;1;659;9;0;8;4411728;3423977;4190;2;2845
FR;3;2021-12-24;2;277;3;0;5;4411730;3424254;4193;2;2850
FR;3;2021-12-25;0;28;0;0;0;4411730;3424282;4193;2;2850
FR;3;2021-12-26;0;95;1;0;1;4411730;3424377;4194;2;2851
FR;3;2021-12-27;7;548;17;0;20;4411737;3424925;4211;2;2871
FR;3;2021-12-28;1;695;6;0;5;4411738;3425620;4217;2;2876
FR;3;2021-12-29;4;577;14;0;16;4411742;3426197;4231;2;2892
FR;3;2021-12-30;1;608;7;0;12;4411743;3426805;4238;2;2904
FR;3;2021-12-31;0;210;5;0;6;4411743;3427015;4243;2;2910
FR;3;2022-01-01;0;27;0;0;2;4411743;3427042;4243;2;2912
FR;3;2022-01-02;0;84;0;0;0;4411743;3427126;4243;2;2912
FR;3;2022-01-03;3;570;17;0;24;4411746;3427696;4260;2;2936
FR;3;2022-01-04;6;629;9;0;8;4411752;3428325;4269;2;2944
FR;3;2022-01-05;4;558;10;0;15;4411756;3428883;4279;2;2959
FR;3;2022-01-06;4;557;9;0;14;4411760;3429440;4288;2;2973
FR;3;2022-01-07;2;581;12;0;17;4411762;3430021;4300;2;2990
FR;3;2022-01-08;2;287;4;0;5;4411764;3430308;4304;2;2995
FR;3;2022-01-09;0;119;0;0;0;4411764;3430427;4304;2;2995
FR;3;2022-01-10;2;484;12;0;12;4411766;3430911;4316;2;3007
FR;3;2022-01-11;2;541;1;0;2;4411768;3431452;4317;2;3009
FR;3;2022-01-12;3;453;9;0;13;4411771;3431905;4326;2;3022
FR;3;2022-01-13;3;431;11;0;13;4411774;3432336;4337;2;3035
FR;3;2022-01-14;3;485;10;0;13;4411777;3432821;4347;2;3048
FR;3;2022-01-15;0;300;2;0;4;4411777;3433121;4349;2;3052
FR;3;2022-01-16;0;123;1;0;2;4411777;3433244;4350;2;3054
FR;3;2022-01-17;2;358;8;0;11;4411779;3433602;4358;2;3065
FR;3;2022-01-18;2;427;1;0;3;4411781;3434029;4359;2;3068
FR;3;2022-01-19;1;353;5;0;10;4411782;3434382;4364;2;3078
FR;3;2022-01-20;1;380;5;0;5;4411783;3434762;4369;2;3083
FR;3;2022-01-21;2;380;5;0;10;4411785;3435142;4374;2;3093
FR;3;2022-01-22;2;235;1;0;6;4411787;3435377;4375;2;3099
FR;3;2022-01-23;0;82;0;0;2;4411787;3435459;4375;2;3101
FR;3;2022-01-24;2;354;1;0;9;4411789;3435813;4376;2;3110
FR;3;2022-01-25;0;198;0;0;1;4411789;3436011;4376;2;3111
FR;3;2022-01-26;0;91;0;0;0;4411789;3436102;4376;2;3111
FR;3;2022-01-27;0;61;0;0;0;4411789;3436163;4376;2;3111
FR;3;2022-01-28;0;136;0;0;0;4411789;3436299;4376;2;3111
FR;3;2022-01-29;0;111;0;0;0;4411789;3436410;4376;2;3111
FR;3;2022-01-30;0;51;0;0;0;4411789;3436461;4376;2;3111
FR;3;2022-01-31;0;99;0;0;0;4411789;3436560;4376;2;3111
FR;3;2022-02-01;0;112;0;0;1;4411789;3436672;4376;2;3112
FR;3;2022-02-02;0;99;0;0;0;4411789;3436771;4376;2;3112
FR;3;2022-02-03;0;103;0;0;0;4411789;3436874;4376;2;3112
FR;3;2022-02-04;0;125;0;0;1;4411789;3436999;4376;2;3113
FR;3;2022-02-05;0;74;0;0;0;4411789;3437073;4376;2;3113
FR;3;2022-02-06;0;11;0;0;0;4411789;3437084;4376;2;3113
FR;3;2022-02-07;0;97;0;0;1;4411789;3437181;4376;2;3114
FR;3;2022-02-08;0;0;0;0;0;4411789;3437181;4376;2;3114
FR;3;2022-02-09;0;0;0;0;0;4411789;3437181;4376;2;3114
FR;4;2020-12-27;0;0;0;0;0;0;0;0;0;0
FR;4;2020-12-28;0;0;0;0;0;0;0;0;0;0
FR;4;2020-12-29;0;0;0;0;0;0;0;0;0;0
FR;4;2020-12-30;0;0;0;0;0;0;0;0;0;0
FR;4;2020-12-31;0;0;0;0;0;0;0;0;0;0
FR;4;2021-01-01;0;0;0;0;0;0;0;0;0;0
FR;4;2021-01-02;0;0;0;0;0;0;0;0;0;0
FR;4;2021-01-03;0;0;0;0;0;0;0;0;0;0
FR;4;2021-01-04;0;0;0;0;0;0;0;0;0;0
FR;4;2021-01-05;0;0;0;0;0;0;0;0;0;0
FR;4;2021-01-06;0;0;0;0;0;0;0;0;0;0
FR;4;2021-01-07;0;0;0;0;0;0;0;0;0;0
FR;4;2021-01-08;0;0;0;0;0;0;0;0;0;0
FR;4;2021-01-09;0;0;0;0;0;0;0;0;0;0
FR;4;2021-01-10;0;0;0;0;0;0;0;0;0;0
FR;4;2021-01-11;0;0;0;0;0;0;0;0;0;0
FR;4;2021-01-12;0;0;0;0;0;0;0;0;0;0
FR;4;2021-01-13;0;0;0;0;0;0;0;0;0;0
FR;4;2021-01-14;0;0;0;0;0;0;0;0;0;0
FR;4;2021-01-15;0;0;0;0;0;0;0;0;0;0
FR;4;2021-01-16;0;0;0;0;0;0;0;0;0;0
FR;4;2021-01-17;0;0;0;0;0;0;0;0;0;0
FR;4;2021-01-18;0;0;0;0;0;0;0;0;0;0
FR;4;2021-01-19;0;0;0;0;0;0;0;0;0;0
FR;4;2021-01-20;0;0;0;0;0;0;0;0;0;0
FR;4;2021-01-21;0;0;0;0;0;0;0;0;0;0
FR;4;2021-01-22;0;0;0;0;0;0;0;0;0;0
FR;4;2021-01-23;0;0;0;0;0;0;0;0;0;0
FR;4;2021-01-24;0;0;0;0;0;0;0;0;0;0
FR;4;2021-01-25;0;0;0;0;0;0;0;0;0;0
FR;4;2021-01-26;0;0;0;0;0;0;0;0;0;0
FR;4;2021-01-27;0;0;0;0;0;0;0;0;0;0
FR;4;2021-01-28;0;0;0;0;0;0;0;0;0;0
FR;4;2021-01-29;0;0;0;0;0;0;0;0;0;0
FR;4;2021-01-30;0;0;0;0;0;0;0;0;0;0
FR;4;2021-01-31;0;0;0;0;0;0;0;0;0;0
FR;4;2021-02-01;0;0;0;0;0;0;0;0;0;0
FR;4;2021-02-02;0;0;0;0;0;0;0;0;0;0
FR;4;2021-02-03;0;0;0;0;0;0;0;0;0;0
FR;4;2021-02-04;0;0;0;0;0;0;0;0;0;0
FR;4;2021-02-05;0;0;0;0;0;0;0;0;0;0
FR;4;2021-02-06;0;0;0;0;0;0;0;0;0;0
FR;4;2021-02-07;0;0;0;0;0;0;0;0;0;0
FR;4;2021-02-08;0;0;0;0;0;0;0;0;0;0
FR;4;2021-02-09;0;0;0;0;0;0;0;0;0;0
FR;4;2021-02-10;0;0;0;0;0;0;0;0;0;0
FR;4;2021-02-11;0;0;0;0;0;0;0;0;0;0
FR;4;2021-02-12;0;0;0;0;0;0;0;0;0;0
FR;4;2021-02-13;0;0;0;0;0;0;0;0;0;0
FR;4;2021-02-14;0;0;0;0;0;0;0;0;0;0
FR;4;2021-02-15;0;0;0;0;0;0;0;0;0;0
FR;4;2021-02-16;0;0;0;0;0;0;0;0;0;0
FR;4;2021-02-17;0;0;0;0;0;0;0;0;0;0
FR;4;2021-02-18;0;0;0;0;0;0;0;0;0;0
FR;4;2021-02-19;0;0;0;0;0;0;0;0;0;0
FR;4;2021-02-20;0;0;0;0;0;0;0;0;0;0
FR;4;2021-02-21;0;0;0;0;0;0;0;0;0;0
FR;4;2021-02-22;0;0;0;0;0;0;0;0;0;0
FR;4;2021-02-23;0;0;0;0;0;0;0;0;0;0
FR;4;2021-02-24;0;0;0;0;0;0;0;0;0;0
FR;4;2021-02-25;0;0;0;0;0;0;0;0;0;0
FR;4;2021-02-26;0;0;0;0;0;0;0;0;0;0
FR;4;2021-02-27;0;0;0;0;0;0;0;0;0;0
FR;4;2021-02-28;0;0;0;0;0;0;0;0;0;0
FR;4;2021-03-01;0;0;0;0;0;0;0;0;0;0
FR;4;2021-03-02;0;0;0;0;0;0;0;0;0;0
FR;4;2021-03-03;0;0;0;0;0;0;0;0;0;0
FR;4;2021-03-04;0;0;0;0;0;0;0;0;0;0
FR;4;2021-03-05;0;0;0;0;0;0;0;0;0;0
FR;4;2021-03-06;0;0;0;0;0;0;0;0;0;0
FR;4;2021-03-07;0;0;0;0;0;0;0;0;0;0
FR;4;2021-03-08;0;0;0;0;0;0;0;0;0;0
FR;4;2021-03-09;0;0;0;0;0;0;0;0;0;0
FR;4;2021-03-10;0;0;0;0;0;0;0;0;0;0
FR;4;2021-03-11;0;0;0;0;0;0;0;0;0;0
FR;4;2021-03-12;0;0;0;0;0;0;0;0;0;0
FR;4;2021-03-13;0;0;0;0;0;0;0;0;0;0
FR;4;2021-03-14;0;0;0;0;0;0;0;0;0;0
FR;4;2021-03-15;0;0;0;0;0;0;0;0;0;0
FR;4;2021-03-16;0;0;0;0;0;0;0;0;0;0
FR;4;2021-03-17;0;0;0;0;0;0;0;0;0;0
FR;4;2021-03-18;0;0;0;0;0;0;0;0;0;0
FR;4;2021-03-19;0;0;0;0;0;0;0;0;0;0
FR;4;2021-03-20;0;0;0;0;0;0;0;0;0;0
FR;4;2021-03-21;0;0;0;0;0;0;0;0;0;0
FR;4;2021-03-22;0;0;0;0;0;0;0;0;0;0
FR;4;2021-03-23;0;0;0;0;0;0;0;0;0;0
FR;4;2021-03-24;0;0;0;0;0;0;0;0;0;0
FR;4;2021-03-25;0;0;0;0;0;0;0;0;0;0
FR;4;2021-03-26;0;0;0;0;0;0;0;0;0;0
FR;4;2021-03-27;0;0;0;0;0;0;0;0;0;0
FR;4;2021-03-28;0;0;0;0;0;0;0;0;0;0
FR;4;2021-03-29;0;0;0;0;0;0;0;0;0;0
FR;4;2021-03-30;0;0;0;0;0;0;0;0;0;0
FR;4;2021-03-31;0;0;0;0;0;0;0;0;0;0
FR;4;2021-04-01;0;0;0;0;0;0;0;0;0;0
FR;4;2021-04-02;0;0;0;0;0;0;0;0;0;0
FR;4;2021-04-03;0;0;0;0;0;0;0;0;0;0
FR;4;2021-04-04;0;0;0;0;0;0;0;0;0;0
FR;4;2021-04-05;0;0;0;0;0;0;0;0;0;0
FR;4;2021-04-06;0;0;0;0;0;0;0;0;0;0
FR;4;2021-04-07;0;0;0;0;0;0;0;0;0;0
FR;4;2021-04-08;0;0;0;0;0;0;0;0;0;0
FR;4;2021-04-09;0;0;0;0;0;0;0;0;0;0
FR;4;2021-04-10;0;0;0;0;0;0;0;0;0;0
FR;4;2021-04-11;0;0;0;0;0;0;0;0;0;0
FR;4;2021-04-12;0;0;0;0;0;0;0;0;0;0
FR;4;2021-04-13;0;0;0;0;0;0;0;0;0;0
FR;4;2021-04-14;0;0;0;0;0;0;0;0;0;0
FR;4;2021-04-15;0;0;0;0;0;0;0;0;0;0
FR;4;2021-04-16;0;0;0;0;0;0;0;0;0;0
FR;4;2021-04-17;0;0;0;0;0;0;0;0;0;0
FR;4;2021-04-18;0;0;0;0;0;0;0;0;0;0
FR;4;2021-04-19;0;0;0;0;0;0;0;0;0;0
FR;4;2021-04-20;0;0;0;0;0;0;0;0;0;0
FR;4;2021-04-21;0;0;0;0;0;0;0;0;0;0
FR;4;2021-04-22;0;0;0;0;0;0;0;0;0;0
FR;4;2021-04-23;4256;0;0;0;0;4256;0;0;0;0
FR;4;2021-04-24;1568;0;0;0;0;5824;0;0;0;0
FR;4;2021-04-25;124;0;0;0;0;5948;0;0;0;0
FR;4;2021-04-26;2867;0;0;0;0;8815;0;0;0;0
FR;4;2021-04-27;9510;3;0;0;0;18325;3;0;0;0
FR;4;2021-04-28;9902;6;0;0;0;28227;9;0;0;0
FR;4;2021-04-29;15978;8;0;0;0;44205;17;0;0;0
FR;4;2021-04-30;19221;10;0;0;0;63426;27;0;0;0
FR;4;2021-05-01;1982;6;0;0;0;65408;33;0;0;0
FR;4;2021-05-02;478;0;0;0;0;65886;33;0;0;0
FR;4;2021-05-03;5044;2;0;0;0;70930;35;0;0;0
FR;4;2021-05-04;8389;10;0;0;0;79319;45;0;0;0
FR;4;2021-05-05;6176;7;0;0;0;85495;52;0;0;0
FR;4;2021-05-06;11371;11;0;0;0;96866;63;0;0;0
FR;4;2021-05-07;19110;9;0;0;0;115976;72;0;0;0
FR;4;2021-05-08;2369;6;0;0;0;118345;78;0;0;0
FR;4;2021-05-09;680;3;0;0;0;119025;81;0;0;0
FR;4;2021-05-10;7230;5;1;0;0;126255;86;1;0;0
FR;4;2021-05-11;14301;11;0;0;0;140556;97;1;0;0
FR;4;2021-05-12;10153;16;0;0;0;150709;113;1;0;0
FR;4;2021-05-13;1575;3;0;0;0;152284;116;1;0;0
FR;4;2021-05-14;7739;6;0;0;0;160023;122;1;0;0
FR;4;2021-05-15;3704;8;1;0;0;163727;130;2;0;0
FR;4;2021-05-16;416;1;0;0;0;164143;131;2;0;0
FR;4;2021-05-17;4464;6;0;0;0;168607;137;2;0;0
FR;4;2021-05-18;8732;11;0;0;0;177339;148;2;0;0
FR;4;2021-05-19;5679;7;0;0;0;183018;155;2;0;0
FR;4;2021-05-20;9467;7;0;0;0;192485;162;2;0;0
FR;4;2021-05-21;12775;28;0;0;0;205260;190;2;0;0
FR;4;2021-05-22;5043;15;0;0;0;210303;205;2;0;0
FR;4;2021-05-23;493;3;0;0;0;210796;208;2;0;0
FR;4;2021-05-24;1042;7;0;0;0;211838;215;2;0;0
FR;4;2021-05-25;7605;15;0;0;0;219443;230;2;0;0
FR;4;2021-05-26;7712;14;0;0;0;227155;244;2;0;0
FR;4;2021-05-27;14318;35;0;0;0;241473;279;2;0;0
FR;4;2021-05-28;26571;81;1;0;0;268044;360;3;0;0
FR;4;2021-05-29;11373;19;0;0;0;279417;379;3;0;0
FR;4;2021-05-30;966;6;0;0;0;280383;385;3;0;0
FR;4;2021-05-31;12670;21;0;0;0;293053;406;3;0;0
FR;4;2021-06-01;20225;46;1;0;0;313278;452;4;0;0
FR;4;2021-06-02;14506;33;0;0;0;327784;485;4;0;0
FR;4;2021-06-03;19393;24;1;0;0;347177;509;5;0;0
FR;4;2021-06-04;22492;46;0;0;0;369669;555;5;0;0
FR;4;2021-06-05;9700;32;0;0;0;379369;587;5;0;0
FR;4;2021-06-06;1036;0;0;0;0;380405;587;5;0;0
FR;4;2021-06-07;9219;18;0;0;0;389624;605;5;0;0
FR;4;2021-06-08;14600;31;0;0;0;404224;636;5;0;0
FR;4;2021-06-09;12189;25;0;0;0;416413;661;5;0;0
FR;4;2021-06-10;15383;30;0;0;0;431796;691;5;0;0
FR;4;2021-06-11;16954;56;0;0;0;448750;747;5;0;0
FR;4;2021-06-12;7434;27;0;0;0;456184;774;5;0;0
FR;4;2021-06-13;901;2;0;0;0;457085;776;5;0;0
FR;4;2021-06-14;6630;24;0;0;0;463715;800;5;0;0
FR;4;2021-06-15;10864;37;0;0;0;474579;837;5;0;0
FR;4;2021-06-16;8885;14;0;0;0;483464;851;5;0;0
FR;4;2021-06-17;10876;36;0;0;0;494340;887;5;0;0
FR;4;2021-06-18;12401;44;0;0;0;506741;931;5;0;0
FR;4;2021-06-19;5557;25;0;0;0;512298;956;5;0;0
FR;4;2021-06-20;790;5;0;0;0;513088;961;5;0;0
FR;4;2021-06-21;5074;19;0;0;0;518162;980;5;0;0
FR;4;2021-06-22;7891;26;2;0;0;526053;1006;7;0;0
FR;4;2021-06-23;7079;39;2;0;0;533132;1045;9;0;0
FR;4;2021-06-24;8643;44;1;0;0;541775;1089;10;0;0
FR;4;2021-06-25;10153;39;2;0;0;551928;1128;12;0;0
FR;4;2021-06-26;4833;21;0;0;0;556761;1149;12;0;0
FR;4;2021-06-27;752;3;0;0;0;557513;1152;12;0;0
FR;4;2021-06-28;4796;17;1;0;0;562309;1169;13;0;0
FR;4;2021-06-29;7078;26;2;0;0;569387;1195;15;0;0
FR;4;2021-06-30;6685;42;1;0;0;576072;1237;16;0;0
FR;4;2021-07-01;8169;39;0;0;0;584241;1276;16;0;0
FR;4;2021-07-02;9398;53;1;0;0;593639;1329;17;0;0
FR;4;2021-07-03;4832;19;0;0;0;598471;1348;17;0;0
FR;4;2021-07-04;678;5;0;0;0;599149;1353;17;0;0
FR;4;2021-07-05;4749;18;2;0;0;603898;1371;19;0;0
FR;4;2021-07-06;7695;28;4;0;0;611593;1399;23;0;0
FR;4;2021-07-07;7039;35;2;0;0;618632;1434;25;0;0
FR;4;2021-07-08;9195;39;2;0;0;627827;1473;27;0;0
FR;4;2021-07-09;10251;35;1;0;0;638078;1508;28;0;0
FR;4;2021-07-10;4625;13;2;0;0;642703;1521;30;0;0
FR;4;2021-07-11;574;4;1;0;0;643277;1525;31;0;0
FR;4;2021-07-12;5842;28;0;0;0;649119;1553;31;0;0
FR;4;2021-07-13;14222;27;0;0;0;663341;1580;31;0;0
FR;4;2021-07-14;2264;15;0;0;0;665605;1595;31;0;0
FR;4;2021-07-15;18206;37;0;0;0;683811;1632;31;0;0
FR;4;2021-07-16;22786;71;2;0;0;706597;1703;33;0;0
FR;4;2021-07-17;9717;22;0;0;0;716314;1725;33;0;0
FR;4;2021-07-18;1342;4;0;0;0;717656;1729;33;0;0
FR;4;2021-07-19;12949;28;1;0;0;730605;1757;34;0;0
FR;4;2021-07-20;17299;26;1;0;0;747904;1783;35;0;0
FR;4;2021-07-21;15572;32;0;0;0;763476;1815;35;0;0
FR;4;2021-07-22;18213;43;2;0;0;781689;1858;37;0;0
FR;4;2021-07-23;20367;54;7;0;0;802056;1912;44;0;0
FR;4;2021-07-24;9258;32;0;0;0;811314;1944;44;0;0
FR;4;2021-07-25;1334;8;0;0;0;812648;1952;44;0;0
FR;4;2021-07-26;10977;20;0;0;0;823625;1972;44;0;0
FR;4;2021-07-27;14604;33;1;0;0;838229;2005;45;0;0
FR;4;2021-07-28;12854;24;2;0;0;851083;2029;47;0;0
FR;4;2021-07-29;14025;53;4;0;0;865108;2082;51;0;0
FR;4;2021-07-30;15434;46;2;0;0;880542;2128;53;0;0
FR;4;2021-07-31;6788;14;2;0;0;887330;2142;55;0;0
FR;4;2021-08-01;893;1;0;0;0;888223;2143;55;0;0
FR;4;2021-08-02;7843;28;0;0;0;896066;2171;55;0;0
FR;4;2021-08-03;10745;32;2;0;0;906811;2203;57;0;0
FR;4;2021-08-04;9677;29;0;0;0;916488;2232;57;0;0
FR;4;2021-08-05;9767;40;0;0;0;926255;2272;57;0;0
FR;4;2021-08-06;10131;30;4;0;0;936386;2302;61;0;0
FR;4;2021-08-07;5047;30;1;0;0;941433;2332;62;0;0
FR;4;2021-08-08;1197;12;0;0;0;942630;2344;62;0;0
FR;4;2021-08-09;6284;29;0;0;0;948914;2373;62;0;0
FR;4;2021-08-10;8708;21;0;0;0;957622;2394;62;0;0
FR;4;2021-08-11;7889;32;3;0;0;965511;2426;65;0;0
FR;4;2021-08-12;8521;24;1;0;0;974032;2450;66;0;0
FR;4;2021-08-13;7491;24;0;1;1;981523;2474;66;1;1
FR;4;2021-08-14;3752;19;0;0;0;985275;2493;66;1;1
FR;4;2021-08-15;757;5;0;0;0;986032;2498;66;1;1
FR;4;2021-08-16;3965;15;0;0;0;989997;2513;66;1;1
FR;4;2021-08-17;5585;13;1;0;0;995582;2526;67;1;1
FR;4;2021-08-18;5112;35;0;0;0;1000694;2561;67;1;1
FR;4;2021-08-19;5440;34;3;0;0;1006134;2595;70;1;1
FR;4;2021-08-20;5169;22;1;0;0;1011303;2617;71;1;1
FR;4;2021-08-21;2288;22;1;0;0;1013591;2639;72;1;1
FR;4;2021-08-22;396;2;0;0;0;1013987;2641;72;1;1
FR;4;2021-08-23;2880;16;1;0;0;1016867;2657;73;1;1
FR;4;2021-08-24;3706;15;0;0;0;1020573;2672;73;1;1
FR;4;2021-08-25;3508;24;0;0;0;1024081;2696;73;1;1
FR;4;2021-08-26;3677;21;1;0;0;1027758;2717;74;1;1
FR;4;2021-08-27;3570;32;2;0;0;1031328;2749;76;1;1
FR;4;2021-08-28;1700;11;1;0;0;1033028;2760;77;1;1
FR;4;2021-08-29;378;7;1;0;0;1033406;2767;78;1;1
FR;4;2021-08-30;1979;23;0;0;14;1035385;2790;78;1;15
FR;4;2021-08-31;2454;20;0;0;13;1037839;2810;78;1;28
FR;4;2021-09-01;2052;37;1;0;20;1039891;2847;79;1;48
FR;4;2021-09-02;2288;26;4;0;14;1042179;2873;83;1;62
FR;4;2021-09-03;2340;45;5;0;32;1044519;2918;88;1;94
FR;4;2021-09-04;1352;16;0;0;4;1045871;2934;88;1;98
FR;4;2021-09-05;425;1;0;0;1;1046296;2935;88;1;99
FR;4;2021-09-06;1684;60;0;0;22;1047980;2995;88;1;121
FR;4;2021-09-07;1654;19;0;0;9;1049634;3014;88;1;130
FR;4;2021-09-08;1264;23;4;0;17;1050898;3037;92;1;147
FR;4;2021-09-09;1372;23;2;0;9;1052270;3060;94;1;156
FR;4;2021-09-10;1500;28;2;0;22;1053770;3088;96;1;178
FR;4;2021-09-11;730;11;0;0;3;1054500;3099;96;1;181
FR;4;2021-09-12;164;3;0;0;2;1054664;3102;96;1;183
FR;4;2021-09-13;1286;21;1;0;14;1055950;3123;97;1;197
FR;4;2021-09-14;1476;10;2;0;7;1057426;3133;99;1;204
FR;4;2021-09-15;1075;25;1;0;23;1058501;3158;100;1;227
FR;4;2021-09-16;1082;24;2;0;17;1059583;3182;102;1;244
FR;4;2021-09-17;869;22;1;0;13;1060452;3204;103;1;257
FR;4;2021-09-18;454;5;1;0;4;1060906;3209;104;1;261
FR;4;2021-09-19;181;1;0;0;0;1061087;3210;104;1;261
FR;4;2021-09-20;422;18;0;0;12;1061509;3228;104;1;273
FR;4;2021-09-21;410;10;0;0;6;1061919;3238;104;1;279
FR;4;2021-09-22;363;21;2;0;15;1062282;3259;106;1;294
FR;4;2021-09-23;456;10;0;0;8;1062738;3269;106;1;302
FR;4;2021-09-24;402;13;2;0;9;1063140;3282;108;1;311
FR;4;2021-09-25;278;9;1;0;4;1063418;3291;109;1;315
FR;4;2021-09-26;69;2;0;0;1;1063487;3293;109;1;316
FR;4;2021-09-27;255;10;1;0;8;1063742;3303;110;1;324
FR;4;2021-09-28;302;4;0;0;4;1064044;3307;110;1;328
FR;4;2021-09-29;360;19;1;0;13;1064404;3326;111;1;341
FR;4;2021-09-30;348;40;0;0;21;1064752;3366;111;1;362
FR;4;2021-10-01;391;42;0;0;36;1065143;3408;111;1;398
FR;4;2021-10-02;192;21;1;0;12;1065335;3429;112;1;410
FR;4;2021-10-03;80;1;0;0;0;1065415;3430;112;1;410
FR;4;2021-10-04;347;20;1;0;15;1065762;3450;113;1;425
FR;4;2021-10-05;258;19;1;0;15;1066020;3469;114;1;440
FR;4;2021-10-06;235;22;1;0;19;1066255;3491;115;1;459
FR;4;2021-10-07;236;26;2;0;14;1066491;3517;117;1;473
FR;4;2021-10-08;344;21;2;0;17;1066835;3538;119;1;490
FR;4;2021-10-09;187;6;3;0;4;1067022;3544;122;1;494
FR;4;2021-10-10;88;3;2;0;3;1067110;3547;124;1;497
FR;4;2021-10-11;237;14;1;0;13;1067347;3561;125;1;510
FR;4;2021-10-12;196;13;0;0;12;1067543;3574;125;1;522
FR;4;2021-10-13;207;26;1;0;23;1067750;3600;126;1;545
FR;4;2021-10-14;295;20;4;0;14;1068045;3620;130;1;559
FR;4;2021-10-15;305;24;5;0;25;1068350;3644;135;1;584
FR;4;2021-10-16;153;6;2;0;6;1068503;3650;137;1;590
FR;4;2021-10-17;65;3;0;0;1;1068568;3653;137;1;591
FR;4;2021-10-18;269;15;1;0;12;1068837;3668;138;1;603
FR;4;2021-10-19;195;14;2;0;15;1069032;3682;140;1;618
FR;4;2021-10-20;217;25;3;0;12;1069249;3707;143;1;630
FR;4;2021-10-21;219;18;0;0;14;1069468;3725;143;1;644
FR;4;2021-10-22;199;25;2;0;21;1069667;3750;145;1;665
FR;4;2021-10-23;108;16;1;0;15;1069775;3766;146;1;680
FR;4;2021-10-24;35;4;0;0;1;1069810;3770;146;1;681
FR;4;2021-10-25;190;7;2;0;9;1070000;3777;148;1;690
FR;4;2021-10-26;186;13;1;0;12;1070186;3790;149;1;702
FR;4;2021-10-27;177;9;4;0;11;1070363;3799;153;1;713
FR;4;2021-10-28;170;19;3;0;21;1070533;3818;156;1;734
FR;4;2021-10-29;213;15;2;0;13;1070746;3833;158;1;747
FR;4;2021-10-30;96;1;0;0;1;1070842;3834;158;1;748
FR;4;2021-10-31;47;3;3;0;4;1070889;3837;161;1;752
FR;4;2021-11-01;67;30;4;0;30;1070956;3867;165;1;782
FR;4;2021-11-02;139;19;1;0;19;1071095;3886;166;1;801
FR;4;2021-11-03;121;18;8;1;23;1071216;3904;174;2;824
FR;4;2021-11-04;168;13;1;0;11;1071384;3917;175;2;835
FR;4;2021-11-05;121;17;1;0;16;1071505;3934;176;2;851
FR;4;2021-11-06;76;6;1;0;6;1071581;3940;177;2;857
FR;4;2021-11-07;64;2;2;0;4;1071645;3942;179;2;861
FR;4;2021-11-08;149;17;1;0;17;1071794;3959;180;2;878
FR;4;2021-11-09;141;13;3;0;15;1071935;3972;183;2;893
FR;4;2021-11-10;94;22;7;0;27;1072029;3994;190;2;920
FR;4;2021-11-11;69;3;0;0;3;1072098;3997;190;2;923
FR;4;2021-11-12;89;15;2;0;16;1072187;4012;192;2;939
FR;4;2021-11-13;65;14;2;0;13;1072252;4026;194;2;952
FR;4;2021-11-14;44;5;2;0;6;1072296;4031;196;2;958
FR;4;2021-11-15;83;28;3;0;29;1072379;4059;199;2;987
FR;4;2021-11-16;94;10;1;0;11;1072473;4069;200;2;998
FR;4;2021-11-17;104;26;6;0;29;1072577;4095;206;2;1027
FR;4;2021-11-18;94;30;11;0;38;1072671;4125;217;2;1065
FR;4;2021-11-19;72;18;3;0;20;1072743;4143;220;2;1085
FR;4;2021-11-20;49;6;1;0;6;1072792;4149;221;2;1091
FR;4;2021-11-21;51;3;2;0;5;1072843;4152;223;2;1096
FR;4;2021-11-22;89;26;6;0;30;1072932;4178;229;2;1126
FR;4;2021-11-23;63;28;4;0;26;1072995;4206;233;2;1152
FR;4;2021-11-24;74;22;12;0;29;1073069;4228;245;2;1181
FR;4;2021-11-25;64;30;15;0;37;1073133;4258;260;2;1218
FR;4;2021-11-26;73;43;12;0;49;1073206;4301;272;2;1267
FR;4;2021-11-27;28;22;18;0;38;1073234;4323;290;2;1305
FR;4;2021-11-28;41;8;0;0;8;1073275;4331;290;2;1313
FR;4;2021-11-29;65;30;13;0;37;1073340;4361;303;2;1350
FR;4;2021-11-30;53;33;14;0;41;1073393;4394;317;2;1391
FR;4;2021-12-01;63;58;26;0;82;1073456;4452;343;2;1473
FR;4;2021-12-02;78;45;21;0;58;1073534;4497;364;2;1531
FR;4;2021-12-03;83;32;17;0;47;1073617;4529;381;2;1578
FR;4;2021-12-04;58;30;21;0;49;1073675;4559;402;2;1627
FR;4;2021-12-05;46;5;0;0;5;1073721;4564;402;2;1632
FR;4;2021-12-06;77;44;21;1;63;1073798;4608;423;3;1695
FR;4;2021-12-07;63;32;8;0;36;1073861;4640;431;3;1731
FR;4;2021-12-08;54;27;21;0;45;1073915;4667;452;3;1776
FR;4;2021-12-09;45;30;13;0;42;1073960;4697;465;3;1818
FR;4;2021-12-10;50;62;23;0;80;1074010;4759;488;3;1898
FR;4;2021-12-11;24;33;9;0;38;1074034;4792;497;3;1936
FR;4;2021-12-12;20;7;4;0;11;1074054;4799;501;3;1947
FR;4;2021-12-13;47;37;12;0;47;1074101;4836;513;3;1994
FR;4;2021-12-14;42;43;14;0;53;1074143;4879;527;3;2047
FR;4;2021-12-15;40;54;24;0;76;1074183;4933;551;3;2123
FR;4;2021-12-16;24;38;18;0;54;1074207;4971;569;3;2177
FR;4;2021-12-17;35;48;12;0;59;1074242;5019;581;3;2236
FR;4;2021-12-18;41;27;2;0;28;1074283;5046;583;3;2264
FR;4;2021-12-19;13;3;1;0;3;1074296;5049;584;3;2267
FR;4;2021-12-20;31;37;12;0;48;1074327;5086;596;3;2315
FR;4;2021-12-21;18;33;13;0;42;1074345;5119;609;3;2357
FR;4;2021-12-22;33;35;11;0;42;1074378;5154;620;3;2399
FR;4;2021-12-23;30;43;12;0;53;1074408;5197;632;3;2452
FR;4;2021-12-24;21;24;10;0;32;1074429;5221;642;3;2484
FR;4;2021-12-25;2;3;3;0;6;1074431;5224;645;3;2490
FR;4;2021-12-26;3;2;1;0;1;1074434;5226;646;3;2491
FR;4;2021-12-27;20;41;13;0;51;1074454;5267;659;3;2542
FR;4;2021-12-28;16;27;10;0;35;1074470;5294;669;3;2577
FR;4;2021-12-29;32;20;8;0;28;1074502;5314;677;3;2605
FR;4;2021-12-30;23;13;13;0;23;1074525;5327;690;3;2628
FR;4;2021-12-31;14;4;6;0;10;1074539;5331;696;3;2638
FR;4;2022-01-01;3;3;4;0;6;1074542;5334;700;3;2644
FR;4;2022-01-02;25;4;14;0;18;1074567;5338;714;3;2662
FR;4;2022-01-03;30;45;19;1;60;1074597;5383;733;4;2722
FR;4;2022-01-04;20;18;8;1;24;1074617;5401;741;5;2746
FR;4;2022-01-05;21;18;14;0;27;1074638;5419;755;5;2773
FR;4;2022-01-06;30;17;18;0;35;1074668;5436;773;5;2808
FR;4;2022-01-07;12;13;14;0;26;1074680;5449;787;5;2834
FR;4;2022-01-08;5;5;8;0;13;1074685;5454;795;5;2847
FR;4;2022-01-09;8;1;1;0;2;1074693;5455;796;5;2849
FR;4;2022-01-10;18;17;10;0;26;1074711;5472;806;5;2875
FR;4;2022-01-11;13;28;9;0;32;1074724;5500;815;5;2907
FR;4;2022-01-12;20;17;10;0;26;1074744;5517;825;5;2933
FR;4;2022-01-13;34;15;17;0;31;1074778;5532;842;5;2964
FR;4;2022-01-14;17;19;12;0;28;1074795;5551;854;5;2992
FR;4;2022-01-15;7;3;1;0;3;1074802;5554;855;5;2995
FR;4;2022-01-16;3;6;4;0;10;1074805;5560;859;5;3005
FR;4;2022-01-17;17;16;11;0;26;1074822;5576;870;5;3031
FR;4;2022-01-18;7;13;3;0;16;1074829;5589;873;5;3047
FR;4;2022-01-19;18;18;9;0;25;1074847;5607;882;5;3072
FR;4;2022-01-20;15;30;12;0;39;1074862;5637;894;5;3111
FR;4;2022-01-21;5;9;12;1;22;1074867;5646;906;6;3133
FR;4;2022-01-22;23;8;1;0;9;1074890;5654;907;6;3142
FR;4;2022-01-23;1;1;2;0;3;1074891;5655;909;6;3145
FR;4;2022-01-24;13;18;3;0;21;1074904;5673;912;6;3166
FR;4;2022-01-25;9;26;4;1;29;1074913;5699;916;7;3195
FR;4;2022-01-26;12;13;4;1;16;1074925;5712;920;8;3211
FR;4;2022-01-27;12;15;3;0;18;1074937;5727;923;8;3229
FR;4;2022-01-28;10;16;6;0;21;1074947;5743;929;8;3250
FR;4;2022-01-29;12;4;3;0;6;1074959;5747;932;8;3256
FR;4;2022-01-30;15;1;1;0;2;1074974;5748;933;8;3258
FR;4;2022-01-31;11;17;2;0;18;1074985;5765;935;8;3276
FR;4;2022-02-01;2;13;6;0;17;1074987;5778;941;8;3293
FR;4;2022-02-02;7;8;4;2;14;1074994;5786;945;10;3307
FR;4;2022-02-03;9;14;3;0;15;1075003;5800;948;10;3322
FR;4;2022-02-04;3;3;4;0;7;1075006;5803;952;10;3329
FR;4;2022-02-05;2;10;1;0;11;1075008;5813;953;10;3340
FR;4;2022-02-06;5;2;2;0;4;1075013;5815;955;10;3344
FR;4;2022-02-07;6;6;2;0;8;1075019;5821;957;10;3352
FR;4;2022-02-08;10;12;6;1;18;1075029;5833;963;11;3370
FR;4;2022-02-09;10;6;4;0;8;1075039;5839;967;11;3378
FR;5;2020-12-27;0;0;0;0;0;0;0;0;0;0
FR;5;2020-12-28;0;0;0;0;0;0;0;0;0;0
FR;5;2020-12-29;0;0;0;0;0;0;0;0;0;0
FR;5;2020-12-30;0;0;0;0;0;0;0;0;0;0
FR;5;2020-12-31;0;0;0;0;0;0;0;0;0;0
FR;5;2021-01-01;0;0;0;0;0;0;0;0;0;0
FR;5;2021-01-02;0;0;0;0;0;0;0;0;0;0
FR;5;2021-01-03;0;0;0;0;0;0;0;0;0;0
FR;5;2021-01-04;0;0;0;0;0;0;0;0;0;0
FR;5;2021-01-05;0;0;0;0;0;0;0;0;0;0
FR;5;2021-01-06;0;0;0;0;0;0;0;0;0;0
FR;5;2021-01-07;0;0;0;0;0;0;0;0;0;0
FR;5;2021-01-08;0;0;0;0;0;0;0;0;0;0
FR;5;2021-01-09;0;0;0;0;0;0;0;0;0;0
FR;5;2021-01-10;0;0;0;0;0;0;0;0;0;0
FR;5;2021-01-11;0;0;0;0;0;0;0;0;0;0
FR;5;2021-01-12;0;0;0;0;0;0;0;0;0;0
FR;5;2021-01-13;0;0;0;0;0;0;0;0;0;0
FR;5;2021-01-14;0;0;0;0;0;0;0;0;0;0
FR;5;2021-01-15;0;0;0;0;0;0;0;0;0;0
FR;5;2021-01-16;0;0;0;0;0;0;0;0;0;0
FR;5;2021-01-17;0;0;0;0;0;0;0;0;0;0
FR;5;2021-01-18;0;0;0;0;0;0;0;0;0;0
FR;5;2021-01-19;0;0;0;0;0;0;0;0;0;0
FR;5;2021-01-20;0;0;0;0;0;0;0;0;0;0
FR;5;2021-01-21;0;0;0;0;0;0;0;0;0;0
FR;5;2021-01-22;0;0;0;0;0;0;0;0;0;0
FR;5;2021-01-23;0;0;0;0;0;0;0;0;0;0
FR;5;2021-01-24;0;0;0;0;0;0;0;0;0;0
FR;5;2021-01-25;0;0;0;0;0;0;0;0;0;0
FR;5;2021-01-26;0;0;0;0;0;0;0;0;0;0
FR;5;2021-01-27;0;0;0;0;0;0;0;0;0;0
FR;5;2021-01-28;0;0;0;0;0;0;0;0;0;0
FR;5;2021-01-29;0;0;0;0;0;0;0;0;0;0
FR;5;2021-01-30;0;0;0;0;0;0;0;0;0;0
FR;5;2021-01-31;0;0;0;0;0;0;0;0;0;0
FR;5;2021-02-01;0;0;0;0;0;0;0;0;0;0
FR;5;2021-02-02;0;0;0;0;0;0;0;0;0;0
FR;5;2021-02-03;0;0;0;0;0;0;0;0;0;0
FR;5;2021-02-04;0;0;0;0;0;0;0;0;0;0
FR;5;2021-02-05;0;0;0;0;0;0;0;0;0;0
FR;5;2021-02-06;0;0;0;0;0;0;0;0;0;0
FR;5;2021-02-07;0;0;0;0;0;0;0;0;0;0
FR;5;2021-02-08;0;0;0;0;0;0;0;0;0;0
FR;5;2021-02-09;0;0;0;0;0;0;0;0;0;0
FR;5;2021-02-10;0;0;0;0;0;0;0;0;0;0
FR;5;2021-02-11;0;0;0;0;0;0;0;0;0;0
FR;5;2021-02-12;0;0;0;0;0;0;0;0;0;0
FR;5;2021-02-13;0;0;0;0;0;0;0;0;0;0
FR;5;2021-02-14;0;0;0;0;0;0;0;0;0;0
FR;5;2021-02-15;0;0;0;0;0;0;0;0;0;0
FR;5;2021-02-16;0;0;0;0;0;0;0;0;0;0
FR;5;2021-02-17;0;0;0;0;0;0;0;0;0;0
FR;5;2021-02-18;0;0;0;0;0;0;0;0;0;0
FR;5;2021-02-19;0;0;0;0;0;0;0;0;0;0
FR;5;2021-02-20;0;0;0;0;0;0;0;0;0;0
FR;5;2021-02-21;0;0;0;0;0;0;0;0;0;0
FR;5;2021-02-22;0;0;0;0;0;0;0;0;0;0
FR;5;2021-02-23;0;0;0;0;0;0;0;0;0;0
FR;5;2021-02-24;0;0;0;0;0;0;0;0;0;0
FR;5;2021-02-25;0;0;0;0;0;0;0;0;0;0
FR;5;2021-02-26;0;0;0;0;0;0;0;0;0;0
FR;5;2021-02-27;0;0;0;0;0;0;0;0;0;0
FR;5;2021-02-28;0;0;0;0;0;0;0;0;0;0
FR;5;2021-03-01;0;0;0;0;0;0;0;0;0;0
FR;5;2021-03-02;0;0;0;0;0;0;0;0;0;0
FR;5;2021-03-03;0;0;0;0;0;0;0;0;0;0
FR;5;2021-03-04;0;0;0;0;0;0;0;0;0;0
FR;5;2021-03-05;0;0;0;0;0;0;0;0;0;0
FR;5;2021-03-06;0;0;0;0;0;0;0;0;0;0
FR;5;2021-03-07;0;0;0;0;0;0;0;0;0;0
FR;5;2021-03-08;0;0;0;0;0;0;0;0;0;0
FR;5;2021-03-09;0;0;0;0;0;0;0;0;0;0
FR;5;2021-03-10;0;0;0;0;0;0;0;0;0;0
FR;5;2021-03-11;0;0;0;0;0;0;0;0;0;0
FR;5;2021-03-12;0;0;0;0;0;0;0;0;0;0
FR;5;2021-03-13;0;0;0;0;0;0;0;0;0;0
FR;5;2021-03-14;0;0;0;0;0;0;0;0;0;0
FR;5;2021-03-15;0;0;0;0;0;0;0;0;0;0
FR;5;2021-03-16;0;0;0;0;0;0;0;0;0;0
FR;5;2021-03-17;0;0;0;0;0;0;0;0;0;0
FR;5;2021-03-18;0;0;0;0;0;0;0;0;0;0
FR;5;2021-03-19;0;0;0;0;0;0;0;0;0;0
FR;5;2021-03-20;0;0;0;0;0;0;0;0;0;0
FR;5;2021-03-21;0;0;0;0;0;0;0;0;0;0
FR;5;2021-03-22;0;0;0;0;0;0;0;0;0;0
FR;5;2021-03-23;0;0;0;0;0;0;0;0;0;0
FR;5;2021-03-24;0;0;0;0;0;0;0;0;0;0
FR;5;2021-03-25;0;0;0;0;0;0;0;0;0;0
FR;5;2021-03-26;0;0;0;0;0;0;0;0;0;0
FR;5;2021-03-27;0;0;0;0;0;0;0;0;0;0
FR;5;2021-03-28;0;0;0;0;0;0;0;0;0;0
FR;5;2021-03-29;0;0;0;0;0;0;0;0;0;0
FR;5;2021-03-30;0;0;0;0;0;0;0;0;0;0
FR;5;2021-03-31;0;0;0;0;0;0;0;0;0;0
FR;5;2021-04-01;0;0;0;0;0;0;0;0;0;0
FR;5;2021-04-02;0;0;0;0;0;0;0;0;0;0
FR;5;2021-04-03;0;0;0;0;0;0;0;0;0;0
FR;5;2021-04-04;0;0;0;0;0;0;0;0;0;0
FR;5;2021-04-05;0;0;0;0;0;0;0;0;0;0
FR;5;2021-04-06;0;0;0;0;0;0;0;0;0;0
FR;5;2021-04-07;0;0;0;0;0;0;0;0;0;0
FR;5;2021-04-08;0;0;0;0;0;0;0;0;0;0
FR;5;2021-04-09;0;0;0;0;0;0;0;0;0;0
FR;5;2021-04-10;0;0;0;0;0;0;0;0;0;0
FR;5;2021-04-11;0;0;0;0;0;0;0;0;0;0
FR;5;2021-04-12;0;0;0;0;0;0;0;0;0;0
FR;5;2021-04-13;0;0;0;0;0;0;0;0;0;0
FR;5;2021-04-14;0;0;0;0;0;0;0;0;0;0
FR;5;2021-04-15;0;0;0;0;0;0;0;0;0;0
FR;5;2021-04-16;0;0;0;0;0;0;0;0;0;0
FR;5;2021-04-17;0;0;0;0;0;0;0;0;0;0
FR;5;2021-04-18;0;0;0;0;0;0;0;0;0;0
FR;5;2021-04-19;0;0;0;0;0;0;0;0;0;0
FR;5;2021-04-20;0;0;0;0;0;0;0;0;0;0
FR;5;2021-04-21;0;0;0;0;0;0;0;0;0;0
FR;5;2021-04-22;0;0;0;0;0;0;0;0;0;0
FR;5;2021-04-23;0;0;0;0;0;0;0;0;0;0
FR;5;2021-04-24;0;0;0;0;0;0;0;0;0;0
FR;5;2021-04-25;0;0;0;0;0;0;0;0;0;0
FR;5;2021-04-26;0;0;0;0;0;0;0;0;0;0
FR;5;2021-04-27;0;0;0;0;0;0;0;0;0;0
FR;5;2021-04-28;0;0;0;0;0;0;0;0;0;0
FR;5;2021-04-29;0;0;0;0;0;0;0;0;0;0
FR;5;2021-04-30;0;0;0;0;0;0;0;0;0;0
FR;5;2021-05-01;0;0;0;0;0;0;0;0;0;0
FR;5;2021-05-02;0;0;0;0;0;0;0;0;0;0
FR;5;2021-05-03;0;0;0;0;0;0;0;0;0;0
FR;5;2021-05-04;0;0;0;0;0;0;0;0;0;0
FR;5;2021-05-05;0;0;0;0;0;0;0;0;0;0
FR;5;2021-05-06;0;0;0;0;0;0;0;0;0;0
FR;5;2021-05-07;0;0;0;0;0;0;0;0;0;0
FR;5;2021-05-08;0;0;0;0;0;0;0;0;0;0
FR;5;2021-05-09;0;0;0;0;0;0;0;0;0;0
FR;5;2021-05-10;0;0;0;0;0;0;0;0;0;0
FR;5;2021-05-11;0;0;0;0;0;0;0;0;0;0
FR;5;2021-05-12;0;0;0;0;0;0;0;0;0;0
FR;5;2021-05-13;0;0;0;0;0;0;0;0;0;0
FR;5;2021-05-14;0;0;0;0;0;0;0;0;0;0
FR;5;2021-05-15;0;0;0;0;0;0;0;0;0;0
FR;5;2021-05-16;0;0;0;0;0;0;0;0;0;0
FR;5;2021-05-17;0;0;0;0;0;0;0;0;0;0
FR;5;2021-05-18;0;0;0;0;0;0;0;0;0;0
FR;5;2021-05-19;0;0;0;0;0;0;0;0;0;0
FR;5;2021-05-20;0;0;0;0;0;0;0;0;0;0
FR;5;2021-05-21;0;0;0;0;0;0;0;0;0;0
FR;5;2021-05-22;0;0;0;0;0;0;0;0;0;0
FR;5;2021-05-23;0;0;0;0;0;0;0;0;0;0
FR;5;2021-05-24;0;0;0;0;0;0;0;0;0;0
FR;5;2021-05-25;0;0;0;0;0;0;0;0;0;0
FR;5;2021-05-26;0;0;0;0;0;0;0;0;0;0
FR;5;2021-05-27;0;0;0;0;0;0;0;0;0;0
FR;5;2021-05-28;0;0;0;0;0;0;0;0;0;0
FR;5;2021-05-29;0;0;0;0;0;0;0;0;0;0
FR;5;2021-05-30;0;0;0;0;0;0;0;0;0;0
FR;5;2021-05-31;0;0;0;0;0;0;0;0;0;0
FR;5;2021-06-01;0;0;0;0;0;0;0;0;0;0
FR;5;2021-06-02;0;0;0;0;0;0;0;0;0;0
FR;5;2021-06-03;0;0;0;0;0;0;0;0;0;0
FR;5;2021-06-04;0;0;0;0;0;0;0;0;0;0
FR;5;2021-06-05;0;0;0;0;0;0;0;0;0;0
FR;5;2021-06-06;0;0;0;0;0;0;0;0;0;0
FR;5;2021-06-07;0;0;0;0;0;0;0;0;0;0
FR;5;2021-06-08;0;0;0;0;0;0;0;0;0;0
FR;5;2021-06-09;0;0;0;0;0;0;0;0;0;0
FR;5;2021-06-10;0;0;0;0;0;0;0;0;0;0
FR;5;2021-06-11;0;0;0;0;0;0;0;0;0;0
FR;5;2021-06-12;0;0;0;0;0;0;0;0;0;0
FR;5;2021-06-13;0;0;0;0;0;0;0;0;0;0
FR;5;2021-06-14;0;0;0;0;0;0;0;0;0;0
FR;5;2021-06-15;0;0;0;0;0;0;0;0;0;0
FR;5;2021-06-16;0;0;0;0;0;0;0;0;0;0
FR;5;2021-06-17;0;0;0;0;0;0;0;0;0;0
FR;5;2021-06-18;0;0;0;0;0;0;0;0;0;0
FR;5;2021-06-19;0;0;0;0;0;0;0;0;0;0
FR;5;2021-06-20;0;0;0;0;0;0;0;0;0;0
FR;5;2021-06-21;0;0;0;0;0;0;0;0;0;0
FR;5;2021-06-22;0;0;0;0;0;0;0;0;0;0
FR;5;2021-06-23;0;0;0;0;0;0;0;0;0;0
FR;5;2021-06-24;0;0;0;0;0;0;0;0;0;0
FR;5;2021-06-25;0;0;0;0;0;0;0;0;0;0
FR;5;2021-06-26;0;0;0;0;0;0;0;0;0;0
FR;5;2021-06-27;0;0;0;0;0;0;0;0;0;0
FR;5;2021-06-28;0;0;0;0;0;0;0;0;0;0
FR;5;2021-06-29;0;0;0;0;0;0;0;0;0;0
FR;5;2021-06-30;0;0;0;0;0;0;0;0;0;0
FR;5;2021-07-01;0;0;0;0;0;0;0;0;0;0
FR;5;2021-07-02;0;0;0;0;0;0;0;0;0;0
FR;5;2021-07-03;0;0;0;0;0;0;0;0;0;0
FR;5;2021-07-04;0;0;0;0;0;0;0;0;0;0
FR;5;2021-07-05;0;0;0;0;0;0;0;0;0;0
FR;5;2021-07-06;0;0;0;0;0;0;0;0;0;0
FR;5;2021-07-07;0;0;0;0;0;0;0;0;0;0
FR;5;2021-07-08;0;0;0;0;0;0;0;0;0;0
FR;5;2021-07-09;0;0;0;0;0;0;0;0;0;0
FR;5;2021-07-10;0;0;0;0;0;0;0;0;0;0
FR;5;2021-07-11;0;0;0;0;0;0;0;0;0;0
FR;5;2021-07-12;0;0;0;0;0;0;0;0;0;0
FR;5;2021-07-13;0;0;0;0;0;0;0;0;0;0
FR;5;2021-07-14;0;0;0;0;0;0;0;0;0;0
FR;5;2021-07-15;0;0;0;0;0;0;0;0;0;0
FR;5;2021-07-16;0;0;0;0;0;0;0;0;0;0
FR;5;2021-07-17;0;0;0;0;0;0;0;0;0;0
FR;5;2021-07-18;0;0;0;0;0;0;0;0;0;0
FR;5;2021-07-19;0;0;0;0;0;0;0;0;0;0
FR;5;2021-07-20;0;0;0;0;0;0;0;0;0;0
FR;5;2021-07-21;0;0;0;0;0;0;0;0;0;0
FR;5;2021-07-22;0;0;0;0;0;0;0;0;0;0
FR;5;2021-07-23;0;0;0;0;0;0;0;0;0;0
FR;5;2021-07-24;0;0;0;0;0;0;0;0;0;0
FR;5;2021-07-25;0;0;0;0;0;0;0;0;0;0
FR;5;2021-07-26;0;0;0;0;0;0;0;0;0;0
FR;5;2021-07-27;0;0;0;0;0;0;0;0;0;0
FR;5;2021-07-28;0;0;0;0;0;0;0;0;0;0
FR;5;2021-07-29;0;0;0;0;0;0;0;0;0;0
FR;5;2021-07-30;0;0;0;0;0;0;0;0;0;0
FR;5;2021-07-31;0;0;0;0;0;0;0;0;0;0
FR;5;2021-08-01;0;0;0;0;0;0;0;0;0;0
FR;5;2021-08-02;0;0;0;0;0;0;0;0;0;0
FR;5;2021-08-03;0;0;0;0;0;0;0;0;0;0
FR;5;2021-08-04;0;0;0;0;0;0;0;0;0;0
FR;5;2021-08-05;0;0;0;0;0;0;0;0;0;0
FR;5;2021-08-06;0;0;0;0;0;0;0;0;0;0
FR;5;2021-08-07;0;0;0;0;0;0;0;0;0;0
FR;5;2021-08-08;0;0;0;0;0;0;0;0;0;0
FR;5;2021-08-09;0;0;0;0;0;0;0;0;0;0
FR;5;2021-08-10;0;0;0;0;0;0;0;0;0;0
FR;5;2021-08-11;0;0;0;0;0;0;0;0;0;0
FR;5;2021-08-12;0;0;0;0;0;0;0;0;0;0
FR;5;2021-08-13;0;0;0;0;0;0;0;0;0;0
FR;5;2021-08-14;0;0;0;0;0;0;0;0;0;0
FR;5;2021-08-15;0;0;0;0;0;0;0;0;0;0
FR;5;2021-08-16;0;0;0;0;0;0;0;0;0;0
FR;5;2021-08-17;0;0;0;0;0;0;0;0;0;0
FR;5;2021-08-18;0;0;0;0;0;0;0;0;0;0
FR;5;2021-08-19;0;0;0;0;0;0;0;0;0;0
FR;5;2021-08-20;0;0;0;0;0;0;0;0;0;0
FR;5;2021-08-21;0;0;0;0;0;0;0;0;0;0
FR;5;2021-08-22;0;0;0;0;0;0;0;0;0;0
FR;5;2021-08-23;0;0;0;0;0;0;0;0;0;0
FR;5;2021-08-24;0;0;0;0;0;0;0;0;0;0
FR;5;2021-08-25;0;0;0;0;0;0;0;0;0;0
FR;5;2021-08-26;0;0;0;0;0;0;0;0;0;0
FR;5;2021-08-27;0;0;0;0;0;0;0;0;0;0
FR;5;2021-08-28;0;0;0;0;0;0;0;0;0;0
FR;5;2021-08-29;0;0;0;0;0;0;0;0;0;0
FR;5;2021-08-30;0;0;0;0;0;0;0;0;0;0
FR;5;2021-08-31;0;0;0;0;0;0;0;0;0;0
FR;5;2021-09-01;0;0;0;0;0;0;0;0;0;0
FR;5;2021-09-02;0;0;0;0;0;0;0;0;0;0
FR;5;2021-09-03;0;0;0;0;0;0;0;0;0;0
FR;5;2021-09-04;0;0;0;0;0;0;0;0;0;0
FR;5;2021-09-05;0;0;0;0;0;0;0;0;0;0
FR;5;2021-09-06;0;0;0;0;0;0;0;0;0;0
FR;5;2021-09-07;0;0;0;0;0;0;0;0;0;0
FR;5;2021-09-08;0;0;0;0;0;0;0;0;0;0
FR;5;2021-09-09;0;0;0;0;0;0;0;0;0;0
FR;5;2021-09-10;0;0;0;0;0;0;0;0;0;0
FR;5;2021-09-11;0;0;0;0;0;0;0;0;0;0
FR;5;2021-09-12;0;0;0;0;0;0;0;0;0;0
FR;5;2021-09-13;0;0;0;0;0;0;0;0;0;0
FR;5;2021-09-14;0;0;0;0;0;0;0;0;0;0
FR;5;2021-09-15;0;0;0;0;0;0;0;0;0;0
FR;5;2021-09-16;0;0;0;0;0;0;0;0;0;0
FR;5;2021-09-17;0;0;0;0;0;0;0;0;0;0
FR;5;2021-09-18;0;0;0;0;0;0;0;0;0;0
FR;5;2021-09-19;0;0;0;0;0;0;0;0;0;0
FR;5;2021-09-20;0;0;0;0;0;0;0;0;0;0
FR;5;2021-09-21;0;0;0;0;0;0;0;0;0;0
FR;5;2021-09-22;0;0;0;0;0;0;0;0;0;0
FR;5;2021-09-23;0;0;0;0;0;0;0;0;0;0
FR;5;2021-09-24;0;0;0;0;0;0;0;0;0;0
FR;5;2021-09-25;0;0;0;0;0;0;0;0;0;0
FR;5;2021-09-26;0;0;0;0;0;0;0;0;0;0
FR;5;2021-09-27;0;0;0;0;0;0;0;0;0;0
FR;5;2021-09-28;0;0;0;0;0;0;0;0;0;0
FR;5;2021-09-29;0;0;0;0;0;0;0;0;0;0
FR;5;2021-09-30;0;0;0;0;0;0;0;0;0;0
FR;5;2021-10-01;0;0;0;0;0;0;0;0;0;0
FR;5;2021-10-02;0;0;0;0;0;0;0;0;0;0
FR;5;2021-10-03;0;0;0;0;0;0;0;0;0;0
FR;5;2021-10-04;0;0;0;0;0;0;0;0;0;0
FR;5;2021-10-05;0;0;0;0;0;0;0;0;0;0
FR;5;2021-10-06;0;0;0;0;0;0;0;0;0;0
FR;5;2021-10-07;0;0;0;0;0;0;0;0;0;0
FR;5;2021-10-08;0;0;0;0;0;0;0;0;0;0
FR;5;2021-10-09;0;0;0;0;0;0;0;0;0;0
FR;5;2021-10-10;0;0;0;0;0;0;0;0;0;0
FR;5;2021-10-11;0;0;0;0;0;0;0;0;0;0
FR;5;2021-10-12;0;0;0;0;0;0;0;0;0;0
FR;5;2021-10-13;0;0;0;0;0;0;0;0;0;0
FR;5;2021-10-14;0;0;0;0;0;0;0;0;0;0
FR;5;2021-10-15;0;0;0;0;0;0;0;0;0;0
FR;5;2021-10-16;0;0;0;0;0;0;0;0;0;0
FR;5;2021-10-17;0;0;0;0;0;0;0;0;0;0
FR;5;2021-10-18;0;0;0;0;0;0;0;0;0;0
FR;5;2021-10-19;0;0;0;0;0;0;0;0;0;0
FR;5;2021-10-20;0;0;0;0;0;0;0;0;0;0
FR;5;2021-10-21;0;0;0;0;0;0;0;0;0;0
FR;5;2021-10-22;0;0;0;0;0;0;0;0;0;0
FR;5;2021-10-23;0;0;0;0;0;0;0;0;0;0
FR;5;2021-10-24;0;0;0;0;0;0;0;0;0;0
FR;5;2021-10-25;0;0;0;0;0;0;0;0;0;0
FR;5;2021-10-26;0;0;0;0;0;0;0;0;0;0
FR;5;2021-10-27;0;0;0;0;0;0;0;0;0;0
FR;5;2021-10-28;0;0;0;0;0;0;0;0;0;0
FR;5;2021-10-29;0;0;0;0;0;0;0;0;0;0
FR;5;2021-10-30;0;0;0;0;0;0;0;0;0;0
FR;5;2021-10-31;0;0;0;0;0;0;0;0;0;0
FR;5;2021-11-01;0;0;0;0;0;0;0;0;0;0
FR;5;2021-11-02;0;0;0;0;0;0;0;0;0;0
FR;5;2021-11-03;0;0;0;0;0;0;0;0;0;0
FR;5;2021-11-04;0;0;0;0;0;0;0;0;0;0
FR;5;2021-11-05;0;0;0;0;0;0;0;0;0;0
FR;5;2021-11-06;0;0;0;0;0;0;0;0;0;0
FR;5;2021-11-07;0;0;0;0;0;0;0;0;0;0
FR;5;2021-11-08;0;0;0;0;0;0;0;0;0;0
FR;5;2021-11-09;0;0;0;0;0;0;0;0;0;0
FR;5;2021-11-10;0;0;0;0;0;0;0;0;0;0
FR;5;2021-11-11;0;0;0;0;0;0;0;0;0;0
FR;5;2021-11-12;0;0;0;0;0;0;0;0;0;0
FR;5;2021-11-13;0;0;0;0;0;0;0;0;0;0
FR;5;2021-11-14;0;0;0;0;0;0;0;0;0;0
FR;5;2021-11-15;0;0;0;0;0;0;0;0;0;0
FR;5;2021-11-16;0;0;0;0;0;0;0;0;0;0
FR;5;2021-11-17;0;0;0;0;0;0;0;0;0;0
FR;5;2021-11-18;0;0;0;0;0;0;0;0;0;0
FR;5;2021-11-19;0;0;0;0;0;0;0;0;0;0
FR;5;2021-11-20;0;0;0;0;0;0;0;0;0;0
FR;5;2021-11-21;0;0;0;0;0;0;0;0;0;0
FR;5;2021-11-22;0;0;0;0;0;0;0;0;0;0
FR;5;2021-11-23;0;0;0;0;0;0;0;0;0;0
FR;5;2021-11-24;0;0;0;0;0;0;0;0;0;0
FR;5;2021-11-25;0;0;0;0;0;0;0;0;0;0
FR;5;2021-11-26;0;0;0;0;0;0;0;0;0;0
FR;5;2021-11-27;0;0;0;0;0;0;0;0;0;0
FR;5;2021-11-28;0;0;0;0;0;0;0;0;0;0
FR;5;2021-11-29;0;0;0;0;0;0;0;0;0;0
FR;5;2021-11-30;0;0;0;0;0;0;0;0;0;0
FR;5;2021-12-01;0;0;0;0;0;0;0;0;0;0
FR;5;2021-12-02;0;0;0;0;0;0;0;0;0;0
FR;5;2021-12-03;0;0;0;0;0;0;0;0;0;0
FR;5;2021-12-04;0;0;0;0;0;0;0;0;0;0
FR;5;2021-12-05;0;0;0;0;0;0;0;0;0;0
FR;5;2021-12-06;0;0;0;0;0;0;0;0;0;0
FR;5;2021-12-07;0;0;0;0;0;0;0;0;0;0
FR;5;2021-12-08;0;0;0;0;0;0;0;0;0;0
FR;5;2021-12-09;0;0;0;0;0;0;0;0;0;0
FR;5;2021-12-10;0;0;0;0;0;0;0;0;0;0
FR;5;2021-12-11;0;0;0;0;0;0;0;0;0;0
FR;5;2021-12-12;0;0;0;0;0;0;0;0;0;0
FR;5;2021-12-13;0;0;0;0;0;0;0;0;0;0
FR;5;2021-12-14;25;46;77;0;89;25;46;77;0;89
FR;5;2021-12-15;194;43;40;0;52;219;89;117;0;141
FR;5;2021-12-16;181;22;45;0;49;400;111;162;0;190
FR;5;2021-12-17;307;18;71;0;75;707;129;233;0;265
FR;5;2021-12-18;762;26;22;0;29;1469;155;255;0;294
FR;5;2021-12-19;585;15;15;0;17;2054;170;270;0;311
FR;5;2021-12-20;1217;34;35;0;40;3271;204;305;0;351
FR;5;2021-12-21;1536;26;53;1;59;4807;230;358;1;410
FR;5;2021-12-22;4067;38;37;0;47;8874;268;395;1;457
FR;5;2021-12-23;3042;19;22;0;26;11916;287;417;1;483
FR;5;2021-12-24;763;19;9;0;15;12679;306;426;1;498
FR;5;2021-12-25;62;6;1;0;2;12741;312;427;1;500
FR;5;2021-12-26;624;6;3;0;4;13365;318;430;1;504
FR;5;2021-12-27;4076;28;22;0;25;17441;346;452;1;529
FR;5;2021-12-28;5200;23;40;1;43;22641;369;492;2;572
FR;5;2021-12-29;8093;34;65;2;70;30734;403;557;4;642
FR;5;2021-12-30;5167;19;33;0;38;35901;422;590;4;680
FR;5;2021-12-31;1551;8;10;0;11;37452;430;600;4;691
FR;5;2022-01-01;184;2;2;0;2;37636;432;602;4;693
FR;5;2022-01-02;1485;1;1;0;1;39121;433;603;4;694
FR;5;2022-01-03;3046;33;32;0;32;42167;466;635;4;726
FR;5;2022-01-04;3021;38;33;0;45;45188;504;668;4;771
FR;5;2022-01-05;19297;201;97;1;108;64485;705;765;5;879
FR;5;2022-01-06;3741;134;121;0;143;68226;839;886;5;1022
FR;5;2022-01-07;4991;198;47;2;56;73217;1037;933;7;1078
FR;5;2022-01-08;13636;515;45;0;52;86853;1552;978;7;1130
FR;5;2022-01-09;5754;399;15;0;21;92607;1951;993;7;1151
FR;5;2022-01-10;3444;328;24;0;28;96051;2279;1017;7;1179
FR;5;2022-01-11;3659;285;37;0;41;99710;2564;1054;7;1220
FR;5;2022-01-12;22635;3004;90;0;115;122345;5568;1144;7;1335
FR;5;2022-01-13;4023;623;30;0;33;126368;6191;1174;7;1368
FR;5;2022-01-14;4834;580;43;0;51;131202;6771;1217;7;1419
FR;5;2022-01-15;14662;1745;39;3;53;145864;8516;1256;10;1472
FR;5;2022-01-16;4723;666;3;0;5;150587;9182;1259;10;1477
FR;5;2022-01-17;2293;715;26;0;28;152880;9897;1285;10;1505
FR;5;2022-01-18;2418;866;29;0;38;155298;10763;1314;10;1543
FR;5;2022-01-19;18461;6415;74;2;144;173759;17178;1388;12;1687
FR;5;2022-01-20;1911;1065;24;0;34;175670;18243;1412;12;1721
FR;5;2022-01-21;3066;1370;36;2;51;178736;19613;1448;14;1772
FR;5;2022-01-22;10696;3452;30;1;40;189432;23065;1478;15;1812
FR;5;2022-01-23;2623;1413;5;0;8;192055;24478;1483;15;1820
FR;5;2022-01-24;1155;1336;19;0;23;193210;25814;1502;15;1843
FR;5;2022-01-25;1210;1542;19;2;30;194420;27356;1521;17;1873
FR;5;2022-01-26;10608;11985;50;1;90;205028;39341;1571;18;1963
FR;5;2022-01-27;1263;1682;10;0;17;206291;41023;1581;18;1980
FR;5;2022-01-28;1688;3326;15;0;19;207979;44349;1596;18;1999
FR;5;2022-01-29;6207;8037;67;0;96;214186;52386;1663;18;2095
FR;5;2022-01-30;1506;2948;5;0;18;215692;55334;1668;18;2113
FR;5;2022-01-31;583;1772;23;0;27;216275;57106;1691;18;2140
FR;5;2022-02-01;704;1691;9;0;13;216979;58797;1700;18;2153
FR;5;2022-02-02;6896;15634;49;0;92;223875;74431;1749;18;2245
FR;5;2022-02-03;481;1675;10;0;12;224356;76106;1759;18;2257
FR;5;2022-02-04;927;2998;17;0;30;225283;79104;1776;18;2287
FR;5;2022-02-05;3516;8896;22;0;36;228799;88000;1798;18;2323
FR;5;2022-02-06;732;2396;9;0;18;229531;90396;1807;18;2341
FR;5;2022-02-07;868;1588;19;0;23;230399;91984;1826;18;2364
FR;5;2022-02-08;710;1270;18;0;21;231109;93254;1844;18;2385
FR;5;2022-02-09;4493;12841;43;1;77;235602;106095;1887;19;2462
FR;0;2020-12-27;562;0;0;0;0;562;0;0;0;0
FR;0;2020-12-28;614;0;0;0;0;1176;0;0;0;0
FR;0;2020-12-29;357;0;0;0;0;1533;0;0;0;0
FR;0;2020-12-30;415;0;0;0;0;1948;0;0;0;0
FR;0;2020-12-31;334;0;0;0;0;2282;0;0;0;0
FR;0;2021-01-01;1066;0;0;0;0;3348;0;0;0;0
FR;0;2021-01-02;381;0;0;0;0;3729;0;0;0;0
FR;0;2021-01-03;480;0;0;0;0;4209;0;0;0;0
FR;0;2021-01-04;2114;0;0;0;0;6323;0;0;0;0
FR;0;2021-01-05;6188;0;0;0;0;12511;0;0;0;0
FR;0;2021-01-06;11985;0;0;0;0;24496;0;0;0;0
FR;0;2021-01-07;29385;1;0;0;0;53881;1;0;0;0
FR;0;2021-01-08;37151;0;0;0;0;91032;1;0;0;0
FR;0;2021-01-09;11207;0;0;0;0;102239;1;0;0;0
FR;0;2021-01-10;6007;0;0;0;0;108246;1;0;0;0
FR;0;2021-01-11;39900;1;0;0;0;148146;2;0;0;0
FR;0;2021-01-12;62069;1;0;0;0;210215;3;0;0;0
FR;0;2021-01-13;65024;0;0;0;0;275239;3;0;0;0
FR;0;2021-01-14;83083;7;0;0;0;358322;10;0;0;0
FR;0;2021-01-15;68942;1;0;0;0;427264;11;0;0;0
FR;0;2021-01-16;20188;74;0;0;0;447452;85;0;0;0
FR;0;2021-01-17;10992;42;0;0;0;458444;127;0;0;0
FR;0;2021-01-18;85787;158;0;0;0;544231;285;0;0;0
FR;0;2021-01-19;130550;125;0;0;0;674781;410;0;0;0
FR;0;2021-01-20;137508;155;0;0;0;812289;565;0;0;0
FR;0;2021-01-21;158313;129;0;0;0;970602;694;0;0;0
FR;0;2021-01-22;120974;160;0;0;0;1091576;854;0;0;0
FR;0;2021-01-23;38434;50;0;0;0;1130010;904;0;0;0
FR;0;2021-01-24;9747;28;0;0;0;1139757;932;0;0;0
FR;0;2021-01-25;78202;1208;0;0;0;1217959;2140;0;0;0
FR;0;2021-01-26;100321;3102;0;0;0;1318280;5242;0;0;0
FR;0;2021-01-27;107180;5580;0;0;0;1425460;10822;0;0;0
FR;0;2021-01-28;124291;14322;0;0;0;1549751;25144;0;0;0
FR;0;2021-01-29;92121;17253;0;0;0;1641872;42397;0;0;0
FR;0;2021-01-30;29080;4208;0;0;0;1670952;46605;0;0;0
FR;0;2021-01-31;5203;1676;0;0;0;1676155;48281;0;0;0
FR;0;2021-02-01;53396;21080;0;0;0;1729551;69361;0;0;0
FR;0;2021-02-02;72281;34500;0;0;0;1801832;103861;0;0;0
FR;0;2021-02-03;72237;36896;0;0;0;1874069;140757;0;0;0
FR;0;2021-02-04;81936;49950;0;0;0;1956005;190707;0;0;0
FR;0;2021-02-05;68199;45230;0;0;0;2024204;235937;0;0;0
FR;0;2021-02-06;23142;10365;0;0;0;2047346;246302;0;0;0
FR;0;2021-02-07;5175;5031;0;0;0;2052521;251333;0;0;0
FR;0;2021-02-08;46739;45898;0;0;0;2099260;297231;0;0;0
FR;0;2021-02-09;65960;72291;0;0;0;2165220;369522;0;0;0
FR;0;2021-02-10;70790;76526;0;0;0;2236010;446048;0;0;0
FR;0;2021-02-11;87133;98956;0;0;0;2323143;545004;0;0;0
FR;0;2021-02-12;79171;74110;0;0;0;2402314;619114;0;0;0
FR;0;2021-02-13;22309;19458;0;0;0;2424623;638572;0;0;0
FR;0;2021-02-14;5033;7179;0;0;0;2429656;645751;0;0;0
FR;0;2021-02-15;37989;76358;0;0;0;2467645;722109;0;0;0
FR;0;2021-02-16;50264;100488;0;0;0;2517909;822597;0;0;0
FR;0;2021-02-17;50407;102780;1;0;0;2568316;925377;1;0;0
FR;0;2021-02-18;69594;118335;0;0;0;2637910;1043712;1;0;0
FR;0;2021-02-19;64978;90560;1;0;0;2702888;1134272;2;0;0
FR;0;2021-02-20;18555;28364;0;0;0;2721443;1162636;2;0;0
FR;0;2021-02-21;3266;6367;0;0;0;2724709;1169003;2;0;0
FR;0;2021-02-22;37426;73001;1;0;0;2762135;1242004;3;0;0
FR;0;2021-02-23;53706;83908;1;0;0;2815841;1325912;4;0;0
FR;0;2021-02-24;59895;80982;1;0;0;2875736;1406894;5;0;0
FR;0;2021-02-25;100483;91244;1;0;0;2976219;1498138;6;0;0
FR;0;2021-02-26;113358;70884;0;0;0;3089577;1569022;6;0;0
FR;0;2021-02-27;52059;21940;0;0;0;3141636;1590962;6;0;0
FR;0;2021-02-28;6156;4406;1;0;0;3147792;1595368;7;0;0
FR;0;2021-03-01;65762;52685;2;0;0;3213554;1648053;9;0;0
FR;0;2021-03-02;101284;66124;2;0;0;3314838;1714177;11;0;0
FR;0;2021-03-03;116335;65425;0;0;0;3431173;1779602;11;0;0
FR;0;2021-03-04;163432;68757;3;0;0;3594605;1848359;14;0;0
FR;0;2021-03-05;200779;63252;3;0;0;3795384;1911611;17;0;0
FR;0;2021-03-06;207914;17783;3;0;0;4003298;1929394;20;0;0
FR;0;2021-03-07;121263;5456;0;0;0;4124561;1934850;20;0;0
FR;0;2021-03-08;107033;50722;2;0;0;4231594;1985572;22;0;0
FR;0;2021-03-09;172305;56677;2;0;0;4403899;2042249;24;0;0
FR;0;2021-03-10;178802;57079;4;0;0;4582701;2099328;28;0;0
FR;0;2021-03-11;242720;62971;1;0;0;4825421;2162299;29;0;0
FR;0;2021-03-12;294725;53413;0;0;0;5120146;2215712;29;0;0
FR;0;2021-03-13;231309;15251;1;0;0;5351455;2230963;30;0;0
FR;0;2021-03-14;63293;3419;1;0;0;5414748;2234382;31;0;0
FR;0;2021-03-15;158408;32573;3;0;0;5573156;2266955;34;0;0
FR;0;2021-03-16;141522;39454;4;0;0;5714678;2306409;38;0;0
FR;0;2021-03-17;150387;38725;5;0;0;5865065;2345134;43;0;0
FR;0;2021-03-18;167737;44553;4;0;0;6032802;2389687;47;0;0
FR;0;2021-03-19;229971;37386;2;0;0;6262773;2427073;49;0;0
FR;0;2021-03-20;166613;11755;0;0;0;6429386;2438828;49;0;0
FR;0;2021-03-21;49858;2621;1;0;0;6479244;2441449;50;0;0
FR;0;2021-03-22;169885;34236;1;0;0;6649129;2475685;51;0;0
FR;0;2021-03-23;250232;42313;1;0;0;6899361;2517998;52;0;0
FR;0;2021-03-24;256780;43766;0;0;0;7156141;2561764;52;0;0
FR;0;2021-03-25;341757;44654;5;0;0;7497898;2606418;57;0;0
FR;0;2021-03-26;358655;41782;4;0;0;7856553;2648200;61;0;0
FR;0;2021-03-27;195186;16621;1;0;0;8051739;2664821;62;0;0
FR;0;2021-03-28;59290;3726;3;0;0;8111029;2668547;65;0;0
FR;0;2021-03-29;202874;54202;4;0;0;8313903;2722749;69;0;0
FR;0;2021-03-30;285291;69520;4;0;0;8599194;2792269;73;0;0
FR;0;2021-03-31;262870;72796;3;0;0;8862064;2865065;76;0;0
FR;0;2021-04-01;315395;87655;12;0;0;9177459;2952720;88;0;0
FR;0;2021-04-02;281362;91946;7;0;0;9458821;3044666;95;0;0
FR;0;2021-04-03;140887;61737;5;0;0;9599708;3106403;100;0;0
FR;0;2021-04-04;46274;18633;2;0;0;9645982;3125036;102;0;0
FR;0;2021-04-05;64139;10977;11;0;0;9710121;3136013;113;0;0
FR;0;2021-04-06;217089;107662;17;0;0;9927210;3243675;130;0;0
FR;0;2021-04-07;260171;115284;17;0;0;10187381;3358959;147;0;0
FR;0;2021-04-08;337724;121219;14;0;0;10525105;3480178;161;0;0
FR;0;2021-04-09;409997;116299;48;0;0;10935102;3596477;209;0;0
FR;0;2021-04-10;212542;82634;14;0;0;11147644;3679111;223;0;0
FR;0;2021-04-11;56022;34537;7;0;0;11203666;3713648;230;0;0
FR;0;2021-04-12;236945;115032;44;0;0;11440611;3828680;274;0;0
FR;0;2021-04-13;309324;144716;97;0;0;11749935;3973396;371;0;0
FR;0;2021-04-14;294396;139167;210;0;0;12044331;4112563;581;0;0
FR;0;2021-04-15;337504;147631;329;0;0;12381835;4260194;910;0;0
FR;0;2021-04-16;339221;145528;350;0;0;12721056;4405722;1260;0;0
FR;0;2021-04-17;188559;90105;106;0;0;12909615;4495827;1366;0;0
FR;0;2021-04-18;51534;35393;44;0;0;12961149;4531220;1410;0;0
FR;0;2021-04-19;205500;138140;453;0;0;13166649;4669360;1863;0;0
FR;0;2021-04-20;254278;170442;559;0;0;13420927;4839802;2422;0;0
FR;0;2021-04-21;253075;168569;827;0;0;13674002;5008371;3249;0;0
FR;0;2021-04-22;287362;187941;814;0;0;13961364;5196312;4063;0;0
FR;0;2021-04-23;298094;182981;737;0;0;14259458;5379293;4800;0;0
FR;0;2021-04-24;190331;111411;245;0;0;14449789;5490704;5045;0;0
FR;0;2021-04-25;69440;38810;51;0;0;14519229;5529514;5096;0;0
FR;0;2021-04-26;220794;155826;551;0;0;14740023;5685340;5647;0;0
FR;0;2021-04-27;284447;187159;929;0;0;15024470;5872499;6576;0;0
FR;0;2021-04-28;299369;182897;1406;1;1;15323839;6055396;7982;1;1
FR;0;2021-04-29;357010;195824;1270;0;0;15680849;6251220;9252;1;1
FR;0;2021-04-30;372099;184519;1112;1;1;16052948;6435739;10364;2;2
FR;0;2021-05-01;167892;52456;178;0;0;16220840;6488195;10542;2;2
FR;0;2021-05-02;91790;37781;82;0;0;16312630;6525976;10624;2;2
FR;0;2021-05-03;289454;169377;827;0;0;16602084;6695353;11451;2;2
FR;0;2021-05-04;316091;223936;1219;0;0;16918175;6919289;12670;2;2
FR;0;2021-05-05;327682;224158;1300;0;0;17245857;7143447;13970;2;2
FR;0;2021-05-06;379546;238779;1611;0;0;17625403;7382226;15581;2;2
FR;0;2021-05-07;373116;256907;1209;0;0;17998519;7639133;16790;2;2
FR;0;2021-05-08;222068;66770;293;0;0;18220587;7705903;17083;2;2
FR;0;2021-05-09;129604;46670;240;0;0;18350191;7752573;17323;2;2
FR;0;2021-05-10;313685;228652;1213;0;0;18663876;7981225;18536;2;2
FR;0;2021-05-11;403791;257709;1549;0;0;19067667;8238934;20085;2;2
FR;0;2021-05-12;434217;232870;1511;0;0;19501884;8471804;21596;2;2
FR;0;2021-05-13;338588;56766;424;0;0;19840472;8528570;22020;2;2
FR;0;2021-05-14;454251;167189;1103;0;0;20294723;8695759;23123;2;2
FR;0;2021-05-15;374499;93840;430;0;0;20669222;8789599;23553;2;2
FR;0;2021-05-16;202617;20768;164;0;0;20871839;8810367;23717;2;2
FR;0;2021-05-17;376039;148872;1533;0;0;21247878;8959239;25250;2;2
FR;0;2021-05-18;459464;152900;1959;0;0;21707342;9112139;27209;2;2
FR;0;2021-05-19;467270;145067;2433;0;0;22174612;9257206;29642;2;2
FR;0;2021-05-20;507596;160055;2308;0;0;22682208;9417261;31950;2;2
FR;0;2021-05-21;489446;174242;1956;0;0;23171654;9591503;33906;2;2
FR;0;2021-05-22;347015;79716;666;0;0;23518669;9671219;34572;2;2
FR;0;2021-05-23;161566;14402;244;0;0;23680235;9685621;34816;2;2
FR;0;2021-05-24;263026;33141;592;0;0;23943261;9718762;35408;2;2
FR;0;2021-05-25;399992;188992;2309;0;0;24343253;9907754;37717;2;2
FR;0;2021-05-26;413215;187883;2192;0;0;24756468;10095637;39909;2;2
FR;0;2021-05-27;449536;218331;2129;0;0;25206004;10313968;42038;2;2
FR;0;2021-05-28;429363;259264;1870;0;0;25635367;10573232;43908;2;2
FR;0;2021-05-29;298833;149226;576;0;0;25934200;10722458;44484;2;2
FR;0;2021-05-30;106996;32550;161;0;0;26041196;10755008;44645;2;2
FR;0;2021-05-31;357752;203226;1455;1;1;26398948;10958234;46100;3;3
FR;0;2021-06-01;432636;251284;1926;1;1;26831584;11209518;48026;4;4
FR;0;2021-06-02;422563;230562;1949;0;0;27254147;11440080;49975;4;4
FR;0;2021-06-03;465139;258348;1793;0;0;27719286;11698428;51768;4;4
FR;0;2021-06-04;456721;304471;1705;1;1;28176007;12002899;53473;5;5
FR;0;2021-06-05;304688;188850;641;0;0;28480695;12191749;54114;5;5
FR;0;2021-06-06;133325;49055;226;0;0;28614020;12240804;54340;5;5
FR;0;2021-06-07;339141;262020;1500;0;0;28953161;12502824;55840;5;5
FR;0;2021-06-08;394022;290844;1770;0;0;29347183;12793668;57610;5;5
FR;0;2021-06-09;384922;275569;1704;0;0;29732105;13069237;59314;5;5
FR;0;2021-06-10;404983;289039;1696;1;1;30137088;13358276;61010;6;6
FR;0;2021-06-11;386569;357122;1440;0;0;30523657;13715398;62450;6;6
FR;0;2021-06-12;282998;211214;481;0;0;30806655;13926612;62931;6;6
FR;0;2021-06-13;104691;73973;199;0;0;30911346;14000585;63130;6;6
FR;0;2021-06-14;240702;355575;1414;1;1;31152048;14356160;64544;7;7
FR;0;2021-06-15;307772;385572;1532;1;1;31459820;14741732;66076;8;8
FR;0;2021-06-16;313795;357348;1401;1;1;31773615;15099080;67477;9;9
FR;0;2021-06-17;317587;371797;1408;0;0;32091202;15470877;68885;9;9
FR;0;2021-06-18;321734;442257;1308;1;1;32412936;15913134;70193;10;10
FR;0;2021-06-19;224170;273646;441;0;0;32637106;16186780;70634;10;10
FR;0;2021-06-20;74254;102511;123;0;0;32711360;16289291;70757;10;10
FR;0;2021-06-21;195493;401667;1005;1;1;32906853;16690958;71762;11;11
FR;0;2021-06-22;222875;466827;1244;10;10;33129728;17157785;73006;21;21
FR;0;2021-06-23;233632;439473;1179;1;1;33363360;17597258;74185;22;22
FR;0;2021-06-24;241590;408908;1321;0;0;33604950;18006166;75506;22;22
FR;0;2021-06-25;227654;521821;1379;0;0;33832604;18527987;76885;22;22
FR;0;2021-06-26;152977;370496;572;1;1;33985581;18898483;77457;23;23
FR;0;2021-06-27;55748;156245;163;0;0;34041329;19054728;77620;23;23
FR;0;2021-06-28;154389;452828;1148;0;0;34195718;19507556;78768;23;23
FR;0;2021-06-29;182307;505455;2111;0;0;34378025;20013011;80879;23;23
FR;0;2021-06-30;203528;481093;1995;21;21;34581553;20494104;82874;44;44
FR;0;2021-07-01;232595;457267;2215;5;5;34814148;20951371;85089;49;49
FR;0;2021-07-02;227888;519973;2114;4;4;35042036;21471344;87203;53;53
FR;0;2021-07-03;141777;368466;908;3;3;35183813;21839810;88111;56;56
FR;0;2021-07-04;56572;141218;265;0;0;35240385;21981028;88376;56;56
FR;0;2021-07-05;168369;419076;1662;6;5;35408754;22400104;90038;62;61
FR;0;2021-07-06;196561;474601;1817;42;42;35605315;22874705;91855;104;103
FR;0;2021-07-07;213166;438994;1870;20;20;35818481;23313699;93725;124;123
FR;0;2021-07-08;231433;423809;2086;20;20;36049914;23737508;95811;144;143
FR;0;2021-07-09;228081;509420;2182;4;4;36277995;24246928;97993;148;147
FR;0;2021-07-10;148211;339463;977;1;1;36426206;24586391;98970;149;148
FR;0;2021-07-11;59986;110002;279;0;0;36486192;24696393;99249;149;148
FR;0;2021-07-12;168778;477773;1748;4;4;36654970;25174166;100997;153;152
FR;0;2021-07-13;286844;527148;2040;6;6;36941814;25701314;103037;159;158
FR;0;2021-07-14;180530;157639;430;0;0;37122344;25858953;103467;159;158
FR;0;2021-07-15;346476;501947;2092;1;1;37468820;26360900;105559;160;159
FR;0;2021-07-16;379396;495689;2016;3;3;37848216;26856589;107575;163;162
FR;0;2021-07-17;259505;319703;871;1;1;38107721;27176292;108446;164;163
FR;0;2021-07-18;109557;114851;310;0;0;38217278;27291143;108756;164;163
FR;0;2021-07-19;284996;424934;1619;3;3;38502274;27716077;110375;167;166
FR;0;2021-07-20;376482;452525;1718;0;0;38878756;28168602;112093;167;166
FR;0;2021-07-21;395273;407943;1547;4;4;39274029;28576545;113640;171;170
FR;0;2021-07-22;440459;387974;1707;4;4;39714488;28964519;115347;175;174
FR;0;2021-07-23;438021;422377;1867;4;4;40152509;29386896;117214;179;178
FR;0;2021-07-24;285014;269616;795;1;1;40437523;29656512;118009;180;179
FR;0;2021-07-25;120934;80080;225;0;0;40558457;29736592;118234;180;179
FR;0;2021-07-26;346908;323285;1612;3;3;40905365;30059877;119846;183;182
FR;0;2021-07-27;463363;320190;1694;4;4;41368728;30380067;121540;187;186
FR;0;2021-07-28;458815;289881;1631;4;4;41827543;30669948;123171;191;190
FR;0;2021-07-29;489021;276351;1790;2;2;42316564;30946299;124961;193;192
FR;0;2021-07-30;461148;302314;1931;5;5;42777712;31248613;126892;198;197
FR;0;2021-07-31;285102;184704;908;1;1;43062814;31433317;127800;199;198
FR;0;2021-08-01;112158;49955;247;0;0;43174972;31483272;128047;199;198
FR;0;2021-08-02;341547;233894;1588;1;1;43516519;31717166;129635;200;199
FR;0;2021-08-03;396858;244911;1699;2;2;43913377;31962077;131334;202;201
FR;0;2021-08-04;384353;209889;1589;5;5;44297730;32171966;132923;207;206
FR;0;2021-08-05;365399;228388;1698;0;0;44663129;32400354;134621;207;206
FR;0;2021-08-06;359054;271374;1828;3;3;45022183;32671728;136449;210;209
FR;0;2021-08-07;212455;178199;758;4;4;45234638;32849927;137207;214;213
FR;0;2021-08-08;75438;63180;266;0;0;45310076;32913107;137473;214;213
FR;0;2021-08-09;258198;259458;1536;4;4;45568274;33172565;139009;218;217
FR;0;2021-08-10;305812;277996;1644;2;2;45874086;33450561;140653;220;219
FR;0;2021-08-11;278878;260143;1431;5;5;46152964;33710704;142084;225;224
FR;0;2021-08-12;270685;277948;1650;3;3;46423649;33988652;143734;228;227
FR;0;2021-08-13;251616;275368;1578;3;3;46675265;34264020;145312;231;230
FR;0;2021-08-14;144935;197710;736;0;0;46820200;34461730;146048;231;230
FR;0;2021-08-15;38825;50167;209;1;1;46859025;34511897;146257;232;231
FR;0;2021-08-16;185425;318080;1532;0;0;47044450;34829977;147789;232;231
FR;0;2021-08-17;215182;336420;1622;4;4;47259632;35166397;149411;236;235
FR;0;2021-08-18;198504;324455;1579;7;7;47458136;35490852;150990;243;242
FR;0;2021-08-19;191493;325041;1618;1;1;47649629;35815893;152608;244;243
FR;0;2021-08-20;185817;364641;1782;3;3;47835446;36180534;154390;247;246
FR;0;2021-08-21;104474;237823;696;0;0;47939920;36418357;155086;247;246
FR;0;2021-08-22;31784;87104;248;1;1;47971704;36505461;155334;248;247
FR;0;2021-08-23;140577;356658;1546;3;3;48112281;36862119;156880;251;250
FR;0;2021-08-24;162046;376525;1822;3;3;48274327;37238644;158702;254;253
FR;0;2021-08-25;150434;350260;2013;5;5;48424761;37588904;160715;259;258
FR;0;2021-08-26;142469;341801;2547;10;10;48567230;37930705;163262;269;268
FR;0;2021-08-27;148000;386811;2776;10;10;48715230;38317516;166038;279;278
FR;0;2021-08-28;90333;249234;1398;0;0;48805563;38566750;167436;279;278
FR;0;2021-08-29;27188;83118;504;1;1;48832751;38649868;167940;280;279
FR;0;2021-08-30;116793;324297;4690;6;6011;48949544;38974165;172630;286;6290
FR;0;2021-08-31;128443;334269;10142;17;11810;49077987;39308434;182772;303;18100
FR;0;2021-09-01;137024;284835;22371;7;23930;49215011;39593269;205143;310;42030
FR;0;2021-09-02;111963;246778;26447;12;28650;49326974;39840047;231590;322;70680
FR;0;2021-09-03;118055;292049;29913;24;32754;49445029;40132096;261503;346;103434
FR;0;2021-09-04;89414;217264;12560;12;13942;49534443;40349360;274063;358;117376
FR;0;2021-09-05;21246;44968;4374;2;4704;49555689;40394328;278437;360;122080
FR;0;2021-09-06;75906;180570;31913;16;34025;49631595;40574898;310350;376;156105
FR;0;2021-09-07;78078;180840;33207;39;35911;49709673;40755738;343557;415;192016
FR;0;2021-09-08;89224;205656;29606;26;32122;49798897;40961394;373163;441;224138
FR;0;2021-09-09;75639;164660;32969;25;36186;49874536;41126054;406132;466;260324
FR;0;2021-09-10;95334;202848;35656;24;40167;49969870;41328902;441788;490;300491
FR;0;2021-09-11;65974;168560;12104;17;14094;50035844;41497462;453892;507;314585
FR;0;2021-09-12;12705;32054;2749;2;3112;50048549;41529516;456641;509;317697
FR;0;2021-09-13;64475;126145;41121;32;43707;50113024;41655661;497762;541;361404
FR;0;2021-09-14;73304;128742;56204;79;61569;50186328;41784403;553966;620;422973
FR;0;2021-09-15;76936;167265;55517;57;54690;50263264;41951668;609483;677;477663
FR;0;2021-09-16;64058;113891;59912;86;59946;50327322;42065559;669395;763;537609
FR;0;2021-09-17;75464;156230;53713;70;57164;50402786;42221789;723108;833;594773
FR;0;2021-09-18;48073;139073;15571;25;17248;50450859;42360862;738679;858;612021
FR;0;2021-09-19;7808;23745;2423;2;2626;50458667;42384607;741102;860;614647
FR;0;2021-09-20;45873;93586;49937;75;50158;50504540;42478193;791039;935;664805
FR;0;2021-09-21;45741;98126;62601;78;63306;50550281;42576319;853640;1013;728111
FR;0;2021-09-22;48447;140908;55209;84;55142;50598728;42717227;908849;1097;783253
FR;0;2021-09-23;43103;90512;62243;93;63339;50641831;42807739;971092;1190;846592
FR;0;2021-09-24;52443;131507;54419;110;59022;50694274;42939246;1025511;1300;905614
FR;0;2021-09-25;35010;114705;16247;36;18212;50729284;43053951;1041758;1336;923826
FR;0;2021-09-26;5519;17791;2238;4;2310;50734803;43071742;1043996;1340;926136
FR;0;2021-09-27;33965;76475;47064;95;48136;50768768;43148217;1091060;1435;974272
FR;0;2021-09-28;36372;74260;54744;88;56330;50805140;43222477;1145804;1523;1030602
FR;0;2021-09-29;44213;100174;53192;110;54753;50849353;43322651;1198996;1633;1085355
FR;0;2021-09-30;36378;70300;56864;95;59339;50885731;43392951;1255860;1728;1144694
FR;0;2021-10-01;70290;98547;57693;107;63490;50956021;43491498;1313553;1835;1208184
FR;0;2021-10-02;39989;77699;20921;38;23275;50996010;43569197;1334474;1873;1231459
FR;0;2021-10-03;5216;10592;2509;4;2549;51001226;43579789;1336983;1877;1234008
FR;0;2021-10-04;38300;57670;52541;83;54793;51039526;43637459;1389524;1960;1288801
FR;0;2021-10-05;34476;63728;60830;133;64801;51074002;43701187;1450354;2093;1353602
FR;0;2021-10-06;43476;78434;65572;113;68096;51117478;43779621;1515926;2206;1421698
FR;0;2021-10-07;31133;61280;65274;90;68614;51148611;43840901;1581200;2296;1490312
FR;0;2021-10-08;50434;90980;77669;110;84488;51199045;43931881;1658869;2406;1574800
FR;0;2021-10-09;33693;60318;31474;35;33768;51232738;43992199;1690343;2441;1608568
FR;0;2021-10-10;4531;7071;3163;9;3441;51237269;43999270;1693506;2450;1612009
FR;0;2021-10-11;31873;49440;60943;105;64040;51269142;44048710;1754449;2555;1676049
FR;0;2021-10-12;31647;53888;70429;138;75698;51300789;44102598;1824878;2693;1751747
FR;0;2021-10-13;40621;62060;74318;136;79174;51341410;44164658;1899196;2829;1830921
FR;0;2021-10-14;31070;52249;68633;113;73629;51372480;44216907;1967829;2942;1904550
FR;0;2021-10-15;46601;74085;93133;187;102872;51419081;44290992;2060962;3129;2007422
FR;0;2021-10-16;31353;43816;36643;44;39588;51450434;44334808;2097605;3173;2047010
FR;0;2021-10-17;3835;5289;3573;2;3658;51454269;44340097;2101178;3175;2050668
FR;0;2021-10-18;28037;40546;67416;131;71344;51482306;44380643;2168594;3306;2122012
FR;0;2021-10-19;27262;42957;76297;139;81638;51509568;44423600;2244891;3445;2203650
FR;0;2021-10-20;35898;51453;96826;178;101401;51545466;44475053;2341717;3623;2305051
FR;0;2021-10-21;26294;44178;83816;112;88904;51571760;44519231;2425533;3735;2393955
FR;0;2021-10-22;38835;61482;104807;196;112467;51610595;44580713;2530340;3931;2506422
FR;0;2021-10-23;26945;39828;45398;56;48519;51637540;44620541;2575738;3987;2554941
FR;0;2021-10-24;2916;4764;3665;6;3929;51640456;44625305;2579403;3993;2558870
FR;0;2021-10-25;26282;35466;82228;144;86594;51666738;44660771;2661631;4137;2645464
FR;0;2021-10-26;23808;34616;87105;165;92208;51690546;44695387;2748736;4302;2737672
FR;0;2021-10-27;30018;45639;108869;258;114543;51720564;44741026;2857605;4560;2852215
FR;0;2021-10-28;23464;34062;88544;151;94286;51744028;44775088;2946149;4711;2946501
FR;0;2021-10-29;31684;50294;117366;205;125174;51775712;44825382;3063515;4916;3071675
FR;0;2021-10-30;20435;32878;50285;78;53346;51796147;44858260;3113800;4994;3125021
FR;0;2021-10-31;2496;3863;3568;3;3878;51798643;44862123;3117368;4997;3128899
FR;0;2021-11-01;9406;3965;3319;3;3611;51808049;44866088;3120687;5000;3132510
FR;0;2021-11-02;25950;39491;93568;155;99477;51833999;44905579;3214255;5155;3231987
FR;0;2021-11-03;29828;47197;118895;216;125893;51863827;44952776;3333150;5371;3357880
FR;0;2021-11-04;23773;37191;107504;217;114418;51887600;44989967;3440654;5588;3472298
FR;0;2021-11-05;32322;52924;141579;232;151296;51919922;45042891;3582233;5820;3623594
FR;0;2021-11-06;21435;34735;64816;122;68233;51941357;45077626;3647049;5942;3691827
FR;0;2021-11-07;2353;4603;5151;6;5604;51943710;45082229;3652200;5948;3697431
FR;0;2021-11-08;20328;38085;127277;225;134284;51964038;45120314;3779477;6173;3831715
FR;0;2021-11-09;22055;44979;161701;342;172264;51986093;45165293;3941178;6515;4003979
FR;0;2021-11-10;31351;54846;187232;442;199053;52017444;45220139;4128410;6957;4203032
FR;0;2021-11-11;4102;6433;13147;26;14001;52021546;45226572;4141557;6983;4217033
FR;0;2021-11-12;28854;55564;183916;247;197476;52050400;45282136;4325473;7230;4414509
FR;0;2021-11-13;20225;33296;80774;117;86423;52070625;45315432;4406247;7347;4500932
FR;0;2021-11-14;2296;4370;7201;6;7957;52072921;45319802;4413448;7353;4508889
FR;0;2021-11-15;20357;40199;161572;312;172379;52093278;45360001;4575020;7665;4681268
FR;0;2021-11-16;23221;45342;200462;387;215182;52116499;45405343;4775482;8052;4896450
FR;0;2021-11-17;30261;51691;200057;406;213270;52146760;45457034;4975539;8458;5109720
FR;0;2021-11-18;23233;45208;192305;465;206246;52169993;45502242;5167844;8923;5315966
FR;0;2021-11-19;33597;63026;243542;546;262604;52203590;45565268;5411386;9469;5578570
FR;0;2021-11-20;25273;37912;102235;205;109818;52228863;45603180;5513621;9674;5688388
FR;0;2021-11-21;2589;5552;9620;18;10696;52231452;45608732;5523241;9692;5699084
FR;0;2021-11-22;22742;35540;181399;468;195840;52254194;45644272;5704640;10160;5894924
FR;0;2021-11-23;25424;47675;230162;547;248687;52279618;45691947;5934802;10707;6143611
FR;0;2021-11-24;31702;55533;225705;716;244254;52311320;45747480;6160507;11423;6387865
FR;0;2021-11-25;25268;50939;257283;740;279137;52336588;45798419;6417790;12163;6667002
FR;0;2021-11-26;33134;76738;380659;862;415985;52369722;45875157;6798449;13025;7082987
FR;0;2021-11-27;23156;50648;216128;388;238056;52392878;45925805;7014577;13413;7321043
FR;0;2021-11-28;3452;11733;56793;65;63489;52396330;45937538;7071370;13478;7384532
FR;0;2021-11-29;19379;56268;343149;864;373591;52415709;45993806;7414519;14342;7758123
FR;0;2021-11-30;24273;73833;458677;984;502440;52439982;46067639;7873196;15326;8260563
FR;0;2021-12-01;25727;78026;473289;1157;515837;52465709;46145665;8346485;16483;8776400
FR;0;2021-12-02;21711;74256;528944;1272;577087;52487420;46219921;8875429;17755;9353487
FR;0;2021-12-03;25310;94798;598547;1414;653778;52512730;46314719;9473976;19169;10007265
FR;0;2021-12-04;18178;62469;336698;690;370586;52530908;46377188;9810674;19859;10377851
FR;0;2021-12-05;4139;17781;95944;156;107428;52535047;46394969;9906618;20015;10485279
FR;0;2021-12-06;19055;76162;494480;1171;541807;52554102;46471131;10401098;21186;11027086
FR;0;2021-12-07;23212;94677;646016;1762;707584;52577314;46565808;11047114;22948;11734670
FR;0;2021-12-08;25145;94995;592590;1870;649326;52602459;46660803;11639704;24818;12383996
FR;0;2021-12-09;23867;97042;663802;2176;727977;52626326;46757845;12303506;26994;13111973
FR;0;2021-12-10;27018;113277;737166;2070;808044;52653344;46871122;13040672;29064;13920017
FR;0;2021-12-11;20208;77550;435376;982;481069;52673552;46948672;13476048;30046;14401086
FR;0;2021-12-12;5599;24203;142246;261;159391;52679151;46972875;13618294;30307;14560477
FR;0;2021-12-13;20995;93106;588256;1696;650702;52700146;47065981;14206550;32003;15211179
FR;0;2021-12-14;26944;119855;765603;2637;848787;52727090;47185836;14972153;34640;16059966
FR;0;2021-12-15;27950;115616;694704;2260;770362;52755040;47301452;15666857;36900;16830328
FR;0;2021-12-16;27832;117737;764316;2554;845680;52782872;47419189;16431173;39454;17676008
FR;0;2021-12-17;31447;130583;808301;2708;893663;52814319;47549772;17239474;42162;18569671
FR;0;2021-12-18;24903;82626;470000;1178;522813;52839222;47632398;17709474;43340;19092484
FR;0;2021-12-19;8726;30171;169401;374;191491;52847948;47662569;17878875;43714;19283975
FR;0;2021-12-20;31633;99305;593167;1786;661291;52879581;47761874;18472042;45500;19945266
FR;0;2021-12-21;39146;113335;682733;2383;760914;52918727;47875209;19154775;47883;20706180
FR;0;2021-12-22;39369;100007;576050;2163;643567;52958096;47975216;19730825;50046;21349747
FR;0;2021-12-23;33640;80331;441807;1646;496067;52991736;48055547;20172632;51692;21845814
FR;0;2021-12-24;10602;27208;111535;394;127542;53002338;48082755;20284167;52086;21973356
FR;0;2021-12-25;749;3914;7618;25;9177;53003087;48086669;20291785;52111;21982533
FR;0;2021-12-26;4687;12354;52083;132;60333;53007774;48099023;20343868;52243;22042866
FR;0;2021-12-27;30233;84519;454615;1362;511152;53038007;48183542;20798483;53605;22554018
FR;0;2021-12-28;38234;99764;564667;1758;634629;53076241;48283306;21363150;55363;23188647
FR;0;2021-12-29;39784;88986;501657;1684;563464;53116025;48372292;21864807;57047;23752111
FR;0;2021-12-30;35802;75277;421450;1518;473667;53151827;48447569;22286257;58565;24225778
FR;0;2021-12-31;11814;25493;117245;405;132810;53163641;48473062;22403502;58970;24358588
FR;0;2022-01-01;1157;3262;8538;37;10024;53164798;48476324;22412040;59007;24368612
FR;0;2022-01-02;6020;13541;58415;122;67380;53170818;48489865;22470455;59129;24435992
FR;0;2022-01-03;31095;88057;495795;1587;555206;53201913;48577922;22966250;60716;24991198
FR;0;2022-01-04;40269;111387;641507;2302;718628;53242182;48689309;23607757;63018;25709826
FR;0;2022-01-05;59422;103998;569616;1973;638413;53301604;48793307;24177373;64991;26348239
FR;0;2022-01-06;43675;111477;639158;2679;716642;53345279;48904784;24816531;67670;27064881
FR;0;2022-01-07;50259;124952;711657;2807;796517;53395538;49029736;25528188;70477;27861398
FR;0;2022-01-08;44693;81855;423797;1206;475525;53440231;49111591;25951985;71683;28336923
FR;0;2022-01-09;15564;26880;128491;298;146538;53455795;49138471;26080476;71981;28483461
FR;0;2022-01-10;34657;85976;470935;1806;527751;53490452;49224447;26551411;73787;29011212
FR;0;2022-01-11;41388;99528;548500;2296;614377;53531840;49323975;27099911;76083;29625589
FR;0;2022-01-12;59834;94771;452837;1958;509409;53591674;49418746;27552748;78041;30134998
FR;0;2022-01-13;37650;91856;487599;2072;547087;53629324;49510602;28040347;80113;30682085
FR;0;2022-01-14;42082;103031;569250;2278;636616;53671406;49613633;28609597;82391;31318701
FR;0;2022-01-15;39165;65839;340098;972;381022;53710571;49679472;28949695;83363;31699723
FR;0;2022-01-16;11346;20727;87316;212;100204;53721917;49700199;29037011;83575;31799927
FR;0;2022-01-17;24430;62087;321650;1374;359790;53746347;49762286;29358661;84949;32159717
FR;0;2022-01-18;27949;70474;361611;1792;404184;53774296;49832760;29720272;86741;32563901
FR;0;2022-01-19;42835;68731;281662;1442;316127;53817131;49901491;30001934;88183;32880028
FR;0;2022-01-20;23117;61051;299437;1725;334799;53840248;49962542;30301371;89908;33214827
FR;0;2022-01-21;27744;70256;367094;2073;408814;53867992;50032798;30668465;91981;33623641
FR;0;2022-01-22;27482;47719;218731;836;244650;53895474;50080517;30887196;92817;33868291
FR;0;2022-01-23;6660;13857;48516;171;55675;53902134;50094374;30935712;92988;33923966
FR;0;2022-01-24;16093;49189;216671;1128;242891;53918227;50143563;31152383;94116;34166857
FR;0;2022-01-25;18797;56101;243093;1541;273427;53937024;50199664;31395476;95657;34440284
FR;0;2022-01-26;27766;61048;208852;1284;233630;53964790;50260712;31604328;96941;34673914
FR;0;2022-01-27;16025;47330;206700;1241;230695;53980815;50308042;31811028;98182;34904609
FR;0;2022-01-28;21331;77144;289483;1566;328652;54002146;50385186;32100511;99748;35233261
FR;0;2022-01-29;18326;54451;182930;679;206694;54020472;50439637;32283441;100427;35439955
FR;0;2022-01-30;4420;15635;38959;122;45565;54024892;50455272;32322400;100549;35485520
FR;0;2022-01-31;11129;43879;147342;732;168160;54036021;50499151;32469742;101281;35653680
FR;0;2022-02-01;12338;48009;169168;1100;193203;54048359;50547160;32638910;102381;35846883
FR;0;2022-02-02;19405;65715;165236;948;189421;54067764;50612875;32804146;103329;36036304
FR;0;2022-02-03;10702;44498;150903;956;173105;54078466;50657373;32955049;104285;36209409
FR;0;2022-02-04;14179;67090;233461;1230;267051;54092645;50724463;33188510;105515;36476460
FR;0;2022-02-05;12449;52369;151338;516;173651;54105094;50776832;33339848;106031;36650111
FR;0;2022-02-06;2680;13116;28408;99;33965;54107774;50789948;33368256;106130;36684076
FR;0;2022-02-07;9026;45972;148879;573;172861;54116800;50835920;33517135;106703;36856937
FR;0;2022-02-08;9273;41138;160276;832;184296;54126073;50877058;33677411;107535;37041233
FR;0;2022-02-09;13735;55795;164688;797;190232;54139808;50932853;33842099;108332;37231465
