fra;vaccin;jour;n_dose1;n_dose2;n_dose3;n_dose4;n_complet;n_rappel;n_2_rappel;n_rappel_biv;n_3_rappel;n_cum_dose1;n_cum_dose2;n_cum_dose3;n_cum_dose4;n_cum_complet;n_cum_rappel;n_cum_2_rappel;n_cum_rappel_biv;n_cum_3_rappel
FR;1;2020-12-27;616;0;0;0;55;0;0;0;0;616;0;0;0;55;0;0;0;0
FR;1;2020-12-28;704;1;0;0;43;0;0;0;0;1320;1;0;0;98;0;0;0;0
FR;1;2020-12-29;387;0;0;0;19;0;0;0;0;1707;1;0;0;117;0;0;0;0
FR;1;2020-12-30;455;0;0;0;19;0;0;0;0;2162;1;0;0;136;0;0;0;0
FR;1;2020-12-31;449;1;0;0;21;0;0;0;0;2611;2;0;0;157;0;0;0;0
FR;1;2021-01-01;1192;2;0;0;66;0;0;0;0;3803;4;0;0;223;0;0;0;0
FR;1;2021-01-02;369;4;0;0;29;0;0;0;0;4172;8;0;0;252;0;0;0;0
FR;1;2021-01-03;417;0;0;0;23;0;0;0;0;4589;8;0;0;275;0;0;0;0
FR;1;2021-01-04;2141;5;0;0;51;0;0;0;0;6730;13;0;0;326;0;0;0;0
FR;1;2021-01-05;7772;6;0;0;128;0;0;0;0;14502;19;0;0;454;0;0;0;0
FR;1;2021-01-06;12477;23;0;0;127;0;0;0;0;26979;42;0;0;581;0;0;0;0
FR;1;2021-01-07;29477;24;0;0;159;0;0;0;0;56456;66;0;0;740;0;0;0;0
FR;1;2021-01-08;37169;35;0;0;203;0;0;0;0;93625;101;0;0;943;0;0;0;0
FR;1;2021-01-09;11220;9;0;0;77;0;0;0;0;104845;110;0;0;1020;0;0;0;0
FR;1;2021-01-10;6015;8;0;0;28;0;0;0;0;110860;118;0;0;1048;0;0;0;0
FR;1;2021-01-11;39954;39;0;0;231;0;0;0;0;150814;157;0;0;1279;0;0;0;0
FR;1;2021-01-12;62160;30;0;0;298;0;0;0;0;212974;187;0;0;1577;0;0;0;0
FR;1;2021-01-13;65146;62;0;0;432;0;0;0;0;278120;249;0;0;2009;0;0;0;0
FR;1;2021-01-14;81470;260;0;0;959;0;0;0;0;359590;509;0;0;2968;0;0;0;0
FR;1;2021-01-15;68635;101;0;0;529;0;0;0;0;428225;610;0;0;3497;0;0;0;0
FR;1;2021-01-16;19903;73;0;0;171;0;0;0;0;448128;683;0;0;3668;0;0;0;0
FR;1;2021-01-17;10909;54;0;0;130;0;0;0;0;459037;737;0;0;3798;0;0;0;0
FR;1;2021-01-18;82848;176;0;0;589;0;0;0;0;541885;913;0;0;4387;0;0;0;0
FR;1;2021-01-19;125935;209;0;0;838;0;0;0;0;667820;1122;0;0;5225;0;0;0;0
FR;1;2021-01-20;132434;190;0;0;779;0;0;0;0;800254;1312;0;0;6004;0;0;0;0
FR;1;2021-01-21;153083;196;0;0;896;0;0;0;0;953337;1508;0;0;6900;0;0;0;0
FR;1;2021-01-22;115969;239;0;0;775;0;0;0;0;1069306;1747;0;0;7675;0;0;0;0
FR;1;2021-01-23;36616;83;0;0;206;0;0;0;0;1105922;1830;0;0;7881;0;0;0;0
FR;1;2021-01-24;9589;127;0;0;186;0;0;0;0;1115511;1957;0;0;8067;0;0;0;0
FR;1;2021-01-25;74442;1452;0;0;1770;0;0;0;0;1189953;3409;0;0;9837;0;0;0;0
FR;1;2021-01-26;96468;3701;1;0;4143;0;0;0;0;1286421;7110;1;0;13980;0;0;0;0
FR;1;2021-01-27;103659;6437;0;0;7121;0;0;0;0;1390080;13547;1;0;21101;0;0;0;0
FR;1;2021-01-28;120623;16393;0;0;17181;0;0;0;0;1510703;29940;1;0;38282;0;0;0;0
FR;1;2021-01-29;88901;18776;0;0;19318;0;0;0;0;1599604;48716;1;0;57600;0;0;0;0
FR;1;2021-01-30;27995;4530;0;0;4654;0;0;0;0;1627599;53246;1;0;62254;0;0;0;0
FR;1;2021-01-31;5194;1905;0;0;1943;0;0;0;0;1632793;55151;1;0;64197;0;0;0;0
FR;1;2021-02-01;49752;23015;0;0;23256;0;0;0;0;1682545;78166;1;0;87453;0;0;0;0
FR;1;2021-02-02;67838;38153;0;0;38611;0;0;0;0;1750383;116319;1;0;126064;0;0;0;0
FR;1;2021-02-03;67104;40192;0;0;40625;0;0;0;0;1817487;156511;1;0;166689;0;0;0;0
FR;1;2021-02-04;77149;55049;0;0;55619;0;0;0;0;1894636;211560;1;0;222308;0;0;0;0
FR;1;2021-02-05;63434;48201;0;0;48605;0;0;0;0;1958070;259761;1;0;270913;0;0;0;0
FR;1;2021-02-06;19428;11420;0;0;11527;0;0;0;0;1977498;271181;1;0;282440;0;0;0;0
FR;1;2021-02-07;3669;6061;0;0;6088;0;0;0;0;1981167;277242;1;0;288528;0;0;0;0
FR;1;2021-02-08;36508;48753;0;0;49004;0;0;0;0;2017675;325995;1;0;337532;0;0;0;0
FR;1;2021-02-09;50825;78405;0;0;78931;0;0;0;0;2068500;404400;1;0;416463;0;0;0;0
FR;1;2021-02-10;52084;83388;0;0;83869;0;0;0;0;2120584;487788;1;0;500332;0;0;0;0
FR;1;2021-02-11;63394;105407;0;0;106303;0;0;0;0;2183978;593195;1;0;606635;0;0;0;0
FR;1;2021-02-12;55886;75782;0;0;76465;0;0;0;0;2239864;668977;1;0;683100;0;0;0;0
FR;1;2021-02-13;15470;19291;0;0;19403;0;0;0;0;2255334;688268;1;0;702503;0;0;0;0
FR;1;2021-02-14;3747;7330;0;0;7396;0;0;0;0;2259081;695598;1;0;709899;0;0;0;0
FR;1;2021-02-15;24174;73659;0;0;73915;0;0;0;0;2283255;769257;1;0;783814;0;0;0;0
FR;1;2021-02-16;32787;95513;0;0;95916;0;0;0;0;2316042;864770;1;0;879730;0;0;0;0
FR;1;2021-02-17;35137;102350;20;0;103003;0;0;0;0;2351179;967120;21;0;982733;0;0;0;0
FR;1;2021-02-18;49463;118474;0;0;119468;0;0;0;0;2400642;1085594;21;0;1102201;0;0;0;0
FR;1;2021-02-19;45399;87810;1;0;88753;0;0;0;0;2446041;1173404;22;0;1190954;0;0;0;0
FR;1;2021-02-20;13398;27019;0;0;27195;0;0;0;0;2459439;1200423;22;0;1218149;0;0;0;0
FR;1;2021-02-21;2471;5945;0;0;6013;0;0;0;0;2461910;1206368;22;0;1224162;0;0;0;0
FR;1;2021-02-22;24725;69400;2;0;69695;0;0;0;0;2486635;1275768;24;0;1293857;0;0;0;0
FR;1;2021-02-23;37441;81532;1;0;82230;0;0;0;0;2524076;1357300;25;0;1376087;0;0;0;0
FR;1;2021-02-24;40714;79353;1;0;80052;0;0;0;0;2564790;1436653;26;0;1456139;0;0;0;0
FR;1;2021-02-25;50175;87748;1;0;88842;0;0;0;0;2614965;1524401;27;0;1544981;0;0;0;0
FR;1;2021-02-26;47233;67560;1;0;68445;0;0;0;0;2662198;1591961;28;0;1613426;0;0;0;0
FR;1;2021-02-27;15690;21357;1;0;21568;0;0;0;0;2677888;1613318;29;0;1634994;0;0;0;0
FR;1;2021-02-28;3566;4107;2;0;4180;0;0;0;0;2681454;1617425;31;0;1639174;0;0;0;0
FR;1;2021-03-01;40228;50296;1;0;51029;0;0;0;0;2721682;1667721;32;0;1690203;0;0;0;0
FR;1;2021-03-02;55994;62434;3;0;63612;0;0;0;0;2777676;1730155;35;0;1753815;0;0;0;0
FR;1;2021-03-03;61268;60497;0;0;61934;0;0;0;0;2838944;1790652;35;0;1815749;0;0;0;0
FR;1;2021-03-04;73020;68379;3;0;70591;0;0;0;0;2911964;1859031;38;0;1886340;0;0;0;0
FR;1;2021-03-05;74787;58599;3;0;60500;0;0;0;0;2986751;1917630;41;0;1946840;0;0;0;0
FR;1;2021-03-06;82472;15740;2;0;17447;0;0;0;0;3069223;1933370;43;0;1964287;0;0;0;0
FR;1;2021-03-07;63733;3928;1;0;5472;0;0;0;0;3132956;1937298;44;0;1969759;0;0;0;0
FR;1;2021-03-08;60196;41140;2;0;42426;0;0;0;0;3193152;1978438;46;0;2012185;0;0;0;0
FR;1;2021-03-09;86015;47371;1;0;49367;0;0;0;0;3279167;2025809;47;0;2061552;0;0;0;0
FR;1;2021-03-10;90947;47748;5;0;50016;0;0;0;0;3370114;2073557;52;0;2111568;0;0;0;0
FR;1;2021-03-11;105103;54592;1;0;57665;0;0;0;0;3475217;2128149;53;0;2169233;0;0;0;0
FR;1;2021-03-12;104166;44879;1;0;47876;0;0;0;0;3579383;2173028;54;0;2217109;0;0;0;0
FR;1;2021-03-13;89223;12583;1;0;14800;0;0;0;0;3668606;2185611;55;0;2231909;0;0;0;0
FR;1;2021-03-14;44462;2668;1;0;4001;0;0;0;0;3713068;2188279;56;0;2235910;0;0;0;0
FR;1;2021-03-15;95537;27954;3;0;30304;0;0;0;0;3808605;2216233;59;0;2266214;0;0;0;0
FR;1;2021-03-16;123607;34027;5;0;37573;0;0;0;0;3932212;2250260;64;0;2303787;0;0;0;0
FR;1;2021-03-17;129325;33528;4;0;37580;0;0;0;0;4061537;2283788;68;0;2341367;0;0;0;0
FR;1;2021-03-18;142918;39173;5;0;43850;0;0;0;0;4204455;2322961;73;0;2385217;0;0;0;0
FR;1;2021-03-19;136282;32026;2;0;36618;0;0;0;0;4340737;2354987;75;0;2421835;0;0;0;0
FR;1;2021-03-20;76026;9749;1;0;11966;0;0;0;0;4416763;2364736;76;0;2433801;0;0;0;0
FR;1;2021-03-21;26521;1974;1;0;2963;0;0;0;0;4443284;2366710;77;0;2436764;0;0;0;0
FR;1;2021-03-22;114783;30211;2;0;34040;0;0;0;0;4558067;2396921;79;0;2470804;0;0;0;0
FR;1;2021-03-23;143063;38017;1;0;42806;0;0;0;0;4701130;2434938;80;0;2513610;0;0;0;0
FR;1;2021-03-24;142029;38395;0;0;43264;0;0;0;0;4843159;2473333;80;0;2556874;0;0;0;0
FR;1;2021-03-25;165044;39856;4;0;46019;0;0;0;0;5008203;2513189;84;0;2602893;0;0;0;0
FR;1;2021-03-26;166426;37396;5;1;44015;0;0;0;0;5174629;2550585;89;1;2646908;0;0;0;0
FR;1;2021-03-27;110906;15480;1;0;19491;0;0;0;0;5285535;2566065;90;1;2666399;0;0;0;0
FR;1;2021-03-28;42314;4427;3;0;5982;0;0;0;0;5327849;2570492;93;1;2672381;0;0;0;0
FR;1;2021-03-29;129851;48972;4;0;53635;0;0;0;0;5457700;2619464;97;1;2726016;0;0;0;0
FR;1;2021-03-30;167763;63818;5;0;70827;0;0;0;0;5625463;2683282;102;1;2796843;0;0;0;0
FR;1;2021-03-31;170969;67992;4;0;75522;0;0;0;0;5796432;2751274;106;1;2872365;0;0;0;0
FR;1;2021-04-01;194881;84115;10;0;93618;0;0;0;0;5991313;2835389;116;1;2965983;0;0;0;0
FR;1;2021-04-02;164477;86879;7;0;94702;0;0;0;0;6155790;2922268;123;1;3060685;0;0;0;0
FR;1;2021-04-03;88262;58208;6;0;61754;0;0;0;0;6244052;2980476;129;1;3122439;0;0;0;0
FR;1;2021-04-04;33665;17728;0;0;19227;0;0;0;0;6277717;2998204;129;1;3141666;0;0;0;0
FR;1;2021-04-05;46430;9568;11;0;11445;0;0;0;0;6324147;3007772;140;1;3153111;0;0;0;0
FR;1;2021-04-06;160351;105634;17;0;112113;0;0;0;0;6484498;3113406;157;1;3265224;0;0;0;0
FR;1;2021-04-07;197041;108099;16;0;116935;0;0;0;0;6681539;3221505;173;1;3382159;0;0;0;0
FR;1;2021-04-08;222190;114339;14;0;125694;0;0;0;0;6903729;3335844;187;1;3507853;0;0;0;0
FR;1;2021-04-09;214616;108038;21;0;118932;0;0;0;0;7118345;3443882;208;1;3626785;0;0;0;0
FR;1;2021-04-10;117208;73238;14;0;78385;0;0;0;0;7235553;3517120;222;1;3705170;0;0;0;0
FR;1;2021-04-11;40903;29888;6;0;31792;0;0;0;0;7276456;3547008;228;1;3736962;0;0;0;0
FR;1;2021-04-12;168505;104591;46;0;111835;0;0;0;0;7444961;3651599;274;1;3848797;0;0;0;0
FR;1;2021-04-13;203850;127768;97;1;137114;0;0;0;0;7648811;3779367;371;2;3985911;0;0;0;0
FR;1;2021-04-14;208682;123016;208;0;133245;0;0;0;0;7857493;3902383;579;2;4119156;0;0;0;0
FR;1;2021-04-15;221739;128225;313;0;139270;0;0;0;0;8079232;4030608;892;2;4258426;0;0;0;0
FR;1;2021-04-16;206110;125765;309;0;135433;0;0;0;0;8285342;4156373;1201;2;4393859;0;0;0;0
FR;1;2021-04-17;122111;67115;103;0;72177;0;0;0;0;8407453;4223488;1304;2;4466036;0;0;0;0
FR;1;2021-04-18;35979;21009;42;0;22716;0;0;0;0;8443432;4244497;1346;2;4488752;0;0;0;0
FR;1;2021-04-19;163779;121615;432;0;129162;0;0;0;0;8607211;4366112;1778;2;4617914;0;0;0;0
FR;1;2021-04-20;189487;149783;531;0;158910;0;0;0;0;8796698;4515895;2309;2;4776824;0;0;0;0
FR;1;2021-04-21;194058;147754;760;0;157280;0;0;0;0;8990756;4663649;3069;2;4934104;0;0;0;0
FR;1;2021-04-22;209078;164600;779;0;175832;0;0;0;0;9199834;4828249;3848;2;5109936;0;0;0;0
FR;1;2021-04-23;198997;158125;671;0;169144;0;0;0;0;9398831;4986374;4519;2;5279080;0;0;0;0
FR;1;2021-04-24;126354;95881;148;0;101951;0;0;0;0;9525185;5082255;4667;2;5381031;0;0;0;0
FR;1;2021-04-25;53641;30083;46;0;32840;0;0;0;0;9578826;5112338;4713;2;5413871;0;0;0;0
FR;1;2021-04-26;181174;140318;543;0;149034;0;0;0;0;9760000;5252656;5256;2;5562905;0;0;0;0
FR;1;2021-04-27;221404;162593;901;0;173965;0;0;0;0;9981404;5415249;6157;2;5736870;0;0;0;0
FR;1;2021-04-28;238353;156204;1314;1;168888;1;0;0;0;10219757;5571453;7471;3;5905758;1;0;0;0
FR;1;2021-04-29;270345;161643;1211;0;177246;0;0;0;0;10490102;5733096;8682;3;6083004;1;0;0;0
FR;1;2021-04-30;272025;149035;1074;0;165136;0;0;0;0;10762127;5882131;9756;3;6248140;1;0;0;0
FR;1;2021-05-01;141179;40610;173;0;48638;0;0;0;0;10903306;5922741;9929;3;6296778;1;0;0;0
FR;1;2021-05-02;81561;28237;81;0;32993;0;0;0;0;10984867;5950978;10010;3;6329771;1;0;0;0
FR;1;2021-05-03;250819;142142;803;0;155836;0;0;0;0;11235686;6093120;10813;3;6485607;1;0;0;0
FR;1;2021-05-04;265935;187974;1204;0;203552;0;0;0;0;11501621;6281094;12017;3;6689159;1;0;0;0
FR;1;2021-05-05;283953;186265;1268;0;202928;0;0;0;0;11785574;6467359;13285;3;6892087;1;0;0;0
FR;1;2021-05-06;310040;184530;1502;0;204285;0;0;0;0;12095614;6651889;14787;3;7096372;1;0;0;0
FR;1;2021-05-07;284147;196746;1127;0;214569;0;0;0;0;12379761;6848635;15914;3;7310941;1;0;0;0
FR;1;2021-05-08;191685;51579;285;0;62963;0;0;0;0;12571446;6900214;16199;3;7373904;1;0;0;0
FR;1;2021-05-09;114075;34236;236;0;41408;0;0;0;0;12685521;6934450;16435;3;7415312;1;0;0;0
FR;1;2021-05-10;258235;195067;1188;0;211060;0;0;0;0;12943756;7129517;17623;3;7626372;1;0;0;0
FR;1;2021-05-11;318943;211236;1465;0;231476;0;0;0;0;13262699;7340753;19088;3;7857848;1;0;0;0
FR;1;2021-05-12;356688;186120;1401;0;208429;0;0;0;0;13619387;7526873;20489;3;8066277;1;0;0;0
FR;1;2021-05-13;283471;47328;401;0;64252;0;0;0;0;13902858;7574201;20890;3;8130529;1;0;0;0
FR;1;2021-05-14;370536;128526;995;0;151947;0;0;0;0;14273394;7702727;21885;3;8282476;1;0;0;0
FR;1;2021-05-15;298124;66203;404;0;84910;0;0;0;0;14571518;7768930;22289;3;8367386;1;0;0;0
FR;1;2021-05-16;157795;15469;158;0;26037;0;0;0;0;14729313;7784399;22447;3;8393423;1;0;0;0
FR;1;2021-05-17;318954;116204;1441;0;138170;0;0;0;0;15048267;7900603;23888;3;8531593;1;0;0;0
FR;1;2021-05-18;383378;111690;1801;0;137640;0;0;0;0;15431645;8012293;25689;3;8669233;1;0;0;0
FR;1;2021-05-19;395314;101546;2184;0;128490;0;0;0;0;15826959;8113839;27873;3;8797723;1;0;0;0
FR;1;2021-05-20;421854;95627;2049;0;125099;0;0;0;0;16248813;8209466;29922;3;8922822;1;0;0;0
FR;1;2021-05-21;399841;97425;1765;0;125829;0;0;0;0;16648654;8306891;31687;3;9048651;1;0;0;0
FR;1;2021-05-22;275711;41922;604;0;60946;0;0;0;0;16924365;8348813;32291;3;9109597;1;0;0;0
FR;1;2021-05-23;123029;10968;224;0;20572;0;0;0;0;17047394;8359781;32515;3;9130169;1;0;0;0
FR;1;2021-05-24;244027;26265;569;0;43794;0;0;0;0;17291421;8386046;33084;3;9173963;1;0;0;0
FR;1;2021-05-25;366244;131494;2115;1;158434;0;0;0;0;17657665;8517540;35199;4;9332397;1;0;0;0
FR;1;2021-05-26;380850;127477;1996;0;155807;0;0;0;0;18038515;8645017;37195;4;9488204;1;0;0;0
FR;1;2021-05-27;406191;128311;1978;0;158798;0;0;0;0;18444706;8773328;39173;4;9647002;1;0;0;0
FR;1;2021-05-28;366072;145696;1702;0;174260;0;0;0;0;18810778;8919024;40875;4;9821262;1;0;0;0
FR;1;2021-05-29;253850;81135;527;0;100335;0;0;0;0;19064628;9000159;41402;4;9921597;1;0;0;0
FR;1;2021-05-30;100983;22602;158;0;30836;0;0;0;0;19165611;9022761;41560;4;9952433;1;0;0;0
FR;1;2021-05-31;314349;149242;1286;1;172506;1;0;0;0;19479960;9172003;42846;5;10124939;2;0;0;0
FR;1;2021-06-01;361696;166436;1733;1;194144;1;0;0;0;19841656;9338439;44579;6;10319083;3;0;0;0
FR;1;2021-06-02;365427;154448;1798;0;183993;0;0;0;0;20207083;9492887;46377;6;10503076;3;0;0;0
FR;1;2021-06-03;391484;147421;1654;0;178395;0;0;0;0;20598567;9640308;48031;6;10681471;3;0;0;0
FR;1;2021-06-04;364138;175885;1496;1;205177;1;0;0;0;20962705;9816193;49527;7;10886648;4;0;0;0
FR;1;2021-06-05;258532;112823;597;0;133187;0;0;0;0;21221237;9929016;50124;7;11019835;4;0;0;0
FR;1;2021-06-06;126829;37557;216;0;48194;0;0;0;0;21348066;9966573;50340;7;11068029;4;0;0;0
FR;1;2021-06-07;301127;207782;1368;0;233063;0;0;0;0;21649193;10174355;51708;7;11301092;4;0;0;0
FR;1;2021-06-08;330892;220989;1645;0;248954;0;0;0;0;21980085;10395344;53353;7;11550046;4;0;0;0
FR;1;2021-06-09;336636;210964;1614;0;239731;0;0;0;0;22316721;10606308;54967;7;11789777;4;0;0;0
FR;1;2021-06-10;343938;199572;1614;0;229317;0;0;0;0;22660659;10805880;56581;7;12019094;4;0;0;0
FR;1;2021-06-11;311934;234701;1299;1;262610;0;0;0;0;22972593;11040581;57880;8;12281704;4;0;0;0
FR;1;2021-06-12;244097;150604;438;0;172216;0;0;0;0;23216690;11191185;58318;8;12453920;4;0;0;0
FR;1;2021-06-13;100381;61036;188;0;70698;0;0;0;0;23317071;11252221;58506;8;12524618;4;0;0;0
FR;1;2021-06-14;207869;287608;1320;1;307416;0;0;0;0;23524940;11539829;59826;9;12832034;4;0;0;0
FR;1;2021-06-15;256899;281139;1400;1;304991;0;0;0;0;23781839;11820968;61226;10;13137025;4;0;0;0
FR;1;2021-06-16;273685;270696;1263;1;296131;0;0;0;0;24055524;12091664;62489;11;13433156;4;0;0;0
FR;1;2021-06-17;268246;245066;1241;1;271138;0;0;0;0;24323770;12336730;63730;12;13704294;4;0;0;0
FR;1;2021-06-18;260624;295199;1156;1;321023;0;0;0;0;24584394;12631929;64886;13;14025317;4;0;0;0
FR;1;2021-06-19;193463;209603;388;0;228264;0;0;0;0;24777857;12841532;65274;13;14253581;4;0;0;0
FR;1;2021-06-20;69724;89037;121;0;96879;0;0;0;0;24847581;12930569;65395;13;14350460;4;0;0;0
FR;1;2021-06-21;172394;319773;934;1;338488;1;0;0;0;25019975;13250342;66329;14;14688948;5;0;0;0
FR;1;2021-06-22;185894;348050;1102;10;369116;1;0;0;0;25205869;13598392;67431;24;15058064;6;0;0;0
FR;1;2021-06-23;204233;339622;1050;0;363522;0;0;0;0;25410102;13938014;68481;24;15421586;6;0;0;0
FR;1;2021-06-24;203550;282053;1176;0;306799;0;0;0;0;25613652;14220067;69657;24;15728385;6;0;0;0
FR;1;2021-06-25;182679;371695;1200;0;395704;0;0;0;0;25796331;14591762;70857;24;16124089;6;0;0;0
FR;1;2021-06-26;131411;278594;506;0;295969;0;0;0;0;25927742;14870356;71363;24;16420058;6;0;0;0
FR;1;2021-06-27;52419;122851;146;0;130391;0;0;0;0;25980161;14993207;71509;24;16550449;6;0;0;0
FR;1;2021-06-28;136679;368228;1066;0;386827;0;0;0;0;26116840;15361435;72575;24;16937276;6;0;0;0
FR;1;2021-06-29;154913;391134;1848;0;412232;0;0;0;0;26271753;15752569;74423;24;17349508;6;0;0;0
FR;1;2021-06-30;180072;381924;1667;4;406526;2;0;0;0;26451825;16134493;76090;28;17756034;8;0;0;0
FR;1;2021-07-01;201578;332485;1890;5;360563;0;0;0;0;26653403;16466978;77980;33;18116597;8;0;0;0
FR;1;2021-07-02;193890;367275;1765;5;395478;2;0;0;0;26847293;16834253;79745;38;18512075;10;0;0;0
FR;1;2021-07-03;124485;280413;704;3;299519;1;0;0;0;26971778;17114666;80449;41;18811594;11;0;0;0
FR;1;2021-07-04;53966;113726;244;0;122133;0;0;0;0;27025744;17228392;80693;41;18933727;11;0;0;0
FR;1;2021-07-05;153981;355752;1500;8;379092;0;0;0;0;27179725;17584144;82193;49;19312819;11;0;0;0
FR;1;2021-07-06;173532;382286;1603;45;408185;8;0;0;0;27353257;17966430;83796;94;19721004;19;0;0;0
FR;1;2021-07-07;190863;362303;1659;25;390648;2;0;0;0;27544120;18328733;85455;119;20111652;21;0;0;0
FR;1;2021-07-08;201591;322953;1826;20;353603;2;0;0;0;27745711;18651686;87281;139;20465255;23;0;0;0
FR;1;2021-07-09;189993;387754;1854;3;418169;2;0;0;0;27935704;19039440;89135;142;20883424;25;0;0;0
FR;1;2021-07-10;129963;281180;818;1;302605;1;0;0;0;28065667;19320620;89953;143;21186029;26;0;0;0
FR;1;2021-07-11;57686;102524;263;0;112408;0;0;0;0;28123353;19423144;90216;143;21298437;26;0;0;0
FR;1;2021-07-12;149929;416802;1587;4;442800;0;0;0;0;28273282;19839946;91803;147;21741237;26;0;0;0
FR;1;2021-07-13;234306;438978;1808;8;476171;0;0;0;0;28507588;20278924;93611;155;22217408;26;0;0;0
FR;1;2021-07-14;171929;151305;418;0;176940;0;0;0;0;28679517;20430229;94029;155;22394348;26;0;0;0
FR;1;2021-07-15;279704;424118;1859;1;467100;0;0;0;0;28959221;20854347;95888;156;22861448;26;0;0;0
FR;1;2021-07-16;290446;400535;1711;3;445183;1;0;0;0;29249667;21254882;97599;159;23306631;27;0;0;0
FR;1;2021-07-17;217356;281975;755;1;315446;0;0;0;0;29467023;21536857;98354;160;23622077;27;0;0;0
FR;1;2021-07-18;102029;107205;288;0;123095;0;0;0;0;29569052;21644062;98642;160;23745172;27;0;0;0
FR;1;2021-07-19;238246;378358;1498;3;414409;0;0;0;0;29807298;22022420;100140;163;24159581;27;0;0;0
FR;1;2021-07-20;305775;379728;1471;0;425559;0;0;0;0;30113073;22402148;101611;163;24585140;27;0;0;0
FR;1;2021-07-21;333307;352712;1413;4;404095;1;0;0;0;30446380;22754860;103024;167;24989235;28;0;0;0
FR;1;2021-07-22;364698;318510;1502;3;374934;2;0;0;0;30811078;23073370;104526;170;25364169;30;0;0;0
FR;1;2021-07-23;349409;342731;1589;4;398280;1;0;0;0;31160487;23416101;106115;174;25762449;31;0;0;0
FR;1;2021-07-24;238967;240728;697;1;278061;0;0;0;0;31399454;23656829;106812;175;26040510;31;0;0;0
FR;1;2021-07-25;112810;76007;223;0;93705;0;0;0;0;31512264;23732836;107035;175;26134215;31;0;0;0
FR;1;2021-07-26;299147;289275;1495;2;334991;1;0;0;0;31811411;24022111;108530;177;26469206;32;0;0;0
FR;1;2021-07-27;385856;267850;1459;4;324826;1;0;0;0;32197267;24289961;109989;181;26794032;33;0;0;0
FR;1;2021-07-28;390219;250901;1463;4;307194;1;0;0;0;32587486;24540862;111452;185;27101226;34;0;0;0
FR;1;2021-07-29;406153;227578;1541;2;284283;0;0;0;0;32993639;24768440;112993;187;27385509;34;0;0;0
FR;1;2021-07-30;370759;246490;1639;4;298333;1;0;0;0;33364398;25014930;114632;191;27683842;35;0;0;0
FR;1;2021-07-31;243390;165084;794;1;199413;0;0;0;0;33607788;25180014;115426;192;27883255;35;0;0;0
FR;1;2021-08-01;105604;47205;237;0;61199;0;0;0;0;33713392;25227219;115663;192;27944454;35;0;0;0
FR;1;2021-08-02;297434;212819;1480;2;250604;0;0;0;0;34010826;25440038;117143;194;28195058;35;0;0;0
FR;1;2021-08-03;331352;208681;1557;2;250654;1;0;0;0;34342178;25648719;118700;196;28445712;36;0;0;0
FR;1;2021-08-04;328059;183816;1440;5;223977;3;0;0;0;34670237;25832535;120140;201;28669689;39;0;0;0
FR;1;2021-08-05;301294;193083;1483;0;229381;0;0;0;0;34971531;26025618;121623;201;28899070;39;0;0;0
FR;1;2021-08-06;290997;224079;1560;3;261373;0;0;0;0;35262528;26249697;123183;204;29160443;39;0;0;0
FR;1;2021-08-07;182679;158760;655;5;181676;1;0;0;0;35445207;26408457;123838;209;29342119;40;0;0;0
FR;1;2021-08-08;68895;59103;253;0;67632;0;0;0;0;35514102;26467560;124091;209;29409751;40;0;0;0
FR;1;2021-08-09;222796;235151;1445;4;263864;2;0;0;0;35736898;26702711;125536;213;29673615;42;0;0;0
FR;1;2021-08-10;252758;239845;1493;2;271684;0;0;0;0;35989656;26942556;127029;215;29945299;42;0;0;0
FR;1;2021-08-11;236252;231720;1271;5;261235;0;0;0;0;36225908;27174276;128300;220;30206534;42;0;0;0
FR;1;2021-08-12;220797;239729;1491;3;267825;0;0;0;0;36446705;27414005;129791;223;30474359;42;0;0;0
FR;1;2021-08-13;201728;238486;1360;2;264036;2;0;0;0;36648433;27652491;131151;225;30738395;44;0;0;0
FR;1;2021-08-14;122874;174033;645;0;189544;0;0;0;0;36771307;27826524;131796;225;30927939;44;0;0;0
FR;1;2021-08-15;34709;46115;201;1;50334;0;0;0;0;36806016;27872639;131997;226;30978273;44;0;0;0
FR;1;2021-08-16;156967;289326;1424;0;309905;0;0;0;0;36962983;28161965;133421;226;31288178;44;0;0;0
FR;1;2021-08-17;171623;290947;1422;5;313350;0;0;0;0;37134606;28452912;134843;231;31601528;44;0;0;0
FR;1;2021-08-18;161444;286659;1394;6;307293;3;0;0;0;37296050;28739571;136237;237;31908821;47;0;0;0
FR;1;2021-08-19;148959;277403;1405;1;297253;0;0;0;0;37445009;29016974;137642;238;32206074;47;0;0;0
FR;1;2021-08-20;140528;308919;1534;2;328155;2;0;0;0;37585537;29325893;139176;240;32534229;49;0;0;0
FR;1;2021-08-21;84281;213206;589;0;224526;0;0;0;0;37669818;29539099;139765;240;32758755;49;0;0;0
FR;1;2021-08-22;28583;82693;233;0;86699;0;0;0;0;37698401;29621792;139998;240;32845454;49;0;0;0
FR;1;2021-08-23;118671;320947;1422;2;337691;0;0;0;0;37817072;29942739;141420;242;33183145;49;0;0;0
FR;1;2021-08-24;126682;319611;1604;5;337434;0;0;0;0;37943754;30262350;143024;247;33520579;49;0;0;0
FR;1;2021-08-25;121546;306411;1783;8;323596;2;0;0;0;38065300;30568761;144807;255;33844175;51;0;0;0
FR;1;2021-08-26;106642;286064;2164;10;302366;0;0;0;0;38171942;30854825;146971;265;34146541;51;0;0;0
FR;1;2021-08-27;107659;321586;2303;9;338856;1;0;0;0;38279601;31176411;149274;274;34485397;52;0;0;0
FR;1;2021-08-28;71027;220697;1102;0;231224;0;0;0;0;38350628;31397108;150376;274;34716621;52;0;0;0
FR;1;2021-08-29;24155;78199;469;1;82090;0;0;0;0;38374783;31475307;150845;275;34798711;52;0;0;0
FR;1;2021-08-30;96902;286269;4315;6;299757;4969;0;0;0;38471685;31761576;155160;281;35098468;5021;0;0;0
FR;1;2021-08-31;98131;276221;9295;15;289891;10065;2;0;0;38569816;32037797;164455;296;35388359;15086;2;0;0
FR;1;2021-09-01;112367;245289;21121;8;257679;22153;1;0;0;38682183;32283086;185576;304;35646038;37239;3;0;0
FR;1;2021-09-02;86766;197906;24536;18;208303;25520;0;0;0;38768949;32480992;210112;322;35854341;62759;3;0;0
FR;1;2021-09-03;82430;227489;26958;21;238930;28038;0;0;0;38851379;32708481;237070;343;36093271;90797;3;0;0
FR;1;2021-09-04;71630;189714;11141;11;199303;11710;7;0;0;38923009;32898195;248211;354;36292574;102507;10;0;0
FR;1;2021-09-05;18614;41146;4126;2;43851;4278;0;0;0;38941623;32939341;252337;356;36336425;106785;10;0;0
FR;1;2021-09-06;59826;151370;30182;15;158905;31204;2;0;0;39001449;33090711;282519;371;36495330;137989;12;0;0
FR;1;2021-09-07;57401;139617;30214;30;146740;31253;2;0;0;39058850;33230328;312733;401;36642070;169242;14;0;0
FR;1;2021-09-08;72356;173794;26926;22;182271;27968;4;0;0;39131206;33404122;339659;423;36824341;197210;18;0;0
FR;1;2021-09-09;54502;124414;28637;24;131177;29744;5;0;0;39185708;33528536;368296;447;36955518;226954;23;0;0
FR;1;2021-09-10;66222;152077;30452;24;161163;31700;5;0;0;39251930;33680613;398748;471;37116681;258654;28;0;0
FR;1;2021-09-11;52689;146636;9732;14;154133;10356;0;0;0;39304619;33827249;408480;485;37270814;269010;28;0;0
FR;1;2021-09-12;10799;29271;2490;1;30970;2659;2;0;0;39315418;33856520;410970;486;37301784;271669;30;0;0
FR;1;2021-09-13;51517;104403;38766;31;110943;40092;16;0;0;39366935;33960923;449736;517;37412727;311761;46;0;0
FR;1;2021-09-14;53341;95994;51287;67;102364;53282;41;0;0;39420276;34056917;501023;584;37515091;365043;87;0;0
FR;1;2021-09-15;60582;139225;50497;55;146399;47068;68;0;0;39480858;34196142;551520;639;37661490;412111;155;0;0
FR;1;2021-09-16;46645;81360;53354;70;86256;49609;61;0;0;39527503;34277502;604874;709;37747746;461720;216;0;0
FR;1;2021-09-17;53226;109324;45080;61;115663;42710;62;0;0;39580729;34386826;649954;770;37863409;504430;278;0;0
FR;1;2021-09-18;37884;118493;11796;19;124079;11278;19;0;0;39618613;34505319;661750;789;37987488;515708;297;0;0
FR;1;2021-09-19;6531;21025;2044;1;22129;1984;1;0;0;39625144;34526344;663794;790;38009617;517692;298;0;0
FR;1;2021-09-20;36544;74843;46231;65;78565;44197;30;0;0;39661688;34601187;710025;855;38088182;561889;328;0;0
FR;1;2021-09-21;34205;68100;56270;72;71134;52747;76;0;0;39695893;34669287;766295;927;38159316;614636;404;0;0
FR;1;2021-09-22;38843;118593;49883;76;123014;46934;39;0;0;39734736;34787880;816178;1003;38282330;661570;443;0;0
FR;1;2021-09-23;32039;62888;54514;85;65791;50922;76;0;0;39766775;34850768;870692;1088;38348121;712492;519;0;0
FR;1;2021-09-24;36800;90024;43677;89;94385;41957;57;0;0;39803575;34940792;914369;1177;38442506;754449;576;0;0
FR;1;2021-09-25;27653;96706;12307;27;101063;12186;19;0;0;39831228;35037498;926676;1204;38543569;766635;595;0;0
FR;1;2021-09-26;4388;15201;1777;5;16064;1700;4;0;0;39835616;35052699;928453;1209;38559633;768335;599;0;0
FR;1;2021-09-27;27355;60210;42913;89;63439;41642;80;0;1;39862971;35112909;971366;1298;38623072;809977;679;0;1
FR;1;2021-09-28;26915;49421;47205;76;52043;44492;40;0;0;39889886;35162330;1018571;1374;38675115;854469;719;0;1
FR;1;2021-09-29;35927;80258;47294;87;84646;45618;34;0;0;39925813;35242588;1065865;1461;38759761;900087;753;0;1
FR;1;2021-09-30;26077;46902;47528;80;49261;45478;52;0;0;39951890;35289490;1113393;1541;38809022;945565;805;0;1
FR;1;2021-10-01;47307;66908;44906;83;70796;44625;15;0;0;39999197;35356398;1158299;1624;38879818;990190;820;0;1
FR;1;2021-10-02;32384;62410;16113;32;67222;16324;6;0;0;40031581;35418808;1174412;1656;38947040;1006514;826;0;1
FR;1;2021-10-03;4343;8566;2043;3;9314;2040;4;0;0;40035924;35427374;1176455;1659;38956354;1008554;830;0;1
FR;1;2021-10-04;28980;44423;47114;79;46835;46983;31;0;0;40064904;35471797;1223569;1738;39003189;1055537;861;0;1
FR;1;2021-10-05;24573;41635;49894;116;43136;49346;49;0;0;40089477;35513432;1273463;1854;39046325;1104883;910;0;1
FR;1;2021-10-06;34660;61380;57509;101;64493;57261;25;0;0;40124137;35574812;1330972;1955;39110818;1162144;935;0;1
FR;1;2021-10-07;21082;39913;53052;74;41090;51999;32;0;0;40145219;35614725;1384024;2029;39151908;1214143;967;0;1
FR;1;2021-10-08;35672;59643;60411;83;62875;61169;28;0;0;40180891;35674368;1444435;2112;39214783;1275312;995;0;1
FR;1;2021-10-09;27466;48018;25497;29;52489;26025;10;0;0;40208357;35722386;1469932;2141;39267272;1301337;1005;0;1
FR;1;2021-10-10;3728;5810;2758;7;6289;2864;1;0;0;40212085;35728196;1472690;2148;39273561;1304201;1006;0;1
FR;1;2021-10-11;24856;38207;54589;88;40294;55263;48;0;0;40236941;35766403;1527279;2236;39313855;1359464;1054;0;1
FR;1;2021-10-12;23385;36578;58078;128;37084;59238;18;0;0;40260326;35802981;1585357;2364;39350939;1418702;1072;0;1
FR;1;2021-10-13;32974;47840;64177;125;50644;65705;22;0;1;40293300;35850821;1649534;2489;39401583;1484407;1094;0;2
FR;1;2021-10-14;21715;34766;53773;103;35675;54367;24;0;0;40315015;35885587;1703307;2592;39437258;1538774;1118;0;2
FR;1;2021-10-15;32751;48759;72336;165;50454;75032;22;0;0;40347766;35934346;1775643;2757;39487712;1613806;1140;0;2
FR;1;2021-10-16;26013;35282;34872;44;38298;36428;13;0;0;40373779;35969628;1810515;2801;39526010;1650234;1153;0;2
FR;1;2021-10-17;3161;4050;3418;2;4495;3317;3;0;0;40376940;35973678;1813933;2803;39530505;1653551;1156;0;2
FR;1;2021-10-18;24352;34874;66849;132;34916;69730;27;0;0;40401292;36008552;1880782;2935;39565421;1723281;1183;0;2
FR;1;2021-10-19;20723;35570;75677;135;33222;79609;40;0;0;40422015;36044122;1956459;3070;39598643;1802890;1223;0;2
FR;1;2021-10-20;29916;44200;96188;178;43274;99880;45;0;0;40451931;36088322;2052647;3248;39641917;1902770;1268;0;2
FR;1;2021-10-21;19803;35054;83199;107;31764;87064;29;0;0;40471734;36123376;2135846;3355;39673681;1989834;1297;0;2
FR;1;2021-10-22;29756;47760;103756;196;44557;109722;58;0;0;40501490;36171136;2239602;3551;39718238;2099556;1355;0;2
FR;1;2021-10-23;23057;35137;44875;57;36133;47383;11;0;0;40524547;36206273;2284477;3608;39754371;2146939;1366;0;2
FR;1;2021-10-24;2407;3842;3584;6;4042;3717;1;0;0;40526954;36210115;2288061;3614;39758413;2150656;1367;0;2
FR;1;2021-10-25;22500;30712;82030;143;29598;85836;36;0;0;40549454;36240827;2370091;3757;39788011;2236492;1403;0;2
FR;1;2021-10-26;19367;27645;86123;162;24744;90353;29;0;0;40568821;36268472;2456214;3919;39812755;2326845;1432;0;2
FR;1;2021-10-27;26223;39616;107826;252;37307;112743;45;0;0;40595044;36308088;2564040;4171;39850062;2439588;1477;0;2
FR;1;2021-10-28;18803;27110;86967;150;23486;91736;34;0;0;40613847;36335198;2651007;4321;39873548;2531324;1511;0;2
FR;1;2021-10-29;25936;40254;114843;202;35492;121678;50;0;0;40639783;36375452;2765850;4523;39909040;2653002;1561;0;2
FR;1;2021-10-30;17713;28714;49373;74;28302;51969;18;0;0;40657496;36404166;2815223;4597;39937342;2704971;1579;0;2
FR;1;2021-10-31;2087;3169;3452;2;3215;3686;2;0;0;40659583;36407335;2818675;4599;39940557;2708657;1581;0;2
FR;1;2021-11-01;8024;4273;3036;3;4359;3293;6;0;0;40667607;36411608;2821711;4602;39944916;2711950;1587;0;2
FR;1;2021-11-02;22911;33223;92416;156;29175;97873;39;0;1;40690518;36444831;2914127;4758;39974091;2809823;1626;0;3
FR;1;2021-11-03;26635;41549;117523;219;37001;123907;56;0;0;40717153;36486380;3031650;4977;40011092;2933730;1682;0;3
FR;1;2021-11-04;19627;30289;105825;213;24185;111969;42;0;0;40736780;36516669;3137475;5190;40035277;3045699;1724;0;3
FR;1;2021-11-05;27025;42295;138798;230;34175;147487;46;0;0;40763805;36558964;3276273;5420;40069452;3193186;1770;0;3
FR;1;2021-11-06;18864;29809;63499;123;27608;66519;24;0;0;40782669;36588773;3339772;5543;40097060;3259705;1794;0;3
FR;1;2021-11-07;1834;3270;4985;6;3027;5302;5;0;0;40784503;36592043;3344757;5549;40100087;3265007;1799;0;3
FR;1;2021-11-08;17880;32242;126017;224;25386;132653;47;0;0;40802383;36624285;3470774;5773;40125473;3397660;1846;0;3
FR;1;2021-11-09;19520;37595;159325;334;26128;169142;63;0;0;40821903;36661880;3630099;6107;40151601;3566802;1909;0;3
FR;1;2021-11-10;28891;49059;181927;441;39016;192551;82;0;0;40850794;36710939;3812026;6548;40190617;3759353;1991;0;3
FR;1;2021-11-11;4192;5929;12238;26;5106;13027;14;0;0;40854986;36716868;3824264;6574;40195723;3772380;2005;0;3
FR;1;2021-11-12;26025;46818;174848;244;35291;186543;77;0;0;40881011;36763686;3999112;6818;40231014;3958923;2082;0;3
FR;1;2021-11-13;18735;29144;76847;111;25372;81793;40;0;0;40899746;36792830;4075959;6929;40256386;4040716;2122;0;3
FR;1;2021-11-14;2050;3242;6827;5;2797;7358;6;0;0;40901796;36796072;4082786;6934;40259183;4048074;2128;0;3
FR;1;2021-11-15;18795;34710;156446;306;24620;166282;59;0;0;40920591;36830782;4239232;7240;40283803;4214356;2187;0;3
FR;1;2021-11-16;21370;37817;192161;380;23325;205077;99;0;1;40941961;36868599;4431393;7620;40307128;4419433;2286;0;4
FR;1;2021-11-17;28672;45550;193255;398;33023;205079;93;0;0;40970633;36914149;4624648;8018;40340151;4624512;2379;0;4
FR;1;2021-11-18;21145;39597;182537;459;25133;194666;86;0;0;40991778;36953746;4807185;8477;40365284;4819178;2465;0;4
FR;1;2021-11-19;30893;53323;230283;532;34820;246778;135;0;0;41022671;37007069;5037468;9009;40400104;5065956;2600;0;4
FR;1;2021-11-20;23774;33212;97000;202;26733;103649;42;0;0;41046445;37040281;5134468;9211;40426837;5169605;2642;0;4
FR;1;2021-11-21;2342;3909;9132;19;2956;9940;16;0;0;41048787;37044190;5143600;9230;40429793;5179545;2658;0;4
FR;1;2021-11-22;21426;30324;175932;467;16941;189480;79;0;0;41070213;37074514;5319532;9697;40446734;5369025;2737;0;4
FR;1;2021-11-23;24030;40975;221263;540;21321;238019;77;0;0;41094243;37115489;5540795;10237;40468055;5607044;2814;0;4
FR;1;2021-11-24;30298;49643;217398;701;31966;234578;67;0;0;41124541;37165132;5758193;10938;40500021;5841622;2881;0;4
FR;1;2021-11-25;23733;44043;244520;718;22077;264215;101;0;0;41148274;37209175;6002713;11656;40522098;6105837;2982;0;4
FR;1;2021-11-26;30618;66641;356841;836;33244;388627;154;0;0;41178892;37275816;6359554;12492;40555342;6494464;3136;0;4
FR;1;2021-11-27;21960;45265;202662;372;26155;222693;112;0;0;41200852;37321081;6562216;12864;40581497;6717157;3248;0;4
FR;1;2021-11-28;3179;9544;54802;63;3467;61015;37;0;0;41204031;37330625;6617018;12927;40584964;6778172;3285;0;4
FR;1;2021-11-29;17902;49469;326429;841;20778;354574;150;0;0;41221933;37380094;6943447;13768;40605742;7132746;3435;0;4
FR;1;2021-11-30;22791;64819;431194;952;23804;470839;264;0;0;41244724;37444913;7374641;14720;40629546;7603585;3699;0;4
FR;1;2021-12-01;25361;69044;442952;1131;28437;481817;271;0;0;41270085;37513957;7817593;15851;40657983;8085402;3970;0;4
FR;1;2021-12-02;20089;64308;489457;1230;18446;532957;273;0;0;41290174;37578265;8307050;17081;40676429;8618359;4243;0;4
FR;1;2021-12-03;22911;82303;542837;1310;30292;591834;308;0;0;41313085;37660568;8849887;18391;40706721;9210193;4551;0;4
FR;1;2021-12-04;16417;53793;299137;654;23213;329001;181;0;0;41329502;37714361;9149024;19045;40729934;9539194;4732;0;4
FR;1;2021-12-05;3635;13777;81548;143;4197;91047;85;0;0;41333137;37728138;9230572;19188;40734131;9630241;4817;0;4
FR;1;2021-12-06;25846;62430;415515;1066;22070;455245;356;0;0;41358983;37790568;9646087;20254;40756201;10085486;5173;0;4
FR;1;2021-12-07;20018;75457;523063;1536;24280;572715;372;0;0;41379001;37866025;10169150;21790;40780481;10658201;5545;0;4
FR;1;2021-12-08;21717;75491;458540;1545;30648;502197;378;0;0;41400718;37941516;10627690;23335;40811129;11160398;5923;0;4
FR;1;2021-12-09;19472;73966;493066;1625;24339;541094;397;0;0;41420190;38015482;11120756;24960;40835468;11701492;6320;0;4
FR;1;2021-12-10;23330;87528;547459;1585;32437;600094;392;0;1;41443520;38103010;11668215;26545;40867905;12301586;6712;0;5
FR;1;2021-12-11;16533;59086;302763;751;25951;335493;278;0;0;41460053;38162096;11970978;27296;40893856;12637079;6990;0;5
FR;1;2021-12-12;4396;15879;83237;179;5245;94046;96;0;0;41464449;38177975;12054215;27475;40899101;12731125;7086;0;5
FR;1;2021-12-13;15762;63441;367075;1094;23938;406367;236;0;0;41480211;38241416;12421290;28569;40923039;13137492;7322;0;5
FR;1;2021-12-14;20869;80122;464876;1748;28652;515334;506;0;1;41501080;38321538;12886166;30317;40951691;13652826;7828;0;6
FR;1;2021-12-15;21625;77309;409175;1309;33025;453250;311;0;1;41522705;38398847;13295341;31626;40984716;14106076;8139;0;7
FR;1;2021-12-16;20067;77060;451985;1577;27932;500719;324;0;0;41542772;38475907;13747326;33203;41012648;14606795;8463;0;7
FR;1;2021-12-17;22628;86374;480015;1737;34651;531032;372;0;0;41565400;38562281;14227341;34940;41047299;15137827;8835;0;7
FR;1;2021-12-18;17610;54561;257654;731;24688;288531;232;0;0;41583010;38616842;14484995;35671;41071987;15426358;9067;0;7
FR;1;2021-12-19;5563;16920;79203;194;5922;90684;117;0;0;41588573;38633762;14564198;35865;41077909;15517042;9184;0;7
FR;1;2021-12-20;20952;62891;316296;1082;26505;355329;284;0;0;41609525;38696653;14880494;36947;41104414;15872371;9468;0;7
FR;1;2021-12-21;26340;72861;372810;1422;30561;418133;338;0;0;41635865;38769514;15253304;38369;41134975;16290504;9806;0;7
FR;1;2021-12-22;24988;65667;310691;1217;29595;349615;361;0;1;41660853;38835181;15563995;39586;41164570;16640119;10167;0;8
FR;1;2021-12-23;21273;52123;241529;958;23356;273067;361;0;0;41682126;38887304;15805524;40544;41187926;16913186;10528;0;8
FR;1;2021-12-24;7129;18265;67168;258;9245;77057;154;0;1;41689255;38905569;15872692;40802;41197171;16990243;10682;0;9
FR;1;2021-12-25;508;2867;5593;15;1797;6538;55;0;0;41689763;38908436;15878285;40817;41198968;16996781;10737;0;9
FR;1;2021-12-26;2750;7573;26953;71;3495;31464;100;0;0;41692513;38916009;15905238;40888;41202463;17028245;10837;0;9
FR;1;2021-12-27;18312;53481;235141;705;25473;265801;365;0;0;41710825;38969490;16140379;41593;41227936;17294046;11202;0;9
FR;1;2021-12-28;23303;61887;292064;1026;26997;330235;595;0;1;41734128;39031377;16432443;42619;41254933;17624281;11797;0;10
FR;1;2021-12-29;22217;55383;255042;921;25267;288237;645;0;1;41756345;39086760;16687485;43540;41280200;17912518;12442;0;11
FR;1;2021-12-30;21239;46419;212183;857;22448;239636;718;0;0;41777584;39133179;16899668;44397;41302648;18152154;13160;0;11
FR;1;2021-12-31;7467;16538;61880;229;8715;70417;346;0;0;41785051;39149717;16961548;44626;41311363;18222571;13506;0;11
FR;1;2022-01-01;1165;2492;5667;30;1542;6580;73;0;0;41786216;39152209;16967215;44656;41312905;18229151;13579;0;11
FR;1;2022-01-02;3088;8074;28896;50;3669;33538;190;0;0;41789304;39160283;16996111;44706;41316574;18262689;13769;0;11
FR;1;2022-01-03;26518;54175;228279;790;27541;257743;960;0;1;41815822;39214458;17224390;45496;41344115;18520432;14729;0;12
FR;1;2022-01-04;26270;64996;299308;1241;29795;337353;1367;0;2;41842092;39279454;17523698;46737;41373910;18857785;16096;0;14
FR;1;2022-01-05;30562;64249;274921;1099;32519;310298;1264;0;0;41872654;39343703;17798619;47836;41406429;19168083;17360;0;14
FR;1;2022-01-06;26849;66196;306941;1404;29276;346609;1568;0;1;41899503;39409899;18105560;49240;41435705;19514692;18928;0;15
FR;1;2022-01-07;31580;74981;349874;1538;34399;394008;1823;0;1;41931083;39484880;18455434;50778;41470104;19908700;20751;0;16
FR;1;2022-01-08;23390;51360;222507;698;25579;251132;913;0;1;41954473;39536240;18677941;51476;41495683;20159832;21664;0;17
FR;1;2022-01-09;7091;17135;66035;163;8171;76141;335;0;0;41961564;39553375;18743976;51639;41503854;20235973;21999;0;17
FR;1;2022-01-10;21804;60590;236828;957;32920;267625;1258;0;1;41983368;39613965;18980804;52596;41536774;20503598;23257;0;18
FR;1;2022-01-11;26776;63439;282330;1280;31204;317847;1837;0;1;42010144;39677404;19263134;53876;41567978;20821445;25094;0;19
FR;1;2022-01-12;28964;62485;246298;1106;35047;278088;1686;0;3;42039108;39739889;19509432;54982;41603025;21099533;26780;0;22
FR;1;2022-01-13;24790;60156;262826;1253;30034;296142;1993;0;4;42063898;39800045;19772258;56235;41633059;21395675;28773;0;26
FR;1;2022-01-14;27970;66697;314046;1366;32115;351302;2475;0;1;42091868;39866742;20086304;57601;41665174;21746977;31248;0;27
FR;1;2022-01-15;19371;44414;199329;618;22473;223862;1362;0;1;42111239;39911156;20285633;58219;41687647;21970839;32610;0;28
FR;1;2022-01-16;5162;12958;51533;135;6021;59556;337;0;0;42116401;39924114;20337166;58354;41693668;22030395;32947;0;28
FR;1;2022-01-17;16882;39674;184852;783;20121;206834;1691;0;2;42133283;39963788;20522018;59137;41713789;22237229;34638;0;30
FR;1;2022-01-18;19458;45962;212448;1154;22985;237050;2458;0;1;42152741;40009750;20734466;60291;41736774;22474279;37096;0;31
FR;1;2022-01-19;20313;43956;176131;898;25479;197191;1977;0;4;42173054;40053706;20910597;61189;41762253;22671470;39073;0;35
FR;1;2022-01-20;16850;40567;183715;1147;20808;204762;2516;0;2;42189904;40094273;21094312;62336;41783061;22876232;41589;0;37
FR;1;2022-01-21;19919;47022;228979;1405;23896;253360;3106;0;1;42209823;40141295;21323291;63741;41806957;23129592;44695;0;38
FR;1;2022-01-22;13844;33331;144506;579;18435;161391;1404;0;2;42223667;40174626;21467797;64320;41825392;23290983;46099;0;40
FR;1;2022-01-23;3380;8766;33434;132;4577;38322;352;0;1;42227047;40183392;21501231;64452;41829969;23329305;46451;0;41
FR;1;2022-01-24;11815;32972;142237;718;17790;158277;2104;0;1;42238862;40216364;21643468;65170;41847759;23487582;48555;0;42
FR;1;2022-01-25;14214;38168;163425;1049;20286;181566;3181;0;1;42253076;40254532;21806893;66219;41868045;23669148;51736;0;43
FR;1;2022-01-26;14864;37723;150264;933;22639;166388;2516;0;1;42267940;40292255;21957157;67152;41890684;23835536;54252;0;44
FR;1;2022-01-27;12340;33324;143469;896;18498;158037;3230;0;3;42280280;40325579;22100626;68048;41909182;23993573;57482;0;47
FR;1;2022-01-28;16328;56908;198330;1144;32663;222394;4006;0;3;42296608;40382487;22298956;69192;41941845;24215967;61488;0;50
FR;1;2022-01-29;10269;35472;135212;525;19612;151539;1880;0;1;42306877;40417959;22434168;69717;41961457;24367506;63368;0;51
FR;1;2022-01-30;2485;9256;29686;86;4829;34448;434;0;1;42309362;40427215;22463854;69803;41966286;24401954;63802;0;52
FR;1;2022-01-31;8758;32468;104353;533;19472;117350;2340;0;3;42318120;40459683;22568207;70336;41985758;24519304;66142;0;55
FR;1;2022-02-01;11000;36455;127087;865;20635;141219;4324;0;1;42329120;40496138;22695294;71201;42006393;24660523;70466;0;56
FR;1;2022-02-02;12057;41571;130367;782;25264;145818;3774;0;9;42341177;40537709;22825661;71983;42031657;24806341;74240;0;65
FR;1;2022-02-03;9459;34047;117031;785;19111;130337;4284;0;4;42350636;40571756;22942692;72768;42050768;24936678;78524;0;69
FR;1;2022-02-04;11542;49423;172587;967;26715;192726;5481;0;5;42362178;40621179;23115279;73735;42077483;25129404;84005;0;74
FR;1;2022-02-05;7999;33925;117593;391;18173;133029;2414;0;3;42370177;40655104;23232872;74126;42095656;25262433;86419;0;77
FR;1;2022-02-06;1706;7994;22754;86;3872;26905;444;0;0;42371883;40663098;23255626;74212;42099528;25289338;86863;0;77
FR;1;2022-02-07;7360;35389;119114;460;18170;134976;3398;0;4;42379243;40698487;23374740;74672;42117698;25424314;90261;0;81
FR;1;2022-02-08;7769;31958;125670;695;14891;140660;4300;0;5;42387012;40730445;23500410;75367;42132589;25564974;94561;0;86
FR;1;2022-02-09;8653;36523;135265;702;17922;152510;3884;0;7;42395665;40766968;23635675;76069;42150511;25717484;98445;0;93
FR;1;2022-02-10;7024;30135;116382;676;13898;130171;4444;0;1;42402689;40797103;23752057;76745;42164409;25847655;102889;0;94
FR;1;2022-02-11;8659;41559;165146;878;18371;185370;5430;0;3;42411348;40838662;23917203;77623;42182780;26033025;108319;0;97
FR;1;2022-02-12;5345;27617;106714;379;12539;120899;2396;0;2;42416693;40866279;24023917;78002;42195319;26153924;110715;0;99
FR;1;2022-02-13;1269;5720;21720;66;2187;25338;402;0;3;42417962;40871999;24045637;78068;42197506;26179262;111117;0;102
FR;1;2022-02-14;5460;27228;118093;395;10644;133121;3385;0;4;42423422;40899227;24163730;78463;42208150;26312383;114502;0;106
FR;1;2022-02-15;5793;28868;118940;611;12215;132573;4882;0;1;42429215;40928095;24282670;79074;42220365;26444956;119384;0;107
FR;1;2022-02-16;5761;28495;110425;596;13760;123056;4152;0;3;42434976;40956590;24393095;79670;42234125;26568012;123536;0;110
FR;1;2022-02-17;4614;19745;73151;489;10126;80258;3998;0;3;42439590;40976335;24466246;80159;42244251;26648270;127534;0;113
FR;1;2022-02-18;5613;26796;99207;673;14169;108167;5519;0;2;42445203;41003131;24565453;80832;42258420;26756437;133053;0;115
FR;1;2022-02-19;3551;17178;59477;304;9570;66058;2266;0;0;42448754;41020309;24624930;81136;42267990;26822495;135319;0;115
FR;1;2022-02-20;791;3257;10706;36;1650;12333;360;0;1;42449545;41023566;24635636;81172;42269640;26834828;135679;0;116
FR;1;2022-02-21;3430;14598;52829;286;7919;57677;3126;0;2;42452975;41038164;24688465;81458;42277559;26892505;138805;0;118
FR;1;2022-02-22;3799;15545;51918;500;9042;55656;4070;0;1;42456774;41053709;24740383;81958;42286601;26948161;142875;0;119
FR;1;2022-02-23;4233;17825;57483;510;10744;62584;3569;0;3;42461007;41071534;24797866;82468;42297345;27010745;146444;0;122
FR;1;2022-02-24;3344;13143;43619;436;7837;46410;3657;0;2;42464351;41084677;24841485;82904;42305182;27057155;150101;0;124
FR;1;2022-02-25;4477;20080;64924;697;12198;68796;5767;0;4;42468828;41104757;24906409;83601;42317380;27125951;155868;0;128
FR;1;2022-02-26;2698;12804;41371;310;7651;45124;2494;0;2;42471526;41117561;24947780;83911;42325031;27171075;158362;0;130
FR;1;2022-02-27;644;2191;7131;42;1206;7994;433;0;0;42472170;41119752;24954911;83953;42326237;27179069;158795;0;130
FR;1;2022-02-28;2613;10497;34966;306;6078;37392;3124;0;0;42474783;41130249;24989877;84259;42332315;27216461;161919;0;130
FR;1;2022-03-01;3590;10758;38708;391;6362;39662;4550;0;4;42478373;41141007;25028585;84650;42338677;27256123;166469;0;134
FR;1;2022-03-02;3681;12188;41868;398;7454;43938;4110;0;1;42482054;41153195;25070453;85048;42346131;27300061;170579;0;135
FR;1;2022-03-03;2462;7988;26186;329;5243;26524;3380;0;1;42484516;41161183;25096639;85377;42351374;27326585;173959;0;136
FR;1;2022-03-04;2690;10534;35465;594;6965;34959;5280;0;3;42487206;41171717;25132104;85971;42358339;27361544;179239;0;139
FR;1;2022-03-05;1823;6367;21971;280;4205;22370;2571;0;1;42489029;41178084;25154075;86251;42362544;27383914;181810;0;140
FR;1;2022-03-06;359;957;2917;38;603;3120;327;0;0;42489388;41179041;25156992;86289;42363147;27387034;182137;0;140
FR;1;2022-03-07;1825;4723;16440;245;3045;15908;2831;0;4;42491213;41183764;25173432;86534;42366192;27402942;184968;0;144
FR;1;2022-03-08;1717;5259;17171;309;3670;15999;3472;0;3;42492930;41189023;25190603;86843;42369862;27418941;188440;0;147
FR;1;2022-03-09;1988;6678;19818;370;4753;19177;3422;0;4;42494918;41195701;25210421;87213;42374615;27438118;191862;0;151
FR;1;2022-03-10;1415;5014;15298;308;3666;14336;2943;0;2;42496333;41200715;25225719;87521;42378281;27452454;194805;0;153
FR;1;2022-03-11;1761;6408;21717;487;4443;19870;4739;0;1;42498094;41207123;25247436;88008;42382724;27472324;199544;0;154
FR;1;2022-03-12;1262;4653;15366;281;3095;14915;2686;0;2;42499356;41211776;25262802;88289;42385819;27487239;202230;0;156
FR;1;2022-03-13;257;612;2120;119;413;2066;468;0;0;42499613;41212388;25264922;88408;42386232;27489305;202698;0;156
FR;1;2022-03-14;1156;3678;13406;3882;2293;12528;6342;0;8;42500769;41216066;25278328;92290;42388525;27501833;209040;0;164
FR;1;2022-03-15;1409;5734;14663;6865;4319;13259;9846;0;8;42502178;41221800;25292991;99155;42392844;27515092;218886;0;172
FR;1;2022-03-16;1695;5088;17397;11520;3598;16461;14125;0;6;42503873;41226888;25310388;110675;42396442;27531553;233011;0;178
FR;1;2022-03-17;1177;3441;11733;9648;2366;10828;11732;0;8;42505050;41230329;25322121;120323;42398808;27542381;244743;0;186
FR;1;2022-03-18;1726;4930;17979;16507;3324;16417;19722;0;14;42506776;41235259;25340100;136830;42402132;27558798;264465;0;200
FR;1;2022-03-19;1126;3300;11891;8460;2277;11360;10142;0;6;42507902;41238559;25351991;145290;42404409;27570158;274607;0;206
FR;1;2022-03-20;224;560;1725;1014;362;1759;1224;0;2;42508126;41239119;25353716;146304;42404771;27571917;275831;0;208
FR;1;2022-03-21;1087;2766;11503;13462;1787;10852;15142;0;10;42509213;41241885;25365219;159766;42406558;27582769;290973;0;218
FR;1;2022-03-22;1282;3212;12261;18716;2153;11249;20619;0;5;42510495;41245097;25377480;178482;42408711;27594018;311592;0;223
FR;1;2022-03-23;1513;4357;16033;20111;2953;15714;21882;0;34;42512008;41249454;25393513;198593;42411664;27609732;333474;0;257
FR;1;2022-03-24;1119;2753;10402;16060;1909;9663;17565;0;15;42513127;41252207;25403915;214653;42413573;27619395;351039;0;272
FR;1;2022-03-25;1537;4362;16753;25315;2880;15405;27959;0;23;42514664;41256569;25420668;239968;42416453;27634800;378998;0;295
FR;1;2022-03-26;1110;3016;10856;11450;2065;10517;12862;0;20;42515774;41259585;25431524;251418;42418518;27645317;391860;0;315
FR;1;2022-03-27;236;546;1751;1383;335;1804;1594;0;1;42516010;41260131;25433275;252801;42418853;27647121;393454;0;316
FR;1;2022-03-28;1082;2489;9980;15885;1556;9602;17229;0;10;42517092;41262620;25443255;268686;42420409;27656723;410683;0;326
FR;1;2022-03-29;1142;2748;11561;25111;1599;10925;26508;0;30;42518234;41265368;25454816;293797;42422008;27667648;437191;0;356
FR;1;2022-03-30;1632;3615;14171;24230;2389;13711;25894;0;19;42519866;41268983;25468987;318027;42424397;27681359;463085;0;375
FR;1;2022-03-31;1281;3016;11700;22688;2042;11215;24008;0;40;42521147;41271999;25480687;340715;42426439;27692574;487093;0;415
FR;1;2022-04-01;2236;4024;18489;28534;2479;17359;30806;0;53;42523383;41276023;25499176;369249;42428918;27709933;517899;0;468
FR;1;2022-04-02;911;1892;8197;9238;1106;7958;10232;0;28;42524294;41277915;25507373;378487;42430024;27717891;528131;0;496
FR;1;2022-04-03;206;382;1433;1058;219;1435;1249;0;1;42524500;41278297;25508806;379545;42430243;27719326;529380;0;497
FR;1;2022-04-04;3627;2550;11376;17680;1636;10769;18898;0;30;42528127;41280847;25520182;397225;42431879;27730095;548278;0;527
FR;1;2022-04-05;2245;2717;13005;31220;1701;12032;32600;0;68;42530372;41283564;25533187;428445;42433580;27742127;580878;0;595
FR;1;2022-04-06;1886;3016;12205;23946;1923;11641;25244;0;62;42532258;41286580;25545392;452391;42435503;27753768;606122;0;657
FR;1;2022-04-07;1693;2751;12356;31095;1649;11822;32170;0;68;42533951;41289331;25557748;483486;42437152;27765590;638292;0;725
FR;1;2022-04-08;1847;3706;17568;40646;2095;16494;42700;0;76;42535798;41293037;25575316;524132;42439247;27782084;680992;0;801
FR;1;2022-04-09;827;1998;8405;12503;1075;8105;13502;0;26;42536625;41295035;25583721;536635;42440322;27790189;694494;0;827
FR;1;2022-04-10;201;653;1836;1855;418;1882;2075;0;6;42536826;41295688;25585557;538490;42440740;27792071;696569;0;833
FR;1;2022-04-11;1105;2256;10971;22354;1306;10688;23461;0;68;42537931;41297944;25596528;560844;42442046;27802759;720030;0;901
FR;1;2022-04-12;1351;2674;12827;38146;1588;12316;38897;0;119;42539282;41300618;25609355;598990;42443634;27815075;758927;0;1020
FR;1;2022-04-13;1282;2894;12278;30627;1790;12008;31399;0;85;42540564;41303512;25621633;629617;42445424;27827083;790326;0;1105
FR;1;2022-04-14;1232;2595;12118;33652;1598;12132;34089;0;87;42541796;41306107;25633751;663269;42447022;27839215;824415;0;1192
FR;1;2022-04-15;1501;3283;14407;33268;2100;13811;34671;0;107;42543297;41309390;25648158;696537;42449122;27853026;859086;0;1299
FR;1;2022-04-16;661;1410;5845;8003;767;5777;8757;0;31;42543958;41310800;25654003;704540;42449889;27858803;867843;0;1330
FR;1;2022-04-17;157;290;930;1121;177;975;1171;0;7;42544115;41311090;25654933;705661;42450066;27859778;869014;0;1337
FR;1;2022-04-18;168;481;2636;1002;297;2660;1187;0;5;42544283;41311571;25657569;706663;42450363;27862438;870201;0;1342
FR;1;2022-04-19;1258;2609;11788;27936;1498;11518;28792;0;69;42545541;41314180;25669357;734599;42451861;27873956;898993;0;1411
FR;1;2022-04-20;1355;2671;12178;26882;1674;12030;27707;0;82;42546896;41316851;25681535;761481;42453535;27885986;926700;0;1493
FR;1;2022-04-21;1244;2461;11552;33284;1510;11783;33621;0;107;42548140;41319312;25693087;794765;42455045;27897769;960321;0;1600
FR;1;2022-04-22;1527;3091;15217;35505;1925;14795;36703;0;120;42549667;41322403;25708304;830270;42456970;27912564;997024;0;1720
FR;1;2022-04-23;767;1583;6737;9894;919;6643;10578;0;30;42550434;41323986;25715041;840164;42457889;27919207;1007602;0;1750
FR;1;2022-04-24;196;377;1374;1523;241;1328;1747;0;7;42550630;41324363;25716415;841687;42458130;27920535;1009349;0;1757
FR;1;2022-04-25;1042;2131;9857;19733;1254;9757;20555;0;64;42551672;41326494;25726272;861420;42459384;27930292;1029904;0;1821
FR;1;2022-04-26;1351;2624;12604;36631;1606;12204;37218;0;163;42553023;41329118;25738876;898051;42460990;27942496;1067122;0;1984
FR;1;2022-04-27;1330;2407;10654;29274;1466;10790;29660;0;122;42554353;41331525;25749530;927325;42462456;27953286;1096782;0;2106
FR;1;2022-04-28;1284;2414;11561;34311;1521;11404;34459;0;127;42555637;41333939;25761091;961636;42463977;27964690;1131241;0;2233
FR;1;2022-04-29;1614;4287;14407;35563;3160;13859;36853;0;153;42557251;41338226;25775498;997199;42467137;27978549;1168094;0;2386
FR;1;2022-04-30;839;3778;6446;9173;3206;6290;9974;0;35;42558090;41342004;25781944;1006372;42470343;27984839;1178068;0;2421
FR;1;2022-05-01;177;288;832;951;190;826;1080;0;5;42558267;41342292;25782776;1007323;42470533;27985665;1179148;0;2426
FR;1;2022-05-02;2049;2612;10379;16950;1767;10303;17632;0;64;42560316;41344904;25793155;1024273;42472300;27995968;1196780;0;2490
FR;1;2022-05-03;1682;2879;12711;32913;1763;12603;33712;0;149;42561998;41347783;25805866;1057186;42474063;28008571;1230492;0;2639
FR;1;2022-05-04;1379;2745;11233;23823;1690;11394;24362;0;96;42563377;41350528;25817099;1081009;42475753;28019965;1254854;0;2735
FR;1;2022-05-05;1493;2731;12202;31860;1715;12125;32408;0;170;42564870;41353259;25829301;1112869;42477468;28032090;1287262;0;2905
FR;1;2022-05-06;1821;3236;14240;34940;1913;13824;36202;0;166;42566691;41356495;25843541;1147809;42479381;28045914;1323464;0;3071
FR;1;2022-05-07;860;1473;5979;9097;878;6013;9731;0;44;42567551;41357968;25849520;1156906;42480259;28051927;1333195;0;3115
FR;1;2022-05-08;190;329;1062;1472;221;1124;1548;0;8;42567741;41358297;25850582;1158378;42480480;28053051;1334743;0;3123
FR;1;2022-05-09;1163;2017;9248;19262;1157;9162;20035;0;93;42568904;41360314;25859830;1177640;42481637;28062213;1354778;0;3216
FR;1;2022-05-10;1506;3045;12620;37145;1956;12219;38043;0;177;42570410;41363359;25872450;1214785;42483593;28074432;1392821;0;3393
FR;1;2022-05-11;1440;2474;9911;26037;1692;9859;26558;0;138;42571850;41365833;25882361;1240822;42485285;28084291;1419379;0;3531
FR;1;2022-05-12;1325;2453;10523;33632;1545;10226;34275;0;188;42573175;41368286;25892884;1274454;42486830;28094517;1453654;0;3719
FR;1;2022-05-13;1617;2805;12770;35854;1683;12418;36949;0;149;42574792;41371091;25905654;1310308;42488513;28106935;1490603;0;3868
FR;1;2022-05-14;782;1324;5481;10217;809;5365;10732;0;51;42575574;41372415;25911135;1320525;42489322;28112300;1501335;0;3919
FR;1;2022-05-15;223;420;1182;1352;244;1252;1497;0;5;42575797;41372835;25912317;1321877;42489566;28113552;1502832;0;3924
FR;1;2022-05-16;971;1787;8079;20137;1006;8143;20550;0;117;42576768;41374622;25920396;1342014;42490572;28121695;1523382;0;4041
FR;1;2022-05-17;1295;2301;11122;36187;1384;10727;36972;0;172;42578063;41376923;25931518;1378201;42491956;28132422;1560354;0;4213
FR;1;2022-05-18;1313;2135;9040;25727;1367;8990;26286;0;99;42579376;41379058;25940558;1403928;42493323;28141412;1586640;0;4312
FR;1;2022-05-19;1204;2403;9853;33999;1411;9949;34200;0;150;42580580;41381461;25950411;1437927;42494734;28151361;1620840;0;4462
FR;1;2022-05-20;1563;2756;12530;37656;1719;12112;38515;0;151;42582143;41384217;25962941;1475583;42496453;28163473;1659355;0;4613
FR;1;2022-05-21;775;1384;5247;9374;876;5164;9944;0;37;42582918;41385601;25968188;1484957;42497329;28168637;1669299;0;4650
FR;1;2022-05-22;194;292;952;1397;204;951;1520;0;10;42583112;41385893;25969140;1486354;42497533;28169588;1670819;0;4660
FR;1;2022-05-23;971;1887;8370;19414;1174;8345;20031;0;79;42584083;41387780;25977510;1505768;42498707;28177933;1690850;0;4739
FR;1;2022-05-24;1288;2449;10727;37251;1441;10597;37824;0;173;42585371;41390229;25988237;1543019;42500148;28188530;1728674;0;4912
FR;1;2022-05-25;1273;2299;8792;23693;1426;8956;24055;0;111;42586644;41392528;25997029;1566712;42501574;28197486;1752729;0;5023
FR;1;2022-05-26;175;385;1585;1155;261;1579;1289;0;24;42586819;41392913;25998614;1567867;42501835;28199065;1754018;0;5047
FR;1;2022-05-27;1117;2188;8789;20457;1373;8537;21410;0;84;42587936;41395101;26007403;1588324;42503208;28207602;1775428;0;5131
FR;1;2022-05-28;486;1058;3691;6541;626;3728;6928;0;37;42588422;41396159;26011094;1594865;42503834;28211330;1782356;0;5168
FR;1;2022-05-29;121;257;707;896;149;718;1005;0;4;42588543;41396416;26011801;1595761;42503983;28212048;1783361;0;5172
FR;1;2022-05-30;831;1742;6558;18536;1044;6590;18990;0;85;42589374;41398158;26018359;1614297;42505027;28218638;1802351;0;5257
FR;1;2022-05-31;1266;2237;9247;34375;1371;9117;34976;0;159;42590640;41400395;26027606;1648672;42506398;28227755;1837327;0;5416
FR;1;2022-06-01;1330;2602;10439;23459;1748;10302;24306;0;116;42591970;41402997;26038045;1672131;42508146;28238057;1861633;0;5532
FR;1;2022-06-02;1226;2309;10663;34153;1447;10241;34986;0;162;42593196;41405306;26048708;1706284;42509593;28248298;1896619;0;5694
FR;1;2022-06-03;1445;2743;12734;37109;1733;12155;38285;0;157;42594641;41408049;26061442;1743393;42511326;28260453;1934904;0;5851
FR;1;2022-06-04;685;1262;4750;8677;759;4826;9167;0;62;42595326;41409311;26066192;1752070;42512085;28265279;1944071;0;5913
FR;1;2022-06-05;134;292;810;1048;150;834;1153;0;3;42595460;41409603;26067002;1753118;42512235;28266113;1945224;0;5916
FR;1;2022-06-06;751;1185;2026;1252;1009;2043;1427;0;9;42596211;41410788;26069028;1754370;42513244;28268156;1946651;0;5925
FR;1;2022-06-07;1258;2341;9182;34046;1436;8842;35145;0;143;42597469;41413129;26078210;1788416;42514680;28276998;1981796;0;6068
FR;1;2022-06-08;1135;2236;8673;27612;1401;8556;28482;0;107;42598604;41415365;26086883;1816028;42516081;28285554;2010278;0;6175
FR;1;2022-06-09;1074;2149;9987;37569;1281;9671;38336;0;148;42599678;41417514;26096870;1853597;42517362;28295225;2048614;0;6323
FR;1;2022-06-10;1336;2852;12416;43133;1817;12007;44362;0;200;42601014;41420366;26109286;1896730;42519179;28307232;2092976;0;6523
FR;1;2022-06-11;661;1451;5139;11084;798;5188;11613;0;50;42601675;41421817;26114425;1907814;42519977;28312420;2104589;0;6573
FR;1;2022-06-12;154;377;1018;1687;189;1076;1788;0;11;42601829;41422194;26115443;1909501;42520166;28313496;2106377;0;6584
FR;1;2022-06-13;942;1839;7015;22226;1134;6872;23067;0;84;42602771;41424033;26122458;1931727;42521300;28320368;2129444;0;6668
FR;1;2022-06-14;1115;2230;9841;42849;1309;9244;43941;0;186;42603886;41426263;26132299;1974576;42522609;28329612;2173385;0;6854
FR;1;2022-06-15;1091;2006;8787;29390;1357;8474;29939;0;168;42604977;41428269;26141086;2003966;42523966;28338086;2203324;0;7022
FR;1;2022-06-16;958;1840;9401;38508;1061;8880;39415;0;188;42605935;41430109;26150487;2042474;42525027;28346966;2242739;0;7210
FR;1;2022-06-17;1225;2568;11912;44864;1480;11378;46004;0;224;42607160;41432677;26162399;2087338;42526507;28358344;2288743;0;7434
FR;1;2022-06-18;563;1277;4318;10544;717;4257;11086;0;62;42607723;41433954;26166717;2097882;42527224;28362601;2299829;0;7496
FR;1;2022-06-19;137;325;1003;1543;173;1082;1609;0;12;42607860;41434279;26167720;2099425;42527397;28363683;2301438;0;7508
FR;1;2022-06-20;860;1705;8494;25049;1003;8158;25910;0;144;42608720;41435984;26176214;2124474;42528400;28371841;2327348;0;7652
FR;1;2022-06-21;1102;2138;9766;47759;1254;8856;49104;0;241;42609822;41438122;26185980;2172233;42529654;28380697;2376452;0;7893
FR;1;2022-06-22;1044;2069;8440;37159;1296;7960;38020;0;231;42610866;41440191;26194420;2209392;42530950;28388657;2414472;0;8124
FR;1;2022-06-23;1054;2179;10122;52812;1210;9405;53821;0;290;42611920;41442370;26204542;2262204;42532160;28398062;2468293;0;8414
FR;1;2022-06-24;1256;2719;12913;65969;1488;11698;67640;0;367;42613176;41445089;26217455;2328173;42533648;28409760;2535933;0;8781
FR;1;2022-06-25;685;1506;5929;18923;792;5711;19722;0;163;42613861;41446595;26223384;2347096;42534440;28415471;2555655;0;8944
FR;1;2022-06-26;167;406;1817;3494;191;1713;3730;0;34;42614028;41447001;26225201;2350590;42534631;28417184;2559385;0;8978
FR;1;2022-06-27;943;1775;9901;45979;940;9127;47114;0;300;42614971;41448776;26235102;2396569;42535571;28426311;2606499;0;9278
FR;1;2022-06-28;1215;2576;13839;86566;1381;12404;88252;0;569;42616186;41451352;26248941;2483135;42536952;28438715;2694751;0;9847
FR;1;2022-06-29;1242;2293;11480;67398;1256;10547;68444;0;487;42617428;41453645;26260421;2550533;42538208;28449262;2763195;0;10334
FR;1;2022-06-30;1287;2479;13518;89970;1428;11827;91768;0;645;42618715;41456124;26273939;2640503;42539636;28461089;2854963;0;10979
FR;1;2022-07-01;1656;3478;20305;109193;1989;17965;111585;0;859;42620371;41459602;26294244;2749696;42541625;28479054;2966548;0;11838
FR;1;2022-07-02;770;1527;8021;33775;751;7251;34801;0;315;42621141;41461129;26302265;2783471;42542376;28486305;3001349;0;12153
FR;1;2022-07-03;228;480;1942;6118;256;1758;6444;0;71;42621369;41461609;26304207;2789589;42542632;28488063;3007793;0;12224
FR;1;2022-07-04;1550;3164;13933;75414;2044;12359;77304;0;589;42622919;41464773;26318140;2865003;42544676;28500422;3085097;0;12813
FR;1;2022-07-05;1477;2854;17689;126366;1507;15147;128480;0;1059;42624396;41467627;26335829;2991369;42546183;28515569;3213577;0;13872
FR;1;2022-07-06;1364;2400;14885;93744;1378;12909;95180;0;815;42625760;41470027;26350714;3085113;42547561;28528478;3308757;0;14687
FR;1;2022-07-07;1440;2539;16933;119490;1408;14005;121584;0;1074;42627200;41472566;26367647;3204603;42548969;28542483;3430341;0;15761
FR;1;2022-07-08;1533;2822;19608;130001;1539;15971;132806;0;1220;42628733;41475388;26387255;3334604;42550508;28558454;3563147;0;16981
FR;1;2022-07-09;662;1280;7306;36020;700;6348;36809;0;392;42629395;41476668;26394561;3370624;42551208;28564802;3599956;0;17373
FR;1;2022-07-10;241;651;2240;6689;406;2032;7068;0;89;42629636;41477319;26396801;3377313;42551614;28566834;3607024;0;17462
FR;1;2022-07-11;1235;2238;14318;84452;1175;11939;86563;0;734;42630871;41479557;26411119;3461765;42552789;28578773;3693587;0;18196
FR;1;2022-07-12;1598;2800;19462;137422;1436;15901;139911;0;1485;42632469;41482357;26430581;3599187;42554225;28594674;3833498;0;19681
FR;1;2022-07-13;1451;2438;14789;89836;1315;12643;91521;0;1002;42633920;41484795;26445370;3689023;42555540;28607317;3925019;0;20683
FR;1;2022-07-14;160;350;1864;5289;195;1773;5436;0;74;42634080;41485145;26447234;3694312;42555735;28609090;3930455;0;20757
FR;1;2022-07-15;1265;2317;14361;80597;1203;12004;82601;0;960;42635345;41487462;26461595;3774909;42556938;28621094;4013056;0;21717
FR;1;2022-07-16;512;1063;5639;23949;555;4893;24589;0;302;42635857;41488525;26467234;3798858;42557493;28625987;4037645;0;22019
FR;1;2022-07-17;163;368;1656;4463;193;1500;4726;0;60;42636020;41488893;26468890;3803321;42557686;28627487;4042371;0;22079
FR;1;2022-07-18;973;2034;11302;59280;1144;9571;61005;0;715;42636993;41490927;26480192;3862601;42558830;28637058;4103376;0;22794
FR;1;2022-07-19;1231;2128;14691;99422;1192;11724;101417;0;1386;42638224;41493055;26494883;3962023;42560022;28648782;4204793;0;24180
FR;1;2022-07-20;1183;2003;12372;74371;1170;10282;75858;0;964;42639407;41495058;26507255;4036394;42561192;28659064;4280651;0;25144
FR;1;2022-07-21;1134;1952;12416;84542;1186;9992;85907;0;1211;42640541;41497010;26519671;4120936;42562378;28669056;4366558;0;26355
FR;1;2022-07-22;1270;2238;14101;85943;1251;11432;87682;0;1264;42641811;41499248;26533772;4206879;42563629;28680488;4454240;0;27619
FR;1;2022-07-23;547;1093;5236;21295;634;4610;21840;0;373;42642358;41500341;26539008;4228174;42564263;28685098;4476080;0;27992
FR;1;2022-07-24;148;305;1325;3699;152;1167;3923;0;65;42642506;41500646;26540333;4231873;42564415;28686265;4480003;0;28057
FR;1;2022-07-25;890;1631;9075;46116;981;7523;47492;0;680;42643396;41502277;26549408;4277989;42565396;28693788;4527495;0;28737
FR;1;2022-07-26;1132;1962;12680;81963;1119;10336;83576;0;1198;42644528;41504239;26562088;4359952;42566515;28704124;4611071;0;29935
FR;1;2022-07-27;1020;1729;9760;58521;1044;8139;59702;0;874;42645548;41505968;26571848;4418473;42567559;28712263;4670773;0;30809
FR;1;2022-07-28;982;1704;9854;61905;1113;7848;63133;0;967;42646530;41507672;26581702;4480378;42568672;28720111;4733906;0;31776
FR;1;2022-07-29;1113;1845;10458;62986;1171;8383;64300;0;1066;42647643;41509517;26592160;4543364;42569843;28728494;4798206;0;32842
FR;1;2022-07-30;393;725;3349;14491;441;2849;14851;0;279;42648036;41510242;26595509;4557855;42570284;28731343;4813057;0;33121
FR;1;2022-07-31;141;263;900;2335;158;766;2477;0;47;42648177;41510505;26596409;4560190;42570442;28732109;4815534;0;33168
FR;1;2022-08-01;796;1447;7254;28965;1063;6117;29956;0;519;42648973;41511952;26603663;4589155;42571505;28738226;4845490;0;33687
FR;1;2022-08-02;915;1484;8236;54036;997;6632;54686;0;1091;42649888;41513436;26611899;4643191;42572502;28744858;4900176;0;34778
FR;1;2022-08-03;729;1106;6152;37042;751;4935;37772;0;644;42650617;41514542;26618051;4680233;42573253;28749793;4937948;0;35422
FR;1;2022-08-04;648;1079;6258;41449;695;5053;42003;0;850;42651265;41515621;26624309;4721682;42573948;28754846;4979951;0;36272
FR;1;2022-08-05;741;1196;6764;43073;806;5433;43702;0;933;42652006;41516817;26631073;4764755;42574754;28760279;5023653;0;37205
FR;1;2022-08-06;276;461;1993;8999;301;1674;9191;0;218;42652282;41517278;26633066;4773754;42575055;28761953;5032844;0;37423
FR;1;2022-08-07;89;145;520;1556;101;436;1630;0;35;42652371;41517423;26633586;4775310;42575156;28762389;5034474;0;37458
FR;1;2022-08-08;535;1049;3804;21228;803;3138;21625;0;457;42652906;41518472;26637390;4796538;42575959;28765527;5056099;0;37915
FR;1;2022-08-09;632;1053;5683;38471;743;4558;38965;0;794;42653538;41519525;26643073;4835009;42576702;28770085;5095064;0;38709
FR;1;2022-08-10;548;1143;4435;26913;844;3636;27226;0;601;42654086;41520668;26647508;4861922;42577546;28773721;5122290;0;39310
FR;1;2022-08-11;551;917;4311;28206;629;3585;28534;0;634;42654637;41521585;26651819;4890128;42578175;28777306;5150824;0;39944
FR;1;2022-08-12;642;1037;4554;27165;711;3761;27577;0;668;42655279;41522622;26656373;4917293;42578886;28781067;5178401;0;40612
FR;1;2022-08-13;230;367;1248;5108;260;1065;5279;0;116;42655509;41522989;26657621;4922401;42579146;28782132;5183680;0;40728
FR;1;2022-08-14;66;115;277;871;96;236;941;0;24;42655575;41523104;26657898;4923272;42579242;28782368;5184621;0;40752
FR;1;2022-08-15;94;193;572;542;162;533;593;0;16;42655669;41523297;26658470;4923814;42579404;28782901;5185214;0;40768
FR;1;2022-08-16;535;950;3789;21487;708;3219;21687;0;582;42656204;41524247;26662259;4945301;42580112;28786120;5206901;0;41350
FR;1;2022-08-17;536;907;3768;22149;675;3194;22391;0;579;42656740;41525154;26666027;4967450;42580787;28789314;5229292;0;41929
FR;1;2022-08-18;548;889;3939;25440;690;3137;25662;0;630;42657288;41526043;26669966;4992890;42581477;28792451;5254954;0;42559
FR;1;2022-08-19;535;1048;4369;26544;747;3601;26852;0;732;42657823;41527091;26674335;5019434;42582224;28796052;5281806;0;43291
FR;1;2022-08-20;238;418;1289;5371;318;1106;5524;0;138;42658061;41527509;26675624;5024805;42582542;28797158;5287330;0;43429
FR;1;2022-08-21;84;111;287;989;76;253;1012;0;27;42658145;41527620;26675911;5025794;42582618;28797411;5288342;0;43456
FR;1;2022-08-22;503;898;3141;14953;670;2713;15229;0;411;42658648;41528518;26679052;5040747;42583288;28800124;5303571;0;43867
FR;1;2022-08-23;651;1062;4153;28321;746;3487;28400;0;830;42659299;41529580;26683205;5069068;42584034;28803611;5331971;0;44697
FR;1;2022-08-24;559;835;3403;19068;656;2773;19252;0;587;42659858;41530415;26686608;5088136;42584690;28806384;5351223;0;45284
FR;1;2022-08-25;564;929;3828;22919;649;3211;23148;0;655;42660422;41531344;26690436;5111055;42585339;28809595;5374371;0;45939
FR;1;2022-08-26;748;1135;4349;25156;809;3567;25531;0;745;42661170;41532479;26694785;5136211;42586148;28813162;5399902;0;46684
FR;1;2022-08-27;219;431;1324;5304;275;1192;5358;0;192;42661389;41532910;26696109;5141515;42586423;28814354;5405260;0;46876
FR;1;2022-08-28;111;146;298;899;105;280;948;0;33;42661500;41533056;26696407;5142414;42586528;28814634;5406208;0;46909
FR;1;2022-08-29;503;856;2976;14249;633;2515;14559;0;409;42662003;41533912;26699383;5156663;42587161;28817149;5420767;0;47318
FR;1;2022-08-30;741;1106;4626;27711;782;3776;28032;0;793;42662744;41535018;26704009;5184374;42587943;28820925;5448799;0;48111
FR;1;2022-08-31;586;831;3112;17234;609;2622;17496;0;483;42663330;41535849;26707121;5201608;42588552;28823547;5466295;0;48594
FR;1;2022-09-01;682;921;4332;21880;648;3691;22141;0;587;42664012;41536770;26711453;5223488;42589200;28827238;5488436;0;49181
FR;1;2022-09-02;777;1053;4883;27864;749;4079;28152;0;882;42664789;41537823;26716336;5251352;42589949;28831317;5516588;0;50063
FR;1;2022-09-03;318;506;1832;5875;345;1593;6104;0;174;42665107;41538329;26718168;5257227;42590294;28832910;5522692;0;50237
FR;1;2022-09-04;108;137;341;842;73;334;912;0;21;42665215;41538466;26718509;5258069;42590367;28833244;5523604;0;50258
FR;1;2022-09-05;619;753;3041;15697;577;2547;15980;0;499;42665834;41539219;26721550;5273766;42590944;28835791;5539584;0;50757
FR;1;2022-09-06;740;952;4569;31063;600;3708;31284;0;1002;42666574;41540171;26726119;5304829;42591544;28839499;5570868;0;51759
FR;1;2022-09-07;551;695;2920;16443;455;2423;16580;0;550;42667125;41540866;26729039;5321272;42591999;28841922;5587448;0;52309
FR;1;2022-09-08;574;791;3699;24220;537;3039;24301;0;796;42667699;41541657;26732738;5345492;42592536;28844961;5611749;0;53105
FR;1;2022-09-09;773;975;4304;26889;615;3593;27071;0;902;42668472;41542632;26737042;5372381;42593151;28848554;5638820;0;54007
FR;1;2022-09-10;336;516;1675;5588;346;1477;5778;0;204;42668808;41543148;26738717;5377969;42593497;28850031;5644598;0;54211
FR;1;2022-09-11;106;120;312;645;82;292;702;0;17;42668914;41543268;26739029;5378614;42593579;28850323;5645300;0;54228
FR;1;2022-09-12;458;598;2613;12948;419;2230;13228;0;462;42669372;41543866;26741642;5391562;42593998;28852553;5658528;0;54690
FR;1;2022-09-13;594;819;3868;25841;529;3382;25715;0;835;42669966;41544685;26745510;5417403;42594527;28855935;5684243;0;55525
FR;1;2022-09-14;576;708;2878;15695;493;2408;15931;0;537;42670542;41545393;26748388;5433098;42595020;28858343;5700174;0;56062
FR;1;2022-09-15;520;737;3338;23090;509;2845;23153;0;678;42671062;41546130;26751726;5456188;42595529;28861188;5723327;0;56740
FR;1;2022-09-16;720;939;4017;25341;623;3390;25542;0;891;42671782;41547069;26755743;5481529;42596152;28864578;5748869;0;57631
FR;1;2022-09-17;296;419;1395;5978;290;1220;6086;0;227;42672078;41547488;26757138;5487507;42596442;28865798;5754955;0;57858
FR;1;2022-09-18;99;124;310;923;101;278;979;0;33;42672177;41547612;26757448;5488430;42596543;28866076;5755934;0;57891
FR;1;2022-09-19;368;573;2138;12855;375;1834;13008;0;414;42672545;41548185;26759586;5501285;42596918;28867910;5768942;0;58305
FR;1;2022-09-20;560;812;3661;25829;559;3059;25869;0;853;42673105;41548997;26763247;5527114;42597477;28870969;5794811;0;59158
FR;1;2022-09-21;473;684;2626;15862;484;2255;15826;0;561;42673578;41549681;26765873;5542976;42597961;28873224;5810637;0;59719
FR;1;2022-09-22;539;765;3291;22960;505;2689;23150;0;742;42674117;41550446;26769164;5565936;42598466;28875913;5833787;0;60461
FR;1;2022-09-23;764;942;4352;28147;673;3632;28311;0;981;42674881;41551388;26773516;5594083;42599139;28879545;5862098;0;61442
FR;1;2022-09-24;352;537;1587;6694;377;1370;6867;0;300;42675233;41551925;26775103;5600777;42599516;28880915;5868965;0;61742
FR;1;2022-09-25;81;155;321;1071;108;293;1109;0;32;42675314;41552080;26775424;5601848;42599624;28881208;5870074;0;61774
FR;1;2022-09-26;383;648;2181;13073;425;1934;13167;0;412;42675697;41552728;26777605;5614921;42600049;28883142;5883241;0;62186
FR;1;2022-09-27;541;767;3458;25023;541;2794;25221;0;906;42676238;41553495;26781063;5639944;42600590;28885936;5908462;0;63092
FR;1;2022-09-28;520;718;2446;14965;505;2215;15054;0;597;42676758;41554213;26783509;5654909;42601095;28888151;5923516;0;63689
FR;1;2022-09-29;504;691;2986;20360;482;2511;20373;0;767;42677262;41554904;26786495;5675269;42601577;28890662;5943889;0;64456
FR;1;2022-09-30;687;978;3775;24427;684;3159;24675;0;970;42677949;41555882;26790270;5699696;42602261;28893821;5968564;0;65426
FR;1;2022-10-01;349;547;1903;5504;382;1658;5731;0;273;42678298;41556429;26792173;5705200;42602643;28895479;5974295;0;65699
FR;1;2022-10-02;54;120;204;568;82;204;589;0;29;42678352;41556549;26792377;5705768;42602725;28895683;5974884;0;65728
FR;1;2022-10-03;443;711;2217;10040;554;1977;10208;0;489;42678795;41557260;26794594;5715808;42603279;28897660;5985092;0;66217
FR;1;2022-10-04;559;714;2926;18922;482;2477;19010;0;1084;42679354;41557974;26797520;5734730;42603761;28900137;6004102;0;67301
FR;1;2022-10-05;434;691;2094;11113;463;1867;11242;0;723;42679788;41558665;26799614;5745843;42604224;28902004;6015344;0;68024
FR;1;2022-10-06;442;615;2494;15776;438;2059;15959;0;1060;42680230;41559280;26802108;5761619;42604662;28904063;6031303;0;69084
FR;1;2022-10-07;552;743;2693;16066;542;2310;16090;0;1161;42680782;41560023;26804801;5777685;42605204;28906373;6047393;0;70245
FR;1;2022-10-08;236;310;887;3170;243;775;3275;0;291;42681018;41560333;26805688;5780855;42605447;28907148;6050668;0;70536
FR;1;2022-10-09;76;87;150;461;77;134;487;0;51;42681094;41560420;26805838;5781316;42605524;28907282;6051155;0;70587
FR;1;2022-10-10;299;478;1320;4996;385;1238;5091;0;463;42681393;41560898;26807158;5786312;42605909;28908520;6056246;0;71050
FR;1;2022-10-11;320;445;1312;8085;332;1193;8186;0;757;42681713;41561343;26808470;5794397;42606241;28909713;6064432;0;71807
FR;1;2022-10-12;327;454;1068;5188;344;1064;5203;0;520;42682040;41561797;26809538;5799585;42606585;28910777;6069635;0;72327
FR;1;2022-10-13;325;410;1069;6085;319;930;6130;0;628;42682365;41562207;26810607;5805670;42606904;28911707;6075765;0;72955
FR;1;2022-10-14;408;533;1173;6710;449;1047;6778;0;676;42682773;41562740;26811780;5812380;42607353;28912754;6082543;0;73631
FR;1;2022-10-15;204;291;529;1860;243;512;1868;0;226;42682977;41563031;26812309;5814240;42607596;28913266;6084411;0;73857
FR;1;2022-10-16;47;63;111;296;44;118;315;0;48;42683024;41563094;26812420;5814536;42607640;28913384;6084726;0;73905
FR;1;2022-10-17;235;327;735;2652;260;691;2696;0;366;42683259;41563421;26813155;5817188;42607900;28914075;6087422;0;74271
FR;1;2022-10-18;262;315;953;4594;251;832;4697;0;865;42683521;41563736;26814108;5821782;42608151;28914907;6092119;0;75136
FR;1;2022-10-19;280;369;693;3185;302;662;3164;0;502;42683801;41564105;26814801;5824967;42608453;28915569;6095283;0;75638
FR;1;2022-10-20;280;330;894;4365;277;782;4403;0;771;42684081;41564435;26815695;5829332;42608730;28916351;6099686;0;76409
FR;1;2022-10-21;302;412;846;3803;364;741;3875;0;675;42684383;41564847;26816541;5833135;42609094;28917092;6103561;0;77084
FR;1;2022-10-22;135;177;306;1252;155;300;1217;0;210;42684518;41565024;26816847;5834387;42609249;28917392;6104778;0;77294
FR;1;2022-10-23;31;43;64;197;41;58;213;0;25;42684549;41565067;26816911;5834584;42609290;28917450;6104991;0;77319
FR;1;2022-10-24;273;232;477;1603;201;474;1659;0;306;42684822;41565299;26817388;5836187;42609491;28917924;6106650;0;77625
FR;1;2022-10-25;219;258;524;2650;227;446;2705;0;487;42685041;41565557;26817912;5838837;42609718;28918370;6109355;0;78112
FR;1;2022-10-26;235;247;391;1956;233;367;1963;0;435;42685276;41565804;26818303;5840793;42609951;28918737;6111318;0;78547
FR;1;2022-10-27;259;227;489;2167;198;508;2151;0;518;42685535;41566031;26818792;5842960;42610149;28919245;6113469;0;79065
FR;1;2022-10-28;310;324;532;2333;303;470;2399;0;478;42685845;41566355;26819324;5845293;42610452;28919715;6115868;0;79543
FR;1;2022-10-29;99;149;176;712;118;210;703;0;202;42685944;41566504;26819500;5846005;42610570;28919925;6116571;0;79745
FR;1;2022-10-30;38;44;62;183;36;56;189;0;38;42685982;41566548;26819562;5846188;42610606;28919981;6116760;0;79783
FR;1;2022-10-31;136;181;294;796;160;271;863;0;143;42686118;41566729;26819856;5846984;42610766;28920252;6117623;0;79926
FR;1;2022-11-01;49;123;766;115;106;764;135;0;18;42686167;41566852;26820622;5847099;42610872;28921016;6117758;0;79944
FR;1;2022-11-02;259;230;527;982;225;494;1046;0;356;42686426;41567082;26821149;5848081;42611097;28921510;6118804;0;80300
FR;1;2022-11-03;269;232;441;1378;218;401;1417;0;374;42686695;41567314;26821590;5849459;42611315;28921911;6120221;0;80674
FR;1;2022-11-04;232;260;424;1597;240;401;1637;0;438;42686927;41567574;26822014;5851056;42611555;28922312;6121858;0;81112
FR;1;2022-11-05;98;119;272;501;108;254;523;0;111;42687025;41567693;26822286;5851557;42611663;28922566;6122381;0;81223
FR;1;2022-11-06;36;42;32;131;41;35;129;0;33;42687061;41567735;26822318;5851688;42611704;28922601;6122510;0;81256
FR;1;2022-11-07;185;212;300;892;198;292;938;0;211;42687246;41567947;26822618;5852580;42611902;28922893;6123448;0;81467
FR;1;2022-11-08;200;238;464;1688;226;409;1717;0;524;42687446;41568185;26823082;5854268;42612128;28923302;6125165;0;81991
FR;1;2022-11-09;185;218;334;1102;206;300;1140;0;476;42687631;41568403;26823416;5855370;42612334;28923602;6126305;0;82467
FR;1;2022-11-10;210;285;430;1679;274;439;1667;0;605;42687841;41568688;26823846;5857049;42612608;28924041;6127972;0;83072
FR;1;2022-11-11;28;39;104;100;38;90;114;0;44;42687869;41568727;26823950;5857149;42612646;28924131;6128086;0;83116
FR;1;2022-11-12;91;131;256;375;118;255;390;0;101;42687960;41568858;26824206;5857524;42612764;28924386;6128476;0;83217
FR;1;2022-11-13;20;45;28;64;42;31;66;0;26;42687980;41568903;26824234;5857588;42612806;28924417;6128542;0;83243
FR;1;2022-11-14;171;178;257;768;166;261;838;0;235;42688151;41569081;26824491;5858356;42612972;28924678;6129380;0;83478
FR;1;2022-11-15;214;260;388;1296;259;364;1336;0;436;42688365;41569341;26824879;5859652;42613231;28925042;6130716;0;83914
FR;1;2022-11-16;187;234;330;981;229;343;1016;0;359;42688552;41569575;26825209;5860633;42613460;28925385;6131732;0;84273
FR;1;2022-11-17;166;187;291;1205;181;267;1209;0;387;42688718;41569762;26825500;5861838;42613641;28925652;6132941;0;84660
FR;1;2022-11-18;226;254;393;1314;247;382;1347;0;411;42688944;41570016;26825893;5863152;42613888;28926034;6134288;0;85071
FR;1;2022-11-19;120;109;245;441;107;210;474;0;102;42689064;41570125;26826138;5863593;42613995;28926244;6134762;0;85173
FR;1;2022-11-20;30;67;30;66;62;32;74;0;28;42689094;41570192;26826168;5863659;42614057;28926276;6134836;0;85201
FR;1;2022-11-21;175;170;270;638;143;286;675;0;211;42689269;41570362;26826438;5864297;42614200;28926562;6135511;0;85412
FR;1;2022-11-22;154;155;410;1153;139;393;1176;0;405;42689423;41570517;26826848;5865450;42614339;28926955;6136687;0;85817
FR;1;2022-11-23;178;177;242;759;161;243;782;0;241;42689601;41570694;26827090;5866209;42614500;28927198;6137469;0;86058
FR;1;2022-11-24;135;162;286;1204;143;298;1207;0;441;42689736;41570856;26827376;5867413;42614643;28927496;6138676;0;86499
FR;1;2022-11-25;205;233;423;1154;218;412;1186;0;392;42689941;41571089;26827799;5868567;42614861;28927908;6139862;0;86891
FR;1;2022-11-26;90;107;112;322;98;124;310;0;118;42690031;41571196;26827911;5868889;42614959;28928032;6140172;0;87009
FR;1;2022-11-27;18;37;19;72;24;31;78;0;49;42690049;41571233;26827930;5868961;42614983;28928063;6140250;0;87058
FR;1;2022-11-28;209;138;207;665;145;204;707;0;332;42690258;41571371;26828137;5869626;42615128;28928267;6140957;0;87390
FR;1;2022-11-29;171;140;269;1105;125;251;1118;0;457;42690429;41571511;26828406;5870731;42615253;28928518;6142075;0;87847
FR;1;2022-11-30;159;193;231;932;180;232;956;0;321;42690588;41571704;26828637;5871663;42615433;28928750;6143031;0;88168
FR;1;2022-12-01;159;151;703;1083;138;671;1125;0;363;42690747;41571855;26829340;5872746;42615571;28929421;6144156;0;88531
FR;1;2022-12-02;199;195;515;1183;191;511;1231;0;470;42690946;41572050;26829855;5873929;42615762;28929932;6145387;0;89001
FR;1;2022-12-03;102;107;261;531;95;239;528;0;180;42691048;41572157;26830116;5874460;42615857;28930171;6145915;0;89181
FR;1;2022-12-04;26;26;19;138;23;20;129;0;58;42691074;41572183;26830135;5874598;42615880;28930191;6146044;0;89239
FR;1;2022-12-05;138;128;292;866;124;287;897;0;315;42691212;41572311;26830427;5875464;42616004;28930478;6146941;0;89554
FR;1;2022-12-06;147;143;267;1446;130;271;1452;0;739;42691359;41572454;26830694;5876910;42616134;28930749;6148393;0;90293
FR;1;2022-12-07;149;149;245;1186;158;225;1203;0;574;42691508;41572603;26830939;5878096;42616292;28930974;6149596;0;90867
FR;1;2022-12-08;127;135;297;1751;127;252;1794;0;765;42691635;41572738;26831236;5879847;42616419;28931226;6151390;0;91632
FR;1;2022-12-09;200;194;348;1814;164;357;1834;0;720;42691835;41572932;26831584;5881661;42616583;28931583;6153224;0;92352
FR;1;2022-12-10;114;102;340;853;88;323;874;0;292;42691949;41573034;26831924;5882514;42616671;28931906;6154098;0;92644
FR;1;2022-12-11;31;30;32;218;27;30;200;0;62;42691980;41573064;26831956;5882732;42616698;28931936;6154298;0;92706
FR;1;2022-12-12;125;94;281;1099;90;270;1110;0;457;42692105;41573158;26832237;5883831;42616788;28932206;6155408;0;93163
FR;1;2022-12-13;118;117;284;1297;91;260;1310;0;616;42692223;41573275;26832521;5885128;42616879;28932466;6156718;0;93779
FR;1;2022-12-14;105;138;248;865;132;228;888;0;369;42692328;41573413;26832769;5885993;42617011;28932694;6157606;0;94148
FR;1;2022-12-15;135;145;441;1490;132;411;1515;0;692;42692463;41573558;26833210;5887483;42617143;28933105;6159121;0;94840
FR;1;2022-12-16;204;207;559;1339;210;543;1361;0;620;42692667;41573765;26833769;5888822;42617353;28933648;6160482;0;95460
FR;1;2022-12-17;88;85;222;467;75;216;475;0;203;42692755;41573850;26833991;5889289;42617428;28933864;6160957;0;95663
FR;1;2022-12-18;17;21;25;111;18;27;107;0;37;42692772;41573871;26834016;5889400;42617446;28933891;6161064;0;95700
FR;1;2022-12-19;149;125;243;791;133;215;833;0;378;42692921;41573996;26834259;5890191;42617579;28934106;6161897;0;96078
FR;1;2022-12-20;141;155;333;905;142;327;911;0;423;42693062;41574151;26834592;5891096;42617721;28934433;6162808;0;96501
FR;1;2022-12-21;133;102;202;638;112;169;645;0;388;42693195;41574253;26834794;5891734;42617833;28934602;6163453;0;96889
FR;1;2022-12-22;145;103;163;537;111;148;530;0;306;42693340;41574356;26834957;5892271;42617944;28934750;6163983;0;97195
FR;1;2022-12-23;127;146;449;415;129;439;421;0;179;42693467;41574502;26835406;5892686;42618073;28935189;6164404;0;97374
FR;1;2022-12-24;30;25;31;54;28;30;61;0;21;42693497;41574527;26835437;5892740;42618101;28935219;6164465;0;97395
FR;1;2022-12-25;3;10;19;12;10;13;15;0;11;42693500;41574537;26835456;5892752;42618111;28935232;6164480;0;97406
FR;1;2022-12-26;93;89;247;250;89;251;256;0;93;42693593;41574626;26835703;5893002;42618200;28935483;6164736;0;97499
FR;1;2022-12-27;111;156;305;385;148;310;400;0;180;42693704;41574782;26836008;5893387;42618348;28935793;6165136;0;97679
FR;1;2022-12-28;100;139;197;268;126;199;279;0;125;42693804;41574921;26836205;5893655;42618474;28935992;6165415;0;97804
FR;1;2022-12-29;105;101;151;281;99;150;302;0;114;42693909;41575022;26836356;5893936;42618573;28936142;6165717;0;97918
FR;1;2022-12-30;122;120;81;255;109;88;262;0;141;42694031;41575142;26836437;5894191;42618682;28936230;6165979;0;98059
FR;1;2022-12-31;38;33;28;74;38;25;74;0;25;42694069;41575175;26836465;5894265;42618720;28936255;6166053;0;98084
FR;1;2023-01-01;4;11;57;20;11;53;25;0;10;42694073;41575186;26836522;5894285;42618731;28936308;6166078;0;98094
FR;1;2023-01-02;80;102;608;168;112;587;190;0;63;42694153;41575288;26837130;5894453;42618843;28936895;6166268;0;98157
FR;1;2023-01-03;147;91;301;195;88;299;206;0;146;42694300;41575379;26837431;5894648;42618931;28937194;6166474;0;98303
FR;1;2023-01-04;86;82;225;195;83;227;203;0;192;42694386;41575461;26837656;5894843;42619014;28937421;6166677;0;98495
FR;1;2023-01-05;141;101;154;329;113;154;328;0;205;42694527;41575562;26837810;5895172;42619127;28937575;6167005;0;98700
FR;1;2023-01-06;191;136;201;321;140;188;346;0;230;42694718;41575698;26838011;5895493;42619267;28937763;6167351;0;98930
FR;1;2023-01-07;102;85;123;142;88;106;159;0;92;42694820;41575783;26838134;5895635;42619355;28937869;6167510;0;99022
FR;1;2023-01-08;25;18;24;58;17;20;62;0;24;42694845;41575801;26838158;5895693;42619372;28937889;6167572;0;99046
FR;1;2023-01-09;137;118;128;132;114;135;146;0;114;42694982;41575919;26838286;5895825;42619486;28938024;6167718;0;99160
FR;1;2023-01-10;108;111;241;258;110;246;258;0;191;42695090;41576030;26838527;5896083;42619596;28938270;6167976;0;99351
FR;1;2023-01-11;99;94;82;189;102;88;199;0;95;42695189;41576124;26838609;5896272;42619698;28938358;6168175;0;99446
FR;1;2023-01-12;119;96;199;235;91;199;260;0;166;42695308;41576220;26838808;5896507;42619789;28938557;6168435;0;99612
FR;1;2023-01-13;192;140;127;283;139;128;302;0;187;42695500;41576360;26838935;5896790;42619928;28938685;6168737;0;99799
FR;1;2023-01-14;87;59;72;100;61;83;98;0;62;42695587;41576419;26839007;5896890;42619989;28938768;6168835;0;99861
FR;1;2023-01-15;18;19;26;41;19;23;45;0;29;42695605;41576438;26839033;5896931;42620008;28938791;6168880;0;99890
FR;1;2023-01-16;110;94;235;152;88;241;128;0;100;42695715;41576532;26839268;5897083;42620096;28939032;6169008;0;99990
FR;1;2023-01-17;107;95;133;206;94;130;235;0;123;42695822;41576627;26839401;5897289;42620190;28939162;6169243;0;100113
FR;1;2023-01-18;97;81;76;139;81;72;161;0;112;42695919;41576708;26839477;5897428;42620271;28939234;6169404;0;100225
FR;1;2023-01-19;112;70;58;125;69;72;123;0;132;42696031;41576778;26839535;5897553;42620340;28939306;6169527;0;100357
FR;1;2023-01-20;158;137;132;264;138;162;252;0;181;42696189;41576915;26839667;5897817;42620478;28939468;6169779;0;100538
FR;1;2023-01-21;56;66;54;79;64;65;69;0;35;42696245;41576981;26839721;5897896;42620542;28939533;6169848;0;100573
FR;1;2023-01-22;8;8;11;19;6;8;22;0;14;42696253;41576989;26839732;5897915;42620548;28939541;6169870;0;100587
FR;1;2023-01-23;85;76;96;86;81;86;105;0;75;42696338;41577065;26839828;5898001;42620629;28939627;6169975;0;100662
FR;1;2023-01-24;112;69;62;120;80;60;129;0;177;42696450;41577134;26839890;5898121;42620709;28939687;6170104;0;100839
FR;1;2023-01-25;93;115;73;97;115;74;111;0;104;42696543;41577249;26839963;5898218;42620824;28939761;6170215;0;100943
FR;1;2023-01-26;101;100;54;140;91;60;159;0;96;42696644;41577349;26840017;5898358;42620915;28939821;6170374;0;101039
FR;1;2023-01-27;163;129;96;132;139;113;131;0;196;42696807;41577478;26840113;5898490;42621054;28939934;6170505;0;101235
FR;1;2023-01-28;72;68;39;36;70;37;43;0;27;42696879;41577546;26840152;5898526;42621124;28939971;6170548;0;101262
FR;1;2023-01-29;11;17;10;8;14;8;14;0;12;42696890;41577563;26840162;5898534;42621138;28939979;6170562;0;101274
FR;1;2023-01-30;143;102;52;68;106;59;76;0;49;42697033;41577665;26840214;5898602;42621244;28940038;6170638;0;101323
FR;1;2023-01-31;121;83;43;110;72;50;118;0;137;42697154;41577748;26840257;5898712;42621316;28940088;6170756;0;101460
FR;1;2023-02-01;100;87;46;65;87;52;72;0;65;42697254;41577835;26840303;5898777;42621403;28940140;6170828;0;101525
FR;1;2023-02-02;83;81;33;92;76;42;90;0;89;42697337;41577916;26840336;5898869;42621479;28940182;6170918;0;101614
FR;1;2023-02-03;148;131;44;89;131;52;92;0;89;42697485;41578047;26840380;5898958;42621610;28940234;6171010;0;101703
FR;1;2023-02-04;47;73;28;39;80;29;40;0;24;42697532;41578120;26840408;5898997;42621690;28940263;6171050;0;101727
FR;1;2023-02-05;2;5;1;3;4;3;3;0;7;42697534;41578125;26840409;5899000;42621694;28940266;6171053;0;101734
FR;1;2023-02-06;90;68;53;54;72;55;60;0;82;42697624;41578193;26840462;5899054;42621766;28940321;6171113;0;101816
FR;1;2023-02-07;83;65;28;55;70;26;62;0;79;42697707;41578258;26840490;5899109;42621836;28940347;6171175;0;101895
FR;1;2023-02-08;68;77;23;27;75;31;28;0;46;42697775;41578335;26840513;5899136;42621911;28940378;6171203;0;101941
FR;1;2023-02-09;56;39;22;41;48;21;47;0;58;42697831;41578374;26840535;5899177;42621959;28940399;6171250;0;101999
FR;2;2020-12-27;0;0;0;0;0;0;0;0;0;0;0;0;0;0;0;0;0;0
FR;2;2020-12-28;0;0;0;0;0;0;0;0;0;0;0;0;0;0;0;0;0;0
FR;2;2020-12-29;0;0;0;0;0;0;0;0;0;0;0;0;0;0;0;0;0;0
FR;2;2020-12-30;0;0;0;0;0;0;0;0;0;0;0;0;0;0;0;0;0;0
FR;2;2020-12-31;0;0;0;0;0;0;0;0;0;0;0;0;0;0;0;0;0;0
FR;2;2021-01-01;0;0;0;0;0;0;0;0;0;0;0;0;0;0;0;0;0;0
FR;2;2021-01-02;0;0;0;0;0;0;0;0;0;0;0;0;0;0;0;0;0;0
FR;2;2021-01-03;0;0;0;0;0;0;0;0;0;0;0;0;0;0;0;0;0;0
FR;2;2021-01-04;0;0;0;0;0;0;0;0;0;0;0;0;0;0;0;0;0;0
FR;2;2021-01-05;0;0;0;0;0;0;0;0;0;0;0;0;0;0;0;0;0;0
FR;2;2021-01-06;0;0;0;0;0;0;0;0;0;0;0;0;0;0;0;0;0;0
FR;2;2021-01-07;0;0;0;0;0;0;0;0;0;0;0;0;0;0;0;0;0;0
FR;2;2021-01-08;0;0;0;0;0;0;0;0;0;0;0;0;0;0;0;0;0;0
FR;2;2021-01-09;0;0;0;0;0;0;0;0;0;0;0;0;0;0;0;0;0;0
FR;2;2021-01-10;0;0;0;0;0;0;0;0;0;0;0;0;0;0;0;0;0;0
FR;2;2021-01-11;0;0;0;0;0;0;0;0;0;0;0;0;0;0;0;0;0;0
FR;2;2021-01-12;0;0;0;0;0;0;0;0;0;0;0;0;0;0;0;0;0;0
FR;2;2021-01-13;0;0;0;0;0;0;0;0;0;0;0;0;0;0;0;0;0;0
FR;2;2021-01-14;1638;0;0;0;213;0;0;0;0;1638;0;0;0;213;0;0;0;0
FR;2;2021-01-15;398;0;0;0;28;0;0;0;0;2036;0;0;0;241;0;0;0;0
FR;2;2021-01-16;316;0;0;0;12;0;0;0;0;2352;0;0;0;253;0;0;0;0
FR;2;2021-01-17;84;0;0;0;7;0;0;0;0;2436;0;0;0;260;0;0;0;0
FR;2;2021-01-18;3075;3;0;0;27;0;0;0;0;5511;3;0;0;287;0;0;0;0
FR;2;2021-01-19;4681;2;0;0;31;0;0;0;0;10192;5;0;0;318;0;0;0;0
FR;2;2021-01-20;5137;6;0;0;58;0;0;0;0;15329;11;0;0;376;0;0;0;0
FR;2;2021-01-21;5345;9;0;0;56;0;0;0;0;20674;20;0;0;432;0;0;0;0
FR;2;2021-01-22;5118;19;0;0;70;0;0;0;0;25792;39;0;0;502;0;0;0;0
FR;2;2021-01-23;1875;2;0;0;16;0;0;0;0;27667;41;0;0;518;0;0;0;0
FR;2;2021-01-24;163;2;0;0;8;0;0;0;0;27830;43;0;0;526;0;0;0;0
FR;2;2021-01-25;3814;4;0;0;37;0;0;0;0;31644;47;0;0;563;0;0;0;0
FR;2;2021-01-26;3929;6;0;0;42;0;0;0;0;35573;53;0;0;605;0;0;0;0
FR;2;2021-01-27;3606;4;0;0;36;0;0;0;0;39179;57;0;0;641;0;0;0;0
FR;2;2021-01-28;3757;9;0;0;44;0;0;0;0;42936;66;0;0;685;0;0;0;0
FR;2;2021-01-29;3300;5;0;0;41;0;0;0;0;46236;71;0;0;726;0;0;0;0
FR;2;2021-01-30;1133;3;0;0;16;0;0;0;0;47369;74;0;0;742;0;0;0;0
FR;2;2021-01-31;46;2;0;0;9;0;0;0;0;47415;76;0;0;751;0;0;0;0
FR;2;2021-02-01;3408;13;0;0;44;0;0;0;0;50823;89;0;0;795;0;0;0;0
FR;2;2021-02-02;4496;19;0;0;53;0;0;0;0;55319;108;0;0;848;0;0;0;0
FR;2;2021-02-03;5223;11;0;0;82;0;0;0;0;60542;119;0;0;930;0;0;0;0
FR;2;2021-02-04;4941;11;0;0;36;0;0;0;0;65483;130;0;0;966;0;0;0;0
FR;2;2021-02-05;4817;17;0;0;50;0;0;0;0;70300;147;0;0;1016;0;0;0;0
FR;2;2021-02-06;2045;15;0;0;41;0;0;0;0;72345;162;0;0;1057;0;0;0;0
FR;2;2021-02-07;103;6;0;0;20;0;0;0;0;72448;168;0;0;1077;0;0;0;0
FR;2;2021-02-08;7559;26;0;0;85;0;0;0;0;80007;194;0;0;1162;0;0;0;0
FR;2;2021-02-09;8434;31;0;0;99;0;0;0;0;88441;225;0;0;1261;0;0;0;0
FR;2;2021-02-10;9349;63;0;0;183;0;0;0;0;97790;288;0;0;1444;0;0;0;0
FR;2;2021-02-11;10292;131;0;0;255;0;0;0;0;108082;419;0;0;1699;0;0;0;0
FR;2;2021-02-12;10059;275;0;0;429;0;0;0;0;118141;694;0;0;2128;0;0;0;0
FR;2;2021-02-13;3121;224;0;0;262;0;0;0;0;121262;918;0;0;2390;0;0;0;0
FR;2;2021-02-14;358;11;0;0;21;0;0;0;0;121620;929;0;0;2411;0;0;0;0
FR;2;2021-02-15;3460;3130;0;0;3176;0;0;0;0;125080;4059;0;0;5587;0;0;0;0
FR;2;2021-02-16;5076;4163;0;0;4236;0;0;0;0;130156;8222;0;0;9823;0;0;0;0
FR;2;2021-02-17;4259;4555;0;0;4632;0;0;0;0;134415;12777;0;0;14455;0;0;0;0
FR;2;2021-02-18;5406;5176;0;0;5245;0;0;0;0;139821;17953;0;0;19700;0;0;0;0
FR;2;2021-02-19;5328;4490;0;0;4591;0;0;0;0;145149;22443;0;0;24291;0;0;0;0
FR;2;2021-02-20;1872;1520;0;0;1537;0;0;0;0;147021;23963;0;0;25828;0;0;0;0
FR;2;2021-02-21;244;96;0;0;98;0;0;0;0;147265;24059;0;0;25926;0;0;0;0
FR;2;2021-02-22;3614;3782;0;0;3844;0;0;0;0;150879;27841;0;0;29770;0;0;0;0
FR;2;2021-02-23;4956;3740;0;0;3803;0;0;0;0;155835;31581;0;0;33573;0;0;0;0
FR;2;2021-02-24;5017;3558;0;0;3610;0;0;0;0;160852;35139;0;0;37183;0;0;0;0
FR;2;2021-02-25;5500;3494;0;0;3583;0;0;0;0;166352;38633;0;0;40766;0;0;0;0
FR;2;2021-02-26;4368;3180;0;0;3254;0;0;0;0;170720;41813;0;0;44020;0;0;0;0
FR;2;2021-02-27;1629;1067;0;0;1086;0;0;0;0;172349;42880;0;0;45106;0;0;0;0
FR;2;2021-02-28;179;17;0;0;28;0;0;0;0;172528;42897;0;0;45134;0;0;0;0
FR;2;2021-03-01;5193;3760;0;0;3849;0;0;0;0;177721;46657;0;0;48983;0;0;0;0
FR;2;2021-03-02;6542;4725;0;0;4826;0;0;0;0;184263;51382;0;0;53809;0;0;0;0
FR;2;2021-03-03;6544;4956;0;0;5097;0;0;0;0;190807;56338;0;0;58906;0;0;0;0
FR;2;2021-03-04;8412;4209;0;0;4394;0;0;0;0;199219;60547;0;0;63300;0;0;0;0
FR;2;2021-03-05;8036;4055;0;0;4237;0;0;0;0;207255;64602;0;0;67537;0;0;0;0
FR;2;2021-03-06;4790;1683;0;0;1783;0;0;0;0;212045;66285;0;0;69320;0;0;0;0
FR;2;2021-03-07;2373;32;0;0;76;0;0;0;0;214418;66317;0;0;69396;0;0;0;0
FR;2;2021-03-08;4166;8392;0;0;8549;0;0;0;0;218584;74709;0;0;77945;0;0;0;0
FR;2;2021-03-09;7494;8609;1;0;8867;0;0;0;0;226078;83318;1;0;86812;0;0;0;0
FR;2;2021-03-10;7108;9245;0;0;9472;0;0;0;0;233186;92563;1;0;96284;0;0;0;0
FR;2;2021-03-11;9379;9364;1;0;9683;0;0;0;0;242565;101927;2;0;105967;0;0;0;0
FR;2;2021-03-12;7987;8363;0;0;8665;0;0;0;0;250552;110290;2;0;114632;0;0;0;0
FR;2;2021-03-13;10057;2592;0;0;2913;0;0;0;0;260609;112882;2;0;117545;0;0;0;0
FR;2;2021-03-14;4841;380;0;0;539;0;0;0;0;265450;113262;2;0;118084;0;0;0;0
FR;2;2021-03-15;10919;3476;0;0;3765;0;0;0;0;276369;116738;2;0;121849;0;0;0;0
FR;2;2021-03-16;16769;4732;1;0;5282;0;0;0;0;293138;121470;3;0;127131;0;0;0;0
FR;2;2021-03-17;20242;3996;0;0;4670;0;0;0;0;313380;125466;3;0;131801;0;0;0;0
FR;2;2021-03-18;23375;5127;0;0;5956;0;0;0;0;336755;130593;3;0;137757;0;0;0;0
FR;2;2021-03-19;23316;4678;0;0;5440;0;0;0;0;360071;135271;3;0;143197;0;0;0;0
FR;2;2021-03-20;25452;1586;0;0;2343;0;0;0;0;385523;136857;3;0;145540;0;0;0;0
FR;2;2021-03-21;17673;153;0;0;731;0;0;0;0;403196;137010;3;0;146271;0;0;0;0
FR;2;2021-03-22;17790;3261;0;0;3930;0;0;0;0;420986;140271;3;0;150201;0;0;0;0
FR;2;2021-03-23;22706;4286;0;0;5140;0;0;0;0;443692;144557;3;0;155341;0;0;0;0
FR;2;2021-03-24;23964;5080;0;0;5917;0;0;0;0;467656;149637;3;0;161258;0;0;0;0
FR;2;2021-03-25;26762;5256;1;0;6453;0;0;0;0;494418;154893;4;0;167711;0;0;0;0
FR;2;2021-03-26;26992;4236;0;0;5382;0;0;0;0;521410;159129;4;0;173093;0;0;0;0
FR;2;2021-03-27;15923;1368;0;0;1898;0;0;0;0;537333;160497;4;0;174991;0;0;0;0
FR;2;2021-03-28;10562;136;0;0;428;0;0;0;0;547895;160633;4;0;175419;0;0;0;0
FR;2;2021-03-29;19002;4349;0;0;5049;0;0;0;0;566897;164982;4;0;180468;0;0;0;0
FR;2;2021-03-30;24597;6104;0;0;7044;0;0;0;0;591494;171086;4;0;187512;0;0;0;0
FR;2;2021-03-31;28562;5932;0;0;7223;0;0;0;0;620056;177018;4;0;194735;0;0;0;0
FR;2;2021-04-01;34559;8577;1;0;10270;0;0;0;0;654615;185595;5;0;205005;0;0;0;0
FR;2;2021-04-02;29992;7734;0;0;9161;0;0;0;0;684607;193329;5;0;214166;0;0;0;0
FR;2;2021-04-03;16958;4258;0;0;4940;0;0;0;0;701565;197587;5;0;219106;0;0;0;0
FR;2;2021-04-04;9309;1267;2;0;1675;0;0;0;0;710874;198854;7;0;220781;0;0;0;0
FR;2;2021-04-05;12447;797;0;0;1381;0;0;0;0;723321;199651;7;0;222162;0;0;0;0
FR;2;2021-04-06;27158;7355;0;0;8746;0;0;0;0;750479;207006;7;0;230908;0;0;0;0
FR;2;2021-04-07;30930;7071;1;0;8647;0;0;0;0;781409;214077;8;0;239555;0;0;0;0
FR;2;2021-04-08;36896;8592;1;0;10517;0;0;0;0;818305;222669;9;0;250072;0;0;0;0
FR;2;2021-04-09;33855;8391;28;0;10177;0;0;0;0;852160;231060;37;0;260249;0;0;0;0
FR;2;2021-04-10;19689;9266;1;0;10179;0;0;0;0;871849;240326;38;0;270428;0;0;0;0
FR;2;2021-04-11;7943;4240;1;0;4603;0;0;0;0;879792;244566;39;0;275031;0;0;0;0
FR;2;2021-04-12;17134;11029;0;0;11869;0;0;0;0;896926;255595;39;0;286900;0;0;0;0
FR;2;2021-04-13;19464;16033;1;0;17100;0;0;0;0;916390;271628;40;0;304000;0;0;0;0
FR;2;2021-04-14;18072;16444;7;0;17540;0;0;0;0;934462;288072;47;0;321540;0;0;0;0
FR;2;2021-04-15;22207;21882;27;0;23334;0;0;0;0;956669;309954;74;0;344874;0;0;0;0
FR;2;2021-04-16;20720;20636;45;0;21908;0;0;0;0;977389;330590;119;0;366782;0;0;0;0
FR;2;2021-04-17;13258;22497;5;0;23228;0;0;0;0;990647;353087;124;0;390010;0;0;0;0
FR;2;2021-04-18;5911;14398;6;0;14739;0;0;0;0;996558;367485;130;0;404749;0;0;0;0
FR;2;2021-04-19;16850;16393;24;0;17196;0;0;0;0;1013408;383878;154;0;421945;0;0;0;0
FR;2;2021-04-20;19328;21809;38;0;22871;0;0;0;0;1032736;405687;192;0;444816;0;0;0;0
FR;2;2021-04-21;20292;21897;76;0;23047;0;0;0;0;1053028;427584;268;0;467863;0;0;0;0
FR;2;2021-04-22;23824;24952;41;0;26364;0;0;0;0;1076852;452536;309;0;494227;0;0;0;0
FR;2;2021-04-23;24534;25496;76;0;27005;0;0;0;0;1101386;478032;385;0;521232;0;0;0;0
FR;2;2021-04-24;25305;15068;104;0;16506;0;0;0;0;1126691;493100;489;0;537738;0;0;0;0
FR;2;2021-04-25;9597;8621;5;0;9182;0;0;0;0;1136288;501721;494;0;546920;0;0;0;0
FR;2;2021-04-26;17167;17666;21;0;18551;0;0;0;0;1153455;519387;515;0;565471;0;0;0;0
FR;2;2021-04-27;19246;24103;40;0;25287;0;0;0;0;1172701;543490;555;0;590758;0;0;0;0
FR;2;2021-04-28;22342;26463;113;0;27864;0;0;0;0;1195043;569953;668;0;618622;0;0;0;0
FR;2;2021-04-29;25475;30487;70;0;32177;0;0;0;0;1220518;600440;738;0;650799;0;0;0;0
FR;2;2021-04-30;25540;27977;49;1;29625;0;0;0;0;1246058;628417;787;1;680424;0;0;0;0
FR;2;2021-05-01;14988;9851;6;0;10653;0;0;0;0;1261046;638268;793;1;691077;0;0;0;0
FR;2;2021-05-02;6640;9160;2;0;9506;0;0;0;0;1267686;647428;795;1;700583;0;0;0;0
FR;2;2021-05-03;20024;19126;40;0;20333;0;0;0;0;1287710;666554;835;1;720916;0;0;0;0
FR;2;2021-05-04;18288;29201;33;0;30346;0;0;0;0;1305998;695755;868;1;751262;0;0;0;0
FR;2;2021-05-05;18385;29518;48;0;30816;0;0;0;0;1324383;725273;916;1;782078;0;0;0;0
FR;2;2021-05-06;23553;35417;132;0;36990;0;0;0;0;1347936;760690;1048;1;819068;0;0;0;0
FR;2;2021-05-07;25344;33236;97;0;35094;0;0;0;0;1373280;793926;1145;1;854162;0;0;0;0
FR;2;2021-05-08;21343;10668;15;0;11755;0;0;0;0;1394623;804594;1160;1;865917;0;0;0;0
FR;2;2021-05-09;13170;7635;7;0;8310;0;0;0;0;1407793;812229;1167;1;874227;0;0;0;0
FR;2;2021-05-10;32946;21721;50;0;23579;0;0;0;0;1440739;833950;1217;1;897806;0;0;0;0
FR;2;2021-05-11;43616;20900;101;0;23526;0;0;0;0;1484355;854850;1318;1;921332;0;0;0;0
FR;2;2021-05-12;50068;19639;143;0;22519;0;0;0;0;1534423;874489;1461;1;943851;0;0;0;0
FR;2;2021-05-13;51301;5598;31;0;8466;0;0;0;0;1585724;880087;1492;1;952317;0;0;0;0
FR;2;2021-05-14;61361;12884;132;0;16538;0;0;0;0;1647085;892971;1624;1;968855;0;0;0;0
FR;2;2021-05-15;65938;7101;39;0;10651;0;0;0;0;1713023;900072;1663;1;979506;0;0;0;0
FR;2;2021-05-16;43588;2573;10;0;4944;0;0;0;0;1756611;902645;1673;1;984450;0;0;0;0
FR;2;2021-05-17;44756;12451;114;0;15358;0;0;0;0;1801367;915096;1787;1;999808;0;0;0;0
FR;2;2021-05-18;54649;12281;190;0;15963;0;0;0;0;1856016;927377;1977;1;1015771;0;0;0;0
FR;2;2021-05-19;57179;10462;281;0;14503;0;0;0;0;1913195;937839;2258;1;1030274;0;0;0;0
FR;2;2021-05-20;63450;10798;288;0;14894;0;0;0;0;1976645;948637;2546;1;1045168;0;0;0;0
FR;2;2021-05-21;64306;11605;230;0;16030;0;0;0;0;2040951;960242;2776;1;1061198;0;0;0;0
FR;2;2021-05-22;61488;4531;65;0;8501;0;0;0;0;2102439;964773;2841;1;1069699;0;0;0;0
FR;2;2021-05-23;37536;576;22;0;2913;0;0;0;0;2139975;965349;2863;1;1072612;0;0;0;0
FR;2;2021-05-24;17248;2052;35;0;3259;0;0;0;0;2157223;967401;2898;1;1075871;0;0;0;0
FR;2;2021-05-25;21119;12255;241;0;13857;0;0;0;0;2178342;979656;3139;1;1089728;0;0;0;0
FR;2;2021-05-26;19945;11539;230;0;13067;0;0;0;0;2198287;991195;3369;1;1102795;0;0;0;0
FR;2;2021-05-27;23001;12660;182;0;14397;0;0;0;0;2221288;1003855;3551;1;1117192;0;0;0;0
FR;2;2021-05-28;29396;15047;190;0;17228;0;0;0;0;2250684;1018902;3741;1;1134420;0;0;0;0
FR;2;2021-05-29;30424;8193;58;0;10102;0;0;0;0;2281108;1027095;3799;1;1144522;0;0;0;0
FR;2;2021-05-30;4648;1820;6;0;2155;0;0;0;0;2285756;1028915;3805;1;1146677;0;0;0;0
FR;2;2021-05-31;28590;18744;184;0;20823;0;0;0;0;2314346;1047659;3989;1;1167500;0;0;0;0
FR;2;2021-06-01;45744;19910;225;0;23147;0;0;0;0;2360090;1067569;4214;1;1190647;0;0;0;0
FR;2;2021-06-02;37482;19311;182;0;22317;0;0;0;0;2397572;1086880;4396;1;1212964;0;0;0;0
FR;2;2021-06-03;51282;23119;161;0;26972;0;0;0;0;2448854;1109999;4557;1;1239936;0;0;0;0
FR;2;2021-06-04;65517;24088;217;0;29055;0;0;0;0;2514371;1134087;4774;1;1268991;0;0;0;0
FR;2;2021-06-05;34607;24110;52;0;26965;0;0;0;0;2548978;1158197;4826;1;1295956;0;0;0;0
FR;2;2021-06-06;4957;6192;10;0;6611;0;0;0;0;2553935;1164389;4836;1;1302567;0;0;0;0
FR;2;2021-06-07;28177;23011;150;0;25425;0;0;0;0;2582112;1187400;4986;1;1327992;0;0;0;0
FR;2;2021-06-08;46378;22943;143;0;26909;0;0;0;0;2628490;1210343;5129;1;1354901;0;0;0;0
FR;2;2021-06-09;34297;20992;107;0;24126;0;0;0;0;2662787;1231335;5236;1;1379027;0;0;0;0
FR;2;2021-06-10;42644;19080;96;1;23002;0;0;0;0;2705431;1250415;5332;2;1402029;0;0;0;0
FR;2;2021-06-11;55304;25132;134;0;30232;0;0;0;0;2760735;1275547;5466;2;1432261;0;0;0;0
FR;2;2021-06-12;30566;19800;53;0;22655;0;0;0;0;2791301;1295347;5519;2;1454916;0;0;0;0
FR;2;2021-06-13;3334;9197;13;0;9586;0;0;0;0;2794635;1304544;5532;2;1464502;0;0;0;0
FR;2;2021-06-14;25304;24115;92;0;26695;0;0;0;0;2819939;1328659;5624;2;1491197;0;0;0;0
FR;2;2021-06-15;39049;22821;154;0;26570;0;0;0;0;2858988;1351480;5778;2;1517767;0;0;0;0
FR;2;2021-06-16;30168;21368;135;0;24522;0;0;0;0;2889156;1372848;5913;2;1542289;0;0;0;0
FR;2;2021-06-17;36912;25739;150;0;29602;0;0;0;0;2926068;1398587;6063;2;1571891;0;0;0;0
FR;2;2021-06-18;46860;28887;123;0;33589;0;0;0;0;2972928;1427474;6186;2;1605480;0;0;0;0
FR;2;2021-06-19;24527;24938;39;0;27711;0;0;0;0;2997455;1452412;6225;2;1633191;0;0;0;0
FR;2;2021-06-20;3745;10059;9;0;10558;0;0;0;0;3001200;1462471;6234;2;1643749;0;0;0;0
FR;2;2021-06-21;17537;42860;88;0;44872;0;0;0;0;3018737;1505331;6322;2;1688621;0;0;0;0
FR;2;2021-06-22;28366;49616;110;0;53043;0;0;0;0;3047103;1554947;6432;2;1741664;0;0;0;0
FR;2;2021-06-23;21790;49613;107;1;52459;1;0;0;0;3068893;1604560;6539;3;1794123;1;0;0;0
FR;2;2021-06-24;28380;50313;134;0;54045;0;0;0;0;3097273;1654873;6673;3;1848168;1;0;0;0
FR;2;2021-06-25;33402;60486;128;0;64873;0;0;0;0;3130675;1715359;6801;3;1913041;1;0;0;0
FR;2;2021-06-26;16395;59357;54;1;61749;0;0;0;0;3147070;1774716;6855;4;1974790;1;0;0;0
FR;2;2021-06-27;2566;29316;22;1;29898;0;0;0;0;3149636;1804032;6877;5;2004688;1;0;0;0
FR;2;2021-06-28;12641;54334;84;0;56310;0;0;0;0;3162277;1858366;6961;5;2060998;1;0;0;0
FR;2;2021-06-29;19856;59990;178;0;62934;0;0;0;0;3182133;1918356;7139;5;2123932;1;0;0;0
FR;2;2021-06-30;16335;58037;253;17;60721;0;0;0;0;3198468;1976393;7392;22;2184653;1;0;0;0
FR;2;2021-07-01;20496;59876;228;0;63204;0;0;0;0;3218964;2036269;7620;22;2247857;1;0;0;0
FR;2;2021-07-02;24082;62155;184;0;66371;0;0;0;0;3243046;2098424;7804;22;2314228;1;0;0;0
FR;2;2021-07-03;12123;57141;153;0;59480;0;0;0;0;3255169;2155565;7957;22;2373708;1;0;0;0
FR;2;2021-07-04;1960;23305;18;0;23872;0;0;0;0;3257129;2178870;7975;22;2397580;1;0;0;0
FR;2;2021-07-05;9179;29263;106;0;30899;0;0;0;0;3266308;2208133;8081;22;2428479;1;0;0;0
FR;2;2021-07-06;14583;36278;135;0;38958;0;0;0;0;3280891;2244411;8216;22;2467437;1;0;0;0
FR;2;2021-07-07;14419;33659;140;0;36413;0;0;0;0;3295310;2278070;8356;22;2503850;1;0;0;0
FR;2;2021-07-08;19723;40321;162;0;43980;0;0;0;0;3315033;2318391;8518;22;2547830;1;0;0;0
FR;2;2021-07-09;27105;54328;202;1;59480;0;0;0;0;3342138;2372719;8720;23;2607310;1;0;0;0
FR;2;2021-07-10;13388;33710;107;0;36395;0;0;0;0;3355526;2406429;8827;23;2643705;1;0;0;0
FR;2;2021-07-11;1812;4345;16;0;4774;0;0;0;0;3357338;2410774;8843;23;2648479;1;0;0;0
FR;2;2021-07-12;12971;37270;119;0;39926;0;0;0;0;3370309;2448044;8962;23;2688405;1;0;0;0
FR;2;2021-07-13;37120;53146;152;0;60285;0;0;0;0;3407429;2501190;9114;23;2748690;1;0;0;0
FR;2;2021-07-14;6628;3541;15;0;4889;0;0;0;0;3414057;2504731;9129;23;2753579;1;0;0;0
FR;2;2021-07-15;47244;47013;156;0;55212;0;0;0;0;3461301;2551744;9285;23;2808791;1;0;0;0
FR;2;2021-07-16;64319;55750;188;0;66732;0;0;0;0;3525620;2607494;9473;23;2875523;1;0;0;0
FR;2;2021-07-17;31602;23918;96;0;29375;0;0;0;0;3557222;2631412;9569;23;2904898;1;0;0;0
FR;2;2021-07-18;6091;4807;19;0;5954;0;0;0;0;3563313;2636219;9588;23;2910852;1;0;0;0
FR;2;2021-07-19;33007;28608;94;0;34221;0;0;0;0;3596320;2664827;9682;23;2945073;1;0;0;0
FR;2;2021-07-20;51999;44527;155;0;53164;0;0;0;0;3648319;2709354;9837;23;2998237;1;0;0;0
FR;2;2021-07-21;45257;34628;93;0;42133;0;0;0;0;3693576;2743982;9930;23;3040370;1;0;0;0
FR;2;2021-07-22;56280;41084;128;1;50359;0;0;0;0;3749856;2785066;10058;24;3090729;1;0;0;0
FR;2;2021-07-23;68304;48964;170;0;60257;0;0;0;0;3818160;2834030;10228;24;3150986;1;0;0;0
FR;2;2021-07-24;36180;21612;82;0;27472;0;0;0;0;3854340;2855642;10310;24;3178458;1;0;0;0
FR;2;2021-07-25;6751;2608;10;0;3866;0;0;0;0;3861091;2858250;10320;24;3182324;1;0;0;0
FR;2;2021-07-26;36320;22342;91;1;27846;0;0;0;0;3897411;2880592;10411;25;3210170;1;0;0;0
FR;2;2021-07-27;62391;34562;180;0;43708;0;0;0;0;3959802;2915154;10591;25;3253878;1;0;0;0
FR;2;2021-07-28;55326;26427;132;0;34516;0;0;0;0;4015128;2941581;10723;25;3288394;1;0;0;0
FR;2;2021-07-29;68481;32792;189;0;42473;0;0;0;0;4083609;2974373;10912;25;3330867;1;0;0;0
FR;2;2021-07-30;74469;37811;222;1;48606;0;0;0;0;4158078;3012184;11134;26;3379473;1;0;0;0
FR;2;2021-07-31;34776;16208;105;0;21406;0;0;0;0;4192854;3028392;11239;26;3400879;1;0;0;0
FR;2;2021-08-01;5415;2259;19;0;3122;0;0;0;0;4198269;3030651;11258;26;3404001;1;0;0;0
FR;2;2021-08-02;35894;16151;101;0;21053;0;0;0;0;4234163;3046802;11359;26;3425054;1;0;0;0
FR;2;2021-08-03;55986;28259;143;0;35463;0;0;0;0;4290149;3075061;11502;26;3460517;1;0;0;0
FR;2;2021-08-04;46637;20830;128;1;26939;0;0;0;0;4336786;3095891;11630;27;3487456;1;0;0;0
FR;2;2021-08-05;54640;31560;215;0;38739;0;0;0;0;4391426;3127451;11845;27;3526195;1;0;0;0
FR;2;2021-08-06;58098;42395;242;1;50225;0;0;0;0;4449524;3169846;12087;28;3576420;1;0;0;0
FR;2;2021-08-07;25151;17624;89;0;21313;0;0;0;0;4474675;3187470;12176;28;3597733;1;0;0;0
FR;2;2021-08-08;3840;3648;21;0;4306;0;0;0;0;4478515;3191118;12197;28;3602039;1;0;0;0
FR;2;2021-08-09;29308;21029;92;0;24857;0;0;0;0;4507823;3212147;12289;28;3626896;1;0;0;0
FR;2;2021-08-10;45012;33461;155;0;39225;0;0;0;0;4552835;3245608;12444;28;3666121;1;0;0;0
FR;2;2021-08-11;35277;25145;151;0;29747;0;0;0;0;4588112;3270753;12595;28;3695868;1;0;0;0
FR;2;2021-08-12;41905;35693;163;0;41231;0;0;0;0;4630017;3306446;12758;28;3737099;1;0;0;0
FR;2;2021-08-13;42607;37343;218;0;43031;0;0;0;0;4672624;3343789;12976;28;3780130;1;0;0;0
FR;2;2021-08-14;18524;22137;94;0;24769;0;0;0;0;4691148;3365926;13070;28;3804899;1;0;0;0
FR;2;2021-08-15;3865;3796;17;0;4383;0;0;0;0;4695013;3369722;13087;28;3809282;1;0;0;0
FR;2;2021-08-16;25094;27123;111;0;30445;0;0;0;0;4720107;3396845;13198;28;3839727;1;0;0;0
FR;2;2021-08-17;38268;43403;207;2;48389;0;0;0;0;4758375;3440248;13405;30;3888116;1;0;0;0
FR;2;2021-08-18;32253;36351;195;1;40694;0;0;0;0;4790628;3476599;13600;31;3928810;1;0;0;0
FR;2;2021-08-19;37435;46576;224;0;51780;0;0;0;0;4828063;3523175;13824;31;3980590;1;0;0;0
FR;2;2021-08-20;40569;55650;271;1;61581;0;0;0;0;4868632;3578825;14095;32;4042171;1;0;0;0
FR;2;2021-08-21;18121;24317;117;0;27108;0;0;0;0;4886753;3603142;14212;32;4069279;1;0;0;0
FR;2;2021-08-22;2908;4322;22;1;4854;1;0;0;0;4889661;3607464;14234;33;4074133;2;0;0;0
FR;2;2021-08-23;19249;35145;131;1;38034;0;0;0;0;4908910;3642609;14365;34;4112167;2;0;0;0
FR;2;2021-08-24;31951;56038;236;0;60695;0;0;0;0;4940861;3698647;14601;34;4172862;2;0;0;0
FR;2;2021-08-25;25934;43455;251;0;47404;0;0;0;0;4966795;3742102;14852;34;4220266;2;0;0;0
FR;2;2021-08-26;32362;55840;388;0;60593;0;0;0;0;4999157;3797942;15240;34;4280859;2;0;0;0
FR;2;2021-08-27;37005;65680;477;2;71409;0;0;0;0;5036162;3863622;15717;36;4352268;2;0;0;0
FR;2;2021-08-28;17819;28556;300;0;31616;0;0;0;0;5053981;3892178;16017;36;4383884;2;0;0;0
FR;2;2021-08-29;2656;5009;47;0;5620;0;0;0;0;5056637;3897187;16064;36;4389504;2;0;0;0
FR;2;2021-08-30;18418;37726;399;0;40146;756;0;0;0;5075055;3934913;16463;36;4429650;758;0;0;0
FR;2;2021-08-31;28077;57513;887;4;60945;1558;0;0;0;5103132;3992426;17350;40;4490595;2316;0;0;0
FR;2;2021-09-01;21594;39871;1309;0;42257;2125;0;0;0;5124726;4032297;18659;40;4532852;4441;0;0;0
FR;2;2021-09-02;25486;48670;1963;2;50947;3367;0;0;0;5150212;4080967;20622;42;4583799;7808;0;0;0
FR;2;2021-09-03;33414;64573;2988;3;67540;4884;1;0;0;5183626;4145540;23610;45;4651339;12692;1;0;0
FR;2;2021-09-04;16833;27765;1443;1;29557;2386;0;0;0;5200459;4173305;25053;46;4680896;15078;1;0;0
FR;2;2021-09-05;2264;3584;266;0;3942;412;0;0;0;5202723;4176889;25319;46;4684838;15490;1;0;0
FR;2;2021-09-06;14044;28696;1771;1;29762;2946;0;0;0;5216767;4205585;27090;47;4714600;18436;1;0;0
FR;2;2021-09-07;21111;41114;3022;13;42271;4942;0;0;0;5237878;4246699;30112;60;4756871;23378;1;0;0
FR;2;2021-09-08;17248;31921;2736;6;32738;4499;0;0;0;5255126;4278620;32848;66;4789609;27877;1;0;0
FR;2;2021-09-09;20982;40485;4437;3;41229;6843;0;0;0;5276108;4319105;37285;69;4830838;34720;1;0;0
FR;2;2021-09-10;28203;51308;5286;4;51885;8977;1;0;0;5304311;4370413;42571;73;4882723;43697;2;0;0
FR;2;2021-09-11;13654;22455;2405;5;23132;3987;0;0;0;5317965;4392868;44976;78;4905855;47684;2;0;0
FR;2;2021-09-12;1824;2770;292;0;2964;510;0;0;0;5319789;4395638;45268;78;4908819;48194;2;0;0
FR;2;2021-09-13;11659;21440;2474;4;21702;4050;0;0;0;5331448;4417078;47742;82;4930521;52244;2;0;0
FR;2;2021-09-14;18577;32725;5092;13;31687;9054;2;0;0;5350025;4449803;52834;95;4962208;61298;4;0;0
FR;2;2021-09-15;14917;28227;5168;3;26928;7749;9;0;0;5364942;4478030;58002;98;4989136;69047;13;0;0
FR;2;2021-09-16;16078;32798;6737;12;30182;10541;4;0;0;5381020;4510828;64739;110;5019318;79588;17;0;0
FR;2;2021-09-17;20916;47174;8782;10;42823;14629;6;0;0;5401936;4558002;73521;120;5062141;94217;23;0;0
FR;2;2021-09-18;9857;20961;3804;6;19596;6034;1;0;0;5411793;4578963;77325;126;5081737;100251;24;0;0
FR;2;2021-09-19;1166;2590;396;0;2533;631;0;0;0;5412959;4581553;77721;126;5084270;100882;24;0;0
FR;2;2021-09-20;7503;18705;3856;7;17028;6135;4;0;0;5420462;4600258;81577;133;5101298;107017;28;0;0
FR;2;2021-09-21;11215;29982;6495;5;26535;10745;3;0;0;5431677;4630240;88072;138;5127833;117762;31;0;0
FR;2;2021-09-22;9414;23545;5490;6;21193;8526;8;0;0;5441091;4653785;93562;144;5149026;126288;39;0;0
FR;2;2021-09-23;10731;28906;7881;10;24733;12647;10;0;0;5451822;4682691;101443;154;5173759;138935;49;0;0
FR;2;2021-09-24;15075;42939;10876;18;37277;17242;21;0;0;5466897;4725630;112319;172;5211036;156177;70;0;0
FR;2;2021-09-25;7258;18800;3965;9;17153;6119;3;0;0;5474155;4744430;116284;181;5228189;162296;73;0;0
FR;2;2021-09-26;1080;2543;495;0;2489;630;1;0;0;5475235;4746973;116779;181;5230678;162926;74;0;0
FR;2;2021-09-27;6311;16398;4287;8;14790;6533;2;0;0;5481546;4763371;121066;189;5245468;169459;76;0;0
FR;2;2021-09-28;9242;25572;7769;14;21722;12084;7;0;0;5490788;4788943;128835;203;5267190;181543;83;0;0
FR;2;2021-09-29;8081;20200;6067;25;17606;9261;8;0;0;5498869;4809143;134902;228;5284796;190804;91;0;0
FR;2;2021-09-30;9865;25834;9509;16;21637;14097;6;0;0;5508734;4834977;144411;244;5306433;204901;97;0;0
FR;2;2021-10-01;13978;35733;12921;25;30044;19329;9;0;0;5522712;4870710;157332;269;5336477;224230;106;0;0
FR;2;2021-10-02;6874;15931;4850;7;14227;7046;6;0;0;5529586;4886641;162182;276;5350704;231276;112;0;0
FR;2;2021-10-03;841;1910;492;1;1841;502;0;0;0;5530427;4888551;162674;277;5352545;231778;112;0;0
FR;2;2021-10-04;5826;13904;5516;5;12140;7854;6;0;0;5536253;4902455;168190;282;5364685;239632;118;0;0
FR;2;2021-10-05;9058;22567;11125;19;18528;15741;1;0;0;5545311;4925022;179315;301;5383213;255373;119;0;0
FR;2;2021-10-06;7784;17750;8243;11;15275;11092;4;0;0;5553095;4942772;187558;312;5398488;266465;123;0;0
FR;2;2021-10-07;9204;22211;12386;14;18007;16877;6;0;0;5562299;4964983;199944;326;5416495;283342;129;0;0
FR;2;2021-10-08;13431;32146;17349;28;26516;23614;11;0;0;5575730;4997129;217293;354;5443011;306956;140;0;0
FR;2;2021-10-09;6000;12848;6044;6;11381;7898;7;0;0;5581730;5009977;223337;360;5454392;314854;147;0;0
FR;2;2021-10-10;885;1594;436;2;1538;604;1;0;0;5582615;5011571;223773;362;5455930;315458;148;0;0
FR;2;2021-10-11;5607;11546;6455;17;9934;8828;3;0;0;5588222;5023117;230228;379;5465864;324286;151;0;0
FR;2;2021-10-12;8030;17788;12551;13;13920;16789;9;0;0;5596252;5040905;242779;392;5479784;341075;160;0;0
FR;2;2021-10-13;6945;14866;10256;12;11808;13661;7;0;0;5603197;5055771;253035;404;5491592;354736;167;0;0
FR;2;2021-10-14;8314;17941;14996;13;13560;19477;10;0;0;5611511;5073712;268031;417;5505152;374213;177;0;0
FR;2;2021-10-15;11856;26310;20902;26;19412;27981;4;0;0;5623367;5100022;288933;443;5524564;402194;181;0;0
FR;2;2021-10-16;5141;8729;1819;0;8172;3208;2;0;0;5628508;5108751;290752;443;5532736;405402;183;0;0
FR;2;2021-10-17;652;1149;185;0;1082;354;1;0;0;5629160;5109900;290937;443;5533818;405756;184;0;0
FR;2;2021-10-18;4564;7335;665;2;7243;1628;0;0;0;5633724;5117235;291602;445;5541061;407384;184;0;0
FR;2;2021-10-19;6239;9850;732;5;9656;2031;5;0;0;5639963;5127085;292334;450;5550717;409415;189;0;0
FR;2;2021-10-20;5170;8050;759;3;8173;1675;0;0;0;5645133;5135135;293093;453;5558890;411090;189;0;0
FR;2;2021-10-21;6090;9975;780;5;9834;2103;1;0;0;5651223;5145110;293873;458;5568724;413193;190;0;0
FR;2;2021-10-22;8452;14601;1151;4;14476;2892;2;0;0;5659675;5159711;295024;462;5583200;416085;192;0;0
FR;2;2021-10-23;3845;5996;587;0;6128;1237;3;0;0;5663520;5165707;295611;462;5589328;417322;195;0;0
FR;2;2021-10-24;494;883;101;0;900;205;0;0;0;5664014;5166590;295712;462;5590228;417527;195;0;0
FR;2;2021-10-25;3359;5345;307;1;5520;825;2;0;0;5667373;5171935;296019;463;5595748;418352;197;0;0
FR;2;2021-10-26;4177;7237;1133;4;7126;2022;5;0;0;5671550;5179172;297152;467;5602874;420374;202;0;0
FR;2;2021-10-27;3677;6590;1194;5;6451;1990;1;0;0;5675227;5185762;298346;472;5609325;422364;203;0;0
FR;2;2021-10-28;4597;7689;1736;3;7416;2746;1;0;0;5679824;5193451;300082;475;5616741;425110;204;0;0
FR;2;2021-10-29;5415;11082;2438;4;10694;3683;3;0;0;5685239;5204533;302520;479;5627435;428793;207;0;0
FR;2;2021-10-30;2749;4458;976;1;4454;1448;2;0;0;5687988;5208991;303496;480;5631889;430241;209;0;0
FR;2;2021-10-31;364;535;140;1;544;191;1;0;0;5688352;5209526;303636;481;5632433;430432;210;0;0
FR;2;2021-11-01;429;548;181;0;564;268;1;0;0;5688781;5210074;303817;481;5632997;430700;211;0;0
FR;2;2021-11-02;3293;6756;1183;0;6803;1766;5;0;0;5692074;5216830;305000;481;5639800;432466;216;0;0
FR;2;2021-11-03;3340;6225;1389;2;6312;1969;2;0;0;5695414;5223055;306389;483;5646112;434435;218;0;0
FR;2;2021-11-04;3987;7069;1769;4;7109;2495;3;0;0;5699401;5230124;308158;487;5653221;436930;221;0;0
FR;2;2021-11-05;5235;10500;2867;5;10213;3956;5;0;0;5704636;5240624;311025;492;5663434;440886;226;0;0
FR;2;2021-11-06;2597;4679;1406;0;4637;1823;2;0;0;5707233;5245303;312431;492;5668071;442709;228;0;0
FR;2;2021-11-07;506;864;221;0;871;291;2;0;0;5707739;5246167;312652;492;5668942;443000;230;0;0
FR;2;2021-11-08;2578;5348;1205;3;5268;1676;3;0;0;5710317;5251515;313857;495;5674210;444676;233;0;0
FR;2;2021-11-09;2749;6908;2402;5;6442;3182;2;0;0;5713066;5258423;316259;500;5680652;447858;235;0;0
FR;2;2021-11-10;2590;5670;5117;6;4765;6293;7;0;0;5715656;5264093;321376;506;5685417;454151;242;0;0
FR;2;2021-11-11;446;755;755;2;648;938;3;0;0;5716102;5264848;322131;508;5686065;455089;245;0;0
FR;2;2021-11-12;2953;8085;8982;8;6196;10931;9;0;0;5719055;5272933;331113;516;5692261;466020;254;0;0
FR;2;2021-11-13;1539;3372;3872;7;2721;4538;4;0;0;5720594;5276305;334985;523;5694982;470558;258;0;0
FR;2;2021-11-14;257;585;351;1;485;480;3;0;0;5720851;5276890;335336;524;5695467;471038;261;0;0
FR;2;2021-11-15;1621;3652;4449;8;2906;5329;16;0;0;5722472;5280542;339785;532;5698373;476367;277;0;0
FR;2;2021-11-16;2184;5880;8312;14;4156;10082;16;0;0;5724656;5286422;348097;546;5702529;486449;293;0;0
FR;2;2021-11-17;1741;4523;6633;8;3169;7851;5;0;0;5726397;5290945;354730;554;5705698;494300;298;0;0
FR;2;2021-11-18;2192;5921;9188;10;4019;11018;8;0;0;5728589;5296866;363918;564;5709717;505318;306;0;0
FR;2;2021-11-19;2701;7754;12981;19;4833;15481;12;0;0;5731290;5304620;376899;583;5714550;520799;318;0;0
FR;2;2021-11-20;1566;3334;5183;5;2351;6096;3;0;0;5732856;5307954;382082;588;5716901;526895;321;0;0
FR;2;2021-11-21;251;502;542;0;392;654;3;0;0;5733107;5308456;382624;588;5717293;527549;324;0;0
FR;2;2021-11-22;1278;2573;4485;5;1675;5398;9;0;0;5734385;5311029;387109;593;5718968;532947;333;0;0
FR;2;2021-11-23;1617;4274;8206;9;2534;9921;6;0;0;5736002;5315303;395315;602;5721502;542868;339;0;0
FR;2;2021-11-24;1421;3748;7485;14;2247;8735;9;0;0;5737423;5319051;402800;616;5723749;551603;348;0;0
FR;2;2021-11-25;1813;4863;11473;21;2682;13667;6;0;0;5739236;5323914;414273;637;5726431;565270;354;0;0
FR;2;2021-11-26;2541;7735;22676;31;3812;26091;14;0;0;5741777;5331649;436949;668;5730243;591361;368;0;0
FR;2;2021-11-27;1498;4143;12276;19;2127;14039;13;0;0;5743275;5335792;449225;687;5732370;605400;381;0;0
FR;2;2021-11-28;292;836;1976;3;478;2303;5;0;0;5743567;5336628;451201;690;5732848;607703;386;0;0
FR;2;2021-11-29;1448;4349;15099;23;2010;17269;25;0;0;5745015;5340977;466300;713;5734858;624972;411;0;0
FR;2;2021-11-30;1912;6654;26251;36;2638;30010;22;0;0;5746927;5347631;492551;749;5737496;654982;433;0;0
FR;2;2021-12-01;1916;6010;26210;31;2479;29520;20;0;0;5748843;5353641;518761;780;5739975;684502;453;0;0
FR;2;2021-12-02;1915;6783;37734;52;2115;41993;32;0;0;5750758;5360424;556495;832;5742090;726495;485;0;0
FR;2;2021-12-03;2558;10067;53641;111;3593;59386;30;0;0;5753316;5370491;610136;943;5745683;785881;515;0;0
FR;2;2021-12-04;1850;6275;37128;38;2185;40816;16;0;0;5755166;5376766;647264;981;5747868;826697;531;0;0
FR;2;2021-12-05;458;2246;14263;14;536;15989;7;0;0;5755624;5379012;661527;995;5748404;842686;538;0;0
FR;2;2021-12-06;2487;9853;77732;109;2701;84787;25;0;0;5758111;5388865;739259;1104;5751105;927473;563;0;0
FR;2;2021-12-07;3458;15285;122470;238;3741;133790;40;0;0;5761569;5404150;861729;1342;5754846;1061263;603;0;0
FR;2;2021-12-08;3725;15970;133223;330;3847;145412;54;0;0;5765294;5420120;994952;1672;5758693;1206675;657;0;0
FR;2;2021-12-09;4545;19632;170239;554;4170;185639;60;0;0;5769839;5439752;1165191;2226;5762863;1392314;717;0;0
FR;2;2021-12-10;4676;22804;188697;490;5012;206185;69;0;0;5774515;5462556;1353888;2716;5767875;1598499;786;0;0
FR;2;2021-12-11;3688;16619;132466;239;3664;144931;60;0;0;5778203;5479175;1486354;2955;5771539;1743430;846;0;0
FR;2;2021-12-12;1256;7121;59115;83;1015;65171;12;0;0;5779459;5486296;1545469;3038;5772554;1808601;858;0;0
FR;2;2021-12-13;5530;26812;220729;605;5225;243026;159;0;0;5784989;5513108;1766198;3643;5777779;2051627;1017;0;0
FR;2;2021-12-14;7019;37457;300805;909;6139;332273;190;0;0;5792008;5550565;2067003;4552;5783918;2383900;1207;0;0
FR;2;2021-12-15;6555;36216;285260;958;5867;315899;185;0;0;5798563;5586781;2352263;5510;5789785;2699799;1392;0;0
FR;2;2021-12-16;7765;37910;312177;982;6562;343808;185;0;0;5806328;5624691;2664440;6492;5796347;3043607;1577;0;0
FR;2;2021-12-17;8681;41186;327909;976;8020;360985;231;0;0;5815009;5665877;2992349;7468;5804367;3404592;1808;0;0
FR;2;2021-12-18;6514;26529;212373;448;4904;233674;120;0;0;5821523;5692406;3204722;7916;5809271;3638266;1928;0;0
FR;2;2021-12-19;2603;11404;90226;182;1655;100357;26;0;0;5824126;5703810;3294948;8098;5810926;3738623;1954;0;0
FR;2;2021-12-20;9548;33517;275255;707;6590;303399;209;0;0;5833674;5737327;3570203;8805;5817516;4042022;2163;0;0
FR;2;2021-12-21;11565;38279;309657;968;7373;341439;260;0;0;5845239;5775606;3879860;9773;5824889;4383461;2423;0;0
FR;2;2021-12-22;10460;32775;265143;952;6441;292499;316;0;1;5855699;5808381;4145003;10725;5831330;4675960;2739;0;1
FR;2;2021-12-23;9426;26620;199535;701;5876;221292;226;0;0;5865125;5835001;4344538;11426;5837206;4897252;2965;0;1
FR;2;2021-12-24;2783;7473;43865;140;2037;49566;78;0;0;5867908;5842474;4388403;11566;5839243;4946818;3043;0;1
FR;2;2021-12-25;201;671;2003;10;209;2478;15;0;0;5868109;5843145;4390406;11576;5839452;4949296;3058;0;1
FR;2;2021-12-26;1320;4216;25161;71;1052;28694;70;0;0;5869429;5847361;4415567;11647;5840504;4977990;3128;0;1
FR;2;2021-12-27;8076;29927;218434;659;6623;243384;294;0;0;5877505;5877288;4634001;12306;5847127;5221374;3422;0;1
FR;2;2021-12-28;9832;36291;272115;742;6985;302013;957;0;1;5887337;5913579;4906116;13048;5854112;5523387;4379;0;2
FR;2;2021-12-29;9498;32219;246148;765;6401;272696;1088;0;0;5896835;5945798;5152264;13813;5860513;5796083;5467;0;2
FR;2;2021-12-30;9462;28079;208838;663;5975;231460;1155;0;0;5906297;5973877;5361102;14476;5866488;6027543;6622;0;2
FR;2;2021-12-31;3011;8343;54991;176;2170;61235;392;0;0;5909308;5982220;5416093;14652;5868658;6088778;7014;0;2
FR;2;2022-01-01;231;692;2858;7;207;3352;29;0;0;5909539;5982912;5418951;14659;5868865;6092130;7043;0;2
FR;2;2022-01-02;1503;4854;29524;76;1165;33414;217;0;0;5911042;5987766;5448475;14735;5870030;6125544;7260;0;2
FR;2;2022-01-03;9606;35398;266544;806;8497;293924;1672;0;0;5920648;6023164;5715019;15541;5878527;6419468;8932;0;2
FR;2;2022-01-04;12856;45414;342101;1068;9967;377058;2458;0;1;5933504;6068578;6057120;16609;5888494;6796526;11390;0;3
FR;2;2022-01-05;11273;38626;294219;884;8635;323854;2154;0;2;5944777;6107204;6351339;17493;5897129;7120380;13544;0;5
FR;2;2022-01-06;13655;43491;331956;1298;9936;364768;2978;0;1;5958432;6150695;6683295;18791;5907065;7485148;16522;0;6
FR;2;2022-01-07;14225;47608;361120;1271;11234;396462;3159;0;0;5972657;6198303;7044415;20062;5918299;7881610;19681;0;6
FR;2;2022-01-08;7946;28137;201272;515;7209;221703;1528;0;2;5980603;6226440;7245687;20577;5925508;8103313;21209;0;8
FR;2;2022-01-09;2749;8950;62529;137;2071;69496;493;0;0;5983352;6235390;7308216;20714;5927579;8172809;21702;0;8
FR;2;2022-01-10;10100;31905;232507;859;8904;255079;2460;0;0;5993452;6267295;7540723;21573;5936483;8427888;24162;0;8
FR;2;2022-01-11;11466;36236;265943;1030;10055;290649;3380;0;1;6004918;6303531;7806666;22603;5946538;8718537;27542;0;9
FR;2;2022-01-12;8766;29786;206334;863;8716;226175;2798;0;5;6013684;6333317;8013000;23466;5955254;8944712;30340;0;14
FR;2;2022-01-13;9387;31333;224508;831;9035;244856;3462;0;4;6023071;6364650;8237508;24297;5964289;9189568;33802;0;18
FR;2;2022-01-14;9744;35579;254550;920;9843;277652;3983;0;1;6032815;6400229;8492058;25217;5974132;9467220;37785;0;19
FR;2;2022-01-15;5361;19447;140785;363;5323;153645;1928;0;0;6038176;6419676;8632843;25580;5979455;9620865;39713;0;19
FR;2;2022-01-16;1512;5457;35893;81;1618;39820;424;0;0;6039688;6425133;8668736;25661;5981073;9660685;40137;0;19
FR;2;2022-01-17;5546;19264;135420;601;6600;147262;2264;0;2;6045234;6444397;8804156;26262;5987673;9807947;42401;0;21
FR;2;2022-01-18;6422;21480;148646;647;7519;160469;3311;0;0;6051656;6465877;8952802;26909;5995192;9968416;45712;0;21
FR;2;2022-01-19;4398;16304;105111;552;6206;113701;2411;0;1;6056054;6482181;9057913;27461;6001398;10082117;48123;0;22
FR;2;2022-01-20;4873;17575;115304;603;7069;123696;3111;0;2;6060927;6499756;9173217;28064;6008467;10205813;51234;0;24
FR;2;2022-01-21;5198;20044;137356;679;7170;147778;3454;0;1;6066125;6519800;9310573;28743;6015637;10353591;54688;0;25
FR;2;2022-01-22;3033;10955;74264;260;3955;80338;1428;0;0;6069158;6530755;9384837;29003;6019592;10433929;56116;0;25
FR;2;2022-01-23;724;2708;15243;41;1055;16827;238;0;0;6069882;6533463;9400080;29044;6020647;10450756;56354;0;25
FR;2;2022-01-24;3291;12795;75084;431;5844;81021;1994;0;2;6073173;6546258;9475164;29475;6026491;10531777;58348;0;27
FR;2;2022-01-25;3575;14404;79634;496;6650;85459;2879;0;4;6076748;6560662;9554798;29971;6033141;10617236;61227;0;31
FR;2;2022-01-26;2515;10702;58987;363;5332;63036;1958;0;1;6079263;6571364;9613785;30334;6038473;10680272;63185;0;32
FR;2;2022-01-27;2684;11386;64184;389;5740;67969;2460;0;1;6081947;6582750;9677969;30723;6044213;10748241;65645;0;33
FR;2;2022-01-28;3551;18259;91729;430;8612;98907;3400;0;1;6085498;6601009;9769698;31153;6052825;10847148;69045;0;34
FR;2;2022-01-29;1896;9235;48855;164;4169;52930;1374;0;1;6087394;6610244;9818553;31317;6056994;10900078;70419;0;35
FR;2;2022-01-30;464;2209;9457;38;1052;10586;203;0;0;6087858;6612453;9828010;31355;6058046;10910664;70622;0;35
FR;2;2022-01-31;1891;9555;43834;209;4713;47322;1886;0;2;6089749;6622008;9871844;31564;6062759;10957986;72508;0;37
FR;2;2022-02-01;1916;10018;47031;279;4796;50081;2707;0;0;6091665;6632026;9918875;31843;6067555;11008067;75215;0;37
FR;2;2022-02-02;1614;8974;41124;250;4192;44149;2188;0;1;6093279;6641000;9959999;32093;6071747;11052216;77403;0;38
FR;2;2022-02-03;1732;8932;40526;205;4372;42911;2640;0;2;6095011;6649932;10000525;32298;6076119;11095127;80043;0;40
FR;2;2022-02-04;2151;15168;66649;299;7382;71316;3670;0;1;6097162;6665100;10067174;32597;6083501;11166443;83713;0;41
FR;2;2022-02-05;1360;8518;35948;132;4213;39222;1369;0;0;6098522;6673618;10103122;32729;6087714;11205665;85082;0;41
FR;2;2022-02-06;275;1762;6129;16;841;6899;217;0;0;6098797;6675380;10109251;32745;6088555;11212564;85299;0;41
FR;2;2022-02-07;1352;9545;37759;134;4536;41289;1888;0;2;6100149;6684925;10147010;32879;6093091;11253853;87187;0;43
FR;2;2022-02-08;1299;9832;40956;173;4644;43750;2741;0;1;6101448;6694757;10187966;33052;6097735;11297603;89928;0;44
FR;2;2022-02-09;1160;8841;37040;174;3804;40465;1901;0;2;6102608;6703598;10225006;33226;6101539;11338068;91829;0;46
FR;2;2022-02-10;1029;8001;33837;204;3605;36511;2051;0;1;6103637;6711599;10258843;33430;6105144;11374579;93880;0;47
FR;2;2022-02-11;1391;12086;53347;223;5282;57700;2888;0;0;6105028;6723685;10312190;33653;6110426;11432279;96768;0;47
FR;2;2022-02-12;753;6535;27989;86;2792;30808;1113;0;2;6105781;6730220;10340179;33739;6113218;11463087;97881;0;49
FR;2;2022-02-13;200;1340;4836;20;562;5577;141;0;0;6105981;6731560;10345015;33759;6113780;11468664;98022;0;49
FR;2;2022-02-14;835;6732;30274;91;2599;33233;1398;0;1;6106816;6738292;10375289;33850;6116379;11501897;99420;0;50
FR;2;2022-02-15;774;6473;28051;140;2801;29993;1966;0;2;6107590;6744765;10403340;33990;6119180;11531890;101386;0;52
FR;2;2022-02-16;657;5363;22067;124;2529;23633;1569;0;3;6108247;6750128;10425407;34114;6121709;11555523;102955;0;55
FR;2;2022-02-17;518;3786;14152;98;2131;14617;1406;0;2;6108765;6753914;10439559;34212;6123840;11570140;104361;0;57
FR;2;2022-02-18;723;5368;20443;134;3040;21130;1895;0;0;6109488;6759282;10460002;34346;6126880;11591270;106256;0;57
FR;2;2022-02-19;430;3061;10532;66;1699;11246;753;0;2;6109918;6762343;10470534;34412;6128579;11602516;107009;0;59
FR;2;2022-02-20;102;519;1463;3;314;1612;100;0;0;6110020;6762862;10471997;34415;6128893;11604128;107109;0;59
FR;2;2022-02-21;423;2685;9122;65;1569;9499;930;0;0;6110443;6765547;10481119;34480;6130462;11613627;108039;0;59
FR;2;2022-02-22;393;2568;8894;77;1622;8797;1180;0;0;6110836;6768115;10490013;34557;6132084;11622424;109219;0;59
FR;2;2022-02-23;432;2605;8992;82;1522;9269;1022;0;0;6111268;6770720;10499005;34639;6133606;11631693;110241;0;59
FR;2;2022-02-24;314;2039;6804;82;1251;6834;870;0;0;6111582;6772759;10505809;34721;6134857;11638527;111111;0;59
FR;2;2022-02-25;456;3210;11423;107;1979;11286;1560;0;3;6112038;6775969;10517232;34828;6136836;11649813;112671;0;62
FR;2;2022-02-26;297;1892;6038;49;1161;6345;587;0;1;6112335;6777861;10523270;34877;6137997;11656158;113258;0;63
FR;2;2022-02-27;76;313;907;5;214;950;98;0;0;6112411;6778174;10524177;34882;6138211;11657108;113356;0;63
FR;2;2022-02-28;332;1688;5525;53;1087;5531;733;0;0;6112743;6779862;10529702;34935;6139298;11662639;114089;0;63
FR;2;2022-03-01;279;1569;5484;46;952;5201;964;0;2;6113022;6781431;10535186;34981;6140250;11667840;115053;0;65
FR;2;2022-03-02;298;1446;5248;45;878;5092;815;0;1;6113320;6782877;10540434;35026;6141128;11672932;115868;0;66
FR;2;2022-03-03;226;1112;3709;42;721;3486;668;0;1;6113546;6783989;10544143;35068;6141849;11676418;116536;0;67
FR;2;2022-03-04;243;1469;4860;74;983;4506;950;0;1;6113789;6785458;10549003;35142;6142832;11680924;117486;0;68
FR;2;2022-03-05;174;906;2981;34;613;2725;561;0;0;6113963;6786364;10551984;35176;6143445;11683649;118047;0;68
FR;2;2022-03-06;42;188;280;5;110;320;52;0;0;6114005;6786552;10552264;35181;6143555;11683969;118099;0;68
FR;2;2022-03-07;157;659;1988;70;491;1778;472;0;0;6114162;6787211;10554252;35251;6144046;11685747;118571;0;68
FR;2;2022-03-08;144;670;2273;53;461;1908;619;0;0;6114306;6787881;10556525;35304;6144507;11687655;119190;0;68
FR;2;2022-03-09;156;709;2351;37;473;2052;617;0;0;6114462;6788590;10558876;35341;6144980;11689707;119807;0;68
FR;2;2022-03-10;123;603;1695;35;446;1470;456;0;1;6114585;6789193;10560571;35376;6145426;11691177;120263;0;69
FR;2;2022-03-11;172;757;2770;57;505;2369;737;0;1;6114757;6789950;10563341;35433;6145931;11693546;121000;0;70
FR;2;2022-03-12;149;485;1787;27;331;1557;450;0;0;6114906;6790435;10565128;35460;6146262;11695103;121450;0;70
FR;2;2022-03-13;25;75;203;30;45;204;69;0;0;6114931;6790510;10565331;35490;6146307;11695307;121519;0;70
FR;2;2022-03-14;129;470;1572;529;333;1301;951;0;0;6115060;6790980;10566903;36019;6146640;11696608;122470;0;70
FR;2;2022-03-15;138;441;1713;691;333;1333;1186;0;1;6115198;6791421;10568616;36710;6146973;11697941;123656;0;71
FR;2;2022-03-16;142;476;2013;1616;331;1593;2160;0;2;6115340;6791897;10570629;38326;6147304;11699534;125816;0;73
FR;2;2022-03-17;95;413;1412;1192;273;1148;1576;0;1;6115435;6792310;10572041;39518;6147577;11700682;127392;0;74
FR;2;2022-03-18;147;496;2025;1795;335;1668;2313;0;1;6115582;6792806;10574066;41313;6147912;11702350;129705;0;75
FR;2;2022-03-19;108;321;1210;941;219;1015;1259;0;0;6115690;6793127;10575276;42254;6148131;11703365;130964;0;75
FR;2;2022-03-20;13;77;191;59;39;168;115;0;0;6115703;6793204;10575467;42313;6148170;11703533;131079;0;75
FR;2;2022-03-21;98;307;1218;1483;180;1081;1760;0;1;6115801;6793511;10576685;43796;6148350;11704614;132839;0;76
FR;2;2022-03-22;118;391;1532;1830;244;1293;2219;0;0;6115919;6793902;10578217;45626;6148594;11705907;135058;0;76
FR;2;2022-03-23;137;361;1678;3032;232;1473;3374;0;6;6116056;6794263;10579895;48658;6148826;11707380;138432;0;82
FR;2;2022-03-24;117;293;1183;1548;186;1001;1814;0;8;6116173;6794556;10581078;50206;6149012;11708381;140246;0;90
FR;2;2022-03-25;119;361;1807;2451;238;1477;2837;0;8;6116292;6794917;10582885;52657;6149250;11709858;143083;0;98
FR;2;2022-03-26;79;247;1205;1222;138;953;1531;0;5;6116371;6795164;10584090;53879;6149388;11710811;144614;0;103
FR;2;2022-03-27;19;36;154;100;19;133;144;0;0;6116390;6795200;10584244;53979;6149407;11710944;144758;0;103
FR;2;2022-03-28;94;290;1139;1602;189;995;1835;0;6;6116484;6795490;10585383;55581;6149596;11711939;146593;0;109
FR;2;2022-03-29;108;258;1325;2467;167;1105;2760;0;4;6116592;6795748;10586708;58048;6149763;11713044;149353;0;113
FR;2;2022-03-30;91;312;1489;3185;163;1320;3422;0;2;6116683;6796060;10588197;61233;6149926;11714364;152775;0;115
FR;2;2022-03-31;104;284;1277;2332;172;1092;2616;0;3;6116787;6796344;10589474;63565;6150098;11715456;155391;0;118
FR;2;2022-04-01;123;324;1568;2349;164;1323;2667;0;7;6116910;6796668;10591042;65914;6150262;11716779;158058;0;125
FR;2;2022-04-02;81;161;845;891;83;737;1052;0;1;6116991;6796829;10591887;66805;6150345;11717516;159110;0;126
FR;2;2022-04-03;16;53;128;113;27;142;133;0;1;6117007;6796882;10592015;66918;6150372;11717658;159243;0;127
FR;2;2022-04-04;113;246;990;1447;148;799;1693;0;5;6117120;6797128;10593005;68365;6150520;11718457;160936;0;132
FR;2;2022-04-05;143;301;1317;2914;161;1145;3143;0;17;6117263;6797429;10594322;71279;6150681;11719602;164079;0;149
FR;2;2022-04-06;89;260;1308;2523;128;1131;2688;0;10;6117352;6797689;10595630;73802;6150809;11720733;166767;0;159
FR;2;2022-04-07;120;230;1303;2682;141;1042;2958;0;8;6117472;6797919;10596933;76484;6150950;11721775;169725;0;167
FR;2;2022-04-08;126;346;1635;3352;182;1328;3642;0;12;6117598;6798265;10598568;79836;6151132;11723103;173367;0;179
FR;2;2022-04-09;90;219;900;1046;144;732;1288;0;4;6117688;6798484;10599468;80882;6151276;11723835;174655;0;183
FR;2;2022-04-10;37;48;143;162;45;119;200;0;1;6117725;6798532;10599611;81044;6151321;11723954;174855;0;184
FR;2;2022-04-11;88;195;892;1560;121;782;1718;0;6;6117813;6798727;10600503;82604;6151442;11724736;176573;0;190
FR;2;2022-04-12;176;273;1183;2770;175;1062;2903;0;8;6117989;6799000;10601686;85374;6151617;11725798;179476;0;198
FR;2;2022-04-13;147;231;1125;2477;110;989;2671;0;11;6118136;6799231;10602811;87851;6151727;11726787;182147;0;209
FR;2;2022-04-14;115;227;1085;2677;114;919;2911;0;18;6118251;6799458;10603896;90528;6151841;11727706;185058;0;227
FR;2;2022-04-15;114;261;1221;2304;131;1078;2544;0;7;6118365;6799719;10605117;92832;6151972;11728784;187602;0;234
FR;2;2022-04-16;67;108;548;549;68;459;675;0;9;6118432;6799827;10605665;93381;6152040;11729243;188277;0;243
FR;2;2022-04-17;15;27;57;53;16;53;71;0;0;6118447;6799854;10605722;93434;6152056;11729296;188348;0;243
FR;2;2022-04-18;12;35;121;70;18;116;95;0;0;6118459;6799889;10605843;93504;6152074;11729412;188443;0;243
FR;2;2022-04-19;112;237;1120;1750;149;951;1934;0;9;6118571;6800126;10606963;95254;6152223;11730363;190377;0;252
FR;2;2022-04-20;95;241;1110;2172;125;934;2366;0;14;6118666;6800367;10608073;97426;6152348;11731297;192743;0;266
FR;2;2022-04-21;111;233;983;1912;125;838;2141;0;10;6118777;6800600;10609056;99338;6152473;11732135;194884;0;276
FR;2;2022-04-22;100;276;1242;2102;141;1023;2440;0;11;6118877;6800876;10610298;101440;6152614;11733158;197324;0;287
FR;2;2022-04-23;67;156;645;762;107;574;862;0;8;6118944;6801032;10610943;102202;6152721;11733732;198186;0;295
FR;2;2022-04-24;12;30;101;68;12;79;100;0;0;6118956;6801062;10611044;102270;6152733;11733811;198286;0;295
FR;2;2022-04-25;104;204;822;1329;103;711;1528;0;15;6119060;6801266;10611866;103599;6152836;11734522;199814;0;310
FR;2;2022-04-26;110;184;1041;2022;118;879;2219;0;18;6119170;6801450;10612907;105621;6152954;11735401;202033;0;328
FR;2;2022-04-27;98;181;860;1786;122;764;1808;0;7;6119268;6801631;10613767;107407;6153076;11736165;203841;0;335
FR;2;2022-04-28;93;214;950;1931;128;843;2087;0;12;6119361;6801845;10614717;109338;6153204;11737008;205928;0;347
FR;2;2022-04-29;81;282;1132;1697;131;1043;1876;0;11;6119442;6802127;10615849;111035;6153335;11738051;207804;0;358
FR;2;2022-04-30;66;127;471;540;80;430;628;0;9;6119508;6802254;10616320;111575;6153415;11738481;208432;0;367
FR;2;2022-05-01;24;24;84;49;20;85;61;0;1;6119532;6802278;10616404;111624;6153435;11738566;208493;0;368
FR;2;2022-05-02;115;232;762;1217;141;660;1375;0;5;6119647;6802510;10617166;112841;6153576;11739226;209868;0;373
FR;2;2022-05-03;152;233;999;1781;156;938;1895;0;14;6119799;6802743;10618165;114622;6153732;11740164;211763;0;387
FR;2;2022-05-04;90;226;926;1810;116;869;1821;0;13;6119889;6802969;10619091;116432;6153848;11741033;213584;0;400
FR;2;2022-05-05;127;197;856;1732;146;773;1848;0;10;6120016;6803166;10619947;118164;6153994;11741806;215432;0;410
FR;2;2022-05-06;133;246;1100;1855;139;1016;2052;0;16;6120149;6803412;10621047;120019;6154133;11742822;217484;0;426
FR;2;2022-05-07;40;99;470;504;61;406;593;0;4;6120189;6803511;10621517;120523;6154194;11743228;218077;0;430
FR;2;2022-05-08;48;54;107;71;41;102;101;0;0;6120237;6803565;10621624;120594;6154235;11743330;218178;0;430
FR;2;2022-05-09;101;174;654;986;103;604;1130;0;9;6120338;6803739;10622278;121580;6154338;11743934;219308;0;439
FR;2;2022-05-10;121;252;938;1841;155;893;1965;0;23;6120459;6803991;10623216;123421;6154493;11744827;221273;0;462
FR;2;2022-05-11;103;179;813;1879;117;792;1868;0;8;6120562;6804170;10624029;125300;6154610;11745619;223141;0;470
FR;2;2022-05-12;111;174;845;2096;116;803;2213;0;21;6120673;6804344;10624874;127396;6154726;11746422;225354;0;491
FR;2;2022-05-13;100;236;969;2097;122;900;2273;0;13;6120773;6804580;10625843;129493;6154848;11747322;227627;0;504
FR;2;2022-05-14;76;124;451;553;93;411;632;0;6;6120849;6804704;10626294;130046;6154941;11747733;228259;0;510
FR;2;2022-05-15;24;39;94;88;20;108;95;0;1;6120873;6804743;10626388;130134;6154961;11747841;228354;0;511
FR;2;2022-05-16;102;170;601;925;115;537;1037;0;11;6120975;6804913;10626989;131059;6155076;11748378;229391;0;522
FR;2;2022-05-17;95;184;690;1685;119;658;1737;0;8;6121070;6805097;10627679;132744;6155195;11749036;231128;0;530
FR;2;2022-05-18;80;181;643;1431;97;648;1486;0;10;6121150;6805278;10628322;134175;6155292;11749684;232614;0;540
FR;2;2022-05-19;73;161;709;1830;81;751;1816;0;12;6121223;6805439;10629031;136005;6155373;11750435;234430;0;552
FR;2;2022-05-20;107;181;874;1701;111;779;1849;0;17;6121330;6805620;10629905;137706;6155484;11751214;236279;0;569
FR;2;2022-05-21;48;96;398;517;71;339;581;0;8;6121378;6805716;10630303;138223;6155555;11751553;236860;0;577
FR;2;2022-05-22;8;23;69;37;18;57;56;0;0;6121386;6805739;10630372;138260;6155573;11751610;236916;0;577
FR;2;2022-05-23;86;133;498;931;100;469;967;0;7;6121472;6805872;10630870;139191;6155673;11752079;237883;0;584
FR;2;2022-05-24;87;164;627;1626;103;615;1680;0;17;6121559;6806036;10631497;140817;6155776;11752694;239563;0;601
FR;2;2022-05-25;72;146;539;1149;90;494;1260;0;5;6121631;6806182;10632036;141966;6155866;11753188;240823;0;606
FR;2;2022-05-26;12;31;77;45;13;85;56;0;1;6121643;6806213;10632113;142011;6155879;11753273;240879;0;607
FR;2;2022-05-27;44;124;456;818;68;438;893;0;9;6121687;6806337;10632569;142829;6155947;11753711;241772;0;616
FR;2;2022-05-28;28;60;221;244;29;221;266;0;1;6121715;6806397;10632790;143073;6155976;11753932;242038;0;617
FR;2;2022-05-29;13;34;43;25;22;51;28;0;0;6121728;6806431;10632833;143098;6155998;11753983;242066;0;617
FR;2;2022-05-30;65;109;425;755;60;410;806;0;6;6121793;6806540;10633258;143853;6156058;11754393;242872;0;623
FR;2;2022-05-31;76;135;564;1278;92;511;1304;0;12;6121869;6806675;10633822;145131;6156150;11754904;244176;0;635
FR;2;2022-06-01;59;160;564;1075;86;543;1170;0;6;6121928;6806835;10634386;146206;6156236;11755447;245346;0;641
FR;2;2022-06-02;92;178;626;1414;109;593;1520;0;12;6122020;6807013;10635012;147620;6156345;11756040;246866;0;653
FR;2;2022-06-03;71;157;668;1605;96;595;1694;0;19;6122091;6807170;10635680;149225;6156441;11756635;248560;0;672
FR;2;2022-06-04;69;93;283;433;66;269;475;0;11;6122160;6807263;10635963;149658;6156507;11756904;249035;0;683
FR;2;2022-06-05;12;17;63;58;16;47;75;0;1;6122172;6807280;10636026;149716;6156523;11756951;249110;0;684
FR;2;2022-06-06;12;40;92;76;29;92;80;0;4;6122184;6807320;10636118;149792;6156552;11757043;249190;0;688
FR;2;2022-06-07;99;222;667;1535;154;577;1661;0;10;6122283;6807542;10636785;151327;6156706;11757620;250851;0;698
FR;2;2022-06-08;70;119;476;1166;76;411;1262;0;5;6122353;6807661;10637261;152493;6156782;11758031;252113;0;703
FR;2;2022-06-09;93;166;613;1923;107;571;1927;0;18;6122446;6807827;10637874;154416;6156889;11758602;254040;0;721
FR;2;2022-06-10;93;168;650;1683;107;622;1774;0;23;6122539;6807995;10638524;156099;6156996;11759224;255814;0;744
FR;2;2022-06-11;44;85;287;529;42;258;583;0;5;6122583;6808080;10638811;156628;6157038;11759482;256397;0;749
FR;2;2022-06-12;18;38;58;78;27;60;78;0;0;6122601;6808118;10638869;156706;6157065;11759542;256475;0;749
FR;2;2022-06-13;39;121;395;953;63;379;1021;0;6;6122640;6808239;10639264;157659;6157128;11759921;257496;0;755
FR;2;2022-06-14;68;157;599;2088;101;537;2189;0;14;6122708;6808396;10639863;159747;6157229;11760458;259685;0;769
FR;2;2022-06-15;78;104;520;1504;84;444;1639;0;10;6122786;6808500;10640383;161251;6157313;11760902;261324;0;779
FR;2;2022-06-16;127;128;497;1411;123;424;1526;0;12;6122913;6808628;10640880;162662;6157436;11761326;262850;0;791
FR;2;2022-06-17;73;138;589;1817;88;516;1921;0;16;6122986;6808766;10641469;164479;6157524;11761842;264771;0;807
FR;2;2022-06-18;76;93;224;579;81;196;630;0;4;6123062;6808859;10641693;165058;6157605;11762038;265401;0;811
FR;2;2022-06-19;11;17;53;71;7;41;90;0;2;6123073;6808876;10641746;165129;6157612;11762079;265491;0;813
FR;2;2022-06-20;62;125;401;1028;72;392;1105;0;10;6123135;6809001;10642147;166157;6157684;11762471;266596;0;823
FR;2;2022-06-21;108;115;526;2127;104;455;2164;0;22;6123243;6809116;10642673;168284;6157788;11762926;268760;0;845
FR;2;2022-06-22;39;110;462;1889;57;415;1971;0;25;6123282;6809226;10643135;170173;6157845;11763341;270731;0;870
FR;2;2022-06-23;58;109;537;2282;68;452;2400;0;30;6123340;6809335;10643672;172455;6157913;11763793;273131;0;900
FR;2;2022-06-24;66;122;709;3199;65;571;3339;0;38;6123406;6809457;10644381;175654;6157978;11764364;276470;0;938
FR;2;2022-06-25;30;90;298;987;55;254;1040;0;13;6123436;6809547;10644679;176641;6158033;11764618;277510;0;951
FR;2;2022-06-26;30;27;131;194;29;97;236;0;5;6123466;6809574;10644810;176835;6158062;11764715;277746;0;956
FR;2;2022-06-27;79;137;582;2490;94;483;2623;0;39;6123545;6809711;10645392;179325;6158156;11765198;280369;0;995
FR;2;2022-06-28;110;140;812;4817;81;650;4894;0;54;6123655;6809851;10646204;184142;6158237;11765848;285263;0;1049
FR;2;2022-06-29;73;150;776;4436;80;637;4532;0;56;6123728;6810001;10646980;188578;6158317;11766485;289795;0;1105
FR;2;2022-06-30;72;133;834;5177;71;619;5398;0;79;6123800;6810134;10647814;193755;6158388;11767104;295193;0;1184
FR;2;2022-07-01;113;161;1152;6692;94;853;6944;0;92;6123913;6810295;10648966;200447;6158482;11767957;302137;0;1276
FR;2;2022-07-02;69;132;474;1977;82;392;2068;0;27;6123982;6810427;10649440;202424;6158564;11768349;304205;0;1303
FR;2;2022-07-03;23;30;147;334;21;131;357;0;8;6124005;6810457;10649587;202758;6158585;11768480;304562;0;1311
FR;2;2022-07-04;120;184;774;3785;112;612;3971;0;49;6124125;6810641;10650361;206543;6158697;11769092;308533;0;1360
FR;2;2022-07-05;119;187;1121;6818;121;828;6999;0;85;6124244;6810828;10651482;213361;6158818;11769920;315532;0;1445
FR;2;2022-07-06;92;151;951;5807;94;697;5933;0;84;6124336;6810979;10652433;219168;6158912;11770617;321465;0;1529
FR;2;2022-07-07;81;185;1021;6501;115;752;6732;0;101;6124417;6811164;10653454;225669;6159027;11771369;328197;0;1630
FR;2;2022-07-08;65;122;1095;7044;51;758;7235;0;123;6124482;6811286;10654549;232713;6159078;11772127;335432;0;1753
FR;2;2022-07-09;34;62;418;1869;31;299;1920;0;33;6124516;6811348;10654967;234582;6159109;11772426;337352;0;1786
FR;2;2022-07-10;6;17;97;315;8;83;327;0;5;6124522;6811365;10655064;234897;6159117;11772509;337679;0;1791
FR;2;2022-07-11;68;121;683;3826;76;541;3901;0;67;6124590;6811486;10655747;238723;6159193;11773050;341580;0;1858
FR;2;2022-07-12;102;180;1054;6517;107;809;6725;0;119;6124692;6811666;10656801;245240;6159300;11773859;348305;0;1977
FR;2;2022-07-13;65;127;879;4664;75;591;4830;0;78;6124757;6811793;10657680;249904;6159375;11774450;353135;0;2055
FR;2;2022-07-14;6;13;89;250;8;60;269;0;8;6124763;6811806;10657769;250154;6159383;11774510;353404;0;2063
FR;2;2022-07-15;61;129;739;3794;53;560;3960;0;75;6124824;6811935;10658508;253948;6159436;11775070;357364;0;2138
FR;2;2022-07-16;27;54;289;1031;30;242;1077;0;25;6124851;6811989;10658797;254979;6159466;11775312;358441;0;2163
FR;2;2022-07-17;5;12;78;201;6;67;207;0;6;6124856;6812001;10658875;255180;6159472;11775379;358648;0;2169
FR;2;2022-07-18;57;103;514;2509;61;384;2648;0;59;6124913;6812104;10659389;257689;6159533;11775763;361296;0;2228
FR;2;2022-07-19;66;133;770;4258;72;555;4447;0;72;6124979;6812237;10660159;261947;6159605;11776318;365743;0;2300
FR;2;2022-07-20;59;117;582;3179;68;430;3278;0;87;6125038;6812354;10660741;265126;6159673;11776748;369021;0;2387
FR;2;2022-07-21;60;110;671;3680;73;485;3797;0;105;6125098;6812464;10661412;268806;6159746;11777233;372818;0;2492
FR;2;2022-07-22;51;99;699;3550;48;506;3700;0;80;6125149;6812563;10662111;272356;6159794;11777739;376518;0;2572
FR;2;2022-07-23;38;97;290;1175;51;229;1228;0;37;6125187;6812660;10662401;273531;6159845;11777968;377746;0;2609
FR;2;2022-07-24;14;24;69;201;19;68;203;0;7;6125201;6812684;10662470;273732;6159864;11778036;377949;0;2616
FR;2;2022-07-25;50;71;405;1938;60;300;2000;0;56;6125251;6812755;10662875;275670;6159924;11778336;379949;0;2672
FR;2;2022-07-26;57;133;606;3423;66;477;3496;0;113;6125308;6812888;10663481;279093;6159990;11778813;383445;0;2785
FR;2;2022-07-27;42;81;457;2782;50;361;2801;0;89;6125350;6812969;10663938;281875;6160040;11779174;386246;0;2874
FR;2;2022-07-28;29;75;450;2486;36;357;2490;0;78;6125379;6813044;10664388;284361;6160076;11779531;388736;0;2952
FR;2;2022-07-29;68;88;535;2857;63;347;2978;0;73;6125447;6813132;10664923;287218;6160139;11779878;391714;0;3025
FR;2;2022-07-30;22;39;163;776;32;110;796;0;24;6125469;6813171;10665086;287994;6160171;11779988;392510;0;3049
FR;2;2022-07-31;6;13;27;104;12;21;110;0;2;6125475;6813184;10665113;288098;6160183;11780009;392620;0;3051
FR;2;2022-08-01;38;106;323;1261;73;260;1343;0;29;6125513;6813290;10665436;289359;6160256;11780269;393963;0;3080
FR;2;2022-08-02;49;75;325;2061;50;247;2097;0;78;6125562;6813365;10665761;291420;6160306;11780516;396060;0;3158
FR;2;2022-08-03;29;53;259;1611;25;187;1617;0;57;6125591;6813418;10666020;293031;6160331;11780703;397677;0;3215
FR;2;2022-08-04;40;65;306;1692;39;240;1701;0;66;6125631;6813483;10666326;294723;6160370;11780943;399378;0;3281
FR;2;2022-08-05;33;94;328;1881;67;236;1912;0;60;6125664;6813577;10666654;296604;6160437;11781179;401290;0;3341
FR;2;2022-08-06;22;41;106;365;29;82;372;0;10;6125686;6813618;10666760;296969;6160466;11781261;401662;0;3351
FR;2;2022-08-07;7;8;15;69;5;16;71;0;3;6125693;6813626;10666775;297038;6160471;11781277;401733;0;3354
FR;2;2022-08-08;19;35;220;877;22;148;915;0;33;6125712;6813661;10666995;297915;6160493;11781425;402648;0;3387
FR;2;2022-08-09;29;52;279;1475;41;238;1471;0;50;6125741;6813713;10667274;299390;6160534;11781663;404119;0;3437
FR;2;2022-08-10;16;22;213;1134;19;150;1155;0;46;6125757;6813735;10667487;300524;6160553;11781813;405274;0;3483
FR;2;2022-08-11;21;41;174;1038;26;117;1047;0;40;6125778;6813776;10667661;301562;6160579;11781930;406321;0;3523
FR;2;2022-08-12;36;50;184;1046;38;140;1069;0;35;6125814;6813826;10667845;302608;6160617;11782070;407390;0;3558
FR;2;2022-08-13;9;19;47;149;15;53;137;0;5;6125823;6813845;10667892;302757;6160632;11782123;407527;0;3563
FR;2;2022-08-14;1;2;12;52;1;11;54;0;1;6125824;6813847;10667904;302809;6160633;11782134;407581;0;3564
FR;2;2022-08-15;0;5;32;22;2;21;21;0;3;6125824;6813852;10667936;302831;6160635;11782155;407602;0;3567
FR;2;2022-08-16;27;33;144;681;34;120;678;0;33;6125851;6813885;10668080;303512;6160669;11782275;408280;0;3600
FR;2;2022-08-17;18;27;109;738;19;88;744;0;34;6125869;6813912;10668189;304250;6160688;11782363;409024;0;3634
FR;2;2022-08-18;14;29;160;836;13;107;852;0;42;6125883;6813941;10668349;305086;6160701;11782470;409876;0;3676
FR;2;2022-08-19;8;38;118;706;31;88;706;0;33;6125891;6813979;10668467;305792;6160732;11782558;410582;0;3709
FR;2;2022-08-20;6;26;61;197;16;52;201;0;8;6125897;6814005;10668528;305989;6160748;11782610;410783;0;3717
FR;2;2022-08-21;4;14;15;19;6;13;31;0;0;6125901;6814019;10668543;306008;6160754;11782623;410814;0;3717
FR;2;2022-08-22;11;25;116;395;17;73;451;0;13;6125912;6814044;10668659;306403;6160771;11782696;411265;0;3730
FR;2;2022-08-23;11;42;134;671;23;112;679;0;38;6125923;6814086;10668793;307074;6160794;11782808;411944;0;3768
FR;2;2022-08-24;11;28;87;466;21;80;472;0;18;6125934;6814114;10668880;307540;6160815;11782888;412416;0;3786
FR;2;2022-08-25;8;32;109;481;16;69;516;0;17;6125942;6814146;10668989;308021;6160831;11782957;412932;0;3803
FR;2;2022-08-26;16;46;117;720;36;91;713;0;32;6125958;6814192;10669106;308741;6160867;11783048;413645;0;3835
FR;2;2022-08-27;10;19;47;157;16;42;165;0;2;6125968;6814211;10669153;308898;6160883;11783090;413810;0;3837
FR;2;2022-08-28;1;5;5;15;1;7;16;0;1;6125969;6814216;10669158;308913;6160884;11783097;413826;0;3838
FR;2;2022-08-29;24;43;94;400;29;88;396;0;24;6125993;6814259;10669252;309313;6160913;11783185;414222;0;3862
FR;2;2022-08-30;31;54;154;791;34;119;798;0;29;6126024;6814313;10669406;310104;6160947;11783304;415020;0;3891
FR;2;2022-08-31;19;37;85;392;24;79;393;0;25;6126043;6814350;10669491;310496;6160971;11783383;415413;0;3916
FR;2;2022-09-01;19;43;139;600;25;122;609;0;36;6126062;6814393;10669630;311096;6160996;11783505;416022;0;3952
FR;2;2022-09-02;34;57;147;744;34;160;748;0;32;6126096;6814450;10669777;311840;6161030;11783665;416770;0;3984
FR;2;2022-09-03;17;20;83;205;11;67;213;0;7;6126113;6814470;10669860;312045;6161041;11783732;416983;0;3991
FR;2;2022-09-04;8;5;9;31;2;10;30;0;3;6126121;6814475;10669869;312076;6161043;11783742;417013;0;3994
FR;2;2022-09-05;29;32;126;367;24;98;397;0;24;6126150;6814507;10669995;312443;6161067;11783840;417410;0;4018
FR;2;2022-09-06;43;62;158;761;42;153;767;0;36;6126193;6814569;10670153;313204;6161109;11783993;418177;0;4054
FR;2;2022-09-07;21;22;74;375;18;49;387;0;22;6126214;6814591;10670227;313579;6161127;11784042;418564;0;4076
FR;2;2022-09-08;31;57;109;636;40;100;646;0;22;6126245;6814648;10670336;314215;6161167;11784142;419210;0;4098
FR;2;2022-09-09;18;24;126;754;21;74;747;0;46;6126263;6814672;10670462;314969;6161188;11784216;419957;0;4144
FR;2;2022-09-10;14;24;57;117;16;48;131;0;4;6126277;6814696;10670519;315086;6161204;11784264;420088;0;4148
FR;2;2022-09-11;12;5;11;11;3;13;13;0;0;6126289;6814701;10670530;315097;6161207;11784277;420101;0;4148
FR;2;2022-09-12;20;31;70;340;26;56;352;0;16;6126309;6814732;10670600;315437;6161233;11784333;420453;0;4164
FR;2;2022-09-13;15;34;125;670;13;99;674;0;40;6126324;6814766;10670725;316107;6161246;11784432;421127;0;4204
FR;2;2022-09-14;19;23;81;480;20;60;478;0;36;6126343;6814789;10670806;316587;6161266;11784492;421605;0;4240
FR;2;2022-09-15;22;44;126;486;26;102;493;0;47;6126365;6814833;10670932;317073;6161292;11784594;422098;0;4287
FR;2;2022-09-16;21;31;124;563;17;89;585;0;39;6126386;6814864;10671056;317636;6161309;11784683;422683;0;4326
FR;2;2022-09-17;6;20;56;160;15;52;147;0;13;6126392;6814884;10671112;317796;6161324;11784735;422830;0;4339
FR;2;2022-09-18;4;7;13;37;6;10;37;0;3;6126396;6814891;10671125;317833;6161330;11784745;422867;0;4342
FR;2;2022-09-19;26;24;114;353;16;87;381;0;22;6126422;6814915;10671239;318186;6161346;11784832;423248;0;4364
FR;2;2022-09-20;29;27;117;624;21;84;639;0;38;6126451;6814942;10671356;318810;6161367;11784916;423887;0;4402
FR;2;2022-09-21;15;30;100;393;15;78;418;0;22;6126466;6814972;10671456;319203;6161382;11784994;424305;0;4424
FR;2;2022-09-22;16;39;124;581;18;95;619;0;28;6126482;6815011;10671580;319784;6161400;11785089;424924;0;4452
FR;2;2022-09-23;21;38;135;555;22;111;570;0;39;6126503;6815049;10671715;320339;6161422;11785200;425494;0;4491
FR;2;2022-09-24;10;8;52;190;6;37;201;0;6;6126513;6815057;10671767;320529;6161428;11785237;425695;0;4497
FR;2;2022-09-25;9;11;14;29;11;11;33;0;5;6126522;6815068;10671781;320558;6161439;11785248;425728;0;4502
FR;2;2022-09-26;22;41;116;447;27;79;458;0;20;6126544;6815109;10671897;321005;6161466;11785327;426186;0;4522
FR;2;2022-09-27;30;46;162;906;35;108;861;0;52;6126574;6815155;10672059;321911;6161501;11785435;427047;0;4574
FR;2;2022-09-28;15;31;93;421;18;74;439;0;23;6126589;6815186;10672152;322332;6161519;11785509;427486;0;4597
FR;2;2022-09-29;26;48;115;618;23;110;630;0;33;6126615;6815234;10672267;322950;6161542;11785619;428116;0;4630
FR;2;2022-09-30;25;44;111;520;44;84;533;0;31;6126640;6815278;10672378;323470;6161586;11785703;428649;0;4661
FR;2;2022-10-01;11;20;51;128;20;36;129;0;8;6126651;6815298;10672429;323598;6161606;11785739;428778;0;4669
FR;2;2022-10-02;0;5;8;21;4;5;25;0;2;6126651;6815303;10672437;323619;6161610;11785744;428803;0;4671
FR;2;2022-10-03;22;35;84;291;30;68;306;0;22;6126673;6815338;10672521;323910;6161640;11785812;429109;0;4693
FR;2;2022-10-04;17;21;106;601;19;71;620;0;46;6126690;6815359;10672627;324511;6161659;11785883;429729;0;4739
FR;2;2022-10-05;20;30;75;491;25;67;488;0;54;6126710;6815389;10672702;325002;6161684;11785950;430217;0;4793
FR;2;2022-10-06;30;23;74;442;17;71;428;0;65;6126740;6815412;10672776;325444;6161701;11786021;430645;0;4858
FR;2;2022-10-07;21;30;86;499;27;66;503;0;42;6126761;6815442;10672862;325943;6161728;11786087;431148;0;4900
FR;2;2022-10-08;12;8;23;114;3;24;108;0;12;6126773;6815450;10672885;326057;6161731;11786111;431256;0;4912
FR;2;2022-10-09;1;8;15;17;6;11;22;0;5;6126774;6815458;10672900;326074;6161737;11786122;431278;0;4917
FR;2;2022-10-10;18;25;47;223;23;49;218;0;21;6126792;6815483;10672947;326297;6161760;11786171;431496;0;4938
FR;2;2022-10-11;16;15;47;253;11;39;240;0;52;6126808;6815498;10672994;326550;6161771;11786210;431736;0;4990
FR;2;2022-10-12;8;18;52;290;14;36;305;0;56;6126816;6815516;10673046;326840;6161785;11786246;432041;0;5046
FR;2;2022-10-13;11;14;48;271;9;48;261;0;26;6126827;6815530;10673094;327111;6161794;11786294;432302;0;5072
FR;2;2022-10-14;12;29;36;230;17;40;231;0;29;6126839;6815559;10673130;327341;6161811;11786334;432533;0;5101
FR;2;2022-10-15;4;10;22;111;4;17;113;0;15;6126843;6815569;10673152;327452;6161815;11786351;432646;0;5116
FR;2;2022-10-16;0;6;4;11;5;7;8;0;1;6126843;6815575;10673156;327463;6161820;11786358;432654;0;5117
FR;2;2022-10-17;15;18;31;121;17;26;131;0;29;6126858;6815593;10673187;327584;6161837;11786384;432785;0;5146
FR;2;2022-10-18;13;12;68;185;6;34;247;0;46;6126871;6815605;10673255;327769;6161843;11786418;433032;0;5192
FR;2;2022-10-19;8;17;38;182;12;31;208;0;47;6126879;6815622;10673293;327951;6161855;11786449;433240;0;5239
FR;2;2022-10-20;11;29;41;200;15;40;196;0;52;6126890;6815651;10673334;328151;6161870;11786489;433436;0;5291
FR;2;2022-10-21;6;15;60;233;6;53;222;0;31;6126896;6815666;10673394;328384;6161876;11786542;433658;0;5322
FR;2;2022-10-22;8;7;25;101;2;23;102;0;20;6126904;6815673;10673419;328485;6161878;11786565;433760;0;5342
FR;2;2022-10-23;0;3;1;5;3;0;6;0;2;6126904;6815676;10673420;328490;6161881;11786565;433766;0;5344
FR;2;2022-10-24;12;12;16;110;12;16;113;0;20;6126916;6815688;10673436;328600;6161893;11786581;433879;0;5364
FR;2;2022-10-25;12;7;23;138;6;15;145;0;51;6126928;6815695;10673459;328738;6161899;11786596;434024;0;5415
FR;2;2022-10-26;4;3;17;90;2;11;96;0;27;6126932;6815698;10673476;328828;6161901;11786607;434120;0;5442
FR;2;2022-10-27;7;9;18;88;9;20;71;0;27;6126939;6815707;10673494;328916;6161910;11786627;434191;0;5469
FR;2;2022-10-28;5;3;15;91;3;7;92;0;27;6126944;6815710;10673509;329007;6161913;11786634;434283;0;5496
FR;2;2022-10-29;7;8;18;33;6;14;37;0;8;6126951;6815718;10673527;329040;6161919;11786648;434320;0;5504
FR;2;2022-10-30;3;7;5;8;5;2;5;0;1;6126954;6815725;10673532;329048;6161924;11786650;434325;0;5505
FR;2;2022-10-31;2;8;6;49;6;10;48;0;11;6126956;6815733;10673538;329097;6161930;11786660;434373;0;5516
FR;2;2022-11-01;0;4;8;1;4;5;4;0;0;6126956;6815737;10673546;329098;6161934;11786665;434377;0;5516
FR;2;2022-11-02;6;5;12;44;5;12;45;0;11;6126962;6815742;10673558;329142;6161939;11786677;434422;0;5527
FR;2;2022-11-03;6;7;16;77;6;10;75;0;18;6126968;6815749;10673574;329219;6161945;11786687;434497;0;5545
FR;2;2022-11-04;7;12;15;85;10;14;93;0;10;6126975;6815761;10673589;329304;6161955;11786701;434590;0;5555
FR;2;2022-11-05;0;11;13;38;6;17;35;0;6;6126975;6815772;10673602;329342;6161961;11786718;434625;0;5561
FR;2;2022-11-06;0;2;2;1;0;4;0;0;2;6126975;6815774;10673604;329343;6161961;11786722;434625;0;5563
FR;2;2022-11-07;13;8;15;66;6;14;65;0;20;6126988;6815782;10673619;329409;6161967;11786736;434690;0;5583
FR;2;2022-11-08;13;6;18;58;4;14;65;0;27;6127001;6815788;10673637;329467;6161971;11786750;434755;0;5610
FR;2;2022-11-09;4;5;17;56;2;17;50;0;28;6127005;6815793;10673654;329523;6161973;11786767;434805;0;5638
FR;2;2022-11-10;7;10;17;74;7;14;76;0;14;6127012;6815803;10673671;329597;6161980;11786781;434881;0;5652
FR;2;2022-11-11;0;3;7;3;0;8;4;0;0;6127012;6815806;10673678;329600;6161980;11786789;434885;0;5652
FR;2;2022-11-12;2;5;7;19;4;7;19;0;4;6127014;6815811;10673685;329619;6161984;11786796;434904;0;5656
FR;2;2022-11-13;3;2;4;2;1;5;1;0;0;6127017;6815813;10673689;329621;6161985;11786801;434905;0;5656
FR;2;2022-11-14;7;6;13;29;3;10;33;0;7;6127024;6815819;10673702;329650;6161988;11786811;434938;0;5663
FR;2;2022-11-15;8;12;15;35;13;18;32;0;7;6127032;6815831;10673717;329685;6162001;11786829;434970;0;5670
FR;2;2022-11-16;4;3;4;45;3;4;46;0;18;6127036;6815834;10673721;329730;6162004;11786833;435016;0;5688
FR;2;2022-11-17;2;6;12;56;5;9;55;0;22;6127038;6815840;10673733;329786;6162009;11786842;435071;0;5710
FR;2;2022-11-18;3;4;7;41;4;6;44;0;10;6127041;6815844;10673740;329827;6162013;11786848;435115;0;5720
FR;2;2022-11-19;3;2;2;25;2;3;18;0;5;6127044;6815846;10673742;329852;6162015;11786851;435133;0;5725
FR;2;2022-11-20;0;2;6;9;2;6;10;0;26;6127044;6815848;10673748;329861;6162017;11786857;435143;0;5751
FR;2;2022-11-21;6;10;9;31;7;8;34;0;22;6127050;6815858;10673757;329892;6162024;11786865;435177;0;5773
FR;2;2022-11-22;8;8;20;65;6;21;70;0;71;6127058;6815866;10673777;329957;6162030;11786886;435247;0;5844
FR;2;2022-11-23;7;6;8;68;3;5;73;0;8;6127065;6815872;10673785;330025;6162033;11786891;435320;0;5852
FR;2;2022-11-24;2;2;11;50;2;7;57;0;10;6127067;6815874;10673796;330075;6162035;11786898;435377;0;5862
FR;2;2022-11-25;11;8;12;25;11;14;26;0;8;6127078;6815882;10673808;330100;6162046;11786912;435403;0;5870
FR;2;2022-11-26;1;5;4;8;4;7;6;0;0;6127079;6815887;10673812;330108;6162050;11786919;435409;0;5870
FR;2;2022-11-27;2;2;12;2;0;11;4;0;1;6127081;6815889;10673824;330110;6162050;11786930;435413;0;5871
FR;2;2022-11-28;0;2;8;35;1;6;37;0;5;6127081;6815891;10673832;330145;6162051;11786936;435450;0;5876
FR;2;2022-11-29;1;1;10;24;0;4;30;0;8;6127082;6815892;10673842;330169;6162051;11786940;435480;0;5884
FR;2;2022-11-30;2;1;9;47;0;10;44;0;21;6127084;6815893;10673851;330216;6162051;11786950;435524;0;5905
FR;2;2022-12-01;2;12;6;63;9;13;55;0;24;6127086;6815905;10673857;330279;6162060;11786963;435579;0;5929
FR;2;2022-12-02;1;2;12;51;2;10;51;0;27;6127087;6815907;10673869;330330;6162062;11786973;435630;0;5956
FR;2;2022-12-03;1;3;8;19;1;8;18;0;10;6127088;6815910;10673877;330349;6162063;11786981;435648;0;5966
FR;2;2022-12-04;0;0;0;4;0;0;4;0;2;6127088;6815910;10673877;330353;6162063;11786981;435652;0;5968
FR;2;2022-12-05;3;3;8;51;6;4;45;0;16;6127091;6815913;10673885;330404;6162069;11786985;435697;0;5984
FR;2;2022-12-06;3;4;13;45;3;6;47;0;17;6127094;6815917;10673898;330449;6162072;11786991;435744;0;6001
FR;2;2022-12-07;1;4;9;42;2;8;44;0;11;6127095;6815921;10673907;330491;6162074;11786999;435788;0;6012
FR;2;2022-12-08;0;2;11;44;0;6;49;0;16;6127095;6815923;10673918;330535;6162074;11787005;435837;0;6028
FR;2;2022-12-09;0;1;13;52;0;9;57;0;16;6127095;6815924;10673931;330587;6162074;11787014;435894;0;6044
FR;2;2022-12-10;0;2;15;49;0;6;51;0;9;6127095;6815926;10673946;330636;6162074;11787020;435945;0;6053
FR;2;2022-12-11;0;0;2;2;0;2;1;0;3;6127095;6815926;10673948;330638;6162074;11787022;435946;0;6056
FR;2;2022-12-12;1;0;6;36;0;6;35;0;11;6127096;6815926;10673954;330674;6162074;11787028;435981;0;6067
FR;2;2022-12-13;0;2;1;37;1;1;36;0;14;6127096;6815928;10673955;330711;6162075;11787029;436017;0;6081
FR;2;2022-12-14;0;5;8;26;5;3;31;0;14;6127096;6815933;10673963;330737;6162080;11787032;436048;0;6095
FR;2;2022-12-15;0;4;12;43;4;9;44;0;17;6127096;6815937;10673975;330780;6162084;11787041;436092;0;6112
FR;2;2022-12-16;2;4;27;56;3;20;62;0;16;6127098;6815941;10674002;330836;6162087;11787061;436154;0;6128
FR;2;2022-12-17;1;4;10;44;3;6;39;0;5;6127099;6815945;10674012;330880;6162090;11787067;436193;0;6133
FR;2;2022-12-18;1;0;0;0;0;0;0;0;1;6127100;6815945;10674012;330880;6162090;11787067;436193;0;6134
FR;2;2022-12-19;6;5;4;31;6;5;24;0;24;6127106;6815950;10674016;330911;6162096;11787072;436217;0;6158
FR;2;2022-12-20;0;2;6;37;0;7;38;0;24;6127106;6815952;10674022;330948;6162096;11787079;436255;0;6182
FR;2;2022-12-21;0;1;3;13;1;3;13;0;8;6127106;6815953;10674025;330961;6162097;11787082;436268;0;6190
FR;2;2022-12-22;0;5;17;32;2;6;45;0;10;6127106;6815958;10674042;330993;6162099;11787088;436313;0;6200
FR;2;2022-12-23;1;5;15;18;3;12;22;0;4;6127107;6815963;10674057;331011;6162102;11787100;436335;0;6204
FR;2;2022-12-24;0;0;1;1;0;1;1;0;0;6127107;6815963;10674058;331012;6162102;11787101;436336;0;6204
FR;2;2022-12-25;0;1;1;3;0;1;4;0;0;6127107;6815964;10674059;331015;6162102;11787102;436340;0;6204
FR;2;2022-12-26;0;0;7;11;0;5;11;0;3;6127107;6815964;10674066;331026;6162102;11787107;436351;0;6207
FR;2;2022-12-27;0;1;7;5;1;5;7;0;4;6127107;6815965;10674073;331031;6162103;11787112;436358;0;6211
FR;2;2022-12-28;0;2;4;13;2;3;14;0;5;6127107;6815967;10674077;331044;6162105;11787115;436372;0;6216
FR;2;2022-12-29;1;2;4;18;1;5;18;0;7;6127108;6815969;10674081;331062;6162106;11787120;436390;0;6223
FR;2;2022-12-30;1;0;2;8;0;2;7;0;1;6127109;6815969;10674083;331070;6162106;11787122;436397;0;6224
FR;2;2022-12-31;0;0;1;2;0;1;2;0;1;6127109;6815969;10674084;331072;6162106;11787123;436399;0;6225
FR;2;2023-01-01;0;0;0;0;0;0;0;0;0;6127109;6815969;10674084;331072;6162106;11787123;436399;0;6225
FR;2;2023-01-02;5;2;9;21;1;7;23;0;2;6127114;6815971;10674093;331093;6162107;11787130;436422;0;6227
FR;2;2023-01-03;1;0;6;13;0;7;11;0;6;6127115;6815971;10674099;331106;6162107;11787137;436433;0;6233
FR;2;2023-01-04;1;1;9;13;2;7;13;0;6;6127116;6815972;10674108;331119;6162109;11787144;436446;0;6239
FR;2;2023-01-05;0;2;7;6;2;4;7;0;3;6127116;6815974;10674115;331125;6162111;11787148;436453;0;6242
FR;2;2023-01-06;1;0;8;9;0;4;12;0;9;6127117;6815974;10674123;331134;6162111;11787152;436465;0;6251
FR;2;2023-01-07;0;0;2;10;0;3;7;0;5;6127117;6815974;10674125;331144;6162111;11787155;436472;0;6256
FR;2;2023-01-08;0;0;1;3;0;1;3;0;2;6127117;6815974;10674126;331147;6162111;11787156;436475;0;6258
FR;2;2023-01-09;0;2;8;9;2;3;13;0;5;6127117;6815976;10674134;331156;6162113;11787159;436488;0;6263
FR;2;2023-01-10;0;3;3;7;3;1;9;0;6;6127117;6815979;10674137;331163;6162116;11787160;436497;0;6269
FR;2;2023-01-11;3;0;4;7;0;3;9;0;3;6127120;6815979;10674141;331170;6162116;11787163;436506;0;6272
FR;2;2023-01-12;1;0;8;12;0;6;9;0;11;6127121;6815979;10674149;331182;6162116;11787169;436515;0;6283
FR;2;2023-01-13;0;1;4;7;1;2;10;0;3;6127121;6815980;10674153;331189;6162117;11787171;436525;0;6286
FR;2;2023-01-14;0;1;1;6;0;2;6;0;1;6127121;6815981;10674154;331195;6162117;11787173;436531;0;6287
FR;2;2023-01-15;0;0;0;0;0;0;0;0;0;6127121;6815981;10674154;331195;6162117;11787173;436531;0;6287
FR;2;2023-01-16;1;1;4;6;2;1;7;0;1;6127122;6815982;10674158;331201;6162119;11787174;436538;0;6288
FR;2;2023-01-17;1;0;4;4;0;4;3;0;0;6127123;6815982;10674162;331205;6162119;11787178;436541;0;6288
FR;2;2023-01-18;0;0;2;2;0;2;2;0;0;6127123;6815982;10674164;331207;6162119;11787180;436543;0;6288
FR;2;2023-01-19;0;0;0;6;0;0;6;0;6;6127123;6815982;10674164;331213;6162119;11787180;436549;0;6294
FR;2;2023-01-20;0;0;1;7;0;1;7;0;4;6127123;6815982;10674165;331220;6162119;11787181;436556;0;6298
FR;2;2023-01-21;0;0;0;3;0;0;0;0;0;6127123;6815982;10674165;331223;6162119;11787181;436556;0;6298
FR;2;2023-01-22;0;0;0;0;0;0;0;0;0;6127123;6815982;10674165;331223;6162119;11787181;436556;0;6298
FR;2;2023-01-23;0;0;3;3;0;2;3;0;1;6127123;6815982;10674168;331226;6162119;11787183;436559;0;6299
FR;2;2023-01-24;1;3;1;6;3;0;7;0;4;6127124;6815985;10674169;331232;6162122;11787183;436566;0;6303
FR;2;2023-01-25;1;0;0;6;1;0;6;0;0;6127125;6815985;10674169;331238;6162123;11787183;436572;0;6303
FR;2;2023-01-26;1;0;3;7;0;1;9;0;3;6127126;6815985;10674172;331245;6162123;11787184;436581;0;6306
FR;2;2023-01-27;0;2;3;3;1;2;3;0;2;6127126;6815987;10674175;331248;6162124;11787186;436584;0;6308
FR;2;2023-01-28;0;0;0;1;0;0;1;0;0;6127126;6815987;10674175;331249;6162124;11787186;436585;0;6308
FR;2;2023-01-29;0;0;1;0;0;0;1;0;0;6127126;6815987;10674176;331249;6162124;11787186;436586;0;6308
FR;2;2023-01-30;0;1;2;3;1;1;4;0;1;6127126;6815988;10674178;331252;6162125;11787187;436590;0;6309
FR;2;2023-01-31;1;0;3;2;0;2;3;0;0;6127127;6815988;10674181;331254;6162125;11787189;436593;0;6309
FR;2;2023-02-01;0;1;1;0;1;1;0;0;0;6127127;6815989;10674182;331254;6162126;11787190;436593;0;6309
FR;2;2023-02-02;0;1;0;2;1;1;3;0;4;6127127;6815990;10674182;331256;6162127;11787191;436596;0;6313
FR;2;2023-02-03;0;2;1;12;2;0;11;0;9;6127127;6815992;10674183;331268;6162129;11787191;436607;0;6322
FR;2;2023-02-04;0;1;0;0;0;1;0;0;0;6127127;6815993;10674183;331268;6162129;11787192;436607;0;6322
FR;2;2023-02-05;0;0;0;0;0;0;0;0;0;6127127;6815993;10674183;331268;6162129;11787192;436607;0;6322
FR;2;2023-02-06;0;3;1;2;2;2;2;0;0;6127127;6815996;10674184;331270;6162131;11787194;436609;0;6322
FR;2;2023-02-07;1;1;0;0;0;1;0;0;1;6127128;6815997;10674184;331270;6162131;11787195;436609;0;6323
FR;2;2023-02-08;0;0;1;2;0;0;4;0;1;6127128;6815997;10674185;331272;6162131;11787195;436613;0;6324
FR;2;2023-02-09;0;0;1;3;0;2;2;0;3;6127128;6815997;10674186;331275;6162131;11787197;436615;0;6327
FR;3;2020-12-27;0;0;0;0;0;0;0;0;0;0;0;0;0;0;0;0;0;0
FR;3;2020-12-28;0;0;0;0;0;0;0;0;0;0;0;0;0;0;0;0;0;0
FR;3;2020-12-29;0;0;0;0;0;0;0;0;0;0;0;0;0;0;0;0;0;0
FR;3;2020-12-30;0;0;0;0;0;0;0;0;0;0;0;0;0;0;0;0;0;0
FR;3;2020-12-31;0;0;0;0;0;0;0;0;0;0;0;0;0;0;0;0;0;0
FR;3;2021-01-01;0;0;0;0;0;0;0;0;0;0;0;0;0;0;0;0;0;0
FR;3;2021-01-02;0;0;0;0;0;0;0;0;0;0;0;0;0;0;0;0;0;0
FR;3;2021-01-03;0;0;0;0;0;0;0;0;0;0;0;0;0;0;0;0;0;0
FR;3;2021-01-04;0;0;0;0;0;0;0;0;0;0;0;0;0;0;0;0;0;0
FR;3;2021-01-05;0;0;0;0;0;0;0;0;0;0;0;0;0;0;0;0;0;0
FR;3;2021-01-06;0;0;0;0;0;0;0;0;0;0;0;0;0;0;0;0;0;0
FR;3;2021-01-07;0;0;0;0;0;0;0;0;0;0;0;0;0;0;0;0;0;0
FR;3;2021-01-08;0;0;0;0;0;0;0;0;0;0;0;0;0;0;0;0;0;0
FR;3;2021-01-09;0;0;0;0;0;0;0;0;0;0;0;0;0;0;0;0;0;0
FR;3;2021-01-10;0;0;0;0;0;0;0;0;0;0;0;0;0;0;0;0;0;0
FR;3;2021-01-11;0;0;0;0;0;0;0;0;0;0;0;0;0;0;0;0;0;0
FR;3;2021-01-12;0;0;0;0;0;0;0;0;0;0;0;0;0;0;0;0;0;0
FR;3;2021-01-13;0;0;0;0;0;0;0;0;0;0;0;0;0;0;0;0;0;0
FR;3;2021-01-14;0;0;0;0;0;0;0;0;0;0;0;0;0;0;0;0;0;0
FR;3;2021-01-15;0;0;0;0;0;0;0;0;0;0;0;0;0;0;0;0;0;0
FR;3;2021-01-16;0;0;0;0;0;0;0;0;0;0;0;0;0;0;0;0;0;0
FR;3;2021-01-17;0;0;0;0;0;0;0;0;0;0;0;0;0;0;0;0;0;0
FR;3;2021-01-18;0;0;0;0;0;0;0;0;0;0;0;0;0;0;0;0;0;0
FR;3;2021-01-19;0;0;0;0;0;0;0;0;0;0;0;0;0;0;0;0;0;0
FR;3;2021-01-20;0;0;0;0;0;0;0;0;0;0;0;0;0;0;0;0;0;0
FR;3;2021-01-21;0;0;0;0;0;0;0;0;0;0;0;0;0;0;0;0;0;0
FR;3;2021-01-22;0;0;0;0;0;0;0;0;0;0;0;0;0;0;0;0;0;0
FR;3;2021-01-23;0;0;0;0;0;0;0;0;0;0;0;0;0;0;0;0;0;0
FR;3;2021-01-24;0;0;0;0;0;0;0;0;0;0;0;0;0;0;0;0;0;0
FR;3;2021-01-25;0;0;0;0;0;0;0;0;0;0;0;0;0;0;0;0;0;0
FR;3;2021-01-26;0;0;0;0;0;0;0;0;0;0;0;0;0;0;0;0;0;0
FR;3;2021-01-27;0;0;0;0;0;0;0;0;0;0;0;0;0;0;0;0;0;0
FR;3;2021-01-28;0;0;0;0;0;0;0;0;0;0;0;0;0;0;0;0;0;0
FR;3;2021-01-29;0;0;0;0;0;0;0;0;0;0;0;0;0;0;0;0;0;0
FR;3;2021-01-30;0;0;0;0;0;0;0;0;0;0;0;0;0;0;0;0;0;0
FR;3;2021-01-31;0;0;0;0;0;0;0;0;0;0;0;0;0;0;0;0;0;0
FR;3;2021-02-01;0;0;0;0;0;0;0;0;0;0;0;0;0;0;0;0;0;0
FR;3;2021-02-02;0;0;0;0;0;0;0;0;0;0;0;0;0;0;0;0;0;0
FR;3;2021-02-03;0;0;0;0;0;0;0;0;0;0;0;0;0;0;0;0;0;0
FR;3;2021-02-04;0;0;0;0;0;0;0;0;0;0;0;0;0;0;0;0;0;0
FR;3;2021-02-05;0;0;0;0;0;0;0;0;0;0;0;0;0;0;0;0;0;0
FR;3;2021-02-06;1480;0;0;0;106;0;0;0;0;1480;0;0;0;106;0;0;0;0
FR;3;2021-02-07;1423;2;0;0;87;0;0;0;0;2903;2;0;0;193;0;0;0;0
FR;3;2021-02-08;2789;1;0;0;177;0;0;0;0;5692;3;0;0;370;0;0;0;0
FR;3;2021-02-09;6786;0;0;0;502;0;0;0;0;12478;3;0;0;872;0;0;0;0
FR;3;2021-02-10;9612;0;0;0;695;0;0;0;0;22090;3;0;0;1567;0;0;0;0
FR;3;2021-02-11;13620;4;0;0;919;0;0;0;0;35710;7;0;0;2486;0;0;0;0
FR;3;2021-02-12;13410;0;0;0;907;0;0;0;0;49120;7;0;0;3393;0;0;0;0
FR;3;2021-02-13;3800;1;0;0;218;0;0;0;0;52920;8;0;0;3611;0;0;0;0
FR;3;2021-02-14;975;1;0;0;53;0;0;0;0;53895;9;0;0;3664;0;0;0;0
FR;3;2021-02-15;10497;2;0;0;719;0;0;0;0;64392;11;0;0;4383;0;0;0;0
FR;3;2021-02-16;12556;5;0;0;871;0;0;0;0;76948;16;0;0;5254;0;0;0;0
FR;3;2021-02-17;11159;1;0;0;716;0;0;0;0;88107;17;0;0;5970;0;0;0;0
FR;3;2021-02-18;14943;2;0;0;985;0;0;0;0;103050;19;0;0;6955;0;0;0;0
FR;3;2021-02-19;14364;1;0;0;846;0;0;0;0;117414;20;0;0;7801;0;0;0;0
FR;3;2021-02-20;3331;0;0;0;178;0;0;0;0;120745;20;0;0;7979;0;0;0;0
FR;3;2021-02-21;620;0;0;0;35;0;0;0;0;121365;20;0;0;8014;0;0;0;0
FR;3;2021-02-22;9171;1;0;0;654;0;0;0;0;130536;21;0;0;8668;0;0;0;0
FR;3;2021-02-23;11406;6;0;0;760;0;0;0;0;141942;27;0;0;9428;0;0;0;0
FR;3;2021-02-24;14305;1;0;0;829;0;0;0;0;156247;28;0;0;10257;0;0;0;0
FR;3;2021-02-25;44935;3;0;0;1814;0;0;0;0;201182;31;0;0;12071;0;0;0;0
FR;3;2021-02-26;61889;12;0;0;2201;0;0;0;0;263071;43;0;0;14272;0;0;0;0
FR;3;2021-02-27;34811;14;0;0;1028;0;0;0;0;297882;57;0;0;15300;0;0;0;0
FR;3;2021-02-28;2464;0;0;0;114;0;0;0;0;300346;57;0;0;15414;0;0;0;0
FR;3;2021-03-01;20520;21;0;0;1067;0;0;0;0;320866;78;0;0;16481;0;0;0;0
FR;3;2021-03-02;38878;25;0;0;1789;0;0;0;0;359744;103;0;0;18270;0;0;0;0
FR;3;2021-03-03;48749;18;0;0;2131;0;0;0;0;408493;121;0;0;20401;0;0;0;0
FR;3;2021-03-04;82228;25;0;0;3193;0;0;0;0;490721;146;0;0;23594;0;0;0;0
FR;3;2021-03-05;118137;42;0;0;4692;0;0;0;0;608858;188;0;0;28286;0;0;0;0
FR;3;2021-03-06;120727;65;1;0;3559;0;0;0;0;729585;253;1;0;31845;0;0;0;0
FR;3;2021-03-07;55186;23;0;0;1729;0;0;0;0;784771;276;1;0;33574;0;0;0;0
FR;3;2021-03-08;42814;29;0;0;2074;0;0;0;0;827585;305;1;0;35648;0;0;0;0
FR;3;2021-03-09;78978;51;0;0;3288;0;0;0;0;906563;356;1;0;38936;0;0;0;0
FR;3;2021-03-10;80984;65;0;0;3241;0;0;0;0;987547;421;1;0;42177;0;0;0;0
FR;3;2021-03-11;128447;65;0;0;4765;0;0;0;0;1115994;486;1;0;46942;0;0;0;0
FR;3;2021-03-12;182718;121;0;0;6278;0;0;0;0;1298712;607;1;0;53220;0;0;0;0
FR;3;2021-03-13;132162;91;0;0;3530;0;0;0;0;1430874;698;1;0;56750;0;0;0;0
FR;3;2021-03-14;14060;6;0;0;550;0;0;0;0;1444934;704;1;0;57300;0;0;0;0
FR;3;2021-03-15;52240;82;0;0;2097;0;0;0;0;1497174;786;1;0;59397;0;0;0;0
FR;3;2021-03-16;1221;51;0;0;105;0;0;0;0;1498395;837;1;0;59502;0;0;0;0
FR;3;2021-03-17;950;56;0;0;95;0;0;0;0;1499345;893;1;0;59597;0;0;0;0
FR;3;2021-03-18;1576;42;0;0;102;0;0;0;0;1500921;935;1;0;59699;0;0;0;0
FR;3;2021-03-19;70458;56;0;0;2060;0;0;0;0;1571379;991;1;0;61759;0;0;0;0
FR;3;2021-03-20;65240;51;0;0;1702;0;0;0;0;1636619;1042;1;0;63461;0;0;0;0
FR;3;2021-03-21;5761;8;0;0;199;0;0;0;0;1642380;1050;1;0;63660;0;0;0;0
FR;3;2021-03-22;37509;49;0;0;1052;0;0;0;0;1679889;1099;1;0;64712;0;0;0;0
FR;3;2021-03-23;84671;87;0;0;2288;0;0;0;0;1764560;1186;1;0;67000;0;0;0;0
FR;3;2021-03-24;90956;99;0;0;2491;0;0;0;0;1855516;1285;1;0;69491;0;0;0;0
FR;3;2021-03-25;150067;149;0;0;3792;0;0;0;0;2005583;1434;1;0;73283;0;0;0;0
FR;3;2021-03-26;165430;157;0;0;4148;0;0;0;0;2171013;1591;1;0;77431;0;0;0;0
FR;3;2021-03-27;68465;101;0;0;2004;0;0;0;0;2239478;1692;1;0;79435;0;0;0;0
FR;3;2021-03-28;6479;20;0;0;237;0;0;0;0;2245957;1712;1;0;79672;0;0;0;0
FR;3;2021-03-29;54170;82;0;0;1480;0;0;0;0;2300127;1794;1;0;81152;0;0;0;0
FR;3;2021-03-30;93184;103;0;0;2564;0;0;0;0;2393311;1897;1;0;83716;0;0;0;0
FR;3;2021-03-31;63545;110;0;0;1964;0;0;0;0;2456856;2007;1;0;85680;0;0;0;0
FR;3;2021-04-01;86135;115;0;0;2495;0;0;0;0;2542991;2122;1;0;88175;0;0;0;0
FR;3;2021-04-02;86915;187;0;0;2766;0;0;0;0;2629906;2309;1;0;90941;0;0;0;0
FR;3;2021-04-03;35876;133;0;0;1164;0;0;0;0;2665782;2442;1;0;92105;0;0;0;0
FR;3;2021-04-04;3577;19;0;0;164;0;0;0;0;2669359;2461;1;0;92269;0;0;0;0
FR;3;2021-04-05;4492;40;0;0;236;0;0;0;0;2673851;2501;1;0;92505;0;0;0;0
FR;3;2021-04-06;29762;103;0;0;1089;0;0;0;0;2703613;2604;1;0;93594;0;0;0;0
FR;3;2021-04-07;32349;113;0;0;1052;0;0;0;0;2735962;2717;1;0;94646;0;0;0;0
FR;3;2021-04-08;78827;273;0;0;2618;0;0;0;0;2814789;2990;1;0;97264;0;0;0;0
FR;3;2021-04-09;161763;452;0;0;5179;0;0;0;0;2976552;3442;1;0;102443;0;0;0;0
FR;3;2021-04-10;75765;362;0;0;2694;0;0;0;0;3052317;3804;1;0;105137;0;0;0;0
FR;3;2021-04-11;7315;47;0;0;306;0;0;0;0;3059632;3851;1;0;105443;0;0;0;0
FR;3;2021-04-12;51485;217;0;0;1737;0;0;0;0;3111117;4068;1;0;107180;0;0;0;0
FR;3;2021-04-13;86236;363;0;0;2910;0;0;0;0;3197353;4431;1;0;110090;0;0;0;0
FR;3;2021-04-14;67846;377;0;0;2429;0;0;0;0;3265199;4808;1;0;112519;0;0;0;0
FR;3;2021-04-15;93246;403;0;0;3441;0;0;0;0;3358445;5211;1;0;115960;0;0;0;0
FR;3;2021-04-16;112532;626;0;0;4341;0;0;0;0;3470977;5837;1;0;120301;0;0;0;0
FR;3;2021-04-17;53319;369;1;0;2276;0;0;0;0;3524296;6206;2;0;122577;0;0;0;0
FR;3;2021-04-18;9752;49;0;0;423;0;0;0;0;3534048;6255;2;0;123000;0;0;0;0
FR;3;2021-04-19;25117;286;0;0;1092;0;0;0;0;3559165;6541;2;0;124092;0;0;0;0
FR;3;2021-04-20;45676;436;0;0;1907;0;0;0;0;3604841;6977;2;0;125999;0;0;0;0
FR;3;2021-04-21;38987;551;0;0;1895;0;0;0;0;3643828;7528;2;0;127894;0;0;0;0
FR;3;2021-04-22;54723;875;0;0;2827;0;0;0;0;3698551;8403;2;0;130721;0;0;0;0
FR;3;2021-04-23;70493;1094;0;0;3696;0;0;0;0;3769044;9497;2;0;134417;0;0;0;0
FR;3;2021-04-24;37253;1101;0;0;2490;0;0;0;0;3806297;10598;2;0;136907;0;0;0;0
FR;3;2021-04-25;6213;157;0;0;445;0;0;0;0;3812510;10755;2;0;137352;0;0;0;0
FR;3;2021-04-26;19792;698;0;0;1433;0;0;0;0;3832302;11453;2;0;138785;0;0;0;0
FR;3;2021-04-27;34486;1335;0;0;2593;0;0;0;0;3866788;12788;2;0;141378;0;0;0;0
FR;3;2021-04-28;28971;2043;0;0;3160;0;0;0;0;3895759;14831;2;0;144538;0;0;0;0
FR;3;2021-04-29;45394;6124;0;0;7943;0;0;0;0;3941153;20955;2;0;152481;0;0;0;0
FR;3;2021-04-30;55465;9115;1;0;11510;0;0;0;0;3996618;30070;3;0;163991;0;0;0;0
FR;3;2021-05-01;9518;2062;0;0;2493;0;0;0;0;4006136;32132;3;0;166484;0;0;0;0
FR;3;2021-05-02;3081;465;0;0;610;0;0;0;0;4009217;32597;3;0;167094;0;0;0;0
FR;3;2021-05-03;13067;3941;0;0;4508;0;0;0;0;4022284;36538;3;0;171602;0;0;0;0
FR;3;2021-05-04;23122;8374;0;0;9441;0;0;0;0;4045406;44912;3;0;181043;0;0;0;0
FR;3;2021-05-05;18767;10829;0;0;11767;0;0;0;0;4064173;55741;3;0;192810;0;0;0;0
FR;3;2021-05-06;34632;21254;0;0;22804;0;0;0;0;4098805;76995;3;0;215614;0;0;0;0
FR;3;2021-05-07;44210;28900;0;0;31205;0;0;0;0;4143015;105895;3;0;246819;0;0;0;0
FR;3;2021-05-08;6786;9194;0;0;9560;0;0;0;0;4149801;115089;3;0;256379;0;0;0;0
FR;3;2021-05-09;1797;2663;0;0;2764;0;0;0;0;4151598;117752;3;0;259143;0;0;0;0
FR;3;2021-05-10;15001;12917;0;0;13610;0;0;0;0;4166599;130669;3;0;272753;0;0;0;0
FR;3;2021-05-11;27099;26273;0;0;27545;0;0;0;0;4193698;156942;3;0;300298;0;0;0;0
FR;3;2021-05-12;17273;28134;0;0;29072;0;0;0;0;4210971;185076;3;0;329370;0;0;0;0
FR;3;2021-05-13;2285;3515;0;0;3635;0;0;0;0;4213256;188591;3;0;333005;0;0;0;0
FR;3;2021-05-14;14521;26080;0;0;26861;0;0;0;0;4227777;214671;3;0;359866;0;0;0;0
FR;3;2021-05-15;7233;21082;0;0;21510;0;0;0;0;4235010;235753;3;0;381376;0;0;0;0
FR;3;2021-05-16;977;2647;0;0;2693;0;0;0;0;4235987;238400;3;0;384069;0;0;0;0
FR;3;2021-05-17;7967;20216;0;0;20660;0;0;0;0;4243954;258616;3;0;404729;0;0;0;0
FR;3;2021-05-18;13417;30153;0;0;30915;0;0;0;0;4257371;288769;3;0;435644;0;0;0;0
FR;3;2021-05-19;9277;30538;0;0;31130;0;0;0;0;4266648;319307;3;0;466774;0;0;0;0
FR;3;2021-05-20;12806;53820;3;0;54747;0;0;0;0;4279454;373127;6;0;521521;0;0;0;0
FR;3;2021-05-21;12770;66182;2;0;67113;0;0;0;0;4292224;439309;8;0;588634;0;0;0;0
FR;3;2021-05-22;4967;33773;1;0;34156;0;0;0;0;4297191;473082;9;0;622790;0;0;0;0
FR;3;2021-05-23;651;2664;0;0;2696;0;0;0;0;4297842;475746;9;0;625486;0;0;0;0
FR;3;2021-05-24;885;4784;0;0;4828;0;0;0;0;4298727;480530;9;0;630314;0;0;0;0
FR;3;2021-05-25;5314;46725;1;0;47129;0;0;0;0;4304041;527255;10;0;677443;0;0;0;0
FR;3;2021-05-26;4982;52183;1;0;52657;0;0;0;0;4309023;579438;11;0;730100;0;0;0;0
FR;3;2021-05-27;6336;79057;3;0;79668;0;0;0;0;4315359;658495;14;0;809768;0;0;0;0
FR;3;2021-05-28;7545;100330;2;0;101135;0;0;0;0;4322904;758825;16;0;910903;0;0;0;0
FR;3;2021-05-29;3349;61173;1;0;61555;0;0;0;0;4326253;819998;17;0;972458;0;0;0;0
FR;3;2021-05-30;551;8078;0;0;8127;0;0;0;0;4326804;828076;17;0;980585;0;0;0;0
FR;3;2021-05-31;2442;35479;3;0;35744;0;0;0;0;4329246;863555;20;0;1016329;0;0;0;0
FR;3;2021-06-01;3414;64901;10;0;65352;0;0;0;0;4332660;928456;30;0;1081681;0;0;0;0
FR;3;2021-06-02;2735;58931;6;0;59266;0;0;0;0;4335395;987387;36;0;1140947;0;0;0;0
FR;3;2021-06-03;3496;87196;10;0;87734;0;0;0;0;4338891;1074583;46;0;1228681;0;0;0;0
FR;3;2021-06-04;4125;105863;22;0;106528;0;0;0;0;4343016;1180446;68;0;1335209;0;0;0;0
FR;3;2021-06-05;1983;52603;4;0;52921;0;0;0;0;4344999;1233049;72;0;1388130;0;0;0;0
FR;3;2021-06-06;511;5268;1;0;5316;0;0;0;0;4345510;1238317;73;0;1393446;0;0;0;0
FR;3;2021-06-07;1487;30715;11;0;30896;0;0;0;0;4346997;1269032;84;0;1424342;0;0;0;0
FR;3;2021-06-08;2065;47421;18;0;47767;0;0;0;0;4349062;1316453;102;0;1472109;0;0;0;0
FR;3;2021-06-09;1796;41814;13;0;42119;0;0;0;0;4350858;1358267;115;0;1514228;0;0;0;0
FR;3;2021-06-10;2260;67658;17;0;68055;0;0;0;0;4353118;1425925;132;0;1582283;0;0;0;0
FR;3;2021-06-11;2492;96632;34;0;97106;0;0;0;0;4355610;1522557;166;0;1679389;0;0;0;0
FR;3;2021-06-12;1179;40560;6;0;40792;0;0;0;0;4356789;1563117;172;0;1720181;0;0;0;0
FR;3;2021-06-13;283;3606;3;0;3641;0;0;0;0;4357072;1566723;175;0;1723822;0;0;0;0
FR;3;2021-06-14;1051;42325;17;0;42494;0;0;0;0;4358123;1609048;192;0;1766316;0;0;0;0
FR;3;2021-06-15;1379;80353;20;0;80658;0;0;0;0;4359502;1689401;212;0;1846974;0;0;0;0
FR;3;2021-06-16;1263;65497;20;0;65770;0;0;0;0;4360765;1754898;232;0;1912744;0;0;0;0
FR;3;2021-06-17;1667;102298;41;0;102684;0;0;0;0;4362432;1857196;273;0;2015428;0;0;0;0
FR;3;2021-06-18;1872;118456;63;0;118926;0;0;0;0;4364304;1975652;336;0;2134354;0;0;0;0
FR;3;2021-06-19;804;39458;22;0;39653;0;0;0;0;4365108;2015110;358;0;2174007;0;0;0;0
FR;3;2021-06-20;162;3197;0;0;3226;0;0;0;0;4365270;2018307;358;0;2177233;0;0;0;0
FR;3;2021-06-21;774;39092;16;0;39250;0;0;0;0;4366044;2057399;374;0;2216483;0;0;0;0
FR;3;2021-06-22;1065;70092;52;0;70362;0;0;0;0;4367109;2127491;426;0;2286845;0;0;0;0
FR;3;2021-06-23;946;50831;39;0;51103;0;0;0;0;4368055;2178322;465;0;2337948;0;0;0;0
FR;3;2021-06-24;1314;77290;48;0;77663;0;0;0;0;4369369;2255612;513;0;2415611;0;0;0;0
FR;3;2021-06-25;1410;90845;73;0;91279;0;0;0;0;4370779;2346457;586;0;2506890;0;0;0;0
FR;3;2021-06-26;631;33115;29;0;33307;0;0;0;0;4371410;2379572;615;0;2540197;0;0;0;0
FR;3;2021-06-27;167;3780;1;0;3804;0;0;0;0;4371577;2383352;616;0;2544001;0;0;0;0
FR;3;2021-06-28;655;29942;27;0;30136;0;0;0;0;4372232;2413294;643;0;2574137;0;0;0;0
FR;3;2021-06-29;856;56649;95;0;56894;0;0;0;0;4373088;2469943;738;0;2631031;0;0;0;0
FR;3;2021-06-30;905;45214;93;0;45482;0;0;0;0;4373993;2515157;831;0;2676513;0;0;0;0
FR;3;2021-07-01;1164;66122;108;0;66471;0;0;0;0;4375157;2581279;939;0;2742984;0;0;0;0
FR;3;2021-07-02;1305;90524;170;0;91006;0;0;0;0;4376462;2671803;1109;0;2833990;0;0;0;0
FR;3;2021-07-03;602;31186;51;0;31387;0;0;0;0;4377064;2702989;1160;0;2865377;0;0;0;0
FR;3;2021-07-04;144;3967;3;0;3997;0;0;0;0;4377208;2706956;1163;0;2869374;0;0;0;0
FR;3;2021-07-05;613;33607;60;0;33807;0;0;0;0;4377821;2740563;1223;0;2903181;0;0;0;0
FR;3;2021-07-06;965;55928;88;0;56240;0;0;0;0;4378786;2796491;1311;0;2959421;0;0;0;0
FR;3;2021-07-07;874;42968;80;0;43265;0;0;0;0;4379660;2839459;1391;0;3002686;0;0;0;0
FR;3;2021-07-08;1127;60817;99;0;61227;0;0;0;0;4380787;2900276;1490;0;3063913;0;0;0;0
FR;3;2021-07-09;1261;68932;128;0;69397;0;0;0;0;4382048;2969208;1618;0;3133310;0;0;0;0
FR;3;2021-07-10;644;25019;59;0;25216;0;0;0;0;4382692;2994227;1677;0;3158526;0;0;0;0
FR;3;2021-07-11;132;3173;4;0;3198;0;0;0;0;4382824;2997400;1681;0;3161724;0;0;0;0
FR;3;2021-07-12;662;23605;59;0;23818;0;0;0;0;4383486;3021005;1740;0;3185542;0;0;0;0
FR;3;2021-07-13;1648;34428;90;0;34918;0;0;0;0;4385134;3055433;1830;0;3220460;0;0;0;0
FR;3;2021-07-14;272;2473;2;0;2530;0;0;0;0;4385406;3057906;1832;0;3222990;0;0;0;0
FR;3;2021-07-15;1941;30418;85;0;30993;0;0;0;0;4387347;3088324;1917;0;3253983;0;0;0;0
FR;3;2021-07-16;2520;38620;122;0;39354;0;0;0;0;4389867;3126944;2039;0;3293337;0;0;0;0
FR;3;2021-07-17;1051;13724;26;0;14032;0;0;0;0;4390918;3140668;2065;0;3307369;0;0;0;0
FR;3;2021-07-18;266;2552;3;0;2600;0;0;0;0;4391184;3143220;2068;0;3309969;0;0;0;0
FR;3;2021-07-19;1280;16886;38;0;17254;0;0;0;0;4392464;3160106;2106;0;3327223;0;0;0;0
FR;3;2021-07-20;1823;26930;98;0;27472;0;0;0;0;4394287;3187036;2204;0;3354695;0;0;0;0
FR;3;2021-07-21;1652;19479;44;0;19984;0;0;0;0;4395939;3206515;2248;0;3374679;0;0;0;0
FR;3;2021-07-22;1856;27646;83;0;28211;0;0;0;0;4397795;3234161;2331;0;3402890;0;0;0;0
FR;3;2021-07-23;2217;30214;117;0;30951;0;0;0;0;4400012;3264375;2448;0;3433841;0;0;0;0
FR;3;2021-07-24;828;6931;25;0;7154;0;0;0;0;4400840;3271306;2473;0;3440995;0;0;0;0
FR;3;2021-07-25;210;1287;1;0;1342;0;0;0;0;4401050;3272593;2474;0;3442337;0;0;0;0
FR;3;2021-07-26;933;10508;28;0;10816;0;0;0;0;4401983;3283101;2502;0;3453153;0;0;0;0
FR;3;2021-07-27;1171;16802;56;0;17165;0;0;0;0;4403154;3299903;2558;0;3470318;0;0;0;0
FR;3;2021-07-28;989;12001;40;0;12313;0;0;0;0;4404143;3311904;2598;0;3482631;0;0;0;0
FR;3;2021-07-29;1127;15684;63;0;16097;0;0;0;0;4405270;3327588;2661;0;3498728;0;0;0;0
FR;3;2021-07-30;1129;17990;79;0;18364;0;0;0;0;4406399;3345578;2740;0;3517092;0;0;0;0
FR;3;2021-07-31;407;3707;15;0;3833;0;0;0;0;4406806;3349285;2755;0;3520925;0;0;0;0
FR;3;2021-08-01;117;446;1;0;468;0;0;0;0;4406923;3349731;2756;0;3521393;0;0;0;0
FR;3;2021-08-02;424;5017;22;0;5138;0;0;0;0;4407347;3354748;2778;0;3526531;0;0;0;0
FR;3;2021-08-03;498;7469;27;0;7603;0;0;0;0;4407845;3362217;2805;0;3534134;0;0;0;0
FR;3;2021-08-04;440;4833;26;0;4978;0;0;0;0;4408285;3367050;2831;0;3539112;0;0;0;0
FR;3;2021-08-05;433;3654;13;0;3764;0;0;0;0;4408718;3370704;2844;0;3542876;0;0;0;0
FR;3;2021-08-06;456;4698;30;0;4799;0;0;0;0;4409174;3375402;2874;0;3547675;0;0;0;0
FR;3;2021-08-07;214;1900;11;0;1946;0;0;0;0;4409388;3377302;2885;0;3549621;0;0;0;0
FR;3;2021-08-08;250;424;2;0;457;0;0;0;0;4409638;3377726;2887;0;3550078;0;0;0;0
FR;3;2021-08-09;320;2375;11;0;2445;0;0;0;0;4409958;3380101;2898;0;3552523;0;0;0;0
FR;3;2021-08-10;369;3739;15;0;3827;0;0;0;0;4410327;3383840;2913;0;3556350;0;0;0;0
FR;3;2021-08-11;291;2640;15;0;2700;0;0;0;0;4410618;3386480;2928;0;3559050;0;0;0;0
FR;3;2021-08-12;279;2562;13;0;2650;0;0;0;0;4410897;3389042;2941;0;3561700;0;0;0;0
FR;3;2021-08-13;278;2254;16;0;2339;0;0;0;0;4411175;3391296;2957;0;3564039;0;0;0;0
FR;3;2021-08-14;172;874;1;0;905;0;0;0;0;4411347;3392170;2958;0;3564944;0;0;0;0
FR;3;2021-08-15;56;174;0;0;183;0;0;0;0;4411403;3392344;2958;0;3565127;0;0;0;0
FR;3;2021-08-16;126;1005;8;0;1044;0;0;0;0;4411529;3393349;2966;0;3566171;0;0;0;0
FR;3;2021-08-17;191;1429;8;0;1470;0;0;0;0;4411720;3394778;2974;0;3567641;0;0;0;0
FR;3;2021-08-18;204;1310;10;0;1352;0;0;0;0;4411924;3396088;2984;0;3568993;0;0;0;0
FR;3;2021-08-19;165;1375;10;0;1422;0;0;0;0;4412089;3397463;2994;0;3570415;0;0;0;0
FR;3;2021-08-20;167;1594;16;0;1656;0;0;0;0;4412256;3399057;3010;0;3572071;0;0;0;0
FR;3;2021-08-21;94;579;2;0;594;0;0;0;0;4412350;3399636;3012;0;3572665;0;0;0;0
FR;3;2021-08-22;42;192;1;0;195;0;0;0;0;4412392;3399828;3013;0;3572860;0;0;0;0
FR;3;2021-08-23;141;884;7;0;929;0;0;0;0;4412533;3400712;3020;0;3573789;0;0;0;0
FR;3;2021-08-24;125;925;10;0;957;0;0;0;0;4412658;3401637;3030;0;3574746;0;0;0;0
FR;3;2021-08-25;137;820;3;0;849;0;0;0;0;4412795;3402457;3033;0;3575595;0;0;0;0
FR;3;2021-08-26;172;824;9;0;872;0;0;0;0;4412967;3403281;3042;0;3576467;0;0;0;0
FR;3;2021-08-27;178;937;9;0;989;0;0;0;0;4413145;3404218;3051;0;3577456;0;0;0;0
FR;3;2021-08-28;101;373;4;0;390;0;0;0;0;4413246;3404591;3055;0;3577846;0;0;0;0
FR;3;2021-08-29;128;129;1;0;162;0;0;0;0;4413374;3404720;3056;0;3578008;0;0;0;0
FR;3;2021-08-30;100;559;0;0;469;107;0;0;0;4413474;3405279;3056;0;3578477;107;0;0;0
FR;3;2021-08-31;134;684;7;0;588;135;0;0;0;4413608;3405963;3063;0;3579065;242;0;0;0
FR;3;2021-09-01;122;456;5;0;378;106;0;0;0;4413730;3406419;3068;0;3579443;348;0;0;0
FR;3;2021-09-02;100;595;22;0;531;105;0;0;0;4413830;3407014;3090;0;3579974;453;0;0;0
FR;3;2021-09-03;116;554;17;0;478;117;0;0;0;4413946;3407568;3107;0;3580452;570;0;0;0
FR;3;2021-09-04;55;295;3;0;256;50;0;0;0;4414001;3407863;3110;0;3580708;620;0;0;0
FR;3;2021-09-05;52;67;5;0;55;27;0;0;0;4414053;3407930;3115;0;3580763;647;0;0;0
FR;3;2021-09-06;118;367;4;0;261;130;0;0;0;4414171;3408297;3119;0;3581024;777;0;0;0
FR;3;2021-09-07;124;431;14;0;347;116;0;0;0;4414295;3408728;3133;0;3581371;893;0;0;0
FR;3;2021-09-08;122;342;2;0;272;87;0;0;0;4414417;3409070;3135;0;3581643;980;0;0;0
FR;3;2021-09-09;94;378;8;0;297;104;0;0;0;4414511;3409448;3143;0;3581940;1084;0;0;0
FR;3;2021-09-10;101;401;3;0;331;93;0;0;0;4414612;3409849;3146;0;3582271;1177;0;0;0
FR;3;2021-09-11;78;232;4;0;177;65;0;0;0;4414690;3410081;3150;0;3582448;1242;0;0;0
FR;3;2021-09-12;37;48;1;0;37;16;0;0;0;4414727;3410129;3151;0;3582485;1258;0;0;0
FR;3;2021-09-13;78;298;7;0;215;102;1;0;0;4414805;3410427;3158;0;3582700;1360;1;0;0
FR;3;2021-09-14;75;273;6;0;193;94;0;0;0;4414880;3410700;3164;0;3582893;1454;1;0;0
FR;3;2021-09-15;63;252;3;0;257;6;0;0;0;4414943;3410952;3167;0;3583150;1460;1;0;0
FR;3;2021-09-16;65;320;6;0;331;6;0;0;0;4415008;3411272;3173;0;3583481;1466;1;0;0
FR;3;2021-09-17;52;327;3;0;339;6;0;0;0;4415060;3411599;3176;0;3583820;1472;1;0;0
FR;3;2021-09-18;37;172;1;0;176;1;0;0;0;4415097;3411771;3177;0;3583996;1473;1;0;0
FR;3;2021-09-19;29;31;2;0;34;1;0;0;0;4415126;3411802;3179;0;3584030;1474;1;0;0
FR;3;2021-09-20;82;188;0;0;196;1;0;0;0;4415208;3411990;3179;0;3584226;1475;1;0;0
FR;3;2021-09-21;60;273;7;0;277;8;0;0;0;4415268;3412263;3186;0;3584503;1483;1;0;0
FR;3;2021-09-22;67;229;6;0;242;7;0;0;0;4415335;3412492;3192;0;3584745;1490;1;0;0
FR;3;2021-09-23;37;257;11;0;261;7;0;0;0;4415372;3412749;3203;0;3585006;1497;1;0;0
FR;3;2021-09-24;29;316;12;0;314;18;0;0;0;4415401;3413065;3215;0;3585320;1515;1;0;0
FR;3;2021-09-25;31;144;3;0;150;3;0;0;0;4415432;3413209;3218;0;3585470;1518;1;0;0
FR;3;2021-09-26;16;57;1;0;59;1;0;0;0;4415448;3413266;3219;0;3585529;1519;1;0;0
FR;3;2021-09-27;48;281;3;0;284;5;0;0;0;4415496;3413547;3222;0;3585813;1524;1;0;0
FR;3;2021-09-28;49;245;6;0;253;8;0;0;0;4415545;3413792;3228;0;3586066;1532;1;0;0
FR;3;2021-09-29;40;217;10;0;221;15;0;0;0;4415585;3414009;3238;0;3586287;1547;1;0;0
FR;3;2021-09-30;40;200;8;0;204;11;0;0;0;4415625;3414209;3246;0;3586491;1558;1;0;0
FR;3;2021-10-01;23;159;6;0;161;8;0;0;0;4415648;3414368;3252;0;3586652;1566;1;0;0
FR;3;2021-10-02;17;88;0;0;89;0;0;0;0;4415665;3414456;3252;0;3586741;1566;1;0;0
FR;3;2021-10-03;19;19;1;0;19;2;0;0;0;4415684;3414475;3253;0;3586760;1568;1;0;0
FR;3;2021-10-04;33;157;4;0;162;4;0;0;0;4415717;3414632;3257;0;3586922;1572;1;0;0
FR;3;2021-10-05;17;148;10;0;153;12;0;0;0;4415734;3414780;3267;0;3587075;1584;1;0;0
FR;3;2021-10-06;33;144;9;0;152;10;0;0;0;4415767;3414924;3276;0;3587227;1594;1;0;0
FR;3;2021-10-07;20;132;6;0;130;6;0;0;0;4415787;3415056;3282;0;3587357;1600;1;0;0
FR;3;2021-10-08;25;136;10;0;141;9;0;0;0;4415812;3415192;3292;0;3587498;1609;1;0;0
FR;3;2021-10-09;17;72;1;0;73;1;0;0;0;4415829;3415264;3293;0;3587571;1610;1;0;0
FR;3;2021-10-10;13;17;2;0;16;3;0;0;0;4415842;3415281;3295;0;3587587;1613;1;0;0
FR;3;2021-10-11;17;116;4;0;121;5;0;0;0;4415859;3415397;3299;0;3587708;1618;1;0;0
FR;3;2021-10-12;22;99;6;0;99;6;0;0;0;4415881;3415496;3305;0;3587807;1624;1;0;0
FR;3;2021-10-13;25;114;9;0;121;7;0;0;0;4415906;3415610;3314;0;3587928;1631;1;0;0
FR;3;2021-10-14;19;138;3;0;139;4;0;0;0;4415925;3415748;3317;0;3588067;1635;1;0;0
FR;3;2021-10-15;23;141;8;0;140;13;0;0;0;4415948;3415889;3325;0;3588207;1648;1;0;0
FR;3;2021-10-16;13;66;6;0;65;8;0;0;0;4415961;3415955;3331;0;3588272;1656;1;0;0
FR;3;2021-10-17;12;24;0;0;26;0;0;0;0;4415973;3415979;3331;0;3588298;1656;1;0;0
FR;3;2021-10-18;18;112;2;0;117;2;0;0;0;4415991;3416091;3333;0;3588415;1658;1;0;0
FR;3;2021-10-19;18;111;19;0;112;21;0;0;0;4416009;3416202;3352;0;3588527;1679;1;0;0
FR;3;2021-10-20;26;125;6;0;127;7;0;0;0;4416035;3416327;3358;0;3588654;1686;1;0;0
FR;3;2021-10-21;28;120;17;0;120;13;0;0;0;4416063;3416447;3375;0;3588774;1699;1;0;0
FR;3;2021-10-22;25;103;18;0;102;21;0;0;0;4416088;3416550;3393;0;3588876;1720;1;0;0
FR;3;2021-10-23;17;53;3;0;53;2;0;0;0;4416105;3416603;3396;0;3588929;1722;1;0;0
FR;3;2021-10-24;7;36;0;0;34;0;0;0;0;4416112;3416639;3396;0;3588963;1722;1;0;0
FR;3;2021-10-25;27;141;7;0;145;7;0;0;0;4416139;3416780;3403;0;3589108;1729;1;0;0
FR;3;2021-10-26;25;96;22;0;93;19;0;0;0;4416164;3416876;3425;0;3589201;1748;1;0;0
FR;3;2021-10-27;19;91;9;0;93;9;0;0;0;4416183;3416967;3434;0;3589294;1757;1;0;0
FR;3;2021-10-28;23;114;33;0;111;36;0;0;0;4416206;3417081;3467;0;3589405;1793;1;0;0
FR;3;2021-10-29;12;98;64;0;92;54;0;0;0;4416218;3417179;3531;0;3589497;1847;1;0;0
FR;3;2021-10-30;11;62;11;1;62;10;0;0;0;4416229;3417241;3542;1;3589559;1857;1;0;0
FR;3;2021-10-31;8;25;1;0;25;1;0;0;0;4416237;3417266;3543;1;3589584;1858;1;0;0
FR;3;2021-11-01;11;22;2;0;23;1;0;0;0;4416248;3417288;3545;1;3589607;1859;1;0;0
FR;3;2021-11-02;11;100;10;0;100;12;0;0;0;4416259;3417388;3555;1;3589707;1871;1;0;0
FR;3;2021-11-03;22;105;10;0;113;10;0;0;0;4416281;3417493;3565;1;3589820;1881;1;0;0
FR;3;2021-11-04;20;88;6;0;93;5;0;0;0;4416301;3417581;3571;1;3589913;1886;1;0;0
FR;3;2021-11-05;19;119;9;1;125;6;1;0;0;4416320;3417700;3580;2;3590038;1892;2;0;0
FR;3;2021-11-06;11;54;3;0;56;3;0;0;0;4416331;3417754;3583;2;3590094;1895;2;0;0
FR;3;2021-11-07;6;23;1;0;24;1;0;0;0;4416337;3417777;3584;2;3590118;1896;2;0;0
FR;3;2021-11-08;11;125;7;0;130;5;0;0;0;4416348;3417902;3591;2;3590248;1901;2;0;0
FR;3;2021-11-09;15;123;6;0;125;6;0;0;0;4416363;3418025;3597;2;3590373;1907;2;0;0
FR;3;2021-11-10;14;131;15;0;129;16;0;0;0;4416377;3418156;3612;2;3590502;1923;2;0;0
FR;3;2021-11-11;12;49;3;0;51;3;0;0;0;4416389;3418205;3615;2;3590553;1926;2;0;0
FR;3;2021-11-12;15;125;6;0;128;4;0;0;0;4416404;3418330;3621;2;3590681;1930;2;0;0
FR;3;2021-11-13;7;66;9;0;61;10;0;0;0;4416411;3418396;3630;2;3590742;1940;2;0;0
FR;3;2021-11-14;3;24;1;0;24;1;0;0;0;4416414;3418420;3631;2;3590766;1941;2;0;0
FR;3;2021-11-15;6;162;11;0;159;12;0;0;0;4416420;3418582;3642;2;3590925;1953;2;0;0
FR;3;2021-11-16;9;124;11;0;119;10;0;0;0;4416429;3418706;3653;2;3591044;1963;2;0;0
FR;3;2021-11-17;8;133;11;0;134;8;0;0;0;4416437;3418839;3664;2;3591178;1971;2;0;0
FR;3;2021-11-18;16;131;10;0;132;11;0;0;0;4416453;3418970;3674;2;3591310;1982;2;0;0
FR;3;2021-11-19;12;178;23;0;173;28;0;0;0;4416465;3419148;3697;2;3591483;2010;2;0;0
FR;3;2021-11-20;6;101;6;0;102;6;0;0;0;4416471;3419249;3703;2;3591585;2016;2;0;0
FR;3;2021-11-21;3;25;4;0;24;4;0;0;0;4416474;3419274;3707;2;3591609;2020;2;0;0
FR;3;2021-11-22;11;183;11;0;183;11;0;0;0;4416485;3419457;3718;2;3591792;2031;2;0;0
FR;3;2021-11-23;9;181;16;0;179;15;0;0;0;4416494;3419638;3734;2;3591971;2046;2;0;0
FR;3;2021-11-24;11;181;9;0;173;17;0;0;0;4416505;3419819;3743;2;3592144;2063;2;0;0
FR;3;2021-11-25;12;198;11;0;196;11;0;0;0;4416517;3420017;3754;2;3592340;2074;2;0;0
FR;3;2021-11-26;10;251;35;0;250;33;1;0;0;4416527;3420268;3789;2;3592590;2107;3;0;0
FR;3;2021-11-27;8;125;20;0;124;21;0;0;0;4416535;3420393;3809;2;3592714;2128;3;0;0
FR;3;2021-11-28;3;56;7;0;57;7;0;0;0;4416538;3420449;3816;2;3592771;2135;3;0;0
FR;3;2021-11-29;5;215;22;0;210;23;1;0;0;4416543;3420664;3838;2;3592981;2158;4;0;0
FR;3;2021-11-30;9;284;30;0;283;33;0;0;0;4416552;3420948;3868;2;3593264;2191;4;0;0
FR;3;2021-12-01;30;316;38;0;314;40;2;0;0;4416582;3421264;3906;2;3593578;2231;6;0;0
FR;3;2021-12-02;9;338;33;0;334;36;0;0;0;4416591;3421602;3939;2;3593912;2267;6;0;0
FR;3;2021-12-03;6;364;37;0;360;38;0;0;0;4416597;3421966;3976;2;3594272;2305;6;0;0
FR;3;2021-12-04;3;203;26;0;199;28;0;0;0;4416600;3422169;4002;2;3594471;2333;6;0;0
FR;3;2021-12-05;1;61;5;0;61;5;0;0;0;4416601;3422230;4007;2;3594532;2338;6;0;0
FR;3;2021-12-06;7;353;14;0;352;15;0;0;0;4416608;3422583;4021;2;3594884;2353;6;0;0
FR;3;2021-12-07;6;413;20;0;407;24;1;0;0;4416614;3422996;4041;2;3595291;2377;7;0;0
FR;3;2021-12-08;8;379;29;0;371;30;1;0;0;4416622;3423375;4070;2;3595662;2407;8;0;0
FR;3;2021-12-09;3;425;17;0;412;22;1;0;0;4416625;3423800;4087;2;3596074;2429;9;0;0
FR;3;2021-12-10;10;443;29;0;440;25;0;0;0;4416635;3424243;4116;2;3596514;2454;9;0;0
FR;3;2021-12-11;4;300;10;0;297;9;2;0;0;4416639;3424543;4126;2;3596811;2463;11;0;0
FR;3;2021-12-12;1;96;3;0;96;3;0;0;0;4416640;3424639;4129;2;3596907;2466;11;0;0
FR;3;2021-12-13;2;436;19;0;430;21;0;0;0;4416642;3425075;4148;2;3597337;2487;11;0;0
FR;3;2021-12-14;8;551;18;0;539;21;1;0;0;4416650;3425626;4166;2;3597876;2508;12;0;0
FR;3;2021-12-15;10;524;17;0;511;21;0;0;0;4416660;3426150;4183;2;3598387;2529;12;0;0
FR;3;2021-12-16;10;530;19;0;524;18;3;0;0;4416670;3426680;4202;2;3598911;2547;15;0;0
FR;3;2021-12-17;5;595;18;0;591;19;0;0;0;4416675;3427275;4220;2;3599502;2566;15;0;0
FR;3;2021-12-18;5;346;4;0;340;5;1;0;0;4416680;3427621;4224;2;3599842;2571;16;0;0
FR;3;2021-12-19;3;176;2;0;174;2;0;0;0;4416683;3427797;4226;2;3600016;2573;16;0;0
FR;3;2021-12-20;10;567;23;0;561;28;0;0;0;4416693;3428364;4249;2;3600577;2601;16;0;0
FR;3;2021-12-21;5;665;10;0;657;13;2;0;0;4416698;3429029;4259;2;3601234;2614;18;0;0
FR;3;2021-12-22;10;614;9;0;608;10;1;0;0;4416708;3429643;4268;2;3601842;2624;19;0;0
FR;3;2021-12-23;4;541;8;0;539;8;0;0;0;4416712;3430184;4276;2;3602381;2632;19;0;0
FR;3;2021-12-24;2;233;3;0;228;6;0;0;0;4416714;3430417;4279;2;3602609;2638;19;0;0
FR;3;2021-12-25;0;24;0;0;24;0;0;0;0;4416714;3430441;4279;2;3602633;2638;19;0;0
FR;3;2021-12-26;0;87;1;0;87;1;0;0;0;4416714;3430528;4280;2;3602720;2639;19;0;0
FR;3;2021-12-27;7;458;17;0;455;20;1;0;0;4416721;3430986;4297;2;3603175;2659;20;0;0
FR;3;2021-12-28;3;576;6;0;575;5;0;0;0;4416724;3431562;4303;2;3603750;2664;20;0;0
FR;3;2021-12-29;5;491;14;0;486;16;0;0;0;4416729;3432053;4317;2;3604236;2680;20;0;0
FR;3;2021-12-30;3;519;7;0;512;10;2;0;0;4416732;3432572;4324;2;3604748;2690;22;0;0
FR;3;2021-12-31;0;182;5;0;178;7;0;0;0;4416732;3432754;4329;2;3604926;2697;22;0;0
FR;3;2022-01-01;0;26;0;0;24;2;0;0;0;4416732;3432780;4329;2;3604950;2699;22;0;0
FR;3;2022-01-02;0;77;0;0;77;0;0;0;0;4416732;3432857;4329;2;3605027;2699;22;0;0
FR;3;2022-01-03;5;490;17;0;480;21;3;0;0;4416737;3433347;4346;2;3605507;2720;25;0;0
FR;3;2022-01-04;7;540;9;0;539;8;0;0;0;4416744;3433887;4355;2;3606046;2728;25;0;0
FR;3;2022-01-05;5;491;10;0;483;14;1;0;0;4416749;3434378;4365;2;3606529;2742;26;0;0
FR;3;2022-01-06;6;464;9;0;459;10;1;0;0;4416755;3434842;4374;2;3606988;2752;27;0;0
FR;3;2022-01-07;2;490;11;0;484;13;1;0;1;4416757;3435332;4385;2;3607472;2765;28;0;1
FR;3;2022-01-08;6;251;4;0;248;5;0;0;0;4416763;3435583;4389;2;3607720;2770;28;0;1
FR;3;2022-01-09;0;116;0;0;116;0;0;0;0;4416763;3435699;4389;2;3607836;2770;28;0;1
FR;3;2022-01-10;2;422;12;0;420;12;0;0;0;4416765;3436121;4401;2;3608256;2782;28;0;1
FR;3;2022-01-11;3;457;1;0;456;1;0;0;0;4416768;3436578;4402;2;3608712;2783;28;0;1
FR;3;2022-01-12;4;395;9;0;392;10;2;0;0;4416772;3436973;4411;2;3609104;2793;30;0;1
FR;3;2022-01-13;3;384;11;0;382;12;1;0;0;4416775;3437357;4422;2;3609486;2805;31;0;1
FR;3;2022-01-14;4;421;10;0;415;13;1;0;0;4416779;3437778;4432;2;3609901;2818;32;0;1
FR;3;2022-01-15;0;276;2;0;272;3;0;0;0;4416779;3438054;4434;2;3610173;2821;32;0;1
FR;3;2022-01-16;1;108;1;0;106;1;1;0;0;4416780;3438162;4435;2;3610279;2822;33;0;1
FR;3;2022-01-17;2;320;8;0;317;9;1;0;0;4416782;3438482;4443;2;3610596;2831;34;0;1
FR;3;2022-01-18;2;361;1;0;357;2;1;0;0;4416784;3438843;4444;2;3610953;2833;35;0;1
FR;3;2022-01-19;2;322;5;0;316;10;0;0;0;4416786;3439165;4449;2;3611269;2843;35;0;1
FR;3;2022-01-20;1;351;5;0;350;3;2;0;0;4416787;3439516;4454;2;3611619;2846;37;0;1
FR;3;2022-01-21;4;339;5;0;333;7;2;0;0;4416791;3439855;4459;2;3611952;2853;39;0;1
FR;3;2022-01-22;2;219;1;0;215;2;3;0;0;4416793;3440074;4460;2;3612167;2855;42;0;1
FR;3;2022-01-23;0;77;0;0;75;1;1;0;0;4416793;3440151;4460;2;3612242;2856;43;0;1
FR;3;2022-01-24;2;317;1;0;309;6;2;0;0;4416795;3440468;4461;2;3612551;2862;45;0;1
FR;3;2022-01-25;0;172;0;0;169;0;1;0;0;4416795;3440640;4461;2;3612720;2862;46;0;1
FR;3;2022-01-26;0;77;0;0;77;0;0;0;0;4416795;3440717;4461;2;3612797;2862;46;0;1
FR;3;2022-01-27;0;52;0;0;52;0;0;0;0;4416795;3440769;4461;2;3612849;2862;46;0;1
FR;3;2022-01-28;0;115;0;0;114;0;0;0;0;4416795;3440884;4461;2;3612963;2862;46;0;1
FR;3;2022-01-29;0;97;0;0;97;0;0;0;0;4416795;3440981;4461;2;3613060;2862;46;0;1
FR;3;2022-01-30;0;50;0;0;50;0;0;0;0;4416795;3441031;4461;2;3613110;2862;46;0;1
FR;3;2022-01-31;0;91;0;0;91;0;0;0;0;4416795;3441122;4461;2;3613201;2862;46;0;1
FR;3;2022-02-01;0;98;0;0;96;1;0;0;0;4416795;3441220;4461;2;3613297;2863;46;0;1
FR;3;2022-02-02;0;85;0;0;83;0;0;0;0;4416795;3441305;4461;2;3613380;2863;46;0;1
FR;3;2022-02-03;0;91;0;0;89;0;0;0;0;4416795;3441396;4461;2;3613469;2863;46;0;1
FR;3;2022-02-04;0;113;0;0;110;0;1;0;0;4416795;3441509;4461;2;3613579;2863;47;0;1
FR;3;2022-02-05;0;70;0;0;70;0;0;0;0;4416795;3441579;4461;2;3613649;2863;47;0;1
FR;3;2022-02-06;0;10;0;0;10;0;0;0;0;4416795;3441589;4461;2;3613659;2863;47;0;1
FR;3;2022-02-07;0;76;0;0;76;0;0;0;0;4416795;3441665;4461;2;3613735;2863;47;0;1
FR;3;2022-02-08;0;0;0;0;0;0;0;0;0;4416795;3441665;4461;2;3613735;2863;47;0;1
FR;3;2022-02-09;0;0;0;0;0;0;0;0;0;4416795;3441665;4461;2;3613735;2863;47;0;1
FR;3;2022-02-10;0;0;0;0;0;0;0;0;0;4416795;3441665;4461;2;3613735;2863;47;0;1
FR;3;2022-02-11;0;0;0;0;0;0;0;0;0;4416795;3441665;4461;2;3613735;2863;47;0;1
FR;3;2022-02-12;0;0;0;0;0;0;0;0;0;4416795;3441665;4461;2;3613735;2863;47;0;1
FR;3;2022-02-13;0;0;0;0;0;0;0;0;0;4416795;3441665;4461;2;3613735;2863;47;0;1
FR;3;2022-02-14;0;0;0;0;0;0;0;0;0;4416795;3441665;4461;2;3613735;2863;47;0;1
FR;3;2022-02-15;0;0;0;0;0;0;0;0;0;4416795;3441665;4461;2;3613735;2863;47;0;1
FR;3;2022-02-16;0;0;0;0;0;0;0;0;0;4416795;3441665;4461;2;3613735;2863;47;0;1
FR;3;2022-02-17;0;0;0;0;0;0;0;0;0;4416795;3441665;4461;2;3613735;2863;47;0;1
FR;3;2022-02-18;0;0;0;0;0;0;0;0;0;4416795;3441665;4461;2;3613735;2863;47;0;1
FR;3;2022-02-19;0;0;0;0;0;0;0;0;0;4416795;3441665;4461;2;3613735;2863;47;0;1
FR;3;2022-02-20;0;0;0;0;0;0;0;0;0;4416795;3441665;4461;2;3613735;2863;47;0;1
FR;3;2022-02-21;2;0;0;0;0;0;0;0;0;4416797;3441665;4461;2;3613735;2863;47;0;1
FR;3;2022-02-22;0;0;0;0;0;0;0;0;0;4416797;3441665;4461;2;3613735;2863;47;0;1
FR;3;2022-02-23;0;0;0;0;0;0;0;0;0;4416797;3441665;4461;2;3613735;2863;47;0;1
FR;3;2022-02-24;0;0;0;0;0;0;0;0;0;4416797;3441665;4461;2;3613735;2863;47;0;1
FR;3;2022-02-25;0;0;0;0;0;0;0;0;0;4416797;3441665;4461;2;3613735;2863;47;0;1
FR;3;2022-02-26;0;0;0;0;0;0;0;0;0;4416797;3441665;4461;2;3613735;2863;47;0;1
FR;3;2022-02-27;0;0;0;0;0;0;0;0;0;4416797;3441665;4461;2;3613735;2863;47;0;1
FR;3;2022-02-28;1;0;0;0;0;0;0;0;0;4416798;3441665;4461;2;3613735;2863;47;0;1
FR;3;2022-03-01;1;0;0;0;0;0;0;0;0;4416799;3441665;4461;2;3613735;2863;47;0;1
FR;3;2022-03-02;0;0;0;0;0;0;0;0;0;4416799;3441665;4461;2;3613735;2863;47;0;1
FR;3;2022-03-03;0;0;0;0;0;0;0;0;0;4416799;3441665;4461;2;3613735;2863;47;0;1
FR;3;2022-03-04;0;0;0;0;0;0;0;0;0;4416799;3441665;4461;2;3613735;2863;47;0;1
FR;3;2022-03-05;0;0;0;0;0;0;0;0;0;4416799;3441665;4461;2;3613735;2863;47;0;1
FR;3;2022-03-06;1;0;0;0;0;0;0;0;0;4416800;3441665;4461;2;3613735;2863;47;0;1
FR;3;2022-03-07;0;0;0;0;0;0;0;0;0;4416800;3441665;4461;2;3613735;2863;47;0;1
FR;3;2022-03-08;1;0;0;0;0;0;0;0;0;4416801;3441665;4461;2;3613735;2863;47;0;1
FR;3;2022-03-09;0;0;0;0;0;0;0;0;0;4416801;3441665;4461;2;3613735;2863;47;0;1
FR;3;2022-03-10;0;0;0;0;0;0;0;0;0;4416801;3441665;4461;2;3613735;2863;47;0;1
FR;3;2022-03-11;0;0;0;0;0;0;0;0;0;4416801;3441665;4461;2;3613735;2863;47;0;1
FR;3;2022-03-12;0;0;0;0;0;0;0;0;0;4416801;3441665;4461;2;3613735;2863;47;0;1
FR;3;2022-03-13;0;0;0;0;0;0;0;0;0;4416801;3441665;4461;2;3613735;2863;47;0;1
FR;3;2022-03-14;0;0;0;0;0;0;0;0;0;4416801;3441665;4461;2;3613735;2863;47;0;1
FR;3;2022-03-15;0;0;0;0;0;0;0;0;0;4416801;3441665;4461;2;3613735;2863;47;0;1
FR;3;2022-03-16;0;0;0;0;0;0;0;0;0;4416801;3441665;4461;2;3613735;2863;47;0;1
FR;3;2022-03-17;0;0;0;0;0;0;0;0;0;4416801;3441665;4461;2;3613735;2863;47;0;1
FR;3;2022-03-18;0;0;0;0;0;0;0;0;0;4416801;3441665;4461;2;3613735;2863;47;0;1
FR;3;2022-03-19;0;0;0;0;0;0;0;0;0;4416801;3441665;4461;2;3613735;2863;47;0;1
FR;3;2022-03-20;1;0;0;0;0;0;0;0;0;4416802;3441665;4461;2;3613735;2863;47;0;1
FR;3;2022-03-21;0;0;0;0;0;0;0;0;0;4416802;3441665;4461;2;3613735;2863;47;0;1
FR;3;2022-03-22;0;0;0;0;0;0;0;0;0;4416802;3441665;4461;2;3613735;2863;47;0;1
FR;3;2022-03-23;1;0;0;0;0;0;0;0;0;4416803;3441665;4461;2;3613735;2863;47;0;1
FR;3;2022-03-24;0;0;0;0;0;0;0;0;0;4416803;3441665;4461;2;3613735;2863;47;0;1
FR;3;2022-03-25;1;0;0;0;0;0;0;0;0;4416804;3441665;4461;2;3613735;2863;47;0;1
FR;3;2022-03-26;0;0;0;0;0;0;0;0;0;4416804;3441665;4461;2;3613735;2863;47;0;1
FR;3;2022-03-27;0;0;0;0;0;0;0;0;0;4416804;3441665;4461;2;3613735;2863;47;0;1
FR;3;2022-03-28;0;0;0;0;0;0;0;0;0;4416804;3441665;4461;2;3613735;2863;47;0;1
FR;3;2022-03-29;0;0;0;0;0;0;0;0;0;4416804;3441665;4461;2;3613735;2863;47;0;1
FR;3;2022-03-30;0;0;0;0;0;0;0;0;0;4416804;3441665;4461;2;3613735;2863;47;0;1
FR;3;2022-03-31;0;0;0;0;0;0;0;0;0;4416804;3441665;4461;2;3613735;2863;47;0;1
FR;3;2022-04-01;0;0;0;0;0;0;0;0;0;4416804;3441665;4461;2;3613735;2863;47;0;1
FR;3;2022-04-02;0;0;0;0;0;0;0;0;0;4416804;3441665;4461;2;3613735;2863;47;0;1
FR;3;2022-04-03;0;0;0;0;0;0;0;0;0;4416804;3441665;4461;2;3613735;2863;47;0;1
FR;3;2022-04-04;0;0;0;0;0;0;0;0;0;4416804;3441665;4461;2;3613735;2863;47;0;1
FR;3;2022-04-05;0;0;0;0;0;0;0;0;0;4416804;3441665;4461;2;3613735;2863;47;0;1
FR;3;2022-04-06;0;0;0;0;0;0;0;0;0;4416804;3441665;4461;2;3613735;2863;47;0;1
FR;3;2022-04-07;0;0;0;0;0;0;0;0;0;4416804;3441665;4461;2;3613735;2863;47;0;1
FR;3;2022-04-08;0;0;0;0;0;0;0;0;0;4416804;3441665;4461;2;3613735;2863;47;0;1
FR;3;2022-04-09;0;0;0;0;0;0;0;0;0;4416804;3441665;4461;2;3613735;2863;47;0;1
FR;3;2022-04-10;0;0;0;0;0;0;0;0;0;4416804;3441665;4461;2;3613735;2863;47;0;1
FR;3;2022-04-11;0;0;0;0;0;0;0;0;0;4416804;3441665;4461;2;3613735;2863;47;0;1
FR;3;2022-04-12;0;0;0;0;0;0;0;0;0;4416804;3441665;4461;2;3613735;2863;47;0;1
FR;3;2022-04-13;0;0;0;0;0;0;0;0;0;4416804;3441665;4461;2;3613735;2863;47;0;1
FR;3;2022-04-14;0;0;0;0;0;0;0;0;0;4416804;3441665;4461;2;3613735;2863;47;0;1
FR;3;2022-04-15;1;0;0;0;0;0;0;0;0;4416805;3441665;4461;2;3613735;2863;47;0;1
FR;3;2022-04-16;0;0;0;0;0;0;0;0;0;4416805;3441665;4461;2;3613735;2863;47;0;1
FR;3;2022-04-17;0;0;0;0;0;0;0;0;0;4416805;3441665;4461;2;3613735;2863;47;0;1
FR;3;2022-04-18;0;0;0;0;0;0;0;0;0;4416805;3441665;4461;2;3613735;2863;47;0;1
FR;3;2022-04-19;0;0;0;0;0;0;0;0;0;4416805;3441665;4461;2;3613735;2863;47;0;1
FR;3;2022-04-20;0;0;0;0;0;0;0;0;0;4416805;3441665;4461;2;3613735;2863;47;0;1
FR;3;2022-04-21;0;0;0;0;0;0;0;0;0;4416805;3441665;4461;2;3613735;2863;47;0;1
FR;3;2022-04-22;0;0;0;0;0;0;0;0;0;4416805;3441665;4461;2;3613735;2863;47;0;1
FR;3;2022-04-23;0;0;0;0;0;0;0;0;0;4416805;3441665;4461;2;3613735;2863;47;0;1
FR;3;2022-04-24;0;0;0;0;0;0;0;0;0;4416805;3441665;4461;2;3613735;2863;47;0;1
FR;3;2022-04-25;0;0;0;0;0;0;0;0;0;4416805;3441665;4461;2;3613735;2863;47;0;1
FR;3;2022-04-26;0;0;0;0;0;0;0;0;0;4416805;3441665;4461;2;3613735;2863;47;0;1
FR;3;2022-04-27;0;0;0;0;0;0;0;0;0;4416805;3441665;4461;2;3613735;2863;47;0;1
FR;3;2022-04-28;0;0;0;0;0;0;0;0;0;4416805;3441665;4461;2;3613735;2863;47;0;1
FR;3;2022-04-29;0;0;0;0;0;0;0;0;0;4416805;3441665;4461;2;3613735;2863;47;0;1
FR;3;2022-04-30;0;0;0;0;0;0;0;0;0;4416805;3441665;4461;2;3613735;2863;47;0;1
FR;3;2022-05-01;0;0;0;0;0;0;0;0;0;4416805;3441665;4461;2;3613735;2863;47;0;1
FR;3;2022-05-02;0;0;0;0;0;0;0;0;0;4416805;3441665;4461;2;3613735;2863;47;0;1
FR;3;2022-05-03;0;0;0;0;0;0;0;0;0;4416805;3441665;4461;2;3613735;2863;47;0;1
FR;3;2022-05-04;0;0;0;0;0;0;0;0;0;4416805;3441665;4461;2;3613735;2863;47;0;1
FR;3;2022-05-05;0;0;0;0;0;0;0;0;0;4416805;3441665;4461;2;3613735;2863;47;0;1
FR;3;2022-05-06;0;0;0;0;0;0;0;0;0;4416805;3441665;4461;2;3613735;2863;47;0;1
FR;3;2022-05-07;0;0;0;0;0;0;0;0;0;4416805;3441665;4461;2;3613735;2863;47;0;1
FR;3;2022-05-08;0;0;0;0;0;0;0;0;0;4416805;3441665;4461;2;3613735;2863;47;0;1
FR;3;2022-05-09;0;0;0;0;0;0;0;0;0;4416805;3441665;4461;2;3613735;2863;47;0;1
FR;3;2022-05-10;0;0;0;0;0;0;0;0;0;4416805;3441665;4461;2;3613735;2863;47;0;1
FR;3;2022-05-11;0;0;0;0;0;0;0;0;0;4416805;3441665;4461;2;3613735;2863;47;0;1
FR;3;2022-05-12;0;0;0;0;0;0;0;0;0;4416805;3441665;4461;2;3613735;2863;47;0;1
FR;3;2022-05-13;0;0;0;0;0;0;0;0;0;4416805;3441665;4461;2;3613735;2863;47;0;1
FR;3;2022-05-14;1;0;0;0;0;0;0;0;0;4416806;3441665;4461;2;3613735;2863;47;0;1
FR;3;2022-05-15;0;0;0;0;0;0;0;0;0;4416806;3441665;4461;2;3613735;2863;47;0;1
FR;3;2022-05-16;0;0;0;0;0;0;0;0;0;4416806;3441665;4461;2;3613735;2863;47;0;1
FR;3;2022-05-17;0;0;0;0;0;0;0;0;0;4416806;3441665;4461;2;3613735;2863;47;0;1
FR;3;2022-05-18;0;0;0;0;0;0;0;0;0;4416806;3441665;4461;2;3613735;2863;47;0;1
FR;3;2022-05-19;0;0;0;0;0;0;0;0;0;4416806;3441665;4461;2;3613735;2863;47;0;1
FR;3;2022-05-20;0;0;0;0;0;0;0;0;0;4416806;3441665;4461;2;3613735;2863;47;0;1
FR;3;2022-05-21;0;0;0;0;0;0;0;0;0;4416806;3441665;4461;2;3613735;2863;47;0;1
FR;3;2022-05-22;0;0;0;0;0;0;0;0;0;4416806;3441665;4461;2;3613735;2863;47;0;1
FR;3;2022-05-23;0;0;0;0;0;0;0;0;0;4416806;3441665;4461;2;3613735;2863;47;0;1
FR;3;2022-05-24;0;0;0;0;0;0;0;0;0;4416806;3441665;4461;2;3613735;2863;47;0;1
FR;3;2022-05-25;0;0;0;0;0;0;0;0;0;4416806;3441665;4461;2;3613735;2863;47;0;1
FR;3;2022-05-26;0;0;0;0;0;0;0;0;0;4416806;3441665;4461;2;3613735;2863;47;0;1
FR;3;2022-05-27;0;0;0;0;0;0;0;0;0;4416806;3441665;4461;2;3613735;2863;47;0;1
FR;3;2022-05-28;0;0;0;0;0;0;0;0;0;4416806;3441665;4461;2;3613735;2863;47;0;1
FR;3;2022-05-29;0;0;0;0;0;0;0;0;0;4416806;3441665;4461;2;3613735;2863;47;0;1
FR;3;2022-05-30;0;0;0;0;0;0;0;0;0;4416806;3441665;4461;2;3613735;2863;47;0;1
FR;3;2022-05-31;0;0;0;0;0;0;0;0;0;4416806;3441665;4461;2;3613735;2863;47;0;1
FR;3;2022-06-01;0;0;0;0;0;0;0;0;0;4416806;3441665;4461;2;3613735;2863;47;0;1
FR;3;2022-06-02;0;0;0;0;0;0;0;0;0;4416806;3441665;4461;2;3613735;2863;47;0;1
FR;3;2022-06-03;0;0;0;0;0;0;0;0;0;4416806;3441665;4461;2;3613735;2863;47;0;1
FR;3;2022-06-04;0;0;0;0;0;0;0;0;0;4416806;3441665;4461;2;3613735;2863;47;0;1
FR;3;2022-06-05;0;0;0;0;0;0;0;0;0;4416806;3441665;4461;2;3613735;2863;47;0;1
FR;3;2022-06-06;0;0;0;0;0;0;0;0;0;4416806;3441665;4461;2;3613735;2863;47;0;1
FR;3;2022-06-07;0;0;0;0;0;0;0;0;0;4416806;3441665;4461;2;3613735;2863;47;0;1
FR;3;2022-06-08;0;0;0;0;0;0;0;0;0;4416806;3441665;4461;2;3613735;2863;47;0;1
FR;3;2022-06-09;0;0;0;0;0;0;0;0;0;4416806;3441665;4461;2;3613735;2863;47;0;1
FR;3;2022-06-10;0;0;0;0;0;0;0;0;0;4416806;3441665;4461;2;3613735;2863;47;0;1
FR;3;2022-06-11;0;0;0;0;0;0;0;0;0;4416806;3441665;4461;2;3613735;2863;47;0;1
FR;3;2022-06-12;0;0;0;0;0;0;0;0;0;4416806;3441665;4461;2;3613735;2863;47;0;1
FR;3;2022-06-13;1;0;0;0;0;0;0;0;0;4416807;3441665;4461;2;3613735;2863;47;0;1
FR;3;2022-06-14;0;0;0;0;0;0;0;0;0;4416807;3441665;4461;2;3613735;2863;47;0;1
FR;3;2022-06-15;0;0;0;0;0;0;0;0;0;4416807;3441665;4461;2;3613735;2863;47;0;1
FR;3;2022-06-16;0;0;0;0;0;0;0;0;0;4416807;3441665;4461;2;3613735;2863;47;0;1
FR;3;2022-06-17;0;0;0;0;0;0;0;0;0;4416807;3441665;4461;2;3613735;2863;47;0;1
FR;3;2022-06-18;0;0;0;0;0;0;0;0;0;4416807;3441665;4461;2;3613735;2863;47;0;1
FR;3;2022-06-19;0;0;0;0;0;0;0;0;0;4416807;3441665;4461;2;3613735;2863;47;0;1
FR;3;2022-06-20;0;0;0;0;0;0;0;0;0;4416807;3441665;4461;2;3613735;2863;47;0;1
FR;3;2022-06-21;0;0;0;0;0;0;0;0;0;4416807;3441665;4461;2;3613735;2863;47;0;1
FR;3;2022-06-22;0;0;0;0;0;0;0;0;0;4416807;3441665;4461;2;3613735;2863;47;0;1
FR;3;2022-06-23;0;0;0;0;0;0;0;0;0;4416807;3441665;4461;2;3613735;2863;47;0;1
FR;3;2022-06-24;0;0;0;0;0;0;0;0;0;4416807;3441665;4461;2;3613735;2863;47;0;1
FR;3;2022-06-25;0;0;0;0;0;0;0;0;0;4416807;3441665;4461;2;3613735;2863;47;0;1
FR;3;2022-06-26;0;0;0;0;0;0;0;0;0;4416807;3441665;4461;2;3613735;2863;47;0;1
FR;3;2022-06-27;0;0;0;0;0;0;0;0;0;4416807;3441665;4461;2;3613735;2863;47;0;1
FR;3;2022-06-28;0;0;0;0;0;0;0;0;0;4416807;3441665;4461;2;3613735;2863;47;0;1
FR;3;2022-06-29;1;0;0;0;0;0;0;0;0;4416808;3441665;4461;2;3613735;2863;47;0;1
FR;3;2022-06-30;0;0;0;0;0;0;0;0;0;4416808;3441665;4461;2;3613735;2863;47;0;1
FR;3;2022-07-01;0;0;0;0;0;0;0;0;0;4416808;3441665;4461;2;3613735;2863;47;0;1
FR;3;2022-07-02;0;0;0;0;0;0;0;0;0;4416808;3441665;4461;2;3613735;2863;47;0;1
FR;3;2022-07-03;0;0;0;0;0;0;0;0;0;4416808;3441665;4461;2;3613735;2863;47;0;1
FR;3;2022-07-04;0;0;0;0;0;0;0;0;0;4416808;3441665;4461;2;3613735;2863;47;0;1
FR;3;2022-07-05;0;0;0;0;0;0;0;0;0;4416808;3441665;4461;2;3613735;2863;47;0;1
FR;3;2022-07-06;0;0;0;0;0;0;0;0;0;4416808;3441665;4461;2;3613735;2863;47;0;1
FR;3;2022-07-07;0;0;0;0;0;0;0;0;0;4416808;3441665;4461;2;3613735;2863;47;0;1
FR;3;2022-07-08;0;0;0;0;0;0;0;0;0;4416808;3441665;4461;2;3613735;2863;47;0;1
FR;3;2022-07-09;0;0;0;0;0;0;0;0;0;4416808;3441665;4461;2;3613735;2863;47;0;1
FR;3;2022-07-10;0;0;0;0;0;0;0;0;0;4416808;3441665;4461;2;3613735;2863;47;0;1
FR;3;2022-07-11;0;0;0;0;0;0;0;0;0;4416808;3441665;4461;2;3613735;2863;47;0;1
FR;3;2022-07-12;0;0;0;0;0;0;0;0;0;4416808;3441665;4461;2;3613735;2863;47;0;1
FR;3;2022-07-13;0;0;0;0;0;0;0;0;0;4416808;3441665;4461;2;3613735;2863;47;0;1
FR;3;2022-07-14;0;0;0;0;0;0;0;0;0;4416808;3441665;4461;2;3613735;2863;47;0;1
FR;3;2022-07-15;0;0;0;0;0;0;0;0;0;4416808;3441665;4461;2;3613735;2863;47;0;1
FR;3;2022-07-16;0;0;0;0;0;0;0;0;0;4416808;3441665;4461;2;3613735;2863;47;0;1
FR;3;2022-07-17;0;0;0;0;0;0;0;0;0;4416808;3441665;4461;2;3613735;2863;47;0;1
FR;3;2022-07-18;0;0;0;0;0;0;0;0;0;4416808;3441665;4461;2;3613735;2863;47;0;1
FR;3;2022-07-19;0;0;0;0;0;0;0;0;0;4416808;3441665;4461;2;3613735;2863;47;0;1
FR;3;2022-07-20;0;0;0;0;0;0;0;0;0;4416808;3441665;4461;2;3613735;2863;47;0;1
FR;3;2022-07-21;0;0;0;0;0;0;0;0;0;4416808;3441665;4461;2;3613735;2863;47;0;1
FR;3;2022-07-22;0;0;0;0;0;0;0;0;0;4416808;3441665;4461;2;3613735;2863;47;0;1
FR;3;2022-07-23;0;0;0;0;0;0;0;0;0;4416808;3441665;4461;2;3613735;2863;47;0;1
FR;3;2022-07-24;0;0;0;0;0;0;0;0;0;4416808;3441665;4461;2;3613735;2863;47;0;1
FR;3;2022-07-25;0;0;0;0;0;0;0;0;0;4416808;3441665;4461;2;3613735;2863;47;0;1
FR;3;2022-07-26;0;0;0;0;0;0;0;0;0;4416808;3441665;4461;2;3613735;2863;47;0;1
FR;3;2022-07-27;0;0;0;0;0;0;0;0;0;4416808;3441665;4461;2;3613735;2863;47;0;1
FR;3;2022-07-28;0;0;0;0;0;0;0;0;0;4416808;3441665;4461;2;3613735;2863;47;0;1
FR;3;2022-07-29;0;0;0;0;0;0;0;0;0;4416808;3441665;4461;2;3613735;2863;47;0;1
FR;3;2022-07-30;0;0;0;0;0;0;0;0;0;4416808;3441665;4461;2;3613735;2863;47;0;1
FR;3;2022-07-31;0;0;0;0;0;0;0;0;0;4416808;3441665;4461;2;3613735;2863;47;0;1
FR;3;2022-08-01;0;0;0;0;0;0;0;0;0;4416808;3441665;4461;2;3613735;2863;47;0;1
FR;3;2022-08-02;0;0;0;0;0;0;0;0;0;4416808;3441665;4461;2;3613735;2863;47;0;1
FR;3;2022-08-03;0;0;0;0;0;0;0;0;0;4416808;3441665;4461;2;3613735;2863;47;0;1
FR;3;2022-08-04;0;0;0;0;0;0;0;0;0;4416808;3441665;4461;2;3613735;2863;47;0;1
FR;3;2022-08-05;0;0;0;0;0;0;0;0;0;4416808;3441665;4461;2;3613735;2863;47;0;1
FR;3;2022-08-06;0;0;0;0;0;0;0;0;0;4416808;3441665;4461;2;3613735;2863;47;0;1
FR;3;2022-08-07;0;0;0;0;0;0;0;0;0;4416808;3441665;4461;2;3613735;2863;47;0;1
FR;3;2022-08-08;0;0;0;0;0;0;0;0;0;4416808;3441665;4461;2;3613735;2863;47;0;1
FR;3;2022-08-09;0;0;0;0;0;0;0;0;0;4416808;3441665;4461;2;3613735;2863;47;0;1
FR;3;2022-08-10;0;0;0;0;0;0;0;0;0;4416808;3441665;4461;2;3613735;2863;47;0;1
FR;3;2022-08-11;0;0;0;0;0;0;0;0;0;4416808;3441665;4461;2;3613735;2863;47;0;1
FR;3;2022-08-12;0;0;0;0;0;0;0;0;0;4416808;3441665;4461;2;3613735;2863;47;0;1
FR;3;2022-08-13;0;0;0;0;0;0;0;0;0;4416808;3441665;4461;2;3613735;2863;47;0;1
FR;3;2022-08-14;0;0;0;0;0;0;0;0;0;4416808;3441665;4461;2;3613735;2863;47;0;1
FR;3;2022-08-15;0;0;0;0;0;0;0;0;0;4416808;3441665;4461;2;3613735;2863;47;0;1
FR;3;2022-08-16;0;0;0;0;0;0;0;0;0;4416808;3441665;4461;2;3613735;2863;47;0;1
FR;3;2022-08-17;0;0;0;0;0;0;0;0;0;4416808;3441665;4461;2;3613735;2863;47;0;1
FR;3;2022-08-18;0;0;0;0;0;0;0;0;0;4416808;3441665;4461;2;3613735;2863;47;0;1
FR;3;2022-08-19;0;0;0;0;0;0;0;0;0;4416808;3441665;4461;2;3613735;2863;47;0;1
FR;3;2022-08-20;0;0;0;0;0;0;0;0;0;4416808;3441665;4461;2;3613735;2863;47;0;1
FR;3;2022-08-21;0;0;0;0;0;0;0;0;0;4416808;3441665;4461;2;3613735;2863;47;0;1
FR;3;2022-08-22;0;0;0;0;0;0;0;0;0;4416808;3441665;4461;2;3613735;2863;47;0;1
FR;3;2022-08-23;0;0;0;0;0;0;0;0;0;4416808;3441665;4461;2;3613735;2863;47;0;1
FR;3;2022-08-24;0;0;0;0;0;0;0;0;0;4416808;3441665;4461;2;3613735;2863;47;0;1
FR;3;2022-08-25;0;0;0;0;0;0;0;0;0;4416808;3441665;4461;2;3613735;2863;47;0;1
FR;3;2022-08-26;0;0;0;0;0;0;0;0;0;4416808;3441665;4461;2;3613735;2863;47;0;1
FR;3;2022-08-27;0;0;0;0;0;0;0;0;0;4416808;3441665;4461;2;3613735;2863;47;0;1
FR;3;2022-08-28;0;0;0;0;0;0;0;0;0;4416808;3441665;4461;2;3613735;2863;47;0;1
FR;3;2022-08-29;0;0;0;0;0;0;0;0;0;4416808;3441665;4461;2;3613735;2863;47;0;1
FR;3;2022-08-30;0;0;0;0;0;0;0;0;0;4416808;3441665;4461;2;3613735;2863;47;0;1
FR;3;2022-08-31;0;0;0;0;0;0;0;0;0;4416808;3441665;4461;2;3613735;2863;47;0;1
FR;3;2022-09-01;0;0;0;0;0;0;0;0;0;4416808;3441665;4461;2;3613735;2863;47;0;1
FR;3;2022-09-02;0;0;0;0;0;0;0;0;0;4416808;3441665;4461;2;3613735;2863;47;0;1
FR;3;2022-09-03;0;0;0;0;0;0;0;0;0;4416808;3441665;4461;2;3613735;2863;47;0;1
FR;3;2022-09-04;0;0;0;0;0;0;0;0;0;4416808;3441665;4461;2;3613735;2863;47;0;1
FR;3;2022-09-05;0;0;0;0;0;0;0;0;0;4416808;3441665;4461;2;3613735;2863;47;0;1
FR;3;2022-09-06;0;0;0;0;0;0;0;0;0;4416808;3441665;4461;2;3613735;2863;47;0;1
FR;3;2022-09-07;0;0;0;0;0;0;0;0;0;4416808;3441665;4461;2;3613735;2863;47;0;1
FR;3;2022-09-08;0;0;0;0;0;0;0;0;0;4416808;3441665;4461;2;3613735;2863;47;0;1
FR;3;2022-09-09;0;0;0;0;0;0;0;0;0;4416808;3441665;4461;2;3613735;2863;47;0;1
FR;3;2022-09-10;0;0;0;0;0;0;0;0;0;4416808;3441665;4461;2;3613735;2863;47;0;1
FR;3;2022-09-11;0;0;0;0;0;0;0;0;0;4416808;3441665;4461;2;3613735;2863;47;0;1
FR;3;2022-09-12;0;0;0;0;0;0;0;0;0;4416808;3441665;4461;2;3613735;2863;47;0;1
FR;3;2022-09-13;0;0;0;0;0;0;0;0;0;4416808;3441665;4461;2;3613735;2863;47;0;1
FR;3;2022-09-14;0;0;0;0;0;0;0;0;0;4416808;3441665;4461;2;3613735;2863;47;0;1
FR;3;2022-09-15;0;0;0;0;0;0;0;0;0;4416808;3441665;4461;2;3613735;2863;47;0;1
FR;3;2022-09-16;0;0;0;0;0;0;0;0;0;4416808;3441665;4461;2;3613735;2863;47;0;1
FR;3;2022-09-17;0;0;0;0;0;0;0;0;0;4416808;3441665;4461;2;3613735;2863;47;0;1
FR;3;2022-09-18;0;0;0;0;0;0;0;0;0;4416808;3441665;4461;2;3613735;2863;47;0;1
FR;3;2022-09-19;0;0;0;0;0;0;0;0;0;4416808;3441665;4461;2;3613735;2863;47;0;1
FR;3;2022-09-20;0;0;0;0;0;0;0;0;0;4416808;3441665;4461;2;3613735;2863;47;0;1
FR;3;2022-09-21;0;0;0;0;0;0;0;0;0;4416808;3441665;4461;2;3613735;2863;47;0;1
FR;3;2022-09-22;0;0;0;0;0;0;0;0;0;4416808;3441665;4461;2;3613735;2863;47;0;1
FR;3;2022-09-23;0;0;0;0;0;0;0;0;0;4416808;3441665;4461;2;3613735;2863;47;0;1
FR;3;2022-09-24;0;0;0;0;0;0;0;0;0;4416808;3441665;4461;2;3613735;2863;47;0;1
FR;3;2022-09-25;0;0;0;0;0;0;0;0;0;4416808;3441665;4461;2;3613735;2863;47;0;1
FR;3;2022-09-26;0;0;0;0;0;0;0;0;0;4416808;3441665;4461;2;3613735;2863;47;0;1
FR;3;2022-09-27;0;0;0;0;0;0;0;0;0;4416808;3441665;4461;2;3613735;2863;47;0;1
FR;3;2022-09-28;0;0;0;0;0;0;0;0;0;4416808;3441665;4461;2;3613735;2863;47;0;1
FR;3;2022-09-29;0;0;0;0;0;0;0;0;0;4416808;3441665;4461;2;3613735;2863;47;0;1
FR;3;2022-09-30;0;0;0;0;0;0;0;0;0;4416808;3441665;4461;2;3613735;2863;47;0;1
FR;3;2022-10-01;0;0;0;0;0;0;0;0;0;4416808;3441665;4461;2;3613735;2863;47;0;1
FR;3;2022-10-02;0;0;0;0;0;0;0;0;0;4416808;3441665;4461;2;3613735;2863;47;0;1
FR;3;2022-10-03;0;0;0;0;0;0;0;0;0;4416808;3441665;4461;2;3613735;2863;47;0;1
FR;3;2022-10-04;0;0;0;0;0;0;0;0;0;4416808;3441665;4461;2;3613735;2863;47;0;1
FR;3;2022-10-05;0;0;0;0;0;0;0;0;0;4416808;3441665;4461;2;3613735;2863;47;0;1
FR;3;2022-10-06;0;0;0;0;0;0;0;0;0;4416808;3441665;4461;2;3613735;2863;47;0;1
FR;3;2022-10-07;0;0;0;0;0;0;0;0;0;4416808;3441665;4461;2;3613735;2863;47;0;1
FR;3;2022-10-08;0;0;0;0;0;0;0;0;0;4416808;3441665;4461;2;3613735;2863;47;0;1
FR;3;2022-10-09;0;0;0;0;0;0;0;0;0;4416808;3441665;4461;2;3613735;2863;47;0;1
FR;3;2022-10-10;0;0;0;0;0;0;0;0;0;4416808;3441665;4461;2;3613735;2863;47;0;1
FR;3;2022-10-11;0;0;0;0;0;0;0;0;0;4416808;3441665;4461;2;3613735;2863;47;0;1
FR;3;2022-10-12;0;0;0;0;0;0;0;0;0;4416808;3441665;4461;2;3613735;2863;47;0;1
FR;3;2022-10-13;0;0;0;0;0;0;0;0;0;4416808;3441665;4461;2;3613735;2863;47;0;1
FR;3;2022-10-14;0;0;0;0;0;0;0;0;0;4416808;3441665;4461;2;3613735;2863;47;0;1
FR;3;2022-10-15;0;0;0;0;0;0;0;0;0;4416808;3441665;4461;2;3613735;2863;47;0;1
FR;3;2022-10-16;0;0;0;0;0;0;0;0;0;4416808;3441665;4461;2;3613735;2863;47;0;1
FR;3;2022-10-17;0;0;0;0;0;0;0;0;0;4416808;3441665;4461;2;3613735;2863;47;0;1
FR;3;2022-10-18;0;0;0;0;0;0;0;0;0;4416808;3441665;4461;2;3613735;2863;47;0;1
FR;3;2022-10-19;0;0;0;0;0;0;0;0;0;4416808;3441665;4461;2;3613735;2863;47;0;1
FR;3;2022-10-20;0;0;0;0;0;0;0;0;0;4416808;3441665;4461;2;3613735;2863;47;0;1
FR;3;2022-10-21;0;0;0;0;0;0;0;0;0;4416808;3441665;4461;2;3613735;2863;47;0;1
FR;3;2022-10-22;0;0;0;0;0;0;0;0;0;4416808;3441665;4461;2;3613735;2863;47;0;1
FR;3;2022-10-23;0;0;0;0;0;0;0;0;0;4416808;3441665;4461;2;3613735;2863;47;0;1
FR;3;2022-10-24;0;0;0;0;0;0;0;0;0;4416808;3441665;4461;2;3613735;2863;47;0;1
FR;3;2022-10-25;0;0;0;0;0;0;0;0;0;4416808;3441665;4461;2;3613735;2863;47;0;1
FR;3;2022-10-26;0;0;0;0;0;0;0;0;0;4416808;3441665;4461;2;3613735;2863;47;0;1
FR;3;2022-10-27;0;0;0;0;0;0;0;0;0;4416808;3441665;4461;2;3613735;2863;47;0;1
FR;3;2022-10-28;0;0;0;0;0;0;0;0;0;4416808;3441665;4461;2;3613735;2863;47;0;1
FR;3;2022-10-29;0;0;0;0;0;0;0;0;0;4416808;3441665;4461;2;3613735;2863;47;0;1
FR;3;2022-10-30;0;0;0;0;0;0;0;0;0;4416808;3441665;4461;2;3613735;2863;47;0;1
FR;3;2022-10-31;0;0;0;0;0;0;0;0;0;4416808;3441665;4461;2;3613735;2863;47;0;1
FR;3;2022-11-01;0;0;0;0;0;0;0;0;0;4416808;3441665;4461;2;3613735;2863;47;0;1
FR;3;2022-11-02;0;0;0;0;0;0;0;0;0;4416808;3441665;4461;2;3613735;2863;47;0;1
FR;3;2022-11-03;0;0;0;0;0;0;0;0;0;4416808;3441665;4461;2;3613735;2863;47;0;1
FR;3;2022-11-04;0;0;0;0;0;0;0;0;0;4416808;3441665;4461;2;3613735;2863;47;0;1
FR;3;2022-11-05;0;0;0;0;0;0;0;0;0;4416808;3441665;4461;2;3613735;2863;47;0;1
FR;3;2022-11-06;0;0;0;0;0;0;0;0;0;4416808;3441665;4461;2;3613735;2863;47;0;1
FR;3;2022-11-07;0;0;0;0;0;0;0;0;0;4416808;3441665;4461;2;3613735;2863;47;0;1
FR;3;2022-11-08;1;0;0;0;0;0;0;0;0;4416809;3441665;4461;2;3613735;2863;47;0;1
FR;3;2022-11-09;0;0;0;0;0;0;0;0;0;4416809;3441665;4461;2;3613735;2863;47;0;1
FR;3;2022-11-10;0;0;0;0;0;0;0;0;0;4416809;3441665;4461;2;3613735;2863;47;0;1
FR;3;2022-11-11;0;0;0;0;0;0;0;0;0;4416809;3441665;4461;2;3613735;2863;47;0;1
FR;3;2022-11-12;0;0;0;0;0;0;0;0;0;4416809;3441665;4461;2;3613735;2863;47;0;1
FR;3;2022-11-13;0;0;0;0;0;0;0;0;0;4416809;3441665;4461;2;3613735;2863;47;0;1
FR;3;2022-11-14;0;0;0;0;0;0;0;0;0;4416809;3441665;4461;2;3613735;2863;47;0;1
FR;3;2022-11-15;0;0;0;0;0;0;0;0;0;4416809;3441665;4461;2;3613735;2863;47;0;1
FR;3;2022-11-16;0;0;0;0;0;0;0;0;0;4416809;3441665;4461;2;3613735;2863;47;0;1
FR;3;2022-11-17;0;0;0;0;0;0;0;0;0;4416809;3441665;4461;2;3613735;2863;47;0;1
FR;3;2022-11-18;0;0;0;0;0;0;0;0;0;4416809;3441665;4461;2;3613735;2863;47;0;1
FR;3;2022-11-19;0;0;0;0;0;0;0;0;0;4416809;3441665;4461;2;3613735;2863;47;0;1
FR;3;2022-11-20;0;0;0;0;0;0;0;0;0;4416809;3441665;4461;2;3613735;2863;47;0;1
FR;3;2022-11-21;0;0;0;0;0;0;0;0;0;4416809;3441665;4461;2;3613735;2863;47;0;1
FR;3;2022-11-22;0;0;0;0;0;0;0;0;0;4416809;3441665;4461;2;3613735;2863;47;0;1
FR;3;2022-11-23;0;0;0;0;0;0;0;0;0;4416809;3441665;4461;2;3613735;2863;47;0;1
FR;3;2022-11-24;0;0;0;0;0;0;0;0;0;4416809;3441665;4461;2;3613735;2863;47;0;1
FR;3;2022-11-25;0;0;0;0;0;0;0;0;0;4416809;3441665;4461;2;3613735;2863;47;0;1
FR;3;2022-11-26;0;0;0;0;0;0;0;0;0;4416809;3441665;4461;2;3613735;2863;47;0;1
FR;3;2022-11-27;0;0;0;0;0;0;0;0;0;4416809;3441665;4461;2;3613735;2863;47;0;1
FR;3;2022-11-28;0;0;0;0;0;0;0;0;0;4416809;3441665;4461;2;3613735;2863;47;0;1
FR;3;2022-11-29;0;0;0;0;0;0;0;0;0;4416809;3441665;4461;2;3613735;2863;47;0;1
FR;3;2022-11-30;0;0;0;0;0;0;0;0;0;4416809;3441665;4461;2;3613735;2863;47;0;1
FR;3;2022-12-01;0;0;0;0;0;0;0;0;0;4416809;3441665;4461;2;3613735;2863;47;0;1
FR;3;2022-12-02;0;0;0;0;0;0;0;0;0;4416809;3441665;4461;2;3613735;2863;47;0;1
FR;3;2022-12-03;0;0;0;0;0;0;0;0;0;4416809;3441665;4461;2;3613735;2863;47;0;1
FR;3;2022-12-04;0;0;0;0;0;0;0;0;0;4416809;3441665;4461;2;3613735;2863;47;0;1
FR;3;2022-12-05;0;0;0;0;0;0;0;0;0;4416809;3441665;4461;2;3613735;2863;47;0;1
FR;3;2022-12-06;0;0;0;0;0;0;0;0;0;4416809;3441665;4461;2;3613735;2863;47;0;1
FR;3;2022-12-07;0;0;0;0;0;0;0;0;0;4416809;3441665;4461;2;3613735;2863;47;0;1
FR;3;2022-12-08;0;0;0;0;0;0;0;0;0;4416809;3441665;4461;2;3613735;2863;47;0;1
FR;3;2022-12-09;0;0;0;0;0;0;0;0;0;4416809;3441665;4461;2;3613735;2863;47;0;1
FR;3;2022-12-10;0;0;0;0;0;0;0;0;0;4416809;3441665;4461;2;3613735;2863;47;0;1
FR;3;2022-12-11;0;0;0;0;0;0;0;0;0;4416809;3441665;4461;2;3613735;2863;47;0;1
FR;3;2022-12-12;0;0;0;0;0;0;0;0;0;4416809;3441665;4461;2;3613735;2863;47;0;1
FR;3;2022-12-13;0;0;0;0;0;0;0;0;0;4416809;3441665;4461;2;3613735;2863;47;0;1
FR;3;2022-12-14;0;0;0;0;0;0;0;0;0;4416809;3441665;4461;2;3613735;2863;47;0;1
FR;3;2022-12-15;0;0;0;0;0;0;0;0;0;4416809;3441665;4461;2;3613735;2863;47;0;1
FR;3;2022-12-16;0;0;0;0;0;0;0;0;0;4416809;3441665;4461;2;3613735;2863;47;0;1
FR;3;2022-12-17;0;0;0;0;0;0;0;0;0;4416809;3441665;4461;2;3613735;2863;47;0;1
FR;3;2022-12-18;0;0;0;0;0;0;0;0;0;4416809;3441665;4461;2;3613735;2863;47;0;1
FR;3;2022-12-19;0;0;0;0;0;0;0;0;0;4416809;3441665;4461;2;3613735;2863;47;0;1
FR;3;2022-12-20;0;0;0;0;0;0;0;0;0;4416809;3441665;4461;2;3613735;2863;47;0;1
FR;3;2022-12-21;0;0;0;0;0;0;0;0;0;4416809;3441665;4461;2;3613735;2863;47;0;1
FR;3;2022-12-22;0;0;0;0;0;0;0;0;0;4416809;3441665;4461;2;3613735;2863;47;0;1
FR;3;2022-12-23;0;0;0;0;0;0;0;0;0;4416809;3441665;4461;2;3613735;2863;47;0;1
FR;3;2022-12-24;0;0;0;0;0;0;0;0;0;4416809;3441665;4461;2;3613735;2863;47;0;1
FR;3;2022-12-25;0;0;0;0;0;0;0;0;0;4416809;3441665;4461;2;3613735;2863;47;0;1
FR;3;2022-12-26;0;0;0;0;0;0;0;0;0;4416809;3441665;4461;2;3613735;2863;47;0;1
FR;3;2022-12-27;0;0;0;0;0;0;0;0;0;4416809;3441665;4461;2;3613735;2863;47;0;1
FR;3;2022-12-28;0;0;0;0;0;0;0;0;0;4416809;3441665;4461;2;3613735;2863;47;0;1
FR;3;2022-12-29;0;0;0;0;0;0;0;0;0;4416809;3441665;4461;2;3613735;2863;47;0;1
FR;3;2022-12-30;0;0;0;0;0;0;0;0;0;4416809;3441665;4461;2;3613735;2863;47;0;1
FR;3;2022-12-31;0;0;0;0;0;0;0;0;0;4416809;3441665;4461;2;3613735;2863;47;0;1
FR;3;2023-01-01;0;0;0;0;0;0;0;0;0;4416809;3441665;4461;2;3613735;2863;47;0;1
FR;3;2023-01-02;0;0;0;0;0;0;0;0;0;4416809;3441665;4461;2;3613735;2863;47;0;1
FR;3;2023-01-03;0;0;0;0;0;0;0;0;0;4416809;3441665;4461;2;3613735;2863;47;0;1
FR;3;2023-01-04;0;0;0;0;0;0;0;0;0;4416809;3441665;4461;2;3613735;2863;47;0;1
FR;3;2023-01-05;0;0;0;0;0;0;0;0;0;4416809;3441665;4461;2;3613735;2863;47;0;1
FR;3;2023-01-06;0;0;0;0;0;0;0;0;0;4416809;3441665;4461;2;3613735;2863;47;0;1
FR;3;2023-01-07;0;0;0;0;0;0;0;0;0;4416809;3441665;4461;2;3613735;2863;47;0;1
FR;3;2023-01-08;0;0;0;0;0;0;0;0;0;4416809;3441665;4461;2;3613735;2863;47;0;1
FR;3;2023-01-09;0;0;0;0;0;0;0;0;0;4416809;3441665;4461;2;3613735;2863;47;0;1
FR;3;2023-01-10;0;0;0;0;0;0;0;0;0;4416809;3441665;4461;2;3613735;2863;47;0;1
FR;3;2023-01-11;0;0;0;0;0;0;0;0;0;4416809;3441665;4461;2;3613735;2863;47;0;1
FR;3;2023-01-12;0;0;0;0;0;0;0;0;0;4416809;3441665;4461;2;3613735;2863;47;0;1
FR;3;2023-01-13;0;0;0;0;0;0;0;0;0;4416809;3441665;4461;2;3613735;2863;47;0;1
FR;3;2023-01-14;0;0;0;0;0;0;0;0;0;4416809;3441665;4461;2;3613735;2863;47;0;1
FR;3;2023-01-15;0;0;0;0;0;0;0;0;0;4416809;3441665;4461;2;3613735;2863;47;0;1
FR;3;2023-01-16;0;0;0;0;0;0;0;0;0;4416809;3441665;4461;2;3613735;2863;47;0;1
FR;3;2023-01-17;0;0;0;0;0;0;0;0;0;4416809;3441665;4461;2;3613735;2863;47;0;1
FR;3;2023-01-18;0;0;0;0;0;0;0;0;0;4416809;3441665;4461;2;3613735;2863;47;0;1
FR;3;2023-01-19;0;0;0;0;0;0;0;0;0;4416809;3441665;4461;2;3613735;2863;47;0;1
FR;3;2023-01-20;0;0;0;0;0;0;0;0;0;4416809;3441665;4461;2;3613735;2863;47;0;1
FR;3;2023-01-21;0;0;0;0;0;0;0;0;0;4416809;3441665;4461;2;3613735;2863;47;0;1
FR;3;2023-01-22;0;0;0;0;0;0;0;0;0;4416809;3441665;4461;2;3613735;2863;47;0;1
FR;3;2023-01-23;0;0;0;0;0;0;0;0;0;4416809;3441665;4461;2;3613735;2863;47;0;1
FR;3;2023-01-24;0;0;0;0;0;0;0;0;0;4416809;3441665;4461;2;3613735;2863;47;0;1
FR;3;2023-01-25;1;0;0;0;0;0;0;0;0;4416810;3441665;4461;2;3613735;2863;47;0;1
FR;3;2023-01-26;0;0;0;0;0;0;0;0;0;4416810;3441665;4461;2;3613735;2863;47;0;1
FR;3;2023-01-27;0;0;0;0;0;0;0;0;0;4416810;3441665;4461;2;3613735;2863;47;0;1
FR;3;2023-01-28;0;0;0;0;0;0;0;0;0;4416810;3441665;4461;2;3613735;2863;47;0;1
FR;3;2023-01-29;0;0;0;0;0;0;0;0;0;4416810;3441665;4461;2;3613735;2863;47;0;1
FR;3;2023-01-30;0;0;0;0;0;0;0;0;0;4416810;3441665;4461;2;3613735;2863;47;0;1
FR;3;2023-01-31;0;0;0;0;0;0;0;0;0;4416810;3441665;4461;2;3613735;2863;47;0;1
FR;3;2023-02-01;0;0;0;0;0;0;0;0;0;4416810;3441665;4461;2;3613735;2863;47;0;1
FR;3;2023-02-02;0;0;0;0;0;0;0;0;0;4416810;3441665;4461;2;3613735;2863;47;0;1
FR;3;2023-02-03;0;0;0;0;0;0;0;0;0;4416810;3441665;4461;2;3613735;2863;47;0;1
FR;3;2023-02-04;0;0;0;0;0;0;0;0;0;4416810;3441665;4461;2;3613735;2863;47;0;1
FR;3;2023-02-05;0;0;0;0;0;0;0;0;0;4416810;3441665;4461;2;3613735;2863;47;0;1
FR;3;2023-02-06;0;0;0;0;0;0;0;0;0;4416810;3441665;4461;2;3613735;2863;47;0;1
FR;3;2023-02-07;0;0;0;0;0;0;0;0;0;4416810;3441665;4461;2;3613735;2863;47;0;1
FR;3;2023-02-08;0;0;0;0;0;0;0;0;0;4416810;3441665;4461;2;3613735;2863;47;0;1
FR;3;2023-02-09;0;0;0;0;0;0;0;0;0;4416810;3441665;4461;2;3613735;2863;47;0;1
FR;4;2020-12-27;0;0;0;0;0;0;0;0;0;0;0;0;0;0;0;0;0;0
FR;4;2020-12-28;0;0;0;0;0;0;0;0;0;0;0;0;0;0;0;0;0;0
FR;4;2020-12-29;0;0;0;0;0;0;0;0;0;0;0;0;0;0;0;0;0;0
FR;4;2020-12-30;0;0;0;0;0;0;0;0;0;0;0;0;0;0;0;0;0;0
FR;4;2020-12-31;0;0;0;0;0;0;0;0;0;0;0;0;0;0;0;0;0;0
FR;4;2021-01-01;0;0;0;0;0;0;0;0;0;0;0;0;0;0;0;0;0;0
FR;4;2021-01-02;0;0;0;0;0;0;0;0;0;0;0;0;0;0;0;0;0;0
FR;4;2021-01-03;0;0;0;0;0;0;0;0;0;0;0;0;0;0;0;0;0;0
FR;4;2021-01-04;0;0;0;0;0;0;0;0;0;0;0;0;0;0;0;0;0;0
FR;4;2021-01-05;0;0;0;0;0;0;0;0;0;0;0;0;0;0;0;0;0;0
FR;4;2021-01-06;0;0;0;0;0;0;0;0;0;0;0;0;0;0;0;0;0;0
FR;4;2021-01-07;0;0;0;0;0;0;0;0;0;0;0;0;0;0;0;0;0;0
FR;4;2021-01-08;0;0;0;0;0;0;0;0;0;0;0;0;0;0;0;0;0;0
FR;4;2021-01-09;0;0;0;0;0;0;0;0;0;0;0;0;0;0;0;0;0;0
FR;4;2021-01-10;0;0;0;0;0;0;0;0;0;0;0;0;0;0;0;0;0;0
FR;4;2021-01-11;0;0;0;0;0;0;0;0;0;0;0;0;0;0;0;0;0;0
FR;4;2021-01-12;0;0;0;0;0;0;0;0;0;0;0;0;0;0;0;0;0;0
FR;4;2021-01-13;0;0;0;0;0;0;0;0;0;0;0;0;0;0;0;0;0;0
FR;4;2021-01-14;0;0;0;0;0;0;0;0;0;0;0;0;0;0;0;0;0;0
FR;4;2021-01-15;0;0;0;0;0;0;0;0;0;0;0;0;0;0;0;0;0;0
FR;4;2021-01-16;0;0;0;0;0;0;0;0;0;0;0;0;0;0;0;0;0;0
FR;4;2021-01-17;0;0;0;0;0;0;0;0;0;0;0;0;0;0;0;0;0;0
FR;4;2021-01-18;0;0;0;0;0;0;0;0;0;0;0;0;0;0;0;0;0;0
FR;4;2021-01-19;0;0;0;0;0;0;0;0;0;0;0;0;0;0;0;0;0;0
FR;4;2021-01-20;0;0;0;0;0;0;0;0;0;0;0;0;0;0;0;0;0;0
FR;4;2021-01-21;0;0;0;0;0;0;0;0;0;0;0;0;0;0;0;0;0;0
FR;4;2021-01-22;0;0;0;0;0;0;0;0;0;0;0;0;0;0;0;0;0;0
FR;4;2021-01-23;0;0;0;0;0;0;0;0;0;0;0;0;0;0;0;0;0;0
FR;4;2021-01-24;0;0;0;0;0;0;0;0;0;0;0;0;0;0;0;0;0;0
FR;4;2021-01-25;0;0;0;0;0;0;0;0;0;0;0;0;0;0;0;0;0;0
FR;4;2021-01-26;0;0;0;0;0;0;0;0;0;0;0;0;0;0;0;0;0;0
FR;4;2021-01-27;0;0;0;0;0;0;0;0;0;0;0;0;0;0;0;0;0;0
FR;4;2021-01-28;0;0;0;0;0;0;0;0;0;0;0;0;0;0;0;0;0;0
FR;4;2021-01-29;0;0;0;0;0;0;0;0;0;0;0;0;0;0;0;0;0;0
FR;4;2021-01-30;0;0;0;0;0;0;0;0;0;0;0;0;0;0;0;0;0;0
FR;4;2021-01-31;0;0;0;0;0;0;0;0;0;0;0;0;0;0;0;0;0;0
FR;4;2021-02-01;0;0;0;0;0;0;0;0;0;0;0;0;0;0;0;0;0;0
FR;4;2021-02-02;0;0;0;0;0;0;0;0;0;0;0;0;0;0;0;0;0;0
FR;4;2021-02-03;0;0;0;0;0;0;0;0;0;0;0;0;0;0;0;0;0;0
FR;4;2021-02-04;0;0;0;0;0;0;0;0;0;0;0;0;0;0;0;0;0;0
FR;4;2021-02-05;0;0;0;0;0;0;0;0;0;0;0;0;0;0;0;0;0;0
FR;4;2021-02-06;0;0;0;0;0;0;0;0;0;0;0;0;0;0;0;0;0;0
FR;4;2021-02-07;0;0;0;0;0;0;0;0;0;0;0;0;0;0;0;0;0;0
FR;4;2021-02-08;0;0;0;0;0;0;0;0;0;0;0;0;0;0;0;0;0;0
FR;4;2021-02-09;0;0;0;0;0;0;0;0;0;0;0;0;0;0;0;0;0;0
FR;4;2021-02-10;0;0;0;0;0;0;0;0;0;0;0;0;0;0;0;0;0;0
FR;4;2021-02-11;0;0;0;0;0;0;0;0;0;0;0;0;0;0;0;0;0;0
FR;4;2021-02-12;0;0;0;0;0;0;0;0;0;0;0;0;0;0;0;0;0;0
FR;4;2021-02-13;0;0;0;0;0;0;0;0;0;0;0;0;0;0;0;0;0;0
FR;4;2021-02-14;0;0;0;0;0;0;0;0;0;0;0;0;0;0;0;0;0;0
FR;4;2021-02-15;0;0;0;0;0;0;0;0;0;0;0;0;0;0;0;0;0;0
FR;4;2021-02-16;0;0;0;0;0;0;0;0;0;0;0;0;0;0;0;0;0;0
FR;4;2021-02-17;0;0;0;0;0;0;0;0;0;0;0;0;0;0;0;0;0;0
FR;4;2021-02-18;0;0;0;0;0;0;0;0;0;0;0;0;0;0;0;0;0;0
FR;4;2021-02-19;0;0;0;0;0;0;0;0;0;0;0;0;0;0;0;0;0;0
FR;4;2021-02-20;0;0;0;0;0;0;0;0;0;0;0;0;0;0;0;0;0;0
FR;4;2021-02-21;0;0;0;0;0;0;0;0;0;0;0;0;0;0;0;0;0;0
FR;4;2021-02-22;0;0;0;0;0;0;0;0;0;0;0;0;0;0;0;0;0;0
FR;4;2021-02-23;0;0;0;0;0;0;0;0;0;0;0;0;0;0;0;0;0;0
FR;4;2021-02-24;0;0;0;0;0;0;0;0;0;0;0;0;0;0;0;0;0;0
FR;4;2021-02-25;0;0;0;0;0;0;0;0;0;0;0;0;0;0;0;0;0;0
FR;4;2021-02-26;0;0;0;0;0;0;0;0;0;0;0;0;0;0;0;0;0;0
FR;4;2021-02-27;0;0;0;0;0;0;0;0;0;0;0;0;0;0;0;0;0;0
FR;4;2021-02-28;0;0;0;0;0;0;0;0;0;0;0;0;0;0;0;0;0;0
FR;4;2021-03-01;0;0;0;0;0;0;0;0;0;0;0;0;0;0;0;0;0;0
FR;4;2021-03-02;0;0;0;0;0;0;0;0;0;0;0;0;0;0;0;0;0;0
FR;4;2021-03-03;0;0;0;0;0;0;0;0;0;0;0;0;0;0;0;0;0;0
FR;4;2021-03-04;0;0;0;0;0;0;0;0;0;0;0;0;0;0;0;0;0;0
FR;4;2021-03-05;0;0;0;0;0;0;0;0;0;0;0;0;0;0;0;0;0;0
FR;4;2021-03-06;0;0;0;0;0;0;0;0;0;0;0;0;0;0;0;0;0;0
FR;4;2021-03-07;0;0;0;0;0;0;0;0;0;0;0;0;0;0;0;0;0;0
FR;4;2021-03-08;0;0;0;0;0;0;0;0;0;0;0;0;0;0;0;0;0;0
FR;4;2021-03-09;0;0;0;0;0;0;0;0;0;0;0;0;0;0;0;0;0;0
FR;4;2021-03-10;0;0;0;0;0;0;0;0;0;0;0;0;0;0;0;0;0;0
FR;4;2021-03-11;0;0;0;0;0;0;0;0;0;0;0;0;0;0;0;0;0;0
FR;4;2021-03-12;0;0;0;0;0;0;0;0;0;0;0;0;0;0;0;0;0;0
FR;4;2021-03-13;0;0;0;0;0;0;0;0;0;0;0;0;0;0;0;0;0;0
FR;4;2021-03-14;0;0;0;0;0;0;0;0;0;0;0;0;0;0;0;0;0;0
FR;4;2021-03-15;0;0;0;0;0;0;0;0;0;0;0;0;0;0;0;0;0;0
FR;4;2021-03-16;0;0;0;0;0;0;0;0;0;0;0;0;0;0;0;0;0;0
FR;4;2021-03-17;0;0;0;0;0;0;0;0;0;0;0;0;0;0;0;0;0;0
FR;4;2021-03-18;0;0;0;0;0;0;0;0;0;0;0;0;0;0;0;0;0;0
FR;4;2021-03-19;0;0;0;0;0;0;0;0;0;0;0;0;0;0;0;0;0;0
FR;4;2021-03-20;0;0;0;0;0;0;0;0;0;0;0;0;0;0;0;0;0;0
FR;4;2021-03-21;0;0;0;0;0;0;0;0;0;0;0;0;0;0;0;0;0;0
FR;4;2021-03-22;0;0;0;0;0;0;0;0;0;0;0;0;0;0;0;0;0;0
FR;4;2021-03-23;0;0;0;0;0;0;0;0;0;0;0;0;0;0;0;0;0;0
FR;4;2021-03-24;0;0;0;0;0;0;0;0;0;0;0;0;0;0;0;0;0;0
FR;4;2021-03-25;0;0;0;0;0;0;0;0;0;0;0;0;0;0;0;0;0;0
FR;4;2021-03-26;0;0;0;0;0;0;0;0;0;0;0;0;0;0;0;0;0;0
FR;4;2021-03-27;0;0;0;0;0;0;0;0;0;0;0;0;0;0;0;0;0;0
FR;4;2021-03-28;0;0;0;0;0;0;0;0;0;0;0;0;0;0;0;0;0;0
FR;4;2021-03-29;0;0;0;0;0;0;0;0;0;0;0;0;0;0;0;0;0;0
FR;4;2021-03-30;0;0;0;0;0;0;0;0;0;0;0;0;0;0;0;0;0;0
FR;4;2021-03-31;0;0;0;0;0;0;0;0;0;0;0;0;0;0;0;0;0;0
FR;4;2021-04-01;0;0;0;0;0;0;0;0;0;0;0;0;0;0;0;0;0;0
FR;4;2021-04-02;0;0;0;0;0;0;0;0;0;0;0;0;0;0;0;0;0;0
FR;4;2021-04-03;0;0;0;0;0;0;0;0;0;0;0;0;0;0;0;0;0;0
FR;4;2021-04-04;0;0;0;0;0;0;0;0;0;0;0;0;0;0;0;0;0;0
FR;4;2021-04-05;0;0;0;0;0;0;0;0;0;0;0;0;0;0;0;0;0;0
FR;4;2021-04-06;0;0;0;0;0;0;0;0;0;0;0;0;0;0;0;0;0;0
FR;4;2021-04-07;0;0;0;0;0;0;0;0;0;0;0;0;0;0;0;0;0;0
FR;4;2021-04-08;0;0;0;0;0;0;0;0;0;0;0;0;0;0;0;0;0;0
FR;4;2021-04-09;0;0;0;0;0;0;0;0;0;0;0;0;0;0;0;0;0;0
FR;4;2021-04-10;0;0;0;0;0;0;0;0;0;0;0;0;0;0;0;0;0;0
FR;4;2021-04-11;0;0;0;0;0;0;0;0;0;0;0;0;0;0;0;0;0;0
FR;4;2021-04-12;0;0;0;0;0;0;0;0;0;0;0;0;0;0;0;0;0;0
FR;4;2021-04-13;0;0;0;0;0;0;0;0;0;0;0;0;0;0;0;0;0;0
FR;4;2021-04-14;0;0;0;0;0;0;0;0;0;0;0;0;0;0;0;0;0;0
FR;4;2021-04-15;0;0;0;0;0;0;0;0;0;0;0;0;0;0;0;0;0;0
FR;4;2021-04-16;0;0;0;0;0;0;0;0;0;0;0;0;0;0;0;0;0;0
FR;4;2021-04-17;0;0;0;0;0;0;0;0;0;0;0;0;0;0;0;0;0;0
FR;4;2021-04-18;0;0;0;0;0;0;0;0;0;0;0;0;0;0;0;0;0;0
FR;4;2021-04-19;0;0;0;0;0;0;0;0;0;0;0;0;0;0;0;0;0;0
FR;4;2021-04-20;0;0;0;0;0;0;0;0;0;0;0;0;0;0;0;0;0;0
FR;4;2021-04-21;0;0;0;0;0;0;0;0;0;0;0;0;0;0;0;0;0;0
FR;4;2021-04-22;0;0;0;0;0;0;0;0;0;0;0;0;0;0;0;0;0;0
FR;4;2021-04-23;3662;0;0;0;3624;0;0;0;0;3662;0;0;0;3624;0;0;0;0
FR;4;2021-04-24;1569;1;0;0;1558;0;0;0;0;5231;1;0;0;5182;0;0;0;0
FR;4;2021-04-25;125;0;0;0;125;0;0;0;0;5356;1;0;0;5307;0;0;0;0
FR;4;2021-04-26;2871;1;0;0;2860;0;0;0;0;8227;2;0;0;8167;0;0;0;0
FR;4;2021-04-27;9520;3;0;0;9501;0;0;0;0;17747;5;0;0;17668;0;0;0;0
FR;4;2021-04-28;9910;6;0;0;9885;0;0;0;0;27657;11;0;0;27553;0;0;0;0
FR;4;2021-04-29;15996;8;0;0;15980;0;0;0;0;43653;19;0;0;43533;0;0;0;0
FR;4;2021-04-30;19234;10;0;0;19205;0;0;0;0;62887;29;0;0;62738;0;0;0;0
FR;4;2021-05-01;1994;6;0;0;1992;0;0;0;0;64881;35;0;0;64730;0;0;0;0
FR;4;2021-05-02;484;0;0;0;482;0;0;0;0;65365;35;0;0;65212;0;0;0;0
FR;4;2021-05-03;5067;2;0;0;5060;0;0;0;0;70432;37;0;0;70272;0;0;0;0
FR;4;2021-05-04;8411;11;0;0;8400;0;0;0;0;78843;48;0;0;78672;0;0;0;0
FR;4;2021-05-05;6193;7;0;0;6188;0;0;0;0;85036;55;0;0;84860;0;0;0;0
FR;4;2021-05-06;11388;11;0;0;11385;0;0;0;0;96424;66;0;0;96245;0;0;0;0
FR;4;2021-05-07;19126;9;0;0;19087;0;0;0;0;115550;75;0;0;115332;0;0;0;0
FR;4;2021-05-08;2377;6;0;0;2381;0;0;0;0;117927;81;0;0;117713;0;0;0;0
FR;4;2021-05-09;692;3;0;0;693;0;0;0;0;118619;84;0;0;118406;0;0;0;0
FR;4;2021-05-10;7245;5;1;0;7242;0;0;0;0;125864;89;1;0;125648;0;0;0;0
FR;4;2021-05-11;14325;13;0;0;14305;0;0;0;0;140189;102;1;0;139953;0;0;0;0
FR;4;2021-05-12;10176;15;0;0;10179;0;0;0;0;150365;117;1;0;150132;0;0;0;0
FR;4;2021-05-13;1584;4;0;0;1585;0;0;0;0;151949;121;1;0;151717;0;0;0;0
FR;4;2021-05-14;7768;7;0;0;7763;0;0;0;0;159717;128;1;0;159480;0;0;0;0
FR;4;2021-05-15;3721;8;1;0;3720;0;0;0;0;163438;136;2;0;163200;0;0;0;0
FR;4;2021-05-16;417;1;0;0;417;0;0;0;0;163855;137;2;0;163617;0;0;0;0
FR;4;2021-05-17;4485;8;0;0;4484;0;0;0;0;168340;145;2;0;168101;0;0;0;0
FR;4;2021-05-18;8768;10;0;0;8768;0;0;0;0;177108;155;2;0;176869;0;0;0;0
FR;4;2021-05-19;5699;7;0;0;5701;0;0;0;0;182807;162;2;0;182570;0;0;0;0
FR;4;2021-05-20;9487;8;0;0;9479;0;0;0;0;192294;170;2;0;192049;0;0;0;0
FR;4;2021-05-21;12816;30;0;0;12823;0;0;0;0;205110;200;2;0;204872;0;0;0;0
FR;4;2021-05-22;5061;15;0;0;5068;0;0;0;0;210171;215;2;0;209940;0;0;0;0
FR;4;2021-05-23;498;4;0;0;501;0;0;0;0;210669;219;2;0;210441;0;0;0;0
FR;4;2021-05-24;1062;7;0;0;1066;0;0;0;0;211731;226;2;0;211507;0;0;0;0
FR;4;2021-05-25;7637;16;0;0;7643;0;0;0;0;219368;242;2;0;219150;0;0;0;0
FR;4;2021-05-26;7731;16;0;0;7739;0;0;0;0;227099;258;2;0;226889;0;0;0;0
FR;4;2021-05-27;14338;35;0;0;14347;0;0;0;0;241437;293;2;0;241236;0;0;0;0
FR;4;2021-05-28;26593;82;1;0;26634;0;0;0;0;268030;375;3;0;267870;0;0;0;0
FR;4;2021-05-29;11385;19;0;0;11385;0;0;0;0;279415;394;3;0;279255;0;0;0;0
FR;4;2021-05-30;974;7;0;0;973;0;0;0;0;280389;401;3;0;280228;0;0;0;0
FR;4;2021-05-31;12700;21;0;0;12700;0;0;0;0;293089;422;3;0;292928;0;0;0;0
FR;4;2021-06-01;20283;48;1;0;20301;0;0;0;0;313372;470;4;0;313229;0;0;0;0
FR;4;2021-06-02;14526;33;0;0;14538;0;0;0;0;327898;503;4;0;327767;0;0;0;0
FR;4;2021-06-03;19436;24;1;0;19434;0;0;0;0;347334;527;5;0;347201;0;0;0;0
FR;4;2021-06-04;22520;48;0;0;22538;0;0;0;0;369854;575;5;0;369739;0;0;0;0
FR;4;2021-06-05;9717;32;0;0;9721;0;0;0;0;379571;607;5;0;379460;0;0;0;0
FR;4;2021-06-06;1041;2;0;0;1037;0;0;0;0;380612;609;5;0;380497;0;0;0;0
FR;4;2021-06-07;9230;19;0;0;9238;0;0;0;0;389842;628;5;0;389735;0;0;0;0
FR;4;2021-06-08;14614;32;0;0;14626;0;0;0;0;404456;660;5;0;404361;0;0;0;0
FR;4;2021-06-09;12217;25;0;0;12225;0;0;0;0;416673;685;5;0;416586;0;0;0;0
FR;4;2021-06-10;15407;30;0;0;15415;0;0;0;0;432080;715;5;0;432001;0;0;0;0
FR;4;2021-06-11;16989;57;0;0;17016;0;0;0;0;449069;772;5;0;449017;0;0;0;0
FR;4;2021-06-12;7453;27;0;0;7478;0;0;0;0;456522;799;5;0;456495;0;0;0;0
FR;4;2021-06-13;908;3;0;0;910;0;0;0;0;457430;802;5;0;457405;0;0;0;0
FR;4;2021-06-14;6652;27;0;0;6662;0;0;0;0;464082;829;5;0;464067;0;0;0;0
FR;4;2021-06-15;10895;39;0;0;10912;0;0;0;0;474977;868;5;0;474979;0;0;0;0
FR;4;2021-06-16;8909;17;0;0;8917;0;0;0;0;483886;885;5;0;483896;0;0;0;0
FR;4;2021-06-17;10903;36;0;0;10915;0;0;0;0;494789;921;5;0;494811;0;0;0;0
FR;4;2021-06-18;12427;45;0;0;12454;0;0;0;0;507216;966;5;0;507265;0;0;0;0
FR;4;2021-06-19;5568;25;0;0;5588;0;0;0;0;512784;991;5;0;512853;0;0;0;0
FR;4;2021-06-20;828;5;0;0;832;0;0;0;0;513612;996;5;0;513685;0;0;0;0
FR;4;2021-06-21;5103;21;0;0;5103;0;0;0;0;518715;1017;5;0;518788;0;0;0;0
FR;4;2021-06-22;7914;29;2;0;7932;0;0;0;0;526629;1046;7;0;526720;0;0;0;0
FR;4;2021-06-23;7106;43;2;0;7133;0;0;0;0;533735;1089;9;0;533853;0;0;0;0
FR;4;2021-06-24;8656;46;1;0;8688;0;0;0;0;542391;1135;10;0;542541;0;0;0;0
FR;4;2021-06-25;10178;41;2;0;10210;0;0;0;0;552569;1176;12;0;552751;0;0;0;0
FR;4;2021-06-26;4853;21;0;0;4870;0;0;0;0;557422;1197;12;0;557621;0;0;0;0
FR;4;2021-06-27;769;4;0;0;771;0;0;0;0;558191;1201;12;0;558392;0;0;0;0
FR;4;2021-06-28;4834;16;1;0;4842;0;0;0;0;563025;1217;13;0;563234;0;0;0;0
FR;4;2021-06-29;7111;28;2;0;7120;0;0;0;0;570136;1245;15;0;570354;0;0;0;0
FR;4;2021-06-30;6727;40;2;0;6755;0;0;0;0;576863;1285;17;0;577109;0;0;0;0
FR;4;2021-07-01;8212;42;0;0;8234;0;0;0;0;585075;1327;17;0;585343;0;0;0;0
FR;4;2021-07-02;9430;53;1;0;9470;0;0;0;0;594505;1380;18;0;594813;0;0;0;0
FR;4;2021-07-03;4847;20;0;0;4862;0;0;0;0;599352;1400;18;0;599675;0;0;0;0
FR;4;2021-07-04;690;5;0;0;692;0;0;0;0;600042;1405;18;0;600367;0;0;0;0
FR;4;2021-07-05;4772;19;2;0;4783;0;0;0;0;604814;1424;20;0;605150;0;0;0;0
FR;4;2021-07-06;7729;29;4;0;7742;0;0;0;0;612543;1453;24;0;612892;0;0;0;0
FR;4;2021-07-07;7088;34;2;0;7100;0;0;0;0;619631;1487;26;0;619992;0;0;0;0
FR;4;2021-07-08;9234;40;2;0;9257;0;0;0;0;628865;1527;28;0;629249;0;0;0;0
FR;4;2021-07-09;10282;34;1;0;10305;0;0;0;0;639147;1561;29;0;639554;0;0;0;0
FR;4;2021-07-10;4639;14;2;0;4646;0;0;0;0;643786;1575;31;0;644200;0;0;0;0
FR;4;2021-07-11;584;4;1;0;582;0;0;0;0;644370;1579;32;0;644782;0;0;0;0
FR;4;2021-07-12;5877;29;0;0;5899;0;0;0;0;650247;1608;32;0;650681;0;0;0;0
FR;4;2021-07-13;14231;29;0;0;14249;0;0;0;0;664478;1637;32;0;664930;0;0;0;0
FR;4;2021-07-14;2291;15;0;0;2291;0;0;0;0;666769;1652;32;0;667221;0;0;0;0
FR;4;2021-07-15;18238;37;0;0;18255;0;0;0;0;685007;1689;32;0;685476;0;0;0;0
FR;4;2021-07-16;22838;71;2;0;22888;0;0;0;0;707845;1760;34;0;708364;0;0;0;0
FR;4;2021-07-17;9741;20;0;0;9749;0;0;0;0;717586;1780;34;0;718113;0;0;0;0
FR;4;2021-07-18;1358;5;0;0;1361;0;0;0;0;718944;1785;34;0;719474;0;0;0;0
FR;4;2021-07-19;12991;30;1;0;13016;0;0;0;0;731935;1815;35;0;732490;0;0;0;0
FR;4;2021-07-20;17344;26;1;0;17360;0;0;0;0;749279;1841;36;0;749850;0;0;0;0
FR;4;2021-07-21;15622;33;0;0;15642;0;0;0;0;764901;1874;36;0;765492;0;0;0;0
FR;4;2021-07-22;18247;45;2;0;18271;0;0;0;0;783148;1919;38;0;783763;0;0;0;0
FR;4;2021-07-23;20419;57;7;0;20452;0;0;0;0;803567;1976;45;0;804215;0;0;0;0
FR;4;2021-07-24;9290;34;0;0;9305;0;0;0;0;812857;2010;45;0;813520;0;0;0;0
FR;4;2021-07-25;1356;11;0;0;1358;0;0;0;0;814213;2021;45;0;814878;0;0;0;0
FR;4;2021-07-26;11050;23;0;0;11057;0;0;0;0;825263;2044;45;0;825935;0;0;0;0
FR;4;2021-07-27;14687;35;3;0;14707;0;0;0;0;839950;2079;48;0;840642;0;0;0;0
FR;4;2021-07-28;12936;26;2;0;12953;0;0;0;0;852886;2105;50;0;853595;0;0;0;0
FR;4;2021-07-29;14096;54;4;0;14137;0;0;0;0;866982;2159;54;0;867732;0;0;0;0
FR;4;2021-07-30;15502;46;2;0;15533;0;0;0;0;882484;2205;56;0;883265;0;0;0;0
FR;4;2021-07-31;6845;14;2;0;6855;0;0;0;0;889329;2219;58;0;890120;0;0;0;0
FR;4;2021-08-01;906;1;0;0;901;0;0;0;0;890235;2220;58;0;891021;0;0;0;0
FR;4;2021-08-02;7917;31;0;0;7918;0;0;0;0;898152;2251;58;0;898939;0;0;0;0
FR;4;2021-08-03;10804;31;2;0;10800;0;0;0;0;908956;2282;60;0;909739;0;0;0;0
FR;4;2021-08-04;9749;29;0;0;9748;0;0;0;0;918705;2311;60;0;919487;0;0;0;0
FR;4;2021-08-05;9831;42;0;0;9837;0;0;0;0;928536;2353;60;0;929324;0;0;0;0
FR;4;2021-08-06;10201;30;3;0;10198;0;0;0;0;938737;2383;63;0;939522;0;0;0;0
FR;4;2021-08-07;5100;30;1;0;5116;0;0;0;0;943837;2413;64;0;944638;0;0;0;0
FR;4;2021-08-08;1224;13;0;0;1227;0;0;0;0;945061;2426;64;0;945865;0;0;0;0
FR;4;2021-08-09;6350;31;0;0;6343;0;0;0;0;951411;2457;64;0;952208;0;0;0;0
FR;4;2021-08-10;8753;18;0;0;8724;0;0;0;0;960164;2475;64;0;960932;0;0;0;0
FR;4;2021-08-11;7944;34;4;0;7933;0;0;0;0;968108;2509;68;0;968865;0;0;0;0
FR;4;2021-08-12;8585;31;1;0;8573;0;0;0;0;976693;2540;69;0;977438;0;0;0;0
FR;4;2021-08-13;7559;25;0;1;7546;0;0;0;0;984252;2565;69;1;984984;0;0;0;0
FR;4;2021-08-14;3793;20;0;0;3777;0;0;0;0;988045;2585;69;1;988761;0;0;0;0
FR;4;2021-08-15;771;5;0;0;773;0;0;0;0;988816;2590;69;1;989534;0;0;0;0
FR;4;2021-08-16;4009;17;0;0;4004;0;0;0;0;992825;2607;69;1;993538;0;0;0;0
FR;4;2021-08-17;5631;17;1;0;5621;0;0;0;0;998456;2624;70;1;999159;0;0;0;0
FR;4;2021-08-18;5171;37;0;0;5188;0;0;0;0;1003627;2661;70;1;1004347;0;0;0;0
FR;4;2021-08-19;5488;34;3;0;5502;0;0;0;0;1009115;2695;73;1;1009849;0;0;0;0
FR;4;2021-08-20;5225;25;1;0;5235;0;0;0;0;1014340;2720;74;1;1015084;0;0;0;0
FR;4;2021-08-21;2311;22;1;0;2327;0;0;0;0;1016651;2742;75;1;1017411;0;0;0;0
FR;4;2021-08-22;414;2;0;0;415;0;0;0;0;1017065;2744;75;1;1017826;0;0;0;0
FR;4;2021-08-23;2935;21;1;0;2943;0;0;0;0;1020000;2765;76;1;1020769;0;0;0;0
FR;4;2021-08-24;3758;16;0;0;3761;0;0;0;0;1023758;2781;76;1;1024530;0;0;0;0
FR;4;2021-08-25;3545;25;1;0;3561;0;0;0;0;1027303;2806;77;1;1028091;0;0;0;0
FR;4;2021-08-26;3716;21;2;0;3728;0;0;0;0;1031019;2827;79;1;1031819;0;0;0;0
FR;4;2021-08-27;3617;31;2;0;3635;0;0;0;0;1034636;2858;81;1;1035454;0;0;0;0
FR;4;2021-08-28;1732;10;1;0;1737;0;0;0;0;1036368;2868;82;1;1037191;0;0;0;0
FR;4;2021-08-29;385;7;1;0;389;0;0;0;0;1036753;2875;83;1;1037580;0;0;0;0
FR;4;2021-08-30;2010;25;0;0;2018;16;0;0;0;1038763;2900;83;1;1039598;16;0;0;0
FR;4;2021-08-31;2486;21;0;0;2493;14;0;0;0;1041249;2921;83;1;1042091;30;0;0;0
FR;4;2021-09-01;2085;38;1;0;2096;22;0;0;0;1043334;2959;84;1;1044187;52;0;0;0
FR;4;2021-09-02;2308;31;4;0;2321;18;0;0;0;1045642;2990;88;1;1046508;70;0;0;0
FR;4;2021-09-03;2365;44;5;0;2374;36;0;0;0;1048007;3034;93;1;1048882;106;0;0;0
FR;4;2021-09-04;1374;18;0;0;1381;9;0;0;0;1049381;3052;93;1;1050263;115;0;0;0
FR;4;2021-09-05;433;2;0;0;433;2;0;0;0;1049814;3054;93;1;1050696;117;0;0;0
FR;4;2021-09-06;1713;62;0;0;1750;24;0;0;0;1051527;3116;93;1;1052446;141;0;0;0
FR;4;2021-09-07;1681;18;0;0;1690;8;0;0;0;1053208;3134;93;1;1054136;149;0;0;0
FR;4;2021-09-08;1286;26;3;0;1291;19;0;0;0;1054494;3160;96;1;1055427;168;0;0;0
FR;4;2021-09-09;1394;23;2;0;1404;9;0;0;0;1055888;3183;98;1;1056831;177;0;0;0
FR;4;2021-09-10;1521;31;2;0;1525;23;1;0;0;1057409;3214;100;1;1058356;200;1;0;0
FR;4;2021-09-11;746;11;0;0;749;3;0;0;0;1058155;3225;100;1;1059105;203;1;0;0
FR;4;2021-09-12;169;5;0;0;170;4;0;0;0;1058324;3230;100;1;1059275;207;1;0;0
FR;4;2021-09-13;1325;22;1;0;1328;16;0;0;0;1059649;3252;101;1;1060603;223;1;0;0
FR;4;2021-09-14;1505;9;2;0;1507;7;0;0;0;1061154;3261;103;1;1062110;230;1;0;0
FR;4;2021-09-15;1095;28;1;0;1098;25;0;0;0;1062249;3289;104;1;1063208;255;1;0;0
FR;4;2021-09-16;1106;22;2;0;1110;15;0;0;0;1063355;3311;106;1;1064318;270;1;0;0
FR;4;2021-09-17;897;21;1;0;904;12;0;0;0;1064252;3332;107;1;1065222;282;1;0;0
FR;4;2021-09-18;464;7;1;0;465;6;0;0;0;1064716;3339;108;1;1065687;288;1;0;0
FR;4;2021-09-19;182;3;0;0;183;2;0;0;0;1064898;3342;108;1;1065870;290;1;0;0
FR;4;2021-09-20;452;19;0;0;458;13;0;0;0;1065350;3361;108;1;1066328;303;1;0;0
FR;4;2021-09-21;433;11;0;0;435;7;0;0;0;1065783;3372;108;1;1066763;310;1;0;0
FR;4;2021-09-22;377;19;2;0;384;13;0;0;0;1066160;3391;110;1;1067147;323;1;0;0
FR;4;2021-09-23;487;15;1;0;488;14;0;0;0;1066647;3406;111;1;1067635;337;1;0;0
FR;4;2021-09-24;415;13;2;0;419;9;0;0;0;1067062;3419;113;1;1068054;346;1;0;0
FR;4;2021-09-25;281;10;1;0;282;5;0;0;0;1067343;3429;114;1;1068336;351;1;0;0
FR;4;2021-09-26;75;2;0;0;76;1;0;0;0;1067418;3431;114;1;1068412;352;1;0;0
FR;4;2021-09-27;269;10;1;0;270;8;0;0;0;1067687;3441;115;1;1068682;360;1;0;0
FR;4;2021-09-28;319;8;0;0;319;8;0;0;0;1068006;3449;115;1;1069001;368;1;0;0
FR;4;2021-09-29;378;19;1;0;380;13;0;0;0;1068384;3468;116;1;1069381;381;1;0;0
FR;4;2021-09-30;366;41;0;0;380;22;0;0;0;1068750;3509;116;1;1069761;403;1;0;0
FR;4;2021-10-01;411;56;0;0;413;50;0;0;0;1069161;3565;116;1;1070174;453;1;0;0
FR;4;2021-10-02;196;23;1;0;198;14;0;0;0;1069357;3588;117;1;1070372;467;1;0;0
FR;4;2021-10-03;86;1;0;0;87;0;0;0;0;1069443;3589;117;1;1070459;467;1;0;0
FR;4;2021-10-04;363;20;1;0;367;16;0;0;0;1069806;3609;118;1;1070826;483;1;0;0
FR;4;2021-10-05;286;19;2;0;288;15;0;0;0;1070092;3628;120;1;1071114;498;1;0;0
FR;4;2021-10-06;249;23;1;0;254;18;0;0;0;1070341;3651;121;1;1071368;516;1;0;0
FR;4;2021-10-07;268;25;2;0;273;13;0;0;0;1070609;3676;123;1;1071641;529;1;0;0
FR;4;2021-10-08;357;24;2;0;360;20;0;0;0;1070966;3700;125;1;1072001;549;1;0;0
FR;4;2021-10-09;194;6;6;0;195;7;0;0;0;1071160;3706;131;1;1072196;556;1;0;0
FR;4;2021-10-10;97;3;2;0;99;3;0;0;0;1071257;3709;133;1;1072295;559;1;0;0
FR;4;2021-10-11;251;15;1;0;252;14;0;0;0;1071508;3724;134;1;1072547;573;1;0;0
FR;4;2021-10-12;211;14;0;0;211;13;0;0;0;1071719;3738;134;1;1072758;586;1;0;0
FR;4;2021-10-13;221;28;1;0;224;25;0;0;0;1071940;3766;135;1;1072982;611;1;0;0
FR;4;2021-10-14;316;21;4;0;320;15;0;0;0;1072256;3787;139;1;1073302;626;1;0;0
FR;4;2021-10-15;324;24;5;0;325;25;0;0;0;1072580;3811;144;1;1073627;651;1;0;0
FR;4;2021-10-16;167;6;2;0;167;6;0;0;0;1072747;3817;146;1;1073794;657;1;0;0
FR;4;2021-10-17;70;2;0;0;71;1;0;0;0;1072817;3819;146;1;1073865;658;1;0;0
FR;4;2021-10-18;281;16;1;0;283;13;0;0;0;1073098;3835;147;1;1074148;671;1;0;0
FR;4;2021-10-19;216;14;2;0;216;15;0;0;0;1073314;3849;149;1;1074364;686;1;0;0
FR;4;2021-10-20;231;27;4;0;234;15;0;0;0;1073545;3876;153;1;1074598;701;1;0;0
FR;4;2021-10-21;244;18;0;0;246;14;0;0;0;1073789;3894;153;1;1074844;715;1;0;0
FR;4;2021-10-22;217;25;2;0;219;20;1;0;0;1074006;3919;155;1;1075063;735;2;0;0
FR;4;2021-10-23;117;16;1;0;118;15;0;0;0;1074123;3935;156;1;1075181;750;2;0;0
FR;4;2021-10-24;39;4;0;0;39;1;0;0;0;1074162;3939;156;1;1075220;751;2;0;0
FR;4;2021-10-25;218;7;2;0;218;9;0;0;0;1074380;3946;158;1;1075438;760;2;0;0
FR;4;2021-10-26;200;14;0;0;202;12;0;0;0;1074580;3960;158;1;1075640;772;2;0;0
FR;4;2021-10-27;196;12;4;0;196;12;2;0;0;1074776;3972;162;1;1075836;784;4;0;0
FR;4;2021-10-28;186;18;5;0;186;22;0;0;0;1074962;3990;167;1;1076022;806;4;0;0
FR;4;2021-10-29;225;18;2;0;226;16;0;0;0;1075187;4008;169;1;1076248;822;4;0;0
FR;4;2021-10-30;104;2;1;0;105;2;0;0;0;1075291;4010;170;1;1076353;824;4;0;0
FR;4;2021-10-31;59;3;2;0;60;3;0;0;0;1075350;4013;172;1;1076413;827;4;0;0
FR;4;2021-11-01;76;27;4;0;77;24;3;0;0;1075426;4040;176;1;1076490;851;7;0;0
FR;4;2021-11-02;164;21;2;0;165;21;0;0;0;1075590;4061;178;1;1076655;872;7;0;0
FR;4;2021-11-03;132;21;8;1;133;19;6;0;0;1075722;4082;186;2;1076788;891;13;0;0
FR;4;2021-11-04;187;15;1;0;188;12;1;0;0;1075909;4097;187;2;1076976;903;14;0;0
FR;4;2021-11-05;130;17;1;0;131;16;0;0;0;1076039;4114;188;2;1077107;919;14;0;0
FR;4;2021-11-06;81;6;1;0;81;6;0;0;0;1076120;4120;189;2;1077188;925;14;0;0
FR;4;2021-11-07;83;2;2;0;83;4;0;0;0;1076203;4122;191;2;1077271;929;14;0;0
FR;4;2021-11-08;162;20;1;0;163;20;0;0;0;1076365;4142;192;2;1077434;949;14;0;0
FR;4;2021-11-09;159;14;3;0;159;16;0;0;0;1076524;4156;195;2;1077593;965;14;0;0
FR;4;2021-11-10;121;30;7;0;121;33;2;0;0;1076645;4186;202;2;1077714;998;16;0;0
FR;4;2021-11-11;100;10;1;0;100;11;0;0;0;1076745;4196;203;2;1077814;1009;16;0;0
FR;4;2021-11-12;106;19;2;0;107;18;1;0;0;1076851;4215;205;2;1077921;1027;17;0;0
FR;4;2021-11-13;74;15;2;0;75;14;0;0;0;1076925;4230;207;2;1077996;1041;17;0;0
FR;4;2021-11-14;55;5;4;0;56;8;0;0;0;1076980;4235;211;2;1078052;1049;17;0;0
FR;4;2021-11-15;99;26;2;0;101;24;2;0;0;1077079;4261;213;2;1078153;1073;19;0;0
FR;4;2021-11-16;109;14;3;0;109;17;0;0;0;1077188;4275;216;2;1078262;1090;19;0;0
FR;4;2021-11-17;121;30;4;0;121;30;1;0;0;1077309;4305;220;2;1078383;1120;20;0;0
FR;4;2021-11-18;103;34;14;0;105;43;1;0;0;1077412;4339;234;2;1078488;1163;21;0;0
FR;4;2021-11-19;89;21;3;0;89;22;1;0;0;1077501;4360;237;2;1078577;1185;22;0;0
FR;4;2021-11-20;78;8;1;0;78;8;0;0;0;1077579;4368;238;2;1078655;1193;22;0;0
FR;4;2021-11-21;69;7;2;0;69;9;0;0;0;1077648;4375;240;2;1078724;1202;22;0;0
FR;4;2021-11-22;109;28;9;0;110;33;2;0;0;1077757;4403;249;2;1078834;1235;24;0;0
FR;4;2021-11-23;78;31;6;0;79;29;2;0;0;1077835;4434;255;2;1078913;1264;26;0;0
FR;4;2021-11-24;90;23;12;0;92;25;4;0;0;1077925;4457;267;2;1079005;1289;30;0;0
FR;4;2021-11-25;96;28;19;0;97;35;5;0;0;1078021;4485;286;2;1079102;1324;35;0;0
FR;4;2021-11-26;85;43;12;0;89;45;3;0;0;1078106;4528;298;2;1079191;1369;38;0;0
FR;4;2021-11-27;42;22;15;0;42;25;10;0;0;1078148;4550;313;2;1079233;1394;48;0;0
FR;4;2021-11-28;53;8;0;0;54;7;0;0;0;1078201;4558;313;2;1079287;1401;48;0;0
FR;4;2021-11-29;90;31;16;0;90;40;2;0;0;1078291;4589;329;2;1079377;1441;50;0;0
FR;4;2021-11-30;77;37;13;0;77;42;2;0;0;1078368;4626;342;2;1079454;1483;52;0;0
FR;4;2021-12-01;88;60;19;0;88;67;11;0;0;1078456;4686;361;2;1079542;1550;63;0;0
FR;4;2021-12-02;113;48;21;0;117;56;3;0;0;1078569;4734;382;2;1079659;1606;66;0;0
FR;4;2021-12-03;104;36;15;0;104;44;4;0;0;1078673;4770;397;2;1079763;1650;70;0;0
FR;4;2021-12-04;72;31;18;0;74;44;1;0;0;1078745;4801;415;2;1079837;1694;71;0;0
FR;4;2021-12-05;64;7;1;0;65;7;0;0;0;1078809;4808;416;2;1079902;1701;71;0;0
FR;4;2021-12-06;111;46;20;0;111;60;3;0;0;1078920;4854;436;2;1080013;1761;74;0;0
FR;4;2021-12-07;85;37;9;0;88;36;3;0;0;1079005;4891;445;2;1080101;1797;77;0;0
FR;4;2021-12-08;72;31;17;0;74;38;7;0;0;1079077;4922;462;2;1080175;1835;84;0;0
FR;4;2021-12-09;65;32;10;1;65;39;3;0;0;1079142;4954;472;3;1080240;1874;87;0;0
FR;4;2021-12-10;64;64;20;0;65;68;10;0;0;1079206;5018;492;3;1080305;1942;97;0;0
FR;4;2021-12-11;29;34;7;0;29;34;3;0;0;1079235;5052;499;3;1080334;1976;100;0;0
FR;4;2021-12-12;29;12;3;0;29;15;0;0;0;1079264;5064;502;3;1080363;1991;100;0;0
FR;4;2021-12-13;76;40;14;0;78;49;2;0;0;1079340;5104;516;3;1080441;2040;102;0;0
FR;4;2021-12-14;61;43;17;0;62;54;2;0;0;1079401;5147;533;3;1080503;2094;104;0;0
FR;4;2021-12-15;68;64;29;0;68;85;6;0;0;1079469;5211;562;3;1080571;2179;110;0;0
FR;4;2021-12-16;35;45;18;0;36;58;3;0;0;1079504;5256;580;3;1080607;2237;113;0;0
FR;4;2021-12-17;39;55;11;0;39;59;6;0;0;1079543;5311;591;3;1080646;2296;119;0;0
FR;4;2021-12-18;49;30;2;0;50;31;0;0;0;1079592;5341;593;3;1080696;2327;119;0;0
FR;4;2021-12-19;16;4;1;0;17;4;0;0;0;1079608;5345;594;3;1080713;2331;119;0;0
FR;4;2021-12-20;45;38;10;0;46;41;6;0;0;1079653;5383;604;3;1080759;2372;125;0;0
FR;4;2021-12-21;31;32;17;0;33;39;5;0;0;1079684;5415;621;3;1080792;2411;130;0;0
FR;4;2021-12-22;37;38;10;0;38;38;7;0;0;1079721;5453;631;3;1080830;2449;137;0;0
FR;4;2021-12-23;40;45;8;0;40;49;2;0;0;1079761;5498;639;3;1080870;2498;139;0;0
FR;4;2021-12-24;24;28;10;0;26;31;4;0;0;1079785;5526;649;3;1080896;2529;143;0;0
FR;4;2021-12-25;7;3;3;0;7;4;2;0;0;1079792;5529;652;3;1080903;2533;145;0;0
FR;4;2021-12-26;5;3;1;0;6;2;0;0;0;1079797;5532;653;3;1080909;2535;145;0;0
FR;4;2021-12-27;31;41;9;0;32;43;4;0;0;1079828;5573;662;3;1080941;2578;149;0;0
FR;4;2021-12-28;27;28;7;0;29;29;4;0;0;1079855;5601;669;3;1080970;2607;153;0;0
FR;4;2021-12-29;56;25;11;0;57;30;5;0;0;1079911;5626;680;3;1081027;2637;158;0;0
FR;4;2021-12-30;48;19;12;0;51;22;5;0;0;1079959;5645;692;3;1081078;2659;163;0;0
FR;4;2021-12-31;20;6;8;0;21;11;2;0;0;1079979;5651;700;3;1081099;2670;165;0;0
FR;4;2022-01-01;6;4;5;0;6;7;1;0;0;1079985;5655;705;3;1081105;2677;166;0;0
FR;4;2022-01-02;42;5;16;0;42;20;1;0;0;1080027;5660;721;3;1081147;2697;167;0;0
FR;4;2022-01-03;45;55;25;1;47;65;10;0;0;1080072;5715;746;4;1081194;2762;177;0;0
FR;4;2022-01-04;38;28;16;0;39;33;8;0;0;1080110;5743;762;4;1081233;2795;185;0;0
FR;4;2022-01-05;52;24;19;0;58;27;9;0;0;1080162;5767;781;4;1081291;2822;194;0;0
FR;4;2022-01-06;52;23;24;0;52;39;8;0;0;1080214;5790;805;4;1081343;2861;202;0;0
FR;4;2022-01-07;31;20;16;0;33;21;12;0;0;1080245;5810;821;4;1081376;2882;214;0;0
FR;4;2022-01-08;13;6;10;0;14;12;3;0;0;1080258;5816;831;4;1081390;2894;217;0;0
FR;4;2022-01-09;20;2;3;0;21;4;0;0;0;1080278;5818;834;4;1081411;2898;217;0;0
FR;4;2022-01-10;51;22;19;0;51;36;4;0;0;1080329;5840;853;4;1081462;2934;221;0;0
FR;4;2022-01-11;30;31;12;0;34;35;1;0;0;1080359;5871;865;4;1081496;2969;222;0;0
FR;4;2022-01-12;35;21;13;0;37;23;9;0;0;1080394;5892;878;4;1081533;2992;231;0;0
FR;4;2022-01-13;55;20;27;0;56;38;8;0;0;1080449;5912;905;4;1081589;3030;239;0;0
FR;4;2022-01-14;25;32;13;0;26;35;7;0;0;1080474;5944;918;4;1081615;3065;246;0;0
FR;4;2022-01-15;15;6;8;0;16;12;1;0;0;1080489;5950;926;4;1081631;3077;247;0;0
FR;4;2022-01-16;12;9;14;0;12;22;1;0;0;1080501;5959;940;4;1081643;3099;248;0;0
FR;4;2022-01-17;27;19;15;0;27;28;5;0;0;1080528;5978;955;4;1081670;3127;253;0;0
FR;4;2022-01-18;17;14;10;0;17;21;3;0;0;1080545;5992;965;4;1081687;3148;256;0;0
FR;4;2022-01-19;33;23;13;0;33;34;1;0;0;1080578;6015;978;4;1081720;3182;257;0;0
FR;4;2022-01-20;34;34;13;0;36;39;5;0;0;1080612;6049;991;4;1081756;3221;262;0;0
FR;4;2022-01-21;11;12;20;1;11;17;15;0;1;1080623;6061;1011;5;1081767;3238;277;0;1
FR;4;2022-01-22;30;13;3;0;30;14;2;0;0;1080653;6074;1014;5;1081797;3252;279;0;1
FR;4;2022-01-23;8;2;7;0;8;9;0;0;0;1080661;6076;1021;5;1081805;3261;279;0;1
FR;4;2022-01-24;14;21;9;0;15;28;1;0;0;1080675;6097;1030;5;1081820;3289;280;0;1
FR;4;2022-01-25;22;32;10;1;23;38;3;0;0;1080697;6129;1040;6;1081843;3327;283;0;1
FR;4;2022-01-26;20;17;9;1;21;21;4;0;0;1080717;6146;1049;7;1081864;3348;287;0;1
FR;4;2022-01-27;22;19;8;0;23;25;1;0;0;1080739;6165;1057;7;1081887;3373;288;0;1
FR;4;2022-01-28;14;23;8;0;15;26;4;0;0;1080753;6188;1065;7;1081902;3399;292;0;1
FR;4;2022-01-29;17;6;5;0;17;10;0;0;0;1080770;6194;1070;7;1081919;3409;292;0;1
FR;4;2022-01-30;19;3;2;0;19;5;0;0;0;1080789;6197;1072;7;1081938;3414;292;0;1
FR;4;2022-01-31;22;28;8;0;22;32;2;0;0;1080811;6225;1080;7;1081960;3446;294;0;1
FR;4;2022-02-01;13;24;12;0;15;24;9;0;0;1080824;6249;1092;7;1081975;3470;303;0;1
FR;4;2022-02-02;18;11;14;2;18;20;7;0;0;1080842;6260;1106;9;1081993;3490;310;0;1
FR;4;2022-02-03;16;24;11;0;18;29;4;0;0;1080858;6284;1117;9;1082011;3519;314;0;1
FR;4;2022-02-04;7;5;7;0;7;9;3;0;0;1080865;6289;1124;9;1082018;3528;317;0;1
FR;4;2022-02-05;7;14;1;0;8;13;1;0;0;1080872;6303;1125;9;1082026;3541;318;0;1
FR;4;2022-02-06;8;4;4;0;8;7;1;0;0;1080880;6307;1129;9;1082034;3548;319;0;1
FR;4;2022-02-07;15;19;8;0;17;19;6;0;0;1080895;6326;1137;9;1082051;3567;325;0;1
FR;4;2022-02-08;19;21;13;1;21;22;10;0;0;1080914;6347;1150;10;1082072;3589;335;0;1
FR;4;2022-02-09;17;12;9;0;18;17;2;0;0;1080931;6359;1159;10;1082090;3606;337;0;1
FR;4;2022-02-10;23;23;10;0;24;25;7;0;0;1080954;6382;1169;10;1082114;3631;344;0;1
FR;4;2022-02-11;18;15;8;0;18;20;3;0;0;1080972;6397;1177;10;1082132;3651;347;0;1
FR;4;2022-02-12;24;6;3;0;26;7;0;0;0;1080996;6403;1180;10;1082158;3658;347;0;1
FR;4;2022-02-13;7;3;3;0;7;6;0;0;0;1081003;6406;1183;10;1082165;3664;347;0;1
FR;4;2022-02-14;21;10;10;0;21;16;4;0;0;1081024;6416;1193;10;1082186;3680;351;0;1
FR;4;2022-02-15;18;7;2;0;18;8;0;0;0;1081042;6423;1195;10;1082204;3688;351;0;1
FR;4;2022-02-16;17;10;11;0;17;17;3;0;0;1081059;6433;1206;10;1082221;3705;354;0;1
FR;4;2022-02-17;11;4;5;0;11;7;2;0;0;1081070;6437;1211;10;1082232;3712;356;0;1
FR;4;2022-02-18;16;15;8;0;16;21;2;0;0;1081086;6452;1219;10;1082248;3733;358;0;1
FR;4;2022-02-19;16;4;2;0;17;5;0;0;0;1081102;6456;1221;10;1082265;3738;358;0;1
FR;4;2022-02-20;8;3;0;0;9;2;0;0;0;1081110;6459;1221;10;1082274;3740;358;0;1
FR;4;2022-02-21;24;5;4;0;24;7;2;0;0;1081134;6464;1225;10;1082298;3747;360;0;1
FR;4;2022-02-22;8;5;10;0;9;10;4;0;0;1081142;6469;1235;10;1082307;3757;364;0;1
FR;4;2022-02-23;17;6;10;0;17;10;5;0;0;1081159;6475;1245;10;1082324;3767;369;0;1
FR;4;2022-02-24;11;5;4;0;11;7;2;0;0;1081170;6480;1249;10;1082335;3774;371;0;1
FR;4;2022-02-25;16;5;7;0;16;6;6;0;0;1081186;6485;1256;10;1082351;3780;377;0;1
FR;4;2022-02-26;27;3;0;0;27;3;0;0;0;1081213;6488;1256;10;1082378;3783;377;0;1
FR;4;2022-02-27;9;0;1;0;9;1;0;0;0;1081222;6488;1257;10;1082387;3784;377;0;1
FR;4;2022-02-28;18;3;2;0;19;3;1;0;0;1081240;6491;1259;10;1082406;3787;378;0;1
FR;4;2022-03-01;8;4;7;0;8;5;5;0;0;1081248;6495;1266;10;1082414;3792;383;0;1
FR;4;2022-03-02;16;2;5;0;16;6;1;0;0;1081264;6497;1271;10;1082430;3798;384;0;1
FR;4;2022-03-03;19;5;3;0;19;6;1;0;0;1081283;6502;1274;10;1082449;3804;385;0;1
FR;4;2022-03-04;7;8;2;1;7;6;3;0;0;1081290;6510;1276;11;1082456;3810;388;0;1
FR;4;2022-03-05;9;2;0;0;9;2;0;0;0;1081299;6512;1276;11;1082465;3812;388;0;1
FR;4;2022-03-06;4;0;1;0;4;1;0;0;0;1081303;6512;1277;11;1082469;3813;388;0;1
FR;4;2022-03-07;10;6;2;0;10;5;2;0;0;1081313;6518;1279;11;1082479;3818;390;0;1
FR;4;2022-03-08;15;3;0;0;15;3;0;0;0;1081328;6521;1279;11;1082494;3821;390;0;1
FR;4;2022-03-09;9;7;2;0;11;7;0;0;0;1081337;6528;1281;11;1082505;3828;390;0;1
FR;4;2022-03-10;5;1;6;0;5;3;4;0;0;1081342;6529;1287;11;1082510;3831;394;0;1
FR;4;2022-03-11;10;4;5;0;12;2;5;0;0;1081352;6533;1292;11;1082522;3833;399;0;1
FR;4;2022-03-12;10;2;0;0;11;0;0;0;0;1081362;6535;1292;11;1082533;3833;399;0;1
FR;4;2022-03-13;6;2;1;0;7;2;0;0;0;1081368;6537;1293;11;1082540;3835;399;0;1
FR;4;2022-03-14;4;3;1;0;5;3;0;0;0;1081372;6540;1294;11;1082545;3838;399;0;1
FR;4;2022-03-15;8;6;3;0;10;5;2;0;0;1081380;6546;1297;11;1082555;3843;401;0;1
FR;4;2022-03-16;7;3;3;0;7;3;3;0;0;1081387;6549;1300;11;1082562;3846;404;0;1
FR;4;2022-03-17;3;4;1;0;3;5;0;0;0;1081390;6553;1301;11;1082565;3851;404;0;1
FR;4;2022-03-18;9;3;0;0;9;3;0;0;0;1081399;6556;1301;11;1082574;3854;404;0;1
FR;4;2022-03-19;1;1;1;0;1;2;0;0;0;1081400;6557;1302;11;1082575;3856;404;0;1
FR;4;2022-03-20;3;1;2;0;3;2;1;0;0;1081403;6558;1304;11;1082578;3858;405;0;1
FR;4;2022-03-21;6;4;1;0;6;5;0;0;0;1081409;6562;1305;11;1082584;3863;405;0;1
FR;4;2022-03-22;4;2;2;0;4;3;1;0;0;1081413;6564;1307;11;1082588;3866;406;0;1
FR;4;2022-03-23;6;4;5;0;6;8;1;0;0;1081419;6568;1312;11;1082594;3874;407;0;1
FR;4;2022-03-24;2;5;3;1;2;7;2;0;0;1081421;6573;1315;12;1082596;3881;409;0;1
FR;4;2022-03-25;3;1;2;0;3;1;2;0;0;1081424;6574;1317;12;1082599;3882;411;0;1
FR;4;2022-03-26;5;5;0;0;5;5;0;0;0;1081429;6579;1317;12;1082604;3887;411;0;1
FR;4;2022-03-27;1;0;3;0;1;2;1;0;0;1081430;6579;1320;12;1082605;3889;412;0;1
FR;4;2022-03-28;6;1;3;0;7;3;0;0;0;1081436;6580;1323;12;1082612;3892;412;0;1
FR;4;2022-03-29;9;0;4;1;9;0;2;0;0;1081445;6580;1327;13;1082621;3892;414;0;1
FR;4;2022-03-30;3;4;0;0;3;4;0;0;0;1081448;6584;1327;13;1082624;3896;414;0;1
FR;4;2022-03-31;5;3;2;1;5;4;1;0;0;1081453;6587;1329;14;1082629;3900;415;0;1
FR;4;2022-04-01;15;3;5;0;15;6;2;0;0;1081468;6590;1334;14;1082644;3906;417;0;1
FR;4;2022-04-02;4;4;0;0;5;3;0;0;0;1081472;6594;1334;14;1082649;3909;417;0;1
FR;4;2022-04-03;0;1;0;0;0;1;0;0;0;1081472;6595;1334;14;1082649;3910;417;0;1
FR;4;2022-04-04;4;4;4;0;5;5;2;0;0;1081476;6599;1338;14;1082654;3915;419;0;1
FR;4;2022-04-05;4;3;3;1;5;3;3;0;0;1081480;6602;1341;15;1082659;3918;422;0;1
FR;4;2022-04-06;6;1;0;0;6;1;0;0;0;1081486;6603;1341;15;1082665;3919;422;0;1
FR;4;2022-04-07;3;2;3;2;3;5;0;0;0;1081489;6605;1344;17;1082668;3924;422;0;1
FR;4;2022-04-08;4;2;1;0;4;2;1;0;0;1081493;6607;1345;17;1082672;3926;423;0;1
FR;4;2022-04-09;0;0;1;1;0;1;1;0;0;1081493;6607;1346;18;1082672;3927;424;0;1
FR;4;2022-04-10;2;2;0;0;2;2;0;0;0;1081495;6609;1346;18;1082674;3929;424;0;1
FR;4;2022-04-11;4;3;4;0;4;5;2;0;0;1081499;6612;1350;18;1082678;3934;426;0;1
FR;4;2022-04-12;5;1;4;0;5;2;3;0;0;1081504;6613;1354;18;1082683;3936;429;0;1
FR;4;2022-04-13;5;8;2;1;5;10;1;0;0;1081509;6621;1356;19;1082688;3946;430;0;1
FR;4;2022-04-14;6;4;2;1;7;5;1;0;0;1081515;6625;1358;20;1082695;3951;431;0;1
FR;4;2022-04-15;7;9;1;0;7;10;0;0;0;1081522;6634;1359;20;1082702;3961;431;0;1
FR;4;2022-04-16;1;0;0;0;1;0;0;0;0;1081523;6634;1359;20;1082703;3961;431;0;1
FR;4;2022-04-17;3;2;1;0;3;3;0;0;0;1081526;6636;1360;20;1082706;3964;431;0;1
FR;4;2022-04-18;2;2;6;0;2;4;4;0;0;1081528;6638;1366;20;1082708;3968;435;0;1
FR;4;2022-04-19;3;0;1;0;3;0;1;0;0;1081531;6638;1367;20;1082711;3968;436;0;1
FR;4;2022-04-20;15;4;1;1;16;3;1;0;0;1081546;6642;1368;21;1082727;3971;437;0;1
FR;4;2022-04-21;7;1;0;0;7;1;0;0;0;1081553;6643;1368;21;1082734;3972;437;0;1
FR;4;2022-04-22;1;1;2;0;1;2;1;0;0;1081554;6644;1370;21;1082735;3974;438;0;1
FR;4;2022-04-23;2;3;3;0;2;6;0;0;0;1081556;6647;1373;21;1082737;3980;438;0;1
FR;4;2022-04-24;0;3;0;0;0;3;0;0;0;1081556;6650;1373;21;1082737;3983;438;0;1
FR;4;2022-04-25;3;5;3;0;3;8;0;0;0;1081559;6655;1376;21;1082740;3991;438;0;1
FR;4;2022-04-26;5;6;1;0;5;6;1;0;0;1081564;6661;1377;21;1082745;3997;439;0;1
FR;4;2022-04-27;4;1;1;2;5;1;2;0;0;1081568;6662;1378;23;1082750;3998;441;0;1
FR;4;2022-04-28;3;5;5;1;3;7;4;0;0;1081571;6667;1383;24;1082753;4005;445;0;1
FR;4;2022-04-29;6;3;0;0;6;2;0;0;0;1081577;6670;1383;24;1082759;4007;445;0;1
FR;4;2022-04-30;2;1;1;0;2;2;0;0;0;1081579;6671;1384;24;1082761;4009;445;0;1
FR;4;2022-05-01;0;0;0;0;0;0;0;0;0;1081579;6671;1384;24;1082761;4009;445;0;1
FR;4;2022-05-02;5;16;6;0;5;19;3;0;0;1081584;6687;1390;24;1082766;4028;448;0;1
FR;4;2022-05-03;2;6;2;0;2;7;1;0;0;1081586;6693;1392;24;1082768;4035;449;0;1
FR;4;2022-05-04;7;4;1;0;7;4;1;0;0;1081593;6697;1393;24;1082775;4039;450;0;1
FR;4;2022-05-05;5;2;1;1;6;1;2;0;0;1081598;6699;1394;25;1082781;4040;452;0;1
FR;4;2022-05-06;5;3;1;0;6;2;1;0;0;1081603;6702;1395;25;1082787;4042;453;0;1
FR;4;2022-05-07;0;0;0;0;0;0;0;0;0;1081603;6702;1395;25;1082787;4042;453;0;1
FR;4;2022-05-08;1;1;0;0;1;1;0;0;0;1081604;6703;1395;25;1082788;4043;453;0;1
FR;4;2022-05-09;5;1;0;1;5;1;1;0;0;1081609;6704;1395;26;1082793;4044;454;0;1
FR;4;2022-05-10;3;1;0;2;3;3;0;0;0;1081612;6705;1395;28;1082796;4047;454;0;1
FR;4;2022-05-11;4;2;4;0;4;5;1;0;0;1081616;6707;1399;28;1082800;4052;455;0;1
FR;4;2022-05-12;7;4;2;1;7;5;1;0;1;1081623;6711;1401;29;1082807;4057;456;0;2
FR;4;2022-05-13;1;0;2;0;1;2;0;0;0;1081624;6711;1403;29;1082808;4059;456;0;2
FR;4;2022-05-14;0;2;0;0;0;2;0;0;0;1081624;6713;1403;29;1082808;4061;456;0;2
FR;4;2022-05-15;2;2;0;0;4;0;0;0;0;1081626;6715;1403;29;1082812;4061;456;0;2
FR;4;2022-05-16;5;2;2;0;5;2;2;0;0;1081631;6717;1405;29;1082817;4063;458;0;2
FR;4;2022-05-17;5;1;2;0;5;3;0;0;0;1081636;6718;1407;29;1082822;4066;458;0;2
FR;4;2022-05-18;3;6;0;0;3;6;0;0;0;1081639;6724;1407;29;1082825;4072;458;0;2
FR;4;2022-05-19;2;3;3;0;2;5;1;0;0;1081641;6727;1410;29;1082827;4077;459;0;2
FR;4;2022-05-20;4;2;3;0;4;2;3;0;0;1081645;6729;1413;29;1082831;4079;462;0;2
FR;4;2022-05-21;2;0;1;0;2;1;0;0;0;1081647;6729;1414;29;1082833;4080;462;0;2
FR;4;2022-05-22;0;0;1;0;0;1;0;0;0;1081647;6729;1415;29;1082833;4081;462;0;2
FR;4;2022-05-23;0;0;2;0;0;0;2;0;0;1081647;6729;1417;29;1082833;4081;464;0;2
FR;4;2022-05-24;2;4;1;0;2;5;0;0;0;1081649;6733;1418;29;1082835;4086;464;0;2
FR;4;2022-05-25;1;4;1;0;3;3;0;0;0;1081650;6737;1419;29;1082838;4089;464;0;2
FR;4;2022-05-26;5;0;1;0;5;1;0;0;0;1081655;6737;1420;29;1082843;4090;464;0;2
FR;4;2022-05-27;0;2;1;1;0;3;1;0;0;1081655;6739;1421;30;1082843;4093;465;0;2
FR;4;2022-05-28;1;0;0;0;1;0;0;0;0;1081656;6739;1421;30;1082844;4093;465;0;2
FR;4;2022-05-29;1;0;1;0;1;1;0;0;0;1081657;6739;1422;30;1082845;4094;465;0;2
FR;4;2022-05-30;3;4;2;0;3;5;1;0;0;1081660;6743;1424;30;1082848;4099;466;0;2
FR;4;2022-05-31;2;1;0;0;2;1;0;0;0;1081662;6744;1424;30;1082850;4100;466;0;2
FR;4;2022-06-01;3;11;7;0;3;15;3;0;0;1081665;6755;1431;30;1082853;4115;469;0;2
FR;4;2022-06-02;6;7;3;0;6;7;2;0;0;1081671;6762;1434;30;1082859;4122;471;0;2
FR;4;2022-06-03;2;6;4;1;2;7;4;0;0;1081673;6768;1438;31;1082861;4129;475;0;2
FR;4;2022-06-04;0;1;1;1;0;1;2;0;0;1081673;6769;1439;32;1082861;4130;477;0;2
FR;4;2022-06-05;0;0;0;0;0;0;0;0;0;1081673;6769;1439;32;1082861;4130;477;0;2
FR;4;2022-06-06;8;0;3;0;8;2;1;0;0;1081681;6769;1442;32;1082869;4132;478;0;2
FR;4;2022-06-07;6;2;0;1;6;2;1;0;0;1081687;6771;1442;33;1082875;4134;479;0;2
FR;4;2022-06-08;0;5;3;0;1;7;0;0;0;1081687;6776;1445;33;1082876;4141;479;0;2
FR;4;2022-06-09;1;2;0;0;2;1;0;0;0;1081688;6778;1445;33;1082878;4142;479;0;2
FR;4;2022-06-10;4;0;3;0;4;1;2;0;0;1081692;6778;1448;33;1082882;4143;481;0;2
FR;4;2022-06-11;1;0;0;0;1;0;0;0;0;1081693;6778;1448;33;1082883;4143;481;0;2
FR;4;2022-06-12;4;0;0;0;4;0;0;0;0;1081697;6778;1448;33;1082887;4143;481;0;2
FR;4;2022-06-13;6;2;3;0;7;2;1;0;0;1081703;6780;1451;33;1082894;4145;482;0;2
FR;4;2022-06-14;4;3;0;0;5;2;0;0;0;1081707;6783;1451;33;1082899;4147;482;0;2
FR;4;2022-06-15;9;3;4;0;9;3;4;0;0;1081716;6786;1455;33;1082908;4150;486;0;2
FR;4;2022-06-16;2;3;1;1;3;2;1;0;1;1081718;6789;1456;34;1082911;4152;487;0;3
FR;4;2022-06-17;6;1;0;0;6;1;0;0;0;1081724;6790;1456;34;1082917;4153;487;0;3
FR;4;2022-06-18;0;0;0;0;0;0;0;0;0;1081724;6790;1456;34;1082917;4153;487;0;3
FR;4;2022-06-19;3;0;0;0;3;0;0;0;0;1081727;6790;1456;34;1082920;4153;487;0;3
FR;4;2022-06-20;5;2;2;1;5;3;2;0;0;1081732;6792;1458;35;1082925;4156;489;0;3
FR;4;2022-06-21;5;2;4;1;6;4;2;0;0;1081737;6794;1462;36;1082931;4160;491;0;3
FR;4;2022-06-22;3;2;1;3;4;2;1;0;0;1081740;6796;1463;39;1082935;4162;492;0;3
FR;4;2022-06-23;3;3;3;0;3;5;1;0;0;1081743;6799;1466;39;1082938;4167;493;0;3
FR;4;2022-06-24;3;0;2;0;3;0;2;0;0;1081746;6799;1468;39;1082941;4167;495;0;3
FR;4;2022-06-25;3;0;1;1;3;1;1;0;0;1081749;6799;1469;40;1082944;4168;496;0;3
FR;4;2022-06-26;0;0;1;0;0;1;0;0;0;1081749;6799;1470;40;1082944;4169;496;0;3
FR;4;2022-06-27;2;2;1;3;2;3;3;0;0;1081751;6801;1471;43;1082946;4172;499;0;3
FR;4;2022-06-28;0;4;2;1;0;5;2;0;0;1081751;6805;1473;44;1082946;4177;501;0;3
FR;4;2022-06-29;1;2;0;0;1;2;0;0;0;1081752;6807;1473;44;1082947;4179;501;0;3
FR;4;2022-06-30;2;0;0;0;2;0;0;0;0;1081754;6807;1473;44;1082949;4179;501;0;3
FR;4;2022-07-01;2;4;8;0;2;4;8;0;0;1081756;6811;1481;44;1082951;4183;509;0;3
FR;4;2022-07-02;0;1;0;0;1;0;0;0;0;1081756;6812;1481;44;1082952;4183;509;0;3
FR;4;2022-07-03;0;0;0;0;0;0;0;0;0;1081756;6812;1481;44;1082952;4183;509;0;3
FR;4;2022-07-04;4;1;0;0;4;1;0;0;0;1081760;6813;1481;44;1082956;4184;509;0;3
FR;4;2022-07-05;3;1;3;0;3;3;1;0;0;1081763;6814;1484;44;1082959;4187;510;0;3
FR;4;2022-07-06;5;0;1;1;5;0;1;0;1;1081768;6814;1485;45;1082964;4187;511;0;4
FR;4;2022-07-07;2;0;2;1;2;0;3;0;0;1081770;6814;1487;46;1082966;4187;514;0;4
FR;4;2022-07-08;3;1;0;0;3;1;0;0;0;1081773;6815;1487;46;1082969;4188;514;0;4
FR;4;2022-07-09;2;2;1;0;2;3;0;0;0;1081775;6817;1488;46;1082971;4191;514;0;4
FR;4;2022-07-10;2;0;1;0;2;0;0;0;0;1081777;6817;1489;46;1082973;4191;514;0;4
FR;4;2022-07-11;3;0;2;0;3;0;1;0;0;1081780;6817;1491;46;1082976;4191;515;0;4
FR;4;2022-07-12;0;0;2;0;0;2;0;0;0;1081780;6817;1493;46;1082976;4193;515;0;4
FR;4;2022-07-13;3;2;3;1;3;2;4;0;0;1081783;6819;1496;47;1082979;4195;519;0;4
FR;4;2022-07-14;6;0;1;0;6;0;1;0;0;1081789;6819;1497;47;1082985;4195;520;0;4
FR;4;2022-07-15;11;2;0;0;11;2;0;0;0;1081800;6821;1497;47;1082996;4197;520;0;4
FR;4;2022-07-16;5;0;0;2;5;0;2;0;0;1081805;6821;1497;49;1083001;4197;522;0;4
FR;4;2022-07-17;1;0;1;1;1;0;2;0;0;1081806;6821;1498;50;1083002;4197;524;0;4
FR;4;2022-07-18;3;3;2;0;3;3;2;0;0;1081809;6824;1500;50;1083005;4200;526;0;4
FR;4;2022-07-19;4;0;1;0;4;1;0;0;0;1081813;6824;1501;50;1083009;4201;526;0;4
FR;4;2022-07-20;12;1;1;0;13;1;0;0;0;1081825;6825;1502;50;1083022;4202;526;0;4
FR;4;2022-07-21;2;3;1;0;2;3;1;0;0;1081827;6828;1503;50;1083024;4205;527;0;4
FR;4;2022-07-22;5;0;3;0;5;1;2;0;0;1081832;6828;1506;50;1083029;4206;529;0;4
FR;4;2022-07-23;1;2;0;0;1;1;0;0;0;1081833;6830;1506;50;1083030;4207;529;0;4
FR;4;2022-07-24;1;0;0;0;1;0;0;0;0;1081834;6830;1506;50;1083031;4207;529;0;4
FR;4;2022-07-25;7;0;2;0;7;2;0;0;0;1081841;6830;1508;50;1083038;4209;529;0;4
FR;4;2022-07-26;2;0;0;0;2;0;0;0;0;1081843;6830;1508;50;1083040;4209;529;0;4
FR;4;2022-07-27;3;1;0;0;3;0;0;0;0;1081846;6831;1508;50;1083043;4209;529;0;4
FR;4;2022-07-28;11;0;0;0;11;0;0;0;0;1081857;6831;1508;50;1083054;4209;529;0;4
FR;4;2022-07-29;3;0;2;0;3;1;1;0;0;1081860;6831;1510;50;1083057;4210;530;0;4
FR;4;2022-07-30;5;0;2;0;5;0;2;0;0;1081865;6831;1512;50;1083062;4210;532;0;4
FR;4;2022-07-31;0;0;0;0;0;0;0;0;0;1081865;6831;1512;50;1083062;4210;532;0;4
FR;4;2022-08-01;4;0;3;0;4;2;1;0;0;1081869;6831;1515;50;1083066;4212;533;0;4
FR;4;2022-08-02;6;0;0;0;6;0;0;0;0;1081875;6831;1515;50;1083072;4212;533;0;4
FR;4;2022-08-03;2;2;1;0;2;2;1;0;0;1081877;6833;1516;50;1083074;4214;534;0;4
FR;4;2022-08-04;5;2;0;1;5;2;1;0;0;1081882;6835;1516;51;1083079;4216;535;0;4
FR;4;2022-08-05;2;0;1;0;2;0;1;0;0;1081884;6835;1517;51;1083081;4216;536;0;4
FR;4;2022-08-06;2;0;0;0;2;0;0;0;0;1081886;6835;1517;51;1083083;4216;536;0;4
FR;4;2022-08-07;5;0;0;0;5;0;0;0;0;1081891;6835;1517;51;1083088;4216;536;0;4
FR;4;2022-08-08;2;0;1;1;2;1;1;0;0;1081893;6835;1518;52;1083090;4217;537;0;4
FR;4;2022-08-09;1;1;2;2;1;2;3;0;0;1081894;6836;1520;54;1083091;4219;540;0;4
FR;4;2022-08-10;6;1;1;0;7;1;0;0;0;1081900;6837;1521;54;1083098;4220;540;0;4
FR;4;2022-08-11;2;0;1;0;2;1;0;0;0;1081902;6837;1522;54;1083100;4221;540;0;4
FR;4;2022-08-12;4;0;1;0;4;0;1;0;0;1081906;6837;1523;54;1083104;4221;541;0;4
FR;4;2022-08-13;1;0;0;0;1;0;0;0;0;1081907;6837;1523;54;1083105;4221;541;0;4
FR;4;2022-08-14;0;0;0;0;0;0;0;0;0;1081907;6837;1523;54;1083105;4221;541;0;4
FR;4;2022-08-15;1;2;3;0;1;2;3;0;0;1081908;6839;1526;54;1083106;4223;544;0;4
FR;4;2022-08-16;0;0;1;0;0;1;0;0;0;1081908;6839;1527;54;1083106;4224;544;0;4
FR;4;2022-08-17;3;0;0;0;3;0;0;0;0;1081911;6839;1527;54;1083109;4224;544;0;4
FR;4;2022-08-18;5;0;0;0;5;0;0;0;0;1081916;6839;1527;54;1083114;4224;544;0;4
FR;4;2022-08-19;5;0;0;0;5;0;0;0;0;1081921;6839;1527;54;1083119;4224;544;0;4
FR;4;2022-08-20;1;1;0;0;2;0;0;0;0;1081922;6840;1527;54;1083121;4224;544;0;4
FR;4;2022-08-21;1;0;0;0;1;0;0;0;0;1081923;6840;1527;54;1083122;4224;544;0;4
FR;4;2022-08-22;3;9;0;0;3;9;0;0;0;1081926;6849;1527;54;1083125;4233;544;0;4
FR;4;2022-08-23;3;3;3;0;3;4;2;0;0;1081929;6852;1530;54;1083128;4237;546;0;4
FR;4;2022-08-24;6;0;0;1;6;0;1;0;0;1081935;6852;1530;55;1083134;4237;547;0;4
FR;4;2022-08-25;1;3;2;0;1;4;1;0;0;1081936;6855;1532;55;1083135;4241;548;0;4
FR;4;2022-08-26;2;0;0;1;2;0;1;0;0;1081938;6855;1532;56;1083137;4241;549;0;4
FR;4;2022-08-27;1;0;0;0;1;0;0;0;0;1081939;6855;1532;56;1083138;4241;549;0;4
FR;4;2022-08-28;0;1;0;0;0;0;0;0;0;1081939;6856;1532;56;1083138;4241;549;0;4
FR;4;2022-08-29;8;0;0;0;8;0;0;0;0;1081947;6856;1532;56;1083146;4241;549;0;4
FR;4;2022-08-30;5;0;0;0;5;0;0;0;0;1081952;6856;1532;56;1083151;4241;549;0;4
FR;4;2022-08-31;2;1;0;0;2;1;0;0;0;1081954;6857;1532;56;1083153;4242;549;0;4
FR;4;2022-09-01;4;8;2;0;5;7;2;0;0;1081958;6865;1534;56;1083158;4249;551;0;4
FR;4;2022-09-02;2;1;1;0;2;2;0;0;0;1081960;6866;1535;56;1083160;4251;551;0;4
FR;4;2022-09-03;3;0;0;0;3;0;0;0;0;1081963;6866;1535;56;1083163;4251;551;0;4
FR;4;2022-09-04;1;0;0;0;1;0;0;0;0;1081964;6866;1535;56;1083164;4251;551;0;4
FR;4;2022-09-05;4;2;0;0;4;2;0;0;0;1081968;6868;1535;56;1083168;4253;551;0;4
FR;4;2022-09-06;1;0;0;0;1;0;0;0;0;1081969;6868;1535;56;1083169;4253;551;0;4
FR;4;2022-09-07;1;0;1;1;1;1;1;0;0;1081970;6868;1536;57;1083170;4254;552;0;4
FR;4;2022-09-08;3;0;0;0;3;0;0;0;0;1081973;6868;1536;57;1083173;4254;552;0;4
FR;4;2022-09-09;2;0;0;0;2;0;0;0;0;1081975;6868;1536;57;1083175;4254;552;0;4
FR;4;2022-09-10;0;1;0;3;0;2;2;0;0;1081975;6869;1536;60;1083175;4256;554;0;4
FR;4;2022-09-11;2;0;0;0;2;0;0;0;0;1081977;6869;1536;60;1083177;4256;554;0;4
FR;4;2022-09-12;1;1;1;0;1;1;1;0;0;1081978;6870;1537;60;1083178;4257;555;0;4
FR;4;2022-09-13;1;0;0;0;1;0;0;0;0;1081979;6870;1537;60;1083179;4257;555;0;4
FR;4;2022-09-14;3;0;0;0;3;0;0;0;0;1081982;6870;1537;60;1083182;4257;555;0;4
FR;4;2022-09-15;4;0;0;0;4;0;0;0;0;1081986;6870;1537;60;1083186;4257;555;0;4
FR;4;2022-09-16;1;0;0;0;1;0;0;0;0;1081987;6870;1537;60;1083187;4257;555;0;4
FR;4;2022-09-17;2;0;0;0;2;0;0;0;0;1081989;6870;1537;60;1083189;4257;555;0;4
FR;4;2022-09-18;0;1;0;0;0;1;0;0;0;1081989;6871;1537;60;1083189;4258;555;0;4
FR;4;2022-09-19;3;0;2;0;3;2;0;0;0;1081992;6871;1539;60;1083192;4260;555;0;4
FR;4;2022-09-20;4;0;0;0;4;0;0;0;0;1081996;6871;1539;60;1083196;4260;555;0;4
FR;4;2022-09-21;2;1;0;0;2;1;0;0;0;1081998;6872;1539;60;1083198;4261;555;0;4
FR;4;2022-09-22;2;1;0;0;2;1;0;0;0;1082000;6873;1539;60;1083200;4262;555;0;4
FR;4;2022-09-23;2;3;0;0;3;2;0;0;0;1082002;6876;1539;60;1083203;4264;555;0;4
FR;4;2022-09-24;1;0;0;0;1;0;0;0;0;1082003;6876;1539;60;1083204;4264;555;0;4
FR;4;2022-09-25;0;0;0;0;0;0;0;0;0;1082003;6876;1539;60;1083204;4264;555;0;4
FR;4;2022-09-26;2;0;1;0;2;0;1;0;0;1082005;6876;1540;60;1083206;4264;556;0;4
FR;4;2022-09-27;1;0;1;1;1;0;2;0;0;1082006;6876;1541;61;1083207;4264;558;0;4
FR;4;2022-09-28;3;0;2;0;3;2;0;0;0;1082009;6876;1543;61;1083210;4266;558;0;4
FR;4;2022-09-29;3;0;1;1;3;1;1;0;0;1082012;6876;1544;62;1083213;4267;559;0;4
FR;4;2022-09-30;1;1;0;0;1;1;0;0;0;1082013;6877;1544;62;1083214;4268;559;0;4
FR;4;2022-10-01;1;1;0;0;2;0;0;0;0;1082014;6878;1544;62;1083216;4268;559;0;4
FR;4;2022-10-02;0;1;0;0;0;1;0;0;0;1082014;6879;1544;62;1083216;4269;559;0;4
FR;4;2022-10-03;2;2;1;1;3;2;1;0;0;1082016;6881;1545;63;1083219;4271;560;0;4
FR;4;2022-10-04;2;0;0;0;2;0;0;0;0;1082018;6881;1545;63;1083221;4271;560;0;4
FR;4;2022-10-05;0;1;0;0;0;1;0;0;0;1082018;6882;1545;63;1083221;4272;560;0;4
FR;4;2022-10-06;2;0;0;0;2;0;0;0;0;1082020;6882;1545;63;1083223;4272;560;0;4
FR;4;2022-10-07;3;0;1;0;3;0;1;0;0;1082023;6882;1546;63;1083226;4272;561;0;4
FR;4;2022-10-08;4;1;0;0;4;0;0;0;0;1082027;6883;1546;63;1083230;4272;561;0;4
FR;4;2022-10-09;0;0;0;0;0;0;0;0;0;1082027;6883;1546;63;1083230;4272;561;0;4
FR;4;2022-10-10;5;0;2;3;5;2;1;0;2;1082032;6883;1548;66;1083235;4274;562;0;6
FR;4;2022-10-11;1;2;0;0;1;1;0;0;0;1082033;6885;1548;66;1083236;4275;562;0;6
FR;4;2022-10-12;1;0;0;0;1;0;0;0;0;1082034;6885;1548;66;1083237;4275;562;0;6
FR;4;2022-10-13;5;0;0;0;5;0;0;0;0;1082039;6885;1548;66;1083242;4275;562;0;6
FR;4;2022-10-14;1;0;0;0;1;0;0;0;0;1082040;6885;1548;66;1083243;4275;562;0;6
FR;4;2022-10-15;1;2;0;0;1;2;0;0;0;1082041;6887;1548;66;1083244;4277;562;0;6
FR;4;2022-10-16;0;0;0;0;0;0;0;0;0;1082041;6887;1548;66;1083244;4277;562;0;6
FR;4;2022-10-17;2;0;1;0;2;1;0;0;0;1082043;6887;1549;66;1083246;4278;562;0;6
FR;4;2022-10-18;1;0;0;1;1;0;1;0;0;1082044;6887;1549;67;1083247;4278;563;0;6
FR;4;2022-10-19;1;0;0;2;1;0;2;0;3;1082045;6887;1549;69;1083248;4278;565;0;9
FR;4;2022-10-20;4;1;0;0;4;1;0;0;0;1082049;6888;1549;69;1083252;4279;565;0;9
FR;4;2022-10-21;1;1;0;0;1;1;0;0;0;1082050;6889;1549;69;1083253;4280;565;0;9
FR;4;2022-10-22;1;0;0;0;1;0;0;0;0;1082051;6889;1549;69;1083254;4280;565;0;9
FR;4;2022-10-23;0;0;0;0;0;0;0;0;0;1082051;6889;1549;69;1083254;4280;565;0;9
FR;4;2022-10-24;3;0;0;0;3;0;0;0;0;1082054;6889;1549;69;1083257;4280;565;0;9
FR;4;2022-10-25;2;0;0;0;2;0;0;0;0;1082056;6889;1549;69;1083259;4280;565;0;9
FR;4;2022-10-26;2;1;0;0;2;1;0;0;0;1082058;6890;1549;69;1083261;4281;565;0;9
FR;4;2022-10-27;3;1;1;0;3;0;1;0;0;1082061;6891;1550;69;1083264;4281;566;0;9
FR;4;2022-10-28;0;0;0;0;0;0;0;0;0;1082061;6891;1550;69;1083264;4281;566;0;9
FR;4;2022-10-29;1;0;0;3;1;0;3;0;3;1082062;6891;1550;72;1083265;4281;569;0;12
FR;4;2022-10-30;1;0;0;0;1;0;0;0;0;1082063;6891;1550;72;1083266;4281;569;0;12
FR;4;2022-10-31;1;0;0;0;1;0;0;0;0;1082064;6891;1550;72;1083267;4281;569;0;12
FR;4;2022-11-01;1;6;0;0;1;6;0;0;0;1082065;6897;1550;72;1083268;4287;569;0;12
FR;4;2022-11-02;0;0;2;2;0;1;3;0;0;1082065;6897;1552;74;1083268;4288;572;0;12
FR;4;2022-11-03;1;0;0;0;1;0;0;0;0;1082066;6897;1552;74;1083269;4288;572;0;12
FR;4;2022-11-04;4;1;0;0;4;0;0;0;0;1082070;6898;1552;74;1083273;4288;572;0;12
FR;4;2022-11-05;0;0;0;0;0;0;0;0;0;1082070;6898;1552;74;1083273;4288;572;0;12
FR;4;2022-11-06;2;0;0;0;2;0;0;0;0;1082072;6898;1552;74;1083275;4288;572;0;12
FR;4;2022-11-07;2;0;0;0;2;0;0;0;0;1082074;6898;1552;74;1083277;4288;572;0;12
FR;4;2022-11-08;7;0;0;0;7;0;0;0;0;1082081;6898;1552;74;1083284;4288;572;0;12
FR;4;2022-11-09;0;0;0;0;0;0;0;0;0;1082081;6898;1552;74;1083284;4288;572;0;12
FR;4;2022-11-10;0;0;1;0;0;1;0;0;0;1082081;6898;1553;74;1083284;4289;572;0;12
FR;4;2022-11-11;1;0;0;0;1;0;0;0;0;1082082;6898;1553;74;1083285;4289;572;0;12
FR;4;2022-11-12;3;1;0;0;3;1;0;0;0;1082085;6899;1553;74;1083288;4290;572;0;12
FR;4;2022-11-13;0;0;0;0;0;0;0;0;0;1082085;6899;1553;74;1083288;4290;572;0;12
FR;4;2022-11-14;0;0;0;0;0;0;0;0;0;1082085;6899;1553;74;1083288;4290;572;0;12
FR;4;2022-11-15;3;1;0;0;3;1;0;0;0;1082088;6900;1553;74;1083291;4291;572;0;12
FR;4;2022-11-16;1;1;0;0;1;1;0;0;0;1082089;6901;1553;74;1083292;4292;572;0;12
FR;4;2022-11-17;0;1;0;0;0;1;0;0;0;1082089;6902;1553;74;1083292;4293;572;0;12
FR;4;2022-11-18;5;0;1;0;5;0;1;0;0;1082094;6902;1554;74;1083297;4293;573;0;12
FR;4;2022-11-19;0;0;0;0;0;0;0;0;0;1082094;6902;1554;74;1083297;4293;573;0;12
FR;4;2022-11-20;0;0;0;1;0;0;0;0;1;1082094;6902;1554;75;1083297;4293;573;0;13
FR;4;2022-11-21;0;0;0;0;0;0;0;0;0;1082094;6902;1554;75;1083297;4293;573;0;13
FR;4;2022-11-22;0;1;1;0;0;2;0;0;0;1082094;6903;1555;75;1083297;4295;573;0;13
FR;4;2022-11-23;1;0;0;0;1;0;0;0;1;1082095;6903;1555;75;1083298;4295;573;0;14
FR;4;2022-11-24;0;2;0;0;0;2;0;0;0;1082095;6905;1555;75;1083298;4297;573;0;14
FR;4;2022-11-25;3;4;0;0;3;4;0;0;0;1082098;6909;1555;75;1083301;4301;573;0;14
FR;4;2022-11-26;1;0;0;0;1;0;0;0;0;1082099;6909;1555;75;1083302;4301;573;0;14
FR;4;2022-11-27;0;0;0;0;0;0;0;0;0;1082099;6909;1555;75;1083302;4301;573;0;14
FR;4;2022-11-28;3;0;0;0;3;0;0;0;0;1082102;6909;1555;75;1083305;4301;573;0;14
FR;4;2022-11-29;3;0;0;0;3;0;0;0;0;1082105;6909;1555;75;1083308;4301;573;0;14
FR;4;2022-11-30;0;0;0;0;0;0;0;0;0;1082105;6909;1555;75;1083308;4301;573;0;14
FR;4;2022-12-01;1;2;2;0;2;2;1;0;0;1082106;6911;1557;75;1083310;4303;574;0;14
FR;4;2022-12-02;2;1;0;1;2;1;0;0;1;1082108;6912;1557;76;1083312;4304;574;0;15
FR;4;2022-12-03;1;0;0;0;1;0;0;0;0;1082109;6912;1557;76;1083313;4304;574;0;15
FR;4;2022-12-04;0;0;0;0;0;0;0;0;0;1082109;6912;1557;76;1083313;4304;574;0;15
FR;4;2022-12-05;2;1;0;0;2;1;0;0;0;1082111;6913;1557;76;1083315;4305;574;0;15
FR;4;2022-12-06;2;0;0;0;2;0;0;0;0;1082113;6913;1557;76;1083317;4305;574;0;15
FR;4;2022-12-07;2;3;1;0;2;4;0;0;0;1082115;6916;1558;76;1083319;4309;574;0;15
FR;4;2022-12-08;1;0;0;0;1;0;0;0;0;1082116;6916;1558;76;1083320;4309;574;0;15
FR;4;2022-12-09;2;0;1;0;2;0;1;0;0;1082118;6916;1559;76;1083322;4309;575;0;15
FR;4;2022-12-10;1;0;0;0;1;0;0;0;0;1082119;6916;1559;76;1083323;4309;575;0;15
FR;4;2022-12-11;0;0;0;0;0;0;0;0;0;1082119;6916;1559;76;1083323;4309;575;0;15
FR;4;2022-12-12;1;1;0;5;1;1;5;0;0;1082120;6917;1559;81;1083324;4310;580;0;15
FR;4;2022-12-13;1;0;0;0;1;0;0;0;0;1082121;6917;1559;81;1083325;4310;580;0;15
FR;4;2022-12-14;0;0;0;0;0;0;0;0;0;1082121;6917;1559;81;1083325;4310;580;0;15
FR;4;2022-12-15;1;1;0;0;1;1;0;0;0;1082122;6918;1559;81;1083326;4311;580;0;15
FR;4;2022-12-16;2;0;0;0;2;0;0;0;0;1082124;6918;1559;81;1083328;4311;580;0;15
FR;4;2022-12-17;0;0;1;0;0;0;1;0;0;1082124;6918;1560;81;1083328;4311;581;0;15
FR;4;2022-12-18;1;0;0;0;1;0;0;0;0;1082125;6918;1560;81;1083329;4311;581;0;15
FR;4;2022-12-19;1;0;0;0;1;0;0;0;0;1082126;6918;1560;81;1083330;4311;581;0;15
FR;4;2022-12-20;4;2;0;0;5;1;0;0;0;1082130;6920;1560;81;1083335;4312;581;0;15
FR;4;2022-12-21;3;0;0;0;3;0;0;0;0;1082133;6920;1560;81;1083338;4312;581;0;15
FR;4;2022-12-22;2;1;0;0;2;1;0;0;0;1082135;6921;1560;81;1083340;4313;581;0;15
FR;4;2022-12-23;3;0;0;0;3;0;0;0;0;1082138;6921;1560;81;1083343;4313;581;0;15
FR;4;2022-12-24;0;0;0;0;0;0;0;0;0;1082138;6921;1560;81;1083343;4313;581;0;15
FR;4;2022-12-25;0;0;0;0;0;0;0;0;0;1082138;6921;1560;81;1083343;4313;581;0;15
FR;4;2022-12-26;1;2;0;0;1;1;0;0;0;1082139;6923;1560;81;1083344;4314;581;0;15
FR;4;2022-12-27;1;0;0;0;1;0;0;0;0;1082140;6923;1560;81;1083345;4314;581;0;15
FR;4;2022-12-28;0;0;0;0;0;0;0;0;0;1082140;6923;1560;81;1083345;4314;581;0;15
FR;4;2022-12-29;0;1;0;0;1;0;0;0;0;1082140;6924;1560;81;1083346;4314;581;0;15
FR;4;2022-12-30;1;0;0;0;1;0;0;0;0;1082141;6924;1560;81;1083347;4314;581;0;15
FR;4;2022-12-31;0;0;0;0;0;0;0;0;0;1082141;6924;1560;81;1083347;4314;581;0;15
FR;4;2023-01-01;0;0;0;0;0;0;0;0;0;1082141;6924;1560;81;1083347;4314;581;0;15
FR;4;2023-01-02;1;0;0;0;1;0;0;0;0;1082142;6924;1560;81;1083348;4314;581;0;15
FR;4;2023-01-03;0;0;0;0;0;0;0;0;0;1082142;6924;1560;81;1083348;4314;581;0;15
FR;4;2023-01-04;0;0;0;0;0;0;0;0;0;1082142;6924;1560;81;1083348;4314;581;0;15
FR;4;2023-01-05;0;0;0;0;0;0;0;0;0;1082142;6924;1560;81;1083348;4314;581;0;15
FR;4;2023-01-06;0;1;3;0;0;4;0;0;0;1082142;6925;1563;81;1083348;4318;581;0;15
FR;4;2023-01-07;1;0;0;0;1;0;0;0;0;1082143;6925;1563;81;1083349;4318;581;0;15
FR;4;2023-01-08;1;0;0;0;1;0;0;0;0;1082144;6925;1563;81;1083350;4318;581;0;15
FR;4;2023-01-09;1;0;0;0;1;0;0;0;0;1082145;6925;1563;81;1083351;4318;581;0;15
FR;4;2023-01-10;1;0;0;0;1;0;0;0;0;1082146;6925;1563;81;1083352;4318;581;0;15
FR;4;2023-01-11;0;0;0;0;0;0;0;0;0;1082146;6925;1563;81;1083352;4318;581;0;15
FR;4;2023-01-12;1;2;0;0;1;2;0;0;0;1082147;6927;1563;81;1083353;4320;581;0;15
FR;4;2023-01-13;1;0;2;0;1;0;2;0;0;1082148;6927;1565;81;1083354;4320;583;0;15
FR;4;2023-01-14;0;0;0;0;0;0;0;0;0;1082148;6927;1565;81;1083354;4320;583;0;15
FR;4;2023-01-15;0;0;0;0;0;0;0;0;0;1082148;6927;1565;81;1083354;4320;583;0;15
FR;4;2023-01-16;1;0;0;0;1;0;0;0;0;1082149;6927;1565;81;1083355;4320;583;0;15
FR;4;2023-01-17;2;0;0;0;2;0;0;0;0;1082151;6927;1565;81;1083357;4320;583;0;15
FR;4;2023-01-18;1;0;0;0;1;0;0;0;0;1082152;6927;1565;81;1083358;4320;583;0;15
FR;4;2023-01-19;1;0;0;2;1;0;0;0;0;1082153;6927;1565;83;1083359;4320;583;0;15
FR;4;2023-01-20;0;0;0;0;0;0;0;0;0;1082153;6927;1565;83;1083359;4320;583;0;15
FR;4;2023-01-21;0;0;0;0;0;0;0;0;0;1082153;6927;1565;83;1083359;4320;583;0;15
FR;4;2023-01-22;0;0;0;0;0;0;0;0;0;1082153;6927;1565;83;1083359;4320;583;0;15
FR;4;2023-01-23;1;0;0;0;1;0;0;0;0;1082154;6927;1565;83;1083360;4320;583;0;15
FR;4;2023-01-24;2;0;0;0;2;0;0;0;0;1082156;6927;1565;83;1083362;4320;583;0;15
FR;4;2023-01-25;0;0;0;0;0;0;0;0;0;1082156;6927;1565;83;1083362;4320;583;0;15
FR;4;2023-01-26;0;0;0;0;0;0;0;0;0;1082156;6927;1565;83;1083362;4320;583;0;15
FR;4;2023-01-27;0;0;0;0;0;0;0;0;0;1082156;6927;1565;83;1083362;4320;583;0;15
FR;4;2023-01-28;0;0;0;0;0;0;0;0;0;1082156;6927;1565;83;1083362;4320;583;0;15
FR;4;2023-01-29;0;0;0;0;0;0;0;0;0;1082156;6927;1565;83;1083362;4320;583;0;15
FR;4;2023-01-30;0;0;0;0;0;0;0;0;0;1082156;6927;1565;83;1083362;4320;583;0;15
FR;4;2023-01-31;0;0;0;0;0;0;0;0;0;1082156;6927;1565;83;1083362;4320;583;0;15
FR;4;2023-02-01;0;0;0;0;0;0;0;0;0;1082156;6927;1565;83;1083362;4320;583;0;15
FR;4;2023-02-02;1;2;2;1;1;3;1;0;0;1082157;6929;1567;84;1083363;4323;584;0;15
FR;4;2023-02-03;0;0;0;0;0;0;0;0;0;1082157;6929;1567;84;1083363;4323;584;0;15
FR;4;2023-02-04;1;0;0;0;1;0;0;0;0;1082158;6929;1567;84;1083364;4323;584;0;15
FR;4;2023-02-05;0;0;0;0;0;0;0;0;0;1082158;6929;1567;84;1083364;4323;584;0;15
FR;4;2023-02-06;0;0;0;0;0;0;0;0;0;1082158;6929;1567;84;1083364;4323;584;0;15
FR;4;2023-02-07;1;0;0;0;1;0;0;0;0;1082159;6929;1567;84;1083365;4323;584;0;15
FR;4;2023-02-08;2;1;0;0;2;0;0;0;0;1082161;6930;1567;84;1083367;4323;584;0;15
FR;4;2023-02-09;0;1;0;0;0;1;0;0;0;1082161;6931;1567;84;1083367;4324;584;0;15
FR;5;2020-12-27;0;0;0;0;0;0;0;0;0;0;0;0;0;0;0;0;0;0
FR;5;2020-12-28;0;0;0;0;0;0;0;0;0;0;0;0;0;0;0;0;0;0
FR;5;2020-12-29;0;0;0;0;0;0;0;0;0;0;0;0;0;0;0;0;0;0
FR;5;2020-12-30;0;0;0;0;0;0;0;0;0;0;0;0;0;0;0;0;0;0
FR;5;2020-12-31;0;0;0;0;0;0;0;0;0;0;0;0;0;0;0;0;0;0
FR;5;2021-01-01;0;0;0;0;0;0;0;0;0;0;0;0;0;0;0;0;0;0
FR;5;2021-01-02;0;0;0;0;0;0;0;0;0;0;0;0;0;0;0;0;0;0
FR;5;2021-01-03;0;0;0;0;0;0;0;0;0;0;0;0;0;0;0;0;0;0
FR;5;2021-01-04;0;0;0;0;0;0;0;0;0;0;0;0;0;0;0;0;0;0
FR;5;2021-01-05;0;0;0;0;0;0;0;0;0;0;0;0;0;0;0;0;0;0
FR;5;2021-01-06;0;0;0;0;0;0;0;0;0;0;0;0;0;0;0;0;0;0
FR;5;2021-01-07;0;0;0;0;0;0;0;0;0;0;0;0;0;0;0;0;0;0
FR;5;2021-01-08;0;0;0;0;0;0;0;0;0;0;0;0;0;0;0;0;0;0
FR;5;2021-01-09;0;0;0;0;0;0;0;0;0;0;0;0;0;0;0;0;0;0
FR;5;2021-01-10;0;0;0;0;0;0;0;0;0;0;0;0;0;0;0;0;0;0
FR;5;2021-01-11;0;0;0;0;0;0;0;0;0;0;0;0;0;0;0;0;0;0
FR;5;2021-01-12;0;0;0;0;0;0;0;0;0;0;0;0;0;0;0;0;0;0
FR;5;2021-01-13;0;0;0;0;0;0;0;0;0;0;0;0;0;0;0;0;0;0
FR;5;2021-01-14;0;0;0;0;0;0;0;0;0;0;0;0;0;0;0;0;0;0
FR;5;2021-01-15;0;0;0;0;0;0;0;0;0;0;0;0;0;0;0;0;0;0
FR;5;2021-01-16;0;0;0;0;0;0;0;0;0;0;0;0;0;0;0;0;0;0
FR;5;2021-01-17;0;0;0;0;0;0;0;0;0;0;0;0;0;0;0;0;0;0
FR;5;2021-01-18;0;0;0;0;0;0;0;0;0;0;0;0;0;0;0;0;0;0
FR;5;2021-01-19;0;0;0;0;0;0;0;0;0;0;0;0;0;0;0;0;0;0
FR;5;2021-01-20;0;0;0;0;0;0;0;0;0;0;0;0;0;0;0;0;0;0
FR;5;2021-01-21;0;0;0;0;0;0;0;0;0;0;0;0;0;0;0;0;0;0
FR;5;2021-01-22;0;0;0;0;0;0;0;0;0;0;0;0;0;0;0;0;0;0
FR;5;2021-01-23;0;0;0;0;0;0;0;0;0;0;0;0;0;0;0;0;0;0
FR;5;2021-01-24;0;0;0;0;0;0;0;0;0;0;0;0;0;0;0;0;0;0
FR;5;2021-01-25;0;0;0;0;0;0;0;0;0;0;0;0;0;0;0;0;0;0
FR;5;2021-01-26;0;0;0;0;0;0;0;0;0;0;0;0;0;0;0;0;0;0
FR;5;2021-01-27;0;0;0;0;0;0;0;0;0;0;0;0;0;0;0;0;0;0
FR;5;2021-01-28;0;0;0;0;0;0;0;0;0;0;0;0;0;0;0;0;0;0
FR;5;2021-01-29;0;0;0;0;0;0;0;0;0;0;0;0;0;0;0;0;0;0
FR;5;2021-01-30;0;0;0;0;0;0;0;0;0;0;0;0;0;0;0;0;0;0
FR;5;2021-01-31;0;0;0;0;0;0;0;0;0;0;0;0;0;0;0;0;0;0
FR;5;2021-02-01;0;0;0;0;0;0;0;0;0;0;0;0;0;0;0;0;0;0
FR;5;2021-02-02;0;0;0;0;0;0;0;0;0;0;0;0;0;0;0;0;0;0
FR;5;2021-02-03;0;0;0;0;0;0;0;0;0;0;0;0;0;0;0;0;0;0
FR;5;2021-02-04;0;0;0;0;0;0;0;0;0;0;0;0;0;0;0;0;0;0
FR;5;2021-02-05;0;0;0;0;0;0;0;0;0;0;0;0;0;0;0;0;0;0
FR;5;2021-02-06;0;0;0;0;0;0;0;0;0;0;0;0;0;0;0;0;0;0
FR;5;2021-02-07;0;0;0;0;0;0;0;0;0;0;0;0;0;0;0;0;0;0
FR;5;2021-02-08;0;0;0;0;0;0;0;0;0;0;0;0;0;0;0;0;0;0
FR;5;2021-02-09;0;0;0;0;0;0;0;0;0;0;0;0;0;0;0;0;0;0
FR;5;2021-02-10;0;0;0;0;0;0;0;0;0;0;0;0;0;0;0;0;0;0
FR;5;2021-02-11;0;0;0;0;0;0;0;0;0;0;0;0;0;0;0;0;0;0
FR;5;2021-02-12;0;0;0;0;0;0;0;0;0;0;0;0;0;0;0;0;0;0
FR;5;2021-02-13;0;0;0;0;0;0;0;0;0;0;0;0;0;0;0;0;0;0
FR;5;2021-02-14;0;0;0;0;0;0;0;0;0;0;0;0;0;0;0;0;0;0
FR;5;2021-02-15;0;0;0;0;0;0;0;0;0;0;0;0;0;0;0;0;0;0
FR;5;2021-02-16;0;0;0;0;0;0;0;0;0;0;0;0;0;0;0;0;0;0
FR;5;2021-02-17;0;0;0;0;0;0;0;0;0;0;0;0;0;0;0;0;0;0
FR;5;2021-02-18;0;0;0;0;0;0;0;0;0;0;0;0;0;0;0;0;0;0
FR;5;2021-02-19;0;0;0;0;0;0;0;0;0;0;0;0;0;0;0;0;0;0
FR;5;2021-02-20;0;0;0;0;0;0;0;0;0;0;0;0;0;0;0;0;0;0
FR;5;2021-02-21;0;0;0;0;0;0;0;0;0;0;0;0;0;0;0;0;0;0
FR;5;2021-02-22;0;0;0;0;0;0;0;0;0;0;0;0;0;0;0;0;0;0
FR;5;2021-02-23;0;0;0;0;0;0;0;0;0;0;0;0;0;0;0;0;0;0
FR;5;2021-02-24;0;0;0;0;0;0;0;0;0;0;0;0;0;0;0;0;0;0
FR;5;2021-02-25;0;0;0;0;0;0;0;0;0;0;0;0;0;0;0;0;0;0
FR;5;2021-02-26;0;0;0;0;0;0;0;0;0;0;0;0;0;0;0;0;0;0
FR;5;2021-02-27;0;0;0;0;0;0;0;0;0;0;0;0;0;0;0;0;0;0
FR;5;2021-02-28;0;0;0;0;0;0;0;0;0;0;0;0;0;0;0;0;0;0
FR;5;2021-03-01;0;0;0;0;0;0;0;0;0;0;0;0;0;0;0;0;0;0
FR;5;2021-03-02;0;0;0;0;0;0;0;0;0;0;0;0;0;0;0;0;0;0
FR;5;2021-03-03;0;0;0;0;0;0;0;0;0;0;0;0;0;0;0;0;0;0
FR;5;2021-03-04;0;0;0;0;0;0;0;0;0;0;0;0;0;0;0;0;0;0
FR;5;2021-03-05;0;0;0;0;0;0;0;0;0;0;0;0;0;0;0;0;0;0
FR;5;2021-03-06;0;0;0;0;0;0;0;0;0;0;0;0;0;0;0;0;0;0
FR;5;2021-03-07;0;0;0;0;0;0;0;0;0;0;0;0;0;0;0;0;0;0
FR;5;2021-03-08;0;0;0;0;0;0;0;0;0;0;0;0;0;0;0;0;0;0
FR;5;2021-03-09;0;0;0;0;0;0;0;0;0;0;0;0;0;0;0;0;0;0
FR;5;2021-03-10;0;0;0;0;0;0;0;0;0;0;0;0;0;0;0;0;0;0
FR;5;2021-03-11;0;0;0;0;0;0;0;0;0;0;0;0;0;0;0;0;0;0
FR;5;2021-03-12;0;0;0;0;0;0;0;0;0;0;0;0;0;0;0;0;0;0
FR;5;2021-03-13;0;0;0;0;0;0;0;0;0;0;0;0;0;0;0;0;0;0
FR;5;2021-03-14;0;0;0;0;0;0;0;0;0;0;0;0;0;0;0;0;0;0
FR;5;2021-03-15;0;0;0;0;0;0;0;0;0;0;0;0;0;0;0;0;0;0
FR;5;2021-03-16;0;0;0;0;0;0;0;0;0;0;0;0;0;0;0;0;0;0
FR;5;2021-03-17;0;0;0;0;0;0;0;0;0;0;0;0;0;0;0;0;0;0
FR;5;2021-03-18;0;0;0;0;0;0;0;0;0;0;0;0;0;0;0;0;0;0
FR;5;2021-03-19;0;0;0;0;0;0;0;0;0;0;0;0;0;0;0;0;0;0
FR;5;2021-03-20;0;0;0;0;0;0;0;0;0;0;0;0;0;0;0;0;0;0
FR;5;2021-03-21;0;0;0;0;0;0;0;0;0;0;0;0;0;0;0;0;0;0
FR;5;2021-03-22;0;0;0;0;0;0;0;0;0;0;0;0;0;0;0;0;0;0
FR;5;2021-03-23;0;0;0;0;0;0;0;0;0;0;0;0;0;0;0;0;0;0
FR;5;2021-03-24;0;0;0;0;0;0;0;0;0;0;0;0;0;0;0;0;0;0
FR;5;2021-03-25;0;0;0;0;0;0;0;0;0;0;0;0;0;0;0;0;0;0
FR;5;2021-03-26;0;0;0;0;0;0;0;0;0;0;0;0;0;0;0;0;0;0
FR;5;2021-03-27;0;0;0;0;0;0;0;0;0;0;0;0;0;0;0;0;0;0
FR;5;2021-03-28;0;0;0;0;0;0;0;0;0;0;0;0;0;0;0;0;0;0
FR;5;2021-03-29;0;0;0;0;0;0;0;0;0;0;0;0;0;0;0;0;0;0
FR;5;2021-03-30;0;0;0;0;0;0;0;0;0;0;0;0;0;0;0;0;0;0
FR;5;2021-03-31;0;0;0;0;0;0;0;0;0;0;0;0;0;0;0;0;0;0
FR;5;2021-04-01;0;0;0;0;0;0;0;0;0;0;0;0;0;0;0;0;0;0
FR;5;2021-04-02;0;0;0;0;0;0;0;0;0;0;0;0;0;0;0;0;0;0
FR;5;2021-04-03;0;0;0;0;0;0;0;0;0;0;0;0;0;0;0;0;0;0
FR;5;2021-04-04;0;0;0;0;0;0;0;0;0;0;0;0;0;0;0;0;0;0
FR;5;2021-04-05;0;0;0;0;0;0;0;0;0;0;0;0;0;0;0;0;0;0
FR;5;2021-04-06;0;0;0;0;0;0;0;0;0;0;0;0;0;0;0;0;0;0
FR;5;2021-04-07;0;0;0;0;0;0;0;0;0;0;0;0;0;0;0;0;0;0
FR;5;2021-04-08;0;0;0;0;0;0;0;0;0;0;0;0;0;0;0;0;0;0
FR;5;2021-04-09;0;0;0;0;0;0;0;0;0;0;0;0;0;0;0;0;0;0
FR;5;2021-04-10;0;0;0;0;0;0;0;0;0;0;0;0;0;0;0;0;0;0
FR;5;2021-04-11;0;0;0;0;0;0;0;0;0;0;0;0;0;0;0;0;0;0
FR;5;2021-04-12;0;0;0;0;0;0;0;0;0;0;0;0;0;0;0;0;0;0
FR;5;2021-04-13;0;0;0;0;0;0;0;0;0;0;0;0;0;0;0;0;0;0
FR;5;2021-04-14;0;0;0;0;0;0;0;0;0;0;0;0;0;0;0;0;0;0
FR;5;2021-04-15;0;0;0;0;0;0;0;0;0;0;0;0;0;0;0;0;0;0
FR;5;2021-04-16;0;0;0;0;0;0;0;0;0;0;0;0;0;0;0;0;0;0
FR;5;2021-04-17;0;0;0;0;0;0;0;0;0;0;0;0;0;0;0;0;0;0
FR;5;2021-04-18;0;0;0;0;0;0;0;0;0;0;0;0;0;0;0;0;0;0
FR;5;2021-04-19;0;0;0;0;0;0;0;0;0;0;0;0;0;0;0;0;0;0
FR;5;2021-04-20;0;0;0;0;0;0;0;0;0;0;0;0;0;0;0;0;0;0
FR;5;2021-04-21;0;0;0;0;0;0;0;0;0;0;0;0;0;0;0;0;0;0
FR;5;2021-04-22;0;0;0;0;0;0;0;0;0;0;0;0;0;0;0;0;0;0
FR;5;2021-04-23;0;0;0;0;0;0;0;0;0;0;0;0;0;0;0;0;0;0
FR;5;2021-04-24;0;0;0;0;0;0;0;0;0;0;0;0;0;0;0;0;0;0
FR;5;2021-04-25;0;0;0;0;0;0;0;0;0;0;0;0;0;0;0;0;0;0
FR;5;2021-04-26;0;0;0;0;0;0;0;0;0;0;0;0;0;0;0;0;0;0
FR;5;2021-04-27;0;0;0;0;0;0;0;0;0;0;0;0;0;0;0;0;0;0
FR;5;2021-04-28;0;0;0;0;0;0;0;0;0;0;0;0;0;0;0;0;0;0
FR;5;2021-04-29;0;0;0;0;0;0;0;0;0;0;0;0;0;0;0;0;0;0
FR;5;2021-04-30;0;0;0;0;0;0;0;0;0;0;0;0;0;0;0;0;0;0
FR;5;2021-05-01;0;0;0;0;0;0;0;0;0;0;0;0;0;0;0;0;0;0
FR;5;2021-05-02;0;0;0;0;0;0;0;0;0;0;0;0;0;0;0;0;0;0
FR;5;2021-05-03;0;0;0;0;0;0;0;0;0;0;0;0;0;0;0;0;0;0
FR;5;2021-05-04;0;0;0;0;0;0;0;0;0;0;0;0;0;0;0;0;0;0
FR;5;2021-05-05;0;0;0;0;0;0;0;0;0;0;0;0;0;0;0;0;0;0
FR;5;2021-05-06;0;0;0;0;0;0;0;0;0;0;0;0;0;0;0;0;0;0
FR;5;2021-05-07;0;0;0;0;0;0;0;0;0;0;0;0;0;0;0;0;0;0
FR;5;2021-05-08;0;0;0;0;0;0;0;0;0;0;0;0;0;0;0;0;0;0
FR;5;2021-05-09;0;0;0;0;0;0;0;0;0;0;0;0;0;0;0;0;0;0
FR;5;2021-05-10;0;0;0;0;0;0;0;0;0;0;0;0;0;0;0;0;0;0
FR;5;2021-05-11;0;0;0;0;0;0;0;0;0;0;0;0;0;0;0;0;0;0
FR;5;2021-05-12;0;0;0;0;0;0;0;0;0;0;0;0;0;0;0;0;0;0
FR;5;2021-05-13;0;0;0;0;0;0;0;0;0;0;0;0;0;0;0;0;0;0
FR;5;2021-05-14;0;0;0;0;0;0;0;0;0;0;0;0;0;0;0;0;0;0
FR;5;2021-05-15;0;0;0;0;0;0;0;0;0;0;0;0;0;0;0;0;0;0
FR;5;2021-05-16;0;0;0;0;0;0;0;0;0;0;0;0;0;0;0;0;0;0
FR;5;2021-05-17;0;0;0;0;0;0;0;0;0;0;0;0;0;0;0;0;0;0
FR;5;2021-05-18;0;0;0;0;0;0;0;0;0;0;0;0;0;0;0;0;0;0
FR;5;2021-05-19;0;0;0;0;0;0;0;0;0;0;0;0;0;0;0;0;0;0
FR;5;2021-05-20;0;0;0;0;0;0;0;0;0;0;0;0;0;0;0;0;0;0
FR;5;2021-05-21;0;0;0;0;0;0;0;0;0;0;0;0;0;0;0;0;0;0
FR;5;2021-05-22;0;0;0;0;0;0;0;0;0;0;0;0;0;0;0;0;0;0
FR;5;2021-05-23;0;0;0;0;0;0;0;0;0;0;0;0;0;0;0;0;0;0
FR;5;2021-05-24;0;0;0;0;0;0;0;0;0;0;0;0;0;0;0;0;0;0
FR;5;2021-05-25;0;0;0;0;0;0;0;0;0;0;0;0;0;0;0;0;0;0
FR;5;2021-05-26;0;0;0;0;0;0;0;0;0;0;0;0;0;0;0;0;0;0
FR;5;2021-05-27;0;0;0;0;0;0;0;0;0;0;0;0;0;0;0;0;0;0
FR;5;2021-05-28;0;0;0;0;0;0;0;0;0;0;0;0;0;0;0;0;0;0
FR;5;2021-05-29;0;0;0;0;0;0;0;0;0;0;0;0;0;0;0;0;0;0
FR;5;2021-05-30;0;0;0;0;0;0;0;0;0;0;0;0;0;0;0;0;0;0
FR;5;2021-05-31;0;0;0;0;0;0;0;0;0;0;0;0;0;0;0;0;0;0
FR;5;2021-06-01;0;0;0;0;0;0;0;0;0;0;0;0;0;0;0;0;0;0
FR;5;2021-06-02;0;0;0;0;0;0;0;0;0;0;0;0;0;0;0;0;0;0
FR;5;2021-06-03;0;0;0;0;0;0;0;0;0;0;0;0;0;0;0;0;0;0
FR;5;2021-06-04;0;0;0;0;0;0;0;0;0;0;0;0;0;0;0;0;0;0
FR;5;2021-06-05;0;0;0;0;0;0;0;0;0;0;0;0;0;0;0;0;0;0
FR;5;2021-06-06;0;0;0;0;0;0;0;0;0;0;0;0;0;0;0;0;0;0
FR;5;2021-06-07;0;0;0;0;0;0;0;0;0;0;0;0;0;0;0;0;0;0
FR;5;2021-06-08;0;0;0;0;0;0;0;0;0;0;0;0;0;0;0;0;0;0
FR;5;2021-06-09;0;0;0;0;0;0;0;0;0;0;0;0;0;0;0;0;0;0
FR;5;2021-06-10;0;0;0;0;0;0;0;0;0;0;0;0;0;0;0;0;0;0
FR;5;2021-06-11;0;0;0;0;0;0;0;0;0;0;0;0;0;0;0;0;0;0
FR;5;2021-06-12;0;0;0;0;0;0;0;0;0;0;0;0;0;0;0;0;0;0
FR;5;2021-06-13;0;0;0;0;0;0;0;0;0;0;0;0;0;0;0;0;0;0
FR;5;2021-06-14;0;0;0;0;0;0;0;0;0;0;0;0;0;0;0;0;0;0
FR;5;2021-06-15;0;0;0;0;0;0;0;0;0;0;0;0;0;0;0;0;0;0
FR;5;2021-06-16;0;0;0;0;0;0;0;0;0;0;0;0;0;0;0;0;0;0
FR;5;2021-06-17;0;0;0;0;0;0;0;0;0;0;0;0;0;0;0;0;0;0
FR;5;2021-06-18;0;0;0;0;0;0;0;0;0;0;0;0;0;0;0;0;0;0
FR;5;2021-06-19;0;0;0;0;0;0;0;0;0;0;0;0;0;0;0;0;0;0
FR;5;2021-06-20;0;0;0;0;0;0;0;0;0;0;0;0;0;0;0;0;0;0
FR;5;2021-06-21;0;0;0;0;0;0;0;0;0;0;0;0;0;0;0;0;0;0
FR;5;2021-06-22;0;0;0;0;0;0;0;0;0;0;0;0;0;0;0;0;0;0
FR;5;2021-06-23;0;0;0;0;0;0;0;0;0;0;0;0;0;0;0;0;0;0
FR;5;2021-06-24;0;0;0;0;0;0;0;0;0;0;0;0;0;0;0;0;0;0
FR;5;2021-06-25;0;0;0;0;0;0;0;0;0;0;0;0;0;0;0;0;0;0
FR;5;2021-06-26;0;0;0;0;0;0;0;0;0;0;0;0;0;0;0;0;0;0
FR;5;2021-06-27;0;0;0;0;0;0;0;0;0;0;0;0;0;0;0;0;0;0
FR;5;2021-06-28;0;0;0;0;0;0;0;0;0;0;0;0;0;0;0;0;0;0
FR;5;2021-06-29;0;0;0;0;0;0;0;0;0;0;0;0;0;0;0;0;0;0
FR;5;2021-06-30;0;0;0;0;0;0;0;0;0;0;0;0;0;0;0;0;0;0
FR;5;2021-07-01;0;0;0;0;0;0;0;0;0;0;0;0;0;0;0;0;0;0
FR;5;2021-07-02;0;0;0;0;0;0;0;0;0;0;0;0;0;0;0;0;0;0
FR;5;2021-07-03;0;0;0;0;0;0;0;0;0;0;0;0;0;0;0;0;0;0
FR;5;2021-07-04;0;0;0;0;0;0;0;0;0;0;0;0;0;0;0;0;0;0
FR;5;2021-07-05;0;0;0;0;0;0;0;0;0;0;0;0;0;0;0;0;0;0
FR;5;2021-07-06;0;0;0;0;0;0;0;0;0;0;0;0;0;0;0;0;0;0
FR;5;2021-07-07;0;0;0;0;0;0;0;0;0;0;0;0;0;0;0;0;0;0
FR;5;2021-07-08;0;0;0;0;0;0;0;0;0;0;0;0;0;0;0;0;0;0
FR;5;2021-07-09;0;0;0;0;0;0;0;0;0;0;0;0;0;0;0;0;0;0
FR;5;2021-07-10;0;0;0;0;0;0;0;0;0;0;0;0;0;0;0;0;0;0
FR;5;2021-07-11;0;0;0;0;0;0;0;0;0;0;0;0;0;0;0;0;0;0
FR;5;2021-07-12;0;0;0;0;0;0;0;0;0;0;0;0;0;0;0;0;0;0
FR;5;2021-07-13;0;0;0;0;0;0;0;0;0;0;0;0;0;0;0;0;0;0
FR;5;2021-07-14;0;0;0;0;0;0;0;0;0;0;0;0;0;0;0;0;0;0
FR;5;2021-07-15;0;0;0;0;0;0;0;0;0;0;0;0;0;0;0;0;0;0
FR;5;2021-07-16;0;0;0;0;0;0;0;0;0;0;0;0;0;0;0;0;0;0
FR;5;2021-07-17;0;0;0;0;0;0;0;0;0;0;0;0;0;0;0;0;0;0
FR;5;2021-07-18;0;0;0;0;0;0;0;0;0;0;0;0;0;0;0;0;0;0
FR;5;2021-07-19;0;0;0;0;0;0;0;0;0;0;0;0;0;0;0;0;0;0
FR;5;2021-07-20;0;0;0;0;0;0;0;0;0;0;0;0;0;0;0;0;0;0
FR;5;2021-07-21;0;0;0;0;0;0;0;0;0;0;0;0;0;0;0;0;0;0
FR;5;2021-07-22;0;0;0;0;0;0;0;0;0;0;0;0;0;0;0;0;0;0
FR;5;2021-07-23;0;0;0;0;0;0;0;0;0;0;0;0;0;0;0;0;0;0
FR;5;2021-07-24;0;0;0;0;0;0;0;0;0;0;0;0;0;0;0;0;0;0
FR;5;2021-07-25;0;0;0;0;0;0;0;0;0;0;0;0;0;0;0;0;0;0
FR;5;2021-07-26;0;0;0;0;0;0;0;0;0;0;0;0;0;0;0;0;0;0
FR;5;2021-07-27;0;0;0;0;0;0;0;0;0;0;0;0;0;0;0;0;0;0
FR;5;2021-07-28;0;0;0;0;0;0;0;0;0;0;0;0;0;0;0;0;0;0
FR;5;2021-07-29;0;0;0;0;0;0;0;0;0;0;0;0;0;0;0;0;0;0
FR;5;2021-07-30;0;0;0;0;0;0;0;0;0;0;0;0;0;0;0;0;0;0
FR;5;2021-07-31;0;0;0;0;0;0;0;0;0;0;0;0;0;0;0;0;0;0
FR;5;2021-08-01;0;0;0;0;0;0;0;0;0;0;0;0;0;0;0;0;0;0
FR;5;2021-08-02;0;0;0;0;0;0;0;0;0;0;0;0;0;0;0;0;0;0
FR;5;2021-08-03;0;0;0;0;0;0;0;0;0;0;0;0;0;0;0;0;0;0
FR;5;2021-08-04;0;0;0;0;0;0;0;0;0;0;0;0;0;0;0;0;0;0
FR;5;2021-08-05;0;0;0;0;0;0;0;0;0;0;0;0;0;0;0;0;0;0
FR;5;2021-08-06;0;0;0;0;0;0;0;0;0;0;0;0;0;0;0;0;0;0
FR;5;2021-08-07;0;0;0;0;0;0;0;0;0;0;0;0;0;0;0;0;0;0
FR;5;2021-08-08;0;0;0;0;0;0;0;0;0;0;0;0;0;0;0;0;0;0
FR;5;2021-08-09;0;0;0;0;0;0;0;0;0;0;0;0;0;0;0;0;0;0
FR;5;2021-08-10;0;0;0;0;0;0;0;0;0;0;0;0;0;0;0;0;0;0
FR;5;2021-08-11;0;0;0;0;0;0;0;0;0;0;0;0;0;0;0;0;0;0
FR;5;2021-08-12;0;0;0;0;0;0;0;0;0;0;0;0;0;0;0;0;0;0
FR;5;2021-08-13;0;0;0;0;0;0;0;0;0;0;0;0;0;0;0;0;0;0
FR;5;2021-08-14;0;0;0;0;0;0;0;0;0;0;0;0;0;0;0;0;0;0
FR;5;2021-08-15;0;0;0;0;0;0;0;0;0;0;0;0;0;0;0;0;0;0
FR;5;2021-08-16;0;0;0;0;0;0;0;0;0;0;0;0;0;0;0;0;0;0
FR;5;2021-08-17;0;0;0;0;0;0;0;0;0;0;0;0;0;0;0;0;0;0
FR;5;2021-08-18;0;0;0;0;0;0;0;0;0;0;0;0;0;0;0;0;0;0
FR;5;2021-08-19;0;0;0;0;0;0;0;0;0;0;0;0;0;0;0;0;0;0
FR;5;2021-08-20;0;0;0;0;0;0;0;0;0;0;0;0;0;0;0;0;0;0
FR;5;2021-08-21;0;0;0;0;0;0;0;0;0;0;0;0;0;0;0;0;0;0
FR;5;2021-08-22;0;0;0;0;0;0;0;0;0;0;0;0;0;0;0;0;0;0
FR;5;2021-08-23;0;0;0;0;0;0;0;0;0;0;0;0;0;0;0;0;0;0
FR;5;2021-08-24;0;0;0;0;0;0;0;0;0;0;0;0;0;0;0;0;0;0
FR;5;2021-08-25;0;0;0;0;0;0;0;0;0;0;0;0;0;0;0;0;0;0
FR;5;2021-08-26;0;0;0;0;0;0;0;0;0;0;0;0;0;0;0;0;0;0
FR;5;2021-08-27;0;0;0;0;0;0;0;0;0;0;0;0;0;0;0;0;0;0
FR;5;2021-08-28;0;0;0;0;0;0;0;0;0;0;0;0;0;0;0;0;0;0
FR;5;2021-08-29;0;0;0;0;0;0;0;0;0;0;0;0;0;0;0;0;0;0
FR;5;2021-08-30;0;0;0;0;0;0;0;0;0;0;0;0;0;0;0;0;0;0
FR;5;2021-08-31;0;0;0;0;0;0;0;0;0;0;0;0;0;0;0;0;0;0
FR;5;2021-09-01;0;0;0;0;0;0;0;0;0;0;0;0;0;0;0;0;0;0
FR;5;2021-09-02;0;0;0;0;0;0;0;0;0;0;0;0;0;0;0;0;0;0
FR;5;2021-09-03;0;0;0;0;0;0;0;0;0;0;0;0;0;0;0;0;0;0
FR;5;2021-09-04;0;0;0;0;0;0;0;0;0;0;0;0;0;0;0;0;0;0
FR;5;2021-09-05;0;0;0;0;0;0;0;0;0;0;0;0;0;0;0;0;0;0
FR;5;2021-09-06;0;0;0;0;0;0;0;0;0;0;0;0;0;0;0;0;0;0
FR;5;2021-09-07;0;0;0;0;0;0;0;0;0;0;0;0;0;0;0;0;0;0
FR;5;2021-09-08;0;0;0;0;0;0;0;0;0;0;0;0;0;0;0;0;0;0
FR;5;2021-09-09;0;0;0;0;0;0;0;0;0;0;0;0;0;0;0;0;0;0
FR;5;2021-09-10;0;0;0;0;0;0;0;0;0;0;0;0;0;0;0;0;0;0
FR;5;2021-09-11;0;0;0;0;0;0;0;0;0;0;0;0;0;0;0;0;0;0
FR;5;2021-09-12;0;0;0;0;0;0;0;0;0;0;0;0;0;0;0;0;0;0
FR;5;2021-09-13;0;0;0;0;0;0;0;0;0;0;0;0;0;0;0;0;0;0
FR;5;2021-09-14;0;0;0;0;0;0;0;0;0;0;0;0;0;0;0;0;0;0
FR;5;2021-09-15;0;0;0;0;0;0;0;0;0;0;0;0;0;0;0;0;0;0
FR;5;2021-09-16;0;0;0;0;0;0;0;0;0;0;0;0;0;0;0;0;0;0
FR;5;2021-09-17;0;0;0;0;0;0;0;0;0;0;0;0;0;0;0;0;0;0
FR;5;2021-09-18;0;0;0;0;0;0;0;0;0;0;0;0;0;0;0;0;0;0
FR;5;2021-09-19;0;0;0;0;0;0;0;0;0;0;0;0;0;0;0;0;0;0
FR;5;2021-09-20;0;0;0;0;0;0;0;0;0;0;0;0;0;0;0;0;0;0
FR;5;2021-09-21;0;0;0;0;0;0;0;0;0;0;0;0;0;0;0;0;0;0
FR;5;2021-09-22;0;0;0;0;0;0;0;0;0;0;0;0;0;0;0;0;0;0
FR;5;2021-09-23;0;0;0;0;0;0;0;0;0;0;0;0;0;0;0;0;0;0
FR;5;2021-09-24;0;0;0;0;0;0;0;0;0;0;0;0;0;0;0;0;0;0
FR;5;2021-09-25;0;0;0;0;0;0;0;0;0;0;0;0;0;0;0;0;0;0
FR;5;2021-09-26;0;0;0;0;0;0;0;0;0;0;0;0;0;0;0;0;0;0
FR;5;2021-09-27;0;0;0;0;0;0;0;0;0;0;0;0;0;0;0;0;0;0
FR;5;2021-09-28;0;0;0;0;0;0;0;0;0;0;0;0;0;0;0;0;0;0
FR;5;2021-09-29;0;0;0;0;0;0;0;0;0;0;0;0;0;0;0;0;0;0
FR;5;2021-09-30;0;0;0;0;0;0;0;0;0;0;0;0;0;0;0;0;0;0
FR;5;2021-10-01;0;0;0;0;0;0;0;0;0;0;0;0;0;0;0;0;0;0
FR;5;2021-10-02;0;0;0;0;0;0;0;0;0;0;0;0;0;0;0;0;0;0
FR;5;2021-10-03;0;0;0;0;0;0;0;0;0;0;0;0;0;0;0;0;0;0
FR;5;2021-10-04;0;0;0;0;0;0;0;0;0;0;0;0;0;0;0;0;0;0
FR;5;2021-10-05;0;0;0;0;0;0;0;0;0;0;0;0;0;0;0;0;0;0
FR;5;2021-10-06;0;0;0;0;0;0;0;0;0;0;0;0;0;0;0;0;0;0
FR;5;2021-10-07;0;0;0;0;0;0;0;0;0;0;0;0;0;0;0;0;0;0
FR;5;2021-10-08;0;0;0;0;0;0;0;0;0;0;0;0;0;0;0;0;0;0
FR;5;2021-10-09;0;0;0;0;0;0;0;0;0;0;0;0;0;0;0;0;0;0
FR;5;2021-10-10;0;0;0;0;0;0;0;0;0;0;0;0;0;0;0;0;0;0
FR;5;2021-10-11;0;0;0;0;0;0;0;0;0;0;0;0;0;0;0;0;0;0
FR;5;2021-10-12;0;0;0;0;0;0;0;0;0;0;0;0;0;0;0;0;0;0
FR;5;2021-10-13;0;0;0;0;0;0;0;0;0;0;0;0;0;0;0;0;0;0
FR;5;2021-10-14;0;0;0;0;0;0;0;0;0;0;0;0;0;0;0;0;0;0
FR;5;2021-10-15;0;0;0;0;0;0;0;0;0;0;0;0;0;0;0;0;0;0
FR;5;2021-10-16;0;0;0;0;0;0;0;0;0;0;0;0;0;0;0;0;0;0
FR;5;2021-10-17;0;0;0;0;0;0;0;0;0;0;0;0;0;0;0;0;0;0
FR;5;2021-10-18;0;0;0;0;0;0;0;0;0;0;0;0;0;0;0;0;0;0
FR;5;2021-10-19;0;0;0;0;0;0;0;0;0;0;0;0;0;0;0;0;0;0
FR;5;2021-10-20;0;0;0;0;0;0;0;0;0;0;0;0;0;0;0;0;0;0
FR;5;2021-10-21;0;0;0;0;0;0;0;0;0;0;0;0;0;0;0;0;0;0
FR;5;2021-10-22;0;0;0;0;0;0;0;0;0;0;0;0;0;0;0;0;0;0
FR;5;2021-10-23;0;0;0;0;0;0;0;0;0;0;0;0;0;0;0;0;0;0
FR;5;2021-10-24;0;0;0;0;0;0;0;0;0;0;0;0;0;0;0;0;0;0
FR;5;2021-10-25;0;0;0;0;0;0;0;0;0;0;0;0;0;0;0;0;0;0
FR;5;2021-10-26;0;0;0;0;0;0;0;0;0;0;0;0;0;0;0;0;0;0
FR;5;2021-10-27;0;0;0;0;0;0;0;0;0;0;0;0;0;0;0;0;0;0
FR;5;2021-10-28;0;0;0;0;0;0;0;0;0;0;0;0;0;0;0;0;0;0
FR;5;2021-10-29;0;0;0;0;0;0;0;0;0;0;0;0;0;0;0;0;0;0
FR;5;2021-10-30;0;0;0;0;0;0;0;0;0;0;0;0;0;0;0;0;0;0
FR;5;2021-10-31;0;0;0;0;0;0;0;0;0;0;0;0;0;0;0;0;0;0
FR;5;2021-11-01;0;0;0;0;0;0;0;0;0;0;0;0;0;0;0;0;0;0
FR;5;2021-11-02;0;0;0;0;0;0;0;0;0;0;0;0;0;0;0;0;0;0
FR;5;2021-11-03;0;0;0;0;0;0;0;0;0;0;0;0;0;0;0;0;0;0
FR;5;2021-11-04;0;0;0;0;0;0;0;0;0;0;0;0;0;0;0;0;0;0
FR;5;2021-11-05;0;0;0;0;0;0;0;0;0;0;0;0;0;0;0;0;0;0
FR;5;2021-11-06;0;0;0;0;0;0;0;0;0;0;0;0;0;0;0;0;0;0
FR;5;2021-11-07;0;0;0;0;0;0;0;0;0;0;0;0;0;0;0;0;0;0
FR;5;2021-11-08;0;0;0;0;0;0;0;0;0;0;0;0;0;0;0;0;0;0
FR;5;2021-11-09;0;0;0;0;0;0;0;0;0;0;0;0;0;0;0;0;0;0
FR;5;2021-11-10;0;0;0;0;0;0;0;0;0;0;0;0;0;0;0;0;0;0
FR;5;2021-11-11;0;0;0;0;0;0;0;0;0;0;0;0;0;0;0;0;0;0
FR;5;2021-11-12;0;0;0;0;0;0;0;0;0;0;0;0;0;0;0;0;0;0
FR;5;2021-11-13;0;0;0;0;0;0;0;0;0;0;0;0;0;0;0;0;0;0
FR;5;2021-11-14;0;0;0;0;0;0;0;0;0;0;0;0;0;0;0;0;0;0
FR;5;2021-11-15;0;0;0;0;0;0;0;0;0;0;0;0;0;0;0;0;0;0
FR;5;2021-11-16;0;0;0;0;0;0;0;0;0;0;0;0;0;0;0;0;0;0
FR;5;2021-11-17;0;0;0;0;0;0;0;0;0;0;0;0;0;0;0;0;0;0
FR;5;2021-11-18;0;0;0;0;0;0;0;0;0;0;0;0;0;0;0;0;0;0
FR;5;2021-11-19;0;0;0;0;0;0;0;0;0;0;0;0;0;0;0;0;0;0
FR;5;2021-11-20;0;0;0;0;0;0;0;0;0;0;0;0;0;0;0;0;0;0
FR;5;2021-11-21;0;0;0;0;0;0;0;0;0;0;0;0;0;0;0;0;0;0
FR;5;2021-11-22;0;0;0;0;0;0;0;0;0;0;0;0;0;0;0;0;0;0
FR;5;2021-11-23;0;0;0;0;0;0;0;0;0;0;0;0;0;0;0;0;0;0
FR;5;2021-11-24;0;0;0;0;0;0;0;0;0;0;0;0;0;0;0;0;0;0
FR;5;2021-11-25;0;0;0;0;0;0;0;0;0;0;0;0;0;0;0;0;0;0
FR;5;2021-11-26;0;0;0;0;0;0;0;0;0;0;0;0;0;0;0;0;0;0
FR;5;2021-11-27;0;0;0;0;0;0;0;0;0;0;0;0;0;0;0;0;0;0
FR;5;2021-11-28;0;0;0;0;0;0;0;0;0;0;0;0;0;0;0;0;0;0
FR;5;2021-11-29;0;0;0;0;0;0;0;0;0;0;0;0;0;0;0;0;0;0
FR;5;2021-11-30;0;0;0;0;0;0;0;0;0;0;0;0;0;0;0;0;0;0
FR;5;2021-12-01;0;0;0;0;0;0;0;0;0;0;0;0;0;0;0;0;0;0
FR;5;2021-12-02;0;0;0;0;0;0;0;0;0;0;0;0;0;0;0;0;0;0
FR;5;2021-12-03;0;0;0;0;0;0;0;0;0;0;0;0;0;0;0;0;0;0
FR;5;2021-12-04;0;0;0;0;0;0;0;0;0;0;0;0;0;0;0;0;0;0
FR;5;2021-12-05;0;0;0;0;0;0;0;0;0;0;0;0;0;0;0;0;0;0
FR;5;2021-12-06;0;0;0;0;0;0;0;0;0;0;0;0;0;0;0;0;0;0
FR;5;2021-12-07;0;0;0;0;0;0;0;0;0;0;0;0;0;0;0;0;0;0
FR;5;2021-12-08;0;0;0;0;0;0;0;0;0;0;0;0;0;0;0;0;0;0
FR;5;2021-12-09;0;0;0;0;0;0;0;0;0;0;0;0;0;0;0;0;0;0
FR;5;2021-12-10;0;0;0;0;0;0;0;0;0;0;0;0;0;0;0;0;0;0
FR;5;2021-12-11;0;0;0;0;0;0;0;0;0;0;0;0;0;0;0;0;0;0
FR;5;2021-12-12;0;0;0;0;0;0;0;0;0;0;0;0;0;0;0;0;0;0
FR;5;2021-12-13;0;0;0;0;0;0;0;0;0;0;0;0;0;0;0;0;0;0
FR;5;2021-12-14;33;45;77;0;27;88;1;0;0;33;45;77;0;27;88;1;0;0
FR;5;2021-12-15;196;44;37;0;42;49;0;0;0;229;89;114;0;69;137;1;0;0
FR;5;2021-12-16;181;21;44;0;38;48;0;0;0;410;110;158;0;107;185;1;0;0
FR;5;2021-12-17;313;16;72;0;34;74;2;0;0;723;126;230;0;141;259;3;0;0
FR;5;2021-12-18;766;24;22;0;67;29;0;0;0;1489;150;252;0;208;288;3;0;0
FR;5;2021-12-19;585;15;15;0;67;17;0;0;0;2074;165;267;0;275;305;3;0;0
FR;5;2021-12-20;1225;31;34;0;134;37;2;0;0;3299;196;301;0;409;342;5;0;0
FR;5;2021-12-21;1535;22;54;1;141;60;0;0;0;4834;218;355;1;550;402;5;0;0
FR;5;2021-12-22;4069;40;37;0;420;46;2;0;0;8903;258;392;1;970;448;7;0;0
FR;5;2021-12-23;3043;16;21;0;305;25;0;0;0;11946;274;413;1;1275;473;7;0;0
FR;5;2021-12-24;761;18;9;0;103;14;0;0;0;12707;292;422;1;1378;487;7;0;0
FR;5;2021-12-25;61;5;2;0;9;3;0;0;0;12768;297;424;1;1387;490;7;0;0
FR;5;2021-12-26;623;6;3;0;101;4;0;0;0;13391;303;427;1;1488;494;7;0;0
FR;5;2021-12-27;4085;25;21;0;458;23;1;0;0;17476;328;448;1;1946;517;8;0;0
FR;5;2021-12-28;5204;23;41;1;513;43;2;0;0;22680;351;489;2;2459;560;10;0;0
FR;5;2021-12-29;8105;34;66;1;886;69;0;0;0;30785;385;555;3;3345;629;10;0;0
FR;5;2021-12-30;5173;18;33;0;525;39;0;0;0;35958;403;588;3;3870;668;10;0;0
FR;5;2021-12-31;1553;8;10;0;182;11;0;0;0;37511;411;598;3;4052;679;10;0;0
FR;5;2022-01-01;186;2;2;0;24;3;0;0;0;37697;413;600;3;4076;682;10;0;0
FR;5;2022-01-02;1489;1;1;0;152;1;0;0;0;39186;414;601;3;4228;683;10;0;0
FR;5;2022-01-03;3068;36;34;0;322;33;1;0;0;42254;450;635;3;4550;716;11;0;0
FR;5;2022-01-04;3034;39;33;0;321;42;3;0;0;45288;489;668;3;4871;758;14;0;0
FR;5;2022-01-05;19324;203;97;1;2114;108;0;0;0;64612;692;765;4;6985;866;14;0;0
FR;5;2022-01-06;3748;134;122;0;507;142;2;0;0;68360;826;887;4;7492;1008;16;0;0
FR;5;2022-01-07;5006;202;48;2;704;56;1;0;0;73366;1028;935;6;8196;1064;17;0;0
FR;5;2022-01-08;13659;514;45;0;2001;52;0;0;0;87025;1542;980;6;10197;1116;17;0;0
FR;5;2022-01-09;5754;399;15;0;1112;20;1;0;0;92779;1941;995;6;11309;1136;18;0;0
FR;5;2022-01-10;3455;326;25;0;733;29;0;0;0;96234;2267;1020;6;12042;1165;18;0;0
FR;5;2022-01-11;3671;284;38;0;662;41;1;0;0;99905;2551;1058;6;12704;1206;19;0;0
FR;5;2022-01-12;22650;3005;89;0;5297;112;2;0;0;122555;5556;1147;6;18001;1318;21;0;0
FR;5;2022-01-13;4039;623;29;0;1051;31;2;0;0;126594;6179;1176;6;19052;1349;23;0;0
FR;5;2022-01-14;4843;583;45;0;1115;52;1;0;0;131437;6762;1221;6;20167;1401;24;0;0
FR;5;2022-01-15;14686;1747;38;3;3375;49;3;0;0;146123;8509;1259;9;23542;1450;27;0;0
FR;5;2022-01-16;4728;666;3;0;1261;5;0;0;0;150851;9175;1262;9;24803;1455;27;0;0
FR;5;2022-01-17;2297;718;26;0;986;29;0;0;0;153148;9893;1288;9;25789;1484;27;0;0
FR;5;2022-01-18;2431;870;30;0;1141;40;0;0;0;155579;10763;1318;9;26930;1524;27;0;0
FR;5;2022-01-19;18484;6423;74;2;8365;142;3;0;0;174063;17186;1392;11;35295;1666;30;0;0
FR;5;2022-01-20;1920;1067;25;0;1295;34;2;0;0;175983;18253;1417;11;36590;1700;32;0;0
FR;5;2022-01-21;3077;1372;47;1;1677;59;2;0;0;179060;19625;1464;12;38267;1759;34;0;0
FR;5;2022-01-22;10720;3454;33;1;4671;43;1;0;0;189780;23079;1497;13;42938;1802;35;0;0
FR;5;2022-01-23;2629;1415;6;0;1789;10;0;0;0;192409;24494;1503;13;44727;1812;35;0;0
FR;5;2022-01-24;1161;1340;19;0;1446;23;1;0;0;193570;25834;1522;13;46173;1835;36;0;0
FR;5;2022-01-25;1220;1549;20;2;1682;31;3;0;0;194790;27383;1542;15;47855;1866;39;0;0
FR;5;2022-01-26;10748;12032;50;1;13299;89;1;0;1;205538;39415;1592;16;61154;1955;40;0;1
FR;5;2022-01-27;1291;1693;10;0;1838;17;0;0;0;206829;41108;1602;16;62992;1972;40;0;1
FR;5;2022-01-28;1699;3346;16;0;3566;19;1;0;0;208528;44454;1618;16;66558;1991;41;0;1
FR;5;2022-01-29;6241;8041;68;0;8855;96;2;0;0;214769;52495;1686;16;75413;2087;43;0;1
FR;5;2022-01-30;1509;2950;5;0;3185;18;0;0;0;216278;55445;1691;16;78598;2105;43;0;1
FR;5;2022-01-31;589;1773;23;0;1837;24;3;0;0;216867;57218;1714;16;80435;2129;46;0;1
FR;5;2022-02-01;712;1706;10;0;1791;15;0;0;0;217579;58924;1724;16;82226;2144;46;0;1
FR;5;2022-02-02;6959;15655;52;0;16603;94;0;0;0;224538;74579;1776;16;98829;2238;46;0;1
FR;5;2022-02-03;492;1691;14;0;1748;13;5;0;0;225030;76270;1790;16;100577;2251;51;0;1
FR;5;2022-02-04;945;3002;19;0;3123;31;0;0;0;225975;79272;1809;16;103700;2282;51;0;1
FR;5;2022-02-05;3536;8919;23;0;9517;37;0;0;0;229511;88191;1832;16;113217;2319;51;0;1
FR;5;2022-02-06;737;2397;10;0;2556;19;0;0;0;230248;90588;1842;16;115773;2338;51;0;1
FR;5;2022-02-07;884;1596;23;0;1715;25;2;0;0;231132;92184;1865;16;117488;2363;53;0;1
FR;5;2022-02-08;725;1287;18;0;1407;20;2;0;0;231857;93471;1883;16;118895;2383;55;0;1
FR;5;2022-02-09;4544;12880;44;0;13608;76;1;0;0;236401;106351;1927;16;132503;2459;56;0;1
FR;5;2022-02-10;646;1059;14;0;1166;15;0;0;0;237047;107410;1941;16;133669;2474;56;0;1
FR;5;2022-02-11;793;2032;16;0;2163;21;1;0;0;237840;109442;1957;16;135832;2495;57;0;1
FR;5;2022-02-12;2286;6812;33;0;7279;53;0;0;0;240126;116254;1990;16;143111;2548;57;0;1
FR;5;2022-02-13;464;1541;8;0;1654;8;1;0;0;240590;117795;1998;16;144765;2556;58;0;1
FR;5;2022-02-14;678;1288;10;0;1407;13;1;0;0;241268;119083;2008;16;146172;2569;59;0;1
FR;5;2022-02-15;482;886;9;0;968;14;1;0;0;241750;119969;2017;16;147140;2583;60;0;1
FR;5;2022-02-16;2980;9124;41;1;9676;58;2;0;0;244730;129093;2058;17;156816;2641;62;0;1
FR;5;2022-02-17;436;809;6;0;876;7;1;0;0;245166;129902;2064;17;157692;2648;63;0;1
FR;5;2022-02-18;649;1408;13;0;1535;17;0;0;0;245815;131310;2077;17;159227;2665;63;0;1
FR;5;2022-02-19;1373;4315;16;0;4623;28;0;0;0;247188;135625;2093;17;163850;2693;63;0;1
FR;5;2022-02-20;247;879;6;0;941;8;0;0;0;247435;136504;2099;17;164791;2701;63;0;1
FR;5;2022-02-21;221;607;2;0;661;4;1;0;0;247656;137111;2101;17;165452;2705;64;0;1
FR;5;2022-02-22;262;545;17;0;591;17;1;0;0;247918;137656;2118;17;166043;2722;65;0;1
FR;5;2022-02-23;1909;6926;23;1;7346;43;0;0;0;249827;144582;2141;18;173389;2765;65;0;1
FR;5;2022-02-24;182;374;6;1;421;7;1;0;0;250009;144956;2147;19;173810;2772;66;0;1
FR;5;2022-02-25;336;950;13;0;1027;12;2;0;0;250345;145906;2160;19;174837;2784;68;0;1
FR;5;2022-02-26;972;3071;11;0;3333;15;2;0;0;251317;148977;2171;19;178170;2799;70;0;1
FR;5;2022-02-27;151;506;0;0;549;3;0;0;0;251468;149483;2171;19;178719;2802;70;0;1
FR;5;2022-02-28;162;369;1;0;408;1;0;0;0;251630;149852;2172;19;179127;2803;70;0;1
FR;5;2022-03-01;130;280;6;0;315;7;1;0;0;251760;150132;2178;19;179442;2810;71;0;1
FR;5;2022-03-02;1242;4156;28;3;4497;40;3;0;0;253002;154288;2206;22;183939;2850;74;0;1
FR;5;2022-03-03;121;251;5;0;271;10;1;0;0;253123;154539;2211;22;184210;2860;75;0;1
FR;5;2022-03-04;197;488;13;0;538;14;2;0;0;253320;155027;2224;22;184748;2874;77;0;1
FR;5;2022-03-05;677;1990;8;0;2243;16;2;0;0;253997;157017;2232;22;186991;2890;79;0;1
FR;5;2022-03-06;108;260;0;0;310;0;0;0;0;254105;157277;2232;22;187301;2890;79;0;1
FR;5;2022-03-07;71;228;5;0;254;3;2;0;0;254176;157505;2237;22;187555;2893;81;0;1
FR;5;2022-03-08;46;134;7;1;141;8;3;0;0;254222;157639;2244;23;187696;2901;84;0;1
FR;5;2022-03-09;910;3078;24;0;3408;36;0;0;0;255132;160717;2268;23;191104;2937;84;0;1
FR;5;2022-03-10;82;202;9;0;215;13;3;0;0;255214;160919;2277;23;191319;2950;87;0;1
FR;5;2022-03-11;148;369;13;1;426;15;0;0;0;255362;161288;2290;24;191745;2965;87;0;1
FR;5;2022-03-12;758;1613;13;1;1976;30;0;0;0;256120;162901;2303;25;193721;2995;87;0;1
FR;5;2022-03-13;78;100;0;0;133;0;0;0;0;256198;163001;2303;25;193854;2995;87;0;1
FR;5;2022-03-14;67;119;7;1;139;7;1;0;0;256265;163120;2310;26;193993;3002;88;0;1
FR;5;2022-03-15;83;99;4;0;119;7;1;0;0;256348;163219;2314;26;194112;3009;89;0;1
FR;5;2022-03-16;882;1827;15;3;2227;36;7;0;0;257230;165046;2329;29;196339;3045;96;0;1
FR;5;2022-03-17;68;123;8;4;151;10;4;0;0;257298;165169;2337;33;196490;3055;100;0;1
FR;5;2022-03-18;172;318;13;4;391;18;4;0;0;257470;165487;2350;37;196881;3073;104;0;1
FR;5;2022-03-19;752;1163;12;5;1555;33;8;0;0;258222;166650;2362;42;198436;3106;112;0;1
FR;5;2022-03-20;45;93;1;0;119;1;0;0;0;258267;166743;2363;42;198555;3107;112;0;1
FR;5;2022-03-21;71;120;10;6;136;15;8;0;0;258338;166863;2373;48;198691;3122;120;0;1
FR;5;2022-03-22;56;119;8;7;143;9;6;0;0;258394;166982;2381;55;198834;3131;126;0;1
FR;5;2022-03-23;805;1461;14;8;1878;36;9;0;0;259199;168443;2395;63;200712;3167;135;0;1
FR;5;2022-03-24;71;93;8;7;118;7;10;0;0;259270;168536;2403;70;200830;3174;145;0;1
FR;5;2022-03-25;222;293;14;8;388;18;9;0;0;259492;168829;2417;78;201218;3192;154;0;1
FR;5;2022-03-26;707;853;12;5;1273;26;6;0;1;260199;169682;2429;83;202491;3218;160;0;2
FR;5;2022-03-27;75;81;0;0;124;3;0;0;0;260274;169763;2429;83;202615;3221;160;0;2
FR;5;2022-03-28;81;93;1;2;132;3;2;0;0;260355;169856;2430;85;202747;3224;162;0;2
FR;5;2022-03-29;71;82;10;4;113;12;5;0;0;260426;169938;2440;89;202860;3236;167;0;2
FR;5;2022-03-30;823;1116;16;13;1604;29;14;0;0;261249;171054;2456;102;204464;3265;181;0;2
FR;5;2022-03-31;102;125;1;4;173;6;4;0;0;261351;171179;2457;106;204637;3271;185;0;2
FR;5;2022-04-01;114;86;7;12;135;11;12;0;1;261465;171265;2464;118;204772;3282;197;0;3
FR;5;2022-04-02;330;349;3;3;535;15;4;0;0;261795;171614;2467;121;205307;3297;201;0;3
FR;5;2022-04-03;54;59;1;0;88;1;0;0;0;261849;171673;2468;121;205395;3298;201;0;3
FR;5;2022-04-04;40;57;4;1;70;8;2;0;0;261889;171730;2472;122;205465;3306;203;0;3
FR;5;2022-04-05;53;60;6;6;75;9;5;0;0;261942;171790;2478;128;205540;3315;208;0;3
FR;5;2022-04-06;421;439;7;14;678;16;14;0;0;262363;172229;2485;142;206218;3331;222;0;3
FR;5;2022-04-07;45;69;5;7;89;7;10;0;0;262408;172298;2490;149;206307;3338;232;0;3
FR;5;2022-04-08;134;112;12;13;175;14;15;0;0;262542;172410;2502;162;206482;3352;247;0;3
FR;5;2022-04-09;311;324;2;5;511;17;5;0;0;262853;172734;2504;167;206993;3369;252;0;3
FR;5;2022-04-10;44;31;2;0;61;2;1;0;0;262897;172765;2506;167;207054;3371;253;0;3
FR;5;2022-04-11;50;60;3;2;78;4;3;0;0;262947;172825;2509;169;207132;3375;256;0;3
FR;5;2022-04-12;59;54;3;3;78;5;3;0;0;263006;172879;2512;172;207210;3380;259;0;3
FR;5;2022-04-13;382;413;3;8;606;16;8;0;0;263388;173292;2515;180;207816;3396;267;0;3
FR;5;2022-04-14;48;53;5;5;70;9;3;0;0;263436;173345;2520;185;207886;3405;270;0;3
FR;5;2022-04-15;91;109;4;4;150;5;6;0;0;263527;173454;2524;189;208036;3410;276;0;3
FR;5;2022-04-16;188;184;2;1;265;13;1;0;0;263715;173638;2526;190;208301;3423;277;0;3
FR;5;2022-04-17;12;11;1;0;17;1;0;0;0;263727;173649;2527;190;208318;3424;277;0;3
FR;5;2022-04-18;9;10;2;0;11;3;1;0;0;263736;173659;2529;190;208329;3427;278;0;3
FR;5;2022-04-19;75;71;6;1;96;6;4;0;0;263811;173730;2535;191;208425;3433;282;0;3
FR;5;2022-04-20;361;349;9;6;522;12;7;0;0;264172;174079;2544;197;208947;3445;289;0;3
FR;5;2022-04-21;42;64;9;10;71;12;14;0;0;264214;174143;2553;207;209018;3457;303;0;3
FR;5;2022-04-22;113;96;5;4;144;5;5;0;0;264327;174239;2558;211;209162;3462;308;0;3
FR;5;2022-04-23;209;193;4;2;284;11;3;0;0;264536;174432;2562;213;209446;3473;311;0;3
FR;5;2022-04-24;37;35;0;0;50;3;0;0;0;264573;174467;2562;213;209496;3476;311;0;3
FR;5;2022-04-25;69;65;1;1;102;4;1;0;0;264642;174532;2563;214;209598;3480;312;0;3
FR;5;2022-04-26;60;63;2;1;85;5;1;0;0;264702;174595;2565;215;209683;3485;313;0;3
FR;5;2022-04-27;335;316;3;7;463;14;8;0;0;265037;174911;2568;222;210146;3499;321;0;3
FR;5;2022-04-28;81;54;4;5;81;8;7;0;0;265118;174965;2572;227;210227;3507;328;0;3
FR;5;2022-04-29;117;84;5;19;118;12;17;0;0;265235;175049;2577;246;210345;3519;345;0;3
FR;5;2022-04-30;183;114;2;3;184;10;4;0;0;265418;175163;2579;249;210529;3529;349;0;3
FR;5;2022-05-01;11;7;0;0;11;0;0;0;0;265429;175170;2579;249;210540;3529;349;0;3
FR;5;2022-05-02;52;28;4;5;48;2;7;0;0;265481;175198;2583;254;210588;3531;356;0;3
FR;5;2022-05-03;87;57;2;4;84;11;4;0;0;265568;175255;2585;258;210672;3542;360;0;3
FR;5;2022-05-04;278;205;1;2;324;7;2;0;0;265846;175460;2586;260;210996;3549;362;0;3
FR;5;2022-05-05;62;32;3;4;46;5;4;0;0;265908;175492;2589;264;211042;3554;366;0;3
FR;5;2022-05-06;105;65;2;3;106;5;3;0;0;266013;175557;2591;267;211148;3559;369;0;3
FR;5;2022-05-07;171;117;2;10;180;13;7;0;0;266184;175674;2593;277;211328;3572;376;0;3
FR;5;2022-05-08;8;8;0;0;9;2;0;0;0;266192;175682;2593;277;211337;3574;376;0;3
FR;5;2022-05-09;44;34;15;3;51;16;4;0;0;266236;175716;2608;280;211388;3590;380;0;3
FR;5;2022-05-10;54;49;3;4;67;5;5;0;0;266290;175765;2611;284;211455;3595;385;0;3
FR;5;2022-05-11;327;237;12;7;344;21;11;0;0;266617;176002;2623;291;211799;3616;396;0;3
FR;5;2022-05-12;46;34;2;2;47;2;3;0;0;266663;176036;2625;293;211846;3618;399;0;3
FR;5;2022-05-13;109;83;3;8;120;8;7;0;0;266772;176119;2628;301;211966;3626;406;0;3
FR;5;2022-05-14;209;131;0;1;212;8;0;0;0;266981;176250;2628;302;212178;3634;406;0;3
FR;5;2022-05-15;22;9;2;0;18;1;1;0;0;267003;176259;2630;302;212196;3635;407;0;3
FR;5;2022-05-16;52;34;4;5;53;4;5;0;0;267055;176293;2634;307;212249;3639;412;0;3
FR;5;2022-05-17;72;40;5;0;68;2;3;0;0;267127;176333;2639;307;212317;3641;415;0;3
FR;5;2022-05-18;289;215;4;4;330;8;6;0;0;267416;176548;2643;311;212647;3649;421;0;3
FR;5;2022-05-19;45;35;5;3;42;3;4;0;0;267461;176583;2648;314;212689;3652;425;0;3
FR;5;2022-05-20;76;63;3;10;92;1;11;0;0;267537;176646;2651;324;212781;3653;436;0;3
FR;5;2022-05-21;242;166;2;3;268;17;1;0;0;267779;176812;2653;327;213049;3670;437;0;3
FR;5;2022-05-22;20;14;2;5;20;2;6;0;0;267799;176826;2655;332;213069;3672;443;0;3
FR;5;2022-05-23;42;31;4;3;42;6;3;0;0;267841;176857;2659;335;213111;3678;446;0;3
FR;5;2022-05-24;47;45;3;2;60;5;2;0;0;267888;176902;2662;337;213171;3683;448;0;3
FR;5;2022-05-25;329;257;4;1;385;16;1;0;0;268217;177159;2666;338;213556;3699;449;0;3
FR;5;2022-05-26;17;5;0;1;9;2;0;0;1;268234;177164;2666;339;213565;3701;449;0;4
FR;5;2022-05-27;99;54;4;4;89;9;3;0;0;268333;177218;2670;343;213654;3710;452;0;4
FR;5;2022-05-28;100;78;5;3;106;10;3;0;0;268433;177296;2675;346;213760;3720;455;0;4
FR;5;2022-05-29;14;14;1;0;18;2;0;0;0;268447;177310;2676;346;213778;3722;455;0;4
FR;5;2022-05-30;56;41;2;1;54;2;2;0;0;268503;177351;2678;347;213832;3724;457;0;4
FR;5;2022-05-31;57;43;1;8;62;1;8;0;0;268560;177394;2679;355;213894;3725;465;0;4
FR;5;2022-06-01;257;241;9;2;300;25;5;0;0;268817;177635;2688;357;214194;3750;470;0;4
FR;5;2022-06-02;63;61;5;0;73;9;1;0;0;268880;177696;2693;357;214267;3759;471;0;4
FR;5;2022-06-03;82;71;4;5;88;10;6;0;0;268962;177767;2697;362;214355;3769;477;0;4
FR;5;2022-06-04;157;109;2;1;187;9;1;0;0;269119;177876;2699;363;214542;3778;478;0;4
FR;5;2022-06-05;18;11;0;0;21;1;0;0;0;269137;177887;2699;363;214563;3779;478;0;4
FR;5;2022-06-06;16;12;0;1;15;0;1;0;0;269153;177899;2699;364;214578;3779;479;0;4
FR;5;2022-06-07;50;56;1;1;76;2;1;0;0;269203;177955;2700;365;214654;3781;480;0;4
FR;5;2022-06-08;283;225;3;4;332;17;2;0;0;269486;178180;2703;369;214986;3798;482;0;4
FR;5;2022-06-09;52;41;6;3;57;7;2;0;1;269538;178221;2709;372;215043;3805;484;0;5
FR;5;2022-06-10;81;72;1;1;105;6;1;0;0;269619;178293;2710;373;215148;3811;485;0;5
FR;5;2022-06-11;173;141;3;3;202;10;4;0;0;269792;178434;2713;376;215350;3821;489;0;5
FR;5;2022-06-12;17;16;0;0;19;2;0;0;0;269809;178450;2713;376;215369;3823;489;0;5
FR;5;2022-06-13;56;47;9;3;70;10;6;0;0;269865;178497;2722;379;215439;3833;495;0;5
FR;5;2022-06-14;59;56;1;4;64;6;4;0;0;269924;178553;2723;383;215503;3839;499;0;5
FR;5;2022-06-15;266;260;5;2;363;27;1;0;0;270190;178813;2728;385;215866;3866;500;0;5
FR;5;2022-06-16;47;30;5;2;44;5;2;0;0;270237;178843;2733;387;215910;3871;502;0;5
FR;5;2022-06-17;100;67;5;5;102;10;5;0;0;270337;178910;2738;392;216012;3881;507;0;5
FR;5;2022-06-18;146;95;10;2;152;26;2;0;1;270483;179005;2748;394;216164;3907;509;0;6
FR;5;2022-06-19;26;15;0;1;18;4;1;0;0;270509;179020;2748;395;216182;3911;510;0;6
FR;5;2022-06-20;56;50;8;0;62;11;2;0;0;270565;179070;2756;395;216244;3922;512;0;6
FR;5;2022-06-21;52;73;5;3;90;7;5;0;1;270617;179143;2761;398;216334;3929;517;0;7
FR;5;2022-06-22;224;248;7;9;348;33;10;0;0;270841;179391;2768;407;216682;3962;527;0;7
FR;5;2022-06-23;50;38;2;5;43;6;6;0;0;270891;179429;2770;412;216725;3968;533;0;7
FR;5;2022-06-24;91;70;12;5;101;16;8;0;0;270982;179499;2782;417;216826;3984;541;0;7
FR;5;2022-06-25;154;124;3;7;185;14;8;0;1;271136;179623;2785;424;217011;3998;549;0;8
FR;5;2022-06-26;26;19;2;0;29;5;0;0;0;271162;179642;2787;424;217040;4003;549;0;8
FR;5;2022-06-27;57;60;5;7;78;11;9;0;0;271219;179702;2792;431;217118;4014;558;0;8
FR;5;2022-06-28;70;49;8;2;69;14;5;0;0;271289;179751;2800;433;217187;4028;563;0;8
FR;5;2022-06-29;297;268;9;21;391;34;23;0;0;271586;180019;2809;454;217578;4062;586;0;8
FR;5;2022-06-30;89;57;10;12;89;17;11;0;0;271675;180076;2819;466;217667;4079;597;0;8
FR;5;2022-07-01;127;65;7;11;118;12;11;0;2;271802;180141;2826;477;217785;4091;608;0;10
FR;5;2022-07-02;191;132;4;0;210;22;0;0;0;271993;180273;2830;477;217995;4113;608;0;10
FR;5;2022-07-03;30;25;1;0;36;4;0;0;0;272023;180298;2831;477;218031;4117;608;0;10
FR;5;2022-07-04;103;65;2;5;102;7;5;0;1;272126;180363;2833;482;218133;4124;613;0;11
FR;5;2022-07-05;104;72;3;8;107;13;8;0;1;272230;180435;2836;490;218240;4137;621;0;12
FR;5;2022-07-06;277;168;9;36;289;27;36;0;0;272507;180603;2845;526;218529;4164;657;0;12
FR;5;2022-07-07;88;69;6;9;89;13;11;0;0;272595;180672;2851;535;218618;4177;668;0;12
FR;5;2022-07-08;152;120;7;14;146;25;13;0;1;272747;180792;2858;549;218764;4202;681;0;13
FR;5;2022-07-09;116;68;1;8;100;10;8;0;0;272863;180860;2859;557;218864;4212;689;0;13
FR;5;2022-07-10;15;6;0;0;10;1;0;0;0;272878;180866;2859;557;218874;4213;689;0;13
FR;5;2022-07-11;92;72;10;2;98;19;3;0;0;272970;180938;2869;559;218972;4232;692;0;13
FR;5;2022-07-12;67;63;5;10;81;7;12;0;0;273037;181001;2874;569;219053;4239;704;0;13
FR;5;2022-07-13;169;118;10;19;196;16;23;0;0;273206;181119;2884;588;219249;4255;727;0;13
FR;5;2022-07-14;8;4;0;0;7;0;0;0;0;273214;181123;2884;588;219256;4255;727;0;13
FR;5;2022-07-15;74;66;5;14;86;15;15;0;0;273288;181189;2889;602;219342;4270;742;0;13
FR;5;2022-07-16;54;44;3;0;71;3;2;0;0;273342;181233;2892;602;219413;4273;744;0;13
FR;5;2022-07-17;10;7;3;0;10;2;2;0;0;273352;181240;2895;602;219423;4275;746;0;13
FR;5;2022-07-18;60;47;0;4;70;4;3;0;0;273412;181287;2895;606;219493;4279;749;0;13
FR;5;2022-07-19;63;42;5;3;63;7;4;0;0;273475;181329;2900;609;219556;4286;753;0;13
FR;5;2022-07-20;119;106;4;11;141;14;9;0;0;273594;181435;2904;620;219697;4300;762;0;13
FR;5;2022-07-21;38;43;2;10;52;5;10;0;0;273632;181478;2906;630;219749;4305;772;0;13
FR;5;2022-07-22;48;69;11;13;75;23;11;0;1;273680;181547;2917;643;219824;4328;783;0;14
FR;5;2022-07-23;59;78;2;1;95;11;2;0;0;273739;181625;2919;644;219919;4339;785;0;14
FR;5;2022-07-24;11;9;3;1;12;3;1;0;0;273750;181634;2922;645;219931;4342;786;0;14
FR;5;2022-07-25;53;48;2;7;57;8;8;0;0;273803;181682;2924;652;219988;4350;794;0;14
FR;5;2022-07-26;58;52;5;41;70;6;44;0;0;273861;181734;2929;693;220058;4356;838;0;14
FR;5;2022-07-27;106;118;4;4;161;13;4;0;0;273967;181852;2933;697;220219;4369;842;0;14
FR;5;2022-07-28;39;35;2;2;47;6;1;0;0;274006;181887;2935;699;220266;4375;843;0;14
FR;5;2022-07-29;56;74;3;14;90;8;10;0;0;274062;181961;2938;713;220356;4383;853;0;14
FR;5;2022-07-30;55;53;5;1;76;7;2;0;0;274117;182014;2943;714;220432;4390;855;0;14
FR;5;2022-07-31;7;11;1;0;13;1;0;0;0;274124;182025;2944;714;220445;4391;855;0;14
FR;5;2022-08-01;39;53;1;2;64;6;2;0;0;274163;182078;2945;716;220509;4397;857;0;14
FR;5;2022-08-02;32;43;8;7;47;8;7;0;1;274195;182121;2953;723;220556;4405;864;0;15
FR;5;2022-08-03;54;51;4;10;70;9;8;0;0;274249;182172;2957;733;220626;4414;872;0;15
FR;5;2022-08-04;20;18;1;6;22;1;6;0;0;274269;182190;2958;739;220648;4415;878;0;15
FR;5;2022-08-05;35;26;3;3;39;3;3;0;0;274304;182216;2961;742;220687;4418;881;0;15
FR;5;2022-08-06;23;26;1;0;31;1;0;0;0;274327;182242;2962;742;220718;4419;881;0;15
FR;5;2022-08-07;2;2;1;0;1;1;1;0;0;274329;182244;2963;742;220719;4420;882;0;15
FR;5;2022-08-08;26;19;1;2;24;2;1;0;0;274355;182263;2964;744;220743;4422;883;0;15
FR;5;2022-08-09;26;28;3;3;35;3;3;0;0;274381;182291;2967;747;220778;4425;886;0;15
FR;5;2022-08-10;47;47;2;0;56;5;0;0;0;274428;182338;2969;747;220834;4430;886;0;15
FR;5;2022-08-11;19;36;2;2;42;5;2;0;0;274447;182374;2971;749;220876;4435;888;0;15
FR;5;2022-08-12;27;28;2;0;39;2;0;0;0;274474;182402;2973;749;220915;4437;888;0;15
FR;5;2022-08-13;16;18;0;0;24;0;0;0;0;274490;182420;2973;749;220939;4437;888;0;15
FR;5;2022-08-14;2;3;0;0;4;0;0;0;0;274492;182423;2973;749;220943;4437;888;0;15
FR;5;2022-08-15;2;5;0;0;5;0;0;0;0;274494;182428;2973;749;220948;4437;888;0;15
FR;5;2022-08-16;33;26;3;0;28;6;0;0;0;274527;182454;2976;749;220976;4443;888;0;15
FR;5;2022-08-17;52;55;2;1;72;1;1;0;0;274579;182509;2978;750;221048;4444;889;0;15
FR;5;2022-08-18;26;18;8;17;25;10;16;0;0;274605;182527;2986;767;221073;4454;905;0;15
FR;5;2022-08-19;25;34;1;2;42;2;2;0;0;274630;182561;2987;769;221115;4456;907;0;15
FR;5;2022-08-20;25;27;2;1;33;4;2;0;0;274655;182588;2989;770;221148;4460;909;0;15
FR;5;2022-08-21;7;4;1;0;7;1;0;0;0;274662;182592;2990;770;221155;4461;909;0;15
FR;5;2022-08-22;39;26;1;6;42;2;5;0;1;274701;182618;2991;776;221197;4463;914;0;16
FR;5;2022-08-23;27;26;1;1;32;2;1;0;0;274728;182644;2992;777;221229;4465;915;0;16
FR;5;2022-08-24;50;43;0;0;62;0;0;0;0;274778;182687;2992;777;221291;4465;915;0;16
FR;5;2022-08-25;27;26;3;1;31;2;0;0;1;274805;182713;2995;778;221322;4467;915;0;17
FR;5;2022-08-26;48;39;7;2;58;5;4;0;0;274853;182752;3002;780;221380;4472;919;0;17
FR;5;2022-08-27;46;28;1;0;46;3;1;0;0;274899;182780;3003;780;221426;4475;920;0;17
FR;5;2022-08-28;5;6;0;0;6;0;0;0;0;274904;182786;3003;780;221432;4475;920;0;17
FR;5;2022-08-29;58;44;1;1;66;4;1;0;0;274962;182830;3004;781;221498;4479;921;0;17
FR;5;2022-08-30;45;23;12;29;40;10;30;0;1;275007;182853;3016;810;221538;4489;951;0;18
FR;5;2022-08-31;53;47;6;1;58;11;1;0;0;275060;182900;3022;811;221596;4500;952;0;18
FR;5;2022-09-01;16;8;1;4;13;1;4;0;0;275076;182908;3023;815;221609;4501;956;0;18
FR;5;2022-09-02;42;23;8;2;35;9;3;0;0;275118;182931;3031;817;221644;4510;959;0;18
FR;5;2022-09-03;69;37;2;0;58;2;0;0;0;275187;182968;3033;817;221702;4512;959;0;18
FR;5;2022-09-04;12;7;1;0;8;3;0;0;0;275199;182975;3034;817;221710;4515;959;0;18
FR;5;2022-09-05;7;4;1;0;4;1;0;0;0;275206;182979;3035;817;221714;4516;959;0;18
FR;5;2022-09-06;21;14;3;15;17;2;14;0;2;275227;182993;3038;832;221731;4518;973;0;20
FR;5;2022-09-07;79;53;1;1;76;3;1;0;0;275306;183046;3039;833;221807;4521;974;0;20
FR;5;2022-09-08;9;4;0;4;7;0;4;0;0;275315;183050;3039;837;221814;4521;978;0;20
FR;5;2022-09-09;40;11;9;2;14;10;3;0;0;275355;183061;3048;839;221828;4531;981;0;20
FR;5;2022-09-10;40;45;1;1;50;8;1;0;0;275395;183106;3049;840;221878;4539;982;0;20
FR;5;2022-09-11;3;3;0;0;3;1;0;0;0;275398;183109;3049;840;221881;4540;982;0;20
FR;5;2022-09-12;7;5;2;2;7;2;2;0;0;275405;183114;3051;842;221888;4542;984;0;20
FR;5;2022-09-13;9;6;0;1;4;3;1;0;0;275414;183120;3051;843;221892;4545;985;0;20
FR;5;2022-09-14;52;47;4;6;55;9;5;0;0;275466;183167;3055;849;221947;4554;990;0;20
FR;5;2022-09-15;11;13;2;3;11;5;3;0;0;275477;183180;3057;852;221958;4559;993;0;20
FR;5;2022-09-16;25;33;1;4;38;3;3;0;0;275502;183213;3058;856;221996;4562;996;0;20
FR;5;2022-09-17;60;43;1;1;51;5;1;0;0;275562;183256;3059;857;222047;4567;997;0;20
FR;5;2022-09-18;9;6;0;1;10;1;0;0;0;275571;183262;3059;858;222057;4568;997;0;20
FR;5;2022-09-19;22;17;2;1;20;5;2;0;0;275593;183279;3061;859;222077;4573;999;0;20
FR;5;2022-09-20;15;11;3;3;15;1;4;0;0;275608;183290;3064;862;222092;4574;1003;0;20
FR;5;2022-09-21;68;45;9;0;65;13;0;0;0;275676;183335;3073;862;222157;4587;1003;0;20
FR;5;2022-09-22;12;6;4;24;6;4;23;0;1;275688;183341;3077;886;222163;4591;1026;0;21
FR;5;2022-09-23;20;25;2;3;23;8;3;0;0;275708;183366;3079;889;222186;4599;1029;0;21
FR;5;2022-09-24;44;51;1;8;65;5;8;0;0;275752;183417;3080;897;222251;4604;1037;0;21
FR;5;2022-09-25;6;12;0;0;13;1;0;0;0;275758;183429;3080;897;222264;4605;1037;0;21
FR;5;2022-09-26;15;7;0;2;12;0;1;0;1;275773;183436;3080;899;222276;4605;1038;0;22
FR;5;2022-09-27;7;12;4;9;14;4;9;0;1;275780;183448;3084;908;222290;4609;1047;0;23
FR;5;2022-09-28;65;64;5;0;88;7;0;0;0;275845;183512;3089;908;222378;4616;1047;0;23
FR;5;2022-09-29;17;9;1;0;15;1;1;0;1;275862;183521;3090;908;222393;4617;1048;0;24
FR;5;2022-09-30;28;46;2;2;53;4;3;0;0;275890;183567;3092;910;222446;4621;1051;0;24
FR;5;2022-10-01;40;35;5;5;48;8;7;0;0;275930;183602;3097;915;222494;4629;1058;0;24
FR;5;2022-10-02;1;9;1;0;10;1;0;0;0;275931;183611;3098;915;222504;4630;1058;0;24
FR;5;2022-10-03;7;6;3;0;5;4;0;0;0;275938;183617;3101;915;222509;4634;1058;0;24
FR;5;2022-10-04;11;8;1;3;11;2;3;0;0;275949;183625;3102;918;222520;4636;1061;0;24
FR;5;2022-10-05;57;62;2;2;79;13;2;0;0;276006;183687;3104;920;222599;4649;1063;0;24
FR;5;2022-10-06;12;10;1;4;15;2;4;0;0;276018;183697;3105;924;222614;4651;1067;0;24
FR;5;2022-10-07;21;31;1;0;34;5;0;0;0;276039;183728;3106;924;222648;4656;1067;0;24
FR;5;2022-10-08;33;51;1;0;54;7;0;0;0;276072;183779;3107;924;222702;4663;1067;0;24
FR;5;2022-10-09;7;10;0;0;11;1;0;0;0;276079;183789;3107;924;222713;4664;1067;0;24
FR;5;2022-10-10;14;6;0;1;8;1;1;0;0;276093;183795;3107;925;222721;4665;1068;0;24
FR;5;2022-10-11;6;13;2;1;14;2;2;0;0;276099;183808;3109;926;222735;4667;1070;0;24
FR;5;2022-10-12;39;57;3;2;69;8;2;0;0;276138;183865;3112;928;222804;4675;1072;0;24
FR;5;2022-10-13;11;16;2;0;18;4;0;0;0;276149;183881;3114;928;222822;4679;1072;0;24
FR;5;2022-10-14;21;21;1;0;20;5;0;0;0;276170;183902;3115;928;222842;4684;1072;0;24
FR;5;2022-10-15;19;26;10;0;25;11;2;0;0;276189;183928;3125;928;222867;4695;1074;0;24
FR;5;2022-10-16;3;1;0;0;1;1;0;0;0;276192;183929;3125;928;222868;4696;1074;0;24
FR;5;2022-10-17;8;8;2;1;8;3;1;0;2;276200;183937;3127;929;222876;4699;1075;0;26
FR;5;2022-10-18;6;7;0;2;8;0;2;0;0;276206;183944;3127;931;222884;4699;1077;0;26
FR;5;2022-10-19;38;43;8;0;52;11;0;0;1;276244;183987;3135;931;222936;4710;1077;0;27
FR;5;2022-10-20;18;15;2;1;16;3;1;0;0;276262;184002;3137;932;222952;4713;1078;0;27
FR;5;2022-10-21;22;15;6;0;19;8;1;0;2;276284;184017;3143;932;222971;4721;1079;0;29
FR;5;2022-10-22;34;29;2;12;32;5;12;0;0;276318;184046;3145;944;223003;4726;1091;0;29
FR;5;2022-10-23;9;3;0;0;4;0;0;0;0;276327;184049;3145;944;223007;4726;1091;0;29
FR;5;2022-10-24;14;7;6;7;9;9;8;0;0;276341;184056;3151;951;223016;4735;1099;0;29
FR;5;2022-10-25;12;9;6;3;9;8;3;0;2;276353;184065;3157;954;223025;4743;1102;0;31
FR;5;2022-10-26;34;22;6;0;29;10;0;0;0;276387;184087;3163;954;223054;4753;1102;0;31
FR;5;2022-10-27;16;4;4;0;11;4;0;0;0;276403;184091;3167;954;223065;4757;1102;0;31
FR;5;2022-10-28;19;13;5;3;14;6;4;0;0;276422;184104;3172;957;223079;4763;1106;0;31
FR;5;2022-10-29;21;13;0;0;17;3;0;0;0;276443;184117;3172;957;223096;4766;1106;0;31
FR;5;2022-10-30;1;4;2;0;4;3;0;0;0;276444;184121;3174;957;223100;4769;1106;0;31
FR;5;2022-10-31;14;11;2;1;12;3;1;0;0;276458;184132;3176;958;223112;4772;1107;0;31
FR;5;2022-11-01;3;3;0;1;3;0;1;0;0;276461;184135;3176;959;223115;4772;1108;0;31
FR;5;2022-11-02;23;17;5;4;23;5;5;0;0;276484;184152;3181;963;223138;4777;1113;0;31
FR;5;2022-11-03;22;4;1;1;11;1;1;0;0;276506;184156;3182;964;223149;4778;1114;0;31
FR;5;2022-11-04;19;18;1;0;18;2;0;0;0;276525;184174;3183;964;223167;4780;1114;0;31
FR;5;2022-11-05;25;16;1;0;21;1;0;0;0;276550;184190;3184;964;223188;4781;1114;0;31
FR;5;2022-11-06;1;7;0;0;7;0;0;0;0;276551;184197;3184;964;223195;4781;1114;0;31
FR;5;2022-11-07;6;3;3;0;3;3;0;0;0;276557;184200;3187;964;223198;4784;1114;0;31
FR;5;2022-11-08;12;7;1;2;8;1;1;0;0;276569;184207;3188;966;223206;4785;1115;0;31
FR;5;2022-11-09;30;29;6;1;32;6;1;0;0;276599;184236;3194;967;223238;4791;1116;0;31
FR;5;2022-11-10;11;16;1;0;17;1;0;0;0;276610;184252;3195;967;223255;4792;1116;0;31
FR;5;2022-11-11;2;4;0;1;6;0;1;0;0;276612;184256;3195;968;223261;4792;1117;0;31
FR;5;2022-11-12;19;10;5;9;18;6;9;0;2;276631;184266;3200;977;223279;4798;1126;0;33
FR;5;2022-11-13;2;2;0;1;2;0;1;0;0;276633;184268;3200;978;223281;4798;1127;0;33
FR;5;2022-11-14;8;10;0;1;9;3;0;0;0;276641;184278;3200;979;223290;4801;1127;0;33
FR;5;2022-11-15;8;6;4;3;6;4;3;0;0;276649;184284;3204;982;223296;4805;1130;0;33
FR;5;2022-11-16;29;28;2;1;32;5;0;0;0;276678;184312;3206;983;223328;4810;1130;0;33
FR;5;2022-11-17;6;15;4;0;15;5;0;0;0;276684;184327;3210;983;223343;4815;1130;0;33
FR;5;2022-11-18;16;17;7;0;19;9;0;0;0;276700;184344;3217;983;223362;4824;1130;0;33
FR;5;2022-11-19;18;27;2;0;28;6;0;0;0;276718;184371;3219;983;223390;4830;1130;0;33
FR;5;2022-11-20;6;3;0;0;5;0;0;0;0;276724;184374;3219;983;223395;4830;1130;0;33
FR;5;2022-11-21;8;5;0;2;4;2;1;0;0;276732;184379;3219;985;223399;4832;1131;0;33
FR;5;2022-11-22;9;3;0;1;4;0;1;0;0;276741;184382;3219;986;223403;4832;1132;0;33
FR;5;2022-11-23;34;25;6;1;27;13;0;0;0;276775;184407;3225;987;223430;4845;1132;0;33
FR;5;2022-11-24;3;7;2;1;8;1;2;0;0;276778;184414;3227;988;223438;4846;1134;0;33
FR;5;2022-11-25;15;20;2;0;25;3;0;0;1;276793;184434;3229;988;223463;4849;1134;0;34
FR;5;2022-11-26;22;19;4;0;20;8;0;0;0;276815;184453;3233;988;223483;4857;1134;0;34
FR;5;2022-11-27;7;0;1;0;3;1;0;0;0;276822;184453;3234;988;223486;4858;1134;0;34
FR;5;2022-11-28;7;12;3;0;12;5;0;0;0;276829;184465;3237;988;223498;4863;1134;0;34
FR;5;2022-11-29;10;9;1;0;11;3;0;0;1;276839;184474;3238;988;223509;4866;1134;0;35
FR;5;2022-11-30;35;48;12;0;56;17;1;0;0;276874;184522;3250;988;223565;4883;1135;0;35
FR;5;2022-12-01;5;10;2;0;10;3;0;0;0;276879;184532;3252;988;223575;4886;1135;0;35
FR;5;2022-12-02;1;5;2;1;4;3;1;0;0;276880;184537;3254;989;223579;4889;1136;0;35
FR;5;2022-12-03;3;3;8;1;5;8;1;0;0;276883;184540;3262;990;223584;4897;1137;0;35
FR;5;2022-12-04;3;2;1;0;2;2;0;0;0;276886;184542;3263;990;223586;4899;1137;0;35
FR;5;2022-12-05;1;1;0;0;0;1;0;0;0;276887;184543;3263;990;223586;4900;1137;0;35
FR;5;2022-12-06;4;1;0;0;1;0;0;0;1;276891;184544;3263;990;223587;4900;1137;0;36
FR;5;2022-12-07;5;8;1;0;8;1;0;0;0;276896;184552;3264;990;223595;4901;1137;0;36
FR;5;2022-12-08;2;2;0;0;2;0;0;0;0;276898;184554;3264;990;223597;4901;1137;0;36
FR;5;2022-12-09;3;8;0;0;6;2;0;0;0;276901;184562;3264;990;223603;4903;1137;0;36
FR;5;2022-12-10;4;7;2;1;8;2;1;0;0;276905;184569;3266;991;223611;4905;1138;0;36
FR;5;2022-12-11;2;0;0;0;0;0;0;0;0;276907;184569;3266;991;223611;4905;1138;0;36
FR;5;2022-12-12;0;0;0;0;0;0;0;0;0;276907;184569;3266;991;223611;4905;1138;0;36
FR;5;2022-12-13;2;3;0;0;4;1;0;0;0;276909;184572;3266;991;223615;4906;1138;0;36
FR;5;2022-12-14;2;2;0;9;2;1;8;0;3;276911;184574;3266;1000;223617;4907;1146;0;39
FR;5;2022-12-15;0;2;0;0;2;0;0;0;0;276911;184576;3266;1000;223619;4907;1146;0;39
FR;5;2022-12-16;3;2;2;0;3;3;0;0;0;276914;184578;3268;1000;223622;4910;1146;0;39
FR;5;2022-12-17;3;3;3;0;3;2;1;0;0;276917;184581;3271;1000;223625;4912;1147;0;39
FR;5;2022-12-18;3;0;0;1;0;0;1;0;1;276920;184581;3271;1001;223625;4912;1148;0;40
FR;5;2022-12-19;1;0;0;2;0;0;2;0;0;276921;184581;3271;1003;223625;4912;1150;0;40
FR;5;2022-12-20;0;1;3;0;1;3;0;0;0;276921;184582;3274;1003;223626;4915;1150;0;40
FR;5;2022-12-21;2;4;0;0;4;0;0;0;0;276923;184586;3274;1003;223630;4915;1150;0;40
FR;5;2022-12-22;2;2;0;0;2;0;0;0;0;276925;184588;3274;1003;223632;4915;1150;0;40
FR;5;2022-12-23;3;1;1;0;1;1;0;0;0;276928;184589;3275;1003;223633;4916;1150;0;40
FR;5;2022-12-24;0;1;0;0;1;0;0;0;0;276928;184590;3275;1003;223634;4916;1150;0;40
FR;5;2022-12-25;0;1;2;0;0;3;0;0;0;276928;184591;3277;1003;223634;4919;1150;0;40
FR;5;2022-12-26;2;2;0;0;2;0;0;0;0;276930;184593;3277;1003;223636;4919;1150;0;40
FR;5;2022-12-27;0;3;0;0;3;0;0;0;0;276930;184596;3277;1003;223639;4919;1150;0;40
FR;5;2022-12-28;5;3;3;0;3;3;2;0;0;276935;184599;3280;1003;223642;4922;1152;0;40
FR;5;2022-12-29;3;2;2;0;3;2;0;0;0;276938;184601;3282;1003;223645;4924;1152;0;40
FR;5;2022-12-30;3;2;1;0;2;1;0;0;0;276941;184603;3283;1003;223647;4925;1152;0;40
FR;5;2022-12-31;0;0;0;0;0;0;0;0;0;276941;184603;3283;1003;223647;4925;1152;0;40
FR;5;2023-01-01;0;0;0;0;0;0;0;0;0;276941;184603;3283;1003;223647;4925;1152;0;40
FR;5;2023-01-02;1;1;1;0;1;1;0;0;0;276942;184604;3284;1003;223648;4926;1152;0;40
FR;5;2023-01-03;3;1;0;0;2;0;0;0;0;276945;184605;3284;1003;223650;4926;1152;0;40
FR;5;2023-01-04;6;1;1;0;2;1;0;0;0;276951;184606;3285;1003;223652;4927;1152;0;40
FR;5;2023-01-05;0;3;0;0;3;0;0;0;0;276951;184609;3285;1003;223655;4927;1152;0;40
FR;5;2023-01-06;2;1;1;0;1;1;0;0;0;276953;184610;3286;1003;223656;4928;1152;0;40
FR;5;2023-01-07;5;1;1;0;1;2;0;0;0;276958;184611;3287;1003;223657;4930;1152;0;40
FR;5;2023-01-08;2;2;0;0;2;0;0;0;0;276960;184613;3287;1003;223659;4930;1152;0;40
FR;5;2023-01-09;4;0;1;0;1;1;0;0;0;276964;184613;3288;1003;223660;4931;1152;0;40
FR;5;2023-01-10;3;1;0;0;2;0;0;0;0;276967;184614;3288;1003;223662;4931;1152;0;40
FR;5;2023-01-11;7;5;2;0;4;3;0;0;0;276974;184619;3290;1003;223666;4934;1152;0;40
FR;5;2023-01-12;14;6;4;0;6;6;0;0;0;276988;184625;3294;1003;223672;4940;1152;0;40
FR;5;2023-01-13;55;16;15;0;31;17;0;0;0;277043;184641;3309;1003;223703;4957;1152;0;40
FR;5;2023-01-14;56;34;13;1;33;20;2;0;0;277099;184675;3322;1004;223736;4977;1154;0;40
FR;5;2023-01-15;13;9;0;0;5;4;0;0;0;277112;184684;3322;1004;223741;4981;1154;0;40
FR;5;2023-01-16;13;8;2;0;8;2;0;0;0;277125;184692;3324;1004;223749;4983;1154;0;40
FR;5;2023-01-17;12;8;3;0;4;7;0;0;0;277137;184700;3327;1004;223753;4990;1154;0;40
FR;5;2023-01-18;71;35;21;2;46;25;2;0;0;277208;184735;3348;1006;223799;5015;1156;0;40
FR;5;2023-01-19;13;6;8;0;5;10;1;0;0;277221;184741;3356;1006;223804;5025;1157;0;40
FR;5;2023-01-20;27;17;12;0;17;17;0;0;2;277248;184758;3368;1006;223821;5042;1157;0;42
FR;5;2023-01-21;34;23;18;1;30;21;1;0;0;277282;184781;3386;1007;223851;5063;1158;0;42
FR;5;2023-01-22;6;4;2;0;4;3;0;0;0;277288;184785;3388;1007;223855;5066;1158;0;42
FR;5;2023-01-23;6;5;3;0;3;5;0;0;0;277294;184790;3391;1007;223858;5071;1158;0;42
FR;5;2023-01-24;16;3;3;0;6;4;0;0;0;277310;184793;3394;1007;223864;5075;1158;0;42
FR;5;2023-01-25;33;29;12;2;25;23;2;0;0;277343;184822;3406;1009;223889;5098;1160;0;42
FR;5;2023-01-26;6;5;4;0;6;4;0;0;0;277349;184827;3410;1009;223895;5102;1160;0;42
FR;5;2023-01-27;18;13;8;0;17;8;1;0;0;277367;184840;3418;1009;223912;5110;1161;0;42
FR;5;2023-01-28;21;8;4;3;11;6;3;0;0;277388;184848;3422;1012;223923;5116;1164;0;42
FR;5;2023-01-29;0;3;0;0;2;1;0;0;0;277388;184851;3422;1012;223925;5117;1164;0;42
FR;5;2023-01-30;7;5;3;0;4;6;0;0;0;277395;184856;3425;1012;223929;5123;1164;0;42
FR;5;2023-01-31;3;7;2;0;5;4;0;0;0;277398;184863;3427;1012;223934;5127;1164;0;42
FR;5;2023-02-01;18;18;7;1;19;8;1;0;0;277416;184881;3434;1013;223953;5135;1165;0;42
FR;5;2023-02-02;7;8;1;0;7;2;0;0;0;277423;184889;3435;1013;223960;5137;1165;0;42
FR;5;2023-02-03;14;22;5;0;24;7;0;0;0;277437;184911;3440;1013;223984;5144;1165;0;42
FR;5;2023-02-04;15;22;5;0;25;5;0;0;0;277452;184933;3445;1013;224009;5149;1165;0;42
FR;5;2023-02-05;1;2;0;1;2;1;0;0;0;277453;184935;3445;1014;224011;5150;1165;0;42
FR;5;2023-02-06;11;11;6;0;12;6;0;0;0;277464;184946;3451;1014;224023;5156;1165;0;42
FR;5;2023-02-07;6;11;2;0;10;4;0;0;0;277470;184957;3453;1014;224033;5160;1165;0;42
FR;5;2023-02-08;29;31;8;0;34;10;0;0;0;277499;184988;3461;1014;224067;5170;1165;0;42
FR;5;2023-02-09;14;7;5;0;8;5;0;0;0;277513;184995;3466;1014;224075;5175;1165;0;42
FR;6;2020-12-27;0;0;0;0;0;0;0;0;0;0;0;0;0;0;0;0;0;0
FR;6;2020-12-28;0;0;0;0;0;0;0;0;0;0;0;0;0;0;0;0;0;0
FR;6;2020-12-29;0;0;0;0;0;0;0;0;0;0;0;0;0;0;0;0;0;0
FR;6;2020-12-30;0;0;0;0;0;0;0;0;0;0;0;0;0;0;0;0;0;0
FR;6;2020-12-31;0;0;0;0;0;0;0;0;0;0;0;0;0;0;0;0;0;0
FR;6;2021-01-01;0;0;0;0;0;0;0;0;0;0;0;0;0;0;0;0;0;0
FR;6;2021-01-02;0;0;0;0;0;0;0;0;0;0;0;0;0;0;0;0;0;0
FR;6;2021-01-03;0;0;0;0;0;0;0;0;0;0;0;0;0;0;0;0;0;0
FR;6;2021-01-04;0;0;0;0;0;0;0;0;0;0;0;0;0;0;0;0;0;0
FR;6;2021-01-05;0;0;0;0;0;0;0;0;0;0;0;0;0;0;0;0;0;0
FR;6;2021-01-06;0;0;0;0;0;0;0;0;0;0;0;0;0;0;0;0;0;0
FR;6;2021-01-07;0;0;0;0;0;0;0;0;0;0;0;0;0;0;0;0;0;0
FR;6;2021-01-08;0;0;0;0;0;0;0;0;0;0;0;0;0;0;0;0;0;0
FR;6;2021-01-09;0;0;0;0;0;0;0;0;0;0;0;0;0;0;0;0;0;0
FR;6;2021-01-10;0;0;0;0;0;0;0;0;0;0;0;0;0;0;0;0;0;0
FR;6;2021-01-11;0;0;0;0;0;0;0;0;0;0;0;0;0;0;0;0;0;0
FR;6;2021-01-12;0;0;0;0;0;0;0;0;0;0;0;0;0;0;0;0;0;0
FR;6;2021-01-13;0;0;0;0;0;0;0;0;0;0;0;0;0;0;0;0;0;0
FR;6;2021-01-14;0;0;0;0;0;0;0;0;0;0;0;0;0;0;0;0;0;0
FR;6;2021-01-15;0;0;0;0;0;0;0;0;0;0;0;0;0;0;0;0;0;0
FR;6;2021-01-16;0;0;0;0;0;0;0;0;0;0;0;0;0;0;0;0;0;0
FR;6;2021-01-17;0;0;0;0;0;0;0;0;0;0;0;0;0;0;0;0;0;0
FR;6;2021-01-18;0;0;0;0;0;0;0;0;0;0;0;0;0;0;0;0;0;0
FR;6;2021-01-19;0;0;0;0;0;0;0;0;0;0;0;0;0;0;0;0;0;0
FR;6;2021-01-20;0;0;0;0;0;0;0;0;0;0;0;0;0;0;0;0;0;0
FR;6;2021-01-21;0;0;0;0;0;0;0;0;0;0;0;0;0;0;0;0;0;0
FR;6;2021-01-22;0;0;0;0;0;0;0;0;0;0;0;0;0;0;0;0;0;0
FR;6;2021-01-23;0;0;0;0;0;0;0;0;0;0;0;0;0;0;0;0;0;0
FR;6;2021-01-24;0;0;0;0;0;0;0;0;0;0;0;0;0;0;0;0;0;0
FR;6;2021-01-25;0;0;0;0;0;0;0;0;0;0;0;0;0;0;0;0;0;0
FR;6;2021-01-26;0;0;0;0;0;0;0;0;0;0;0;0;0;0;0;0;0;0
FR;6;2021-01-27;0;0;0;0;0;0;0;0;0;0;0;0;0;0;0;0;0;0
FR;6;2021-01-28;0;0;0;0;0;0;0;0;0;0;0;0;0;0;0;0;0;0
FR;6;2021-01-29;0;0;0;0;0;0;0;0;0;0;0;0;0;0;0;0;0;0
FR;6;2021-01-30;0;0;0;0;0;0;0;0;0;0;0;0;0;0;0;0;0;0
FR;6;2021-01-31;0;0;0;0;0;0;0;0;0;0;0;0;0;0;0;0;0;0
FR;6;2021-02-01;0;0;0;0;0;0;0;0;0;0;0;0;0;0;0;0;0;0
FR;6;2021-02-02;0;0;0;0;0;0;0;0;0;0;0;0;0;0;0;0;0;0
FR;6;2021-02-03;0;0;0;0;0;0;0;0;0;0;0;0;0;0;0;0;0;0
FR;6;2021-02-04;0;0;0;0;0;0;0;0;0;0;0;0;0;0;0;0;0;0
FR;6;2021-02-05;0;0;0;0;0;0;0;0;0;0;0;0;0;0;0;0;0;0
FR;6;2021-02-06;0;0;0;0;0;0;0;0;0;0;0;0;0;0;0;0;0;0
FR;6;2021-02-07;0;0;0;0;0;0;0;0;0;0;0;0;0;0;0;0;0;0
FR;6;2021-02-08;0;0;0;0;0;0;0;0;0;0;0;0;0;0;0;0;0;0
FR;6;2021-02-09;0;0;0;0;0;0;0;0;0;0;0;0;0;0;0;0;0;0
FR;6;2021-02-10;0;0;0;0;0;0;0;0;0;0;0;0;0;0;0;0;0;0
FR;6;2021-02-11;0;0;0;0;0;0;0;0;0;0;0;0;0;0;0;0;0;0
FR;6;2021-02-12;0;0;0;0;0;0;0;0;0;0;0;0;0;0;0;0;0;0
FR;6;2021-02-13;0;0;0;0;0;0;0;0;0;0;0;0;0;0;0;0;0;0
FR;6;2021-02-14;0;0;0;0;0;0;0;0;0;0;0;0;0;0;0;0;0;0
FR;6;2021-02-15;0;0;0;0;0;0;0;0;0;0;0;0;0;0;0;0;0;0
FR;6;2021-02-16;0;0;0;0;0;0;0;0;0;0;0;0;0;0;0;0;0;0
FR;6;2021-02-17;0;0;0;0;0;0;0;0;0;0;0;0;0;0;0;0;0;0
FR;6;2021-02-18;0;0;0;0;0;0;0;0;0;0;0;0;0;0;0;0;0;0
FR;6;2021-02-19;0;0;0;0;0;0;0;0;0;0;0;0;0;0;0;0;0;0
FR;6;2021-02-20;0;0;0;0;0;0;0;0;0;0;0;0;0;0;0;0;0;0
FR;6;2021-02-21;0;0;0;0;0;0;0;0;0;0;0;0;0;0;0;0;0;0
FR;6;2021-02-22;0;0;0;0;0;0;0;0;0;0;0;0;0;0;0;0;0;0
FR;6;2021-02-23;0;0;0;0;0;0;0;0;0;0;0;0;0;0;0;0;0;0
FR;6;2021-02-24;0;0;0;0;0;0;0;0;0;0;0;0;0;0;0;0;0;0
FR;6;2021-02-25;0;0;0;0;0;0;0;0;0;0;0;0;0;0;0;0;0;0
FR;6;2021-02-26;0;0;0;0;0;0;0;0;0;0;0;0;0;0;0;0;0;0
FR;6;2021-02-27;0;0;0;0;0;0;0;0;0;0;0;0;0;0;0;0;0;0
FR;6;2021-02-28;0;0;0;0;0;0;0;0;0;0;0;0;0;0;0;0;0;0
FR;6;2021-03-01;0;0;0;0;0;0;0;0;0;0;0;0;0;0;0;0;0;0
FR;6;2021-03-02;0;0;0;0;0;0;0;0;0;0;0;0;0;0;0;0;0;0
FR;6;2021-03-03;0;0;0;0;0;0;0;0;0;0;0;0;0;0;0;0;0;0
FR;6;2021-03-04;0;0;0;0;0;0;0;0;0;0;0;0;0;0;0;0;0;0
FR;6;2021-03-05;0;0;0;0;0;0;0;0;0;0;0;0;0;0;0;0;0;0
FR;6;2021-03-06;0;0;0;0;0;0;0;0;0;0;0;0;0;0;0;0;0;0
FR;6;2021-03-07;0;0;0;0;0;0;0;0;0;0;0;0;0;0;0;0;0;0
FR;6;2021-03-08;0;0;0;0;0;0;0;0;0;0;0;0;0;0;0;0;0;0
FR;6;2021-03-09;0;0;0;0;0;0;0;0;0;0;0;0;0;0;0;0;0;0
FR;6;2021-03-10;0;0;0;0;0;0;0;0;0;0;0;0;0;0;0;0;0;0
FR;6;2021-03-11;0;0;0;0;0;0;0;0;0;0;0;0;0;0;0;0;0;0
FR;6;2021-03-12;0;0;0;0;0;0;0;0;0;0;0;0;0;0;0;0;0;0
FR;6;2021-03-13;0;0;0;0;0;0;0;0;0;0;0;0;0;0;0;0;0;0
FR;6;2021-03-14;0;0;0;0;0;0;0;0;0;0;0;0;0;0;0;0;0;0
FR;6;2021-03-15;0;0;0;0;0;0;0;0;0;0;0;0;0;0;0;0;0;0
FR;6;2021-03-16;0;0;0;0;0;0;0;0;0;0;0;0;0;0;0;0;0;0
FR;6;2021-03-17;0;0;0;0;0;0;0;0;0;0;0;0;0;0;0;0;0;0
FR;6;2021-03-18;0;0;0;0;0;0;0;0;0;0;0;0;0;0;0;0;0;0
FR;6;2021-03-19;0;0;0;0;0;0;0;0;0;0;0;0;0;0;0;0;0;0
FR;6;2021-03-20;0;0;0;0;0;0;0;0;0;0;0;0;0;0;0;0;0;0
FR;6;2021-03-21;0;0;0;0;0;0;0;0;0;0;0;0;0;0;0;0;0;0
FR;6;2021-03-22;0;0;0;0;0;0;0;0;0;0;0;0;0;0;0;0;0;0
FR;6;2021-03-23;0;0;0;0;0;0;0;0;0;0;0;0;0;0;0;0;0;0
FR;6;2021-03-24;0;0;0;0;0;0;0;0;0;0;0;0;0;0;0;0;0;0
FR;6;2021-03-25;0;0;0;0;0;0;0;0;0;0;0;0;0;0;0;0;0;0
FR;6;2021-03-26;0;0;0;0;0;0;0;0;0;0;0;0;0;0;0;0;0;0
FR;6;2021-03-27;0;0;0;0;0;0;0;0;0;0;0;0;0;0;0;0;0;0
FR;6;2021-03-28;0;0;0;0;0;0;0;0;0;0;0;0;0;0;0;0;0;0
FR;6;2021-03-29;0;0;0;0;0;0;0;0;0;0;0;0;0;0;0;0;0;0
FR;6;2021-03-30;0;0;0;0;0;0;0;0;0;0;0;0;0;0;0;0;0;0
FR;6;2021-03-31;0;0;0;0;0;0;0;0;0;0;0;0;0;0;0;0;0;0
FR;6;2021-04-01;0;0;0;0;0;0;0;0;0;0;0;0;0;0;0;0;0;0
FR;6;2021-04-02;0;0;0;0;0;0;0;0;0;0;0;0;0;0;0;0;0;0
FR;6;2021-04-03;0;0;0;0;0;0;0;0;0;0;0;0;0;0;0;0;0;0
FR;6;2021-04-04;0;0;0;0;0;0;0;0;0;0;0;0;0;0;0;0;0;0
FR;6;2021-04-05;0;0;0;0;0;0;0;0;0;0;0;0;0;0;0;0;0;0
FR;6;2021-04-06;0;0;0;0;0;0;0;0;0;0;0;0;0;0;0;0;0;0
FR;6;2021-04-07;0;0;0;0;0;0;0;0;0;0;0;0;0;0;0;0;0;0
FR;6;2021-04-08;0;0;0;0;0;0;0;0;0;0;0;0;0;0;0;0;0;0
FR;6;2021-04-09;0;0;0;0;0;0;0;0;0;0;0;0;0;0;0;0;0;0
FR;6;2021-04-10;0;0;0;0;0;0;0;0;0;0;0;0;0;0;0;0;0;0
FR;6;2021-04-11;0;0;0;0;0;0;0;0;0;0;0;0;0;0;0;0;0;0
FR;6;2021-04-12;0;0;0;0;0;0;0;0;0;0;0;0;0;0;0;0;0;0
FR;6;2021-04-13;0;0;0;0;0;0;0;0;0;0;0;0;0;0;0;0;0;0
FR;6;2021-04-14;0;0;0;0;0;0;0;0;0;0;0;0;0;0;0;0;0;0
FR;6;2021-04-15;0;0;0;0;0;0;0;0;0;0;0;0;0;0;0;0;0;0
FR;6;2021-04-16;0;0;0;0;0;0;0;0;0;0;0;0;0;0;0;0;0;0
FR;6;2021-04-17;0;0;0;0;0;0;0;0;0;0;0;0;0;0;0;0;0;0
FR;6;2021-04-18;0;0;0;0;0;0;0;0;0;0;0;0;0;0;0;0;0;0
FR;6;2021-04-19;0;0;0;0;0;0;0;0;0;0;0;0;0;0;0;0;0;0
FR;6;2021-04-20;0;0;0;0;0;0;0;0;0;0;0;0;0;0;0;0;0;0
FR;6;2021-04-21;0;0;0;0;0;0;0;0;0;0;0;0;0;0;0;0;0;0
FR;6;2021-04-22;0;0;0;0;0;0;0;0;0;0;0;0;0;0;0;0;0;0
FR;6;2021-04-23;0;0;0;0;0;0;0;0;0;0;0;0;0;0;0;0;0;0
FR;6;2021-04-24;0;0;0;0;0;0;0;0;0;0;0;0;0;0;0;0;0;0
FR;6;2021-04-25;0;0;0;0;0;0;0;0;0;0;0;0;0;0;0;0;0;0
FR;6;2021-04-26;0;0;0;0;0;0;0;0;0;0;0;0;0;0;0;0;0;0
FR;6;2021-04-27;0;0;0;0;0;0;0;0;0;0;0;0;0;0;0;0;0;0
FR;6;2021-04-28;0;0;0;0;0;0;0;0;0;0;0;0;0;0;0;0;0;0
FR;6;2021-04-29;0;0;0;0;0;0;0;0;0;0;0;0;0;0;0;0;0;0
FR;6;2021-04-30;0;0;0;0;0;0;0;0;0;0;0;0;0;0;0;0;0;0
FR;6;2021-05-01;0;0;0;0;0;0;0;0;0;0;0;0;0;0;0;0;0;0
FR;6;2021-05-02;0;0;0;0;0;0;0;0;0;0;0;0;0;0;0;0;0;0
FR;6;2021-05-03;0;0;0;0;0;0;0;0;0;0;0;0;0;0;0;0;0;0
FR;6;2021-05-04;0;0;0;0;0;0;0;0;0;0;0;0;0;0;0;0;0;0
FR;6;2021-05-05;0;0;0;0;0;0;0;0;0;0;0;0;0;0;0;0;0;0
FR;6;2021-05-06;0;0;0;0;0;0;0;0;0;0;0;0;0;0;0;0;0;0
FR;6;2021-05-07;0;0;0;0;0;0;0;0;0;0;0;0;0;0;0;0;0;0
FR;6;2021-05-08;0;0;0;0;0;0;0;0;0;0;0;0;0;0;0;0;0;0
FR;6;2021-05-09;0;0;0;0;0;0;0;0;0;0;0;0;0;0;0;0;0;0
FR;6;2021-05-10;0;0;0;0;0;0;0;0;0;0;0;0;0;0;0;0;0;0
FR;6;2021-05-11;0;0;0;0;0;0;0;0;0;0;0;0;0;0;0;0;0;0
FR;6;2021-05-12;0;0;0;0;0;0;0;0;0;0;0;0;0;0;0;0;0;0
FR;6;2021-05-13;0;0;0;0;0;0;0;0;0;0;0;0;0;0;0;0;0;0
FR;6;2021-05-14;0;0;0;0;0;0;0;0;0;0;0;0;0;0;0;0;0;0
FR;6;2021-05-15;0;0;0;0;0;0;0;0;0;0;0;0;0;0;0;0;0;0
FR;6;2021-05-16;0;0;0;0;0;0;0;0;0;0;0;0;0;0;0;0;0;0
FR;6;2021-05-17;0;0;0;0;0;0;0;0;0;0;0;0;0;0;0;0;0;0
FR;6;2021-05-18;0;0;0;0;0;0;0;0;0;0;0;0;0;0;0;0;0;0
FR;6;2021-05-19;0;0;0;0;0;0;0;0;0;0;0;0;0;0;0;0;0;0
FR;6;2021-05-20;0;0;0;0;0;0;0;0;0;0;0;0;0;0;0;0;0;0
FR;6;2021-05-21;0;0;0;0;0;0;0;0;0;0;0;0;0;0;0;0;0;0
FR;6;2021-05-22;0;0;0;0;0;0;0;0;0;0;0;0;0;0;0;0;0;0
FR;6;2021-05-23;0;0;0;0;0;0;0;0;0;0;0;0;0;0;0;0;0;0
FR;6;2021-05-24;0;0;0;0;0;0;0;0;0;0;0;0;0;0;0;0;0;0
FR;6;2021-05-25;0;0;0;0;0;0;0;0;0;0;0;0;0;0;0;0;0;0
FR;6;2021-05-26;0;0;0;0;0;0;0;0;0;0;0;0;0;0;0;0;0;0
FR;6;2021-05-27;0;0;0;0;0;0;0;0;0;0;0;0;0;0;0;0;0;0
FR;6;2021-05-28;0;0;0;0;0;0;0;0;0;0;0;0;0;0;0;0;0;0
FR;6;2021-05-29;0;0;0;0;0;0;0;0;0;0;0;0;0;0;0;0;0;0
FR;6;2021-05-30;0;0;0;0;0;0;0;0;0;0;0;0;0;0;0;0;0;0
FR;6;2021-05-31;0;0;0;0;0;0;0;0;0;0;0;0;0;0;0;0;0;0
FR;6;2021-06-01;0;0;0;0;0;0;0;0;0;0;0;0;0;0;0;0;0;0
FR;6;2021-06-02;0;0;0;0;0;0;0;0;0;0;0;0;0;0;0;0;0;0
FR;6;2021-06-03;0;0;0;0;0;0;0;0;0;0;0;0;0;0;0;0;0;0
FR;6;2021-06-04;0;0;0;0;0;0;0;0;0;0;0;0;0;0;0;0;0;0
FR;6;2021-06-05;0;0;0;0;0;0;0;0;0;0;0;0;0;0;0;0;0;0
FR;6;2021-06-06;0;0;0;0;0;0;0;0;0;0;0;0;0;0;0;0;0;0
FR;6;2021-06-07;0;0;0;0;0;0;0;0;0;0;0;0;0;0;0;0;0;0
FR;6;2021-06-08;0;0;0;0;0;0;0;0;0;0;0;0;0;0;0;0;0;0
FR;6;2021-06-09;0;0;0;0;0;0;0;0;0;0;0;0;0;0;0;0;0;0
FR;6;2021-06-10;0;0;0;0;0;0;0;0;0;0;0;0;0;0;0;0;0;0
FR;6;2021-06-11;0;0;0;0;0;0;0;0;0;0;0;0;0;0;0;0;0;0
FR;6;2021-06-12;0;0;0;0;0;0;0;0;0;0;0;0;0;0;0;0;0;0
FR;6;2021-06-13;0;0;0;0;0;0;0;0;0;0;0;0;0;0;0;0;0;0
FR;6;2021-06-14;0;0;0;0;0;0;0;0;0;0;0;0;0;0;0;0;0;0
FR;6;2021-06-15;0;0;0;0;0;0;0;0;0;0;0;0;0;0;0;0;0;0
FR;6;2021-06-16;0;0;0;0;0;0;0;0;0;0;0;0;0;0;0;0;0;0
FR;6;2021-06-17;0;0;0;0;0;0;0;0;0;0;0;0;0;0;0;0;0;0
FR;6;2021-06-18;0;0;0;0;0;0;0;0;0;0;0;0;0;0;0;0;0;0
FR;6;2021-06-19;0;0;0;0;0;0;0;0;0;0;0;0;0;0;0;0;0;0
FR;6;2021-06-20;0;0;0;0;0;0;0;0;0;0;0;0;0;0;0;0;0;0
FR;6;2021-06-21;0;0;0;0;0;0;0;0;0;0;0;0;0;0;0;0;0;0
FR;6;2021-06-22;0;0;0;0;0;0;0;0;0;0;0;0;0;0;0;0;0;0
FR;6;2021-06-23;0;0;0;0;0;0;0;0;0;0;0;0;0;0;0;0;0;0
FR;6;2021-06-24;0;0;0;0;0;0;0;0;0;0;0;0;0;0;0;0;0;0
FR;6;2021-06-25;0;0;0;0;0;0;0;0;0;0;0;0;0;0;0;0;0;0
FR;6;2021-06-26;0;0;0;0;0;0;0;0;0;0;0;0;0;0;0;0;0;0
FR;6;2021-06-27;0;0;0;0;0;0;0;0;0;0;0;0;0;0;0;0;0;0
FR;6;2021-06-28;0;0;0;0;0;0;0;0;0;0;0;0;0;0;0;0;0;0
FR;6;2021-06-29;0;0;0;0;0;0;0;0;0;0;0;0;0;0;0;0;0;0
FR;6;2021-06-30;0;0;0;0;0;0;0;0;0;0;0;0;0;0;0;0;0;0
FR;6;2021-07-01;0;0;0;0;0;0;0;0;0;0;0;0;0;0;0;0;0;0
FR;6;2021-07-02;0;0;0;0;0;0;0;0;0;0;0;0;0;0;0;0;0;0
FR;6;2021-07-03;0;0;0;0;0;0;0;0;0;0;0;0;0;0;0;0;0;0
FR;6;2021-07-04;0;0;0;0;0;0;0;0;0;0;0;0;0;0;0;0;0;0
FR;6;2021-07-05;0;0;0;0;0;0;0;0;0;0;0;0;0;0;0;0;0;0
FR;6;2021-07-06;0;0;0;0;0;0;0;0;0;0;0;0;0;0;0;0;0;0
FR;6;2021-07-07;0;0;0;0;0;0;0;0;0;0;0;0;0;0;0;0;0;0
FR;6;2021-07-08;0;0;0;0;0;0;0;0;0;0;0;0;0;0;0;0;0;0
FR;6;2021-07-09;0;0;0;0;0;0;0;0;0;0;0;0;0;0;0;0;0;0
FR;6;2021-07-10;0;0;0;0;0;0;0;0;0;0;0;0;0;0;0;0;0;0
FR;6;2021-07-11;0;0;0;0;0;0;0;0;0;0;0;0;0;0;0;0;0;0
FR;6;2021-07-12;0;0;0;0;0;0;0;0;0;0;0;0;0;0;0;0;0;0
FR;6;2021-07-13;0;0;0;0;0;0;0;0;0;0;0;0;0;0;0;0;0;0
FR;6;2021-07-14;0;0;0;0;0;0;0;0;0;0;0;0;0;0;0;0;0;0
FR;6;2021-07-15;0;0;0;0;0;0;0;0;0;0;0;0;0;0;0;0;0;0
FR;6;2021-07-16;0;0;0;0;0;0;0;0;0;0;0;0;0;0;0;0;0;0
FR;6;2021-07-17;0;0;0;0;0;0;0;0;0;0;0;0;0;0;0;0;0;0
FR;6;2021-07-18;0;0;0;0;0;0;0;0;0;0;0;0;0;0;0;0;0;0
FR;6;2021-07-19;0;0;0;0;0;0;0;0;0;0;0;0;0;0;0;0;0;0
FR;6;2021-07-20;0;0;0;0;0;0;0;0;0;0;0;0;0;0;0;0;0;0
FR;6;2021-07-21;0;0;0;0;0;0;0;0;0;0;0;0;0;0;0;0;0;0
FR;6;2021-07-22;0;0;0;0;0;0;0;0;0;0;0;0;0;0;0;0;0;0
FR;6;2021-07-23;0;0;0;0;0;0;0;0;0;0;0;0;0;0;0;0;0;0
FR;6;2021-07-24;0;0;0;0;0;0;0;0;0;0;0;0;0;0;0;0;0;0
FR;6;2021-07-25;0;0;0;0;0;0;0;0;0;0;0;0;0;0;0;0;0;0
FR;6;2021-07-26;0;0;0;0;0;0;0;0;0;0;0;0;0;0;0;0;0;0
FR;6;2021-07-27;0;0;0;0;0;0;0;0;0;0;0;0;0;0;0;0;0;0
FR;6;2021-07-28;0;0;0;0;0;0;0;0;0;0;0;0;0;0;0;0;0;0
FR;6;2021-07-29;0;0;0;0;0;0;0;0;0;0;0;0;0;0;0;0;0;0
FR;6;2021-07-30;0;0;0;0;0;0;0;0;0;0;0;0;0;0;0;0;0;0
FR;6;2021-07-31;0;0;0;0;0;0;0;0;0;0;0;0;0;0;0;0;0;0
FR;6;2021-08-01;0;0;0;0;0;0;0;0;0;0;0;0;0;0;0;0;0;0
FR;6;2021-08-02;0;0;0;0;0;0;0;0;0;0;0;0;0;0;0;0;0;0
FR;6;2021-08-03;0;0;0;0;0;0;0;0;0;0;0;0;0;0;0;0;0;0
FR;6;2021-08-04;0;0;0;0;0;0;0;0;0;0;0;0;0;0;0;0;0;0
FR;6;2021-08-05;0;0;0;0;0;0;0;0;0;0;0;0;0;0;0;0;0;0
FR;6;2021-08-06;0;0;0;0;0;0;0;0;0;0;0;0;0;0;0;0;0;0
FR;6;2021-08-07;0;0;0;0;0;0;0;0;0;0;0;0;0;0;0;0;0;0
FR;6;2021-08-08;0;0;0;0;0;0;0;0;0;0;0;0;0;0;0;0;0;0
FR;6;2021-08-09;0;0;0;0;0;0;0;0;0;0;0;0;0;0;0;0;0;0
FR;6;2021-08-10;0;0;0;0;0;0;0;0;0;0;0;0;0;0;0;0;0;0
FR;6;2021-08-11;0;0;0;0;0;0;0;0;0;0;0;0;0;0;0;0;0;0
FR;6;2021-08-12;0;0;0;0;0;0;0;0;0;0;0;0;0;0;0;0;0;0
FR;6;2021-08-13;0;0;0;0;0;0;0;0;0;0;0;0;0;0;0;0;0;0
FR;6;2021-08-14;0;0;0;0;0;0;0;0;0;0;0;0;0;0;0;0;0;0
FR;6;2021-08-15;0;0;0;0;0;0;0;0;0;0;0;0;0;0;0;0;0;0
FR;6;2021-08-16;0;0;0;0;0;0;0;0;0;0;0;0;0;0;0;0;0;0
FR;6;2021-08-17;0;0;0;0;0;0;0;0;0;0;0;0;0;0;0;0;0;0
FR;6;2021-08-18;0;0;0;0;0;0;0;0;0;0;0;0;0;0;0;0;0;0
FR;6;2021-08-19;0;0;0;0;0;0;0;0;0;0;0;0;0;0;0;0;0;0
FR;6;2021-08-20;0;0;0;0;0;0;0;0;0;0;0;0;0;0;0;0;0;0
FR;6;2021-08-21;0;0;0;0;0;0;0;0;0;0;0;0;0;0;0;0;0;0
FR;6;2021-08-22;0;0;0;0;0;0;0;0;0;0;0;0;0;0;0;0;0;0
FR;6;2021-08-23;0;0;0;0;0;0;0;0;0;0;0;0;0;0;0;0;0;0
FR;6;2021-08-24;0;0;0;0;0;0;0;0;0;0;0;0;0;0;0;0;0;0
FR;6;2021-08-25;0;0;0;0;0;0;0;0;0;0;0;0;0;0;0;0;0;0
FR;6;2021-08-26;0;0;0;0;0;0;0;0;0;0;0;0;0;0;0;0;0;0
FR;6;2021-08-27;0;0;0;0;0;0;0;0;0;0;0;0;0;0;0;0;0;0
FR;6;2021-08-28;0;0;0;0;0;0;0;0;0;0;0;0;0;0;0;0;0;0
FR;6;2021-08-29;0;0;0;0;0;0;0;0;0;0;0;0;0;0;0;0;0;0
FR;6;2021-08-30;0;0;0;0;0;0;0;0;0;0;0;0;0;0;0;0;0;0
FR;6;2021-08-31;0;0;0;0;0;0;0;0;0;0;0;0;0;0;0;0;0;0
FR;6;2021-09-01;0;0;0;0;0;0;0;0;0;0;0;0;0;0;0;0;0;0
FR;6;2021-09-02;0;0;0;0;0;0;0;0;0;0;0;0;0;0;0;0;0;0
FR;6;2021-09-03;0;0;0;0;0;0;0;0;0;0;0;0;0;0;0;0;0;0
FR;6;2021-09-04;0;0;0;0;0;0;0;0;0;0;0;0;0;0;0;0;0;0
FR;6;2021-09-05;0;0;0;0;0;0;0;0;0;0;0;0;0;0;0;0;0;0
FR;6;2021-09-06;0;0;0;0;0;0;0;0;0;0;0;0;0;0;0;0;0;0
FR;6;2021-09-07;0;0;0;0;0;0;0;0;0;0;0;0;0;0;0;0;0;0
FR;6;2021-09-08;0;0;0;0;0;0;0;0;0;0;0;0;0;0;0;0;0;0
FR;6;2021-09-09;0;0;0;0;0;0;0;0;0;0;0;0;0;0;0;0;0;0
FR;6;2021-09-10;0;0;0;0;0;0;0;0;0;0;0;0;0;0;0;0;0;0
FR;6;2021-09-11;0;0;0;0;0;0;0;0;0;0;0;0;0;0;0;0;0;0
FR;6;2021-09-12;0;0;0;0;0;0;0;0;0;0;0;0;0;0;0;0;0;0
FR;6;2021-09-13;0;0;0;0;0;0;0;0;0;0;0;0;0;0;0;0;0;0
FR;6;2021-09-14;0;0;0;0;0;0;0;0;0;0;0;0;0;0;0;0;0;0
FR;6;2021-09-15;0;0;0;0;0;0;0;0;0;0;0;0;0;0;0;0;0;0
FR;6;2021-09-16;0;0;0;0;0;0;0;0;0;0;0;0;0;0;0;0;0;0
FR;6;2021-09-17;0;0;0;0;0;0;0;0;0;0;0;0;0;0;0;0;0;0
FR;6;2021-09-18;0;0;0;0;0;0;0;0;0;0;0;0;0;0;0;0;0;0
FR;6;2021-09-19;0;0;0;0;0;0;0;0;0;0;0;0;0;0;0;0;0;0
FR;6;2021-09-20;0;0;0;0;0;0;0;0;0;0;0;0;0;0;0;0;0;0
FR;6;2021-09-21;0;0;0;0;0;0;0;0;0;0;0;0;0;0;0;0;0;0
FR;6;2021-09-22;0;0;0;0;0;0;0;0;0;0;0;0;0;0;0;0;0;0
FR;6;2021-09-23;0;0;0;0;0;0;0;0;0;0;0;0;0;0;0;0;0;0
FR;6;2021-09-24;0;0;0;0;0;0;0;0;0;0;0;0;0;0;0;0;0;0
FR;6;2021-09-25;0;0;0;0;0;0;0;0;0;0;0;0;0;0;0;0;0;0
FR;6;2021-09-26;0;0;0;0;0;0;0;0;0;0;0;0;0;0;0;0;0;0
FR;6;2021-09-27;0;0;0;0;0;0;0;0;0;0;0;0;0;0;0;0;0;0
FR;6;2021-09-28;0;0;0;0;0;0;0;0;0;0;0;0;0;0;0;0;0;0
FR;6;2021-09-29;0;0;0;0;0;0;0;0;0;0;0;0;0;0;0;0;0;0
FR;6;2021-09-30;0;0;0;0;0;0;0;0;0;0;0;0;0;0;0;0;0;0
FR;6;2021-10-01;0;0;0;0;0;0;0;0;0;0;0;0;0;0;0;0;0;0
FR;6;2021-10-02;0;0;0;0;0;0;0;0;0;0;0;0;0;0;0;0;0;0
FR;6;2021-10-03;0;0;0;0;0;0;0;0;0;0;0;0;0;0;0;0;0;0
FR;6;2021-10-04;0;0;0;0;0;0;0;0;0;0;0;0;0;0;0;0;0;0
FR;6;2021-10-05;0;0;0;0;0;0;0;0;0;0;0;0;0;0;0;0;0;0
FR;6;2021-10-06;0;0;0;0;0;0;0;0;0;0;0;0;0;0;0;0;0;0
FR;6;2021-10-07;0;0;0;0;0;0;0;0;0;0;0;0;0;0;0;0;0;0
FR;6;2021-10-08;0;0;0;0;0;0;0;0;0;0;0;0;0;0;0;0;0;0
FR;6;2021-10-09;0;0;0;0;0;0;0;0;0;0;0;0;0;0;0;0;0;0
FR;6;2021-10-10;0;0;0;0;0;0;0;0;0;0;0;0;0;0;0;0;0;0
FR;6;2021-10-11;0;0;0;0;0;0;0;0;0;0;0;0;0;0;0;0;0;0
FR;6;2021-10-12;0;0;0;0;0;0;0;0;0;0;0;0;0;0;0;0;0;0
FR;6;2021-10-13;0;0;0;0;0;0;0;0;0;0;0;0;0;0;0;0;0;0
FR;6;2021-10-14;0;0;0;0;0;0;0;0;0;0;0;0;0;0;0;0;0;0
FR;6;2021-10-15;0;0;0;0;0;0;0;0;0;0;0;0;0;0;0;0;0;0
FR;6;2021-10-16;0;0;0;0;0;0;0;0;0;0;0;0;0;0;0;0;0;0
FR;6;2021-10-17;0;0;0;0;0;0;0;0;0;0;0;0;0;0;0;0;0;0
FR;6;2021-10-18;0;0;0;0;0;0;0;0;0;0;0;0;0;0;0;0;0;0
FR;6;2021-10-19;0;0;0;0;0;0;0;0;0;0;0;0;0;0;0;0;0;0
FR;6;2021-10-20;0;0;0;0;0;0;0;0;0;0;0;0;0;0;0;0;0;0
FR;6;2021-10-21;0;0;0;0;0;0;0;0;0;0;0;0;0;0;0;0;0;0
FR;6;2021-10-22;0;0;0;0;0;0;0;0;0;0;0;0;0;0;0;0;0;0
FR;6;2021-10-23;0;0;0;0;0;0;0;0;0;0;0;0;0;0;0;0;0;0
FR;6;2021-10-24;0;0;0;0;0;0;0;0;0;0;0;0;0;0;0;0;0;0
FR;6;2021-10-25;0;0;0;0;0;0;0;0;0;0;0;0;0;0;0;0;0;0
FR;6;2021-10-26;0;0;0;0;0;0;0;0;0;0;0;0;0;0;0;0;0;0
FR;6;2021-10-27;0;0;0;0;0;0;0;0;0;0;0;0;0;0;0;0;0;0
FR;6;2021-10-28;0;0;0;0;0;0;0;0;0;0;0;0;0;0;0;0;0;0
FR;6;2021-10-29;0;0;0;0;0;0;0;0;0;0;0;0;0;0;0;0;0;0
FR;6;2021-10-30;0;0;0;0;0;0;0;0;0;0;0;0;0;0;0;0;0;0
FR;6;2021-10-31;0;0;0;0;0;0;0;0;0;0;0;0;0;0;0;0;0;0
FR;6;2021-11-01;0;0;0;0;0;0;0;0;0;0;0;0;0;0;0;0;0;0
FR;6;2021-11-02;0;0;0;0;0;0;0;0;0;0;0;0;0;0;0;0;0;0
FR;6;2021-11-03;0;0;0;0;0;0;0;0;0;0;0;0;0;0;0;0;0;0
FR;6;2021-11-04;0;0;0;0;0;0;0;0;0;0;0;0;0;0;0;0;0;0
FR;6;2021-11-05;0;0;0;0;0;0;0;0;0;0;0;0;0;0;0;0;0;0
FR;6;2021-11-06;0;0;0;0;0;0;0;0;0;0;0;0;0;0;0;0;0;0
FR;6;2021-11-07;0;0;0;0;0;0;0;0;0;0;0;0;0;0;0;0;0;0
FR;6;2021-11-08;0;0;0;0;0;0;0;0;0;0;0;0;0;0;0;0;0;0
FR;6;2021-11-09;0;0;0;0;0;0;0;0;0;0;0;0;0;0;0;0;0;0
FR;6;2021-11-10;0;0;0;0;0;0;0;0;0;0;0;0;0;0;0;0;0;0
FR;6;2021-11-11;0;0;0;0;0;0;0;0;0;0;0;0;0;0;0;0;0;0
FR;6;2021-11-12;0;0;0;0;0;0;0;0;0;0;0;0;0;0;0;0;0;0
FR;6;2021-11-13;0;0;0;0;0;0;0;0;0;0;0;0;0;0;0;0;0;0
FR;6;2021-11-14;0;0;0;0;0;0;0;0;0;0;0;0;0;0;0;0;0;0
FR;6;2021-11-15;0;0;0;0;0;0;0;0;0;0;0;0;0;0;0;0;0;0
FR;6;2021-11-16;0;0;0;0;0;0;0;0;0;0;0;0;0;0;0;0;0;0
FR;6;2021-11-17;0;0;0;0;0;0;0;0;0;0;0;0;0;0;0;0;0;0
FR;6;2021-11-18;0;0;0;0;0;0;0;0;0;0;0;0;0;0;0;0;0;0
FR;6;2021-11-19;0;0;0;0;0;0;0;0;0;0;0;0;0;0;0;0;0;0
FR;6;2021-11-20;0;0;0;0;0;0;0;0;0;0;0;0;0;0;0;0;0;0
FR;6;2021-11-21;0;0;0;0;0;0;0;0;0;0;0;0;0;0;0;0;0;0
FR;6;2021-11-22;0;0;0;0;0;0;0;0;0;0;0;0;0;0;0;0;0;0
FR;6;2021-11-23;0;0;0;0;0;0;0;0;0;0;0;0;0;0;0;0;0;0
FR;6;2021-11-24;0;0;0;0;0;0;0;0;0;0;0;0;0;0;0;0;0;0
FR;6;2021-11-25;0;0;0;0;0;0;0;0;0;0;0;0;0;0;0;0;0;0
FR;6;2021-11-26;0;0;0;0;0;0;0;0;0;0;0;0;0;0;0;0;0;0
FR;6;2021-11-27;0;0;0;0;0;0;0;0;0;0;0;0;0;0;0;0;0;0
FR;6;2021-11-28;0;0;0;0;0;0;0;0;0;0;0;0;0;0;0;0;0;0
FR;6;2021-11-29;0;0;0;0;0;0;0;0;0;0;0;0;0;0;0;0;0;0
FR;6;2021-11-30;0;0;0;0;0;0;0;0;0;0;0;0;0;0;0;0;0;0
FR;6;2021-12-01;0;0;0;0;0;0;0;0;0;0;0;0;0;0;0;0;0;0
FR;6;2021-12-02;0;0;0;0;0;0;0;0;0;0;0;0;0;0;0;0;0;0
FR;6;2021-12-03;0;0;0;0;0;0;0;0;0;0;0;0;0;0;0;0;0;0
FR;6;2021-12-04;0;0;0;0;0;0;0;0;0;0;0;0;0;0;0;0;0;0
FR;6;2021-12-05;0;0;0;0;0;0;0;0;0;0;0;0;0;0;0;0;0;0
FR;6;2021-12-06;0;0;0;0;0;0;0;0;0;0;0;0;0;0;0;0;0;0
FR;6;2021-12-07;0;0;0;0;0;0;0;0;0;0;0;0;0;0;0;0;0;0
FR;6;2021-12-08;0;0;0;0;0;0;0;0;0;0;0;0;0;0;0;0;0;0
FR;6;2021-12-09;0;0;0;0;0;0;0;0;0;0;0;0;0;0;0;0;0;0
FR;6;2021-12-10;0;0;0;0;0;0;0;0;0;0;0;0;0;0;0;0;0;0
FR;6;2021-12-11;0;0;0;0;0;0;0;0;0;0;0;0;0;0;0;0;0;0
FR;6;2021-12-12;0;0;0;0;0;0;0;0;0;0;0;0;0;0;0;0;0;0
FR;6;2021-12-13;0;0;0;0;0;0;0;0;0;0;0;0;0;0;0;0;0;0
FR;6;2021-12-14;0;0;0;0;0;0;0;0;0;0;0;0;0;0;0;0;0;0
FR;6;2021-12-15;0;0;0;0;0;0;0;0;0;0;0;0;0;0;0;0;0;0
FR;6;2021-12-16;0;0;0;0;0;0;0;0;0;0;0;0;0;0;0;0;0;0
FR;6;2021-12-17;0;0;0;0;0;0;0;0;0;0;0;0;0;0;0;0;0;0
FR;6;2021-12-18;0;0;0;0;0;0;0;0;0;0;0;0;0;0;0;0;0;0
FR;6;2021-12-19;0;0;0;0;0;0;0;0;0;0;0;0;0;0;0;0;0;0
FR;6;2021-12-20;0;0;0;0;0;0;0;0;0;0;0;0;0;0;0;0;0;0
FR;6;2021-12-21;0;0;0;0;0;0;0;0;0;0;0;0;0;0;0;0;0;0
FR;6;2021-12-22;0;0;0;0;0;0;0;0;0;0;0;0;0;0;0;0;0;0
FR;6;2021-12-23;0;0;0;0;0;0;0;0;0;0;0;0;0;0;0;0;0;0
FR;6;2021-12-24;0;0;0;0;0;0;0;0;0;0;0;0;0;0;0;0;0;0
FR;6;2021-12-25;0;0;0;0;0;0;0;0;0;0;0;0;0;0;0;0;0;0
FR;6;2021-12-26;0;0;0;0;0;0;0;0;0;0;0;0;0;0;0;0;0;0
FR;6;2021-12-27;0;0;0;0;0;0;0;0;0;0;0;0;0;0;0;0;0;0
FR;6;2021-12-28;0;0;0;0;0;0;0;0;0;0;0;0;0;0;0;0;0;0
FR;6;2021-12-29;0;0;0;0;0;0;0;0;0;0;0;0;0;0;0;0;0;0
FR;6;2021-12-30;0;0;0;0;0;0;0;0;0;0;0;0;0;0;0;0;0;0
FR;6;2021-12-31;0;0;0;0;0;0;0;0;0;0;0;0;0;0;0;0;0;0
FR;6;2022-01-01;0;0;0;0;0;0;0;0;0;0;0;0;0;0;0;0;0;0
FR;6;2022-01-02;0;0;0;0;0;0;0;0;0;0;0;0;0;0;0;0;0;0
FR;6;2022-01-03;0;0;0;0;0;0;0;0;0;0;0;0;0;0;0;0;0;0
FR;6;2022-01-04;0;0;0;0;0;0;0;0;0;0;0;0;0;0;0;0;0;0
FR;6;2022-01-05;0;0;0;0;0;0;0;0;0;0;0;0;0;0;0;0;0;0
FR;6;2022-01-06;0;0;0;0;0;0;0;0;0;0;0;0;0;0;0;0;0;0
FR;6;2022-01-07;0;0;0;0;0;0;0;0;0;0;0;0;0;0;0;0;0;0
FR;6;2022-01-08;0;0;0;0;0;0;0;0;0;0;0;0;0;0;0;0;0;0
FR;6;2022-01-09;0;0;0;0;0;0;0;0;0;0;0;0;0;0;0;0;0;0
FR;6;2022-01-10;0;0;0;0;0;0;0;0;0;0;0;0;0;0;0;0;0;0
FR;6;2022-01-11;0;0;0;0;0;0;0;0;0;0;0;0;0;0;0;0;0;0
FR;6;2022-01-12;0;0;0;0;0;0;0;0;0;0;0;0;0;0;0;0;0;0
FR;6;2022-01-13;0;0;0;0;0;0;0;0;0;0;0;0;0;0;0;0;0;0
FR;6;2022-01-14;0;0;0;0;0;0;0;0;0;0;0;0;0;0;0;0;0;0
FR;6;2022-01-15;0;0;0;0;0;0;0;0;0;0;0;0;0;0;0;0;0;0
FR;6;2022-01-16;0;0;0;0;0;0;0;0;0;0;0;0;0;0;0;0;0;0
FR;6;2022-01-17;0;0;0;0;0;0;0;0;0;0;0;0;0;0;0;0;0;0
FR;6;2022-01-18;0;0;0;0;0;0;0;0;0;0;0;0;0;0;0;0;0;0
FR;6;2022-01-19;0;0;0;0;0;0;0;0;0;0;0;0;0;0;0;0;0;0
FR;6;2022-01-20;0;0;0;0;0;0;0;0;0;0;0;0;0;0;0;0;0;0
FR;6;2022-01-21;0;0;0;0;0;0;0;0;0;0;0;0;0;0;0;0;0;0
FR;6;2022-01-22;0;0;0;0;0;0;0;0;0;0;0;0;0;0;0;0;0;0
FR;6;2022-01-23;0;0;0;0;0;0;0;0;0;0;0;0;0;0;0;0;0;0
FR;6;2022-01-24;0;0;0;0;0;0;0;0;0;0;0;0;0;0;0;0;0;0
FR;6;2022-01-25;0;0;0;0;0;0;0;0;0;0;0;0;0;0;0;0;0;0
FR;6;2022-01-26;0;0;0;0;0;0;0;0;0;0;0;0;0;0;0;0;0;0
FR;6;2022-01-27;0;0;0;0;0;0;0;0;0;0;0;0;0;0;0;0;0;0
FR;6;2022-01-28;0;0;0;0;0;0;0;0;0;0;0;0;0;0;0;0;0;0
FR;6;2022-01-29;0;0;0;0;0;0;0;0;0;0;0;0;0;0;0;0;0;0
FR;6;2022-01-30;0;0;0;0;0;0;0;0;0;0;0;0;0;0;0;0;0;0
FR;6;2022-01-31;0;0;0;0;0;0;0;0;0;0;0;0;0;0;0;0;0;0
FR;6;2022-02-01;0;0;0;0;0;0;0;0;0;0;0;0;0;0;0;0;0;0
FR;6;2022-02-02;0;0;0;0;0;0;0;0;0;0;0;0;0;0;0;0;0;0
FR;6;2022-02-03;0;0;0;0;0;0;0;0;0;0;0;0;0;0;0;0;0;0
FR;6;2022-02-04;0;0;0;0;0;0;0;0;0;0;0;0;0;0;0;0;0;0
FR;6;2022-02-05;0;0;0;0;0;0;0;0;0;0;0;0;0;0;0;0;0;0
FR;6;2022-02-06;0;0;0;0;0;0;0;0;0;0;0;0;0;0;0;0;0;0
FR;6;2022-02-07;0;0;0;0;0;0;0;0;0;0;0;0;0;0;0;0;0;0
FR;6;2022-02-08;0;0;0;0;0;0;0;0;0;0;0;0;0;0;0;0;0;0
FR;6;2022-02-09;0;0;0;0;0;0;0;0;0;0;0;0;0;0;0;0;0;0
FR;6;2022-02-10;0;0;0;0;0;0;0;0;0;0;0;0;0;0;0;0;0;0
FR;6;2022-02-11;0;0;0;0;0;0;0;0;0;0;0;0;0;0;0;0;0;0
FR;6;2022-02-12;0;0;0;0;0;0;0;0;0;0;0;0;0;0;0;0;0;0
FR;6;2022-02-13;0;0;0;0;0;0;0;0;0;0;0;0;0;0;0;0;0;0
FR;6;2022-02-14;0;0;0;0;0;0;0;0;0;0;0;0;0;0;0;0;0;0
FR;6;2022-02-15;0;0;0;0;0;0;0;0;0;0;0;0;0;0;0;0;0;0
FR;6;2022-02-16;0;0;0;0;0;0;0;0;0;0;0;0;0;0;0;0;0;0
FR;6;2022-02-17;0;0;0;0;0;0;0;0;0;0;0;0;0;0;0;0;0;0
FR;6;2022-02-18;0;0;0;0;0;0;0;0;0;0;0;0;0;0;0;0;0;0
FR;6;2022-02-19;0;0;0;0;0;0;0;0;0;0;0;0;0;0;0;0;0;0
FR;6;2022-02-20;0;0;0;0;0;0;0;0;0;0;0;0;0;0;0;0;0;0
FR;6;2022-02-21;0;0;0;0;0;0;0;0;0;0;0;0;0;0;0;0;0;0
FR;6;2022-02-22;0;0;0;0;0;0;0;0;0;0;0;0;0;0;0;0;0;0
FR;6;2022-02-23;0;0;0;0;0;0;0;0;0;0;0;0;0;0;0;0;0;0
FR;6;2022-02-24;0;0;0;0;0;0;0;0;0;0;0;0;0;0;0;0;0;0
FR;6;2022-02-25;0;0;0;0;0;0;0;0;0;0;0;0;0;0;0;0;0;0
FR;6;2022-02-26;1;0;0;0;0;0;0;0;0;1;0;0;0;0;0;0;0;0
FR;6;2022-02-27;1;0;0;0;1;0;0;0;0;2;0;0;0;1;0;0;0;0
FR;6;2022-02-28;0;0;0;0;0;0;0;0;0;2;0;0;0;1;0;0;0;0
FR;6;2022-03-01;3;0;0;0;0;0;0;0;0;5;0;0;0;1;0;0;0;0
FR;6;2022-03-02;97;9;2;0;15;7;0;0;0;102;9;2;0;16;7;0;0;0
FR;6;2022-03-03;0;0;0;0;0;0;0;0;0;102;9;2;0;16;7;0;0;0
FR;6;2022-03-04;92;4;0;0;8;4;0;0;0;194;13;2;0;24;11;0;0;0
FR;6;2022-03-05;391;23;2;0;60;14;0;0;0;585;36;4;0;84;25;0;0;0
FR;6;2022-03-06;7;1;0;0;2;0;0;0;0;592;37;4;0;86;25;0;0;0
FR;6;2022-03-07;337;19;0;0;51;13;0;0;0;929;56;4;0;137;38;0;0;0
FR;6;2022-03-08;230;14;0;0;47;5;0;0;0;1159;70;4;0;184;43;0;0;0
FR;6;2022-03-09;519;29;2;0;84;21;1;0;0;1678;99;6;0;268;64;1;0;0
FR;6;2022-03-10;206;19;0;1;54;12;1;0;0;1884;118;6;1;322;76;2;0;0
FR;6;2022-03-11;331;22;6;0;53;21;0;0;0;2215;140;12;1;375;97;2;0;0
FR;6;2022-03-12;518;25;1;0;83;20;0;0;0;2733;165;13;1;458;117;2;0;0
FR;6;2022-03-13;40;2;0;0;2;1;0;0;0;2773;167;13;1;460;118;2;0;0
FR;6;2022-03-14;201;4;2;0;39;3;1;0;0;2974;171;15;1;499;121;3;0;0
FR;6;2022-03-15;112;11;2;0;28;9;0;0;0;3086;182;17;1;527;130;3;0;0
FR;6;2022-03-16;310;17;2;1;49;15;1;0;0;3396;199;19;2;576;145;4;0;0
FR;6;2022-03-17;117;6;1;2;14;4;2;0;0;3513;205;20;4;590;149;6;0;0
FR;6;2022-03-18;215;10;0;0;40;6;0;0;0;3728;215;20;4;630;155;6;0;0
FR;6;2022-03-19;307;19;2;0;90;9;0;0;0;4035;234;22;4;720;164;6;0;0
FR;6;2022-03-20;15;5;0;0;5;1;0;0;0;4050;239;22;4;725;165;6;0;0
FR;6;2022-03-21;132;23;1;0;47;4;0;0;0;4182;262;23;4;772;169;6;0;0
FR;6;2022-03-22;97;15;0;0;34;4;0;0;0;4279;277;23;4;806;173;6;0;0
FR;6;2022-03-23;226;108;3;0;154;14;1;0;0;4505;385;26;4;960;187;7;0;0
FR;6;2022-03-24;100;15;1;3;32;4;3;0;0;4605;400;27;7;992;191;10;0;0
FR;6;2022-03-25;203;141;2;1;179;15;2;0;0;4808;541;29;8;1171;206;12;0;0
FR;6;2022-03-26;331;295;7;1;385;19;1;0;0;5139;836;36;9;1556;225;13;0;0
FR;6;2022-03-27;32;30;1;0;37;1;1;0;0;5171;866;37;9;1593;226;14;0;0
FR;6;2022-03-28;201;208;8;1;234;17;3;0;0;5372;1074;45;10;1827;243;17;0;0
FR;6;2022-03-29;124;189;12;2;206;12;9;0;0;5496;1263;57;12;2033;255;26;0;0
FR;6;2022-03-30;305;476;10;2;548;22;6;0;0;5801;1739;67;14;2581;277;32;0;0
FR;6;2022-03-31;123;140;10;0;160;14;5;0;0;5924;1879;77;14;2741;291;37;0;0
FR;6;2022-04-01;195;150;11;2;178;23;3;0;0;6119;2029;88;16;2919;314;40;0;0
FR;6;2022-04-02;206;241;9;1;280;13;8;0;0;6325;2270;97;17;3199;327;48;0;0
FR;6;2022-04-03;17;21;0;0;26;1;0;0;0;6342;2291;97;17;3225;328;48;0;0
FR;6;2022-04-04;137;114;6;1;131;9;5;0;0;6479;2405;103;18;3356;337;53;0;0
FR;6;2022-04-05;146;88;15;1;105;11;8;0;0;6625;2493;118;19;3461;348;61;0;0
FR;6;2022-04-06;204;245;22;26;291;27;33;0;0;6829;2738;140;45;3752;375;94;0;0
FR;6;2022-04-07;127;96;15;9;115;17;14;0;0;6956;2834;155;54;3867;392;108;0;0
FR;6;2022-04-08;199;171;16;3;214;17;9;0;1;7155;3005;171;57;4081;409;117;0;1
FR;6;2022-04-09;145;139;6;12;171;13;4;0;0;7300;3144;177;69;4252;422;121;0;1
FR;6;2022-04-10;11;20;3;0;26;1;3;0;0;7311;3164;180;69;4278;423;124;0;1
FR;6;2022-04-11;101;106;4;0;128;5;3;0;0;7412;3270;184;69;4406;428;127;0;1
FR;6;2022-04-12;136;75;5;8;114;10;10;0;0;7548;3345;189;77;4520;438;137;0;1
FR;6;2022-04-13;162;175;7;5;208;13;8;0;0;7710;3520;196;82;4728;451;145;0;1
FR;6;2022-04-14;100;103;5;10;121;8;10;0;0;7810;3623;201;92;4849;459;155;0;1
FR;6;2022-04-15;158;149;11;7;167;19;14;0;1;7968;3772;212;99;5016;478;169;0;2
FR;6;2022-04-16;127;132;5;0;162;14;2;0;0;8095;3904;217;99;5178;492;171;0;2
FR;6;2022-04-17;8;9;4;0;10;4;0;0;0;8103;3913;221;99;5188;496;171;0;2
FR;6;2022-04-18;8;15;3;0;14;4;0;0;0;8111;3928;224;99;5202;500;171;0;2
FR;6;2022-04-19;97;112;4;3;130;3;7;0;0;8208;4040;228;102;5332;503;178;0;2
FR;6;2022-04-20;177;227;8;7;269;15;3;0;0;8385;4267;236;109;5601;518;181;0;2
FR;6;2022-04-21;111;93;8;4;110;11;7;0;0;8496;4360;244;113;5711;529;188;0;2
FR;6;2022-04-22;138;160;13;12;189;13;13;0;0;8634;4520;257;125;5900;542;201;0;2
FR;6;2022-04-23;106;129;1;1;161;7;1;0;0;8740;4649;258;126;6061;549;202;0;2
FR;6;2022-04-24;5;21;1;0;22;0;1;0;0;8745;4670;259;126;6083;549;203;0;2
FR;6;2022-04-25;90;128;3;8;150;11;9;0;0;8835;4798;262;134;6233;560;212;0;2
FR;6;2022-04-26;101;128;19;2;151;17;13;0;0;8936;4926;281;136;6384;577;225;0;2
FR;6;2022-04-27;197;159;21;1;222;27;11;0;1;9133;5085;302;137;6606;604;236;0;3
FR;6;2022-04-28;109;87;7;1;123;8;7;0;0;9242;5172;309;138;6729;612;243;0;3
FR;6;2022-04-29;191;169;16;2;215;20;6;0;0;9433;5341;325;140;6944;632;249;0;3
FR;6;2022-04-30;133;125;7;1;168;24;2;0;0;9566;5466;332;141;7112;656;251;0;3
FR;6;2022-05-01;7;6;0;0;8;0;0;0;0;9573;5472;332;141;7120;656;251;0;3
FR;6;2022-05-02;94;65;3;4;88;3;4;0;0;9667;5537;335;145;7208;659;255;0;3
FR;6;2022-05-03;136;93;11;2;125;7;9;0;0;9803;5630;346;147;7333;666;264;0;3
FR;6;2022-05-04;167;118;25;12;161;29;12;0;1;9970;5748;371;159;7494;695;276;0;4
FR;6;2022-05-05;101;70;8;3;97;12;6;0;0;10071;5818;379;162;7591;707;282;0;4
FR;6;2022-05-06;152;110;10;9;155;16;11;0;0;10223;5928;389;171;7746;723;293;0;4
FR;6;2022-05-07;139;93;13;3;136;23;8;0;0;10362;6021;402;174;7882;746;301;0;4
FR;6;2022-05-08;20;8;6;5;16;7;5;0;0;10382;6029;408;179;7898;753;306;0;4
FR;6;2022-05-09;86;78;9;7;95;13;6;0;0;10468;6107;417;186;7993;766;312;0;4
FR;6;2022-05-10;112;80;15;7;110;12;13;0;0;10580;6187;432;193;8103;778;325;0;4
FR;6;2022-05-11;130;124;11;14;163;20;6;0;0;10710;6311;443;207;8266;798;331;0;4
FR;6;2022-05-12;105;76;7;5;96;15;6;0;1;10815;6387;450;212;8362;813;337;0;5
FR;6;2022-05-13;155;97;17;21;137;22;16;0;0;10970;6484;467;233;8499;835;353;0;5
FR;6;2022-05-14;81;60;6;7;84;15;2;0;0;11051;6544;473;240;8583;850;355;0;5
FR;6;2022-05-15;12;7;0;0;14;0;0;0;0;11063;6551;473;240;8597;850;355;0;5
FR;6;2022-05-16;65;54;6;2;69;12;3;0;0;11128;6605;479;242;8666;862;358;0;5
FR;6;2022-05-17;123;77;5;7;92;11;8;0;0;11251;6682;484;249;8758;873;366;0;5
FR;6;2022-05-18;131;116;5;1;158;14;3;0;0;11382;6798;489;250;8916;887;369;0;5
FR;6;2022-05-19;124;57;6;8;96;9;8;0;0;11506;6855;495;258;9012;896;377;0;5
FR;6;2022-05-20;125;115;13;3;151;18;10;0;0;11631;6970;508;261;9163;914;387;0;5
FR;6;2022-05-21;92;69;14;3;93;12;8;0;0;11723;7039;522;264;9256;926;395;0;5
FR;6;2022-05-22;19;12;5;0;21;4;1;0;0;11742;7051;527;264;9277;930;396;0;5
FR;6;2022-05-23;77;72;4;2;90;7;2;0;0;11819;7123;531;266;9367;937;398;0;5
FR;6;2022-05-24;117;98;8;2;131;16;4;0;0;11936;7221;539;268;9498;953;402;0;5
FR;6;2022-05-25;139;129;6;3;170;11;6;0;0;12075;7350;545;271;9668;964;408;0;5
FR;6;2022-05-26;7;9;3;0;5;9;0;0;0;12082;7359;548;271;9673;973;408;0;5
FR;6;2022-05-27;127;105;15;11;136;18;18;0;1;12209;7464;563;282;9809;991;426;0;6
FR;6;2022-05-28;54;75;1;5;89;8;5;0;0;12263;7539;564;287;9898;999;431;0;6
FR;6;2022-05-29;8;10;0;0;10;1;0;0;0;12271;7549;564;287;9908;1000;431;0;6
FR;6;2022-05-30;70;70;7;4;86;4;9;0;0;12341;7619;571;291;9994;1004;440;0;6
FR;6;2022-05-31;87;102;10;2;122;14;7;0;0;12428;7721;581;293;10116;1018;447;0;6
FR;6;2022-06-01;97;89;10;1;111;11;6;0;0;12525;7810;591;294;10227;1029;453;0;6
FR;6;2022-06-02;91;60;6;3;80;9;6;0;0;12616;7870;597;297;10307;1038;459;0;6
FR;6;2022-06-03;126;102;13;7;129;21;8;0;0;12742;7972;610;304;10436;1059;467;0;6
FR;6;2022-06-04;63;51;10;0;64;12;3;0;0;12805;8023;620;304;10500;1071;470;0;6
FR;6;2022-06-05;16;15;2;1;18;4;1;0;0;12821;8038;622;305;10518;1075;471;0;6
FR;6;2022-06-06;9;6;0;0;8;0;0;0;0;12830;8044;622;305;10526;1075;471;0;6
FR;6;2022-06-07;79;90;3;4;117;8;6;0;0;12909;8134;625;309;10643;1083;477;0;6
FR;6;2022-06-08;92;110;13;5;130;20;6;0;0;13001;8244;638;314;10773;1103;483;0;6
FR;6;2022-06-09;75;81;15;3;106;15;8;0;0;13076;8325;653;317;10879;1118;491;0;6
FR;6;2022-06-10;116;93;26;10;120;22;13;0;0;13192;8418;679;327;10999;1140;504;0;6
FR;6;2022-06-11;83;62;6;10;82;12;11;0;0;13275;8480;685;337;11081;1152;515;0;6
FR;6;2022-06-12;6;14;1;0;16;2;0;0;0;13281;8494;686;337;11097;1154;515;0;6
FR;6;2022-06-13;74;59;18;1;68;7;4;0;0;13355;8553;704;338;11165;1161;519;0;6
FR;6;2022-06-14;98;100;8;5;116;16;8;0;0;13453;8653;712;343;11281;1177;527;0;6
FR;6;2022-06-15;80;86;7;8;114;15;10;0;0;13533;8739;719;351;11395;1192;537;0;6
FR;6;2022-06-16;53;40;11;7;45;14;6;0;0;13586;8779;730;358;11440;1206;543;0;6
FR;6;2022-06-17;86;85;3;13;109;11;5;0;0;13672;8864;733;371;11549;1217;548;0;6
FR;6;2022-06-18;71;62;13;0;88;21;1;0;0;13743;8926;746;371;11637;1238;549;0;6
FR;6;2022-06-19;6;6;3;0;7;4;1;0;0;13749;8932;749;371;11644;1242;550;0;6
FR;6;2022-06-20;42;41;4;1;55;6;1;0;0;13791;8973;753;372;11699;1248;551;0;6
FR;6;2022-06-21;59;73;10;7;82;17;7;0;0;13850;9046;763;379;11781;1265;558;0;6
FR;6;2022-06-22;86;85;8;2;98;17;3;0;0;13936;9131;771;381;11879;1282;561;0;6
FR;6;2022-06-23;64;39;13;7;41;15;10;0;0;14000;9170;784;388;11920;1297;571;0;6
FR;6;2022-06-24;77;85;7;14;95;20;16;0;0;14077;9255;791;402;12015;1317;587;0;6
FR;6;2022-06-25;67;61;4;3;77;8;5;0;0;14144;9316;795;405;12092;1325;592;0;6
FR;6;2022-06-26;6;7;1;0;10;1;0;0;0;14150;9323;796;405;12102;1326;592;0;6
FR;6;2022-06-27;51;50;4;9;62;12;7;0;0;14201;9373;800;414;12164;1338;599;0;6
FR;6;2022-06-28;68;47;6;3;53;15;5;0;0;14269;9420;806;417;12217;1353;604;0;6
FR;6;2022-06-29;98;117;26;37;115;19;35;0;5;14367;9537;832;454;12332;1372;639;0;11
FR;6;2022-06-30;84;60;33;10;61;12;7;0;0;14451;9597;865;464;12393;1384;646;0;11
FR;6;2022-07-01;115;94;25;33;102;18;27;0;1;14566;9691;890;497;12495;1402;673;0;12
FR;6;2022-07-02;58;67;26;2;64;37;6;0;0;14624;9758;916;499;12559;1439;679;0;12
FR;6;2022-07-03;11;4;4;3;5;4;3;0;0;14635;9762;920;502;12564;1443;682;0;12
FR;6;2022-07-04;61;43;3;23;55;13;20;0;0;14696;9805;923;525;12619;1456;702;0;12
FR;6;2022-07-05;65;53;19;67;60;27;63;0;0;14761;9858;942;592;12679;1483;765;0;12
FR;6;2022-07-06;94;64;7;11;78;12;17;0;0;14855;9922;949;603;12757;1495;782;0;12
FR;6;2022-07-07;99;79;42;37;99;14;34;0;4;14954;10001;991;640;12856;1509;816;0;16
FR;6;2022-07-08;139;87;42;27;115;10;25;0;3;15093;10088;1033;667;12971;1519;841;0;19
FR;6;2022-07-09;53;51;16;29;51;27;33;0;1;15146;10139;1049;696;13022;1546;874;0;20
FR;6;2022-07-10;3;7;8;0;9;9;0;0;0;15149;10146;1057;696;13031;1555;874;0;20
FR;6;2022-07-11;54;44;5;4;47;12;4;0;0;15203;10190;1062;700;13078;1567;878;0;20
FR;6;2022-07-12;70;72;12;23;87;12;27;0;0;15273;10262;1074;723;13165;1579;905;0;20
FR;6;2022-07-13;84;65;14;21;71;25;22;0;0;15357;10327;1088;744;13236;1604;927;0;20
FR;6;2022-07-14;4;3;1;0;4;1;0;0;0;15361;10330;1089;744;13240;1605;927;0;20
FR;6;2022-07-15;74;59;9;57;85;16;45;0;0;15435;10389;1098;801;13325;1621;972;0;20
FR;6;2022-07-16;27;31;17;0;37;17;3;0;0;15462;10420;1115;801;13362;1638;975;0;20
FR;6;2022-07-17;3;7;0;0;8;0;0;0;0;15465;10427;1115;801;13370;1638;975;0;20
FR;6;2022-07-18;37;62;11;14;60;15;14;0;6;15502;10489;1126;815;13430;1653;989;0;26
FR;6;2022-07-19;54;48;4;19;60;6;21;0;1;15556;10537;1130;834;13490;1659;1010;0;27
FR;6;2022-07-20;53;70;7;22;75;11;27;0;0;15609;10607;1137;856;13565;1670;1037;0;27
FR;6;2022-07-21;51;61;4;7;56;11;9;0;0;15660;10668;1141;863;13621;1681;1046;0;27
FR;6;2022-07-22;55;74;7;26;82;8;16;0;2;15715;10742;1148;889;13703;1689;1062;0;29
FR;6;2022-07-23;38;40;6;10;40;6;9;0;1;15753;10782;1154;899;13743;1695;1071;0;30
FR;6;2022-07-24;11;14;1;3;19;3;3;0;0;15764;10796;1155;902;13762;1698;1074;0;30
FR;6;2022-07-25;60;44;8;12;41;9;13;0;1;15824;10840;1163;914;13803;1707;1087;0;31
FR;6;2022-07-26;47;64;14;6;62;10;13;0;0;15871;10904;1177;920;13865;1717;1100;0;31
FR;6;2022-07-27;54;78;15;11;80;18;15;0;8;15925;10982;1192;931;13945;1735;1115;0;39
FR;6;2022-07-28;30;48;4;6;50;8;7;0;1;15955;11030;1196;937;13995;1743;1122;0;40
FR;6;2022-07-29;43;71;10;38;60;24;36;0;1;15998;11101;1206;975;14055;1767;1158;0;41
FR;6;2022-07-30;26;48;4;15;49;7;15;0;0;16024;11149;1210;990;14104;1774;1173;0;41
FR;6;2022-07-31;0;1;1;0;1;0;1;0;0;16024;11150;1211;990;14105;1774;1174;0;41
FR;6;2022-08-01;39;36;14;8;32;10;6;0;1;16063;11186;1225;998;14137;1784;1180;0;42
FR;6;2022-08-02;37;46;10;14;52;6;16;0;0;16100;11232;1235;1012;14189;1790;1196;0;42
FR;6;2022-08-03;29;52;7;16;53;11;19;0;0;16129;11284;1242;1028;14242;1801;1215;0;42
FR;6;2022-08-04;25;21;4;9;20;6;10;0;1;16154;11305;1246;1037;14262;1807;1225;0;43
FR;6;2022-08-05;43;45;1;7;54;5;7;0;0;16197;11350;1247;1044;14316;1812;1232;0;43
FR;6;2022-08-06;17;27;1;3;33;2;4;0;0;16214;11377;1248;1047;14349;1814;1236;0;43
FR;6;2022-08-07;1;2;0;0;2;0;0;0;0;16215;11379;1248;1047;14351;1814;1236;0;43
FR;6;2022-08-08;24;33;1;0;40;1;0;0;0;16239;11412;1249;1047;14391;1815;1236;0;43
FR;6;2022-08-09;22;30;6;3;29;3;3;0;0;16261;11442;1255;1050;14420;1818;1239;0;43
FR;6;2022-08-10;32;36;5;9;38;5;9;0;5;16293;11478;1260;1059;14458;1823;1248;0;48
FR;6;2022-08-11;33;33;1;1;40;1;0;0;1;16326;11511;1261;1060;14498;1824;1248;0;49
FR;6;2022-08-12;50;44;6;2;50;15;3;0;1;16376;11555;1267;1062;14548;1839;1251;0;50
FR;6;2022-08-13;9;20;0;0;22;1;0;0;0;16385;11575;1267;1062;14570;1840;1251;0;50
FR;6;2022-08-14;3;1;0;0;2;0;0;0;0;16388;11576;1267;1062;14572;1840;1251;0;50
FR;6;2022-08-15;2;3;1;0;4;0;1;0;0;16390;11579;1268;1062;14576;1840;1252;0;50
FR;6;2022-08-16;35;66;21;7;66;7;2;0;0;16425;11645;1289;1069;14642;1847;1254;0;50
FR;6;2022-08-17;32;44;10;9;41;10;6;0;7;16457;11689;1299;1078;14683;1857;1260;0;57
FR;6;2022-08-18;29;55;14;4;61;4;0;0;1;16486;11744;1313;1082;14744;1861;1260;0;58
FR;6;2022-08-19;30;45;5;4;47;3;2;0;1;16516;11789;1318;1086;14791;1864;1262;0;59
FR;6;2022-08-20;26;28;3;0;27;8;1;0;0;16542;11817;1321;1086;14818;1872;1263;0;59
FR;6;2022-08-21;1;5;2;0;5;0;0;0;0;16543;11822;1323;1086;14823;1872;1263;0;59
FR;6;2022-08-22;20;42;15;1;45;0;0;0;0;16563;11864;1338;1087;14868;1872;1263;0;59
FR;6;2022-08-23;34;45;6;7;47;6;4;0;2;16597;11909;1344;1094;14915;1878;1267;0;61
FR;6;2022-08-24;34;30;6;3;36;6;2;0;3;16631;11939;1350;1097;14951;1884;1269;0;64
FR;6;2022-08-25;25;27;1;1;29;5;1;0;0;16656;11966;1351;1098;14980;1889;1270;0;64
FR;6;2022-08-26;38;44;4;4;51;7;7;0;0;16694;12010;1355;1102;15031;1896;1277;0;64
FR;6;2022-08-27;19;21;7;3;22;8;4;0;0;16713;12031;1362;1105;15053;1904;1281;0;64
FR;6;2022-08-28;6;3;0;6;3;1;1;0;4;16719;12034;1362;1111;15056;1905;1282;0;68
FR;6;2022-08-29;26;22;2;6;29;3;6;0;0;16745;12056;1364;1117;15085;1908;1288;0;68
FR;6;2022-08-30;28;35;4;12;33;8;13;0;0;16773;12091;1368;1129;15118;1916;1301;0;68
FR;6;2022-08-31;35;38;2;11;46;3;12;0;0;16808;12129;1370;1140;15164;1919;1313;0;68
FR;6;2022-09-01;17;11;5;1;13;4;3;0;0;16825;12140;1375;1141;15177;1923;1316;0;68
FR;6;2022-09-02;19;14;2;1;13;3;2;0;0;16844;12154;1377;1142;15190;1926;1318;0;68
FR;6;2022-09-03;10;3;1;5;4;2;5;0;0;16854;12157;1378;1147;15194;1928;1323;0;68
FR;6;2022-09-04;4;1;0;0;1;0;0;0;0;16858;12158;1378;1147;15195;1928;1323;0;68
FR;6;2022-09-05;8;7;0;0;10;0;0;0;0;16866;12165;1378;1147;15205;1928;1323;0;68
FR;6;2022-09-06;7;9;7;12;8;6;15;0;0;16873;12174;1385;1159;15213;1934;1338;0;68
FR;6;2022-09-07;3;8;1;0;8;1;0;0;0;16876;12182;1386;1159;15221;1935;1338;0;68
FR;6;2022-09-08;6;4;0;2;3;1;2;0;0;16882;12186;1386;1161;15224;1936;1340;0;68
FR;6;2022-09-09;7;9;2;7;9;3;8;0;0;16889;12195;1388;1168;15233;1939;1348;0;68
FR;6;2022-09-10;3;4;1;0;3;1;1;0;0;16892;12199;1389;1168;15236;1940;1349;0;68
FR;6;2022-09-11;1;3;0;0;3;0;0;0;0;16893;12202;1389;1168;15239;1940;1349;0;68
FR;6;2022-09-12;10;4;1;0;3;3;0;0;0;16903;12206;1390;1168;15242;1943;1349;0;68
FR;6;2022-09-13;7;2;3;0;2;2;2;0;0;16910;12208;1393;1168;15244;1945;1351;0;68
FR;6;2022-09-14;9;8;2;0;7;4;0;0;0;16919;12216;1395;1168;15251;1949;1351;0;68
FR;6;2022-09-15;8;13;5;5;9;9;3;0;2;16927;12229;1400;1173;15260;1958;1354;0;70
FR;6;2022-09-16;25;39;1;1;47;4;1;0;2;16952;12268;1401;1174;15307;1962;1355;0;72
FR;6;2022-09-17;24;22;0;6;24;5;3;0;2;16976;12290;1401;1180;15331;1967;1358;0;74
FR;6;2022-09-18;5;4;0;0;4;1;0;0;0;16981;12294;1401;1180;15335;1968;1358;0;74
FR;6;2022-09-19;30;30;2;1;32;5;1;0;0;17011;12324;1403;1181;15367;1973;1359;0;74
FR;6;2022-09-20;34;25;1;4;30;6;2;0;1;17045;12349;1404;1185;15397;1979;1361;0;75
FR;6;2022-09-21;21;9;3;3;7;7;5;0;3;17066;12358;1407;1188;15404;1986;1366;0;78
FR;6;2022-09-22;19;28;1;22;32;3;21;0;1;17085;12386;1408;1210;15436;1989;1387;0;79
FR;6;2022-09-23;28;41;5;9;47;9;2;0;0;17113;12427;1413;1219;15483;1998;1389;0;79
FR;6;2022-09-24;16;16;4;2;21;6;2;0;0;17129;12443;1417;1221;15504;2004;1391;0;79
FR;6;2022-09-25;3;14;0;0;14;1;0;0;0;17132;12457;1417;1221;15518;2005;1391;0;79
FR;6;2022-09-26;16;13;0;18;12;5;18;0;2;17148;12470;1417;1239;15530;2010;1409;0;81
FR;6;2022-09-27;32;19;2;3;23;4;4;0;0;17180;12489;1419;1242;15553;2014;1413;0;81
FR;6;2022-09-28;27;10;9;11;16;5;17;0;2;17207;12499;1428;1253;15569;2019;1430;0;83
FR;6;2022-09-29;13;13;10;34;16;6;33;0;7;17220;12512;1438;1287;15585;2025;1463;0;90
FR;6;2022-09-30;34;24;5;6;33;5;3;0;0;17254;12536;1443;1293;15618;2030;1466;0;90
FR;6;2022-10-01;17;12;5;8;9;8;8;0;2;17271;12548;1448;1301;15627;2038;1474;0;92
FR;6;2022-10-02;4;0;0;0;1;0;0;0;0;17275;12548;1448;1301;15628;2038;1474;0;92
FR;6;2022-10-03;11;10;3;5;11;4;6;0;0;17286;12558;1451;1306;15639;2042;1480;0;92
FR;6;2022-10-04;19;17;4;28;21;3;30;0;3;17305;12575;1455;1334;15660;2045;1510;0;95
FR;6;2022-10-05;11;12;3;2;9;7;4;0;0;17316;12587;1458;1336;15669;2052;1514;0;95
FR;6;2022-10-06;19;13;4;6;17;2;10;0;0;17335;12600;1462;1342;15686;2054;1524;0;95
FR;6;2022-10-07;27;26;5;24;23;11;16;0;5;17362;12626;1467;1366;15709;2065;1540;0;100
FR;6;2022-10-08;18;13;0;0;16;0;0;0;0;17380;12639;1467;1366;15725;2065;1540;0;100
FR;6;2022-10-09;7;3;4;27;3;4;30;0;6;17387;12642;1471;1393;15728;2069;1570;0;106
FR;6;2022-10-10;15;14;1;16;16;6;13;0;0;17402;12656;1472;1409;15744;2075;1583;0;106
FR;6;2022-10-11;21;23;3;11;22;8;13;0;3;17423;12679;1475;1420;15766;2083;1596;0;109
FR;6;2022-10-12;20;16;7;19;18;3;24;0;7;17443;12695;1482;1439;15784;2086;1620;0;116
FR;6;2022-10-13;28;15;2;36;23;0;38;0;6;17471;12710;1484;1475;15807;2086;1658;0;122
FR;6;2022-10-14;29;23;5;49;23;11;45;0;13;17500;12733;1489;1524;15830;2097;1703;0;135
FR;6;2022-10-15;13;9;0;22;8;4;21;0;6;17513;12742;1489;1546;15838;2101;1724;0;141
FR;6;2022-10-16;4;5;0;6;2;3;6;0;0;17517;12747;1489;1552;15840;2104;1730;0;141
FR;6;2022-10-17;14;14;2;10;14;1;12;0;2;17531;12761;1491;1562;15854;2105;1742;0;143
FR;6;2022-10-18;12;19;9;26;19;4;18;0;11;17543;12780;1500;1588;15873;2109;1760;0;154
FR;6;2022-10-19;10;20;6;16;20;5;19;0;5;17553;12800;1506;1604;15893;2114;1779;0;159
FR;6;2022-10-20;16;15;12;57;18;5;67;0;13;17569;12815;1518;1661;15911;2119;1846;0;172
FR;6;2022-10-21;16;21;9;34;22;11;37;0;10;17585;12836;1527;1695;15933;2130;1883;0;182
FR;6;2022-10-22;19;14;1;4;17;3;4;0;0;17604;12850;1528;1699;15950;2133;1887;0;182
FR;6;2022-10-23;3;3;1;0;4;0;1;0;0;17607;12853;1529;1699;15954;2133;1888;0;182
FR;6;2022-10-24;12;14;2;7;14;6;5;0;2;17619;12867;1531;1706;15968;2139;1893;0;184
FR;6;2022-10-25;20;13;6;17;16;7;19;0;4;17639;12880;1537;1723;15984;2146;1912;0;188
FR;6;2022-10-26;17;9;4;13;12;4;15;0;5;17656;12889;1541;1736;15996;2150;1927;0;193
FR;6;2022-10-27;20;7;8;37;10;6;36;0;14;17676;12896;1549;1773;16006;2156;1963;0;207
FR;6;2022-10-28;21;27;3;4;28;6;5;0;1;17697;12923;1552;1777;16034;2162;1968;0;208
FR;6;2022-10-29;7;11;5;11;10;6;14;0;12;17704;12934;1557;1788;16044;2168;1982;0;220
FR;6;2022-10-30;2;5;0;0;5;0;0;0;0;17706;12939;1557;1788;16049;2168;1982;0;220
FR;6;2022-10-31;20;14;2;13;17;4;12;0;3;17726;12953;1559;1801;16066;2172;1994;0;223
FR;6;2022-11-01;2;1;1;0;1;1;0;0;0;17728;12954;1560;1801;16067;2173;1994;0;223
FR;6;2022-11-02;15;25;9;21;26;11;19;0;12;17743;12979;1569;1822;16093;2184;2013;0;235
FR;6;2022-11-03;17;17;11;39;20;8;43;0;9;17760;12996;1580;1861;16113;2192;2056;0;244
FR;6;2022-11-04;19;22;9;16;27;5;16;0;10;17779;13018;1589;1877;16140;2197;2072;0;254
FR;6;2022-11-05;9;16;2;4;17;4;6;0;0;17788;13034;1591;1881;16157;2201;2078;0;254
FR;6;2022-11-06;5;1;0;0;1;0;0;0;0;17793;13035;1591;1881;16158;2201;2078;0;254
FR;6;2022-11-07;18;10;6;17;12;4;18;0;11;17811;13045;1597;1898;16170;2205;2096;0;265
FR;6;2022-11-08;18;10;2;3;8;5;5;0;4;17829;13055;1599;1901;16178;2210;2101;0;269
FR;6;2022-11-09;16;22;1;6;21;4;5;0;4;17845;13077;1600;1907;16199;2214;2106;0;273
FR;6;2022-11-10;10;10;4;12;8;5;11;0;10;17855;13087;1604;1919;16207;2219;2117;0;283
FR;6;2022-11-11;4;1;0;0;1;1;0;0;0;17859;13088;1604;1919;16208;2220;2117;0;283
FR;6;2022-11-12;4;11;1;7;11;2;5;0;9;17863;13099;1605;1926;16219;2222;2122;0;292
FR;6;2022-11-13;1;1;0;1;1;0;1;0;0;17864;13100;1605;1927;16220;2222;2123;0;292
FR;6;2022-11-14;13;10;7;32;13;8;33;0;14;17877;13110;1612;1959;16233;2230;2156;0;306
FR;6;2022-11-15;7;18;1;11;16;4;7;0;2;17884;13128;1613;1970;16249;2234;2163;0;308
FR;6;2022-11-16;16;15;9;32;17;3;42;0;9;17900;13143;1622;2002;16266;2237;2205;0;317
FR;6;2022-11-17;10;8;1;29;8;2;28;0;5;17910;13151;1623;2031;16274;2239;2233;0;322
FR;6;2022-11-18;20;12;5;23;16;4;25;0;7;17930;13163;1628;2054;16290;2243;2258;0;329
FR;6;2022-11-19;5;13;0;2;11;3;2;0;1;17935;13176;1628;2056;16301;2246;2260;0;330
FR;6;2022-11-20;2;1;2;0;1;2;0;0;0;17937;13177;1630;2056;16302;2248;2260;0;330
FR;6;2022-11-21;22;13;1;14;14;6;11;0;3;17959;13190;1631;2070;16316;2254;2271;0;333
FR;6;2022-11-22;14;9;0;4;11;1;3;0;1;17973;13199;1631;2074;16327;2255;2274;0;334
FR;6;2022-11-23;14;15;15;23;17;9;31;0;8;17987;13214;1646;2097;16344;2264;2305;0;342
FR;6;2022-11-24;14;17;1;11;19;5;10;0;7;18001;13231;1647;2108;16363;2269;2315;0;349
FR;6;2022-11-25;23;15;5;50;15;5;47;0;5;18024;13246;1652;2158;16378;2274;2362;0;354
FR;6;2022-11-26;9;5;2;4;3;2;5;0;1;18033;13251;1654;2162;16381;2276;2367;0;355
FR;6;2022-11-27;1;4;0;0;4;0;0;0;0;18034;13255;1654;2162;16385;2276;2367;0;355
FR;6;2022-11-28;9;11;6;22;11;3;24;0;11;18043;13266;1660;2184;16396;2279;2391;0;366
FR;6;2022-11-29;15;10;1;12;14;1;8;0;7;18058;13276;1661;2196;16410;2280;2399;0;373
FR;6;2022-11-30;18;20;8;23;19;12;22;0;8;18076;13296;1669;2219;16429;2292;2421;0;381
FR;6;2022-12-01;12;9;7;20;11;4;24;0;9;18088;13305;1676;2239;16440;2296;2445;0;390
FR;6;2022-12-02;16;9;12;36;12;8;42;0;1;18104;13314;1688;2275;16452;2304;2487;0;391
FR;6;2022-12-03;13;3;13;20;6;5;28;0;13;18117;13317;1701;2295;16458;2309;2515;0;404
FR;6;2022-12-04;3;1;0;2;1;0;2;0;0;18120;13318;1701;2297;16459;2309;2517;0;404
FR;6;2022-12-05;11;10;7;16;11;4;19;0;8;18131;13328;1708;2313;16470;2313;2536;0;412
FR;6;2022-12-06;10;19;3;30;12;11;28;0;3;18141;13347;1711;2343;16482;2324;2564;0;415
FR;6;2022-12-07;17;8;10;56;10;8;57;0;30;18158;13355;1721;2399;16492;2332;2621;0;445
FR;6;2022-12-08;9;13;8;19;11;7;21;0;13;18167;13368;1729;2418;16503;2339;2642;0;458
FR;6;2022-12-09;15;9;5;29;12;4;30;0;6;18182;13377;1734;2447;16515;2343;2672;0;464
FR;6;2022-12-10;12;9;6;9;7;4;14;0;7;18194;13386;1740;2456;16522;2347;2686;0;471
FR;6;2022-12-11;4;2;1;0;2;1;0;0;0;18198;13388;1741;2456;16524;2348;2686;0;471
FR;6;2022-12-12;17;10;8;36;14;9;33;0;17;18215;13398;1749;2492;16538;2357;2719;0;488
FR;6;2022-12-13;17;21;12;66;16;18;65;0;14;18232;13419;1761;2558;16554;2375;2784;0;502
FR;6;2022-12-14;14;13;8;53;11;12;53;0;14;18246;13432;1769;2611;16565;2387;2837;0;516
FR;6;2022-12-15;12;15;14;38;13;9;44;0;9;18258;13447;1783;2649;16578;2396;2881;0;525
FR;6;2022-12-16;18;14;15;39;15;14;39;0;13;18276;13461;1798;2688;16593;2410;2920;0;538
FR;6;2022-12-17;11;10;15;28;9;15;29;0;8;18287;13471;1813;2716;16602;2425;2949;0;546
FR;6;2022-12-18;7;4;0;2;5;0;2;0;0;18294;13475;1813;2718;16607;2425;2951;0;546
FR;6;2022-12-19;12;8;9;29;8;12;29;0;15;18306;13483;1822;2747;16615;2437;2980;0;561
FR;6;2022-12-20;17;23;11;23;17;19;22;0;21;18323;13506;1833;2770;16632;2456;3002;0;582
FR;6;2022-12-21;23;16;9;19;13;13;17;0;5;18346;13522;1842;2789;16645;2469;3019;0;587
FR;6;2022-12-22;13;14;9;21;15;13;18;0;11;18359;13536;1851;2810;16660;2482;3037;0;598
FR;6;2022-12-23;10;19;12;7;14;18;7;0;3;18369;13555;1863;2817;16674;2500;3044;0;601
FR;6;2022-12-24;4;5;3;1;5;2;2;0;1;18373;13560;1866;2818;16679;2502;3046;0;602
FR;6;2022-12-25;0;0;0;0;0;0;0;0;0;18373;13560;1866;2818;16679;2502;3046;0;602
FR;6;2022-12-26;8;12;12;11;10;18;11;0;3;18381;13572;1878;2829;16689;2520;3057;0;605
FR;6;2022-12-27;16;13;15;8;11;19;8;0;0;18397;13585;1893;2837;16700;2539;3065;0;605
FR;6;2022-12-28;15;19;6;8;19;9;9;0;4;18412;13604;1899;2845;16719;2548;3074;0;609
FR;6;2022-12-29;15;12;7;8;10;9;9;0;7;18427;13616;1906;2853;16729;2557;3083;0;616
FR;6;2022-12-30;20;19;13;8;20;13;11;0;4;18447;13635;1919;2861;16749;2570;3094;0;620
FR;6;2022-12-31;5;2;6;1;4;7;1;0;1;18452;13637;1925;2862;16753;2577;3095;0;621
FR;6;2023-01-01;2;1;0;3;0;3;0;0;1;18454;13638;1925;2865;16753;2580;3095;0;622
FR;6;2023-01-02;9;14;2;3;10;7;3;0;0;18463;13652;1927;2868;16763;2587;3098;0;622
FR;6;2023-01-03;8;17;9;21;17;9;21;0;7;18471;13669;1936;2889;16780;2596;3119;0;629
FR;6;2023-01-04;9;9;4;10;8;8;6;0;14;18480;13678;1940;2899;16788;2604;3125;0;643
FR;6;2023-01-05;11;11;6;23;10;3;26;0;8;18491;13689;1946;2922;16798;2607;3151;0;651
FR;6;2023-01-06;16;24;15;30;21;17;29;0;15;18507;13713;1961;2952;16819;2624;3180;0;666
FR;6;2023-01-07;9;19;4;1;10;13;3;0;1;18516;13732;1965;2953;16829;2637;3183;0;667
FR;6;2023-01-08;2;7;4;11;6;4;11;0;3;18518;13739;1969;2964;16835;2641;3194;0;670
FR;6;2023-01-09;16;10;5;35;8;8;34;0;17;18534;13749;1974;2999;16843;2649;3228;0;687
FR;6;2023-01-10;11;15;13;23;13;10;26;0;9;18545;13764;1987;3022;16856;2659;3254;0;696
FR;6;2023-01-11;15;14;5;16;18;6;14;0;12;18560;13778;1992;3038;16874;2665;3268;0;708
FR;6;2023-01-12;7;13;2;5;10;3;5;0;12;18567;13791;1994;3043;16884;2668;3273;0;720
FR;6;2023-01-13;19;14;18;43;14;20;43;0;31;18586;13805;2012;3086;16898;2688;3316;0;751
FR;6;2023-01-14;20;8;6;2;9;9;2;0;0;18606;13813;2018;3088;16907;2697;3318;0;751
FR;6;2023-01-15;0;0;1;3;0;1;3;0;0;18606;13813;2019;3091;16907;2698;3321;0;751
FR;6;2023-01-16;22;12;2;1;10;6;3;0;2;18628;13825;2021;3092;16917;2704;3324;0;753
FR;6;2023-01-17;8;17;12;8;17;11;14;0;5;18636;13842;2033;3100;16934;2715;3338;0;758
FR;6;2023-01-18;22;15;9;7;17;10;8;0;1;18658;13857;2042;3107;16951;2725;3346;0;759
FR;6;2023-01-19;9;9;14;9;11;12;13;0;7;18667;13866;2056;3116;16962;2737;3359;0;766
FR;6;2023-01-20;17;13;9;32;16;6;34;0;27;18684;13879;2065;3148;16978;2743;3393;0;793
FR;6;2023-01-21;12;7;5;2;6;8;3;0;1;18696;13886;2070;3150;16984;2751;3396;0;794
FR;6;2023-01-22;0;0;1;1;0;1;1;0;0;18696;13886;2071;3151;16984;2752;3397;0;794
FR;6;2023-01-23;9;9;5;11;8;5;11;0;3;18705;13895;2076;3162;16992;2757;3408;0;797
FR;6;2023-01-24;14;15;15;13;14;14;18;0;6;18719;13910;2091;3175;17006;2771;3426;0;803
FR;6;2023-01-25;15;7;5;3;6;6;4;0;4;18734;13917;2096;3178;17012;2777;3430;0;807
FR;6;2023-01-26;13;14;3;11;11;8;13;0;9;18747;13931;2099;3189;17023;2785;3443;0;816
FR;6;2023-01-27;19;17;7;34;20;7;29;0;29;18766;13948;2106;3223;17043;2792;3472;0;845
FR;6;2023-01-28;15;15;7;4;17;6;5;0;1;18781;13963;2113;3227;17060;2798;3477;0;846
FR;6;2023-01-29;1;4;0;0;3;1;0;0;0;18782;13967;2113;3227;17063;2799;3477;0;846
FR;6;2023-01-30;2;15;8;4;15;8;3;0;8;18784;13982;2121;3231;17078;2807;3480;0;854
FR;6;2023-01-31;9;8;5;8;8;5;8;0;5;18793;13990;2126;3239;17086;2812;3488;0;859
FR;6;2023-02-01;20;14;4;4;13;4;8;0;4;18813;14004;2130;3243;17099;2816;3496;0;863
FR;6;2023-02-02;8;10;9;1;10;10;1;0;1;18821;14014;2139;3244;17109;2826;3497;0;864
FR;6;2023-02-03;15;15;11;17;16;11;18;0;13;18836;14029;2150;3261;17125;2837;3515;0;877
FR;6;2023-02-04;6;9;9;7;11;9;8;0;2;18842;14038;2159;3268;17136;2846;3523;0;879
FR;6;2023-02-05;0;0;0;4;0;0;4;0;0;18842;14038;2159;3272;17136;2846;3527;0;879
FR;6;2023-02-06;10;16;1;4;15;5;4;0;0;18852;14054;2160;3276;17151;2851;3531;0;879
FR;6;2023-02-07;8;9;4;8;9;7;7;0;3;18860;14063;2164;3284;17160;2858;3538;0;882
FR;6;2023-02-08;7;3;3;2;2;6;1;0;1;18867;14066;2167;3286;17162;2864;3539;0;883
FR;6;2023-02-09;6;11;1;6;8;8;2;0;1;18873;14077;2168;3292;17170;2872;3541;0;884
FR;8;2020-12-27;0;0;0;0;0;0;0;0;0;0;0;0;0;0;0;0;0;0
FR;8;2020-12-28;0;0;0;0;0;0;0;0;0;0;0;0;0;0;0;0;0;0
FR;8;2020-12-29;0;0;0;0;0;0;0;0;0;0;0;0;0;0;0;0;0;0
FR;8;2020-12-30;0;0;0;0;0;0;0;0;0;0;0;0;0;0;0;0;0;0
FR;8;2020-12-31;0;0;0;0;0;0;0;0;0;0;0;0;0;0;0;0;0;0
FR;8;2021-01-01;0;0;0;0;0;0;0;0;0;0;0;0;0;0;0;0;0;0
FR;8;2021-01-02;0;0;0;0;0;0;0;0;0;0;0;0;0;0;0;0;0;0
FR;8;2021-01-03;0;0;0;0;0;0;0;0;0;0;0;0;0;0;0;0;0;0
FR;8;2021-01-04;0;0;0;0;0;0;0;0;0;0;0;0;0;0;0;0;0;0
FR;8;2021-01-05;0;0;0;0;0;0;0;0;0;0;0;0;0;0;0;0;0;0
FR;8;2021-01-06;0;0;0;0;0;0;0;0;0;0;0;0;0;0;0;0;0;0
FR;8;2021-01-07;0;0;0;0;0;0;0;0;0;0;0;0;0;0;0;0;0;0
FR;8;2021-01-08;0;0;0;0;0;0;0;0;0;0;0;0;0;0;0;0;0;0
FR;8;2021-01-09;0;0;0;0;0;0;0;0;0;0;0;0;0;0;0;0;0;0
FR;8;2021-01-10;0;0;0;0;0;0;0;0;0;0;0;0;0;0;0;0;0;0
FR;8;2021-01-11;0;0;0;0;0;0;0;0;0;0;0;0;0;0;0;0;0;0
FR;8;2021-01-12;0;0;0;0;0;0;0;0;0;0;0;0;0;0;0;0;0;0
FR;8;2021-01-13;0;0;0;0;0;0;0;0;0;0;0;0;0;0;0;0;0;0
FR;8;2021-01-14;0;0;0;0;0;0;0;0;0;0;0;0;0;0;0;0;0;0
FR;8;2021-01-15;0;0;0;0;0;0;0;0;0;0;0;0;0;0;0;0;0;0
FR;8;2021-01-16;0;0;0;0;0;0;0;0;0;0;0;0;0;0;0;0;0;0
FR;8;2021-01-17;0;0;0;0;0;0;0;0;0;0;0;0;0;0;0;0;0;0
FR;8;2021-01-18;0;0;0;0;0;0;0;0;0;0;0;0;0;0;0;0;0;0
FR;8;2021-01-19;0;0;0;0;0;0;0;0;0;0;0;0;0;0;0;0;0;0
FR;8;2021-01-20;0;0;0;0;0;0;0;0;0;0;0;0;0;0;0;0;0;0
FR;8;2021-01-21;0;0;0;0;0;0;0;0;0;0;0;0;0;0;0;0;0;0
FR;8;2021-01-22;0;0;0;0;0;0;0;0;0;0;0;0;0;0;0;0;0;0
FR;8;2021-01-23;0;0;0;0;0;0;0;0;0;0;0;0;0;0;0;0;0;0
FR;8;2021-01-24;0;0;0;0;0;0;0;0;0;0;0;0;0;0;0;0;0;0
FR;8;2021-01-25;0;0;0;0;0;0;0;0;0;0;0;0;0;0;0;0;0;0
FR;8;2021-01-26;0;0;0;0;0;0;0;0;0;0;0;0;0;0;0;0;0;0
FR;8;2021-01-27;0;0;0;0;0;0;0;0;0;0;0;0;0;0;0;0;0;0
FR;8;2021-01-28;0;0;0;0;0;0;0;0;0;0;0;0;0;0;0;0;0;0
FR;8;2021-01-29;0;0;0;0;0;0;0;0;0;0;0;0;0;0;0;0;0;0
FR;8;2021-01-30;0;0;0;0;0;0;0;0;0;0;0;0;0;0;0;0;0;0
FR;8;2021-01-31;0;0;0;0;0;0;0;0;0;0;0;0;0;0;0;0;0;0
FR;8;2021-02-01;0;0;0;0;0;0;0;0;0;0;0;0;0;0;0;0;0;0
FR;8;2021-02-02;0;0;0;0;0;0;0;0;0;0;0;0;0;0;0;0;0;0
FR;8;2021-02-03;0;0;0;0;0;0;0;0;0;0;0;0;0;0;0;0;0;0
FR;8;2021-02-04;0;0;0;0;0;0;0;0;0;0;0;0;0;0;0;0;0;0
FR;8;2021-02-05;0;0;0;0;0;0;0;0;0;0;0;0;0;0;0;0;0;0
FR;8;2021-02-06;0;0;0;0;0;0;0;0;0;0;0;0;0;0;0;0;0;0
FR;8;2021-02-07;0;0;0;0;0;0;0;0;0;0;0;0;0;0;0;0;0;0
FR;8;2021-02-08;0;0;0;0;0;0;0;0;0;0;0;0;0;0;0;0;0;0
FR;8;2021-02-09;0;0;0;0;0;0;0;0;0;0;0;0;0;0;0;0;0;0
FR;8;2021-02-10;0;0;0;0;0;0;0;0;0;0;0;0;0;0;0;0;0;0
FR;8;2021-02-11;0;0;0;0;0;0;0;0;0;0;0;0;0;0;0;0;0;0
FR;8;2021-02-12;0;0;0;0;0;0;0;0;0;0;0;0;0;0;0;0;0;0
FR;8;2021-02-13;0;0;0;0;0;0;0;0;0;0;0;0;0;0;0;0;0;0
FR;8;2021-02-14;0;0;0;0;0;0;0;0;0;0;0;0;0;0;0;0;0;0
FR;8;2021-02-15;0;0;0;0;0;0;0;0;0;0;0;0;0;0;0;0;0;0
FR;8;2021-02-16;0;0;0;0;0;0;0;0;0;0;0;0;0;0;0;0;0;0
FR;8;2021-02-17;0;0;0;0;0;0;0;0;0;0;0;0;0;0;0;0;0;0
FR;8;2021-02-18;0;0;0;0;0;0;0;0;0;0;0;0;0;0;0;0;0;0
FR;8;2021-02-19;0;0;0;0;0;0;0;0;0;0;0;0;0;0;0;0;0;0
FR;8;2021-02-20;0;0;0;0;0;0;0;0;0;0;0;0;0;0;0;0;0;0
FR;8;2021-02-21;0;0;0;0;0;0;0;0;0;0;0;0;0;0;0;0;0;0
FR;8;2021-02-22;0;0;0;0;0;0;0;0;0;0;0;0;0;0;0;0;0;0
FR;8;2021-02-23;0;0;0;0;0;0;0;0;0;0;0;0;0;0;0;0;0;0
FR;8;2021-02-24;0;0;0;0;0;0;0;0;0;0;0;0;0;0;0;0;0;0
FR;8;2021-02-25;0;0;0;0;0;0;0;0;0;0;0;0;0;0;0;0;0;0
FR;8;2021-02-26;0;0;0;0;0;0;0;0;0;0;0;0;0;0;0;0;0;0
FR;8;2021-02-27;0;0;0;0;0;0;0;0;0;0;0;0;0;0;0;0;0;0
FR;8;2021-02-28;0;0;0;0;0;0;0;0;0;0;0;0;0;0;0;0;0;0
FR;8;2021-03-01;0;0;0;0;0;0;0;0;0;0;0;0;0;0;0;0;0;0
FR;8;2021-03-02;0;0;0;0;0;0;0;0;0;0;0;0;0;0;0;0;0;0
FR;8;2021-03-03;0;0;0;0;0;0;0;0;0;0;0;0;0;0;0;0;0;0
FR;8;2021-03-04;0;0;0;0;0;0;0;0;0;0;0;0;0;0;0;0;0;0
FR;8;2021-03-05;0;0;0;0;0;0;0;0;0;0;0;0;0;0;0;0;0;0
FR;8;2021-03-06;0;0;0;0;0;0;0;0;0;0;0;0;0;0;0;0;0;0
FR;8;2021-03-07;0;0;0;0;0;0;0;0;0;0;0;0;0;0;0;0;0;0
FR;8;2021-03-08;0;0;0;0;0;0;0;0;0;0;0;0;0;0;0;0;0;0
FR;8;2021-03-09;0;0;0;0;0;0;0;0;0;0;0;0;0;0;0;0;0;0
FR;8;2021-03-10;0;0;0;0;0;0;0;0;0;0;0;0;0;0;0;0;0;0
FR;8;2021-03-11;0;0;0;0;0;0;0;0;0;0;0;0;0;0;0;0;0;0
FR;8;2021-03-12;0;0;0;0;0;0;0;0;0;0;0;0;0;0;0;0;0;0
FR;8;2021-03-13;0;0;0;0;0;0;0;0;0;0;0;0;0;0;0;0;0;0
FR;8;2021-03-14;0;0;0;0;0;0;0;0;0;0;0;0;0;0;0;0;0;0
FR;8;2021-03-15;0;0;0;0;0;0;0;0;0;0;0;0;0;0;0;0;0;0
FR;8;2021-03-16;0;0;0;0;0;0;0;0;0;0;0;0;0;0;0;0;0;0
FR;8;2021-03-17;0;0;0;0;0;0;0;0;0;0;0;0;0;0;0;0;0;0
FR;8;2021-03-18;0;0;0;0;0;0;0;0;0;0;0;0;0;0;0;0;0;0
FR;8;2021-03-19;0;0;0;0;0;0;0;0;0;0;0;0;0;0;0;0;0;0
FR;8;2021-03-20;0;0;0;0;0;0;0;0;0;0;0;0;0;0;0;0;0;0
FR;8;2021-03-21;0;0;0;0;0;0;0;0;0;0;0;0;0;0;0;0;0;0
FR;8;2021-03-22;0;0;0;0;0;0;0;0;0;0;0;0;0;0;0;0;0;0
FR;8;2021-03-23;0;0;0;0;0;0;0;0;0;0;0;0;0;0;0;0;0;0
FR;8;2021-03-24;0;0;0;0;0;0;0;0;0;0;0;0;0;0;0;0;0;0
FR;8;2021-03-25;0;0;0;0;0;0;0;0;0;0;0;0;0;0;0;0;0;0
FR;8;2021-03-26;0;0;0;0;0;0;0;0;0;0;0;0;0;0;0;0;0;0
FR;8;2021-03-27;0;0;0;0;0;0;0;0;0;0;0;0;0;0;0;0;0;0
FR;8;2021-03-28;0;0;0;0;0;0;0;0;0;0;0;0;0;0;0;0;0;0
FR;8;2021-03-29;0;0;0;0;0;0;0;0;0;0;0;0;0;0;0;0;0;0
FR;8;2021-03-30;0;0;0;0;0;0;0;0;0;0;0;0;0;0;0;0;0;0
FR;8;2021-03-31;0;0;0;0;0;0;0;0;0;0;0;0;0;0;0;0;0;0
FR;8;2021-04-01;0;0;0;0;0;0;0;0;0;0;0;0;0;0;0;0;0;0
FR;8;2021-04-02;0;0;0;0;0;0;0;0;0;0;0;0;0;0;0;0;0;0
FR;8;2021-04-03;0;0;0;0;0;0;0;0;0;0;0;0;0;0;0;0;0;0
FR;8;2021-04-04;0;0;0;0;0;0;0;0;0;0;0;0;0;0;0;0;0;0
FR;8;2021-04-05;0;0;0;0;0;0;0;0;0;0;0;0;0;0;0;0;0;0
FR;8;2021-04-06;0;0;0;0;0;0;0;0;0;0;0;0;0;0;0;0;0;0
FR;8;2021-04-07;0;0;0;0;0;0;0;0;0;0;0;0;0;0;0;0;0;0
FR;8;2021-04-08;0;0;0;0;0;0;0;0;0;0;0;0;0;0;0;0;0;0
FR;8;2021-04-09;0;0;0;0;0;0;0;0;0;0;0;0;0;0;0;0;0;0
FR;8;2021-04-10;0;0;0;0;0;0;0;0;0;0;0;0;0;0;0;0;0;0
FR;8;2021-04-11;0;0;0;0;0;0;0;0;0;0;0;0;0;0;0;0;0;0
FR;8;2021-04-12;0;0;0;0;0;0;0;0;0;0;0;0;0;0;0;0;0;0
FR;8;2021-04-13;0;0;0;0;0;0;0;0;0;0;0;0;0;0;0;0;0;0
FR;8;2021-04-14;0;0;0;0;0;0;0;0;0;0;0;0;0;0;0;0;0;0
FR;8;2021-04-15;0;0;0;0;0;0;0;0;0;0;0;0;0;0;0;0;0;0
FR;8;2021-04-16;0;0;0;0;0;0;0;0;0;0;0;0;0;0;0;0;0;0
FR;8;2021-04-17;0;0;0;0;0;0;0;0;0;0;0;0;0;0;0;0;0;0
FR;8;2021-04-18;0;0;0;0;0;0;0;0;0;0;0;0;0;0;0;0;0;0
FR;8;2021-04-19;0;0;0;0;0;0;0;0;0;0;0;0;0;0;0;0;0;0
FR;8;2021-04-20;0;0;0;0;0;0;0;0;0;0;0;0;0;0;0;0;0;0
FR;8;2021-04-21;0;0;0;0;0;0;0;0;0;0;0;0;0;0;0;0;0;0
FR;8;2021-04-22;0;0;0;0;0;0;0;0;0;0;0;0;0;0;0;0;0;0
FR;8;2021-04-23;0;0;0;0;0;0;0;0;0;0;0;0;0;0;0;0;0;0
FR;8;2021-04-24;0;0;0;0;0;0;0;0;0;0;0;0;0;0;0;0;0;0
FR;8;2021-04-25;0;0;0;0;0;0;0;0;0;0;0;0;0;0;0;0;0;0
FR;8;2021-04-26;0;0;0;0;0;0;0;0;0;0;0;0;0;0;0;0;0;0
FR;8;2021-04-27;0;0;0;0;0;0;0;0;0;0;0;0;0;0;0;0;0;0
FR;8;2021-04-28;0;0;0;0;0;0;0;0;0;0;0;0;0;0;0;0;0;0
FR;8;2021-04-29;0;0;0;0;0;0;0;0;0;0;0;0;0;0;0;0;0;0
FR;8;2021-04-30;0;0;0;0;0;0;0;0;0;0;0;0;0;0;0;0;0;0
FR;8;2021-05-01;0;0;0;0;0;0;0;0;0;0;0;0;0;0;0;0;0;0
FR;8;2021-05-02;0;0;0;0;0;0;0;0;0;0;0;0;0;0;0;0;0;0
FR;8;2021-05-03;0;0;0;0;0;0;0;0;0;0;0;0;0;0;0;0;0;0
FR;8;2021-05-04;0;0;0;0;0;0;0;0;0;0;0;0;0;0;0;0;0;0
FR;8;2021-05-05;0;0;0;0;0;0;0;0;0;0;0;0;0;0;0;0;0;0
FR;8;2021-05-06;0;0;0;0;0;0;0;0;0;0;0;0;0;0;0;0;0;0
FR;8;2021-05-07;0;0;0;0;0;0;0;0;0;0;0;0;0;0;0;0;0;0
FR;8;2021-05-08;0;0;0;0;0;0;0;0;0;0;0;0;0;0;0;0;0;0
FR;8;2021-05-09;0;0;0;0;0;0;0;0;0;0;0;0;0;0;0;0;0;0
FR;8;2021-05-10;0;0;0;0;0;0;0;0;0;0;0;0;0;0;0;0;0;0
FR;8;2021-05-11;0;0;0;0;0;0;0;0;0;0;0;0;0;0;0;0;0;0
FR;8;2021-05-12;0;0;0;0;0;0;0;0;0;0;0;0;0;0;0;0;0;0
FR;8;2021-05-13;0;0;0;0;0;0;0;0;0;0;0;0;0;0;0;0;0;0
FR;8;2021-05-14;0;0;0;0;0;0;0;0;0;0;0;0;0;0;0;0;0;0
FR;8;2021-05-15;0;0;0;0;0;0;0;0;0;0;0;0;0;0;0;0;0;0
FR;8;2021-05-16;0;0;0;0;0;0;0;0;0;0;0;0;0;0;0;0;0;0
FR;8;2021-05-17;0;0;0;0;0;0;0;0;0;0;0;0;0;0;0;0;0;0
FR;8;2021-05-18;0;0;0;0;0;0;0;0;0;0;0;0;0;0;0;0;0;0
FR;8;2021-05-19;0;0;0;0;0;0;0;0;0;0;0;0;0;0;0;0;0;0
FR;8;2021-05-20;0;0;0;0;0;0;0;0;0;0;0;0;0;0;0;0;0;0
FR;8;2021-05-21;0;0;0;0;0;0;0;0;0;0;0;0;0;0;0;0;0;0
FR;8;2021-05-22;0;0;0;0;0;0;0;0;0;0;0;0;0;0;0;0;0;0
FR;8;2021-05-23;0;0;0;0;0;0;0;0;0;0;0;0;0;0;0;0;0;0
FR;8;2021-05-24;0;0;0;0;0;0;0;0;0;0;0;0;0;0;0;0;0;0
FR;8;2021-05-25;0;0;0;0;0;0;0;0;0;0;0;0;0;0;0;0;0;0
FR;8;2021-05-26;0;0;0;0;0;0;0;0;0;0;0;0;0;0;0;0;0;0
FR;8;2021-05-27;0;0;0;0;0;0;0;0;0;0;0;0;0;0;0;0;0;0
FR;8;2021-05-28;0;0;0;0;0;0;0;0;0;0;0;0;0;0;0;0;0;0
FR;8;2021-05-29;0;0;0;0;0;0;0;0;0;0;0;0;0;0;0;0;0;0
FR;8;2021-05-30;0;0;0;0;0;0;0;0;0;0;0;0;0;0;0;0;0;0
FR;8;2021-05-31;0;0;0;0;0;0;0;0;0;0;0;0;0;0;0;0;0;0
FR;8;2021-06-01;0;0;0;0;0;0;0;0;0;0;0;0;0;0;0;0;0;0
FR;8;2021-06-02;0;0;0;0;0;0;0;0;0;0;0;0;0;0;0;0;0;0
FR;8;2021-06-03;0;0;0;0;0;0;0;0;0;0;0;0;0;0;0;0;0;0
FR;8;2021-06-04;0;0;0;0;0;0;0;0;0;0;0;0;0;0;0;0;0;0
FR;8;2021-06-05;0;0;0;0;0;0;0;0;0;0;0;0;0;0;0;0;0;0
FR;8;2021-06-06;0;0;0;0;0;0;0;0;0;0;0;0;0;0;0;0;0;0
FR;8;2021-06-07;0;0;0;0;0;0;0;0;0;0;0;0;0;0;0;0;0;0
FR;8;2021-06-08;0;0;0;0;0;0;0;0;0;0;0;0;0;0;0;0;0;0
FR;8;2021-06-09;0;0;0;0;0;0;0;0;0;0;0;0;0;0;0;0;0;0
FR;8;2021-06-10;0;0;0;0;0;0;0;0;0;0;0;0;0;0;0;0;0;0
FR;8;2021-06-11;0;0;0;0;0;0;0;0;0;0;0;0;0;0;0;0;0;0
FR;8;2021-06-12;0;0;0;0;0;0;0;0;0;0;0;0;0;0;0;0;0;0
FR;8;2021-06-13;0;0;0;0;0;0;0;0;0;0;0;0;0;0;0;0;0;0
FR;8;2021-06-14;0;0;0;0;0;0;0;0;0;0;0;0;0;0;0;0;0;0
FR;8;2021-06-15;0;0;0;0;0;0;0;0;0;0;0;0;0;0;0;0;0;0
FR;8;2021-06-16;0;0;0;0;0;0;0;0;0;0;0;0;0;0;0;0;0;0
FR;8;2021-06-17;0;0;0;0;0;0;0;0;0;0;0;0;0;0;0;0;0;0
FR;8;2021-06-18;0;0;0;0;0;0;0;0;0;0;0;0;0;0;0;0;0;0
FR;8;2021-06-19;0;0;0;0;0;0;0;0;0;0;0;0;0;0;0;0;0;0
FR;8;2021-06-20;0;0;0;0;0;0;0;0;0;0;0;0;0;0;0;0;0;0
FR;8;2021-06-21;0;0;0;0;0;0;0;0;0;0;0;0;0;0;0;0;0;0
FR;8;2021-06-22;0;0;0;0;0;0;0;0;0;0;0;0;0;0;0;0;0;0
FR;8;2021-06-23;0;0;0;0;0;0;0;0;0;0;0;0;0;0;0;0;0;0
FR;8;2021-06-24;0;0;0;0;0;0;0;0;0;0;0;0;0;0;0;0;0;0
FR;8;2021-06-25;0;0;0;0;0;0;0;0;0;0;0;0;0;0;0;0;0;0
FR;8;2021-06-26;0;0;0;0;0;0;0;0;0;0;0;0;0;0;0;0;0;0
FR;8;2021-06-27;0;0;0;0;0;0;0;0;0;0;0;0;0;0;0;0;0;0
FR;8;2021-06-28;0;0;0;0;0;0;0;0;0;0;0;0;0;0;0;0;0;0
FR;8;2021-06-29;0;0;0;0;0;0;0;0;0;0;0;0;0;0;0;0;0;0
FR;8;2021-06-30;0;0;0;0;0;0;0;0;0;0;0;0;0;0;0;0;0;0
FR;8;2021-07-01;0;0;0;0;0;0;0;0;0;0;0;0;0;0;0;0;0;0
FR;8;2021-07-02;0;0;0;0;0;0;0;0;0;0;0;0;0;0;0;0;0;0
FR;8;2021-07-03;0;0;0;0;0;0;0;0;0;0;0;0;0;0;0;0;0;0
FR;8;2021-07-04;0;0;0;0;0;0;0;0;0;0;0;0;0;0;0;0;0;0
FR;8;2021-07-05;0;0;0;0;0;0;0;0;0;0;0;0;0;0;0;0;0;0
FR;8;2021-07-06;0;0;0;0;0;0;0;0;0;0;0;0;0;0;0;0;0;0
FR;8;2021-07-07;0;0;0;0;0;0;0;0;0;0;0;0;0;0;0;0;0;0
FR;8;2021-07-08;0;0;0;0;0;0;0;0;0;0;0;0;0;0;0;0;0;0
FR;8;2021-07-09;0;0;0;0;0;0;0;0;0;0;0;0;0;0;0;0;0;0
FR;8;2021-07-10;0;0;0;0;0;0;0;0;0;0;0;0;0;0;0;0;0;0
FR;8;2021-07-11;0;0;0;0;0;0;0;0;0;0;0;0;0;0;0;0;0;0
FR;8;2021-07-12;0;0;0;0;0;0;0;0;0;0;0;0;0;0;0;0;0;0
FR;8;2021-07-13;0;0;0;0;0;0;0;0;0;0;0;0;0;0;0;0;0;0
FR;8;2021-07-14;0;0;0;0;0;0;0;0;0;0;0;0;0;0;0;0;0;0
FR;8;2021-07-15;0;0;0;0;0;0;0;0;0;0;0;0;0;0;0;0;0;0
FR;8;2021-07-16;0;0;0;0;0;0;0;0;0;0;0;0;0;0;0;0;0;0
FR;8;2021-07-17;0;0;0;0;0;0;0;0;0;0;0;0;0;0;0;0;0;0
FR;8;2021-07-18;0;0;0;0;0;0;0;0;0;0;0;0;0;0;0;0;0;0
FR;8;2021-07-19;0;0;0;0;0;0;0;0;0;0;0;0;0;0;0;0;0;0
FR;8;2021-07-20;0;0;0;0;0;0;0;0;0;0;0;0;0;0;0;0;0;0
FR;8;2021-07-21;0;0;0;0;0;0;0;0;0;0;0;0;0;0;0;0;0;0
FR;8;2021-07-22;0;0;0;0;0;0;0;0;0;0;0;0;0;0;0;0;0;0
FR;8;2021-07-23;0;0;0;0;0;0;0;0;0;0;0;0;0;0;0;0;0;0
FR;8;2021-07-24;0;0;0;0;0;0;0;0;0;0;0;0;0;0;0;0;0;0
FR;8;2021-07-25;0;0;0;0;0;0;0;0;0;0;0;0;0;0;0;0;0;0
FR;8;2021-07-26;0;0;0;0;0;0;0;0;0;0;0;0;0;0;0;0;0;0
FR;8;2021-07-27;0;0;0;0;0;0;0;0;0;0;0;0;0;0;0;0;0;0
FR;8;2021-07-28;0;0;0;0;0;0;0;0;0;0;0;0;0;0;0;0;0;0
FR;8;2021-07-29;0;0;0;0;0;0;0;0;0;0;0;0;0;0;0;0;0;0
FR;8;2021-07-30;0;0;0;0;0;0;0;0;0;0;0;0;0;0;0;0;0;0
FR;8;2021-07-31;0;0;0;0;0;0;0;0;0;0;0;0;0;0;0;0;0;0
FR;8;2021-08-01;0;0;0;0;0;0;0;0;0;0;0;0;0;0;0;0;0;0
FR;8;2021-08-02;0;0;0;0;0;0;0;0;0;0;0;0;0;0;0;0;0;0
FR;8;2021-08-03;0;0;0;0;0;0;0;0;0;0;0;0;0;0;0;0;0;0
FR;8;2021-08-04;0;0;0;0;0;0;0;0;0;0;0;0;0;0;0;0;0;0
FR;8;2021-08-05;0;0;0;0;0;0;0;0;0;0;0;0;0;0;0;0;0;0
FR;8;2021-08-06;0;0;0;0;0;0;0;0;0;0;0;0;0;0;0;0;0;0
FR;8;2021-08-07;0;0;0;0;0;0;0;0;0;0;0;0;0;0;0;0;0;0
FR;8;2021-08-08;0;0;0;0;0;0;0;0;0;0;0;0;0;0;0;0;0;0
FR;8;2021-08-09;0;0;0;0;0;0;0;0;0;0;0;0;0;0;0;0;0;0
FR;8;2021-08-10;0;0;0;0;0;0;0;0;0;0;0;0;0;0;0;0;0;0
FR;8;2021-08-11;0;0;0;0;0;0;0;0;0;0;0;0;0;0;0;0;0;0
FR;8;2021-08-12;0;0;0;0;0;0;0;0;0;0;0;0;0;0;0;0;0;0
FR;8;2021-08-13;0;0;0;0;0;0;0;0;0;0;0;0;0;0;0;0;0;0
FR;8;2021-08-14;0;0;0;0;0;0;0;0;0;0;0;0;0;0;0;0;0;0
FR;8;2021-08-15;0;0;0;0;0;0;0;0;0;0;0;0;0;0;0;0;0;0
FR;8;2021-08-16;0;0;0;0;0;0;0;0;0;0;0;0;0;0;0;0;0;0
FR;8;2021-08-17;0;0;0;0;0;0;0;0;0;0;0;0;0;0;0;0;0;0
FR;8;2021-08-18;0;0;0;0;0;0;0;0;0;0;0;0;0;0;0;0;0;0
FR;8;2021-08-19;0;0;0;0;0;0;0;0;0;0;0;0;0;0;0;0;0;0
FR;8;2021-08-20;0;0;0;0;0;0;0;0;0;0;0;0;0;0;0;0;0;0
FR;8;2021-08-21;0;0;0;0;0;0;0;0;0;0;0;0;0;0;0;0;0;0
FR;8;2021-08-22;0;0;0;0;0;0;0;0;0;0;0;0;0;0;0;0;0;0
FR;8;2021-08-23;0;0;0;0;0;0;0;0;0;0;0;0;0;0;0;0;0;0
FR;8;2021-08-24;0;0;0;0;0;0;0;0;0;0;0;0;0;0;0;0;0;0
FR;8;2021-08-25;0;0;0;0;0;0;0;0;0;0;0;0;0;0;0;0;0;0
FR;8;2021-08-26;0;0;0;0;0;0;0;0;0;0;0;0;0;0;0;0;0;0
FR;8;2021-08-27;0;0;0;0;0;0;0;0;0;0;0;0;0;0;0;0;0;0
FR;8;2021-08-28;0;0;0;0;0;0;0;0;0;0;0;0;0;0;0;0;0;0
FR;8;2021-08-29;0;0;0;0;0;0;0;0;0;0;0;0;0;0;0;0;0;0
FR;8;2021-08-30;0;0;0;0;0;0;0;0;0;0;0;0;0;0;0;0;0;0
FR;8;2021-08-31;0;0;0;0;0;0;0;0;0;0;0;0;0;0;0;0;0;0
FR;8;2021-09-01;0;0;0;0;0;0;0;0;0;0;0;0;0;0;0;0;0;0
FR;8;2021-09-02;0;0;0;0;0;0;0;0;0;0;0;0;0;0;0;0;0;0
FR;8;2021-09-03;0;0;0;0;0;0;0;0;0;0;0;0;0;0;0;0;0;0
FR;8;2021-09-04;0;0;0;0;0;0;0;0;0;0;0;0;0;0;0;0;0;0
FR;8;2021-09-05;0;0;0;0;0;0;0;0;0;0;0;0;0;0;0;0;0;0
FR;8;2021-09-06;0;0;0;0;0;0;0;0;0;0;0;0;0;0;0;0;0;0
FR;8;2021-09-07;0;0;0;0;0;0;0;0;0;0;0;0;0;0;0;0;0;0
FR;8;2021-09-08;0;0;0;0;0;0;0;0;0;0;0;0;0;0;0;0;0;0
FR;8;2021-09-09;0;0;0;0;0;0;0;0;0;0;0;0;0;0;0;0;0;0
FR;8;2021-09-10;0;0;0;0;0;0;0;0;0;0;0;0;0;0;0;0;0;0
FR;8;2021-09-11;0;0;0;0;0;0;0;0;0;0;0;0;0;0;0;0;0;0
FR;8;2021-09-12;0;0;0;0;0;0;0;0;0;0;0;0;0;0;0;0;0;0
FR;8;2021-09-13;0;0;0;0;0;0;0;0;0;0;0;0;0;0;0;0;0;0
FR;8;2021-09-14;0;0;0;0;0;0;0;0;0;0;0;0;0;0;0;0;0;0
FR;8;2021-09-15;0;0;0;0;0;0;0;0;0;0;0;0;0;0;0;0;0;0
FR;8;2021-09-16;0;0;0;0;0;0;0;0;0;0;0;0;0;0;0;0;0;0
FR;8;2021-09-17;0;0;0;0;0;0;0;0;0;0;0;0;0;0;0;0;0;0
FR;8;2021-09-18;0;0;0;0;0;0;0;0;0;0;0;0;0;0;0;0;0;0
FR;8;2021-09-19;0;0;0;0;0;0;0;0;0;0;0;0;0;0;0;0;0;0
FR;8;2021-09-20;0;0;0;0;0;0;0;0;0;0;0;0;0;0;0;0;0;0
FR;8;2021-09-21;0;0;0;0;0;0;0;0;0;0;0;0;0;0;0;0;0;0
FR;8;2021-09-22;0;0;0;0;0;0;0;0;0;0;0;0;0;0;0;0;0;0
FR;8;2021-09-23;0;0;0;0;0;0;0;0;0;0;0;0;0;0;0;0;0;0
FR;8;2021-09-24;0;0;0;0;0;0;0;0;0;0;0;0;0;0;0;0;0;0
FR;8;2021-09-25;0;0;0;0;0;0;0;0;0;0;0;0;0;0;0;0;0;0
FR;8;2021-09-26;0;0;0;0;0;0;0;0;0;0;0;0;0;0;0;0;0;0
FR;8;2021-09-27;0;0;0;0;0;0;0;0;0;0;0;0;0;0;0;0;0;0
FR;8;2021-09-28;0;0;0;0;0;0;0;0;0;0;0;0;0;0;0;0;0;0
FR;8;2021-09-29;0;0;0;0;0;0;0;0;0;0;0;0;0;0;0;0;0;0
FR;8;2021-09-30;0;0;0;0;0;0;0;0;0;0;0;0;0;0;0;0;0;0
FR;8;2021-10-01;0;0;0;0;0;0;0;0;0;0;0;0;0;0;0;0;0;0
FR;8;2021-10-02;0;0;0;0;0;0;0;0;0;0;0;0;0;0;0;0;0;0
FR;8;2021-10-03;0;0;0;0;0;0;0;0;0;0;0;0;0;0;0;0;0;0
FR;8;2021-10-04;0;0;0;0;0;0;0;0;0;0;0;0;0;0;0;0;0;0
FR;8;2021-10-05;0;0;0;0;0;0;0;0;0;0;0;0;0;0;0;0;0;0
FR;8;2021-10-06;0;0;0;0;0;0;0;0;0;0;0;0;0;0;0;0;0;0
FR;8;2021-10-07;0;0;0;0;0;0;0;0;0;0;0;0;0;0;0;0;0;0
FR;8;2021-10-08;0;0;0;0;0;0;0;0;0;0;0;0;0;0;0;0;0;0
FR;8;2021-10-09;0;0;0;0;0;0;0;0;0;0;0;0;0;0;0;0;0;0
FR;8;2021-10-10;0;0;0;0;0;0;0;0;0;0;0;0;0;0;0;0;0;0
FR;8;2021-10-11;0;0;0;0;0;0;0;0;0;0;0;0;0;0;0;0;0;0
FR;8;2021-10-12;0;0;0;0;0;0;0;0;0;0;0;0;0;0;0;0;0;0
FR;8;2021-10-13;0;0;0;0;0;0;0;0;0;0;0;0;0;0;0;0;0;0
FR;8;2021-10-14;0;0;0;0;0;0;0;0;0;0;0;0;0;0;0;0;0;0
FR;8;2021-10-15;0;0;0;0;0;0;0;0;0;0;0;0;0;0;0;0;0;0
FR;8;2021-10-16;0;0;0;0;0;0;0;0;0;0;0;0;0;0;0;0;0;0
FR;8;2021-10-17;0;0;0;0;0;0;0;0;0;0;0;0;0;0;0;0;0;0
FR;8;2021-10-18;0;0;0;0;0;0;0;0;0;0;0;0;0;0;0;0;0;0
FR;8;2021-10-19;0;0;0;0;0;0;0;0;0;0;0;0;0;0;0;0;0;0
FR;8;2021-10-20;0;0;0;0;0;0;0;0;0;0;0;0;0;0;0;0;0;0
FR;8;2021-10-21;0;0;0;0;0;0;0;0;0;0;0;0;0;0;0;0;0;0
FR;8;2021-10-22;0;0;0;0;0;0;0;0;0;0;0;0;0;0;0;0;0;0
FR;8;2021-10-23;0;0;0;0;0;0;0;0;0;0;0;0;0;0;0;0;0;0
FR;8;2021-10-24;0;0;0;0;0;0;0;0;0;0;0;0;0;0;0;0;0;0
FR;8;2021-10-25;0;0;0;0;0;0;0;0;0;0;0;0;0;0;0;0;0;0
FR;8;2021-10-26;0;0;0;0;0;0;0;0;0;0;0;0;0;0;0;0;0;0
FR;8;2021-10-27;0;0;0;0;0;0;0;0;0;0;0;0;0;0;0;0;0;0
FR;8;2021-10-28;0;0;0;0;0;0;0;0;0;0;0;0;0;0;0;0;0;0
FR;8;2021-10-29;0;0;0;0;0;0;0;0;0;0;0;0;0;0;0;0;0;0
FR;8;2021-10-30;0;0;0;0;0;0;0;0;0;0;0;0;0;0;0;0;0;0
FR;8;2021-10-31;0;0;0;0;0;0;0;0;0;0;0;0;0;0;0;0;0;0
FR;8;2021-11-01;0;0;0;0;0;0;0;0;0;0;0;0;0;0;0;0;0;0
FR;8;2021-11-02;0;0;0;0;0;0;0;0;0;0;0;0;0;0;0;0;0;0
FR;8;2021-11-03;0;0;0;0;0;0;0;0;0;0;0;0;0;0;0;0;0;0
FR;8;2021-11-04;0;0;0;0;0;0;0;0;0;0;0;0;0;0;0;0;0;0
FR;8;2021-11-05;0;0;0;0;0;0;0;0;0;0;0;0;0;0;0;0;0;0
FR;8;2021-11-06;0;0;0;0;0;0;0;0;0;0;0;0;0;0;0;0;0;0
FR;8;2021-11-07;0;0;0;0;0;0;0;0;0;0;0;0;0;0;0;0;0;0
FR;8;2021-11-08;0;0;0;0;0;0;0;0;0;0;0;0;0;0;0;0;0;0
FR;8;2021-11-09;0;0;0;0;0;0;0;0;0;0;0;0;0;0;0;0;0;0
FR;8;2021-11-10;0;0;0;0;0;0;0;0;0;0;0;0;0;0;0;0;0;0
FR;8;2021-11-11;0;0;0;0;0;0;0;0;0;0;0;0;0;0;0;0;0;0
FR;8;2021-11-12;0;0;0;0;0;0;0;0;0;0;0;0;0;0;0;0;0;0
FR;8;2021-11-13;0;0;0;0;0;0;0;0;0;0;0;0;0;0;0;0;0;0
FR;8;2021-11-14;0;0;0;0;0;0;0;0;0;0;0;0;0;0;0;0;0;0
FR;8;2021-11-15;0;0;0;0;0;0;0;0;0;0;0;0;0;0;0;0;0;0
FR;8;2021-11-16;0;0;0;0;0;0;0;0;0;0;0;0;0;0;0;0;0;0
FR;8;2021-11-17;0;0;0;0;0;0;0;0;0;0;0;0;0;0;0;0;0;0
FR;8;2021-11-18;0;0;0;0;0;0;0;0;0;0;0;0;0;0;0;0;0;0
FR;8;2021-11-19;0;0;0;0;0;0;0;0;0;0;0;0;0;0;0;0;0;0
FR;8;2021-11-20;0;0;0;0;0;0;0;0;0;0;0;0;0;0;0;0;0;0
FR;8;2021-11-21;0;0;0;0;0;0;0;0;0;0;0;0;0;0;0;0;0;0
FR;8;2021-11-22;0;0;0;0;0;0;0;0;0;0;0;0;0;0;0;0;0;0
FR;8;2021-11-23;0;0;0;0;0;0;0;0;0;0;0;0;0;0;0;0;0;0
FR;8;2021-11-24;0;0;0;0;0;0;0;0;0;0;0;0;0;0;0;0;0;0
FR;8;2021-11-25;0;0;0;0;0;0;0;0;0;0;0;0;0;0;0;0;0;0
FR;8;2021-11-26;0;0;0;0;0;0;0;0;0;0;0;0;0;0;0;0;0;0
FR;8;2021-11-27;0;0;0;0;0;0;0;0;0;0;0;0;0;0;0;0;0;0
FR;8;2021-11-28;0;0;0;0;0;0;0;0;0;0;0;0;0;0;0;0;0;0
FR;8;2021-11-29;0;0;0;0;0;0;0;0;0;0;0;0;0;0;0;0;0;0
FR;8;2021-11-30;0;0;0;0;0;0;0;0;0;0;0;0;0;0;0;0;0;0
FR;8;2021-12-01;0;0;0;0;0;0;0;0;0;0;0;0;0;0;0;0;0;0
FR;8;2021-12-02;0;0;0;0;0;0;0;0;0;0;0;0;0;0;0;0;0;0
FR;8;2021-12-03;0;0;0;0;0;0;0;0;0;0;0;0;0;0;0;0;0;0
FR;8;2021-12-04;0;0;0;0;0;0;0;0;0;0;0;0;0;0;0;0;0;0
FR;8;2021-12-05;0;0;0;0;0;0;0;0;0;0;0;0;0;0;0;0;0;0
FR;8;2021-12-06;0;0;0;0;0;0;0;0;0;0;0;0;0;0;0;0;0;0
FR;8;2021-12-07;0;0;0;0;0;0;0;0;0;0;0;0;0;0;0;0;0;0
FR;8;2021-12-08;0;0;0;0;0;0;0;0;0;0;0;0;0;0;0;0;0;0
FR;8;2021-12-09;0;0;0;0;0;0;0;0;0;0;0;0;0;0;0;0;0;0
FR;8;2021-12-10;0;0;0;0;0;0;0;0;0;0;0;0;0;0;0;0;0;0
FR;8;2021-12-11;0;0;0;0;0;0;0;0;0;0;0;0;0;0;0;0;0;0
FR;8;2021-12-12;0;0;0;0;0;0;0;0;0;0;0;0;0;0;0;0;0;0
FR;8;2021-12-13;0;0;0;0;0;0;0;0;0;0;0;0;0;0;0;0;0;0
FR;8;2021-12-14;0;0;0;0;0;0;0;0;0;0;0;0;0;0;0;0;0;0
FR;8;2021-12-15;0;0;0;0;0;0;0;0;0;0;0;0;0;0;0;0;0;0
FR;8;2021-12-16;0;0;0;0;0;0;0;0;0;0;0;0;0;0;0;0;0;0
FR;8;2021-12-17;0;0;0;0;0;0;0;0;0;0;0;0;0;0;0;0;0;0
FR;8;2021-12-18;0;0;0;0;0;0;0;0;0;0;0;0;0;0;0;0;0;0
FR;8;2021-12-19;0;0;0;0;0;0;0;0;0;0;0;0;0;0;0;0;0;0
FR;8;2021-12-20;0;0;0;0;0;0;0;0;0;0;0;0;0;0;0;0;0;0
FR;8;2021-12-21;0;0;0;0;0;0;0;0;0;0;0;0;0;0;0;0;0;0
FR;8;2021-12-22;0;0;0;0;0;0;0;0;0;0;0;0;0;0;0;0;0;0
FR;8;2021-12-23;0;0;0;0;0;0;0;0;0;0;0;0;0;0;0;0;0;0
FR;8;2021-12-24;0;0;0;0;0;0;0;0;0;0;0;0;0;0;0;0;0;0
FR;8;2021-12-25;0;0;0;0;0;0;0;0;0;0;0;0;0;0;0;0;0;0
FR;8;2021-12-26;0;0;0;0;0;0;0;0;0;0;0;0;0;0;0;0;0;0
FR;8;2021-12-27;0;0;0;0;0;0;0;0;0;0;0;0;0;0;0;0;0;0
FR;8;2021-12-28;0;0;0;0;0;0;0;0;0;0;0;0;0;0;0;0;0;0
FR;8;2021-12-29;0;0;0;0;0;0;0;0;0;0;0;0;0;0;0;0;0;0
FR;8;2021-12-30;0;0;0;0;0;0;0;0;0;0;0;0;0;0;0;0;0;0
FR;8;2021-12-31;0;0;0;0;0;0;0;0;0;0;0;0;0;0;0;0;0;0
FR;8;2022-01-01;0;0;0;0;0;0;0;0;0;0;0;0;0;0;0;0;0;0
FR;8;2022-01-02;0;0;0;0;0;0;0;0;0;0;0;0;0;0;0;0;0;0
FR;8;2022-01-03;0;0;0;0;0;0;0;0;0;0;0;0;0;0;0;0;0;0
FR;8;2022-01-04;0;0;0;0;0;0;0;0;0;0;0;0;0;0;0;0;0;0
FR;8;2022-01-05;0;0;0;0;0;0;0;0;0;0;0;0;0;0;0;0;0;0
FR;8;2022-01-06;0;0;0;0;0;0;0;0;0;0;0;0;0;0;0;0;0;0
FR;8;2022-01-07;0;0;0;0;0;0;0;0;0;0;0;0;0;0;0;0;0;0
FR;8;2022-01-08;0;0;0;0;0;0;0;0;0;0;0;0;0;0;0;0;0;0
FR;8;2022-01-09;0;0;0;0;0;0;0;0;0;0;0;0;0;0;0;0;0;0
FR;8;2022-01-10;0;0;0;0;0;0;0;0;0;0;0;0;0;0;0;0;0;0
FR;8;2022-01-11;0;0;0;0;0;0;0;0;0;0;0;0;0;0;0;0;0;0
FR;8;2022-01-12;0;0;0;0;0;0;0;0;0;0;0;0;0;0;0;0;0;0
FR;8;2022-01-13;0;0;0;0;0;0;0;0;0;0;0;0;0;0;0;0;0;0
FR;8;2022-01-14;0;0;0;0;0;0;0;0;0;0;0;0;0;0;0;0;0;0
FR;8;2022-01-15;0;0;0;0;0;0;0;0;0;0;0;0;0;0;0;0;0;0
FR;8;2022-01-16;0;0;0;0;0;0;0;0;0;0;0;0;0;0;0;0;0;0
FR;8;2022-01-17;0;0;0;0;0;0;0;0;0;0;0;0;0;0;0;0;0;0
FR;8;2022-01-18;0;0;0;0;0;0;0;0;0;0;0;0;0;0;0;0;0;0
FR;8;2022-01-19;0;0;0;0;0;0;0;0;0;0;0;0;0;0;0;0;0;0
FR;8;2022-01-20;0;0;0;0;0;0;0;0;0;0;0;0;0;0;0;0;0;0
FR;8;2022-01-21;0;0;0;0;0;0;0;0;0;0;0;0;0;0;0;0;0;0
FR;8;2022-01-22;0;0;0;0;0;0;0;0;0;0;0;0;0;0;0;0;0;0
FR;8;2022-01-23;0;0;0;0;0;0;0;0;0;0;0;0;0;0;0;0;0;0
FR;8;2022-01-24;0;0;0;0;0;0;0;0;0;0;0;0;0;0;0;0;0;0
FR;8;2022-01-25;0;0;0;0;0;0;0;0;0;0;0;0;0;0;0;0;0;0
FR;8;2022-01-26;0;0;0;0;0;0;0;0;0;0;0;0;0;0;0;0;0;0
FR;8;2022-01-27;0;0;0;0;0;0;0;0;0;0;0;0;0;0;0;0;0;0
FR;8;2022-01-28;0;0;0;0;0;0;0;0;0;0;0;0;0;0;0;0;0;0
FR;8;2022-01-29;0;0;0;0;0;0;0;0;0;0;0;0;0;0;0;0;0;0
FR;8;2022-01-30;0;0;0;0;0;0;0;0;0;0;0;0;0;0;0;0;0;0
FR;8;2022-01-31;0;0;0;0;0;0;0;0;0;0;0;0;0;0;0;0;0;0
FR;8;2022-02-01;0;0;0;0;0;0;0;0;0;0;0;0;0;0;0;0;0;0
FR;8;2022-02-02;0;0;0;0;0;0;0;0;0;0;0;0;0;0;0;0;0;0
FR;8;2022-02-03;0;0;0;0;0;0;0;0;0;0;0;0;0;0;0;0;0;0
FR;8;2022-02-04;0;0;0;0;0;0;0;0;0;0;0;0;0;0;0;0;0;0
FR;8;2022-02-05;0;0;0;0;0;0;0;0;0;0;0;0;0;0;0;0;0;0
FR;8;2022-02-06;0;0;0;0;0;0;0;0;0;0;0;0;0;0;0;0;0;0
FR;8;2022-02-07;0;0;0;0;0;0;0;0;0;0;0;0;0;0;0;0;0;0
FR;8;2022-02-08;0;0;0;0;0;0;0;0;0;0;0;0;0;0;0;0;0;0
FR;8;2022-02-09;0;0;0;0;0;0;0;0;0;0;0;0;0;0;0;0;0;0
FR;8;2022-02-10;0;0;0;0;0;0;0;0;0;0;0;0;0;0;0;0;0;0
FR;8;2022-02-11;0;0;0;0;0;0;0;0;0;0;0;0;0;0;0;0;0;0
FR;8;2022-02-12;0;0;0;0;0;0;0;0;0;0;0;0;0;0;0;0;0;0
FR;8;2022-02-13;0;0;0;0;0;0;0;0;0;0;0;0;0;0;0;0;0;0
FR;8;2022-02-14;0;0;0;0;0;0;0;0;0;0;0;0;0;0;0;0;0;0
FR;8;2022-02-15;0;0;0;0;0;0;0;0;0;0;0;0;0;0;0;0;0;0
FR;8;2022-02-16;0;0;0;0;0;0;0;0;0;0;0;0;0;0;0;0;0;0
FR;8;2022-02-17;0;0;0;0;0;0;0;0;0;0;0;0;0;0;0;0;0;0
FR;8;2022-02-18;0;0;0;0;0;0;0;0;0;0;0;0;0;0;0;0;0;0
FR;8;2022-02-19;0;0;0;0;0;0;0;0;0;0;0;0;0;0;0;0;0;0
FR;8;2022-02-20;0;0;0;0;0;0;0;0;0;0;0;0;0;0;0;0;0;0
FR;8;2022-02-21;0;0;0;0;0;0;0;0;0;0;0;0;0;0;0;0;0;0
FR;8;2022-02-22;0;0;0;0;0;0;0;0;0;0;0;0;0;0;0;0;0;0
FR;8;2022-02-23;0;0;0;0;0;0;0;0;0;0;0;0;0;0;0;0;0;0
FR;8;2022-02-24;0;0;0;0;0;0;0;0;0;0;0;0;0;0;0;0;0;0
FR;8;2022-02-25;0;0;0;0;0;0;0;0;0;0;0;0;0;0;0;0;0;0
FR;8;2022-02-26;0;0;0;0;0;0;0;0;0;0;0;0;0;0;0;0;0;0
FR;8;2022-02-27;0;0;0;0;0;0;0;0;0;0;0;0;0;0;0;0;0;0
FR;8;2022-02-28;0;0;0;0;0;0;0;0;0;0;0;0;0;0;0;0;0;0
FR;8;2022-03-01;0;0;0;0;0;0;0;0;0;0;0;0;0;0;0;0;0;0
FR;8;2022-03-02;0;0;0;0;0;0;0;0;0;0;0;0;0;0;0;0;0;0
FR;8;2022-03-03;0;0;0;0;0;0;0;0;0;0;0;0;0;0;0;0;0;0
FR;8;2022-03-04;0;0;0;0;0;0;0;0;0;0;0;0;0;0;0;0;0;0
FR;8;2022-03-05;0;0;0;0;0;0;0;0;0;0;0;0;0;0;0;0;0;0
FR;8;2022-03-06;0;0;0;0;0;0;0;0;0;0;0;0;0;0;0;0;0;0
FR;8;2022-03-07;0;0;0;0;0;0;0;0;0;0;0;0;0;0;0;0;0;0
FR;8;2022-03-08;0;0;0;0;0;0;0;0;0;0;0;0;0;0;0;0;0;0
FR;8;2022-03-09;0;0;0;0;0;0;0;0;0;0;0;0;0;0;0;0;0;0
FR;8;2022-03-10;0;0;0;0;0;0;0;0;0;0;0;0;0;0;0;0;0;0
FR;8;2022-03-11;0;0;0;0;0;0;0;0;0;0;0;0;0;0;0;0;0;0
FR;8;2022-03-12;0;0;0;0;0;0;0;0;0;0;0;0;0;0;0;0;0;0
FR;8;2022-03-13;0;0;0;0;0;0;0;0;0;0;0;0;0;0;0;0;0;0
FR;8;2022-03-14;0;0;0;0;0;0;0;0;0;0;0;0;0;0;0;0;0;0
FR;8;2022-03-15;0;0;0;0;0;0;0;0;0;0;0;0;0;0;0;0;0;0
FR;8;2022-03-16;0;0;0;0;0;0;0;0;0;0;0;0;0;0;0;0;0;0
FR;8;2022-03-17;0;0;0;0;0;0;0;0;0;0;0;0;0;0;0;0;0;0
FR;8;2022-03-18;0;0;0;0;0;0;0;0;0;0;0;0;0;0;0;0;0;0
FR;8;2022-03-19;0;0;0;0;0;0;0;0;0;0;0;0;0;0;0;0;0;0
FR;8;2022-03-20;0;0;0;0;0;0;0;0;0;0;0;0;0;0;0;0;0;0
FR;8;2022-03-21;0;0;0;0;0;0;0;0;0;0;0;0;0;0;0;0;0;0
FR;8;2022-03-22;0;0;0;0;0;0;0;0;0;0;0;0;0;0;0;0;0;0
FR;8;2022-03-23;0;0;0;0;0;0;0;0;0;0;0;0;0;0;0;0;0;0
FR;8;2022-03-24;0;0;0;0;0;0;0;0;0;0;0;0;0;0;0;0;0;0
FR;8;2022-03-25;0;0;0;0;0;0;0;0;0;0;0;0;0;0;0;0;0;0
FR;8;2022-03-26;0;0;0;0;0;0;0;0;0;0;0;0;0;0;0;0;0;0
FR;8;2022-03-27;0;0;0;0;0;0;0;0;0;0;0;0;0;0;0;0;0;0
FR;8;2022-03-28;0;0;0;0;0;0;0;0;0;0;0;0;0;0;0;0;0;0
FR;8;2022-03-29;0;0;0;0;0;0;0;0;0;0;0;0;0;0;0;0;0;0
FR;8;2022-03-30;0;0;0;0;0;0;0;0;0;0;0;0;0;0;0;0;0;0
FR;8;2022-03-31;0;0;0;0;0;0;0;0;0;0;0;0;0;0;0;0;0;0
FR;8;2022-04-01;0;0;0;0;0;0;0;0;0;0;0;0;0;0;0;0;0;0
FR;8;2022-04-02;0;0;0;0;0;0;0;0;0;0;0;0;0;0;0;0;0;0
FR;8;2022-04-03;0;0;0;0;0;0;0;0;0;0;0;0;0;0;0;0;0;0
FR;8;2022-04-04;0;0;0;0;0;0;0;0;0;0;0;0;0;0;0;0;0;0
FR;8;2022-04-05;0;0;0;0;0;0;0;0;0;0;0;0;0;0;0;0;0;0
FR;8;2022-04-06;0;0;0;0;0;0;0;0;0;0;0;0;0;0;0;0;0;0
FR;8;2022-04-07;0;0;0;0;0;0;0;0;0;0;0;0;0;0;0;0;0;0
FR;8;2022-04-08;0;0;0;0;0;0;0;0;0;0;0;0;0;0;0;0;0;0
FR;8;2022-04-09;0;0;0;0;0;0;0;0;0;0;0;0;0;0;0;0;0;0
FR;8;2022-04-10;0;0;0;0;0;0;0;0;0;0;0;0;0;0;0;0;0;0
FR;8;2022-04-11;0;0;0;0;0;0;0;0;0;0;0;0;0;0;0;0;0;0
FR;8;2022-04-12;0;0;0;0;0;0;0;0;0;0;0;0;0;0;0;0;0;0
FR;8;2022-04-13;0;0;0;0;0;0;0;0;0;0;0;0;0;0;0;0;0;0
FR;8;2022-04-14;0;0;0;0;0;0;0;0;0;0;0;0;0;0;0;0;0;0
FR;8;2022-04-15;0;0;0;0;0;0;0;0;0;0;0;0;0;0;0;0;0;0
FR;8;2022-04-16;0;0;0;0;0;0;0;0;0;0;0;0;0;0;0;0;0;0
FR;8;2022-04-17;0;0;0;0;0;0;0;0;0;0;0;0;0;0;0;0;0;0
FR;8;2022-04-18;0;0;0;0;0;0;0;0;0;0;0;0;0;0;0;0;0;0
FR;8;2022-04-19;0;0;0;0;0;0;0;0;0;0;0;0;0;0;0;0;0;0
FR;8;2022-04-20;0;0;0;0;0;0;0;0;0;0;0;0;0;0;0;0;0;0
FR;8;2022-04-21;0;0;0;0;0;0;0;0;0;0;0;0;0;0;0;0;0;0
FR;8;2022-04-22;0;0;0;0;0;0;0;0;0;0;0;0;0;0;0;0;0;0
FR;8;2022-04-23;0;0;0;0;0;0;0;0;0;0;0;0;0;0;0;0;0;0
FR;8;2022-04-24;0;0;0;0;0;0;0;0;0;0;0;0;0;0;0;0;0;0
FR;8;2022-04-25;0;0;0;0;0;0;0;0;0;0;0;0;0;0;0;0;0;0
FR;8;2022-04-26;0;0;0;0;0;0;0;0;0;0;0;0;0;0;0;0;0;0
FR;8;2022-04-27;0;0;0;0;0;0;0;0;0;0;0;0;0;0;0;0;0;0
FR;8;2022-04-28;0;0;0;0;0;0;0;0;0;0;0;0;0;0;0;0;0;0
FR;8;2022-04-29;0;0;0;0;0;0;0;0;0;0;0;0;0;0;0;0;0;0
FR;8;2022-04-30;0;0;0;0;0;0;0;0;0;0;0;0;0;0;0;0;0;0
FR;8;2022-05-01;0;0;0;0;0;0;0;0;0;0;0;0;0;0;0;0;0;0
FR;8;2022-05-02;0;0;0;0;0;0;0;0;0;0;0;0;0;0;0;0;0;0
FR;8;2022-05-03;0;0;0;0;0;0;0;0;0;0;0;0;0;0;0;0;0;0
FR;8;2022-05-04;0;0;0;0;0;0;0;0;0;0;0;0;0;0;0;0;0;0
FR;8;2022-05-05;0;0;0;0;0;0;0;0;0;0;0;0;0;0;0;0;0;0
FR;8;2022-05-06;0;0;0;0;0;0;0;0;0;0;0;0;0;0;0;0;0;0
FR;8;2022-05-07;0;0;0;0;0;0;0;0;0;0;0;0;0;0;0;0;0;0
FR;8;2022-05-08;0;0;0;0;0;0;0;0;0;0;0;0;0;0;0;0;0;0
FR;8;2022-05-09;0;0;0;0;0;0;0;0;0;0;0;0;0;0;0;0;0;0
FR;8;2022-05-10;0;0;0;0;0;0;0;0;0;0;0;0;0;0;0;0;0;0
FR;8;2022-05-11;0;0;0;0;0;0;0;0;0;0;0;0;0;0;0;0;0;0
FR;8;2022-05-12;0;0;0;0;0;0;0;0;0;0;0;0;0;0;0;0;0;0
FR;8;2022-05-13;0;0;0;0;0;0;0;0;0;0;0;0;0;0;0;0;0;0
FR;8;2022-05-14;0;0;0;0;0;0;0;0;0;0;0;0;0;0;0;0;0;0
FR;8;2022-05-15;0;0;0;0;0;0;0;0;0;0;0;0;0;0;0;0;0;0
FR;8;2022-05-16;0;0;0;0;0;0;0;0;0;0;0;0;0;0;0;0;0;0
FR;8;2022-05-17;0;0;0;0;0;0;0;0;0;0;0;0;0;0;0;0;0;0
FR;8;2022-05-18;0;0;0;0;0;0;0;0;0;0;0;0;0;0;0;0;0;0
FR;8;2022-05-19;0;0;0;0;0;0;0;0;0;0;0;0;0;0;0;0;0;0
FR;8;2022-05-20;0;0;0;0;0;0;0;0;0;0;0;0;0;0;0;0;0;0
FR;8;2022-05-21;0;0;0;0;0;0;0;0;0;0;0;0;0;0;0;0;0;0
FR;8;2022-05-22;0;0;0;0;0;0;0;0;0;0;0;0;0;0;0;0;0;0
FR;8;2022-05-23;0;0;0;0;0;0;0;0;0;0;0;0;0;0;0;0;0;0
FR;8;2022-05-24;0;0;0;0;0;0;0;0;0;0;0;0;0;0;0;0;0;0
FR;8;2022-05-25;0;0;0;0;0;0;0;0;0;0;0;0;0;0;0;0;0;0
FR;8;2022-05-26;0;0;0;0;0;0;0;0;0;0;0;0;0;0;0;0;0;0
FR;8;2022-05-27;0;0;0;0;0;0;0;0;0;0;0;0;0;0;0;0;0;0
FR;8;2022-05-28;0;0;0;0;0;0;0;0;0;0;0;0;0;0;0;0;0;0
FR;8;2022-05-29;0;0;0;0;0;0;0;0;0;0;0;0;0;0;0;0;0;0
FR;8;2022-05-30;0;0;0;0;0;0;0;0;0;0;0;0;0;0;0;0;0;0
FR;8;2022-05-31;0;0;0;0;0;0;0;0;0;0;0;0;0;0;0;0;0;0
FR;8;2022-06-01;0;0;0;0;0;0;0;0;0;0;0;0;0;0;0;0;0;0
FR;8;2022-06-02;0;0;0;0;0;0;0;0;0;0;0;0;0;0;0;0;0;0
FR;8;2022-06-03;0;0;0;0;0;0;0;0;0;0;0;0;0;0;0;0;0;0
FR;8;2022-06-04;0;0;0;0;0;0;0;0;0;0;0;0;0;0;0;0;0;0
FR;8;2022-06-05;0;0;0;0;0;0;0;0;0;0;0;0;0;0;0;0;0;0
FR;8;2022-06-06;0;0;0;0;0;0;0;0;0;0;0;0;0;0;0;0;0;0
FR;8;2022-06-07;0;0;0;0;0;0;0;0;0;0;0;0;0;0;0;0;0;0
FR;8;2022-06-08;0;0;0;0;0;0;0;0;0;0;0;0;0;0;0;0;0;0
FR;8;2022-06-09;0;0;0;0;0;0;0;0;0;0;0;0;0;0;0;0;0;0
FR;8;2022-06-10;0;0;0;0;0;0;0;0;0;0;0;0;0;0;0;0;0;0
FR;8;2022-06-11;0;0;0;0;0;0;0;0;0;0;0;0;0;0;0;0;0;0
FR;8;2022-06-12;0;0;0;0;0;0;0;0;0;0;0;0;0;0;0;0;0;0
FR;8;2022-06-13;0;0;0;0;0;0;0;0;0;0;0;0;0;0;0;0;0;0
FR;8;2022-06-14;0;0;0;0;0;0;0;0;0;0;0;0;0;0;0;0;0;0
FR;8;2022-06-15;0;0;0;0;0;0;0;0;0;0;0;0;0;0;0;0;0;0
FR;8;2022-06-16;0;0;0;0;0;0;0;0;0;0;0;0;0;0;0;0;0;0
FR;8;2022-06-17;0;0;0;0;0;0;0;0;0;0;0;0;0;0;0;0;0;0
FR;8;2022-06-18;0;0;0;0;0;0;0;0;0;0;0;0;0;0;0;0;0;0
FR;8;2022-06-19;0;0;0;0;0;0;0;0;0;0;0;0;0;0;0;0;0;0
FR;8;2022-06-20;0;0;0;0;0;0;0;0;0;0;0;0;0;0;0;0;0;0
FR;8;2022-06-21;0;0;0;0;0;0;0;0;0;0;0;0;0;0;0;0;0;0
FR;8;2022-06-22;0;0;0;0;0;0;0;0;0;0;0;0;0;0;0;0;0;0
FR;8;2022-06-23;0;0;0;0;0;0;0;0;0;0;0;0;0;0;0;0;0;0
FR;8;2022-06-24;0;0;0;0;0;0;0;0;0;0;0;0;0;0;0;0;0;0
FR;8;2022-06-25;0;0;0;0;0;0;0;0;0;0;0;0;0;0;0;0;0;0
FR;8;2022-06-26;0;0;0;0;0;0;0;0;0;0;0;0;0;0;0;0;0;0
FR;8;2022-06-27;0;0;0;0;0;0;0;0;0;0;0;0;0;0;0;0;0;0
FR;8;2022-06-28;0;0;0;0;0;0;0;0;0;0;0;0;0;0;0;0;0;0
FR;8;2022-06-29;0;0;0;0;0;0;0;0;0;0;0;0;0;0;0;0;0;0
FR;8;2022-06-30;0;0;0;0;0;0;0;0;0;0;0;0;0;0;0;0;0;0
FR;8;2022-07-01;0;0;0;0;0;0;0;0;0;0;0;0;0;0;0;0;0;0
FR;8;2022-07-02;0;0;0;0;0;0;0;0;0;0;0;0;0;0;0;0;0;0
FR;8;2022-07-03;0;0;0;0;0;0;0;0;0;0;0;0;0;0;0;0;0;0
FR;8;2022-07-04;0;0;0;0;0;0;0;0;0;0;0;0;0;0;0;0;0;0
FR;8;2022-07-05;0;0;0;0;0;0;0;0;0;0;0;0;0;0;0;0;0;0
FR;8;2022-07-06;0;0;0;0;0;0;0;0;0;0;0;0;0;0;0;0;0;0
FR;8;2022-07-07;0;0;0;0;0;0;0;0;0;0;0;0;0;0;0;0;0;0
FR;8;2022-07-08;0;0;0;0;0;0;0;0;0;0;0;0;0;0;0;0;0;0
FR;8;2022-07-09;0;0;0;0;0;0;0;0;0;0;0;0;0;0;0;0;0;0
FR;8;2022-07-10;0;0;0;0;0;0;0;0;0;0;0;0;0;0;0;0;0;0
FR;8;2022-07-11;0;0;0;0;0;0;0;0;0;0;0;0;0;0;0;0;0;0
FR;8;2022-07-12;0;0;0;0;0;0;0;0;0;0;0;0;0;0;0;0;0;0
FR;8;2022-07-13;0;0;0;0;0;0;0;0;0;0;0;0;0;0;0;0;0;0
FR;8;2022-07-14;0;0;0;0;0;0;0;0;0;0;0;0;0;0;0;0;0;0
FR;8;2022-07-15;0;0;0;0;0;0;0;0;0;0;0;0;0;0;0;0;0;0
FR;8;2022-07-16;0;0;0;0;0;0;0;0;0;0;0;0;0;0;0;0;0;0
FR;8;2022-07-17;0;0;0;0;0;0;0;0;0;0;0;0;0;0;0;0;0;0
FR;8;2022-07-18;0;0;0;0;0;0;0;0;0;0;0;0;0;0;0;0;0;0
FR;8;2022-07-19;0;0;0;0;0;0;0;0;0;0;0;0;0;0;0;0;0;0
FR;8;2022-07-20;0;0;0;0;0;0;0;0;0;0;0;0;0;0;0;0;0;0
FR;8;2022-07-21;0;0;0;0;0;0;0;0;0;0;0;0;0;0;0;0;0;0
FR;8;2022-07-22;0;0;0;0;0;0;0;0;0;0;0;0;0;0;0;0;0;0
FR;8;2022-07-23;0;0;0;0;0;0;0;0;0;0;0;0;0;0;0;0;0;0
FR;8;2022-07-24;0;0;0;0;0;0;0;0;0;0;0;0;0;0;0;0;0;0
FR;8;2022-07-25;0;0;0;0;0;0;0;0;0;0;0;0;0;0;0;0;0;0
FR;8;2022-07-26;0;0;0;0;0;0;0;0;0;0;0;0;0;0;0;0;0;0
FR;8;2022-07-27;0;0;0;0;0;0;0;0;0;0;0;0;0;0;0;0;0;0
FR;8;2022-07-28;0;0;0;0;0;0;0;0;0;0;0;0;0;0;0;0;0;0
FR;8;2022-07-29;0;0;0;0;0;0;0;0;0;0;0;0;0;0;0;0;0;0
FR;8;2022-07-30;0;0;0;0;0;0;0;0;0;0;0;0;0;0;0;0;0;0
FR;8;2022-07-31;0;0;0;0;0;0;0;0;0;0;0;0;0;0;0;0;0;0
FR;8;2022-08-01;0;0;0;0;0;0;0;0;0;0;0;0;0;0;0;0;0;0
FR;8;2022-08-02;0;0;0;0;0;0;0;0;0;0;0;0;0;0;0;0;0;0
FR;8;2022-08-03;0;0;0;0;0;0;0;0;0;0;0;0;0;0;0;0;0;0
FR;8;2022-08-04;0;0;0;0;0;0;0;0;0;0;0;0;0;0;0;0;0;0
FR;8;2022-08-05;0;0;0;0;0;0;0;0;0;0;0;0;0;0;0;0;0;0
FR;8;2022-08-06;0;0;0;0;0;0;0;0;0;0;0;0;0;0;0;0;0;0
FR;8;2022-08-07;0;0;0;0;0;0;0;0;0;0;0;0;0;0;0;0;0;0
FR;8;2022-08-08;0;0;0;0;0;0;0;0;0;0;0;0;0;0;0;0;0;0
FR;8;2022-08-09;0;0;0;0;0;0;0;0;0;0;0;0;0;0;0;0;0;0
FR;8;2022-08-10;0;0;0;0;0;0;0;0;0;0;0;0;0;0;0;0;0;0
FR;8;2022-08-11;0;0;0;0;0;0;0;0;0;0;0;0;0;0;0;0;0;0
FR;8;2022-08-12;0;0;0;0;0;0;0;0;0;0;0;0;0;0;0;0;0;0
FR;8;2022-08-13;0;0;0;0;0;0;0;0;0;0;0;0;0;0;0;0;0;0
FR;8;2022-08-14;0;0;0;0;0;0;0;0;0;0;0;0;0;0;0;0;0;0
FR;8;2022-08-15;0;0;0;0;0;0;0;0;0;0;0;0;0;0;0;0;0;0
FR;8;2022-08-16;0;0;0;0;0;0;0;0;0;0;0;0;0;0;0;0;0;0
FR;8;2022-08-17;0;0;0;0;0;0;0;0;0;0;0;0;0;0;0;0;0;0
FR;8;2022-08-18;0;0;0;0;0;0;0;0;0;0;0;0;0;0;0;0;0;0
FR;8;2022-08-19;0;0;0;0;0;0;0;0;0;0;0;0;0;0;0;0;0;0
FR;8;2022-08-20;0;0;0;0;0;0;0;0;0;0;0;0;0;0;0;0;0;0
FR;8;2022-08-21;0;0;0;0;0;0;0;0;0;0;0;0;0;0;0;0;0;0
FR;8;2022-08-22;0;0;0;0;0;0;0;0;0;0;0;0;0;0;0;0;0;0
FR;8;2022-08-23;0;0;0;0;0;0;0;0;0;0;0;0;0;0;0;0;0;0
FR;8;2022-08-24;0;0;0;0;0;0;0;0;0;0;0;0;0;0;0;0;0;0
FR;8;2022-08-25;0;0;0;0;0;0;0;0;0;0;0;0;0;0;0;0;0;0
FR;8;2022-08-26;0;0;0;0;0;0;0;0;0;0;0;0;0;0;0;0;0;0
FR;8;2022-08-27;0;0;0;0;0;0;0;0;0;0;0;0;0;0;0;0;0;0
FR;8;2022-08-28;0;0;0;0;0;0;0;0;0;0;0;0;0;0;0;0;0;0
FR;8;2022-08-29;0;0;0;0;0;0;0;0;0;0;0;0;0;0;0;0;0;0
FR;8;2022-08-30;0;0;0;0;0;0;0;0;0;0;0;0;0;0;0;0;0;0
FR;8;2022-08-31;0;0;0;0;0;0;0;0;0;0;0;0;0;0;0;0;0;0
FR;8;2022-09-01;0;0;0;0;0;0;0;0;0;0;0;0;0;0;0;0;0;0
FR;8;2022-09-02;0;0;0;0;0;0;0;0;0;0;0;0;0;0;0;0;0;0
FR;8;2022-09-03;0;0;0;0;0;0;0;0;0;0;0;0;0;0;0;0;0;0
FR;8;2022-09-04;0;0;0;0;0;0;0;0;0;0;0;0;0;0;0;0;0;0
FR;8;2022-09-05;0;0;0;0;0;0;0;0;0;0;0;0;0;0;0;0;0;0
FR;8;2022-09-06;0;0;0;0;0;0;0;0;0;0;0;0;0;0;0;0;0;0
FR;8;2022-09-07;0;0;0;0;0;0;0;0;0;0;0;0;0;0;0;0;0;0
FR;8;2022-09-08;0;0;0;0;0;0;0;0;0;0;0;0;0;0;0;0;0;0
FR;8;2022-09-09;0;0;0;0;0;0;0;0;0;0;0;0;0;0;0;0;0;0
FR;8;2022-09-10;0;0;0;0;0;0;0;0;0;0;0;0;0;0;0;0;0;0
FR;8;2022-09-11;0;0;0;0;0;0;0;0;0;0;0;0;0;0;0;0;0;0
FR;8;2022-09-12;0;0;0;0;0;0;0;0;0;0;0;0;0;0;0;0;0;0
FR;8;2022-09-13;0;0;0;0;0;0;0;0;0;0;0;0;0;0;0;0;0;0
FR;8;2022-09-14;0;0;0;0;0;0;0;0;0;0;0;0;0;0;0;0;0;0
FR;8;2022-09-15;0;0;0;0;0;0;0;0;0;0;0;0;0;0;0;0;0;0
FR;8;2022-09-16;0;0;0;0;0;0;0;0;0;0;0;0;0;0;0;0;0;0
FR;8;2022-09-17;0;0;0;0;0;0;0;0;0;0;0;0;0;0;0;0;0;0
FR;8;2022-09-18;0;0;0;0;0;0;0;0;0;0;0;0;0;0;0;0;0;0
FR;8;2022-09-19;0;0;0;0;0;0;0;0;0;0;0;0;0;0;0;0;0;0
FR;8;2022-09-20;0;0;0;0;0;0;0;0;0;0;0;0;0;0;0;0;0;0
FR;8;2022-09-21;0;0;0;0;0;0;0;0;0;0;0;0;0;0;0;0;0;0
FR;8;2022-09-22;0;0;0;0;0;0;0;0;0;0;0;0;0;0;0;0;0;0
FR;8;2022-09-23;0;0;0;0;0;0;0;0;0;0;0;0;0;0;0;0;0;0
FR;8;2022-09-24;0;0;0;0;0;0;0;0;0;0;0;0;0;0;0;0;0;0
FR;8;2022-09-25;0;0;0;0;0;0;0;0;0;0;0;0;0;0;0;0;0;0
FR;8;2022-09-26;0;0;0;0;0;0;0;0;0;0;0;0;0;0;0;0;0;0
FR;8;2022-09-27;0;0;0;0;0;0;0;0;0;0;0;0;0;0;0;0;0;0
FR;8;2022-09-28;0;0;0;0;0;0;0;0;0;0;0;0;0;0;0;0;0;0
FR;8;2022-09-29;0;0;0;0;0;0;0;0;0;0;0;0;0;0;0;0;0;0
FR;8;2022-09-30;0;0;0;0;0;0;0;0;0;0;0;0;0;0;0;0;0;0
FR;8;2022-10-01;0;0;0;0;0;0;0;0;0;0;0;0;0;0;0;0;0;0
FR;8;2022-10-02;0;0;0;0;0;0;0;0;0;0;0;0;0;0;0;0;0;0
FR;8;2022-10-03;0;0;0;0;0;0;0;0;0;0;0;0;0;0;0;0;0;0
FR;8;2022-10-04;0;0;0;0;0;0;0;0;0;0;0;0;0;0;0;0;0;0
FR;8;2022-10-05;0;0;0;0;0;0;0;0;0;0;0;0;0;0;0;0;0;0
FR;8;2022-10-06;10;17;113;861;8;83;866;1059;110;10;17;113;861;8;83;866;1059;110
FR;8;2022-10-07;72;102;842;8012;63;699;8066;9845;1073;82;119;955;8873;71;782;8932;10904;1183
FR;8;2022-10-08;36;115;610;4057;50;516;4109;5310;676;118;234;1565;12930;121;1298;13041;16214;1859
FR;8;2022-10-09;17;22;145;885;13;132;913;1234;185;135;256;1710;13815;134;1430;13954;17448;2044
FR;8;2022-10-10;119;192;1347;12718;106;1029;12959;16261;2251;254;448;3057;26533;240;2459;26913;33709;4295
FR;8;2022-10-11;182;262;2476;26923;135;2011;27194;33959;4717;436;710;5533;53456;375;4470;54107;67668;9012
FR;8;2022-10-12;157;256;1831;18235;150;1441;18471;23470;3534;593;966;7364;71691;525;5911;72578;91138;12546
FR;8;2022-10-13;206;281;2510;28069;178;1903;28433;35570;5206;799;1247;9874;99760;703;7814;101011;126708;17752
FR;8;2022-10-14;256;419;3271;36244;241;2556;36669;45572;6305;1055;1666;13145;136004;944;10370;137680;172280;24057
FR;8;2022-10-15;102;182;1203;8804;79;1001;8931;11781;1829;1157;1848;14348;144808;1023;11371;146611;184061;25886
FR;8;2022-10-16;34;54;248;1522;26;215;1557;2179;402;1191;1902;14596;146330;1049;11586;148168;186240;26288
FR;8;2022-10-17;157;310;2097;21790;174;1624;22097;28279;4536;1348;2212;16693;168120;1223;13210;170265;214519;30824
FR;8;2022-10-18;269;349;3356;37855;226;2654;38238;50780;9815;1617;2561;20049;205975;1449;15864;208503;265299;40639
FR;8;2022-10-19;199;313;2627;28296;182;2185;28613;38701;7842;1816;2874;22676;234271;1631;18049;237116;304000;48481
FR;8;2022-10-20;252;365;3577;41202;225;2653;41810;55702;11154;2068;3239;26253;275473;1856;20702;278926;359702;59635
FR;8;2022-10-21;325;489;4460;49416;276;3473;50015;66296;12711;2393;3728;30713;324889;2132;24175;328941;425998;72346
FR;8;2022-10-22;126;168;1230;10662;111;927;10849;14744;2949;2519;3896;31943;335551;2243;25102;339790;440742;75295
FR;8;2022-10-23;49;53;266;1761;48;197;1840;2609;571;2568;3949;32209;337312;2291;25299;341630;443351;75866
FR;8;2022-10-24;230;311;2475;24039;173;2074;24337;33543;7081;2798;4260;34684;361351;2464;27373;365967;476894;82947
FR;8;2022-10-25;306;413;4081;43442;256;3134;44041;61274;13996;3104;4673;38765;404793;2720;30507;410008;538168;96943
FR;8;2022-10-26;226;343;2883;28744;186;2379;29023;41436;9946;3330;5016;41648;433537;2906;32886;439031;579604;106889
FR;8;2022-10-27;275;415;3325;36178;243;2633;36652;51229;11879;3605;5431;44973;469715;3149;35519;475683;630833;118768
FR;8;2022-10-28;328;466;3829;39473;258;2863;40198;55127;11997;3933;5897;48802;509188;3407;38382;515881;685960;130765
FR;8;2022-10-29;112;165;1074;8228;94;803;8372;11859;2667;4045;6062;49876;517416;3501;39185;524253;697819;133432
FR;8;2022-10-30;40;53;210;1348;38;180;1394;2063;485;4085;6115;50086;518764;3539;39365;525647;699882;133917
FR;8;2022-10-31;196;257;1661;14536;142;1275;14800;21195;5102;4281;6372;51747;533300;3681;40640;540447;721077;139019
FR;8;2022-11-01;29;41;134;956;23;168;972;1616;473;4310;6413;51881;534256;3704;40808;541419;722693;139492
FR;8;2022-11-02;197;368;2372;23300;204;1974;23695;35023;9287;4507;6781;54253;557556;3908;42782;565114;757716;148779
FR;8;2022-11-03;310;416;3487;36954;255;2604;37596;54645;14346;4817;7197;57740;594510;4163;45386;602710;812361;163125
FR;8;2022-11-04;355;495;3781;40201;258;2974;40718;57974;14171;5172;7692;61521;634711;4421;48360;643428;870335;177296
FR;8;2022-11-05;113;185;1102;8766;119;850;8932;12887;3070;5285;7877;62623;643477;4540;49210;652360;883222;180366
FR;8;2022-11-06;45;56;224;1408;38;205;1441;2249;593;5330;7933;62847;644885;4578;49415;653801;885471;180959
FR;8;2022-11-07;230;280;2321;24820;206;1794;25409;37591;10320;5560;8213;65168;669705;4784;51209;679210;923062;191279
FR;8;2022-11-08;343;503;4338;48383;303;3265;49362;71601;18812;5903;8716;69506;718088;5087;54474;728572;994663;210091
FR;8;2022-11-09;262;368;2878;29173;209;2262;29858;44454;12250;6165;9084;72384;747261;5296;56736;758430;1039117;222341
FR;8;2022-11-10;366;531;3949;40269;303;3016;41181;60521;16184;6531;9615;76333;787530;5599;59752;799611;1099638;238525
FR;8;2022-11-11;39;62;243;1479;32;204;1525;2675;933;6570;9677;76576;789009;5631;59956;801136;1102313;239458
FR;8;2022-11-12;85;165;881;6433;79;687;6636;9894;2552;6655;9842;77457;795442;5710;60643;807772;1112207;242010
FR;8;2022-11-13;36;54;212;1109;35;172;1161;1922;583;6691;9896;77669;796551;5745;60815;808933;1114129;242593
FR;8;2022-11-14;228;306;2239;22437;167;1719;22984;35042;10265;6919;10202;79908;818988;5912;62534;831917;1149171;252858
FR;8;2022-11-15;340;422;3761;42328;255;2862;43237;64755;18524;7259;10624;83669;861316;6167;65396;875154;1213926;271382
FR;8;2022-11-16;301;349;2621;26520;218;2156;26994;41723;12488;7560;10973;86290;887836;6385;67552;902148;1255649;283870
FR;8;2022-11-17;367;429;3381;36858;289;2613;37437;56633;16484;7927;11402;89671;924694;6674;70165;939585;1312282;300354
FR;8;2022-11-18;343;463;4070;42299;284;2973;43153;63641;17411;8270;11865;93741;966993;6958;73138;982738;1375923;317765
FR;8;2022-11-19;121;179;1199;8971;117;844;9153;13827;3792;8391;12044;94940;975964;7075;73982;991891;1389750;321557
FR;8;2022-11-20;35;49;260;1585;33;217;1653;2663;788;8426;12093;95200;977549;7108;74199;993544;1392413;322345
FR;8;2022-11-21;215;302;2074;20064;177;1589;20586;32027;9785;8641;12395;97274;997613;7285;75788;1014130;1424440;332130
FR;8;2022-11-22;336;405;3468;37538;248;2667;38052;58073;17243;8977;12800;100742;1035151;7533;78455;1052182;1482513;349373
FR;8;2022-11-23;227;324;2412;24424;188;2014;24855;39178;12227;9204;13124;103154;1059575;7721;80469;1077037;1521691;361600
FR;8;2022-11-24;346;387;3369;34877;234;2578;35566;55295;17052;9550;13511;106523;1094452;7955;83047;1112603;1576986;378652
FR;8;2022-11-25;309;422;3632;37733;283;2621;38530;57838;16563;9859;13933;110155;1132185;8238;85668;1151133;1634824;395215
FR;8;2022-11-26;171;194;1176;8818;127;897;8975;13686;3783;10030;14127;111331;1141003;8365;86565;1160108;1648510;398998
FR;8;2022-11-27;45;43;227;1545;36;180;1561;2472;721;10075;14170;111558;1142548;8401;86745;1161669;1650982;399719
FR;8;2022-11-28;182;301;2305;23359;171;1695;24025;37292;11498;10257;14471;113863;1165907;8572;88440;1185694;1688274;411217
FR;8;2022-11-29;293;428;3975;44042;217;2942;44727;69090;21298;10550;14899;117838;1209949;8789;91382;1230421;1757364;432515
FR;8;2022-11-30;279;409;3367;34869;225;2541;35629;54691;16403;10829;15308;121205;1244818;9014;93923;1266050;1812055;448918
FR;8;2022-12-01;330;474;4470;49316;271;3127;50090;77592;24212;11159;15782;125675;1294134;9285;97050;1316140;1889647;473130
FR;8;2022-12-02;407;517;5435;58399;303;3735;59577;89734;26233;11566;16299;131110;1352533;9588;100785;1375717;1979381;499363
FR;8;2022-12-03;176;216;1915;16856;108;1324;17266;25833;7207;11742;16515;133025;1369389;9696;102109;1392983;2005214;506570
FR;8;2022-12-04;53;90;488;4053;59;403;4113;6282;1754;11795;16605;133513;1373442;9755;102512;1397096;2011496;508324
FR;8;2022-12-05;278;400;3842;42330;243;2507;43255;66849;20938;12073;17005;137355;1415772;9998;105019;1440351;2078345;529262
FR;8;2022-12-06;421;542;6295;74284;302;4210;75704;117794;37635;12494;17547;143650;1490056;10300;109229;1516055;2196139;566897
FR;8;2022-12-07;359;429;4903;55008;260;3232;56097;87655;28131;12853;17976;148553;1545064;10560;112461;1572152;2283794;595028
FR;8;2022-12-08;452;530;6440;75409;290;4183;76991;120402;38967;13305;18506;154993;1620473;10850;116644;1649143;2404196;633995
FR;8;2022-12-09;545;603;8014;90875;355;5206;92637;142946;44836;13850;19109;163007;1711348;11205;121850;1741780;2547142;678831
FR;8;2022-12-10;262;299;3337;31710;165;2087;32556;48727;13993;14112;19408;166344;1743058;11370;123937;1774336;2595869;692824
FR;8;2022-12-11;90;104;933;7864;66;641;8081;11887;3145;14202;19512;167277;1750922;11436;124578;1782417;2607756;695969
FR;8;2022-12-12;352;459;5849;64295;251;3716;65811;103295;33570;14554;19971;173126;1815217;11687;128294;1848228;2711051;729539
FR;8;2022-12-13;530;604;8420;99058;350;5191;101481;160040;53035;15084;20575;181546;1914275;12037;133485;1949709;2871091;782574
FR;8;2022-12-14;449;530;6348;69996;305;4194;71550;113317;37304;15533;21105;187894;1984271;12342;137679;2021259;2984408;819878
FR;8;2022-12-15;489;643;8144;91655;361;5125;93875;149090;49749;16022;21748;196038;2075926;12703;142804;2115134;3133498;869627
FR;8;2022-12-16;577;707;8856;100223;383;5696;102355;161759;53333;16599;22455;204894;2176149;13086;148500;2217489;3295257;922960
FR;8;2022-12-17;232;308;3145;30039;188;2004;30809;46746;13828;16831;22763;208039;2206188;13274;150504;2248298;3342003;936788
FR;8;2022-12-18;63;94;730;5971;49;498;6118;9287;2642;16894;22857;208769;2212159;13323;151002;2254416;3351290;939430
FR;8;2022-12-19;399;453;5339;53739;266;3363;55304;87692;28843;17293;23310;214108;2265898;13589;154365;2309720;3438982;968273
FR;8;2022-12-20;553;576;7340;76498;343;4752;78591;126962;43291;17846;23886;221448;2342396;13932;159117;2388311;3565944;1011564
FR;8;2022-12-21;421;479;4960;48745;285;3311;50035;81623;28080;18267;24365;226408;2391141;14217;162428;2438346;3647567;1039644
FR;8;2022-12-22;459;520;4576;44206;310;3148;45429;74598;25866;18726;24885;230984;2435347;14527;165576;2483775;3722165;1065510
FR;8;2022-12-23;312;387;2883;25008;250;2073;25668;42237;14380;19038;25272;233867;2460355;14777;167649;2509443;3764402;1079890
FR;8;2022-12-24;70;69;396;2551;40;296;2665;4151;1173;19108;25341;234263;2462906;14817;167945;2512108;3768553;1081063
FR;8;2022-12-25;29;28;104;540;22;81;560;903;259;19137;25369;234367;2463446;14839;168026;2512668;3769456;1081322
FR;8;2022-12-26;242;274;2157;16051;175;1497;16675;26740;8473;19379;25643;236524;2479497;15014;169523;2529343;3796196;1089795
FR;8;2022-12-27;386;452;3762;32387;261;2526;33477;55239;19089;19765;26095;240286;2511884;15275;172049;2562820;3851435;1108884
FR;8;2022-12-28;343;339;2928;24621;189;2042;25207;41668;14300;20108;26434;243214;2536505;15464;174091;2588027;3893103;1123184
FR;8;2022-12-29;298;405;3155;25497;224;2179;26451;43931;15173;20406;26839;246369;2562002;15688;176270;2614478;3937034;1138357
FR;8;2022-12-30;293;338;2440;18641;209;1696;19283;31649;10563;20699;27177;248809;2580643;15897;177966;2633761;3968683;1148920
FR;8;2022-12-31;92;117;452;2958;75;363;3101;4753;1269;20791;27294;249261;2583601;15972;178329;2636862;3973436;1150189
FR;8;2023-01-01;15;30;112;661;14;85;684;995;225;20806;27324;249373;2584262;15986;178414;2637546;3974431;1150414
FR;8;2023-01-02;263;398;2257;18196;231;1601;18657;31996;11653;21069;27722;251630;2602458;16217;180015;2656203;4006427;1162067
FR;8;2023-01-03;461;535;4241;42776;315;2903;43691;80782;33866;21530;28257;255871;2645234;16532;182918;2699894;4087209;1195933
FR;8;2023-01-04;407;465;3485;29940;284;2416;30692;58167;24872;21937;28722;259356;2675174;16816;185334;2730586;4145376;1220805
FR;8;2023-01-05;498;590;4357;41726;394;2908;42616;81799;35954;22435;29312;263713;2716900;17210;188242;2773202;4227175;1256759
FR;8;2023-01-06;508;669;5091;46681;403;3334;47696;89578;38219;22943;29981;268804;2763581;17613;191576;2820898;4316753;1294978
FR;8;2023-01-07;213;287;1696;12286;178;1192;12598;22318;8428;23156;30268;270500;2775867;17791;192768;2833496;4339071;1303406
FR;8;2023-01-08;68;105;443;2743;63;312;2838;5088;1921;23224;30373;270943;2778610;17854;193080;2836334;4344159;1305327
FR;8;2023-01-09;391;475;2607;21407;305;1827;21980;44394;20368;23615;30848;273550;2800017;18159;194907;2858314;4388553;1325695
FR;8;2023-01-10;457;614;4338;40096;376;3057;40866;84834;40528;24072;31462;277888;2840113;18535;197964;2899180;4473387;1366223
FR;8;2023-01-11;344;453;2939;24065;283;2102;24571;51360;24396;24416;31915;280827;2864178;18818;200066;2923751;4524747;1390619
FR;8;2023-01-12;405;534;3648;33077;326;2556;33699;70597;33974;24821;32449;284475;2897255;19144;202622;2957450;4595344;1424593
FR;8;2023-01-13;438;584;4037;34829;336;2850;35416;72731;34086;25259;33033;288512;2932084;19480;205472;2992866;4668075;1458679
FR;8;2023-01-14;175;223;1333;8843;118;950;9024;17149;7095;25434;33256;289845;2940927;19598;206422;3001890;4685224;1465774
FR;8;2023-01-15;61;85;327;1473;53;241;1571;3156;1332;25495;33341;290172;2942400;19651;206663;3003461;4688380;1467106
FR;8;2023-01-16;259;333;1990;15685;199;1422;15948;35079;17506;25754;33674;292162;2958085;19850;208085;3019409;4723459;1484612
FR;8;2023-01-17;354;446;3237;28052;276;2303;28549;64268;33010;26108;34120;295399;2986137;20126;210388;3047958;4787727;1517622
FR;8;2023-01-18;257;398;2176;16747;236;1656;16982;38118;19225;26365;34518;297575;3002884;20362;212044;3064940;4825845;1536847
FR;8;2023-01-19;346;409;2649;22188;242;1932;22534;50940;26109;26711;34927;300224;3025072;20604;213976;3087474;4876785;1562956
FR;8;2023-01-20;399;501;3147;24686;305;2315;25169;56213;28351;27110;35428;303371;3049758;20909;216291;3112643;4932998;1591307
FR;8;2023-01-21;142;188;997;6097;103;727;6220;12848;5807;27252;35616;304368;3055855;21012;217018;3118863;4945846;1597114
FR;8;2023-01-22;31;49;152;826;22;133;870;1850;833;27283;35665;304520;3056681;21034;217151;3119733;4947696;1597947
FR;8;2023-01-23;210;289;1580;10584;158;1145;10806;26563;14365;27493;35954;306100;3067265;21192;218296;3130539;4974259;1612312
FR;8;2023-01-24;301;409;2382;19838;239;1780;20090;49475;27190;27794;36363;308482;3087103;21431;220076;3150629;5023734;1639502
FR;8;2023-01-25;233;370;1781;11989;225;1308;12386;29756;15797;28027;36733;310263;3099092;21656;221384;3163015;5053490;1655299
FR;8;2023-01-26;295;365;2193;16340;246;1610;16599;41037;22476;28322;37098;312456;3115432;21902;222994;3179614;5094527;1677775
FR;8;2023-01-27;311;478;2432;17751;287;1817;17969;43786;23578;28633;37576;314888;3133183;22189;224811;3197583;5138313;1701353
FR;8;2023-01-28;123;184;760;4301;120;595;4413;9656;4561;28756;37760;315648;3137484;22309;225406;3201996;5147969;1705914
FR;8;2023-01-29;25;41;86;426;27;64;455;1029;502;28781;37801;315734;3137910;22336;225470;3202451;5148998;1706416
FR;8;2023-01-30;202;308;1204;7852;181;973;8000;20196;10977;28983;38109;316938;3145762;22517;226443;3210451;5169194;1717393
FR;8;2023-01-31;266;372;1878;13437;225;1401;13648;35850;20515;29249;38481;318816;3159199;22742;227844;3224099;5205044;1737908
FR;8;2023-02-01;227;320;1291;7893;201;1047;8008;21333;12014;29476;38801;320107;3167092;22943;228891;3232107;5226377;1749922
FR;8;2023-02-02;247;371;1533;11209;222;1232;11426;30500;17485;29723;39172;321640;3178301;23165;230123;3243533;5256877;1767407
FR;8;2023-02-03;269;427;1808;11914;268;1404;12089;32438;18574;29992;39599;323448;3190215;23433;231527;3255622;5289315;1785981
FR;8;2023-02-04;113;150;561;2889;101;448;2938;7048;3594;30105;39749;324009;3193104;23534;231975;3258560;5296363;1789575
FR;8;2023-02-05;9;41;57;204;20;53;220;521;243;30114;39790;324066;3193308;23554;232028;3258780;5296884;1789818
FR;8;2023-02-06;172;227;901;4994;159;674;5155;14486;8438;30286;40017;324967;3198302;23713;232702;3263935;5311370;1798256
FR;8;2023-02-07;225;372;1413;9099;246;1136;9241;26657;15874;30511;40389;326380;3207401;23959;233838;3273176;5338027;1814130
FR;8;2023-02-08;158;228;981;5502;149;759;5634;15529;8896;30669;40617;327361;3212903;24108;234597;3278810;5353556;1823026
FR;8;2023-02-09;219;346;1090;6995;215;891;7149;20515;12166;30888;40963;328451;3219898;24323;235488;3285959;5374071;1835192
FR;9;2020-12-27;0;0;0;0;0;0;0;0;0;0;0;0;0;0;0;0;0;0
FR;9;2020-12-28;0;0;0;0;0;0;0;0;0;0;0;0;0;0;0;0;0;0
FR;9;2020-12-29;0;0;0;0;0;0;0;0;0;0;0;0;0;0;0;0;0;0
FR;9;2020-12-30;0;0;0;0;0;0;0;0;0;0;0;0;0;0;0;0;0;0
FR;9;2020-12-31;0;0;0;0;0;0;0;0;0;0;0;0;0;0;0;0;0;0
FR;9;2021-01-01;0;0;0;0;0;0;0;0;0;0;0;0;0;0;0;0;0;0
FR;9;2021-01-02;0;0;0;0;0;0;0;0;0;0;0;0;0;0;0;0;0;0
FR;9;2021-01-03;0;0;0;0;0;0;0;0;0;0;0;0;0;0;0;0;0;0
FR;9;2021-01-04;0;0;0;0;0;0;0;0;0;0;0;0;0;0;0;0;0;0
FR;9;2021-01-05;0;0;0;0;0;0;0;0;0;0;0;0;0;0;0;0;0;0
FR;9;2021-01-06;0;0;0;0;0;0;0;0;0;0;0;0;0;0;0;0;0;0
FR;9;2021-01-07;0;0;0;0;0;0;0;0;0;0;0;0;0;0;0;0;0;0
FR;9;2021-01-08;0;0;0;0;0;0;0;0;0;0;0;0;0;0;0;0;0;0
FR;9;2021-01-09;0;0;0;0;0;0;0;0;0;0;0;0;0;0;0;0;0;0
FR;9;2021-01-10;0;0;0;0;0;0;0;0;0;0;0;0;0;0;0;0;0;0
FR;9;2021-01-11;0;0;0;0;0;0;0;0;0;0;0;0;0;0;0;0;0;0
FR;9;2021-01-12;0;0;0;0;0;0;0;0;0;0;0;0;0;0;0;0;0;0
FR;9;2021-01-13;0;0;0;0;0;0;0;0;0;0;0;0;0;0;0;0;0;0
FR;9;2021-01-14;0;0;0;0;0;0;0;0;0;0;0;0;0;0;0;0;0;0
FR;9;2021-01-15;0;0;0;0;0;0;0;0;0;0;0;0;0;0;0;0;0;0
FR;9;2021-01-16;0;0;0;0;0;0;0;0;0;0;0;0;0;0;0;0;0;0
FR;9;2021-01-17;0;0;0;0;0;0;0;0;0;0;0;0;0;0;0;0;0;0
FR;9;2021-01-18;0;0;0;0;0;0;0;0;0;0;0;0;0;0;0;0;0;0
FR;9;2021-01-19;0;0;0;0;0;0;0;0;0;0;0;0;0;0;0;0;0;0
FR;9;2021-01-20;0;0;0;0;0;0;0;0;0;0;0;0;0;0;0;0;0;0
FR;9;2021-01-21;0;0;0;0;0;0;0;0;0;0;0;0;0;0;0;0;0;0
FR;9;2021-01-22;0;0;0;0;0;0;0;0;0;0;0;0;0;0;0;0;0;0
FR;9;2021-01-23;0;0;0;0;0;0;0;0;0;0;0;0;0;0;0;0;0;0
FR;9;2021-01-24;0;0;0;0;0;0;0;0;0;0;0;0;0;0;0;0;0;0
FR;9;2021-01-25;0;0;0;0;0;0;0;0;0;0;0;0;0;0;0;0;0;0
FR;9;2021-01-26;0;0;0;0;0;0;0;0;0;0;0;0;0;0;0;0;0;0
FR;9;2021-01-27;0;0;0;0;0;0;0;0;0;0;0;0;0;0;0;0;0;0
FR;9;2021-01-28;0;0;0;0;0;0;0;0;0;0;0;0;0;0;0;0;0;0
FR;9;2021-01-29;0;0;0;0;0;0;0;0;0;0;0;0;0;0;0;0;0;0
FR;9;2021-01-30;0;0;0;0;0;0;0;0;0;0;0;0;0;0;0;0;0;0
FR;9;2021-01-31;0;0;0;0;0;0;0;0;0;0;0;0;0;0;0;0;0;0
FR;9;2021-02-01;0;0;0;0;0;0;0;0;0;0;0;0;0;0;0;0;0;0
FR;9;2021-02-02;0;0;0;0;0;0;0;0;0;0;0;0;0;0;0;0;0;0
FR;9;2021-02-03;0;0;0;0;0;0;0;0;0;0;0;0;0;0;0;0;0;0
FR;9;2021-02-04;0;0;0;0;0;0;0;0;0;0;0;0;0;0;0;0;0;0
FR;9;2021-02-05;0;0;0;0;0;0;0;0;0;0;0;0;0;0;0;0;0;0
FR;9;2021-02-06;0;0;0;0;0;0;0;0;0;0;0;0;0;0;0;0;0;0
FR;9;2021-02-07;0;0;0;0;0;0;0;0;0;0;0;0;0;0;0;0;0;0
FR;9;2021-02-08;0;0;0;0;0;0;0;0;0;0;0;0;0;0;0;0;0;0
FR;9;2021-02-09;0;0;0;0;0;0;0;0;0;0;0;0;0;0;0;0;0;0
FR;9;2021-02-10;0;0;0;0;0;0;0;0;0;0;0;0;0;0;0;0;0;0
FR;9;2021-02-11;0;0;0;0;0;0;0;0;0;0;0;0;0;0;0;0;0;0
FR;9;2021-02-12;0;0;0;0;0;0;0;0;0;0;0;0;0;0;0;0;0;0
FR;9;2021-02-13;0;0;0;0;0;0;0;0;0;0;0;0;0;0;0;0;0;0
FR;9;2021-02-14;0;0;0;0;0;0;0;0;0;0;0;0;0;0;0;0;0;0
FR;9;2021-02-15;0;0;0;0;0;0;0;0;0;0;0;0;0;0;0;0;0;0
FR;9;2021-02-16;0;0;0;0;0;0;0;0;0;0;0;0;0;0;0;0;0;0
FR;9;2021-02-17;0;0;0;0;0;0;0;0;0;0;0;0;0;0;0;0;0;0
FR;9;2021-02-18;0;0;0;0;0;0;0;0;0;0;0;0;0;0;0;0;0;0
FR;9;2021-02-19;0;0;0;0;0;0;0;0;0;0;0;0;0;0;0;0;0;0
FR;9;2021-02-20;0;0;0;0;0;0;0;0;0;0;0;0;0;0;0;0;0;0
FR;9;2021-02-21;0;0;0;0;0;0;0;0;0;0;0;0;0;0;0;0;0;0
FR;9;2021-02-22;0;0;0;0;0;0;0;0;0;0;0;0;0;0;0;0;0;0
FR;9;2021-02-23;0;0;0;0;0;0;0;0;0;0;0;0;0;0;0;0;0;0
FR;9;2021-02-24;0;0;0;0;0;0;0;0;0;0;0;0;0;0;0;0;0;0
FR;9;2021-02-25;0;0;0;0;0;0;0;0;0;0;0;0;0;0;0;0;0;0
FR;9;2021-02-26;0;0;0;0;0;0;0;0;0;0;0;0;0;0;0;0;0;0
FR;9;2021-02-27;0;0;0;0;0;0;0;0;0;0;0;0;0;0;0;0;0;0
FR;9;2021-02-28;0;0;0;0;0;0;0;0;0;0;0;0;0;0;0;0;0;0
FR;9;2021-03-01;0;0;0;0;0;0;0;0;0;0;0;0;0;0;0;0;0;0
FR;9;2021-03-02;0;0;0;0;0;0;0;0;0;0;0;0;0;0;0;0;0;0
FR;9;2021-03-03;0;0;0;0;0;0;0;0;0;0;0;0;0;0;0;0;0;0
FR;9;2021-03-04;0;0;0;0;0;0;0;0;0;0;0;0;0;0;0;0;0;0
FR;9;2021-03-05;0;0;0;0;0;0;0;0;0;0;0;0;0;0;0;0;0;0
FR;9;2021-03-06;0;0;0;0;0;0;0;0;0;0;0;0;0;0;0;0;0;0
FR;9;2021-03-07;0;0;0;0;0;0;0;0;0;0;0;0;0;0;0;0;0;0
FR;9;2021-03-08;0;0;0;0;0;0;0;0;0;0;0;0;0;0;0;0;0;0
FR;9;2021-03-09;0;0;0;0;0;0;0;0;0;0;0;0;0;0;0;0;0;0
FR;9;2021-03-10;0;0;0;0;0;0;0;0;0;0;0;0;0;0;0;0;0;0
FR;9;2021-03-11;0;0;0;0;0;0;0;0;0;0;0;0;0;0;0;0;0;0
FR;9;2021-03-12;0;0;0;0;0;0;0;0;0;0;0;0;0;0;0;0;0;0
FR;9;2021-03-13;0;0;0;0;0;0;0;0;0;0;0;0;0;0;0;0;0;0
FR;9;2021-03-14;0;0;0;0;0;0;0;0;0;0;0;0;0;0;0;0;0;0
FR;9;2021-03-15;0;0;0;0;0;0;0;0;0;0;0;0;0;0;0;0;0;0
FR;9;2021-03-16;0;0;0;0;0;0;0;0;0;0;0;0;0;0;0;0;0;0
FR;9;2021-03-17;0;0;0;0;0;0;0;0;0;0;0;0;0;0;0;0;0;0
FR;9;2021-03-18;0;0;0;0;0;0;0;0;0;0;0;0;0;0;0;0;0;0
FR;9;2021-03-19;0;0;0;0;0;0;0;0;0;0;0;0;0;0;0;0;0;0
FR;9;2021-03-20;0;0;0;0;0;0;0;0;0;0;0;0;0;0;0;0;0;0
FR;9;2021-03-21;0;0;0;0;0;0;0;0;0;0;0;0;0;0;0;0;0;0
FR;9;2021-03-22;0;0;0;0;0;0;0;0;0;0;0;0;0;0;0;0;0;0
FR;9;2021-03-23;0;0;0;0;0;0;0;0;0;0;0;0;0;0;0;0;0;0
FR;9;2021-03-24;0;0;0;0;0;0;0;0;0;0;0;0;0;0;0;0;0;0
FR;9;2021-03-25;0;0;0;0;0;0;0;0;0;0;0;0;0;0;0;0;0;0
FR;9;2021-03-26;0;0;0;0;0;0;0;0;0;0;0;0;0;0;0;0;0;0
FR;9;2021-03-27;0;0;0;0;0;0;0;0;0;0;0;0;0;0;0;0;0;0
FR;9;2021-03-28;0;0;0;0;0;0;0;0;0;0;0;0;0;0;0;0;0;0
FR;9;2021-03-29;0;0;0;0;0;0;0;0;0;0;0;0;0;0;0;0;0;0
FR;9;2021-03-30;0;0;0;0;0;0;0;0;0;0;0;0;0;0;0;0;0;0
FR;9;2021-03-31;0;0;0;0;0;0;0;0;0;0;0;0;0;0;0;0;0;0
FR;9;2021-04-01;0;0;0;0;0;0;0;0;0;0;0;0;0;0;0;0;0;0
FR;9;2021-04-02;0;0;0;0;0;0;0;0;0;0;0;0;0;0;0;0;0;0
FR;9;2021-04-03;0;0;0;0;0;0;0;0;0;0;0;0;0;0;0;0;0;0
FR;9;2021-04-04;0;0;0;0;0;0;0;0;0;0;0;0;0;0;0;0;0;0
FR;9;2021-04-05;0;0;0;0;0;0;0;0;0;0;0;0;0;0;0;0;0;0
FR;9;2021-04-06;0;0;0;0;0;0;0;0;0;0;0;0;0;0;0;0;0;0
FR;9;2021-04-07;0;0;0;0;0;0;0;0;0;0;0;0;0;0;0;0;0;0
FR;9;2021-04-08;0;0;0;0;0;0;0;0;0;0;0;0;0;0;0;0;0;0
FR;9;2021-04-09;0;0;0;0;0;0;0;0;0;0;0;0;0;0;0;0;0;0
FR;9;2021-04-10;0;0;0;0;0;0;0;0;0;0;0;0;0;0;0;0;0;0
FR;9;2021-04-11;0;0;0;0;0;0;0;0;0;0;0;0;0;0;0;0;0;0
FR;9;2021-04-12;0;0;0;0;0;0;0;0;0;0;0;0;0;0;0;0;0;0
FR;9;2021-04-13;0;0;0;0;0;0;0;0;0;0;0;0;0;0;0;0;0;0
FR;9;2021-04-14;0;0;0;0;0;0;0;0;0;0;0;0;0;0;0;0;0;0
FR;9;2021-04-15;0;0;0;0;0;0;0;0;0;0;0;0;0;0;0;0;0;0
FR;9;2021-04-16;0;0;0;0;0;0;0;0;0;0;0;0;0;0;0;0;0;0
FR;9;2021-04-17;0;0;0;0;0;0;0;0;0;0;0;0;0;0;0;0;0;0
FR;9;2021-04-18;0;0;0;0;0;0;0;0;0;0;0;0;0;0;0;0;0;0
FR;9;2021-04-19;0;0;0;0;0;0;0;0;0;0;0;0;0;0;0;0;0;0
FR;9;2021-04-20;0;0;0;0;0;0;0;0;0;0;0;0;0;0;0;0;0;0
FR;9;2021-04-21;0;0;0;0;0;0;0;0;0;0;0;0;0;0;0;0;0;0
FR;9;2021-04-22;0;0;0;0;0;0;0;0;0;0;0;0;0;0;0;0;0;0
FR;9;2021-04-23;0;0;0;0;0;0;0;0;0;0;0;0;0;0;0;0;0;0
FR;9;2021-04-24;0;0;0;0;0;0;0;0;0;0;0;0;0;0;0;0;0;0
FR;9;2021-04-25;0;0;0;0;0;0;0;0;0;0;0;0;0;0;0;0;0;0
FR;9;2021-04-26;0;0;0;0;0;0;0;0;0;0;0;0;0;0;0;0;0;0
FR;9;2021-04-27;0;0;0;0;0;0;0;0;0;0;0;0;0;0;0;0;0;0
FR;9;2021-04-28;0;0;0;0;0;0;0;0;0;0;0;0;0;0;0;0;0;0
FR;9;2021-04-29;0;0;0;0;0;0;0;0;0;0;0;0;0;0;0;0;0;0
FR;9;2021-04-30;0;0;0;0;0;0;0;0;0;0;0;0;0;0;0;0;0;0
FR;9;2021-05-01;0;0;0;0;0;0;0;0;0;0;0;0;0;0;0;0;0;0
FR;9;2021-05-02;0;0;0;0;0;0;0;0;0;0;0;0;0;0;0;0;0;0
FR;9;2021-05-03;0;0;0;0;0;0;0;0;0;0;0;0;0;0;0;0;0;0
FR;9;2021-05-04;0;0;0;0;0;0;0;0;0;0;0;0;0;0;0;0;0;0
FR;9;2021-05-05;0;0;0;0;0;0;0;0;0;0;0;0;0;0;0;0;0;0
FR;9;2021-05-06;0;0;0;0;0;0;0;0;0;0;0;0;0;0;0;0;0;0
FR;9;2021-05-07;0;0;0;0;0;0;0;0;0;0;0;0;0;0;0;0;0;0
FR;9;2021-05-08;0;0;0;0;0;0;0;0;0;0;0;0;0;0;0;0;0;0
FR;9;2021-05-09;0;0;0;0;0;0;0;0;0;0;0;0;0;0;0;0;0;0
FR;9;2021-05-10;0;0;0;0;0;0;0;0;0;0;0;0;0;0;0;0;0;0
FR;9;2021-05-11;0;0;0;0;0;0;0;0;0;0;0;0;0;0;0;0;0;0
FR;9;2021-05-12;0;0;0;0;0;0;0;0;0;0;0;0;0;0;0;0;0;0
FR;9;2021-05-13;0;0;0;0;0;0;0;0;0;0;0;0;0;0;0;0;0;0
FR;9;2021-05-14;0;0;0;0;0;0;0;0;0;0;0;0;0;0;0;0;0;0
FR;9;2021-05-15;0;0;0;0;0;0;0;0;0;0;0;0;0;0;0;0;0;0
FR;9;2021-05-16;0;0;0;0;0;0;0;0;0;0;0;0;0;0;0;0;0;0
FR;9;2021-05-17;0;0;0;0;0;0;0;0;0;0;0;0;0;0;0;0;0;0
FR;9;2021-05-18;0;0;0;0;0;0;0;0;0;0;0;0;0;0;0;0;0;0
FR;9;2021-05-19;0;0;0;0;0;0;0;0;0;0;0;0;0;0;0;0;0;0
FR;9;2021-05-20;0;0;0;0;0;0;0;0;0;0;0;0;0;0;0;0;0;0
FR;9;2021-05-21;0;0;0;0;0;0;0;0;0;0;0;0;0;0;0;0;0;0
FR;9;2021-05-22;0;0;0;0;0;0;0;0;0;0;0;0;0;0;0;0;0;0
FR;9;2021-05-23;0;0;0;0;0;0;0;0;0;0;0;0;0;0;0;0;0;0
FR;9;2021-05-24;0;0;0;0;0;0;0;0;0;0;0;0;0;0;0;0;0;0
FR;9;2021-05-25;0;0;0;0;0;0;0;0;0;0;0;0;0;0;0;0;0;0
FR;9;2021-05-26;0;0;0;0;0;0;0;0;0;0;0;0;0;0;0;0;0;0
FR;9;2021-05-27;0;0;0;0;0;0;0;0;0;0;0;0;0;0;0;0;0;0
FR;9;2021-05-28;0;0;0;0;0;0;0;0;0;0;0;0;0;0;0;0;0;0
FR;9;2021-05-29;0;0;0;0;0;0;0;0;0;0;0;0;0;0;0;0;0;0
FR;9;2021-05-30;0;0;0;0;0;0;0;0;0;0;0;0;0;0;0;0;0;0
FR;9;2021-05-31;0;0;0;0;0;0;0;0;0;0;0;0;0;0;0;0;0;0
FR;9;2021-06-01;0;0;0;0;0;0;0;0;0;0;0;0;0;0;0;0;0;0
FR;9;2021-06-02;0;0;0;0;0;0;0;0;0;0;0;0;0;0;0;0;0;0
FR;9;2021-06-03;0;0;0;0;0;0;0;0;0;0;0;0;0;0;0;0;0;0
FR;9;2021-06-04;0;0;0;0;0;0;0;0;0;0;0;0;0;0;0;0;0;0
FR;9;2021-06-05;0;0;0;0;0;0;0;0;0;0;0;0;0;0;0;0;0;0
FR;9;2021-06-06;0;0;0;0;0;0;0;0;0;0;0;0;0;0;0;0;0;0
FR;9;2021-06-07;0;0;0;0;0;0;0;0;0;0;0;0;0;0;0;0;0;0
FR;9;2021-06-08;0;0;0;0;0;0;0;0;0;0;0;0;0;0;0;0;0;0
FR;9;2021-06-09;0;0;0;0;0;0;0;0;0;0;0;0;0;0;0;0;0;0
FR;9;2021-06-10;0;0;0;0;0;0;0;0;0;0;0;0;0;0;0;0;0;0
FR;9;2021-06-11;0;0;0;0;0;0;0;0;0;0;0;0;0;0;0;0;0;0
FR;9;2021-06-12;0;0;0;0;0;0;0;0;0;0;0;0;0;0;0;0;0;0
FR;9;2021-06-13;0;0;0;0;0;0;0;0;0;0;0;0;0;0;0;0;0;0
FR;9;2021-06-14;0;0;0;0;0;0;0;0;0;0;0;0;0;0;0;0;0;0
FR;9;2021-06-15;0;0;0;0;0;0;0;0;0;0;0;0;0;0;0;0;0;0
FR;9;2021-06-16;0;0;0;0;0;0;0;0;0;0;0;0;0;0;0;0;0;0
FR;9;2021-06-17;0;0;0;0;0;0;0;0;0;0;0;0;0;0;0;0;0;0
FR;9;2021-06-18;0;0;0;0;0;0;0;0;0;0;0;0;0;0;0;0;0;0
FR;9;2021-06-19;0;0;0;0;0;0;0;0;0;0;0;0;0;0;0;0;0;0
FR;9;2021-06-20;0;0;0;0;0;0;0;0;0;0;0;0;0;0;0;0;0;0
FR;9;2021-06-21;0;0;0;0;0;0;0;0;0;0;0;0;0;0;0;0;0;0
FR;9;2021-06-22;0;0;0;0;0;0;0;0;0;0;0;0;0;0;0;0;0;0
FR;9;2021-06-23;0;0;0;0;0;0;0;0;0;0;0;0;0;0;0;0;0;0
FR;9;2021-06-24;0;0;0;0;0;0;0;0;0;0;0;0;0;0;0;0;0;0
FR;9;2021-06-25;0;0;0;0;0;0;0;0;0;0;0;0;0;0;0;0;0;0
FR;9;2021-06-26;0;0;0;0;0;0;0;0;0;0;0;0;0;0;0;0;0;0
FR;9;2021-06-27;0;0;0;0;0;0;0;0;0;0;0;0;0;0;0;0;0;0
FR;9;2021-06-28;0;0;0;0;0;0;0;0;0;0;0;0;0;0;0;0;0;0
FR;9;2021-06-29;0;0;0;0;0;0;0;0;0;0;0;0;0;0;0;0;0;0
FR;9;2021-06-30;0;0;0;0;0;0;0;0;0;0;0;0;0;0;0;0;0;0
FR;9;2021-07-01;0;0;0;0;0;0;0;0;0;0;0;0;0;0;0;0;0;0
FR;9;2021-07-02;0;0;0;0;0;0;0;0;0;0;0;0;0;0;0;0;0;0
FR;9;2021-07-03;0;0;0;0;0;0;0;0;0;0;0;0;0;0;0;0;0;0
FR;9;2021-07-04;0;0;0;0;0;0;0;0;0;0;0;0;0;0;0;0;0;0
FR;9;2021-07-05;0;0;0;0;0;0;0;0;0;0;0;0;0;0;0;0;0;0
FR;9;2021-07-06;0;0;0;0;0;0;0;0;0;0;0;0;0;0;0;0;0;0
FR;9;2021-07-07;0;0;0;0;0;0;0;0;0;0;0;0;0;0;0;0;0;0
FR;9;2021-07-08;0;0;0;0;0;0;0;0;0;0;0;0;0;0;0;0;0;0
FR;9;2021-07-09;0;0;0;0;0;0;0;0;0;0;0;0;0;0;0;0;0;0
FR;9;2021-07-10;0;0;0;0;0;0;0;0;0;0;0;0;0;0;0;0;0;0
FR;9;2021-07-11;0;0;0;0;0;0;0;0;0;0;0;0;0;0;0;0;0;0
FR;9;2021-07-12;0;0;0;0;0;0;0;0;0;0;0;0;0;0;0;0;0;0
FR;9;2021-07-13;0;0;0;0;0;0;0;0;0;0;0;0;0;0;0;0;0;0
FR;9;2021-07-14;0;0;0;0;0;0;0;0;0;0;0;0;0;0;0;0;0;0
FR;9;2021-07-15;0;0;0;0;0;0;0;0;0;0;0;0;0;0;0;0;0;0
FR;9;2021-07-16;0;0;0;0;0;0;0;0;0;0;0;0;0;0;0;0;0;0
FR;9;2021-07-17;0;0;0;0;0;0;0;0;0;0;0;0;0;0;0;0;0;0
FR;9;2021-07-18;0;0;0;0;0;0;0;0;0;0;0;0;0;0;0;0;0;0
FR;9;2021-07-19;0;0;0;0;0;0;0;0;0;0;0;0;0;0;0;0;0;0
FR;9;2021-07-20;0;0;0;0;0;0;0;0;0;0;0;0;0;0;0;0;0;0
FR;9;2021-07-21;0;0;0;0;0;0;0;0;0;0;0;0;0;0;0;0;0;0
FR;9;2021-07-22;0;0;0;0;0;0;0;0;0;0;0;0;0;0;0;0;0;0
FR;9;2021-07-23;0;0;0;0;0;0;0;0;0;0;0;0;0;0;0;0;0;0
FR;9;2021-07-24;0;0;0;0;0;0;0;0;0;0;0;0;0;0;0;0;0;0
FR;9;2021-07-25;0;0;0;0;0;0;0;0;0;0;0;0;0;0;0;0;0;0
FR;9;2021-07-26;0;0;0;0;0;0;0;0;0;0;0;0;0;0;0;0;0;0
FR;9;2021-07-27;0;0;0;0;0;0;0;0;0;0;0;0;0;0;0;0;0;0
FR;9;2021-07-28;0;0;0;0;0;0;0;0;0;0;0;0;0;0;0;0;0;0
FR;9;2021-07-29;0;0;0;0;0;0;0;0;0;0;0;0;0;0;0;0;0;0
FR;9;2021-07-30;0;0;0;0;0;0;0;0;0;0;0;0;0;0;0;0;0;0
FR;9;2021-07-31;0;0;0;0;0;0;0;0;0;0;0;0;0;0;0;0;0;0
FR;9;2021-08-01;0;0;0;0;0;0;0;0;0;0;0;0;0;0;0;0;0;0
FR;9;2021-08-02;0;0;0;0;0;0;0;0;0;0;0;0;0;0;0;0;0;0
FR;9;2021-08-03;0;0;0;0;0;0;0;0;0;0;0;0;0;0;0;0;0;0
FR;9;2021-08-04;0;0;0;0;0;0;0;0;0;0;0;0;0;0;0;0;0;0
FR;9;2021-08-05;0;0;0;0;0;0;0;0;0;0;0;0;0;0;0;0;0;0
FR;9;2021-08-06;0;0;0;0;0;0;0;0;0;0;0;0;0;0;0;0;0;0
FR;9;2021-08-07;0;0;0;0;0;0;0;0;0;0;0;0;0;0;0;0;0;0
FR;9;2021-08-08;0;0;0;0;0;0;0;0;0;0;0;0;0;0;0;0;0;0
FR;9;2021-08-09;0;0;0;0;0;0;0;0;0;0;0;0;0;0;0;0;0;0
FR;9;2021-08-10;0;0;0;0;0;0;0;0;0;0;0;0;0;0;0;0;0;0
FR;9;2021-08-11;0;0;0;0;0;0;0;0;0;0;0;0;0;0;0;0;0;0
FR;9;2021-08-12;0;0;0;0;0;0;0;0;0;0;0;0;0;0;0;0;0;0
FR;9;2021-08-13;0;0;0;0;0;0;0;0;0;0;0;0;0;0;0;0;0;0
FR;9;2021-08-14;0;0;0;0;0;0;0;0;0;0;0;0;0;0;0;0;0;0
FR;9;2021-08-15;0;0;0;0;0;0;0;0;0;0;0;0;0;0;0;0;0;0
FR;9;2021-08-16;0;0;0;0;0;0;0;0;0;0;0;0;0;0;0;0;0;0
FR;9;2021-08-17;0;0;0;0;0;0;0;0;0;0;0;0;0;0;0;0;0;0
FR;9;2021-08-18;0;0;0;0;0;0;0;0;0;0;0;0;0;0;0;0;0;0
FR;9;2021-08-19;0;0;0;0;0;0;0;0;0;0;0;0;0;0;0;0;0;0
FR;9;2021-08-20;0;0;0;0;0;0;0;0;0;0;0;0;0;0;0;0;0;0
FR;9;2021-08-21;0;0;0;0;0;0;0;0;0;0;0;0;0;0;0;0;0;0
FR;9;2021-08-22;0;0;0;0;0;0;0;0;0;0;0;0;0;0;0;0;0;0
FR;9;2021-08-23;0;0;0;0;0;0;0;0;0;0;0;0;0;0;0;0;0;0
FR;9;2021-08-24;0;0;0;0;0;0;0;0;0;0;0;0;0;0;0;0;0;0
FR;9;2021-08-25;0;0;0;0;0;0;0;0;0;0;0;0;0;0;0;0;0;0
FR;9;2021-08-26;0;0;0;0;0;0;0;0;0;0;0;0;0;0;0;0;0;0
FR;9;2021-08-27;0;0;0;0;0;0;0;0;0;0;0;0;0;0;0;0;0;0
FR;9;2021-08-28;0;0;0;0;0;0;0;0;0;0;0;0;0;0;0;0;0;0
FR;9;2021-08-29;0;0;0;0;0;0;0;0;0;0;0;0;0;0;0;0;0;0
FR;9;2021-08-30;0;0;0;0;0;0;0;0;0;0;0;0;0;0;0;0;0;0
FR;9;2021-08-31;0;0;0;0;0;0;0;0;0;0;0;0;0;0;0;0;0;0
FR;9;2021-09-01;0;0;0;0;0;0;0;0;0;0;0;0;0;0;0;0;0;0
FR;9;2021-09-02;0;0;0;0;0;0;0;0;0;0;0;0;0;0;0;0;0;0
FR;9;2021-09-03;0;0;0;0;0;0;0;0;0;0;0;0;0;0;0;0;0;0
FR;9;2021-09-04;0;0;0;0;0;0;0;0;0;0;0;0;0;0;0;0;0;0
FR;9;2021-09-05;0;0;0;0;0;0;0;0;0;0;0;0;0;0;0;0;0;0
FR;9;2021-09-06;0;0;0;0;0;0;0;0;0;0;0;0;0;0;0;0;0;0
FR;9;2021-09-07;0;0;0;0;0;0;0;0;0;0;0;0;0;0;0;0;0;0
FR;9;2021-09-08;0;0;0;0;0;0;0;0;0;0;0;0;0;0;0;0;0;0
FR;9;2021-09-09;0;0;0;0;0;0;0;0;0;0;0;0;0;0;0;0;0;0
FR;9;2021-09-10;0;0;0;0;0;0;0;0;0;0;0;0;0;0;0;0;0;0
FR;9;2021-09-11;0;0;0;0;0;0;0;0;0;0;0;0;0;0;0;0;0;0
FR;9;2021-09-12;0;0;0;0;0;0;0;0;0;0;0;0;0;0;0;0;0;0
FR;9;2021-09-13;0;0;0;0;0;0;0;0;0;0;0;0;0;0;0;0;0;0
FR;9;2021-09-14;0;0;0;0;0;0;0;0;0;0;0;0;0;0;0;0;0;0
FR;9;2021-09-15;0;0;0;0;0;0;0;0;0;0;0;0;0;0;0;0;0;0
FR;9;2021-09-16;0;0;0;0;0;0;0;0;0;0;0;0;0;0;0;0;0;0
FR;9;2021-09-17;0;0;0;0;0;0;0;0;0;0;0;0;0;0;0;0;0;0
FR;9;2021-09-18;0;0;0;0;0;0;0;0;0;0;0;0;0;0;0;0;0;0
FR;9;2021-09-19;0;0;0;0;0;0;0;0;0;0;0;0;0;0;0;0;0;0
FR;9;2021-09-20;0;0;0;0;0;0;0;0;0;0;0;0;0;0;0;0;0;0
FR;9;2021-09-21;0;0;0;0;0;0;0;0;0;0;0;0;0;0;0;0;0;0
FR;9;2021-09-22;0;0;0;0;0;0;0;0;0;0;0;0;0;0;0;0;0;0
FR;9;2021-09-23;0;0;0;0;0;0;0;0;0;0;0;0;0;0;0;0;0;0
FR;9;2021-09-24;0;0;0;0;0;0;0;0;0;0;0;0;0;0;0;0;0;0
FR;9;2021-09-25;0;0;0;0;0;0;0;0;0;0;0;0;0;0;0;0;0;0
FR;9;2021-09-26;0;0;0;0;0;0;0;0;0;0;0;0;0;0;0;0;0;0
FR;9;2021-09-27;0;0;0;0;0;0;0;0;0;0;0;0;0;0;0;0;0;0
FR;9;2021-09-28;0;0;0;0;0;0;0;0;0;0;0;0;0;0;0;0;0;0
FR;9;2021-09-29;0;0;0;0;0;0;0;0;0;0;0;0;0;0;0;0;0;0
FR;9;2021-09-30;0;0;0;0;0;0;0;0;0;0;0;0;0;0;0;0;0;0
FR;9;2021-10-01;0;0;0;0;0;0;0;0;0;0;0;0;0;0;0;0;0;0
FR;9;2021-10-02;0;0;0;0;0;0;0;0;0;0;0;0;0;0;0;0;0;0
FR;9;2021-10-03;0;0;0;0;0;0;0;0;0;0;0;0;0;0;0;0;0;0
FR;9;2021-10-04;0;0;0;0;0;0;0;0;0;0;0;0;0;0;0;0;0;0
FR;9;2021-10-05;0;0;0;0;0;0;0;0;0;0;0;0;0;0;0;0;0;0
FR;9;2021-10-06;0;0;0;0;0;0;0;0;0;0;0;0;0;0;0;0;0;0
FR;9;2021-10-07;0;0;0;0;0;0;0;0;0;0;0;0;0;0;0;0;0;0
FR;9;2021-10-08;0;0;0;0;0;0;0;0;0;0;0;0;0;0;0;0;0;0
FR;9;2021-10-09;0;0;0;0;0;0;0;0;0;0;0;0;0;0;0;0;0;0
FR;9;2021-10-10;0;0;0;0;0;0;0;0;0;0;0;0;0;0;0;0;0;0
FR;9;2021-10-11;0;0;0;0;0;0;0;0;0;0;0;0;0;0;0;0;0;0
FR;9;2021-10-12;0;0;0;0;0;0;0;0;0;0;0;0;0;0;0;0;0;0
FR;9;2021-10-13;0;0;0;0;0;0;0;0;0;0;0;0;0;0;0;0;0;0
FR;9;2021-10-14;0;0;0;0;0;0;0;0;0;0;0;0;0;0;0;0;0;0
FR;9;2021-10-15;0;0;0;0;0;0;0;0;0;0;0;0;0;0;0;0;0;0
FR;9;2021-10-16;0;0;0;0;0;0;0;0;0;0;0;0;0;0;0;0;0;0
FR;9;2021-10-17;0;0;0;0;0;0;0;0;0;0;0;0;0;0;0;0;0;0
FR;9;2021-10-18;0;0;0;0;0;0;0;0;0;0;0;0;0;0;0;0;0;0
FR;9;2021-10-19;0;0;0;0;0;0;0;0;0;0;0;0;0;0;0;0;0;0
FR;9;2021-10-20;0;0;0;0;0;0;0;0;0;0;0;0;0;0;0;0;0;0
FR;9;2021-10-21;0;0;0;0;0;0;0;0;0;0;0;0;0;0;0;0;0;0
FR;9;2021-10-22;0;0;0;0;0;0;0;0;0;0;0;0;0;0;0;0;0;0
FR;9;2021-10-23;0;0;0;0;0;0;0;0;0;0;0;0;0;0;0;0;0;0
FR;9;2021-10-24;0;0;0;0;0;0;0;0;0;0;0;0;0;0;0;0;0;0
FR;9;2021-10-25;0;0;0;0;0;0;0;0;0;0;0;0;0;0;0;0;0;0
FR;9;2021-10-26;0;0;0;0;0;0;0;0;0;0;0;0;0;0;0;0;0;0
FR;9;2021-10-27;0;0;0;0;0;0;0;0;0;0;0;0;0;0;0;0;0;0
FR;9;2021-10-28;0;0;0;0;0;0;0;0;0;0;0;0;0;0;0;0;0;0
FR;9;2021-10-29;0;0;0;0;0;0;0;0;0;0;0;0;0;0;0;0;0;0
FR;9;2021-10-30;0;0;0;0;0;0;0;0;0;0;0;0;0;0;0;0;0;0
FR;9;2021-10-31;0;0;0;0;0;0;0;0;0;0;0;0;0;0;0;0;0;0
FR;9;2021-11-01;0;0;0;0;0;0;0;0;0;0;0;0;0;0;0;0;0;0
FR;9;2021-11-02;0;0;0;0;0;0;0;0;0;0;0;0;0;0;0;0;0;0
FR;9;2021-11-03;0;0;0;0;0;0;0;0;0;0;0;0;0;0;0;0;0;0
FR;9;2021-11-04;0;0;0;0;0;0;0;0;0;0;0;0;0;0;0;0;0;0
FR;9;2021-11-05;0;0;0;0;0;0;0;0;0;0;0;0;0;0;0;0;0;0
FR;9;2021-11-06;0;0;0;0;0;0;0;0;0;0;0;0;0;0;0;0;0;0
FR;9;2021-11-07;0;0;0;0;0;0;0;0;0;0;0;0;0;0;0;0;0;0
FR;9;2021-11-08;0;0;0;0;0;0;0;0;0;0;0;0;0;0;0;0;0;0
FR;9;2021-11-09;0;0;0;0;0;0;0;0;0;0;0;0;0;0;0;0;0;0
FR;9;2021-11-10;0;0;0;0;0;0;0;0;0;0;0;0;0;0;0;0;0;0
FR;9;2021-11-11;0;0;0;0;0;0;0;0;0;0;0;0;0;0;0;0;0;0
FR;9;2021-11-12;0;0;0;0;0;0;0;0;0;0;0;0;0;0;0;0;0;0
FR;9;2021-11-13;0;0;0;0;0;0;0;0;0;0;0;0;0;0;0;0;0;0
FR;9;2021-11-14;0;0;0;0;0;0;0;0;0;0;0;0;0;0;0;0;0;0
FR;9;2021-11-15;0;0;0;0;0;0;0;0;0;0;0;0;0;0;0;0;0;0
FR;9;2021-11-16;0;0;0;0;0;0;0;0;0;0;0;0;0;0;0;0;0;0
FR;9;2021-11-17;0;0;0;0;0;0;0;0;0;0;0;0;0;0;0;0;0;0
FR;9;2021-11-18;0;0;0;0;0;0;0;0;0;0;0;0;0;0;0;0;0;0
FR;9;2021-11-19;0;0;0;0;0;0;0;0;0;0;0;0;0;0;0;0;0;0
FR;9;2021-11-20;0;0;0;0;0;0;0;0;0;0;0;0;0;0;0;0;0;0
FR;9;2021-11-21;0;0;0;0;0;0;0;0;0;0;0;0;0;0;0;0;0;0
FR;9;2021-11-22;0;0;0;0;0;0;0;0;0;0;0;0;0;0;0;0;0;0
FR;9;2021-11-23;0;0;0;0;0;0;0;0;0;0;0;0;0;0;0;0;0;0
FR;9;2021-11-24;0;0;0;0;0;0;0;0;0;0;0;0;0;0;0;0;0;0
FR;9;2021-11-25;0;0;0;0;0;0;0;0;0;0;0;0;0;0;0;0;0;0
FR;9;2021-11-26;0;0;0;0;0;0;0;0;0;0;0;0;0;0;0;0;0;0
FR;9;2021-11-27;0;0;0;0;0;0;0;0;0;0;0;0;0;0;0;0;0;0
FR;9;2021-11-28;0;0;0;0;0;0;0;0;0;0;0;0;0;0;0;0;0;0
FR;9;2021-11-29;0;0;0;0;0;0;0;0;0;0;0;0;0;0;0;0;0;0
FR;9;2021-11-30;0;0;0;0;0;0;0;0;0;0;0;0;0;0;0;0;0;0
FR;9;2021-12-01;0;0;0;0;0;0;0;0;0;0;0;0;0;0;0;0;0;0
FR;9;2021-12-02;0;0;0;0;0;0;0;0;0;0;0;0;0;0;0;0;0;0
FR;9;2021-12-03;0;0;0;0;0;0;0;0;0;0;0;0;0;0;0;0;0;0
FR;9;2021-12-04;0;0;0;0;0;0;0;0;0;0;0;0;0;0;0;0;0;0
FR;9;2021-12-05;0;0;0;0;0;0;0;0;0;0;0;0;0;0;0;0;0;0
FR;9;2021-12-06;0;0;0;0;0;0;0;0;0;0;0;0;0;0;0;0;0;0
FR;9;2021-12-07;0;0;0;0;0;0;0;0;0;0;0;0;0;0;0;0;0;0
FR;9;2021-12-08;0;0;0;0;0;0;0;0;0;0;0;0;0;0;0;0;0;0
FR;9;2021-12-09;0;0;0;0;0;0;0;0;0;0;0;0;0;0;0;0;0;0
FR;9;2021-12-10;0;0;0;0;0;0;0;0;0;0;0;0;0;0;0;0;0;0
FR;9;2021-12-11;0;0;0;0;0;0;0;0;0;0;0;0;0;0;0;0;0;0
FR;9;2021-12-12;0;0;0;0;0;0;0;0;0;0;0;0;0;0;0;0;0;0
FR;9;2021-12-13;0;0;0;0;0;0;0;0;0;0;0;0;0;0;0;0;0;0
FR;9;2021-12-14;0;0;0;0;0;0;0;0;0;0;0;0;0;0;0;0;0;0
FR;9;2021-12-15;0;0;0;0;0;0;0;0;0;0;0;0;0;0;0;0;0;0
FR;9;2021-12-16;0;0;0;0;0;0;0;0;0;0;0;0;0;0;0;0;0;0
FR;9;2021-12-17;0;0;0;0;0;0;0;0;0;0;0;0;0;0;0;0;0;0
FR;9;2021-12-18;0;0;0;0;0;0;0;0;0;0;0;0;0;0;0;0;0;0
FR;9;2021-12-19;0;0;0;0;0;0;0;0;0;0;0;0;0;0;0;0;0;0
FR;9;2021-12-20;0;0;0;0;0;0;0;0;0;0;0;0;0;0;0;0;0;0
FR;9;2021-12-21;0;0;0;0;0;0;0;0;0;0;0;0;0;0;0;0;0;0
FR;9;2021-12-22;0;0;0;0;0;0;0;0;0;0;0;0;0;0;0;0;0;0
FR;9;2021-12-23;0;0;0;0;0;0;0;0;0;0;0;0;0;0;0;0;0;0
FR;9;2021-12-24;0;0;0;0;0;0;0;0;0;0;0;0;0;0;0;0;0;0
FR;9;2021-12-25;0;0;0;0;0;0;0;0;0;0;0;0;0;0;0;0;0;0
FR;9;2021-12-26;0;0;0;0;0;0;0;0;0;0;0;0;0;0;0;0;0;0
FR;9;2021-12-27;0;0;0;0;0;0;0;0;0;0;0;0;0;0;0;0;0;0
FR;9;2021-12-28;0;0;0;0;0;0;0;0;0;0;0;0;0;0;0;0;0;0
FR;9;2021-12-29;0;0;0;0;0;0;0;0;0;0;0;0;0;0;0;0;0;0
FR;9;2021-12-30;0;0;0;0;0;0;0;0;0;0;0;0;0;0;0;0;0;0
FR;9;2021-12-31;0;0;0;0;0;0;0;0;0;0;0;0;0;0;0;0;0;0
FR;9;2022-01-01;0;0;0;0;0;0;0;0;0;0;0;0;0;0;0;0;0;0
FR;9;2022-01-02;0;0;0;0;0;0;0;0;0;0;0;0;0;0;0;0;0;0
FR;9;2022-01-03;0;0;0;0;0;0;0;0;0;0;0;0;0;0;0;0;0;0
FR;9;2022-01-04;0;0;0;0;0;0;0;0;0;0;0;0;0;0;0;0;0;0
FR;9;2022-01-05;0;0;0;0;0;0;0;0;0;0;0;0;0;0;0;0;0;0
FR;9;2022-01-06;0;0;0;0;0;0;0;0;0;0;0;0;0;0;0;0;0;0
FR;9;2022-01-07;0;0;0;0;0;0;0;0;0;0;0;0;0;0;0;0;0;0
FR;9;2022-01-08;0;0;0;0;0;0;0;0;0;0;0;0;0;0;0;0;0;0
FR;9;2022-01-09;0;0;0;0;0;0;0;0;0;0;0;0;0;0;0;0;0;0
FR;9;2022-01-10;0;0;0;0;0;0;0;0;0;0;0;0;0;0;0;0;0;0
FR;9;2022-01-11;0;0;0;0;0;0;0;0;0;0;0;0;0;0;0;0;0;0
FR;9;2022-01-12;0;0;0;0;0;0;0;0;0;0;0;0;0;0;0;0;0;0
FR;9;2022-01-13;0;0;0;0;0;0;0;0;0;0;0;0;0;0;0;0;0;0
FR;9;2022-01-14;0;0;0;0;0;0;0;0;0;0;0;0;0;0;0;0;0;0
FR;9;2022-01-15;0;0;0;0;0;0;0;0;0;0;0;0;0;0;0;0;0;0
FR;9;2022-01-16;0;0;0;0;0;0;0;0;0;0;0;0;0;0;0;0;0;0
FR;9;2022-01-17;0;0;0;0;0;0;0;0;0;0;0;0;0;0;0;0;0;0
FR;9;2022-01-18;0;0;0;0;0;0;0;0;0;0;0;0;0;0;0;0;0;0
FR;9;2022-01-19;0;0;0;0;0;0;0;0;0;0;0;0;0;0;0;0;0;0
FR;9;2022-01-20;0;0;0;0;0;0;0;0;0;0;0;0;0;0;0;0;0;0
FR;9;2022-01-21;0;0;0;0;0;0;0;0;0;0;0;0;0;0;0;0;0;0
FR;9;2022-01-22;0;0;0;0;0;0;0;0;0;0;0;0;0;0;0;0;0;0
FR;9;2022-01-23;0;0;0;0;0;0;0;0;0;0;0;0;0;0;0;0;0;0
FR;9;2022-01-24;0;0;0;0;0;0;0;0;0;0;0;0;0;0;0;0;0;0
FR;9;2022-01-25;0;0;0;0;0;0;0;0;0;0;0;0;0;0;0;0;0;0
FR;9;2022-01-26;0;0;0;0;0;0;0;0;0;0;0;0;0;0;0;0;0;0
FR;9;2022-01-27;0;0;0;0;0;0;0;0;0;0;0;0;0;0;0;0;0;0
FR;9;2022-01-28;0;0;0;0;0;0;0;0;0;0;0;0;0;0;0;0;0;0
FR;9;2022-01-29;0;0;0;0;0;0;0;0;0;0;0;0;0;0;0;0;0;0
FR;9;2022-01-30;0;0;0;0;0;0;0;0;0;0;0;0;0;0;0;0;0;0
FR;9;2022-01-31;0;0;0;0;0;0;0;0;0;0;0;0;0;0;0;0;0;0
FR;9;2022-02-01;0;0;0;0;0;0;0;0;0;0;0;0;0;0;0;0;0;0
FR;9;2022-02-02;0;0;0;0;0;0;0;0;0;0;0;0;0;0;0;0;0;0
FR;9;2022-02-03;0;0;0;0;0;0;0;0;0;0;0;0;0;0;0;0;0;0
FR;9;2022-02-04;0;0;0;0;0;0;0;0;0;0;0;0;0;0;0;0;0;0
FR;9;2022-02-05;0;0;0;0;0;0;0;0;0;0;0;0;0;0;0;0;0;0
FR;9;2022-02-06;0;0;0;0;0;0;0;0;0;0;0;0;0;0;0;0;0;0
FR;9;2022-02-07;0;0;0;0;0;0;0;0;0;0;0;0;0;0;0;0;0;0
FR;9;2022-02-08;0;0;0;0;0;0;0;0;0;0;0;0;0;0;0;0;0;0
FR;9;2022-02-09;0;0;0;0;0;0;0;0;0;0;0;0;0;0;0;0;0;0
FR;9;2022-02-10;0;0;0;0;0;0;0;0;0;0;0;0;0;0;0;0;0;0
FR;9;2022-02-11;0;0;0;0;0;0;0;0;0;0;0;0;0;0;0;0;0;0
FR;9;2022-02-12;0;0;0;0;0;0;0;0;0;0;0;0;0;0;0;0;0;0
FR;9;2022-02-13;0;0;0;0;0;0;0;0;0;0;0;0;0;0;0;0;0;0
FR;9;2022-02-14;0;0;0;0;0;0;0;0;0;0;0;0;0;0;0;0;0;0
FR;9;2022-02-15;0;0;0;0;0;0;0;0;0;0;0;0;0;0;0;0;0;0
FR;9;2022-02-16;0;0;0;0;0;0;0;0;0;0;0;0;0;0;0;0;0;0
FR;9;2022-02-17;0;0;0;0;0;0;0;0;0;0;0;0;0;0;0;0;0;0
FR;9;2022-02-18;0;0;0;0;0;0;0;0;0;0;0;0;0;0;0;0;0;0
FR;9;2022-02-19;0;0;0;0;0;0;0;0;0;0;0;0;0;0;0;0;0;0
FR;9;2022-02-20;0;0;0;0;0;0;0;0;0;0;0;0;0;0;0;0;0;0
FR;9;2022-02-21;0;0;0;0;0;0;0;0;0;0;0;0;0;0;0;0;0;0
FR;9;2022-02-22;0;0;0;0;0;0;0;0;0;0;0;0;0;0;0;0;0;0
FR;9;2022-02-23;0;0;0;0;0;0;0;0;0;0;0;0;0;0;0;0;0;0
FR;9;2022-02-24;0;0;0;0;0;0;0;0;0;0;0;0;0;0;0;0;0;0
FR;9;2022-02-25;0;0;0;0;0;0;0;0;0;0;0;0;0;0;0;0;0;0
FR;9;2022-02-26;0;0;0;0;0;0;0;0;0;0;0;0;0;0;0;0;0;0
FR;9;2022-02-27;0;0;0;0;0;0;0;0;0;0;0;0;0;0;0;0;0;0
FR;9;2022-02-28;0;0;0;0;0;0;0;0;0;0;0;0;0;0;0;0;0;0
FR;9;2022-03-01;0;0;0;0;0;0;0;0;0;0;0;0;0;0;0;0;0;0
FR;9;2022-03-02;0;0;0;0;0;0;0;0;0;0;0;0;0;0;0;0;0;0
FR;9;2022-03-03;0;0;0;0;0;0;0;0;0;0;0;0;0;0;0;0;0;0
FR;9;2022-03-04;0;0;0;0;0;0;0;0;0;0;0;0;0;0;0;0;0;0
FR;9;2022-03-05;0;0;0;0;0;0;0;0;0;0;0;0;0;0;0;0;0;0
FR;9;2022-03-06;0;0;0;0;0;0;0;0;0;0;0;0;0;0;0;0;0;0
FR;9;2022-03-07;0;0;0;0;0;0;0;0;0;0;0;0;0;0;0;0;0;0
FR;9;2022-03-08;0;0;0;0;0;0;0;0;0;0;0;0;0;0;0;0;0;0
FR;9;2022-03-09;0;0;0;0;0;0;0;0;0;0;0;0;0;0;0;0;0;0
FR;9;2022-03-10;0;0;0;0;0;0;0;0;0;0;0;0;0;0;0;0;0;0
FR;9;2022-03-11;0;0;0;0;0;0;0;0;0;0;0;0;0;0;0;0;0;0
FR;9;2022-03-12;0;0;0;0;0;0;0;0;0;0;0;0;0;0;0;0;0;0
FR;9;2022-03-13;0;0;0;0;0;0;0;0;0;0;0;0;0;0;0;0;0;0
FR;9;2022-03-14;0;0;0;0;0;0;0;0;0;0;0;0;0;0;0;0;0;0
FR;9;2022-03-15;0;0;0;0;0;0;0;0;0;0;0;0;0;0;0;0;0;0
FR;9;2022-03-16;0;0;0;0;0;0;0;0;0;0;0;0;0;0;0;0;0;0
FR;9;2022-03-17;0;0;0;0;0;0;0;0;0;0;0;0;0;0;0;0;0;0
FR;9;2022-03-18;0;0;0;0;0;0;0;0;0;0;0;0;0;0;0;0;0;0
FR;9;2022-03-19;0;0;0;0;0;0;0;0;0;0;0;0;0;0;0;0;0;0
FR;9;2022-03-20;0;0;0;0;0;0;0;0;0;0;0;0;0;0;0;0;0;0
FR;9;2022-03-21;0;0;0;0;0;0;0;0;0;0;0;0;0;0;0;0;0;0
FR;9;2022-03-22;0;0;0;0;0;0;0;0;0;0;0;0;0;0;0;0;0;0
FR;9;2022-03-23;0;0;0;0;0;0;0;0;0;0;0;0;0;0;0;0;0;0
FR;9;2022-03-24;0;0;0;0;0;0;0;0;0;0;0;0;0;0;0;0;0;0
FR;9;2022-03-25;0;0;0;0;0;0;0;0;0;0;0;0;0;0;0;0;0;0
FR;9;2022-03-26;0;0;0;0;0;0;0;0;0;0;0;0;0;0;0;0;0;0
FR;9;2022-03-27;0;0;0;0;0;0;0;0;0;0;0;0;0;0;0;0;0;0
FR;9;2022-03-28;0;0;0;0;0;0;0;0;0;0;0;0;0;0;0;0;0;0
FR;9;2022-03-29;0;0;0;0;0;0;0;0;0;0;0;0;0;0;0;0;0;0
FR;9;2022-03-30;0;0;0;0;0;0;0;0;0;0;0;0;0;0;0;0;0;0
FR;9;2022-03-31;0;0;0;0;0;0;0;0;0;0;0;0;0;0;0;0;0;0
FR;9;2022-04-01;0;0;0;0;0;0;0;0;0;0;0;0;0;0;0;0;0;0
FR;9;2022-04-02;0;0;0;0;0;0;0;0;0;0;0;0;0;0;0;0;0;0
FR;9;2022-04-03;0;0;0;0;0;0;0;0;0;0;0;0;0;0;0;0;0;0
FR;9;2022-04-04;0;0;0;0;0;0;0;0;0;0;0;0;0;0;0;0;0;0
FR;9;2022-04-05;0;0;0;0;0;0;0;0;0;0;0;0;0;0;0;0;0;0
FR;9;2022-04-06;0;0;0;0;0;0;0;0;0;0;0;0;0;0;0;0;0;0
FR;9;2022-04-07;0;0;0;0;0;0;0;0;0;0;0;0;0;0;0;0;0;0
FR;9;2022-04-08;0;0;0;0;0;0;0;0;0;0;0;0;0;0;0;0;0;0
FR;9;2022-04-09;0;0;0;0;0;0;0;0;0;0;0;0;0;0;0;0;0;0
FR;9;2022-04-10;0;0;0;0;0;0;0;0;0;0;0;0;0;0;0;0;0;0
FR;9;2022-04-11;0;0;0;0;0;0;0;0;0;0;0;0;0;0;0;0;0;0
FR;9;2022-04-12;0;0;0;0;0;0;0;0;0;0;0;0;0;0;0;0;0;0
FR;9;2022-04-13;0;0;0;0;0;0;0;0;0;0;0;0;0;0;0;0;0;0
FR;9;2022-04-14;0;0;0;0;0;0;0;0;0;0;0;0;0;0;0;0;0;0
FR;9;2022-04-15;0;0;0;0;0;0;0;0;0;0;0;0;0;0;0;0;0;0
FR;9;2022-04-16;0;0;0;0;0;0;0;0;0;0;0;0;0;0;0;0;0;0
FR;9;2022-04-17;0;0;0;0;0;0;0;0;0;0;0;0;0;0;0;0;0;0
FR;9;2022-04-18;0;0;0;0;0;0;0;0;0;0;0;0;0;0;0;0;0;0
FR;9;2022-04-19;0;0;0;0;0;0;0;0;0;0;0;0;0;0;0;0;0;0
FR;9;2022-04-20;0;0;0;0;0;0;0;0;0;0;0;0;0;0;0;0;0;0
FR;9;2022-04-21;0;0;0;0;0;0;0;0;0;0;0;0;0;0;0;0;0;0
FR;9;2022-04-22;0;0;0;0;0;0;0;0;0;0;0;0;0;0;0;0;0;0
FR;9;2022-04-23;0;0;0;0;0;0;0;0;0;0;0;0;0;0;0;0;0;0
FR;9;2022-04-24;0;0;0;0;0;0;0;0;0;0;0;0;0;0;0;0;0;0
FR;9;2022-04-25;0;0;0;0;0;0;0;0;0;0;0;0;0;0;0;0;0;0
FR;9;2022-04-26;0;0;0;0;0;0;0;0;0;0;0;0;0;0;0;0;0;0
FR;9;2022-04-27;0;0;0;0;0;0;0;0;0;0;0;0;0;0;0;0;0;0
FR;9;2022-04-28;0;0;0;0;0;0;0;0;0;0;0;0;0;0;0;0;0;0
FR;9;2022-04-29;0;0;0;0;0;0;0;0;0;0;0;0;0;0;0;0;0;0
FR;9;2022-04-30;0;0;0;0;0;0;0;0;0;0;0;0;0;0;0;0;0;0
FR;9;2022-05-01;0;0;0;0;0;0;0;0;0;0;0;0;0;0;0;0;0;0
FR;9;2022-05-02;0;0;0;0;0;0;0;0;0;0;0;0;0;0;0;0;0;0
FR;9;2022-05-03;0;0;0;0;0;0;0;0;0;0;0;0;0;0;0;0;0;0
FR;9;2022-05-04;0;0;0;0;0;0;0;0;0;0;0;0;0;0;0;0;0;0
FR;9;2022-05-05;0;0;0;0;0;0;0;0;0;0;0;0;0;0;0;0;0;0
FR;9;2022-05-06;0;0;0;0;0;0;0;0;0;0;0;0;0;0;0;0;0;0
FR;9;2022-05-07;0;0;0;0;0;0;0;0;0;0;0;0;0;0;0;0;0;0
FR;9;2022-05-08;0;0;0;0;0;0;0;0;0;0;0;0;0;0;0;0;0;0
FR;9;2022-05-09;0;0;0;0;0;0;0;0;0;0;0;0;0;0;0;0;0;0
FR;9;2022-05-10;0;0;0;0;0;0;0;0;0;0;0;0;0;0;0;0;0;0
FR;9;2022-05-11;0;0;0;0;0;0;0;0;0;0;0;0;0;0;0;0;0;0
FR;9;2022-05-12;0;0;0;0;0;0;0;0;0;0;0;0;0;0;0;0;0;0
FR;9;2022-05-13;0;0;0;0;0;0;0;0;0;0;0;0;0;0;0;0;0;0
FR;9;2022-05-14;0;0;0;0;0;0;0;0;0;0;0;0;0;0;0;0;0;0
FR;9;2022-05-15;0;0;0;0;0;0;0;0;0;0;0;0;0;0;0;0;0;0
FR;9;2022-05-16;0;0;0;0;0;0;0;0;0;0;0;0;0;0;0;0;0;0
FR;9;2022-05-17;0;0;0;0;0;0;0;0;0;0;0;0;0;0;0;0;0;0
FR;9;2022-05-18;0;0;0;0;0;0;0;0;0;0;0;0;0;0;0;0;0;0
FR;9;2022-05-19;0;0;0;0;0;0;0;0;0;0;0;0;0;0;0;0;0;0
FR;9;2022-05-20;0;0;0;0;0;0;0;0;0;0;0;0;0;0;0;0;0;0
FR;9;2022-05-21;0;0;0;0;0;0;0;0;0;0;0;0;0;0;0;0;0;0
FR;9;2022-05-22;0;0;0;0;0;0;0;0;0;0;0;0;0;0;0;0;0;0
FR;9;2022-05-23;0;0;0;0;0;0;0;0;0;0;0;0;0;0;0;0;0;0
FR;9;2022-05-24;0;0;0;0;0;0;0;0;0;0;0;0;0;0;0;0;0;0
FR;9;2022-05-25;0;0;0;0;0;0;0;0;0;0;0;0;0;0;0;0;0;0
FR;9;2022-05-26;0;0;0;0;0;0;0;0;0;0;0;0;0;0;0;0;0;0
FR;9;2022-05-27;0;0;0;0;0;0;0;0;0;0;0;0;0;0;0;0;0;0
FR;9;2022-05-28;0;0;0;0;0;0;0;0;0;0;0;0;0;0;0;0;0;0
FR;9;2022-05-29;0;0;0;0;0;0;0;0;0;0;0;0;0;0;0;0;0;0
FR;9;2022-05-30;0;0;0;0;0;0;0;0;0;0;0;0;0;0;0;0;0;0
FR;9;2022-05-31;0;0;0;0;0;0;0;0;0;0;0;0;0;0;0;0;0;0
FR;9;2022-06-01;0;0;0;0;0;0;0;0;0;0;0;0;0;0;0;0;0;0
FR;9;2022-06-02;0;0;0;0;0;0;0;0;0;0;0;0;0;0;0;0;0;0
FR;9;2022-06-03;0;0;0;0;0;0;0;0;0;0;0;0;0;0;0;0;0;0
FR;9;2022-06-04;0;0;0;0;0;0;0;0;0;0;0;0;0;0;0;0;0;0
FR;9;2022-06-05;0;0;0;0;0;0;0;0;0;0;0;0;0;0;0;0;0;0
FR;9;2022-06-06;0;0;0;0;0;0;0;0;0;0;0;0;0;0;0;0;0;0
FR;9;2022-06-07;0;0;0;0;0;0;0;0;0;0;0;0;0;0;0;0;0;0
FR;9;2022-06-08;0;0;0;0;0;0;0;0;0;0;0;0;0;0;0;0;0;0
FR;9;2022-06-09;0;0;0;0;0;0;0;0;0;0;0;0;0;0;0;0;0;0
FR;9;2022-06-10;0;0;0;0;0;0;0;0;0;0;0;0;0;0;0;0;0;0
FR;9;2022-06-11;0;0;0;0;0;0;0;0;0;0;0;0;0;0;0;0;0;0
FR;9;2022-06-12;0;0;0;0;0;0;0;0;0;0;0;0;0;0;0;0;0;0
FR;9;2022-06-13;0;0;0;0;0;0;0;0;0;0;0;0;0;0;0;0;0;0
FR;9;2022-06-14;0;0;0;0;0;0;0;0;0;0;0;0;0;0;0;0;0;0
FR;9;2022-06-15;0;0;0;0;0;0;0;0;0;0;0;0;0;0;0;0;0;0
FR;9;2022-06-16;0;0;0;0;0;0;0;0;0;0;0;0;0;0;0;0;0;0
FR;9;2022-06-17;0;0;0;0;0;0;0;0;0;0;0;0;0;0;0;0;0;0
FR;9;2022-06-18;0;0;0;0;0;0;0;0;0;0;0;0;0;0;0;0;0;0
FR;9;2022-06-19;0;0;0;0;0;0;0;0;0;0;0;0;0;0;0;0;0;0
FR;9;2022-06-20;0;0;0;0;0;0;0;0;0;0;0;0;0;0;0;0;0;0
FR;9;2022-06-21;0;0;0;0;0;0;0;0;0;0;0;0;0;0;0;0;0;0
FR;9;2022-06-22;0;0;0;0;0;0;0;0;0;0;0;0;0;0;0;0;0;0
FR;9;2022-06-23;0;0;0;0;0;0;0;0;0;0;0;0;0;0;0;0;0;0
FR;9;2022-06-24;0;0;0;0;0;0;0;0;0;0;0;0;0;0;0;0;0;0
FR;9;2022-06-25;0;0;0;0;0;0;0;0;0;0;0;0;0;0;0;0;0;0
FR;9;2022-06-26;0;0;0;0;0;0;0;0;0;0;0;0;0;0;0;0;0;0
FR;9;2022-06-27;0;0;0;0;0;0;0;0;0;0;0;0;0;0;0;0;0;0
FR;9;2022-06-28;0;0;0;0;0;0;0;0;0;0;0;0;0;0;0;0;0;0
FR;9;2022-06-29;0;0;0;0;0;0;0;0;0;0;0;0;0;0;0;0;0;0
FR;9;2022-06-30;0;0;0;0;0;0;0;0;0;0;0;0;0;0;0;0;0;0
FR;9;2022-07-01;0;0;0;0;0;0;0;0;0;0;0;0;0;0;0;0;0;0
FR;9;2022-07-02;0;0;0;0;0;0;0;0;0;0;0;0;0;0;0;0;0;0
FR;9;2022-07-03;0;0;0;0;0;0;0;0;0;0;0;0;0;0;0;0;0;0
FR;9;2022-07-04;0;0;0;0;0;0;0;0;0;0;0;0;0;0;0;0;0;0
FR;9;2022-07-05;0;0;0;0;0;0;0;0;0;0;0;0;0;0;0;0;0;0
FR;9;2022-07-06;0;0;0;0;0;0;0;0;0;0;0;0;0;0;0;0;0;0
FR;9;2022-07-07;0;0;0;0;0;0;0;0;0;0;0;0;0;0;0;0;0;0
FR;9;2022-07-08;0;0;0;0;0;0;0;0;0;0;0;0;0;0;0;0;0;0
FR;9;2022-07-09;0;0;0;0;0;0;0;0;0;0;0;0;0;0;0;0;0;0
FR;9;2022-07-10;0;0;0;0;0;0;0;0;0;0;0;0;0;0;0;0;0;0
FR;9;2022-07-11;0;0;0;0;0;0;0;0;0;0;0;0;0;0;0;0;0;0
FR;9;2022-07-12;0;0;0;0;0;0;0;0;0;0;0;0;0;0;0;0;0;0
FR;9;2022-07-13;0;0;0;0;0;0;0;0;0;0;0;0;0;0;0;0;0;0
FR;9;2022-07-14;0;0;0;0;0;0;0;0;0;0;0;0;0;0;0;0;0;0
FR;9;2022-07-15;0;0;0;0;0;0;0;0;0;0;0;0;0;0;0;0;0;0
FR;9;2022-07-16;0;0;0;0;0;0;0;0;0;0;0;0;0;0;0;0;0;0
FR;9;2022-07-17;0;0;0;0;0;0;0;0;0;0;0;0;0;0;0;0;0;0
FR;9;2022-07-18;0;0;0;0;0;0;0;0;0;0;0;0;0;0;0;0;0;0
FR;9;2022-07-19;0;0;0;0;0;0;0;0;0;0;0;0;0;0;0;0;0;0
FR;9;2022-07-20;0;0;0;0;0;0;0;0;0;0;0;0;0;0;0;0;0;0
FR;9;2022-07-21;0;0;0;0;0;0;0;0;0;0;0;0;0;0;0;0;0;0
FR;9;2022-07-22;0;0;0;0;0;0;0;0;0;0;0;0;0;0;0;0;0;0
FR;9;2022-07-23;0;0;0;0;0;0;0;0;0;0;0;0;0;0;0;0;0;0
FR;9;2022-07-24;0;0;0;0;0;0;0;0;0;0;0;0;0;0;0;0;0;0
FR;9;2022-07-25;0;0;0;0;0;0;0;0;0;0;0;0;0;0;0;0;0;0
FR;9;2022-07-26;0;0;0;0;0;0;0;0;0;0;0;0;0;0;0;0;0;0
FR;9;2022-07-27;0;0;0;0;0;0;0;0;0;0;0;0;0;0;0;0;0;0
FR;9;2022-07-28;0;0;0;0;0;0;0;0;0;0;0;0;0;0;0;0;0;0
FR;9;2022-07-29;0;0;0;0;0;0;0;0;0;0;0;0;0;0;0;0;0;0
FR;9;2022-07-30;0;0;0;0;0;0;0;0;0;0;0;0;0;0;0;0;0;0
FR;9;2022-07-31;0;0;0;0;0;0;0;0;0;0;0;0;0;0;0;0;0;0
FR;9;2022-08-01;0;0;0;0;0;0;0;0;0;0;0;0;0;0;0;0;0;0
FR;9;2022-08-02;0;0;0;0;0;0;0;0;0;0;0;0;0;0;0;0;0;0
FR;9;2022-08-03;0;0;0;0;0;0;0;0;0;0;0;0;0;0;0;0;0;0
FR;9;2022-08-04;0;0;0;0;0;0;0;0;0;0;0;0;0;0;0;0;0;0
FR;9;2022-08-05;0;0;0;0;0;0;0;0;0;0;0;0;0;0;0;0;0;0
FR;9;2022-08-06;0;0;0;0;0;0;0;0;0;0;0;0;0;0;0;0;0;0
FR;9;2022-08-07;0;0;0;0;0;0;0;0;0;0;0;0;0;0;0;0;0;0
FR;9;2022-08-08;0;0;0;0;0;0;0;0;0;0;0;0;0;0;0;0;0;0
FR;9;2022-08-09;0;0;0;0;0;0;0;0;0;0;0;0;0;0;0;0;0;0
FR;9;2022-08-10;0;0;0;0;0;0;0;0;0;0;0;0;0;0;0;0;0;0
FR;9;2022-08-11;0;0;0;0;0;0;0;0;0;0;0;0;0;0;0;0;0;0
FR;9;2022-08-12;0;0;0;0;0;0;0;0;0;0;0;0;0;0;0;0;0;0
FR;9;2022-08-13;0;0;0;0;0;0;0;0;0;0;0;0;0;0;0;0;0;0
FR;9;2022-08-14;0;0;0;0;0;0;0;0;0;0;0;0;0;0;0;0;0;0
FR;9;2022-08-15;0;0;0;0;0;0;0;0;0;0;0;0;0;0;0;0;0;0
FR;9;2022-08-16;0;0;0;0;0;0;0;0;0;0;0;0;0;0;0;0;0;0
FR;9;2022-08-17;0;0;0;0;0;0;0;0;0;0;0;0;0;0;0;0;0;0
FR;9;2022-08-18;0;0;0;0;0;0;0;0;0;0;0;0;0;0;0;0;0;0
FR;9;2022-08-19;0;0;0;0;0;0;0;0;0;0;0;0;0;0;0;0;0;0
FR;9;2022-08-20;0;0;0;0;0;0;0;0;0;0;0;0;0;0;0;0;0;0
FR;9;2022-08-21;0;0;0;0;0;0;0;0;0;0;0;0;0;0;0;0;0;0
FR;9;2022-08-22;0;0;0;0;0;0;0;0;0;0;0;0;0;0;0;0;0;0
FR;9;2022-08-23;0;0;0;0;0;0;0;0;0;0;0;0;0;0;0;0;0;0
FR;9;2022-08-24;0;0;0;0;0;0;0;0;0;0;0;0;0;0;0;0;0;0
FR;9;2022-08-25;0;0;0;0;0;0;0;0;0;0;0;0;0;0;0;0;0;0
FR;9;2022-08-26;0;0;0;0;0;0;0;0;0;0;0;0;0;0;0;0;0;0
FR;9;2022-08-27;0;0;0;0;0;0;0;0;0;0;0;0;0;0;0;0;0;0
FR;9;2022-08-28;0;0;0;0;0;0;0;0;0;0;0;0;0;0;0;0;0;0
FR;9;2022-08-29;0;0;0;0;0;0;0;0;0;0;0;0;0;0;0;0;0;0
FR;9;2022-08-30;0;0;0;0;0;0;0;0;0;0;0;0;0;0;0;0;0;0
FR;9;2022-08-31;0;0;0;0;0;0;0;0;0;0;0;0;0;0;0;0;0;0
FR;9;2022-09-01;0;0;0;0;0;0;0;0;0;0;0;0;0;0;0;0;0;0
FR;9;2022-09-02;0;0;0;0;0;0;0;0;0;0;0;0;0;0;0;0;0;0
FR;9;2022-09-03;0;0;0;0;0;0;0;0;0;0;0;0;0;0;0;0;0;0
FR;9;2022-09-04;0;0;0;0;0;0;0;0;0;0;0;0;0;0;0;0;0;0
FR;9;2022-09-05;0;0;0;0;0;0;0;0;0;0;0;0;0;0;0;0;0;0
FR;9;2022-09-06;0;0;0;0;0;0;0;0;0;0;0;0;0;0;0;0;0;0
FR;9;2022-09-07;0;0;0;0;0;0;0;0;0;0;0;0;0;0;0;0;0;0
FR;9;2022-09-08;0;0;0;0;0;0;0;0;0;0;0;0;0;0;0;0;0;0
FR;9;2022-09-09;0;0;0;0;0;0;0;0;0;0;0;0;0;0;0;0;0;0
FR;9;2022-09-10;0;0;0;0;0;0;0;0;0;0;0;0;0;0;0;0;0;0
FR;9;2022-09-11;0;0;0;0;0;0;0;0;0;0;0;0;0;0;0;0;0;0
FR;9;2022-09-12;0;0;0;0;0;0;0;0;0;0;0;0;0;0;0;0;0;0
FR;9;2022-09-13;0;0;0;0;0;0;0;0;0;0;0;0;0;0;0;0;0;0
FR;9;2022-09-14;0;0;0;0;0;0;0;0;0;0;0;0;0;0;0;0;0;0
FR;9;2022-09-15;0;0;0;0;0;0;0;0;0;0;0;0;0;0;0;0;0;0
FR;9;2022-09-16;0;0;0;0;0;0;0;0;0;0;0;0;0;0;0;0;0;0
FR;9;2022-09-17;0;0;0;0;0;0;0;0;0;0;0;0;0;0;0;0;0;0
FR;9;2022-09-18;0;0;0;0;0;0;0;0;0;0;0;0;0;0;0;0;0;0
FR;9;2022-09-19;0;0;0;0;0;0;0;0;0;0;0;0;0;0;0;0;0;0
FR;9;2022-09-20;0;0;0;0;0;0;0;0;0;0;0;0;0;0;0;0;0;0
FR;9;2022-09-21;0;0;0;0;0;0;0;0;0;0;0;0;0;0;0;0;0;0
FR;9;2022-09-22;0;0;0;0;0;0;0;0;0;0;0;0;0;0;0;0;0;0
FR;9;2022-09-23;0;0;0;0;0;0;0;0;0;0;0;0;0;0;0;0;0;0
FR;9;2022-09-24;0;0;0;0;0;0;0;0;0;0;0;0;0;0;0;0;0;0
FR;9;2022-09-25;0;0;0;0;0;0;0;0;0;0;0;0;0;0;0;0;0;0
FR;9;2022-09-26;0;0;0;0;0;0;0;0;0;0;0;0;0;0;0;0;0;0
FR;9;2022-09-27;0;0;0;0;0;0;0;0;0;0;0;0;0;0;0;0;0;0
FR;9;2022-09-28;0;0;0;0;0;0;0;0;0;0;0;0;0;0;0;0;0;0
FR;9;2022-09-29;1;1;8;33;0;6;35;43;2;1;1;8;33;0;6;35;43;2
FR;9;2022-09-30;5;12;60;606;6;47;613;713;51;6;13;68;639;6;53;648;756;53
FR;9;2022-10-01;10;1;43;327;2;26;335;396;35;16;14;111;966;8;79;983;1152;88
FR;9;2022-10-02;1;1;5;50;0;4;51;66;11;17;15;116;1016;8;83;1034;1218;99
FR;9;2022-10-03;11;17;151;1714;11;129;1708;2074;234;28;32;267;2730;19;212;2742;3292;333
FR;9;2022-10-04;21;48;353;3952;18;228;4020;4702;450;49;80;620;6682;37;440;6762;7994;783
FR;9;2022-10-05;28;20;269;2997;17;203;3010;3655;433;77;100;889;9679;54;643;9772;11649;1216
FR;9;2022-10-06;23;35;400;4598;18;301;4631;5609;672;100;135;1289;14277;72;944;14403;17258;1888
FR;9;2022-10-07;29;50;499;5705;19;384;5719;7028;923;129;185;1788;19982;91;1328;20122;24286;2811
FR;9;2022-10-08;10;18;128;1090;8;86;1108;1389;191;139;203;1916;21072;99;1414;21230;25675;3002
FR;9;2022-10-09;1;7;22;197;1;29;198;277;50;140;210;1938;21269;100;1443;21428;25952;3052
FR;9;2022-10-10;11;26;207;2572;14;181;2576;3296;533;151;236;2145;23841;114;1624;24004;29248;3585
FR;9;2022-10-11;31;40;424;5043;27;312;5024;6197;851;182;276;2569;28884;141;1936;29028;35445;4436
FR;9;2022-10-12;22;26;297;2987;16;212;3044;3830;572;204;302;2866;31871;157;2148;32072;39275;5008
FR;9;2022-10-13;25;42;374;3980;16;245;4036;5027;740;229;344;3240;35851;173;2393;36108;44302;5748
FR;9;2022-10-14;27;26;381;4430;12;293;4414;5556;838;256;370;3621;40281;185;2686;40522;49858;6586
FR;9;2022-10-15;14;8;101;1052;7;79;1029;1308;198;270;378;3722;41333;192;2765;41551;51166;6784
FR;9;2022-10-16;4;1;9;132;2;12;126;168;28;274;379;3731;41465;194;2777;41677;51334;6812
FR;9;2022-10-17;4;22;165;1875;11;127;1883;2492;475;278;401;3896;43340;205;2904;43560;53826;7287
FR;9;2022-10-18;36;28;316;3430;17;235;3454;4661;963;314;429;4212;46770;222;3139;47014;58487;8250
FR;9;2022-10-19;22;19;262;2687;17;174;2717;3731;825;336;448;4474;49457;239;3313;49731;62218;9075
FR;9;2022-10-20;22;22;308;3628;8;233;3639;4813;933;358;470;4782;53085;247;3546;53370;67031;10008
FR;9;2022-10-21;14;31;325;3532;10;228;3554;4655;865;372;501;5107;56617;257;3774;56924;71686;10873
FR;9;2022-10-22;10;11;90;914;8;62;919;1193;207;382;512;5197;57531;265;3836;57843;72879;11080
FR;9;2022-10-23;2;2;17;100;2;10;105;148;33;384;514;5214;57631;267;3846;57948;73027;11113
FR;9;2022-10-24;7;17;159;1363;6;106;1434;1942;397;391;531;5373;58994;273;3952;59382;74969;11510
FR;9;2022-10-25;18;22;228;2837;16;188;2847;3919;881;409;553;5601;61831;289;4140;62229;78888;12391
FR;9;2022-10-26;14;16;169;1799;13;123;1812;2525;588;423;569;5770;63630;302;4263;64041;81413;12979
FR;9;2022-10-27;9;26;230;2291;15;173;2324;3170;662;432;595;6000;65921;317;4436;66365;84583;13641
FR;9;2022-10-28;18;27;224;2277;17;151;2303;3142;681;450;622;6224;68198;334;4587;68668;87725;14322
FR;9;2022-10-29;12;8;55;505;5;46;496;662;119;462;630;6279;68703;339;4633;69164;88387;14441
FR;9;2022-10-30;2;1;8;58;1;8;58;82;16;464;631;6287;68761;340;4641;69222;88469;14457
FR;9;2022-10-31;13;7;105;660;9;59;695;996;240;477;638;6392;69421;349;4700;69917;89465;14697
FR;9;2022-11-01;1;1;15;43;0;11;49;71;11;478;639;6407;69464;349;4711;69966;89536;14708
FR;9;2022-11-02;7;12;102;1027;4;76;1045;1577;452;485;651;6509;70491;353;4787;71011;91113;15160
FR;9;2022-11-03;17;18;157;1599;16;92;1647;2348;599;502;669;6666;72090;369;4879;72658;93461;15759
FR;9;2022-11-04;21;19;193;1748;15;120;1797;2533;611;523;688;6859;73838;384;4999;74455;95994;16370
FR;9;2022-11-05;8;10;58;403;9;39;424;573;107;531;698;6917;74241;393;5038;74879;96567;16477
FR;9;2022-11-06;5;4;5;62;6;2;61;88;25;536;702;6922;74303;399;5040;74940;96655;16502
FR;9;2022-11-07;16;19;89;931;16;110;940;1484;428;552;721;7011;75234;415;5150;75880;98139;16930
FR;9;2022-11-08;10;19;170;1820;13;137;1813;2657;702;562;740;7181;77054;428;5287;77693;100796;17632
FR;9;2022-11-09;16;16;123;1261;9;98;1322;1878;453;578;756;7304;78315;437;5385;79015;102674;18085
FR;9;2022-11-10;13;21;162;1622;13;137;1620;2280;519;591;777;7466;79937;450;5522;80635;104954;18604
FR;9;2022-11-11;1;1;13;81;1;6;83;123;34;592;778;7479;80018;451;5528;80718;105077;18638
FR;9;2022-11-12;5;8;44;259;7;19;278;395;97;597;786;7523;80277;458;5547;80996;105472;18735
FR;9;2022-11-13;2;0;4;30;0;4;31;51;16;599;786;7527;80307;458;5551;81027;105523;18751
FR;9;2022-11-14;11;12;56;707;11;44;722;1108;339;610;798;7583;81014;469;5595;81749;106631;19090
FR;9;2022-11-15;18;16;146;1324;7;103;1331;2078;638;628;814;7729;82338;476;5698;83080;108709;19728
FR;9;2022-11-16;10;5;99;979;8;58;997;1490;431;638;819;7828;83317;484;5756;84077;110199;20159
FR;9;2022-11-17;9;17;126;1085;11;78;1110;1694;501;647;836;7954;84402;495;5834;85187;111893;20660
FR;9;2022-11-18;7;16;119;1440;5;77;1455;2026;492;654;852;8073;85842;500;5911;86642;113919;21152
FR;9;2022-11-19;3;5;50;364;1;27;351;489;106;657;857;8123;86206;501;5938;86993;114408;21258
FR;9;2022-11-20;1;0;5;37;0;3;35;54;16;658;857;8128;86243;501;5941;87028;114462;21274
FR;9;2022-11-21;9;12;66;636;5;51;639;960;263;667;869;8194;86879;506;5992;87667;115422;21537
FR;9;2022-11-22;15;12;121;1037;13;74;1067;1592;449;682;881;8315;87916;519;6066;88734;117014;21986
FR;9;2022-11-23;7;10;69;731;5;33;758;1160;364;689;891;8384;88647;524;6099;89492;118174;22350
FR;9;2022-11-24;8;19;93;979;14;68;992;1472;406;697;910;8477;89626;538;6167;90484;119646;22756
FR;9;2022-11-25;8;10;106;1174;8;81;1190;1749;477;705;920;8583;90800;546;6248;91674;121395;23233
FR;9;2022-11-26;6;6;35;217;7;24;214;310;68;711;926;8618;91017;553;6272;91888;121705;23301
FR;9;2022-11-27;1;1;6;42;0;2;46;82;34;712;927;8624;91059;553;6274;91934;121787;23335
FR;9;2022-11-28;5;7;102;697;7;59;726;1125;335;717;934;8726;91756;560;6333;92660;122912;23670
FR;9;2022-11-29;6;18;140;1299;6;89;1325;1939;520;723;952;8866;93055;566;6422;93985;124851;24190
FR;9;2022-11-30;9;12;99;1026;5;76;1049;1600;470;732;964;8965;94081;571;6498;95034;126451;24660
FR;9;2022-12-01;16;14;111;1330;8;80;1315;1939;540;748;978;9076;95411;579;6578;96349;128390;25200
FR;9;2022-12-02;10;13;193;1816;10;107;1817;2630;700;758;991;9269;97227;589;6685;98166;131020;25900
FR;9;2022-12-03;7;9;79;619;5;41;632;887;208;765;1000;9348;97846;594;6726;98798;131907;26108
FR;9;2022-12-04;9;4;15;105;5;8;105;153;40;774;1004;9363;97951;599;6734;98903;132060;26148
FR;9;2022-12-05;19;24;144;1405;17;98;1420;2109;584;793;1028;9507;99356;616;6832;100323;134169;26732
FR;9;2022-12-06;30;21;262;2441;21;147;2535;3798;1097;823;1049;9769;101797;637;6979;102858;137967;27829
FR;9;2022-12-07;15;22;181;1848;20;112;1890;2824;814;838;1071;9950;103645;657;7091;104748;140791;28643
FR;9;2022-12-08;13;22;222;2393;15;125;2456;3683;1085;851;1093;10172;106038;672;7216;107204;144474;29728
FR;9;2022-12-09;14;25;287;2885;10;143;2983;4334;1200;865;1118;10459;108923;682;7359;110187;148808;30928
FR;9;2022-12-10;12;12;122;1319;4;56;1342;1813;409;877;1130;10581;110242;686;7415;111529;150621;31337
FR;9;2022-12-11;5;4;21;277;5;10;283;363;66;882;1134;10602;110519;691;7425;111812;150984;31403
FR;9;2022-12-12;17;13;215;1958;12;108;2032;2890;745;899;1147;10817;112477;703;7533;113844;153874;32148
FR;9;2022-12-13;27;22;317;3081;14;151;3217;4715;1336;926;1169;11134;115558;717;7684;117061;158589;33484
FR;9;2022-12-14;15;10;189;2332;8;94;2400;3500;989;941;1179;11323;117890;725;7778;119461;162089;34473
FR;9;2022-12-15;17;24;256;2609;13;137;2680;4064;1236;958;1203;11579;120499;738;7915;122141;166153;35709
FR;9;2022-12-16;15;29;294;3072;21;165;3155;4603;1274;973;1232;11873;123571;759;8080;125296;170756;36983
FR;9;2022-12-17;8;11;106;1191;6;50;1206;1662;402;981;1243;11979;124762;765;8130;126502;172418;37385
FR;9;2022-12-18;1;7;30;245;6;14;251;333;67;982;1250;12009;125007;771;8144;126753;172751;37452
FR;9;2022-12-19;20;21;149;1599;15;78;1631;2507;789;1002;1271;12158;126606;786;8222;128384;175258;38241
FR;9;2022-12-20;21;19;232;2306;6;115;2349;3708;1233;1023;1290;12390;128912;792;8337;130733;178966;39474
FR;9;2022-12-21;6;14;139;1501;7;66;1554;2402;775;1029;1304;12529;130413;799;8403;132287;181368;40249
FR;9;2022-12-22;18;8;136;1400;8;78;1417;2118;615;1047;1312;12665;131813;807;8481;133704;183486;40864
FR;9;2022-12-23;11;15;76;727;9;50;729;1090;305;1058;1327;12741;132540;816;8531;134433;184576;41169
FR;9;2022-12-24;1;5;12;96;4;5;98;137;34;1059;1332;12753;132636;820;8536;134531;184713;41203
FR;9;2022-12-25;1;0;5;5;0;4;6;12;2;1060;1332;12758;132641;820;8540;134537;184725;41205
FR;9;2022-12-26;17;8;64;547;11;37;554;829;235;1077;1340;12822;133188;831;8577;135091;185554;41440
FR;9;2022-12-27;12;30;97;882;14;69;917;1422;430;1089;1370;12919;134070;845;8646;136008;186976;41870
FR;9;2022-12-28;7;9;82;748;8;40;767;1183;371;1096;1379;13001;134818;853;8686;136775;188159;42241
FR;9;2022-12-29;9;14;92;720;10;51;753;1134;323;1105;1393;13093;135538;863;8737;137528;189293;42564
FR;9;2022-12-30;12;17;76;592;9;46;612;898;237;1117;1410;13169;136130;872;8783;138140;190191;42801
FR;9;2022-12-31;2;3;17;136;2;12;139;190;38;1119;1413;13186;136266;874;8795;138279;190381;42839
FR;9;2023-01-01;0;2;3;19;1;4;19;31;8;1119;1415;13189;136285;875;8799;138298;190412;42847
FR;9;2023-01-02;10;11;56;591;4;40;584;948;320;1129;1426;13245;136876;879;8839;138882;191360;43167
FR;9;2023-01-03;19;18;119;1076;18;74;1099;1937;749;1148;1444;13364;137952;897;8913;139981;193297;43916
FR;9;2023-01-04;21;18;113;846;8;73;898;1609;633;1169;1462;13477;138798;905;8986;140879;194906;44549
FR;9;2023-01-05;5;20;115;1054;11;65;1085;2042;882;1174;1482;13592;139852;916;9051;141964;196948;45431
FR;9;2023-01-06;11;17;151;1367;3;73;1384;2405;937;1185;1499;13743;141219;919;9124;143348;199353;46368
FR;9;2023-01-07;6;13;58;436;14;36;427;687;220;1191;1512;13801;141655;933;9160;143775;200040;46588
FR;9;2023-01-08;3;8;15;92;7;11;91;136;32;1194;1520;13816;141747;940;9171;143866;200176;46620
FR;9;2023-01-09;16;15;87;622;9;62;614;1274;585;1210;1535;13903;142369;949;9233;144480;201450;47205
FR;9;2023-01-10;13;12;154;978;11;74;1032;1989;871;1223;1547;14057;143347;960;9307;145512;203439;48076
FR;9;2023-01-11;19;9;71;678;10;47;687;1381;641;1242;1556;14128;144025;970;9354;146199;204820;48717
FR;9;2023-01-12;20;9;92;844;3;77;822;1687;775;1262;1565;14220;144869;973;9431;147021;206507;49492
FR;9;2023-01-13;15;18;105;874;11;73;894;1707;725;1277;1583;14325;145743;984;9504;147915;208214;50217
FR;9;2023-01-14;6;6;51;294;2;29;299;581;247;1283;1589;14376;146037;986;9533;148214;208795;50464
FR;9;2023-01-15;1;3;15;37;0;9;41;82;32;1284;1592;14391;146074;986;9542;148255;208877;50496
FR;9;2023-01-16;4;15;54;366;13;24;383;784;370;1288;1607;14445;146440;999;9566;148638;209661;50866
FR;9;2023-01-17;7;9;83;563;4;49;577;1244;609;1295;1616;14528;147003;1003;9615;149215;210905;51475
FR;9;2023-01-18;7;14;35;376;6;30;393;827;397;1302;1630;14563;147379;1009;9645;149608;211732;51872
FR;9;2023-01-19;10;9;58;474;8;30;475;1077;562;1312;1639;14621;147853;1017;9675;150083;212809;52434
FR;9;2023-01-20;15;18;96;577;16;56;594;1188;534;1327;1657;14717;148430;1033;9731;150677;213997;52968
FR;9;2023-01-21;8;15;20;190;11;13;188;345;140;1335;1672;14737;148620;1044;9744;150865;214342;53108
FR;9;2023-01-22;0;0;8;20;0;5;21;42;16;1335;1672;14745;148640;1044;9749;150886;214384;53124
FR;9;2023-01-23;4;14;27;253;8;25;242;563;287;1339;1686;14772;148893;1052;9774;151128;214947;53411
FR;9;2023-01-24;11;10;70;461;9;42;484;1162;633;1350;1696;14842;149354;1061;9816;151612;216109;54044
FR;9;2023-01-25;11;20;50;325;8;48;336;799;410;1361;1716;14892;149679;1069;9864;151948;216908;54454
FR;9;2023-01-26;7;17;64;390;8;50;389;967;516;1368;1733;14956;150069;1077;9914;152337;217875;54970
FR;9;2023-01-27;4;7;59;377;3;31;393;902;462;1372;1740;15015;150446;1080;9945;152730;218777;55432
FR;9;2023-01-28;3;6;31;128;5;27;120;265;116;1375;1746;15046;150574;1085;9972;152850;219042;55548
FR;9;2023-01-29;3;0;3;18;2;1;17;40;22;1378;1746;15049;150592;1087;9973;152867;219082;55570
FR;9;2023-01-30;3;6;31;190;5;11;209;499;272;1381;1752;15080;150782;1092;9984;153076;219581;55842
FR;9;2023-01-31;14;7;38;259;8;18;263;648;359;1395;1759;15118;151041;1100;10002;153339;220229;56201
FR;9;2023-02-01;4;6;24;170;3;18;176;442;239;1399;1765;15142;151211;1103;10020;153515;220671;56440
FR;9;2023-02-02;4;6;31;251;6;23;232;660;390;1403;1771;15173;151462;1109;10043;153747;221331;56830
FR;9;2023-02-03;8;10;42;285;7;36;275;674;353;1411;1781;15215;151747;1116;10079;154022;222005;57183
FR;9;2023-02-04;5;1;10;70;3;8;68;160;84;1416;1782;15225;151817;1119;10087;154090;222165;57267
FR;9;2023-02-05;1;1;4;7;0;4;7;17;6;1417;1783;15229;151824;1119;10091;154097;222182;57273
FR;9;2023-02-06;3;5;16;80;4;14;78;227;133;1420;1788;15245;151904;1123;10105;154175;222409;57406
FR;9;2023-02-07;3;5;25;126;3;18;122;380;234;1423;1793;15270;152030;1126;10123;154297;222789;57640
FR;9;2023-02-08;4;6;25;114;3;13;125;295;154;1427;1799;15295;152144;1129;10136;154422;223084;57794
FR;9;2023-02-09;8;2;19;133;3;13;119;324;188;1435;1801;15314;152277;1132;10149;154541;223408;57982
FR;10;2020-12-27;0;0;0;0;0;0;0;0;0;0;0;0;0;0;0;0;0;0
FR;10;2020-12-28;0;0;0;0;0;0;0;0;0;0;0;0;0;0;0;0;0;0
FR;10;2020-12-29;0;0;0;0;0;0;0;0;0;0;0;0;0;0;0;0;0;0
FR;10;2020-12-30;0;0;0;0;0;0;0;0;0;0;0;0;0;0;0;0;0;0
FR;10;2020-12-31;0;0;0;0;0;0;0;0;0;0;0;0;0;0;0;0;0;0
FR;10;2021-01-01;0;0;0;0;0;0;0;0;0;0;0;0;0;0;0;0;0;0
FR;10;2021-01-02;0;0;0;0;0;0;0;0;0;0;0;0;0;0;0;0;0;0
FR;10;2021-01-03;0;0;0;0;0;0;0;0;0;0;0;0;0;0;0;0;0;0
FR;10;2021-01-04;0;0;0;0;0;0;0;0;0;0;0;0;0;0;0;0;0;0
FR;10;2021-01-05;0;0;0;0;0;0;0;0;0;0;0;0;0;0;0;0;0;0
FR;10;2021-01-06;0;0;0;0;0;0;0;0;0;0;0;0;0;0;0;0;0;0
FR;10;2021-01-07;0;0;0;0;0;0;0;0;0;0;0;0;0;0;0;0;0;0
FR;10;2021-01-08;0;0;0;0;0;0;0;0;0;0;0;0;0;0;0;0;0;0
FR;10;2021-01-09;0;0;0;0;0;0;0;0;0;0;0;0;0;0;0;0;0;0
FR;10;2021-01-10;0;0;0;0;0;0;0;0;0;0;0;0;0;0;0;0;0;0
FR;10;2021-01-11;0;0;0;0;0;0;0;0;0;0;0;0;0;0;0;0;0;0
FR;10;2021-01-12;0;0;0;0;0;0;0;0;0;0;0;0;0;0;0;0;0;0
FR;10;2021-01-13;0;0;0;0;0;0;0;0;0;0;0;0;0;0;0;0;0;0
FR;10;2021-01-14;0;0;0;0;0;0;0;0;0;0;0;0;0;0;0;0;0;0
FR;10;2021-01-15;0;0;0;0;0;0;0;0;0;0;0;0;0;0;0;0;0;0
FR;10;2021-01-16;0;0;0;0;0;0;0;0;0;0;0;0;0;0;0;0;0;0
FR;10;2021-01-17;0;0;0;0;0;0;0;0;0;0;0;0;0;0;0;0;0;0
FR;10;2021-01-18;0;0;0;0;0;0;0;0;0;0;0;0;0;0;0;0;0;0
FR;10;2021-01-19;0;0;0;0;0;0;0;0;0;0;0;0;0;0;0;0;0;0
FR;10;2021-01-20;0;0;0;0;0;0;0;0;0;0;0;0;0;0;0;0;0;0
FR;10;2021-01-21;0;0;0;0;0;0;0;0;0;0;0;0;0;0;0;0;0;0
FR;10;2021-01-22;0;0;0;0;0;0;0;0;0;0;0;0;0;0;0;0;0;0
FR;10;2021-01-23;0;0;0;0;0;0;0;0;0;0;0;0;0;0;0;0;0;0
FR;10;2021-01-24;0;0;0;0;0;0;0;0;0;0;0;0;0;0;0;0;0;0
FR;10;2021-01-25;0;0;0;0;0;0;0;0;0;0;0;0;0;0;0;0;0;0
FR;10;2021-01-26;0;0;0;0;0;0;0;0;0;0;0;0;0;0;0;0;0;0
FR;10;2021-01-27;0;0;0;0;0;0;0;0;0;0;0;0;0;0;0;0;0;0
FR;10;2021-01-28;0;0;0;0;0;0;0;0;0;0;0;0;0;0;0;0;0;0
FR;10;2021-01-29;0;0;0;0;0;0;0;0;0;0;0;0;0;0;0;0;0;0
FR;10;2021-01-30;0;0;0;0;0;0;0;0;0;0;0;0;0;0;0;0;0;0
FR;10;2021-01-31;0;0;0;0;0;0;0;0;0;0;0;0;0;0;0;0;0;0
FR;10;2021-02-01;0;0;0;0;0;0;0;0;0;0;0;0;0;0;0;0;0;0
FR;10;2021-02-02;0;0;0;0;0;0;0;0;0;0;0;0;0;0;0;0;0;0
FR;10;2021-02-03;0;0;0;0;0;0;0;0;0;0;0;0;0;0;0;0;0;0
FR;10;2021-02-04;0;0;0;0;0;0;0;0;0;0;0;0;0;0;0;0;0;0
FR;10;2021-02-05;0;0;0;0;0;0;0;0;0;0;0;0;0;0;0;0;0;0
FR;10;2021-02-06;0;0;0;0;0;0;0;0;0;0;0;0;0;0;0;0;0;0
FR;10;2021-02-07;0;0;0;0;0;0;0;0;0;0;0;0;0;0;0;0;0;0
FR;10;2021-02-08;0;0;0;0;0;0;0;0;0;0;0;0;0;0;0;0;0;0
FR;10;2021-02-09;0;0;0;0;0;0;0;0;0;0;0;0;0;0;0;0;0;0
FR;10;2021-02-10;0;0;0;0;0;0;0;0;0;0;0;0;0;0;0;0;0;0
FR;10;2021-02-11;0;0;0;0;0;0;0;0;0;0;0;0;0;0;0;0;0;0
FR;10;2021-02-12;0;0;0;0;0;0;0;0;0;0;0;0;0;0;0;0;0;0
FR;10;2021-02-13;0;0;0;0;0;0;0;0;0;0;0;0;0;0;0;0;0;0
FR;10;2021-02-14;0;0;0;0;0;0;0;0;0;0;0;0;0;0;0;0;0;0
FR;10;2021-02-15;0;0;0;0;0;0;0;0;0;0;0;0;0;0;0;0;0;0
FR;10;2021-02-16;0;0;0;0;0;0;0;0;0;0;0;0;0;0;0;0;0;0
FR;10;2021-02-17;0;0;0;0;0;0;0;0;0;0;0;0;0;0;0;0;0;0
FR;10;2021-02-18;0;0;0;0;0;0;0;0;0;0;0;0;0;0;0;0;0;0
FR;10;2021-02-19;0;0;0;0;0;0;0;0;0;0;0;0;0;0;0;0;0;0
FR;10;2021-02-20;0;0;0;0;0;0;0;0;0;0;0;0;0;0;0;0;0;0
FR;10;2021-02-21;0;0;0;0;0;0;0;0;0;0;0;0;0;0;0;0;0;0
FR;10;2021-02-22;0;0;0;0;0;0;0;0;0;0;0;0;0;0;0;0;0;0
FR;10;2021-02-23;0;0;0;0;0;0;0;0;0;0;0;0;0;0;0;0;0;0
FR;10;2021-02-24;0;0;0;0;0;0;0;0;0;0;0;0;0;0;0;0;0;0
FR;10;2021-02-25;0;0;0;0;0;0;0;0;0;0;0;0;0;0;0;0;0;0
FR;10;2021-02-26;0;0;0;0;0;0;0;0;0;0;0;0;0;0;0;0;0;0
FR;10;2021-02-27;0;0;0;0;0;0;0;0;0;0;0;0;0;0;0;0;0;0
FR;10;2021-02-28;0;0;0;0;0;0;0;0;0;0;0;0;0;0;0;0;0;0
FR;10;2021-03-01;0;0;0;0;0;0;0;0;0;0;0;0;0;0;0;0;0;0
FR;10;2021-03-02;0;0;0;0;0;0;0;0;0;0;0;0;0;0;0;0;0;0
FR;10;2021-03-03;0;0;0;0;0;0;0;0;0;0;0;0;0;0;0;0;0;0
FR;10;2021-03-04;0;0;0;0;0;0;0;0;0;0;0;0;0;0;0;0;0;0
FR;10;2021-03-05;0;0;0;0;0;0;0;0;0;0;0;0;0;0;0;0;0;0
FR;10;2021-03-06;0;0;0;0;0;0;0;0;0;0;0;0;0;0;0;0;0;0
FR;10;2021-03-07;0;0;0;0;0;0;0;0;0;0;0;0;0;0;0;0;0;0
FR;10;2021-03-08;0;0;0;0;0;0;0;0;0;0;0;0;0;0;0;0;0;0
FR;10;2021-03-09;0;0;0;0;0;0;0;0;0;0;0;0;0;0;0;0;0;0
FR;10;2021-03-10;0;0;0;0;0;0;0;0;0;0;0;0;0;0;0;0;0;0
FR;10;2021-03-11;0;0;0;0;0;0;0;0;0;0;0;0;0;0;0;0;0;0
FR;10;2021-03-12;0;0;0;0;0;0;0;0;0;0;0;0;0;0;0;0;0;0
FR;10;2021-03-13;0;0;0;0;0;0;0;0;0;0;0;0;0;0;0;0;0;0
FR;10;2021-03-14;0;0;0;0;0;0;0;0;0;0;0;0;0;0;0;0;0;0
FR;10;2021-03-15;0;0;0;0;0;0;0;0;0;0;0;0;0;0;0;0;0;0
FR;10;2021-03-16;0;0;0;0;0;0;0;0;0;0;0;0;0;0;0;0;0;0
FR;10;2021-03-17;0;0;0;0;0;0;0;0;0;0;0;0;0;0;0;0;0;0
FR;10;2021-03-18;0;0;0;0;0;0;0;0;0;0;0;0;0;0;0;0;0;0
FR;10;2021-03-19;0;0;0;0;0;0;0;0;0;0;0;0;0;0;0;0;0;0
FR;10;2021-03-20;0;0;0;0;0;0;0;0;0;0;0;0;0;0;0;0;0;0
FR;10;2021-03-21;0;0;0;0;0;0;0;0;0;0;0;0;0;0;0;0;0;0
FR;10;2021-03-22;0;0;0;0;0;0;0;0;0;0;0;0;0;0;0;0;0;0
FR;10;2021-03-23;0;0;0;0;0;0;0;0;0;0;0;0;0;0;0;0;0;0
FR;10;2021-03-24;0;0;0;0;0;0;0;0;0;0;0;0;0;0;0;0;0;0
FR;10;2021-03-25;0;0;0;0;0;0;0;0;0;0;0;0;0;0;0;0;0;0
FR;10;2021-03-26;0;0;0;0;0;0;0;0;0;0;0;0;0;0;0;0;0;0
FR;10;2021-03-27;0;0;0;0;0;0;0;0;0;0;0;0;0;0;0;0;0;0
FR;10;2021-03-28;0;0;0;0;0;0;0;0;0;0;0;0;0;0;0;0;0;0
FR;10;2021-03-29;0;0;0;0;0;0;0;0;0;0;0;0;0;0;0;0;0;0
FR;10;2021-03-30;0;0;0;0;0;0;0;0;0;0;0;0;0;0;0;0;0;0
FR;10;2021-03-31;0;0;0;0;0;0;0;0;0;0;0;0;0;0;0;0;0;0
FR;10;2021-04-01;0;0;0;0;0;0;0;0;0;0;0;0;0;0;0;0;0;0
FR;10;2021-04-02;0;0;0;0;0;0;0;0;0;0;0;0;0;0;0;0;0;0
FR;10;2021-04-03;0;0;0;0;0;0;0;0;0;0;0;0;0;0;0;0;0;0
FR;10;2021-04-04;0;0;0;0;0;0;0;0;0;0;0;0;0;0;0;0;0;0
FR;10;2021-04-05;0;0;0;0;0;0;0;0;0;0;0;0;0;0;0;0;0;0
FR;10;2021-04-06;0;0;0;0;0;0;0;0;0;0;0;0;0;0;0;0;0;0
FR;10;2021-04-07;0;0;0;0;0;0;0;0;0;0;0;0;0;0;0;0;0;0
FR;10;2021-04-08;0;0;0;0;0;0;0;0;0;0;0;0;0;0;0;0;0;0
FR;10;2021-04-09;0;0;0;0;0;0;0;0;0;0;0;0;0;0;0;0;0;0
FR;10;2021-04-10;0;0;0;0;0;0;0;0;0;0;0;0;0;0;0;0;0;0
FR;10;2021-04-11;0;0;0;0;0;0;0;0;0;0;0;0;0;0;0;0;0;0
FR;10;2021-04-12;0;0;0;0;0;0;0;0;0;0;0;0;0;0;0;0;0;0
FR;10;2021-04-13;0;0;0;0;0;0;0;0;0;0;0;0;0;0;0;0;0;0
FR;10;2021-04-14;0;0;0;0;0;0;0;0;0;0;0;0;0;0;0;0;0;0
FR;10;2021-04-15;0;0;0;0;0;0;0;0;0;0;0;0;0;0;0;0;0;0
FR;10;2021-04-16;0;0;0;0;0;0;0;0;0;0;0;0;0;0;0;0;0;0
FR;10;2021-04-17;0;0;0;0;0;0;0;0;0;0;0;0;0;0;0;0;0;0
FR;10;2021-04-18;0;0;0;0;0;0;0;0;0;0;0;0;0;0;0;0;0;0
FR;10;2021-04-19;0;0;0;0;0;0;0;0;0;0;0;0;0;0;0;0;0;0
FR;10;2021-04-20;0;0;0;0;0;0;0;0;0;0;0;0;0;0;0;0;0;0
FR;10;2021-04-21;0;0;0;0;0;0;0;0;0;0;0;0;0;0;0;0;0;0
FR;10;2021-04-22;0;0;0;0;0;0;0;0;0;0;0;0;0;0;0;0;0;0
FR;10;2021-04-23;0;0;0;0;0;0;0;0;0;0;0;0;0;0;0;0;0;0
FR;10;2021-04-24;0;0;0;0;0;0;0;0;0;0;0;0;0;0;0;0;0;0
FR;10;2021-04-25;0;0;0;0;0;0;0;0;0;0;0;0;0;0;0;0;0;0
FR;10;2021-04-26;0;0;0;0;0;0;0;0;0;0;0;0;0;0;0;0;0;0
FR;10;2021-04-27;0;0;0;0;0;0;0;0;0;0;0;0;0;0;0;0;0;0
FR;10;2021-04-28;0;0;0;0;0;0;0;0;0;0;0;0;0;0;0;0;0;0
FR;10;2021-04-29;0;0;0;0;0;0;0;0;0;0;0;0;0;0;0;0;0;0
FR;10;2021-04-30;0;0;0;0;0;0;0;0;0;0;0;0;0;0;0;0;0;0
FR;10;2021-05-01;0;0;0;0;0;0;0;0;0;0;0;0;0;0;0;0;0;0
FR;10;2021-05-02;0;0;0;0;0;0;0;0;0;0;0;0;0;0;0;0;0;0
FR;10;2021-05-03;0;0;0;0;0;0;0;0;0;0;0;0;0;0;0;0;0;0
FR;10;2021-05-04;0;0;0;0;0;0;0;0;0;0;0;0;0;0;0;0;0;0
FR;10;2021-05-05;0;0;0;0;0;0;0;0;0;0;0;0;0;0;0;0;0;0
FR;10;2021-05-06;0;0;0;0;0;0;0;0;0;0;0;0;0;0;0;0;0;0
FR;10;2021-05-07;0;0;0;0;0;0;0;0;0;0;0;0;0;0;0;0;0;0
FR;10;2021-05-08;0;0;0;0;0;0;0;0;0;0;0;0;0;0;0;0;0;0
FR;10;2021-05-09;0;0;0;0;0;0;0;0;0;0;0;0;0;0;0;0;0;0
FR;10;2021-05-10;0;0;0;0;0;0;0;0;0;0;0;0;0;0;0;0;0;0
FR;10;2021-05-11;0;0;0;0;0;0;0;0;0;0;0;0;0;0;0;0;0;0
FR;10;2021-05-12;0;0;0;0;0;0;0;0;0;0;0;0;0;0;0;0;0;0
FR;10;2021-05-13;0;0;0;0;0;0;0;0;0;0;0;0;0;0;0;0;0;0
FR;10;2021-05-14;0;0;0;0;0;0;0;0;0;0;0;0;0;0;0;0;0;0
FR;10;2021-05-15;0;0;0;0;0;0;0;0;0;0;0;0;0;0;0;0;0;0
FR;10;2021-05-16;0;0;0;0;0;0;0;0;0;0;0;0;0;0;0;0;0;0
FR;10;2021-05-17;0;0;0;0;0;0;0;0;0;0;0;0;0;0;0;0;0;0
FR;10;2021-05-18;0;0;0;0;0;0;0;0;0;0;0;0;0;0;0;0;0;0
FR;10;2021-05-19;0;0;0;0;0;0;0;0;0;0;0;0;0;0;0;0;0;0
FR;10;2021-05-20;0;0;0;0;0;0;0;0;0;0;0;0;0;0;0;0;0;0
FR;10;2021-05-21;0;0;0;0;0;0;0;0;0;0;0;0;0;0;0;0;0;0
FR;10;2021-05-22;0;0;0;0;0;0;0;0;0;0;0;0;0;0;0;0;0;0
FR;10;2021-05-23;0;0;0;0;0;0;0;0;0;0;0;0;0;0;0;0;0;0
FR;10;2021-05-24;0;0;0;0;0;0;0;0;0;0;0;0;0;0;0;0;0;0
FR;10;2021-05-25;0;0;0;0;0;0;0;0;0;0;0;0;0;0;0;0;0;0
FR;10;2021-05-26;0;0;0;0;0;0;0;0;0;0;0;0;0;0;0;0;0;0
FR;10;2021-05-27;0;0;0;0;0;0;0;0;0;0;0;0;0;0;0;0;0;0
FR;10;2021-05-28;0;0;0;0;0;0;0;0;0;0;0;0;0;0;0;0;0;0
FR;10;2021-05-29;0;0;0;0;0;0;0;0;0;0;0;0;0;0;0;0;0;0
FR;10;2021-05-30;0;0;0;0;0;0;0;0;0;0;0;0;0;0;0;0;0;0
FR;10;2021-05-31;0;0;0;0;0;0;0;0;0;0;0;0;0;0;0;0;0;0
FR;10;2021-06-01;0;0;0;0;0;0;0;0;0;0;0;0;0;0;0;0;0;0
FR;10;2021-06-02;0;0;0;0;0;0;0;0;0;0;0;0;0;0;0;0;0;0
FR;10;2021-06-03;0;0;0;0;0;0;0;0;0;0;0;0;0;0;0;0;0;0
FR;10;2021-06-04;0;0;0;0;0;0;0;0;0;0;0;0;0;0;0;0;0;0
FR;10;2021-06-05;0;0;0;0;0;0;0;0;0;0;0;0;0;0;0;0;0;0
FR;10;2021-06-06;0;0;0;0;0;0;0;0;0;0;0;0;0;0;0;0;0;0
FR;10;2021-06-07;0;0;0;0;0;0;0;0;0;0;0;0;0;0;0;0;0;0
FR;10;2021-06-08;0;0;0;0;0;0;0;0;0;0;0;0;0;0;0;0;0;0
FR;10;2021-06-09;0;0;0;0;0;0;0;0;0;0;0;0;0;0;0;0;0;0
FR;10;2021-06-10;0;0;0;0;0;0;0;0;0;0;0;0;0;0;0;0;0;0
FR;10;2021-06-11;0;0;0;0;0;0;0;0;0;0;0;0;0;0;0;0;0;0
FR;10;2021-06-12;0;0;0;0;0;0;0;0;0;0;0;0;0;0;0;0;0;0
FR;10;2021-06-13;0;0;0;0;0;0;0;0;0;0;0;0;0;0;0;0;0;0
FR;10;2021-06-14;0;0;0;0;0;0;0;0;0;0;0;0;0;0;0;0;0;0
FR;10;2021-06-15;0;0;0;0;0;0;0;0;0;0;0;0;0;0;0;0;0;0
FR;10;2021-06-16;0;0;0;0;0;0;0;0;0;0;0;0;0;0;0;0;0;0
FR;10;2021-06-17;0;0;0;0;0;0;0;0;0;0;0;0;0;0;0;0;0;0
FR;10;2021-06-18;0;0;0;0;0;0;0;0;0;0;0;0;0;0;0;0;0;0
FR;10;2021-06-19;0;0;0;0;0;0;0;0;0;0;0;0;0;0;0;0;0;0
FR;10;2021-06-20;0;0;0;0;0;0;0;0;0;0;0;0;0;0;0;0;0;0
FR;10;2021-06-21;0;0;0;0;0;0;0;0;0;0;0;0;0;0;0;0;0;0
FR;10;2021-06-22;0;0;0;0;0;0;0;0;0;0;0;0;0;0;0;0;0;0
FR;10;2021-06-23;0;0;0;0;0;0;0;0;0;0;0;0;0;0;0;0;0;0
FR;10;2021-06-24;0;0;0;0;0;0;0;0;0;0;0;0;0;0;0;0;0;0
FR;10;2021-06-25;0;0;0;0;0;0;0;0;0;0;0;0;0;0;0;0;0;0
FR;10;2021-06-26;0;0;0;0;0;0;0;0;0;0;0;0;0;0;0;0;0;0
FR;10;2021-06-27;0;0;0;0;0;0;0;0;0;0;0;0;0;0;0;0;0;0
FR;10;2021-06-28;0;0;0;0;0;0;0;0;0;0;0;0;0;0;0;0;0;0
FR;10;2021-06-29;0;0;0;0;0;0;0;0;0;0;0;0;0;0;0;0;0;0
FR;10;2021-06-30;0;0;0;0;0;0;0;0;0;0;0;0;0;0;0;0;0;0
FR;10;2021-07-01;0;0;0;0;0;0;0;0;0;0;0;0;0;0;0;0;0;0
FR;10;2021-07-02;0;0;0;0;0;0;0;0;0;0;0;0;0;0;0;0;0;0
FR;10;2021-07-03;0;0;0;0;0;0;0;0;0;0;0;0;0;0;0;0;0;0
FR;10;2021-07-04;0;0;0;0;0;0;0;0;0;0;0;0;0;0;0;0;0;0
FR;10;2021-07-05;0;0;0;0;0;0;0;0;0;0;0;0;0;0;0;0;0;0
FR;10;2021-07-06;0;0;0;0;0;0;0;0;0;0;0;0;0;0;0;0;0;0
FR;10;2021-07-07;0;0;0;0;0;0;0;0;0;0;0;0;0;0;0;0;0;0
FR;10;2021-07-08;0;0;0;0;0;0;0;0;0;0;0;0;0;0;0;0;0;0
FR;10;2021-07-09;0;0;0;0;0;0;0;0;0;0;0;0;0;0;0;0;0;0
FR;10;2021-07-10;0;0;0;0;0;0;0;0;0;0;0;0;0;0;0;0;0;0
FR;10;2021-07-11;0;0;0;0;0;0;0;0;0;0;0;0;0;0;0;0;0;0
FR;10;2021-07-12;0;0;0;0;0;0;0;0;0;0;0;0;0;0;0;0;0;0
FR;10;2021-07-13;0;0;0;0;0;0;0;0;0;0;0;0;0;0;0;0;0;0
FR;10;2021-07-14;0;0;0;0;0;0;0;0;0;0;0;0;0;0;0;0;0;0
FR;10;2021-07-15;0;0;0;0;0;0;0;0;0;0;0;0;0;0;0;0;0;0
FR;10;2021-07-16;0;0;0;0;0;0;0;0;0;0;0;0;0;0;0;0;0;0
FR;10;2021-07-17;0;0;0;0;0;0;0;0;0;0;0;0;0;0;0;0;0;0
FR;10;2021-07-18;0;0;0;0;0;0;0;0;0;0;0;0;0;0;0;0;0;0
FR;10;2021-07-19;0;0;0;0;0;0;0;0;0;0;0;0;0;0;0;0;0;0
FR;10;2021-07-20;0;0;0;0;0;0;0;0;0;0;0;0;0;0;0;0;0;0
FR;10;2021-07-21;0;0;0;0;0;0;0;0;0;0;0;0;0;0;0;0;0;0
FR;10;2021-07-22;0;0;0;0;0;0;0;0;0;0;0;0;0;0;0;0;0;0
FR;10;2021-07-23;0;0;0;0;0;0;0;0;0;0;0;0;0;0;0;0;0;0
FR;10;2021-07-24;0;0;0;0;0;0;0;0;0;0;0;0;0;0;0;0;0;0
FR;10;2021-07-25;0;0;0;0;0;0;0;0;0;0;0;0;0;0;0;0;0;0
FR;10;2021-07-26;0;0;0;0;0;0;0;0;0;0;0;0;0;0;0;0;0;0
FR;10;2021-07-27;0;0;0;0;0;0;0;0;0;0;0;0;0;0;0;0;0;0
FR;10;2021-07-28;0;0;0;0;0;0;0;0;0;0;0;0;0;0;0;0;0;0
FR;10;2021-07-29;0;0;0;0;0;0;0;0;0;0;0;0;0;0;0;0;0;0
FR;10;2021-07-30;0;0;0;0;0;0;0;0;0;0;0;0;0;0;0;0;0;0
FR;10;2021-07-31;0;0;0;0;0;0;0;0;0;0;0;0;0;0;0;0;0;0
FR;10;2021-08-01;0;0;0;0;0;0;0;0;0;0;0;0;0;0;0;0;0;0
FR;10;2021-08-02;0;0;0;0;0;0;0;0;0;0;0;0;0;0;0;0;0;0
FR;10;2021-08-03;0;0;0;0;0;0;0;0;0;0;0;0;0;0;0;0;0;0
FR;10;2021-08-04;0;0;0;0;0;0;0;0;0;0;0;0;0;0;0;0;0;0
FR;10;2021-08-05;0;0;0;0;0;0;0;0;0;0;0;0;0;0;0;0;0;0
FR;10;2021-08-06;0;0;0;0;0;0;0;0;0;0;0;0;0;0;0;0;0;0
FR;10;2021-08-07;0;0;0;0;0;0;0;0;0;0;0;0;0;0;0;0;0;0
FR;10;2021-08-08;0;0;0;0;0;0;0;0;0;0;0;0;0;0;0;0;0;0
FR;10;2021-08-09;0;0;0;0;0;0;0;0;0;0;0;0;0;0;0;0;0;0
FR;10;2021-08-10;0;0;0;0;0;0;0;0;0;0;0;0;0;0;0;0;0;0
FR;10;2021-08-11;0;0;0;0;0;0;0;0;0;0;0;0;0;0;0;0;0;0
FR;10;2021-08-12;0;0;0;0;0;0;0;0;0;0;0;0;0;0;0;0;0;0
FR;10;2021-08-13;0;0;0;0;0;0;0;0;0;0;0;0;0;0;0;0;0;0
FR;10;2021-08-14;0;0;0;0;0;0;0;0;0;0;0;0;0;0;0;0;0;0
FR;10;2021-08-15;0;0;0;0;0;0;0;0;0;0;0;0;0;0;0;0;0;0
FR;10;2021-08-16;0;0;0;0;0;0;0;0;0;0;0;0;0;0;0;0;0;0
FR;10;2021-08-17;0;0;0;0;0;0;0;0;0;0;0;0;0;0;0;0;0;0
FR;10;2021-08-18;0;0;0;0;0;0;0;0;0;0;0;0;0;0;0;0;0;0
FR;10;2021-08-19;0;0;0;0;0;0;0;0;0;0;0;0;0;0;0;0;0;0
FR;10;2021-08-20;0;0;0;0;0;0;0;0;0;0;0;0;0;0;0;0;0;0
FR;10;2021-08-21;0;0;0;0;0;0;0;0;0;0;0;0;0;0;0;0;0;0
FR;10;2021-08-22;0;0;0;0;0;0;0;0;0;0;0;0;0;0;0;0;0;0
FR;10;2021-08-23;0;0;0;0;0;0;0;0;0;0;0;0;0;0;0;0;0;0
FR;10;2021-08-24;0;0;0;0;0;0;0;0;0;0;0;0;0;0;0;0;0;0
FR;10;2021-08-25;0;0;0;0;0;0;0;0;0;0;0;0;0;0;0;0;0;0
FR;10;2021-08-26;0;0;0;0;0;0;0;0;0;0;0;0;0;0;0;0;0;0
FR;10;2021-08-27;0;0;0;0;0;0;0;0;0;0;0;0;0;0;0;0;0;0
FR;10;2021-08-28;0;0;0;0;0;0;0;0;0;0;0;0;0;0;0;0;0;0
FR;10;2021-08-29;0;0;0;0;0;0;0;0;0;0;0;0;0;0;0;0;0;0
FR;10;2021-08-30;0;0;0;0;0;0;0;0;0;0;0;0;0;0;0;0;0;0
FR;10;2021-08-31;0;0;0;0;0;0;0;0;0;0;0;0;0;0;0;0;0;0
FR;10;2021-09-01;0;0;0;0;0;0;0;0;0;0;0;0;0;0;0;0;0;0
FR;10;2021-09-02;0;0;0;0;0;0;0;0;0;0;0;0;0;0;0;0;0;0
FR;10;2021-09-03;0;0;0;0;0;0;0;0;0;0;0;0;0;0;0;0;0;0
FR;10;2021-09-04;0;0;0;0;0;0;0;0;0;0;0;0;0;0;0;0;0;0
FR;10;2021-09-05;0;0;0;0;0;0;0;0;0;0;0;0;0;0;0;0;0;0
FR;10;2021-09-06;0;0;0;0;0;0;0;0;0;0;0;0;0;0;0;0;0;0
FR;10;2021-09-07;0;0;0;0;0;0;0;0;0;0;0;0;0;0;0;0;0;0
FR;10;2021-09-08;0;0;0;0;0;0;0;0;0;0;0;0;0;0;0;0;0;0
FR;10;2021-09-09;0;0;0;0;0;0;0;0;0;0;0;0;0;0;0;0;0;0
FR;10;2021-09-10;0;0;0;0;0;0;0;0;0;0;0;0;0;0;0;0;0;0
FR;10;2021-09-11;0;0;0;0;0;0;0;0;0;0;0;0;0;0;0;0;0;0
FR;10;2021-09-12;0;0;0;0;0;0;0;0;0;0;0;0;0;0;0;0;0;0
FR;10;2021-09-13;0;0;0;0;0;0;0;0;0;0;0;0;0;0;0;0;0;0
FR;10;2021-09-14;0;0;0;0;0;0;0;0;0;0;0;0;0;0;0;0;0;0
FR;10;2021-09-15;0;0;0;0;0;0;0;0;0;0;0;0;0;0;0;0;0;0
FR;10;2021-09-16;0;0;0;0;0;0;0;0;0;0;0;0;0;0;0;0;0;0
FR;10;2021-09-17;0;0;0;0;0;0;0;0;0;0;0;0;0;0;0;0;0;0
FR;10;2021-09-18;0;0;0;0;0;0;0;0;0;0;0;0;0;0;0;0;0;0
FR;10;2021-09-19;0;0;0;0;0;0;0;0;0;0;0;0;0;0;0;0;0;0
FR;10;2021-09-20;0;0;0;0;0;0;0;0;0;0;0;0;0;0;0;0;0;0
FR;10;2021-09-21;0;0;0;0;0;0;0;0;0;0;0;0;0;0;0;0;0;0
FR;10;2021-09-22;0;0;0;0;0;0;0;0;0;0;0;0;0;0;0;0;0;0
FR;10;2021-09-23;0;0;0;0;0;0;0;0;0;0;0;0;0;0;0;0;0;0
FR;10;2021-09-24;0;0;0;0;0;0;0;0;0;0;0;0;0;0;0;0;0;0
FR;10;2021-09-25;0;0;0;0;0;0;0;0;0;0;0;0;0;0;0;0;0;0
FR;10;2021-09-26;0;0;0;0;0;0;0;0;0;0;0;0;0;0;0;0;0;0
FR;10;2021-09-27;0;0;0;0;0;0;0;0;0;0;0;0;0;0;0;0;0;0
FR;10;2021-09-28;0;0;0;0;0;0;0;0;0;0;0;0;0;0;0;0;0;0
FR;10;2021-09-29;0;0;0;0;0;0;0;0;0;0;0;0;0;0;0;0;0;0
FR;10;2021-09-30;0;0;0;0;0;0;0;0;0;0;0;0;0;0;0;0;0;0
FR;10;2021-10-01;0;0;0;0;0;0;0;0;0;0;0;0;0;0;0;0;0;0
FR;10;2021-10-02;0;0;0;0;0;0;0;0;0;0;0;0;0;0;0;0;0;0
FR;10;2021-10-03;0;0;0;0;0;0;0;0;0;0;0;0;0;0;0;0;0;0
FR;10;2021-10-04;0;0;0;0;0;0;0;0;0;0;0;0;0;0;0;0;0;0
FR;10;2021-10-05;0;0;0;0;0;0;0;0;0;0;0;0;0;0;0;0;0;0
FR;10;2021-10-06;0;0;0;0;0;0;0;0;0;0;0;0;0;0;0;0;0;0
FR;10;2021-10-07;0;0;0;0;0;0;0;0;0;0;0;0;0;0;0;0;0;0
FR;10;2021-10-08;0;0;0;0;0;0;0;0;0;0;0;0;0;0;0;0;0;0
FR;10;2021-10-09;0;0;0;0;0;0;0;0;0;0;0;0;0;0;0;0;0;0
FR;10;2021-10-10;0;0;0;0;0;0;0;0;0;0;0;0;0;0;0;0;0;0
FR;10;2021-10-11;0;0;0;0;0;0;0;0;0;0;0;0;0;0;0;0;0;0
FR;10;2021-10-12;0;0;0;0;0;0;0;0;0;0;0;0;0;0;0;0;0;0
FR;10;2021-10-13;0;0;0;0;0;0;0;0;0;0;0;0;0;0;0;0;0;0
FR;10;2021-10-14;0;0;0;0;0;0;0;0;0;0;0;0;0;0;0;0;0;0
FR;10;2021-10-15;0;0;0;0;0;0;0;0;0;0;0;0;0;0;0;0;0;0
FR;10;2021-10-16;0;0;0;0;0;0;0;0;0;0;0;0;0;0;0;0;0;0
FR;10;2021-10-17;0;0;0;0;0;0;0;0;0;0;0;0;0;0;0;0;0;0
FR;10;2021-10-18;0;0;0;0;0;0;0;0;0;0;0;0;0;0;0;0;0;0
FR;10;2021-10-19;0;0;0;0;0;0;0;0;0;0;0;0;0;0;0;0;0;0
FR;10;2021-10-20;0;0;0;0;0;0;0;0;0;0;0;0;0;0;0;0;0;0
FR;10;2021-10-21;0;0;0;0;0;0;0;0;0;0;0;0;0;0;0;0;0;0
FR;10;2021-10-22;0;0;0;0;0;0;0;0;0;0;0;0;0;0;0;0;0;0
FR;10;2021-10-23;0;0;0;0;0;0;0;0;0;0;0;0;0;0;0;0;0;0
FR;10;2021-10-24;0;0;0;0;0;0;0;0;0;0;0;0;0;0;0;0;0;0
FR;10;2021-10-25;0;0;0;0;0;0;0;0;0;0;0;0;0;0;0;0;0;0
FR;10;2021-10-26;0;0;0;0;0;0;0;0;0;0;0;0;0;0;0;0;0;0
FR;10;2021-10-27;0;0;0;0;0;0;0;0;0;0;0;0;0;0;0;0;0;0
FR;10;2021-10-28;0;0;0;0;0;0;0;0;0;0;0;0;0;0;0;0;0;0
FR;10;2021-10-29;0;0;0;0;0;0;0;0;0;0;0;0;0;0;0;0;0;0
FR;10;2021-10-30;0;0;0;0;0;0;0;0;0;0;0;0;0;0;0;0;0;0
FR;10;2021-10-31;0;0;0;0;0;0;0;0;0;0;0;0;0;0;0;0;0;0
FR;10;2021-11-01;0;0;0;0;0;0;0;0;0;0;0;0;0;0;0;0;0;0
FR;10;2021-11-02;0;0;0;0;0;0;0;0;0;0;0;0;0;0;0;0;0;0
FR;10;2021-11-03;0;0;0;0;0;0;0;0;0;0;0;0;0;0;0;0;0;0
FR;10;2021-11-04;0;0;0;0;0;0;0;0;0;0;0;0;0;0;0;0;0;0
FR;10;2021-11-05;0;0;0;0;0;0;0;0;0;0;0;0;0;0;0;0;0;0
FR;10;2021-11-06;0;0;0;0;0;0;0;0;0;0;0;0;0;0;0;0;0;0
FR;10;2021-11-07;0;0;0;0;0;0;0;0;0;0;0;0;0;0;0;0;0;0
FR;10;2021-11-08;0;0;0;0;0;0;0;0;0;0;0;0;0;0;0;0;0;0
FR;10;2021-11-09;0;0;0;0;0;0;0;0;0;0;0;0;0;0;0;0;0;0
FR;10;2021-11-10;0;0;0;0;0;0;0;0;0;0;0;0;0;0;0;0;0;0
FR;10;2021-11-11;0;0;0;0;0;0;0;0;0;0;0;0;0;0;0;0;0;0
FR;10;2021-11-12;0;0;0;0;0;0;0;0;0;0;0;0;0;0;0;0;0;0
FR;10;2021-11-13;0;0;0;0;0;0;0;0;0;0;0;0;0;0;0;0;0;0
FR;10;2021-11-14;0;0;0;0;0;0;0;0;0;0;0;0;0;0;0;0;0;0
FR;10;2021-11-15;0;0;0;0;0;0;0;0;0;0;0;0;0;0;0;0;0;0
FR;10;2021-11-16;0;0;0;0;0;0;0;0;0;0;0;0;0;0;0;0;0;0
FR;10;2021-11-17;0;0;0;0;0;0;0;0;0;0;0;0;0;0;0;0;0;0
FR;10;2021-11-18;0;0;0;0;0;0;0;0;0;0;0;0;0;0;0;0;0;0
FR;10;2021-11-19;0;0;0;0;0;0;0;0;0;0;0;0;0;0;0;0;0;0
FR;10;2021-11-20;0;0;0;0;0;0;0;0;0;0;0;0;0;0;0;0;0;0
FR;10;2021-11-21;0;0;0;0;0;0;0;0;0;0;0;0;0;0;0;0;0;0
FR;10;2021-11-22;0;0;0;0;0;0;0;0;0;0;0;0;0;0;0;0;0;0
FR;10;2021-11-23;0;0;0;0;0;0;0;0;0;0;0;0;0;0;0;0;0;0
FR;10;2021-11-24;0;0;0;0;0;0;0;0;0;0;0;0;0;0;0;0;0;0
FR;10;2021-11-25;0;0;0;0;0;0;0;0;0;0;0;0;0;0;0;0;0;0
FR;10;2021-11-26;0;0;0;0;0;0;0;0;0;0;0;0;0;0;0;0;0;0
FR;10;2021-11-27;0;0;0;0;0;0;0;0;0;0;0;0;0;0;0;0;0;0
FR;10;2021-11-28;0;0;0;0;0;0;0;0;0;0;0;0;0;0;0;0;0;0
FR;10;2021-11-29;0;0;0;0;0;0;0;0;0;0;0;0;0;0;0;0;0;0
FR;10;2021-11-30;0;0;0;0;0;0;0;0;0;0;0;0;0;0;0;0;0;0
FR;10;2021-12-01;0;0;0;0;0;0;0;0;0;0;0;0;0;0;0;0;0;0
FR;10;2021-12-02;0;0;0;0;0;0;0;0;0;0;0;0;0;0;0;0;0;0
FR;10;2021-12-03;0;0;0;0;0;0;0;0;0;0;0;0;0;0;0;0;0;0
FR;10;2021-12-04;0;0;0;0;0;0;0;0;0;0;0;0;0;0;0;0;0;0
FR;10;2021-12-05;0;0;0;0;0;0;0;0;0;0;0;0;0;0;0;0;0;0
FR;10;2021-12-06;0;0;0;0;0;0;0;0;0;0;0;0;0;0;0;0;0;0
FR;10;2021-12-07;0;0;0;0;0;0;0;0;0;0;0;0;0;0;0;0;0;0
FR;10;2021-12-08;0;0;0;0;0;0;0;0;0;0;0;0;0;0;0;0;0;0
FR;10;2021-12-09;0;0;0;0;0;0;0;0;0;0;0;0;0;0;0;0;0;0
FR;10;2021-12-10;0;0;0;0;0;0;0;0;0;0;0;0;0;0;0;0;0;0
FR;10;2021-12-11;0;0;0;0;0;0;0;0;0;0;0;0;0;0;0;0;0;0
FR;10;2021-12-12;0;0;0;0;0;0;0;0;0;0;0;0;0;0;0;0;0;0
FR;10;2021-12-13;0;0;0;0;0;0;0;0;0;0;0;0;0;0;0;0;0;0
FR;10;2021-12-14;0;0;0;0;0;0;0;0;0;0;0;0;0;0;0;0;0;0
FR;10;2021-12-15;0;0;0;0;0;0;0;0;0;0;0;0;0;0;0;0;0;0
FR;10;2021-12-16;0;0;0;0;0;0;0;0;0;0;0;0;0;0;0;0;0;0
FR;10;2021-12-17;0;0;0;0;0;0;0;0;0;0;0;0;0;0;0;0;0;0
FR;10;2021-12-18;0;0;0;0;0;0;0;0;0;0;0;0;0;0;0;0;0;0
FR;10;2021-12-19;0;0;0;0;0;0;0;0;0;0;0;0;0;0;0;0;0;0
FR;10;2021-12-20;0;0;0;0;0;0;0;0;0;0;0;0;0;0;0;0;0;0
FR;10;2021-12-21;0;0;0;0;0;0;0;0;0;0;0;0;0;0;0;0;0;0
FR;10;2021-12-22;0;0;0;0;0;0;0;0;0;0;0;0;0;0;0;0;0;0
FR;10;2021-12-23;0;0;0;0;0;0;0;0;0;0;0;0;0;0;0;0;0;0
FR;10;2021-12-24;0;0;0;0;0;0;0;0;0;0;0;0;0;0;0;0;0;0
FR;10;2021-12-25;0;0;0;0;0;0;0;0;0;0;0;0;0;0;0;0;0;0
FR;10;2021-12-26;0;0;0;0;0;0;0;0;0;0;0;0;0;0;0;0;0;0
FR;10;2021-12-27;0;0;0;0;0;0;0;0;0;0;0;0;0;0;0;0;0;0
FR;10;2021-12-28;0;0;0;0;0;0;0;0;0;0;0;0;0;0;0;0;0;0
FR;10;2021-12-29;0;0;0;0;0;0;0;0;0;0;0;0;0;0;0;0;0;0
FR;10;2021-12-30;0;0;0;0;0;0;0;0;0;0;0;0;0;0;0;0;0;0
FR;10;2021-12-31;0;0;0;0;0;0;0;0;0;0;0;0;0;0;0;0;0;0
FR;10;2022-01-01;0;0;0;0;0;0;0;0;0;0;0;0;0;0;0;0;0;0
FR;10;2022-01-02;0;0;0;0;0;0;0;0;0;0;0;0;0;0;0;0;0;0
FR;10;2022-01-03;0;0;0;0;0;0;0;0;0;0;0;0;0;0;0;0;0;0
FR;10;2022-01-04;0;0;0;0;0;0;0;0;0;0;0;0;0;0;0;0;0;0
FR;10;2022-01-05;0;0;0;0;0;0;0;0;0;0;0;0;0;0;0;0;0;0
FR;10;2022-01-06;0;0;0;0;0;0;0;0;0;0;0;0;0;0;0;0;0;0
FR;10;2022-01-07;0;0;0;0;0;0;0;0;0;0;0;0;0;0;0;0;0;0
FR;10;2022-01-08;0;0;0;0;0;0;0;0;0;0;0;0;0;0;0;0;0;0
FR;10;2022-01-09;0;0;0;0;0;0;0;0;0;0;0;0;0;0;0;0;0;0
FR;10;2022-01-10;0;0;0;0;0;0;0;0;0;0;0;0;0;0;0;0;0;0
FR;10;2022-01-11;0;0;0;0;0;0;0;0;0;0;0;0;0;0;0;0;0;0
FR;10;2022-01-12;0;0;0;0;0;0;0;0;0;0;0;0;0;0;0;0;0;0
FR;10;2022-01-13;0;0;0;0;0;0;0;0;0;0;0;0;0;0;0;0;0;0
FR;10;2022-01-14;0;0;0;0;0;0;0;0;0;0;0;0;0;0;0;0;0;0
FR;10;2022-01-15;0;0;0;0;0;0;0;0;0;0;0;0;0;0;0;0;0;0
FR;10;2022-01-16;0;0;0;0;0;0;0;0;0;0;0;0;0;0;0;0;0;0
FR;10;2022-01-17;0;0;0;0;0;0;0;0;0;0;0;0;0;0;0;0;0;0
FR;10;2022-01-18;0;0;0;0;0;0;0;0;0;0;0;0;0;0;0;0;0;0
FR;10;2022-01-19;0;0;0;0;0;0;0;0;0;0;0;0;0;0;0;0;0;0
FR;10;2022-01-20;0;0;0;0;0;0;0;0;0;0;0;0;0;0;0;0;0;0
FR;10;2022-01-21;0;0;0;0;0;0;0;0;0;0;0;0;0;0;0;0;0;0
FR;10;2022-01-22;0;0;0;0;0;0;0;0;0;0;0;0;0;0;0;0;0;0
FR;10;2022-01-23;0;0;0;0;0;0;0;0;0;0;0;0;0;0;0;0;0;0
FR;10;2022-01-24;0;0;0;0;0;0;0;0;0;0;0;0;0;0;0;0;0;0
FR;10;2022-01-25;0;0;0;0;0;0;0;0;0;0;0;0;0;0;0;0;0;0
FR;10;2022-01-26;0;0;0;0;0;0;0;0;0;0;0;0;0;0;0;0;0;0
FR;10;2022-01-27;0;0;0;0;0;0;0;0;0;0;0;0;0;0;0;0;0;0
FR;10;2022-01-28;0;0;0;0;0;0;0;0;0;0;0;0;0;0;0;0;0;0
FR;10;2022-01-29;0;0;0;0;0;0;0;0;0;0;0;0;0;0;0;0;0;0
FR;10;2022-01-30;0;0;0;0;0;0;0;0;0;0;0;0;0;0;0;0;0;0
FR;10;2022-01-31;0;0;0;0;0;0;0;0;0;0;0;0;0;0;0;0;0;0
FR;10;2022-02-01;0;0;0;0;0;0;0;0;0;0;0;0;0;0;0;0;0;0
FR;10;2022-02-02;0;0;0;0;0;0;0;0;0;0;0;0;0;0;0;0;0;0
FR;10;2022-02-03;0;0;0;0;0;0;0;0;0;0;0;0;0;0;0;0;0;0
FR;10;2022-02-04;0;0;0;0;0;0;0;0;0;0;0;0;0;0;0;0;0;0
FR;10;2022-02-05;0;0;0;0;0;0;0;0;0;0;0;0;0;0;0;0;0;0
FR;10;2022-02-06;0;0;0;0;0;0;0;0;0;0;0;0;0;0;0;0;0;0
FR;10;2022-02-07;0;0;0;0;0;0;0;0;0;0;0;0;0;0;0;0;0;0
FR;10;2022-02-08;0;0;0;0;0;0;0;0;0;0;0;0;0;0;0;0;0;0
FR;10;2022-02-09;0;0;0;0;0;0;0;0;0;0;0;0;0;0;0;0;0;0
FR;10;2022-02-10;0;0;0;0;0;0;0;0;0;0;0;0;0;0;0;0;0;0
FR;10;2022-02-11;0;0;0;0;0;0;0;0;0;0;0;0;0;0;0;0;0;0
FR;10;2022-02-12;0;0;0;0;0;0;0;0;0;0;0;0;0;0;0;0;0;0
FR;10;2022-02-13;0;0;0;0;0;0;0;0;0;0;0;0;0;0;0;0;0;0
FR;10;2022-02-14;0;0;0;0;0;0;0;0;0;0;0;0;0;0;0;0;0;0
FR;10;2022-02-15;0;0;0;0;0;0;0;0;0;0;0;0;0;0;0;0;0;0
FR;10;2022-02-16;0;0;0;0;0;0;0;0;0;0;0;0;0;0;0;0;0;0
FR;10;2022-02-17;0;0;0;0;0;0;0;0;0;0;0;0;0;0;0;0;0;0
FR;10;2022-02-18;0;0;0;0;0;0;0;0;0;0;0;0;0;0;0;0;0;0
FR;10;2022-02-19;0;0;0;0;0;0;0;0;0;0;0;0;0;0;0;0;0;0
FR;10;2022-02-20;0;0;0;0;0;0;0;0;0;0;0;0;0;0;0;0;0;0
FR;10;2022-02-21;0;0;0;0;0;0;0;0;0;0;0;0;0;0;0;0;0;0
FR;10;2022-02-22;0;0;0;0;0;0;0;0;0;0;0;0;0;0;0;0;0;0
FR;10;2022-02-23;0;0;0;0;0;0;0;0;0;0;0;0;0;0;0;0;0;0
FR;10;2022-02-24;0;0;0;0;0;0;0;0;0;0;0;0;0;0;0;0;0;0
FR;10;2022-02-25;0;0;0;0;0;0;0;0;0;0;0;0;0;0;0;0;0;0
FR;10;2022-02-26;0;0;0;0;0;0;0;0;0;0;0;0;0;0;0;0;0;0
FR;10;2022-02-27;0;0;0;0;0;0;0;0;0;0;0;0;0;0;0;0;0;0
FR;10;2022-02-28;0;0;0;0;0;0;0;0;0;0;0;0;0;0;0;0;0;0
FR;10;2022-03-01;0;0;0;0;0;0;0;0;0;0;0;0;0;0;0;0;0;0
FR;10;2022-03-02;0;0;0;0;0;0;0;0;0;0;0;0;0;0;0;0;0;0
FR;10;2022-03-03;0;0;0;0;0;0;0;0;0;0;0;0;0;0;0;0;0;0
FR;10;2022-03-04;0;0;0;0;0;0;0;0;0;0;0;0;0;0;0;0;0;0
FR;10;2022-03-05;0;0;0;0;0;0;0;0;0;0;0;0;0;0;0;0;0;0
FR;10;2022-03-06;0;0;0;0;0;0;0;0;0;0;0;0;0;0;0;0;0;0
FR;10;2022-03-07;0;0;0;0;0;0;0;0;0;0;0;0;0;0;0;0;0;0
FR;10;2022-03-08;0;0;0;0;0;0;0;0;0;0;0;0;0;0;0;0;0;0
FR;10;2022-03-09;0;0;0;0;0;0;0;0;0;0;0;0;0;0;0;0;0;0
FR;10;2022-03-10;0;0;0;0;0;0;0;0;0;0;0;0;0;0;0;0;0;0
FR;10;2022-03-11;0;0;0;0;0;0;0;0;0;0;0;0;0;0;0;0;0;0
FR;10;2022-03-12;0;0;0;0;0;0;0;0;0;0;0;0;0;0;0;0;0;0
FR;10;2022-03-13;0;0;0;0;0;0;0;0;0;0;0;0;0;0;0;0;0;0
FR;10;2022-03-14;0;0;0;0;0;0;0;0;0;0;0;0;0;0;0;0;0;0
FR;10;2022-03-15;0;0;0;0;0;0;0;0;0;0;0;0;0;0;0;0;0;0
FR;10;2022-03-16;0;0;0;0;0;0;0;0;0;0;0;0;0;0;0;0;0;0
FR;10;2022-03-17;0;0;0;0;0;0;0;0;0;0;0;0;0;0;0;0;0;0
FR;10;2022-03-18;0;0;0;0;0;0;0;0;0;0;0;0;0;0;0;0;0;0
FR;10;2022-03-19;0;0;0;0;0;0;0;0;0;0;0;0;0;0;0;0;0;0
FR;10;2022-03-20;0;0;0;0;0;0;0;0;0;0;0;0;0;0;0;0;0;0
FR;10;2022-03-21;0;0;0;0;0;0;0;0;0;0;0;0;0;0;0;0;0;0
FR;10;2022-03-22;0;0;0;0;0;0;0;0;0;0;0;0;0;0;0;0;0;0
FR;10;2022-03-23;0;0;0;0;0;0;0;0;0;0;0;0;0;0;0;0;0;0
FR;10;2022-03-24;0;0;0;0;0;0;0;0;0;0;0;0;0;0;0;0;0;0
FR;10;2022-03-25;0;0;0;0;0;0;0;0;0;0;0;0;0;0;0;0;0;0
FR;10;2022-03-26;0;0;0;0;0;0;0;0;0;0;0;0;0;0;0;0;0;0
FR;10;2022-03-27;0;0;0;0;0;0;0;0;0;0;0;0;0;0;0;0;0;0
FR;10;2022-03-28;0;0;0;0;0;0;0;0;0;0;0;0;0;0;0;0;0;0
FR;10;2022-03-29;0;0;0;0;0;0;0;0;0;0;0;0;0;0;0;0;0;0
FR;10;2022-03-30;0;0;0;0;0;0;0;0;0;0;0;0;0;0;0;0;0;0
FR;10;2022-03-31;0;0;0;0;0;0;0;0;0;0;0;0;0;0;0;0;0;0
FR;10;2022-04-01;0;0;0;0;0;0;0;0;0;0;0;0;0;0;0;0;0;0
FR;10;2022-04-02;0;0;0;0;0;0;0;0;0;0;0;0;0;0;0;0;0;0
FR;10;2022-04-03;0;0;0;0;0;0;0;0;0;0;0;0;0;0;0;0;0;0
FR;10;2022-04-04;0;0;0;0;0;0;0;0;0;0;0;0;0;0;0;0;0;0
FR;10;2022-04-05;0;0;0;0;0;0;0;0;0;0;0;0;0;0;0;0;0;0
FR;10;2022-04-06;0;0;0;0;0;0;0;0;0;0;0;0;0;0;0;0;0;0
FR;10;2022-04-07;0;0;0;0;0;0;0;0;0;0;0;0;0;0;0;0;0;0
FR;10;2022-04-08;0;0;0;0;0;0;0;0;0;0;0;0;0;0;0;0;0;0
FR;10;2022-04-09;0;0;0;0;0;0;0;0;0;0;0;0;0;0;0;0;0;0
FR;10;2022-04-10;0;0;0;0;0;0;0;0;0;0;0;0;0;0;0;0;0;0
FR;10;2022-04-11;0;0;0;0;0;0;0;0;0;0;0;0;0;0;0;0;0;0
FR;10;2022-04-12;0;0;0;0;0;0;0;0;0;0;0;0;0;0;0;0;0;0
FR;10;2022-04-13;0;0;0;0;0;0;0;0;0;0;0;0;0;0;0;0;0;0
FR;10;2022-04-14;0;0;0;0;0;0;0;0;0;0;0;0;0;0;0;0;0;0
FR;10;2022-04-15;0;0;0;0;0;0;0;0;0;0;0;0;0;0;0;0;0;0
FR;10;2022-04-16;0;0;0;0;0;0;0;0;0;0;0;0;0;0;0;0;0;0
FR;10;2022-04-17;0;0;0;0;0;0;0;0;0;0;0;0;0;0;0;0;0;0
FR;10;2022-04-18;0;0;0;0;0;0;0;0;0;0;0;0;0;0;0;0;0;0
FR;10;2022-04-19;0;0;0;0;0;0;0;0;0;0;0;0;0;0;0;0;0;0
FR;10;2022-04-20;0;0;0;0;0;0;0;0;0;0;0;0;0;0;0;0;0;0
FR;10;2022-04-21;0;0;0;0;0;0;0;0;0;0;0;0;0;0;0;0;0;0
FR;10;2022-04-22;0;0;0;0;0;0;0;0;0;0;0;0;0;0;0;0;0;0
FR;10;2022-04-23;0;0;0;0;0;0;0;0;0;0;0;0;0;0;0;0;0;0
FR;10;2022-04-24;0;0;0;0;0;0;0;0;0;0;0;0;0;0;0;0;0;0
FR;10;2022-04-25;0;0;0;0;0;0;0;0;0;0;0;0;0;0;0;0;0;0
FR;10;2022-04-26;0;0;0;0;0;0;0;0;0;0;0;0;0;0;0;0;0;0
FR;10;2022-04-27;0;0;0;0;0;0;0;0;0;0;0;0;0;0;0;0;0;0
FR;10;2022-04-28;0;0;0;0;0;0;0;0;0;0;0;0;0;0;0;0;0;0
FR;10;2022-04-29;0;0;0;0;0;0;0;0;0;0;0;0;0;0;0;0;0;0
FR;10;2022-04-30;0;0;0;0;0;0;0;0;0;0;0;0;0;0;0;0;0;0
FR;10;2022-05-01;0;0;0;0;0;0;0;0;0;0;0;0;0;0;0;0;0;0
FR;10;2022-05-02;0;0;0;0;0;0;0;0;0;0;0;0;0;0;0;0;0;0
FR;10;2022-05-03;0;0;0;0;0;0;0;0;0;0;0;0;0;0;0;0;0;0
FR;10;2022-05-04;0;0;0;0;0;0;0;0;0;0;0;0;0;0;0;0;0;0
FR;10;2022-05-05;0;0;0;0;0;0;0;0;0;0;0;0;0;0;0;0;0;0
FR;10;2022-05-06;0;0;0;0;0;0;0;0;0;0;0;0;0;0;0;0;0;0
FR;10;2022-05-07;0;0;0;0;0;0;0;0;0;0;0;0;0;0;0;0;0;0
FR;10;2022-05-08;0;0;0;0;0;0;0;0;0;0;0;0;0;0;0;0;0;0
FR;10;2022-05-09;0;0;0;0;0;0;0;0;0;0;0;0;0;0;0;0;0;0
FR;10;2022-05-10;0;0;0;0;0;0;0;0;0;0;0;0;0;0;0;0;0;0
FR;10;2022-05-11;0;0;0;0;0;0;0;0;0;0;0;0;0;0;0;0;0;0
FR;10;2022-05-12;0;0;0;0;0;0;0;0;0;0;0;0;0;0;0;0;0;0
FR;10;2022-05-13;0;0;0;0;0;0;0;0;0;0;0;0;0;0;0;0;0;0
FR;10;2022-05-14;0;0;0;0;0;0;0;0;0;0;0;0;0;0;0;0;0;0
FR;10;2022-05-15;0;0;0;0;0;0;0;0;0;0;0;0;0;0;0;0;0;0
FR;10;2022-05-16;0;0;0;0;0;0;0;0;0;0;0;0;0;0;0;0;0;0
FR;10;2022-05-17;0;0;0;0;0;0;0;0;0;0;0;0;0;0;0;0;0;0
FR;10;2022-05-18;0;0;0;0;0;0;0;0;0;0;0;0;0;0;0;0;0;0
FR;10;2022-05-19;0;0;0;0;0;0;0;0;0;0;0;0;0;0;0;0;0;0
FR;10;2022-05-20;0;0;0;0;0;0;0;0;0;0;0;0;0;0;0;0;0;0
FR;10;2022-05-21;0;0;0;0;0;0;0;0;0;0;0;0;0;0;0;0;0;0
FR;10;2022-05-22;0;0;0;0;0;0;0;0;0;0;0;0;0;0;0;0;0;0
FR;10;2022-05-23;0;0;0;0;0;0;0;0;0;0;0;0;0;0;0;0;0;0
FR;10;2022-05-24;0;0;0;0;0;0;0;0;0;0;0;0;0;0;0;0;0;0
FR;10;2022-05-25;0;0;0;0;0;0;0;0;0;0;0;0;0;0;0;0;0;0
FR;10;2022-05-26;0;0;0;0;0;0;0;0;0;0;0;0;0;0;0;0;0;0
FR;10;2022-05-27;0;0;0;0;0;0;0;0;0;0;0;0;0;0;0;0;0;0
FR;10;2022-05-28;0;0;0;0;0;0;0;0;0;0;0;0;0;0;0;0;0;0
FR;10;2022-05-29;0;0;0;0;0;0;0;0;0;0;0;0;0;0;0;0;0;0
FR;10;2022-05-30;0;0;0;0;0;0;0;0;0;0;0;0;0;0;0;0;0;0
FR;10;2022-05-31;0;0;0;0;0;0;0;0;0;0;0;0;0;0;0;0;0;0
FR;10;2022-06-01;0;0;0;0;0;0;0;0;0;0;0;0;0;0;0;0;0;0
FR;10;2022-06-02;0;0;0;0;0;0;0;0;0;0;0;0;0;0;0;0;0;0
FR;10;2022-06-03;0;0;0;0;0;0;0;0;0;0;0;0;0;0;0;0;0;0
FR;10;2022-06-04;0;0;0;0;0;0;0;0;0;0;0;0;0;0;0;0;0;0
FR;10;2022-06-05;0;0;0;0;0;0;0;0;0;0;0;0;0;0;0;0;0;0
FR;10;2022-06-06;0;0;0;0;0;0;0;0;0;0;0;0;0;0;0;0;0;0
FR;10;2022-06-07;0;0;0;0;0;0;0;0;0;0;0;0;0;0;0;0;0;0
FR;10;2022-06-08;0;0;0;0;0;0;0;0;0;0;0;0;0;0;0;0;0;0
FR;10;2022-06-09;0;0;0;0;0;0;0;0;0;0;0;0;0;0;0;0;0;0
FR;10;2022-06-10;0;0;0;0;0;0;0;0;0;0;0;0;0;0;0;0;0;0
FR;10;2022-06-11;0;0;0;0;0;0;0;0;0;0;0;0;0;0;0;0;0;0
FR;10;2022-06-12;0;0;0;0;0;0;0;0;0;0;0;0;0;0;0;0;0;0
FR;10;2022-06-13;0;0;0;0;0;0;0;0;0;0;0;0;0;0;0;0;0;0
FR;10;2022-06-14;0;0;0;0;0;0;0;0;0;0;0;0;0;0;0;0;0;0
FR;10;2022-06-15;0;0;0;0;0;0;0;0;0;0;0;0;0;0;0;0;0;0
FR;10;2022-06-16;0;0;0;0;0;0;0;0;0;0;0;0;0;0;0;0;0;0
FR;10;2022-06-17;0;0;0;0;0;0;0;0;0;0;0;0;0;0;0;0;0;0
FR;10;2022-06-18;0;0;0;0;0;0;0;0;0;0;0;0;0;0;0;0;0;0
FR;10;2022-06-19;0;0;0;0;0;0;0;0;0;0;0;0;0;0;0;0;0;0
FR;10;2022-06-20;0;0;0;0;0;0;0;0;0;0;0;0;0;0;0;0;0;0
FR;10;2022-06-21;0;0;0;0;0;0;0;0;0;0;0;0;0;0;0;0;0;0
FR;10;2022-06-22;0;0;0;0;0;0;0;0;0;0;0;0;0;0;0;0;0;0
FR;10;2022-06-23;0;0;0;0;0;0;0;0;0;0;0;0;0;0;0;0;0;0
FR;10;2022-06-24;0;0;0;0;0;0;0;0;0;0;0;0;0;0;0;0;0;0
FR;10;2022-06-25;0;0;0;0;0;0;0;0;0;0;0;0;0;0;0;0;0;0
FR;10;2022-06-26;0;0;0;0;0;0;0;0;0;0;0;0;0;0;0;0;0;0
FR;10;2022-06-27;0;0;0;0;0;0;0;0;0;0;0;0;0;0;0;0;0;0
FR;10;2022-06-28;0;0;0;0;0;0;0;0;0;0;0;0;0;0;0;0;0;0
FR;10;2022-06-29;0;0;0;0;0;0;0;0;0;0;0;0;0;0;0;0;0;0
FR;10;2022-06-30;0;0;0;0;0;0;0;0;0;0;0;0;0;0;0;0;0;0
FR;10;2022-07-01;0;0;0;0;0;0;0;0;0;0;0;0;0;0;0;0;0;0
FR;10;2022-07-02;0;0;0;0;0;0;0;0;0;0;0;0;0;0;0;0;0;0
FR;10;2022-07-03;0;0;0;0;0;0;0;0;0;0;0;0;0;0;0;0;0;0
FR;10;2022-07-04;0;0;0;0;0;0;0;0;0;0;0;0;0;0;0;0;0;0
FR;10;2022-07-05;0;0;0;0;0;0;0;0;0;0;0;0;0;0;0;0;0;0
FR;10;2022-07-06;0;0;0;0;0;0;0;0;0;0;0;0;0;0;0;0;0;0
FR;10;2022-07-07;0;0;0;0;0;0;0;0;0;0;0;0;0;0;0;0;0;0
FR;10;2022-07-08;0;0;0;0;0;0;0;0;0;0;0;0;0;0;0;0;0;0
FR;10;2022-07-09;0;0;0;0;0;0;0;0;0;0;0;0;0;0;0;0;0;0
FR;10;2022-07-10;0;0;0;0;0;0;0;0;0;0;0;0;0;0;0;0;0;0
FR;10;2022-07-11;0;0;0;0;0;0;0;0;0;0;0;0;0;0;0;0;0;0
FR;10;2022-07-12;0;0;0;0;0;0;0;0;0;0;0;0;0;0;0;0;0;0
FR;10;2022-07-13;0;0;0;0;0;0;0;0;0;0;0;0;0;0;0;0;0;0
FR;10;2022-07-14;0;0;0;0;0;0;0;0;0;0;0;0;0;0;0;0;0;0
FR;10;2022-07-15;0;0;0;0;0;0;0;0;0;0;0;0;0;0;0;0;0;0
FR;10;2022-07-16;0;0;0;0;0;0;0;0;0;0;0;0;0;0;0;0;0;0
FR;10;2022-07-17;0;0;0;0;0;0;0;0;0;0;0;0;0;0;0;0;0;0
FR;10;2022-07-18;0;0;0;0;0;0;0;0;0;0;0;0;0;0;0;0;0;0
FR;10;2022-07-19;0;0;0;0;0;0;0;0;0;0;0;0;0;0;0;0;0;0
FR;10;2022-07-20;0;0;0;0;0;0;0;0;0;0;0;0;0;0;0;0;0;0
FR;10;2022-07-21;0;0;0;0;0;0;0;0;0;0;0;0;0;0;0;0;0;0
FR;10;2022-07-22;0;0;0;0;0;0;0;0;0;0;0;0;0;0;0;0;0;0
FR;10;2022-07-23;0;0;0;0;0;0;0;0;0;0;0;0;0;0;0;0;0;0
FR;10;2022-07-24;0;0;0;0;0;0;0;0;0;0;0;0;0;0;0;0;0;0
FR;10;2022-07-25;0;0;0;0;0;0;0;0;0;0;0;0;0;0;0;0;0;0
FR;10;2022-07-26;0;0;0;0;0;0;0;0;0;0;0;0;0;0;0;0;0;0
FR;10;2022-07-27;0;0;0;0;0;0;0;0;0;0;0;0;0;0;0;0;0;0
FR;10;2022-07-28;0;0;0;0;0;0;0;0;0;0;0;0;0;0;0;0;0;0
FR;10;2022-07-29;0;0;0;0;0;0;0;0;0;0;0;0;0;0;0;0;0;0
FR;10;2022-07-30;0;0;0;0;0;0;0;0;0;0;0;0;0;0;0;0;0;0
FR;10;2022-07-31;0;0;0;0;0;0;0;0;0;0;0;0;0;0;0;0;0;0
FR;10;2022-08-01;0;0;0;0;0;0;0;0;0;0;0;0;0;0;0;0;0;0
FR;10;2022-08-02;0;0;0;0;0;0;0;0;0;0;0;0;0;0;0;0;0;0
FR;10;2022-08-03;0;0;0;0;0;0;0;0;0;0;0;0;0;0;0;0;0;0
FR;10;2022-08-04;0;0;0;0;0;0;0;0;0;0;0;0;0;0;0;0;0;0
FR;10;2022-08-05;0;0;0;0;0;0;0;0;0;0;0;0;0;0;0;0;0;0
FR;10;2022-08-06;0;0;0;0;0;0;0;0;0;0;0;0;0;0;0;0;0;0
FR;10;2022-08-07;0;0;0;0;0;0;0;0;0;0;0;0;0;0;0;0;0;0
FR;10;2022-08-08;0;0;0;0;0;0;0;0;0;0;0;0;0;0;0;0;0;0
FR;10;2022-08-09;0;0;0;0;0;0;0;0;0;0;0;0;0;0;0;0;0;0
FR;10;2022-08-10;0;0;0;0;0;0;0;0;0;0;0;0;0;0;0;0;0;0
FR;10;2022-08-11;0;0;0;0;0;0;0;0;0;0;0;0;0;0;0;0;0;0
FR;10;2022-08-12;0;0;0;0;0;0;0;0;0;0;0;0;0;0;0;0;0;0
FR;10;2022-08-13;0;0;0;0;0;0;0;0;0;0;0;0;0;0;0;0;0;0
FR;10;2022-08-14;0;0;0;0;0;0;0;0;0;0;0;0;0;0;0;0;0;0
FR;10;2022-08-15;0;0;0;0;0;0;0;0;0;0;0;0;0;0;0;0;0;0
FR;10;2022-08-16;0;0;0;0;0;0;0;0;0;0;0;0;0;0;0;0;0;0
FR;10;2022-08-17;0;0;0;0;0;0;0;0;0;0;0;0;0;0;0;0;0;0
FR;10;2022-08-18;0;0;0;0;0;0;0;0;0;0;0;0;0;0;0;0;0;0
FR;10;2022-08-19;0;0;0;0;0;0;0;0;0;0;0;0;0;0;0;0;0;0
FR;10;2022-08-20;0;0;0;0;0;0;0;0;0;0;0;0;0;0;0;0;0;0
FR;10;2022-08-21;0;0;0;0;0;0;0;0;0;0;0;0;0;0;0;0;0;0
FR;10;2022-08-22;0;0;0;0;0;0;0;0;0;0;0;0;0;0;0;0;0;0
FR;10;2022-08-23;0;0;0;0;0;0;0;0;0;0;0;0;0;0;0;0;0;0
FR;10;2022-08-24;0;0;0;0;0;0;0;0;0;0;0;0;0;0;0;0;0;0
FR;10;2022-08-25;0;0;0;0;0;0;0;0;0;0;0;0;0;0;0;0;0;0
FR;10;2022-08-26;0;0;0;0;0;0;0;0;0;0;0;0;0;0;0;0;0;0
FR;10;2022-08-27;0;0;0;0;0;0;0;0;0;0;0;0;0;0;0;0;0;0
FR;10;2022-08-28;0;0;0;0;0;0;0;0;0;0;0;0;0;0;0;0;0;0
FR;10;2022-08-29;0;0;0;0;0;0;0;0;0;0;0;0;0;0;0;0;0;0
FR;10;2022-08-30;0;0;0;0;0;0;0;0;0;0;0;0;0;0;0;0;0;0
FR;10;2022-08-31;0;0;0;0;0;0;0;0;0;0;0;0;0;0;0;0;0;0
FR;10;2022-09-01;0;0;0;0;0;0;0;0;0;0;0;0;0;0;0;0;0;0
FR;10;2022-09-02;0;0;0;0;0;0;0;0;0;0;0;0;0;0;0;0;0;0
FR;10;2022-09-03;0;0;0;0;0;0;0;0;0;0;0;0;0;0;0;0;0;0
FR;10;2022-09-04;0;0;0;0;0;0;0;0;0;0;0;0;0;0;0;0;0;0
FR;10;2022-09-05;0;0;0;0;0;0;0;0;0;0;0;0;0;0;0;0;0;0
FR;10;2022-09-06;0;0;0;0;0;0;0;0;0;0;0;0;0;0;0;0;0;0
FR;10;2022-09-07;0;0;0;0;0;0;0;0;0;0;0;0;0;0;0;0;0;0
FR;10;2022-09-08;0;0;0;0;0;0;0;0;0;0;0;0;0;0;0;0;0;0
FR;10;2022-09-09;0;0;0;0;0;0;0;0;0;0;0;0;0;0;0;0;0;0
FR;10;2022-09-10;0;0;0;0;0;0;0;0;0;0;0;0;0;0;0;0;0;0
FR;10;2022-09-11;0;0;0;0;0;0;0;0;0;0;0;0;0;0;0;0;0;0
FR;10;2022-09-12;0;0;0;0;0;0;0;0;0;0;0;0;0;0;0;0;0;0
FR;10;2022-09-13;0;0;0;0;0;0;0;0;0;0;0;0;0;0;0;0;0;0
FR;10;2022-09-14;0;0;0;0;0;0;0;0;0;0;0;0;0;0;0;0;0;0
FR;10;2022-09-15;0;0;0;0;0;0;0;0;0;0;0;0;0;0;0;0;0;0
FR;10;2022-09-16;0;0;0;0;0;0;0;0;0;0;0;0;0;0;0;0;0;0
FR;10;2022-09-17;0;0;0;0;0;0;0;0;0;0;0;0;0;0;0;0;0;0
FR;10;2022-09-18;0;0;0;0;0;0;0;0;0;0;0;0;0;0;0;0;0;0
FR;10;2022-09-19;0;0;0;0;0;0;0;0;0;0;0;0;0;0;0;0;0;0
FR;10;2022-09-20;0;0;0;0;0;0;0;0;0;0;0;0;0;0;0;0;0;0
FR;10;2022-09-21;0;0;0;0;0;0;0;0;0;0;0;0;0;0;0;0;0;0
FR;10;2022-09-22;0;0;0;0;0;0;0;0;0;0;0;0;0;0;0;0;0;0
FR;10;2022-09-23;0;0;0;0;0;0;0;0;0;0;0;0;0;0;0;0;0;0
FR;10;2022-09-24;0;0;0;0;0;0;0;0;0;0;0;0;0;0;0;0;0;0
FR;10;2022-09-25;0;0;0;0;0;0;0;0;0;0;0;0;0;0;0;0;0;0
FR;10;2022-09-26;0;0;0;0;0;0;0;0;0;0;0;0;0;0;0;0;0;0
FR;10;2022-09-27;0;0;0;0;0;0;0;0;0;0;0;0;0;0;0;0;0;0
FR;10;2022-09-28;0;0;0;0;0;0;0;0;0;0;0;0;0;0;0;0;0;0
FR;10;2022-09-29;0;0;0;0;0;0;0;0;0;0;0;0;0;0;0;0;0;0
FR;10;2022-09-30;0;0;0;0;0;0;0;0;0;0;0;0;0;0;0;0;0;0
FR;10;2022-10-01;0;0;0;0;0;0;0;0;0;0;0;0;0;0;0;0;0;0
FR;10;2022-10-02;0;0;0;0;0;0;0;0;0;0;0;0;0;0;0;0;0;0
FR;10;2022-10-03;0;0;0;0;0;0;0;0;0;0;0;0;0;0;0;0;0;0
FR;10;2022-10-04;0;0;0;0;0;0;0;0;0;0;0;0;0;0;0;0;0;0
FR;10;2022-10-05;0;0;0;0;0;0;0;0;0;0;0;0;0;0;0;0;0;0
FR;10;2022-10-06;0;0;0;0;0;0;0;0;0;0;0;0;0;0;0;0;0;0
FR;10;2022-10-07;0;0;0;0;0;0;0;0;0;0;0;0;0;0;0;0;0;0
FR;10;2022-10-08;0;0;0;0;0;0;0;0;0;0;0;0;0;0;0;0;0;0
FR;10;2022-10-09;0;0;0;0;0;0;0;0;0;0;0;0;0;0;0;0;0;0
FR;10;2022-10-10;0;0;0;0;0;0;0;0;0;0;0;0;0;0;0;0;0;0
FR;10;2022-10-11;0;0;0;0;0;0;0;0;0;0;0;0;0;0;0;0;0;0
FR;10;2022-10-12;0;0;0;0;0;0;0;0;0;0;0;0;0;0;0;0;0;0
FR;10;2022-10-13;0;0;0;0;0;0;0;0;0;0;0;0;0;0;0;0;0;0
FR;10;2022-10-14;0;0;0;0;0;0;0;0;0;0;0;0;0;0;0;0;0;0
FR;10;2022-10-15;0;0;0;0;0;0;0;0;0;0;0;0;0;0;0;0;0;0
FR;10;2022-10-16;0;0;0;0;0;0;0;0;0;0;0;0;0;0;0;0;0;0
FR;10;2022-10-17;0;0;0;0;0;0;0;0;0;0;0;0;0;0;0;0;0;0
FR;10;2022-10-18;0;0;0;0;0;0;0;0;0;0;0;0;0;0;0;0;0;0
FR;10;2022-10-19;0;0;0;0;0;0;0;0;0;0;0;0;0;0;0;0;0;0
FR;10;2022-10-20;0;0;0;0;0;0;0;0;0;0;0;0;0;0;0;0;0;0
FR;10;2022-10-21;0;0;0;0;0;0;0;0;0;0;0;0;0;0;0;0;0;0
FR;10;2022-10-22;0;0;0;0;0;0;0;0;0;0;0;0;0;0;0;0;0;0
FR;10;2022-10-23;0;0;0;0;0;0;0;0;0;0;0;0;0;0;0;0;0;0
FR;10;2022-10-24;0;0;0;0;0;0;0;0;0;0;0;0;0;0;0;0;0;0
FR;10;2022-10-25;0;0;0;0;0;0;0;0;0;0;0;0;0;0;0;0;0;0
FR;10;2022-10-26;0;0;0;0;0;0;0;0;0;0;0;0;0;0;0;0;0;0
FR;10;2022-10-27;0;0;0;0;0;0;0;0;0;0;0;0;0;0;0;0;0;0
FR;10;2022-10-28;0;0;0;0;0;0;0;0;0;0;0;0;0;0;0;0;0;0
FR;10;2022-10-29;0;0;0;0;0;0;0;0;0;0;0;0;0;0;0;0;0;0
FR;10;2022-10-30;0;0;0;0;0;0;0;0;0;0;0;0;0;0;0;0;0;0
FR;10;2022-10-31;0;0;0;0;0;0;0;0;0;0;0;0;0;0;0;0;0;0
FR;10;2022-11-01;0;0;0;0;0;0;0;0;0;0;0;0;0;0;0;0;0;0
FR;10;2022-11-02;0;0;0;0;0;0;0;0;0;0;0;0;0;0;0;0;0;0
FR;10;2022-11-03;0;0;0;0;0;0;0;0;0;0;0;0;0;0;0;0;0;0
FR;10;2022-11-04;0;0;0;0;0;0;0;0;0;0;0;0;0;0;0;0;0;0
FR;10;2022-11-05;0;0;0;0;0;0;0;0;0;0;0;0;0;0;0;0;0;0
FR;10;2022-11-06;0;0;0;0;0;0;0;0;0;0;0;0;0;0;0;0;0;0
FR;10;2022-11-07;0;0;0;0;0;0;0;0;0;0;0;0;0;0;0;0;0;0
FR;10;2022-11-08;0;0;0;0;0;0;0;0;0;0;0;0;0;0;0;0;0;0
FR;10;2022-11-09;0;0;0;0;0;0;0;0;0;0;0;0;0;0;0;0;0;0
FR;10;2022-11-10;0;0;0;0;0;0;0;0;0;0;0;0;0;0;0;0;0;0
FR;10;2022-11-11;0;0;0;0;0;0;0;0;0;0;0;0;0;0;0;0;0;0
FR;10;2022-11-12;0;0;0;0;0;0;0;0;0;0;0;0;0;0;0;0;0;0
FR;10;2022-11-13;0;0;0;0;0;0;0;0;0;0;0;0;0;0;0;0;0;0
FR;10;2022-11-14;0;0;0;0;0;0;0;0;0;0;0;0;0;0;0;0;0;0
FR;10;2022-11-15;0;0;0;0;0;0;0;0;0;0;0;0;0;0;0;0;0;0
FR;10;2022-11-16;0;0;0;0;0;0;0;0;0;0;0;0;0;0;0;0;0;0
FR;10;2022-11-17;0;0;0;0;0;0;0;0;0;0;0;0;0;0;0;0;0;0
FR;10;2022-11-18;0;0;0;0;0;0;0;0;0;0;0;0;0;0;0;0;0;0
FR;10;2022-11-19;0;0;0;0;0;0;0;0;0;0;0;0;0;0;0;0;0;0
FR;10;2022-11-20;0;0;0;0;0;0;0;0;0;0;0;0;0;0;0;0;0;0
FR;10;2022-11-21;0;0;0;0;0;0;0;0;0;0;0;0;0;0;0;0;0;0
FR;10;2022-11-22;0;0;0;0;0;0;0;0;0;0;0;0;0;0;0;0;0;0
FR;10;2022-11-23;0;0;0;0;0;0;0;0;0;0;0;0;0;0;0;0;0;0
FR;10;2022-11-24;0;0;0;0;0;0;0;0;0;0;0;0;0;0;0;0;0;0
FR;10;2022-11-25;0;0;0;0;0;0;0;0;0;0;0;0;0;0;0;0;0;0
FR;10;2022-11-26;0;0;0;0;0;0;0;0;0;0;0;0;0;0;0;0;0;0
FR;10;2022-11-27;0;0;0;0;0;0;0;0;0;0;0;0;0;0;0;0;0;0
FR;10;2022-11-28;0;0;0;0;0;0;0;0;0;0;0;0;0;0;0;0;0;0
FR;10;2022-11-29;0;0;0;0;0;0;0;0;0;0;0;0;0;0;0;0;0;0
FR;10;2022-11-30;0;0;0;0;0;0;0;0;0;0;0;0;0;0;0;0;0;0
FR;10;2022-12-01;0;0;0;0;0;0;0;0;0;0;0;0;0;0;0;0;0;0
FR;10;2022-12-02;0;0;0;0;0;0;0;0;0;0;0;0;0;0;0;0;0;0
FR;10;2022-12-03;0;0;0;0;0;0;0;0;0;0;0;0;0;0;0;0;0;0
FR;10;2022-12-04;0;0;0;0;0;0;0;0;0;0;0;0;0;0;0;0;0;0
FR;10;2022-12-05;0;0;0;0;0;0;0;0;0;0;0;0;0;0;0;0;0;0
FR;10;2022-12-06;0;0;0;0;0;0;0;0;0;0;0;0;0;0;0;0;0;0
FR;10;2022-12-07;0;0;0;0;0;0;0;0;0;0;0;0;0;0;0;0;0;0
FR;10;2022-12-08;0;0;0;0;0;0;0;0;0;0;0;0;0;0;0;0;0;0
FR;10;2022-12-09;0;0;0;0;0;0;0;0;0;0;0;0;0;0;0;0;0;0
FR;10;2022-12-10;0;0;0;0;0;0;0;0;0;0;0;0;0;0;0;0;0;0
FR;10;2022-12-11;0;0;0;0;0;0;0;0;0;0;0;0;0;0;0;0;0;0
FR;10;2022-12-12;0;0;0;0;0;0;0;0;0;0;0;0;0;0;0;0;0;0
FR;10;2022-12-13;0;0;0;0;0;0;0;0;0;0;0;0;0;0;0;0;0;0
FR;10;2022-12-14;0;0;0;0;0;0;0;0;0;0;0;0;0;0;0;0;0;0
FR;10;2022-12-15;0;0;0;0;0;0;0;0;0;0;0;0;0;0;0;0;0;0
FR;10;2022-12-16;0;0;0;0;0;0;0;0;0;0;0;0;0;0;0;0;0;0
FR;10;2022-12-17;0;0;0;0;0;0;0;0;0;0;0;0;0;0;0;0;0;0
FR;10;2022-12-18;0;0;0;0;0;0;0;0;0;0;0;0;0;0;0;0;0;0
FR;10;2022-12-19;0;0;0;0;0;0;0;0;0;0;0;0;0;0;0;0;0;0
FR;10;2022-12-20;0;0;0;0;0;0;0;0;0;0;0;0;0;0;0;0;0;0
FR;10;2022-12-21;0;0;1;0;0;1;0;0;0;0;0;1;0;0;1;0;0;0
FR;10;2022-12-22;0;0;0;1;0;0;1;0;0;0;0;1;1;0;1;1;0;0
FR;10;2022-12-23;0;0;1;14;0;2;14;0;7;0;0;2;15;0;3;15;0;7
FR;10;2022-12-24;0;0;0;3;0;0;3;0;1;0;0;2;18;0;3;18;0;8
FR;10;2022-12-25;0;0;0;0;0;0;0;0;0;0;0;2;18;0;3;18;0;8
FR;10;2022-12-26;3;1;11;35;0;8;39;0;5;3;1;13;53;0;11;57;0;13
FR;10;2022-12-27;1;1;14;35;1;11;38;0;10;4;2;27;88;1;22;95;0;23
FR;10;2022-12-28;0;0;2;15;0;1;14;0;3;4;2;29;103;1;23;109;0;26
FR;10;2022-12-29;0;0;6;48;0;1;48;0;17;4;2;35;151;1;24;157;0;43
FR;10;2022-12-30;0;1;4;33;0;7;31;0;6;4;3;39;184;1;31;188;0;49
FR;10;2022-12-31;0;0;3;12;0;4;10;0;4;4;3;42;196;1;35;198;0;53
FR;10;2023-01-01;0;0;1;6;0;0;7;0;2;4;3;43;202;1;35;205;0;55
FR;10;2023-01-02;0;4;4;37;1;6;36;0;21;4;7;47;239;2;41;241;0;76
FR;10;2023-01-03;1;1;6;63;1;5;64;0;25;5;8;53;302;3;46;305;0;101
FR;10;2023-01-04;0;1;7;52;0;6;53;0;53;5;9;60;354;3;52;358;0;154
FR;10;2023-01-05;1;1;15;74;0;10;76;0;37;6;10;75;428;3;62;434;0;191
FR;10;2023-01-06;2;3;16;107;2;13;107;0;52;8;13;91;535;5;75;541;0;243
FR;10;2023-01-07;3;1;3;41;1;3;40;0;13;11;14;94;576;6;78;581;0;256
FR;10;2023-01-08;1;0;0;9;0;0;7;0;5;12;14;94;585;6;78;588;0;261
FR;10;2023-01-09;3;2;7;66;1;6;66;0;26;15;16;101;651;7;84;654;0;287
FR;10;2023-01-10;7;1;21;118;0;13;124;0;57;22;17;122;769;7;97;778;0;344
FR;10;2023-01-11;5;4;19;77;1;16;79;0;38;27;21;141;846;8;113;857;0;382
FR;10;2023-01-12;13;1;7;77;2;3;80;0;51;40;22;148;923;10;116;937;0;433
FR;10;2023-01-13;0;6;15;122;1;8;129;0;77;40;28;163;1045;11;124;1066;0;510
FR;10;2023-01-14;2;1;8;43;0;5;47;0;3;42;29;171;1088;11;129;1113;0;513
FR;10;2023-01-15;0;0;1;10;0;0;7;0;8;42;29;172;1098;11;129;1120;0;521
FR;10;2023-01-16;0;1;11;70;1;7;73;0;68;42;30;183;1168;12;136;1193;0;589
FR;10;2023-01-17;0;7;22;109;2;11;118;0;61;42;37;205;1277;14;147;1311;0;650
FR;10;2023-01-18;2;1;13;92;1;9;104;0;15;44;38;218;1369;15;156;1415;0;665
FR;10;2023-01-19;6;6;24;142;3;22;135;0;56;50;44;242;1511;18;178;1550;0;721
FR;10;2023-01-20;2;1;11;111;0;9;106;0;73;52;45;253;1622;18;187;1656;0;794
FR;10;2023-01-21;2;1;5;26;0;5;23;0;15;54;46;258;1648;18;192;1679;0;809
FR;10;2023-01-22;0;0;0;5;0;0;5;0;0;54;46;258;1653;18;192;1684;0;809
FR;10;2023-01-23;1;2;5;62;1;5;59;0;23;55;48;263;1715;19;197;1743;0;832
FR;10;2023-01-24;5;6;27;148;2;19;152;0;75;60;54;290;1863;21;216;1895;0;907
FR;10;2023-01-25;2;1;9;81;1;5;82;0;55;62;55;299;1944;22;221;1977;0;962
FR;10;2023-01-26;4;5;31;133;1;22;143;0;52;66;60;330;2077;23;243;2120;0;1014
FR;10;2023-01-27;1;1;16;108;1;6;111;0;75;67;61;346;2185;24;249;2231;0;1089
FR;10;2023-01-28;0;1;3;18;1;1;21;0;15;67;62;349;2203;25;250;2252;0;1104
FR;10;2023-01-29;0;0;1;0;0;1;0;0;1;67;62;350;2203;25;251;2252;0;1105
FR;10;2023-01-30;2;1;11;60;1;5;63;0;40;69;63;361;2263;26;256;2315;0;1145
FR;10;2023-01-31;5;2;24;121;3;17;121;0;51;74;65;385;2384;29;273;2436;0;1196
FR;10;2023-02-01;0;2;11;48;2;9;49;0;28;74;67;396;2432;31;282;2485;0;1224
FR;10;2023-02-02;2;0;21;104;0;16;108;0;47;76;67;417;2536;31;298;2593;0;1271
FR;10;2023-02-03;6;4;17;41;4;10;44;0;50;82;71;434;2577;35;308;2637;0;1321
FR;10;2023-02-04;1;0;1;8;0;0;10;0;6;83;71;435;2585;35;308;2647;0;1327
FR;10;2023-02-05;7;1;1;3;2;1;3;0;5;90;72;436;2588;37;309;2650;0;1332
FR;10;2023-02-06;1;0;9;28;0;8;22;0;46;91;72;445;2616;37;317;2672;0;1378
FR;10;2023-02-07;2;2;2;11;1;3;11;0;13;93;74;447;2627;38;320;2683;0;1391
FR;10;2023-02-08;1;3;3;15;2;4;15;0;12;94;77;450;2642;40;324;2698;0;1403
FR;10;2023-02-09;2;1;10;75;2;5;82;0;39;96;78;460;2717;42;329;2780;0;1442
FR;11;2020-12-27;0;0;0;0;0;0;0;0;0;0;0;0;0;0;0;0;0;0
FR;11;2020-12-28;0;0;0;0;0;0;0;0;0;0;0;0;0;0;0;0;0;0
FR;11;2020-12-29;0;0;0;0;0;0;0;0;0;0;0;0;0;0;0;0;0;0
FR;11;2020-12-30;0;0;0;0;0;0;0;0;0;0;0;0;0;0;0;0;0;0
FR;11;2020-12-31;0;0;0;0;0;0;0;0;0;0;0;0;0;0;0;0;0;0
FR;11;2021-01-01;0;0;0;0;0;0;0;0;0;0;0;0;0;0;0;0;0;0
FR;11;2021-01-02;0;0;0;0;0;0;0;0;0;0;0;0;0;0;0;0;0;0
FR;11;2021-01-03;0;0;0;0;0;0;0;0;0;0;0;0;0;0;0;0;0;0
FR;11;2021-01-04;0;0;0;0;0;0;0;0;0;0;0;0;0;0;0;0;0;0
FR;11;2021-01-05;0;0;0;0;0;0;0;0;0;0;0;0;0;0;0;0;0;0
FR;11;2021-01-06;0;0;0;0;0;0;0;0;0;0;0;0;0;0;0;0;0;0
FR;11;2021-01-07;0;0;0;0;0;0;0;0;0;0;0;0;0;0;0;0;0;0
FR;11;2021-01-08;0;0;0;0;0;0;0;0;0;0;0;0;0;0;0;0;0;0
FR;11;2021-01-09;0;0;0;0;0;0;0;0;0;0;0;0;0;0;0;0;0;0
FR;11;2021-01-10;0;0;0;0;0;0;0;0;0;0;0;0;0;0;0;0;0;0
FR;11;2021-01-11;0;0;0;0;0;0;0;0;0;0;0;0;0;0;0;0;0;0
FR;11;2021-01-12;0;0;0;0;0;0;0;0;0;0;0;0;0;0;0;0;0;0
FR;11;2021-01-13;0;0;0;0;0;0;0;0;0;0;0;0;0;0;0;0;0;0
FR;11;2021-01-14;0;0;0;0;0;0;0;0;0;0;0;0;0;0;0;0;0;0
FR;11;2021-01-15;0;0;0;0;0;0;0;0;0;0;0;0;0;0;0;0;0;0
FR;11;2021-01-16;0;0;0;0;0;0;0;0;0;0;0;0;0;0;0;0;0;0
FR;11;2021-01-17;0;0;0;0;0;0;0;0;0;0;0;0;0;0;0;0;0;0
FR;11;2021-01-18;0;0;0;0;0;0;0;0;0;0;0;0;0;0;0;0;0;0
FR;11;2021-01-19;0;0;0;0;0;0;0;0;0;0;0;0;0;0;0;0;0;0
FR;11;2021-01-20;0;0;0;0;0;0;0;0;0;0;0;0;0;0;0;0;0;0
FR;11;2021-01-21;0;0;0;0;0;0;0;0;0;0;0;0;0;0;0;0;0;0
FR;11;2021-01-22;0;0;0;0;0;0;0;0;0;0;0;0;0;0;0;0;0;0
FR;11;2021-01-23;0;0;0;0;0;0;0;0;0;0;0;0;0;0;0;0;0;0
FR;11;2021-01-24;0;0;0;0;0;0;0;0;0;0;0;0;0;0;0;0;0;0
FR;11;2021-01-25;0;0;0;0;0;0;0;0;0;0;0;0;0;0;0;0;0;0
FR;11;2021-01-26;0;0;0;0;0;0;0;0;0;0;0;0;0;0;0;0;0;0
FR;11;2021-01-27;0;0;0;0;0;0;0;0;0;0;0;0;0;0;0;0;0;0
FR;11;2021-01-28;0;0;0;0;0;0;0;0;0;0;0;0;0;0;0;0;0;0
FR;11;2021-01-29;0;0;0;0;0;0;0;0;0;0;0;0;0;0;0;0;0;0
FR;11;2021-01-30;0;0;0;0;0;0;0;0;0;0;0;0;0;0;0;0;0;0
FR;11;2021-01-31;0;0;0;0;0;0;0;0;0;0;0;0;0;0;0;0;0;0
FR;11;2021-02-01;0;0;0;0;0;0;0;0;0;0;0;0;0;0;0;0;0;0
FR;11;2021-02-02;0;0;0;0;0;0;0;0;0;0;0;0;0;0;0;0;0;0
FR;11;2021-02-03;0;0;0;0;0;0;0;0;0;0;0;0;0;0;0;0;0;0
FR;11;2021-02-04;0;0;0;0;0;0;0;0;0;0;0;0;0;0;0;0;0;0
FR;11;2021-02-05;0;0;0;0;0;0;0;0;0;0;0;0;0;0;0;0;0;0
FR;11;2021-02-06;0;0;0;0;0;0;0;0;0;0;0;0;0;0;0;0;0;0
FR;11;2021-02-07;0;0;0;0;0;0;0;0;0;0;0;0;0;0;0;0;0;0
FR;11;2021-02-08;0;0;0;0;0;0;0;0;0;0;0;0;0;0;0;0;0;0
FR;11;2021-02-09;0;0;0;0;0;0;0;0;0;0;0;0;0;0;0;0;0;0
FR;11;2021-02-10;0;0;0;0;0;0;0;0;0;0;0;0;0;0;0;0;0;0
FR;11;2021-02-11;0;0;0;0;0;0;0;0;0;0;0;0;0;0;0;0;0;0
FR;11;2021-02-12;0;0;0;0;0;0;0;0;0;0;0;0;0;0;0;0;0;0
FR;11;2021-02-13;0;0;0;0;0;0;0;0;0;0;0;0;0;0;0;0;0;0
FR;11;2021-02-14;0;0;0;0;0;0;0;0;0;0;0;0;0;0;0;0;0;0
FR;11;2021-02-15;0;0;0;0;0;0;0;0;0;0;0;0;0;0;0;0;0;0
FR;11;2021-02-16;0;0;0;0;0;0;0;0;0;0;0;0;0;0;0;0;0;0
FR;11;2021-02-17;0;0;0;0;0;0;0;0;0;0;0;0;0;0;0;0;0;0
FR;11;2021-02-18;0;0;0;0;0;0;0;0;0;0;0;0;0;0;0;0;0;0
FR;11;2021-02-19;0;0;0;0;0;0;0;0;0;0;0;0;0;0;0;0;0;0
FR;11;2021-02-20;0;0;0;0;0;0;0;0;0;0;0;0;0;0;0;0;0;0
FR;11;2021-02-21;0;0;0;0;0;0;0;0;0;0;0;0;0;0;0;0;0;0
FR;11;2021-02-22;0;0;0;0;0;0;0;0;0;0;0;0;0;0;0;0;0;0
FR;11;2021-02-23;0;0;0;0;0;0;0;0;0;0;0;0;0;0;0;0;0;0
FR;11;2021-02-24;0;0;0;0;0;0;0;0;0;0;0;0;0;0;0;0;0;0
FR;11;2021-02-25;0;0;0;0;0;0;0;0;0;0;0;0;0;0;0;0;0;0
FR;11;2021-02-26;0;0;0;0;0;0;0;0;0;0;0;0;0;0;0;0;0;0
FR;11;2021-02-27;0;0;0;0;0;0;0;0;0;0;0;0;0;0;0;0;0;0
FR;11;2021-02-28;0;0;0;0;0;0;0;0;0;0;0;0;0;0;0;0;0;0
FR;11;2021-03-01;0;0;0;0;0;0;0;0;0;0;0;0;0;0;0;0;0;0
FR;11;2021-03-02;0;0;0;0;0;0;0;0;0;0;0;0;0;0;0;0;0;0
FR;11;2021-03-03;0;0;0;0;0;0;0;0;0;0;0;0;0;0;0;0;0;0
FR;11;2021-03-04;0;0;0;0;0;0;0;0;0;0;0;0;0;0;0;0;0;0
FR;11;2021-03-05;0;0;0;0;0;0;0;0;0;0;0;0;0;0;0;0;0;0
FR;11;2021-03-06;0;0;0;0;0;0;0;0;0;0;0;0;0;0;0;0;0;0
FR;11;2021-03-07;0;0;0;0;0;0;0;0;0;0;0;0;0;0;0;0;0;0
FR;11;2021-03-08;0;0;0;0;0;0;0;0;0;0;0;0;0;0;0;0;0;0
FR;11;2021-03-09;0;0;0;0;0;0;0;0;0;0;0;0;0;0;0;0;0;0
FR;11;2021-03-10;0;0;0;0;0;0;0;0;0;0;0;0;0;0;0;0;0;0
FR;11;2021-03-11;0;0;0;0;0;0;0;0;0;0;0;0;0;0;0;0;0;0
FR;11;2021-03-12;0;0;0;0;0;0;0;0;0;0;0;0;0;0;0;0;0;0
FR;11;2021-03-13;0;0;0;0;0;0;0;0;0;0;0;0;0;0;0;0;0;0
FR;11;2021-03-14;0;0;0;0;0;0;0;0;0;0;0;0;0;0;0;0;0;0
FR;11;2021-03-15;0;0;0;0;0;0;0;0;0;0;0;0;0;0;0;0;0;0
FR;11;2021-03-16;0;0;0;0;0;0;0;0;0;0;0;0;0;0;0;0;0;0
FR;11;2021-03-17;0;0;0;0;0;0;0;0;0;0;0;0;0;0;0;0;0;0
FR;11;2021-03-18;0;0;0;0;0;0;0;0;0;0;0;0;0;0;0;0;0;0
FR;11;2021-03-19;0;0;0;0;0;0;0;0;0;0;0;0;0;0;0;0;0;0
FR;11;2021-03-20;0;0;0;0;0;0;0;0;0;0;0;0;0;0;0;0;0;0
FR;11;2021-03-21;0;0;0;0;0;0;0;0;0;0;0;0;0;0;0;0;0;0
FR;11;2021-03-22;0;0;0;0;0;0;0;0;0;0;0;0;0;0;0;0;0;0
FR;11;2021-03-23;0;0;0;0;0;0;0;0;0;0;0;0;0;0;0;0;0;0
FR;11;2021-03-24;0;0;0;0;0;0;0;0;0;0;0;0;0;0;0;0;0;0
FR;11;2021-03-25;0;0;0;0;0;0;0;0;0;0;0;0;0;0;0;0;0;0
FR;11;2021-03-26;0;0;0;0;0;0;0;0;0;0;0;0;0;0;0;0;0;0
FR;11;2021-03-27;0;0;0;0;0;0;0;0;0;0;0;0;0;0;0;0;0;0
FR;11;2021-03-28;0;0;0;0;0;0;0;0;0;0;0;0;0;0;0;0;0;0
FR;11;2021-03-29;0;0;0;0;0;0;0;0;0;0;0;0;0;0;0;0;0;0
FR;11;2021-03-30;0;0;0;0;0;0;0;0;0;0;0;0;0;0;0;0;0;0
FR;11;2021-03-31;0;0;0;0;0;0;0;0;0;0;0;0;0;0;0;0;0;0
FR;11;2021-04-01;0;0;0;0;0;0;0;0;0;0;0;0;0;0;0;0;0;0
FR;11;2021-04-02;0;0;0;0;0;0;0;0;0;0;0;0;0;0;0;0;0;0
FR;11;2021-04-03;0;0;0;0;0;0;0;0;0;0;0;0;0;0;0;0;0;0
FR;11;2021-04-04;0;0;0;0;0;0;0;0;0;0;0;0;0;0;0;0;0;0
FR;11;2021-04-05;0;0;0;0;0;0;0;0;0;0;0;0;0;0;0;0;0;0
FR;11;2021-04-06;0;0;0;0;0;0;0;0;0;0;0;0;0;0;0;0;0;0
FR;11;2021-04-07;0;0;0;0;0;0;0;0;0;0;0;0;0;0;0;0;0;0
FR;11;2021-04-08;0;0;0;0;0;0;0;0;0;0;0;0;0;0;0;0;0;0
FR;11;2021-04-09;0;0;0;0;0;0;0;0;0;0;0;0;0;0;0;0;0;0
FR;11;2021-04-10;0;0;0;0;0;0;0;0;0;0;0;0;0;0;0;0;0;0
FR;11;2021-04-11;0;0;0;0;0;0;0;0;0;0;0;0;0;0;0;0;0;0
FR;11;2021-04-12;0;0;0;0;0;0;0;0;0;0;0;0;0;0;0;0;0;0
FR;11;2021-04-13;0;0;0;0;0;0;0;0;0;0;0;0;0;0;0;0;0;0
FR;11;2021-04-14;0;0;0;0;0;0;0;0;0;0;0;0;0;0;0;0;0;0
FR;11;2021-04-15;0;0;0;0;0;0;0;0;0;0;0;0;0;0;0;0;0;0
FR;11;2021-04-16;0;0;0;0;0;0;0;0;0;0;0;0;0;0;0;0;0;0
FR;11;2021-04-17;0;0;0;0;0;0;0;0;0;0;0;0;0;0;0;0;0;0
FR;11;2021-04-18;0;0;0;0;0;0;0;0;0;0;0;0;0;0;0;0;0;0
FR;11;2021-04-19;0;0;0;0;0;0;0;0;0;0;0;0;0;0;0;0;0;0
FR;11;2021-04-20;0;0;0;0;0;0;0;0;0;0;0;0;0;0;0;0;0;0
FR;11;2021-04-21;0;0;0;0;0;0;0;0;0;0;0;0;0;0;0;0;0;0
FR;11;2021-04-22;0;0;0;0;0;0;0;0;0;0;0;0;0;0;0;0;0;0
FR;11;2021-04-23;0;0;0;0;0;0;0;0;0;0;0;0;0;0;0;0;0;0
FR;11;2021-04-24;0;0;0;0;0;0;0;0;0;0;0;0;0;0;0;0;0;0
FR;11;2021-04-25;0;0;0;0;0;0;0;0;0;0;0;0;0;0;0;0;0;0
FR;11;2021-04-26;0;0;0;0;0;0;0;0;0;0;0;0;0;0;0;0;0;0
FR;11;2021-04-27;0;0;0;0;0;0;0;0;0;0;0;0;0;0;0;0;0;0
FR;11;2021-04-28;0;0;0;0;0;0;0;0;0;0;0;0;0;0;0;0;0;0
FR;11;2021-04-29;0;0;0;0;0;0;0;0;0;0;0;0;0;0;0;0;0;0
FR;11;2021-04-30;0;0;0;0;0;0;0;0;0;0;0;0;0;0;0;0;0;0
FR;11;2021-05-01;0;0;0;0;0;0;0;0;0;0;0;0;0;0;0;0;0;0
FR;11;2021-05-02;0;0;0;0;0;0;0;0;0;0;0;0;0;0;0;0;0;0
FR;11;2021-05-03;0;0;0;0;0;0;0;0;0;0;0;0;0;0;0;0;0;0
FR;11;2021-05-04;0;0;0;0;0;0;0;0;0;0;0;0;0;0;0;0;0;0
FR;11;2021-05-05;0;0;0;0;0;0;0;0;0;0;0;0;0;0;0;0;0;0
FR;11;2021-05-06;0;0;0;0;0;0;0;0;0;0;0;0;0;0;0;0;0;0
FR;11;2021-05-07;0;0;0;0;0;0;0;0;0;0;0;0;0;0;0;0;0;0
FR;11;2021-05-08;0;0;0;0;0;0;0;0;0;0;0;0;0;0;0;0;0;0
FR;11;2021-05-09;0;0;0;0;0;0;0;0;0;0;0;0;0;0;0;0;0;0
FR;11;2021-05-10;0;0;0;0;0;0;0;0;0;0;0;0;0;0;0;0;0;0
FR;11;2021-05-11;0;0;0;0;0;0;0;0;0;0;0;0;0;0;0;0;0;0
FR;11;2021-05-12;0;0;0;0;0;0;0;0;0;0;0;0;0;0;0;0;0;0
FR;11;2021-05-13;0;0;0;0;0;0;0;0;0;0;0;0;0;0;0;0;0;0
FR;11;2021-05-14;0;0;0;0;0;0;0;0;0;0;0;0;0;0;0;0;0;0
FR;11;2021-05-15;0;0;0;0;0;0;0;0;0;0;0;0;0;0;0;0;0;0
FR;11;2021-05-16;0;0;0;0;0;0;0;0;0;0;0;0;0;0;0;0;0;0
FR;11;2021-05-17;0;0;0;0;0;0;0;0;0;0;0;0;0;0;0;0;0;0
FR;11;2021-05-18;0;0;0;0;0;0;0;0;0;0;0;0;0;0;0;0;0;0
FR;11;2021-05-19;0;0;0;0;0;0;0;0;0;0;0;0;0;0;0;0;0;0
FR;11;2021-05-20;0;0;0;0;0;0;0;0;0;0;0;0;0;0;0;0;0;0
FR;11;2021-05-21;0;0;0;0;0;0;0;0;0;0;0;0;0;0;0;0;0;0
FR;11;2021-05-22;0;0;0;0;0;0;0;0;0;0;0;0;0;0;0;0;0;0
FR;11;2021-05-23;0;0;0;0;0;0;0;0;0;0;0;0;0;0;0;0;0;0
FR;11;2021-05-24;0;0;0;0;0;0;0;0;0;0;0;0;0;0;0;0;0;0
FR;11;2021-05-25;0;0;0;0;0;0;0;0;0;0;0;0;0;0;0;0;0;0
FR;11;2021-05-26;0;0;0;0;0;0;0;0;0;0;0;0;0;0;0;0;0;0
FR;11;2021-05-27;0;0;0;0;0;0;0;0;0;0;0;0;0;0;0;0;0;0
FR;11;2021-05-28;0;0;0;0;0;0;0;0;0;0;0;0;0;0;0;0;0;0
FR;11;2021-05-29;0;0;0;0;0;0;0;0;0;0;0;0;0;0;0;0;0;0
FR;11;2021-05-30;0;0;0;0;0;0;0;0;0;0;0;0;0;0;0;0;0;0
FR;11;2021-05-31;0;0;0;0;0;0;0;0;0;0;0;0;0;0;0;0;0;0
FR;11;2021-06-01;0;0;0;0;0;0;0;0;0;0;0;0;0;0;0;0;0;0
FR;11;2021-06-02;0;0;0;0;0;0;0;0;0;0;0;0;0;0;0;0;0;0
FR;11;2021-06-03;0;0;0;0;0;0;0;0;0;0;0;0;0;0;0;0;0;0
FR;11;2021-06-04;0;0;0;0;0;0;0;0;0;0;0;0;0;0;0;0;0;0
FR;11;2021-06-05;0;0;0;0;0;0;0;0;0;0;0;0;0;0;0;0;0;0
FR;11;2021-06-06;0;0;0;0;0;0;0;0;0;0;0;0;0;0;0;0;0;0
FR;11;2021-06-07;0;0;0;0;0;0;0;0;0;0;0;0;0;0;0;0;0;0
FR;11;2021-06-08;0;0;0;0;0;0;0;0;0;0;0;0;0;0;0;0;0;0
FR;11;2021-06-09;0;0;0;0;0;0;0;0;0;0;0;0;0;0;0;0;0;0
FR;11;2021-06-10;0;0;0;0;0;0;0;0;0;0;0;0;0;0;0;0;0;0
FR;11;2021-06-11;0;0;0;0;0;0;0;0;0;0;0;0;0;0;0;0;0;0
FR;11;2021-06-12;0;0;0;0;0;0;0;0;0;0;0;0;0;0;0;0;0;0
FR;11;2021-06-13;0;0;0;0;0;0;0;0;0;0;0;0;0;0;0;0;0;0
FR;11;2021-06-14;0;0;0;0;0;0;0;0;0;0;0;0;0;0;0;0;0;0
FR;11;2021-06-15;0;0;0;0;0;0;0;0;0;0;0;0;0;0;0;0;0;0
FR;11;2021-06-16;0;0;0;0;0;0;0;0;0;0;0;0;0;0;0;0;0;0
FR;11;2021-06-17;0;0;0;0;0;0;0;0;0;0;0;0;0;0;0;0;0;0
FR;11;2021-06-18;0;0;0;0;0;0;0;0;0;0;0;0;0;0;0;0;0;0
FR;11;2021-06-19;0;0;0;0;0;0;0;0;0;0;0;0;0;0;0;0;0;0
FR;11;2021-06-20;0;0;0;0;0;0;0;0;0;0;0;0;0;0;0;0;0;0
FR;11;2021-06-21;0;0;0;0;0;0;0;0;0;0;0;0;0;0;0;0;0;0
FR;11;2021-06-22;0;0;0;0;0;0;0;0;0;0;0;0;0;0;0;0;0;0
FR;11;2021-06-23;0;0;0;0;0;0;0;0;0;0;0;0;0;0;0;0;0;0
FR;11;2021-06-24;0;0;0;0;0;0;0;0;0;0;0;0;0;0;0;0;0;0
FR;11;2021-06-25;0;0;0;0;0;0;0;0;0;0;0;0;0;0;0;0;0;0
FR;11;2021-06-26;0;0;0;0;0;0;0;0;0;0;0;0;0;0;0;0;0;0
FR;11;2021-06-27;0;0;0;0;0;0;0;0;0;0;0;0;0;0;0;0;0;0
FR;11;2021-06-28;0;0;0;0;0;0;0;0;0;0;0;0;0;0;0;0;0;0
FR;11;2021-06-29;0;0;0;0;0;0;0;0;0;0;0;0;0;0;0;0;0;0
FR;11;2021-06-30;0;0;0;0;0;0;0;0;0;0;0;0;0;0;0;0;0;0
FR;11;2021-07-01;0;0;0;0;0;0;0;0;0;0;0;0;0;0;0;0;0;0
FR;11;2021-07-02;0;0;0;0;0;0;0;0;0;0;0;0;0;0;0;0;0;0
FR;11;2021-07-03;0;0;0;0;0;0;0;0;0;0;0;0;0;0;0;0;0;0
FR;11;2021-07-04;0;0;0;0;0;0;0;0;0;0;0;0;0;0;0;0;0;0
FR;11;2021-07-05;0;0;0;0;0;0;0;0;0;0;0;0;0;0;0;0;0;0
FR;11;2021-07-06;0;0;0;0;0;0;0;0;0;0;0;0;0;0;0;0;0;0
FR;11;2021-07-07;0;0;0;0;0;0;0;0;0;0;0;0;0;0;0;0;0;0
FR;11;2021-07-08;0;0;0;0;0;0;0;0;0;0;0;0;0;0;0;0;0;0
FR;11;2021-07-09;0;0;0;0;0;0;0;0;0;0;0;0;0;0;0;0;0;0
FR;11;2021-07-10;0;0;0;0;0;0;0;0;0;0;0;0;0;0;0;0;0;0
FR;11;2021-07-11;0;0;0;0;0;0;0;0;0;0;0;0;0;0;0;0;0;0
FR;11;2021-07-12;0;0;0;0;0;0;0;0;0;0;0;0;0;0;0;0;0;0
FR;11;2021-07-13;0;0;0;0;0;0;0;0;0;0;0;0;0;0;0;0;0;0
FR;11;2021-07-14;0;0;0;0;0;0;0;0;0;0;0;0;0;0;0;0;0;0
FR;11;2021-07-15;0;0;0;0;0;0;0;0;0;0;0;0;0;0;0;0;0;0
FR;11;2021-07-16;0;0;0;0;0;0;0;0;0;0;0;0;0;0;0;0;0;0
FR;11;2021-07-17;0;0;0;0;0;0;0;0;0;0;0;0;0;0;0;0;0;0
FR;11;2021-07-18;0;0;0;0;0;0;0;0;0;0;0;0;0;0;0;0;0;0
FR;11;2021-07-19;0;0;0;0;0;0;0;0;0;0;0;0;0;0;0;0;0;0
FR;11;2021-07-20;0;0;0;0;0;0;0;0;0;0;0;0;0;0;0;0;0;0
FR;11;2021-07-21;0;0;0;0;0;0;0;0;0;0;0;0;0;0;0;0;0;0
FR;11;2021-07-22;0;0;0;0;0;0;0;0;0;0;0;0;0;0;0;0;0;0
FR;11;2021-07-23;0;0;0;0;0;0;0;0;0;0;0;0;0;0;0;0;0;0
FR;11;2021-07-24;0;0;0;0;0;0;0;0;0;0;0;0;0;0;0;0;0;0
FR;11;2021-07-25;0;0;0;0;0;0;0;0;0;0;0;0;0;0;0;0;0;0
FR;11;2021-07-26;0;0;0;0;0;0;0;0;0;0;0;0;0;0;0;0;0;0
FR;11;2021-07-27;0;0;0;0;0;0;0;0;0;0;0;0;0;0;0;0;0;0
FR;11;2021-07-28;0;0;0;0;0;0;0;0;0;0;0;0;0;0;0;0;0;0
FR;11;2021-07-29;0;0;0;0;0;0;0;0;0;0;0;0;0;0;0;0;0;0
FR;11;2021-07-30;0;0;0;0;0;0;0;0;0;0;0;0;0;0;0;0;0;0
FR;11;2021-07-31;0;0;0;0;0;0;0;0;0;0;0;0;0;0;0;0;0;0
FR;11;2021-08-01;0;0;0;0;0;0;0;0;0;0;0;0;0;0;0;0;0;0
FR;11;2021-08-02;0;0;0;0;0;0;0;0;0;0;0;0;0;0;0;0;0;0
FR;11;2021-08-03;0;0;0;0;0;0;0;0;0;0;0;0;0;0;0;0;0;0
FR;11;2021-08-04;0;0;0;0;0;0;0;0;0;0;0;0;0;0;0;0;0;0
FR;11;2021-08-05;0;0;0;0;0;0;0;0;0;0;0;0;0;0;0;0;0;0
FR;11;2021-08-06;0;0;0;0;0;0;0;0;0;0;0;0;0;0;0;0;0;0
FR;11;2021-08-07;0;0;0;0;0;0;0;0;0;0;0;0;0;0;0;0;0;0
FR;11;2021-08-08;0;0;0;0;0;0;0;0;0;0;0;0;0;0;0;0;0;0
FR;11;2021-08-09;0;0;0;0;0;0;0;0;0;0;0;0;0;0;0;0;0;0
FR;11;2021-08-10;0;0;0;0;0;0;0;0;0;0;0;0;0;0;0;0;0;0
FR;11;2021-08-11;0;0;0;0;0;0;0;0;0;0;0;0;0;0;0;0;0;0
FR;11;2021-08-12;0;0;0;0;0;0;0;0;0;0;0;0;0;0;0;0;0;0
FR;11;2021-08-13;0;0;0;0;0;0;0;0;0;0;0;0;0;0;0;0;0;0
FR;11;2021-08-14;0;0;0;0;0;0;0;0;0;0;0;0;0;0;0;0;0;0
FR;11;2021-08-15;0;0;0;0;0;0;0;0;0;0;0;0;0;0;0;0;0;0
FR;11;2021-08-16;0;0;0;0;0;0;0;0;0;0;0;0;0;0;0;0;0;0
FR;11;2021-08-17;0;0;0;0;0;0;0;0;0;0;0;0;0;0;0;0;0;0
FR;11;2021-08-18;0;0;0;0;0;0;0;0;0;0;0;0;0;0;0;0;0;0
FR;11;2021-08-19;0;0;0;0;0;0;0;0;0;0;0;0;0;0;0;0;0;0
FR;11;2021-08-20;0;0;0;0;0;0;0;0;0;0;0;0;0;0;0;0;0;0
FR;11;2021-08-21;0;0;0;0;0;0;0;0;0;0;0;0;0;0;0;0;0;0
FR;11;2021-08-22;0;0;0;0;0;0;0;0;0;0;0;0;0;0;0;0;0;0
FR;11;2021-08-23;0;0;0;0;0;0;0;0;0;0;0;0;0;0;0;0;0;0
FR;11;2021-08-24;0;0;0;0;0;0;0;0;0;0;0;0;0;0;0;0;0;0
FR;11;2021-08-25;0;0;0;0;0;0;0;0;0;0;0;0;0;0;0;0;0;0
FR;11;2021-08-26;0;0;0;0;0;0;0;0;0;0;0;0;0;0;0;0;0;0
FR;11;2021-08-27;0;0;0;0;0;0;0;0;0;0;0;0;0;0;0;0;0;0
FR;11;2021-08-28;0;0;0;0;0;0;0;0;0;0;0;0;0;0;0;0;0;0
FR;11;2021-08-29;0;0;0;0;0;0;0;0;0;0;0;0;0;0;0;0;0;0
FR;11;2021-08-30;0;0;0;0;0;0;0;0;0;0;0;0;0;0;0;0;0;0
FR;11;2021-08-31;0;0;0;0;0;0;0;0;0;0;0;0;0;0;0;0;0;0
FR;11;2021-09-01;0;0;0;0;0;0;0;0;0;0;0;0;0;0;0;0;0;0
FR;11;2021-09-02;0;0;0;0;0;0;0;0;0;0;0;0;0;0;0;0;0;0
FR;11;2021-09-03;0;0;0;0;0;0;0;0;0;0;0;0;0;0;0;0;0;0
FR;11;2021-09-04;0;0;0;0;0;0;0;0;0;0;0;0;0;0;0;0;0;0
FR;11;2021-09-05;0;0;0;0;0;0;0;0;0;0;0;0;0;0;0;0;0;0
FR;11;2021-09-06;0;0;0;0;0;0;0;0;0;0;0;0;0;0;0;0;0;0
FR;11;2021-09-07;0;0;0;0;0;0;0;0;0;0;0;0;0;0;0;0;0;0
FR;11;2021-09-08;0;0;0;0;0;0;0;0;0;0;0;0;0;0;0;0;0;0
FR;11;2021-09-09;0;0;0;0;0;0;0;0;0;0;0;0;0;0;0;0;0;0
FR;11;2021-09-10;0;0;0;0;0;0;0;0;0;0;0;0;0;0;0;0;0;0
FR;11;2021-09-11;0;0;0;0;0;0;0;0;0;0;0;0;0;0;0;0;0;0
FR;11;2021-09-12;0;0;0;0;0;0;0;0;0;0;0;0;0;0;0;0;0;0
FR;11;2021-09-13;0;0;0;0;0;0;0;0;0;0;0;0;0;0;0;0;0;0
FR;11;2021-09-14;0;0;0;0;0;0;0;0;0;0;0;0;0;0;0;0;0;0
FR;11;2021-09-15;0;0;0;0;0;0;0;0;0;0;0;0;0;0;0;0;0;0
FR;11;2021-09-16;0;0;0;0;0;0;0;0;0;0;0;0;0;0;0;0;0;0
FR;11;2021-09-17;0;0;0;0;0;0;0;0;0;0;0;0;0;0;0;0;0;0
FR;11;2021-09-18;0;0;0;0;0;0;0;0;0;0;0;0;0;0;0;0;0;0
FR;11;2021-09-19;0;0;0;0;0;0;0;0;0;0;0;0;0;0;0;0;0;0
FR;11;2021-09-20;0;0;0;0;0;0;0;0;0;0;0;0;0;0;0;0;0;0
FR;11;2021-09-21;0;0;0;0;0;0;0;0;0;0;0;0;0;0;0;0;0;0
FR;11;2021-09-22;0;0;0;0;0;0;0;0;0;0;0;0;0;0;0;0;0;0
FR;11;2021-09-23;0;0;0;0;0;0;0;0;0;0;0;0;0;0;0;0;0;0
FR;11;2021-09-24;0;0;0;0;0;0;0;0;0;0;0;0;0;0;0;0;0;0
FR;11;2021-09-25;0;0;0;0;0;0;0;0;0;0;0;0;0;0;0;0;0;0
FR;11;2021-09-26;0;0;0;0;0;0;0;0;0;0;0;0;0;0;0;0;0;0
FR;11;2021-09-27;0;0;0;0;0;0;0;0;0;0;0;0;0;0;0;0;0;0
FR;11;2021-09-28;0;0;0;0;0;0;0;0;0;0;0;0;0;0;0;0;0;0
FR;11;2021-09-29;0;0;0;0;0;0;0;0;0;0;0;0;0;0;0;0;0;0
FR;11;2021-09-30;0;0;0;0;0;0;0;0;0;0;0;0;0;0;0;0;0;0
FR;11;2021-10-01;0;0;0;0;0;0;0;0;0;0;0;0;0;0;0;0;0;0
FR;11;2021-10-02;0;0;0;0;0;0;0;0;0;0;0;0;0;0;0;0;0;0
FR;11;2021-10-03;0;0;0;0;0;0;0;0;0;0;0;0;0;0;0;0;0;0
FR;11;2021-10-04;0;0;0;0;0;0;0;0;0;0;0;0;0;0;0;0;0;0
FR;11;2021-10-05;0;0;0;0;0;0;0;0;0;0;0;0;0;0;0;0;0;0
FR;11;2021-10-06;0;0;0;0;0;0;0;0;0;0;0;0;0;0;0;0;0;0
FR;11;2021-10-07;0;0;0;0;0;0;0;0;0;0;0;0;0;0;0;0;0;0
FR;11;2021-10-08;0;0;0;0;0;0;0;0;0;0;0;0;0;0;0;0;0;0
FR;11;2021-10-09;0;0;0;0;0;0;0;0;0;0;0;0;0;0;0;0;0;0
FR;11;2021-10-10;0;0;0;0;0;0;0;0;0;0;0;0;0;0;0;0;0;0
FR;11;2021-10-11;0;0;0;0;0;0;0;0;0;0;0;0;0;0;0;0;0;0
FR;11;2021-10-12;0;0;0;0;0;0;0;0;0;0;0;0;0;0;0;0;0;0
FR;11;2021-10-13;0;0;0;0;0;0;0;0;0;0;0;0;0;0;0;0;0;0
FR;11;2021-10-14;0;0;0;0;0;0;0;0;0;0;0;0;0;0;0;0;0;0
FR;11;2021-10-15;0;0;0;0;0;0;0;0;0;0;0;0;0;0;0;0;0;0
FR;11;2021-10-16;0;0;0;0;0;0;0;0;0;0;0;0;0;0;0;0;0;0
FR;11;2021-10-17;0;0;0;0;0;0;0;0;0;0;0;0;0;0;0;0;0;0
FR;11;2021-10-18;0;0;0;0;0;0;0;0;0;0;0;0;0;0;0;0;0;0
FR;11;2021-10-19;0;0;0;0;0;0;0;0;0;0;0;0;0;0;0;0;0;0
FR;11;2021-10-20;0;0;0;0;0;0;0;0;0;0;0;0;0;0;0;0;0;0
FR;11;2021-10-21;0;0;0;0;0;0;0;0;0;0;0;0;0;0;0;0;0;0
FR;11;2021-10-22;0;0;0;0;0;0;0;0;0;0;0;0;0;0;0;0;0;0
FR;11;2021-10-23;0;0;0;0;0;0;0;0;0;0;0;0;0;0;0;0;0;0
FR;11;2021-10-24;0;0;0;0;0;0;0;0;0;0;0;0;0;0;0;0;0;0
FR;11;2021-10-25;0;0;0;0;0;0;0;0;0;0;0;0;0;0;0;0;0;0
FR;11;2021-10-26;0;0;0;0;0;0;0;0;0;0;0;0;0;0;0;0;0;0
FR;11;2021-10-27;0;0;0;0;0;0;0;0;0;0;0;0;0;0;0;0;0;0
FR;11;2021-10-28;0;0;0;0;0;0;0;0;0;0;0;0;0;0;0;0;0;0
FR;11;2021-10-29;0;0;0;0;0;0;0;0;0;0;0;0;0;0;0;0;0;0
FR;11;2021-10-30;0;0;0;0;0;0;0;0;0;0;0;0;0;0;0;0;0;0
FR;11;2021-10-31;0;0;0;0;0;0;0;0;0;0;0;0;0;0;0;0;0;0
FR;11;2021-11-01;0;0;0;0;0;0;0;0;0;0;0;0;0;0;0;0;0;0
FR;11;2021-11-02;0;0;0;0;0;0;0;0;0;0;0;0;0;0;0;0;0;0
FR;11;2021-11-03;0;0;0;0;0;0;0;0;0;0;0;0;0;0;0;0;0;0
FR;11;2021-11-04;0;0;0;0;0;0;0;0;0;0;0;0;0;0;0;0;0;0
FR;11;2021-11-05;0;0;0;0;0;0;0;0;0;0;0;0;0;0;0;0;0;0
FR;11;2021-11-06;0;0;0;0;0;0;0;0;0;0;0;0;0;0;0;0;0;0
FR;11;2021-11-07;0;0;0;0;0;0;0;0;0;0;0;0;0;0;0;0;0;0
FR;11;2021-11-08;0;0;0;0;0;0;0;0;0;0;0;0;0;0;0;0;0;0
FR;11;2021-11-09;0;0;0;0;0;0;0;0;0;0;0;0;0;0;0;0;0;0
FR;11;2021-11-10;0;0;0;0;0;0;0;0;0;0;0;0;0;0;0;0;0;0
FR;11;2021-11-11;0;0;0;0;0;0;0;0;0;0;0;0;0;0;0;0;0;0
FR;11;2021-11-12;0;0;0;0;0;0;0;0;0;0;0;0;0;0;0;0;0;0
FR;11;2021-11-13;0;0;0;0;0;0;0;0;0;0;0;0;0;0;0;0;0;0
FR;11;2021-11-14;0;0;0;0;0;0;0;0;0;0;0;0;0;0;0;0;0;0
FR;11;2021-11-15;0;0;0;0;0;0;0;0;0;0;0;0;0;0;0;0;0;0
FR;11;2021-11-16;0;0;0;0;0;0;0;0;0;0;0;0;0;0;0;0;0;0
FR;11;2021-11-17;0;0;0;0;0;0;0;0;0;0;0;0;0;0;0;0;0;0
FR;11;2021-11-18;0;0;0;0;0;0;0;0;0;0;0;0;0;0;0;0;0;0
FR;11;2021-11-19;0;0;0;0;0;0;0;0;0;0;0;0;0;0;0;0;0;0
FR;11;2021-11-20;0;0;0;0;0;0;0;0;0;0;0;0;0;0;0;0;0;0
FR;11;2021-11-21;0;0;0;0;0;0;0;0;0;0;0;0;0;0;0;0;0;0
FR;11;2021-11-22;0;0;0;0;0;0;0;0;0;0;0;0;0;0;0;0;0;0
FR;11;2021-11-23;0;0;0;0;0;0;0;0;0;0;0;0;0;0;0;0;0;0
FR;11;2021-11-24;0;0;0;0;0;0;0;0;0;0;0;0;0;0;0;0;0;0
FR;11;2021-11-25;0;0;0;0;0;0;0;0;0;0;0;0;0;0;0;0;0;0
FR;11;2021-11-26;0;0;0;0;0;0;0;0;0;0;0;0;0;0;0;0;0;0
FR;11;2021-11-27;0;0;0;0;0;0;0;0;0;0;0;0;0;0;0;0;0;0
FR;11;2021-11-28;0;0;0;0;0;0;0;0;0;0;0;0;0;0;0;0;0;0
FR;11;2021-11-29;0;0;0;0;0;0;0;0;0;0;0;0;0;0;0;0;0;0
FR;11;2021-11-30;0;0;0;0;0;0;0;0;0;0;0;0;0;0;0;0;0;0
FR;11;2021-12-01;0;0;0;0;0;0;0;0;0;0;0;0;0;0;0;0;0;0
FR;11;2021-12-02;0;0;0;0;0;0;0;0;0;0;0;0;0;0;0;0;0;0
FR;11;2021-12-03;0;0;0;0;0;0;0;0;0;0;0;0;0;0;0;0;0;0
FR;11;2021-12-04;0;0;0;0;0;0;0;0;0;0;0;0;0;0;0;0;0;0
FR;11;2021-12-05;0;0;0;0;0;0;0;0;0;0;0;0;0;0;0;0;0;0
FR;11;2021-12-06;0;0;0;0;0;0;0;0;0;0;0;0;0;0;0;0;0;0
FR;11;2021-12-07;0;0;0;0;0;0;0;0;0;0;0;0;0;0;0;0;0;0
FR;11;2021-12-08;0;0;0;0;0;0;0;0;0;0;0;0;0;0;0;0;0;0
FR;11;2021-12-09;0;0;0;0;0;0;0;0;0;0;0;0;0;0;0;0;0;0
FR;11;2021-12-10;0;0;0;0;0;0;0;0;0;0;0;0;0;0;0;0;0;0
FR;11;2021-12-11;0;0;0;0;0;0;0;0;0;0;0;0;0;0;0;0;0;0
FR;11;2021-12-12;0;0;0;0;0;0;0;0;0;0;0;0;0;0;0;0;0;0
FR;11;2021-12-13;0;0;0;0;0;0;0;0;0;0;0;0;0;0;0;0;0;0
FR;11;2021-12-14;0;0;0;0;0;0;0;0;0;0;0;0;0;0;0;0;0;0
FR;11;2021-12-15;0;0;0;0;0;0;0;0;0;0;0;0;0;0;0;0;0;0
FR;11;2021-12-16;0;0;0;0;0;0;0;0;0;0;0;0;0;0;0;0;0;0
FR;11;2021-12-17;0;0;0;0;0;0;0;0;0;0;0;0;0;0;0;0;0;0
FR;11;2021-12-18;0;0;0;0;0;0;0;0;0;0;0;0;0;0;0;0;0;0
FR;11;2021-12-19;0;0;0;0;0;0;0;0;0;0;0;0;0;0;0;0;0;0
FR;11;2021-12-20;0;0;0;0;0;0;0;0;0;0;0;0;0;0;0;0;0;0
FR;11;2021-12-21;0;0;0;0;0;0;0;0;0;0;0;0;0;0;0;0;0;0
FR;11;2021-12-22;0;0;0;0;0;0;0;0;0;0;0;0;0;0;0;0;0;0
FR;11;2021-12-23;0;0;0;0;0;0;0;0;0;0;0;0;0;0;0;0;0;0
FR;11;2021-12-24;0;0;0;0;0;0;0;0;0;0;0;0;0;0;0;0;0;0
FR;11;2021-12-25;0;0;0;0;0;0;0;0;0;0;0;0;0;0;0;0;0;0
FR;11;2021-12-26;0;0;0;0;0;0;0;0;0;0;0;0;0;0;0;0;0;0
FR;11;2021-12-27;0;0;0;0;0;0;0;0;0;0;0;0;0;0;0;0;0;0
FR;11;2021-12-28;0;0;0;0;0;0;0;0;0;0;0;0;0;0;0;0;0;0
FR;11;2021-12-29;0;0;0;0;0;0;0;0;0;0;0;0;0;0;0;0;0;0
FR;11;2021-12-30;0;0;0;0;0;0;0;0;0;0;0;0;0;0;0;0;0;0
FR;11;2021-12-31;0;0;0;0;0;0;0;0;0;0;0;0;0;0;0;0;0;0
FR;11;2022-01-01;0;0;0;0;0;0;0;0;0;0;0;0;0;0;0;0;0;0
FR;11;2022-01-02;0;0;0;0;0;0;0;0;0;0;0;0;0;0;0;0;0;0
FR;11;2022-01-03;0;0;0;0;0;0;0;0;0;0;0;0;0;0;0;0;0;0
FR;11;2022-01-04;0;0;0;0;0;0;0;0;0;0;0;0;0;0;0;0;0;0
FR;11;2022-01-05;0;0;0;0;0;0;0;0;0;0;0;0;0;0;0;0;0;0
FR;11;2022-01-06;0;0;0;0;0;0;0;0;0;0;0;0;0;0;0;0;0;0
FR;11;2022-01-07;0;0;0;0;0;0;0;0;0;0;0;0;0;0;0;0;0;0
FR;11;2022-01-08;0;0;0;0;0;0;0;0;0;0;0;0;0;0;0;0;0;0
FR;11;2022-01-09;0;0;0;0;0;0;0;0;0;0;0;0;0;0;0;0;0;0
FR;11;2022-01-10;0;0;0;0;0;0;0;0;0;0;0;0;0;0;0;0;0;0
FR;11;2022-01-11;0;0;0;0;0;0;0;0;0;0;0;0;0;0;0;0;0;0
FR;11;2022-01-12;0;0;0;0;0;0;0;0;0;0;0;0;0;0;0;0;0;0
FR;11;2022-01-13;0;0;0;0;0;0;0;0;0;0;0;0;0;0;0;0;0;0
FR;11;2022-01-14;0;0;0;0;0;0;0;0;0;0;0;0;0;0;0;0;0;0
FR;11;2022-01-15;0;0;0;0;0;0;0;0;0;0;0;0;0;0;0;0;0;0
FR;11;2022-01-16;0;0;0;0;0;0;0;0;0;0;0;0;0;0;0;0;0;0
FR;11;2022-01-17;0;0;0;0;0;0;0;0;0;0;0;0;0;0;0;0;0;0
FR;11;2022-01-18;0;0;0;0;0;0;0;0;0;0;0;0;0;0;0;0;0;0
FR;11;2022-01-19;0;0;0;0;0;0;0;0;0;0;0;0;0;0;0;0;0;0
FR;11;2022-01-20;0;0;0;0;0;0;0;0;0;0;0;0;0;0;0;0;0;0
FR;11;2022-01-21;0;0;0;0;0;0;0;0;0;0;0;0;0;0;0;0;0;0
FR;11;2022-01-22;0;0;0;0;0;0;0;0;0;0;0;0;0;0;0;0;0;0
FR;11;2022-01-23;0;0;0;0;0;0;0;0;0;0;0;0;0;0;0;0;0;0
FR;11;2022-01-24;0;0;0;0;0;0;0;0;0;0;0;0;0;0;0;0;0;0
FR;11;2022-01-25;0;0;0;0;0;0;0;0;0;0;0;0;0;0;0;0;0;0
FR;11;2022-01-26;0;0;0;0;0;0;0;0;0;0;0;0;0;0;0;0;0;0
FR;11;2022-01-27;0;0;0;0;0;0;0;0;0;0;0;0;0;0;0;0;0;0
FR;11;2022-01-28;0;0;0;0;0;0;0;0;0;0;0;0;0;0;0;0;0;0
FR;11;2022-01-29;0;0;0;0;0;0;0;0;0;0;0;0;0;0;0;0;0;0
FR;11;2022-01-30;0;0;0;0;0;0;0;0;0;0;0;0;0;0;0;0;0;0
FR;11;2022-01-31;0;0;0;0;0;0;0;0;0;0;0;0;0;0;0;0;0;0
FR;11;2022-02-01;0;0;0;0;0;0;0;0;0;0;0;0;0;0;0;0;0;0
FR;11;2022-02-02;0;0;0;0;0;0;0;0;0;0;0;0;0;0;0;0;0;0
FR;11;2022-02-03;0;0;0;0;0;0;0;0;0;0;0;0;0;0;0;0;0;0
FR;11;2022-02-04;0;0;0;0;0;0;0;0;0;0;0;0;0;0;0;0;0;0
FR;11;2022-02-05;0;0;0;0;0;0;0;0;0;0;0;0;0;0;0;0;0;0
FR;11;2022-02-06;0;0;0;0;0;0;0;0;0;0;0;0;0;0;0;0;0;0
FR;11;2022-02-07;0;0;0;0;0;0;0;0;0;0;0;0;0;0;0;0;0;0
FR;11;2022-02-08;0;0;0;0;0;0;0;0;0;0;0;0;0;0;0;0;0;0
FR;11;2022-02-09;0;0;0;0;0;0;0;0;0;0;0;0;0;0;0;0;0;0
FR;11;2022-02-10;0;0;0;0;0;0;0;0;0;0;0;0;0;0;0;0;0;0
FR;11;2022-02-11;0;0;0;0;0;0;0;0;0;0;0;0;0;0;0;0;0;0
FR;11;2022-02-12;0;0;0;0;0;0;0;0;0;0;0;0;0;0;0;0;0;0
FR;11;2022-02-13;0;0;0;0;0;0;0;0;0;0;0;0;0;0;0;0;0;0
FR;11;2022-02-14;0;0;0;0;0;0;0;0;0;0;0;0;0;0;0;0;0;0
FR;11;2022-02-15;0;0;0;0;0;0;0;0;0;0;0;0;0;0;0;0;0;0
FR;11;2022-02-16;0;0;0;0;0;0;0;0;0;0;0;0;0;0;0;0;0;0
FR;11;2022-02-17;0;0;0;0;0;0;0;0;0;0;0;0;0;0;0;0;0;0
FR;11;2022-02-18;0;0;0;0;0;0;0;0;0;0;0;0;0;0;0;0;0;0
FR;11;2022-02-19;0;0;0;0;0;0;0;0;0;0;0;0;0;0;0;0;0;0
FR;11;2022-02-20;0;0;0;0;0;0;0;0;0;0;0;0;0;0;0;0;0;0
FR;11;2022-02-21;0;0;0;0;0;0;0;0;0;0;0;0;0;0;0;0;0;0
FR;11;2022-02-22;0;0;0;0;0;0;0;0;0;0;0;0;0;0;0;0;0;0
FR;11;2022-02-23;0;0;0;0;0;0;0;0;0;0;0;0;0;0;0;0;0;0
FR;11;2022-02-24;0;0;0;0;0;0;0;0;0;0;0;0;0;0;0;0;0;0
FR;11;2022-02-25;0;0;0;0;0;0;0;0;0;0;0;0;0;0;0;0;0;0
FR;11;2022-02-26;0;0;0;0;0;0;0;0;0;0;0;0;0;0;0;0;0;0
FR;11;2022-02-27;0;0;0;0;0;0;0;0;0;0;0;0;0;0;0;0;0;0
FR;11;2022-02-28;0;0;0;0;0;0;0;0;0;0;0;0;0;0;0;0;0;0
FR;11;2022-03-01;0;0;0;0;0;0;0;0;0;0;0;0;0;0;0;0;0;0
FR;11;2022-03-02;0;0;0;0;0;0;0;0;0;0;0;0;0;0;0;0;0;0
FR;11;2022-03-03;0;0;0;0;0;0;0;0;0;0;0;0;0;0;0;0;0;0
FR;11;2022-03-04;0;0;0;0;0;0;0;0;0;0;0;0;0;0;0;0;0;0
FR;11;2022-03-05;0;0;0;0;0;0;0;0;0;0;0;0;0;0;0;0;0;0
FR;11;2022-03-06;0;0;0;0;0;0;0;0;0;0;0;0;0;0;0;0;0;0
FR;11;2022-03-07;0;0;0;0;0;0;0;0;0;0;0;0;0;0;0;0;0;0
FR;11;2022-03-08;0;0;0;0;0;0;0;0;0;0;0;0;0;0;0;0;0;0
FR;11;2022-03-09;0;0;0;0;0;0;0;0;0;0;0;0;0;0;0;0;0;0
FR;11;2022-03-10;0;0;0;0;0;0;0;0;0;0;0;0;0;0;0;0;0;0
FR;11;2022-03-11;0;0;0;0;0;0;0;0;0;0;0;0;0;0;0;0;0;0
FR;11;2022-03-12;0;0;0;0;0;0;0;0;0;0;0;0;0;0;0;0;0;0
FR;11;2022-03-13;0;0;0;0;0;0;0;0;0;0;0;0;0;0;0;0;0;0
FR;11;2022-03-14;0;0;0;0;0;0;0;0;0;0;0;0;0;0;0;0;0;0
FR;11;2022-03-15;0;0;0;0;0;0;0;0;0;0;0;0;0;0;0;0;0;0
FR;11;2022-03-16;0;0;0;0;0;0;0;0;0;0;0;0;0;0;0;0;0;0
FR;11;2022-03-17;0;0;0;0;0;0;0;0;0;0;0;0;0;0;0;0;0;0
FR;11;2022-03-18;0;0;0;0;0;0;0;0;0;0;0;0;0;0;0;0;0;0
FR;11;2022-03-19;0;0;0;0;0;0;0;0;0;0;0;0;0;0;0;0;0;0
FR;11;2022-03-20;0;0;0;0;0;0;0;0;0;0;0;0;0;0;0;0;0;0
FR;11;2022-03-21;0;0;0;0;0;0;0;0;0;0;0;0;0;0;0;0;0;0
FR;11;2022-03-22;0;0;0;0;0;0;0;0;0;0;0;0;0;0;0;0;0;0
FR;11;2022-03-23;0;0;0;0;0;0;0;0;0;0;0;0;0;0;0;0;0;0
FR;11;2022-03-24;0;0;0;0;0;0;0;0;0;0;0;0;0;0;0;0;0;0
FR;11;2022-03-25;0;0;0;0;0;0;0;0;0;0;0;0;0;0;0;0;0;0
FR;11;2022-03-26;0;0;0;0;0;0;0;0;0;0;0;0;0;0;0;0;0;0
FR;11;2022-03-27;0;0;0;0;0;0;0;0;0;0;0;0;0;0;0;0;0;0
FR;11;2022-03-28;0;0;0;0;0;0;0;0;0;0;0;0;0;0;0;0;0;0
FR;11;2022-03-29;0;0;0;0;0;0;0;0;0;0;0;0;0;0;0;0;0;0
FR;11;2022-03-30;0;0;0;0;0;0;0;0;0;0;0;0;0;0;0;0;0;0
FR;11;2022-03-31;0;0;0;0;0;0;0;0;0;0;0;0;0;0;0;0;0;0
FR;11;2022-04-01;0;0;0;0;0;0;0;0;0;0;0;0;0;0;0;0;0;0
FR;11;2022-04-02;0;0;0;0;0;0;0;0;0;0;0;0;0;0;0;0;0;0
FR;11;2022-04-03;0;0;0;0;0;0;0;0;0;0;0;0;0;0;0;0;0;0
FR;11;2022-04-04;0;0;0;0;0;0;0;0;0;0;0;0;0;0;0;0;0;0
FR;11;2022-04-05;0;0;0;0;0;0;0;0;0;0;0;0;0;0;0;0;0;0
FR;11;2022-04-06;0;0;0;0;0;0;0;0;0;0;0;0;0;0;0;0;0;0
FR;11;2022-04-07;0;0;0;0;0;0;0;0;0;0;0;0;0;0;0;0;0;0
FR;11;2022-04-08;0;0;0;0;0;0;0;0;0;0;0;0;0;0;0;0;0;0
FR;11;2022-04-09;0;0;0;0;0;0;0;0;0;0;0;0;0;0;0;0;0;0
FR;11;2022-04-10;0;0;0;0;0;0;0;0;0;0;0;0;0;0;0;0;0;0
FR;11;2022-04-11;0;0;0;0;0;0;0;0;0;0;0;0;0;0;0;0;0;0
FR;11;2022-04-12;0;0;0;0;0;0;0;0;0;0;0;0;0;0;0;0;0;0
FR;11;2022-04-13;0;0;0;0;0;0;0;0;0;0;0;0;0;0;0;0;0;0
FR;11;2022-04-14;0;0;0;0;0;0;0;0;0;0;0;0;0;0;0;0;0;0
FR;11;2022-04-15;0;0;0;0;0;0;0;0;0;0;0;0;0;0;0;0;0;0
FR;11;2022-04-16;0;0;0;0;0;0;0;0;0;0;0;0;0;0;0;0;0;0
FR;11;2022-04-17;0;0;0;0;0;0;0;0;0;0;0;0;0;0;0;0;0;0
FR;11;2022-04-18;0;0;0;0;0;0;0;0;0;0;0;0;0;0;0;0;0;0
FR;11;2022-04-19;0;0;0;0;0;0;0;0;0;0;0;0;0;0;0;0;0;0
FR;11;2022-04-20;0;0;0;0;0;0;0;0;0;0;0;0;0;0;0;0;0;0
FR;11;2022-04-21;0;0;0;0;0;0;0;0;0;0;0;0;0;0;0;0;0;0
FR;11;2022-04-22;0;0;0;0;0;0;0;0;0;0;0;0;0;0;0;0;0;0
FR;11;2022-04-23;0;0;0;0;0;0;0;0;0;0;0;0;0;0;0;0;0;0
FR;11;2022-04-24;0;0;0;0;0;0;0;0;0;0;0;0;0;0;0;0;0;0
FR;11;2022-04-25;0;0;0;0;0;0;0;0;0;0;0;0;0;0;0;0;0;0
FR;11;2022-04-26;0;0;0;0;0;0;0;0;0;0;0;0;0;0;0;0;0;0
FR;11;2022-04-27;0;0;0;0;0;0;0;0;0;0;0;0;0;0;0;0;0;0
FR;11;2022-04-28;0;0;0;0;0;0;0;0;0;0;0;0;0;0;0;0;0;0
FR;11;2022-04-29;0;0;0;0;0;0;0;0;0;0;0;0;0;0;0;0;0;0
FR;11;2022-04-30;0;0;0;0;0;0;0;0;0;0;0;0;0;0;0;0;0;0
FR;11;2022-05-01;0;0;0;0;0;0;0;0;0;0;0;0;0;0;0;0;0;0
FR;11;2022-05-02;0;0;0;0;0;0;0;0;0;0;0;0;0;0;0;0;0;0
FR;11;2022-05-03;0;0;0;0;0;0;0;0;0;0;0;0;0;0;0;0;0;0
FR;11;2022-05-04;0;0;0;0;0;0;0;0;0;0;0;0;0;0;0;0;0;0
FR;11;2022-05-05;0;0;0;0;0;0;0;0;0;0;0;0;0;0;0;0;0;0
FR;11;2022-05-06;0;0;0;0;0;0;0;0;0;0;0;0;0;0;0;0;0;0
FR;11;2022-05-07;0;0;0;0;0;0;0;0;0;0;0;0;0;0;0;0;0;0
FR;11;2022-05-08;0;0;0;0;0;0;0;0;0;0;0;0;0;0;0;0;0;0
FR;11;2022-05-09;0;0;0;0;0;0;0;0;0;0;0;0;0;0;0;0;0;0
FR;11;2022-05-10;0;0;0;0;0;0;0;0;0;0;0;0;0;0;0;0;0;0
FR;11;2022-05-11;0;0;0;0;0;0;0;0;0;0;0;0;0;0;0;0;0;0
FR;11;2022-05-12;0;0;0;0;0;0;0;0;0;0;0;0;0;0;0;0;0;0
FR;11;2022-05-13;0;0;0;0;0;0;0;0;0;0;0;0;0;0;0;0;0;0
FR;11;2022-05-14;0;0;0;0;0;0;0;0;0;0;0;0;0;0;0;0;0;0
FR;11;2022-05-15;0;0;0;0;0;0;0;0;0;0;0;0;0;0;0;0;0;0
FR;11;2022-05-16;0;0;0;0;0;0;0;0;0;0;0;0;0;0;0;0;0;0
FR;11;2022-05-17;0;0;0;0;0;0;0;0;0;0;0;0;0;0;0;0;0;0
FR;11;2022-05-18;0;0;0;0;0;0;0;0;0;0;0;0;0;0;0;0;0;0
FR;11;2022-05-19;0;0;0;0;0;0;0;0;0;0;0;0;0;0;0;0;0;0
FR;11;2022-05-20;0;0;0;0;0;0;0;0;0;0;0;0;0;0;0;0;0;0
FR;11;2022-05-21;0;0;0;0;0;0;0;0;0;0;0;0;0;0;0;0;0;0
FR;11;2022-05-22;0;0;0;0;0;0;0;0;0;0;0;0;0;0;0;0;0;0
FR;11;2022-05-23;0;0;0;0;0;0;0;0;0;0;0;0;0;0;0;0;0;0
FR;11;2022-05-24;0;0;0;0;0;0;0;0;0;0;0;0;0;0;0;0;0;0
FR;11;2022-05-25;0;0;0;0;0;0;0;0;0;0;0;0;0;0;0;0;0;0
FR;11;2022-05-26;0;0;0;0;0;0;0;0;0;0;0;0;0;0;0;0;0;0
FR;11;2022-05-27;0;0;0;0;0;0;0;0;0;0;0;0;0;0;0;0;0;0
FR;11;2022-05-28;0;0;0;0;0;0;0;0;0;0;0;0;0;0;0;0;0;0
FR;11;2022-05-29;0;0;0;0;0;0;0;0;0;0;0;0;0;0;0;0;0;0
FR;11;2022-05-30;0;0;0;0;0;0;0;0;0;0;0;0;0;0;0;0;0;0
FR;11;2022-05-31;0;0;0;0;0;0;0;0;0;0;0;0;0;0;0;0;0;0
FR;11;2022-06-01;0;0;0;0;0;0;0;0;0;0;0;0;0;0;0;0;0;0
FR;11;2022-06-02;0;0;0;0;0;0;0;0;0;0;0;0;0;0;0;0;0;0
FR;11;2022-06-03;0;0;0;0;0;0;0;0;0;0;0;0;0;0;0;0;0;0
FR;11;2022-06-04;0;0;0;0;0;0;0;0;0;0;0;0;0;0;0;0;0;0
FR;11;2022-06-05;0;0;0;0;0;0;0;0;0;0;0;0;0;0;0;0;0;0
FR;11;2022-06-06;0;0;0;0;0;0;0;0;0;0;0;0;0;0;0;0;0;0
FR;11;2022-06-07;0;0;0;0;0;0;0;0;0;0;0;0;0;0;0;0;0;0
FR;11;2022-06-08;0;0;0;0;0;0;0;0;0;0;0;0;0;0;0;0;0;0
FR;11;2022-06-09;0;0;0;0;0;0;0;0;0;0;0;0;0;0;0;0;0;0
FR;11;2022-06-10;0;0;0;0;0;0;0;0;0;0;0;0;0;0;0;0;0;0
FR;11;2022-06-11;0;0;0;0;0;0;0;0;0;0;0;0;0;0;0;0;0;0
FR;11;2022-06-12;0;0;0;0;0;0;0;0;0;0;0;0;0;0;0;0;0;0
FR;11;2022-06-13;0;0;0;0;0;0;0;0;0;0;0;0;0;0;0;0;0;0
FR;11;2022-06-14;0;0;0;0;0;0;0;0;0;0;0;0;0;0;0;0;0;0
FR;11;2022-06-15;0;0;0;0;0;0;0;0;0;0;0;0;0;0;0;0;0;0
FR;11;2022-06-16;0;0;0;0;0;0;0;0;0;0;0;0;0;0;0;0;0;0
FR;11;2022-06-17;0;0;0;0;0;0;0;0;0;0;0;0;0;0;0;0;0;0
FR;11;2022-06-18;0;0;0;0;0;0;0;0;0;0;0;0;0;0;0;0;0;0
FR;11;2022-06-19;0;0;0;0;0;0;0;0;0;0;0;0;0;0;0;0;0;0
FR;11;2022-06-20;0;0;0;0;0;0;0;0;0;0;0;0;0;0;0;0;0;0
FR;11;2022-06-21;0;0;0;0;0;0;0;0;0;0;0;0;0;0;0;0;0;0
FR;11;2022-06-22;0;0;0;0;0;0;0;0;0;0;0;0;0;0;0;0;0;0
FR;11;2022-06-23;0;0;0;0;0;0;0;0;0;0;0;0;0;0;0;0;0;0
FR;11;2022-06-24;0;0;0;0;0;0;0;0;0;0;0;0;0;0;0;0;0;0
FR;11;2022-06-25;0;0;0;0;0;0;0;0;0;0;0;0;0;0;0;0;0;0
FR;11;2022-06-26;0;0;0;0;0;0;0;0;0;0;0;0;0;0;0;0;0;0
FR;11;2022-06-27;0;0;0;0;0;0;0;0;0;0;0;0;0;0;0;0;0;0
FR;11;2022-06-28;0;0;0;0;0;0;0;0;0;0;0;0;0;0;0;0;0;0
FR;11;2022-06-29;0;0;0;0;0;0;0;0;0;0;0;0;0;0;0;0;0;0
FR;11;2022-06-30;0;0;0;0;0;0;0;0;0;0;0;0;0;0;0;0;0;0
FR;11;2022-07-01;0;0;0;0;0;0;0;0;0;0;0;0;0;0;0;0;0;0
FR;11;2022-07-02;0;0;0;0;0;0;0;0;0;0;0;0;0;0;0;0;0;0
FR;11;2022-07-03;0;0;0;0;0;0;0;0;0;0;0;0;0;0;0;0;0;0
FR;11;2022-07-04;0;0;0;0;0;0;0;0;0;0;0;0;0;0;0;0;0;0
FR;11;2022-07-05;0;0;0;0;0;0;0;0;0;0;0;0;0;0;0;0;0;0
FR;11;2022-07-06;0;0;0;0;0;0;0;0;0;0;0;0;0;0;0;0;0;0
FR;11;2022-07-07;0;0;0;0;0;0;0;0;0;0;0;0;0;0;0;0;0;0
FR;11;2022-07-08;0;0;0;0;0;0;0;0;0;0;0;0;0;0;0;0;0;0
FR;11;2022-07-09;0;0;0;0;0;0;0;0;0;0;0;0;0;0;0;0;0;0
FR;11;2022-07-10;0;0;0;0;0;0;0;0;0;0;0;0;0;0;0;0;0;0
FR;11;2022-07-11;0;0;0;0;0;0;0;0;0;0;0;0;0;0;0;0;0;0
FR;11;2022-07-12;0;0;0;0;0;0;0;0;0;0;0;0;0;0;0;0;0;0
FR;11;2022-07-13;0;0;0;0;0;0;0;0;0;0;0;0;0;0;0;0;0;0
FR;11;2022-07-14;0;0;0;0;0;0;0;0;0;0;0;0;0;0;0;0;0;0
FR;11;2022-07-15;0;0;0;0;0;0;0;0;0;0;0;0;0;0;0;0;0;0
FR;11;2022-07-16;0;0;0;0;0;0;0;0;0;0;0;0;0;0;0;0;0;0
FR;11;2022-07-17;0;0;0;0;0;0;0;0;0;0;0;0;0;0;0;0;0;0
FR;11;2022-07-18;0;0;0;0;0;0;0;0;0;0;0;0;0;0;0;0;0;0
FR;11;2022-07-19;0;0;0;0;0;0;0;0;0;0;0;0;0;0;0;0;0;0
FR;11;2022-07-20;0;0;0;0;0;0;0;0;0;0;0;0;0;0;0;0;0;0
FR;11;2022-07-21;0;0;0;0;0;0;0;0;0;0;0;0;0;0;0;0;0;0
FR;11;2022-07-22;0;0;0;0;0;0;0;0;0;0;0;0;0;0;0;0;0;0
FR;11;2022-07-23;0;0;0;0;0;0;0;0;0;0;0;0;0;0;0;0;0;0
FR;11;2022-07-24;0;0;0;0;0;0;0;0;0;0;0;0;0;0;0;0;0;0
FR;11;2022-07-25;0;0;0;0;0;0;0;0;0;0;0;0;0;0;0;0;0;0
FR;11;2022-07-26;0;0;0;0;0;0;0;0;0;0;0;0;0;0;0;0;0;0
FR;11;2022-07-27;0;0;0;0;0;0;0;0;0;0;0;0;0;0;0;0;0;0
FR;11;2022-07-28;0;0;0;0;0;0;0;0;0;0;0;0;0;0;0;0;0;0
FR;11;2022-07-29;0;0;0;0;0;0;0;0;0;0;0;0;0;0;0;0;0;0
FR;11;2022-07-30;0;0;0;0;0;0;0;0;0;0;0;0;0;0;0;0;0;0
FR;11;2022-07-31;0;0;0;0;0;0;0;0;0;0;0;0;0;0;0;0;0;0
FR;11;2022-08-01;0;0;0;0;0;0;0;0;0;0;0;0;0;0;0;0;0;0
FR;11;2022-08-02;0;0;0;0;0;0;0;0;0;0;0;0;0;0;0;0;0;0
FR;11;2022-08-03;0;0;0;0;0;0;0;0;0;0;0;0;0;0;0;0;0;0
FR;11;2022-08-04;0;0;0;0;0;0;0;0;0;0;0;0;0;0;0;0;0;0
FR;11;2022-08-05;0;0;0;0;0;0;0;0;0;0;0;0;0;0;0;0;0;0
FR;11;2022-08-06;0;0;0;0;0;0;0;0;0;0;0;0;0;0;0;0;0;0
FR;11;2022-08-07;0;0;0;0;0;0;0;0;0;0;0;0;0;0;0;0;0;0
FR;11;2022-08-08;0;0;0;0;0;0;0;0;0;0;0;0;0;0;0;0;0;0
FR;11;2022-08-09;0;0;0;0;0;0;0;0;0;0;0;0;0;0;0;0;0;0
FR;11;2022-08-10;0;0;0;0;0;0;0;0;0;0;0;0;0;0;0;0;0;0
FR;11;2022-08-11;0;0;0;0;0;0;0;0;0;0;0;0;0;0;0;0;0;0
FR;11;2022-08-12;0;0;0;0;0;0;0;0;0;0;0;0;0;0;0;0;0;0
FR;11;2022-08-13;0;0;0;0;0;0;0;0;0;0;0;0;0;0;0;0;0;0
FR;11;2022-08-14;0;0;0;0;0;0;0;0;0;0;0;0;0;0;0;0;0;0
FR;11;2022-08-15;0;0;0;0;0;0;0;0;0;0;0;0;0;0;0;0;0;0
FR;11;2022-08-16;0;0;0;0;0;0;0;0;0;0;0;0;0;0;0;0;0;0
FR;11;2022-08-17;0;0;0;0;0;0;0;0;0;0;0;0;0;0;0;0;0;0
FR;11;2022-08-18;0;0;0;0;0;0;0;0;0;0;0;0;0;0;0;0;0;0
FR;11;2022-08-19;0;0;0;0;0;0;0;0;0;0;0;0;0;0;0;0;0;0
FR;11;2022-08-20;0;0;0;0;0;0;0;0;0;0;0;0;0;0;0;0;0;0
FR;11;2022-08-21;0;0;0;0;0;0;0;0;0;0;0;0;0;0;0;0;0;0
FR;11;2022-08-22;0;0;0;0;0;0;0;0;0;0;0;0;0;0;0;0;0;0
FR;11;2022-08-23;0;0;0;0;0;0;0;0;0;0;0;0;0;0;0;0;0;0
FR;11;2022-08-24;0;0;0;0;0;0;0;0;0;0;0;0;0;0;0;0;0;0
FR;11;2022-08-25;0;0;0;0;0;0;0;0;0;0;0;0;0;0;0;0;0;0
FR;11;2022-08-26;0;0;0;0;0;0;0;0;0;0;0;0;0;0;0;0;0;0
FR;11;2022-08-27;0;0;0;0;0;0;0;0;0;0;0;0;0;0;0;0;0;0
FR;11;2022-08-28;0;0;0;0;0;0;0;0;0;0;0;0;0;0;0;0;0;0
FR;11;2022-08-29;0;0;0;0;0;0;0;0;0;0;0;0;0;0;0;0;0;0
FR;11;2022-08-30;0;0;0;0;0;0;0;0;0;0;0;0;0;0;0;0;0;0
FR;11;2022-08-31;0;0;0;0;0;0;0;0;0;0;0;0;0;0;0;0;0;0
FR;11;2022-09-01;0;0;0;0;0;0;0;0;0;0;0;0;0;0;0;0;0;0
FR;11;2022-09-02;0;0;0;0;0;0;0;0;0;0;0;0;0;0;0;0;0;0
FR;11;2022-09-03;0;0;0;0;0;0;0;0;0;0;0;0;0;0;0;0;0;0
FR;11;2022-09-04;0;0;0;0;0;0;0;0;0;0;0;0;0;0;0;0;0;0
FR;11;2022-09-05;0;0;0;0;0;0;0;0;0;0;0;0;0;0;0;0;0;0
FR;11;2022-09-06;0;0;0;0;0;0;0;0;0;0;0;0;0;0;0;0;0;0
FR;11;2022-09-07;0;0;0;0;0;0;0;0;0;0;0;0;0;0;0;0;0;0
FR;11;2022-09-08;0;0;0;0;0;0;0;0;0;0;0;0;0;0;0;0;0;0
FR;11;2022-09-09;0;0;0;0;0;0;0;0;0;0;0;0;0;0;0;0;0;0
FR;11;2022-09-10;0;0;0;0;0;0;0;0;0;0;0;0;0;0;0;0;0;0
FR;11;2022-09-11;0;0;0;0;0;0;0;0;0;0;0;0;0;0;0;0;0;0
FR;11;2022-09-12;0;0;0;0;0;0;0;0;0;0;0;0;0;0;0;0;0;0
FR;11;2022-09-13;0;0;0;0;0;0;0;0;0;0;0;0;0;0;0;0;0;0
FR;11;2022-09-14;0;0;0;0;0;0;0;0;0;0;0;0;0;0;0;0;0;0
FR;11;2022-09-15;0;0;0;0;0;0;0;0;0;0;0;0;0;0;0;0;0;0
FR;11;2022-09-16;0;0;0;0;0;0;0;0;0;0;0;0;0;0;0;0;0;0
FR;11;2022-09-17;0;0;0;0;0;0;0;0;0;0;0;0;0;0;0;0;0;0
FR;11;2022-09-18;0;0;0;0;0;0;0;0;0;0;0;0;0;0;0;0;0;0
FR;11;2022-09-19;0;0;0;0;0;0;0;0;0;0;0;0;0;0;0;0;0;0
FR;11;2022-09-20;0;0;0;0;0;0;0;0;0;0;0;0;0;0;0;0;0;0
FR;11;2022-09-21;0;0;0;0;0;0;0;0;0;0;0;0;0;0;0;0;0;0
FR;11;2022-09-22;0;0;0;0;0;0;0;0;0;0;0;0;0;0;0;0;0;0
FR;11;2022-09-23;0;0;0;0;0;0;0;0;0;0;0;0;0;0;0;0;0;0
FR;11;2022-09-24;0;0;0;0;0;0;0;0;0;0;0;0;0;0;0;0;0;0
FR;11;2022-09-25;0;0;0;0;0;0;0;0;0;0;0;0;0;0;0;0;0;0
FR;11;2022-09-26;0;0;0;0;0;0;0;0;0;0;0;0;0;0;0;0;0;0
FR;11;2022-09-27;0;0;0;0;0;0;0;0;0;0;0;0;0;0;0;0;0;0
FR;11;2022-09-28;0;0;0;0;0;0;0;0;0;0;0;0;0;0;0;0;0;0
FR;11;2022-09-29;0;0;0;0;0;0;0;0;0;0;0;0;0;0;0;0;0;0
FR;11;2022-09-30;0;0;0;0;0;0;0;0;0;0;0;0;0;0;0;0;0;0
FR;11;2022-10-01;0;0;0;0;0;0;0;0;0;0;0;0;0;0;0;0;0;0
FR;11;2022-10-02;0;0;0;0;0;0;0;0;0;0;0;0;0;0;0;0;0;0
FR;11;2022-10-03;0;0;0;0;0;0;0;0;0;0;0;0;0;0;0;0;0;0
FR;11;2022-10-04;0;0;0;0;0;0;0;0;0;0;0;0;0;0;0;0;0;0
FR;11;2022-10-05;0;0;0;0;0;0;0;0;0;0;0;0;0;0;0;0;0;0
FR;11;2022-10-06;0;0;0;0;0;0;0;0;0;0;0;0;0;0;0;0;0;0
FR;11;2022-10-07;0;0;0;0;0;0;0;0;0;0;0;0;0;0;0;0;0;0
FR;11;2022-10-08;0;0;0;0;0;0;0;0;0;0;0;0;0;0;0;0;0;0
FR;11;2022-10-09;0;0;0;0;0;0;0;0;0;0;0;0;0;0;0;0;0;0
FR;11;2022-10-10;0;0;0;0;0;0;0;0;0;0;0;0;0;0;0;0;0;0
FR;11;2022-10-11;0;0;0;0;0;0;0;0;0;0;0;0;0;0;0;0;0;0
FR;11;2022-10-12;0;0;0;0;0;0;0;0;0;0;0;0;0;0;0;0;0;0
FR;11;2022-10-13;0;0;0;0;0;0;0;0;0;0;0;0;0;0;0;0;0;0
FR;11;2022-10-14;0;0;0;0;0;0;0;0;0;0;0;0;0;0;0;0;0;0
FR;11;2022-10-15;0;0;0;0;0;0;0;0;0;0;0;0;0;0;0;0;0;0
FR;11;2022-10-16;0;0;0;0;0;0;0;0;0;0;0;0;0;0;0;0;0;0
FR;11;2022-10-17;0;0;0;0;0;0;0;0;0;0;0;0;0;0;0;0;0;0
FR;11;2022-10-18;0;0;0;0;0;0;0;0;0;0;0;0;0;0;0;0;0;0
FR;11;2022-10-19;0;0;0;0;0;0;0;0;0;0;0;0;0;0;0;0;0;0
FR;11;2022-10-20;0;0;0;0;0;0;0;0;0;0;0;0;0;0;0;0;0;0
FR;11;2022-10-21;0;0;0;0;0;0;0;0;0;0;0;0;0;0;0;0;0;0
FR;11;2022-10-22;0;0;0;0;0;0;0;0;0;0;0;0;0;0;0;0;0;0
FR;11;2022-10-23;0;0;0;0;0;0;0;0;0;0;0;0;0;0;0;0;0;0
FR;11;2022-10-24;0;0;0;0;0;0;0;0;0;0;0;0;0;0;0;0;0;0
FR;11;2022-10-25;0;0;0;0;0;0;0;0;0;0;0;0;0;0;0;0;0;0
FR;11;2022-10-26;0;0;0;0;0;0;0;0;0;0;0;0;0;0;0;0;0;0
FR;11;2022-10-27;0;0;0;0;0;0;0;0;0;0;0;0;0;0;0;0;0;0
FR;11;2022-10-28;0;0;0;0;0;0;0;0;0;0;0;0;0;0;0;0;0;0
FR;11;2022-10-29;0;0;0;0;0;0;0;0;0;0;0;0;0;0;0;0;0;0
FR;11;2022-10-30;0;0;0;0;0;0;0;0;0;0;0;0;0;0;0;0;0;0
FR;11;2022-10-31;0;0;0;0;0;0;0;0;0;0;0;0;0;0;0;0;0;0
FR;11;2022-11-01;0;0;0;0;0;0;0;0;0;0;0;0;0;0;0;0;0;0
FR;11;2022-11-02;0;0;0;0;0;0;0;0;0;0;0;0;0;0;0;0;0;0
FR;11;2022-11-03;0;0;0;0;0;0;0;0;0;0;0;0;0;0;0;0;0;0
FR;11;2022-11-04;0;0;0;0;0;0;0;0;0;0;0;0;0;0;0;0;0;0
FR;11;2022-11-05;0;0;0;0;0;0;0;0;0;0;0;0;0;0;0;0;0;0
FR;11;2022-11-06;0;0;0;0;0;0;0;0;0;0;0;0;0;0;0;0;0;0
FR;11;2022-11-07;0;0;0;0;0;0;0;0;0;0;0;0;0;0;0;0;0;0
FR;11;2022-11-08;0;0;0;0;0;0;0;0;0;0;0;0;0;0;0;0;0;0
FR;11;2022-11-09;0;0;0;0;0;0;0;0;0;0;0;0;0;0;0;0;0;0
FR;11;2022-11-10;0;0;0;0;0;0;0;0;0;0;0;0;0;0;0;0;0;0
FR;11;2022-11-11;0;0;0;0;0;0;0;0;0;0;0;0;0;0;0;0;0;0
FR;11;2022-11-12;0;0;0;0;0;0;0;0;0;0;0;0;0;0;0;0;0;0
FR;11;2022-11-13;0;0;0;0;0;0;0;0;0;0;0;0;0;0;0;0;0;0
FR;11;2022-11-14;0;0;0;0;0;0;0;0;0;0;0;0;0;0;0;0;0;0
FR;11;2022-11-15;0;0;0;0;0;0;0;0;0;0;0;0;0;0;0;0;0;0
FR;11;2022-11-16;0;0;0;0;0;0;0;0;0;0;0;0;0;0;0;0;0;0
FR;11;2022-11-17;0;0;0;0;0;0;0;0;0;0;0;0;0;0;0;0;0;0
FR;11;2022-11-18;0;0;0;0;0;0;0;0;0;0;0;0;0;0;0;0;0;0
FR;11;2022-11-19;0;0;0;0;0;0;0;0;0;0;0;0;0;0;0;0;0;0
FR;11;2022-11-20;0;0;0;0;0;0;0;0;0;0;0;0;0;0;0;0;0;0
FR;11;2022-11-21;0;0;0;0;0;0;0;0;0;0;0;0;0;0;0;0;0;0
FR;11;2022-11-22;0;0;0;0;0;0;0;0;0;0;0;0;0;0;0;0;0;0
FR;11;2022-11-23;0;0;0;0;0;0;0;0;0;0;0;0;0;0;0;0;0;0
FR;11;2022-11-24;0;0;0;0;0;0;0;0;0;0;0;0;0;0;0;0;0;0
FR;11;2022-11-25;0;0;0;0;0;0;0;0;0;0;0;0;0;0;0;0;0;0
FR;11;2022-11-26;0;0;0;0;0;0;0;0;0;0;0;0;0;0;0;0;0;0
FR;11;2022-11-27;0;0;0;0;0;0;0;0;0;0;0;0;0;0;0;0;0;0
FR;11;2022-11-28;0;0;0;0;0;0;0;0;0;0;0;0;0;0;0;0;0;0
FR;11;2022-11-29;0;0;0;0;0;0;0;0;0;0;0;0;0;0;0;0;0;0
FR;11;2022-11-30;0;0;0;0;0;0;0;0;0;0;0;0;0;0;0;0;0;0
FR;11;2022-12-01;0;0;0;0;0;0;0;0;0;0;0;0;0;0;0;0;0;0
FR;11;2022-12-02;0;0;0;0;0;0;0;0;0;0;0;0;0;0;0;0;0;0
FR;11;2022-12-03;0;0;0;0;0;0;0;0;0;0;0;0;0;0;0;0;0;0
FR;11;2022-12-04;0;0;0;0;0;0;0;0;0;0;0;0;0;0;0;0;0;0
FR;11;2022-12-05;0;0;0;0;0;0;0;0;0;0;0;0;0;0;0;0;0;0
FR;11;2022-12-06;0;0;0;0;0;0;0;0;0;0;0;0;0;0;0;0;0;0
FR;11;2022-12-07;0;0;0;0;0;0;0;0;0;0;0;0;0;0;0;0;0;0
FR;11;2022-12-08;0;0;0;0;0;0;0;0;0;0;0;0;0;0;0;0;0;0
FR;11;2022-12-09;0;0;0;0;0;0;0;0;0;0;0;0;0;0;0;0;0;0
FR;11;2022-12-10;0;0;0;0;0;0;0;0;0;0;0;0;0;0;0;0;0;0
FR;11;2022-12-11;0;0;0;0;0;0;0;0;0;0;0;0;0;0;0;0;0;0
FR;11;2022-12-12;0;0;0;0;0;0;0;0;0;0;0;0;0;0;0;0;0;0
FR;11;2022-12-13;0;0;0;0;0;0;0;0;0;0;0;0;0;0;0;0;0;0
FR;11;2022-12-14;0;0;0;0;0;0;0;0;0;0;0;0;0;0;0;0;0;0
FR;11;2022-12-15;0;0;0;0;0;0;0;0;0;0;0;0;0;0;0;0;0;0
FR;11;2022-12-16;0;0;0;0;0;0;0;0;0;0;0;0;0;0;0;0;0;0
FR;11;2022-12-17;0;0;0;0;0;0;0;0;0;0;0;0;0;0;0;0;0;0
FR;11;2022-12-18;0;0;0;0;0;0;0;0;0;0;0;0;0;0;0;0;0;0
FR;11;2022-12-19;0;0;0;0;0;0;0;0;0;0;0;0;0;0;0;0;0;0
FR;11;2022-12-20;0;0;0;0;0;0;0;0;0;0;0;0;0;0;0;0;0;0
FR;11;2022-12-21;0;0;0;0;0;0;0;0;0;0;0;0;0;0;0;0;0;0
FR;11;2022-12-22;0;0;0;0;0;0;0;0;0;0;0;0;0;0;0;0;0;0
FR;11;2022-12-23;0;0;0;0;0;0;0;0;0;0;0;0;0;0;0;0;0;0
FR;11;2022-12-24;0;0;0;0;0;0;0;0;0;0;0;0;0;0;0;0;0;0
FR;11;2022-12-25;0;0;0;0;0;0;0;0;0;0;0;0;0;0;0;0;0;0
FR;11;2022-12-26;0;0;0;0;0;0;0;0;0;0;0;0;0;0;0;0;0;0
FR;11;2022-12-27;0;0;0;0;0;0;0;0;0;0;0;0;0;0;0;0;0;0
FR;11;2022-12-28;0;0;0;0;0;0;0;0;0;0;0;0;0;0;0;0;0;0
FR;11;2022-12-29;0;0;0;0;0;0;0;0;0;0;0;0;0;0;0;0;0;0
FR;11;2022-12-30;0;0;0;0;0;0;0;0;0;0;0;0;0;0;0;0;0;0
FR;11;2022-12-31;0;0;0;0;0;0;0;0;0;0;0;0;0;0;0;0;0;0
FR;11;2023-01-01;0;0;0;0;0;0;0;0;0;0;0;0;0;0;0;0;0;0
FR;11;2023-01-02;0;0;0;0;0;0;0;0;0;0;0;0;0;0;0;0;0;0
FR;11;2023-01-03;0;0;0;0;0;0;0;0;0;0;0;0;0;0;0;0;0;0
FR;11;2023-01-04;0;0;0;0;0;0;0;0;0;0;0;0;0;0;0;0;0;0
FR;11;2023-01-05;0;0;0;0;0;0;0;0;0;0;0;0;0;0;0;0;0;0
FR;11;2023-01-06;0;0;0;0;0;0;0;0;0;0;0;0;0;0;0;0;0;0
FR;11;2023-01-07;0;0;0;0;0;0;0;0;0;0;0;0;0;0;0;0;0;0
FR;11;2023-01-08;0;0;0;0;0;0;0;0;0;0;0;0;0;0;0;0;0;0
FR;11;2023-01-09;0;0;0;0;0;0;0;0;0;0;0;0;0;0;0;0;0;0
FR;11;2023-01-10;0;0;0;0;0;0;0;0;0;0;0;0;0;0;0;0;0;0
FR;11;2023-01-11;0;0;0;0;0;0;0;0;0;0;0;0;0;0;0;0;0;0
FR;11;2023-01-12;0;0;0;0;0;0;0;0;0;0;0;0;0;0;0;0;0;0
FR;11;2023-01-13;0;0;0;0;0;0;0;0;0;0;0;0;0;0;0;0;0;0
FR;11;2023-01-14;0;0;0;0;0;0;0;0;0;0;0;0;0;0;0;0;0;0
FR;11;2023-01-15;0;0;0;0;0;0;0;0;0;0;0;0;0;0;0;0;0;0
FR;11;2023-01-16;0;0;0;0;0;0;0;0;0;0;0;0;0;0;0;0;0;0
FR;11;2023-01-17;0;0;0;0;0;0;0;0;0;0;0;0;0;0;0;0;0;0
FR;11;2023-01-18;0;0;0;0;0;0;0;0;0;0;0;0;0;0;0;0;0;0
FR;11;2023-01-19;0;0;0;0;0;0;0;0;0;0;0;0;0;0;0;0;0;0
FR;11;2023-01-20;0;0;0;0;0;0;0;0;0;0;0;0;0;0;0;0;0;0
FR;11;2023-01-21;0;0;0;0;0;0;0;0;0;0;0;0;0;0;0;0;0;0
FR;11;2023-01-22;0;0;0;0;0;0;0;0;0;0;0;0;0;0;0;0;0;0
FR;11;2023-01-23;0;0;0;0;0;0;0;0;0;0;0;0;0;0;0;0;0;0
FR;11;2023-01-24;0;0;0;0;0;0;0;0;0;0;0;0;0;0;0;0;0;0
FR;11;2023-01-25;0;0;0;0;0;0;0;0;0;0;0;0;0;0;0;0;0;0
FR;11;2023-01-26;0;0;0;0;0;0;0;0;0;0;0;0;0;0;0;0;0;0
FR;11;2023-01-27;0;0;0;0;0;0;0;0;0;0;0;0;0;0;0;0;0;0
FR;11;2023-01-28;0;0;0;0;0;0;0;0;0;0;0;0;0;0;0;0;0;0
FR;11;2023-01-29;0;0;0;0;0;0;0;0;0;0;0;0;0;0;0;0;0;0
FR;11;2023-01-30;0;0;0;0;0;0;0;0;0;0;0;0;0;0;0;0;0;0
FR;11;2023-01-31;0;0;0;0;0;0;0;0;0;0;0;0;0;0;0;0;0;0
FR;11;2023-02-01;0;0;0;0;0;0;0;0;0;0;0;0;0;0;0;0;0;0
FR;11;2023-02-02;0;0;0;0;0;0;0;0;0;0;0;0;0;0;0;0;0;0
FR;11;2023-02-03;0;0;0;0;0;0;0;0;0;0;0;0;0;0;0;0;0;0
FR;11;2023-02-04;0;0;0;0;0;0;0;0;0;0;0;0;0;0;0;0;0;0
FR;11;2023-02-05;0;0;0;0;0;0;0;0;0;0;0;0;0;0;0;0;0;0
FR;11;2023-02-06;1;0;0;0;0;0;0;0;0;1;0;0;0;0;0;0;0;0
FR;11;2023-02-07;0;0;0;0;0;0;0;0;0;1;0;0;0;0;0;0;0;0
FR;11;2023-02-08;2;0;0;0;0;0;0;0;0;3;0;0;0;0;0;0;0;0
FR;11;2023-02-09;1;0;0;0;0;0;0;0;0;4;0;0;0;0;0;0;0;0
FR;12;2020-12-27;0;0;0;0;0;0;0;0;0;0;0;0;0;0;0;0;0;0
FR;12;2020-12-28;0;0;0;0;0;0;0;0;0;0;0;0;0;0;0;0;0;0
FR;12;2020-12-29;0;0;0;0;0;0;0;0;0;0;0;0;0;0;0;0;0;0
FR;12;2020-12-30;0;0;0;0;0;0;0;0;0;0;0;0;0;0;0;0;0;0
FR;12;2020-12-31;0;0;0;0;0;0;0;0;0;0;0;0;0;0;0;0;0;0
FR;12;2021-01-01;0;0;0;0;0;0;0;0;0;0;0;0;0;0;0;0;0;0
FR;12;2021-01-02;0;0;0;0;0;0;0;0;0;0;0;0;0;0;0;0;0;0
FR;12;2021-01-03;0;0;0;0;0;0;0;0;0;0;0;0;0;0;0;0;0;0
FR;12;2021-01-04;0;0;0;0;0;0;0;0;0;0;0;0;0;0;0;0;0;0
FR;12;2021-01-05;0;0;0;0;0;0;0;0;0;0;0;0;0;0;0;0;0;0
FR;12;2021-01-06;0;0;0;0;0;0;0;0;0;0;0;0;0;0;0;0;0;0
FR;12;2021-01-07;0;0;0;0;0;0;0;0;0;0;0;0;0;0;0;0;0;0
FR;12;2021-01-08;0;0;0;0;0;0;0;0;0;0;0;0;0;0;0;0;0;0
FR;12;2021-01-09;0;0;0;0;0;0;0;0;0;0;0;0;0;0;0;0;0;0
FR;12;2021-01-10;0;0;0;0;0;0;0;0;0;0;0;0;0;0;0;0;0;0
FR;12;2021-01-11;0;0;0;0;0;0;0;0;0;0;0;0;0;0;0;0;0;0
FR;12;2021-01-12;0;0;0;0;0;0;0;0;0;0;0;0;0;0;0;0;0;0
FR;12;2021-01-13;0;0;0;0;0;0;0;0;0;0;0;0;0;0;0;0;0;0
FR;12;2021-01-14;0;0;0;0;0;0;0;0;0;0;0;0;0;0;0;0;0;0
FR;12;2021-01-15;0;0;0;0;0;0;0;0;0;0;0;0;0;0;0;0;0;0
FR;12;2021-01-16;0;0;0;0;0;0;0;0;0;0;0;0;0;0;0;0;0;0
FR;12;2021-01-17;0;0;0;0;0;0;0;0;0;0;0;0;0;0;0;0;0;0
FR;12;2021-01-18;0;0;0;0;0;0;0;0;0;0;0;0;0;0;0;0;0;0
FR;12;2021-01-19;0;0;0;0;0;0;0;0;0;0;0;0;0;0;0;0;0;0
FR;12;2021-01-20;0;0;0;0;0;0;0;0;0;0;0;0;0;0;0;0;0;0
FR;12;2021-01-21;0;0;0;0;0;0;0;0;0;0;0;0;0;0;0;0;0;0
FR;12;2021-01-22;0;0;0;0;0;0;0;0;0;0;0;0;0;0;0;0;0;0
FR;12;2021-01-23;0;0;0;0;0;0;0;0;0;0;0;0;0;0;0;0;0;0
FR;12;2021-01-24;0;0;0;0;0;0;0;0;0;0;0;0;0;0;0;0;0;0
FR;12;2021-01-25;0;0;0;0;0;0;0;0;0;0;0;0;0;0;0;0;0;0
FR;12;2021-01-26;0;0;0;0;0;0;0;0;0;0;0;0;0;0;0;0;0;0
FR;12;2021-01-27;0;0;0;0;0;0;0;0;0;0;0;0;0;0;0;0;0;0
FR;12;2021-01-28;0;0;0;0;0;0;0;0;0;0;0;0;0;0;0;0;0;0
FR;12;2021-01-29;0;0;0;0;0;0;0;0;0;0;0;0;0;0;0;0;0;0
FR;12;2021-01-30;0;0;0;0;0;0;0;0;0;0;0;0;0;0;0;0;0;0
FR;12;2021-01-31;0;0;0;0;0;0;0;0;0;0;0;0;0;0;0;0;0;0
FR;12;2021-02-01;0;0;0;0;0;0;0;0;0;0;0;0;0;0;0;0;0;0
FR;12;2021-02-02;0;0;0;0;0;0;0;0;0;0;0;0;0;0;0;0;0;0
FR;12;2021-02-03;0;0;0;0;0;0;0;0;0;0;0;0;0;0;0;0;0;0
FR;12;2021-02-04;0;0;0;0;0;0;0;0;0;0;0;0;0;0;0;0;0;0
FR;12;2021-02-05;0;0;0;0;0;0;0;0;0;0;0;0;0;0;0;0;0;0
FR;12;2021-02-06;0;0;0;0;0;0;0;0;0;0;0;0;0;0;0;0;0;0
FR;12;2021-02-07;0;0;0;0;0;0;0;0;0;0;0;0;0;0;0;0;0;0
FR;12;2021-02-08;0;0;0;0;0;0;0;0;0;0;0;0;0;0;0;0;0;0
FR;12;2021-02-09;0;0;0;0;0;0;0;0;0;0;0;0;0;0;0;0;0;0
FR;12;2021-02-10;0;0;0;0;0;0;0;0;0;0;0;0;0;0;0;0;0;0
FR;12;2021-02-11;0;0;0;0;0;0;0;0;0;0;0;0;0;0;0;0;0;0
FR;12;2021-02-12;0;0;0;0;0;0;0;0;0;0;0;0;0;0;0;0;0;0
FR;12;2021-02-13;0;0;0;0;0;0;0;0;0;0;0;0;0;0;0;0;0;0
FR;12;2021-02-14;0;0;0;0;0;0;0;0;0;0;0;0;0;0;0;0;0;0
FR;12;2021-02-15;0;0;0;0;0;0;0;0;0;0;0;0;0;0;0;0;0;0
FR;12;2021-02-16;0;0;0;0;0;0;0;0;0;0;0;0;0;0;0;0;0;0
FR;12;2021-02-17;0;0;0;0;0;0;0;0;0;0;0;0;0;0;0;0;0;0
FR;12;2021-02-18;0;0;0;0;0;0;0;0;0;0;0;0;0;0;0;0;0;0
FR;12;2021-02-19;0;0;0;0;0;0;0;0;0;0;0;0;0;0;0;0;0;0
FR;12;2021-02-20;0;0;0;0;0;0;0;0;0;0;0;0;0;0;0;0;0;0
FR;12;2021-02-21;0;0;0;0;0;0;0;0;0;0;0;0;0;0;0;0;0;0
FR;12;2021-02-22;0;0;0;0;0;0;0;0;0;0;0;0;0;0;0;0;0;0
FR;12;2021-02-23;0;0;0;0;0;0;0;0;0;0;0;0;0;0;0;0;0;0
FR;12;2021-02-24;0;0;0;0;0;0;0;0;0;0;0;0;0;0;0;0;0;0
FR;12;2021-02-25;0;0;0;0;0;0;0;0;0;0;0;0;0;0;0;0;0;0
FR;12;2021-02-26;0;0;0;0;0;0;0;0;0;0;0;0;0;0;0;0;0;0
FR;12;2021-02-27;0;0;0;0;0;0;0;0;0;0;0;0;0;0;0;0;0;0
FR;12;2021-02-28;0;0;0;0;0;0;0;0;0;0;0;0;0;0;0;0;0;0
FR;12;2021-03-01;0;0;0;0;0;0;0;0;0;0;0;0;0;0;0;0;0;0
FR;12;2021-03-02;0;0;0;0;0;0;0;0;0;0;0;0;0;0;0;0;0;0
FR;12;2021-03-03;0;0;0;0;0;0;0;0;0;0;0;0;0;0;0;0;0;0
FR;12;2021-03-04;0;0;0;0;0;0;0;0;0;0;0;0;0;0;0;0;0;0
FR;12;2021-03-05;0;0;0;0;0;0;0;0;0;0;0;0;0;0;0;0;0;0
FR;12;2021-03-06;0;0;0;0;0;0;0;0;0;0;0;0;0;0;0;0;0;0
FR;12;2021-03-07;0;0;0;0;0;0;0;0;0;0;0;0;0;0;0;0;0;0
FR;12;2021-03-08;0;0;0;0;0;0;0;0;0;0;0;0;0;0;0;0;0;0
FR;12;2021-03-09;0;0;0;0;0;0;0;0;0;0;0;0;0;0;0;0;0;0
FR;12;2021-03-10;0;0;0;0;0;0;0;0;0;0;0;0;0;0;0;0;0;0
FR;12;2021-03-11;0;0;0;0;0;0;0;0;0;0;0;0;0;0;0;0;0;0
FR;12;2021-03-12;0;0;0;0;0;0;0;0;0;0;0;0;0;0;0;0;0;0
FR;12;2021-03-13;0;0;0;0;0;0;0;0;0;0;0;0;0;0;0;0;0;0
FR;12;2021-03-14;0;0;0;0;0;0;0;0;0;0;0;0;0;0;0;0;0;0
FR;12;2021-03-15;0;0;0;0;0;0;0;0;0;0;0;0;0;0;0;0;0;0
FR;12;2021-03-16;0;0;0;0;0;0;0;0;0;0;0;0;0;0;0;0;0;0
FR;12;2021-03-17;0;0;0;0;0;0;0;0;0;0;0;0;0;0;0;0;0;0
FR;12;2021-03-18;0;0;0;0;0;0;0;0;0;0;0;0;0;0;0;0;0;0
FR;12;2021-03-19;0;0;0;0;0;0;0;0;0;0;0;0;0;0;0;0;0;0
FR;12;2021-03-20;0;0;0;0;0;0;0;0;0;0;0;0;0;0;0;0;0;0
FR;12;2021-03-21;0;0;0;0;0;0;0;0;0;0;0;0;0;0;0;0;0;0
FR;12;2021-03-22;0;0;0;0;0;0;0;0;0;0;0;0;0;0;0;0;0;0
FR;12;2021-03-23;0;0;0;0;0;0;0;0;0;0;0;0;0;0;0;0;0;0
FR;12;2021-03-24;0;0;0;0;0;0;0;0;0;0;0;0;0;0;0;0;0;0
FR;12;2021-03-25;0;0;0;0;0;0;0;0;0;0;0;0;0;0;0;0;0;0
FR;12;2021-03-26;0;0;0;0;0;0;0;0;0;0;0;0;0;0;0;0;0;0
FR;12;2021-03-27;0;0;0;0;0;0;0;0;0;0;0;0;0;0;0;0;0;0
FR;12;2021-03-28;0;0;0;0;0;0;0;0;0;0;0;0;0;0;0;0;0;0
FR;12;2021-03-29;0;0;0;0;0;0;0;0;0;0;0;0;0;0;0;0;0;0
FR;12;2021-03-30;0;0;0;0;0;0;0;0;0;0;0;0;0;0;0;0;0;0
FR;12;2021-03-31;0;0;0;0;0;0;0;0;0;0;0;0;0;0;0;0;0;0
FR;12;2021-04-01;0;0;0;0;0;0;0;0;0;0;0;0;0;0;0;0;0;0
FR;12;2021-04-02;0;0;0;0;0;0;0;0;0;0;0;0;0;0;0;0;0;0
FR;12;2021-04-03;0;0;0;0;0;0;0;0;0;0;0;0;0;0;0;0;0;0
FR;12;2021-04-04;0;0;0;0;0;0;0;0;0;0;0;0;0;0;0;0;0;0
FR;12;2021-04-05;0;0;0;0;0;0;0;0;0;0;0;0;0;0;0;0;0;0
FR;12;2021-04-06;0;0;0;0;0;0;0;0;0;0;0;0;0;0;0;0;0;0
FR;12;2021-04-07;0;0;0;0;0;0;0;0;0;0;0;0;0;0;0;0;0;0
FR;12;2021-04-08;0;0;0;0;0;0;0;0;0;0;0;0;0;0;0;0;0;0
FR;12;2021-04-09;0;0;0;0;0;0;0;0;0;0;0;0;0;0;0;0;0;0
FR;12;2021-04-10;0;0;0;0;0;0;0;0;0;0;0;0;0;0;0;0;0;0
FR;12;2021-04-11;0;0;0;0;0;0;0;0;0;0;0;0;0;0;0;0;0;0
FR;12;2021-04-12;0;0;0;0;0;0;0;0;0;0;0;0;0;0;0;0;0;0
FR;12;2021-04-13;0;0;0;0;0;0;0;0;0;0;0;0;0;0;0;0;0;0
FR;12;2021-04-14;0;0;0;0;0;0;0;0;0;0;0;0;0;0;0;0;0;0
FR;12;2021-04-15;0;0;0;0;0;0;0;0;0;0;0;0;0;0;0;0;0;0
FR;12;2021-04-16;0;0;0;0;0;0;0;0;0;0;0;0;0;0;0;0;0;0
FR;12;2021-04-17;0;0;0;0;0;0;0;0;0;0;0;0;0;0;0;0;0;0
FR;12;2021-04-18;0;0;0;0;0;0;0;0;0;0;0;0;0;0;0;0;0;0
FR;12;2021-04-19;0;0;0;0;0;0;0;0;0;0;0;0;0;0;0;0;0;0
FR;12;2021-04-20;0;0;0;0;0;0;0;0;0;0;0;0;0;0;0;0;0;0
FR;12;2021-04-21;0;0;0;0;0;0;0;0;0;0;0;0;0;0;0;0;0;0
FR;12;2021-04-22;0;0;0;0;0;0;0;0;0;0;0;0;0;0;0;0;0;0
FR;12;2021-04-23;0;0;0;0;0;0;0;0;0;0;0;0;0;0;0;0;0;0
FR;12;2021-04-24;0;0;0;0;0;0;0;0;0;0;0;0;0;0;0;0;0;0
FR;12;2021-04-25;0;0;0;0;0;0;0;0;0;0;0;0;0;0;0;0;0;0
FR;12;2021-04-26;0;0;0;0;0;0;0;0;0;0;0;0;0;0;0;0;0;0
FR;12;2021-04-27;0;0;0;0;0;0;0;0;0;0;0;0;0;0;0;0;0;0
FR;12;2021-04-28;0;0;0;0;0;0;0;0;0;0;0;0;0;0;0;0;0;0
FR;12;2021-04-29;0;0;0;0;0;0;0;0;0;0;0;0;0;0;0;0;0;0
FR;12;2021-04-30;0;0;0;0;0;0;0;0;0;0;0;0;0;0;0;0;0;0
FR;12;2021-05-01;0;0;0;0;0;0;0;0;0;0;0;0;0;0;0;0;0;0
FR;12;2021-05-02;0;0;0;0;0;0;0;0;0;0;0;0;0;0;0;0;0;0
FR;12;2021-05-03;0;0;0;0;0;0;0;0;0;0;0;0;0;0;0;0;0;0
FR;12;2021-05-04;0;0;0;0;0;0;0;0;0;0;0;0;0;0;0;0;0;0
FR;12;2021-05-05;0;0;0;0;0;0;0;0;0;0;0;0;0;0;0;0;0;0
FR;12;2021-05-06;0;0;0;0;0;0;0;0;0;0;0;0;0;0;0;0;0;0
FR;12;2021-05-07;0;0;0;0;0;0;0;0;0;0;0;0;0;0;0;0;0;0
FR;12;2021-05-08;0;0;0;0;0;0;0;0;0;0;0;0;0;0;0;0;0;0
FR;12;2021-05-09;0;0;0;0;0;0;0;0;0;0;0;0;0;0;0;0;0;0
FR;12;2021-05-10;0;0;0;0;0;0;0;0;0;0;0;0;0;0;0;0;0;0
FR;12;2021-05-11;0;0;0;0;0;0;0;0;0;0;0;0;0;0;0;0;0;0
FR;12;2021-05-12;0;0;0;0;0;0;0;0;0;0;0;0;0;0;0;0;0;0
FR;12;2021-05-13;0;0;0;0;0;0;0;0;0;0;0;0;0;0;0;0;0;0
FR;12;2021-05-14;0;0;0;0;0;0;0;0;0;0;0;0;0;0;0;0;0;0
FR;12;2021-05-15;0;0;0;0;0;0;0;0;0;0;0;0;0;0;0;0;0;0
FR;12;2021-05-16;0;0;0;0;0;0;0;0;0;0;0;0;0;0;0;0;0;0
FR;12;2021-05-17;0;0;0;0;0;0;0;0;0;0;0;0;0;0;0;0;0;0
FR;12;2021-05-18;0;0;0;0;0;0;0;0;0;0;0;0;0;0;0;0;0;0
FR;12;2021-05-19;0;0;0;0;0;0;0;0;0;0;0;0;0;0;0;0;0;0
FR;12;2021-05-20;0;0;0;0;0;0;0;0;0;0;0;0;0;0;0;0;0;0
FR;12;2021-05-21;0;0;0;0;0;0;0;0;0;0;0;0;0;0;0;0;0;0
FR;12;2021-05-22;0;0;0;0;0;0;0;0;0;0;0;0;0;0;0;0;0;0
FR;12;2021-05-23;0;0;0;0;0;0;0;0;0;0;0;0;0;0;0;0;0;0
FR;12;2021-05-24;0;0;0;0;0;0;0;0;0;0;0;0;0;0;0;0;0;0
FR;12;2021-05-25;0;0;0;0;0;0;0;0;0;0;0;0;0;0;0;0;0;0
FR;12;2021-05-26;0;0;0;0;0;0;0;0;0;0;0;0;0;0;0;0;0;0
FR;12;2021-05-27;0;0;0;0;0;0;0;0;0;0;0;0;0;0;0;0;0;0
FR;12;2021-05-28;0;0;0;0;0;0;0;0;0;0;0;0;0;0;0;0;0;0
FR;12;2021-05-29;0;0;0;0;0;0;0;0;0;0;0;0;0;0;0;0;0;0
FR;12;2021-05-30;0;0;0;0;0;0;0;0;0;0;0;0;0;0;0;0;0;0
FR;12;2021-05-31;0;0;0;0;0;0;0;0;0;0;0;0;0;0;0;0;0;0
FR;12;2021-06-01;0;0;0;0;0;0;0;0;0;0;0;0;0;0;0;0;0;0
FR;12;2021-06-02;0;0;0;0;0;0;0;0;0;0;0;0;0;0;0;0;0;0
FR;12;2021-06-03;0;0;0;0;0;0;0;0;0;0;0;0;0;0;0;0;0;0
FR;12;2021-06-04;0;0;0;0;0;0;0;0;0;0;0;0;0;0;0;0;0;0
FR;12;2021-06-05;0;0;0;0;0;0;0;0;0;0;0;0;0;0;0;0;0;0
FR;12;2021-06-06;0;0;0;0;0;0;0;0;0;0;0;0;0;0;0;0;0;0
FR;12;2021-06-07;0;0;0;0;0;0;0;0;0;0;0;0;0;0;0;0;0;0
FR;12;2021-06-08;0;0;0;0;0;0;0;0;0;0;0;0;0;0;0;0;0;0
FR;12;2021-06-09;0;0;0;0;0;0;0;0;0;0;0;0;0;0;0;0;0;0
FR;12;2021-06-10;0;0;0;0;0;0;0;0;0;0;0;0;0;0;0;0;0;0
FR;12;2021-06-11;0;0;0;0;0;0;0;0;0;0;0;0;0;0;0;0;0;0
FR;12;2021-06-12;0;0;0;0;0;0;0;0;0;0;0;0;0;0;0;0;0;0
FR;12;2021-06-13;0;0;0;0;0;0;0;0;0;0;0;0;0;0;0;0;0;0
FR;12;2021-06-14;0;0;0;0;0;0;0;0;0;0;0;0;0;0;0;0;0;0
FR;12;2021-06-15;0;0;0;0;0;0;0;0;0;0;0;0;0;0;0;0;0;0
FR;12;2021-06-16;0;0;0;0;0;0;0;0;0;0;0;0;0;0;0;0;0;0
FR;12;2021-06-17;0;0;0;0;0;0;0;0;0;0;0;0;0;0;0;0;0;0
FR;12;2021-06-18;0;0;0;0;0;0;0;0;0;0;0;0;0;0;0;0;0;0
FR;12;2021-06-19;0;0;0;0;0;0;0;0;0;0;0;0;0;0;0;0;0;0
FR;12;2021-06-20;0;0;0;0;0;0;0;0;0;0;0;0;0;0;0;0;0;0
FR;12;2021-06-21;0;0;0;0;0;0;0;0;0;0;0;0;0;0;0;0;0;0
FR;12;2021-06-22;0;0;0;0;0;0;0;0;0;0;0;0;0;0;0;0;0;0
FR;12;2021-06-23;0;0;0;0;0;0;0;0;0;0;0;0;0;0;0;0;0;0
FR;12;2021-06-24;0;0;0;0;0;0;0;0;0;0;0;0;0;0;0;0;0;0
FR;12;2021-06-25;0;0;0;0;0;0;0;0;0;0;0;0;0;0;0;0;0;0
FR;12;2021-06-26;0;0;0;0;0;0;0;0;0;0;0;0;0;0;0;0;0;0
FR;12;2021-06-27;0;0;0;0;0;0;0;0;0;0;0;0;0;0;0;0;0;0
FR;12;2021-06-28;0;0;0;0;0;0;0;0;0;0;0;0;0;0;0;0;0;0
FR;12;2021-06-29;0;0;0;0;0;0;0;0;0;0;0;0;0;0;0;0;0;0
FR;12;2021-06-30;0;0;0;0;0;0;0;0;0;0;0;0;0;0;0;0;0;0
FR;12;2021-07-01;0;0;0;0;0;0;0;0;0;0;0;0;0;0;0;0;0;0
FR;12;2021-07-02;0;0;0;0;0;0;0;0;0;0;0;0;0;0;0;0;0;0
FR;12;2021-07-03;0;0;0;0;0;0;0;0;0;0;0;0;0;0;0;0;0;0
FR;12;2021-07-04;0;0;0;0;0;0;0;0;0;0;0;0;0;0;0;0;0;0
FR;12;2021-07-05;0;0;0;0;0;0;0;0;0;0;0;0;0;0;0;0;0;0
FR;12;2021-07-06;0;0;0;0;0;0;0;0;0;0;0;0;0;0;0;0;0;0
FR;12;2021-07-07;0;0;0;0;0;0;0;0;0;0;0;0;0;0;0;0;0;0
FR;12;2021-07-08;0;0;0;0;0;0;0;0;0;0;0;0;0;0;0;0;0;0
FR;12;2021-07-09;0;0;0;0;0;0;0;0;0;0;0;0;0;0;0;0;0;0
FR;12;2021-07-10;0;0;0;0;0;0;0;0;0;0;0;0;0;0;0;0;0;0
FR;12;2021-07-11;0;0;0;0;0;0;0;0;0;0;0;0;0;0;0;0;0;0
FR;12;2021-07-12;0;0;0;0;0;0;0;0;0;0;0;0;0;0;0;0;0;0
FR;12;2021-07-13;0;0;0;0;0;0;0;0;0;0;0;0;0;0;0;0;0;0
FR;12;2021-07-14;0;0;0;0;0;0;0;0;0;0;0;0;0;0;0;0;0;0
FR;12;2021-07-15;0;0;0;0;0;0;0;0;0;0;0;0;0;0;0;0;0;0
FR;12;2021-07-16;0;0;0;0;0;0;0;0;0;0;0;0;0;0;0;0;0;0
FR;12;2021-07-17;0;0;0;0;0;0;0;0;0;0;0;0;0;0;0;0;0;0
FR;12;2021-07-18;0;0;0;0;0;0;0;0;0;0;0;0;0;0;0;0;0;0
FR;12;2021-07-19;0;0;0;0;0;0;0;0;0;0;0;0;0;0;0;0;0;0
FR;12;2021-07-20;0;0;0;0;0;0;0;0;0;0;0;0;0;0;0;0;0;0
FR;12;2021-07-21;0;0;0;0;0;0;0;0;0;0;0;0;0;0;0;0;0;0
FR;12;2021-07-22;0;0;0;0;0;0;0;0;0;0;0;0;0;0;0;0;0;0
FR;12;2021-07-23;0;0;0;0;0;0;0;0;0;0;0;0;0;0;0;0;0;0
FR;12;2021-07-24;0;0;0;0;0;0;0;0;0;0;0;0;0;0;0;0;0;0
FR;12;2021-07-25;0;0;0;0;0;0;0;0;0;0;0;0;0;0;0;0;0;0
FR;12;2021-07-26;0;0;0;0;0;0;0;0;0;0;0;0;0;0;0;0;0;0
FR;12;2021-07-27;0;0;0;0;0;0;0;0;0;0;0;0;0;0;0;0;0;0
FR;12;2021-07-28;0;0;0;0;0;0;0;0;0;0;0;0;0;0;0;0;0;0
FR;12;2021-07-29;0;0;0;0;0;0;0;0;0;0;0;0;0;0;0;0;0;0
FR;12;2021-07-30;0;0;0;0;0;0;0;0;0;0;0;0;0;0;0;0;0;0
FR;12;2021-07-31;0;0;0;0;0;0;0;0;0;0;0;0;0;0;0;0;0;0
FR;12;2021-08-01;0;0;0;0;0;0;0;0;0;0;0;0;0;0;0;0;0;0
FR;12;2021-08-02;0;0;0;0;0;0;0;0;0;0;0;0;0;0;0;0;0;0
FR;12;2021-08-03;0;0;0;0;0;0;0;0;0;0;0;0;0;0;0;0;0;0
FR;12;2021-08-04;0;0;0;0;0;0;0;0;0;0;0;0;0;0;0;0;0;0
FR;12;2021-08-05;0;0;0;0;0;0;0;0;0;0;0;0;0;0;0;0;0;0
FR;12;2021-08-06;0;0;0;0;0;0;0;0;0;0;0;0;0;0;0;0;0;0
FR;12;2021-08-07;0;0;0;0;0;0;0;0;0;0;0;0;0;0;0;0;0;0
FR;12;2021-08-08;0;0;0;0;0;0;0;0;0;0;0;0;0;0;0;0;0;0
FR;12;2021-08-09;0;0;0;0;0;0;0;0;0;0;0;0;0;0;0;0;0;0
FR;12;2021-08-10;0;0;0;0;0;0;0;0;0;0;0;0;0;0;0;0;0;0
FR;12;2021-08-11;0;0;0;0;0;0;0;0;0;0;0;0;0;0;0;0;0;0
FR;12;2021-08-12;0;0;0;0;0;0;0;0;0;0;0;0;0;0;0;0;0;0
FR;12;2021-08-13;0;0;0;0;0;0;0;0;0;0;0;0;0;0;0;0;0;0
FR;12;2021-08-14;0;0;0;0;0;0;0;0;0;0;0;0;0;0;0;0;0;0
FR;12;2021-08-15;0;0;0;0;0;0;0;0;0;0;0;0;0;0;0;0;0;0
FR;12;2021-08-16;0;0;0;0;0;0;0;0;0;0;0;0;0;0;0;0;0;0
FR;12;2021-08-17;0;0;0;0;0;0;0;0;0;0;0;0;0;0;0;0;0;0
FR;12;2021-08-18;0;0;0;0;0;0;0;0;0;0;0;0;0;0;0;0;0;0
FR;12;2021-08-19;0;0;0;0;0;0;0;0;0;0;0;0;0;0;0;0;0;0
FR;12;2021-08-20;0;0;0;0;0;0;0;0;0;0;0;0;0;0;0;0;0;0
FR;12;2021-08-21;0;0;0;0;0;0;0;0;0;0;0;0;0;0;0;0;0;0
FR;12;2021-08-22;0;0;0;0;0;0;0;0;0;0;0;0;0;0;0;0;0;0
FR;12;2021-08-23;0;0;0;0;0;0;0;0;0;0;0;0;0;0;0;0;0;0
FR;12;2021-08-24;0;0;0;0;0;0;0;0;0;0;0;0;0;0;0;0;0;0
FR;12;2021-08-25;0;0;0;0;0;0;0;0;0;0;0;0;0;0;0;0;0;0
FR;12;2021-08-26;0;0;0;0;0;0;0;0;0;0;0;0;0;0;0;0;0;0
FR;12;2021-08-27;0;0;0;0;0;0;0;0;0;0;0;0;0;0;0;0;0;0
FR;12;2021-08-28;0;0;0;0;0;0;0;0;0;0;0;0;0;0;0;0;0;0
FR;12;2021-08-29;0;0;0;0;0;0;0;0;0;0;0;0;0;0;0;0;0;0
FR;12;2021-08-30;0;0;0;0;0;0;0;0;0;0;0;0;0;0;0;0;0;0
FR;12;2021-08-31;0;0;0;0;0;0;0;0;0;0;0;0;0;0;0;0;0;0
FR;12;2021-09-01;0;0;0;0;0;0;0;0;0;0;0;0;0;0;0;0;0;0
FR;12;2021-09-02;0;0;0;0;0;0;0;0;0;0;0;0;0;0;0;0;0;0
FR;12;2021-09-03;0;0;0;0;0;0;0;0;0;0;0;0;0;0;0;0;0;0
FR;12;2021-09-04;0;0;0;0;0;0;0;0;0;0;0;0;0;0;0;0;0;0
FR;12;2021-09-05;0;0;0;0;0;0;0;0;0;0;0;0;0;0;0;0;0;0
FR;12;2021-09-06;0;0;0;0;0;0;0;0;0;0;0;0;0;0;0;0;0;0
FR;12;2021-09-07;0;0;0;0;0;0;0;0;0;0;0;0;0;0;0;0;0;0
FR;12;2021-09-08;0;0;0;0;0;0;0;0;0;0;0;0;0;0;0;0;0;0
FR;12;2021-09-09;0;0;0;0;0;0;0;0;0;0;0;0;0;0;0;0;0;0
FR;12;2021-09-10;0;0;0;0;0;0;0;0;0;0;0;0;0;0;0;0;0;0
FR;12;2021-09-11;0;0;0;0;0;0;0;0;0;0;0;0;0;0;0;0;0;0
FR;12;2021-09-12;0;0;0;0;0;0;0;0;0;0;0;0;0;0;0;0;0;0
FR;12;2021-09-13;0;0;0;0;0;0;0;0;0;0;0;0;0;0;0;0;0;0
FR;12;2021-09-14;0;0;0;0;0;0;0;0;0;0;0;0;0;0;0;0;0;0
FR;12;2021-09-15;0;0;0;0;0;0;0;0;0;0;0;0;0;0;0;0;0;0
FR;12;2021-09-16;0;0;0;0;0;0;0;0;0;0;0;0;0;0;0;0;0;0
FR;12;2021-09-17;0;0;0;0;0;0;0;0;0;0;0;0;0;0;0;0;0;0
FR;12;2021-09-18;0;0;0;0;0;0;0;0;0;0;0;0;0;0;0;0;0;0
FR;12;2021-09-19;0;0;0;0;0;0;0;0;0;0;0;0;0;0;0;0;0;0
FR;12;2021-09-20;0;0;0;0;0;0;0;0;0;0;0;0;0;0;0;0;0;0
FR;12;2021-09-21;0;0;0;0;0;0;0;0;0;0;0;0;0;0;0;0;0;0
FR;12;2021-09-22;0;0;0;0;0;0;0;0;0;0;0;0;0;0;0;0;0;0
FR;12;2021-09-23;0;0;0;0;0;0;0;0;0;0;0;0;0;0;0;0;0;0
FR;12;2021-09-24;0;0;0;0;0;0;0;0;0;0;0;0;0;0;0;0;0;0
FR;12;2021-09-25;0;0;0;0;0;0;0;0;0;0;0;0;0;0;0;0;0;0
FR;12;2021-09-26;0;0;0;0;0;0;0;0;0;0;0;0;0;0;0;0;0;0
FR;12;2021-09-27;0;0;0;0;0;0;0;0;0;0;0;0;0;0;0;0;0;0
FR;12;2021-09-28;0;0;0;0;0;0;0;0;0;0;0;0;0;0;0;0;0;0
FR;12;2021-09-29;0;0;0;0;0;0;0;0;0;0;0;0;0;0;0;0;0;0
FR;12;2021-09-30;0;0;0;0;0;0;0;0;0;0;0;0;0;0;0;0;0;0
FR;12;2021-10-01;0;0;0;0;0;0;0;0;0;0;0;0;0;0;0;0;0;0
FR;12;2021-10-02;0;0;0;0;0;0;0;0;0;0;0;0;0;0;0;0;0;0
FR;12;2021-10-03;0;0;0;0;0;0;0;0;0;0;0;0;0;0;0;0;0;0
FR;12;2021-10-04;0;0;0;0;0;0;0;0;0;0;0;0;0;0;0;0;0;0
FR;12;2021-10-05;0;0;0;0;0;0;0;0;0;0;0;0;0;0;0;0;0;0
FR;12;2021-10-06;0;0;0;0;0;0;0;0;0;0;0;0;0;0;0;0;0;0
FR;12;2021-10-07;0;0;0;0;0;0;0;0;0;0;0;0;0;0;0;0;0;0
FR;12;2021-10-08;0;0;0;0;0;0;0;0;0;0;0;0;0;0;0;0;0;0
FR;12;2021-10-09;0;0;0;0;0;0;0;0;0;0;0;0;0;0;0;0;0;0
FR;12;2021-10-10;0;0;0;0;0;0;0;0;0;0;0;0;0;0;0;0;0;0
FR;12;2021-10-11;0;0;0;0;0;0;0;0;0;0;0;0;0;0;0;0;0;0
FR;12;2021-10-12;0;0;0;0;0;0;0;0;0;0;0;0;0;0;0;0;0;0
FR;12;2021-10-13;0;0;0;0;0;0;0;0;0;0;0;0;0;0;0;0;0;0
FR;12;2021-10-14;0;0;0;0;0;0;0;0;0;0;0;0;0;0;0;0;0;0
FR;12;2021-10-15;0;0;0;0;0;0;0;0;0;0;0;0;0;0;0;0;0;0
FR;12;2021-10-16;0;0;0;0;0;0;0;0;0;0;0;0;0;0;0;0;0;0
FR;12;2021-10-17;0;0;0;0;0;0;0;0;0;0;0;0;0;0;0;0;0;0
FR;12;2021-10-18;0;0;0;0;0;0;0;0;0;0;0;0;0;0;0;0;0;0
FR;12;2021-10-19;0;0;0;0;0;0;0;0;0;0;0;0;0;0;0;0;0;0
FR;12;2021-10-20;0;0;0;0;0;0;0;0;0;0;0;0;0;0;0;0;0;0
FR;12;2021-10-21;0;0;0;0;0;0;0;0;0;0;0;0;0;0;0;0;0;0
FR;12;2021-10-22;0;0;0;0;0;0;0;0;0;0;0;0;0;0;0;0;0;0
FR;12;2021-10-23;0;0;0;0;0;0;0;0;0;0;0;0;0;0;0;0;0;0
FR;12;2021-10-24;0;0;0;0;0;0;0;0;0;0;0;0;0;0;0;0;0;0
FR;12;2021-10-25;0;0;0;0;0;0;0;0;0;0;0;0;0;0;0;0;0;0
FR;12;2021-10-26;0;0;0;0;0;0;0;0;0;0;0;0;0;0;0;0;0;0
FR;12;2021-10-27;0;0;0;0;0;0;0;0;0;0;0;0;0;0;0;0;0;0
FR;12;2021-10-28;0;0;0;0;0;0;0;0;0;0;0;0;0;0;0;0;0;0
FR;12;2021-10-29;0;0;0;0;0;0;0;0;0;0;0;0;0;0;0;0;0;0
FR;12;2021-10-30;0;0;0;0;0;0;0;0;0;0;0;0;0;0;0;0;0;0
FR;12;2021-10-31;0;0;0;0;0;0;0;0;0;0;0;0;0;0;0;0;0;0
FR;12;2021-11-01;0;0;0;0;0;0;0;0;0;0;0;0;0;0;0;0;0;0
FR;12;2021-11-02;0;0;0;0;0;0;0;0;0;0;0;0;0;0;0;0;0;0
FR;12;2021-11-03;0;0;0;0;0;0;0;0;0;0;0;0;0;0;0;0;0;0
FR;12;2021-11-04;0;0;0;0;0;0;0;0;0;0;0;0;0;0;0;0;0;0
FR;12;2021-11-05;0;0;0;0;0;0;0;0;0;0;0;0;0;0;0;0;0;0
FR;12;2021-11-06;0;0;0;0;0;0;0;0;0;0;0;0;0;0;0;0;0;0
FR;12;2021-11-07;0;0;0;0;0;0;0;0;0;0;0;0;0;0;0;0;0;0
FR;12;2021-11-08;0;0;0;0;0;0;0;0;0;0;0;0;0;0;0;0;0;0
FR;12;2021-11-09;0;0;0;0;0;0;0;0;0;0;0;0;0;0;0;0;0;0
FR;12;2021-11-10;0;0;0;0;0;0;0;0;0;0;0;0;0;0;0;0;0;0
FR;12;2021-11-11;0;0;0;0;0;0;0;0;0;0;0;0;0;0;0;0;0;0
FR;12;2021-11-12;0;0;0;0;0;0;0;0;0;0;0;0;0;0;0;0;0;0
FR;12;2021-11-13;0;0;0;0;0;0;0;0;0;0;0;0;0;0;0;0;0;0
FR;12;2021-11-14;0;0;0;0;0;0;0;0;0;0;0;0;0;0;0;0;0;0
FR;12;2021-11-15;0;0;0;0;0;0;0;0;0;0;0;0;0;0;0;0;0;0
FR;12;2021-11-16;0;0;0;0;0;0;0;0;0;0;0;0;0;0;0;0;0;0
FR;12;2021-11-17;0;0;0;0;0;0;0;0;0;0;0;0;0;0;0;0;0;0
FR;12;2021-11-18;0;0;0;0;0;0;0;0;0;0;0;0;0;0;0;0;0;0
FR;12;2021-11-19;0;0;0;0;0;0;0;0;0;0;0;0;0;0;0;0;0;0
FR;12;2021-11-20;0;0;0;0;0;0;0;0;0;0;0;0;0;0;0;0;0;0
FR;12;2021-11-21;0;0;0;0;0;0;0;0;0;0;0;0;0;0;0;0;0;0
FR;12;2021-11-22;0;0;0;0;0;0;0;0;0;0;0;0;0;0;0;0;0;0
FR;12;2021-11-23;0;0;0;0;0;0;0;0;0;0;0;0;0;0;0;0;0;0
FR;12;2021-11-24;0;0;0;0;0;0;0;0;0;0;0;0;0;0;0;0;0;0
FR;12;2021-11-25;0;0;0;0;0;0;0;0;0;0;0;0;0;0;0;0;0;0
FR;12;2021-11-26;0;0;0;0;0;0;0;0;0;0;0;0;0;0;0;0;0;0
FR;12;2021-11-27;0;0;0;0;0;0;0;0;0;0;0;0;0;0;0;0;0;0
FR;12;2021-11-28;0;0;0;0;0;0;0;0;0;0;0;0;0;0;0;0;0;0
FR;12;2021-11-29;0;0;0;0;0;0;0;0;0;0;0;0;0;0;0;0;0;0
FR;12;2021-11-30;0;0;0;0;0;0;0;0;0;0;0;0;0;0;0;0;0;0
FR;12;2021-12-01;0;0;0;0;0;0;0;0;0;0;0;0;0;0;0;0;0;0
FR;12;2021-12-02;0;0;0;0;0;0;0;0;0;0;0;0;0;0;0;0;0;0
FR;12;2021-12-03;0;0;0;0;0;0;0;0;0;0;0;0;0;0;0;0;0;0
FR;12;2021-12-04;0;0;0;0;0;0;0;0;0;0;0;0;0;0;0;0;0;0
FR;12;2021-12-05;0;0;0;0;0;0;0;0;0;0;0;0;0;0;0;0;0;0
FR;12;2021-12-06;0;0;0;0;0;0;0;0;0;0;0;0;0;0;0;0;0;0
FR;12;2021-12-07;0;0;0;0;0;0;0;0;0;0;0;0;0;0;0;0;0;0
FR;12;2021-12-08;0;0;0;0;0;0;0;0;0;0;0;0;0;0;0;0;0;0
FR;12;2021-12-09;0;0;0;0;0;0;0;0;0;0;0;0;0;0;0;0;0;0
FR;12;2021-12-10;0;0;0;0;0;0;0;0;0;0;0;0;0;0;0;0;0;0
FR;12;2021-12-11;0;0;0;0;0;0;0;0;0;0;0;0;0;0;0;0;0;0
FR;12;2021-12-12;0;0;0;0;0;0;0;0;0;0;0;0;0;0;0;0;0;0
FR;12;2021-12-13;0;0;0;0;0;0;0;0;0;0;0;0;0;0;0;0;0;0
FR;12;2021-12-14;0;0;0;0;0;0;0;0;0;0;0;0;0;0;0;0;0;0
FR;12;2021-12-15;0;0;0;0;0;0;0;0;0;0;0;0;0;0;0;0;0;0
FR;12;2021-12-16;0;0;0;0;0;0;0;0;0;0;0;0;0;0;0;0;0;0
FR;12;2021-12-17;0;0;0;0;0;0;0;0;0;0;0;0;0;0;0;0;0;0
FR;12;2021-12-18;0;0;0;0;0;0;0;0;0;0;0;0;0;0;0;0;0;0
FR;12;2021-12-19;0;0;0;0;0;0;0;0;0;0;0;0;0;0;0;0;0;0
FR;12;2021-12-20;0;0;0;0;0;0;0;0;0;0;0;0;0;0;0;0;0;0
FR;12;2021-12-21;0;0;0;0;0;0;0;0;0;0;0;0;0;0;0;0;0;0
FR;12;2021-12-22;0;0;0;0;0;0;0;0;0;0;0;0;0;0;0;0;0;0
FR;12;2021-12-23;0;0;0;0;0;0;0;0;0;0;0;0;0;0;0;0;0;0
FR;12;2021-12-24;0;0;0;0;0;0;0;0;0;0;0;0;0;0;0;0;0;0
FR;12;2021-12-25;0;0;0;0;0;0;0;0;0;0;0;0;0;0;0;0;0;0
FR;12;2021-12-26;0;0;0;0;0;0;0;0;0;0;0;0;0;0;0;0;0;0
FR;12;2021-12-27;0;0;0;0;0;0;0;0;0;0;0;0;0;0;0;0;0;0
FR;12;2021-12-28;0;0;0;0;0;0;0;0;0;0;0;0;0;0;0;0;0;0
FR;12;2021-12-29;0;0;0;0;0;0;0;0;0;0;0;0;0;0;0;0;0;0
FR;12;2021-12-30;0;0;0;0;0;0;0;0;0;0;0;0;0;0;0;0;0;0
FR;12;2021-12-31;0;0;0;0;0;0;0;0;0;0;0;0;0;0;0;0;0;0
FR;12;2022-01-01;0;0;0;0;0;0;0;0;0;0;0;0;0;0;0;0;0;0
FR;12;2022-01-02;0;0;0;0;0;0;0;0;0;0;0;0;0;0;0;0;0;0
FR;12;2022-01-03;0;0;0;0;0;0;0;0;0;0;0;0;0;0;0;0;0;0
FR;12;2022-01-04;0;0;0;0;0;0;0;0;0;0;0;0;0;0;0;0;0;0
FR;12;2022-01-05;0;0;0;0;0;0;0;0;0;0;0;0;0;0;0;0;0;0
FR;12;2022-01-06;0;0;0;0;0;0;0;0;0;0;0;0;0;0;0;0;0;0
FR;12;2022-01-07;0;0;0;0;0;0;0;0;0;0;0;0;0;0;0;0;0;0
FR;12;2022-01-08;0;0;0;0;0;0;0;0;0;0;0;0;0;0;0;0;0;0
FR;12;2022-01-09;0;0;0;0;0;0;0;0;0;0;0;0;0;0;0;0;0;0
FR;12;2022-01-10;0;0;0;0;0;0;0;0;0;0;0;0;0;0;0;0;0;0
FR;12;2022-01-11;0;0;0;0;0;0;0;0;0;0;0;0;0;0;0;0;0;0
FR;12;2022-01-12;0;0;0;0;0;0;0;0;0;0;0;0;0;0;0;0;0;0
FR;12;2022-01-13;0;0;0;0;0;0;0;0;0;0;0;0;0;0;0;0;0;0
FR;12;2022-01-14;0;0;0;0;0;0;0;0;0;0;0;0;0;0;0;0;0;0
FR;12;2022-01-15;0;0;0;0;0;0;0;0;0;0;0;0;0;0;0;0;0;0
FR;12;2022-01-16;0;0;0;0;0;0;0;0;0;0;0;0;0;0;0;0;0;0
FR;12;2022-01-17;0;0;0;0;0;0;0;0;0;0;0;0;0;0;0;0;0;0
FR;12;2022-01-18;0;0;0;0;0;0;0;0;0;0;0;0;0;0;0;0;0;0
FR;12;2022-01-19;0;0;0;0;0;0;0;0;0;0;0;0;0;0;0;0;0;0
FR;12;2022-01-20;0;0;0;0;0;0;0;0;0;0;0;0;0;0;0;0;0;0
FR;12;2022-01-21;0;0;0;0;0;0;0;0;0;0;0;0;0;0;0;0;0;0
FR;12;2022-01-22;0;0;0;0;0;0;0;0;0;0;0;0;0;0;0;0;0;0
FR;12;2022-01-23;0;0;0;0;0;0;0;0;0;0;0;0;0;0;0;0;0;0
FR;12;2022-01-24;0;0;0;0;0;0;0;0;0;0;0;0;0;0;0;0;0;0
FR;12;2022-01-25;0;0;0;0;0;0;0;0;0;0;0;0;0;0;0;0;0;0
FR;12;2022-01-26;0;0;0;0;0;0;0;0;0;0;0;0;0;0;0;0;0;0
FR;12;2022-01-27;0;0;0;0;0;0;0;0;0;0;0;0;0;0;0;0;0;0
FR;12;2022-01-28;0;0;0;0;0;0;0;0;0;0;0;0;0;0;0;0;0;0
FR;12;2022-01-29;0;0;0;0;0;0;0;0;0;0;0;0;0;0;0;0;0;0
FR;12;2022-01-30;0;0;0;0;0;0;0;0;0;0;0;0;0;0;0;0;0;0
FR;12;2022-01-31;0;0;0;0;0;0;0;0;0;0;0;0;0;0;0;0;0;0
FR;12;2022-02-01;0;0;0;0;0;0;0;0;0;0;0;0;0;0;0;0;0;0
FR;12;2022-02-02;0;0;0;0;0;0;0;0;0;0;0;0;0;0;0;0;0;0
FR;12;2022-02-03;0;0;0;0;0;0;0;0;0;0;0;0;0;0;0;0;0;0
FR;12;2022-02-04;0;0;0;0;0;0;0;0;0;0;0;0;0;0;0;0;0;0
FR;12;2022-02-05;0;0;0;0;0;0;0;0;0;0;0;0;0;0;0;0;0;0
FR;12;2022-02-06;0;0;0;0;0;0;0;0;0;0;0;0;0;0;0;0;0;0
FR;12;2022-02-07;0;0;0;0;0;0;0;0;0;0;0;0;0;0;0;0;0;0
FR;12;2022-02-08;0;0;0;0;0;0;0;0;0;0;0;0;0;0;0;0;0;0
FR;12;2022-02-09;0;0;0;0;0;0;0;0;0;0;0;0;0;0;0;0;0;0
FR;12;2022-02-10;0;0;0;0;0;0;0;0;0;0;0;0;0;0;0;0;0;0
FR;12;2022-02-11;0;0;0;0;0;0;0;0;0;0;0;0;0;0;0;0;0;0
FR;12;2022-02-12;0;0;0;0;0;0;0;0;0;0;0;0;0;0;0;0;0;0
FR;12;2022-02-13;0;0;0;0;0;0;0;0;0;0;0;0;0;0;0;0;0;0
FR;12;2022-02-14;0;0;0;0;0;0;0;0;0;0;0;0;0;0;0;0;0;0
FR;12;2022-02-15;0;0;0;0;0;0;0;0;0;0;0;0;0;0;0;0;0;0
FR;12;2022-02-16;0;0;0;0;0;0;0;0;0;0;0;0;0;0;0;0;0;0
FR;12;2022-02-17;0;0;0;0;0;0;0;0;0;0;0;0;0;0;0;0;0;0
FR;12;2022-02-18;0;0;0;0;0;0;0;0;0;0;0;0;0;0;0;0;0;0
FR;12;2022-02-19;0;0;0;0;0;0;0;0;0;0;0;0;0;0;0;0;0;0
FR;12;2022-02-20;0;0;0;0;0;0;0;0;0;0;0;0;0;0;0;0;0;0
FR;12;2022-02-21;0;0;0;0;0;0;0;0;0;0;0;0;0;0;0;0;0;0
FR;12;2022-02-22;0;0;0;0;0;0;0;0;0;0;0;0;0;0;0;0;0;0
FR;12;2022-02-23;0;0;0;0;0;0;0;0;0;0;0;0;0;0;0;0;0;0
FR;12;2022-02-24;0;0;0;0;0;0;0;0;0;0;0;0;0;0;0;0;0;0
FR;12;2022-02-25;0;0;0;0;0;0;0;0;0;0;0;0;0;0;0;0;0;0
FR;12;2022-02-26;0;0;0;0;0;0;0;0;0;0;0;0;0;0;0;0;0;0
FR;12;2022-02-27;0;0;0;0;0;0;0;0;0;0;0;0;0;0;0;0;0;0
FR;12;2022-02-28;0;0;0;0;0;0;0;0;0;0;0;0;0;0;0;0;0;0
FR;12;2022-03-01;0;0;0;0;0;0;0;0;0;0;0;0;0;0;0;0;0;0
FR;12;2022-03-02;0;0;0;0;0;0;0;0;0;0;0;0;0;0;0;0;0;0
FR;12;2022-03-03;0;0;0;0;0;0;0;0;0;0;0;0;0;0;0;0;0;0
FR;12;2022-03-04;0;0;0;0;0;0;0;0;0;0;0;0;0;0;0;0;0;0
FR;12;2022-03-05;0;0;0;0;0;0;0;0;0;0;0;0;0;0;0;0;0;0
FR;12;2022-03-06;0;0;0;0;0;0;0;0;0;0;0;0;0;0;0;0;0;0
FR;12;2022-03-07;0;0;0;0;0;0;0;0;0;0;0;0;0;0;0;0;0;0
FR;12;2022-03-08;0;0;0;0;0;0;0;0;0;0;0;0;0;0;0;0;0;0
FR;12;2022-03-09;0;0;0;0;0;0;0;0;0;0;0;0;0;0;0;0;0;0
FR;12;2022-03-10;0;0;0;0;0;0;0;0;0;0;0;0;0;0;0;0;0;0
FR;12;2022-03-11;0;0;0;0;0;0;0;0;0;0;0;0;0;0;0;0;0;0
FR;12;2022-03-12;0;0;0;0;0;0;0;0;0;0;0;0;0;0;0;0;0;0
FR;12;2022-03-13;0;0;0;0;0;0;0;0;0;0;0;0;0;0;0;0;0;0
FR;12;2022-03-14;0;0;0;0;0;0;0;0;0;0;0;0;0;0;0;0;0;0
FR;12;2022-03-15;0;0;0;0;0;0;0;0;0;0;0;0;0;0;0;0;0;0
FR;12;2022-03-16;0;0;0;0;0;0;0;0;0;0;0;0;0;0;0;0;0;0
FR;12;2022-03-17;0;0;0;0;0;0;0;0;0;0;0;0;0;0;0;0;0;0
FR;12;2022-03-18;0;0;0;0;0;0;0;0;0;0;0;0;0;0;0;0;0;0
FR;12;2022-03-19;0;0;0;0;0;0;0;0;0;0;0;0;0;0;0;0;0;0
FR;12;2022-03-20;0;0;0;0;0;0;0;0;0;0;0;0;0;0;0;0;0;0
FR;12;2022-03-21;0;0;0;0;0;0;0;0;0;0;0;0;0;0;0;0;0;0
FR;12;2022-03-22;0;0;0;0;0;0;0;0;0;0;0;0;0;0;0;0;0;0
FR;12;2022-03-23;0;0;0;0;0;0;0;0;0;0;0;0;0;0;0;0;0;0
FR;12;2022-03-24;0;0;0;0;0;0;0;0;0;0;0;0;0;0;0;0;0;0
FR;12;2022-03-25;0;0;0;0;0;0;0;0;0;0;0;0;0;0;0;0;0;0
FR;12;2022-03-26;0;0;0;0;0;0;0;0;0;0;0;0;0;0;0;0;0;0
FR;12;2022-03-27;0;0;0;0;0;0;0;0;0;0;0;0;0;0;0;0;0;0
FR;12;2022-03-28;0;0;0;0;0;0;0;0;0;0;0;0;0;0;0;0;0;0
FR;12;2022-03-29;0;0;0;0;0;0;0;0;0;0;0;0;0;0;0;0;0;0
FR;12;2022-03-30;0;0;0;0;0;0;0;0;0;0;0;0;0;0;0;0;0;0
FR;12;2022-03-31;0;0;0;0;0;0;0;0;0;0;0;0;0;0;0;0;0;0
FR;12;2022-04-01;0;0;0;0;0;0;0;0;0;0;0;0;0;0;0;0;0;0
FR;12;2022-04-02;0;0;0;0;0;0;0;0;0;0;0;0;0;0;0;0;0;0
FR;12;2022-04-03;0;0;0;0;0;0;0;0;0;0;0;0;0;0;0;0;0;0
FR;12;2022-04-04;0;0;0;0;0;0;0;0;0;0;0;0;0;0;0;0;0;0
FR;12;2022-04-05;0;0;0;0;0;0;0;0;0;0;0;0;0;0;0;0;0;0
FR;12;2022-04-06;0;0;0;0;0;0;0;0;0;0;0;0;0;0;0;0;0;0
FR;12;2022-04-07;0;0;0;0;0;0;0;0;0;0;0;0;0;0;0;0;0;0
FR;12;2022-04-08;0;0;0;0;0;0;0;0;0;0;0;0;0;0;0;0;0;0
FR;12;2022-04-09;0;0;0;0;0;0;0;0;0;0;0;0;0;0;0;0;0;0
FR;12;2022-04-10;0;0;0;0;0;0;0;0;0;0;0;0;0;0;0;0;0;0
FR;12;2022-04-11;0;0;0;0;0;0;0;0;0;0;0;0;0;0;0;0;0;0
FR;12;2022-04-12;0;0;0;0;0;0;0;0;0;0;0;0;0;0;0;0;0;0
FR;12;2022-04-13;0;0;0;0;0;0;0;0;0;0;0;0;0;0;0;0;0;0
FR;12;2022-04-14;0;0;0;0;0;0;0;0;0;0;0;0;0;0;0;0;0;0
FR;12;2022-04-15;0;0;0;0;0;0;0;0;0;0;0;0;0;0;0;0;0;0
FR;12;2022-04-16;0;0;0;0;0;0;0;0;0;0;0;0;0;0;0;0;0;0
FR;12;2022-04-17;0;0;0;0;0;0;0;0;0;0;0;0;0;0;0;0;0;0
FR;12;2022-04-18;0;0;0;0;0;0;0;0;0;0;0;0;0;0;0;0;0;0
FR;12;2022-04-19;0;0;0;0;0;0;0;0;0;0;0;0;0;0;0;0;0;0
FR;12;2022-04-20;0;0;0;0;0;0;0;0;0;0;0;0;0;0;0;0;0;0
FR;12;2022-04-21;0;0;0;0;0;0;0;0;0;0;0;0;0;0;0;0;0;0
FR;12;2022-04-22;0;0;0;0;0;0;0;0;0;0;0;0;0;0;0;0;0;0
FR;12;2022-04-23;0;0;0;0;0;0;0;0;0;0;0;0;0;0;0;0;0;0
FR;12;2022-04-24;0;0;0;0;0;0;0;0;0;0;0;0;0;0;0;0;0;0
FR;12;2022-04-25;0;0;0;0;0;0;0;0;0;0;0;0;0;0;0;0;0;0
FR;12;2022-04-26;0;0;0;0;0;0;0;0;0;0;0;0;0;0;0;0;0;0
FR;12;2022-04-27;0;0;0;0;0;0;0;0;0;0;0;0;0;0;0;0;0;0
FR;12;2022-04-28;0;0;0;0;0;0;0;0;0;0;0;0;0;0;0;0;0;0
FR;12;2022-04-29;0;0;0;0;0;0;0;0;0;0;0;0;0;0;0;0;0;0
FR;12;2022-04-30;0;0;0;0;0;0;0;0;0;0;0;0;0;0;0;0;0;0
FR;12;2022-05-01;0;0;0;0;0;0;0;0;0;0;0;0;0;0;0;0;0;0
FR;12;2022-05-02;0;0;0;0;0;0;0;0;0;0;0;0;0;0;0;0;0;0
FR;12;2022-05-03;0;0;0;0;0;0;0;0;0;0;0;0;0;0;0;0;0;0
FR;12;2022-05-04;0;0;0;0;0;0;0;0;0;0;0;0;0;0;0;0;0;0
FR;12;2022-05-05;0;0;0;0;0;0;0;0;0;0;0;0;0;0;0;0;0;0
FR;12;2022-05-06;0;0;0;0;0;0;0;0;0;0;0;0;0;0;0;0;0;0
FR;12;2022-05-07;0;0;0;0;0;0;0;0;0;0;0;0;0;0;0;0;0;0
FR;12;2022-05-08;0;0;0;0;0;0;0;0;0;0;0;0;0;0;0;0;0;0
FR;12;2022-05-09;0;0;0;0;0;0;0;0;0;0;0;0;0;0;0;0;0;0
FR;12;2022-05-10;0;0;0;0;0;0;0;0;0;0;0;0;0;0;0;0;0;0
FR;12;2022-05-11;0;0;0;0;0;0;0;0;0;0;0;0;0;0;0;0;0;0
FR;12;2022-05-12;0;0;0;0;0;0;0;0;0;0;0;0;0;0;0;0;0;0
FR;12;2022-05-13;0;0;0;0;0;0;0;0;0;0;0;0;0;0;0;0;0;0
FR;12;2022-05-14;0;0;0;0;0;0;0;0;0;0;0;0;0;0;0;0;0;0
FR;12;2022-05-15;0;0;0;0;0;0;0;0;0;0;0;0;0;0;0;0;0;0
FR;12;2022-05-16;0;0;0;0;0;0;0;0;0;0;0;0;0;0;0;0;0;0
FR;12;2022-05-17;0;0;0;0;0;0;0;0;0;0;0;0;0;0;0;0;0;0
FR;12;2022-05-18;0;0;0;0;0;0;0;0;0;0;0;0;0;0;0;0;0;0
FR;12;2022-05-19;0;0;0;0;0;0;0;0;0;0;0;0;0;0;0;0;0;0
FR;12;2022-05-20;0;0;0;0;0;0;0;0;0;0;0;0;0;0;0;0;0;0
FR;12;2022-05-21;0;0;0;0;0;0;0;0;0;0;0;0;0;0;0;0;0;0
FR;12;2022-05-22;0;0;0;0;0;0;0;0;0;0;0;0;0;0;0;0;0;0
FR;12;2022-05-23;0;0;0;0;0;0;0;0;0;0;0;0;0;0;0;0;0;0
FR;12;2022-05-24;0;0;0;0;0;0;0;0;0;0;0;0;0;0;0;0;0;0
FR;12;2022-05-25;0;0;0;0;0;0;0;0;0;0;0;0;0;0;0;0;0;0
FR;12;2022-05-26;0;0;0;0;0;0;0;0;0;0;0;0;0;0;0;0;0;0
FR;12;2022-05-27;0;0;0;0;0;0;0;0;0;0;0;0;0;0;0;0;0;0
FR;12;2022-05-28;0;0;0;0;0;0;0;0;0;0;0;0;0;0;0;0;0;0
FR;12;2022-05-29;0;0;0;0;0;0;0;0;0;0;0;0;0;0;0;0;0;0
FR;12;2022-05-30;0;0;0;0;0;0;0;0;0;0;0;0;0;0;0;0;0;0
FR;12;2022-05-31;0;0;0;0;0;0;0;0;0;0;0;0;0;0;0;0;0;0
FR;12;2022-06-01;0;0;0;0;0;0;0;0;0;0;0;0;0;0;0;0;0;0
FR;12;2022-06-02;0;0;0;0;0;0;0;0;0;0;0;0;0;0;0;0;0;0
FR;12;2022-06-03;0;0;0;0;0;0;0;0;0;0;0;0;0;0;0;0;0;0
FR;12;2022-06-04;0;0;0;0;0;0;0;0;0;0;0;0;0;0;0;0;0;0
FR;12;2022-06-05;0;0;0;0;0;0;0;0;0;0;0;0;0;0;0;0;0;0
FR;12;2022-06-06;0;0;0;0;0;0;0;0;0;0;0;0;0;0;0;0;0;0
FR;12;2022-06-07;0;0;0;0;0;0;0;0;0;0;0;0;0;0;0;0;0;0
FR;12;2022-06-08;0;0;0;0;0;0;0;0;0;0;0;0;0;0;0;0;0;0
FR;12;2022-06-09;0;0;0;0;0;0;0;0;0;0;0;0;0;0;0;0;0;0
FR;12;2022-06-10;0;0;0;0;0;0;0;0;0;0;0;0;0;0;0;0;0;0
FR;12;2022-06-11;0;0;0;0;0;0;0;0;0;0;0;0;0;0;0;0;0;0
FR;12;2022-06-12;0;0;0;0;0;0;0;0;0;0;0;0;0;0;0;0;0;0
FR;12;2022-06-13;0;0;0;0;0;0;0;0;0;0;0;0;0;0;0;0;0;0
FR;12;2022-06-14;0;0;0;0;0;0;0;0;0;0;0;0;0;0;0;0;0;0
FR;12;2022-06-15;0;0;0;0;0;0;0;0;0;0;0;0;0;0;0;0;0;0
FR;12;2022-06-16;0;0;0;0;0;0;0;0;0;0;0;0;0;0;0;0;0;0
FR;12;2022-06-17;0;0;0;0;0;0;0;0;0;0;0;0;0;0;0;0;0;0
FR;12;2022-06-18;0;0;0;0;0;0;0;0;0;0;0;0;0;0;0;0;0;0
FR;12;2022-06-19;0;0;0;0;0;0;0;0;0;0;0;0;0;0;0;0;0;0
FR;12;2022-06-20;0;0;0;0;0;0;0;0;0;0;0;0;0;0;0;0;0;0
FR;12;2022-06-21;0;0;0;0;0;0;0;0;0;0;0;0;0;0;0;0;0;0
FR;12;2022-06-22;0;0;0;0;0;0;0;0;0;0;0;0;0;0;0;0;0;0
FR;12;2022-06-23;0;0;0;0;0;0;0;0;0;0;0;0;0;0;0;0;0;0
FR;12;2022-06-24;0;0;0;0;0;0;0;0;0;0;0;0;0;0;0;0;0;0
FR;12;2022-06-25;0;0;0;0;0;0;0;0;0;0;0;0;0;0;0;0;0;0
FR;12;2022-06-26;0;0;0;0;0;0;0;0;0;0;0;0;0;0;0;0;0;0
FR;12;2022-06-27;0;0;0;0;0;0;0;0;0;0;0;0;0;0;0;0;0;0
FR;12;2022-06-28;0;0;0;0;0;0;0;0;0;0;0;0;0;0;0;0;0;0
FR;12;2022-06-29;0;0;0;0;0;0;0;0;0;0;0;0;0;0;0;0;0;0
FR;12;2022-06-30;0;0;0;0;0;0;0;0;0;0;0;0;0;0;0;0;0;0
FR;12;2022-07-01;0;0;0;0;0;0;0;0;0;0;0;0;0;0;0;0;0;0
FR;12;2022-07-02;0;0;0;0;0;0;0;0;0;0;0;0;0;0;0;0;0;0
FR;12;2022-07-03;0;0;0;0;0;0;0;0;0;0;0;0;0;0;0;0;0;0
FR;12;2022-07-04;0;0;0;0;0;0;0;0;0;0;0;0;0;0;0;0;0;0
FR;12;2022-07-05;0;0;0;0;0;0;0;0;0;0;0;0;0;0;0;0;0;0
FR;12;2022-07-06;0;0;0;0;0;0;0;0;0;0;0;0;0;0;0;0;0;0
FR;12;2022-07-07;0;0;0;0;0;0;0;0;0;0;0;0;0;0;0;0;0;0
FR;12;2022-07-08;0;0;0;0;0;0;0;0;0;0;0;0;0;0;0;0;0;0
FR;12;2022-07-09;0;0;0;0;0;0;0;0;0;0;0;0;0;0;0;0;0;0
FR;12;2022-07-10;0;0;0;0;0;0;0;0;0;0;0;0;0;0;0;0;0;0
FR;12;2022-07-11;0;0;0;0;0;0;0;0;0;0;0;0;0;0;0;0;0;0
FR;12;2022-07-12;0;0;0;0;0;0;0;0;0;0;0;0;0;0;0;0;0;0
FR;12;2022-07-13;0;0;0;0;0;0;0;0;0;0;0;0;0;0;0;0;0;0
FR;12;2022-07-14;0;0;0;0;0;0;0;0;0;0;0;0;0;0;0;0;0;0
FR;12;2022-07-15;0;0;0;0;0;0;0;0;0;0;0;0;0;0;0;0;0;0
FR;12;2022-07-16;0;0;0;0;0;0;0;0;0;0;0;0;0;0;0;0;0;0
FR;12;2022-07-17;0;0;0;0;0;0;0;0;0;0;0;0;0;0;0;0;0;0
FR;12;2022-07-18;0;0;0;0;0;0;0;0;0;0;0;0;0;0;0;0;0;0
FR;12;2022-07-19;0;0;0;0;0;0;0;0;0;0;0;0;0;0;0;0;0;0
FR;12;2022-07-20;0;0;0;0;0;0;0;0;0;0;0;0;0;0;0;0;0;0
FR;12;2022-07-21;0;0;0;0;0;0;0;0;0;0;0;0;0;0;0;0;0;0
FR;12;2022-07-22;0;0;0;0;0;0;0;0;0;0;0;0;0;0;0;0;0;0
FR;12;2022-07-23;0;0;0;0;0;0;0;0;0;0;0;0;0;0;0;0;0;0
FR;12;2022-07-24;0;0;0;0;0;0;0;0;0;0;0;0;0;0;0;0;0;0
FR;12;2022-07-25;0;0;0;0;0;0;0;0;0;0;0;0;0;0;0;0;0;0
FR;12;2022-07-26;0;0;0;0;0;0;0;0;0;0;0;0;0;0;0;0;0;0
FR;12;2022-07-27;0;0;0;0;0;0;0;0;0;0;0;0;0;0;0;0;0;0
FR;12;2022-07-28;0;0;0;0;0;0;0;0;0;0;0;0;0;0;0;0;0;0
FR;12;2022-07-29;0;0;0;0;0;0;0;0;0;0;0;0;0;0;0;0;0;0
FR;12;2022-07-30;0;0;0;0;0;0;0;0;0;0;0;0;0;0;0;0;0;0
FR;12;2022-07-31;0;0;0;0;0;0;0;0;0;0;0;0;0;0;0;0;0;0
FR;12;2022-08-01;0;0;0;0;0;0;0;0;0;0;0;0;0;0;0;0;0;0
FR;12;2022-08-02;0;0;0;0;0;0;0;0;0;0;0;0;0;0;0;0;0;0
FR;12;2022-08-03;0;0;0;0;0;0;0;0;0;0;0;0;0;0;0;0;0;0
FR;12;2022-08-04;0;0;0;0;0;0;0;0;0;0;0;0;0;0;0;0;0;0
FR;12;2022-08-05;0;0;0;0;0;0;0;0;0;0;0;0;0;0;0;0;0;0
FR;12;2022-08-06;0;0;0;0;0;0;0;0;0;0;0;0;0;0;0;0;0;0
FR;12;2022-08-07;0;0;0;0;0;0;0;0;0;0;0;0;0;0;0;0;0;0
FR;12;2022-08-08;0;0;0;0;0;0;0;0;0;0;0;0;0;0;0;0;0;0
FR;12;2022-08-09;0;0;0;0;0;0;0;0;0;0;0;0;0;0;0;0;0;0
FR;12;2022-08-10;0;0;0;0;0;0;0;0;0;0;0;0;0;0;0;0;0;0
FR;12;2022-08-11;0;0;0;0;0;0;0;0;0;0;0;0;0;0;0;0;0;0
FR;12;2022-08-12;0;0;0;0;0;0;0;0;0;0;0;0;0;0;0;0;0;0
FR;12;2022-08-13;0;0;0;0;0;0;0;0;0;0;0;0;0;0;0;0;0;0
FR;12;2022-08-14;0;0;0;0;0;0;0;0;0;0;0;0;0;0;0;0;0;0
FR;12;2022-08-15;0;0;0;0;0;0;0;0;0;0;0;0;0;0;0;0;0;0
FR;12;2022-08-16;0;0;0;0;0;0;0;0;0;0;0;0;0;0;0;0;0;0
FR;12;2022-08-17;0;0;0;0;0;0;0;0;0;0;0;0;0;0;0;0;0;0
FR;12;2022-08-18;0;0;0;0;0;0;0;0;0;0;0;0;0;0;0;0;0;0
FR;12;2022-08-19;0;0;0;0;0;0;0;0;0;0;0;0;0;0;0;0;0;0
FR;12;2022-08-20;0;0;0;0;0;0;0;0;0;0;0;0;0;0;0;0;0;0
FR;12;2022-08-21;0;0;0;0;0;0;0;0;0;0;0;0;0;0;0;0;0;0
FR;12;2022-08-22;0;0;0;0;0;0;0;0;0;0;0;0;0;0;0;0;0;0
FR;12;2022-08-23;0;0;0;0;0;0;0;0;0;0;0;0;0;0;0;0;0;0
FR;12;2022-08-24;0;0;0;0;0;0;0;0;0;0;0;0;0;0;0;0;0;0
FR;12;2022-08-25;0;0;0;0;0;0;0;0;0;0;0;0;0;0;0;0;0;0
FR;12;2022-08-26;0;0;0;0;0;0;0;0;0;0;0;0;0;0;0;0;0;0
FR;12;2022-08-27;0;0;0;0;0;0;0;0;0;0;0;0;0;0;0;0;0;0
FR;12;2022-08-28;0;0;0;0;0;0;0;0;0;0;0;0;0;0;0;0;0;0
FR;12;2022-08-29;0;0;0;0;0;0;0;0;0;0;0;0;0;0;0;0;0;0
FR;12;2022-08-30;0;0;0;0;0;0;0;0;0;0;0;0;0;0;0;0;0;0
FR;12;2022-08-31;0;0;0;0;0;0;0;0;0;0;0;0;0;0;0;0;0;0
FR;12;2022-09-01;0;0;0;0;0;0;0;0;0;0;0;0;0;0;0;0;0;0
FR;12;2022-09-02;0;0;0;0;0;0;0;0;0;0;0;0;0;0;0;0;0;0
FR;12;2022-09-03;0;0;0;0;0;0;0;0;0;0;0;0;0;0;0;0;0;0
FR;12;2022-09-04;0;0;0;0;0;0;0;0;0;0;0;0;0;0;0;0;0;0
FR;12;2022-09-05;0;0;0;0;0;0;0;0;0;0;0;0;0;0;0;0;0;0
FR;12;2022-09-06;0;0;0;0;0;0;0;0;0;0;0;0;0;0;0;0;0;0
FR;12;2022-09-07;0;0;0;0;0;0;0;0;0;0;0;0;0;0;0;0;0;0
FR;12;2022-09-08;0;0;0;0;0;0;0;0;0;0;0;0;0;0;0;0;0;0
FR;12;2022-09-09;0;0;0;0;0;0;0;0;0;0;0;0;0;0;0;0;0;0
FR;12;2022-09-10;0;0;0;0;0;0;0;0;0;0;0;0;0;0;0;0;0;0
FR;12;2022-09-11;0;0;0;0;0;0;0;0;0;0;0;0;0;0;0;0;0;0
FR;12;2022-09-12;0;0;0;0;0;0;0;0;0;0;0;0;0;0;0;0;0;0
FR;12;2022-09-13;0;0;0;0;0;0;0;0;0;0;0;0;0;0;0;0;0;0
FR;12;2022-09-14;0;0;0;0;0;0;0;0;0;0;0;0;0;0;0;0;0;0
FR;12;2022-09-15;0;0;0;0;0;0;0;0;0;0;0;0;0;0;0;0;0;0
FR;12;2022-09-16;0;0;0;0;0;0;0;0;0;0;0;0;0;0;0;0;0;0
FR;12;2022-09-17;0;0;0;0;0;0;0;0;0;0;0;0;0;0;0;0;0;0
FR;12;2022-09-18;0;0;0;0;0;0;0;0;0;0;0;0;0;0;0;0;0;0
FR;12;2022-09-19;0;0;0;0;0;0;0;0;0;0;0;0;0;0;0;0;0;0
FR;12;2022-09-20;0;0;0;0;0;0;0;0;0;0;0;0;0;0;0;0;0;0
FR;12;2022-09-21;0;0;0;0;0;0;0;0;0;0;0;0;0;0;0;0;0;0
FR;12;2022-09-22;0;0;0;0;0;0;0;0;0;0;0;0;0;0;0;0;0;0
FR;12;2022-09-23;0;0;0;0;0;0;0;0;0;0;0;0;0;0;0;0;0;0
FR;12;2022-09-24;0;0;0;0;0;0;0;0;0;0;0;0;0;0;0;0;0;0
FR;12;2022-09-25;0;0;0;0;0;0;0;0;0;0;0;0;0;0;0;0;0;0
FR;12;2022-09-26;0;0;0;0;0;0;0;0;0;0;0;0;0;0;0;0;0;0
FR;12;2022-09-27;0;0;0;0;0;0;0;0;0;0;0;0;0;0;0;0;0;0
FR;12;2022-09-28;0;0;0;0;0;0;0;0;0;0;0;0;0;0;0;0;0;0
FR;12;2022-09-29;0;0;0;0;0;0;0;0;0;0;0;0;0;0;0;0;0;0
FR;12;2022-09-30;0;0;0;0;0;0;0;0;0;0;0;0;0;0;0;0;0;0
FR;12;2022-10-01;0;0;0;0;0;0;0;0;0;0;0;0;0;0;0;0;0;0
FR;12;2022-10-02;0;0;0;0;0;0;0;0;0;0;0;0;0;0;0;0;0;0
FR;12;2022-10-03;0;0;0;0;0;0;0;0;0;0;0;0;0;0;0;0;0;0
FR;12;2022-10-04;0;0;0;0;0;0;0;0;0;0;0;0;0;0;0;0;0;0
FR;12;2022-10-05;0;0;0;0;0;0;0;0;0;0;0;0;0;0;0;0;0;0
FR;12;2022-10-06;0;0;0;0;0;0;0;0;0;0;0;0;0;0;0;0;0;0
FR;12;2022-10-07;0;0;0;0;0;0;0;0;0;0;0;0;0;0;0;0;0;0
FR;12;2022-10-08;0;0;0;0;0;0;0;0;0;0;0;0;0;0;0;0;0;0
FR;12;2022-10-09;0;0;0;0;0;0;0;0;0;0;0;0;0;0;0;0;0;0
FR;12;2022-10-10;0;0;0;0;0;0;0;0;0;0;0;0;0;0;0;0;0;0
FR;12;2022-10-11;0;0;0;0;0;0;0;0;0;0;0;0;0;0;0;0;0;0
FR;12;2022-10-12;0;0;0;0;0;0;0;0;0;0;0;0;0;0;0;0;0;0
FR;12;2022-10-13;0;0;0;0;0;0;0;0;0;0;0;0;0;0;0;0;0;0
FR;12;2022-10-14;0;0;0;0;0;0;0;0;0;0;0;0;0;0;0;0;0;0
FR;12;2022-10-15;0;0;0;0;0;0;0;0;0;0;0;0;0;0;0;0;0;0
FR;12;2022-10-16;0;0;0;0;0;0;0;0;0;0;0;0;0;0;0;0;0;0
FR;12;2022-10-17;0;0;0;0;0;0;0;0;0;0;0;0;0;0;0;0;0;0
FR;12;2022-10-18;0;0;0;0;0;0;0;0;0;0;0;0;0;0;0;0;0;0
FR;12;2022-10-19;0;0;0;0;0;0;0;0;0;0;0;0;0;0;0;0;0;0
FR;12;2022-10-20;0;0;0;0;0;0;0;0;0;0;0;0;0;0;0;0;0;0
FR;12;2022-10-21;0;0;0;0;0;0;0;0;0;0;0;0;0;0;0;0;0;0
FR;12;2022-10-22;0;0;0;0;0;0;0;0;0;0;0;0;0;0;0;0;0;0
FR;12;2022-10-23;0;0;0;0;0;0;0;0;0;0;0;0;0;0;0;0;0;0
FR;12;2022-10-24;0;0;0;0;0;0;0;0;0;0;0;0;0;0;0;0;0;0
FR;12;2022-10-25;0;0;0;0;0;0;0;0;0;0;0;0;0;0;0;0;0;0
FR;12;2022-10-26;0;0;0;0;0;0;0;0;0;0;0;0;0;0;0;0;0;0
FR;12;2022-10-27;0;0;0;0;0;0;0;0;0;0;0;0;0;0;0;0;0;0
FR;12;2022-10-28;0;0;0;0;0;0;0;0;0;0;0;0;0;0;0;0;0;0
FR;12;2022-10-29;0;0;0;0;0;0;0;0;0;0;0;0;0;0;0;0;0;0
FR;12;2022-10-30;0;0;0;0;0;0;0;0;0;0;0;0;0;0;0;0;0;0
FR;12;2022-10-31;0;0;0;0;0;0;0;0;0;0;0;0;0;0;0;0;0;0
FR;12;2022-11-01;0;0;0;0;0;0;0;0;0;0;0;0;0;0;0;0;0;0
FR;12;2022-11-02;0;0;0;0;0;0;0;0;0;0;0;0;0;0;0;0;0;0
FR;12;2022-11-03;0;0;0;0;0;0;0;0;0;0;0;0;0;0;0;0;0;0
FR;12;2022-11-04;0;0;0;0;0;0;0;0;0;0;0;0;0;0;0;0;0;0
FR;12;2022-11-05;0;0;0;0;0;0;0;0;0;0;0;0;0;0;0;0;0;0
FR;12;2022-11-06;0;0;0;0;0;0;0;0;0;0;0;0;0;0;0;0;0;0
FR;12;2022-11-07;0;0;0;0;0;0;0;0;0;0;0;0;0;0;0;0;0;0
FR;12;2022-11-08;0;0;0;0;0;0;0;0;0;0;0;0;0;0;0;0;0;0
FR;12;2022-11-09;0;0;0;0;0;0;0;0;0;0;0;0;0;0;0;0;0;0
FR;12;2022-11-10;0;0;0;0;0;0;0;0;0;0;0;0;0;0;0;0;0;0
FR;12;2022-11-11;0;0;0;0;0;0;0;0;0;0;0;0;0;0;0;0;0;0
FR;12;2022-11-12;0;0;0;0;0;0;0;0;0;0;0;0;0;0;0;0;0;0
FR;12;2022-11-13;0;0;0;0;0;0;0;0;0;0;0;0;0;0;0;0;0;0
FR;12;2022-11-14;0;0;0;0;0;0;0;0;0;0;0;0;0;0;0;0;0;0
FR;12;2022-11-15;0;0;0;0;0;0;0;0;0;0;0;0;0;0;0;0;0;0
FR;12;2022-11-16;0;0;0;0;0;0;0;0;0;0;0;0;0;0;0;0;0;0
FR;12;2022-11-17;0;0;0;0;0;0;0;0;0;0;0;0;0;0;0;0;0;0
FR;12;2022-11-18;0;0;0;0;0;0;0;0;0;0;0;0;0;0;0;0;0;0
FR;12;2022-11-19;0;0;0;0;0;0;0;0;0;0;0;0;0;0;0;0;0;0
FR;12;2022-11-20;0;0;0;0;0;0;0;0;0;0;0;0;0;0;0;0;0;0
FR;12;2022-11-21;0;0;0;0;0;0;0;0;0;0;0;0;0;0;0;0;0;0
FR;12;2022-11-22;0;0;0;0;0;0;0;0;0;0;0;0;0;0;0;0;0;0
FR;12;2022-11-23;0;0;0;0;0;0;0;0;0;0;0;0;0;0;0;0;0;0
FR;12;2022-11-24;0;0;0;0;0;0;0;0;0;0;0;0;0;0;0;0;0;0
FR;12;2022-11-25;0;0;0;0;0;0;0;0;0;0;0;0;0;0;0;0;0;0
FR;12;2022-11-26;0;0;0;0;0;0;0;0;0;0;0;0;0;0;0;0;0;0
FR;12;2022-11-27;0;0;0;0;0;0;0;0;0;0;0;0;0;0;0;0;0;0
FR;12;2022-11-28;0;0;0;0;0;0;0;0;0;0;0;0;0;0;0;0;0;0
FR;12;2022-11-29;0;0;0;0;0;0;0;0;0;0;0;0;0;0;0;0;0;0
FR;12;2022-11-30;0;0;0;0;0;0;0;0;0;0;0;0;0;0;0;0;0;0
FR;12;2022-12-01;0;0;0;0;0;0;0;0;0;0;0;0;0;0;0;0;0;0
FR;12;2022-12-02;0;0;0;0;0;0;0;0;0;0;0;0;0;0;0;0;0;0
FR;12;2022-12-03;0;0;0;0;0;0;0;0;0;0;0;0;0;0;0;0;0;0
FR;12;2022-12-04;0;0;0;0;0;0;0;0;0;0;0;0;0;0;0;0;0;0
FR;12;2022-12-05;0;0;0;0;0;0;0;0;0;0;0;0;0;0;0;0;0;0
FR;12;2022-12-06;0;0;0;0;0;0;0;0;0;0;0;0;0;0;0;0;0;0
FR;12;2022-12-07;0;0;0;0;0;0;0;0;0;0;0;0;0;0;0;0;0;0
FR;12;2022-12-08;0;0;0;0;0;0;0;0;0;0;0;0;0;0;0;0;0;0
FR;12;2022-12-09;0;0;0;0;0;0;0;0;0;0;0;0;0;0;0;0;0;0
FR;12;2022-12-10;0;0;0;0;0;0;0;0;0;0;0;0;0;0;0;0;0;0
FR;12;2022-12-11;0;0;0;0;0;0;0;0;0;0;0;0;0;0;0;0;0;0
FR;12;2022-12-12;0;0;0;0;0;0;0;0;0;0;0;0;0;0;0;0;0;0
FR;12;2022-12-13;0;0;0;0;0;0;0;0;0;0;0;0;0;0;0;0;0;0
FR;12;2022-12-14;0;0;0;0;0;0;0;0;0;0;0;0;0;0;0;0;0;0
FR;12;2022-12-15;0;0;0;0;0;0;0;0;0;0;0;0;0;0;0;0;0;0
FR;12;2022-12-16;0;0;0;0;0;0;0;0;0;0;0;0;0;0;0;0;0;0
FR;12;2022-12-17;0;0;0;0;0;0;0;0;0;0;0;0;0;0;0;0;0;0
FR;12;2022-12-18;0;0;0;0;0;0;0;0;0;0;0;0;0;0;0;0;0;0
FR;12;2022-12-19;0;0;0;0;0;0;0;0;0;0;0;0;0;0;0;0;0;0
FR;12;2022-12-20;0;0;0;0;0;0;0;0;0;0;0;0;0;0;0;0;0;0
FR;12;2022-12-21;0;0;0;0;0;0;0;0;0;0;0;0;0;0;0;0;0;0
FR;12;2022-12-22;0;0;0;0;0;0;0;0;0;0;0;0;0;0;0;0;0;0
FR;12;2022-12-23;0;0;0;0;0;0;0;0;0;0;0;0;0;0;0;0;0;0
FR;12;2022-12-24;0;0;0;0;0;0;0;0;0;0;0;0;0;0;0;0;0;0
FR;12;2022-12-25;0;0;0;0;0;0;0;0;0;0;0;0;0;0;0;0;0;0
FR;12;2022-12-26;0;0;0;0;0;0;0;0;0;0;0;0;0;0;0;0;0;0
FR;12;2022-12-27;0;0;0;0;0;0;0;0;0;0;0;0;0;0;0;0;0;0
FR;12;2022-12-28;0;0;0;0;0;0;0;0;0;0;0;0;0;0;0;0;0;0
FR;12;2022-12-29;0;0;0;0;0;0;0;0;0;0;0;0;0;0;0;0;0;0
FR;12;2022-12-30;0;0;0;0;0;0;0;0;0;0;0;0;0;0;0;0;0;0
FR;12;2022-12-31;0;0;0;0;0;0;0;0;0;0;0;0;0;0;0;0;0;0
FR;12;2023-01-01;0;0;0;0;0;0;0;0;0;0;0;0;0;0;0;0;0;0
FR;12;2023-01-02;0;0;0;0;0;0;0;0;0;0;0;0;0;0;0;0;0;0
FR;12;2023-01-03;0;0;0;0;0;0;0;0;0;0;0;0;0;0;0;0;0;0
FR;12;2023-01-04;0;0;0;0;0;0;0;0;0;0;0;0;0;0;0;0;0;0
FR;12;2023-01-05;0;0;0;0;0;0;0;0;0;0;0;0;0;0;0;0;0;0
FR;12;2023-01-06;0;0;0;0;0;0;0;0;0;0;0;0;0;0;0;0;0;0
FR;12;2023-01-07;0;0;0;0;0;0;0;0;0;0;0;0;0;0;0;0;0;0
FR;12;2023-01-08;0;0;0;0;0;0;0;0;0;0;0;0;0;0;0;0;0;0
FR;12;2023-01-09;0;0;0;0;0;0;0;0;0;0;0;0;0;0;0;0;0;0
FR;12;2023-01-10;0;0;0;0;0;0;0;0;0;0;0;0;0;0;0;0;0;0
FR;12;2023-01-11;0;0;0;0;0;0;0;0;0;0;0;0;0;0;0;0;0;0
FR;12;2023-01-12;0;0;0;0;0;0;0;0;0;0;0;0;0;0;0;0;0;0
FR;12;2023-01-13;0;0;0;0;0;0;0;0;0;0;0;0;0;0;0;0;0;0
FR;12;2023-01-14;0;0;0;0;0;0;0;0;0;0;0;0;0;0;0;0;0;0
FR;12;2023-01-15;0;0;0;0;0;0;0;0;0;0;0;0;0;0;0;0;0;0
FR;12;2023-01-16;0;0;0;0;0;0;0;0;0;0;0;0;0;0;0;0;0;0
FR;12;2023-01-17;0;0;0;0;0;0;0;0;0;0;0;0;0;0;0;0;0;0
FR;12;2023-01-18;0;0;0;0;0;0;0;0;0;0;0;0;0;0;0;0;0;0
FR;12;2023-01-19;0;0;0;0;0;0;0;0;0;0;0;0;0;0;0;0;0;0
FR;12;2023-01-20;0;0;0;0;0;0;0;0;0;0;0;0;0;0;0;0;0;0
FR;12;2023-01-21;0;0;0;0;0;0;0;0;0;0;0;0;0;0;0;0;0;0
FR;12;2023-01-22;0;0;0;0;0;0;0;0;0;0;0;0;0;0;0;0;0;0
FR;12;2023-01-23;0;0;0;0;0;0;0;0;0;0;0;0;0;0;0;0;0;0
FR;12;2023-01-24;0;0;0;0;0;0;0;0;0;0;0;0;0;0;0;0;0;0
FR;12;2023-01-25;0;0;0;0;0;0;0;0;0;0;0;0;0;0;0;0;0;0
FR;12;2023-01-26;0;0;0;0;0;0;0;0;0;0;0;0;0;0;0;0;0;0
FR;12;2023-01-27;0;0;0;0;0;0;0;0;0;0;0;0;0;0;0;0;0;0
FR;12;2023-01-28;0;0;0;0;0;0;0;0;0;0;0;0;0;0;0;0;0;0
FR;12;2023-01-29;0;0;0;0;0;0;0;0;0;0;0;0;0;0;0;0;0;0
FR;12;2023-01-30;0;0;0;0;0;0;0;0;0;0;0;0;0;0;0;0;0;0
FR;12;2023-01-31;0;0;0;0;0;0;0;0;0;0;0;0;0;0;0;0;0;0
FR;12;2023-02-01;0;0;0;0;0;0;0;0;0;0;0;0;0;0;0;0;0;0
FR;12;2023-02-02;0;0;0;1;0;0;0;0;2;0;0;0;1;0;0;0;0;2
FR;12;2023-02-03;0;1;6;56;0;4;57;0;76;0;1;6;57;0;4;57;0;78
FR;12;2023-02-04;1;3;6;51;1;5;52;0;52;1;4;12;108;1;9;109;0;130
FR;12;2023-02-05;0;0;0;0;0;0;0;0;1;1;4;12;108;1;9;109;0;131
FR;12;2023-02-06;3;2;12;62;0;11;67;0;69;4;6;24;170;1;20;176;0;200
FR;12;2023-02-07;2;7;18;94;4;13;96;0;119;6;13;42;264;5;33;272;0;319
FR;12;2023-02-08;1;3;10;61;1;10;68;0;88;7;16;52;325;6;43;340;0;407
FR;12;2023-02-09;5;3;12;70;0;13;73;0;139;12;19;64;395;6;56;413;0;546
FR;0;2020-12-27;616;0;0;0;55;0;0;0;0;616;0;0;0;55;0;0;0;0
FR;0;2020-12-28;704;1;0;0;43;0;0;0;0;1320;1;0;0;98;0;0;0;0
FR;0;2020-12-29;387;0;0;0;19;0;0;0;0;1707;1;0;0;117;0;0;0;0
FR;0;2020-12-30;455;0;0;0;19;0;0;0;0;2162;1;0;0;136;0;0;0;0
FR;0;2020-12-31;449;1;0;0;21;0;0;0;0;2611;2;0;0;157;0;0;0;0
FR;0;2021-01-01;1192;2;0;0;66;0;0;0;0;3803;4;0;0;223;0;0;0;0
FR;0;2021-01-02;369;4;0;0;29;0;0;0;0;4172;8;0;0;252;0;0;0;0
FR;0;2021-01-03;417;0;0;0;23;0;0;0;0;4589;8;0;0;275;0;0;0;0
FR;0;2021-01-04;2141;5;0;0;51;0;0;0;0;6730;13;0;0;326;0;0;0;0
FR;0;2021-01-05;7772;6;0;0;128;0;0;0;0;14502;19;0;0;454;0;0;0;0
FR;0;2021-01-06;12477;23;0;0;127;0;0;0;0;26979;42;0;0;581;0;0;0;0
FR;0;2021-01-07;29477;24;0;0;159;0;0;0;0;56456;66;0;0;740;0;0;0;0
FR;0;2021-01-08;37169;35;0;0;203;0;0;0;0;93625;101;0;0;943;0;0;0;0
FR;0;2021-01-09;11220;9;0;0;77;0;0;0;0;104845;110;0;0;1020;0;0;0;0
FR;0;2021-01-10;6015;8;0;0;28;0;0;0;0;110860;118;0;0;1048;0;0;0;0
FR;0;2021-01-11;39954;39;0;0;231;0;0;0;0;150814;157;0;0;1279;0;0;0;0
FR;0;2021-01-12;62160;30;0;0;298;0;0;0;0;212974;187;0;0;1577;0;0;0;0
FR;0;2021-01-13;65146;62;0;0;432;0;0;0;0;278120;249;0;0;2009;0;0;0;0
FR;0;2021-01-14;83108;260;0;0;1172;0;0;0;0;361228;509;0;0;3181;0;0;0;0
FR;0;2021-01-15;69033;101;0;0;557;0;0;0;0;430261;610;0;0;3738;0;0;0;0
FR;0;2021-01-16;20219;73;0;0;183;0;0;0;0;450480;683;0;0;3921;0;0;0;0
FR;0;2021-01-17;10993;54;0;0;137;0;0;0;0;461473;737;0;0;4058;0;0;0;0
FR;0;2021-01-18;85923;179;0;0;616;0;0;0;0;547396;916;0;0;4674;0;0;0;0
FR;0;2021-01-19;130616;211;0;0;869;0;0;0;0;678012;1127;0;0;5543;0;0;0;0
FR;0;2021-01-20;137571;196;0;0;837;0;0;0;0;815583;1323;0;0;6380;0;0;0;0
FR;0;2021-01-21;158428;205;0;0;952;0;0;0;0;974011;1528;0;0;7332;0;0;0;0
FR;0;2021-01-22;121087;258;0;0;845;0;0;0;0;1095098;1786;0;0;8177;0;0;0;0
FR;0;2021-01-23;38491;85;0;0;222;0;0;0;0;1133589;1871;0;0;8399;0;0;0;0
FR;0;2021-01-24;9752;129;0;0;194;0;0;0;0;1143341;2000;0;0;8593;0;0;0;0
FR;0;2021-01-25;78256;1456;0;0;1807;0;0;0;0;1221597;3456;0;0;10400;0;0;0;0
FR;0;2021-01-26;100397;3707;1;0;4185;0;0;0;0;1321994;7163;1;0;14585;0;0;0;0
FR;0;2021-01-27;107265;6441;0;0;7157;0;0;0;0;1429259;13604;1;0;21742;0;0;0;0
FR;0;2021-01-28;124380;16402;0;0;17225;0;0;0;0;1553639;30006;1;0;38967;0;0;0;0
FR;0;2021-01-29;92201;18781;0;0;19359;0;0;0;0;1645840;48787;1;0;58326;0;0;0;0
FR;0;2021-01-30;29128;4533;0;0;4670;0;0;0;0;1674968;53320;1;0;62996;0;0;0;0
FR;0;2021-01-31;5240;1907;0;0;1952;0;0;0;0;1680208;55227;1;0;64948;0;0;0;0
FR;0;2021-02-01;53160;23028;0;0;23300;0;0;0;0;1733368;78255;1;0;88248;0;0;0;0
FR;0;2021-02-02;72334;38172;0;0;38664;0;0;0;0;1805702;116427;1;0;126912;0;0;0;0
FR;0;2021-02-03;72327;40203;0;0;40707;0;0;0;0;1878029;156630;1;0;167619;0;0;0;0
FR;0;2021-02-04;82090;55060;0;0;55655;0;0;0;0;1960119;211690;1;0;223274;0;0;0;0
FR;0;2021-02-05;68251;48218;0;0;48655;0;0;0;0;2028370;259908;1;0;271929;0;0;0;0
FR;0;2021-02-06;22953;11435;0;0;11674;0;0;0;0;2051323;271343;1;0;283603;0;0;0;0
FR;0;2021-02-07;5195;6069;0;0;6195;0;0;0;0;2056518;277412;1;0;289798;0;0;0;0
FR;0;2021-02-08;46856;48780;0;0;49266;0;0;0;0;2103374;326192;1;0;339064;0;0;0;0
FR;0;2021-02-09;66045;78436;0;0;79532;0;0;0;0;2169419;404628;1;0;418596;0;0;0;0
FR;0;2021-02-10;71045;83451;0;0;84747;0;0;0;0;2240464;488079;1;0;503343;0;0;0;0
FR;0;2021-02-11;87306;105542;0;0;107477;0;0;0;0;2327770;593621;1;0;610820;0;0;0;0
FR;0;2021-02-12;79355;76057;0;0;77801;0;0;0;0;2407125;669678;1;0;688621;0;0;0;0
FR;0;2021-02-13;22391;19516;0;0;19883;0;0;0;0;2429516;689194;1;0;708504;0;0;0;0
FR;0;2021-02-14;5080;7342;0;0;7470;0;0;0;0;2434596;696536;1;0;715974;0;0;0;0
FR;0;2021-02-15;38131;76791;0;0;77810;0;0;0;0;2472727;773327;1;0;793784;0;0;0;0
FR;0;2021-02-16;50419;99681;0;0;101023;0;0;0;0;2523146;873008;1;0;894807;0;0;0;0
FR;0;2021-02-17;50555;106906;20;0;108351;0;0;0;0;2573701;979914;21;0;1003158;0;0;0;0
FR;0;2021-02-18;69812;123652;0;0;125698;0;0;0;0;2643513;1103566;21;0;1128856;0;0;0;0
FR;0;2021-02-19;65091;92301;1;0;94190;0;0;0;0;2708604;1195867;22;0;1223046;0;0;0;0
FR;0;2021-02-20;18601;28539;0;0;28910;0;0;0;0;2727205;1224406;22;0;1251956;0;0;0;0
FR;0;2021-02-21;3335;6041;0;0;6146;0;0;0;0;2730540;1230447;22;0;1258102;0;0;0;0
FR;0;2021-02-22;37510;73183;2;0;74193;0;0;0;0;2768050;1303630;24;0;1332295;0;0;0;0
FR;0;2021-02-23;53803;85278;1;0;86793;0;0;0;0;2821853;1388908;25;0;1419088;0;0;0;0
FR;0;2021-02-24;60036;82912;1;0;84491;0;0;0;0;2881889;1471820;26;0;1503579;0;0;0;0
FR;0;2021-02-25;100610;91245;1;0;94239;0;0;0;0;2982499;1563065;27;0;1597818;0;0;0;0
FR;0;2021-02-26;113490;70752;1;0;73900;0;0;0;0;3095989;1633817;28;0;1671718;0;0;0;0
FR;0;2021-02-27;52130;22438;1;0;23682;0;0;0;0;3148119;1656255;29;0;1695400;0;0;0;0
FR;0;2021-02-28;6209;4124;2;0;4322;0;0;0;0;3154328;1660379;31;0;1699722;0;0;0;0
FR;0;2021-03-01;65941;54077;1;0;55945;0;0;0;0;3220269;1714456;32;0;1755667;0;0;0;0
FR;0;2021-03-02;101414;67184;3;0;70227;0;0;0;0;3321683;1781640;35;0;1825894;0;0;0;0
FR;0;2021-03-03;116561;65471;0;0;69162;0;0;0;0;3438244;1847111;35;0;1895056;0;0;0;0
FR;0;2021-03-04;163660;72613;3;0;78178;0;0;0;0;3601904;1919724;38;0;1973234;0;0;0;0
FR;0;2021-03-05;200960;62696;3;0;69429;0;0;0;0;3802864;1982420;41;0;2042663;0;0;0;0
FR;0;2021-03-06;207989;17488;3;0;22789;0;0;0;0;4010853;1999908;44;0;2065452;0;0;0;0
FR;0;2021-03-07;121292;3983;1;0;7277;0;0;0;0;4132145;2003891;45;0;2072729;0;0;0;0
FR;0;2021-03-08;107176;49561;2;0;53049;0;0;0;0;4239321;2053452;47;0;2125778;0;0;0;0
FR;0;2021-03-09;172487;56031;2;0;61522;0;0;0;0;4411808;2109483;49;0;2187300;0;0;0;0
FR;0;2021-03-10;179039;57058;5;0;62729;0;0;0;0;4590847;2166541;54;0;2250029;0;0;0;0
FR;0;2021-03-11;242929;64021;2;0;72113;0;0;0;0;4833776;2230562;56;0;2322142;0;0;0;0
FR;0;2021-03-12;294871;53363;1;0;62819;0;0;0;0;5128647;2283925;57;0;2384961;0;0;0;0
FR;0;2021-03-13;231443;15266;1;0;21244;0;0;0;0;5360090;2299191;58;0;2406205;0;0;0;0
FR;0;2021-03-14;63363;3054;1;0;5090;0;0;0;0;5423453;2302245;59;0;2411295;0;0;0;0
FR;0;2021-03-15;158696;31512;3;0;36166;0;0;0;0;5582149;2333757;62;0;2447461;0;0;0;0
FR;0;2021-03-16;141597;38810;6;0;42960;0;0;0;0;5723746;2372567;68;0;2490421;0;0;0;0
FR;0;2021-03-17;150517;37580;4;0;42345;0;0;0;0;5874263;2410147;72;0;2532766;0;0;0;0
FR;0;2021-03-18;167869;44342;5;0;49908;0;0;0;0;6042132;2454489;77;0;2582674;0;0;0;0
FR;0;2021-03-19;230056;36760;2;0;44118;0;0;0;0;6272188;2491249;79;0;2626792;0;0;0;0
FR;0;2021-03-20;166718;11386;1;0;16011;0;0;0;0;6438906;2502635;80;0;2642803;0;0;0;0
FR;0;2021-03-21;49955;2135;1;0;3893;0;0;0;0;6488861;2504770;81;0;2646696;0;0;0;0
FR;0;2021-03-22;170082;33521;2;0;39022;0;0;0;0;6658943;2538291;83;0;2685718;0;0;0;0
FR;0;2021-03-23;250440;42390;1;0;50234;0;0;0;0;6909383;2580681;84;0;2735952;0;0;0;0
FR;0;2021-03-24;256949;43574;0;0;51672;0;0;0;0;7166332;2624255;84;0;2787624;0;0;0;0
FR;0;2021-03-25;341873;45261;5;0;56264;0;0;0;0;7508205;2669516;89;0;2843888;0;0;0;0
FR;0;2021-03-26;358848;41789;5;1;53545;0;0;0;0;7867053;2711305;94;1;2897433;0;0;0;0
FR;0;2021-03-27;195294;16949;1;0;23393;0;0;0;0;8062347;2728254;95;1;2920826;0;0;0;0
FR;0;2021-03-28;59355;4583;3;0;6647;0;0;0;0;8121702;2732837;98;1;2927473;0;0;0;0
FR;0;2021-03-29;203023;53403;4;0;60164;0;0;0;0;8324725;2786240;102;1;2987637;0;0;0;0
FR;0;2021-03-30;285544;70025;5;0;80435;0;0;0;0;8610269;2856265;107;1;3068072;0;0;0;0
FR;0;2021-03-31;263076;74034;4;0;84709;0;0;0;0;8873345;2930299;111;1;3152781;0;0;0;0
FR;0;2021-04-01;315576;92807;11;0;106384;0;0;0;0;9188921;3023106;122;1;3259165;0;0;0;0
FR;0;2021-04-02;281384;94800;7;0;106629;0;0;0;0;9470305;3117906;129;1;3365794;0;0;0;0
FR;0;2021-04-03;141096;62599;6;0;67858;0;0;0;0;9611401;3180505;135;1;3433652;0;0;0;0
FR;0;2021-04-04;46551;19014;2;0;21066;0;0;0;0;9657952;3199519;137;1;3454718;0;0;0;0
FR;0;2021-04-05;63369;10405;11;0;13062;0;0;0;0;9721321;3209924;148;1;3467780;0;0;0;0
FR;0;2021-04-06;217271;113092;17;0;121948;0;0;0;0;9938592;3323016;165;1;3589728;0;0;0;0
FR;0;2021-04-07;260320;115283;17;0;126634;0;0;0;0;10198912;3438299;182;1;3716362;0;0;0;0
FR;0;2021-04-08;337913;123204;15;0;138829;0;0;0;0;10536825;3561503;197;1;3855191;0;0;0;0
FR;0;2021-04-09;410234;116882;49;0;134289;0;0;0;0;10947059;3678385;246;1;3989480;0;0;0;0
FR;0;2021-04-10;212662;82866;15;0;91258;0;0;0;0;11159721;3761251;261;1;4080738;0;0;0;0
FR;0;2021-04-11;56161;34175;7;0;36701;0;0;0;0;11215882;3795426;268;1;4117439;0;0;0;0
FR;0;2021-04-12;237124;115837;46;0;125441;0;0;0;0;11453006;3911263;314;1;4242880;0;0;0;0
FR;0;2021-04-13;309550;144164;98;1;157124;0;0;0;0;11762556;4055427;412;2;4400004;0;0;0;0
FR;0;2021-04-14;294600;139837;215;0;153214;0;0;0;0;12057156;4195264;627;2;4553218;0;0;0;0
FR;0;2021-04-15;337193;150510;340;0;166046;0;0;0;0;12394349;4345774;967;2;4719264;0;0;0;0
FR;0;2021-04-16;339362;147027;354;0;161682;0;0;0;0;12733711;4492801;1321;2;4880946;0;0;0;0
FR;0;2021-04-17;188688;89981;109;0;97681;0;0;0;0;12922399;4582782;1430;2;4978627;0;0;0;0
FR;0;2021-04-18;51642;35456;48;0;37878;0;0;0;0;12974041;4618238;1478;2;5016505;0;0;0;0
FR;0;2021-04-19;205746;138294;456;0;147450;0;0;0;0;13179787;4756532;1934;2;5163955;0;0;0;0
FR;0;2021-04-20;254491;172028;569;0;183688;0;0;0;0;13434278;4928560;2503;2;5347643;0;0;0;0
FR;0;2021-04-21;253337;170202;836;0;182222;0;0;0;0;13687615;5098762;3339;2;5529865;0;0;0;0
FR;0;2021-04-22;287625;190427;820;0;205023;0;0;0;0;13975240;5289189;4159;2;5734888;0;0;0;0
FR;0;2021-04-23;297686;184715;747;0;203469;0;0;0;0;14272926;5473904;4906;2;5938357;0;0;0;0
FR;0;2021-04-24;190481;112051;252;0;122505;0;0;0;0;14463407;5585955;5158;2;6060862;0;0;0;0
FR;0;2021-04-25;69576;38861;51;0;42592;0;0;0;0;14532983;5624816;5209;2;6103454;0;0;0;0
FR;0;2021-04-26;221004;158683;564;0;171878;0;0;0;0;14753987;5783499;5773;2;6275332;0;0;0;0
FR;0;2021-04-27;284656;188034;941;0;211346;0;0;0;0;15038643;5971533;6714;2;6486678;0;0;0;0
FR;0;2021-04-28;299576;184716;1427;1;209797;1;0;0;0;15338219;6156249;8141;3;6696475;1;0;0;0
FR;0;2021-04-29;357210;198262;1281;0;233346;0;0;0;0;15695429;6354511;9422;3;6929821;1;0;0;0
FR;0;2021-04-30;372264;186137;1124;1;225476;0;0;0;0;16067693;6540648;10546;4;7155297;1;0;0;0
FR;0;2021-05-01;167679;52529;179;0;63776;0;0;0;0;16235372;6593177;10725;4;7219073;1;0;0;0
FR;0;2021-05-02;91766;37862;83;0;43591;0;0;0;0;16327138;6631039;10808;4;7262664;1;0;0;0
FR;0;2021-05-03;288977;165211;843;0;185737;0;0;0;0;16616115;6796250;11651;4;7448401;1;0;0;0
FR;0;2021-05-04;315756;225560;1237;0;251739;0;0;0;0;16931871;7021810;12888;4;7700140;1;0;0;0
FR;0;2021-05-05;327298;226619;1316;0;251699;0;0;0;0;17259169;7248429;14204;4;7951839;1;0;0;0
FR;0;2021-05-06;379613;241212;1634;0;275464;0;0;0;0;17638782;7489641;15838;4;8227303;1;0;0;0
FR;0;2021-05-07;372827;258892;1224;0;299956;0;0;0;0;18011609;7748533;17062;4;8527259;1;0;0;0
FR;0;2021-05-08;222191;71447;300;0;86659;0;0;0;0;18233800;7819980;17362;4;8613918;1;0;0;0
FR;0;2021-05-09;129734;44537;243;0;53175;0;0;0;0;18363534;7864517;17605;4;8667093;1;0;0;0
FR;0;2021-05-10;313427;229710;1239;0;255491;0;0;0;0;18676961;8094227;18844;4;8922584;1;0;0;0
FR;0;2021-05-11;403983;258422;1566;0;296852;0;0;0;0;19080944;8352649;20410;4;9219436;1;0;0;0
FR;0;2021-05-12;434205;233908;1544;0;270199;0;0;0;0;19515149;8586557;21954;4;9489635;1;0;0;0
FR;0;2021-05-13;338641;56445;432;0;77938;0;0;0;0;19853790;8643002;22386;4;9567573;1;0;0;0
FR;0;2021-05-14;454186;167497;1127;0;203109;0;0;0;0;20307976;8810499;23513;4;9770682;1;0;0;0
FR;0;2021-05-15;375016;94394;444;0;120791;0;0;0;0;20682992;8904893;23957;4;9891473;1;0;0;0
FR;0;2021-05-16;202777;20690;168;0;34091;0;0;0;0;20885769;8925583;24125;4;9925564;1;0;0;0
FR;0;2021-05-17;376162;148879;1555;0;178672;0;0;0;0;21261931;9074462;25680;4;10104236;1;0;0;0
FR;0;2021-05-18;460212;154134;1991;0;193286;0;0;0;0;21722143;9228596;27671;4;10297522;1;0;0;0
FR;0;2021-05-19;467469;142553;2465;0;179824;0;0;0;0;22189612;9371149;30136;4;10477346;1;0;0;0
FR;0;2021-05-20;507597;160253;2340;0;204219;0;0;0;0;22697209;9531402;32476;4;10681565;1;0;0;0
FR;0;2021-05-21;489733;175242;1997;0;221795;0;0;0;0;23186942;9706644;34473;4;10903360;1;0;0;0
FR;0;2021-05-22;347227;80241;670;0;108671;0;0;0;0;23534169;9786885;35143;4;11012031;1;0;0;0
FR;0;2021-05-23;161714;14212;246;0;26682;0;0;0;0;23695883;9801097;35389;4;11038713;1;0;0;0
FR;0;2021-05-24;263222;33108;604;0;52947;0;0;0;0;23959105;9834205;35993;4;11091660;1;0;0;0
FR;0;2021-05-25;400314;190490;2357;1;227063;0;0;0;0;24359419;10024695;38350;5;11318723;1;0;0;0
FR;0;2021-05-26;413508;191215;2227;0;229270;0;0;0;0;24772927;10215910;40577;5;11547993;1;0;0;0
FR;0;2021-05-27;449866;220064;2163;0;267211;0;0;0;0;25222793;10435974;42740;5;11815204;1;0;0;0
FR;0;2021-05-28;429606;261155;1895;0;319257;0;0;0;0;25652399;10697129;44635;5;12134461;1;0;0;0
FR;0;2021-05-29;299008;150520;586;0;183377;0;0;0;0;25951407;10847649;45221;5;12317838;1;0;0;0
FR;0;2021-05-30;107156;32507;164;0;42091;0;0;0;0;26058563;10880156;45385;5;12359929;1;0;0;0
FR;0;2021-05-31;358081;203486;1473;1;241773;1;0;0;0;26416644;11083642;46858;6;12601702;2;0;0;0
FR;0;2021-06-01;431137;251295;1969;1;302944;1;0;0;0;26847781;11334937;48827;7;12904646;3;0;0;0
FR;0;2021-06-02;420170;232723;1986;0;280114;0;0;0;0;27267951;11567660;50813;7;13184760;3;0;0;0
FR;0;2021-06-03;465698;257760;1826;0;312535;0;0;0;0;27733649;11825420;52639;7;13497295;3;0;0;0
FR;0;2021-06-04;456300;305884;1735;1;363298;1;0;0;0;28189949;12131304;54374;8;13860593;4;0;0;0
FR;0;2021-06-05;304839;189568;653;0;222794;0;0;0;0;28494788;12320872;55027;8;14083387;4;0;0;0
FR;0;2021-06-06;133338;49019;227;0;61158;0;0;0;0;28628126;12369891;55254;8;14144545;4;0;0;0
FR;0;2021-06-07;340021;261527;1529;0;298622;0;0;0;0;28968147;12631418;56783;8;14443167;4;0;0;0
FR;0;2021-06-08;393949;291385;1806;0;338256;0;0;0;0;29362096;12922803;58589;8;14781423;4;0;0;0
FR;0;2021-06-09;384946;273795;1734;0;318201;0;0;0;0;29747042;13196598;60323;8;15099624;4;0;0;0
FR;0;2021-06-10;404249;286340;1727;1;335789;0;0;0;0;30151291;13482938;62050;9;15435413;4;0;0;0
FR;0;2021-06-11;386719;356522;1467;1;406964;0;0;0;0;30538010;13839460;63517;10;15842377;4;0;0;0
FR;0;2021-06-12;283295;210991;497;0;243141;0;0;0;0;30821305;14050451;64014;10;16085518;4;0;0;0
FR;0;2021-06-13;104906;73842;204;0;84835;0;0;0;0;30926211;14124293;64218;10;16170353;4;0;0;0
FR;0;2021-06-14;240876;354075;1429;1;383267;0;0;0;0;31167087;14478368;65647;11;16553620;4;0;0;0
FR;0;2021-06-15;308222;384352;1574;1;423131;0;0;0;0;31475309;14862720;67221;12;16976751;4;0;0;0
FR;0;2021-06-16;314025;357578;1418;1;395340;0;0;0;0;31789334;15220298;68639;13;17372091;4;0;0;0
FR;0;2021-06-17;317728;373139;1432;1;414339;0;0;0;0;32107062;15593437;70071;14;17786430;4;0;0;0
FR;0;2021-06-18;321783;442587;1342;1;485992;0;0;0;0;32428845;16036024;71413;15;18272422;4;0;0;0
FR;0;2021-06-19;224362;274024;449;0;301216;0;0;0;0;32653207;16310048;71862;15;18573638;4;0;0;0
FR;0;2021-06-20;74459;102298;130;0;111495;0;0;0;0;32727666;16412346;71992;15;18685133;4;0;0;0
FR;0;2021-06-21;195808;401746;1038;1;427713;1;0;0;0;32923474;16814092;73030;16;19112846;5;0;0;0
FR;0;2021-06-22;223239;467787;1266;10;500453;1;0;0;0;33146713;17281879;74296;26;19613299;6;0;0;0
FR;0;2021-06-23;234075;440109;1198;1;474217;1;0;0;0;33380788;17721988;75494;27;20087516;7;0;0;0
FR;0;2021-06-24;241900;409702;1359;0;447195;0;0;0;0;33622688;18131690;76853;27;20534711;7;0;0;0
FR;0;2021-06-25;227669;523067;1403;0;562066;0;0;0;0;33850357;18654757;78256;27;21096777;7;0;0;0
FR;0;2021-06-26;153290;371087;589;1;395895;0;0;0;0;34003647;19025844;78845;28;21492672;7;0;0;0
FR;0;2021-06-27;55921;155951;169;1;164864;0;0;0;0;34059568;19181795;79014;29;21657536;7;0;0;0
FR;0;2021-06-28;154809;452520;1178;0;478115;0;0;0;0;34214377;19634315;80192;29;22135651;7;0;0;0
FR;0;2021-06-29;182736;507801;2123;0;539180;0;0;0;0;34397113;20142116;82315;29;22674831;7;0;0;0
FR;0;2021-06-30;204039;485215;2015;21;519484;2;0;0;0;34601152;20627331;84330;50;23194315;9;0;0;0
FR;0;2021-07-01;231450;458525;2226;5;498472;0;0;0;0;34832602;21085856;86556;55;23692787;9;0;0;0
FR;0;2021-07-02;228707;520007;2120;5;562325;2;0;0;0;35061309;21605863;88676;60;24255112;11;0;0;0
FR;0;2021-07-03;142057;368760;908;3;395248;1;0;0;0;35203366;21974623;89584;63;24650360;12;0;0;0
FR;0;2021-07-04;56760;141003;265;0;150694;0;0;0;0;35260126;22115626;89849;63;24801054;12;0;0;0
FR;0;2021-07-05;168545;418641;1668;8;448581;0;0;0;0;35428671;22534267;91517;71;25249635;12;0;0;0
FR;0;2021-07-06;196809;474521;1830;45;511125;8;0;0;0;35625480;23008788;93347;116;25760760;20;0;0;0
FR;0;2021-07-07;213244;438964;1881;25;477426;2;0;0;0;35838724;23447752;95228;141;26238186;22;0;0;0
FR;0;2021-07-08;231675;424131;2089;20;468067;2;0;0;0;36070399;23871883;97317;161;26706253;24;0;0;0
FR;0;2021-07-09;228641;511048;2185;4;557351;2;0;0;0;36299040;24382931;99502;165;27263604;26;0;0;0
FR;0;2021-07-10;148634;339923;986;1;368862;1;0;0;0;36447674;24722854;100488;166;27632466;27;0;0;0
FR;0;2021-07-11;60214;110046;284;0;120962;0;0;0;0;36507888;24832900;100772;166;27753428;27;0;0;0
FR;0;2021-07-12;169439;477706;1765;4;512443;0;0;0;0;36677327;25310606;102537;170;28265871;27;0;0;0
FR;0;2021-07-13;287305;526581;2050;8;585623;0;0;0;0;36964632;25837187;104587;178;28851494;27;0;0;0
FR;0;2021-07-14;181120;157334;435;0;186650;0;0;0;0;37145752;25994521;105022;178;29038144;27;0;0;0
FR;0;2021-07-15;347127;501586;2100;1;571560;0;0;0;0;37492879;26496107;107122;179;29609704;27;0;0;0
FR;0;2021-07-16;380123;494976;2023;3;574157;1;0;0;0;37873002;26991083;109145;182;30183861;28;0;0;0
FR;0;2021-07-17;259750;319637;877;1;368602;0;0;0;0;38132752;27310720;110022;183;30552463;28;0;0;0
FR;0;2021-07-18;109744;114569;310;0;133010;0;0;0;0;38242496;27425289;110332;183;30685473;28;0;0;0
FR;0;2021-07-19;285524;423882;1631;3;478900;0;0;0;0;38528020;27849171;111963;186;31164373;28;0;0;0
FR;0;2021-07-20;376941;451211;1725;0;523555;0;0;0;0;38904961;28300382;113688;186;31687928;28;0;0;0
FR;0;2021-07-21;395838;406852;1550;4;481854;1;0;0;0;39300799;28707234;115238;190;32169782;29;0;0;0
FR;0;2021-07-22;441081;387285;1715;4;471775;2;0;0;0;39741880;29094519;116953;194;32641557;31;0;0;0
FR;0;2021-07-23;440349;421966;1883;4;509940;1;0;0;0;40182229;29516485;118836;198;33151497;32;0;0;0
FR;0;2021-07-24;285265;269305;804;1;321992;0;0;0;0;40467494;29785790;119640;199;33473489;32;0;0;0
FR;0;2021-07-25;121127;79913;234;0;100271;0;0;0;0;40588621;29865703;119874;199;33573760;32;0;0;0
FR;0;2021-07-26;347450;322148;1614;3;384710;1;0;0;0;40936071;30187851;121488;202;33958470;33;0;0;0
FR;0;2021-07-27;464105;319249;1698;4;400406;1;0;0;0;41400176;30507100;123186;206;34358876;34;0;0;0
FR;0;2021-07-28;459470;289355;1637;4;366976;1;0;0;0;41859646;30796455;124823;210;34725852;35;0;0;0
FR;0;2021-07-29;489857;276108;1797;2;356990;0;0;0;0;42349503;31072563;126620;212;35082842;35;0;0;0
FR;0;2021-07-30;461859;302337;1942;5;380836;1;0;0;0;42811362;31374900;128562;217;35463678;36;0;0;0
FR;0;2021-07-31;285418;185013;916;1;231507;0;0;0;0;43096780;31559913;129478;218;35695185;36;0;0;0
FR;0;2021-08-01;112042;49911;257;0;65690;0;0;0;0;43208822;31609824;129735;218;35760875;36;0;0;0
FR;0;2021-08-02;341669;234018;1603;2;284713;0;0;0;0;43550491;31843842;131338;220;36045588;36;0;0;0
FR;0;2021-08-03;398640;244440;1729;2;304520;1;0;0;0;43949131;32088282;133067;222;36350108;37;0;0;0
FR;0;2021-08-04;384885;209508;1594;6;265642;3;0;0;0;44334016;32297790;134661;228;36615750;40;0;0;0
FR;0;2021-08-05;366198;228339;1711;0;281721;0;0;0;0;44700214;32526129;136372;228;36897471;40;0;0;0
FR;0;2021-08-06;359752;271202;1835;4;326595;0;0;0;0;45059966;32797331;138207;232;37224066;40;0;0;0
FR;0;2021-08-07;213144;178314;756;5;210051;1;0;0;0;45273110;32975645;138963;237;37434117;41;0;0;0
FR;0;2021-08-08;74209;63188;276;0;73622;0;0;0;0;45347319;33038833;139239;237;37507739;41;0;0;0
FR;0;2021-08-09;258774;258586;1548;4;297509;2;0;0;0;45606093;33297419;140787;241;37805248;43;0;0;0
FR;0;2021-08-10;306892;277063;1663;2;323460;0;0;0;0;45912985;33574482;142450;243;38128708;43;0;0;0
FR;0;2021-08-11;279764;259539;1441;5;301615;0;0;0;0;46192749;33834021;143891;248;38430323;43;0;0;0
FR;0;2021-08-12;271566;278015;1668;3;320279;0;0;0;0;46464315;34112036;145559;251;38750602;43;0;0;0
FR;0;2021-08-13;252172;278108;1594;3;316952;2;0;0;0;46716487;34390144;147153;254;39067554;45;0;0;0
FR;0;2021-08-14;145363;197064;740;0;218995;0;0;0;0;46861850;34587208;147893;254;39286549;45;0;0;0
FR;0;2021-08-15;39401;50090;218;1;55673;0;0;0;0;46901251;34637298;148111;255;39342222;45;0;0;0
FR;0;2021-08-16;186196;317471;1543;0;345398;0;0;0;0;47087447;34954769;149654;255;39687620;45;0;0;0
FR;0;2021-08-17;215713;335796;1638;7;368830;0;0;0;0;47303160;35290565;151292;262;40056450;45;0;0;0
FR;0;2021-08-18;199072;324357;1599;7;354527;3;0;0;0;47502232;35614922;152891;269;40410977;48;0;0;0
FR;0;2021-08-19;192047;325388;1642;1;355957;0;0;0;0;47694279;35940310;154533;270;40766934;48;0;0;0
FR;0;2021-08-20;186489;366188;1822;3;396627;2;0;0;0;47880768;36306498;156355;273;41163561;50;0;0;0
FR;0;2021-08-21;104807;238124;709;0;254555;0;0;0;0;47985575;36544622;157064;273;41418116;50;0;0;0
FR;0;2021-08-22;31947;87209;256;1;92163;1;0;0;0;48017522;36631831;157320;274;41510279;51;0;0;0
FR;0;2021-08-23;140996;356997;1561;3;379597;0;0;0;0;48158518;36988828;158881;277;41889876;51;0;0;0
FR;0;2021-08-24;162516;376590;1850;5;402847;0;0;0;0;48321034;37365418;160731;282;42292723;51;0;0;0
FR;0;2021-08-25;151162;350711;2038;8;375410;2;0;0;0;48472196;37716129;162769;290;42668133;53;0;0;0
FR;0;2021-08-26;142892;342749;2563;10;367559;0;0;0;0;48615088;38058878;165332;300;43035692;53;0;0;0
FR;0;2021-08-27;148459;388234;2791;11;414889;1;0;0;0;48763547;38447112;168123;311;43450581;54;0;0;0
FR;0;2021-08-28;90679;249636;1407;0;264967;0;0;0;0;48854226;38696748;169530;311;43715548;54;0;0;0
FR;0;2021-08-29;27324;83344;518;1;88261;0;0;0;0;48881550;38780092;170048;312;43803809;54;0;0;0
FR;0;2021-08-30;117430;324579;4714;6;342390;5848;0;0;0;48998980;39104671;174762;318;44146199;5902;0;0;0
FR;0;2021-08-31;128828;334439;10189;19;353917;11772;2;0;0;49127808;39439110;184951;337;44500116;17674;2;0;0
FR;0;2021-09-01;136168;285654;22436;8;302410;24406;1;0;0;49263976;39724764;207387;345;44802526;42080;3;0;0
FR;0;2021-09-02;114660;247202;26525;20;262102;29010;0;0;0;49378636;39971966;233912;365;45064628;71090;3;0;0
FR;0;2021-09-03;118325;292660;29968;24;309322;33075;1;0;0;49496961;40264626;263880;389;45373950;104165;4;0;0
FR;0;2021-09-04;89892;217792;12587;12;230497;14155;7;0;0;49586853;40482418;276467;401;45604447;118320;11;0;0
FR;0;2021-09-05;21363;44799;4397;2;48281;4719;0;0;0;49608216;40527217;280864;403;45652728;123039;11;0;0
FR;0;2021-09-06;75701;180495;31957;16;190678;34304;2;0;0;49683917;40707712;312821;419;45843406;157343;13;0;0
FR;0;2021-09-07;80317;181180;33250;43;191048;36319;2;0;0;49764234;40888892;346071;462;46034454;193662;15;0;0
FR;0;2021-09-08;91012;206083;29667;28;216572;32573;4;0;0;49855246;41094975;375738;490;46251026;226235;19;0;0
FR;0;2021-09-09;76972;165300;33084;27;174107;36700;5;0;0;49932218;41260275;408822;517;46425133;262935;24;0;0
FR;0;2021-09-10;96047;203817;35743;28;214904;40793;7;0;0;50028265;41464092;444565;545;46640037;303728;31;0;0
FR;0;2021-09-11;67167;169334;12141;19;178191;14411;0;0;0;50095432;41633426;456706;564;46818228;318139;31;0;0
FR;0;2021-09-12;12829;32094;2783;1;34141;3189;2;0;0;50108261;41665520;459489;565;46852369;321328;33;0;0
FR;0;2021-09-13;64579;126163;41248;35;134188;44260;17;0;0;50172840;41791683;500737;600;46986557;365588;50;0;0
FR;0;2021-09-14;73498;129001;56387;80;135751;62437;43;0;0;50246338;41920684;557124;680;47122308;428025;93;0;0
FR;0;2021-09-15;76657;167732;55669;58;174682;54848;77;0;0;50322995;42088416;612793;738;47296990;482873;170;0;0
FR;0;2021-09-16;63894;114500;60099;82;117879;60171;65;0;0;50386889;42202916;672892;820;47414869;543044;235;0;0
FR;0;2021-09-17;75091;156846;53866;71;159729;57357;68;0;0;50461980;42359762;726758;891;47574598;600401;303;0;0
FR;0;2021-09-18;48242;139633;15602;25;144316;17319;20;0;0;50510222;42499395;742360;916;47718914;617720;323;0;0
FR;0;2021-09-19;7908;23649;2442;1;24879;2618;1;0;0;50518130;42523044;744802;917;47743793;620338;324;0;0
FR;0;2021-09-20;44581;93755;50087;72;96247;50346;34;0;0;50562711;42616799;794889;989;47840040;670684;358;0;0
FR;0;2021-09-21;45913;98366;62772;77;98381;63507;79;0;0;50608624;42715165;857661;1066;47938421;734191;437;0;0
FR;0;2021-09-22;48701;142386;55381;82;144833;55480;47;0;0;50657325;42857551;913042;1148;48083254;789671;484;0;0
FR;0;2021-09-23;43294;92066;62407;95;91273;63590;86;0;0;50700619;42949617;975449;1243;48174527;853261;570;0;0
FR;0;2021-09-24;52319;133292;54567;107;132395;59226;78;0;0;50752938;43082909;1030016;1350;48306922;912487;648;0;0
FR;0;2021-09-25;35223;115660;16276;36;118648;18313;22;0;0;50788161;43198569;1046292;1386;48425570;930800;670;0;0
FR;0;2021-09-26;5559;17803;2273;5;18688;2332;5;0;0;50793720;43216372;1048565;1391;48444258;933132;675;0;0
FR;0;2021-09-27;33983;76899;47204;97;78783;48188;82;0;1;50827703;43293271;1095769;1488;48523041;981320;757;0;1
FR;0;2021-09-28;36525;75246;54980;90;74337;56592;47;0;0;50864228;43368517;1150749;1578;48597378;1037912;804;0;1
FR;0;2021-09-29;44426;100694;53372;112;102853;54907;42;0;0;50908654;43469211;1204121;1690;48700231;1092819;846;0;1
FR;0;2021-09-30;36348;72977;57045;96;71482;59608;58;0;0;50945002;43542188;1261166;1786;48771713;1152427;904;0;1
FR;0;2021-10-01;61719;102856;57833;108;101414;64012;24;0;0;51006721;43645044;1318999;1894;48873127;1216439;928;0;1
FR;0;2021-10-02;39471;78452;20964;39;81736;23384;12;0;0;51046192;43723496;1339963;1933;48954863;1239823;940;0;1
FR;0;2021-10-03;5289;10496;2536;4;11261;2544;4;0;0;51051481;43733992;1342499;1937;48966124;1242367;944;0;1
FR;0;2021-10-04;35202;58504;52635;84;59504;54857;37;0;0;51086683;43792496;1395134;2021;49025628;1297224;981;0;1
FR;0;2021-10-05;33934;64369;61031;135;62105;65114;50;0;0;51120617;43856865;1456165;2156;49087733;1362338;1031;0;1
FR;0;2021-10-06;42726;79297;65762;112;80174;68381;29;0;0;51163343;43936162;1521927;2268;49167907;1430719;1060;0;1
FR;0;2021-10-07;30574;62281;65446;88;59500;68895;38;0;0;51193917;43998443;1587373;2356;49227407;1499614;1098;0;1
FR;0;2021-10-08;49485;91949;77772;111;89892;84812;39;0;0;51243402;44090392;1665145;2467;49317299;1584426;1137;0;1
FR;0;2021-10-09;33677;60944;31548;35;64138;33931;17;0;0;51277079;44151336;1696693;2502;49381437;1618357;1154;0;1
FR;0;2021-10-10;4723;7424;3198;9;7942;3474;2;0;0;51281802;44158760;1699891;2511;49389379;1621831;1156;0;1
FR;0;2021-10-11;30731;49884;61049;105;50601;64110;51;0;0;51312533;44208644;1760940;2616;49439980;1685941;1207;0;1
FR;0;2021-10-12;31648;54479;70635;141;51314;76046;27;0;0;51344181;44263123;1831575;2757;49491294;1761987;1234;0;1
FR;0;2021-10-13;40165;62848;74443;137;62797;79398;29;0;1;51384346;44325971;1906018;2894;49554091;1841385;1263;0;2
FR;0;2021-10-14;30364;52866;68776;116;49694;73863;34;0;0;51414710;44378837;1974794;3010;49603785;1915248;1297;0;2
FR;0;2021-10-15;44954;75234;93251;191;70331;103051;26;0;0;51459664;44454071;2068045;3201;49674116;2018299;1323;0;2
FR;0;2021-10-16;31334;44083;36699;44;46702;39650;15;0;0;51490998;44498154;2104744;3245;49720818;2057949;1338;0;2
FR;0;2021-10-17;3895;5225;3603;2;5674;3672;4;0;0;51494893;44503379;2108347;3247;49726492;2061621;1342;0;2
FR;0;2021-10-18;29215;42337;67517;134;42559;71373;27;0;0;51524108;44545716;2175864;3381;49769051;2132994;1369;0;2
FR;0;2021-10-19;27196;45545;76430;140;43206;81676;45;0;0;51551304;44591261;2252294;3521;49812257;2214670;1414;0;2
FR;0;2021-10-20;35343;52402;96957;181;51808;101577;45;0;0;51586647;44643663;2349251;3702;49864065;2316247;1459;0;2
FR;0;2021-10-21;26165;45167;83996;112;41964;89194;30;0;0;51612812;44688830;2433247;3814;49906029;2405441;1489;0;2
FR;0;2021-10-22;38450;62489;104927;200;59354;112655;61;0;0;51651262;44751319;2538174;4014;49965383;2518096;1550;0;2
FR;0;2021-10-23;27036;41202;45466;57;42432;48637;14;0;0;51678298;44792521;2583640;4071;50007815;2566733;1564;0;2
FR;0;2021-10-24;2947;4765;3685;6;5015;3923;1;0;0;51681245;44797286;2587325;4077;50012830;2570656;1565;0;2
FR;0;2021-10-25;26104;36205;82346;144;35481;86677;38;0;0;51707349;44833491;2669671;4221;50048311;2657333;1603;0;2
FR;0;2021-10-26;23769;34992;87278;166;32165;92406;34;0;0;51731118;44868483;2756949;4387;50080476;2749739;1637;0;2
FR;0;2021-10-27;30115;46309;109033;257;44047;114754;48;0;0;51761233;44914792;2865982;4644;50124523;2864493;1685;0;2
FR;0;2021-10-28;23609;34931;88741;153;31199;94540;35;0;0;51784842;44949723;2954723;4797;50155722;2959033;1720;0;2
FR;0;2021-10-29;31588;51452;117347;206;46504;125431;53;0;0;51816430;45001175;3072070;5003;50202226;3084464;1773;0;2
FR;0;2021-10-30;20577;33236;50361;76;32923;53429;20;0;0;51837007;45034411;3122431;5079;50235149;3137893;1793;0;2
FR;0;2021-10-31;2518;3732;3595;3;3844;3881;3;0;0;51839525;45038143;3126026;5082;50238993;3141774;1796;0;2
FR;0;2021-11-01;8540;4870;3223;3;5023;3586;10;0;0;51848065;45043013;3129249;5085;50244016;3145360;1806;0;2
FR;0;2021-11-02;26379;40100;93611;156;36243;99672;44;0;1;51874444;45083113;3222860;5241;50280259;3245032;1850;0;3
FR;0;2021-11-03;30129;47900;118930;222;43559;125905;64;0;0;51904573;45131013;3341790;5463;50323818;3370937;1914;0;3
FR;0;2021-11-04;23821;37461;107601;217;31575;114481;46;0;0;51928394;45168474;3449391;5680;50355393;3485418;1960;0;3
FR;0;2021-11-05;32409;52931;141675;236;44644;151465;52;0;0;51960803;45221405;3591066;5916;50400037;3636883;2012;0;3
FR;0;2021-11-06;21553;34548;64909;123;32382;68351;26;0;0;51982356;45255953;3655975;6039;50432419;3705234;2038;0;3
FR;0;2021-11-07;2429;4159;5209;6;4005;5598;7;0;0;51984785;45260112;3661184;6045;50436424;3710832;2045;0;3
FR;0;2021-11-08;20631;37735;127230;227;30947;134354;50;0;0;52005416;45297847;3788414;6272;50467371;3845186;2095;0;3
FR;0;2021-11-09;22443;44640;161736;339;32854;172346;65;0;0;52027859;45342487;3950150;6611;50500225;4017532;2160;0;3
FR;0;2021-11-10;31616;54890;187066;447;44031;198893;91;0;0;52059475;45397377;4137216;7058;50544256;4216425;2251;0;3
FR;0;2021-11-11;4750;6743;12997;28;5905;13979;17;0;0;52064225;45404120;4150213;7086;50550161;4230404;2268;0;3
FR;0;2021-11-12;29099;55047;183838;252;41722;197496;87;0;0;52093324;45459167;4334051;7338;50591883;4427900;2355;0;3
FR;0;2021-11-13;20355;32597;80730;118;28229;86355;44;0;0;52113679;45491764;4414781;7456;50620112;4514255;2399;0;3
FR;0;2021-11-14;2365;3856;7183;6;3362;7847;9;0;0;52116044;45495620;4421964;7462;50623474;4522102;2408;0;3
FR;0;2021-11-15;20521;38550;160908;314;27786;171647;77;0;0;52136565;45534170;4582872;7776;50651260;4693749;2485;0;3
FR;0;2021-11-16;23672;43835;200487;394;27709;215186;115;0;1;52160237;45578005;4783359;8170;50678969;4908935;2600;0;4
FR;0;2021-11-17;30542;50236;199903;406;36447;212968;99;0;0;52190779;45628241;4983262;8576;50715416;5121903;2699;0;4
FR;0;2021-11-18;23456;45683;191749;469;29389;205738;95;0;0;52214235;45673924;5175011;9045;50744805;5327641;2794;0;4
FR;0;2021-11-19;33695;61276;243290;551;39915;262309;148;0;0;52247930;45735200;5418301;9596;50784720;5589950;2942;0;4
FR;0;2021-11-20;25424;36655;102190;207;29264;109759;45;0;0;52273354;45771855;5520491;9803;50813984;5699709;2987;0;4
FR;0;2021-11-21;2665;4443;9680;19;3441;10607;19;0;0;52276019;45776298;5530171;9822;50817425;5710316;3006;0;4
FR;0;2021-11-22;22824;33108;180437;472;18909;194922;90;0;0;52298843;45809406;5710608;10294;50836334;5905238;3096;0;4
FR;0;2021-11-23;25734;45461;229491;549;24113;247984;85;0;0;52324577;45854867;5940099;10843;50860447;6153222;3181;0;4
FR;0;2021-11-24;31820;53595;224904;715;34478;243355;80;0;0;52356397;45908462;6165003;11558;50894925;6396577;3261;0;4
FR;0;2021-11-25;25654;49132;256023;739;25052;277928;112;0;0;52382051;45957594;6421026;12297;50919977;6674505;3373;0;4
FR;0;2021-11-26;33254;74670;379564;867;37395;414796;172;0;0;52415305;46032264;6800590;13164;50957372;7089301;3545;0;4
FR;0;2021-11-27;23508;49555;214973;391;28448;236778;135;0;0;52438813;46081819;7015563;13555;50985820;7326079;3680;0;4
FR;0;2021-11-28;3527;10444;56785;66;4056;63332;42;0;0;52442340;46092263;7072348;13621;50989876;7389411;3722;0;4
FR;0;2021-11-29;19445;54064;341566;864;23088;371906;178;0;0;52461785;46146327;7413914;14485;51012964;7761317;3900;0;4
FR;0;2021-11-30;24789;71794;457488;988;26802;500924;288;0;0;52486574;46218121;7871402;15473;51039766;8262241;4188;0;4
FR;0;2021-12-01;27395;75430;469219;1162;31318;511444;304;0;0;52513969;46293551;8340621;16635;51071084;8773685;4492;0;4
FR;0;2021-12-02;22126;71477;527245;1282;21012;575042;308;0;0;52536095;46365028;8867866;17917;51092096;9348727;4800;0;4
FR;0;2021-12-03;25579;92770;596530;1421;34349;651302;342;0;0;52561674;46457798;9464396;19338;51126445;10000029;5142;0;4
FR;0;2021-12-04;18342;60302;336309;692;25671;369889;198;0;0;52580016;46518100;9800705;20030;51152116;10369918;5340;0;4
FR;0;2021-12-05;4158;16091;95817;157;4859;107048;92;0;0;52584174;46534191;9896522;20187;51156975;10476966;5432;0;4
FR;0;2021-12-06;28451;72682;493281;1175;25234;540107;384;0;0;52612625;46606873;10389803;21362;51182209;11017073;5816;0;4
FR;0;2021-12-07;23567;91192;645562;1774;28516;706565;416;0;0;52636192;46698065;11035365;23136;51210725;11723638;6232;0;4
FR;0;2021-12-08;25522;91871;591809;1875;34940;647677;440;0;0;52661714;46789936;11627174;25011;51245665;12371315;6672;0;4
FR;0;2021-12-09;24085;94055;663332;2180;28986;726794;461;0;0;52685799;46883991;12290506;27191;51274651;13098109;7133;0;4
FR;0;2021-12-10;28080;110839;736205;2075;37954;806372;471;0;1;52713879;46994830;13026711;29266;51312605;13904481;7604;0;5
FR;0;2021-12-11;20254;76039;435246;990;29941;480467;343;0;0;52734133;47070869;13461957;30256;51342546;14384948;7947;0;5
FR;0;2021-12-12;5682;23108;142358;262;6385;159235;108;0;0;52739815;47093977;13604315;30518;51348931;14544183;8055;0;5
FR;0;2021-12-13;21370;90729;587837;1699;29671;649463;397;0;0;52761185;47184706;14192152;32217;51378602;15193646;8452;0;5
FR;0;2021-12-14;27990;118218;765793;2657;35419;847770;700;0;1;52789175;47302924;14957945;34874;51414021;16041416;9152;0;6
FR;0;2021-12-15;28454;114157;694518;2267;39513;769304;502;0;1;52817629;47417081;15652463;37141;51453534;16810720;9654;0;7
FR;0;2021-12-16;28058;115566;764243;2559;35092;844651;515;0;0;52845687;47532647;16416706;39700;51488626;17655371;10169;0;7
FR;0;2021-12-17;31666;128226;808025;2713;43335;892169;611;0;0;52877353;47660873;17224731;42413;51531961;18547540;10780;0;7
FR;0;2021-12-18;24944;81490;470055;1179;30049;522270;353;0;0;52902297;47742363;17694786;43592;51562010;19069810;11133;0;7
FR;0;2021-12-19;8770;28519;169447;376;7835;191064;143;0;0;52911067;47770882;17864233;43968;51569845;19260874;11276;0;7
FR;0;2021-12-20;31780;97044;591618;1789;33836;658834;501;0;0;52942847;47867926;18455851;45757;51603681;19919708;11777;0;7
FR;0;2021-12-21;39476;111859;682548;2391;38765;759684;605;0;0;52982323;47979785;19138399;48148;51642446;20679392;12382;0;7
FR;0;2021-12-22;39564;99134;575890;2169;37102;642208;687;0;2;53021887;48078919;19714289;50317;51679548;21321600;13069;0;9
FR;0;2021-12-23;33786;79345;441101;1659;30116;494441;589;0;0;53055673;48158264;20155390;51976;51709664;21816041;13658;0;9
FR;0;2021-12-24;10699;26017;111055;398;11639;126674;236;0;1;53066372;48184281;20266445;52374;51721303;21942715;13894;0;10
FR;0;2021-12-25;777;3570;7601;25;2046;9023;72;0;0;53067149;48187851;20274046;52399;51723349;21951738;13966;0;10
FR;0;2021-12-26;4698;11885;52119;142;4741;60165;170;0;0;53071847;48199736;20326165;52541;51728090;22011903;14136;0;10
FR;0;2021-12-27;30511;83932;453622;1364;33041;509271;665;0;0;53102358;48283668;20779787;53905;51761131;22521174;14801;0;10
FR;0;2021-12-28;38369;98805;564233;1769;35099;632325;1558;0;2;53140727;48382473;21344020;55674;51796230;23153499;16359;0;12
FR;0;2021-12-29;39881;88152;501281;1687;33097;561048;1738;0;1;53180608;48470625;21845301;57361;51829327;23714547;18097;0;13
FR;0;2021-12-30;35925;75054;421073;1520;29511;471167;1880;0;0;53216533;48545679;22266374;58881;51858838;24185714;19977;0;13
FR;0;2021-12-31;12051;25077;116894;405;11266;131681;740;0;0;53228584;48570756;22383268;59286;51870104;24317395;20717;0;13
FR;0;2022-01-01;1588;3216;8532;37;1803;9944;103;0;0;53230172;48573972;22391800;59323;51871907;24327339;20820;0;13
FR;0;2022-01-02;6122;13011;58437;126;5105;66973;408;0;0;53236294;48586983;22450237;59449;51877012;24394312;21228;0;13
FR;0;2022-01-03;39242;90154;494899;1597;36887;551786;2646;0;1;53275536;48677137;22945136;61046;51913899;24946098;23874;0;14
FR;0;2022-01-04;42205;111017;641467;2309;40661;714494;3836;0;3;53317741;48788154;23586603;63355;51954560;25660592;27710;0;17
FR;0;2022-01-05;61216;103593;569266;1984;43809;634301;3428;0;2;53378957;48891747;24155869;65339;51998369;26294893;31138;0;19
FR;0;2022-01-06;44310;110308;639052;2702;40230;711568;4557;0;2;53423267;49002055;24794921;68041;52038599;27006461;35695;0;21
FR;0;2022-01-07;50844;123301;711069;2811;46854;790560;4996;0;2;53474111;49125356;25505990;70852;52085453;27797021;40691;0;23
FR;0;2022-01-08;45014;80268;423838;1213;35051;472904;2444;0;3;53519125;49205624;25929828;72065;52120504;28269925;43135;0;26
FR;0;2022-01-09;15614;26602;128582;300;11491;145661;829;0;0;53534739;49232226;26058410;72365;52131995;28415586;43964;0;26
FR;0;2022-01-10;35412;93265;469391;1816;43028;522781;3722;0;1;53570151;49325491;26527801;74181;52175023;28938367;47686;0;27
FR;0;2022-01-11;41946;100447;548324;2310;42411;608573;5219;0;2;53612097;49425938;27076125;76491;52217434;29546940;52905;0;29
FR;0;2022-01-12;60419;95692;452743;1969;49489;504408;4497;0;8;53672516;49521630;27528868;78460;52266923;30051348;57402;0;37
FR;0;2022-01-13;38274;92516;487401;2084;40558;541079;5466;0;8;53710790;49614146;28016269;80544;52307481;30592427;62868;0;45
FR;0;2022-01-14;42586;103312;568664;2286;43514;629054;6467;0;2;53753376;49717458;28584933;82830;52350995;31221481;69335;0;47
FR;0;2022-01-15;39433;65890;340162;984;31459;377571;3294;0;1;53792809;49783348;28925095;83814;52382454;31599052;72629;0;48
FR;0;2022-01-16;11415;19198;87444;216;9018;99404;763;0;0;53804224;49802546;29012539;84030;52391472;31698456;73392;0;48
FR;0;2022-01-17;24754;59995;320321;1384;28051;354162;3961;0;4;53828978;49862541;29332860;85414;52419523;32052618;77353;0;52
FR;0;2022-01-18;28330;68687;361135;1801;32019;397582;5773;0;1;53857308;49931228;29693995;87215;52451542;32450200;83126;0;53
FR;0;2022-01-19;43230;67028;281334;1452;40399;311078;4392;0;5;53900538;49998256;29975329;88667;52491941;32761278;87518;0;58
FR;0;2022-01-20;23678;59594;299062;1750;29558;328534;5636;0;4;53924216;50057850;30274391;90417;52521499;33089812;93154;0;62
FR;0;2022-01-21;28209;68789;366407;2086;33087;401221;6579;0;3;53952425;50126639;30640798;92503;52554586;33491033;99733;0;65
FR;0;2022-01-22;27629;47972;218807;840;27306;241788;2838;0;2;53980054;50174611;30859605;93343;52581892;33732821;102571;0;67
FR;0;2022-01-23;6741;12968;48690;173;7504;55169;591;0;1;53986795;50187579;30908295;93516;52589396;33787990;103162;0;68
FR;0;2022-01-24;16283;47445;217350;1149;25404;239355;4102;0;3;54003078;50235024;31125645;94665;52614800;34027345;107264;0;71
FR;0;2022-01-25;19031;54325;243089;1548;28810;267094;6067;0;5;54022109;50289349;31368734;96213;52643610;34294439;113331;0;76
FR;0;2022-01-26;28147;60551;209310;1298;41368;229534;4479;0;3;54050256;50349900;31578044;97511;52684978;34523973;117810;0;79
FR;0;2022-01-27;16337;46474;207671;1285;26151;226048;5691;0;4;54066593;50396374;31785715;98796;52711129;34750021;123501;0;83
FR;0;2022-01-28;21592;78651;290083;1574;44970;321346;7411;0;4;54088185;50475025;32075798;100370;52756099;35071367;130912;0;87
FR;0;2022-01-29;18423;52851;184140;689;32750;204575;3256;0;2;54106608;50527876;32259938;101059;52788849;35275942;134168;0;89
FR;0;2022-01-30;4477;14468;39150;124;9135;45057;637;0;1;54111085;50542344;32299088;101183;52797984;35320999;134805;0;90
FR;0;2022-01-31;11260;43915;148218;742;26135;164728;4231;0;5;54122345;50586259;32447306;101925;52824119;35485727;139036;0;95
FR;0;2022-02-01;13641;48301;174140;1144;27333;191340;7040;0;1;54135986;50634560;32621446;103069;52851452;35677067;146076;0;96
FR;0;2022-02-02;20648;66296;171557;1034;46160;190081;5969;0;10;54156634;50700856;32793003;104103;52897612;35867148;152045;0;106
FR;0;2022-02-03;11699;44785;157582;990;25338;173290;6933;0;6;54168333;50745641;32950585;105093;52922950;36040438;158978;0;112
FR;0;2022-02-04;14645;67711;239262;1266;37337;264082;9155;0;6;54182978;50813352;33189847;106359;52960287;36304520;168133;0;118
FR;0;2022-02-05;12902;51446;153565;523;31981;172301;3784;0;3;54195880;50864798;33343412;106882;52992268;36476821;171917;0;121
FR;0;2022-02-06;2726;12167;28897;102;7287;33830;662;0;0;54198606;50876965;33372309;106984;52999555;36510651;172579;0;121
FR;0;2022-02-07;9611;46625;156904;594;24514;176309;5294;0;6;54208217;50923590;33529213;107578;53024069;36686960;177873;0;127
FR;0;2022-02-08;9812;43098;166657;869;20963;184452;7053;0;6;54218029;50966688;33695870;108447;53045032;36871412;184926;0;133
FR;0;2022-02-09;14374;58256;172358;876;35352;193068;5788;0;9;54232403;51024944;33868228;109323;53080384;37064480;190714;0;142
FR;0;2022-02-10;8722;39218;150243;880;18693;166722;6502;0;2;54241125;51064162;34018471;110203;53099077;37231202;197216;0;144
FR;0;2022-02-11;10861;55692;218517;1101;25834;243111;8322;0;3;54251986;51119854;34236988;111304;53124911;37474313;205538;0;147
FR;0;2022-02-12;8408;40970;134739;465;22636;151767;3509;0;4;54260394;51160824;34371727;111769;53147547;37626080;209047;0;151
FR;0;2022-02-13;1940;8604;26567;86;4410;30929;544;0;3;54262334;51169428;34398294;111855;53151957;37657009;209591;0;154
FR;0;2022-02-14;6994;35258;148387;486;14671;166383;4788;0;5;54269328;51204686;34546681;112341;53166628;37823392;214379;0;159
FR;0;2022-02-15;7067;36234;147002;751;16002;162588;6849;0;3;54276395;51240920;34693683;113092;53182630;37985980;221228;0;162
FR;0;2022-02-16;9415;42992;132544;721;25982;146764;5726;0;6;54285810;51283912;34826227;113813;53208612;38132744;226954;0;168
FR;0;2022-02-17;5579;24344;87314;587;13144;94889;5407;0;5;54291389;51308256;34913541;114400;53221756;38227633;232361;0;173
FR;0;2022-02-18;7001;33587;119671;807;18760;129335;7416;0;2;54298390;51341843;35033212;115207;53240516;38356968;239777;0;175
FR;0;2022-02-19;5370;24558;70027;370;15909;77337;3019;0;2;54303760;51366401;35103239;115577;53256425;38434305;242796;0;177
FR;0;2022-02-20;1148;4658;12175;39;2914;13955;460;0;1;54304908;51371059;35115414;115616;53259339;38448260;243256;0;178
FR;0;2022-02-21;4100;17895;61957;351;10173;67187;4059;0;2;54309008;51388954;35177371;115967;53269512;38515447;247315;0;180
FR;0;2022-02-22;4462;18663;60839;577;11264;64480;5255;0;1;54313470;51407617;35238210;116544;53280776;38579927;252570;0;181
FR;0;2022-02-23;6591;27362;66508;593;19629;71906;4596;0;3;54320061;51434979;35304718;117137;53300405;38651833;257166;0;184
FR;0;2022-02-24;3851;15561;50433;519;9520;53258;4530;0;2;54323912;51450540;35355151;117656;53309925;38705091;261696;0;186
FR;0;2022-02-25;5285;24245;76367;804;15220;80100;7335;0;7;54329197;51474785;35431518;118460;53325145;38785191;269031;0;193
FR;0;2022-02-26;3995;17770;47420;359;12172;51487;3083;0;3;54333192;51492555;35478938;118819;53337317;38836678;272114;0;196
FR;0;2022-02-27;881;3010;8039;47;1979;8948;531;0;0;54334073;51495565;35486977;118866;53339296;38845626;272645;0;196
FR;0;2022-02-28;3126;12557;40494;359;7592;42927;3858;0;0;54337199;51508122;35527471;119225;53346888;38888553;276503;0;196
FR;0;2022-03-01;4011;12611;44205;437;7637;44875;5520;0;6;54341210;51520733;35571676;119662;53354525;38933428;282023;0;202
FR;0;2022-03-02;5334;17801;47151;446;12860;49083;4929;0;2;54346544;51538534;35618827;120108;53367385;38982511;286952;0;204
FR;0;2022-03-03;2828;9356;29903;371;6254;30026;4050;0;2;54349372;51547890;35648730;120479;53373639;39012537;291002;0;206
FR;0;2022-03-04;3229;12503;40340;669;8501;39489;6235;0;4;54352601;51560393;35689070;121148;53382140;39052026;297237;0;210
FR;0;2022-03-05;3074;9288;24962;314;7130;25127;3134;0;1;54355675;51569681;35714032;121462;53389270;39077153;300371;0;211
FR;0;2022-03-06;521;1406;3198;43;1029;3441;379;0;0;54356196;51571087;35717230;121505;53390299;39080594;300750;0;211
FR;0;2022-03-07;2400;5635;18435;315;3851;17707;3307;0;4;54358596;51576722;35735665;121820;53394150;39098301;304057;0;215
FR;0;2022-03-08;2153;6080;19451;363;4334;17923;4094;0;3;54360749;51582802;35755116;122183;53398484;39116224;308151;0;218
FR;0;2022-03-09;3582;10501;22197;407;8729;21293;4040;0;4;54364331;51593303;35777313;122590;53407213;39137517;312191;0;222
FR;0;2022-03-10;1831;5839;17008;344;4386;15834;3407;0;3;54366162;51599142;35794321;122934;53411599;39153351;315598;0;225
FR;0;2022-03-11;2422;7560;24511;545;5439;22277;5481;0;2;54368584;51606702;35818832;123479;53417038;39175628;321079;0;227
FR;0;2022-03-12;2697;6778;17167;309;5496;16522;3136;0;2;54371281;51613480;35835999;123788;53422534;39192150;324215;0;229
FR;0;2022-03-13;406;791;2324;149;600;2273;537;0;0;54371687;51614271;35838323;123937;53423134;39194423;324752;0;229
FR;0;2022-03-14;1557;4274;14988;4412;2809;13842;7295;0;8;54373244;51618545;35853311;128349;53425943;39208265;332047;0;237
FR;0;2022-03-15;1750;6291;16385;7556;4809;14613;11035;0;9;54374994;51624836;35869696;135905;53430752;39222878;343082;0;246
FR;0;2022-03-16;3036;7411;19430;13140;6212;18108;16296;0;8;54378030;51632247;35889126;149045;53436964;39240986;359378;0;254
FR;0;2022-03-17;1460;3987;13155;10846;2807;11995;13314;0;9;54379490;51636234;35902281;159891;53439771;39252981;372692;0;263
FR;0;2022-03-18;2269;5757;20017;18306;4099;18112;22039;0;15;54381759;51641991;35922298;178197;53443870;39271093;394731;0;278
FR;0;2022-03-19;2294;4804;13116;9406;4142;12419;11409;0;6;54384053;51646795;35935414;187603;53448012;39283512;406140;0;284
FR;0;2022-03-20;301;736;1919;1073;528;1931;1340;0;2;54384354;51647531;35937333;188676;53448540;39285443;407480;0;286
FR;0;2022-03-21;1394;3220;12733;14951;2156;11957;16910;0;11;54385748;51650751;35950066;203627;53450696;39297400;424390;0;297
FR;0;2022-03-22;1557;3739;13803;20553;2578;12558;22845;0;5;54387305;51654490;35963869;224180;53453274;39309958;447235;0;302
FR;0;2022-03-23;2688;6291;17733;23151;5223;17245;25267;0;40;54389993;51660781;35981602;247331;53458497;39327203;472502;0;342
FR;0;2022-03-24;1409;3159;11597;17619;2247;10682;19394;0;23;54391402;51663940;35993199;264950;53460744;39337885;491896;0;365
FR;0;2022-03-25;2085;5158;18578;27775;3688;16916;30809;0;31;54393487;51669098;36011777;292725;53464432;39354801;522705;0;396
FR;0;2022-03-26;2232;4416;12080;12678;3866;11520;14400;0;26;54395719;51673514;36023857;305403;53468298;39366321;537105;0;422
FR;0;2022-03-27;363;693;1909;1483;516;1943;1740;0;1;54396082;51674207;36025766;306886;53468814;39368264;538845;0;423
FR;0;2022-03-28;1464;3081;11131;17490;2118;10620;19069;0;16;54397546;51677288;36036897;324376;53470932;39378884;557914;0;439
FR;0;2022-03-29;1454;3277;12912;27585;2094;12054;29284;0;34;54399000;51680565;36049809;351961;53473026;39390938;587198;0;473
FR;0;2022-03-30;2854;5523;15686;27430;4707;15086;29336;0;21;54401854;51686088;36065495;379391;53477733;39406024;616534;0;494
FR;0;2022-03-31;1615;3568;12990;25025;2552;12331;26634;0;43;54403469;51689656;36078485;404416;53480285;39418355;643168;0;537
FR;0;2022-04-01;2683;4587;20080;30897;2971;18722;33490;0;61;54406152;51694243;36098565;435313;53483256;39437077;676658;0;598
FR;0;2022-04-02;1532;2647;9054;10133;2009;8726;11296;0;29;54407684;51696890;36107619;445446;53485265;39445803;687954;0;627
FR;0;2022-04-03;293;516;1562;1171;360;1580;1382;0;2;54407977;51697406;36109181;446617;53485625;39447383;689336;0;629
FR;0;2022-04-04;3921;2971;12380;19129;1990;11590;20600;0;35;54411898;51700377;36121561;465746;53487615;39458973;709936;0;664
FR;0;2022-04-05;2591;3169;14346;34142;2047;13200;35759;0;85;54414489;51703546;36135907;499888;53489662;39472173;745695;0;749
FR;0;2022-04-06;2606;3961;13542;26509;3026;12816;27979;0;72;54417095;51707507;36149449;526397;53492688;39484989;773674;0;821
FR;0;2022-04-07;1988;3148;13682;33795;1997;12893;35152;0;76;54419083;51710655;36163131;560192;53494685;39497882;808826;0;897
FR;0;2022-04-08;2310;4337;19232;44014;2670;17855;46367;0;89;54421393;51714992;36182363;604206;53497355;39515737;855193;0;986
FR;0;2022-04-09;1373;2680;9314;13567;1901;8868;14800;0;30;54422766;51717672;36191677;617773;53499256;39524605;869993;0;1016
FR;0;2022-04-10;295;754;1984;2017;552;2006;2279;0;7;54423061;51718426;36193661;619790;53499808;39526611;872272;0;1023
FR;0;2022-04-11;1348;2620;11874;23916;1637;11484;25187;0;74;54424409;51721046;36205535;643706;53501445;39538095;897459;0;1097
FR;0;2022-04-12;1727;3077;14022;40927;1960;13395;41816;0;127;54426136;51724123;36219557;684633;53503405;39551490;939275;0;1224
FR;0;2022-04-13;1978;3721;13415;33118;2719;13036;34087;0;96;54428114;51727844;36232972;717751;53506124;39564526;973362;0;1320
FR;0;2022-04-14;1501;2982;13215;36345;1910;13073;37014;0;105;54429615;51730826;36246187;754096;53508034;39577599;1010376;0;1425
FR;0;2022-04-15;1872;3811;15644;35583;2555;14923;37235;0;115;54431487;51734637;36261831;789679;53510589;39592522;1047611;0;1540
FR;0;2022-04-16;1044;1834;6400;8553;1263;6263;9435;0;40;54432531;51736471;36268231;798232;53511852;39598785;1057046;0;1580
FR;0;2022-04-17;195;339;993;1174;223;1036;1242;0;7;54432726;51736810;36269224;799406;53512075;39599821;1058288;0;1587
FR;0;2022-04-18;199;543;2768;1072;342;2787;1287;0;5;54432925;51737353;36271992;800478;53512417;39602608;1059575;0;1592
FR;0;2022-04-19;1545;3029;12919;29690;1876;12478;30738;0;78;54434470;51740382;36284911;830168;53514293;39615086;1090313;0;1670
FR;0;2022-04-20;2003;3492;13306;29068;2606;12994;30084;0;96;54436473;51743874;36298217;859236;53516899;39628080;1120397;0;1766
FR;0;2022-04-21;1515;2852;12552;35210;1823;12645;35783;0;117;54437988;51746726;36310769;894446;53518722;39640725;1156180;0;1883
FR;0;2022-04-22;1879;3624;16479;37623;2400;15838;39162;0;131;54439867;51750350;36327248;932069;53521122;39656563;1195342;0;2014
FR;0;2022-04-23;1151;2064;7390;10659;1473;7241;11444;0;38;54441018;51752414;36334638;942728;53522595;39663804;1206786;0;2052
FR;0;2022-04-24;250;466;1476;1591;325;1413;1848;0;7;54441268;51752880;36336114;944319;53522920;39665217;1208634;0;2059
FR;0;2022-04-25;1308;2533;10686;21071;1612;10491;22093;0;79;54442576;51755413;36346800;965390;53524532;39675708;1230727;0;2138
FR;0;2022-04-26;1627;3005;13667;38656;1965;13111;39452;0;181;54444203;51758418;36360467;1004046;53526497;39688819;1270179;0;2319
FR;0;2022-04-27;1964;3064;11539;31070;2278;11596;31489;0;130;54446167;51761482;36372006;1035116;53528775;39700415;1301668;0;2449
FR;0;2022-04-28;1570;2774;12527;36249;1856;12270;36564;0;139;54447737;51764256;36384533;1071365;53530631;39712685;1338232;0;2588
FR;0;2022-04-29;2009;4825;15560;37281;3630;14936;38752;0;164;54449746;51769081;36400093;1108646;53534261;39727621;1376984;0;2752
FR;0;2022-04-30;1223;4145;6927;9717;3640;6756;10608;0;44;54450969;51773226;36407020;1118363;53537901;39734377;1387592;0;2796
FR;0;2022-05-01;219;325;916;1000;229;911;1141;0;6;54451188;51773551;36407936;1119363;53538130;39735288;1388733;0;2802
FR;0;2022-05-02;2315;2953;11154;18176;2049;10987;19021;0;69;54453503;51776504;36419090;1137539;53540179;39746275;1407754;0;2871
FR;0;2022-05-03;2059;3268;13725;34700;2130;13566;35621;0;163;54455562;51779772;36432815;1172239;53542309;39759841;1443375;0;3034
FR;0;2022-05-04;1921;3298;12186;25647;2298;12303;26198;0;110;54457483;51783070;36445001;1197886;53544607;39772144;1469573;0;3144
FR;0;2022-05-05;1788;3032;13070;33600;2010;12916;34268;0;180;54459271;51786102;36458071;1231486;53546617;39785060;1503841;0;3324
FR;0;2022-05-06;2216;3660;15353;36807;2319;14863;38269;0;182;54461487;51789762;36473424;1268293;53548936;39799923;1542110;0;3506
FR;0;2022-05-07;1210;1782;6464;9614;1255;6455;10339;0;48;54462697;51791544;36479888;1277907;53550191;39806378;1552449;0;3554
FR;0;2022-05-08;267;400;1175;1548;288;1236;1654;0;8;54462964;51791944;36481063;1279455;53550479;39807614;1554103;0;3562
FR;0;2022-05-09;1399;2304;9926;20259;1411;9796;21176;0;102;54464363;51794248;36490989;1299714;53551890;39817410;1575279;0;3664
FR;0;2022-05-10;1796;3427;13576;38999;2291;13132;40026;0;200;54466159;51797675;36504565;1338713;53554181;39830542;1615305;0;3864
FR;0;2022-05-11;2004;3016;10751;27937;2320;10697;28444;0;146;54468163;51800691;36515316;1366650;53556501;39841239;1643749;0;4010
FR;0;2022-05-12;1594;2741;11379;35736;1811;11051;36498;0;211;54469757;51803432;36526695;1402386;53558312;39852290;1680247;0;4221
FR;0;2022-05-13;1982;3221;13761;37980;2063;13350;39245;0;162;54471739;51806653;36540456;1440366;53560375;39865640;1719492;0;4383
FR;0;2022-05-14;1149;1641;5938;10778;1198;5801;11366;0;57;54472888;51808294;36546394;1451144;53561573;39871441;1730858;0;4440
FR;0;2022-05-15;283;477;1278;1440;300;1361;1593;0;6;54473171;51808771;36547672;1452584;53561873;39872802;1732451;0;4446
FR;0;2022-05-16;1195;2047;8692;21069;1248;8698;21597;0;128;54474366;51810818;36556364;1473653;53563121;39881500;1754048;0;4574
FR;0;2022-05-17;1590;2603;11824;37879;1668;11401;38720;0;180;54475956;51813421;36568188;1511532;53564789;39892901;1792768;0;4754
FR;0;2022-05-18;1816;2653;9692;27163;1955;9666;27781;0;109;54477772;51816074;36577880;1538695;53566744;39902567;1820549;0;4863
FR;0;2022-05-19;1448;2659;10576;35840;1632;10717;36029;0;162;54479220;51818733;36588456;1574535;53568376;39913284;1856578;0;5025
FR;0;2022-05-20;1875;3117;13423;39370;2077;12912;40388;0;168;54481095;51821850;36601879;1613905;53570453;39926196;1896966;0;5193
FR;0;2022-05-21;1159;1715;5662;9897;1310;5533;10534;0;45;54482254;51823565;36607541;1623802;53571763;39931729;1907500;0;5238
FR;0;2022-05-22;241;341;1029;1439;263;1015;1583;0;10;54482495;51823906;36608570;1625241;53572026;39932744;1909083;0;5248
FR;0;2022-05-23;1176;2123;8878;20350;1406;8827;21005;0;86;54483671;51826029;36617448;1645591;53573432;39941571;1930088;0;5334
FR;0;2022-05-24;1541;2760;11366;38881;1737;11238;39510;0;190;54485212;51828789;36628814;1684472;53575169;39952809;1969598;0;5524
FR;0;2022-05-25;1814;2835;9342;24846;2074;9480;25322;0;116;54487026;51831624;36638156;1709318;53577243;39962289;1994920;0;5640
FR;0;2022-05-26;216;430;1666;1201;293;1676;1345;0;26;54487242;51832054;36639822;1710519;53577536;39963965;1996265;0;5666
FR;0;2022-05-27;1387;2473;9265;21291;1666;9005;22325;0;94;54488629;51834527;36649087;1731810;53579202;39972970;2018590;0;5760
FR;0;2022-05-28;669;1271;3918;6793;851;3967;7202;0;38;54489298;51835798;36653005;1738603;53580053;39976937;2025792;0;5798
FR;0;2022-05-29;157;315;752;921;200;773;1033;0;4;54489455;51836113;36653757;1739524;53580253;39977710;2026825;0;5802
FR;0;2022-05-30;1025;1966;6994;19296;1247;7011;19808;0;91;54490480;51838079;36660751;1758820;53581500;39984721;2046633;0;5893
FR;0;2022-05-31;1488;2518;9822;35663;1649;9644;36295;0;171;54491968;51840597;36670573;1794483;53583149;39994365;2082928;0;6064
FR;0;2022-06-01;1746;3103;11029;24537;2248;10896;25490;0;122;54493714;51843700;36681602;1819020;53585397;40005261;2108418;0;6186
FR;0;2022-06-02;1478;2615;11303;35570;1715;10859;36515;0;174;54495192;51846315;36692905;1854590;53587112;40016120;2144933;0;6360
FR;0;2022-06-03;1726;3079;13423;38727;2048;12788;39997;0;176;54496918;51849394;36706328;1893317;53589160;40028908;2184930;0;6536
FR;0;2022-06-04;974;1516;5046;9112;1076;5117;9648;0;73;54497892;51850910;36711374;1902429;53590236;40034025;2194578;0;6609
FR;0;2022-06-05;180;335;875;1107;205;886;1229;0;4;54498072;51851245;36712249;1903536;53590441;40034911;2195807;0;6613
FR;0;2022-06-06;796;1243;2121;1329;1069;2137;1509;0;13;54498868;51852488;36714370;1904865;53591510;40037048;2197316;0;6626
FR;0;2022-06-07;1492;2711;9853;35587;1789;9431;36814;0;153;54500360;51855199;36724223;1940452;53593299;40046479;2234130;0;6779
FR;0;2022-06-08;1580;2695;9168;28787;1940;9011;29752;0;112;54501940;51857894;36733391;1969239;53595239;40055490;2263882;0;6891
FR;0;2022-06-09;1295;2439;10621;39498;1553;10265;40273;0;167;54503235;51860333;36744012;2008737;53596792;40065755;2304155;0;7058
FR;0;2022-06-10;1630;3185;13096;44827;2153;12658;46152;0;223;54504865;51863518;36757108;2053564;53598945;40078413;2350307;0;7281
FR;0;2022-06-11;962;1739;5435;11626;1125;5468;12211;0;55;54505827;51865257;36762543;2065190;53600070;40083881;2362518;0;7336
FR;0;2022-06-12;199;445;1077;1765;255;1140;1866;0;11;54506026;51865702;36763620;2066955;53600325;40085021;2364384;0;7347
FR;0;2022-06-13;1118;2068;7440;23183;1342;7270;24099;0;90;54507144;51867770;36771060;2090138;53601667;40092291;2388483;0;7437
FR;0;2022-06-14;1344;2546;10449;44946;1595;9805;46142;0;200;54508488;51870316;36781509;2135084;53603262;40102096;2434625;0;7637
FR;0;2022-06-15;1524;2459;9323;30904;1927;8963;31593;0;178;54510012;51872775;36790832;2165988;53605189;40111059;2466218;0;7815
FR;0;2022-06-16;1187;2041;9915;39930;1276;9325;40951;0;201;54511199;51874816;36800747;2205918;53606465;40120384;2507169;0;8016
FR;0;2022-06-17;1490;2859;12509;46699;1785;11916;47935;0;240;54512689;51877675;36813256;2252617;53608250;40132300;2555104;0;8256
FR;0;2022-06-18;856;1527;4565;11125;1038;4500;11719;0;67;54513545;51879202;36817821;2263742;53609288;40136800;2566823;0;8323
FR;0;2022-06-19;183;363;1059;1615;208;1131;1701;0;14;54513728;51879565;36818880;2265357;53609496;40137931;2568524;0;8337
FR;0;2022-06-20;1025;1923;8909;26079;1197;8570;27020;0;154;54514753;51881488;36827789;2291436;53610693;40146501;2595544;0;8491
FR;0;2022-06-21;1326;2401;10311;49897;1536;9339;51282;0;264;54516079;51883889;36838100;2341333;53612229;40155840;2646826;0;8755
FR;0;2022-06-22;1396;2514;8918;39062;1803;8427;40005;0;256;54517475;51886403;36847018;2380395;53614032;40164267;2686831;0;9011
FR;0;2022-06-23;1229;2368;10677;55106;1365;9883;56238;0;320;54518704;51888771;36857695;2435501;53615397;40174150;2743069;0;9331
FR;0;2022-06-24;1493;2996;13643;69187;1752;12305;71005;0;405;54520197;51891767;36871338;2504688;53617149;40186455;2814074;0;9736
FR;0;2022-06-25;939;1781;6235;19921;1112;5988;20776;0;177;54521136;51893548;36877573;2524609;53618261;40192443;2834850;0;9913
FR;0;2022-06-26;229;459;1952;3688;259;1817;3966;0;39;54521365;51894007;36879525;2528297;53618520;40194260;2838816;0;9952
FR;0;2022-06-27;1132;2024;10493;48488;1176;9636;49756;0;339;54522497;51896031;36890018;2576785;53619696;40203896;2888572;0;10291
FR;0;2022-06-28;1463;2816;14667;91389;1584;13088;93158;0;623;54523960;51898847;36904685;2668174;53621280;40216984;2981730;0;10914
FR;0;2022-06-29;1712;2830;12291;71892;1843;11239;73034;0;548;54525672;51901677;36916976;2740066;53623123;40228223;3054764;0;11462
FR;0;2022-06-30;1534;2729;14395;95169;1651;12475;97184;0;724;54527206;51904406;36931371;2835235;53624774;40240698;3151948;0;12186
FR;0;2022-07-01;2013;3802;21497;115929;2305;18852;118575;0;954;54529219;51908208;36952868;2951164;53627079;40259550;3270523;0;13140
FR;0;2022-07-02;1088;1859;8525;35754;1108;7702;36875;0;342;54530307;51910067;36961393;2986918;53628187;40267252;3307398;0;13482
FR;0;2022-07-03;292;539;2094;6455;318;1897;6804;0;79;54530599;51910606;36963487;2993373;53628505;40269149;3314202;0;13561
FR;0;2022-07-04;1838;3457;14712;79227;2317;12992;81300;0;639;54532437;51914063;36978199;3072600;53630822;40282141;3395502;0;14200
FR;0;2022-07-05;1768;3167;18835;133259;1798;16018;135551;0;1145;54534205;51917230;36997034;3205859;53632620;40298159;3531053;0;15345
FR;0;2022-07-06;1832;2783;15853;99599;1844;13645;101167;0;900;54536037;51920013;37012887;3305458;53634464;40311804;3632220;0;16245
FR;0;2022-07-07;1710;2872;18004;126038;1713;14784;128364;0;1179;54537747;51922885;37030891;3431496;53636177;40326588;3760584;0;17424
FR;0;2022-07-08;1892;3152;20752;137086;1854;16765;140079;0;1347;54539639;51926037;37051643;3568582;53638031;40343353;3900663;0;18771
FR;0;2022-07-09;867;1463;7742;37926;884;6687;38770;0;426;54540506;51927500;37059385;3606508;53638915;40350040;3939433;0;19197
FR;0;2022-07-10;267;681;2346;7004;435;2125;7395;0;94;54540773;51928181;37061731;3613512;53639350;40352165;3946828;0;19291
FR;0;2022-07-11;1452;2475;15018;88284;1399;12511;90472;0;801;54542225;51930656;37076749;3701796;53640749;40364676;4037300;0;20092
FR;0;2022-07-12;1837;3115;20535;143972;1711;16731;146675;0;1604;54544062;51933771;37097284;3845768;53642460;40381407;4183975;0;21696
FR;0;2022-07-13;1772;2750;15695;94541;1660;13277;96400;0;1080;54545834;51936521;37112979;3940309;53644120;40394684;4280375;0;22776
FR;0;2022-07-14;184;370;1955;5539;220;1834;5706;0;82;54546018;51936891;37114934;3945848;53644340;40396518;4286081;0;22858
FR;0;2022-07-15;1485;2573;15114;84462;1438;12597;86621;0;1035;54547503;51939464;37130048;4030310;53645778;40409115;4372702;0;23893
FR;0;2022-07-16;625;1192;5948;24982;698;5155;25673;0;327;54548128;51940656;37135996;4055292;53646476;40414270;4398375;0;24220
FR;0;2022-07-17;182;394;1738;4665;218;1569;4937;0;66;54548310;51941050;37137734;4059957;53646694;40415839;4403312;0;24286
FR;0;2022-07-18;1130;2249;11829;61807;1338;9977;63672;0;780;54549440;51943299;37149563;4121764;53648032;40425816;4466984;0;25066
FR;0;2022-07-19;1418;2351;15471;103702;1391;12293;105889;0;1459;54550858;51945650;37165034;4225466;53649423;40438109;4572873;0;26525
FR;0;2022-07-20;1426;2297;12966;77583;1467;10738;79172;0;1051;54552284;51947947;37178000;4303049;53650890;40448847;4652045;0;27576
FR;0;2022-07-21;1285;2169;13094;88239;1369;10496;89724;0;1316;54553569;51950116;37191094;4391288;53652259;40459343;4741769;0;28892
FR;0;2022-07-22;1429;2480;14821;89532;1461;11970;91411;0;1347;54554998;51952596;37205915;4480820;53653720;40471313;4833180;0;30239
FR;0;2022-07-23;683;1310;5534;22481;821;4857;23079;0;411;54555681;51953906;37211449;4503301;53654541;40476170;4856259;0;30650
FR;0;2022-07-24;185;352;1398;3904;203;1241;4130;0;72;54555866;51954258;37212847;4507205;53654744;40477411;4860389;0;30722
FR;0;2022-07-25;1060;1794;9492;48073;1146;7842;49513;0;737;54556926;51956052;37222339;4555278;53655890;40485253;4909902;0;31459
FR;0;2022-07-26;1296;2211;13305;85433;1319;10829;87129;0;1311;54558222;51958263;37235644;4640711;53657209;40496082;4997031;0;32770
FR;0;2022-07-27;1225;2007;10236;61318;1338;8531;62522;0;971;54559447;51960270;37245880;4702029;53658547;40504613;5059553;0;33741
FR;0;2022-07-28;1091;1862;10310;64399;1257;8219;65631;0;1046;54560538;51962132;37256190;4766428;53659804;40512832;5125184;0;34787
FR;0;2022-07-29;1283;2078;11008;65895;1387;8763;67325;0;1140;54561821;51964210;37267198;4832323;53661191;40521595;5192509;0;35927
FR;0;2022-07-30;501;865;3523;15283;603;2973;15666;0;303;54562322;51965075;37270721;4847606;53661794;40524568;5208175;0;36230
FR;0;2022-07-31;154;288;929;2439;184;788;2588;0;49;54562476;51965363;37271650;4850045;53661978;40525356;5210763;0;36279
FR;0;2022-08-01;916;1642;7595;30236;1236;6395;31308;0;549;54563392;51967005;37279245;4880281;53663214;40531751;5242071;0;36828
FR;0;2022-08-02;1039;1648;8579;56118;1152;6893;56806;0;1170;54564431;51968653;37287824;4936399;53664366;40538644;5298877;0;37998
FR;0;2022-08-03;843;1264;6424;38679;901;5145;39417;0;701;54565274;51969917;37294248;4975078;53665267;40543789;5338294;0;38699
FR;0;2022-08-04;738;1185;6569;43157;781;5302;43721;0;917;54566012;51971102;37300817;5018235;53666048;40549091;5382015;0;39616
FR;0;2022-08-05;854;1361;7097;44964;968;5677;45625;0;993;54566866;51972463;37307914;5063199;53667016;40554768;5427640;0;40609
FR;0;2022-08-06;340;555;2101;9367;396;1759;9567;0;228;54567206;51973018;37310015;5072566;53667412;40556527;5437207;0;40837
FR;0;2022-08-07;104;157;536;1625;114;453;1702;0;38;54567310;51973175;37310551;5074191;53667526;40556980;5438909;0;40875
FR;0;2022-08-08;606;1136;4027;22108;891;3290;22542;0;490;54567916;51974311;37314578;5096299;53668417;40560270;5461451;0;41365
FR;0;2022-08-09;710;1164;5973;39954;849;4804;40445;0;844;54568626;51975475;37320551;5136253;53669266;40565074;5501896;0;42209
FR;0;2022-08-10;649;1249;4656;28056;964;3797;28390;0;652;54569275;51976724;37325207;5164309;53670230;40568871;5530286;0;42861
FR;0;2022-08-11;626;1027;4489;29247;739;3709;29583;0;676;54569901;51977751;37329696;5193556;53670969;40572580;5559869;0;43537
FR;0;2022-08-12;759;1159;4747;28213;842;3918;28650;0;704;54570660;51978910;37334443;5221769;53671811;40576498;5588519;0;44241
FR;0;2022-08-13;265;424;1295;5257;322;1119;5416;0;121;54570925;51979334;37335738;5227026;53672133;40577617;5593935;0;44362
FR;0;2022-08-14;72;121;289;923;103;247;995;0;25;54570997;51979455;37336027;5227949;53672236;40577864;5594930;0;44387
FR;0;2022-08-15;99;208;608;564;174;556;618;0;19;54571096;51979663;37336635;5228513;53672410;40578420;5595548;0;44406
FR;0;2022-08-16;630;1075;3958;22175;836;3353;22367;0;615;54571726;51980738;37340593;5250688;53673246;40581773;5617915;0;45021
FR;0;2022-08-17;641;1033;3889;22897;810;3293;23142;0;620;54572367;51981771;37344482;5273585;53674056;40585066;5641057;0;45641
FR;0;2022-08-18;622;991;4121;26297;794;3258;26530;0;673;54572989;51982762;37348603;5299882;53674850;40588324;5667587;0;46314
FR;0;2022-08-19;603;1165;4493;27256;872;3694;27562;0;766;54573592;51983927;37353096;5327138;53675722;40592018;5695149;0;47080
FR;0;2022-08-20;296;500;1355;5569;396;1170;5728;0;146;54573888;51984427;37354451;5332707;53676118;40593188;5700877;0;47226
FR;0;2022-08-21;97;134;305;1008;95;267;1043;0;27;54573985;51984561;37354756;5333715;53676213;40593455;5701920;0;47253
FR;0;2022-08-22;576;1000;3273;15355;777;2797;15685;0;425;54574561;51985561;37358029;5349070;53676990;40596252;5717605;0;47678
FR;0;2022-08-23;726;1178;4297;29000;851;3611;29086;0;870;54575287;51986739;37362326;5378070;53677841;40599863;5746691;0;48548
FR;0;2022-08-24;660;936;3496;19538;781;2859;19727;0;608;54575947;51987675;37365822;5397608;53678622;40602722;5766418;0;49156
FR;0;2022-08-25;625;1017;3943;23402;726;3291;23666;0;673;54576572;51988692;37369765;5421010;53679348;40606013;5790084;0;49829
FR;0;2022-08-26;852;1264;4477;25883;956;3670;26256;0;777;54577424;51989956;37374242;5446893;53680304;40609683;5816340;0;50606
FR;0;2022-08-27;295;499;1379;5464;360;1245;5528;0;194;54577719;51990455;37375621;5452357;53680664;40610928;5821868;0;50800
FR;0;2022-08-28;123;161;303;920;115;288;965;0;38;54577842;51990616;37375924;5453277;53680779;40611216;5822833;0;50838
FR;0;2022-08-29;619;965;3073;14656;765;2610;14962;0;433;54578461;51991581;37378997;5467933;53681544;40613826;5837795;0;51271
FR;0;2022-08-30;850;1218;4796;28543;894;3913;28873;0;823;54579311;51992799;37383793;5496476;53682438;40617739;5866668;0;52094
FR;0;2022-08-31;695;954;3205;17638;739;2716;17902;0;508;54580006;51993753;37386998;5514114;53683177;40620455;5884570;0;52602
FR;0;2022-09-01;738;991;4479;22485;704;3825;22759;0;623;54580744;51994744;37391477;5536599;53683881;40624280;5907329;0;53225
FR;0;2022-09-02;874;1148;5041;28611;833;4253;28905;0;914;54581618;51995892;37396518;5565210;53684714;40628533;5936234;0;54139
FR;0;2022-09-03;417;566;1918;6085;421;1664;6322;0;181;54582035;51996458;37398436;5571295;53685135;40630197;5942556;0;54320
FR;0;2022-09-04;133;150;351;873;85;347;942;0;24;54582168;51996608;37398787;5572168;53685220;40630544;5943498;0;54344
FR;0;2022-09-05;667;798;3168;16064;619;2648;16377;0;523;54582835;51997406;37401955;5588232;53685839;40633192;5959875;0;54867
FR;0;2022-09-06;812;1037;4737;31851;668;3869;32080;0;1040;54583647;51998443;37406692;5620083;53686507;40637061;5991955;0;55907
FR;0;2022-09-07;655;778;2997;16821;558;2477;16970;0;572;54584302;51999221;37409689;5636904;53687065;40639538;6008925;0;56479
FR;0;2022-09-08;623;856;3808;24862;590;3140;24953;0;818;54584925;52000077;37413497;5661766;53687655;40642678;6033878;0;57297
FR;0;2022-09-09;840;1019;4441;27652;661;3680;27829;0;948;54585765;52001096;37417938;5689418;53688316;40646358;6061707;0;58245
FR;0;2022-09-10;393;590;1734;5709;415;1536;5913;0;208;54586158;52001686;37419672;5695127;53688731;40647894;6067620;0;58453
FR;0;2022-09-11;124;131;323;656;93;306;715;0;17;54586282;52001817;37419995;5695783;53688824;40648200;6068335;0;58470
FR;0;2022-09-12;496;639;2687;13290;456;2292;13583;0;478;54586778;52002456;37422682;5709073;53689280;40650492;6081918;0;58948
FR;0;2022-09-13;626;861;3996;26512;549;3486;26392;0;875;54587404;52003317;37426678;5735585;53689829;40653978;6108310;0;59823
FR;0;2022-09-14;659;786;2965;16181;578;2481;16414;0;573;54588063;52004103;37429643;5751766;53690407;40656459;6124724;0;60396
FR;0;2022-09-15;565;807;3471;23584;559;2961;23652;0;727;54588628;52004910;37433114;5775350;53690966;40659420;6148376;0;61123
FR;0;2022-09-16;792;1042;4143;25909;726;3486;26131;0;932;54589420;52005952;37437257;5801259;53691692;40662906;6174507;0;62055
FR;0;2022-09-17;388;504;1452;6145;382;1282;6237;0;242;54589808;52006456;37438709;5807404;53692074;40664188;6180744;0;62297
FR;0;2022-09-18;117;142;323;961;121;291;1016;0;36;54589925;52006598;37439032;5808365;53692195;40664479;6181760;0;62333
FR;0;2022-09-19;449;644;2258;13210;446;1933;13392;0;436;54590374;52007242;37441290;5821575;53692641;40666412;6195152;0;62769
FR;0;2022-09-20;642;875;3782;26461;629;3150;26515;0;892;54591016;52008117;37445072;5848036;53693270;40669562;6221667;0;63661
FR;0;2022-09-21;579;769;2738;16258;573;2354;16249;0;586;54591595;52008886;37447810;5864294;53693843;40671916;6237916;0;64247
FR;0;2022-09-22;588;839;3420;23587;563;2792;23813;0;772;54592183;52009725;37451230;5887881;53694406;40674708;6261729;0;65019
FR;0;2022-09-23;835;1049;4494;28714;768;3762;28886;0;1020;54593018;52010774;37455724;5916595;53695174;40678470;6290615;0;66039
FR;0;2022-09-24;423;612;1644;6894;470;1418;7078;0;306;54593441;52011386;37457368;5923489;53695644;40679888;6297693;0;66345
FR;0;2022-09-25;99;192;335;1100;146;306;1142;0;37;54593540;52011578;37457703;5924589;53695790;40680194;6298835;0;66382
FR;0;2022-09-26;438;709;2298;13540;478;2018;13645;0;435;54593978;52012287;37460001;5938129;53696268;40682212;6312480;0;66817
FR;0;2022-09-27;611;844;3627;25942;614;2910;26097;0;959;54594589;52013131;37463628;5964071;53696882;40685122;6338577;0;67776
FR;0;2022-09-28;630;823;2555;15397;630;2303;15510;0;622;54595219;52013954;37466183;5979468;53697512;40687425;6354087;0;68398
FR;0;2022-09-29;564;762;3121;21046;539;2635;21073;43;810;54595783;52014716;37469304;6000514;53698051;40690060;6375160;43;69208
FR;0;2022-09-30;780;1105;3953;25561;821;3300;25827;713;1052;54596563;52015821;37473257;6026075;53698872;40693360;6400987;756;70260
FR;0;2022-10-01;428;616;2007;5972;463;1736;6210;396;318;54596991;52016437;37475264;6032047;53699335;40695096;6407197;1152;70578
FR;0;2022-10-02;60;136;218;639;97;215;665;66;42;54597051;52016573;37475482;6032686;53699432;40695311;6407862;1218;70620
FR;0;2022-10-03;496;781;2459;12051;614;2184;12229;2074;745;54597547;52017354;37477941;6044737;53700046;40697495;6420091;3292;71365
FR;0;2022-10-04;629;808;3390;23506;553;2781;23683;4702;1583;54598176;52018162;37481331;6068243;53700599;40700276;6443774;7994;72948
FR;0;2022-10-05;550;816;2443;14605;593;2158;14746;3655;1210;54598726;52018978;37483774;6082848;53701192;40702434;6458520;11649;74158
FR;0;2022-10-06;538;713;3086;21687;515;2518;21898;6668;1907;54599264;52019691;37486860;6104535;53701707;40704952;6480418;18317;76065
FR;0;2022-10-07;725;982;4127;30306;711;3475;30395;16873;3204;54599989;52020673;37490987;6134841;53702418;40708427;6510813;35190;79269
FR;0;2022-10-08;349;516;1649;8431;378;1408;8600;6699;1170;54600338;52021189;37492636;6143272;53702796;40709835;6519413;41889;80439
FR;0;2022-10-09;109;137;336;1587;111;311;1650;1511;297;54600447;52021326;37492972;6144859;53702907;40710146;6521063;43400;80736
FR;0;2022-10-10;481;741;2924;20529;557;2506;20859;19557;3270;54600928;52022067;37495896;6165388;53703464;40712652;6541922;62957;84006
FR;0;2022-10-11;577;800;4264;40316;542;3566;40659;40156;6380;54601505;52022867;37500160;6205704;53704006;40716218;6582581;103113;90386
FR;0;2022-10-12;574;827;3258;26721;612;2764;27049;27300;4689;54602079;52023694;37503418;6232425;53704618;40718982;6609630;130413;95075
FR;0;2022-10-13;611;778;4005;38441;568;3130;38898;40597;6606;54602690;52024472;37507423;6270866;53705186;40722112;6648528;171010;101681
FR;0;2022-10-14;754;1051;4867;47663;763;3952;48137;51128;7861;54603444;52025523;37512290;6318529;53705949;40726064;6696665;222138;109542
FR;0;2022-10-15;357;528;1865;11849;367;1626;11964;13089;2274;54603801;52026051;37514155;6330378;53706316;40727690;6708629;235227;111816
FR;0;2022-10-16;92;130;372;1967;80;356;2012;2347;479;54603893;52026181;37514527;6332345;53706396;40728046;6710641;237574;112295
FR;0;2022-10-17;435;699;3033;26449;486;2473;26820;30771;5410;54604328;52026880;37517560;6358794;53706882;40730519;6737461;268345;117705
FR;0;2022-10-18;599;730;4702;46093;528;3759;46657;55441;11700;54604927;52027610;37522262;6404887;53707410;40734278;6784118;323786;129405
FR;0;2022-10-19;558;781;3634;34368;586;3068;34723;42432;9225;54605485;52028391;37525896;6439255;53707996;40737346;6818841;366218;138630
FR;0;2022-10-20;603;777;4834;49453;563;3717;50116;60515;12923;54606088;52029168;37530730;6488708;53708559;40741063;6868957;426733;151553
FR;0;2022-10-21;686;984;5706;57018;698;4515;57704;70951;14294;54606774;52030152;37536436;6545726;53709257;40745578;6926661;497684;165847
FR;0;2022-10-22;333;406;1654;12945;326;1320;13103;15937;3386;54607107;52030558;37538090;6558671;53709583;40746898;6939764;513621;169233
FR;0;2022-10-23;94;107;349;2063;102;265;2165;2757;631;54607201;52030665;37538439;6560734;53709685;40747163;6941929;516378;169864
FR;0;2022-10-24;551;593;3135;27129;418;2685;27556;35485;7806;54607752;52031258;37541574;6587863;53710103;40749848;6969485;551863;177670
FR;0;2022-10-25;589;722;4868;49087;532;3798;49760;65193;15421;54608341;52031980;37546442;6636950;53710635;40753646;7019245;617056;193091
FR;0;2022-10-26;532;641;3470;32602;477;2895;32909;43961;11001;54608873;52032621;37549912;6669552;53711112;40756541;7052154;661017;204092
FR;0;2022-10-27;589;689;4075;40761;489;3344;41235;54399;13100;54609462;52033310;37553987;6710313;53711601;40759885;7093389;715416;217192
FR;0;2022-10-28;701;860;4608;44181;623;3503;45001;58269;13184;54610163;52034170;37558595;6754494;53712224;40763388;7138390;773685;230376
FR;0;2022-10-29;259;354;1328;9492;251;1082;9625;12521;3011;54610422;52034524;37559923;6763986;53712475;40764470;7148015;786206;233387
FR;0;2022-10-30;87;114;287;1597;90;249;1646;2145;540;54610509;52034638;37560210;6765583;53712565;40764719;7149661;788351;233927
FR;0;2022-10-31;382;478;2070;16055;347;1622;16419;22191;5499;54610891;52035116;37562280;6781638;53712912;40766341;7166080;810542;239426
FR;0;2022-11-01;85;179;924;1116;138;955;1161;1687;502;54610976;52035295;37563204;6782754;53713050;40767296;7167241;812229;239928
FR;0;2022-11-02;507;657;3029;25380;487;2573;25858;36600;10118;54611483;52035952;37566233;6808134;53713537;40769869;7193099;848829;250046
FR;0;2022-11-03;642;694;4113;40048;527;3116;40779;56993;15346;54612125;52036646;37570346;6848182;53714064;40772985;7233878;905822;265392
FR;0;2022-11-04;657;827;4423;43647;572;3516;44261;60507;15240;54612782;52037473;37574769;6891829;53714636;40776501;7278139;966329;280632
FR;0;2022-11-05;253;357;1448;9712;280;1165;9920;13460;3294;54613035;52037830;37576217;6901541;53714916;40777666;7288059;979789;283926
FR;0;2022-11-06;94;112;263;1602;95;246;1631;2337;653;54613129;52037942;37576480;6903143;53715011;40777912;7289690;982126;284579
FR;0;2022-11-07;470;532;2734;26726;443;2217;27370;39075;10990;54613599;52038474;37579214;6929869;53715454;40780129;7317060;1021201;295569
FR;0;2022-11-08;604;783;4993;51954;569;3831;52963;74258;20069;54614203;52039257;37584207;6981823;53716023;40783960;7370023;1095459;315638
FR;0;2022-11-09;513;658;3359;31599;479;2687;32376;46332;13211;54614716;52039915;37587566;7013422;53716502;40786647;7402399;1141791;328849
FR;0;2022-11-10;617;873;4564;43656;622;3613;44555;62801;17332;54615333;52040788;37592130;7057078;53717124;40790260;7446954;1204592;346181
FR;0;2022-11-11;75;110;367;1664;79;309;1727;2798;1011;54615408;52040898;37592497;7058742;53717203;40790569;7448681;1207390;347192
FR;0;2022-11-12;209;331;1194;7102;240;977;7337;10289;2765;54615617;52041229;37593691;7065844;53717443;40791546;7456018;1217679;349957
FR;0;2022-11-13;64;104;248;1207;81;212;1261;1973;625;54615681;52041333;37593939;7067051;53717524;40791758;7457279;1219652;350582
FR;0;2022-11-14;438;522;2572;23974;369;2045;24610;36150;10860;54616119;52041855;37596511;7091025;53717893;40793803;7481889;1255802;361442
FR;0;2022-11-15;598;735;4315;44997;559;3356;45946;66833;19607;54616717;52042590;37600826;7136022;53718452;40797159;7527835;1322635;381049
FR;0;2022-11-16;548;635;3065;28558;508;2570;29095;43213;13305;54617265;52043225;37603891;7164580;53718960;40799729;7556930;1365848;394354
FR;0;2022-11-17;560;663;3815;39233;509;2975;39839;58327;17399;54617825;52043888;37607706;7203813;53719469;40802704;7596769;1424175;411753
FR;0;2022-11-18;620;766;4602;45117;580;3451;46025;65667;18331;54618445;52044654;37612308;7248930;53720049;40806155;7642794;1489842;430084
FR;0;2022-11-19;270;335;1498;9803;266;1093;9998;14316;4006;54618715;52044989;37613806;7258733;53720315;40807248;7652792;1504158;434090
FR;0;2022-11-20;74;122;303;1698;103;260;1772;2717;859;54618789;52045111;37614109;7260431;53720418;40807508;7654564;1506875;434949
FR;0;2022-11-21;435;512;2420;21385;350;1942;21946;32987;10284;54619224;52045623;37616529;7281816;53720768;40809450;7676510;1539862;445233
FR;0;2022-11-22;536;593;4020;39798;421;3158;40369;59665;18169;54619760;52046216;37620549;7321614;53721189;40812608;7716879;1599527;463402
FR;0;2022-11-23;468;557;2752;26006;402;2317;26499;40338;12849;54620228;52046773;37623301;7347620;53721591;40814925;7743378;1639865;476251
FR;0;2022-11-24;508;596;3762;37122;420;2959;37834;56767;17916;54620736;52047369;37627063;7384742;53722011;40817884;7781212;1696632;494167
FR;0;2022-11-25;574;712;4180;40136;563;3140;40979;59587;17446;54621310;52048081;37631243;7424878;53722574;40821024;7822191;1756219;511613
FR;0;2022-11-26;300;336;1333;9369;260;1062;9510;13996;3970;54621610;52048417;37632576;7434247;53722834;40822086;7831701;1770215;515583
FR;0;2022-11-27;74;87;265;1661;67;225;1689;2554;805;54621684;52048504;37632841;7435908;53722901;40822311;7833390;1772769;516388
FR;0;2022-11-28;415;471;2631;24778;350;1972;25519;38417;12181;54622099;52048975;37635472;7460686;53723251;40824283;7858909;1811186;528569
FR;0;2022-11-29;499;606;4396;46482;376;3290;47208;71029;22291;54622598;52049581;37639868;7507168;53723627;40827573;7906117;1882215;550860
FR;0;2022-11-30;502;683;3726;36897;485;2888;37701;56291;17223;54623100;52050264;37643594;7544065;53724112;40830461;7943818;1938506;568083
FR;0;2022-12-01;525;672;5301;51812;449;3900;52610;79531;25148;54623625;52050936;37648895;7595877;53724561;40834361;7996428;2018037;593231
FR;0;2022-12-02;636;742;6169;61487;524;4375;62719;92364;27432;54624261;52051678;37655064;7657364;53725085;40838736;8059147;2110401;620663
FR;0;2022-12-03;303;341;2284;18046;221;1625;18473;26720;7618;54624564;52052019;37657348;7675410;53725306;40840361;8077620;2137121;628281
FR;0;2022-12-04;94;123;523;4302;90;433;4353;6435;1854;54624658;52052142;37657871;7679712;53725396;40840794;8081973;2143556;630135
FR;0;2022-12-05;452;567;4293;44668;403;2902;45636;68958;21861;54625110;52052709;37662164;7724380;53725799;40843696;8127609;2212514;651996
FR;0;2022-12-06;617;730;6840;78246;471;4645;79766;121592;39492;54625727;52053439;37669004;7802626;53726270;40848341;8207375;2334106;691488
FR;0;2022-12-07;548;623;5350;58140;460;3590;59291;90479;29560;54626275;52054062;37674354;7860766;53726730;40851931;8266666;2424585;721048
FR;0;2022-12-08;604;704;6978;79616;446;4573;81311;124085;40846;54626879;52054766;37681332;7940382;53727176;40856504;8347977;2548670;761894
FR;0;2022-12-09;779;840;8668;95655;549;5721;97542;147280;46778;54627658;52055606;37690000;8036037;53727725;40862225;8445519;2695950;808672
FR;0;2022-12-10;405;431;3822;33941;273;2478;34838;50540;14710;54628063;52056037;37693822;8069978;53727998;40864703;8480357;2746490;823382
FR;0;2022-12-11;132;140;989;8361;100;684;8565;12250;3276;54628195;52056177;37694811;8078339;53728098;40865387;8488922;2758740;826658
FR;0;2022-12-12;513;577;6359;67429;368;4110;69026;106185;34800;54628708;52056754;37701170;8145768;53728466;40869497;8557948;2864925;861458
FR;0;2022-12-13;695;769;9034;103539;477;5622;106109;164755;55015;54629403;52057523;37710204;8249307;53728943;40875119;8664057;3029680;916473
FR;0;2022-12-14;585;698;6801;73281;463;4532;74930;116817;38693;54629988;52058221;37717005;8322588;53729406;40879651;8738987;3146497;955166
FR;0;2022-12-15;654;834;8868;95835;526;5693;98158;153154;51703;54630642;52059055;37725873;8418423;53729932;40885344;8837145;3299651;1006869
FR;0;2022-12-16;821;963;9753;104729;637;6441;106972;166362;55256;54631463;52060018;37735626;8523152;53730569;40891785;8944117;3466013;1062125
FR;0;2022-12-17;343;421;3502;31769;284;2293;32560;48408;14446;54631806;52060439;37739128;8554921;53730853;40894078;8976677;3514421;1076571
FR;0;2022-12-18;93;126;785;6330;79;539;6479;9620;2748;54631899;52060565;37739913;8561251;53730932;40894617;8983156;3524041;1079319
FR;0;2022-12-19;588;612;5744;56191;429;3673;57823;90199;30049;54632487;52061177;37745657;8617442;53731361;40898290;9040979;3614240;1109368
FR;0;2022-12-20;736;778;7925;79769;514;5224;81911;130670;44992;54633223;52061955;37753582;8697211;53731875;40903514;9122890;3744910;1154360
FR;0;2022-12-21;588;616;5314;50916;425;3563;52264;84025;29256;54633811;52062571;37758896;8748127;53732300;40907077;9175154;3828935;1183616
FR;0;2022-12-22;639;653;4901;46197;450;3394;47440;76716;26808;54634450;52063224;37763797;8794324;53732750;40910471;9222594;3905651;1210424
FR;0;2022-12-23;467;573;3437;26189;409;2595;26861;43327;14878;54634917;52063797;37767234;8820513;53733159;40913066;9249455;3948978;1225302
FR;0;2022-12-24;105;105;443;2706;78;334;2830;4288;1230;54635022;52063902;37767677;8823219;53733237;40913400;9252285;3953266;1226532
FR;0;2022-12-25;33;40;131;560;32;102;585;915;272;54635055;52063942;37767808;8823779;53733269;40913502;9252870;3954181;1226804
FR;0;2022-12-26;366;388;2498;16905;288;1817;17546;27569;8812;54635421;52064330;37770306;8840684;53733557;40915319;9270416;3981750;1235616
FR;0;2022-12-27;527;656;4200;33702;440;2940;34847;56661;19713;54635948;52064986;37774506;8874386;53733997;40918259;9305263;4038411;1255329
FR;0;2022-12-28;470;511;3222;25673;347;2297;26292;42851;14808;54636418;52065497;37777728;8900059;53734344;40920556;9331555;4081262;1270137
FR;0;2022-12-29;431;537;3417;26572;348;2397;27581;45065;15641;54636849;52066034;37781145;8926631;53734692;40922953;9359136;4126327;1285778
FR;0;2022-12-30;452;497;2617;19537;350;1853;20206;32547;10952;54637301;52066531;37783762;8946168;53735042;40924806;9379342;4158874;1296730
FR;0;2022-12-31;137;155;507;3183;119;412;3327;4943;1338;54637438;52066686;37784269;8949351;53735161;40925218;9382669;4163817;1298068
FR;0;2023-01-01;21;44;173;709;26;145;735;1026;246;54637459;52066730;37784442;8950060;53735187;40925363;9383404;4164843;1298314
FR;0;2023-01-02;369;532;2937;19016;361;2249;19493;32944;12059;54637828;52067262;37787379;8969076;53735548;40927612;9402897;4197787;1310373
FR;0;2023-01-03;640;663;4682;44144;441;3297;45092;82719;34799;54638468;52067925;37792061;9013220;53735989;40930909;9447989;4280506;1345172
FR;0;2023-01-04;530;577;3844;31056;387;2738;31865;59776;25770;54638998;52068502;37795905;9044276;53736376;40933647;9479854;4340282;1370942
FR;0;2023-01-05;656;728;4654;43212;533;3144;44138;83841;37089;54639654;52069230;37800559;9087488;53736909;40936791;9523992;4424123;1408031
FR;0;2023-01-06;731;851;5486;48515;570;3634;49574;91983;39462;54640385;52070081;37806045;9136003;53737479;40940425;9573566;4516106;1447493
FR;0;2023-01-07;339;406;1887;12916;293;1355;13234;23005;8759;54640724;52070487;37807932;9148919;53737772;40941780;9586800;4539111;1456252
FR;0;2023-01-08;102;140;487;2916;96;348;3012;5224;1987;54640826;52070627;37808419;9151835;53737868;40942128;9589812;4544335;1458239
FR;0;2023-01-09;568;622;2843;22271;441;2042;22853;45668;21115;54641394;52071249;37811262;9174106;53738309;40944170;9612665;4590003;1479354
FR;0;2023-01-10;600;757;4770;41480;516;3401;42315;86823;41662;54641994;52072006;37816032;9215586;53738825;40947571;9654980;4676826;1521016
FR;0;2023-01-11;492;579;3122;25032;418;2265;25559;52741;25185;54642486;52072585;37819154;9240618;53739243;40949836;9680539;4729567;1546201
FR;0;2023-01-12;580;661;3960;34250;439;2852;34875;72284;34989;54643066;52073246;37823114;9274868;53739682;40952688;9715414;4801851;1581190
FR;0;2023-01-13;720;779;4323;36158;534;3098;36796;74438;35109;54643786;52074025;37827437;9311026;53740216;40955786;9752210;4876289;1616299
FR;0;2023-01-14;346;332;1484;9289;223;1098;9478;17730;7408;54644132;52074357;37828921;9320315;53740439;40956884;9761688;4894019;1623707
FR;0;2023-01-15;93;116;370;1564;77;278;1667;3238;1401;54644225;52074473;37829291;9321879;53740516;40957162;9763355;4897257;1625108
FR;0;2023-01-16;410;464;2298;16280;322;1703;16542;35863;18047;54644635;52074937;37831589;9338159;53740838;40958865;9779897;4933120;1643155
FR;0;2023-01-17;491;582;3494;28942;399;2515;29496;65512;33808;54645126;52075519;37835083;9367101;53741237;40961380;9809393;4998632;1676963
FR;0;2023-01-18;457;544;2332;17365;388;1804;17652;38945;19750;54645583;52076063;37837415;9384466;53741625;40963184;9827045;5037577;1696713
FR;0;2023-01-19;497;509;2811;22946;339;2078;23287;52017;26872;54646080;52076572;37840226;9407412;53741964;40965262;9850332;5089594;1723585
FR;0;2023-01-20;618;687;3408;25677;492;2566;26162;57401;29172;54646698;52077259;37843634;9433089;53742456;40967828;9876494;5146995;1752757
FR;0;2023-01-21;254;300;1099;6398;214;839;6504;13193;5998;54646952;52077559;37844733;9439487;53742670;40968667;9882998;5160188;1758755
FR;0;2023-01-22;45;61;174;871;32;150;919;1892;863;54646997;52077620;37844907;9440358;53742702;40968817;9883917;5162080;1759618
FR;0;2023-01-23;316;395;1719;10999;260;1273;11226;27126;14754;54647313;52078015;37846626;9451357;53742962;40970090;9895143;5189206;1774372
FR;0;2023-01-24;462;515;2560;20586;355;1919;20880;50637;28085;54647775;52078530;37849186;9471943;53743317;40972009;9916023;5239843;1802457
FR;0;2023-01-25;389;542;1930;12503;381;1464;12927;30555;16370;54648164;52079072;37851116;9484446;53743698;40973473;9928950;5270398;1818827
FR;0;2023-01-26;427;506;2352;17021;363;1755;17312;42004;23152;54648591;52079578;37853468;9501467;53744061;40975228;9946262;5312402;1841979
FR;0;2023-01-27;516;647;2621;18405;468;1984;18637;44688;24342;54649107;52080225;37856089;9519872;53744529;40977212;9964899;5357090;1866321
FR;0;2023-01-28;234;282;844;4491;224;672;4606;9921;4720;54649341;52080507;37856933;9524363;53744753;40977884;9969505;5367011;1871041
FR;0;2023-01-29;40;65;101;452;48;76;487;1069;537;54649381;52080572;37857034;9524815;53744801;40977960;9969992;5368080;1871578
FR;0;2023-01-30;359;438;1311;8177;313;1063;8355;20695;11347;54649740;52081010;37858345;9532992;53745114;40979023;9978347;5388775;1882925
FR;0;2023-01-31;419;479;1993;13937;321;1497;14161;36498;21067;54650159;52081489;37860338;9546929;53745435;40980520;9992508;5425273;1903992
FR;0;2023-02-01;369;448;1384;8181;326;1139;8314;21775;12350;54650528;52081937;37861722;9555110;53745761;40981659;10000822;5447048;1916342
FR;0;2023-02-02;352;479;1630;11661;323;1329;11861;31160;18018;54650880;52082416;37863352;9566771;53746084;40982988;10012683;5478208;1934360
FR;0;2023-02-03;460;612;1934;12414;452;1524;12586;33112;19164;54651340;52083028;37865286;9579185;53746536;40984512;10025269;5511320;1953524
FR;0;2023-02-04;189;259;620;3064;222;505;3116;7208;3762;54651529;52083287;37865906;9582249;53746758;40985017;10028385;5518528;1957286
FR;0;2023-02-05;20;50;63;222;28;62;237;538;262;54651549;52083337;37865969;9582471;53746786;40985079;10028622;5519066;1957548
FR;0;2023-02-06;291;332;999;5224;264;775;5388;14713;8768;54651840;52083669;37866968;9587695;53747050;40985854;10034010;5533779;1966316
FR;0;2023-02-07;331;472;1492;9393;344;1208;9539;27037;16323;54652171;52084141;37868460;9597088;53747394;40987062;10043549;5560816;1982639
FR;0;2023-02-08;272;352;1054;5723;268;833;5875;15824;9198;54652443;52084493;37869514;9602811;53747662;40987895;10049424;5576640;1991837
FR;0;2023-02-09;311;410;1160;7323;284;959;7474;20839;12594;54652754;52084903;37870674;9610134;53747946;40988854;10056898;5597479;2004431
