fra;vaccin;jour;n_dose1;n_dose2;n_cum_dose1;n_cum_dose2
FR;1;2020-12-27;104;0;104;0
FR;1;2020-12-28;157;0;261;0
FR;1;2020-12-29;133;0;394;0
FR;1;2020-12-30;161;0;555;0
FR;1;2020-12-31;119;0;674;0
FR;1;2021-01-01;119;0;793;0
FR;1;2021-01-02;118;0;911;0
FR;1;2021-01-03;137;0;1048;0
FR;1;2021-01-04;1557;0;2605;0
FR;1;2021-01-05;5498;0;8103;0
FR;1;2021-01-06;11409;0;19512;0
FR;1;2021-01-07;28806;0;48318;0
FR;1;2021-01-08;36472;0;84790;0
FR;1;2021-01-09;10997;0;95787;0
FR;1;2021-01-10;5688;0;101475;0
FR;1;2021-01-11;39364;0;140839;0
FR;1;2021-01-12;61285;0;202124;0
FR;1;2021-01-13;64238;0;266362;0
FR;1;2021-01-14;80357;0;346719;0
FR;1;2021-01-15;67811;0;414530;0
FR;1;2021-01-16;19648;77;434178;77
FR;1;2021-01-17;10550;42;444728;119
FR;1;2021-01-18;81948;162;526676;281
FR;1;2021-01-19;124723;125;651399;406
FR;1;2021-01-20;131061;157;782460;563
FR;1;2021-01-21;151213;134;933673;697
FR;1;2021-01-22;114590;160;1048263;857
FR;1;2021-01-23;36256;50;1084519;907
FR;1;2021-01-24;9326;27;1093845;934
FR;1;2021-01-25;73595;1215;1167440;2149
FR;1;2021-01-26;95557;3109;1262997;5258
FR;1;2021-01-27;102706;5594;1365703;10852
FR;1;2021-01-28;119453;14357;1485156;25209
FR;1;2021-01-29;88174;17282;1573330;42491
FR;1;2021-01-30;27715;4224;1601045;46715
FR;1;2021-01-31;4944;1679;1605989;48394
FR;1;2021-02-01;48592;21122;1654581;69516
FR;1;2021-02-02;66816;34559;1721397;104075
FR;1;2021-02-03;66300;36958;1787697;141033
FR;1;2021-02-04;76243;50042;1863940;191075
FR;1;2021-02-05;62774;45329;1926714;236404
FR;1;2021-02-06;19144;10394;1945858;246798
FR;1;2021-02-07;3465;5041;1949323;251839
FR;1;2021-02-08;36001;45968;1985324;297807
FR;1;2021-02-09;50211;72392;2035535;370199
FR;1;2021-02-10;51181;76676;2086716;446875
FR;1;2021-02-11;62588;99076;2149304;545951
FR;1;2021-02-12;55171;73978;2204475;619929
FR;1;2021-02-13;15215;19264;2219690;639193
FR;1;2021-02-14;3469;7191;2223159;646384
FR;1;2021-02-15;23727;73441;2246886;719825
FR;1;2021-02-16;32259;96854;2279145;816679
FR;1;2021-02-17;34574;98590;2313719;915269
FR;1;2021-02-18;48641;113440;2362360;1028709
FR;1;2021-02-19;44788;86431;2407148;1115140
FR;1;2021-02-20;13137;26915;2420285;1142055
FR;1;2021-02-21;2188;6286;2422473;1148341
FR;1;2021-02-22;24216;69419;2446689;1217760
FR;1;2021-02-23;36890;80361;2483579;1298121
FR;1;2021-02-24;39728;77648;2523307;1375769
FR;1;2021-02-25;49397;87953;2572704;1463722
FR;1;2021-02-26;46461;67889;2619165;1531611
FR;1;2021-02-27;15332;20932;2634497;1552543
FR;1;2021-02-28;3279;4385;2637776;1556928
FR;1;2021-03-01;39040;49016;2676816;1605944
FR;1;2021-03-02;55035;61513;2731851;1667457
FR;1;2021-03-03;59997;60649;2791848;1728106
FR;1;2021-03-04;71799;64895;2863647;1793001
FR;1;2021-03-05;73656;59263;2937303;1852264
FR;1;2021-03-06;81747;16084;3019050;1868348
FR;1;2021-03-07;63184;5414;3082234;1873762
FR;1;2021-03-08;59206;42465;3141440;1916227
FR;1;2021-03-09;84939;48318;3226379;1964545
FR;1;2021-03-10;89586;48066;3315965;2012611
FR;1;2021-03-11;103719;53855;3419684;2066466
FR;1;2021-03-12;102905;45290;3522589;2111756
FR;1;2021-03-13;88168;12745;3610757;2124501
FR;1;2021-03-14;43895;3029;3654652;2127530
FR;1;2021-03-15;94359;29123;3749011;2156653
FR;1;2021-03-16;122487;34894;3871498;2191547
FR;1;2021-03-17;128199;34834;3999697;2226381
FR;1;2021-03-18;141652;39715;4141349;2266096
FR;1;2021-03-19;135059;32901;4276408;2298997
FR;1;2021-03-20;75319;10209;4351727;2309206
FR;1;2021-03-21;25954;2475;4377681;2311681
FR;1;2021-03-22;113578;31177;4491259;2342858
FR;1;2021-03-23;141726;38175;4632985;2381033
FR;1;2021-03-24;140644;38774;4773629;2419807
FR;1;2021-03-25;163691;39624;4937320;2459431
FR;1;2021-03-26;165261;37496;5102581;2496927
FR;1;2021-03-27;110229;15254;5212810;2512181
FR;1;2021-03-28;41883;3621;5254693;2515802
FR;1;2021-03-29;128918;49956;5383611;2565758
FR;1;2021-03-30;166404;63587;5550015;2629345
FR;1;2021-03-31;169607;66902;5719622;2696247
FR;1;2021-04-01;192292;79247;5911914;2775494
FR;1;2021-04-02;163112;84319;6075026;2859813
FR;1;2021-04-03;87392;58172;6162418;2917985
FR;1;2021-04-04;32500;17732;6194918;2935717
FR;1;2021-04-05;42717;10176;6237635;2945893
FR;1;2021-04-06;158553;100882;6396188;3046775
FR;1;2021-04-07;195058;108256;6591246;3155031
FR;1;2021-04-08;219740;112387;6810986;3267418
FR;1;2021-04-09;212564;107505;7023550;3374923
FR;1;2021-04-10;116221;73456;7139771;3448379
FR;1;2021-04-11;40224;30284;7179995;3478663
FR;1;2021-04-12;167040;103786;7347035;3582449
FR;1;2021-04-13;201973;128247;7549008;3710696
FR;1;2021-04-14;206312;122809;7755320;3833505
FR;1;2021-04-15;219063;126757;7974383;3960262
FR;1;2021-04-16;204535;125145;8178918;4085407
FR;1;2021-04-17;121262;67482;8300180;4152889
FR;1;2021-04-18;35384;20993;8335564;4173882
FR;1;2021-04-19;162357;121921;8497921;4295803
FR;1;2021-04-20;187663;148773;8685584;4444576
FR;1;2021-04-21;192268;146712;8877852;4591288
FR;1;2021-04-22;207181;162643;9085033;4753931
FR;1;2021-04-23;197414;156932;9282447;4910863
FR;1;2021-04-24;125316;95506;9407763;5006369
FR;1;2021-04-25;53034;30131;9460797;5036500
FR;1;2021-04-26;179787;138277;9640584;5174777
FR;1;2021-04-27;219617;161977;9860201;5336754
FR;1;2021-04-28;236636;155113;10096837;5491867
FR;1;2021-04-29;268267;160068;10365104;5651935
FR;1;2021-04-30;270010;148152;10635114;5800087
FR;1;2021-05-01;138742;40710;10773856;5840797
FR;1;2021-05-02;80666;28153;10854522;5868950
FR;1;2021-05-03;247942;146462;11102464;6015412
FR;1;2021-05-04;263214;186835;11365678;6202247
FR;1;2021-05-05;280145;184566;11645823;6386813
FR;1;2021-05-06;306690;183031;11952513;6569844
FR;1;2021-05-07;281722;195733;12234235;6765577
FR;1;2021-05-08;190210;48336;12424445;6813913
FR;1;2021-05-09;113343;36214;12537788;6850127
FR;1;2021-05-10;254127;194266;12791915;7044393
FR;1;2021-05-11;316192;211396;13108107;7255789
FR;1;2021-05-12;353116;185903;13461223;7441692
FR;1;2021-05-13;280687;47652;13741910;7489344
FR;1;2021-05-14;367247;128857;14109157;7618201
FR;1;2021-05-15;294920;66148;14404077;7684349
FR;1;2021-05-16;156615;15580;14560692;7699929
FR;1;2021-05-17;316431;116693;14877123;7816622
FR;1;2021-05-18;379436;111328;15256559;7927950
FR;1;2021-05-19;392319;102917;15648878;8030867
FR;1;2021-05-20;418152;96323;16067030;8127190
FR;1;2021-05-21;396848;97387;16463878;8224577
FR;1;2021-05-22;274012;42094;16737890;8266671
FR;1;2021-05-23;122250;11210;16860140;8277881
FR;1;2021-05-24;242479;26315;17102619;8304196
FR;1;2021-05-25;363327;131948;17465946;8436144
FR;1;2021-05-26;378026;125704;17843972;8561848
FR;1;2021-05-27;403379;128229;18247351;8690077
FR;1;2021-05-28;363601;145555;18610952;8835632
FR;1;2021-05-29;252623;80977;18863575;8916609
FR;1;2021-05-30;100151;22575;18963726;8939184
FR;1;2021-05-31;312266;148823;19275992;9088007
FR;1;2021-06-01;352630;166801;19628622;9254808
FR;1;2021-06-02;356626;153271;19985248;9408079
FR;1;2021-06-03;383803;147769;20369051;9555848
FR;1;2021-06-04;358566;175681;20727617;9731529
FR;1;2021-06-05;256109;112804;20983726;9844333
FR;1;2021-06-06;124992;37540;21108718;9881873
FR;1;2021-06-07;295648;208234;21404366;10090107
FR;1;2021-06-08;326668;221110;21731034;10311217
FR;1;2021-06-09;331387;212705;22062421;10523922
FR;1;2021-06-10;337179;202312;22399600;10726234
FR;1;2021-06-11;308352;235563;22707952;10961797
FR;1;2021-06-12;241993;150870;22949945;11112667
FR;1;2021-06-13;99301;61087;23049246;11173754
FR;1;2021-06-14;203435;289211;23252681;11462965
FR;1;2021-06-15;249773;282599;23502454;11745564
FR;1;2021-06-16;269098;270615;23771552;12016179
FR;1;2021-06-17;263795;244563;24035347;12260742
FR;1;2021-06-18;255200;296187;24290547;12556929
FR;1;2021-06-19;191661;209734;24482208;12766663
FR;1;2021-06-20;68555;89207;24550763;12855870
FR;1;2021-06-21;168151;320204;24718914;13176074
FR;1;2021-06-22;181946;347883;24900860;13523957
FR;1;2021-06-23;199839;339610;25100699;13863567
FR;1;2021-06-24;199667;281968;25300366;14145535
FR;1;2021-06-25;177827;372109;25478193;14517644
FR;1;2021-06-26;129283;278553;25607476;14796197
FR;1;2021-06-27;51468;123070;25658944;14919267
FR;1;2021-06-28;133135;368601;25792079;15287868
FR;1;2021-06-29;151181;389771;25943260;15677639
FR;1;2021-06-30;174280;378530;26117540;16056169
FR;1;2021-07-01;183892;332377;26301432;16388546
FR;1;2021-07-02;176707;368002;26478139;16756548
FR;1;2021-07-03;121124;280727;26599263;17037275
FR;1;2021-07-04;52405;113802;26651668;17151077
FR;1;2021-07-05;144481;356414;26796149;17507491
FR;1;2021-07-06;165580;382929;26961729;17890420
FR;1;2021-07-07;181143;362992;27142872;18253412
FR;1;2021-07-08;194394;323380;27337266;18576792
FR;1;2021-07-09;179782;386982;27517048;18963774
FR;1;2021-07-10;125699;281194;27642747;19244968
FR;1;2021-07-11;56265;102549;27699012;19347517
FR;1;2021-07-12;142521;417267;27841533;19764784
FR;1;2021-07-13;226934;440027;28068467;20204811
FR;1;2021-07-14;167160;151771;28235627;20356582
FR;1;2021-07-15;270874;425108;28506501;20781690
FR;1;2021-07-16;281607;401765;28788108;21183455
FR;1;2021-07-17;212788;282538;29000896;21465993
FR;1;2021-07-18;100481;107552;29101377;21573545
FR;1;2021-07-19;231330;379756;29332707;21953301
FR;1;2021-07-20;298316;381657;29631023;22334958
FR;1;2021-07-21;326120;354146;29957143;22689104
FR;1;2021-07-22;356956;319853;30314099;23008957
FR;1;2021-07-23;340227;343509;30654326;23352466
FR;1;2021-07-24;235532;241589;30889858;23594055
FR;1;2021-07-25;111163;76231;31001021;23670286
FR;1;2021-07-26;292424;290769;31293445;23961055
FR;1;2021-07-27;373831;269362;31667276;24230417
FR;1;2021-07-28;376474;251940;32043750;24482357
FR;2;2020-12-27;0;0;0;0
FR;2;2020-12-28;0;0;0;0
FR;2;2020-12-29;0;0;0;0
FR;2;2020-12-30;0;0;0;0
FR;2;2020-12-31;0;0;0;0
FR;2;2021-01-01;0;0;0;0
FR;2;2021-01-02;0;0;0;0
FR;2;2021-01-03;0;0;0;0
FR;2;2021-01-04;0;0;0;0
FR;2;2021-01-05;0;0;0;0
FR;2;2021-01-06;0;0;0;0
FR;2;2021-01-07;0;0;0;0
FR;2;2021-01-08;0;0;0;0
FR;2;2021-01-09;0;0;0;0
FR;2;2021-01-10;0;0;0;0
FR;2;2021-01-11;0;0;0;0
FR;2;2021-01-12;0;0;0;0
FR;2;2021-01-13;0;0;0;0
FR;2;2021-01-14;328;0;328;0
FR;2;2021-01-15;239;0;567;0
FR;2;2021-01-16;205;0;772;0
FR;2;2021-01-17;14;0;786;0
FR;2;2021-01-18;2939;0;3725;0
FR;2;2021-01-19;4550;0;8275;0
FR;2;2021-01-20;4953;0;13228;0
FR;2;2021-01-21;5157;0;18385;0
FR;2;2021-01-22;4915;0;23300;0
FR;2;2021-01-23;1750;0;25050;0
FR;2;2021-01-24;109;0;25159;0
FR;2;2021-01-25;3678;0;28837;0
FR;2;2021-01-26;3773;0;32610;0
FR;2;2021-01-27;3462;0;36072;0
FR;2;2021-01-28;3543;0;39615;0
FR;2;2021-01-29;3114;0;42729;0
FR;2;2021-01-30;1069;0;43798;0
FR;2;2021-01-31;5;0;43803;0
FR;2;2021-02-01;3282;0;47085;0
FR;2;2021-02-02;4334;0;51419;0
FR;2;2021-02-03;5053;0;56472;0
FR;2;2021-02-04;4759;3;61231;3
FR;2;2021-02-05;4645;6;65876;9
FR;2;2021-02-06;1943;3;67819;12
FR;2;2021-02-07;46;0;67865;12
FR;2;2021-02-08;7439;8;75304;20
FR;2;2021-02-09;8277;15;83581;35
FR;2;2021-02-10;9164;50;92745;85
FR;2;2021-02-11;10080;66;102825;151
FR;2;2021-02-12;9842;238;112667;389
FR;2;2021-02-13;3039;221;115706;610
FR;2;2021-02-14;300;0;116006;610
FR;2;2021-02-15;3370;3067;119376;3677
FR;2;2021-02-16;4951;3881;124327;7558
FR;2;2021-02-17;4133;4402;128460;11960
FR;2;2021-02-18;5289;5089;133749;17049
FR;2;2021-02-19;5234;4323;138983;21372
FR;2;2021-02-20;1780;1509;140763;22881
FR;2;2021-02-21;202;86;140965;22967
FR;2;2021-02-22;3543;3722;144508;26689
FR;2;2021-02-23;4846;3693;149354;30382
FR;2;2021-02-24;4851;3467;154205;33849
FR;2;2021-02-25;5325;3426;159530;37275
FR;2;2021-02-26;4227;3124;163757;40399
FR;2;2021-02-27;1521;1042;165278;41441
FR;2;2021-02-28;110;28;165388;41469
FR;2;2021-03-01;4987;3764;170375;45233
FR;2;2021-03-02;6342;4727;176717;49960
FR;2;2021-03-03;6308;4882;183025;54842
FR;2;2021-03-04;8138;3966;191163;58808
FR;2;2021-03-05;7811;4059;198974;62867
FR;2;2021-03-06;4652;1683;203626;64550
FR;2;2021-03-07;2305;29;205931;64579
FR;2;2021-03-08;4001;8311;209932;72890
FR;2;2021-03-09;7301;8430;217233;81320
FR;2;2021-03-10;6893;9108;224126;90428
FR;2;2021-03-11;9152;9207;233278;99635
FR;2;2021-03-12;7763;8162;241041;107797
FR;2;2021-03-13;9904;2511;250945;110308
FR;2;2021-03-14;4773;402;255718;110710
FR;2;2021-03-15;10701;3484;266419;114194
FR;2;2021-03-16;16528;4621;282947;118815
FR;2;2021-03-17;19983;3953;302930;122768
FR;2;2021-03-18;23030;4909;325960;127677
FR;2;2021-03-19;22988;4537;348948;132214
FR;2;2021-03-20;25203;1540;374151;133754
FR;2;2021-03-21;17519;147;391670;133901
FR;2;2021-03-22;17481;3079;409151;136980
FR;2;2021-03-23;22365;4184;431516;141164
FR;2;2021-03-24;23643;4987;455159;146151
FR;2;2021-03-25;26383;5020;481542;151171
FR;2;2021-03-26;26667;4262;508209;155433
FR;2;2021-03-27;15706;1308;523915;156741
FR;2;2021-03-28;10443;92;534358;156833
FR;2;2021-03-29;18733;4280;553091;161113
FR;2;2021-03-30;24235;6019;577326;167132
FR;2;2021-03-31;28229;5954;605555;173086
FR;2;2021-04-01;34140;8479;639695;181565
FR;2;2021-04-02;29652;7685;669347;189250
FR;2;2021-04-03;16784;3582;686131;192832
FR;2;2021-04-04;9191;918;695322;193750
FR;2;2021-04-05;12195;808;707517;194558
FR;2;2021-04-06;26845;6927;734362;201485
FR;2;2021-04-07;30660;7156;765022;208641
FR;2;2021-04-08;36604;8818;801626;217459
FR;2;2021-04-09;33485;8596;835111;226055
FR;2;2021-04-10;19503;8970;854614;235025
FR;2;2021-04-11;7835;4271;862449;239296
FR;2;2021-04-12;16872;11254;879321;250550
FR;2;2021-04-13;19226;16425;898547;266975
FR;2;2021-04-14;17745;16280;916292;283255
FR;2;2021-04-15;21924;20756;938216;304011
FR;2;2021-04-16;20470;20077;958686;324088
FR;2;2021-04-17;13091;22461;971777;346549
FR;2;2021-04-18;5812;14403;977589;360952
FR;2;2021-04-19;16542;16255;994131;377207
FR;2;2021-04-20;19030;21579;1013161;398786
FR;2;2021-04-21;19950;21666;1033111;420452
FR;2;2021-04-22;23504;24856;1056615;445308
FR;2;2021-04-23;24271;25350;1080886;470658
FR;2;2021-04-24;25126;15105;1106012;485763
FR;2;2021-04-25;9515;8589;1115527;494352
FR;2;2021-04-26;16958;17198;1132485;511550
FR;2;2021-04-27;19067;24302;1151552;535852
FR;2;2021-04-28;22118;26183;1173670;562035
FR;2;2021-04-29;25242;30131;1198912;592166
FR;2;2021-04-30;25368;27778;1224280;619944
FR;2;2021-05-01;14837;9860;1239117;629804
FR;2;2021-05-02;6547;9184;1245664;638988
FR;2;2021-05-03;19765;19317;1265429;658305
FR;2;2021-05-04;18090;29056;1283519;687361
FR;2;2021-05-05;18061;29410;1301580;716771
FR;2;2021-05-06;23279;35286;1324859;752057
FR;2;2021-05-07;25021;33224;1349880;785281
FR;2;2021-05-08;21103;9701;1370983;794982
FR;2;2021-05-09;13046;7893;1384029;802875
FR;2;2021-05-10;32604;22217;1416633;825092
FR;2;2021-05-11;43274;21072;1459907;846164
FR;2;2021-05-12;49604;19900;1509511;866064
FR;2;2021-05-13;50925;5766;1560436;871830
FR;2;2021-05-14;60956;12953;1621392;884783
FR;2;2021-05-15;65566;7151;1686958;891934
FR;2;2021-05-16;43303;2576;1730261;894510
FR;2;2021-05-17;44392;12586;1774653;907096
FR;2;2021-05-18;54254;12245;1828907;919341
FR;2;2021-05-19;56768;10617;1885675;929958
FR;2;2021-05-20;62985;10875;1948660;940833
FR;2;2021-05-21;63881;11665;2012541;952498
FR;2;2021-05-22;61194;4513;2073735;957011
FR;2;2021-05-23;37275;570;2111010;957581
FR;2;2021-05-24;16983;2029;2127993;959610
FR;2;2021-05-25;20757;12240;2148750;971850
FR;2;2021-05-26;19526;11459;2168276;983309
FR;2;2021-05-27;22630;12663;2190906;995972
FR;2;2021-05-28;29070;14977;2219976;1010949
FR;2;2021-05-29;30197;8181;2250173;1019130
FR;2;2021-05-30;4541;1812;2254714;1020942
FR;2;2021-05-31;28328;18750;2283042;1039692
FR;2;2021-06-01;45134;20070;2328176;1059762
FR;2;2021-06-02;37086;19309;2365262;1079071
FR;2;2021-06-03;50872;23384;2416134;1102455
FR;2;2021-06-04;65137;24097;2481271;1126552
FR;2;2021-06-05;34254;24041;2515525;1150593
FR;2;2021-06-06;4821;6203;2520346;1156796
FR;2;2021-06-07;27870;23101;2548216;1179897
FR;2;2021-06-08;46031;22961;2594247;1202858
FR;2;2021-06-09;33997;20912;2628244;1223770
FR;2;2021-06-10;42281;19155;2670525;1242925
FR;2;2021-06-11;54972;25250;2725497;1268175
FR;2;2021-06-12;30357;19816;2755854;1287991
FR;2;2021-06-13;3218;9190;2759072;1297181
FR;2;2021-06-14;25033;24192;2784105;1321373
FR;2;2021-06-15;38661;22891;2822766;1344264
FR;2;2021-06-16;29877;21488;2852643;1365752
FR;2;2021-06-17;36516;25904;2889159;1391656
FR;2;2021-06-18;46465;28800;2935624;1420456
FR;2;2021-06-19;24327;24920;2959951;1445376
FR;2;2021-06-20;2677;10073;2962628;1455449
FR;2;2021-06-21;17166;42778;2979794;1498227
FR;2;2021-06-22;27995;49626;3007789;1547853
FR;2;2021-06-23;21497;49624;3029286;1597477
FR;2;2021-06-24;28051;50320;3057337;1647797
FR;2;2021-06-25;33037;60441;3090374;1708238
FR;2;2021-06-26;16132;59295;3106506;1767533
FR;2;2021-06-27;2474;29360;3108980;1796893
FR;2;2021-06-28;12373;54390;3121353;1851283
FR;2;2021-06-29;19539;59912;3140892;1911195
FR;2;2021-06-30;16055;57797;3156947;1968992
FR;2;2021-07-01;19665;59924;3176612;2028916
FR;2;2021-07-02;23377;62229;3199989;2091145
FR;2;2021-07-03;11781;57114;3211770;2148259
FR;2;2021-07-04;1857;23335;3213627;2171594
FR;2;2021-07-05;8622;29373;3222249;2200967
FR;2;2021-07-06;14110;36219;3236359;2237186
FR;2;2021-07-07;13815;33697;3250174;2270883
FR;2;2021-07-08;19019;40305;3269193;2311188
FR;2;2021-07-09;26359;54292;3295552;2365480
FR;2;2021-07-10;13038;33687;3308590;2399167
FR;2;2021-07-11;1581;4330;3310171;2403497
FR;2;2021-07-12;12434;37292;3322605;2440789
FR;2;2021-07-13;36513;53299;3359118;2494088
FR;2;2021-07-14;6229;3578;3365347;2497666
FR;2;2021-07-15;46441;47075;3411788;2544741
FR;2;2021-07-16;63290;55910;3475078;2600651
FR;2;2021-07-17;31018;23971;3506096;2624622
FR;2;2021-07-18;5875;4948;3511971;2629570
FR;2;2021-07-19;32361;28748;3544332;2658318
FR;2;2021-07-20;51104;44625;3595436;2702943
FR;2;2021-07-21;44473;34853;3639909;2737796
FR;2;2021-07-22;55196;41122;3695105;2778918
FR;2;2021-07-23;66980;49160;3762085;2828078
FR;2;2021-07-24;35321;21578;3797406;2849656
FR;2;2021-07-25;6354;2684;3803760;2852340
FR;2;2021-07-26;35141;22589;3838901;2874929
FR;2;2021-07-27;60709;34688;3899610;2909617
FR;2;2021-07-28;52908;26508;3952518;2936125
FR;3;2020-12-27;0;0;0;0
FR;3;2020-12-28;0;0;0;0
FR;3;2020-12-29;0;0;0;0
FR;3;2020-12-30;0;0;0;0
FR;3;2020-12-31;0;0;0;0
FR;3;2021-01-01;0;0;0;0
FR;3;2021-01-02;0;0;0;0
FR;3;2021-01-03;0;0;0;0
FR;3;2021-01-04;0;0;0;0
FR;3;2021-01-05;0;0;0;0
FR;3;2021-01-06;0;0;0;0
FR;3;2021-01-07;0;0;0;0
FR;3;2021-01-08;0;0;0;0
FR;3;2021-01-09;0;0;0;0
FR;3;2021-01-10;0;0;0;0
FR;3;2021-01-11;0;0;0;0
FR;3;2021-01-12;0;0;0;0
FR;3;2021-01-13;0;0;0;0
FR;3;2021-01-14;0;0;0;0
FR;3;2021-01-15;0;0;0;0
FR;3;2021-01-16;0;0;0;0
FR;3;2021-01-17;0;0;0;0
FR;3;2021-01-18;0;0;0;0
FR;3;2021-01-19;0;0;0;0
FR;3;2021-01-20;0;0;0;0
FR;3;2021-01-21;0;0;0;0
FR;3;2021-01-22;0;0;0;0
FR;3;2021-01-23;0;0;0;0
FR;3;2021-01-24;0;0;0;0
FR;3;2021-01-25;0;0;0;0
FR;3;2021-01-26;0;0;0;0
FR;3;2021-01-27;0;0;0;0
FR;3;2021-01-28;0;0;0;0
FR;3;2021-01-29;0;0;0;0
FR;3;2021-01-30;0;0;0;0
FR;3;2021-01-31;0;0;0;0
FR;3;2021-02-01;0;0;0;0
FR;3;2021-02-02;0;0;0;0
FR;3;2021-02-03;0;0;0;0
FR;3;2021-02-04;0;0;0;0
FR;3;2021-02-05;0;0;0;0
FR;3;2021-02-06;461;0;461;0
FR;3;2021-02-07;1359;0;1820;0
FR;3;2021-02-08;2651;0;4471;0
FR;3;2021-02-09;6666;0;11137;0
FR;3;2021-02-10;9345;0;20482;0
FR;3;2021-02-11;13418;0;33900;0
FR;3;2021-02-12;13118;0;47018;0
FR;3;2021-02-13;3543;0;50561;0
FR;3;2021-02-14;877;0;51438;0
FR;3;2021-02-15;10188;0;61626;0
FR;3;2021-02-16;12263;0;73889;0
FR;3;2021-02-17;10887;0;84776;0
FR;3;2021-02-18;14667;0;99443;0
FR;3;2021-02-19;14188;0;113631;0
FR;3;2021-02-20;3208;0;116839;0
FR;3;2021-02-21;552;0;117391;0
FR;3;2021-02-22;8971;0;126362;0
FR;3;2021-02-23;11178;0;137540;0
FR;3;2021-02-24;14020;0;151560;0
FR;3;2021-02-25;44609;0;196169;0
FR;3;2021-02-26;61615;0;257784;0
FR;3;2021-02-27;34604;6;292388;6
FR;3;2021-02-28;2374;0;294762;6
FR;3;2021-03-01;20103;9;314865;15
FR;3;2021-03-02;38535;12;353400;27
FR;3;2021-03-03;48252;16;401652;43
FR;3;2021-03-04;81716;18;483368;61
FR;3;2021-03-05;117606;42;600974;103
FR;3;2021-03-06;120079;48;721053;151
FR;3;2021-03-07;54886;27;775939;178
FR;3;2021-03-08;42418;20;818357;198
FR;3;2021-03-09;78489;30;896846;228
FR;3;2021-03-10;80328;36;977174;264
FR;3;2021-03-11;127878;46;1105052;310
FR;3;2021-03-12;182084;67;1287136;377
FR;3;2021-03-13;131683;51;1418819;428
FR;3;2021-03-14;13898;4;1432717;432
FR;3;2021-03-15;51805;37;1484522;469
FR;3;2021-03-16;985;13;1485507;482
FR;3;2021-03-17;736;6;1486243;488
FR;3;2021-03-18;1304;4;1487547;492
FR;3;2021-03-19;70035;36;1557582;528
FR;3;2021-03-20;64896;35;1622478;563
FR;3;2021-03-21;5585;4;1628063;567
FR;3;2021-03-22;37133;31;1665196;598
FR;3;2021-03-23;84164;49;1749360;647
FR;3;2021-03-24;90495;89;1839855;736
FR;3;2021-03-25;149556;114;1989411;850
FR;3;2021-03-26;164927;154;2154338;1004
FR;3;2021-03-27;68105;88;2222443;1092
FR;3;2021-03-28;6325;19;2228768;1111
FR;3;2021-03-29;53830;59;2282598;1170
FR;3;2021-03-30;92787;87;2375385;1257
FR;3;2021-03-31;63140;82;2438525;1339
FR;3;2021-04-01;85673;100;2524198;1439
FR;3;2021-04-02;86555;143;2610753;1582
FR;3;2021-04-03;35630;109;2646383;1691
FR;3;2021-04-04;3445;15;2649828;1706
FR;3;2021-04-05;4325;21;2654153;1727
FR;3;2021-04-06;29382;74;2683535;1801
FR;3;2021-04-07;31949;59;2715484;1860
FR;3;2021-04-08;78411;233;2793895;2093
FR;3;2021-04-09;161297;405;2955192;2498
FR;3;2021-04-10;75427;329;3030619;2827
FR;3;2021-04-11;7160;42;3037779;2869
FR;3;2021-04-12;51101;195;3088880;3064
FR;3;2021-04-13;85832;309;3174712;3373
FR;3;2021-04-14;67380;337;3242092;3710
FR;3;2021-04-15;92660;363;3334752;4073
FR;3;2021-04-16;112109;567;3446861;4640
FR;3;2021-04-17;53023;320;3499884;4960
FR;3;2021-04-18;9577;32;3509461;4992
FR;3;2021-04-19;24774;228;3534235;5220
FR;3;2021-04-20;45251;390;3579486;5610
FR;3;2021-04-21;38558;442;3618044;6052
FR;3;2021-04-22;54340;781;3672384;6833
FR;3;2021-04-23;70138;1010;3742522;7843
FR;3;2021-04-24;36978;969;3779500;8812
FR;3;2021-04-25;6024;152;3785524;8964
FR;3;2021-04-26;19437;650;3804961;9614
FR;3;2021-04-27;34088;1240;3839049;10854
FR;3;2021-04-28;28640;1926;3867689;12780
FR;3;2021-04-29;45005;5947;3912694;18727
FR;3;2021-04-30;55151;8922;3967845;27649
FR;3;2021-05-01;9323;1964;3977168;29613
FR;3;2021-05-02;2881;498;3980049;30111
FR;3;2021-05-03;12738;3881;3992787;33992
FR;3;2021-05-04;22723;8432;4015510;42424
FR;3;2021-05-05;18333;10569;4033843;52993
FR;3;2021-05-06;34184;20899;4068027;73892
FR;3;2021-05-07;43771;28399;4111798;102291
FR;3;2021-05-08;6504;8880;4118302;111171
FR;3;2021-05-09;1644;2653;4119946;113824
FR;3;2021-05-10;14628;12557;4134574;126381
FR;3;2021-05-11;26666;25725;4161240;152106
FR;3;2021-05-12;16913;27448;4178153;179554
FR;3;2021-05-13;2086;3484;4180239;183038
FR;3;2021-05-14;14219;25736;4194458;208774
FR;3;2021-05-15;6977;20731;4201435;229505
FR;3;2021-05-16;863;2678;4202298;232183
FR;3;2021-05-17;7630;19909;4209928;252092
FR;3;2021-05-18;13066;29631;4222994;281723
FR;3;2021-05-19;8934;31860;4231928;313583
FR;3;2021-05-20;12427;53215;4244355;366798
FR;3;2021-05-21;12410;65530;4256765;432328
FR;3;2021-05-22;4736;33297;4261501;465625
FR;3;2021-05-23;532;2665;4262033;468290
FR;3;2021-05-24;605;4916;4262638;473206
FR;3;2021-05-25;4984;45171;4267622;518377
FR;3;2021-05-26;4655;51054;4272277;569431
FR;3;2021-05-27;5991;77836;4278268;647267
FR;3;2021-05-28;7225;99103;4285493;746370
FR;3;2021-05-29;3104;60283;4288597;806653
FR;3;2021-05-30;385;8243;4288982;814896
FR;3;2021-05-31;2112;35994;4291094;850890
FR;3;2021-06-01;3035;64813;4294129;915703
FR;3;2021-06-02;2418;58356;4296547;974059
FR;3;2021-06-03;3204;87582;4299751;1061641
FR;3;2021-06-04;3872;105124;4303623;1166765
FR;3;2021-06-05;1797;52244;4305420;1219009
FR;3;2021-06-06;268;5399;4305688;1224408
FR;3;2021-06-07;1108;31183;4306796;1255591
FR;3;2021-06-08;1729;47282;4308525;1302873
FR;3;2021-06-09;1460;42395;4309985;1345268
FR;3;2021-06-10;1886;68002;4311871;1413270
FR;3;2021-06-11;2248;96800;4314119;1510070
FR;3;2021-06-12;1013;40838;4315132;1550908
FR;3;2021-06-13;149;3823;4315281;1554731
FR;3;2021-06-14;784;42665;4316065;1597396
FR;3;2021-06-15;1179;80698;4317244;1678094
FR;3;2021-06-16;1049;65782;4318293;1743876
FR;3;2021-06-17;1453;101858;4319746;1845734
FR;3;2021-06-18;1741;117928;4321487;1963662
FR;3;2021-06-19;714;39407;4322201;2003069
FR;3;2021-06-20;78;3384;4322279;2006453
FR;3;2021-06-21;570;39290;4322849;2045743
FR;3;2021-06-22;897;70019;4323746;2115762
FR;3;2021-06-23;799;50849;4324545;2166611
FR;3;2021-06-24;1157;77218;4325702;2243829
FR;3;2021-06-25;1277;89971;4326979;2333800
FR;3;2021-06-26;548;33139;4327527;2366939
FR;3;2021-06-27;92;4029;4327619;2370968
FR;3;2021-06-28;479;30461;4328098;2401429
FR;3;2021-06-29;737;56148;4328835;2457577
FR;3;2021-06-30;738;45067;4329573;2502644
FR;3;2021-07-01;999;65666;4330572;2568310
FR;3;2021-07-02;1185;90452;4331757;2658762
FR;3;2021-07-03;543;31195;4332300;2689957
FR;3;2021-07-04;79;4275;4332379;2694232
FR;3;2021-07-05;490;33936;4332869;2728168
FR;3;2021-07-06;795;56135;4333664;2784303
FR;3;2021-07-07;740;43086;4334404;2827389
FR;3;2021-07-08;1005;60765;4335409;2888154
FR;3;2021-07-09;1141;68842;4336550;2956996
FR;3;2021-07-10;549;25054;4337099;2982050
FR;3;2021-07-11;64;3311;4337163;2985361
FR;3;2021-07-12;518;23934;4337681;3009295
FR;3;2021-07-13;1491;34769;4339172;3044064
FR;3;2021-07-14;127;2652;4339299;3046716
FR;3;2021-07-15;1821;30699;4341120;3077415
FR;3;2021-07-16;2384;38910;4343504;3116325
FR;3;2021-07-17;964;13754;4344468;3130079
FR;3;2021-07-18;199;2612;4344667;3132691
FR;3;2021-07-19;1174;17243;4345841;3149934
FR;3;2021-07-20;1713;27174;4347554;3177108
FR;3;2021-07-21;1537;19755;4349091;3196863
FR;3;2021-07-22;1724;27808;4350815;3224671
FR;3;2021-07-23;2070;30485;4352885;3255156
FR;3;2021-07-24;742;7026;4353627;3262182
FR;3;2021-07-25;159;1353;4353786;3263535
FR;3;2021-07-26;790;10737;4354576;3274272
FR;3;2021-07-27;1023;16985;4355599;3291257
FR;3;2021-07-28;824;12142;4356423;3303399
FR;4;2020-12-27;0;0;0;0
FR;4;2020-12-28;0;0;0;0
FR;4;2020-12-29;0;0;0;0
FR;4;2020-12-30;0;0;0;0
FR;4;2020-12-31;0;0;0;0
FR;4;2021-01-01;0;0;0;0
FR;4;2021-01-02;0;0;0;0
FR;4;2021-01-03;0;0;0;0
FR;4;2021-01-04;0;0;0;0
FR;4;2021-01-05;0;0;0;0
FR;4;2021-01-06;0;0;0;0
FR;4;2021-01-07;0;0;0;0
FR;4;2021-01-08;0;0;0;0
FR;4;2021-01-09;0;0;0;0
FR;4;2021-01-10;0;0;0;0
FR;4;2021-01-11;0;0;0;0
FR;4;2021-01-12;0;0;0;0
FR;4;2021-01-13;0;0;0;0
FR;4;2021-01-14;0;0;0;0
FR;4;2021-01-15;0;0;0;0
FR;4;2021-01-16;0;0;0;0
FR;4;2021-01-17;0;0;0;0
FR;4;2021-01-18;0;0;0;0
FR;4;2021-01-19;0;0;0;0
FR;4;2021-01-20;0;0;0;0
FR;4;2021-01-21;0;0;0;0
FR;4;2021-01-22;0;0;0;0
FR;4;2021-01-23;0;0;0;0
FR;4;2021-01-24;0;0;0;0
FR;4;2021-01-25;0;0;0;0
FR;4;2021-01-26;0;0;0;0
FR;4;2021-01-27;0;0;0;0
FR;4;2021-01-28;0;0;0;0
FR;4;2021-01-29;0;0;0;0
FR;4;2021-01-30;0;0;0;0
FR;4;2021-01-31;0;0;0;0
FR;4;2021-02-01;0;0;0;0
FR;4;2021-02-02;0;0;0;0
FR;4;2021-02-03;0;0;0;0
FR;4;2021-02-04;0;0;0;0
FR;4;2021-02-05;0;0;0;0
FR;4;2021-02-06;0;0;0;0
FR;4;2021-02-07;0;0;0;0
FR;4;2021-02-08;0;0;0;0
FR;4;2021-02-09;0;0;0;0
FR;4;2021-02-10;0;0;0;0
FR;4;2021-02-11;0;0;0;0
FR;4;2021-02-12;0;0;0;0
FR;4;2021-02-13;0;0;0;0
FR;4;2021-02-14;0;0;0;0
FR;4;2021-02-15;0;0;0;0
FR;4;2021-02-16;0;0;0;0
FR;4;2021-02-17;0;0;0;0
FR;4;2021-02-18;0;0;0;0
FR;4;2021-02-19;0;0;0;0
FR;4;2021-02-20;0;0;0;0
FR;4;2021-02-21;0;0;0;0
FR;4;2021-02-22;0;0;0;0
FR;4;2021-02-23;0;0;0;0
FR;4;2021-02-24;0;0;0;0
FR;4;2021-02-25;0;0;0;0
FR;4;2021-02-26;0;0;0;0
FR;4;2021-02-27;0;0;0;0
FR;4;2021-02-28;0;0;0;0
FR;4;2021-03-01;0;0;0;0
FR;4;2021-03-02;0;0;0;0
FR;4;2021-03-03;0;0;0;0
FR;4;2021-03-04;0;0;0;0
FR;4;2021-03-05;0;0;0;0
FR;4;2021-03-06;0;0;0;0
FR;4;2021-03-07;0;0;0;0
FR;4;2021-03-08;0;0;0;0
FR;4;2021-03-09;0;0;0;0
FR;4;2021-03-10;0;0;0;0
FR;4;2021-03-11;0;0;0;0
FR;4;2021-03-12;0;0;0;0
FR;4;2021-03-13;0;0;0;0
FR;4;2021-03-14;0;0;0;0
FR;4;2021-03-15;0;0;0;0
FR;4;2021-03-16;0;0;0;0
FR;4;2021-03-17;0;0;0;0
FR;4;2021-03-18;0;0;0;0
FR;4;2021-03-19;0;0;0;0
FR;4;2021-03-20;0;0;0;0
FR;4;2021-03-21;0;0;0;0
FR;4;2021-03-22;0;0;0;0
FR;4;2021-03-23;0;0;0;0
FR;4;2021-03-24;0;0;0;0
FR;4;2021-03-25;0;0;0;0
FR;4;2021-03-26;0;0;0;0
FR;4;2021-03-27;0;0;0;0
FR;4;2021-03-28;0;0;0;0
FR;4;2021-03-29;0;0;0;0
FR;4;2021-03-30;0;0;0;0
FR;4;2021-03-31;0;1;0;1
FR;4;2021-04-01;0;0;0;1
FR;4;2021-04-02;0;0;0;1
FR;4;2021-04-03;0;0;0;1
FR;4;2021-04-04;0;0;0;1
FR;4;2021-04-05;0;0;0;1
FR;4;2021-04-06;0;0;0;1
FR;4;2021-04-07;0;0;0;1
FR;4;2021-04-08;0;0;0;1
FR;4;2021-04-09;0;2;0;3
FR;4;2021-04-10;0;0;0;3
FR;4;2021-04-11;0;0;0;3
FR;4;2021-04-12;0;1;0;4
FR;4;2021-04-13;0;0;0;4
FR;4;2021-04-14;0;0;0;4
FR;4;2021-04-15;0;0;0;4
FR;4;2021-04-16;0;0;0;4
FR;4;2021-04-17;0;0;0;4
FR;4;2021-04-18;0;0;0;4
FR;4;2021-04-19;0;0;0;4
FR;4;2021-04-20;0;0;0;4
FR;4;2021-04-21;0;0;0;4
FR;4;2021-04-22;0;0;0;4
FR;4;2021-04-23;1560;0;1560;4
FR;4;2021-04-24;1556;0;3116;4
FR;4;2021-04-25;119;0;3235;4
FR;4;2021-04-26;2842;0;6077;4
FR;4;2021-04-27;9429;4;15506;8
FR;4;2021-04-28;9828;3;25334;11
FR;4;2021-04-29;15928;8;41262;19
FR;4;2021-04-30;19138;7;60400;26
FR;4;2021-05-01;1925;5;62325;31
FR;4;2021-05-02;454;0;62779;31
FR;4;2021-05-03;4961;1;67740;32
FR;4;2021-05-04;8286;8;76026;40
FR;4;2021-05-05;6044;5;82070;45
FR;4;2021-05-06;11277;11;93347;56
FR;4;2021-05-07;18956;8;112303;64
FR;4;2021-05-08;2284;6;114587;70
FR;4;2021-05-09;631;2;115218;72
FR;4;2021-05-10;7127;8;122345;80
FR;4;2021-05-11;14167;12;136512;92
FR;4;2021-05-12;10019;16;146531;108
FR;4;2021-05-13;1467;3;147998;111
FR;4;2021-05-14;7629;7;155627;118
FR;4;2021-05-15;3620;8;159247;126
FR;4;2021-05-16;371;1;159618;127
FR;4;2021-05-17;4363;2;163981;129
FR;4;2021-05-18;8631;10;172612;139
FR;4;2021-05-19;5560;5;178172;144
FR;4;2021-05-20;9287;6;187459;150
FR;4;2021-05-21;12580;29;200039;179
FR;4;2021-05-22;4952;12;204991;191
FR;4;2021-05-23;439;2;205430;193
FR;4;2021-05-24;962;3;206392;196
FR;4;2021-05-25;7437;16;213829;212
FR;4;2021-05-26;7590;13;221419;225
FR;4;2021-05-27;14160;34;235579;259
FR;4;2021-05-28;26341;81;261920;340
FR;4;2021-05-29;11208;20;273128;360
FR;4;2021-05-30;866;2;273994;362
FR;4;2021-05-31;12477;19;286471;381
FR;4;2021-06-01;19956;40;306427;421
FR;4;2021-06-02;14288;33;320715;454
FR;4;2021-06-03;19219;24;339934;478
FR;4;2021-06-04;22206;45;362140;523
FR;4;2021-06-05;9574;28;371714;551
FR;4;2021-06-06;932;0;372646;551
FR;4;2021-06-07;8973;16;381619;567
FR;4;2021-06-08;14385;26;396004;593
FR;4;2021-06-09;11987;24;407991;617
FR;4;2021-06-10;15134;24;423125;641
FR;4;2021-06-11;16736;51;439861;692
FR;4;2021-06-12;7294;27;447155;719
FR;4;2021-06-13;844;3;447999;722
FR;4;2021-06-14;6466;22;454465;744
FR;4;2021-06-15;10701;32;465166;776
FR;4;2021-06-16;8706;13;473872;789
FR;4;2021-06-17;10671;24;484543;813
FR;4;2021-06-18;12196;39;496739;852
FR;4;2021-06-19;5440;24;502179;876
FR;4;2021-06-20;607;2;502786;878
FR;4;2021-06-21;4873;9;507659;887
FR;4;2021-06-22;7680;18;515339;905
FR;4;2021-06-23;6884;33;522223;938
FR;4;2021-06-24;8432;31;530655;969
FR;4;2021-06-25;9871;36;540526;1005
FR;4;2021-06-26;4614;20;545140;1025
FR;4;2021-06-27;592;2;545732;1027
FR;4;2021-06-28;4538;14;550270;1041
FR;4;2021-06-29;6723;16;556993;1057
FR;4;2021-06-30;6365;36;563358;1093
FR;4;2021-07-01;7770;24;571128;1117
FR;4;2021-07-02;9122;44;580250;1161
FR;4;2021-07-03;4649;18;584899;1179
FR;4;2021-07-04;564;5;585463;1184
FR;4;2021-07-05;4529;18;589992;1202
FR;4;2021-07-06;7423;20;597415;1222
FR;4;2021-07-07;6697;27;604112;1249
FR;4;2021-07-08;8911;38;613023;1287
FR;4;2021-07-09;9974;30;622997;1317
FR;4;2021-07-10;4428;10;627425;1327
FR;4;2021-07-11;492;0;627917;1327
FR;4;2021-07-12;5563;26;633480;1353
FR;4;2021-07-13;13935;25;647415;1378
FR;4;2021-07-14;2043;6;649458;1384
FR;4;2021-07-15;17884;32;667342;1416
FR;4;2021-07-16;22389;63;689731;1479
FR;4;2021-07-17;9446;16;699177;1495
FR;4;2021-07-18;1254;3;700431;1498
FR;4;2021-07-19;12639;26;713070;1524
FR;4;2021-07-20;17002;28;730072;1552
FR;4;2021-07-21;15227;27;745299;1579
FR;4;2021-07-22;17816;39;763115;1618
FR;4;2021-07-23;19880;46;782995;1664
FR;4;2021-07-24;8914;28;791909;1692
FR;4;2021-07-25;1170;6;793079;1698
FR;4;2021-07-26;10489;18;803568;1716
FR;4;2021-07-27;13879;25;817447;1741
FR;4;2021-07-28;11878;16;829325;1757
FR;0;2020-12-27;104;0;104;0
FR;0;2020-12-28;157;0;261;0
FR;0;2020-12-29;133;0;394;0
FR;0;2020-12-30;161;0;555;0
FR;0;2020-12-31;119;0;674;0
FR;0;2021-01-01;119;0;793;0
FR;0;2021-01-02;118;0;911;0
FR;0;2021-01-03;137;0;1048;0
FR;0;2021-01-04;1557;0;2605;0
FR;0;2021-01-05;5498;0;8103;0
FR;0;2021-01-06;11409;0;19512;0
FR;0;2021-01-07;28806;0;48318;0
FR;0;2021-01-08;36472;0;84790;0
FR;0;2021-01-09;10997;0;95787;0
FR;0;2021-01-10;5688;0;101475;0
FR;0;2021-01-11;39364;0;140839;0
FR;0;2021-01-12;61285;0;202124;0
FR;0;2021-01-13;64238;0;266362;0
FR;0;2021-01-14;80685;0;347047;0
FR;0;2021-01-15;68050;0;415097;0
FR;0;2021-01-16;19853;77;434950;77
FR;0;2021-01-17;10564;42;445514;119
FR;0;2021-01-18;84887;162;530401;281
FR;0;2021-01-19;129273;125;659674;406
FR;0;2021-01-20;136014;157;795688;563
FR;0;2021-01-21;156370;134;952058;697
FR;0;2021-01-22;119505;160;1071563;857
FR;0;2021-01-23;38006;50;1109569;907
FR;0;2021-01-24;9435;27;1119004;934
FR;0;2021-01-25;77273;1215;1196277;2149
FR;0;2021-01-26;99330;3109;1295607;5258
FR;0;2021-01-27;106168;5594;1401775;10852
FR;0;2021-01-28;122996;14357;1524771;25209
FR;0;2021-01-29;91288;17282;1616059;42491
FR;0;2021-01-30;28784;4224;1644843;46715
FR;0;2021-01-31;4949;1679;1649792;48394
FR;0;2021-02-01;51874;21122;1701666;69516
FR;0;2021-02-02;71150;34559;1772816;104075
FR;0;2021-02-03;71353;36958;1844169;141033
FR;0;2021-02-04;81002;50045;1925171;191078
FR;0;2021-02-05;67419;45335;1992590;236413
FR;0;2021-02-06;21548;10397;2014138;246810
FR;0;2021-02-07;4870;5041;2019008;251851
FR;0;2021-02-08;46091;45976;2065099;297827
FR;0;2021-02-09;65154;72407;2130253;370234
FR;0;2021-02-10;69690;76726;2199943;446960
FR;0;2021-02-11;86086;99142;2286029;546102
FR;0;2021-02-12;78131;74216;2364160;620318
FR;0;2021-02-13;21797;19485;2385957;639803
FR;0;2021-02-14;4646;7191;2390603;646994
FR;0;2021-02-15;37285;76508;2427888;723502
FR;0;2021-02-16;49473;100735;2477361;824237
FR;0;2021-02-17;49594;102992;2526955;927229
FR;0;2021-02-18;68597;118529;2595552;1045758
FR;0;2021-02-19;64210;90754;2659762;1136512
FR;0;2021-02-20;18125;28424;2677887;1164936
FR;0;2021-02-21;2942;6372;2680829;1171308
FR;0;2021-02-22;36730;73141;2717559;1244449
FR;0;2021-02-23;52914;84054;2770473;1328503
FR;0;2021-02-24;58599;81115;2829072;1409618
FR;0;2021-02-25;99331;91379;2928403;1500997
FR;0;2021-02-26;112303;71013;3040706;1572010
FR;0;2021-02-27;51457;21980;3092163;1593990
FR;0;2021-02-28;5763;4413;3097926;1598403
FR;0;2021-03-01;64130;52789;3162056;1651192
FR;0;2021-03-02;99912;66252;3261968;1717444
FR;0;2021-03-03;114557;65547;3376525;1782991
FR;0;2021-03-04;161653;68879;3538178;1851870
FR;0;2021-03-05;199073;63364;3737251;1915234
FR;0;2021-03-06;206478;17815;3943729;1933049
FR;0;2021-03-07;120375;5470;4064104;1938519
FR;0;2021-03-08;105625;50796;4169729;1989315
FR;0;2021-03-09;170729;56778;4340458;2046093
FR;0;2021-03-10;176807;57210;4517265;2103303
FR;0;2021-03-11;240749;63108;4758014;2166411
FR;0;2021-03-12;292752;53519;5050766;2219930
FR;0;2021-03-13;229755;15307;5280521;2235237
FR;0;2021-03-14;62566;3435;5343087;2238672
FR;0;2021-03-15;156865;32644;5499952;2271316
FR;0;2021-03-16;140000;39528;5639952;2310844
FR;0;2021-03-17;148918;38793;5788870;2349637
FR;0;2021-03-18;165986;44628;5954856;2394265
FR;0;2021-03-19;228082;37474;6182938;2431739
FR;0;2021-03-20;165418;11784;6348356;2443523
FR;0;2021-03-21;49058;2626;6397414;2446149
FR;0;2021-03-22;168192;34287;6565606;2480436
FR;0;2021-03-23;248255;42408;6813861;2522844
FR;0;2021-03-24;254782;43850;7068643;2566694
FR;0;2021-03-25;339630;44758;7408273;2611452
FR;0;2021-03-26;356855;41912;7765128;2653364
FR;0;2021-03-27;194040;16650;7959168;2670014
FR;0;2021-03-28;58651;3732;8017819;2673746
FR;0;2021-03-29;201481;54295;8219300;2728041
FR;0;2021-03-30;283426;69693;8502726;2797734
FR;0;2021-03-31;260976;72939;8763702;2870673
FR;0;2021-04-01;312105;87826;9075807;2958499
FR;0;2021-04-02;279319;92147;9355126;3050646
FR;0;2021-04-03;139806;61863;9494932;3112509
FR;0;2021-04-04;45136;18665;9540068;3131174
FR;0;2021-04-05;59237;11005;9599305;3142179
FR;0;2021-04-06;214780;107883;9814085;3250062
FR;0;2021-04-07;257667;115471;10071752;3365533
FR;0;2021-04-08;334755;121438;10406507;3486971
FR;0;2021-04-09;407346;116508;10813853;3603479
FR;0;2021-04-10;211151;82755;11025004;3686234
FR;0;2021-04-11;55219;34597;11080223;3720831
FR;0;2021-04-12;235013;115236;11315236;3836067
FR;0;2021-04-13;307031;144981;11622267;3981048
FR;0;2021-04-14;291437;139426;11913704;4120474
FR;0;2021-04-15;333647;147876;12247351;4268350
FR;0;2021-04-16;337114;145789;12584465;4414139
FR;0;2021-04-17;187376;90263;12771841;4504402
FR;0;2021-04-18;50773;35428;12822614;4539830
FR;0;2021-04-19;203673;138404;13026287;4678234
FR;0;2021-04-20;251944;170742;13278231;4848976
FR;0;2021-04-21;250776;168820;13529007;5017796
FR;0;2021-04-22;285025;188280;13814032;5206076
FR;0;2021-04-23;293383;183292;14107415;5389368
FR;0;2021-04-24;188976;111580;14296391;5500948
FR;0;2021-04-25;68692;38872;14365083;5539820
FR;0;2021-04-26;219024;156125;14584107;5695945
FR;0;2021-04-27;282201;187523;14866308;5883468
FR;0;2021-04-28;297222;183225;15163530;6066693
FR;0;2021-04-29;354442;196154;15517972;6262847
FR;0;2021-04-30;369667;184859;15887639;6447706
FR;0;2021-05-01;164827;52539;16052466;6500245
FR;0;2021-05-02;90548;37835;16143014;6538080
FR;0;2021-05-03;285406;169661;16428420;6707741
FR;0;2021-05-04;312313;224331;16740733;6932072
FR;0;2021-05-05;322583;224550;17063316;7156622
FR;0;2021-05-06;375430;239227;17438746;7395849
FR;0;2021-05-07;369470;257364;17808216;7653213
FR;0;2021-05-08;220101;66923;18028317;7720136
FR;0;2021-05-09;128664;46762;18156981;7766898
FR;0;2021-05-10;308486;229048;18465467;7995946
FR;0;2021-05-11;400299;258205;18865766;8254151
FR;0;2021-05-12;429652;233267;19295418;8487418
FR;0;2021-05-13;335165;56905;19630583;8544323
FR;0;2021-05-14;450051;167553;20080634;8711876
FR;0;2021-05-15;371083;94038;20451717;8805914
FR;0;2021-05-16;201152;20835;20652869;8826749
FR;0;2021-05-17;372816;149190;21025685;8975939
FR;0;2021-05-18;455387;153214;21481072;9129153
FR;0;2021-05-19;463581;145399;21944653;9274552
FR;0;2021-05-20;502851;160419;22447504;9434971
FR;0;2021-05-21;485719;174611;22933223;9609582
FR;0;2021-05-22;344894;79916;23278117;9689498
FR;0;2021-05-23;160496;14447;23438613;9703945
FR;0;2021-05-24;261029;33263;23699642;9737208
FR;0;2021-05-25;396505;189375;24096147;9926583
FR;0;2021-05-26;409797;188230;24505944;10114813
FR;0;2021-05-27;446160;218762;24952104;10333575
FR;0;2021-05-28;426237;259716;25378341;10593291
FR;0;2021-05-29;297132;149461;25675473;10742752
FR;0;2021-05-30;105943;32632;25781416;10775384
FR;0;2021-05-31;355183;203586;26136599;10978970
FR;0;2021-06-01;420755;251724;26557354;11230694
FR;0;2021-06-02;410418;230969;26967772;11461663
FR;0;2021-06-03;457098;258759;27424870;11720422
FR;0;2021-06-04;449781;304947;27874651;12025369
FR;0;2021-06-05;301734;189117;28176385;12214486
FR;0;2021-06-06;131013;49142;28307398;12263628
FR;0;2021-06-07;333599;262534;28640997;12526162
FR;0;2021-06-08;388813;291379;29029810;12817541
FR;0;2021-06-09;378831;276036;29408641;13093577
FR;0;2021-06-10;396480;289493;29805121;13383070
FR;0;2021-06-11;382308;357664;30187429;13740734
FR;0;2021-06-12;280657;211551;30468086;13952285
FR;0;2021-06-13;103512;74103;30571598;14026388
FR;0;2021-06-14;235718;356090;30807316;14382478
FR;0;2021-06-15;300314;386220;31107630;14768698
FR;0;2021-06-16;308730;357898;31416360;15126596
FR;0;2021-06-17;312435;372349;31728795;15498945
FR;0;2021-06-18;315602;442954;32044397;15941899
FR;0;2021-06-19;222142;274085;32266539;16215984
FR;0;2021-06-20;71917;102666;32338456;16318650
FR;0;2021-06-21;190760;402281;32529216;16720931
FR;0;2021-06-22;218518;467546;32747734;17188477
FR;0;2021-06-23;229019;440116;32976753;17628593
FR;0;2021-06-24;237307;409537;33214060;18038130
FR;0;2021-06-25;222012;522557;33436072;18560687
FR;0;2021-06-26;150577;371007;33586649;18931694
FR;0;2021-06-27;54626;156461;33641275;19088155
FR;0;2021-06-28;150525;453466;33791800;19541621
FR;0;2021-06-29;178180;505847;33969980;20047468
FR;0;2021-06-30;197438;481430;34167418;20528898
FR;0;2021-07-01;212326;457991;34379744;20986889
FR;0;2021-07-02;210391;520727;34590135;21507616
FR;0;2021-07-03;138097;369054;34728232;21876670
FR;0;2021-07-04;54905;141417;34783137;22018087
FR;0;2021-07-05;158122;419741;34941259;22437828
FR;0;2021-07-06;187908;475303;35129167;22913131
FR;0;2021-07-07;202395;439802;35331562;23352933
FR;0;2021-07-08;223329;424488;35554891;23777421
FR;0;2021-07-09;217256;510146;35772147;24287567
FR;0;2021-07-10;143714;339945;35915861;24627512
FR;0;2021-07-11;58402;110190;35974263;24737702
FR;0;2021-07-12;161036;478519;36135299;25216221
FR;0;2021-07-13;278873;528120;36414172;25744341
FR;0;2021-07-14;175559;158007;36589731;25902348
FR;0;2021-07-15;337020;502914;36926751;26405262
FR;0;2021-07-16;369670;496648;37296421;26901910
FR;0;2021-07-17;254216;320279;37550637;27222189
FR;0;2021-07-18;107809;115115;37658446;27337304
FR;0;2021-07-19;277504;425773;37935950;27763077
FR;0;2021-07-20;368135;453484;38304085;28216561
FR;0;2021-07-21;387357;408781;38691442;28625342
FR;0;2021-07-22;431692;388822;39123134;29014164
FR;0;2021-07-23;429157;423200;39552291;29437364
FR;0;2021-07-24;280509;270221;39832800;29707585
FR;0;2021-07-25;118846;80274;39951646;29787859
FR;0;2021-07-26;338844;324113;40290490;30111972
FR;0;2021-07-27;449442;321060;40739932;30433032
FR;0;2021-07-28;442084;290606;41182016;30723638
