fra;vaccin;jour;n_dose1;n_dose2;n_dose3;n_dose4;n_rappel;n_cum_dose1;n_cum_dose2;n_cum_dose3;n_cum_dose4;n_cum_rappel
FR;1;2020-12-27;609;0;0;0;0;609;0;0;0;0
FR;1;2020-12-28;683;1;0;0;0;1292;1;0;0;0
FR;1;2020-12-29;384;0;0;0;0;1676;1;0;0;0
FR;1;2020-12-30;443;0;0;0;0;2119;1;0;0;0
FR;1;2020-12-31;440;1;0;0;0;2559;2;0;0;0
FR;1;2021-01-01;1156;2;0;0;0;3715;4;0;0;0
FR;1;2021-01-02;362;3;0;0;0;4077;7;0;0;0
FR;1;2021-01-03;404;0;0;0;0;4481;7;0;0;0
FR;1;2021-01-04;2109;4;0;0;0;6590;11;0;0;0
FR;1;2021-01-05;7751;3;0;0;0;14341;14;0;0;0
FR;1;2021-01-06;12454;16;0;0;0;26795;30;0;0;0
FR;1;2021-01-07;29461;17;0;0;0;56256;47;0;0;0
FR;1;2021-01-08;37142;17;0;0;0;93398;64;0;0;0
FR;1;2021-01-09;11212;7;0;0;0;104610;71;0;0;0
FR;1;2021-01-10;6006;7;0;0;0;110616;78;0;0;0
FR;1;2021-01-11;39934;22;0;0;0;150550;100;0;0;0
FR;1;2021-01-12;62142;19;0;0;0;212692;119;0;0;0
FR;1;2021-01-13;65119;42;0;0;0;277811;161;0;0;0
FR;1;2021-01-14;81450;149;0;0;0;359261;310;0;0;0
FR;1;2021-01-15;68611;62;0;0;0;427872;372;0;0;0
FR;1;2021-01-16;19901;72;0;0;0;447773;444;0;0;0
FR;1;2021-01-17;10903;51;0;0;0;458676;495;0;0;0
FR;1;2021-01-18;82828;167;0;0;0;541504;662;0;0;0
FR;1;2021-01-19;125919;189;0;0;0;667423;851;0;0;0
FR;1;2021-01-20;132412;182;0;0;0;799835;1033;0;0;0
FR;1;2021-01-21;153057;174;0;0;0;952892;1207;0;0;0
FR;1;2021-01-22;115944;219;0;0;0;1068836;1426;0;0;0
FR;1;2021-01-23;36608;68;0;0;0;1105444;1494;0;0;0
FR;1;2021-01-24;9583;97;0;0;0;1115027;1591;0;0;0
FR;1;2021-01-25;74423;1335;0;0;0;1189450;2926;0;0;0
FR;1;2021-01-26;96454;3490;1;0;0;1285904;6416;1;0;0
FR;1;2021-01-27;103643;6112;0;0;0;1389547;12528;1;0;0
FR;1;2021-01-28;120603;15567;0;0;0;1510150;28095;1;0;0
FR;1;2021-01-29;88889;18173;0;0;0;1599039;46268;1;0;0
FR;1;2021-01-30;27991;4400;0;0;0;1627030;50668;1;0;0
FR;1;2021-01-31;5189;1813;0;0;0;1632219;52481;1;0;0
FR;1;2021-02-01;49725;22042;0;0;0;1681944;74523;1;0;0
FR;1;2021-02-02;67817;36804;0;0;0;1749761;111327;1;0;0
FR;1;2021-02-03;67085;38967;0;0;0;1816846;150294;1;0;0
FR;1;2021-02-04;77140;53174;0;0;0;1893986;203468;1;0;0
FR;1;2021-02-05;63420;46786;0;0;0;1957406;250254;1;0;0
FR;1;2021-02-06;19424;11067;0;0;0;1976830;261321;1;0;0
FR;1;2021-02-07;3664;5591;0;0;0;1980494;266912;1;0;0
FR;1;2021-02-08;36498;47692;0;0;0;2016992;314604;1;0;0
FR;1;2021-02-09;50799;76156;0;0;0;2067791;390760;1;0;0
FR;1;2021-02-10;52066;80857;0;0;0;2119857;471617;1;0;0
FR;1;2021-02-11;63375;103250;0;0;0;2183232;574867;1;0;0
FR;1;2021-02-12;55862;75144;0;0;0;2239094;650011;1;0;0
FR;1;2021-02-13;15463;19351;0;0;0;2254557;669362;1;0;0
FR;1;2021-02-14;3747;7347;0;0;0;2258304;676709;1;0;0
FR;1;2021-02-15;24147;73628;0;0;0;2282451;750337;1;0;0
FR;1;2021-02-16;32775;96425;0;0;0;2315226;846762;1;0;0
FR;1;2021-02-17;35122;101201;20;0;0;2350348;947963;21;0;0
FR;1;2021-02-18;49443;116879;0;0;0;2399791;1064842;21;0;0
FR;1;2021-02-19;45379;87210;1;0;0;2445170;1152052;22;0;0
FR;1;2021-02-20;13389;27170;0;0;0;2458559;1179222;22;0;0
FR;1;2021-02-21;2458;6098;0;0;0;2461017;1185320;22;0;0
FR;1;2021-02-22;24717;69583;2;0;0;2485734;1254903;24;0;0
FR;1;2021-02-23;37428;81322;1;0;0;2523162;1336225;25;0;0
FR;1;2021-02-24;40698;78858;1;0;0;2563860;1415083;26;0;0
FR;1;2021-02-25;50157;87972;1;0;0;2614017;1503055;27;0;0
FR;1;2021-02-26;47217;67601;1;0;0;2661234;1570656;28;0;0
FR;1;2021-02-27;15674;21246;1;0;0;2676908;1591902;29;0;0
FR;1;2021-02-28;3558;4182;2;0;0;2680466;1596084;31;0;0
FR;1;2021-03-01;40189;50000;1;0;0;2720655;1646084;32;0;0
FR;1;2021-03-02;55977;62265;3;0;0;2776632;1708349;35;0;0
FR;1;2021-03-03;61241;60489;0;0;0;2837873;1768838;35;0;0
FR;1;2021-03-04;72998;67354;3;0;0;2910871;1836192;38;0;0
FR;1;2021-03-05;74767;58778;3;0;0;2985638;1894970;41;0;0
FR;1;2021-03-06;82456;15880;2;0;0;3068094;1910850;43;0;0
FR;1;2021-03-07;63724;4494;1;0;0;3131818;1915344;44;0;0
FR;1;2021-03-08;60170;41577;2;0;0;3191988;1956921;46;0;0
FR;1;2021-03-09;85989;47722;1;0;0;3277977;2004643;47;0;0
FR;1;2021-03-10;90916;47954;5;0;0;3368893;2052597;52;0;0
FR;1;2021-03-11;105082;54551;1;0;0;3473975;2107148;53;0;0
FR;1;2021-03-12;104119;45032;1;0;0;3578094;2152180;54;0;0
FR;1;2021-03-13;89201;12622;1;0;0;3667295;2164802;55;0;0
FR;1;2021-03-14;44456;2791;1;0;0;3711751;2167593;56;0;0
FR;1;2021-03-15;95515;28377;3;0;0;3807266;2195970;59;0;0
FR;1;2021-03-16;123587;34333;5;0;0;3930853;2230303;64;0;0
FR;1;2021-03-17;129305;33832;4;0;0;4060158;2264135;68;0;0
FR;1;2021-03-18;142895;39381;5;0;0;4203053;2303516;73;0;0
FR;1;2021-03-19;136246;32303;2;0;0;4339299;2335819;75;0;0
FR;1;2021-03-20;76000;9861;1;0;0;4415299;2345680;76;0;0
FR;1;2021-03-21;26512;2136;1;0;0;4441811;2347816;77;0;0
FR;1;2021-03-22;114757;30619;2;0;0;4556568;2378435;79;0;0
FR;1;2021-03-23;143033;38063;1;0;0;4699601;2416498;80;0;0
FR;1;2021-03-24;142001;38485;0;0;0;4841602;2454983;80;0;0
FR;1;2021-03-25;164998;39696;4;0;0;5006600;2494679;84;0;0
FR;1;2021-03-26;166392;37503;5;1;0;5172992;2532182;89;1;0
FR;1;2021-03-27;110881;15411;1;0;0;5283873;2547593;90;1;0
FR;1;2021-03-28;42305;4210;3;0;0;5326178;2551803;93;1;0
FR;1;2021-03-29;129819;49290;4;0;0;5455997;2601093;97;1;0
FR;1;2021-03-30;167717;63736;5;0;0;5623714;2664829;102;1;0
FR;1;2021-03-31;170937;67635;4;0;0;5794651;2732464;106;1;0
FR;1;2021-04-01;194807;82606;10;0;0;5989458;2815070;116;1;0
FR;1;2021-04-02;164452;86055;7;0;0;6153910;2901125;123;1;0
FR;1;2021-04-03;88245;58087;6;0;0;6242155;2959212;129;1;0
FR;1;2021-04-04;33650;17734;0;0;0;6275805;2976946;129;1;0
FR;1;2021-04-05;46404;9800;11;0;0;6322209;2986746;140;1;0
FR;1;2021-04-06;160311;104020;17;0;0;6482520;3090766;157;1;0
FR;1;2021-04-07;196981;108083;16;0;0;6679501;3198849;173;1;0
FR;1;2021-04-08;222125;113513;13;0;0;6901626;3312362;186;1;0
FR;1;2021-04-09;214555;107827;21;0;0;7116181;3420189;207;1;0
FR;1;2021-04-10;117178;73210;14;0;0;7233359;3493399;221;1;0
FR;1;2021-04-11;40890;29991;6;0;0;7274249;3523390;227;1;0
FR;1;2021-04-12;168465;104349;46;0;0;7442714;3627739;273;1;0
FR;1;2021-04-13;203802;127932;97;1;0;7646516;3755671;370;2;0
FR;1;2021-04-14;208617;122743;207;0;0;7855133;3878414;577;2;0
FR;1;2021-04-15;221674;127698;311;0;0;8076807;4006112;888;2;0
FR;1;2021-04-16;206055;125370;308;0;0;8282862;4131482;1196;2;0
FR;1;2021-04-17;122084;67152;103;0;0;8404946;4198634;1299;2;0
FR;1;2021-04-18;35963;20957;41;0;0;8440909;4219591;1340;2;0
FR;1;2021-04-19;163746;121587;432;0;0;8604655;4341178;1772;2;0
FR;1;2021-04-20;189421;149299;531;0;0;8794076;4490477;2303;2;0
FR;1;2021-04-21;193996;147230;759;0;0;8988072;4637707;3062;2;0
FR;1;2021-04-22;209032;163777;777;0;0;9197104;4801484;3839;2;0
FR;1;2021-04-23;198952;157466;671;0;0;9396056;4958950;4510;2;0
FR;1;2021-04-24;126328;95643;148;0;0;9522384;5054593;4658;2;0
FR;1;2021-04-25;53629;30041;46;0;0;9576013;5084634;4704;2;0
FR;1;2021-04-26;181137;139277;542;0;0;9757150;5223911;5246;2;0
FR;1;2021-04-27;221361;162208;900;0;0;9978511;5386119;6146;2;0
FR;1;2021-04-28;238292;155590;1314;1;1;10216803;5541709;7460;3;1
FR;1;2021-04-29;270282;160971;1208;0;0;10487085;5702680;8668;3;1
FR;1;2021-04-30;271986;148501;1071;0;0;10759071;5851181;9739;3;1
FR;1;2021-05-01;141146;40612;173;0;0;10900217;5891793;9912;3;1
FR;1;2021-05-02;81545;28141;81;0;0;10981762;5919934;9993;3;1
FR;1;2021-05-03;250773;144034;803;0;0;11232535;6063968;10796;3;1
FR;1;2021-05-04;265868;187385;1199;0;0;11498403;6251353;11995;3;1
FR;1;2021-05-05;283870;185478;1267;0;0;11782273;6436831;13262;3;1
FR;1;2021-05-06;309957;183848;1501;0;0;12092230;6620679;14763;3;1
FR;1;2021-05-07;284088;196051;1125;0;0;12376318;6816730;15888;3;1
FR;1;2021-05-08;191658;50108;285;0;0;12567976;6866838;16173;3;1
FR;1;2021-05-09;114054;35115;236;0;0;12682030;6901953;16409;3;1
FR;1;2021-05-10;258205;194454;1186;0;0;12940235;7096407;17595;3;1
FR;1;2021-05-11;318877;210973;1465;0;0;13259112;7307380;19060;3;1
FR;1;2021-05-12;356622;185845;1399;0;0;13615734;7493225;20459;3;1
FR;1;2021-05-13;283442;47505;401;0;0;13899176;7540730;20860;3;1
FR;1;2021-05-14;370491;128513;994;0;0;14269667;7669243;21854;3;1
FR;1;2021-05-15;298086;66126;403;0;0;14567753;7735369;22257;3;1
FR;1;2021-05-16;157773;15485;158;0;0;14725526;7750854;22415;3;1
FR;1;2021-05-17;318924;116193;1439;0;0;15044450;7867047;23854;3;1
FR;1;2021-05-18;383320;111394;1798;0;0;15427770;7978441;25652;3;1
FR;1;2021-05-19;395254;102112;2181;0;0;15823024;8080553;27833;3;1
FR;1;2021-05-20;421798;95904;2047;0;0;16244822;8176457;29880;3;1
FR;1;2021-05-21;399802;97253;1763;0;0;16644624;8273710;31643;3;1
FR;1;2021-05-22;275686;41919;602;0;0;16920310;8315629;32245;3;1
FR;1;2021-05-23;123012;11041;224;0;0;17043322;8326670;32469;3;1
FR;1;2021-05-24;244008;26261;569;0;0;17287330;8352931;33038;3;1
FR;1;2021-05-25;366218;131564;2110;1;0;17653548;8484495;35148;4;1
FR;1;2021-05-26;380811;126522;1993;0;0;18034359;8611017;37141;4;1
FR;1;2021-05-27;406138;128100;1976;0;0;18440497;8739117;39117;4;1
FR;1;2021-05-28;366023;145400;1700;0;0;18806520;8884517;40817;4;1
FR;1;2021-05-29;253823;80943;527;0;0;19060343;8965460;41344;4;1
FR;1;2021-05-30;100974;22573;157;0;0;19161317;8988033;41501;4;1
FR;1;2021-05-31;314309;148925;1282;1;1;19475626;9136958;42783;5;2
FR;1;2021-06-01;361615;166519;1727;1;1;19837241;9303477;44510;6;3
FR;1;2021-06-02;365377;153730;1796;0;0;20202618;9457207;46306;6;3
FR;1;2021-06-03;391407;147516;1651;0;0;20594025;9604723;47957;6;3
FR;1;2021-06-04;364106;175637;1495;1;1;20958131;9780360;49452;7;4
FR;1;2021-06-05;258507;112684;596;0;0;21216638;9893044;50048;7;4
FR;1;2021-06-06;126801;37539;215;0;0;21343439;9930583;50263;7;4
FR;1;2021-06-07;301114;207805;1365;0;0;21644553;10138388;51628;7;4
FR;1;2021-06-08;330828;220795;1642;0;0;21975381;10359183;53270;7;4
FR;1;2021-06-09;336570;211736;1609;0;0;22311951;10570919;54879;7;4
FR;1;2021-06-10;343879;201305;1612;0;0;22655830;10772224;56491;7;4
FR;1;2021-06-11;311888;234922;1299;0;0;22967718;11007146;57790;7;4
FR;1;2021-06-12;244073;150621;435;0;0;23211791;11157767;58225;7;4
FR;1;2021-06-13;100365;60996;188;0;0;23312156;11218763;58413;7;4
FR;1;2021-06-14;207832;288107;1317;1;0;23519988;11506870;59730;8;4
FR;1;2021-06-15;256842;281688;1394;1;0;23776830;11788558;61124;9;4
FR;1;2021-06-16;273641;270562;1263;1;0;24050471;12059120;62387;10;4
FR;1;2021-06-17;268206;244827;1235;1;0;24318677;12303947;63622;11;4
FR;1;2021-06-18;260594;295458;1152;1;0;24579271;12599405;64774;12;4
FR;1;2021-06-19;193447;209500;388;0;0;24772718;12808905;65162;12;4
FR;1;2021-06-20;69703;89110;120;0;0;24842421;12898015;65282;12;4
FR;1;2021-06-21;172360;319755;933;1;1;25014781;13217770;66215;13;5
FR;1;2021-06-22;185859;347856;1100;10;1;25200640;13565626;67315;23;6
FR;1;2021-06-23;204190;339536;1049;0;0;25404830;13905162;68364;23;6
FR;1;2021-06-24;203521;282045;1173;0;0;25608351;14187207;69537;23;6
FR;1;2021-06-25;182653;371773;1197;0;0;25791004;14558980;70734;23;6
FR;1;2021-06-26;131383;278390;504;0;0;25922387;14837370;71238;23;6
FR;1;2021-06-27;52400;122901;145;0;0;25974787;14960271;71383;23;6
FR;1;2021-06-28;136648;368198;1064;0;0;26111435;15328469;72447;23;6
FR;1;2021-06-29;154880;390908;1848;0;0;26266315;15719377;74295;23;6
FR;1;2021-06-30;180046;381951;1666;4;2;26446361;16101328;75961;27;8
FR;1;2021-07-01;201468;332307;1887;5;1;26647829;16433635;77848;32;9
FR;1;2021-07-02;193883;367491;1765;5;2;26841712;16801126;79613;37;11
FR;1;2021-07-03;124471;280434;704;3;1;26966183;17081560;80317;40;12
FR;1;2021-07-04;53951;113689;244;0;0;27020134;17195249;80561;40;12
FR;1;2021-07-05;153948;355929;1500;8;2;27174082;17551178;82061;48;14
FR;1;2021-07-06;173493;382398;1602;45;8;27347575;17933576;83663;93;22
FR;1;2021-07-07;190810;362486;1657;25;4;27538385;18296062;85320;118;26
FR;1;2021-07-08;201560;323084;1826;20;6;27739945;18619146;87146;138;32
FR;1;2021-07-09;189965;387804;1853;3;2;27929910;19006950;88999;141;34
FR;1;2021-07-10;129944;281162;815;1;1;28059854;19288112;89814;142;35
FR;1;2021-07-11;57674;102532;262;0;0;28117528;19390644;90076;142;35
FR;1;2021-07-12;149867;416948;1583;4;0;28267395;19807592;91659;146;35
FR;1;2021-07-13;234260;439277;1805;8;1;28501655;20246869;93464;154;36
FR;1;2021-07-14;171903;151431;418;0;0;28673558;20398300;93882;154;36
FR;1;2021-07-15;279673;424526;1858;1;0;28953231;20822826;95740;155;36
FR;1;2021-07-16;290420;400906;1711;3;1;29243651;21223732;97451;158;37
FR;1;2021-07-17;217336;282053;754;1;0;29460987;21505785;98205;159;37
FR;1;2021-07-18;101999;107235;288;0;0;29562986;21613020;98493;159;37
FR;1;2021-07-19;238198;378773;1497;3;0;29801184;21991793;99990;162;37
FR;1;2021-07-20;305743;380297;1469;0;0;30106927;22372090;101459;162;37
FR;1;2021-07-21;333259;353058;1412;4;2;30440186;22725148;102871;166;39
FR;1;2021-07-22;364659;318926;1502;3;2;30804845;23044074;104373;169;41
FR;1;2021-07-23;349393;343226;1588;4;1;31154238;23387300;105961;173;42
FR;1;2021-07-24;238955;240833;697;1;0;31393193;23628133;106658;174;42
FR;1;2021-07-25;112799;76027;223;0;0;31505992;23704160;106881;174;42
FR;1;2021-07-26;299136;289659;1495;2;2;31805128;23993819;108376;176;44
FR;1;2021-07-27;385826;268227;1458;4;2;32190954;24262046;109834;180;46
FR;1;2021-07-28;390198;251150;1461;4;2;32581152;24513196;111295;184;48
FR;1;2021-07-29;406127;227932;1540;2;0;32987279;24741128;112835;186;48
FR;1;2021-07-30;370732;246740;1638;4;1;33358011;24987868;114473;190;49
FR;1;2021-07-31;243378;165116;793;1;0;33601389;25152984;115266;191;49
FR;1;2021-08-01;105577;47211;233;0;0;33706966;25200195;115499;191;49
FR;1;2021-08-02;297380;213021;1479;2;0;34004346;25413216;116978;193;49
FR;1;2021-08-03;331325;208895;1557;2;1;34335671;25622111;118535;195;50
FR;1;2021-08-04;328022;184097;1439;5;3;34663693;25806208;119974;200;53
FR;1;2021-08-05;301273;193315;1482;0;0;34964966;25999523;121456;200;53
FR;1;2021-08-06;290974;224306;1560;3;1;35255940;26223829;123016;203;54
FR;1;2021-08-07;182652;158807;654;4;3;35438592;26382636;123670;207;57
FR;1;2021-08-08;68886;59115;252;0;0;35507478;26441751;123922;207;57
FR;1;2021-08-09;222775;235517;1444;4;3;35730253;26677268;125366;211;60
FR;1;2021-08-10;252715;240190;1490;2;1;35982968;26917458;126856;213;61
FR;1;2021-08-11;236225;232002;1271;5;1;36219193;27149460;128127;218;62
FR;1;2021-08-12;220774;239978;1487;3;0;36439967;27389438;129614;221;62
FR;1;2021-08-13;201713;238595;1358;2;2;36641680;27628033;130972;223;64
FR;1;2021-08-14;122853;174072;646;0;0;36764533;27802105;131618;223;64
FR;1;2021-08-15;34698;46132;200;1;0;36799231;27848237;131818;224;64
FR;1;2021-08-16;156951;289590;1423;0;0;36956182;28137827;133241;224;64
FR;1;2021-08-17;171602;291234;1422;5;1;37127784;28429061;134663;229;65
FR;1;2021-08-18;161422;286842;1392;6;3;37289206;28715903;136055;235;68
FR;1;2021-08-19;148939;277574;1403;1;0;37438145;28993477;137458;236;68
FR;1;2021-08-20;140501;309086;1532;2;2;37578646;29302563;138990;238;70
FR;1;2021-08-21;84268;213210;586;0;0;37662914;29515773;139576;238;70
FR;1;2021-08-22;28571;82698;232;0;0;37691485;29598471;139808;238;70
FR;1;2021-08-23;118661;321055;1422;2;1;37810146;29919526;141230;240;71
FR;1;2021-08-24;126648;319801;1602;5;1;37936794;30239327;142832;245;72
FR;1;2021-08-25;121516;306519;1779;8;2;38058310;30545846;144611;253;74
FR;1;2021-08-26;106626;286130;2161;10;0;38164936;30831976;146772;263;74
FR;1;2021-08-27;107652;321667;2301;9;3;38272588;31153643;149073;272;77
FR;1;2021-08-28;71016;220699;1100;0;0;38343604;31374342;150173;272;77
FR;1;2021-08-29;24149;78188;469;1;0;38367753;31452530;150642;273;77
FR;1;2021-08-30;96877;286442;4312;6;5069;38464630;31738972;154954;279;5146
FR;1;2021-08-31;98099;276319;9293;15;10118;38562729;32015291;164247;294;15264
FR;1;2021-09-01;112280;245341;21113;7;22132;38675009;32260632;185360;301;37396
FR;1;2021-09-02;86695;197959;24527;18;25481;38761704;32458591;209887;319;62877
FR;1;2021-09-03;82392;227559;26953;21;28021;38844096;32686150;236840;340;90898
FR;1;2021-09-04;71617;189733;11140;11;11683;38915713;32875883;247980;351;102581
FR;1;2021-09-05;18608;41158;4124;2;4280;38934321;32917041;252104;353;106861
FR;1;2021-09-06;59539;151504;30178;15;31194;38993860;33068545;282282;368;138055
FR;1;2021-09-07;57374;139692;30207;30;31209;39051234;33208237;312489;398;169264
FR;1;2021-09-08;72317;173817;26922;22;27913;39123551;33382054;339411;420;197177
FR;1;2021-09-09;54458;124497;28619;24;29695;39178009;33506551;368030;444;226872
FR;1;2021-09-10;66167;152115;30446;24;31643;39244176;33658666;398476;468;258515
FR;1;2021-09-11;52681;146628;9730;14;10337;39296857;33805294;408206;482;268852
FR;1;2021-09-12;10793;29274;2484;1;2645;39307650;33834568;410690;483;271497
FR;1;2021-09-13;51474;104485;38744;31;40014;39359124;33939053;449434;514;311511
FR;1;2021-09-14;53300;96034;51268;66;53093;39412424;34035087;500702;580;364604
FR;1;2021-09-15;60512;139291;50484;55;47035;39472936;34174378;551186;635;411639
FR;1;2021-09-16;46598;81421;53333;70;49539;39519534;34255799;604519;705;461178
FR;1;2021-09-17;53190;109358;45067;61;42673;39572724;34365157;649586;766;503851
FR;1;2021-09-18;37859;118497;11796;19;11270;39610583;34483654;661382;785;515121
FR;1;2021-09-19;6505;21042;2038;1;1980;39617088;34504696;663420;786;517101
FR;1;2021-09-20;36489;74888;46223;65;44168;39653577;34579584;709643;851;561269
FR;1;2021-09-21;34168;68146;56257;70;52680;39687745;34647730;765900;921;613949
FR;1;2021-09-22;38811;118609;49869;76;46880;39726556;34766339;815769;997;660829
FR;1;2021-09-23;32000;62911;54495;85;50886;39758556;34829250;870264;1082;711715
FR;1;2021-09-24;36765;90078;43658;89;41917;39795321;34919328;913922;1171;753632
FR;1;2021-09-25;27644;96700;12303;27;12177;39822965;35016028;926225;1198;765809
FR;1;2021-09-26;4376;15192;1773;5;1696;39827341;35031220;927998;1203;767505
FR;1;2021-09-27;27336;60232;42905;89;41615;39854677;35091452;970903;1292;809120
FR;1;2021-09-28;26882;49470;47190;75;44445;39881559;35140922;1018093;1367;853565
FR;1;2021-09-29;35890;80366;47267;87;45571;39917449;35221288;1065360;1454;899136
FR;1;2021-09-30;26046;46886;47521;80;45435;39943495;35268174;1112881;1534;944571
FR;1;2021-10-01;47285;66899;44882;83;44581;39990780;35335073;1157763;1617;989152
FR;1;2021-10-02;32369;62417;16112;32;16316;40023149;35397490;1173875;1649;1005468
FR;1;2021-10-03;4338;8563;2038;3;2032;40027487;35406053;1175913;1652;1007500
FR;1;2021-10-04;28920;44447;47098;79;46949;40056407;35450500;1223011;1731;1054449
FR;1;2021-10-05;24512;41661;49877;116;49297;40080919;35492161;1272888;1847;1103746
FR;1;2021-10-06;34623;61396;57491;102;57207;40115542;35553557;1330379;1949;1160953
FR;1;2021-10-07;21037;39897;53034;75;51950;40136579;35593454;1383413;2024;1212903
FR;1;2021-10-08;35638;59650;60387;83;61119;40172217;35653104;1443800;2107;1274022
FR;1;2021-10-09;27444;48015;25493;29;26010;40199661;35701119;1469293;2136;1300032
FR;1;2021-10-10;3710;5809;2753;7;2860;40203371;35706928;1472046;2143;1302892
FR;1;2021-10-11;24822;38241;54579;88;55243;40228193;35745169;1526625;2231;1358135
FR;1;2021-10-12;23332;36585;58060;127;59172;40251525;35781754;1584685;2358;1417307
FR;1;2021-10-13;32912;47843;64165;124;65669;40284437;35829597;1648850;2482;1482976
FR;1;2021-10-14;21669;34797;53756;103;54341;40306106;35864394;1702606;2585;1537317
FR;1;2021-10-15;32696;48814;72320;165;74980;40338802;35913208;1774926;2750;1612297
FR;1;2021-10-16;25984;35307;34865;44;36407;40364786;35948515;1809791;2794;1648704
FR;1;2021-10-17;3108;4052;3410;2;3312;40367894;35952567;1813201;2796;1652016
FR;1;2021-10-18;24105;34895;66828;131;69698;40391999;35987462;1880029;2927;1721714
FR;1;2021-10-19;20683;35600;75650;135;79544;40412682;36023062;1955679;3062;1801258
FR;1;2021-10-20;29871;44244;96169;178;99821;40442553;36067306;2051848;3240;1901079
FR;1;2021-10-21;19767;35092;83167;107;87020;40462320;36102398;2135015;3347;1988099
FR;1;2021-10-22;29721;47780;103729;196;109665;40492041;36150178;2238744;3543;2097764
FR;1;2021-10-23;23026;35152;44867;57;47377;40515067;36185330;2283611;3600;2145141
FR;1;2021-10-24;2380;3850;3582;6;3724;40517447;36189180;2287193;3606;2148865
FR;1;2021-10-25;22413;30773;82014;143;85796;40539860;36219953;2369207;3749;2234661
FR;1;2021-10-26;19328;27673;86092;162;90306;40559188;36247626;2455299;3911;2324967
FR;1;2021-10-27;26189;39660;107796;252;112681;40585377;36287286;2563095;4163;2437648
FR;1;2021-10-28;18780;27138;86937;150;91669;40604157;36314424;2650032;4313;2529317
FR;1;2021-10-29;25924;40279;114817;200;121608;40630081;36354703;2764849;4513;2650925
FR;1;2021-10-30;17692;28727;49360;74;51944;40647773;36383430;2814209;4587;2702869
FR;1;2021-10-31;2059;3177;3447;2;3684;40649832;36386607;2817656;4589;2706553
FR;1;2021-11-01;7920;4268;3027;3;3285;40657752;36390875;2820683;4592;2709838
FR;1;2021-11-02;22790;33242;92385;156;97791;40680542;36424117;2913068;4748;2807629
FR;1;2021-11-03;26585;41611;117484;215;123852;40707127;36465728;3030552;4963;2931481
FR;1;2021-11-04;19592;30342;105796;213;111915;40726719;36496070;3136348;5176;3043396
FR;1;2021-11-05;26999;42352;138765;229;147408;40753718;36538422;3275113;5405;3190804
FR;1;2021-11-06;18839;29830;63477;123;66477;40772557;36568252;3338590;5528;3257281
FR;1;2021-11-07;1808;3293;4972;6;5301;40774365;36571545;3343562;5534;3262582
FR;1;2021-11-08;17840;32291;125986;224;132603;40792205;36603836;3469548;5758;3395185
FR;1;2021-11-09;19483;37670;159280;334;169049;40811688;36641506;3628828;6092;3564234
FR;1;2021-11-10;28851;49190;181883;440;192487;40840539;36690696;3810711;6532;3756721
FR;1;2021-11-11;4149;5950;12221;26;13020;40844688;36696646;3822932;6558;3769741
FR;1;2021-11-12;26000;46899;174795;244;186446;40870688;36743545;3997727;6802;3956187
FR;1;2021-11-13;18727;29194;76818;111;81759;40889415;36772739;4074545;6913;4037946
FR;1;2021-11-14;2041;3268;6817;5;7359;40891456;36776007;4081362;6918;4045305
FR;1;2021-11-15;18753;34827;156398;304;166212;40910209;36810834;4237760;7222;4211517
FR;1;2021-11-16;21342;37922;192099;378;204932;40931551;36848756;4429859;7600;4416449
FR;1;2021-11-17;28637;45654;193204;398;205002;40960188;36894410;4623063;7998;4621451
FR;1;2021-11-18;21121;39425;182472;458;194511;40981309;36933835;4805535;8456;4815962
FR;1;2021-11-19;30870;53443;230221;530;246688;41012179;36987278;5035756;8986;5062650
FR;1;2021-11-20;23751;33251;96975;201;103604;41035930;37020529;5132731;9187;5166254
FR;1;2021-11-21;2327;3948;9107;19;9944;41038257;37024477;5141838;9206;5176198
FR;1;2021-11-22;21405;30437;175880;465;189413;41059662;37054914;5317718;9671;5365611
FR;1;2021-11-23;24009;41106;221163;540;237895;41083671;37096020;5538881;10211;5603506
FR;1;2021-11-24;30282;49768;217321;701;234469;41113953;37145788;5756202;10912;5837975
FR;1;2021-11-25;23704;44068;244449;718;264089;41137657;37189856;6000651;11630;6102064
FR;1;2021-11-26;30615;66766;356783;834;388490;41168272;37256622;6357434;12464;6490554
FR;1;2021-11-27;21942;45386;202604;371;222611;41190214;37302008;6560038;12835;6713165
FR;1;2021-11-28;3164;9625;54779;63;61019;41193378;37311633;6614817;12898;6774184
FR;1;2021-11-29;17875;49535;326349;839;354398;41211253;37361168;6941166;13737;7128582
FR;1;2021-11-30;22783;64953;431114;952;470725;41234036;37426121;7372280;14689;7599307
FR;1;2021-12-01;25319;69342;442846;1129;481718;41259355;37495463;7815126;15818;8081025
FR;1;2021-12-02;20059;64588;489348;1228;532838;41279414;37560051;8304474;17046;8613863
FR;1;2021-12-03;22889;82556;542726;1309;591758;41302303;37642607;8847200;18355;9205621
FR;1;2021-12-04;16391;53966;299071;652;328915;41318694;37696573;9146271;19007;9534536
FR;1;2021-12-05;3632;13876;81520;143;91054;41322326;37710449;9227791;19150;9625590
FR;1;2021-12-06;25754;62681;415410;1064;455131;41348080;37773130;9643201;20214;10080721
FR;1;2021-12-07;19989;75688;522927;1535;572522;41368069;37848818;10166128;21749;10653243
FR;1;2021-12-08;21684;75793;458346;1544;502060;41389753;37924611;10624474;23293;11155303
FR;1;2021-12-09;19438;74071;492875;1625;540772;41409191;37998682;11117349;24918;11696075
FR;1;2021-12-10;23299;87762;547357;1585;599961;41432490;38086444;11664706;26503;12296036
FR;1;2021-12-11;16533;59245;302723;748;335472;41449023;38145689;11967429;27251;12631508
FR;1;2021-12-12;4361;15981;83205;179;94059;41453384;38161670;12050634;27430;12725567
FR;1;2021-12-13;15747;63750;366929;1094;406255;41469131;38225420;12417563;28524;13131822
FR;1;2021-12-14;20832;80400;464669;1745;515128;41489963;38305820;12882232;30269;13646950
FR;1;2021-12-15;21590;77553;409039;1309;453119;41511553;38383373;13291271;31578;14100069
FR;1;2021-12-16;20034;77382;451811;1578;500576;41531587;38460755;13743082;33156;14600645
FR;1;2021-12-17;22605;86727;479892;1733;530969;41554192;38547482;14222974;34889;15131614
FR;1;2021-12-18;17598;54711;257599;730;288494;41571790;38602193;14480573;35619;15420108
FR;1;2021-12-19;5550;17054;79164;194;90718;41577340;38619247;14559737;35813;15510826
FR;1;2021-12-20;20928;63189;316205;1080;355278;41598268;38682436;14875942;36893;15866104
FR;1;2021-12-21;26322;73161;372706;1422;418049;41624590;38755597;15248648;38315;16284153
FR;1;2021-12-22;24975;65976;310596;1216;349582;41649565;38821573;15559244;39531;16633735
FR;1;2021-12-23;21261;52346;241464;955;273026;41670826;38873919;15800708;40486;16906761
FR;1;2021-12-24;7121;18366;67146;258;77066;41677947;38892285;15867854;40744;16983827
FR;1;2021-12-25;506;2858;5582;15;6536;41678453;38895143;15873436;40759;16990363
FR;1;2021-12-26;2748;7588;26934;71;31458;41681201;38902731;15900370;40830;17021821
FR;1;2021-12-27;18303;53598;235096;705;265747;41699504;38956329;16135466;41535;17287568
FR;1;2021-12-28;23291;62066;292017;1026;330211;41722795;39018395;16427483;42561;17617779
FR;1;2021-12-29;22209;55578;254972;920;288192;41745004;39073973;16682455;43481;17905971
FR;1;2021-12-30;21235;46583;212147;858;239626;41766239;39120556;16894602;44339;18145597
FR;1;2021-12-31;7463;16603;61859;229;70399;41773702;39137159;16956461;44568;18215996
FR;1;2022-01-01;1057;2487;5655;30;6582;41774759;39139646;16962116;44598;18222578
FR;1;2022-01-02;3060;8054;28887;50;33523;41777819;39147700;16991003;44648;18256101
FR;1;2022-01-03;23562;54291;228219;786;257684;41801381;39201991;17219222;45434;18513785
FR;1;2022-01-04;25905;65071;299231;1239;337276;41827286;39267062;17518453;46673;18851061
FR;1;2022-01-05;30243;64312;274850;1096;310213;41857529;39331374;17793303;47769;19161274
FR;1;2022-01-06;26776;66282;306865;1398;346523;41884305;39397656;18100168;49167;19507797
FR;1;2022-01-07;31546;75041;349820;1537;393962;41915851;39472697;18449988;50704;19901759
FR;1;2022-01-08;23382;51394;222481;698;251105;41939233;39524091;18672469;51402;20152864
FR;1;2022-01-09;7077;17143;66021;163;76141;41946310;39541234;18738490;51565;20229005
FR;1;2022-01-10;21729;60747;236768;954;267610;41968039;39601981;18975258;52519;20496615
FR;1;2022-01-11;26729;63532;282264;1277;317805;41994768;39665513;19257522;53796;20814420
FR;1;2022-01-12;28892;62526;246231;1104;278019;42023660;39728039;19503753;54900;21092439
FR;1;2022-01-13;24722;60201;262777;1252;296114;42048382;39788240;19766530;56152;21388553
FR;1;2022-01-14;27947;66737;313980;1366;351245;42076329;39854977;20080510;57518;21739798
FR;1;2022-01-15;19330;44381;199300;619;223859;42095659;39899358;20279810;58137;21963657
FR;1;2022-01-16;5148;12951;51520;135;59568;42100807;39912309;20331330;58272;22023225
FR;1;2022-01-17;16843;39757;184814;780;206853;42117650;39952066;20516144;59052;22230078
FR;1;2022-01-18;19430;45981;212397;1154;237014;42137080;39998047;20728541;60206;22467092
FR;1;2022-01-19;20289;44001;176088;897;197193;42157369;40042048;20904629;61103;22664285
FR;1;2022-01-20;16773;40587;183654;1136;204726;42174142;40082635;21088283;62239;22869011
FR;1;2022-01-21;19895;47093;228939;1405;253331;42194037;40129728;21317222;63644;23122342
FR;1;2022-01-22;13835;33355;144487;578;161385;42207872;40163083;21461709;64222;23283727
FR;1;2022-01-23;3349;8768;33421;132;38322;42211221;40171851;21495130;64354;23322049
FR;1;2022-01-24;11793;33000;142191;709;158245;42223014;40204851;21637321;65063;23480294
FR;1;2022-01-25;14199;38236;163372;1048;181536;42237213;40243087;21800693;66111;23661830
FR;1;2022-01-26;14858;37663;150237;932;166330;42252071;40280750;21950930;67043;23828160
FR;1;2022-01-27;12331;33234;143442;886;157967;42264402;40313984;22094372;67929;23986127
FR;1;2022-01-28;16310;56152;198303;1145;222430;42280712;40370136;22292675;69074;24208557
FR;1;2022-01-29;10264;35434;135197;524;151538;42290976;40405570;22427872;69598;24360095
FR;1;2022-01-30;2479;9268;29680;86;34469;42293455;40414838;22457552;69684;24394564
FR;1;2022-01-31;8755;32512;104335;532;117399;42302210;40447350;22561887;70216;24511963
FR;1;2022-02-01;10812;36512;127062;863;141266;42313022;40483862;22688949;71079;24653229
FR;1;2022-02-02;11837;41591;130338;782;145858;42324859;40525453;22819287;71861;24799087
FR;1;2022-02-03;9212;33980;116998;784;130358;42334071;40559433;22936285;72645;24929445
FR;1;2022-02-04;11506;48191;172572;967;192787;42345577;40607624;23108857;73612;25122232
FR;1;2022-02-05;7988;33948;117576;391;133055;42353565;40641572;23226433;74003;25255287
FR;1;2022-02-06;1702;8013;22749;85;26913;42355267;40649585;23249182;74088;25282200
FR;1;2022-02-07;7286;35441;119077;455;134973;42362553;40685026;23368259;74543;25417173
FR;1;2022-02-08;7722;31917;125636;693;140623;42370275;40716943;23493895;75236;25557796
FR;1;2022-02-09;8603;36497;135242;696;152485;42378878;40753440;23629137;75932;25710281
FR;1;2022-02-10;6979;29889;116357;674;130140;42385857;40783329;23745494;76606;25840421
FR;1;2022-02-11;8652;41510;165126;877;185347;42394509;40824839;23910620;77483;26025768
FR;1;2022-02-12;5316;27585;106696;378;120878;42399825;40852424;24017316;77861;26146646
FR;1;2022-02-13;1227;5712;21714;65;25329;42401052;40858136;24039030;77926;26171975
FR;1;2022-02-14;5447;27199;118069;392;133096;42406499;40885335;24157099;78318;26305071
FR;1;2022-02-15;5754;28821;118904;610;132534;42412253;40914156;24276003;78928;26437605
FR;1;2022-02-16;5735;28452;110412;596;123045;42417988;40942608;24386415;79524;26560650
FR;1;2022-02-17;4605;19691;73129;487;80228;42422593;40962299;24459544;80011;26640878
FR;1;2022-02-18;5600;26750;99185;670;108143;42428193;40989049;24558729;80681;26749021
FR;1;2022-02-19;3547;17169;59473;304;66054;42431740;41006218;24618202;80985;26815075
FR;1;2022-02-20;787;3252;10701;36;12328;42432527;41009470;24628903;81021;26827403
FR;1;2022-02-21;3419;14585;52814;286;57663;42435946;41024055;24681717;81307;26885066
FR;1;2022-02-22;3784;15519;51899;500;55634;42439730;41039574;24733616;81807;26940700
FR;1;2022-02-23;4218;17789;57467;508;62568;42443948;41057363;24791083;82315;27003268
FR;1;2022-02-24;3337;13040;43610;435;46400;42447285;41070403;24834693;82750;27049668
FR;1;2022-02-25;4469;19790;64903;695;68775;42451754;41090193;24899596;83445;27118443
FR;1;2022-02-26;2692;12796;41362;310;45115;42454446;41102989;24940958;83755;27163558
FR;1;2022-02-27;644;2183;7125;42;7990;42455090;41105172;24948083;83797;27171548
FR;1;2022-02-28;2612;10456;34945;305;37372;42457702;41115628;24983028;84102;27208920
FR;1;2022-03-01;3417;10706;38690;390;39642;42461119;41126334;25021718;84492;27248562
FR;1;2022-03-02;3629;12146;41844;397;43912;42464748;41138480;25063562;84889;27292474
FR;1;2022-03-03;2435;7932;26169;326;26503;42467183;41146412;25089731;85215;27318977
FR;1;2022-03-04;2682;10402;35418;590;34912;42469865;41156814;25125149;85805;27353889
FR;1;2022-03-05;1816;6343;21960;278;22355;42471681;41163157;25147109;86083;27376244
FR;1;2022-03-06;354;951;2915;38;3118;42472035;41164108;25150024;86121;27379362
FR;1;2022-03-07;1700;4695;16427;245;15893;42473735;41168803;25166451;86366;27395255
FR;1;2022-03-08;1651;5242;17161;307;15988;42475386;41174045;25183612;86673;27411243
FR;1;2022-03-09;1948;6667;19805;368;19163;42477334;41180712;25203417;87041;27430406
FR;1;2022-03-10;1365;4762;15270;306;14309;42478699;41185474;25218687;87347;27444715
FR;1;2022-03-11;1748;6382;21699;481;19850;42480447;41191856;25240386;87828;27464565
FR;1;2022-03-12;1228;4647;15359;280;14908;42481675;41196503;25255745;88108;27479473
FR;1;2022-03-13;242;607;2117;118;2064;42481917;41197110;25257862;88226;27481537
FR;1;2022-03-14;1137;3666;13396;3878;12518;42483054;41200776;25271258;92104;27494055
FR;1;2022-03-15;1362;5647;14643;6862;13239;42484416;41206423;25285901;98966;27507294
FR;1;2022-03-16;1666;4992;17382;11517;16441;42486082;41211415;25303283;110483;27523735
FR;1;2022-03-17;1156;3420;11711;9643;10812;42487238;41214835;25314994;120126;27534547
FR;1;2022-03-18;1721;4913;17954;16490;16391;42488959;41219748;25332948;136616;27550938
FR;1;2022-03-19;1121;3296;11887;8455;11355;42490080;41223044;25344835;145071;27562293
FR;1;2022-03-20;222;555;1723;1014;1757;42490302;41223599;25346558;146085;27564050
FR;1;2022-03-21;1081;2751;11488;13448;10836;42491383;41226350;25358046;159533;27574886
FR;1;2022-03-22;1218;3203;12248;18690;11239;42492601;41229553;25370294;178223;27586125
FR;1;2022-03-23;1490;4300;16013;20109;15695;42494091;41233853;25386307;198332;27601820
FR;1;2022-03-24;1103;2736;10388;16046;9649;42495194;41236589;25396695;214378;27611469
FR;1;2022-03-25;1527;4332;16723;25294;15372;42496721;41240921;25413418;239672;27626841
FR;1;2022-03-26;1103;3009;10851;11449;10512;42497824;41243930;25424269;251121;27637353
FR;1;2022-03-27;232;542;1748;1380;1800;42498056;41244472;25426017;252501;27639153
FR;1;2022-03-28;1077;2475;9967;15881;9591;42499133;41246947;25435984;268382;27648744
FR;1;2022-03-29;1138;2734;11547;25083;10910;42500271;41249681;25447531;293465;27659654
FR;1;2022-03-30;1618;3541;14158;24167;13692;42501889;41253222;25461689;317632;27673346
FR;1;2022-03-31;1276;2991;11683;22629;11191;42503165;41256213;25473372;340261;27684537
FR;1;2022-04-01;2198;4008;18452;28500;17321;42505363;41260221;25491824;368761;27701858
FR;1;2022-04-02;907;1869;8189;9214;7935;42506270;41262090;25500013;377975;27709793
FR;1;2022-04-03;200;371;1432;1054;1433;42506470;41262461;25501445;379029;27711226
FR;1;2022-04-04;1507;2427;11357;17656;10741;42507977;41264888;25512802;396685;27721967
FR;1;2022-04-05;1390;2645;12989;31169;12012;42509367;41267533;25525791;427854;27733979
FR;1;2022-04-06;1405;2910;12186;23911;11618;42510772;41270443;25537977;451765;27745597
FR;1;2022-04-07;1216;2675;12330;31043;11795;42511988;41273118;25550307;482808;27757392
FR;1;2022-04-08;1594;3584;17541;40568;16450;42513582;41276702;25567848;523376;27773842
FR;1;2022-04-09;815;1982;8401;12492;8099;42514397;41278684;25576249;535868;27781941
FR;1;2022-04-10;193;491;1833;1849;1876;42514590;41279175;25578082;537717;27783817
FR;1;2022-04-11;1010;2222;10956;22305;10665;42515600;41281397;25589038;560022;27794482
FR;1;2022-04-12;1273;2603;12806;38090;12293;42516873;41284000;25601844;598112;27806775
FR;1;2022-04-13;1230;2813;12262;30584;11992;42518103;41286813;25614106;628696;27818767
FR;1;2022-04-14;1206;2496;12078;33552;12082;42519309;41289309;25626184;662248;27830849
FR;1;2022-04-15;1467;2910;14386;33188;13759;42520776;41292219;25640570;695436;27844608
FR;1;2022-04-16;656;1391;5839;7983;5763;42521432;41293610;25646409;703419;27850371
FR;1;2022-04-17;153;274;929;1119;971;42521585;41293884;25647338;704538;27851342
FR;1;2022-04-18;146;460;2633;998;2656;42521731;41294344;25649971;705536;27853998
FR;1;2022-04-19;1223;2575;11772;27886;11504;42522954;41296919;25661743;733422;27865502
FR;1;2022-04-20;1322;2618;12161;26811;12001;42524276;41299537;25673904;760233;27877503
FR;1;2022-04-21;1220;2441;11524;33123;11690;42525496;41301978;25685428;793356;27889193
FR;1;2022-04-22;1502;3056;15191;35463;14773;42526998;41305034;25700619;828819;27903966
FR;1;2022-04-23;756;1566;6729;9889;6635;42527754;41306600;25707348;838708;27910601
FR;1;2022-04-24;195;361;1373;1520;1326;42527949;41306961;25708721;840228;27911927
FR;1;2022-04-25;1019;2111;9850;19681;9748;42528968;41309072;25718571;859909;27921675
FR;1;2022-04-26;1332;2597;12587;36531;12194;42530300;41311669;25731158;896440;27933869
FR;1;2022-04-27;1316;2392;10639;29148;10775;42531616;41314061;25741797;925588;27944644
FR;1;2022-04-28;1263;2366;11551;34158;11389;42532879;41316427;25753348;959746;27956033
FR;1;2022-04-29;1592;3476;14387;35487;13826;42534471;41319903;25767735;995233;27969859
FR;1;2022-04-30;821;1450;6442;9162;6284;42535292;41321353;25774177;1004395;27976143
FR;1;2022-05-01;175;281;824;947;818;42535467;41321634;25775001;1005342;27976961
FR;1;2022-05-02;1167;2450;10352;16859;10246;42536634;41324084;25785353;1022201;27987207
FR;1;2022-05-03;1465;2800;12687;32818;12580;42538099;41326884;25798040;1055019;27999787
FR;1;2022-05-04;1323;2684;11209;23767;11362;42539422;41329568;25809249;1078786;28011149
FR;1;2022-05-05;1426;2517;12157;31710;12083;42540848;41332085;25821406;1110496;28023232
FR;1;2022-05-06;1732;3202;14205;34844;13772;42542580;41335287;25835611;1145340;28037004
FR;1;2022-05-07;841;1456;5970;9084;6002;42543421;41336743;25841581;1154424;28043006
FR;1;2022-05-08;186;325;1059;1469;1121;42543607;41337068;25842640;1155893;28044127
FR;1;2022-05-09;1059;1981;9231;19243;9143;42544666;41339049;25851871;1175136;28053270
FR;1;2022-05-10;1419;2692;12581;36964;12173;42546085;41341741;25864452;1212100;28065443
FR;1;2022-05-11;1409;2398;9887;25956;9814;42547494;41344139;25874339;1238056;28075257
FR;1;2022-05-12;1285;2357;10479;33484;10168;42548779;41346496;25884818;1271540;28085425
FR;1;2022-05-13;1593;2763;12743;35677;12386;42550372;41349259;25897561;1307217;28097811
FR;1;2022-05-14;775;1298;5477;10206;5359;42551147;41350557;25903038;1317423;28103170
FR;1;2022-05-15;219;392;1180;1345;1244;42551366;41350949;25904218;1318768;28104414
FR;1;2022-05-16;951;1737;8056;20057;8108;42552317;41352686;25912274;1338825;28112522
FR;1;2022-05-17;1273;2242;11109;36116;10713;42553590;41354928;25923383;1374941;28123235
FR;1;2022-05-18;1282;2089;9023;25667;8972;42554872;41357017;25932406;1400608;28132207
FR;1;2022-05-19;1173;2362;9823;33884;9918;42556045;41359379;25942229;1434492;28142125
FR;1;2022-05-20;1550;2726;12503;37620;12087;42557595;41362105;25954732;1472112;28154212
FR;1;2022-05-21;773;1360;5241;9372;5160;42558368;41363465;25959973;1481484;28159372
FR;1;2022-05-22;190;284;947;1392;947;42558558;41363749;25960920;1482876;28160319
FR;1;2022-05-23;950;1808;8363;19394;8321;42559508;41365557;25969283;1502270;28168640
FR;1;2022-05-24;1275;2420;10708;37168;10551;42560783;41367977;25979991;1539438;28179191
FR;1;2022-05-25;1259;2259;8785;23653;8943;42562042;41370236;25988776;1563091;28188134
FR;1;2022-05-26;161;347;1573;1146;1566;42562203;41370583;25990349;1564237;28189700
FR;1;2022-05-27;1100;2155;8773;20427;8523;42563303;41372738;25999122;1584664;28198223
FR;1;2022-05-28;481;1031;3684;6529;3721;42563784;41373769;26002806;1591193;28201944
FR;1;2022-05-29;118;256;706;890;716;42563902;41374025;26003512;1592083;28202660
FR;1;2022-05-30;807;1709;6555;18529;6582;42564709;41375734;26010067;1610612;28209242
FR;1;2022-05-31;1260;2180;9238;34334;9105;42565969;41377914;26019305;1644946;28218347
FR;1;2022-06-01;1272;2563;10431;23372;10294;42567241;41380477;26029736;1668318;28228641
FR;1;2022-06-02;1207;2258;10665;34051;10222;42568448;41382735;26040401;1702369;28238863
FR;1;2022-06-03;1398;2696;12690;37077;12111;42569846;41385431;26053091;1739446;28250974
FR;1;2022-06-04;675;1255;4745;8670;4821;42570521;41386686;26057836;1748116;28255795
FR;1;2022-06-05;126;283;808;1046;830;42570647;41386969;26058644;1749162;28256625
FR;1;2022-06-06;199;672;2002;1175;1995;42570846;41387641;26060646;1750337;28258620
FR;1;2022-06-07;1126;2266;9165;34011;8824;42571972;41389907;26069811;1784348;28267444
FR;1;2022-06-08;1080;2190;8659;27520;8536;42573052;41392097;26078470;1811868;28275980
FR;1;2022-06-09;1043;2112;9964;37502;9644;42574095;41394209;26088434;1849370;28285624
FR;1;2022-06-10;1316;2534;12375;43040;11947;42575411;41396743;26100809;1892410;28297571
FR;1;2022-06-11;653;1437;5137;11073;5183;42576064;41398180;26105946;1903483;28302754
FR;1;2022-06-12;150;360;1012;1680;1067;42576214;41398540;26106958;1905163;28303821
FR;1;2022-06-13;887;1763;6997;22193;6853;42577101;41400303;26113955;1927356;28310674
FR;1;2022-06-14;1073;2127;9825;42742;9227;42578174;41402430;26123780;1970098;28319901
FR;1;2022-06-15;1048;1904;8755;29352;8439;42579222;41404334;26132535;1999450;28328340
FR;1;2022-06-16;926;1782;9368;38409;8845;42580148;41406116;26141903;2037859;28337185
FR;1;2022-06-17;1203;2518;11862;44754;11349;42581351;41408634;26153765;2082613;28348534
FR;1;2022-06-18;556;1253;4311;10538;4247;42581907;41409887;26158076;2093151;28352781
FR;1;2022-06-19;137;316;1001;1541;1080;42582044;41410203;26159077;2094692;28353861
FR;1;2022-06-20;851;1667;8477;25027;8140;42582895;41411870;26167554;2119719;28362001
FR;1;2022-06-21;1091;2103;9751;47711;8840;42583986;41413973;26177305;2167430;28370841
FR;1;2022-06-22;1015;2003;8420;37076;7921;42585001;41415976;26185725;2204506;28378762
FR;1;2022-06-23;1042;2116;10114;52756;9384;42586043;41418092;26195839;2257262;28388146
FR;1;2022-06-24;1237;2679;12891;65856;11666;42587280;41420771;26208730;2323118;28399812
FR;1;2022-06-25;679;1496;5918;18911;5699;42587959;41422267;26214648;2342029;28405511
FR;1;2022-06-26;166;400;1816;3491;1707;42588125;41422667;26216464;2345520;28407218
FR;1;2022-06-27;929;1757;9892;45931;9117;42589054;41424424;26226356;2391451;28416335
FR;1;2022-06-28;1196;2551;13820;86442;12379;42590250;41426975;26240176;2477893;28428714
FR;1;2022-06-29;1223;2275;11466;67299;10534;42591473;41429250;26251642;2545192;28439248
FR;1;2022-06-30;1269;2378;13492;89915;11802;42592742;41431628;26265134;2635107;28451050
FR;1;2022-07-01;1590;3337;20080;109136;17722;42594332;41434965;26285214;2744243;28468772
FR;1;2022-07-02;754;1518;8004;33756;7242;42595086;41436483;26293218;2777999;28476014
FR;1;2022-07-03;225;478;1935;6110;1750;42595311;41436961;26295153;2784109;28477764
FR;1;2022-07-04;1208;2383;13864;75366;12254;42596519;41439344;26309017;2859475;28490018
FR;1;2022-07-05;1402;2726;17639;126186;15098;42597921;41442070;26326656;2985661;28505116
FR;1;2022-07-06;1329;2300;14849;93577;12871;42599250;41444370;26341505;3079238;28517987
FR;1;2022-07-07;1414;2488;16888;119296;13949;42600664;41446858;26358393;3198534;28531936
FR;1;2022-07-08;1511;2790;19565;129827;15938;42602175;41449648;26377958;3328361;28547874
FR;1;2022-07-09;657;1264;7293;35992;6337;42602832;41450912;26385251;3364353;28554211
FR;1;2022-07-10;232;475;2239;6681;2033;42603064;41451387;26387490;3371034;28556244
FR;1;2022-07-11;1175;2170;14290;84356;11899;42604239;41453557;26401780;3455390;28568143
FR;1;2022-07-12;1531;2731;19413;137216;15848;42605770;41456288;26421193;3592606;28583991
FR;1;2022-07-13;1381;2313;14743;89682;12587;42607151;41458601;26435936;3682288;28596578
FR;1;2022-07-14;156;297;1857;5274;1764;42607307;41458898;26437793;3687562;28598342
FR;1;2022-07-15;1247;2265;14317;80507;11970;42608554;41461163;26452110;3768069;28610312
FR;1;2022-07-16;503;1028;5622;23911;4872;42609057;41462191;26457732;3791980;28615184
FR;1;2022-07-17;154;359;1652;4449;1496;42609211;41462550;26459384;3796429;28616680
FR;1;2022-07-18;959;1971;11268;59205;9535;42610170;41464521;26470652;3855634;28626215
FR;1;2022-07-19;1214;2095;14648;99299;11681;42611384;41466616;26485300;3954933;28637896
FR;1;2022-07-20;1155;1949;12293;74272;10204;42612539;41468565;26497593;4029205;28648100
FR;1;2022-07-21;1105;1900;12366;84341;9940;42613644;41470465;26509959;4113546;28658040
FR;1;2022-07-22;1220;2169;14040;85741;11370;42614864;41472634;26523999;4199287;28669410
FR;1;2022-07-23;525;1067;5216;21271;4597;42615389;41473701;26529215;4220558;28674007
FR;1;2022-07-24;139;300;1318;3676;1161;42615528;41474001;26530533;4224234;28675168
FR;1;2022-07-25;856;1590;9052;46044;7496;42616384;41475591;26539585;4270278;28682664
FR;1;2022-07-26;1121;1937;12655;81852;10300;42617505;41477528;26552240;4352130;28692964
FR;1;2022-07-27;1010;1693;9704;58300;8078;42618515;41479221;26561944;4410430;28701042
FR;1;2022-07-28;962;1649;9813;61677;7808;42619477;41480870;26571757;4472107;28708850
FR;1;2022-07-29;1102;1758;10374;62763;8312;42620579;41482628;26582131;4534870;28717162
FR;1;2022-07-30;386;699;3331;14439;2837;42620965;41483327;26585462;4549309;28719999
FR;1;2022-07-31;135;254;894;2310;763;42621100;41483581;26586356;4551619;28720762
FR;1;2022-08-01;663;1153;7160;28881;6017;42621763;41484734;26593516;4580500;28726779
FR;1;2022-08-02;862;1433;8158;53821;6541;42622625;41486167;26601674;4634321;28733320
FR;1;2022-08-03;693;1059;6086;36966;4873;42623318;41487226;26607760;4671287;28738193
FR;1;2022-08-04;622;1043;6140;41289;4952;42623940;41488269;26613900;4712576;28743145
FR;1;2022-08-05;722;1168;6578;42891;5241;42624662;41489437;26620478;4755467;28748386
FR;1;2022-08-06;266;456;1894;8953;1570;42624928;41489893;26622372;4764420;28749956
FR;1;2022-08-07;81;139;507;1535;422;42625009;41490032;26622879;4765955;28750378
FR;1;2022-08-08;457;795;3722;21134;3049;42625466;41490827;26626601;4787089;28753427
FR;1;2022-08-09;597;994;5626;38323;4492;42626063;41491821;26632227;4825412;28757919
FR;1;2022-08-10;504;943;4341;26784;3538;42626567;41492764;26636568;4852196;28761457
FR;1;2022-08-11;530;869;4232;27977;3495;42627097;41493633;26640800;4880173;28764952
FR;1;2022-08-12;577;993;4427;27034;3614;42627674;41494626;26645227;4907207;28768566
FR;1;2022-08-13;162;329;1209;5054;1017;42627836;41494955;26646436;4912261;28769583
FR;1;2022-08-14;58;110;263;828;224;42627894;41495065;26646699;4913089;28769807
FR;1;2022-08-15;49;120;375;512;342;42627943;41495185;26647074;4913601;28770149
FR;1;2022-08-16;505;894;3660;21411;3097;42628448;41496079;26650734;4935012;28773246
FR;1;2022-08-17;503;839;3587;21955;3020;42628951;41496918;26654321;4956967;28776266
FR;1;2022-08-18;515;826;3803;25267;3003;42629466;41497744;26658124;4982234;28779269
FR;1;2022-08-19;501;994;4089;26384;3339;42629967;41498738;26662213;5008618;28782608
FR;1;2022-08-20;219;380;1239;5328;1050;42630186;41499118;26663452;5013946;28783658
FR;1;2022-08-21;76;107;268;953;239;42630262;41499225;26663720;5014899;28783897
FR;1;2022-08-22;454;827;2746;14819;2345;42630716;41500052;26666466;5029718;28786242
FR;1;2022-08-23;615;1024;4007;28097;3340;42631331;41501076;26670473;5057815;28789582
FR;1;2022-08-24;526;791;3238;18835;2598;42631857;41501867;26673711;5076650;28792180
FR;1;2022-08-25;534;861;3637;22690;3039;42632391;41502728;26677348;5099340;28795219
FR;1;2022-08-26;723;1062;4110;24824;3340;42633114;41503790;26681458;5124164;28798559
FR;1;2022-08-27;209;398;1270;5209;1126;42633323;41504188;26682728;5129373;28799685
FR;1;2022-08-28;95;125;284;855;257;42633418;41504313;26683012;5130228;28799942
FR;1;2022-08-29;473;798;2719;13927;2272;42633891;41505111;26685731;5144155;28802214
FR;1;2022-08-30;703;1039;4253;27036;3449;42634594;41506150;26689984;5171191;28805663
FR;1;2022-08-31;540;756;2835;16661;2346;42635134;41506906;26692819;5187852;28808009
FR;1;2022-09-01;567;759;3174;20682;2607;42635701;41507665;26695993;5208534;28810616
FR;2;2020-12-27;0;0;0;0;0;0;0;0;0;0
FR;2;2020-12-28;0;0;0;0;0;0;0;0;0;0
FR;2;2020-12-29;0;0;0;0;0;0;0;0;0;0
FR;2;2020-12-30;0;0;0;0;0;0;0;0;0;0
FR;2;2020-12-31;0;0;0;0;0;0;0;0;0;0
FR;2;2021-01-01;0;0;0;0;0;0;0;0;0;0
FR;2;2021-01-02;0;0;0;0;0;0;0;0;0;0
FR;2;2021-01-03;0;0;0;0;0;0;0;0;0;0
FR;2;2021-01-04;0;0;0;0;0;0;0;0;0;0
FR;2;2021-01-05;0;0;0;0;0;0;0;0;0;0
FR;2;2021-01-06;0;0;0;0;0;0;0;0;0;0
FR;2;2021-01-07;0;0;0;0;0;0;0;0;0;0
FR;2;2021-01-08;0;0;0;0;0;0;0;0;0;0
FR;2;2021-01-09;0;0;0;0;0;0;0;0;0;0
FR;2;2021-01-10;0;0;0;0;0;0;0;0;0;0
FR;2;2021-01-11;0;0;0;0;0;0;0;0;0;0
FR;2;2021-01-12;0;0;0;0;0;0;0;0;0;0
FR;2;2021-01-13;0;0;0;0;0;0;0;0;0;0
FR;2;2021-01-14;1665;0;0;0;0;1665;0;0;0;0
FR;2;2021-01-15;398;0;0;0;0;2063;0;0;0;0
FR;2;2021-01-16;316;0;0;0;0;2379;0;0;0;0
FR;2;2021-01-17;83;0;0;0;0;2462;0;0;0;0
FR;2;2021-01-18;3074;2;0;0;0;5536;2;0;0;0
FR;2;2021-01-19;4680;0;0;0;0;10216;2;0;0;0
FR;2;2021-01-20;5135;6;0;0;0;15351;8;0;0;0
FR;2;2021-01-21;5344;9;0;0;0;20695;17;0;0;0
FR;2;2021-01-22;5119;14;0;0;0;25814;31;0;0;0
FR;2;2021-01-23;1872;1;0;0;0;27686;32;0;0;0
FR;2;2021-01-24;162;2;0;0;0;27848;34;0;0;0
FR;2;2021-01-25;3814;3;0;0;0;31662;37;0;0;0
FR;2;2021-01-26;3923;5;0;0;0;35585;42;0;0;0
FR;2;2021-01-27;3601;4;0;0;0;39186;46;0;0;0
FR;2;2021-01-28;3752;8;0;0;0;42938;54;0;0;0
FR;2;2021-01-29;3295;3;0;0;0;46233;57;0;0;0
FR;2;2021-01-30;1130;3;0;0;0;47363;60;0;0;0
FR;2;2021-01-31;45;2;0;0;0;47408;62;0;0;0
FR;2;2021-02-01;3404;9;0;0;0;50812;71;0;0;0
FR;2;2021-02-02;4492;14;0;0;0;55304;85;0;0;0
FR;2;2021-02-03;5220;7;0;0;0;60524;92;0;0;0
FR;2;2021-02-04;4936;11;0;0;0;65460;103;0;0;0
FR;2;2021-02-05;4812;14;0;0;0;70272;117;0;0;0
FR;2;2021-02-06;2040;14;0;0;0;72312;131;0;0;0
FR;2;2021-02-07;102;4;0;0;0;72414;135;0;0;0
FR;2;2021-02-08;7555;23;0;0;0;79969;158;0;0;0
FR;2;2021-02-09;8425;27;0;0;0;88394;185;0;0;0
FR;2;2021-02-10;9342;58;0;0;0;97736;243;0;0;0
FR;2;2021-02-11;10287;117;0;0;0;108023;360;0;0;0
FR;2;2021-02-12;10055;267;0;0;0;118078;627;0;0;0
FR;2;2021-02-13;3120;225;0;0;0;121198;852;0;0;0
FR;2;2021-02-14;355;9;0;0;0;121553;861;0;0;0
FR;2;2021-02-15;3458;3111;0;0;0;125011;3972;0;0;0
FR;2;2021-02-16;5073;4108;0;0;0;130084;8080;0;0;0
FR;2;2021-02-17;4256;4522;0;0;0;134340;12602;0;0;0
FR;2;2021-02-18;5402;5150;0;0;0;139742;17752;0;0;0
FR;2;2021-02-19;5327;4450;0;0;0;145069;22202;0;0;0
FR;2;2021-02-20;1869;1515;0;0;0;146938;23717;0;0;0
FR;2;2021-02-21;244;95;0;0;0;147182;23812;0;0;0
FR;2;2021-02-22;3613;3765;0;0;0;150795;27577;0;0;0
FR;2;2021-02-23;4954;3720;0;0;0;155749;31297;0;0;0
FR;2;2021-02-24;5015;3522;0;0;0;160764;34819;0;0;0
FR;2;2021-02-25;5491;3470;0;0;0;166255;38289;0;0;0
FR;2;2021-02-26;4363;3167;0;0;0;170618;41456;0;0;0
FR;2;2021-02-27;1624;1058;0;0;0;172242;42514;0;0;0
FR;2;2021-02-28;177;22;0;0;0;172419;42536;0;0;0
FR;2;2021-03-01;5184;3751;0;0;0;177603;46287;0;0;0
FR;2;2021-03-02;6532;4721;0;0;0;184135;51008;0;0;0
FR;2;2021-03-03;6538;4935;0;0;0;190673;55943;0;0;0
FR;2;2021-03-04;8408;4135;0;0;0;199081;60078;0;0;0
FR;2;2021-03-05;8035;4057;0;0;0;207116;64135;0;0;0
FR;2;2021-03-06;4786;1679;0;0;0;211902;65814;0;0;0
FR;2;2021-03-07;2372;30;0;0;0;214274;65844;0;0;0
FR;2;2021-03-08;4166;8378;0;0;0;218440;74222;0;0;0
FR;2;2021-03-09;7491;8557;1;0;0;225931;82779;1;0;0
FR;2;2021-03-10;7102;9185;0;0;0;233033;91964;1;0;0
FR;2;2021-03-11;9377;9307;1;0;0;242410;101271;2;0;0
FR;2;2021-03-12;7978;8315;0;0;0;250388;109586;2;0;0
FR;2;2021-03-13;10052;2576;0;0;0;260440;112162;2;0;0
FR;2;2021-03-14;4840;385;0;0;0;265280;112547;2;0;0
FR;2;2021-03-15;10910;3472;0;0;0;276190;116019;2;0;0
FR;2;2021-03-16;16764;4670;1;0;0;292954;120689;3;0;0
FR;2;2021-03-17;20237;3989;0;0;0;313191;124678;3;0;0
FR;2;2021-03-18;23372;5051;0;0;0;336563;129729;3;0;0
FR;2;2021-03-19;23307;4630;0;0;0;359870;134359;3;0;0
FR;2;2021-03-20;25448;1585;0;0;0;385318;135944;3;0;0
FR;2;2021-03-21;17671;153;0;0;0;402989;136097;3;0;0
FR;2;2021-03-22;17786;3198;0;0;0;420775;139295;3;0;0
FR;2;2021-03-23;22694;4232;0;0;0;443469;143527;3;0;0
FR;2;2021-03-24;23958;5044;0;0;0;467427;148571;3;0;0
FR;2;2021-03-25;26750;5184;1;0;0;494177;153755;4;0;0
FR;2;2021-03-26;26982;4222;0;0;0;521159;157977;4;0;0
FR;2;2021-03-27;15920;1350;0;0;0;537079;159327;4;0;0
FR;2;2021-03-28;10561;138;0;0;0;547640;159465;4;0;0
FR;2;2021-03-29;18994;4317;0;0;0;566634;163782;4;0;0
FR;2;2021-03-30;24586;6074;0;0;0;591220;169856;4;0;0
FR;2;2021-03-31;28561;5913;0;0;0;619781;175769;4;0;0
FR;2;2021-04-01;34549;8546;1;0;0;654330;184315;5;0;0
FR;2;2021-04-02;29981;7694;0;0;0;684311;192009;5;0;0
FR;2;2021-04-03;16955;4049;0;0;0;701266;196058;5;0;0
FR;2;2021-04-04;9306;1156;2;0;0;710572;197214;7;0;0
FR;2;2021-04-05;12445;800;0;0;0;723017;198014;7;0;0
FR;2;2021-04-06;27151;7180;0;0;0;750168;205194;7;0;0
FR;2;2021-04-07;30929;7141;1;0;0;781097;212335;8;0;0
FR;2;2021-04-08;36891;8645;1;0;0;817988;220980;9;0;0
FR;2;2021-04-09;33845;8441;28;0;0;851833;229421;37;0;0
FR;2;2021-04-10;19682;9185;1;0;0;871515;238606;38;0;0
FR;2;2021-04-11;7942;4251;1;0;0;879457;242857;39;0;0
FR;2;2021-04-12;17126;11044;0;0;0;896583;253901;39;0;0
FR;2;2021-04-13;19453;16070;1;0;0;916036;269971;40;0;0
FR;2;2021-04-14;18065;16389;7;0;0;934101;286360;47;0;0
FR;2;2021-04-15;22196;21456;27;0;0;956297;307816;74;0;0
FR;2;2021-04-16;20708;20409;45;0;0;977005;328225;119;0;0
FR;2;2021-04-17;13255;22484;5;0;0;990260;350709;124;0;0
FR;2;2021-04-18;5909;14397;6;0;0;996169;365106;130;0;0
FR;2;2021-04-19;16838;16330;24;0;0;1013007;381436;154;0;0
FR;2;2021-04-20;19325;21658;38;0;0;1032332;403094;192;0;0
FR;2;2021-04-21;20290;21768;76;0;0;1052622;424862;268;0;0
FR;2;2021-04-22;23819;24905;41;0;0;1076441;449767;309;0;0
FR;2;2021-04-23;24526;25393;76;0;0;1100967;475160;385;0;0
FR;2;2021-04-24;25304;15059;104;0;0;1126271;490219;489;0;0
FR;2;2021-04-25;9595;8606;5;0;0;1135866;498825;494;0;0
FR;2;2021-04-26;17162;17434;21;0;0;1153028;516259;515;0;0
FR;2;2021-04-27;19243;24124;40;0;0;1172271;540383;555;0;0
FR;2;2021-04-28;22337;26314;112;0;0;1194608;566697;667;0;0
FR;2;2021-04-29;25471;30300;69;0;0;1220079;596997;736;0;0
FR;2;2021-04-30;25531;27871;49;1;0;1245610;624868;785;1;0
FR;2;2021-05-01;14986;9863;6;0;0;1260596;634731;791;1;0
FR;2;2021-05-02;6639;9173;2;0;0;1267235;643904;793;1;0
FR;2;2021-05-03;20016;19195;40;0;0;1287251;663099;833;1;0
FR;2;2021-05-04;18282;29108;33;0;0;1305533;692207;866;1;0
FR;2;2021-05-05;18374;29426;48;0;0;1323907;721633;914;1;0
FR;2;2021-05-06;23544;35312;131;0;0;1347451;756945;1045;1;0
FR;2;2021-05-07;25330;33219;97;0;0;1372781;790164;1142;1;0
FR;2;2021-05-08;21341;10252;14;0;0;1394122;800416;1156;1;0
FR;2;2021-05-09;13166;7745;7;0;0;1407288;808161;1163;1;0
FR;2;2021-05-10;32939;21923;49;0;0;1440227;830084;1212;1;0
FR;2;2021-05-11;43603;20977;101;0;0;1483830;851061;1313;1;0
FR;2;2021-05-12;50049;19725;143;0;0;1533879;870786;1456;1;0
FR;2;2021-05-13;51293;5676;31;0;0;1585172;876462;1487;1;0
FR;2;2021-05-14;61351;12888;132;0;0;1646523;889350;1619;1;0
FR;2;2021-05-15;65932;7124;39;0;0;1712455;896474;1658;1;0
FR;2;2021-05-16;43586;2572;10;0;0;1756041;899046;1668;1;0
FR;2;2021-05-17;44747;12507;114;0;0;1800788;911553;1782;1;0
FR;2;2021-05-18;54641;12257;191;0;0;1855429;923810;1973;1;0
FR;2;2021-05-19;57176;10554;281;0;0;1912605;934364;2254;1;0
FR;2;2021-05-20;63436;10822;288;0;0;1976041;945186;2542;1;0
FR;2;2021-05-21;64296;11631;230;0;0;2040337;956817;2772;1;0
FR;2;2021-05-22;61482;4515;65;0;0;2101819;961332;2837;1;0
FR;2;2021-05-23;37533;574;22;0;0;2139352;961906;2859;1;0
FR;2;2021-05-24;17242;2039;35;0;0;2156594;963945;2894;1;0
FR;2;2021-05-25;21110;12214;240;0;0;2177704;976159;3134;1;0
FR;2;2021-05-26;19939;11476;229;0;0;2197643;987635;3363;1;0
FR;2;2021-05-27;22997;12653;182;0;0;2220640;1000288;3545;1;0
FR;2;2021-05-28;29391;14993;190;0;0;2250031;1015281;3735;1;0
FR;2;2021-05-29;30420;8188;57;0;0;2280451;1023469;3792;1;0
FR;2;2021-05-30;4647;1815;6;0;0;2285098;1025284;3798;1;0
FR;2;2021-05-31;28590;18731;184;0;0;2313688;1044015;3982;1;0
FR;2;2021-06-01;45725;19948;224;0;0;2359413;1063963;4206;1;0
FR;2;2021-06-02;37474;19238;182;0;0;2396887;1083201;4388;1;0
FR;2;2021-06-03;51278;23216;161;0;0;2448165;1106417;4549;1;0
FR;2;2021-06-04;65512;24061;217;0;0;2513677;1130478;4766;1;0
FR;2;2021-06-05;34599;24063;52;0;0;2548276;1154541;4818;1;0
FR;2;2021-06-06;4956;6193;10;0;0;2553232;1160734;4828;1;0
FR;2;2021-06-07;28174;23024;150;0;0;2581406;1183758;4978;1;0
FR;2;2021-06-08;46375;22910;143;0;0;2627781;1206668;5121;1;0
FR;2;2021-06-09;34290;20950;107;0;0;2662071;1227618;5228;1;0
FR;2;2021-06-10;42639;19123;95;1;0;2704710;1246741;5323;2;0
FR;2;2021-06-11;55299;25172;134;0;0;2760009;1271913;5457;2;0
FR;2;2021-06-12;30561;19777;53;0;0;2790570;1291690;5510;2;0
FR;2;2021-06-13;3330;9189;13;0;0;2793900;1300879;5523;2;0
FR;2;2021-06-14;25300;24133;92;0;0;2819200;1325012;5615;2;0
FR;2;2021-06-15;39044;22839;154;0;0;2858244;1347851;5769;2;0
FR;2;2021-06-16;30162;21394;135;0;0;2888406;1369245;5904;2;0
FR;2;2021-06-17;36910;25825;150;0;0;2925316;1395070;6054;2;0
FR;2;2021-06-18;46858;28848;123;0;0;2972174;1423918;6177;2;0
FR;2;2021-06-19;24525;24898;39;0;0;2996699;1448816;6216;2;0
FR;2;2021-06-20;3741;10066;9;0;0;3000440;1458882;6225;2;0
FR;2;2021-06-21;17528;42841;88;0;0;3017968;1501723;6313;2;0
FR;2;2021-06-22;28360;49569;110;0;0;3046328;1551292;6423;2;0
FR;2;2021-06-23;21789;49584;107;1;1;3068117;1600876;6530;3;1
FR;2;2021-06-24;28376;50281;134;0;0;3096493;1651157;6664;3;1
FR;2;2021-06-25;33399;60425;128;0;0;3129892;1711582;6792;3;1
FR;2;2021-06-26;16386;59297;54;1;0;3146278;1770879;6846;4;1
FR;2;2021-06-27;2566;29313;22;1;0;3148844;1800192;6868;5;1
FR;2;2021-06-28;12640;54328;83;0;0;3161484;1854520;6951;5;1
FR;2;2021-06-29;19850;59935;178;0;0;3181334;1914455;7129;5;1
FR;2;2021-06-30;16329;57974;253;17;0;3197663;1972429;7382;22;1
FR;2;2021-07-01;20491;59874;228;0;0;3218154;2032303;7610;22;1
FR;2;2021-07-02;24074;62144;184;0;0;3242228;2094447;7794;22;1
FR;2;2021-07-03;12117;57105;153;0;0;3254345;2151552;7947;22;1
FR;2;2021-07-04;1959;23305;18;0;0;3256304;2174857;7965;22;1
FR;2;2021-07-05;9177;29348;106;0;0;3265481;2204205;8071;22;1
FR;2;2021-07-06;14580;36229;135;0;0;3280061;2240434;8206;22;1
FR;2;2021-07-07;14413;33663;139;0;0;3294474;2274097;8345;22;1
FR;2;2021-07-08;19719;40315;162;0;0;3314193;2314412;8507;22;1
FR;2;2021-07-09;27101;54298;202;1;0;3341294;2368710;8709;23;1
FR;2;2021-07-10;13386;33690;107;0;0;3354680;2402400;8816;23;1
FR;2;2021-07-11;1808;4358;16;0;0;3356488;2406758;8832;23;1
FR;2;2021-07-12;12968;37296;119;0;0;3369456;2444054;8951;23;1
FR;2;2021-07-13;37114;53175;150;0;0;3406570;2497229;9101;23;1
FR;2;2021-07-14;6623;3548;15;0;0;3413193;2500777;9116;23;1
FR;2;2021-07-15;47240;47025;156;0;0;3460433;2547802;9272;23;1
FR;2;2021-07-16;64312;55798;188;0;0;3524745;2603600;9460;23;1
FR;2;2021-07-17;31598;23923;96;0;0;3556343;2627523;9556;23;1
FR;2;2021-07-18;6088;4844;19;0;0;3562431;2632367;9575;23;1
FR;2;2021-07-19;33000;28642;94;0;0;3595431;2661009;9669;23;1
FR;2;2021-07-20;51997;44535;155;0;0;3647428;2705544;9824;23;1
FR;2;2021-07-21;45251;34706;93;0;0;3692679;2740250;9917;23;1
FR;2;2021-07-22;56279;41091;128;1;0;3748958;2781341;10045;24;1
FR;2;2021-07-23;68291;49003;170;0;0;3817249;2830344;10215;24;1
FR;2;2021-07-24;36174;21594;82;0;0;3853423;2851938;10297;24;1
FR;2;2021-07-25;6749;2627;10;0;0;3860172;2854565;10307;24;1
FR;2;2021-07-26;36312;22406;91;1;0;3896484;2876971;10398;25;1
FR;2;2021-07-27;62385;34594;180;0;0;3958869;2911565;10578;25;1
FR;2;2021-07-28;55315;26431;132;0;0;4014184;2937996;10710;25;1
FR;2;2021-07-29;68472;32805;189;0;0;4082656;2970801;10899;25;1
FR;2;2021-07-30;74459;37795;222;1;0;4157115;3008596;11121;26;1
FR;2;2021-07-31;34769;16203;104;0;0;4191884;3024799;11225;26;1
FR;2;2021-08-01;5412;2269;19;0;0;4197296;3027068;11244;26;1
FR;2;2021-08-02;35879;16191;101;0;0;4233175;3043259;11345;26;1
FR;2;2021-08-03;55982;28282;142;0;0;4289157;3071541;11487;26;1
FR;2;2021-08-04;46631;20849;128;1;0;4335788;3092390;11615;27;1
FR;2;2021-08-05;54633;31577;215;0;0;4390421;3123967;11830;27;1
FR;2;2021-08-06;58094;42397;242;1;0;4448515;3166364;12072;28;1
FR;2;2021-08-07;25145;17618;89;0;0;4473660;3183982;12161;28;1
FR;2;2021-08-08;3837;3655;21;0;0;4477497;3187637;12182;28;1
FR;2;2021-08-09;29307;21077;92;0;0;4506804;3208714;12274;28;1
FR;2;2021-08-10;45002;33488;155;0;0;4551806;3242202;12429;28;1
FR;2;2021-08-11;35273;25166;151;0;0;4587079;3267368;12580;28;1
FR;2;2021-08-12;41902;35711;162;0;0;4628981;3303079;12742;28;1
FR;2;2021-08-13;42598;37210;218;0;0;4671579;3340289;12960;28;1
FR;2;2021-08-14;18515;22194;93;0;0;4690094;3362483;13053;28;1
FR;2;2021-08-15;3850;3805;17;0;0;4693944;3366288;13070;28;1
FR;2;2021-08-16;25090;27157;111;0;0;4719034;3393445;13181;28;1
FR;2;2021-08-17;38256;43430;205;2;0;4757290;3436875;13386;30;1
FR;2;2021-08-18;32250;36370;195;1;1;4789540;3473245;13581;31;2
FR;2;2021-08-19;37434;46567;224;0;0;4826974;3519812;13805;31;2
FR;2;2021-08-20;40564;55617;269;1;0;4867538;3575429;14074;32;2
FR;2;2021-08-21;18120;24318;116;0;0;4885658;3599747;14190;32;2
FR;2;2021-08-22;2906;4324;22;1;1;4888564;3604071;14212;33;3
FR;2;2021-08-23;19248;35157;131;1;0;4907812;3639228;14343;34;3
FR;2;2021-08-24;31947;56046;236;0;0;4939759;3695274;14579;34;3
FR;2;2021-08-25;25934;43461;250;0;0;4965693;3738735;14829;34;3
FR;2;2021-08-26;32360;55817;387;0;0;4998053;3794552;15216;34;3
FR;2;2021-08-27;37001;65646;478;2;0;5035054;3860198;15694;36;3
FR;2;2021-08-28;17821;28516;300;0;0;5052875;3888714;15994;36;3
FR;2;2021-08-29;2655;5023;47;0;0;5055530;3893737;16041;36;3
FR;2;2021-08-30;18415;37742;400;0;759;5073945;3931479;16441;36;762
FR;2;2021-08-31;28076;57504;887;4;1545;5102021;3988983;17328;40;2307
FR;2;2021-09-01;21592;39862;1309;0;2114;5123613;4028845;18637;40;4421
FR;2;2021-09-02;25483;48652;1962;2;3332;5149096;4077497;20599;42;7753
FR;2;2021-09-03;33409;64529;2988;3;4861;5182505;4142026;23587;45;12614
FR;2;2021-09-04;16832;27725;1442;1;2368;5199337;4169751;25029;46;14982
FR;2;2021-09-05;2262;3608;266;0;413;5201599;4173359;25295;46;15395
FR;2;2021-09-06;14041;28715;1769;1;2943;5215640;4202074;27064;47;18338
FR;2;2021-09-07;21106;41091;3020;13;4892;5236746;4243165;30084;60;23230
FR;2;2021-09-08;17245;31933;2734;6;4494;5253991;4275098;32818;66;27724
FR;2;2021-09-09;20977;40475;4433;3;6802;5274968;4315573;37251;69;34526
FR;2;2021-09-10;28203;51236;5285;4;8896;5303171;4366809;42536;73;43422
FR;2;2021-09-11;13655;22422;2404;5;3968;5316826;4389231;44940;78;47390
FR;2;2021-09-12;1824;2781;291;0;512;5318650;4392012;45231;78;47902
FR;2;2021-09-13;11658;21435;2472;4;4024;5330308;4413447;47703;82;51926
FR;2;2021-09-14;18573;32756;5086;13;9055;5348881;4446203;52789;95;60981
FR;2;2021-09-15;14913;28263;5169;3;7767;5363794;4474466;57958;98;68748
FR;2;2021-09-16;16077;32774;6736;12;10522;5379871;4507240;64694;110;79270
FR;2;2021-09-17;20911;47118;8779;10;14592;5400782;4554358;73473;120;93862
FR;2;2021-09-18;9857;20948;3803;6;6035;5410639;4575306;77276;126;99897
FR;2;2021-09-19;1166;2611;396;0;632;5411805;4577917;77672;126;100529
FR;2;2021-09-20;7498;18743;3855;7;6147;5419303;4596660;81527;133;106676
FR;2;2021-09-21;11214;30003;6495;5;10744;5430517;4626663;88022;138;117420
FR;2;2021-09-22;9407;23538;5491;6;8520;5439924;4650201;93513;144;125940
FR;2;2021-09-23;10727;28902;7881;9;12644;5450651;4679103;101394;153;138584
FR;2;2021-09-24;15072;42921;10876;18;17230;5465723;4722024;112270;171;155814
FR;2;2021-09-25;7259;18772;3965;9;6109;5472982;4740796;116235;180;161923
FR;2;2021-09-26;1079;2551;495;0;630;5474061;4743347;116730;180;162553
FR;2;2021-09-27;6313;16419;4285;8;6532;5480374;4759766;121015;188;169085
FR;2;2021-09-28;9239;25546;7768;14;12070;5489613;4785312;128783;202;181155
FR;2;2021-09-29;8080;20203;6067;25;9257;5497693;4805515;134850;227;190412
FR;2;2021-09-30;9865;25822;9506;16;14098;5507558;4831337;144356;243;204510
FR;2;2021-10-01;13974;35718;12916;25;19299;5521532;4867055;157272;268;223809
FR;2;2021-10-02;6874;15905;4847;7;7019;5528406;4882960;162119;275;230828
FR;2;2021-10-03;841;1920;492;1;505;5529247;4884880;162611;276;231333
FR;2;2021-10-04;5823;13901;5515;5;7858;5535070;4898781;168126;281;239191
FR;2;2021-10-05;9053;22546;11121;19;15728;5544123;4921327;179247;300;254919
FR;2;2021-10-06;7783;17748;8241;11;11078;5551906;4939075;187488;311;265997
FR;2;2021-10-07;9201;22202;12381;15;16857;5561107;4961277;199869;326;282854
FR;2;2021-10-08;13429;32082;17348;27;23558;5574536;4993359;217217;353;306412
FR;2;2021-10-09;5999;12853;6042;6;7900;5580535;5006212;223259;359;314312
FR;2;2021-10-10;885;1608;436;2;615;5581420;5007820;223695;361;314927
FR;2;2021-10-11;5606;11572;6455;17;8833;5587026;5019392;230150;378;323760
FR;2;2021-10-12;8032;17784;12544;13;16765;5595058;5037176;242694;391;340525
FR;2;2021-10-13;6942;14852;10255;12;13632;5602000;5052028;252949;403;354157
FR;2;2021-10-14;8311;17935;14994;13;19457;5610311;5069963;267943;416;373614
FR;2;2021-10-15;11852;26309;20903;26;27973;5622163;5096272;288846;442;401587
FR;2;2021-10-16;5138;8736;1819;0;3213;5627301;5105008;290665;442;404800
FR;2;2021-10-17;651;1165;184;0;368;5627952;5106173;290849;442;405168
FR;2;2021-10-18;4562;7375;664;2;1648;5632514;5113548;291513;444;406816
FR;2;2021-10-19;6237;9873;730;5;2045;5638751;5123421;292243;449;408861
FR;2;2021-10-20;5169;8071;758;3;1681;5643920;5131492;293001;452;410542
FR;2;2021-10-21;6090;9966;778;5;2098;5650010;5141458;293779;457;412640
FR;2;2021-10-22;8450;14594;1148;4;2882;5658460;5156052;294927;461;415522
FR;2;2021-10-23;3845;5999;586;0;1232;5662305;5162051;295513;461;416754
FR;2;2021-10-24;494;886;100;0;204;5662799;5162937;295613;461;416958
FR;2;2021-10-25;3357;5354;306;1;828;5666156;5168291;295919;462;417786
FR;2;2021-10-26;4176;7260;1130;4;2020;5670332;5175551;297049;466;419806
FR;2;2021-10-27;3676;6609;1193;5;1995;5674008;5182160;298242;471;421801
FR;2;2021-10-28;4597;7699;1731;3;2749;5678605;5189859;299973;474;424550
FR;2;2021-10-29;5409;11084;2435;4;3672;5684014;5200943;302408;478;428222
FR;2;2021-10-30;2749;4441;975;1;1437;5686763;5205384;303383;479;429659
FR;2;2021-10-31;364;533;139;1;190;5687127;5205917;303522;480;429849
FR;2;2021-11-01;428;550;177;0;264;5687555;5206467;303699;480;430113
FR;2;2021-11-02;3293;6760;1183;0;1761;5690848;5213227;304882;480;431874
FR;2;2021-11-03;3340;6238;1386;2;1967;5694188;5219465;306268;482;433841
FR;2;2021-11-04;3986;7082;1765;4;2491;5698174;5226547;308033;486;436332
FR;2;2021-11-05;5232;10499;2867;5;3953;5703406;5237046;310900;491;440285
FR;2;2021-11-06;2594;4682;1403;0;1814;5706000;5241728;312303;491;442099
FR;2;2021-11-07;505;864;220;0;286;5706505;5242592;312523;491;442385
FR;2;2021-11-08;2578;5360;1202;3;1678;5709083;5247952;313725;494;444063
FR;2;2021-11-09;2750;6925;2399;5;3181;5711833;5254877;316124;499;447244
FR;2;2021-11-10;2588;5690;5109;6;6287;5714421;5260567;321233;505;453531
FR;2;2021-11-11;444;750;743;2;924;5714865;5261317;321976;507;454455
FR;2;2021-11-12;2953;8100;8972;8;10914;5717818;5269417;330948;515;465369
FR;2;2021-11-13;1538;3380;3868;7;4537;5719356;5272797;334816;522;469906
FR;2;2021-11-14;257;595;351;1;487;5719613;5273392;335167;523;470393
FR;2;2021-11-15;1622;3668;4445;9;5329;5721235;5277060;339612;532;475722
FR;2;2021-11-16;2184;5902;8305;14;10071;5723419;5282962;347917;546;485793
FR;2;2021-11-17;1741;4543;6627;8;7848;5725160;5287505;354544;554;493641
FR;2;2021-11-18;2192;5933;9179;10;11009;5727352;5293438;363723;564;504650
FR;2;2021-11-19;2698;7791;12971;19;15475;5730050;5301229;376694;583;520125
FR;2;2021-11-20;1565;3342;5173;5;6083;5731615;5304571;381867;588;526208
FR;2;2021-11-21;247;515;541;0;663;5731862;5305086;382408;588;526871
FR;2;2021-11-22;1278;2598;4479;5;5403;5733140;5307684;386887;593;532274
FR;2;2021-11-23;1617;4298;8197;9;9911;5734757;5311982;395084;602;542185
FR;2;2021-11-24;1418;3765;7473;14;8728;5736175;5315747;402557;616;550913
FR;2;2021-11-25;1812;4884;11467;21;13666;5737987;5320631;414024;637;564579
FR;2;2021-11-26;2540;7760;22668;31;26076;5740527;5328391;436692;668;590655
FR;2;2021-11-27;1497;4160;12270;18;14031;5742024;5332551;448962;686;604686
FR;2;2021-11-28;293;845;1970;3;2297;5742317;5333396;450932;689;606983
FR;2;2021-11-29;1446;4356;15089;23;17255;5743763;5337752;466021;712;624238
FR;2;2021-11-30;1912;6710;26237;36;29987;5745675;5344462;492258;748;654225
FR;2;2021-12-01;1912;6063;26201;31;29527;5747587;5350525;518459;779;683752
FR;2;2021-12-02;1912;6819;37709;52;41955;5749499;5357344;556168;831;725707
FR;2;2021-12-03;2552;10095;53614;111;59357;5752051;5367439;609782;942;785064
FR;2;2021-12-04;1848;6302;37114;38;40806;5753899;5373741;646896;980;825870
FR;2;2021-12-05;458;2254;14258;14;15989;5754357;5375995;661154;994;841859
FR;2;2021-12-06;2485;9886;77710;109;84766;5756842;5385881;738864;1103;926625
FR;2;2021-12-07;3455;15317;122436;238;133743;5760297;5401198;861300;1341;1060368
FR;2;2021-12-08;3724;16020;133191;330;145373;5764021;5417218;994491;1671;1205741
FR;2;2021-12-09;4549;19636;170195;554;185579;5768570;5436854;1164686;2225;1391320
FR;2;2021-12-10;4672;22844;188650;490;206125;5773242;5459698;1353336;2715;1597445
FR;2;2021-12-11;3685;16643;132440;239;144888;5776927;5476341;1485776;2954;1742333
FR;2;2021-12-12;1257;7128;59092;83;65145;5778184;5483469;1544868;3037;1807478
FR;2;2021-12-13;5526;26852;220688;605;242982;5783710;5510321;1765556;3642;2050460
FR;2;2021-12-14;7014;37491;300765;909;332220;5790724;5547812;2066321;4551;2382680
FR;2;2021-12-15;6557;36239;285218;956;315831;5797281;5584051;2351539;5507;2698511
FR;2;2021-12-16;7761;37931;312133;979;343743;5805042;5621982;2663672;6486;3042254
FR;2;2021-12-17;8680;41233;327874;976;360958;5813722;5663215;2991546;7462;3403212
FR;2;2021-12-18;6514;26562;212337;448;233648;5820236;5689777;3203883;7910;3636860
FR;2;2021-12-19;2603;11457;90209;182;100358;5822839;5701234;3294092;8092;3737218
FR;2;2021-12-20;9546;33577;275215;706;303370;5832385;5734811;3569307;8798;4040588
FR;2;2021-12-21;11564;38321;309625;968;341419;5843949;5773132;3878932;9766;4382007
FR;2;2021-12-22;10458;32822;265110;952;292477;5854407;5805954;4144042;10718;4674484
FR;2;2021-12-23;9426;26698;199499;700;221297;5863833;5832652;4343541;11418;4895781
FR;2;2021-12-24;2783;7489;43855;140;49559;5866616;5840141;4387396;11558;4945340
FR;2;2021-12-25;201;687;2002;10;2490;5866817;5840828;4389398;11568;4947830
FR;2;2021-12-26;1319;4210;25156;71;28683;5868136;5845038;4414554;11639;4976513
FR;2;2021-12-27;8077;29927;218407;659;243333;5876213;5874965;4632961;12298;5219846
FR;2;2021-12-28;9838;36324;272086;742;301981;5886051;5911289;4905047;13040;5521827
FR;2;2021-12-29;9497;32268;246131;766;272696;5895548;5943557;5151178;13806;5794523
FR;2;2021-12-30;9462;28103;208825;662;231455;5905010;5971660;5360003;14468;6025978
FR;2;2021-12-31;3010;8352;54989;176;61234;5908020;5980012;5414992;14644;6087212
FR;2;2022-01-01;227;692;2851;7;3348;5908247;5980704;5417843;14651;6090560
FR;2;2022-01-02;1504;4855;29511;75;33399;5909751;5985559;5447354;14726;6123959
FR;2;2022-01-03;9591;35408;266525;806;293895;5919342;6020967;5713879;15532;6417854
FR;2;2022-01-04;12850;45423;342084;1068;377017;5932192;6066390;6055963;16600;6794871
FR;2;2022-01-05;11272;38654;294180;884;323821;5943464;6105044;6350143;17484;7118692
FR;2;2022-01-06;13653;43505;331942;1298;364731;5957117;6148549;6682085;18782;7483423
FR;2;2022-01-07;14224;47631;361090;1270;396432;5971341;6196180;7043175;20052;7879855
FR;2;2022-01-08;7948;28152;201261;515;221707;5979289;6224332;7244436;20567;8101562
FR;2;2022-01-09;2749;8981;62524;137;69513;5982038;6233313;7306960;20704;8171075
FR;2;2022-01-10;10097;31923;232468;857;255045;5992135;6265236;7539428;21561;8426120
FR;2;2022-01-11;11469;36247;265907;1029;290595;6003604;6301483;7805335;22590;8716715
FR;2;2022-01-12;8765;29812;206319;863;226169;6012369;6331295;8011654;23453;8942884
FR;2;2022-01-13;9387;31347;224484;832;244833;6021756;6362642;8236138;24285;9187717
FR;2;2022-01-14;9742;35619;254536;920;277657;6031498;6398261;8490674;25205;9465374
FR;2;2022-01-15;5357;19451;140779;363;153637;6036855;6417712;8631453;25568;9619011
FR;2;2022-01-16;1512;5490;35882;81;39831;6038367;6423202;8667335;25649;9658842
FR;2;2022-01-17;5546;19278;135411;601;147253;6043913;6442480;8802746;26250;9806095
FR;2;2022-01-18;6421;21516;148628;648;160474;6050334;6463996;8951374;26898;9966569
FR;2;2022-01-19;4393;16330;105097;551;113701;6054727;6480326;9056471;27449;10080270
FR;2;2022-01-20;4870;17594;115291;603;123690;6059597;6497920;9171762;28052;10203960
FR;2;2022-01-21;5197;20064;137342;679;147761;6064794;6517984;9309104;28731;10351721
FR;2;2022-01-22;3030;10955;74262;260;80328;6067824;6528939;9383366;28991;10432049
FR;2;2022-01-23;724;2719;15241;41;16831;6068548;6531658;9398607;29032;10448880
FR;2;2022-01-24;3289;12824;75078;430;81038;6071837;6544482;9473685;29462;10529918
FR;2;2022-01-25;3574;14426;79623;496;85454;6075411;6558908;9553308;29958;10615372
FR;2;2022-01-26;2515;10691;58973;363;63016;6077926;6569599;9612281;30321;10678388
FR;2;2022-01-27;2680;11338;64177;388;67927;6080606;6580937;9676458;30709;10746315
FR;2;2022-01-28;3550;18316;91715;429;98928;6084156;6599253;9768173;31138;10845243
FR;2;2022-01-29;1895;9243;48850;164;52932;6086051;6608496;9817023;31302;10898175
FR;2;2022-01-30;464;2229;9454;38;10603;6086515;6610725;9826477;31340;10908778
FR;2;2022-01-31;1888;9577;43830;208;47340;6088403;6620302;9870307;31548;10956118
FR;2;2022-02-01;1916;10046;47029;279;50107;6090319;6630348;9917336;31827;11006225
FR;2;2022-02-02;1613;9008;41111;250;44163;6091932;6639356;9958447;32077;11050388
FR;2;2022-02-03;1724;8948;40521;205;42923;6093656;6648304;9998968;32282;11093311
FR;2;2022-02-04;2152;15200;66641;299;71342;6095808;6663504;10065609;32581;11164653
FR;2;2022-02-05;1360;8523;35943;132;39227;6097168;6672027;10101552;32713;11203880
FR;2;2022-02-06;275;1770;6125;16;6899;6097443;6673797;10107677;32729;11210779
FR;2;2022-02-07;1351;9576;37753;134;41300;6098794;6683373;10145430;32863;11252079
FR;2;2022-02-08;1299;9832;40951;173;43745;6100093;6693205;10186381;33036;11295824
FR;2;2022-02-09;1160;8834;37039;174;40461;6101253;6702039;10223420;33210;11336285
FR;2;2022-02-10;1027;7995;33835;204;36507;6102280;6710034;10257255;33414;11372792
FR;2;2022-02-11;1391;12083;53342;223;57693;6103671;6722117;10310597;33637;11430485
FR;2;2022-02-12;752;6533;27985;83;30804;6104423;6728650;10338582;33720;11461289
FR;2;2022-02-13;200;1340;4833;20;5574;6104623;6729990;10343415;33740;11466863
FR;2;2022-02-14;834;6728;30270;90;33229;6105457;6736718;10373685;33830;11500092
FR;2;2022-02-15;773;6471;28047;141;29991;6106230;6743189;10401732;33971;11530083
FR;2;2022-02-16;656;5361;22062;123;23627;6106886;6748550;10423794;34094;11553710
FR;2;2022-02-17;518;3780;14148;98;14615;6107404;6752330;10437942;34192;11568325
FR;2;2022-02-18;723;5367;20439;134;21128;6108127;6757697;10458381;34326;11589453
FR;2;2022-02-19;430;3054;10529;66;11244;6108557;6760751;10468910;34392;11600697
FR;2;2022-02-20;102;515;1459;3;1606;6108659;6761266;10470369;34395;11602303
FR;2;2022-02-21;422;2685;9122;65;9499;6109081;6763951;10479491;34460;11611802
FR;2;2022-02-22;390;2567;8892;76;8794;6109471;6766518;10488383;34536;11620596
FR;2;2022-02-23;431;2603;8990;82;9267;6109902;6769121;10497373;34618;11629863
FR;2;2022-02-24;314;2035;6800;81;6828;6110216;6771156;10504173;34699;11636691
FR;2;2022-02-25;457;3205;11417;108;11282;6110673;6774361;10515590;34807;11647973
FR;2;2022-02-26;296;1892;6034;49;6341;6110969;6776253;10521624;34856;11654314
FR;2;2022-02-27;76;313;907;5;950;6111045;6776566;10522531;34861;11655264
FR;2;2022-02-28;330;1688;5523;53;5531;6111375;6778254;10528054;34914;11660795
FR;2;2022-03-01;277;1563;5477;45;5194;6111652;6779817;10533531;34959;11665989
FR;2;2022-03-02;298;1442;5245;45;5089;6111950;6781259;10538776;35004;11671078
FR;2;2022-03-03;225;1111;3708;42;3485;6112175;6782370;10542484;35046;11674563
FR;2;2022-03-04;243;1468;4857;74;4505;6112418;6783838;10547341;35120;11679068
FR;2;2022-03-05;174;904;2979;32;2723;6112592;6784742;10550320;35152;11681791
FR;2;2022-03-06;42;182;279;5;319;6112634;6784924;10550599;35157;11682110
FR;2;2022-03-07;156;658;1986;70;1776;6112790;6785582;10552585;35227;11683886
FR;2;2022-03-08;144;665;2272;51;1905;6112934;6786247;10554857;35278;11685791
FR;2;2022-03-09;154;707;2346;37;2047;6113088;6786954;10557203;35315;11687838
FR;2;2022-03-10;123;603;1692;35;1467;6113211;6787557;10558895;35350;11689305
FR;2;2022-03-11;172;756;2767;57;2366;6113383;6788313;10561662;35407;11691671
FR;2;2022-03-12;149;484;1785;27;1554;6113532;6788797;10563447;35434;11693225
FR;2;2022-03-13;25;75;202;29;203;6113557;6788872;10563649;35463;11693428
FR;2;2022-03-14;128;470;1566;529;1296;6113685;6789342;10565215;35992;11694724
FR;2;2022-03-15;138;438;1711;689;1330;6113823;6789780;10566926;36681;11696054
FR;2;2022-03-16;141;475;2013;1614;1593;6113964;6790255;10568939;38295;11697647
FR;2;2022-03-17;93;413;1408;1193;1144;6114057;6790668;10570347;39488;11698791
FR;2;2022-03-18;145;494;2019;1792;1662;6114202;6791162;10572366;41280;11700453
FR;2;2022-03-19;108;321;1210;940;1015;6114310;6791483;10573576;42220;11701468
FR;2;2022-03-20;13;77;191;59;168;6114323;6791560;10573767;42279;11701636
FR;2;2022-03-21;96;306;1213;1483;1076;6114419;6791866;10574980;43762;11702712
FR;2;2022-03-22;117;388;1530;1829;1291;6114536;6792254;10576510;45591;11704003
FR;2;2022-03-23;139;361;1670;3031;1466;6114675;6792615;10578180;48622;11705469
FR;2;2022-03-24;116;293;1183;1547;1000;6114791;6792908;10579363;50169;11706469
FR;2;2022-03-25;119;361;1804;2449;1474;6114910;6793269;10581167;52618;11707943
FR;2;2022-03-26;77;247;1203;1222;952;6114987;6793516;10582370;53840;11708895
FR;2;2022-03-27;19;36;153;100;132;6115006;6793552;10582523;53940;11709027
FR;2;2022-03-28;94;287;1136;1601;995;6115100;6793839;10583659;55541;11710022
FR;2;2022-03-29;108;258;1324;2465;1104;6115208;6794097;10584983;58006;11711126
FR;2;2022-03-30;91;312;1487;3183;1319;6115299;6794409;10586470;61189;11712445
FR;2;2022-03-31;104;284;1275;2329;1089;6115403;6794693;10587745;63518;11713534
FR;2;2022-04-01;122;323;1567;2347;1322;6115525;6795016;10589312;65865;11714856
FR;2;2022-04-02;72;161;845;891;737;6115597;6795177;10590157;66756;11715593
FR;2;2022-04-03;16;53;128;113;142;6115613;6795230;10590285;66869;11715735
FR;2;2022-04-04;110;237;986;1438;795;6115723;6795467;10591271;68307;11716530
FR;2;2022-04-05;143;291;1314;2886;1141;6115866;6795758;10592585;71193;11717671
FR;2;2022-04-06;89;254;1304;2520;1127;6115955;6796012;10593889;73713;11718798
FR;2;2022-04-07;120;218;1300;2682;1040;6116075;6796230;10595189;76395;11719838
FR;2;2022-04-08;125;336;1629;3267;1323;6116200;6796566;10596818;79662;11721161
FR;2;2022-04-09;90;219;899;1045;731;6116290;6796785;10597717;80707;11721892
FR;2;2022-04-10;37;48;143;162;119;6116327;6796833;10597860;80869;11722011
FR;2;2022-04-11;88;193;886;1531;776;6116415;6797026;10598746;82400;11722787
FR;2;2022-04-12;176;268;1179;2737;1058;6116591;6797294;10599925;85137;11723845
FR;2;2022-04-13;146;230;1124;2453;986;6116737;6797524;10601049;87590;11724831
FR;2;2022-04-14;115;221;1085;2674;917;6116852;6797745;10602134;90264;11725748
FR;2;2022-04-15;114;247;1213;2285;1067;6116966;6797992;10603347;92549;11726815
FR;2;2022-04-16;67;108;548;549;459;6117033;6798100;10603895;93098;11727274
FR;2;2022-04-17;15;26;57;53;53;6117048;6798126;10603952;93151;11727327
FR;2;2022-04-18;12;35;120;70;115;6117060;6798161;10604072;93221;11727442
FR;2;2022-04-19;112;237;1117;1707;949;6117172;6798398;10605189;94928;11728391
FR;2;2022-04-20;95;240;1105;2156;931;6117267;6798638;10606294;97084;11729322
FR;2;2022-04-21;111;231;981;1910;837;6117378;6798869;10607275;98994;11730159
FR;2;2022-04-22;98;272;1242;2086;1023;6117476;6799141;10608517;101080;11731182
FR;2;2022-04-23;67;156;644;762;573;6117543;6799297;10609161;101842;11731755
FR;2;2022-04-24;12;29;101;68;79;6117555;6799326;10609262;101910;11731834
FR;2;2022-04-25;103;203;820;1314;710;6117658;6799529;10610082;103224;11732544
FR;2;2022-04-26;108;183;1040;1999;878;6117766;6799712;10611122;105223;11733422
FR;2;2022-04-27;97;177;860;1783;763;6117863;6799889;10611982;107006;11734185
FR;2;2022-04-28;91;214;948;1913;842;6117954;6800103;10612930;108919;11735027
FR;2;2022-04-29;81;280;1129;1691;1039;6118035;6800383;10614059;110610;11736066
FR;2;2022-04-30;65;126;470;538;429;6118100;6800509;10614529;111148;11736495
FR;2;2022-05-01;22;24;84;48;85;6118122;6800533;10614613;111196;11736580
FR;2;2022-05-02;115;226;762;1206;660;6118237;6800759;10615375;112402;11737240
FR;2;2022-05-03;148;228;998;1767;937;6118385;6800987;10616373;114169;11738177
FR;2;2022-05-04;90;222;923;1809;866;6118475;6801209;10617296;115978;11739043
FR;2;2022-05-05;126;196;851;1697;768;6118601;6801405;10618147;117675;11739811
FR;2;2022-05-06;133;245;1098;1848;1012;6118734;6801650;10619245;119523;11740823
FR;2;2022-05-07;40;98;470;504;406;6118774;6801748;10619715;120027;11741229
FR;2;2022-05-08;45;53;106;70;100;6118819;6801801;10619821;120097;11741329
FR;2;2022-05-09;101;174;654;984;604;6118920;6801975;10620475;121081;11741933
FR;2;2022-05-10;120;247;938;1830;893;6119040;6802222;10621413;122911;11742826
FR;2;2022-05-11;100;172;811;1871;791;6119140;6802394;10622224;124782;11743617
FR;2;2022-05-12;111;171;843;2093;801;6119251;6802565;10623067;126875;11744418
FR;2;2022-05-13;100;232;967;2090;896;6119351;6802797;10624034;128965;11745314
FR;2;2022-05-14;76;117;451;554;409;6119427;6802914;10624485;129519;11745723
FR;2;2022-05-15;24;39;94;87;108;6119451;6802953;10624579;129606;11745831
FR;2;2022-05-16;103;170;599;923;537;6119554;6803123;10625178;130529;11746368
FR;2;2022-05-17;95;184;689;1685;657;6119649;6803307;10625867;132214;11747025
FR;2;2022-05-18;80;180;640;1431;645;6119729;6803487;10626507;133645;11747670
FR;2;2022-05-19;69;160;708;1825;750;6119798;6803647;10627215;135470;11748420
FR;2;2022-05-20;107;178;872;1699;777;6119905;6803825;10628087;137169;11749197
FR;2;2022-05-21;48;96;397;517;338;6119953;6803921;10628484;137686;11749535
FR;2;2022-05-22;8;23;69;37;57;6119961;6803944;10628553;137723;11749592
FR;2;2022-05-23;85;132;498;930;469;6120046;6804076;10629051;138653;11750061
FR;2;2022-05-24;87;161;625;1611;613;6120133;6804237;10629676;140264;11750674
FR;2;2022-05-25;71;145;538;1145;492;6120204;6804382;10630214;141409;11751166
FR;2;2022-05-26;10;31;77;42;85;6120214;6804413;10630291;141451;11751251
FR;2;2022-05-27;45;122;456;817;438;6120259;6804535;10630747;142268;11751689
FR;2;2022-05-28;28;60;221;243;221;6120287;6804595;10630968;142511;11751910
FR;2;2022-05-29;13;34;43;25;51;6120300;6804629;10631011;142536;11751961
FR;2;2022-05-30;65;108;418;721;404;6120365;6804737;10631429;143257;11752365
FR;2;2022-05-31;76;133;563;1276;510;6120441;6804870;10631992;144533;11752875
FR;2;2022-06-01;59;153;559;1074;538;6120500;6805023;10632551;145607;11753413
FR;2;2022-06-02;92;171;624;1400;589;6120592;6805194;10633175;147007;11754002
FR;2;2022-06-03;70;155;666;1604;593;6120662;6805349;10633841;148611;11754595
FR;2;2022-06-04;68;93;281;433;268;6120730;6805442;10634122;149044;11754863
FR;2;2022-06-05;12;17;62;57;47;6120742;6805459;10634184;149101;11754910
FR;2;2022-06-06;11;30;92;75;92;6120753;6805489;10634276;149176;11755002
FR;2;2022-06-07;98;218;664;1531;576;6120851;6805707;10634940;150707;11755578
FR;2;2022-06-08;70;118;475;1165;411;6120921;6805825;10635415;151872;11755989
FR;2;2022-06-09;93;164;611;1921;568;6121014;6805989;10636026;153793;11756557
FR;2;2022-06-10;88;166;650;1682;621;6121102;6806155;10636676;155475;11757178
FR;2;2022-06-11;42;83;286;528;258;6121144;6806238;10636962;156003;11757436
FR;2;2022-06-12;18;38;58;78;60;6121162;6806276;10637020;156081;11757496
FR;2;2022-06-13;39;118;390;948;375;6121201;6806394;10637410;157029;11757871
FR;2;2022-06-14;65;154;599;2086;536;6121266;6806548;10638009;159115;11758407
FR;2;2022-06-15;76;104;520;1500;444;6121342;6806652;10638529;160615;11758851
FR;2;2022-06-16;127;127;495;1411;422;6121469;6806779;10639024;162026;11759273
FR;2;2022-06-17;72;134;586;1815;513;6121541;6806913;10639610;163841;11759786
FR;2;2022-06-18;75;92;224;578;196;6121616;6807005;10639834;164419;11759982
FR;2;2022-06-19;11;14;53;71;41;6121627;6807019;10639887;164490;11760023
FR;2;2022-06-20;62;124;401;1027;392;6121689;6807143;10640288;165517;11760415
FR;2;2022-06-21;107;115;524;2122;453;6121796;6807258;10640812;167639;11760868
FR;2;2022-06-22;39;106;461;1889;414;6121835;6807364;10641273;169528;11761282
FR;2;2022-06-23;56;108;536;2281;451;6121891;6807472;10641809;171809;11761733
FR;2;2022-06-24;66;122;708;3198;570;6121957;6807594;10642517;175007;11762303
FR;2;2022-06-25;30;90;295;986;251;6121987;6807684;10642812;175993;11762554
FR;2;2022-06-26;30;27;131;194;97;6122017;6807711;10642943;176187;11762651
FR;2;2022-06-27;79;136;580;2472;481;6122096;6807847;10643523;178659;11763132
FR;2;2022-06-28;110;140;812;4814;650;6122206;6807987;10644335;183473;11763782
FR;2;2022-06-29;71;149;775;4387;636;6122277;6808136;10645110;187860;11764418
FR;2;2022-06-30;72;133;832;5176;618;6122349;6808269;10645942;193036;11765036
FR;2;2022-07-01;110;157;1148;6691;846;6122459;6808426;10647090;199727;11765882
FR;2;2022-07-02;66;131;473;1973;391;6122525;6808557;10647563;201700;11766273
FR;2;2022-07-03;23;30;144;334;128;6122548;6808587;10647707;202034;11766401
FR;2;2022-07-04;119;176;776;3773;610;6122667;6808763;10648483;205807;11767011
FR;2;2022-07-05;116;184;1119;6810;825;6122783;6808947;10649602;212617;11767836
FR;2;2022-07-06;92;148;947;5800;693;6122875;6809095;10650549;218417;11768529
FR;2;2022-07-07;81;184;1020;6495;748;6122956;6809279;10651569;224912;11769277
FR;2;2022-07-08;64;122;1092;7031;754;6123020;6809401;10652661;231943;11770031
FR;2;2022-07-09;34;61;417;1869;298;6123054;6809462;10653078;233812;11770329
FR;2;2022-07-10;6;17;96;313;82;6123060;6809479;10653174;234125;11770411
FR;2;2022-07-11;68;119;681;3814;539;6123128;6809598;10653855;237939;11770950
FR;2;2022-07-12;99;178;1051;6505;807;6123227;6809776;10654906;244444;11771757
FR;2;2022-07-13;63;125;879;4651;585;6123290;6809901;10655785;249095;11772342
FR;2;2022-07-14;6;12;86;247;56;6123296;6809913;10655871;249342;11772398
FR;2;2022-07-15;60;126;739;3785;559;6123356;6810039;10656610;253127;11772957
FR;2;2022-07-16;27;53;287;1029;240;6123383;6810092;10656897;254156;11773197
FR;2;2022-07-17;5;12;77;201;66;6123388;6810104;10656974;254357;11773263
FR;2;2022-07-18;56;103;514;2507;384;6123444;6810207;10657488;256864;11773647
FR;2;2022-07-19;66;132;768;4247;554;6123510;6810339;10658256;261111;11774201
FR;2;2022-07-20;57;118;579;3177;429;6123567;6810457;10658835;264288;11774630
FR;2;2022-07-21;60;109;671;3677;485;6123627;6810566;10659506;267965;11775115
FR;2;2022-07-22;51;97;696;3518;503;6123678;6810663;10660202;271483;11775618
FR;2;2022-07-23;39;95;290;1168;228;6123717;6810758;10660492;272651;11775846
FR;2;2022-07-24;14;23;68;201;67;6123731;6810781;10660560;272852;11775913
FR;2;2022-07-25;49;69;401;1923;296;6123780;6810850;10660961;274775;11776209
FR;2;2022-07-26;59;133;602;3421;474;6123839;6810983;10661563;278196;11776683
FR;2;2022-07-27;42;81;454;2777;358;6123881;6811064;10662017;280973;11777041
FR;2;2022-07-28;29;75;447;2438;355;6123910;6811139;10662464;283411;11777396
FR;2;2022-07-29;67;87;531;2854;344;6123977;6811226;10662995;286265;11777740
FR;2;2022-07-30;21;35;162;774;110;6123998;6811261;10663157;287039;11777850
FR;2;2022-07-31;6;12;27;104;21;6124004;6811273;10663184;287143;11777871
FR;2;2022-08-01;35;98;317;1260;253;6124039;6811371;10663501;288403;11778124
FR;2;2022-08-02;49;73;324;2052;246;6124088;6811444;10663825;290455;11778370
FR;2;2022-08-03;28;52;252;1610;184;6124116;6811496;10664077;292065;11778554
FR;2;2022-08-04;39;63;300;1685;236;6124155;6811559;10664377;293750;11778790
FR;2;2022-08-05;32;92;321;1878;230;6124187;6811651;10664698;295628;11779020
FR;2;2022-08-06;21;40;105;365;81;6124208;6811691;10664803;295993;11779101
FR;2;2022-08-07;7;8;14;69;16;6124215;6811699;10664817;296062;11779117
FR;2;2022-08-08;15;33;212;874;139;6124230;6811732;10665029;296936;11779256
FR;2;2022-08-09;27;51;278;1471;238;6124257;6811783;10665307;298407;11779494
FR;2;2022-08-10;15;21;210;1123;147;6124272;6811804;10665517;299530;11779641
FR;2;2022-08-11;20;41;170;1022;114;6124292;6811845;10665687;300552;11779755
FR;2;2022-08-12;36;45;179;1028;136;6124328;6811890;10665866;301580;11779891
FR;2;2022-08-13;8;17;40;149;46;6124336;6811907;10665906;301729;11779937
FR;2;2022-08-14;1;2;12;51;11;6124337;6811909;10665918;301780;11779948
FR;2;2022-08-15;0;3;19;22;12;6124337;6811912;10665937;301802;11779960
FR;2;2022-08-16;24;31;140;672;116;6124361;6811943;10666077;302474;11780076
FR;2;2022-08-17;16;26;107;738;87;6124377;6811969;10666184;303212;11780163
FR;2;2022-08-18;14;28;152;835;102;6124391;6811997;10666336;304047;11780265
FR;2;2022-08-19;8;38;111;694;81;6124399;6812035;10666447;304741;11780346
FR;2;2022-08-20;6;25;50;192;41;6124405;6812060;10666497;304933;11780387
FR;2;2022-08-21;4;14;15;19;13;6124409;6812074;10666512;304952;11780400
FR;2;2022-08-22;10;23;107;395;65;6124419;6812097;10666619;305347;11780465
FR;2;2022-08-23;11;40;132;664;111;6124430;6812137;10666751;306011;11780576
FR;2;2022-08-24;9;22;78;445;68;6124439;6812159;10666829;306456;11780644
FR;2;2022-08-25;5;25;102;475;61;6124444;6812184;10666931;306931;11780705
FR;2;2022-08-26;13;42;113;718;87;6124457;6812226;10667044;307649;11780792
FR;2;2022-08-27;10;16;44;156;40;6124467;6812242;10667088;307805;11780832
FR;2;2022-08-28;1;4;5;15;6;6124468;6812246;10667093;307820;11780838
FR;2;2022-08-29;24;41;85;399;79;6124492;6812287;10667178;308219;11780917
FR;2;2022-08-30;29;51;141;759;109;6124521;6812338;10667319;308978;11781026
FR;2;2022-08-31;17;34;76;390;70;6124538;6812372;10667395;309368;11781096
FR;2;2022-09-01;16;34;96;543;69;6124554;6812406;10667491;309911;11781165
FR;3;2020-12-27;0;0;0;0;0;0;0;0;0;0
FR;3;2020-12-28;0;0;0;0;0;0;0;0;0;0
FR;3;2020-12-29;0;0;0;0;0;0;0;0;0;0
FR;3;2020-12-30;0;0;0;0;0;0;0;0;0;0
FR;3;2020-12-31;0;0;0;0;0;0;0;0;0;0
FR;3;2021-01-01;0;0;0;0;0;0;0;0;0;0
FR;3;2021-01-02;0;0;0;0;0;0;0;0;0;0
FR;3;2021-01-03;0;0;0;0;0;0;0;0;0;0
FR;3;2021-01-04;0;0;0;0;0;0;0;0;0;0
FR;3;2021-01-05;0;0;0;0;0;0;0;0;0;0
FR;3;2021-01-06;0;0;0;0;0;0;0;0;0;0
FR;3;2021-01-07;0;0;0;0;0;0;0;0;0;0
FR;3;2021-01-08;0;0;0;0;0;0;0;0;0;0
FR;3;2021-01-09;0;0;0;0;0;0;0;0;0;0
FR;3;2021-01-10;0;0;0;0;0;0;0;0;0;0
FR;3;2021-01-11;0;0;0;0;0;0;0;0;0;0
FR;3;2021-01-12;0;0;0;0;0;0;0;0;0;0
FR;3;2021-01-13;0;0;0;0;0;0;0;0;0;0
FR;3;2021-01-14;0;0;0;0;0;0;0;0;0;0
FR;3;2021-01-15;0;0;0;0;0;0;0;0;0;0
FR;3;2021-01-16;0;0;0;0;0;0;0;0;0;0
FR;3;2021-01-17;0;0;0;0;0;0;0;0;0;0
FR;3;2021-01-18;0;0;0;0;0;0;0;0;0;0
FR;3;2021-01-19;0;0;0;0;0;0;0;0;0;0
FR;3;2021-01-20;0;0;0;0;0;0;0;0;0;0
FR;3;2021-01-21;0;0;0;0;0;0;0;0;0;0
FR;3;2021-01-22;0;0;0;0;0;0;0;0;0;0
FR;3;2021-01-23;0;0;0;0;0;0;0;0;0;0
FR;3;2021-01-24;0;0;0;0;0;0;0;0;0;0
FR;3;2021-01-25;0;0;0;0;0;0;0;0;0;0
FR;3;2021-01-26;0;0;0;0;0;0;0;0;0;0
FR;3;2021-01-27;0;0;0;0;0;0;0;0;0;0
FR;3;2021-01-28;0;0;0;0;0;0;0;0;0;0
FR;3;2021-01-29;0;0;0;0;0;0;0;0;0;0
FR;3;2021-01-30;0;0;0;0;0;0;0;0;0;0
FR;3;2021-01-31;0;0;0;0;0;0;0;0;0;0
FR;3;2021-02-01;0;0;0;0;0;0;0;0;0;0
FR;3;2021-02-02;0;0;0;0;0;0;0;0;0;0
FR;3;2021-02-03;0;0;0;0;0;0;0;0;0;0
FR;3;2021-02-04;0;0;0;0;0;0;0;0;0;0
FR;3;2021-02-05;0;0;0;0;0;0;0;0;0;0
FR;3;2021-02-06;1571;0;0;0;0;1571;0;0;0;0
FR;3;2021-02-07;1423;1;0;0;0;2994;1;0;0;0
FR;3;2021-02-08;2786;1;0;0;0;5780;2;0;0;0
FR;3;2021-02-09;6782;0;0;0;0;12562;2;0;0;0
FR;3;2021-02-10;9609;0;0;0;0;22171;2;0;0;0
FR;3;2021-02-11;13618;1;0;0;0;35789;3;0;0;0
FR;3;2021-02-12;13404;0;0;0;0;49193;3;0;0;0
FR;3;2021-02-13;3797;1;0;0;0;52990;4;0;0;0
FR;3;2021-02-14;974;0;0;0;0;53964;4;0;0;0
FR;3;2021-02-15;10491;1;0;0;0;64455;5;0;0;0
FR;3;2021-02-16;12550;4;0;0;0;77005;9;0;0;0
FR;3;2021-02-17;11156;1;0;0;0;88161;10;0;0;0
FR;3;2021-02-18;14942;2;0;0;0;103103;12;0;0;0
FR;3;2021-02-19;14362;1;0;0;0;117465;13;0;0;0
FR;3;2021-02-20;3330;0;0;0;0;120795;13;0;0;0
FR;3;2021-02-21;618;0;0;0;0;121413;13;0;0;0
FR;3;2021-02-22;9166;0;0;0;0;130579;13;0;0;0
FR;3;2021-02-23;11398;3;0;0;0;141977;16;0;0;0
FR;3;2021-02-24;14305;1;0;0;0;156282;17;0;0;0
FR;3;2021-02-25;44931;3;0;0;0;201213;20;0;0;0
FR;3;2021-02-26;61888;7;0;0;0;263101;27;0;0;0
FR;3;2021-02-27;34805;11;0;0;0;297906;38;0;0;0
FR;3;2021-02-28;2463;0;0;0;0;300369;38;0;0;0
FR;3;2021-03-01;20518;14;0;0;0;320887;52;0;0;0
FR;3;2021-03-02;38869;21;0;0;0;359756;73;0;0;0
FR;3;2021-03-03;48743;16;0;0;0;408499;89;0;0;0
FR;3;2021-03-04;82222;22;0;0;0;490721;111;0;0;0
FR;3;2021-03-05;118128;43;0;0;0;608849;154;0;0;0
FR;3;2021-03-06;120716;63;1;0;0;729565;217;1;0;0
FR;3;2021-03-07;55180;25;0;0;0;784745;242;1;0;0
FR;3;2021-03-08;42812;25;0;0;0;827557;267;1;0;0
FR;3;2021-03-09;78973;50;0;0;0;906530;317;1;0;0
FR;3;2021-03-10;80978;57;0;0;0;987508;374;1;0;0
FR;3;2021-03-11;128439;60;0;0;0;1115947;434;1;0;0
FR;3;2021-03-12;182723;105;0;0;0;1298670;539;1;0;0
FR;3;2021-03-13;132154;77;0;0;0;1430824;616;1;0;0
FR;3;2021-03-14;14056;5;0;0;0;1444880;621;1;0;0
FR;3;2021-03-15;52236;65;0;0;0;1497116;686;1;0;0
FR;3;2021-03-16;1215;43;0;0;0;1498331;729;1;0;0
FR;3;2021-03-17;946;45;0;0;0;1499277;774;1;0;0
FR;3;2021-03-18;1571;29;0;0;0;1500848;803;1;0;0
FR;3;2021-03-19;70455;50;0;0;0;1571303;853;1;0;0
FR;3;2021-03-20;65235;45;0;0;0;1636538;898;1;0;0
FR;3;2021-03-21;5759;8;0;0;0;1642297;906;1;0;0
FR;3;2021-03-22;37505;44;0;0;0;1679802;950;1;0;0
FR;3;2021-03-23;84659;76;0;0;0;1764461;1026;1;0;0
FR;3;2021-03-24;90946;97;0;0;0;1855407;1123;1;0;0
FR;3;2021-03-25;150061;136;0;0;0;2005468;1259;1;0;0
FR;3;2021-03-26;165428;155;0;0;0;2170896;1414;1;0;0
FR;3;2021-03-27;68458;100;0;0;0;2239354;1514;1;0;0
FR;3;2021-03-28;6475;21;0;0;0;2245829;1535;1;0;0
FR;3;2021-03-29;54164;74;0;0;0;2299993;1609;1;0;0
FR;3;2021-03-30;93173;101;0;0;0;2393166;1710;1;0;0
FR;3;2021-03-31;63539;105;0;0;0;2456705;1815;1;0;0
FR;3;2021-04-01;86131;111;0;0;0;2542836;1926;1;0;0
FR;3;2021-04-02;86907;176;0;0;0;2629743;2102;1;0;0
FR;3;2021-04-03;35875;128;0;0;0;2665618;2230;1;0;0
FR;3;2021-04-04;3573;19;0;0;0;2669191;2249;1;0;0
FR;3;2021-04-05;4491;35;0;0;0;2673682;2284;1;0;0
FR;3;2021-04-06;29754;95;0;0;0;2703436;2379;1;0;0
FR;3;2021-04-07;32343;93;0;0;0;2735779;2472;1;0;0
FR;3;2021-04-08;78819;251;0;0;0;2814598;2723;1;0;0
FR;3;2021-04-09;161754;431;0;0;0;2976352;3154;1;0;0
FR;3;2021-04-10;75760;352;0;0;0;3052112;3506;1;0;0
FR;3;2021-04-11;7311;46;0;0;0;3059423;3552;1;0;0
FR;3;2021-04-12;51478;216;0;0;0;3110901;3768;1;0;0
FR;3;2021-04-13;86231;344;0;0;0;3197132;4112;1;0;0
FR;3;2021-04-14;67841;357;0;0;0;3264973;4469;1;0;0
FR;3;2021-04-15;93232;387;0;0;0;3358205;4856;1;0;0
FR;3;2021-04-16;112520;601;0;0;0;3470725;5457;1;0;0
FR;3;2021-04-17;53317;338;1;0;0;3524042;5795;2;0;0
FR;3;2021-04-18;9747;43;0;0;0;3533789;5838;2;0;0
FR;3;2021-04-19;25111;261;0;0;0;3558900;6099;2;0;0
FR;3;2021-04-20;45673;414;0;0;0;3604573;6513;2;0;0
FR;3;2021-04-21;38979;496;0;0;0;3643552;7009;2;0;0
FR;3;2021-04-22;54711;822;0;0;0;3698263;7831;2;0;0
FR;3;2021-04-23;70489;1048;0;0;0;3768752;8879;2;0;0
FR;3;2021-04-24;37245;1054;0;0;0;3805997;9933;2;0;0
FR;3;2021-04-25;6211;151;0;0;0;3812208;10084;2;0;0
FR;3;2021-04-26;19787;678;0;0;0;3831995;10762;2;0;0
FR;3;2021-04-27;34481;1290;0;0;0;3866476;12052;2;0;0
FR;3;2021-04-28;28968;1986;0;0;0;3895444;14038;2;0;0
FR;3;2021-04-29;45382;6038;0;0;0;3940826;20076;2;0;0
FR;3;2021-04-30;55462;9008;1;0;0;3996288;29084;3;0;0
FR;3;2021-05-01;9515;2025;0;0;0;4005803;31109;3;0;0
FR;3;2021-05-02;3075;477;0;0;0;4008878;31586;3;0;0
FR;3;2021-05-03;13062;3897;0;0;0;4021940;35483;3;0;0
FR;3;2021-05-04;23113;8452;0;0;0;4045053;43935;3;0;0
FR;3;2021-05-05;18759;10717;0;0;0;4063812;54652;3;0;0
FR;3;2021-05-06;34628;21075;0;0;0;4098440;75727;3;0;0
FR;3;2021-05-07;44202;28660;0;0;0;4142642;104387;3;0;0
FR;3;2021-05-08;6785;9167;0;0;0;4149427;113554;3;0;0
FR;3;2021-05-09;1795;2654;0;0;0;4151222;116208;3;0;0
FR;3;2021-05-10;14996;12794;0;0;0;4166218;129002;3;0;0
FR;3;2021-05-11;27096;26052;0;0;0;4193314;155054;3;0;0
FR;3;2021-05-12;17269;27849;0;0;0;4210583;182903;3;0;0
FR;3;2021-05-13;2282;3493;0;0;0;4212865;186396;3;0;0
FR;3;2021-05-14;14518;25971;0;0;0;4227383;212367;3;0;0
FR;3;2021-05-15;7234;20946;0;0;0;4234617;233313;3;0;0
FR;3;2021-05-16;976;2647;0;0;0;4235593;235960;3;0;0
FR;3;2021-05-17;7964;20062;0;0;0;4243557;256022;3;0;0
FR;3;2021-05-18;13413;29947;0;0;0;4256970;285969;3;0;0
FR;3;2021-05-19;9272;31025;0;0;0;4266242;316994;3;0;0
FR;3;2021-05-20;12805;53583;3;0;0;4279047;370577;6;0;0
FR;3;2021-05-21;12764;65907;2;0;0;4291811;436484;8;0;0
FR;3;2021-05-22;4963;33579;1;0;0;4296774;470063;9;0;0
FR;3;2021-05-23;651;2655;0;0;0;4297425;472718;9;0;0
FR;3;2021-05-24;883;4851;0;0;0;4298308;477569;9;0;0
FR;3;2021-05-25;5309;46139;1;0;0;4303617;523708;10;0;0
FR;3;2021-05-26;4976;51725;1;0;0;4308593;575433;11;0;0
FR;3;2021-05-27;6332;78580;3;0;0;4314925;654013;14;0;0
FR;3;2021-05-28;7542;99788;2;0;0;4322467;753801;16;0;0
FR;3;2021-05-29;3349;60781;1;0;0;4325816;814582;17;0;0
FR;3;2021-05-30;548;8172;0;0;0;4326364;822754;17;0;0
FR;3;2021-05-31;2441;35656;3;0;0;4328805;858410;20;0;0
FR;3;2021-06-01;3407;64843;10;0;0;4332212;923253;30;0;0
FR;3;2021-06-02;2732;58599;6;0;0;4334944;981852;36;0;0
FR;3;2021-06-03;3495;87325;10;0;0;4338439;1069177;46;0;0
FR;3;2021-06-04;4114;105558;22;0;0;4342553;1174735;68;0;0
FR;3;2021-06-05;1982;52456;4;0;0;4344535;1227191;72;0;0
FR;3;2021-06-06;508;5319;1;0;0;4345043;1232510;73;0;0
FR;3;2021-06-07;1478;30854;11;0;0;4346521;1263364;84;0;0
FR;3;2021-06-08;2059;47335;18;0;0;4348580;1310699;102;0;0
FR;3;2021-06-09;1794;41994;13;0;0;4350374;1352693;115;0;0
FR;3;2021-06-10;2252;67749;17;0;0;4352626;1420442;132;0;0
FR;3;2021-06-11;2480;96657;34;0;0;4355106;1517099;166;0;0
FR;3;2021-06-12;1176;40659;6;0;0;4356282;1557758;172;0;0
FR;3;2021-06-13;282;3684;3;0;0;4356564;1561442;175;0;0
FR;3;2021-06-14;1045;42437;17;0;0;4357609;1603879;192;0;0
FR;3;2021-06-15;1371;80479;20;0;0;4358980;1684358;212;0;0
FR;3;2021-06-16;1260;65539;20;0;0;4360240;1749897;232;0;0
FR;3;2021-06-17;1666;102093;41;0;0;4361906;1851990;273;0;0
FR;3;2021-06-18;1870;118226;62;0;0;4363776;1970216;335;0;0
FR;3;2021-06-19;802;39449;22;0;0;4364578;2009665;357;0;0
FR;3;2021-06-20;160;3247;0;0;0;4364738;2012912;357;0;0
FR;3;2021-06-21;772;39110;16;0;0;4365510;2052022;373;0;0
FR;3;2021-06-22;1065;70012;52;0;0;4366575;2122034;425;0;0
FR;3;2021-06-23;942;50838;39;0;0;4367517;2172872;464;0;0
FR;3;2021-06-24;1310;77200;48;0;0;4368827;2250072;512;0;0
FR;3;2021-06-25;1405;90447;73;0;0;4370232;2340519;585;0;0
FR;3;2021-06-26;631;33111;29;0;0;4370863;2373630;614;0;0
FR;3;2021-06-27;166;3871;1;0;0;4371029;2377501;615;0;0
FR;3;2021-06-28;654;30181;27;0;0;4371683;2407682;642;0;0
FR;3;2021-06-29;857;56397;95;0;0;4372540;2464079;737;0;0
FR;3;2021-06-30;905;45128;93;0;0;4373445;2509207;830;0;0
FR;3;2021-07-01;1163;65924;108;0;0;4374608;2575131;938;0;0
FR;3;2021-07-02;1306;90466;170;0;0;4375914;2665597;1108;0;0
FR;3;2021-07-03;602;31178;51;0;0;4376516;2696775;1159;0;0
FR;3;2021-07-04;144;4093;3;0;0;4376660;2700868;1162;0;0
FR;3;2021-07-05;610;33702;60;0;0;4377270;2734570;1222;0;0
FR;3;2021-07-06;962;55998;88;0;0;4378232;2790568;1310;0;0
FR;3;2021-07-07;871;42975;80;0;0;4379103;2833543;1390;0;0
FR;3;2021-07-08;1125;60753;99;0;0;4380228;2894296;1489;0;0
FR;3;2021-07-09;1260;68859;128;0;0;4381488;2963155;1617;0;0
FR;3;2021-07-10;643;25042;59;0;0;4382131;2988197;1676;0;0
FR;3;2021-07-11;129;3224;4;0;0;4382260;2991421;1680;0;0
FR;3;2021-07-12;662;23746;59;0;0;4382922;3015167;1739;0;0
FR;3;2021-07-13;1647;34577;90;0;0;4384569;3049744;1829;0;0
FR;3;2021-07-14;267;2524;2;0;0;4384836;3052268;1831;0;0
FR;3;2021-07-15;1940;30524;85;0;0;4386776;3082792;1916;0;0
FR;3;2021-07-16;2520;38733;122;0;0;4389296;3121525;2038;0;0
FR;3;2021-07-17;1049;13732;26;0;0;4390345;3135257;2064;0;0
FR;3;2021-07-18;265;2561;3;0;0;4390610;3137818;2067;0;0
FR;3;2021-07-19;1276;17019;37;0;0;4391886;3154837;2104;0;0
FR;3;2021-07-20;1823;27013;98;0;0;4393709;3181850;2202;0;0
FR;3;2021-07-21;1651;19593;44;0;0;4395360;3201443;2246;0;0
FR;3;2021-07-22;1854;27673;83;0;0;4397214;3229116;2329;0;0
FR;3;2021-07-23;2215;30331;117;0;0;4399429;3259447;2446;0;0
FR;3;2021-07-24;826;6959;25;0;0;4400255;3266406;2471;0;0
FR;3;2021-07-25;210;1303;1;0;0;4400465;3267709;2472;0;0
FR;3;2021-07-26;929;10582;28;0;0;4401394;3278291;2500;0;0
FR;3;2021-07-27;1169;16876;56;0;0;4402563;3295167;2556;0;0
FR;3;2021-07-28;989;12029;40;0;0;4403552;3307196;2596;0;0
FR;3;2021-07-29;1127;15741;63;0;0;4404679;3322937;2659;0;0
FR;3;2021-07-30;1128;18020;79;0;0;4405807;3340957;2738;0;0
FR;3;2021-07-31;406;3734;15;0;0;4406213;3344691;2753;0;0
FR;3;2021-08-01;114;461;1;0;0;4406327;3345152;2754;0;0
FR;3;2021-08-02;421;5075;22;0;0;4406748;3350227;2776;0;0
FR;3;2021-08-03;495;7516;27;0;0;4407243;3357743;2803;0;0
FR;3;2021-08-04;437;4851;26;0;0;4407680;3362594;2829;0;0
FR;3;2021-08-05;430;3680;13;0;0;4408110;3366274;2842;0;0
FR;3;2021-08-06;456;4736;30;0;0;4408566;3371010;2872;0;0
FR;3;2021-08-07;214;1906;11;0;0;4408780;3372916;2883;0;0
FR;3;2021-08-08;249;428;2;0;0;4409029;3373344;2885;0;0
FR;3;2021-08-09;317;2425;11;0;0;4409346;3375769;2896;0;0
FR;3;2021-08-10;368;3803;15;0;0;4409714;3379572;2911;0;0
FR;3;2021-08-11;291;2689;15;0;0;4410005;3382261;2926;0;0
FR;3;2021-08-12;277;2606;12;0;0;4410282;3384867;2938;0;0
FR;3;2021-08-13;277;2262;16;0;0;4410559;3387129;2954;0;0
FR;3;2021-08-14;172;905;1;0;0;4410731;3388034;2955;0;0
FR;3;2021-08-15;56;174;0;0;0;4410787;3388208;2955;0;0
FR;3;2021-08-16;124;1039;8;0;0;4410911;3389247;2963;0;0
FR;3;2021-08-17;188;1458;8;0;0;4411099;3390705;2971;0;0
FR;3;2021-08-18;203;1326;10;0;0;4411302;3392031;2981;0;0
FR;3;2021-08-19;165;1393;10;0;0;4411467;3393424;2991;0;0
FR;3;2021-08-20;167;1610;16;0;0;4411634;3395034;3007;0;0
FR;3;2021-08-21;93;586;2;0;0;4411727;3395620;3009;0;0
FR;3;2021-08-22;42;188;1;0;0;4411769;3395808;3010;0;0
FR;3;2021-08-23;141;913;7;0;0;4411910;3396721;3017;0;0
FR;3;2021-08-24;124;944;10;0;0;4412034;3397665;3027;0;0
FR;3;2021-08-25;137;829;3;0;0;4412171;3398494;3030;0;0
FR;3;2021-08-26;172;847;9;0;0;4412343;3399341;3039;0;0
FR;3;2021-08-27;178;945;9;0;0;4412521;3400286;3048;0;0
FR;3;2021-08-28;99;371;4;0;0;4412620;3400657;3052;0;0
FR;3;2021-08-29;128;133;1;0;0;4412748;3400790;3053;0;0
FR;3;2021-08-30;100;580;0;0;121;4412848;3401370;3053;0;121
FR;3;2021-08-31;132;697;7;0;143;4412980;3402067;3060;0;264
FR;3;2021-09-01;121;466;5;0;115;4413101;3402533;3065;0;379
FR;3;2021-09-02;100;618;22;0;112;4413201;3403151;3087;0;491
FR;3;2021-09-03;115;572;17;0;120;4413316;3403723;3104;0;611
FR;3;2021-09-04;54;300;3;0;55;4413370;3404023;3107;0;666
FR;3;2021-09-05;51;67;5;0;27;4413421;3404090;3112;0;693
FR;3;2021-09-06;117;380;4;0;138;4413538;3404470;3116;0;831
FR;3;2021-09-07;123;449;14;0;121;4413661;3404919;3130;0;952
FR;3;2021-09-08;120;352;2;0;94;4413781;3405271;3132;0;1046
FR;3;2021-09-09;93;387;8;0;108;4413874;3405658;3140;0;1154
FR;3;2021-09-10;100;408;3;0;96;4413974;3406066;3143;0;1250
FR;3;2021-09-11;76;233;4;0;66;4414050;3406299;3147;0;1316
FR;3;2021-09-12;37;47;1;0;17;4414087;3406346;3148;0;1333
FR;3;2021-09-13;73;307;7;0;102;4414160;3406653;3155;0;1435
FR;3;2021-09-14;72;281;6;0;99;4414232;3406934;3161;0;1534
FR;3;2021-09-15;61;257;3;0;6;4414293;3407191;3164;0;1540
FR;3;2021-09-16;62;326;6;0;6;4414355;3407517;3170;0;1546
FR;3;2021-09-17;52;334;3;0;7;4414407;3407851;3173;0;1553
FR;3;2021-09-18;36;178;1;0;1;4414443;3408029;3174;0;1554
FR;3;2021-09-19;28;31;2;0;1;4414471;3408060;3176;0;1555
FR;3;2021-09-20;81;197;0;0;1;4414552;3408257;3176;0;1556
FR;3;2021-09-21;60;285;6;0;7;4414612;3408542;3182;0;1563
FR;3;2021-09-22;64;233;6;0;7;4414676;3408775;3188;0;1570
FR;3;2021-09-23;37;265;11;0;7;4414713;3409040;3199;0;1577
FR;3;2021-09-24;28;322;12;0;19;4414741;3409362;3211;0;1596
FR;3;2021-09-25;31;142;3;0;3;4414772;3409504;3214;0;1599
FR;3;2021-09-26;16;58;1;0;1;4414788;3409562;3215;0;1600
FR;3;2021-09-27;46;292;3;0;5;4414834;3409854;3218;0;1605
FR;3;2021-09-28;49;249;6;0;8;4414883;3410103;3224;0;1613
FR;3;2021-09-29;37;224;10;0;14;4414920;3410327;3234;0;1627
FR;3;2021-09-30;39;202;8;0;10;4414959;3410529;3242;0;1637
FR;3;2021-10-01;22;163;6;0;7;4414981;3410692;3248;0;1644
FR;3;2021-10-02;17;85;0;0;0;4414998;3410777;3248;0;1644
FR;3;2021-10-03;19;18;1;0;2;4415017;3410795;3249;0;1646
FR;3;2021-10-04;32;158;4;0;4;4415049;3410953;3253;0;1650
FR;3;2021-10-05;17;151;10;0;13;4415066;3411104;3263;0;1663
FR;3;2021-10-06;32;147;8;0;9;4415098;3411251;3271;0;1672
FR;3;2021-10-07;19;133;6;0;6;4415117;3411384;3277;0;1678
FR;3;2021-10-08;24;140;10;0;9;4415141;3411524;3287;0;1687
FR;3;2021-10-09;15;72;1;0;1;4415156;3411596;3288;0;1688
FR;3;2021-10-10;13;18;2;0;3;4415169;3411614;3290;0;1691
FR;3;2021-10-11;16;119;4;0;5;4415185;3411733;3294;0;1696
FR;3;2021-10-12;20;104;5;0;5;4415205;3411837;3299;0;1701
FR;3;2021-10-13;25;116;9;0;7;4415230;3411953;3308;0;1708
FR;3;2021-10-14;18;153;3;0;4;4415248;3412106;3311;0;1712
FR;3;2021-10-15;23;151;8;0;12;4415271;3412257;3319;0;1724
FR;3;2021-10-16;11;77;6;0;8;4415282;3412334;3325;0;1732
FR;3;2021-10-17;12;25;0;0;0;4415294;3412359;3325;0;1732
FR;3;2021-10-18;18;118;2;0;2;4415312;3412477;3327;0;1734
FR;3;2021-10-19;16;114;19;0;21;4415328;3412591;3346;0;1755
FR;3;2021-10-20;25;128;6;0;7;4415353;3412719;3352;0;1762
FR;3;2021-10-21;28;130;17;0;13;4415381;3412849;3369;0;1775
FR;3;2021-10-22;23;112;16;0;19;4415404;3412961;3385;0;1794
FR;3;2021-10-23;15;58;2;0;1;4415419;3413019;3387;0;1795
FR;3;2021-10-24;7;35;0;0;0;4415426;3413054;3387;0;1795
FR;3;2021-10-25;23;149;7;0;7;4415449;3413203;3394;0;1802
FR;3;2021-10-26;25;103;22;0;19;4415474;3413306;3416;0;1821
FR;3;2021-10-27;18;103;9;0;9;4415492;3413409;3425;0;1830
FR;3;2021-10-28;22;119;33;0;36;4415514;3413528;3458;0;1866
FR;3;2021-10-29;12;109;64;0;54;4415526;3413637;3522;0;1920
FR;3;2021-10-30;11;63;11;1;10;4415537;3413700;3533;1;1930
FR;3;2021-10-31;8;23;1;0;1;4415545;3413723;3534;1;1931
FR;3;2021-11-01;10;22;2;0;1;4415555;3413745;3536;1;1932
FR;3;2021-11-02;9;103;10;0;12;4415564;3413848;3546;1;1944
FR;3;2021-11-03;19;111;10;0;10;4415583;3413959;3556;1;1954
FR;3;2021-11-04;18;91;4;0;3;4415601;3414050;3560;1;1957
FR;3;2021-11-05;19;127;8;1;5;4415620;3414177;3568;2;1962
FR;3;2021-11-06;10;61;3;0;3;4415630;3414238;3571;2;1965
FR;3;2021-11-07;6;21;1;0;1;4415636;3414259;3572;2;1966
FR;3;2021-11-08;11;134;7;0;5;4415647;3414393;3579;2;1971
FR;3;2021-11-09;13;136;5;0;5;4415660;3414529;3584;2;1976
FR;3;2021-11-10;14;164;14;0;15;4415674;3414693;3598;2;1991
FR;3;2021-11-11;11;49;3;0;3;4415685;3414742;3601;2;1994
FR;3;2021-11-12;14;143;6;0;4;4415699;3414885;3607;2;1998
FR;3;2021-11-13;7;68;9;0;10;4415706;3414953;3616;2;2008
FR;3;2021-11-14;3;24;1;0;1;4415709;3414977;3617;2;2009
FR;3;2021-11-15;5;175;10;0;11;4415714;3415152;3627;2;2020
FR;3;2021-11-16;6;146;11;0;10;4415720;3415298;3638;2;2030
FR;3;2021-11-17;7;156;11;0;8;4415727;3415454;3649;2;2038
FR;3;2021-11-18;14;152;10;0;11;4415741;3415606;3659;2;2049
FR;3;2021-11-19;10;202;22;0;27;4415751;3415808;3681;2;2076
FR;3;2021-11-20;6;107;6;0;6;4415757;3415915;3687;2;2082
FR;3;2021-11-21;3;26;3;0;3;4415760;3415941;3690;2;2085
FR;3;2021-11-22;11;205;11;0;11;4415771;3416146;3701;2;2096
FR;3;2021-11-23;8;205;15;0;14;4415779;3416351;3716;2;2110
FR;3;2021-11-24;9;208;9;0;17;4415788;3416559;3725;2;2127
FR;3;2021-11-25;12;238;11;0;11;4415800;3416797;3736;2;2138
FR;3;2021-11-26;8;307;35;0;33;4415808;3417104;3771;2;2171
FR;3;2021-11-27;8;143;20;0;21;4415816;3417247;3791;2;2192
FR;3;2021-11-28;3;63;7;0;7;4415819;3417310;3798;2;2199
FR;3;2021-11-29;5;262;20;0;21;4415824;3417572;3818;2;2220
FR;3;2021-11-30;7;354;28;0;31;4415831;3417926;3846;2;2251
FR;3;2021-12-01;30;383;36;0;38;4415861;3418309;3882;2;2289
FR;3;2021-12-02;9;401;33;0;36;4415870;3418710;3915;2;2325
FR;3;2021-12-03;4;456;37;0;38;4415874;3419166;3952;2;2363
FR;3;2021-12-04;3;243;26;0;28;4415877;3419409;3978;2;2391
FR;3;2021-12-05;1;66;5;0;5;4415878;3419475;3983;2;2396
FR;3;2021-12-06;5;420;14;0;15;4415883;3419895;3997;2;2411
FR;3;2021-12-07;4;499;20;0;24;4415887;3420394;4017;2;2435
FR;3;2021-12-08;7;453;29;0;30;4415894;3420847;4046;2;2465
FR;3;2021-12-09;3;513;17;0;22;4415897;3421360;4063;2;2487
FR;3;2021-12-10;10;528;29;0;25;4415907;3421888;4092;2;2512
FR;3;2021-12-11;4;337;10;0;9;4415911;3422225;4102;2;2521
FR;3;2021-12-12;1;109;3;0;3;4415912;3422334;4105;2;2524
FR;3;2021-12-13;2;508;19;0;21;4415914;3422842;4124;2;2545
FR;3;2021-12-14;8;645;18;0;21;4415922;3423487;4142;2;2566
FR;3;2021-12-15;9;617;17;0;21;4415931;3424104;4159;2;2587
FR;3;2021-12-16;10;628;19;0;18;4415941;3424732;4178;2;2605
FR;3;2021-12-17;5;713;18;0;19;4415946;3425445;4196;2;2624
FR;3;2021-12-18;4;379;4;0;5;4415950;3425824;4200;2;2629
FR;3;2021-12-19;3;194;2;0;2;4415953;3426018;4202;2;2631
FR;3;2021-12-20;8;646;23;0;28;4415961;3426664;4225;2;2659
FR;3;2021-12-21;3;737;10;0;13;4415964;3427401;4235;2;2672
FR;3;2021-12-22;10;685;9;0;10;4415974;3428086;4244;2;2682
FR;3;2021-12-23;2;591;8;0;8;4415976;3428677;4252;2;2690
FR;3;2021-12-24;2;251;3;0;6;4415978;3428928;4255;2;2696
FR;3;2021-12-25;0;25;0;0;0;4415978;3428953;4255;2;2696
FR;3;2021-12-26;0;92;1;0;1;4415978;3429045;4256;2;2697
FR;3;2021-12-27;7;498;17;0;20;4415985;3429543;4273;2;2717
FR;3;2021-12-28;3;646;6;0;5;4415988;3430189;4279;2;2722
FR;3;2021-12-29;4;537;14;0;16;4415992;3430726;4293;2;2738
FR;3;2021-12-30;3;556;7;0;10;4415995;3431282;4300;2;2748
FR;3;2021-12-31;0;196;5;0;7;4415995;3431478;4305;2;2755
FR;3;2022-01-01;0;26;0;0;2;4415995;3431504;4305;2;2757
FR;3;2022-01-02;0;80;0;0;0;4415995;3431584;4305;2;2757
FR;3;2022-01-03;4;535;17;0;21;4415999;3432119;4322;2;2778
FR;3;2022-01-04;6;585;9;0;8;4416005;3432704;4331;2;2786
FR;3;2022-01-05;5;529;10;0;14;4416010;3433233;4341;2;2800
FR;3;2022-01-06;6;506;9;0;10;4416016;3433739;4350;2;2810
FR;3;2022-01-07;2;534;11;0;13;4416018;3434273;4361;2;2823
FR;3;2022-01-08;4;263;4;0;5;4416022;3434536;4365;2;2828
FR;3;2022-01-09;0;117;0;0;0;4416022;3434653;4365;2;2828
FR;3;2022-01-10;2;457;12;0;12;4416024;3435110;4377;2;2840
FR;3;2022-01-11;2;497;1;0;1;4416026;3435607;4378;2;2841
FR;3;2022-01-12;2;422;9;0;10;4416028;3436029;4387;2;2851
FR;3;2022-01-13;3;406;11;0;12;4416031;3436435;4398;2;2863
FR;3;2022-01-14;3;451;10;0;13;4416034;3436886;4408;2;2876
FR;3;2022-01-15;0;289;2;0;3;4416034;3437175;4410;2;2879
FR;3;2022-01-16;1;110;1;0;1;4416035;3437285;4411;2;2880
FR;3;2022-01-17;2;335;8;0;9;4416037;3437620;4419;2;2889
FR;3;2022-01-18;2;388;1;0;2;4416039;3438008;4420;2;2891
FR;3;2022-01-19;2;338;5;0;10;4416041;3438346;4425;2;2901
FR;3;2022-01-20;1;368;5;0;3;4416042;3438714;4430;2;2904
FR;3;2022-01-21;4;357;5;0;7;4416046;3439071;4435;2;2911
FR;3;2022-01-22;2;230;1;0;2;4416048;3439301;4436;2;2913
FR;3;2022-01-23;0;81;0;0;1;4416048;3439382;4436;2;2914
FR;3;2022-01-24;2;336;1;0;6;4416050;3439718;4437;2;2920
FR;3;2022-01-25;0;184;0;0;0;4416050;3439902;4437;2;2920
FR;3;2022-01-26;0;80;0;0;0;4416050;3439982;4437;2;2920
FR;3;2022-01-27;0;54;0;0;0;4416050;3440036;4437;2;2920
FR;3;2022-01-28;0;123;0;0;0;4416050;3440159;4437;2;2920
FR;3;2022-01-29;0;103;0;0;0;4416050;3440262;4437;2;2920
FR;3;2022-01-30;0;51;0;0;0;4416050;3440313;4437;2;2920
FR;3;2022-01-31;0;96;0;0;0;4416050;3440409;4437;2;2920
FR;3;2022-02-01;0;101;0;0;1;4416050;3440510;4437;2;2921
FR;3;2022-02-02;0;90;0;0;0;4416050;3440600;4437;2;2921
FR;3;2022-02-03;0;96;0;0;0;4416050;3440696;4437;2;2921
FR;3;2022-02-04;0;121;0;0;0;4416050;3440817;4437;2;2921
FR;3;2022-02-05;0;72;0;0;0;4416050;3440889;4437;2;2921
FR;3;2022-02-06;0;11;0;0;0;4416050;3440900;4437;2;2921
FR;3;2022-02-07;0;85;0;0;0;4416050;3440985;4437;2;2921
FR;3;2022-02-08;0;0;0;0;0;4416050;3440985;4437;2;2921
FR;3;2022-02-09;0;0;0;0;0;4416050;3440985;4437;2;2921
FR;3;2022-02-10;0;0;0;0;0;4416050;3440985;4437;2;2921
FR;3;2022-02-11;0;0;0;0;0;4416050;3440985;4437;2;2921
FR;3;2022-02-12;0;0;0;0;0;4416050;3440985;4437;2;2921
FR;3;2022-02-13;0;0;0;0;0;4416050;3440985;4437;2;2921
FR;3;2022-02-14;0;0;0;0;0;4416050;3440985;4437;2;2921
FR;3;2022-02-15;0;0;0;0;0;4416050;3440985;4437;2;2921
FR;3;2022-02-16;0;0;0;0;0;4416050;3440985;4437;2;2921
FR;3;2022-02-17;0;0;0;0;0;4416050;3440985;4437;2;2921
FR;3;2022-02-18;0;0;0;0;0;4416050;3440985;4437;2;2921
FR;3;2022-02-19;0;0;0;0;0;4416050;3440985;4437;2;2921
FR;3;2022-02-20;0;0;0;0;0;4416050;3440985;4437;2;2921
FR;3;2022-02-21;2;0;0;0;0;4416052;3440985;4437;2;2921
FR;3;2022-02-22;0;0;0;0;0;4416052;3440985;4437;2;2921
FR;3;2022-02-23;0;0;0;0;0;4416052;3440985;4437;2;2921
FR;3;2022-02-24;0;0;0;0;0;4416052;3440985;4437;2;2921
FR;3;2022-02-25;0;0;0;0;0;4416052;3440985;4437;2;2921
FR;3;2022-02-26;0;0;0;0;0;4416052;3440985;4437;2;2921
FR;3;2022-02-27;0;0;0;0;0;4416052;3440985;4437;2;2921
FR;3;2022-02-28;1;0;0;0;0;4416053;3440985;4437;2;2921
FR;3;2022-03-01;1;0;0;0;0;4416054;3440985;4437;2;2921
FR;3;2022-03-02;0;0;0;0;0;4416054;3440985;4437;2;2921
FR;3;2022-03-03;0;0;0;0;0;4416054;3440985;4437;2;2921
FR;3;2022-03-04;0;0;0;0;0;4416054;3440985;4437;2;2921
FR;3;2022-03-05;0;0;0;0;0;4416054;3440985;4437;2;2921
FR;3;2022-03-06;1;0;0;0;0;4416055;3440985;4437;2;2921
FR;3;2022-03-07;0;0;0;0;0;4416055;3440985;4437;2;2921
FR;3;2022-03-08;1;0;0;0;0;4416056;3440985;4437;2;2921
FR;3;2022-03-09;0;0;0;0;0;4416056;3440985;4437;2;2921
FR;3;2022-03-10;0;0;0;0;0;4416056;3440985;4437;2;2921
FR;3;2022-03-11;0;0;0;0;0;4416056;3440985;4437;2;2921
FR;3;2022-03-12;0;0;0;0;0;4416056;3440985;4437;2;2921
FR;3;2022-03-13;0;0;0;0;0;4416056;3440985;4437;2;2921
FR;3;2022-03-14;0;0;0;0;0;4416056;3440985;4437;2;2921
FR;3;2022-03-15;0;0;0;0;0;4416056;3440985;4437;2;2921
FR;3;2022-03-16;0;0;0;0;0;4416056;3440985;4437;2;2921
FR;3;2022-03-17;0;0;0;0;0;4416056;3440985;4437;2;2921
FR;3;2022-03-18;0;0;0;0;0;4416056;3440985;4437;2;2921
FR;3;2022-03-19;0;0;0;0;0;4416056;3440985;4437;2;2921
FR;3;2022-03-20;1;0;0;0;0;4416057;3440985;4437;2;2921
FR;3;2022-03-21;0;0;0;0;0;4416057;3440985;4437;2;2921
FR;3;2022-03-22;0;0;0;0;0;4416057;3440985;4437;2;2921
FR;3;2022-03-23;1;0;0;0;0;4416058;3440985;4437;2;2921
FR;3;2022-03-24;0;0;0;0;0;4416058;3440985;4437;2;2921
FR;3;2022-03-25;1;0;0;0;0;4416059;3440985;4437;2;2921
FR;3;2022-03-26;0;0;0;0;0;4416059;3440985;4437;2;2921
FR;3;2022-03-27;0;0;0;0;0;4416059;3440985;4437;2;2921
FR;3;2022-03-28;0;0;0;0;0;4416059;3440985;4437;2;2921
FR;3;2022-03-29;0;0;0;0;0;4416059;3440985;4437;2;2921
FR;3;2022-03-30;0;0;0;0;0;4416059;3440985;4437;2;2921
FR;3;2022-03-31;0;0;0;0;0;4416059;3440985;4437;2;2921
FR;3;2022-04-01;0;0;0;0;0;4416059;3440985;4437;2;2921
FR;3;2022-04-02;0;0;0;0;0;4416059;3440985;4437;2;2921
FR;3;2022-04-03;0;0;0;0;0;4416059;3440985;4437;2;2921
FR;3;2022-04-04;0;0;0;0;0;4416059;3440985;4437;2;2921
FR;3;2022-04-05;0;0;0;0;0;4416059;3440985;4437;2;2921
FR;3;2022-04-06;0;0;0;0;0;4416059;3440985;4437;2;2921
FR;3;2022-04-07;0;0;0;0;0;4416059;3440985;4437;2;2921
FR;3;2022-04-08;0;0;0;0;0;4416059;3440985;4437;2;2921
FR;3;2022-04-09;0;0;0;0;0;4416059;3440985;4437;2;2921
FR;3;2022-04-10;0;0;0;0;0;4416059;3440985;4437;2;2921
FR;3;2022-04-11;0;0;0;0;0;4416059;3440985;4437;2;2921
FR;3;2022-04-12;0;0;0;0;0;4416059;3440985;4437;2;2921
FR;3;2022-04-13;0;0;0;0;0;4416059;3440985;4437;2;2921
FR;3;2022-04-14;0;0;0;0;0;4416059;3440985;4437;2;2921
FR;3;2022-04-15;1;0;0;0;0;4416060;3440985;4437;2;2921
FR;3;2022-04-16;0;0;0;0;0;4416060;3440985;4437;2;2921
FR;3;2022-04-17;0;0;0;0;0;4416060;3440985;4437;2;2921
FR;3;2022-04-18;0;0;0;0;0;4416060;3440985;4437;2;2921
FR;3;2022-04-19;0;0;0;0;0;4416060;3440985;4437;2;2921
FR;3;2022-04-20;0;0;0;0;0;4416060;3440985;4437;2;2921
FR;3;2022-04-21;0;0;0;0;0;4416060;3440985;4437;2;2921
FR;3;2022-04-22;0;0;0;0;0;4416060;3440985;4437;2;2921
FR;3;2022-04-23;0;0;0;0;0;4416060;3440985;4437;2;2921
FR;3;2022-04-24;0;0;0;0;0;4416060;3440985;4437;2;2921
FR;3;2022-04-25;0;0;0;0;0;4416060;3440985;4437;2;2921
FR;3;2022-04-26;0;0;0;0;0;4416060;3440985;4437;2;2921
FR;3;2022-04-27;0;0;0;0;0;4416060;3440985;4437;2;2921
FR;3;2022-04-28;0;0;0;0;0;4416060;3440985;4437;2;2921
FR;3;2022-04-29;0;0;0;0;0;4416060;3440985;4437;2;2921
FR;3;2022-04-30;0;0;0;0;0;4416060;3440985;4437;2;2921
FR;3;2022-05-01;0;0;0;0;0;4416060;3440985;4437;2;2921
FR;3;2022-05-02;0;0;0;0;0;4416060;3440985;4437;2;2921
FR;3;2022-05-03;0;0;0;0;0;4416060;3440985;4437;2;2921
FR;3;2022-05-04;0;0;0;0;0;4416060;3440985;4437;2;2921
FR;3;2022-05-05;0;0;0;0;0;4416060;3440985;4437;2;2921
FR;3;2022-05-06;0;0;0;0;0;4416060;3440985;4437;2;2921
FR;3;2022-05-07;0;0;0;0;0;4416060;3440985;4437;2;2921
FR;3;2022-05-08;0;0;0;0;0;4416060;3440985;4437;2;2921
FR;3;2022-05-09;0;0;0;0;0;4416060;3440985;4437;2;2921
FR;3;2022-05-10;0;0;0;0;0;4416060;3440985;4437;2;2921
FR;3;2022-05-11;0;0;0;0;0;4416060;3440985;4437;2;2921
FR;3;2022-05-12;0;0;0;0;0;4416060;3440985;4437;2;2921
FR;3;2022-05-13;0;0;0;0;0;4416060;3440985;4437;2;2921
FR;3;2022-05-14;1;0;0;0;0;4416061;3440985;4437;2;2921
FR;3;2022-05-15;0;0;0;0;0;4416061;3440985;4437;2;2921
FR;3;2022-05-16;0;0;0;0;0;4416061;3440985;4437;2;2921
FR;3;2022-05-17;0;0;0;0;0;4416061;3440985;4437;2;2921
FR;3;2022-05-18;0;0;0;0;0;4416061;3440985;4437;2;2921
FR;3;2022-05-19;0;0;0;0;0;4416061;3440985;4437;2;2921
FR;3;2022-05-20;0;0;0;0;0;4416061;3440985;4437;2;2921
FR;3;2022-05-21;0;0;0;0;0;4416061;3440985;4437;2;2921
FR;3;2022-05-22;0;0;0;0;0;4416061;3440985;4437;2;2921
FR;3;2022-05-23;0;0;0;0;0;4416061;3440985;4437;2;2921
FR;3;2022-05-24;0;0;0;0;0;4416061;3440985;4437;2;2921
FR;3;2022-05-25;0;0;0;0;0;4416061;3440985;4437;2;2921
FR;3;2022-05-26;0;0;0;0;0;4416061;3440985;4437;2;2921
FR;3;2022-05-27;0;0;0;0;0;4416061;3440985;4437;2;2921
FR;3;2022-05-28;0;0;0;0;0;4416061;3440985;4437;2;2921
FR;3;2022-05-29;0;0;0;0;0;4416061;3440985;4437;2;2921
FR;3;2022-05-30;0;0;0;0;0;4416061;3440985;4437;2;2921
FR;3;2022-05-31;0;0;0;0;0;4416061;3440985;4437;2;2921
FR;3;2022-06-01;0;0;0;0;0;4416061;3440985;4437;2;2921
FR;3;2022-06-02;0;0;0;0;0;4416061;3440985;4437;2;2921
FR;3;2022-06-03;0;0;0;0;0;4416061;3440985;4437;2;2921
FR;3;2022-06-04;0;0;0;0;0;4416061;3440985;4437;2;2921
FR;3;2022-06-05;0;0;0;0;0;4416061;3440985;4437;2;2921
FR;3;2022-06-06;0;0;0;0;0;4416061;3440985;4437;2;2921
FR;3;2022-06-07;0;0;0;0;0;4416061;3440985;4437;2;2921
FR;3;2022-06-08;0;0;0;0;0;4416061;3440985;4437;2;2921
FR;3;2022-06-09;0;0;0;0;0;4416061;3440985;4437;2;2921
FR;3;2022-06-10;0;0;0;0;0;4416061;3440985;4437;2;2921
FR;3;2022-06-11;0;0;0;0;0;4416061;3440985;4437;2;2921
FR;3;2022-06-12;0;0;0;0;0;4416061;3440985;4437;2;2921
FR;3;2022-06-13;1;0;0;0;0;4416062;3440985;4437;2;2921
FR;3;2022-06-14;0;0;0;0;0;4416062;3440985;4437;2;2921
FR;3;2022-06-15;0;0;0;0;0;4416062;3440985;4437;2;2921
FR;3;2022-06-16;0;0;0;0;0;4416062;3440985;4437;2;2921
FR;3;2022-06-17;0;0;0;0;0;4416062;3440985;4437;2;2921
FR;3;2022-06-18;0;0;0;0;0;4416062;3440985;4437;2;2921
FR;3;2022-06-19;0;0;0;0;0;4416062;3440985;4437;2;2921
FR;3;2022-06-20;0;0;0;0;0;4416062;3440985;4437;2;2921
FR;3;2022-06-21;0;0;0;0;0;4416062;3440985;4437;2;2921
FR;3;2022-06-22;0;0;0;0;0;4416062;3440985;4437;2;2921
FR;3;2022-06-23;0;0;0;0;0;4416062;3440985;4437;2;2921
FR;3;2022-06-24;0;0;0;0;0;4416062;3440985;4437;2;2921
FR;3;2022-06-25;0;0;0;0;0;4416062;3440985;4437;2;2921
FR;3;2022-06-26;0;0;0;0;0;4416062;3440985;4437;2;2921
FR;3;2022-06-27;0;0;0;0;0;4416062;3440985;4437;2;2921
FR;3;2022-06-28;0;0;0;0;0;4416062;3440985;4437;2;2921
FR;3;2022-06-29;1;0;0;0;0;4416063;3440985;4437;2;2921
FR;3;2022-06-30;0;0;0;0;0;4416063;3440985;4437;2;2921
FR;3;2022-07-01;0;0;0;0;0;4416063;3440985;4437;2;2921
FR;3;2022-07-02;0;0;0;0;0;4416063;3440985;4437;2;2921
FR;3;2022-07-03;0;0;0;0;0;4416063;3440985;4437;2;2921
FR;3;2022-07-04;0;0;0;0;0;4416063;3440985;4437;2;2921
FR;3;2022-07-05;0;0;0;0;0;4416063;3440985;4437;2;2921
FR;3;2022-07-06;0;0;0;0;0;4416063;3440985;4437;2;2921
FR;3;2022-07-07;0;0;0;0;0;4416063;3440985;4437;2;2921
FR;3;2022-07-08;0;0;0;0;0;4416063;3440985;4437;2;2921
FR;3;2022-07-09;0;0;0;0;0;4416063;3440985;4437;2;2921
FR;3;2022-07-10;0;0;0;0;0;4416063;3440985;4437;2;2921
FR;3;2022-07-11;0;0;0;0;0;4416063;3440985;4437;2;2921
FR;3;2022-07-12;0;0;0;0;0;4416063;3440985;4437;2;2921
FR;3;2022-07-13;0;0;0;0;0;4416063;3440985;4437;2;2921
FR;3;2022-07-14;0;0;0;0;0;4416063;3440985;4437;2;2921
FR;3;2022-07-15;0;0;0;0;0;4416063;3440985;4437;2;2921
FR;3;2022-07-16;0;0;0;0;0;4416063;3440985;4437;2;2921
FR;3;2022-07-17;0;0;0;0;0;4416063;3440985;4437;2;2921
FR;3;2022-07-18;0;0;0;0;0;4416063;3440985;4437;2;2921
FR;3;2022-07-19;0;0;0;0;0;4416063;3440985;4437;2;2921
FR;3;2022-07-20;0;0;0;0;0;4416063;3440985;4437;2;2921
FR;3;2022-07-21;0;0;0;0;0;4416063;3440985;4437;2;2921
FR;3;2022-07-22;0;0;0;0;0;4416063;3440985;4437;2;2921
FR;3;2022-07-23;0;0;0;0;0;4416063;3440985;4437;2;2921
FR;3;2022-07-24;0;0;0;0;0;4416063;3440985;4437;2;2921
FR;3;2022-07-25;0;0;0;0;0;4416063;3440985;4437;2;2921
FR;3;2022-07-26;0;0;0;0;0;4416063;3440985;4437;2;2921
FR;3;2022-07-27;0;0;0;0;0;4416063;3440985;4437;2;2921
FR;3;2022-07-28;0;0;0;0;0;4416063;3440985;4437;2;2921
FR;3;2022-07-29;0;0;0;0;0;4416063;3440985;4437;2;2921
FR;3;2022-07-30;0;0;0;0;0;4416063;3440985;4437;2;2921
FR;3;2022-07-31;0;0;0;0;0;4416063;3440985;4437;2;2921
FR;3;2022-08-01;0;0;0;0;0;4416063;3440985;4437;2;2921
FR;3;2022-08-02;0;0;0;0;0;4416063;3440985;4437;2;2921
FR;3;2022-08-03;0;0;0;0;0;4416063;3440985;4437;2;2921
FR;3;2022-08-04;0;0;0;0;0;4416063;3440985;4437;2;2921
FR;3;2022-08-05;0;0;0;0;0;4416063;3440985;4437;2;2921
FR;3;2022-08-06;0;0;0;0;0;4416063;3440985;4437;2;2921
FR;3;2022-08-07;0;0;0;0;0;4416063;3440985;4437;2;2921
FR;3;2022-08-08;0;0;0;0;0;4416063;3440985;4437;2;2921
FR;3;2022-08-09;0;0;0;0;0;4416063;3440985;4437;2;2921
FR;3;2022-08-10;0;0;0;0;0;4416063;3440985;4437;2;2921
FR;3;2022-08-11;0;0;0;0;0;4416063;3440985;4437;2;2921
FR;3;2022-08-12;0;0;0;0;0;4416063;3440985;4437;2;2921
FR;3;2022-08-13;0;0;0;0;0;4416063;3440985;4437;2;2921
FR;3;2022-08-14;0;0;0;0;0;4416063;3440985;4437;2;2921
FR;3;2022-08-15;0;0;0;0;0;4416063;3440985;4437;2;2921
FR;3;2022-08-16;0;0;0;0;0;4416063;3440985;4437;2;2921
FR;3;2022-08-17;0;0;0;0;0;4416063;3440985;4437;2;2921
FR;3;2022-08-18;0;0;0;0;0;4416063;3440985;4437;2;2921
FR;3;2022-08-19;0;0;0;0;0;4416063;3440985;4437;2;2921
FR;3;2022-08-20;0;0;0;0;0;4416063;3440985;4437;2;2921
FR;3;2022-08-21;0;0;0;0;0;4416063;3440985;4437;2;2921
FR;3;2022-08-22;0;0;0;0;0;4416063;3440985;4437;2;2921
FR;3;2022-08-23;0;0;0;0;0;4416063;3440985;4437;2;2921
FR;3;2022-08-24;0;0;0;0;0;4416063;3440985;4437;2;2921
FR;3;2022-08-25;0;0;0;0;0;4416063;3440985;4437;2;2921
FR;3;2022-08-26;0;0;0;0;0;4416063;3440985;4437;2;2921
FR;3;2022-08-27;0;0;0;0;0;4416063;3440985;4437;2;2921
FR;3;2022-08-28;0;0;0;0;0;4416063;3440985;4437;2;2921
FR;3;2022-08-29;0;0;0;0;0;4416063;3440985;4437;2;2921
FR;3;2022-08-30;0;0;0;0;0;4416063;3440985;4437;2;2921
FR;3;2022-08-31;0;0;0;0;0;4416063;3440985;4437;2;2921
FR;3;2022-09-01;0;0;0;0;0;4416063;3440985;4437;2;2921
FR;4;2020-12-27;0;0;0;0;0;0;0;0;0;0
FR;4;2020-12-28;0;0;0;0;0;0;0;0;0;0
FR;4;2020-12-29;0;0;0;0;0;0;0;0;0;0
FR;4;2020-12-30;0;0;0;0;0;0;0;0;0;0
FR;4;2020-12-31;0;0;0;0;0;0;0;0;0;0
FR;4;2021-01-01;0;0;0;0;0;0;0;0;0;0
FR;4;2021-01-02;0;0;0;0;0;0;0;0;0;0
FR;4;2021-01-03;0;0;0;0;0;0;0;0;0;0
FR;4;2021-01-04;0;0;0;0;0;0;0;0;0;0
FR;4;2021-01-05;0;0;0;0;0;0;0;0;0;0
FR;4;2021-01-06;0;0;0;0;0;0;0;0;0;0
FR;4;2021-01-07;0;0;0;0;0;0;0;0;0;0
FR;4;2021-01-08;0;0;0;0;0;0;0;0;0;0
FR;4;2021-01-09;0;0;0;0;0;0;0;0;0;0
FR;4;2021-01-10;0;0;0;0;0;0;0;0;0;0
FR;4;2021-01-11;0;0;0;0;0;0;0;0;0;0
FR;4;2021-01-12;0;0;0;0;0;0;0;0;0;0
FR;4;2021-01-13;0;0;0;0;0;0;0;0;0;0
FR;4;2021-01-14;0;0;0;0;0;0;0;0;0;0
FR;4;2021-01-15;0;0;0;0;0;0;0;0;0;0
FR;4;2021-01-16;0;0;0;0;0;0;0;0;0;0
FR;4;2021-01-17;0;0;0;0;0;0;0;0;0;0
FR;4;2021-01-18;0;0;0;0;0;0;0;0;0;0
FR;4;2021-01-19;0;0;0;0;0;0;0;0;0;0
FR;4;2021-01-20;0;0;0;0;0;0;0;0;0;0
FR;4;2021-01-21;0;0;0;0;0;0;0;0;0;0
FR;4;2021-01-22;0;0;0;0;0;0;0;0;0;0
FR;4;2021-01-23;0;0;0;0;0;0;0;0;0;0
FR;4;2021-01-24;0;0;0;0;0;0;0;0;0;0
FR;4;2021-01-25;0;0;0;0;0;0;0;0;0;0
FR;4;2021-01-26;0;0;0;0;0;0;0;0;0;0
FR;4;2021-01-27;0;0;0;0;0;0;0;0;0;0
FR;4;2021-01-28;0;0;0;0;0;0;0;0;0;0
FR;4;2021-01-29;0;0;0;0;0;0;0;0;0;0
FR;4;2021-01-30;0;0;0;0;0;0;0;0;0;0
FR;4;2021-01-31;0;0;0;0;0;0;0;0;0;0
FR;4;2021-02-01;0;0;0;0;0;0;0;0;0;0
FR;4;2021-02-02;0;0;0;0;0;0;0;0;0;0
FR;4;2021-02-03;0;0;0;0;0;0;0;0;0;0
FR;4;2021-02-04;0;0;0;0;0;0;0;0;0;0
FR;4;2021-02-05;0;0;0;0;0;0;0;0;0;0
FR;4;2021-02-06;0;0;0;0;0;0;0;0;0;0
FR;4;2021-02-07;0;0;0;0;0;0;0;0;0;0
FR;4;2021-02-08;0;0;0;0;0;0;0;0;0;0
FR;4;2021-02-09;0;0;0;0;0;0;0;0;0;0
FR;4;2021-02-10;0;0;0;0;0;0;0;0;0;0
FR;4;2021-02-11;0;0;0;0;0;0;0;0;0;0
FR;4;2021-02-12;0;0;0;0;0;0;0;0;0;0
FR;4;2021-02-13;0;0;0;0;0;0;0;0;0;0
FR;4;2021-02-14;0;0;0;0;0;0;0;0;0;0
FR;4;2021-02-15;0;0;0;0;0;0;0;0;0;0
FR;4;2021-02-16;0;0;0;0;0;0;0;0;0;0
FR;4;2021-02-17;0;0;0;0;0;0;0;0;0;0
FR;4;2021-02-18;0;0;0;0;0;0;0;0;0;0
FR;4;2021-02-19;0;0;0;0;0;0;0;0;0;0
FR;4;2021-02-20;0;0;0;0;0;0;0;0;0;0
FR;4;2021-02-21;0;0;0;0;0;0;0;0;0;0
FR;4;2021-02-22;0;0;0;0;0;0;0;0;0;0
FR;4;2021-02-23;0;0;0;0;0;0;0;0;0;0
FR;4;2021-02-24;0;0;0;0;0;0;0;0;0;0
FR;4;2021-02-25;0;0;0;0;0;0;0;0;0;0
FR;4;2021-02-26;0;0;0;0;0;0;0;0;0;0
FR;4;2021-02-27;0;0;0;0;0;0;0;0;0;0
FR;4;2021-02-28;0;0;0;0;0;0;0;0;0;0
FR;4;2021-03-01;0;0;0;0;0;0;0;0;0;0
FR;4;2021-03-02;0;0;0;0;0;0;0;0;0;0
FR;4;2021-03-03;0;0;0;0;0;0;0;0;0;0
FR;4;2021-03-04;0;0;0;0;0;0;0;0;0;0
FR;4;2021-03-05;0;0;0;0;0;0;0;0;0;0
FR;4;2021-03-06;0;0;0;0;0;0;0;0;0;0
FR;4;2021-03-07;0;0;0;0;0;0;0;0;0;0
FR;4;2021-03-08;0;0;0;0;0;0;0;0;0;0
FR;4;2021-03-09;0;0;0;0;0;0;0;0;0;0
FR;4;2021-03-10;0;0;0;0;0;0;0;0;0;0
FR;4;2021-03-11;0;0;0;0;0;0;0;0;0;0
FR;4;2021-03-12;0;0;0;0;0;0;0;0;0;0
FR;4;2021-03-13;0;0;0;0;0;0;0;0;0;0
FR;4;2021-03-14;0;0;0;0;0;0;0;0;0;0
FR;4;2021-03-15;0;0;0;0;0;0;0;0;0;0
FR;4;2021-03-16;0;0;0;0;0;0;0;0;0;0
FR;4;2021-03-17;0;0;0;0;0;0;0;0;0;0
FR;4;2021-03-18;0;0;0;0;0;0;0;0;0;0
FR;4;2021-03-19;0;0;0;0;0;0;0;0;0;0
FR;4;2021-03-20;0;0;0;0;0;0;0;0;0;0
FR;4;2021-03-21;0;0;0;0;0;0;0;0;0;0
FR;4;2021-03-22;0;0;0;0;0;0;0;0;0;0
FR;4;2021-03-23;0;0;0;0;0;0;0;0;0;0
FR;4;2021-03-24;0;0;0;0;0;0;0;0;0;0
FR;4;2021-03-25;0;0;0;0;0;0;0;0;0;0
FR;4;2021-03-26;0;0;0;0;0;0;0;0;0;0
FR;4;2021-03-27;0;0;0;0;0;0;0;0;0;0
FR;4;2021-03-28;0;0;0;0;0;0;0;0;0;0
FR;4;2021-03-29;0;0;0;0;0;0;0;0;0;0
FR;4;2021-03-30;0;0;0;0;0;0;0;0;0;0
FR;4;2021-03-31;0;0;0;0;0;0;0;0;0;0
FR;4;2021-04-01;0;0;0;0;0;0;0;0;0;0
FR;4;2021-04-02;0;0;0;0;0;0;0;0;0;0
FR;4;2021-04-03;0;0;0;0;0;0;0;0;0;0
FR;4;2021-04-04;0;0;0;0;0;0;0;0;0;0
FR;4;2021-04-05;0;0;0;0;0;0;0;0;0;0
FR;4;2021-04-06;0;0;0;0;0;0;0;0;0;0
FR;4;2021-04-07;0;0;0;0;0;0;0;0;0;0
FR;4;2021-04-08;0;0;0;0;0;0;0;0;0;0
FR;4;2021-04-09;0;0;0;0;0;0;0;0;0;0
FR;4;2021-04-10;0;0;0;0;0;0;0;0;0;0
FR;4;2021-04-11;0;0;0;0;0;0;0;0;0;0
FR;4;2021-04-12;0;0;0;0;0;0;0;0;0;0
FR;4;2021-04-13;0;0;0;0;0;0;0;0;0;0
FR;4;2021-04-14;0;0;0;0;0;0;0;0;0;0
FR;4;2021-04-15;0;0;0;0;0;0;0;0;0;0
FR;4;2021-04-16;0;0;0;0;0;0;0;0;0;0
FR;4;2021-04-17;0;0;0;0;0;0;0;0;0;0
FR;4;2021-04-18;0;0;0;0;0;0;0;0;0;0
FR;4;2021-04-19;0;0;0;0;0;0;0;0;0;0
FR;4;2021-04-20;0;0;0;0;0;0;0;0;0;0
FR;4;2021-04-21;0;0;0;0;0;0;0;0;0;0
FR;4;2021-04-22;0;0;0;0;0;0;0;0;0;0
FR;4;2021-04-23;3848;0;0;0;0;3848;0;0;0;0
FR;4;2021-04-24;1569;0;0;0;0;5417;0;0;0;0
FR;4;2021-04-25;125;0;0;0;0;5542;0;0;0;0
FR;4;2021-04-26;2869;1;0;0;0;8411;1;0;0;0
FR;4;2021-04-27;9520;3;0;0;0;17931;4;0;0;0
FR;4;2021-04-28;9906;6;0;0;0;27837;10;0;0;0
FR;4;2021-04-29;15992;8;0;0;0;43829;18;0;0;0
FR;4;2021-04-30;19233;10;0;0;0;63062;28;0;0;0
FR;4;2021-05-01;1994;6;0;0;0;65056;34;0;0;0
FR;4;2021-05-02;483;0;0;0;0;65539;34;0;0;0
FR;4;2021-05-03;5064;2;0;0;0;70603;36;0;0;0
FR;4;2021-05-04;8401;11;0;0;0;79004;47;0;0;0
FR;4;2021-05-05;6188;7;0;0;0;85192;54;0;0;0
FR;4;2021-05-06;11383;11;0;0;0;96575;65;0;0;0
FR;4;2021-05-07;19125;9;0;0;0;115700;74;0;0;0
FR;4;2021-05-08;2378;6;0;0;0;118078;80;0;0;0
FR;4;2021-05-09;686;3;0;0;0;118764;83;0;0;0
FR;4;2021-05-10;7242;5;1;0;0;126006;88;1;0;0
FR;4;2021-05-11;14320;12;0;0;0;140326;100;1;0;0
FR;4;2021-05-12;10171;15;0;0;0;150497;115;1;0;0
FR;4;2021-05-13;1583;4;0;0;0;152080;119;1;0;0
FR;4;2021-05-14;7767;7;0;0;0;159847;126;1;0;0
FR;4;2021-05-15;3720;8;1;0;0;163567;134;2;0;0
FR;4;2021-05-16;417;1;0;0;0;163984;135;2;0;0
FR;4;2021-05-17;4477;6;0;0;0;168461;141;2;0;0
FR;4;2021-05-18;8761;10;0;0;0;177222;151;2;0;0
FR;4;2021-05-19;5693;7;0;0;0;182915;158;2;0;0
FR;4;2021-05-20;9483;7;0;0;0;192398;165;2;0;0
FR;4;2021-05-21;12803;30;0;0;0;205201;195;2;0;0
FR;4;2021-05-22;5058;15;0;0;0;210259;210;2;0;0
FR;4;2021-05-23;494;4;0;0;0;210753;214;2;0;0
FR;4;2021-05-24;1058;7;0;0;0;211811;221;2;0;0
FR;4;2021-05-25;7631;16;0;0;0;219442;237;2;0;0
FR;4;2021-05-26;7728;16;0;0;0;227170;253;2;0;0
FR;4;2021-05-27;14333;35;0;0;0;241503;288;2;0;0
FR;4;2021-05-28;26589;82;1;0;0;268092;370;3;0;0
FR;4;2021-05-29;11385;18;0;0;0;279477;388;3;0;0
FR;4;2021-05-30;973;6;0;0;0;280450;394;3;0;0
FR;4;2021-05-31;12692;21;0;0;0;293142;415;3;0;0
FR;4;2021-06-01;20263;47;1;0;0;313405;462;4;0;0
FR;4;2021-06-02;14521;33;0;0;0;327926;495;4;0;0
FR;4;2021-06-03;19427;24;1;0;0;347353;519;5;0;0
FR;4;2021-06-04;22515;47;0;0;0;369868;566;5;0;0
FR;4;2021-06-05;9715;32;0;0;0;379583;598;5;0;0
FR;4;2021-06-06;1039;1;0;0;0;380622;599;5;0;0
FR;4;2021-06-07;9226;19;0;0;0;389848;618;5;0;0
FR;4;2021-06-08;14612;31;0;0;0;404460;649;5;0;0
FR;4;2021-06-09;12205;25;0;0;0;416665;674;5;0;0
FR;4;2021-06-10;15404;30;0;0;0;432069;704;5;0;0
FR;4;2021-06-11;16983;56;0;0;0;449052;760;5;0;0
FR;4;2021-06-12;7448;27;0;0;0;456500;787;5;0;0
FR;4;2021-06-13;907;3;0;0;0;457407;790;5;0;0
FR;4;2021-06-14;6649;26;0;0;0;464056;816;5;0;0
FR;4;2021-06-15;10887;37;0;0;0;474943;853;5;0;0
FR;4;2021-06-16;8908;16;0;0;0;483851;869;5;0;0
FR;4;2021-06-17;10897;37;0;0;0;494748;906;5;0;0
FR;4;2021-06-18;12422;45;0;0;0;507170;951;5;0;0
FR;4;2021-06-19;5567;25;0;0;0;512737;976;5;0;0
FR;4;2021-06-20;822;5;0;0;0;513559;981;5;0;0
FR;4;2021-06-21;5097;20;0;0;0;518656;1001;5;0;0
FR;4;2021-06-22;7911;28;2;0;0;526567;1029;7;0;0
FR;4;2021-06-23;7098;41;2;0;0;533665;1070;9;0;0
FR;4;2021-06-24;8652;46;1;0;0;542317;1116;10;0;0
FR;4;2021-06-25;10171;40;2;0;0;552488;1156;12;0;0
FR;4;2021-06-26;4846;21;0;0;0;557334;1177;12;0;0
FR;4;2021-06-27;764;4;0;0;0;558098;1181;12;0;0
FR;4;2021-06-28;4827;16;1;0;0;562925;1197;13;0;0
FR;4;2021-06-29;7104;28;2;0;0;570029;1225;15;0;0
FR;4;2021-06-30;6721;39;2;0;0;576750;1264;17;0;0
FR;4;2021-07-01;8205;42;0;0;0;584955;1306;17;0;0
FR;4;2021-07-02;9426;53;1;0;0;594381;1359;18;0;0
FR;4;2021-07-03;4846;20;0;0;0;599227;1379;18;0;0
FR;4;2021-07-04;687;5;0;0;0;599914;1384;18;0;0
FR;4;2021-07-05;4772;19;2;0;0;604686;1403;20;0;0
FR;4;2021-07-06;7725;28;4;0;0;612411;1431;24;0;0
FR;4;2021-07-07;7080;34;2;0;0;619491;1465;26;0;0
FR;4;2021-07-08;9230;40;2;0;0;628721;1505;28;0;0
FR;4;2021-07-09;10278;34;1;0;0;638999;1539;29;0;0
FR;4;2021-07-10;4638;14;2;0;0;643637;1553;31;0;0
FR;4;2021-07-11;583;4;1;0;0;644220;1557;32;0;0
FR;4;2021-07-12;5872;29;0;0;0;650092;1586;32;0;0
FR;4;2021-07-13;14232;29;0;0;0;664324;1615;32;0;0
FR;4;2021-07-14;2288;15;0;0;0;666612;1630;32;0;0
FR;4;2021-07-15;18235;36;0;0;0;684847;1666;32;0;0
FR;4;2021-07-16;22835;71;2;0;0;707682;1737;34;0;0
FR;4;2021-07-17;9737;20;0;0;0;717419;1757;34;0;0
FR;4;2021-07-18;1357;4;0;0;0;718776;1761;34;0;0
FR;4;2021-07-19;12989;30;1;0;0;731765;1791;35;0;0
FR;4;2021-07-20;17342;26;1;0;0;749107;1817;36;0;0
FR;4;2021-07-21;15615;33;0;0;0;764722;1850;36;0;0
FR;4;2021-07-22;18244;44;2;0;0;782966;1894;38;0;0
FR;4;2021-07-23;20414;57;7;0;0;803380;1951;45;0;0
FR;4;2021-07-24;9290;32;0;0;0;812670;1983;45;0;0
FR;4;2021-07-25;1353;8;0;0;0;814023;1991;45;0;0
FR;4;2021-07-26;11041;22;0;0;0;825064;2013;45;0;0
FR;4;2021-07-27;14677;35;3;0;0;839741;2048;48;0;0
FR;4;2021-07-28;12928;26;2;0;0;852669;2074;50;0;0
FR;4;2021-07-29;14087;54;4;0;0;866756;2128;54;0;0
FR;4;2021-07-30;15497;46;2;0;0;882253;2174;56;0;0
FR;4;2021-07-31;6840;14;2;0;0;889093;2188;58;0;0
FR;4;2021-08-01;905;1;0;0;0;889998;2189;58;0;0
FR;4;2021-08-02;7915;31;0;0;0;897913;2220;58;0;0
FR;4;2021-08-03;10797;31;2;0;0;908710;2251;60;0;0
FR;4;2021-08-04;9744;29;0;0;0;918454;2280;60;0;0
FR;4;2021-08-05;9820;41;0;0;0;928274;2321;60;0;0
FR;4;2021-08-06;10196;31;3;0;0;938470;2352;63;0;0
FR;4;2021-08-07;5098;30;1;0;0;943568;2382;64;0;0
FR;4;2021-08-08;1219;13;0;0;0;944787;2395;64;0;0
FR;4;2021-08-09;6343;31;0;0;0;951130;2426;64;0;0
FR;4;2021-08-10;8748;18;0;0;0;959878;2444;64;0;0
FR;4;2021-08-11;7941;34;4;0;0;967819;2478;68;0;0
FR;4;2021-08-12;8585;30;1;0;0;976404;2508;69;0;0
FR;4;2021-08-13;7557;25;0;1;0;983961;2533;69;1;0
FR;4;2021-08-14;3791;20;0;0;0;987752;2553;69;1;0
FR;4;2021-08-15;771;5;0;0;0;988523;2558;69;1;0
FR;4;2021-08-16;4007;17;0;0;0;992530;2575;69;1;0
FR;4;2021-08-17;5628;17;1;0;0;998158;2592;70;1;0
FR;4;2021-08-18;5167;37;0;0;0;1003325;2629;70;1;0
FR;4;2021-08-19;5485;33;3;0;0;1008810;2662;73;1;0
FR;4;2021-08-20;5221;25;1;0;0;1014031;2687;74;1;0
FR;4;2021-08-21;2310;21;1;0;0;1016341;2708;75;1;0
FR;4;2021-08-22;406;2;0;0;0;1016747;2710;75;1;0
FR;4;2021-08-23;2931;19;1;0;0;1019678;2729;76;1;0
FR;4;2021-08-24;3756;15;0;0;0;1023434;2744;76;1;0
FR;4;2021-08-25;3542;25;1;0;0;1026976;2769;77;1;0
FR;4;2021-08-26;3713;21;2;0;0;1030689;2790;79;1;0
FR;4;2021-08-27;3617;31;2;0;0;1034306;2821;81;1;0
FR;4;2021-08-28;1725;10;1;0;0;1036031;2831;82;1;0
FR;4;2021-08-29;387;7;1;0;0;1036418;2838;83;1;0
FR;4;2021-08-30;2009;25;0;0;15;1038427;2863;83;1;15
FR;4;2021-08-31;2485;21;0;0;14;1040912;2884;83;1;29
FR;4;2021-09-01;2083;38;1;0;21;1042995;2922;84;1;50
FR;4;2021-09-02;2304;31;4;0;18;1045299;2953;88;1;68
FR;4;2021-09-03;2362;44;5;0;36;1047661;2997;93;1;104
FR;4;2021-09-04;1374;17;0;0;8;1049035;3014;93;1;112
FR;4;2021-09-05;433;2;0;0;2;1049468;3016;93;1;114
FR;4;2021-09-06;1711;61;0;0;22;1051179;3077;93;1;136
FR;4;2021-09-07;1678;18;1;0;9;1052857;3095;94;1;145
FR;4;2021-09-08;1285;26;3;0;19;1054142;3121;97;1;164
FR;4;2021-09-09;1387;23;2;0;9;1055529;3144;99;1;173
FR;4;2021-09-10;1521;31;2;0;23;1057050;3175;101;1;196
FR;4;2021-09-11;744;11;0;0;3;1057794;3186;101;1;199
FR;4;2021-09-12;169;4;0;0;3;1057963;3190;101;1;202
FR;4;2021-09-13;1321;22;1;0;16;1059284;3212;102;1;218
FR;4;2021-09-14;1502;9;2;0;6;1060786;3221;104;1;224
FR;4;2021-09-15;1095;27;1;0;24;1061881;3248;105;1;248
FR;4;2021-09-16;1102;22;2;0;15;1062983;3270;107;1;263
FR;4;2021-09-17;894;21;1;0;12;1063877;3291;108;1;275
FR;4;2021-09-18;464;6;1;0;5;1064341;3297;109;1;280
FR;4;2021-09-19;182;3;0;0;2;1064523;3300;109;1;282
FR;4;2021-09-20;453;19;0;0;13;1064976;3319;109;1;295
FR;4;2021-09-21;431;11;0;0;7;1065407;3330;109;1;302
FR;4;2021-09-22;374;19;2;0;13;1065781;3349;111;1;315
FR;4;2021-09-23;482;16;1;0;15;1066263;3365;112;1;330
FR;4;2021-09-24;412;13;2;0;9;1066675;3378;114;1;339
FR;4;2021-09-25;280;10;1;0;5;1066955;3388;115;1;344
FR;4;2021-09-26;74;2;0;0;1;1067029;3390;115;1;345
FR;4;2021-09-27;262;10;1;0;8;1067291;3400;116;1;353
FR;4;2021-09-28;317;8;0;0;8;1067608;3408;116;1;361
FR;4;2021-09-29;375;19;1;0;13;1067983;3427;117;1;374
FR;4;2021-09-30;364;40;0;0;21;1068347;3467;117;1;395
FR;4;2021-10-01;411;54;0;0;48;1068758;3521;117;1;443
FR;4;2021-10-02;196;22;1;0;13;1068954;3543;118;1;456
FR;4;2021-10-03;86;1;0;0;0;1069040;3544;118;1;456
FR;4;2021-10-04;359;20;1;0;16;1069399;3564;119;1;472
FR;4;2021-10-05;285;19;2;0;15;1069684;3583;121;1;487
FR;4;2021-10-06;246;23;1;0;18;1069930;3606;122;1;505
FR;4;2021-10-07;264;25;2;0;13;1070194;3631;124;1;518
FR;4;2021-10-08;356;24;2;0;20;1070550;3655;126;1;538
FR;4;2021-10-09;193;6;6;0;7;1070743;3661;132;1;545
FR;4;2021-10-10;96;3;2;0;3;1070839;3664;134;1;548
FR;4;2021-10-11;248;15;1;0;14;1071087;3679;135;1;562
FR;4;2021-10-12;208;14;0;0;13;1071295;3693;135;1;575
FR;4;2021-10-13;219;28;1;0;25;1071514;3721;136;1;600
FR;4;2021-10-14;311;21;4;0;15;1071825;3742;140;1;615
FR;4;2021-10-15;322;24;5;0;25;1072147;3766;145;1;640
FR;4;2021-10-16;166;6;2;0;6;1072313;3772;147;1;646
FR;4;2021-10-17;70;2;0;0;1;1072383;3774;147;1;647
FR;4;2021-10-18;281;15;1;0;12;1072664;3789;148;1;659
FR;4;2021-10-19;214;14;2;0;15;1072878;3803;150;1;674
FR;4;2021-10-20;229;27;4;0;15;1073107;3830;154;1;689
FR;4;2021-10-21;242;17;0;0;13;1073349;3847;154;1;702
FR;4;2021-10-22;216;25;2;0;20;1073565;3872;156;1;722
FR;4;2021-10-23;116;16;1;0;15;1073681;3888;157;1;737
FR;4;2021-10-24;38;4;0;0;1;1073719;3892;157;1;738
FR;4;2021-10-25;214;7;2;0;9;1073933;3899;159;1;747
FR;4;2021-10-26;199;14;0;0;12;1074132;3913;159;1;759
FR;4;2021-10-27;196;11;4;0;11;1074328;3924;163;1;770
FR;4;2021-10-28;183;18;4;0;21;1074511;3942;167;1;791
FR;4;2021-10-29;223;15;2;0;13;1074734;3957;169;1;804
FR;4;2021-10-30;102;2;1;0;2;1074836;3959;170;1;806
FR;4;2021-10-31;57;3;2;0;3;1074893;3962;172;1;809
FR;4;2021-11-01;75;27;4;0;24;1074968;3989;176;1;833
FR;4;2021-11-02;159;20;2;0;21;1075127;4009;178;1;854
FR;4;2021-11-03;129;20;8;1;18;1075256;4029;186;2;872
FR;4;2021-11-04;183;15;1;0;12;1075439;4044;187;2;884
FR;4;2021-11-05;130;17;1;0;16;1075569;4061;188;2;900
FR;4;2021-11-06;80;6;1;0;6;1075649;4067;189;2;906
FR;4;2021-11-07;80;2;2;0;4;1075729;4069;191;2;910
FR;4;2021-11-08;159;20;1;0;20;1075888;4089;192;2;930
FR;4;2021-11-09;156;14;3;0;16;1076044;4103;195;2;946
FR;4;2021-11-10;117;29;6;0;31;1076161;4132;201;2;977
FR;4;2021-11-11;97;10;0;0;10;1076258;4142;201;2;987
FR;4;2021-11-12;103;19;2;0;18;1076361;4161;203;2;1005
FR;4;2021-11-13;74;15;2;0;14;1076435;4176;205;2;1019
FR;4;2021-11-14;54;5;4;0;8;1076489;4181;209;2;1027
FR;4;2021-11-15;98;26;2;0;24;1076587;4207;211;2;1051
FR;4;2021-11-16;105;13;2;0;15;1076692;4220;213;2;1066
FR;4;2021-11-17;119;30;4;0;30;1076811;4250;217;2;1096
FR;4;2021-11-18;100;34;13;0;42;1076911;4284;230;2;1138
FR;4;2021-11-19;87;19;3;0;20;1076998;4303;233;2;1158
FR;4;2021-11-20;76;8;1;0;8;1077074;4311;234;2;1166
FR;4;2021-11-21;66;7;2;0;9;1077140;4318;236;2;1175
FR;4;2021-11-22;106;28;9;0;33;1077246;4346;245;2;1208
FR;4;2021-11-23;76;31;5;0;28;1077322;4377;250;2;1236
FR;4;2021-11-24;87;23;11;0;24;1077409;4400;261;2;1260
FR;4;2021-11-25;93;28;14;0;30;1077502;4428;275;2;1290
FR;4;2021-11-26;83;43;12;0;45;1077585;4471;287;2;1335
FR;4;2021-11-27;41;22;15;0;25;1077626;4493;302;2;1360
FR;4;2021-11-28;50;8;0;0;7;1077676;4501;302;2;1367
FR;4;2021-11-29;87;31;16;0;40;1077763;4532;318;2;1407
FR;4;2021-11-30;73;37;12;0;41;1077836;4569;330;2;1448
FR;4;2021-12-01;87;60;19;0;67;1077923;4629;349;2;1515
FR;4;2021-12-02;103;48;19;0;53;1078026;4677;368;2;1568
FR;4;2021-12-03;100;36;15;0;44;1078126;4713;383;2;1612
FR;4;2021-12-04;71;31;18;0;44;1078197;4744;401;2;1656
FR;4;2021-12-05;62;6;1;0;7;1078259;4750;402;2;1663
FR;4;2021-12-06;107;46;19;0;59;1078366;4796;421;2;1722
FR;4;2021-12-07;81;37;9;0;36;1078447;4833;430;2;1758
FR;4;2021-12-08;70;31;16;0;37;1078517;4864;446;2;1795
FR;4;2021-12-09;61;32;10;0;38;1078578;4896;456;2;1833
FR;4;2021-12-10;63;64;20;0;68;1078641;4960;476;2;1901
FR;4;2021-12-11;28;34;7;0;34;1078669;4994;483;2;1935
FR;4;2021-12-12;24;10;3;0;13;1078693;5004;486;2;1948
FR;4;2021-12-13;72;40;14;0;49;1078765;5044;500;2;1997
FR;4;2021-12-14;59;43;17;0;54;1078824;5087;517;2;2051
FR;4;2021-12-15;65;64;28;0;84;1078889;5151;545;2;2135
FR;4;2021-12-16;32;44;19;0;57;1078921;5195;564;2;2192
FR;4;2021-12-17;40;55;12;0;60;1078961;5250;576;2;2252
FR;4;2021-12-18;48;29;2;0;30;1079009;5279;578;2;2282
FR;4;2021-12-19;15;4;1;0;4;1079024;5283;579;2;2286
FR;4;2021-12-20;42;38;10;0;41;1079066;5321;589;2;2327
FR;4;2021-12-21;29;30;15;0;36;1079095;5351;604;2;2363
FR;4;2021-12-22;37;37;10;0;38;1079132;5388;614;2;2401
FR;4;2021-12-23;39;45;8;0;49;1079171;5433;622;2;2450
FR;4;2021-12-24;23;26;10;0;30;1079194;5459;632;2;2480
FR;4;2021-12-25;6;3;3;0;4;1079200;5462;635;2;2484
FR;4;2021-12-26;5;3;1;0;2;1079205;5465;636;2;2486
FR;4;2021-12-27;28;41;9;0;43;1079233;5506;645;2;2529
FR;4;2021-12-28;24;28;7;0;29;1079257;5534;652;2;2558
FR;4;2021-12-29;50;25;11;0;30;1079307;5559;663;2;2588
FR;4;2021-12-30;43;18;12;0;21;1079350;5577;675;2;2609
FR;4;2021-12-31;18;6;8;0;11;1079368;5583;683;2;2620
FR;4;2022-01-01;5;4;4;0;6;1079373;5587;687;2;2626
FR;4;2022-01-02;40;5;16;0;20;1079413;5592;703;2;2646
FR;4;2022-01-03;41;55;21;1;61;1079454;5647;724;3;2707
FR;4;2022-01-04;34;27;13;0;30;1079488;5674;737;3;2737
FR;4;2022-01-05;48;22;19;0;25;1079536;5696;756;3;2762
FR;4;2022-01-06;48;22;23;0;37;1079584;5718;779;3;2799
FR;4;2022-01-07;29;20;15;0;20;1079613;5738;794;3;2819
FR;4;2022-01-08;9;6;10;0;12;1079622;5744;804;3;2831
FR;4;2022-01-09;18;2;3;0;4;1079640;5746;807;3;2835
FR;4;2022-01-10;42;22;19;0;36;1079682;5768;826;3;2871
FR;4;2022-01-11;26;31;12;0;35;1079708;5799;838;3;2906
FR;4;2022-01-12;33;21;13;0;23;1079741;5820;851;3;2929
FR;4;2022-01-13;52;20;27;0;38;1079793;5840;878;3;2967
FR;4;2022-01-14;23;29;13;0;32;1079816;5869;891;3;2999
FR;4;2022-01-15;13;6;8;0;12;1079829;5875;899;3;3011
FR;4;2022-01-16;11;9;12;0;20;1079840;5884;911;3;3031
FR;4;2022-01-17;24;19;12;0;25;1079864;5903;923;3;3056
FR;4;2022-01-18;16;13;8;0;18;1079880;5916;931;3;3074
FR;4;2022-01-19;30;23;11;0;32;1079910;5939;942;3;3106
FR;4;2022-01-20;31;34;12;0;38;1079941;5973;954;3;3144
FR;4;2022-01-21;10;12;19;1;16;1079951;5985;973;4;3160
FR;4;2022-01-22;30;13;2;0;13;1079981;5998;975;4;3173
FR;4;2022-01-23;7;2;4;0;6;1079988;6000;979;4;3179
FR;4;2022-01-24;14;21;8;0;27;1080002;6021;987;4;3206
FR;4;2022-01-25;20;32;9;1;37;1080022;6053;996;5;3243
FR;4;2022-01-26;19;16;8;1;19;1080041;6069;1004;6;3262
FR;4;2022-01-27;20;18;8;0;24;1080061;6087;1012;6;3286
FR;4;2022-01-28;13;23;8;0;26;1080074;6110;1020;6;3312
FR;4;2022-01-29;17;6;5;0;10;1080091;6116;1025;6;3322
FR;4;2022-01-30;18;3;1;0;4;1080109;6119;1026;6;3326
FR;4;2022-01-31;22;27;8;0;31;1080131;6146;1034;6;3357
FR;4;2022-02-01;11;21;11;0;21;1080142;6167;1045;6;3378
FR;4;2022-02-02;17;11;12;2;18;1080159;6178;1057;8;3396
FR;4;2022-02-03;13;23;10;0;27;1080172;6201;1067;8;3423
FR;4;2022-02-04;7;5;7;0;9;1080179;6206;1074;8;3432
FR;4;2022-02-05;7;14;1;0;13;1080186;6220;1075;8;3445
FR;4;2022-02-06;6;3;2;0;4;1080192;6223;1077;8;3449
FR;4;2022-02-07;15;19;7;0;19;1080207;6242;1084;8;3468
FR;4;2022-02-08;17;21;13;1;22;1080224;6263;1097;9;3490
FR;4;2022-02-09;16;11;8;0;15;1080240;6274;1105;9;3505
FR;4;2022-02-10;19;23;9;0;24;1080259;6297;1114;9;3529
FR;4;2022-02-11;18;14;8;0;19;1080277;6311;1122;9;3548
FR;4;2022-02-12;24;6;2;0;6;1080301;6317;1124;9;3554
FR;4;2022-02-13;7;3;3;0;6;1080308;6320;1127;9;3560
FR;4;2022-02-14;19;10;9;0;15;1080327;6330;1136;9;3575
FR;4;2022-02-15;17;7;1;0;7;1080344;6337;1137;9;3582
FR;4;2022-02-16;16;9;10;0;15;1080360;6346;1147;9;3597
FR;4;2022-02-17;11;4;4;0;6;1080371;6350;1151;9;3603
FR;4;2022-02-18;16;15;7;0;20;1080387;6365;1158;9;3623
FR;4;2022-02-19;16;4;2;0;5;1080403;6369;1160;9;3628
FR;4;2022-02-20;7;3;0;0;2;1080410;6372;1160;9;3630
FR;4;2022-02-21;23;3;4;0;5;1080433;6375;1164;9;3635
FR;4;2022-02-22;8;5;10;0;10;1080441;6380;1174;9;3645
FR;4;2022-02-23;16;6;9;0;9;1080457;6386;1183;9;3654
FR;4;2022-02-24;11;5;3;0;6;1080468;6391;1186;9;3660
FR;4;2022-02-25;15;5;7;0;6;1080483;6396;1193;9;3666
FR;4;2022-02-26;26;3;0;0;3;1080509;6399;1193;9;3669
FR;4;2022-02-27;9;0;1;0;1;1080518;6399;1194;9;3670
FR;4;2022-02-28;17;3;2;0;3;1080535;6402;1196;9;3673
FR;4;2022-03-01;7;4;7;0;5;1080542;6406;1203;9;3678
FR;4;2022-03-02;13;3;4;0;6;1080555;6409;1207;9;3684
FR;4;2022-03-03;17;5;1;0;4;1080572;6414;1208;9;3688
FR;4;2022-03-04;7;7;2;1;5;1080579;6421;1210;10;3693
FR;4;2022-03-05;9;2;0;0;2;1080588;6423;1210;10;3695
FR;4;2022-03-06;4;0;1;0;1;1080592;6423;1211;10;3696
FR;4;2022-03-07;10;4;1;0;3;1080602;6427;1212;10;3699
FR;4;2022-03-08;13;3;0;0;3;1080615;6430;1212;10;3702
FR;4;2022-03-09;8;7;2;0;7;1080623;6437;1214;10;3709
FR;4;2022-03-10;5;1;5;0;2;1080628;6438;1219;10;3711
FR;4;2022-03-11;8;4;5;0;2;1080636;6442;1224;10;3713
FR;4;2022-03-12;9;2;0;0;0;1080645;6444;1224;10;3713
FR;4;2022-03-13;5;1;1;0;2;1080650;6445;1225;10;3715
FR;4;2022-03-14;4;1;1;0;2;1080654;6446;1226;10;3717
FR;4;2022-03-15;6;6;3;0;5;1080660;6452;1229;10;3722
FR;4;2022-03-16;7;3;3;0;3;1080667;6455;1232;10;3725
FR;4;2022-03-17;3;4;1;0;5;1080670;6459;1233;10;3730
FR;4;2022-03-18;9;3;0;0;3;1080679;6462;1233;10;3733
FR;4;2022-03-19;1;1;0;0;1;1080680;6463;1233;10;3734
FR;4;2022-03-20;2;0;2;0;1;1080682;6463;1235;10;3735
FR;4;2022-03-21;5;3;1;0;4;1080687;6466;1236;10;3739
FR;4;2022-03-22;3;2;2;0;3;1080690;6468;1238;10;3742
FR;4;2022-03-23;6;4;4;0;7;1080696;6472;1242;10;3749
FR;4;2022-03-24;2;6;3;1;7;1080698;6478;1245;11;3756
FR;4;2022-03-25;3;1;2;0;1;1080701;6479;1247;11;3757
FR;4;2022-03-26;5;5;0;0;5;1080706;6484;1247;11;3762
FR;4;2022-03-27;1;0;2;0;1;1080707;6484;1249;11;3763
FR;4;2022-03-28;5;1;3;0;3;1080712;6485;1252;11;3766
FR;4;2022-03-29;8;0;4;1;0;1080720;6485;1256;12;3766
FR;4;2022-03-30;3;4;0;0;4;1080723;6489;1256;12;3770
FR;4;2022-03-31;2;3;1;1;3;1080725;6492;1257;13;3773
FR;4;2022-04-01;14;2;5;0;5;1080739;6494;1262;13;3778
FR;4;2022-04-02;4;4;0;0;3;1080743;6498;1262;13;3781
FR;4;2022-04-03;0;0;0;0;0;1080743;6498;1262;13;3781
FR;4;2022-04-04;4;4;4;0;5;1080747;6502;1266;13;3786
FR;4;2022-04-05;3;3;1;1;2;1080750;6505;1267;14;3788
FR;4;2022-04-06;6;0;0;0;0;1080756;6505;1267;14;3788
FR;4;2022-04-07;3;2;3;2;5;1080759;6507;1270;16;3793
FR;4;2022-04-08;4;1;1;0;1;1080763;6508;1271;16;3794
FR;4;2022-04-09;0;0;1;1;1;1080763;6508;1272;17;3795
FR;4;2022-04-10;1;2;0;0;2;1080764;6510;1272;17;3797
FR;4;2022-04-11;4;3;4;0;5;1080768;6513;1276;17;3802
FR;4;2022-04-12;3;1;4;0;2;1080771;6514;1280;17;3804
FR;4;2022-04-13;5;7;2;0;9;1080776;6521;1282;17;3813
FR;4;2022-04-14;6;4;2;1;5;1080782;6525;1284;18;3818
FR;4;2022-04-15;5;8;1;0;9;1080787;6533;1285;18;3827
FR;4;2022-04-16;1;0;0;0;0;1080788;6533;1285;18;3827
FR;4;2022-04-17;2;1;0;0;1;1080790;6534;1285;18;3828
FR;4;2022-04-18;2;2;5;0;3;1080792;6536;1290;18;3831
FR;4;2022-04-19;2;0;1;0;0;1080794;6536;1291;18;3831
FR;4;2022-04-20;14;4;1;0;3;1080808;6540;1292;18;3834
FR;4;2022-04-21;7;1;0;0;1;1080815;6541;1292;18;3835
FR;4;2022-04-22;1;1;2;0;2;1080816;6542;1294;18;3837
FR;4;2022-04-23;2;3;3;0;6;1080818;6545;1297;18;3843
FR;4;2022-04-24;0;2;0;0;2;1080818;6547;1297;18;3845
FR;4;2022-04-25;3;4;3;0;7;1080821;6551;1300;18;3852
FR;4;2022-04-26;5;6;1;0;6;1080826;6557;1301;18;3858
FR;4;2022-04-27;4;1;1;1;1;1080830;6558;1302;19;3859
FR;4;2022-04-28;3;5;5;0;6;1080833;6563;1307;19;3865
FR;4;2022-04-29;6;3;0;0;2;1080839;6566;1307;19;3867
FR;4;2022-04-30;0;1;1;0;2;1080839;6567;1308;19;3869
FR;4;2022-05-01;0;0;0;0;0;1080839;6567;1308;19;3869
FR;4;2022-05-02;5;16;6;0;19;1080844;6583;1314;19;3888
FR;4;2022-05-03;2;6;2;0;7;1080846;6589;1316;19;3895
FR;4;2022-05-04;7;4;1;0;4;1080853;6593;1317;19;3899
FR;4;2022-05-05;2;2;1;1;1;1080855;6595;1318;20;3900
FR;4;2022-05-06;3;3;1;0;2;1080858;6598;1319;20;3902
FR;4;2022-05-07;0;0;0;0;0;1080858;6598;1319;20;3902
FR;4;2022-05-08;1;1;0;0;1;1080859;6599;1319;20;3903
FR;4;2022-05-09;5;1;0;0;1;1080864;6600;1319;20;3904
FR;4;2022-05-10;1;1;0;2;3;1080865;6601;1319;22;3907
FR;4;2022-05-11;3;2;3;0;5;1080868;6603;1322;22;3912
FR;4;2022-05-12;6;3;1;1;4;1080874;6606;1323;23;3916
FR;4;2022-05-13;1;0;2;0;2;1080875;6606;1325;23;3918
FR;4;2022-05-14;0;2;0;0;2;1080875;6608;1325;23;3920
FR;4;2022-05-15;2;2;0;0;0;1080877;6610;1325;23;3920
FR;4;2022-05-16;5;2;2;0;2;1080882;6612;1327;23;3922
FR;4;2022-05-17;5;1;2;0;3;1080887;6613;1329;23;3925
FR;4;2022-05-18;2;5;0;0;5;1080889;6618;1329;23;3930
FR;4;2022-05-19;2;2;3;0;4;1080891;6620;1332;23;3934
FR;4;2022-05-20;3;2;3;0;2;1080894;6622;1335;23;3936
FR;4;2022-05-21;2;0;1;0;1;1080896;6622;1336;23;3937
FR;4;2022-05-22;0;0;1;0;1;1080896;6622;1337;23;3938
FR;4;2022-05-23;0;0;2;0;0;1080896;6622;1339;23;3938
FR;4;2022-05-24;1;4;0;0;4;1080897;6626;1339;23;3942
FR;4;2022-05-25;1;3;0;0;1;1080898;6629;1339;23;3943
FR;4;2022-05-26;4;0;1;0;1;1080902;6629;1340;23;3944
FR;4;2022-05-27;0;1;0;1;1;1080902;6630;1340;24;3945
FR;4;2022-05-28;1;0;0;0;0;1080903;6630;1340;24;3945
FR;4;2022-05-29;1;0;1;0;1;1080904;6630;1341;24;3946
FR;4;2022-05-30;2;4;2;0;5;1080906;6634;1343;24;3951
FR;4;2022-05-31;2;1;0;0;1;1080908;6635;1343;24;3952
FR;4;2022-06-01;1;11;7;0;15;1080909;6646;1350;24;3967
FR;4;2022-06-02;3;5;2;0;5;1080912;6651;1352;24;3972
FR;4;2022-06-03;2;5;4;1;6;1080914;6656;1356;25;3978
FR;4;2022-06-04;0;1;1;0;1;1080914;6657;1357;25;3979
FR;4;2022-06-05;0;0;0;0;0;1080914;6657;1357;25;3979
FR;4;2022-06-06;5;0;3;0;2;1080919;6657;1360;25;3981
FR;4;2022-06-07;5;1;0;1;1;1080924;6658;1360;26;3982
FR;4;2022-06-08;0;3;3;0;6;1080924;6661;1363;26;3988
FR;4;2022-06-09;1;2;0;0;1;1080925;6663;1363;26;3989
FR;4;2022-06-10;3;0;3;0;1;1080928;6663;1366;26;3990
FR;4;2022-06-11;1;0;0;0;0;1080929;6663;1366;26;3990
FR;4;2022-06-12;4;0;0;0;0;1080933;6663;1366;26;3990
FR;4;2022-06-13;4;2;3;0;2;1080937;6665;1369;26;3992
FR;4;2022-06-14;3;2;0;0;2;1080940;6667;1369;26;3994
FR;4;2022-06-15;6;0;4;0;0;1080946;6667;1373;26;3994
FR;4;2022-06-16;1;2;1;1;1;1080947;6669;1374;27;3995
FR;4;2022-06-17;6;1;0;0;1;1080953;6670;1374;27;3996
FR;4;2022-06-18;0;0;0;0;0;1080953;6670;1374;27;3996
FR;4;2022-06-19;0;0;0;0;0;1080953;6670;1374;27;3996
FR;4;2022-06-20;4;2;2;1;3;1080957;6672;1376;28;3999
FR;4;2022-06-21;4;2;3;1;3;1080961;6674;1379;29;4002
FR;4;2022-06-22;3;1;0;0;1;1080964;6675;1379;29;4003
FR;4;2022-06-23;3;3;3;0;5;1080967;6678;1382;29;4008
FR;4;2022-06-24;3;0;2;0;0;1080970;6678;1384;29;4008
FR;4;2022-06-25;1;0;1;1;1;1080971;6678;1385;30;4009
FR;4;2022-06-26;0;0;1;0;1;1080971;6678;1386;30;4010
FR;4;2022-06-27;1;2;0;3;2;1080972;6680;1386;33;4012
FR;4;2022-06-28;0;4;2;1;5;1080972;6684;1388;34;4017
FR;4;2022-06-29;1;2;0;0;2;1080973;6686;1388;34;4019
FR;4;2022-06-30;1;0;0;0;0;1080974;6686;1388;34;4019
FR;4;2022-07-01;2;4;8;0;4;1080976;6690;1396;34;4023
FR;4;2022-07-02;0;1;0;0;0;1080976;6691;1396;34;4023
FR;4;2022-07-03;0;0;0;0;0;1080976;6691;1396;34;4023
FR;4;2022-07-04;2;0;0;0;0;1080978;6691;1396;34;4023
FR;4;2022-07-05;1;0;0;0;0;1080979;6691;1396;34;4023
FR;4;2022-07-06;5;0;1;1;0;1080984;6691;1397;35;4023
FR;4;2022-07-07;1;0;2;1;0;1080985;6691;1399;36;4023
FR;4;2022-07-08;2;1;0;0;1;1080987;6692;1399;36;4024
FR;4;2022-07-09;2;2;1;0;3;1080989;6694;1400;36;4027
FR;4;2022-07-10;2;0;0;0;0;1080991;6694;1400;36;4027
FR;4;2022-07-11;2;0;2;0;0;1080993;6694;1402;36;4027
FR;4;2022-07-12;0;0;1;0;1;1080993;6694;1403;36;4028
FR;4;2022-07-13;2;2;3;0;2;1080995;6696;1406;36;4030
FR;4;2022-07-14;2;0;1;0;0;1080997;6696;1407;36;4030
FR;4;2022-07-15;8;2;0;0;2;1081005;6698;1407;36;4032
FR;4;2022-07-16;3;0;0;2;0;1081008;6698;1407;38;4032
FR;4;2022-07-17;0;0;0;0;0;1081008;6698;1407;38;4032
FR;4;2022-07-18;2;2;2;0;2;1081010;6700;1409;38;4034
FR;4;2022-07-19;3;0;1;0;1;1081013;6700;1410;38;4035
FR;4;2022-07-20;10;0;0;0;0;1081023;6700;1410;38;4035
FR;4;2022-07-21;2;1;1;0;1;1081025;6701;1411;38;4036
FR;4;2022-07-22;3;0;3;0;1;1081028;6701;1414;38;4037
FR;4;2022-07-23;1;2;0;0;1;1081029;6703;1414;38;4038
FR;4;2022-07-24;0;0;0;0;0;1081029;6703;1414;38;4038
FR;4;2022-07-25;4;0;0;0;0;1081033;6703;1414;38;4038
FR;4;2022-07-26;2;0;0;0;0;1081035;6703;1414;38;4038
FR;4;2022-07-27;2;1;0;0;0;1081037;6704;1414;38;4038
FR;4;2022-07-28;3;0;0;0;0;1081040;6704;1414;38;4038
FR;4;2022-07-29;2;0;1;0;0;1081042;6704;1415;38;4038
FR;4;2022-07-30;3;0;2;0;0;1081045;6704;1417;38;4038
FR;4;2022-07-31;0;0;0;0;0;1081045;6704;1417;38;4038
FR;4;2022-08-01;0;0;2;0;1;1081045;6704;1419;38;4039
FR;4;2022-08-02;4;0;0;0;0;1081049;6704;1419;38;4039
FR;4;2022-08-03;0;2;1;0;2;1081049;6706;1420;38;4041
FR;4;2022-08-04;3;1;0;0;1;1081052;6707;1420;38;4042
FR;4;2022-08-05;2;0;1;0;0;1081054;6707;1421;38;4042
FR;4;2022-08-06;2;0;0;0;0;1081056;6707;1421;38;4042
FR;4;2022-08-07;3;0;0;0;0;1081059;6707;1421;38;4042
FR;4;2022-08-08;1;0;1;1;1;1081060;6707;1422;39;4043
FR;4;2022-08-09;1;0;1;2;1;1081061;6707;1423;41;4044
FR;4;2022-08-10;4;1;1;0;1;1081065;6708;1424;41;4045
FR;4;2022-08-11;1;0;0;0;0;1081066;6708;1424;41;4045
FR;4;2022-08-12;4;0;1;0;0;1081070;6708;1425;41;4045
FR;4;2022-08-13;0;0;0;0;0;1081070;6708;1425;41;4045
FR;4;2022-08-14;0;0;0;0;0;1081070;6708;1425;41;4045
FR;4;2022-08-15;0;0;0;0;0;1081070;6708;1425;41;4045
FR;4;2022-08-16;0;0;1;0;1;1081070;6708;1426;41;4046
FR;4;2022-08-17;0;0;0;0;0;1081070;6708;1426;41;4046
FR;4;2022-08-18;0;0;0;0;0;1081070;6708;1426;41;4046
FR;4;2022-08-19;3;0;0;0;0;1081073;6708;1426;41;4046
FR;4;2022-08-20;1;0;0;0;0;1081074;6708;1426;41;4046
FR;4;2022-08-21;0;0;0;0;0;1081074;6708;1426;41;4046
FR;4;2022-08-22;3;0;0;0;0;1081077;6708;1426;41;4046
FR;4;2022-08-23;1;0;0;0;0;1081078;6708;1426;41;4046
FR;4;2022-08-24;1;0;0;0;0;1081079;6708;1426;41;4046
FR;4;2022-08-25;0;0;1;0;0;1081079;6708;1427;41;4046
FR;4;2022-08-26;1;0;0;1;0;1081080;6708;1427;42;4046
FR;4;2022-08-27;0;0;0;0;0;1081080;6708;1427;42;4046
FR;4;2022-08-28;0;0;0;0;0;1081080;6708;1427;42;4046
FR;4;2022-08-29;1;0;0;0;0;1081081;6708;1427;42;4046
FR;4;2022-08-30;0;0;0;0;0;1081081;6708;1427;42;4046
FR;4;2022-08-31;0;1;0;0;1;1081081;6709;1427;42;4047
FR;4;2022-09-01;0;0;0;0;0;1081081;6709;1427;42;4047
FR;5;2020-12-27;0;0;0;0;0;0;0;0;0;0
FR;5;2020-12-28;0;0;0;0;0;0;0;0;0;0
FR;5;2020-12-29;0;0;0;0;0;0;0;0;0;0
FR;5;2020-12-30;0;0;0;0;0;0;0;0;0;0
FR;5;2020-12-31;0;0;0;0;0;0;0;0;0;0
FR;5;2021-01-01;0;0;0;0;0;0;0;0;0;0
FR;5;2021-01-02;0;0;0;0;0;0;0;0;0;0
FR;5;2021-01-03;0;0;0;0;0;0;0;0;0;0
FR;5;2021-01-04;0;0;0;0;0;0;0;0;0;0
FR;5;2021-01-05;0;0;0;0;0;0;0;0;0;0
FR;5;2021-01-06;0;0;0;0;0;0;0;0;0;0
FR;5;2021-01-07;0;0;0;0;0;0;0;0;0;0
FR;5;2021-01-08;0;0;0;0;0;0;0;0;0;0
FR;5;2021-01-09;0;0;0;0;0;0;0;0;0;0
FR;5;2021-01-10;0;0;0;0;0;0;0;0;0;0
FR;5;2021-01-11;0;0;0;0;0;0;0;0;0;0
FR;5;2021-01-12;0;0;0;0;0;0;0;0;0;0
FR;5;2021-01-13;0;0;0;0;0;0;0;0;0;0
FR;5;2021-01-14;0;0;0;0;0;0;0;0;0;0
FR;5;2021-01-15;0;0;0;0;0;0;0;0;0;0
FR;5;2021-01-16;0;0;0;0;0;0;0;0;0;0
FR;5;2021-01-17;0;0;0;0;0;0;0;0;0;0
FR;5;2021-01-18;0;0;0;0;0;0;0;0;0;0
FR;5;2021-01-19;0;0;0;0;0;0;0;0;0;0
FR;5;2021-01-20;0;0;0;0;0;0;0;0;0;0
FR;5;2021-01-21;0;0;0;0;0;0;0;0;0;0
FR;5;2021-01-22;0;0;0;0;0;0;0;0;0;0
FR;5;2021-01-23;0;0;0;0;0;0;0;0;0;0
FR;5;2021-01-24;0;0;0;0;0;0;0;0;0;0
FR;5;2021-01-25;0;0;0;0;0;0;0;0;0;0
FR;5;2021-01-26;0;0;0;0;0;0;0;0;0;0
FR;5;2021-01-27;0;0;0;0;0;0;0;0;0;0
FR;5;2021-01-28;0;0;0;0;0;0;0;0;0;0
FR;5;2021-01-29;0;0;0;0;0;0;0;0;0;0
FR;5;2021-01-30;0;0;0;0;0;0;0;0;0;0
FR;5;2021-01-31;0;0;0;0;0;0;0;0;0;0
FR;5;2021-02-01;0;0;0;0;0;0;0;0;0;0
FR;5;2021-02-02;0;0;0;0;0;0;0;0;0;0
FR;5;2021-02-03;0;0;0;0;0;0;0;0;0;0
FR;5;2021-02-04;0;0;0;0;0;0;0;0;0;0
FR;5;2021-02-05;0;0;0;0;0;0;0;0;0;0
FR;5;2021-02-06;0;0;0;0;0;0;0;0;0;0
FR;5;2021-02-07;0;0;0;0;0;0;0;0;0;0
FR;5;2021-02-08;0;0;0;0;0;0;0;0;0;0
FR;5;2021-02-09;0;0;0;0;0;0;0;0;0;0
FR;5;2021-02-10;0;0;0;0;0;0;0;0;0;0
FR;5;2021-02-11;0;0;0;0;0;0;0;0;0;0
FR;5;2021-02-12;0;0;0;0;0;0;0;0;0;0
FR;5;2021-02-13;0;0;0;0;0;0;0;0;0;0
FR;5;2021-02-14;0;0;0;0;0;0;0;0;0;0
FR;5;2021-02-15;0;0;0;0;0;0;0;0;0;0
FR;5;2021-02-16;0;0;0;0;0;0;0;0;0;0
FR;5;2021-02-17;0;0;0;0;0;0;0;0;0;0
FR;5;2021-02-18;0;0;0;0;0;0;0;0;0;0
FR;5;2021-02-19;0;0;0;0;0;0;0;0;0;0
FR;5;2021-02-20;0;0;0;0;0;0;0;0;0;0
FR;5;2021-02-21;0;0;0;0;0;0;0;0;0;0
FR;5;2021-02-22;0;0;0;0;0;0;0;0;0;0
FR;5;2021-02-23;0;0;0;0;0;0;0;0;0;0
FR;5;2021-02-24;0;0;0;0;0;0;0;0;0;0
FR;5;2021-02-25;0;0;0;0;0;0;0;0;0;0
FR;5;2021-02-26;0;0;0;0;0;0;0;0;0;0
FR;5;2021-02-27;0;0;0;0;0;0;0;0;0;0
FR;5;2021-02-28;0;0;0;0;0;0;0;0;0;0
FR;5;2021-03-01;0;0;0;0;0;0;0;0;0;0
FR;5;2021-03-02;0;0;0;0;0;0;0;0;0;0
FR;5;2021-03-03;0;0;0;0;0;0;0;0;0;0
FR;5;2021-03-04;0;0;0;0;0;0;0;0;0;0
FR;5;2021-03-05;0;0;0;0;0;0;0;0;0;0
FR;5;2021-03-06;0;0;0;0;0;0;0;0;0;0
FR;5;2021-03-07;0;0;0;0;0;0;0;0;0;0
FR;5;2021-03-08;0;0;0;0;0;0;0;0;0;0
FR;5;2021-03-09;0;0;0;0;0;0;0;0;0;0
FR;5;2021-03-10;0;0;0;0;0;0;0;0;0;0
FR;5;2021-03-11;0;0;0;0;0;0;0;0;0;0
FR;5;2021-03-12;0;0;0;0;0;0;0;0;0;0
FR;5;2021-03-13;0;0;0;0;0;0;0;0;0;0
FR;5;2021-03-14;0;0;0;0;0;0;0;0;0;0
FR;5;2021-03-15;0;0;0;0;0;0;0;0;0;0
FR;5;2021-03-16;0;0;0;0;0;0;0;0;0;0
FR;5;2021-03-17;0;0;0;0;0;0;0;0;0;0
FR;5;2021-03-18;0;0;0;0;0;0;0;0;0;0
FR;5;2021-03-19;0;0;0;0;0;0;0;0;0;0
FR;5;2021-03-20;0;0;0;0;0;0;0;0;0;0
FR;5;2021-03-21;0;0;0;0;0;0;0;0;0;0
FR;5;2021-03-22;0;0;0;0;0;0;0;0;0;0
FR;5;2021-03-23;0;0;0;0;0;0;0;0;0;0
FR;5;2021-03-24;0;0;0;0;0;0;0;0;0;0
FR;5;2021-03-25;0;0;0;0;0;0;0;0;0;0
FR;5;2021-03-26;0;0;0;0;0;0;0;0;0;0
FR;5;2021-03-27;0;0;0;0;0;0;0;0;0;0
FR;5;2021-03-28;0;0;0;0;0;0;0;0;0;0
FR;5;2021-03-29;0;0;0;0;0;0;0;0;0;0
FR;5;2021-03-30;0;0;0;0;0;0;0;0;0;0
FR;5;2021-03-31;0;0;0;0;0;0;0;0;0;0
FR;5;2021-04-01;0;0;0;0;0;0;0;0;0;0
FR;5;2021-04-02;0;0;0;0;0;0;0;0;0;0
FR;5;2021-04-03;0;0;0;0;0;0;0;0;0;0
FR;5;2021-04-04;0;0;0;0;0;0;0;0;0;0
FR;5;2021-04-05;0;0;0;0;0;0;0;0;0;0
FR;5;2021-04-06;0;0;0;0;0;0;0;0;0;0
FR;5;2021-04-07;0;0;0;0;0;0;0;0;0;0
FR;5;2021-04-08;0;0;0;0;0;0;0;0;0;0
FR;5;2021-04-09;0;0;0;0;0;0;0;0;0;0
FR;5;2021-04-10;0;0;0;0;0;0;0;0;0;0
FR;5;2021-04-11;0;0;0;0;0;0;0;0;0;0
FR;5;2021-04-12;0;0;0;0;0;0;0;0;0;0
FR;5;2021-04-13;0;0;0;0;0;0;0;0;0;0
FR;5;2021-04-14;0;0;0;0;0;0;0;0;0;0
FR;5;2021-04-15;0;0;0;0;0;0;0;0;0;0
FR;5;2021-04-16;0;0;0;0;0;0;0;0;0;0
FR;5;2021-04-17;0;0;0;0;0;0;0;0;0;0
FR;5;2021-04-18;0;0;0;0;0;0;0;0;0;0
FR;5;2021-04-19;0;0;0;0;0;0;0;0;0;0
FR;5;2021-04-20;0;0;0;0;0;0;0;0;0;0
FR;5;2021-04-21;0;0;0;0;0;0;0;0;0;0
FR;5;2021-04-22;0;0;0;0;0;0;0;0;0;0
FR;5;2021-04-23;0;0;0;0;0;0;0;0;0;0
FR;5;2021-04-24;0;0;0;0;0;0;0;0;0;0
FR;5;2021-04-25;0;0;0;0;0;0;0;0;0;0
FR;5;2021-04-26;0;0;0;0;0;0;0;0;0;0
FR;5;2021-04-27;0;0;0;0;0;0;0;0;0;0
FR;5;2021-04-28;0;0;0;0;0;0;0;0;0;0
FR;5;2021-04-29;0;0;0;0;0;0;0;0;0;0
FR;5;2021-04-30;0;0;0;0;0;0;0;0;0;0
FR;5;2021-05-01;0;0;0;0;0;0;0;0;0;0
FR;5;2021-05-02;0;0;0;0;0;0;0;0;0;0
FR;5;2021-05-03;0;0;0;0;0;0;0;0;0;0
FR;5;2021-05-04;0;0;0;0;0;0;0;0;0;0
FR;5;2021-05-05;0;0;0;0;0;0;0;0;0;0
FR;5;2021-05-06;0;0;0;0;0;0;0;0;0;0
FR;5;2021-05-07;0;0;0;0;0;0;0;0;0;0
FR;5;2021-05-08;0;0;0;0;0;0;0;0;0;0
FR;5;2021-05-09;0;0;0;0;0;0;0;0;0;0
FR;5;2021-05-10;0;0;0;0;0;0;0;0;0;0
FR;5;2021-05-11;0;0;0;0;0;0;0;0;0;0
FR;5;2021-05-12;0;0;0;0;0;0;0;0;0;0
FR;5;2021-05-13;0;0;0;0;0;0;0;0;0;0
FR;5;2021-05-14;0;0;0;0;0;0;0;0;0;0
FR;5;2021-05-15;0;0;0;0;0;0;0;0;0;0
FR;5;2021-05-16;0;0;0;0;0;0;0;0;0;0
FR;5;2021-05-17;0;0;0;0;0;0;0;0;0;0
FR;5;2021-05-18;0;0;0;0;0;0;0;0;0;0
FR;5;2021-05-19;0;0;0;0;0;0;0;0;0;0
FR;5;2021-05-20;0;0;0;0;0;0;0;0;0;0
FR;5;2021-05-21;0;0;0;0;0;0;0;0;0;0
FR;5;2021-05-22;0;0;0;0;0;0;0;0;0;0
FR;5;2021-05-23;0;0;0;0;0;0;0;0;0;0
FR;5;2021-05-24;0;0;0;0;0;0;0;0;0;0
FR;5;2021-05-25;0;0;0;0;0;0;0;0;0;0
FR;5;2021-05-26;0;0;0;0;0;0;0;0;0;0
FR;5;2021-05-27;0;0;0;0;0;0;0;0;0;0
FR;5;2021-05-28;0;0;0;0;0;0;0;0;0;0
FR;5;2021-05-29;0;0;0;0;0;0;0;0;0;0
FR;5;2021-05-30;0;0;0;0;0;0;0;0;0;0
FR;5;2021-05-31;0;0;0;0;0;0;0;0;0;0
FR;5;2021-06-01;0;0;0;0;0;0;0;0;0;0
FR;5;2021-06-02;0;0;0;0;0;0;0;0;0;0
FR;5;2021-06-03;0;0;0;0;0;0;0;0;0;0
FR;5;2021-06-04;0;0;0;0;0;0;0;0;0;0
FR;5;2021-06-05;0;0;0;0;0;0;0;0;0;0
FR;5;2021-06-06;0;0;0;0;0;0;0;0;0;0
FR;5;2021-06-07;0;0;0;0;0;0;0;0;0;0
FR;5;2021-06-08;0;0;0;0;0;0;0;0;0;0
FR;5;2021-06-09;0;0;0;0;0;0;0;0;0;0
FR;5;2021-06-10;0;0;0;0;0;0;0;0;0;0
FR;5;2021-06-11;0;0;0;0;0;0;0;0;0;0
FR;5;2021-06-12;0;0;0;0;0;0;0;0;0;0
FR;5;2021-06-13;0;0;0;0;0;0;0;0;0;0
FR;5;2021-06-14;0;0;0;0;0;0;0;0;0;0
FR;5;2021-06-15;0;0;0;0;0;0;0;0;0;0
FR;5;2021-06-16;0;0;0;0;0;0;0;0;0;0
FR;5;2021-06-17;0;0;0;0;0;0;0;0;0;0
FR;5;2021-06-18;0;0;0;0;0;0;0;0;0;0
FR;5;2021-06-19;0;0;0;0;0;0;0;0;0;0
FR;5;2021-06-20;0;0;0;0;0;0;0;0;0;0
FR;5;2021-06-21;0;0;0;0;0;0;0;0;0;0
FR;5;2021-06-22;0;0;0;0;0;0;0;0;0;0
FR;5;2021-06-23;0;0;0;0;0;0;0;0;0;0
FR;5;2021-06-24;0;0;0;0;0;0;0;0;0;0
FR;5;2021-06-25;0;0;0;0;0;0;0;0;0;0
FR;5;2021-06-26;0;0;0;0;0;0;0;0;0;0
FR;5;2021-06-27;0;0;0;0;0;0;0;0;0;0
FR;5;2021-06-28;0;0;0;0;0;0;0;0;0;0
FR;5;2021-06-29;0;0;0;0;0;0;0;0;0;0
FR;5;2021-06-30;0;0;0;0;0;0;0;0;0;0
FR;5;2021-07-01;0;0;0;0;0;0;0;0;0;0
FR;5;2021-07-02;0;0;0;0;0;0;0;0;0;0
FR;5;2021-07-03;0;0;0;0;0;0;0;0;0;0
FR;5;2021-07-04;0;0;0;0;0;0;0;0;0;0
FR;5;2021-07-05;0;0;0;0;0;0;0;0;0;0
FR;5;2021-07-06;0;0;0;0;0;0;0;0;0;0
FR;5;2021-07-07;0;0;0;0;0;0;0;0;0;0
FR;5;2021-07-08;0;0;0;0;0;0;0;0;0;0
FR;5;2021-07-09;0;0;0;0;0;0;0;0;0;0
FR;5;2021-07-10;0;0;0;0;0;0;0;0;0;0
FR;5;2021-07-11;0;0;0;0;0;0;0;0;0;0
FR;5;2021-07-12;0;0;0;0;0;0;0;0;0;0
FR;5;2021-07-13;0;0;0;0;0;0;0;0;0;0
FR;5;2021-07-14;0;0;0;0;0;0;0;0;0;0
FR;5;2021-07-15;0;0;0;0;0;0;0;0;0;0
FR;5;2021-07-16;0;0;0;0;0;0;0;0;0;0
FR;5;2021-07-17;0;0;0;0;0;0;0;0;0;0
FR;5;2021-07-18;0;0;0;0;0;0;0;0;0;0
FR;5;2021-07-19;0;0;0;0;0;0;0;0;0;0
FR;5;2021-07-20;0;0;0;0;0;0;0;0;0;0
FR;5;2021-07-21;0;0;0;0;0;0;0;0;0;0
FR;5;2021-07-22;0;0;0;0;0;0;0;0;0;0
FR;5;2021-07-23;0;0;0;0;0;0;0;0;0;0
FR;5;2021-07-24;0;0;0;0;0;0;0;0;0;0
FR;5;2021-07-25;0;0;0;0;0;0;0;0;0;0
FR;5;2021-07-26;0;0;0;0;0;0;0;0;0;0
FR;5;2021-07-27;0;0;0;0;0;0;0;0;0;0
FR;5;2021-07-28;0;0;0;0;0;0;0;0;0;0
FR;5;2021-07-29;0;0;0;0;0;0;0;0;0;0
FR;5;2021-07-30;0;0;0;0;0;0;0;0;0;0
FR;5;2021-07-31;0;0;0;0;0;0;0;0;0;0
FR;5;2021-08-01;0;0;0;0;0;0;0;0;0;0
FR;5;2021-08-02;0;0;0;0;0;0;0;0;0;0
FR;5;2021-08-03;0;0;0;0;0;0;0;0;0;0
FR;5;2021-08-04;0;0;0;0;0;0;0;0;0;0
FR;5;2021-08-05;0;0;0;0;0;0;0;0;0;0
FR;5;2021-08-06;0;0;0;0;0;0;0;0;0;0
FR;5;2021-08-07;0;0;0;0;0;0;0;0;0;0
FR;5;2021-08-08;0;0;0;0;0;0;0;0;0;0
FR;5;2021-08-09;0;0;0;0;0;0;0;0;0;0
FR;5;2021-08-10;0;0;0;0;0;0;0;0;0;0
FR;5;2021-08-11;0;0;0;0;0;0;0;0;0;0
FR;5;2021-08-12;0;0;0;0;0;0;0;0;0;0
FR;5;2021-08-13;0;0;0;0;0;0;0;0;0;0
FR;5;2021-08-14;0;0;0;0;0;0;0;0;0;0
FR;5;2021-08-15;0;0;0;0;0;0;0;0;0;0
FR;5;2021-08-16;0;0;0;0;0;0;0;0;0;0
FR;5;2021-08-17;0;0;0;0;0;0;0;0;0;0
FR;5;2021-08-18;0;0;0;0;0;0;0;0;0;0
FR;5;2021-08-19;0;0;0;0;0;0;0;0;0;0
FR;5;2021-08-20;0;0;0;0;0;0;0;0;0;0
FR;5;2021-08-21;0;0;0;0;0;0;0;0;0;0
FR;5;2021-08-22;0;0;0;0;0;0;0;0;0;0
FR;5;2021-08-23;0;0;0;0;0;0;0;0;0;0
FR;5;2021-08-24;0;0;0;0;0;0;0;0;0;0
FR;5;2021-08-25;0;0;0;0;0;0;0;0;0;0
FR;5;2021-08-26;0;0;0;0;0;0;0;0;0;0
FR;5;2021-08-27;0;0;0;0;0;0;0;0;0;0
FR;5;2021-08-28;0;0;0;0;0;0;0;0;0;0
FR;5;2021-08-29;0;0;0;0;0;0;0;0;0;0
FR;5;2021-08-30;0;0;0;0;0;0;0;0;0;0
FR;5;2021-08-31;0;0;0;0;0;0;0;0;0;0
FR;5;2021-09-01;0;0;0;0;0;0;0;0;0;0
FR;5;2021-09-02;0;0;0;0;0;0;0;0;0;0
FR;5;2021-09-03;0;0;0;0;0;0;0;0;0;0
FR;5;2021-09-04;0;0;0;0;0;0;0;0;0;0
FR;5;2021-09-05;0;0;0;0;0;0;0;0;0;0
FR;5;2021-09-06;0;0;0;0;0;0;0;0;0;0
FR;5;2021-09-07;0;0;0;0;0;0;0;0;0;0
FR;5;2021-09-08;0;0;0;0;0;0;0;0;0;0
FR;5;2021-09-09;0;0;0;0;0;0;0;0;0;0
FR;5;2021-09-10;0;0;0;0;0;0;0;0;0;0
FR;5;2021-09-11;0;0;0;0;0;0;0;0;0;0
FR;5;2021-09-12;0;0;0;0;0;0;0;0;0;0
FR;5;2021-09-13;0;0;0;0;0;0;0;0;0;0
FR;5;2021-09-14;0;0;0;0;0;0;0;0;0;0
FR;5;2021-09-15;0;0;0;0;0;0;0;0;0;0
FR;5;2021-09-16;0;0;0;0;0;0;0;0;0;0
FR;5;2021-09-17;0;0;0;0;0;0;0;0;0;0
FR;5;2021-09-18;0;0;0;0;0;0;0;0;0;0
FR;5;2021-09-19;0;0;0;0;0;0;0;0;0;0
FR;5;2021-09-20;0;0;0;0;0;0;0;0;0;0
FR;5;2021-09-21;0;0;0;0;0;0;0;0;0;0
FR;5;2021-09-22;0;0;0;0;0;0;0;0;0;0
FR;5;2021-09-23;0;0;0;0;0;0;0;0;0;0
FR;5;2021-09-24;0;0;0;0;0;0;0;0;0;0
FR;5;2021-09-25;0;0;0;0;0;0;0;0;0;0
FR;5;2021-09-26;0;0;0;0;0;0;0;0;0;0
FR;5;2021-09-27;0;0;0;0;0;0;0;0;0;0
FR;5;2021-09-28;0;0;0;0;0;0;0;0;0;0
FR;5;2021-09-29;0;0;0;0;0;0;0;0;0;0
FR;5;2021-09-30;0;0;0;0;0;0;0;0;0;0
FR;5;2021-10-01;0;0;0;0;0;0;0;0;0;0
FR;5;2021-10-02;0;0;0;0;0;0;0;0;0;0
FR;5;2021-10-03;0;0;0;0;0;0;0;0;0;0
FR;5;2021-10-04;0;0;0;0;0;0;0;0;0;0
FR;5;2021-10-05;0;0;0;0;0;0;0;0;0;0
FR;5;2021-10-06;0;0;0;0;0;0;0;0;0;0
FR;5;2021-10-07;0;0;0;0;0;0;0;0;0;0
FR;5;2021-10-08;0;0;0;0;0;0;0;0;0;0
FR;5;2021-10-09;0;0;0;0;0;0;0;0;0;0
FR;5;2021-10-10;0;0;0;0;0;0;0;0;0;0
FR;5;2021-10-11;0;0;0;0;0;0;0;0;0;0
FR;5;2021-10-12;0;0;0;0;0;0;0;0;0;0
FR;5;2021-10-13;0;0;0;0;0;0;0;0;0;0
FR;5;2021-10-14;0;0;0;0;0;0;0;0;0;0
FR;5;2021-10-15;0;0;0;0;0;0;0;0;0;0
FR;5;2021-10-16;0;0;0;0;0;0;0;0;0;0
FR;5;2021-10-17;0;0;0;0;0;0;0;0;0;0
FR;5;2021-10-18;0;0;0;0;0;0;0;0;0;0
FR;5;2021-10-19;0;0;0;0;0;0;0;0;0;0
FR;5;2021-10-20;0;0;0;0;0;0;0;0;0;0
FR;5;2021-10-21;0;0;0;0;0;0;0;0;0;0
FR;5;2021-10-22;0;0;0;0;0;0;0;0;0;0
FR;5;2021-10-23;0;0;0;0;0;0;0;0;0;0
FR;5;2021-10-24;0;0;0;0;0;0;0;0;0;0
FR;5;2021-10-25;0;0;0;0;0;0;0;0;0;0
FR;5;2021-10-26;0;0;0;0;0;0;0;0;0;0
FR;5;2021-10-27;0;0;0;0;0;0;0;0;0;0
FR;5;2021-10-28;0;0;0;0;0;0;0;0;0;0
FR;5;2021-10-29;0;0;0;0;0;0;0;0;0;0
FR;5;2021-10-30;0;0;0;0;0;0;0;0;0;0
FR;5;2021-10-31;0;0;0;0;0;0;0;0;0;0
FR;5;2021-11-01;0;0;0;0;0;0;0;0;0;0
FR;5;2021-11-02;0;0;0;0;0;0;0;0;0;0
FR;5;2021-11-03;0;0;0;0;0;0;0;0;0;0
FR;5;2021-11-04;0;0;0;0;0;0;0;0;0;0
FR;5;2021-11-05;0;0;0;0;0;0;0;0;0;0
FR;5;2021-11-06;0;0;0;0;0;0;0;0;0;0
FR;5;2021-11-07;0;0;0;0;0;0;0;0;0;0
FR;5;2021-11-08;0;0;0;0;0;0;0;0;0;0
FR;5;2021-11-09;0;0;0;0;0;0;0;0;0;0
FR;5;2021-11-10;0;0;0;0;0;0;0;0;0;0
FR;5;2021-11-11;0;0;0;0;0;0;0;0;0;0
FR;5;2021-11-12;0;0;0;0;0;0;0;0;0;0
FR;5;2021-11-13;0;0;0;0;0;0;0;0;0;0
FR;5;2021-11-14;0;0;0;0;0;0;0;0;0;0
FR;5;2021-11-15;0;0;0;0;0;0;0;0;0;0
FR;5;2021-11-16;0;0;0;0;0;0;0;0;0;0
FR;5;2021-11-17;0;0;0;0;0;0;0;0;0;0
FR;5;2021-11-18;0;0;0;0;0;0;0;0;0;0
FR;5;2021-11-19;0;0;0;0;0;0;0;0;0;0
FR;5;2021-11-20;0;0;0;0;0;0;0;0;0;0
FR;5;2021-11-21;0;0;0;0;0;0;0;0;0;0
FR;5;2021-11-22;0;0;0;0;0;0;0;0;0;0
FR;5;2021-11-23;0;0;0;0;0;0;0;0;0;0
FR;5;2021-11-24;0;0;0;0;0;0;0;0;0;0
FR;5;2021-11-25;0;0;0;0;0;0;0;0;0;0
FR;5;2021-11-26;0;0;0;0;0;0;0;0;0;0
FR;5;2021-11-27;0;0;0;0;0;0;0;0;0;0
FR;5;2021-11-28;0;0;0;0;0;0;0;0;0;0
FR;5;2021-11-29;0;0;0;0;0;0;0;0;0;0
FR;5;2021-11-30;0;0;0;0;0;0;0;0;0;0
FR;5;2021-12-01;0;0;0;0;0;0;0;0;0;0
FR;5;2021-12-02;0;0;0;0;0;0;0;0;0;0
FR;5;2021-12-03;0;0;0;0;0;0;0;0;0;0
FR;5;2021-12-04;0;0;0;0;0;0;0;0;0;0
FR;5;2021-12-05;0;0;0;0;0;0;0;0;0;0
FR;5;2021-12-06;0;0;0;0;0;0;0;0;0;0
FR;5;2021-12-07;0;0;0;0;0;0;0;0;0;0
FR;5;2021-12-08;0;0;0;0;0;0;0;0;0;0
FR;5;2021-12-09;0;0;0;0;0;0;0;0;0;0
FR;5;2021-12-10;0;0;0;0;0;0;0;0;0;0
FR;5;2021-12-11;0;0;0;0;0;0;0;0;0;0
FR;5;2021-12-12;0;0;0;0;0;0;0;0;0;0
FR;5;2021-12-13;0;0;0;0;0;0;0;0;0;0
FR;5;2021-12-14;33;45;77;0;88;33;45;77;0;88
FR;5;2021-12-15;196;44;37;0;49;229;89;114;0;137
FR;5;2021-12-16;181;21;44;0;48;410;110;158;0;185
FR;5;2021-12-17;311;16;72;0;74;721;126;230;0;259
FR;5;2021-12-18;766;24;22;0;29;1487;150;252;0;288
FR;5;2021-12-19;586;15;15;0;17;2073;165;267;0;305
FR;5;2021-12-20;1223;31;35;0;38;3296;196;302;0;343
FR;5;2021-12-21;1535;22;54;1;60;4831;218;356;1;403
FR;5;2021-12-22;4069;40;37;0;46;8900;258;393;1;449
FR;5;2021-12-23;3042;16;21;0;25;11942;274;414;1;474
FR;5;2021-12-24;761;18;9;0;14;12703;292;423;1;488
FR;5;2021-12-25;61;5;2;0;3;12764;297;425;1;491
FR;5;2021-12-26;623;6;3;0;4;13387;303;428;1;495
FR;5;2021-12-27;4082;25;21;0;23;17469;328;449;1;518
FR;5;2021-12-28;5204;23;41;1;43;22673;351;490;2;561
FR;5;2021-12-29;8107;34;66;2;69;30780;385;556;4;630
FR;5;2021-12-30;5173;18;33;0;39;35953;403;589;4;669
FR;5;2021-12-31;1553;8;10;0;11;37506;411;599;4;680
FR;5;2022-01-01;185;2;2;0;3;37691;413;601;4;683
FR;5;2022-01-02;1489;1;1;0;1;39180;414;602;4;684
FR;5;2022-01-03;3066;36;33;0;32;42246;450;635;4;716
FR;5;2022-01-04;3034;39;33;0;42;45280;489;668;4;758
FR;5;2022-01-05;19323;203;97;1;108;64603;692;765;5;866
FR;5;2022-01-06;3746;133;122;0;142;68349;825;887;5;1008
FR;5;2022-01-07;5007;202;48;2;56;73356;1027;935;7;1064
FR;5;2022-01-08;13659;514;45;0;52;87015;1541;980;7;1116
FR;5;2022-01-09;5754;399;15;0;20;92769;1940;995;7;1136
FR;5;2022-01-10;3455;326;25;0;29;96224;2266;1020;7;1165
FR;5;2022-01-11;3671;284;38;0;41;99895;2550;1058;7;1206
FR;5;2022-01-12;22652;3005;90;0;113;122547;5555;1148;7;1319
FR;5;2022-01-13;4037;622;30;0;32;126584;6177;1178;7;1351
FR;5;2022-01-14;4843;582;44;0;51;131427;6759;1222;7;1402
FR;5;2022-01-15;14686;1746;38;3;49;146113;8505;1260;10;1451
FR;5;2022-01-16;4727;666;3;0;5;150840;9171;1263;10;1456
FR;5;2022-01-17;2297;716;26;0;29;153137;9887;1289;10;1485
FR;5;2022-01-18;2430;870;30;0;40;155567;10757;1319;10;1525
FR;5;2022-01-19;18483;6423;74;2;142;174050;17180;1393;12;1667
FR;5;2022-01-20;1920;1068;25;0;34;175970;18248;1418;12;1701
FR;5;2022-01-21;3077;1372;47;1;59;179047;19620;1465;13;1760
FR;5;2022-01-22;10721;3454;33;1;43;189768;23074;1498;14;1803
FR;5;2022-01-23;2629;1415;6;0;10;192397;24489;1504;14;1813
FR;5;2022-01-24;1160;1340;19;0;23;193557;25829;1523;14;1836
FR;5;2022-01-25;1220;1549;20;2;31;194777;27378;1543;16;1867
FR;5;2022-01-26;10752;12027;50;1;89;205529;39405;1593;17;1956
FR;5;2022-01-27;1291;1693;10;0;17;206820;41098;1603;17;1973
FR;5;2022-01-28;1699;3347;16;0;19;208519;44445;1619;17;1992
FR;5;2022-01-29;6240;8041;68;0;96;214759;52486;1687;17;2088
FR;5;2022-01-30;1509;2950;5;0;18;216268;55436;1692;17;2106
FR;5;2022-01-31;589;1773;23;0;24;216857;57209;1715;17;2130
FR;5;2022-02-01;712;1706;10;0;15;217569;58915;1725;17;2145
FR;5;2022-02-02;6958;15656;52;0;94;224527;74571;1777;17;2239
FR;5;2022-02-03;491;1690;14;0;13;225018;76261;1791;17;2252
FR;5;2022-02-04;945;3002;19;0;31;225963;79263;1810;17;2283
FR;5;2022-02-05;3535;8917;23;0;37;229498;88180;1833;17;2320
FR;5;2022-02-06;737;2397;10;0;19;230235;90577;1843;17;2339
FR;5;2022-02-07;884;1596;23;0;25;231119;92173;1866;17;2364
FR;5;2022-02-08;722;1287;18;0;20;231841;93460;1884;17;2384
FR;5;2022-02-09;4544;12878;44;0;76;236385;106338;1928;17;2460
FR;5;2022-02-10;646;1059;14;0;15;237031;107397;1942;17;2475
FR;5;2022-02-11;793;2032;16;0;21;237824;109429;1958;17;2496
FR;5;2022-02-12;2286;6813;33;0;53;240110;116242;1991;17;2549
FR;5;2022-02-13;464;1540;8;0;8;240574;117782;1999;17;2557
FR;5;2022-02-14;678;1288;10;0;13;241252;119070;2009;17;2570
FR;5;2022-02-15;482;886;9;0;14;241734;119956;2018;17;2584
FR;5;2022-02-16;2980;9123;41;1;58;244714;129079;2059;18;2642
FR;5;2022-02-17;436;809;6;0;7;245150;129888;2065;18;2649
FR;5;2022-02-18;649;1408;13;0;17;245799;131296;2078;18;2666
FR;5;2022-02-19;1373;4315;16;0;28;247172;135611;2094;18;2694
FR;5;2022-02-20;247;879;6;0;8;247419;136490;2100;18;2702
FR;5;2022-02-21;221;607;2;0;4;247640;137097;2102;18;2706
FR;5;2022-02-22;262;545;17;0;17;247902;137642;2119;18;2723
FR;5;2022-02-23;1909;6926;23;1;43;249811;144568;2142;19;2766
FR;5;2022-02-24;182;374;6;1;7;249993;144942;2148;20;2773
FR;5;2022-02-25;336;950;13;0;12;250329;145892;2161;20;2785
FR;5;2022-02-26;972;3070;11;0;15;251301;148962;2172;20;2800
FR;5;2022-02-27;150;506;0;0;3;251451;149468;2172;20;2803
FR;5;2022-02-28;162;369;1;0;1;251613;149837;2173;20;2804
FR;5;2022-03-01;130;280;6;0;7;251743;150117;2179;20;2811
FR;5;2022-03-02;1241;4156;28;3;40;252984;154273;2207;23;2851
FR;5;2022-03-03;121;251;5;0;10;253105;154524;2212;23;2861
FR;5;2022-03-04;196;488;13;0;14;253301;155012;2225;23;2875
FR;5;2022-03-05;677;1990;8;0;16;253978;157002;2233;23;2891
FR;5;2022-03-06;108;260;0;0;0;254086;157262;2233;23;2891
FR;5;2022-03-07;71;228;5;0;3;254157;157490;2238;23;2894
FR;5;2022-03-08;46;134;7;1;8;254203;157624;2245;24;2902
FR;5;2022-03-09;910;3078;24;0;36;255113;160702;2269;24;2938
FR;5;2022-03-10;82;202;8;0;12;255195;160904;2277;24;2950
FR;5;2022-03-11;148;369;13;1;15;255343;161273;2290;25;2965
FR;5;2022-03-12;758;1613;13;1;30;256101;162886;2303;26;2995
FR;5;2022-03-13;78;100;0;0;0;256179;162986;2303;26;2995
FR;5;2022-03-14;67;119;7;1;7;256246;163105;2310;27;3002
FR;5;2022-03-15;83;99;4;0;7;256329;163204;2314;27;3009
FR;5;2022-03-16;883;1827;15;3;36;257212;165031;2329;30;3045
FR;5;2022-03-17;68;123;8;4;10;257280;165154;2337;34;3055
FR;5;2022-03-18;172;318;13;4;18;257452;165472;2350;38;3073
FR;5;2022-03-19;751;1163;12;5;33;258203;166635;2362;43;3106
FR;5;2022-03-20;45;93;1;0;1;258248;166728;2363;43;3107
FR;5;2022-03-21;71;120;10;6;15;258319;166848;2373;49;3122
FR;5;2022-03-22;56;119;8;8;9;258375;166967;2381;57;3131
FR;5;2022-03-23;805;1461;14;8;36;259180;168428;2395;65;3167
FR;5;2022-03-24;70;93;8;7;7;259250;168521;2403;72;3174
FR;5;2022-03-25;222;293;14;8;18;259472;168814;2417;80;3192
FR;5;2022-03-26;707;853;12;5;26;260179;169667;2429;85;3218
FR;5;2022-03-27;75;80;0;0;3;260254;169747;2429;85;3221
FR;5;2022-03-28;81;93;1;2;3;260335;169840;2430;87;3224
FR;5;2022-03-29;71;82;10;4;12;260406;169922;2440;91;3236
FR;5;2022-03-30;823;1116;16;13;29;261229;171038;2456;104;3265
FR;5;2022-03-31;102;125;1;4;6;261331;171163;2457;108;3271
FR;5;2022-04-01;114;86;7;12;11;261445;171249;2464;120;3282
FR;5;2022-04-02;330;349;3;3;15;261775;171598;2467;123;3297
FR;5;2022-04-03;54;59;1;0;1;261829;171657;2468;123;3298
FR;5;2022-04-04;40;57;4;1;8;261869;171714;2472;124;3306
FR;5;2022-04-05;52;60;6;7;9;261921;171774;2478;131;3315
FR;5;2022-04-06;421;439;7;15;16;262342;172213;2485;146;3331
FR;5;2022-04-07;45;69;5;7;7;262387;172282;2490;153;3338
FR;5;2022-04-08;134;112;12;13;14;262521;172394;2502;166;3352
FR;5;2022-04-09;311;324;2;5;17;262832;172718;2504;171;3369
FR;5;2022-04-10;43;31;2;0;2;262875;172749;2506;171;3371
FR;5;2022-04-11;50;60;3;2;4;262925;172809;2509;173;3375
FR;5;2022-04-12;59;54;3;3;5;262984;172863;2512;176;3380
FR;5;2022-04-13;382;413;3;8;16;263366;173276;2515;184;3396
FR;5;2022-04-14;48;48;5;5;9;263414;173324;2520;189;3405
FR;5;2022-04-15;91;109;4;4;5;263505;173433;2524;193;3410
FR;5;2022-04-16;188;184;2;1;13;263693;173617;2526;194;3423
FR;5;2022-04-17;12;11;1;0;1;263705;173628;2527;194;3424
FR;5;2022-04-18;9;10;2;0;3;263714;173638;2529;194;3427
FR;5;2022-04-19;75;71;6;1;6;263789;173709;2535;195;3433
FR;5;2022-04-20;361;349;9;6;12;264150;174058;2544;201;3445
FR;5;2022-04-21;42;64;9;10;12;264192;174122;2553;211;3457
FR;5;2022-04-22;113;96;5;4;5;264305;174218;2558;215;3462
FR;5;2022-04-23;209;193;3;2;10;264514;174411;2561;217;3472
FR;5;2022-04-24;37;35;0;0;3;264551;174446;2561;217;3475
FR;5;2022-04-25;69;65;1;1;4;264620;174511;2562;218;3479
FR;5;2022-04-26;60;63;2;1;5;264680;174574;2564;219;3484
FR;5;2022-04-27;335;316;2;7;14;265015;174890;2566;226;3498
FR;5;2022-04-28;81;54;4;5;8;265096;174944;2570;231;3506
FR;5;2022-04-29;117;84;5;19;12;265213;175028;2575;250;3518
FR;5;2022-04-30;183;114;2;3;10;265396;175142;2577;253;3528
FR;5;2022-05-01;11;7;0;0;0;265407;175149;2577;253;3528
FR;5;2022-05-02;52;28;4;5;2;265459;175177;2581;258;3530
FR;5;2022-05-03;84;57;2;5;11;265543;175234;2583;263;3541
FR;5;2022-05-04;278;205;1;2;7;265821;175439;2584;265;3548
FR;5;2022-05-05;62;32;3;4;5;265883;175471;2587;269;3553
FR;5;2022-05-06;105;65;2;3;5;265988;175536;2589;272;3558
FR;5;2022-05-07;171;117;3;10;13;266159;175653;2592;282;3571
FR;5;2022-05-08;8;8;0;0;2;266167;175661;2592;282;3573
FR;5;2022-05-09;44;34;15;3;16;266211;175695;2607;285;3589
FR;5;2022-05-10;54;49;3;4;5;266265;175744;2610;289;3594
FR;5;2022-05-11;326;237;12;7;21;266591;175981;2622;296;3615
FR;5;2022-05-12;46;34;2;2;2;266637;176015;2624;298;3617
FR;5;2022-05-13;109;83;3;8;8;266746;176098;2627;306;3625
FR;5;2022-05-14;209;131;0;1;8;266955;176229;2627;307;3633
FR;5;2022-05-15;22;9;2;0;1;266977;176238;2629;307;3634
FR;5;2022-05-16;52;34;4;5;4;267029;176272;2633;312;3638
FR;5;2022-05-17;72;40;5;0;2;267101;176312;2638;312;3640
FR;5;2022-05-18;289;215;4;4;8;267390;176527;2642;316;3648
FR;5;2022-05-19;45;35;5;3;3;267435;176562;2647;319;3651
FR;5;2022-05-20;76;63;3;10;1;267511;176625;2650;329;3652
FR;5;2022-05-21;242;166;2;3;17;267753;176791;2652;332;3669
FR;5;2022-05-22;20;14;2;5;2;267773;176805;2654;337;3671
FR;5;2022-05-23;42;31;4;3;6;267815;176836;2658;340;3677
FR;5;2022-05-24;47;45;3;2;5;267862;176881;2661;342;3682
FR;5;2022-05-25;329;257;4;1;16;268191;177138;2665;343;3698
FR;5;2022-05-26;17;5;0;1;2;268208;177143;2665;344;3700
FR;5;2022-05-27;99;54;4;4;9;268307;177197;2669;348;3709
FR;5;2022-05-28;100;78;5;3;10;268407;177275;2674;351;3719
FR;5;2022-05-29;14;14;1;0;2;268421;177289;2675;351;3721
FR;5;2022-05-30;56;41;2;1;2;268477;177330;2677;352;3723
FR;5;2022-05-31;57;43;1;8;1;268534;177373;2678;360;3724
FR;5;2022-06-01;257;241;9;2;25;268791;177614;2687;362;3749
FR;5;2022-06-02;63;61;5;0;9;268854;177675;2692;362;3758
FR;5;2022-06-03;81;71;4;5;10;268935;177746;2696;367;3768
FR;5;2022-06-04;156;109;2;1;9;269091;177855;2698;368;3777
FR;5;2022-06-05;18;11;0;0;1;269109;177866;2698;368;3778
FR;5;2022-06-06;16;9;0;1;0;269125;177875;2698;369;3778
FR;5;2022-06-07;50;56;1;1;2;269175;177931;2699;370;3780
FR;5;2022-06-08;283;225;3;4;17;269458;178156;2702;374;3797
FR;5;2022-06-09;52;41;6;3;7;269510;178197;2708;377;3804
FR;5;2022-06-10;80;72;1;1;6;269590;178269;2709;378;3810
FR;5;2022-06-11;173;141;3;3;10;269763;178410;2712;381;3820
FR;5;2022-06-12;17;16;0;0;2;269780;178426;2712;381;3822
FR;5;2022-06-13;56;47;9;3;10;269836;178473;2721;384;3832
FR;5;2022-06-14;59;56;1;3;6;269895;178529;2722;387;3838
FR;5;2022-06-15;266;260;5;2;27;270161;178789;2727;389;3865
FR;5;2022-06-16;47;30;5;2;5;270208;178819;2732;391;3870
FR;5;2022-06-17;98;67;5;5;10;270306;178886;2737;396;3880
FR;5;2022-06-18;146;95;10;2;26;270452;178981;2747;398;3906
FR;5;2022-06-19;26;15;0;1;4;270478;178996;2747;399;3910
FR;5;2022-06-20;56;49;8;0;11;270534;179045;2755;399;3921
FR;5;2022-06-21;52;73;5;3;7;270586;179118;2760;402;3928
FR;5;2022-06-22;224;247;7;9;33;270810;179365;2767;411;3961
FR;5;2022-06-23;50;38;2;5;6;270860;179403;2769;416;3967
FR;5;2022-06-24;91;69;12;5;16;270951;179472;2781;421;3983
FR;5;2022-06-25;154;124;3;7;14;271105;179596;2784;428;3997
FR;5;2022-06-26;26;19;2;0;5;271131;179615;2786;428;4002
FR;5;2022-06-27;57;60;5;7;11;271188;179675;2791;435;4013
FR;5;2022-06-28;70;49;8;2;14;271258;179724;2799;437;4027
FR;5;2022-06-29;297;268;9;21;34;271555;179992;2808;458;4061
FR;5;2022-06-30;88;57;10;12;17;271643;180049;2818;470;4078
FR;5;2022-07-01;124;65;7;11;12;271767;180114;2825;481;4090
FR;5;2022-07-02;191;132;4;0;22;271958;180246;2829;481;4112
FR;5;2022-07-03;30;25;1;0;4;271988;180271;2830;481;4116
FR;5;2022-07-04;103;64;2;5;6;272091;180335;2832;486;4122
FR;5;2022-07-05;104;72;3;8;13;272195;180407;2835;494;4135
FR;5;2022-07-06;277;168;9;36;27;272472;180575;2844;530;4162
FR;5;2022-07-07;87;68;6;9;13;272559;180643;2850;539;4175
FR;5;2022-07-08;152;120;7;14;25;272711;180763;2857;553;4200
FR;5;2022-07-09;116;68;1;8;10;272827;180831;2858;561;4210
FR;5;2022-07-10;15;6;0;0;1;272842;180837;2858;561;4211
FR;5;2022-07-11;92;72;10;2;19;272934;180909;2868;563;4230
FR;5;2022-07-12;67;63;5;10;7;273001;180972;2873;573;4237
FR;5;2022-07-13;167;117;10;19;16;273168;181089;2883;592;4253
FR;5;2022-07-14;8;4;0;0;0;273176;181093;2883;592;4253
FR;5;2022-07-15;74;66;5;14;15;273250;181159;2888;606;4268
FR;5;2022-07-16;54;44;3;0;3;273304;181203;2891;606;4271
FR;5;2022-07-17;10;7;0;0;1;273314;181210;2891;606;4272
FR;5;2022-07-18;60;46;0;5;3;273374;181256;2891;611;4275
FR;5;2022-07-19;63;42;5;3;7;273437;181298;2896;614;4282
FR;5;2022-07-20;119;106;4;11;14;273556;181404;2900;625;4296
FR;5;2022-07-21;38;43;2;10;5;273594;181447;2902;635;4301
FR;5;2022-07-22;45;69;11;14;23;273639;181516;2913;649;4324
FR;5;2022-07-23;59;78;2;1;11;273698;181594;2915;650;4335
FR;5;2022-07-24;11;9;3;1;3;273709;181603;2918;651;4338
FR;5;2022-07-25;53;48;2;7;8;273762;181651;2920;658;4346
FR;5;2022-07-26;57;53;5;41;6;273819;181704;2925;699;4352
FR;5;2022-07-27;106;118;4;4;13;273925;181822;2929;703;4365
FR;5;2022-07-28;39;35;2;2;6;273964;181857;2931;705;4371
FR;5;2022-07-29;56;72;3;13;8;274020;181929;2934;718;4379
FR;5;2022-07-30;53;53;5;1;7;274073;181982;2939;719;4386
FR;5;2022-07-31;7;11;1;0;1;274080;181993;2940;719;4387
FR;5;2022-08-01;38;52;1;2;6;274118;182045;2941;721;4393
FR;5;2022-08-02;31;43;8;7;8;274149;182088;2949;728;4401
FR;5;2022-08-03;54;51;4;10;9;274203;182139;2953;738;4410
FR;5;2022-08-04;20;18;1;6;1;274223;182157;2954;744;4411
FR;5;2022-08-05;34;24;3;3;3;274257;182181;2957;747;4414
FR;5;2022-08-06;23;26;1;0;1;274280;182207;2958;747;4415
FR;5;2022-08-07;2;2;1;0;1;274282;182209;2959;747;4416
FR;5;2022-08-08;25;19;1;2;2;274307;182228;2960;749;4418
FR;5;2022-08-09;26;28;3;3;3;274333;182256;2963;752;4421
FR;5;2022-08-10;47;47;2;0;5;274380;182303;2965;752;4426
FR;5;2022-08-11;19;34;2;2;5;274399;182337;2967;754;4431
FR;5;2022-08-12;27;28;2;0;2;274426;182365;2969;754;4433
FR;5;2022-08-13;15;18;0;0;0;274441;182383;2969;754;4433
FR;5;2022-08-14;2;3;0;0;0;274443;182386;2969;754;4433
FR;5;2022-08-15;2;4;0;0;0;274445;182390;2969;754;4433
FR;5;2022-08-16;33;26;2;0;5;274478;182416;2971;754;4438
FR;5;2022-08-17;49;55;2;1;1;274527;182471;2973;755;4439
FR;5;2022-08-18;26;18;4;17;6;274553;182489;2977;772;4445
FR;5;2022-08-19;25;32;1;2;2;274578;182521;2978;774;4447
FR;5;2022-08-20;25;27;2;1;4;274603;182548;2980;775;4451
FR;5;2022-08-21;7;4;1;0;1;274610;182552;2981;775;4452
FR;5;2022-08-22;38;24;1;6;2;274648;182576;2982;781;4454
FR;5;2022-08-23;26;25;1;1;2;274674;182601;2983;782;4456
FR;5;2022-08-24;47;43;0;0;0;274721;182644;2983;782;4456
FR;5;2022-08-25;27;26;3;1;2;274748;182670;2986;783;4458
FR;5;2022-08-26;48;38;7;2;5;274796;182708;2993;785;4463
FR;5;2022-08-27;46;28;1;0;3;274842;182736;2994;785;4466
FR;5;2022-08-28;5;6;0;0;0;274847;182742;2994;785;4466
FR;5;2022-08-29;58;44;0;1;3;274905;182786;2994;786;4469
FR;5;2022-08-30;42;23;12;29;10;274947;182809;3006;815;4479
FR;5;2022-08-31;51;47;6;1;11;274998;182856;3012;816;4490
FR;5;2022-09-01;14;6;1;3;1;275012;182862;3013;819;4491
FR;6;2020-12-27;0;0;0;0;0;0;0;0;0;0
FR;6;2020-12-28;0;0;0;0;0;0;0;0;0;0
FR;6;2020-12-29;0;0;0;0;0;0;0;0;0;0
FR;6;2020-12-30;0;0;0;0;0;0;0;0;0;0
FR;6;2020-12-31;0;0;0;0;0;0;0;0;0;0
FR;6;2021-01-01;0;0;0;0;0;0;0;0;0;0
FR;6;2021-01-02;0;0;0;0;0;0;0;0;0;0
FR;6;2021-01-03;0;0;0;0;0;0;0;0;0;0
FR;6;2021-01-04;0;0;0;0;0;0;0;0;0;0
FR;6;2021-01-05;0;0;0;0;0;0;0;0;0;0
FR;6;2021-01-06;0;0;0;0;0;0;0;0;0;0
FR;6;2021-01-07;0;0;0;0;0;0;0;0;0;0
FR;6;2021-01-08;0;0;0;0;0;0;0;0;0;0
FR;6;2021-01-09;0;0;0;0;0;0;0;0;0;0
FR;6;2021-01-10;0;0;0;0;0;0;0;0;0;0
FR;6;2021-01-11;0;0;0;0;0;0;0;0;0;0
FR;6;2021-01-12;0;0;0;0;0;0;0;0;0;0
FR;6;2021-01-13;0;0;0;0;0;0;0;0;0;0
FR;6;2021-01-14;0;0;0;0;0;0;0;0;0;0
FR;6;2021-01-15;0;0;0;0;0;0;0;0;0;0
FR;6;2021-01-16;0;0;0;0;0;0;0;0;0;0
FR;6;2021-01-17;0;0;0;0;0;0;0;0;0;0
FR;6;2021-01-18;0;0;0;0;0;0;0;0;0;0
FR;6;2021-01-19;0;0;0;0;0;0;0;0;0;0
FR;6;2021-01-20;0;0;0;0;0;0;0;0;0;0
FR;6;2021-01-21;0;0;0;0;0;0;0;0;0;0
FR;6;2021-01-22;0;0;0;0;0;0;0;0;0;0
FR;6;2021-01-23;0;0;0;0;0;0;0;0;0;0
FR;6;2021-01-24;0;0;0;0;0;0;0;0;0;0
FR;6;2021-01-25;0;0;0;0;0;0;0;0;0;0
FR;6;2021-01-26;0;0;0;0;0;0;0;0;0;0
FR;6;2021-01-27;0;0;0;0;0;0;0;0;0;0
FR;6;2021-01-28;0;0;0;0;0;0;0;0;0;0
FR;6;2021-01-29;0;0;0;0;0;0;0;0;0;0
FR;6;2021-01-30;0;0;0;0;0;0;0;0;0;0
FR;6;2021-01-31;0;0;0;0;0;0;0;0;0;0
FR;6;2021-02-01;0;0;0;0;0;0;0;0;0;0
FR;6;2021-02-02;0;0;0;0;0;0;0;0;0;0
FR;6;2021-02-03;0;0;0;0;0;0;0;0;0;0
FR;6;2021-02-04;0;0;0;0;0;0;0;0;0;0
FR;6;2021-02-05;0;0;0;0;0;0;0;0;0;0
FR;6;2021-02-06;0;0;0;0;0;0;0;0;0;0
FR;6;2021-02-07;0;0;0;0;0;0;0;0;0;0
FR;6;2021-02-08;0;0;0;0;0;0;0;0;0;0
FR;6;2021-02-09;0;0;0;0;0;0;0;0;0;0
FR;6;2021-02-10;0;0;0;0;0;0;0;0;0;0
FR;6;2021-02-11;0;0;0;0;0;0;0;0;0;0
FR;6;2021-02-12;0;0;0;0;0;0;0;0;0;0
FR;6;2021-02-13;0;0;0;0;0;0;0;0;0;0
FR;6;2021-02-14;0;0;0;0;0;0;0;0;0;0
FR;6;2021-02-15;0;0;0;0;0;0;0;0;0;0
FR;6;2021-02-16;0;0;0;0;0;0;0;0;0;0
FR;6;2021-02-17;0;0;0;0;0;0;0;0;0;0
FR;6;2021-02-18;0;0;0;0;0;0;0;0;0;0
FR;6;2021-02-19;0;0;0;0;0;0;0;0;0;0
FR;6;2021-02-20;0;0;0;0;0;0;0;0;0;0
FR;6;2021-02-21;0;0;0;0;0;0;0;0;0;0
FR;6;2021-02-22;0;0;0;0;0;0;0;0;0;0
FR;6;2021-02-23;0;0;0;0;0;0;0;0;0;0
FR;6;2021-02-24;0;0;0;0;0;0;0;0;0;0
FR;6;2021-02-25;0;0;0;0;0;0;0;0;0;0
FR;6;2021-02-26;0;0;0;0;0;0;0;0;0;0
FR;6;2021-02-27;0;0;0;0;0;0;0;0;0;0
FR;6;2021-02-28;0;0;0;0;0;0;0;0;0;0
FR;6;2021-03-01;0;0;0;0;0;0;0;0;0;0
FR;6;2021-03-02;0;0;0;0;0;0;0;0;0;0
FR;6;2021-03-03;0;0;0;0;0;0;0;0;0;0
FR;6;2021-03-04;0;0;0;0;0;0;0;0;0;0
FR;6;2021-03-05;0;0;0;0;0;0;0;0;0;0
FR;6;2021-03-06;0;0;0;0;0;0;0;0;0;0
FR;6;2021-03-07;0;0;0;0;0;0;0;0;0;0
FR;6;2021-03-08;0;0;0;0;0;0;0;0;0;0
FR;6;2021-03-09;0;0;0;0;0;0;0;0;0;0
FR;6;2021-03-10;0;0;0;0;0;0;0;0;0;0
FR;6;2021-03-11;0;0;0;0;0;0;0;0;0;0
FR;6;2021-03-12;0;0;0;0;0;0;0;0;0;0
FR;6;2021-03-13;0;0;0;0;0;0;0;0;0;0
FR;6;2021-03-14;0;0;0;0;0;0;0;0;0;0
FR;6;2021-03-15;0;0;0;0;0;0;0;0;0;0
FR;6;2021-03-16;0;0;0;0;0;0;0;0;0;0
FR;6;2021-03-17;0;0;0;0;0;0;0;0;0;0
FR;6;2021-03-18;0;0;0;0;0;0;0;0;0;0
FR;6;2021-03-19;0;0;0;0;0;0;0;0;0;0
FR;6;2021-03-20;0;0;0;0;0;0;0;0;0;0
FR;6;2021-03-21;0;0;0;0;0;0;0;0;0;0
FR;6;2021-03-22;0;0;0;0;0;0;0;0;0;0
FR;6;2021-03-23;0;0;0;0;0;0;0;0;0;0
FR;6;2021-03-24;0;0;0;0;0;0;0;0;0;0
FR;6;2021-03-25;0;0;0;0;0;0;0;0;0;0
FR;6;2021-03-26;0;0;0;0;0;0;0;0;0;0
FR;6;2021-03-27;0;0;0;0;0;0;0;0;0;0
FR;6;2021-03-28;0;0;0;0;0;0;0;0;0;0
FR;6;2021-03-29;0;0;0;0;0;0;0;0;0;0
FR;6;2021-03-30;0;0;0;0;0;0;0;0;0;0
FR;6;2021-03-31;0;0;0;0;0;0;0;0;0;0
FR;6;2021-04-01;0;0;0;0;0;0;0;0;0;0
FR;6;2021-04-02;0;0;0;0;0;0;0;0;0;0
FR;6;2021-04-03;0;0;0;0;0;0;0;0;0;0
FR;6;2021-04-04;0;0;0;0;0;0;0;0;0;0
FR;6;2021-04-05;0;0;0;0;0;0;0;0;0;0
FR;6;2021-04-06;0;0;0;0;0;0;0;0;0;0
FR;6;2021-04-07;0;0;0;0;0;0;0;0;0;0
FR;6;2021-04-08;0;0;0;0;0;0;0;0;0;0
FR;6;2021-04-09;0;0;0;0;0;0;0;0;0;0
FR;6;2021-04-10;0;0;0;0;0;0;0;0;0;0
FR;6;2021-04-11;0;0;0;0;0;0;0;0;0;0
FR;6;2021-04-12;0;0;0;0;0;0;0;0;0;0
FR;6;2021-04-13;0;0;0;0;0;0;0;0;0;0
FR;6;2021-04-14;0;0;0;0;0;0;0;0;0;0
FR;6;2021-04-15;0;0;0;0;0;0;0;0;0;0
FR;6;2021-04-16;0;0;0;0;0;0;0;0;0;0
FR;6;2021-04-17;0;0;0;0;0;0;0;0;0;0
FR;6;2021-04-18;0;0;0;0;0;0;0;0;0;0
FR;6;2021-04-19;0;0;0;0;0;0;0;0;0;0
FR;6;2021-04-20;0;0;0;0;0;0;0;0;0;0
FR;6;2021-04-21;0;0;0;0;0;0;0;0;0;0
FR;6;2021-04-22;0;0;0;0;0;0;0;0;0;0
FR;6;2021-04-23;0;0;0;0;0;0;0;0;0;0
FR;6;2021-04-24;0;0;0;0;0;0;0;0;0;0
FR;6;2021-04-25;0;0;0;0;0;0;0;0;0;0
FR;6;2021-04-26;0;0;0;0;0;0;0;0;0;0
FR;6;2021-04-27;0;0;0;0;0;0;0;0;0;0
FR;6;2021-04-28;0;0;0;0;0;0;0;0;0;0
FR;6;2021-04-29;0;0;0;0;0;0;0;0;0;0
FR;6;2021-04-30;0;0;0;0;0;0;0;0;0;0
FR;6;2021-05-01;0;0;0;0;0;0;0;0;0;0
FR;6;2021-05-02;0;0;0;0;0;0;0;0;0;0
FR;6;2021-05-03;0;0;0;0;0;0;0;0;0;0
FR;6;2021-05-04;0;0;0;0;0;0;0;0;0;0
FR;6;2021-05-05;0;0;0;0;0;0;0;0;0;0
FR;6;2021-05-06;0;0;0;0;0;0;0;0;0;0
FR;6;2021-05-07;0;0;0;0;0;0;0;0;0;0
FR;6;2021-05-08;0;0;0;0;0;0;0;0;0;0
FR;6;2021-05-09;0;0;0;0;0;0;0;0;0;0
FR;6;2021-05-10;0;0;0;0;0;0;0;0;0;0
FR;6;2021-05-11;0;0;0;0;0;0;0;0;0;0
FR;6;2021-05-12;0;0;0;0;0;0;0;0;0;0
FR;6;2021-05-13;0;0;0;0;0;0;0;0;0;0
FR;6;2021-05-14;0;0;0;0;0;0;0;0;0;0
FR;6;2021-05-15;0;0;0;0;0;0;0;0;0;0
FR;6;2021-05-16;0;0;0;0;0;0;0;0;0;0
FR;6;2021-05-17;0;0;0;0;0;0;0;0;0;0
FR;6;2021-05-18;0;0;0;0;0;0;0;0;0;0
FR;6;2021-05-19;0;0;0;0;0;0;0;0;0;0
FR;6;2021-05-20;0;0;0;0;0;0;0;0;0;0
FR;6;2021-05-21;0;0;0;0;0;0;0;0;0;0
FR;6;2021-05-22;0;0;0;0;0;0;0;0;0;0
FR;6;2021-05-23;0;0;0;0;0;0;0;0;0;0
FR;6;2021-05-24;0;0;0;0;0;0;0;0;0;0
FR;6;2021-05-25;0;0;0;0;0;0;0;0;0;0
FR;6;2021-05-26;0;0;0;0;0;0;0;0;0;0
FR;6;2021-05-27;0;0;0;0;0;0;0;0;0;0
FR;6;2021-05-28;0;0;0;0;0;0;0;0;0;0
FR;6;2021-05-29;0;0;0;0;0;0;0;0;0;0
FR;6;2021-05-30;0;0;0;0;0;0;0;0;0;0
FR;6;2021-05-31;0;0;0;0;0;0;0;0;0;0
FR;6;2021-06-01;0;0;0;0;0;0;0;0;0;0
FR;6;2021-06-02;0;0;0;0;0;0;0;0;0;0
FR;6;2021-06-03;0;0;0;0;0;0;0;0;0;0
FR;6;2021-06-04;0;0;0;0;0;0;0;0;0;0
FR;6;2021-06-05;0;0;0;0;0;0;0;0;0;0
FR;6;2021-06-06;0;0;0;0;0;0;0;0;0;0
FR;6;2021-06-07;0;0;0;0;0;0;0;0;0;0
FR;6;2021-06-08;0;0;0;0;0;0;0;0;0;0
FR;6;2021-06-09;0;0;0;0;0;0;0;0;0;0
FR;6;2021-06-10;0;0;0;0;0;0;0;0;0;0
FR;6;2021-06-11;0;0;0;0;0;0;0;0;0;0
FR;6;2021-06-12;0;0;0;0;0;0;0;0;0;0
FR;6;2021-06-13;0;0;0;0;0;0;0;0;0;0
FR;6;2021-06-14;0;0;0;0;0;0;0;0;0;0
FR;6;2021-06-15;0;0;0;0;0;0;0;0;0;0
FR;6;2021-06-16;0;0;0;0;0;0;0;0;0;0
FR;6;2021-06-17;0;0;0;0;0;0;0;0;0;0
FR;6;2021-06-18;0;0;0;0;0;0;0;0;0;0
FR;6;2021-06-19;0;0;0;0;0;0;0;0;0;0
FR;6;2021-06-20;0;0;0;0;0;0;0;0;0;0
FR;6;2021-06-21;0;0;0;0;0;0;0;0;0;0
FR;6;2021-06-22;0;0;0;0;0;0;0;0;0;0
FR;6;2021-06-23;0;0;0;0;0;0;0;0;0;0
FR;6;2021-06-24;0;0;0;0;0;0;0;0;0;0
FR;6;2021-06-25;0;0;0;0;0;0;0;0;0;0
FR;6;2021-06-26;0;0;0;0;0;0;0;0;0;0
FR;6;2021-06-27;0;0;0;0;0;0;0;0;0;0
FR;6;2021-06-28;0;0;0;0;0;0;0;0;0;0
FR;6;2021-06-29;0;0;0;0;0;0;0;0;0;0
FR;6;2021-06-30;0;0;0;0;0;0;0;0;0;0
FR;6;2021-07-01;0;0;0;0;0;0;0;0;0;0
FR;6;2021-07-02;0;0;0;0;0;0;0;0;0;0
FR;6;2021-07-03;0;0;0;0;0;0;0;0;0;0
FR;6;2021-07-04;0;0;0;0;0;0;0;0;0;0
FR;6;2021-07-05;0;0;0;0;0;0;0;0;0;0
FR;6;2021-07-06;0;0;0;0;0;0;0;0;0;0
FR;6;2021-07-07;0;0;0;0;0;0;0;0;0;0
FR;6;2021-07-08;0;0;0;0;0;0;0;0;0;0
FR;6;2021-07-09;0;0;0;0;0;0;0;0;0;0
FR;6;2021-07-10;0;0;0;0;0;0;0;0;0;0
FR;6;2021-07-11;0;0;0;0;0;0;0;0;0;0
FR;6;2021-07-12;0;0;0;0;0;0;0;0;0;0
FR;6;2021-07-13;0;0;0;0;0;0;0;0;0;0
FR;6;2021-07-14;0;0;0;0;0;0;0;0;0;0
FR;6;2021-07-15;0;0;0;0;0;0;0;0;0;0
FR;6;2021-07-16;0;0;0;0;0;0;0;0;0;0
FR;6;2021-07-17;0;0;0;0;0;0;0;0;0;0
FR;6;2021-07-18;0;0;0;0;0;0;0;0;0;0
FR;6;2021-07-19;0;0;0;0;0;0;0;0;0;0
FR;6;2021-07-20;0;0;0;0;0;0;0;0;0;0
FR;6;2021-07-21;0;0;0;0;0;0;0;0;0;0
FR;6;2021-07-22;0;0;0;0;0;0;0;0;0;0
FR;6;2021-07-23;0;0;0;0;0;0;0;0;0;0
FR;6;2021-07-24;0;0;0;0;0;0;0;0;0;0
FR;6;2021-07-25;0;0;0;0;0;0;0;0;0;0
FR;6;2021-07-26;0;0;0;0;0;0;0;0;0;0
FR;6;2021-07-27;0;0;0;0;0;0;0;0;0;0
FR;6;2021-07-28;0;0;0;0;0;0;0;0;0;0
FR;6;2021-07-29;0;0;0;0;0;0;0;0;0;0
FR;6;2021-07-30;0;0;0;0;0;0;0;0;0;0
FR;6;2021-07-31;0;0;0;0;0;0;0;0;0;0
FR;6;2021-08-01;0;0;0;0;0;0;0;0;0;0
FR;6;2021-08-02;0;0;0;0;0;0;0;0;0;0
FR;6;2021-08-03;0;0;0;0;0;0;0;0;0;0
FR;6;2021-08-04;0;0;0;0;0;0;0;0;0;0
FR;6;2021-08-05;0;0;0;0;0;0;0;0;0;0
FR;6;2021-08-06;0;0;0;0;0;0;0;0;0;0
FR;6;2021-08-07;0;0;0;0;0;0;0;0;0;0
FR;6;2021-08-08;0;0;0;0;0;0;0;0;0;0
FR;6;2021-08-09;0;0;0;0;0;0;0;0;0;0
FR;6;2021-08-10;0;0;0;0;0;0;0;0;0;0
FR;6;2021-08-11;0;0;0;0;0;0;0;0;0;0
FR;6;2021-08-12;0;0;0;0;0;0;0;0;0;0
FR;6;2021-08-13;0;0;0;0;0;0;0;0;0;0
FR;6;2021-08-14;0;0;0;0;0;0;0;0;0;0
FR;6;2021-08-15;0;0;0;0;0;0;0;0;0;0
FR;6;2021-08-16;0;0;0;0;0;0;0;0;0;0
FR;6;2021-08-17;0;0;0;0;0;0;0;0;0;0
FR;6;2021-08-18;0;0;0;0;0;0;0;0;0;0
FR;6;2021-08-19;0;0;0;0;0;0;0;0;0;0
FR;6;2021-08-20;0;0;0;0;0;0;0;0;0;0
FR;6;2021-08-21;0;0;0;0;0;0;0;0;0;0
FR;6;2021-08-22;0;0;0;0;0;0;0;0;0;0
FR;6;2021-08-23;0;0;0;0;0;0;0;0;0;0
FR;6;2021-08-24;0;0;0;0;0;0;0;0;0;0
FR;6;2021-08-25;0;0;0;0;0;0;0;0;0;0
FR;6;2021-08-26;0;0;0;0;0;0;0;0;0;0
FR;6;2021-08-27;0;0;0;0;0;0;0;0;0;0
FR;6;2021-08-28;0;0;0;0;0;0;0;0;0;0
FR;6;2021-08-29;0;0;0;0;0;0;0;0;0;0
FR;6;2021-08-30;0;0;0;0;0;0;0;0;0;0
FR;6;2021-08-31;0;0;0;0;0;0;0;0;0;0
FR;6;2021-09-01;0;0;0;0;0;0;0;0;0;0
FR;6;2021-09-02;0;0;0;0;0;0;0;0;0;0
FR;6;2021-09-03;0;0;0;0;0;0;0;0;0;0
FR;6;2021-09-04;0;0;0;0;0;0;0;0;0;0
FR;6;2021-09-05;0;0;0;0;0;0;0;0;0;0
FR;6;2021-09-06;0;0;0;0;0;0;0;0;0;0
FR;6;2021-09-07;0;0;0;0;0;0;0;0;0;0
FR;6;2021-09-08;0;0;0;0;0;0;0;0;0;0
FR;6;2021-09-09;0;0;0;0;0;0;0;0;0;0
FR;6;2021-09-10;0;0;0;0;0;0;0;0;0;0
FR;6;2021-09-11;0;0;0;0;0;0;0;0;0;0
FR;6;2021-09-12;0;0;0;0;0;0;0;0;0;0
FR;6;2021-09-13;0;0;0;0;0;0;0;0;0;0
FR;6;2021-09-14;0;0;0;0;0;0;0;0;0;0
FR;6;2021-09-15;0;0;0;0;0;0;0;0;0;0
FR;6;2021-09-16;0;0;0;0;0;0;0;0;0;0
FR;6;2021-09-17;0;0;0;0;0;0;0;0;0;0
FR;6;2021-09-18;0;0;0;0;0;0;0;0;0;0
FR;6;2021-09-19;0;0;0;0;0;0;0;0;0;0
FR;6;2021-09-20;0;0;0;0;0;0;0;0;0;0
FR;6;2021-09-21;0;0;0;0;0;0;0;0;0;0
FR;6;2021-09-22;0;0;0;0;0;0;0;0;0;0
FR;6;2021-09-23;0;0;0;0;0;0;0;0;0;0
FR;6;2021-09-24;0;0;0;0;0;0;0;0;0;0
FR;6;2021-09-25;0;0;0;0;0;0;0;0;0;0
FR;6;2021-09-26;0;0;0;0;0;0;0;0;0;0
FR;6;2021-09-27;0;0;0;0;0;0;0;0;0;0
FR;6;2021-09-28;0;0;0;0;0;0;0;0;0;0
FR;6;2021-09-29;0;0;0;0;0;0;0;0;0;0
FR;6;2021-09-30;0;0;0;0;0;0;0;0;0;0
FR;6;2021-10-01;0;0;0;0;0;0;0;0;0;0
FR;6;2021-10-02;0;0;0;0;0;0;0;0;0;0
FR;6;2021-10-03;0;0;0;0;0;0;0;0;0;0
FR;6;2021-10-04;0;0;0;0;0;0;0;0;0;0
FR;6;2021-10-05;0;0;0;0;0;0;0;0;0;0
FR;6;2021-10-06;0;0;0;0;0;0;0;0;0;0
FR;6;2021-10-07;0;0;0;0;0;0;0;0;0;0
FR;6;2021-10-08;0;0;0;0;0;0;0;0;0;0
FR;6;2021-10-09;0;0;0;0;0;0;0;0;0;0
FR;6;2021-10-10;0;0;0;0;0;0;0;0;0;0
FR;6;2021-10-11;0;0;0;0;0;0;0;0;0;0
FR;6;2021-10-12;0;0;0;0;0;0;0;0;0;0
FR;6;2021-10-13;0;0;0;0;0;0;0;0;0;0
FR;6;2021-10-14;0;0;0;0;0;0;0;0;0;0
FR;6;2021-10-15;0;0;0;0;0;0;0;0;0;0
FR;6;2021-10-16;0;0;0;0;0;0;0;0;0;0
FR;6;2021-10-17;0;0;0;0;0;0;0;0;0;0
FR;6;2021-10-18;0;0;0;0;0;0;0;0;0;0
FR;6;2021-10-19;0;0;0;0;0;0;0;0;0;0
FR;6;2021-10-20;0;0;0;0;0;0;0;0;0;0
FR;6;2021-10-21;0;0;0;0;0;0;0;0;0;0
FR;6;2021-10-22;0;0;0;0;0;0;0;0;0;0
FR;6;2021-10-23;0;0;0;0;0;0;0;0;0;0
FR;6;2021-10-24;0;0;0;0;0;0;0;0;0;0
FR;6;2021-10-25;0;0;0;0;0;0;0;0;0;0
FR;6;2021-10-26;0;0;0;0;0;0;0;0;0;0
FR;6;2021-10-27;0;0;0;0;0;0;0;0;0;0
FR;6;2021-10-28;0;0;0;0;0;0;0;0;0;0
FR;6;2021-10-29;0;0;0;0;0;0;0;0;0;0
FR;6;2021-10-30;0;0;0;0;0;0;0;0;0;0
FR;6;2021-10-31;0;0;0;0;0;0;0;0;0;0
FR;6;2021-11-01;0;0;0;0;0;0;0;0;0;0
FR;6;2021-11-02;0;0;0;0;0;0;0;0;0;0
FR;6;2021-11-03;0;0;0;0;0;0;0;0;0;0
FR;6;2021-11-04;0;0;0;0;0;0;0;0;0;0
FR;6;2021-11-05;0;0;0;0;0;0;0;0;0;0
FR;6;2021-11-06;0;0;0;0;0;0;0;0;0;0
FR;6;2021-11-07;0;0;0;0;0;0;0;0;0;0
FR;6;2021-11-08;0;0;0;0;0;0;0;0;0;0
FR;6;2021-11-09;0;0;0;0;0;0;0;0;0;0
FR;6;2021-11-10;0;0;0;0;0;0;0;0;0;0
FR;6;2021-11-11;0;0;0;0;0;0;0;0;0;0
FR;6;2021-11-12;0;0;0;0;0;0;0;0;0;0
FR;6;2021-11-13;0;0;0;0;0;0;0;0;0;0
FR;6;2021-11-14;0;0;0;0;0;0;0;0;0;0
FR;6;2021-11-15;0;0;0;0;0;0;0;0;0;0
FR;6;2021-11-16;0;0;0;0;0;0;0;0;0;0
FR;6;2021-11-17;0;0;0;0;0;0;0;0;0;0
FR;6;2021-11-18;0;0;0;0;0;0;0;0;0;0
FR;6;2021-11-19;0;0;0;0;0;0;0;0;0;0
FR;6;2021-11-20;0;0;0;0;0;0;0;0;0;0
FR;6;2021-11-21;0;0;0;0;0;0;0;0;0;0
FR;6;2021-11-22;0;0;0;0;0;0;0;0;0;0
FR;6;2021-11-23;0;0;0;0;0;0;0;0;0;0
FR;6;2021-11-24;0;0;0;0;0;0;0;0;0;0
FR;6;2021-11-25;0;0;0;0;0;0;0;0;0;0
FR;6;2021-11-26;0;0;0;0;0;0;0;0;0;0
FR;6;2021-11-27;0;0;0;0;0;0;0;0;0;0
FR;6;2021-11-28;0;0;0;0;0;0;0;0;0;0
FR;6;2021-11-29;0;0;0;0;0;0;0;0;0;0
FR;6;2021-11-30;0;0;0;0;0;0;0;0;0;0
FR;6;2021-12-01;0;0;0;0;0;0;0;0;0;0
FR;6;2021-12-02;0;0;0;0;0;0;0;0;0;0
FR;6;2021-12-03;0;0;0;0;0;0;0;0;0;0
FR;6;2021-12-04;0;0;0;0;0;0;0;0;0;0
FR;6;2021-12-05;0;0;0;0;0;0;0;0;0;0
FR;6;2021-12-06;0;0;0;0;0;0;0;0;0;0
FR;6;2021-12-07;0;0;0;0;0;0;0;0;0;0
FR;6;2021-12-08;0;0;0;0;0;0;0;0;0;0
FR;6;2021-12-09;0;0;0;0;0;0;0;0;0;0
FR;6;2021-12-10;0;0;0;0;0;0;0;0;0;0
FR;6;2021-12-11;0;0;0;0;0;0;0;0;0;0
FR;6;2021-12-12;0;0;0;0;0;0;0;0;0;0
FR;6;2021-12-13;0;0;0;0;0;0;0;0;0;0
FR;6;2021-12-14;0;0;0;0;0;0;0;0;0;0
FR;6;2021-12-15;0;0;0;0;0;0;0;0;0;0
FR;6;2021-12-16;0;0;0;0;0;0;0;0;0;0
FR;6;2021-12-17;0;0;0;0;0;0;0;0;0;0
FR;6;2021-12-18;0;0;0;0;0;0;0;0;0;0
FR;6;2021-12-19;0;0;0;0;0;0;0;0;0;0
FR;6;2021-12-20;0;0;0;0;0;0;0;0;0;0
FR;6;2021-12-21;0;0;0;0;0;0;0;0;0;0
FR;6;2021-12-22;0;0;0;0;0;0;0;0;0;0
FR;6;2021-12-23;0;0;0;0;0;0;0;0;0;0
FR;6;2021-12-24;0;0;0;0;0;0;0;0;0;0
FR;6;2021-12-25;0;0;0;0;0;0;0;0;0;0
FR;6;2021-12-26;0;0;0;0;0;0;0;0;0;0
FR;6;2021-12-27;0;0;0;0;0;0;0;0;0;0
FR;6;2021-12-28;0;0;0;0;0;0;0;0;0;0
FR;6;2021-12-29;0;0;0;0;0;0;0;0;0;0
FR;6;2021-12-30;0;0;0;0;0;0;0;0;0;0
FR;6;2021-12-31;0;0;0;0;0;0;0;0;0;0
FR;6;2022-01-01;0;0;0;0;0;0;0;0;0;0
FR;6;2022-01-02;0;0;0;0;0;0;0;0;0;0
FR;6;2022-01-03;0;0;0;0;0;0;0;0;0;0
FR;6;2022-01-04;0;0;0;0;0;0;0;0;0;0
FR;6;2022-01-05;0;0;0;0;0;0;0;0;0;0
FR;6;2022-01-06;0;0;0;0;0;0;0;0;0;0
FR;6;2022-01-07;0;0;0;0;0;0;0;0;0;0
FR;6;2022-01-08;0;0;0;0;0;0;0;0;0;0
FR;6;2022-01-09;0;0;0;0;0;0;0;0;0;0
FR;6;2022-01-10;0;0;0;0;0;0;0;0;0;0
FR;6;2022-01-11;0;0;0;0;0;0;0;0;0;0
FR;6;2022-01-12;0;0;0;0;0;0;0;0;0;0
FR;6;2022-01-13;0;0;0;0;0;0;0;0;0;0
FR;6;2022-01-14;0;0;0;0;0;0;0;0;0;0
FR;6;2022-01-15;0;0;0;0;0;0;0;0;0;0
FR;6;2022-01-16;0;0;0;0;0;0;0;0;0;0
FR;6;2022-01-17;0;0;0;0;0;0;0;0;0;0
FR;6;2022-01-18;0;0;0;0;0;0;0;0;0;0
FR;6;2022-01-19;0;0;0;0;0;0;0;0;0;0
FR;6;2022-01-20;0;0;0;0;0;0;0;0;0;0
FR;6;2022-01-21;0;0;0;0;0;0;0;0;0;0
FR;6;2022-01-22;0;0;0;0;0;0;0;0;0;0
FR;6;2022-01-23;0;0;0;0;0;0;0;0;0;0
FR;6;2022-01-24;0;0;0;0;0;0;0;0;0;0
FR;6;2022-01-25;0;0;0;0;0;0;0;0;0;0
FR;6;2022-01-26;0;0;0;0;0;0;0;0;0;0
FR;6;2022-01-27;0;0;0;0;0;0;0;0;0;0
FR;6;2022-01-28;0;0;0;0;0;0;0;0;0;0
FR;6;2022-01-29;0;0;0;0;0;0;0;0;0;0
FR;6;2022-01-30;0;0;0;0;0;0;0;0;0;0
FR;6;2022-01-31;0;0;0;0;0;0;0;0;0;0
FR;6;2022-02-01;0;0;0;0;0;0;0;0;0;0
FR;6;2022-02-02;0;0;0;0;0;0;0;0;0;0
FR;6;2022-02-03;0;0;0;0;0;0;0;0;0;0
FR;6;2022-02-04;0;0;0;0;0;0;0;0;0;0
FR;6;2022-02-05;0;0;0;0;0;0;0;0;0;0
FR;6;2022-02-06;0;0;0;0;0;0;0;0;0;0
FR;6;2022-02-07;0;0;0;0;0;0;0;0;0;0
FR;6;2022-02-08;0;0;0;0;0;0;0;0;0;0
FR;6;2022-02-09;0;0;0;0;0;0;0;0;0;0
FR;6;2022-02-10;0;0;0;0;0;0;0;0;0;0
FR;6;2022-02-11;0;0;0;0;0;0;0;0;0;0
FR;6;2022-02-12;0;0;0;0;0;0;0;0;0;0
FR;6;2022-02-13;0;0;0;0;0;0;0;0;0;0
FR;6;2022-02-14;0;0;0;0;0;0;0;0;0;0
FR;6;2022-02-15;0;0;0;0;0;0;0;0;0;0
FR;6;2022-02-16;0;0;0;0;0;0;0;0;0;0
FR;6;2022-02-17;0;0;0;0;0;0;0;0;0;0
FR;6;2022-02-18;0;0;0;0;0;0;0;0;0;0
FR;6;2022-02-19;0;0;0;0;0;0;0;0;0;0
FR;6;2022-02-20;0;0;0;0;0;0;0;0;0;0
FR;6;2022-02-21;0;0;0;0;0;0;0;0;0;0
FR;6;2022-02-22;0;0;0;0;0;0;0;0;0;0
FR;6;2022-02-23;0;0;0;0;0;0;0;0;0;0
FR;6;2022-02-24;0;0;0;0;0;0;0;0;0;0
FR;6;2022-02-25;0;0;0;0;0;0;0;0;0;0
FR;6;2022-02-26;1;0;0;0;0;1;0;0;0;0
FR;6;2022-02-27;0;0;0;0;0;1;0;0;0;0
FR;6;2022-02-28;0;0;0;0;0;1;0;0;0;0
FR;6;2022-03-01;3;0;0;0;0;4;0;0;0;0
FR;6;2022-03-02;97;9;2;0;7;101;9;2;0;7
FR;6;2022-03-03;0;0;0;0;0;101;9;2;0;7
FR;6;2022-03-04;91;4;0;0;4;192;13;2;0;11
FR;6;2022-03-05;391;23;2;0;14;583;36;4;0;25
FR;6;2022-03-06;7;1;0;0;0;590;37;4;0;25
FR;6;2022-03-07;337;19;0;0;13;927;56;4;0;38
FR;6;2022-03-08;230;14;0;0;5;1157;70;4;0;43
FR;6;2022-03-09;519;29;2;0;21;1676;99;6;0;64
FR;6;2022-03-10;206;19;0;1;12;1882;118;6;1;76
FR;6;2022-03-11;328;21;6;0;21;2210;139;12;1;97
FR;6;2022-03-12;518;25;1;0;20;2728;164;13;1;117
FR;6;2022-03-13;40;2;0;0;1;2768;166;13;1;118
FR;6;2022-03-14;201;4;2;0;3;2969;170;15;1;121
FR;6;2022-03-15;112;11;2;0;9;3081;181;17;1;130
FR;6;2022-03-16;310;17;1;1;14;3391;198;18;2;144
FR;6;2022-03-17;117;6;1;2;4;3508;204;19;4;148
FR;6;2022-03-18;215;10;0;0;6;3723;214;19;4;154
FR;6;2022-03-19;307;19;2;0;9;4030;233;21;4;163
FR;6;2022-03-20;15;5;0;0;1;4045;238;21;4;164
FR;6;2022-03-21;132;23;1;0;4;4177;261;22;4;168
FR;6;2022-03-22;97;15;0;0;4;4274;276;22;4;172
FR;6;2022-03-23;226;108;3;0;14;4500;384;25;4;186
FR;6;2022-03-24;100;15;1;3;4;4600;399;26;7;190
FR;6;2022-03-25;203;141;2;1;15;4803;540;28;8;205
FR;6;2022-03-26;331;295;7;1;19;5134;835;35;9;224
FR;6;2022-03-27;32;30;1;0;1;5166;865;36;9;225
FR;6;2022-03-28;200;208;8;1;17;5366;1073;44;10;242
FR;6;2022-03-29;124;189;12;2;12;5490;1262;56;12;254
FR;6;2022-03-30;305;476;10;2;22;5795;1738;66;14;276
FR;6;2022-03-31;123;140;10;0;14;5918;1878;76;14;290
FR;6;2022-04-01;195;150;11;2;23;6113;2028;87;16;313
FR;6;2022-04-02;206;241;9;1;13;6319;2269;96;17;326
FR;6;2022-04-03;17;21;0;0;1;6336;2290;96;17;327
FR;6;2022-04-04;137;114;6;1;9;6473;2404;102;18;336
FR;6;2022-04-05;146;88;15;1;11;6619;2492;117;19;347
FR;6;2022-04-06;204;245;22;26;27;6823;2737;139;45;374
FR;6;2022-04-07;127;96;15;9;17;6950;2833;154;54;391
FR;6;2022-04-08;199;170;16;3;17;7149;3003;170;57;408
FR;6;2022-04-09;145;139;6;12;13;7294;3142;176;69;421
FR;6;2022-04-10;10;20;3;0;1;7304;3162;179;69;422
FR;6;2022-04-11;101;106;4;0;5;7405;3268;183;69;427
FR;6;2022-04-12;136;75;5;8;10;7541;3343;188;77;437
FR;6;2022-04-13;162;175;7;5;13;7703;3518;195;82;450
FR;6;2022-04-14;100;103;5;10;8;7803;3621;200;92;458
FR;6;2022-04-15;158;148;11;7;19;7961;3769;211;99;477
FR;6;2022-04-16;127;132;5;0;14;8088;3901;216;99;491
FR;6;2022-04-17;8;9;4;0;4;8096;3910;220;99;495
FR;6;2022-04-18;8;15;3;0;4;8104;3925;223;99;499
FR;6;2022-04-19;97;112;4;3;3;8201;4037;227;102;502
FR;6;2022-04-20;178;227;8;7;15;8379;4264;235;109;517
FR;6;2022-04-21;111;93;8;4;11;8490;4357;243;113;528
FR;6;2022-04-22;138;160;13;12;13;8628;4517;256;125;541
FR;6;2022-04-23;106;129;1;1;7;8734;4646;257;126;548
FR;6;2022-04-24;5;21;1;0;0;8739;4667;258;126;548
FR;6;2022-04-25;91;128;3;8;11;8830;4795;261;134;559
FR;6;2022-04-26;101;128;18;2;16;8931;4923;279;136;575
FR;6;2022-04-27;197;159;21;1;27;9128;5082;300;137;602
FR;6;2022-04-28;109;87;7;1;8;9237;5169;307;138;610
FR;6;2022-04-29;191;169;16;2;20;9428;5338;323;140;630
FR;6;2022-04-30;133;125;7;1;24;9561;5463;330;141;654
FR;6;2022-05-01;7;6;0;0;0;9568;5469;330;141;654
FR;6;2022-05-02;94;66;3;4;3;9662;5535;333;145;657
FR;6;2022-05-03;136;93;11;2;7;9798;5628;344;147;664
FR;6;2022-05-04;167;118;25;12;29;9965;5746;369;159;693
FR;6;2022-05-05;101;70;8;3;12;10066;5816;377;162;705
FR;6;2022-05-06;152;110;10;9;16;10218;5926;387;171;721
FR;6;2022-05-07;139;93;13;3;23;10357;6019;400;174;744
FR;6;2022-05-08;20;8;6;5;7;10377;6027;406;179;751
FR;6;2022-05-09;86;78;9;7;13;10463;6105;415;186;764
FR;6;2022-05-10;111;80;15;7;12;10574;6185;430;193;776
FR;6;2022-05-11;130;124;11;14;20;10704;6309;441;207;796
FR;6;2022-05-12;105;76;7;5;15;10809;6385;448;212;811
FR;6;2022-05-13;154;97;17;21;22;10963;6482;465;233;833
FR;6;2022-05-14;81;60;6;7;15;11044;6542;471;240;848
FR;6;2022-05-15;12;7;0;0;0;11056;6549;471;240;848
FR;6;2022-05-16;64;54;6;2;12;11120;6603;477;242;860
FR;6;2022-05-17;123;77;5;7;11;11243;6680;482;249;871
FR;6;2022-05-18;131;116;5;1;13;11374;6796;487;250;884
FR;6;2022-05-19;124;57;6;8;9;11498;6853;493;258;893
FR;6;2022-05-20;125;115;13;3;18;11623;6968;506;261;911
FR;6;2022-05-21;92;69;14;3;12;11715;7037;520;264;923
FR;6;2022-05-22;19;12;5;0;4;11734;7049;525;264;927
FR;6;2022-05-23;77;72;4;2;7;11811;7121;529;266;934
FR;6;2022-05-24;116;98;8;2;16;11927;7219;537;268;950
FR;6;2022-05-25;139;129;6;3;11;12066;7348;543;271;961
FR;6;2022-05-26;7;9;3;0;9;12073;7357;546;271;970
FR;6;2022-05-27;127;105;15;11;18;12200;7462;561;282;988
FR;6;2022-05-28;53;75;1;5;8;12253;7537;562;287;996
FR;6;2022-05-29;8;10;0;0;1;12261;7547;562;287;997
FR;6;2022-05-30;70;70;7;4;4;12331;7617;569;291;1001
FR;6;2022-05-31;87;102;10;2;14;12418;7719;579;293;1015
FR;6;2022-06-01;97;89;10;1;11;12515;7808;589;294;1026
FR;6;2022-06-02;91;60;6;3;9;12606;7868;595;297;1035
FR;6;2022-06-03;126;102;13;7;21;12732;7970;608;304;1056
FR;6;2022-06-04;63;51;10;0;12;12795;8021;618;304;1068
FR;6;2022-06-05;16;15;2;1;4;12811;8036;620;305;1072
FR;6;2022-06-06;9;6;0;0;0;12820;8042;620;305;1072
FR;6;2022-06-07;79;90;3;4;8;12899;8132;623;309;1080
FR;6;2022-06-08;92;110;13;5;20;12991;8242;636;314;1100
FR;6;2022-06-09;75;81;15;3;15;13066;8323;651;317;1115
FR;6;2022-06-10;116;93;26;10;22;13182;8416;677;327;1137
FR;6;2022-06-11;83;62;6;10;12;13265;8478;683;337;1149
FR;6;2022-06-12;6;14;1;0;2;13271;8492;684;337;1151
FR;6;2022-06-13;74;59;18;1;7;13345;8551;702;338;1158
FR;6;2022-06-14;98;100;8;5;16;13443;8651;710;343;1174
FR;6;2022-06-15;80;85;7;8;15;13523;8736;717;351;1189
FR;6;2022-06-16;53;40;11;7;14;13576;8776;728;358;1203
FR;6;2022-06-17;85;85;3;13;11;13661;8861;731;371;1214
FR;6;2022-06-18;71;61;13;0;21;13732;8922;744;371;1235
FR;6;2022-06-19;6;6;3;0;4;13738;8928;747;371;1239
FR;6;2022-06-20;42;41;4;1;6;13780;8969;751;372;1245
FR;6;2022-06-21;59;73;10;7;17;13839;9042;761;379;1262
FR;6;2022-06-22;86;85;8;2;17;13925;9127;769;381;1279
FR;6;2022-06-23;64;39;13;7;15;13989;9166;782;388;1294
FR;6;2022-06-24;77;85;7;14;20;14066;9251;789;402;1314
FR;6;2022-06-25;67;61;4;3;8;14133;9312;793;405;1322
FR;6;2022-06-26;6;7;1;0;1;14139;9319;794;405;1323
FR;6;2022-06-27;53;50;4;9;12;14192;9369;798;414;1335
FR;6;2022-06-28;68;47;6;3;15;14260;9416;804;417;1350
FR;6;2022-06-29;98;117;26;37;19;14358;9533;830;454;1369
FR;6;2022-06-30;84;59;33;10;12;14442;9592;863;464;1381
FR;6;2022-07-01;115;94;25;33;18;14557;9686;888;497;1399
FR;6;2022-07-02;58;67;26;2;37;14615;9753;914;499;1436
FR;6;2022-07-03;11;4;4;3;4;14626;9757;918;502;1440
FR;6;2022-07-04;61;43;3;23;13;14687;9800;921;525;1453
FR;6;2022-07-05;65;53;19;67;27;14752;9853;940;592;1480
FR;6;2022-07-06;94;64;7;11;12;14846;9917;947;603;1492
FR;6;2022-07-07;97;79;42;37;14;14943;9996;989;640;1506
FR;6;2022-07-08;139;87;42;27;10;15082;10083;1031;667;1516
FR;6;2022-07-09;53;50;16;29;26;15135;10133;1047;696;1542
FR;6;2022-07-10;3;7;8;0;9;15138;10140;1055;696;1551
FR;6;2022-07-11;54;44;5;4;12;15192;10184;1060;700;1563
FR;6;2022-07-12;70;72;12;22;12;15262;10256;1072;722;1575
FR;6;2022-07-13;84;65;14;21;25;15346;10321;1086;743;1600
FR;6;2022-07-14;4;3;1;0;1;15350;10324;1087;743;1601
FR;6;2022-07-15;74;59;9;57;16;15424;10383;1096;800;1617
FR;6;2022-07-16;27;31;17;0;17;15451;10414;1113;800;1634
FR;6;2022-07-17;3;7;0;0;0;15454;10421;1113;800;1634
FR;6;2022-07-18;37;62;11;14;15;15491;10483;1124;814;1649
FR;6;2022-07-19;54;48;4;19;6;15545;10531;1128;833;1655
FR;6;2022-07-20;53;70;7;22;11;15598;10601;1135;855;1666
FR;6;2022-07-21;50;60;4;7;11;15648;10661;1139;862;1677
FR;6;2022-07-22;55;73;7;26;8;15703;10734;1146;888;1685
FR;6;2022-07-23;38;40;6;10;6;15741;10774;1152;898;1691
FR;6;2022-07-24;11;14;1;3;3;15752;10788;1153;901;1694
FR;6;2022-07-25;60;44;8;12;9;15812;10832;1161;913;1703
FR;6;2022-07-26;47;64;14;6;10;15859;10896;1175;919;1713
FR;6;2022-07-27;54;78;15;11;17;15913;10974;1190;930;1730
FR;6;2022-07-28;30;48;4;6;8;15943;11022;1194;936;1738
FR;6;2022-07-29;43;71;10;38;24;15986;11093;1204;974;1762
FR;6;2022-07-30;26;47;4;15;7;16012;11140;1208;989;1769
FR;6;2022-07-31;0;1;1;0;0;16012;11141;1209;989;1769
FR;6;2022-08-01;39;36;14;8;10;16051;11177;1223;997;1779
FR;6;2022-08-02;37;46;10;14;6;16088;11223;1233;1011;1785
FR;6;2022-08-03;29;52;7;16;11;16117;11275;1240;1027;1796
FR;6;2022-08-04;25;21;4;9;6;16142;11296;1244;1036;1802
FR;6;2022-08-05;43;45;1;7;5;16185;11341;1245;1043;1807
FR;6;2022-08-06;17;27;1;3;2;16202;11368;1246;1046;1809
FR;6;2022-08-07;1;2;0;0;0;16203;11370;1246;1046;1809
FR;6;2022-08-08;24;33;1;0;1;16227;11403;1247;1046;1810
FR;6;2022-08-09;22;30;6;3;3;16249;11433;1253;1049;1813
FR;6;2022-08-10;29;37;5;9;6;16278;11470;1258;1058;1819
FR;6;2022-08-11;33;33;1;1;1;16311;11503;1259;1059;1820
FR;6;2022-08-12;50;44;6;2;15;16361;11547;1265;1061;1835
FR;6;2022-08-13;9;20;0;0;1;16370;11567;1265;1061;1836
FR;6;2022-08-14;3;1;0;0;0;16373;11568;1265;1061;1836
FR;6;2022-08-15;2;3;1;0;0;16375;11571;1266;1061;1836
FR;6;2022-08-16;35;66;21;7;7;16410;11637;1287;1068;1843
FR;6;2022-08-17;32;44;10;9;10;16442;11681;1297;1077;1853
FR;6;2022-08-18;29;55;14;4;4;16471;11736;1311;1081;1857
FR;6;2022-08-19;30;44;5;4;3;16501;11780;1316;1085;1860
FR;6;2022-08-20;26;28;3;0;8;16527;11808;1319;1085;1868
FR;6;2022-08-21;1;5;2;0;0;16528;11813;1321;1085;1868
FR;6;2022-08-22;19;42;15;1;0;16547;11855;1336;1086;1868
FR;6;2022-08-23;34;45;6;7;6;16581;11900;1342;1093;1874
FR;6;2022-08-24;34;29;6;3;6;16615;11929;1348;1096;1880
FR;6;2022-08-25;25;27;1;1;5;16640;11956;1349;1097;1885
FR;6;2022-08-26;39;44;3;4;7;16679;12000;1352;1101;1892
FR;6;2022-08-27;19;20;6;3;7;16698;12020;1358;1104;1899
FR;6;2022-08-28;5;3;0;0;0;16703;12023;1358;1104;1899
FR;6;2022-08-29;25;22;2;6;3;16728;12045;1360;1110;1902
FR;6;2022-08-30;27;32;3;11;6;16755;12077;1363;1121;1908
FR;6;2022-08-31;33;36;1;11;3;16788;12113;1364;1132;1911
FR;6;2022-09-01;15;11;5;1;4;16803;12124;1369;1133;1915
FR;0;2020-12-27;609;0;0;0;0;609;0;0;0;0
FR;0;2020-12-28;683;1;0;0;0;1292;1;0;0;0
FR;0;2020-12-29;384;0;0;0;0;1676;1;0;0;0
FR;0;2020-12-30;443;0;0;0;0;2119;1;0;0;0
FR;0;2020-12-31;440;1;0;0;0;2559;2;0;0;0
FR;0;2021-01-01;1156;2;0;0;0;3715;4;0;0;0
FR;0;2021-01-02;362;3;0;0;0;4077;7;0;0;0
FR;0;2021-01-03;404;0;0;0;0;4481;7;0;0;0
FR;0;2021-01-04;2109;4;0;0;0;6590;11;0;0;0
FR;0;2021-01-05;7751;3;0;0;0;14341;14;0;0;0
FR;0;2021-01-06;12454;16;0;0;0;26795;30;0;0;0
FR;0;2021-01-07;29461;17;0;0;0;56256;47;0;0;0
FR;0;2021-01-08;37142;17;0;0;0;93398;64;0;0;0
FR;0;2021-01-09;11212;7;0;0;0;104610;71;0;0;0
FR;0;2021-01-10;6006;7;0;0;0;110616;78;0;0;0
FR;0;2021-01-11;39934;22;0;0;0;150550;100;0;0;0
FR;0;2021-01-12;62142;19;0;0;0;212692;119;0;0;0
FR;0;2021-01-13;65119;42;0;0;0;277811;161;0;0;0
FR;0;2021-01-14;83115;149;0;0;0;360926;310;0;0;0
FR;0;2021-01-15;69009;62;0;0;0;429935;372;0;0;0
FR;0;2021-01-16;20217;72;0;0;0;450152;444;0;0;0
FR;0;2021-01-17;10986;51;0;0;0;461138;495;0;0;0
FR;0;2021-01-18;85902;169;0;0;0;547040;664;0;0;0
FR;0;2021-01-19;130599;189;0;0;0;677639;853;0;0;0
FR;0;2021-01-20;137547;188;0;0;0;815186;1041;0;0;0
FR;0;2021-01-21;158401;183;0;0;0;973587;1224;0;0;0
FR;0;2021-01-22;121063;233;0;0;0;1094650;1457;0;0;0
FR;0;2021-01-23;38480;69;0;0;0;1133130;1526;0;0;0
FR;0;2021-01-24;9745;99;0;0;0;1142875;1625;0;0;0
FR;0;2021-01-25;78237;1338;0;0;0;1221112;2963;0;0;0
FR;0;2021-01-26;100377;3495;1;0;0;1321489;6458;1;0;0
FR;0;2021-01-27;107244;6116;0;0;0;1428733;12574;1;0;0
FR;0;2021-01-28;124355;15575;0;0;0;1553088;28149;1;0;0
FR;0;2021-01-29;92184;18176;0;0;0;1645272;46325;1;0;0
FR;0;2021-01-30;29121;4403;0;0;0;1674393;50728;1;0;0
FR;0;2021-01-31;5234;1815;0;0;0;1679627;52543;1;0;0
FR;0;2021-02-01;53129;22051;0;0;0;1732756;74594;1;0;0
FR;0;2021-02-02;72309;36818;0;0;0;1805065;111412;1;0;0
FR;0;2021-02-03;72305;38974;0;0;0;1877370;150386;1;0;0
FR;0;2021-02-04;82076;53185;0;0;0;1959446;203571;1;0;0
FR;0;2021-02-05;68232;46800;0;0;0;2027678;250371;1;0;0
FR;0;2021-02-06;23035;11081;0;0;0;2050713;261452;1;0;0
FR;0;2021-02-07;5189;5596;0;0;0;2055902;267048;1;0;0
FR;0;2021-02-08;46839;47716;0;0;0;2102741;314764;1;0;0
FR;0;2021-02-09;66006;76183;0;0;0;2168747;390947;1;0;0
FR;0;2021-02-10;71017;80915;0;0;0;2239764;471862;1;0;0
FR;0;2021-02-11;87280;103368;0;0;0;2327044;575230;1;0;0
FR;0;2021-02-12;79321;75411;0;0;0;2406365;650641;1;0;0
FR;0;2021-02-13;22380;19577;0;0;0;2428745;670218;1;0;0
FR;0;2021-02-14;5076;7356;0;0;0;2433821;677574;1;0;0
FR;0;2021-02-15;38096;76740;0;0;0;2471917;754314;1;0;0
FR;0;2021-02-16;50398;100537;0;0;0;2522315;854851;1;0;0
FR;0;2021-02-17;50534;105724;20;0;0;2572849;960575;21;0;0
FR;0;2021-02-18;69787;122031;0;0;0;2642636;1082606;21;0;0
FR;0;2021-02-19;65068;91661;1;0;0;2707704;1174267;22;0;0
FR;0;2021-02-20;18588;28685;0;0;0;2726292;1202952;22;0;0
FR;0;2021-02-21;3320;6193;0;0;0;2729612;1209145;22;0;0
FR;0;2021-02-22;37496;73348;2;0;0;2767108;1282493;24;0;0
FR;0;2021-02-23;53780;85045;1;0;0;2820888;1367538;25;0;0
FR;0;2021-02-24;60018;82381;1;0;0;2880906;1449919;26;0;0
FR;0;2021-02-25;100579;91445;1;0;0;2981485;1541364;27;0;0
FR;0;2021-02-26;113468;70775;1;0;0;3094953;1612139;28;0;0
FR;0;2021-02-27;52103;22315;1;0;0;3147056;1634454;29;0;0
FR;0;2021-02-28;6198;4204;2;0;0;3153254;1638658;31;0;0
FR;0;2021-03-01;65891;53765;1;0;0;3219145;1692423;32;0;0
FR;0;2021-03-02;101378;67007;3;0;0;3320523;1759430;35;0;0
FR;0;2021-03-03;116522;65440;0;0;0;3437045;1824870;35;0;0
FR;0;2021-03-04;163628;71511;3;0;0;3600673;1896381;38;0;0
FR;0;2021-03-05;200930;62878;3;0;0;3801603;1959259;41;0;0
FR;0;2021-03-06;207958;17622;3;0;0;4009561;1976881;44;0;0
FR;0;2021-03-07;121276;4549;1;0;0;4130837;1981430;45;0;0
FR;0;2021-03-08;107148;49980;2;0;0;4237985;2031410;47;0;0
FR;0;2021-03-09;172453;56329;2;0;0;4410438;2087739;49;0;0
FR;0;2021-03-10;178996;57196;5;0;0;4589434;2144935;54;0;0
FR;0;2021-03-11;242898;63918;2;0;0;4832332;2208853;56;0;0
FR;0;2021-03-12;294820;53452;1;0;0;5127152;2262305;57;0;0
FR;0;2021-03-13;231408;15275;1;0;0;5358560;2277580;58;0;0
FR;0;2021-03-14;63352;3181;1;0;0;5421912;2280761;59;0;0
FR;0;2021-03-15;158661;31914;3;0;0;5580573;2312675;62;0;0
FR;0;2021-03-16;141566;39046;6;0;0;5722139;2351721;68;0;0
FR;0;2021-03-17;150488;37866;4;0;0;5872627;2389587;72;0;0
FR;0;2021-03-18;167838;44461;5;0;0;6040465;2434048;77;0;0
FR;0;2021-03-19;230008;36983;2;0;0;6270473;2471031;79;0;0
FR;0;2021-03-20;166683;11491;1;0;0;6437156;2482522;80;0;0
FR;0;2021-03-21;49942;2297;1;0;0;6487098;2484819;81;0;0
FR;0;2021-03-22;170048;33861;2;0;0;6657146;2518680;83;0;0
FR;0;2021-03-23;250386;42371;1;0;0;6907532;2561051;84;0;0
FR;0;2021-03-24;256905;43626;0;0;0;7164437;2604677;84;0;0
FR;0;2021-03-25;341809;45016;5;0;0;7506246;2649693;89;0;0
FR;0;2021-03-26;358802;41880;5;1;0;7865048;2691573;94;1;0
FR;0;2021-03-27;195259;16861;1;0;0;8060307;2708434;95;1;0
FR;0;2021-03-28;59341;4369;3;0;0;8119648;2712803;98;1;0
FR;0;2021-03-29;202977;53681;4;0;0;8322625;2766484;102;1;0
FR;0;2021-03-30;285476;69911;5;0;0;8608101;2836395;107;1;0
FR;0;2021-03-31;263037;73653;4;0;0;8871138;2910048;111;1;0
FR;0;2021-04-01;315488;91263;11;0;0;9186626;3001311;122;1;0
FR;0;2021-04-02;281340;93925;7;0;0;9467966;3095236;129;1;0
FR;0;2021-04-03;141075;62264;6;0;0;9609041;3157500;135;1;0
FR;0;2021-04-04;46529;18909;2;0;0;9655570;3176409;137;1;0
FR;0;2021-04-05;63340;10635;11;0;0;9718910;3187044;148;1;0
FR;0;2021-04-06;217216;111295;17;0;0;9936126;3298339;165;1;0
FR;0;2021-04-07;260253;115317;17;0;0;10196379;3413656;182;1;0
FR;0;2021-04-08;337835;122409;14;0;0;10534214;3536065;196;1;0
FR;0;2021-04-09;410154;116700;49;0;0;10944368;3652765;245;1;0
FR;0;2021-04-10;212620;82747;15;0;0;11156988;3735512;260;1;0
FR;0;2021-04-11;56143;34288;7;0;0;11213131;3769800;267;1;0
FR;0;2021-04-12;237069;115609;46;0;0;11450200;3885409;313;1;0
FR;0;2021-04-13;309486;144346;98;1;0;11759686;4029755;411;2;0
FR;0;2021-04-14;294523;139489;214;0;0;12054209;4169244;625;2;0
FR;0;2021-04-15;337103;149541;338;0;0;12391312;4318785;963;2;0
FR;0;2021-04-16;339283;146380;353;0;0;12730595;4465165;1316;2;0
FR;0;2021-04-17;188656;89974;109;0;0;12919251;4555139;1425;2;0
FR;0;2021-04-18;51619;35397;47;0;0;12970870;4590536;1472;2;0
FR;0;2021-04-19;205695;138178;456;0;0;13176565;4728714;1928;2;0
FR;0;2021-04-20;254419;171371;569;0;0;13430984;4900085;2497;2;0
FR;0;2021-04-21;253265;169494;835;0;0;13684249;5069579;3332;2;0
FR;0;2021-04-22;287562;189504;818;0;0;13971811;5259083;4150;2;0
FR;0;2021-04-23;297815;183907;747;0;0;14269626;5442990;4897;2;0
FR;0;2021-04-24;190446;111756;252;0;0;14460072;5554746;5149;2;0
FR;0;2021-04-25;69560;38798;51;0;0;14529632;5593544;5200;2;0
FR;0;2021-04-26;220955;157390;563;0;0;14750587;5750934;5763;2;0
FR;0;2021-04-27;284605;187625;940;0;0;15035192;5938559;6703;2;0
FR;0;2021-04-28;299503;183896;1426;1;1;15334695;6122455;8129;3;1
FR;0;2021-04-29;357127;197317;1277;0;0;15691822;6319772;9406;3;1
FR;0;2021-04-30;372212;185390;1121;1;0;16064034;6505162;10527;4;1
FR;0;2021-05-01;167641;52506;179;0;0;16231675;6557668;10706;4;1
FR;0;2021-05-02;91742;37791;83;0;0;16323417;6595459;10789;4;1
FR;0;2021-05-03;288915;167128;843;0;0;16612332;6762587;11632;4;1
FR;0;2021-05-04;315664;224956;1232;0;0;16927996;6987543;12864;4;1
FR;0;2021-05-05;327191;225628;1315;0;0;17255187;7213171;14179;4;1
FR;0;2021-05-06;379512;240246;1632;0;0;17634699;7453417;15811;4;1
FR;0;2021-05-07;372745;257940;1222;0;0;18007444;7711357;17033;4;1
FR;0;2021-05-08;222162;69533;299;0;0;18229606;7780890;17332;4;1
FR;0;2021-05-09;129701;45517;243;0;0;18359307;7826407;17575;4;1
FR;0;2021-05-10;313382;229176;1236;0;0;18672689;8055583;18811;4;1
FR;0;2021-05-11;403896;258014;1566;0;0;19076585;8313597;20377;4;1
FR;0;2021-05-12;434111;233434;1542;0;0;19510696;8547031;21919;4;1
FR;0;2021-05-13;338600;56678;432;0;0;19849296;8603709;22351;4;1
FR;0;2021-05-14;454127;167379;1126;0;0;20303423;8771088;23477;4;1
FR;0;2021-05-15;374972;94204;443;0;0;20678395;8865292;23920;4;1
FR;0;2021-05-16;202752;20705;168;0;0;20881147;8885997;24088;4;1
FR;0;2021-05-17;376112;148768;1553;0;0;21257259;9034765;25641;4;1
FR;0;2021-05-18;460135;153608;1989;0;0;21717394;9188373;27630;4;1
FR;0;2021-05-19;467395;143698;2462;0;0;22184789;9332071;30092;4;1
FR;0;2021-05-20;507522;160316;2338;0;0;22692311;9492387;32430;4;1
FR;0;2021-05-21;489665;174821;1995;0;0;23181976;9667208;34425;4;1
FR;0;2021-05-22;347189;80028;668;0;0;23529165;9747236;35093;4;1
FR;0;2021-05-23;161690;14274;246;0;0;23690855;9761510;35339;4;1
FR;0;2021-05-24;263191;33158;604;0;0;23954046;9794668;35943;4;1
FR;0;2021-05-25;400268;189933;2351;1;0;24354314;9984601;38294;5;1
FR;0;2021-05-26;413454;189739;2223;0;0;24767768;10174340;40517;5;1
FR;0;2021-05-27;449800;219369;2161;0;0;25217568;10393709;42678;5;1
FR;0;2021-05-28;429545;260263;1893;0;0;25647113;10653972;44571;5;1
FR;0;2021-05-29;298977;149930;585;0;0;25946090;10803902;45156;5;1
FR;0;2021-05-30;107142;32566;163;0;0;26053232;10836468;45319;5;1
FR;0;2021-05-31;358032;203333;1469;1;1;26411264;11039801;46788;6;2
FR;0;2021-06-01;431010;251357;1962;1;1;26842274;11291158;48750;7;3
FR;0;2021-06-02;420104;231600;1984;0;0;27262378;11522758;50734;7;3
FR;0;2021-06-03;465607;258081;1823;0;0;27727985;11780839;52557;7;3
FR;0;2021-06-04;456247;305303;1734;1;1;28184232;12086142;54291;8;4
FR;0;2021-06-05;304803;189235;652;0;0;28489035;12275377;54943;8;4
FR;0;2021-06-06;133304;49052;226;0;0;28622339;12324429;55169;8;4
FR;0;2021-06-07;339992;261702;1526;0;0;28962331;12586131;56695;8;4
FR;0;2021-06-08;393874;291071;1803;0;0;29356205;12877202;58498;8;4
FR;0;2021-06-09;384859;274705;1729;0;0;29741064;13151907;60227;8;4
FR;0;2021-06-10;404174;288207;1724;1;0;30145238;13440114;61951;9;4
FR;0;2021-06-11;386650;356807;1467;0;0;30531888;13796921;63418;9;4
FR;0;2021-06-12;283258;211084;494;0;0;30815146;14008005;63912;9;4
FR;0;2021-06-13;104884;73872;204;0;0;30920030;14081877;64116;9;4
FR;0;2021-06-14;240826;354703;1426;1;0;31160856;14436580;65542;10;4
FR;0;2021-06-15;308144;385043;1568;1;0;31469000;14821623;67110;11;4
FR;0;2021-06-16;313971;357511;1418;1;0;31782971;15179134;68528;12;4
FR;0;2021-06-17;317679;372782;1426;1;0;32100650;15551916;69954;13;4
FR;0;2021-06-18;321744;442577;1337;1;0;32422394;15994493;71291;14;4
FR;0;2021-06-19;224341;273872;449;0;0;32646735;16268365;71740;14;4
FR;0;2021-06-20;74426;102428;129;0;0;32721161;16370793;71869;14;4
FR;0;2021-06-21;195757;401726;1037;1;1;32916918;16772519;72906;15;5
FR;0;2021-06-22;223195;467465;1264;10;1;33140113;17239984;74170;25;6
FR;0;2021-06-23;234019;439999;1197;1;1;33374132;17679983;75367;26;7
FR;0;2021-06-24;241859;409572;1356;0;0;33615991;18089555;76723;26;7
FR;0;2021-06-25;227628;522685;1400;0;0;33843619;18612240;78123;26;7
FR;0;2021-06-26;153246;370819;587;1;0;33996865;18983059;78710;27;7
FR;0;2021-06-27;55896;156089;168;1;0;34052761;19139148;78878;28;7
FR;0;2021-06-28;154769;452723;1175;0;0;34207530;19591871;80053;28;7
FR;0;2021-06-29;182691;507268;2123;0;0;34390221;20099139;82176;28;7
FR;0;2021-06-30;204001;485092;2014;21;2;34594222;20584231;84190;49;9
FR;0;2021-07-01;231327;458147;2223;5;1;34825549;21042378;86413;54;10
FR;0;2021-07-02;228689;520154;2120;5;2;35054238;21562532;88533;59;12
FR;0;2021-07-03;142036;368737;908;3;1;35196274;21931269;89441;62;13
FR;0;2021-07-04;56741;141092;265;0;0;35253015;22072361;89706;62;13
FR;0;2021-07-05;168507;418998;1668;8;2;35421522;22491359;91374;70;15
FR;0;2021-07-06;196760;474653;1829;45;8;35618282;22966012;93203;115;23
FR;0;2021-07-07;213174;439158;1878;25;4;35831456;23405170;95081;140;27
FR;0;2021-07-08;231634;424192;2089;20;6;36063090;23829362;97170;160;33
FR;0;2021-07-09;228604;510995;2184;4;2;36291694;24340357;99354;164;35
FR;0;2021-07-10;148611;339908;983;1;1;36440305;24680265;100337;165;36
FR;0;2021-07-11;60194;110118;283;0;0;36500499;24790383;100620;165;36
FR;0;2021-07-12;169369;478019;1761;4;0;36669868;25268402;102381;169;36
FR;0;2021-07-13;287253;527058;2045;8;1;36957121;25795460;104426;177;37
FR;0;2021-07-14;181081;157518;435;0;0;37138202;25952978;104861;177;37
FR;0;2021-07-15;347088;502111;2099;1;0;37485290;26455089;106960;178;37
FR;0;2021-07-16;380087;495508;2023;3;1;37865377;26950597;108983;181;38
FR;0;2021-07-17;259720;319728;876;1;0;38125097;27270325;109859;182;38
FR;0;2021-07-18;109709;114644;310;0;0;38234806;27384969;110169;182;38
FR;0;2021-07-19;285463;424464;1629;3;0;38520269;27809433;111798;185;38
FR;0;2021-07-20;376905;451871;1723;0;0;38897174;28261304;113521;185;38
FR;0;2021-07-21;395776;407390;1549;4;2;39292950;28668694;115070;189;40
FR;0;2021-07-22;441036;387734;1715;4;2;39733986;29056428;116785;193;42
FR;0;2021-07-23;440313;422617;1882;4;1;40174299;29479045;118667;197;43
FR;0;2021-07-24;285245;269418;804;1;0;40459544;29748463;119471;198;43
FR;0;2021-07-25;121111;79965;234;0;0;40580655;29828428;119705;198;43
FR;0;2021-07-26;347418;322669;1614;3;2;40928073;30151097;121319;201;45
FR;0;2021-07-27;464057;319732;1697;4;2;41392130;30470829;123016;205;47
FR;0;2021-07-28;459430;289636;1635;4;2;41851560;30760465;124651;209;49
FR;0;2021-07-29;489813;276532;1796;2;0;42341373;31036997;126447;211;49
FR;0;2021-07-30;461816;302601;1941;5;1;42803189;31339598;128388;216;50
FR;0;2021-07-31;285393;185067;914;1;0;43088582;31524665;129302;217;50
FR;0;2021-08-01;112008;49942;253;0;0;43200590;31574607;129555;217;50
FR;0;2021-08-02;341595;234318;1602;2;0;43542185;31808925;131157;219;50
FR;0;2021-08-03;398599;244724;1728;2;1;43940784;32053649;132885;221;51
FR;0;2021-08-04;384834;209826;1593;6;3;44325618;32263475;134478;227;54
FR;0;2021-08-05;366156;228613;1710;0;0;44691774;32492088;136188;227;54
FR;0;2021-08-06;359720;271470;1835;4;1;45051494;32763558;138023;231;55
FR;0;2021-08-07;213109;178361;755;4;3;45264603;32941919;138778;235;58
FR;0;2021-08-08;74191;63211;275;0;0;45338794;33005130;139053;235;58
FR;0;2021-08-09;258742;259050;1547;4;3;45597536;33264180;140600;239;61
FR;0;2021-08-10;306833;277499;1660;2;1;45904369;33541679;142260;241;62
FR;0;2021-08-11;279730;259891;1441;5;1;46184099;33801570;143701;246;63
FR;0;2021-08-12;271538;278325;1662;3;0;46455637;34079895;145363;249;63
FR;0;2021-08-13;252145;278092;1592;3;2;46707782;34357987;146955;252;65
FR;0;2021-08-14;145331;197191;740;0;0;46853113;34555178;147695;252;65
FR;0;2021-08-15;39375;50116;217;1;0;46892488;34605294;147912;253;65
FR;0;2021-08-16;186172;317803;1542;0;0;47078660;34923097;149454;253;65
FR;0;2021-08-17;215674;336139;1636;7;1;47294334;35259236;151090;260;66
FR;0;2021-08-18;199042;324575;1597;7;4;47493376;35583811;152687;267;70
FR;0;2021-08-19;192023;325567;1640;1;0;47685399;35909378;154327;268;70
FR;0;2021-08-20;186453;366338;1818;3;2;47871852;36275716;156145;271;72
FR;0;2021-08-21;104791;238135;705;0;0;47976643;36513851;156850;271;72
FR;0;2021-08-22;31925;87212;255;1;1;48008568;36601063;157105;272;73
FR;0;2021-08-23;140981;357144;1561;3;1;48149549;36958207;158666;275;74
FR;0;2021-08-24;162475;376806;1848;5;1;48312024;37335013;160514;280;75
FR;0;2021-08-25;151129;350834;2033;8;2;48463153;37685847;162547;288;77
FR;0;2021-08-26;142871;342815;2559;10;0;48606024;38028662;165106;298;77
FR;0;2021-08-27;148448;388289;2790;11;3;48754472;38416951;167896;309;80
FR;0;2021-08-28;90661;249596;1405;0;0;48845133;38666547;169301;309;80
FR;0;2021-08-29;27319;83351;518;1;0;48872452;38749898;169819;310;80
FR;0;2021-08-30;117401;324789;4712;6;5964;48989853;39074687;174531;316;6044
FR;0;2021-08-31;128792;334541;10187;19;11820;49118645;39409228;184718;335;17864
FR;0;2021-09-01;136076;285707;22428;7;24382;49254721;39694935;207146;342;42246
FR;0;2021-09-02;114582;247260;26515;20;28943;49369303;39942195;233661;362;71189
FR;0;2021-09-03;118278;292704;29963;24;33038;49487581;40234899;263624;386;104227
FR;0;2021-09-04;89877;217775;12585;12;14114;49577458;40452674;276209;398;118341
FR;0;2021-09-05;21354;44835;4395;2;4722;49598812;40497509;280604;400;123063
FR;0;2021-09-06;75408;180660;31951;16;34297;49674220;40678169;312555;416;157360
FR;0;2021-09-07;80281;181250;33242;43;36231;49754501;40859419;345797;459;193591
FR;0;2021-09-08;90967;206128;29661;28;32520;49845468;41065547;375458;487;226111
FR;0;2021-09-09;76915;165382;33062;27;36614;49922383;41230929;408520;514;262725
FR;0;2021-09-10;95991;203790;35736;28;40658;50018374;41434719;444256;542;303383
FR;0;2021-09-11;67156;169294;12138;19;14374;50085530;41604013;456394;561;317757
FR;0;2021-09-12;12823;32106;2776;1;3177;50098353;41636119;459170;562;320934
FR;0;2021-09-13;64526;126249;41224;35;44156;50162879;41762368;500394;597;365090
FR;0;2021-09-14;73447;129080;56362;79;62253;50236326;41891448;556756;676;427343
FR;0;2021-09-15;76581;167838;55657;58;54832;50312907;42059286;612413;734;482175
FR;0;2021-09-16;63839;114543;60077;82;60082;50376746;42173829;672490;816;542257
FR;0;2021-09-17;75047;156831;53850;71;57284;50451793;42330660;726340;887;599541
FR;0;2021-09-18;48216;139629;15601;25;17311;50500009;42470289;741941;912;616852
FR;0;2021-09-19;7881;23687;2436;1;2615;50507890;42493976;744377;913;619467
FR;0;2021-09-20;44521;93847;50078;72;50329;50552411;42587823;794455;985;669796
FR;0;2021-09-21;45873;98445;62758;75;63438;50598284;42686268;857213;1060;733234
FR;0;2021-09-22;48656;142399;55368;82;55420;50646940;42828667;912581;1142;788654
FR;0;2021-09-23;43246;92094;62388;94;63552;50690186;42920761;974969;1236;852206
FR;0;2021-09-24;52277;133334;54548;107;59175;50742463;43054095;1029517;1343;911381
FR;0;2021-09-25;35214;115624;16272;36;18294;50777677;43169719;1045789;1379;929675
FR;0;2021-09-26;5545;17803;2269;5;2328;50783222;43187522;1048058;1384;932003
FR;0;2021-09-27;33957;76953;47194;97;48160;50817179;43264475;1095252;1481;980163
FR;0;2021-09-28;36487;75273;54964;89;56531;50853666;43339748;1150216;1570;1036694
FR;0;2021-09-29;44382;100812;53345;112;54855;50898048;43440560;1203561;1682;1091549
FR;0;2021-09-30;36314;72950;57035;96;59564;50934362;43513510;1260596;1778;1151113
FR;0;2021-10-01;61692;102834;57804;108;63935;50996054;43616344;1318400;1886;1215048
FR;0;2021-10-02;39456;78429;20960;39;23348;51035510;43694773;1339360;1925;1238396
FR;0;2021-10-03;5284;10502;2531;4;2539;51040794;43705275;1341891;1929;1240935
FR;0;2021-10-04;35134;58526;52618;84;54827;51075928;43763801;1394509;2013;1295762
FR;0;2021-10-05;33867;64377;61010;135;65053;51109795;43828178;1455519;2148;1360815
FR;0;2021-10-06;42684;79314;65741;113;68312;51152479;43907492;1521260;2261;1429127
FR;0;2021-10-07;30521;62257;65423;90;68826;51183000;43969749;1586683;2351;1497953
FR;0;2021-10-08;49447;91896;77747;110;84706;51232447;44061645;1664430;2461;1582659
FR;0;2021-10-09;33651;60946;31542;35;33918;51266098;44122591;1695972;2496;1616577
FR;0;2021-10-10;4704;7438;3193;9;3481;51270802;44130029;1699165;2505;1620058
FR;0;2021-10-11;30692;49947;61039;105;64095;51301494;44179976;1760204;2610;1684153
FR;0;2021-10-12;31592;54487;70609;140;75955;51333086;44234463;1830813;2750;1760108
FR;0;2021-10-13;40098;62839;74430;136;79333;51373184;44297302;1905243;2886;1839441
FR;0;2021-10-14;30309;52906;68757;116;73817;51403493;44350208;1974000;3002;1913258
FR;0;2021-10-15;44893;75298;93236;191;102990;51448386;44425506;2067236;3193;2016248
FR;0;2021-10-16;31299;44126;36692;44;39634;51479685;44469632;2103928;3237;2055882
FR;0;2021-10-17;3841;5244;3594;2;3681;51483526;44474876;2107522;3239;2059563
FR;0;2021-10-18;28966;42403;67495;133;71360;51512492;44517279;2175017;3372;2130923
FR;0;2021-10-19;27150;45601;76401;140;81625;51539642;44562880;2251418;3512;2212548
FR;0;2021-10-20;35294;52470;96937;181;101524;51574936;44615350;2348355;3693;2314072
FR;0;2021-10-21;26127;45205;83962;112;89144;51601063;44660555;2432317;3805;2403216
FR;0;2021-10-22;38410;62511;104895;200;112586;51639473;44723066;2537212;4005;2515802
FR;0;2021-10-23;27002;41225;45456;57;48625;51666475;44764291;2582668;4062;2564427
FR;0;2021-10-24;2919;4775;3682;6;3929;51669394;44769066;2586350;4068;2568356
FR;0;2021-10-25;26007;36283;82329;144;86640;51695401;44805349;2668679;4212;2654996
FR;0;2021-10-26;23728;35050;87244;166;92357;51719129;44840399;2755923;4378;2747353
FR;0;2021-10-27;30079;46383;109002;257;114696;51749208;44886782;2864925;4635;2862049
FR;0;2021-10-28;23582;34974;88705;153;94475;51772790;44921756;2953630;4788;2956524
FR;0;2021-10-29;31568;51487;117318;204;125347;51804358;44973243;3070948;4992;3081871
FR;0;2021-10-30;20554;33233;50347;76;53393;51824912;45006476;3121295;5068;3135264
FR;0;2021-10-31;2488;3736;3589;3;3878;51827400;45010212;3124884;5071;3139142
FR;0;2021-11-01;8433;4867;3210;3;3574;51835833;45015079;3128094;5074;3142716
FR;0;2021-11-02;26251;40125;93580;156;99585;51862084;45055204;3221674;5230;3242301
FR;0;2021-11-03;30073;47980;118888;218;125847;51892157;45103184;3340562;5448;3368148
FR;0;2021-11-04;23779;37530;107566;217;114421;51915936;45140714;3448128;5665;3482569
FR;0;2021-11-05;32380;52995;141641;235;151382;51948316;45193709;3589769;5900;3633951
FR;0;2021-11-06;21523;34579;64884;123;68300;51969839;45228288;3654653;6023;3702251
FR;0;2021-11-07;2399;4180;5195;6;5592;51972238;45232468;3659848;6029;3707843
FR;0;2021-11-08;20588;37805;127196;227;134306;51992826;45270273;3787044;6256;3842149
FR;0;2021-11-09;22402;44745;161687;339;172251;52015228;45315018;3948731;6595;4014400
FR;0;2021-11-10;31570;55073;187012;446;198820;52046798;45370091;4135743;7041;4213220
FR;0;2021-11-11;4701;6759;12967;28;13957;52051499;45376850;4148710;7069;4227177
FR;0;2021-11-12;29070;55161;183775;252;197382;52080569;45432011;4332485;7321;4424559
FR;0;2021-11-13;20346;32657;80697;118;86320;52100915;45464668;4413182;7439;4510879
FR;0;2021-11-14;2355;3892;7173;6;7855;52103270;45468560;4420355;7445;4518734
FR;0;2021-11-15;20478;38696;160855;313;171576;52123748;45507256;4581210;7758;4690310
FR;0;2021-11-16;23637;43983;200417;392;215028;52147385;45551239;4781627;8150;4905338
FR;0;2021-11-17;30504;50383;199846;406;212888;52177889;45601622;4981473;8556;5118226
FR;0;2021-11-18;23427;45544;191674;468;205573;52201316;45647166;5173147;9024;5323799
FR;0;2021-11-19;33665;61455;243217;549;262210;52234981;45708621;5416364;9573;5586009
FR;0;2021-11-20;25398;36708;102155;206;109701;52260379;45745329;5518519;9779;5695710
FR;0;2021-11-21;2643;4496;9653;19;10619;52263022;45749825;5528172;9798;5706329
FR;0;2021-11-22;22800;33268;180379;470;194860;52285822;45783093;5708551;10268;5901189
FR;0;2021-11-23;25710;45640;229380;549;247848;52311532;45828733;5937931;10817;6149037
FR;0;2021-11-24;31796;53764;224814;715;243238;52343328;45882497;6162745;11532;6392275
FR;0;2021-11-25;25621;49218;255941;739;277796;52368949;45931715;6418686;12271;6670071
FR;0;2021-11-26;33246;74876;379498;865;414644;52402195;46006591;6798184;13136;7084715
FR;0;2021-11-27;23488;49711;214909;389;236688;52425683;46056302;7013093;13525;7321403
FR;0;2021-11-28;3510;10541;56756;66;63330;52429193;46066843;7069849;13591;7384733
FR;0;2021-11-29;19413;54184;341474;862;371714;52448606;46121027;7411323;14453;7756447
FR;0;2021-11-30;24775;72054;457391;988;500784;52473381;46193081;7868714;15441;8257231
FR;0;2021-12-01;27348;75848;469102;1160;511350;52500729;46268929;8337816;16601;8768581
FR;0;2021-12-02;22083;71856;527109;1280;574882;52522812;46340785;8864925;17881;9343463
FR;0;2021-12-03;25545;93143;596392;1420;651197;52548357;46433928;9461317;19301;9994660
FR;0;2021-12-04;18313;60542;336229;690;369793;52566670;46494470;9797546;19991;10364453
FR;0;2021-12-05;4153;16202;95784;157;107055;52570823;46510672;9893330;20148;10471508
FR;0;2021-12-06;28351;73033;493153;1173;539971;52599174;46583705;10386483;21321;11011479
FR;0;2021-12-07;23529;91541;645392;1773;706325;52622703;46675246;11031875;23094;11717804
FR;0;2021-12-08;25485;92297;591582;1874;647500;52648188;46767543;11623457;24968;12365304
FR;0;2021-12-09;24051;94252;663097;2179;726411;52672239;46861795;12286554;27147;13091715
FR;0;2021-12-10;28044;111198;736056;2075;806179;52700283;46972993;13022610;29222;13897894
FR;0;2021-12-11;20250;76259;435180;987;480403;52720533;47049252;13457790;30209;14378297
FR;0;2021-12-12;5643;23228;142303;262;159220;52726176;47072480;13600093;30471;14537517
FR;0;2021-12-13;21347;91150;587650;1699;649307;52747523;47163630;14187743;32170;15186824
FR;0;2021-12-14;27946;118624;765546;2654;847511;52775469;47282254;14953289;34824;16034335
FR;0;2021-12-15;28417;114517;694339;2265;769104;52803886;47396771;15647628;37089;16803439
FR;0;2021-12-16;28018;116006;764026;2557;844442;52831904;47512777;16411654;39646;17647881
FR;0;2021-12-17;31641;128744;807868;2709;892080;52863545;47641521;17219522;42355;18539961
FR;0;2021-12-18;24930;81705;469964;1178;522206;52888475;47723226;17689486;43533;19062167
FR;0;2021-12-19;8757;28724;169391;376;191099;52897232;47751950;17858877;43909;19253266
FR;0;2021-12-20;31747;97481;591488;1786;658755;52928979;47849431;18450365;45695;19912021
FR;0;2021-12-21;39453;112271;682410;2391;759577;52968432;47961702;19132775;48086;20671598
FR;0;2021-12-22;39549;99560;575762;2168;642153;53007981;48061262;19708537;50254;21313751
FR;0;2021-12-23;33770;79696;441000;1655;494405;53041751;48140958;20149537;51909;21808156
FR;0;2021-12-24;10690;26150;111023;398;126675;53052441;48167108;20260560;52307;21934831
FR;0;2021-12-25;774;3578;7589;25;9033;53053215;48170686;20268149;52332;21943864
FR;0;2021-12-26;4695;11899;52095;142;60148;53057910;48182585;20320244;52474;22004012
FR;0;2021-12-27;30497;84089;453550;1364;509166;53088407;48266674;20773794;53838;22513178
FR;0;2021-12-28;38360;99087;564157;1769;632269;53126767;48365761;21337951;55607;23145447
FR;0;2021-12-29;39867;88442;501194;1688;561003;53166634;48454203;21839145;57295;23706450
FR;0;2021-12-30;35916;75278;421024;1520;471151;53202550;48529481;22260169;58815;24177601
FR;0;2021-12-31;12044;25165;116871;405;131662;53214594;48554646;22377040;59220;24309263
FR;0;2022-01-01;1474;3211;8512;37;9941;53216068;48557857;22385552;59257;24319204
FR;0;2022-01-02;6093;12995;58415;125;66943;53222161;48570852;22443967;59382;24386147
FR;0;2022-01-03;36264;90325;494815;1593;551693;53258425;48661177;22938782;60975;24937840
FR;0;2022-01-04;41829;111145;641370;2307;714373;53300254;48772322;23580152;63282;25652213
FR;0;2022-01-05;60891;103720;569156;1981;634181;53361145;48876042;24149308;65263;26286394
FR;0;2022-01-06;44229;110448;638961;2696;711443;53405374;48986490;24788269;67959;26997837
FR;0;2022-01-07;50808;123428;710984;2809;790483;53456182;49109918;25499253;70768;27788320
FR;0;2022-01-08;45002;80329;423801;1213;472881;53501184;49190247;25923054;71981;28261201
FR;0;2022-01-09;15598;26642;128563;300;145678;53516782;49216889;26051617;72281;28406879
FR;0;2022-01-10;35325;93475;469292;1811;522732;53552107;49310364;26520909;74092;28929611
FR;0;2022-01-11;41897;100591;548222;2306;608477;53594004;49410955;27069131;76398;29538088
FR;0;2022-01-12;60344;95786;452662;1967;504334;53654348;49506741;27521793;78365;30042422
FR;0;2022-01-13;38201;92596;487329;2084;541029;53692549;49599337;28009122;80449;30583451
FR;0;2022-01-14;42558;103418;568583;2286;628998;53735107;49702755;28577705;82735;31212449
FR;0;2022-01-15;39386;65873;340127;985;377560;53774493;49768628;28917832;83720;31590009
FR;0;2022-01-16;11399;19226;87418;216;99425;53785892;49787854;29005250;83936;31689434
FR;0;2022-01-17;24712;60105;320271;1381;354169;53810604;49847959;29325521;85317;32043603
FR;0;2022-01-18;28299;68768;361064;1802;397548;53838903;49916727;29686585;87119;32441151
FR;0;2022-01-19;43197;67115;281275;1450;311078;53882100;49983842;29967860;88569;32752229
FR;0;2022-01-20;23595;59651;298987;1739;328491;53905695;50043493;30266847;90308;33080720
FR;0;2022-01-21;28183;68898;366352;2086;401174;53933878;50112391;30633199;92394;33481894
FR;0;2022-01-22;27618;48007;218785;839;241771;53961496;50160398;30851984;93233;33723665
FR;0;2022-01-23;6709;12985;48672;173;55170;53968205;50173383;30900656;93406;33778835
FR;0;2022-01-24;16258;47521;217297;1139;239339;53984463;50220904;31117953;94545;34018174
FR;0;2022-01-25;19013;54427;243024;1547;267058;54003476;50275331;31360977;96092;34285232
FR;0;2022-01-26;28144;60477;209268;1297;229454;54031620;50335808;31570245;97389;34514686
FR;0;2022-01-27;16322;46337;207637;1274;225935;54047942;50382145;31777882;98663;34740621
FR;0;2022-01-28;21572;77961;290042;1574;321403;54069514;50460106;32067924;100237;35062024
FR;0;2022-01-29;18416;52827;184120;688;204576;54087930;50512933;32252044;100925;35266600
FR;0;2022-01-30;4470;14501;39140;124;45094;54092400;50527434;32291184;101049;35311694
FR;0;2022-01-31;11254;43985;148196;740;164794;54103654;50571419;32439380;101789;35476488
FR;0;2022-02-01;13451;48386;174112;1142;191410;54117105;50619805;32613492;102931;35667898
FR;0;2022-02-02;20425;66356;171513;1034;190133;54137530;50686161;32785005;103965;35858031
FR;0;2022-02-03;11440;44737;157543;989;173321;54148970;50730898;32942548;104954;36031352
FR;0;2022-02-04;14610;66519;239239;1266;264169;54163580;50797417;33181787;106220;36295521
FR;0;2022-02-05;12890;51474;153543;523;172332;54176470;50848891;33335330;106743;36467853
FR;0;2022-02-06;2720;12194;28886;101;33835;54179190;50861085;33364216;106844;36501688
FR;0;2022-02-07;9536;46717;156860;589;176317;54188726;50907802;33521076;107433;36678005
FR;0;2022-02-08;9760;43057;166618;867;184410;54198486;50950859;33687694;108300;36862415
FR;0;2022-02-09;14323;58220;172333;870;193037;54212809;51009079;33860027;109170;37055452
FR;0;2022-02-10;8671;38966;150215;878;166686;54221480;51048045;34010242;110048;37222138
FR;0;2022-02-11;10854;55639;218492;1100;243080;54232334;51103684;34228734;111148;37465218
FR;0;2022-02-12;8378;40937;134716;461;151741;54240712;51144621;34363450;111609;37616959
FR;0;2022-02-13;1898;8595;26558;85;30917;54242610;51153216;34390008;111694;37647876
FR;0;2022-02-14;6978;35225;148358;482;166353;54249588;51188441;34538366;112176;37814229
FR;0;2022-02-15;7026;36185;146961;751;162546;54256614;51224626;34685327;112927;37976775
FR;0;2022-02-16;9387;42945;132525;720;146745;54266001;51267571;34817852;113647;38123520
FR;0;2022-02-17;5570;24284;87287;585;94856;54271571;51291855;34905139;114232;38218376
FR;0;2022-02-18;6988;33540;119644;804;129308;54278559;51325395;35024783;115036;38347684
FR;0;2022-02-19;5366;24542;70020;370;77331;54283925;51349937;35094803;115406;38425015
FR;0;2022-02-20;1143;4649;12166;39;13944;54285068;51354586;35106969;115445;38438959
FR;0;2022-02-21;4087;17880;61942;351;67171;54289155;51372466;35168911;115796;38506130
FR;0;2022-02-22;4444;18636;60818;576;64455;54293599;51391102;35229729;116372;38570585
FR;0;2022-02-23;6574;27324;66489;591;71887;54300173;51418426;35296218;116963;38642472
FR;0;2022-02-24;3844;15454;50419;517;53241;54304017;51433880;35346637;117480;38695713
FR;0;2022-02-25;5277;23950;76340;803;80075;54309294;51457830;35422977;118283;38775788
FR;0;2022-02-26;3987;17761;47407;359;51474;54313281;51475591;35470384;118642;38827262
FR;0;2022-02-27;879;3002;8033;47;8944;54314160;51478593;35478417;118689;38836206
FR;0;2022-02-28;3122;12516;40471;358;42907;54317282;51491109;35518888;119047;38879113
FR;0;2022-03-01;3835;12553;44180;435;44848;54321117;51503662;35563068;119482;38923961
FR;0;2022-03-02;5278;17756;47123;445;49054;54326395;51521418;35610191;119927;38973015
FR;0;2022-03-03;2798;9299;29883;368;30002;54329193;51530717;35640074;120295;39003017
FR;0;2022-03-04;3219;12369;40290;665;39440;54332412;51543086;35680364;120960;39042457
FR;0;2022-03-05;3067;9262;24949;310;25110;54335479;51552348;35705313;121270;39067567
FR;0;2022-03-06;516;1394;3195;43;3438;54335995;51553742;35708508;121313;39071005
FR;0;2022-03-07;2274;5604;18419;315;17688;54338269;51559346;35726927;121628;39088693
FR;0;2022-03-08;2085;6058;19440;359;17909;54340354;51565404;35746367;121987;39106602
FR;0;2022-03-09;3539;10488;22179;405;21274;54343893;51575892;35768546;122392;39127876
FR;0;2022-03-10;1781;5587;16975;342;15802;54345674;51581479;35785521;122734;39143678
FR;0;2022-03-11;2404;7532;24490;539;22254;54348078;51589011;35810011;123273;39165932
FR;0;2022-03-12;2662;6771;17158;308;16512;54350740;51595782;35827169;123581;39182444
FR;0;2022-03-13;390;785;2320;147;2270;54351130;51596567;35829489;123728;39184714
FR;0;2022-03-14;1537;4260;14972;4408;13826;54352667;51600827;35844461;128136;39198540
FR;0;2022-03-15;1701;6201;16363;7551;14590;54354368;51607028;35860824;135687;39213130
FR;0;2022-03-16;3007;7314;19414;13135;18087;54357375;51614342;35880238;148822;39231217
FR;0;2022-03-17;1437;3966;13129;10842;11975;54358812;51618308;35893367;159664;39243192
FR;0;2022-03-18;2262;5738;19986;18286;18080;54361074;51624046;35913353;177950;39261272
FR;0;2022-03-19;2288;4800;13111;9400;12413;54363362;51628846;35926464;187350;39273685
FR;0;2022-03-20;298;730;1917;1073;1928;54363660;51629576;35928381;188423;39275613
FR;0;2022-03-21;1385;3203;12713;14937;11935;54365045;51632779;35941094;203360;39287548
FR;0;2022-03-22;1491;3727;13788;20527;12546;54366536;51636506;35954882;223887;39300094
FR;0;2022-03-23;2667;6234;17704;23148;17218;54369203;51642740;35972586;247035;39317312
FR;0;2022-03-24;1391;3143;11583;17604;10667;54370594;51645883;35984169;264639;39327979
FR;0;2022-03-25;2075;5128;18545;27752;16880;54372669;51651011;36002714;292391;39344859
FR;0;2022-03-26;2223;4409;12073;12677;11514;54374892;51655420;36014787;305068;39356373
FR;0;2022-03-27;359;688;1904;1480;1937;54375251;51656108;36016691;306548;39358310
FR;0;2022-03-28;1457;3064;11115;17485;10609;54376708;51659172;36027806;324033;39368919
FR;0;2022-03-29;1449;3263;12897;27555;12038;54378157;51662435;36040703;351588;39380957
FR;0;2022-03-30;2840;5449;15671;27365;15066;54380997;51667884;36056374;378953;39396023
FR;0;2022-03-31;1607;3543;12970;24963;12303;54382604;51671427;36069344;403916;39408326
FR;0;2022-04-01;2643;4569;20042;30861;18682;54385247;51675996;36089386;434777;39427008
FR;0;2022-04-02;1519;2624;9046;10109;8703;54386766;51678620;36098432;444886;39435711
FR;0;2022-04-03;287;504;1561;1167;1577;54387053;51679124;36099993;446053;39437288
FR;0;2022-04-04;1798;2839;12357;19096;11558;54388851;51681963;36112350;465149;39448846
FR;0;2022-04-05;1734;3087;14325;34064;13175;54390585;51685050;36126675;499213;39462021
FR;0;2022-04-06;2125;3848;13519;26472;12788;54392710;51688898;36140194;525685;39474809
FR;0;2022-04-07;1511;3060;13653;33743;12864;54394221;51691958;36153847;559428;39487673
FR;0;2022-04-08;2056;4203;19199;43851;17805;54396277;51696161;36173046;603279;39505478
FR;0;2022-04-09;1361;2664;9309;13555;8861;54397638;51698825;36182355;616834;39514339
FR;0;2022-04-10;284;592;1981;2011;2000;54397922;51699417;36184336;618845;39516339
FR;0;2022-04-11;1253;2584;11853;23838;11455;54399175;51702001;36196189;642683;39527794
FR;0;2022-04-12;1647;3001;13997;40838;13368;54400822;51705002;36210186;683521;39541162
FR;0;2022-04-13;1925;3638;13398;33050;13016;54402747;51708640;36223584;716571;39554178
FR;0;2022-04-14;1475;2872;13175;36242;13021;54404222;51711512;36236759;752813;39567199
FR;0;2022-04-15;1836;3422;15615;35484;14859;54406058;51714934;36252374;788297;39582058
FR;0;2022-04-16;1039;1815;6394;8533;6249;54407097;51716749;36258768;796830;39588307
FR;0;2022-04-17;190;321;991;1172;1030;54407287;51717070;36259759;798002;39589337
FR;0;2022-04-18;177;522;2763;1068;2781;54407464;51717592;36262522;799070;39592118
FR;0;2022-04-19;1509;2995;12900;29597;12462;54408973;51720587;36275422;828667;39604580
FR;0;2022-04-20;1970;3438;13284;28980;12962;54410943;51724025;36288706;857647;39617542
FR;0;2022-04-21;1491;2830;12522;35047;12551;54412434;51726855;36301228;892694;39630093
FR;0;2022-04-22;1852;3585;16453;37565;15816;54414286;51730440;36317681;930259;39645909
FR;0;2022-04-23;1140;2047;7380;10654;7231;54415426;51732487;36325061;940913;39653140
FR;0;2022-04-24;249;448;1475;1588;1410;54415675;51732935;36326536;942501;39654550
FR;0;2022-04-25;1285;2511;10677;21004;10480;54416960;51735446;36337213;963505;39665030
FR;0;2022-04-26;1606;2977;13648;38533;13099;54418566;51738423;36350861;1002038;39678129
FR;0;2022-04-27;1949;3045;11523;30940;11580;54420515;51741468;36362384;1032978;39689709
FR;0;2022-04-28;1547;2726;12515;36077;12253;54422062;51744194;36374899;1069055;39701962
FR;0;2022-04-29;1987;4012;15537;37199;14899;54424049;51748206;36390436;1106254;39716861
FR;0;2022-04-30;1202;1816;6922;9704;6749;54425251;51750022;36397358;1115958;39723610
FR;0;2022-05-01;215;318;908;995;903;54425466;51750340;36398266;1116953;39724513
FR;0;2022-05-02;1433;2786;11127;18074;10930;54426899;51753126;36409393;1135027;39735443
FR;0;2022-05-03;1835;3184;13700;34592;13542;54428734;51756310;36423093;1169619;39748985
FR;0;2022-05-04;1865;3233;12159;25590;12268;54430599;51759543;36435252;1195209;39761253
FR;0;2022-05-05;1717;2817;13020;33415;12869;54432316;51762360;36448272;1228624;39774122
FR;0;2022-05-06;2125;3625;15316;36704;14807;54434441;51765985;36463588;1265328;39788929
FR;0;2022-05-07;1191;1764;6456;9601;6444;54435632;51767749;36470044;1274929;39795373
FR;0;2022-05-08;260;395;1171;1544;1231;54435892;51768144;36471215;1276473;39796604
FR;0;2022-05-09;1295;2268;9909;20237;9777;54437187;51770412;36481124;1296710;39806381
FR;0;2022-05-10;1705;3069;13537;38807;13086;54438892;51773481;36494661;1335517;39819467
FR;0;2022-05-11;1968;2933;10724;27848;10651;54440860;51776414;36505385;1363365;39830118
FR;0;2022-05-12;1553;2641;11332;35585;10990;54442413;51779055;36516717;1398950;39841108
FR;0;2022-05-13;1957;3175;13732;37796;13314;54444370;51782230;36530449;1436746;39854422
FR;0;2022-05-14;1142;1608;5934;10768;5793;54445512;51783838;36536383;1447514;39860215
FR;0;2022-05-15;279;449;1276;1432;1353;54445791;51784287;36537659;1448946;39861568
FR;0;2022-05-16;1175;1997;8667;20987;8663;54446966;51786284;36546326;1469933;39870231
FR;0;2022-05-17;1568;2544;11810;37808;11386;54448534;51788828;36558136;1507741;39881617
FR;0;2022-05-18;1784;2605;9672;27103;9643;54450318;51791433;36567808;1534844;39891260
FR;0;2022-05-19;1413;2616;10545;35720;10684;54451731;51794049;36578353;1570564;39901944
FR;0;2022-05-20;1861;3084;13394;39332;12885;54453592;51797133;36591747;1609896;39914829
FR;0;2022-05-21;1157;1691;5655;9895;5528;54454749;51798824;36597402;1619791;39920357
FR;0;2022-05-22;237;333;1024;1434;1011;54454986;51799157;36598426;1621225;39921368
FR;0;2022-05-23;1154;2043;8871;20329;8803;54456140;51801200;36607297;1641554;39930171
FR;0;2022-05-24;1526;2728;11344;38783;11189;54457666;51803928;36618641;1680337;39941360
FR;0;2022-05-25;1799;2793;9333;24802;9463;54459465;51806721;36627974;1705139;39950823
FR;0;2022-05-26;199;392;1654;1189;1663;54459664;51807113;36629628;1706328;39952486
FR;0;2022-05-27;1371;2437;9248;21260;8989;54461035;51809550;36638876;1727588;39961475
FR;0;2022-05-28;663;1244;3911;6780;3960;54461698;51810794;36642787;1734368;39965435
FR;0;2022-05-29;154;314;751;915;771;54461852;51811108;36643538;1735283;39966206
FR;0;2022-05-30;1000;1932;6984;19255;6997;54462852;51813040;36650522;1754538;39973203
FR;0;2022-05-31;1482;2459;9812;35620;9631;54464334;51815499;36660334;1790158;39982834
FR;0;2022-06-01;1686;3057;11016;24449;10883;54466020;51818556;36671350;1814607;39993717
FR;0;2022-06-02;1456;2555;11302;35454;10834;54467476;51821111;36682652;1850061;40004551
FR;0;2022-06-03;1677;3029;13377;38694;12741;54469153;51824140;36696029;1888755;40017292
FR;0;2022-06-04;962;1509;5039;9104;5111;54470115;51825649;36701068;1897859;40022403
FR;0;2022-06-05;172;326;872;1104;882;54470287;51825975;36701940;1898963;40023285
FR;0;2022-06-06;240;717;2097;1251;2089;54470527;51826692;36704037;1900214;40025374
FR;0;2022-06-07;1358;2631;9833;35548;9411;54471885;51829323;36713870;1935762;40034785
FR;0;2022-06-08;1525;2646;9153;28694;8990;54473410;51831969;36723023;1964456;40043775
FR;0;2022-06-09;1264;2400;10596;39429;10235;54474674;51834369;36733619;2003885;40054010
FR;0;2022-06-10;1603;2865;13055;44733;12597;54476277;51837234;36746674;2048618;40066607
FR;0;2022-06-11;952;1723;5432;11614;5463;54477229;51838957;36752106;2060232;40072070
FR;0;2022-06-12;195;428;1071;1758;1131;54477424;51839385;36753177;2061990;40073201
FR;0;2022-06-13;1061;1989;7417;23145;7247;54478485;51841374;36760594;2085135;40080448
FR;0;2022-06-14;1298;2439;10433;44836;9787;54479783;51843813;36771027;2129971;40090235
FR;0;2022-06-15;1476;2353;9291;30862;8925;54481259;51846166;36780318;2160833;40099160
FR;0;2022-06-16;1154;1981;9880;39830;9287;54482413;51848147;36790198;2200663;40108447
FR;0;2022-06-17;1464;2805;12456;46587;11884;54483877;51850952;36802654;2247250;40120331
FR;0;2022-06-18;848;1501;4558;11118;4490;54484725;51852453;36807212;2258368;40124821
FR;0;2022-06-19;180;351;1057;1613;1129;54484905;51852804;36808269;2259981;40125950
FR;0;2022-06-20;1015;1883;8892;26056;8552;54485920;51854687;36817161;2286037;40134502
FR;0;2022-06-21;1313;2366;10293;49844;9320;54487233;51857053;36827454;2335881;40143822
FR;0;2022-06-22;1367;2442;8896;38976;8386;54488600;51859495;36836350;2374857;40152208
FR;0;2022-06-23;1215;2304;10668;55049;9861;54489815;51861799;36847018;2429906;40162069
FR;0;2022-06-24;1474;2955;13620;69073;12272;54491289;51864754;36860638;2498979;40174341
FR;0;2022-06-25;931;1771;6221;19908;5973;54492220;51866525;36866859;2518887;40180314
FR;0;2022-06-26;228;453;1951;3685;1811;54492448;51866978;36868810;2522572;40182125
FR;0;2022-06-27;1119;2005;10481;48422;9623;54493567;51868983;36879291;2570994;40191748
FR;0;2022-06-28;1444;2791;14648;91262;13063;54495011;51871774;36893939;2662256;40204811
FR;0;2022-06-29;1691;2811;12276;71744;11225;54496702;51874585;36906215;2734000;40216036
FR;0;2022-06-30;1514;2627;14367;95113;12449;54498216;51877212;36920582;2829113;40228485
FR;0;2022-07-01;1941;3657;21268;115871;18602;54500157;51880869;36941850;2944984;40247087
FR;0;2022-07-02;1069;1849;8507;35731;7692;54501226;51882718;36950357;2980715;40254779
FR;0;2022-07-03;289;537;2084;6447;1886;54501515;51883255;36952441;2987162;40256665
FR;0;2022-07-04;1493;2666;14645;79167;12883;54503008;51885921;36967086;3066329;40269548
FR;0;2022-07-05;1688;3035;18780;133071;15963;54504696;51888956;36985866;3199400;40285511
FR;0;2022-07-06;1797;2680;15813;99425;13603;54506493;51891636;37001679;3298825;40299114
FR;0;2022-07-07;1680;2819;17958;125838;14724;54508173;51894455;37019637;3424663;40313838
FR;0;2022-07-08;1868;3120;20706;136899;16728;54510041;51897575;37040343;3561562;40330566
FR;0;2022-07-09;862;1445;7728;37898;6674;54510903;51899020;37048071;3599460;40337240
FR;0;2022-07-10;258;505;2343;6994;2125;54511161;51899525;37050414;3606454;40339365
FR;0;2022-07-11;1391;2405;14988;88176;12469;54512552;51901930;37065402;3694630;40351834
FR;0;2022-07-12;1767;3044;20482;143753;16675;54514319;51904974;37085884;3838383;40368509
FR;0;2022-07-13;1697;2622;15649;94373;13215;54516016;51907596;37101533;3932756;40381724
FR;0;2022-07-14;176;316;1945;5521;1821;54516192;51907912;37103478;3938277;40383545
FR;0;2022-07-15;1463;2518;15070;84363;12562;54517655;51910430;37118548;4022640;40396107
FR;0;2022-07-16;614;1156;5929;24942;5132;54518269;51911586;37124477;4047582;40401239
FR;0;2022-07-17;172;385;1729;4650;1563;54518441;51911971;37126206;4052232;40402802
FR;0;2022-07-18;1114;2184;11795;61731;9939;54519555;51914155;37138001;4113963;40412741
FR;0;2022-07-19;1400;2317;15426;103568;12249;54520955;51916472;37153427;4217531;40424990
FR;0;2022-07-20;1394;2243;12883;77482;10658;54522349;51918715;37166310;4295013;40435648
FR;0;2022-07-21;1255;2113;13044;88035;10442;54523604;51920828;37179354;4383048;40446090
FR;0;2022-07-22;1374;2408;14757;89299;11905;54524978;51923236;37194111;4472347;40457995
FR;0;2022-07-23;662;1282;5514;22450;4843;54525640;51924518;37199625;4494797;40462838
FR;0;2022-07-24;175;346;1390;3881;1234;54525815;51924864;37201015;4498678;40464072
FR;0;2022-07-25;1022;1751;9463;47986;7809;54526837;51926615;37210478;4546664;40471881
FR;0;2022-07-26;1286;2187;13276;85320;10790;54528123;51928802;37223754;4631984;40482671
FR;0;2022-07-27;1214;1971;10177;61092;8466;54529337;51930773;37233931;4693076;40491137
FR;0;2022-07-28;1063;1807;10266;64123;8177;54530400;51932580;37244197;4757199;40499314
FR;0;2022-07-29;1270;1988;10919;65668;8688;54531670;51934568;37255116;4822867;40508002
FR;0;2022-07-30;489;834;3504;15229;2961;54532159;51935402;37258620;4838096;40510963
FR;0;2022-07-31;148;278;923;2414;785;54532307;51935680;37259543;4840510;40511748
FR;0;2022-08-01;775;1339;7494;30151;6287;54533082;51937019;37267037;4870661;40518035
FR;0;2022-08-02;983;1595;8500;55894;6801;54534065;51938614;37275537;4926555;40524836
FR;0;2022-08-03;804;1216;6350;38602;5079;54534869;51939830;37281887;4965157;40529915
FR;0;2022-08-04;709;1146;6445;42989;5196;54535578;51940976;37288332;5008146;40535111
FR;0;2022-08-05;833;1329;6904;44779;5479;54536411;51942305;37295236;5052925;40540590
FR;0;2022-08-06;329;549;2001;9321;1654;54536740;51942854;37297237;5062246;40542244
FR;0;2022-08-07;94;151;522;1604;439;54536834;51943005;37297759;5063850;40542683
FR;0;2022-08-08;522;880;3937;22011;3192;54537356;51943885;37301696;5085861;40545875
FR;0;2022-08-09;673;1103;5914;39802;4737;54538029;51944988;37307610;5125663;40550612
FR;0;2022-08-10;599;1049;4559;27916;3697;54538628;51946037;37312169;5153579;40554309
FR;0;2022-08-11;603;977;4405;29002;3615;54539231;51947014;37316574;5182581;40557924
FR;0;2022-08-12;694;1110;4615;28064;3767;54539925;51948124;37321189;5210645;40561691
FR;0;2022-08-13;194;384;1249;5203;1064;54540119;51948508;37322438;5215848;40562755
FR;0;2022-08-14;64;116;275;879;235;54540183;51948624;37322713;5216727;40562990
FR;0;2022-08-15;53;130;395;534;354;54540236;51948754;37323108;5217261;40563344
FR;0;2022-08-16;597;1017;3824;22090;3226;54540833;51949771;37326932;5239351;40566570
FR;0;2022-08-17;600;964;3706;22703;3118;54541433;51950735;37330638;5262054;40569688
FR;0;2022-08-18;584;927;3973;26123;3115;54542017;51951662;37334611;5288177;40572803
FR;0;2022-08-19;567;1108;4206;27084;3425;54542584;51952770;37338817;5315261;40576228
FR;0;2022-08-20;277;460;1294;5521;1103;54542861;51953230;37340111;5320782;40577331
FR;0;2022-08-21;88;130;286;972;253;54542949;51953360;37340397;5321754;40577584
FR;0;2022-08-22;524;916;2869;15221;2412;54543473;51954276;37343266;5336975;40579996
FR;0;2022-08-23;687;1134;4146;28769;3459;54544160;51955410;37347412;5365744;40583455
FR;0;2022-08-24;617;885;3322;19283;2672;54544777;51956295;37350734;5385027;40586127
FR;0;2022-08-25;591;939;3744;23167;3107;54545368;51957234;37354478;5408194;40589234
FR;0;2022-08-26;824;1186;4233;25549;3439;54546192;51958420;37358711;5433743;40592673
FR;0;2022-08-27;284;462;1321;5368;1176;54546476;51958882;37360032;5439111;40593849
FR;0;2022-08-28;106;138;289;870;263;54546582;51959020;37360321;5439981;40594112
FR;0;2022-08-29;581;905;2806;14333;2357;54547163;51959925;37363127;5454314;40596469
FR;0;2022-08-30;801;1145;4409;27835;3574;54547964;51961070;37367536;5482149;40600043
FR;0;2022-08-31;641;874;2918;17063;2431;54548605;51961944;37370454;5499212;40602474
FR;0;2022-09-01;612;810;3276;21229;2681;54549217;51962754;37373730;5520441;40605155
