fra;vaccin;jour;n_dose1;n_dose2;n_cum_dose1;n_cum_dose2
FR;1;2020-12-27;215;0;215;0
FR;1;2020-12-28;229;0;444;0
FR;1;2020-12-29;172;0;616;0
FR;1;2020-12-30;194;0;810;0
FR;1;2020-12-31;164;0;974;0
FR;1;2021-01-01;176;0;1150;0
FR;1;2021-01-02;151;0;1301;0
FR;1;2021-01-03;180;0;1481;0
FR;1;2021-01-04;1619;0;3100;0
FR;1;2021-01-05;5587;0;8687;0
FR;1;2021-01-06;11474;0;20161;0
FR;1;2021-01-07;28905;0;49066;0
FR;1;2021-01-08;36574;0;85640;0
FR;1;2021-01-09;11025;0;96665;0
FR;1;2021-01-10;5717;0;102382;0
FR;1;2021-01-11;39434;0;141816;0
FR;1;2021-01-12;61387;0;203203;0
FR;1;2021-01-13;64385;0;267588;0
FR;1;2021-01-14;80575;0;348163;0
FR;1;2021-01-15;67956;0;416119;0
FR;1;2021-01-16;19695;77;435814;77
FR;1;2021-01-17;10600;42;446414;119
FR;1;2021-01-18;82101;161;528515;280
FR;1;2021-01-19;124966;125;653481;405
FR;1;2021-01-20;131347;157;784828;562
FR;1;2021-01-21;151550;132;936378;694
FR;1;2021-01-22;114933;160;1051311;854
FR;1;2021-01-23;36309;50;1087620;904
FR;1;2021-01-24;9367;27;1096987;931
FR;1;2021-01-25;73720;1215;1170707;2146
FR;1;2021-01-26;95796;3109;1266503;5255
FR;1;2021-01-27;102926;5593;1369429;10848
FR;1;2021-01-28;119803;14357;1489232;25205
FR;1;2021-01-29;88296;17282;1577528;42487
FR;1;2021-01-30;27761;4223;1605289;46710
FR;1;2021-01-31;4981;1679;1610270;48389
FR;1;2021-02-01;48692;21121;1658962;69510
FR;1;2021-02-02;66978;34558;1725940;104068
FR;1;2021-02-03;66435;36957;1792375;141025
FR;1;2021-02-04;76387;50040;1868762;191065
FR;1;2021-02-05;62883;45324;1931645;236389
FR;1;2021-02-06;19170;10393;1950815;246782
FR;1;2021-02-07;3508;5041;1954323;251823
FR;1;2021-02-08;36085;45963;1990408;297786
FR;1;2021-02-09;50338;72384;2040746;370170
FR;1;2021-02-10;51276;76670;2092022;446840
FR;1;2021-02-11;62722;99072;2154744;545912
FR;1;2021-02-12;55267;73974;2210011;619886
FR;1;2021-02-13;15247;19262;2225258;639148
FR;1;2021-02-14;3508;7191;2228766;646339
FR;1;2021-02-15;23765;73434;2252531;719773
FR;1;2021-02-16;32323;96845;2284854;816618
FR;1;2021-02-17;34624;98585;2319478;915203
FR;1;2021-02-18;48776;113430;2368254;1028633
FR;1;2021-02-19;44883;86421;2413137;1115054
FR;1;2021-02-20;13175;26912;2426312;1141966
FR;1;2021-02-21;2225;6286;2428537;1148252
FR;1;2021-02-22;24280;69416;2452817;1217668
FR;1;2021-02-23;36969;80356;2489786;1298024
FR;1;2021-02-24;39981;77648;2529767;1375672
FR;1;2021-02-25;49540;87948;2579307;1463620
FR;1;2021-02-26;46578;67887;2625885;1531507
FR;1;2021-02-27;15383;20931;2641268;1552438
FR;1;2021-02-28;3323;4385;2644591;1556823
FR;1;2021-03-01;39180;49011;2683771;1605834
FR;1;2021-03-02;55192;61512;2738963;1667346
FR;1;2021-03-03;60159;60648;2799122;1727994
FR;1;2021-03-04;72045;64894;2871167;1792888
FR;1;2021-03-05;73796;59261;2944963;1852149
FR;1;2021-03-06;81868;16084;3026831;1868233
FR;1;2021-03-07;63269;5413;3090100;1873646
FR;1;2021-03-08;59354;42463;3149454;1916109
FR;1;2021-03-09;85116;48317;3234570;1964426
FR;1;2021-03-10;89751;48064;3324321;2012490
FR;1;2021-03-11;103946;53854;3428267;2066344
FR;1;2021-03-12;103071;45290;3531338;2111634
FR;1;2021-03-13;88297;12744;3619635;2124378
FR;1;2021-03-14;43992;3028;3663627;2127406
FR;1;2021-03-15;94508;29119;3758135;2156525
FR;1;2021-03-16;122698;34891;3880833;2191416
FR;1;2021-03-17;128428;34831;4009261;2226247
FR;1;2021-03-18;141883;39714;4151144;2265961
FR;1;2021-03-19;135281;32898;4286425;2298859
FR;1;2021-03-20;75417;10208;4361842;2309067
FR;1;2021-03-21;26069;2475;4387911;2311542
FR;1;2021-03-22;113772;31175;4501683;2342717
FR;1;2021-03-23;141946;38171;4643629;2380888
FR;1;2021-03-24;140918;38773;4784547;2419661
FR;1;2021-03-25;163935;39620;4948482;2459281
FR;1;2021-03-26;165459;37491;5113941;2496772
FR;1;2021-03-27;110329;15253;5224270;2512025
FR;1;2021-03-28;41957;3621;5266227;2515646
FR;1;2021-03-29;129099;49949;5395326;2565595
FR;1;2021-03-30;166618;63580;5561944;2629175
FR;1;2021-03-31;169848;66899;5731792;2696074
FR;1;2021-04-01;192611;79245;5924403;2775319
FR;1;2021-04-02;163326;84314;6087729;2859633
FR;1;2021-04-03;87516;58170;6175245;2917803
FR;1;2021-04-04;32579;17732;6207824;2935535
FR;1;2021-04-05;42871;10176;6250695;2945711
FR;1;2021-04-06;158853;100872;6409548;3046583
FR;1;2021-04-07;195309;108248;6604857;3154831
FR;1;2021-04-08;220107;112382;6824964;3267213
FR;1;2021-04-09;212828;107500;7037792;3374713
FR;1;2021-04-10;116365;73456;7154157;3448169
FR;1;2021-04-11;40322;30283;7194479;3478452
FR;1;2021-04-12;167217;103781;7361696;3582233
FR;1;2021-04-13;202215;128241;7563911;3710474
FR;1;2021-04-14;206581;122805;7770492;3833279
FR;1;2021-04-15;219349;126756;7989841;3960035
FR;1;2021-04-16;204740;125143;8194581;4085178
FR;1;2021-04-17;121371;67481;8315952;4152659
FR;1;2021-04-18;35468;20992;8351420;4173651
FR;1;2021-04-19;162521;121910;8513941;4295561
FR;1;2021-04-20;187817;148765;8701758;4444326
FR;1;2021-04-21;192427;146706;8894185;4591032
FR;1;2021-04-22;207424;162632;9101609;4753664
FR;1;2021-04-23;197620;156928;9299229;4910592
FR;1;2021-04-24;125424;95504;9424653;5006096
FR;1;2021-04-25;53101;30130;9477754;5036226
FR;1;2021-04-26;179963;138269;9657717;5174495
FR;1;2021-04-27;219874;161972;9877591;5336467
FR;1;2021-04-28;236819;155109;10114410;5491576
FR;1;2021-04-29;268517;160060;10382927;5651636
FR;1;2021-04-30;270254;148148;10653181;5799784
FR;1;2021-05-01;138845;40709;10792026;5840493
FR;1;2021-05-02;80744;28150;10872770;5868643
FR;1;2021-05-03;248159;146457;11120929;6015100
FR;1;2021-05-04;263391;186832;11384320;6201932
FR;1;2021-05-05;280367;184562;11664687;6386494
FR;1;2021-05-06;306877;183027;11971564;6569521
FR;1;2021-05-07;281892;195723;12253456;6765244
FR;1;2021-05-08;190404;48336;12443860;6813580
FR;1;2021-05-09;113409;36212;12557269;6849792
FR;1;2021-05-10;254300;194253;12811569;7044045
FR;1;2021-05-11;316337;211391;13127906;7255436
FR;1;2021-05-12;353363;185895;13481269;7441331
FR;1;2021-05-13;280909;47648;13762178;7488979
FR;1;2021-05-14;367468;128853;14129646;7617832
FR;1;2021-05-15;295152;66146;14424798;7683978
FR;1;2021-05-16;156733;15578;14581531;7699556
FR;1;2021-05-17;316565;116689;14898096;7816245
FR;1;2021-05-18;379665;111325;15277761;7927570
FR;1;2021-05-19;392559;102913;15670320;8030483
FR;1;2021-05-20;418549;96318;16088869;8126801
FR;1;2021-05-21;397092;97377;16485961;8224178
FR;1;2021-05-22;274122;42087;16760083;8266265
FR;1;2021-05-23;122315;11209;16882398;8277474
FR;1;2021-05-24;242594;26309;17124992;8303783
FR;1;2021-05-25;363574;131940;17488566;8435723
FR;1;2021-05-26;378328;125701;17866894;8561424
FR;1;2021-05-27;403639;128221;18270533;8689645
FR;1;2021-05-28;363838;145547;18634371;8835192
FR;1;2021-05-29;252765;80977;18887136;8916169
FR;1;2021-05-30;100249;22573;18987385;8938742
FR;1;2021-05-31;312459;148820;19299844;9087562
FR;1;2021-06-01;353509;166792;19653353;9254354
FR;1;2021-06-02;358038;153263;20011391;9407617
FR;1;2021-06-03;384404;147764;20395795;9555381
FR;1;2021-06-04;359631;175674;20755426;9731055
FR;1;2021-06-05;256356;112798;21011782;9843853
FR;1;2021-06-06;125169;37539;21136951;9881392
FR;1;2021-06-07;296098;208218;21433049;10089610
FR;1;2021-06-08;327193;221098;21760242;10310708
FR;1;2021-06-09;332331;212692;22092573;10523400
FR;1;2021-06-10;338097;202301;22430670;10725701
FR;1;2021-06-11;309142;235551;22739812;10961252
FR;1;2021-06-12;242235;150863;22982047;11112115
FR;1;2021-06-13;99427;61086;23081474;11173201
FR;1;2021-06-14;205144;289199;23286618;11462400
FR;1;2021-06-15;252852;282579;23539470;11744979
FR;1;2021-06-16;270291;270596;23809761;12015575
FR;1;2021-06-17;264949;244542;24074710;12260117
FR;1;2021-06-18;257273;296162;24331983;12556279
FR;1;2021-06-19;192209;209711;24524192;12765990
FR;1;2021-06-20;68825;89197;24593017;12855187
FR;1;2021-06-21;169743;320177;24762760;13175364
FR;1;2021-06-22;183383;347857;24946143;13523221
FR;1;2021-06-23;201389;339580;25147532;13862801
FR;1;2021-06-24;200919;281918;25348451;14144719
FR;1;2021-06-25;179497;372067;25527948;14516786
FR;1;2021-06-26;130257;278526;25658205;14795312
FR;1;2021-06-27;51785;123059;25709990;14918371
FR;1;2021-06-28;134744;368566;25844734;15286937
FR;1;2021-06-29;153038;389724;25997772;15676661
FR;1;2021-06-30;176823;378476;26174595;16055137
FR;1;2021-07-01;188808;332328;26363403;16387465
FR;1;2021-07-02;182817;367949;26546220;16755414
FR;1;2021-07-03;122380;280685;26668600;17036099
FR;1;2021-07-04;53096;113785;26721696;17149884
FR;1;2021-07-05;147574;356367;26869270;17506251
FR;1;2021-07-06;168044;382876;27037314;17889127
FR;1;2021-07-07;184027;362917;27221341;18252044
FR;1;2021-07-08;196765;323263;27418106;18575307
FR;1;2021-07-09;183458;386891;27601564;18962198
FR;1;2021-07-10;127532;281120;27729096;19243318
FR;1;2021-07-11;56809;102525;27785905;19345843
FR;1;2021-07-12;144443;417188;27930348;19763031
FR;1;2021-07-13;229462;439894;28159810;20202925
FR;1;2021-07-14;168257;151719;28328067;20354644
FR;1;2021-07-15;273342;424975;28601409;20779619
FR;1;2021-07-16;283285;401607;28884694;21181226
FR;1;2021-07-17;213657;282466;29098351;21463692
FR;1;2021-07-18;100938;107514;29199289;21571206
FR;1;2021-07-19;232486;379644;29431775;21950850
FR;1;2021-07-20;299871;381546;29731646;22332396
FR;1;2021-07-21;327771;354065;30059417;22686461
FR;1;2021-07-22;357714;319826;30417131;23006287
FR;1;2021-07-23;340868;343457;30757999;23349744
FR;1;2021-07-24;235792;241565;30993791;23591309
FR;1;2021-07-25;111269;76221;31105060;23667530
FR;1;2021-07-26;293605;290722;31398665;23958252
FR;1;2021-07-27;377949;269305;31776614;24227557
FR;1;2021-07-28;381863;251873;32158477;24479430
FR;1;2021-07-29;399457;228289;32557934;24707719
FR;1;2021-07-30;362127;247029;32920061;24954748
FR;1;2021-07-31;240256;165172;33160317;25119920
FR;1;2021-08-01;101371;47304;33261688;25167224
FR;1;2021-08-02;276823;213041;33538511;25380265
FR;1;2021-08-03;320193;209597;33858704;25589862
FR;1;2021-08-04;318033;184676;34176737;25774538
FR;1;2021-08-05;293156;193528;34469893;25968066
FR;1;2021-08-06;282353;224982;34752246;26193048
FR;1;2021-08-07;179091;159221;34931337;26352269
FR;1;2021-08-08;66680;59273;34998017;26411542
FR;1;2021-08-09;215624;236583;35213641;26648125
FR;1;2021-08-10;244340;241398;35457981;26889523
FR;1;2021-08-11;228176;233115;35686157;27122638
FR;2;2020-12-27;0;0;0;0
FR;2;2020-12-28;0;0;0;0
FR;2;2020-12-29;0;0;0;0
FR;2;2020-12-30;0;0;0;0
FR;2;2020-12-31;0;0;0;0
FR;2;2021-01-01;0;0;0;0
FR;2;2021-01-02;0;0;0;0
FR;2;2021-01-03;0;0;0;0
FR;2;2021-01-04;0;0;0;0
FR;2;2021-01-05;0;0;0;0
FR;2;2021-01-06;0;0;0;0
FR;2;2021-01-07;0;0;0;0
FR;2;2021-01-08;0;0;0;0
FR;2;2021-01-09;0;0;0;0
FR;2;2021-01-10;0;0;0;0
FR;2;2021-01-11;0;0;0;0
FR;2;2021-01-12;0;0;0;0
FR;2;2021-01-13;0;0;0;0
FR;2;2021-01-14;586;0;586;0
FR;2;2021-01-15;266;0;852;0
FR;2;2021-01-16;220;0;1072;0
FR;2;2021-01-17;28;0;1100;0
FR;2;2021-01-18;2968;0;4068;0
FR;2;2021-01-19;4570;0;8638;0
FR;2;2021-01-20;4988;0;13626;0
FR;2;2021-01-21;5192;0;18818;0
FR;2;2021-01-22;4958;0;23776;0
FR;2;2021-01-23;1769;0;25545;0
FR;2;2021-01-24;121;0;25666;0
FR;2;2021-01-25;3705;0;29371;0
FR;2;2021-01-26;3795;0;33166;0
FR;2;2021-01-27;3474;0;36640;0
FR;2;2021-01-28;3582;0;40222;0
FR;2;2021-01-29;3136;0;43358;0
FR;2;2021-01-30;1080;0;44438;0
FR;2;2021-01-31;12;0;44450;0
FR;2;2021-02-01;3301;0;47751;0
FR;2;2021-02-02;4350;0;52101;0
FR;2;2021-02-03;5067;0;57168;0
FR;2;2021-02-04;4785;3;61953;3
FR;2;2021-02-05;4666;6;66619;9
FR;2;2021-02-06;1956;3;68575;12
FR;2;2021-02-07;52;0;68627;12
FR;2;2021-02-08;7454;8;76081;20
FR;2;2021-02-09;8296;15;84377;35
FR;2;2021-02-10;9192;50;93569;85
FR;2;2021-02-11;10109;66;103678;151
FR;2;2021-02-12;9882;238;113560;389
FR;2;2021-02-13;3050;221;116610;610
FR;2;2021-02-14;309;0;116919;610
FR;2;2021-02-15;3378;3067;120297;3677
FR;2;2021-02-16;4978;3880;125275;7557
FR;2;2021-02-17;4149;4402;129424;11959
FR;2;2021-02-18;5296;5089;134720;17048
FR;2;2021-02-19;5241;4323;139961;21371
FR;2;2021-02-20;1790;1509;141751;22880
FR;2;2021-02-21;208;86;141959;22966
FR;2;2021-02-22;3548;3722;145507;26688
FR;2;2021-02-23;4855;3693;150362;30381
FR;2;2021-02-24;4875;3467;155237;33848
FR;2;2021-02-25;5350;3426;160587;37274
FR;2;2021-02-26;4261;3124;164848;40398
FR;2;2021-02-27;1533;1042;166381;41440
FR;2;2021-02-28;124;28;166505;41468
FR;2;2021-03-01;5015;3764;171520;45232
FR;2;2021-03-02;6380;4727;177900;49959
FR;2;2021-03-03;6358;4882;184258;54841
FR;2;2021-03-04;8197;3966;192455;58807
FR;2;2021-03-05;7850;4058;200305;62865
FR;2;2021-03-06;4672;1683;204977;64548
FR;2;2021-03-07;2320;29;207297;64577
FR;2;2021-03-08;4033;8311;211330;72888
FR;2;2021-03-09;7336;8430;218666;81318
FR;2;2021-03-10;6928;9108;225594;90426
FR;2;2021-03-11;9186;9207;234780;99633
FR;2;2021-03-12;7796;8161;242576;107794
FR;2;2021-03-13;9932;2511;252508;110305
FR;2;2021-03-14;4786;402;257294;110707
FR;2;2021-03-15;10735;3483;268029;114190
FR;2;2021-03-16;16579;4621;284608;118811
FR;2;2021-03-17;20029;3953;304637;122764
FR;2;2021-03-18;23102;4909;327739;127673
FR;2;2021-03-19;23066;4537;350805;132210
FR;2;2021-03-20;25267;1540;376072;133750
FR;2;2021-03-21;17548;147;393620;133897
FR;2;2021-03-22;17549;3079;411169;136976
FR;2;2021-03-23;22425;4184;433594;141160
FR;2;2021-03-24;23706;4986;457300;146146
FR;2;2021-03-25;26465;5020;483765;151166
FR;2;2021-03-26;26716;4262;510481;155428
FR;2;2021-03-27;15765;1308;526246;156736
FR;2;2021-03-28;10479;92;536725;156828
FR;2;2021-03-29;18787;4280;555512;161108
FR;2;2021-03-30;24299;6019;579811;167127
FR;2;2021-03-31;28298;5954;608109;173081
FR;2;2021-04-01;34216;8479;642325;181560
FR;2;2021-04-02;29721;7685;672046;189245
FR;2;2021-04-03;16815;3582;688861;192827
FR;2;2021-04-04;9214;918;698075;193745
FR;2;2021-04-05;12238;808;710313;194553
FR;2;2021-04-06;26906;6926;737219;201479
FR;2;2021-04-07;30701;7156;767920;208635
FR;2;2021-04-08;36641;8818;804561;217453
FR;2;2021-04-09;33555;8595;838116;226048
FR;2;2021-04-10;19536;8969;857652;235017
FR;2;2021-04-11;7845;4271;865497;239288
FR;2;2021-04-12;16939;11252;882436;250540
FR;2;2021-04-13;19257;16425;901693;266965
FR;2;2021-04-14;17804;16280;919497;283245
FR;2;2021-04-15;21959;20755;941456;304000
FR;2;2021-04-16;20505;20077;961961;324077
FR;2;2021-04-17;13127;22461;975088;346538
FR;2;2021-04-18;5821;14403;980909;360941
FR;2;2021-04-19;16575;16254;997484;377195
FR;2;2021-04-20;19065;21578;1016549;398773
FR;2;2021-04-21;19996;21666;1036545;420439
FR;2;2021-04-22;23540;24856;1060085;445295
FR;2;2021-04-23;24305;25349;1084390;470644
FR;2;2021-04-24;25143;15104;1109533;485748
FR;2;2021-04-25;9528;8589;1119061;494337
FR;2;2021-04-26;16977;17198;1136038;511535
FR;2;2021-04-27;19085;24301;1155123;535836
FR;2;2021-04-28;22150;26181;1177273;562017
FR;2;2021-04-29;25272;30130;1202545;592147
FR;2;2021-04-30;25392;27776;1227937;619923
FR;2;2021-05-01;14852;9858;1242789;629781
FR;2;2021-05-02;6560;9183;1249349;638964
FR;2;2021-05-03;19804;19317;1269153;658281
FR;2;2021-05-04;18112;29056;1287265;687337
FR;2;2021-05-05;18086;29409;1305351;716746
FR;2;2021-05-06;23299;35288;1328650;752034
FR;2;2021-05-07;25038;33224;1353688;785258
FR;2;2021-05-08;21131;9701;1374819;794959
FR;2;2021-05-09;13060;7893;1387879;802852
FR;2;2021-05-10;32618;22217;1420497;825069
FR;2;2021-05-11;43305;21072;1463802;846141
FR;2;2021-05-12;49641;19897;1513443;866038
FR;2;2021-05-13;50961;5766;1564404;871804
FR;2;2021-05-14;60987;12953;1625391;884757
FR;2;2021-05-15;65592;7148;1690983;891905
FR;2;2021-05-16;43318;2575;1734301;894480
FR;2;2021-05-17;44426;12586;1778727;907066
FR;2;2021-05-18;54272;12244;1832999;919310
FR;2;2021-05-19;56810;10616;1889809;929926
FR;2;2021-05-20;63019;10875;1952828;940801
FR;2;2021-05-21;63916;11664;2016744;952465
FR;2;2021-05-22;61214;4513;2077958;956978
FR;2;2021-05-23;37306;570;2115264;957548
FR;2;2021-05-24;17004;2030;2132268;959578
FR;2;2021-05-25;20799;12239;2153067;971817
FR;2;2021-05-26;19577;11457;2172644;983274
FR;2;2021-05-27;22658;12662;2195302;995936
FR;2;2021-05-28;29095;14977;2224397;1010913
FR;2;2021-05-29;30221;8180;2254618;1019093
FR;2;2021-05-30;4558;1812;2259176;1020905
FR;2;2021-05-31;28356;18750;2287532;1039655
FR;2;2021-06-01;45208;20069;2332740;1059724
FR;2;2021-06-02;37141;19309;2369881;1079033
FR;2;2021-06-03;50919;23383;2420800;1102416
FR;2;2021-06-04;65206;24097;2486006;1126513
FR;2;2021-06-05;34290;24041;2520296;1150554
FR;2;2021-06-06;4828;6203;2525124;1156757
FR;2;2021-06-07;27902;23100;2553026;1179857
FR;2;2021-06-08;46079;22960;2599105;1202817
FR;2;2021-06-09;34042;20912;2633147;1223729
FR;2;2021-06-10;42353;19154;2675500;1242883
FR;2;2021-06-11;55036;25249;2730536;1268132
FR;2;2021-06-12;30410;19815;2760946;1287947
FR;2;2021-06-13;3229;9189;2764175;1297136
FR;2;2021-06-14;25079;24189;2789254;1321325
FR;2;2021-06-15;38749;22889;2828003;1344214
FR;2;2021-06-16;29946;21487;2857949;1365701
FR;2;2021-06-17;36655;25903;2894604;1391604
FR;2;2021-06-18;46633;28800;2941237;1420404
FR;2;2021-06-19;24400;24918;2965637;1445322
FR;2;2021-06-20;2691;10073;2968328;1455395
FR;2;2021-06-21;17291;42777;2985619;1498172
FR;2;2021-06-22;28155;49621;3013774;1547793
FR;2;2021-06-23;21603;49622;3035377;1597415
FR;2;2021-06-24;28194;50314;3063571;1647729
FR;2;2021-06-25;33217;60438;3096788;1708167
FR;2;2021-06-26;16227;59292;3113015;1767459
FR;2;2021-06-27;2499;29359;3115514;1796818
FR;2;2021-06-28;12472;54387;3127986;1851205
FR;2;2021-06-29;19712;59912;3147698;1911117
FR;2;2021-06-30;16170;57790;3163868;1968907
FR;2;2021-07-01;20070;59922;3183938;2028829
FR;2;2021-07-02;23623;62229;3207561;2091058
FR;2;2021-07-03;11922;57113;3219483;2148171
FR;2;2021-07-04;1891;23335;3221374;2171506
FR;2;2021-07-05;8844;29373;3230218;2200879
FR;2;2021-07-06;14273;36214;3244491;2237093
FR;2;2021-07-07;13993;33694;3258484;2270787
FR;2;2021-07-08;19228;40306;3277712;2311093
FR;2;2021-07-09;26650;54290;3304362;2365383
FR;2;2021-07-10;13170;33686;3317532;2399069
FR;2;2021-07-11;1618;4329;3319150;2403398
FR;2;2021-07-12;12590;37290;3331740;2440688
FR;2;2021-07-13;36731;53295;3368471;2493983
FR;2;2021-07-14;6295;3578;3374766;2497561
FR;2;2021-07-15;46660;47067;3421426;2544628
FR;2;2021-07-16;63651;55905;3485077;2600533
FR;2;2021-07-17;31205;23967;3516282;2624500
FR;2;2021-07-18;5931;4945;3522213;2629445
FR;2;2021-07-19;32519;28745;3554732;2658190
FR;2;2021-07-20;51309;44616;3606041;2702806
FR;2;2021-07-21;44635;34850;3650676;2737656
FR;2;2021-07-22;55394;41121;3706070;2778777
FR;2;2021-07-23;67376;49157;3773446;2827934
FR;2;2021-07-24;35553;21576;3808999;2849510
FR;2;2021-07-25;6469;2682;3815468;2852192
FR;2;2021-07-26;35497;22532;3850965;2874724
FR;2;2021-07-27;61489;34683;3912454;2909407
FR;2;2021-07-28;54538;26504;3966992;2935911
FR;2;2021-07-29;67457;32813;4034449;2968724
FR;2;2021-07-30;73137;37801;4107586;3006525
FR;2;2021-07-31;33967;16168;4141553;3022693
FR;2;2021-08-01;5049;2308;4146602;3025001
FR;2;2021-08-02;34613;16202;4181215;3041203
FR;2;2021-08-03;54905;28262;4236120;3069465
FR;2;2021-08-04;45620;20870;4281740;3090335
FR;2;2021-08-05;53383;31615;4335123;3121950
FR;2;2021-08-06;56719;42392;4391842;3164342
FR;2;2021-08-07;24280;17600;4416122;3181942
FR;2;2021-08-08;3557;3670;4419679;3185612
FR;2;2021-08-09;28180;21157;4447859;3206769
FR;2;2021-08-10;43683;33557;4491542;3240326
FR;2;2021-08-11;33654;25159;4525196;3265485
FR;3;2020-12-27;0;0;0;0
FR;3;2020-12-28;0;0;0;0
FR;3;2020-12-29;0;0;0;0
FR;3;2020-12-30;0;0;0;0
FR;3;2020-12-31;0;0;0;0
FR;3;2021-01-01;0;0;0;0
FR;3;2021-01-02;0;0;0;0
FR;3;2021-01-03;0;0;0;0
FR;3;2021-01-04;0;0;0;0
FR;3;2021-01-05;0;0;0;0
FR;3;2021-01-06;0;0;0;0
FR;3;2021-01-07;0;0;0;0
FR;3;2021-01-08;0;0;0;0
FR;3;2021-01-09;0;0;0;0
FR;3;2021-01-10;0;0;0;0
FR;3;2021-01-11;0;0;0;0
FR;3;2021-01-12;0;0;0;0
FR;3;2021-01-13;0;0;0;0
FR;3;2021-01-14;0;0;0;0
FR;3;2021-01-15;0;0;0;0
FR;3;2021-01-16;0;0;0;0
FR;3;2021-01-17;0;0;0;0
FR;3;2021-01-18;0;0;0;0
FR;3;2021-01-19;0;0;0;0
FR;3;2021-01-20;0;0;0;0
FR;3;2021-01-21;0;0;0;0
FR;3;2021-01-22;0;0;0;0
FR;3;2021-01-23;0;0;0;0
FR;3;2021-01-24;0;0;0;0
FR;3;2021-01-25;0;0;0;0
FR;3;2021-01-26;0;0;0;0
FR;3;2021-01-27;0;0;0;0
FR;3;2021-01-28;0;0;0;0
FR;3;2021-01-29;0;0;0;0
FR;3;2021-01-30;0;0;0;0
FR;3;2021-01-31;0;0;0;0
FR;3;2021-02-01;0;0;0;0
FR;3;2021-02-02;0;0;0;0
FR;3;2021-02-03;0;0;0;0
FR;3;2021-02-04;0;0;0;0
FR;3;2021-02-05;0;0;0;0
FR;3;2021-02-06;589;0;589;0
FR;3;2021-02-07;1369;0;1958;0
FR;3;2021-02-08;2674;0;4632;0
FR;3;2021-02-09;6681;0;11313;0
FR;3;2021-02-10;9412;0;20725;0
FR;3;2021-02-11;13443;0;34168;0
FR;3;2021-02-12;13146;0;47314;0
FR;3;2021-02-13;3564;0;50878;0
FR;3;2021-02-14;883;0;51761;0
FR;3;2021-02-15;10224;0;61985;0
FR;3;2021-02-16;12291;0;74276;0
FR;3;2021-02-17;10918;0;85194;0
FR;3;2021-02-18;14696;0;99890;0
FR;3;2021-02-19;14205;0;114095;0
FR;3;2021-02-20;3217;0;117312;0
FR;3;2021-02-21;559;0;117871;0
FR;3;2021-02-22;8994;0;126865;0
FR;3;2021-02-23;11196;0;138061;0
FR;3;2021-02-24;14044;0;152105;0
FR;3;2021-02-25;44668;0;196773;0
FR;3;2021-02-26;61661;0;258434;0
FR;3;2021-02-27;34630;6;293064;6
FR;3;2021-02-28;2388;0;295452;6
FR;3;2021-03-01;20152;9;315604;15
FR;3;2021-03-02;38585;12;354189;27
FR;3;2021-03-03;48341;16;402530;43
FR;3;2021-03-04;81819;18;484349;61
FR;3;2021-03-05;117700;42;602049;103
FR;3;2021-03-06;120214;47;722263;150
FR;3;2021-03-07;54940;27;777203;177
FR;3;2021-03-08;42473;20;819676;197
FR;3;2021-03-09;78597;30;898273;227
FR;3;2021-03-10;80448;36;978721;263
FR;3;2021-03-11;127989;46;1106710;309
FR;3;2021-03-12;182212;67;1288922;376
FR;3;2021-03-13;131771;51;1420693;427
FR;3;2021-03-14;13921;4;1434614;431
FR;3;2021-03-15;51857;37;1486471;468
FR;3;2021-03-16;1013;13;1487484;481
FR;3;2021-03-17;765;6;1488249;487
FR;3;2021-03-18;1340;4;1489589;491
FR;3;2021-03-19;70127;36;1559716;527
FR;3;2021-03-20;64959;35;1624675;562
FR;3;2021-03-21;5607;4;1630282;566
FR;3;2021-03-22;37194;30;1667476;596
FR;3;2021-03-23;84246;49;1751722;645
FR;3;2021-03-24;90576;89;1842298;734
FR;3;2021-03-25;149641;114;1991939;848
FR;3;2021-03-26;165006;152;2156945;1000
FR;3;2021-03-27;68166;88;2225111;1088
FR;3;2021-03-28;6345;19;2231456;1107
FR;3;2021-03-29;53877;59;2285333;1166
FR;3;2021-03-30;92844;87;2378177;1253
FR;3;2021-03-31;63207;81;2441384;1334
FR;3;2021-04-01;85744;99;2527128;1433
FR;3;2021-04-02;86615;143;2613743;1576
FR;3;2021-04-03;35672;108;2649415;1684
FR;3;2021-04-04;3452;15;2652867;1699
FR;3;2021-04-05;4344;21;2657211;1720
FR;3;2021-04-06;29421;74;2686632;1794
FR;3;2021-04-07;32015;59;2718647;1853
FR;3;2021-04-08;78477;233;2797124;2086
FR;3;2021-04-09;161383;405;2958507;2491
FR;3;2021-04-10;75473;329;3033980;2820
FR;3;2021-04-11;7179;42;3041159;2862
FR;3;2021-04-12;51149;195;3092308;3057
FR;3;2021-04-13;85880;309;3178188;3366
FR;3;2021-04-14;67434;337;3245622;3703
FR;3;2021-04-15;92736;363;3338358;4066
FR;3;2021-04-16;112165;567;3450523;4633
FR;3;2021-04-17;53072;320;3503595;4953
FR;3;2021-04-18;9589;32;3513184;4985
FR;3;2021-04-19;24820;228;3538004;5213
FR;3;2021-04-20;45306;390;3583310;5603
FR;3;2021-04-21;38615;442;3621925;6045
FR;3;2021-04-22;54406;780;3676331;6825
FR;3;2021-04-23;70195;1009;3746526;7834
FR;3;2021-04-24;37029;969;3783555;8803
FR;3;2021-04-25;6042;152;3789597;8955
FR;3;2021-04-26;19473;648;3809070;9603
FR;3;2021-04-27;34146;1240;3843216;10843
FR;3;2021-04-28;28693;1926;3871909;12769
FR;3;2021-04-29;45097;5946;3917006;18715
FR;3;2021-04-30;55228;8921;3972234;27636
FR;3;2021-05-01;9346;1964;3981580;29600
FR;3;2021-05-02;2904;498;3984484;30098
FR;3;2021-05-03;12791;3881;3997275;33979
FR;3;2021-05-04;22786;8428;4020061;42407
FR;3;2021-05-05;18414;10568;4038475;52975
FR;3;2021-05-06;34298;20893;4072773;73868
FR;3;2021-05-07;43900;28395;4116673;102263
FR;3;2021-05-08;6571;8879;4123244;111142
FR;3;2021-05-09;1671;2651;4124915;113793
FR;3;2021-05-10;14706;12555;4139621;126348
FR;3;2021-05-11;26757;25721;4166378;152069
FR;3;2021-05-12;17006;27447;4183384;179516
FR;3;2021-05-13;2109;3483;4185493;182999
FR;3;2021-05-14;14287;25735;4199780;208734
FR;3;2021-05-15;7024;20730;4206804;229464
FR;3;2021-05-16;874;2678;4207678;232142
FR;3;2021-05-17;7700;19907;4215378;252049
FR;3;2021-05-18;13148;29628;4228526;281677
FR;3;2021-05-19;8981;31856;4237507;313533
FR;3;2021-05-20;12502;53212;4250009;366745
FR;3;2021-05-21;12475;65528;4262484;432273
FR;3;2021-05-22;4769;33296;4267253;465569
FR;3;2021-05-23;539;2665;4267792;468234
FR;3;2021-05-24;625;4915;4268417;473149
FR;3;2021-05-25;5011;45170;4273428;518319
FR;3;2021-05-26;4696;51052;4278124;569371
FR;3;2021-05-27;6044;77836;4284168;647207
FR;3;2021-05-28;7287;99100;4291455;746307
FR;3;2021-05-29;3140;60283;4294595;806590
FR;3;2021-05-30;388;8243;4294983;814833
FR;3;2021-05-31;2142;35992;4297125;850825
FR;3;2021-06-01;3061;64813;4300186;915638
FR;3;2021-06-02;2460;58355;4302646;973993
FR;3;2021-06-03;3247;87581;4305893;1061574
FR;3;2021-06-04;3909;105121;4309802;1166695
FR;3;2021-06-05;1822;52244;4311624;1218939
FR;3;2021-06-06;286;5399;4311910;1224338
FR;3;2021-06-07;1150;31182;4313060;1255520
FR;3;2021-06-08;1752;47282;4314812;1302802
FR;3;2021-06-09;1500;42395;4316312;1345197
FR;3;2021-06-10;1926;68001;4318238;1413198
FR;3;2021-06-11;2268;96799;4320506;1509997
FR;3;2021-06-12;1018;40835;4321524;1550832
FR;3;2021-06-13;157;3823;4321681;1554655
FR;3;2021-06-14;801;42665;4322482;1597320
FR;3;2021-06-15;1181;80698;4323663;1678018
FR;3;2021-06-16;1056;65782;4324719;1743800
FR;3;2021-06-17;1461;101856;4326180;1845656
FR;3;2021-06-18;1746;117924;4327926;1963580
FR;3;2021-06-19;723;39406;4328649;2002986
FR;3;2021-06-20;81;3384;4328730;2006370
FR;3;2021-06-21;588;39290;4329318;2045660
FR;3;2021-06-22;899;70019;4330217;2115679
FR;3;2021-06-23;801;50846;4331018;2166525
FR;3;2021-06-24;1168;77216;4332186;2243741
FR;3;2021-06-25;1287;89970;4333473;2333711
FR;3;2021-06-26;548;33137;4334021;2366848
FR;3;2021-06-27;93;4029;4334114;2370877
FR;3;2021-06-28;486;30460;4334600;2401337
FR;3;2021-06-29;744;56147;4335344;2457484
FR;3;2021-06-30;763;45065;4336107;2502549
FR;3;2021-07-01;1001;65663;4337108;2568212
FR;3;2021-07-02;1181;90450;4338289;2658662
FR;3;2021-07-03;541;31195;4338830;2689857
FR;3;2021-07-04;83;4275;4338913;2694132
FR;3;2021-07-05;503;33934;4339416;2728066
FR;3;2021-07-06;807;56135;4340223;2784201
FR;3;2021-07-07;747;43085;4340970;2827286
FR;3;2021-07-08;1008;60763;4341978;2888049
FR;3;2021-07-09;1150;68842;4343128;2956891
FR;3;2021-07-10;556;25054;4343684;2981945
FR;3;2021-07-11;67;3311;4343751;2985256
FR;3;2021-07-12;521;23933;4344272;3009189
FR;3;2021-07-13;1505;34769;4345777;3043958
FR;3;2021-07-14;135;2652;4345912;3046610
FR;3;2021-07-15;1822;30700;4347734;3077310
FR;3;2021-07-16;2390;38908;4350124;3116218
FR;3;2021-07-17;970;13753;4351094;3129971
FR;3;2021-07-18;200;2611;4351294;3132582
FR;3;2021-07-19;1180;17242;4352474;3149824
FR;3;2021-07-20;1712;27174;4354186;3176998
FR;3;2021-07-21;1537;19754;4355723;3196752
FR;3;2021-07-22;1732;27806;4357455;3224558
FR;3;2021-07-23;2091;30481;4359546;3255039
FR;3;2021-07-24;751;7022;4360297;3262061
FR;3;2021-07-25;159;1353;4360456;3263414
FR;3;2021-07-26;796;10736;4361252;3274150
FR;3;2021-07-27;1052;16984;4362304;3291134
FR;3;2021-07-28;854;12137;4363158;3303271
FR;3;2021-07-29;1024;15872;4364182;3319143
FR;3;2021-07-30;1032;18112;4365214;3337255
FR;3;2021-07-31;332;3751;4365546;3341006
FR;3;2021-08-01;44;484;4365590;3341490
FR;3;2021-08-02;314;5164;4365904;3346654
FR;3;2021-08-03;405;7589;4366309;3354243
FR;3;2021-08-04;358;4893;4366667;3359136
FR;3;2021-08-05;353;3749;4367020;3362885
FR;3;2021-08-06;384;4788;4367404;3367673
FR;3;2021-08-07;156;1926;4367560;3369599
FR;3;2021-08-08;41;423;4367601;3370022
FR;3;2021-08-09;209;2522;4367810;3372544
FR;3;2021-08-10;255;3901;4368065;3376445
FR;3;2021-08-11;182;2720;4368247;3379165
FR;4;2020-12-27;0;0;0;0
FR;4;2020-12-28;0;0;0;0
FR;4;2020-12-29;0;0;0;0
FR;4;2020-12-30;0;0;0;0
FR;4;2020-12-31;0;0;0;0
FR;4;2021-01-01;0;0;0;0
FR;4;2021-01-02;0;0;0;0
FR;4;2021-01-03;0;0;0;0
FR;4;2021-01-04;0;0;0;0
FR;4;2021-01-05;0;0;0;0
FR;4;2021-01-06;0;0;0;0
FR;4;2021-01-07;0;0;0;0
FR;4;2021-01-08;0;0;0;0
FR;4;2021-01-09;0;0;0;0
FR;4;2021-01-10;0;0;0;0
FR;4;2021-01-11;0;0;0;0
FR;4;2021-01-12;0;0;0;0
FR;4;2021-01-13;0;0;0;0
FR;4;2021-01-14;0;0;0;0
FR;4;2021-01-15;0;0;0;0
FR;4;2021-01-16;0;0;0;0
FR;4;2021-01-17;0;0;0;0
FR;4;2021-01-18;0;0;0;0
FR;4;2021-01-19;0;0;0;0
FR;4;2021-01-20;0;0;0;0
FR;4;2021-01-21;0;0;0;0
FR;4;2021-01-22;0;0;0;0
FR;4;2021-01-23;0;0;0;0
FR;4;2021-01-24;0;0;0;0
FR;4;2021-01-25;0;0;0;0
FR;4;2021-01-26;0;0;0;0
FR;4;2021-01-27;0;0;0;0
FR;4;2021-01-28;0;0;0;0
FR;4;2021-01-29;0;0;0;0
FR;4;2021-01-30;0;0;0;0
FR;4;2021-01-31;0;0;0;0
FR;4;2021-02-01;0;0;0;0
FR;4;2021-02-02;0;0;0;0
FR;4;2021-02-03;0;0;0;0
FR;4;2021-02-04;0;0;0;0
FR;4;2021-02-05;0;0;0;0
FR;4;2021-02-06;0;0;0;0
FR;4;2021-02-07;0;0;0;0
FR;4;2021-02-08;0;0;0;0
FR;4;2021-02-09;0;0;0;0
FR;4;2021-02-10;0;0;0;0
FR;4;2021-02-11;0;0;0;0
FR;4;2021-02-12;0;0;0;0
FR;4;2021-02-13;0;0;0;0
FR;4;2021-02-14;0;0;0;0
FR;4;2021-02-15;0;0;0;0
FR;4;2021-02-16;0;0;0;0
FR;4;2021-02-17;0;0;0;0
FR;4;2021-02-18;0;0;0;0
FR;4;2021-02-19;0;0;0;0
FR;4;2021-02-20;0;0;0;0
FR;4;2021-02-21;0;0;0;0
FR;4;2021-02-22;0;0;0;0
FR;4;2021-02-23;0;0;0;0
FR;4;2021-02-24;0;0;0;0
FR;4;2021-02-25;0;0;0;0
FR;4;2021-02-26;0;0;0;0
FR;4;2021-02-27;0;0;0;0
FR;4;2021-02-28;0;0;0;0
FR;4;2021-03-01;0;0;0;0
FR;4;2021-03-02;0;0;0;0
FR;4;2021-03-03;0;0;0;0
FR;4;2021-03-04;0;0;0;0
FR;4;2021-03-05;0;1;0;1
FR;4;2021-03-06;0;0;0;1
FR;4;2021-03-07;0;0;0;1
FR;4;2021-03-08;0;0;0;1
FR;4;2021-03-09;0;0;0;1
FR;4;2021-03-10;0;0;0;1
FR;4;2021-03-11;0;0;0;1
FR;4;2021-03-12;0;0;0;1
FR;4;2021-03-13;0;0;0;1
FR;4;2021-03-14;0;0;0;1
FR;4;2021-03-15;0;0;0;1
FR;4;2021-03-16;0;0;0;1
FR;4;2021-03-17;0;0;0;1
FR;4;2021-03-18;0;0;0;1
FR;4;2021-03-19;0;0;0;1
FR;4;2021-03-20;0;0;0;1
FR;4;2021-03-21;0;0;0;1
FR;4;2021-03-22;0;0;0;1
FR;4;2021-03-23;0;0;0;1
FR;4;2021-03-24;0;0;0;1
FR;4;2021-03-25;0;0;0;1
FR;4;2021-03-26;0;0;0;1
FR;4;2021-03-27;0;0;0;1
FR;4;2021-03-28;0;0;0;1
FR;4;2021-03-29;0;0;0;1
FR;4;2021-03-30;0;0;0;1
FR;4;2021-03-31;0;1;0;2
FR;4;2021-04-01;0;0;0;2
FR;4;2021-04-02;0;0;0;2
FR;4;2021-04-03;0;0;0;2
FR;4;2021-04-04;0;0;0;2
FR;4;2021-04-05;0;0;0;2
FR;4;2021-04-06;0;0;0;2
FR;4;2021-04-07;0;0;0;2
FR;4;2021-04-08;0;0;0;2
FR;4;2021-04-09;0;2;0;4
FR;4;2021-04-10;0;0;0;4
FR;4;2021-04-11;0;0;0;4
FR;4;2021-04-12;0;1;0;5
FR;4;2021-04-13;0;0;0;5
FR;4;2021-04-14;0;0;0;5
FR;4;2021-04-15;0;0;0;5
FR;4;2021-04-16;0;0;0;5
FR;4;2021-04-17;0;0;0;5
FR;4;2021-04-18;0;0;0;5
FR;4;2021-04-19;0;0;0;5
FR;4;2021-04-20;0;0;0;5
FR;4;2021-04-21;0;0;0;5
FR;4;2021-04-22;0;0;0;5
FR;4;2021-04-23;2142;0;2142;5
FR;4;2021-04-24;1557;0;3699;5
FR;4;2021-04-25;122;0;3821;5
FR;4;2021-04-26;2847;0;6668;5
FR;4;2021-04-27;9445;4;16113;9
FR;4;2021-04-28;9836;3;25949;12
FR;4;2021-04-29;15942;8;41891;20
FR;4;2021-04-30;19155;7;61046;27
FR;4;2021-05-01;1936;5;62982;32
FR;4;2021-05-02;457;0;63439;32
FR;4;2021-05-03;4978;1;68417;33
FR;4;2021-05-04;8297;8;76714;41
FR;4;2021-05-05;6063;5;82777;46
FR;4;2021-05-06;11294;11;94071;57
FR;4;2021-05-07;18975;8;113046;65
FR;4;2021-05-08;2286;6;115332;71
FR;4;2021-05-09;637;2;115969;73
FR;4;2021-05-10;7138;8;123107;81
FR;4;2021-05-11;14198;12;137305;93
FR;4;2021-05-12;10057;16;147362;109
FR;4;2021-05-13;1486;3;148848;112
FR;4;2021-05-14;7652;7;156500;119
FR;4;2021-05-15;3636;8;160136;127
FR;4;2021-05-16;378;1;160514;128
FR;4;2021-05-17;4375;3;164889;131
FR;4;2021-05-18;8652;10;173541;141
FR;4;2021-05-19;5584;5;179125;146
FR;4;2021-05-20;9308;6;188433;152
FR;4;2021-05-21;12616;29;201049;181
FR;4;2021-05-22;4963;12;206012;193
FR;4;2021-05-23;445;2;206457;195
FR;4;2021-05-24;966;3;207423;198
FR;4;2021-05-25;7464;16;214887;214
FR;4;2021-05-26;7611;13;222498;227
FR;4;2021-05-27;14181;34;236679;261
FR;4;2021-05-28;26359;81;263038;342
FR;4;2021-05-29;11224;20;274262;362
FR;4;2021-05-30;870;2;275132;364
FR;4;2021-05-31;12484;19;287616;383
FR;4;2021-06-01;19967;41;307583;424
FR;4;2021-06-02;14313;33;321896;457
FR;4;2021-06-03;19235;24;341131;481
FR;4;2021-06-04;22239;45;363370;526
FR;4;2021-06-05;9590;29;372960;555
FR;4;2021-06-06;941;0;373901;555
FR;4;2021-06-07;8988;16;382889;571
FR;4;2021-06-08;14409;26;397298;597
FR;4;2021-06-09;12014;24;409312;621
FR;4;2021-06-10;15166;24;424478;645
FR;4;2021-06-11;16753;51;441231;696
FR;4;2021-06-12;7316;27;448547;723
FR;4;2021-06-13;848;3;449395;726
FR;4;2021-06-14;6478;22;455873;748
FR;4;2021-06-15;10722;32;466595;780
FR;4;2021-06-16;8723;13;475318;793
FR;4;2021-06-17;10690;24;486008;817
FR;4;2021-06-18;12231;39;498239;856
FR;4;2021-06-19;5457;24;503696;880
FR;4;2021-06-20;613;2;504309;882
FR;4;2021-06-21;4893;9;509202;891
FR;4;2021-06-22;7698;18;516900;909
FR;4;2021-06-23;6928;33;523828;942
FR;4;2021-06-24;8461;31;532289;973
FR;4;2021-06-25;9913;36;542202;1009
FR;4;2021-06-26;4634;20;546836;1029
FR;4;2021-06-27;604;2;547440;1031
FR;4;2021-06-28;4566;14;552006;1045
FR;4;2021-06-29;6775;16;558781;1061
FR;4;2021-06-30;6411;36;565192;1097
FR;4;2021-07-01;7868;26;573060;1123
FR;4;2021-07-02;9170;44;582230;1167
FR;4;2021-07-03;4690;18;586920;1185
FR;4;2021-07-04;572;5;587492;1190
FR;4;2021-07-05;4579;18;592071;1208
FR;4;2021-07-06;7463;20;599534;1228
FR;4;2021-07-07;6735;27;606269;1255
FR;4;2021-07-08;8949;37;615218;1292
FR;4;2021-07-09;10034;30;625252;1322
FR;4;2021-07-10;4465;10;629717;1332
FR;4;2021-07-11;500;0;630217;1332
FR;4;2021-07-12;5613;27;635830;1359
FR;4;2021-07-13;13996;26;649826;1385
FR;4;2021-07-14;2054;6;651880;1391
FR;4;2021-07-15;17947;32;669827;1423
FR;4;2021-07-16;22484;63;692311;1486
FR;4;2021-07-17;9514;16;701825;1502
FR;4;2021-07-18;1260;4;703085;1506
FR;4;2021-07-19;12693;26;715778;1532
FR;4;2021-07-20;17053;28;732831;1560
FR;4;2021-07-21;15268;27;748099;1587
FR;4;2021-07-22;17912;40;766011;1627
FR;4;2021-07-23;20009;46;786020;1673
FR;4;2021-07-24;9000;28;795020;1701
FR;4;2021-07-25;1185;6;796205;1707
FR;4;2021-07-26;10600;18;806805;1725
FR;4;2021-07-27;14097;25;820902;1750
FR;4;2021-07-28;12266;18;833168;1768
FR;4;2021-07-29;13650;45;846818;1813
FR;4;2021-07-30;15066;39;861884;1852
FR;4;2021-07-31;6523;11;868407;1863
FR;4;2021-08-01;755;1;869162;1864
FR;4;2021-08-02;7013;15;876175;1879
FR;4;2021-08-03;9791;21;885966;1900
FR;4;2021-08-04;8617;20;894583;1920
FR;4;2021-08-05;8826;32;903409;1952
FR;4;2021-08-06;9388;18;912797;1970
FR;4;2021-08-07;4373;21;917170;1991
FR;4;2021-08-08;647;8;917817;1999
FR;4;2021-08-09;5296;16;923113;2015
FR;4;2021-08-10;7904;14;931017;2029
FR;4;2021-08-11;7131;18;938148;2047
FR;0;2020-12-27;215;0;215;0
FR;0;2020-12-28;229;0;444;0
FR;0;2020-12-29;172;0;616;0
FR;0;2020-12-30;194;0;810;0
FR;0;2020-12-31;164;0;974;0
FR;0;2021-01-01;176;0;1150;0
FR;0;2021-01-02;151;0;1301;0
FR;0;2021-01-03;180;0;1481;0
FR;0;2021-01-04;1619;0;3100;0
FR;0;2021-01-05;5587;0;8687;0
FR;0;2021-01-06;11474;0;20161;0
FR;0;2021-01-07;28905;0;49066;0
FR;0;2021-01-08;36574;0;85640;0
FR;0;2021-01-09;11025;0;96665;0
FR;0;2021-01-10;5717;0;102382;0
FR;0;2021-01-11;39434;0;141816;0
FR;0;2021-01-12;61387;0;203203;0
FR;0;2021-01-13;64385;0;267588;0
FR;0;2021-01-14;81161;0;348749;0
FR;0;2021-01-15;68222;0;416971;0
FR;0;2021-01-16;19915;77;436886;77
FR;0;2021-01-17;10628;42;447514;119
FR;0;2021-01-18;85069;161;532583;280
FR;0;2021-01-19;129536;125;662119;405
FR;0;2021-01-20;136335;157;798454;562
FR;0;2021-01-21;156742;132;955196;694
FR;0;2021-01-22;119891;160;1075087;854
FR;0;2021-01-23;38078;50;1113165;904
FR;0;2021-01-24;9488;27;1122653;931
FR;0;2021-01-25;77425;1215;1200078;2146
FR;0;2021-01-26;99591;3109;1299669;5255
FR;0;2021-01-27;106400;5593;1406069;10848
FR;0;2021-01-28;123385;14357;1529454;25205
FR;0;2021-01-29;91432;17282;1620886;42487
FR;0;2021-01-30;28841;4223;1649727;46710
FR;0;2021-01-31;4993;1679;1654720;48389
FR;0;2021-02-01;51993;21121;1706713;69510
FR;0;2021-02-02;71328;34558;1778041;104068
FR;0;2021-02-03;71502;36957;1849543;141025
FR;0;2021-02-04;81172;50043;1930715;191068
FR;0;2021-02-05;67549;45330;1998264;236398
FR;0;2021-02-06;21715;10396;2019979;246794
FR;0;2021-02-07;4929;5041;2024908;251835
FR;0;2021-02-08;46213;45971;2071121;297806
FR;0;2021-02-09;65315;72399;2136436;370205
FR;0;2021-02-10;69880;76720;2206316;446925
FR;0;2021-02-11;86274;99138;2292590;546063
FR;0;2021-02-12;78295;74212;2370885;620275
FR;0;2021-02-13;21861;19483;2392746;639758
FR;0;2021-02-14;4700;7191;2397446;646949
FR;0;2021-02-15;37367;76501;2434813;723450
FR;0;2021-02-16;49592;100725;2484405;824175
FR;0;2021-02-17;49691;102987;2534096;927162
FR;0;2021-02-18;68768;118519;2602864;1045681
FR;0;2021-02-19;64329;90744;2667193;1136425
FR;0;2021-02-20;18182;28421;2685375;1164846
FR;0;2021-02-21;2992;6372;2688367;1171218
FR;0;2021-02-22;36822;73138;2725189;1244356
FR;0;2021-02-23;53020;84049;2778209;1328405
FR;0;2021-02-24;58900;81115;2837109;1409520
FR;0;2021-02-25;99558;91374;2936667;1500894
FR;0;2021-02-26;112500;71011;3049167;1571905
FR;0;2021-02-27;51546;21979;3100713;1593884
FR;0;2021-02-28;5835;4413;3106548;1598297
FR;0;2021-03-01;64347;52784;3170895;1651081
FR;0;2021-03-02;100157;66251;3271052;1717332
FR;0;2021-03-03;114858;65546;3385910;1782878
FR;0;2021-03-04;162061;68878;3547971;1851756
FR;0;2021-03-05;199346;63362;3747317;1915118
FR;0;2021-03-06;206754;17814;3954071;1932932
FR;0;2021-03-07;120529;5469;4074600;1938401
FR;0;2021-03-08;105860;50794;4180460;1989195
FR;0;2021-03-09;171049;56777;4351509;2045972
FR;0;2021-03-10;177127;57208;4528636;2103180
FR;0;2021-03-11;241121;63107;4769757;2166287
FR;0;2021-03-12;293079;53518;5062836;2219805
FR;0;2021-03-13;230000;15306;5292836;2235111
FR;0;2021-03-14;62699;3434;5355535;2238545
FR;0;2021-03-15;157100;32639;5512635;2271184
FR;0;2021-03-16;140290;39525;5652925;2310709
FR;0;2021-03-17;149222;38790;5802147;2349499
FR;0;2021-03-18;166325;44627;5968472;2394126
FR;0;2021-03-19;228474;37471;6196946;2431597
FR;0;2021-03-20;165643;11783;6362589;2443380
FR;0;2021-03-21;49224;2626;6411813;2446006
FR;0;2021-03-22;168515;34284;6580328;2480290
FR;0;2021-03-23;248617;42404;6828945;2522694
FR;0;2021-03-24;255200;43848;7084145;2566542
FR;0;2021-03-25;340041;44754;7424186;2611296
FR;0;2021-03-26;357181;41905;7781367;2653201
FR;0;2021-03-27;194260;16649;7975627;2669850
FR;0;2021-03-28;58781;3732;8034408;2673582
FR;0;2021-03-29;201763;54288;8236171;2727870
FR;0;2021-03-30;283761;69686;8519932;2797556
FR;0;2021-03-31;261353;72935;8781285;2870491
FR;0;2021-04-01;312571;87823;9093856;2958314
FR;0;2021-04-02;279662;92142;9373518;3050456
FR;0;2021-04-03;140003;61860;9513521;3112316
FR;0;2021-04-04;45245;18665;9558766;3130981
FR;0;2021-04-05;59453;11005;9618219;3141986
FR;0;2021-04-06;215180;107872;9833399;3249858
FR;0;2021-04-07;258025;115463;10091424;3365321
FR;0;2021-04-08;335225;121433;10426649;3486754
FR;0;2021-04-09;407766;116502;10834415;3603256
FR;0;2021-04-10;211374;82754;11045789;3686010
FR;0;2021-04-11;55346;34596;11101135;3720606
FR;0;2021-04-12;235305;115229;11336440;3835835
FR;0;2021-04-13;307352;144975;11643792;3980810
FR;0;2021-04-14;291819;139422;11935611;4120232
FR;0;2021-04-15;334044;147874;12269655;4268106
FR;0;2021-04-16;337410;145787;12607065;4413893
FR;0;2021-04-17;187570;90262;12794635;4504155
FR;0;2021-04-18;50878;35427;12845513;4539582
FR;0;2021-04-19;203916;138392;13049429;4677974
FR;0;2021-04-20;252188;170733;13301617;4848707
FR;0;2021-04-21;251038;168814;13552655;5017521
FR;0;2021-04-22;285370;188268;13838025;5205789
FR;0;2021-04-23;294262;183286;14132287;5389075
FR;0;2021-04-24;189153;111577;14321440;5500652
FR;0;2021-04-25;68793;38871;14390233;5539523
FR;0;2021-04-26;219260;156115;14609493;5695638
FR;0;2021-04-27;282550;187517;14892043;5883155
FR;0;2021-04-28;297498;183219;15189541;6066374
FR;0;2021-04-29;354828;196144;15544369;6262518
FR;0;2021-04-30;370029;184852;15914398;6447370
FR;0;2021-05-01;164979;52536;16079377;6499906
FR;0;2021-05-02;90665;37831;16170042;6537737
FR;0;2021-05-03;285732;169656;16455774;6707393
FR;0;2021-05-04;312586;224324;16768360;6931717
FR;0;2021-05-05;322930;224544;17091290;7156261
FR;0;2021-05-06;375768;239219;17467058;7395480
FR;0;2021-05-07;369805;257350;17836863;7652830
FR;0;2021-05-08;220392;66922;18057255;7719752
FR;0;2021-05-09;128777;46758;18186032;7766510
FR;0;2021-05-10;308762;229033;18494794;7995543
FR;0;2021-05-11;400597;258196;18895391;8253739
FR;0;2021-05-12;430067;233255;19325458;8486994
FR;0;2021-05-13;335465;56900;19660923;8543894
FR;0;2021-05-14;450394;167548;20111317;8711442
FR;0;2021-05-15;371404;94032;20482721;8805474
FR;0;2021-05-16;201303;20832;20684024;8826306
FR;0;2021-05-17;373066;149185;21057090;8975491
FR;0;2021-05-18;455737;153207;21512827;9128698
FR;0;2021-05-19;463934;145390;21976761;9274088
FR;0;2021-05-20;503378;160411;22480139;9434499
FR;0;2021-05-21;486099;174598;22966238;9609097
FR;0;2021-05-22;345068;79908;23311306;9689005
FR;0;2021-05-23;160605;14446;23471911;9703451
FR;0;2021-05-24;261189;33257;23733100;9736708
FR;0;2021-05-25;396848;189365;24129948;9926073
FR;0;2021-05-26;410212;188223;24540160;10114296
FR;0;2021-05-27;446522;218753;24986682;10333049
FR;0;2021-05-28;426579;259705;25413261;10592754
FR;0;2021-05-29;297350;149460;25710611;10742214
FR;0;2021-05-30;106065;32630;25816676;10774844
FR;0;2021-05-31;355441;203581;26172117;10978425
FR;0;2021-06-01;421745;251715;26593862;11230140
FR;0;2021-06-02;411952;230960;27005814;11461100
FR;0;2021-06-03;457805;258752;27463619;11719852
FR;0;2021-06-04;450985;304937;27914604;12024789
FR;0;2021-06-05;302058;189112;28216662;12213901
FR;0;2021-06-06;131224;49141;28347886;12263042
FR;0;2021-06-07;334138;262516;28682024;12525558
FR;0;2021-06-08;389433;291366;29071457;12816924
FR;0;2021-06-09;379887;276023;29451344;13092947
FR;0;2021-06-10;397542;289480;29848886;13382427
FR;0;2021-06-11;383199;357650;30232085;13740077
FR;0;2021-06-12;280979;211540;30513064;13951617
FR;0;2021-06-13;103661;74101;30616725;14025718
FR;0;2021-06-14;237502;356075;30854227;14381793
FR;0;2021-06-15;303504;386198;31157731;14767991
FR;0;2021-06-16;310016;357878;31467747;15125869
FR;0;2021-06-17;313755;372325;31781502;15498194
FR;0;2021-06-18;317883;442925;32099385;15941119
FR;0;2021-06-19;222789;274059;32322174;16215178
FR;0;2021-06-20;72210;102656;32394384;16317834
FR;0;2021-06-21;192515;402253;32586899;16720087
FR;0;2021-06-22;220135;467515;32807034;17187602
FR;0;2021-06-23;230721;440081;33037755;17627683
FR;0;2021-06-24;238742;409479;33276497;18037162
FR;0;2021-06-25;223914;522511;33500411;18559673
FR;0;2021-06-26;151666;370975;33652077;18930648
FR;0;2021-06-27;54981;156449;33707058;19087097
FR;0;2021-06-28;152268;453427;33859326;19540524
FR;0;2021-06-29;180269;505799;34039595;20046323
FR;0;2021-06-30;200167;481367;34239762;20527690
FR;0;2021-07-01;217747;457939;34457509;20985629
FR;0;2021-07-02;216791;520672;34674300;21506301
FR;0;2021-07-03;139533;369011;34813833;21875312
FR;0;2021-07-04;55642;141400;34869475;22016712
FR;0;2021-07-05;161500;419692;35030975;22436404
FR;0;2021-07-06;190587;475245;35221562;22911649
FR;0;2021-07-07;205502;439723;35427064;23351372
FR;0;2021-07-08;225950;424369;35653014;23775741
FR;0;2021-07-09;221292;510053;35874306;24285794
FR;0;2021-07-10;145723;339870;36020029;24625664
FR;0;2021-07-11;58994;110165;36079023;24735829
FR;0;2021-07-12;163167;478438;36242190;25214267
FR;0;2021-07-13;281694;527984;36523884;25742251
FR;0;2021-07-14;176741;157955;36700625;25900206
FR;0;2021-07-15;339771;502774;37040396;26402980
FR;0;2021-07-16;371810;496483;37412206;26899463
FR;0;2021-07-17;255346;320202;37667552;27219665
FR;0;2021-07-18;108329;115074;37775881;27334739
FR;0;2021-07-19;278878;425657;38054759;27760396
FR;0;2021-07-20;369945;453364;38424704;28213760
FR;0;2021-07-21;389211;408696;38813915;28622456
FR;0;2021-07-22;432752;388793;39246667;29011249
FR;0;2021-07-23;430344;423141;39677011;29434390
FR;0;2021-07-24;281096;270191;39958107;29704581
FR;0;2021-07-25;119082;80262;40077189;29784843
FR;0;2021-07-26;340498;324008;40417687;30108851
FR;0;2021-07-27;454587;320997;40872274;30429848
FR;0;2021-07-28;449521;290532;41321795;30720380
FR;0;2021-07-29;481588;277019;41803383;30997399
FR;0;2021-07-30;451362;302981;42254745;31300380
FR;0;2021-07-31;281078;185102;42535823;31485482
FR;0;2021-08-01;107219;50097;42643042;31535579
FR;0;2021-08-02;318763;234422;42961805;31770001
FR;0;2021-08-03;385294;245469;43347099;32015470
FR;0;2021-08-04;372628;210459;43719727;32225929
FR;0;2021-08-05;355718;228924;44075445;32454853
FR;0;2021-08-06;348844;272180;44424289;32727033
FR;0;2021-08-07;207900;178768;44632189;32905801
FR;0;2021-08-08;70925;63374;44703114;32969175
FR;0;2021-08-09;249309;260278;44952423;33229453
FR;0;2021-08-10;296182;278870;45248605;33508323
FR;0;2021-08-11;269143;261012;45517748;33769335
